6.706075e-02;6.873346e-02;1.765658e-01;9.517568e-02;8.674487e-02;6.245696e-02;1.170362e-01;5.988241e-02;7.678994e-02;8.745684e-02;3.302527e-02;6.907178e-02
1.013385e-01;7.534622e-02;1.183170e-01;8.385083e-02;7.483727e-02;4.981301e-02;1.389944e-01;6.404319e-02;5.620404e-02;7.354292e-02;6.074411e-02;1.029685e-01
1.270502e-01;9.842686e-02;1.057292e-01;6.936770e-02;7.266620e-02;5.766630e-02;1.063347e-01;4.780078e-02;5.657745e-02;7.058822e-02;9.392721e-02;9.386513e-02
9.738100e-02;6.901706e-02;2.475431e-01;6.452927e-02;9.108981e-02;4.860329e-02;2.022500e-01;3.167875e-02;2.924917e-02;4.484594e-02;4.623330e-02;2.757927e-02
8.450198e-02;5.137898e-02;3.266829e-01;7.655193e-02;7.811437e-02;3.769746e-02;1.225818e-01;2.616438e-02;2.979097e-02;3.403016e-02;6.569969e-02;6.680530e-02
7.807788e-02;3.295428e-02;3.487093e-01;1.038103e-01;7.543371e-02;2.960376e-02;6.841217e-02;2.720257e-02;2.455266e-02;3.274596e-02;1.133428e-01;6.515466e-02
6.069905e-02;3.233765e-02;2.893983e-01;1.107780e-01;1.100678e-01;3.422826e-02;6.085644e-02;2.059754e-02;1.640378e-02;3.707534e-02;1.575870e-01;6.997091e-02
2.476655e-02;1.698977e-02;1.828817e-01;9.183925e-02;1.799609e-01;6.685534e-02;7.870735e-02;9.953538e-03;2.198771e-02;2.633978e-02;1.737773e-01;1.259408e-01
1.460967e-02;4.944835e-03;2.137574e-01;7.098629e-02;1.912778e-01;8.930740e-02;1.282706e-01;1.102367e-02;4.434723e-02;4.115579e-02;8.856125e-02;1.017581e-01
2.092217e-02;1.021249e-02;3.217457e-01;6.955483e-02;1.011848e-01;7.187749e-02;1.301988e-01;1.939372e-02;8.893044e-02;8.420295e-02;5.692993e-02;2.484664e-02
2.974375e-02;3.185715e-02;3.320046e-01;5.389306e-02;4.373311e-02;4.681273e-02;7.971814e-02;2.701704e-02;1.412377e-01;1.086604e-01;8.228047e-02;2.304192e-02
6.080804e-02;5.329495e-02;3.215942e-01;3.364168e-02;2.448236e-02;3.470722e-02;4.703696e-02;3.858044e-02;1.672261e-01;1.043441e-01;9.096985e-02;2.331411e-02
9.932876e-02;4.490769e-02;3.517588e-01;1.819461e-02;2.625665e-02;2.654507e-02;4.685811e-02;4.865551e-02;1.016725e-01;7.989394e-02;1.084753e-01;4.745309e-02
8.126315e-02;3.062356e-02;3.935391e-01;2.951692e-02;2.601947e-02;2.598905e-02;8.381925e-02;3.215591e-02;4.925854e-02;3.584636e-02;1.379652e-01;7.400349e-02
6.619217e-02;3.641475e-02;2.952361e-01;3.216380e-02;4.552372e-02;5.569172e-02;8.970984e-02;2.358020e-02;3.313360e-02;6.141357e-02;1.558139e-01;1.051266e-01
2.969838e-02;3.739045e-02;1.329580e-01;2.453669e-02;5.873458e-02;7.453981e-02;1.163907e-01;2.161207e-02;6.369760e-02;1.341263e-01;2.145920e-01;9.172343e-02
3.287133e-02;3.753585e-02;2.127097e-01;2.133737e-02;2.726609e-02;4.033560e-02;9.491405e-02;8.297518e-03;7.378973e-02;1.933185e-01;2.085234e-01;4.910082e-02
8.033314e-02;5.386028e-02;2.115281e-01;3.500568e-02;4.081429e-02;3.827173e-02;7.335389e-02;2.490929e-02;5.171677e-02;1.680969e-01;1.514260e-01;7.068385e-02
1.661941e-01;1.043323e-01;1.185537e-01;3.992325e-02;5.003480e-02;4.435511e-02;6.801393e-02;3.690695e-02;7.915807e-02;9.706523e-02;8.321353e-02;1.122490e-01
1.922237e-01;1.097637e-01;9.944858e-02;4.493476e-02;5.822825e-02;5.583371e-02;8.830122e-02;2.792478e-02;7.156637e-02;7.247777e-02;6.229283e-02;1.170043e-01
1.567749e-01;8.805859e-02;9.996057e-02;6.684998e-02;1.044729e-01;7.214170e-02;9.616148e-02;3.918964e-02;5.419382e-02;5.765545e-02;7.538277e-02;8.915824e-02
6.351329e-02;8.784298e-02;6.520898e-02;1.102453e-01;1.448756e-01;1.029392e-01;9.616251e-02;8.938702e-02;3.966195e-02;4.304255e-02;1.126213e-01;4.449931e-02
3.357608e-02;5.489731e-02;7.868226e-02;1.048092e-01;1.065308e-01;1.001270e-01;1.035161e-01;1.013310e-01;6.053682e-02;7.433642e-02;1.341624e-01;4.749468e-02
5.240677e-02;2.675229e-02;1.384036e-01;7.004327e-02;5.763762e-02;6.030983e-02;1.215298e-01;7.397124e-02;5.978571e-02;1.650374e-01;1.398716e-01;3.425086e-02
4.996681e-02;3.884034e-02;1.837311e-01;3.246513e-02;3.693534e-02;3.710264e-02;1.056683e-01;4.689989e-02;7.009061e-02;2.434298e-01;1.059277e-01;4.894226e-02
3.012161e-02;1.040872e-01;1.429135e-01;1.728001e-02;2.390406e-02;8.535797e-02;5.280447e-02;4.611805e-02;1.524743e-01;1.591859e-01;6.008854e-02;1.256644e-01
1.607708e-02;1.831815e-01;6.057909e-02;4.333393e-02;1.171121e-02;1.136942e-01;2.298488e-02;4.110759e-02;2.920920e-01;4.347731e-02;2.747994e-02;1.442814e-01
3.445562e-02;2.024549e-01;2.908894e-02;5.357439e-02;1.223498e-02;7.574073e-02;2.955806e-02;3.537971e-02;3.260714e-01;6.260715e-02;6.005593e-02;7.877816e-02
6.060307e-02;1.602494e-01;3.181774e-02;4.235856e-02;2.018849e-02;3.103131e-02;6.284149e-02;4.789094e-02;2.422215e-01;1.060179e-01;1.722365e-01;2.254308e-02
9.767762e-02;7.882525e-02;3.082924e-02;2.407509e-02;4.093843e-02;2.460446e-02;8.956759e-02;6.994482e-02;1.195289e-01;1.063299e-01;3.091293e-01;8.549363e-03
1.435609e-01;1.018119e-01;1.630146e-02;1.282193e-02;4.205251e-02;2.592259e-02;9.137196e-02;6.931046e-02;4.898122e-02;7.610051e-02;3.653961e-01;6.368474e-03
1.729935e-01;8.987539e-02;1.696140e-02;1.434119e-02;2.723863e-02;2.644759e-02;9.067588e-02;6.262067e-02;7.444575e-02;8.650047e-02;3.282730e-01;9.626471e-03
1.568540e-01;1.432334e-01;1.690836e-02;3.596725e-02;1.514403e-02;4.569557e-02;5.687200e-02;2.894632e-02;2.210653e-01;7.856598e-02;1.808024e-01;1.994550e-02
1.002839e-01;2.190917e-01;2.377651e-02;4.839708e-02;1.487904e-02;7.535637e-02;2.170064e-02;1.554735e-02;3.506406e-01;4.786523e-02;5.319286e-02;2.926881e-02
4.886883e-02;2.053582e-01;4.538490e-02;3.952025e-02;7.860948e-03;9.304949e-02;2.409141e-02;3.742186e-02;3.796993e-01;3.440078e-02;2.690638e-02;5.743771e-02
6.624357e-02;1.461297e-01;6.510563e-02;3.052894e-02;1.977834e-02;8.730608e-02;3.470028e-02;5.541178e-02;3.702965e-01;3.677265e-02;3.341667e-02;5.430985e-02
1.042907e-01;1.271041e-01;7.286599e-02;3.534719e-02;3.385665e-02;5.604312e-02;5.941579e-02;6.856933e-02;3.127308e-01;5.113069e-02;4.953390e-02;2.911171e-02
1.359256e-01;1.600240e-01;8.264443e-02;5.997608e-02;3.819500e-02;5.564408e-02;6.592511e-02;5.765875e-02;1.597770e-01;5.836784e-02;9.400592e-02;3.185619e-02
1.358091e-01;1.875196e-01;1.021043e-01;4.991687e-02;2.332338e-02;8.033320e-02;3.805003e-02;7.678938e-02;1.616726e-01;3.683000e-02;8.157979e-02;2.607169e-02
1.128067e-01;2.125501e-01;7.471690e-02;4.503867e-02;2.280180e-02;7.855608e-02;4.769576e-02;6.504960e-02;1.812334e-01;5.185096e-02;7.371550e-02;3.398449e-02
1.344834e-01;1.675096e-01;4.754544e-02;4.920279e-02;2.846973e-02;7.163878e-02;4.882266e-02;5.163819e-02;1.851920e-01;7.667375e-02;9.622702e-02;4.259657e-02
1.443629e-01;1.364994e-01;5.202912e-02;2.973440e-02;2.088981e-02;7.074188e-02;7.508188e-02;4.705582e-02;1.951155e-01;8.869430e-02;1.138875e-01;2.590753e-02
1.173455e-01;1.645077e-01;6.378388e-02;3.992031e-02;2.083503e-02;5.708353e-02;1.086133e-01;4.016173e-02;1.811117e-01;8.289982e-02;1.050500e-01;1.868740e-02
1.183407e-01;1.155988e-01;1.453136e-01;4.012664e-02;4.175976e-02;5.082862e-02;1.137295e-01;3.940493e-02;1.425891e-01;6.399769e-02;9.470434e-02;3.360639e-02
1.325299e-01;6.742242e-02;2.845989e-01;4.386788e-02;5.529603e-02;4.936780e-02;8.436961e-02;2.754310e-02;7.644264e-02;7.512145e-02;6.877121e-02;3.466907e-02
1.701936e-01;5.172030e-02;3.729177e-01;4.662742e-02;4.705984e-02;2.532795e-02;5.427178e-02;1.964389e-02;5.505122e-02;1.045198e-01;2.486576e-02;2.780075e-02
1.660099e-01;5.952811e-02;3.893856e-01;4.022485e-02;3.130572e-02;1.301283e-02;4.015704e-02;1.495062e-02;4.671101e-02;1.208357e-01;2.021410e-02;5.766462e-02
1.395009e-01;1.046463e-01;3.355766e-01;3.040746e-02;2.676039e-02;1.752149e-02;2.502806e-02;2.692422e-02;7.075289e-02;1.028996e-01;1.491735e-02;1.050648e-01
1.522362e-01;1.294657e-01;2.677040e-01;2.327189e-02;2.752354e-02;1.597611e-02;2.266459e-02;3.700190e-02;1.017673e-01;6.939900e-02;3.909981e-02;1.138899e-01
1.592936e-01;1.190080e-01;2.753109e-01;2.629903e-02;2.541058e-02;2.141462e-02;3.283007e-02;3.998169e-02;8.804576e-02;6.177295e-02;7.729280e-02;7.334004e-02
9.779244e-02;9.686393e-02;3.156386e-01;4.915388e-02;2.992660e-02;2.313260e-02;5.637364e-02;3.959015e-02;4.688370e-02;7.819526e-02;7.765514e-02;8.879409e-02
1.093108e-01;9.774332e-02;2.845371e-01;6.420894e-02;5.459194e-02;2.709922e-02;6.363240e-02;2.453604e-02;4.425329e-02;8.900506e-02;6.207679e-02;7.900509e-02
1.045024e-01;1.360872e-01;2.368397e-01;3.944975e-02;7.263734e-02;2.952817e-02;5.640589e-02;2.007104e-02;8.276200e-02;9.403059e-02;6.086469e-02;6.682130e-02
9.795114e-02;1.172785e-01;3.398711e-01;3.052988e-02;5.186183e-02;3.501457e-02;4.535685e-02;2.531609e-02;7.781824e-02;9.283399e-02;4.798499e-02;3.818283e-02
1.014067e-01;7.398494e-02;4.052620e-01;3.636789e-02;3.430062e-02;3.318086e-02;3.618957e-02;3.522690e-02;7.264957e-02;8.750480e-02;5.282400e-02;3.110219e-02
7.710610e-02;9.658176e-02;3.631933e-01;5.016492e-02;4.745277e-02;2.413438e-02;4.974006e-02;4.323712e-02;7.747352e-02;7.343897e-02;4.972169e-02;4.775542e-02
4.618153e-02;8.369381e-02;1.413947e-01;7.005364e-02;7.073807e-02;5.352479e-02;1.555656e-01;7.749490e-02;4.375302e-02;1.007331e-01;8.557440e-02;7.129244e-02
3.342571e-02;6.334330e-02;1.174254e-01;8.343086e-02;8.020857e-02;5.339877e-02;1.292737e-01;8.911514e-02;4.787147e-02;8.121662e-02;1.565681e-01;6.472234e-02
3.039062e-02;4.384668e-02;1.359304e-01;8.140611e-02;6.822128e-02;4.091032e-02;1.023106e-01;7.444769e-02;7.136143e-02;1.364277e-01;1.612350e-01;5.351209e-02
2.850083e-02;3.746007e-02;1.359177e-01;6.440035e-02;4.478294e-02;5.680397e-02;7.310294e-02;5.831460e-02;1.177470e-01;2.005705e-01;1.325185e-01;4.988065e-02
2.297626e-02;7.222765e-02;9.841469e-02;4.198722e-02;2.481175e-02;9.846073e-02;4.053010e-02;3.450440e-02;2.446327e-01;1.914772e-01;7.251050e-02;5.746683e-02
4.436401e-02;9.334982e-02;4.828146e-02;2.471218e-02;4.985026e-02;1.058721e-01;3.017171e-02;8.616418e-02;3.225271e-01;1.019136e-01;4.585421e-02;4.693937e-02
8.895943e-02;7.208186e-02;3.882293e-02;1.865544e-02;1.028441e-01;5.986975e-02;4.625650e-02;2.064187e-01;2.261190e-01;5.079970e-02;6.759132e-02;2.158120e-02
1.123184e-01;5.819614e-02;4.820168e-02;3.333591e-02;1.320879e-01;3.466912e-02;8.251020e-02;2.634600e-01;1.034015e-01;3.695983e-02;8.207408e-02;1.278531e-02
9.740575e-02;5.578571e-02;8.279211e-02;7.327974e-02;1.003332e-01;5.778146e-02;1.328114e-01;1.952787e-01;6.326073e-02;3.528253e-02;8.497696e-02;2.101172e-02
6.531247e-02;6.485905e-02;1.401870e-01;9.769151e-02;4.909918e-02;7.330468e-02;1.524122e-01;1.330626e-01;3.907698e-02;6.209844e-02;1.017921e-01;2.110387e-02
5.019708e-02;9.800205e-02;1.339266e-01;9.395235e-02;5.342037e-02;4.851124e-02;9.499165e-02;1.289553e-01;7.190342e-02;8.150186e-02;1.277664e-01;1.687167e-02
1.088157e-01;7.930277e-02;1.027685e-01;9.566166e-02;9.752871e-02;3.157776e-02;7.230003e-02;9.961986e-02;8.263463e-02;6.402004e-02;1.309672e-01;3.480322e-02
1.428670e-01;6.007550e-02;7.505263e-02;7.369635e-02;9.054391e-02;5.093247e-02;9.604699e-02;7.378484e-02;7.853005e-02;6.185413e-02;1.496254e-01;4.699078e-02
1.588987e-01;7.152913e-02;1.149894e-01;5.435059e-02;5.856131e-02;3.975250e-02;1.104402e-01;3.284758e-02;8.204857e-02;6.886660e-02;1.578995e-01;4.981589e-02
1.448855e-01;8.966751e-02;2.056730e-01;3.891397e-02;7.477953e-02;3.725186e-02;7.585414e-02;4.080245e-02;1.162404e-01;6.336342e-02;9.389284e-02;1.867529e-02
1.358787e-01;2.145378e-01;2.570810e-01;3.422773e-02;4.993837e-02;2.102938e-02;5.067590e-02;3.872921e-02;1.160202e-01;1.755987e-02;4.643956e-02;1.788238e-02
1.470672e-01;3.066639e-01;2.387404e-01;3.473775e-02;2.913761e-02;1.186303e-02;2.765501e-02;2.335659e-02;1.167585e-01;2.814422e-02;2.090830e-02;1.496738e-02
2.311212e-01;3.740765e-01;1.419850e-01;2.523355e-02;1.936998e-02;1.269757e-02;1.511381e-02;1.881449e-02;1.075584e-01;2.398551e-02;1.262733e-02;1.741661e-02
2.541946e-01;4.674873e-01;1.053113e-01;1.015442e-02;1.389581e-02;1.055425e-02;8.937506e-03;1.225347e-02;8.079749e-02;1.755538e-02;6.192911e-03;1.266555e-02
1.801202e-01;5.150212e-01;1.518392e-01;8.605535e-03;8.811913e-03;2.211073e-02;8.103687e-03;7.903662e-03;7.383137e-02;1.185404e-02;5.631597e-03;6.166821e-03
1.908509e-01;4.438981e-01;1.752548e-01;9.279659e-03;1.627813e-02;3.848945e-02;6.786794e-03;1.526168e-02;7.481997e-02;1.411413e-02;8.456513e-03;6.509883e-03
3.305874e-01;3.076748e-01;1.108130e-01;7.468185e-03;4.872918e-02;4.249206e-02;6.362217e-03;2.784799e-02;6.265693e-02;2.037722e-02;1.593384e-02;1.905726e-02
4.057502e-01;1.980869e-01;8.741882e-02;1.282978e-02;8.229472e-02;2.912201e-02;2.862349e-02;2.709318e-02;3.107348e-02;2.329121e-02;2.645207e-02;4.796413e-02
3.868481e-01;1.554174e-01;1.071125e-01;2.521725e-02;7.792838e-02;2.972183e-02;4.204351e-02;2.192074e-02;2.313728e-02;2.960796e-02;3.526602e-02;6.577908e-02
3.871086e-01;1.675019e-01;6.217493e-02;5.139500e-02;3.593512e-02;2.197174e-02;5.912191e-02;4.535120e-02;2.200595e-02;3.963546e-02;2.786103e-02;7.993718e-02
2.593835e-01;1.739189e-01;5.978277e-02;1.098230e-01;1.538256e-02;2.070460e-02;9.804590e-02;3.014875e-02;1.965980e-02;4.697780e-02;3.406304e-02;1.321094e-01
1.154615e-01;1.480467e-01;8.026002e-02;1.575631e-01;1.475738e-02;3.427607e-02;1.223610e-01;2.500890e-02;2.104129e-02;3.379138e-02;6.688391e-02;1.805486e-01
1.495754e-01;9.593111e-02;9.638624e-02;1.565454e-01;1.851213e-02;3.999456e-02;8.824772e-02;2.182392e-02;5.465384e-02;2.873495e-02;1.002673e-01;1.493274e-01
6.288546e-02;6.161577e-02;1.683842e-01;1.932354e-01;3.570063e-02;4.710327e-02;5.750532e-02;2.185237e-02;9.961442e-02;4.316414e-02;1.067558e-01;1.021833e-01
1.384504e-01;5.547509e-02;1.445984e-01;1.482373e-01;4.878655e-02;4.730305e-02;6.515417e-02;2.407657e-02;1.267981e-01;3.419413e-02;6.967399e-02;9.725228e-02
1.269297e-01;4.282525e-02;1.014023e-01;6.966037e-02;3.813670e-02;7.804181e-02;9.945934e-02;3.531081e-02;2.149947e-01;3.829937e-02;7.510034e-02;7.983934e-02
5.225060e-02;2.406063e-02;8.677167e-02;1.484582e-02;1.900457e-02;1.094709e-01;9.211215e-02;3.167425e-02;3.692668e-01;5.209561e-02;1.055475e-01;4.289949e-02
1.744522e-02;9.626384e-03;7.214624e-02;9.309337e-03;1.746882e-02;1.090069e-01;6.156411e-02;1.954122e-02;5.004702e-01;4.295432e-02;1.027655e-01;3.770173e-02
2.184654e-02;8.704829e-03;6.233168e-02;1.110423e-02;2.287641e-02;9.445781e-02;6.482723e-02;1.596592e-02;5.441382e-01;3.298981e-02;8.263475e-02;3.812259e-02
1.731147e-02;7.796809e-03;5.168454e-02;9.397549e-03;2.688722e-02;8.440988e-02;8.091459e-02;3.334882e-02;5.461264e-01;2.840609e-02;7.823846e-02;3.547820e-02
2.175192e-02;8.860311e-03;5.102399e-02;1.457280e-02;2.743144e-02;7.964289e-02;9.942282e-02;4.597514e-02;5.131890e-01;3.191532e-02;7.187869e-02;3.433567e-02
2.440857e-02;1.494669e-02;5.178501e-02;2.195750e-02;3.049123e-02;7.222135e-02;1.456880e-01;6.501176e-02;4.274986e-01;3.065092e-02;6.072885e-02;5.461155e-02
3.514020e-02;2.688518e-02;4.845483e-02;4.026433e-02;2.627686e-02;6.585868e-02;1.942467e-01;6.713367e-02;3.054384e-01;3.078661e-02;7.008372e-02;8.943085e-02
6.669489e-02;4.271358e-02;4.509867e-02;6.882204e-02;1.699566e-02;7.540969e-02;2.268605e-01;4.998446e-02;1.635961e-01;4.262837e-02;8.873922e-02;1.124568e-01
8.176038e-02;4.750207e-02;6.981808e-02;6.724761e-02;3.539129e-02;1.028258e-01;2.145539e-01;5.166763e-02;6.873494e-02;7.198422e-02;1.126983e-01;7.581582e-02
5.623423e-02;3.797618e-02;9.923568e-02;3.313529e-02;5.618287e-02;1.092463e-01;1.829993e-01;7.815736e-02;5.748810e-02;8.119375e-02;1.364130e-01;7.173797e-02
3.150350e-02;2.198516e-02;8.796248e-02;2.685989e-02;6.425234e-02;8.863118e-02;1.626089e-01;6.703467e-02;1.210023e-01;7.477886e-02;1.622376e-01;9.114318e-02
2.051081e-02;1.809292e-02;7.629692e-02;3.249123e-02;7.634360e-02;8.308512e-02;1.310823e-01;6.981069e-02;1.682974e-01;7.337759e-02;1.690013e-01;8.161011e-02
4.510239e-02;2.349492e-02;7.552630e-02;3.115175e-02;8.543248e-02;8.616308e-02;1.422269e-01;9.266292e-02;1.497911e-01;5.664618e-02;1.338779e-01;7.792401e-02
1.242282e-01;3.716281e-02;5.506567e-02;8.217783e-02;6.192833e-02;6.971189e-02;1.869833e-01;6.062019e-02;1.054510e-01;5.206364e-02;6.684856e-02;9.775860e-02
1.643047e-01;4.215914e-02;4.989165e-02;1.568795e-01;2.721251e-02;4.568325e-02;2.142798e-01;3.918571e-02;5.035386e-02;7.211242e-02;3.449743e-02;1.034401e-01
1.664520e-01;2.581567e-02;2.340175e-02;2.041756e-01;1.034930e-02;2.348540e-02;2.222845e-01;3.850890e-02;2.057339e-02;1.237460e-01;2.707391e-02;1.141336e-01
1.581434e-01;1.836487e-02;1.583107e-02;2.038075e-01;1.198488e-02;1.694010e-02;2.091388e-01;5.197128e-02;1.394821e-02;1.686690e-01;2.149852e-02;1.097024e-01
1.449582e-01;2.003853e-02;2.019433e-02;1.900659e-01;1.241590e-02;1.510766e-02;2.204815e-01;6.564794e-02;1.068340e-02;1.825704e-01;2.180743e-02;9.602880e-02
1.073355e-01;3.207661e-02;3.295300e-02;1.757977e-01;1.095669e-02;2.289566e-02;2.510423e-01;7.060484e-02;1.990503e-02;1.604862e-01;3.489208e-02;8.105434e-02
7.978277e-02;3.948265e-02;7.382696e-02;1.615685e-01;2.666971e-02;3.174568e-02;2.460127e-01;6.997046e-02;3.063994e-02;1.193234e-01;5.323262e-02;6.774458e-02
1.331544e-01;2.810626e-02;9.325266e-02;1.627924e-01;2.710790e-02;3.128679e-02;1.758279e-01;5.347755e-02;4.528862e-02;9.047418e-02;5.682036e-02;1.024109e-01
1.757552e-01;4.575240e-02;5.820984e-02;1.204657e-01;2.846030e-02;3.984450e-02;9.900426e-02;1.018277e-01;7.881048e-02;1.157012e-01;5.901283e-02;7.715555e-02
1.240145e-01;5.211043e-02;7.085782e-02;7.393341e-02;2.552084e-02;3.334955e-02;1.191899e-01;1.553998e-01;1.109689e-01;1.548997e-01;3.990172e-02;3.985341e-02
9.869877e-02;2.949861e-02;3.385930e-02;7.525682e-02;2.432824e-02;1.914256e-02;1.237127e-01;1.491220e-01;1.214668e-01;2.495756e-01;2.318413e-02;5.215447e-02
7.313091e-02;1.949056e-02;1.640081e-02;9.959444e-02;1.901431e-02;1.283441e-02;1.372546e-01;9.760884e-02;7.706246e-02;3.366613e-01;1.548744e-02;9.545983e-02
4.000352e-02;2.048069e-02;1.828768e-02;1.141055e-01;1.517279e-02;1.642565e-02;1.673227e-01;4.363949e-02;8.254109e-02;3.176624e-01;1.756009e-02;1.467983e-01
1.986852e-02;1.840886e-02;4.255424e-02;7.849197e-02;2.358378e-02;3.467304e-02;1.494256e-01;4.916373e-02;2.343725e-01;1.646880e-01;5.602256e-02;1.287472e-01
2.405924e-02;1.142095e-02;8.167479e-02;2.726126e-02;2.553274e-02;7.902749e-02;6.809749e-02;4.499863e-02;4.097451e-01;5.213581e-02;1.220123e-01;5.403421e-02
4.472867e-02;1.967600e-02;9.558678e-02;9.177103e-03;2.309899e-02;1.033341e-01;3.404496e-02;6.247114e-02;3.885854e-01;5.656033e-02;1.479197e-01;1.481676e-02
6.118495e-02;3.056232e-02;9.135699e-02;1.732168e-02;2.540737e-02;9.395833e-02;5.076114e-02;8.511700e-02;2.851485e-01;7.228608e-02;1.409948e-01;4.590087e-02
5.874060e-02;2.850208e-02;8.585501e-02;3.190440e-02;2.938130e-02;7.181538e-02;6.070260e-02;1.170136e-01;2.307409e-01;9.778268e-02;1.276213e-01;5.994008e-02
3.215970e-02;2.910774e-02;7.123990e-02;4.337874e-02;3.205870e-02;6.965676e-02;1.019228e-01;1.706000e-01;1.553136e-01;1.522855e-01;9.945598e-02;4.282064e-02
3.319803e-02;3.495765e-02;7.753713e-02;3.627806e-02;2.895919e-02;8.566412e-02;9.213777e-02;1.316528e-01;9.941610e-02;1.443616e-01;1.287192e-01;1.071183e-01
3.109969e-02;3.898094e-02;8.840740e-02;3.142855e-02;2.806405e-02;5.448288e-02;7.390865e-02;1.095280e-01;1.420956e-01;1.146974e-01;1.729041e-01;1.144029e-01
3.689817e-02;4.604844e-02;1.272052e-01;3.389918e-02;2.774219e-02;4.061655e-02;4.752548e-02;9.358297e-02;2.535639e-01;1.033453e-01;1.241329e-01;6.543974e-02
3.048706e-02;3.659806e-02;1.272448e-01;4.574281e-02;1.975974e-02;6.030147e-02;5.592002e-02;5.779206e-02;2.723967e-01;1.154397e-01;1.112815e-01;6.703610e-02
1.671533e-02;2.172418e-02;8.518409e-02;4.611291e-02;2.169463e-02;4.633896e-02;5.015902e-02;5.438839e-02;2.622759e-01;1.091715e-01;1.741273e-01;1.121077e-01
3.589419e-02;2.537308e-02;4.418112e-02;6.359810e-02;2.329737e-02;2.693576e-02;5.154410e-02;8.444966e-02;2.894989e-01;8.021624e-02;1.995304e-01;7.548113e-02
3.094358e-02;2.676407e-02;5.763235e-02;6.011757e-02;1.771508e-02;3.801590e-02;5.993052e-02;9.118386e-02;2.449001e-01;9.000278e-02;2.223308e-01;6.046340e-02
1.073624e-01;6.937072e-02;9.021822e-02;4.812043e-02;2.490778e-02;5.224363e-02;1.141949e-01;5.475747e-02;1.525022e-01;7.781465e-02;1.436696e-01;6.483806e-02
1.323004e-01;7.743672e-02;1.537654e-01;6.325499e-02;7.325546e-02;4.651478e-02;1.992552e-01;5.302752e-02;5.661992e-02;5.445116e-02;4.050722e-02;4.961121e-02
9.731739e-02;9.580136e-02;2.118829e-01;7.741250e-02;7.529749e-02;7.065856e-02;1.668888e-01;4.852780e-02;4.019513e-02;5.263180e-02;2.925362e-02;3.413265e-02
6.745278e-02;1.303359e-01;2.704624e-01;7.264160e-02;6.361754e-02;9.297715e-02;1.116280e-01;5.162968e-02;4.223572e-02;4.679471e-02;2.613472e-02;2.408983e-02
8.645904e-02;1.566011e-01;2.431527e-01;6.789079e-02;4.176376e-02;9.271930e-02;5.469817e-02;5.045110e-02;8.727271e-02;7.435159e-02;2.283232e-02;2.180747e-02
1.436389e-01;1.328873e-01;1.286815e-01;7.843214e-02;1.287560e-01;4.317447e-02;4.311076e-02;4.325752e-02;1.003142e-01;1.121090e-01;2.818554e-02;1.745269e-02
2.112312e-01;8.441091e-02;1.262466e-01;3.462677e-02;2.369987e-01;2.594894e-02;2.994294e-02;6.529655e-02;5.679303e-02;8.341251e-02;2.664587e-02;1.844592e-02
2.534410e-01;4.342007e-02;1.117124e-01;1.073183e-02;2.194671e-01;6.458788e-02;2.675739e-02;6.527279e-02;1.112988e-01;4.223795e-02;1.687787e-02;3.419489e-02
3.056512e-01;4.682953e-02;6.401489e-02;1.458693e-02;1.266510e-01;1.008865e-01;2.417374e-02;4.224052e-02;1.735724e-01;4.190288e-02;9.390893e-03;5.009953e-02
3.596104e-01;6.770600e-02;7.226139e-02;1.540949e-02;1.108435e-01;7.259195e-02;1.731397e-02;5.410339e-02;1.353929e-01;3.354006e-02;1.077528e-02;5.045170e-02
3.514256e-01;5.139172e-02;9.181064e-02;1.967878e-02;1.140234e-01;6.993250e-02;1.894126e-02;6.066081e-02;1.264440e-01;3.822226e-02;1.243178e-02;4.503722e-02
2.749198e-01;3.401911e-02;6.340822e-02;6.098073e-02;5.974289e-02;1.326948e-01;2.537560e-02;4.443628e-02;1.342692e-01;1.075329e-01;8.636240e-03;5.398425e-02
2.564992e-01;4.323111e-02;3.230158e-02;1.321130e-01;2.961467e-02;1.206117e-01;4.641828e-02;2.296640e-02;7.221531e-02;1.499211e-01;9.685520e-03;8.442210e-02
2.855800e-01;7.691798e-02;1.340597e-02;1.774889e-01;1.805495e-02;5.470047e-02;7.919165e-02;1.877061e-02;2.478321e-02;1.129643e-01;1.383799e-02;1.243040e-01
3.095601e-01;1.075673e-01;1.164996e-02;1.580887e-01;2.435532e-02;1.910024e-02;1.086031e-01;2.741254e-02;1.283079e-02;5.091945e-02;1.600667e-02;1.539058e-01
2.647455e-01;1.180185e-01;4.382173e-02;9.930357e-02;3.480964e-02;1.591706e-02;1.331859e-01;6.763526e-02;2.706412e-02;3.246818e-02;2.158994e-02;1.414406e-01
1.712533e-01;6.696321e-02;1.369778e-01;5.510590e-02;7.621209e-02;3.958754e-02;1.233719e-01;9.404030e-02;8.352178e-02;2.670565e-02;4.658749e-02;7.967297e-02
1.386935e-01;2.291387e-02;2.165054e-01;2.485045e-02;7.556891e-02;1.066950e-01;7.734646e-02;6.308620e-02;1.129145e-01;5.388187e-02;8.431625e-02;2.322759e-02
1.443895e-01;3.747007e-02;1.841075e-01;3.517721e-02;4.618464e-02;1.567685e-01;7.367913e-02;4.172304e-02;7.710607e-02;7.475783e-02;1.023781e-01;2.625836e-02
9.695239e-02;1.004590e-01;8.581290e-02;5.861191e-02;6.761424e-02;1.216523e-01;7.875386e-02;8.385400e-02;4.718005e-02;9.821502e-02;7.677004e-02;8.412432e-02
5.859360e-02;1.405426e-01;4.654289e-02;6.170251e-02;1.019912e-01;5.968746e-02;6.602966e-02;8.815632e-02;5.189572e-02;1.438288e-01;4.243627e-02;1.385930e-01
5.740855e-02;1.034619e-01;8.359981e-02;6.924717e-02;8.666094e-02;6.197109e-02;8.927497e-02;4.380780e-02;6.175337e-02;1.364151e-01;6.841475e-02;1.379846e-01
5.813292e-02;5.247695e-02;1.269531e-01;9.452222e-02;6.276023e-02;9.264538e-02;1.206336e-01;2.631600e-02;7.028417e-02;9.575751e-02;1.089615e-01;9.055625e-02
6.766296e-02;8.152166e-02;1.204134e-01;7.402918e-02;5.966977e-02;1.038869e-01;9.665260e-02;7.262104e-02;5.166443e-02;7.438307e-02;9.944390e-02;9.805103e-02
4.794560e-02;5.988622e-02;1.005093e-01;5.655820e-02;6.107722e-02;7.553969e-02;8.880822e-02;9.478787e-02;7.202995e-02;9.277046e-02;9.674030e-02;1.533470e-01
2.896372e-02;3.322337e-02;8.843528e-02;5.903116e-02;5.479341e-02;4.195639e-02;1.068934e-01;1.071017e-01;7.777476e-02;1.089408e-01;1.353903e-01;1.574958e-01
2.640121e-02;4.190686e-02;7.720444e-02;5.208679e-02;4.865569e-02;3.581252e-02;1.301003e-01;1.100732e-01;7.213072e-02;1.292861e-01;1.638037e-01;1.125385e-01
4.402521e-02;5.660077e-02;6.966006e-02;3.976854e-02;4.831018e-02;6.092423e-02;1.127069e-01;8.300414e-02;6.930249e-02;1.657048e-01;1.521359e-01;9.785692e-02
5.687623e-02;5.287601e-02;8.106031e-02;4.087429e-02;6.950302e-02;7.734995e-02;8.766188e-02;6.270577e-02;6.493014e-02;1.799826e-01;1.489113e-01;7.726848e-02
6.723139e-02;5.596822e-02;9.453712e-02;4.773470e-02;7.895199e-02;6.619177e-02;8.567272e-02;6.676573e-02;7.793461e-02;1.169948e-01;1.741541e-01;6.786279e-02
8.973814e-02;5.794996e-02;7.135908e-02;3.271833e-02;6.561177e-02;9.252759e-02;8.132346e-02;5.393491e-02;7.838748e-02;7.681361e-02;2.089700e-01;9.066567e-02
8.957554e-02;5.160885e-02;5.722116e-02;3.128744e-02;5.540168e-02;8.529048e-02;9.163830e-02;4.366903e-02;8.498894e-02;1.141540e-01;2.134185e-01;8.174610e-02
8.077043e-02;6.878001e-02;5.897322e-02;3.681632e-02;6.517006e-02;5.871313e-02;9.712901e-02;6.182643e-02;8.227435e-02;1.087156e-01;2.019603e-01;7.887106e-02
8.468413e-02;7.488001e-02;5.520530e-02;2.974442e-02;6.663294e-02;6.137472e-02;1.232274e-01;8.702335e-02;7.824098e-02;9.473334e-02;1.508925e-01;9.336085e-02
9.672130e-02;5.343276e-02;7.866085e-02;1.728367e-02;5.266266e-02;4.442140e-02;1.080017e-01;8.690988e-02;8.485840e-02;1.353191e-01;1.295927e-01;1.121356e-01
7.004630e-02;3.485558e-02;1.282835e-01;2.460682e-02;3.477105e-02;4.183858e-02;1.216309e-01;8.615158e-02;6.853341e-02;1.315200e-01;1.310596e-01;1.267028e-01
6.923342e-02;5.623053e-02;1.543874e-01;2.146124e-02;4.365653e-02;5.740197e-02;1.041779e-01;9.324753e-02;9.495246e-02;7.474372e-02;9.800547e-02;1.325019e-01
8.925790e-02;8.400348e-02;1.238169e-01;2.785150e-02;5.048740e-02;6.199744e-02;1.211939e-01;9.490977e-02;9.295389e-02;4.810343e-02;6.817710e-02;1.372472e-01
8.339737e-02;5.276547e-02;9.956381e-02;5.615140e-02;3.670993e-02;6.145026e-02;8.697860e-02;9.910870e-02;9.589897e-02;9.528940e-02;1.086678e-01;1.240182e-01
5.943612e-02;3.105088e-02;1.104879e-01;6.656732e-02;4.559297e-02;6.932158e-02;9.565273e-02;9.968917e-02;8.030586e-02;9.956107e-02;1.293484e-01;1.129860e-01
4.843935e-02;2.900032e-02;1.235735e-01;5.344145e-02;5.976658e-02;8.387210e-02;1.119892e-01;1.143784e-01;5.773944e-02;5.902188e-02;1.418099e-01;1.169680e-01
5.449262e-02;2.584785e-02;1.177721e-01;4.264357e-02;5.640684e-02;9.904048e-02;1.207903e-01;1.163046e-01;4.644743e-02;6.259301e-02;1.565472e-01;1.011140e-01
