1.545767e-02;9.891683e-02;8.794159e-02;6.558722e-02;1.243682e-01;2.309189e-01;8.819471e-02;9.695534e-02;7.913559e-02;5.132978e-02;4.324589e-02;1.794825e-02
1.306937e-02;6.592510e-02;6.652424e-02;5.914165e-02;1.293419e-01;2.900879e-01;7.246614e-02;7.065887e-02;7.090622e-02;5.642860e-02;7.696704e-02;2.848292e-02
1.858033e-02;4.381574e-02;7.243658e-02;3.359330e-02;8.976355e-02;3.273913e-01;7.399622e-02;6.569678e-02;9.465977e-02;4.326884e-02;1.052452e-01;3.155240e-02
3.164261e-02;5.329456e-02;7.285928e-02;2.016233e-02;4.605151e-02;3.026711e-01;7.985800e-02;7.008080e-02;1.236821e-01;3.604212e-02;1.144217e-01;4.923382e-02
5.281578e-02;1.072924e-01;9.084619e-02;2.419795e-02;2.388545e-02;2.469500e-01;5.827965e-02;5.388343e-02;1.247127e-01;5.428436e-02;9.363028e-02;6.922176e-02
6.059869e-02;1.046874e-01;6.595317e-02;3.380007e-02;4.783118e-02;2.264602e-01;7.692704e-02;9.763924e-02;1.118104e-01;6.114740e-02;6.270002e-02;5.044510e-02
5.070072e-02;9.341863e-02;4.318428e-02;5.143468e-02;4.825084e-02;2.491055e-01;1.061349e-01;1.257643e-01;1.050415e-01;4.060912e-02;4.889058e-02;3.746501e-02
5.114375e-02;9.856845e-02;6.508612e-02;5.646309e-02;5.371756e-02;2.697816e-01;9.904402e-02;9.109814e-02;9.226561e-02;4.564031e-02;4.965744e-02;2.753390e-02
5.606950e-02;7.990314e-02;8.003612e-02;7.328726e-02;7.990721e-02;2.909499e-01;6.013537e-02;6.537680e-02;9.252120e-02;5.686947e-02;4.513288e-02;1.981126e-02
5.259537e-02;1.297838e-01;1.311751e-01;5.971082e-02;5.753805e-02;2.359200e-01;6.898341e-02;9.463861e-02;8.626395e-02;3.601661e-02;2.722795e-02;2.014635e-02
6.445087e-02;1.822996e-01;1.858138e-01;3.671312e-02;5.436594e-02;1.678110e-01;3.479929e-02;1.183320e-01;8.036602e-02;2.432864e-02;2.405308e-02;2.666670e-02
1.191565e-01;2.421447e-01;1.837405e-01;2.387357e-02;5.124568e-02;1.163880e-01;1.065162e-02;1.155811e-01;5.454803e-02;2.298631e-02;2.507968e-02;3.460430e-02
1.430279e-01;2.220576e-01;1.333793e-01;2.996046e-02;4.145713e-02;6.529795e-02;6.139436e-02;1.536058e-01;4.377097e-02;2.872732e-02;3.215450e-02;4.516668e-02
1.138235e-01;1.406463e-01;6.339933e-02;5.046854e-02;2.595299e-02;5.702955e-02;1.577289e-01;1.496009e-01;4.040638e-02;6.480215e-02;3.293774e-02;1.032037e-01
6.251743e-02;7.256746e-02;2.375755e-02;7.210418e-02;1.644786e-02;9.497019e-02;2.256142e-01;1.229655e-01;6.020574e-02;7.031015e-02;3.627435e-02;1.422653e-01
4.433605e-02;5.944096e-02;4.704059e-02;6.835484e-02;2.968926e-02;1.301242e-01;1.947574e-01;9.316503e-02;9.464360e-02;6.270073e-02;6.083760e-02;1.149097e-01
5.103490e-02;6.170968e-02;8.079495e-02;4.436273e-02;4.177542e-02;1.736656e-01;1.265334e-01;9.187169e-02;1.304484e-01;6.405860e-02;6.567905e-02;6.806559e-02
5.057978e-02;8.355528e-02;1.139552e-01;2.346790e-02;2.315175e-02;1.903122e-01;9.619048e-02;7.781051e-02;1.175805e-01;4.994785e-02;9.367316e-02;7.977542e-02
3.604164e-02;1.305762e-01;1.036795e-01;4.240657e-02;3.264244e-02;1.196550e-01;1.127730e-01;9.686784e-02;1.339178e-01;6.134323e-02;8.376166e-02;4.633506e-02
3.922872e-02;9.654857e-02;5.201921e-02;5.807561e-02;2.583831e-02;8.148868e-02;2.302291e-01;1.408039e-01;8.256610e-02;9.921850e-02;4.288325e-02;5.110011e-02
4.090798e-02;7.021292e-02;2.247068e-02;7.118029e-02;1.247300e-02;6.030638e-02;3.092484e-01;1.794458e-01;4.025371e-02;1.269095e-01;1.636192e-02;5.022939e-02
3.387986e-02;5.313111e-02;1.030311e-02;7.229987e-02;9.774570e-03;4.126633e-02;3.789513e-01;1.697881e-01;1.563662e-02;1.109400e-01;1.403894e-02;8.999021e-02
2.164079e-02;5.913972e-02;8.855506e-03;6.438492e-02;5.347078e-03;5.035932e-02;4.644515e-01;9.671517e-02;1.174945e-02;6.029963e-02;1.194809e-02;1.451088e-01
1.578492e-02;7.198989e-02;1.235471e-02;7.513816e-02;7.395505e-03;6.800204e-02;5.227343e-01;2.261288e-02;1.170201e-02;2.052619e-02;1.483541e-02;1.569239e-01
2.456882e-02;6.636748e-02;1.894264e-02;7.511006e-02;1.000757e-02;1.103475e-01;4.871672e-01;4.076233e-02;1.342336e-02;2.272466e-02;1.351702e-02;1.170614e-01
2.885140e-02;6.001248e-02;3.467091e-02;7.069160e-02;1.358377e-02;1.160501e-01;4.474624e-01;7.152606e-02;1.799076e-02;3.573032e-02;1.811324e-02;8.531696e-02
3.930210e-02;9.705769e-02;4.190208e-02;6.569174e-02;1.765118e-02;6.685972e-02;3.975387e-01;7.387258e-02;3.910731e-02;4.311718e-02;3.573426e-02;8.216543e-02
4.799572e-02;1.011965e-01;5.138226e-02;3.896151e-02;2.418017e-02;6.940983e-02;3.640853e-01;8.506700e-02;6.351306e-02;5.507597e-02;3.635016e-02;6.278256e-02
3.809426e-02;8.054814e-02;2.495558e-02;3.823294e-02;1.718926e-02;1.006118e-01;3.654822e-01;1.284258e-01;5.241740e-02;6.293958e-02;1.802184e-02;7.308125e-02
3.412471e-02;1.186278e-01;4.682270e-02;4.118467e-02;1.383631e-02;1.370039e-01;2.585042e-01;1.548428e-01;3.780012e-02;4.622457e-02;8.160758e-03;1.028674e-01
3.849468e-02;1.046038e-01;3.439938e-02;3.057215e-02;1.171120e-02;1.346739e-01;3.160986e-01;1.245911e-01;3.158421e-02;3.185424e-02;2.536479e-02;1.160519e-01
3.337781e-02;1.063128e-01;6.076783e-02;3.182774e-02;2.016005e-02;8.703865e-02;4.028407e-01;4.947557e-02;3.656845e-02;5.095729e-02;2.087365e-02;9.979951e-02
4.187953e-02;1.185463e-01;7.094216e-02;4.033923e-02;3.503073e-02;6.917790e-02;3.571526e-01;1.138235e-01;4.519872e-02;5.581234e-02;1.346602e-02;3.863106e-02
4.541427e-02;1.685353e-01;1.422699e-01;3.834747e-02;3.541443e-02;7.573122e-02;2.169911e-01;1.374341e-01;3.818952e-02;3.889824e-02;2.636239e-02;3.641212e-02
6.424524e-02;1.829442e-01;1.486493e-01;3.866541e-02;2.757306e-02;5.963394e-02;1.763403e-01;1.459675e-01;4.326550e-02;4.091080e-02;3.495030e-02;3.685440e-02
6.537525e-02;1.443994e-01;1.109741e-01;5.178351e-02;3.012262e-02;6.349787e-02;1.697040e-01;1.402268e-01;6.245910e-02;5.494796e-02;4.791225e-02;5.859721e-02
6.619242e-02;9.840836e-02;1.215153e-01;5.675967e-02;4.538495e-02;9.024209e-02;1.605043e-01;1.000488e-01;7.330704e-02;4.880131e-02;5.599907e-02;8.283670e-02
6.239768e-02;1.548516e-01;1.024833e-01;4.981553e-02;1.982873e-02;8.441249e-02;2.242993e-01;7.216914e-02;4.357100e-02;3.736426e-02;3.840030e-02;1.104067e-01
5.085453e-02;1.314248e-01;5.298290e-02;4.973861e-02;1.561179e-02;4.466226e-02;3.382532e-01;5.637490e-02;3.218582e-02;4.889706e-02;1.738795e-02;1.616261e-01
3.260159e-02;9.048132e-02;2.743978e-02;3.375910e-02;2.398228e-02;7.454326e-02;4.166116e-01;5.425660e-02;4.151203e-02;3.068058e-02;2.388212e-02;1.502498e-01
2.849440e-02;6.535646e-02;5.072664e-02;1.510063e-02;2.447737e-02;1.659898e-01;3.904742e-01;4.869104e-02;5.642049e-02;2.157750e-02;5.608566e-02;7.660580e-02
4.116788e-02;3.906022e-02;6.047295e-02;1.043629e-02;3.110030e-02;2.905557e-01;2.792431e-01;4.863232e-02;6.214050e-02;1.899720e-02;8.787438e-02;3.031917e-02
5.527122e-02;2.456800e-02;6.082641e-02;1.065016e-02;5.155168e-02;3.963389e-01;1.615523e-01;2.704874e-02;6.187190e-02;2.398088e-02;1.106494e-01;1.569039e-02
8.672468e-02;3.197649e-02;7.393176e-02;1.293679e-02;6.087658e-02;3.974797e-01;4.180861e-02;2.991067e-02;6.509044e-02;3.246062e-02;1.370743e-01;2.972929e-02
1.227082e-01;5.525113e-02;7.489785e-02;1.211838e-02;3.511393e-02;2.685071e-01;9.574823e-02;3.239958e-02;6.714045e-02;3.446381e-02;1.587763e-01;4.287513e-02
1.401539e-01;5.351715e-02;4.988164e-02;2.395134e-02;3.402446e-02;2.146180e-01;1.447147e-01;3.465834e-02;7.380275e-02;4.530318e-02;1.433798e-01;4.199478e-02
9.204917e-02;5.742889e-02;5.118946e-02;2.192110e-02;3.762028e-02;3.294978e-01;1.388127e-01;4.045418e-02;6.908196e-02;3.733593e-02;1.063473e-01;1.826113e-02
6.996138e-02;5.602750e-02;3.322018e-02;2.088236e-02;2.402263e-02;3.941275e-01;1.628105e-01;3.762557e-02;6.524552e-02;2.800187e-02;8.050484e-02;2.757017e-02
5.320641e-02;5.349797e-02;3.194860e-02;2.385125e-02;1.856403e-02;4.276186e-01;1.771938e-01;4.714292e-02;6.147014e-02;2.243237e-02;4.729561e-02;3.577831e-02
5.721747e-02;7.413184e-02;3.550234e-02;3.208992e-02;2.823195e-02;4.392058e-01;8.717409e-02;8.696699e-02;6.012880e-02;2.189243e-02;3.384728e-02;4.361111e-02
5.280127e-02;5.877672e-02;4.018773e-02;3.186979e-02;1.975688e-02;2.541486e-01;2.646936e-01;9.246168e-02;6.642789e-02;2.814694e-02;5.220742e-02;3.852139e-02
4.790086e-02;8.742624e-02;6.025420e-02;2.470515e-02;2.619344e-02;1.448281e-01;3.155307e-01;5.718508e-02;6.963456e-02;3.000043e-02;7.931165e-02;5.702958e-02
3.544856e-02;8.736329e-02;5.981946e-02;2.202423e-02;3.991225e-02;2.993729e-01;2.077082e-01;5.226959e-02;6.501427e-02;2.211876e-02;7.259253e-02;3.635595e-02
2.904082e-02;7.472079e-02;3.996980e-02;1.181271e-02;4.352464e-02;3.944968e-01;1.508042e-01;7.483856e-02;6.668586e-02;2.635323e-02;6.139794e-02;2.635465e-02
2.312518e-02;5.137123e-02;2.137503e-02;1.176964e-02;4.046740e-02;3.955221e-01;2.497392e-01;5.430255e-02;5.479281e-02;2.172658e-02;4.622149e-02;2.958681e-02
2.529041e-02;5.334765e-02;3.592899e-02;1.404216e-02;5.031269e-02;3.044890e-01;2.764518e-01;5.896771e-02;7.090320e-02;2.458329e-02;4.416798e-02;4.151518e-02
5.198351e-02;1.439280e-01;1.169521e-01;1.628852e-02;5.750211e-02;1.341689e-01;2.004820e-01;9.587856e-02;7.035659e-02;2.357011e-02;4.365241e-02;4.523715e-02
8.474581e-02;2.476617e-01;1.948412e-01;2.137701e-02;3.830520e-02;1.228631e-01;9.450611e-02;7.877871e-02;4.328003e-02;1.706217e-02;3.940085e-02;1.717804e-02
7.266027e-02;3.558764e-01;2.233566e-01;3.938455e-02;2.641367e-02;5.811292e-02;7.140912e-02;5.125566e-02;3.269987e-02;3.680660e-02;2.488226e-02;7.142105e-03
4.870757e-02;4.041119e-01;2.090805e-01;7.144548e-02;1.915383e-02;4.032446e-02;6.393079e-02;2.939760e-02;4.944423e-02;4.427001e-02;1.484300e-02;5.290559e-03
3.595838e-02;3.807260e-01;1.564356e-01;1.442140e-01;1.481244e-02;5.271262e-02;4.605506e-02;2.874071e-02;9.781900e-02;3.082914e-02;7.159582e-03;4.537450e-03
2.895514e-02;3.412924e-01;9.186906e-02;2.344418e-01;1.304331e-02;4.819153e-02;3.270845e-02;2.952557e-02;1.539551e-01;1.300723e-02;6.666549e-03;6.343861e-03
2.479077e-02;2.893470e-01;8.944933e-02;2.903999e-01;5.839594e-03;5.007940e-02;1.055008e-02;1.783309e-02;2.001123e-01;1.294201e-02;2.451276e-03;6.205278e-03
1.657407e-02;2.610911e-01;1.104549e-01;2.717954e-01;3.933195e-03;6.253114e-02;4.856712e-03;1.814568e-02;2.127459e-01;2.501568e-02;3.763039e-03;9.093144e-03
1.107349e-02;2.616102e-01;1.527001e-01;1.858715e-01;6.849456e-03;8.861800e-02;1.289051e-02;2.642056e-02;1.935627e-01;3.725966e-02;7.769461e-03;1.537442e-02
1.161335e-02;2.908512e-01;1.985804e-01;7.092899e-02;1.106903e-02;8.407690e-02;1.483124e-02;4.352064e-02;1.688840e-01;7.389437e-02;1.118525e-02;2.056465e-02
2.327225e-02;3.250430e-01;2.187337e-01;2.021500e-02;8.198908e-03;5.841875e-02;9.056706e-03;4.810790e-02;1.407679e-01;1.085010e-01;1.373347e-02;2.595143e-02
3.352821e-02;2.946904e-01;1.933906e-01;3.928318e-02;1.248593e-02;7.625797e-02;2.601504e-02;5.916097e-02;1.250032e-01;1.001546e-01;1.217084e-02;2.785895e-02
3.332826e-02;2.799195e-01;1.561678e-01;4.662947e-02;2.734632e-02;9.405426e-02;5.258270e-02;8.572661e-02;1.094038e-01;6.762299e-02;1.897190e-02;2.824636e-02
2.597242e-02;2.944682e-01;1.943809e-01;7.251215e-02;5.448439e-02;7.866012e-02;4.725460e-02;4.395780e-02;9.696437e-02;3.380068e-02;1.762385e-02;3.992059e-02
2.716588e-02;2.657194e-01;2.057334e-01;8.759180e-02;4.871484e-02;4.913999e-02;3.086228e-02;2.678021e-02;1.336693e-01;7.510336e-02;1.623944e-02;3.328016e-02
2.286582e-02;2.800369e-01;1.543030e-01;8.835080e-02;3.459476e-02;4.556182e-02;2.493580e-02;4.492297e-02;1.844686e-01;7.866934e-02;1.626463e-02;2.502565e-02
2.425620e-02;2.888222e-01;1.285039e-01;8.189481e-02;2.242942e-02;3.656495e-02;2.825880e-02;8.989640e-02;2.187175e-01;3.546944e-02;3.308462e-02;1.210173e-02
6.106190e-02;2.307105e-01;1.068480e-01;6.359964e-02;2.386152e-02;2.838319e-02;4.118212e-02;1.307324e-01;1.870077e-01;4.971047e-02;5.575958e-02;2.114297e-02
1.168667e-01;1.793922e-01;8.965062e-02;4.990084e-02;4.038992e-02;3.034944e-02;6.379598e-02;1.407414e-01;9.955123e-02;6.150354e-02;8.106925e-02;4.678879e-02
1.345605e-01;1.374256e-01;1.192506e-01;4.403520e-02;4.701407e-02;5.453297e-02;6.042640e-02;1.182693e-01;7.746225e-02;6.091933e-02;8.049003e-02;6.561383e-02
7.052229e-02;2.336409e-01;1.845927e-01;5.689036e-02;2.581042e-02;3.380937e-02;4.506005e-02;9.037683e-02;1.419942e-01;3.454993e-02;3.384617e-02;4.890678e-02
3.830232e-02;2.978548e-01;1.641729e-01;7.594609e-02;1.506305e-02;5.411915e-02;5.094443e-02;6.206477e-02;1.294563e-01;2.763400e-02;3.808529e-02;4.635684e-02
4.927047e-02;3.452775e-01;1.205463e-01;9.560879e-02;1.547379e-02;6.240448e-02;4.816496e-02;4.182197e-02;1.251109e-01;3.411197e-02;2.381126e-02;3.839751e-02
3.401712e-02;3.238293e-01;1.567036e-01;8.516783e-02;1.882223e-02;6.880333e-02;5.422348e-02;4.458942e-02;1.296397e-01;4.641158e-02;1.712240e-02;2.067011e-02
3.468914e-02;2.713250e-01;1.998950e-01;5.117939e-02;1.983287e-02;7.169980e-02;4.330228e-02;4.241980e-02;1.161729e-01;6.545079e-02;5.220080e-02;3.183219e-02
4.549633e-02;2.109637e-01;1.707356e-01;3.997167e-02;3.020909e-02;1.002629e-01;5.539077e-02;5.466137e-02;9.368508e-02;6.148334e-02;8.321544e-02;5.392464e-02
5.074716e-02;1.559340e-01;1.384781e-01;5.984000e-02;4.390634e-02;1.159132e-01;5.505916e-02;7.046870e-02;8.239049e-02;1.052385e-01;7.973823e-02;4.228614e-02
6.213413e-02;2.127453e-01;1.503149e-01;5.066404e-02;5.148252e-02;7.832103e-02;4.938511e-02;1.068999e-01;4.977746e-02;8.571468e-02;7.484643e-02;2.771447e-02
1.241146e-01;2.071007e-01;1.316894e-01;2.347712e-02;6.284013e-02;2.691431e-02;3.472305e-02;1.850819e-01;5.059827e-02;5.867153e-02;6.020801e-02;3.458091e-02
1.401166e-01;1.459246e-01;9.896147e-02;2.044706e-02;5.357160e-02;3.091719e-02;8.867159e-02;2.235829e-01;4.426975e-02;5.323971e-02;3.187834e-02;6.841913e-02
1.022948e-01;9.130611e-02;7.257382e-02;4.155627e-02;3.694922e-02;6.008521e-02;1.930063e-01;1.779779e-01;1.837552e-02;6.511015e-02;3.498941e-02;1.057753e-01
7.332749e-02;6.894736e-02;6.660921e-02;5.477516e-02;3.127991e-02;8.043487e-02;2.751706e-01;1.129401e-01;2.496886e-02;5.443421e-02;4.012233e-02;1.169899e-01
4.989552e-02;8.612797e-02;9.732911e-02;4.084178e-02;2.625699e-02;1.181168e-01;3.306379e-01;6.239384e-02;2.974105e-02;2.117944e-02;6.154865e-02;7.593097e-02
2.826815e-02;6.282540e-02;1.206479e-01;2.563198e-02;1.747344e-02;1.865684e-01;3.193169e-01;2.544351e-02;4.034093e-02;1.637051e-02;1.265903e-01;3.052260e-02
2.368070e-02;4.042218e-02;1.052110e-01;4.584935e-02;2.423535e-02;2.400430e-01;1.781757e-01;3.327506e-02;2.900701e-02;3.842640e-02;2.051275e-01;3.654666e-02
2.679580e-02;4.112578e-02;9.266604e-02;4.162627e-02;3.403638e-02;2.922962e-01;5.978865e-02;2.251201e-02;5.673999e-02;5.196159e-02;2.382197e-01;4.223163e-02
3.461706e-02;4.331496e-02;1.123500e-01;3.136771e-02;4.005563e-02;2.777118e-01;5.203246e-02;2.758302e-02;9.396219e-02;3.728347e-02;1.957926e-01;5.392909e-02
4.582301e-02;1.093509e-01;1.481626e-01;3.585497e-02;5.220114e-02;1.858544e-01;5.528405e-02;4.008438e-02;1.100583e-01;3.532708e-02;1.216019e-01;6.039727e-02
5.007976e-02;1.705066e-01;1.550610e-01;4.699639e-02;4.873947e-02;1.249566e-01;5.719654e-02;7.356203e-02;9.655721e-02;4.948934e-02;4.254422e-02;8.431081e-02
4.165675e-02;1.355151e-01;1.271919e-01;3.729024e-02;2.223040e-02;2.050323e-01;1.221777e-01;8.217242e-02;6.392383e-02;2.881601e-02;6.156296e-02;7.243034e-02
3.104782e-02;8.611420e-02;1.291204e-01;3.627049e-02;2.885258e-02;2.832527e-01;1.450705e-01;8.109339e-02;5.040002e-02;1.537231e-02;9.444614e-02;1.895940e-02
2.897516e-02;1.241878e-01;1.390071e-01;3.683856e-02;2.957397e-02;2.927785e-01;7.506937e-02;7.680560e-02;4.184407e-02;3.766791e-02;7.794613e-02;3.930578e-02
3.790397e-02;1.597590e-01;1.172441e-01;4.284455e-02;3.001648e-02;2.377811e-01;9.636521e-02;5.629455e-02;4.979752e-02;4.287827e-02;8.679889e-02;4.231637e-02
4.623624e-02;1.750563e-01;4.968606e-02;4.317949e-02;2.105812e-02;1.389698e-01;1.223350e-01;5.170123e-02;8.656984e-02;5.148910e-02;1.352701e-01;7.844871e-02
4.796863e-02;2.112833e-01;1.026059e-01;4.194574e-02;2.354587e-02;8.605371e-02;8.329467e-02;4.837066e-02;9.776182e-02;4.505577e-02;1.498256e-01;6.228839e-02
3.089464e-02;2.369881e-01;1.578897e-01;3.517619e-02;2.266074e-02;1.985220e-01;5.726782e-02;6.079845e-02;6.626917e-02;2.321641e-02;8.483142e-02;2.548525e-02
3.381243e-02;2.309962e-01;1.137054e-01;3.228160e-02;4.130617e-02;2.609814e-01;6.823482e-02;6.849946e-02;4.989501e-02;4.013724e-02;3.033473e-02;2.981544e-02
3.708534e-02;2.169921e-01;9.885450e-02;3.899976e-02;3.092181e-02;2.716338e-01;8.885549e-02;6.125766e-02;4.764158e-02;3.512294e-02;3.015811e-02;4.247688e-02
2.637730e-02;1.933061e-01;9.869251e-02;4.191712e-02;3.750398e-02;2.082397e-01;1.410577e-01;5.922588e-02;4.895914e-02;3.988046e-02;2.966353e-02;7.517660e-02
6.024047e-02;1.790327e-01;9.704931e-02;4.825069e-02;5.406644e-02;1.165559e-01;1.516092e-01;6.948908e-02;6.248820e-02;2.669920e-02;4.081658e-02;9.370221e-02
7.812750e-02;1.612053e-01;1.007071e-01;4.331901e-02;3.565126e-02;1.653550e-01;8.401831e-02;7.220998e-02;6.866273e-02;4.999911e-02;4.878024e-02;9.196451e-02
6.984694e-02;1.925945e-01;7.496991e-02;3.693579e-02;4.229257e-02;1.701458e-01;4.949836e-02;7.967029e-02;6.594496e-02;7.578462e-02;8.613399e-02;5.618232e-02
2.132132e-02;2.551451e-01;2.060134e-01;6.053434e-02;2.281275e-02;1.009689e-01;4.891706e-02;5.517951e-02;5.429867e-02;7.681071e-02;6.751925e-02;3.047895e-02
2.196408e-02;2.894388e-01;3.202109e-01;4.961645e-02;9.686340e-03;6.599829e-02;2.281891e-02;2.399718e-02;7.138146e-02;8.259559e-02;2.751315e-02;1.477890e-02
1.825642e-02;3.479414e-01;3.063472e-01;3.916755e-02;1.402445e-02;4.596870e-02;1.483979e-02;1.861058e-02;9.568836e-02;7.865181e-02;1.350205e-02;7.001786e-03
2.368242e-02;4.078127e-01;2.177625e-01;2.284750e-02;1.380916e-02;4.131947e-02;2.174397e-02;4.775091e-02;1.257241e-01;6.281156e-02;8.122902e-03;6.612830e-03
3.534244e-02;4.178330e-01;1.319595e-01;1.166354e-02;2.397612e-02;7.455569e-02;3.894394e-02;8.883245e-02;1.278217e-01;2.671520e-02;1.396934e-02;8.387052e-03
4.649736e-02;3.258044e-01;7.807884e-02;4.527919e-03;3.906018e-02;1.475188e-01;8.398539e-02;1.113873e-01;1.286817e-01;9.783267e-03;1.674873e-02;7.926160e-03
3.958765e-02;2.168196e-01;5.535099e-02;3.489671e-03;3.463950e-02;1.512775e-01;1.295088e-01;1.444427e-01;1.738935e-01;2.679593e-02;1.132638e-02;1.286783e-02
5.192909e-02;2.201152e-01;5.435643e-02;1.224512e-02;1.881355e-02;7.938743e-02;1.197063e-01;1.397422e-01;2.104930e-01;4.736587e-02;2.124637e-02;2.459952e-02
5.599293e-02;2.902771e-01;8.403403e-02;9.916696e-03;6.725661e-03;2.379117e-02;1.140878e-01;9.807896e-02;1.798299e-01;6.727457e-02;1.954094e-02;5.045024e-02
6.864495e-02;3.357917e-01;7.850778e-02;1.829051e-02;1.687821e-02;2.357398e-02;1.385577e-01;8.435486e-02;1.104020e-01;5.244612e-02;2.765893e-02;4.489321e-02
7.459791e-02;3.404655e-01;9.026749e-02;2.973364e-02;3.980445e-02;3.199706e-02;1.445712e-01;9.613110e-02;5.618494e-02;3.500956e-02;4.223900e-02;1.899813e-02
1.004005e-01;2.862331e-01;8.786542e-02;2.643615e-02;9.241263e-02;3.056730e-02;1.350410e-01;1.160668e-01;4.134949e-02;2.121946e-02;4.935585e-02;1.305229e-02
1.351376e-01;2.080941e-01;1.135646e-01;1.869355e-02;1.502995e-01;3.150742e-02;7.776742e-02;1.282806e-01;4.520070e-02;2.879082e-02;4.133999e-02;2.132371e-02
1.498154e-01;2.012642e-01;1.557160e-01;2.915218e-02;1.554533e-01;3.682544e-02;5.261654e-02;1.045486e-01;3.394216e-02;2.948767e-02;2.624577e-02;2.493283e-02
1.207753e-01;2.343540e-01;1.753046e-01;5.596436e-02;9.917634e-02;2.983422e-02;6.232801e-02;6.377630e-02;5.688692e-02;3.195109e-02;3.642670e-02;3.322212e-02
8.715025e-02;2.496575e-01;1.775971e-01;5.646750e-02;4.725587e-02;4.153325e-02;7.632031e-02;5.703440e-02;9.225886e-02;4.549943e-02;3.194327e-02;3.728220e-02
8.594275e-02;1.924825e-01;1.832239e-01;3.104255e-02;3.140328e-02;7.739699e-02;9.292080e-02;7.423571e-02;9.114404e-02;5.853498e-02;2.913322e-02;5.253936e-02
7.411615e-02;2.121362e-01;1.587729e-01;1.975724e-02;4.210122e-02;6.831660e-02;1.092222e-01;7.602242e-02;7.209325e-02;7.484981e-02;3.763908e-02;5.497295e-02
5.972606e-02;2.765722e-01;1.680152e-01;2.833440e-02;3.753761e-02;8.656239e-02;8.011691e-02;4.375605e-02;8.826081e-02;6.760734e-02;3.707404e-02;2.643702e-02
6.051275e-02;3.571535e-01;1.541612e-01;2.952681e-02;3.171010e-02;8.458284e-02;4.527852e-02;5.885824e-02;7.555042e-02;4.362390e-02;3.667341e-02;2.236832e-02
6.443240e-02;2.820857e-01;1.790968e-01;3.447687e-02;3.131094e-02;7.368129e-02;3.433505e-02;1.247071e-01;8.065480e-02;3.181957e-02;3.630385e-02;2.709559e-02
5.577764e-02;2.058460e-01;1.655104e-01;2.448170e-02;3.822497e-02;1.091588e-01;4.795079e-02;1.571498e-01;6.731246e-02;5.359724e-02;3.159839e-02;4.339179e-02
5.185432e-02;1.827050e-01;1.246503e-01;3.425043e-02;4.880396e-02;1.206433e-01;5.258079e-02;1.717716e-01;5.981031e-02;6.966679e-02;2.928834e-02;5.397474e-02
6.622324e-02;1.906388e-01;1.231903e-01;3.346850e-02;4.081198e-02;9.797373e-02;6.671774e-02;1.353983e-01;6.867885e-02;9.701857e-02;3.862694e-02;4.125297e-02
6.486282e-02;1.743668e-01;1.029975e-01;2.602056e-02;2.807961e-02;1.090879e-01;1.064798e-01;1.157807e-01;6.608488e-02;1.056836e-01;4.628548e-02;5.427020e-02
4.584783e-02;1.916216e-01;1.313703e-01;2.513141e-02;2.673178e-02;1.280597e-01;9.001675e-02;1.239987e-01;6.688761e-02;8.015350e-02;4.246701e-02;4.771382e-02
5.896900e-02;2.528985e-01;1.368383e-01;1.899529e-02;3.373966e-02;1.316025e-01;7.348964e-02;1.054456e-01;6.429646e-02;5.330702e-02;3.340388e-02;3.701407e-02
8.524628e-02;3.295908e-01;1.458517e-01;2.287785e-02;3.103106e-02;8.199623e-02;5.978349e-02;9.117423e-02;6.281597e-02;3.359175e-02;2.297199e-02;3.306870e-02
6.941633e-02;3.148080e-01;1.674061e-01;2.264539e-02;2.030534e-02;1.168386e-01;6.304985e-02;7.122254e-02;6.547064e-02;3.590955e-02;2.655396e-02;2.637359e-02
5.469907e-02;2.927678e-01;1.854914e-01;2.210341e-02;2.799837e-02;1.019912e-01;5.854021e-02;6.020274e-02;5.672125e-02;4.624315e-02;4.609346e-02;4.714793e-02
4.493698e-02;2.181699e-01;1.437775e-01;1.830040e-02;2.370204e-02;1.396530e-01;1.044690e-01;6.938030e-02;6.157533e-02;4.780403e-02;7.776055e-02;5.047095e-02
3.180575e-02;1.702077e-01;1.504936e-01;1.819997e-02;2.175811e-02;1.866222e-01;1.222984e-01;4.771753e-02;4.851826e-02;3.104760e-02;1.256192e-01;4.571169e-02
2.031532e-02;1.732911e-01;1.427635e-01;1.020690e-02;2.626691e-02;2.336158e-01;9.357312e-02;2.662801e-02;4.314735e-02;3.767084e-02;1.546449e-01;3.787628e-02
3.969044e-02;2.023437e-01;1.305620e-01;1.603584e-02;5.128851e-02;2.549309e-01;3.471519e-02;2.809290e-02;4.187919e-02;4.184190e-02;1.266067e-01;3.201260e-02
6.113988e-02;2.037003e-01;9.336548e-02;1.734621e-02;5.894411e-02;2.563311e-01;5.181649e-02;4.039207e-02;5.910014e-02;4.457192e-02;8.925051e-02;2.404179e-02
5.600873e-02;2.169686e-01;8.997279e-02;1.532373e-02;4.865576e-02;2.325202e-01;7.559014e-02;5.393349e-02;6.685659e-02;5.626430e-02;6.891181e-02;1.899380e-02
3.328310e-02;1.841810e-01;8.701129e-02;1.808891e-02;7.117196e-02;2.366757e-01;8.429341e-02;5.112163e-02;7.975066e-02;8.605477e-02;5.341460e-02;1.495299e-02
2.339699e-02;1.499283e-01;7.829868e-02;1.452004e-02;9.096226e-02;2.587824e-01;6.610440e-02;6.472266e-02;9.875643e-02;1.107803e-01;2.488044e-02;1.886705e-02
1.564524e-02;1.103402e-01;7.801063e-02;1.355727e-02;8.917890e-02;1.965483e-01;4.606969e-02;7.314908e-02;1.350605e-01;1.702735e-01;5.323329e-02;1.893333e-02
2.689967e-02;1.074454e-01;6.934764e-02;3.530819e-02;9.873605e-02;1.411850e-01;2.807320e-02;6.947830e-02;1.538475e-01;1.951789e-01;5.018828e-02;2.431191e-02
5.220699e-02;1.551854e-01;9.759245e-02;5.320653e-02;7.142033e-02;1.220813e-01;2.808340e-02;8.263808e-02;1.559680e-01;1.215867e-01;3.231268e-02;2.771821e-02
6.744836e-02;2.026591e-01;1.079951e-01;6.451308e-02;3.101166e-02;1.071215e-01;2.845617e-02;1.083975e-01;1.776764e-01;6.358537e-02;2.429504e-02;1.684075e-02
6.197711e-02;2.192880e-01;1.242928e-01;4.966645e-02;2.400623e-02;1.269292e-01;2.320392e-02;1.287671e-01;1.570434e-01;2.953766e-02;2.111786e-02;3.417034e-02
4.680220e-02;1.825128e-01;1.096059e-01;6.713469e-02;2.711326e-02;1.681731e-01;2.743008e-02;1.492040e-01;1.304074e-01;1.929081e-02;2.301658e-02;4.930927e-02
5.317873e-02;8.375506e-02;9.254003e-02;1.590272e-01;1.113884e-01;1.335509e-01;4.260258e-02;1.251906e-01;1.079405e-01;2.632892e-02;2.784298e-02;3.665413e-02
5.386954e-02;8.595090e-02;1.065248e-01;1.806102e-01;1.901179e-01;4.960709e-02;5.894785e-02;8.156510e-02;1.147411e-01;3.935660e-02;1.956141e-02;1.914759e-02
4.331153e-02;1.060544e-01;5.553167e-02;1.529949e-01;2.311932e-01;8.225860e-02;5.387018e-02;7.701960e-02;1.187781e-01;5.221065e-02;1.051999e-02;1.625720e-02
3.628873e-02;5.502756e-02;6.401939e-02;1.361366e-01;2.454987e-01;8.461887e-02;3.075171e-02;1.234296e-01;1.354753e-01;6.027033e-02;1.592001e-02;1.256318e-02
3.393948e-02;1.262134e-01;6.688266e-02;1.135576e-01;1.964972e-01;7.137454e-02;1.731876e-02;1.405642e-01;1.402318e-01;5.307521e-02;2.560502e-02;1.474012e-02
5.021752e-02;2.105835e-01;1.054073e-01;7.640642e-02;9.597960e-02;7.212128e-02;3.950580e-02;1.105023e-01;1.572765e-01;3.791350e-02;2.579326e-02;1.829312e-02
4.509579e-02;2.250844e-01;9.525765e-02;4.152455e-02;5.855143e-02;9.513460e-02;4.856769e-02;9.241550e-02;1.863872e-01;5.923505e-02;2.730141e-02;2.544473e-02
4.448095e-02;2.247543e-01;8.993378e-02;3.137884e-02;8.516934e-02;1.622710e-01;5.040009e-02;7.482933e-02;1.455824e-01;3.678993e-02;3.195825e-02;2.245187e-02
5.957300e-02;2.555391e-01;1.022026e-01;3.165006e-02;6.487563e-02;1.737823e-01;4.020011e-02;7.453828e-02;1.210823e-01;1.774485e-02;3.971751e-02;1.909420e-02
6.323081e-02;2.190842e-01;1.131986e-01;4.288771e-02;7.270407e-02;1.279264e-01;6.376605e-02;9.304705e-02;1.279404e-01;3.455390e-02;3.201404e-02;9.646662e-03
5.791298e-02;1.565609e-01;1.236078e-01;5.956702e-02;8.238066e-02;1.193652e-01;6.542194e-02;1.073831e-01;1.200301e-01;4.677472e-02;4.862095e-02;1.237465e-02
5.463970e-02;1.673551e-01;1.313844e-01;6.190630e-02;6.158629e-02;1.407403e-01;5.832282e-02;8.446052e-02;1.025095e-01;5.732716e-02;5.585836e-02;2.390940e-02
5.951912e-02;1.735998e-01;1.427312e-01;6.985894e-02;7.791619e-02;1.382573e-01;4.631193e-02;9.693765e-02;9.370227e-02;4.577107e-02;3.427193e-02;2.112262e-02
5.223320e-02;1.310766e-01;1.227186e-01;9.755959e-02;1.248370e-01;1.295849e-01;5.164835e-02;8.233823e-02;1.097834e-01;4.264739e-02;2.845978e-02;2.711288e-02
3.475979e-02;1.644446e-01;9.946599e-02;1.244046e-01;1.300203e-01;8.907599e-02;3.196994e-02;8.551246e-02;1.282044e-01;4.494379e-02;3.541795e-02;3.178025e-02
3.209694e-02;2.007400e-01;1.095334e-01;1.187120e-01;1.380677e-01;8.217457e-02;4.227760e-02;9.099578e-02;1.028292e-01;3.208205e-02;3.038536e-02;2.010539e-02
5.132431e-02;2.185888e-01;7.760507e-02;7.072271e-02;1.815335e-01;8.657094e-02;4.776853e-02;8.709484e-02;8.116105e-02;4.668173e-02;2.973159e-02;2.121681e-02
4.826130e-02;1.612107e-01;2.451829e-01;7.151966e-02;1.192558e-01;5.011270e-02;4.281374e-02;6.177083e-02;6.341276e-02;8.269657e-02;2.757823e-02;2.618475e-02
3.331979e-02;1.791832e-01;2.998220e-01;8.835268e-02;7.104521e-02;5.017074e-02;2.144646e-02;6.144749e-02;7.518522e-02;8.938561e-02;1.331040e-02;1.733114e-02
2.186561e-02;2.428339e-01;2.912177e-01;7.771868e-02;4.139108e-02;4.573461e-02;1.235198e-02;5.938742e-02;1.068605e-01;7.903304e-02;4.165111e-03;1.744043e-02
2.338416e-02;3.269850e-01;2.126225e-01;5.953316e-02;2.135761e-02;6.164109e-02;1.638267e-02;4.979542e-02;1.628230e-01;3.533343e-02;1.061478e-02;1.952713e-02
2.693347e-02;3.776022e-01;1.423662e-01;5.434991e-02;1.073370e-02;6.330927e-02;2.155127e-02;4.000004e-02;2.101527e-01;2.765067e-02;1.149324e-02;1.385726e-02
2.666854e-02;3.958847e-01;1.140769e-01;6.080339e-02;7.249872e-03;5.986753e-02;2.076977e-02;5.139931e-02;2.304971e-01;1.503686e-02;1.151052e-02;6.235529e-03
2.368924e-02;4.021379e-01;1.436255e-01;6.588613e-02;5.048343e-03;5.768663e-02;1.210246e-02;2.397002e-02;2.337015e-01;1.635923e-02;6.227051e-03;9.566007e-03
2.227544e-02;3.930495e-01;1.411321e-01;6.814883e-02;1.207276e-02;6.143162e-02;1.156871e-02;1.600605e-02;2.296152e-01;2.724373e-02;7.451700e-03;1.000431e-02
2.175038e-02;3.833281e-01;9.929880e-02;6.235885e-02;1.391843e-02;8.329353e-02;1.336663e-02;2.476781e-02;2.415151e-01;2.670082e-02;9.499115e-03;2.020244e-02
1.879815e-02;3.356026e-01;1.207549e-01;3.768697e-02;1.682983e-02;8.917738e-02;1.415468e-02;2.504714e-02;2.252746e-01;6.519034e-02;9.978172e-03;4.150525e-02
1.909841e-02;2.792982e-01;1.764780e-01;1.516591e-02;2.010169e-02;6.182136e-02;9.992791e-03;4.687260e-02;1.802923e-01;1.258043e-01;1.078919e-02;5.428524e-02
1.846090e-02;2.251902e-01;2.364930e-01;1.430875e-02;2.338889e-02;2.827808e-02;2.281810e-02;4.366309e-02;1.278810e-01;2.028002e-01;9.510589e-03;4.720725e-02
3.013049e-02;1.827723e-01;2.747254e-01;1.992641e-02;2.771517e-02;2.091949e-02;3.804671e-02;3.126165e-02;9.044094e-02;2.377532e-01;1.195516e-02;3.435302e-02
4.893548e-02;1.929653e-01;2.767271e-01;4.409458e-02;2.392634e-02;3.040483e-02;4.172990e-02;1.893575e-02;5.816847e-02;1.862742e-01;5.468720e-02;2.315078e-02
4.712976e-02;2.344496e-01;3.236676e-01;6.374374e-02;1.241871e-02;3.417939e-02;2.717280e-02;1.534407e-02;4.382038e-02;9.622307e-02;8.732591e-02;1.452498e-02
2.792357e-02;2.425512e-01;3.679912e-01;5.492752e-02;2.470418e-02;3.578004e-02;1.602058e-02;1.554759e-02;6.046965e-02;6.126419e-02;8.035347e-02;1.246678e-02
2.608381e-02;2.284175e-01;3.463108e-01;3.301053e-02;3.660640e-02;3.882710e-02;1.234359e-02;3.258670e-02;1.044692e-01;7.152031e-02;5.329306e-02;1.653098e-02
1.778967e-02;2.207006e-01;3.145176e-01;4.367522e-02;4.484633e-02;5.514257e-02;1.581906e-02;3.989200e-02;1.567082e-01;5.291083e-02;2.296724e-02;1.503064e-02
