4.746180e-02;5.534370e-02;7.314985e-02;5.171545e-02;7.834437e-02;1.341056e-01;1.598525e-01;1.364552e-01;8.507626e-02;9.588335e-02;4.821498e-02;3.439702e-02
3.307645e-02;3.388809e-02;5.937135e-02;7.650140e-02;7.090944e-02;1.091168e-01;1.828362e-01;1.311271e-01;1.124545e-01;9.189805e-02;5.801807e-02;4.080261e-02
2.318089e-02;4.343044e-02;5.120127e-02;8.675530e-02;7.248308e-02;1.031201e-01;2.037094e-01;1.101746e-01;1.140768e-01;7.659883e-02;6.501418e-02;5.025506e-02
2.656959e-02;5.508097e-02;5.773593e-02;9.628849e-02;1.176986e-01;8.780196e-02;1.851162e-01;8.013541e-02;8.100297e-02;8.323184e-02;5.478350e-02;7.455452e-02
2.584318e-02;3.022728e-02;7.361935e-02;1.434686e-01;1.443555e-01;7.217368e-02;1.566185e-01;4.960247e-02;1.023249e-01;9.953567e-02;3.038356e-02;7.184742e-02
2.678610e-02;5.633553e-02;6.707296e-02;1.397448e-01;1.281837e-01;6.134169e-02;1.190750e-01;5.188606e-02;1.323648e-01;1.129541e-01;4.551379e-02;5.874148e-02
2.195233e-02;7.180374e-02;7.801362e-02;9.107929e-02;8.609834e-02;1.088668e-01;9.551494e-02;4.936802e-02;1.106320e-01;1.746947e-01;6.823210e-02;4.374413e-02
3.371986e-02;6.480490e-02;7.682098e-02;6.599860e-02;8.245587e-02;1.057703e-01;9.136381e-02;6.274362e-02;1.053349e-01;1.701539e-01;9.144271e-02;4.939058e-02
6.258511e-02;7.357331e-02;5.723344e-02;7.928687e-02;1.050628e-01;7.811983e-02;6.980599e-02;9.100617e-02;1.155795e-01;1.195328e-01;8.148439e-02;6.672983e-02
3.985070e-02;7.575973e-02;1.270919e-01;9.558823e-02;7.019901e-02;9.440707e-02;5.783680e-02;8.346919e-02;9.395836e-02;1.201379e-01;6.042805e-02;8.127312e-02
5.532846e-02;5.513627e-02;1.333139e-01;9.295515e-02;4.863704e-02;8.228312e-02;9.007807e-02;6.895345e-02;1.266881e-01;1.253544e-01;4.071580e-02;8.055623e-02
5.424523e-02;6.180695e-02;8.721624e-02;7.712650e-02;9.252635e-02;9.671427e-02;1.135494e-01;9.265430e-02;1.212203e-01;9.441578e-02;5.124017e-02;5.728449e-02
5.141034e-02;1.108714e-01;1.011738e-01;6.532121e-02;9.710768e-02;1.337790e-01;8.726237e-02;9.437213e-02;8.133712e-02;8.062623e-02;3.637891e-02;6.035977e-02
6.743181e-02;1.056885e-01;1.125908e-01;7.993696e-02;5.433139e-02;1.428743e-01;8.312920e-02;1.066882e-01;9.033275e-02;5.926239e-02;3.813395e-02;5.959969e-02
6.608793e-02;8.240338e-02;1.008559e-01;1.077529e-01;6.854296e-02;1.409527e-01;4.815758e-02;1.184578e-01;1.189311e-01;5.329714e-02;4.303158e-02;5.152901e-02
4.877060e-02;4.317465e-02;7.321946e-02;1.304780e-01;8.120165e-02;1.341665e-01;2.601700e-02;1.242226e-01;1.597382e-01;7.062718e-02;3.730287e-02;7.108122e-02
2.516571e-02;2.487197e-02;8.249119e-02;8.225108e-02;5.199599e-02;1.271961e-01;3.527476e-02;2.115044e-01;1.375905e-01;5.871812e-02;2.540461e-02;1.375356e-01
1.735870e-02;1.880017e-02;9.432106e-02;2.792497e-02;4.864035e-02;7.971974e-02;4.381724e-02;3.061372e-01;7.172632e-02;4.189113e-02;5.394273e-02;1.957204e-01
2.397702e-02;1.693351e-02;8.571275e-02;2.356790e-02;9.080633e-02;3.040552e-02;6.563344e-02;3.017506e-01;3.025441e-02;3.288484e-02;1.196226e-01;1.784510e-01
2.256303e-02;2.473477e-02;7.828870e-02;3.110802e-02;1.600161e-01;2.567360e-02;1.196100e-01;2.229436e-01;2.028828e-02;2.129040e-02;1.931168e-01;8.036670e-02
2.861693e-02;3.204937e-02;5.375004e-02;2.653676e-02;2.137713e-01;2.198752e-02;1.664412e-01;1.714213e-01;1.772481e-02;9.743006e-03;2.265321e-01;3.142562e-02
2.786832e-02;2.692118e-02;3.601427e-02;2.755838e-02;2.272878e-01;3.029213e-02;1.718065e-01;1.705329e-01;1.264687e-02;1.020509e-02;2.139317e-01;4.493489e-02
2.283922e-02;3.564099e-02;3.780092e-02;2.644064e-02;2.071692e-01;2.920260e-02;1.611256e-01;1.923444e-01;1.473064e-02;1.692278e-02;2.020978e-01;5.368518e-02
1.885507e-02;4.792005e-02;4.290664e-02;2.039703e-02;1.810256e-01;1.521477e-02;1.618863e-01;2.014509e-01;1.200196e-02;1.470933e-02;2.181527e-01;6.547968e-02
1.676456e-02;6.004461e-02;4.623760e-02;1.475244e-02;1.480249e-01;2.139365e-02;1.963458e-01;1.937106e-01;1.307949e-02;1.215207e-02;2.336966e-01;4.379772e-02
1.548549e-02;8.826109e-02;5.123274e-02;1.170294e-02;1.140766e-01;3.449365e-02;2.293173e-01;1.727435e-01;1.134230e-02;1.673799e-02;2.132158e-01;4.139053e-02
2.199913e-02;1.116619e-01;6.712653e-02;1.757318e-02;9.453741e-02;7.009788e-02;2.545880e-01;1.517082e-01;1.447952e-02;1.690527e-02;1.274073e-01;5.191559e-02
2.622209e-02;1.057657e-01;1.534555e-01;2.609056e-02;7.025333e-02;7.162876e-02;2.188470e-01;1.985801e-01;2.138248e-02;2.132767e-02;4.564533e-02;4.080138e-02
1.796003e-02;8.777820e-02;2.459723e-01;1.734813e-02;3.117890e-02;4.111094e-02;1.122343e-01;2.681807e-01;2.167903e-02;2.099606e-02;7.913368e-02;5.642765e-02
4.180192e-03;7.827890e-02;3.023489e-01;1.800311e-02;2.051649e-02;2.824681e-02;5.492529e-02;2.641209e-01;3.226312e-02;1.658534e-02;5.381468e-02;1.267163e-01
6.635787e-03;5.031831e-02;3.212402e-01;3.177909e-02;2.005308e-02;3.989596e-02;5.774944e-02;2.370317e-01;4.097486e-02;1.039294e-02;1.025974e-02;1.736689e-01
1.201176e-02;2.931479e-02;2.656804e-01;8.921991e-02;2.599161e-02;7.097285e-02;5.618583e-02;1.925722e-01;4.887846e-02;1.428732e-02;1.103987e-02;1.838450e-01
5.785353e-02;1.935649e-02;1.818202e-01;1.909039e-01;3.568901e-02;6.871584e-02;6.077053e-02;1.429011e-01;7.524536e-02;1.873792e-02;1.721831e-02;1.307878e-01
8.279217e-02;1.935378e-02;8.042976e-02;2.578832e-01;5.686939e-02;3.553042e-02;9.388345e-02;9.980045e-02;1.290950e-01;7.140218e-02;3.630503e-02;3.665515e-02
1.413462e-01;2.242811e-02;3.648369e-02;2.203532e-01;5.712805e-02;1.835768e-02;1.468880e-01;4.720811e-02;1.443698e-01;8.666841e-02;4.805211e-02;3.071669e-02
2.351514e-01;1.294891e-02;1.802177e-02;1.723206e-01;3.517466e-02;1.978638e-02;1.961514e-01;4.421686e-02;1.559522e-01;3.513924e-02;4.406442e-02;3.107212e-02
2.761170e-01;2.305741e-02;1.586017e-02;1.203877e-01;2.845093e-02;2.228930e-02;2.307351e-01;3.951072e-02;1.431771e-01;5.109827e-02;3.083715e-02;1.847916e-02
2.561188e-01;5.582592e-02;2.102286e-02;9.043709e-02;4.868806e-02;3.157272e-02;2.254666e-01;2.672907e-02;1.156986e-01;1.030277e-01;1.809756e-02;7.315058e-03
1.561600e-01;1.545649e-01;2.511979e-02;5.187806e-02;1.077330e-01;3.982202e-02;1.333032e-01;5.094813e-02;7.721547e-02;1.787633e-01;9.954770e-03;1.453744e-02
6.232776e-02;2.417766e-01;1.994033e-02;2.122722e-02;1.602979e-01;2.572264e-02;6.305526e-02;1.140304e-01;3.948266e-02;2.203637e-01;1.826122e-02;1.351443e-02
3.303034e-02;2.464200e-01;3.581582e-02;1.483177e-02;1.385861e-01;5.596071e-02;4.615375e-02;1.734954e-01;1.956397e-02;1.825561e-01;3.894977e-02;1.463620e-02
2.238277e-02;1.720211e-01;7.226869e-02;2.062789e-02;7.187626e-02;1.515377e-01;5.141908e-02;1.574649e-01;2.273101e-02;1.049611e-01;1.346132e-01;1.809640e-02
2.653273e-02;7.822294e-02;1.148577e-01;1.416507e-02;3.008950e-02;2.781738e-01;4.695523e-02;8.051450e-02;6.384055e-02;3.970589e-02;2.202634e-01;6.678700e-03
2.997923e-02;2.471627e-02;1.125729e-01;1.313044e-02;3.888335e-02;3.206566e-01;4.133906e-02;3.797223e-02;8.249616e-02;8.689147e-02;2.053321e-01;6.030137e-03
1.970519e-02;1.753582e-02;9.820720e-02;3.205206e-02;7.193298e-02;3.352784e-01;5.617362e-02;2.771888e-02;8.268494e-02;8.814068e-02;1.524321e-01;1.813809e-02
2.814155e-02;3.437279e-02;7.268065e-02;4.636791e-02;9.767188e-02;3.116871e-01;8.651812e-02;5.627069e-02;9.007124e-02;5.799566e-02;8.956438e-02;2.865811e-02
7.110085e-02;3.861827e-02;2.826299e-02;6.410659e-02;8.591343e-02;2.290808e-01;9.070182e-02;1.033428e-01;7.668658e-02;9.016961e-02;8.060452e-02;4.141176e-02
5.410905e-02;5.409242e-02;4.912756e-02;7.480205e-02;7.656071e-02;1.201224e-01;9.435312e-02;1.434891e-01;6.169743e-02;1.661234e-01;8.889112e-02;1.663164e-02
2.691252e-02;2.714297e-02;5.993253e-02;5.857063e-02;6.458888e-02;1.116080e-01;1.258485e-01;1.018702e-01;1.414899e-01;1.817995e-01;8.416241e-02;1.607393e-02
3.024454e-02;3.361350e-02;5.417727e-02;6.422275e-02;7.845049e-02;1.333162e-01;1.180232e-01;1.153478e-01;1.935643e-01;1.108269e-01;3.966203e-02;2.855094e-02
4.379980e-02;2.847572e-02;4.359710e-02;8.597621e-02;8.901103e-02;1.265849e-01;1.459791e-01;9.186386e-02;1.733386e-01;1.236061e-01;3.094103e-02;1.682647e-02
6.408847e-02;1.691991e-02;3.986490e-02;1.151957e-01;9.355626e-02;9.963553e-02;1.540179e-01;8.300417e-02;1.539433e-01;1.115096e-01;4.624649e-02;2.201778e-02
6.802923e-02;1.648483e-02;5.353357e-02;1.299020e-01;6.829064e-02;6.108865e-02;1.363808e-01;1.176756e-01;1.789931e-01;6.512916e-02;7.945993e-02;2.503249e-02
5.464189e-02;4.158704e-02;8.614450e-02;1.131067e-01;5.382419e-02;6.820749e-02;9.259621e-02;1.562916e-01;1.614834e-01;4.626944e-02;8.750280e-02;3.834477e-02
4.467120e-02;6.369678e-02;1.160336e-01;7.169607e-02;4.297064e-02;1.039949e-01;6.900745e-02;2.125377e-01;1.084055e-01;4.151028e-02;6.069587e-02;6.478000e-02
5.630340e-02;7.077760e-02;1.005127e-01;5.601666e-02;3.040596e-02;1.426432e-01;7.802406e-02;2.225361e-01;7.261270e-02;4.272202e-02;5.399287e-02;7.345276e-02
5.525812e-02;6.339681e-02;5.364097e-02;3.660716e-02;7.638251e-02;1.545703e-01;1.220219e-01;1.710878e-01;5.510700e-02;7.208178e-02;6.997168e-02;6.987383e-02
2.444429e-02;5.733922e-02;7.060377e-02;5.562437e-02;8.518726e-02;1.363600e-01;1.485699e-01;1.468653e-01;5.958004e-02;1.274981e-01;3.545904e-02;5.246871e-02
4.748994e-02;3.024914e-02;7.159217e-02;6.708416e-02;5.987180e-02;8.976662e-02;1.099811e-01;1.575667e-01;6.643313e-02;1.382405e-01;1.222619e-01;3.946280e-02
6.198525e-02;5.278019e-02;5.277534e-02;6.399349e-02;6.701037e-02;7.631052e-02;1.205989e-01;1.730502e-01;6.606335e-02;9.603390e-02;1.270884e-01;4.231018e-02
6.788234e-02;7.764831e-02;4.948822e-02;7.089037e-02;5.101027e-02;1.126276e-01;1.094270e-01;1.852540e-01;6.704455e-02;6.303602e-02;1.193474e-01;2.634393e-02
7.233652e-02;6.065496e-02;8.174966e-02;8.440095e-02;4.276229e-02;1.183047e-01;8.315095e-02;2.261168e-01;8.498117e-02;6.267781e-02;7.220905e-02;1.065507e-02
5.598522e-02;3.446570e-02;1.196547e-01;7.668050e-02;4.508116e-02;8.773973e-02;7.050622e-02;2.624693e-01;9.462325e-02;6.723687e-02;4.195927e-02;4.359810e-02
4.967983e-02;2.048388e-02;1.353169e-01;5.133304e-02;4.642278e-02;6.438077e-02;8.128587e-02;2.516764e-01;8.887812e-02;7.645736e-02;6.027965e-02;7.380536e-02
3.861829e-02;4.298103e-02;1.420705e-01;5.364305e-02;3.453842e-02;7.188708e-02;8.295057e-02;2.352871e-01;8.554199e-02;7.707751e-02;5.546303e-02;7.994145e-02
4.042558e-02;4.947081e-02;1.291659e-01;8.340027e-02;3.145822e-02;1.075736e-01;8.269817e-02;2.284437e-01;8.002031e-02;6.420697e-02;5.301119e-02;5.012525e-02
5.453050e-02;4.564184e-02;1.012768e-01;8.477518e-02;2.572287e-02;1.449627e-01;7.290283e-02;2.262035e-01;7.429575e-02;7.412914e-02;5.915552e-02;3.640336e-02
4.023534e-02;4.027334e-02;7.143373e-02;4.934818e-02;4.605438e-02;1.814503e-01;5.400047e-02;2.459908e-01;9.748388e-02;8.519953e-02;5.001714e-02;3.851299e-02
2.527392e-02;5.341737e-02;6.164683e-02;4.803750e-02;4.685761e-02;2.312690e-01;3.258234e-02;2.595439e-01;1.093168e-01;6.672256e-02;3.223038e-02;3.310177e-02
2.067118e-02;5.567008e-02;7.847524e-02;4.650076e-02;4.645418e-02;2.404207e-01;3.162860e-02;2.676777e-01;1.244863e-01;4.757557e-02;3.146012e-02;8.979600e-03
2.110942e-02;6.719197e-02;4.777367e-02;5.817915e-02;6.885809e-02;1.991386e-01;5.550529e-02;2.454235e-01;1.498375e-01;2.328335e-02;2.149868e-02;4.220083e-02
3.271307e-02;7.002083e-02;9.244792e-02;9.910807e-02;8.544504e-02;1.549330e-01;5.228594e-02;1.616701e-01;1.027504e-01;3.831278e-02;2.310181e-02;8.721111e-02
1.420199e-02;5.469786e-02;1.379510e-01;1.148684e-01;7.027737e-02;1.852679e-01;5.510628e-02;1.501574e-01;6.864810e-02;2.946102e-02;1.492242e-02;1.044402e-01
1.015390e-02;3.101329e-02;1.555389e-01;8.015577e-02;4.546816e-02;1.875715e-01;6.338599e-02;2.100137e-01;5.475524e-02;3.147393e-02;1.279310e-02;1.176765e-01
5.652907e-03;1.750970e-02;1.696497e-01;3.819111e-02;2.350208e-02;1.455979e-01;6.018712e-02;3.065982e-01;3.775041e-02;5.310663e-02;1.380804e-02;1.284462e-01
7.157891e-03;1.513762e-02;1.680633e-01;2.520457e-02;2.784128e-02;7.415814e-02;4.014844e-02;4.011679e-01;2.058856e-02;6.805528e-02;2.752993e-02;1.249471e-01
8.677715e-03;1.395929e-02;1.499259e-01;2.932999e-02;2.977807e-02;4.398087e-02;5.953602e-02;4.141454e-01;1.808432e-02;7.133318e-02;5.152601e-02;1.097232e-01
8.959793e-03;2.179745e-02;1.308059e-01;2.663631e-02;3.684119e-02;5.045221e-02;9.435066e-02;3.685420e-01;2.197979e-02;6.562052e-02;6.532454e-02;1.086896e-01
1.911361e-02;2.685237e-02;1.143065e-01;2.735792e-02;3.761993e-02;5.395906e-02;1.311664e-01;3.381709e-01;3.496786e-02;5.743702e-02;6.298909e-02;9.605946e-02
1.853708e-02;5.610407e-02;7.788125e-02;2.037430e-02;3.688031e-02;7.473519e-02;1.690555e-01;2.873611e-01;4.112048e-02;5.461781e-02;8.882897e-02;7.450385e-02
1.225292e-02;7.529206e-02;5.317000e-02;2.565013e-02;3.419603e-02;1.247642e-01;1.723408e-01;2.290580e-01;5.081177e-02;7.579757e-02;8.672227e-02;5.994423e-02
1.369094e-02;6.446134e-02;9.570973e-02;5.106587e-02;3.480352e-02;1.661439e-01;1.095871e-01;1.915344e-01;6.695567e-02;1.091812e-01;5.486262e-02;4.200369e-02
2.413753e-02;3.295628e-02;7.923427e-02;4.049223e-02;6.439540e-02;1.624238e-01;1.053926e-01;2.421040e-01;6.973822e-02;1.058085e-01;4.266392e-02;3.065318e-02
1.396264e-02;3.802061e-02;6.948648e-02;3.551374e-02;7.196423e-02;1.691679e-01;9.242639e-02;2.433970e-01;8.323567e-02;9.436212e-02;3.361556e-02;5.484764e-02
1.001478e-02;6.130201e-02;9.425565e-02;4.632780e-02;6.546492e-02;1.165032e-01;9.912036e-02;1.969892e-01;6.111653e-02;1.096348e-01;6.414182e-02;7.512881e-02
2.401625e-02;7.156691e-02;1.004499e-01;4.257045e-02;4.469924e-02;7.681987e-02;7.279795e-02;1.902355e-01;7.283179e-02;1.698563e-01;5.327285e-02;8.088299e-02
2.818877e-02;6.312355e-02;6.482065e-02;3.550381e-02;4.591887e-02;6.619343e-02;7.041024e-02;2.393733e-01;7.075958e-02;1.924769e-01;4.539606e-02;7.783482e-02
3.538923e-02;5.132115e-02;7.490816e-02;3.682927e-02;1.039074e-01;8.395927e-02;1.275205e-01;2.017754e-01;4.180289e-02;1.191738e-01;7.248031e-02;5.093248e-02
3.466507e-02;6.699487e-02;1.174637e-01;5.739280e-02;1.107533e-01;1.392881e-01;1.375031e-01;1.276170e-01;7.858039e-02;5.606435e-02;1.552825e-02;5.814902e-02
2.431960e-02;5.336861e-02;1.430420e-01;7.021267e-02;7.897912e-02;1.177593e-01;9.249453e-02;2.181312e-01;7.116968e-02;3.075435e-02;2.666971e-02;7.309928e-02
2.475033e-02;6.317102e-02;1.253492e-01;5.148319e-02;8.091369e-02;6.441320e-02;1.473602e-01;2.564707e-01;5.567124e-02;2.796000e-02;5.143070e-02;5.102661e-02
2.565644e-02;8.438459e-02;6.973028e-02;2.993990e-02;7.607188e-02;6.903095e-02;2.714982e-01;1.988465e-01;4.126798e-02;1.584445e-02;1.027029e-01;1.502596e-02
2.699294e-02;9.283212e-02;2.908308e-02;3.596893e-02;6.018940e-02;1.068181e-01;3.441875e-01;1.115260e-01;3.638249e-02;2.782634e-02;1.187997e-01;9.393392e-03
3.601335e-02;7.594931e-02;3.545256e-02;6.070514e-02;5.843490e-02;1.745729e-01;2.998389e-01;7.157297e-02;3.077051e-02;5.029679e-02;9.136952e-02;1.502324e-02
4.951185e-02;5.401815e-02;5.366743e-02;7.329848e-02;7.475596e-02;2.168899e-01;2.087949e-01;9.590178e-02;2.595460e-02;6.103891e-02;6.200257e-02;2.416548e-02
5.333899e-02;5.183806e-02;6.454373e-02;6.066377e-02;7.488065e-02;2.013004e-01;1.970528e-01;1.347703e-01;1.918200e-02;6.036228e-02;5.027583e-02;3.179116e-02
2.811707e-02;3.219265e-02;6.666135e-02;4.902802e-02;6.067622e-02;1.747159e-01;2.780342e-01;1.492127e-01;3.561256e-02;6.274276e-02;1.973356e-02;4.327305e-02
1.427675e-02;3.558038e-02;4.900850e-02;5.318854e-02;4.889907e-02;1.524709e-01;2.500055e-01;1.912099e-01;5.694352e-02;4.537035e-02;5.773314e-02;4.531347e-02
1.071931e-02;4.571523e-02;6.301615e-02;5.452597e-02;4.773615e-02;2.056968e-01;1.122957e-01;2.384728e-01;6.157541e-02;3.175133e-02;7.922278e-02;4.927240e-02
1.438714e-02;3.176771e-02;5.852491e-02;6.646759e-02;4.157195e-02;1.678857e-01;2.031342e-01;2.534985e-01;2.914135e-02;3.087579e-02;5.046532e-02;5.227978e-02
1.356429e-02;3.141146e-02;4.972499e-02;4.767438e-02;5.327889e-02;8.618645e-02;1.854127e-01;3.141436e-01;3.749219e-02;6.108073e-02;6.035484e-02;5.967540e-02
1.247188e-02;3.556497e-02;4.167648e-02;2.613020e-02;6.980089e-02;1.361606e-01;1.810699e-01;2.882253e-01;3.430128e-02;7.739665e-02;4.459609e-02;5.260573e-02
2.286006e-02;2.333996e-02;6.264026e-02;3.604256e-02;4.513342e-02;1.767763e-01;2.259255e-01;2.271727e-01;3.340042e-02;7.002103e-02;4.631935e-02;3.036843e-02
5.013921e-02;5.945282e-02;7.544156e-02;6.978843e-02;8.453921e-02;1.395139e-01;9.715083e-02;1.792553e-01;4.954132e-02;8.241672e-02;5.507090e-02;5.768976e-02
9.143519e-02;5.250700e-02;5.415508e-02;1.479411e-01;1.012437e-01;1.339434e-01;5.339488e-02;9.869606e-02;1.019770e-01;9.270140e-02;6.076151e-03;6.592907e-02
7.323597e-02;4.460710e-02;6.728396e-02;1.657053e-01;8.215145e-02;1.383127e-01;3.701840e-02;9.043172e-02;1.189575e-01;8.827262e-02;1.774652e-02;7.627670e-02
3.238884e-02;2.977605e-02;7.344523e-02;1.592068e-01;5.038133e-02;1.747437e-01;3.339751e-02;1.234703e-01;1.182887e-01;7.035351e-02;1.776392e-02;1.167841e-01
1.635768e-02;1.456083e-02;9.699384e-02;1.130575e-01;1.659826e-02;2.214140e-01;3.842435e-02;1.615046e-01;8.081750e-02;3.835348e-02;8.874154e-03;1.930439e-01
2.555377e-02;8.238453e-03;1.325245e-01;4.062214e-02;1.486050e-02;1.890116e-01;4.870421e-02;2.112572e-01;3.367348e-02;3.285175e-02;1.863531e-02;2.440670e-01
1.892022e-02;9.634621e-03;1.318748e-01;1.454792e-02;2.772983e-02;1.165972e-01;5.114917e-02;2.732620e-01;2.332587e-02;4.294076e-02;2.185229e-02;2.681653e-01
2.131243e-02;1.448360e-02;1.113740e-01;1.541649e-02;2.613520e-02;8.624307e-02;4.246415e-02;3.202693e-01;1.978144e-02;4.790075e-02;3.630680e-02;2.583127e-01
1.263110e-02;9.277489e-03;1.056950e-01;2.054045e-02;3.112756e-02;9.004651e-02;4.735631e-02;3.495842e-01;1.689452e-02;4.699330e-02;5.740812e-02;2.124455e-01
7.175061e-03;9.843982e-03;1.086014e-01;2.125315e-02;2.273805e-02;1.002923e-01;5.718546e-02;3.639915e-01;2.355638e-02;4.692740e-02;4.000491e-02;1.984304e-01
3.743902e-03;1.234891e-02;1.116549e-01;1.488402e-02;1.245305e-02;1.218313e-01;7.609385e-02;3.492969e-01;1.930699e-02;3.426249e-02;4.648691e-02;1.976367e-01
5.468877e-03;1.642722e-02;1.144864e-01;1.210559e-02;1.510928e-02;1.371818e-01;1.117040e-01;3.308350e-01;2.862016e-02;2.239969e-02;2.889384e-02;1.767681e-01
1.203765e-02;3.000033e-02;9.962171e-02;1.624833e-02;1.305266e-02;1.379505e-01;1.725037e-01;2.955740e-01;3.622636e-02;2.611985e-02;3.076937e-02;1.298956e-01
3.344977e-02;5.221337e-02;6.830145e-02;3.518772e-02;1.795304e-02;1.278847e-01;2.241693e-01;2.196732e-01;6.445289e-02;4.754395e-02;4.908278e-02;6.008780e-02
5.588425e-02;4.445504e-02;2.567882e-02;4.529834e-02;1.685975e-02;1.573996e-01;1.581884e-01;1.889701e-01;8.985353e-02;6.556524e-02;4.257397e-02;1.092730e-01
2.784731e-02;1.839643e-02;3.507726e-02;4.348108e-02;3.282071e-02;1.574822e-01;6.303117e-02;3.182960e-01;7.930652e-02;4.443970e-02;2.575951e-02;1.540620e-01
3.640471e-02;2.137102e-02;5.252278e-02;6.167922e-02;4.336207e-02;1.391661e-01;6.484354e-02;2.392415e-01;1.013076e-01;7.064997e-02;2.518329e-02;1.442683e-01
5.644584e-02;4.682089e-02;8.642730e-02;4.955144e-02;3.960652e-02;1.094441e-01;1.022298e-01;1.607248e-01;1.118063e-01;7.482847e-02;3.953718e-02;1.225774e-01
4.871130e-02;7.119107e-02;6.929820e-02;6.569108e-02;6.782022e-02;9.788742e-02;1.056975e-01;1.632212e-01;1.051388e-01;4.700289e-02;4.575055e-02;1.125897e-01
3.323408e-02;6.628320e-02;1.142556e-01;1.009981e-01;6.988345e-02;9.456455e-02;7.611306e-02;1.716740e-01;1.026455e-01;3.425691e-02;4.256757e-02;9.352400e-02
2.464137e-02;6.675852e-02;1.845576e-01;1.059054e-01;4.998746e-02;9.071118e-02;5.413407e-02;1.921104e-01;9.846316e-02;1.953933e-02;2.815139e-02;8.504022e-02
1.962353e-02;8.214127e-02;2.305419e-01;7.273647e-02;2.763421e-02;7.791923e-02;5.989291e-02;2.110219e-01;8.159598e-02;2.474188e-02;1.272139e-02;9.942934e-02
3.012742e-02;1.098320e-01;2.202981e-01;3.835189e-02;2.921006e-02;6.582600e-02;7.426938e-02;2.223913e-01;6.021362e-02;3.226196e-02;1.858945e-02;9.862878e-02
4.767364e-02;1.257848e-01;1.485456e-01;4.313389e-02;4.413874e-02;1.171994e-01;8.823436e-02;2.002223e-01;4.903064e-02;3.101060e-02;2.502987e-02;7.999618e-02
5.885481e-02;1.204939e-01;8.529606e-02;4.567299e-02;4.845027e-02;1.784562e-01;9.922504e-02;2.033930e-01;5.016209e-02;2.668113e-02;2.364597e-02;5.966863e-02
3.943976e-02;7.392844e-02;9.330360e-02;4.539454e-02;3.597642e-02;2.026888e-01;8.072137e-02;2.848167e-01;4.530989e-02;3.724340e-02;2.371291e-02;3.746407e-02
2.784377e-02;4.694382e-02;6.377007e-02;5.340967e-02;3.447299e-02;1.819331e-01;4.726575e-02;2.949710e-01;8.447409e-02;6.962471e-02;2.216690e-02;7.312417e-02
3.006029e-02;5.106952e-02;9.309478e-02;5.511019e-02;4.348134e-02;1.846094e-01;5.852069e-02;1.724332e-01;9.391224e-02;1.040172e-01;2.175299e-02;9.193818e-02
2.338318e-02;3.097042e-02;9.401168e-02;6.494129e-02;5.551574e-02;2.222771e-01;1.288992e-01;1.370448e-01;6.153082e-02;9.261784e-02;1.399643e-02;7.481142e-02
1.676006e-02;3.011580e-02;6.017121e-02;6.631570e-02;4.354629e-02;2.500040e-01;1.820761e-01;1.868214e-01;4.028725e-02;6.755190e-02;2.104483e-02;3.530542e-02
2.056634e-02;3.575719e-02;6.989510e-02;8.065198e-02;5.949727e-02;2.372650e-01;1.243014e-01;2.296015e-01;3.031479e-02;5.986896e-02;1.168807e-02;4.059237e-02
2.351491e-02;4.403201e-02;1.073676e-01;7.146227e-02;6.520313e-02;1.755472e-01;1.026920e-01;2.387572e-01;3.881702e-02;3.594828e-02;2.143773e-02;7.522070e-02
1.985938e-02;6.646690e-02;1.230498e-01;4.767374e-02;7.915524e-02;1.939087e-01;1.063701e-01;2.022332e-01;4.768414e-02;2.747133e-02;1.765932e-02;6.846821e-02
1.340666e-02;6.767281e-02;1.374411e-01;7.204285e-02;9.836896e-02;1.906790e-01;9.541613e-02;1.936475e-01;4.422779e-02;2.438217e-02;6.469517e-03;5.624548e-02
9.035087e-03;3.776660e-02;1.574688e-01;1.037543e-01;8.254731e-02;1.642821e-01;9.115311e-02;2.152714e-01;4.233256e-02;1.896219e-02;1.890735e-02;5.851927e-02
1.050738e-02;2.329497e-02;1.425885e-01;8.508167e-02;3.462501e-02;1.481611e-01;6.703500e-02;2.965646e-01;3.850587e-02;2.275831e-02;1.754312e-02;1.133345e-01
1.186937e-02;3.502144e-02;1.161628e-01;3.450688e-02;3.550088e-02;1.477833e-01;4.621324e-02;3.285231e-01;4.575855e-02;2.316320e-02;1.616642e-02;1.593308e-01
2.536181e-02;4.302929e-02;7.912605e-02;6.172307e-02;4.164646e-02;1.783348e-01;3.305944e-02;2.936310e-01;5.380889e-02;2.198357e-02;1.002752e-02;1.582682e-01
9.750075e-02;5.685310e-02;9.538353e-02;5.752771e-02;4.970039e-02;1.289651e-01;9.351699e-02;2.048867e-01;5.436492e-02;3.895004e-02;3.424054e-02;8.811025e-02
1.400961e-01;8.495498e-02;6.187111e-02;4.609793e-02;9.418715e-02;1.002103e-01;1.090430e-01;1.533106e-01;7.079545e-02;5.998532e-02;4.795237e-02;3.149568e-02
1.462289e-01;9.909143e-02;5.683376e-02;4.208324e-02;8.879060e-02;1.306642e-01;1.024115e-01;1.383282e-01;7.173375e-02;5.421432e-02;4.887549e-02;2.074450e-02
1.046633e-01;1.237003e-01;9.560690e-02;5.692590e-02;6.217834e-02;1.489036e-01;7.804085e-02;1.179148e-01;7.151910e-02;2.974969e-02;7.066815e-02;4.012915e-02
4.391593e-02;1.475727e-01;1.431140e-01;5.627629e-02;5.880112e-02;1.059667e-01;1.026133e-01;1.236113e-01;6.132944e-02;1.821534e-02;9.716331e-02;4.142047e-02
2.528952e-02;1.339414e-01;1.368015e-01;4.952726e-02;5.188356e-02;9.358584e-02;1.608539e-01;1.207400e-01;5.351948e-02;4.288347e-02;9.465852e-02;3.631559e-02
1.575196e-02;1.068088e-01;1.212374e-01;4.723148e-02;3.043830e-02;1.270795e-01;2.376924e-01;9.435748e-02;4.309227e-02;7.057016e-02;6.178392e-02;4.395641e-02
2.886880e-02;7.458867e-02;8.684871e-02;6.212873e-02;1.199195e-02;1.892315e-01;2.535053e-01;6.194784e-02;3.318984e-02;1.066004e-01;4.324188e-02;4.785640e-02
4.869561e-02;5.159352e-02;5.340829e-02;8.331682e-02;1.795882e-02;2.639368e-01;1.580785e-01;6.169709e-02;2.227223e-02;1.689609e-01;3.286770e-02;3.721368e-02
6.107645e-02;4.327744e-02;3.258466e-02;8.311900e-02;2.570722e-02;3.357481e-01;6.975250e-02;6.884564e-02;1.766488e-02;2.060841e-01;2.312239e-02;3.301767e-02
6.348400e-02;4.081334e-02;2.312168e-02;8.012141e-02;2.609055e-02;3.791936e-01;6.931530e-02;4.780571e-02;1.543480e-02;2.013281e-01;1.025854e-02;4.303290e-02
5.915608e-02;4.869457e-02;3.547384e-02;6.969865e-02;2.837635e-02;3.763201e-01;7.013164e-02;6.295442e-02;1.326329e-02;1.577297e-01;1.737447e-02;6.082690e-02
6.582629e-02;5.373815e-02;4.530913e-02;6.012604e-02;3.975638e-02;3.403903e-01;6.204308e-02;1.018837e-01;2.092930e-02;1.223802e-01;2.308237e-02;6.453499e-02
6.719716e-02;5.314920e-02;6.083160e-02;5.848983e-02;5.387920e-02;2.745248e-01;6.133932e-02;1.203595e-01;4.007092e-02;1.055691e-01;4.039697e-02;6.419239e-02
4.576838e-02;5.363052e-02;1.009429e-01;5.119266e-02;5.900288e-02;1.925198e-01;5.766330e-02;1.216804e-01;9.634601e-02;1.133329e-01;4.773739e-02;6.018288e-02
2.258195e-02;3.560908e-02;7.663947e-02;4.151644e-02;5.221475e-02;2.447801e-01;8.420437e-02;1.924715e-01;8.097609e-02;1.137499e-01;1.336083e-02;4.189543e-02
2.483563e-02;3.761082e-02;4.120998e-02;2.724925e-02;4.328502e-02;2.942716e-01;1.129867e-01;2.083354e-01;4.709801e-02;9.558365e-02;3.580322e-02;3.173067e-02
1.604416e-02;5.365497e-02;2.241495e-02;2.330152e-02;3.308441e-02;2.815823e-01;1.397962e-01;2.274438e-01;5.961960e-02;7.608145e-02;4.542640e-02;2.155023e-02
1.487736e-02;6.194280e-02;3.359008e-02;2.073592e-02;2.968418e-02;2.566321e-01;1.721665e-01;2.297990e-01;5.113146e-02;6.359781e-02;5.277378e-02;1.306889e-02
1.170365e-02;7.133527e-02;3.841386e-02;2.214297e-02;3.249463e-02;2.263783e-01;1.831303e-01;2.313048e-01;4.657273e-02;6.712054e-02;5.502135e-02;1.438163e-02
1.963054e-02;6.484322e-02;5.947653e-02;3.268759e-02;5.348838e-02;1.995552e-01;1.323433e-01;2.629235e-01;4.616600e-02;6.104892e-02;4.408551e-02;2.375123e-02
2.377683e-02;6.444970e-02;1.134274e-01;9.243016e-02;5.861020e-02;1.501668e-01;5.427943e-02;2.806910e-01;6.163086e-02;4.664640e-02;2.744956e-02;2.644168e-02
3.574935e-02;9.620526e-02;1.443360e-01;1.465812e-01;5.285882e-02;1.098168e-01;6.464805e-02;2.376968e-01;5.401811e-02;2.446694e-02;2.033069e-02;1.329196e-02
3.349224e-02;1.100834e-01;1.636591e-01;1.807435e-01;4.257116e-02;9.522638e-02;4.040381e-02;2.382199e-01;4.028436e-02;1.832757e-02;2.171354e-02;1.527505e-02
1.644640e-02;9.102368e-02;1.969531e-01;1.436108e-01;1.918847e-02;6.442992e-02;7.736547e-02;2.685215e-01;5.983749e-02;2.631495e-02;1.507063e-02;2.123768e-02
7.791657e-03;6.698038e-02;2.216477e-01;8.049192e-02;2.127330e-02;6.029441e-02;8.585400e-02;3.041456e-01;7.096697e-02;4.154310e-02;7.334762e-03;3.167624e-02
8.135436e-03;4.310483e-02;2.070144e-01;4.613301e-02;3.470027e-02;8.553844e-02;1.086686e-01;3.051751e-01;7.557425e-02;4.327783e-02;5.978363e-03;3.669939e-02
7.805557e-03;4.440227e-02;1.635192e-01;3.697159e-02;5.454706e-02;1.155262e-01;1.221153e-01;2.787458e-01;8.869664e-02;3.847632e-02;6.626274e-03;4.256773e-02
1.013859e-02;6.525735e-02;1.243166e-01;8.168739e-02;8.904182e-02;1.450758e-01;8.137763e-02;2.273351e-01;1.010815e-01;2.629491e-02;5.963302e-03;4.243008e-02
1.327839e-02;1.055771e-01;1.362912e-01;1.045982e-01;1.102530e-01;1.125728e-01;5.694501e-02;2.045523e-01;1.049614e-01;1.447558e-02;6.059634e-03;3.043541e-02
2.075479e-02;1.308320e-01;1.380544e-01;1.053597e-01;1.115378e-01;9.350809e-02;4.188782e-02;1.929586e-01;1.016549e-01;1.610344e-02;7.736426e-03;3.961205e-02
4.158802e-02;1.229414e-01;1.186433e-01;9.293779e-02;8.031094e-02;1.192267e-01;5.373658e-02;1.886091e-01;8.249553e-02;2.824992e-02;1.988190e-02;5.137876e-02
6.319142e-02;9.520622e-02;9.536936e-02;7.840675e-02;8.163224e-02;1.155406e-01;6.355181e-02;2.083302e-01;5.520477e-02;5.316367e-02;3.986026e-02;5.054268e-02
5.543611e-02;5.807674e-02;1.426859e-01;1.085881e-01;8.815206e-02;7.196723e-02;2.640753e-02;2.132449e-01;6.686162e-02;5.596621e-02;2.561949e-02;8.699422e-02
3.445162e-02;5.222106e-02;1.937691e-01;1.139955e-01;4.751781e-02;9.462135e-02;2.733718e-02;1.858352e-01;6.860516e-02;4.815351e-02;8.846261e-03;1.246463e-01
1.539226e-02;4.775259e-02;2.381329e-01;1.101701e-01;3.069794e-02;9.006882e-02;2.112706e-02;1.913464e-01;5.468256e-02;4.909477e-02;4.003153e-03;1.475315e-01
6.287080e-03;4.833923e-02;2.786470e-01;1.031889e-01;2.752405e-02;6.304067e-02;1.750562e-02;1.969447e-01;4.925418e-02;6.801516e-02;5.360948e-03;1.358923e-01
5.992511e-03;6.031000e-02;3.092197e-01;7.808874e-02;2.435901e-02;4.071148e-02;1.462680e-02;2.099496e-01;4.933846e-02;9.077677e-02;4.541725e-03;1.120852e-01
1.889130e-02;9.832763e-02;2.753077e-01;5.647775e-02;2.613277e-02;4.668771e-02;3.981336e-02;2.045923e-01;5.940973e-02;7.890999e-02;1.891353e-02;7.653625e-02
3.584449e-02;1.431410e-01;1.950746e-01;5.024042e-02;4.520303e-02;9.315227e-02;7.928228e-02;1.670131e-01;7.591237e-02;4.680726e-02;2.473488e-02;4.359433e-02
4.356197e-02;1.364004e-01;1.156911e-01;4.603044e-02;7.799608e-02;1.758250e-01;9.996693e-02;1.370711e-01;9.200934e-02;2.663578e-02;1.862349e-02;3.018828e-02
3.198006e-02;8.003496e-02;5.571206e-02;1.019412e-01;6.746519e-02;1.351827e-01;5.707976e-02;2.965668e-01;9.425864e-02;2.971456e-02;1.631394e-02;3.375017e-02
2.227254e-02;6.918564e-02;8.994184e-02;1.249318e-01;7.011195e-02;7.670219e-02;4.828668e-02;3.589360e-01;6.806280e-02;2.977824e-02;1.585116e-02;2.593916e-02
1.523459e-02;7.503424e-02;1.296014e-01;1.143111e-01;8.219993e-02;8.805682e-02;5.545955e-02;3.292691e-01;6.203205e-02;2.502052e-02;1.182753e-02;1.195325e-02
1.265445e-02;7.183774e-02;1.336015e-01;1.015433e-01;1.062641e-01;7.870438e-02;7.293332e-02;3.325739e-01;5.517227e-02;1.241401e-02;1.557063e-02;6.730339e-03
2.694954e-02;7.111968e-02;1.206860e-01;1.057996e-01;1.043949e-01;7.494250e-02;6.130260e-02;3.090785e-01;5.569569e-02;1.882219e-02;2.119413e-02;3.001454e-02
4.458567e-02;1.113534e-01;1.188513e-01;1.455930e-01;8.408407e-02;2.971016e-02;6.355501e-02;2.457189e-01;6.690886e-02;1.998420e-02;3.421221e-02;3.544332e-02
4.260242e-02;1.409914e-01;1.374387e-01;1.551294e-01;8.321024e-02;5.288374e-02;6.619039e-02;2.098605e-01;4.429120e-02;1.562643e-02;3.459605e-02;1.717959e-02
3.197085e-02;1.467756e-01;1.515156e-01;1.443662e-01;8.093441e-02;6.614850e-02;6.699029e-02;2.200437e-01;3.270387e-02;2.136446e-02;2.921996e-02;7.966515e-03
2.244771e-02;1.397648e-01;1.622382e-01;1.059351e-01;8.300859e-02;7.569554e-02;6.508743e-02;2.338483e-01;4.342728e-02;2.498573e-02;2.830677e-02;1.525453e-02
1.719902e-02;1.116183e-01;1.390171e-01;6.064361e-02;1.271879e-01;1.148564e-01;8.632940e-02;2.515387e-01;3.037810e-02;1.935172e-02;2.747555e-02;1.440428e-02
1.443830e-02;8.246721e-02;1.096691e-01;4.250446e-02;1.777094e-01;1.278348e-01;8.890798e-02;2.664329e-01;4.191599e-02;1.001757e-02;2.348730e-02;1.461498e-02
1.774722e-02;8.896164e-02;9.079663e-02;7.048490e-02;1.559621e-01;1.019341e-01;8.585641e-02;2.871201e-01;4.927425e-02;7.608143e-03;2.632646e-02;1.792796e-02
1.871221e-02;9.330788e-02;7.277742e-02;6.407399e-02;1.116638e-01;1.300652e-01;8.122510e-02;3.113053e-01;5.319652e-02;1.474732e-02;3.223429e-02;1.669105e-02
1.633787e-02;8.027957e-02;8.165297e-02;4.539039e-02;1.326985e-01;1.395346e-01;7.877877e-02;3.178031e-01;4.785323e-02;2.190687e-02;2.588253e-02;1.188158e-02
9.618408e-03;5.058333e-02;6.537043e-02;3.342718e-02;1.390053e-01;2.415570e-01;8.260700e-02;2.707814e-01;4.257641e-02;3.106399e-02;1.853393e-02;1.487571e-02
7.583161e-03;3.214987e-02;4.287899e-02;3.819587e-02;1.108368e-01;3.392168e-01;1.010606e-01;2.308413e-01;4.690044e-02;2.918939e-02;1.322386e-02;7.922796e-03
1.165894e-02;2.598306e-02;4.194270e-02;5.071911e-02;7.278497e-02;3.911326e-01;1.210489e-01;1.948414e-01;4.660625e-02;2.277904e-02;1.141842e-02;9.084634e-03
1.374368e-02;5.170612e-02;1.051501e-01;7.130110e-02;5.252279e-02;3.203983e-01;1.273562e-01;1.397729e-01;4.235655e-02;4.676859e-02;7.491036e-03;2.143263e-02
2.444346e-02;5.613606e-02;1.612214e-01;6.053428e-02;6.752922e-02;2.317289e-01;9.782273e-02;1.408011e-01;3.560611e-02;8.631285e-02;1.800288e-02;1.986096e-02
2.866657e-02;7.575999e-02;1.118882e-01;4.293904e-02;6.201109e-02;2.223468e-01;4.052586e-02;1.852049e-01;4.601814e-02;1.426892e-01;2.931074e-02;1.263940e-02
2.658077e-02;5.961032e-02;6.565846e-02;7.895069e-02;7.577835e-02;2.626169e-01;3.769667e-02;1.723881e-01;4.064688e-02;1.493289e-01;1.866906e-02;1.207491e-02
2.954653e-02;6.449358e-02;6.278967e-02;8.117504e-02;7.241335e-02;3.266819e-01;3.679044e-02;1.488417e-01;3.843077e-02;1.220701e-01;8.419829e-03;8.347125e-03
3.516598e-02;4.026604e-02;4.586455e-02;5.718663e-02;7.224923e-02;4.273736e-01;4.771526e-02;1.389192e-01;4.145971e-02;8.561605e-02;2.742060e-03;5.441778e-03
4.089358e-02;3.804319e-02;4.923880e-02;3.432123e-02;7.514770e-02;4.772255e-01;3.857627e-02;1.347722e-01;3.813856e-02;5.637487e-02;5.475484e-03;1.179264e-02
4.716981e-02;4.396572e-02;6.631179e-02;3.380917e-02;9.662888e-02;4.752491e-01;3.309320e-02;7.793225e-02;4.528030e-02;4.131787e-02;1.161258e-02;2.762923e-02
3.499198e-02;4.946528e-02;9.842431e-02;3.373647e-02;8.883940e-02;3.766767e-01;4.739496e-02;1.117405e-01;7.765435e-02;2.667516e-02;2.120821e-02;3.319269e-02
4.141052e-02;4.580482e-02;1.416909e-01;3.913718e-02;5.430122e-02;2.786196e-01;4.440683e-02;1.531666e-01;9.059446e-02;3.979337e-02;3.749184e-02;3.358262e-02
5.246899e-02;8.206313e-02;1.580754e-01;4.724034e-02;5.278216e-02;2.422114e-01;3.432813e-02;1.310117e-01;6.014647e-02;6.610306e-02;3.480600e-02;3.876326e-02
8.308344e-02;8.125211e-02;1.447477e-01;5.022237e-02;5.762949e-02;2.516931e-01;2.612862e-02;9.054056e-02;5.048063e-02;7.666922e-02;2.722833e-02;6.032451e-02
9.316362e-02;1.333286e-01;1.034106e-01;7.539538e-02;5.783055e-02;2.529393e-01;2.911089e-02;5.145958e-02;5.099151e-02;6.259657e-02;2.401621e-02;6.575724e-02
5.960812e-02;8.577792e-02;8.911511e-02;9.194973e-02;7.732564e-02;2.572552e-01;6.475181e-02;5.343384e-02;8.637217e-02;5.277934e-02;2.093597e-02;6.069519e-02
3.029300e-02;3.987575e-02;8.162645e-02;7.122122e-02;1.221193e-01;2.240243e-01;8.149680e-02;7.296775e-02;1.254816e-01;5.866429e-02;1.800841e-02;7.422115e-02
2.913411e-02;4.492012e-02;7.976437e-02;7.372241e-02;1.082308e-01;1.795578e-01;9.283972e-02;1.022109e-01;1.282424e-01;5.083562e-02;2.562043e-02;8.492139e-02
3.135364e-02;6.762777e-02;1.235430e-01;6.436508e-02;6.849607e-02;1.676458e-01;7.981979e-02;1.135584e-01;9.686191e-02;5.861686e-02;4.872166e-02;7.939005e-02
1.663282e-02;6.979236e-02;1.688811e-01;6.363136e-02;6.061528e-02;1.528115e-01;5.109153e-02;1.536896e-01;6.046112e-02;6.676044e-02;8.756387e-02;4.806901e-02
8.526336e-03;6.858300e-02;1.680042e-01;8.811040e-02;6.498718e-02;1.695381e-01;5.087279e-02;1.669859e-01;3.918973e-02;3.963724e-02;1.025406e-01;3.302459e-02
1.100929e-02;6.708115e-02;1.637376e-01;8.663032e-02;6.097722e-02;1.915853e-01;6.953757e-02;1.652520e-01;3.308464e-02;2.153622e-02;9.909677e-02;3.047200e-02
1.221851e-02;6.883179e-02;1.487986e-01;6.716467e-02;5.887841e-02;1.739919e-01;9.627286e-02;1.966230e-01;3.122138e-02;3.145846e-02;9.057385e-02;2.396659e-02
7.655054e-03;5.536834e-02;1.307053e-01;5.550657e-02;6.764667e-02;2.482122e-01;9.302151e-02;1.746303e-01;3.485057e-02;3.275122e-02;8.114593e-02;1.850627e-02
8.070659e-03;5.955356e-02;1.440369e-01;5.898929e-02;7.879463e-02;2.321831e-01;1.108801e-01;1.467937e-01;3.633708e-02;1.973512e-02;8.039503e-02;2.423098e-02
8.190481e-03;6.094197e-02;1.493048e-01;5.561345e-02;7.512833e-02;2.019594e-01;1.274138e-01;1.788066e-01;3.344438e-02;1.487992e-02;7.177212e-02;2.254475e-02
5.762982e-03;6.297946e-02;1.411342e-01;4.987530e-02;7.716864e-02;1.659498e-01;1.224134e-01;2.314215e-01;4.242206e-02;1.358919e-02;6.481557e-02;2.246788e-02
9.014217e-03;6.005875e-02;1.370799e-01;4.887779e-02;8.166219e-02;2.216943e-01;1.081851e-01;2.132770e-01;4.575795e-02;1.149350e-02;4.848237e-02;1.441690e-02
8.555668e-03;6.273139e-02;1.293380e-01;4.693208e-02;7.821525e-02;2.943069e-01;1.014131e-01;1.709131e-01;4.008225e-02;1.544621e-02;3.919246e-02;1.287366e-02
7.283592e-03;5.760952e-02;1.171597e-01;4.044242e-02;1.056531e-01;2.736454e-01;1.077934e-01;1.974504e-01;3.288992e-02;1.337665e-02;3.681909e-02;9.876840e-03
8.178759e-03;7.189193e-02;1.264777e-01;3.831659e-02;1.256195e-01;1.407455e-01;1.465959e-01;2.106394e-01;4.744368e-02;3.925738e-02;3.371157e-02;1.112226e-02
1.247342e-02;7.499077e-02;1.130241e-01;2.894725e-02;1.011962e-01;2.027875e-01;1.885040e-01;1.572141e-01;6.152060e-02;3.583496e-02;1.132390e-02;1.218319e-02
1.420489e-02;6.813448e-02;9.861182e-02;2.260427e-02;6.929670e-02;2.259915e-01;1.798504e-01;1.803897e-01;8.296817e-02;1.572459e-02;2.123071e-02;2.099272e-02
1.495729e-02;6.588276e-02;1.022532e-01;2.989147e-02;7.431566e-02;2.253898e-01;1.472554e-01;2.127281e-01;6.077738e-02;2.304807e-02;2.177233e-02;2.172847e-02
1.750516e-02;6.973688e-02;1.516045e-01;4.986865e-02;7.929807e-02;2.268022e-01;1.273335e-01;1.637734e-01;4.535352e-02;2.493585e-02;1.909570e-02;2.469250e-02
2.001359e-02;8.814514e-02;1.855303e-01;5.562679e-02;5.583603e-02;2.243087e-01;1.076219e-01;1.476659e-01;4.737528e-02;2.511949e-02;1.353842e-02;2.921841e-02
