2.387615e-02;8.733688e-02;8.419152e-02;3.862296e-02;2.486990e-02;2.655120e-01;4.218114e-02;1.900888e-01;1.263589e-01;4.073619e-02;4.510576e-02;3.111973e-02
2.411221e-02;6.273977e-02;5.255796e-02;3.282253e-02;6.083634e-02;3.175442e-01;8.300471e-02;1.286975e-01;9.739275e-02;3.699202e-02;7.221095e-02;3.108909e-02
2.463147e-02;4.725454e-02;5.006126e-02;1.205664e-02;8.583857e-02;3.927018e-01;1.029378e-01;9.113551e-02;6.033826e-02;3.275050e-02;7.735191e-02;2.294175e-02
2.593157e-02;3.198444e-02;4.266714e-02;3.191145e-02;1.287841e-01;4.023369e-01;7.755417e-02;7.836089e-02;6.151542e-02;3.067978e-02;6.593303e-02;2.234109e-02
2.191920e-02;3.629498e-02;4.990752e-02;5.488971e-02;1.599105e-01;3.378232e-01;6.282983e-02;9.812528e-02;8.241970e-02;2.494164e-02;4.400128e-02;2.693708e-02
1.632558e-02;5.013134e-02;6.315763e-02;6.605671e-02;1.446649e-01;2.592984e-01;7.013354e-02;1.538930e-01;9.330399e-02;2.587108e-02;3.002949e-02;2.713428e-02
1.777560e-02;6.310386e-02;5.867947e-02;5.236877e-02;9.319895e-02;1.929467e-01;6.816970e-02;1.991289e-01;1.358242e-01;3.578222e-02;5.706370e-02;2.595799e-02
1.545298e-02;7.167164e-02;7.886813e-02;3.243440e-02;1.497195e-01;1.249634e-01;3.031889e-02;1.893579e-01;1.655001e-01;4.037301e-02;7.409544e-02;2.724454e-02
1.825568e-02;6.697857e-02;5.579333e-02;4.787119e-02;1.841863e-01;1.582480e-01;2.194593e-02;1.912706e-01;1.439301e-01;3.034636e-02;6.057432e-02;2.059967e-02
1.615436e-02;3.876176e-02;4.107168e-02;5.640203e-02;1.972543e-01;2.526345e-01;2.992958e-02;1.160890e-01;1.419451e-01;4.043994e-02;4.967020e-02;1.964754e-02
1.107710e-02;2.033997e-02;2.315065e-02;3.860476e-02;1.552800e-01;2.890593e-01;5.047997e-02;1.774637e-01;1.142988e-01;4.236680e-02;5.689822e-02;2.098074e-02
1.227454e-02;3.027839e-02;3.630545e-02;2.767823e-02;8.031330e-02;3.673083e-01;8.173494e-02;1.772402e-01;7.366580e-02;2.762356e-02;6.801365e-02;1.756361e-02
1.572052e-02;3.041242e-02;4.260674e-02;4.185437e-02;7.295477e-02;4.258006e-01;8.993196e-02;1.166327e-01;6.550013e-02;2.310465e-02;6.496841e-02;1.051274e-02
2.546067e-02;6.407510e-02;9.771738e-02;3.819317e-02;9.565685e-02;2.479709e-01;1.008693e-01;1.180725e-01;7.251907e-02;6.215586e-02;4.782756e-02;2.948161e-02
2.729847e-02;1.257510e-01;1.675090e-01;4.766090e-02;5.188155e-02;1.396008e-01;6.099233e-02;1.133727e-01;1.123511e-01;6.949247e-02;5.713031e-02;2.695927e-02
3.949308e-02;1.468739e-01;1.606219e-01;4.769778e-02;5.520867e-02;1.043633e-01;6.383459e-02;1.082662e-01;1.288272e-01;4.685815e-02;6.538178e-02;3.257345e-02
7.070553e-02;1.272447e-01;1.246585e-01;3.719634e-02;7.803351e-02;7.984699e-02;6.072786e-02;1.516042e-01;1.320738e-01;4.643699e-02;5.621469e-02;3.525678e-02
7.681322e-02;1.020241e-01;8.439653e-02;3.097879e-02;9.191985e-02;1.004860e-01;6.053929e-02;1.608396e-01;1.224584e-01;8.005127e-02;6.517306e-02;2.431976e-02
5.681879e-02;8.989324e-02;6.645817e-02;2.539081e-02;8.765665e-02;1.206167e-01;6.038449e-02;1.596538e-01;1.511768e-01;7.986810e-02;7.870864e-02;2.337380e-02
8.798483e-02;6.112051e-02;5.347846e-02;1.902633e-02;1.071045e-01;7.626370e-02;6.264842e-02;2.726363e-01;1.172470e-01;5.598791e-02;6.411684e-02;2.238523e-02
1.557389e-01;3.509498e-02;5.640581e-02;1.393082e-02;1.088289e-01;3.890179e-02;6.404908e-02;3.687671e-01;6.121263e-02;2.777527e-02;4.851452e-02;2.078027e-02
2.022187e-01;3.150742e-02;5.479509e-02;1.314514e-02;7.633442e-02;3.953206e-02;4.995314e-02;4.035389e-01;3.956829e-02;1.974261e-02;4.422279e-02;2.544146e-02
2.078271e-01;1.919236e-02;3.688009e-02;2.290486e-02;5.380382e-02;3.128519e-02;6.181620e-02;4.007845e-01;3.979136e-02;3.451651e-02;3.398158e-02;5.721647e-02
2.134457e-01;2.302857e-02;5.148010e-02;1.860050e-02;9.911853e-02;1.718523e-02;4.579822e-02;4.075204e-01;2.760377e-02;2.715364e-02;3.114333e-02;3.792202e-02
2.292761e-01;3.564027e-02;6.204769e-02;1.526061e-02;1.205842e-01;1.231552e-02;4.654934e-02;3.500666e-01;3.617565e-02;2.677701e-02;4.647418e-02;1.883287e-02
2.527599e-01;5.562256e-02;6.423067e-02;2.354914e-02;1.005947e-01;1.459051e-02;8.781520e-02;2.289554e-01;4.128959e-02;3.252732e-02;7.153516e-02;2.652977e-02
2.637630e-01;6.582025e-02;6.277096e-02;1.825765e-02;4.954756e-02;2.446658e-02;1.088789e-01;1.794733e-01;5.585943e-02;3.677777e-02;8.849818e-02;4.588636e-02
2.701213e-01;7.675219e-02;7.373658e-02;2.100245e-02;4.712447e-02;3.611958e-02;9.400315e-02;1.574680e-01;6.883162e-02;4.519103e-02;6.496051e-02;4.468914e-02
2.540625e-01;8.635297e-02;6.849098e-02;1.931326e-02;8.887737e-02;5.297587e-02;6.723991e-02;1.556332e-01;8.353900e-02;4.558383e-02;5.273522e-02;2.519589e-02
2.511511e-01;7.283714e-02;5.602561e-02;1.456692e-02;1.432732e-01;3.832309e-02;5.344498e-02;1.692557e-01;7.685458e-02;2.660725e-02;6.869186e-02;2.896849e-02
2.488341e-01;7.198654e-02;4.571355e-02;1.990270e-02;1.390398e-01;4.539650e-02;5.346587e-02;2.313726e-01;4.697951e-02;3.824349e-02;4.652562e-02;1.253975e-02
2.243864e-01;9.678248e-02;5.781477e-02;1.547509e-02;8.366442e-02;4.818222e-02;4.599808e-02;2.640763e-01;7.128324e-02;3.290462e-02;3.035951e-02;2.907284e-02
2.263348e-01;9.241445e-02;7.405499e-02;2.071258e-02;5.307260e-02;5.234555e-02;4.175413e-02;2.851257e-01;8.303318e-02;2.644234e-02;1.983825e-02;2.487148e-02
1.945559e-01;8.337400e-02;8.966504e-02;2.089282e-02;3.567016e-02;5.253385e-02;4.799089e-02;3.326972e-01;9.669356e-02;1.976171e-02;1.513137e-02;1.103348e-02
1.588550e-01;7.409148e-02;8.208196e-02;2.266765e-02;5.124050e-02;3.889159e-02;4.172000e-02;3.982661e-01;7.017963e-02;2.359685e-02;2.532627e-02;1.308294e-02
1.887848e-01;5.083403e-02;5.758468e-02;3.025592e-02;7.625952e-02;4.541130e-02;3.972189e-02;3.833298e-01;6.098258e-02;2.309842e-02;2.177894e-02;2.195813e-02
1.852787e-01;6.886508e-02;6.322510e-02;3.998013e-02;7.908061e-02;7.718092e-02;4.957621e-02;2.899045e-01;6.304288e-02;2.757745e-02;2.408424e-02;3.220429e-02
1.182015e-01;1.359029e-01;1.804539e-01;4.648295e-02;6.247983e-02;8.012665e-02;5.625635e-02;1.873638e-01;4.151266e-02;4.351488e-02;1.677964e-02;3.092502e-02
6.924300e-02;1.935388e-01;2.842519e-01;4.436640e-02;4.299780e-02;6.939118e-02;3.701868e-02;1.329278e-01;2.673168e-02;5.915688e-02;1.737543e-02;2.300036e-02
4.964913e-02;2.289957e-01;2.425954e-01;3.122421e-02;4.954418e-02;4.904190e-02;4.564941e-02;1.758118e-01;3.662870e-02;5.046588e-02;2.644217e-02;1.395154e-02
6.275355e-02;2.655252e-01;1.779816e-01;2.094197e-02;4.594691e-02;5.157123e-02;4.304370e-02;1.985077e-01;6.259552e-02;3.083568e-02;2.614610e-02;1.415084e-02
6.894762e-02;2.745069e-01;2.097673e-01;2.212907e-02;3.588896e-02;5.068023e-02;6.137827e-02;1.720761e-01;5.392496e-02;1.805648e-02;2.171093e-02;1.093320e-02
8.795118e-02;2.665019e-01;2.335609e-01;1.832987e-02;3.673654e-02;3.279536e-02;7.481696e-02;1.490947e-01;4.202953e-02;2.233407e-02;2.581636e-02;1.003256e-02
1.522285e-01;2.168926e-01;2.015631e-01;1.648367e-02;5.883230e-02;2.874746e-02;5.413127e-02;1.617388e-01;4.430971e-02;2.905513e-02;2.428579e-02;1.173169e-02
2.228179e-01;1.212412e-01;1.274389e-01;1.861804e-02;8.377578e-02;2.565425e-02;3.165856e-02;2.199678e-01;6.995297e-02;2.818931e-02;2.898195e-02;2.170329e-02
1.630162e-01;1.250161e-01;9.974612e-02;5.231256e-02;3.996240e-02;6.143606e-02;7.529391e-02;1.760337e-01;7.259446e-02;1.944825e-02;3.499166e-02;8.014850e-02
7.349987e-02;1.332988e-01;9.713449e-02;7.599664e-02;3.652811e-02;7.957886e-02;1.569205e-01;9.793785e-02;4.996938e-02;2.716593e-02;3.427889e-02;1.376908e-01
3.507480e-02;9.072769e-02;8.698389e-02;7.763236e-02;3.988382e-02;8.730614e-02;2.396083e-01;5.827667e-02;3.563323e-02;2.195635e-02;4.994684e-02;1.769699e-01
1.594693e-02;4.288989e-02;8.555783e-02;4.648155e-02;3.004944e-02;1.447943e-01;2.649839e-01;7.423854e-02;2.914079e-02;1.281887e-02;1.052669e-01;1.478309e-01
2.216240e-02;5.565505e-02;8.965947e-02;1.488137e-02;2.108262e-02;2.066654e-01;1.943284e-01;6.951704e-02;3.257853e-02;1.567353e-02;1.877438e-01;9.005243e-02
2.463728e-02;4.450395e-02;8.418365e-02;7.627141e-03;2.433202e-02;2.474559e-01;1.296387e-01;6.849296e-02;4.038019e-02;1.613800e-02;2.565384e-01;5.607182e-02
2.161868e-02;3.293385e-02;7.561459e-02;9.652727e-03;1.918341e-02;2.802089e-01;8.772139e-02;8.007032e-02;3.477783e-02;2.784469e-02;3.063119e-01;2.406166e-02
3.293561e-02;2.562491e-02;6.280436e-02;7.094353e-03;1.766075e-02;2.885906e-01;8.797272e-02;8.372963e-02;3.399771e-02;4.040957e-02;3.008415e-01;1.833824e-02
5.368030e-02;5.130862e-02;7.951142e-02;8.870392e-03;3.265573e-02;2.903146e-01;5.311538e-02;6.088454e-02;3.893258e-02;3.531640e-02;2.598656e-01;3.554449e-02
6.801539e-02;6.986702e-02;1.109727e-01;1.587112e-02;5.233939e-02;2.979257e-01;3.745897e-02;3.678017e-02;6.249116e-02;4.105799e-02;1.723998e-01;3.482063e-02
6.117032e-02;8.029971e-02;1.178775e-01;2.055563e-02;4.858584e-02;2.756430e-01;5.537366e-02;6.496233e-02;9.532597e-02;7.592116e-02;6.569664e-02;3.858824e-02
5.059827e-02;1.141155e-01;1.290853e-01;1.742151e-02;2.756780e-02;1.692678e-01;9.649644e-02;8.037489e-02;7.956063e-02;6.049204e-02;1.125712e-01;6.244862e-02
4.096924e-02;1.421755e-01;1.572564e-01;1.113856e-02;2.869611e-02;1.057489e-01;1.167016e-01;1.012292e-01;5.368071e-02;3.968401e-02;1.278776e-01;7.484210e-02
6.216542e-02;1.413488e-01;1.689181e-01;2.069676e-02;3.597207e-02;9.244740e-02;9.509713e-02;1.448037e-01;5.180898e-02;2.850136e-02;9.055046e-02;6.768975e-02
7.416151e-02;1.172782e-01;1.626566e-01;1.739102e-02;2.721033e-02;1.176967e-01;1.116067e-01;1.769153e-01;6.372789e-02;1.619289e-02;8.072739e-02;3.443547e-02
6.602781e-02;7.250296e-02;1.225564e-01;1.738483e-02;1.806194e-02;1.702624e-01;7.121163e-02;1.751839e-01;7.801725e-02;3.220776e-02;1.376732e-01;3.890984e-02
5.975997e-02;4.027009e-02;1.058604e-01;2.389961e-02;2.085510e-02;1.858101e-01;7.832354e-02;2.033329e-01;7.095820e-02;2.852292e-02;1.533813e-01;2.902583e-02
5.148685e-02;9.745327e-02;1.301333e-01;1.701204e-02;3.151374e-02;1.611907e-01;4.750062e-02;2.356490e-01;5.969727e-02;3.677426e-02;1.134206e-01;1.816833e-02
5.180439e-02;9.436507e-02;1.399970e-01;1.719806e-02;3.774892e-02;1.386456e-01;6.029291e-02;2.516341e-01;5.780891e-02;4.819678e-02;6.448604e-02;3.782220e-02
5.541216e-02;9.551704e-02;1.576609e-01;2.115598e-02;2.434899e-02;1.120096e-01;8.836047e-02;2.251110e-01;5.109353e-02;5.097468e-02;5.292035e-02;6.543524e-02
3.808798e-02;1.180665e-01;1.573658e-01;2.458806e-02;4.526320e-02;6.880587e-02;1.179057e-01;1.788677e-01;5.475618e-02;4.728667e-02;7.563211e-02;7.337432e-02
4.826688e-02;1.546157e-01;1.926008e-01;3.022175e-02;4.088426e-02;7.205357e-02;1.250911e-01;1.486950e-01;4.167861e-02;3.516284e-02;6.415813e-02;4.657134e-02
6.132012e-02;1.503707e-01;1.822262e-01;3.557486e-02;2.748576e-02;8.460362e-02;1.656440e-01;1.042568e-01;4.797608e-02;2.206824e-02;7.516894e-02;4.330470e-02
5.741269e-02;6.451781e-02;1.533197e-01;3.482382e-02;4.818825e-02;1.211460e-01;1.898923e-01;1.238943e-01;3.799246e-02;2.498827e-02;1.121628e-01;3.166160e-02
4.680058e-02;1.136354e-01;1.643869e-01;2.816068e-02;5.886034e-02;9.331477e-02;1.257062e-01;1.737036e-01;5.742855e-02;2.322404e-02;8.866841e-02;2.611056e-02
7.801271e-02;1.496685e-01;1.816379e-01;1.783091e-02;5.914894e-02;6.745391e-02;8.254680e-02;1.960032e-01;6.853109e-02;2.368692e-02;2.466874e-02;5.081047e-02
8.556435e-02;1.208909e-01;1.680862e-01;2.183243e-02;3.881214e-02;2.964290e-02;8.327179e-02;1.768105e-01;9.447040e-02;2.005698e-02;9.341644e-02;6.714498e-02
6.952540e-02;5.521451e-02;1.521633e-01;2.889614e-02;4.140826e-02;5.210985e-02;6.693073e-02;1.834339e-01;1.098452e-01;2.186444e-02;1.227969e-01;9.581146e-02
4.483071e-02;1.002819e-01;1.743069e-01;3.829014e-02;7.871516e-02;6.015928e-02;7.377148e-02;1.508883e-01;7.738730e-02;3.106384e-02;8.405712e-02;8.624779e-02
3.748060e-02;1.379948e-01;1.746447e-01;4.716616e-02;1.021157e-01;6.847323e-02;1.124530e-01;9.472013e-02;6.470642e-02;2.590386e-02;8.358342e-02;5.075800e-02
4.422193e-02;9.997440e-02;1.109948e-01;6.615810e-02;5.684906e-02;1.415821e-01;9.735912e-02;1.534723e-01;9.198910e-02;5.008006e-02;6.103848e-02;2.628051e-02
3.518108e-02;1.176765e-01;1.828146e-01;5.906131e-02;3.777434e-02;1.737012e-01;5.895513e-02;1.417751e-01;8.427858e-02;5.543590e-02;3.689655e-02;1.644971e-02
3.118585e-02;2.336815e-01;2.641600e-01;5.061346e-02;2.552209e-02;1.611867e-01;3.295842e-02;6.766612e-02;7.155252e-02;3.403042e-02;1.539276e-02;1.205008e-02
3.718312e-02;3.345827e-01;2.526082e-01;4.802486e-02;4.342755e-02;1.340994e-01;2.112596e-02;3.290760e-02;6.598213e-02;1.397379e-02;8.053701e-03;8.031044e-03
6.947780e-02;3.645627e-01;1.524272e-01;4.162655e-02;8.957685e-02;9.748136e-02;2.222787e-02;7.206943e-02;6.389768e-02;1.124076e-02;1.247034e-02;2.941424e-03
1.681237e-01;2.761678e-01;8.434749e-02;2.792516e-02;1.417494e-01;4.392697e-02;2.258087e-02;1.370077e-01;5.645429e-02;8.144058e-03;2.633308e-02;7.239546e-03
2.724305e-01;1.575154e-01;6.579863e-02;1.389401e-02;1.468112e-01;2.001788e-02;2.878437e-02;2.044444e-01;3.517568e-02;8.904887e-03;3.470478e-02;1.151830e-02
3.326609e-01;8.366301e-02;4.517446e-02;1.393505e-02;1.174776e-01;2.493601e-02;3.226827e-02;2.614478e-01;2.075401e-02;1.128222e-02;3.456752e-02;2.183318e-02
3.409175e-01;6.330299e-02;5.268883e-02;1.904853e-02;8.432375e-02;2.448381e-02;3.470292e-02;2.824057e-01;2.790453e-02;6.966051e-03;2.725234e-02;3.600308e-02
3.360793e-01;9.833943e-02;8.197874e-02;1.672718e-02;6.395142e-02;3.168671e-02;4.264873e-02;2.694835e-01;2.027942e-02;6.519057e-03;1.109294e-02;2.121357e-02
3.711827e-01;5.813784e-02;7.591007e-02;1.676206e-02;8.478422e-02;2.745032e-02;4.391329e-02;2.566579e-01;1.987995e-02;7.056172e-03;8.335063e-03;2.993031e-02
4.290465e-01;8.323973e-02;6.520910e-02;1.122624e-02;7.624918e-02;1.588866e-02;2.044625e-02;2.418594e-01;1.583245e-02;6.577690e-03;5.420356e-03;2.900443e-02
4.841993e-01;7.501666e-02;4.108374e-02;1.124585e-02;7.187629e-02;1.870595e-02;1.743663e-02;2.265199e-01;1.587713e-02;5.746644e-03;1.466194e-02;1.762992e-02
4.613639e-01;9.426932e-02;5.059938e-02;1.098436e-02;7.305133e-02;3.125617e-02;1.706706e-02;1.883619e-01;2.020343e-02;1.106673e-02;2.066166e-02;2.111476e-02
3.664486e-01;1.466015e-01;9.027082e-02;1.490624e-02;8.005811e-02;3.075231e-02;1.637788e-02;1.638649e-01;3.364395e-02;1.041766e-02;3.122547e-02;1.543254e-02
2.388025e-01;1.491320e-01;1.188462e-01;1.895992e-02;1.070786e-01;2.929194e-02;2.244649e-02;1.985280e-01;4.829774e-02;1.194447e-02;4.346690e-02;1.320530e-02
2.108105e-01;1.341294e-01;9.597275e-02;1.580753e-02;1.266230e-01;3.824487e-02;1.683619e-02;2.436417e-01;5.243622e-02;1.316566e-02;4.530874e-02;7.023254e-03
2.726159e-01;1.536725e-01;5.076796e-02;7.143076e-03;1.324098e-01;2.865308e-02;2.354502e-02;2.134584e-01;5.177779e-02;1.639063e-02;3.615246e-02;1.341345e-02
2.714558e-01;1.214915e-01;5.455438e-02;4.530280e-03;1.889777e-01;5.103342e-02;8.807080e-03;2.091993e-01;3.209693e-02;1.811873e-02;2.944447e-02;1.029042e-02
1.994349e-01;1.279218e-01;9.520634e-02;1.048729e-02;2.074991e-01;5.268717e-02;1.466921e-02;2.295288e-01;2.223350e-02;1.046530e-02;2.371320e-02;6.153345e-03
1.296047e-01;1.630221e-01;1.038145e-01;1.362922e-02;1.736535e-01;4.110889e-02;4.709162e-02;2.569846e-01;2.669513e-02;1.045171e-02;1.971444e-02;1.422967e-02
1.036573e-01;1.611337e-01;8.752550e-02;2.254366e-02;1.095051e-01;6.078220e-02;9.278359e-02;2.321297e-01;5.865339e-02;1.924653e-02;2.350341e-02;2.853586e-02
1.595367e-01;1.502967e-01;8.235233e-02;1.931177e-02;7.367659e-02;8.156510e-02;8.696365e-02;1.815463e-01;7.460751e-02;3.212939e-02;1.947898e-02;3.853505e-02
1.904559e-01;1.323887e-01;8.696130e-02;1.231764e-02;8.997174e-02;4.745952e-02;6.358231e-02;2.179506e-01;6.553507e-02;3.737834e-02;1.329248e-02;4.270649e-02
1.971794e-01;8.427682e-02;8.717985e-02;1.894762e-02;7.120901e-02;1.479885e-02;1.164013e-01;2.337971e-01;5.325216e-02;3.946795e-02;2.362598e-02;5.986388e-02
1.576311e-01;8.702466e-02;8.376503e-02;1.738656e-02;4.357877e-02;6.502742e-02;1.246713e-01;2.333809e-01;6.117748e-02;3.045282e-02;2.919662e-02;6.670734e-02
9.524743e-02;1.170184e-01;1.017924e-01;9.413790e-03;4.701211e-02;1.427469e-01;7.072203e-02;2.150057e-01;8.980364e-02;2.923360e-02;4.081754e-02;4.118642e-02
3.716880e-02;1.513553e-01;1.130768e-01;1.393631e-02;4.488471e-02;1.995416e-01;6.022046e-02;1.917688e-01;8.733962e-02;2.772571e-02;5.444784e-02;1.853395e-02
9.394301e-02;1.043446e-01;1.137252e-01;1.586175e-02;5.331711e-02;1.995455e-01;5.162259e-02;1.789245e-01;8.751959e-02;3.897333e-02;3.371759e-02;2.850532e-02
1.038865e-01;9.087300e-02;8.972355e-02;3.894721e-02;1.267292e-01;1.797057e-01;5.547367e-02;1.353995e-01;6.583935e-02;6.339816e-02;2.776343e-02;2.226068e-02
6.339016e-02;1.286787e-01;6.975096e-02;6.820058e-02;1.801186e-01;1.384822e-01;5.060847e-02;1.093366e-01;7.891720e-02;7.627117e-02;2.127669e-02;1.496861e-02
2.652439e-02;1.164370e-01;8.954977e-02;9.298541e-02;2.298879e-01;8.641234e-02;2.057562e-02;1.202902e-01;9.866702e-02;8.891341e-02;1.607426e-02;1.368277e-02
6.001179e-02;7.916561e-02;8.389853e-02;1.185615e-01;2.433396e-01;2.016045e-02;1.695538e-02;1.489384e-01;1.149803e-01;8.379363e-02;1.848449e-02;1.171020e-02
1.018319e-01;5.526388e-02;4.330448e-02;1.545634e-01;2.201880e-01;4.434796e-02;3.985224e-02;1.425794e-01;1.210054e-01;4.274365e-02;2.168233e-02;1.263735e-02
1.199681e-01;6.177583e-02;3.977025e-02;1.711639e-01;2.019191e-01;3.679171e-02;5.592981e-02;1.405858e-01;1.119586e-01;2.886996e-02;1.941561e-02;1.185124e-02
1.115094e-01;6.196458e-02;4.262575e-02;1.687489e-01;1.910123e-01;4.742532e-02;6.346502e-02;1.151851e-01;1.213938e-01;5.190447e-02;1.715093e-02;7.614360e-03
9.482200e-02;4.311182e-02;5.046716e-02;1.678488e-01;2.006261e-01;5.659044e-02;7.538277e-02;1.026526e-01;1.200720e-01;6.489321e-02;1.498525e-02;8.547924e-03
7.193658e-02;4.446111e-02;4.734154e-02;1.630954e-01;2.607485e-01;5.710385e-02;7.591838e-02;1.003506e-01;1.088380e-01;5.312110e-02;8.984016e-03;8.101013e-03
6.300279e-02;3.386588e-02;5.013010e-02;1.671249e-01;2.744951e-01;4.140741e-02;7.098073e-02;9.953749e-02;1.053903e-01;7.226133e-02;1.365743e-02;8.146585e-03
5.738214e-02;7.065664e-02;6.558589e-02;1.668235e-01;2.510174e-01;4.335473e-02;5.257216e-02;8.086839e-02;1.016326e-01;9.020080e-02;1.135484e-02;8.550964e-03
7.151738e-02;9.316342e-02;7.266248e-02;1.364659e-01;2.458002e-01;4.255361e-02;4.149995e-02;7.417866e-02;9.880280e-02;9.291594e-02;1.610230e-02;1.433734e-02
9.470724e-02;1.259483e-01;7.001723e-02;1.120664e-01;2.069323e-01;4.466138e-02;5.025081e-02;6.621701e-02;1.003517e-01;9.264955e-02;2.163620e-02;1.456197e-02
9.843728e-02;1.425070e-01;6.645741e-02;7.614649e-02;2.000675e-01;6.341387e-02;4.912990e-02;5.655870e-02;1.105418e-01;9.024277e-02;2.321259e-02;2.328468e-02
6.547555e-02;1.548473e-01;7.554899e-02;4.116033e-02;1.889176e-01;5.288028e-02;3.972042e-02;9.742387e-02;1.419535e-01;7.623519e-02;3.288895e-02;3.294809e-02
3.828752e-02;1.190025e-01;7.635291e-02;6.929015e-02;2.024283e-01;5.129213e-02;4.011394e-02;1.205886e-01;1.576011e-01;7.167386e-02;2.520032e-02;2.816869e-02
4.709124e-02;8.598853e-02;7.131097e-02;8.802836e-02;2.432025e-01;6.247665e-02;4.012149e-02;1.011759e-01;1.458206e-01;6.334101e-02;2.562048e-02;2.582234e-02
6.824519e-02;9.312775e-02;5.686279e-02;9.073570e-02;2.558849e-01;1.062426e-01;3.055728e-02;9.805329e-02;1.241907e-01;4.123468e-02;1.991651e-02;1.494854e-02
8.927154e-02;8.978514e-02;6.530567e-02;9.860615e-02;2.323775e-01;1.129508e-01;2.638733e-02;1.094145e-01;1.236472e-01;3.243970e-02;1.302086e-02;6.793676e-03
8.486458e-02;7.559650e-02;7.455720e-02;7.957391e-02;1.771820e-01;8.336523e-02;2.609035e-02;1.544554e-01;1.715641e-01;2.899502e-02;2.005574e-02;2.369988e-02
5.657148e-02;9.117083e-02;7.760584e-02;3.610402e-02;1.187064e-01;6.366514e-02;5.190722e-02;2.131065e-01;2.122768e-01;4.102239e-02;1.943566e-02;1.842766e-02
4.794914e-02;1.095323e-01;9.378854e-02;2.903804e-02;9.922768e-02;8.532098e-02;4.111907e-02;2.194135e-01;1.786347e-01;4.568711e-02;3.179262e-02;1.849619e-02
6.206216e-02;1.231243e-01;9.312920e-02;4.550875e-02;1.024939e-01;1.317521e-01;4.581077e-02;1.857014e-01;1.161024e-01;4.492037e-02;2.595266e-02;2.344200e-02
7.175569e-02;1.573109e-01;7.575474e-02;2.571468e-02;1.233622e-01;1.267982e-01;6.148254e-02;1.946476e-01;8.698794e-02;4.064152e-02;9.573690e-03;2.597045e-02
6.234961e-02;1.517223e-01;4.713103e-02;5.807740e-02;1.578487e-01;6.358810e-02;4.063107e-02;2.192763e-01;1.169762e-01;4.298912e-02;1.376818e-02;2.564186e-02
4.763628e-02;1.316002e-01;6.482029e-02;7.819585e-02;1.625033e-01;6.617672e-02;2.526784e-02;1.814435e-01;1.495861e-01;3.949006e-02;3.340110e-02;1.987882e-02
3.881877e-02;1.186353e-01;6.128827e-02;9.706897e-02;2.158460e-01;8.625397e-02;3.724199e-02;1.217281e-01;1.267762e-01;4.828914e-02;3.342121e-02;1.463213e-02
4.658590e-02;9.135600e-02;6.626610e-02;1.137027e-01;2.736232e-01;8.735076e-02;3.019171e-02;8.598987e-02;1.079988e-01;6.407067e-02;1.816173e-02;1.470264e-02
9.372040e-02;1.331196e-01;8.994231e-02;1.114416e-01;2.327904e-01;4.786858e-02;2.612362e-02;6.743079e-02;1.009553e-01;6.289475e-02;1.546330e-02;1.824941e-02
1.142450e-01;1.237757e-01;9.916062e-02;7.741962e-02;1.900611e-01;7.261940e-02;3.997032e-02;9.770872e-02;9.065916e-02;5.057366e-02;3.306824e-02;1.073848e-02
9.786410e-02;1.415964e-01;1.108589e-01;5.920415e-02;1.389421e-01;5.991134e-02;3.799307e-02;1.180134e-01;9.059040e-02;5.691747e-02;5.921847e-02;2.889016e-02
6.235804e-02;8.779931e-02;1.055307e-01;7.603497e-02;7.138941e-02;8.454452e-02;4.152279e-02;1.292142e-01;7.881654e-02;1.097579e-01;1.062527e-01;4.677895e-02
5.682542e-02;6.885272e-02;1.255694e-01;9.214663e-02;7.938979e-02;1.028482e-01;3.227661e-02;1.193259e-01;8.733001e-02;8.647223e-02;9.747504e-02;5.148803e-02
6.534995e-02;1.211929e-01;1.466645e-01;7.184232e-02;7.629877e-02;9.994744e-02;3.490207e-02;1.587701e-01;8.460395e-02;5.415314e-02;5.538030e-02;3.089451e-02
8.613143e-02;1.334816e-01;1.118302e-01;5.688674e-02;8.489098e-02;7.223337e-02;4.868696e-02;2.643107e-01;6.124275e-02;2.315264e-02;2.839603e-02;2.875654e-02
8.136355e-02;8.220308e-02;5.088041e-02;8.099348e-02;6.705417e-02;2.456583e-02;1.202306e-01;3.423141e-01;5.145806e-02;2.060812e-02;1.880245e-02;5.952617e-02
4.158067e-02;2.727534e-02;2.825108e-02;1.362915e-01;3.731178e-02;3.147025e-02;2.624620e-01;2.518040e-01;4.278001e-02;2.194858e-02;9.091886e-03;1.097330e-01
1.688754e-02;1.053010e-02;3.602832e-02;1.542043e-01;1.722575e-02;4.512492e-02;3.473567e-01;1.515086e-01;2.992358e-02;1.600510e-02;3.173568e-02;1.434694e-01
9.548614e-03;1.866684e-02;8.113822e-02;1.154748e-01;1.354324e-02;9.980173e-02;3.390662e-01;6.693745e-02;2.607374e-02;8.353315e-03;7.737705e-02;1.440188e-01
1.178428e-02;1.480327e-02;1.485301e-01;4.577786e-02;2.136433e-02;1.606122e-01;2.558153e-01;4.801147e-02;3.396842e-02;8.220145e-03;1.352659e-01;1.158467e-01
1.056604e-02;1.086112e-02;1.871298e-01;1.442543e-02;1.947796e-02;1.845412e-01;2.110556e-01;4.205381e-02;4.105978e-02;6.317984e-03;1.700813e-01;1.024299e-01
4.868549e-03;1.420896e-02;1.718999e-01;3.147108e-02;1.563971e-02;1.839575e-01;2.122995e-01;3.730175e-02;3.714280e-02;1.098122e-02;1.638030e-01;1.164260e-01
4.878534e-03;1.553437e-02;1.202869e-01;9.698703e-02;2.140477e-02;1.444518e-01;2.556562e-01;3.995016e-02;2.795043e-02;1.147694e-02;1.212797e-01;1.401431e-01
1.439921e-02;1.885833e-02;8.703487e-02;1.541753e-01;1.505407e-02;9.992316e-02;2.973286e-01;3.829830e-02;1.859619e-02;9.250973e-03;8.039872e-02;1.666822e-01
1.307403e-02;1.466443e-02;5.172646e-02;1.721890e-01;9.765134e-03;7.336640e-02;3.518959e-01;3.207334e-02;1.652127e-02;1.156714e-02;6.136481e-02;1.917921e-01
1.200966e-02;1.026547e-02;4.088340e-02;1.379834e-01;9.931432e-03;6.923293e-02;3.898938e-01;4.666865e-02;1.326564e-02;1.555742e-02;7.042327e-02;1.838849e-01
1.357727e-02;2.927987e-02;3.639606e-02;8.224000e-02;1.269764e-02;6.549320e-02;4.002138e-01;6.661590e-02;1.714081e-02;3.913684e-02;6.257176e-02;1.746368e-01
1.521722e-02;3.508111e-02;3.638358e-02;5.934611e-02;1.009990e-02;8.435759e-02;3.682581e-01;6.490494e-02;2.193850e-02;1.006476e-01;4.166329e-02;1.621020e-01
1.076018e-02;3.791958e-02;3.598920e-02;8.351829e-02;1.331775e-02;1.212092e-01;2.980123e-01;4.200113e-02;1.760668e-02;1.526863e-01;4.237145e-02;1.446080e-01
2.290997e-02;5.895951e-02;4.549680e-02;8.737803e-02;1.265006e-02;1.323318e-01;2.188227e-01;5.335869e-02;2.357087e-02;1.414205e-01;7.193429e-02;1.311668e-01
3.340452e-02;7.338770e-02;7.323723e-02;7.265943e-02;1.965782e-02;1.542319e-01;1.344773e-01;4.701304e-02;3.707064e-02;1.033990e-01;1.059709e-01;1.454906e-01
3.780424e-02;1.183851e-01;1.078871e-01;5.691893e-02;1.717030e-02;1.315422e-01;1.226187e-01;8.354469e-02;4.497675e-02;7.543985e-02;7.382523e-02;1.298870e-01
4.659760e-02;1.258139e-01;1.093189e-01;7.267800e-02;2.166060e-02;1.009771e-01;1.174436e-01;1.368720e-01;4.417698e-02;7.498550e-02;5.270940e-02;9.676638e-02
3.439794e-02;7.095964e-02;6.325392e-02;1.102552e-01;2.621534e-02;6.322352e-02;2.644233e-01;9.467159e-02;4.120016e-02;8.012169e-02;3.358657e-02;1.176910e-01
2.711896e-02;6.732740e-02;6.340222e-02;7.165477e-02;3.606760e-02;4.654631e-02;3.245762e-01;1.025816e-01;5.610014e-02;6.919914e-02;4.267724e-02;9.274840e-02
2.154448e-02;4.939403e-02;7.708734e-02;6.146999e-02;4.827547e-02;9.819601e-02;2.621672e-01;1.110406e-01;8.462723e-02;6.592014e-02;5.059134e-02;6.968616e-02
1.654187e-02;1.683949e-02;7.896215e-02;7.840187e-02;4.352905e-02;1.429569e-01;2.279747e-01;9.380090e-02;1.052965e-01;7.688741e-02;6.135749e-02;5.745168e-02
2.146053e-02;3.136661e-02;9.558181e-02;8.724389e-02;2.993781e-02;2.092464e-01;1.788938e-01;7.729048e-02;9.135690e-02;6.437495e-02;6.137273e-02;5.187407e-02
2.415755e-02;4.681978e-02;1.079824e-01;9.706311e-02;2.410737e-02;2.635188e-01;1.292122e-01;6.094780e-02;5.816359e-02;7.030004e-02;6.386957e-02;5.385769e-02
2.223290e-02;4.695835e-02;9.464458e-02;6.199123e-02;3.081026e-02;2.982625e-01;1.222865e-01;4.041583e-02;5.033370e-02;6.824265e-02;9.102385e-02;7.279762e-02
1.717669e-02;3.642464e-02;8.041634e-02;4.382500e-02;3.762954e-02;3.153002e-01;1.196627e-01;5.823478e-02;5.282867e-02;4.939595e-02;9.934659e-02;8.975888e-02
1.373468e-02;2.907474e-02;8.105431e-02;4.383816e-02;6.926642e-02;2.358296e-01;1.858699e-01;7.936719e-02;6.531227e-02;4.177683e-02;6.682356e-02;8.805239e-02
1.335927e-02;6.869499e-02;1.037674e-01;9.000515e-02;9.563375e-02;9.528521e-02;2.121551e-01;7.694902e-02;8.625412e-02;3.968930e-02;5.212556e-02;6.608115e-02
1.624712e-02;7.889570e-02;8.920314e-02;1.133943e-01;8.432957e-02;1.231209e-01;1.909070e-01;7.689999e-02;9.426927e-02;3.568215e-02;4.252947e-02;5.452132e-02
1.456479e-02;5.996116e-02;6.793707e-02;1.314384e-01;6.033233e-02;7.696679e-02;1.890944e-01;1.108086e-01;1.151917e-01;5.748549e-02;4.594889e-02;7.027043e-02
3.012223e-02;3.383736e-02;5.663313e-02;1.295531e-01;3.626189e-02;7.983483e-02;2.334242e-01;1.069338e-01;1.020974e-01;6.385971e-02;4.351387e-02;8.392844e-02
4.928213e-02;5.299477e-02;5.554551e-02;1.148993e-01;3.872520e-02;7.697159e-02;2.717505e-01;7.878263e-02;8.223458e-02;5.454211e-02;2.566082e-02;9.861077e-02
5.264616e-02;4.721927e-02;5.498985e-02;8.682445e-02;4.004130e-02;1.231232e-01;2.767582e-01;7.612851e-02;8.313713e-02;4.048901e-02;2.745650e-02;9.118649e-02
2.881455e-02;4.123462e-02;6.766634e-02;1.163856e-01;4.917098e-02;1.610464e-01;2.166583e-01;7.061756e-02;7.433369e-02;4.171176e-02;5.562686e-02;7.673331e-02
1.976601e-02;7.006463e-02;6.639522e-02;1.365441e-01;7.782733e-02;1.164153e-01;1.274306e-01;7.716957e-02;7.955415e-02;6.063632e-02;7.973818e-02;8.845861e-02
1.296003e-02;9.086020e-02;7.478908e-02;1.477977e-01;9.633955e-02;6.346416e-02;8.215521e-02;1.030086e-01;7.613906e-02;9.084330e-02;8.050827e-02;8.113483e-02
1.759135e-02;6.168647e-02;1.115990e-01;9.741411e-02;5.766818e-02;1.230355e-01;1.503066e-01;8.263889e-02;7.093514e-02;5.184291e-02;9.740833e-02;7.787349e-02
2.234699e-02;3.303279e-02;1.017762e-01;7.266947e-02;2.543353e-02;1.314696e-01;2.549084e-01;8.050195e-02;5.976968e-02;2.720224e-02;8.134178e-02;1.095474e-01
3.119432e-02;1.407175e-02;7.464083e-02;6.435250e-02;1.845332e-02;1.034508e-01;2.835471e-01;6.881078e-02;7.558150e-02;2.816954e-02;7.199411e-02;1.657335e-01
3.409844e-02;1.461631e-02;1.027771e-01;3.345024e-02;1.244859e-02;1.301205e-01;1.880970e-01;3.697529e-02;1.283962e-01;2.790623e-02;1.356637e-01;1.554504e-01
4.501370e-02;1.774372e-02;1.535181e-01;1.086341e-02;1.075786e-02;1.722189e-01;7.666050e-02;3.047970e-02;1.319833e-01;2.104039e-02;2.345755e-01;9.514498e-02
7.059816e-02;2.004680e-02;1.928691e-01;6.280959e-03;7.498265e-03;1.877608e-01;3.773903e-02;2.716387e-02;8.460356e-02;1.441392e-02;3.100036e-01;4.102195e-02
8.767096e-02;3.825456e-02;2.250659e-01;1.202744e-02;6.781559e-03;1.748491e-01;2.479238e-02;2.423151e-02;5.400241e-02;2.319255e-02;3.035798e-01;2.555178e-02
7.248055e-02;4.342799e-02;2.290970e-01;1.390994e-02;1.397180e-02;1.685497e-01;3.062248e-02;1.752226e-02;7.610470e-02;4.899765e-02;2.585189e-01;2.679705e-02
4.437632e-02;3.103764e-02;2.041934e-01;1.777026e-02;3.054696e-02;2.013792e-01;3.206386e-02;1.430513e-02;9.273686e-02;8.631360e-02;2.210062e-01;2.427063e-02
2.286585e-02;1.748265e-02;1.622569e-01;2.201776e-02;5.107088e-02;3.206279e-01;2.768635e-02;2.160568e-02;7.631174e-02;9.103573e-02;1.705379e-01;1.650067e-02
2.811451e-02;1.433685e-02;9.573894e-02;2.476207e-02;6.259617e-02;4.973241e-01;6.890067e-02;1.964015e-02;3.821027e-02;5.921840e-02;7.432120e-02;1.683667e-02
4.279085e-02;1.877507e-02;4.959907e-02;3.958664e-02;7.143619e-02;5.491753e-01;6.603646e-02;1.687473e-02;2.802164e-02;3.025709e-02;7.330138e-02;1.414555e-02
3.612885e-02;4.299263e-02;4.499353e-02;5.520030e-02;8.285917e-02;4.480453e-01;5.446538e-02;3.118255e-02;5.004955e-02;4.681356e-02;9.263247e-02;1.463670e-02
2.558651e-02;6.676091e-02;4.013304e-02;6.115829e-02;1.357400e-01;3.011780e-01;5.117375e-02;4.124325e-02;7.013685e-02;1.336263e-01;4.864611e-02;2.461712e-02
1.937432e-02;6.496062e-02;4.132298e-02;4.493694e-02;1.818550e-01;1.605159e-01;4.091081e-02;4.390519e-02;7.495663e-02;2.360978e-01;5.721465e-02;3.394922e-02
1.980733e-02;6.989282e-02;7.031413e-02;2.936542e-02;1.644981e-01;7.940152e-02;3.596900e-02;3.341673e-02;7.560525e-02;2.983305e-01;8.100922e-02;4.238994e-02
2.809103e-02;1.097383e-01;9.446100e-02;3.705335e-02;1.392236e-01;4.620508e-02;2.649809e-02;2.853494e-02;7.478361e-02;3.029607e-01;5.898887e-02;5.346137e-02
2.432329e-02;1.319557e-01;8.851913e-02;4.247783e-02;1.437579e-01;4.818131e-02;2.155075e-02;3.349611e-02;8.015878e-02;2.460608e-01;7.083426e-02;6.868415e-02
2.354231e-02;1.497941e-01;7.217176e-02;3.958018e-02;1.557717e-01;6.830540e-02;1.821949e-02;4.601292e-02;9.523646e-02;1.877245e-01;6.669620e-02;7.694501e-02
1.700339e-02;1.343379e-01;5.878559e-02;5.005645e-02;1.522437e-01;1.205423e-01;3.040838e-02;5.067354e-02;1.022645e-01;1.475273e-01;6.201273e-02;7.414415e-02
2.007785e-02;9.467684e-02;7.588272e-02;5.125329e-02;1.162800e-01;1.831845e-01;5.453917e-02;7.765146e-02;1.027366e-01;9.258673e-02;4.648590e-02;8.464494e-02
2.710049e-02;6.350765e-02;7.887002e-02;3.625960e-02;9.787610e-02;2.061257e-01;8.548548e-02;8.602706e-02;1.161152e-01;6.476499e-02;5.224019e-02;8.562748e-02
3.331282e-02;5.529319e-02;6.393502e-02;3.858984e-02;1.178969e-01;1.825195e-01;9.675904e-02;6.125049e-02;9.659814e-02;7.171014e-02;1.113693e-01;7.076554e-02
2.833018e-02;6.240385e-02;6.761505e-02;4.214205e-02;1.224378e-01;1.440163e-01;8.184740e-02;6.456751e-02;1.161532e-01;7.977703e-02;1.300140e-01;6.069571e-02
2.971242e-02;6.662346e-02;7.602339e-02;6.717979e-02;1.181482e-01;1.404878e-01;7.515720e-02;7.264946e-02;1.327143e-01;8.578793e-02;8.918089e-02;4.633512e-02
3.588764e-02;5.408999e-02;1.017297e-01;6.843093e-02;9.042583e-02;1.207519e-01;6.021976e-02;6.841046e-02;1.250033e-01;1.246961e-01;1.175526e-01;3.280193e-02
4.209548e-02;6.062408e-02;7.003944e-02;3.718128e-02;9.095803e-02;1.389172e-01;3.904693e-02;7.898339e-02;1.538714e-01;1.397082e-01;9.353062e-02;5.504393e-02
4.411039e-02;8.059518e-02;8.391532e-02;2.347360e-02;9.795355e-02;1.723782e-01;3.230250e-02;6.673548e-02;1.435404e-01;1.321341e-01;5.639113e-02;6.647014e-02
3.423146e-02;7.509669e-02;8.028895e-02;4.302094e-02;8.276566e-02;2.043760e-01;3.967296e-02;5.832065e-02;1.339725e-01;1.060557e-01;7.131077e-02;7.088773e-02
2.773777e-02;1.155605e-01;7.521272e-02;4.076800e-02;7.046400e-02;2.107238e-01;4.178712e-02;5.997740e-02;1.288985e-01;6.594793e-02;9.787040e-02;6.505186e-02
1.859093e-02;8.322898e-02;8.029474e-02;3.538011e-02;8.913020e-02;2.171231e-01;3.054111e-02;5.414091e-02;1.389517e-01;7.554495e-02;1.331996e-01;4.387368e-02
1.060511e-02;4.548122e-02;9.271864e-02;3.866687e-02;8.828510e-02;1.652932e-01;4.687207e-02;4.500061e-02;1.366113e-01;1.173762e-01;1.662155e-01;4.687414e-02
2.332467e-02;2.516242e-02;1.090899e-01;3.503260e-02;8.096773e-02;1.084807e-01;4.964951e-02;4.605740e-02;1.655047e-01;1.316558e-01;1.547899e-01;7.028463e-02
3.367804e-02;5.290429e-02;1.503837e-01;3.641314e-02;8.469880e-02;1.547672e-01;6.753112e-02;4.831238e-02;1.202197e-01;1.253793e-01;7.095902e-02;5.475336e-02
3.180964e-02;5.793744e-02;1.423328e-01;4.106287e-02;9.854579e-02;1.879962e-01;1.006434e-01;4.402178e-02;5.382672e-02;9.699079e-02;9.929557e-02;4.553699e-02
3.116862e-02;4.565794e-02;1.171678e-01;3.175475e-02;9.881792e-02;1.615488e-01;1.240610e-01;5.262910e-02;4.520503e-02;8.786432e-02;1.322764e-01;7.184820e-02
3.615263e-02;6.799826e-02;1.108955e-01;3.241942e-02;7.205099e-02;1.221270e-01;1.290711e-01;5.377972e-02;6.821255e-02;7.353687e-02;1.293257e-01;1.044303e-01
3.681267e-02;8.735202e-02;1.064372e-01;3.629752e-02;5.325468e-02;1.260113e-01;1.583607e-01;5.864910e-02;6.299219e-02;6.667288e-02;9.954379e-02;1.076160e-01
4.203524e-02;8.775318e-02;9.597511e-02;2.311414e-02;5.085025e-02;1.206122e-01;2.010040e-01;8.763114e-02;5.389551e-02;8.160678e-02;5.550619e-02;1.000163e-01
4.394105e-02;8.826287e-02;9.768002e-02;1.704933e-02;4.233812e-02;1.054567e-01;2.028807e-01;1.016338e-01;6.388403e-02;9.517463e-02;4.779166e-02;9.390703e-02
5.072518e-02;7.123053e-02;9.714599e-02;2.134249e-02;4.248653e-02;9.583111e-02;1.881523e-01;9.729146e-02;6.895120e-02;1.100935e-01;6.009419e-02;9.665555e-02
3.720855e-02;6.672837e-02;8.474846e-02;3.090169e-02;4.583748e-02;1.202934e-01;1.802367e-01;7.767512e-02;7.908374e-02;1.026334e-01;8.234085e-02;9.231220e-02
2.777776e-02;9.788960e-02;9.810239e-02;1.941230e-02;4.209645e-02;1.792183e-01;1.494299e-01;7.481304e-02;7.704014e-02;7.414278e-02;7.821006e-02;8.186723e-02
3.813839e-02;8.943921e-02;8.899660e-02;2.058726e-02;3.561562e-02;1.926683e-01;1.320074e-01;6.763140e-02;7.704781e-02;9.138564e-02;7.658357e-02;8.989888e-02
4.377449e-02;6.795593e-02;8.465038e-02;3.365123e-02;4.084923e-02;1.589989e-01;1.293541e-01;6.000915e-02;7.766514e-02;1.082530e-01;8.485331e-02;1.099851e-01
3.993272e-02;9.419505e-02;9.253791e-02;2.695029e-02;5.214853e-02;9.947746e-02;1.566740e-01;5.002394e-02;8.111105e-02;9.967569e-02;9.372740e-02;1.135459e-01
3.555406e-02;7.242027e-02;7.582983e-02;2.451538e-02;6.202359e-02;7.298080e-02;2.046692e-01;5.157965e-02;7.625075e-02;8.531956e-02;1.087320e-01;1.301249e-01
2.976024e-02;6.006177e-02;3.863096e-02;3.161628e-02;5.291660e-02;1.060070e-01;2.729737e-01;5.601203e-02;6.442162e-02;7.834740e-02;8.143056e-02;1.278218e-01
2.330415e-02;7.225698e-02;4.472428e-02;3.040211e-02;3.403452e-02;8.686175e-02;3.391187e-01;4.530789e-02;5.824654e-02;7.819828e-02;5.482016e-02;1.327246e-01
1.995375e-02;5.756501e-02;4.087612e-02;2.849940e-02;3.065875e-02;6.436767e-02;3.885592e-01;5.333064e-02;6.363273e-02;7.519145e-02;6.047248e-02;1.168929e-01
1.909811e-02;3.899545e-02;2.939686e-02;2.421813e-02;2.813108e-02;1.742039e-01;3.982936e-01;5.021283e-02;5.964977e-02;5.570461e-02;3.618820e-02;8.590738e-02
2.560257e-02;4.102549e-02;5.105676e-02;2.058240e-02;1.619475e-02;2.410421e-01;3.775260e-01;2.949195e-02;4.902228e-02;2.831205e-02;3.247107e-02;8.767261e-02
2.760647e-02;4.271232e-02;3.936445e-02;1.435599e-02;2.036316e-02;2.445022e-01;3.636554e-01;2.994955e-02;4.141744e-02;3.137456e-02;4.309977e-02;1.015986e-01
3.900664e-02;5.260182e-02;4.508051e-02;1.496482e-02;3.153598e-02;2.427124e-01;3.108084e-01;2.056569e-02;4.142912e-02;4.711211e-02;5.439653e-02;9.978596e-02
4.845868e-02;5.747297e-02;5.748297e-02;1.489094e-02;4.910845e-02;2.600881e-01;1.848054e-01;3.754217e-02;6.145541e-02;6.036654e-02;8.531451e-02;8.301388e-02
5.054835e-02;5.697788e-02;6.546175e-02;1.711735e-02;6.391814e-02;2.238283e-01;8.324940e-02;5.825026e-02;9.887762e-02;8.690546e-02;1.166790e-01;7.818648e-02
5.156958e-02;7.896070e-02;7.935380e-02;2.237797e-02;8.353776e-02;1.959900e-01;3.640039e-02;7.000901e-02;1.295471e-01;9.936567e-02;8.752259e-02;6.536543e-02
4.887424e-02;9.450516e-02;7.181960e-02;2.288842e-02;8.309001e-02;1.855086e-01;3.348533e-02;8.720596e-02;1.546768e-01;8.947067e-02;5.641625e-02;7.205898e-02
4.909463e-02;8.171079e-02;4.041454e-02;4.904732e-02;5.959664e-02;1.304776e-01;9.101465e-02;1.259605e-01;1.695256e-01;7.184388e-02;6.260397e-02;6.870981e-02
4.696348e-02;9.513870e-02;5.131422e-02;6.496017e-02;5.994967e-02;5.957984e-02;1.099634e-01;1.495783e-01;1.463979e-01;6.553511e-02;8.520756e-02;6.541167e-02
3.985646e-02;1.020772e-01;7.679784e-02;5.138391e-02;6.185182e-02;9.893690e-02;1.041646e-01;1.292931e-01;9.857062e-02;7.271286e-02;1.089832e-01;5.537142e-02
5.021618e-02;7.116516e-02;5.518746e-02;5.788388e-02;6.858238e-02;1.238046e-01;9.626254e-02;1.166670e-01;1.672121e-01;7.447945e-02;8.369961e-02;3.483970e-02
4.403966e-02;8.219350e-02;8.077627e-02;6.474981e-02;7.378241e-02;9.713193e-02;7.894846e-02;1.146566e-01;2.091438e-01;6.435005e-02;4.744506e-02;4.278247e-02
2.946592e-02;5.748017e-02;9.754293e-02;7.321753e-02;9.197517e-02;5.674663e-02;6.252474e-02;1.197522e-01;2.118610e-01;8.269241e-02;7.341795e-02;4.332342e-02
1.807563e-02;4.732346e-02;8.097453e-02;5.868217e-02;1.103609e-01;9.499855e-02;6.095792e-02;1.199143e-01;1.880888e-01;1.013997e-01;7.957657e-02;3.964746e-02
2.418984e-02;5.381890e-02;5.597313e-02;3.208416e-02;9.112884e-02;1.119563e-01;7.570605e-02;1.200536e-01;2.225312e-01;9.261412e-02;8.264738e-02;3.729640e-02
2.628465e-02;5.164988e-02;5.968164e-02;1.843844e-02;5.523523e-02;1.708180e-01;6.390886e-02;1.120450e-01;2.501056e-01;8.379953e-02;8.206388e-02;2.596924e-02
3.056329e-02;6.474625e-02;7.544651e-02;1.554497e-02;2.524020e-02;2.220216e-01;7.758216e-02;9.650093e-02;1.962583e-01;7.592981e-02;8.288431e-02;3.728166e-02
3.236570e-02;6.243749e-02;7.125241e-02;1.663581e-02;4.093472e-02;2.704120e-01;1.424291e-01;5.796306e-02;1.137908e-01;6.500528e-02;8.716571e-02;3.960798e-02
2.391426e-02;3.552428e-02;3.032052e-02;1.446445e-02;5.553753e-02;2.368134e-01;1.941061e-01;6.704552e-02;1.386076e-01;6.716464e-02;9.361777e-02;4.288391e-02
2.003299e-02;5.275108e-02;4.112907e-02;2.185253e-02;5.753130e-02;1.171715e-01;2.241625e-01;8.412278e-02;1.708493e-01;6.968915e-02;1.016477e-01;3.906000e-02
1.805879e-02;6.305301e-02;3.311585e-02;1.714512e-02;4.062894e-02;1.699108e-01;1.910538e-01;9.691580e-02;1.868220e-01;5.925173e-02;8.228719e-02;4.175689e-02
1.786546e-02;6.614973e-02;2.757541e-02;2.027112e-02;2.484381e-02;1.321967e-01;1.622534e-01;1.298412e-01;2.328452e-01;7.598175e-02;5.983103e-02;5.034513e-02
2.910202e-02;7.130425e-02;6.538685e-02;2.552719e-02;1.775317e-02;7.788632e-02;1.382312e-01;1.976867e-01;1.973533e-01;8.214827e-02;5.741183e-02;4.020889e-02
2.790958e-02;7.241073e-02;6.711546e-02;3.451462e-02;2.349326e-02;9.710536e-02;1.091059e-01;2.066837e-01;1.724382e-01;8.641284e-02;6.089315e-02;4.191721e-02
3.036571e-02;6.835605e-02;6.622589e-02;3.608172e-02;2.771753e-02;7.841577e-02;1.090209e-01;1.473221e-01;1.798243e-01;8.761340e-02;7.876268e-02;9.029392e-02
3.870703e-02;1.075328e-01;8.708816e-02;3.372785e-02;4.434956e-02;8.979768e-02;9.564193e-02;1.226213e-01;1.275314e-01;6.913892e-02;7.281098e-02;1.110524e-01
4.209590e-02;1.126533e-01;8.306969e-02;2.793626e-02;4.376992e-02;8.830553e-02;9.574016e-02;1.155070e-01;1.621169e-01;5.862897e-02;6.934882e-02;1.008275e-01
3.494526e-02;7.194097e-02;6.569023e-02;2.289165e-02;4.913669e-02;6.949985e-02;1.303149e-01;1.522166e-01;2.147156e-01;6.497506e-02;3.228182e-02;9.139138e-02
2.434769e-02;6.737053e-02;6.803883e-02;1.858504e-02;4.668878e-02;6.988914e-02;1.126055e-01;1.735770e-01;2.446207e-01;4.963568e-02;5.559482e-02;6.904629e-02
2.100386e-02;8.403339e-02;8.561440e-02;3.229863e-02;3.966716e-02;1.048393e-01;1.137313e-01;1.394593e-01;1.917368e-01;5.577045e-02;5.100128e-02;8.084423e-02
