7.649068e-02;6.135891e-02;7.764117e-02;3.432146e-02;4.881451e-02;9.148081e-02;8.784387e-02;1.329954e-01;1.551414e-01;1.016225e-01;5.672329e-02;7.556599e-02
7.849141e-02;5.017620e-02;8.919632e-02;3.708577e-02;4.962347e-02;9.756551e-02;8.343456e-02;1.035751e-01;1.346265e-01;1.229077e-01;8.168305e-02;7.163430e-02
7.133186e-02;4.371148e-02;1.725454e-01;6.271760e-02;4.646127e-02;9.075869e-02;1.084433e-01;6.477105e-02;1.206766e-01;9.067653e-02;8.483707e-02;4.306915e-02
5.673091e-02;3.914419e-02;2.189940e-01;9.327631e-02;3.480764e-02;5.487880e-02;1.495529e-01;3.886647e-02;9.282223e-02;1.095937e-01;9.407659e-02;1.725622e-02
4.376253e-02;5.020418e-02;2.168434e-01;8.833004e-02;3.341003e-02;4.696178e-02;1.404678e-01;3.807516e-02;1.008999e-01;1.249828e-01;1.032802e-01;1.278227e-02
4.817979e-02;6.208956e-02;2.175529e-01;6.864140e-02;4.819979e-02;5.915337e-02;1.218181e-01;2.898019e-02;1.074850e-01;1.006903e-01;1.129751e-01;2.423457e-02
5.007918e-02;9.749513e-02;2.387217e-01;5.079686e-02;5.319105e-02;5.479848e-02;1.071236e-01;3.958778e-02;9.307189e-02;7.915251e-02;1.060287e-01;2.995309e-02
5.948712e-02;1.107501e-01;2.060089e-01;8.440405e-02;5.087968e-02;3.327353e-02;1.119562e-01;6.010159e-02;7.138725e-02;6.765270e-02;8.828308e-02;5.581583e-02
6.568505e-02;1.196187e-01;1.476451e-01;7.850587e-02;4.664204e-02;6.927039e-02;7.963450e-02;4.287282e-02;5.506379e-02;1.070806e-01;1.090786e-01;7.890262e-02
5.138817e-02;8.698870e-02;1.610916e-01;7.498997e-02;4.938503e-02;6.138903e-02;8.297695e-02;6.438844e-02;7.529825e-02;1.431502e-01;9.644382e-02;5.250990e-02
5.631213e-02;6.576847e-02;1.853605e-01;6.518406e-02;5.319664e-02;5.110921e-02;7.956263e-02;6.279253e-02;7.762987e-02;1.554928e-01;9.605397e-02;5.153713e-02
4.448774e-02;6.663058e-02;2.096291e-01;4.175764e-02;6.277315e-02;6.512601e-02;3.846181e-02;4.052697e-02;4.178036e-02;1.429101e-01;1.885348e-01;5.738175e-02
4.495368e-02;9.701310e-02;1.794268e-01;2.170784e-02;6.074727e-02;5.673015e-02;3.232389e-02;4.938449e-02;6.350059e-02;1.610271e-01;1.945348e-01;3.865026e-02
4.594134e-02;1.336363e-01;1.203449e-01;4.282122e-02;4.679400e-02;3.228768e-02;4.724330e-02;5.519386e-02;1.093994e-01;1.755437e-01;1.631478e-01;2.764646e-02
5.294136e-02;1.236357e-01;1.243761e-01;8.070912e-02;3.048828e-02;4.395261e-02;6.943812e-02;5.090799e-02;1.539067e-01;1.093425e-01;1.142022e-01;4.609939e-02
5.777422e-02;7.424583e-02;1.406498e-01;9.974823e-02;4.745708e-02;8.037808e-02;5.932365e-02;6.593197e-02;1.549258e-01;5.571426e-02;6.917639e-02;9.467473e-02
5.068022e-02;7.130855e-02;1.132924e-01;1.167549e-01;5.350464e-02;8.057343e-02;6.783026e-02;4.927870e-02;1.231220e-01;6.243371e-02;9.437591e-02;1.168453e-01
1.090719e-01;8.993762e-02;6.782193e-02;7.788380e-02;7.716104e-02;8.542689e-02;2.422945e-01;4.267232e-02;4.555899e-02;6.779975e-02;4.719992e-02;4.717131e-02
1.220445e-01;7.053225e-02;6.117754e-02;2.065633e-02;4.899246e-02;1.254554e-01;3.522297e-01;7.276276e-02;4.151819e-02;4.667689e-02;1.242203e-02;2.553196e-02
1.012085e-01;4.911817e-02;5.677391e-02;1.375675e-02;2.982869e-02;9.823152e-02;4.083736e-01;1.270410e-01;4.250111e-02;3.914640e-02;1.274166e-02;2.127863e-02
6.613222e-02;2.413934e-02;6.791908e-02;8.492181e-03;1.467416e-02;6.468531e-02;4.444006e-01;1.971939e-01;4.536093e-02;3.337579e-02;1.285283e-02;2.077371e-02
3.084837e-02;4.539516e-02;7.429019e-02;3.984639e-03;6.527014e-03;3.215957e-02;4.747643e-01;2.585937e-01;2.281007e-02;2.209307e-02;1.271306e-02;1.582079e-02
7.678878e-03;8.351959e-02;5.169460e-02;2.867172e-03;9.232896e-03;2.844436e-02;5.564027e-01;1.999606e-01;3.328361e-02;8.537989e-03;1.213719e-02;6.240365e-03
9.689240e-03;1.195455e-01;2.285966e-02;3.084634e-03;1.076473e-02;6.213353e-02;5.947689e-01;1.081258e-01;5.215327e-02;5.618841e-03;9.069673e-03;2.186209e-03
6.680813e-02;1.007204e-01;6.872068e-03;4.838380e-03;2.115292e-02;1.378818e-01;5.109561e-01;6.876760e-02;5.417517e-02;1.778387e-02;5.603932e-03;4.439685e-03
1.922120e-01;5.311986e-02;1.410930e-02;1.032126e-02;6.473877e-02;2.385241e-01;3.090455e-01;4.419149e-02;2.744310e-02;3.250722e-02;2.251378e-03;1.153602e-02
2.385501e-01;7.850333e-02;2.156139e-02;2.000831e-02;1.494906e-01;2.213000e-01;1.436768e-01;3.414910e-02;2.949115e-02;2.474185e-02;2.850201e-03;3.567716e-02
1.451953e-01;6.401858e-02;3.506242e-02;5.463038e-02;2.736727e-01;1.177536e-01;1.360328e-01;3.301728e-02;5.280170e-02;1.056743e-02;1.009480e-02;6.715303e-02
3.785248e-02;3.146227e-02;7.009108e-02;1.510584e-01;3.590657e-01;6.096156e-02;8.410249e-02;6.237992e-02;4.447946e-02;1.614851e-02;2.529958e-02;5.709856e-02
2.062402e-02;3.417877e-02;1.056928e-01;2.377182e-01;2.466544e-01;6.366045e-02;6.001454e-02;1.305015e-01;1.785574e-02;1.611892e-02;4.655212e-02;2.042857e-02
2.015334e-02;2.943780e-02;1.585832e-01;2.572843e-01;1.337904e-01;5.307461e-02;4.589916e-02;1.803932e-01;1.444778e-02;2.023542e-02;7.310040e-02;1.360047e-02
3.100101e-02;3.334241e-02;1.834408e-01;1.919771e-01;9.191389e-02;3.328091e-02;6.370732e-02;1.766676e-01;4.019896e-02;4.027078e-02;9.040310e-02;2.379610e-02
4.701433e-02;4.525163e-02;1.811031e-01;1.062937e-01;8.827107e-02;3.485676e-02;8.614570e-02;1.456683e-01;7.711250e-02;6.026715e-02;8.683868e-02;4.117704e-02
6.552602e-02;5.621637e-02;2.344967e-01;6.388991e-02;6.846202e-02;4.531969e-02;6.115797e-02;1.253414e-01;9.033509e-02;7.364181e-02;5.700761e-02;5.860545e-02
8.191328e-02;6.502713e-02;2.325981e-01;7.847054e-02;5.808200e-02;4.484877e-02;5.315257e-02;1.193119e-01;7.531554e-02;9.690102e-02;4.621173e-02;4.816743e-02
8.775947e-02;7.457574e-02;1.898189e-01;9.719179e-02;9.500244e-02;3.532119e-02;6.963106e-02;9.769110e-02;5.188757e-02;9.034527e-02;5.383520e-02;5.694024e-02
1.231851e-01;8.231485e-02;1.793177e-01;9.921952e-02;1.232668e-01;3.038211e-02;7.653678e-02;6.233881e-02;5.435820e-02;6.596573e-02;4.340483e-02;5.970970e-02
1.167639e-01;8.428330e-02;1.616402e-01;1.137307e-01;1.307354e-01;3.831103e-02;9.632414e-02;6.937089e-02;5.130337e-02;4.107170e-02;3.980459e-02;5.666067e-02
7.497127e-02;8.683252e-02;1.779453e-01;9.808644e-02;9.510498e-02;3.179628e-02;1.310952e-01;8.222909e-02;4.051742e-02;5.141369e-02;7.153490e-02;5.847291e-02
1.040573e-01;8.265444e-02;1.877147e-01;5.035627e-02;4.979116e-02;4.376763e-02;1.407047e-01;1.352828e-01;3.030188e-02;5.433689e-02;7.326937e-02;4.776286e-02
9.517591e-02;8.168206e-02;1.829590e-01;7.301712e-02;6.686177e-02;6.146807e-02;1.101819e-01;1.234862e-01;4.265231e-02;5.389899e-02;5.816046e-02;5.045624e-02
1.055716e-01;9.163201e-02;1.429618e-01;1.252751e-01;1.108464e-01;5.408121e-02;4.802019e-02;1.020191e-01;5.250633e-02;6.335583e-02;4.469771e-02;5.903255e-02
8.050981e-02;8.511690e-02;1.282682e-01;1.449342e-01;9.860749e-02;6.177221e-02;6.653745e-02;1.086715e-01;7.370451e-02;5.882809e-02;4.669927e-02;4.635036e-02
6.280613e-02;9.179826e-02;2.350014e-01;1.158766e-01;7.894488e-02;5.727432e-02;9.083340e-02;5.885164e-02;6.265524e-02;6.240662e-02;5.435888e-02;2.919259e-02
8.802840e-02;8.407581e-02;3.423935e-01;6.940644e-02;7.511851e-02;3.752779e-02;8.885785e-02;2.000962e-02;5.067539e-02;7.554562e-02;3.956577e-02;2.879527e-02
1.015529e-01;7.401044e-02;4.181312e-01;4.239128e-02;6.261622e-02;2.142525e-02;5.677542e-02;2.414018e-02;2.999372e-02;8.848497e-02;2.196729e-02;5.851110e-02
6.319086e-02;8.861904e-02;4.198046e-01;3.104625e-02;4.961945e-02;2.716590e-02;3.053148e-02;4.917618e-02;2.532428e-02;7.395039e-02;1.284305e-02;1.287285e-01
7.362252e-02;1.497449e-01;3.030294e-01;3.475064e-02;3.101545e-02;4.752826e-02;2.392406e-02;5.344616e-02;5.343313e-02;3.639974e-02;3.396421e-02;1.591416e-01
1.826471e-01;1.602237e-01;2.107357e-01;3.043410e-02;2.980856e-02;4.170023e-02;2.557231e-02;4.866139e-02;6.139446e-02;3.199158e-02;6.510584e-02;1.117251e-01
2.468338e-01;1.252764e-01;2.104414e-01;2.790688e-02;4.191795e-02;2.063826e-02;3.316218e-02;6.769836e-02;3.885329e-02;5.859266e-02;7.121003e-02;5.746881e-02
1.575303e-01;1.031526e-01;2.358862e-01;3.572169e-02;5.547753e-02;2.938167e-02;4.928696e-02;7.579769e-02;4.730380e-02;6.996789e-02;7.177329e-02;6.872031e-02
1.196383e-01;1.416285e-01;2.055076e-01;4.366442e-02;8.115940e-02;3.473736e-02;6.702483e-02;6.076688e-02;4.474882e-02;7.580101e-02;7.823855e-02;4.708433e-02
9.700480e-02;1.998021e-01;2.450338e-01;4.323532e-02;7.402255e-02;2.635260e-02;6.082940e-02;5.274385e-02;3.034922e-02;5.771896e-02;5.600116e-02;5.690620e-02
1.095498e-01;1.701036e-01;3.318800e-01;4.323192e-02;6.603815e-02;2.927047e-02;3.085121e-02;5.384522e-02;2.879580e-02;5.005324e-02;3.717292e-02;4.920764e-02
1.553113e-01;1.109322e-01;3.390172e-01;3.813724e-02;5.084344e-02;2.229247e-02;4.924583e-02;5.072670e-02;2.907787e-02;5.566015e-02;3.553570e-02;6.321987e-02
1.614791e-01;1.287528e-01;2.725025e-01;3.845162e-02;4.664488e-02;1.929541e-02;5.101021e-02;5.239269e-02;3.593444e-02;5.252784e-02;4.633024e-02;9.467838e-02
1.140456e-01;1.144217e-01;2.057582e-01;3.689377e-02;5.142246e-02;4.479424e-02;8.689563e-02;6.907620e-02;3.407759e-02;6.532534e-02;7.175016e-02;1.055391e-01
1.127523e-01;7.910835e-02;1.414948e-01;5.100203e-02;3.912551e-02;5.751433e-02;1.208777e-01;5.715970e-02;6.226921e-02;5.713247e-02;7.776847e-02;1.437951e-01
9.957866e-02;7.992282e-02;1.336867e-01;5.751224e-02;5.265622e-02;5.947218e-02;1.342266e-01;3.967964e-02;7.380115e-02;5.641093e-02;9.346028e-02;1.195925e-01
6.113164e-02;3.392000e-02;1.744315e-01;7.265653e-02;6.295265e-02;5.530957e-02;1.228803e-01;2.809310e-02;6.459666e-02;1.297565e-01;1.277557e-01;6.651588e-02
4.416205e-02;4.946840e-02;1.740265e-01;7.127395e-02;4.149849e-02;6.594578e-02;9.369238e-02;1.561826e-02;1.001313e-01;1.900426e-01;1.262119e-01;2.792850e-02
5.066087e-02;7.497603e-02;1.065993e-01;4.884307e-02;3.999550e-02;8.081156e-02;5.053226e-02;6.211140e-02;2.099833e-01;1.571713e-01;8.892662e-02;2.938884e-02
1.071880e-01;6.283689e-02;5.935656e-02;2.790806e-02;9.184451e-02;7.055889e-02;3.042188e-02;1.627515e-01;2.341095e-01;6.931943e-02;6.549390e-02;1.821079e-02
1.832078e-01;2.661408e-02;5.681399e-02;2.807814e-02;1.260842e-01;4.829689e-02;3.601118e-02;2.562571e-01;1.466036e-01;2.136778e-02;4.637565e-02;2.428946e-02
2.087612e-01;2.342090e-02;5.342526e-02;6.695672e-02;8.140133e-02;5.608532e-02;1.107290e-01;2.362142e-01;5.696150e-02;3.070216e-02;2.450040e-02;5.084210e-02
1.816048e-01;3.821448e-02;6.008398e-02;9.855983e-02;6.742304e-02;8.051457e-02;1.990223e-01;1.414998e-01;2.593314e-02;2.600653e-02;2.914920e-02;5.198836e-02
1.497398e-01;3.130798e-02;8.201523e-02;9.066375e-02;6.657283e-02;8.518156e-02;2.141745e-01;1.068288e-01;3.728487e-02;6.201781e-02;3.733513e-02;3.687777e-02
8.767524e-02;5.404808e-02;1.212050e-01;6.894152e-02;5.506879e-02;8.660852e-02;1.487282e-01;9.035425e-02;8.016609e-02;1.347461e-01;4.188628e-02;3.057193e-02
7.290838e-02;5.632776e-02;9.324550e-02;7.402698e-02;4.979280e-02;7.792716e-02;1.690879e-01;7.902523e-02;9.195603e-02;1.225427e-01;7.233203e-02;4.082748e-02
1.185022e-01;5.032735e-02;4.776426e-02;6.436738e-02;3.937471e-02;7.706191e-02;1.501056e-01;1.434210e-01;9.853323e-02;8.404324e-02;6.851815e-02;5.798097e-02
1.300305e-01;6.281979e-02;5.870795e-02;4.728166e-02;6.754033e-02;6.330006e-02;9.232491e-02;1.680427e-01;1.095047e-01;7.400357e-02;6.699195e-02;5.945189e-02
1.171720e-01;6.269851e-02;6.400754e-02;3.989654e-02;7.114142e-02;4.623540e-02;1.091319e-01;2.082161e-01;9.274658e-02;6.702122e-02;5.680149e-02;6.493136e-02
1.155967e-01;3.912757e-02;9.861404e-02;5.029856e-02;4.635675e-02;4.580851e-02;1.200765e-01;1.826438e-01;1.135305e-01;6.924426e-02;4.618801e-02;7.251479e-02
9.248251e-02;1.147478e-01;1.474436e-01;4.078137e-02;4.488823e-02;9.159225e-02;1.032012e-01;9.593516e-02;1.387540e-01;5.623868e-02;3.444053e-02;3.949479e-02
1.134641e-01;1.554639e-01;1.459071e-01;2.900132e-02;2.931604e-02;1.125663e-01;7.064205e-02;5.602785e-02;1.913360e-01;3.838322e-02;3.662407e-02;2.126807e-02
1.234551e-01;1.286950e-01;1.163738e-01;1.683363e-02;6.513560e-02;1.023278e-01;4.830082e-02;6.025082e-02;2.330072e-01;3.540200e-02;5.366038e-02;1.655786e-02
1.229335e-01;6.243660e-02;6.752830e-02;1.747225e-02;8.443166e-02;6.177209e-02;6.211589e-02;1.742231e-01;2.099327e-01;6.068112e-02;5.965263e-02;1.682022e-02
8.932059e-02;3.568926e-02;4.152823e-02;3.899818e-02;5.852053e-02;3.830165e-02;1.378243e-01;2.010725e-01;1.144613e-01;1.402146e-01;5.505859e-02;4.901038e-02
5.800330e-02;3.534544e-02;2.706612e-02;5.842152e-02;2.912194e-02;4.699792e-02;2.134354e-01;1.185845e-01;7.306862e-02;2.160425e-01;4.564514e-02;7.826765e-02
4.693903e-02;4.607110e-02;3.027921e-02;5.737946e-02;3.305437e-02;5.081384e-02;2.271184e-01;8.633292e-02;1.166561e-01;2.050130e-01;2.672347e-02;7.361911e-02
3.073966e-02;8.204791e-02;6.196132e-02;5.516476e-02;4.935494e-02;5.580329e-02;1.600011e-01;1.260703e-01;1.181665e-01;1.629854e-01;4.095623e-02;5.674868e-02
9.138256e-02;6.674329e-02;8.860859e-02;4.434284e-02;4.858426e-02;5.781107e-02;1.403171e-01;1.043781e-01;1.355840e-01;8.949469e-02;8.968558e-02;4.306794e-02
6.788996e-02;3.483832e-02;7.260512e-02;2.356429e-02;4.494506e-02;7.240620e-02;1.728714e-01;9.416576e-02;2.254051e-01;7.125635e-02;8.005226e-02;4.000022e-02
3.206346e-02;1.459303e-02;5.795749e-02;1.600298e-02;4.409464e-02;7.818186e-02;1.809449e-01;8.272313e-02;3.386846e-01;4.941078e-02;5.676140e-02;4.858174e-02
1.386148e-02;6.402231e-03;7.616859e-02;1.531576e-02;4.213417e-02;1.181021e-01;1.263753e-01;5.834715e-02;4.231960e-01;2.503564e-02;5.817086e-02;3.689074e-02
2.787580e-02;1.145636e-02;8.107118e-02;1.539627e-02;4.872859e-02;1.526239e-01;9.134381e-02;5.025920e-02;3.753255e-01;3.538368e-02;8.475914e-02;2.577656e-02
4.345652e-02;2.865901e-02;5.813794e-02;2.096585e-02;6.171791e-02;1.466959e-01;8.693253e-02;7.504393e-02;2.610515e-01;7.532471e-02;1.069638e-01;3.505044e-02
4.406268e-02;4.984499e-02;5.065469e-02;3.020174e-02;7.862129e-02;8.963392e-02;1.158553e-01;1.045739e-01;1.664644e-01;1.195704e-01;1.083265e-01;4.219023e-02
2.631514e-02;5.821762e-02;8.981326e-02;4.533156e-02;7.351583e-02;7.235730e-02;1.738532e-01;1.069569e-01;7.202633e-02;1.176398e-01;8.322738e-02;8.074571e-02
5.707858e-02;5.192403e-02;1.058816e-01;5.137472e-02;6.425530e-02;1.097579e-01;1.454824e-01;1.038422e-01;7.665216e-02;5.876720e-02;5.454268e-02;1.204413e-01
6.044719e-02;3.765145e-02;7.711676e-02;8.371732e-02;6.813812e-02;8.403881e-02;1.003213e-01;9.845050e-02;1.153569e-01;9.337410e-02;8.096476e-02;1.004228e-01
6.053248e-02;4.948527e-02;8.557621e-02;5.729473e-02;9.629080e-02;8.458363e-02;9.936386e-02;6.599507e-02;1.249263e-01;1.142766e-01;9.288587e-02;6.878908e-02
7.500474e-02;5.923205e-02;9.225661e-02;2.566764e-02;8.611378e-02;1.192020e-01;8.780865e-02;7.617282e-02;1.361798e-01;1.108965e-01;8.771206e-02;4.375335e-02
1.166191e-01;5.879771e-02;8.122344e-02;4.188467e-02;6.131457e-02;1.054576e-01;7.123982e-02;7.418118e-02;1.618961e-01;1.099760e-01;7.874317e-02;3.866668e-02
1.034415e-01;5.366227e-02;1.243662e-01;4.457587e-02;4.097269e-02;8.019579e-02;7.458194e-02;5.879067e-02;2.045839e-01;9.923878e-02;7.442216e-02;4.116829e-02
7.285664e-02;8.343071e-02;1.777270e-01;5.559294e-02;5.669477e-02;8.640796e-02;6.104609e-02;6.353924e-02;1.681172e-01;8.446617e-02;5.880756e-02;3.131371e-02
9.212764e-02;1.386774e-01;1.902726e-01;9.831832e-02;7.962851e-02;4.842570e-02;4.970002e-02;6.500435e-02;8.524149e-02;6.742756e-02;5.037109e-02;3.480534e-02
7.247772e-02;1.816652e-01;2.280036e-01;1.025928e-01;8.118555e-02;3.110183e-02;5.043767e-02;7.151584e-02;4.867274e-02;5.907904e-02;4.688858e-02;2.637955e-02
5.977865e-02;1.259615e-01;2.757239e-01;1.075638e-01;6.790175e-02;3.742523e-02;6.714156e-02;7.626992e-02;6.951914e-02;5.713378e-02;3.508141e-02;2.049941e-02
7.462476e-02;8.738446e-02;2.992075e-01;1.068153e-01;5.516514e-02;4.949902e-02;9.825950e-02;6.675499e-02;5.963819e-02;4.574519e-02;3.395791e-02;2.294809e-02
1.028413e-01;7.749035e-02;2.837776e-01;1.155145e-01;6.030591e-02;3.175494e-02;8.660907e-02;4.829830e-02;8.653853e-02;4.841401e-02;3.834483e-02;2.011067e-02
8.663948e-02;9.589195e-02;2.415254e-01;1.720726e-01;4.134576e-02;4.537571e-02;4.371683e-02;2.991431e-02;1.762420e-01;3.225481e-02;1.877703e-02;1.624404e-02
7.125115e-02;1.085017e-01;2.366308e-01;1.853730e-01;1.884007e-02;5.506566e-02;2.078626e-02;1.722993e-02;2.311708e-01;3.442163e-02;7.944205e-03;1.278478e-02
8.026035e-02;1.204738e-01;2.526377e-01;1.353482e-01;7.591452e-03;4.133999e-02;3.063104e-02;9.828174e-03;2.125785e-01;9.052456e-02;8.918185e-03;9.868017e-03
1.149062e-01;1.380133e-01;2.891591e-01;6.290657e-02;1.164601e-02;1.840431e-02;4.855249e-02;9.452748e-03;1.183316e-01;1.658842e-01;1.493397e-02;7.809570e-03
1.321923e-01;1.643815e-01;2.924697e-01;3.850922e-02;2.122390e-02;1.267279e-02;6.128665e-02;1.426841e-02;6.550333e-02;1.767053e-01;1.482781e-02;5.959169e-03
1.360593e-01;1.927029e-01;2.652310e-01;6.618991e-02;1.922198e-02;1.214892e-02;7.731265e-02;1.332007e-02;5.240042e-02;1.453991e-01;1.385318e-02;6.160581e-03
1.347921e-01;1.989760e-01;2.732066e-01;6.858970e-02;1.831220e-02;1.252059e-02;8.281048e-02;1.329501e-02;5.764509e-02;1.020683e-01;3.169680e-02;6.087171e-03
1.679116e-01;1.649357e-01;2.754052e-01;4.341229e-02;3.136126e-02;1.962026e-02;7.117866e-02;2.755555e-02;4.121482e-02;7.808072e-02;6.375436e-02;1.556957e-02
2.047196e-01;1.333122e-01;2.014962e-01;3.451987e-02;5.698769e-02;2.835701e-02;7.675275e-02;4.474218e-02;4.521447e-02;6.682567e-02;8.331528e-02;2.375710e-02
2.060429e-01;1.045053e-01;1.592314e-01;3.160483e-02;1.012337e-01;3.136614e-02;1.128285e-01;4.481882e-02;3.849501e-02;5.206811e-02;9.724940e-02;2.055597e-02
1.629858e-01;6.689189e-02;2.865705e-01;2.032019e-02;1.394785e-01;1.859797e-02;1.069591e-01;2.212377e-02;2.864164e-02;2.761708e-02;1.056236e-01;1.418996e-02
1.717338e-01;8.192499e-02;3.251742e-01;9.520368e-03;1.308776e-01;1.100735e-02;8.198258e-02;2.067244e-02;1.976731e-02;1.516766e-02;1.182654e-01;1.390638e-02
2.057077e-01;1.189463e-01;2.941441e-01;9.915452e-03;1.127307e-01;6.537216e-03;5.511546e-02;2.892718e-02;1.644731e-02;1.630005e-02;1.217317e-01;1.349689e-02
2.243057e-01;1.307441e-01;2.578119e-01;1.247242e-02;1.103861e-01;1.267802e-02;3.712367e-02;3.166955e-02;2.084139e-02;1.958721e-02;1.268763e-01;1.550350e-02
1.297425e-01;9.692961e-02;2.339118e-01;2.394215e-02;9.001960e-02;8.293333e-02;9.570364e-02;3.613885e-02;6.674083e-02;2.906969e-02;9.313395e-02;2.173409e-02
4.708909e-02;9.276520e-02;1.805735e-01;3.331127e-02;6.453134e-02;1.538945e-01;1.252532e-01;3.196990e-02;1.546198e-01;3.988782e-02;4.913897e-02;2.696539e-02
3.240725e-02;1.147023e-01;1.331899e-01;2.876353e-02;2.959428e-02;1.769879e-01;9.293538e-02;3.088863e-02;2.261238e-01;7.251458e-02;2.045672e-02;4.143569e-02
1.757407e-02;1.283663e-01;1.039567e-01;1.771993e-02;1.038712e-02;1.637727e-01;3.940151e-02;2.166182e-02;3.127870e-01;1.107892e-01;5.929964e-03;6.765367e-02
1.930304e-02;1.204778e-01;7.814687e-02;2.270879e-02;6.930969e-03;1.227366e-01;1.597287e-02;1.827065e-02;4.197762e-01;7.917144e-02;1.926206e-02;7.724267e-02
3.620322e-02;9.646033e-02;5.694229e-02;2.771899e-02;1.433560e-02;7.689846e-02;1.698680e-02;4.938968e-02;4.405873e-01;4.631928e-02;7.940751e-02;5.875059e-02
6.130179e-02;6.351651e-02;4.542119e-02;2.179797e-02;2.805177e-02;4.033546e-02;3.120948e-02;1.033122e-01;3.418050e-01;4.834307e-02;1.753046e-01;3.960101e-02
6.921444e-02;4.347933e-02;6.352535e-02;1.651424e-02;3.454299e-02;2.808254e-02;5.963649e-02;1.178567e-01;2.096446e-01;6.542569e-02;2.559954e-01;3.608233e-02
5.233697e-02;6.774153e-02;1.024782e-01;1.913306e-02;3.065111e-02;3.725735e-02;9.312390e-02;1.148953e-01;1.246651e-01;9.234475e-02;2.364203e-01;2.895242e-02
6.343995e-02;1.003335e-01;9.508686e-02;2.558308e-02;2.393127e-02;3.760934e-02;8.619332e-02;1.766895e-01;1.679695e-01;8.118293e-02;1.074066e-01;3.457407e-02
7.628994e-02;1.156871e-01;7.469980e-02;3.871887e-02;3.036770e-02;4.965106e-02;7.966386e-02;1.510608e-01;2.458171e-01;4.582423e-02;5.921127e-02;3.300823e-02
9.171118e-02;1.275970e-01;1.059318e-01;4.853101e-02;4.183975e-02;6.638756e-02;8.509572e-02;9.963103e-02;2.035172e-01;5.160820e-02;4.768179e-02;3.046773e-02
8.591226e-02;1.409944e-01;1.059124e-01;4.316826e-02;4.249454e-02;5.513854e-02;5.536559e-02;1.362199e-01;1.661513e-01;4.821092e-02;9.025120e-02;3.018077e-02
6.261679e-02;1.231259e-01;1.038425e-01;2.699657e-02;4.721071e-02;3.632674e-02;9.087516e-02;1.219008e-01;1.693541e-01;5.663346e-02;1.223865e-01;3.873087e-02
8.891130e-02;8.073083e-02;4.533718e-02;2.190350e-02;6.719715e-02;7.322399e-02;1.170178e-01;8.977018e-02;1.656198e-01;8.878066e-02;1.001000e-01;6.140768e-02
1.247285e-01;6.830911e-02;7.954532e-02;2.922011e-02;9.619246e-02;9.160408e-02;1.081603e-01;6.551071e-02;1.323210e-01;9.223070e-02;6.726922e-02;4.490839e-02
1.169887e-01;8.392780e-02;2.223226e-01;3.219808e-02;6.862117e-02;9.632637e-02;1.009831e-01;4.423410e-02;1.016766e-01;7.246702e-02;3.672697e-02;2.352747e-02
6.982822e-02;1.040650e-01;3.921675e-01;4.996753e-02;2.590895e-02;9.121303e-02;6.064035e-02;2.144203e-02;8.856546e-02;5.632611e-02;2.372735e-02;1.614851e-02
3.191667e-02;1.019026e-01;4.842523e-01;6.493399e-02;1.391808e-02;1.271876e-01;2.374600e-02;1.255447e-02;7.594065e-02;2.506750e-02;2.232976e-02;1.625030e-02
2.178003e-02;7.478363e-02;4.864171e-01;5.369317e-02;3.078907e-02;1.607081e-01;1.610342e-02;2.832347e-02;7.237457e-02;1.751692e-02;1.396672e-02;2.354383e-02
8.502666e-03;4.641365e-02;5.230298e-01;4.132679e-02;7.647803e-02;1.337318e-01;2.198564e-02;3.953418e-02;4.110466e-02;4.068272e-02;7.240940e-03;1.996915e-02
1.395353e-02;2.180997e-02;5.336671e-01;5.587093e-02;1.239852e-01;6.941823e-02;2.500675e-02;3.253517e-02;2.119310e-02;8.343989e-02;6.021989e-03;1.309808e-02
1.371378e-02;4.716131e-02;4.512209e-01;1.239897e-01;1.151515e-01;3.389757e-02;2.762939e-02;3.252894e-02;2.587435e-02;8.203631e-02;1.264813e-02;3.414813e-02
3.098484e-02;9.184027e-02;3.206575e-01;1.633736e-01;6.827890e-02;5.495455e-02;4.277471e-02;3.531310e-02;5.592326e-02;5.261191e-02;3.597309e-02;4.731425e-02
1.078921e-01;8.306341e-02;2.077741e-01;1.209491e-01;7.399701e-02;5.323536e-02;6.057138e-02;5.411726e-02;8.246176e-02;4.903252e-02;7.242634e-02;3.447973e-02
1.883728e-01;4.088040e-02;1.402646e-01;5.546820e-02;7.645639e-02;4.578897e-02;5.219184e-02;1.071280e-01;8.889437e-02;8.790047e-02;9.478436e-02;2.186961e-02
1.655180e-01;3.623120e-02;9.816877e-02;4.534040e-02;5.260500e-02;6.336898e-02;7.192122e-02;1.032581e-01;6.928349e-02;1.734179e-01;5.419585e-02;6.669110e-02
7.610196e-02;7.464177e-02;5.168979e-02;7.077171e-02;2.639382e-02;5.636486e-02;1.581616e-01;5.190491e-02;4.904948e-02;1.786927e-01;2.566207e-02;1.805653e-01
4.478994e-02;1.141713e-01;3.521554e-02;7.205828e-02;1.432214e-02;2.667751e-02;2.218488e-01;3.379253e-02;5.310864e-02;7.362103e-02;4.226629e-02;2.681280e-01
3.575484e-02;1.133837e-01;4.051934e-02;8.057390e-02;1.113133e-02;2.209128e-02;2.275419e-01;2.036726e-02;5.194267e-02;7.798349e-02;4.697875e-02;2.717316e-01
3.106413e-02;1.085434e-01;3.070541e-02;8.266915e-02;1.276552e-02;1.552632e-02;2.181175e-01;1.709250e-02;4.571060e-02;1.114920e-01;5.814906e-02;2.681644e-01
2.525456e-02;9.942013e-02;2.206779e-02;9.045712e-02;1.074045e-02;1.921664e-02;1.998733e-01;1.709964e-02;4.205237e-02;1.571849e-01;6.922765e-02;2.474054e-01
2.662659e-02;7.366680e-02;1.346783e-02;1.155522e-01;1.338810e-02;4.033314e-02;1.716651e-01;2.451334e-02;3.806712e-02;2.267736e-01;5.060234e-02;2.053438e-01
2.895257e-02;5.122707e-02;1.527373e-02;1.189210e-01;1.867219e-02;5.149470e-02;1.605496e-01;3.017933e-02;2.898924e-02;2.592499e-01;3.144090e-02;2.050498e-01
4.196130e-02;5.104475e-02;2.844876e-02;9.260613e-02;2.549345e-02;6.006110e-02;1.374721e-01;2.912577e-02;3.768872e-02;2.650476e-01;3.205796e-02;1.989925e-01
9.334176e-02;8.188542e-02;3.987627e-02;8.940525e-02;2.499661e-02;4.922668e-02;8.970308e-02;2.562927e-02;5.702657e-02;2.437314e-01;4.430097e-02;1.608768e-01
9.776611e-02;1.123805e-01;5.606254e-02;1.044472e-01;3.893118e-02;4.361417e-02;8.808168e-02;4.139749e-02;6.901084e-02;1.299638e-01;5.943628e-02;1.589082e-01
1.087991e-01;8.773995e-02;5.760963e-02;8.188853e-02;4.491742e-02;5.602729e-02;8.269864e-02;5.768647e-02;7.802174e-02;1.395645e-01;8.052666e-02;1.245201e-01
1.108029e-01;6.969129e-02;7.852621e-02;4.055708e-02;3.732524e-02;4.976581e-02;9.523649e-02;7.710372e-02;6.465161e-02;1.540900e-01;1.280092e-01;9.424054e-02
9.711993e-02;5.021150e-02;7.773414e-02;4.943204e-02;3.541483e-02;4.375018e-02;8.301921e-02;7.729784e-02;8.636127e-02;1.435506e-01;1.513144e-01;1.047940e-01
1.020078e-01;4.168331e-02;6.234081e-02;4.290010e-02;3.989345e-02;4.167916e-02;4.624074e-02;5.255653e-02;1.696275e-01;1.255702e-01;1.597385e-01;1.157618e-01
9.827016e-02;4.119946e-02;6.275834e-02;2.535625e-02;4.517754e-02;7.461950e-02;4.947359e-02;5.647093e-02;2.128791e-01;8.845534e-02;1.341029e-01;1.112369e-01
8.005382e-02;4.606380e-02;4.602788e-02;3.042421e-02;6.522955e-02;1.117330e-01;7.812744e-02;7.501332e-02;1.696588e-01;8.632153e-02;1.186778e-01;9.266884e-02
8.996087e-02;4.955494e-02;5.812648e-02;7.156049e-02;7.718126e-02;8.011548e-02;1.064739e-01;8.026408e-02;7.586441e-02;1.165783e-01;1.038856e-01;9.043428e-02
9.464880e-02;4.628551e-02;7.874557e-02;1.041950e-01;5.282401e-02;4.328254e-02;1.448757e-01;7.181301e-02;4.238291e-02;1.429009e-01;7.811821e-02;9.992781e-02
8.703218e-02;6.936017e-02;6.665614e-02;5.646463e-02;6.369480e-02;6.697346e-02;1.169888e-01;5.687984e-02;5.644049e-02;1.576908e-01;1.052379e-01;9.658076e-02
8.141166e-02;8.012964e-02;8.042958e-02;4.013873e-02;5.883886e-02;9.649853e-02;5.220944e-02;7.061309e-02;1.130685e-01;1.463594e-01;1.133778e-01;6.692469e-02
6.629220e-02;5.446160e-02;8.112839e-02;4.031143e-02;4.184558e-02;1.188504e-01;8.244741e-02;5.558751e-02;1.455366e-01;1.417584e-01;1.087842e-01;6.299627e-02
1.023001e-01;6.270381e-02;5.140390e-02;6.022936e-02;3.031630e-02;8.770210e-02;1.185261e-01;3.060855e-02;9.203645e-02;1.834014e-01;8.963449e-02;9.113752e-02
1.860523e-01;7.319765e-02;4.722059e-02;5.058566e-02;3.530575e-02;5.515952e-02;8.593837e-02;7.702335e-02;2.358828e-02;1.626369e-01;1.260776e-01;7.721411e-02
2.595079e-01;7.361495e-02;4.889306e-02;2.344512e-02;5.910992e-02;2.804500e-02;3.307927e-02;1.103176e-01;1.807842e-02;7.945082e-02;2.207225e-01;4.573544e-02
3.235174e-01;6.983685e-02;6.317236e-02;8.485395e-03;7.132694e-02;9.936811e-03;1.576413e-02;1.199651e-01;1.589447e-02;2.840168e-02;2.438057e-01;2.989311e-02
4.259116e-01;6.132175e-02;6.654698e-02;4.560024e-03;6.891358e-02;5.204950e-03;1.493468e-02;1.347254e-01;1.463425e-02;1.562848e-02;1.549722e-01;3.264612e-02
5.320237e-01;4.866439e-02;7.069957e-02;7.372364e-03;5.101644e-02;7.648069e-03;2.059604e-02;1.387692e-01;1.852364e-02;2.064303e-02;4.605836e-02;3.798525e-02
4.921327e-01;4.754606e-02;5.744624e-02;2.281163e-02;2.504766e-02;1.924339e-02;4.372911e-02;9.288632e-02;2.820547e-02;6.714083e-02;1.731624e-02;8.649442e-02
3.026302e-01;5.524873e-02;5.256880e-02;4.161225e-02;1.659952e-02;3.376112e-02;7.621536e-02;4.499826e-02;4.197850e-02;1.257586e-01;4.396239e-02;1.646663e-01
1.395929e-01;5.704922e-02;8.015217e-02;4.376243e-02;3.331316e-02;4.558684e-02;8.582623e-02;4.669718e-02;5.147462e-02;1.633639e-01;5.585868e-02;1.973227e-01
9.377128e-02;4.981185e-02;8.642808e-02;1.971555e-02;4.815348e-02;5.680584e-02;5.655950e-02;7.412402e-02;8.776167e-02;1.476698e-01;9.805629e-02;1.811426e-01
1.089000e-01;3.446721e-02;7.373443e-02;2.697201e-02;5.376428e-02;4.830925e-02;6.035860e-02;7.974913e-02;1.168904e-01;9.590408e-02;1.649899e-01;1.359607e-01
9.206181e-02;3.205837e-02;8.000065e-02;3.767456e-02;5.924411e-02;4.543961e-02;7.003719e-02;8.442397e-02;1.286870e-01;8.594283e-02;1.816453e-01;1.027846e-01
8.679906e-02;3.958695e-02;8.802953e-02;4.882134e-02;6.178103e-02;4.468756e-02;7.114905e-02;7.577603e-02;1.143724e-01;1.563452e-01;1.378824e-01;7.476950e-02
8.036563e-02;4.965823e-02;1.208237e-01;4.227966e-02;5.175967e-02;4.358305e-02;1.106299e-01;5.999349e-02;8.001296e-02;1.864993e-01;1.020235e-01;7.237092e-02
6.557617e-02;3.323144e-02;1.332130e-01;3.585087e-02;5.149378e-02;4.765325e-02;1.222963e-01;5.939956e-02;8.615647e-02;1.790822e-01;1.122188e-01;7.382815e-02
7.673249e-02;3.005313e-02;1.057738e-01;3.278271e-02;5.932297e-02;3.360967e-02;9.438830e-02;7.013842e-02;7.577638e-02;1.928509e-01;1.454125e-01;8.315870e-02
8.785056e-02;3.319032e-02;5.845708e-02;5.190460e-02;1.071899e-01;6.035041e-02;1.018329e-01;9.431359e-02;5.640234e-02;1.503695e-01;1.370447e-01;6.109419e-02
5.554834e-02;4.124721e-02;6.656267e-02;6.318441e-02;9.309279e-02;1.116407e-01;1.003412e-01;9.807011e-02;4.478848e-02;1.158004e-01;1.618652e-01;4.785843e-02
6.419759e-02;2.489081e-02;8.624275e-02;4.359299e-02;5.902715e-02;1.796230e-01;7.347194e-02;7.057466e-02;6.160022e-02;8.219432e-02;2.107783e-01;4.380629e-02
1.125993e-01;4.120481e-02;7.052858e-02;2.783016e-02;5.062955e-02;2.073979e-01;4.450057e-02;3.247348e-02;6.204265e-02;7.177507e-02;2.201353e-01;5.888268e-02
1.372167e-01;8.002998e-02;1.061174e-01;6.871094e-02;4.468324e-02;1.477880e-01;5.760282e-02;2.362496e-02;4.622768e-02;6.318248e-02;1.570408e-01;6.777491e-02
1.210671e-01;9.383617e-02;1.776169e-01;8.753894e-02;4.440550e-02;1.048066e-01;6.209236e-02;2.603254e-02;3.303140e-02;6.735126e-02;1.292715e-01;5.294973e-02
8.487529e-02;7.485578e-02;2.149022e-01;1.210630e-01;3.388378e-02;9.685476e-02;7.297999e-02;2.840453e-02;3.475486e-02;7.299871e-02;1.298638e-01;3.456334e-02
2.091342e-02;3.639284e-02;1.066271e-01;2.839690e-01;3.816150e-02;9.317733e-02;1.027149e-01;3.819566e-02;2.723952e-02;8.117143e-02;1.508841e-01;2.055313e-02
1.373840e-02;4.098869e-02;3.256590e-02;3.993013e-01;4.145590e-02;6.321231e-02;9.215069e-02;7.903509e-02;3.434646e-02;8.209489e-02;1.095491e-01;1.156126e-02
8.349266e-03;6.503518e-02;1.073246e-02;3.954548e-01;4.961428e-02;3.908941e-02;6.129451e-02;1.229423e-01;7.384656e-02;8.901079e-02;7.263019e-02;1.200029e-02
8.377841e-03;9.675623e-02;8.384264e-03;2.921247e-01;6.923050e-02;2.789780e-02;3.497425e-02;1.505148e-01;1.311874e-01;1.109892e-01;5.378305e-02;1.577993e-02
1.058854e-02;1.262624e-01;1.083475e-02;2.298995e-01;6.731087e-02;1.913975e-02;1.416390e-02;1.560487e-01;1.621562e-01;1.291876e-01;5.493313e-02;1.947465e-02
1.203435e-02;1.251719e-01;1.141508e-02;1.824940e-01;1.132516e-01;1.233411e-02;1.548139e-02;1.001419e-01;1.699694e-01;1.757710e-01;4.666385e-02;3.527144e-02
1.650900e-02;1.132437e-01;3.409474e-02;8.550138e-02;1.586110e-01;2.545955e-02;1.718694e-02;5.956431e-02;1.658690e-01;2.348417e-01;3.843216e-02;5.068643e-02
3.429464e-02;6.348449e-02;1.015851e-01;6.532004e-02;1.389538e-01;5.415631e-02;3.823681e-02;3.952210e-02;1.535891e-01;2.251383e-01;3.933644e-02;4.638286e-02
4.881008e-02;3.879994e-02;1.406567e-01;1.802043e-01;7.618562e-02;4.651088e-02;7.045690e-02;3.967010e-02;1.644409e-01;1.343464e-01;3.456942e-02;2.534871e-02
4.172561e-02;6.691561e-02;1.714107e-01;1.788853e-01;5.361235e-02;4.022606e-02;1.104422e-01;6.150189e-02;1.172200e-01;1.002513e-01;2.650122e-02;3.130782e-02
3.975659e-02;6.828585e-02;2.117073e-01;9.972946e-02;5.314007e-02;4.913459e-02;1.587755e-01;7.037672e-02;9.642246e-02;9.069922e-02;2.461958e-02;3.735267e-02
4.284352e-02;7.437413e-02;2.088499e-01;4.140468e-02;7.202348e-02;5.256163e-02;2.099144e-01;5.141778e-02;8.964866e-02;8.796503e-02;3.504193e-02;3.395480e-02
4.636711e-02;7.061307e-02;1.369547e-01;7.320112e-02;5.952466e-02;5.035021e-02;2.655165e-01;5.362014e-02;8.259711e-02;9.919721e-02;3.908576e-02;2.297251e-02
3.634381e-02;8.592216e-02;6.872175e-02;8.896420e-02;5.259887e-02;5.756047e-02;2.848781e-01;8.131844e-02;7.827226e-02;1.131136e-01;2.457462e-02;2.773172e-02
2.732140e-02;9.713306e-02;1.058784e-01;7.166401e-02;8.472995e-02;6.675615e-02;2.467710e-01;7.921252e-02;6.930168e-02;1.001393e-01;2.324821e-02;2.784432e-02
4.872448e-02;1.010587e-01;1.650186e-01;5.732232e-02;1.026242e-01;6.140665e-02;2.260139e-01;6.022784e-02;6.786937e-02;6.731170e-02;2.360276e-02;1.881954e-02
8.821703e-02;7.131373e-02;2.536001e-01;6.750053e-02;8.907466e-02;4.104061e-02;1.795002e-01;3.181637e-02;6.536993e-02;5.103383e-02;3.809635e-02;2.343667e-02
1.120092e-01;6.581789e-02;2.835962e-01;4.285097e-02;8.025753e-02;6.034092e-02;1.246903e-01;2.744630e-02;4.468774e-02;6.234344e-02;5.239720e-02;4.356233e-02
1.277176e-01;5.923310e-02;2.825880e-01;4.573150e-02;7.393149e-02;5.153380e-02;7.328613e-02;3.009321e-02;3.911290e-02;8.276886e-02;7.388198e-02;6.012138e-02
7.600692e-02;3.790560e-02;2.330734e-01;4.113252e-02;7.721551e-02;5.777286e-02;1.442511e-01;4.301338e-02;6.878810e-02;8.598326e-02;7.796422e-02;5.689318e-02
3.350599e-02;4.353542e-02;2.014661e-01;6.597808e-02;7.830267e-02;6.109857e-02;1.681353e-01;5.903534e-02;9.153346e-02;1.042207e-01;5.897875e-02;3.420965e-02
6.048336e-02;4.156352e-02;1.440064e-01;9.783195e-02;6.601431e-02;7.263845e-02;1.442162e-01;6.460184e-02;9.790944e-02;1.181657e-01;6.622809e-02;2.634076e-02
5.241671e-02;2.443376e-02;1.403314e-01;9.927352e-02;6.793465e-02;9.872198e-02;1.962793e-01;5.840556e-02;7.814501e-02;1.033062e-01;5.765098e-02;2.310096e-02
4.048186e-02;3.663696e-02;1.313913e-01;9.115754e-02;6.500757e-02;1.000765e-01;2.672738e-01;5.852190e-02;5.431285e-02;8.171140e-02;4.368536e-02;2.974299e-02
3.028552e-02;5.395634e-02;1.650418e-01;1.089550e-01;7.658345e-02;7.336188e-02;1.851465e-01;5.223472e-02;6.221424e-02;1.012991e-01;5.322932e-02;3.769215e-02
3.419008e-02;5.107334e-02;2.213708e-01;8.688224e-02;9.888087e-02;5.174002e-02;1.654710e-01;4.691293e-02;5.278854e-02;1.022512e-01;5.606340e-02;3.237553e-02
4.531084e-02;4.547356e-02;2.378670e-01;1.040358e-01;9.254088e-02;4.969896e-02;1.861759e-01;3.769477e-02;4.973633e-02;8.108318e-02;4.376285e-02;2.662002e-02
5.393469e-02;5.091412e-02;2.160400e-01;7.636874e-02;8.379617e-02;5.078594e-02;2.616190e-01;4.481804e-02;5.301560e-02;4.928610e-02;3.595483e-02;2.346684e-02
