4.895268e-02;1.077159e-01;1.591418e-01;1.577665e-01;1.127734e-01;1.275807e-01;1.031852e-01;7.948335e-02;3.971044e-02;1.792569e-02;1.860714e-02;2.715735e-02
4.778577e-02;1.204834e-01;1.786121e-01;1.575302e-01;1.049037e-01;1.156460e-01;1.012514e-01;7.571231e-02;3.749482e-02;1.727733e-02;1.822401e-02;2.507895e-02
4.335591e-02;1.379441e-01;1.810059e-01;1.387935e-01;8.065435e-02;1.383933e-01;8.073524e-02;9.285326e-02;4.269826e-02;1.854884e-02;1.793099e-02;2.708635e-02
4.988770e-02;1.249482e-01;7.831781e-02;7.118321e-02;5.578468e-02;2.314971e-01;3.660971e-02;1.248853e-01;6.745056e-02;3.099331e-02;8.238749e-02;4.605501e-02
2.316142e-02;9.246080e-02;5.065058e-02;5.307880e-02;3.476369e-02;1.302264e-01;6.350640e-02;1.914042e-01;1.156789e-01;8.565645e-02;1.176419e-01;4.177038e-02
1.896257e-02;7.175985e-02;8.211648e-02;3.730537e-02;3.185622e-02;1.453293e-01;9.497428e-02;2.277854e-01;5.352465e-02;1.290674e-01;5.457271e-02;5.274582e-02
3.096780e-02;6.048011e-02;1.127663e-01;3.770119e-02;3.225216e-02;1.412001e-01;1.253012e-01;1.942650e-01;9.694613e-02;9.521216e-02;2.864848e-02;4.425938e-02
4.713821e-02;5.832931e-02;9.764691e-02;4.600506e-02;4.277008e-02;1.220072e-01;1.154577e-01;1.763199e-01;1.067452e-01;7.966563e-02;6.971602e-02;3.819886e-02
5.148894e-02;1.079473e-01;1.290509e-01;4.668631e-02;3.407909e-02;1.480648e-01;9.921020e-02;1.167009e-01;8.834389e-02;5.919231e-02;9.022874e-02;2.900661e-02
4.288477e-02;1.407246e-01;1.689948e-01;4.403889e-02;2.232749e-02;2.002610e-01;8.352613e-02;1.032265e-01;7.937925e-02;1.807587e-02;7.877800e-02;1.778269e-02
3.095590e-02;1.305663e-01;1.730129e-01;3.996855e-02;3.270926e-02;2.243843e-01;6.642419e-02;1.501931e-01;6.941412e-02;2.221614e-02;4.634425e-02;1.381104e-02
3.046072e-02;9.918721e-02;1.843495e-01;4.380402e-02;4.535237e-02;2.156753e-01;6.463187e-02;1.502904e-01;9.057328e-02;2.994207e-02;2.774636e-02;1.798687e-02
3.726032e-02;9.343729e-02;1.607082e-01;5.262429e-02;7.081895e-02;1.509286e-01;4.783115e-02;1.445530e-01;1.342263e-01;4.086764e-02;2.640781e-02;4.033652e-02
2.486363e-02;8.654787e-02;1.288879e-01;5.463379e-02;6.970523e-02;1.792046e-01;3.729498e-02;1.879781e-01;1.106431e-01;4.087744e-02;3.237019e-02;4.699316e-02
3.594889e-02;1.142713e-01;1.534196e-01;4.105287e-02;7.156516e-02;1.493362e-01;5.108006e-02;1.927047e-01;8.267197e-02;3.186960e-02;2.675365e-02;4.932596e-02
4.675406e-02;8.998873e-02;1.351104e-01;3.272355e-02;5.867352e-02;2.807065e-01;5.366967e-02;1.393246e-01;7.105875e-02;3.302496e-02;2.165276e-02;3.731260e-02
4.732765e-02;6.735098e-02;5.868270e-02;5.072913e-02;2.802402e-02;3.840882e-01;5.918553e-02;1.648749e-01;5.163534e-02;4.641042e-02;1.942603e-02;2.226504e-02
5.643639e-02;5.547065e-02;1.374989e-02;3.874791e-02;2.825674e-02;4.349701e-01;5.675219e-02;1.845448e-01;4.290410e-02;5.816632e-02;1.319591e-02;1.680491e-02
5.815922e-02;6.101336e-02;4.598100e-02;2.285713e-02;3.398700e-02;4.357201e-01;3.635105e-02;1.668498e-01;4.962346e-02;5.495263e-02;1.778954e-02;1.671575e-02
4.316107e-02;5.172164e-02;4.716080e-02;1.996305e-02;4.493634e-02;3.957261e-01;3.209362e-02;1.740885e-01;7.319327e-02;4.634302e-02;3.762773e-02;3.398487e-02
4.369923e-02;5.501456e-02;4.668792e-02;2.207977e-02;4.910060e-02;3.473540e-01;2.328149e-02;2.092121e-01;7.100768e-02;3.953750e-02;4.640382e-02;4.662128e-02
5.265572e-02;5.474065e-02;4.739261e-02;2.901623e-02;3.940836e-02;3.150353e-01;3.324592e-02;2.389226e-01;7.173492e-02;5.148267e-02;4.710110e-02;1.926383e-02
4.775655e-02;5.187006e-02;5.135916e-02;3.138931e-02;4.966675e-02;2.807833e-01;4.736315e-02;2.497649e-01;7.038469e-02;5.382469e-02;3.582975e-02;3.000770e-02
4.124349e-02;4.269798e-02;6.021211e-02;4.716230e-02;6.101234e-02;2.907068e-01;6.454273e-02;2.398780e-01;4.297730e-02;4.884323e-02;2.712112e-02;3.360267e-02
3.262676e-02;4.515630e-02;4.776208e-02;4.080018e-02;6.260824e-02;3.203530e-01;6.098493e-02;2.429368e-01;6.941129e-02;3.680190e-02;1.446243e-02;2.609613e-02
2.399987e-02;3.425182e-02;4.197179e-02;3.147671e-02;5.369087e-02;3.063754e-01;4.072071e-02;3.379045e-01;9.378795e-02;1.541905e-02;6.923591e-03;1.347773e-02
1.562131e-02;6.572088e-02;2.120481e-02;7.119084e-02;5.304019e-02;2.317402e-01;3.437453e-02;3.790470e-01;8.224993e-02;2.093973e-02;1.763461e-02;7.235937e-03
3.268529e-02;7.063149e-02;6.890733e-02;6.351949e-02;4.966376e-02;1.460878e-01;4.386612e-02;3.555513e-01;9.847818e-02;3.769938e-02;1.098318e-02;2.192671e-02
4.840187e-02;4.143777e-02;1.295948e-01;4.066025e-02;4.523579e-02;1.073473e-01;3.606733e-02;2.887751e-01;1.283298e-01;4.536076e-02;3.188872e-02;5.690056e-02
6.733716e-02;5.174972e-02;1.257764e-01;8.850919e-02;6.272408e-02;7.196990e-02;4.155377e-02;2.011229e-01;1.565213e-01;4.034594e-02;3.155538e-02;6.083433e-02
1.139536e-01;4.380630e-02;1.081173e-01;1.082157e-01;8.782501e-02;7.608511e-02;3.658314e-02;1.345022e-01;1.639579e-01;5.726836e-02;2.138052e-02;4.830490e-02
1.582121e-01;5.785752e-02;8.368624e-02;1.060656e-01;1.267152e-01;8.004783e-02;2.555509e-02;8.703149e-02;1.593585e-01;7.717492e-02;1.696219e-02;2.133326e-02
2.001743e-01;5.951976e-02;4.341466e-02;1.042482e-01;1.666788e-01;8.086100e-02;2.802594e-02;5.300926e-02;1.469038e-01;9.673694e-02;1.199409e-02;8.433217e-03
2.217347e-01;3.461292e-02;3.216621e-02;1.428838e-01;1.564605e-01;5.729066e-02;3.523357e-02;5.261448e-02;1.577175e-01;8.195162e-02;1.086977e-02;1.646433e-02
1.983778e-01;2.137232e-02;3.581162e-02;1.904029e-01;1.257595e-01;3.369468e-02;4.007306e-02;8.264942e-02;1.952378e-01;4.746072e-02;1.667401e-02;1.248622e-02
1.503548e-01;1.733332e-02;5.942087e-02;2.080374e-01;9.678920e-02;1.638068e-02;3.479500e-02;1.244581e-01;2.269124e-01;2.816002e-02;2.126895e-02;1.608932e-02
9.160054e-02;3.832914e-02;1.005458e-01;1.838500e-01;6.659067e-02;2.452668e-02;2.414212e-02;1.812774e-01;2.286739e-01;3.448299e-02;2.204445e-02;3.936334e-03
5.064238e-02;5.655431e-02;1.176140e-01;1.307265e-01;5.968728e-02;8.681697e-02;2.740868e-02;1.952654e-01;1.733169e-01;4.135414e-02;3.363884e-02;2.697461e-02
6.220815e-02;6.702660e-02;9.466250e-02;9.387435e-02;6.094753e-02;1.342252e-01;3.109843e-02;2.030468e-01;1.219101e-01;5.675874e-02;4.597872e-02;2.826282e-02
9.179434e-02;6.284775e-02;5.447671e-02;9.814020e-02;3.972631e-02;1.061082e-01;4.746179e-02;2.209138e-01;1.775696e-01;4.733015e-02;4.140795e-02;1.222327e-02
9.981325e-02;2.708844e-02;2.818781e-02;1.208366e-01;3.928307e-02;4.664229e-02;9.215767e-02;2.208362e-01;2.468002e-01;4.542808e-02;2.666677e-02;6.259642e-03
7.091259e-02;1.925463e-02;2.930757e-02;1.076662e-01;5.204592e-02;4.702878e-02;8.403675e-02;2.178079e-01;2.771201e-01;5.785415e-02;2.734107e-02;9.624248e-03
3.873729e-02;1.629727e-02;4.689815e-02;1.270905e-01;4.187850e-02;6.324267e-02;7.918157e-02;2.212675e-01;2.749363e-01;5.447153e-02;1.844946e-02;1.754930e-02
2.783253e-02;2.391287e-02;6.421596e-02;1.521583e-01;5.828674e-02;6.689844e-02;7.150932e-02;2.099425e-01;2.511992e-01;2.921560e-02;2.279576e-02;2.203286e-02
2.951459e-02;3.105985e-02;5.469634e-02;1.204051e-01;1.030853e-01;1.046339e-01;7.056310e-02;2.234293e-01;1.803129e-01;3.864155e-02;2.776072e-02;1.589734e-02
2.614527e-02;4.194111e-02;7.890584e-02;8.189917e-02;9.863314e-02;1.639823e-01;4.529481e-02;1.613041e-01;1.591152e-01;7.836151e-02;3.572820e-02;2.868937e-02
4.852369e-02;7.307384e-02;1.122277e-01;5.523189e-02;6.549633e-02;1.526334e-01;6.487275e-02;1.415886e-01;1.183985e-01;9.061632e-02;4.348532e-02;3.385164e-02
6.027196e-02;8.148924e-02;1.328874e-01;5.197667e-02;5.793887e-02;1.615277e-01;8.581933e-02;1.158205e-01;9.091841e-02;8.547073e-02;4.494988e-02;3.092929e-02
7.642081e-02;7.750484e-02;1.734682e-01;5.403256e-02;4.143181e-02;1.728162e-01;9.236723e-02;8.903046e-02;6.361783e-02;6.638765e-02;6.428435e-02;2.863809e-02
6.429877e-02;3.970820e-02;2.158374e-01;3.889489e-02;5.443512e-02;2.257800e-01;8.462875e-02;4.891806e-02;4.398584e-02;4.752584e-02;9.261144e-02;4.337569e-02
4.258085e-02;2.615461e-02;2.046669e-01;2.315645e-02;9.334037e-02;2.330014e-01;6.745071e-02;3.238089e-02;9.164487e-02;3.952786e-02;9.769966e-02;4.839546e-02
2.877163e-02;2.847655e-02;1.568422e-01;2.230538e-02;1.470112e-01;1.870019e-01;9.069069e-02;4.656462e-02;1.090999e-01;3.585944e-02;8.339956e-02;6.397687e-02
2.450321e-02;4.416046e-02;1.105575e-01;2.977801e-02;1.790128e-01;1.070918e-01;1.677903e-01;7.869031e-02;8.662003e-02;2.194295e-02;5.856044e-02;9.129223e-02
3.159919e-02;3.657759e-02;7.204737e-02;2.338939e-02;1.494516e-01;9.415062e-02;2.415062e-01;9.872277e-02;6.768319e-02;1.837719e-02;5.417264e-02;1.123224e-01
2.888326e-02;2.820200e-02;1.094529e-01;1.782936e-02;1.349339e-01;1.307198e-01;2.364690e-01;8.088300e-02;6.606563e-02;1.351814e-02;5.272117e-02;1.003220e-01
4.488151e-02;2.570150e-02;1.414248e-01;1.443129e-02;1.198339e-01;1.791726e-01;1.840993e-01;5.279734e-02;7.526456e-02;1.928435e-02;7.044938e-02;7.265945e-02
1.168820e-01;2.688292e-02;1.464721e-01;2.218919e-02;8.573280e-02;2.128422e-01;1.093804e-01;3.732767e-02;7.707277e-02;3.033638e-02;8.621578e-02;4.866584e-02
1.428385e-01;3.560178e-02;1.283832e-01;3.818021e-02;8.044974e-02;2.116139e-01;6.180994e-02;4.943169e-02;7.986827e-02;4.468711e-02;7.650211e-02;5.063359e-02
1.233946e-01;6.390431e-02;1.079346e-01;5.341257e-02;9.011633e-02;1.792724e-01;3.669800e-02;6.540392e-02;8.387287e-02;7.175574e-02;5.523181e-02;6.900290e-02
7.086877e-02;6.498645e-02;6.693312e-02;5.429568e-02;1.029824e-01;1.147883e-01;7.038651e-02;6.888586e-02;8.877477e-02;1.128386e-01;6.361204e-02;1.206475e-01
8.368357e-02;5.177409e-02;5.413187e-02;6.272488e-02;7.621943e-02;1.450540e-01;7.192975e-02;6.919935e-02;6.852714e-02;8.107920e-02;1.385441e-01;9.713260e-02
1.209712e-01;4.242220e-02;6.900993e-02;5.563462e-02;2.948758e-02;2.067108e-01;4.760938e-02;4.980518e-02;6.202059e-02;5.405650e-02;2.008195e-01;6.145251e-02
1.263097e-01;4.770476e-02;5.755156e-02;4.971918e-02;6.933567e-02;1.829117e-01;2.525157e-02;5.811324e-02;1.066454e-01;4.337803e-02;1.710398e-01;6.203938e-02
8.807956e-02;6.224010e-02;6.519911e-02;5.462878e-02;8.770697e-02;1.221832e-01;3.353756e-02;1.030319e-01;1.859202e-01;5.940854e-02;9.929588e-02;3.876833e-02
5.353289e-02;6.798306e-02;7.608233e-02;3.824253e-02;5.000811e-02;9.335285e-02;6.557433e-02;1.698086e-01;2.503482e-01;6.138394e-02;4.377414e-02;2.990891e-02
4.977083e-02;5.049596e-02;7.565758e-02;4.776052e-02;2.500285e-02;1.020413e-01;8.677878e-02;2.131611e-01;1.995870e-01;4.025858e-02;4.081460e-02;6.867085e-02
2.215759e-02;5.491433e-02;9.404390e-02;4.782464e-02;5.325155e-02;7.115302e-02;1.015853e-01;2.120844e-01;1.315220e-01;5.271593e-02;6.274824e-02;9.599913e-02
4.481445e-02;4.113925e-02;6.455159e-02;3.635011e-02;6.809669e-02;1.481791e-01;9.306890e-02;1.903892e-01;1.214597e-01;4.800148e-02;7.416330e-02;6.978619e-02
4.401202e-02;4.853172e-02;5.858825e-02;2.831580e-02;7.291833e-02;1.569771e-01;8.791394e-02;2.270001e-01;1.098197e-01;3.809712e-02;6.503802e-02;6.278796e-02
3.562780e-02;6.577215e-02;6.507140e-02;2.908329e-02;7.105379e-02;1.396614e-01;7.104794e-02;2.409874e-01;8.453748e-02;4.909311e-02;6.867411e-02;7.939009e-02
2.749742e-02;4.965825e-02;8.908612e-02;3.376973e-02;3.529907e-02;1.395321e-01;8.445686e-02;2.472333e-01;9.949310e-02;4.653256e-02;3.708902e-02;1.103524e-01
3.027519e-02;4.317569e-02;8.833454e-02;2.922537e-02;3.416494e-02;1.792049e-01;9.316669e-02;2.312886e-01;9.091171e-02;3.137976e-02;1.676646e-02;1.321061e-01
3.439841e-02;3.278858e-02;8.012562e-02;1.935733e-02;4.441180e-02;1.798018e-01;7.798009e-02;2.399528e-01;1.004361e-01;2.933855e-02;1.127418e-02;1.501348e-01
4.944979e-02;3.673988e-02;7.418040e-02;2.219746e-02;3.801952e-02;1.714588e-01;6.405312e-02;2.578683e-01;1.024056e-01;2.749457e-02;2.274120e-02;1.333914e-01
5.262111e-02;4.177072e-02;8.057458e-02;1.899535e-02;3.534360e-02;1.866259e-01;4.428151e-02;2.708043e-01;1.052777e-01;3.563860e-02;3.415003e-02;9.391642e-02
4.946365e-02;4.946475e-02;6.821635e-02;5.172202e-02;6.116248e-02;2.103510e-01;3.411544e-02;2.554279e-01;8.455999e-02;3.157269e-02;3.703241e-02;6.691139e-02
5.922012e-02;4.462665e-02;3.113776e-02;9.152953e-02;1.034702e-01;2.161163e-01;4.966815e-02;1.927509e-01;8.201157e-02;4.022114e-02;3.077175e-02;5.847597e-02
3.112113e-02;4.570474e-02;6.408950e-02;1.242538e-01;1.286153e-01;1.402946e-01;3.975679e-02;1.547493e-01;1.207748e-01;7.409038e-02;2.760053e-02;4.894909e-02
3.371561e-02;6.734179e-02;9.435026e-02;1.107194e-01;1.468767e-01;9.531720e-02;3.418199e-02;1.889863e-01;1.034034e-01;6.369185e-02;2.636656e-02;3.504904e-02
3.226881e-02;5.895117e-02;1.131641e-01;8.116965e-02;1.218489e-01;1.429570e-01;9.753492e-02;1.856990e-01;6.316081e-02;3.823704e-02;2.993739e-02;3.507119e-02
3.220975e-02;4.757185e-02;1.225603e-01;8.506694e-02;7.054719e-02;1.669691e-01;1.386801e-01;1.745556e-01;6.707676e-02;3.445115e-02;3.043289e-02;2.987841e-02
6.910192e-02;6.552307e-02;6.114718e-02;4.878863e-02;6.480005e-02;1.421050e-01;4.776569e-02;1.573646e-01;8.764659e-02;1.003366e-01;8.465739e-02;7.076335e-02
8.478056e-02;7.554470e-02;6.040271e-02;3.191061e-02;6.183614e-02;1.114211e-01;8.553270e-02;1.225493e-01;9.277820e-02;1.152683e-01;9.312420e-02;6.485142e-02
8.491974e-02;9.586617e-02;5.928606e-02;5.181464e-02;5.303933e-02;1.044395e-01;1.161013e-01;1.189040e-01;8.503200e-02;1.153451e-01;8.144643e-02;3.380577e-02
4.269100e-02;9.711582e-02;7.196376e-02;5.605072e-02;7.901262e-02;1.637085e-01;7.784588e-02;1.684720e-01;7.120763e-02;5.848719e-02;7.651754e-02;3.692733e-02
1.704859e-02;7.728035e-02;5.915115e-02;3.936753e-02;1.160318e-01;1.968312e-01;5.891699e-02;2.127403e-01;5.976278e-02;5.236817e-02;7.872895e-02;3.177214e-02
6.256199e-03;8.232118e-02;4.127548e-02;3.763298e-02;1.874371e-01;1.606009e-01;4.474278e-02;2.367313e-01;5.680607e-02;7.403070e-02;5.060526e-02;2.156010e-02
7.619374e-03;1.021354e-01;2.058874e-02;5.096905e-02;2.821506e-01;8.948287e-02;3.924641e-02;1.716509e-01;7.647748e-02;1.153999e-01;1.603419e-02;2.824506e-02
1.936502e-02;8.187450e-02;3.221785e-02;9.224118e-02;3.114868e-01;7.109877e-02;5.037467e-02;7.932782e-02;1.017539e-01;1.186881e-01;1.578611e-02;2.578530e-02
4.418202e-02;4.753425e-02;5.537615e-02;1.438576e-01;2.539406e-01;4.218451e-02;1.015156e-01;6.212297e-02;1.361476e-01;9.017737e-02;1.027366e-02;1.268761e-02
6.331490e-02;1.575534e-02;6.076977e-02;1.825137e-01;1.656095e-01;2.026103e-02;1.372057e-01;1.168620e-01;1.539248e-01;6.415032e-02;1.025257e-02;9.380333e-03
8.788761e-02;8.251110e-03;3.572253e-02;2.007743e-01;1.006895e-01;2.726005e-02;1.092119e-01;1.130166e-01;1.817436e-01;8.174850e-02;3.349172e-02;2.020262e-02
1.230786e-01;1.382444e-02;5.097241e-02;2.043933e-01;6.778225e-02;1.985044e-02;4.831065e-02;1.020114e-01;1.741112e-01;7.652461e-02;7.105888e-02;4.808171e-02
1.350337e-01;2.631505e-02;7.564868e-02;1.662170e-01;1.095079e-01;4.054424e-02;9.936324e-03;1.293906e-01;1.470515e-01;3.514283e-02;7.002223e-02;5.519005e-02
8.122407e-02;7.050335e-02;9.010676e-02;1.406353e-01;1.645112e-01;8.331779e-02;1.428176e-02;1.561727e-01;1.059843e-01;2.516429e-02;3.705078e-02;3.104761e-02
2.748578e-02;7.343178e-02;7.725012e-02;1.747658e-01;1.950028e-01;1.171473e-01;2.213542e-02;1.789709e-01;6.986211e-02;2.057264e-02;1.821389e-02;2.516148e-02
1.835319e-02;5.040712e-02;7.177248e-02;1.518387e-01;1.776710e-01;1.260356e-01;4.243320e-02;2.300562e-01;5.476841e-02;3.484187e-02;2.072091e-02;2.110133e-02
3.941426e-02;4.508466e-02;7.178634e-02;8.654653e-02;1.510361e-01;1.330479e-01;6.647494e-02;2.294686e-01;9.100467e-02;5.768508e-02;1.456060e-02;1.389039e-02
7.819486e-02;3.918681e-02;5.403081e-02;1.452314e-01;9.983580e-02;9.186542e-02;7.609796e-02;1.920802e-01;1.034528e-01;7.422337e-02;2.585271e-02;1.994788e-02
8.234555e-02;3.429807e-02;4.450412e-02;1.116183e-01;6.234139e-02;4.609005e-02;5.120895e-02;2.041997e-01;1.469308e-01;1.158384e-01;6.764487e-02;3.297979e-02
6.861248e-02;3.471256e-02;4.089814e-02;9.641637e-02;6.780819e-02;4.483914e-02;5.870247e-02;1.720544e-01;1.433997e-01;1.544009e-01;7.294478e-02;4.521092e-02
5.350785e-02;3.225291e-02;3.617794e-02;1.088231e-01;5.386455e-02;8.827463e-02;1.008244e-01;1.691644e-01;1.473621e-01;1.485653e-01;2.698747e-02;3.419530e-02
4.236442e-02;2.580288e-02;2.464980e-02;8.902550e-02;6.870324e-02;9.414029e-02;1.196227e-01;1.954413e-01;1.576071e-01;9.894140e-02;3.070021e-02;5.300122e-02
2.276887e-02;2.911668e-02;3.310676e-02;8.334286e-02;1.012646e-01;6.424341e-02;1.065712e-01;2.537522e-01;1.429062e-01;7.006426e-02;3.473737e-02;5.812560e-02
3.381449e-02;2.380706e-02;4.992536e-02;1.364665e-01;1.041619e-01;7.575602e-02;6.156681e-02;2.485233e-01;1.580693e-01;4.561047e-02;2.381375e-02;3.848501e-02
3.942502e-02;4.301406e-02;7.647548e-02;1.595504e-01;5.741960e-02;1.243358e-01;4.197985e-02;2.274471e-01;1.390065e-01;3.048232e-02;2.426561e-02;3.659838e-02
4.536248e-02;7.560921e-02;8.803909e-02;1.402385e-01;5.608626e-02;1.607394e-01;3.033834e-02;2.005810e-01;1.046837e-01;3.526523e-02;2.394778e-02;3.910905e-02
3.643167e-02;8.683557e-02;7.469296e-02;1.203292e-01;9.990782e-02;1.720748e-01;1.864731e-02;1.970537e-01;9.911418e-02;4.321695e-02;2.152118e-02;3.017461e-02
1.900757e-02;3.491428e-02;4.010931e-02;8.922320e-02;1.061367e-01;1.312808e-01;4.161654e-02;2.689917e-01;1.894619e-01;4.379862e-02;1.946776e-02;1.599155e-02
2.527446e-02;4.442153e-02;4.409527e-02;7.257162e-02;9.200289e-02;1.277810e-01;4.601378e-02;3.089369e-01;1.572082e-01;4.269906e-02;1.778569e-02;2.120951e-02
2.228322e-02;5.105684e-02;4.336508e-02;6.650083e-02;9.408116e-02;1.686016e-01;4.507217e-02;2.961238e-01;1.191966e-01;4.365550e-02;2.174177e-02;2.832142e-02
2.236322e-02;3.384900e-02;6.853881e-02;8.470904e-02;6.655633e-02;1.995231e-01;5.864748e-02;2.612543e-01;1.280770e-01;3.063053e-02;2.280683e-02;2.304433e-02
2.152783e-02;2.979571e-02;6.298012e-02;1.129850e-01;9.548178e-02;2.021777e-01;6.997350e-02;2.009961e-01;1.202151e-01;4.361362e-02;1.271907e-02;2.753451e-02
4.513905e-02;5.702599e-02;7.721922e-02;1.205415e-01;1.348870e-01;8.925306e-02;2.792304e-02;1.852029e-01;1.148295e-01;5.570230e-02;2.830368e-02;6.397269e-02
4.438239e-02;4.681175e-02;5.823423e-02;7.209487e-02;1.148714e-01;1.616080e-01;1.199479e-01;1.246516e-01;7.783131e-02;6.945352e-02;6.119440e-02;4.891858e-02
4.337195e-02;4.384568e-02;4.934107e-02;7.593702e-02;9.774561e-02;1.461438e-01;1.452042e-01;9.887037e-02;1.107773e-01;9.743888e-02;6.390338e-02;2.742086e-02
5.879824e-02;3.094431e-02;3.429919e-02;9.479831e-02;6.796348e-02;1.108388e-01;1.581026e-01;8.655226e-02;1.741520e-01;1.088686e-01;5.934697e-02;1.533521e-02
1.015346e-01;2.526582e-02;2.551347e-02;1.220164e-01;4.555560e-02;5.903646e-02;1.356284e-01;8.050507e-02;2.514241e-01;9.120853e-02;5.596386e-02;6.347662e-03
1.419164e-01;3.178158e-02;2.073361e-02;1.281759e-01;6.580303e-02;5.625236e-02;6.710722e-02;7.990437e-02;2.728909e-01;3.405786e-02;4.571934e-02;5.565742e-02
1.387131e-01;3.517681e-02;3.216916e-02;8.434299e-02;8.705413e-02;9.237596e-02;5.012899e-02;9.274654e-02;1.874639e-01;2.803057e-02;3.802618e-02;1.337716e-01
1.043136e-01;4.537933e-02;3.412516e-02;4.281734e-02;1.033648e-01;1.332552e-01;5.043185e-02;1.231102e-01;1.083576e-01;2.650620e-02;3.368552e-02;1.946532e-01
9.218819e-02;4.667436e-02;2.595119e-02;6.451602e-02;1.105653e-01;1.288745e-01;4.147486e-02;1.136585e-01;1.290313e-01;1.317056e-02;2.038107e-02;2.135142e-01
9.830480e-02;4.334819e-02;3.797324e-02;6.683967e-02;1.017420e-01;1.060643e-01;1.297379e-02;1.004154e-01;1.906582e-01;2.805692e-02;1.517884e-02;1.984446e-01
6.341196e-02;4.141581e-02;3.798241e-02;5.430521e-02;8.182366e-02;1.266950e-01;2.523544e-02;1.590760e-01;2.036616e-01;1.938146e-02;8.916270e-03;1.780953e-01
1.600962e-02;3.334311e-02;7.236280e-02;3.247511e-02;4.352411e-02;1.621285e-01;3.674773e-02;2.728446e-01;1.254295e-01;2.811676e-02;1.757166e-02;1.594466e-01
1.074988e-02;2.772189e-02;9.224327e-02;2.378101e-02;2.159945e-02;1.570953e-01;9.475736e-02;3.444618e-01;4.861418e-02;4.257250e-02;1.513068e-02;1.212727e-01
1.640148e-02;4.003279e-02;9.421207e-02;2.273395e-02;1.956965e-02;1.278638e-01;1.471633e-01;3.375397e-01;4.099213e-02;4.630246e-02;2.230346e-02;8.488528e-02
2.150887e-02;6.654225e-02;1.040911e-01;2.784501e-02;2.524320e-02;9.069213e-02;1.490822e-01;2.956982e-01;3.866612e-02;5.969966e-02;3.657223e-02;8.435902e-02
2.981412e-02;9.195297e-02;1.107244e-01;3.139131e-02;4.269896e-02;7.274101e-02;9.859996e-02;2.285431e-01;7.880352e-02;6.726579e-02;4.856145e-02;9.890347e-02
6.446318e-02;8.300626e-02;1.056501e-01;4.437871e-02;7.016033e-02;1.010419e-01;4.350268e-02;1.242228e-01;1.565013e-01;6.203973e-02;4.911398e-02;9.591907e-02
8.014014e-02;5.149500e-02;6.367344e-02;6.444047e-02;7.060946e-02;6.920311e-02;1.159934e-01;1.665849e-01;1.916231e-01;4.955720e-02;2.304473e-02;5.363498e-02
6.117313e-02;3.524827e-02;2.796092e-02;4.010549e-02;3.755752e-02;1.160244e-01;9.700582e-02;2.848564e-01;2.249974e-01;5.674550e-02;9.972326e-03;8.352857e-03
4.957345e-02;2.540555e-02;3.067368e-02;4.284140e-02;2.469173e-02;1.232655e-01;7.800069e-02;3.393385e-01;2.128326e-01;5.328801e-02;1.130704e-02;8.781781e-03
5.139090e-02;1.768251e-02;3.691890e-02;5.998271e-02;3.261826e-02;1.366922e-01;1.019026e-01;3.230476e-01;1.610960e-01;3.857695e-02;2.176119e-02;1.833021e-02
4.323966e-02;2.137337e-02;3.354159e-02;5.704589e-02;3.768826e-02;1.398379e-01;1.264093e-01;2.994854e-01;1.237882e-01;4.074835e-02;3.343074e-02;4.341142e-02
2.273715e-02;2.657783e-02;3.858586e-02;5.946094e-02;3.810745e-02;1.495057e-01;9.135019e-02;2.817805e-01;1.846429e-01;3.532758e-02;3.622982e-02;3.569399e-02
2.299602e-02;2.513042e-02;3.934506e-02;4.195258e-02;2.341813e-02;1.545730e-01;9.756608e-02;1.948327e-01;2.537037e-01;5.814194e-02;3.345198e-02;5.488834e-02
3.998916e-02;3.319434e-02;4.001377e-02;1.654990e-02;3.334853e-02;1.185728e-01;1.511343e-01;1.103651e-01;2.085921e-01;9.610009e-02;4.204781e-02;1.100922e-01
4.217189e-02;2.575270e-02;3.092969e-02;2.958549e-02;5.789245e-02;7.937066e-02;1.424066e-01;1.588271e-01;1.606036e-01;1.221083e-01;3.160983e-02;1.187417e-01
4.769586e-02;2.116964e-02;2.263259e-02;2.950733e-02;7.393334e-02;9.464132e-02;1.077509e-01;1.430090e-01;1.564755e-01;1.738479e-01;3.898042e-02;9.035621e-02
6.031379e-02;1.534104e-02;2.390079e-02;2.449928e-02;4.997258e-02;7.213499e-02;1.363197e-01;1.642678e-01;2.113503e-01;1.346540e-01;4.808140e-02;5.916447e-02
6.631692e-02;8.433663e-03;2.366629e-02;2.717553e-02;2.086969e-02;8.409207e-02;1.039452e-01;2.348535e-01;2.699838e-01;6.358697e-02;3.677657e-02;6.029982e-02
7.600207e-02;3.108956e-02;2.012983e-02;4.185954e-02;2.022412e-02;1.070469e-01;1.337589e-01;2.451064e-01;2.009704e-01;4.179979e-02;4.204565e-02;3.996682e-02
1.180521e-01;9.470710e-02;9.282261e-02;3.239200e-02;2.821484e-02;9.245412e-02;1.452481e-01;1.350064e-01;8.702344e-02;4.129980e-02;7.973342e-02;5.304614e-02
1.417053e-01;1.007950e-01;1.459230e-01;6.745071e-02;3.420777e-02;1.019331e-01;8.353437e-02;5.341863e-02;3.676521e-02;7.985047e-02;6.451206e-02;8.990429e-02
1.180095e-01;7.980828e-02;1.748618e-01;1.078955e-01;5.109725e-02;1.070211e-01;6.282698e-02;6.143411e-02;5.117124e-02;1.048331e-01;3.195294e-02;4.908814e-02
3.497668e-02;1.364093e-01;1.423432e-01;1.181363e-01;6.531454e-02;5.981595e-02;2.738091e-02;8.616332e-02;8.280100e-02;9.572838e-02;3.807248e-02;1.128579e-01
5.859834e-02;8.381912e-02;1.636766e-01;8.054650e-02;4.464048e-02;4.806538e-02;5.108349e-02;9.889055e-02;8.558689e-02;5.283189e-02;8.133046e-02;1.509302e-01
5.239184e-02;8.445516e-02;1.774480e-01;5.439879e-02;3.385453e-02;3.850824e-02;7.790250e-02;1.413815e-01;6.644619e-02;2.513642e-02;1.381222e-01;1.099547e-01
3.136592e-02;1.297790e-01;1.730050e-01;2.770909e-02;3.025678e-02;3.675494e-02;1.306207e-01;1.598737e-01;3.685918e-02;1.036329e-02;1.794828e-01;5.392960e-02
1.457710e-02;1.711636e-01;1.267338e-01;1.026190e-02;2.675680e-02;5.284150e-02;1.985606e-01;1.781404e-01;2.719080e-02;1.100027e-02;1.537295e-01;2.904376e-02
2.219530e-02;2.009321e-01;9.301659e-02;1.277558e-02;2.581699e-02;8.064312e-02;2.376126e-01;1.689667e-01;2.606028e-02;8.565397e-03;1.053454e-01;1.806990e-02
2.701320e-02;2.198044e-01;7.546220e-02;1.706692e-02;2.640411e-02;9.866948e-02;2.462368e-01;1.105834e-01;5.575493e-02;1.116619e-02;8.494002e-02;2.689837e-02
3.286508e-02;1.857699e-01;4.429748e-02;1.339002e-02;2.276135e-02;1.093964e-01;2.350087e-01;1.306546e-01;8.499009e-02;2.241845e-02;8.621570e-02;3.223230e-02
2.545126e-02;1.157139e-01;5.764493e-02;2.002079e-02;3.482250e-02;1.101055e-01;2.408136e-01;1.173391e-01;9.322228e-02;2.591934e-02;1.063512e-01;5.259560e-02
2.142158e-02;7.831909e-02;4.141105e-02;2.176910e-02;3.678548e-02;1.010781e-01;2.805604e-01;1.093825e-01;1.058986e-01;3.490355e-02;1.222898e-01;4.618075e-02
1.535159e-02;8.977764e-02;2.602809e-02;1.710358e-02;3.395855e-02;7.896714e-02;2.716076e-01;1.685312e-01;1.225869e-01;3.016598e-02;1.161377e-01;2.978404e-02
2.765838e-02;9.398329e-02;4.489086e-02;2.013647e-02;3.715263e-02;8.342910e-02;2.548339e-01;1.533106e-01;1.118086e-01;2.694725e-02;1.201858e-01;2.566310e-02
3.842799e-02;9.024376e-02;4.774658e-02;1.994588e-02;2.290983e-02;1.108680e-01;2.209562e-01;1.500446e-01;1.016760e-01;3.643965e-02;1.386595e-01;2.208196e-02
2.425554e-02;9.425370e-02;6.430867e-02;2.083519e-02;2.194465e-02;1.239306e-01;1.733491e-01;1.519915e-01;9.722563e-02;7.418175e-02;1.402200e-01;1.350375e-02
4.226064e-02;5.786261e-02;1.278590e-01;5.141656e-02;5.239241e-02;1.464740e-01;1.245714e-01;1.460137e-01;9.002906e-02;5.674115e-02;6.703560e-02;3.734386e-02
1.026325e-01;5.990278e-02;1.154104e-01;1.070344e-01;5.981970e-02;1.936285e-01;1.030204e-01;9.857652e-02;4.522477e-02;7.249730e-02;1.280171e-02;2.945110e-02
1.142082e-01;6.210237e-02;8.182059e-02;1.270770e-01;4.806387e-02;2.766210e-01;9.133290e-02;6.534699e-02;3.063196e-02;6.822493e-02;1.617309e-02;1.839709e-02
9.580829e-02;3.924578e-02;9.521497e-02;1.062154e-01;3.123332e-02;3.393202e-01;8.174406e-02;4.829047e-02;4.571068e-02;6.601659e-02;1.774691e-02;3.345320e-02
5.012272e-02;2.281020e-02;1.291331e-01;5.188218e-02;1.019788e-01;2.771376e-01;9.741453e-02;4.279741e-02;7.574509e-02;5.227752e-02;1.889777e-02;7.980306e-02
2.940947e-02;2.628348e-02;1.257806e-01;3.539626e-02;1.641767e-01;1.529696e-01;1.545212e-01;2.627921e-02;1.150639e-01;2.333104e-02;1.671815e-02;1.300704e-01
2.933311e-02;2.828778e-02;1.016705e-01;4.443214e-02;1.801113e-01;4.953730e-02;1.913198e-01;2.621362e-02;1.517729e-01;1.186492e-02;7.662321e-03;1.777943e-01
1.994276e-02;1.370043e-02;9.636459e-02;4.951702e-02;1.629694e-01;4.940236e-02;1.786289e-01;3.416916e-02;1.731667e-01;1.357847e-02;1.100405e-02;1.975561e-01
9.305527e-03;1.296200e-02;1.006708e-01;4.617274e-02;1.550985e-01;6.166898e-02;1.617108e-01;2.841386e-02;1.917352e-01;1.663408e-02;1.274947e-02;2.028780e-01
2.082445e-02;2.239398e-02;1.100391e-01;4.582053e-02;1.460777e-01;5.303966e-02;1.495753e-01;1.940085e-02;2.000619e-01;2.385093e-02;1.380423e-02;1.951113e-01
2.925466e-02;2.902473e-02;9.455485e-02;5.884390e-02;1.417335e-01;2.881417e-02;1.403038e-01;3.367359e-02;2.184091e-01;2.095087e-02;9.548961e-03;1.948879e-01
2.939809e-02;1.496918e-02;1.076438e-01;6.130298e-02;1.255520e-01;3.262880e-02;1.248550e-01;3.182597e-02;2.351326e-01;2.546350e-02;1.816715e-02;1.930610e-01
2.130072e-02;1.617004e-02;1.203259e-01;6.057902e-02;1.116940e-01;5.141512e-02;1.095447e-01;2.358805e-02;2.462093e-01;1.925159e-02;2.022159e-02;1.996999e-01
1.164536e-02;1.788585e-02;1.326752e-01;5.194484e-02;1.056056e-01;4.595022e-02;8.678190e-02;1.815669e-02;2.616336e-01;2.207276e-02;3.040212e-02;2.152459e-01
2.383249e-02;2.269519e-02;1.552685e-01;3.700203e-02;9.042042e-02;3.626324e-02;6.875908e-02;2.012651e-02;2.596600e-01;2.857478e-02;4.635930e-02;2.110385e-01
3.450402e-02;2.281987e-02;1.757417e-01;2.524300e-02;8.049539e-02;5.822977e-02;5.742922e-02;2.849377e-02;2.225619e-01;4.872996e-02;5.520717e-02;1.905443e-01
2.219774e-02;3.488284e-02;1.900433e-01;2.656852e-02;7.727091e-02;8.877775e-02;4.463992e-02;3.318484e-02;2.089634e-01;4.572216e-02;6.930479e-02;1.584439e-01
5.624667e-02;4.974426e-02;1.584010e-01;2.643548e-02;6.007334e-02;1.154471e-01;2.103885e-02;5.577844e-02;1.826481e-01;7.830386e-02;7.259848e-02;1.232844e-01
7.142916e-02;6.448430e-02;1.231952e-01;2.017374e-02;5.363054e-02;1.186228e-01;2.135804e-02;5.111664e-02;1.667444e-01;1.000008e-01;9.945831e-02;1.097861e-01
7.225291e-02;6.389751e-02;1.215491e-01;2.573296e-02;6.777364e-02;1.573662e-01;2.481325e-02;3.448794e-02;1.721054e-01;8.839420e-02;1.085926e-01;6.303423e-02
5.702051e-02;6.681114e-02;1.394670e-01;2.346193e-02;9.550545e-02;1.795014e-01;2.186059e-02;2.429639e-02;1.798321e-01;7.099256e-02;1.202119e-01;2.103902e-02
3.486184e-02;5.609165e-02;1.174248e-01;4.800038e-02;1.314787e-01;1.712419e-01;2.516364e-02;2.515061e-02;1.697069e-01;5.605202e-02;1.159836e-01;4.884397e-02
1.680638e-02;6.448870e-02;1.174080e-01;7.654976e-02;1.366419e-01;1.286713e-01;3.980780e-02;4.237865e-02;1.417001e-01;7.247055e-02;7.848608e-02;8.459086e-02
3.566501e-02;9.434137e-02;1.307796e-01;8.490269e-02;9.791093e-02;1.198665e-01;4.595677e-02;6.433687e-02;1.050011e-01;8.067372e-02;5.334890e-02;8.721660e-02
4.612226e-02;9.660747e-02;1.049755e-01;8.019421e-02;8.709639e-02;1.461851e-01;8.446389e-02;6.235711e-02;1.117771e-01;5.361534e-02;4.120513e-02;8.540048e-02
4.616832e-02;8.032876e-02;8.259763e-02;4.173941e-02;1.379797e-01;1.592084e-01;9.127912e-02;7.075246e-02;1.183461e-01;6.456556e-02;3.671122e-02;7.032333e-02
4.233371e-02;6.692902e-02;7.731400e-02;6.114172e-02;1.346469e-01;1.680147e-01;6.870360e-02;9.022502e-02;8.999350e-02;6.639836e-02;4.908506e-02;8.521438e-02
3.400064e-02;6.719607e-02;7.578029e-02;7.081881e-02;1.296776e-01;1.521145e-01;8.406673e-02;1.056736e-01;8.038964e-02;5.128286e-02;5.700413e-02;9.199507e-02
2.271546e-02;4.782208e-02;7.639515e-02;4.824721e-02;1.296613e-01;1.354662e-01;1.353767e-01;1.023397e-01;1.323199e-01;4.615220e-02;5.255499e-02;7.094900e-02
1.752635e-02;3.698437e-02;5.945624e-02;3.261376e-02;1.450077e-01;1.285642e-01;1.294379e-01;8.634857e-02;1.755237e-01;7.736428e-02;5.886603e-02;5.230691e-02
2.694663e-02;3.957345e-02;6.536179e-02;3.639160e-02;1.295254e-01;1.428821e-01;1.469879e-01;8.420385e-02;1.619507e-01;7.109362e-02;4.420966e-02;5.087330e-02
2.939478e-02;4.929940e-02;7.369107e-02;4.152609e-02;8.693609e-02;1.894181e-01;1.549681e-01;8.915973e-02;1.426972e-01;5.495111e-02;3.119356e-02;5.676484e-02
2.643802e-02;6.789066e-02;9.421160e-02;5.805947e-02;1.040158e-01;2.176065e-01;1.020596e-01;9.845465e-02;9.596827e-02;4.952402e-02;1.901204e-02;6.675938e-02
1.225633e-02;4.919573e-02;9.299506e-02;4.775626e-02;1.275050e-01;2.296381e-01;1.052615e-01;8.281741e-02;9.602725e-02;4.868829e-02;2.224067e-02;8.561833e-02
1.705386e-02;5.554443e-02;7.752857e-02;5.152732e-02;1.491057e-01;1.871050e-01;1.201439e-01;1.149986e-01;6.843140e-02;5.434634e-02;4.140294e-02;6.281193e-02
1.322846e-02;5.531047e-02;8.539155e-02;5.345344e-02;1.922151e-01;2.079107e-01;1.159433e-01;9.896750e-02;4.670916e-02;2.536993e-02;3.374465e-02;7.175568e-02
1.484821e-02;3.933885e-02;7.448163e-02;5.113207e-02;2.256940e-01;1.668571e-01;1.457759e-01;7.786463e-02;7.926939e-02;1.707582e-02;2.102498e-02;8.663737e-02
1.155423e-02;1.833064e-02;5.282948e-02;6.400745e-02;2.471576e-01;1.011928e-01;1.832535e-01;4.732715e-02;1.238273e-01;2.881085e-02;1.347142e-02;1.082375e-01
1.852123e-02;2.453553e-02;7.242889e-02;6.361365e-02;2.028327e-01;8.364300e-02;2.082595e-01;4.692220e-02;1.200023e-01;3.888800e-02;1.416857e-02;1.061844e-01
3.968120e-02;5.927940e-02;8.803610e-02;5.932448e-02;1.189635e-01;1.052541e-01;1.839195e-01;1.092963e-01;7.759172e-02;2.826506e-02;3.795514e-02;9.243350e-02
6.025085e-02;7.727797e-02;8.727090e-02;6.235055e-02;6.164800e-02;1.164619e-01;1.242621e-01;1.586869e-01;7.485533e-02;6.217879e-02;5.219383e-02;6.256284e-02
6.099700e-02;7.017129e-02;1.004984e-01;6.462147e-02;5.176133e-02;8.454855e-02;1.029244e-01;1.735382e-01;1.376240e-01;4.565243e-02;6.797060e-02;3.969230e-02
4.659849e-02;7.691563e-02;1.152642e-01;5.530182e-02;2.719444e-02;1.002078e-01;5.030189e-02;1.514164e-01;2.132905e-01;4.620223e-02;5.776665e-02;5.953990e-02
3.734450e-02;7.311617e-02;1.393739e-01;4.927343e-02;3.736383e-02;1.278799e-01;4.526815e-02;1.035470e-01;2.507619e-01;2.914697e-02;4.639001e-02;6.053435e-02
3.869087e-02;4.200876e-02;1.242270e-01;6.543030e-02;9.066386e-02;1.098093e-01;4.066813e-02;7.124691e-02;2.285078e-01;7.391462e-02;7.092847e-02;4.390393e-02
2.954571e-02;2.493019e-02;8.302500e-02;6.770709e-02;1.428849e-01;1.403615e-01;4.119871e-02;8.070286e-02;1.670714e-01;1.033167e-01;4.973542e-02;6.952049e-02
5.457265e-02;1.725710e-02;6.804387e-02;4.947611e-02;1.327751e-01;1.314338e-01;6.828814e-02;1.071331e-01;1.534042e-01;1.016768e-01;2.712541e-02;8.881375e-02
6.775933e-02;2.803025e-02;9.005328e-02;2.947303e-02;1.040149e-01;5.436907e-02;7.963438e-02;1.061949e-01;2.448100e-01;7.972718e-02;1.668230e-02;9.925138e-02
4.443629e-02;3.051454e-02;5.786576e-02;1.925697e-02;7.311542e-02;1.101292e-01;9.334167e-02;1.481147e-01;2.770011e-01;5.925411e-02;1.207096e-02;7.489940e-02
4.110568e-02;2.768345e-02;3.125430e-02;1.814480e-02;7.092474e-02;1.564530e-01;1.013079e-01;1.621838e-01;2.325081e-01;7.502954e-02;1.181615e-02;7.158864e-02
4.462583e-02;3.269611e-02;2.762160e-02;3.413690e-02;8.116158e-02;1.689993e-01;7.046255e-02;1.430740e-01;1.834833e-01;1.007770e-01;2.613752e-02;8.682431e-02
2.960711e-02;4.980493e-02;6.922664e-02;3.953633e-02;8.185671e-02;1.261290e-01;1.376407e-01;1.138578e-01;1.285384e-01;7.741255e-02;6.995688e-02;7.643300e-02
2.962215e-02;6.002608e-02;9.024881e-02;3.292487e-02;1.221028e-01;1.722354e-01;1.277036e-01;8.813402e-02;9.019189e-02;4.676692e-02;7.295027e-02;6.709333e-02
3.577211e-02;5.215017e-02;7.129356e-02;3.195430e-02;1.420408e-01;2.072994e-01;9.141707e-02;8.532419e-02;1.181329e-01;4.625604e-02;4.602194e-02;7.233744e-02
3.377998e-02;3.384867e-02;6.167413e-02;3.741703e-02;1.068037e-01;2.438107e-01;1.038262e-01;9.035767e-02;1.539239e-01;2.055755e-02;4.436294e-02;6.963749e-02
