1.518648e-01;3.937844e-02;3.601584e-02;1.739662e-02;2.479257e-02;7.429544e-02;2.776917e-01;2.119357e-01;1.264483e-02;2.556244e-02;1.189049e-01;9.516622e-03
1.240372e-01;1.891426e-01;5.255017e-02;2.165728e-02;1.780541e-02;5.987840e-02;2.244368e-01;1.567965e-01;1.463482e-02;2.715141e-02;1.078563e-01;4.053118e-03
1.008099e-01;3.819977e-01;8.055580e-02;1.736195e-02;1.116009e-02;3.016614e-02;1.282068e-01;9.669198e-02;1.137407e-02;3.599372e-02;1.007556e-01;4.926225e-03
1.055482e-01;5.410049e-01;1.158614e-01;1.664831e-02;2.627593e-02;1.867754e-02;4.474483e-02;2.582351e-02;9.840474e-03;4.334005e-02;4.878552e-02;3.449331e-03
1.095069e-01;5.659809e-01;1.292990e-01;1.969549e-02;3.750617e-02;1.479696e-02;3.085793e-02;1.617992e-02;9.006853e-03;3.932735e-02;2.438906e-02;3.453487e-03
1.239107e-01;5.676641e-01;1.255086e-01;2.057080e-02;2.775071e-02;1.833303e-02;3.737549e-02;2.663634e-02;8.972946e-03;3.205795e-02;8.211474e-03;3.007839e-03
1.200168e-01;5.720866e-01;1.184361e-01;1.823565e-02;1.548964e-02;1.988527e-02;5.410907e-02;2.808522e-02;1.071179e-02;2.688150e-02;1.264777e-02;3.414578e-03
1.292880e-01;5.342715e-01;1.273695e-01;1.749761e-02;2.911769e-02;1.782524e-02;6.010050e-02;2.494411e-02;8.526403e-03;3.178146e-02;1.357179e-02;5.706153e-03
1.095289e-01;4.800383e-01;1.557168e-01;2.082973e-02;6.806371e-02;1.210942e-02;6.978831e-02;2.314394e-02;7.027585e-03;3.743895e-02;1.279754e-02;3.516828e-03
1.092589e-01;4.264786e-01;1.822782e-01;2.777657e-02;6.797519e-02;9.864650e-03;9.257475e-02;1.846734e-02;8.723603e-03;3.722261e-02;1.703730e-02;2.342331e-03
1.025611e-01;4.212568e-01;1.940612e-01;3.756912e-02;4.152784e-02;1.220155e-02;9.203453e-02;2.537272e-02;1.436478e-02;3.767388e-02;1.638878e-02;4.987747e-03
1.003377e-01;4.385008e-01;1.988236e-01;4.331948e-02;4.116533e-02;1.240218e-02;7.782544e-02;2.285192e-02;8.102675e-03;3.823065e-02;1.271764e-02;5.722550e-03
9.313732e-02;4.151261e-01;1.970215e-01;5.771944e-02;5.232382e-02;1.595150e-02;7.410793e-02;1.979315e-02;1.354068e-02;4.280740e-02;1.379343e-02;4.677694e-03
9.042340e-02;4.076203e-01;2.020193e-01;6.281114e-02;6.055477e-02;1.246176e-02;6.330830e-02;1.828728e-02;1.210980e-02;5.331962e-02;1.272070e-02;4.363648e-03
9.011044e-02;4.268388e-01;2.059515e-01;4.858023e-02;6.653153e-02;9.217245e-03;5.476126e-02;1.730698e-02;9.308473e-03;6.059659e-02;6.841453e-03;3.955557e-03
9.639145e-02;4.665424e-01;1.876831e-01;3.810655e-02;5.683969e-02;3.682286e-03;5.063091e-02;2.485241e-02;6.883398e-03;5.437533e-02;8.707791e-03;5.304729e-03
1.210441e-01;5.356315e-01;1.550626e-01;2.766990e-02;3.339478e-02;9.279027e-03;3.308237e-02;2.512736e-02;8.298273e-03;3.379858e-02;1.079028e-02;6.821220e-03
1.344353e-01;5.827325e-01;1.175763e-01;1.382966e-02;2.522256e-02;1.008184e-02;1.715922e-02;4.063482e-02;1.035265e-02;2.673640e-02;7.676522e-03;1.356225e-02
1.417400e-01;6.030465e-01;8.753150e-02;1.216465e-02;1.076091e-02;1.311417e-02;2.026597e-02;5.009516e-02;1.368796e-02;2.337492e-02;5.785152e-03;1.843303e-02
1.329825e-01;6.193588e-01;7.499728e-02;1.617165e-02;6.625172e-03;1.568933e-02;1.023486e-02;5.356004e-02;1.436125e-02;1.843923e-02;1.424466e-02;2.333533e-02
1.442135e-01;6.189526e-01;6.413218e-02;1.862449e-02;6.866496e-03;2.461295e-02;1.907642e-02;3.837223e-02;1.832708e-02;1.440616e-02;8.399805e-03;2.401601e-02
1.517526e-01;6.529151e-01;5.460843e-02;1.272560e-02;3.072313e-03;2.965573e-02;8.867959e-03;2.293672e-02;2.152075e-02;1.376553e-02;5.826103e-03;2.235324e-02
1.437985e-01;6.505507e-01;5.757273e-02;1.640254e-02;5.269042e-03;2.763721e-02;9.564454e-03;2.619037e-02;2.282371e-02;1.297193e-02;4.168489e-03;2.305036e-02
1.351153e-01;6.652613e-01;6.316650e-02;8.951133e-03;4.736816e-03;2.237571e-02;9.605982e-03;2.859264e-02;1.927018e-02;1.280652e-02;9.558915e-03;2.055904e-02
1.371221e-01;6.682078e-01;7.027134e-02;9.487712e-03;4.917187e-03;1.742778e-02;5.230784e-03;3.133117e-02;1.469586e-02;1.592848e-02;8.323127e-03;1.705665e-02
1.292007e-01;6.472192e-01;8.833981e-02;1.026590e-02;7.311082e-03;1.340490e-02;1.176461e-02;3.445372e-02;1.409740e-02;1.939202e-02;1.098456e-02;1.356606e-02
1.174512e-01;6.032897e-01;1.298204e-01;1.021343e-02;1.981450e-02;8.070009e-03;1.966848e-02;2.879220e-02;1.129358e-02;3.147881e-02;1.045506e-02;9.652663e-03
1.036182e-01;5.354939e-01;1.766285e-01;1.487993e-02;3.785150e-02;8.355843e-03;2.210428e-02;2.359453e-02;9.717082e-03;4.369665e-02;1.354951e-02;1.051015e-02
1.002372e-01;4.716394e-01;2.138680e-01;2.049883e-02;5.036192e-02;1.056233e-02;3.192226e-02;1.724408e-02;6.481727e-03;5.139326e-02;1.897270e-02;6.818407e-03
1.058899e-01;4.297806e-01;2.326284e-01;2.343217e-02;5.260327e-02;6.548900e-03;6.004474e-02;1.172734e-02;5.776125e-03;5.610112e-02;1.059106e-02;4.876457e-03
1.215430e-01;3.911670e-01;2.241880e-01;2.553063e-02;4.171562e-02;7.850128e-03;8.264416e-02;1.166713e-02;9.619527e-03;6.137532e-02;1.631451e-02;6.384987e-03
1.403615e-01;3.743330e-01;2.009690e-01;3.512052e-02;3.272329e-02;8.551257e-03;9.236218e-02;1.099995e-02;1.673911e-02;6.115966e-02;2.218097e-02;4.499519e-03
1.442376e-01;3.918671e-01;1.780999e-01;3.581695e-02;2.616399e-02;5.357907e-03;1.014747e-01;1.124510e-02;2.020806e-02;6.793367e-02;1.170898e-02;5.885993e-03
1.360569e-01;3.981052e-01;1.572517e-01;3.400092e-02;2.974440e-02;1.075294e-02;1.057762e-01;1.582230e-02;2.755283e-02;6.579419e-02;1.528257e-02;3.859831e-03
1.223236e-01;4.013856e-01;1.518269e-01;4.945806e-02;2.447441e-02;1.079817e-02;7.989209e-02;2.762879e-02;4.432632e-02;4.427892e-02;3.950221e-02;4.104943e-03
1.022317e-01;3.710694e-01;1.390827e-01;1.082414e-01;2.489013e-02;2.755676e-02;5.167454e-02;3.691296e-02;4.708355e-02;2.404803e-02;6.253678e-02;4.672171e-03
7.815871e-02;3.175271e-01;1.220528e-01;1.758164e-01;3.424737e-02;3.611597e-02;3.661368e-02;5.843761e-02;2.485601e-02;1.763034e-02;9.114685e-02;7.397103e-03
5.048219e-02;2.831570e-01;1.180898e-01;2.017528e-01;3.903305e-02;4.790822e-02;3.549663e-02;8.671715e-02;9.079617e-03;1.521506e-02;1.027623e-01;1.030614e-02
4.603627e-02;2.716640e-01;1.121631e-01;1.589720e-01;5.348241e-02;6.197489e-02;7.150236e-02;8.157480e-02;5.773162e-03;2.638127e-02;9.023495e-02;2.024082e-02
4.103119e-02;2.626956e-01;1.166521e-01;1.377250e-01;6.409247e-02;8.151135e-02;6.978241e-02;6.718429e-02;8.785573e-03;3.906775e-02;8.126953e-02;3.020286e-02
3.795344e-02;2.390727e-01;1.144434e-01;1.446410e-01;5.777388e-02;9.213945e-02;1.062834e-01;6.541476e-02;1.112792e-02;3.367415e-02;6.769990e-02;2.977599e-02
1.067976e-01;3.534040e-01;1.190366e-01;9.874063e-02;3.350430e-02;5.681396e-02;7.490058e-02;5.854357e-02;1.019571e-02;2.206336e-02;4.592833e-02;2.007137e-02
1.437451e-01;4.155670e-01;1.226802e-01;6.031905e-02;3.376426e-02;3.233177e-02;7.784734e-02;4.274387e-02;9.005208e-03;1.614504e-02;2.876643e-02;1.708468e-02
1.041173e-01;3.388833e-01;1.441018e-01;7.168990e-02;5.598399e-02;3.227057e-02;7.488200e-02;7.500863e-02;1.129514e-02;2.250308e-02;5.716051e-02;1.210385e-02
9.920631e-02;2.994516e-01;1.278922e-01;6.495447e-02;5.240909e-02;5.174175e-02;1.089686e-01;8.100068e-02;1.426751e-02;2.348870e-02;6.120226e-02;1.541675e-02
6.828389e-02;2.514604e-01;1.156443e-01;6.860152e-02;8.668383e-02;8.923560e-02;9.138113e-02;7.321060e-02;2.464023e-02;3.412330e-02;7.615670e-02;2.057842e-02
8.406641e-02;1.789772e-01;1.060008e-01;5.687905e-02;1.215035e-01;9.555587e-02;7.215573e-02;4.944151e-02;2.775386e-02;3.750861e-02;1.047681e-01;6.538939e-02
1.068565e-01;1.866427e-01;9.316748e-02;7.629383e-02;8.816838e-02;8.117987e-02;6.674811e-02;5.585405e-02;2.574053e-02;3.655212e-02;4.682955e-02;1.359669e-01
1.179011e-01;1.229825e-01;9.278468e-02;6.803232e-02;7.474351e-02;5.599705e-02;7.529399e-02;7.665142e-02;3.764177e-02;6.392233e-02;4.125868e-02;1.727906e-01
1.457336e-01;1.260213e-01;6.557501e-02;4.477049e-02;7.434881e-02;4.815955e-02;8.458357e-02;7.819680e-02;4.034370e-02;7.816494e-02;5.263970e-02;1.614626e-01
1.568326e-01;1.174894e-01;6.932651e-02;9.884732e-02;3.771563e-02;5.213087e-02;7.691356e-02;6.006139e-02;5.354005e-02;7.816561e-02;6.045813e-02;1.385190e-01
1.270553e-01;1.630095e-01;5.162213e-02;1.038157e-01;6.460872e-02;5.114634e-02;6.879408e-02;8.517911e-02;4.726209e-02;5.135664e-02;8.142375e-02;1.047266e-01
1.085655e-01;1.482479e-01;6.400495e-02;8.194177e-02;8.354378e-02;6.118113e-02;7.390688e-02;6.878842e-02;4.016445e-02;5.478903e-02;8.048252e-02;1.343838e-01
9.394193e-02;8.269108e-02;9.298479e-02;6.038800e-02;8.725024e-02;8.750088e-02;9.112531e-02;7.352103e-02;4.705307e-02;5.694827e-02;5.468845e-02;1.719070e-01
1.115013e-01;9.296303e-02;5.433379e-02;5.987178e-02;6.592231e-02;9.047996e-02;7.446437e-02;9.769242e-02;5.566215e-02;9.007007e-02;7.108647e-02;1.359523e-01
9.801704e-02;1.086026e-01;6.431897e-02;6.928180e-02;4.063862e-02;9.772742e-02;7.930098e-02;9.420311e-02;6.060224e-02;1.014199e-01;9.602384e-02;8.986354e-02
1.121210e-01;1.390452e-01;8.398481e-02;8.679062e-02;4.711316e-02;7.765844e-02;9.635963e-02;4.740630e-02;5.405105e-02;8.482516e-02;7.534872e-02;9.529597e-02
6.104876e-02;1.663911e-01;6.110048e-02;7.940589e-02;8.457207e-02;6.291670e-02;1.035635e-01;6.872264e-02;4.050566e-02;5.122740e-02;1.188327e-01;1.017131e-01
7.456529e-02;1.582640e-01;5.295600e-02;5.655219e-02;9.637678e-02;6.101923e-02;1.142259e-01;8.662281e-02;4.443807e-02;4.814602e-02;1.455908e-01;6.124287e-02
1.064138e-01;1.226825e-01;4.743129e-02;4.562333e-02;6.382277e-02;6.753565e-02;1.226124e-01;1.066823e-01;5.231533e-02;7.468855e-02;1.371358e-01;5.305630e-02
1.296784e-01;1.094160e-01;5.661022e-02;2.569308e-02;4.930814e-02;7.159503e-02;1.237066e-01;1.556106e-01;3.833840e-02;5.609894e-02;1.142543e-01;6.969032e-02
1.020149e-01;1.085160e-01;5.788917e-02;2.680955e-02;5.097852e-02;6.114925e-02;1.640429e-01;1.738429e-01;4.314677e-02;3.859182e-02;8.129696e-02;9.172134e-02
8.313925e-02;1.112593e-01;4.675059e-02;5.035932e-02;6.186739e-02;5.206336e-02;1.686828e-01;1.398444e-01;3.912381e-02;4.092284e-02;1.158576e-01;9.012934e-02
1.642622e-01;1.513911e-01;4.433839e-02;4.498981e-02;5.258161e-02;6.110926e-02;1.564199e-01;1.037981e-01;2.666197e-02;4.831154e-02;6.302931e-02;8.310694e-02
1.964431e-01;1.709567e-01;4.692676e-02;4.857029e-02;4.183004e-02;3.096881e-02;1.307663e-01;8.950748e-02;2.441646e-02;3.573055e-02;1.426186e-01;4.126497e-02
2.089898e-01;2.274260e-01;5.973217e-02;3.913787e-02;4.220760e-02;3.407909e-02;1.084039e-01;9.501270e-02;1.707547e-02;4.079235e-02;6.397576e-02;6.316736e-02
1.055068e-01;2.425052e-01;5.483324e-02;4.727351e-02;1.950243e-02;3.674627e-02;9.882393e-02;1.064624e-01;3.717661e-02;3.888800e-02;1.429700e-01;6.931154e-02
1.585537e-01;3.205349e-01;3.998375e-02;5.098905e-02;8.833800e-03;3.193670e-02;7.060013e-02;7.392816e-02;3.779817e-02;2.395894e-02;1.453651e-01;3.751764e-02
1.949080e-01;3.628024e-01;1.062792e-01;2.744152e-02;1.269848e-02;3.286799e-02;3.980554e-02;4.985341e-02;4.367803e-02;3.442387e-02;8.344895e-02;1.179259e-02
1.006752e-01;3.219014e-01;2.066800e-01;7.089341e-02;1.860656e-02;4.845322e-02;1.849080e-02;2.723980e-02;6.778210e-02;5.585651e-02;4.909878e-02;1.432209e-02
2.083814e-02;2.405953e-01;1.969448e-01;1.286342e-01;2.629310e-02;1.279369e-01;2.490962e-02;1.917001e-02;1.088617e-01;7.213771e-02;2.243128e-02;1.124730e-02
3.253458e-02;1.480514e-01;9.339325e-02;1.131378e-01;2.532471e-02;2.591209e-01;4.519406e-02;2.225296e-02;1.466968e-01;9.254015e-02;1.632468e-02;5.428760e-03
4.265463e-02;9.684817e-02;2.466864e-02;5.759942e-02;9.859976e-03;3.551842e-01;8.492161e-02;3.426741e-02;1.806635e-01;8.106535e-02;2.871281e-02;3.554304e-03
4.896371e-02;9.589683e-02;1.001666e-02;3.194904e-02;3.537174e-02;2.992173e-01;1.100763e-01;4.587504e-02;2.431462e-01;4.444011e-02;3.198161e-02;3.065393e-03
7.204234e-02;1.190655e-01;1.867458e-02;4.397832e-02;2.085360e-02;1.331993e-01;8.284888e-02;6.102921e-02;3.475798e-01;5.156446e-02;3.698697e-02;1.217698e-02
6.371037e-02;1.912614e-01;2.105980e-02;4.841011e-02;3.641852e-02;1.613994e-01;2.973964e-02;3.816089e-02;2.857228e-01;4.829828e-02;2.117713e-02;5.464160e-02
4.497788e-02;2.415410e-01;1.911739e-02;6.289066e-02;1.606262e-02;1.438309e-01;3.337993e-02;5.925104e-02;2.474001e-01;3.738040e-02;1.044900e-02;8.371907e-02
2.218454e-02;2.209905e-01;2.122780e-02;5.041426e-02;7.231940e-03;1.344991e-01;7.352142e-02;1.611235e-01;2.017059e-01;3.101514e-02;9.978532e-03;6.610733e-02
6.961261e-02;1.909486e-01;4.491614e-02;3.831069e-02;1.401782e-02;9.289037e-02;1.179938e-01;1.710381e-01;1.355066e-01;4.539857e-02;3.427020e-02;4.509652e-02
1.362848e-01;1.937657e-01;5.827603e-02;2.677440e-02;1.859505e-02;8.251356e-02;1.260593e-01;1.125691e-01;8.732696e-02;5.315911e-02;6.975406e-02;3.492190e-02
1.187254e-01;2.233526e-01;6.990980e-02;4.919260e-02;2.460486e-02;8.963651e-02;1.148098e-01;9.219649e-02;5.338803e-02;3.341954e-02;6.145462e-02;6.930972e-02
6.374276e-02;2.003369e-01;9.634078e-02;1.607124e-01;2.951048e-02;6.928108e-02;9.779538e-02;6.333335e-02;1.103816e-01;1.704858e-02;5.125571e-02;4.026097e-02
6.808351e-02;1.752097e-01;8.345931e-02;2.535212e-01;2.618257e-02;9.044742e-02;3.820937e-02;9.389778e-02;9.101766e-02;2.050482e-02;4.512002e-02;1.434663e-02
4.180511e-02;1.372903e-01;5.360596e-02;2.847390e-01;4.552313e-02;1.092661e-01;2.065968e-02;1.324184e-01;5.199999e-02;6.854995e-02;3.827375e-02;1.586871e-02
2.071699e-02;9.719628e-02;3.696584e-02;1.802544e-01;1.038561e-01;9.793743e-02;9.634423e-02;1.203614e-01;3.574491e-02;1.303129e-01;3.668310e-02;4.362641e-02
1.845504e-02;5.714495e-02;2.507180e-02;6.434949e-02;2.025079e-01;7.719085e-02;2.631891e-01;4.946068e-02;4.870616e-02;1.029813e-01;2.080076e-02;7.014194e-02
1.923982e-02;3.902668e-02;2.711222e-02;2.755389e-02;2.165329e-01;8.533649e-02;3.663653e-01;2.562474e-02;7.488802e-02;3.411560e-02;1.162326e-02;7.258104e-02
1.305764e-02;3.378825e-02;2.759159e-02;2.671677e-02;1.743167e-01;8.064366e-02;4.082799e-01;6.551024e-02;7.654236e-02;1.295960e-02;1.215366e-02;6.843957e-02
1.547977e-02;6.452869e-02;3.334617e-02;4.737112e-02;1.005839e-01;4.352515e-02;4.475701e-01;1.012876e-01;4.836143e-02;1.656242e-02;3.607371e-02;4.530992e-02
2.609060e-02;9.391740e-02;4.696742e-02;6.493012e-02;1.049828e-01;8.283915e-02;3.164003e-01;1.237567e-01;3.652272e-02;2.832093e-02;3.895313e-02;3.631871e-02
3.357170e-02;1.505526e-01;6.752104e-02;9.357402e-02;1.177491e-01;1.189040e-01;1.440516e-01;1.257328e-01;2.386048e-02;2.701761e-02;5.211925e-02;4.534578e-02
9.762938e-02;1.994460e-01;6.173205e-02;5.878586e-02;5.184586e-02;9.298019e-02;1.968811e-01;1.381583e-01;2.004371e-02;1.739546e-02;4.634426e-02;1.875784e-02
1.370228e-01;2.152667e-01;6.631014e-02;2.998499e-02;5.931418e-02;8.638372e-02;1.829254e-01;1.320690e-01;2.214447e-02;2.051911e-02;3.137959e-02;1.667991e-02
1.322307e-01;1.645620e-01;7.630629e-02;6.836548e-02;7.872938e-02;1.037192e-01;1.338892e-01;1.234695e-01;3.221523e-02;3.875120e-02;3.252807e-02;1.523374e-02
1.481300e-01;2.305909e-01;7.025665e-02;5.874242e-02;5.958852e-02;7.016851e-02;1.570270e-01;8.666989e-02;2.248701e-02;3.281531e-02;4.087684e-02;2.264686e-02
1.212555e-01;1.839155e-01;1.066161e-01;5.743736e-02;5.201047e-02;6.936676e-02;1.389039e-01;9.894720e-02;5.038321e-02;3.686915e-02;3.879135e-02;4.550353e-02
5.976531e-02;7.299949e-02;5.699247e-02;9.175288e-02;8.081821e-02;9.242441e-02;1.841144e-01;1.234864e-01;7.824159e-02;4.451878e-02;8.513384e-02;2.975222e-02
4.678577e-02;3.050796e-02;2.643301e-02;9.148107e-02;6.210125e-02;8.857708e-02;2.869863e-01;2.194937e-01;6.595510e-02;2.956880e-02;3.952968e-02;1.258031e-02
3.184851e-02;3.388157e-02;1.016319e-02;5.831194e-02;3.281059e-02;8.323267e-02;3.778227e-01;2.858794e-01;2.684624e-02;2.462160e-02;2.681611e-02;7.765397e-03
2.446490e-02;2.681612e-02;5.790058e-03;3.308620e-02;2.896801e-02;1.106906e-01;4.030458e-01;2.884939e-01;1.398355e-02;2.611594e-02;3.682428e-02;1.720631e-03
2.291843e-02;1.986208e-02;1.085986e-02;2.091708e-02;4.412230e-02;1.727411e-01;3.709378e-01;2.286879e-01;1.794427e-02;4.360184e-02;3.649546e-02;1.091193e-02
3.592510e-02;1.421290e-02;2.933595e-02;1.877710e-02;8.801110e-02;2.430094e-01;2.912547e-01;1.276924e-01;6.144001e-02;4.301547e-02;1.525493e-02;3.207090e-02
2.951243e-02;2.314594e-02;5.006222e-02;2.235509e-02;1.209247e-01;1.957925e-01;2.627823e-01;4.811585e-02;1.256502e-01;3.686645e-02;2.547062e-02;5.932189e-02
1.987662e-02;5.606876e-02;5.398496e-02;3.794260e-02;1.186383e-01;1.163438e-01;2.437245e-01;9.545358e-02;9.478992e-02;7.072455e-02;3.718215e-02;5.527019e-02
3.130581e-02;1.406583e-01;6.569932e-02;7.254146e-02;8.013564e-02;1.080271e-01;1.260566e-01;1.475125e-01;4.402452e-02;1.124720e-01;4.133311e-02;3.023373e-02
9.072679e-02;2.438158e-01;7.223100e-02;5.615265e-02;3.748069e-02;8.745494e-02;1.310191e-01;1.275696e-01;4.064631e-02;7.696790e-02;2.894224e-02;6.993055e-03
1.637902e-01;2.933044e-01;7.260820e-02;2.692501e-02;3.816367e-02;7.141603e-02;1.526140e-01;6.062337e-02;3.709576e-02;4.917306e-02;2.592686e-02;8.359511e-03
1.874319e-01;2.096291e-01;7.269517e-02;2.950477e-02;4.631444e-02;6.250628e-02;1.805173e-01;6.455994e-02;3.158657e-02;4.384536e-02;6.001149e-02;1.139760e-02
1.884571e-01;2.138772e-01;6.785193e-02;2.742322e-02;5.021211e-02;5.496282e-02;2.002461e-01;5.762039e-02;1.950623e-02;3.431951e-02;7.187768e-02;1.364576e-02
1.643386e-01;1.537426e-01;7.205632e-02;3.158986e-02;4.607081e-02;7.071513e-02;2.706133e-01;8.778339e-02;2.612411e-02;3.310796e-02;3.027762e-02;1.358028e-02
1.364927e-01;1.173614e-01;9.178001e-02;5.084959e-02;3.949052e-02;5.220539e-02;2.712948e-01;1.246147e-01;2.640146e-02;2.915139e-02;3.887331e-02;2.148470e-02
2.100179e-01;2.244583e-01;8.207839e-02;4.369412e-02;3.606783e-02;5.089836e-02;1.435687e-01;9.420230e-02;1.429632e-02;3.941883e-02;2.809803e-02;3.320089e-02
2.570103e-01;1.912159e-01;5.101373e-02;3.926498e-02;3.962070e-02;6.301594e-02;1.229758e-01;1.068040e-01;1.747867e-02;4.027032e-02;3.790013e-02;3.342947e-02
2.219186e-01;2.038008e-01;5.393504e-02;3.620933e-02;3.561008e-02;7.141242e-02;1.413863e-01;1.030744e-01;2.216449e-02;3.569786e-02;5.472730e-02;2.006327e-02
1.284431e-01;1.689950e-01;6.025450e-02;3.679098e-02;3.477230e-02;7.228790e-02;2.168631e-01;1.225816e-01;2.968608e-02;4.090038e-02;6.887553e-02;1.954958e-02
5.392846e-02;1.051096e-01;7.014497e-02;9.016587e-02;6.973577e-02;8.305705e-02;1.823973e-01;1.285865e-01;5.007802e-02;6.270982e-02;5.833086e-02;4.575576e-02
8.128295e-02;1.341673e-01;5.749668e-02;8.838701e-02;6.035883e-02;7.172667e-02;1.529118e-01;1.203965e-01;5.111986e-02;5.658520e-02;8.132219e-02;4.424495e-02
1.840296e-01;2.503259e-01;3.666845e-02;6.162028e-02;3.518548e-02;4.856810e-02;1.154742e-01;9.637075e-02;3.085890e-02;3.578856e-02;7.942010e-02;2.568960e-02
2.213731e-01;4.123151e-01;3.127086e-02;4.754152e-02;1.238393e-02;3.750195e-02;5.735014e-02;6.574985e-02;3.578972e-02;1.409179e-02;5.379310e-02;1.083895e-02
2.248754e-01;4.618130e-01;3.843644e-02;5.283144e-02;7.344985e-03;4.361424e-02;2.947828e-02;4.982115e-02;4.156125e-02;9.190791e-03;3.630726e-02;4.725710e-03
2.861416e-01;3.866335e-01;4.309078e-02;4.160761e-02;1.281330e-02;3.297614e-02;3.104966e-02;4.440245e-02;3.082932e-02;1.260508e-02;7.390791e-02;3.942775e-03
3.228783e-01;3.042258e-01;4.242563e-02;2.771273e-02;1.380560e-02;2.965520e-02;5.455314e-02;5.460663e-02;2.267409e-02;1.493760e-02;1.047421e-01;7.783162e-03
3.066312e-01;2.815987e-01;4.263875e-02;5.131270e-02;2.477621e-02;3.099165e-02;8.479760e-02;5.692377e-02;3.254342e-02;1.329077e-02;5.994412e-02;1.455115e-02
1.950110e-01;5.094383e-01;3.541611e-02;6.801724e-02;1.299535e-02;2.841358e-02;4.169545e-02;2.768971e-02;4.036945e-02;9.444337e-03;2.688067e-02;4.628843e-03
1.515933e-01;5.916178e-01;3.619029e-02;7.302008e-02;4.852372e-03;3.374561e-02;1.598052e-02;1.950933e-02;4.540803e-02;1.044089e-02;1.294732e-02;4.694489e-03
1.334987e-01;6.063529e-01;5.036247e-02;5.693255e-02;7.275029e-03;3.866547e-02;9.088917e-03;1.583799e-02;4.576077e-02;1.543271e-02;1.257626e-02;8.216257e-03
7.880757e-02;6.232272e-01;9.561838e-02;3.179662e-02;1.953040e-02;2.874472e-02;1.302762e-02;2.389164e-02;3.612192e-02;2.962784e-02;1.037180e-02;9.234326e-03
4.338986e-02;5.762913e-01;1.545060e-01;1.932644e-02;4.931204e-02;1.200873e-02;2.040294e-02;3.055339e-02;2.132356e-02;5.364927e-02;8.812439e-03;1.042396e-02
3.305066e-02;4.895871e-01;1.811896e-01;1.386691e-02;1.018215e-01;1.141720e-02;3.215791e-02;1.991773e-02;1.761790e-02;8.018748e-02;1.357694e-02;5.609231e-03
3.680374e-02;4.715620e-01;1.715181e-01;1.316255e-02;1.345026e-01;8.584099e-03;4.024168e-02;1.844677e-02;1.047220e-02;7.411686e-02;1.512512e-02;5.464263e-03
4.691864e-02;5.393903e-01;1.337943e-01;1.222339e-02;1.234222e-01;7.674185e-03;3.455212e-02;2.145103e-02;8.521631e-03;5.719846e-02;1.100567e-02;3.848003e-03
1.140823e-01;6.008816e-01;8.345065e-02;8.148816e-03;7.114827e-02;2.255616e-02;2.468448e-02;2.710016e-02;7.498536e-03;2.972323e-02;7.270541e-03;3.455230e-03
1.972183e-01;5.420321e-01;5.225587e-02;1.454696e-02;2.718943e-02;5.737047e-02;3.072201e-02;3.201051e-02;1.070628e-02;1.569839e-02;1.456644e-02;5.683235e-03
2.015022e-01;3.907867e-01;5.477793e-02;2.707153e-02;3.738036e-02;1.032055e-01;6.405099e-02;3.160685e-02;2.321684e-02;1.263149e-02;4.755650e-02;6.213052e-03
1.326225e-01;2.732003e-01;5.913360e-02;5.242512e-02;4.036652e-02;1.490794e-01;1.027230e-01;3.345228e-02;3.223636e-02;1.591176e-02;1.039505e-01;4.898731e-03
8.859129e-02;2.603967e-01;7.904504e-02;6.842821e-02;3.484641e-02;1.298935e-01;1.129505e-01;4.356408e-02;3.325808e-02;2.929900e-02;1.161802e-01;3.547088e-03
1.453609e-01;3.059075e-01;1.019802e-01;4.895303e-02;4.436612e-02;5.720536e-02;1.293257e-01;3.606327e-02;2.542371e-02;5.687025e-02;4.490105e-02;3.642816e-03
1.971995e-01;3.384147e-01;7.227528e-02;3.889658e-02;3.451470e-02;6.863409e-02;9.812041e-02;4.206561e-02;2.940857e-02;4.530706e-02;3.277211e-02;2.391487e-03
2.589542e-01;2.943298e-01;4.715479e-02;4.626856e-02;1.942761e-02;6.003103e-02;7.615864e-02;5.329953e-02;3.503653e-02;3.757260e-02;6.622944e-02;5.537362e-03
3.272654e-01;1.316644e-01;2.933898e-02;3.486369e-02;2.246950e-02;4.852254e-02;8.920676e-02;6.551199e-02;3.505631e-02;5.003271e-02;1.565220e-01;9.545723e-03
2.653936e-01;1.722948e-01;2.892750e-02;2.784113e-02;2.059650e-02;5.231341e-02;5.778264e-02;8.164154e-02;4.190420e-02;7.606192e-02;1.671010e-01;8.141764e-03
1.474676e-01;1.854653e-01;3.427427e-02;3.233778e-02;2.652134e-02;4.933652e-02;1.305739e-01;1.049523e-01;6.313508e-02;1.148014e-01;1.017573e-01;9.377322e-03
8.630698e-02;1.383949e-01;4.375863e-02;3.687598e-02;3.295880e-02;5.560673e-02;1.648942e-01;1.433965e-01;1.119183e-01;1.406419e-01;3.427831e-02;1.096881e-02
1.091875e-01;1.238910e-01;3.672084e-02;3.448079e-02;3.572432e-02;5.534416e-02;1.774516e-01;1.565084e-01;1.081210e-01;1.159023e-01;3.599620e-02;1.067196e-02
1.025242e-01;1.278130e-01;4.485946e-02;4.488664e-02;3.702600e-02;4.183836e-02;2.192307e-01;1.847774e-01;7.576381e-02;6.824634e-02;4.191557e-02;1.111856e-02
9.185974e-02;8.841494e-02;5.466423e-02;5.962802e-02;4.427817e-02;2.478535e-02;2.416424e-01;2.168026e-01;8.099732e-02;5.989750e-02;2.607622e-02;1.095353e-02
5.982245e-02;5.628923e-02;3.908566e-02;4.642889e-02;5.746552e-02;4.957305e-02;3.424460e-01;1.815917e-01;4.738261e-02;7.837604e-02;2.651494e-02;1.502394e-02
5.127808e-02;4.218677e-02;3.160007e-02;4.218750e-02;6.177659e-02;7.023127e-02;3.288529e-01;1.959623e-01;3.384592e-02;7.741705e-02;4.106693e-02;2.359461e-02
6.323614e-02;5.208921e-02;3.050440e-02;6.407928e-02;5.533601e-02;7.260590e-02;2.637140e-01;1.839596e-01;3.715966e-02;7.206945e-02;7.423448e-02;3.101180e-02
7.639538e-02;6.304998e-02;3.120517e-02;8.206679e-02;5.564794e-02;5.733760e-02;2.240312e-01;1.718164e-01;4.285009e-02;5.477687e-02;1.033613e-01;3.746133e-02
9.240098e-02;6.496334e-02;2.959980e-02;7.021981e-02;4.661371e-02;3.297382e-02;2.494822e-01;1.656887e-01;6.739341e-02;4.778677e-02;1.002966e-01;3.258077e-02
1.135076e-01;5.396015e-02;2.948022e-02;4.257227e-02;3.191748e-02;5.976751e-02;2.743116e-01;1.603853e-01;1.015810e-01;6.956793e-02;3.436949e-02;2.857957e-02
5.773653e-02;3.467925e-02;2.734740e-02;2.937066e-02;3.947781e-02;7.273079e-02;2.533764e-01;1.473119e-01;8.489699e-02;9.540234e-02;1.244506e-01;3.321933e-02
8.261428e-02;5.245314e-02;3.628481e-02;4.366140e-02;4.519312e-02;7.391658e-02;1.739278e-01;9.250539e-02;6.173778e-02;8.372660e-02;2.438533e-01;1.012576e-02
1.991373e-01;1.067520e-01;5.250732e-02;5.256290e-02;5.073055e-02;5.956141e-02;1.073019e-01;7.787039e-02;3.832996e-02;4.957029e-02;1.911513e-01;1.452474e-02
2.571486e-01;1.764176e-01;7.393699e-02;4.267726e-02;6.075209e-02;6.568125e-02;6.796718e-02;6.876967e-02;2.840732e-02;2.812945e-02;1.128405e-01;1.727199e-02
2.101427e-01;2.291173e-01;7.962961e-02;6.734717e-02;7.158247e-02;9.465230e-02;7.414861e-02;4.871466e-02;2.536408e-02;2.195092e-02;6.119727e-02;1.615290e-02
9.809071e-02;2.175356e-01;7.032575e-02;7.135423e-02;1.029205e-01;1.657890e-01;1.051999e-01;6.515511e-02;2.209784e-02;2.355000e-02;4.146189e-02;1.651939e-02
7.742733e-02;1.379609e-01;5.750849e-02;6.408179e-02;1.129508e-01;1.773741e-01;1.637958e-01;8.057796e-02;3.681993e-02;1.609349e-02;4.932432e-02;2.608491e-02
4.314053e-02;8.028197e-02;3.646944e-02;3.663463e-02;1.053344e-01;1.806176e-01;2.914312e-01;9.631202e-02;4.886342e-02;2.461636e-02;2.599796e-02;3.030051e-02
4.916294e-02;3.943364e-02;1.368720e-02;1.342992e-02;5.041786e-02;2.508550e-01;3.482263e-01;1.386185e-01;2.513409e-02;4.663078e-02;1.202786e-02;1.237591e-02
3.532126e-02;1.940840e-02;1.003517e-02;1.716544e-02;2.935471e-02;2.318451e-01;4.398522e-01;1.620149e-01;7.418906e-03;4.032954e-02;5.429114e-03;1.825226e-03
2.360412e-02;2.993933e-02;8.768514e-03;1.416172e-02;2.880921e-02;1.654999e-01;5.263636e-01;1.729138e-01;6.309252e-03;1.551200e-02;4.404894e-03;3.713769e-03
1.132829e-02;2.190508e-02;5.034441e-03;5.176830e-03;2.224075e-02;1.344697e-01;5.942841e-01;1.869084e-01;4.973171e-03;6.696180e-03;6.315661e-03;6.674571e-04
7.669444e-03;2.540419e-02;4.098996e-03;3.598802e-03;1.593108e-02;1.107720e-01;6.015139e-01;2.117855e-01;3.724694e-03;4.831301e-03;9.624715e-03;1.045423e-03
9.608278e-03;3.357839e-02;5.780398e-03;5.297828e-03;1.135508e-02;9.606469e-02;5.535867e-01;2.565835e-01;3.605108e-03;4.808613e-03;1.657433e-02;3.157144e-03
1.477131e-02;2.467666e-02;1.073665e-02;1.142536e-02;1.464869e-02;1.122700e-01;4.989640e-01;2.633642e-01;5.718614e-03;7.088284e-03;3.083808e-02;5.498103e-03
1.900394e-02;4.859196e-02;2.491747e-02;2.189500e-02;3.287653e-02;1.416737e-01;4.567465e-01;1.755681e-01;1.063859e-02;1.133342e-02;4.813358e-02;8.621170e-03
6.822634e-02;1.710712e-01;4.620115e-02;2.301105e-02;3.682013e-02;9.033124e-02;3.835317e-01;1.076236e-01;1.739270e-02;1.730600e-02;3.290600e-02;5.578981e-03
1.108355e-01;2.156138e-01;3.947487e-02;1.145847e-02;1.491631e-02;4.742626e-02;3.228438e-01;1.919266e-01;1.328650e-02;1.352795e-02;1.521435e-02;3.475597e-03
1.109885e-01;1.765103e-01;2.876851e-02;9.854970e-03;1.236347e-02;6.838126e-02;3.655790e-01;1.945069e-01;8.673623e-03;7.658203e-03;1.448973e-02;2.225562e-03
7.139190e-02;7.666414e-02;2.610518e-02;1.150464e-02;2.287561e-02;1.050294e-01;4.645118e-01;1.806259e-01;3.568368e-03;1.220085e-02;2.267306e-02;2.849110e-03
6.868962e-02;8.414515e-02;2.364007e-02;1.035626e-02;2.033423e-02;1.177272e-01;4.580807e-01;1.745937e-01;5.254012e-03;1.425231e-02;1.803480e-02;4.891986e-03
7.498228e-02;7.757074e-02;2.462138e-02;1.762646e-02;2.273105e-02;1.138822e-01;4.488507e-01;1.677833e-01;1.334539e-02;2.093057e-02;8.249455e-03;9.426455e-03
6.727041e-02;8.975016e-02;5.725427e-02;3.894500e-02;4.617542e-02;1.028766e-01;3.281983e-01;1.485389e-01;3.271084e-02;4.399677e-02;2.871036e-02;1.557301e-02
8.154960e-02;9.275190e-02;7.128410e-02;3.678061e-02;6.502486e-02;1.173269e-01;2.244919e-01;1.294510e-01;4.317930e-02;9.411402e-02;2.659141e-02;1.745442e-02
8.747932e-02;8.191700e-02;5.503326e-02;2.438946e-02;5.707966e-02;1.391971e-01;1.839996e-01;1.285047e-01;6.625386e-02;1.388915e-01;2.345986e-02;1.379462e-02
8.695647e-02;1.091581e-01;4.478601e-02;3.706215e-02;2.984214e-02;1.134103e-01;1.507090e-01;1.144619e-01;1.129543e-01;1.307327e-01;5.360179e-02;1.632511e-02
8.598693e-02;6.320983e-02;4.961267e-02;6.381796e-02;7.587646e-02;1.144242e-01;2.011284e-01;1.007934e-01;1.170009e-01;7.669448e-02;4.032127e-02;1.113343e-02
6.436799e-02;7.537135e-02;3.536289e-02;5.385584e-02;1.056583e-01;7.962096e-02;2.135717e-01;1.481785e-01;7.546254e-02;9.516233e-02;3.181150e-02;2.157602e-02
4.967034e-02;6.899174e-02;3.818067e-02;3.306834e-02;9.881800e-02;8.829509e-02;1.830763e-01;1.940544e-01;6.613360e-02;1.101501e-01;4.111171e-02;2.844973e-02
4.556064e-02;5.536332e-02;3.590897e-02;1.002924e-01;9.706219e-02;1.156724e-01;1.721229e-01;1.801292e-01;4.393921e-02;9.454577e-02;3.257110e-02;2.683180e-02
3.299299e-02;6.108325e-02;5.614674e-02;9.774344e-02;1.078178e-01;8.306393e-02;1.614384e-01;1.472185e-01;6.998298e-02;1.077806e-01;4.398143e-02;3.074998e-02
4.237739e-02;9.685491e-02;7.497986e-02;8.542433e-02;1.316699e-01;1.132883e-01;1.409747e-01;9.969548e-02;6.265733e-02;8.363673e-02;3.707301e-02;3.136810e-02
4.899526e-02;9.408785e-02;7.410680e-02;5.656156e-02;1.468177e-01;1.332461e-01;1.311840e-01;9.578613e-02;7.271448e-02;8.176634e-02;3.829050e-02;2.644322e-02
4.406137e-02;4.589546e-02;6.858032e-02;7.975612e-02;1.321294e-01;8.849733e-02;1.350495e-01;1.730777e-01;9.393165e-02;9.567333e-02;3.001982e-02;1.332817e-02
4.470388e-02;4.942402e-02;5.539842e-02;9.618622e-02;9.649945e-02;6.411624e-02;1.410596e-01;2.128171e-01;1.030615e-01;9.165151e-02;2.739929e-02;1.768288e-02
4.758454e-02;7.835720e-02;5.474165e-02;7.057361e-02;7.208039e-02;7.756522e-02;1.709599e-01;1.923559e-01;8.515536e-02;9.673495e-02;3.228345e-02;2.160777e-02
1.051331e-01;8.869989e-02;4.760944e-02;4.929354e-02;5.316561e-02;6.311208e-02;1.771260e-01;1.501787e-01;1.061065e-01;9.379735e-02;4.842189e-02;1.735584e-02
1.785474e-01;1.888668e-01;7.462130e-02;4.773002e-02;3.827739e-02;4.710510e-02;1.486631e-01;1.079893e-01;6.717829e-02;4.641642e-02;4.352495e-02;1.107995e-02
1.866287e-01;2.288163e-01;9.878393e-02;3.969131e-02;4.093181e-02;5.061984e-02;1.489825e-01;7.636607e-02;4.935601e-02;3.325468e-02;3.468306e-02;1.188572e-02
1.349053e-01;2.238763e-01;8.974939e-02;9.683482e-02;6.246303e-02;4.450262e-02;1.035073e-01;7.918469e-02;4.873678e-02;2.226346e-02;7.611051e-02;1.786580e-02
5.283464e-02;2.209892e-01;5.003977e-02;1.894185e-01;7.788087e-02;5.252487e-02;5.212953e-02;8.876684e-02;2.506521e-02;2.451944e-02;1.258212e-01;4.000996e-02
2.927552e-02;2.505039e-01;3.776756e-02;1.883140e-01;5.300469e-02;4.887808e-02;5.610311e-02;1.101708e-01;1.325234e-02;3.460865e-02;1.223006e-01;5.582080e-02
2.314542e-02;2.622687e-01;2.415542e-02;1.265860e-01;5.537230e-02;3.269583e-02;3.943167e-02;1.177986e-01;1.786513e-02;6.392501e-02;1.057410e-01;1.310150e-01
2.644218e-02;1.914030e-01;2.080701e-02;7.951947e-02;9.161342e-02;1.414966e-02;2.404045e-02;7.927916e-02;1.686924e-02;7.825099e-02;7.800746e-02;2.996180e-01
2.707921e-02;9.332529e-02;3.890792e-02;8.084641e-02;1.375147e-01;1.450123e-02;2.268812e-02;3.214659e-02;2.653889e-02;4.144473e-02;6.393830e-02;4.210687e-01
3.732255e-02;5.693895e-02;1.051194e-01;4.087313e-02;1.812026e-01;1.337241e-02;3.634230e-02;1.636001e-02;4.837430e-02;2.037844e-02;3.266395e-02;4.110520e-01
8.146734e-02;4.172279e-02;1.736730e-01;2.819608e-02;1.567503e-01;5.886605e-02;3.178030e-02;1.404411e-02;5.074503e-02;1.628768e-02;1.062561e-02;3.358417e-01
1.979106e-01;1.860141e-02;1.587830e-01;5.559843e-02;6.331071e-02;2.002487e-01;3.221183e-02;3.312974e-02;2.748634e-02;2.968023e-02;1.209871e-02;1.709403e-01
2.449491e-01;1.384363e-02;6.547014e-02;1.237722e-01;3.103254e-02;3.064470e-01;4.981044e-02;5.063024e-02;1.126728e-02;5.886556e-02;1.010752e-02;3.380426e-02
2.005590e-01;1.210884e-02;2.629158e-02;1.781380e-01;4.372619e-02;3.101984e-01;6.229686e-02;4.818176e-02;1.137538e-02;6.535457e-02;8.683082e-03;3.308636e-02
1.682805e-01;2.132338e-02;3.592136e-02;2.012071e-01;5.205845e-02;2.949334e-01;8.429904e-02;5.310506e-02;1.159708e-02;4.741279e-02;8.594761e-03;2.126717e-02
1.270963e-01;3.317462e-02;7.978655e-02;1.309893e-01;6.445634e-02;2.590271e-01;1.158360e-01;8.035929e-02;1.411152e-02;3.024529e-02;1.381961e-02;5.109817e-02
7.791477e-02;4.382322e-02;9.075792e-02;5.698589e-02;7.740960e-02;1.910908e-01;2.024274e-01;1.381600e-01;1.342797e-02;3.007930e-02;1.655149e-02;6.137155e-02
1.202605e-01;7.220012e-02;5.737637e-02;5.526689e-02;5.772340e-02;1.642231e-01;2.256993e-01;1.453596e-01;1.259020e-02;3.063855e-02;7.153641e-03;5.150837e-02
1.731934e-01;1.043460e-01;5.430808e-02;6.035564e-02;5.465154e-02;1.877239e-01;1.694811e-01;1.015211e-01;2.129787e-02;3.576063e-02;1.200902e-02;2.535174e-02
1.804957e-01;8.132561e-02;7.594947e-02;7.627734e-02;9.492838e-02;1.931121e-01;1.089793e-01;5.708078e-02;1.748750e-02;5.590465e-02;3.627762e-02;2.218159e-02
1.318868e-01;7.343422e-02;3.667526e-02;8.022378e-02;1.007857e-01;1.703918e-01;9.715606e-02;9.009519e-02;2.330501e-02;1.351323e-01;2.901895e-02;3.189488e-02
5.853878e-02;3.226664e-02;3.159188e-02;4.140186e-02;1.092429e-01;1.442408e-01;1.167473e-01;8.191837e-02;8.879983e-02;2.377844e-01;1.455241e-02;4.291480e-02
5.834634e-02;1.856411e-02;4.134579e-02;4.239616e-02;1.140376e-01;9.495370e-02;1.099352e-01;7.757685e-02;1.783571e-01;2.233866e-01;1.416899e-02;2.693150e-02
6.850050e-02;4.970887e-02;3.965952e-02;5.447655e-02;1.051212e-01;7.630412e-02;1.493443e-01;1.162058e-01;1.884351e-01;1.115916e-01;2.479450e-02;1.585792e-02
9.830229e-02;1.208654e-01;5.190884e-02;4.025862e-02;8.201455e-02;7.846318e-02;1.821544e-01;1.641522e-01;9.555274e-02;4.729341e-02;1.924903e-02;1.978534e-02
1.193119e-01;1.907841e-01;7.239273e-02;4.372714e-02;6.443551e-02;8.066230e-02;1.615763e-01;1.284319e-01;3.963285e-02;3.274306e-02;4.899189e-02;1.731037e-02
9.226944e-02;2.319515e-01;8.729461e-02;8.787596e-02;5.809410e-02;9.177183e-02;9.230730e-02;1.129265e-01;2.484464e-02;2.355908e-02;7.683918e-02;2.026590e-02
4.542255e-02;2.017871e-01;7.635193e-02;1.143810e-01;4.482270e-02;1.125072e-01;1.278495e-01;1.214957e-01;2.633316e-02;2.077263e-02;7.462896e-02;3.364759e-02
5.473368e-02;2.058210e-01;6.618770e-02;9.489492e-02;4.294354e-02;9.386569e-02;1.532331e-01;1.598015e-01;3.261235e-02;2.333256e-02;5.023029e-02;2.234368e-02
6.668895e-02;2.623384e-01;8.549512e-02;6.492020e-02;4.860827e-02;6.861462e-02;1.785579e-01;1.263000e-01;2.398387e-02;2.608895e-02;3.457178e-02;1.383193e-02
6.574250e-02;3.436260e-01;1.277490e-01;5.250842e-02;7.412614e-02;4.545840e-02;1.544026e-01;6.081002e-02;9.841875e-03;3.535972e-02;2.020450e-02;1.017081e-02
8.173377e-02;3.278991e-01;1.270674e-01;5.945811e-02;6.641401e-02;6.145938e-02;1.435588e-01;3.562373e-02;2.733719e-02;3.127552e-02;3.310774e-02;5.065283e-03
6.903649e-02;1.844860e-01;9.868711e-02;1.123768e-01;7.678960e-02;9.189156e-02;1.429852e-01;7.446397e-02;4.839798e-02;3.170583e-02;5.062987e-02;1.854969e-02
4.063649e-02;1.213738e-01;7.023162e-02;1.623619e-01;1.514082e-01;7.630621e-02;1.091779e-01;7.622533e-02;4.365446e-02;4.412176e-02;6.059704e-02;4.390542e-02
3.021654e-02;1.021615e-01;4.601697e-02;2.068646e-01;1.839992e-01;5.530377e-02;9.949972e-02;8.393437e-02;2.034772e-02;4.277831e-02;6.101391e-02;6.786338e-02
1.716736e-02;6.475805e-02;2.518943e-02;2.201640e-01;3.063872e-01;3.930335e-02;7.014392e-02;5.678378e-02;1.807807e-02;2.930103e-02;5.502737e-02;9.769642e-02
1.558329e-02;2.436109e-02;1.663050e-02;1.671904e-01;5.153493e-01;2.819948e-02;3.732716e-02;2.780481e-02;1.889807e-02;1.256847e-02;2.065482e-02;1.154326e-01
1.693912e-02;3.562813e-02;2.928748e-02;2.680975e-01;4.318024e-01;2.760243e-02;4.353251e-02;2.377633e-02;1.339156e-02;3.921679e-03;1.380785e-02;9.221308e-02
2.717467e-02;6.826589e-02;4.763693e-02;2.723649e-01;3.328087e-01;3.338938e-02;5.880863e-02;2.989332e-02;7.810839e-03;4.337133e-03;2.426527e-02;9.324432e-02
5.404779e-02;1.007954e-01;4.648371e-02;1.263597e-01;3.212884e-01;5.176951e-02;1.084128e-01;5.175305e-02;1.036659e-02;5.338675e-03;2.633754e-02;9.704672e-02
7.539816e-02;1.066756e-01;2.988761e-02;9.486596e-02;3.226101e-01;5.526652e-02;1.262066e-01;6.711235e-02;1.198379e-02;9.095520e-03;1.792549e-02;8.297230e-02
1.235869e-01;1.701520e-01;3.749522e-02;1.465322e-01;2.682098e-01;4.251166e-02;8.113099e-02;4.887759e-02;1.130235e-02;1.281239e-02;2.596079e-02;3.142806e-02
2.158547e-01;2.680017e-01;5.719671e-02;8.663062e-02;1.591218e-01;3.141515e-02;5.815545e-02;3.562332e-02;8.269534e-03;2.002930e-02;3.232255e-02;2.737915e-02
1.669194e-01;2.471399e-01;8.384546e-02;9.824150e-02;7.286153e-02;4.749348e-02;7.764323e-02;7.653053e-02;1.441908e-02;2.255044e-02;6.451415e-02;2.784129e-02
7.503653e-02;1.199818e-01;9.144835e-02;9.421951e-02;3.532091e-02;6.521779e-02;2.232526e-01;1.928547e-01;1.832077e-02;1.942986e-02;4.264524e-02;2.227191e-02
3.281291e-02;6.247170e-02;8.313548e-02;4.553900e-02;1.950967e-02;6.176521e-02;2.660077e-01;3.210171e-01;4.264035e-02;1.591606e-02;2.472420e-02;2.446062e-02
3.679886e-02;3.777167e-02;8.051355e-02;3.719170e-02;1.490855e-02;5.409484e-02;2.052151e-01;3.949128e-01;7.308928e-02;1.813707e-02;2.485861e-02;2.250796e-02
1.033998e-01;2.224276e-02;5.430289e-02;7.636044e-02;6.278976e-03;6.079990e-02;1.433220e-01;3.862944e-01;8.513805e-02;1.503586e-02;2.858858e-02;1.823636e-02
1.828805e-01;2.555047e-02;2.440850e-02;1.329648e-01;1.231128e-02;4.486423e-02;1.137378e-01;3.216713e-01;8.525514e-02;1.119070e-02;3.663380e-02;8.531417e-03
1.469099e-01;3.181338e-02;1.748838e-02;2.942076e-01;1.819546e-02;1.582227e-02;5.646454e-02;2.631540e-01;1.123319e-01;1.116504e-02;2.441351e-02;8.034040e-03
4.968080e-02;1.703616e-02;1.055510e-02;4.694447e-01;1.862771e-02;7.951589e-03;4.674032e-02;2.273141e-01;1.251247e-01;1.260907e-02;7.356354e-03;7.559459e-03
3.209844e-02;1.385261e-02;5.982296e-03;4.921507e-01;1.820363e-02;7.787580e-03;5.931685e-02;2.188470e-01;1.197722e-01;1.106682e-02;1.862305e-02;2.298797e-03
4.121850e-02;1.155132e-02;7.767182e-03;4.157456e-01;1.511617e-02;1.615151e-02;7.775749e-02;2.607901e-01;1.056659e-01;1.515211e-02;3.089252e-02;2.191529e-03
3.380221e-02;5.361217e-03;1.027725e-02;2.526871e-01;1.556199e-02;3.287468e-02;1.743590e-01;3.669567e-01;6.476819e-02;1.318891e-02;2.796972e-02;2.193018e-03
1.836115e-02;9.659102e-03;1.735479e-02;1.115043e-01;1.167988e-02;7.120834e-02;3.030804e-01;4.055614e-01;2.759554e-02;1.149050e-02;7.618091e-03;4.886445e-03
2.178420e-02;1.612318e-02;1.635966e-02;6.616779e-02;1.203817e-02;9.577323e-02;3.738044e-01;3.381349e-01;1.443390e-02;1.122720e-02;2.620834e-02;7.945046e-03
3.468306e-02;3.386675e-02;1.429007e-02;8.522644e-02;3.072701e-02;1.008623e-01;3.452772e-01;2.763625e-01;1.949832e-02;1.351122e-02;3.554527e-02;1.014987e-02
7.366310e-02;1.097551e-01;2.335518e-02;1.405573e-01;7.270750e-02;9.163115e-02;1.636763e-01;2.327723e-01;4.089210e-02;2.000023e-02;1.797969e-02;1.301017e-02
1.152489e-01;1.564694e-01;2.838608e-02;8.830895e-02;4.119645e-02;6.258558e-02;2.588883e-01;1.693589e-01;3.304411e-02;1.648151e-02;1.920364e-02;1.082825e-02
1.029292e-01;1.282835e-01;2.318273e-02;4.879474e-02;2.236293e-02;4.810675e-02;2.904687e-01;2.262781e-01;3.914852e-02;2.335900e-02;3.453790e-02;1.254796e-02
5.151813e-02;4.906680e-02;2.681233e-02;5.889440e-02;5.118670e-02;1.120869e-01;3.163959e-01;1.867556e-01;6.193702e-02;4.049949e-02;3.130269e-02;1.354403e-02
3.342846e-02;2.228322e-02;3.643440e-02;8.490752e-02;4.114580e-02;9.022002e-02;3.268778e-01;2.258689e-01;4.712028e-02;3.302696e-02;5.231151e-02;6.375152e-03
1.824559e-02;1.654738e-02;4.665748e-02;6.547384e-02;1.945012e-02;5.793019e-02;2.432992e-01;3.707530e-01;2.911308e-02;4.206211e-02;7.704274e-02;1.342522e-02
2.378505e-02;1.349411e-02;4.874658e-02;5.107518e-02;1.555225e-02;7.858623e-02;1.605019e-01;4.074443e-01;2.786160e-02;3.694244e-02;1.150144e-01;2.099596e-02
2.906472e-02;1.062354e-02;5.103734e-02;3.712421e-02;2.124414e-02;1.175461e-01;1.449005e-01;4.345297e-01;2.425358e-02;3.066695e-02;7.194084e-02;2.706832e-02
1.954899e-02;9.909097e-03;6.274281e-02;1.679094e-02;1.596891e-02;1.235673e-01;1.960563e-01;4.526479e-01;1.553860e-02;4.243515e-02;1.637072e-02;2.842324e-02
1.561616e-02;1.236014e-02;6.449721e-02;1.619043e-02;2.111431e-02;9.054112e-02;2.550643e-01;4.375836e-01;9.333924e-03;5.012952e-02;5.792885e-03;2.177641e-02
1.360058e-02;2.483176e-02;4.466156e-02;1.895464e-02;4.428411e-02;7.504650e-02;3.345451e-01;3.686001e-01;9.294083e-03;3.463777e-02;1.933566e-02;1.220805e-02
