1.082636e-01;8.970455e-02;6.094553e-02;3.754747e-02;6.016425e-02;4.903550e-02;1.160352e-01;7.437479e-02;1.233108e-01;1.039301e-01;1.202816e-01;5.640657e-02
8.740184e-02;7.661820e-02;6.195475e-02;2.909910e-02;6.361719e-02;5.695952e-02;8.561203e-02;7.342435e-02;1.530816e-01;9.231761e-02;1.408944e-01;7.901933e-02
1.150725e-01;5.837871e-02;4.288094e-02;5.000413e-02;4.186455e-02;8.341117e-02;9.389196e-02;7.541318e-02;1.156099e-01;1.685305e-01;1.171093e-01;3.783314e-02
1.654742e-01;4.227718e-02;3.328925e-02;6.490591e-02;2.234110e-02;1.024010e-01;7.871720e-02;5.368514e-02;7.807782e-02;2.441026e-01;7.077701e-02;4.395160e-02
1.680558e-01;3.674753e-02;2.786917e-02;7.437275e-02;2.310734e-02;1.024119e-01;1.135495e-01;5.864089e-02;4.780585e-02;2.523071e-01;4.581581e-02;4.931648e-02
1.612712e-01;1.854509e-02;3.113401e-02;7.585718e-02;2.814585e-02;1.068574e-01;9.891005e-02;5.296343e-02;1.188293e-01;2.338105e-01;4.482537e-02;2.885065e-02
1.490549e-01;4.310398e-02;3.648067e-02;6.787979e-02;2.602305e-02;1.121961e-01;8.320022e-02;6.752565e-02;1.308419e-01;2.199604e-01;4.301886e-02;2.071453e-02
1.182772e-01;5.890487e-02;3.025626e-02;6.054214e-02;3.054715e-02;1.189318e-01;1.167159e-01;5.744991e-02;8.616195e-02;2.168671e-01;6.918509e-02;3.616068e-02
7.850341e-02;5.502970e-02;5.013664e-02;4.790228e-02;4.772074e-02;1.112455e-01;1.284522e-01;5.412592e-02;9.501488e-02;1.708870e-01;9.766737e-02;6.331445e-02
1.118425e-01;5.274381e-02;7.141954e-02;2.767995e-02;4.714523e-02;9.723275e-02;1.150827e-01;8.881895e-02;6.447970e-02;1.395342e-01;1.024993e-01;8.152140e-02
1.053351e-01;7.086626e-02;4.256187e-02;2.652944e-02;3.786769e-02;8.798248e-02;1.172988e-01;8.124507e-02;1.135690e-01;2.160773e-01;3.072757e-02;6.993940e-02
7.172740e-02;3.653730e-02;3.344448e-02;5.027004e-02;3.892721e-02;1.000836e-01;7.317486e-02;1.166878e-01;1.725663e-01;2.398650e-01;4.491284e-02;2.180310e-02
1.035971e-01;2.390449e-02;3.449373e-02;4.268206e-02;4.604888e-02;1.145989e-01;7.891691e-02;7.785799e-02;1.968920e-01;1.902175e-01;5.237418e-02;3.841631e-02
8.668920e-02;7.284468e-02;5.459582e-02;4.074522e-02;8.190268e-02;1.421050e-01;1.126875e-01;4.632940e-02;1.017151e-01;1.185687e-01;6.333415e-02;7.848258e-02
9.793693e-02;1.243849e-01;6.926255e-02;4.677197e-02;9.328059e-02;1.254586e-01;1.072772e-01;4.935987e-02;8.579987e-02;5.130489e-02;5.351366e-02;9.564897e-02
1.063359e-01;1.278722e-01;5.630139e-02;5.549655e-02;8.249607e-02;1.073693e-01;1.099007e-01;3.977815e-02;9.684068e-02;9.778257e-02;6.718867e-02;5.263780e-02
7.809350e-02;1.010521e-01;6.912894e-02;3.989575e-02;1.011150e-01;9.418359e-02;9.829474e-02;3.089170e-02;1.050185e-01;1.575109e-01;7.277627e-02;5.203892e-02
6.382637e-02;6.721297e-02;4.865606e-02;3.455133e-02;1.035009e-01;8.914662e-02;9.418123e-02;2.164913e-02;1.235417e-01;2.245332e-01;7.488828e-02;5.431213e-02
6.236796e-02;4.598746e-02;2.882474e-02;3.418185e-02;9.465977e-02;7.542973e-02;9.839653e-02;3.254164e-02;1.454010e-01;3.061274e-01;2.594051e-02;5.014136e-02
6.501919e-02;7.030390e-02;2.389874e-02;2.157998e-02;1.075952e-01;4.877647e-02;7.318588e-02;3.871930e-02;1.092373e-01;3.372346e-01;5.353503e-02;5.091429e-02
5.799251e-02;8.916834e-02;2.147717e-02;2.571221e-02;1.351723e-01;2.994801e-02;4.226116e-02;5.563430e-02;1.115569e-01;3.546437e-01;3.360298e-02;4.283039e-02
3.232017e-02;9.496886e-02;2.667539e-02;3.472070e-02;1.457014e-01;4.118147e-02;4.533869e-02;7.868771e-02;4.158382e-02;3.785863e-01;4.330407e-02;3.693144e-02
2.139905e-02;6.645697e-02;3.607251e-02;3.591670e-02;9.593944e-02;6.111025e-02;8.776018e-02;9.003820e-02;1.317227e-01;2.707755e-01;6.498577e-02;3.782275e-02
3.060401e-02;3.637371e-02;6.466971e-02;2.497219e-02;6.159978e-02;1.204049e-01;8.750149e-02;7.836806e-02;1.125489e-01;1.877242e-01;1.554818e-01;3.975127e-02
2.767296e-02;2.073639e-02;1.120123e-01;1.863820e-02;6.815536e-02;2.124091e-01;3.496827e-02;4.168717e-02;7.255319e-02;1.024702e-01;2.588220e-01;2.987477e-02
2.477870e-02;2.901390e-02;1.163318e-01;3.101706e-02;7.525112e-02;2.103348e-01;8.178940e-02;5.241673e-02;7.961898e-02;7.191511e-02;1.926662e-01;3.486609e-02
4.373780e-02;5.775089e-02;1.010931e-01;4.150980e-02;6.848121e-02;1.732582e-01;1.213299e-01;4.043984e-02;5.594511e-02;1.357585e-01;9.549315e-02;6.520254e-02
5.544942e-02;6.681343e-02;1.318658e-01;8.015506e-02;6.114531e-02;8.434610e-02;1.263468e-01;3.769068e-02;7.064256e-02;1.276180e-01;9.249131e-02;6.543545e-02
2.031987e-02;6.818132e-02;1.178393e-01;4.990061e-02;9.959979e-02;9.743645e-02;1.987444e-01;3.307134e-02;9.015323e-02;9.878438e-02;9.209152e-02;3.387779e-02
3.997220e-02;6.865647e-02;1.032914e-01;2.579898e-02;1.142409e-01;1.224647e-01;1.952856e-01;6.729943e-02;5.707479e-02;1.003423e-01;4.914694e-02;5.642639e-02
6.534006e-02;6.681546e-02;1.446543e-01;9.707547e-02;8.601167e-02;8.897114e-02;1.046325e-01;6.140443e-02;9.632356e-02;9.232309e-02;3.604690e-02;6.040133e-02
4.655664e-02;8.742527e-02;8.031023e-02;7.555817e-02;1.124096e-01;1.311472e-01;9.507078e-02;5.356848e-02;7.783701e-02;1.296726e-01;7.687508e-02;3.356896e-02
3.278385e-02;7.823960e-02;8.912837e-02;3.115034e-02;9.715525e-02;2.180009e-01;1.084222e-01;3.790452e-02;3.071286e-02;1.127980e-01;1.382749e-01;2.542918e-02
2.468746e-02;4.923689e-02;1.100814e-01;9.565716e-03;7.837059e-02;2.593617e-01;1.319976e-01;2.253121e-02;3.219722e-02;7.434073e-02;1.812717e-01;2.635794e-02
2.569099e-02;5.568739e-02;6.820063e-02;2.236221e-02;1.228211e-01;1.878885e-01;9.866284e-02;3.485621e-02;5.867615e-02;1.502325e-01;1.533877e-01;2.153380e-02
5.936400e-02;6.086548e-02;3.527316e-02;6.465895e-02;1.570547e-01;1.032722e-01;5.804005e-02;4.514307e-02;1.030639e-01;2.083225e-01;9.149338e-02;1.344864e-02
1.054839e-01;2.870166e-02;6.966438e-02;1.131282e-01;1.200616e-01;5.533936e-02;9.037030e-02;2.378454e-02;1.612525e-01;1.700069e-01;3.662070e-02;2.558593e-02
1.279788e-01;3.276641e-02;1.198627e-01;1.260787e-01;6.575722e-02;3.540811e-02;1.264403e-01;3.821885e-02;1.743259e-01;7.882781e-02;2.434694e-02;4.998827e-02
1.050588e-01;4.536419e-02;1.544924e-01;9.733866e-02;4.931699e-02;6.069346e-02;9.513919e-02;5.498667e-02;1.396992e-01;8.624174e-02;4.690926e-02;6.475947e-02
4.218132e-02;8.807153e-02;1.110405e-01;6.059299e-02;7.588978e-02;1.008026e-01;7.264846e-02;4.260527e-02;1.481827e-01;1.665272e-01;4.169741e-02;4.976024e-02
3.918023e-02;5.389408e-02;4.229933e-02;1.027832e-01;7.799627e-02;9.181118e-02;1.188235e-01;7.934830e-02;1.837712e-01;1.235878e-01;3.787393e-02;4.863097e-02
3.794183e-02;4.320229e-02;5.753981e-02;1.415597e-01;6.963800e-02;8.679065e-02;1.519771e-01;6.429575e-02;1.395447e-01;8.069818e-02;6.350460e-02;6.330739e-02
5.745473e-02;6.261431e-02;9.549578e-02;1.073312e-01;8.954617e-02;6.574821e-02;1.301392e-01;6.848228e-02;1.283111e-01;6.199441e-02;6.519764e-02;6.768495e-02
5.608213e-02;7.963812e-02;9.306720e-02;2.897751e-02;7.576830e-02;6.977802e-02;1.002545e-01;7.649741e-02;1.613709e-01;1.010377e-01;4.524709e-02;1.122811e-01
9.848419e-02;7.239617e-02;7.180498e-02;3.126815e-02;5.858775e-02;5.659752e-02;9.175459e-02;8.790118e-02;1.162422e-01;1.263829e-01;8.519705e-02;1.033833e-01
9.882016e-02;6.011885e-02;1.255234e-01;4.299648e-02;4.667038e-02;7.260840e-02;1.322835e-01;7.644827e-02;4.553937e-02;4.755211e-02;1.470149e-01;1.044241e-01
7.001802e-02;9.599610e-02;1.083619e-01;3.610938e-02;6.197291e-02;8.608172e-02;1.104347e-01;5.186315e-02;6.181394e-02;5.909092e-02;1.467360e-01;1.115213e-01
7.196579e-02;1.380486e-01;6.574511e-02;5.903975e-02;9.696741e-02;8.526608e-02;7.176331e-02;2.373126e-02;7.595723e-02;9.894162e-02;1.221968e-01;9.037703e-02
1.277847e-01;1.537873e-01;4.559029e-02;9.045086e-02;1.255617e-01;6.524067e-02;3.278826e-02;1.258546e-02;1.547854e-01;8.246347e-02;6.290638e-02;4.605560e-02
1.731795e-01;9.974138e-02;3.650633e-02;1.572918e-01;1.071873e-01;3.015883e-02;2.725761e-02;1.785348e-02;2.767287e-01;4.708884e-02;1.167365e-02;1.533254e-02
1.434618e-01;3.454916e-02;6.157230e-02;1.975338e-01;6.558280e-02;1.509532e-02;5.641327e-02;3.052363e-02;3.283506e-01;3.650456e-02;1.600267e-02;1.441008e-02
8.999988e-02;1.202818e-02;9.361933e-02;2.296491e-01;4.134789e-02;1.201918e-02;9.566390e-02;3.366305e-02;3.436238e-01;2.258449e-02;1.600854e-02;9.792766e-03
7.798705e-02;1.652919e-02;1.524282e-01;2.146312e-01;3.159588e-02;9.472272e-03;1.193575e-01;3.121441e-02;2.724243e-01;4.445918e-02;1.676057e-02;1.314028e-02
7.319768e-02;3.673016e-02;2.083020e-01;1.621647e-01;5.439659e-02;1.828622e-02;1.213677e-01;4.774273e-02;1.628254e-01;7.579860e-02;1.846561e-02;2.072256e-02
5.502747e-02;3.482430e-02;2.368105e-01;1.134287e-01;5.730489e-02;3.474062e-02;1.332229e-01;6.871871e-02;1.208870e-01;8.331106e-02;3.526844e-02;2.645543e-02
6.732554e-02;2.699042e-02;2.435906e-01;1.042144e-01;3.506643e-02;4.530238e-02;1.473883e-01;5.772742e-02;1.431966e-01;6.863645e-02;4.098988e-02;1.957162e-02
8.802020e-02;4.730342e-02;1.996883e-01;1.340778e-01;4.106868e-02;2.961337e-02;1.852988e-01;7.592785e-02;9.958823e-02;5.877450e-02;2.487972e-02;1.575905e-02
5.482429e-02;5.096072e-02;1.033481e-01;1.434437e-01;4.126446e-02;3.879519e-02;1.380291e-01;8.778909e-02;1.985971e-01;8.965547e-02;3.444479e-02;1.884795e-02
6.053339e-02;3.443171e-02;1.347271e-01;1.201796e-01;5.471829e-02;4.987082e-02;9.832823e-02;4.571103e-02;1.872252e-01;1.587393e-01;3.371955e-02;2.181573e-02
8.041958e-02;3.639331e-02;1.500901e-01;1.027878e-01;6.465162e-02;4.433148e-02;1.013975e-01;4.941778e-02;1.575134e-01;1.349377e-01;4.388900e-02;3.417062e-02
1.111903e-01;4.773745e-02;1.324174e-01;7.591543e-02;5.958822e-02;4.754616e-02;9.816482e-02;7.467711e-02;1.289351e-01;1.221156e-01;4.107248e-02;6.063992e-02
1.008529e-01;7.499322e-02;1.109095e-01;6.335894e-02;6.333835e-02;6.121312e-02;9.039732e-02;8.477884e-02;1.166710e-01;1.112894e-01;4.173587e-02;8.046155e-02
6.655794e-02;7.638155e-02;1.131727e-01;6.321669e-02;1.031035e-01;6.156462e-02;4.976038e-02;7.841749e-02;1.225648e-01;8.869125e-02;9.653564e-02;8.003338e-02
1.023284e-01;4.217822e-02;1.278457e-01;4.858094e-02;1.305390e-01;5.932353e-02;6.772581e-02;4.388805e-02;1.750644e-01;7.270101e-02;7.550806e-02;5.431695e-02
9.724449e-02;8.180526e-02;1.316768e-01;8.432735e-02;9.548008e-02;5.518726e-02;9.053060e-02;4.045673e-02;1.606356e-01;6.534994e-02;3.325159e-02;6.405435e-02
1.909466e-01;1.210501e-01;1.514135e-01;4.501831e-02;5.779392e-02;5.095227e-02;1.233095e-01;1.892530e-02;6.848410e-02;4.275390e-02;3.549607e-02;9.385637e-02
1.944544e-01;1.182903e-01;1.369011e-01;3.310318e-02;4.710317e-02;7.769147e-02;9.225172e-02;2.616924e-02;2.274289e-02;7.007033e-02;8.276638e-02;9.845593e-02
1.425779e-01;1.061536e-01;7.429185e-02;4.012103e-02;8.562263e-02;9.730916e-02;7.399008e-02;3.614682e-02;2.656514e-02;1.172666e-01;1.020151e-01;9.794019e-02
7.899296e-02;8.444930e-02;4.744775e-02;9.770185e-02;1.663296e-01;8.984352e-02;5.300881e-02;2.729160e-02;6.889345e-02;1.462218e-01;6.667637e-02;7.314303e-02
7.948004e-02;4.787798e-02;5.049833e-02;1.904402e-01;2.211623e-01;5.714268e-02;4.388466e-02;1.623660e-02;1.080002e-01;1.249345e-01;2.617578e-02;3.416674e-02
9.793954e-02;2.321261e-02;9.543113e-02;2.688999e-01;1.875228e-01;2.484152e-02;6.161050e-02;1.427804e-02;9.901932e-02;9.701436e-02;1.838139e-02;1.184887e-02
1.022781e-01;2.470283e-02;1.373624e-01;2.676218e-01;1.230903e-01;1.472460e-02;7.771276e-02;2.077286e-02;1.093774e-01;9.000758e-02;2.386623e-02;8.483190e-03
9.837514e-02;3.331371e-02;1.404818e-01;2.217286e-01;6.747958e-02;1.714880e-02;8.783209e-02;3.090752e-02;1.585734e-01;7.735474e-02;5.242578e-02;1.437871e-02
6.879062e-02;5.178789e-02;2.139674e-01;1.553350e-01;3.726776e-02;3.006727e-02;1.002361e-01;3.851771e-02;1.497231e-01;5.618449e-02;6.995249e-02;2.817033e-02
5.477490e-02;7.428096e-02;2.638354e-01;9.738297e-02;4.392996e-02;4.256345e-02;1.139268e-01;3.858653e-02;1.361187e-01;3.811960e-02;6.554980e-02;3.093089e-02
5.716550e-02;9.252887e-02;2.798343e-01;3.089428e-02;6.029324e-02;5.347368e-02;1.303646e-01;4.088526e-02;1.441343e-01;3.697263e-02;5.152445e-02;2.192890e-02
3.863872e-02;2.895310e-02;1.730182e-01;1.387662e-01;9.076930e-02;3.271618e-02;1.022198e-01;6.510370e-02;1.843562e-01;6.575546e-02;4.801374e-02;3.168944e-02
5.567892e-02;6.436214e-02;1.506533e-01;1.877512e-01;9.655429e-02;2.891790e-02;5.654432e-02;4.856211e-02;1.487219e-01;6.173955e-02;5.769699e-02;4.281733e-02
1.231579e-01;6.315475e-02;1.200189e-01;4.455815e-02;3.801772e-02;2.785072e-02;3.165140e-02;3.547740e-02;7.645913e-02;1.268315e-01;1.856760e-01;1.271465e-01
1.263711e-01;5.574482e-02;1.129364e-01;3.884743e-02;2.734692e-02;3.062231e-02;5.307764e-02;3.828644e-02;5.896259e-02;1.327844e-01;2.192937e-01;1.057263e-01
8.249366e-02;5.862877e-02;1.220855e-01;4.903855e-02;3.752068e-02;3.817496e-02;7.853326e-02;4.457413e-02;7.177878e-02;1.202991e-01;2.185318e-01;7.834078e-02
1.325764e-01;9.126800e-02;1.161339e-01;4.500481e-02;4.536042e-02;4.776289e-02;7.613300e-02;3.071545e-02;1.261545e-01;4.715364e-02;1.180647e-01;1.236722e-01
1.133371e-01;5.153020e-02;9.922444e-02;4.354205e-02;5.309924e-02;3.513749e-02;5.915165e-02;1.935104e-02;1.719041e-01;1.501554e-01;1.157950e-01;8.777224e-02
5.396929e-02;3.153648e-02;6.492772e-02;6.019723e-02;7.098000e-02;2.411474e-02;5.843888e-02;4.408969e-02;2.457625e-01;1.922261e-01;1.037211e-01;5.003626e-02
1.789598e-02;2.801494e-02;1.459918e-01;1.162342e-01;6.854250e-02;2.246908e-02;5.865408e-02;6.017055e-02;2.771282e-01;1.392702e-01;4.203850e-02;2.358996e-02
3.649891e-02;1.504056e-02;3.137170e-01;1.617383e-01;3.358826e-02;1.966133e-02;6.907561e-02;5.436785e-02;2.079654e-01;5.214415e-02;2.123801e-02;1.496456e-02
3.111166e-02;4.576872e-02;3.794747e-01;1.301608e-01;2.075590e-02;2.242425e-02;1.147660e-01;5.141886e-02;1.339668e-01;3.932340e-02;1.135445e-02;1.947447e-02
3.400161e-02;3.921805e-02;3.682386e-01;9.295588e-02;1.633164e-02;2.913728e-02;1.595558e-01;7.318889e-02;1.033694e-01;3.793306e-02;1.238689e-02;3.368279e-02
1.502783e-02;3.452336e-02;3.430477e-01;6.318640e-02;1.775427e-02;2.566178e-02;2.396708e-01;1.025400e-01;6.164629e-02;3.680477e-02;1.569256e-02;4.444424e-02
1.284838e-02;6.290452e-02;2.736361e-01;3.984270e-02;3.094735e-02;1.498848e-02;3.161662e-01;7.900454e-02;6.661204e-02;3.604415e-02;2.791482e-02;3.909079e-02
4.407132e-02;1.080369e-01;1.666769e-01;2.885904e-02;5.463402e-02;2.198102e-02;3.964884e-01;4.377250e-02;4.617041e-02;2.778915e-02;3.917317e-02;2.234711e-02
8.079254e-02;1.103845e-01;1.241303e-01;3.726687e-02;7.092337e-02;4.669677e-02;3.752846e-01;4.401992e-02;3.459991e-02;2.853791e-02;3.205897e-02;1.530430e-02
1.041873e-01;8.127888e-02;1.660837e-01;6.187195e-02;9.446172e-02;6.741785e-02;2.722616e-01;3.252387e-02;4.902170e-02;3.167569e-02;1.954925e-02;1.966655e-02
6.475407e-02;8.957656e-02;2.812263e-01;8.834109e-02;9.218060e-02;5.284073e-02;1.573013e-01;2.368545e-02;4.886154e-02;4.757618e-02;1.653938e-02;3.711678e-02
6.529271e-02;1.025290e-01;3.105434e-01;6.660646e-02;5.444172e-02;1.372917e-02;1.632150e-01;4.190338e-02;4.827256e-02;7.126833e-02;2.249950e-02;3.969880e-02
9.291702e-02;1.056387e-01;2.779138e-01;4.242532e-02;4.843850e-02;3.473584e-02;1.451243e-01;6.810387e-02;5.679943e-02;7.081797e-02;2.886140e-02;2.822384e-02
7.962498e-02;1.561246e-01;2.033984e-01;8.036866e-02;6.703041e-02;5.356960e-02;6.898939e-02;6.906670e-02;5.532987e-02;5.491690e-02;5.825865e-02;5.332184e-02
7.795705e-02;1.208285e-01;2.169377e-01;7.730494e-02;6.738317e-02;4.103024e-02;1.040074e-01;5.518762e-02;5.465271e-02;7.553589e-02;5.638189e-02;5.279290e-02
6.081418e-02;6.954997e-02;1.976358e-01;9.461511e-02;7.588048e-02;5.760748e-02;1.281580e-01;4.600636e-02;6.803940e-02;8.722407e-02;5.321309e-02;6.125607e-02
1.002264e-01;5.460806e-02;1.374952e-01;1.059368e-01;7.726800e-02;3.279960e-02;1.312864e-01;7.776582e-02;8.001071e-02;6.375742e-02;6.185952e-02;7.698604e-02
1.289112e-01;6.371248e-02;1.809490e-01;9.567747e-02;9.045091e-02;2.055582e-02;9.867603e-02;7.336076e-02;5.779319e-02;5.973458e-02;6.434345e-02;6.583515e-02
1.409568e-01;6.205483e-02;2.431113e-01;8.394930e-02;9.959346e-02;2.832392e-02;6.302213e-02;5.734826e-02;3.323197e-02;6.997582e-02;7.075242e-02;4.767988e-02
1.584115e-01;8.529314e-02;2.477859e-01;8.564725e-02;8.655546e-02;5.397748e-02;5.250221e-02;2.832121e-02;3.403299e-02;6.754621e-02;6.361193e-02;3.631468e-02
1.614658e-01;7.906962e-02;2.085877e-01;6.093582e-02;9.309110e-02;8.786381e-02;8.980199e-02;2.797617e-02;6.421731e-02;3.546423e-02;5.283663e-02;3.868985e-02
1.063608e-01;4.417462e-02;1.829855e-01;1.510943e-01;1.181424e-01;7.705248e-02;6.564301e-02;3.266328e-02;8.990618e-02;5.523908e-02;4.139760e-02;3.534079e-02
9.613870e-02;6.256222e-02;1.259377e-01;1.881473e-01;1.388067e-01;6.533217e-02;4.243814e-02;2.613455e-02;9.376425e-02;8.234791e-02;4.803027e-02;3.036010e-02
1.022485e-01;5.161580e-02;1.196094e-01;1.856234e-01;1.203455e-01;5.849980e-02;6.280027e-02;1.987328e-02;1.059662e-01;6.387366e-02;7.396329e-02;3.558089e-02
1.306778e-01;4.276133e-02;1.280787e-01;1.627527e-01;8.877138e-02;3.509206e-02;7.431056e-02;1.808370e-02;1.032066e-01;7.026926e-02;8.761966e-02;5.837631e-02
1.652653e-01;9.120159e-02;8.960354e-02;1.298197e-01;9.010674e-02;1.967407e-02;6.553134e-02;2.033368e-02;7.359893e-02;1.120579e-01;6.671567e-02;7.609157e-02
1.564300e-01;9.288695e-02;9.764697e-02;1.118420e-01;7.199344e-02;3.962515e-02;9.163886e-02;3.811630e-02;6.312929e-02;1.079263e-01;6.543276e-02;6.333197e-02
7.511275e-02;4.678086e-02;1.719014e-01;6.864084e-02;5.480826e-02;5.188534e-02;1.931284e-01;6.321333e-02;7.801014e-02;8.941350e-02;7.596769e-02;3.113745e-02
2.292728e-02;3.429974e-02;2.575242e-01;5.835106e-02;6.174242e-02;6.313261e-02;1.884380e-01;8.576217e-02;7.436628e-02;7.846836e-02;5.885709e-02;1.613084e-02
2.852395e-02;3.020962e-02;2.840214e-01;7.649376e-02;8.172824e-02;6.979521e-02;1.795615e-01;7.755890e-02;6.389577e-02;5.175326e-02;3.759822e-02;1.886015e-02
4.487411e-02;5.156665e-02;2.480111e-01;8.099996e-02;7.920042e-02;7.353730e-02;2.434076e-01;3.069059e-02;4.920639e-02;4.485367e-02;3.281994e-02;2.083229e-02
5.329735e-02;6.751234e-02;2.103713e-01;5.966362e-02;5.802650e-02;8.060355e-02;2.969303e-01;4.677068e-02;2.550078e-02;3.721976e-02;3.428221e-02;2.982163e-02
4.559998e-02;7.337888e-02;2.346303e-01;7.452095e-02;4.687669e-02;7.853083e-02;2.359429e-01;3.622233e-02;3.282639e-02;5.635866e-02;4.967349e-02;3.543857e-02
