5.731966e-02;4.824110e-02;9.236965e-02;8.740726e-02;7.413573e-02;1.349026e-01;1.054754e-01;1.151644e-01;4.982910e-02;9.266087e-02;3.636185e-02;1.061324e-01
4.841693e-02;6.014473e-02;8.883827e-02;5.759455e-02;6.155008e-02;1.560024e-01;1.178646e-01;1.356872e-01;4.840174e-02;8.649021e-02;3.665032e-02;1.023589e-01
4.832379e-02;7.681034e-02;7.762373e-02;4.150173e-02;7.397332e-02;1.631418e-01;1.158582e-01;1.213426e-01;5.384833e-02;8.438542e-02;3.844495e-02;1.047458e-01
4.380430e-02;7.209032e-02;6.747269e-02;3.737477e-02;9.861185e-02;1.224805e-01;1.125168e-01;1.078813e-01;1.021416e-01;7.270839e-02;6.247617e-02;1.004413e-01
3.686799e-02;6.589734e-02;6.509726e-02;3.625022e-02;8.270388e-02;9.486925e-02;1.414658e-01;1.243999e-01;1.339788e-01;7.272664e-02;7.490804e-02;7.083492e-02
5.642880e-02;6.102616e-02;4.234177e-02;6.406053e-02;5.593967e-02;1.123367e-01;1.455578e-01;1.096859e-01;1.297411e-01;1.161086e-01;6.697275e-02;3.980020e-02
8.079953e-02;4.291650e-02;2.740235e-02;9.273691e-02;3.919956e-02;1.947039e-01;6.247623e-02;1.319174e-01;8.833455e-02;1.878396e-01;3.373343e-02;1.794011e-02
6.192799e-02;3.804546e-02;3.211898e-02;9.745696e-02;6.073773e-02;2.529508e-01;4.276473e-02;1.519872e-01;5.743262e-02;1.629042e-01;2.162256e-02;2.005074e-02
5.492583e-02;4.640276e-02;4.432587e-02;9.716727e-02;8.095919e-02;2.758513e-01;5.570490e-02;1.564534e-01;3.832620e-02;1.071515e-01;2.075369e-02;2.197810e-02
5.062438e-02;5.875806e-02;6.606702e-02;8.857289e-02;8.566631e-02;3.019752e-01;6.118228e-02;1.369049e-01;2.936345e-02;7.517404e-02;2.265864e-02;2.305293e-02
3.584450e-02;4.620527e-02;5.776743e-02;1.056660e-01;6.155809e-02;3.222455e-01;3.494895e-02;1.625285e-01;5.624473e-02;7.436953e-02;1.842668e-02;2.419468e-02
3.640167e-02;3.669612e-02;4.279333e-02;9.457088e-02;6.944038e-02;2.266876e-01;3.879814e-02;2.363095e-01;6.583685e-02;1.145827e-01;1.738953e-02;2.049334e-02
4.635174e-02;4.116618e-02;3.837673e-02;8.195856e-02;3.910733e-02;1.311917e-01;3.519841e-02;2.716889e-01;8.827581e-02;1.758217e-01;2.971062e-02;2.115227e-02
2.937289e-02;4.539981e-02;3.499445e-02;6.523184e-02;4.244782e-02;1.583245e-01;6.371177e-02;2.192887e-01;8.874086e-02;1.972215e-01;3.188327e-02;2.338244e-02
4.670134e-02;4.360085e-02;3.056270e-02;6.786519e-02;3.727686e-02;1.888839e-01;7.078739e-02;1.438604e-01;6.762914e-02;1.294640e-01;9.265589e-02;8.071230e-02
8.105409e-02;7.393597e-02;5.315926e-02;6.374369e-02;4.310277e-02;1.368744e-01;8.372083e-02;1.123353e-01;4.936758e-02;7.321828e-02;1.394256e-01;9.006222e-02
1.015217e-01;8.491699e-02;7.803149e-02;8.094578e-02;2.407724e-02;1.074127e-01;6.433714e-02;1.157444e-01;6.940836e-02;6.404806e-02;1.371189e-01;7.243723e-02
1.244121e-01;8.064138e-02;9.720856e-02;1.005350e-01;5.275088e-02;8.591870e-02;3.407487e-02;9.708691e-02;9.726397e-02;5.998003e-02;8.568385e-02;8.444369e-02
1.036203e-01;9.570075e-02;7.442036e-02;7.929568e-02;8.549181e-02;1.284761e-01;3.100741e-02;8.285145e-02;1.072902e-01;9.297014e-02;6.896047e-02;4.991544e-02
4.966648e-02;1.145324e-01;7.747915e-02;4.432516e-02;9.174530e-02;2.262760e-01;3.324389e-02;4.916701e-02;7.983347e-02;9.851155e-02;1.154364e-01;1.978323e-02
1.371201e-02;7.465584e-02;1.582647e-01;1.689060e-02;5.715983e-02;3.389226e-01;4.213618e-02;2.848393e-02;4.651267e-02;6.181077e-02;1.439666e-01;1.748426e-02
1.014160e-02;3.156992e-02;2.267470e-01;1.130754e-02;3.486772e-02;3.734821e-01;9.867510e-02;1.517831e-02;2.741511e-02;2.561137e-02;1.280318e-01;1.697242e-02
6.291918e-03;1.499090e-02;2.105485e-01;2.366952e-02;2.929109e-02;3.428668e-01;2.032513e-01;2.004385e-02;1.979295e-02;1.423764e-02;9.285091e-02;2.216462e-02
6.056649e-03;7.763171e-03;1.458325e-01;5.204783e-02;4.786181e-02;2.638409e-01;3.286759e-01;2.693396e-02;1.899401e-02;7.928920e-03;5.780660e-02;3.625775e-02
5.875772e-03;6.308499e-03;1.215876e-01;6.182819e-02;5.553265e-02;2.088611e-01;4.181941e-01;1.624385e-02;1.889778e-02;7.240939e-03;3.855252e-02;4.087705e-02
6.500942e-03;1.088476e-02;1.060077e-01;3.906051e-02;5.324234e-02;2.247712e-01;4.337874e-01;1.155958e-02;2.638515e-02;4.719380e-03;4.850598e-02;3.457501e-02
6.344637e-03;8.240042e-03;8.644687e-02;3.304021e-02;3.900833e-02;2.473959e-01;4.268157e-01;2.523261e-02;2.937484e-02;8.601234e-03;6.789050e-02;2.160914e-02
9.028893e-03;7.260198e-03;9.234068e-02;2.080940e-02;2.516412e-02;3.143878e-01;3.533253e-01;1.867939e-02;3.874424e-02;8.538888e-03;8.762204e-02;2.409908e-02
1.228485e-02;5.748250e-03;8.471543e-02;1.169207e-02;2.415644e-02;4.202030e-01;2.113201e-01;1.623171e-02;6.270713e-02;1.592526e-02;1.164613e-01;1.855448e-02
1.430020e-02;2.184725e-02;5.740660e-02;2.503500e-02;4.743855e-02;4.551860e-01;9.937024e-02;3.856276e-02;7.699470e-02;3.408868e-02;1.199740e-01;9.796005e-03
1.841405e-02;4.264019e-02;3.723006e-02;6.034147e-02;1.095487e-01;3.228749e-01;9.168660e-02;8.374233e-02;6.985750e-02;6.614082e-02;8.737115e-02;1.015221e-02
2.042000e-02;5.826677e-02;5.289413e-02;8.902955e-02;1.437360e-01;1.915401e-01;7.673826e-02;1.248434e-01;5.109487e-02;8.256511e-02;9.535529e-02;1.351660e-02
1.457781e-02;3.945624e-02;7.975914e-02;1.022612e-01;6.811849e-02;2.266019e-01;9.631614e-02;1.260604e-01;5.708065e-02;5.653795e-02;1.064298e-01;2.680029e-02
4.022904e-02;5.657120e-02;8.465053e-02;1.108700e-01;1.240091e-01;1.401615e-01;1.742795e-01;6.441668e-02;6.330194e-02;6.597416e-02;5.569056e-02;1.984587e-02
4.520887e-02;4.659037e-02;6.243780e-02;1.544612e-01;1.498448e-01;1.386192e-01;1.486370e-01;4.644088e-02;9.843651e-02;6.579911e-02;2.687549e-02;1.664877e-02
5.023693e-02;3.731215e-02;1.193704e-01;1.998750e-01;1.092805e-01;9.233873e-02;1.234226e-01;5.190481e-02;1.206119e-01;4.670434e-02;2.784652e-02;2.109612e-02
3.420863e-02;6.045844e-02;1.334567e-01;1.725806e-01;7.767224e-02;1.501463e-01;1.255090e-01;6.824255e-02;8.404956e-02;2.876900e-02;3.830101e-02;2.660592e-02
1.504180e-02;6.141147e-02;7.560126e-02;1.116013e-01;9.091690e-02;2.265530e-01;2.183490e-01;7.775477e-02;4.683832e-02;2.236057e-02;3.335779e-02;2.021375e-02
9.871591e-03;5.475223e-02;6.223456e-02;9.420992e-02;5.789337e-02;9.576755e-02;4.098171e-01;6.710424e-02;5.669215e-02;2.243444e-02;5.911669e-02;1.010614e-02
6.519228e-03;1.955984e-02;7.698167e-02;5.176830e-02;4.057754e-02;3.334368e-01;2.950613e-01;4.689964e-02;2.720220e-02;2.551274e-02;6.650840e-02;9.972269e-03
1.179393e-02;3.830387e-02;4.578701e-02;4.339328e-02;5.712539e-02;4.138616e-01;2.192474e-01;4.557423e-02;4.316324e-02;1.835545e-02;5.268510e-02;1.070946e-02
1.301934e-02;6.667379e-02;4.057835e-02;3.097275e-02;8.782962e-02;3.524826e-01;1.940221e-01;8.673299e-02;5.899077e-02;1.250366e-02;4.081028e-02;1.538379e-02
8.026680e-03;9.397779e-02;1.011938e-01;4.208426e-02;7.908682e-02;2.583146e-01;1.767852e-01;1.306954e-01;5.231981e-02;9.657877e-03;2.016527e-02;2.769244e-02
6.274206e-03;1.010103e-01;1.230697e-01;3.475782e-02;3.896013e-02;2.303017e-01;1.978101e-01;1.435133e-01;4.227550e-02;1.290117e-02;3.883853e-02;3.028746e-02
6.786569e-03;1.131800e-01;1.177632e-01;2.779674e-02;1.265067e-02;2.184797e-01;1.927471e-01;1.392807e-01;4.469644e-02;2.522707e-02;8.401973e-02;1.737204e-02
6.331170e-03;9.379756e-02;5.775734e-02;4.645544e-02;4.233747e-02;2.598419e-01;2.132673e-01;1.277938e-01;2.868315e-02;2.063648e-02;9.589175e-02;7.206659e-03
7.555407e-03;4.453719e-02;9.823088e-02;7.183033e-02;5.223651e-02;3.096207e-01;1.788523e-01;8.596181e-02;2.956646e-02;3.311981e-02;7.596535e-02;1.252323e-02
1.283827e-02;2.985891e-02;8.888336e-02;8.842141e-02;8.509766e-02;3.489150e-01;1.448137e-01;4.698605e-02;3.393910e-02;2.707123e-02;7.456827e-02;1.860695e-02
1.704637e-02;2.190911e-02;7.252049e-02;1.297095e-01;8.601569e-02;3.285404e-01;1.383583e-01;4.983315e-02;3.930277e-02;1.765255e-02;8.582996e-02;1.328160e-02
4.525483e-03;1.693809e-02;1.106525e-01;1.614021e-01;1.647053e-01;2.266358e-01;1.016659e-01;6.260823e-02;5.415126e-02;2.326809e-02;4.937840e-02;2.406885e-02
2.295678e-02;3.529216e-02;1.122592e-01;1.456448e-01;1.207068e-01;2.130720e-01;6.620414e-02;8.730255e-02;7.477394e-02;4.072199e-02;5.698701e-02;2.407870e-02
2.240347e-02;4.152306e-02;7.273617e-02;1.133684e-01;7.382355e-02;3.199894e-01;8.743977e-02;6.828526e-02;6.604737e-02;4.419276e-02;7.975203e-02;1.043867e-02
9.445168e-03;3.350370e-02;6.339467e-02;5.693471e-02;5.470837e-02;4.090539e-01;1.754938e-01;4.554392e-02;3.250205e-02;4.268097e-02;7.216121e-02;4.577624e-03
2.710351e-02;5.154707e-02;7.421115e-02;3.572316e-02;4.259532e-02;3.507440e-01;1.820387e-01;6.690323e-02;5.244273e-02;5.906873e-02;4.836672e-02;9.255662e-03
6.067698e-02;1.288149e-01;7.647876e-02;6.709488e-02;8.706439e-02;1.615498e-01;9.933319e-02;7.868660e-02;7.901824e-02;1.087370e-01;2.545093e-02;2.709430e-02
6.881298e-02;1.688111e-01;1.004554e-01;7.906025e-02;1.063374e-01;9.518482e-02;2.808248e-02;7.460099e-02;5.295295e-02;1.176754e-01;7.132673e-02;3.669961e-02
4.569459e-02;1.618673e-01;1.220677e-01;7.534185e-02;1.690209e-01;8.487307e-02;2.635421e-02;6.167665e-02;5.987242e-02;8.892634e-02;7.017531e-02;3.412958e-02
2.692802e-02;1.093535e-01;1.069085e-01;6.914511e-02;2.919443e-01;7.581275e-02;4.076539e-02;6.730051e-02;8.237108e-02;6.844013e-02;4.513788e-02;1.589287e-02
3.720539e-02;2.881944e-02;6.561242e-02;1.215511e-01;3.442641e-01;7.709175e-02;7.299366e-02;7.196816e-02;8.520150e-02;6.237193e-02;2.287265e-02;1.004787e-02
4.588693e-02;1.420279e-02;6.327145e-02;1.768807e-01;2.395799e-01;7.720336e-02;1.144033e-01;9.335992e-02;1.030883e-01;4.147566e-02;2.190769e-02;8.739941e-03
5.050911e-02;3.024340e-02;8.670880e-02;1.768330e-01;1.710647e-01;4.794803e-02;1.344805e-01;9.983608e-02;1.345197e-01;3.173251e-02;2.122291e-02;1.490135e-02
5.595666e-02;5.165703e-02;9.019619e-02;1.492156e-01;1.193711e-01;1.046755e-01;9.352076e-02;1.071449e-01;1.313128e-01;5.684789e-02;1.588608e-02;2.421545e-02
5.321434e-02;5.900414e-02;6.649175e-02;1.267339e-01;1.200098e-01;1.499026e-01;4.992929e-02;9.492369e-02;1.287724e-01;5.606374e-02;6.531855e-02;2.963570e-02
5.002313e-02;6.392173e-02;7.080749e-02;1.583533e-01;1.090907e-01;1.123830e-01;4.949104e-02;8.214168e-02;1.562046e-01;3.222422e-02;9.049748e-02;2.486166e-02
4.484643e-02;9.113897e-02;8.888859e-02;1.561617e-01;6.981327e-02;9.082922e-02;3.481809e-02;9.669679e-02;1.555517e-01;4.077008e-02;9.401325e-02;3.647191e-02
3.178681e-02;1.283800e-01;1.537998e-01;1.107152e-01;3.604133e-02;5.968777e-02;2.706828e-02;1.350941e-01;9.852462e-02;6.233880e-02;7.846578e-02;7.809752e-02
2.572220e-02;1.285872e-01;1.562734e-01;7.227813e-02;5.082414e-02;4.691615e-02;6.017494e-02;1.468096e-01;5.888161e-02;8.402319e-02;8.344080e-02;8.606867e-02
3.823681e-02;1.114907e-01;8.983584e-02;6.367002e-02;6.723431e-02;8.010665e-02;1.073962e-01;1.206473e-01;6.794881e-02;8.746187e-02;1.092182e-01;5.675329e-02
3.570726e-02;8.216242e-02;9.497640e-02;1.261709e-01;5.987238e-02;1.020667e-01;1.406418e-01;9.629994e-02;9.485132e-02;6.521874e-02;6.889122e-02;3.314092e-02
1.445078e-02;7.236873e-02;1.329115e-01;1.467119e-01;4.868055e-02;8.413556e-02;1.600231e-01;1.056415e-01;9.858425e-02;5.208152e-02;4.761987e-02;3.679079e-02
5.028674e-02;8.652642e-02;7.035595e-02;1.124433e-01;8.656804e-02;7.223105e-02;1.610326e-01;1.282147e-01;8.931885e-02;6.212470e-02;4.360005e-02;3.729754e-02
4.906424e-02;7.226711e-02;1.040283e-01;7.703581e-02;6.029665e-02;7.792382e-02;1.275007e-01;1.097030e-01;8.269676e-02;7.972511e-02;9.286386e-02;6.689455e-02
4.609337e-02;5.777989e-02;1.254198e-01;1.147996e-01;5.072855e-02;1.188951e-01;7.852519e-02;1.030629e-01;9.057903e-02;3.260551e-02;1.055380e-01;7.597309e-02
1.077299e-01;6.349999e-02;6.799323e-02;1.194509e-01;8.233227e-02;8.493207e-02;5.742228e-02;7.018094e-02;1.254155e-01;6.246906e-02;1.169277e-01;4.164615e-02
1.416283e-01;4.394403e-02;3.318699e-02;1.353020e-01;8.662578e-02;6.070132e-02;7.612601e-02;4.885016e-02;1.812474e-01;6.378332e-02;1.108162e-01;1.778851e-02
1.463550e-01;2.335816e-02;4.310949e-02;1.474947e-01;6.680702e-02;5.505974e-02;8.593193e-02;4.376476e-02;2.436206e-01;4.615022e-02;8.718556e-02;1.116279e-02
1.183066e-01;3.080384e-02;8.096820e-02;1.356852e-01;5.100467e-02;6.712217e-02;6.757589e-02;8.934195e-02;2.460043e-01;2.746063e-02;6.297442e-02;2.275217e-02
7.616981e-02;5.798843e-02;1.091597e-01;9.711862e-02;4.497912e-02;1.012323e-01;8.268962e-02;1.376064e-01;1.741544e-01;3.402733e-02;5.239310e-02;3.248115e-02
4.506395e-02;7.855754e-02;9.818195e-02;6.958786e-02;6.372261e-02;1.688411e-01;9.140086e-02;1.502586e-01;1.006268e-01;3.644724e-02;4.643287e-02;5.087863e-02
3.338587e-02;6.528261e-02;4.973113e-02;8.221515e-02;6.989615e-02;2.033368e-01;9.084746e-02;1.383735e-01;1.351207e-01;3.144494e-02;4.183139e-02;5.853428e-02
3.704699e-02;7.285373e-02;5.234164e-02;8.104771e-02;5.362207e-02;1.988680e-01;8.813583e-02;1.596188e-01;1.427890e-01;3.570429e-02;4.545692e-02;3.251502e-02
4.257040e-02;6.324661e-02;3.582238e-02;7.294217e-02;7.572997e-02;2.045171e-01;6.666838e-02;1.892277e-01;1.531370e-01;3.225081e-02;3.852640e-02;2.536103e-02
3.953048e-02;3.602936e-02;2.004997e-02;6.112196e-02;7.987059e-02;1.968738e-01;6.911591e-02;2.228192e-01;1.368447e-01;4.384762e-02;5.280954e-02;4.108693e-02
2.773946e-02;2.489083e-02;4.316307e-02;5.769977e-02;6.587248e-02;2.004321e-01;7.076332e-02;2.474224e-01;1.305614e-01;4.524086e-02;4.663249e-02;3.958194e-02
3.502106e-02;4.228549e-02;9.414005e-02;7.125482e-02;4.960579e-02;2.001405e-01;8.362249e-02;2.337170e-01;1.198497e-01;2.509375e-02;2.243028e-02;2.283909e-02
4.348435e-02;5.653550e-02;1.129601e-01;9.478478e-02;5.333348e-02;1.576260e-01;1.202889e-01;2.346554e-01;7.499242e-02;2.605115e-02;1.560395e-02;9.684050e-03
3.171698e-02;8.277057e-02;7.888147e-02;9.092212e-02;9.571504e-02;1.412272e-01;1.338915e-01;2.377492e-01;5.566920e-02;1.954662e-02;2.739147e-02;4.518576e-03
1.352019e-02;1.095815e-01;4.188428e-02;7.271241e-02;1.057431e-01;1.767832e-01;1.636070e-01;1.879027e-01;6.377455e-02;2.026098e-02;3.821440e-02;6.015726e-03
1.455885e-02;1.240155e-01;6.278378e-02;8.037905e-02;8.027109e-02;1.691530e-01;1.630521e-01;1.573488e-01;8.663941e-02;2.172769e-02;3.479333e-02;5.277365e-03
1.866334e-02;1.178916e-01;6.694002e-02;1.003512e-01;9.264266e-02;1.722972e-01;1.118243e-01;1.267019e-01;1.217291e-01;3.519918e-02;3.063993e-02;5.119591e-03
1.799796e-02;7.400168e-02;6.454448e-02;1.053609e-01;1.091367e-01;1.580637e-01;5.633842e-02;1.794588e-01;1.300636e-01;6.163454e-02;3.464705e-02;8.752093e-03
2.655625e-02;4.435255e-02;3.332830e-02;9.389339e-02;1.019846e-01;1.575375e-01;8.018506e-02;1.983914e-01;1.461584e-01;6.382217e-02;4.579517e-02;7.995209e-03
3.692037e-02;3.731064e-02;5.171883e-02;7.085094e-02;8.840856e-02;1.962208e-01;6.199998e-02;2.139189e-01;1.439259e-01;4.166166e-02;4.919592e-02;7.867549e-03
4.964506e-02;6.363299e-02;8.101363e-02;3.268308e-02;1.158150e-01;2.161105e-01;5.802505e-02;1.993715e-01;9.080597e-02;3.647286e-02;3.791046e-02;1.851387e-02
5.084691e-02;7.051934e-02;7.157505e-02;1.037843e-01;1.401818e-01;1.556230e-01;1.306296e-01;1.157691e-01;7.737953e-02;4.184223e-02;3.116626e-02;1.068285e-02
3.242844e-02;6.093720e-02;7.114152e-02;1.417553e-01;1.321819e-01;1.100962e-01;1.313376e-01;1.459828e-01;1.008907e-01;4.262609e-02;2.589857e-02;4.723780e-03
1.856389e-02;5.314985e-02;7.571191e-02;1.183614e-01;1.291536e-01;1.398194e-01;1.174856e-01;1.848356e-01;9.051877e-02;3.582630e-02;1.830436e-02;1.826915e-02
2.453656e-02;9.002475e-02;8.235420e-02;9.357916e-02;9.469441e-02;1.510107e-01;6.669097e-02;2.104605e-01;1.061150e-01;3.786083e-02;1.854221e-02;2.413071e-02
2.955499e-02;8.691274e-02;5.986721e-02;1.253307e-01;8.017720e-02;1.018580e-01;6.634729e-02;2.319018e-01;1.365411e-01;4.070062e-02;1.977848e-02;2.102994e-02
4.149942e-02;4.313942e-02;8.882547e-02;1.382621e-01;7.361576e-02;4.935472e-02;1.047957e-01;2.366126e-01;1.604145e-01;2.981792e-02;2.180654e-02;1.185576e-02
4.632101e-02;2.090305e-02;1.267342e-01;1.186619e-01;7.808013e-02;5.930312e-02;1.492875e-01;1.847539e-01;1.658937e-01;2.630625e-02;1.840938e-02;5.345822e-03
4.464995e-02;1.136296e-02;1.637730e-01;9.663806e-02;8.473437e-02;6.525881e-02;1.881173e-01;1.226431e-01;1.680854e-01;3.936674e-02;1.172156e-02;3.648788e-03
3.053076e-02;1.217803e-02;2.142059e-01;9.838567e-02;7.983483e-02;9.847310e-02;1.569873e-01;8.632603e-02;1.535451e-01;5.604850e-02;1.080145e-02;2.683272e-03
1.753570e-02;1.745876e-02;2.233680e-01;7.414563e-02;9.494161e-02;1.426656e-01;1.057250e-01;8.906830e-02;1.603930e-01;6.469193e-02;7.296078e-03;2.710395e-03
2.110955e-02;1.751378e-02;2.318018e-01;6.370638e-02;1.057462e-01;1.549955e-01;6.573501e-02;8.552591e-02;1.739290e-01;6.645563e-02;8.594644e-03;4.886530e-03
2.820335e-02;1.387200e-02;2.472684e-01;5.730360e-02;9.667870e-02;1.329296e-01;6.734283e-02;1.080605e-01;1.661821e-01;6.003925e-02;1.457894e-02;7.540811e-03
4.337975e-02;3.237159e-02;2.267554e-01;4.648073e-02;6.749109e-02;1.238138e-01;7.903205e-02;1.575104e-01;1.546254e-01;4.020364e-02;1.824898e-02;1.008722e-02
4.821175e-02;4.757336e-02;1.644743e-01;5.102051e-02;5.176003e-02;1.272130e-01;7.859189e-02;1.760674e-01;1.759949e-01;3.912236e-02;2.498789e-02;1.498265e-02
2.192782e-02;3.771567e-02;1.521929e-01;6.424809e-02;5.446767e-02;9.522747e-02;6.498570e-02;2.013955e-01;2.206637e-01;4.246660e-02;3.076886e-02;1.394003e-02
2.511715e-02;2.486825e-02;1.659484e-01;6.320420e-02;6.783836e-02;1.446912e-01;5.776197e-02;1.558580e-01;2.107028e-01;3.760402e-02;2.919325e-02;1.721246e-02
4.989663e-02;5.559152e-02;1.367471e-01;4.824966e-02;8.814685e-02;1.658768e-01;5.837135e-02;1.011538e-01;2.027158e-01;4.280666e-02;2.594389e-02;2.449991e-02
4.367757e-02;1.033784e-01;6.735280e-02;6.302916e-02;6.763451e-02;1.376272e-01;1.275396e-01;1.410997e-01;1.605448e-01;5.833377e-02;1.442867e-02;1.535375e-02
3.337170e-02;1.124029e-01;8.771584e-02;7.626421e-02;6.319036e-02;9.982799e-02;1.220715e-01;1.643575e-01;1.381599e-01;7.902461e-02;1.444566e-02;9.167691e-03
4.516543e-02;1.301796e-01;1.142244e-01;6.936063e-02;7.145516e-02;8.990980e-02;6.859175e-02;1.825248e-01;1.248764e-01;7.492898e-02;1.736227e-02;1.142070e-02
5.511166e-02;1.497006e-01;1.049021e-01;5.280781e-02;6.036006e-02;1.012942e-01;4.796513e-02;1.789441e-01;1.694285e-01;4.751824e-02;1.995328e-02;1.201437e-02
6.070640e-02;1.107628e-01;7.722484e-02;6.637689e-02;5.885949e-02;8.506065e-02;5.327301e-02;2.076001e-01;2.196549e-01;3.240769e-02;2.110931e-02;6.963837e-03
4.402642e-02;7.398109e-02;6.878361e-02;8.032589e-02;7.803887e-02;9.367228e-02;4.787798e-02;2.373984e-01;2.100177e-01;4.002771e-02;1.802625e-02;7.823787e-03
2.514078e-02;5.393743e-02;1.000924e-01;8.992203e-02;8.571502e-02;1.349900e-01;4.771896e-02;2.343366e-01;1.550423e-01;4.062518e-02;2.022050e-02;1.225886e-02
2.576149e-02;6.720975e-02;8.460204e-02;9.751585e-02;9.985936e-02;1.772950e-01;8.796171e-02;1.971117e-01;8.203530e-02;3.440036e-02;3.257199e-02;1.367548e-02
4.931319e-02;8.903822e-02;8.418733e-02;8.644375e-02;1.242477e-01;1.643372e-01;8.373607e-02;1.399940e-01;9.228825e-02;3.288446e-02;3.784262e-02;1.568719e-02
6.016387e-02;7.827208e-02;9.120414e-02;1.009903e-01;9.761216e-02;1.266536e-01;7.592607e-02;1.208776e-01;1.614453e-01;3.770046e-02;3.867756e-02;1.047682e-02
3.056962e-02;4.497230e-02;1.150117e-01;8.210590e-02;6.896728e-02;1.409829e-01;9.035913e-02;1.693190e-01;1.710034e-01;4.641534e-02;3.563181e-02;4.661536e-03
1.629333e-02;3.982111e-02;1.247447e-01;4.301308e-02;6.179282e-02;1.400203e-01;1.219838e-01;2.213729e-01;1.237668e-01;6.576797e-02;3.773401e-02;3.689208e-03
2.299736e-02;3.314260e-02;8.108679e-02;7.764567e-02;5.062096e-02;1.541294e-01;1.346892e-01;1.949895e-01;1.292501e-01;6.528803e-02;4.672924e-02;9.431134e-03
2.279197e-02;4.128003e-02;6.335302e-02;8.179513e-02;4.711032e-02;1.881608e-01;1.436713e-01;1.279183e-01;1.625022e-01;6.867398e-02;4.232807e-02;1.041486e-02
2.448895e-02;5.640276e-02;8.428376e-02;7.465684e-02;5.437448e-02;1.750770e-01;1.490732e-01;1.312662e-01;1.347817e-01;7.435096e-02;3.050666e-02;1.073756e-02
3.054191e-02;7.136004e-02;1.260910e-01;8.019915e-02;6.433640e-02;1.547653e-01;1.022234e-01;1.055565e-01;9.214885e-02;8.372234e-02;4.234918e-02;4.670593e-02
2.788993e-02;1.016709e-01;9.495071e-02;7.825195e-02;1.002962e-01;1.629855e-01;9.805072e-02;8.666059e-02;6.446942e-02;9.868930e-02;2.411849e-02;6.196633e-02
1.758119e-02;9.775802e-02;5.416155e-02;6.387849e-02;1.650994e-01;1.925085e-01;5.197419e-02;8.431372e-02;5.484252e-02;1.369547e-01;2.248759e-02;5.844013e-02
1.874608e-02;7.717881e-02;1.181925e-02;4.958136e-02;2.108985e-01;2.141265e-01;3.861477e-02;6.412697e-02;5.782967e-02;1.809271e-01;1.578970e-02;6.036133e-02
2.956473e-02;4.797275e-02;2.411432e-02;6.365502e-02;2.184048e-01;2.039661e-01;4.018606e-02;3.639125e-02;7.280645e-02;1.891415e-01;1.378232e-02;6.001464e-02
6.934240e-02;2.394591e-02;3.558067e-02;1.173697e-01;1.721569e-01;1.462004e-01;8.135944e-02;3.724408e-02;1.118496e-01;1.449114e-01;1.739039e-02;4.264906e-02
1.280039e-01;2.072891e-02;5.721914e-02;1.750396e-01;9.975634e-02;7.787934e-02;1.163175e-01;5.630346e-02;1.560718e-01;6.978651e-02;2.592310e-02;1.697034e-02
1.380298e-01;1.944707e-02;1.268570e-01;1.957010e-01;7.223352e-02;4.904672e-02;1.238463e-01;6.518371e-02;1.481404e-01;2.413800e-02;2.551005e-02;1.186638e-02
9.957640e-02;2.054333e-02;2.094039e-01;1.965504e-01;4.978245e-02;6.762922e-02;1.350741e-01;5.835290e-02;1.118725e-01;2.463678e-02;1.713753e-02;9.440475e-03
4.874758e-02;2.481058e-02;2.330884e-01;1.792496e-01;1.008154e-01;1.278009e-01;1.001129e-01;4.832260e-02;8.443493e-02;3.872288e-02;6.399424e-03;7.494726e-03
2.303680e-02;3.189990e-02;1.730479e-01;1.683258e-01;1.454822e-01;1.862027e-01;4.819815e-02;5.478099e-02;8.459324e-02;6.110933e-02;8.986787e-03;1.433620e-02
2.081129e-02;2.704841e-02;8.713526e-02;1.364764e-01;1.836462e-01;2.096009e-01;4.783125e-02;6.796850e-02;1.194364e-01;6.719796e-02;1.273006e-02;2.011742e-02
2.576293e-02;1.415702e-02;6.196591e-02;1.161471e-01;1.578790e-01;2.653122e-01;7.246552e-02;7.163722e-02;1.413639e-01;4.919639e-02;1.154443e-02;1.256839e-02
2.883534e-02;1.120976e-02;7.681950e-02;8.687431e-02;6.816670e-02;3.312384e-01;1.002524e-01;6.676915e-02;1.644660e-01;4.964599e-02;9.325007e-03;6.397359e-03
2.183396e-02;1.362403e-02;7.213081e-02;3.884228e-02;7.539783e-02;3.007921e-01;1.304446e-01;7.885335e-02;1.823915e-01;6.848869e-02;1.135808e-02;5.842859e-03
2.011207e-02;1.410949e-02;8.281880e-02;5.966959e-02;8.584388e-02;2.109181e-01;1.425050e-01;1.119442e-01;1.919178e-01;6.163856e-02;1.274125e-02;5.781319e-03
2.420287e-02;1.718044e-02;8.759186e-02;1.369769e-01;5.128463e-02;1.261682e-01;1.253041e-01;1.915419e-01;1.789279e-01;4.859096e-02;9.929493e-03;2.300615e-03
2.844404e-02;2.874153e-02;8.576172e-02;1.649875e-01;3.646821e-02;1.002987e-01;8.602092e-02;2.259182e-01;1.662872e-01;5.638563e-02;1.496809e-02;5.718195e-03
2.987936e-02;3.892051e-02;8.994636e-02;1.577996e-01;5.175341e-02;1.149560e-01;4.915711e-02;1.991899e-01;1.601418e-01;7.141946e-02;1.578569e-02;2.105075e-02
5.355773e-02;3.433589e-02;7.682797e-02;1.063495e-01;9.407112e-02;1.037056e-01;5.654253e-02;1.624381e-01;1.668690e-01;8.088904e-02;2.218821e-02;4.222528e-02
4.531054e-02;4.571237e-02;8.203694e-02;9.355985e-02;1.065248e-01;9.951731e-02;6.368528e-02;1.654204e-01;1.521530e-01;6.897981e-02;2.539041e-02;5.170919e-02
3.348989e-02;4.825919e-02;9.134919e-02;1.139721e-01;9.225202e-02;1.568258e-01;4.814184e-02;1.671162e-01;1.224242e-01;4.972773e-02;2.890339e-02;4.753852e-02
4.470592e-02;3.684313e-02;8.568279e-02;1.365238e-01;9.638975e-02;1.929560e-01;4.714561e-02;1.416964e-01;7.640098e-02;6.681541e-02;3.781375e-02;3.702644e-02
4.409309e-02;5.957327e-02;9.304143e-02;1.195060e-01;6.840438e-02;1.740952e-01;6.057170e-02;1.373033e-01;1.026069e-01;5.839345e-02;4.432168e-02;3.808967e-02
4.112991e-02;6.115784e-02;1.070192e-01;1.352727e-01;5.933662e-02;1.316209e-01;7.302699e-02;1.329713e-01;1.576000e-01;3.874709e-02;3.100321e-02;3.111432e-02
4.101724e-02;7.942661e-02;9.488063e-02;1.289277e-01;7.403779e-02;1.499867e-01;6.688957e-02;1.349177e-01;1.189530e-01;3.435428e-02;3.213686e-02;4.447201e-02
5.599856e-02;1.239321e-01;1.517578e-01;4.532072e-02;5.825196e-02;1.513921e-01;4.577801e-02;9.020156e-02;8.628313e-02;5.286610e-02;6.019444e-02;7.802343e-02
4.555571e-02;1.360048e-01;1.506187e-01;3.520881e-02;6.294249e-02;1.083675e-01;4.778263e-02;1.134511e-01;1.033227e-01;4.991499e-02;6.386005e-02;8.297049e-02
2.259097e-02;1.335157e-01;1.269779e-01;4.931495e-02;6.884523e-02;7.542405e-02;6.709045e-02;1.527041e-01;1.211245e-01;5.033036e-02;5.977799e-02;7.230381e-02
3.894259e-02;9.431312e-02;9.730632e-02;6.611168e-02;5.492489e-02;1.449622e-01;7.408993e-02;1.702033e-01;9.779938e-02;5.488515e-02;5.078530e-02;5.567616e-02
4.563667e-02;5.160092e-02;9.035093e-02;7.592928e-02;3.368607e-02;2.273113e-01;5.669740e-02;1.796941e-01;7.161333e-02;5.955169e-02;5.504133e-02;5.288696e-02
4.058747e-02;6.512795e-02;1.144937e-01;5.688590e-02;5.115459e-02;2.671796e-01;3.962843e-02;1.182107e-01;7.841378e-02;6.014076e-02;7.498372e-02;3.319339e-02
3.476604e-02;8.228662e-02;1.257668e-01;5.352407e-02;5.654019e-02;1.830510e-01;3.280826e-02;2.448717e-01;9.036570e-02;3.030124e-02;3.360090e-02;3.211744e-02
8.441224e-03;7.541172e-02;1.383394e-01;4.632927e-02;9.266889e-02;1.107509e-01;2.744491e-02;3.322623e-01;1.027609e-01;4.122415e-02;1.936342e-02;5.003030e-03
6.742151e-03;7.093966e-02;1.480878e-01;5.380625e-02;8.407580e-02;1.227403e-01;4.653189e-02;3.123898e-01;7.873775e-02;4.360278e-02;1.154710e-02;2.079879e-02
1.262461e-02;6.810752e-02;1.141009e-01;6.478842e-02;6.144131e-02;1.265456e-01;5.880956e-02;3.381628e-01;8.034249e-02;4.381942e-02;1.188360e-02;1.937368e-02
2.512106e-02;6.160353e-02;1.042678e-01;6.913485e-02;8.303182e-02;8.768930e-02;8.079963e-02;3.277036e-01;9.897494e-02;3.872954e-02;1.096871e-02;1.197521e-02
3.075284e-02;1.047927e-01;7.455194e-02;5.695010e-02;1.026286e-01;8.528308e-02;9.956757e-02;2.703483e-01;6.660607e-02;6.347749e-02;2.725142e-02;1.778995e-02
2.194974e-02;1.792533e-01;5.596784e-02;4.400669e-02;8.960533e-02;9.879923e-02;1.375127e-01;1.921182e-01;6.612299e-02;4.826647e-02;4.979630e-02;1.660126e-02
2.257601e-02;1.968481e-01;8.335111e-02;5.448526e-02;4.658908e-02;1.215653e-01;1.927809e-01;1.236388e-01;5.246139e-02;3.410142e-02;5.805971e-02;1.354287e-02
2.053398e-02;1.958060e-01;9.033854e-02;7.703836e-02;6.566906e-02;1.154090e-01;2.129926e-01;7.423071e-02;4.758721e-02;2.964041e-02;4.624703e-02;2.450714e-02
2.597174e-02;1.596119e-01;5.888502e-02;9.714106e-02;1.047212e-01;1.258735e-01;2.510196e-01;5.222578e-02;2.881063e-02;3.220702e-02;3.134549e-02;3.218698e-02
4.503068e-02;9.336839e-02;1.773800e-02;1.040936e-01;7.575940e-02;1.451705e-01;3.279987e-01;4.276597e-02;1.848353e-02;6.122256e-02;3.508263e-02;3.328600e-02
7.469431e-02;4.281560e-02;1.697130e-02;1.000429e-01;3.362698e-02;2.274278e-01;2.938553e-01;4.860657e-02;1.713556e-02;8.223891e-02;2.959281e-02;3.299197e-02
9.348242e-02;2.398984e-02;2.699742e-02;7.906718e-02;5.290139e-02;2.698992e-01;1.626450e-01;1.099863e-01;3.010662e-02;9.128401e-02;2.608388e-02;3.355673e-02
8.580856e-02;3.726656e-02;3.831193e-02;4.826492e-02;6.942350e-02;2.710469e-01;9.968664e-02;1.635010e-01;2.944946e-02;9.724718e-02;3.587493e-02;2.411841e-02
5.317770e-02;4.783187e-02;5.217360e-02;6.280606e-02;8.163246e-02;2.030993e-01;1.854130e-01;1.355016e-01;4.624558e-02;5.799495e-02;4.505266e-02;2.907126e-02
5.366434e-02;5.724134e-02;8.066821e-02;8.190785e-02;7.697713e-02;1.842686e-01;2.258663e-01;7.407669e-02;5.306218e-02;4.101752e-02;3.184161e-02;3.940820e-02
4.744921e-02;5.449006e-02;4.700068e-02;1.492683e-01;9.169232e-02;1.775063e-01;1.005469e-01;1.097908e-01;6.705908e-02;1.075003e-01;1.654667e-02;3.114954e-02
3.975759e-02;4.988898e-02;2.369582e-02;1.353457e-01;8.191632e-02;1.155129e-01;1.889902e-01;1.043389e-01;8.223863e-02;1.195821e-01;4.409894e-02;1.463396e-02
5.093516e-02;5.084379e-02;3.233222e-02;1.259661e-01;9.657804e-02;8.288639e-02;2.353133e-01;7.498811e-02;8.262616e-02;8.645015e-02;5.353505e-02;2.754555e-02
4.251255e-02;5.267716e-02;4.522721e-02;1.191157e-01;8.270063e-02;1.253431e-01;1.812011e-01;1.325474e-01;1.009903e-01;4.968996e-02;3.788003e-02;3.011484e-02
3.541286e-02;5.624061e-02;4.860101e-02;6.579009e-02;8.492531e-02;1.318454e-01;1.695965e-01;1.208701e-01;1.097881e-01;4.926002e-02;9.765506e-02;3.001499e-02
3.081298e-02;7.497849e-02;5.614354e-02;3.275435e-02;8.174594e-02;7.640336e-02;2.448016e-01;1.124511e-01;1.163981e-01;3.442696e-02;1.176801e-01;2.140355e-02
2.653114e-02;8.810606e-02;4.303074e-02;2.289235e-02;7.305552e-02;5.238382e-02;3.290282e-01;1.024626e-01;1.077584e-01;1.639089e-02;1.256796e-01;1.268065e-02
2.287782e-02;7.487252e-02;3.261330e-02;3.922987e-02;7.314774e-02;1.637460e-01;3.069769e-01;7.721233e-02;7.119960e-02;2.486847e-02;9.751693e-02;1.573851e-02
2.453401e-02;5.653780e-02;5.164980e-02;4.398358e-02;7.677215e-02;2.689914e-01;2.351657e-01;8.813770e-02;3.590037e-02;3.519670e-02;7.257815e-02;1.055269e-02
2.976101e-02;7.276793e-02;5.507103e-02;2.624427e-02;5.072205e-02;3.038036e-01;1.480061e-01;1.491633e-01;5.249518e-02;4.055192e-02;5.969889e-02;1.171470e-02
2.330288e-02;7.487947e-02;5.084673e-02;2.619095e-02;4.126644e-02;2.291527e-01;2.332400e-01;1.447960e-01;7.786845e-02;2.323186e-02;6.203071e-02;1.319379e-02
1.937505e-02;5.913615e-02;4.993299e-02;6.121911e-02;4.216526e-02;2.791365e-01;1.932142e-01;1.302696e-01;7.942049e-02;2.685495e-02;4.806633e-02;1.120931e-02
1.719771e-02;5.268971e-02;5.298318e-02;9.222059e-02;9.119808e-02;3.054516e-01;1.500930e-01;1.077211e-01;5.716398e-02;2.777474e-02;3.263135e-02;1.287494e-02
1.862077e-02;3.436704e-02;4.581761e-02;1.171962e-01;1.507502e-01;2.951190e-01;1.137371e-01;1.091140e-01;3.971615e-02;3.002702e-02;2.705616e-02;1.847879e-02
3.062225e-02;3.231793e-02;4.168936e-02;1.060042e-01;1.430576e-01;2.853595e-01;1.226500e-01;1.040464e-01;5.416804e-02;3.399278e-02;2.801659e-02;1.807528e-02
3.720723e-02;3.770403e-02;3.029640e-02;6.319424e-02;1.067771e-01;3.077040e-01;1.501579e-01;1.028709e-01;7.925525e-02;3.718801e-02;3.294572e-02;1.469927e-02
2.722600e-02;5.976944e-02;4.197187e-02;4.153212e-02;5.846726e-02;2.422385e-01;1.748253e-01;1.217974e-01;1.111346e-01;5.177033e-02;3.856028e-02;3.070696e-02
4.334943e-02;8.468536e-02;5.992562e-02;3.279689e-02;3.932263e-02;1.979024e-01;1.870485e-01;1.261153e-01;8.944913e-02;6.415591e-02;3.943006e-02;3.581878e-02
5.185466e-02;6.984521e-02;6.216715e-02;5.018751e-02;1.110067e-01;1.987423e-01;1.600212e-01;1.080516e-01;6.713241e-02;3.138534e-02;4.889780e-02;4.070817e-02
2.387561e-02;4.160878e-02;4.306307e-02;6.314558e-02;1.483219e-01;2.418984e-01;1.476477e-01;9.042746e-02;6.261724e-02;3.281393e-02;4.093054e-02;6.364983e-02
2.575580e-02;3.650102e-02;3.946424e-02;7.592445e-02;1.177843e-01;2.718405e-01;1.489982e-01;6.047551e-02;6.289556e-02;3.450852e-02;4.230896e-02;8.354289e-02
2.617611e-02;3.862887e-02;2.468457e-02;6.175978e-02;1.358971e-01;2.685344e-01;1.678742e-01;7.206364e-02;5.667426e-02;2.918735e-02;3.116728e-02;8.735232e-02
2.399261e-02;2.689892e-02;3.766870e-02;5.890507e-02;1.833891e-01;2.380577e-01;1.804786e-01;6.601688e-02;5.092313e-02;1.242570e-02;3.272519e-02;8.851825e-02
3.202679e-02;4.907809e-02;5.572854e-02;4.359360e-02;2.070401e-01;1.502205e-01;1.658642e-01;6.103384e-02;5.487672e-02;1.019620e-02;5.142700e-02;1.189145e-01
4.560735e-02;3.461541e-02;5.830019e-02;4.593144e-02;1.797192e-01;1.926247e-01;1.293121e-01;4.502724e-02;5.476225e-02;1.406392e-02;5.464010e-02;1.453961e-01
5.672666e-02;3.260286e-02;6.279008e-02;6.084974e-02;1.804634e-01;1.775754e-01;1.119673e-01;3.337304e-02;6.582024e-02;2.450638e-02;3.223386e-02;1.610911e-01
5.160739e-02;4.194849e-02;5.594534e-02;6.978218e-02;1.804049e-01;1.394487e-01;1.003558e-01;4.201937e-02;8.361840e-02;3.910060e-02;1.854575e-02;1.772230e-01
4.319195e-02;6.615927e-02;4.111654e-02;6.826341e-02;1.444695e-01;1.064120e-01;9.780790e-02;6.565925e-02;9.019821e-02;9.302414e-02;3.015679e-02;1.535410e-01
6.214286e-02;9.951080e-02;1.652086e-02;5.311650e-02;1.108040e-01;7.191559e-02;8.220240e-02;8.601715e-02;8.028959e-02;1.578096e-01;8.248247e-02;9.718817e-02
6.184296e-02;1.104244e-01;2.844384e-02;5.937019e-02;9.218273e-02;3.976539e-02;7.839180e-02;1.121129e-01;6.937341e-02;1.920062e-01;8.451897e-02;7.156724e-02
5.580535e-02;1.196099e-01;2.041191e-02;7.342867e-02;7.143443e-02;5.276712e-02;7.242643e-02;1.529087e-01;4.859985e-02;1.832134e-01;8.896815e-02;6.042611e-02
4.147948e-02;1.185799e-01;3.938746e-02;7.958060e-02;6.004022e-02;5.882962e-02;3.235775e-02;2.146845e-01;4.272277e-02;1.624127e-01;1.233497e-01;2.657531e-02
1.768806e-02;9.817403e-02;4.734691e-02;9.810099e-02;5.000449e-02;7.342685e-02;3.893042e-02;2.656353e-01;4.007431e-02;1.087046e-01;1.340254e-01;2.788874e-02
2.497301e-02;6.824384e-02;4.968890e-02;1.328897e-01;4.756465e-02;9.293534e-02;5.347111e-02;2.672368e-01;3.078357e-02;5.740328e-02;1.487403e-01;2.606955e-02
2.684376e-02;3.954251e-02;5.011033e-02;1.345579e-01;6.478629e-02;1.050482e-01;1.065032e-01;2.320444e-01;3.982265e-02;3.655937e-02;1.337056e-01;3.047577e-02
4.128515e-02;2.257267e-02;6.578814e-02;1.062761e-01;5.638099e-02;1.000076e-01;1.760623e-01;2.044060e-01;6.108794e-02;3.627784e-02;1.002075e-01;2.964790e-02
4.638501e-02;5.048573e-02;9.919768e-02;7.718174e-02;3.000399e-02;1.051483e-01;1.864375e-01;1.728227e-01;8.373277e-02;3.853537e-02;8.706959e-02;2.299965e-02
4.341274e-02;8.072202e-02;1.189181e-01;6.706574e-02;3.385844e-02;1.290466e-01;1.380288e-01;1.372565e-01;1.079959e-01;3.029501e-02;8.560871e-02;2.779144e-02
5.045429e-02;8.080717e-02;9.577464e-02;5.931679e-02;4.401953e-02;1.381691e-01;1.361388e-01;1.666252e-01;9.984888e-02;4.536567e-02;5.629442e-02;2.718559e-02
5.958624e-02;6.240000e-02;5.461003e-02;1.049802e-01;3.945637e-02;1.400546e-01;9.168371e-02;2.444181e-01;6.126138e-02;6.229638e-02;4.964818e-02;2.960494e-02
6.178321e-02;7.570776e-02;6.533709e-02;1.036307e-01;7.231359e-02;1.131269e-01;8.347326e-02;1.861426e-01;6.170005e-02;5.553219e-02;9.187517e-02;2.937741e-02
