4.207712e-02;2.170060e-01;2.433442e-01;3.173084e-02;2.419271e-02;1.131199e-01;3.807554e-02;1.480438e-01;7.471167e-02;1.714662e-02;1.366284e-02;3.688874e-02
5.337442e-02;1.598415e-01;1.513196e-01;2.865483e-02;1.718930e-02;1.207161e-01;3.129100e-02;2.170366e-01;1.248769e-01;2.942117e-02;2.645069e-02;3.982788e-02
5.713945e-02;1.697824e-01;1.965029e-01;1.752874e-02;2.022759e-02;1.056380e-01;2.215711e-02;1.999396e-01;1.180382e-01;3.245505e-02;2.769748e-02;3.289352e-02
7.505538e-02;2.447385e-01;2.115617e-01;1.339341e-02;2.102894e-02;7.757414e-02;3.310736e-02;1.717093e-01;7.774753e-02;2.290834e-02;2.559451e-02;2.558086e-02
9.196401e-02;2.969800e-01;2.018590e-01;1.823335e-02;3.541163e-02;5.052930e-02;7.415963e-02;1.187297e-01;3.876842e-02;2.488652e-02;2.424555e-02;2.423289e-02
8.627748e-02;2.526707e-01;1.656541e-01;2.662036e-02;4.136052e-02;6.648175e-02;9.165370e-02;1.549881e-01;3.859888e-02;3.053090e-02;1.846029e-02;2.670317e-02
1.126755e-01;2.366896e-01;1.035808e-01;2.486288e-02;6.495351e-02;6.123886e-02;8.496626e-02;2.058181e-01;3.604325e-02;2.361505e-02;1.785018e-02;2.770596e-02
1.620547e-01;2.444600e-01;3.401835e-02;3.561739e-02;1.300374e-01;3.334760e-02;4.866520e-02;2.124607e-01;4.172833e-02;1.264335e-02;2.595557e-02;1.901149e-02
1.835083e-01;2.478856e-01;7.970287e-02;5.875000e-02;1.579220e-01;2.301780e-02;2.569368e-02;1.256303e-01;4.271002e-02;1.074424e-02;2.557400e-02;1.886119e-02
1.967405e-01;2.663273e-01;1.107913e-01;5.034077e-02;1.357863e-01;4.035628e-02;2.901793e-02;4.886917e-02;5.393450e-02;1.198869e-02;2.337440e-02;3.247296e-02
2.061942e-01;2.583360e-01;9.556802e-02;3.414787e-02;1.024646e-01;6.895985e-02;4.469244e-02;4.209864e-02;6.441093e-02;1.244799e-02;2.988937e-02;4.079014e-02
1.755719e-01;2.280219e-01;1.368289e-01;2.262957e-02;6.466074e-02;6.498352e-02;5.415237e-02;6.453492e-02;7.559689e-02;2.237494e-02;3.510258e-02;5.554171e-02
1.551773e-01;2.112268e-01;1.181790e-01;2.149183e-02;9.273978e-02;3.883234e-02;4.302877e-02;1.350315e-01;7.518549e-02;2.955671e-02;2.676359e-02;5.278687e-02
1.723986e-01;2.477386e-01;6.828006e-02;3.029445e-02;8.212269e-02;4.348327e-02;6.089582e-02;1.337112e-01;7.108583e-02;2.527739e-02;2.242804e-02;4.228397e-02
1.496303e-01;2.722807e-01;1.076484e-01;2.748699e-02;5.075116e-02;4.803666e-02;5.952571e-02;1.282567e-01;7.768691e-02;2.666085e-02;1.753561e-02;3.450000e-02
1.156614e-01;2.241745e-01;1.071859e-01;4.210756e-02;4.046963e-02;5.835949e-02;6.712879e-02;1.169208e-01;9.350720e-02;5.299849e-02;3.438443e-02;4.710192e-02
8.407015e-02;1.511050e-01;9.026928e-02;7.485958e-02;4.959208e-02;7.012807e-02;9.838098e-02;1.221725e-01;8.890572e-02;7.407046e-02;4.577176e-02;5.067439e-02
4.652186e-02;1.084777e-01;2.225160e-01;8.980402e-02;5.331099e-02;1.060270e-01;1.065523e-01;7.956031e-02;5.537433e-02;7.336946e-02;2.540337e-02;3.308265e-02
2.360589e-02;1.867998e-01;2.669244e-01;7.923263e-02;4.441942e-02;1.162873e-01;7.543256e-02;4.620805e-02;5.692261e-02;7.123496e-02;1.329051e-02;1.964183e-02
2.064738e-02;2.213030e-01;2.352060e-01;7.969268e-02;4.170704e-02;1.012694e-01;5.970400e-02;4.232747e-02;9.554703e-02;6.291210e-02;1.719189e-02;2.249205e-02
3.224745e-02;2.373964e-01;1.230790e-01;7.687312e-02;3.710506e-02;1.021998e-01;5.308086e-02;5.348104e-02;1.582227e-01;6.752996e-02;2.537885e-02;3.340572e-02
2.968173e-02;1.926014e-01;1.160086e-01;5.232228e-02;2.871758e-02;1.182842e-01;3.975324e-02;4.207451e-02;2.063953e-01;1.020572e-01;3.938284e-02;3.272112e-02
5.720852e-02;1.535753e-01;8.533777e-02;3.325375e-02;4.272135e-02;1.100449e-01;4.498732e-02;7.672267e-02;2.224115e-01;1.023350e-01;4.500753e-02;2.639435e-02
1.441840e-01;1.050070e-01;4.449637e-02;1.851771e-02;8.191489e-02;5.576535e-02;5.844460e-02;2.062741e-01;1.645757e-01;5.078205e-02;4.710393e-02;2.293429e-02
2.422879e-01;4.478215e-02;3.617728e-02;1.246968e-02;9.245971e-02;2.288993e-02;6.727581e-02;3.357459e-01;6.320725e-02;1.775714e-02;3.163194e-02;3.331526e-02
2.730190e-01;4.824977e-02;4.349981e-02;1.306503e-02;6.032959e-02;2.719749e-02;5.739032e-02;3.569895e-01;2.999720e-02;2.929487e-02;1.827874e-02;4.268872e-02
2.324660e-01;5.893869e-02;4.555640e-02;2.887889e-02;1.915989e-02;3.816569e-02;9.571528e-02;3.115459e-01;2.490848e-02;5.074896e-02;1.423923e-02;7.967661e-02
1.486860e-01;5.788106e-02;4.010602e-02;4.865815e-02;1.278470e-02;4.219363e-02;1.666196e-01;2.307655e-01;3.789243e-02;7.443656e-02;1.019987e-02;1.297764e-01
1.009919e-01;6.806725e-02;2.466322e-02;6.060208e-02;1.405854e-02;4.578184e-02;2.305173e-01;1.612373e-01;4.154220e-02;7.845096e-02;3.066320e-02;1.434242e-01
1.261962e-01;9.177810e-02;6.037959e-02;3.992440e-02;3.443446e-02;3.147691e-02;2.085736e-01;1.634661e-01;5.388074e-02;6.008838e-02;5.316956e-02;7.663199e-02
1.323258e-01;1.306086e-01;1.089555e-01;3.825119e-02;3.839917e-02;4.257509e-02;1.188547e-01;1.578804e-01;7.375044e-02;4.888441e-02;4.282440e-02;6.669028e-02
1.325164e-01;1.570785e-01;1.415232e-01;4.632878e-02;2.328395e-02;4.343697e-02;7.024197e-02;1.425021e-01;9.882910e-02;2.260038e-02;4.206768e-02;7.959089e-02
1.555203e-01;1.348309e-01;1.143614e-01;4.008928e-02;3.298997e-02;6.205421e-02;9.151812e-02;1.212084e-01;1.052480e-01;5.593074e-02;2.213600e-02;6.411280e-02
1.925747e-01;1.236021e-01;8.445310e-02;2.033878e-02;4.133550e-02;4.271178e-02;1.123379e-01;1.586623e-01;1.032077e-01;5.215995e-02;3.012267e-02;3.849345e-02
1.377751e-01;7.738352e-02;7.284680e-02;2.038187e-02;3.833643e-02;4.745921e-02;1.136046e-01;2.473270e-01;1.004610e-01;5.426668e-02;3.801242e-02;5.214538e-02
7.889777e-02;6.494784e-02;7.917678e-02;2.042608e-02;4.057634e-02;6.322100e-02;1.190669e-01;2.927072e-01;7.187343e-02;4.597346e-02;3.082783e-02;9.230528e-02
7.797487e-02;1.717651e-01;1.036579e-01;2.247905e-02;3.907187e-02;6.007247e-02;9.647770e-02;2.411906e-01;5.999657e-02;3.261893e-02;1.837409e-02;7.632083e-02
1.067173e-01;2.026229e-01;1.294793e-01;1.976310e-02;3.324177e-02;6.270663e-02;6.101841e-02;1.750624e-01;8.544628e-02;4.823253e-02;1.859520e-02;5.711425e-02
1.037605e-01;1.912235e-01;1.232079e-01;2.118514e-02;3.645529e-02;6.067373e-02;7.474445e-02;1.394240e-01;1.002752e-01;7.715707e-02;1.309201e-02;5.880112e-02
1.257279e-01;1.810180e-01;6.962184e-02;2.013975e-02;2.984813e-02;6.551555e-02;1.307493e-01;1.320173e-01;9.160756e-02;9.319428e-02;1.187451e-02;4.868586e-02
1.253692e-01;1.708479e-01;9.645164e-02;3.479034e-02;3.264068e-02;6.582456e-02;1.306938e-01;1.483361e-01;6.898666e-02;6.799927e-02;1.495878e-02;4.310097e-02
1.051541e-01;1.422059e-01;9.534139e-02;4.887981e-02;4.129369e-02;9.529126e-02;1.038622e-01;1.525807e-01;9.150802e-02;4.437177e-02;2.933662e-02;5.017448e-02
1.013163e-01;1.797965e-01;1.696109e-01;4.071074e-02;6.516227e-02;7.907892e-02;6.348634e-02;8.903841e-02;1.008131e-01;2.915394e-02;1.985957e-02;6.197304e-02
1.121077e-01;2.764692e-01;1.955096e-01;2.890480e-02;6.692300e-02;3.088794e-02;5.696021e-02;1.005905e-01;6.281971e-02;2.475453e-02;9.405985e-03;3.466685e-02
8.030728e-02;3.214345e-01;2.024721e-01;2.363862e-02;6.643436e-02;2.722870e-02;5.691117e-02;1.094982e-01;4.458547e-02;3.262768e-02;1.819265e-02;1.666925e-02
1.295431e-01;2.663126e-01;2.194208e-01;2.619626e-02;6.268181e-02;2.785372e-02;5.112394e-02;9.029087e-02;4.447521e-02;3.802324e-02;2.325964e-02;2.081879e-02
2.061423e-01;1.801592e-01;1.390816e-01;3.158623e-02;4.576318e-02;7.398336e-02;8.057395e-02;9.621521e-02;4.104008e-02;2.812406e-02;2.996249e-02;4.736839e-02
1.572458e-01;1.394299e-01;9.448588e-02;2.025131e-02;3.334446e-02;1.356921e-01;1.619281e-01;8.189999e-02;4.321784e-02;2.370272e-02;4.443860e-02;6.436329e-02
6.682336e-02;7.198296e-02;8.225615e-02;2.377245e-02;3.374596e-02;2.143290e-01;1.826294e-01;6.935795e-02;5.542254e-02;4.697234e-02;9.576777e-02;5.694006e-02
3.263417e-02;5.549602e-02;7.497381e-02;1.930462e-02;3.746700e-02;2.731719e-01;1.371190e-01;5.237240e-02;5.200003e-02;5.358371e-02;1.289683e-01;8.290896e-02
3.897182e-02;3.805134e-02;7.147086e-02;8.858829e-03;3.966453e-02;3.599798e-01;1.002438e-01;3.654412e-02;5.478128e-02;4.699273e-02;1.537665e-01;5.067432e-02
4.971094e-02;6.160029e-02;6.926286e-02;7.166953e-03;3.473288e-02;3.899554e-01;5.703766e-02;3.928225e-02;4.711702e-02;3.843329e-02;1.805164e-01;2.518411e-02
5.409610e-02;6.922431e-02;4.229215e-02;9.941849e-03;4.241210e-02;3.263448e-01;6.746908e-02;5.330289e-02;4.111709e-02;2.854611e-02;2.219692e-01;4.328440e-02
8.263673e-02;6.563125e-02;3.737899e-02;1.197462e-02;4.347830e-02;2.645845e-01;3.636701e-02;5.058083e-02;4.349481e-02;2.771384e-02;2.814602e-01;5.469899e-02
7.120157e-02;6.189417e-02;6.298650e-02;1.295993e-02;4.601716e-02;2.691830e-01;3.872901e-02;4.051778e-02;5.800097e-02;3.215137e-02;2.709096e-01;3.544898e-02
4.255344e-02;5.237216e-02;5.687232e-02;9.671148e-03;4.600345e-02;3.223242e-01;6.070232e-02;4.365163e-02;6.702680e-02;4.032633e-02;1.963133e-01;6.218291e-02
2.064561e-02;5.513604e-02;7.685612e-02;1.686080e-02;3.650719e-02;4.171304e-01;3.531118e-02;6.212903e-02;8.504403e-02;2.626621e-02;1.233538e-01;4.475952e-02
2.513064e-02;7.090259e-02;8.345610e-02;2.889023e-02;4.927238e-02;3.916618e-01;4.670388e-02;9.316638e-02;9.977411e-02;3.048687e-02;4.559159e-02;3.496349e-02
6.744160e-02;9.828118e-02;6.920472e-02;2.791037e-02;4.212862e-02;3.345371e-01;3.696484e-02;1.159114e-01;8.734027e-02;5.137500e-02;3.108125e-02;3.782356e-02
1.074088e-01;9.514529e-02;6.964022e-02;2.601191e-02;4.273601e-02;2.935459e-01;2.737153e-02;1.259548e-01;4.598925e-02;5.786971e-02;6.534910e-02;4.297742e-02
1.017710e-01;9.496050e-02;8.278613e-02;1.192211e-02;4.035116e-02;3.065284e-01;2.784861e-02;1.223775e-01;4.775999e-02;4.701292e-02;6.606052e-02;5.062114e-02
6.694277e-02;1.222406e-01;8.420405e-02;1.404563e-02;3.151452e-02;3.573736e-01;8.143762e-02;1.020290e-01;4.875906e-02;2.000107e-02;5.377332e-02;1.767879e-02
4.047276e-02;1.220654e-01;6.410657e-02;1.430238e-02;4.265114e-02;3.910310e-01;8.927748e-02;7.677998e-02;4.550785e-02;1.988302e-02;5.811838e-02;3.580406e-02
8.646066e-02;1.436774e-01;7.029124e-02;8.760449e-03;4.393990e-02;3.262296e-01;8.616896e-02;7.907428e-02;5.764800e-02;2.156821e-02;5.383968e-02;2.234159e-02
1.225318e-01;2.041990e-01;1.255803e-01;7.823200e-03;3.923420e-02;2.285303e-01;3.611897e-02;7.976374e-02;6.444611e-02;2.130635e-02;3.811446e-02;3.235167e-02
9.627809e-02;2.004534e-01;1.438886e-01;2.528769e-02;5.557527e-02;1.471359e-01;7.383974e-02;8.112055e-02;5.222354e-02;3.037609e-02;4.128327e-02;5.253794e-02
8.339220e-02;1.313487e-01;1.103799e-01;3.301251e-02;4.042112e-02;1.729556e-01;1.220053e-01;9.228442e-02;4.699360e-02;5.545791e-02;6.288586e-02;4.886282e-02
7.771594e-02;1.781188e-01;1.649879e-01;4.339842e-02;3.741714e-02;1.250912e-01;7.071259e-02;8.086240e-02;6.282708e-02;6.164507e-02;6.055748e-02;3.666589e-02
9.184926e-02;2.867234e-01;2.152878e-01;2.617836e-02;6.800375e-02;6.487578e-02;5.005065e-02;8.053480e-02;4.217331e-02;2.593882e-02;3.634057e-02;1.204346e-02
1.233289e-01;3.069097e-01;1.620291e-01;1.309087e-02;7.585848e-02;6.729526e-02;1.691937e-02;1.431682e-01;4.391767e-02;1.651650e-02;2.080867e-02;1.015720e-02
1.304828e-01;2.463048e-01;1.034435e-01;3.095988e-02;5.949916e-02;6.924254e-02;6.269157e-02;1.851854e-01;4.998400e-02;1.367222e-02;1.351107e-02;3.502307e-02
1.087728e-01;1.594090e-01;7.822472e-02;7.172015e-02;3.681261e-02;5.574191e-02;1.539695e-01;1.744691e-01;3.607976e-02;1.359798e-02;1.275155e-02;9.845092e-02
6.548650e-02;8.844543e-02;3.497492e-02;1.094979e-01;1.888667e-02;2.166060e-02;3.010389e-01;1.166364e-01;2.870899e-02;1.857968e-02;1.400631e-02;1.820777e-01
4.787629e-02;7.942367e-02;5.610061e-02;9.580243e-02;6.706191e-03;5.763246e-02;3.505139e-01;5.545913e-02;1.834886e-02;1.702101e-02;1.548346e-02;1.996320e-01
4.455113e-02;5.367839e-02;3.572650e-02;9.042981e-02;1.649193e-02;4.789471e-02;3.947545e-01;4.433220e-02;1.525463e-02;1.264026e-02;2.415222e-02;2.200937e-01
3.353636e-02;8.240088e-02;5.134716e-02;1.005553e-01;1.521889e-02;3.206478e-02;4.043623e-01;2.891770e-02;1.700504e-02;1.429075e-02;1.592407e-02;2.043767e-01
4.020448e-02;9.156911e-02;3.926424e-02;1.060074e-01;1.668403e-02;2.743321e-02;3.904947e-01;5.594361e-02;1.725198e-02;1.726897e-02;2.320409e-02;1.746742e-01
3.806517e-02;7.727233e-02;2.748169e-02;1.222667e-01;1.314665e-02;3.904651e-02;4.244581e-01;4.090733e-02;1.631932e-02;1.435905e-02;2.409207e-02;1.625852e-01
3.689037e-02;8.768360e-02;5.235684e-02;1.245242e-01;2.009794e-02;3.003014e-02;4.021311e-01;7.408135e-02;1.722202e-02;1.957323e-02;1.645292e-02;1.189564e-01
4.158036e-02;7.830967e-02;4.736505e-02;1.276993e-01;2.884828e-02;3.582567e-02;3.832734e-01;1.064758e-01;2.258599e-02;3.059616e-02;1.584782e-02;8.159248e-02
6.572340e-02;9.731936e-02;4.694257e-02;1.218950e-01;2.650766e-02;4.993182e-02;3.427808e-01;1.131304e-01;2.859953e-02;3.280920e-02;2.091408e-02;5.344616e-02
7.423887e-02;1.023383e-01;7.525552e-02;8.530776e-02;3.308956e-02;9.115551e-02;2.520524e-01;1.185284e-01;3.286088e-02;2.642271e-02;2.000186e-02;8.874825e-02
7.061918e-02;1.469305e-01;1.024611e-01;5.308408e-02;6.098351e-02;9.628042e-02;1.836971e-01;1.150578e-01;3.808061e-02;2.341975e-02;1.056211e-02;9.882391e-02
6.742364e-02;2.595887e-01;1.598737e-01;3.333728e-02;6.557970e-02;4.974930e-02;1.342956e-01;8.861338e-02;2.372335e-02;2.355995e-02;2.908703e-02;6.516844e-02
5.847620e-02;3.077585e-01;1.881167e-01;2.905342e-02;4.166849e-02;5.498591e-02;1.382834e-01;5.206333e-02;3.935480e-02;1.949857e-02;2.307392e-02;4.766679e-02
5.208964e-02;2.869563e-01;1.978605e-01;3.582243e-02;2.558714e-02;7.847925e-02;1.346262e-01;4.186375e-02;6.114319e-02;1.724320e-02;1.967622e-02;4.865226e-02
2.144467e-02;2.614751e-01;2.396096e-01;4.657691e-02;2.541721e-02;9.394161e-02;1.131360e-01;4.551844e-02;7.543512e-02;2.199267e-02;1.192335e-02;4.352939e-02
2.265238e-02;2.351605e-01;2.779867e-01;4.654415e-02;3.667766e-02;1.009963e-01;8.242942e-02;5.708182e-02;6.960135e-02;3.603069e-02;8.819318e-03;2.601968e-02
2.983689e-02;2.602291e-01;2.945510e-01;3.374714e-02;3.246384e-02;7.828110e-02;6.879670e-02;5.082692e-02;6.051866e-02;5.788261e-02;8.136090e-03;2.472991e-02
3.065093e-02;2.667972e-01;3.261668e-01;2.277194e-02;1.874362e-02;5.338252e-02;5.826654e-02;3.703426e-02;5.343833e-02;8.984088e-02;1.246105e-02;3.044594e-02
1.746320e-02;2.289916e-01;3.531642e-01;3.215066e-02;1.542431e-02;4.562480e-02;4.556615e-02;3.933365e-02;5.585039e-02;1.040978e-01;1.813222e-02;4.420095e-02
4.021336e-02;2.702080e-01;3.156218e-01;3.191074e-02;2.212144e-02;6.689840e-02;3.391778e-02;3.314382e-02;4.592784e-02;6.748424e-02;1.309928e-02;5.945329e-02
6.100330e-02;2.906623e-01;2.753502e-01;3.242097e-02;2.118040e-02;7.723447e-02;3.555317e-02;3.796593e-02;3.398251e-02;3.019953e-02;2.833508e-02;7.611218e-02
6.939220e-02;1.992927e-01;2.944126e-01;2.865117e-02;2.034180e-02;9.450649e-02;5.150124e-02;5.761855e-02;3.354925e-02;1.521772e-02;3.341257e-02;1.021038e-01
7.768598e-02;1.877235e-01;2.781940e-01;2.439394e-02;1.710620e-02;5.974084e-02;6.459697e-02;5.920332e-02;4.268479e-02;3.153470e-02;3.812503e-02;1.190108e-01
7.622889e-02;2.698533e-01;2.588370e-01;3.008558e-02;1.852274e-02;5.301730e-02;4.329466e-02;3.993003e-02;4.007517e-02;2.800424e-02;3.287407e-02;1.092770e-01
8.078953e-02;2.536357e-01;2.171482e-01;4.646673e-02;2.841188e-02;7.152632e-02;4.703349e-02;5.190600e-02;4.369076e-02;1.035319e-02;2.767256e-02;1.213657e-01
7.395481e-02;1.899307e-01;1.643112e-01;6.306215e-02;3.407823e-02;6.537414e-02;5.234998e-02;8.072290e-02;6.455690e-02;3.010630e-02;3.422220e-02;1.473305e-01
8.669467e-02;2.560175e-01;1.919626e-01;3.610927e-02;1.864581e-02;7.692214e-02;3.450876e-02;8.178739e-02;5.456867e-02;1.599168e-02;3.426609e-02;1.125255e-01
8.234641e-02;1.981919e-01;1.866428e-01;2.762474e-02;3.159230e-02;1.044386e-01;7.140885e-02;8.183204e-02;5.439946e-02;3.476831e-02;2.309257e-02;1.036620e-01
8.368897e-02;9.585464e-02;1.719784e-01;4.822038e-02;4.241344e-02;1.376099e-01;1.053851e-01;6.772777e-02;5.759832e-02;4.385616e-02;1.154875e-02;1.341181e-01
5.789934e-02;1.967620e-01;1.671925e-01;4.963320e-02;5.291386e-02;1.154687e-01;9.070680e-02;5.426123e-02;3.825235e-02;4.492459e-02;1.591871e-02;1.160666e-01
6.144000e-02;2.268160e-01;1.975043e-01;6.092140e-02;3.697426e-02;6.900428e-02;9.859190e-02;4.402607e-02;3.091841e-02;4.633834e-02;2.421110e-02;1.032540e-01
7.392123e-02;2.698350e-01;1.931020e-01;5.252765e-02;1.371155e-02;5.518372e-02;1.026852e-01;3.576291e-02;4.141834e-02;4.316964e-02;3.028946e-02;8.839338e-02
7.272751e-02;2.608321e-01;1.589404e-01;4.514836e-02;9.430256e-03;6.538860e-02;1.168989e-01;3.384873e-02;5.635592e-02;5.087171e-02;4.458768e-02;8.496988e-02
6.338396e-02;2.091385e-01;1.505997e-01;3.852340e-02;1.206972e-02;4.766189e-02;1.392900e-01;6.741172e-02;6.359914e-02;6.513147e-02;4.671515e-02;9.647541e-02
7.784367e-02;1.822788e-01;1.449381e-01;3.057295e-02;1.822644e-02;4.288790e-02;1.551871e-01;8.547976e-02;4.650657e-02;7.382245e-02;4.143382e-02;1.008225e-01
7.331470e-02;1.565355e-01;1.450293e-01;2.718084e-02;2.546987e-02;7.156742e-02;1.687292e-01;6.351960e-02;5.887815e-02;6.429630e-02;5.058671e-02;9.489236e-02
7.258978e-02;1.828341e-01;1.704020e-01;3.292253e-02;2.659161e-02;5.041336e-02;1.720480e-01;5.081421e-02;5.246582e-02;4.611909e-02;5.021885e-02;9.258065e-02
6.912702e-02;2.529627e-01;1.990100e-01;3.156839e-02;1.918077e-02;4.652939e-02;1.378097e-01;4.614200e-02;4.354360e-02;4.237290e-02;4.010331e-02;7.165026e-02
3.677329e-02;1.496544e-01;2.001538e-01;4.248784e-02;4.962766e-02;1.156430e-01;1.148011e-01;7.339726e-02;5.308301e-02;3.465245e-02;7.082863e-02;5.889755e-02
3.490750e-02;6.908581e-02;9.174462e-02;5.082309e-02;5.799646e-02;1.685168e-01;1.483869e-01;1.164550e-01;7.867566e-02;5.398618e-02;7.717320e-02;5.224888e-02
4.614862e-02;1.105247e-01;6.517570e-02;4.070368e-02;5.339301e-02;1.244558e-01;1.599959e-01;1.707023e-01;9.243184e-02;3.936889e-02;5.819902e-02;3.890045e-02
5.078305e-02;1.684227e-01;7.408750e-02;3.528775e-02;3.959710e-02;8.083244e-02;1.326602e-01;1.901524e-01;1.345427e-01;4.074632e-02;3.378473e-02;1.910322e-02
2.980722e-02;2.074708e-01;1.167390e-01;3.168714e-02;1.783307e-02;1.002849e-01;7.016131e-02;9.716416e-02;2.094172e-01;7.950599e-02;2.232646e-02;1.760280e-02
1.836193e-02;2.471040e-01;1.675782e-01;1.906944e-02;1.129584e-02;1.128223e-01;2.880474e-02;2.742267e-02;2.592424e-01;8.414017e-02;6.639839e-03;1.751846e-02
1.748933e-02;2.700639e-01;2.134048e-01;1.108317e-02;9.551532e-03;9.451991e-02;3.007329e-02;3.054233e-02;1.958559e-01;9.966521e-02;1.158461e-02;1.616596e-02
2.702112e-02;2.830416e-01;2.316815e-01;1.406679e-02;1.346821e-02;1.025765e-01;2.936151e-02;3.453127e-02;1.298267e-01;1.089344e-01;6.569108e-03;1.892140e-02
3.297929e-02;2.912889e-01;2.538111e-01;2.380662e-02;1.669597e-02;1.217359e-01;1.784306e-02;4.405084e-02;8.884536e-02;8.367658e-02;6.841202e-03;1.842516e-02
3.345788e-02;2.784473e-01;3.152067e-01;2.564086e-02;1.341092e-02;1.137834e-01;4.843131e-02;5.358456e-02;3.599877e-02;5.498193e-02;9.083644e-03;1.797265e-02
2.947220e-02;2.428169e-01;3.590519e-01;1.809620e-02;1.710851e-02;8.947998e-02;6.332235e-02;5.982405e-02;3.492980e-02;4.698274e-02;1.669268e-02;2.222274e-02
2.104129e-02;2.471704e-01;3.320365e-01;1.629277e-02;1.711720e-02;8.060946e-02;5.299593e-02;6.280068e-02;8.421916e-02;5.388320e-02;1.935971e-02;1.247372e-02
3.062003e-02;2.724850e-01;3.171690e-01;1.608728e-02;1.555744e-02;7.466861e-02;4.235603e-02;4.100586e-02;1.082097e-01;5.499885e-02;1.386557e-02;1.297659e-02
3.639052e-02;2.427244e-01;2.808575e-01;3.284514e-02;2.385074e-02;9.553773e-02;3.856828e-02;5.005141e-02;1.089187e-01;4.919534e-02;1.557190e-02;2.548840e-02
4.183387e-02;1.303395e-01;1.976856e-01;7.096661e-02;1.006908e-01;1.110100e-01;3.119321e-02;8.236749e-02;8.919290e-02;3.035629e-02;5.531618e-02;5.904749e-02
4.367703e-02;4.987143e-02;8.786903e-02;8.214812e-02;1.673116e-01;2.128210e-01;5.024428e-02;5.898774e-02;6.125916e-02;1.709827e-02;6.618384e-02;1.025285e-01
4.213174e-02;1.996446e-02;4.766089e-02;7.788549e-02;2.172288e-01;2.328493e-01;4.427892e-02;3.828825e-02;5.274120e-02;1.107341e-02;4.197741e-02;1.739201e-01
2.434443e-02;1.539369e-02;3.204081e-02;6.399432e-02;2.499977e-01;1.925611e-01;2.630137e-02;3.277483e-02;5.667131e-02;1.409598e-02;4.049756e-02;2.513269e-01
6.299625e-03;2.827922e-02;4.109290e-02;9.002525e-02;1.919079e-01;1.224079e-01;1.538106e-02;4.203185e-02;5.131954e-02;2.468372e-02;1.581353e-01;2.284357e-01
1.087149e-02;2.453172e-02;6.390066e-02;1.355518e-01;8.767080e-02;8.226262e-02;1.660875e-02;7.452227e-02;3.193032e-02;5.851817e-02;2.993652e-01;1.142661e-01
2.705305e-02;2.550495e-02;9.772228e-02;1.235365e-01;2.718185e-02;5.724730e-02;2.549785e-02;7.930437e-02;2.221483e-02;1.438434e-01;3.213094e-01;4.958425e-02
4.867178e-02;3.652623e-02;1.380645e-01;6.576220e-02;2.675756e-02;5.555585e-02;4.432952e-02;4.663935e-02;2.973070e-02;2.253451e-01;2.371593e-01;4.545791e-02
5.961897e-02;6.453186e-02;1.891567e-01;4.604140e-02;2.682372e-02;5.567704e-02;6.166170e-02;2.713674e-02;3.121104e-02;2.709811e-01;1.267984e-01;4.036136e-02
5.536835e-02;5.845923e-02;1.949102e-01;5.584871e-02;1.550722e-02;5.021203e-02;6.720544e-02;2.125299e-02;4.018209e-02;2.696736e-01;1.266643e-01;4.471590e-02
5.793792e-02;7.575046e-02;1.957996e-01;5.451697e-02;3.299197e-02;4.396614e-02;7.861050e-02;3.328338e-02;4.917571e-02;2.449605e-01;6.732005e-02;6.568679e-02
4.184394e-02;7.795818e-02;2.171522e-01;4.717967e-02;6.228793e-02;7.824259e-02;6.582378e-02;3.566413e-02;4.480394e-02;1.525425e-01;9.038004e-02;8.612106e-02
2.916116e-02;7.224887e-02;2.109511e-01;9.504706e-02;6.053579e-02;1.127011e-01;5.611870e-02;3.379118e-02;4.423839e-02;3.808443e-02;1.688182e-01;7.830402e-02
1.636081e-02;4.812299e-02;1.302550e-01;1.354917e-01;6.954758e-02;1.522084e-01;4.476813e-02;6.262161e-02;3.218532e-02;4.827340e-02;2.205786e-01;3.958646e-02
1.010281e-02;4.472030e-02;8.225261e-02;1.854215e-01;1.028216e-01;1.221074e-01;2.289427e-02;9.582781e-02;1.842191e-02;6.129063e-02;2.253489e-01;2.879021e-02
1.003658e-02;7.049839e-02;8.774235e-02;1.884826e-01;1.183332e-01;8.441978e-02;2.923739e-02;9.067583e-02;1.010088e-02;5.075567e-02;2.261905e-01;3.352687e-02
9.539744e-03;7.052864e-02;1.019326e-01;1.854091e-01;1.422821e-01;8.220850e-02;2.364523e-02;6.789210e-02;1.168519e-02;4.724840e-02;2.137598e-01;4.386858e-02
6.195868e-03;5.675139e-02;1.225173e-01;1.989986e-01;1.470516e-01;1.108708e-01;1.858312e-02;5.753840e-02;1.017610e-02;5.155428e-02;1.617635e-01;5.799915e-02
8.508812e-03;5.032060e-02;1.114864e-01;1.963481e-01;1.269715e-01;1.400156e-01;1.934364e-02;5.454597e-02;1.075995e-02;6.617164e-02;1.545739e-01;6.095392e-02
1.544014e-02;5.783920e-02;1.289632e-01;1.479864e-01;8.143957e-02;1.817728e-01;2.491739e-02;4.707753e-02;2.586580e-02;7.720151e-02;1.475457e-01;6.395075e-02
1.817579e-02;1.019482e-01;1.631097e-01;1.035636e-01;6.597102e-02;1.962260e-01;2.640959e-02;4.092615e-02;3.891749e-02;5.772929e-02;1.024497e-01;8.457346e-02
2.679485e-02;1.594927e-01;1.756932e-01;8.640950e-02;6.566617e-02;1.526049e-01;1.510872e-02;3.547033e-02;3.087948e-02;5.456857e-02;1.085087e-01;8.880293e-02
3.912095e-02;2.073826e-01;2.471461e-01;6.507137e-02;4.682917e-02;8.114386e-02;1.685390e-02;2.792933e-02;1.663813e-02;7.569182e-02;1.023797e-01;7.381304e-02
4.209826e-02;1.747152e-01;2.611025e-01;7.699998e-02;6.847354e-02;5.739259e-02;2.390095e-02;2.371676e-02;1.250351e-02;8.373237e-02;1.100255e-01;6.533884e-02
2.755950e-02;8.781808e-02;1.524803e-01;1.399304e-01;1.473455e-01;1.287059e-01;3.361611e-02;3.669918e-02;2.348000e-02;6.070824e-02;1.137208e-01;4.793587e-02
1.008295e-02;5.040302e-02;4.263835e-02;1.344908e-01;1.972832e-01;1.726897e-01;3.882942e-02;3.227214e-02;3.099247e-02;3.170212e-02;1.241607e-01;1.344551e-01
1.518523e-02;4.966229e-02;6.193702e-02;9.557408e-02;2.302386e-01;1.630500e-01;4.249376e-02;2.545763e-02;2.729503e-02;1.656197e-02;4.356226e-02;2.289821e-01
1.792405e-02;5.134372e-02;1.035152e-01;6.912767e-02;2.068841e-01;1.136654e-01;3.659843e-02;1.520052e-02;1.320582e-02;2.281012e-02;1.017996e-01;2.479254e-01
2.112798e-02;6.460951e-02;9.450605e-02;8.945459e-02;1.789581e-01;9.388214e-02;2.200732e-02;1.899642e-02;6.884676e-03;3.080551e-02;1.257718e-01;2.529959e-01
2.148903e-02;8.372106e-02;5.649159e-02;1.172541e-01;1.278499e-01;1.055055e-01;1.701362e-02;3.538944e-02;1.233695e-02;3.939432e-02;1.724934e-01;2.110612e-01
1.526835e-02;9.618092e-02;6.894436e-02;1.367371e-01;8.658770e-02;9.744111e-02;1.073365e-02;5.955927e-02;1.252503e-02;3.209659e-02;2.570773e-01;1.268486e-01
1.715573e-02;1.072349e-01;7.957330e-02;1.531450e-01;6.947055e-02;9.249052e-02;1.271219e-02;7.691645e-02;7.900172e-03;3.016158e-02;2.771455e-01;7.609411e-02
1.778632e-02;1.301358e-01;7.180984e-02;1.519067e-01;6.150817e-02;6.754564e-02;1.545801e-02;8.259594e-02;1.020272e-02;3.440268e-02;2.686333e-01;8.801492e-02
1.723735e-02;1.601979e-01;6.610467e-02;1.612057e-01;7.786299e-02;4.599489e-02;1.659957e-02;8.001412e-02;1.151614e-02;4.359609e-02;2.466236e-01;7.304706e-02
1.796676e-02;1.678561e-01;6.527106e-02;1.384843e-01;1.169905e-01;2.811789e-02;1.657424e-02;7.083888e-02;1.477023e-02;5.095000e-02;2.325388e-01;7.964131e-02
2.346586e-02;1.294640e-01;7.639729e-02;1.126868e-01;1.514756e-01;6.762933e-02;1.494845e-02;5.195260e-02;1.768384e-02;4.748523e-02;2.081636e-01;9.864731e-02
2.763731e-02;9.779324e-02;8.432744e-02;1.156920e-01;1.544343e-01;1.124750e-01;1.310577e-02;4.952860e-02;1.319027e-02;4.918198e-02;1.612930e-01;1.213412e-01
2.015088e-02;8.380816e-02;8.858977e-02;1.126272e-01;1.451326e-01;1.313000e-01;1.367646e-02;4.626739e-02;1.802228e-02;4.005444e-02;1.621924e-01;1.381784e-01
1.255738e-02;7.494932e-02;1.075293e-01;1.177983e-01;1.212083e-01;1.251293e-01;1.621888e-02;6.283469e-02;1.322673e-02;3.569070e-02;1.878994e-01;1.249576e-01
1.139986e-02;8.111811e-02;1.530833e-01;1.180047e-01;7.170298e-02;9.283934e-02;1.920351e-02;1.055289e-01;2.418169e-02;4.572535e-02;1.825459e-01;9.466647e-02
7.180972e-03;9.029105e-02;1.616302e-01;1.157592e-01;8.304976e-02;1.269873e-01;1.866092e-02;1.244537e-01;2.713283e-02;3.684887e-02;1.303680e-01;7.763720e-02
6.361537e-03;8.589801e-02;1.698929e-01;1.263146e-01;1.236040e-01;1.150492e-01;1.115687e-02;9.119775e-02;1.595536e-02;2.502151e-02;1.452590e-01;8.428930e-02
6.433055e-03;8.084022e-02;1.881373e-01;1.046070e-01;1.236701e-01;1.255331e-01;6.600109e-03;7.187445e-02;1.020381e-02;2.369173e-02;1.572180e-01;1.011912e-01
9.531354e-03;9.497085e-02;2.372726e-01;7.414010e-02;1.072156e-01;1.461310e-01;6.376313e-03;6.525800e-02;1.006904e-02;2.639583e-02;1.229605e-01;9.967875e-02
1.228399e-02;1.289486e-01;3.023902e-01;7.672969e-02;1.074489e-01;1.129363e-01;1.637286e-02;4.528074e-02;7.639078e-03;2.127258e-02;4.994617e-02;1.187510e-01
1.592929e-02;9.499443e-02;3.092202e-01;1.153292e-01;9.096652e-02;4.947604e-02;2.456955e-02;3.208863e-02;7.163612e-03;3.534527e-02;1.383803e-01;8.653698e-02
2.394383e-02;1.232792e-01;3.351542e-01;1.150966e-01;7.270333e-02;4.663248e-02;3.118905e-02;2.885562e-02;1.536477e-02;5.978350e-02;8.872514e-02;5.927225e-02
2.314649e-02;1.444278e-01;3.798446e-01;7.924075e-02;6.024527e-02;4.083887e-02;3.990940e-02;2.901367e-02;2.785058e-02;8.066508e-02;4.012700e-02;5.469045e-02
1.704037e-02;1.515945e-01;3.617611e-01;7.576333e-02;5.989008e-02;5.375913e-02;5.228826e-02;3.868560e-02;4.560931e-02;9.839372e-02;1.454965e-02;3.066500e-02
1.555546e-02;1.576489e-01;3.684370e-01;8.136872e-02;6.205405e-02;1.797940e-02;6.376256e-02;4.301976e-02;3.966433e-02;1.028669e-01;3.477380e-02;1.286917e-02
1.555913e-02;1.592849e-01;3.773721e-01;6.239904e-02;6.705609e-02;3.139289e-02;6.065773e-02;3.249580e-02;2.423733e-02;1.025135e-01;4.107830e-02;2.595322e-02
1.294843e-02;1.774121e-01;3.907146e-01;5.305268e-02;7.233661e-02;2.729621e-02;3.970693e-02;1.750576e-02;1.476712e-02;1.008252e-01;5.084571e-02;4.258860e-02
9.447996e-03;1.969676e-01;4.266008e-01;3.358522e-02;7.217977e-02;2.390276e-02;2.267285e-02;1.375828e-02;8.165923e-03;1.144552e-01;2.750638e-02;5.075719e-02
1.143383e-02;1.935770e-01;3.906220e-01;4.137541e-02;5.467409e-02;5.783138e-02;1.697936e-02;3.751093e-02;1.188693e-02;1.039541e-01;3.584475e-02;4.431029e-02
1.653166e-02;2.492074e-01;3.862186e-01;3.084074e-02;3.839242e-02;6.923380e-02;1.986284e-02;5.182317e-02;2.000944e-02;6.975769e-02;1.914189e-02;2.898038e-02
1.780604e-02;2.847309e-01;3.825773e-01;3.735376e-02;3.020227e-02;8.609479e-02;1.557442e-02;3.580545e-02;2.684453e-02;2.797515e-02;4.355287e-02;1.148243e-02
1.996638e-02;2.919551e-01;3.571884e-01;3.810040e-02;3.778987e-02;8.778487e-02;9.952913e-03;2.897696e-02;3.093922e-02;4.314854e-02;4.028656e-02;1.391085e-02
2.178488e-02;2.935575e-01;3.336870e-01;5.416768e-02;4.633928e-02;8.697690e-02;9.609029e-03;4.669792e-02;2.517312e-02;3.629442e-02;3.075682e-02;1.495547e-02
2.130168e-02;2.973545e-01;3.842970e-01;4.266699e-02;3.768222e-02;8.046942e-02;1.082944e-02;4.974643e-02;2.560865e-02;1.145112e-02;2.664033e-02;1.195230e-02
2.333337e-02;3.209052e-01;4.074690e-01;2.840854e-02;2.254708e-02;5.576976e-02;8.209411e-03;4.977385e-02;2.612384e-02;2.242297e-02;2.029046e-02;1.474649e-02
2.696713e-02;3.226915e-01;4.188540e-01;2.137199e-02;8.631054e-03;4.981072e-02;1.384820e-02;5.431044e-02;2.625675e-02;2.749414e-02;1.017597e-02;1.958821e-02
3.717211e-02;2.808807e-01;3.760679e-01;3.358717e-02;2.305298e-02;3.937026e-02;3.442594e-02;7.613380e-02;4.375508e-02;1.361665e-02;1.677930e-02;2.515806e-02
6.631210e-02;2.530107e-01;2.614450e-01;4.267395e-02;3.689582e-02;4.656952e-02;5.028605e-02;1.141071e-01;6.138426e-02;1.232091e-02;2.651692e-02;2.847770e-02
1.259152e-01;2.166542e-01;1.216786e-01;3.478453e-02;5.821041e-02;3.946494e-02;7.361459e-02;1.911289e-01;7.155782e-02;5.753290e-03;2.872723e-02;3.251027e-02
1.933752e-01;1.791205e-01;6.444620e-02;2.032563e-02;6.246375e-02;2.042622e-02;5.622061e-02;2.555937e-01;5.663428e-02;4.314847e-03;5.746853e-02;2.961056e-02
2.212276e-01;1.426132e-01;8.091199e-02;2.140595e-02;6.105873e-02;2.376612e-02;4.661294e-02;2.415157e-01;3.542681e-02;5.095909e-03;8.736247e-02;3.300259e-02
1.927866e-01;1.743038e-01;1.145084e-01;3.158958e-02;6.856970e-02;4.452002e-02;2.427650e-02;1.622761e-01;4.026686e-02;7.611318e-03;9.824594e-02;4.104524e-02
1.371190e-01;2.287268e-01;2.091226e-01;2.443618e-02;5.406117e-02;7.195697e-02;1.905509e-02;9.590968e-02;3.629171e-02;2.487252e-02;6.690528e-02;3.154299e-02
8.786764e-02;2.367669e-01;2.910266e-01;2.737037e-02;4.168714e-02;7.855053e-02;3.807384e-02;6.544204e-02;2.240050e-02;2.974011e-02;5.487418e-02;2.620019e-02
7.335055e-02;2.115013e-01;2.903964e-01;5.150256e-02;4.805585e-02;7.531368e-02;3.818917e-02;5.389300e-02;3.314016e-02;4.381793e-02;5.820197e-02;2.263747e-02
7.248324e-02;2.542360e-01;2.081412e-01;7.313607e-02;5.828551e-02;9.381080e-02;3.465666e-02;5.472208e-02;4.534608e-02;4.343595e-02;4.388101e-02;1.786533e-02
6.128734e-02;1.974392e-01;1.326778e-01;1.009014e-01;1.111584e-01;1.250157e-01;3.689051e-02;8.211665e-02;3.843385e-02;4.696731e-02;3.106917e-02;3.604281e-02
4.727439e-02;1.724506e-01;2.000329e-01;9.431336e-02;1.210894e-01;9.952202e-02;3.067784e-02;7.214461e-02;4.150890e-02;4.451203e-02;3.993515e-02;3.653868e-02
4.756975e-02;3.026261e-01;2.653275e-01;5.154271e-02;7.267167e-02;6.279320e-02;2.073850e-02;6.444491e-02;3.279338e-02;2.466694e-02;3.296233e-02;2.186302e-02
3.658782e-02;3.131778e-01;3.633790e-01;3.557497e-02;3.539385e-02;4.548414e-02;2.506192e-02;5.482626e-02;2.219705e-02;1.957094e-02;3.235629e-02;1.639006e-02
2.220601e-02;2.596481e-01;4.465910e-01;2.975651e-02;1.967875e-02;5.054210e-02;3.548030e-02;4.360931e-02;1.321867e-02;2.931338e-02;3.045466e-02;1.950127e-02
2.813413e-02;2.525455e-01;4.817925e-01;2.100662e-02;1.464592e-02;3.521706e-02;3.798826e-02;3.522806e-02;1.703802e-02;4.618216e-02;1.069303e-02;1.952871e-02
2.925208e-02;2.565503e-01;4.802811e-01;2.115682e-02;1.018999e-02;3.981119e-02;2.439026e-02;3.407215e-02;1.935359e-02;4.941200e-02;1.905813e-02;1.647243e-02
2.690923e-02;2.625834e-01;4.873716e-01;1.907400e-02;1.560381e-02;6.459776e-02;1.637898e-02;2.313585e-02;1.727993e-02;4.486101e-02;7.197442e-03;1.500702e-02
3.537407e-02;2.832734e-01;4.811946e-01;1.898345e-02;2.393388e-02;2.436010e-02;1.515639e-02;2.955642e-02;1.780809e-02;3.785588e-02;1.876009e-02;1.374358e-02
4.278408e-02;3.263782e-01;4.312713e-01;3.085862e-02;2.936718e-02;9.232108e-03;9.013647e-03;3.990135e-02;2.035670e-02;2.834101e-02;1.580451e-02;1.669125e-02
4.302159e-02;3.141507e-01;4.022472e-01;3.712386e-02;3.354715e-02;2.988748e-02;1.050238e-02;5.579996e-02;2.028193e-02;1.754183e-02;1.661033e-02;1.928560e-02
2.651879e-02;2.690479e-01;4.318200e-01;2.933449e-02;2.576201e-02;4.644994e-02;1.247899e-02;6.667069e-02;2.824876e-02;2.613165e-02;1.807782e-02;1.945898e-02
3.723077e-02;2.713765e-01;4.585214e-01;2.516424e-02;1.423693e-02;4.688809e-02;1.504807e-02;5.153575e-02;2.295315e-02;2.678942e-02;1.017096e-02;2.008474e-02
4.146793e-02;2.857710e-01;5.002978e-01;2.376942e-02;1.820929e-02;2.404379e-02;1.583106e-02;3.179127e-02;1.538930e-02;1.731400e-02;7.611271e-03;1.850384e-02
3.040982e-02;2.769204e-01;5.072256e-01;2.306821e-02;2.491188e-02;3.791469e-02;1.377288e-02;1.901630e-02;1.368074e-02;1.215300e-02;1.747500e-02;2.345147e-02
3.974740e-02;3.049875e-01;4.352831e-01;2.669412e-02;2.852221e-02;4.633145e-02;1.342406e-02;3.610468e-02;1.309872e-02;1.001582e-02;2.066943e-02;2.512157e-02
5.528721e-02;2.710392e-01;3.718208e-01;3.575841e-02;3.168320e-02;8.699580e-02;1.865388e-02;5.809762e-02;1.662001e-02;9.820380e-03;2.062162e-02;2.360188e-02
6.635099e-02;1.420633e-01;3.679782e-01;4.525354e-02;2.516264e-02;1.297716e-01;3.033866e-02;8.415265e-02;2.404110e-02;1.849351e-02;3.071470e-02;3.567912e-02
4.541237e-02;1.978111e-01;3.616846e-01;4.889203e-02;4.702143e-02;1.054808e-01;1.659064e-02;6.788806e-02;2.229369e-02;2.140696e-02;3.231753e-02;3.320081e-02
2.919004e-02;1.847001e-01;3.519420e-01;6.567278e-02;5.838213e-02;8.957190e-02;2.230942e-02;7.299823e-02;2.479234e-02;3.615257e-02;3.164981e-02;3.263871e-02
4.024451e-02;1.810509e-01;2.991882e-01;7.094542e-02;5.109298e-02;8.036679e-02;5.048764e-02;8.169013e-02;3.228587e-02;5.813055e-02;2.252019e-02;3.199670e-02
4.121772e-02;1.409640e-01;2.927191e-01;7.320923e-02;4.913310e-02;8.798664e-02;6.587742e-02;7.180800e-02;2.876559e-02;8.661770e-02;2.994261e-02;3.175895e-02
4.527947e-02;1.234241e-01;3.308502e-01;6.926420e-02;5.010976e-02;9.919613e-02;6.167197e-02;4.919640e-02;3.391917e-02;8.054993e-02;2.417306e-02;3.236567e-02
6.182500e-02;2.337600e-01;3.538659e-01;4.096097e-02;2.975857e-02;8.470268e-02;3.883931e-02;3.712524e-02;3.344015e-02;3.148716e-02;2.426799e-02;2.996708e-02
5.508218e-02;2.146852e-01;3.627214e-01;4.437960e-02;2.396809e-02;9.062705e-02;3.864752e-02;5.318420e-02;4.790299e-02;3.158503e-02;1.307260e-02;2.414422e-02
2.318204e-02;1.310263e-01;2.436989e-01;4.997277e-02;3.517958e-02;2.326719e-01;4.166394e-02;8.011168e-02;5.833833e-02;4.069550e-02;2.525648e-02;3.820251e-02
2.262999e-02;1.063067e-01;1.106289e-01;3.942768e-02;5.319792e-02;3.496034e-01;3.424576e-02;1.024735e-01;6.620963e-02;3.110701e-02;3.119348e-02;5.297608e-02
4.029248e-02;7.280570e-02;9.835140e-02;2.600792e-02;6.184364e-02;4.281157e-01;2.490367e-02;7.127988e-02;7.721637e-02;2.357561e-02;1.585810e-02;5.974951e-02
5.973130e-02;5.225661e-02;1.058972e-01;1.929791e-02;4.803947e-02;5.015059e-01;2.424078e-02;7.146512e-02;5.090458e-02;2.355658e-02;6.270626e-03;3.683393e-02
8.429756e-02;4.937271e-02;7.755823e-02;1.259953e-02;2.684493e-02;6.020802e-01;9.967475e-03;5.941533e-02;2.255998e-02;3.613659e-02;8.164522e-03;1.100293e-02
8.908395e-02;6.561036e-02;7.186990e-02;1.040702e-02;2.447601e-02;5.591964e-01;1.561137e-02;7.846086e-02;9.830348e-03;4.916059e-02;6.515342e-03;1.977792e-02
8.709357e-02;6.518775e-02;1.056179e-01;1.681125e-02;1.501322e-02;5.130416e-01;2.965957e-02;8.618471e-02;1.155433e-02;4.966665e-02;7.128934e-03;1.304061e-02
7.389569e-02;7.676014e-02;1.108655e-01;1.898921e-02;1.143874e-02;4.448636e-01;8.287161e-02;1.203499e-01;1.521005e-02;3.406835e-02;6.762929e-03;3.924288e-03
3.294957e-02;8.695055e-02;7.669863e-02;1.612681e-02;1.237828e-02;3.564585e-01;1.515335e-01;1.820446e-01;4.913358e-02;1.294405e-02;1.058677e-02;1.219522e-02
8.569626e-03;7.170875e-02;5.834923e-02;1.154275e-02;1.414448e-02;3.268803e-01;1.820833e-01;2.163843e-01;7.700787e-02;6.768141e-03;1.924147e-02;7.319828e-03
1.062500e-02;7.170232e-02;6.179794e-02;1.002724e-02;1.667279e-02;2.816728e-01;1.636780e-01;2.640319e-01;7.397998e-02;1.290587e-02;2.245675e-02;1.044952e-02
2.263523e-02;6.401058e-02;6.968739e-02;1.191249e-02;1.470087e-02;2.433762e-01;1.044729e-01;3.691173e-01;5.636544e-02;1.847743e-02;1.489806e-02;1.034607e-02
2.778154e-02;7.051399e-02;7.691136e-02;9.388994e-03;1.110428e-02;1.535849e-01;6.506266e-02;4.794649e-01;6.833754e-02;2.439991e-02;5.448088e-03;8.001911e-03
2.159371e-02;6.311265e-02;9.388421e-02;1.040797e-02;7.396680e-03;8.383520e-02;3.361503e-02;5.314459e-01;1.080717e-01;2.573930e-02;5.711739e-03;1.518592e-02
1.640166e-02;5.764202e-02;1.010665e-01;1.140500e-02;1.469375e-02;1.208324e-01;3.233330e-02;4.701278e-01;1.359364e-01;1.978678e-02;5.420301e-03;1.435417e-02
1.058907e-02;5.858357e-02;1.056962e-01;1.099644e-02;2.363941e-02;2.009668e-01;1.767514e-02;4.288066e-01;1.181263e-01;1.323785e-02;2.939508e-03;8.743124e-03
8.463639e-03;6.219061e-02;1.007838e-01;9.413875e-03;1.846409e-02;3.064637e-01;3.949970e-02;3.734138e-01;6.339578e-02;1.120873e-02;3.960539e-03;2.741815e-03
1.499345e-02;6.835832e-02;1.209113e-01;8.910609e-03;1.248734e-02;3.320464e-01;3.713204e-02;3.276469e-01;5.359020e-02;1.256549e-02;4.865144e-03;6.492777e-03
1.845018e-02;6.205407e-02;1.190099e-01;1.768533e-02;2.124593e-02;3.284840e-01;1.985653e-02;3.074139e-01;7.508203e-02;1.124782e-02;1.100193e-02;8.468356e-03
2.314623e-02;4.221093e-02;4.158236e-02;2.428144e-02;2.830703e-02;4.027337e-01;4.041149e-02;2.665820e-01;9.592704e-02;1.144769e-02;1.141474e-02;1.195542e-02
2.152653e-02;4.547058e-02;7.279280e-02;3.230207e-02;2.119109e-02;3.355908e-01;4.577421e-02;2.795579e-01;1.083228e-01;1.724975e-02;6.504848e-03;1.371660e-02
2.517628e-02;3.727353e-02;1.003487e-01;4.855166e-02;3.815633e-02;1.889147e-01;2.789598e-02;3.818570e-01;1.028351e-01;1.686351e-02;1.320235e-02;1.892484e-02
3.428524e-02;4.681600e-02;1.071683e-01;5.802520e-02;5.905366e-02;1.547999e-01;4.560833e-02;3.616998e-01;8.707635e-02;8.683930e-03;9.075733e-03;2.770746e-02
4.312855e-02;5.273409e-02;8.270058e-02;4.013097e-02;5.506089e-02;3.586996e-01;4.720503e-02;2.244750e-01;5.577521e-02;4.388687e-03;7.777572e-03;2.792383e-02
4.606280e-02;3.247112e-02;4.724908e-02;2.548449e-02;4.380654e-02;5.516249e-01;3.831033e-02;1.208576e-01;5.251116e-02;9.647147e-03;8.343773e-03;2.363104e-02
3.048974e-02;2.261837e-02;5.579888e-02;2.239959e-02;5.077663e-02;4.948297e-01;2.885942e-02;1.976121e-01;5.567536e-02;1.371759e-02;6.790770e-03;2.043186e-02
1.497762e-02;2.556900e-02;7.317220e-02;4.137728e-02;1.136508e-01;3.134393e-01;2.735551e-02;2.372430e-01;7.950368e-02;1.744417e-02;2.357647e-02;3.269091e-02
1.401577e-02;4.477691e-02;1.373548e-01;8.849298e-02;1.243144e-01;2.183984e-01;1.661764e-02;1.972635e-01;6.247226e-02;2.318959e-02;4.532677e-02;2.777703e-02
2.662480e-02;9.178323e-02;1.820696e-01;8.320919e-02;7.368780e-02;2.905285e-01;2.390401e-02;9.974711e-02;5.001054e-02;3.511784e-02;3.720593e-02;6.111476e-03
3.760329e-02;1.813198e-01;1.489911e-01;6.912543e-02;3.274715e-02;2.550805e-01;4.575818e-02;5.776689e-02;7.960998e-02;5.103249e-02;2.130218e-02;1.966299e-02
3.679673e-02;2.193801e-01;1.875159e-01;4.895161e-02;2.401123e-02;1.592066e-01;4.226713e-02;1.452211e-01;7.693118e-02;4.073250e-02;6.984531e-03;1.200148e-02
3.771295e-02;1.948927e-01;1.820721e-01;4.288752e-02;2.763016e-02;1.797850e-01;2.468616e-02;1.944891e-01;7.035205e-02;2.703629e-02;5.938458e-03;1.251760e-02
2.871348e-02;1.393026e-01;2.189109e-01;4.469569e-02;3.822935e-02;2.577627e-01;1.523231e-02;1.545737e-01;5.647057e-02;2.929754e-02;1.007630e-02;6.734919e-03
2.901275e-02;1.236794e-01;2.046694e-01;6.324550e-02;8.332814e-02;2.586028e-01;2.098686e-02;1.062304e-01;4.025005e-02;2.405893e-02;1.910989e-02;2.682588e-02
2.798462e-02;8.984188e-02;1.026190e-01;5.444046e-02;1.632557e-01;3.310201e-01;4.265824e-02;6.400305e-02;2.937212e-02;1.583523e-02;1.742737e-02;6.154227e-02
1.849780e-02;5.643089e-02;9.224892e-02;2.877238e-02;2.142627e-01;3.800471e-01;3.954483e-02;3.597983e-02;3.227616e-02;1.133349e-02;1.106621e-02;7.953964e-02
