5.320860e-02;7.866812e-02;1.329864e-01;3.150664e-02;8.203295e-02;8.848645e-02;1.739369e-01;5.074025e-02;1.025573e-01;8.334990e-02;8.200037e-02;4.052610e-02
7.403664e-02;5.563251e-02;1.160060e-01;2.790678e-02;8.541089e-02;7.970376e-02;1.288925e-01;4.548651e-02;1.471770e-01;7.185418e-02;7.983190e-02;8.806138e-02
7.637332e-02;4.603436e-02;1.056302e-01;2.579708e-02;8.237702e-02;8.286088e-02;1.152148e-01;5.617510e-02;1.379292e-01;8.463246e-02;8.882433e-02;9.815119e-02
7.511146e-02;9.846262e-02;7.879438e-02;5.999987e-02;4.839816e-02;8.488161e-02;7.931506e-02;8.483726e-02;1.391421e-01;1.056080e-01;6.021651e-02;8.523300e-02
8.996178e-02;6.557108e-02;4.890693e-02;4.888817e-02;3.260309e-02;9.609535e-02;7.326591e-02;9.373856e-02;1.127896e-01;1.529390e-01;1.006358e-01;8.460470e-02
1.166784e-01;4.106651e-02;4.646969e-02;3.083880e-02;3.821693e-02;9.701104e-02;6.673646e-02;1.101438e-01;1.062309e-01;1.481911e-01;1.129110e-01;8.550532e-02
1.234067e-01;5.480256e-02;5.732984e-02;3.022363e-02;5.087882e-02;9.324084e-02;5.075107e-02;1.035340e-01;1.444779e-01;9.378299e-02;1.120757e-01;8.549594e-02
8.248664e-02;9.549619e-02;7.863292e-02;4.648377e-02;4.359236e-02;9.755518e-02;3.057730e-02;6.269050e-02;2.203390e-01;5.402690e-02;7.489575e-02;1.132234e-01
6.112741e-02;8.780494e-02;9.767229e-02;3.551180e-02;3.207405e-02;1.042048e-01;3.638547e-02;2.519365e-02;2.229019e-01;9.409737e-02;4.089753e-02;1.621289e-01
7.727066e-02;7.185577e-02;8.989862e-02;3.518310e-02;4.183840e-02;8.552732e-02;4.019825e-02;2.747401e-02;1.474462e-01;8.328642e-02;8.990246e-02;2.101188e-01
9.091035e-02;6.397051e-02;8.826625e-02;4.456222e-02;5.108359e-02;5.683563e-02;4.238643e-02;3.558270e-02;9.815217e-02;7.986917e-02;1.335356e-01;2.148454e-01
1.456987e-01;9.843697e-02;1.293978e-01;4.480590e-02;4.728420e-02;3.586825e-02;4.344704e-02;2.312034e-02;7.995497e-02;6.853294e-02;1.095964e-01;1.738565e-01
1.690679e-01;1.289550e-01;1.501605e-01;3.580846e-02;2.384185e-02;3.218676e-02;3.101974e-02;3.411428e-02;1.010443e-01;8.899822e-02;5.078825e-02;1.540148e-01
1.316152e-01;1.465476e-01;1.274708e-01;2.333987e-02;2.577821e-02;2.854420e-02;2.818234e-02;4.640556e-02;1.390489e-01;1.110709e-01;4.805743e-02;1.439389e-01
1.512937e-01;1.348661e-01;1.092462e-01;2.672535e-02;1.974534e-02;4.887914e-02;3.776986e-02;4.817096e-02;1.500106e-01;9.096241e-02;7.395979e-02;1.083706e-01
1.536119e-01;1.150637e-01;1.181347e-01;3.352400e-02;3.050443e-02;4.901998e-02;3.991973e-02;6.062087e-02;1.303513e-01;1.127792e-01;6.053498e-02;9.593520e-02
1.226092e-01;1.151344e-01;1.325924e-01;4.730111e-02;4.942203e-02;2.831282e-02;5.305451e-02;7.858236e-02;1.310871e-01;8.770113e-02;4.454803e-02;1.096548e-01
1.016895e-01;1.088725e-01;8.136640e-02;8.785648e-02;8.517460e-02;6.079178e-02;8.818717e-02;6.635093e-02;1.044864e-01;8.104760e-02;5.442343e-02;7.975326e-02
8.150110e-02;7.106835e-02;1.145222e-01;1.429754e-01;9.585539e-02;7.652751e-02;7.055595e-02;5.773487e-02;6.458534e-02;4.891805e-02;1.233691e-01;5.238673e-02
5.712151e-02;3.284409e-02;1.116868e-01;1.848584e-01;7.956482e-02;8.661031e-02;4.025091e-02;8.882102e-02;2.943043e-02;2.037248e-02;2.313296e-01;3.710960e-02
2.799008e-02;2.039295e-02;8.887420e-02;1.966410e-01;5.335718e-02;9.733388e-02;2.555420e-02;8.248883e-02;1.817519e-02;2.444208e-02;3.328094e-01;3.194092e-02
1.980171e-02;1.008813e-02;8.256789e-02;1.678184e-01;2.961777e-02;1.010758e-01;3.993244e-02;3.967270e-02;1.934065e-02;6.970715e-02;4.048125e-01;1.556484e-02
4.835392e-02;8.179804e-03;1.329561e-01;7.807085e-02;2.132027e-02;4.997447e-02;9.654598e-02;3.830116e-02;2.941717e-02;1.896539e-01;2.939398e-01;1.328657e-02
5.595191e-02;2.671271e-02;1.890387e-01;2.936927e-02;3.187594e-02;2.106478e-02;1.213477e-01;1.942595e-02;7.115228e-02;2.781396e-01;1.466707e-01;9.250458e-03
6.420934e-02;7.133724e-02;1.868679e-01;2.361375e-02;4.166372e-02;3.782146e-02;8.558311e-02;2.147308e-02;1.632946e-01;2.304235e-01;5.061466e-02;2.309768e-02
1.002222e-01;9.902166e-02;1.335516e-01;2.437125e-02;5.162052e-02;6.677024e-02;4.116053e-02;7.448972e-02;2.499110e-01;9.771068e-02;1.807293e-02;4.309771e-02
1.368468e-01;6.932853e-02;9.896677e-02;2.688884e-02;6.980424e-02;5.552771e-02;4.835849e-02;1.319032e-01;2.149699e-01;5.785552e-02;4.074263e-02;4.880731e-02
1.325257e-01;5.251383e-02;1.369908e-01;4.105958e-02;7.440879e-02;2.999080e-02;9.777981e-02;1.342596e-01;1.249331e-01;5.441454e-02;5.582496e-02;6.529846e-02
1.109982e-01;9.961916e-02;1.513840e-01;3.485891e-02;3.865181e-02;5.349101e-02;9.971143e-02;1.001358e-01;8.469558e-02;8.688882e-02;6.091419e-02;7.865118e-02
8.441835e-02;1.251858e-01;9.708408e-02;2.413381e-02;2.435937e-02;2.581707e-02;4.978607e-02;1.273859e-01;1.103517e-01;1.682616e-01;1.279529e-01;3.526338e-02
4.515201e-02;1.165634e-01;1.043729e-01;4.801470e-02;2.890262e-02;5.669705e-02;5.890479e-02;9.772585e-02;8.194435e-02;1.812735e-01;1.427901e-01;3.765876e-02
1.430279e-01;9.150726e-02;1.095725e-01;4.107717e-02;4.115486e-02;5.673439e-02;1.210043e-01;1.151223e-01;3.800377e-02;9.281349e-02;8.725759e-02;6.272433e-02
2.073333e-01;1.034169e-01;7.933791e-02;2.042050e-02;7.431222e-02;2.124260e-02;8.641896e-02;2.006317e-01;7.180801e-02;4.553947e-02;4.936516e-02;4.017341e-02
2.335270e-01;1.110482e-01;7.301284e-02;8.798723e-03;1.007215e-01;1.239867e-02;3.839963e-02;2.343569e-01;1.069805e-01;2.054266e-02;3.869259e-02;2.152088e-02
2.158034e-01;7.791055e-02;5.415092e-02;2.134699e-02;1.033578e-01;8.771037e-03;4.319023e-02;3.084770e-01;9.785010e-02;1.782219e-02;3.314831e-02;1.817148e-02
1.627434e-01;3.998301e-02;4.031395e-02;6.255645e-02;7.838970e-02;2.221159e-02;1.242259e-01;3.234440e-01;5.760053e-02;3.622387e-02;2.626290e-02;2.604469e-02
1.037501e-01;1.693195e-02;7.849837e-02;1.097379e-01;4.224912e-02;5.706270e-02;2.122863e-01;2.065141e-01;4.486656e-02;7.002001e-02;2.630841e-02;3.177453e-02
7.594870e-02;5.036882e-02;1.152335e-01;9.917800e-02;4.497033e-02;7.684758e-02;2.037455e-01;1.466955e-01;5.261867e-02;8.356362e-02;3.120135e-02;1.962846e-02
7.564418e-02;7.098419e-02;9.540574e-02;7.268618e-02;6.209548e-02;6.918508e-02;1.143463e-01;2.440885e-01;6.546310e-02;8.408095e-02;3.117309e-02;1.484728e-02
1.181555e-01;7.772270e-02;7.683036e-02;9.770523e-02;6.805894e-02;4.715558e-02;1.247409e-01;1.825891e-01;7.026546e-02;6.548728e-02;3.235291e-02;3.893606e-02
1.615926e-01;6.829096e-02;7.957484e-02;1.076147e-01;3.726583e-02;5.317655e-02;1.210089e-01;1.504894e-01;6.645644e-02;5.765193e-02;3.173094e-02;6.514692e-02
1.647940e-01;7.155823e-02;7.751988e-02;9.568144e-02;5.715892e-02;5.730641e-02;7.041237e-02;1.917598e-01;5.593307e-02;5.386579e-02;3.997297e-02;6.403711e-02
1.146615e-01;6.598163e-02;7.152350e-02;9.021514e-02;7.367539e-02;4.052018e-02;1.393825e-01;2.019979e-01;6.857767e-02;5.560406e-02;3.155889e-02;4.630170e-02
7.163329e-02;6.626677e-02;1.023659e-01;8.001649e-02;7.006481e-02;3.006762e-02;8.082388e-02;2.251048e-01;8.218908e-02;8.820286e-02;5.261234e-02;5.065214e-02
6.111054e-02;5.648264e-02;1.191741e-01;7.833238e-02;5.128706e-02;5.020753e-02;1.137506e-01;1.452038e-01;1.075148e-01;9.394851e-02;6.554016e-02;5.744774e-02
8.222042e-02;1.114375e-01;1.779220e-01;6.699950e-02;4.578259e-02;5.569826e-02;9.465483e-02;6.552731e-02;8.987683e-02;9.676827e-02;6.080724e-02;5.230516e-02
9.189302e-02;1.975273e-01;2.117973e-01;4.483857e-02;2.696616e-02;3.213502e-02;5.040908e-02;3.984204e-02;1.344485e-01;7.784639e-02;5.773455e-02;3.456207e-02
9.986743e-02;2.806105e-01;2.229878e-01;3.033624e-02;2.294428e-02;2.502783e-02;2.120534e-02;2.340674e-02;1.678324e-01;4.115681e-02;3.935220e-02;2.527239e-02
7.356898e-02;3.058853e-01;2.519315e-01;1.684687e-02;1.320697e-02;5.050744e-02;1.036737e-02;1.825738e-02;1.876994e-01;3.385928e-02;1.646314e-02;2.140637e-02
2.973952e-02;2.715357e-01;2.662854e-01;1.099761e-02;5.803043e-03;8.151412e-02;8.846740e-03;1.919797e-02;2.364348e-01;4.683604e-02;3.506171e-03;1.930285e-02
2.909643e-02;2.887363e-01;1.746720e-01;1.653683e-02;2.886127e-03;1.094690e-01;4.942519e-03;1.102797e-02;3.176986e-01;2.664609e-02;3.269845e-03;1.501830e-02
3.522958e-02;2.745129e-01;1.009914e-01;2.042310e-02;4.980052e-03;1.338168e-01;6.361546e-03;1.315030e-02;3.858168e-01;1.347836e-02;4.318626e-03;6.920423e-03
3.426617e-02;2.251550e-01;8.982673e-02;2.340128e-02;5.783104e-03;1.730629e-01;9.862266e-03;1.674709e-02;3.944952e-01;1.491026e-02;4.791830e-03;7.698035e-03
2.414580e-02;1.871047e-01;7.527445e-02;2.917440e-02;8.127542e-03;2.227061e-01;1.832975e-02;8.877507e-03;3.919787e-01;1.184756e-02;4.404983e-03;1.802848e-02
2.510059e-02;1.575986e-01;6.968854e-02;3.625467e-02;6.430766e-03;2.252339e-01;2.442699e-02;9.098059e-03;3.812506e-01;2.578865e-02;4.491784e-03;3.463678e-02
3.737982e-02;1.419675e-01;6.587728e-02;4.383979e-02;4.673972e-03;1.874976e-01;2.165468e-02;1.507791e-02;3.970963e-01;3.423479e-02;1.013959e-02;4.056074e-02
7.850851e-02;1.211661e-01;7.144697e-02;3.914380e-02;1.099955e-02;1.188310e-01;2.168385e-02;3.942177e-02;3.825171e-01;5.769790e-02;3.144909e-02;2.713442e-02
1.020701e-01;9.988508e-02;8.964832e-02;2.886339e-02;2.377980e-02;7.178821e-02;4.210414e-02;6.310045e-02;3.172513e-01;6.206835e-02;5.967586e-02;3.976496e-02
8.603060e-02;1.182702e-01;1.007357e-01;3.077399e-02;3.055576e-02;5.743500e-02;6.160158e-02;7.124553e-02;2.665649e-01;4.126547e-02;7.129920e-02;6.422213e-02
6.105088e-02;1.560151e-01;1.376830e-01;2.843264e-02;4.657270e-02;4.210369e-02;7.126527e-02;6.055541e-02;2.031677e-01;6.282187e-02;5.802845e-02;7.230324e-02
1.026400e-01;1.832339e-01;1.469162e-01;2.711531e-02;4.623049e-02;3.323738e-02;6.810725e-02;5.815516e-02;1.516558e-01;7.263547e-02;4.541986e-02;6.465315e-02
1.029745e-01;2.157249e-01;1.216264e-01;2.494570e-02;3.696609e-02;5.440651e-02;5.087681e-02;6.343123e-02;1.564775e-01;8.768223e-02;4.061969e-02;4.426843e-02
1.209127e-01;2.214593e-01;1.301348e-01;2.350818e-02;3.038838e-02;7.991496e-02;3.112846e-02;5.811012e-02;1.649917e-01;6.885038e-02;2.963595e-02;4.096502e-02
1.097972e-01;1.751189e-01;1.267291e-01;1.921637e-02;2.140559e-02;8.858480e-02;4.506662e-02;4.897035e-02;2.400697e-01;4.654666e-02;3.304204e-02;4.545266e-02
7.583039e-02;1.437369e-01;1.124279e-01;4.351041e-02;2.977235e-02;8.988298e-02;5.438777e-02;4.818184e-02;2.593290e-01;5.112968e-02;5.051148e-02;4.129936e-02
5.734538e-02;1.157696e-01;1.220198e-01;5.318077e-02;3.812943e-02;9.255235e-02;5.347609e-02;5.815526e-02;2.288512e-01;6.285081e-02;5.604294e-02;6.162634e-02
4.743978e-02;1.489939e-01;1.545009e-01;4.389087e-02;8.680823e-02;8.167782e-02;4.711182e-02;6.836654e-02;1.591477e-01;8.292034e-02;3.831881e-02;4.082325e-02
2.616991e-02;1.405640e-01;2.030001e-01;8.637632e-02;9.834586e-02;9.232376e-02;4.474634e-02;7.011633e-02;1.019910e-01;7.851424e-02;3.388111e-02;2.397105e-02
5.594313e-02;8.255117e-02;2.070771e-01;1.227431e-01;9.007519e-02;8.620221e-02;4.152151e-02;6.636186e-02;1.168868e-01;6.423919e-02;2.080637e-02;4.559233e-02
8.192404e-02;8.502383e-02;1.544562e-01;1.264305e-01;7.156830e-02;6.883419e-02;4.506145e-02;7.729839e-02;1.342439e-01;6.511734e-02;4.000295e-02;5.003886e-02
6.071413e-02;1.245587e-01;1.180097e-01;1.010775e-01;7.873627e-02;5.312087e-02;5.972681e-02;8.297914e-02;1.358574e-01;6.063484e-02;7.410342e-02;5.048108e-02
4.498721e-02;1.584031e-01;1.028988e-01;8.450708e-02;9.188796e-02;5.062727e-02;6.645431e-02;6.155105e-02;1.371805e-01;6.345293e-02;9.526716e-02;4.278267e-02
5.512973e-02;1.693235e-01;8.118265e-02;8.968738e-02;8.085441e-02;5.096727e-02;5.383127e-02;5.472729e-02;1.735157e-01;7.321079e-02;8.406965e-02;3.350032e-02
7.197940e-02;1.471318e-01;1.022151e-01;1.095579e-01;4.597563e-02;5.382736e-02;3.822647e-02;8.366060e-02;2.119281e-01;5.651440e-02;4.191371e-02;3.706964e-02
5.532225e-02;1.980948e-01;9.061998e-02;9.102409e-02;3.392372e-02;6.166792e-02;5.554966e-02;7.275105e-02;2.031181e-01;4.627998e-02;5.950532e-02;3.214315e-02
4.664880e-02;2.043773e-01;1.252711e-01;5.578095e-02;3.703501e-02;6.354341e-02;7.076951e-02;6.294486e-02;1.701413e-01;4.709623e-02;7.636024e-02;4.003126e-02
5.996880e-02;1.004781e-01;1.595491e-01;8.091377e-02;5.701460e-02;5.586003e-02;1.635185e-01;9.263122e-02;6.277150e-02;6.011527e-02;5.113279e-02;5.604623e-02
5.688214e-02;7.956725e-02;2.308542e-01;9.486360e-02;7.098483e-02;5.693651e-02;1.596675e-01;6.909712e-02;4.337516e-02;6.335663e-02;3.346271e-02;4.095225e-02
4.264940e-02;6.750593e-02;3.366047e-01;8.694962e-02;1.032236e-01;4.795292e-02;1.187511e-01;3.787317e-02;3.001404e-02;6.100296e-02;1.968616e-02;4.778644e-02
2.741452e-02;1.125031e-01;3.885549e-01;7.055053e-02;9.401438e-02;4.684558e-02;6.280383e-02;2.136805e-02;2.768735e-02;5.817754e-02;1.449961e-02;7.558066e-02
2.737222e-02;1.778245e-01;3.497817e-01;6.049874e-02;5.431171e-02;7.174604e-02;2.348405e-02;1.571489e-02;5.950145e-02;4.722989e-02;1.762462e-02;9.491019e-02
4.649892e-02;2.274718e-01;2.476516e-01;5.487524e-02;2.490507e-02;7.932515e-02;1.887851e-02;2.106645e-02;1.487476e-01;3.283392e-02;2.620343e-02;7.154226e-02
8.799915e-02;2.083178e-01;1.473073e-01;4.040331e-02;2.875561e-02;5.134343e-02;2.193680e-02;4.707477e-02;2.171713e-01;2.700037e-02;9.394402e-02;2.874617e-02
1.363581e-01;1.223586e-01;1.016180e-01;2.043667e-02;5.981203e-02;1.218278e-02;2.546356e-02;8.660221e-02;1.578230e-01;3.338030e-02;2.332324e-01;1.073247e-02
1.600180e-01;7.961881e-02;7.661909e-02;7.545302e-03;9.028060e-02;8.071902e-03;2.706599e-02;1.198818e-01;6.402756e-02;4.640705e-02;3.036384e-01;1.682558e-02
1.385392e-01;4.450091e-02;6.930845e-02;1.344841e-02;9.148595e-02;2.037238e-02;4.604633e-02;1.148020e-01;4.254033e-02;1.236650e-01;2.651306e-01;3.016041e-02
1.068325e-01;3.321892e-02;8.142829e-02;2.143862e-02;6.527919e-02;4.252987e-02;6.180501e-02;6.632218e-02;8.699591e-02;1.912216e-01;1.972443e-01;4.568365e-02
9.970457e-02;7.474370e-02;7.372864e-02;2.060850e-02;3.948874e-02;5.872775e-02;9.011111e-02;4.959083e-02;1.347430e-01;1.573568e-01;1.415987e-01;5.959761e-02
1.229643e-01;8.395693e-02;5.355274e-02;4.149994e-02;3.236546e-02;4.410676e-02;1.440986e-01;6.016413e-02;1.284042e-01;1.197484e-01;7.708744e-02;9.205104e-02
1.111449e-01;9.894860e-02;8.808849e-02;5.520524e-02;3.137769e-02;4.280275e-02;1.338971e-01;6.284110e-02;8.732934e-02;1.122819e-01;9.354072e-02;8.254214e-02
1.020862e-01;1.369298e-01;1.578474e-01;3.883322e-02;3.231585e-02;4.361073e-02;8.705089e-02;4.797559e-02;6.422653e-02;8.589870e-02;1.240739e-01;7.915108e-02
1.521036e-01;1.112230e-01;1.313789e-01;3.982225e-02;3.593130e-02;3.534074e-02;8.858436e-02;8.310948e-02;7.108643e-02;8.309701e-02;1.036637e-01;6.465930e-02
1.563984e-01;5.376639e-02;9.200124e-02;5.042681e-02;5.389288e-02;4.253331e-02;1.086412e-01;1.273808e-01;8.609804e-02;7.398443e-02;1.213412e-01;3.353527e-02
1.274840e-01;7.906984e-02;1.200216e-01;3.834914e-02;5.333084e-02;5.856614e-02;5.725731e-02;1.347986e-01;1.162310e-01;5.779262e-02;1.023001e-01;5.479882e-02
1.422212e-01;1.058618e-01;1.293293e-01;6.105170e-02;4.935002e-02;4.803864e-02;5.966427e-02;6.225062e-02;9.239925e-02;6.522359e-02;8.342192e-02;1.011877e-01
1.650490e-01;1.017528e-01;1.325785e-01;8.126763e-02;5.180226e-02;4.892978e-02;7.196225e-02;2.887371e-02;5.243441e-02;6.117405e-02;7.764348e-02;1.265322e-01
1.477269e-01;6.980557e-02;1.689917e-01;9.115054e-02;6.508239e-02;5.344355e-02;7.358976e-02;2.923796e-02;5.179761e-02;7.717041e-02;5.743800e-02;1.145656e-01
9.722701e-02;4.495222e-02;3.234626e-01;8.726579e-02;5.504350e-02;4.015979e-02;5.972429e-02;2.076090e-02;4.949613e-02;1.012544e-01;5.201401e-02;6.863943e-02
5.035355e-02;7.038937e-02;4.901570e-01;6.585807e-02;3.877772e-02;2.365556e-02;3.407465e-02;1.202600e-02;4.114198e-02;9.161464e-02;5.042631e-02;3.152519e-02
3.422894e-02;1.097530e-01;5.713363e-01;4.331379e-02;2.718017e-02;1.781775e-02;3.784978e-02;1.782175e-02;2.336448e-02;4.527518e-02;5.493826e-02;1.712059e-02
5.755289e-02;1.606471e-01;5.129605e-01;3.504156e-02;1.335484e-02;2.559825e-02;3.474184e-02;1.704714e-02;4.533019e-02;2.388217e-02;4.643703e-02;2.740648e-02
8.405144e-02;1.783318e-01;3.932712e-01;4.481084e-02;2.820633e-02;3.238419e-02;3.284454e-02;2.375754e-02;7.212201e-02;3.371606e-02;3.525522e-02;4.124888e-02
1.150667e-01;1.569634e-01;3.428939e-01;5.464245e-02;4.228406e-02;2.866546e-02;4.892752e-02;3.005908e-02;7.695530e-02;3.350285e-02;2.889184e-02;4.114740e-02
1.671995e-01;1.274392e-01;3.269252e-01;3.836597e-02;4.489842e-02;2.277430e-02;5.814934e-02;4.427523e-02;4.980421e-02;3.556107e-02;3.216518e-02;5.244241e-02
1.316843e-01;9.104680e-02;2.427147e-01;2.485301e-02;2.299247e-02;2.615909e-02;1.165557e-01;6.942482e-02;4.235788e-02;7.213694e-02;4.915027e-02;1.109241e-01
1.046121e-01;1.082064e-01;1.506963e-01;3.050907e-02;3.593884e-02;3.657516e-02;1.505175e-01;7.536442e-02;2.127493e-02;8.356832e-02;8.346206e-02;1.192750e-01
7.897475e-02;9.686394e-02;1.606151e-01;2.735022e-02;6.225533e-02;5.215608e-02;1.277080e-01;6.031423e-02;2.409566e-02;9.994486e-02;1.288572e-01;8.086465e-02
6.591975e-02;5.896590e-02;1.724949e-01;3.524539e-02;6.906453e-02;4.501425e-02;1.072771e-01;5.566894e-02;3.230350e-02;1.292229e-01;1.629648e-01;6.585801e-02
8.074005e-02;6.831411e-02;2.374981e-01;4.777100e-02;7.160913e-02;2.895804e-02;5.908281e-02;4.561130e-02;3.009506e-02;1.102873e-01;1.422103e-01;7.782275e-02
1.026859e-01;1.256712e-01;2.364975e-01;5.478580e-02;6.350876e-02;3.486329e-02;6.548152e-02;2.499383e-02;3.394789e-02;5.922540e-02;1.078511e-01;9.048793e-02
7.196677e-02;1.250867e-01;2.054240e-01;4.105432e-02;5.161882e-02;2.181522e-02;5.382732e-02;3.102586e-02;3.992914e-02;1.046518e-01;1.499909e-01;1.036091e-01
6.081003e-02;1.262942e-01;1.609482e-01;3.440928e-02;5.342138e-02;2.323219e-02;4.405762e-02;4.952210e-02;3.785516e-02;1.322930e-01;1.831803e-01;9.397645e-02
7.684904e-02;1.280311e-01;1.620555e-01;3.444534e-02;6.261656e-02;2.882776e-02;8.061394e-02;4.786628e-02;4.269663e-02;1.240600e-01;1.437497e-01;6.818825e-02
7.125085e-02;1.056392e-01;2.777416e-01;4.848526e-02;5.200772e-02;3.587449e-02;9.776793e-02;3.813176e-02;5.113703e-02;7.282105e-02;9.716891e-02;5.197421e-02
3.512340e-02;1.028817e-01;2.299521e-01;5.825755e-02;6.304033e-02;6.651772e-02;1.466338e-01;5.416298e-02;5.384457e-02;6.892619e-02;5.800330e-02;6.265640e-02
9.252321e-02;1.028101e-01;2.528010e-01;7.878495e-02;5.445287e-02;5.698140e-02;8.854929e-02;7.012451e-02;7.653569e-02;5.619496e-02;2.517187e-02;4.507009e-02
1.123917e-01;1.045997e-01;2.306219e-01;7.349014e-02;4.644704e-02;6.091984e-02;9.468349e-02;7.153118e-02;7.321888e-02;5.503538e-02;2.572379e-02;5.133692e-02
1.130376e-01;9.765711e-02;1.929677e-01;5.634680e-02;5.913969e-02;8.791654e-02;9.245091e-02;6.786113e-02;7.573287e-02;5.791868e-02;4.939868e-02;4.957227e-02
9.295907e-02;8.005400e-02;1.383621e-01;2.495291e-02;1.016019e-01;1.087832e-01;1.076624e-01;7.049814e-02;9.957525e-02;7.915245e-02;6.020467e-02;3.619390e-02
7.201061e-02;5.418727e-02;1.138389e-01;5.397475e-02;1.041601e-01;1.144137e-01;1.373057e-01;8.190031e-02;1.193168e-01;7.120804e-02;3.783292e-02;3.985078e-02
5.249871e-02;4.808004e-02;1.250340e-01;7.867129e-02;1.474658e-01;1.045727e-01;1.650678e-01;8.510892e-02;7.910154e-02;3.864763e-02;4.683622e-02;2.891544e-02
6.286260e-02;6.484629e-02;1.029377e-01;1.499449e-01;1.560069e-01;6.618222e-02;2.003904e-01;5.074863e-02;4.279581e-02;3.773418e-02;5.205025e-02;1.350011e-02
9.841145e-02;8.089007e-02;1.355785e-01;1.947390e-01;8.704106e-02;6.910025e-02;1.654098e-01;3.878706e-02;3.377680e-02;4.062383e-02;3.527903e-02;2.036328e-02
1.207329e-01;1.173102e-01;2.133161e-01;1.489370e-01;5.849322e-02;6.730799e-02;9.443765e-02;4.424477e-02;3.939416e-02;3.475359e-02;1.988991e-02;4.118262e-02
1.669416e-01;1.275084e-01;2.380506e-01;9.465554e-02;5.063402e-02;3.741796e-02;9.378088e-02;3.649476e-02;4.213482e-02;2.906819e-02;1.774821e-02;6.556504e-02
1.931723e-01;9.775887e-02;2.586008e-01;8.580892e-02;4.600026e-02;4.280108e-02;7.767996e-02;1.701330e-02;4.366863e-02;2.751006e-02;3.007136e-02;7.991441e-02
1.464596e-01;1.272438e-01;2.396698e-01;8.231270e-02;4.840236e-02;5.636192e-02;9.272006e-02;3.313218e-02;4.676004e-02;2.788322e-02;3.461850e-02;6.443580e-02
9.302118e-02;1.488656e-01;1.732624e-01;9.796722e-02;6.032508e-02;6.340767e-02;1.454132e-01;4.732190e-02;4.018991e-02;5.506271e-02;3.207187e-02;4.309130e-02
5.451576e-02;1.113536e-01;2.382819e-01;8.817636e-02;1.032370e-01;6.496938e-02;1.031506e-01;4.525542e-02;4.250226e-02;7.238409e-02;3.501135e-02;4.116230e-02
4.956859e-02;9.652142e-02;2.534658e-01;7.604108e-02;1.077134e-01;7.777779e-02;1.210698e-01;4.155902e-02;3.824723e-02;5.561237e-02;3.510594e-02;4.731761e-02
6.635939e-02;9.302345e-02;3.023935e-01;6.269199e-02;8.709732e-02;7.332747e-02;1.056898e-01;3.719372e-02;4.558813e-02;4.308174e-02;3.121625e-02;5.233726e-02
8.607792e-02;1.107258e-01;3.092420e-01;6.121680e-02;5.634278e-02;5.181780e-02;7.930038e-02;4.668012e-02;4.710096e-02;3.802199e-02;4.149431e-02;7.197917e-02
9.370676e-02;1.589805e-01;1.361431e-01;8.817797e-02;8.221184e-02;5.227264e-02;1.409098e-01;4.734847e-02;3.752282e-02;4.272574e-02;4.706685e-02;7.293347e-02
1.005520e-01;1.655132e-01;1.879984e-01;1.211945e-01;4.658918e-02;5.027771e-02;1.487465e-01;3.874642e-02;3.396703e-02;3.795720e-02;3.155887e-02;3.689899e-02
