7.635253e-02;5.942029e-02;8.457323e-02;3.970405e-02;5.706669e-02;7.148656e-02;1.073601e-01;1.415533e-01;1.753106e-01;9.320699e-02;4.319514e-02;5.077058e-02
5.926178e-02;6.488847e-02;7.150809e-02;3.058987e-02;5.350214e-02;7.399046e-02;1.041200e-01;1.654558e-01;1.988010e-01;9.013336e-02;3.396807e-02;5.378096e-02
5.638585e-02;6.295289e-02;7.067819e-02;2.583200e-02;4.351043e-02;8.045442e-02;1.248320e-01;1.756915e-01;1.991824e-01;7.100908e-02;3.567234e-02;5.379885e-02
6.111948e-02;5.252902e-02;7.247149e-02;3.098443e-02;3.408286e-02;7.959992e-02;1.521213e-01;1.863299e-01;1.502778e-01;7.463637e-02;4.049218e-02;6.535526e-02
6.814995e-02;3.046823e-02;8.011288e-02;3.441857e-02;5.690775e-02;4.473342e-02;1.701037e-01;1.197958e-01;1.224798e-01;1.167813e-01;7.260615e-02;8.344241e-02
6.934585e-02;4.388304e-02;8.622804e-02;2.490390e-02;5.512349e-02;6.314723e-02;1.619645e-01;8.181811e-02;1.264238e-01;1.216579e-01;8.628459e-02;7.921945e-02
6.706962e-02;9.142087e-02;1.049447e-01;7.911180e-02;7.076100e-02;8.148337e-02;1.305611e-01;7.569755e-02;1.040203e-01;8.342348e-02;5.635064e-02;5.515546e-02
6.184401e-02;9.721733e-02;1.208814e-01;9.545538e-02;1.232343e-01;1.181345e-01;9.521916e-02;8.323483e-02;8.571062e-02;4.736691e-02;3.459977e-02;3.710177e-02
5.691517e-02;6.772315e-02;1.137193e-01;5.968225e-02;1.540639e-01;1.113520e-01;9.644686e-02;1.006980e-01;1.099001e-01;4.894795e-02;3.708155e-02;4.346978e-02
8.592800e-02;7.583354e-02;1.044308e-01;8.715880e-02;9.525162e-02;1.282583e-01;8.778735e-02;1.092701e-01;9.791040e-02;4.957062e-02;2.675513e-02;5.184538e-02
7.941873e-02;1.228218e-01;1.033897e-01;8.668001e-02;1.007269e-01;1.172457e-01;7.036433e-02;1.167125e-01;7.738709e-02;4.492754e-02;3.173925e-02;4.858641e-02
8.047902e-02;1.367062e-01;9.064835e-02;8.671706e-02;1.310117e-01;8.280444e-02;9.648243e-02;1.101879e-01;6.143912e-02;4.193439e-02;3.447704e-02;4.711236e-02
1.086817e-01;1.107831e-01;1.043711e-01;1.558649e-01;6.593700e-02;5.624758e-02;1.158426e-01;9.433582e-02;5.041926e-02;4.115441e-02;2.134826e-02;7.501427e-02
1.758625e-01;9.399576e-02;8.706366e-02;1.465770e-01;7.848229e-02;3.339550e-02;6.996059e-02;1.211481e-01;6.954044e-02;4.225309e-02;1.480194e-02;6.691916e-02
2.141523e-01;7.673357e-02;7.037207e-02;6.716865e-02;1.005750e-01;6.456449e-02;8.865755e-02;1.321031e-01;7.737697e-02;3.814523e-02;2.522702e-02;4.492408e-02
1.601623e-01;6.828299e-02;1.014029e-01;4.583538e-02;9.643628e-02;9.371669e-02;1.175753e-01;1.033428e-01;6.376396e-02;3.728459e-02;3.388712e-02;7.830968e-02
9.612072e-02;7.289962e-02;9.717768e-02;9.197316e-02;7.524829e-02;1.469102e-01;1.215565e-01;4.873449e-02;4.517799e-02;6.109758e-02;4.231730e-02;1.007865e-01
1.299719e-01;7.855679e-02;1.041552e-01;1.693751e-01;6.001211e-02;1.252899e-01;1.172723e-01;4.867489e-02;3.372343e-02;3.736188e-02;3.208606e-02;6.352044e-02
1.092767e-01;5.308480e-02;1.026460e-01;2.132585e-01;6.082348e-02;7.103867e-02;8.567894e-02;1.107112e-01;4.150847e-02;3.017779e-02;3.492261e-02;8.687280e-02
7.950758e-02;1.015584e-01;9.833820e-02;1.800608e-01;6.158765e-02;4.849824e-02;8.103052e-02;1.481694e-01;4.213537e-02;4.428040e-02;3.078528e-02;8.404810e-02
8.444452e-02;1.186418e-01;1.029410e-01;1.606297e-01;4.306452e-02;8.137372e-02;5.110209e-02;1.354534e-01;6.323484e-02;4.249830e-02;3.223133e-02;8.438473e-02
9.185839e-02;8.785211e-02;1.360441e-01;5.974523e-02;1.006398e-01;8.283695e-02;8.112774e-02;1.451385e-01;4.395978e-02;6.001402e-02;3.865849e-02;7.212489e-02
8.378673e-02;6.189898e-02;1.170644e-01;8.679568e-02;1.251416e-01;1.074541e-01;8.094590e-02;1.152077e-01;5.727011e-02;6.534564e-02;2.895029e-02;7.013883e-02
8.461874e-02;6.433373e-02;1.100980e-01;9.585714e-02;1.236914e-01;1.059950e-01;5.575581e-02;9.086780e-02;8.051547e-02;7.135883e-02;4.527479e-02;7.163326e-02
7.350446e-02;7.311039e-02;7.654369e-02;1.001187e-01;1.173465e-01;9.389994e-02;9.416854e-02;8.241507e-02;9.371585e-02;7.233455e-02;5.158571e-02;7.125662e-02
5.560070e-02;3.757885e-02;9.241845e-02;7.791361e-02;1.036149e-01;8.943105e-02;1.751104e-01;6.360804e-02;1.022922e-01;9.193017e-02;2.809995e-02;8.240175e-02
9.042153e-02;1.339337e-02;8.291614e-02;4.478645e-02;1.420371e-01;8.219410e-02;1.641802e-01;3.511241e-02;1.171232e-01;7.196540e-02;1.009716e-02;1.457730e-01
7.958206e-02;1.010228e-02;7.827346e-02;2.366620e-02;1.846448e-01;6.321233e-02;1.261600e-01;1.867389e-02;1.322722e-01;3.649664e-02;1.866845e-02;2.282477e-01
4.771722e-02;1.781895e-02;8.518220e-02;2.666254e-02;1.965887e-01;3.932785e-02;1.053842e-01;2.384988e-02;1.332635e-01;2.655841e-02;1.552963e-02;2.821169e-01
1.312483e-02;1.721458e-02;8.260048e-02;3.113752e-02;2.092023e-01;2.757984e-02;1.022934e-01;1.887503e-02;1.173097e-01;2.534075e-02;9.324553e-03;3.459970e-01
1.295888e-02;1.573787e-02;5.724746e-02;2.994830e-02;2.010166e-01;1.869297e-02;9.649960e-02;9.289302e-03;7.833195e-02;2.021332e-02;3.982049e-02;4.202432e-01
1.188799e-02;2.106768e-02;3.354530e-02;2.963079e-02;1.826078e-01;1.245348e-02;7.126749e-02;9.780773e-03;3.376408e-02;1.819265e-02;1.015068e-01;4.742953e-01
1.189019e-02;4.960631e-02;4.748356e-02;4.434994e-02;1.266304e-01;1.142301e-02;5.391246e-02;8.837368e-03;2.046216e-02;3.614333e-02;2.223278e-01;3.669335e-01
1.502758e-02;8.750670e-02;8.598154e-02;5.463807e-02;9.355395e-02;1.309664e-02;4.129274e-02;5.684415e-03;2.789224e-02;5.969843e-02;3.109472e-01;2.046805e-01
2.693488e-02;1.223560e-01;1.533637e-01;7.268804e-02;1.125390e-01;1.672449e-02;2.642776e-02;8.056504e-03;2.874940e-02;6.529696e-02;2.601765e-01;1.066869e-01
3.029347e-02;1.209624e-01;2.070960e-01;8.614685e-02;1.419227e-01;1.698276e-02;4.506268e-02;1.379235e-02;2.227817e-02;5.181978e-02;1.187735e-01;1.448693e-01
2.861908e-02;7.789979e-02;2.432278e-01;7.431664e-02;1.185820e-01;2.296907e-02;4.920951e-02;2.020035e-02;3.381284e-02;3.919461e-02;8.769815e-02;2.042701e-01
3.300904e-02;4.715836e-02;3.409049e-01;5.806350e-02;1.277353e-01;1.699360e-02;2.681077e-02;2.004270e-02;4.583889e-02;4.350862e-02;6.756060e-02;1.723737e-01
2.499937e-02;3.268329e-02;3.531264e-01;7.225967e-02;1.758898e-01;1.770818e-02;2.720096e-02;2.093042e-02;6.663100e-02;4.126935e-02;6.028258e-02;1.070190e-01
4.642434e-02;6.231277e-02;2.097838e-01;6.892389e-02;1.354800e-01;6.608474e-02;1.296512e-01;4.624862e-02;8.286500e-02;3.071674e-02;6.729449e-02;5.421439e-02
7.477728e-02;1.138998e-01;6.943338e-02;3.158150e-02;7.018916e-02;8.142711e-02;2.948636e-01;9.780321e-02;4.805245e-02;3.641285e-02;4.376524e-02;3.779434e-02
3.259781e-02;1.786579e-01;3.025255e-02;1.300469e-02;3.556169e-02;5.108503e-02;3.686146e-01;1.296311e-01;6.029256e-02;2.631708e-02;5.546175e-02;1.852327e-02
6.281448e-02;2.194334e-01;1.565768e-02;1.394652e-02;2.098037e-02;4.584228e-02;3.568865e-01;1.172089e-01;6.392501e-02;1.729655e-02;5.095673e-02;1.505155e-02
1.770212e-01;2.068868e-01;1.278121e-02;1.788316e-02;1.889496e-02;7.968936e-02;2.925611e-01;6.250308e-02;4.481696e-02;4.222162e-02;2.799509e-02;1.674558e-02
3.277984e-01;1.471310e-01;1.369127e-02;1.843605e-02;3.141264e-02;1.119564e-01;1.965659e-01;1.931299e-02;1.752350e-02;7.965694e-02;1.106327e-02;2.545170e-02
3.502833e-01;8.630290e-02;3.093688e-02;2.732707e-02;6.128230e-02;1.092835e-01;1.372425e-01;1.501160e-02;1.642055e-02;9.018981e-02;1.597954e-02;5.974009e-02
2.375193e-01;5.502896e-02;8.129193e-02;4.702082e-02;1.021877e-01;9.331740e-02;1.078326e-01;2.764636e-02;2.941374e-02;8.050248e-02;3.193767e-02;1.063011e-01
5.642065e-02;6.542595e-02;1.772533e-01;7.192943e-02;1.142162e-01;1.018852e-01;1.060318e-01;4.497963e-02;4.023971e-02;6.648050e-02;5.109505e-02;1.040426e-01
5.148884e-02;9.524406e-02;2.020427e-01;6.817781e-02;8.538426e-02;1.020547e-01;1.269247e-01;5.990229e-02;5.794746e-02;7.277356e-02;2.205740e-02;5.600214e-02
1.249602e-01;7.947655e-02;1.313559e-01;4.878864e-02;5.229340e-02;7.598376e-02;1.550117e-01;5.316853e-02;8.925895e-02;9.025441e-02;3.394764e-02;6.550040e-02
1.225379e-01;6.320505e-02;9.866291e-02;3.375342e-02;6.051506e-02;5.339415e-02;1.654257e-01;6.246883e-02;1.185378e-01;9.804013e-02;5.285976e-02;7.059930e-02
5.805226e-02;6.494851e-02;1.196240e-01;3.812742e-02;4.963388e-02;7.049529e-02;1.795729e-01;7.866132e-02;8.301289e-02;1.267395e-01;5.546419e-02;7.566775e-02
1.031313e-01;7.759479e-02;1.045980e-01;4.951995e-02;4.167701e-02;8.006404e-02;1.393958e-01;5.625970e-02;4.616674e-02;1.413613e-01;4.981653e-02;1.104148e-01
1.328849e-01;1.010151e-01;6.457401e-02;3.790813e-02;3.803173e-02;6.944215e-02;1.026049e-01;4.562299e-02;5.699853e-02;1.497217e-01;8.723720e-02;1.139586e-01
1.362974e-01;1.105726e-01;5.067676e-02;2.302874e-02;4.959939e-02;6.427000e-02;1.139045e-01;3.529781e-02;6.976029e-02;1.605155e-01;8.556260e-02;1.005144e-01
1.067518e-01;1.103575e-01;4.046764e-02;1.338897e-02;5.311371e-02;7.541797e-02;1.167854e-01;4.517523e-02;5.965560e-02;1.921278e-01;3.772841e-02;1.490299e-01
9.693495e-02;6.902117e-02;3.125453e-02;1.903251e-02;6.138460e-02;9.208683e-02;9.288971e-02;4.093102e-02;7.171752e-02;1.573640e-01;8.890414e-02;1.784790e-01
1.199368e-01;5.957687e-02;4.406287e-02;2.777859e-02;5.558297e-02;9.570930e-02;7.795954e-02;6.737358e-02;1.267232e-01;1.176352e-01;4.401532e-02;1.636459e-01
1.158113e-01;7.826554e-02;3.705348e-02;4.982563e-02;6.641589e-02;7.434905e-02;1.227738e-01;9.746134e-02;1.029184e-01;1.021412e-01;5.562111e-02;9.736321e-02
7.618079e-02;7.786810e-02;4.774652e-02;3.357645e-02;7.335549e-02;8.802015e-02;2.511509e-01;9.226224e-02;7.705769e-02;5.878415e-02;4.775458e-02;7.624289e-02
1.586462e-01;6.153119e-02;3.089339e-02;1.279887e-02;6.407338e-02;1.534190e-01;3.194965e-01;5.891800e-02;2.980752e-02;2.115785e-02;3.211545e-02;5.714264e-02
1.736007e-01;3.858937e-02;2.232586e-02;1.399680e-02;1.005780e-01;1.816072e-01;2.775179e-01;3.525439e-02;2.164244e-02;8.670270e-03;1.831746e-02;1.078997e-01
1.175078e-01;1.642628e-02;1.934440e-02;2.428149e-02;1.617259e-01;1.454336e-01;1.778429e-01;2.881614e-02;3.875973e-02;9.935110e-03;3.025414e-02;2.296724e-01
3.810589e-02;1.212971e-02;2.344913e-02;4.073856e-02;1.947765e-01;7.932291e-02;9.789695e-02;2.214094e-02;5.062328e-02;1.815753e-02;4.732233e-02;3.753363e-01
1.087219e-02;1.293211e-02;2.786678e-02;5.194420e-02;1.106304e-01;3.162775e-02;5.445661e-02;2.152387e-02;3.420361e-02;4.573942e-02;1.232506e-01;4.749525e-01
7.610979e-03;1.273212e-02;2.287071e-02;6.632497e-02;9.049955e-02;2.790550e-02;2.360968e-02;2.406835e-02;1.639463e-02;5.586478e-02;1.958939e-01;4.562249e-01
8.639644e-03;1.159740e-02;2.044288e-02;5.904348e-02;1.228254e-01;2.479313e-02;1.429866e-02;2.327748e-02;1.938629e-02;7.066397e-02;1.810685e-01;4.439632e-01
6.841985e-03;8.100275e-03;1.684508e-02;4.669693e-02;1.112320e-01;2.377089e-02;1.213009e-02;2.275978e-02;3.227276e-02;6.550267e-02;1.541897e-01;4.996579e-01
1.081005e-02;4.790782e-03;1.728356e-02;3.179704e-02;9.718596e-02;1.860313e-02;1.981848e-02;1.533676e-02;8.177361e-02;4.146767e-02;1.171769e-01;5.439560e-01
5.509365e-02;5.838026e-03;2.262861e-02;1.809287e-02;7.088213e-02;2.421342e-02;2.334442e-02;6.638317e-03;1.466448e-01;2.871003e-02;7.340645e-02;5.245073e-01
2.042560e-01;8.176843e-03;2.131717e-02;1.092328e-02;8.187126e-02;6.349915e-02;1.970867e-02;1.272406e-02;1.309103e-01;3.879353e-02;2.715237e-02;3.806674e-01
3.625508e-01;1.604914e-02;1.088742e-02;8.912677e-03;6.181655e-02;1.211797e-01;2.439334e-02;2.490139e-02;4.894042e-02;1.205359e-01;1.549812e-02;1.843347e-01
4.189025e-01;3.562742e-02;7.569787e-03;1.418987e-02;3.852435e-02;1.348605e-01;3.329277e-02;2.636117e-02;1.308177e-02;1.966890e-01;2.134069e-02;5.956017e-02
3.618486e-01;8.746537e-02;2.942854e-03;1.641115e-02;2.628034e-02;1.078006e-01;6.250291e-02;1.964082e-02;1.703033e-02;1.946833e-01;6.596376e-02;3.743007e-02
2.180785e-01;1.782741e-01;4.292265e-03;1.111446e-02;2.334401e-02;6.097206e-02;1.168015e-01;1.322882e-02;4.052158e-02;9.522791e-02;2.212091e-01;1.693566e-02
1.119399e-01;2.037805e-01;2.286000e-02;2.833460e-03;3.277173e-02;4.239198e-02;1.407937e-01;3.843817e-02;4.709915e-02;3.980965e-02;2.847366e-01;3.254501e-02
3.015457e-02;1.522713e-01;7.588630e-02;2.940241e-03;3.484871e-02;5.553666e-02;1.259165e-01;1.343934e-01;3.487407e-02;3.732830e-02;1.935565e-01;1.222935e-01
5.137701e-02;5.317278e-02;1.128093e-01;9.550397e-03;2.201323e-02;6.950993e-02;7.717665e-02;2.384122e-01;4.480987e-02;3.059553e-02;7.413272e-02;2.164403e-01
4.157786e-02;2.742243e-02;8.937307e-02;2.497385e-02;1.452412e-02;6.100332e-02;6.606338e-02;2.870235e-01;1.199167e-01;2.630018e-02;4.948683e-02;1.923347e-01
3.032663e-02;4.418100e-02;5.847089e-02;2.883450e-02;2.141471e-02;5.439687e-02;1.551817e-01;2.663385e-01;1.895666e-01;4.318151e-02;3.553081e-02;7.257641e-02
5.071456e-02;4.764794e-02;5.383633e-02;2.674726e-02;3.799115e-02;5.593674e-02;2.109684e-01;1.846009e-01;1.931516e-01;5.373424e-02;5.396800e-02;3.070281e-02
7.063088e-02;5.370292e-02;7.698681e-02;3.824263e-02;6.610049e-02;6.467211e-02;1.890784e-01;8.129159e-02;1.596345e-01;8.359720e-02;7.094471e-02;4.511769e-02
7.035083e-02;6.616148e-02;1.323269e-01;2.278630e-02;7.893055e-02;4.247606e-02;1.467798e-01;1.244513e-01;7.796572e-02;8.812588e-02;6.976850e-02;7.987674e-02
7.445805e-02;5.117417e-02;1.526303e-01;1.861756e-02;6.504893e-02;3.977947e-02;1.315010e-01;1.599912e-01;6.527887e-02;7.856673e-02;7.492451e-02;8.802921e-02
4.546740e-02;7.942671e-02;8.184886e-02;2.593444e-02;5.208564e-02;4.366422e-02;1.265628e-01;1.467959e-01;1.032671e-01;1.120511e-01;5.141102e-02;1.314849e-01
7.151160e-02;1.003710e-01;3.286326e-02;3.112414e-02;3.522797e-02;3.723022e-02;1.195410e-01;1.463750e-01;9.756874e-02;1.134165e-01;9.454037e-02;1.202302e-01
1.344966e-01;6.739918e-02;6.098070e-02;3.709474e-02;5.108878e-02;6.001291e-02;9.637675e-02;1.187562e-01;7.398956e-02;7.493690e-02;1.458722e-01;7.899559e-02
1.707073e-01;3.418595e-02;8.730352e-02;4.348372e-02;4.426941e-02;8.555593e-02;8.674391e-02;8.914503e-02;6.583104e-02;6.468590e-02;1.210049e-01;1.070833e-01
1.654095e-01;4.401935e-02;7.819168e-02;4.189904e-02;2.641371e-02;1.001434e-01;9.634492e-02;7.470430e-02;7.465393e-02;1.095764e-01;7.411221e-02;1.145316e-01
1.147302e-01;3.024274e-02;6.964020e-02;3.971691e-02;3.199800e-02;1.024975e-01;8.591606e-02;1.004352e-01;1.098417e-01;1.226737e-01;1.126497e-01;7.965799e-02
8.788482e-02;3.647398e-02;6.087430e-02;2.460223e-02;5.864793e-02;8.930148e-02;5.785386e-02;1.208657e-01;1.639886e-01;1.637162e-01;7.253972e-02;6.325116e-02
7.413094e-02;4.979232e-02;5.045406e-02;3.134860e-02;6.695530e-02;7.446552e-02;8.214226e-02;8.303120e-02;1.724349e-01;2.448598e-01;2.559966e-02;4.478542e-02
6.506052e-02;6.921549e-02;6.675877e-02;4.742111e-02;6.999677e-02;7.475897e-02;1.504029e-01;6.985033e-02;1.345165e-01;1.841471e-01;3.421080e-02;3.366080e-02
7.518168e-02;7.658745e-02;6.240527e-02;5.187352e-02;5.892329e-02;1.051308e-01;1.684087e-01;8.464763e-02;1.256639e-01;1.030906e-01;4.578427e-02;4.230290e-02
7.160682e-02;7.577767e-02;5.594485e-02;4.220322e-02;3.381977e-02;1.083183e-01;1.387742e-01;8.453176e-02;1.425455e-01;1.192982e-01;5.977036e-02;6.740934e-02
2.878909e-02;5.561675e-02;8.182372e-02;4.509741e-02;3.079830e-02;7.438842e-02;7.726729e-02;9.745856e-02;1.181289e-01;1.571351e-01;1.169144e-01;1.165821e-01
7.198815e-02;4.556551e-02;9.698692e-02;5.250986e-02;7.651238e-02;8.122452e-02;1.118068e-01;8.130459e-02;7.728782e-02;1.746869e-01;6.316126e-02;6.696538e-02
6.878367e-02;4.311186e-02;8.173599e-02;4.017093e-02;7.412831e-02;7.934859e-02;9.473182e-02;1.086127e-01;1.386627e-01;1.853416e-01;2.689377e-02;5.847801e-02
7.584674e-02;5.866908e-02;8.135697e-02;3.361458e-02;6.955767e-02;5.983417e-02;9.618412e-02;1.323815e-01;1.465800e-01;1.581920e-01;2.889082e-02;5.889243e-02
8.480173e-02;5.979181e-02;8.045752e-02;2.841749e-02;6.402502e-02;4.242907e-02;1.389188e-01;1.436394e-01;1.432005e-01;1.241782e-01;3.913952e-02;5.100090e-02
5.255751e-02;1.720929e-02;3.943128e-02;4.308280e-02;3.935656e-02;5.069127e-02;1.360208e-01;7.576837e-02;3.514238e-01;1.471523e-01;2.984574e-02;1.746023e-02
3.365970e-02;1.514986e-02;1.729801e-02;4.192253e-02;2.606595e-02;4.893680e-02;9.684928e-02;8.053830e-02;4.082486e-01;1.923393e-01;3.032499e-02;8.666611e-03
1.889373e-02;2.329351e-02;1.283924e-02;2.134963e-02;3.591335e-02;3.771894e-02;7.686462e-02;1.181748e-01;2.892868e-01;2.756780e-01;8.028515e-02;9.702190e-03
1.361653e-02;2.428425e-02;1.743190e-02;6.709547e-03;5.107475e-02;5.076341e-02;6.559781e-02;1.510854e-01;1.432737e-01;2.965616e-01;1.582087e-01;2.139252e-02
2.047907e-02;1.997685e-02;2.358370e-02;5.046456e-03;4.848064e-02;8.256534e-02;5.169197e-02;2.057800e-01;4.047868e-02;2.711115e-01;2.019150e-01;2.889075e-02
3.239090e-02;4.291149e-02;2.408480e-02;1.443131e-02;5.986041e-02;5.440580e-02;8.177736e-02;2.670118e-01;5.910214e-02;2.206585e-01;1.139643e-01;2.940123e-02
4.134284e-02;4.521073e-02;2.402331e-02;2.359606e-02;8.077214e-02;7.959623e-02;1.606391e-01;2.095314e-01;8.935127e-02;1.547288e-01;5.087626e-02;4.033181e-02
4.506709e-02;4.520511e-02;2.572954e-02;2.646296e-02;7.908142e-02;1.433866e-01;1.753785e-01;1.402830e-01;1.176513e-01;1.092439e-01;4.879827e-02;4.371244e-02
3.749587e-02;4.462748e-02;2.823292e-02;4.150309e-02;6.738301e-02;1.350625e-01;1.366993e-01;1.523667e-01;1.270004e-01;1.165772e-01;7.594766e-02;3.710382e-02
4.369730e-02;3.425641e-02;2.477129e-02;3.177482e-02;6.762850e-02;7.455498e-02;8.500044e-02;1.131639e-01;1.673647e-01;2.392192e-01;9.590416e-02;2.266416e-02
4.468879e-02;4.533213e-02;3.611539e-02;3.068724e-02;4.958482e-02;4.358007e-02;6.404353e-02;1.958713e-01;1.311243e-01;2.377778e-01;9.236008e-02;2.883455e-02
3.984797e-02;4.782610e-02;3.124489e-02;2.889374e-02;6.436822e-02;6.303182e-02;4.980620e-02;2.395891e-01;1.246175e-01;1.989695e-01;8.228846e-02;2.951643e-02
3.702186e-02;3.050684e-02;3.871277e-02;2.486840e-02;8.834662e-02;6.719667e-02;5.137271e-02;2.410161e-01;9.219646e-02;2.374792e-01;5.679862e-02;3.448369e-02
4.051536e-02;4.572925e-02;5.806035e-02;2.123096e-02;5.305657e-02;8.399050e-02;1.004693e-01;1.863385e-01;1.152398e-01;1.260346e-01;1.018140e-01;6.752073e-02
5.908266e-02;5.773515e-02;7.651217e-02;2.281194e-02;7.393156e-02;8.984881e-02;1.050486e-01;1.072833e-01;1.245960e-01;8.648029e-02;1.126897e-01;8.397988e-02
9.454251e-02;5.318333e-02;8.067323e-02;2.901512e-02;8.565909e-02;8.452802e-02;9.208475e-02;8.114162e-02;1.230873e-01;9.017094e-02;1.032662e-01;8.264799e-02
9.983502e-02;7.447401e-02;7.529967e-02;3.084705e-02;6.650455e-02;6.832116e-02;5.700770e-02;7.093798e-02;1.129768e-01;1.266636e-01;1.484559e-01;6.867652e-02
6.307589e-02;9.054129e-02;6.955615e-02;2.278827e-02;2.879988e-02;8.165096e-02;3.101404e-02;4.189753e-02;8.115084e-02;1.557661e-01;3.007802e-01;3.297884e-02
2.761403e-02;6.721247e-02;4.307991e-02;1.220522e-02;2.484478e-02;8.884481e-02;2.058942e-02;2.163924e-02;3.680667e-02;1.275098e-01;4.741486e-01;5.550497e-02
2.425916e-02;2.974752e-02;2.443195e-02;9.123982e-03;2.262471e-02;9.433932e-02;2.863570e-02;2.057853e-02;1.929106e-02;8.066144e-02;5.786132e-01;6.769342e-02
6.648608e-02;2.544702e-02;1.913057e-02;1.569586e-02;1.283160e-02;7.489999e-02;8.412004e-02;2.982925e-02;2.338307e-02;1.618152e-01;4.016262e-01;8.473523e-02
9.590730e-02;2.229569e-02;1.328398e-02;1.991660e-02;1.001656e-02;5.596135e-02;1.743806e-01;2.929482e-02;4.009616e-02;1.735123e-01;2.163920e-01;1.489427e-01
1.170594e-01;1.094407e-02;1.387647e-02;3.083360e-02;8.643361e-03;3.402035e-02;2.750397e-01;1.389378e-02;5.712052e-02;1.363676e-01;7.503405e-02;2.271670e-01
2.002185e-01;1.975621e-02;1.321098e-02;3.647282e-02;6.729892e-03;2.010071e-02;2.741828e-01;1.989617e-02;3.145744e-02;9.198442e-02;3.775600e-02;2.482341e-01
3.401772e-01;4.607235e-02;6.787596e-03;3.165508e-02;5.972737e-03;1.031253e-02;1.895788e-01;2.969288e-02;1.200811e-02;8.697520e-02;3.265454e-02;2.081129e-01
4.363514e-01;7.217672e-02;1.773826e-02;2.092891e-02;5.833862e-03;7.837267e-03;1.148790e-01;4.197546e-02;1.551164e-02;8.432476e-02;3.810019e-02;1.443425e-01
3.993002e-01;7.333340e-02;2.022466e-02;2.130209e-02;5.969972e-03;1.138055e-02;1.030904e-01;6.398717e-02;1.023312e-02;8.372898e-02;5.776368e-02;1.496857e-01
2.853949e-01;4.821553e-02;2.308164e-02;3.029124e-02;1.016796e-02;1.357508e-02;1.685372e-01;6.090266e-02;1.833648e-02;7.223675e-02;5.805810e-02;2.112024e-01
2.021146e-01;2.926286e-02;1.917534e-02;3.191638e-02;1.802115e-02;2.881273e-02;1.685184e-01;3.433654e-02;2.191907e-02;6.758081e-02;1.242310e-01;2.541113e-01
1.453582e-01;5.531067e-02;6.609911e-02;3.503696e-02;2.485569e-02;4.305407e-02;9.480008e-02;2.631928e-02;3.594941e-02;6.940164e-02;1.561802e-01;2.476347e-01
1.858924e-01;7.662458e-02;1.049124e-01;3.937174e-02;3.186860e-02;4.053962e-02;8.628074e-02;4.168367e-02;5.188012e-02;6.258052e-02;8.924171e-02;1.891239e-01
2.329111e-01;6.529023e-02;7.922075e-02;2.880591e-02;3.228880e-02;6.357051e-02;8.629813e-02;4.671762e-02;7.919601e-02;7.274776e-02;5.174265e-02;1.612105e-01
1.931072e-01;1.321533e-02;4.320518e-02;2.080875e-02;4.475319e-02;8.591168e-02;1.574289e-01;1.001574e-01;1.089804e-01;7.630817e-02;6.892943e-02;8.719449e-02
1.652915e-01;3.414371e-02;3.069821e-02;3.394150e-02;4.613172e-02;7.913713e-02;2.042875e-01;1.069617e-01;9.688962e-02;6.352860e-02;7.501473e-02;6.397412e-02
1.033786e-01;5.942652e-02;4.545327e-02;5.426347e-02;5.466194e-02;8.555591e-02;2.092998e-01;4.822537e-02;8.613627e-02;6.752355e-02;1.094384e-01;7.663681e-02
1.596541e-01;6.008944e-02;4.437057e-02;3.583747e-02;4.350669e-02;8.069952e-02;1.737583e-01;5.312083e-02;6.635957e-02;6.040513e-02;1.396954e-01;8.250298e-02
2.220640e-01;4.602742e-02;4.712051e-02;2.558918e-02;2.253491e-02;4.979292e-02;1.748239e-01;4.357515e-02;4.668411e-02;6.381845e-02;1.449270e-01;1.130423e-01
1.794757e-01;3.752011e-02;5.789053e-02;2.929011e-02;2.935407e-02;3.598374e-02;1.628289e-01;5.250121e-02;5.792299e-02;9.595047e-02;1.491953e-01;1.120869e-01
1.447826e-01;4.557925e-02;6.275510e-02;6.436506e-02;4.809448e-02;4.539112e-02;1.556504e-01;5.976198e-02;6.566219e-02;9.631651e-02;1.457065e-01;6.593491e-02
5.376771e-02;9.578603e-02;8.488692e-02;8.006518e-02;4.940454e-02;4.806161e-02;1.352361e-01;6.718637e-02;7.243542e-02;8.547308e-02;1.158159e-01;1.118812e-01
1.285744e-01;1.077023e-01;5.599911e-02;6.845009e-02;5.098469e-02;4.058067e-02;1.187172e-01;7.328922e-02;5.187083e-02;8.413152e-02;8.029068e-02;1.394093e-01
1.178309e-01;7.279447e-02;6.409162e-02;7.957105e-02;6.419168e-02;4.633687e-02;1.436675e-01;7.703313e-02;3.444093e-02;8.088330e-02;6.414910e-02;1.550095e-01
7.576838e-02;4.649552e-02;9.937995e-02;6.568386e-02;6.860153e-02;5.939182e-02;1.495936e-01;7.919000e-02;5.952157e-02;9.577745e-02;4.998559e-02;1.506107e-01
9.823541e-02;4.815822e-02;9.637519e-02;5.969908e-02;6.442457e-02;8.165617e-02;1.422331e-01;6.932000e-02;7.120091e-02;8.174542e-02;8.076324e-02;1.061888e-01
1.456290e-01;7.016946e-02;9.390200e-02;5.997052e-02;7.257905e-02;8.041869e-02;1.246928e-01;6.613265e-02;5.590425e-02;6.230292e-02;7.555095e-02;9.274767e-02
7.513670e-02;8.117275e-02;1.047094e-01;5.003394e-02;5.367628e-02;9.081205e-02;2.044277e-01;1.116195e-01;1.012013e-01;5.507687e-02;4.307956e-02;2.905385e-02
8.410227e-02;1.056368e-01;8.151197e-02;2.512017e-02;2.890180e-02;7.676832e-02;2.725738e-01;1.428825e-01;8.889938e-02;4.580316e-02;3.077461e-02;1.702528e-02
1.154451e-01;9.814969e-02;6.177627e-02;1.483426e-02;1.715456e-02;9.580472e-02;2.837109e-01;1.395643e-01;8.223640e-02;5.351815e-02;2.210061e-02;1.570498e-02
1.791910e-01;7.726024e-02;3.817622e-02;7.311043e-03;2.492090e-02;1.431577e-01;2.513746e-01;1.038084e-01;7.792383e-02;6.033123e-02;1.149206e-02;2.505271e-02
2.102548e-01;3.704601e-02;2.668593e-02;6.420987e-03;7.363137e-02;1.702812e-01;1.453860e-01;3.853356e-02;1.066004e-01;4.934940e-02;1.126951e-02;1.245408e-01
9.544136e-02;1.066915e-02;2.178085e-02;1.331421e-02;1.273715e-01;1.035119e-01;6.763335e-02;2.844018e-02;1.832694e-01;1.942303e-02;1.984164e-02;3.093035e-01
2.871957e-02;7.529711e-03;2.013862e-02;1.996592e-02;1.255961e-01;5.566860e-02;6.421480e-02;1.911941e-02;1.734790e-01;1.239090e-02;4.698053e-02;4.261968e-01
1.369731e-02;1.507143e-02;2.090100e-02;2.914478e-02;1.009801e-01;4.572634e-02;5.956370e-02;1.214735e-02;1.216386e-01;1.784171e-02;8.498854e-02;4.782991e-01
2.850977e-02;1.571427e-02;3.211199e-02;4.851658e-02;8.490057e-02;4.005655e-02;3.464531e-02;4.820179e-02;6.986898e-02;3.211554e-02;1.468184e-01;4.185403e-01
2.930186e-02;1.803427e-02;4.010047e-02;7.766195e-02;1.239698e-01;3.258269e-02;3.857622e-02;8.297098e-02;3.145476e-02;4.393712e-02;2.123252e-01;2.690847e-01
2.481651e-02;1.904554e-02;3.979185e-02;1.215886e-01;1.500330e-01;3.570981e-02;3.754991e-02;8.061922e-02;2.565664e-02;4.067839e-02;2.738541e-01;1.506565e-01
2.113593e-02;2.219898e-02;5.038218e-02;2.031961e-01;9.806509e-02;2.146370e-02;2.845205e-02;8.380133e-02;2.715699e-02;2.601546e-02;2.966496e-01;1.214826e-01
1.443067e-02;2.384121e-02;9.790035e-02;3.083349e-01;4.607975e-02;1.351276e-02;2.294451e-02;7.958988e-02;2.032775e-02;1.561923e-02;2.883931e-01;6.902590e-02
8.835622e-03;1.590680e-02;1.903212e-01;3.142866e-01;5.318351e-02;1.424270e-02;1.186693e-02;5.831888e-02;1.252568e-02;1.282657e-02;2.637488e-01;4.393670e-02
5.397777e-03;2.815781e-02;2.651552e-01;2.602218e-01;5.741000e-02;1.404005e-02;7.476963e-03;3.449607e-02;1.360599e-02;1.679422e-02;2.751369e-01;2.210724e-02
1.098855e-02;3.556189e-02;2.818103e-01;1.971769e-01;4.829917e-02;1.586254e-02;9.684503e-03;2.414434e-02;1.967822e-02;7.844669e-02;2.644818e-01;1.386511e-02
1.498217e-02;3.033094e-02;2.382060e-01;1.709964e-01;3.846495e-02;1.821225e-02;1.793903e-02;6.188498e-02;5.730503e-02;1.283577e-01;2.057681e-01;1.755250e-02
1.786361e-02;3.080376e-02;2.120523e-01;1.767944e-01;8.671256e-02;2.444036e-02;2.588730e-02;9.520948e-02;7.167320e-02;1.173346e-01;1.296265e-01;1.160195e-02
1.750772e-02;3.218374e-02;1.680288e-01;2.673192e-01;1.405679e-01;3.438563e-02;3.496517e-02;7.594050e-02;3.998959e-02;6.357231e-02;7.571605e-02;4.982343e-02
1.790784e-02;2.313138e-02;1.637767e-01;2.637022e-01;1.843237e-01;4.466726e-02;3.736670e-02;2.147830e-02;4.844572e-02;4.470510e-02;6.243557e-02;8.805952e-02
2.111067e-02;1.640494e-02;1.893314e-01;2.026741e-01;2.126078e-01;5.948431e-02;2.996191e-02;2.828523e-02;5.612008e-02;4.104509e-02;3.766475e-02;1.053097e-01
2.056639e-02;1.847693e-02;1.652062e-01;1.758303e-01;1.974581e-01;5.965061e-02;6.662620e-02;4.149748e-02;8.288864e-02;3.046779e-02;3.124492e-02;1.100864e-01
1.072056e-02;1.517719e-02;1.469274e-01;1.325585e-01;2.332470e-01;6.563931e-02;6.833369e-02;6.332351e-02;1.053420e-01;2.314110e-02;4.134363e-02;9.424607e-02
7.102465e-03;1.685961e-02;1.805994e-01;2.499192e-01;2.110658e-01;6.016392e-02;5.638089e-02;5.411308e-02;5.365592e-02;3.426117e-02;3.722855e-02;3.865000e-02
1.066611e-02;2.681087e-02;2.766088e-01;2.576305e-01;1.606130e-01;4.171846e-02;5.127113e-02;3.154367e-02;2.729966e-02;4.277156e-02;5.191758e-02;2.114870e-02
1.877228e-02;3.159771e-02;3.614876e-01;2.289843e-01;1.158506e-01;1.345098e-02;3.908623e-02;3.107296e-02;2.696342e-02;4.552063e-02;6.625319e-02;2.096012e-02
2.000485e-02;3.086024e-02;3.386204e-01;2.144651e-01;1.128007e-01;2.801032e-02;6.233684e-02;3.508504e-02;3.330762e-02;3.715815e-02;6.819862e-02;1.915204e-02
3.030906e-02;3.117321e-02;2.653133e-01;1.901035e-01;1.140060e-01;5.147544e-02;9.271648e-02;3.856723e-02;4.768246e-02;3.786717e-02;6.345296e-02;3.733319e-02
4.261330e-02;3.583173e-02;2.560788e-01;1.666774e-01;1.010192e-01;4.241693e-02;7.937449e-02;4.567876e-02;5.768481e-02;4.546633e-02;7.588654e-02;5.127167e-02
4.091867e-02;3.595969e-02;2.492228e-01;1.649475e-01;1.016211e-01;3.663763e-02;4.671497e-02;4.780930e-02;5.633752e-02;3.561164e-02;1.042035e-01;8.001575e-02
4.170242e-02;2.876730e-02;1.798735e-01;1.974399e-01;1.016810e-01;5.262948e-02;3.513556e-02;5.395369e-02;4.734832e-02;3.662068e-02;1.325300e-01;9.231815e-02
4.075235e-02;2.553094e-02;1.293179e-01;1.972148e-01;1.016384e-01;4.908146e-02;7.034777e-02;5.379818e-02;6.197336e-02;6.040774e-02;1.188076e-01;9.112955e-02
1.870080e-02;3.662388e-02;1.727628e-01;1.108847e-01;8.751525e-02;5.077024e-02;9.386361e-02;6.079732e-02;4.669018e-02;8.265100e-02;1.248303e-01;1.139100e-01
2.351805e-02;5.677682e-02;1.995163e-01;1.346755e-01;8.056297e-02;5.479490e-02;3.026217e-02;5.130325e-02;1.785441e-02;6.239503e-02;1.609317e-01;1.274089e-01
5.399055e-02;6.101604e-02;1.523718e-01;2.003026e-01;6.209183e-02;6.213876e-02;4.653371e-02;4.383015e-02;3.424827e-02;6.278457e-02;8.284261e-02;1.378490e-01
