2.757201e-01;4.906885e-01;7.822338e-02;7.519007e-03;1.963614e-02;2.697543e-02;2.223013e-02;3.069753e-02;2.466064e-02;1.206182e-02;7.180852e-03;4.406467e-03
3.338677e-01;3.595175e-01;4.548064e-02;2.654003e-02;4.517841e-02;3.172904e-02;3.972261e-02;3.849102e-02;1.630016e-02;1.041849e-02;4.774060e-02;5.013770e-03
3.365487e-01;2.002083e-01;2.496351e-02;5.106330e-02;6.050963e-02;2.784803e-02;6.149603e-02;4.839263e-02;1.293872e-02;2.176019e-02;1.437874e-01;1.048355e-02
2.642232e-01;1.181066e-01;4.018205e-02;3.813913e-02;2.809713e-02;2.892896e-02;9.248251e-02;6.098802e-02;2.195725e-02;4.060899e-02;2.488986e-01;1.738754e-02
2.155527e-01;9.841941e-02;4.924735e-02;2.537154e-02;4.741291e-02;4.311393e-02;1.419929e-01;8.362967e-02;2.352293e-02;5.633979e-02;2.004160e-01;1.498098e-02
1.917906e-01;7.177074e-02;4.589915e-02;5.400192e-02;6.384821e-02;4.409760e-02;2.818820e-01;7.640944e-02;2.458050e-02;5.982897e-02;7.294203e-02;1.294885e-02
1.635649e-01;8.702070e-02;3.101252e-02;3.580574e-02;4.054033e-02;5.815107e-02;3.031849e-01;1.229645e-01;2.360100e-02;3.876947e-02;7.156233e-02;2.382258e-02
1.559251e-01;1.523336e-01;3.309898e-02;4.448070e-02;3.507062e-02;5.012512e-02;1.884256e-01;1.312059e-01;2.908031e-02;6.458203e-02;1.044118e-01;1.126030e-02
2.091246e-01;2.038332e-01;3.964387e-02;4.035763e-02;5.308009e-02;5.724402e-02;1.360736e-01;5.980162e-02;2.040791e-02;4.230326e-02;1.287262e-01;9.404032e-03
1.511282e-01;2.076878e-01;5.483657e-02;4.772822e-02;8.128310e-02;8.609965e-02;1.364403e-01;8.839687e-02;1.952837e-02;2.340937e-02;7.796621e-02;2.549536e-02
5.893407e-02;1.411886e-01;5.916604e-02;4.041212e-02;1.939009e-01;1.151389e-01;1.566435e-01;8.294960e-02;3.500882e-02;1.371535e-02;4.576975e-02;5.717239e-02
4.121192e-02;7.120152e-02;3.994939e-02;5.124074e-02;3.419138e-01;1.124025e-01;1.389734e-01;5.323866e-02;5.251488e-02;8.889509e-03;7.968423e-03;8.049528e-02
2.575897e-02;6.239805e-02;2.101566e-02;9.667034e-02;3.660488e-01;9.714068e-02;1.357643e-01;4.702030e-02;4.710466e-02;1.199845e-02;2.157515e-02;6.750468e-02
4.858256e-02;7.594453e-02;3.862100e-02;2.648665e-01;2.075088e-01;7.076406e-02;1.051066e-01;8.038060e-02;2.662609e-02;1.456360e-02;5.345434e-02;1.358131e-02
6.182773e-02;1.442162e-01;7.404439e-02;3.390552e-01;1.171120e-01;3.903535e-02;3.772699e-02;7.534636e-02;8.794301e-03;1.140682e-02;5.799433e-02;3.344033e-02
1.105308e-01;2.051271e-01;8.737748e-02;2.784673e-01;7.950111e-02;3.623035e-02;3.885850e-02;6.256364e-02;7.350801e-03;8.537935e-03;5.669801e-02;2.875702e-02
1.715994e-01;2.428620e-01;8.426878e-02;1.611198e-01;7.319377e-02;5.177245e-02;5.939993e-02;5.559592e-02;9.486648e-03;1.276563e-02;5.558621e-02;2.234939e-02
1.876035e-01;1.729931e-01;5.224399e-02;1.662188e-01;1.131171e-01;5.648061e-02;8.688578e-02;4.036023e-02;1.270703e-02;2.108378e-02;7.274584e-02;1.756014e-02
1.330093e-01;1.396809e-01;4.607545e-02;2.602506e-01;1.262669e-01;2.994773e-02;8.424769e-02;5.753043e-02;8.982424e-03;1.784740e-02;8.600441e-02;1.015681e-02
1.305447e-01;1.462273e-01;9.874637e-02;1.931668e-01;1.040142e-01;5.296969e-02;9.442922e-02;6.085090e-02;1.225083e-02;1.484399e-02;7.166218e-02;2.029398e-02
9.509142e-02;1.726684e-01;1.064812e-01;1.963138e-01;9.555738e-02;6.184506e-02;8.786286e-02;6.103995e-02;1.173947e-02;1.227484e-02;7.106929e-02;2.805634e-02
1.377247e-01;1.864482e-01;6.654160e-02;1.560526e-01;6.635599e-02;7.146233e-02;9.724209e-02;5.246667e-02;2.112475e-02;1.942834e-02;8.981518e-02;3.533756e-02
1.855211e-01;1.175302e-01;5.945647e-02;1.222785e-01;6.132989e-02;5.487252e-02;1.060942e-01;6.480549e-02;3.911409e-02;4.740145e-02;1.121027e-01;2.949345e-02
2.711287e-01;1.888742e-01;5.305015e-02;6.335156e-02;4.709133e-02;2.741844e-02;7.388920e-02;8.909582e-02;2.244149e-02;3.998662e-02;1.021427e-01;2.152980e-02
3.396861e-01;2.638163e-01;3.181705e-02;3.424813e-02;3.663652e-02;1.982162e-02;6.348734e-02;9.270047e-02;6.284731e-03;2.099379e-02;6.730030e-02;2.320767e-02
4.041461e-01;2.518278e-01;2.674290e-02;1.753380e-02;3.538844e-02;2.335473e-02;5.213951e-02;9.675628e-02;7.647397e-03;1.087516e-02;5.167610e-02;2.191176e-02
4.714169e-01;1.919040e-01;2.636524e-02;1.283495e-02;2.802600e-02;4.180230e-02;5.730148e-02;1.147191e-01;5.731746e-03;6.413042e-03;2.491328e-02;1.857195e-02
4.565291e-01;1.210800e-01;1.893029e-02;1.825804e-02;1.684472e-02;7.924274e-02;9.321062e-02;1.183402e-01;6.573007e-03;1.101405e-02;3.232243e-02;2.765473e-02
3.404523e-01;8.736315e-02;1.634546e-02;3.714209e-02;1.347530e-02;1.260152e-01;1.359532e-01;1.216723e-01;9.508010e-03;1.673564e-02;5.695875e-02;3.837857e-02
2.848608e-01;7.304807e-02;1.705218e-02;4.571930e-02;1.656806e-02;1.622138e-01;1.446267e-01;1.370081e-01;2.115065e-02;1.658371e-02;4.976986e-02;3.139878e-02
3.081078e-01;8.996396e-02;3.303572e-02;2.629616e-02;2.218661e-02;1.552414e-01;1.288068e-01;1.618719e-01;2.810426e-02;1.482654e-02;1.365028e-02;1.790841e-02
3.053293e-01;7.051307e-02;2.762732e-02;3.878826e-02;1.882080e-02;1.408459e-01;1.358905e-01;1.609258e-01;2.709300e-02;1.856044e-02;2.745632e-02;2.814919e-02
2.855375e-01;5.265890e-02;1.331946e-02;4.052997e-02;1.221240e-02;1.380277e-01;1.604731e-01;1.534858e-01;2.267324e-02;2.384184e-02;5.447886e-02;4.276117e-02
2.155744e-01;7.146477e-02;1.499393e-02;3.739299e-02;1.739349e-02;1.092546e-01;1.405384e-01;1.312942e-01;2.125859e-02;2.729749e-02;1.456190e-01;6.791804e-02
1.494348e-01;9.554178e-02;1.967504e-02;3.183385e-02;3.316894e-02;8.224163e-02;1.197462e-01;1.231415e-01;2.474440e-02;3.923582e-02;1.979698e-01;8.326628e-02
3.108751e-01;7.638697e-02;2.854544e-02;4.132131e-02;4.081015e-02;5.580039e-02;1.081513e-01;9.197375e-02;2.893230e-02;3.719219e-02;1.129929e-01;6.701823e-02
2.889458e-01;1.475669e-01;2.157342e-02;3.295296e-02;3.213810e-02;5.723649e-02;1.467445e-01;7.753892e-02;2.313728e-02;1.492169e-02;1.048637e-01;5.238020e-02
2.504366e-01;2.293364e-01;1.825630e-02;1.587731e-02;2.757349e-02;5.999000e-02;1.436861e-01;5.760834e-02;5.480589e-02;1.750005e-02;7.528516e-02;4.964435e-02
1.734778e-01;3.107680e-01;1.813652e-02;2.708407e-02;1.048032e-02;9.915679e-02;7.978886e-02;2.285620e-02;1.020290e-01;4.948460e-02;4.443849e-02;6.229930e-02
6.868784e-02;2.877040e-01;2.705063e-02;2.577374e-02;6.794890e-03;1.551006e-01;3.218663e-02;2.166293e-02;1.197654e-01;1.189479e-01;4.401926e-02;9.230611e-02
3.207163e-02;2.385300e-01;5.807074e-02;2.133778e-02;9.452778e-03;1.522954e-01;2.104514e-02;2.747814e-02;1.286432e-01;1.564375e-01;5.201509e-02;1.026226e-01
3.761663e-02;2.052256e-01;1.167416e-01;1.533047e-02;2.479262e-02;1.047222e-01;2.394337e-02;3.727891e-02;1.256053e-01;1.587543e-01;4.739290e-02;1.025961e-01
2.945697e-02;1.492844e-01;2.458177e-01;1.131121e-02;5.461876e-02;5.026518e-02;5.686696e-02;3.523707e-02;8.062102e-02;1.887412e-01;2.434979e-02;7.342971e-02
4.080041e-02;9.914692e-02;3.429349e-01;7.318405e-03;7.253818e-02;2.262117e-02;1.209041e-01;1.548934e-02;3.590965e-02;2.074441e-01;1.110240e-02;2.379048e-02
6.107013e-02;5.668000e-02;3.375731e-01;1.323505e-02;6.297014e-02;1.679755e-02;1.848521e-01;8.034339e-03;1.241725e-02;2.034728e-01;2.406764e-02;1.882987e-02
8.891441e-02;3.701597e-02;3.108541e-01;1.639692e-02;3.881890e-02;2.140508e-02;2.248128e-01;8.624543e-03;8.038304e-03;2.082056e-01;2.346724e-02;1.344617e-02
1.052012e-01;3.574779e-02;3.011249e-01;1.569632e-02;2.418109e-02;2.248477e-02;2.154639e-01;1.269591e-02;1.580095e-02;2.146782e-01;2.418960e-02;1.273543e-02
8.217714e-02;4.387111e-02;2.848659e-01;1.295333e-02;4.640003e-02;1.882550e-02;1.692919e-01;8.737470e-03;4.309407e-02;2.551084e-01;2.153310e-02;1.314191e-02
4.457814e-02;6.710944e-02;2.381449e-01;1.244027e-02;5.399482e-02;2.702974e-02;1.185411e-01;2.677760e-02;1.036106e-01;2.626623e-01;1.595878e-02;2.915233e-02
3.818668e-02;9.893776e-02;1.777770e-01;1.293582e-02;4.834924e-02;2.884663e-02;9.778253e-02;6.982416e-02;1.421696e-01;2.179398e-01;1.645734e-02;5.079340e-02
9.207892e-02;1.696857e-01;1.231939e-01;1.493696e-02;3.837760e-02;3.599038e-02;8.314571e-02;8.651213e-02;1.023776e-01;1.425752e-01;3.929616e-02;7.182974e-02
1.458949e-01;2.072187e-01;7.985328e-02;1.397170e-02;3.654900e-02;5.596763e-02;6.648750e-02;7.873433e-02;5.786471e-02;8.087770e-02;9.756379e-02;7.901682e-02
1.347554e-01;1.803847e-01;7.298980e-02;2.455210e-02;4.141457e-02;5.621820e-02;9.605895e-02;5.818349e-02;4.678889e-02;7.211412e-02;1.547991e-01;6.174067e-02
1.273543e-01;1.215337e-01;8.606714e-02;4.025834e-02;4.036978e-02;5.865758e-02;9.360453e-02;7.616477e-02;5.500361e-02;5.641189e-02;1.939835e-01;5.059079e-02
1.737439e-01;7.414351e-02;6.387993e-02;4.816807e-02;3.845964e-02;6.961697e-02;7.076732e-02;9.004012e-02;4.603433e-02;6.484886e-02;2.059783e-01;5.431898e-02
2.712039e-01;9.028226e-02;4.190949e-02;3.433067e-02;2.792180e-02;5.403978e-02;6.049006e-02;5.604404e-02;3.776804e-02;7.500124e-02;1.958814e-01;5.512733e-02
4.074192e-01;1.062253e-01;3.682378e-02;3.705540e-02;1.130296e-02;8.316616e-02;5.002201e-02;3.244451e-02;3.991158e-02;7.991652e-02;7.985132e-02;3.586128e-02
4.384893e-01;1.009267e-01;2.390768e-02;3.523442e-02;9.254331e-03;9.030530e-02;4.976164e-02;3.495664e-02;1.999012e-02;7.456820e-02;9.046225e-02;3.214341e-02
3.664961e-01;1.208104e-01;1.590889e-02;4.948615e-02;1.572688e-02;5.934196e-02;7.262993e-02;3.129610e-02;9.373635e-03;5.863367e-02;1.359222e-01;6.437402e-02
2.701027e-01;1.268499e-01;1.200848e-02;4.834317e-02;2.208394e-02;2.843057e-02;1.033743e-01;3.175657e-02;9.592423e-03;4.726452e-02;2.273715e-01;7.282186e-02
2.338578e-01;9.544273e-02;2.354463e-02;2.451975e-02;2.571547e-02;2.293240e-02;8.783063e-02;4.370276e-02;1.520079e-02;4.431977e-02;3.420877e-01;4.084550e-02
2.591956e-01;4.908284e-02;3.289547e-02;1.387034e-02;2.518272e-02;4.031210e-02;5.355232e-02;5.016904e-02;1.608251e-02;5.076046e-02;3.797542e-01;2.914241e-02
2.894357e-01;3.845898e-02;3.898662e-02;2.634638e-02;2.466604e-02;4.754853e-02;7.717701e-02;8.221749e-02;2.574565e-02;5.647023e-02;2.466522e-01;4.629514e-02
2.445110e-01;6.779307e-02;4.246311e-02;4.710479e-02;1.598114e-02;3.934779e-02;1.458703e-01;1.337329e-01;4.209466e-02;4.422171e-02;1.220827e-01;5.479678e-02
1.997860e-01;6.197547e-02;3.660439e-02;3.653648e-02;7.358964e-03;2.375289e-02;2.131852e-01;1.359104e-01;3.702600e-02;2.568192e-02;1.783845e-01;4.379767e-02
1.575224e-01;7.755102e-02;4.984680e-02;5.996546e-02;1.676776e-02;3.560787e-02;2.498086e-01;9.794664e-02;4.587587e-02;3.412611e-02;1.261712e-01;4.881030e-02
1.327303e-01;1.139477e-01;4.862509e-02;3.736176e-02;3.318835e-02;5.640924e-02;2.722425e-01;7.781520e-02;5.252142e-02;4.462162e-02;8.887002e-02;4.166680e-02
1.319115e-01;1.185191e-01;6.773332e-02;4.857238e-02;4.211562e-02;5.571877e-02;2.471650e-01;1.212347e-01;4.292561e-02;6.528646e-02;4.460098e-02;1.421669e-02
1.008222e-01;7.914630e-02;7.018225e-02;6.453030e-02;3.535569e-02;3.754076e-02;1.987668e-01;1.549668e-01;3.968472e-02;6.304921e-02;1.278572e-01;2.809779e-02
1.394168e-01;5.415247e-02;5.333360e-02;3.333491e-02;3.233507e-02;3.727294e-02;1.323577e-01;1.089707e-01;2.214337e-02;6.506978e-02;2.899998e-01;3.161279e-02
1.698425e-01;6.405277e-02;4.963417e-02;1.460022e-02;4.557241e-02;3.227673e-02;7.198598e-02;4.692303e-02;1.802297e-02;4.604026e-02;4.192888e-01;2.176018e-02
2.608275e-01;8.562934e-02;3.011049e-02;1.585202e-02;3.632681e-02;2.015258e-02;7.549424e-02;7.243405e-02;1.362069e-02;1.897580e-02;3.266062e-01;4.397028e-02
3.046540e-01;1.467184e-01;1.547131e-02;2.251394e-02;1.664965e-02;1.954174e-02;9.208960e-02;6.757063e-02;9.252725e-03;1.061668e-02;2.264119e-01;6.850942e-02
2.168349e-01;1.748425e-01;1.548753e-02;2.056414e-02;9.170991e-03;2.561020e-02;1.267409e-01;7.120677e-02;1.284515e-02;1.223387e-02;2.312479e-01;8.321521e-02
1.934844e-01;1.463873e-01;1.601144e-02;1.981126e-02;1.677051e-02;2.301105e-02;1.335861e-01;8.870660e-02;1.163817e-02;9.752141e-03;2.596450e-01;8.119591e-02
2.098254e-01;9.742323e-02;2.240201e-02;1.577787e-02;3.384098e-02;3.845137e-02;1.039319e-01;6.929176e-02;1.222984e-02;1.235506e-02;3.271199e-01;5.735070e-02
1.836266e-01;6.957673e-02;2.660466e-02;2.388839e-02;4.044969e-02;6.577045e-02;1.037118e-01;8.296691e-02;1.548698e-02;2.331588e-02;3.276422e-01;3.695976e-02
1.489934e-01;4.385315e-02;2.308612e-02;4.472092e-02;4.698706e-02;8.636557e-02;1.511983e-01;1.289110e-01;1.993690e-02;3.096763e-02;2.258318e-01;4.914816e-02
2.113273e-01;4.892274e-02;2.007907e-02;4.124322e-02;3.307642e-02;6.350237e-02;1.704259e-01;1.341788e-01;1.740226e-02;2.706495e-02;1.656382e-01;6.713883e-02
1.872446e-01;5.690873e-02;2.605074e-02;2.840134e-02;2.493062e-02;4.384843e-02;2.136475e-01;1.060460e-01;2.581934e-02;2.063095e-02;2.091168e-01;5.735495e-02
1.451310e-01;8.442271e-02;3.001321e-02;3.251395e-02;2.246975e-02;3.388641e-02;2.196677e-01;1.205033e-01;3.607162e-02;2.722555e-02;2.051801e-01;4.291475e-02
1.348274e-01;9.934102e-02;3.697553e-02;3.264622e-02;2.747464e-02;4.602437e-02;2.150664e-01;1.258295e-01;3.531710e-02;4.132267e-02;1.730594e-01;3.211576e-02
1.218860e-01;1.097811e-01;4.952644e-02;7.087200e-02;4.636585e-02;1.092579e-01;1.737876e-01;9.932937e-02;3.276399e-02;3.912973e-02;1.157099e-01;3.159014e-02
2.021177e-01;1.640973e-01;3.640549e-02;6.765822e-02;7.192803e-02;1.151106e-01;1.146418e-01;8.511303e-02;3.903931e-02;2.045677e-02;6.418116e-02;1.925053e-02
2.106259e-01;2.409223e-01;2.799929e-02;5.429250e-02;7.262746e-02;1.520625e-01;5.606719e-02;7.210692e-02;6.692907e-02;1.686046e-02;2.340157e-02;6.104787e-03
1.735096e-01;3.263061e-01;2.294908e-02;3.688754e-02;3.514824e-02;2.126145e-01;2.418799e-02;4.963773e-02;9.534443e-02;8.268560e-03;8.596184e-03;6.549955e-03
1.168236e-01;3.703756e-01;2.870799e-02;3.473934e-02;3.270196e-02;2.202971e-01;1.945043e-02;3.816624e-02;9.278363e-02;2.534627e-02;8.495775e-03;1.211203e-02
6.585120e-02;4.289095e-01;7.853241e-02;2.834032e-02;2.170386e-02;1.432220e-01;4.006999e-02;3.388567e-02;6.946877e-02;5.967622e-02;1.298149e-02;1.735858e-02
3.723721e-02;4.378500e-01;1.409974e-01;1.509344e-02;2.065546e-02;7.849517e-02;7.530676e-02;2.778839e-02;5.435356e-02;9.235901e-02;8.088420e-03;1.177513e-02
3.454706e-02;4.368713e-01;1.662821e-01;1.360359e-02;2.749717e-02;5.130393e-02;8.334735e-02;2.374707e-02;4.999392e-02;9.480284e-02;9.063791e-03;8.939843e-03
6.672087e-02;4.873477e-01;1.403874e-01;1.023785e-02;2.279516e-02;4.807835e-02;4.890333e-02;3.368400e-02;3.764971e-02;7.738795e-02;1.271485e-02;1.409292e-02
1.143232e-01;4.628268e-01;9.652921e-02;8.874829e-03;1.725766e-02;7.747520e-02;4.019918e-02;4.193312e-02;4.163502e-02;5.014937e-02;3.130391e-02;1.749256e-02
1.685205e-01;3.659288e-01;7.252713e-02;1.019070e-02;2.813709e-02;8.410966e-02;5.861633e-02;5.530344e-02;3.705624e-02;3.453929e-02;6.698290e-02;1.808797e-02
1.770337e-01;2.791379e-01;5.403800e-02;2.294792e-02;4.110711e-02;8.051007e-02;9.140551e-02;8.764770e-02;3.342955e-02;2.425818e-02;8.553202e-02;2.295233e-02
1.417511e-01;2.092830e-01;5.218708e-02;4.890713e-02;6.777031e-02;7.704993e-02;1.217772e-01;9.704316e-02;3.574915e-02;5.682201e-02;5.471767e-02;3.694219e-02
8.830146e-02;1.857711e-01;7.261468e-02;4.406640e-02;6.496940e-02;6.597766e-02;1.318249e-01;1.267165e-01;5.629874e-02;6.747389e-02;5.963336e-02;3.635195e-02
8.317339e-02;1.910165e-01;8.234966e-02;5.548539e-02;5.784110e-02;5.781475e-02;1.154797e-01;1.398076e-01;4.904896e-02;4.770043e-02;8.913212e-02;3.115036e-02
1.163532e-01;1.920357e-01;5.748118e-02;4.374889e-02;1.050152e-01;9.557059e-02;1.092298e-01;9.898295e-02;3.675892e-02;5.120207e-02;6.532793e-02;2.829354e-02
9.625943e-02;1.093505e-01;3.790724e-02;3.616225e-02;8.510590e-02;1.168034e-01;1.640324e-01;1.182220e-01;6.592429e-02;4.438071e-02;8.334541e-02;4.250648e-02
8.118859e-02;1.015357e-01;4.792619e-02;7.932905e-02;7.472699e-02;9.047916e-02;1.711505e-01;1.253757e-01;5.113811e-02;2.708945e-02;9.884532e-02;5.121518e-02
3.705216e-02;1.000132e-01;5.024836e-02;2.293378e-01;9.604996e-02;5.219385e-02;1.269700e-01;1.079905e-01;2.201206e-02;1.849310e-02;1.059149e-01;5.372396e-02
2.240439e-02;8.803082e-02;8.468408e-02;3.006749e-01;1.245801e-01;4.368747e-02;7.019228e-02;1.068172e-01;1.589387e-02;1.314148e-02;9.614631e-02;3.374707e-02
3.657183e-02;1.240448e-01;1.764148e-01;2.449880e-01;9.903932e-02;3.083755e-02;4.684863e-02;9.582358e-02;1.607038e-02;9.404704e-03;1.060500e-01;1.390639e-02
2.384253e-02;1.904637e-01;2.489782e-01;2.310761e-01;5.034311e-02;2.146081e-02;1.959118e-02;6.097285e-02;1.674602e-02;1.544455e-02;1.141206e-01;6.960363e-03
5.043506e-02;1.960900e-01;2.033641e-01;2.255241e-01;4.495071e-02;2.261739e-02;4.850264e-02;2.332873e-02;3.275456e-02;4.533680e-02;9.921299e-02;7.882912e-03
7.144995e-02;2.368609e-01;1.440156e-01;1.389655e-01;6.806765e-02;1.216463e-02;8.175033e-02;4.080136e-02;4.860724e-02;8.995121e-02;6.228948e-02;5.076150e-03
7.521375e-02;3.346526e-01;1.366581e-01;7.487435e-02;6.479744e-02;1.773175e-02;8.726182e-02;3.129927e-02;2.488595e-02;1.203814e-01;2.642005e-02;5.823553e-03
8.163473e-02;4.097345e-01;1.416784e-01;5.378212e-02;4.608301e-02;1.240099e-02;5.573274e-02;2.870392e-02;2.120380e-02;1.162977e-01;2.394297e-02;8.805103e-03
1.262579e-01;4.698050e-01;1.077652e-01;3.108348e-02;1.985656e-02;1.592024e-02;4.900949e-02;4.632844e-02;3.060832e-02;7.589161e-02;2.264219e-02;4.831517e-03
2.302424e-01;4.318124e-01;6.089585e-02;1.873543e-02;1.486821e-02;3.067427e-02;3.917253e-02;5.315807e-02;4.286906e-02;4.474746e-02;2.387765e-02;8.946694e-03
2.827871e-01;3.082363e-01;3.706257e-02;3.646286e-02;2.458332e-02;4.042145e-02;3.212160e-02;6.080589e-02;4.787380e-02;4.477786e-02;6.074357e-02;2.412365e-02
2.178533e-01;1.071017e-01;5.197725e-02;7.629432e-02;4.693757e-02;7.443043e-02;7.969371e-02;8.824061e-02;4.523826e-02;6.600096e-02;1.021788e-01;4.405313e-02
1.416408e-01;1.193698e-01;6.086518e-02;8.303501e-02;3.976673e-02;7.936074e-02;1.212218e-01;1.216809e-01;4.944252e-02;6.984292e-02;8.170713e-02;3.206643e-02
1.030467e-01;1.442053e-01;5.284687e-02;8.182184e-02;3.849917e-02;6.596667e-02;1.294398e-01;1.403860e-01;5.756652e-02;7.281175e-02;7.943131e-02;3.397809e-02
9.365600e-02;1.714827e-01;4.831282e-02;7.918094e-02;6.905816e-02;8.211479e-02;8.073533e-02;1.095692e-01;5.003748e-02;1.137802e-01;5.716296e-02;4.490945e-02
1.396946e-01;1.570717e-01;5.910381e-02;7.643373e-02;5.507038e-02;8.224721e-02;3.719176e-02;9.067757e-02;8.402905e-02;1.320786e-01;4.846891e-02;3.793263e-02
1.576998e-01;1.304109e-01;8.682916e-02;8.679046e-02;5.637226e-02;6.869780e-02;5.476186e-02;8.276214e-02;8.392149e-02;1.033336e-01;4.949507e-02;3.892555e-02
1.370590e-01;1.121758e-01;6.996407e-02;4.247716e-02;8.287521e-02;1.301971e-01;8.742041e-02;7.867959e-02;6.909790e-02;1.133470e-01;3.722442e-02;3.948227e-02
8.229689e-02;9.881578e-02;5.478386e-02;8.663955e-02;6.432986e-02;1.782482e-01;8.168689e-02;7.884505e-02;6.163585e-02;1.113262e-01;2.440740e-02;7.698444e-02
8.587869e-02;7.758769e-02;8.479905e-02;1.280229e-01;3.898487e-02;1.731250e-01;5.807578e-02;9.357179e-02;4.311443e-02;1.043683e-01;3.476785e-02;7.770360e-02
6.119421e-02;8.606827e-02;1.324216e-01;1.089778e-01;6.076277e-02;1.239182e-01;5.184105e-02;1.389689e-01;6.220590e-02;6.404758e-02;5.669827e-02;5.289544e-02
6.527114e-02;1.009496e-01;1.027983e-01;8.584054e-02;6.910711e-02;7.942302e-02;7.103169e-02;1.342072e-01;1.198030e-01;5.344558e-02;4.393632e-02;7.418654e-02
9.188402e-02;1.370646e-01;5.395990e-02;7.915650e-02;8.307104e-02;8.711853e-02;7.600690e-02;9.524360e-02;1.289620e-01;8.071256e-02;3.066766e-02;5.615271e-02
1.156912e-01;1.195064e-01;4.732626e-02;6.558526e-02;7.371189e-02;7.774786e-02;7.555755e-02;1.774050e-01;8.585324e-02;8.346642e-02;3.353230e-02;4.461658e-02
1.395188e-01;1.080932e-01;4.297494e-02;2.926305e-02;4.914496e-02;1.030975e-01;7.324626e-02;2.263726e-01;9.794745e-02;6.365618e-02;2.327136e-02;4.341378e-02
1.349901e-01;8.468606e-02;7.332133e-02;2.019845e-02;6.218048e-02;1.025041e-01;1.025069e-01;1.957401e-01;7.999337e-02;6.046084e-02;4.656047e-02;3.685782e-02
1.979865e-01;1.071963e-01;5.751327e-02;2.313722e-02;4.920882e-02;5.728034e-02;1.288881e-01;1.693137e-01;6.755510e-02;4.737436e-02;7.997543e-02;1.457093e-02
2.555751e-01;1.768055e-01;3.995312e-02;2.062528e-02;2.006961e-02;2.495611e-02;1.082709e-01;1.366684e-01;5.180076e-02;3.490992e-02;1.176262e-01;1.273902e-02
2.992809e-01;2.239261e-01;4.121587e-02;3.857868e-02;1.655643e-02;2.334199e-02;6.695503e-02;7.274374e-02;4.347128e-02;2.887475e-02;1.333514e-01;1.170380e-02
3.127198e-01;2.886949e-01;2.952033e-02;7.085893e-02;2.434240e-02;2.184607e-02;3.395620e-02;3.054778e-02;4.595517e-02;4.181600e-02;9.091603e-02;8.826411e-03
3.620187e-01;2.925892e-01;2.726637e-02;7.391104e-02;4.017691e-02;1.385978e-02;2.505461e-02;2.684806e-02;3.001418e-02;5.159872e-02;5.132470e-02;5.337708e-03
4.795840e-01;2.280119e-01;5.217171e-02;4.315025e-02;5.414454e-02;6.163994e-03;1.981599e-02;4.425980e-02;1.011634e-02;3.746670e-02;2.064396e-02;4.470758e-03
5.975732e-01;1.550325e-01;7.166070e-02;1.680982e-02;4.360742e-02;4.065983e-03;1.344751e-02;5.377143e-02;9.593265e-03;1.486183e-02;1.358332e-02;5.993045e-03
6.750660e-01;1.131489e-01;6.907929e-02;1.152170e-02;2.655586e-02;7.329244e-03;9.414155e-03;4.576798e-02;1.250204e-02;5.370921e-03;1.527107e-02;8.972816e-03
6.982747e-01;9.621776e-02;4.621743e-02;1.224891e-02;1.851251e-02;2.667034e-02;9.289057e-03;3.076923e-02;2.541629e-02;6.675916e-03;1.912638e-02;1.058152e-02
6.660509e-01;7.732102e-02;2.046808e-02;6.008876e-02;1.564431e-02;5.382339e-02;1.230688e-02;1.706836e-02;3.078004e-02;1.229041e-02;2.131623e-02;1.284167e-02
5.804700e-01;5.020919e-02;7.368864e-03;1.303359e-01;1.128058e-02;6.027399e-02;2.058865e-02;1.933392e-02;1.674408e-02;1.749208e-02;6.844322e-02;1.745956e-02
5.506188e-01;2.962020e-02;7.887091e-03;1.639979e-01;1.245067e-02;6.727719e-02;2.991679e-02;3.038082e-02;1.043944e-02;1.684844e-02;6.276810e-02;1.779451e-02
5.496320e-01;7.457167e-02;9.082269e-03;1.242747e-01;9.803036e-03;7.559080e-02;4.508154e-02;3.772784e-02;1.123109e-02;1.653109e-02;2.750844e-02;1.896557e-02
4.416092e-01;1.309478e-01;8.992674e-03;8.194853e-02;6.782530e-03;6.162123e-02;8.819444e-02;5.379528e-02;1.441140e-02;2.020713e-02;5.379909e-02;3.769070e-02
2.078442e-01;1.402127e-01;1.523194e-02;6.799066e-02;1.735340e-02;3.672017e-02;1.077317e-01;7.095277e-02;1.194256e-02;1.873245e-02;2.584206e-01;4.686696e-02
1.971342e-01;6.042624e-02;2.426013e-02;1.520806e-02;1.944877e-02;3.350621e-02;5.734338e-02;8.635595e-02;1.075099e-02;2.294144e-02;4.451003e-01;2.752431e-02
1.871014e-01;2.456089e-02;2.249475e-02;8.611528e-03;1.682170e-02;3.397267e-02;5.352602e-02;1.273928e-01;9.739683e-03;3.505962e-02;4.505075e-01;3.021132e-02
1.293638e-01;2.517557e-02;1.733185e-02;1.229303e-02;1.840013e-02;2.821619e-02;1.161938e-01;2.083343e-01;1.608874e-02;4.555527e-02;3.377230e-01;4.532438e-02
9.744723e-02;3.838362e-02;1.163662e-02;1.836631e-02;1.684750e-02;1.908031e-02;1.920078e-01;2.429795e-01;2.224707e-02;4.779577e-02;2.471658e-01;4.604245e-02
1.594541e-01;4.641113e-02;1.062226e-02;1.283992e-02;1.187953e-02;3.146432e-02;2.093208e-01;1.310174e-01;1.205385e-02;2.791676e-02;3.187101e-01;2.830970e-02
1.340690e-01;4.153701e-02;1.039122e-02;7.236945e-03;2.918712e-02;4.367567e-02;1.766165e-01;1.315065e-01;1.014931e-02;2.770135e-02;3.441332e-01;4.379617e-02
2.101021e-01;3.834387e-02;1.975215e-02;1.549874e-02;3.286553e-02;4.822744e-02;9.437915e-02;8.754112e-02;1.608242e-02;2.345365e-02;3.704755e-01;4.327831e-02
1.913927e-01;8.900832e-02;3.944725e-02;2.229857e-02;2.357424e-02;4.224506e-02;1.075151e-01;6.495702e-02;1.635220e-02;4.321121e-02;3.337733e-01;2.622503e-02
1.870506e-01;9.986906e-02;4.669059e-02;3.321263e-02;2.792498e-02;4.243963e-02;8.607236e-02;1.365181e-01;2.978832e-02;3.863497e-02;2.458850e-01;2.591380e-02
1.233137e-01;5.221609e-02;2.928888e-02;3.602565e-02;2.579581e-02;6.407948e-02;1.546191e-01;1.351366e-01;3.449058e-02;2.823560e-02;2.959452e-01;2.085329e-02
6.208651e-02;6.029416e-02;2.313351e-02;3.452644e-02;1.996725e-02;7.494842e-02;1.415692e-01;7.758420e-02;2.593755e-02;2.960077e-02;4.357768e-01;1.457516e-02
3.807165e-02;7.222606e-02;2.852865e-02;2.498065e-02;2.485334e-02;5.577148e-02;8.654643e-02;6.287224e-02;1.388535e-02;3.372405e-02;5.441420e-01;1.439805e-02
3.861633e-02;9.426498e-02;3.543642e-02;2.857381e-02;4.627211e-02;3.526855e-02;7.956137e-02;5.533169e-02;1.078952e-02;3.837255e-02;5.261487e-01;1.136406e-02
5.978887e-02;1.456302e-01;3.251353e-02;4.785679e-02;5.931563e-02;4.053676e-02;6.159616e-02;8.740424e-02;1.134641e-02;4.094978e-02;4.023186e-01;1.074304e-02
9.087618e-02;1.453526e-01;3.271792e-02;5.766310e-02;4.307501e-02;4.177624e-02;8.897845e-02;2.185129e-01;1.388613e-02;3.090982e-02;2.277121e-01;8.539460e-03
1.286583e-01;8.372673e-02;4.371142e-02;3.570292e-02;2.853032e-02;3.088043e-02;1.928292e-01;3.614108e-01;1.187772e-02;1.891161e-02;5.722656e-02;6.534042e-03
1.125698e-01;4.723134e-02;3.537225e-02;4.394191e-02;2.035636e-02;3.456051e-02;2.797504e-01;3.444303e-01;8.330703e-03;1.177797e-02;5.561015e-02;6.068390e-03
7.902607e-02;4.379597e-02;3.291121e-02;3.994970e-02;1.227948e-02;4.970367e-02;3.044065e-01;2.627736e-01;6.309178e-03;1.135495e-02;1.532921e-01;4.197574e-03
8.427369e-02;6.745031e-02;4.481696e-02;1.854051e-02;1.501107e-02;4.187222e-02;1.673117e-01;1.843986e-01;6.523462e-03;1.742277e-02;3.412458e-01;1.113288e-02
1.229041e-01;7.748657e-02;4.562910e-02;1.123374e-02;1.727912e-02;2.811139e-02;7.220597e-02;1.356703e-01;9.310367e-03;2.293362e-02;4.378667e-01;1.936909e-02
1.301288e-01;7.546318e-02;3.814384e-02;1.314275e-02;1.741507e-02;2.990185e-02;9.531756e-02;1.060993e-01;9.508580e-03;2.651778e-02;4.281607e-01;3.020069e-02
1.308841e-01;1.466032e-01;3.963426e-02;2.537247e-02;1.186454e-02;2.415293e-02;7.825659e-02;1.017322e-01;1.227141e-02;2.599727e-02;3.688128e-01;3.441814e-02
1.479367e-01;2.082790e-01;7.297701e-02;3.903536e-02;1.545622e-02;2.824065e-02;8.320287e-02;6.696219e-02;1.401720e-02;2.602293e-02;2.767968e-01;2.107308e-02
1.381475e-01;2.272798e-01;6.547903e-02;3.098698e-02;2.577025e-02;4.066837e-02;1.420651e-01;1.108023e-01;1.387333e-02;2.365034e-02;1.700580e-01;1.121901e-02
1.161399e-01;2.098121e-01;4.208590e-02;2.641262e-02;3.999895e-02;4.025523e-02;1.925209e-01;1.408850e-01;1.563059e-02;1.809116e-02;1.411901e-01;1.697765e-02
6.433742e-02;2.012190e-01;7.630475e-02;2.832067e-02;5.615638e-02;3.971300e-02;1.397099e-01;9.538309e-02;1.767452e-02;2.133265e-02;2.311320e-01;2.871653e-02
5.914662e-02;1.116644e-01;5.896359e-02;5.783531e-02;3.211020e-02;4.134363e-02;1.097059e-01;1.098989e-01;2.329784e-02;2.649320e-02;3.478523e-01;2.168810e-02
