3.721328e-02;2.662714e-02;8.603443e-02;2.654287e-02;9.056327e-02;1.583169e-01;4.307889e-01;3.134863e-02;1.810175e-02;4.212990e-02;2.404635e-02;2.828657e-02
2.259227e-02;4.153137e-02;2.112058e-02;1.473199e-02;6.888089e-02;1.423407e-01;6.084220e-01;2.485756e-02;1.242649e-02;2.050022e-02;1.162358e-02;1.097237e-02
1.100543e-02;5.619424e-02;9.843718e-03;5.396416e-03;5.372106e-02;8.414419e-02;6.990530e-01;3.776427e-02;1.495435e-02;7.113494e-03;1.673535e-02;4.074443e-03
6.892675e-03;5.781456e-02;1.560686e-02;3.580214e-03;5.386987e-02;5.384110e-02;7.146051e-01;4.994282e-02;1.264614e-02;7.922642e-03;2.046606e-02;2.811966e-03
1.576514e-02;6.347859e-02;2.218055e-02;6.194393e-03;5.202594e-02;4.305686e-02;6.952426e-01;5.165761e-02;1.157310e-02;8.074895e-03;2.426855e-02;6.481797e-03
1.884851e-02;9.339774e-02;2.303896e-02;1.026533e-02;4.080719e-02;3.729580e-02;6.589839e-01;4.904980e-02;1.443936e-02;1.095710e-02;3.280595e-02;1.011039e-02
2.222603e-02;1.050647e-01;1.858352e-02;1.290419e-02;4.858971e-02;4.789299e-02;6.326613e-01;3.542578e-02;2.235456e-02;1.150113e-02;3.594773e-02;6.848338e-03
3.475322e-02;8.269927e-02;1.652196e-02;2.635216e-02;6.093318e-02;1.018999e-01;5.823982e-01;2.029991e-02;2.298195e-02;2.218054e-02;2.771831e-02;1.261326e-03
6.498182e-02;2.754875e-02;1.193759e-02;3.650450e-02;9.110275e-02;1.669747e-01;5.204766e-01;1.918077e-02;1.510085e-02;3.172566e-02;1.076367e-02;3.702280e-03
6.608710e-02;1.861015e-02;2.870874e-02;2.531090e-02;1.358448e-01;1.722305e-01;4.804251e-01;1.682803e-02;1.646199e-02;2.322516e-02;3.343947e-03;1.292359e-02
3.616400e-02;1.924713e-02;7.441100e-02;2.653348e-02;1.970325e-01;1.252736e-01;4.133228e-01;1.719755e-02;3.184191e-02;1.432125e-02;3.354344e-03;4.130045e-02
1.720414e-02;1.883715e-02;1.629894e-01;5.867150e-02;2.400026e-01;7.440783e-02;2.682391e-01;2.387482e-02;4.061397e-02;1.572346e-02;1.292577e-02;6.651024e-02
1.054270e-02;2.122799e-02;2.487986e-01;9.651498e-02;1.879376e-01;6.872995e-02;2.180676e-01;3.070593e-02;2.185574e-02;2.291461e-02;3.429248e-02;3.841188e-02
9.117046e-03;2.098810e-02;3.195577e-01;1.337064e-01;1.310222e-01;4.807605e-02;2.065496e-01;3.447541e-02;8.761619e-03;1.543716e-02;6.366630e-02;8.642339e-03
7.899005e-03;1.627734e-02;3.535472e-01;1.364662e-01;1.107568e-01;5.994361e-02;1.871498e-01;2.583534e-02;7.460765e-03;7.461078e-03;7.915913e-02;8.043739e-03
6.969412e-03;1.145806e-02;4.040494e-01;1.282590e-01;9.337866e-02;6.061902e-02;1.658096e-01;1.886435e-02;8.481179e-03;9.046531e-03;8.260848e-02;1.045631e-02
8.427543e-03;1.181961e-02;4.675485e-01;1.167257e-01;7.704277e-02;4.583608e-02;1.387616e-01;1.834759e-02;1.144653e-02;1.628242e-02;8.100653e-02;6.755052e-03
1.212503e-02;1.199275e-02;4.990716e-01;9.109988e-02;9.248915e-02;4.965876e-02;1.202459e-01;1.301321e-02;1.976332e-02;1.333918e-02;7.125566e-02;5.945591e-03
1.148338e-02;1.024952e-02;5.544409e-01;8.246276e-02;9.204250e-02;1.509468e-02;1.083387e-01;1.365863e-02;2.385907e-02;9.378332e-03;7.319127e-02;5.800246e-03
9.958507e-03;1.004824e-02;5.348066e-01;7.340756e-02;1.043310e-01;4.283217e-02;1.158722e-01;1.521685e-02;2.259648e-02;7.363553e-03;5.795399e-02;5.612928e-03
1.236935e-02;1.080356e-02;5.768043e-01;7.015602e-02;1.104091e-01;4.311162e-02;8.954044e-02;1.237747e-02;1.848519e-02;8.219271e-03;4.322672e-02;4.496924e-03
1.152242e-02;1.444047e-02;5.371606e-01;7.301372e-02;1.196921e-01;5.225303e-02;1.218567e-01;1.237146e-02;1.289248e-02;8.492365e-03;3.000960e-02;6.294988e-03
1.677775e-02;1.024080e-02;4.899212e-01;7.542231e-02;1.342788e-01;5.544384e-02;1.266704e-01;1.750088e-02;1.801499e-02;1.251523e-02;3.291075e-02;1.030305e-02
1.442025e-02;1.057463e-02;5.580290e-01;6.786612e-02;1.153698e-01;3.376126e-02;1.133327e-01;1.518191e-02;1.591596e-02;1.059248e-02;3.666725e-02;8.288614e-03
7.314383e-03;1.341327e-02;5.533825e-01;5.747839e-02;1.237333e-01;5.566868e-02;1.308471e-01;8.790606e-03;9.799597e-03;4.419826e-03;2.905635e-02;6.095921e-03
6.999186e-03;1.762043e-02;5.635965e-01;6.922553e-02;1.197530e-01;3.549777e-02;1.237450e-01;1.196559e-02;8.793090e-03;4.734141e-03;3.102214e-02;7.047620e-03
1.035328e-02;1.878042e-02;5.070687e-01;7.348537e-02;1.093039e-01;4.503912e-02;1.678836e-01;1.561107e-02;8.444362e-03;7.230802e-03;3.175320e-02;5.046238e-03
9.601025e-03;1.701195e-02;5.289788e-01;7.435795e-02;7.876114e-02;2.919491e-02;1.885451e-01;1.726155e-02;9.068164e-03;7.230336e-03;3.371255e-02;6.276548e-03
1.238627e-02;1.560760e-02;5.255203e-01;6.683070e-02;8.558717e-02;3.606253e-02;1.868253e-01;1.617764e-02;9.458209e-03;8.839478e-03;3.180456e-02;4.900265e-03
1.429694e-02;2.222276e-02;5.035707e-01;5.992636e-02;1.059709e-01;3.947771e-02;1.475639e-01;1.356778e-02;2.235023e-02;1.608419e-02;4.203794e-02;1.293053e-02
6.571290e-02;5.062238e-02;2.612359e-01;7.779476e-02;1.095966e-01;5.545571e-02;1.321718e-01;2.866762e-02;3.949580e-02;3.555816e-02;7.518791e-02;6.850050e-02
6.992811e-02;5.330297e-02;2.024170e-01;1.091220e-01;1.016061e-01;5.446487e-02;9.476946e-02;3.847302e-02;3.468269e-02;5.770597e-02;9.764632e-02;8.588143e-02
3.292566e-02;3.567624e-02;3.711915e-01;1.811165e-01;9.902515e-02;2.758563e-02;5.984351e-02;2.479908e-02;1.814472e-02;5.550219e-02;5.341315e-02;4.077665e-02
1.949253e-02;2.623221e-02;4.178848e-01;2.199649e-01;1.092701e-01;1.955067e-02;8.697709e-02;1.153155e-02;1.282670e-02;4.319976e-02;2.303927e-02;1.003040e-02
1.920502e-02;2.566570e-02;3.963948e-01;1.786755e-01;9.770358e-02;1.271479e-02;1.490823e-01;1.383210e-02;9.024938e-03;5.489187e-02;3.498656e-02;7.822815e-03
2.658372e-02;1.718767e-02;3.535089e-01;9.676331e-02;6.908893e-02;2.148400e-02;2.260170e-01;3.723295e-02;8.765491e-03;9.962054e-02;3.569131e-02;8.056215e-03
4.621726e-02;8.927745e-03;2.932556e-01;3.362763e-02;5.138484e-02;1.528689e-02;2.692012e-01;5.052213e-02;9.684865e-03;1.859324e-01;3.101895e-02;4.940511e-03
7.295480e-02;1.073676e-02;2.473015e-01;2.916599e-02;5.088444e-02;8.564129e-03;2.331114e-01;2.284651e-02;1.631573e-02;2.578705e-01;4.693011e-02;3.318218e-03
1.350374e-01;9.631012e-03;2.391614e-01;2.475385e-02;4.311609e-02;1.012052e-02;1.710253e-01;1.326784e-02;1.156899e-02;2.624306e-01;7.569014e-02;4.196763e-03
2.398157e-01;1.126523e-02;2.425588e-01;2.583073e-02;3.305795e-02;1.048553e-02;1.218337e-01;1.431790e-02;1.843775e-02;2.011401e-01;6.950261e-02;1.175389e-02
3.285141e-01;1.371626e-02;2.557225e-01;2.745253e-02;2.951252e-02;7.807573e-03;1.055980e-01;1.130305e-02;2.010949e-02;1.518917e-01;3.086113e-02;1.751116e-02
3.542105e-01;1.078931e-02;2.847477e-01;3.375924e-02;2.230440e-02;9.221668e-03;7.748559e-02;1.422444e-02;3.682356e-02;1.125808e-01;2.095035e-02;2.290246e-02
2.767505e-01;3.565010e-02;3.039463e-01;7.327042e-02;2.176941e-02;2.230308e-02;3.955306e-02;2.337238e-02;4.371342e-02;7.631557e-02;5.522501e-02;2.813072e-02
2.089381e-01;7.581089e-02;2.706991e-01;8.960328e-02;2.873543e-02;4.104713e-02;4.478835e-02;3.701540e-02;3.215695e-02;7.442312e-02;7.251895e-02;2.426328e-02
1.661859e-01;1.656203e-01;1.876805e-01;7.264778e-02;5.157506e-02;4.650104e-02;6.077154e-02;5.746048e-02;2.657615e-02;6.775430e-02;6.587842e-02;3.134866e-02
1.033618e-01;2.679591e-01;1.182128e-01;8.461222e-02;7.810897e-02;4.215077e-02;4.540627e-02;7.332870e-02;2.316031e-02;6.494059e-02;5.202624e-02;4.673229e-02
5.459877e-02;2.803445e-01;1.024798e-01;1.110515e-01;1.218737e-01;3.090090e-02;3.630533e-02;6.615940e-02;1.714637e-02;7.352659e-02;3.885983e-02;6.675340e-02
2.246978e-02;1.471870e-01;8.549209e-02;1.454965e-01;2.253809e-01;2.906074e-02;5.779291e-02;3.503365e-02;2.469839e-02;8.771414e-02;2.280922e-02;1.168647e-01
1.494789e-02;1.366862e-01;8.727103e-02;1.163781e-01;2.525209e-01;3.095167e-02;8.235652e-02;1.266326e-02;4.181856e-02;5.422277e-02;1.619012e-02;1.539929e-01
2.517737e-02;1.328204e-01;9.474619e-02;1.029213e-01;2.515940e-01;3.119904e-02;8.395277e-02;1.249971e-02;5.105459e-02;3.922950e-02;1.059899e-02;1.642062e-01
4.737213e-02;2.414654e-01;1.198555e-01;9.911433e-02;1.783040e-01;3.960351e-02;6.032382e-02;1.752524e-02;3.414122e-02;4.610094e-02;1.420919e-02;1.019847e-01
6.246693e-02;3.332081e-01;1.426469e-01;9.992626e-02;9.514660e-02;4.115478e-02;3.543857e-02;2.596628e-02;2.869604e-02;4.697072e-02;4.283915e-02;4.553973e-02
5.844984e-02;2.859228e-01;2.381259e-01;1.042781e-01;6.320709e-02;4.075370e-02;3.564791e-02;2.961580e-02;1.960208e-02;4.305432e-02;6.318364e-02;1.815890e-02
4.576803e-02;1.461946e-01;3.975064e-01;7.997796e-02;5.836221e-02;5.041196e-02;5.642092e-02;2.567183e-02;3.581047e-02;2.942930e-02;5.931898e-02;1.512732e-02
2.731366e-02;1.099918e-01;4.681638e-01;5.708971e-02;7.594779e-02;3.733350e-02;6.002509e-02;2.808371e-02;4.525330e-02;2.041284e-02;3.575188e-02;3.463295e-02
4.070049e-02;1.771100e-01;3.631166e-01;4.260337e-02;9.460059e-02;4.018126e-02;6.828642e-02;3.739721e-02;3.734197e-02;2.549816e-02;2.881345e-02;4.435049e-02
4.183532e-02;1.521917e-01;3.084587e-01;3.862340e-02;1.261939e-01;5.593089e-02;7.514959e-02;2.464979e-02;4.435971e-02;4.783794e-02;4.562991e-02;3.913913e-02
4.644878e-02;7.837864e-02;4.191821e-01;6.121952e-02;1.008648e-01;3.967567e-02;5.954413e-02;2.507536e-02;2.815588e-02;5.276819e-02;4.461695e-02;4.406994e-02
5.767758e-02;1.958074e-01;3.809398e-01;6.602620e-02;7.420721e-02;2.467186e-02;3.176522e-02;2.418357e-02;2.560713e-02;4.111794e-02;2.972860e-02;4.826748e-02
7.455838e-02;2.373066e-01;1.502948e-01;5.456988e-02;8.080351e-02;4.246570e-02;8.044925e-02;3.535682e-02;6.805595e-02;4.956915e-02;4.371292e-02;8.285695e-02
5.513574e-02;1.113634e-01;1.113156e-01;5.334420e-02;7.569259e-02;7.207071e-02;1.756275e-01;5.701245e-02;9.185766e-02;6.311920e-02;6.218829e-02;7.127266e-02
5.634068e-02;6.499136e-02;1.068226e-01;5.794474e-02;1.410691e-01;8.665115e-02;2.061122e-01;3.490565e-02;1.088626e-01;5.060357e-02;4.137870e-02;4.431760e-02
4.930148e-02;3.955767e-02;1.785925e-01;5.717016e-02;1.852560e-01;7.507470e-02;1.521456e-01;1.743823e-02;1.156747e-01;5.205969e-02;1.850991e-02;5.921919e-02
3.259568e-02;4.029278e-02;2.230469e-01;7.956376e-02;2.048593e-01;5.457824e-02;9.498181e-02;1.954358e-02;1.000789e-01;7.818823e-02;1.176561e-02;6.050522e-02
1.431441e-02;6.527840e-02;1.916745e-01;1.471662e-01;1.668883e-01;7.828478e-02;5.037477e-02;4.065946e-02;5.618411e-02;1.187123e-01;3.092944e-02;3.953334e-02
5.918811e-03;6.528956e-02;1.761598e-01;1.936361e-01;9.126606e-02;1.817713e-01;3.665878e-02;5.790837e-02;4.055945e-02;9.119047e-02;4.837100e-02;1.127039e-02
1.876942e-02;3.119215e-02;2.547226e-01;1.391727e-01;5.292626e-02;2.500672e-01;5.613700e-02;4.149992e-02;7.160148e-02;3.716174e-02;4.063950e-02;6.110053e-03
3.065507e-02;2.154684e-02;3.265441e-01;5.883980e-02;5.596111e-02;1.698780e-01;1.170790e-01;3.627985e-02;8.593781e-02;6.954955e-02;1.827054e-02;9.458372e-03
3.352518e-02;4.631704e-02;3.114328e-01;5.228689e-02;7.144590e-02;7.668953e-02;1.562637e-01;5.927397e-02;7.146125e-02;9.989315e-02;6.398574e-03;1.501197e-02
4.684411e-02;6.243107e-02;2.666315e-01;5.379699e-02;7.304030e-02;4.405431e-02;1.717934e-01;6.657964e-02;8.177470e-02;8.967131e-02;2.239137e-02;2.099142e-02
7.033502e-02;5.734882e-02;2.913741e-01;6.057503e-02;5.349424e-02;5.561026e-02;1.372150e-01;4.984434e-02;7.765172e-02;7.120433e-02;4.953561e-02;2.581149e-02
4.485364e-02;4.667107e-02;3.580370e-01;7.461378e-02;5.146536e-02;4.738989e-02;8.405117e-02;6.312447e-02;5.575480e-02;7.752868e-02;6.403916e-02;3.247100e-02
3.492067e-02;5.162826e-02;2.821015e-01;5.922446e-02;7.471471e-02;7.059520e-02;1.000681e-01;7.163006e-02;6.033124e-02;9.434177e-02;7.147421e-02;2.896975e-02
3.400244e-02;7.275430e-02;1.240493e-01;6.220917e-02;1.054659e-01;8.643602e-02;1.116672e-01;8.254649e-02;8.273702e-02;1.074324e-01;7.894494e-02;5.175490e-02
2.906974e-02;6.577099e-02;3.030885e-01;7.008932e-02;8.687079e-02;6.575257e-02;8.330844e-02;8.378901e-02;6.922038e-02;6.278945e-02;4.328386e-02;3.696698e-02
3.499864e-02;5.496301e-02;3.918971e-01;7.487457e-02;8.826767e-02;4.125322e-02;5.348569e-02;8.465108e-02;5.213235e-02;6.252556e-02;4.033595e-02;2.061526e-02
3.225518e-02;5.413571e-02;3.629426e-01;7.603675e-02;8.400907e-02;7.208655e-02;6.915630e-02;7.342809e-02;3.842882e-02;7.961731e-02;4.158300e-02;1.632061e-02
3.243852e-02;4.404968e-02;3.124953e-01;8.026353e-02;8.404788e-02;9.827162e-02;7.958323e-02;7.174525e-02;5.865364e-02;8.465111e-02;3.353293e-02;2.026733e-02
3.147355e-02;3.726587e-02;1.670203e-01;1.205609e-01;1.058802e-01;1.000043e-01;1.037550e-01;9.673269e-02;8.349320e-02;1.000502e-01;3.106309e-02;2.270068e-02
3.052101e-02;4.743244e-02;1.692924e-01;1.019677e-01;9.236071e-02;1.255407e-01;1.304860e-01;9.197110e-02;5.481195e-02;1.046712e-01;3.533773e-02;1.560701e-02
7.276589e-02;7.709367e-02;1.225764e-01;7.605623e-02;1.130214e-01;1.274570e-01;1.246960e-01;6.075407e-02;4.989531e-02;8.150800e-02;4.844606e-02;4.572991e-02
1.034928e-01;1.069553e-01;9.208578e-02;7.387669e-02;9.869293e-02;8.969120e-02;1.524122e-01;6.118799e-02;4.100325e-02;6.082527e-02;5.390621e-02;6.587032e-02
1.107989e-01;5.787925e-02;1.048775e-01;6.179658e-02;9.951902e-02;1.056157e-01;1.824868e-01;5.251694e-02;7.814586e-02;6.720550e-02;3.733211e-02;4.182579e-02
1.046637e-01;1.852182e-02;1.019410e-01;5.548137e-02;1.199115e-01;9.606680e-02;1.715294e-01;4.058582e-02;1.189827e-01;6.082073e-02;2.761178e-02;8.388342e-02
7.569396e-02;2.715517e-02;1.281307e-01;6.057985e-02;1.333928e-01;7.448719e-02;1.240080e-01;2.935766e-02;1.300028e-01;4.503151e-02;3.994774e-02;1.322127e-01
4.489035e-02;6.176217e-02;1.715243e-01;6.769675e-02;1.079492e-01;5.984697e-02;8.119159e-02;4.962428e-02;9.929595e-02;4.524207e-02;7.404874e-02;1.369276e-01
8.064690e-02;6.714565e-02;2.111357e-01;8.700674e-02;5.328475e-02;4.598255e-02;7.632737e-02;5.241287e-02;5.815939e-02;6.098623e-02;1.011152e-01;1.057967e-01
1.644955e-01;5.559980e-02;2.409842e-01;1.029060e-01;3.907024e-02;2.673977e-02;5.202436e-02;4.765766e-02;5.879197e-02;5.392719e-02;8.543612e-02;7.236715e-02
1.974633e-01;5.067703e-02;2.713645e-01;9.455674e-02;3.853857e-02;1.643055e-02;6.223936e-02;3.438226e-02;5.912037e-02;6.596354e-02;6.208804e-02;4.717575e-02
2.343940e-01;3.389003e-02;2.910665e-01;4.876953e-02;4.942410e-02;8.962798e-03;9.131549e-02;1.786085e-02;5.336198e-02;1.089666e-01;3.909001e-02;2.289806e-02
2.980385e-01;2.450996e-02;2.578840e-01;6.613729e-02;4.960455e-02;1.291984e-02;8.352644e-02;1.683650e-02;6.033963e-02;9.620657e-02;2.423596e-02;9.760902e-03
3.142514e-01;4.194519e-02;2.579503e-01;8.740427e-02;3.551950e-02;1.538690e-02;6.546880e-02;9.710038e-03;7.826804e-02;6.003619e-02;2.858484e-02;5.474552e-03
2.666294e-01;4.471593e-02;3.308275e-01;6.043751e-02;4.539550e-02;9.406233e-03;8.837162e-02;5.158472e-03;7.220305e-02;4.976001e-02;2.271442e-02;4.380307e-03
1.609044e-01;3.355254e-02;4.141475e-01;2.997420e-02;9.744646e-02;4.860122e-03;1.192221e-01;3.053333e-03;3.620192e-02;8.611388e-02;1.171691e-02;2.806544e-03
6.591804e-02;3.710500e-02;4.439927e-01;2.345013e-02;1.688494e-01;2.758177e-03;1.148683e-01;3.295029e-03;1.732143e-02;1.146053e-01;4.581518e-03;3.255005e-03
4.251175e-02;7.252934e-02;3.874630e-01;1.726696e-02;2.404130e-01;1.024572e-02;7.825994e-02;8.688941e-03;1.551509e-02;1.179616e-01;4.257678e-03;4.887048e-03
6.481423e-02;8.702818e-02;3.187768e-01;1.830964e-02;2.662523e-01;2.864464e-02;4.949958e-02;1.553036e-02;3.059751e-02;1.028959e-01;6.765929e-03;1.088487e-02
9.213312e-02;6.096160e-02;3.055803e-01;3.104478e-02;1.965707e-01;4.162346e-02;9.356677e-02;1.417664e-02;6.267547e-02;7.677598e-02;1.062400e-02;1.426717e-02
6.323609e-02;5.514655e-02;3.708326e-01;3.711722e-02;1.103977e-01;2.337223e-02;1.504478e-01;8.118549e-03;8.263572e-02;7.347814e-02;1.395957e-02;1.125785e-02
6.384877e-02;8.317776e-02;3.980922e-01;3.208897e-02;6.754518e-02;3.243575e-02;1.298739e-01;1.027764e-02;5.747088e-02;1.039346e-01;1.165257e-02;9.601744e-03
6.414284e-02;1.090016e-01;3.720984e-01;3.265452e-02;5.139256e-02;7.976408e-02;1.025608e-01;1.626701e-02;4.306476e-02;9.975868e-02;1.062596e-02;1.866887e-02
1.124953e-01;9.166114e-02;2.796804e-01;3.453112e-02;6.599644e-02;9.285367e-02;1.133934e-01;2.444224e-02;4.434410e-02;8.445763e-02;2.173082e-02;3.441374e-02
1.539366e-01;5.263350e-02;2.332699e-01;4.350596e-02;7.729272e-02;8.140317e-02;1.241753e-01;2.755367e-02;5.077490e-02;7.778657e-02;3.434667e-02;4.332107e-02
9.798399e-02;5.597929e-02;2.809257e-01;5.121529e-02;7.634151e-02;6.144647e-02;1.204774e-01;2.390697e-02;7.178914e-02;8.100118e-02;3.215617e-02;4.677695e-02
5.677722e-02;7.560013e-02;3.130688e-01;4.651119e-02;1.094455e-01;4.082287e-02;7.277009e-02;2.479227e-02;8.718752e-02;9.826975e-02;3.399359e-02;4.076102e-02
4.845351e-02;1.085135e-01;3.063301e-01;3.143504e-02;1.565310e-01;3.476842e-02;6.201474e-02;2.327089e-02;7.284559e-02;9.081081e-02;3.782752e-02;2.719891e-02
5.066555e-02;1.276704e-01;3.123266e-01;4.606557e-02;1.512901e-01;4.469395e-02;6.242665e-02;2.986800e-02;5.894656e-02;6.404524e-02;3.116625e-02;2.083504e-02
4.442291e-02;1.169426e-01;3.261322e-01;4.864836e-02;1.357026e-01;6.070459e-02;5.686850e-02;3.975673e-02;4.871289e-02;6.716812e-02;3.177213e-02;2.316838e-02
9.165358e-02;8.977903e-02;2.566965e-01;7.583226e-02;1.098452e-01;6.761234e-02;3.947152e-02;4.193117e-02;6.347711e-02;8.421063e-02;3.633721e-02;4.315353e-02
1.467374e-01;1.094256e-01;1.879115e-01;6.693582e-02;8.107813e-02;5.818604e-02;5.841582e-02;3.487884e-02;7.382842e-02;9.365074e-02;4.439520e-02;4.455649e-02
1.409727e-01;1.059677e-01;1.738872e-01;4.073579e-02;7.082795e-02;5.886747e-02;7.948419e-02;4.467756e-02;8.711493e-02;1.111196e-01;5.907373e-02;2.727118e-02
1.013932e-01;8.009438e-02;2.326932e-01;4.539314e-02;9.096351e-02;4.766337e-02;1.136686e-01;3.596872e-02;7.012219e-02;9.123349e-02;6.843137e-02;2.237486e-02
1.396517e-01;7.089069e-02;2.144070e-01;4.222754e-02;9.119980e-02;4.484313e-02;1.586398e-01;2.618545e-02;4.138886e-02;7.070693e-02;7.148839e-02;2.837070e-02
1.431799e-01;8.015282e-02;1.907793e-01;4.691901e-02;9.123708e-02;4.195671e-02;1.370918e-01;2.899911e-02;6.394174e-02;1.005754e-01;4.982978e-02;2.533728e-02
1.088805e-01;8.516748e-02;1.955408e-01;4.947761e-02;1.239329e-01;4.095069e-02;9.911528e-02;3.401187e-02;7.605439e-02;9.694801e-02;4.166412e-02;4.825626e-02
9.336777e-02;9.065759e-02;2.297916e-01;5.112774e-02;1.309359e-01;4.257190e-02;9.023130e-02;3.610804e-02;4.362934e-02;6.656977e-02;6.539384e-02;5.961509e-02
1.052717e-01;4.570211e-02;1.426994e-01;2.849909e-02;1.067337e-01;7.034749e-02;6.807131e-02;6.319402e-02;1.036671e-01;6.813133e-02;1.151017e-01;8.258102e-02
1.354869e-01;4.115194e-02;8.981588e-02;3.186048e-02;6.045767e-02;7.065963e-02;6.555570e-02;9.700625e-02;1.133941e-01;9.786272e-02;1.364471e-01;6.030166e-02
1.230572e-01;5.733295e-02;7.315285e-02;2.827130e-02;5.731246e-02;5.889814e-02;1.153075e-01;9.242054e-02;1.037750e-01;9.504645e-02;1.463452e-01;4.908044e-02
9.976576e-02;8.333170e-02;7.626603e-02;2.655439e-02;5.391734e-02;5.522402e-02;1.406357e-01;7.499399e-02;9.208556e-02;9.326234e-02;1.563351e-01;4.762815e-02
1.030466e-01;9.267399e-02;8.170168e-02;2.640741e-02;5.431724e-02;5.067928e-02;1.759496e-01;6.740735e-02;9.341634e-02;1.116561e-01;1.138254e-01;2.891905e-02
1.011440e-01;9.173454e-02;6.436795e-02;4.150707e-02;6.843635e-02;5.139712e-02;2.369456e-01;7.124437e-02;7.047088e-02;1.045209e-01;4.865051e-02;4.958072e-02
1.160405e-01;7.941543e-02;9.713380e-02;5.313864e-02;6.458437e-02;6.724627e-02;2.122690e-01;6.790420e-02;6.547995e-02;7.990133e-02;3.278675e-02;6.409977e-02
1.068645e-01;5.394879e-02;1.441040e-01;5.525721e-02;5.257159e-02;7.225119e-02;1.455124e-01;9.163308e-02;9.109113e-02;9.631348e-02;2.904181e-02;6.141087e-02
8.876207e-02;5.525107e-02;1.314162e-01;6.858188e-02;6.200679e-02;5.397788e-02;1.043897e-01;8.436835e-02;1.176719e-01;1.506152e-01;4.845368e-02;3.450526e-02
8.142776e-02;4.361472e-02;1.131196e-01;8.260310e-02;7.646523e-02;4.833201e-02;7.559443e-02;6.858113e-02;1.244325e-01;1.582375e-01;9.365381e-02;3.393813e-02
8.728492e-02;4.491257e-02;1.305510e-01;7.889639e-02;7.152896e-02;4.597153e-02;7.857294e-02;7.518130e-02;9.799043e-02;1.057275e-01;1.188675e-01;6.451492e-02
1.005964e-01;7.200247e-02;2.106571e-01;5.194800e-02;5.284543e-02;8.649486e-02;8.571189e-02;6.281998e-02;4.992500e-02;5.738905e-02;1.008150e-01;6.879485e-02
7.138776e-02;7.571871e-02;2.184950e-01;9.062865e-02;9.002278e-02;1.065136e-01;9.648534e-02;4.424528e-02;3.853240e-02;4.299311e-02;6.001688e-02;6.496043e-02
6.798398e-02;5.216112e-02;1.607002e-01;1.437369e-01;1.100638e-01;1.288649e-01;1.496760e-01;3.281873e-02;3.145998e-02;4.014298e-02;2.896944e-02;5.342202e-02
7.529055e-02;3.271599e-02;8.102944e-02;1.902664e-01;8.726630e-02;1.576070e-01;2.268244e-01;2.621252e-02;2.577456e-02;4.986372e-02;1.403768e-02;3.311142e-02
5.502315e-02;1.910908e-02;4.673595e-02;1.577821e-01;9.199546e-02;1.517134e-01;3.546546e-01;2.058938e-02;3.203658e-02;5.005678e-02;6.972307e-03;1.333129e-02
2.316808e-02;1.536098e-02;3.060406e-02;1.060338e-01;1.052363e-01;1.501127e-01;3.641765e-01;4.521443e-02;3.433546e-02;1.165413e-01;4.634355e-03;4.582095e-03
2.833688e-02;8.720324e-03;1.238990e-02;9.270897e-02;7.749905e-02;2.350942e-01;2.490821e-01;7.890636e-02;2.293919e-02;1.868145e-01;3.896978e-03;3.611524e-03
3.211095e-02;5.362440e-03;1.142646e-02;4.241912e-02;7.921061e-02;3.115790e-01;1.998361e-01;9.938170e-02;1.219110e-02;1.994043e-01;3.823469e-03;3.254785e-03
3.254822e-02;4.277186e-03;3.378142e-02;2.161954e-02;1.149426e-01;3.218747e-01;2.045354e-01;1.020451e-01;1.349599e-02;1.445001e-01;2.585471e-03;3.794283e-03
2.429578e-02;9.379218e-03;1.045633e-01;4.630591e-02;1.796479e-01;2.191773e-01;2.312918e-01;5.545243e-02;4.834807e-02;6.811020e-02;4.950784e-03;8.477353e-03
1.522707e-02;1.309324e-02;2.312519e-01;7.127117e-02;1.518295e-01;1.117944e-01;2.263386e-01;2.645849e-02;6.100049e-02;6.999920e-02;1.202505e-02;9.710925e-03
2.486510e-02;2.891599e-02;3.838890e-01;8.050070e-02;7.441092e-02;5.043956e-02;1.759798e-01;3.468571e-02;3.449598e-02;7.593166e-02;2.280858e-02;1.307702e-02
4.221417e-02;4.502822e-02;4.046944e-01;6.325954e-02;6.076390e-02;5.559872e-02;1.542140e-01;4.349530e-02;2.067903e-02;6.488290e-02;2.865201e-02;1.651778e-02
5.941037e-02;4.142549e-02;3.095378e-01;3.392682e-02;5.551067e-02;1.049772e-01;1.872599e-01;6.415877e-02;1.958997e-02;7.139739e-02;3.315992e-02;1.964564e-02
3.864024e-02;2.878570e-02;3.306330e-01;3.998362e-02;4.242429e-02;9.924128e-02;1.918867e-01;9.123710e-02;3.263552e-02;5.205773e-02;2.958408e-02;2.289075e-02
4.380034e-02;5.110087e-02;3.126349e-01;5.125623e-02;7.147883e-02;9.773207e-02;1.146358e-01;8.835398e-02;6.408887e-02;5.395487e-02;2.151664e-02;2.944668e-02
5.711243e-02;7.799747e-02;2.020907e-01;4.174083e-02;7.541787e-02;9.721573e-02;8.902108e-02;8.860739e-02;1.043853e-01;8.340684e-02;3.526129e-02;4.774310e-02
5.528115e-02;7.235797e-02;9.078476e-02;7.566764e-02;5.088956e-02;8.055758e-02;8.464862e-02;9.390096e-02;1.230782e-01;1.723977e-01;5.311466e-02;4.732119e-02
4.313990e-02;3.942131e-02;1.376855e-01;8.436763e-02;5.247459e-02;5.396494e-02;1.133438e-01;8.248679e-02;1.010268e-01;2.192768e-01;4.040478e-02;3.240719e-02
3.764523e-02;5.615992e-02;2.242287e-01;8.934557e-02;9.927085e-02;6.524228e-02;1.165479e-01;3.320929e-02;7.143744e-02;1.432266e-01;3.882178e-02;2.486451e-02
4.890748e-02;5.574422e-02;2.798229e-01;1.193722e-01;8.823451e-02;6.344772e-02;7.968499e-02;3.547587e-02;9.145796e-02;6.837786e-02;5.818599e-02;1.128824e-02
7.211121e-02;4.170297e-02;3.577293e-01;1.049411e-01;6.182132e-02;4.464438e-02;4.911289e-02;2.560030e-02;1.208222e-01;5.619082e-02;5.113469e-02;1.418887e-02
8.961337e-02;7.459813e-02;3.882539e-01;5.751758e-02;5.164343e-02;2.597052e-02;3.525278e-02;2.421604e-02;1.148653e-01;7.683700e-02;2.514165e-02;3.609034e-02
1.050019e-01;1.495417e-01;3.396426e-01;3.192009e-02;4.119124e-02;3.157996e-02;1.746072e-02;3.409344e-02;9.915471e-02;7.012136e-02;1.792648e-02;6.236592e-02
1.873888e-01;1.636177e-01;2.469481e-01;2.515228e-02;3.072677e-02;3.752137e-02;1.981487e-02;3.553000e-02;9.612802e-02;5.379579e-02;3.073443e-02;7.264189e-02
2.218662e-01;9.981167e-02;2.728940e-01;2.222586e-02;2.839993e-02;3.271108e-02;3.474113e-02;3.043507e-02;6.890222e-02;7.543308e-02;4.073251e-02;7.184725e-02
1.573348e-01;1.008793e-01;3.576887e-01;2.939075e-02;3.800206e-02;2.531561e-02;2.921592e-02;2.741569e-02;6.307018e-02;7.243253e-02;5.023536e-02;4.901925e-02
1.155362e-01;1.700465e-01;2.961229e-01;4.042105e-02;4.582820e-02;2.905294e-02;4.802803e-02;4.000481e-02;8.689708e-02;6.271893e-02;3.738472e-02;2.795857e-02
1.127739e-01;2.000239e-01;1.426705e-01;4.099193e-02;5.953768e-02;4.159045e-02;8.547464e-02;7.731945e-02;9.809793e-02;6.941474e-02;3.757966e-02;3.452519e-02
9.920589e-02;8.489551e-02;3.643318e-01;3.075276e-02;6.851406e-02;3.778476e-02;6.581526e-02;5.943610e-02;6.593360e-02;5.962652e-02;4.161922e-02;2.208448e-02
8.448160e-02;6.767774e-02;4.311351e-01;4.055692e-02;5.903600e-02;2.307452e-02;4.112218e-02;4.250500e-02;7.261913e-02;6.131931e-02;4.348568e-02;3.298683e-02
6.852385e-02;8.879851e-02;3.832808e-01;4.953195e-02;5.629415e-02;3.960419e-02;2.655332e-02;4.617999e-02;7.298128e-02;7.257948e-02;4.814019e-02;4.753232e-02
5.362973e-02;9.784564e-02;2.868688e-01;6.292562e-02;7.964133e-02;7.476138e-02;3.667752e-02;5.951192e-02;6.535659e-02;7.829772e-02;5.271297e-02;5.177083e-02
3.419484e-02;7.317585e-02;1.425297e-01;8.351502e-02;1.161815e-01;8.350940e-02;5.684905e-02;8.667048e-02;7.404215e-02;8.935752e-02;8.874211e-02;7.123241e-02
9.381501e-02;5.937547e-02;1.568830e-01;7.420223e-02;9.581321e-02;7.380860e-02;9.142531e-02;4.662670e-02;9.245481e-02;8.854359e-02;9.588474e-02;3.116734e-02
1.061748e-01;4.748341e-02;2.301270e-01;9.299076e-02;7.682791e-02;5.778787e-02;8.859900e-02;3.597145e-02;7.963590e-02;5.872184e-02;1.115470e-01;1.413304e-02
7.213500e-02;5.874626e-02;2.726275e-01;1.490070e-01;8.154739e-02;3.275106e-02;6.067063e-02;3.354346e-02;8.969062e-02;4.367445e-02;9.226740e-02;1.333923e-02
1.611086e-01;4.103405e-02;2.423347e-01;1.496431e-01;7.542765e-02;2.087647e-02;4.327426e-02;2.000229e-02;1.417711e-01;3.776913e-02;5.383778e-02;1.292078e-02
2.155318e-01;2.222316e-02;2.205143e-01;1.333325e-01;6.980432e-02;2.004668e-02;4.711787e-02;1.822470e-02;1.470398e-01;4.683136e-02;4.692568e-02;1.240787e-02
1.856318e-01;2.224302e-02;2.789482e-01;7.664782e-02;8.934592e-02;1.319118e-02;6.482904e-02;1.127771e-02;9.518414e-02;1.185422e-01;3.644331e-02;7.715696e-03
8.170680e-02;2.296270e-02;3.725836e-01;2.316895e-02;1.349897e-01;8.098075e-03;6.504808e-02;7.861655e-03;4.740025e-02;2.127005e-01;1.472527e-02;8.754348e-03
8.210304e-02;1.930946e-02;3.735647e-01;1.033663e-02;1.469156e-01;3.684647e-03;7.708023e-02;5.335758e-03;1.971591e-02;2.504596e-01;5.545839e-03;5.948625e-03
1.588370e-01;1.179883e-02;3.288979e-01;8.356704e-03;1.142735e-01;3.159288e-03;1.030554e-01;2.125193e-03;1.242949e-02;2.396339e-01;9.433764e-03;7.998959e-03
2.377958e-01;1.135175e-02;2.877309e-01;1.063555e-02;7.505868e-02;3.362830e-03;1.168049e-01;2.946011e-03;1.174565e-02;2.244758e-01;1.337161e-02;4.720504e-03
2.609472e-01;1.044455e-02;2.902376e-01;1.476099e-02;7.140939e-02;2.769541e-03;1.130015e-01;2.810646e-03;1.427813e-02;2.043120e-01;1.244877e-02;2.579750e-03
1.923882e-01;9.459487e-03;3.458906e-01;1.158938e-02;1.059767e-01;3.066226e-03;9.206980e-02;4.501649e-03;1.994858e-02;1.992132e-01;1.108773e-02;4.808445e-03
1.070126e-01;1.904386e-02;3.999564e-01;1.101592e-02;1.266918e-01;4.348613e-03;7.067902e-02;1.292952e-02;2.935052e-02;1.926270e-01;1.105755e-02;1.528717e-02
6.799676e-02;5.446007e-02;4.118226e-01;1.263241e-02;1.037225e-01;1.067904e-02;5.476351e-02;4.094161e-02;4.342711e-02;1.363196e-01;6.862474e-03;5.637224e-02
1.000163e-01;1.457423e-01;2.630685e-01;2.348932e-02;4.159795e-02;3.168616e-02;3.460825e-02;6.950844e-02;8.398345e-02;7.643995e-02;7.609203e-03;1.222502e-01
1.138568e-01;2.119242e-01;1.457767e-01;3.601395e-02;2.117117e-02;5.079298e-02;3.118118e-02;5.587822e-02;1.045146e-01;8.305793e-02;1.707749e-02;1.287547e-01
9.857262e-02;2.222736e-01;1.365980e-01;3.983242e-02;3.673027e-02;5.148191e-02;3.542405e-02;3.973676e-02;1.017067e-01;1.047885e-01;2.559518e-02;1.072601e-01
5.695588e-02;1.925384e-01;2.338126e-01;2.884607e-02;6.217281e-02;3.172580e-02;3.487714e-02;3.920621e-02;6.309476e-02;1.599900e-01;2.911033e-02;6.767000e-02
9.481372e-02;1.593650e-01;2.614598e-01;2.258952e-02;6.397750e-02;1.785280e-02;3.379781e-02;5.702599e-02;4.520656e-02;1.898666e-01;2.323139e-02;3.081331e-02
9.017224e-02;1.987325e-01;2.181441e-01;2.334795e-02;5.686437e-02;2.424064e-02;4.215361e-02;6.777485e-02;4.935797e-02;1.805442e-01;2.553072e-02;2.313692e-02
1.027778e-01;1.312331e-01;1.882704e-01;4.228576e-02;3.926479e-02;5.322653e-02;6.328991e-02;8.976542e-02;7.720628e-02;1.462196e-01;3.352505e-02;3.293531e-02
1.158048e-01;5.169933e-02;1.806771e-01;6.516793e-02;3.675499e-02;5.736180e-02;8.524048e-02;8.661383e-02;1.069944e-01;1.269843e-01;3.399989e-02;5.270122e-02
9.772926e-02;7.257310e-02;1.462338e-01;5.726352e-02;4.773155e-02;4.214024e-02;9.651513e-02;5.822103e-02;1.198150e-01;1.715799e-01;2.318247e-02;6.701491e-02
7.515886e-02;8.981477e-02;1.741294e-01;4.689961e-02;6.569655e-02;5.609292e-02;8.485139e-02;3.268633e-02;1.209795e-01;1.461592e-01;5.379579e-02;5.373568e-02
1.273320e-01;7.119875e-02;2.361021e-01;5.605166e-02;5.192102e-02;3.668293e-02;5.690957e-02;2.800129e-02;1.093818e-01;1.124353e-01;6.179435e-02;5.218916e-02
1.388858e-01;5.855259e-02;2.686167e-01;4.840534e-02;3.674188e-02;1.761246e-02;4.895417e-02;1.899198e-02;9.993538e-02;1.501727e-01;4.384575e-02;6.928530e-02
1.153241e-01;6.688877e-02;2.749241e-01;4.148261e-02;3.289184e-02;1.930507e-02;5.105641e-02;2.330952e-02;8.442936e-02;1.875520e-01;3.031681e-02;7.251938e-02
7.445280e-02;1.062322e-01;2.606884e-01;4.959205e-02;3.439508e-02;5.805105e-02;6.695434e-02;2.720192e-02;8.193557e-02;1.624821e-01;2.380401e-02;5.421043e-02
5.220164e-02;1.404316e-01;3.604870e-01;5.177011e-02;2.581672e-02;7.628083e-02;4.951313e-02;1.359319e-02;1.282164e-01;6.670396e-02;9.349290e-03;2.563616e-02
7.532725e-02;1.668494e-01;3.632168e-01;4.757719e-02;1.698564e-02;6.644078e-02;2.550069e-02;1.090068e-02;1.776923e-01;3.162393e-02;4.350350e-03;1.353500e-02
7.142302e-02;1.724865e-01;3.382861e-01;4.293776e-02;1.815728e-02;5.474396e-02;2.442529e-02;1.771567e-02;2.137525e-01;2.863673e-02;7.207048e-03;1.022806e-02
3.748291e-02;1.381826e-01;3.007018e-01;4.324180e-02;2.163914e-02;9.209181e-02;2.177723e-02;2.861525e-02;2.539647e-01;3.841182e-02;1.138957e-02;1.250136e-02
2.021865e-02;1.255428e-01;2.340551e-01;4.559421e-02;2.318223e-02;1.074293e-01;1.935662e-02;2.579415e-02;3.291669e-01;3.972144e-02;1.026476e-02;1.967390e-02
3.818577e-02;1.248225e-01;1.519455e-01;3.682961e-02;2.319437e-02;8.466488e-02;2.248842e-02;2.980532e-02;3.821818e-01;7.275945e-02;1.745865e-02;1.566379e-02
5.999662e-02;1.254039e-01;8.573250e-02;2.527532e-02;3.652354e-02;6.742233e-02;3.509488e-02;3.371516e-02;3.880819e-01;1.079483e-01;2.761170e-02;7.193877e-03
8.526570e-02;1.201473e-01;5.977815e-02;1.575791e-02;6.491346e-02;6.720459e-02;4.742985e-02;7.079135e-02;3.092165e-01;1.075850e-01;4.576591e-02;6.144323e-03
1.110068e-01;1.091154e-01;4.905885e-02;1.007161e-02;9.963912e-02;4.121722e-02;6.383992e-02;1.413601e-01;2.162902e-01;8.486527e-02;6.535587e-02;8.179635e-03
1.035150e-01;9.751745e-02;6.152420e-02;1.506555e-02;1.138324e-01;4.684098e-02;8.598737e-02;1.705245e-01;1.576268e-01;5.846844e-02;7.196170e-02;1.713560e-02
8.162159e-02;7.847524e-02;9.859215e-02;2.429276e-02;1.172020e-01;6.813026e-02;1.096623e-01;1.453595e-01;1.172326e-01;5.565941e-02;7.989035e-02;2.388186e-02
7.460421e-02;7.047320e-02;1.299802e-01;3.177908e-02;7.331298e-02;8.694877e-02;1.124694e-01;1.213226e-01;1.040648e-01;8.973810e-02;7.975239e-02;2.555428e-02
9.382496e-02;1.043776e-01;1.140340e-01;2.676730e-02;3.474791e-02;5.816832e-02;7.368633e-02;1.526669e-01;1.311687e-01;1.240324e-01;5.862550e-02;2.789993e-02
1.028942e-01;1.137397e-01;1.027409e-01;1.839847e-02;8.797364e-02;4.919163e-02;1.013253e-01;1.118633e-01;9.823951e-02;1.196027e-01;6.250089e-02;3.152966e-02
1.132257e-01;1.233935e-01;8.921817e-02;1.964462e-02;8.591123e-02;5.541663e-02;8.836444e-02;1.290092e-01;8.977188e-02;1.200354e-01;6.354877e-02;2.246057e-02
1.191909e-01;7.079770e-02;1.399329e-01;4.501821e-02;5.885357e-02;4.941180e-02;6.326295e-02;1.250488e-01;9.502050e-02;9.767951e-02;8.627801e-02;4.950512e-02
9.340705e-02;9.907889e-02;1.894045e-01;4.930798e-02;4.820023e-02;6.542303e-02;3.153277e-02;1.105788e-01;6.929151e-02;4.539981e-02;7.229816e-02;1.260772e-01
6.453748e-02;1.078674e-01;2.697315e-01;3.825137e-02;3.478099e-02;6.758490e-02;2.822124e-02;1.175193e-01;5.562212e-02;2.670843e-02;4.066337e-02;1.485119e-01
3.762079e-02;1.032265e-01;4.201692e-01;2.667932e-02;3.973310e-02;4.424884e-02;2.541727e-02;1.075674e-01;3.180122e-02;3.470086e-02;1.847171e-02;1.103637e-01
2.996083e-02;8.217765e-02;5.608544e-01;2.264259e-02;6.801701e-02;1.641828e-02;3.055242e-02;5.880551e-02;1.879636e-02;6.084412e-02;9.752053e-03;4.117882e-02
4.898222e-02;4.391989e-02;5.858048e-01;2.775205e-02;8.419024e-02;8.183964e-03;5.475960e-02;2.326427e-02;2.467493e-02;8.225667e-02;4.494377e-03;1.171701e-02
8.831531e-02;1.796132e-02;5.549121e-01;4.242670e-02;6.977022e-02;8.001327e-03;6.732471e-02;1.189337e-02;4.891909e-02;7.626943e-02;6.569275e-03;7.637171e-03
1.655185e-01;3.426311e-02;4.764804e-01;4.383101e-02;2.907812e-02;1.128144e-02;6.294982e-02;1.411322e-02;7.336456e-02;5.526260e-02;1.930915e-02;1.454805e-02
2.102817e-01;3.757843e-02;3.862542e-01;3.808262e-02;2.840541e-02;7.414504e-03;5.827961e-02;1.400253e-02;6.046369e-02;8.329619e-02;2.306903e-02;5.287209e-02
1.763227e-01;2.007040e-02;3.626263e-01;4.278677e-02;4.590404e-02;1.086883e-02;6.083422e-02;1.844187e-02;4.161971e-02;1.251553e-01;1.811763e-02;7.725240e-02
1.232592e-01;4.689866e-02;3.560781e-01;4.393136e-02;7.116788e-02;1.940029e-02;7.086127e-02;2.961561e-02;3.839652e-02;1.288735e-01;1.680841e-02;5.470920e-02
8.993265e-02;7.164111e-02;3.974871e-01;3.555960e-02;7.839149e-02;2.918378e-02;6.828588e-02;4.572470e-02;4.738928e-02;7.848344e-02;1.975569e-02;3.816532e-02
1.062683e-01;7.934929e-02;4.116505e-01;3.114212e-02;6.090324e-02;2.624728e-02;8.007549e-02;5.172743e-02;5.553815e-02;4.474413e-02;2.788347e-02;2.447054e-02
1.067036e-01;8.576224e-02;3.982064e-01;2.186946e-02;7.102619e-02;1.869143e-02;9.129715e-02;3.688476e-02;6.016151e-02;6.001829e-02;2.922546e-02;2.015352e-02
1.186257e-01;9.291928e-02;4.279957e-01;2.027255e-02;5.798699e-02;1.823956e-02;6.134673e-02;2.389267e-02;5.141945e-02;8.198135e-02;2.591645e-02;1.940354e-02
9.743180e-02;9.888876e-02;4.199148e-01;3.649497e-02;3.969653e-02;3.999408e-02;3.635195e-02;2.472795e-02;4.277477e-02;9.211377e-02;3.892661e-02;3.268400e-02
5.806468e-02;1.257481e-01;2.769310e-01;8.159902e-02;4.915130e-02;7.425319e-02;6.299379e-02;3.539798e-02;6.440347e-02;7.757970e-02;5.874771e-02;3.513000e-02
3.633370e-02;1.743178e-01;2.244650e-01;1.214907e-01;5.642777e-02;7.660497e-02;5.935370e-02;5.048586e-02;5.193052e-02;4.823835e-02;7.659719e-02;2.375454e-02
3.748666e-02;1.826814e-01;2.426941e-01;1.625124e-01;4.731634e-02;7.082125e-02;4.028415e-02;5.587864e-02;5.142372e-02;2.228605e-02;7.434407e-02;1.227132e-02
5.859513e-02;1.214713e-01;2.903950e-01;1.652556e-01;5.553343e-02;5.105813e-02;3.781310e-02;3.721609e-02;9.206001e-02;3.478481e-02;4.956362e-02;6.253727e-03
6.512863e-02;5.500906e-02;3.510547e-01;1.203316e-01;1.158966e-01;2.334785e-02;5.366781e-02;1.587211e-02;9.392035e-02;7.887510e-02;2.089400e-02;6.002179e-03
3.827260e-02;5.150951e-02;3.718521e-01;6.789453e-02;1.886816e-01;2.676106e-02;4.428746e-02;3.130039e-02;5.463044e-02;1.028822e-01;8.011722e-03;1.391638e-02
4.384360e-02;9.694152e-02;3.095102e-01;3.843131e-02;1.723564e-01;7.849058e-02;3.206780e-02;4.560235e-02;8.278549e-02;6.858731e-02;5.174680e-03;2.620876e-02
8.965905e-02;1.158957e-01;2.520805e-01;5.275974e-02;9.135059e-02;1.042005e-01;4.045859e-02;4.281417e-02;1.310347e-01;3.450867e-02;1.446785e-02;3.076993e-02
1.346058e-01;9.889227e-02;3.028306e-01;4.158795e-02;5.292355e-02;6.453945e-02;4.766518e-02;3.957454e-02;1.023405e-01;5.388266e-02;3.049585e-02;3.066167e-02
9.833338e-02;9.299494e-02;3.337442e-01;5.262582e-02;5.207438e-02;5.600454e-02;5.234296e-02;3.354954e-02;6.234437e-02;7.511742e-02;5.273180e-02;3.813666e-02
8.464446e-02;1.227439e-01;2.853358e-01;5.059326e-02;3.805099e-02;6.883860e-02;6.042039e-02;3.917314e-02;7.879221e-02;7.930693e-02;6.480999e-02;2.729036e-02
6.553302e-02;1.190663e-01;3.256319e-01;3.765965e-02;7.303450e-02;5.558764e-02;7.298601e-02;4.802273e-02;6.824648e-02;6.369244e-02;4.953309e-02;2.100627e-02
5.155471e-02;8.625709e-02;4.288293e-01;3.790459e-02;8.645351e-02;5.155518e-02;5.733662e-02;4.783383e-02;4.047109e-02;4.964539e-02;3.437944e-02;2.777923e-02
7.662442e-02;4.205693e-02;3.878352e-01;5.320840e-02;7.459980e-02;7.524358e-02;4.895569e-02;4.194727e-02;6.113111e-02;7.294978e-02;3.051629e-02;3.493152e-02
7.670562e-02;6.689315e-02;2.858827e-01;6.450384e-02;6.688735e-02;6.298035e-02;6.152372e-02;4.332401e-02;8.784619e-02;9.110627e-02;5.132504e-02;4.102180e-02
5.245557e-02;1.019989e-01;2.272200e-01;1.110123e-01;7.361706e-02;4.515998e-02;9.198292e-02;4.132939e-02;8.273573e-02;7.341850e-02;5.081887e-02;4.825084e-02
6.826993e-02;1.304409e-01;2.122812e-01;1.205082e-01;7.730634e-02;4.330421e-02;8.481501e-02;5.367664e-02;6.424632e-02;6.298205e-02;3.504951e-02;4.711970e-02
7.372545e-02;8.062455e-02;3.175201e-01;6.546669e-02;8.757591e-02;4.769870e-02;8.249885e-02;4.197162e-02;7.427496e-02;6.026115e-02;2.398317e-02;4.439886e-02
8.058499e-02;5.338290e-02;3.890783e-01;8.320556e-02;6.373902e-02;3.275310e-02;1.008416e-01;2.625144e-02;8.581819e-02;4.666765e-02;1.663340e-02;2.104396e-02
7.712568e-02;2.771012e-02;4.216619e-01;1.717155e-01;5.326758e-02;2.358937e-02;6.649691e-02;1.744648e-02;8.033783e-02;3.514630e-02;1.949941e-02;6.002937e-03
5.212985e-02;1.256051e-02;4.135339e-01;2.548352e-01;5.555176e-02;4.109710e-02;4.606427e-02;1.570398e-02;4.530602e-02;3.467205e-02;2.384950e-02;4.695785e-03
2.368952e-02;8.273072e-03;4.402069e-01;2.495873e-01;5.442298e-02;5.034873e-02;2.932557e-02;1.440192e-02;7.072834e-02;3.142740e-02;2.419821e-02;3.390096e-03
2.335032e-02;1.306124e-02;5.134127e-01;1.472310e-01;4.423525e-02;2.726078e-02;5.933782e-02;1.469497e-02;1.066338e-01;3.224503e-02;1.556194e-02;2.975125e-03
2.339464e-02;1.481447e-02;5.489810e-01;8.414898e-02;5.811907e-02;1.159740e-02;1.111947e-01;1.197813e-02;7.035130e-02;5.782441e-02;6.129014e-03;1.466947e-03
2.058579e-02;1.164983e-02;5.248015e-01;6.572089e-02;9.555250e-02;1.052944e-02;1.494616e-01;8.536946e-03;2.753816e-02;8.136550e-02;2.995532e-03;1.262314e-03
1.315402e-02;1.268677e-02;4.941516e-01;4.976330e-02;1.492673e-01;1.616153e-02;1.529028e-01;6.925838e-03;1.108221e-02;8.788337e-02;4.124251e-03;1.897078e-03
6.816984e-03;2.143667e-02;4.773847e-01;4.125084e-02;2.033211e-01;1.778721e-02;1.262525e-01;7.498660e-03;7.514964e-03;7.815845e-02;7.861856e-03;4.716026e-03
1.755409e-02;4.556483e-02;4.873676e-01;4.629028e-02;1.919280e-01;2.112942e-02;8.381180e-02;6.117464e-03;1.275934e-02;5.842112e-02;1.559973e-02;1.345638e-02
4.141643e-02;6.796583e-02;4.683629e-01;5.113730e-02;1.256258e-01;4.317902e-02;6.506698e-02;1.229036e-02;2.808207e-02;3.623821e-02;3.367408e-02;2.696104e-02
6.076280e-02;5.796232e-02;4.061171e-01;4.803238e-02;7.896159e-02;6.036737e-02;7.554463e-02;2.813893e-02;5.237725e-02;4.443242e-02;5.520789e-02;3.209530e-02
4.637222e-02;5.172668e-02;3.380347e-01;3.612980e-02;6.654727e-02;5.674213e-02;8.617013e-02;4.675129e-02;6.330659e-02;9.231135e-02;8.719194e-02;2.871590e-02
3.914734e-02;6.454678e-02;3.555526e-01;4.945628e-02;1.044922e-01;3.599349e-02;8.920103e-02;3.432918e-02;3.386557e-02;9.775601e-02;7.006796e-02;2.559163e-02
2.441201e-02;5.963489e-02;4.962156e-01;7.381986e-02;1.135068e-01;2.125119e-02;5.334846e-02;2.335390e-02;1.239309e-02;6.189922e-02;4.316570e-02;1.699919e-02
2.395231e-02;4.825053e-02;5.127931e-01;7.933935e-02;1.106427e-01;1.776338e-02;6.892730e-02;1.732489e-02;2.028551e-02;4.460628e-02;3.569697e-02;2.041763e-02
6.013792e-02;6.346344e-02;3.640973e-01;7.084201e-02;8.889030e-02;3.250754e-02;7.533362e-02;2.538816e-02;4.394544e-02;5.922696e-02;7.914260e-02;3.702471e-02
1.016450e-01;4.018462e-02;2.749446e-01;5.305350e-02;7.319804e-02;4.126020e-02;9.663235e-02;4.902488e-02;5.527692e-02;7.233527e-02;9.131267e-02;5.113201e-02
