1.234718e-01;4.805794e-02;2.288572e-01;1.381587e-01;7.549851e-02;7.224591e-02;7.934752e-02;5.100164e-02;3.965333e-02;6.971218e-02;4.780335e-02;2.619184e-02
1.312068e-01;6.451355e-02;2.145618e-01;1.190068e-01;8.094568e-02;4.550619e-02;7.386195e-02;3.845410e-02;3.794790e-02;6.853034e-02;7.331260e-02;5.215228e-02
8.844954e-02;7.578897e-02;1.935539e-01;1.269052e-01;8.558064e-02;4.483460e-02;6.006496e-02;4.861880e-02;5.671367e-02;6.519338e-02;7.675085e-02;7.754546e-02
9.011253e-02;7.077193e-02;1.380713e-01;5.039307e-02;6.034013e-02;5.337127e-02;1.675731e-01;7.280219e-02;6.888256e-02;9.465033e-02;6.180385e-02;7.122782e-02
5.710148e-02;3.550162e-02;1.649959e-01;3.263060e-02;8.135448e-02;6.606077e-02;2.644086e-01;4.657257e-02;4.385430e-02;8.011895e-02;6.806898e-02;5.933166e-02
3.470400e-02;2.911648e-02;1.911092e-01;4.571016e-02;8.708437e-02;6.022431e-02;1.983571e-01;4.607543e-02;3.694101e-02;6.636564e-02;1.409384e-01;6.337389e-02
1.632096e-02;1.840990e-02;2.211965e-01;6.636701e-02;8.440562e-02;5.057507e-02;1.165267e-01;4.804081e-02;2.477992e-02;7.072356e-02;2.162306e-01;6.642328e-02
6.995306e-03;8.052157e-03;2.561072e-01;9.250516e-02;7.244805e-02;3.428873e-02;3.726017e-02;5.957152e-02;1.242268e-02;9.262609e-02;2.841148e-01;4.360807e-02
7.408326e-03;5.711281e-03;2.885800e-01;1.166806e-01;7.772170e-02;2.754979e-02;1.373463e-02;7.666235e-02;9.540457e-03;8.970749e-02;2.797287e-01;6.974775e-03
7.421478e-03;1.116498e-02;3.246404e-01;1.306784e-01;1.172806e-01;3.769202e-02;3.339935e-02;6.715660e-02;1.967786e-02;5.818794e-02;1.763741e-01;1.632626e-02
1.052643e-02;1.285653e-02;3.786670e-01;1.500058e-01;1.635362e-01;4.246516e-02;4.249580e-02;3.494023e-02;2.016362e-02;4.198373e-02;6.987114e-02;3.248848e-02
1.111744e-02;1.098746e-02;3.860023e-01;1.430987e-01;1.465756e-01;4.051863e-02;2.652373e-02;7.008801e-02;1.263799e-02;4.254911e-02;7.018973e-02;3.971129e-02
5.677519e-03;1.038584e-02;4.008610e-01;1.451108e-01;9.678629e-02;3.889759e-02;2.852627e-02;1.338960e-01;1.230329e-02;2.680590e-02;7.829042e-02;2.245909e-02
5.694846e-03;7.764897e-03;4.507503e-01;1.638002e-01;6.355288e-02;4.763076e-02;2.373286e-02;1.230147e-01;1.332595e-02;1.203632e-02;7.479259e-02;1.390366e-02
3.126706e-03;7.718184e-03;4.843906e-01;1.905150e-01;7.498620e-02;5.752161e-02;1.374643e-02;6.737065e-02;1.252184e-02;1.245308e-02;6.844551e-02;7.204220e-03
2.543973e-03;5.831634e-03;4.621853e-01;2.016732e-01;8.320762e-02;6.224726e-02;1.974946e-02;7.996669e-02;9.593630e-03;1.190993e-02;5.646073e-02;4.630633e-03
5.111048e-03;1.079088e-02;4.174938e-01;2.098163e-01;8.549557e-02;6.152572e-02;1.415505e-02;1.177389e-01;8.633865e-03;1.407283e-02;5.176244e-02;3.403711e-03
9.677010e-03;1.994712e-02;2.904583e-01;2.036966e-01;1.151994e-01;5.757523e-02;3.397806e-02;1.493366e-01;1.527916e-02;4.267951e-02;4.577348e-02;1.639948e-02
1.796907e-02;2.310524e-02;1.437558e-01;1.641434e-01;1.871341e-01;7.824213e-02;9.428173e-02;1.142065e-01;1.608863e-02;8.153979e-02;2.932189e-02;5.021168e-02
1.767998e-02;2.280456e-02;5.785530e-02;1.264073e-01;2.553896e-01;1.018195e-01;1.218285e-01;5.801577e-02;1.952245e-02;9.247635e-02;3.361503e-02;9.258566e-02
1.258413e-02;1.367933e-02;7.500027e-02;1.493890e-01;2.626003e-01;8.911025e-02;6.551101e-02;2.498998e-02;9.473488e-03;7.825554e-02;9.369756e-02;1.257091e-01
1.005155e-02;1.243606e-02;1.070219e-01;1.882524e-01;1.682008e-01;4.456346e-02;1.404712e-02;3.776541e-02;7.974933e-03;6.029635e-02;2.233330e-01;1.260570e-01
9.863048e-03;1.307958e-02;1.071231e-01;2.161193e-01;8.567818e-02;2.444210e-02;8.516982e-03;4.774150e-02;8.744842e-03;3.113024e-02;3.444747e-01;1.030863e-01
5.479907e-03;9.779507e-03;1.247160e-01;2.473631e-01;3.906448e-02;1.824076e-02;7.323266e-03;4.166543e-02;6.137713e-03;2.561396e-02;4.236203e-01;5.099554e-02
8.506794e-03;7.774961e-03;1.763015e-01;2.654009e-01;2.819453e-02;1.320225e-02;7.928828e-03;2.445817e-02;1.103070e-02;4.709470e-02;4.004465e-01;9.660199e-03
1.173295e-02;1.129103e-02;2.662916e-01;2.521449e-01;2.186323e-02;1.015975e-02;1.278089e-02;1.476618e-02;2.575778e-02;7.591187e-02;2.915483e-01;5.751539e-03
1.708635e-02;2.863551e-02;3.669190e-01;2.226882e-01;1.589489e-02;6.208936e-03;2.211260e-02;8.558934e-03;3.380877e-02;9.388799e-02;1.809737e-01;3.225049e-03
2.444549e-02;5.054559e-02;4.241160e-01;2.076508e-01;2.169010e-02;7.227448e-03;3.109548e-02;1.029606e-02;3.346480e-02;8.405177e-02;1.016550e-01;3.761545e-03
3.636028e-02;8.001213e-02;4.022198e-01;1.916551e-01;2.666934e-02;1.523559e-02;5.115224e-02;2.611095e-02;3.098556e-02;7.161343e-02;6.353464e-02;4.451012e-03
2.905816e-02;1.332973e-01;3.416524e-01;1.251950e-01;2.838950e-02;5.241160e-02;6.175012e-02;3.984563e-02;6.892499e-02;5.520092e-02;5.084402e-02;1.343036e-02
8.036823e-02;1.619202e-01;3.263838e-01;6.433070e-02;2.580223e-02;9.712099e-02;6.305585e-02;3.153243e-02;8.888629e-02;2.407897e-02;2.149802e-02;1.502226e-02
1.351211e-01;1.440242e-01;2.961050e-01;6.609003e-02;2.040172e-02;7.514035e-02;1.205111e-01;1.798751e-02;7.069349e-02;2.722926e-02;1.363011e-02;1.306614e-02
1.536861e-01;1.307303e-01;3.025117e-01;6.097107e-02;2.456035e-02;3.517290e-02;1.511406e-01;1.866455e-02;7.313396e-02;2.196229e-02;1.933558e-02;8.130628e-03
1.642512e-01;1.402735e-01;3.051082e-01;4.315739e-02;2.016061e-02;1.510517e-02;1.347283e-01;2.845991e-02;8.596387e-02;2.071185e-02;2.585506e-02;1.622499e-02
5.981074e-02;1.172035e-01;2.855383e-01;6.123642e-02;6.927193e-02;6.265624e-02;9.403412e-02;7.416356e-02;9.670741e-02;3.003864e-02;2.183922e-02;2.749991e-02
2.921636e-02;8.206937e-02;2.829108e-01;7.562160e-02;1.223565e-01;6.497950e-02;7.655531e-02;8.728629e-02;7.425128e-02;6.334840e-02;1.477435e-02;2.663025e-02
3.613613e-02;6.384027e-02;2.988813e-01;6.300379e-02;1.533193e-01;3.833107e-02;9.032192e-02;6.485724e-02;4.611633e-02;1.162507e-01;1.105743e-02;1.788458e-02
1.537557e-02;3.764040e-02;3.520550e-01;4.016458e-02;1.577689e-01;3.341657e-02;1.337819e-01;2.595614e-02;1.464671e-02;1.768173e-01;5.979544e-03;6.397414e-03
8.344170e-03;2.098016e-02;3.901438e-01;2.958123e-02;1.170982e-01;3.139405e-02;1.810717e-01;8.617604e-03;1.053226e-02;1.927970e-01;4.692530e-03;4.747253e-03
1.459009e-02;2.215966e-02;4.005553e-01;3.176843e-02;8.775786e-02;2.104444e-02;2.205592e-01;9.855115e-03;1.168204e-02;1.691106e-01;7.540508e-03;3.376691e-03
2.175173e-02;2.073827e-02;3.902307e-01;3.749095e-02;7.577947e-02;1.577463e-02;2.262963e-01;7.467683e-03;3.931737e-02;1.497290e-01;1.316615e-02;2.257706e-03
2.564401e-02;1.644911e-02;3.503539e-01;7.613812e-02;7.989101e-02;2.022495e-02;1.591320e-01;9.595840e-03;9.369101e-02;1.257781e-01;4.134105e-02;1.760917e-03
1.850676e-02;9.569118e-03;3.026963e-01;1.321893e-01;1.011127e-01;5.247926e-02;7.239556e-02;2.066840e-02;1.082358e-01;7.666602e-02;1.015845e-01;3.896319e-03
2.876228e-02;9.955497e-03;2.865520e-01;1.799302e-01;7.893343e-02;7.384375e-02;2.276367e-02;3.742972e-02;6.104721e-02;4.382575e-02;1.713897e-01;5.566842e-03
6.364824e-02;1.413855e-02;2.494574e-01;1.916124e-01;4.931881e-02;6.620824e-02;2.052687e-02;6.282895e-02;3.217377e-02;4.684753e-02;1.829117e-01;2.032748e-02
7.611939e-02;2.641230e-02;2.418511e-01;1.539060e-01;4.810341e-02;5.783796e-02;4.576177e-02;7.027519e-02;2.945152e-02;6.739504e-02;1.502313e-01;3.265498e-02
5.411670e-02;2.510735e-02;3.456797e-01;9.576511e-02;5.401254e-02;4.186825e-02;7.342678e-02;6.051387e-02;3.690317e-02;8.699780e-02;9.825154e-02;2.735722e-02
1.508970e-02;2.230449e-02;5.397727e-01;7.212766e-02;5.512417e-02;3.149822e-02;6.817987e-02;4.166682e-02;3.221997e-02;6.437160e-02;4.345683e-02;1.418797e-02
3.982091e-02;5.731715e-02;4.874032e-01;7.468467e-02;4.964608e-02;1.882136e-02;4.092467e-02;5.831269e-02;3.316090e-02;5.914617e-02;4.155734e-02;3.920483e-02
5.413021e-02;7.408312e-02;3.363461e-01;7.625084e-02;5.537163e-02;2.461074e-02;5.605173e-02;6.802537e-02;5.790477e-02;7.851694e-02;6.536121e-02;5.334733e-02
5.822837e-02;6.670579e-02;3.305429e-01;6.106068e-02;4.869187e-02;4.073417e-02;6.349291e-02;6.686520e-02;7.015950e-02;8.041736e-02;6.466029e-02;4.844097e-02
2.962187e-02;5.482462e-02;4.539963e-01;4.747197e-02;5.808135e-02;4.320918e-02;6.722679e-02;4.835358e-02;7.657677e-02;7.019601e-02;2.774337e-02;2.269818e-02
2.140377e-02;4.976936e-02;5.320981e-01;5.894848e-02;6.840546e-02;3.421267e-02;4.190417e-02;2.269478e-02;7.366569e-02;5.296678e-02;3.140362e-02;1.252717e-02
2.518659e-02;4.545050e-02;5.418648e-01;6.600402e-02;6.643344e-02;3.032995e-02;1.864482e-02;1.897575e-02;6.706256e-02;7.459243e-02;3.250444e-02;1.295065e-02
4.459545e-02;7.308479e-02;4.753579e-01;5.240501e-02;6.035200e-02;3.479692e-02;4.218000e-02;3.012502e-02;4.568302e-02;8.728774e-02;3.085056e-02;2.328161e-02
7.008675e-02;1.113683e-01;3.171266e-01;3.755381e-02;5.729816e-02;4.348056e-02;6.107302e-02;6.281699e-02;7.111641e-02;9.093179e-02;4.557846e-02;3.156918e-02
1.343596e-01;6.116908e-02;2.902214e-01;2.581539e-02;3.286959e-02;2.959900e-02;8.674314e-02;8.735006e-02;6.121407e-02;5.454516e-02;6.643726e-02;6.967620e-02
1.550519e-01;3.262911e-02;2.112704e-01;2.320739e-02;1.757313e-02;3.020765e-02;5.550044e-02;8.642779e-02;3.654888e-02;7.012552e-02;1.281982e-01;1.532595e-01
9.655254e-02;7.760018e-02;1.588593e-01;3.747072e-02;4.973523e-02;5.243718e-02;9.867954e-02;7.629775e-02;6.886072e-02;8.242881e-02;8.321144e-02;1.178666e-01
1.679242e-01;1.219289e-01;2.318861e-01;4.982062e-02;5.066929e-02;3.441922e-02;7.467715e-02;6.505562e-02;6.001083e-02;5.311892e-02;3.769916e-02;5.279004e-02
1.428931e-01;1.463556e-01;2.827674e-01;7.104801e-02;5.113905e-02;2.885075e-02;5.384379e-02;5.499189e-02;5.024377e-02;4.538485e-02;3.121358e-02;4.126815e-02
8.657486e-02;1.722794e-01;2.993590e-01;8.656060e-02;4.412046e-02;4.581271e-02;2.973789e-02;3.518569e-02;9.576137e-02;4.530311e-02;2.494397e-02;3.436101e-02
4.651184e-02;2.010810e-01;2.110690e-01;1.204808e-01;3.242969e-02;5.553373e-02;2.986850e-02;3.307785e-02;1.770722e-01;5.778078e-02;1.344295e-02;2.165168e-02
1.415374e-01;2.033097e-01;8.157057e-02;1.211394e-01;3.236146e-02;3.370337e-02;6.236512e-02;5.483413e-02;1.782638e-01;6.583647e-02;1.421101e-02;1.086748e-02
2.183313e-01;1.705971e-01;1.122685e-01;5.864225e-02;3.705477e-02;1.711450e-02;8.275089e-02;7.972500e-02;1.289627e-01;5.796374e-02;2.138243e-02;1.520678e-02
2.341232e-01;1.382469e-01;1.331098e-01;2.326796e-02;4.508117e-02;2.196167e-02;9.318668e-02;1.054700e-01;1.128260e-01;3.903345e-02;2.433640e-02;2.935681e-02
2.149278e-01;1.134764e-01;1.395374e-01;2.624596e-02;5.560317e-02;3.704693e-02;1.046659e-01;1.124358e-01;9.373460e-02;3.472637e-02;2.830356e-02;3.929617e-02
1.414839e-01;1.161419e-01;1.258390e-01;8.362956e-02;5.465242e-02;6.075141e-02;1.048625e-01;7.039153e-02;8.270680e-02;6.103902e-02;5.327288e-02;4.522919e-02
5.399367e-02;8.464327e-02;1.210140e-01;1.720437e-01;2.650231e-02;4.117538e-02;7.976596e-02;1.562926e-01;1.354454e-01;5.049771e-02;4.250716e-02;3.611893e-02
6.023333e-02;7.324769e-02;1.498386e-01;1.779626e-01;4.109107e-02;3.594490e-02;9.299331e-02;1.575659e-01;1.025074e-01;4.671523e-02;3.766935e-02;2.423061e-02
7.083055e-02;8.167313e-02;1.873638e-01;1.461619e-01;4.391306e-02;3.880324e-02;1.131870e-01;1.196238e-01;7.949943e-02;3.982523e-02;4.643712e-02;3.268173e-02
1.126678e-01;1.125146e-01;1.869665e-01;1.625043e-01;3.112342e-02;5.197725e-02;9.347524e-02;6.228752e-02;9.840128e-02;2.503742e-02;2.931501e-02;3.372959e-02
1.542217e-01;1.343083e-01;2.142408e-01;1.175871e-01;3.755645e-02;5.707692e-02;6.362691e-02;4.188964e-02;9.641793e-02;3.678552e-02;2.226084e-02;2.402803e-02
1.768240e-01;7.318267e-02;1.456951e-01;6.666339e-02;5.099412e-02;5.894426e-02;1.144569e-01;1.304273e-01;5.579789e-02;7.489972e-02;3.022726e-02;2.188733e-02
1.414108e-01;5.211970e-02;8.979989e-02;7.067584e-02;7.755724e-02;9.248578e-02;1.676491e-01;8.557428e-02;8.583403e-02;5.735855e-02;4.553729e-02;3.399751e-02
7.234792e-02;5.893302e-02;1.575659e-01;7.429048e-02;8.253610e-02;7.436521e-02;1.029132e-01;8.828928e-02;8.554713e-02;4.720494e-02;6.804808e-02;8.795864e-02
7.735787e-02;5.887809e-02;1.503446e-01;1.019072e-01;9.096131e-02;4.757284e-02;7.670294e-02;5.998257e-02;6.571657e-02;5.042304e-02;7.129367e-02;1.488593e-01
1.194128e-01;3.635958e-02;1.424551e-01;1.029951e-01;1.250675e-01;5.381033e-02;5.265974e-02;3.487524e-02;4.671008e-02;4.122208e-02;5.421236e-02;1.902201e-01
1.828010e-01;5.378108e-02;1.000732e-01;6.188335e-02;1.781128e-01;7.028300e-02;2.611963e-02;1.913842e-02;4.737572e-02;2.235992e-02;2.565046e-02;2.124214e-01
1.486072e-01;6.472386e-02;6.493726e-02;3.120425e-02;2.508024e-01;1.176075e-01;3.972668e-02;8.917227e-03;5.532840e-02;7.910139e-03;1.748857e-02;1.927465e-01
5.545351e-02;3.020473e-02;4.306206e-02;5.794007e-02;3.129586e-01;1.767655e-01;3.930091e-02;8.103780e-03;1.023005e-01;1.052191e-02;1.766723e-02;1.457212e-01
1.441618e-02;8.041356e-03;4.643821e-02;3.866238e-02;3.179449e-01;2.380775e-01;4.476155e-02;1.107540e-02;1.438689e-01;9.256635e-03;1.148095e-02;1.159761e-01
2.896154e-02;6.248929e-03;2.893018e-02;1.011650e-02;2.951223e-01;2.572142e-01;5.850828e-02;2.144791e-02;1.304519e-01;7.303557e-02;6.037851e-03;8.392491e-02
3.074802e-02;1.155489e-02;2.839191e-02;2.186695e-02;2.257500e-01;2.283905e-01;8.170836e-02;4.504553e-02;6.978344e-02;1.895636e-01;1.965909e-02;4.753770e-02
2.882583e-02;2.393577e-02;2.347140e-02;2.810730e-02;1.344203e-01;2.198918e-01;1.842264e-01;5.966410e-02;4.297480e-02;1.885136e-01;3.800362e-02;2.796506e-02
2.829657e-02;4.164930e-02;2.937539e-02;3.296542e-02;7.474294e-02;1.734697e-01;3.246258e-01;5.841998e-02;4.446365e-02;1.164699e-01;5.186648e-02;2.365481e-02
1.926419e-02;5.669372e-02;4.186991e-02;2.555687e-02;4.598805e-02;9.759177e-02;4.400342e-01;9.074871e-02;5.799380e-02;6.254281e-02;4.519923e-02;1.651669e-02
2.203130e-02;5.455909e-02;7.222469e-02;1.532781e-02;7.558396e-02;5.659250e-02;4.064583e-01;1.161109e-01;5.877159e-02;7.598247e-02;2.615598e-02;2.020148e-02
3.847165e-02;4.325586e-02;1.009082e-01;3.444673e-02;1.302331e-01;1.300186e-01;2.333730e-01;7.630549e-02;5.113753e-02;9.669875e-02;3.043351e-02;3.471766e-02
2.701903e-02;2.623329e-02;1.533168e-01;4.501436e-02;1.911084e-01;1.508714e-01;1.303936e-01;3.734647e-02;5.051540e-02;1.010762e-01;1.900885e-02;6.809619e-02
3.182804e-02;2.602278e-02;1.280920e-01;7.355669e-02;1.411254e-01;9.691793e-02;2.709244e-01;4.567846e-02;5.364219e-02;5.685864e-02;2.782882e-02;4.752467e-02
3.366487e-02;4.157882e-02;6.756049e-02;7.203640e-02;6.992733e-02;7.507639e-02;3.960264e-01;8.801860e-02;5.072986e-02;5.615694e-02;2.675017e-02;2.247375e-02
1.798423e-02;3.548715e-02;7.740891e-02;4.536676e-02;5.443832e-02;3.937193e-02;4.015373e-01;1.576447e-01;5.795667e-02;7.262463e-02;1.690672e-02;2.327264e-02
8.791474e-03;4.195959e-02;7.850274e-02;2.272093e-02;1.013013e-01;2.804048e-02;3.822714e-01;1.626135e-01;5.596809e-02;8.077254e-02;1.747904e-02;1.957894e-02
1.567893e-02;7.210395e-02;4.996987e-02;4.408577e-02;1.367585e-01;5.421571e-02;3.715615e-01;1.001809e-01;6.496128e-02;5.473856e-02;2.691203e-02;8.832972e-03
2.655898e-02;7.477953e-02;5.602084e-02;1.031661e-01;1.247591e-01;8.458252e-02;2.862790e-01;6.293286e-02;7.024312e-02;6.894682e-02;3.145888e-02;1.027227e-02
3.683056e-02;6.019229e-02;1.206431e-01;1.349038e-01;1.222031e-01;7.628325e-02;1.337892e-01;7.412734e-02;6.977139e-02;9.808770e-02;3.681675e-02;3.635151e-02
2.412871e-02;4.706694e-02;1.710111e-01;1.051969e-01;1.487328e-01;5.676698e-02;6.805339e-02;6.718633e-02;4.619231e-02;1.853556e-01;3.338384e-02;4.692509e-02
1.605253e-02;5.215254e-02;1.234784e-01;8.839612e-02;2.287427e-01;7.037064e-02;6.800918e-02;7.577185e-02;4.902049e-02;1.800390e-01;3.078876e-02;1.717770e-02
2.223896e-02;3.230289e-02;6.914169e-02;7.039315e-02;2.912282e-01;1.018159e-01;7.655844e-02;5.584615e-02;8.683367e-02;1.320033e-01;2.539235e-02;3.624529e-02
2.932212e-02;1.665430e-02;4.591848e-02;4.072888e-02;2.798586e-01;1.763945e-01;1.176813e-01;5.528163e-02;9.489201e-02;9.007915e-02;1.336752e-02;3.982151e-02
4.527208e-02;1.084443e-02;3.927790e-02;2.154226e-02;2.007753e-01;2.592500e-01;1.672007e-01;1.149341e-01;5.755634e-02;4.910942e-02;5.969993e-03;2.826758e-02
4.364236e-02;1.066192e-02;7.395545e-02;2.956429e-02;1.468313e-01;2.169032e-01;2.094412e-01;1.641161e-01;5.131770e-02;1.825909e-02;7.000192e-03;2.830723e-02
3.715570e-02;2.217573e-02;1.468035e-01;5.412572e-02;1.359875e-01;1.157501e-01;1.978782e-01;1.255719e-01;7.494989e-02;2.974636e-02;1.998094e-02;3.987448e-02
3.881590e-02;3.935323e-02;2.312050e-01;7.115685e-02;1.121219e-01;5.528812e-02;1.930845e-01;7.712226e-02;6.802683e-02;3.618960e-02;3.050367e-02;4.713215e-02
4.479608e-02;4.196537e-02;2.210869e-01;5.172474e-02;9.803692e-02;1.034897e-01;1.850946e-01;1.056111e-01;4.458540e-02;3.658436e-02;2.595966e-02;4.106522e-02
4.229962e-02;2.151972e-02;1.246695e-01;3.946321e-02;1.289062e-01;2.136168e-01;1.311762e-01;1.172442e-01;5.443715e-02;5.598281e-02;2.696621e-02;4.371835e-02
4.345804e-02;3.602843e-02;6.970201e-02;4.603396e-02;1.288599e-01;2.303140e-01;1.037581e-01;9.638535e-02;1.037670e-01;9.276756e-02;2.040091e-02;2.852468e-02
8.834490e-02;1.022330e-01;1.307200e-01;4.571448e-02;1.333325e-01;1.138475e-01;1.035594e-01;5.489448e-02;6.808221e-02;7.994318e-02;2.908443e-02;5.024398e-02
8.430607e-02;9.471853e-02;1.475591e-01;6.267990e-02;1.291740e-01;1.019518e-01;1.020771e-01;4.033661e-02;7.591067e-02;7.345225e-02;2.697941e-02;6.085458e-02
8.528092e-02;8.289468e-02;1.514530e-01;6.192284e-02;9.491007e-02;5.892802e-02;1.516238e-01;6.893265e-02;9.044579e-02;6.654072e-02;3.504962e-02;5.201796e-02
7.026879e-02;1.288784e-01;1.070995e-01;3.221517e-02;3.997602e-02;3.090194e-02;2.543311e-01;1.219070e-01;9.344526e-02;4.991480e-02;4.077287e-02;3.028923e-02
4.649310e-02;1.981658e-01;6.350715e-02;1.330590e-02;1.927717e-02;3.232893e-02;3.444023e-01;1.303236e-01;6.713179e-02;2.678729e-02;4.386731e-02;1.440968e-02
2.592719e-02;1.593524e-01;1.782330e-01;8.544778e-03;1.830591e-02;2.073610e-02;3.134946e-01;1.503779e-01;3.559335e-02;1.509371e-02;3.608585e-02;3.825516e-02
1.101192e-02;9.146719e-02;3.112372e-01;1.428879e-02;2.245918e-02;1.813366e-02;1.920075e-01;1.885358e-01;2.349164e-02;1.317654e-02;3.213590e-02;8.205458e-02
6.043756e-03;7.001535e-02;3.858680e-01;2.195719e-02;1.568865e-02;3.696168e-02;7.533155e-02;1.962538e-01;2.569081e-02;1.299693e-02;3.064540e-02;1.225469e-01
7.049175e-03;4.078365e-02;3.718967e-01;3.367040e-02;7.466959e-03;6.434485e-02;2.297622e-02;2.366842e-01;3.803927e-02;1.943457e-02;1.318796e-02;1.444660e-01
8.281919e-03;1.857630e-02;2.799894e-01;2.038240e-02;5.203174e-03;7.568856e-02;4.335307e-02;3.254533e-01;1.676071e-02;1.892197e-02;6.494788e-03;1.808943e-01
6.557660e-03;6.583337e-03;1.846744e-01;1.078147e-02;1.331525e-02;7.567864e-02;1.029586e-01;3.406281e-01;4.676012e-02;2.610461e-02;2.061367e-02;1.653441e-01
9.738474e-03;1.273462e-02;1.337377e-01;1.930445e-02;2.356524e-02;7.552323e-02;1.512745e-01;3.009010e-01;6.670970e-02;4.261168e-02;4.070811e-02;1.231913e-01
1.218370e-02;2.071615e-02;1.212467e-01;2.890724e-02;2.698850e-02;7.028089e-02;1.908213e-01;2.473643e-01;8.726449e-02;5.436731e-02;5.770267e-02;8.215684e-02
1.340915e-02;1.543804e-02;1.286035e-01;1.534970e-02;2.052303e-02;5.026704e-02;2.245049e-01;2.527155e-01;7.593958e-02;3.876479e-02;4.594306e-02;1.185417e-01
6.017983e-03;8.127758e-03;1.444712e-01;1.878688e-02;1.446022e-02;6.268519e-02;2.401969e-01;2.175246e-01;9.868208e-02;3.705604e-02;2.393353e-02;1.280577e-01
5.562603e-03;5.240880e-03;1.888665e-01;2.349287e-02;1.402704e-02;7.538924e-02;2.263639e-01;1.203036e-01;1.549215e-01;5.410417e-02;2.252571e-02;1.092020e-01
1.661240e-02;1.077343e-02;1.587527e-01;5.827418e-02;1.378383e-02;4.459755e-02;1.864932e-01;1.027086e-01;2.363628e-01;7.480802e-02;2.165811e-02;7.517520e-02
3.199510e-02;2.160966e-02;7.785182e-02;5.928799e-02;3.301695e-02;3.250093e-02;1.978061e-01;9.461827e-02;2.650965e-01;1.089864e-01;2.655096e-02;5.067931e-02
2.431805e-02;1.757440e-02;4.148950e-02;5.076861e-02;4.151185e-02;2.726281e-02;2.516467e-01;6.450939e-02;3.157952e-01;1.144924e-01;2.365010e-02;2.698106e-02
1.396571e-02;7.210707e-03;2.649863e-02;5.629440e-02;2.710496e-02;1.764295e-02;2.751522e-01;3.994344e-02;4.250740e-01;8.594164e-02;9.367850e-03;1.580355e-02
1.112666e-02;4.444137e-03;2.253365e-02;5.756392e-02;1.111466e-02;7.107900e-03;2.068223e-01;6.454682e-02;5.314096e-01;6.389074e-02;2.707989e-03;1.673155e-02
7.151739e-03;5.735385e-03;2.089080e-02;4.826580e-02;7.302369e-03;6.880178e-03;1.530444e-01;9.171029e-02;5.648555e-01;7.340156e-02;5.043730e-03;1.571828e-02
6.809565e-03;4.344979e-03;2.797301e-02;4.356389e-02;4.145399e-03;6.488612e-03;1.570529e-01;1.128451e-01;5.419244e-01;7.833965e-02;5.844507e-03;1.066796e-02
9.252146e-03;4.554446e-03;2.610296e-02;3.778944e-02;8.031737e-03;8.409651e-03;1.590577e-01;1.092665e-01;5.390423e-01;8.173738e-02;7.119986e-03;9.635792e-03
1.049312e-02;7.362292e-03;2.040333e-02;3.973557e-02;9.336854e-03;1.806425e-02;1.735553e-01;1.331395e-01;4.878853e-01;8.280740e-02;6.233072e-03;1.098396e-02
1.096088e-02;9.947581e-03;2.897992e-02;6.451648e-02;8.943397e-03;8.474819e-02;1.465725e-01;1.614389e-01;3.858634e-01;8.088461e-02;7.929033e-03;9.215160e-03
9.049091e-03;4.110196e-03;4.601724e-02;7.362980e-02;1.961064e-02;1.686623e-01;7.058161e-02;1.033805e-01;3.936270e-01;7.651232e-02;1.738419e-02;1.743519e-02
6.938387e-03;7.460881e-03;5.763192e-02;7.914846e-02;2.245286e-02;1.322308e-01;1.936195e-02;9.518395e-02;4.462480e-01;5.365175e-02;2.323361e-02;5.645744e-02
5.548609e-03;3.959151e-03;9.669674e-02;5.443192e-02;1.236211e-02;4.226479e-02;2.684083e-02;1.983114e-01;4.145376e-01;4.014995e-02;2.170275e-02;8.319412e-02
3.499433e-03;4.784555e-03;1.417627e-01;1.961454e-02;3.931269e-03;2.717459e-02;5.209027e-02;3.537612e-01;2.877696e-01;2.875967e-02;1.099251e-02;6.585963e-02
2.979953e-03;4.706968e-03;1.854414e-01;9.420069e-03;5.325444e-03;2.306106e-02;7.695391e-02;4.559686e-01;1.671574e-01;2.198494e-02;5.593911e-03;4.140634e-02
4.568440e-03;3.398783e-03;2.401919e-01;1.349526e-02;5.735633e-03;2.772398e-02;7.908902e-02;4.916292e-01;7.649810e-02;1.526467e-02;5.902148e-03;3.650289e-02
2.649497e-03;2.929660e-03;2.441159e-01;5.276042e-02;7.734737e-03;3.027023e-02;3.608964e-02;4.492028e-01;1.243290e-01;1.475222e-02;5.386387e-03;2.977946e-02
4.266757e-03;2.135884e-03;1.500677e-01;1.136437e-01;2.457793e-02;2.460055e-02;5.000672e-02;3.758711e-01;2.200007e-01;1.138912e-02;4.715431e-03;1.872444e-02
8.540197e-03;3.050343e-03;5.058170e-02;1.958997e-01;4.656050e-02;2.434918e-02;8.291863e-02;2.485726e-01;2.977741e-01;2.554866e-02;6.364001e-03;9.840343e-03
1.057323e-02;4.608840e-03;2.249359e-02;2.549658e-01;5.169696e-02;3.266408e-02;7.423779e-02;1.109876e-01;3.853552e-01;3.548789e-02;7.974660e-03;8.954352e-03
9.732269e-03;5.646789e-03;1.500182e-02;2.611973e-01;6.108021e-02;3.046479e-02;4.838012e-02;1.956129e-02;4.336343e-01;9.953756e-02;1.097696e-02;4.786568e-03
5.044933e-03;1.008699e-02;2.082709e-02;1.295921e-01;2.151354e-01;1.457211e-02;3.512819e-02;5.833032e-02;2.321101e-01;2.570990e-01;1.935277e-02;2.721016e-03
5.932589e-03;2.582625e-02;2.224007e-02;3.960124e-02;2.711481e-01;9.443067e-03;1.810741e-02;7.780208e-02;1.107887e-01;3.481704e-01;6.547969e-02;5.460490e-03
5.999822e-03;3.401113e-02;2.053034e-02;3.784700e-02;2.218283e-01;7.719134e-03;1.472674e-02;1.244271e-01;4.182809e-02;3.203216e-01;1.621172e-01;8.643621e-03
6.863679e-03;3.817336e-02;1.886471e-02;3.344205e-02;1.348730e-01;2.201223e-02;2.328067e-02;1.910325e-01;3.554798e-02;2.647124e-01;2.115605e-01;1.963703e-02
1.368856e-02;5.132519e-02;1.883633e-02;2.187856e-02;1.313283e-01;2.568965e-02;1.047869e-01;1.542544e-01;7.047167e-02;2.748265e-01;1.197965e-01;1.311747e-02
2.742436e-02;3.471515e-02;3.279062e-02;4.715164e-02;1.076307e-01;4.362883e-02;2.514033e-01;8.248305e-02;1.060972e-01;2.023884e-01;5.355228e-02;1.073457e-02
3.781801e-02;2.455874e-02;5.334916e-02;5.907404e-02;7.737247e-02;7.453817e-02;3.238733e-01;5.443454e-02;1.009679e-01;1.263436e-01;4.748109e-02;2.018898e-02
3.792335e-02;3.417494e-02;6.299418e-02;5.791666e-02;8.918042e-02;9.079461e-02;3.324861e-01;4.115323e-02;9.247433e-02;9.082410e-02;4.594928e-02;2.412886e-02
3.288281e-02;3.967598e-02;8.058679e-02;4.097052e-02;1.176243e-01;8.754190e-02;2.766595e-01;6.364364e-02;9.100644e-02;8.095754e-02;6.445858e-02;2.399212e-02
2.054881e-02;3.330648e-02;7.015809e-02;4.056419e-02;1.181342e-01;5.114234e-02;1.851125e-01;1.287204e-01;1.336193e-01;1.518937e-01;6.039279e-02;6.407264e-03
2.114760e-02;3.219684e-02;7.393917e-02;1.074560e-01;1.229300e-01;4.113988e-02;1.803970e-01;1.335995e-01;9.121957e-02;1.510989e-01;3.351202e-02;1.136355e-02
2.323382e-02;4.461728e-02;7.279234e-02;1.471612e-01;4.758589e-02;2.561272e-02;1.978935e-01;1.174784e-01;1.317263e-01;1.439398e-01;3.494547e-02;1.301332e-02
4.804342e-02;8.370765e-02;1.065379e-01;1.125379e-01;9.627929e-02;7.955640e-02;1.331374e-01;6.986923e-02;8.455700e-02;1.113367e-01;4.053644e-02;3.390074e-02
1.349376e-01;1.200690e-01;1.411405e-01;7.970609e-02;6.818180e-02;6.476475e-02;8.840692e-02;5.582271e-02;4.923191e-02;7.523138e-02;4.919863e-02;7.330868e-02
1.588250e-01;1.087341e-01;1.193584e-01;5.049730e-02;4.081653e-02;5.058392e-02;4.812358e-02;4.365322e-02;6.044156e-02;1.324681e-01;1.114622e-01;7.503605e-02
1.239489e-01;1.083480e-01;1.136295e-01;3.130678e-02;4.693016e-02;5.080238e-02;2.874266e-02;4.769115e-02;7.476962e-02;1.886645e-01;1.262244e-01;5.894192e-02
6.491651e-02;9.012150e-02;9.497934e-02;4.499410e-02;6.908970e-02;5.243345e-02;4.086144e-02;6.997652e-02;1.557192e-01;1.831054e-01;9.072563e-02;4.307721e-02
4.655527e-02;4.250264e-02;4.086139e-02;6.583562e-02;1.047055e-01;2.488433e-02;4.090356e-02;7.075353e-02;2.703268e-01;2.338179e-01;2.723942e-02;3.161404e-02
2.409184e-02;2.772201e-02;1.876581e-02;6.001098e-02;1.191835e-01;6.880821e-03;3.618243e-02;4.223568e-02;2.903125e-01;3.348050e-01;2.882009e-02;1.098922e-02
1.315293e-02;1.494806e-02;6.933231e-03;5.995868e-02;1.086260e-01;6.443649e-03;4.351790e-02;2.424303e-02;3.077786e-01;3.780013e-01;2.765831e-02;8.738218e-03
1.561533e-02;5.867090e-03;4.977852e-03;5.774993e-02;9.190453e-02;9.428092e-03;5.017512e-02;1.439395e-02;3.843956e-01;3.280098e-01;2.536585e-02;1.211681e-02
1.151608e-02;5.850089e-03;4.690513e-03;5.072812e-02;1.042001e-01;1.283726e-02;3.403044e-02;1.645955e-02;4.471444e-01;2.806421e-01;2.740330e-02;4.498169e-03
9.611229e-03;5.319002e-03;4.491010e-03;4.402769e-02;1.161899e-01;4.871660e-02;2.257945e-02;3.581262e-02;3.366309e-01;3.050662e-01;5.987331e-02;1.168202e-02
1.798619e-02;1.063911e-02;1.092501e-02;4.169480e-02;1.293847e-01;9.978047e-02;3.169065e-02;5.214854e-02;2.050845e-01;2.632432e-01;1.243930e-01;1.302977e-02
2.995154e-02;1.804778e-02;2.224514e-02;3.738467e-02;1.738247e-01;1.476256e-01;5.044035e-02;5.434350e-02;8.503772e-02;1.741923e-01;1.699572e-01;3.694946e-02
4.142566e-02;2.267849e-02;3.105943e-02;2.224831e-02;1.683683e-01;1.381363e-01;7.874284e-02;3.926365e-02;1.352814e-01;9.657575e-02;1.677172e-01;5.850282e-02
5.047068e-02;2.155531e-02;3.765585e-02;4.519399e-02;7.985312e-02;4.310697e-02;8.893623e-02;5.382232e-02;2.162335e-01;1.983719e-01;1.193490e-01;4.545104e-02
3.816602e-02;1.572280e-02;1.978247e-02;6.173366e-02;7.248342e-02;2.869305e-02;3.915247e-02;6.268796e-02;2.979142e-01;2.266569e-01;1.197262e-01;1.728074e-02
3.724710e-02;2.884474e-02;4.527306e-02;5.523580e-02;5.652528e-02;1.133926e-01;9.390062e-02;5.505479e-02;2.878577e-01;1.409419e-01;5.899335e-02;2.673316e-02
6.144252e-02;3.764733e-02;6.727855e-02;4.197214e-02;8.279132e-02;1.123986e-01;1.396482e-01;7.717574e-02;1.819227e-01;8.396451e-02;6.556428e-02;4.819402e-02
2.357250e-02;6.019697e-02;5.472801e-02;3.409191e-02;1.281890e-01;9.790334e-02;7.838354e-02;1.168435e-01;1.004842e-01;1.809403e-01;7.833942e-02;4.632734e-02
2.937558e-02;8.339369e-02;2.475473e-02;2.214689e-02;1.514657e-01;4.705186e-02;2.753047e-02;1.726758e-01;8.786786e-02;2.517877e-01;7.458238e-02;2.736738e-02
2.477252e-02;1.173312e-01;1.474703e-02;1.218710e-02;1.336382e-01;2.858593e-02;1.897839e-02;2.034034e-01;6.444166e-02;2.794978e-01;8.788625e-02;1.453058e-02
1.398148e-02;1.703805e-01;1.495560e-02;7.625539e-03;1.178907e-01;1.912685e-02;1.148318e-02;2.073951e-01;2.429792e-02;3.113003e-01;8.986525e-02;1.169762e-02
1.031104e-02;1.825418e-01;1.545107e-02;5.709110e-03;9.279595e-02;2.970548e-02;8.195261e-03;1.575419e-01;1.628240e-02;2.868699e-01;1.828644e-01;1.173183e-02
1.205714e-02;1.124647e-01;5.359970e-02;1.324557e-02;5.469196e-02;6.485704e-02;1.238021e-02;7.840078e-02;2.179442e-02;1.979663e-01;3.567435e-01;2.179870e-02
2.180101e-02;3.625653e-02;1.414856e-01;2.388387e-02;2.753892e-02;9.469800e-02;2.602871e-02;2.580355e-02;2.584562e-02;9.857370e-02;4.294866e-01;4.859787e-02
6.203746e-02;3.548304e-02;1.659359e-01;3.556683e-02;1.037111e-02;6.663112e-02;4.244074e-02;1.470879e-02;2.355757e-02;5.741056e-02;3.843743e-01;1.014826e-01
1.368747e-01;6.990015e-02;1.183771e-01;4.217470e-02;2.179176e-02;3.492448e-02;5.541158e-02;1.872597e-02;2.604009e-02;5.485135e-02;2.604663e-01;1.604618e-01
1.922792e-01;9.204975e-02;9.177866e-02;5.266802e-02;3.840382e-02;2.521231e-02;7.347793e-02;3.208402e-02;2.342156e-02;5.743885e-02;1.484649e-01;1.727210e-01
1.646123e-01;1.067147e-01;1.118762e-01;6.520235e-02;6.344155e-02;4.092627e-02;1.075078e-01;5.127946e-02;3.695361e-02;7.417481e-02;7.826132e-02;9.904968e-02
9.192018e-02;6.066427e-02;1.842092e-01;5.551106e-02;7.894347e-02;6.556728e-02;9.351173e-02;5.640262e-02;5.659210e-02;8.038993e-02;1.181957e-01;5.809243e-02
1.045571e-01;5.640871e-02;1.823642e-01;5.486751e-02;7.468770e-02;6.073020e-02;1.423960e-01;3.486339e-02;5.867505e-02;8.813491e-02;1.000502e-01;4.226510e-02
1.077870e-01;6.435152e-02;1.272578e-01;5.032934e-02;9.103212e-02;5.910800e-02;2.068268e-01;4.210456e-02;6.015266e-02;8.954319e-02;6.328601e-02;3.822099e-02
1.041863e-01;6.753093e-02;1.605060e-01;4.610290e-02;8.037318e-02;4.906191e-02;1.904324e-01;4.821889e-02;6.224321e-02;8.611546e-02;6.212516e-02;4.310358e-02
1.006125e-01;7.080892e-02;1.764228e-01;4.325382e-02;7.042269e-02;4.837161e-02;1.668240e-01;5.532997e-02;7.114748e-02;8.691306e-02;6.577419e-02;4.411894e-02
7.969528e-02;7.035763e-02;1.431712e-01;6.612838e-02;8.382178e-02;6.315277e-02;1.250535e-01;8.321670e-02;9.902012e-02;8.664072e-02;6.053147e-02;3.921046e-02
6.413964e-02;6.840166e-02;7.867226e-02;8.549047e-02;8.619768e-02;6.508502e-02;1.229786e-01;1.092287e-01;1.050002e-01;8.239295e-02;7.338296e-02;5.902981e-02
9.353206e-02;6.547707e-02;1.052622e-01;6.073738e-02;6.683627e-02;6.862858e-02;1.106545e-01;1.336440e-01;7.369073e-02;9.511737e-02;6.121936e-02;6.520046e-02
1.095220e-01;5.672569e-02;1.212238e-01;5.884821e-02;1.314146e-01;8.068064e-02;8.910571e-02;1.084192e-01;7.302485e-02;1.103662e-01;2.773783e-02;3.293130e-02
1.011155e-01;5.333280e-02;9.682915e-02;6.451979e-02;1.538514e-01;1.227541e-01;1.175870e-01;7.815351e-02;5.720991e-02;7.573611e-02;4.645179e-02;3.245883e-02
1.159716e-01;5.596653e-02;5.420714e-02;8.748560e-02;7.958920e-02;1.426056e-01;1.288041e-01;1.013763e-01;6.535874e-02;5.609179e-02;5.266318e-02;5.988014e-02
1.090466e-01;7.640801e-02;3.683675e-02;6.435546e-02;8.139950e-02;1.215493e-01;1.833433e-01;9.881815e-02;5.502062e-02;6.611133e-02;3.534972e-02;7.176113e-02
1.143874e-01;5.254823e-02;6.353875e-02;4.683496e-02;5.105268e-02;8.261114e-02;1.221158e-01;1.683167e-01;1.389348e-01;6.885373e-02;4.544792e-02;4.535780e-02
9.467624e-02;6.397824e-02;1.145534e-01;5.286887e-02;3.858967e-02;4.819771e-02;1.191377e-01;2.293763e-01;1.172378e-01;5.914344e-02;3.078368e-02;3.145685e-02
5.742505e-02;7.312470e-02;1.288683e-01;4.179098e-02;2.230666e-02;3.922665e-02;2.354560e-01;2.481206e-01;7.457065e-02;4.425644e-02;1.791947e-02;1.693453e-02
4.496102e-02;6.687074e-02;7.511126e-02;1.835142e-02;2.014383e-02;1.116326e-01;4.263461e-01;1.696326e-01;2.992634e-02;2.602108e-02;5.387273e-03;5.615801e-03
7.037917e-02;4.691701e-02;2.317100e-02;9.103506e-03;2.249436e-02;2.265877e-01;4.452840e-01;9.226204e-02;1.141388e-02;4.897550e-02;1.572331e-03;1.839529e-03
1.268388e-01;4.082595e-02;5.616254e-03;1.233289e-02;2.964036e-02;3.224025e-01;3.181449e-01;5.301931e-02;8.883174e-03;7.422528e-02;1.347752e-03;6.722854e-03
2.001924e-01;2.428991e-02;1.009949e-02;1.205458e-02;7.212358e-02;3.846897e-01;1.559336e-01;2.630220e-02;1.060320e-02;7.713771e-02;2.416525e-03;2.415705e-02
2.161951e-01;1.019910e-02;1.737980e-02;1.447840e-02;1.744469e-01;3.366568e-01;4.535810e-02;1.463438e-02;2.815009e-02;4.865352e-02;7.600460e-03;8.624731e-02
1.307962e-01;4.047166e-03;1.842446e-02;3.317612e-02;2.990263e-01;2.022529e-01;4.550248e-02;1.306167e-02;7.078195e-02;2.011144e-02;5.801169e-03;1.570181e-01
5.235696e-02;5.504410e-03;2.009821e-02;7.887851e-02;3.794956e-01;1.351898e-01;3.676292e-02;8.662303e-03;9.010147e-02;1.026001e-02;1.620442e-02;1.664853e-01
1.768655e-02;6.856862e-03;1.772178e-02;1.499179e-01;4.459685e-01;8.035398e-02;2.480245e-02;6.415417e-03;9.340981e-02;7.579942e-03;2.961499e-02;1.196718e-01
1.605277e-02;5.176092e-03;4.635062e-02;1.920358e-01;4.285954e-01;4.710200e-02;2.292708e-02;3.571668e-03;6.845672e-02;5.761120e-03;5.714587e-02;1.068249e-01
1.771455e-02;6.070653e-03;4.920340e-02;1.672310e-01;3.551411e-01;5.714973e-02;2.471197e-02;7.295009e-03;4.235920e-02;6.733793e-03;9.302478e-02;1.733648e-01
1.562097e-02;1.281586e-02;5.681001e-02;1.560903e-01;3.197889e-01;5.061808e-02;2.490233e-02;1.079128e-02;2.341054e-02;1.278635e-02;1.010487e-01;2.153166e-01
1.285524e-02;1.494818e-02;7.670218e-02;2.104102e-01;2.900835e-01;4.085649e-02;2.237243e-02;1.165580e-02;2.207510e-02;3.834919e-02;7.459006e-02;1.851016e-01
9.788254e-03;1.140223e-02;1.305270e-01;2.495959e-01;2.355974e-01;3.726413e-02;1.916940e-02;6.955122e-03;2.151825e-02;7.053614e-02;1.102560e-01;9.739018e-02
1.199695e-02;1.345191e-02;2.006084e-01;2.325697e-01;1.807060e-01;3.429885e-02;4.557299e-02;1.011490e-02;2.560822e-02;7.374965e-02;1.513911e-01;1.993132e-02
9.118112e-03;1.395909e-02;3.772903e-01;1.705702e-01;1.090284e-01;2.083236e-02;2.217175e-02;8.647443e-03;2.631447e-02;6.674793e-02;1.636830e-01;1.163705e-02
2.790249e-02;5.949332e-02;4.934950e-01;9.314995e-02;5.052642e-02;1.435926e-02;1.268820e-02;6.551358e-03;2.836349e-02;7.792275e-02;1.257100e-01;9.837738e-03
7.663862e-02;1.273009e-01;4.927152e-01;3.708019e-02;2.426163e-02;1.287298e-02;1.665699e-02;5.185379e-03;3.341924e-02;8.048384e-02;7.772557e-02;1.565943e-02
1.304488e-01;1.710876e-01;3.852654e-01;4.025434e-02;2.189794e-02;1.242201e-02;2.139431e-02;1.678154e-02;3.953691e-02;6.595271e-02;4.953676e-02;4.542169e-02
