4.295002e-02;5.708944e-02;1.613908e-01;5.589301e-02;5.122241e-02;6.770225e-02;1.910312e-01;5.559345e-02;9.030949e-02;1.082867e-01;6.929138e-02;4.923987e-02
7.113428e-02;5.674154e-02;1.005772e-01;2.702585e-02;5.224810e-02;5.663000e-02;9.781509e-02;5.256904e-02;1.462178e-01;1.743679e-01;8.674859e-02;7.792463e-02
7.557378e-02;8.048666e-02;1.162440e-01;4.315613e-02;7.820314e-02;5.983391e-02;7.659633e-02;4.336851e-02;1.174700e-01;1.598652e-01;6.319395e-02;8.600836e-02
1.067323e-01;7.582261e-02;2.819065e-01;4.121874e-02;7.290262e-02;4.550464e-02;1.765378e-01;3.184616e-02;5.545904e-02;3.722465e-02;3.726824e-02;3.757684e-02
7.375392e-02;5.507120e-02;2.442953e-01;4.395076e-02;6.133525e-02;4.371081e-02;2.473946e-01;3.804708e-02;7.965726e-02;5.072182e-02;4.066003e-02;2.140207e-02
5.034006e-02;4.401841e-02;1.831630e-01;4.774448e-02;5.517229e-02;4.109075e-02;2.870107e-01;5.671427e-02;1.125196e-01;7.225501e-02;3.585588e-02;1.411549e-02
2.705033e-02;3.120049e-02;9.933050e-02;4.543389e-02;6.240838e-02;3.336802e-02;2.797526e-01;6.933190e-02;1.458624e-01;1.529276e-01;4.461253e-02;8.721294e-03
1.617486e-02;2.448505e-02;3.191115e-02;3.184676e-02;8.956090e-02;4.477637e-02;1.774080e-01;5.690669e-02;1.045057e-01;2.945079e-01;1.161457e-01;1.177090e-02
9.578822e-03;2.684866e-02;2.480797e-02;1.022663e-02;1.069725e-01;9.387279e-02;7.264932e-02;4.436704e-02;6.045824e-02;3.224143e-01;2.041260e-01;2.367768e-02
1.814889e-02;3.248376e-02;5.125583e-02;3.115416e-02;9.938847e-02;1.048061e-01;5.872643e-02;4.116680e-02;5.069051e-02;2.553034e-01;2.286704e-01;2.820524e-02
3.002422e-02;4.144689e-02;5.023626e-02;5.427045e-02;6.140106e-02;9.258167e-02;1.083602e-01;2.680608e-02;7.427610e-02;2.351898e-01;1.998686e-01;2.553865e-02
4.891554e-02;4.186672e-02;7.435729e-02;8.865964e-02;3.700934e-02;4.462137e-02;1.426099e-01;4.029243e-02;1.048068e-01;1.871137e-01;1.617706e-01;2.797669e-02
3.932975e-02;4.870461e-02;1.390141e-01;1.355887e-01;5.840770e-02;3.691325e-02;7.579395e-02;5.307074e-02;1.092040e-01;1.645527e-01;1.179900e-01;2.143039e-02
2.497076e-02;4.700608e-02;1.792699e-01;1.267378e-01;7.664541e-02;7.489374e-02;1.259467e-01;7.155604e-02;8.064632e-02;1.110080e-01;6.832498e-02;1.299424e-02
2.972564e-02;4.625387e-02;1.196386e-01;6.845654e-02;7.734594e-02;9.210854e-02;2.834847e-01;7.337390e-02;5.251666e-02;1.042116e-01;4.317668e-02;9.707252e-03
7.176328e-02;4.892457e-02;6.321389e-02;3.572823e-02;5.691217e-02;6.970989e-02;2.130254e-01;6.173401e-02;1.053343e-01;1.407110e-01;6.186164e-02;7.108155e-02
9.343888e-02;6.595933e-02;8.324525e-02;4.498693e-02;4.695589e-02;6.416025e-02;9.392136e-02;8.357021e-02;1.214108e-01;1.346659e-01;6.404945e-02;1.036357e-01
9.147290e-02;7.864045e-02;9.207937e-02;4.635521e-02;4.610755e-02;6.547181e-02;7.572998e-02;7.642897e-02;1.147675e-01;1.073654e-01;9.898071e-02;1.066002e-01
7.859689e-02;8.660480e-02;8.864841e-02;4.569587e-02;4.704491e-02;6.742091e-02;6.591770e-02;5.950831e-02;9.772076e-02;9.132139e-02;1.607216e-01;1.107985e-01
1.371713e-01;7.803341e-02;9.617733e-02;3.903270e-02;3.237457e-02;7.711281e-02;8.748885e-02;3.041486e-02;5.822675e-02;7.696965e-02;1.730881e-01;1.139097e-01
1.460952e-01;5.249052e-02;1.509191e-01;3.155867e-02;1.694349e-02;1.192439e-01;1.432597e-01;3.498811e-02;3.347667e-02;4.994883e-02;1.527544e-01;6.832141e-02
1.157322e-01;4.263350e-02;1.324180e-01;1.945827e-02;1.900538e-02;1.426181e-01;1.620709e-01;5.533435e-02;3.415333e-02;5.292952e-02;1.867071e-01;3.693937e-02
9.858812e-02;7.079054e-02;6.763744e-02;1.166115e-02;4.219239e-02;1.185053e-01;1.173740e-01;7.836065e-02;3.595301e-02;1.049094e-01;2.296955e-01;2.433254e-02
4.415538e-02;1.294106e-01;5.203183e-02;1.718012e-02;7.350748e-02;7.932375e-02;4.833996e-02;8.325427e-02;4.493125e-02;1.783351e-01;1.956421e-01;5.388805e-02
3.954692e-02;1.459866e-01;5.505846e-02;3.086720e-02;7.949225e-02;6.327900e-02;4.648881e-02;5.220475e-02;8.056721e-02;1.943438e-01;1.243189e-01;8.784602e-02
7.389307e-02;1.152341e-01;8.632452e-02;5.307749e-02;6.738513e-02;8.360282e-02;5.642810e-02;3.349479e-02;1.365438e-01;1.385251e-01;8.198375e-02;7.350726e-02
7.923482e-02;8.009504e-02;9.400948e-02;8.239264e-02;5.031318e-02;9.058032e-02;1.114351e-01;4.475350e-02;1.400821e-01;1.396580e-01;3.891269e-02;4.853325e-02
8.948470e-02;6.548958e-02;8.847842e-02;8.674712e-02;4.521177e-02;9.703367e-02;1.175909e-01;4.010281e-02;1.176488e-01;1.636261e-01;5.244135e-02;3.614479e-02
1.257865e-01;6.575017e-02;9.705810e-02;6.751522e-02;5.418496e-02;6.940182e-02;8.644597e-02;4.190721e-02;1.254086e-01;1.253408e-01;7.645353e-02;6.474699e-02
1.719562e-01;4.814591e-02;8.603533e-02;4.332739e-02;5.903778e-02;5.520751e-02;6.599506e-02;4.601184e-02;1.446422e-01;1.227760e-01;8.685515e-02;7.000967e-02
1.627894e-01;3.785834e-02;8.371454e-02;6.286360e-02;7.460639e-02;7.264179e-02;7.052587e-02;4.319359e-02;1.366041e-01;1.016330e-01;7.471947e-02;7.884994e-02
1.088435e-01;5.591429e-02;9.414509e-02;1.170389e-01;7.637805e-02;1.013907e-01;6.555591e-02;5.812776e-02;1.050041e-01;1.057707e-01;5.137236e-02;6.045872e-02
8.750354e-02;8.659468e-02;6.611039e-02;1.476420e-01;7.584520e-02;1.027417e-01;7.546265e-02;5.838884e-02;8.156352e-02;1.228571e-01;4.392764e-02;5.136273e-02
9.936431e-02;8.637174e-02;5.579694e-02;1.572171e-01;1.055474e-01;7.429521e-02;7.120440e-02;6.559526e-02;6.204798e-02;1.257762e-01;4.283743e-02;5.394610e-02
9.779344e-02;7.705465e-02;7.689545e-02;1.479803e-01;8.485599e-02;4.033695e-02;8.111507e-02;7.073504e-02;9.068951e-02;1.003363e-01;5.197328e-02;8.023395e-02
9.394559e-02;1.109147e-01;9.285209e-02;1.195029e-01;5.444662e-02;3.412217e-02;7.733163e-02;6.015532e-02;1.107077e-01;9.940480e-02;6.803406e-02;7.858238e-02
6.327513e-02;1.051352e-01;6.963518e-02;1.015744e-01;6.074961e-02;4.632666e-02;9.324389e-02;5.241949e-02;1.223109e-01;1.764338e-01;5.867385e-02;5.022176e-02
3.712499e-02;7.935081e-02;1.422330e-01;7.373770e-02;5.738434e-02;4.215836e-02;6.143816e-02;4.140430e-02;1.745182e-01;2.182483e-01;3.225613e-02;4.014580e-02
5.277960e-02;8.381067e-02;1.652526e-01;5.801430e-02;9.614176e-02;4.234984e-02;4.018489e-02;3.707565e-02;1.660990e-01;1.635009e-01;4.429612e-02;5.049464e-02
9.355168e-02;1.188142e-01;9.992230e-02;7.028144e-02;1.170306e-01;5.525112e-02;3.244463e-02;6.331435e-02;1.287553e-01;1.180148e-01;6.119733e-02;4.142224e-02
1.141405e-01;1.128679e-01;1.331934e-01;7.114460e-02;9.310037e-02;6.001155e-02;4.891264e-02;4.504437e-02;1.442318e-01;9.939574e-02;5.403605e-02;2.392100e-02
1.386244e-01;1.023084e-01;1.360188e-01;7.737476e-02;6.773001e-02;5.744449e-02;7.443281e-02;3.509536e-02;1.523454e-01;7.905804e-02;5.233635e-02;2.723118e-02
1.466103e-01;7.076333e-02;1.174267e-01;5.769761e-02;5.433123e-02;4.447368e-02;8.770069e-02;7.161159e-02;1.382441e-01;9.589726e-02;8.140399e-02;3.383949e-02
1.121982e-01;6.176057e-02;8.019443e-02;4.410620e-02;7.505149e-02;7.020272e-02;7.754793e-02;9.056221e-02;1.310157e-01;8.772091e-02;1.198945e-01;4.974513e-02
8.645044e-02;1.137115e-01;9.294771e-02;3.959860e-02;6.673728e-02;7.857061e-02;8.937117e-02;6.645153e-02;1.579092e-01;7.336919e-02;9.087455e-02;4.400827e-02
6.925000e-02;1.165355e-01;1.375528e-01;4.004939e-02;7.289916e-02;5.900647e-02;6.991504e-02;6.412359e-02;1.577959e-01;1.158390e-01;7.621447e-02;2.081866e-02
9.943405e-02;8.095583e-02;1.651322e-01;9.915128e-02;8.267340e-02;3.330566e-02;8.178428e-02;6.688125e-02;1.099018e-01;1.059294e-01;5.386455e-02;2.098627e-02
4.267567e-02;6.311698e-02;9.471366e-02;7.242901e-02;8.292845e-02;8.105396e-02;1.280867e-01;9.366915e-02;9.052649e-02;8.891907e-02;9.050343e-02;7.137743e-02
5.916766e-02;9.405835e-02;1.217852e-01;4.832733e-02;5.985439e-02;7.468049e-02;1.236996e-01;6.786862e-02;8.177295e-02;8.118358e-02;7.408349e-02;1.135184e-01
7.707939e-02;8.689417e-02;1.117112e-01;4.041480e-02;4.627130e-02;6.916101e-02;1.244923e-01;6.546801e-02;7.929871e-02;8.110905e-02;8.875199e-02;1.293480e-01
8.123232e-02;7.618503e-02;1.086280e-01;2.781265e-02;3.998038e-02;8.342004e-02;1.355413e-01;5.951366e-02;6.856352e-02;7.673632e-02;1.258961e-01;1.164906e-01
6.882778e-02;6.253847e-02;7.624131e-02;2.451972e-02;4.385431e-02;1.131755e-01;1.398748e-01;8.021846e-02;6.114233e-02;9.200086e-02;1.608674e-01;7.673898e-02
5.689058e-02;6.241995e-02;3.923948e-02;3.751981e-02;7.747768e-02;1.062808e-01;1.415626e-01;8.478470e-02;7.017979e-02;1.570341e-01;1.198806e-01;4.672987e-02
8.697865e-02;5.863065e-02;3.995844e-02;7.364424e-02;8.582418e-02;9.459315e-02;1.535206e-01;4.936213e-02;1.139243e-01;1.532246e-01;5.234778e-02;3.799126e-02
9.264620e-02;4.194264e-02;1.099583e-01;9.287405e-02;7.359800e-02;1.116489e-01;1.556999e-01;5.688577e-02;1.286460e-01;6.465785e-02;2.822832e-02;4.321398e-02
7.886592e-02;6.498034e-02;1.332618e-01;9.143558e-02;8.958775e-02;1.206074e-01;1.146125e-01;7.648266e-02;7.683980e-02;4.165453e-02;5.763476e-02;5.403689e-02
7.006205e-02;6.668466e-02;1.387501e-01;1.175461e-01;6.421433e-02;1.208505e-01;8.806615e-02;8.225615e-02;5.659564e-02;6.377420e-02;7.021128e-02;6.098874e-02
4.583222e-02;5.342069e-02;1.499810e-01;1.057968e-01;6.317715e-02;9.156456e-02;9.277750e-02;8.394726e-02;7.433296e-02;9.655260e-02;6.114265e-02;8.147470e-02
7.471884e-02;6.875531e-02;1.097764e-01;7.913660e-02;8.453055e-02;5.264548e-02;7.345120e-02;6.532419e-02;1.250945e-01;9.152655e-02;6.376901e-02;1.112713e-01
8.418486e-02;5.653182e-02;8.681770e-02;4.227598e-02;8.275650e-02;7.514656e-02;7.029008e-02;6.304742e-02;1.703415e-01;5.204286e-02;1.001141e-01;1.164506e-01
4.367236e-02;4.411991e-02;7.584896e-02;4.848486e-02;6.543615e-02;1.147669e-01;7.939954e-02;6.668699e-02;1.693468e-01;8.485141e-02;9.690725e-02;1.104789e-01
6.041231e-02;4.982821e-02;9.603593e-02;5.622939e-02;4.395207e-02;1.274048e-01;1.227540e-01;4.889142e-02;1.671325e-01;1.129477e-01;2.375474e-02;9.065683e-02
6.938639e-02;8.023520e-02;1.683915e-01;5.012163e-02;4.692693e-02;6.572085e-02;1.110389e-01;4.759901e-02;7.068318e-02;8.205744e-02;9.768268e-02;1.101563e-01
4.547803e-02;6.270976e-02;1.768066e-01;5.959146e-02;4.344150e-02;3.834838e-02;8.228295e-02;4.481461e-02;1.218226e-01;8.834901e-02;6.626500e-02;1.700902e-01
5.654439e-02;4.744774e-02;9.595056e-02;7.272973e-02;5.469658e-02;3.544924e-02;6.705519e-02;2.570587e-02;2.026908e-01;1.311361e-01;6.702702e-02;1.435668e-01
6.095637e-02;3.437955e-02;7.011292e-02;9.190825e-02;6.721194e-02;2.762830e-02;8.047445e-02;4.137393e-02;2.107759e-01;1.938923e-01;4.750464e-02;7.378153e-02
9.723718e-02;6.998740e-02;6.061409e-02;1.071846e-01;7.994690e-02;2.068578e-02;5.909180e-02;4.151413e-02;1.253611e-01;2.327697e-01;5.870469e-02;4.690267e-02
1.324077e-01;1.730539e-01;4.596269e-02;1.142708e-01;7.494706e-02;1.410543e-02;2.501064e-02;2.934722e-02;9.833995e-02;2.052523e-01;4.925263e-02;3.804971e-02
1.397747e-01;1.981883e-01;6.703401e-02;1.514407e-01;4.689483e-02;5.668205e-03;4.464251e-02;3.590236e-02;1.267172e-01;1.370466e-01;2.996564e-02;1.672496e-02
1.150900e-01;1.221117e-01;1.297414e-01;2.116193e-01;3.230955e-02;8.463557e-03;6.201676e-02;4.608871e-02;1.403823e-01;9.722919e-02;2.549856e-02;9.448878e-03
8.583678e-02;5.030853e-02;1.710797e-01;2.357191e-01;4.220149e-02;1.426108e-02;1.119106e-01;5.135225e-02;1.117479e-01;6.982327e-02;2.539608e-02;3.036319e-02
5.334013e-02;4.032800e-02;1.884911e-01;1.744079e-01;4.601336e-02;3.197590e-02;1.813039e-01;6.687355e-02;1.061441e-01;4.043886e-02;2.598802e-02;4.469512e-02
6.906410e-02;4.837574e-02;1.551001e-01;1.389875e-01;3.114587e-02;2.501785e-02;2.022157e-01;7.720771e-02;1.196564e-01;7.543455e-02;2.959729e-02;2.819725e-02
9.206907e-02;2.500527e-02;1.280054e-01;1.605655e-01;2.482628e-02;9.375652e-03;2.013017e-01;8.334493e-02;1.242218e-01;8.897252e-02;3.186595e-02;3.044600e-02
1.152009e-01;3.850061e-02;7.066035e-02;1.539539e-01;4.905948e-02;2.403309e-02;1.894779e-01;6.555658e-02;1.162962e-01;9.634232e-02;4.084496e-02;4.007374e-02
1.249227e-01;5.244556e-02;6.700070e-02;1.612844e-01;7.926717e-02;3.185111e-02;1.300611e-01;4.583019e-02;9.535711e-02;1.223972e-01;5.634517e-02;3.323750e-02
9.434518e-02;3.971779e-02;6.818121e-02;1.470341e-01;8.033313e-02;3.814866e-02;1.253829e-01;6.726665e-02;1.021991e-01;1.551053e-01;6.411549e-02;1.817041e-02
6.952415e-02;3.282185e-02;3.833199e-02;1.031453e-01;9.577546e-02;3.454972e-02;1.214295e-01;1.030028e-01;9.895183e-02;2.238541e-01;6.332272e-02;1.529054e-02
1.999370e-02;3.352733e-02;4.795025e-02;6.639726e-02;1.529753e-01;2.818774e-02;8.326323e-02;7.463510e-02;7.409196e-02;3.166138e-01;7.048263e-02;3.188166e-02
3.101509e-02;4.978294e-02;6.289014e-02;3.008260e-02;1.627807e-01;2.447519e-02;7.752627e-02;4.789213e-02;6.447630e-02;3.394034e-01;6.592214e-02;4.375306e-02
4.297613e-02;7.017360e-02;5.105947e-02;3.286817e-02;1.813298e-01;2.691336e-02;4.538764e-02;4.252921e-02;7.719241e-02;3.342166e-01;5.003542e-02;4.531813e-02
2.389514e-02;8.045089e-02;2.490837e-02;5.167167e-02;2.179682e-01;3.006692e-02;2.396630e-02;3.023961e-02;8.093281e-02;3.349576e-01;5.423002e-02;4.671249e-02
1.798906e-02;7.130010e-02;3.098796e-02;5.780858e-02;2.057419e-01;3.535141e-02;5.745524e-02;3.781791e-02;8.991100e-02;2.885378e-01;6.152824e-02;4.557082e-02
2.582627e-02;5.012248e-02;4.548910e-02;6.035694e-02;1.638397e-01;4.039349e-02;1.326527e-01;4.632974e-02;9.175292e-02;2.520268e-01;4.779128e-02;4.341862e-02
1.190759e-02;4.492393e-02;4.587457e-02;4.355700e-02;1.553990e-01;3.580841e-02;9.707668e-02;4.646469e-02;8.412866e-02;3.024489e-01;7.369180e-02;5.871873e-02
2.283395e-02;5.745054e-02;4.169186e-02;3.243073e-02;1.586545e-01;2.425713e-02;4.632138e-02;3.954744e-02;5.737894e-02;3.471417e-01;1.134512e-01;5.884061e-02
1.929523e-02;7.553188e-02;1.794777e-02;3.666192e-02;1.564645e-01;2.014105e-02;3.018378e-02;6.769158e-02;5.305329e-02;3.521748e-01;1.243986e-01;4.645567e-02
1.005566e-02;7.936436e-02;1.534062e-02;2.563932e-02;1.413424e-01;2.787186e-02;5.383475e-02;7.960878e-02;7.003026e-02;3.425270e-01;1.239292e-01;3.045575e-02
2.022065e-02;8.242208e-02;2.843442e-02;1.176626e-02;1.264103e-01;2.967946e-02;5.192788e-02;5.841654e-02;7.728121e-02;3.471310e-01;1.401920e-01;2.611817e-02
1.006330e-02;9.459949e-02;2.252783e-02;1.961098e-02;1.220059e-01;2.408201e-02;3.483174e-02;5.297356e-02;7.466350e-02;3.624284e-01;1.601084e-01;2.210490e-02
1.455381e-02;9.773052e-02;2.196118e-02;2.299903e-02;1.154433e-01;1.935634e-02;3.938435e-02;7.008256e-02;7.314291e-02;3.474283e-01;1.563930e-01;2.152476e-02
1.245655e-02;1.023241e-01;2.286851e-02;2.310868e-02;1.095700e-01;2.463846e-02;2.298365e-02;7.246827e-02;7.604358e-02;3.382751e-01;1.668826e-01;2.838050e-02
2.025492e-02;1.046510e-01;2.198364e-02;2.011215e-02;8.849448e-02;3.203259e-02;2.705961e-02;7.202236e-02;7.000179e-02;3.098817e-01;1.821218e-01;5.138388e-02
3.023522e-02;1.092567e-01;3.517710e-02;3.095778e-02;8.306708e-02;4.242649e-02;4.535116e-02;5.259906e-02;7.414755e-02;2.611701e-01;1.696902e-01;6.592154e-02
7.678922e-02;1.038032e-01;1.030125e-01;3.522135e-02;7.226767e-02;4.027876e-02;6.507750e-02;7.971113e-02;8.685453e-02;1.481939e-01;1.153268e-01;7.346334e-02
8.396444e-02;9.384529e-02;1.172816e-01;3.697120e-02;7.235985e-02;4.976257e-02;7.509178e-02;8.965378e-02;9.035088e-02;1.095346e-01;1.156719e-01;6.551210e-02
5.169500e-02;1.018823e-01;9.259110e-02;2.522251e-02;9.486492e-02;6.970901e-02;6.572311e-02;8.420524e-02;6.955083e-02;1.504894e-01;1.502084e-01;4.385820e-02
3.789314e-02;1.069271e-01;6.738634e-02;4.632334e-02;1.189185e-01;5.497385e-02;5.755397e-02;5.657367e-02;8.688088e-02;2.204454e-01;1.187732e-01;2.735057e-02
5.740579e-02;5.616444e-02;6.442356e-02;1.000591e-01;8.559561e-02;3.859349e-02;6.986588e-02;4.893021e-02;1.429669e-01;1.741778e-01;7.913706e-02;8.268024e-02
7.943375e-02;3.955159e-02;8.279058e-02;1.118555e-01;2.673730e-02;5.427029e-02;8.410901e-02;9.210394e-02;1.097110e-01;8.435681e-02;6.562778e-02;1.694524e-01
7.216680e-02;5.363521e-02;6.644282e-02;7.444105e-02;4.074793e-02;6.701714e-02;1.063036e-01;1.142862e-01;5.323680e-02;5.772787e-02;9.995490e-02;1.940398e-01
5.266397e-02;4.612079e-02;7.183220e-02;6.757588e-02;6.441073e-02;7.462990e-02;1.185111e-01;1.134124e-01;5.148678e-02;6.666637e-02;1.146421e-01;1.580477e-01
3.658811e-02;5.952885e-02;8.390976e-02;8.907364e-02;8.916008e-02;5.733770e-02;1.110480e-01;8.755165e-02;7.153725e-02;8.085268e-02;1.012617e-01;1.321506e-01
3.987073e-02;7.558303e-02;9.001114e-02;5.837465e-02;8.435028e-02;4.764505e-02;8.362569e-02;8.745922e-02;6.464830e-02;5.866628e-02;1.017615e-01;2.080041e-01
7.823811e-02;8.186530e-02;9.004501e-02;6.670512e-02;6.372442e-02;9.932877e-02;7.588220e-02;1.002989e-01;4.150030e-02;7.989106e-02;4.963113e-02;1.728897e-01
9.497066e-02;8.510269e-02;9.222636e-02;1.041051e-01;6.118665e-02;9.849772e-02;1.060572e-01;7.860035e-02;7.584599e-02;9.352256e-02;2.328305e-02;8.660166e-02
9.931782e-02;6.703202e-02;1.082520e-01;9.756669e-02;8.129328e-02;5.751218e-02;7.508589e-02;7.024920e-02;6.649116e-02;7.386687e-02;4.356488e-02;1.597681e-01
1.025377e-01;4.341417e-02;6.729698e-02;7.527974e-02;8.285175e-02;4.341961e-02;6.525610e-02;9.366675e-02;6.984495e-02;6.346432e-02;1.220457e-01;1.709223e-01
8.363382e-02;3.835922e-02;6.297658e-02;6.359318e-02;5.099844e-02;5.423064e-02;6.228767e-02;1.131141e-01;7.558936e-02;5.466017e-02;1.237322e-01;2.168246e-01
6.868193e-02;2.897000e-02;1.067811e-01;3.427234e-02;7.079375e-02;5.657285e-02;1.019079e-01;1.373280e-01;6.459516e-02;6.401091e-02;4.222599e-02;2.238601e-01
5.351057e-02;4.662276e-02;1.505873e-01;3.350117e-02;9.261480e-02;5.894336e-02;9.422487e-02;1.196200e-01;5.449721e-02;6.363058e-02;6.436098e-02;1.678864e-01
5.608074e-02;7.082777e-02;1.143618e-01;7.048088e-02;8.260754e-02;5.423745e-02;1.103070e-01;9.109199e-02;7.833145e-02;6.985436e-02;7.101502e-02;1.308040e-01
1.053595e-01;8.017181e-02;1.432520e-01;4.405986e-02;6.222158e-02;4.975063e-02;1.149566e-01;8.553387e-02;9.505983e-02;1.126081e-01;6.534860e-02;4.167768e-02
1.144955e-01;7.483952e-02;1.535913e-01;4.874118e-02;5.559648e-02;5.145600e-02;1.403762e-01;7.698848e-02;8.859380e-02;1.020293e-01;5.895746e-02;3.433469e-02
9.979110e-02;7.012545e-02;1.586660e-01;4.822734e-02;8.403300e-02;5.999235e-02;1.534827e-01;6.231790e-02;7.999711e-02;9.799168e-02;5.733576e-02;2.803957e-02
6.635382e-02;6.038572e-02;1.173338e-01;4.129606e-02;1.343582e-01;6.365467e-02;1.545663e-01;5.001990e-02;8.154311e-02;1.383758e-01;6.999538e-02;2.211735e-02
3.287045e-02;5.170279e-02;5.737682e-02;4.052140e-02;1.638718e-01;5.632817e-02;1.129173e-01;4.212777e-02;8.222260e-02;2.295188e-01;1.172443e-01;1.329788e-02
1.235113e-02;3.077549e-02;1.234550e-02;5.697472e-02;1.081718e-01;4.723708e-02;1.192590e-01;5.616090e-02;5.778036e-02;2.737636e-01;2.059092e-01;1.927128e-02
1.996767e-02;2.457104e-02;1.775398e-02;6.541538e-02;5.202946e-02;5.645611e-02;1.703545e-01;6.263021e-02;3.040384e-02;2.233068e-01;2.527321e-01;2.437892e-02
4.696419e-02;2.021249e-02;2.199420e-02;4.953200e-02;4.097156e-02;8.764846e-02;1.731135e-01;4.819105e-02;2.975330e-02;1.729470e-01;2.705812e-01;3.809103e-02
5.656882e-02;1.795628e-02;4.759741e-02;2.768955e-02;4.326203e-02;1.103750e-01;1.519603e-01;2.820077e-02;3.340978e-02;1.614688e-01;2.787979e-01;4.271334e-02
5.530671e-02;1.771836e-02;4.155006e-02;1.251000e-02;3.476334e-02;1.350317e-01;9.416015e-02;2.238448e-02;4.152713e-02;1.709397e-01;3.161306e-01;5.797777e-02
7.283303e-02;1.362919e-02;4.465234e-02;1.196783e-02;2.094716e-02;1.731574e-01;3.730965e-02;1.528279e-02;3.139437e-02;1.406834e-01;3.446901e-01;9.345280e-02
1.112818e-01;6.027845e-03;4.798530e-02;6.989983e-03;1.219327e-02;2.359597e-01;4.643732e-02;1.165915e-02;3.160240e-02;8.556066e-02;2.897303e-01;1.145724e-01
1.653580e-01;2.514950e-02;4.685127e-02;2.606799e-02;2.694151e-02;2.096072e-01;3.979719e-02;2.407819e-02;3.641809e-02;6.668400e-02;2.236275e-01;1.094196e-01
1.598038e-01;6.018741e-02;3.554523e-02;7.194868e-02;4.947615e-02;1.467662e-01;6.950624e-02;4.400106e-02;4.093074e-02;8.544416e-02;1.695425e-01;6.684782e-02
1.175642e-01;8.227329e-02;4.355637e-02;1.308864e-01;6.235747e-02;1.161624e-01;7.407364e-02;6.033204e-02;2.995770e-02;1.127430e-01;1.433561e-01;2.673732e-02
4.824110e-02;9.602930e-02;3.131242e-02;1.276535e-01;9.223869e-02;1.027073e-01;6.081676e-02;1.138845e-01;4.051243e-02;1.372075e-01;1.208376e-01;2.855887e-02
4.020592e-02;9.082363e-02;3.746786e-02;9.954620e-02;1.387013e-01;8.506683e-02;3.536123e-02;1.233373e-01;6.197723e-02;1.653601e-01;8.618891e-02;3.596340e-02
2.626771e-02;6.935772e-02;8.416286e-02;1.048144e-01;1.540877e-01;6.203080e-02;3.843295e-02;8.306858e-02;8.663957e-02;1.919201e-01;5.224159e-02;4.697606e-02
3.446304e-02;5.305688e-02;1.515351e-01;1.102472e-01;1.194073e-01;4.733277e-02;9.562917e-02;4.764711e-02;8.895698e-02;1.577007e-01;3.761678e-02;5.640706e-02
4.969491e-02;8.367516e-02;1.643157e-01;1.171712e-01;5.828682e-02;4.690242e-02;1.777316e-01;3.625007e-02;8.628463e-02;8.688783e-02;4.009874e-02;5.270092e-02
7.154679e-02;1.172652e-01;9.825721e-02;1.008812e-01;5.895722e-02;6.143269e-02;2.389553e-01;3.447398e-02;5.570288e-02;5.560736e-02;5.138868e-02;5.553150e-02
1.585926e-01;1.059474e-01;1.083389e-01;7.584526e-02;4.306487e-02;7.292668e-02;1.980852e-01;3.796572e-02;3.496340e-02;6.635599e-02;3.369486e-02;6.421914e-02
1.953618e-01;1.016993e-01;1.176162e-01;5.484261e-02;5.907255e-02;7.988961e-02;1.532771e-01;3.402744e-02;5.845645e-02;6.136886e-02;3.136811e-02;5.302007e-02
1.792131e-01;1.051280e-01;1.118753e-01;3.468813e-02;7.949572e-02;8.347501e-02;1.064460e-01;4.221977e-02;7.547773e-02;5.518698e-02;5.275963e-02;7.403454e-02
1.254002e-01;1.121368e-01;1.111054e-01;3.366015e-02;7.554822e-02;7.683914e-02;7.531891e-02;7.803597e-02;7.608368e-02;6.752366e-02;7.824220e-02;9.010569e-02
1.162453e-01;1.025666e-01;1.188386e-01;5.360327e-02;7.941259e-02;6.625485e-02;5.007745e-02;1.063406e-01;7.473640e-02;6.377513e-02;7.856665e-02;8.958250e-02
1.124201e-01;9.241496e-02;1.534426e-01;7.167971e-02;8.797374e-02;5.801974e-02;5.388203e-02;9.088123e-02;7.547639e-02;4.960522e-02;4.418375e-02;1.100205e-01
1.409347e-01;1.263355e-01;1.471734e-01;9.293021e-02;6.936601e-02;4.523027e-02;1.145943e-01;3.529061e-02;7.961532e-02;4.373064e-02;2.761484e-02;7.718419e-02
1.234676e-01;1.218660e-01;1.295105e-01;1.120788e-01;6.466825e-02;4.543902e-02;1.318367e-01;7.428586e-02;8.175330e-02;5.438843e-02;2.308184e-02;3.762375e-02
1.036419e-01;1.156330e-01;1.395780e-01;7.630976e-02;5.416237e-02;5.898710e-02;1.067413e-01;9.316096e-02;7.530773e-02;5.245617e-02;4.355681e-02;8.046480e-02
1.003170e-01;1.177819e-01;1.133447e-01;8.504832e-02;8.799092e-02;5.120315e-02;1.059435e-01;6.786013e-02;4.907962e-02;6.415667e-02;7.956213e-02;7.771194e-02
1.101512e-01;9.539336e-02;1.267548e-01;8.830454e-02;8.746061e-02;7.193809e-02;1.392220e-01;4.244791e-02;3.483088e-02;4.714850e-02;9.492879e-02;6.141925e-02
1.042926e-01;7.855392e-02;1.414782e-01;6.521676e-02;6.440950e-02;7.295457e-02;1.420365e-01;3.927896e-02;6.109636e-02;5.371642e-02;9.349679e-02;8.346930e-02
