1.317902e-02;5.748331e-02;8.992030e-02;1.470872e-02;2.055243e-02;1.344917e-01;1.932798e-02;4.226808e-01;1.687793e-01;1.885311e-02;1.735585e-02;2.266756e-02
2.119567e-02;7.130209e-02;1.221296e-01;2.169385e-02;1.146083e-02;1.744334e-01;3.442604e-02;3.634041e-01;1.149433e-01;1.746351e-02;1.964580e-02;2.790191e-02
2.994107e-02;1.265141e-01;1.609805e-01;2.945626e-02;1.865855e-02;1.341900e-01;5.123037e-02;2.878994e-01;8.493015e-02;1.830907e-02;2.574281e-02;3.214769e-02
3.321771e-02;1.414393e-01;1.346635e-01;5.608403e-02;3.420139e-02;1.234673e-01;9.500992e-02;1.863579e-01;1.101827e-01;2.281335e-02;2.625596e-02;3.630707e-02
5.374005e-02;1.355192e-01;5.958435e-02;8.636188e-02;3.849164e-02;1.255886e-01;1.429896e-01;1.135085e-01;9.264900e-02;2.855205e-02;4.098917e-02;8.202592e-02
7.050013e-02;2.117017e-01;1.445348e-01;6.956360e-02;3.371421e-02;7.685904e-02;9.333510e-02;1.230969e-01;6.836979e-02;1.998484e-02;2.825953e-02;6.008036e-02
5.574607e-02;3.208579e-01;2.582093e-01;3.902291e-02;2.347120e-02;4.870165e-02;4.503301e-02;9.725998e-02;4.885618e-02;2.207032e-02;1.353723e-02;2.723424e-02
2.775487e-02;3.366571e-01;3.765821e-01;1.490621e-02;1.250442e-02;3.599251e-02;2.493819e-02;7.286193e-02;3.837996e-02;3.384605e-02;4.559714e-03;2.101696e-02
1.963157e-02;2.738750e-01;4.654590e-01;1.844065e-02;1.697679e-02;2.299205e-02;4.637547e-02;4.526579e-02;2.171626e-02;4.854961e-02;5.295499e-03;1.542221e-02
2.386204e-02;2.181174e-01;4.949774e-01;3.077334e-02;1.849199e-02;3.075877e-02;7.889713e-02;1.870602e-02;1.202128e-02;5.605857e-02;1.043388e-02;6.902194e-03
3.355250e-02;1.772761e-01;4.909820e-01;4.699611e-02;1.283366e-02;2.421873e-02;9.589956e-02;1.819753e-02;2.052425e-02;5.236162e-02;2.175490e-02;5.403032e-03
3.474161e-02;1.361205e-01;4.368174e-01;1.060342e-01;1.917160e-02;4.243561e-02;6.563947e-02;4.042291e-02;2.632066e-02;4.138943e-02;4.519612e-02;5.710451e-03
2.103691e-02;9.693443e-02;3.054306e-01;1.970534e-01;3.436815e-02;8.990916e-02;2.453265e-02;7.942190e-02;1.675898e-02;2.908686e-02;9.692258e-02;8.544438e-03
9.711531e-03;6.911931e-02;2.429248e-01;2.162608e-01;5.582996e-02;1.423623e-01;1.933256e-02;9.618832e-02;1.040193e-02;1.988663e-02;1.049744e-01;1.300745e-02
8.477949e-03;1.201417e-01;2.854277e-01;1.569289e-01;7.284047e-02;1.434717e-01;2.051754e-02;7.315530e-02;9.071517e-03;1.740389e-02;7.017180e-02;2.239158e-02
1.180963e-02;1.429208e-01;3.117885e-01;1.252272e-01;9.556957e-02;1.605404e-01;1.751120e-02;4.485870e-02;9.203729e-03;1.752070e-02;3.471392e-02;2.833571e-02
1.315927e-02;1.164362e-01;2.325234e-01;1.010176e-01;1.303256e-01;2.329625e-01;2.384309e-02;3.027891e-02;9.608093e-03;1.900796e-02;3.256708e-02;5.827036e-02
1.541252e-02;8.134788e-02;1.240322e-01;9.402498e-02;1.524572e-01;3.064719e-01;2.615785e-02;3.644704e-02;1.732588e-02;1.436894e-02;4.049724e-02;9.145652e-02
1.536054e-02;7.566076e-02;2.053284e-01;9.900761e-02;1.263843e-01;2.767024e-01;1.828828e-02;4.721737e-02;2.196139e-02;1.117180e-02;2.030489e-02;8.261220e-02
1.758614e-02;6.770473e-02;1.839560e-01;1.248868e-01;9.968845e-02;2.581182e-01;2.357432e-02;5.631234e-02;1.531243e-02;1.394457e-02;6.763866e-02;7.127740e-02
1.653630e-02;9.264541e-02;2.698662e-01;1.330846e-01;5.003866e-02;2.173177e-01;2.914060e-02;5.239603e-02;1.350579e-02;1.252477e-02;6.166590e-02;5.127800e-02
2.182645e-02;1.309855e-01;3.316028e-01;9.774148e-02;4.741187e-02;1.730375e-01;2.893759e-02;6.459025e-02;1.880885e-02;1.453521e-02;2.751735e-02;4.300510e-02
2.767352e-02;1.550568e-01;2.836577e-01;6.253948e-02;8.952174e-02;1.510295e-01;3.486925e-02;6.650250e-02;2.937014e-02;2.972711e-02;2.974465e-02;4.030762e-02
3.039431e-02;2.089919e-01;2.746027e-01;8.556124e-02;9.601276e-02;1.134424e-01;4.059465e-02;5.658336e-02;1.845855e-02;2.203344e-02;2.485883e-02;2.846580e-02
2.327859e-02;2.146196e-01;3.463206e-01;9.217235e-02;7.381660e-02;1.056367e-01;1.960908e-02;4.668700e-02;9.431260e-03;1.743791e-02;2.783836e-02;2.315195e-02
2.028403e-02;1.349783e-01;2.815887e-01;8.355872e-02;4.288155e-02;1.670116e-01;7.685945e-02;8.140426e-02;2.950190e-02;3.791293e-02;1.831008e-02;2.570849e-02
2.430067e-02;7.180016e-02;1.548072e-01;9.000048e-02;1.006655e-01;2.115954e-01;1.133201e-01;9.643795e-02;3.875728e-02;5.218897e-02;1.318385e-02;3.294250e-02
3.244350e-02;6.677766e-02;7.655592e-02;1.069337e-01;1.357251e-01;2.149124e-01;1.076859e-01;8.810177e-02;2.829962e-02;6.382453e-02;2.875024e-02;4.998959e-02
4.477941e-02;1.028017e-01;1.267256e-01;7.158289e-02;1.391631e-01;1.675280e-01;6.249695e-02;8.604998e-02;3.332144e-02;5.471470e-02;2.091448e-02;8.992171e-02
3.725109e-02;6.801572e-02;1.297626e-01;7.573149e-02;1.485134e-01;1.711287e-01;4.958797e-02;6.031668e-02;2.163722e-02;1.981018e-02;9.773050e-02;1.205144e-01
1.957921e-02;4.008473e-02;1.060434e-01;1.447479e-01;1.479238e-01;1.547008e-01;4.104536e-02;3.348312e-02;1.584558e-02;1.684935e-02;1.838213e-01;9.587542e-02
1.031703e-02;2.683522e-02;1.357229e-01;1.638483e-01;1.093484e-01;6.681409e-02;6.726570e-02;3.332445e-02;2.019246e-02;9.462462e-02;2.349602e-01;3.674670e-02
2.298488e-02;5.028249e-02;1.888330e-01;7.720412e-02;4.088301e-02;2.653946e-02;1.132709e-01;4.886867e-02;3.329182e-02;2.315341e-01;1.597212e-01;6.586387e-03
1.435012e-02;1.269902e-01;1.781599e-01;1.599849e-02;1.431048e-02;6.471606e-02;1.033965e-01;4.606999e-02;7.640084e-02;2.822867e-01;5.408529e-02;2.323539e-02
3.490198e-02;2.316708e-01;1.163190e-01;1.970535e-02;2.221739e-02;9.866083e-02;4.880070e-02;3.618100e-02;1.373537e-01;1.902992e-01;2.395195e-02;3.993809e-02
9.660380e-02;2.615946e-01;7.572352e-02;2.147221e-02;5.590500e-02;8.438069e-02;2.939698e-02;5.985726e-02;1.387379e-01;7.357264e-02;4.832186e-02;5.443351e-02
2.077099e-01;1.684137e-01;8.243595e-02;2.058307e-02;8.381712e-02;4.593336e-02;4.278858e-02;1.112521e-01;7.907653e-02;3.546237e-02;7.337173e-02;4.915557e-02
2.633172e-01;5.942775e-02;1.137626e-01;2.158339e-02;7.656180e-02;4.990605e-02;6.199879e-02;1.717949e-01;3.882392e-02;2.985047e-02;6.756797e-02;4.540520e-02
1.953011e-01;3.806397e-02;1.163206e-01;2.420343e-02;6.260701e-02;8.903422e-02;1.264012e-01;1.737369e-01;3.771644e-02;4.881476e-02;4.320096e-02;4.459943e-02
1.113294e-01;5.895001e-02;8.518931e-02;4.325659e-02;5.104545e-02;1.389155e-01;1.730729e-01;1.487346e-01;4.142165e-02;5.470442e-02;2.284767e-02;7.053249e-02
9.905773e-02;6.401221e-02;8.178976e-02;6.169862e-02;3.795181e-02;1.827960e-01;1.401506e-01;9.895341e-02;4.729842e-02;4.688060e-02;5.810470e-02;8.130608e-02
1.102454e-01;7.783784e-02;9.588954e-02;9.407663e-02;7.030554e-02;1.568423e-01;9.389489e-02;6.539996e-02;5.313200e-02;5.785272e-02;5.767814e-02;6.684497e-02
9.262855e-02;1.015895e-01;8.640494e-02;9.716483e-02;6.054416e-02;1.290048e-01;1.055784e-01;9.008766e-02;7.436019e-02;7.099687e-02;2.235419e-02;6.928582e-02
1.100867e-01;1.352743e-01;8.966359e-02;6.534594e-02;4.770800e-02;1.093795e-01;7.805837e-02;8.873656e-02;9.232865e-02;9.631954e-02;2.048278e-02;6.661611e-02
1.113045e-01;1.495607e-01;1.196199e-01;4.137762e-02;4.029387e-02;9.927282e-02;9.356726e-02;7.922562e-02;7.732335e-02;1.179214e-01;2.070334e-02;4.982971e-02
8.075506e-02;1.406267e-01;1.073976e-01;6.463030e-02;4.325149e-02;9.628106e-02;1.227598e-01;7.633770e-02;5.790492e-02;1.420907e-01;1.673765e-02;5.122708e-02
6.948110e-02;1.501018e-01;7.776848e-02;7.405977e-02;6.392665e-02;6.522639e-02;1.306583e-01;3.957681e-02;9.603646e-02;1.159544e-01;4.097759e-02;7.623226e-02
1.040860e-01;1.267574e-01;8.951224e-02;5.604280e-02;6.076577e-02;8.789837e-02;9.452209e-02;9.571409e-02;9.543861e-02;5.290880e-02;5.599633e-02;8.035739e-02
1.225762e-01;1.169799e-01;1.036226e-01;4.822882e-02;4.317329e-02;1.161095e-01;9.110876e-02;1.020897e-01;6.202048e-02;6.062721e-02;6.416320e-02;6.930030e-02
1.243863e-01;1.380013e-01;1.444592e-01;4.629235e-02;3.405485e-02;1.011183e-01;9.017703e-02;8.681701e-02;5.326756e-02;5.904889e-02;5.304728e-02;6.932990e-02
7.583833e-02;1.706960e-01;2.014335e-01;5.921499e-02;2.816091e-02;6.613963e-02;5.626762e-02;1.143210e-01;4.247975e-02;4.943174e-02;3.639292e-02;9.962365e-02
5.738428e-02;1.264593e-01;1.982268e-01;7.351878e-02;3.452203e-02;5.702605e-02;4.107665e-02;1.294925e-01;4.211788e-02;7.835366e-02;5.201072e-02;1.098113e-01
9.959646e-02;1.075703e-01;1.623345e-01;5.662117e-02;4.729693e-02;4.587971e-02;7.457892e-02;1.188777e-01;5.597715e-02;9.934701e-02;5.302237e-02;7.889769e-02
9.481637e-02;1.663366e-01;1.664262e-01;4.050877e-02;3.816755e-02;6.431147e-02;6.077231e-02;1.496585e-01;6.740681e-02;6.993947e-02;2.314480e-02;5.851126e-02
7.705013e-02;1.825504e-01;1.691536e-01;2.573811e-02;3.006557e-02;8.314858e-02;5.286525e-02;1.776720e-01;7.002869e-02;6.142071e-02;4.549204e-02;2.481503e-02
7.551794e-02;1.469773e-01;1.682706e-01;2.405005e-02;2.258774e-02;1.046391e-01;6.026347e-02;1.602554e-01;7.552319e-02;6.073693e-02;5.932584e-02;4.185254e-02
5.173646e-02;1.385213e-01;1.258837e-01;5.642895e-02;1.946186e-02;1.215851e-01;1.147263e-01;1.155152e-01;7.457986e-02;8.959802e-02;4.834108e-02;4.362223e-02
4.107634e-02;9.475085e-02;8.493451e-02;6.428783e-02;4.051267e-02;1.904798e-01;7.907870e-02;1.130540e-01;7.365324e-02;1.186962e-01;5.112690e-02;4.834895e-02
4.050815e-02;1.397803e-01;6.663966e-02;4.247472e-02;4.616392e-02;1.440985e-01;1.182382e-01;1.057843e-01;8.199610e-02;1.137188e-01;5.265486e-02;4.794251e-02
5.222457e-02;1.739124e-01;9.675610e-02;4.563072e-02;3.521510e-02;1.030556e-01;1.617565e-01;9.707384e-02;8.100319e-02;6.955194e-02;3.490405e-02;4.891591e-02
8.116651e-02;1.310002e-01;1.484500e-01;3.844117e-02;4.755960e-02;1.213159e-01;1.385219e-01;7.273081e-02;7.906806e-02;4.974204e-02;4.095614e-02;5.104761e-02
7.764973e-02;1.024850e-01;1.224919e-01;2.282652e-02;4.761329e-02;1.963652e-01;8.557683e-02;6.875379e-02;9.913686e-02;8.558908e-02;4.357020e-02;4.794168e-02
5.071397e-02;6.187402e-02;1.108500e-01;1.682878e-02;2.767603e-02;2.503504e-01;6.652600e-02;7.023783e-02;1.204769e-01;1.177020e-01;5.049827e-02;5.626586e-02
4.600039e-02;9.846100e-02;1.347156e-01;1.563340e-02;3.667410e-02;2.221156e-01;4.955584e-02;7.655476e-02;1.213850e-01;1.006298e-01;5.105616e-02;4.721830e-02
6.104488e-02;1.156676e-01;1.090667e-01;2.148878e-02;3.515984e-02;1.653451e-01;4.860503e-02;1.090426e-01;1.422833e-01;9.242894e-02;6.311128e-02;3.675603e-02
7.828828e-02;1.065638e-01;6.809791e-02;3.160008e-02;2.998488e-02;1.358985e-01;4.225764e-02;1.398769e-01;1.423810e-01;9.851485e-02;7.623567e-02;5.030061e-02
8.994548e-02;7.473123e-02;7.612373e-02;3.405830e-02;5.173124e-02;1.426983e-01;7.034415e-02;1.324944e-01;1.194328e-01;9.433401e-02;6.489179e-02;4.921450e-02
7.372089e-02;9.035470e-02;9.202217e-02;4.129375e-02;5.280213e-02;9.263479e-02;6.798556e-02;1.361094e-01;1.586713e-01;1.016584e-01;5.238900e-02;4.035784e-02
4.597193e-02;4.896327e-02;1.210352e-01;2.681249e-02;4.251738e-02;1.035123e-01;8.331396e-02;1.723182e-01;1.692647e-01;7.348884e-02;6.310029e-02;4.970144e-02
5.347786e-02;1.142582e-01;1.584665e-01;2.827392e-02;1.762584e-02;1.173674e-01;6.442460e-02;1.553778e-01;1.286012e-01;5.557739e-02;6.210466e-02;4.444456e-02
7.649550e-02;1.447253e-01;1.942031e-01;3.492706e-02;1.631705e-02;1.148242e-01;3.959718e-02;9.507469e-02;1.195645e-01;6.784799e-02;7.096017e-02;2.546318e-02
9.671428e-02;1.623245e-01;1.864541e-01;3.560911e-02;8.542057e-03;9.699160e-02;6.389782e-02;8.731746e-02;7.751869e-02;7.163865e-02;6.927372e-02;4.371800e-02
7.981204e-02;1.282167e-01;1.793029e-01;3.166818e-02;1.569899e-02;8.599769e-02;6.562020e-02;9.183868e-02;7.847989e-02;1.184856e-01;7.850309e-02;4.637616e-02
5.922307e-02;1.014732e-01;1.727385e-01;3.612175e-02;2.689807e-02;8.835071e-02;6.222184e-02;7.735542e-02;1.095697e-01;1.324891e-01;7.974919e-02;5.380939e-02
6.284633e-02;1.277304e-01;1.735666e-01;4.165376e-02;3.513654e-02;7.592226e-02;8.327486e-02;9.636816e-02;1.060391e-01;1.017837e-01;4.399683e-02;5.168144e-02
9.992149e-02;1.083506e-01;1.876405e-01;2.602854e-02;4.946138e-02;6.138070e-02;8.701427e-02;1.287311e-01;1.104203e-01;5.710598e-02;3.798346e-02;4.596180e-02
9.474092e-02;1.394859e-01;1.482764e-01;4.722905e-02;4.364832e-02;1.557657e-01;4.566567e-02;1.368115e-01;7.385089e-02;4.014294e-02;2.805907e-02;4.632370e-02
7.063115e-02;1.596031e-01;1.287788e-01;6.081751e-02;4.298593e-02;1.493183e-01;7.190965e-02;1.362474e-01;6.571269e-02;4.796061e-02;3.198297e-02;3.405188e-02
4.909541e-02;1.471857e-01;1.438434e-01;5.768677e-02;4.058579e-02;1.207753e-01;9.533359e-02;1.437912e-01;8.004181e-02;5.541278e-02;3.222829e-02;3.401995e-02
3.936104e-02;1.749046e-01;1.981335e-01;4.509910e-02;3.587529e-02;1.144300e-01;4.504616e-02;1.293754e-01;9.326636e-02;4.464411e-02;3.619464e-02;4.366991e-02
5.872715e-02;1.910174e-01;1.917085e-01;5.548700e-02;4.415877e-02;1.185549e-01;4.194266e-02;7.137142e-02;9.828997e-02;4.696485e-02;3.469709e-02;4.708031e-02
5.126440e-02;1.473553e-01;1.507210e-01;8.276267e-02;5.469229e-02;1.236525e-01;7.052402e-02;6.850877e-02;1.162052e-01;6.316857e-02;3.004873e-02;4.109664e-02
4.457551e-02;7.467708e-02;1.071717e-01;1.069886e-01;1.193595e-01;1.205874e-01;4.074563e-02;1.204467e-01;1.292381e-01;6.583389e-02;3.548587e-02;3.488996e-02
3.147422e-02;5.781763e-02;5.536529e-02;7.640474e-02;8.850572e-02;2.724833e-01;1.280480e-01;7.810794e-02;8.232207e-02;4.656635e-02;4.709669e-02;3.580804e-02
2.474658e-02;4.335397e-02;3.996057e-02;5.051127e-02;6.599817e-02;3.108035e-01;1.817538e-01;8.734108e-02;8.732990e-02;3.422735e-02;4.725222e-02;2.672158e-02
1.626824e-02;4.227195e-02;3.424039e-02;4.816447e-02;8.231954e-02;2.495577e-01;2.443906e-01;1.016455e-01;8.380707e-02;4.070298e-02;3.556147e-02;2.106999e-02
1.469259e-02;4.266690e-02;2.579818e-02;4.683202e-02;8.168824e-02;1.839781e-01;2.856203e-01;1.342916e-01;8.535776e-02;4.726825e-02;3.382202e-02;1.798405e-02
1.996844e-02;6.065287e-02;3.704290e-02;4.443173e-02;7.684951e-02;1.495725e-01;2.490146e-01;1.583122e-01;1.035145e-01;5.323748e-02;3.000049e-02;1.740281e-02
1.866186e-02;7.099663e-02;5.505997e-02;3.070496e-02;7.547369e-02;1.435331e-01;1.625374e-01;2.006683e-01;1.436907e-01;5.403467e-02;2.874902e-02;1.588968e-02
6.824844e-03;7.122692e-02;4.414415e-02;3.615979e-02;6.448200e-02;1.320244e-01;8.245368e-02;2.315584e-01;2.091156e-01;6.262928e-02;3.752672e-02;2.185437e-02
1.089284e-02;6.159668e-02;4.358066e-02;4.425611e-02;4.980995e-02;1.214944e-01;5.660781e-02;2.082471e-01;2.468377e-01;8.671242e-02;4.617428e-02;2.379007e-02
1.980838e-02;4.945960e-02;5.337742e-02;4.338652e-02;3.341389e-02;1.569697e-01;6.560034e-02;1.297569e-01;2.319155e-01;1.355275e-01;5.872740e-02;2.205690e-02
2.892066e-02;6.932528e-02;7.381000e-02;3.280309e-02;3.889828e-02;1.781903e-01;3.323124e-02;8.082810e-02;2.131945e-01;1.709526e-01;5.453079e-02;2.531514e-02
2.667789e-02;5.808734e-02;5.583610e-02;1.806784e-02;4.993185e-02;1.623028e-01;4.332505e-02;8.629528e-02;2.457300e-01;1.524868e-01;5.996642e-02;4.129269e-02
2.627736e-02;5.964073e-02;5.820806e-02;1.909326e-02;4.994570e-02;1.003697e-01;9.998730e-02;1.282561e-01;2.265513e-01;1.263848e-01;6.470797e-02;4.057785e-02
1.904505e-02;5.242313e-02;6.538327e-02;2.615028e-02;2.995975e-02;1.153733e-01;1.353281e-01;1.276169e-01;2.437072e-01;1.021185e-01;5.002226e-02;3.287220e-02
1.915330e-02;7.700989e-02;6.490402e-02;2.807762e-02;3.170090e-02;1.469487e-01;1.308240e-01;1.433558e-01;2.124231e-01;8.816854e-02;3.331751e-02;2.411649e-02
2.033048e-02;7.957952e-02;9.467316e-02;3.105753e-02;1.974794e-02;1.563408e-01;1.175704e-01;1.445954e-01;1.689336e-01;1.002646e-01;3.890468e-02;2.800197e-02
2.512315e-02;1.075878e-01;1.081224e-01;3.061243e-02;1.339043e-02;1.547236e-01;9.121724e-02;1.002682e-01;1.508951e-01;1.132891e-01;6.352298e-02;4.124751e-02
3.593321e-02;1.201160e-01;9.969766e-02;2.625744e-02;1.649750e-02;1.425386e-01;7.794239e-02;8.755390e-02;1.871371e-01;1.079734e-01;5.572909e-02;4.262375e-02
3.692139e-02;8.373903e-02;7.603951e-02;3.016792e-02;3.819998e-02;1.259865e-01;7.665747e-02;1.348988e-01;2.017820e-01;9.896205e-02;5.432625e-02;4.231905e-02
3.509722e-02;7.601951e-02;7.754393e-02;1.831819e-02;5.610782e-02;8.464026e-02;9.007241e-02;1.383281e-01;2.039059e-01;9.943519e-02;7.079912e-02;4.973241e-02
2.202734e-02;7.561411e-02;8.441491e-02;2.824646e-02;5.078349e-02;5.771459e-02;1.036395e-01;1.655702e-01;1.942590e-01;9.456307e-02;7.727247e-02;4.589486e-02
2.071305e-02;5.625749e-02;6.725518e-02;4.832549e-02;5.363115e-02;1.324256e-01;1.132447e-01;1.568184e-01;1.696927e-01;8.572130e-02;6.287201e-02;3.304294e-02
2.182835e-02;6.324577e-02;6.013949e-02;5.819977e-02;8.308893e-02;1.566896e-01;1.153839e-01;1.082840e-01;2.056478e-01;6.985722e-02;3.283806e-02;2.479717e-02
2.348265e-02;1.038115e-01;8.402362e-02;3.688619e-02;8.403442e-02;1.228567e-01;1.013640e-01;9.854795e-02;2.180944e-01;6.037903e-02;4.240005e-02;2.411947e-02
1.074130e-02;8.938667e-02;9.009816e-02;2.143935e-02;4.985630e-02;1.525461e-01;1.078925e-01;1.236596e-01;2.078293e-01;5.494714e-02;5.737345e-02;3.423014e-02
2.251279e-02;1.221970e-01;1.278206e-01;2.137121e-02;4.606001e-02;1.682308e-01;9.541109e-02;8.270177e-02;1.738702e-01;5.365181e-02;5.192663e-02;3.424621e-02
1.971293e-02;1.566435e-01;1.379797e-01;3.630241e-02;5.290614e-02;1.660195e-01;7.353076e-02;8.150563e-02;1.425125e-01;5.915791e-02;4.171341e-02;3.201560e-02
2.232247e-02;1.624947e-01;1.400836e-01;3.869019e-02;4.384174e-02;1.406118e-01;1.119148e-01;7.466242e-02;1.384118e-01;5.429002e-02;3.003312e-02;4.264333e-02
2.459356e-02;1.221577e-01;1.184714e-01;4.227517e-02;4.272030e-02;1.552169e-01;1.039074e-01;9.289138e-02;1.592750e-01;5.601205e-02;3.819080e-02;4.428830e-02
1.984349e-02;5.834346e-02;7.726356e-02;6.487978e-02;5.033284e-02;1.609917e-01;8.176597e-02;1.138979e-01;1.992958e-01;6.895246e-02;6.424272e-02;4.019037e-02
1.914448e-02;6.568669e-02;1.062417e-01;8.013769e-02;5.543542e-02;9.479577e-02;8.205629e-02;8.654342e-02;2.038367e-01;8.686735e-02;8.672904e-02;3.252545e-02
1.880283e-02;8.531166e-02;1.760767e-01;7.434589e-02;6.045856e-02;1.170223e-01;7.246926e-02;7.182673e-02;1.292112e-01;8.984953e-02;7.716038e-02;2.746503e-02
3.483609e-02;1.259760e-01;1.920037e-01;4.356864e-02;5.512115e-02;1.438269e-01;5.377788e-02;5.896269e-02;1.308201e-01;8.696432e-02;5.072699e-02;2.341557e-02
4.252446e-02;1.522081e-01;1.612248e-01;3.431031e-02;2.894074e-02;9.987950e-02;3.420759e-02;1.113858e-01;1.721304e-01;9.025475e-02;4.161615e-02;3.131745e-02
4.551523e-02;1.509496e-01;1.465704e-01;5.119439e-02;5.251955e-02;8.796520e-02;4.202244e-02;1.145672e-01;1.764096e-01;7.414222e-02;3.093753e-02;2.720673e-02
3.569465e-02;1.045212e-01;1.090893e-01;6.615454e-02;5.910832e-02;9.956007e-02;4.823595e-02;1.521927e-01;2.005380e-01;6.823909e-02;3.386867e-02;2.279753e-02
2.293163e-02;6.418488e-02;9.120214e-02;7.787825e-02;4.623137e-02;7.225323e-02;5.340743e-02;2.084990e-01;2.354005e-01;6.008027e-02;3.423880e-02;3.369248e-02
2.039344e-02;8.118594e-02;9.318168e-02;9.103446e-02;4.669238e-02;6.852683e-02;6.100374e-02;2.016855e-01;2.229057e-01;5.540648e-02;3.248985e-02;2.549400e-02
3.325731e-02;1.112445e-01;9.658396e-02;7.181679e-02;4.185098e-02;5.432235e-02;6.393681e-02;1.590299e-01;2.367633e-01;5.904281e-02;4.662706e-02;2.552418e-02
4.619349e-02;8.735885e-02;1.029216e-01;6.287014e-02;3.920724e-02;9.690984e-02;6.784970e-02;1.221292e-01;1.896585e-01;8.078523e-02;6.625397e-02;3.786227e-02
4.976090e-02;9.507924e-02;1.208594e-01;5.684943e-02;5.313826e-02;1.087316e-01;6.681235e-02;1.199087e-01;1.452567e-01;6.517874e-02;6.628998e-02;5.213473e-02
4.701857e-02;8.796405e-02;1.198713e-01;4.729938e-02;5.428649e-02;9.800538e-02;5.456027e-02;1.235717e-01;1.800419e-01;7.673715e-02;5.599884e-02;5.464492e-02
5.392395e-02;1.475904e-01;1.363183e-01;3.465104e-02;5.144821e-02;5.895672e-02;8.894836e-02;1.242342e-01;1.549445e-01;8.318931e-02;3.209886e-02;3.369612e-02
4.780212e-02;2.299574e-01;1.926337e-01;2.738629e-02;3.900213e-02;2.680570e-02;9.175509e-02;1.054974e-01;1.353446e-01;7.081906e-02;1.261279e-02;2.038387e-02
4.878757e-02;2.964698e-01;2.205282e-01;2.619983e-02;2.808822e-02;4.499862e-02;5.271016e-02;6.263902e-02;1.488349e-01;5.215532e-02;6.078134e-03;1.251026e-02
5.092778e-02;3.289516e-01;2.240057e-01;2.195209e-02;1.929140e-02;3.938994e-02;2.405013e-02;4.324734e-02;1.444851e-01;6.536412e-02;1.660187e-02;2.173289e-02
4.125182e-02;3.557303e-01;2.563853e-01;1.740723e-02;1.267510e-02;5.021150e-02;2.224229e-02;4.128545e-02;9.097071e-02;6.539092e-02;1.962009e-02;2.682932e-02
2.952914e-02;3.481463e-01;3.766382e-01;1.299341e-02;6.823551e-03;4.253235e-02;1.613926e-02;2.803480e-02;6.068981e-02;4.932624e-02;1.127636e-02;1.787055e-02
2.238870e-02;2.912883e-01;4.782352e-01;1.693333e-02;5.355247e-03;2.668034e-02;1.139426e-02;2.530744e-02;4.480211e-02;6.251195e-02;7.287440e-03;7.815656e-03
1.278100e-02;2.520732e-01;5.290743e-01;1.462627e-02;4.914494e-03;2.025579e-02;1.128774e-02;2.779943e-02;3.278791e-02;8.412100e-02;7.015699e-03;3.263212e-03
1.664276e-02;2.459696e-01;5.378901e-01;1.629961e-02;7.155469e-03;1.219763e-02;1.563717e-02;2.532403e-02;2.526241e-02;8.837800e-02;4.405238e-03;4.837919e-03
1.428958e-02;2.587615e-01;5.174723e-01;1.406439e-02;8.300963e-03;1.712251e-02;1.893308e-02;2.858516e-02;3.262772e-02;8.054529e-02;4.476344e-03;4.821130e-03
2.315940e-02;3.157504e-01;4.720867e-01;1.312260e-02;7.705478e-03;1.362181e-02;1.697465e-02;3.243714e-02;3.523704e-02;5.320430e-02;8.714140e-03;7.986302e-03
3.076561e-02;3.673592e-01;4.337932e-01;1.510153e-02;5.992163e-03;1.978532e-02;1.324320e-02;2.975565e-02;3.900559e-02;2.537319e-02;8.121437e-03;1.170399e-02
3.424841e-02;3.721356e-01;4.416372e-01;1.425810e-02;5.702155e-03;2.490078e-02;9.099520e-03;2.347393e-02;4.555033e-02;1.178865e-02;6.316009e-03;1.088937e-02
2.797756e-02;3.187395e-01;4.586675e-01;1.562139e-02;9.550503e-03;3.440628e-02;9.989426e-03;3.311258e-02;4.610178e-02;2.707047e-02;6.451256e-03;1.231171e-02
2.587094e-02;2.825735e-01;4.897141e-01;1.653502e-02;1.133747e-02;1.581282e-02;1.809215e-02;3.913240e-02;4.088075e-02;3.595186e-02;1.032549e-02;1.377350e-02
3.589302e-02;3.002482e-01;4.447598e-01;1.964127e-02;1.785064e-02;2.659583e-02;2.267998e-02;3.265791e-02;4.045535e-02;2.959540e-02;1.289156e-02;1.673096e-02
2.699144e-02;2.784916e-01;4.515997e-01;2.050933e-02;2.142191e-02;3.884053e-02;3.547689e-02;2.474304e-02;4.781157e-02;2.721807e-02;1.162288e-02;1.527297e-02
2.803851e-02;2.517341e-01;4.168089e-01;2.954331e-02;3.460027e-02;3.896030e-02;4.677080e-02;4.273433e-02;5.478213e-02;2.499228e-02;1.686893e-02;1.416611e-02
2.670197e-02;2.348674e-01;3.983295e-01;4.490108e-02;5.194230e-02;4.605160e-02;3.243657e-02;4.463872e-02;4.870026e-02;2.933452e-02;2.521881e-02;1.687730e-02
2.713798e-02;2.303228e-01;4.336542e-01;4.444766e-02;4.651768e-02;4.009033e-02;2.119347e-02;2.909393e-02;4.791962e-02;3.936975e-02;2.181011e-02;1.844251e-02
3.011425e-02;2.620764e-01;4.353172e-01;4.454630e-02;2.080617e-02;4.496347e-02;1.904370e-02;4.619483e-02;4.328638e-02;3.020358e-02;1.196095e-02;1.148680e-02
3.603345e-02;2.802354e-01;4.310504e-01;5.415653e-02;1.465398e-02;6.429582e-02;1.847023e-02;2.572497e-02;3.137017e-02;2.109791e-02;1.078104e-02;1.213011e-02
4.422924e-02;3.181777e-01;4.162494e-01;3.413449e-02;1.274770e-02;3.882862e-02;2.739971e-02;2.808661e-02;2.448080e-02;2.160767e-02;1.006148e-02;2.399658e-02
3.749269e-02;2.934521e-01;4.261865e-01;3.115084e-02;1.761791e-02;2.140843e-02;3.865961e-02;3.461486e-02;2.310224e-02;2.459851e-02;1.270150e-02;3.901494e-02
3.025183e-02;2.357496e-01;4.301107e-01;4.905522e-02;2.477415e-02;4.258857e-02;2.908617e-02;2.856444e-02;4.891037e-02;2.533538e-02;1.840913e-02;3.716442e-02
2.818619e-02;2.305843e-01;4.326872e-01;6.307776e-02;2.530640e-02;3.834509e-02;2.755400e-02;3.586528e-02;5.462244e-02;2.667078e-02;1.584743e-02;2.125312e-02
2.425758e-02;2.563176e-01;4.256289e-01;4.740939e-02;1.776814e-02;5.669583e-02;3.553289e-02;4.027306e-02;4.949524e-02;2.087551e-02;1.288317e-02;1.286278e-02
2.612418e-02;2.695583e-01;4.335297e-01;4.154755e-02;1.760301e-02;4.529985e-02;4.269843e-02;3.486015e-02;4.224228e-02;1.693934e-02;1.470132e-02;1.489588e-02
3.107747e-02;2.707981e-01;4.347493e-01;4.708479e-02;1.499450e-02;4.534463e-02;3.873214e-02;2.800447e-02;3.929660e-02;1.957248e-02;1.258127e-02;1.776426e-02
2.787588e-02;2.824723e-01;4.475552e-01;3.132803e-02;9.097952e-03;3.227954e-02;3.222454e-02;3.779768e-02;4.711965e-02;2.726293e-02;1.235125e-02;1.263503e-02
1.962644e-02;2.698426e-01;4.664790e-01;2.453797e-02;1.482378e-02;3.869217e-02;1.801661e-02;4.729545e-02;5.161968e-02;3.262064e-02;9.796105e-03;6.649490e-03
2.463786e-02;2.651000e-01;4.631332e-01;3.155887e-02;1.823609e-02;3.247961e-02;1.435545e-02;3.721326e-02;6.017776e-02;3.379050e-02;1.017180e-02;9.145642e-03
3.242918e-02;2.956100e-01;4.155316e-01;2.862892e-02;1.464946e-02;4.499123e-02;1.421662e-02;3.353893e-02;5.490280e-02;3.215941e-02;1.451861e-02;1.882323e-02
3.369720e-02;2.868183e-01;4.406110e-01;3.279886e-02;9.412902e-03;2.951082e-02;9.857752e-03;3.089047e-02;4.795709e-02;3.825383e-02;1.414196e-02;2.604977e-02
2.213795e-02;2.736220e-01;4.481835e-01;3.684301e-02;1.365628e-02;4.112853e-02;9.042918e-03;3.712918e-02;4.273345e-02;3.676881e-02;1.619560e-02;2.255870e-02
2.850827e-02;2.927892e-01;4.348453e-01;4.053966e-02;1.617436e-02;4.111794e-02;1.186037e-02;3.677386e-02;3.801910e-02;2.763737e-02;1.782514e-02;1.390946e-02
2.465090e-02;2.640056e-01;4.487320e-01;4.780051e-02;1.548786e-02;5.798415e-02;1.323517e-02;3.415165e-02;4.299369e-02;2.802579e-02;1.207136e-02;1.086132e-02
2.063254e-02;2.687544e-01;4.483041e-01;3.277964e-02;2.083688e-02;4.648086e-02;6.553451e-03;4.465696e-02;4.195284e-02;3.664604e-02;1.140343e-02;2.099900e-02
2.574772e-02;2.813962e-01;4.360323e-01;3.302373e-02;2.055605e-02;4.934823e-02;8.361075e-03;3.945259e-02;2.751109e-02;3.874126e-02;1.353743e-02;2.629234e-02
3.397739e-02;2.677054e-01;4.290054e-01;3.824675e-02;1.966094e-02;4.489137e-02;1.230248e-02;4.333317e-02;2.786070e-02;3.524717e-02;1.937030e-02;2.839890e-02
3.781625e-02;2.292490e-01;3.457043e-01;4.561834e-02;3.083344e-02;6.285828e-02;4.776040e-02;7.881670e-02;3.637199e-02;2.561757e-02;2.139044e-02;3.796331e-02
5.380026e-02;1.929969e-01;2.201497e-01;5.725735e-02;3.154008e-02;7.991102e-02;1.319440e-01;1.015818e-01;2.553996e-02;1.864360e-02;2.184268e-02;6.479269e-02
4.246419e-02;1.366688e-01;1.678160e-01;4.765134e-02;2.790648e-02;1.150703e-01;2.093900e-01;9.030028e-02;2.450073e-02;1.717315e-02;5.300784e-02;6.805090e-02
2.869534e-02;8.367553e-02;1.715433e-01;3.590021e-02;2.753434e-02;1.943936e-01;1.994249e-01;5.770385e-02;2.729889e-02;2.368406e-02;1.047116e-01;4.543440e-02
2.802339e-02;7.811256e-02;1.570703e-01;6.872299e-02;3.425233e-02;2.607699e-01;1.325632e-01;3.873860e-02;2.289607e-02;3.356890e-02;1.270858e-01;1.819597e-02
2.025800e-02;1.047941e-01;1.117008e-01;1.389402e-01;6.628754e-02;2.272683e-01;6.890728e-02;5.404036e-02;3.423163e-02;7.126691e-02;8.579225e-02;1.651263e-02
1.253209e-02;1.367197e-01;8.898263e-02;1.535683e-01;1.130077e-01;1.436382e-01;3.050536e-02;7.362711e-02;5.370110e-02;1.353958e-01;4.181937e-02;1.650258e-02
1.466010e-02;1.551276e-01;8.572049e-02;9.313144e-02;1.497409e-01;1.085569e-01;1.540451e-02;7.757355e-02;7.284576e-02;1.735380e-01;3.847850e-02;1.522236e-02
1.557943e-02;1.655384e-01;9.106114e-02;6.553352e-02;1.724441e-01;7.620130e-02;1.539533e-02;8.240560e-02;9.081438e-02;1.867918e-01;1.967593e-02;1.855906e-02
9.876681e-03;1.560647e-01;8.933709e-02;5.039707e-02;1.778639e-01;8.231948e-02;1.749749e-02;9.903461e-02;9.330393e-02;1.806068e-01;2.694809e-02;1.675021e-02
1.304654e-02;1.388255e-01;8.752910e-02;5.800734e-02;1.598324e-01;1.211715e-01;3.544417e-02;1.015501e-01;7.510083e-02;1.504075e-01;4.717302e-02;1.191204e-02
1.118620e-02;1.057310e-01;8.701804e-02;9.833293e-02;1.294707e-01;1.863817e-01;7.649279e-02;9.913947e-02;5.380860e-02;1.004453e-01;4.266655e-02;9.326686e-03
1.289944e-02;1.040175e-01;8.978898e-02;1.060667e-01;1.063184e-01;2.249811e-01;1.186345e-01;8.537800e-02;4.197080e-02;5.132108e-02;5.007953e-02;8.543919e-03
1.318176e-02;9.111900e-02;9.229489e-02;8.175804e-02;1.111684e-01;2.904701e-01;1.078972e-01;6.274245e-02;4.670122e-02;3.170058e-02;6.046415e-02;1.050213e-02
1.005456e-02;5.750865e-02;9.514680e-02;4.330813e-02;1.264197e-01;3.728582e-01;7.878830e-02;3.708449e-02;5.168685e-02;4.672038e-02;6.515294e-02;1.527097e-02
9.872601e-03;5.745299e-02;1.033575e-01;3.325516e-02;1.110566e-01;3.874648e-01;7.304361e-02;2.594873e-02;6.727844e-02;4.810497e-02;6.181311e-02;2.135159e-02
2.097017e-02;8.080290e-02;1.384884e-01;3.191363e-02;7.815860e-02;3.521912e-01;7.459510e-02;3.284241e-02;7.557562e-02;4.361646e-02;4.641638e-02;2.442920e-02
1.861437e-02;1.129220e-01;1.910457e-01;2.416984e-02;3.459876e-02;2.704472e-01;8.157772e-02;4.261266e-02;9.362189e-02;5.091773e-02;4.893922e-02;3.053295e-02
2.328806e-02;1.916882e-01;2.257918e-01;3.587593e-02;8.469279e-02;9.181228e-02;7.272793e-02;5.918397e-02;8.537173e-02;5.380854e-02;5.348612e-02;2.227268e-02
2.360994e-02;2.119940e-01;2.338271e-01;2.886211e-02;1.128561e-01;1.015312e-01;3.560884e-02;6.430217e-02;6.280334e-02;5.220882e-02;5.628863e-02;1.610781e-02
2.014051e-02;1.773861e-01;2.322172e-01;3.434109e-02;1.035947e-01;1.029575e-01;6.924760e-02;5.485250e-02;5.135618e-02;8.086783e-02;6.078136e-02;1.225735e-02
1.859639e-02;1.616294e-01;2.147661e-01;4.260404e-02;6.552806e-02;1.426962e-01;7.703863e-02;4.796587e-02;6.082138e-02;9.236480e-02;6.036870e-02;1.562049e-02
1.708579e-02;1.413441e-01;1.919260e-01;4.000421e-02;5.887248e-02;1.614131e-01;1.012166e-01;6.692068e-02;6.196119e-02;8.659980e-02;5.625702e-02;1.639889e-02
1.011346e-02;1.054096e-01;1.731891e-01;4.690864e-02;1.014783e-01;1.806838e-01;1.035835e-01;6.964440e-02;5.455925e-02;8.728791e-02;5.522854e-02;1.191347e-02
1.402908e-02;1.177510e-01;1.718125e-01;3.729302e-02;1.057978e-01;2.261024e-01;8.481038e-02;4.792217e-02;5.217537e-02;8.986912e-02;3.825254e-02;1.418463e-02
1.838155e-02;1.350444e-01;1.963285e-01;3.489779e-02;8.669519e-02;1.981329e-01;6.709313e-02;5.043632e-02;6.412634e-02;1.001317e-01;3.119666e-02;1.753553e-02
1.779886e-02;1.647290e-01;2.276059e-01;3.634573e-02;5.545636e-02;1.215258e-01;6.413103e-02;6.736868e-02;7.000809e-02;1.144947e-01;4.045638e-02;2.007953e-02
2.762452e-02;1.735449e-01;2.478857e-01;4.878279e-02;3.654933e-02;6.427146e-02;4.836834e-02;9.005032e-02;7.894906e-02;1.100808e-01;5.481902e-02;1.907361e-02
2.029949e-02;1.401742e-01;2.397682e-01;7.635482e-02;7.701043e-02;7.166769e-02;5.818965e-02;8.765564e-02;7.524339e-02;9.676090e-02;4.499626e-02;1.187939e-02
2.432893e-02;1.531854e-01;2.214648e-01;1.389059e-01;7.875303e-02;7.619386e-02;7.461131e-02;4.892903e-02;6.635258e-02;7.858554e-02;2.883340e-02;9.856286e-03
2.108821e-02;1.575123e-01;2.142256e-01;1.824527e-01;6.647817e-02;9.964667e-02;6.112415e-02;4.190878e-02;6.206556e-02;6.200187e-02;2.186026e-02;9.635758e-03
1.365027e-02;1.629195e-01;2.529692e-01;1.502956e-01;6.943617e-02;9.462382e-02;4.080433e-02;4.939290e-02;7.203389e-02;5.689095e-02;2.628924e-02;1.069413e-02
2.612304e-02;2.006896e-01;2.753343e-01;6.694708e-02;5.014917e-02;1.254085e-01;4.028013e-02;4.746354e-02;5.857990e-02;6.376140e-02;2.727012e-02;1.799333e-02
4.238629e-02;2.066809e-01;2.461400e-01;3.216564e-02;2.479501e-02;1.631093e-01;6.365923e-02;4.170287e-02;5.086789e-02;6.913611e-02;3.878423e-02;2.057240e-02
8.572745e-02;1.330205e-01;2.074817e-01;4.988556e-02;5.686284e-02;1.474297e-01;6.832562e-02;6.843692e-02;6.354583e-02;6.683398e-02;2.608025e-02;2.636955e-02
9.372176e-02;2.368248e-01;1.927935e-01;3.199693e-02;5.347532e-02;1.044011e-01;2.672776e-02;6.286904e-02;5.864260e-02;6.044794e-02;3.337422e-02;4.472496e-02
8.044053e-02;2.295289e-01;1.791174e-01;3.202796e-02;4.149171e-02;1.008613e-01;5.845872e-02;5.663302e-02;5.991913e-02;7.443586e-02;2.655251e-02;6.053299e-02
5.832475e-02;1.512736e-01;1.718718e-01;4.285283e-02;3.480506e-02;7.879767e-02;1.199037e-01;4.930700e-02;6.932914e-02;7.928646e-02;4.086090e-02;1.033871e-01
3.562349e-02;7.761183e-02;1.679547e-01;3.874367e-02;3.628838e-02;8.195376e-02;1.907817e-01;5.217514e-02;9.349452e-02;5.665658e-02;4.915057e-02;1.195657e-01
3.354825e-02;1.141597e-01;1.258752e-01;2.322508e-02;2.832013e-02;1.333694e-01;2.030306e-01;6.203301e-02;1.126487e-01;3.810503e-02;4.447365e-02;8.121123e-02
1.995720e-02;5.936389e-02;9.696478e-02;2.035400e-02;3.102887e-02;1.884486e-01;2.410603e-01;5.184547e-02;1.236284e-01;2.780667e-02;7.647172e-02;6.307010e-02
9.848342e-03;3.309179e-02;9.173856e-02;1.973136e-02;2.902049e-02;2.448177e-01;2.691317e-01;3.554589e-02;8.781032e-02;2.716799e-02;8.871009e-02;6.338583e-02
1.151970e-02;4.200494e-02;1.039712e-01;1.098174e-02;2.605040e-02;3.187800e-01;2.535665e-01;3.150739e-02;5.186726e-02;2.368787e-02;7.533611e-02;5.072694e-02
8.634477e-03;3.300957e-02;1.230853e-01;1.952866e-02;1.843965e-02;3.283741e-01;2.481027e-01;3.788901e-02;3.588202e-02;2.000049e-02;7.572587e-02;5.132806e-02
1.385797e-02;5.173887e-02;1.603604e-01;2.569900e-02;1.712030e-02;3.109989e-01;2.136586e-01;2.294156e-02;4.429141e-02;1.756298e-02;7.681729e-02;4.495277e-02
1.263698e-02;4.877615e-02;1.664453e-01;2.320291e-02;2.907932e-02;3.466257e-01;1.561674e-01;2.923745e-02;5.850890e-02;2.554642e-02;7.702475e-02;2.674872e-02
1.360592e-02;6.956738e-02;1.587785e-01;2.156353e-02;5.266634e-02;3.425090e-01;1.025211e-01;3.490425e-02;8.437056e-02;2.859716e-02;7.273096e-02;1.818529e-02
2.471420e-02;1.388747e-01;1.721507e-01;2.507230e-02;8.629706e-02;2.082749e-01;6.713511e-02;6.099455e-02;1.082046e-01;2.942212e-02;6.440385e-02;1.445606e-02
2.821123e-02;1.449464e-01;1.797425e-01;3.996207e-02;8.645338e-02;9.724224e-02;8.146172e-02;9.511752e-02;1.272575e-01;4.062260e-02;5.142092e-02;2.756187e-02
3.183737e-02;1.017845e-01;1.729406e-01;3.590265e-02;4.969350e-02;1.306102e-01;1.078163e-01;1.013793e-01;1.323836e-01;5.053188e-02;3.447649e-02;5.064357e-02
3.565141e-02;1.021981e-01;1.777754e-01;3.979186e-02;2.434646e-02;1.282115e-01;1.163543e-01;8.291143e-02;1.194569e-01;5.921166e-02;6.693491e-02;4.715612e-02
3.608314e-02;6.997966e-02;1.790791e-01;3.870798e-02;3.481697e-02;1.627324e-01;1.469527e-01;8.422142e-02;8.456366e-02;6.011176e-02;6.276820e-02;3.998291e-02
4.390664e-02;1.164597e-01;1.933870e-01;3.625353e-02;5.139118e-02;1.470124e-01;1.502062e-01;6.824155e-02;5.304602e-02;6.468766e-02;4.252389e-02;3.288427e-02
3.927636e-02;1.451203e-01;1.931547e-01;3.359333e-02;3.943022e-02;8.508576e-02;1.393979e-01;9.129728e-02;8.341646e-02;6.424739e-02;4.923427e-02;3.674599e-02
3.183164e-02;1.107785e-01;1.377335e-01;7.356564e-02;2.565555e-02;1.147453e-01;1.800685e-01;8.875456e-02;7.672582e-02;5.421102e-02;4.491839e-02;6.101169e-02
2.946868e-02;1.401171e-01;1.069461e-01;1.070859e-01;2.405074e-02;8.100788e-02;2.271793e-01;7.043340e-02;4.508388e-02;7.246299e-02;2.360589e-02;7.255813e-02
2.142833e-02;9.978881e-02;7.597467e-02;1.072906e-01;2.215675e-02;8.026946e-02;3.045255e-01;6.428996e-02;3.781930e-02;9.794508e-02;1.715202e-02;7.135953e-02
1.347025e-02;5.211383e-02;4.739205e-02;6.494135e-02;2.122238e-02;1.283706e-01;3.891270e-01;9.149537e-02;2.074793e-02;8.470046e-02;2.479525e-02;6.162350e-02
1.537634e-02;4.603510e-02;4.901187e-02;2.195774e-02;2.933894e-02;1.347480e-01;4.175835e-01;1.213967e-01;2.408468e-02;4.455075e-02;3.668094e-02;5.923548e-02
1.659198e-02;2.997443e-02;4.889328e-02;1.869357e-02;2.410381e-02;1.364618e-01;3.643539e-01;1.688030e-01;2.969844e-02;2.617679e-02;4.899072e-02;8.725833e-02
1.993128e-02;3.819632e-02;4.885767e-02;2.569814e-02;1.504385e-02;1.330240e-01;3.130923e-01;1.652686e-01;4.568667e-02;2.828694e-02;4.874922e-02;1.181650e-01
2.575489e-02;6.561681e-02;6.266377e-02;3.567624e-02;1.473946e-02;1.191454e-01;2.926703e-01;1.240708e-01;5.005717e-02;2.896390e-02;4.241778e-02;1.382234e-01
3.144320e-02;2.706614e-02;6.922550e-02;4.442463e-02;1.810839e-02;1.208395e-01;3.008734e-01;9.986547e-02;4.800125e-02;3.373266e-02;4.621123e-02;1.602086e-01
3.271269e-02;1.122414e-01;1.077658e-01;3.006735e-02;2.711068e-02;1.280116e-01;2.117528e-01;8.172614e-02;5.507985e-02;2.883440e-02;5.682049e-02;1.278767e-01
3.720659e-02;1.608151e-01;1.270479e-01;2.947801e-02;3.328536e-02;1.195384e-01;1.177272e-01;8.027200e-02;7.315765e-02;2.955204e-02;8.141566e-02;1.105041e-01
3.163449e-02;1.038409e-01;1.137132e-01;3.906495e-02;3.459484e-02;1.641254e-01;6.159691e-02;1.137193e-01;1.174605e-01;3.570335e-02;8.607356e-02;9.847250e-02
2.591772e-02;7.843541e-02;1.077061e-01;4.020734e-02;2.641016e-02;1.615244e-01;1.436446e-01;1.410747e-01;1.174681e-01;2.971664e-02;5.259586e-02;7.529899e-02
2.192027e-02;1.178403e-01;1.391474e-01;4.087003e-02;2.808615e-02;1.481870e-01;1.479849e-01;1.273833e-01;7.981005e-02;3.171126e-02;4.403912e-02;7.302017e-02
2.396696e-02;1.174075e-01;1.510006e-01;4.787293e-02;4.252406e-02;8.971050e-02;1.499571e-01;1.183202e-01;8.202837e-02;4.961182e-02;5.394855e-02;7.365140e-02
2.306886e-02;6.107210e-02;1.103426e-01;7.150722e-02;7.417829e-02;1.697492e-01;1.477851e-01;1.139385e-01;8.020223e-02;4.173404e-02;4.286182e-02;6.356011e-02
3.080743e-02;1.301529e-01;1.631681e-01;5.293925e-02;7.295415e-02;1.914435e-01;1.196357e-01;6.789425e-02;5.728033e-02;2.923603e-02;2.895093e-02;5.553738e-02
4.949127e-02;1.951401e-01;1.835880e-01;4.014373e-02;3.178136e-02;1.333236e-01;1.236062e-01;6.660999e-02;5.080188e-02;3.012621e-02;3.472956e-02;6.065813e-02
6.413652e-02;1.890910e-01;1.462132e-01;5.956022e-02;2.062295e-02;7.974731e-02;1.649810e-01;6.968956e-02;4.172546e-02;4.585756e-02;4.199815e-02;7.637701e-02
5.160050e-02;1.084014e-01;1.105646e-01;8.315093e-02;3.041326e-02;6.696419e-02;2.308133e-01;7.817242e-02;4.503652e-02;4.495291e-02;4.010280e-02;1.098272e-01
3.558823e-02;1.057191e-01;1.248064e-01;6.754855e-02;4.443673e-02;6.727600e-02;2.364428e-01;4.960771e-02;6.371173e-02;4.110742e-02;4.910560e-02;1.146497e-01
2.857816e-02;1.032350e-01;1.524746e-01;6.532424e-02;4.627007e-02;1.156427e-01;1.980203e-01;4.111216e-02;6.323096e-02;4.863062e-02;5.947565e-02;7.800549e-02
1.982777e-02;3.944688e-02;1.454311e-01;5.861863e-02;5.881145e-02;1.627170e-01;1.885558e-01;6.343184e-02;8.059933e-02;4.719177e-02;7.547955e-02;5.988878e-02
2.462255e-02;6.785753e-02;1.260111e-01;5.649161e-02;6.182932e-02;1.020560e-01;1.744226e-01;1.001523e-01;1.218990e-01;4.707201e-02;7.203610e-02;4.554989e-02
3.338272e-02;8.970901e-02;1.175640e-01;9.394608e-02;8.009212e-02;6.583072e-02;1.534028e-01;1.074265e-01;1.366754e-01;5.629871e-02;5.076537e-02;1.490648e-02
4.197603e-02;8.393767e-02;1.259111e-01;1.236799e-01;6.564560e-02;1.292122e-01;1.141819e-01;7.095752e-02;1.104268e-01;6.094695e-02;3.845028e-02;3.467406e-02
3.984763e-02;1.082109e-01;1.384796e-01;7.303240e-02;5.298323e-02;1.336888e-01;9.421851e-02;8.180554e-02;1.251155e-01;6.539978e-02;3.082374e-02;5.639430e-02
4.752908e-02;1.080675e-01;1.710576e-01;5.926033e-02;3.044260e-02;1.230123e-01;7.290205e-02;9.814757e-02;1.338389e-01;5.808505e-02;3.713107e-02;6.052606e-02
4.144190e-02;6.977149e-02;1.984145e-01;5.578027e-02;4.141509e-02;1.023780e-01;9.445459e-02;8.260709e-02;1.046294e-01;6.488974e-02;5.330209e-02;9.091577e-02
3.022862e-02;9.284168e-02;2.040924e-01;3.684293e-02;4.147277e-02;1.021090e-01;1.185427e-01;8.357403e-02;8.516743e-02;5.581225e-02;5.538046e-02;9.393582e-02
1.672957e-02;9.136884e-02;2.053045e-01;4.428621e-02;4.424340e-02;1.203758e-01;1.257548e-01;8.482467e-02;8.442491e-02;4.493793e-02;4.806878e-02;8.968061e-02
3.377665e-02;9.906495e-02;2.013241e-01;5.779168e-02;4.089996e-02;9.309850e-02;1.033719e-01;9.653605e-02;9.401932e-02;3.759615e-02;4.848038e-02;9.404036e-02
4.299892e-02;7.775483e-02;1.684896e-01;5.866241e-02;3.915028e-02;1.091263e-01;7.653134e-02;1.156633e-01;9.187298e-02;4.065656e-02;6.721585e-02;1.118775e-01
4.570724e-02;1.397504e-01;1.780804e-01;4.848431e-02;5.002458e-02;1.267487e-01;4.833137e-02;9.371280e-02;6.188391e-02;4.014723e-02;6.585764e-02;1.012713e-01
4.294268e-02;1.744841e-01;2.114365e-01;8.181865e-02;5.369186e-02;8.566441e-02;4.883316e-02;7.543653e-02;5.524940e-02;3.769312e-02;5.145017e-02;8.129942e-02
3.915752e-02;1.212004e-01;1.768689e-01;7.640347e-02;7.326832e-02;1.166342e-01;9.349343e-02;5.291684e-02;6.608381e-02;5.729102e-02;4.901687e-02;7.766521e-02
2.736681e-02;1.078850e-01;2.079304e-01;4.489978e-02;4.420316e-02;1.698945e-01;1.163129e-01;8.648849e-02;5.881283e-02;6.031216e-02;3.062105e-02;4.527293e-02
4.608399e-02;1.936683e-01;2.189522e-01;3.067062e-02;2.739546e-02;1.445799e-01;7.684036e-02;1.217230e-01;5.971373e-02;3.659359e-02;1.116863e-02;3.261017e-02
