3.138926e-02;1.738496e-02;1.143064e-01;3.395310e-02;1.290883e-02;1.129236e-01;6.716540e-02;2.241286e-01;9.398421e-02;2.117730e-02;4.433803e-02;2.263403e-01
3.900736e-02;1.596407e-02;1.144647e-01;5.593254e-02;2.925911e-02;1.195393e-01;5.883644e-02;1.939193e-01;1.632994e-01;3.450017e-02;3.465575e-02;1.406220e-01
2.634596e-02;2.808563e-02;1.474863e-01;5.092307e-02;3.614227e-02;1.185122e-01;7.085093e-02;1.899889e-01;1.393575e-01;3.974674e-02;1.806304e-02;1.344974e-01
3.868565e-02;4.748923e-02;1.463983e-01;5.652414e-02;3.200970e-02;9.890773e-02;9.993584e-02;1.366247e-01;1.182460e-01;3.764944e-02;3.866049e-02;1.488687e-01
4.487247e-02;5.595743e-02;1.181831e-01;6.051005e-02;2.698650e-02;6.263573e-02;1.303394e-01;1.445464e-01;1.146277e-01;3.283456e-02;7.312383e-02;1.353829e-01
4.635618e-02;5.958337e-02;7.719448e-02;4.938434e-02;3.101494e-02;2.734008e-02;1.232498e-01;2.330374e-01;1.332651e-01;3.460654e-02;5.965237e-02;1.253154e-01
4.747816e-02;1.180912e-01;1.817546e-01;3.538157e-02;4.487567e-02;4.395549e-02;1.080488e-01;1.198088e-01;1.206837e-01;4.405795e-02;4.082195e-02;9.504204e-02
8.593519e-02;1.677304e-01;1.817888e-01;5.168823e-02;2.783085e-02;4.737053e-02;1.029168e-01;5.439013e-02;1.187594e-01;3.422757e-02;4.073022e-02;8.663195e-02
1.406290e-01;1.250660e-01;7.102913e-02;4.813981e-02;3.653201e-02;4.920916e-02;1.041741e-01;1.017043e-01;1.242717e-01;4.894616e-02;4.550296e-02;1.047957e-01
1.461268e-01;4.132778e-02;1.043658e-01;5.757567e-02;5.052745e-02;6.760979e-02;1.095483e-01;1.388127e-01;6.002158e-02;6.134567e-02;8.080524e-02;8.193320e-02
1.232254e-01;8.035635e-02;1.731662e-01;2.902910e-02;3.974947e-02;5.812423e-02;5.200466e-02;1.030694e-01;8.132971e-02;7.715759e-02;1.043676e-01;7.842033e-02
2.077802e-01;7.663642e-02;1.039749e-01;3.515724e-02;1.961355e-02;3.443070e-02;1.047172e-01;7.831656e-02;5.955120e-02;4.860076e-02;6.129089e-02;1.699304e-01
3.285148e-01;7.537103e-02;5.219717e-02;2.776385e-02;8.685186e-03;2.833494e-02;1.128452e-01;5.747014e-02;3.179321e-02;2.868502e-02;4.863673e-02;1.997029e-01
4.547225e-01;1.014246e-01;3.407306e-02;1.149172e-02;1.963484e-02;2.169469e-02;8.759073e-02;6.119326e-02;1.425686e-02;1.280911e-02;4.040627e-02;1.407023e-01
5.141404e-01;9.323482e-02;2.581362e-02;1.176963e-02;6.243250e-02;1.690072e-02;6.651637e-02;1.059653e-01;1.295906e-02;7.468661e-03;1.867005e-02;6.412888e-02
4.520088e-01;5.561592e-02;2.020500e-02;1.044484e-02;1.537084e-01;2.838958e-02;5.376031e-02;1.528384e-01;1.205038e-02;4.371220e-03;5.956219e-03;5.065092e-02
3.483345e-01;5.524974e-02;2.276915e-02;1.065695e-02;2.016700e-01;4.965489e-02;5.500011e-02;1.777897e-01;1.632766e-02;6.817520e-03;5.524034e-03;5.020577e-02
2.930275e-01;4.735721e-02;1.635068e-02;3.002940e-02;1.489712e-01;5.209537e-02;1.055495e-01;1.849448e-01;2.436570e-02;1.520201e-02;1.333072e-02;6.877578e-02
2.370154e-01;4.303814e-02;2.489978e-02;5.653446e-02;6.803934e-02;4.306941e-02;1.626205e-01;1.504047e-01;3.474409e-02;3.495358e-02;3.396928e-02;1.107114e-01
1.658594e-01;3.445017e-02;5.977064e-02;6.223371e-02;3.883322e-02;5.415466e-02;1.827700e-01;9.582257e-02;3.969947e-02;6.332272e-02;7.255234e-02;1.305311e-01
1.426481e-01;2.943853e-02;8.812082e-02;3.346074e-02;5.299490e-02;8.291926e-02;1.359583e-01;7.535642e-02;7.224928e-02;8.447163e-02;1.013607e-01;1.010212e-01
1.779626e-01;4.052265e-02;8.798407e-02;5.314500e-02;8.135326e-02;7.645072e-02;1.018798e-01;8.296447e-02;8.546411e-02;8.713776e-02;6.936555e-02;5.576994e-02
1.671838e-01;2.887838e-02;6.779552e-02;6.065573e-02;8.784266e-02;3.583636e-02;1.144504e-01;1.539160e-01;1.204420e-01;7.158443e-02;4.265813e-02;4.875651e-02
1.411051e-01;3.066837e-02;5.441534e-02;6.440839e-02;5.292062e-02;3.592874e-02;8.770003e-02;1.308580e-01;1.139730e-01;1.312832e-01;1.043246e-01;5.241456e-02
9.884772e-02;3.177604e-02;6.967285e-02;4.375593e-02;5.361772e-02;9.119589e-02;1.002171e-01;6.307521e-02;8.675419e-02;1.210953e-01;1.801894e-01;5.980260e-02
8.903626e-02;2.985363e-02;8.004972e-02;2.403130e-02;5.638790e-02;1.449100e-01;7.547210e-02;4.004465e-02;6.044164e-02;1.050824e-01;2.359166e-01;5.877378e-02
7.363102e-02;6.803642e-02;7.109084e-02;2.556068e-02;6.873343e-02;1.408064e-01;5.106438e-02;6.612206e-02;6.420738e-02;1.261568e-01;1.977886e-01;4.680185e-02
6.686316e-02;1.003727e-01;6.674082e-02;4.921647e-02;9.038567e-02;1.011962e-01;5.937140e-02;6.754512e-02;1.014096e-01;1.449768e-01;1.154737e-01;3.644835e-02
8.489164e-02;9.037857e-02;9.100721e-02;7.381225e-02;7.100130e-02;6.783623e-02;1.189817e-01;5.754604e-02;1.091343e-01;1.165161e-01;8.022166e-02;3.867304e-02
8.555056e-02;7.058936e-02;1.408417e-01;7.338079e-02;4.042559e-02;5.741066e-02;1.758394e-01;6.533234e-02;8.266972e-02;8.785060e-02;6.581910e-02;5.429017e-02
5.262060e-02;6.870659e-02;1.126649e-01;5.476081e-02;7.484704e-02;7.860227e-02;1.619507e-01;8.351576e-02;8.260366e-02;1.038598e-01;6.231735e-02;6.355046e-02
1.064993e-01;7.067791e-02;1.440818e-01;4.405489e-02;9.636312e-02;8.656395e-02;1.114116e-01;7.372768e-02;8.791174e-02;8.269735e-02;6.134124e-02;3.466930e-02
1.181915e-01;5.002801e-02;1.568631e-01;4.604460e-02;6.664485e-02;5.812560e-02;1.279606e-01;7.691985e-02;1.070673e-01;6.315813e-02;7.617047e-02;5.282603e-02
1.316220e-01;2.599077e-02;1.453695e-01;4.875163e-02;5.741895e-02;3.769150e-02;1.508310e-01;7.589102e-02;1.535880e-01;4.807064e-02;5.091288e-02;7.386207e-02
9.882677e-02;9.892688e-02;1.922874e-01;2.988506e-02;8.172482e-02;4.599032e-02;1.173145e-01;5.355565e-02;1.019015e-01;5.387149e-02;5.481393e-02;7.090154e-02
1.216341e-01;1.271175e-01;1.647741e-01;3.993301e-02;5.663249e-02;4.622807e-02;1.021819e-01;9.872118e-02;1.038037e-01;3.511468e-02;4.630243e-02;5.755676e-02
1.123648e-01;8.308990e-02;1.105608e-01;6.196283e-02;4.352812e-02;5.609227e-02;1.543683e-01;9.592611e-02;7.085304e-02;3.284524e-02;7.296959e-02;1.054390e-01
8.049103e-02;4.646763e-02;1.012995e-01;5.668186e-02;2.810768e-02;1.110913e-01;1.690086e-01;7.358297e-02;5.788877e-02;2.728458e-02;1.393332e-01;1.087630e-01
4.104231e-02;1.570597e-02;9.908595e-02;3.774887e-02;1.712410e-02;2.009254e-01;1.372537e-01;2.974213e-02;5.204382e-02;4.197429e-02;2.435826e-01;8.377082e-02
1.656385e-02;1.841180e-02;7.093340e-02;2.401543e-02;3.607391e-02;2.596202e-01;6.487185e-02;4.260905e-02;4.203480e-02;8.548827e-02;2.990425e-01;4.033498e-02
1.563328e-02;4.267909e-02;2.612905e-02;2.230368e-02;7.032274e-02;2.302661e-01;3.069145e-02;6.848321e-02;2.404570e-02;1.632104e-01;2.883520e-01;1.788326e-02
2.587620e-02;7.238269e-02;4.977404e-02;4.013517e-02;1.296884e-01;1.247243e-01;2.649300e-02;6.916381e-02;3.420031e-02;1.940727e-01;2.182281e-01;1.526129e-02
4.853216e-02;8.229894e-02;7.575895e-02;5.675344e-02;1.292063e-01;7.933581e-02;4.398888e-02;6.362985e-02;7.135397e-02;1.620512e-01;1.571409e-01;2.994957e-02
6.294794e-02;8.382803e-02;1.068473e-01;6.514501e-02;1.089815e-01;7.253179e-02;6.124016e-02;6.205479e-02;9.291587e-02;1.255836e-01;1.187199e-01;3.920417e-02
5.581182e-02;7.075102e-02;1.386203e-01;6.144530e-02;8.507400e-02;1.572306e-01;8.880168e-02;6.064906e-02;9.842428e-02;8.092190e-02;3.992245e-02;6.234754e-02
7.039265e-02;3.154879e-02;5.505440e-02;4.574642e-02;9.276133e-02;1.844928e-01;9.726320e-02;1.174956e-01;8.473736e-02;1.090210e-01;7.390910e-02;3.757731e-02
3.928218e-02;5.069768e-02;3.521507e-02;5.155578e-02;1.150293e-01;1.540957e-01;7.671066e-02;9.254397e-02;9.441315e-02;8.322206e-02;1.769460e-01;3.028839e-02
3.613459e-02;5.385385e-02;4.488927e-02;6.790296e-02;1.118369e-01;1.292596e-01;6.409398e-02;9.153474e-02;6.418121e-02;9.672906e-02;2.300099e-01;9.573919e-03
7.745525e-02;5.788723e-02;8.986849e-02;7.103364e-02;9.877254e-02;9.758202e-02;1.092331e-01;6.101532e-02;7.471912e-02;9.732783e-02;1.085267e-01;5.657875e-02
7.870273e-02;3.771904e-02;1.163510e-01;7.976390e-02;7.657804e-02;5.802468e-02;1.619924e-01;1.210528e-01;1.021182e-01;3.873212e-02;6.603339e-02;6.293154e-02
5.785539e-02;4.115737e-02;1.188601e-01;7.127883e-02;6.529809e-02;7.315773e-02;1.581027e-01;1.599472e-01;9.199880e-02;4.762199e-02;4.590802e-02;6.881390e-02
2.910041e-02;3.725402e-02;1.211698e-01;6.461725e-02;4.967403e-02;9.859944e-02;1.494742e-01;1.909927e-01;1.153741e-01;5.837845e-02;2.182700e-02;6.353861e-02
2.012955e-02;5.279381e-02;9.032783e-02;2.821532e-02;4.356379e-02;9.233715e-02;2.028632e-01;1.663750e-01;9.148240e-02;6.150383e-02;9.971754e-02;5.069044e-02
4.883681e-02;5.739019e-02;3.934784e-02;3.060591e-02;4.114611e-02;8.269770e-02;2.417587e-01;9.722950e-02;6.012784e-02;1.409827e-01;1.303943e-01;2.948228e-02
6.660607e-02;3.554053e-02;3.732127e-02;4.710661e-02;4.700453e-02;1.236143e-01;1.481950e-01;8.282309e-02;1.502000e-01;1.764926e-01;6.648079e-02;1.861511e-02
6.616481e-02;3.724754e-02;8.093859e-02;5.646144e-02;7.361444e-02;1.247306e-01;1.008655e-01;8.434415e-02;1.954570e-01;1.376989e-01;2.870618e-02;1.377081e-02
8.673283e-02;5.173934e-02;1.103329e-01;3.721973e-02;7.764321e-02;1.145776e-01;1.474704e-01;5.346411e-02;1.817799e-01;7.753146e-02;3.204472e-02;2.946378e-02
1.133156e-01;6.120590e-02;7.810564e-02;3.616450e-02;3.793232e-02;1.676302e-01;2.322815e-01;8.187429e-02;6.736168e-02;9.776139e-02;1.088550e-02;1.548142e-02
1.266663e-01;4.940889e-02;3.325162e-02;3.284134e-02;2.912385e-02;2.108901e-01;2.277663e-01;8.324444e-02;3.726618e-02;1.472304e-01;1.127657e-02;1.103404e-02
1.358955e-01;2.379582e-02;1.925478e-02;1.833544e-02;4.707541e-02;2.482888e-01;1.570572e-01;7.176100e-02;5.536586e-02;1.980194e-01;1.144889e-02;1.370195e-02
1.351088e-01;1.868683e-02;4.731854e-02;2.143554e-02;6.838830e-02;2.466388e-01;7.410372e-02;6.657318e-02;5.254093e-02;2.233704e-01;1.729088e-02;2.854410e-02
1.222868e-01;4.252422e-02;6.909048e-02;4.410406e-02;8.235785e-02;1.958196e-01;5.110766e-02;6.791857e-02;8.157662e-02;1.888904e-01;2.186533e-02;3.245839e-02
1.243424e-01;4.492486e-02;9.598467e-02;3.999630e-02;9.259479e-02;1.520500e-01;1.056974e-01;7.174302e-02;5.855506e-02;1.418223e-01;2.589468e-02;4.639454e-02
1.154921e-01;5.599167e-02;1.320581e-01;5.725943e-02;8.945989e-02;6.878793e-02;1.185215e-01;7.002828e-02;3.675237e-02;9.897102e-02;6.719407e-02;8.948357e-02
1.233228e-01;8.985751e-02;1.469774e-01;5.902939e-02;7.049873e-02;7.545642e-02;8.435047e-02;7.131610e-02;5.692898e-02;7.823879e-02;8.890492e-02;5.511855e-02
8.281466e-02;1.190994e-01;1.175905e-01;3.456075e-02;7.123629e-02;1.021204e-01;5.185249e-02;8.358130e-02;6.249510e-02;1.238082e-01;5.798937e-02;9.285153e-02
7.723952e-02;1.099405e-01;6.565534e-02;3.760448e-02;6.743858e-02;1.089582e-01;7.129366e-02;1.141483e-01;1.050764e-01;1.222844e-01;3.699616e-02;8.336434e-02
8.963660e-02;1.065697e-01;1.282161e-01;6.016424e-02;6.656779e-02;8.953517e-02;1.252741e-01;9.385880e-02;5.419070e-02;6.670522e-02;8.113206e-02;3.814944e-02
7.219945e-02;8.357257e-02;1.486016e-01;7.932161e-02;6.793948e-02;7.749769e-02;1.591096e-01;5.057752e-02;6.550138e-02;7.770730e-02;7.406118e-02;4.391066e-02
8.728269e-02;6.060862e-02;1.433326e-01;7.431040e-02;7.943793e-02;1.000363e-01;1.503281e-01;6.219059e-02;1.044312e-01;6.888892e-02;3.804902e-02;3.110370e-02
6.797832e-02;5.986882e-02;9.750109e-02;6.691116e-02;8.856650e-02;9.890573e-02;1.160414e-01;5.823497e-02;1.541382e-01;6.310499e-02;8.160958e-02;4.713926e-02
4.944716e-02;7.316446e-02;9.168331e-02;7.546397e-02;8.397995e-02;7.393523e-02;8.218105e-02;7.822095e-02;1.644024e-01;9.796054e-02;7.017183e-02;5.938917e-02
1.110757e-01;9.598476e-02;1.148338e-01;8.260304e-02;7.567909e-02;5.117654e-02;6.776658e-02;1.039262e-01;1.109060e-01;9.454470e-02;4.698481e-02;4.451868e-02
1.339293e-01;6.475663e-02;1.360207e-01;8.811164e-02;8.719238e-02;6.812062e-02;6.966208e-02;7.099599e-02;4.143953e-02;1.212410e-01;7.571423e-02;4.281592e-02
1.376132e-01;4.503691e-02;1.197412e-01;5.887666e-02;1.052605e-01;5.920133e-02;8.637880e-02;5.504896e-02;9.030274e-02;1.119035e-01;6.417802e-02;6.645818e-02
1.295803e-01;6.307577e-02;9.768454e-02;4.526706e-02;7.745348e-02;4.151968e-02;1.117754e-01;4.200759e-02;1.251063e-01;1.103733e-01;7.910821e-02;7.704832e-02
1.128978e-01;9.938103e-02;8.662211e-02;6.108777e-02;7.518671e-02;6.439120e-02;9.690037e-02;3.290603e-02;1.531143e-01;6.483486e-02;6.923100e-02;8.344689e-02
7.831536e-02;8.762072e-02;1.269369e-01;5.172181e-02;5.850873e-02;9.948268e-02;9.529086e-02;5.491972e-02;1.205022e-01;8.854733e-02;5.833074e-02;7.982296e-02
8.043156e-02;5.741574e-02;1.838774e-01;5.403447e-02;8.175810e-02;7.977784e-02;2.213601e-01;4.114610e-02;5.113245e-02;7.710900e-02;2.916905e-02;4.278823e-02
5.205837e-02;5.628050e-02;2.488848e-01;6.461003e-02;9.845474e-02;5.968786e-02;2.000614e-01;3.683716e-02;3.068518e-02;6.245311e-02;4.428242e-02;4.570450e-02
2.591023e-02;4.403328e-02;3.179909e-01;9.305558e-02;1.128092e-01;5.275695e-02;1.209951e-01;3.747698e-02;1.941336e-02;5.852837e-02;6.969465e-02;4.733532e-02
9.018763e-03;3.589590e-02;3.538531e-01;1.268816e-01;1.467773e-01;4.640986e-02;3.489209e-02;3.258116e-02;1.158216e-02;6.821931e-02;7.966506e-02;5.422371e-02
3.514478e-03;2.551346e-02;2.742940e-01;1.075234e-01;2.150162e-01;5.534798e-02;4.836975e-02;1.692273e-02;1.927155e-02;8.459658e-02;5.296442e-02;9.666548e-02
3.972789e-03;1.409719e-02;1.796476e-01;5.609391e-02;2.824478e-01;8.337113e-02;9.513789e-02;9.810515e-03;4.911468e-02;5.801101e-02;2.792565e-02;1.403699e-01
1.788809e-02;6.805232e-03;1.286973e-01;3.035988e-02;2.846440e-01;1.247641e-01;1.497304e-01;1.039082e-02;8.646572e-02;2.536668e-02;1.822664e-02;1.166612e-01
5.349284e-02;6.243052e-03;1.011215e-01;2.307375e-02;2.316041e-01;2.194364e-01;2.018021e-01;9.180641e-03;7.895923e-02;1.223565e-02;1.057925e-02;5.227147e-02
8.780254e-02;6.169787e-03;5.290491e-02;1.438556e-02;1.540208e-01;3.149060e-01;2.551235e-01;1.785309e-02;3.647375e-02;1.716905e-02;8.819250e-03;3.437173e-02
8.230393e-02;7.155594e-03;4.334021e-02;3.167122e-02;1.429091e-01;2.900917e-01;2.569910e-01;3.612073e-02;3.280190e-02;2.184184e-02;1.251745e-02;4.225538e-02
6.468787e-02;1.165960e-02;9.684529e-02;5.214091e-02;1.624332e-01;2.085999e-01;2.194762e-01;5.041693e-02;4.320617e-02;2.362055e-02;1.592649e-02;5.098698e-02
4.705880e-02;2.125953e-02;1.817287e-01;6.678469e-02;1.745670e-01;1.400051e-01;1.782686e-01;4.361382e-02;4.399692e-02;2.444847e-02;1.218792e-02;6.608044e-02
1.208936e-02;2.217849e-02;2.978987e-01;1.235149e-01;1.727597e-01;9.313246e-02;9.935892e-02;2.534085e-02;2.539200e-02;2.036308e-02;3.877363e-02;6.919789e-02
1.011639e-02;1.641980e-02;2.990169e-01;1.598726e-01;1.666335e-01;7.623369e-02;5.717150e-02;6.516428e-02;1.401081e-02;1.362922e-02;7.583760e-02;4.589375e-02
1.677022e-02;2.440752e-02;2.359608e-01;1.565761e-01;1.435634e-01;6.871109e-02;6.692164e-02;6.252787e-02;1.480827e-02;3.484297e-02;1.196307e-01;5.527940e-02
1.799606e-02;2.429485e-02;1.160160e-01;9.187479e-02;2.056866e-01;1.144731e-01;1.088733e-01;4.982053e-02;2.960416e-02;3.405165e-02;1.334071e-01;7.390179e-02
1.511809e-02;2.025063e-02;5.962174e-02;7.965578e-02;2.331655e-01;1.454575e-01;1.070868e-01;4.319659e-02;2.679561e-02;2.792369e-02;1.647830e-01;7.694499e-02
6.226689e-03;1.113449e-02;7.852124e-02;1.383826e-01;1.781241e-01;1.208836e-01;7.671957e-02;5.406180e-02;1.532855e-02;4.401897e-02;2.145153e-01;6.208317e-02
8.241303e-03;9.568928e-03;1.880592e-01;1.487994e-01;7.157303e-02;5.590568e-02;5.178437e-02;6.111230e-02;2.756098e-02;1.176774e-01;2.205653e-01;3.915207e-02
2.333757e-02;2.980891e-02;3.310454e-01;8.583374e-02;2.138092e-02;1.496215e-02;4.492874e-02;3.717148e-02;5.034523e-02;2.018364e-01;1.357064e-01;2.364308e-02
6.425449e-02;9.816573e-02;3.620391e-01;3.845488e-02;1.624428e-02;7.893455e-03;3.784150e-02;1.480693e-02;7.334380e-02;1.917190e-01;7.669406e-02;1.854279e-02
1.453014e-01;1.956245e-01;2.957721e-01;2.655694e-02;1.966902e-02;2.241932e-02;2.085780e-02;2.278854e-02;9.429114e-02;1.007236e-01;3.722029e-02;1.877531e-02
1.839757e-01;2.470433e-01;2.649290e-01;3.168291e-02;2.173641e-02;2.357829e-02;1.526199e-02;3.221731e-02;7.977416e-02;4.377815e-02;2.613954e-02;2.988325e-02
9.772748e-02;2.331011e-01;3.246554e-01;4.292973e-02;2.998086e-02;1.880437e-02;2.376903e-02;2.568861e-02;7.289214e-02;6.314966e-02;3.372392e-02;3.357776e-02
1.396615e-01;1.989136e-01;3.023660e-01;4.218061e-02;2.444671e-02;1.665669e-02;1.784479e-02;4.260814e-02;1.052125e-01;6.096111e-02;2.282913e-02;2.631927e-02
2.163410e-01;1.448985e-01;2.372816e-01;3.769194e-02;3.136972e-02;9.310041e-03;2.630356e-02;5.763413e-02;9.937048e-02;5.490993e-02;5.600077e-02;2.888834e-02
1.806463e-01;1.168635e-01;1.789435e-01;4.188203e-02;3.711835e-02;1.385643e-02;6.717056e-02;6.046822e-02;7.170337e-02;6.669064e-02;8.124178e-02;8.341539e-02
1.049328e-01;1.019233e-01;1.102154e-01;3.956205e-02;3.758039e-02;3.126011e-02;1.204804e-01;3.817614e-02;8.058545e-02;9.753224e-02;1.029101e-01;1.348415e-01
8.286708e-02;9.782138e-02;7.743705e-02;5.546459e-02;2.698521e-02;4.418824e-02;1.382158e-01;5.784986e-02;6.677620e-02;9.402752e-02;1.082056e-01;1.501615e-01
1.588777e-01;7.143030e-02;1.508334e-01;7.742754e-02;3.140654e-02;2.860627e-02;1.101335e-01;8.297531e-02;2.760416e-02;8.111468e-02;7.115298e-02;1.084376e-01
1.582592e-01;1.472408e-01;3.251574e-01;4.161916e-02;3.520420e-02;2.957975e-02;3.492971e-02;3.896149e-02;5.728965e-02;5.838943e-02;3.183201e-02;4.153724e-02
7.879056e-02;1.079145e-01;4.682408e-01;7.525818e-02;4.485645e-02;3.175640e-02;2.503768e-02;2.433318e-02;6.205433e-02;5.650289e-02;5.466318e-03;1.978873e-02
3.251265e-02;4.853687e-02;4.362646e-01;1.378288e-01;7.857664e-02;3.744213e-02;4.805486e-02;1.428976e-02;3.282800e-02;7.712728e-02;3.350744e-02;2.303098e-02
4.572314e-02;2.747924e-02;3.022774e-01;1.574574e-01;8.770161e-02;5.781057e-02;7.366922e-02;2.161534e-02;2.127962e-02;7.051624e-02;1.069010e-01;2.756917e-02
5.209187e-02;2.516532e-02;1.779616e-01;1.456802e-01;5.469225e-02;6.699145e-02;8.092666e-02;4.911169e-02;2.242508e-02;4.945930e-02;2.208695e-01;5.462505e-02
3.434446e-02;2.526673e-02;8.213192e-02;1.122336e-01;5.021336e-02;4.667832e-02;5.313878e-02;6.331550e-02;3.115613e-02;2.039617e-02;2.874004e-01;1.937247e-01
3.070986e-02;2.416977e-02;3.535029e-02;5.952870e-02;1.054516e-01;2.439674e-02;3.498954e-02;3.951664e-02;5.430390e-02;2.535883e-02;1.859607e-01;3.802634e-01
7.433072e-02;1.711345e-02;3.094979e-02;2.693415e-02;1.229429e-01;4.652895e-02;5.240664e-02;1.907163e-02;7.771304e-02;3.188936e-02;8.783437e-02;4.122851e-01
2.053797e-01;2.312666e-02;3.859939e-02;3.451499e-02;1.106134e-01;1.121937e-01;6.160314e-02;1.994016e-02;6.679772e-02;3.896446e-02;9.165326e-02;1.966134e-01
3.076015e-01;3.595102e-02;5.377806e-02;4.252805e-02;8.327766e-02;1.680631e-01;6.081938e-02;2.248403e-02;3.603683e-02;4.501281e-02;7.851116e-02;6.593640e-02
2.498936e-01;3.267580e-02;6.548868e-02;3.323567e-02;1.058853e-01;1.590705e-01;6.011729e-02;2.142421e-02;4.846426e-02;3.060767e-02;3.550418e-02;1.576329e-01
1.180041e-01;1.926038e-02;7.383183e-02;3.948772e-02;1.442072e-01;9.944511e-02;6.118404e-02;1.634444e-02;8.147865e-02;3.039567e-02;3.520136e-02;2.811595e-01
4.982910e-02;1.885098e-02;1.086726e-01;6.390047e-02;1.598327e-01;5.643477e-02;6.117102e-02;1.568549e-02;9.666255e-02;2.208741e-02;5.397425e-02;2.928986e-01
4.523081e-02;2.653280e-02;1.518197e-01;8.216118e-02;1.529452e-01;5.184506e-02;6.398961e-02;1.278337e-02;8.601405e-02;2.076794e-02;5.919454e-02;2.467158e-01
3.689997e-02;2.607101e-02;2.001827e-01;9.803081e-02;1.646644e-01;5.418877e-02;7.000573e-02;2.189444e-02;5.539335e-02;2.439716e-02;5.494703e-02;1.933246e-01
1.916906e-02;2.348911e-02;3.162851e-01;1.217892e-01;1.376019e-01;5.776295e-02;4.622424e-02;3.494203e-02;1.869861e-02;2.324711e-02;8.769058e-02;1.131000e-01
3.221184e-02;2.145872e-02;4.415582e-01;1.154081e-01;6.225887e-02;3.692904e-02;4.514232e-02;3.411104e-02;2.180329e-02;3.002355e-02;1.086005e-01;5.049453e-02
5.508851e-02;2.906456e-02;4.421207e-01;7.952422e-02;6.479985e-02;2.938592e-02;7.652174e-02;2.556194e-02;2.766152e-02;4.560455e-02;8.328034e-02;4.138622e-02
3.647396e-02;3.695579e-02;3.467919e-01;1.502231e-01;8.190408e-02;2.911356e-02;6.850377e-02;3.893980e-02;2.230106e-02;3.319164e-02;1.404312e-01;1.517023e-02
1.959354e-02;3.629957e-02;3.471539e-01;1.809823e-01;7.806408e-02;2.718655e-02;4.797234e-02;4.544209e-02;1.535872e-02;2.612611e-02;1.603654e-01;1.545538e-02
2.341659e-02;5.345165e-02;3.951541e-01;1.464961e-01;6.122839e-02;3.589737e-02;6.440841e-02;2.804681e-02;1.705546e-02;5.102070e-02;1.112087e-01;1.261568e-02
5.501033e-02;9.549040e-02;3.762546e-01;1.011400e-01;5.239186e-02;5.571494e-02;7.624426e-02;2.005921e-02;3.023357e-02;6.196199e-02;6.374053e-02;1.175838e-02
1.283245e-01;1.285316e-01;2.447548e-01;7.170328e-02;6.831692e-02;5.922951e-02;6.583745e-02;2.896043e-02;6.085455e-02;5.432070e-02;5.883684e-02;3.032936e-02
1.441910e-01;8.272963e-02;1.689917e-01;1.049551e-01;7.290211e-02;3.897183e-02;7.039097e-02;4.114113e-02;6.375196e-02;2.806845e-02;7.372765e-02;1.101785e-01
6.631784e-02;5.418626e-02;1.174007e-01;1.801517e-01;4.920424e-02;4.786880e-02;7.310609e-02;4.577810e-02;3.433566e-02;5.987282e-02;9.785265e-02;1.739251e-01
1.151005e-01;8.755700e-02;1.492491e-01;1.018877e-01;6.601156e-02;4.107198e-02;1.340064e-01;3.802671e-02;8.264108e-02;4.362068e-02;4.321696e-02;9.761036e-02
3.392312e-02;8.813483e-02;4.155508e-01;7.198605e-02;5.211578e-02;2.838184e-02;9.928257e-02;3.082581e-02;5.022665e-02;7.854229e-02;2.352881e-02;2.750149e-02
1.894256e-02;6.370048e-02;5.377799e-01;9.465009e-02;3.445617e-02;1.473361e-02;8.056731e-02;2.131100e-02;1.459535e-02;9.263937e-02;1.958483e-02;7.039302e-03
9.195362e-03;6.246822e-02;6.013318e-01;8.439338e-02;2.534614e-02;7.136342e-03;5.800308e-02;7.626321e-03;1.825849e-02;1.096260e-01;1.276412e-02;3.850829e-03
1.771511e-02;1.040535e-01;5.840294e-01;6.341833e-02;1.719247e-02;9.406823e-03;3.581851e-02;4.094415e-03;3.775824e-02;1.084791e-01;7.004190e-03;1.102985e-02
3.544059e-02;1.700283e-01;4.979590e-01;4.011127e-02;8.129058e-03;2.525909e-02;1.559469e-02;6.349559e-03;7.609307e-02;8.847242e-02;5.480645e-03;3.108236e-02
5.339435e-02;2.414700e-01;3.409591e-01;2.407498e-02;6.989616e-03;4.563859e-02;6.699981e-03;8.092553e-03;1.530809e-01;5.642496e-02;1.048586e-02;5.268912e-02
1.305976e-01;2.419454e-01;1.755299e-01;1.665275e-02;1.951140e-02;4.364987e-02;1.008468e-02;3.677225e-02;2.071096e-01;3.074290e-02;3.439121e-02;5.301253e-02
2.261619e-01;1.499560e-01;8.067470e-02;2.257312e-02;3.735054e-02;2.305700e-02;4.902978e-02;9.337938e-02;1.636914e-01;3.145568e-02;7.416776e-02;4.850275e-02
1.943460e-01;7.916044e-02;6.732787e-02;4.153287e-02;3.967167e-02;3.520296e-02;1.292221e-01;1.006895e-01;7.517824e-02;4.338888e-02;9.042348e-02;1.038561e-01
7.026413e-02;7.017153e-02;8.003387e-02;4.881801e-02;4.891356e-02;8.390640e-02;1.642168e-01;3.798212e-02;3.513830e-02;7.486837e-02;1.462067e-01;1.394802e-01
6.084532e-02;8.089434e-02;9.206752e-02;4.257262e-02;6.792326e-02;8.277675e-02;1.064344e-01;5.763754e-02;4.793147e-02;1.336270e-01;1.584944e-01;6.879540e-02
5.152769e-02;8.400127e-02;1.298669e-01;7.723677e-02;7.221260e-02;6.930295e-02;1.175950e-01;5.193536e-02;1.013249e-01;1.290344e-01;9.190409e-02;2.405818e-02
4.369546e-02;6.790980e-02;1.717255e-01;8.974892e-02;4.741427e-02;6.585889e-02;2.077647e-01;7.149003e-02;1.134213e-01;6.080800e-02;3.084931e-02;2.931382e-02
4.117327e-02;8.579360e-02;1.440598e-01;4.054893e-02;3.973197e-02;5.571797e-02;3.680111e-01;6.582794e-02;6.994197e-02;3.640331e-02;3.510978e-02;1.768043e-02
4.395077e-02;1.080876e-01;7.429070e-02;1.612728e-02;4.931499e-02;6.782661e-02;5.034717e-01;3.604696e-02;3.278468e-02;2.488104e-02;2.708411e-02;1.613356e-02
8.021692e-02;9.359131e-02;2.856215e-02;2.765164e-02;6.360508e-02;8.676285e-02;4.733735e-01;3.654173e-02;2.761523e-02;4.253326e-02;2.177218e-02;1.777410e-02
1.193529e-01;5.551097e-02;6.140440e-02;3.983623e-02;9.933671e-02;1.009484e-01;3.140832e-01;3.599942e-02;6.380314e-02;4.196560e-02;2.548057e-02;4.227851e-02
1.102296e-01;5.303148e-02;1.106849e-01;5.886083e-02;1.101418e-01;6.894752e-02;2.272730e-01;4.606417e-02;8.572111e-02;3.231345e-02;3.915236e-02;5.757986e-02
1.082680e-01;7.324404e-02;1.748211e-01;9.407776e-02;9.455413e-02;4.557701e-02;1.479591e-01;5.830714e-02;6.750185e-02;3.096680e-02;5.872434e-02;4.599878e-02
9.540075e-02;5.516061e-02;3.141982e-01;9.769137e-02;7.211637e-02;3.832572e-02;8.795690e-02;4.648639e-02;4.507213e-02;5.809311e-02;6.364812e-02;2.585030e-02
6.790612e-02;5.521818e-02;3.538425e-01;6.274008e-02;4.475295e-02;2.915158e-02;1.077003e-01;7.638282e-02;4.124963e-02;7.423291e-02;6.501935e-02;2.180357e-02
8.951300e-02;5.210698e-02;2.338849e-01;7.078820e-02;4.841824e-02;4.315171e-02;1.459056e-01;9.002360e-02;5.297998e-02;5.787547e-02;7.128465e-02;4.406761e-02
1.788013e-01;1.125278e-01;1.212291e-01;6.586078e-02;6.283356e-02;5.894572e-02;1.561567e-01;5.119627e-02;4.146567e-02;4.837069e-02;4.657086e-02;5.604160e-02
2.043842e-01;1.552133e-01;2.150174e-01;3.942791e-02;4.024289e-02;5.082075e-02;1.159555e-01;3.484361e-02;4.374006e-02;3.478875e-02;3.130223e-02;3.426345e-02
1.696872e-01;1.457330e-01;2.616852e-01;4.251823e-02;2.329757e-02;2.958878e-02;9.994257e-02;6.648866e-02;5.696567e-02;4.484744e-02;3.832170e-02;2.092394e-02
1.075586e-01;9.615397e-02;2.060859e-01;4.265274e-02;5.303432e-02;4.641685e-02;1.898873e-01;6.171127e-02;3.700276e-02;6.738347e-02;3.814125e-02;5.397158e-02
4.132241e-02;8.163140e-02;1.850233e-01;6.252956e-02;8.555734e-02;8.149754e-02;1.674333e-01;7.014707e-02;4.928181e-02;9.392637e-02;4.741638e-02;3.423350e-02
2.519122e-02;7.460286e-02;2.086453e-01;5.383931e-02;5.704508e-02;7.457794e-02;1.706724e-01;8.004786e-02;7.402626e-02;8.794081e-02;5.216582e-02;4.124511e-02
7.622153e-02;3.766011e-02;1.327203e-01;3.680438e-02;4.853623e-02;6.103948e-02;2.933285e-01;6.553116e-02;6.130057e-02;7.671458e-02;5.549615e-02;5.464692e-02
