1.081255e-01;9.926781e-02;8.176088e-02;1.259328e-01;6.028559e-02;3.711689e-02;1.291755e-01;1.220106e-01;5.778736e-02;4.984960e-02;1.731498e-02;1.113725e-01
1.029508e-01;8.575715e-02;7.297005e-02;1.343863e-01;5.107418e-02;4.567682e-02;1.693860e-01;9.669112e-02;4.031377e-02;3.748412e-02;1.949070e-02;1.438189e-01
1.302189e-01;1.325427e-01;9.111811e-02;8.401717e-02;3.997774e-02;5.809749e-02;1.430515e-01;9.887077e-02;2.950684e-02;2.384760e-02;3.237899e-02;1.363722e-01
1.661050e-01;1.985257e-01;1.435661e-01;3.163347e-02;3.213416e-02;4.314229e-02;7.738491e-02;1.208481e-01;3.384546e-02;2.412143e-02;3.903788e-02;8.965547e-02
1.685233e-01;1.594966e-01;1.691875e-01;3.878292e-02;3.616145e-02;4.841732e-02;8.111631e-02;1.347082e-01;6.465828e-02;3.445774e-02;1.976882e-02;4.472167e-02
1.354272e-01;6.800211e-02;1.645937e-01;5.999546e-02;4.146820e-02;4.518327e-02;1.132802e-01;1.166751e-01;1.083894e-01;4.155497e-02;2.169838e-02;8.373205e-02
1.250925e-01;1.169668e-01;1.599584e-01;6.594422e-02;3.572302e-02;3.832291e-02;1.354161e-01;8.037433e-02;7.880742e-02;4.992013e-02;3.547793e-02;7.799625e-02
1.199881e-01;7.851990e-02;1.247520e-01;6.487572e-02;3.543154e-02;6.541926e-02;1.368433e-01;9.390488e-02;6.533205e-02;5.714970e-02;6.085956e-02;9.692399e-02
7.707619e-02;9.531102e-02;1.303907e-01;5.807233e-02;2.989806e-02;6.880546e-02;1.366587e-01;1.168461e-01;5.572870e-02;4.030505e-02;4.634114e-02;1.445665e-01
5.409953e-02;1.383027e-01;1.551966e-01;5.774719e-02;4.040415e-02;6.665745e-02;1.173599e-01;1.280143e-01;4.678926e-02;1.783887e-02;2.076609e-02;1.568240e-01
8.438218e-02;1.204470e-01;1.358931e-01;5.513784e-02;4.779244e-02;6.972761e-02;1.317755e-01;1.397593e-01;4.145316e-02;2.360443e-02;3.569405e-02;1.143334e-01
6.646951e-02;1.215141e-01;1.136821e-01;7.745073e-02;3.029354e-02;6.846276e-02;1.366804e-01;1.491723e-01;6.634097e-02;6.712908e-02;5.501799e-02;4.778664e-02
2.274038e-02;1.696207e-01;2.614634e-01;4.916045e-02;2.275599e-02;1.051906e-01;5.582332e-02;8.079624e-02;8.110455e-02;8.758769e-02;3.786406e-02;2.589257e-02
2.908468e-02;2.415194e-01;3.036213e-01;4.178141e-02;1.481087e-02;1.319269e-01;2.426619e-02;2.763642e-02;9.256873e-02;6.536166e-02;1.765216e-02;9.770348e-03
1.963400e-02;2.742945e-01;2.824694e-01;4.332913e-02;1.096143e-02;1.330121e-01;1.957625e-02;1.473507e-02;1.258156e-01;4.968682e-02;1.525701e-02;1.122880e-02
1.670350e-02;2.719119e-01;2.120991e-01;4.248546e-02;1.056534e-02;1.087612e-01;3.119863e-02;1.322977e-02;1.837536e-01;7.420724e-02;1.420023e-02;2.088408e-02
1.748659e-02;2.528343e-01;1.602253e-01;3.795617e-02;1.010031e-02;8.386411e-02;6.261013e-02;2.256448e-02;2.135915e-01;9.947605e-02;1.375552e-02;2.553563e-02
1.722149e-02;2.427620e-01;1.622212e-01;2.905075e-02;1.180943e-02;6.551866e-02;4.815020e-02;3.130000e-02;1.907414e-01;1.538298e-01;1.283498e-02;3.455992e-02
2.503949e-02;2.700146e-01;1.864033e-01;1.748431e-02;1.639432e-02;4.452163e-02;2.272540e-02;2.212450e-02;1.389449e-01;1.904166e-01;9.586296e-03;5.634459e-02
3.739303e-02;3.022914e-01;2.600786e-01;1.998635e-02;2.153458e-02;2.597820e-02;1.792784e-02;2.386660e-02;8.971412e-02;1.183990e-01;1.482999e-02;6.800016e-02
4.097666e-02;3.130485e-01;3.608763e-01;2.423939e-02;2.625843e-02;3.085420e-02;2.244430e-02;1.460110e-02;5.411590e-02;4.760160e-02;1.448253e-02;5.050110e-02
2.889886e-02;2.473131e-01;3.893550e-01;6.014388e-02;4.456549e-02;5.115057e-02;2.368226e-02;1.863540e-02;3.235364e-02;5.107254e-02;2.151312e-02;3.131622e-02
2.287065e-02;1.660569e-01;3.193679e-01;1.219335e-01;6.917814e-02;9.385058e-02;1.693690e-02;2.791522e-02;4.209014e-02;5.693559e-02;3.173941e-02;3.112511e-02
1.665407e-02;1.136167e-01;2.561164e-01;1.708971e-01;8.079307e-02;1.276015e-01;1.737437e-02;3.064954e-02;7.337038e-02;5.519931e-02;2.586826e-02;3.185933e-02
1.364076e-02;1.234835e-01;2.042537e-01;1.550887e-01;7.539263e-02;1.292477e-01;2.451218e-02;3.291597e-02;1.247229e-01;6.148032e-02;1.978259e-02;3.547893e-02
1.252046e-02;1.595723e-01;1.825959e-01;1.018744e-01;4.906946e-02;1.302097e-01;3.291071e-02;3.711898e-02;1.635213e-01;6.078972e-02;3.823804e-02;3.157898e-02
2.158180e-02;1.617761e-01;2.069476e-01;6.651614e-02;3.692129e-02;1.325440e-01;4.170857e-02;3.357541e-02;1.710016e-01;5.734616e-02;3.422032e-02;3.586102e-02
3.644795e-02;1.841330e-01;1.902281e-01;7.868779e-02;2.460034e-02;1.175511e-01;3.815240e-02;2.846227e-02;1.650099e-01;8.170964e-02;1.922550e-02;3.579201e-02
3.049856e-02;2.082082e-01;2.436006e-01;6.520770e-02;1.508169e-02;8.024399e-02;3.470158e-02;4.448444e-02;1.625977e-01;8.323392e-02;1.670597e-02;1.543560e-02
2.012425e-02;2.016618e-01;2.265620e-01;6.107023e-02;1.561645e-02;1.027207e-01;5.143186e-02;9.439532e-02;1.318841e-01;6.424298e-02;1.659020e-02;1.370010e-02
1.974557e-02;1.922354e-01;1.922926e-01;6.306861e-02;2.478101e-02;9.658825e-02;5.160111e-02;1.093609e-01;9.714479e-02;1.134253e-01;1.856866e-02;2.118773e-02
2.221058e-02;2.465445e-01;2.200778e-01;5.199101e-02;3.084626e-02;8.485161e-02;4.046610e-02;6.955981e-02;7.581100e-02;1.238933e-01;1.692698e-02;1.682108e-02
2.541037e-02;2.634889e-01;2.776483e-01;4.993513e-02;1.954032e-02;7.516138e-02;1.661979e-02;3.690189e-02;9.272272e-02;1.082699e-01;1.546247e-02;1.883884e-02
2.501677e-02;3.043692e-01;3.212910e-01;3.860379e-02;2.047511e-02;4.568760e-02;1.273424e-02;2.317479e-02;8.880643e-02;9.226585e-02;1.216701e-02;1.540821e-02
1.863208e-02;3.202660e-01;3.288638e-01;4.542708e-02;3.062437e-02;2.505165e-02;1.329263e-02;2.256312e-02;7.612132e-02;9.810615e-02;1.131251e-02;9.739306e-03
1.846965e-02;3.106649e-01;2.950051e-01;4.650665e-02;4.543140e-02;5.322831e-02;1.266598e-02;1.940931e-02;7.324476e-02;1.066514e-01;8.728817e-03;9.993634e-03
2.279546e-02;3.234813e-01;2.805333e-01;4.584060e-02;4.356922e-02;6.928338e-02;1.522568e-02;2.214877e-02;6.499334e-02;8.419067e-02;8.353350e-03;1.958500e-02
3.651492e-02;2.306517e-01;2.292628e-01;5.519615e-02;5.265898e-02;1.093319e-01;5.430200e-02;5.720175e-02;5.636678e-02;6.417716e-02;1.258066e-02;4.175522e-02
5.675588e-02;1.283346e-01;1.225676e-01;3.824653e-02;9.156948e-02;2.252166e-01;7.315554e-02;7.268281e-02;4.879133e-02;4.162356e-02;1.557674e-02;8.547933e-02
6.485856e-02;9.094698e-02;9.299691e-02;2.534829e-02;1.209055e-01;2.635870e-01;5.537016e-02;4.485303e-02;5.638320e-02;2.586974e-02;1.784537e-02;1.410353e-01
3.870563e-02;7.547910e-02;9.165177e-02;2.315479e-02;1.645863e-01;2.311120e-01;3.107328e-02;1.222763e-02;7.124674e-02;1.783540e-02;1.066449e-02;2.322629e-01
1.153707e-02;6.186661e-02;5.295285e-02;4.329171e-02;1.965119e-01;1.886309e-01;2.019954e-02;1.418075e-02;6.293038e-02;8.550814e-03;6.101150e-02;2.783359e-01
9.903013e-03;7.128152e-02;1.077763e-01;8.010173e-02;1.670107e-01;1.376504e-01;2.008352e-02;3.685236e-02;4.345803e-02;2.506966e-02;1.066314e-01;1.941813e-01
1.653945e-02;1.173430e-01;1.758253e-01;9.326002e-02;1.204316e-01;1.189236e-01;1.798663e-02;5.930097e-02;4.173237e-02;4.283473e-02;9.813644e-02;9.768599e-02
2.893951e-02;1.921197e-01;1.975000e-01;8.098286e-02;5.200782e-02;1.613446e-01;1.990589e-02;7.329787e-02;5.786192e-02;2.742479e-02;4.507030e-02;6.354469e-02
3.887615e-02;1.849380e-01;2.060813e-01;5.676199e-02;4.461680e-02;2.154059e-01;2.899794e-02;5.299970e-02;6.347373e-02;3.262627e-02;9.061818e-03;6.616022e-02
3.866596e-02;1.738368e-01;1.343610e-01;6.945411e-02;7.597129e-02;2.086193e-01;4.068597e-02;3.891424e-02;7.740749e-02;6.204298e-02;1.728188e-02;6.275905e-02
3.571727e-02;1.692957e-01;1.311075e-01;5.556126e-02;1.050415e-01;1.253966e-01;4.596747e-02;5.843520e-02;5.736349e-02;6.340607e-02;5.167352e-02;1.010344e-01
3.658894e-02;1.535381e-01;1.690970e-01;1.983800e-02;8.967926e-02;1.388405e-01;4.605174e-02;5.840733e-02;5.001156e-02;5.283586e-02;4.431446e-02;1.407973e-01
1.664563e-02;1.165179e-01;2.099536e-01;3.365894e-02;1.041059e-01;1.552077e-01;5.396348e-02;5.272398e-02;5.580809e-02;4.710817e-02;3.082514e-02;1.234815e-01
2.208115e-02;9.417541e-02;2.111785e-01;8.374559e-02;9.558781e-02;1.642844e-01;4.872943e-02;4.213443e-02;4.473349e-02;6.601371e-02;1.097964e-01;1.753964e-02
1.232846e-02;7.283507e-02;1.596318e-01;1.338834e-01;7.057007e-02;1.085391e-01;3.030360e-02;5.516056e-02;2.753383e-02;4.139155e-02;2.432186e-01;4.460396e-02
1.604425e-02;4.404043e-02;1.494837e-01;1.380764e-01;6.394758e-02;5.642600e-02;2.726214e-02;4.227024e-02;2.876210e-02;9.232032e-02;3.248339e-01;1.653296e-02
2.386534e-02;6.391800e-02;1.702544e-01;7.229777e-02;3.780714e-02;5.493378e-02;4.578895e-02;3.689599e-02;4.460620e-02;1.962115e-01;2.272531e-01;2.616777e-02
3.006877e-02;7.379078e-02;1.524988e-01;6.206891e-02;3.889550e-02;7.284442e-02;5.752756e-02;5.397547e-02;6.426661e-02;2.272307e-01;1.364066e-01;3.042595e-02
3.794273e-02;8.293352e-02;1.389585e-01;7.978010e-02;6.644136e-02;1.059311e-01;5.318838e-02;7.959300e-02;7.655050e-02;1.746759e-01;6.965487e-02;3.435012e-02
1.724260e-02;1.151648e-01;1.384999e-01;6.570367e-02;5.250389e-02;1.129187e-01;1.974381e-02;7.067771e-02;1.385640e-01;1.770914e-01;4.038399e-02;5.150552e-02
1.336479e-02;1.180123e-01;1.111034e-01;3.736312e-02;2.777931e-02;1.040633e-01;1.227610e-02;5.039220e-02;1.826610e-01;2.342017e-01;4.965882e-02;5.912396e-02
2.725321e-02;1.466255e-01;8.779719e-02;2.901904e-02;2.367872e-02;9.097487e-02;1.650900e-02;5.952270e-02;2.417014e-01;1.750700e-01;4.538703e-02;5.646135e-02
5.632216e-02;1.701605e-01;7.655068e-02;2.969831e-02;3.933659e-02;7.293327e-02;2.886759e-02;1.160363e-01;2.495249e-01;7.745449e-02;4.481217e-02;3.830308e-02
1.078225e-01;1.353624e-01;7.459216e-02;2.367059e-02;5.974295e-02;5.351898e-02;5.293566e-02;2.093888e-01;1.516874e-01;4.314845e-02;5.621397e-02;3.191621e-02
1.607502e-01;1.012042e-01;8.908875e-02;1.943736e-02;6.066440e-02;4.991717e-02;8.312436e-02;2.521320e-01;7.194246e-02;2.696818e-02;4.201485e-02;4.275610e-02
1.829177e-01;1.093652e-01;1.125437e-01;2.298859e-02;5.027106e-02;4.611259e-02;9.702606e-02;2.214570e-01;3.186911e-02;3.168909e-02;3.320840e-02;6.055151e-02
1.550160e-01;1.896044e-01;9.736774e-02;1.969855e-02;3.633042e-02;5.472129e-02;7.925493e-02;1.448734e-01;5.453780e-02;7.571328e-02;4.556395e-02;4.731810e-02
1.205171e-01;2.253396e-01;1.437713e-01;3.262670e-02;2.989923e-02;7.086177e-02;5.336159e-02;8.439869e-02;1.003015e-01;5.770707e-02;2.888020e-02;5.233519e-02
6.283449e-02;1.305318e-01;1.310128e-01;3.616931e-02;5.860533e-02;1.259051e-01;7.020835e-02;1.138711e-01;1.218910e-01;5.872155e-02;4.665803e-02;4.359127e-02
4.597009e-02;8.595458e-02;8.200967e-02;3.702720e-02;5.487638e-02;1.585463e-01;8.316417e-02;1.583337e-01;1.168248e-01;9.925026e-02;5.721502e-02;2.082784e-02
4.036663e-02;8.864780e-02;5.726301e-02;4.340527e-02;5.397297e-02;1.496740e-01;8.067097e-02;1.633152e-01;1.172880e-01;1.159996e-01;5.931053e-02;3.008609e-02
2.758723e-02;1.094445e-01;7.766835e-02;4.366123e-02;6.097766e-02;1.049937e-01;7.368667e-02;1.731461e-01;1.311688e-01;1.051995e-01;4.177553e-02;5.069070e-02
1.862764e-02;1.391508e-01;1.650512e-01;2.473314e-02;4.934167e-02;9.402157e-02;4.370182e-02;1.238984e-01;1.393414e-01;6.242071e-02;4.445791e-02;9.525391e-02
4.479026e-02;1.557672e-01;1.824118e-01;3.541306e-02;1.838959e-02;9.100080e-02;2.253403e-02;9.112033e-02;1.295508e-01;1.100570e-01;5.889598e-02;6.006923e-02
4.879609e-02;1.700906e-01;1.820903e-01;2.954359e-02;3.008061e-02;1.365517e-01;2.013561e-02;1.111240e-01;1.211118e-01;9.484846e-02;3.223983e-02;2.338732e-02
2.989130e-02;1.503797e-01;1.654740e-01;2.425692e-02;5.212580e-02;1.591156e-01;3.041920e-02;1.197757e-01;9.212665e-02;7.909919e-02;6.808157e-02;2.925427e-02
2.563768e-02;1.245048e-01;1.350113e-01;2.764753e-02;5.375712e-02;1.274468e-01;3.603271e-02;1.196570e-01;1.335020e-01;1.007259e-01;6.148708e-02;5.459023e-02
3.770249e-02;1.283818e-01;1.226530e-01;2.847251e-02;4.773528e-02;1.117971e-01;3.272327e-02;8.919959e-02;1.348036e-01;1.176695e-01;9.779046e-02;5.107149e-02
3.421368e-02;1.077874e-01;1.464184e-01;3.466291e-02;5.241297e-02;1.322931e-01;3.705183e-02;4.642775e-02;9.215520e-02;1.681505e-01;1.081130e-01;4.031326e-02
3.270344e-02;1.357518e-01;1.909796e-01;6.731161e-02;6.744505e-02;1.356722e-01;3.509475e-02;9.714665e-02;5.407322e-02;8.733768e-02;6.379689e-02;3.268708e-02
4.550905e-02;1.846719e-01;1.966518e-01;6.612445e-02;6.852249e-02;1.348666e-01;2.790673e-02;1.022747e-01;5.891793e-02;5.841508e-02;3.339853e-02;2.274070e-02
4.849982e-02;1.745186e-01;2.283648e-01;4.107222e-02;5.553911e-02;1.351775e-01;3.369067e-02;8.918504e-02;9.539300e-02;3.551742e-02;2.153908e-02;4.150282e-02
6.426259e-02;1.576331e-01;1.797138e-01;5.399573e-02;4.167449e-02;1.380913e-01;3.266585e-02;1.013190e-01;9.476464e-02;5.386434e-02;3.190630e-02;5.010886e-02
5.053513e-02;1.412008e-01;8.934835e-02;5.551797e-02;5.315421e-02;2.048355e-01;2.882426e-02;1.208181e-01;7.074016e-02;1.082080e-01;4.584175e-02;3.097583e-02
2.018169e-02;9.054065e-02;1.456749e-01;3.378712e-02;4.359241e-02;3.011542e-01;4.614487e-02;1.186373e-01;6.147961e-02;9.217478e-02;3.734568e-02;9.286787e-03
1.757062e-02;7.717904e-02;1.522971e-01;1.661317e-02;5.040559e-02;3.786224e-01;6.335234e-02;9.394881e-02;5.072301e-02;5.874544e-02;2.971629e-02;1.082625e-02
2.269882e-02;7.862698e-02;1.465098e-01;3.091580e-02;6.854302e-02;3.954826e-01;7.353297e-02;5.316301e-02;4.103498e-02;4.905326e-02;2.418312e-02;1.625571e-02
2.524815e-02;5.861213e-02;1.230074e-01;5.573802e-02;9.060639e-02;4.186358e-01;5.784350e-02;4.189482e-02;2.909173e-02;5.923557e-02;1.332476e-02;2.676175e-02
1.567896e-02;6.634111e-02;1.710433e-01;6.766793e-02;9.373213e-02;3.509821e-01;3.408610e-02;5.064952e-02;2.727504e-02;6.240508e-02;1.656542e-02;4.357328e-02
1.146944e-02;3.913223e-02;1.214825e-01;5.945026e-02;1.186240e-01;3.576458e-01;6.793496e-02;3.692030e-02;4.912389e-02;4.449947e-02;2.404490e-02;6.967227e-02
1.459119e-02;2.488090e-02;6.780232e-02;3.793033e-02;1.253034e-01;4.086010e-01;9.169297e-02;6.044435e-02;5.879233e-02;1.521448e-02;1.817093e-02;7.657583e-02
2.624279e-02;4.390860e-02;1.205289e-01;4.463350e-02;1.151500e-01;3.550717e-01;7.802851e-02;8.150800e-02;4.576082e-02;9.941907e-03;1.369591e-02;6.552945e-02
2.295956e-02;5.973018e-02;1.693078e-01;6.154548e-02;1.057833e-01;3.257565e-01;4.012618e-02;9.308342e-02;3.675377e-02;2.116553e-02;1.483508e-02;4.895326e-02
2.404426e-02;4.103932e-02;1.524635e-01;7.251498e-02;1.128449e-01;3.817730e-01;2.597310e-02;4.647366e-02;3.078860e-02;2.393466e-02;4.326205e-02;4.488800e-02
2.765980e-02;5.401827e-02;1.637219e-01;7.488097e-02;1.410064e-01;3.623127e-01;1.451993e-02;3.268566e-02;3.812407e-02;1.261407e-02;3.689064e-02;4.156553e-02
1.805449e-02;4.363034e-02;1.663922e-01;7.252086e-02;1.474798e-01;3.668172e-01;3.796265e-03;3.465442e-02;4.516565e-02;2.024232e-02;3.639113e-02;4.485532e-02
1.478844e-02;4.577551e-02;1.500510e-01;7.393438e-02;1.401645e-01;3.539285e-01;1.516528e-02;4.635284e-02;3.401949e-02;2.941533e-02;3.871644e-02;5.768832e-02
1.427889e-02;3.264652e-02;1.438477e-01;8.646648e-02;1.259249e-01;3.551593e-01;2.561168e-02;6.257428e-02;3.837120e-02;1.669192e-02;3.184124e-02;6.658586e-02
2.199685e-02;5.761431e-02;1.393649e-01;7.951660e-02;9.684551e-02;3.245035e-01;2.927080e-02;4.762868e-02;4.684430e-02;4.343380e-02;3.809004e-02;7.489076e-02
2.224297e-02;2.780819e-02;1.026803e-01;8.380069e-02;1.027236e-01;3.252803e-01;5.596480e-02;4.833248e-02;6.013751e-02;4.800771e-02;4.971742e-02;7.330396e-02
1.594757e-02;2.759417e-02;1.005745e-01;8.575587e-02;1.206119e-01;3.541092e-01;7.060751e-02;3.639082e-02;5.492285e-02;3.133089e-02;2.823977e-02;7.391495e-02
9.722080e-03;4.079694e-02;1.457869e-01;8.370734e-02;1.124205e-01;3.352784e-01;4.777623e-02;3.244091e-02;3.981624e-02;5.425640e-02;2.575490e-02;7.224321e-02
9.760457e-03;5.009014e-02;1.802635e-01;9.682175e-02;9.121980e-02;2.871458e-01;2.736318e-02;5.421099e-02;3.128679e-02;6.260511e-02;5.444926e-02;5.478326e-02
1.104928e-02;4.575627e-02;1.639788e-01;1.255376e-01;9.640662e-02;2.541758e-01;1.272887e-02;9.903751e-02;3.124559e-02;4.607860e-02;8.933532e-02;2.466976e-02
2.042454e-02;6.077770e-02;2.051713e-01;1.536270e-01;1.058128e-01;1.690831e-01;1.278263e-02;1.049327e-01;2.365340e-02;3.116474e-02;9.323036e-02;1.933981e-02
2.222524e-02;1.002242e-01;2.421251e-01;1.892085e-01;8.428092e-02;6.447202e-02;5.736895e-03;1.162051e-01;1.726242e-02;2.541247e-02;1.139470e-01;1.890014e-02
1.073075e-02;5.987215e-02;2.246022e-01;1.861482e-01;4.207190e-02;1.629419e-01;1.930454e-02;1.074798e-01;1.966861e-02;1.714167e-02;1.268413e-01;2.319699e-02
7.914766e-03;4.921525e-02;1.511297e-01;2.038346e-01;6.865641e-02;2.004300e-01;3.072094e-02;1.080308e-01;1.948638e-02;2.056115e-02;1.215359e-01;1.848421e-02
8.680987e-03;3.380470e-02;1.221933e-01;2.381845e-01;1.480733e-01;1.664521e-01;3.469694e-02;7.247610e-02;3.767854e-02;2.757441e-02;1.015260e-01;8.659132e-03
1.564460e-02;3.173803e-02;1.414324e-01;2.098112e-01;1.816735e-01;1.209408e-01;4.795310e-02;3.006577e-02;4.446033e-02;6.767692e-02;9.382313e-02;1.478017e-02
1.587075e-02;3.724305e-02;1.695771e-01;1.486162e-01;1.602096e-01;9.363185e-02;6.491446e-02;1.117885e-02;3.811762e-02;1.642258e-01;8.201762e-02;1.439711e-02
7.593378e-03;6.274370e-02;1.762599e-01;7.939250e-02;1.065016e-01;5.136378e-02;5.365682e-02;1.560198e-02;4.192110e-02;3.052087e-01;8.478622e-02;1.497025e-02
1.305730e-02;8.097381e-02;1.710258e-01;3.560195e-02;4.847411e-02;2.885935e-02;2.905695e-02;2.086914e-02;5.768769e-02;4.061804e-01;9.062942e-02;1.758401e-02
1.071801e-02;7.652631e-02;2.404771e-01;2.721575e-02;2.323724e-02;3.940124e-02;2.892165e-02;2.162902e-02;5.944147e-02;4.149227e-01;3.502628e-02;2.248318e-02
1.163409e-02;7.742833e-02;3.207502e-01;2.089272e-02;4.189600e-02;3.811844e-02;4.573498e-02;1.336187e-02;4.282399e-02;3.601456e-01;1.174386e-02;1.546994e-02
1.200928e-02;6.017099e-02;3.421467e-01;3.143623e-02;5.015228e-02;3.528502e-02;6.003469e-02;6.812578e-03;2.169407e-02;3.474982e-01;2.242134e-02;1.033859e-02
1.429162e-02;6.186968e-02;3.427694e-01;3.482359e-02;4.951307e-02;4.079216e-02;5.847076e-02;8.318800e-03;2.063135e-02;3.577648e-01;5.714630e-03;5.040216e-03
1.113301e-02;7.933442e-02;3.146518e-01;2.972862e-02;5.119781e-02;3.933814e-02;5.007296e-02;9.591915e-03;4.270297e-02;3.615015e-01;5.352294e-03;5.394480e-03
1.339334e-02;1.121996e-01;2.827769e-01;3.209834e-02;3.801980e-02;4.722923e-02;4.038481e-02;1.175801e-02;6.711341e-02;3.411134e-01;2.757945e-03;1.115527e-02
9.431598e-03;1.273356e-01;2.435672e-01;2.689023e-02;2.350718e-02;5.717693e-02;2.028977e-02;1.967798e-02;1.314346e-01;3.087868e-01;9.375320e-03;2.252676e-02
7.507033e-03;1.520905e-01;1.802114e-01;2.934699e-02;2.137001e-02;6.761574e-02;2.341128e-02;5.238969e-02;2.163737e-01;1.983684e-01;2.066607e-02;3.064924e-02
1.238806e-02;1.667271e-01;1.415387e-01;5.065641e-02;2.459781e-02;7.305582e-02;4.534001e-02;1.049284e-01;2.445467e-01;8.346333e-02;2.058186e-02;3.217584e-02
2.228639e-02;1.615657e-01;1.405985e-01;7.133535e-02;4.151832e-02;7.543610e-02;5.613636e-02;1.267212e-01;1.830373e-01;7.733890e-02;1.962848e-02;2.439734e-02
3.695536e-02;1.616275e-01;1.761877e-01;9.026878e-02;6.790623e-02;7.537208e-02;6.585545e-02;1.036050e-01;1.027493e-01;9.310519e-02;1.053195e-02;1.583551e-02
4.051267e-02;1.439391e-01;2.838699e-01;7.570817e-02;7.029222e-02;6.488667e-02;9.688726e-02;3.978908e-02;5.831656e-02;9.146208e-02;1.938878e-02;1.494755e-02
3.584177e-02;1.604595e-01;3.398319e-01;6.081699e-02;6.340417e-02;5.365640e-02;9.782764e-02;2.774032e-02;4.035676e-02;8.544211e-02;1.717308e-02;1.744934e-02
3.129999e-02;1.830962e-01;3.426582e-01;5.356146e-02;6.304657e-02;3.022454e-02;8.195581e-02;3.394416e-02;5.471758e-02;8.078684e-02;2.366969e-02;2.103905e-02
2.366614e-02;2.007218e-01;3.102186e-01;4.532175e-02;3.661350e-02;8.070538e-02;3.852957e-02;7.024192e-02;7.292382e-02;6.347275e-02;2.622979e-02;3.135496e-02
1.975632e-02;2.321121e-01;3.190964e-01;4.368927e-02;2.315213e-02;8.859454e-02;2.869865e-02;6.104676e-02;7.625757e-02;6.765804e-02;1.082072e-02;2.911742e-02
2.103912e-02;2.732047e-01;3.288799e-01;4.044446e-02;2.253694e-02;6.575139e-02;2.301999e-02;4.750986e-02;6.666177e-02;7.613119e-02;1.071202e-02;2.410867e-02
3.025482e-02;3.146583e-01;3.140618e-01;2.656559e-02;2.836553e-02;6.863691e-02;1.358221e-02;3.534871e-02;5.965278e-02;7.456251e-02;1.616618e-02;1.814468e-02
4.069665e-02;2.838354e-01;2.885852e-01;2.368521e-02;3.251971e-02;8.424608e-02;3.008250e-02;3.072286e-02;7.753564e-02;6.016050e-02;3.444801e-02;1.348213e-02
3.569430e-02;1.883895e-01;2.997252e-01;4.404952e-02;3.688528e-02;7.869460e-02;3.841069e-02;4.060616e-02;1.107152e-01;6.807040e-02;4.602078e-02;1.273832e-02
2.110177e-02;1.348443e-01;2.754093e-01;4.828963e-02;4.086984e-02;6.609706e-02;3.976823e-02;3.966069e-02;1.249184e-01;1.460072e-01;4.881242e-02;1.422120e-02
2.139406e-02;1.712941e-01;2.377903e-01;2.912980e-02;4.243238e-02;6.406694e-02;4.885436e-02;3.763985e-02;7.129595e-02;2.313735e-01;3.042550e-02;1.430328e-02
1.983710e-02;1.463399e-01;2.037319e-01;3.372935e-02;5.710290e-02;6.454948e-02;5.608188e-02;3.850329e-02;7.220034e-02;2.662170e-01;2.199418e-02;1.971269e-02
2.061378e-02;1.158962e-01;1.551825e-01;4.206937e-02;5.820886e-02;1.115758e-01;4.256822e-02;4.303590e-02;1.435399e-01;2.180883e-01;2.648399e-02;2.273714e-02
2.972671e-02;1.410404e-01;1.465189e-01;2.051389e-02;4.902156e-02;1.453584e-01;3.854301e-02;7.501417e-02;1.592266e-01;1.399483e-01;2.246882e-02;3.261928e-02
3.179450e-02;1.115557e-01;1.992174e-01;4.487917e-02;3.888998e-02;1.326498e-01;3.639123e-02;7.586925e-02;1.057425e-01;1.450298e-01;4.141026e-02;3.657037e-02
3.690370e-02;1.155078e-01;2.158099e-01;6.882983e-02;4.154707e-02;1.219589e-01;4.944044e-02;7.214619e-02;4.809482e-02;1.367892e-01;4.886805e-02;4.410416e-02
5.597174e-02;1.604262e-01;1.808604e-01;7.485160e-02;3.574672e-02;8.908829e-02;5.298210e-02;7.749841e-02;5.865629e-02;1.103765e-01;2.870363e-02;7.483812e-02
6.296790e-02;1.131216e-01;1.300900e-01;6.364813e-02;3.966998e-02;8.083795e-02;1.016426e-01;5.992594e-02;7.091139e-02;1.231762e-01;3.960238e-02;1.144059e-01
7.901517e-02;9.064379e-02;1.567718e-01;4.016543e-02;5.129023e-02;1.130530e-01;9.744428e-02;2.513562e-02;7.811502e-02;8.483862e-02;6.341866e-02;1.201084e-01
1.069661e-01;7.048660e-02;1.919941e-01;2.148188e-02;4.677334e-02;1.796029e-01;5.139348e-02;1.820418e-02;7.029825e-02;5.660586e-02;1.105728e-01;7.562052e-02
1.373943e-01;4.687115e-02;1.826855e-01;2.118976e-02;1.544515e-02;2.432937e-01;1.913274e-02;2.943005e-02;6.326561e-02;7.062085e-02;1.340972e-01;3.657399e-02
1.527717e-01;6.904653e-02;1.464700e-01;1.624313e-02;2.581419e-02;2.496332e-01;3.359526e-02;2.866365e-02;4.781546e-02;8.329356e-02;1.189467e-01;2.770655e-02
1.662593e-01;5.075462e-02;1.224809e-01;1.443227e-02;3.196627e-02;2.896734e-01;3.563241e-02;2.300663e-02;4.018263e-02;8.573774e-02;1.138823e-01;2.599138e-02
1.564333e-01;5.007865e-02;8.998510e-02;2.820861e-02;4.656738e-02;3.212443e-01;2.073440e-02;3.277104e-02;4.919980e-02;7.317948e-02;1.086939e-01;2.290411e-02
1.068286e-01;3.302760e-02;8.628800e-02;5.009098e-02;6.312951e-02;3.190979e-01;2.515968e-02;4.741454e-02;9.015969e-02;5.113064e-02;1.001237e-01;2.754915e-02
3.776770e-02;5.280406e-02;1.117840e-01;5.800788e-02;5.752512e-02;2.784172e-01;3.007792e-02;6.540577e-02;1.043446e-01;1.103385e-01;5.787434e-02;3.565291e-02
3.462260e-02;9.658102e-02;1.544773e-01;4.892097e-02;5.223523e-02;2.925079e-01;2.006186e-02;5.806664e-02;8.550993e-02;1.037804e-01;2.877052e-02;2.446568e-02
5.632646e-02;1.094352e-01;2.019324e-01;3.288582e-02;2.868243e-02;2.867551e-01;5.606719e-02;3.068686e-02;6.534368e-02;6.336740e-02;4.412488e-02;2.439262e-02
5.586322e-02;4.656271e-02;2.084246e-01;2.465272e-02;4.101609e-02;2.668241e-01;9.827577e-02;3.942855e-02;7.858011e-02;3.918071e-02;6.239669e-02;3.879470e-02
5.506027e-02;1.121419e-01;1.802444e-01;1.495283e-02;5.021879e-02;2.186296e-01;8.437415e-02;5.733825e-02;9.016566e-02;5.259572e-02;3.418729e-02;5.009120e-02
5.983724e-02;1.186270e-01;9.258338e-02;1.748921e-02;4.020651e-02;2.673474e-01;7.768729e-02;5.314660e-02;1.249420e-01;5.476907e-02;3.063072e-02;6.273369e-02
5.163602e-02;1.359177e-01;1.155962e-01;2.403030e-02;5.301901e-02;2.330959e-01;6.115165e-02;4.325684e-02;1.132372e-01;5.984272e-02;5.213614e-02;5.708032e-02
5.314722e-02;1.204312e-01;1.493229e-01;3.137270e-02;4.143354e-02;2.220470e-01;6.413142e-02;4.995825e-02;1.143049e-01;5.085792e-02;5.250427e-02;5.048874e-02
6.923126e-02;6.073373e-02;1.323274e-01;6.930822e-02;4.580137e-02;1.948247e-01;6.569313e-02;6.296585e-02;1.122802e-01;5.816082e-02;6.630570e-02;6.236759e-02
6.360060e-02;1.065390e-01;1.248173e-01;1.042520e-01;8.592611e-02;1.536254e-01;8.161031e-02;6.288095e-02;8.141688e-02;3.646061e-02;5.919703e-02;3.967386e-02
4.393835e-02;7.480119e-02;1.080783e-01;1.208851e-01;9.674997e-02;1.971444e-01;1.047534e-01;6.105153e-02;7.604709e-02;3.611137e-02;5.190437e-02;2.853497e-02
2.573062e-02;4.945728e-02;8.895232e-02;1.128104e-01;9.266566e-02;2.471144e-01;8.923043e-02;8.863936e-02;8.201884e-02;4.990641e-02;5.016365e-02;2.331062e-02
1.930766e-02;6.689756e-02;7.798629e-02;9.238202e-02;1.102236e-01;2.320634e-01;4.222471e-02;1.211202e-01;9.735134e-02;8.763734e-02;3.531731e-02;1.748868e-02
1.659874e-02;4.064851e-02;5.321164e-02;6.058547e-02;1.197165e-01;2.354805e-01;4.759791e-02;1.351723e-01;1.221318e-01;1.122139e-01;3.602430e-02;2.061853e-02
1.543438e-02;4.674209e-02;6.070652e-02;5.990137e-02;1.473230e-01;2.102878e-01;3.553201e-02;1.459966e-01;1.445498e-01;7.944284e-02;3.267717e-02;2.140638e-02
1.451189e-02;6.504099e-02;6.166650e-02;5.704777e-02;1.786790e-01;1.544064e-01;3.010669e-02;1.333224e-01;1.326344e-01;1.064444e-01;4.654946e-02;1.959013e-02
9.126211e-03;5.154430e-02;4.344435e-02;4.373965e-02;1.833171e-01;1.776947e-01;2.992085e-02;1.192800e-01;1.480370e-01;1.352489e-01;4.385879e-02;1.478816e-02
6.884696e-03;5.018065e-02;5.506432e-02;5.189472e-02;1.932920e-01;2.070735e-01;3.720425e-02;1.021931e-01;1.361432e-01;1.267160e-01;1.611128e-02;1.724231e-02
7.772527e-03;5.751870e-02;6.233327e-02;6.422336e-02;1.892211e-01;1.955981e-01;2.206562e-02;1.092102e-01;1.250328e-01;1.194206e-01;3.455115e-02;1.305257e-02
1.352092e-02;7.028842e-02;5.212058e-02;4.968227e-02;1.724408e-01;1.903626e-01;4.735139e-02;1.249763e-01;1.280903e-01;1.076998e-01;2.549239e-02;1.797426e-02
1.824534e-02;8.742612e-02;3.611254e-02;5.950055e-02;1.983574e-01;1.545332e-01;4.129446e-02;1.212386e-01;1.511721e-01;8.460361e-02;2.554102e-02;2.197505e-02
1.870845e-02;1.013429e-01;4.552788e-02;5.756477e-02;2.534929e-01;9.072080e-02;2.169166e-02;1.206454e-01;1.771341e-01;5.510299e-02;3.639739e-02;2.167079e-02
2.541582e-02;1.252214e-01;1.147482e-01;4.637534e-02;1.846393e-01;1.309195e-01;1.517483e-02;1.075111e-01;1.477720e-01;6.374181e-02;2.614935e-02;1.233133e-02
3.386379e-02;1.349337e-01;1.595550e-01;3.160220e-02;1.212195e-01;1.634242e-01;2.838362e-02;8.188358e-02;1.260884e-01;8.749770e-02;1.882025e-02;1.272827e-02
3.569386e-02;9.278303e-02;1.387378e-01;3.845274e-02;1.176526e-01;2.083427e-01;3.073001e-02;6.480600e-02;1.361385e-01;9.232122e-02;3.299220e-02;1.134934e-02
3.461890e-02;8.484886e-02;1.366083e-01;3.145504e-02;1.087337e-01;2.169326e-01;4.169870e-02;8.752698e-02;1.344495e-01;7.241093e-02;3.806313e-02;1.265326e-02
2.657953e-02;1.028506e-01;1.461025e-01;5.343189e-02;1.197396e-01;1.482508e-01;2.946652e-02;1.068071e-01;1.526753e-01;5.595784e-02;3.765930e-02;2.047891e-02
2.876443e-02;1.023264e-01;1.435141e-01;5.062759e-02;9.741356e-02;1.759901e-01;3.214885e-02;1.053293e-01;1.415290e-01;7.437892e-02;2.330293e-02;2.467477e-02
2.162292e-02;1.225592e-01;1.667214e-01;3.429615e-02;8.059430e-02;1.773292e-01;4.942955e-02;9.112273e-02;1.186405e-01;7.300144e-02;3.514282e-02;2.953991e-02
3.063299e-02;1.452226e-01;1.884970e-01;3.916626e-02;8.199932e-02;1.543247e-01;3.895438e-02;7.614592e-02;9.953273e-02;7.495373e-02;3.676392e-02;3.380647e-02
3.082831e-02;1.196235e-01;1.772328e-01;3.633583e-02;6.076141e-02;1.906797e-01;3.270563e-02;6.146418e-02;1.101831e-01;1.070340e-01;4.762033e-02;2.553128e-02
2.245409e-02;1.067478e-01;1.559037e-01;2.944976e-02;4.111231e-02;2.151071e-01;3.617375e-02;5.493131e-02;1.192736e-01;1.167304e-01;6.848057e-02;3.363560e-02
1.593585e-02;9.846714e-02;1.500531e-01;3.529621e-02;2.860269e-02;1.923679e-01;2.879691e-02;8.713394e-02;1.439645e-01;1.087349e-01;6.768961e-02;4.295721e-02
2.434325e-02;1.371585e-01;1.524070e-01;3.231801e-02;3.571977e-02;1.429258e-01;3.023822e-02;1.058646e-01;1.485218e-01;1.248975e-01;3.163129e-02;3.397420e-02
2.194245e-02;1.447750e-01;1.823197e-01;2.798873e-02;4.127805e-02;9.286024e-02;3.387517e-02;1.125185e-01;1.805851e-01;9.702430e-02;3.747937e-02;2.735338e-02
2.553266e-02;1.319335e-01;2.192453e-01;2.408614e-02;3.266419e-02;9.171005e-02;2.940205e-02;1.053623e-01;1.987751e-01;8.075732e-02;4.198200e-02;1.854935e-02
3.472569e-02;1.156097e-01;2.012545e-01;2.008859e-02;3.114304e-02;1.217182e-01;3.720753e-02;1.096892e-01;2.043770e-01;6.766531e-02;2.762608e-02;2.889520e-02
4.740467e-02;1.444039e-01;1.884740e-01;2.478232e-02;3.191413e-02;1.287984e-01;2.972552e-02;1.155520e-01;1.783864e-01;5.166430e-02;2.912653e-02;2.976780e-02
3.982713e-02;1.031462e-01;2.142144e-01;2.836815e-02;2.915428e-02;1.583109e-01;2.229382e-02;1.179941e-01;1.620390e-01;6.348071e-02;3.596889e-02;2.520241e-02
3.637283e-02;1.659335e-01;2.151274e-01;2.650022e-02;3.150716e-02;1.428748e-01;2.326733e-02;7.941199e-02;1.387334e-01;9.557547e-02;3.009193e-02;1.460390e-02
4.186920e-02;1.423886e-01;1.792261e-01;3.060769e-02;4.605997e-02;1.481976e-01;1.816855e-02;7.807732e-02;1.325712e-01;1.316673e-01;2.996402e-02;2.120243e-02
3.420824e-02;4.846079e-02;1.989495e-01;4.381274e-02;3.594536e-02;2.065918e-01;1.641067e-02;8.331863e-02;1.450760e-01;1.363415e-01;2.883059e-02;2.205416e-02
3.640322e-02;1.260799e-01;2.107463e-01;3.953871e-02;4.485334e-02;2.072943e-01;1.894590e-02;6.546593e-02;1.216376e-01;8.959699e-02;2.520609e-02;1.423185e-02
3.168565e-02;1.439880e-01;1.934800e-01;2.718281e-02;6.411988e-02;2.046143e-01;2.847799e-02;5.961868e-02;1.091937e-01;8.571105e-02;3.769546e-02;1.423253e-02
2.168744e-02;1.163191e-01;2.227169e-01;2.649292e-02;6.617124e-02;1.647582e-01;2.754610e-02;6.349213e-02;1.431135e-01;1.096359e-01;3.079365e-02;7.272921e-03
