1.246112e-01;7.107157e-02;1.939688e-01;4.718108e-02;7.325929e-02;5.964080e-02;1.200764e-01;6.813946e-02;4.244773e-02;6.196999e-02;5.920388e-02;7.842970e-02
1.034030e-01;7.321002e-02;2.080918e-01;5.320323e-02;6.998292e-02;4.805091e-02;1.446016e-01;5.123996e-02;4.370702e-02;6.953986e-02;6.222406e-02;7.274561e-02
1.120070e-01;1.097601e-01;1.755920e-01;5.549226e-02;5.766838e-02;5.224067e-02;1.367082e-01;6.150358e-02;5.065145e-02;6.892711e-02;5.749257e-02;6.195667e-02
1.350521e-01;1.119852e-01;2.086752e-01;3.869507e-02;5.417731e-02;5.622588e-02;1.221652e-01;7.051564e-02;4.133370e-02;7.266020e-02;4.139035e-02;4.712411e-02
1.611481e-01;1.046166e-01;2.828330e-01;2.379613e-02;4.208934e-02;3.589821e-02;1.263186e-01;3.219911e-02;5.283043e-02;4.900559e-02;4.864265e-02;4.062235e-02
1.671742e-01;1.498240e-01;3.228636e-01;2.698295e-02;3.342890e-02;3.003218e-02;7.337908e-02;1.878226e-02;6.026454e-02;5.229855e-02;3.708317e-02;2.788659e-02
1.749498e-01;1.913234e-01;3.246701e-01;2.789254e-02;2.191305e-02;2.573115e-02;3.529408e-02;3.081455e-02;5.992603e-02;5.579292e-02;3.133531e-02;2.035703e-02
2.314463e-01;1.876722e-01;2.272254e-01;2.236598e-02;1.897189e-02;2.194266e-02;4.695676e-02;5.243402e-02;4.698531e-02;4.867895e-02;4.788200e-02;4.743854e-02
2.406544e-01;9.853294e-02;1.473997e-01;2.872256e-02;2.802762e-02;3.172134e-02;8.443620e-02;6.899595e-02;4.154349e-02;5.681422e-02;7.389980e-02;9.925173e-02
1.918805e-01;8.582115e-02;1.170936e-01;2.822962e-02;2.538572e-02;4.778889e-02;1.012164e-01;4.335602e-02;5.192049e-02;8.946890e-02;1.087925e-01;1.090462e-01
1.638209e-01;8.706722e-02;9.384571e-02;2.460011e-02;3.090972e-02;6.730071e-02;1.117731e-01;6.973138e-02;5.973402e-02;8.284116e-02;1.166164e-01;9.175958e-02
1.907262e-01;5.514253e-02;1.029817e-01;3.082398e-02;3.205125e-02;5.274795e-02;1.380381e-01;1.141566e-01;5.890290e-02;5.602029e-02;7.520766e-02;9.320083e-02
2.066065e-01;8.191328e-02;1.825458e-01;2.506446e-02;2.149350e-02;3.295352e-02;1.179981e-01;1.108462e-01;7.014055e-02;4.033967e-02;4.687647e-02;6.322182e-02
1.178942e-01;9.281761e-02;3.589895e-01;4.943033e-02;4.302271e-02;3.009647e-02;6.583779e-02;6.753504e-02;7.737277e-02;2.829085e-02;3.309013e-02;3.562264e-02
6.555714e-02;6.543700e-02;2.827306e-01;6.421364e-02;9.900346e-02;1.041525e-01;1.473632e-01;2.391857e-02;4.252393e-02;2.503879e-02;3.616442e-02;4.389679e-02
8.505794e-02;3.876321e-02;1.050272e-01;4.318266e-02;9.117708e-02;2.269974e-01;2.660023e-01;3.209481e-02;1.772152e-02;2.524715e-02;2.875382e-02;3.997490e-02
1.123811e-01;2.970456e-02;2.059625e-02;1.617290e-02;4.776652e-02;3.054502e-01;3.442587e-01;5.812484e-02;8.925799e-03;2.533749e-02;1.296456e-02;1.831705e-02
1.239105e-01;1.498703e-02;1.020827e-02;6.247739e-03;5.211790e-02;3.198631e-01;3.487202e-01;7.416602e-02;9.464654e-03;2.614606e-02;4.563495e-03;9.605112e-03
1.323662e-01;1.091188e-02;1.040129e-02;8.748073e-03;1.208404e-01;3.458855e-01;2.597056e-01;6.242830e-02;7.613512e-03;2.484087e-02;5.012606e-03;1.124581e-02
1.445769e-01;1.052843e-02;1.112692e-02;2.908902e-02;2.034392e-01;3.663335e-01;1.685906e-01;2.926985e-02;4.498234e-03;2.013570e-02;5.265610e-03;7.146057e-03
1.384007e-01;1.863711e-02;4.183003e-02;4.348867e-02;2.097433e-01;3.087890e-01;1.490408e-01;2.457603e-02;1.596579e-02;2.205379e-02;1.158974e-02;1.588509e-02
1.156482e-01;3.031823e-02;1.094406e-01;4.276884e-02;1.772011e-01;2.113350e-01;1.553141e-01;4.455832e-02;3.275461e-02;3.555058e-02;1.723838e-02;2.787203e-02
6.499493e-02;2.397048e-02;1.549667e-01;6.271424e-02;1.361874e-01;2.334201e-01;1.277206e-01;5.404859e-02;3.561664e-02;4.157811e-02;2.212355e-02;4.265856e-02
5.323088e-02;2.539046e-02;1.654206e-01;5.608620e-02;1.340852e-01;2.728994e-01;1.061404e-01;4.069518e-02;3.272110e-02;4.233976e-02;2.305047e-02;4.794027e-02
6.534995e-02;2.607583e-02;2.433390e-01;7.201523e-02;1.175738e-01;2.374266e-01;5.993531e-02;5.135964e-02;2.035111e-02;3.281562e-02;2.479859e-02;4.895927e-02
6.741989e-02;2.464981e-02;3.047337e-01;9.340603e-02;7.561082e-02;1.510206e-01;8.940949e-02;5.961270e-02;2.316314e-02;3.364122e-02;4.714996e-02;3.018262e-02
5.931697e-02;2.930390e-02;2.399218e-01;5.827885e-02;9.250852e-02;1.067111e-01;1.304431e-01;8.549532e-02;3.549643e-02;7.509083e-02;5.949342e-02;2.793976e-02
4.317401e-02;6.908920e-02;1.012304e-01;2.462240e-02;4.932351e-02;8.600985e-02;2.879929e-01;9.151270e-02;3.868437e-02;8.082329e-02;8.541981e-02;4.211761e-02
2.414209e-02;1.111834e-01;5.311730e-02;1.598125e-02;2.452418e-02;5.760043e-02;3.912198e-01;1.101110e-01;3.985082e-02;5.282347e-02;8.193163e-02;3.751462e-02
5.513069e-03;1.360553e-01;4.371684e-02;9.234332e-03;6.262441e-02;2.030768e-02;4.649985e-01;1.363841e-01;2.722379e-02;2.378192e-02;5.128737e-02;1.887275e-02
6.544721e-03;1.132344e-01;3.548618e-02;9.137865e-03;1.071418e-01;2.051038e-02;4.663871e-01;1.700120e-01;2.390080e-02;1.351961e-02;2.833843e-02;5.786644e-03
8.105393e-03;6.682964e-02;6.075278e-02;1.506481e-02;1.034906e-01;2.104756e-02;4.119030e-01;2.399002e-01;2.483607e-02;1.811662e-02;1.666542e-02;1.328798e-02
1.478721e-02;3.806311e-02;7.324450e-02;3.789778e-02;4.969100e-02;2.403266e-02;3.384722e-01;3.060963e-01;5.323862e-02;2.779904e-02;8.267328e-03;2.841025e-02
2.786356e-02;3.638366e-02;4.917999e-02;8.004230e-02;2.265974e-02;4.212577e-02;2.669043e-01;2.663210e-01;1.228869e-01;3.896849e-02;1.808298e-02;2.858127e-02
5.273969e-02;4.581609e-02;7.041246e-02;9.864481e-02;3.687723e-02;6.059938e-02;2.180539e-01;1.656627e-01;1.437866e-01;5.099881e-02;2.099535e-02;3.541304e-02
7.916176e-02;4.186319e-02;6.262545e-02;1.181866e-01;3.698861e-02;4.948737e-02;2.754040e-01;6.755037e-02;1.434580e-01;7.048300e-02;2.987442e-02;2.491730e-02
8.439126e-02;3.626443e-02;6.335233e-02;1.530929e-01;7.322338e-02;2.149571e-02;1.944102e-01;3.545909e-02;1.606765e-01;1.313056e-01;3.264278e-02;1.368581e-02
5.278347e-02;9.138569e-02;4.215568e-02;8.794282e-02;1.226804e-01;1.767785e-02;1.392876e-01;7.185631e-02;9.622659e-02;2.333466e-01;3.782808e-02;6.828927e-03
1.655133e-02;1.849369e-01;3.031910e-02;3.972337e-02;1.650099e-01;1.210785e-02;7.983100e-02;6.295847e-02;4.116651e-02;3.135058e-01;4.854651e-02;5.343267e-03
2.750042e-02;1.967555e-01;1.744875e-02;4.473542e-02;1.390632e-01;8.248942e-03;6.152334e-02;5.299775e-02;8.353044e-02;3.068754e-01;5.133349e-02;9.987270e-03
7.067070e-02;1.063853e-01;3.431166e-02;5.879969e-02;8.166856e-02;1.608022e-02;1.868889e-01;6.976251e-02;1.061550e-01;2.114733e-01;3.821464e-02;1.958953e-02
6.850234e-02;3.578787e-02;6.495585e-02;5.757244e-02;6.047231e-02;3.744237e-02;3.461096e-01;8.908772e-02;5.857565e-02;1.209774e-01;2.979217e-02;3.072421e-02
3.956623e-02;6.104021e-02;8.289804e-02;4.579815e-02;7.471611e-02;6.692099e-02;3.740603e-01;7.249301e-02;3.380097e-02;9.816331e-02;2.412574e-02;2.641689e-02
4.311137e-02;8.670964e-02;1.264429e-01;6.655347e-02;1.228556e-01;9.503832e-02;1.854814e-01;5.373070e-02;4.975742e-02;1.119601e-01;3.040638e-02;2.795272e-02
3.726648e-02;1.113748e-01;1.580821e-01;8.926925e-02;1.611679e-01;7.413435e-02;1.376773e-01;2.979134e-02;3.601765e-02;1.040414e-01;4.128149e-02;1.989590e-02
3.061991e-02;9.893671e-02;1.838471e-01;8.617370e-02;1.773585e-01;4.616642e-02;1.166434e-01;4.004228e-02;3.401443e-02;1.169330e-01;3.752192e-02;3.174265e-02
3.780676e-02;4.576791e-02;1.552730e-01;8.824933e-02;1.692720e-01;6.773012e-02;1.973423e-01;3.671122e-02;2.721827e-02;1.100459e-01;2.528883e-02;3.929444e-02
5.192557e-02;2.450515e-02;7.900430e-02;1.464244e-01;1.298244e-01;1.261277e-01;2.941831e-01;2.565270e-02;2.035549e-02;6.832247e-02;1.300223e-02;2.067248e-02
3.811048e-02;1.503445e-02;3.436335e-02;1.967042e-01;9.326648e-02;1.288604e-01;3.840719e-01;2.218615e-02;1.083259e-02;5.748969e-02;1.084334e-02;8.237056e-03
2.402402e-02;1.152526e-02;2.664764e-02;2.035804e-01;8.529180e-02;1.264224e-01;4.304803e-01;2.035511e-02;1.111447e-02;4.712950e-02;7.166110e-03;6.262939e-03
4.827159e-02;1.498065e-02;2.627369e-02;1.691557e-01;9.416664e-02;1.396115e-01;3.987601e-01;3.245877e-02;1.249585e-02;4.880300e-02;8.767432e-03;6.255102e-03
5.422220e-02;2.143153e-02;7.760859e-02;1.188104e-01;1.470203e-01;1.462288e-01;3.025919e-01;3.440892e-02;2.388938e-02;5.167206e-02;1.197381e-02;1.014208e-02
3.351540e-02;4.719801e-02;1.341467e-01;1.095056e-01;1.849547e-01;1.306387e-01;1.933244e-01;2.682672e-02;3.800875e-02;6.132731e-02;2.333087e-02;1.722289e-02
4.069340e-02;5.225712e-02;1.253727e-01;1.111861e-01;1.591347e-01;1.055734e-01;2.231620e-01;4.306685e-02;3.586828e-02;6.002846e-02;3.409152e-02;9.565531e-03
5.232806e-02;6.485159e-02;1.102557e-01;8.480707e-02;1.832073e-01;1.019305e-01;2.181735e-01;3.445119e-02;3.566463e-02;4.874989e-02;4.466990e-02;2.091064e-02
5.929036e-02;8.641780e-02;1.048646e-01;1.125071e-01;1.629743e-01;8.995520e-02;1.548058e-01;2.330143e-02;4.845271e-02;4.787126e-02;5.699261e-02;5.256687e-02
4.812442e-02;8.251029e-02;9.081132e-02;1.328684e-01;1.035522e-01;7.439297e-02;2.249777e-01;3.274732e-02;5.504009e-02;5.962443e-02;3.459417e-02;6.075668e-02
5.837318e-02;3.719602e-02;1.186834e-01;1.139390e-01;7.727078e-02;8.042897e-02;2.466371e-01;5.410679e-02;6.711417e-02;5.803445e-02;4.140857e-02;4.680755e-02
7.097691e-02;5.897256e-02;1.355534e-01;9.323736e-02;7.398742e-02;8.741960e-02;1.750138e-01;4.275394e-02;7.310767e-02;6.763145e-02;4.508810e-02;7.625788e-02
1.245781e-01;5.884358e-02;1.086060e-01;9.216769e-02;4.363552e-02;5.383366e-02;1.277243e-01;6.189858e-02;1.295204e-01;8.255865e-02;5.829868e-02;5.833484e-02
1.654294e-01;3.921347e-02;7.330624e-02;7.332171e-02;2.340938e-02;3.046869e-02;1.177114e-01;6.066989e-02;2.058922e-01;1.152832e-01;4.670664e-02;4.858774e-02
1.940398e-01;2.651726e-02;5.014455e-02;6.993181e-02;1.454349e-02;1.622335e-02;8.820450e-02;4.895359e-02;2.932435e-01;1.404801e-01;2.794899e-02;2.976910e-02
1.953044e-01;3.178426e-02;4.975696e-02;7.315353e-02;1.530560e-02;9.794293e-03;7.748652e-02;2.571899e-02;3.572131e-01;1.341232e-01;1.844638e-02;1.191272e-02
1.698048e-01;2.928366e-02;4.418703e-02;1.067809e-01;1.673728e-02;1.084214e-02;9.954412e-02;2.250410e-02;3.656845e-01;1.104630e-01;1.214218e-02;1.202628e-02
1.282369e-01;2.405410e-02;2.342965e-02;1.284631e-01;5.272615e-02;1.528418e-02;1.321312e-01;2.343242e-02;3.440692e-01;9.987287e-02;1.659918e-02;1.170107e-02
7.831349e-02;2.600198e-02;2.915627e-02;9.019129e-02;1.218730e-01;1.772848e-02;1.355383e-01;2.762175e-02;2.697619e-01;1.701497e-01;2.043851e-02;1.322525e-02
3.731257e-02;2.420008e-02;2.126791e-02;4.372301e-02;1.197550e-01;1.512408e-02;1.380291e-01;3.969188e-02;2.549599e-01;2.609091e-01;3.576007e-02;9.267280e-03
3.474654e-02;2.037893e-02;1.804277e-02;4.495895e-02;4.773354e-02;1.724570e-02;1.394052e-01;6.478562e-02;2.814600e-01;2.722611e-01;4.935209e-02;9.629576e-03
3.434594e-02;1.768500e-02;2.709697e-02;5.212761e-02;2.273858e-02;2.153903e-02;2.942506e-01;7.520128e-02;2.454441e-01;1.616473e-01;3.644923e-02;1.147438e-02
4.579018e-02;2.787791e-02;5.791378e-02;4.903994e-02;3.358898e-02;4.499994e-02;4.190026e-01;6.559024e-02;1.401675e-01;7.477466e-02;2.269996e-02;1.855439e-02
4.230187e-02;3.893055e-02;8.022130e-02;3.001919e-02;6.769361e-02;6.972189e-02;3.904394e-01;6.942718e-02;8.938903e-02;7.123964e-02;2.457291e-02;2.604349e-02
5.145410e-02;3.936264e-02;8.887671e-02;4.258355e-02;7.632506e-02;7.890870e-02;2.732539e-01;1.008696e-01;1.133697e-01;7.641078e-02;3.893273e-02;1.965257e-02
5.438159e-02;2.825843e-02;7.831598e-02;5.938371e-02;6.129246e-02;6.131384e-02;1.582816e-01;1.398118e-01;1.899444e-01;1.019206e-01;4.331988e-02;2.377574e-02
6.727029e-02;3.463264e-02;6.117352e-02;4.462117e-02;6.422764e-02;5.692183e-02;1.291858e-01;1.295979e-01;2.434135e-01;9.202846e-02;3.908652e-02;3.784067e-02
7.318237e-02;6.431305e-02;8.629274e-02;6.574003e-02;7.612990e-02;6.151324e-02;1.718160e-01;6.340306e-02;1.982725e-01;6.305782e-02;3.776147e-02;3.851786e-02
7.547057e-02;8.009622e-02;1.478754e-01;9.602731e-02;9.153355e-02;6.518218e-02;6.347524e-02;5.176662e-02;1.317105e-01;1.081919e-01;3.413362e-02;5.453687e-02
6.673747e-02;8.127771e-02;1.301318e-01;8.565741e-02;8.917234e-02;7.105932e-02;9.910639e-02;5.726935e-02;1.005096e-01;1.131302e-01;4.043345e-02;6.551497e-02
7.318122e-02;8.246967e-02;7.946876e-02;5.116521e-02;4.609970e-02;5.774356e-02;2.142085e-01;6.095386e-02;1.045064e-01;1.490296e-01;3.302677e-02;4.814676e-02
6.508448e-02;3.661250e-02;4.281835e-02;3.661221e-02;2.683251e-02;3.240146e-02;3.434405e-01;8.707839e-02;1.258613e-01;1.450443e-01;3.484941e-02;2.336463e-02
5.357467e-02;2.264666e-02;4.697830e-02;3.474724e-02;4.178653e-02;4.034544e-02;4.175205e-01;8.598502e-02;1.044169e-01;9.902198e-02;3.164039e-02;2.133639e-02
5.575306e-02;3.213971e-02;5.027258e-02;3.186209e-02;6.459780e-02;5.915049e-02;4.518372e-01;6.905875e-02;6.452387e-02;6.038509e-02;3.171581e-02;2.870356e-02
5.564375e-02;3.395985e-02;6.738237e-02;3.230289e-02;9.387885e-02;8.267992e-02;4.228868e-01;5.592834e-02;4.524200e-02;4.706695e-02;3.405398e-02;2.897434e-02
8.100388e-02;2.599447e-02;9.007107e-02;4.631953e-02;1.526836e-01;1.172176e-01;2.176464e-01;7.057461e-02;6.770177e-02;8.506685e-02;2.144313e-02;2.427703e-02
7.447450e-02;3.771196e-02;6.584241e-02;4.305756e-02;1.373863e-01;1.140848e-01;1.932445e-01;8.388633e-02;7.138421e-02;1.173534e-01;2.746382e-02;3.411020e-02
4.760939e-02;4.341188e-02;7.125678e-02;1.844131e-02;1.325711e-01;1.089905e-01;2.628177e-01;6.244367e-02;6.645840e-02;1.062350e-01;4.316583e-02;3.659846e-02
4.577959e-02;3.835165e-02;1.086346e-01;3.934913e-02;1.197696e-01;1.032493e-01;2.845178e-01;4.568993e-02;6.223504e-02;6.019071e-02;4.156115e-02;5.067150e-02
6.502049e-02;4.377755e-02;1.585774e-01;6.313016e-02;1.018755e-01;7.756139e-02;1.329903e-01;5.803766e-02;8.714011e-02;1.003553e-01;4.944973e-02;6.208439e-02
7.770250e-02;5.156291e-02;8.514070e-02;5.584807e-02;6.441924e-02;5.413464e-02;2.277727e-01;6.510702e-02;8.258259e-02;1.534214e-01;4.164782e-02;4.066045e-02
8.895018e-02;7.475661e-02;1.236445e-01;4.441367e-02;5.765039e-02;6.335130e-02;2.797003e-01;5.696034e-02;4.608322e-02;8.285147e-02;4.053320e-02;4.110485e-02
7.358984e-02;5.674421e-02;8.029147e-02;7.339176e-02;2.339206e-02;4.072776e-02;1.719239e-01;1.155696e-01;1.478400e-01;1.095563e-01;4.974238e-02;5.723077e-02
3.867540e-02;2.675621e-02;1.256125e-01;5.698578e-02;2.088960e-02;2.525769e-02;6.712105e-02;1.442979e-01;2.403493e-01;1.169291e-01;5.638325e-02;8.074214e-02
2.532670e-02;4.179702e-02;1.521799e-01;3.953685e-02;1.667807e-02;1.449532e-02;6.942870e-02;1.578841e-01;2.199424e-01;1.105970e-01;5.897939e-02;9.315462e-02
1.527646e-02;1.046013e-01;1.373741e-01;2.517116e-02;2.119095e-02;1.154038e-02;1.310633e-01;1.439376e-01;1.466343e-01;7.698081e-02;1.025543e-01;8.367525e-02
7.099580e-03;2.397620e-01;6.655414e-02;1.174142e-02;2.279125e-02;1.191341e-02;2.058448e-01;8.522207e-02;9.254218e-02;3.257641e-02;1.853035e-01;3.864913e-02
4.025675e-03;3.442087e-01;1.237174e-02;6.869402e-03;1.374903e-02;1.272255e-02;2.274298e-01;4.078634e-02;9.697308e-02;1.245774e-02;2.167962e-01;1.160965e-02
9.107313e-03;3.834949e-01;1.313028e-02;8.596955e-03;1.108311e-02;1.362484e-02;2.255010e-01;1.495596e-02;9.414854e-02;1.357306e-02;1.965025e-01;1.628148e-02
1.484464e-02;3.589160e-01;2.044407e-02;1.181777e-02;2.950286e-02;1.255477e-02;2.420275e-01;3.032192e-02;7.598006e-02;9.636845e-03;1.820892e-01;1.186441e-02
9.909238e-03;2.885312e-01;3.375130e-02;1.439241e-02;5.185829e-02;1.320166e-02;2.947018e-01;7.241385e-02;4.412600e-02;9.755671e-03;1.607550e-01;6.603687e-03
1.104344e-02;1.847950e-01;9.013224e-02;1.088685e-02;4.228975e-02;1.412256e-02;3.608439e-01;1.236126e-01;3.092691e-02;1.151152e-02;9.566044e-02;2.417479e-02
8.525095e-03;1.459555e-01;1.039822e-01;8.043053e-03;2.148868e-02;3.362513e-02;3.949552e-01;1.515580e-01;3.893037e-02;1.146479e-02;5.377100e-02;2.770103e-02
1.152895e-02;1.221883e-01;8.578891e-02;7.945180e-03;2.868903e-02;5.204200e-02;3.677338e-01;1.398216e-01;5.800883e-02;1.266064e-02;8.943502e-02;2.415773e-02
1.126277e-02;1.371356e-01;8.018685e-02;1.106331e-02;5.136373e-02;5.908876e-02;2.775340e-01;1.107987e-01;6.031211e-02;1.346975e-02;1.563465e-01;3.143796e-02
9.221360e-03;1.816771e-01;8.600191e-02;1.183385e-02;5.584704e-02;3.752556e-02;2.373744e-01;8.997495e-02;4.686245e-02;1.417978e-02;1.968734e-01;3.262819e-02
7.954176e-03;1.623803e-01;8.626384e-02;9.586980e-03;3.320715e-02;3.434631e-02;2.941827e-01;6.845757e-02;4.372131e-02;2.834691e-02;2.047714e-01;2.678131e-02
9.575387e-03;1.390149e-01;8.594137e-02;1.490139e-02;2.820688e-02;3.213706e-02;3.339410e-01;8.362906e-02;4.731138e-02;3.080044e-02;1.755067e-01;1.903447e-02
1.024489e-02;1.512555e-01;6.983360e-02;2.396824e-02;3.644872e-02;3.633862e-02;3.208702e-01;1.266197e-01;3.902048e-02;2.965032e-02;1.308819e-01;2.486775e-02
1.974520e-02;1.498154e-01;5.057700e-02;4.627111e-02;4.892445e-02;4.463090e-02;3.032901e-01;1.096304e-01;3.276181e-02;3.367539e-02;1.188034e-01;4.187474e-02
5.615077e-02;9.521130e-02;1.026013e-01;6.507216e-02;6.640808e-02;6.145922e-02;2.166535e-01;6.290440e-02;6.611127e-02;4.949513e-02;1.018716e-01;5.606134e-02
7.078449e-02;7.576244e-02;1.088531e-01;5.863162e-02;6.524688e-02;6.806773e-02;1.997520e-01;5.808510e-02;8.211697e-02;4.604801e-02;1.085148e-01;5.813681e-02
4.785924e-02;8.659280e-02;9.321354e-02;4.042504e-02;4.869352e-02;6.597264e-02;2.554120e-01;8.104488e-02;7.833179e-02;2.875794e-02;1.215623e-01;5.213425e-02
2.863365e-02;1.545848e-01;5.551684e-02;4.182069e-02;3.539277e-02;5.108063e-02;2.547991e-01;9.372921e-02;4.734585e-02;4.233311e-02;1.657183e-01;2.904502e-02
6.443533e-02;1.251857e-01;8.130806e-02;8.470354e-02;6.159860e-02;3.893175e-02;1.583661e-01;5.637612e-02;5.551918e-02;3.903316e-02;1.729023e-01;6.164014e-02
8.428210e-02;6.255312e-02;1.731216e-01;1.542480e-01;7.679579e-02;2.059184e-02;7.141761e-02;4.969296e-02;4.831689e-02;3.305256e-02;1.133272e-01;1.126003e-01
5.968486e-02;6.367779e-02;1.996052e-01;1.725930e-01;6.865274e-02;2.049785e-02;6.273613e-02;5.958913e-02;5.356587e-02;3.066969e-02;9.247290e-02;1.162548e-01
3.465256e-02;9.018365e-02;1.590298e-01;1.324210e-01;4.439947e-02;4.017805e-02;1.013230e-01;7.764556e-02;8.832760e-02;6.241379e-02;9.299543e-02;7.643004e-02
4.887661e-02;5.884088e-02;8.714699e-02;6.400394e-02;2.402315e-02;3.513244e-02;1.451409e-01;8.155139e-02;1.786565e-01;1.810105e-01;6.471935e-02;3.089733e-02
3.074868e-02;2.622544e-02;2.985126e-02;5.953739e-02;2.636208e-02;2.825096e-02;8.476983e-02;5.284235e-02;1.889715e-01;3.244856e-01;1.188341e-01;2.912084e-02
1.778618e-02;1.467122e-02;3.200653e-02;3.684904e-02;2.694176e-02;5.622089e-02;3.957831e-02;1.984301e-02;8.613878e-02;3.538013e-01;2.801984e-01;3.596461e-02
1.667284e-02;1.200915e-02;5.566018e-02;2.746825e-02;1.388079e-02;8.151536e-02;1.707948e-02;1.050015e-02;5.373274e-02;2.742734e-01;3.798795e-01;5.732822e-02
4.036075e-02;2.106071e-02;8.448513e-02;3.430119e-02;5.996734e-03;9.183088e-02;1.629772e-02;1.178822e-02;6.494771e-02;1.620809e-01;3.725751e-01;9.427497e-02
5.419434e-02;3.115586e-02;1.166214e-01;3.924538e-02;5.734979e-03;1.080515e-01;2.782905e-02;1.443440e-02;5.594751e-02;8.927578e-02;3.481981e-01;1.093117e-01
1.882442e-02;2.014101e-02;1.208385e-01;1.855752e-02;1.234427e-02;1.449060e-01;4.698438e-02;1.544815e-02;3.756033e-02;1.011930e-01;3.994330e-01;6.376945e-02
2.444128e-02;1.357719e-02;1.199063e-01;1.358393e-02;1.720694e-02;1.861743e-01;5.409317e-02;1.162982e-02;4.013933e-02;7.784875e-02;4.065899e-01;3.480902e-02
2.495436e-02;1.361441e-02;1.188700e-01;9.092332e-03;1.346609e-02;2.261006e-01;3.252813e-02;1.182982e-02;4.072537e-02;5.995372e-02;4.183161e-01;3.054906e-02
1.495882e-02;1.364469e-02;9.411272e-02;6.409861e-03;5.965454e-03;2.707217e-01;1.993271e-02;1.323779e-02;3.759113e-02;6.424300e-02;4.232641e-01;3.591800e-02
1.594920e-02;1.610779e-02;7.371932e-02;6.283066e-03;9.024947e-03;2.800691e-01;1.324517e-02;1.367945e-02;3.565092e-02;8.092409e-02;4.114623e-01;4.388462e-02
4.312860e-02;3.236458e-02;5.094294e-02;1.187765e-02;1.376727e-02;2.015390e-01;1.699957e-02;1.584715e-02;2.233462e-02;1.225957e-01;4.206071e-01;4.799587e-02
1.385422e-01;7.664240e-02;8.505916e-02;3.119173e-02;2.707258e-02;6.612656e-02;4.535333e-02;2.114560e-02;1.771888e-02;1.090513e-01;2.847297e-01;9.736663e-02
1.796726e-01;8.696172e-02;1.118960e-01;3.150899e-02;2.669125e-02;7.304857e-02;5.242350e-02;2.415645e-02;2.605287e-02;6.465263e-02;1.928513e-01;1.300842e-01
1.623434e-01;7.298934e-02;1.228680e-01;2.921052e-02;2.121464e-02;7.443415e-02;5.641447e-02;2.524909e-02;3.337957e-02;3.563962e-02;2.007112e-01;1.655460e-01
8.948640e-02;2.801517e-02;1.185522e-01;1.777864e-02;1.256227e-02;1.100802e-01;4.445541e-02;2.666812e-02;5.277457e-02;3.206246e-02;3.342126e-01;1.333519e-01
6.488124e-02;2.643462e-02;9.504153e-02;1.176662e-02;7.629593e-03;5.672216e-02;4.184704e-02;2.040527e-02;8.398592e-02;3.128655e-02;3.223232e-01;2.376762e-01
3.855021e-02;2.928876e-02;1.518872e-01;1.161940e-02;9.573121e-03;8.174288e-02;2.495155e-02;1.006770e-02;8.017598e-02;2.042525e-02;3.284311e-01;2.132868e-01
2.660264e-02;2.197243e-02;2.355448e-01;7.094472e-03;9.605283e-03;1.205889e-01;1.059172e-02;6.230902e-03;6.006275e-02;1.816556e-02;3.865916e-01;9.694896e-02
3.378276e-02;1.505845e-02;2.519812e-01;5.908044e-03;8.803090e-03;1.626599e-01;8.802371e-03;6.180469e-03;3.473005e-02;2.067852e-02;4.122418e-01;3.917339e-02
4.081043e-02;2.263029e-02;2.262283e-01;5.466017e-03;1.275840e-02;1.905437e-01;8.762818e-03;8.021066e-03;2.134090e-02;2.935723e-02;4.090795e-01;2.500139e-02
2.335868e-02;1.371226e-01;1.478179e-01;7.044933e-03;3.913415e-02;1.553658e-01;1.318330e-02;2.204140e-02;2.290786e-02;1.189616e-01;2.827873e-01;3.027441e-02
2.797468e-02;2.853389e-01;5.214750e-02;1.475187e-02;9.712699e-02;7.134131e-02;1.186487e-02;3.195076e-02;2.603159e-02;2.581686e-01;8.861630e-02;3.468671e-02
9.991037e-02;2.461437e-01;1.441141e-02;4.259913e-02;8.765763e-02;4.705553e-02;1.957174e-02;2.126674e-02;9.360197e-02;2.486234e-01;4.342766e-02;3.573062e-02
1.623438e-01;1.151699e-01;5.693728e-02;8.352833e-02;3.903662e-02;4.712949e-02;3.777145e-02;4.768338e-02;1.704880e-01;1.289956e-01;3.839033e-02;7.252593e-02
1.219807e-01;7.573247e-02;1.128989e-01;7.492892e-02;2.683079e-02;4.311898e-02;8.088683e-02;8.209062e-02;1.388453e-01;5.639566e-02;6.682257e-02;1.194683e-01
9.732581e-02;1.256458e-01;1.024257e-01;4.215437e-02;4.539969e-02;6.374421e-02;1.039785e-01;6.335574e-02;6.724178e-02;8.317286e-02;1.025500e-01;1.030055e-01
9.725795e-02;1.340476e-01;8.918715e-02;5.821680e-02;6.084064e-02;7.272034e-02;6.357756e-02;3.924891e-02;5.560859e-02;9.708926e-02;1.258529e-01;1.063524e-01
5.587994e-02;1.192363e-01;1.271993e-01;7.159813e-02;4.646382e-02;6.850610e-02;2.958508e-02;3.198136e-02;7.037510e-02;1.392702e-01;1.499484e-01;8.995618e-02
7.358474e-02;8.332671e-02;1.315804e-01;5.521316e-02;2.553375e-02;8.915973e-02;3.178930e-02;4.104045e-02;1.411984e-01;1.478454e-01;9.484735e-02;8.488058e-02
1.095122e-01;1.020227e-01;6.895294e-02;3.742294e-02;4.995685e-02;9.186152e-02;3.391510e-02;9.312375e-02;1.676254e-01;8.439731e-02;7.058521e-02;9.062421e-02
1.600367e-01;6.486239e-02;5.387350e-02;5.069042e-02;6.729776e-02;6.793873e-02;6.250962e-02;1.451531e-01;1.325045e-01;5.772394e-02;6.555597e-02;7.185329e-02
1.123377e-01;5.464041e-02;4.728524e-02;7.175874e-02;3.354159e-02;4.789517e-02;1.344788e-01;1.199582e-01;1.018448e-01;1.293615e-01;3.882021e-02;1.080776e-01
6.187730e-02;6.807791e-02;2.387593e-02;1.029926e-01;9.131851e-03;3.368058e-02;1.972925e-01;8.437892e-02;6.692649e-02;1.461381e-01;3.882695e-02;1.668009e-01
4.470177e-02;4.896610e-02;3.207043e-02;1.361419e-01;1.001011e-02;2.093987e-02;2.199754e-01;5.064792e-02;4.984017e-02;1.166433e-01;4.465290e-02;2.254102e-01
4.736224e-02;6.125796e-02;2.546761e-02;1.352781e-01;1.494658e-02;2.271553e-02;2.008504e-01;5.049517e-02;4.216720e-02;1.261947e-01;3.568635e-02;2.375782e-01
1.069833e-01;5.508862e-02;2.598584e-02;9.766281e-02;3.337411e-02;3.226995e-02;1.468331e-01;1.145507e-01;5.317913e-02;1.220736e-01;4.029641e-02;1.717024e-01
2.075886e-01;4.606409e-02;5.366135e-02;5.390363e-02;8.986703e-02;1.890850e-02;8.334961e-02;1.663091e-01;6.496617e-02;6.706245e-02;6.658426e-02;8.173528e-02
2.290626e-01;7.951201e-02;6.263241e-02;2.732397e-02;1.339537e-01;2.008112e-02;4.162785e-02;1.620369e-01;7.430091e-02;2.419615e-02;9.929558e-02;4.597681e-02
1.367635e-01;1.507343e-01;7.036812e-02;2.781443e-02;9.404847e-02;7.622977e-02;3.487820e-02;1.045632e-01;1.285888e-01;3.186890e-02;8.028628e-02;6.385611e-02
6.488679e-02;1.695618e-01;1.300418e-01;4.273187e-02;4.240693e-02;1.155643e-01;4.284934e-02;6.002614e-02;1.453688e-01;6.812445e-02;2.670186e-02;9.173595e-02
5.361920e-02;1.077534e-01;2.323358e-01;4.378505e-02;3.543366e-02;8.632734e-02;9.419566e-02;4.154678e-02;8.643465e-02;1.402501e-01;9.800294e-03;6.851808e-02
9.595586e-02;6.674871e-02;2.659517e-01;4.244170e-02;4.773526e-02;6.387902e-02;1.403383e-01;1.716832e-02;2.647583e-02;1.729536e-01;2.150635e-02;3.884538e-02
1.357864e-01;4.796936e-02;2.317821e-01;5.086073e-02;6.057834e-02;6.591085e-02;1.315884e-01;2.370520e-02;2.805187e-02;1.526586e-01;3.144366e-02;3.966456e-02
1.304930e-01;4.725213e-02;3.002228e-01;8.541478e-02;6.909033e-02;3.342730e-02;6.929957e-02;2.678009e-02;3.640115e-02;1.254688e-01;3.922521e-02;3.692484e-02
7.772793e-02;6.089217e-02;3.941441e-01;7.511067e-02;7.865802e-02;1.494993e-02;2.715826e-02;1.928328e-02;3.548643e-02;1.684800e-01;2.199739e-02;2.611179e-02
3.376541e-02;1.115559e-01;3.677358e-01;4.169492e-02;8.627965e-02;2.647068e-02;3.497434e-02;1.741291e-02;7.344581e-02;1.753034e-01;1.326609e-02;1.809511e-02
2.368577e-02;1.355491e-01;2.767990e-01;4.247786e-02;8.502814e-02;3.912928e-02;6.684971e-02;3.436368e-02;1.124810e-01;1.345262e-01;1.615999e-02;3.295022e-02
3.704742e-02;1.288273e-01;1.680591e-01;5.970431e-02;6.781509e-02;6.130581e-02;1.383024e-01;5.469454e-02;1.120177e-01;1.008694e-01;2.644977e-02;4.490711e-02
7.459944e-02;7.669599e-02;1.895950e-01;5.966398e-02;4.086002e-02;5.863870e-02;1.840603e-01;5.135273e-02;5.448876e-02;1.471322e-01;3.627424e-02;2.663868e-02
8.643741e-02;6.859016e-02;2.624734e-01;7.925299e-02;2.854072e-02;3.627824e-02;1.264296e-01;5.086109e-02;6.348795e-02;1.315118e-01;2.488193e-02;4.125464e-02
1.009478e-01;6.141722e-02;2.446637e-01;9.078553e-02;5.866651e-02;6.294904e-02;1.064285e-01;6.577884e-02;5.132056e-02;7.006957e-02;3.727309e-02;4.969972e-02
1.177239e-01;8.675867e-02;1.666061e-01;6.979496e-02;6.249031e-02;6.168787e-02;1.627860e-01;7.343277e-02;3.719198e-02;6.404065e-02;4.838243e-02;4.910435e-02
1.409909e-01;9.467427e-02;1.243049e-01;4.660867e-02;4.363847e-02;5.723140e-02;2.003775e-01;8.221230e-02;4.403510e-02;7.129500e-02;6.272343e-02;3.190812e-02
1.694526e-01;9.238948e-02;1.913082e-01;3.314009e-02;3.173566e-02;3.957659e-02;1.532879e-01;7.991163e-02;5.132720e-02;6.710029e-02;4.991940e-02;4.085096e-02
1.243295e-01;1.171731e-01;3.386951e-01;2.658151e-02;2.662301e-02;5.040385e-02;6.779882e-02;5.462278e-02;7.608137e-02;4.742649e-02;3.072032e-02;3.954414e-02
4.542712e-02;1.241496e-01;4.551592e-01;3.188452e-02;2.999539e-02;5.545452e-02;4.661823e-02;3.804089e-02;9.056987e-02;3.776782e-02;1.435285e-02;3.057999e-02
6.665225e-02;1.696364e-01;3.917959e-01;3.442340e-02;2.489911e-02;5.760938e-02;4.678920e-02;2.932998e-02;1.037692e-01;3.810760e-02;9.740295e-03;2.724732e-02
1.161653e-01;2.146904e-01;3.021853e-01;2.596563e-02;1.753786e-02;6.633082e-02;3.569604e-02;2.641555e-02;1.330883e-01;3.172870e-02;1.439064e-02;1.580543e-02
2.186998e-01;1.871276e-01;2.138718e-01;2.172319e-02;3.915808e-02;5.259335e-02;3.555749e-02;5.575847e-02;1.045697e-01;2.571959e-02;2.357723e-02;2.164361e-02
2.839973e-01;1.084546e-01;1.518468e-01;2.421857e-02;5.649856e-02;4.242632e-02;3.269460e-02;1.117654e-01;6.352565e-02;3.502574e-02;4.090141e-02;4.864518e-02
1.923561e-01;7.763150e-02;9.813295e-02;5.215237e-02;4.036685e-02;3.907289e-02;1.184386e-01;1.186511e-01;5.506483e-02;7.520797e-02;4.517894e-02;8.774596e-02
1.227999e-01;6.720955e-02;6.464184e-02;6.962610e-02;2.601282e-02;2.579806e-02;2.141893e-01;1.134134e-01;4.713735e-02;8.832361e-02;3.810072e-02;1.227474e-01
9.221165e-02;4.193284e-02;4.600023e-02;6.034952e-02;2.401501e-02;4.426693e-02;2.846562e-01;1.017850e-01;3.810433e-02;8.001282e-02;5.087708e-02;1.357884e-01
6.454486e-02;3.355045e-02;5.045370e-02;2.732479e-02;2.962591e-02;9.439190e-02;3.083683e-01;6.537791e-02;8.355875e-02;6.281450e-02;9.184978e-02;8.813918e-02
5.047985e-02;2.684496e-02;7.990748e-02;3.412472e-02;2.841823e-02;1.229934e-01;2.243202e-01;2.366278e-02;1.199318e-01;5.322983e-02;1.595616e-01;7.652521e-02
4.731962e-02;2.914755e-02;7.153082e-02;4.169337e-02;2.543037e-02;1.387337e-01;1.463835e-01;1.747834e-02;1.115416e-01;5.372067e-02;2.302759e-01;8.674461e-02
4.525699e-02;2.639481e-02;5.051680e-02;5.506951e-02;4.403073e-02;1.330905e-01;1.242979e-01;2.050893e-02;7.895215e-02;5.674658e-02;2.249919e-01;1.401433e-01
6.218873e-02;3.495946e-02;4.908561e-02;5.774750e-02;4.413624e-02;8.505071e-02;1.864735e-01;5.063196e-02;6.592672e-02;8.354773e-02;1.333408e-01;1.469111e-01
6.049086e-02;4.711515e-02;5.436636e-02;5.730063e-02;4.264762e-02;3.818061e-02;2.520189e-01;6.679042e-02;7.384622e-02;1.206582e-01;6.336851e-02;1.232166e-01
6.569453e-02;3.755131e-02;6.773721e-02;3.649407e-02;3.498219e-02;4.799617e-02;2.156467e-01;5.588440e-02;1.251948e-01;1.123324e-01;9.541306e-02;1.050732e-01
8.513937e-02;2.825482e-02;5.359484e-02;3.231833e-02;2.223223e-02;7.207852e-02;2.160639e-01;8.902327e-02;1.040071e-01;9.141294e-02;1.132790e-01;9.259576e-02
1.074418e-01;6.179500e-02;7.435919e-02;2.843489e-02;3.734208e-02;5.369490e-02;1.946190e-01;1.105218e-01;7.898261e-02;7.769143e-02;1.246315e-01;5.048589e-02
1.196006e-01;7.354978e-02;9.346233e-02;4.101272e-02;5.038192e-02;3.285348e-02;1.204054e-01;1.155034e-01;8.189999e-02;7.837479e-02;1.260874e-01;6.686822e-02
1.259572e-01;1.008652e-01;1.037343e-01;3.029275e-02;4.364973e-02;6.602597e-02;7.700809e-02;7.383770e-02;7.996296e-02;7.782197e-02;1.238871e-01;9.695693e-02
1.364592e-01;8.790089e-02;8.588155e-02;3.741612e-02;4.308436e-02;8.115990e-02;1.257826e-01;4.094469e-02;9.712145e-02;8.605797e-02;9.319697e-02;8.499439e-02
1.471961e-01;5.560026e-02;7.296181e-02;5.086447e-02;5.110557e-02;6.749316e-02;1.169573e-01;5.150367e-02;1.277165e-01;8.918542e-02;9.753010e-02;7.188573e-02
1.293919e-01;7.325161e-02;8.330627e-02;4.470442e-02;4.989840e-02;7.769205e-02;1.339923e-01;5.156277e-02;9.052608e-02;9.444379e-02;1.112317e-01;5.999871e-02
8.097932e-02;7.257549e-02;1.154421e-01;5.493860e-02;6.157938e-02;7.462239e-02;1.498595e-01;5.324125e-02;6.173914e-02;7.986710e-02;1.239983e-01;7.115741e-02
1.220336e-01;6.947432e-02;1.213470e-01;6.907374e-02;4.963018e-02;8.342777e-02;1.165364e-01;5.223886e-02;9.547135e-02;6.846944e-02;9.491154e-02;5.738584e-02
1.443052e-01;8.722857e-02;1.033531e-01;5.101710e-02;5.094056e-02;7.648845e-02;1.238173e-01;5.818562e-02;8.154882e-02;1.002833e-01;7.479222e-02;4.803965e-02
9.809393e-02;1.093311e-01;6.139675e-02;6.976141e-02;5.556143e-02;7.394531e-02;1.738697e-01;4.644018e-02;7.771611e-02;1.117771e-01;7.968572e-02;4.242126e-02
5.089011e-02;1.026994e-01;8.744158e-02;8.897108e-02;4.456005e-02;7.672136e-02;2.088744e-01;2.920169e-02;6.797437e-02;9.537666e-02;8.577510e-02;6.151424e-02
