2.655561e-02;9.892528e-02;2.095883e-01;1.078321e-01;9.041817e-02;1.102005e-01;1.383165e-01;5.506192e-02;5.987766e-02;7.089987e-02;1.408002e-02;1.824408e-02
2.798520e-02;7.748576e-02;1.996492e-01;1.315486e-01;9.074596e-02;9.167050e-02;1.387122e-01;7.856172e-02;6.871883e-02;6.439231e-02;2.167101e-02;8.858705e-03
3.575012e-02;6.257716e-02;1.358708e-01;1.516408e-01;1.116807e-01;1.197989e-01;8.637214e-02;1.109491e-01;1.119835e-01;3.333114e-02;2.496864e-02;1.507699e-02
3.653378e-02;1.144720e-01;1.436838e-01;1.337602e-01;1.143028e-01;1.090018e-01;3.327367e-02;9.648429e-02;1.129670e-01;6.510818e-02;2.593199e-02;1.448064e-02
2.981610e-02;1.393695e-01;2.510802e-01;8.710698e-02;8.695620e-02;6.180149e-02;5.151312e-02;5.924875e-02;6.983393e-02;1.377537e-01;1.440413e-02;1.111580e-02
3.846940e-02;1.046720e-01;3.399481e-01;2.908463e-02;5.178535e-02;2.876079e-02;8.361749e-02;3.156779e-02;3.170216e-02;2.013662e-01;3.377688e-02;2.524932e-02
3.676597e-02;6.523506e-02;3.585541e-01;5.154141e-02;1.981457e-02;2.889404e-02;9.797026e-02;2.686608e-02;3.653305e-02;2.214342e-01;3.683683e-02;1.955445e-02
2.113831e-02;1.107807e-01;3.660582e-01;4.990389e-02;1.429595e-02;4.382721e-02;9.332179e-02;2.585787e-02;4.360225e-02;1.903240e-01;3.621555e-02;4.674290e-03
1.464593e-02;1.906797e-01;3.699196e-01;3.356202e-02;2.930436e-02;8.985229e-02;6.040676e-02;2.306015e-02;3.011507e-02;1.275125e-01;2.676725e-02;4.174292e-03
2.127162e-02;2.357861e-01;3.810051e-01;4.969086e-02;5.564917e-02;1.109496e-01;2.057874e-02;1.477434e-02;2.024143e-02;6.803589e-02;1.423583e-02;7.781348e-03
4.603029e-02;1.844834e-01;3.456172e-01;8.468267e-02;6.349313e-02;1.128485e-01;3.887324e-02;2.421873e-02;1.730137e-02;2.924577e-02;3.375332e-02;1.945239e-02
9.368196e-02;1.288590e-01;2.959093e-01;8.003895e-02;3.631647e-02;1.000272e-01;7.675052e-02;4.689378e-02;2.717680e-02;4.697542e-02;3.490215e-02;3.246851e-02
1.107863e-01;1.790723e-01;2.936729e-01;5.870223e-02;2.908539e-02;5.104561e-02;8.583450e-02;4.942531e-02;4.407086e-02;5.152320e-02;2.783654e-02;1.894486e-02
6.209166e-02;1.891945e-01;3.766076e-01;4.463783e-02;4.278881e-02;1.030028e-01;5.006760e-02;2.108013e-02;3.565644e-02;5.221502e-02;9.080293e-03;1.357729e-02
3.490428e-02;2.155374e-01;3.985553e-01;3.225099e-02;3.740359e-02;9.475687e-02;4.436933e-02;2.100133e-02;2.463633e-02;6.807331e-02;7.753168e-03;2.075808e-02
4.230916e-02;2.033920e-01;4.157514e-01;1.666876e-02;3.042525e-02;6.626789e-02;6.790107e-02;2.991199e-02;3.237461e-02;5.354185e-02;2.245130e-02;1.900470e-02
2.670617e-02;1.380200e-01;3.521800e-01;7.431883e-02;3.998843e-02;1.140843e-01;6.789423e-02;3.918781e-02;2.933052e-02;6.663820e-02;2.740219e-02;2.424941e-02
1.787885e-02;1.249465e-01;2.619678e-01;1.008355e-01;6.665842e-02;1.192183e-01;8.090790e-02;4.985064e-02;3.708782e-02;7.429250e-02;2.795840e-02;3.839730e-02
2.480876e-02;1.076970e-01;2.097493e-01;1.143962e-01;6.116317e-02;8.918320e-02;7.887954e-02;7.124598e-02;6.381714e-02;6.684089e-02;5.449155e-02;5.772720e-02
3.335502e-02;5.735769e-02;1.731054e-01;1.056081e-01;6.018174e-02;1.586801e-01;7.962116e-02;8.965421e-02;7.512742e-02;4.921895e-02;4.687174e-02;7.121848e-02
2.983448e-02;9.489133e-02;1.993221e-01;6.489325e-02;4.413844e-02;1.610860e-01;1.007665e-01;7.880487e-02;5.800214e-02;8.192305e-02;2.684283e-02;5.949491e-02
2.481349e-02;1.645702e-01;2.825714e-01;4.607230e-02;3.853886e-02;9.554583e-02;9.057173e-02;6.949286e-02;5.457872e-02;6.933115e-02;2.601960e-02;3.789380e-02
2.520040e-02;2.191078e-01;3.812075e-01;4.402118e-02;3.085153e-02;6.716676e-02;5.674316e-02;7.210074e-02;4.373502e-02;2.944887e-02;1.705178e-02;1.336531e-02
2.667829e-02;2.387197e-01;4.471629e-01;2.491354e-02;3.217120e-02;4.612833e-02;2.693148e-02;6.723387e-02;3.019646e-02;3.642186e-02;1.468420e-02;8.758116e-03
2.700484e-02;2.132685e-01;4.352688e-01;2.660295e-02;3.788610e-02;5.310767e-02;2.406129e-02;7.480264e-02;2.966593e-02;5.925544e-02;1.056577e-02;8.510104e-03
2.717097e-02;2.176632e-01;3.923076e-01;3.267285e-02;2.214262e-02;7.377633e-02;1.777527e-02;1.103598e-01;3.419814e-02;5.348709e-02;1.033831e-02;8.107868e-03
2.854689e-02;2.457924e-01;3.294408e-01;3.441570e-02;1.406401e-02;1.154802e-01;1.619158e-02;9.684490e-02;5.987038e-02;3.996702e-02;1.046871e-02;8.917358e-03
3.253758e-02;2.545159e-01;2.990748e-01;4.230909e-02;2.177626e-02;1.237420e-01;3.615108e-02;5.613905e-02;8.070405e-02;2.790297e-02;1.297637e-02;1.217084e-02
3.327428e-02;2.199976e-01;3.098851e-01;3.457626e-02;2.561818e-02;1.025125e-01;5.777347e-02;4.767900e-02;6.660891e-02;7.370612e-02;1.537381e-02;1.299487e-02
2.531082e-02;1.699731e-01;3.331436e-01;4.725576e-02;2.914697e-02;8.560262e-02;5.899552e-02;6.923592e-02;6.796017e-02;8.331117e-02;1.820428e-02;1.186017e-02
3.572550e-02;1.685759e-01;2.861042e-01;4.725172e-02;2.957359e-02;1.031710e-01;6.265533e-02;8.596961e-02;9.254731e-02;6.195455e-02;1.123136e-02;1.523985e-02
3.407075e-02;1.071798e-01;2.574383e-01;3.860342e-02;3.322777e-02;1.481643e-01;7.675447e-02;1.040576e-01;1.062680e-01;5.775505e-02;1.521844e-02;2.126208e-02
3.838681e-02;1.635119e-01;2.723836e-01;1.990155e-02;3.935320e-02;1.052928e-01;6.951618e-02;1.254506e-01;8.344842e-02;5.164861e-02;1.195925e-02;1.914701e-02
3.930301e-02;2.357584e-01;2.664397e-01;1.393764e-02;4.395600e-02;5.293756e-02;1.179058e-01;1.037851e-01;3.862627e-02;6.138558e-02;1.329602e-02;1.266889e-02
4.695692e-02;2.656412e-01;2.309833e-01;1.473457e-02;6.365883e-02;4.370653e-02;1.632196e-01;6.870671e-02;2.603242e-02;5.413045e-02;1.387700e-02;8.352377e-03
6.047408e-02;2.334926e-01;2.404049e-01;1.054529e-02;9.852902e-02;3.857390e-02;1.310155e-01;9.909812e-02;2.688820e-02;4.448824e-02;9.547902e-03;6.942306e-03
7.954126e-02;2.221331e-01;2.674653e-01;2.274189e-02;9.353161e-02;3.830437e-02;4.961136e-02;1.430047e-01;2.433869e-02;3.897954e-02;7.947440e-03;1.240066e-02
1.075900e-01;1.914489e-01;2.666360e-01;3.273229e-02;6.823900e-02;3.117770e-02;2.976484e-02;1.774535e-01;2.469345e-02;3.486847e-02;1.031390e-02;2.508193e-02
1.122471e-01;2.574147e-01;2.120534e-01;2.522035e-02;3.135709e-02;3.726573e-02;4.938759e-02;1.417248e-01;3.579312e-02;4.687598e-02;1.799694e-02;3.266315e-02
1.053644e-01;1.824385e-01;1.663255e-01;4.260224e-02;2.050885e-02;3.816563e-02;1.305045e-01;9.376986e-02;5.512289e-02;9.079744e-02;1.679906e-02;5.760110e-02
8.283662e-02;1.313614e-01;1.429494e-01;5.750299e-02;1.985485e-02;5.332128e-02;2.279080e-01;5.109435e-02;4.251950e-02;7.627735e-02;1.606121e-02;9.831310e-02
5.727389e-02;9.077347e-02;1.367988e-01;5.743945e-02;2.203831e-02;6.152366e-02;3.087268e-01;3.672558e-02;3.079680e-02;4.231271e-02;2.764661e-02;1.279438e-01
4.355891e-02;8.513033e-02;1.439505e-01;4.537404e-02;3.569478e-02;5.052792e-02;3.466228e-01;3.245034e-02;3.301771e-02;3.420914e-02;2.105110e-02;1.284124e-01
3.168185e-02;8.620779e-02;9.910204e-02;5.393455e-02;3.540152e-02;6.902077e-02;3.727787e-01;4.773726e-02;3.798829e-02;3.893778e-02;1.721586e-02;1.099937e-01
2.575296e-02;8.983377e-02;1.002884e-01;3.613711e-02;2.326217e-02;9.585733e-02;3.623379e-01;5.270328e-02;4.392047e-02;3.651611e-02;2.748175e-02;1.059087e-01
3.566441e-02;1.377957e-01;1.363403e-01;1.885035e-02;1.883583e-02;8.999815e-02;2.690227e-01;8.137083e-02;7.036661e-02;4.050877e-02;1.977379e-02;8.147249e-02
6.112603e-02;1.209337e-01;1.509884e-01;2.037031e-02;1.708473e-02;7.703009e-02;2.164398e-01;1.071780e-01;8.795591e-02;6.099575e-02;2.737322e-02;5.252401e-02
8.683125e-02;2.525868e-01;2.053717e-01;1.915479e-02;1.151916e-02;4.031052e-02;1.138940e-01;1.178963e-01;6.868874e-02;4.661714e-02;1.510612e-02;2.202356e-02
1.120660e-01;2.772233e-01;2.178313e-01;1.448791e-02;1.346838e-02;4.508719e-02;4.726269e-02;1.312804e-01;5.002076e-02;3.295263e-02;1.262279e-02;4.569666e-02
1.307453e-01;2.589665e-01;1.886483e-01;1.723145e-02;2.048761e-02;5.000285e-02;3.447415e-02;1.516517e-01;3.904739e-02;2.478106e-02;2.141704e-02;6.254672e-02
1.440229e-01;2.838291e-01;1.246478e-01;2.026332e-02;1.839768e-02;5.822323e-02;2.894496e-02;1.873931e-01;3.084114e-02;2.241676e-02;2.109600e-02;5.992408e-02
1.130888e-01;2.367841e-01;2.283004e-01;1.502059e-02;1.534941e-02;3.231576e-02;7.215020e-02;1.865377e-01;2.774932e-02;2.304620e-02;1.569972e-02;3.395779e-02
1.046450e-01;2.493787e-01;2.098964e-01;1.310196e-02;2.262148e-02;3.771632e-02;7.863057e-02;1.883030e-01;2.176953e-02;2.087032e-02;1.355167e-02;3.951511e-02
1.058909e-01;2.075748e-01;1.481115e-01;2.434349e-02;5.805092e-02;8.082870e-02;7.737321e-02;1.908355e-01;2.389863e-02;1.538745e-02;1.625606e-02;5.144885e-02
8.106685e-02;2.007502e-01;1.428559e-01;5.103163e-02;7.499851e-02;9.218958e-02;7.308594e-02;1.782068e-01;3.214998e-02;1.773911e-02;1.310374e-02;4.282173e-02
1.109856e-01;1.852894e-01;8.779841e-02;7.440970e-02;6.207459e-02;7.048463e-02;6.593151e-02;2.374265e-01;3.003873e-02;2.312989e-02;1.219894e-02;4.023207e-02
1.765270e-01;1.541373e-01;7.359559e-02;7.035403e-02;4.551967e-02;2.931456e-02;4.018431e-02;3.195270e-01;2.283631e-02;1.629991e-02;1.111203e-02;4.059231e-02
2.029788e-01;1.584196e-01;7.520735e-02;2.616164e-02;5.165343e-02;2.302124e-02;4.201520e-02;3.226354e-01;1.904439e-02;1.101367e-02;1.028368e-02;5.756567e-02
2.178973e-01;1.320399e-01;8.687971e-02;1.289012e-02;5.234642e-02;1.909111e-02;2.947189e-02;3.435085e-01;2.180537e-02;1.002696e-02;1.030618e-02;6.373657e-02
1.961042e-01;1.824799e-01;1.062091e-01;9.847313e-03;4.195882e-02;2.123981e-02;4.273473e-02;3.136182e-01;2.134790e-02;1.120642e-02;1.114227e-02;4.211128e-02
1.857594e-01;1.614315e-01;8.214493e-02;1.505207e-02;7.104952e-02;3.438107e-02;4.972285e-02;2.966973e-01;2.493558e-02;1.580251e-02;1.847961e-02;4.454371e-02
1.983925e-01;1.134003e-01;7.329732e-02;2.091348e-02;8.327135e-02;4.205643e-02;4.146685e-02;2.811345e-01;4.518370e-02;1.977725e-02;2.726727e-02;5.383908e-02
1.945353e-01;1.808231e-01;1.385126e-01;1.904098e-02;5.165788e-02;3.794182e-02;3.841372e-02;2.104095e-01;5.387317e-02;1.616937e-02;1.525546e-02;4.336704e-02
2.131736e-01;2.473733e-01;1.418452e-01;1.605605e-02;3.049807e-02;4.671943e-02;2.683407e-02;1.492016e-01;5.800477e-02;1.857583e-02;9.940100e-03;4.177791e-02
2.228460e-01;2.939535e-01;1.111909e-01;1.029029e-02;2.747273e-02;3.406900e-02;2.708325e-02;1.584375e-01;3.619498e-02;2.325464e-02;1.245534e-02;4.275184e-02
1.742052e-01;2.927012e-01;1.672392e-01;9.536473e-03;3.195648e-02;3.681778e-02;3.140547e-02;1.396273e-01;4.519277e-02;2.091982e-02;1.037756e-02;4.002072e-02
1.153523e-01;2.733397e-01;1.967130e-01;1.941796e-02;3.705933e-02;4.263823e-02;4.180624e-02;1.425793e-01;6.052804e-02;2.173577e-02;1.521244e-02;3.361765e-02
5.965504e-02;2.037498e-01;1.288061e-01;3.553408e-02;3.734068e-02;8.512292e-02;1.181242e-01;1.350944e-01;6.348656e-02;3.960141e-02;3.187895e-02;6.160581e-02
5.430941e-02;1.556900e-01;1.066900e-01;4.231909e-02;2.681509e-02;1.001659e-01;1.745537e-01;1.014561e-01;4.150373e-02;6.165887e-02;4.271804e-02;9.212005e-02
4.613302e-02;1.017187e-01;1.199745e-01;4.445039e-02;2.710854e-02;1.359777e-01;1.622203e-01;9.737831e-02;5.429848e-02;6.830531e-02;4.537274e-02;9.706207e-02
3.368107e-02;4.903141e-02;1.497642e-01;5.028462e-02;4.634923e-02;1.595435e-01;1.107261e-01;1.337287e-01;8.378300e-02;5.661251e-02;5.529884e-02;7.119680e-02
4.184844e-02;9.897204e-02;2.013879e-01;5.593351e-02;5.848458e-02;1.195617e-01;5.485552e-02;1.506178e-01;8.122686e-02;2.755485e-02;6.516302e-02;4.439383e-02
7.330479e-02;1.004185e-01;1.482350e-01;6.472071e-02;5.351591e-02;7.249636e-02;1.057109e-01;1.149447e-01;9.098629e-02;4.126789e-02;6.106301e-02;7.333587e-02
1.080552e-01;7.058124e-02;9.752737e-02;6.276762e-02;3.696290e-02;1.047156e-01;1.207663e-01;9.139789e-02;1.026696e-01;6.248010e-02;7.306734e-02;6.900879e-02
1.011287e-01;1.077690e-01;1.141059e-01;4.067866e-02;4.205497e-02;9.737847e-02;1.052423e-01;9.505285e-02;1.069470e-01;5.513225e-02;7.651240e-02;5.799758e-02
7.468107e-02;1.458728e-01;1.398544e-01;4.314064e-02;4.662894e-02;7.212787e-02;1.222673e-01;1.117347e-01;8.101514e-02;4.138464e-02;5.344370e-02;6.784886e-02
5.964466e-02;1.036580e-01;1.473598e-01;5.005487e-02;7.275137e-02;7.870591e-02;1.320410e-01;1.469653e-01;6.298952e-02;3.759012e-02;3.325506e-02;7.498434e-02
8.493163e-02;1.296270e-01;1.300838e-01;5.756323e-02;7.146791e-02;6.717532e-02;1.058024e-01;1.517689e-01;5.490318e-02;3.488959e-02;2.942791e-02;8.235908e-02
1.075867e-01;1.291201e-01;8.539844e-02;5.372462e-02;6.232905e-02;5.325362e-02;1.221293e-01;1.491437e-01;6.288730e-02;3.840959e-02;4.199954e-02;9.401800e-02
9.971710e-02;1.853262e-01;1.369879e-01;3.058368e-02;8.121269e-02;4.068635e-02;1.047647e-01;1.237422e-01;5.675698e-02;4.275150e-02;3.762198e-02;5.984867e-02
1.010631e-01;1.914952e-01;1.664957e-01;2.661492e-02;7.567240e-02;4.857202e-02;8.418690e-02;1.166950e-01;6.004128e-02;4.596288e-02;2.260078e-02;6.059989e-02
9.391017e-02;1.149476e-01;1.357433e-01;3.377815e-02;6.485818e-02;6.849309e-02;1.033555e-01;1.506512e-01;7.375856e-02;4.857460e-02;2.655558e-02;8.537409e-02
6.612978e-02;9.094198e-02;1.395256e-01;4.668193e-02;5.801602e-02;8.399425e-02;1.182684e-01;1.578172e-01;7.030921e-02;3.322892e-02;4.121018e-02;9.387650e-02
2.996805e-02;1.089964e-01;1.758219e-01;2.626510e-02;7.542841e-02;5.805929e-02;1.280811e-01;1.582341e-01;6.534531e-02;3.935817e-02;4.173373e-02;9.270850e-02
3.244638e-02;1.334760e-01;2.149842e-01;4.164141e-02;6.923663e-02;2.951886e-02;8.513165e-02;1.626887e-01;7.634138e-02;3.914021e-02;3.965611e-02;7.573836e-02
4.946671e-02;1.204962e-01;1.863979e-01;3.433881e-02;6.845266e-02;6.861152e-02;5.618060e-02;1.561224e-01;1.141639e-01;4.252487e-02;4.134419e-02;6.190033e-02
7.765611e-02;1.297172e-01;1.348549e-01;3.064446e-02;4.473665e-02;8.506481e-02;5.151618e-02;1.386382e-01;1.356741e-01;5.516116e-02;4.105258e-02;7.528375e-02
1.064704e-01;1.195267e-01;1.497674e-01;2.455014e-02;3.657338e-02;8.139762e-02;3.032103e-02;1.399159e-01;1.273960e-01;5.573487e-02;4.238356e-02;8.596293e-02
1.239429e-01;2.160653e-01;1.675797e-01;2.136987e-02;3.839764e-02;4.594793e-02;3.761370e-02;1.102927e-01;9.267854e-02;4.023453e-02;2.686379e-02;7.901336e-02
1.290429e-01;2.575195e-01;1.599868e-01;1.449522e-02;3.020858e-02;5.852790e-02;6.567060e-02;9.159907e-02;5.945857e-02;3.090607e-02;2.971533e-02;7.286954e-02
1.359002e-01;2.534223e-01;1.815324e-01;1.535318e-02;2.981160e-02;5.816038e-02;6.461296e-02;9.799000e-02;4.573835e-02;2.041729e-02;3.218257e-02;6.487888e-02
1.227345e-01;2.575412e-01;1.876481e-01;4.704837e-02;2.699359e-02;6.447893e-02;4.119715e-02;7.879055e-02;5.488580e-02;4.012852e-02;4.545161e-02;3.310168e-02
9.395680e-02;1.850197e-01;1.072559e-01;7.264112e-02;6.256240e-02;7.029441e-02;4.781824e-02;1.209819e-01;7.542755e-02;6.373125e-02;5.751614e-02;4.279463e-02
7.276856e-02;2.286037e-01;1.538179e-01;7.114127e-02;3.654210e-02;6.484350e-02;1.076897e-01;1.201515e-01;4.631263e-02;4.288178e-02;2.024609e-02;3.500130e-02
6.297133e-02;2.240192e-01;1.219086e-01;9.164908e-02;2.096062e-02;7.455929e-02;1.798308e-01;9.375656e-02;2.022400e-02;2.973563e-02;1.267647e-02;6.770846e-02
4.761611e-02;1.656940e-01;7.507669e-02;1.008506e-01;2.101045e-02;1.039380e-01;2.424712e-01;9.712058e-02;2.724382e-02;2.161030e-02;1.646969e-02;8.089855e-02
4.119725e-02;8.465934e-02;6.966281e-02;6.891521e-02;3.326102e-02;1.547502e-01;2.478969e-01;1.059218e-01;5.990075e-02;2.290370e-02;4.511978e-02;6.581127e-02
5.320697e-02;7.060046e-02;1.252707e-01;2.350865e-02;4.991183e-02;1.618898e-01;1.778829e-01;1.040007e-01;9.625074e-02;3.432460e-02;5.923780e-02;4.391479e-02
6.010770e-02;1.315386e-01;1.708211e-01;3.007171e-02;4.725202e-02;1.237960e-01;1.471076e-01;9.590050e-02;8.540765e-02;3.553540e-02;3.228178e-02;4.017999e-02
4.806587e-02;1.412725e-01;1.496148e-01;3.201368e-02;2.908704e-02;1.843406e-01;1.539555e-01;9.372357e-02;5.312939e-02;2.423385e-02;4.979012e-02;4.077304e-02
7.670277e-02;9.696072e-02;1.640222e-01;2.493100e-02;4.044452e-02;2.320917e-01;1.309515e-01;5.102187e-02;5.519129e-02;2.342581e-02;6.784844e-02;3.640827e-02
8.149966e-02;6.695177e-02;2.215608e-01;1.185719e-02;3.170886e-02;2.971755e-01;8.334771e-02;2.777194e-02;4.731557e-02;2.724802e-02;7.533583e-02;2.822716e-02
7.854550e-02;3.995993e-02;2.409856e-01;1.265690e-02;1.265937e-02;3.391956e-01;8.258209e-02;2.814558e-02;3.205134e-02;2.830863e-02;8.076697e-02;2.414248e-02
8.132287e-02;2.326479e-02;1.899479e-01;1.460401e-02;3.075293e-02;3.518569e-01;9.155256e-02;3.769301e-02;4.142200e-02;3.028823e-02;8.473732e-02;2.255749e-02
8.353700e-02;4.454615e-02;1.260163e-01;2.735576e-02;5.095598e-02;3.126560e-01;6.964457e-02;5.653219e-02;7.381336e-02;3.590093e-02;9.017167e-02;2.887006e-02
7.179664e-02;7.756732e-02;1.061715e-01;3.950895e-02;5.353641e-02;1.927917e-01;8.366919e-02;1.036016e-01;1.186835e-01;5.564360e-02;7.063087e-02;2.639861e-02
5.160636e-02;9.387070e-02;8.953202e-02;3.436886e-02;5.172709e-02;2.448932e-01;1.032162e-01;1.149597e-01;1.103591e-01;4.504679e-02;4.138418e-02;1.903587e-02
5.529154e-02;7.350646e-02;7.373083e-02;2.652117e-02;1.422838e-02;4.253830e-01;1.059884e-01;8.377902e-02;7.013336e-02;2.511210e-02;3.451932e-02;1.180642e-02
5.075734e-02;8.068253e-02;1.273302e-01;1.768979e-02;3.123364e-02;4.370667e-01;1.014730e-01;4.574982e-02;4.195086e-02;1.432053e-02;2.446612e-02;2.727947e-02
4.032094e-02;1.155476e-01;1.484254e-01;1.805174e-02;2.823055e-02;3.543258e-01;1.106162e-01;6.628367e-02;4.081084e-02;1.557302e-02;3.009558e-02;3.171872e-02
4.126524e-02;1.203170e-01;1.389065e-01;2.095448e-02;5.102476e-02;2.861430e-01;1.076681e-01;7.116818e-02;4.741710e-02;2.538636e-02;5.130773e-02;3.844158e-02
4.207947e-02;1.186745e-01;9.648457e-02;3.254789e-02;4.843469e-02;2.152787e-01;1.450342e-01;8.928289e-02;5.875450e-02;2.953162e-02;6.911026e-02;5.478668e-02
3.164243e-02;1.320623e-01;1.073657e-01;2.919243e-02;1.064595e-02;3.181774e-01;1.241625e-01;7.729018e-02;5.341257e-02;2.301519e-02;4.992411e-02;4.310918e-02
3.421766e-02;1.167400e-01;1.170183e-01;1.242052e-02;3.541852e-02;3.950673e-01;1.010856e-01;6.414207e-02;4.448207e-02;2.172869e-02;2.709389e-02;3.058539e-02
6.284001e-02;8.334532e-02;7.461854e-02;1.678935e-02;4.198931e-02;4.231210e-01;9.276158e-02;7.390761e-02;3.857233e-02;1.326567e-02;2.887902e-02;4.991028e-02
6.940384e-02;9.274276e-02;9.166104e-02;3.695569e-02;5.365299e-02;2.599092e-01;9.768987e-02;1.051754e-01;5.150000e-02;2.487754e-02;6.037143e-02;5.606022e-02
6.586701e-02;1.255280e-01;1.238398e-01;5.856875e-02;7.549474e-02;1.185688e-01;1.146303e-01;9.791306e-02;6.002736e-02;3.923077e-02;6.665001e-02;5.368141e-02
6.082092e-02;9.385159e-02;1.241792e-01;8.926362e-02;6.103912e-02;1.410124e-01;1.254866e-01;7.459075e-02;7.203798e-02;3.866753e-02;4.442849e-02;7.462183e-02
5.490532e-02;1.321526e-01;1.422393e-01;1.130074e-01;4.681499e-02;1.076651e-01;1.334914e-01;9.015001e-02;5.252162e-02;2.111361e-02;1.575191e-02;9.018680e-02
5.318452e-02;1.172806e-01;1.100310e-01;1.265983e-01;2.697834e-02;1.078730e-01;2.035524e-01;7.273029e-02;4.512990e-02;1.001684e-02;2.705709e-02;9.956782e-02
3.668112e-02;5.393700e-02;6.664521e-02;1.048799e-01;2.662388e-02;1.645458e-01;2.791359e-01;4.046990e-02;5.840732e-02;1.441251e-02;6.785838e-02;8.640310e-02
2.542077e-02;2.950065e-02;6.513452e-02;4.036342e-02;2.668186e-02;2.545044e-01;2.517894e-01;3.415250e-02;9.742697e-02;1.966238e-02;1.059283e-01;4.943486e-02
3.060353e-02;3.582899e-02;6.286501e-02;1.221443e-02;2.352894e-02;3.228165e-01;1.403716e-01;4.176269e-02;1.319165e-01;3.246041e-02;1.349674e-01;3.066402e-02
4.159326e-02;2.029146e-02;4.677249e-02;1.796786e-02;4.225978e-02;3.338541e-01;6.114794e-02;4.324524e-02;1.398612e-01;5.537649e-02;1.712925e-01;2.633764e-02
5.166316e-02;2.566742e-02;2.857684e-02;3.295337e-02;6.919755e-02;2.675931e-01;1.130495e-01;6.575215e-02;1.105762e-01;5.469041e-02;1.610881e-01;1.919224e-02
3.990213e-02;4.959686e-02;3.636048e-02;4.993438e-02;8.542462e-02;2.376686e-01;1.200960e-01;1.088438e-01;1.052001e-01;4.618448e-02;8.537653e-02;3.541196e-02
3.943250e-02;6.803032e-02;7.056063e-02;3.635847e-02;6.751493e-02;2.926021e-01;1.003755e-01;9.909625e-02;9.878740e-02;3.603887e-02;4.764945e-02;4.355362e-02
4.728919e-02;5.989701e-02;7.161918e-02;2.534922e-02;3.318772e-02;3.308294e-01;1.300742e-01;7.326447e-02;7.318930e-02;3.363729e-02;7.041568e-02;5.124734e-02
5.345664e-02;4.491020e-02;6.767876e-02;1.980528e-02;1.611342e-02;3.593578e-01;1.024733e-01;6.066154e-02;9.306526e-02;3.176415e-02;1.098578e-01;4.085584e-02
6.456321e-02;3.789321e-02;7.747686e-02;1.714523e-02;3.592592e-02;3.651668e-01;4.085232e-02;5.814255e-02;1.059825e-01;3.520380e-02;1.351644e-01;2.648322e-02
7.612175e-02;5.367919e-02;8.032008e-02;3.213552e-02;3.738440e-02;2.752853e-01;1.023627e-01;6.461571e-02;1.061360e-01;3.650777e-02;1.110117e-01;2.443993e-02
7.883854e-02;8.295349e-02;7.109493e-02;3.684065e-02;3.705719e-02;2.150624e-01;1.236269e-01;1.073366e-01;9.883686e-02;4.645174e-02;7.115201e-02;3.074867e-02
5.068222e-02;7.259578e-02;6.057278e-02;4.122025e-02;3.976010e-02;2.642548e-01;9.591723e-02;1.353069e-01;1.177236e-01;4.626567e-02;4.777326e-02;2.792738e-02
2.927022e-02;4.823837e-02;5.203830e-02;3.607800e-02;1.713681e-02;3.571741e-01;1.069569e-01;1.218968e-01;1.351906e-01;4.677749e-02;2.846729e-02;2.077508e-02
2.573624e-02;4.877416e-02;4.333996e-02;2.817198e-02;3.663581e-02;3.935190e-01;1.056395e-01;8.868193e-02;1.168559e-01;4.844254e-02;3.518086e-02;2.902215e-02
3.439637e-02;4.483978e-02;3.886564e-02;2.047837e-02;4.828277e-02;3.105462e-01;9.491007e-02;1.110461e-01;1.307061e-01;5.004830e-02;7.126284e-02;4.461741e-02
4.703353e-02;4.517557e-02;4.085124e-02;3.503948e-02;6.242800e-02;1.865440e-01;1.420564e-01;1.387852e-01;1.310406e-01;4.110249e-02;8.662273e-02;4.332082e-02
4.198514e-02;3.951557e-02;4.504751e-02;3.810214e-02;6.485938e-02;2.794288e-01;1.510011e-01;1.040081e-01;1.116766e-01;3.151091e-02;5.679560e-02;3.606908e-02
4.613346e-02;6.073728e-02;7.080495e-02;2.764833e-02;7.882147e-02;2.743599e-01;1.148938e-01;9.172886e-02;1.284457e-01;3.132997e-02;4.506956e-02;3.002669e-02
6.492211e-02;8.352511e-02;8.285965e-02;3.407903e-02;7.535615e-02;1.104534e-01;1.024503e-01;1.360020e-01;1.882444e-01;3.880332e-02;4.704105e-02;3.626340e-02
5.203282e-02;7.182032e-02;4.106920e-02;4.696553e-02;5.014543e-02;1.556390e-01;1.187739e-01;1.339741e-01;2.023562e-01;4.640386e-02;2.822654e-02;5.259309e-02
3.816741e-02;7.559159e-02;8.902299e-02;3.636235e-02;3.207947e-02;1.901690e-01;1.080449e-01;1.005254e-01;1.768965e-01;6.370978e-02;3.778718e-02;5.164344e-02
4.046854e-02;1.058695e-01;1.332973e-01;3.391961e-02;4.337779e-02;1.289945e-01;6.610255e-02;1.095982e-01;1.561110e-01;9.156553e-02;4.566139e-02;4.503400e-02
5.623100e-02;9.276662e-02;1.291023e-01;7.379913e-02;5.500450e-02;8.794304e-02;9.764137e-02;1.041835e-01;1.229391e-01;8.955464e-02;4.534918e-02;4.548569e-02
6.481650e-02;8.820342e-02;1.054744e-01;9.878557e-02;7.366464e-02;1.284590e-01;9.597968e-02;9.457354e-02;9.372911e-02;8.023088e-02;4.394000e-02;3.214327e-02
6.244269e-02;9.908921e-02;9.842438e-02;9.071283e-02;6.197454e-02;1.431158e-01;5.809424e-02;9.186659e-02;1.013321e-01;9.002068e-02;6.218967e-02;4.073731e-02
5.196651e-02;9.551203e-02;7.829902e-02;6.543028e-02;3.693811e-02;1.231026e-01;1.362094e-01;7.695633e-02;1.079495e-01;8.311469e-02;7.887463e-02;6.564691e-02
6.377116e-02;6.331152e-02;1.150999e-01;7.233375e-02;2.894593e-02;1.522215e-01;1.364268e-01;9.851369e-02;9.972608e-02;6.034846e-02;6.001564e-02;4.928556e-02
5.945088e-02;1.407304e-01;1.575200e-01;4.947924e-02;4.839005e-02;1.919362e-01;6.190748e-02;9.672643e-02;4.827838e-02;3.360780e-02;6.364047e-02;4.833281e-02
5.948641e-02;1.303295e-01;1.478878e-01;3.526230e-02;4.909167e-02;2.055207e-01;6.203835e-02;7.271617e-02;7.379889e-02;2.230028e-02;9.421066e-02;4.735731e-02
5.428405e-02;9.495852e-02;8.875272e-02;4.560097e-02;5.918759e-02;2.142097e-01;7.276895e-02;6.633820e-02;8.087803e-02;5.725762e-02;1.227682e-01;4.299549e-02
2.606107e-02;5.725875e-02;2.982008e-02;6.385989e-02;1.315411e-01;1.663350e-01;5.117239e-02;7.590754e-02;1.104679e-01;1.243603e-01;9.925994e-02;6.395607e-02
1.268780e-02;3.675728e-02;3.112811e-02;6.203232e-02;1.658227e-01;1.321555e-01;2.299027e-02;9.851585e-02;1.703626e-01;1.386835e-01;4.613593e-02;8.272827e-02
3.271963e-02;2.486368e-02;4.680889e-02;7.913648e-02;1.260008e-01;1.111477e-01;3.938833e-02;1.266640e-01;2.326570e-01;9.099958e-02;2.457930e-02;6.503465e-02
6.649595e-02;1.632696e-02;5.847062e-02;1.006164e-01;6.616599e-02;6.622203e-02;5.110603e-02;1.842174e-01;2.850516e-01;4.313560e-02;3.417527e-02;2.801622e-02
9.271456e-02;2.330336e-02;4.322367e-02;9.624343e-02;3.739116e-02;4.924691e-02;4.960029e-02;2.175096e-01;3.029966e-01;2.713721e-02;4.824509e-02;1.238802e-02
9.410589e-02;2.054395e-02;4.860875e-02;8.473694e-02;3.194477e-02;6.896910e-02;5.218199e-02;2.224188e-01;2.968204e-01;2.714041e-02;4.033013e-02;1.219897e-02
7.228646e-02;2.283488e-02;4.625878e-02;6.720768e-02;3.348282e-02;1.013593e-01;4.799590e-02;2.129247e-01;3.117720e-01;3.346038e-02;2.568386e-02;2.473332e-02
4.099999e-02;4.920987e-02;3.236285e-02;5.785177e-02;5.719025e-02;9.534835e-02;4.632825e-02;1.476777e-01;3.389505e-01;6.431523e-02;2.155154e-02;4.821371e-02
3.365967e-02;5.282616e-02;4.690088e-02;4.526405e-02;6.776074e-02;1.040927e-01;7.244024e-02;1.452254e-01;3.004885e-01;6.939799e-02;2.358814e-02;3.835562e-02
4.549324e-02;3.161063e-02;4.390103e-02;4.446388e-02;6.416654e-02;1.296813e-01;8.784121e-02;1.675168e-01;2.687515e-01;5.534205e-02;3.339397e-02;2.783789e-02
4.007572e-02;3.582586e-02;4.402846e-02;5.531317e-02;5.031324e-02;1.772857e-01;7.195131e-02;1.866941e-01;2.261810e-01;3.508829e-02;4.630638e-02;3.093672e-02
2.481626e-02;6.622940e-02;7.089752e-02;4.828661e-02;6.357232e-02;2.218476e-01;6.990114e-02;1.828651e-01;1.540000e-01;2.224716e-02;4.515880e-02;3.017805e-02
2.612433e-02;8.760580e-02;9.586932e-02;2.640556e-02;4.578934e-02;2.049664e-01;7.690679e-02;2.306300e-01;1.076671e-01;2.565568e-02;4.092661e-02;3.145308e-02
2.808641e-02;6.771140e-02;9.192450e-02;3.883165e-02;6.028108e-02;6.452151e-02;8.189814e-02;3.049476e-01;1.664806e-01;3.018231e-02;2.814143e-02;3.699350e-02
2.193671e-02;2.257351e-02;6.293920e-02;5.151197e-02;8.790082e-02;7.968710e-02;5.318536e-02;2.964048e-01;2.334675e-01;2.605027e-02;3.282766e-02;3.151508e-02
2.559259e-02;3.821330e-02;5.736486e-02;3.654242e-02;8.345705e-02;8.963293e-02;2.655992e-02;2.783264e-01;2.651194e-01;2.636837e-02;3.641523e-02;3.640751e-02
2.012362e-02;3.729312e-02;5.514914e-02;4.191612e-02;7.376135e-02;1.143182e-01;2.633321e-02;2.688887e-01;2.484014e-01;3.470059e-02;3.729375e-02;4.182078e-02
3.025642e-02;4.224224e-02;7.339425e-02;9.157850e-02;7.609001e-02;1.109742e-01;3.240052e-02;2.677502e-01;1.791179e-01;3.759051e-02;2.620636e-02;3.239887e-02
4.085911e-02;4.221311e-02;1.020960e-01;9.527015e-02;4.902482e-02;1.116147e-01;2.275666e-02;2.666987e-01;1.831949e-01;3.556275e-02;2.384020e-02;2.686887e-02
3.031170e-02;2.708457e-02;1.088399e-01;7.734778e-02;2.971063e-02;1.090916e-01;2.601972e-02;3.014898e-01;2.267177e-01;2.567129e-02;1.847562e-02;1.923976e-02
1.520071e-02;3.463109e-02;1.221428e-01;7.130723e-02;2.308876e-02;1.033184e-01;2.000447e-02;3.352051e-01;2.287929e-01;1.619986e-02;1.335560e-02;1.675298e-02
1.156403e-02;2.505976e-02;1.413225e-01;6.314345e-02;2.041238e-02;9.274129e-02;1.859992e-02;3.431615e-01;2.193742e-01;1.617275e-02;1.371056e-02;3.473768e-02
1.559955e-02;2.465482e-02;1.717241e-01;6.676561e-02;2.052538e-02;6.037671e-02;1.698976e-02;3.346879e-01;2.013053e-01;1.490730e-02;1.231461e-02;6.014900e-02
1.011657e-02;2.646188e-02;1.866709e-01;8.820155e-02;1.480298e-02;4.962784e-02;2.494818e-02;3.236839e-01;1.649828e-01;1.605248e-02;1.098562e-02;8.346526e-02
8.131558e-03;3.003438e-02;2.070353e-01;1.025658e-01;1.448290e-02;4.335554e-02;2.320713e-02;3.048286e-01;1.448759e-01;1.327424e-02;1.003931e-02;9.816929e-02
5.563226e-03;3.012687e-02;2.529544e-01;1.125090e-01;2.494290e-02;4.431735e-02;1.373482e-02;2.769133e-01;1.145753e-01;1.182676e-02;8.458997e-03;1.040770e-01
1.201157e-02;3.853945e-02;2.953245e-01;1.042414e-01;2.053857e-02;3.617536e-02;1.454795e-02;2.611934e-01;9.190454e-02;9.098310e-03;7.183389e-03;1.092416e-01
6.383420e-03;4.037543e-02;3.376083e-01;7.812323e-02;2.008683e-02;2.964301e-02;3.079711e-02;2.681372e-01;6.586900e-02;9.219640e-03;7.154809e-03;1.066020e-01
3.519919e-03;5.283130e-02;3.581720e-01;3.367276e-02;1.882528e-02;3.975101e-02;2.528449e-02;2.983531e-01;5.784329e-02;7.314602e-03;7.460230e-03;9.697203e-02
1.463342e-02;6.397777e-02;3.327136e-01;1.066975e-02;6.386052e-03;3.089867e-02;1.747933e-02;3.359132e-01;6.966993e-02;7.895501e-03;1.266438e-02;9.709843e-02
1.922133e-02;7.520138e-02;2.726228e-01;1.934701e-02;5.105117e-03;5.161456e-02;2.069356e-02;3.443705e-01;6.763043e-02;6.985818e-03;2.275547e-02;9.445210e-02
1.333432e-02;8.483531e-02;2.351059e-01;1.956268e-02;1.257298e-02;4.568780e-02;2.508023e-02;3.435943e-01;6.525386e-02;1.096117e-02;6.173595e-02;8.227545e-02
8.245783e-03;9.207166e-02;2.298143e-01;2.801224e-02;1.587066e-02;4.914681e-02;3.634298e-02;3.140879e-01;6.346958e-02;1.588151e-02;9.092752e-02;5.612915e-02
7.373920e-03;1.007898e-01;2.647379e-01;2.185470e-02;5.924653e-03;4.349025e-02;6.850499e-02;3.289461e-01;4.473134e-02;2.334430e-02;6.211865e-02;2.818344e-02
6.086159e-03;9.273531e-02;2.553863e-01;1.544862e-02;5.791557e-03;5.213573e-02;1.027748e-01;3.300784e-01;8.691169e-02;1.796402e-02;1.040329e-02;2.428414e-02
8.288882e-03;8.893990e-02;2.265557e-01;2.410512e-02;1.342326e-02;6.476077e-02;7.513961e-02;3.256928e-01;1.213830e-01;1.426195e-02;1.156618e-02;2.588293e-02
1.707930e-02;7.088740e-02;2.251305e-01;2.190777e-02;1.771155e-02;4.868987e-02;2.966530e-02;3.493564e-01;1.595635e-01;2.482801e-02;1.389029e-02;2.129007e-02
2.771836e-02;4.965784e-02;1.910244e-01;2.041974e-02;2.295104e-02;4.171169e-02;2.285079e-02;3.474633e-01;1.498632e-01;2.774814e-02;3.987928e-02;5.871217e-02
3.017562e-02;4.285154e-02;1.397799e-01;3.950066e-02;2.320252e-02;4.882418e-02;2.199244e-02;3.595535e-01;1.969461e-01;2.635540e-02;2.659760e-02;4.422062e-02
2.830763e-02;9.534093e-02;1.448694e-01;3.375898e-02;2.416074e-02;1.167355e-01;2.217038e-02;2.859818e-01;1.508565e-01;4.452536e-02;3.170354e-02;2.158932e-02
3.752405e-02;1.402130e-01;1.431983e-01;4.215958e-02;4.715597e-02;1.401226e-01;3.247153e-02;1.651415e-01;8.854172e-02;7.039293e-02;5.044088e-02;4.263799e-02
3.735270e-02;1.577848e-01;1.374144e-01;4.631069e-02;6.121875e-02;1.177560e-01;4.599699e-02;1.125358e-01;8.250011e-02;8.540396e-02;5.442239e-02;6.130339e-02
6.011357e-02;1.299904e-01;1.275412e-01;3.411067e-02;5.077484e-02;7.358492e-02;9.516602e-02;1.088594e-01;8.849166e-02;7.450291e-02;6.799445e-02;8.887006e-02
5.963293e-02;7.388685e-02;9.106548e-02;4.580135e-02;3.464775e-02;1.419858e-01;1.335507e-01;1.186501e-01;9.133995e-02;7.430959e-02;7.440389e-02;6.072561e-02
