7.317281e-02;7.201651e-02;8.377114e-02;2.545336e-01;1.085734e-01;1.208257e-01;6.858145e-02;7.478859e-02;5.030643e-02;3.732695e-02;2.905316e-02;2.705037e-02
6.902466e-02;4.800372e-02;1.007240e-01;3.304362e-01;1.235005e-01;6.450889e-02;6.947054e-02;8.297960e-02;3.541652e-02;3.318380e-02;2.538038e-02;1.737123e-02
8.785799e-02;3.262528e-02;7.857554e-02;4.051985e-01;7.970376e-02;4.700175e-02;6.581017e-02;7.461337e-02;6.283209e-02;3.218637e-02;1.918090e-02;1.441431e-02
1.472842e-01;1.800633e-02;4.970159e-02;4.250415e-01;2.123512e-02;2.597767e-02;8.725950e-02;5.865221e-02;1.049048e-01;3.859088e-02;1.864808e-02;4.698115e-03
2.124916e-01;1.058147e-02;2.196832e-02;2.650004e-01;4.282844e-02;2.560380e-02;1.379839e-01;4.305420e-02;1.308593e-01;4.969928e-02;2.899826e-02;3.093101e-02
1.969267e-01;3.454734e-02;3.425015e-02;8.518530e-02;1.115845e-01;4.208566e-02;1.114559e-01;4.551431e-02;1.279926e-01;8.847512e-02;5.952955e-02;6.245282e-02
9.499384e-02;5.978315e-02;2.214002e-02;1.629855e-01;1.238969e-01;4.405597e-02;5.683498e-02;6.599319e-02;1.036284e-01;1.188832e-01;1.007078e-01;4.609704e-02
4.221942e-02;7.727043e-02;1.911947e-02;1.532136e-01;9.857336e-02;3.868740e-02;6.805080e-02;1.169958e-01;1.013619e-01;1.005585e-01;1.517205e-01;3.222872e-02
1.143664e-01;7.737277e-02;3.162388e-02;1.224481e-01;2.960619e-02;6.408501e-02;9.985782e-02;1.623294e-01;7.833455e-02;5.869233e-02;1.391445e-01;2.213909e-02
1.797057e-01;6.942178e-02;2.950674e-02;1.007814e-01;6.598061e-02;6.538901e-02;9.906103e-02;9.098602e-02;6.070120e-02;4.869222e-02;1.684898e-01;2.128457e-02
2.059010e-01;4.230673e-02;1.557527e-02;6.147415e-02;7.101300e-02;4.966209e-02;9.038318e-02;4.959984e-02;6.381134e-02;8.012513e-02;2.410769e-01;2.907140e-02
1.960909e-01;4.778397e-02;1.077317e-02;7.543054e-02;6.368113e-02;3.161801e-02;9.100129e-02;7.292982e-02;6.266358e-02;9.263901e-02;2.299524e-01;2.543610e-02
1.753865e-01;6.203485e-02;1.726582e-02;1.269465e-01;7.103323e-02;2.321952e-02;1.370200e-01;7.185867e-02;4.230943e-02;8.490083e-02;1.636494e-01;2.437536e-02
2.076816e-01;8.965974e-02;5.678679e-02;8.173093e-02;5.844638e-02;2.021105e-02;1.272926e-01;4.572486e-02;5.700573e-02;8.223128e-02;1.432466e-01;2.998247e-02
1.951430e-01;8.000121e-02;5.857531e-02;3.171210e-02;2.134278e-02;1.886005e-02;7.095585e-02;3.658970e-02;3.171274e-02;5.163714e-02;3.610007e-01;4.246932e-02
3.154325e-01;1.253405e-01;3.997301e-02;3.528075e-02;1.187968e-02;1.482239e-02;4.509671e-02;4.207515e-02;9.464393e-03;2.289886e-02;2.978693e-01;3.986676e-02
3.904102e-01;1.969361e-01;2.280799e-02;2.846905e-02;3.244102e-02;1.557894e-02;3.716679e-02;5.765371e-02;1.215591e-02;1.074749e-02;1.638430e-01;3.178983e-02
3.603468e-01;3.040214e-01;2.259338e-02;1.326127e-02;4.764861e-02;3.871523e-02;2.659196e-02;5.591785e-02;3.602900e-02;1.354977e-02;6.349544e-02;1.782930e-02
2.425837e-01;3.932768e-01;4.252002e-02;2.004143e-02;2.745968e-02;8.745821e-02;3.085479e-02;2.745421e-02;6.973784e-02;3.170313e-02;1.981891e-02;7.091285e-03
1.247286e-01;3.585731e-01;1.075421e-01;1.761817e-02;6.202943e-03;8.769164e-02;8.247798e-02;3.027432e-02;6.768288e-02;6.929009e-02;3.776338e-02;1.015483e-02
4.198814e-02;2.477690e-01;1.804712e-01;2.618086e-02;1.556317e-02;3.382087e-02;1.865286e-01;6.961542e-02;3.908016e-02;9.672112e-02;5.668252e-02;5.579094e-03
4.656582e-02;1.169355e-01;1.541347e-01;6.390400e-02;1.568091e-02;1.541573e-02;1.923037e-01;1.643637e-01;2.802333e-02;6.741968e-02;1.316286e-01;3.624442e-03
4.962594e-02;6.106804e-02;8.148675e-02;1.642962e-01;1.576008e-02;2.029037e-02;8.464551e-02;2.293218e-01;2.521267e-02;3.029284e-02;2.254744e-01;1.252537e-02
3.186151e-02;6.433692e-02;4.801867e-02;2.520969e-01;1.480977e-02;1.825631e-02;2.621749e-02;2.127658e-01;1.836739e-02;1.413382e-02;2.754260e-01;2.370947e-02
1.609691e-02;9.086062e-02;2.576563e-02;2.322201e-01;3.810568e-02;2.384991e-02;2.861618e-02;1.875264e-01;1.337537e-02;2.037966e-02;2.616822e-01;6.152142e-02
3.287153e-02;1.548990e-01;3.690917e-02;1.331428e-01;8.720645e-02;2.587671e-02;4.328503e-02;1.326301e-01;1.265288e-02;2.951898e-02;1.818470e-01;1.291603e-01
8.379777e-02;1.950105e-01;5.419909e-02;1.491820e-01;7.138053e-02;1.859893e-02;5.509197e-02;1.010656e-01;1.547317e-02;2.662920e-02;1.304765e-01;9.909469e-02
1.355700e-01;2.300588e-01;4.396365e-02;1.067593e-01;5.522973e-02;2.649087e-02;7.743748e-02;9.070060e-02;1.573699e-02;3.633813e-02;1.311500e-01;5.056441e-02
1.240291e-01;1.831171e-01;9.033660e-02;5.932723e-02;6.188228e-02;3.869027e-02;1.020591e-01;6.213957e-02;3.884836e-02;8.589774e-02;1.250040e-01;2.866863e-02
9.046855e-02;9.140757e-02;1.344816e-01;1.357546e-01;5.544356e-02;3.484913e-02;9.232884e-02;5.951338e-02;3.369793e-02;1.177752e-01;1.317686e-01;2.251109e-02
6.533850e-02;1.518686e-01;1.603304e-01;1.400404e-01;4.172848e-02;1.609311e-02;8.235992e-02;4.607035e-02;2.384423e-02;1.394252e-01;1.191741e-01;1.372669e-02
1.144084e-01;3.187667e-01;1.468341e-01;4.483182e-02;3.187801e-02;4.764843e-02;6.071831e-02;2.351876e-02;2.645340e-02;1.227070e-01;4.870245e-02;1.353257e-02
2.009306e-01;3.608630e-01;7.521253e-02;4.781668e-02;5.219730e-02;6.552182e-02;3.947538e-02;1.894900e-02;3.174187e-02;6.023727e-02;3.233775e-02;1.471683e-02
2.769668e-01;3.069600e-01;2.707698e-02;6.350437e-02;7.334591e-02;5.229052e-02;3.466436e-02;2.939420e-02;2.751127e-02;2.574931e-02;7.101979e-02;1.151649e-02
3.430883e-01;2.462518e-01;1.520048e-02;4.599118e-02;8.095388e-02;2.510262e-02;4.308067e-02;3.162643e-02;2.227306e-02;2.790941e-02;1.006194e-01;1.790275e-02
3.135624e-01;2.198454e-01;4.781390e-02;6.236990e-02;6.622011e-02;4.035187e-02;4.782245e-02;2.628954e-02;1.987938e-02;5.258759e-02;6.013384e-02;4.312357e-02
2.187122e-01;1.500746e-01;4.074426e-02;7.615549e-02;8.682811e-02;3.496258e-02;6.097122e-02;3.948186e-02;2.999494e-02;7.340762e-02;1.593357e-01;2.933138e-02
2.423101e-01;9.216547e-02;4.551866e-02;4.621824e-02;1.091902e-01;2.487960e-02;1.244183e-01;5.575562e-02;3.699064e-02;6.814454e-02;1.328217e-01;2.158687e-02
1.388051e-01;1.285337e-01;7.094346e-02;2.219005e-02;8.950538e-02;5.845235e-02;1.547196e-01;9.041949e-02;3.726104e-02;5.821130e-02;1.152596e-01;3.569889e-02
2.020038e-01;9.716769e-02;6.208500e-02;2.100556e-02;7.099611e-02;6.224513e-02;1.149078e-01;8.768132e-02;3.148836e-02;5.207234e-02;1.529081e-01;4.543869e-02
3.807012e-01;1.043682e-01;2.548658e-02;1.602981e-02;3.043208e-02;4.178773e-02;9.588707e-02;6.905191e-02;1.870897e-02;2.957659e-02;1.149402e-01;7.302961e-02
4.807493e-01;8.921708e-02;1.396542e-02;1.184612e-02;9.158503e-03;1.872979e-02;5.835540e-02;5.758541e-02;1.719530e-02;1.580521e-02;1.239801e-01;1.034124e-01
5.420376e-01;7.796096e-02;8.921968e-03;1.338773e-02;4.406808e-03;7.858826e-03;3.663890e-02;4.064796e-02;1.001265e-02;1.216190e-02;1.397828e-01;1.061818e-01
5.826414e-01;8.508322e-02;4.489990e-03;1.102953e-02;4.486501e-03;6.244162e-03;3.351526e-02;3.738492e-02;4.572812e-03;9.588848e-03;1.277084e-01;9.325498e-02
4.485675e-01;6.076748e-02;3.162935e-03;1.235502e-02;3.282800e-03;4.569489e-03;4.021766e-02;3.880385e-02;4.551198e-03;1.261124e-02;2.999290e-01;7.118186e-02
2.493845e-01;4.236424e-02;5.768362e-03;8.952141e-03;6.309514e-03;7.630562e-03;4.585160e-02;4.949808e-02;7.039924e-03;1.881030e-02;5.124086e-01;4.598211e-02
5.966440e-02;6.919573e-02;7.999659e-03;1.167639e-02;1.474884e-02;1.735794e-02;5.738631e-02;5.493465e-02;1.111035e-02;2.954169e-02;6.397147e-01;2.666939e-02
3.261155e-01;1.072762e-01;9.116823e-03;9.980646e-03;1.390615e-02;1.412029e-02;6.894504e-02;6.260844e-02;9.393744e-03;2.351220e-02;3.349765e-01;2.004848e-02
3.735878e-01;4.762427e-02;8.356312e-03;9.265956e-03;6.827569e-03;1.243173e-02;1.241906e-01;7.739627e-02;7.797749e-03;1.364332e-02;2.859490e-01;3.292942e-02
2.610905e-01;5.052364e-02;1.117889e-02;9.231846e-03;9.985056e-03;1.552374e-02;9.838353e-02;5.408760e-02;7.257281e-03;1.544482e-02;4.178662e-01;4.942684e-02
3.008269e-01;5.532705e-02;7.885654e-03;1.045686e-02;1.391420e-02;1.041901e-02;4.141240e-02;1.798858e-02;7.204645e-03;1.909863e-02;4.709882e-01;4.447789e-02
2.136852e-01;7.203681e-02;3.525619e-02;2.999123e-02;2.789442e-02;2.909973e-02;6.586606e-02;8.756882e-02;2.320816e-02;3.263896e-02;3.567130e-01;2.604144e-02
1.281273e-01;1.345566e-01;6.850439e-02;6.387183e-02;3.829790e-02;5.164788e-02;1.196449e-01;1.233178e-01;3.336406e-02;4.508192e-02;1.581648e-01;3.542062e-02
1.557780e-01;1.487812e-01;7.633706e-02;7.872769e-02;6.003950e-02;5.011690e-02;1.253241e-01;1.082224e-01;2.758769e-02;4.555697e-02;8.516739e-02;3.836113e-02
7.979599e-02;1.458940e-01;7.676703e-02;1.068724e-01;9.093644e-02;5.812237e-02;1.396968e-01;1.051036e-01;2.416216e-02;5.565752e-02;7.624833e-02;4.074333e-02
3.121105e-01;1.456706e-01;4.966250e-02;4.383323e-02;8.096022e-02;4.302524e-02;7.021771e-02;7.370614e-02;1.433571e-02;3.190369e-02;7.662326e-02;5.795129e-02
3.825249e-01;1.960161e-01;2.105653e-02;1.332291e-02;1.508637e-01;5.392776e-02;2.763347e-02;6.637296e-02;9.136124e-03;8.124994e-03;3.719243e-02;3.382817e-02
3.566259e-01;1.936219e-01;1.523665e-02;9.795548e-03;1.595372e-01;7.971971e-02;2.512698e-02;1.023994e-01;1.009890e-02;5.977621e-03;3.187444e-02;9.985747e-03
3.486415e-01;1.500045e-01;1.656332e-02;1.599762e-02;1.201138e-01;8.153662e-02;4.944090e-02;1.661464e-01;1.342723e-02;7.176354e-03;2.505117e-02;5.900468e-03
3.247269e-01;7.190290e-02;1.523984e-02;4.069726e-02;5.729789e-02;5.436029e-02;8.541873e-02;2.195336e-01;2.222955e-02;2.425966e-02;6.610429e-02;1.822904e-02
2.392519e-01;7.912467e-02;1.900104e-02;5.908364e-02;6.411757e-02;4.799592e-02;8.741887e-02;1.789878e-01;2.369455e-02;4.453163e-02;1.355153e-01;2.127713e-02
2.233609e-01;4.882119e-02;4.172068e-02;5.307591e-02;7.418152e-02;4.662029e-02;7.650889e-02;1.559927e-01;2.843399e-02;5.098367e-02;1.573933e-01;4.290697e-02
1.545810e-01;6.149193e-02;2.450616e-02;7.553113e-02;4.133730e-02;2.965287e-02;1.990462e-01;1.794579e-01;3.286064e-02;4.524209e-02;6.099366e-02;9.529907e-02
7.519436e-02;5.817302e-02;2.463923e-02;8.381507e-02;4.376980e-02;3.585080e-02;2.495627e-01;1.607949e-01;2.965004e-02;4.005156e-02;8.585010e-02;1.126485e-01
5.477577e-02;4.053901e-02;6.486626e-02;5.845378e-02;6.728558e-02;8.808013e-02;1.853622e-01;1.033162e-01;4.526312e-02;2.628163e-02;1.707085e-01;9.506786e-02
8.976418e-02;2.872723e-02;9.860253e-02;4.553256e-02;9.646029e-02;1.274283e-01;5.822410e-02;7.381854e-02;5.215105e-02;2.261077e-02;2.439204e-01;6.276003e-02
9.735742e-02;2.763110e-02;8.322426e-02;3.338763e-02;1.078888e-01;9.343429e-02;1.333293e-01;8.623102e-02;4.847530e-02;2.880473e-02;2.116544e-01;4.858175e-02
1.146566e-01;3.760959e-02;5.248431e-02;3.674991e-02;1.038070e-01;4.661562e-02;1.808823e-01;1.187085e-01;6.468223e-02;4.606381e-02;1.418481e-01;5.589195e-02
1.107988e-01;5.623125e-02;3.813007e-02;3.327819e-02;6.935928e-02;1.133458e-01;1.238478e-01;1.279946e-01;8.953171e-02;6.281600e-02;1.221760e-01;5.249040e-02
1.249108e-01;3.597488e-02;4.376912e-02;2.522329e-02;7.180962e-02;1.251269e-01;1.743681e-01;7.625154e-02;6.184259e-02;5.921590e-02;1.603430e-01;4.116422e-02
1.155957e-01;3.901113e-02;4.297741e-02;2.704714e-02;7.794500e-02;1.316511e-01;1.912817e-01;4.910154e-02;2.947192e-02;4.536493e-02;2.022106e-01;4.834192e-02
1.391775e-01;6.408510e-02;3.410771e-02;2.593370e-02;5.434817e-02;1.192606e-01;1.131719e-01;3.880854e-02;6.203689e-02;7.252926e-02;1.840838e-01;9.245678e-02
1.098687e-01;9.802061e-02;7.969245e-02;4.375518e-02;1.513893e-02;9.407480e-02;6.431480e-02;6.744398e-02;9.028406e-02;1.039633e-01;8.419058e-02;1.492526e-01
1.497538e-01;1.157321e-01;8.464069e-02;3.896156e-02;2.246314e-02;1.060406e-01;8.605523e-02;6.626865e-02;7.251496e-02;8.892382e-02;3.427906e-02;1.343665e-01
2.009728e-01;1.481835e-01;5.095687e-02;3.678532e-02;3.568676e-02;8.749347e-02;1.027601e-01;7.409631e-02;4.900468e-02;6.219506e-02;7.098019e-02;8.088508e-02
2.813065e-01;1.794789e-01;2.487263e-02;4.902583e-02;4.032759e-02;3.622571e-02;9.852976e-02;9.211889e-02;3.014524e-02;5.298636e-02;6.354034e-02;5.144217e-02
3.501021e-01;1.506267e-01;1.353676e-02;4.384321e-02;3.675592e-02;1.476927e-02;1.037022e-01;1.291354e-01;2.047881e-02;6.901138e-02;2.522831e-02;4.280999e-02
3.084934e-01;8.845716e-02;8.822737e-03;3.411018e-02;3.094169e-02;2.604482e-02;1.266686e-01;1.380325e-01;1.608394e-02;7.221784e-02;9.725250e-02;5.287465e-02
1.961433e-01;5.896451e-02;1.707245e-02;3.105266e-02;3.248674e-02;5.358236e-02;1.586047e-01;1.459942e-01;1.144091e-02;6.252947e-02;1.769467e-01;5.518196e-02
1.292785e-01;7.451006e-02;3.169707e-02;3.436367e-02;4.226064e-02;9.627200e-02;1.655265e-01;1.543868e-01;1.616886e-02;5.621986e-02;1.587482e-01;4.056782e-02
2.195202e-01;2.511328e-02;3.800764e-02;2.950635e-02;4.641136e-02;1.088549e-01;1.204809e-01;9.825223e-02;1.791695e-02;3.879820e-02;2.400609e-01;1.707705e-02
2.236835e-01;6.235923e-02;3.604271e-02;1.641325e-02;3.995418e-02;7.405663e-02;6.719804e-02;5.269206e-02;1.785231e-02;3.338176e-02;3.584021e-01;1.796420e-02
1.617137e-01;4.693950e-02;3.400549e-02;7.685408e-03;3.114006e-02;1.279670e-01;3.945687e-02;3.262737e-02;1.795030e-02;3.682195e-02;4.500302e-01;1.366218e-02
1.583132e-01;2.851045e-02;2.945801e-02;1.298362e-02;1.200321e-02;1.617010e-01;3.280091e-02;2.261658e-02;9.558013e-03;3.493447e-02;4.870855e-01;1.003508e-02
1.261089e-01;2.193007e-02;1.787864e-02;1.604097e-02;9.804456e-03;1.597815e-01;4.640357e-02;2.462694e-02;1.126416e-02;4.474998e-02;5.109491e-01;1.046172e-02
9.691988e-02;1.917959e-02;1.267764e-02;1.587935e-02;1.785236e-02;1.149603e-01;4.173093e-02;5.303448e-02;1.602731e-02;5.118095e-02;5.531434e-01;7.413900e-03
6.254894e-02;2.863054e-02;1.469707e-02;3.080502e-02;4.315442e-02;7.064535e-02;5.430131e-02;1.005850e-01;2.189607e-02;5.566496e-02;5.109122e-01;6.159099e-03
4.231297e-02;2.668707e-02;1.408098e-02;2.617391e-02;7.392482e-02;4.016582e-02;6.362691e-02;1.109197e-01;3.064987e-02;7.005374e-02;4.925559e-01;8.848411e-03
3.447651e-02;2.740673e-02;3.890324e-02;2.093264e-02;8.703988e-02;4.941140e-02;8.502448e-02;9.596877e-02;3.882707e-02;7.907395e-02;4.338982e-01;9.037053e-03
4.729591e-02;2.120311e-02;6.950063e-02;5.558763e-02;5.298850e-02;5.850663e-02;1.371555e-01;2.310576e-01;3.598725e-02;5.512646e-02;2.304724e-01;5.118346e-03
4.857842e-02;3.891481e-02;7.448571e-02;7.651881e-02;6.082431e-02;4.737433e-02;1.841816e-01;3.133571e-01;3.508185e-02;3.308774e-02;7.966053e-02;7.934832e-03
4.202691e-02;5.433466e-02;9.140085e-02;3.587946e-02;5.964908e-02;3.829080e-02;2.324134e-01;3.055314e-01;2.733382e-02;1.719226e-02;8.338282e-02;1.256461e-02
7.434734e-02;6.614741e-02;8.485334e-02;2.185622e-02;4.369823e-02;4.189286e-02;2.995017e-01;2.355003e-01;1.532069e-02;1.878325e-02;8.613016e-02;1.196857e-02
9.293462e-02;6.896149e-02;6.884708e-02;2.397053e-02;2.737728e-02;4.825929e-02;2.915574e-01;2.006664e-01;2.028011e-02;2.935354e-02;1.147529e-01;1.303943e-02
9.875672e-02;5.899516e-02;8.175854e-02;5.931598e-02;2.537864e-02;6.199628e-02;2.006938e-01;2.112145e-01;3.179181e-02;3.550769e-02;1.173425e-01;1.724842e-02
6.061421e-02;6.347629e-02;7.711565e-02;7.767159e-02;6.281940e-02;9.238502e-02;1.789665e-01;1.720156e-01;3.499206e-02;4.332921e-02;1.018063e-01;3.480806e-02
7.153784e-02;7.878397e-02;5.973409e-02;7.378466e-02;1.034555e-01;1.012859e-01;2.007442e-01;9.438268e-02;3.163397e-02;4.560541e-02;1.055795e-01;3.347226e-02
9.391532e-02;8.346191e-02;7.649112e-02;1.045659e-01;1.050942e-01;7.632589e-02;1.421346e-01;1.684019e-01;4.170556e-02;5.053042e-02;2.594773e-02;3.142544e-02
9.325851e-02;1.051968e-01;6.136449e-02;6.703921e-02;5.236710e-02;3.340819e-02;1.614869e-01;1.365742e-01;4.665370e-02;5.251934e-02;1.632245e-01;2.690716e-02
2.214576e-01;1.425422e-01;4.329787e-02;5.661239e-02;4.617612e-02;1.902429e-02;9.752081e-02;7.601828e-02;4.518157e-02;3.597526e-02;1.946330e-01;2.156054e-02
2.757796e-01;2.360656e-01;3.626364e-02;7.949476e-02;4.044525e-02;2.566334e-02;3.668781e-02;4.278444e-02;4.615323e-02;1.932972e-02;1.398790e-01;2.145355e-02
2.108991e-01;3.578103e-01;3.375326e-02;1.420220e-01;2.785871e-02;4.285849e-02;1.442873e-02;2.019115e-02;5.641685e-02;9.557677e-03;7.152939e-02;1.267444e-02
1.264615e-01;4.717357e-01;3.493959e-02;1.604841e-01;1.335831e-02;5.905301e-02;1.284855e-02;1.590003e-02;5.659646e-02;5.787470e-03;2.590051e-02;1.693476e-02
7.245675e-02;5.404406e-01;5.970028e-02;1.237834e-01;1.611737e-02;5.359534e-02;1.088002e-02;4.062087e-02;4.222813e-02;1.058275e-02;6.662027e-03;2.293244e-02
6.962280e-02;4.886429e-01;1.127314e-01;7.232261e-02;6.595477e-02;2.515672e-02;3.065925e-02;5.753114e-02;2.348191e-02;2.636543e-02;7.555490e-03;1.997562e-02
6.433132e-02;3.606254e-01;1.797663e-01;7.025607e-02;1.092281e-01;2.257559e-02;6.911837e-02;4.628846e-02;1.694956e-02;4.204304e-02;7.679605e-03;1.113812e-02
1.351260e-01;1.914727e-01;2.676279e-01;6.772589e-02;1.032550e-01;1.698416e-02;9.733021e-02;2.257352e-02;3.619809e-02;4.936137e-02;7.422640e-03;4.922439e-03
1.531114e-01;2.471544e-01;2.937918e-01;5.592280e-02;3.669440e-02;1.048609e-02;7.325356e-02;1.252597e-02;6.514839e-02;3.561194e-02;1.155881e-02;4.740418e-03
1.445432e-01;3.670346e-01;2.165665e-01;5.109943e-02;2.237736e-02;1.428274e-02;5.535062e-02;1.699963e-02;4.136368e-02;3.549627e-02;2.352426e-02;1.136177e-02
1.971470e-01;3.764575e-01;1.436863e-01;4.168884e-02;2.460548e-02;2.098460e-02;5.906894e-02;2.779136e-02;1.762237e-02;3.121814e-02;3.533768e-02;2.439183e-02
2.404535e-01;3.090229e-01;1.216363e-01;3.389538e-02;3.376638e-02;3.009830e-02;8.688895e-02;3.216138e-02;1.546739e-02;3.025308e-02;2.878384e-02;3.757267e-02
2.470076e-01;2.204660e-01;1.314530e-01;3.947888e-02;3.884858e-02;3.198647e-02;1.342299e-01;3.703472e-02;1.858451e-02;3.716017e-02;3.987601e-02;2.387415e-02
1.688689e-01;2.491397e-01;1.510672e-01;5.935875e-02;4.710811e-02;2.600734e-02;1.387791e-01;3.470016e-02;1.922290e-02;4.824008e-02;4.181226e-02;1.569543e-02
1.918581e-01;2.490540e-01;1.442079e-01;4.833946e-02;5.468611e-02;1.796719e-02;1.005197e-01;4.882606e-02;2.392679e-02;4.648051e-02;4.227911e-02;3.185505e-02
1.816747e-01;2.488629e-01;1.068225e-01;4.614864e-02;4.393694e-02;4.800673e-02;1.114487e-01;5.584196e-02;2.568763e-02;4.524725e-02;5.288579e-02;3.343633e-02
8.553996e-02;1.966073e-01;6.591358e-02;8.374260e-02;4.095335e-02;9.129626e-02;1.243723e-01;1.163129e-01;3.573982e-02;4.209335e-02;7.350582e-02;4.392278e-02
1.721427e-01;2.047966e-01;4.781473e-02;6.309281e-02;3.076310e-02;6.461486e-02;9.542359e-02;9.473711e-02;3.911353e-02;3.114664e-02;1.135025e-01;4.285184e-02
3.138984e-01;2.247174e-01;3.505187e-02;2.514279e-02;1.854100e-02;3.307835e-02;7.664879e-02;7.493421e-02;3.839201e-02;2.054270e-02;9.727998e-02;4.177253e-02
3.353446e-01;2.068001e-01;2.954961e-02;1.671060e-02;1.441916e-02;2.380411e-02;6.915592e-02;5.350507e-02;2.977620e-02;1.945524e-02;1.541291e-01;4.735023e-02
2.160506e-01;1.352185e-01;2.947439e-02;2.654118e-02;3.590715e-02;2.224076e-02;6.345879e-02;4.444369e-02;2.320246e-02;2.180297e-02;3.324440e-01;4.921560e-02
7.446852e-02;6.901037e-02;3.366035e-02;3.414557e-02;7.485171e-02;4.257942e-02;3.287952e-02;2.476177e-02;3.153593e-02;3.494829e-02;5.216153e-01;2.554327e-02
8.432604e-02;1.755770e-02;4.117600e-02;1.843380e-02;9.480356e-02;7.571250e-02;2.415953e-02;2.892437e-02;3.087363e-02;5.813354e-02;5.180045e-01;7.894805e-03
7.359741e-02;3.428103e-02;3.847660e-02;1.212681e-02;9.593087e-02;1.041231e-01;3.407438e-02;5.091423e-02;2.042398e-02;7.677058e-02;4.533421e-01;5.939033e-03
1.440964e-01;6.023079e-02;2.501582e-02;1.572553e-02;7.645297e-02;1.172464e-01;4.746962e-02;6.281725e-02;1.130925e-02;8.024628e-02;3.475898e-01;1.179989e-02
2.055995e-01;6.322370e-02;1.866035e-02;1.445424e-02;5.375314e-02;1.134458e-01;9.263662e-02;4.961415e-02;1.623656e-02;8.127975e-02;2.762328e-01;1.486338e-02
1.362848e-01;6.553344e-02;2.931474e-02;2.228575e-02;4.650245e-02;6.046465e-02;1.261474e-01;9.222953e-02;2.354129e-02;8.172446e-02;3.003945e-01;1.557696e-02
1.535230e-01;5.666798e-02;3.234850e-02;3.772039e-02;4.150116e-02;3.607687e-02;9.834262e-02;1.030586e-01;4.519207e-02;6.747235e-02;3.083876e-01;1.970898e-02
1.238548e-01;5.740546e-02;3.234606e-02;3.580975e-02;2.402369e-02;4.219580e-02;6.616610e-02;8.868363e-02;5.425927e-02;9.340272e-02;3.593662e-01;2.248651e-02
9.706824e-02;4.587077e-02;4.682053e-02;4.276946e-02;4.547701e-02;3.323664e-02;5.813596e-02;9.512065e-02;4.985612e-02;7.194635e-02;4.002040e-01;1.349422e-02
1.067772e-01;8.769128e-02;5.666346e-02;6.741145e-02;6.597748e-02;5.481770e-02;8.393525e-02;9.128152e-02;5.150508e-02;3.633141e-02;2.743683e-01;2.323985e-02
8.242383e-02;1.316693e-01;9.212820e-02;9.411043e-02;6.127134e-02;8.503127e-02;8.714698e-02;9.909125e-02;4.965629e-02;4.127256e-02;1.345783e-01;4.162025e-02
7.830211e-02;1.267466e-01;1.200919e-01;9.649715e-02;6.435369e-02;1.008414e-01;5.829556e-02;9.807846e-02;6.302734e-02;6.168396e-02;7.285450e-02;5.922738e-02
9.246660e-02;9.934250e-02;1.272635e-01;7.901020e-02;7.848115e-02;6.745728e-02;5.669676e-02;1.215937e-01;6.167033e-02;7.602180e-02;7.544102e-02;6.455515e-02
1.386948e-01;1.356056e-01;1.045059e-01;7.466210e-02;6.884876e-02;4.916273e-02;7.977270e-02;1.118687e-01;4.470063e-02;5.580233e-02;1.112650e-01;2.511071e-02
1.067233e-01;2.084025e-01;1.148221e-01;7.415356e-02;3.353047e-02;4.546337e-02;1.023730e-01;9.528594e-02;2.582242e-02;7.553002e-02;8.986274e-02;2.803054e-02
7.334448e-02;2.239411e-01;1.020447e-01;5.553114e-02;3.704794e-02;7.026260e-02;7.289521e-02;8.172127e-02;6.337502e-02;9.723728e-02;7.116357e-02;5.143563e-02
7.696334e-02;2.236873e-01;5.026064e-02;5.268519e-02;2.286584e-02;8.174846e-02;4.745479e-02;9.523896e-02;1.315240e-01;9.293135e-02;4.500982e-02;7.963020e-02
9.754709e-02;1.894918e-01;1.978582e-02;5.937427e-02;2.453001e-02;8.447630e-02;6.382530e-02;8.848477e-02;1.675704e-01;8.177858e-02;4.187679e-02;8.125883e-02
1.463048e-01;1.393070e-01;1.524255e-02;4.412741e-02;6.962364e-02;7.501797e-02;9.133945e-02;1.288577e-01;1.276698e-01;6.264234e-02;4.499536e-02;5.487205e-02
2.128162e-01;8.401460e-02;3.937690e-02;2.290100e-02;1.100330e-01;3.776671e-02;9.863107e-02;2.411181e-01;3.895339e-02;3.579069e-02;5.005347e-02;2.854492e-02
2.147681e-01;1.324100e-01;4.079439e-02;4.809854e-02;8.686054e-02;4.264596e-02;8.805453e-02;2.446896e-01;2.249301e-02;2.177894e-02;3.294234e-02;2.446398e-02
1.479487e-01;2.311917e-01;2.974423e-02;7.978185e-02;4.077968e-02;7.933695e-02;9.362491e-02;1.689708e-01;6.923153e-02;2.203162e-02;1.796382e-02;1.939417e-02
8.583192e-02;3.363500e-01;3.003553e-02;9.583876e-02;1.939552e-02;1.290907e-01;6.854596e-02;7.060847e-02;1.185581e-01;1.771221e-02;9.572165e-03;1.846066e-02
6.928908e-02;3.882011e-01;3.532409e-02;5.758789e-02;2.747846e-02;1.539897e-01;3.526386e-02;6.427660e-02;1.033909e-01;2.019198e-02;1.598358e-02;2.902281e-02
1.512561e-01;3.862880e-01;3.317429e-02;2.487824e-02;2.675404e-02;1.351829e-01;3.073333e-02;6.727030e-02;4.692340e-02;2.018902e-02;4.567919e-02;3.167123e-02
1.943304e-01;3.312889e-01;3.148166e-02;3.453353e-02;3.034145e-02;1.154454e-01;3.182464e-02;6.672835e-02;2.796463e-02;1.937308e-02;9.032338e-02;2.636463e-02
2.084297e-01;2.915228e-01;2.962493e-02;3.190282e-02;3.801208e-02;8.051389e-02;6.157885e-02;5.391781e-02;3.469953e-02;2.410564e-02;1.257220e-01;1.996997e-02
2.410457e-01;2.249887e-01;3.495110e-02;1.916886e-02;4.094269e-02;6.350702e-02;9.845442e-02;6.833041e-02;6.303146e-02;4.165668e-02;7.454021e-02;2.938285e-02
2.348140e-01;1.598526e-01;4.118887e-02;2.112993e-02;3.099216e-02;1.329571e-01;9.793749e-02;3.802175e-02;8.111716e-02;3.020261e-02;8.027618e-02;5.151014e-02
2.251371e-01;1.710821e-01;3.386875e-02;3.302532e-02;3.154500e-02;1.423300e-01;6.687672e-02;4.726927e-02;5.665083e-02;2.897784e-02;1.342691e-01;2.896791e-02
1.427262e-01;1.576274e-01;6.482167e-02;5.741798e-02;6.176177e-02;1.065057e-01;9.578151e-02;1.135845e-01;3.420440e-02;4.987229e-02;9.999644e-02;1.570005e-02
1.220857e-01;1.348520e-01;6.883319e-02;5.493116e-02;7.160216e-02;8.604222e-02;1.332084e-01;1.425020e-01;2.905154e-02;5.622658e-02;8.286577e-02;1.779931e-02
9.609499e-02;1.868579e-01;6.713707e-02;4.468788e-02;5.695561e-02;8.331206e-02;1.515936e-01;1.345399e-01;2.604266e-02;5.505098e-02;8.188710e-02;1.584037e-02
1.248493e-01;2.357795e-01;9.458365e-02;7.714236e-02;3.151609e-02;6.240898e-02;1.218176e-01;9.207982e-02;3.970239e-02;5.456819e-02;5.162843e-02;1.392367e-02
1.752946e-01;2.205399e-01;1.064405e-01;7.969193e-02;1.814467e-02;6.116743e-02;9.409024e-02;7.308161e-02;4.061774e-02;4.606984e-02;6.418124e-02;2.068035e-02
1.811744e-01;1.456937e-01;8.527907e-02;8.111666e-02;4.665717e-02;7.987665e-02;8.507010e-02;1.043201e-01;4.420316e-02;4.487463e-02;6.617822e-02;3.555617e-02
9.825726e-02;1.797574e-01;1.143561e-01;5.161649e-02;6.513377e-02;9.754597e-02;7.140402e-02;9.556448e-02;5.994689e-02;9.407669e-02;4.700612e-02;2.533479e-02
5.157547e-02;1.648639e-01;2.025294e-01;5.077114e-02;7.374375e-02;6.897420e-02;1.036687e-01;6.181961e-02;4.124233e-02;1.383460e-01;2.896834e-02;1.349706e-02
4.593918e-02;1.414621e-01;2.821423e-01;4.981738e-02;6.599912e-02;4.736502e-02;1.599212e-01;3.104405e-02;2.087641e-02;1.365526e-01;1.030302e-02;8.577597e-03
5.163748e-02;1.191974e-01;3.163060e-01;2.875017e-02;4.161723e-02;7.562899e-02;2.026589e-01;1.869957e-02;1.319365e-02;1.101769e-01;1.637335e-02;5.760327e-03
5.942544e-02;1.064677e-01;3.405173e-01;1.829813e-02;4.175908e-02;1.293984e-01;1.847431e-01;1.106745e-02;5.316229e-03;8.324470e-02;1.579235e-02;3.970105e-03
4.404783e-02;1.311135e-01;4.414518e-01;1.697786e-02;4.311234e-02;9.830187e-02;1.304721e-01;8.803936e-03;3.123211e-03;7.057972e-02;9.966567e-03;2.049351e-03
3.247721e-02;1.863349e-01;5.280138e-01;2.102153e-02;1.866575e-02;3.138041e-02;6.797982e-02;8.681949e-03;5.038297e-03;7.878965e-02;1.754886e-02;4.067828e-03
3.108454e-02;1.950317e-01;5.113676e-01;2.908865e-02;1.751096e-02;2.519256e-02;4.165963e-02;1.012614e-02;1.021964e-02;1.021094e-01;2.204203e-02;4.567165e-03
3.929115e-02;2.247341e-01;4.282717e-01;1.449075e-02;3.849649e-02;3.323979e-02;3.126591e-02;1.127338e-02;2.369331e-02;1.354725e-01;1.117258e-02;8.598299e-03
4.345687e-02;3.012334e-01;3.031716e-01;1.808202e-02;3.814283e-02;3.641379e-02;3.767457e-02;1.041416e-02;5.315933e-02;1.338799e-01;1.364317e-02;1.072842e-02
9.523940e-02;3.402800e-01;1.488198e-01;2.751285e-02;2.601867e-02;6.339980e-02;4.772575e-02;2.660242e-02;7.508386e-02;8.689533e-02;4.126023e-02;2.116181e-02
1.583748e-01;2.919342e-01;5.670033e-02;5.629693e-02;3.032954e-02;6.986652e-02;6.677972e-02;4.815840e-02;7.251535e-02;4.506865e-02;7.243565e-02;3.153998e-02
1.718222e-01;1.791637e-01;8.913969e-02;7.531743e-02;4.852944e-02;5.005240e-02;9.304973e-02;5.545741e-02;5.378673e-02;3.954055e-02;1.091234e-01;3.501732e-02
1.407091e-01;1.670528e-01;1.349193e-01;7.104696e-02;5.459452e-02;4.514402e-02;1.139153e-01;5.124534e-02;3.515932e-02;3.718081e-02;1.207648e-01;2.826769e-02
1.388537e-01;1.801111e-01;1.427199e-01;5.328672e-02;4.437391e-02;4.377861e-02;1.080130e-01;5.845072e-02;5.390026e-02;7.287651e-02;7.701825e-02;2.661728e-02
1.307881e-01;1.408789e-01;1.403307e-01;5.225969e-02;5.426024e-02;6.994973e-02;1.142582e-01;6.300016e-02;6.692643e-02;9.835372e-02;3.945547e-02;2.953871e-02
1.350603e-01;1.731108e-01;1.507927e-01;3.848843e-02;4.573609e-02;8.409765e-02;8.718084e-02;5.838868e-02;3.256292e-02;8.468234e-02;8.426847e-02;2.563071e-02
2.276068e-01;1.572446e-01;1.254083e-01;2.359225e-02;3.914500e-02;5.544287e-02;6.495468e-02;9.105130e-02;3.097652e-02;5.100907e-02;5.709331e-02;7.647520e-02
2.529006e-01;6.686417e-02;6.497131e-02;5.092114e-02;6.317600e-02;9.150947e-02;9.728596e-02;1.043090e-01;4.421153e-02;1.821937e-02;4.924122e-02;9.639028e-02
2.533560e-01;8.014776e-02;5.338800e-02;4.934428e-02;5.724319e-02;1.084193e-01;9.551759e-02;8.524113e-02;3.935179e-02;1.765465e-02;6.543527e-02;9.490113e-02
2.202124e-01;1.507004e-01;4.839522e-02;4.856912e-02;4.039788e-02;9.235103e-02;9.957753e-02;6.460199e-02;3.009618e-02;2.992300e-02;1.028995e-01;7.227584e-02
1.238006e-01;1.976284e-01;1.072235e-01;1.023268e-01;5.764242e-02;5.617313e-02;7.452629e-02;5.128322e-02;1.661711e-02;5.859518e-02;1.223908e-01;3.179265e-02
9.763261e-02;1.557126e-01;1.863377e-01;1.361644e-01;6.670427e-02;3.941413e-02;4.553763e-02;2.517456e-02;1.501599e-02;8.909303e-02;1.202690e-01;2.294412e-02
1.083895e-01;1.473331e-01;2.190798e-01;7.793459e-02;3.954979e-02;4.505997e-02;7.704411e-02;2.846541e-02;1.690646e-02;1.055341e-01;1.074121e-01;2.729105e-02
1.088712e-01;2.061195e-01;1.530819e-01;4.383582e-02;2.482190e-02;6.116331e-02;1.234717e-01;5.408044e-02;1.699254e-02;7.870794e-02;1.145359e-01;1.431780e-02
1.210505e-01;2.404405e-01;8.986711e-02;3.232972e-02;4.017947e-02;6.637972e-02;1.497904e-01;7.815024e-02;1.487560e-02;4.757906e-02;1.127117e-01;6.645944e-03
1.092501e-01;2.909380e-01;7.896902e-02;3.795151e-02;5.526849e-02;6.067597e-02;1.271683e-01;9.000973e-02;1.054789e-02;3.689175e-02;9.067513e-02;1.165419e-02
1.477503e-01;4.039573e-01;8.761613e-02;4.411098e-02;3.700650e-02;2.832905e-02;8.036236e-02;8.778039e-02;7.132921e-03;2.372317e-02;3.980844e-02;1.242246e-02
1.551431e-01;4.248764e-01;7.632446e-02;3.989085e-02;3.800058e-02;2.808146e-02;6.871625e-02;8.418510e-02;9.608269e-03;3.097507e-02;3.002846e-02;1.416996e-02
1.481342e-01;4.689198e-01;7.990007e-02;3.558519e-02;2.543173e-02;3.575430e-02;4.746561e-02;5.865328e-02;1.373523e-02;4.637988e-02;2.439412e-02;1.564661e-02
1.500334e-01;5.187413e-01;8.433740e-02;2.428543e-02;1.137400e-02;4.091793e-02;4.316763e-02;3.429326e-02;1.678115e-02;3.350699e-02;2.374426e-02;1.881728e-02
1.641648e-01;5.512654e-01;6.714109e-02;2.048774e-02;9.057038e-03;4.128857e-02;3.211997e-02;2.684269e-02;1.656949e-02;3.186327e-02;1.488370e-02;2.431631e-02
1.856007e-01;5.440335e-01;6.327771e-02;2.783463e-02;1.559633e-02;4.516219e-02;2.860124e-02;1.527507e-02;1.881236e-02;1.879199e-02;1.072279e-02;2.629150e-02
1.893906e-01;5.066739e-01;4.674219e-02;4.225022e-02;2.530048e-02;8.190717e-02;2.151672e-02;9.978037e-03;2.978753e-02;1.615416e-02;8.372163e-03;2.192680e-02
2.006840e-01;4.766217e-01;3.371025e-02;5.857888e-02;1.833820e-02;1.151314e-01;1.038934e-02;1.009147e-02;3.954178e-02;1.557875e-02;8.120043e-03;1.321426e-02
2.212698e-01;4.740479e-01;3.084958e-02;6.641509e-02;8.544511e-03;1.147760e-01;1.512381e-02;9.805837e-03;3.722735e-02;1.053021e-02;5.982000e-03;5.427857e-03
2.839521e-01;4.594365e-01;2.722618e-02;5.430974e-02;1.859299e-02;8.184890e-02;1.946752e-02;1.025714e-02;2.365880e-02;8.429199e-03;1.038106e-02;2.439888e-03
3.522505e-01;3.971059e-01;2.311103e-02;2.544517e-02;4.172484e-02;5.016671e-02;4.004352e-02;1.747147e-02;1.780994e-02;1.177462e-02;1.819825e-02;4.898036e-03
3.568424e-01;3.063973e-01;2.531821e-02;7.424967e-03;1.163973e-01;2.633732e-02;5.496711e-02;3.788777e-02;1.770121e-02;1.864758e-02;2.848675e-02;3.592072e-03
2.635148e-01;3.047071e-01;2.576822e-02;1.352687e-02;1.767137e-01;2.148998e-02;8.163337e-02;3.450713e-02;1.352920e-02;3.532044e-02;2.405118e-02;5.237924e-03
1.992021e-01;3.163831e-01;4.669078e-02;1.902566e-02;2.033736e-01;2.683486e-02;7.563635e-02;4.605874e-02;1.732181e-02;3.291128e-02;1.425993e-02;2.301789e-03
2.288511e-01;2.871131e-01;7.881694e-02;1.964736e-02;1.797446e-01;1.652227e-02;3.996494e-02;9.072388e-02;2.207726e-02;1.874353e-02;1.311763e-02;4.677419e-03
2.459075e-01;2.155519e-01;8.274644e-02;3.676376e-02;1.120853e-01;1.539312e-02;4.450333e-02;1.476093e-01;3.639200e-02;1.480056e-02;1.830429e-02;2.994258e-02
1.653323e-01;1.318201e-01;5.352693e-02;7.988380e-02;4.732018e-02;2.430751e-02;1.129572e-01;1.741421e-01;4.475423e-02;2.374636e-02;4.957952e-02;9.262983e-02
7.574984e-02;7.864022e-02;6.428311e-02;7.769141e-02;3.507475e-02;5.434822e-02;1.422402e-01;1.574633e-01;4.452001e-02;1.942401e-02;1.311734e-01;1.193914e-01
6.544765e-02;5.684923e-02;1.148080e-01;4.483376e-02;5.067166e-02;9.170273e-02;9.929468e-02;1.122959e-01;3.623929e-02;2.882485e-02;2.217860e-01;7.724626e-02
5.573344e-02;8.749706e-02;1.001116e-01;4.991082e-02;9.579036e-02;8.058729e-02;6.628025e-02;1.170522e-01;2.142852e-02;7.224719e-02;2.204307e-01;3.293060e-02
3.677911e-02;1.351677e-01;3.905867e-02;3.957136e-02;1.879688e-01;3.252482e-02;6.499226e-02;1.467309e-01;2.025051e-02;1.363393e-01;1.327969e-01;2.781981e-02
2.839213e-02;1.200888e-01;2.720664e-02;4.358802e-02;2.500410e-01;3.827174e-02;6.462580e-02;1.325138e-01;3.146343e-02;1.517129e-01;7.560985e-02;3.648585e-02
6.440148e-02;7.178636e-02;5.039731e-02;6.645409e-02;1.980800e-01;6.594799e-02;1.539281e-01;8.033221e-02;5.057104e-02;1.209248e-01;4.397350e-02;3.320318e-02
1.037820e-01;2.502573e-02;4.762968e-02;1.083431e-01;1.449743e-01;4.923088e-02;2.111341e-01;6.553025e-02;8.613985e-02;9.593741e-02;4.111177e-02;2.116094e-02
1.460147e-01;1.722898e-02;3.900111e-02;1.856498e-01;1.042853e-01;2.840334e-02;1.535390e-01;8.828178e-02;1.223528e-01;4.924251e-02;3.840501e-02;2.759565e-02
1.282483e-01;2.420068e-02;4.047491e-02;1.716082e-01;7.148816e-02;5.544109e-02;8.825932e-02;1.363207e-01;1.177463e-01;4.186846e-02;3.544298e-02;8.890092e-02
5.872950e-02;6.019316e-02;5.739802e-02;6.813220e-02;5.311707e-02;8.690420e-02;1.161311e-01;1.953207e-01;6.921494e-02;3.819502e-02;6.033807e-02;1.363260e-01
5.671814e-02;9.676702e-02;5.616356e-02;5.851756e-02;4.326440e-02;7.605713e-02;1.701415e-01;1.993984e-01;3.107524e-02;3.809930e-02;7.668685e-02;9.711093e-02
1.075424e-01;1.334425e-01;4.530706e-02;6.337894e-02;5.019545e-02;5.658592e-02;1.808617e-01;1.626285e-01;5.303838e-02;2.290287e-02;8.703110e-02;3.708515e-02
1.555803e-01;1.434837e-01;3.321619e-02;4.451852e-02;4.901186e-02;7.308121e-02;1.038570e-01;1.487357e-01;7.666549e-02;2.524296e-02;1.204106e-01;2.619646e-02
1.188111e-01;8.796817e-02;3.204916e-02;6.398809e-02;3.423067e-02;8.692581e-02;1.809580e-01;1.442605e-01;6.024747e-02;3.515442e-02;1.085661e-01;4.684061e-02
8.856983e-02;7.892831e-02;2.980023e-02;5.596993e-02;6.738003e-02;8.224931e-02;2.042777e-01;1.181171e-01;4.823622e-02;7.250805e-02;8.642742e-02;6.753589e-02
1.009585e-01;6.969406e-02;3.889911e-02;6.333447e-02;8.033334e-02;8.621825e-02;1.185205e-01;1.121111e-01;5.718387e-02;6.900667e-02;1.347008e-01;6.903923e-02
1.412904e-01;4.473503e-02;3.354907e-02;5.510570e-02;6.827384e-02;6.009888e-02;1.936347e-01;1.386602e-01;3.937459e-02;3.680554e-02;1.478804e-01;4.059171e-02
2.002396e-01;9.785631e-02;2.566712e-02;3.827994e-02;5.121601e-02;5.407016e-02;2.099888e-01;1.616500e-01;3.810275e-02;2.870611e-02;6.560941e-02;2.861379e-02
2.196395e-01;1.485135e-01;2.300945e-02;2.670379e-02;3.338233e-02;4.198857e-02;1.328084e-01;1.138228e-01;3.729683e-02;3.306942e-02;1.778857e-01;1.187976e-02
1.783271e-01;1.582539e-01;3.746709e-02;3.606744e-02;2.354070e-02;3.319440e-02;7.191896e-02;7.819693e-02;4.177097e-02;3.545961e-02;2.905890e-01;1.521393e-02
1.239557e-01;1.242903e-01;5.661094e-02;3.859982e-02;3.622861e-02;2.272517e-02;1.032305e-01;8.421818e-02;5.417442e-02;4.335663e-02;2.798701e-01;3.273973e-02
1.468841e-01;1.685575e-01;5.193218e-02;3.266606e-02;3.523701e-02;4.634675e-02;1.195192e-01;1.026501e-01;5.803327e-02;4.842354e-02;1.326777e-01;5.707261e-02
1.632310e-01;2.111019e-01;2.936419e-02;3.577250e-02;1.811348e-02;6.362927e-02;8.463851e-02;1.034743e-01;7.358356e-02;5.033953e-02;9.718101e-02;6.957069e-02
1.782457e-01;2.196176e-01;3.558552e-02;5.268410e-02;2.159463e-02;5.985514e-02;7.526277e-02;1.057570e-01;7.869621e-02;4.719308e-02;7.745823e-02;4.805010e-02
2.007047e-01;1.768731e-01;3.202231e-02;4.535459e-02;4.384192e-02;4.490671e-02;9.382036e-02;1.144018e-01;4.744460e-02;4.156586e-02;1.293404e-01;2.972370e-02
1.753036e-01;1.202658e-01;3.134002e-02;3.193216e-02;4.668389e-02;5.126850e-02;1.316500e-01;1.179531e-01;3.317759e-02;3.308209e-02;1.520392e-01;7.530410e-02
1.273535e-01;1.065819e-01;3.676179e-02;5.247030e-02;3.468323e-02;3.179516e-02;1.381439e-01;1.213896e-01;5.406450e-02;3.026038e-02;1.639672e-01;1.025285e-01
1.614121e-01;1.477721e-01;4.729336e-02;2.819652e-02;3.637282e-02;4.899237e-02;9.686743e-02;7.761296e-02;6.723940e-02;3.072445e-02;1.899063e-01;6.761010e-02
1.508963e-01;1.556526e-01;5.111251e-02;3.601703e-02;3.502102e-02;6.092969e-02;9.521873e-02;7.579591e-02;5.970687e-02;3.656701e-02;1.986770e-01;4.440532e-02
2.052820e-01;1.679876e-01;4.684384e-02;4.246887e-02;4.371510e-02;4.932877e-02;7.854796e-02;7.462925e-02;7.163256e-02;4.060080e-02;9.948715e-02;7.947610e-02
1.966103e-01;1.316754e-01;3.696215e-02;2.034787e-02;4.702261e-02;5.473666e-02;7.627629e-02;5.492570e-02;7.458364e-02;4.625973e-02;1.410340e-01;1.195657e-01
1.612451e-01;1.354282e-01;4.158833e-02;3.691420e-02;3.503983e-02;7.719790e-02;8.538372e-02;1.263742e-01;4.859546e-02;5.487998e-02;1.172864e-01;8.006666e-02
1.158454e-01;1.442436e-01;4.824338e-02;4.033576e-02;2.773960e-02;7.190338e-02;1.286173e-01;1.470576e-01;2.911598e-02;6.425113e-02;1.473978e-01;3.524905e-02
1.530668e-01;8.327544e-02;6.479678e-02;3.966786e-02;2.558151e-02;5.237137e-02;1.264319e-01;1.134660e-01;1.655058e-02;7.940218e-02;1.819324e-01;6.345710e-02
