1.326600e-01;7.718644e-02;8.960629e-02;1.108334e-01;5.491627e-02;5.576306e-02;5.034907e-02;4.793254e-02;1.617026e-01;8.628657e-02;1.011894e-01;3.157431e-02
1.275313e-01;8.763269e-02;1.040234e-01;1.181174e-01;5.791767e-02;3.079822e-02;5.802212e-02;5.752928e-02;1.260441e-01;8.551645e-02;9.750386e-02;4.936362e-02
7.426307e-02;6.874904e-02;1.271311e-01;6.449141e-02;7.832522e-02;3.140919e-02;5.642993e-02;7.060707e-02;8.860879e-02;1.056819e-01;1.232368e-01;1.110666e-01
4.446133e-02;8.928441e-02;1.057139e-01;6.231923e-02;7.339311e-02;5.262749e-02;5.592065e-02;6.722308e-02;7.608908e-02;1.051226e-01;1.404964e-01;1.273486e-01
4.648937e-02;9.092188e-02;1.139816e-01;1.044608e-01;4.941841e-02;5.981680e-02;7.216711e-02;7.147751e-02;9.809590e-02;8.569010e-02;1.248695e-01;8.261096e-02
7.365669e-02;1.226149e-01;1.341354e-01;1.167588e-01;2.483445e-02;5.011562e-02;9.323861e-02;6.867123e-02;9.263860e-02;1.061140e-01;7.478207e-02;4.243955e-02
9.621710e-02;1.414085e-01;8.965269e-02;7.220364e-02;4.598463e-02;6.020048e-02;7.634506e-02;9.268557e-02;8.669941e-02;9.111770e-02;8.352727e-02;6.395788e-02
6.297410e-02;1.020881e-01;9.828395e-02;6.259378e-02;1.065806e-01;5.740606e-02;8.245351e-02;6.932136e-02;8.694533e-02;6.830405e-02;1.455967e-01;5.745241e-02
5.463415e-02;8.160860e-02;1.009784e-01;6.997591e-02;1.395046e-01;8.247756e-02;6.963524e-02;5.910564e-02;9.436994e-02;6.459460e-02;1.346760e-01;4.843936e-02
6.206771e-02;7.449716e-02;8.144347e-02;7.582107e-02;1.555474e-01;6.320247e-02;8.647881e-02;7.288553e-02;6.769051e-02;6.315538e-02;1.120616e-01;8.514886e-02
5.774375e-02;3.890720e-02;7.216023e-02;9.343901e-02;1.512918e-01;1.296487e-01;1.271893e-01;5.340067e-02;3.820247e-02;7.522480e-02;6.524374e-02;9.754835e-02
5.688415e-02;6.419903e-02;7.434748e-02;5.575880e-02;1.221078e-01;1.536108e-01;9.506191e-02;5.695666e-02;5.663513e-02;1.022976e-01;5.237807e-02;1.097626e-01
4.567456e-02;5.263397e-02;7.016028e-02;1.008627e-01;9.463325e-02;2.046835e-01;1.066261e-01;6.976082e-02;4.831798e-02;7.378468e-02;8.311247e-02;4.974970e-02
5.093572e-02;5.042201e-02;8.713178e-02;1.459573e-01;4.706199e-02;1.889609e-01;1.267716e-01;5.724675e-02;3.934012e-02;5.092450e-02;9.803766e-02;5.720963e-02
6.687549e-02;6.281917e-02;8.285499e-02;1.322331e-01;8.299456e-02;2.039078e-01;1.338950e-01;1.688218e-02;2.133948e-02;4.724889e-02;7.893866e-02;7.001071e-02
5.171263e-02;1.172740e-01;3.837855e-02;6.136747e-02;8.563168e-02;1.959511e-01;2.258560e-01;4.684580e-02;2.177895e-02;3.892615e-02;6.184851e-02;5.442918e-02
2.421558e-02;1.139831e-01;1.034948e-01;1.277100e-02;4.379299e-02;7.859359e-02;2.898746e-01;1.361079e-01;2.453580e-02;3.727576e-02;8.303356e-02;5.232136e-02
1.549403e-02;4.531629e-02;2.196636e-01;9.383821e-03;2.027141e-02;1.980860e-02;1.743378e-01;2.343291e-01;3.335810e-02;4.372982e-02;5.547402e-02;1.288334e-01
1.288739e-02;2.029635e-02;2.907328e-01;1.443718e-02;1.352795e-02;3.144862e-02;8.719271e-02;2.460002e-01;3.758246e-02;3.465979e-02;1.752533e-02;1.937093e-01
1.238804e-02;2.175524e-02;3.051592e-01;2.898530e-02;9.081874e-03;3.892919e-02;7.179800e-02;2.080972e-01;3.546335e-02;1.622463e-02;2.212568e-02;2.299923e-01
7.051795e-03;1.814406e-02;3.456426e-01;1.768341e-02;4.076498e-03;3.880468e-02;6.353761e-02;2.205636e-01;3.429779e-02;2.523903e-02;2.930396e-02;1.956550e-01
9.570536e-03;4.900866e-02;3.797581e-01;1.070689e-02;6.993800e-03;2.522638e-02;7.687143e-02;2.153291e-01;4.181788e-02;3.618750e-02;3.547137e-02;1.130584e-01
1.247622e-02;1.143536e-01;3.375555e-01;1.235088e-02;1.341005e-02;2.120101e-02;1.093920e-01;2.254671e-01;3.080063e-02;4.032018e-02;4.167684e-02;4.099600e-02
1.378299e-02;1.738652e-01;2.151743e-01;1.023833e-02;1.535740e-02;2.204563e-02;1.543293e-01;2.467971e-01;2.312458e-02;5.939131e-02;2.384814e-02;4.204580e-02
1.818373e-02;1.491916e-01;1.474161e-01;1.340760e-02;8.930931e-03;2.683809e-02;2.050584e-01;2.435254e-01;4.057316e-02;5.248324e-02;3.188067e-02;6.251115e-02
2.625760e-02;1.099591e-01;7.583844e-02;1.019538e-02;1.450629e-02;3.572173e-02;2.307319e-01;2.833998e-01;4.816619e-02;3.540614e-02;3.586790e-02;9.394950e-02
1.498900e-02;1.014468e-01;1.497400e-01;1.620874e-02;1.995290e-02;3.351624e-02;1.763681e-01;2.414554e-01;5.514314e-02;3.300542e-02;4.920073e-02;1.089735e-01
2.681007e-02;1.738499e-01;2.412535e-01;1.753590e-02;2.183762e-02;4.493655e-02;1.102704e-01;1.374657e-01;4.402294e-02;3.138642e-02;4.816306e-02;1.024679e-01
3.534675e-02;2.280480e-01;1.383607e-01;1.600321e-02;1.844907e-02;3.931358e-02;1.688278e-01;1.717173e-01;3.460899e-02;2.593345e-02;3.159872e-02;9.179240e-02
3.621920e-02;2.294221e-01;1.184518e-01;1.273809e-02;1.971475e-02;2.954282e-02;2.049761e-01;1.834333e-01;5.674352e-02;1.918127e-02;3.230884e-02;5.726818e-02
1.087994e-02;1.536013e-01;8.153109e-02;1.367418e-02;2.437878e-02;3.762816e-02;2.189393e-01;2.788254e-01;4.826147e-02;1.699598e-02;4.851067e-02;6.677386e-02
6.859012e-03;1.161910e-01;1.491769e-01;1.274978e-02;1.930393e-02;4.502617e-02;1.849449e-01;3.228723e-01;3.736164e-02;2.577866e-02;3.604961e-02;4.368616e-02
1.537921e-02;1.470415e-01;2.531231e-01;2.214897e-02;1.722416e-02;4.263268e-02;7.630124e-02;2.514122e-01;2.555408e-02;3.836644e-02;2.726880e-02;8.354761e-02
1.993343e-02;1.374592e-01;1.897969e-01;8.420130e-03;1.807866e-02;2.274746e-02;1.508006e-01;2.818156e-01;3.214780e-02;4.114307e-02;4.080289e-02;5.685421e-02
1.686055e-02;1.162461e-01;1.442084e-01;1.929684e-02;2.083006e-02;2.768210e-02;2.080809e-01;2.924969e-01;3.793347e-02;2.944056e-02;4.010817e-02;4.681594e-02
1.962905e-02;9.598610e-02;1.625894e-01;1.847998e-02;1.584034e-02;2.915853e-02;2.308199e-01;2.581039e-01;2.612470e-02;2.833496e-02;3.293709e-02;8.199610e-02
2.085467e-02;7.963129e-02;1.309924e-01;1.983643e-02;9.831922e-03;3.145759e-02;2.664142e-01;2.286583e-01;1.747293e-02;3.534361e-02;4.067530e-02;1.188314e-01
1.553092e-02;9.237240e-02;1.317661e-01;9.697991e-03;1.467492e-02;3.537951e-02;2.285134e-01;2.803123e-01;4.336276e-02;3.205378e-02;4.530988e-02;7.102606e-02
2.461140e-02;1.231128e-01;1.923463e-01;2.866506e-02;2.173571e-02;3.583480e-02;1.232824e-01;2.451867e-01;3.208372e-02;3.287967e-02;2.479541e-02;1.154659e-01
4.879164e-02;1.469482e-01;1.880585e-01;3.450895e-02;2.777154e-02;2.799632e-02;1.125122e-01;1.434069e-01;3.292228e-02;4.061549e-02;6.394442e-02;1.325236e-01
4.704686e-02;1.317789e-01;1.291752e-01;3.729719e-02;3.108891e-02;3.598836e-02;1.222834e-01;1.253254e-01;4.442095e-02;7.764333e-02;7.597551e-02;1.419760e-01
4.687341e-02;9.071519e-02;1.039836e-01;4.391205e-02;3.885339e-02;5.579676e-02;8.072762e-02;1.516219e-01;6.203845e-02;1.095528e-01;6.352779e-02;1.523970e-01
7.801881e-02;5.968805e-02;8.816577e-02;3.523418e-02;3.850514e-02;5.196221e-02;8.162257e-02;6.646288e-02;1.610297e-01;1.726863e-01;8.294087e-02;8.368357e-02
6.387717e-02;2.648600e-02;6.319800e-02;4.896352e-02;2.801943e-02;1.646592e-02;8.811665e-02;4.553097e-02;1.638056e-01;2.635420e-01;1.278356e-01;6.415916e-02
4.372206e-02;1.053161e-02;4.288417e-02;3.461572e-02;1.381823e-02;1.907780e-02;5.054775e-02;4.541984e-02;1.253989e-01;3.223104e-01;2.301298e-01;6.154376e-02
1.828190e-02;7.629303e-03;1.809222e-02;1.427053e-02;3.727533e-02;2.055791e-02;2.301571e-02;2.769220e-02;9.065266e-02;4.171613e-01;2.813402e-01;4.403080e-02
6.663086e-03;9.360382e-03;1.084771e-02;1.112976e-02;6.807230e-02;1.227050e-02;7.795519e-03;1.876247e-02;1.683212e-01;5.034521e-01;1.697728e-01;1.355216e-02
1.021176e-02;6.791573e-03;8.546745e-03;2.635658e-02;6.238038e-02;7.655751e-03;6.110251e-03;1.438209e-02;3.750368e-01;4.104814e-01;6.336934e-02;8.677367e-03
1.159911e-02;3.713252e-03;4.914090e-03;2.907553e-02;2.695367e-02;5.212265e-03;1.141788e-02;1.050943e-02;5.948921e-01;2.737708e-01;1.820967e-02;9.732151e-03
1.143286e-02;3.361866e-03;5.143807e-03;3.655869e-02;5.394017e-03;3.134701e-03;1.581638e-02;8.540036e-03;7.278489e-01;1.683293e-01;8.421286e-03;6.018113e-03
1.369242e-02;4.519768e-03;6.572718e-03;4.428621e-02;7.946984e-03;3.277430e-03;1.904716e-02;3.665775e-02;7.908602e-01;5.407690e-02;1.475215e-02;4.310245e-03
6.944678e-03;5.240358e-03;5.461752e-03;3.964951e-02;2.052936e-02;2.908538e-03;1.491691e-02;3.367120e-02;7.292421e-01;1.245131e-01;9.622299e-03;7.300105e-03
4.679620e-03;4.107425e-03;5.825194e-03;2.435285e-02;5.785032e-02;4.032091e-03;1.144385e-02;1.632131e-02;5.578319e-01;2.972117e-01;1.147470e-02;4.868974e-03
5.290425e-03;8.693282e-03;4.436640e-03;1.067357e-02;1.054614e-01;4.997340e-03;7.344519e-03;6.161479e-03;3.434645e-01;4.701087e-01;2.468528e-02;8.682967e-03
5.407557e-03;1.492121e-02;3.909017e-03;5.122652e-03;1.287473e-01;4.772290e-03;8.045632e-03;1.052371e-02;1.682406e-01;6.022696e-01;3.669768e-02;1.134273e-02
4.846651e-03;1.628888e-02;5.221166e-03;5.821572e-03;1.202512e-01;4.416510e-03;9.087626e-03;6.842327e-03;1.150876e-01;6.675076e-01;3.718659e-02;7.442185e-03
7.336498e-03;1.395844e-02;5.495194e-03;7.083561e-03;9.311328e-02;6.686481e-03;1.308005e-02;2.442816e-02;1.568986e-01;6.391366e-01;2.344233e-02;9.340834e-03
1.854522e-02;1.048822e-02;8.790413e-03;1.678714e-02;5.043189e-02;8.639134e-03;3.895379e-02;7.276302e-02;2.999299e-01;4.368864e-01;2.518084e-02;1.260407e-02
2.264099e-02;1.582311e-02;1.092449e-02;1.611042e-02;1.876942e-02;1.727572e-02;7.663303e-02;1.216703e-01;3.277141e-01;3.025028e-01;5.369046e-02;1.624526e-02
2.932779e-02;2.797832e-02;1.307825e-02;8.671191e-03;2.154822e-02;1.642326e-02;7.882798e-02;1.143278e-01;2.794078e-01;2.907349e-01;8.074185e-02;3.893254e-02
5.464781e-02;2.785515e-02;1.563646e-02;1.211268e-02;4.899753e-02;1.528566e-02;4.123500e-02;4.563985e-02;3.347005e-01;3.052618e-01;4.169537e-02;5.693219e-02
5.634250e-02;2.087726e-02;1.381455e-02;1.133979e-02;7.509772e-02;2.081391e-02;4.994318e-02;5.476617e-02;3.430012e-01;2.607628e-01;3.815874e-02;5.508228e-02
3.684492e-02;1.610781e-02;1.516110e-02;1.380350e-02;9.353986e-02;1.976010e-02;7.987648e-02;7.935357e-02;2.109026e-01;3.344363e-01;6.585078e-02;3.436305e-02
3.714165e-02;1.319382e-02;1.637307e-02;1.439850e-02;5.384290e-02;2.414202e-02;7.021157e-02;7.478234e-02;2.860937e-01;3.178352e-01;5.606702e-02;3.591825e-02
4.385931e-02;1.003876e-02;1.214490e-02;1.136032e-02;1.845824e-02;2.540708e-02;6.366699e-02;3.137578e-02;4.100836e-01;3.020112e-01;3.384298e-02;3.775088e-02
3.796193e-02;7.565916e-03;1.175121e-02;8.131771e-03;3.683818e-02;2.460859e-02;6.283299e-02;4.701649e-02;3.450766e-01;3.470375e-01;3.556579e-02;3.561307e-02
1.923040e-02;8.910725e-03;1.750881e-02;1.707694e-02;5.301915e-02;2.156008e-02;4.404017e-02;1.065365e-01;2.597106e-01;3.790132e-01;3.984583e-02;3.354760e-02
1.858036e-02;1.037084e-02;1.416494e-02;2.380738e-02;3.059796e-02;1.412247e-02;6.238616e-02;1.608341e-01;3.570024e-01;2.552229e-01;3.696931e-02;1.594104e-02
2.306433e-02;2.156424e-02;2.090871e-02;2.586950e-02;4.771861e-02;2.073795e-02;1.095020e-01;1.885714e-01;2.772304e-01;1.953619e-01;4.363787e-02;2.583312e-02
3.602121e-02;2.792634e-02;3.866973e-02;2.656496e-02;7.340401e-02;2.352189e-02;1.977190e-01;1.204417e-01;2.191421e-01;1.839074e-01;2.959767e-02;2.308403e-02
3.106690e-02;3.543985e-02;2.501633e-02;1.587706e-02;6.390781e-02;3.558667e-02;3.478785e-01;7.142386e-02;1.749242e-01;1.453437e-01;3.003785e-02;2.349728e-02
1.391350e-02;4.781194e-02;1.879280e-02;9.355617e-03;4.798664e-02;4.625880e-02;4.830546e-01;9.555953e-02;1.218057e-01;6.680281e-02;3.065631e-02;1.800180e-02
1.740815e-02;6.297670e-02;1.572360e-02;1.673757e-02;4.931708e-02;6.538595e-02;4.829226e-01;8.107278e-02;9.871490e-02;6.431795e-02;2.964829e-02;1.577444e-02
3.182626e-02;6.223981e-02;3.531102e-02;2.513428e-02;9.926286e-02;9.305238e-02;4.016733e-01;4.152640e-02;7.998632e-02;8.358818e-02;2.260371e-02;2.379545e-02
2.016771e-02;3.477952e-02;7.305123e-02;3.905157e-02;1.489644e-01;8.420247e-02;1.966655e-01;8.043619e-02;1.199032e-01;1.468352e-01;2.969273e-02;2.625029e-02
3.023809e-02;4.111271e-02;7.992567e-02;2.793207e-02;1.259656e-01;4.701271e-02;1.938241e-01;5.622476e-02;1.085182e-01;2.295054e-01;3.666208e-02;2.307860e-02
3.720339e-02;4.189565e-02;7.912324e-02;1.710131e-02;8.405486e-02;4.010073e-02;2.318746e-01;3.646351e-02;9.475356e-02;2.697582e-01;4.512131e-02;2.254959e-02
4.358176e-02;4.056592e-02;9.351272e-02;2.178482e-02;8.248537e-02;5.451632e-02;2.205475e-01;4.690913e-02;9.601636e-02;2.520311e-01;2.986089e-02;1.818807e-02
4.399848e-02;4.977467e-02;1.055032e-01;4.366193e-02;1.017610e-01;6.923704e-02;1.913000e-01;4.838102e-02;7.952074e-02;2.073096e-01;3.379380e-02;2.575855e-02
5.304794e-02;4.600415e-02;1.035171e-01;7.357271e-02;6.069776e-02;4.409438e-02;1.514246e-01;7.340772e-02;1.854292e-01;1.289569e-01;3.722226e-02;4.262522e-02
4.983130e-02;2.696278e-02;8.021066e-02;7.746355e-02;3.854004e-02;1.743140e-02;1.305590e-01;5.521280e-02;3.345034e-01;1.231795e-01;3.059991e-02;3.550572e-02
4.203298e-02;3.266368e-02;8.114069e-02;6.682786e-02;2.679384e-02;1.175388e-02;9.745291e-02;1.064336e-01;3.457528e-01;1.263913e-01;2.917926e-02;3.357714e-02
3.474536e-02;8.287420e-02;1.122857e-01;3.747223e-02;1.249069e-02;1.961777e-02;1.413365e-01;1.841881e-01;2.270039e-01;8.575603e-02;2.593031e-02;3.629914e-02
8.328860e-02;1.563548e-01;1.129538e-01;1.977012e-02;1.118373e-02;6.126133e-02;1.967708e-01;1.788518e-01;6.441129e-02;5.315009e-02;4.109439e-02;2.090920e-02
1.774572e-01;1.425909e-01;6.862707e-02;2.540746e-02;1.958189e-02;1.311354e-01;1.330856e-01;9.636103e-02;8.650023e-02;6.264173e-02;3.349932e-02;2.311222e-02
2.218852e-01;5.976752e-02;2.698796e-02;1.466039e-02;3.952041e-02;1.861507e-01;6.069611e-02;6.245476e-02;9.386259e-02;8.758155e-02;4.225766e-02;1.041752e-01
1.141243e-01;4.863666e-02;5.301688e-02;1.446472e-02;6.601804e-02;1.158617e-01;5.350325e-02;7.681397e-02;7.255649e-02;9.948029e-02;9.535555e-02;1.901681e-01
6.445457e-02;9.098257e-02;8.955583e-02;1.688034e-02;6.876604e-02;4.313126e-02;5.131854e-02;7.142828e-02;7.023326e-02;1.104889e-01;1.431352e-01;1.796252e-01
1.166334e-01;1.039631e-01;9.603706e-02;2.331950e-02;6.304988e-02;7.921223e-02;8.572937e-02;6.884174e-02;1.001974e-01;8.900078e-02;1.055181e-01;6.849752e-02
1.909675e-01;1.065159e-01;6.655931e-02;3.251990e-02;4.684536e-02;7.337084e-02;1.356077e-01;6.826297e-02;1.002870e-01;4.854995e-02;4.824661e-02;8.226701e-02
1.477624e-01;1.004422e-01;5.921378e-02;2.478625e-02;3.490257e-02;1.437043e-01;1.347127e-01;5.653806e-02;6.511319e-02;1.020781e-01;4.751321e-02;8.323324e-02
6.123738e-02;8.100051e-02;5.202742e-02;1.845679e-02;3.238923e-02;1.671211e-01;9.541287e-02;1.139391e-01;1.029251e-01;1.555938e-01;5.864801e-02;6.124872e-02
2.514417e-02;6.958613e-02;3.097077e-02;2.516399e-02;2.686890e-02;1.334926e-01;1.008754e-01;1.558460e-01;1.046795e-01;2.118672e-01;5.228900e-02;6.321638e-02
9.104609e-02;4.449990e-02;4.531432e-02;2.185135e-02;4.628881e-02;1.089059e-01;1.425343e-01;1.264715e-01;9.309057e-02;1.600151e-01;2.958334e-02;9.039892e-02
1.677121e-01;2.502485e-02;3.953382e-02;2.667766e-02;6.605352e-02;1.752198e-01;1.735964e-01;6.372124e-02;6.147772e-02;9.621108e-02;1.216242e-02;9.260940e-02
2.349548e-01;4.697559e-02;1.718401e-02;2.196395e-02;3.608512e-02;2.684806e-01;1.617673e-01;2.843906e-02;1.161068e-02;5.460675e-02;3.302690e-02;8.490518e-02
3.002783e-01;5.826351e-02;2.133489e-02;1.715842e-02;4.017825e-02;2.727996e-01;1.189438e-01;2.903020e-02;1.540740e-02;3.962585e-02;2.867561e-02;5.830410e-02
3.465874e-01;3.196735e-02;3.709452e-02;1.243190e-02;6.755032e-02;1.938969e-01;6.652103e-02;2.891169e-02;2.029748e-02;3.738056e-02;3.650028e-02;1.208606e-01
2.420418e-01;1.414709e-02;6.101733e-02;1.641072e-02;1.014253e-01;6.320268e-02;3.674250e-02;2.175358e-02;3.845080e-02;3.646564e-02;3.140076e-02;3.369418e-01
6.682780e-02;9.358466e-03;7.530100e-02;1.342269e-02;1.210935e-01;4.638224e-02;3.237018e-02;1.055948e-02;3.728810e-02;2.387395e-02;4.535048e-02;5.181721e-01
4.955281e-02;1.355339e-02;8.911403e-02;2.761150e-02;8.853243e-02;2.615726e-02;2.872920e-02;1.809099e-02;3.950771e-02;1.984525e-02;1.126826e-01;4.866229e-01
7.623683e-02;2.646654e-02;1.136660e-01;4.086438e-02;6.778971e-02;7.046825e-02;5.233804e-02;3.333656e-02;5.217441e-02;3.360328e-02;1.268148e-01;3.062412e-01
1.240994e-01;3.938006e-02;1.416036e-01;3.933097e-02;1.049518e-01;1.148476e-01;5.734865e-02;4.811477e-02;4.019022e-02;5.882423e-02;1.196456e-01;1.116630e-01
4.243115e-02;4.497486e-02;6.778266e-02;6.162910e-02;9.687483e-02;9.089022e-02;1.054159e-01;5.420568e-02;4.321116e-02;1.029340e-01;1.033293e-01;1.863211e-01
2.202562e-02;5.083186e-02;3.688150e-02;6.583129e-02;1.104011e-01;6.422947e-02;9.439054e-02;5.825864e-02;3.132834e-02;1.480301e-01;1.218871e-01;1.959044e-01
3.284055e-02;6.989166e-02;3.646589e-02;7.939428e-02;1.038079e-01;3.018487e-02;4.505123e-02;5.116914e-02;2.635880e-02;1.839862e-01;1.628808e-01;1.779688e-01
3.185675e-02;9.206576e-02;3.827850e-02;9.070460e-02;7.172644e-02;1.894301e-02;1.902147e-02;3.084993e-02;3.789924e-02;1.674972e-01;2.282865e-01;1.728706e-01
2.348159e-02;9.242037e-02;3.213757e-02;8.714446e-02;6.768692e-02;2.107987e-02;1.872964e-02;2.001955e-02;3.399025e-02;1.234347e-01;2.598701e-01;2.200049e-01
3.175389e-02;6.063524e-02;5.230755e-02;1.201367e-01;6.343403e-02;2.959562e-02;1.071683e-02;2.638367e-02;1.939287e-02;8.475218e-02;3.039538e-01;1.969377e-01
4.048011e-02;4.889589e-02;1.147633e-01;1.442297e-01;6.669763e-02;3.582640e-02;1.878539e-02;2.347003e-02;3.472856e-02;5.569224e-02;3.060742e-01;1.103567e-01
5.259625e-02;5.829635e-02;1.909083e-01;1.323609e-01;7.047456e-02;2.832688e-02;4.163215e-02;1.899063e-02;5.072828e-02;1.115342e-01;1.956705e-01;4.848098e-02
6.580195e-02;7.567646e-02;2.542858e-01;9.475043e-02;7.534651e-02;3.759014e-02;4.813853e-02;3.302255e-02;7.535555e-02;1.128625e-01;3.808241e-02;8.908722e-02
7.390337e-02;6.830326e-02;2.478790e-01;6.891853e-02;9.763063e-02;4.091381e-02;2.834014e-02;5.829449e-02;5.600084e-02;3.851051e-02;1.330673e-01;8.823811e-02
5.266878e-02;6.690783e-02;2.114524e-01;9.430334e-02;8.777706e-02;2.643897e-02;3.461948e-02;5.170047e-02;6.783327e-02;6.231405e-02;1.478031e-01;9.618123e-02
5.342518e-02;6.425031e-02;1.872663e-01;8.878747e-02;7.158620e-02;2.561167e-02;5.454367e-02;2.140248e-02;7.085570e-02;8.041854e-02;1.458546e-01;1.359978e-01
4.706531e-02;6.190026e-02;1.374294e-01;1.020415e-01;7.774412e-02;2.954804e-02;5.853284e-02;1.364019e-02;6.751617e-02;1.101530e-01;1.373893e-01;1.570398e-01
3.961077e-02;5.954207e-02;1.467485e-01;9.994912e-02;9.412428e-02;2.530631e-02;6.541741e-02;2.190554e-02;5.781952e-02;1.330881e-01;1.032195e-01;1.532689e-01
6.269559e-02;5.372012e-02;1.770677e-01;1.306472e-01;1.032654e-01;3.468785e-02;6.331256e-02;3.817369e-02;1.010494e-01;1.034454e-01;6.240501e-02;6.953023e-02
7.651423e-02;6.514358e-02;1.450800e-01;1.115467e-01;7.332121e-02;4.067196e-02;7.377673e-02;5.039786e-02;1.284474e-01;9.118922e-02;9.947207e-02;4.443913e-02
7.032238e-02;9.076653e-02;2.099503e-01;7.374632e-02;5.336793e-02;4.976675e-02;9.340620e-02;4.783975e-02;1.044607e-01;1.008331e-01;5.413910e-02;5.140099e-02
9.739419e-02;8.994425e-02;1.778836e-01;8.705970e-02;7.551923e-02;6.046068e-02;5.859816e-02;6.438181e-02;3.538660e-02;1.064111e-01;9.844894e-02;4.851176e-02
7.977689e-02;9.497426e-02;1.130266e-01;1.046785e-01;7.985643e-02;9.478962e-02;5.256875e-02;7.354770e-02;5.870460e-02;8.739139e-02;9.655005e-02;6.413522e-02
6.818993e-02;8.525202e-02;1.988616e-01;8.475545e-02;8.026535e-02;8.858678e-02;4.575614e-02;6.389875e-02;4.781320e-02;9.477043e-02;7.838815e-02;6.346223e-02
6.031378e-02;8.887599e-02;1.799215e-01;6.345131e-02;9.219350e-02;4.814771e-02;4.174587e-02;5.983761e-02;7.739740e-02;1.286454e-01;1.191405e-01;4.032941e-02
6.831624e-02;9.345620e-02;1.460262e-01;8.581343e-02;9.044790e-02;3.213304e-02;9.416666e-02;7.334780e-02;6.092849e-02;1.230947e-01;9.639464e-02;3.587461e-02
2.554408e-01;9.332264e-02;7.254627e-02;1.276699e-01;4.417943e-02;2.171791e-02;8.168498e-02;4.294030e-02;2.911684e-02;9.025372e-02;4.809378e-02;9.303334e-02
3.270448e-01;7.606221e-02;2.284943e-02;1.412233e-01;1.967031e-02;1.877232e-02;5.052388e-02;1.258316e-02;1.940248e-02;1.101739e-01;7.244417e-02;1.292501e-01
3.812323e-01;6.991345e-02;2.302554e-02;1.139617e-01;1.656760e-02;1.033701e-02;3.557925e-02;8.968770e-03;1.045479e-02;1.270587e-01;5.299097e-02;1.499099e-01
4.658763e-01;5.410170e-02;1.161434e-02;6.808859e-02;1.595274e-02;4.591662e-03;2.589932e-02;6.162578e-03;7.308747e-03;1.397124e-01;3.182039e-02;1.688712e-01
5.534214e-01;4.242964e-02;1.159008e-02;3.623191e-02;1.242700e-02;5.358793e-03;1.550610e-02;6.490163e-03;5.300424e-03;1.186888e-01;1.676079e-02;1.757949e-01
5.917838e-01;4.858421e-02;1.390790e-02;3.562253e-02;1.158186e-02;6.362924e-03;1.276283e-02;7.621231e-03;4.468904e-03;6.698824e-02;2.325742e-02;1.770582e-01
6.172105e-01;4.843638e-02;2.576005e-02;2.509219e-02;9.066711e-03;7.942475e-03;1.616949e-02;2.811568e-02;8.054829e-03;3.015714e-02;2.105380e-02;1.629408e-01
5.864459e-01;1.039519e-01;2.502430e-02;2.004121e-02;1.801735e-02;8.348417e-03;1.329895e-02;7.032418e-02;1.384914e-02;1.725234e-02;1.416770e-02;1.092786e-01
5.242599e-01;1.419676e-01;2.177786e-02;2.097227e-02;3.873908e-02;8.818293e-03;1.695505e-02;1.207095e-01;1.578924e-02;2.329048e-02;1.302832e-02;5.369233e-02
4.772093e-01;1.695907e-01;1.950839e-02;1.721716e-02;6.018620e-02;8.873229e-03;2.512664e-02;1.314569e-01;1.832099e-02;2.882843e-02;1.315676e-02;3.052533e-02
4.902364e-01;2.201361e-01;2.198649e-02;1.821718e-02;5.027872e-02;1.051604e-02;2.268588e-02;9.026532e-02;1.097256e-02;1.733423e-02;5.996356e-03;4.137468e-02
4.414286e-01;3.318215e-01;3.050356e-02;1.353263e-02;2.998224e-02;1.111686e-02;2.288838e-02;6.058841e-02;1.937669e-02;1.172996e-02;1.041480e-02;1.661644e-02
3.952655e-01;3.996220e-01;5.210854e-02;7.789352e-03;1.695947e-02;8.356581e-03;8.734100e-03;3.498325e-02;3.215392e-02;1.307254e-02;7.859837e-03;2.309488e-02
2.969304e-01;4.442246e-01;8.654084e-02;9.097808e-03;3.919563e-02;1.913628e-02;7.747112e-03;1.572414e-02;3.305811e-02;1.117266e-02;9.082243e-03;2.809013e-02
2.036685e-01;4.222923e-01;1.021824e-01;2.556438e-02;9.329467e-02;3.983673e-02;1.680479e-02;1.516522e-02;2.574358e-02;1.361425e-02;1.120269e-02;3.063056e-02
2.762986e-01;2.565356e-01;1.435733e-01;4.417330e-02;8.349352e-02;3.277795e-02;2.457920e-02;2.523113e-02;2.470051e-02;1.674421e-02;1.770363e-02;5.418908e-02
3.068511e-01;1.565030e-01;1.726501e-01;4.494157e-02;5.190815e-02;2.033285e-02;2.608950e-02;5.517029e-02;2.590985e-02;2.272006e-02;2.254470e-02;9.437884e-02
4.240225e-01;1.319201e-01;9.602541e-02;1.958606e-02;3.461046e-02;1.389949e-02;2.047133e-02;7.332785e-02;2.934240e-02;2.146577e-02;1.332501e-02;1.220037e-01
4.598777e-01;1.000018e-01;3.211096e-02;2.488809e-02;2.817174e-02;1.207256e-02;4.045711e-02;6.019105e-02;3.643401e-02;2.890546e-02;1.503239e-02;1.618572e-01
3.674729e-01;1.128237e-01;3.704610e-02;3.849958e-02;1.552314e-02;7.590000e-03;8.803339e-02;4.792660e-02;3.262089e-02;3.631072e-02;2.278684e-02;1.933662e-01
2.665580e-01;8.321007e-02;3.310505e-02;5.603430e-02;3.090698e-02;1.967002e-02;1.712508e-01;6.097871e-02;3.959131e-02;5.223207e-02;4.211951e-02;1.443432e-01
2.434261e-01;8.847945e-02;5.740309e-02;4.345814e-02;2.590841e-02;2.497980e-02;1.317817e-01;5.243364e-02;4.038726e-02;8.910666e-02;4.265022e-02;1.599855e-01
1.783926e-01;7.382126e-02;5.243344e-02;4.681223e-02;1.970545e-02;1.749923e-02;1.163355e-01;4.949933e-02;3.108008e-02;1.041834e-01;3.592723e-02;2.743102e-01
8.944518e-02;3.953957e-02;3.399621e-02;6.050621e-02;1.179301e-02;1.000122e-02;1.306111e-01;3.434672e-02;1.482830e-02;9.358322e-02;2.577648e-02;4.555728e-01
6.579857e-02;2.374764e-02;1.027187e-02;7.307696e-02;7.864419e-03;6.382833e-03;1.546268e-01;1.724619e-02;1.587794e-02;4.208399e-02;1.304355e-02;5.699793e-01
6.320426e-02;2.368160e-02;8.853780e-03;5.782652e-02;4.351585e-03;8.553580e-03;1.694559e-01;9.296500e-03;1.513705e-02;3.090812e-02;1.613561e-02;5.925955e-01
5.966590e-02;1.947039e-02;1.198723e-02;3.209854e-02;3.142620e-03;1.082881e-02;1.820156e-01;4.516475e-03;1.010812e-02;2.180038e-02;2.375461e-02;6.206114e-01
4.821752e-02;2.220270e-02;1.671883e-02;1.801831e-02;7.629816e-03;1.118431e-02;1.700866e-01;1.250598e-02;9.043962e-03;2.057051e-02;8.461421e-02;5.792072e-01
4.136067e-02;2.865389e-02;4.933113e-02;2.624993e-02;9.613507e-03;2.566712e-02;9.253252e-02;1.579928e-02;3.324394e-02;3.615393e-02;2.113713e-01;4.300228e-01
2.719855e-02;1.945993e-02;9.476213e-02;2.653046e-02;8.991764e-03;3.710743e-02;7.859440e-02;1.172517e-02;3.402599e-02;3.259546e-02;3.558951e-01;2.731137e-01
1.833655e-02;1.490580e-02;1.283894e-01;2.739691e-02;8.954779e-03;4.747647e-02;7.466823e-02;1.374648e-02;3.085306e-02;8.103301e-02;4.105835e-01;1.436557e-01
2.082176e-02;1.463063e-02;1.227095e-01;2.443999e-02;7.189817e-03;6.739581e-02;6.040374e-02;1.239250e-02;4.176870e-02;1.363993e-01;4.215089e-01;7.033934e-02
2.350033e-02;1.490910e-02;8.506473e-02;1.864310e-02;1.043925e-02;9.188838e-02;5.162981e-02;9.998473e-03;5.832379e-02;1.006148e-01;4.125744e-01;1.224138e-01
3.721480e-02;1.923829e-02;5.509711e-02;1.227614e-02;1.509906e-02;1.096169e-01;4.468999e-02;1.283267e-02;5.232960e-02;6.253365e-02;4.049006e-01;1.741712e-01
3.744696e-02;1.429387e-02;4.388871e-02;1.481447e-02;1.053712e-02;8.654156e-02;3.406765e-02;1.436646e-02;3.839333e-02;1.002568e-01;4.057746e-01;1.996185e-01
2.118735e-02;1.277578e-02;6.839792e-02;1.702367e-02;9.127913e-03;5.742684e-02;3.991406e-02;3.058356e-02;3.675500e-02;1.126046e-01;3.640123e-01;2.301910e-01
2.705431e-02;1.746881e-02;6.367614e-02;2.460976e-02;1.456268e-02;7.150409e-02;5.587533e-02;6.458758e-02;3.194793e-02;1.484670e-01;2.490959e-01;2.311504e-01
3.518171e-02;1.912602e-02;4.595552e-02;2.418849e-02;2.932090e-02;5.440261e-02;6.970944e-02;1.117701e-01;5.773918e-02;1.556065e-01;1.986639e-01;1.983356e-01
3.710502e-02;1.081465e-02;4.971517e-02;1.499017e-02;3.845960e-02;3.861801e-02;8.537057e-02;1.102808e-01;1.440211e-01;2.025751e-01;1.104654e-01;1.575844e-01
3.444654e-02;2.033267e-02;3.536834e-02;3.341027e-02;2.439769e-02;3.702968e-02;1.123786e-01;7.587548e-02;2.717292e-01;1.640637e-01;9.074920e-02;1.002186e-01
3.377992e-02;1.672740e-02;1.893495e-02;4.430961e-02;1.510087e-02;3.288529e-02;1.383864e-01;7.973316e-02;3.775313e-01;8.574291e-02;7.861179e-02;7.825634e-02
3.175562e-02;1.244461e-02;1.511845e-02;4.209404e-02;1.498032e-02;2.409112e-02;1.438706e-01;8.787765e-02;4.159678e-01;1.054108e-01;6.095760e-02;4.543131e-02
1.721966e-02;1.194955e-02;2.399238e-02;4.554435e-02;1.817016e-02;2.436446e-02;1.148904e-01;6.863829e-02;4.233226e-01;1.324498e-01;8.912978e-02;3.032861e-02
3.502585e-02;1.772096e-02;2.050914e-02;3.198953e-02;3.212738e-02;1.829039e-02;8.377498e-02;8.214119e-02;3.216511e-01;2.177282e-01;1.049263e-01;3.411490e-02
7.026961e-02;3.492521e-02;4.335539e-02;1.727504e-02;4.168484e-02;3.593509e-02;5.501871e-02;1.466600e-01;1.602852e-01;1.905342e-01;1.551217e-01;4.893494e-02
6.068105e-02;3.702162e-02;5.703986e-02;1.593943e-02;3.275042e-02;7.250648e-02;3.568764e-02;1.580759e-01;7.619960e-02;9.584202e-02;3.017172e-01;5.653882e-02
1.697216e-02;1.318118e-02;4.412294e-02;1.079840e-02;3.113419e-02;7.505563e-02;3.303366e-02;6.482932e-02;4.221430e-02;4.971954e-02;5.129173e-01;1.060213e-01
2.579108e-02;1.009339e-02;5.011497e-02;9.565680e-03;4.123997e-02;3.931905e-02;2.321074e-02;1.347878e-02;1.960284e-02;5.170183e-02;5.392087e-01;1.766729e-01
3.051720e-02;1.777164e-02;6.316523e-02;1.690798e-02;3.546607e-02;7.637823e-02;1.834245e-02;1.048614e-02;2.929184e-02;4.171230e-02;4.727305e-01;1.872304e-01
2.608027e-02;2.381402e-02;9.653272e-02;2.397209e-02;1.931183e-02;1.481357e-01;2.219513e-02;1.495428e-02;3.813825e-02;2.954483e-02;4.293970e-01;1.279238e-01
1.870513e-02;2.058662e-02;2.241518e-01;1.847846e-02;1.540778e-02;2.018008e-01;2.290527e-02;1.974017e-02;4.771223e-02;4.896715e-02;3.113506e-01;5.019393e-02
1.779102e-02;2.186208e-02;2.723224e-01;1.712504e-02;3.165520e-02;2.128201e-01;4.540687e-02;1.987313e-02;7.077204e-02;3.903910e-02;1.966459e-01;5.468703e-02
3.322002e-02;3.391005e-02;2.187876e-01;2.725915e-02;4.034109e-02;2.178766e-01;8.968120e-02;1.162726e-02;9.739195e-02;3.321410e-02;1.347578e-01;6.193313e-02
3.829194e-02;3.171618e-02;1.578107e-01;3.832736e-02;3.259884e-02;1.927522e-01;1.858436e-01;9.967020e-03;1.081141e-01;3.087277e-02;8.551215e-02;8.819314e-02
1.834860e-02;1.796810e-02;5.579604e-02;4.213887e-02;1.485471e-02;9.458490e-02;3.279192e-01;1.395399e-02;7.260535e-02;3.596152e-02;1.020861e-01;2.037827e-01
1.581331e-02;1.506710e-02;1.073864e-02;5.802726e-02;5.087816e-03;4.807473e-02;3.552386e-01;2.126409e-02;4.009504e-02;7.842843e-02;7.025804e-02;2.819069e-01
3.410399e-02;2.127558e-02;1.117901e-02;5.812635e-02;6.223474e-03;4.624264e-02;2.713542e-01;2.174921e-02;2.821169e-02;1.453211e-01;4.169861e-02;3.145141e-01
7.351413e-02;4.048731e-02;1.696393e-02;3.562187e-02;9.262499e-03;4.815313e-02;1.439189e-01;3.521609e-02;2.769043e-02;2.327415e-01;5.526153e-02;2.811686e-01
1.345978e-01;4.725064e-02;1.534154e-02;2.718669e-02;2.003591e-02;3.527620e-02;2.398198e-01;4.600132e-02;2.787778e-02;1.955601e-01;5.442639e-02;1.566259e-01
1.815028e-01;2.565434e-02;1.590303e-02;2.895251e-02;2.784337e-02;3.492467e-02;2.677671e-01;7.084165e-02;2.982531e-02;1.563916e-01;4.019137e-02;1.202023e-01
1.642387e-01;2.703308e-02;3.982284e-02;4.838390e-02;3.342221e-02;4.436912e-02;2.142020e-01;1.115348e-01;3.732466e-02;8.612867e-02;5.422817e-02;1.393119e-01
1.410054e-01;2.284129e-02;4.262844e-02;5.608106e-02;1.986851e-02;4.013808e-02;1.112812e-01;6.422025e-02;3.366843e-02;9.668595e-02;1.011308e-01;2.704507e-01
8.736778e-02;2.448980e-02;3.406386e-02;6.141401e-02;1.418164e-02;2.608713e-02;7.116331e-02;4.621812e-02;4.996654e-02;1.160198e-01;1.772655e-01;2.917624e-01
7.003979e-02;2.262906e-02;3.115178e-02;5.593321e-02;1.411741e-02;3.180804e-02;7.905047e-02;6.305779e-02;8.308848e-02;1.231330e-01;2.177594e-01;2.082316e-01
1.415067e-01;2.972612e-02;4.277373e-02;4.324874e-02;2.187927e-02;3.642323e-02;9.582718e-02;9.487593e-02;1.080251e-01;7.988738e-02;1.711258e-01;1.347008e-01
1.698042e-01;3.284145e-02;5.231633e-02;5.774879e-02;2.160764e-02;1.861992e-02;5.997958e-02;7.735427e-02;9.437632e-02;6.231123e-02;9.699681e-02;2.560435e-01
1.478731e-01;3.658786e-02;6.934950e-02;6.888125e-02;1.707037e-02;3.228959e-02;4.236968e-02;6.022846e-02;9.242623e-02;8.302177e-02;1.587222e-01;1.911799e-01
1.659993e-01;3.069915e-02;7.397941e-02;5.896569e-02;1.893339e-02;2.817800e-02;7.411526e-02;3.642408e-02;5.229984e-02;1.173665e-01;1.983022e-01;1.447371e-01
2.522103e-01;1.865442e-02;5.010812e-02;6.015812e-02;1.960069e-02;2.517481e-02;6.829894e-02;3.651911e-02;2.574772e-02;1.174407e-01;1.536748e-01;1.724123e-01
2.702435e-01;3.530709e-02;4.777827e-02;1.374160e-01;1.859700e-02;2.111143e-02;4.361733e-02;2.755736e-02;2.765056e-02;7.506590e-02;4.608402e-02;2.495716e-01
2.472841e-01;4.492621e-02;4.156038e-02;2.054903e-01;1.421568e-02;1.741935e-02;6.501968e-02;1.369672e-02;2.140170e-02;4.804134e-02;3.524763e-02;2.456969e-01
2.206238e-01;2.791145e-02;3.751853e-02;2.027991e-01;1.277803e-02;2.138961e-02;7.251232e-02;2.602731e-02;1.290931e-02;3.677196e-02;3.799655e-02;2.907621e-01
2.201167e-01;3.067548e-02;4.018904e-02;1.029966e-01;9.879883e-03;1.443456e-02;6.898431e-02;4.072776e-02;3.706822e-02;4.323932e-02;5.926882e-02;3.324192e-01
2.014481e-01;2.515425e-02;2.617434e-02;8.536484e-02;1.053694e-02;1.403754e-02;9.697593e-02;3.387164e-02;4.396379e-02;4.750995e-02;5.954205e-02;3.554206e-01
2.360721e-01;2.647305e-02;1.844582e-02;7.259467e-02;1.116761e-02;2.015105e-02;1.107260e-01;1.794129e-02;4.145699e-02;4.263960e-02;6.774217e-02;3.345896e-01
2.305093e-01;2.721278e-02;2.169787e-02;3.962691e-02;9.331557e-03;4.573534e-02;7.579664e-02;3.202870e-02;6.559861e-02;7.083889e-02;1.421397e-01;2.394838e-01
1.773049e-01;2.116983e-02;2.489143e-02;5.513145e-02;2.519527e-02;3.898647e-02;1.140781e-01;6.602675e-02;8.899429e-02;9.254289e-02;1.577672e-01;1.379113e-01
1.138295e-01;2.520072e-02;2.979440e-02;6.293193e-02;2.892287e-02;2.479737e-02;2.458813e-01;8.259770e-02;9.063855e-02;6.802575e-02;1.155221e-01;1.118578e-01
1.052490e-01;2.133550e-02;3.288832e-02;5.230874e-02;2.540564e-02;4.185373e-02;3.572807e-01;6.606100e-02;6.830280e-02;4.229847e-02;7.016000e-02;1.168561e-01
1.114040e-01;2.419354e-02;2.182215e-02;4.545818e-02;3.472250e-02;4.044295e-02;4.071600e-01;5.408169e-02;4.616231e-02;5.473455e-02;3.782052e-02;1.219976e-01
1.188546e-01;1.872930e-02;1.092168e-02;4.154016e-02;3.700653e-02;3.747695e-02;3.898510e-01;4.057467e-02;4.848615e-02;6.823123e-02;5.906126e-02;1.292664e-01
9.927374e-02;2.453728e-02;3.592018e-02;3.804164e-02;2.856355e-02;4.015588e-02;3.140145e-01;3.935535e-02;6.468271e-02;9.409165e-02;6.997939e-02;1.513841e-01
1.072565e-01;5.610269e-02;5.437961e-02;4.174874e-02;2.460257e-02;2.061611e-02;1.704877e-01;6.436951e-02;8.416709e-02;9.680541e-02;1.290647e-01;1.503994e-01
1.463541e-01;6.165621e-02;5.025240e-02;2.999559e-02;2.104071e-02;2.297843e-02;8.263029e-02;3.405245e-02;6.489795e-02;5.260779e-02;1.614219e-01;2.721122e-01
1.352276e-01;3.801024e-02;3.775835e-02;2.767871e-02;1.230233e-02;1.641883e-02;6.724000e-02;1.504920e-02;4.346080e-02;2.985473e-02;1.301082e-01;4.468910e-01
9.384274e-02;1.815247e-02;1.929908e-02;3.827298e-02;6.981795e-03;6.781725e-03;7.633860e-02;1.363382e-02;2.709816e-02;4.265065e-02;3.635605e-02;6.205919e-01
5.430257e-02;1.550539e-02;2.191678e-02;2.708853e-02;6.238580e-03;1.364492e-02;5.255220e-02;7.521526e-03;2.170054e-02;2.453156e-02;1.641288e-01;5.908687e-01
3.269820e-02;8.476255e-03;3.770595e-02;9.432394e-03;5.389089e-03;1.870049e-02;3.717810e-02;6.943371e-03;1.919977e-02;1.298244e-02;3.455292e-01;4.657648e-01
2.228897e-02;6.183418e-03;4.486839e-02;2.991455e-03;3.893116e-03;1.655299e-02;2.742115e-02;6.885118e-03;2.229285e-02;1.158028e-02;4.345166e-01;4.005257e-01
1.958884e-02;8.636530e-03;4.536007e-02;7.364978e-03;3.071796e-03;1.081910e-02;2.217968e-02;8.075536e-03;2.042550e-02;2.846370e-02;3.880962e-01;4.379181e-01
3.509194e-02;1.267823e-02;3.406300e-02;2.335358e-02;6.569645e-03;7.282750e-03;4.344058e-02;1.374603e-02;1.427779e-02;4.504480e-02;2.224437e-01;5.420080e-01
6.394102e-02;1.489539e-02;2.090326e-02;3.636666e-02;1.137798e-02;4.915298e-03;7.631560e-02;1.341648e-02;1.716046e-02;6.538158e-02;5.845201e-02;6.168743e-01
3.943686e-02;1.615952e-02;1.908286e-02;3.432461e-02;8.416462e-03;5.404763e-03;8.227745e-02;6.409191e-03;1.777141e-02;6.166564e-02;1.349183e-01;5.741329e-01
4.914051e-02;1.162236e-02;1.659624e-02;8.568081e-02;8.067735e-03;8.121617e-03;7.954319e-02;8.852534e-03;1.585366e-02;4.337116e-02;1.698494e-01;5.033008e-01
1.008276e-01;1.853734e-02;2.160357e-02;1.594830e-01;1.091948e-02;1.785588e-02;7.593762e-02;1.782496e-02;1.842496e-02;5.509847e-02;1.587839e-01;3.447032e-01
1.309166e-01;3.522507e-02;5.800838e-02;1.448957e-01;1.858600e-02;2.282566e-02;1.026896e-01;2.963108e-02;3.218383e-02;1.109178e-01;7.500804e-02;2.391122e-01
1.273051e-01;6.216260e-02;6.843101e-02;5.632189e-02;1.869857e-02;2.189060e-02;9.874763e-02;3.923527e-02;5.593609e-02;9.217225e-02;1.171809e-01;2.419181e-01
2.007010e-01;8.158655e-02;1.072013e-01;8.280864e-02;2.359183e-02;2.498050e-02;8.699852e-02;3.858894e-02;5.886928e-02;8.986053e-02;3.962110e-02;1.651917e-01
2.262594e-01;2.652365e-02;8.754384e-02;1.221601e-01;1.878705e-02;2.535027e-02;6.534123e-02;2.648969e-02;6.058602e-02;9.534043e-02;8.269520e-02;1.629231e-01
1.920477e-01;5.468766e-02;6.004316e-02;8.583390e-02;1.229446e-02;2.434631e-02;6.378605e-02;1.148930e-02;5.227565e-02;8.250733e-02;1.321951e-01;2.284934e-01
1.161413e-01;4.896313e-02;6.056101e-02;2.991440e-02;1.425298e-02;3.364761e-02;6.887189e-02;1.601606e-02;3.541399e-02;1.003364e-01;1.782807e-01;2.976005e-01
9.690739e-02;3.275894e-02;3.472359e-02;2.784306e-02;1.235576e-02;3.664839e-02;5.380913e-02;1.017794e-02;2.110425e-02;1.050577e-01;2.083382e-01;3.602757e-01
6.155950e-02;2.984419e-02;2.250945e-02;2.749046e-02;9.941971e-03;4.044693e-02;4.494496e-02;1.407168e-02;2.013186e-02;8.364029e-02;3.121196e-01;3.332991e-01
8.938327e-02;2.462344e-02;5.071339e-02;2.894340e-02;1.632530e-02;4.170354e-02;5.932777e-02;2.425915e-02;2.249098e-02;8.287626e-02;3.073390e-01;2.520146e-01
2.490740e-01;8.656175e-02;9.448572e-02;5.961849e-02;6.150300e-02;3.366281e-02;7.372255e-02;6.319772e-02;3.289336e-02;3.982316e-02;1.114124e-01;9.404504e-02
3.282068e-01;1.064613e-01;9.343515e-02;5.994899e-02;9.964114e-02;2.738559e-02;6.468275e-02;7.822482e-02;3.350023e-02;2.487139e-02;3.450975e-02;4.913213e-02
3.560299e-01;6.736621e-02;6.377268e-02;4.290051e-02;1.397224e-01;1.867294e-02;4.365059e-02;7.774325e-02;3.048227e-02;2.698012e-02;3.847685e-02;9.420229e-02
2.209700e-01;1.955843e-02;2.277156e-02;5.197983e-02;9.952012e-02;1.221397e-02;4.189055e-02;5.202734e-02;2.801629e-02;5.358179e-02;6.171606e-02;3.357541e-01
7.461792e-02;1.628368e-02;2.452906e-02;2.730408e-02;4.587303e-02;2.186272e-02;6.153081e-02;2.545209e-02;1.751136e-02;3.868683e-02;1.226436e-01;5.237048e-01
3.703118e-02;1.072441e-02;2.824251e-02;1.585779e-02;2.378473e-02;2.240638e-02;4.608014e-02;1.600678e-02;1.668240e-02;3.167248e-02;2.487892e-01;5.027220e-01
3.199176e-02;9.948635e-03;4.294022e-02;1.739149e-02;8.663944e-03;2.361104e-02;2.052728e-02;1.068826e-02;1.934274e-02;3.230657e-02;4.695903e-01;3.129978e-01
1.662704e-02;9.981259e-03;3.997987e-02;1.088029e-02;1.259067e-02;4.383369e-02;1.222472e-02;8.383437e-03;2.476554e-02;9.908786e-02;6.013975e-01;1.202482e-01
1.207148e-02;1.322632e-02;2.184113e-02;9.290768e-03;4.157818e-02;4.854584e-02;1.057067e-02;2.501579e-02;2.726008e-02;2.915724e-01;4.368000e-01;6.222734e-02
1.405761e-02;1.917716e-02;8.921750e-03;9.664007e-03;9.217586e-02;3.034435e-02;1.586475e-02;3.469493e-02;1.001692e-01;4.747263e-01;1.849478e-01;1.525627e-02
1.750850e-02;1.165677e-02;6.507717e-03;1.987020e-02;9.258121e-02;1.855438e-02;2.400348e-02;2.667380e-02;2.959392e-01;3.938478e-01;8.434073e-02;8.516164e-03
1.890602e-02;1.147654e-02;1.277719e-02;3.400963e-02;4.506817e-02;3.508525e-02;5.461736e-02;7.946891e-02;4.836608e-01;1.860668e-01;2.992368e-02;8.939655e-03
1.669116e-02;9.439200e-03;2.519543e-02;2.559668e-02;1.309934e-02;6.320128e-02;1.005040e-01;2.311295e-01;3.182253e-01;1.356679e-01;3.906479e-02;2.218551e-02
2.203068e-02;9.889414e-03;3.085935e-02;1.587729e-02;3.363488e-02;7.519510e-02;2.073262e-01;3.470222e-01;9.476201e-02;9.427366e-02;4.544201e-02;2.368717e-02
2.426506e-02;1.369238e-02;2.095830e-02;2.555933e-02;4.374817e-02;7.169031e-02;2.624772e-01;2.317191e-01;1.533574e-01;1.165035e-01;1.650542e-02;1.952371e-02
2.280919e-02;1.683725e-02;3.004978e-02;3.557426e-02;6.543715e-02;1.381626e-01;2.123440e-01;1.067683e-01;1.486506e-01;1.442210e-01;5.500864e-02;2.413727e-02
1.962428e-02;2.074993e-02;7.255328e-02;7.210687e-02;1.245674e-01;1.602218e-01;4.146881e-02;1.575090e-01;5.779169e-02;1.572256e-01;1.063324e-01;9.848862e-03
1.663592e-02;2.411355e-02;1.178629e-01;9.947686e-02;1.106062e-01;7.365708e-02;1.084207e-01;1.048212e-01;1.672250e-01;7.812808e-02;7.798482e-02;2.106770e-02
3.133584e-02;4.163761e-02;1.637998e-01;8.196139e-02;7.314785e-02;5.078091e-02;1.495623e-01;1.039192e-01;2.095826e-01;4.449234e-02;3.036731e-02;1.941284e-02
4.417345e-02;4.235828e-02;1.707213e-01;5.660354e-02;4.254340e-02;7.466872e-02;2.049225e-01;1.006761e-01;1.123184e-01;7.924949e-02;4.641461e-02;2.535023e-02
3.279400e-02;2.079787e-02;1.222228e-01;4.098448e-02;3.910634e-02;8.875862e-02;2.174642e-01;8.007713e-02;1.857936e-01;1.154166e-01;3.945756e-02;1.712676e-02
2.011060e-02;3.095848e-02;7.380646e-02;3.905987e-02;5.135848e-02;7.897557e-02;1.532676e-01;1.238491e-01;2.741669e-01;8.075413e-02;4.646125e-02;2.723153e-02
2.097818e-02;3.706162e-02;9.329819e-02;5.049482e-02;5.639008e-02;6.422684e-02;1.099602e-01;2.090271e-01;1.473084e-01;9.284332e-02;9.481631e-02;2.359496e-02
1.883058e-02;3.668556e-02;6.368783e-02;3.432246e-02;5.033670e-02;4.650984e-02;1.961534e-01;2.043313e-01;1.225375e-01;1.508123e-01;6.470790e-02;1.108467e-02
4.270308e-02;3.522375e-02;4.646992e-02;1.376071e-02;5.319227e-02;7.486714e-02;2.768746e-01;8.684552e-02;2.180705e-01;1.206509e-01;1.293233e-02;1.840927e-02
4.042982e-02;3.276547e-02;6.302744e-02;4.302580e-02;4.828571e-02;8.803978e-02;3.124514e-01;6.718156e-02;1.166229e-01;1.314205e-01;2.592446e-02;3.082509e-02
4.633321e-02;2.592687e-02;7.202733e-02;5.961668e-02;5.578069e-02;7.436428e-02;2.401422e-01;6.917633e-02;9.920738e-02;1.389790e-01;6.300560e-02;5.544039e-02
