1.872513e-01;2.402359e-01;2.860349e-01;2.184354e-02;3.017782e-02;3.626759e-02;3.774271e-02;1.676183e-02;4.075309e-02;3.829066e-02;3.399206e-02;3.064870e-02
9.247146e-02;2.158530e-01;4.341415e-01;3.560255e-02;2.614245e-02;3.373392e-02;1.899065e-02;1.232394e-02;4.523598e-02;4.225882e-02;2.207070e-02;2.117508e-02
5.426479e-02;2.188175e-01;4.539662e-01;3.613029e-02;2.609275e-02;4.072453e-02;1.617200e-02;1.236146e-02;8.406805e-02;3.264233e-02;1.176237e-02;1.299763e-02
1.226403e-01;2.072324e-01;3.160448e-01;3.141431e-02;5.186439e-02;4.627596e-02;1.746266e-02;3.072667e-02;1.058292e-01;4.087344e-02;1.433520e-02;1.530067e-02
1.833111e-01;1.529408e-01;2.267780e-01;3.389507e-02;8.236737e-02;3.894632e-02;2.063905e-02;5.420146e-02;9.318736e-02;6.116185e-02;3.007532e-02;2.249642e-02
1.815353e-01;1.104571e-01;1.967757e-01;4.319961e-02;7.874710e-02;2.655414e-02;2.663378e-02;6.549601e-02;9.198088e-02;7.661609e-02;5.633185e-02;4.567252e-02
1.545491e-01;1.195002e-01;1.733969e-01;4.543916e-02;3.253448e-02;1.257414e-02;2.824120e-02;6.168481e-02;1.175660e-01;1.173755e-01;6.687826e-02;7.026032e-02
1.958408e-01;9.594372e-02;1.698959e-01;3.457454e-02;4.527907e-02;1.665996e-02;3.513891e-02;3.952676e-02;1.379531e-01;9.741087e-02;6.032421e-02;7.145219e-02
1.873048e-01;6.557393e-02;1.927898e-01;4.629129e-02;6.257488e-02;2.263856e-02;5.311510e-02;3.674702e-02;1.129411e-01;7.813368e-02;6.736003e-02;7.452986e-02
2.152786e-01;6.227398e-02;1.829580e-01;7.388063e-02;4.167168e-02;3.176756e-02;5.954485e-02;3.910385e-02;6.957711e-02;7.803014e-02;6.922179e-02;7.669187e-02
2.779674e-01;8.425417e-02;1.461097e-01;7.114372e-02;3.226913e-02;2.752355e-02;5.380740e-02;3.091634e-02;4.655492e-02;7.298427e-02;6.629237e-02;9.017705e-02
3.046741e-01;6.768806e-02;1.914259e-01;5.307548e-02;3.621569e-02;1.379244e-02;5.959822e-02;4.887911e-02;3.607913e-02;5.334320e-02;5.080798e-02;8.442070e-02
3.268922e-01;1.079477e-01;1.390216e-01;2.624444e-02;5.244839e-02;1.438531e-02;7.035539e-02;6.913105e-02;4.555188e-02;3.431420e-02;3.971333e-02;7.399442e-02
1.468437e-01;4.326059e-02;2.202894e-01;7.922526e-02;8.376129e-02;4.955777e-02;1.364946e-01;4.519448e-02;4.436324e-02;2.812149e-02;5.611281e-02;6.677540e-02
1.261084e-01;2.980195e-02;1.855349e-01;7.943194e-02;1.046991e-01;7.288964e-02;1.599037e-01;3.121964e-02;3.907666e-02;2.468568e-02;4.797876e-02;9.866971e-02
1.938293e-01;4.260568e-02;1.106030e-01;4.740036e-02;1.175031e-01;9.588654e-02;1.555656e-01;1.977317e-02;3.803540e-02;1.904307e-02;3.113996e-02;1.286149e-01
2.341093e-01;4.589138e-02;7.153400e-02;5.324679e-02;1.613225e-01;1.003679e-01;9.481987e-02;1.188538e-02;3.797804e-02;1.425843e-02;1.829160e-02;1.562947e-01
1.669296e-01;3.299929e-02;8.075252e-02;1.509618e-01;2.032583e-01;7.273884e-02;4.402352e-02;2.430890e-02;3.706574e-02;2.125795e-02;1.508484e-02;1.506187e-01
6.614503e-02;2.663442e-02;1.988714e-01;2.831017e-01;1.532308e-01;3.609840e-02;3.098509e-02;3.583458e-02;2.364187e-02;2.321877e-02;4.119160e-02;8.104634e-02
2.644807e-02;2.553155e-02;3.545868e-01;2.551158e-01;7.961184e-02;1.778786e-02;3.870264e-02;2.525193e-02;2.152346e-02;5.407893e-02;7.596190e-02;2.539915e-02
1.505866e-02;5.645517e-02;4.870785e-01;1.282004e-01;4.468735e-02;1.587036e-02;3.496304e-02;8.843246e-03;3.425183e-02;9.057486e-02;6.954572e-02;1.447084e-02
5.047758e-02;1.165123e-01;4.912649e-01;4.128534e-02;2.043570e-02;2.474205e-02;3.734668e-02;6.581611e-03;6.390648e-02;8.114293e-02;3.479005e-02;3.151432e-02
9.612203e-02;1.613632e-01;3.772126e-01;3.570765e-02;2.896194e-02;4.324602e-02;4.694480e-02;1.795513e-02;9.166941e-02;3.524566e-02;2.038581e-02;4.518577e-02
1.132583e-01;1.575727e-01;3.290944e-01;5.040850e-02;4.697014e-02;4.752945e-02;6.054977e-02;2.541258e-02;7.092159e-02;3.034984e-02;3.576857e-02;3.216418e-02
1.233478e-01;1.310344e-01;3.607722e-01;3.179550e-02;5.913637e-02;4.655159e-02;5.743155e-02;3.912764e-02;3.266405e-02;2.643914e-02;6.353356e-02;2.816622e-02
1.351421e-01;6.711231e-02;3.285318e-01;3.871977e-02;7.067772e-02;6.451568e-02;7.259288e-02;5.421028e-02;2.745097e-02;2.488600e-02;8.607043e-02;3.009000e-02
1.192770e-01;9.870117e-02;3.520417e-01;3.949410e-02;5.189255e-02;6.502709e-02;7.897262e-02;3.298948e-02;4.344320e-02;3.664080e-02;6.128382e-02;2.023643e-02
1.031989e-01;8.936331e-02;4.232148e-01;3.853434e-02;4.825762e-02;3.300119e-02;7.523132e-02;1.890262e-02;5.061344e-02;4.441628e-02;5.425241e-02;2.101387e-02
1.312972e-01;5.406673e-02;3.991177e-01;3.190815e-02;5.259032e-02;3.906768e-02;5.114418e-02;3.084471e-02;4.122400e-02;6.030003e-02;5.788573e-02;5.055362e-02
1.488183e-01;1.174351e-01;2.275736e-01;6.215194e-02;5.785628e-02;4.570277e-02;8.837803e-02;4.811839e-02;3.329913e-02;4.602917e-02;6.912635e-02;5.551096e-02
1.530965e-01;1.581246e-01;1.633944e-01;9.344754e-02;8.287670e-02;4.222278e-02;7.495102e-02;4.993837e-02;2.872622e-02;3.380710e-02;6.813305e-02;5.128175e-02
1.345609e-01;1.652913e-01;1.398330e-01;1.267641e-01;1.336474e-01;3.754311e-02;4.320716e-02;4.683724e-02;1.975008e-02;2.817497e-02;6.054592e-02;6.384486e-02
7.957285e-02;1.130212e-01;1.137515e-01;1.589694e-01;2.437123e-01;4.183054e-02;2.437337e-02;3.555039e-02;2.539325e-02;2.733592e-02;3.738195e-02;9.910720e-02
2.408729e-02;6.691752e-02;1.405847e-01;1.257045e-01;3.246387e-01;5.319150e-02;5.286467e-02;2.075049e-02;4.395364e-02;1.725569e-02;1.349615e-02;1.165552e-01
1.757521e-02;1.249557e-01;9.443185e-02;1.149830e-01;3.629971e-01;5.546897e-02;5.190293e-02;1.951669e-02;3.977812e-02;1.548987e-02;1.717258e-02;8.572797e-02
2.362326e-02;1.112491e-01;7.826983e-02;1.333579e-01;3.665421e-01;5.836784e-02;2.600384e-02;1.354092e-02;3.396977e-02;1.530352e-02;2.021025e-02;1.195617e-01
1.146772e-02;4.800417e-02;6.351680e-02;1.531674e-01;3.503828e-01;4.608571e-02;1.992429e-02;1.392194e-02;4.979368e-02;1.625483e-02;5.978287e-02;1.676978e-01
1.044180e-02;3.762668e-02;1.211692e-01;1.535601e-01;2.262819e-01;3.286011e-02;4.193050e-02;2.907330e-02;6.478766e-02;2.120081e-02;1.177175e-01;1.433503e-01
1.212492e-02;3.880632e-02;1.730190e-01;1.231947e-01;1.345429e-01;4.044195e-02;6.471912e-02;4.401036e-02;9.652265e-02;3.448960e-02;1.293346e-01;1.087940e-01
2.173877e-02;3.841855e-02;2.117882e-01;8.131906e-02;9.768592e-02;5.547824e-02;7.664768e-02;3.921550e-02;1.389119e-01;7.454047e-02;9.170620e-02;7.254957e-02
3.071460e-02;4.193684e-02;2.137571e-01;5.820692e-02;6.600506e-02;4.546832e-02;8.251801e-02;4.977753e-02;1.392882e-01;1.853427e-01;5.753260e-02;2.945214e-02
3.617661e-02;3.248741e-02;2.594186e-01;6.002812e-02;5.281762e-02;2.407872e-02;8.334779e-02;4.596616e-02;8.892129e-02;2.369448e-01;6.262066e-02;1.719229e-02
3.091344e-02;3.044891e-02;2.722859e-01;7.642103e-02;6.098673e-02;2.479564e-02;6.709360e-02;7.009377e-02;6.089795e-02;2.090032e-01;7.002134e-02;2.703847e-02
1.745402e-02;2.355375e-02;2.731540e-01;1.098238e-01;6.910402e-02;3.255999e-02;4.452105e-02;1.154863e-01;4.114662e-02;1.209264e-01;1.231071e-01;2.916289e-02
1.913537e-02;1.878528e-02;3.357466e-01;1.141503e-01;6.432115e-02;3.092128e-02;3.767812e-02;1.198927e-01;2.668178e-02;5.170711e-02;1.641260e-01;1.685430e-02
2.643556e-02;2.931302e-02;3.776126e-01;8.615174e-02;4.734869e-02;1.639384e-02;5.957932e-02;5.793015e-02;3.634902e-02;1.172890e-01;1.187706e-01;2.682640e-02
3.847702e-02;4.480776e-02;3.776193e-01;5.256761e-02;3.710232e-02;2.280197e-02;5.717734e-02;3.253503e-02;7.260373e-02;1.814470e-01;5.215740e-02;3.070358e-02
5.391550e-02;6.215179e-02;3.444914e-01;3.865847e-02;3.346404e-02;3.222285e-02;4.464647e-02;4.336710e-02;1.247004e-01;1.317526e-01;5.242496e-02;3.820454e-02
6.185000e-02;5.071132e-02;3.265871e-01;4.063706e-02;4.150718e-02;2.054748e-02;4.435539e-02;7.009628e-02;1.175881e-01;7.133774e-02;1.085271e-01;4.625520e-02
4.662008e-02;5.315389e-02;3.101867e-01;4.419226e-02;5.340904e-02;3.385178e-02;4.582139e-02;7.737061e-02;7.169851e-02;8.388465e-02;1.182358e-01;6.157528e-02
5.779549e-02;9.678828e-02;2.277034e-01;3.732582e-02;6.282637e-02;2.956411e-02;7.041495e-02;6.341787e-02;6.873728e-02;1.058970e-01;8.521168e-02;9.431770e-02
3.676346e-02;8.454041e-02;1.633665e-01;3.312987e-02;9.015445e-02;4.052272e-02;6.894666e-02;6.037989e-02;1.043766e-01;1.009467e-01;9.761120e-02;1.192615e-01
6.754860e-02;7.440131e-02;2.173194e-01;2.805671e-02;7.517543e-02;4.632159e-02;6.485365e-02;6.064984e-02;9.191719e-02;7.104954e-02;1.213825e-01;8.132425e-02
1.239267e-01;1.010639e-01;1.130649e-01;3.009228e-02;7.897452e-02;2.987483e-02;6.606626e-02;7.405788e-02;9.358358e-02;4.599870e-02;1.806856e-01;6.261079e-02
9.681942e-02;9.469556e-02;2.524583e-01;3.421411e-02;5.386770e-02;2.525163e-02;4.454800e-02;5.119767e-02;9.801139e-02;6.148155e-02;1.548193e-01;3.263532e-02
6.935782e-02;6.903859e-02;3.846405e-01;2.877104e-02;4.345273e-02;1.506062e-02;4.749216e-02;2.919771e-02;7.723483e-02;1.298378e-01;7.901770e-02;2.689848e-02
7.044741e-02;3.517697e-02;4.540449e-01;2.959818e-02;5.846912e-02;1.173897e-02;5.856473e-02;1.450511e-02;3.935327e-02;1.684904e-01;2.494770e-02;3.466327e-02
4.997957e-02;4.860581e-02;4.542755e-01;3.106871e-02;5.615993e-02;1.647219e-02;5.620710e-02;2.156520e-02;3.050481e-02;1.512722e-01;1.120827e-02;7.268064e-02
5.008715e-02;8.878049e-02;3.682483e-01;2.694882e-02;3.437191e-02;2.698919e-02;3.909027e-02;3.986028e-02;5.993699e-02;9.154323e-02;2.933002e-02;1.448134e-01
1.205243e-01;9.674469e-02;2.801668e-01;2.565431e-02;2.116188e-02;2.479838e-02;2.544451e-02;4.564248e-02;8.657131e-02;3.974253e-02;6.741232e-02;1.661365e-01
1.819019e-01;7.674995e-02;2.832834e-01;2.512910e-02;2.203774e-02;1.318852e-02;2.480291e-02;4.423639e-02;7.842395e-02;2.592531e-02;9.013718e-02;1.341837e-01
1.519639e-01;8.450668e-02;3.056604e-01;4.312845e-02;2.368153e-02;1.297801e-02;5.224164e-02;4.279704e-02;5.206959e-02;4.505250e-02;8.276370e-02;1.031566e-01
8.692637e-02;1.147294e-01;2.861813e-01;5.185767e-02;3.409390e-02;1.965201e-02;6.931096e-02;3.087867e-02;3.184986e-02;7.205630e-02;8.207967e-02;1.203838e-01
9.633932e-02;1.073609e-01;3.365323e-01;5.081411e-02;3.085339e-02;1.954972e-02;7.119276e-02;3.478352e-02;3.477438e-02;6.175042e-02;5.539403e-02;1.006551e-01
9.781568e-02;9.986558e-02;4.046711e-01;5.174722e-02;2.877739e-02;3.117944e-02;4.954292e-02;3.740858e-02;4.517793e-02;4.712969e-02;3.032444e-02;7.636009e-02
1.088954e-01;8.702218e-02;3.777539e-01;4.901275e-02;2.786037e-02;2.432323e-02;4.505738e-02;4.751248e-02;5.376461e-02;6.240154e-02;4.420974e-02;7.218643e-02
9.725479e-02;8.484873e-02;3.506890e-01;4.167192e-02;4.370939e-02;1.739987e-02;5.484940e-02;5.400951e-02;5.503915e-02;7.037974e-02;6.096898e-02;6.917960e-02
7.669338e-02;9.606291e-02;3.163291e-01;5.572919e-02;6.445990e-02;2.673919e-02;6.143294e-02;4.599006e-02;5.067569e-02;7.954184e-02;7.311036e-02;5.323543e-02
9.065685e-02;9.198666e-02;2.152779e-01;5.040818e-02;5.370576e-02;3.741689e-02;1.020941e-01;3.958016e-02;4.450630e-02;5.387119e-02;6.742080e-02;1.530752e-01
8.714031e-02;3.479724e-02;1.226033e-01;6.292699e-02;7.230939e-02;5.659367e-02;1.703372e-01;4.233615e-02;8.778568e-02;5.634488e-02;8.852237e-02;1.183027e-01
7.230169e-02;3.762726e-02;9.867560e-02;6.566314e-02;1.183298e-01;6.362965e-02;1.461201e-01;2.498177e-02;1.311150e-01;3.970879e-02;8.972896e-02;1.121183e-01
4.870689e-02;2.319377e-02;8.904174e-02;7.301174e-02;1.605649e-01;6.430638e-02;1.080347e-01;5.306815e-02;1.581749e-01;2.318616e-02;7.264423e-02;1.260664e-01
2.183789e-02;1.803099e-02;8.303501e-02;1.096609e-01;1.869528e-01;4.868886e-02;6.228473e-02;1.845203e-01;1.211750e-01;1.967302e-02;4.288556e-02;1.012550e-01
1.023857e-02;2.994446e-02;8.172236e-02;1.652779e-01;1.668294e-01;2.342105e-02;2.379965e-02;3.624275e-01;4.810014e-02;1.701248e-02;2.571947e-02;4.550700e-02
6.260096e-03;2.728363e-02;1.060734e-01;2.181752e-01;1.181644e-01;1.363477e-02;2.752913e-02;4.177076e-01;1.347937e-02;1.023731e-02;2.884760e-02;1.260758e-02
5.360037e-03;1.610258e-02;1.559435e-01;2.475529e-01;7.934864e-02;1.506111e-02;2.277710e-02;3.867012e-01;1.295506e-02;5.874496e-03;3.921989e-02;1.310351e-02
6.908106e-03;1.904964e-02;1.702113e-01;2.362310e-01;5.525168e-02;1.716833e-02;1.836861e-02;3.707447e-01;2.827156e-02;6.858553e-03;5.660577e-02;1.433082e-02
7.583475e-03;2.201692e-02;1.556548e-01;2.150172e-01;3.810816e-02;1.794084e-02;1.248048e-02;3.403081e-01;7.074907e-02;1.056497e-02;9.834846e-02;1.122748e-02
1.222519e-02;2.237814e-02;2.219175e-01;1.751027e-01;3.860212e-02;2.353137e-02;1.424353e-02;1.948548e-01;1.014038e-01;2.102048e-02;1.578000e-01;1.692034e-02
4.437043e-02;2.540922e-02;3.364137e-01;1.195517e-01;3.014231e-02;2.330913e-02;2.237018e-02;6.281216e-02;9.413297e-02;2.343312e-02;1.764021e-01;4.165296e-02
7.988154e-02;4.136804e-02;3.916169e-01;7.536856e-02;4.672931e-02;1.968308e-02;4.361390e-02;7.421050e-02;7.220972e-02;2.396777e-02;9.524657e-02;3.610413e-02
9.994864e-02;5.190640e-02;4.009973e-01;6.470244e-02;8.285937e-02;2.873377e-02;6.488137e-02;7.016453e-02;4.571506e-02;4.276508e-02;3.202910e-02;1.529693e-02
8.740976e-02;5.661806e-02;3.294607e-01;7.162405e-02;1.147923e-01;6.809472e-02;7.420956e-02;7.734843e-02;3.159432e-02;5.282448e-02;2.448913e-02;1.153457e-02
6.089285e-02;4.699089e-02;2.445696e-01;1.088976e-01;9.693413e-02;1.099091e-01;9.282596e-02;8.061788e-02;4.450494e-02;5.597022e-02;3.553790e-02;2.234909e-02
6.341904e-02;3.944584e-02;3.255648e-01;1.051040e-01;5.658441e-02;8.134339e-02;8.552198e-02;6.364444e-02;5.275780e-02;4.358984e-02;5.865896e-02;2.436556e-02
8.109990e-02;5.423071e-02;3.547782e-01;8.053849e-02;6.690346e-02;4.629158e-02;8.187075e-02;5.316795e-02;4.973159e-02;3.610192e-02;7.792286e-02;1.736259e-02
8.838087e-02;7.791069e-02;2.210688e-01;7.260789e-02;1.015477e-01;5.394766e-02;6.845997e-02;5.362506e-02;5.884695e-02;6.798201e-02;1.041499e-01;3.147256e-02
4.699464e-02;7.499488e-02;1.697802e-01;4.111619e-02;7.299560e-02;6.248070e-02;8.840396e-02;6.243672e-02;1.099470e-01;1.488823e-01;7.311729e-02;4.885047e-02
4.743371e-02;7.348924e-02;1.361053e-01;3.423551e-02;6.771801e-02;5.754913e-02;1.026668e-01;7.611167e-02;1.401974e-01;1.609519e-01;5.777371e-02;4.576771e-02
4.097095e-02;7.518869e-02;1.823630e-01;6.520433e-02;7.560827e-02;4.821571e-02;1.110163e-01;7.096124e-02;1.346937e-01;1.146955e-01;4.634368e-02;3.473871e-02
8.496287e-02;7.527968e-02;3.186228e-01;8.928669e-02;7.591004e-02;3.108615e-02;8.843832e-02;5.332405e-02;8.529706e-02;3.164193e-02;4.127254e-02;2.487781e-02
1.201177e-01;8.514646e-02;3.155500e-01;6.828301e-02;8.595928e-02;2.812983e-02;7.167580e-02;3.813366e-02;5.235333e-02;3.631080e-02;5.514328e-02;4.319682e-02
1.184656e-01;7.957400e-02;2.784381e-01;5.839703e-02;8.659458e-02;4.173182e-02;7.370260e-02;3.102953e-02;4.031253e-02;5.719354e-02;7.973795e-02;5.482277e-02
7.962681e-02;5.876311e-02;2.704887e-01;5.989414e-02;7.762418e-02;3.952884e-02;8.357664e-02;3.933169e-02;5.031952e-02;8.350983e-02;9.574493e-02;6.159163e-02
6.028933e-02;3.805838e-02;3.592705e-01;7.395744e-02;6.262056e-02;2.242376e-02;1.310134e-01;3.235328e-02;3.499696e-02;6.952573e-02;6.368864e-02;5.180195e-02
5.235175e-02;5.010610e-02;3.863834e-01;6.351967e-02;9.525719e-02;3.828336e-02;1.166386e-01;4.073597e-02;3.862705e-02;5.389323e-02;2.406764e-02;4.013607e-02
9.291897e-02;6.550696e-02;3.231670e-01;5.229867e-02;8.425922e-02;4.063737e-02;7.149350e-02;5.206129e-02;4.163071e-02;8.290531e-02;5.715088e-02;3.597010e-02
1.282388e-01;7.277448e-02;2.247540e-01;5.935702e-02;8.924088e-02;3.638207e-02;4.269683e-02;7.272683e-02;5.855234e-02;9.584042e-02;7.521282e-02;4.422351e-02
7.001235e-02;5.776761e-02;3.512312e-01;6.298718e-02;9.354986e-02;3.431190e-02;8.370908e-02;6.154577e-02;4.638266e-02;6.490837e-02;4.054628e-02;3.304772e-02
4.130748e-02;4.330630e-02;4.425518e-01;6.010259e-02;7.932734e-02;3.374460e-02;8.348531e-02;5.147085e-02;5.209682e-02;5.569289e-02;3.220778e-02;2.470619e-02
4.288190e-02;3.263159e-02;4.498355e-01;5.107505e-02;7.907426e-02;3.239952e-02;7.732882e-02;4.369248e-02;4.454090e-02;7.370456e-02;4.500194e-02;2.783356e-02
8.793283e-02;3.213038e-02;3.225889e-01;7.358798e-02;9.823450e-02;4.789626e-02;8.427507e-02;5.851503e-02;3.804173e-02;8.108120e-02;4.810197e-02;2.761418e-02
5.100558e-02;5.542628e-02;1.163714e-01;7.665482e-02;9.160119e-02;7.481627e-02;2.082541e-01;9.581605e-02;1.023819e-01;5.368047e-02;3.778549e-02;3.620639e-02
3.646463e-02;3.213470e-02;1.128536e-01;1.070139e-01;1.507288e-01;9.266454e-02;1.705130e-01;7.555615e-02;1.104282e-01;3.278258e-02;3.906042e-02;3.979957e-02
2.244339e-02;2.578331e-02;1.053853e-01;1.204234e-01;1.960303e-01;9.080067e-02;1.323303e-01;8.772948e-02;9.884590e-02;2.140809e-02;2.914024e-02;6.967968e-02
1.586608e-02;1.862808e-02;8.703095e-02;1.221499e-01;2.233022e-01;8.429823e-02;9.478848e-02;9.484889e-02;7.581259e-02;1.881357e-02;3.514783e-02;1.293132e-01
1.320201e-02;1.406319e-02;6.107490e-02;1.067246e-01;2.012150e-01;6.145663e-02;6.954661e-02;5.251862e-02;6.374855e-02;1.761356e-02;1.037179e-01;2.351185e-01
4.647959e-03;3.478144e-02;4.859387e-02;9.651110e-02;1.279491e-01;2.661434e-02;4.347363e-02;6.426224e-02;9.732184e-02;2.472332e-02;1.650076e-01;2.661135e-01
4.894323e-03;5.571741e-02;2.809366e-02;1.040446e-01;7.674441e-02;2.473117e-02;1.830761e-02;1.844362e-01;3.942433e-02;3.380015e-02;2.485599e-01;1.812463e-01
4.404988e-03;4.721943e-02;2.660966e-02;1.152155e-01;3.881725e-02;2.252849e-02;1.042040e-02;2.716385e-01;1.457686e-02;2.611164e-02;3.273603e-01;9.509698e-02
3.578163e-03;2.689998e-02;2.715596e-02;1.243602e-01;1.362663e-02;2.315734e-02;1.190803e-02;2.905388e-01;8.654083e-03;2.199482e-02;3.783168e-01;6.980927e-02
5.255095e-03;2.316005e-02;2.969852e-02;1.238969e-01;1.299345e-02;2.091900e-02;1.243107e-02;2.959315e-01;8.633442e-03;2.032305e-02;3.986098e-01;4.814817e-02
3.934735e-03;4.398588e-02;2.325711e-02;1.036235e-01;2.105169e-02;1.630924e-02;9.595685e-03;3.050672e-01;7.679085e-03;1.702168e-02;3.994789e-01;4.899525e-02
5.292819e-03;5.474383e-02;1.993171e-02;7.516970e-02;3.703308e-02;1.170253e-02;1.150010e-02;2.718064e-01;1.177421e-02;1.677762e-02;4.154052e-01;6.886283e-02
5.372012e-03;5.169703e-02;4.467941e-02;8.222254e-02;4.744515e-02;6.729680e-03;1.445271e-02;2.266219e-01;1.338011e-02;2.110515e-02;4.077918e-01;7.850254e-02
1.455655e-02;4.945891e-02;1.064925e-01;1.110972e-01;3.958925e-02;1.070563e-02;1.633437e-02;2.599898e-01;7.184356e-03;2.460644e-02;3.042101e-01;5.577493e-02
3.589609e-02;5.278311e-02;1.748767e-01;1.064225e-01;3.766784e-02;1.963412e-02;3.495099e-02;2.453414e-01;1.217214e-02;2.498748e-02;2.204283e-01;3.483919e-02
4.037134e-02;5.500593e-02;2.228432e-01;7.529838e-02;3.160295e-02;2.853553e-02;5.554732e-02;1.672260e-01;3.225831e-02;2.338764e-02;2.228777e-01;4.504576e-02
4.098452e-02;4.855080e-02;2.037820e-01;5.146493e-02;2.507376e-02;2.739878e-02;4.321955e-02;1.274143e-01;4.338354e-02;2.107236e-02;2.921743e-01;7.548117e-02
6.390201e-02;4.601019e-02;1.701973e-01;7.171591e-02;2.271185e-02;1.373101e-02;1.636472e-02;1.193074e-01;2.084873e-02;1.920564e-02;3.269724e-01;1.090328e-01
4.370530e-02;4.066282e-02;1.638585e-01;7.282176e-02;2.294869e-02;1.535669e-02;2.644944e-02;1.178524e-01;1.340579e-02;1.520190e-02;3.461185e-01;1.216183e-01
6.322019e-02;4.621874e-02;1.087435e-01;5.380720e-02;2.933744e-02;2.147665e-02;4.958408e-02;1.021527e-01;2.174878e-02;2.325130e-02;3.733342e-01;1.071251e-01
7.844479e-02;5.082858e-02;8.377707e-02;5.355869e-02;3.733095e-02;2.225569e-02;4.942998e-02;7.147805e-02;3.456300e-02;4.578812e-02;4.087694e-01;6.377559e-02
4.156911e-02;3.694068e-02;1.431017e-01;7.607146e-02;4.819071e-02;1.836614e-02;4.050108e-02;8.829464e-02;3.413767e-02;6.004511e-02;3.707733e-01;4.200840e-02
3.836096e-02;2.495162e-02;1.548907e-01;8.249254e-02;6.550881e-02;2.218675e-02;4.106108e-02;1.120950e-01;1.910977e-02;7.530863e-02;3.023519e-01;6.168234e-02
5.711842e-02;5.489468e-02;1.402360e-01;6.843131e-02;8.246375e-02;2.546515e-02;5.517631e-02;9.700847e-02;3.025967e-02;9.778569e-02;2.091084e-01;8.205206e-02
8.737972e-02;7.360843e-02;1.370762e-01;4.981749e-02;7.055002e-02;3.250897e-02;5.394096e-02;7.541717e-02;5.290331e-02;8.799764e-02;1.642858e-01;1.145142e-01
1.125590e-01;6.865053e-02;1.168453e-01;3.959644e-02;5.148186e-02;3.520074e-02;5.825061e-02;8.594245e-02;6.433129e-02;7.681207e-02;1.544609e-01;1.358689e-01
1.196327e-01;5.627977e-02;1.061933e-01;8.392850e-02;5.524250e-02;3.714984e-02;5.828927e-02;1.019463e-01;6.526993e-02;6.151332e-02;1.304526e-01;1.241020e-01
7.864632e-02;3.678146e-02;1.372259e-01;1.465843e-01;8.284908e-02;5.832190e-02;4.487337e-02;1.481267e-01;4.085657e-02;5.954188e-02;6.822258e-02;9.796990e-02
4.629169e-02;8.913430e-02;7.582259e-02;7.398348e-02;9.867459e-02;1.050720e-01;9.959906e-02;9.964623e-02;9.558021e-02;8.479995e-02;7.455254e-02;5.684341e-02
7.308538e-02;1.118333e-01;1.119956e-01;3.306391e-02;7.435357e-02;1.226552e-01;1.003986e-01;7.753100e-02;8.208654e-02;9.309163e-02;8.350229e-02;3.640306e-02
1.016448e-01;1.134215e-01;1.706424e-01;2.852853e-02;6.340642e-02;1.165779e-01;7.272445e-02;5.561446e-02;6.114392e-02;8.880363e-02;8.292739e-02;4.456470e-02
1.048789e-01;8.683960e-02;2.850737e-01;4.890917e-02;5.206437e-02;8.826553e-02;6.688911e-02;3.370944e-02;3.537997e-02;8.185206e-02;7.663239e-02;3.950568e-02
6.466850e-02;6.287728e-02;4.473586e-01;9.634431e-02;4.962599e-02;3.094236e-02;4.692096e-02;2.355882e-02;1.814808e-02;6.116828e-02;7.802438e-02;2.036247e-02
1.896777e-02;4.597762e-02;5.304518e-01;1.368421e-01;5.715699e-02;1.803935e-02;2.733267e-02;2.283783e-02;8.273195e-03;3.896761e-02;7.402448e-02;2.112860e-02
2.481228e-02;2.669066e-02;5.263169e-01;1.453159e-01;7.023095e-02;2.548989e-02;2.942406e-02;2.434652e-02;8.326984e-03;3.649848e-02;6.249597e-02;2.005139e-02
2.505429e-02;4.851558e-02;5.474962e-01;9.616382e-02;6.361298e-02;2.730754e-02;4.618124e-02;2.439689e-02;9.571832e-03;4.579439e-02;4.973384e-02;1.617139e-02
2.385945e-02;4.929103e-02;6.389990e-01;3.497574e-02;4.990241e-02;2.863430e-02;7.438188e-02;1.729353e-02;8.419013e-03;4.233884e-02;1.655889e-02;1.534595e-02
2.915918e-02;3.970134e-02;6.942198e-01;3.467575e-02;4.452169e-02;6.618515e-03;7.526218e-02;9.969082e-03;6.474946e-03;3.841527e-02;9.111518e-03;1.187069e-02
3.386873e-02;2.097665e-02;6.855024e-01;3.727551e-02;5.358161e-02;1.198224e-02;8.918658e-02;6.715122e-03;5.066094e-03;4.096734e-02;8.356939e-03;6.520804e-03
4.738146e-02;2.329543e-02;5.851914e-01;5.518624e-02;5.985375e-02;1.585380e-02;1.264162e-01;7.561352e-03;1.518208e-02;4.088608e-02;1.252261e-02;1.066967e-02
4.789253e-02;3.305257e-02;3.079386e-01;1.610542e-01;1.053523e-01;4.104422e-02;1.312996e-01;3.793384e-02;2.229636e-02;4.143700e-02;5.414275e-02;1.655588e-02
2.982771e-02;2.236670e-02;1.574265e-01;2.346564e-01;1.290389e-01;5.624200e-02;8.266358e-02;1.097762e-01;2.675028e-02;4.829221e-02;8.711161e-02;1.584787e-02
3.928349e-02;1.323556e-02;1.804054e-01;1.544955e-01;6.978587e-02;4.320521e-02;1.107660e-01;1.618877e-01;3.172600e-02;1.062570e-01;7.493886e-02;1.401340e-02
4.208791e-02;3.341404e-02;2.138322e-01;5.729835e-02;2.501754e-02;5.162796e-02;1.352643e-01;1.277566e-01;6.828656e-02;1.544845e-01;5.657555e-02;3.435463e-02
3.425195e-02;8.115853e-02;1.667406e-01;3.000171e-02;1.992652e-02;9.121366e-02;8.057585e-02;6.317318e-02;2.001068e-01;1.219348e-01;4.627863e-02;6.463769e-02
6.123107e-02;9.004244e-02;9.168173e-02;2.976796e-02;3.919207e-02;8.910903e-02;2.878060e-02;8.349922e-02;2.926789e-01;4.088395e-02;9.551870e-02;5.761437e-02
1.208058e-01;4.124807e-02;7.627466e-02;2.386052e-02;7.388867e-02;4.026652e-02;2.588061e-02;1.840264e-01;2.014724e-01;2.735196e-02;1.576867e-01;2.723773e-02
1.268331e-01;2.979945e-02;7.134806e-02;3.673801e-02;6.701026e-02;1.591272e-02;4.465929e-02;2.184081e-01;9.395735e-02;1.225153e-01;1.368588e-01;3.595953e-02
7.625372e-02;4.003456e-02;3.139925e-02;7.805346e-02;3.420031e-02;1.747271e-02;8.809886e-02;1.213756e-01;5.944547e-02;3.103612e-01;5.712677e-02;8.617803e-02
3.625307e-02;5.277924e-02;1.885969e-02;1.148671e-01;1.287292e-02;1.523574e-02;1.426741e-01;4.081151e-02;2.665103e-02;3.871446e-01;1.966663e-02;1.321843e-01
1.581866e-02;7.099284e-02;2.806655e-02;1.381358e-01;8.988230e-03;1.052646e-02;1.720957e-01;3.693683e-02;2.108852e-02;3.145747e-01;1.321763e-02;1.695581e-01
2.030894e-02;8.542916e-02;2.058963e-02;1.751699e-01;8.761835e-03;7.814153e-03;1.944538e-01;3.087926e-02;1.771192e-02;1.986697e-01;2.248287e-02;2.177288e-01
2.003355e-02;5.999889e-02;1.293284e-02;1.736400e-01;6.595733e-03;1.101284e-02;1.498820e-01;3.559708e-02;3.305313e-02;2.973526e-01;1.483365e-02;1.850677e-01
5.568143e-02;3.240054e-02;1.730121e-02;1.380828e-01;2.165280e-02;1.534811e-02;9.667878e-02;6.695516e-02;3.791659e-02;3.853245e-01;9.218057e-03;1.234400e-01
1.226117e-01;1.614489e-02;3.079386e-02;8.717614e-02;5.935076e-02;1.416905e-02;5.402733e-02;1.534454e-01;3.944258e-02;3.320632e-01;2.144405e-02;6.933100e-02
1.690041e-01;1.501931e-02;5.129698e-02;3.225879e-02;1.141747e-01;9.825905e-03;2.957527e-02;2.337017e-01;2.708906e-02;1.577797e-01;1.331333e-01;2.714122e-02
1.422815e-01;3.561242e-02;4.481912e-02;1.679697e-02;1.154558e-01;1.377495e-02;2.600981e-02;2.037525e-01;5.807421e-02;6.575213e-02;2.565115e-01;2.115913e-02
7.746477e-02;9.041397e-02;3.161340e-02;3.299107e-02;6.402261e-02;4.079475e-02;2.707818e-02;1.234952e-01;1.696714e-01;6.029003e-02;2.513955e-01;3.076917e-02
2.609453e-02;1.483135e-01;3.405466e-02;4.870743e-02;1.654557e-02;9.849955e-02;1.753574e-02;5.673747e-02;3.201595e-01;3.560326e-02;1.216414e-01;7.610749e-02
1.957054e-02;1.429548e-01;6.034973e-02;3.735501e-02;8.863844e-03;1.235976e-01;1.459352e-02;5.137732e-02;3.273732e-01;4.010656e-02;3.200705e-02;1.418508e-01
1.207137e-02;1.129247e-01;1.260061e-01;1.795633e-02;1.551376e-02;9.664711e-02;1.867669e-02;9.730553e-02;2.207994e-01;9.696968e-02;1.294209e-02;1.721872e-01
1.641545e-02;1.048793e-01;2.091661e-01;1.330909e-02;1.493781e-02;5.639300e-02;2.889964e-02;1.264110e-01;1.062597e-01;1.811592e-01;1.349755e-02;1.286723e-01
1.240671e-02;9.705252e-02;2.717825e-01;1.839118e-02;1.570715e-02;3.589771e-02;3.115314e-02;1.216427e-01;7.855992e-02;2.313275e-01;1.720144e-02;6.887744e-02
1.496487e-02;1.157921e-01;2.160254e-01;1.825505e-02;1.678709e-02;9.139686e-02;2.664558e-02;9.224011e-02;1.256008e-01;1.580532e-01;8.955022e-03;1.152839e-01
1.778855e-02;1.670980e-01;1.139283e-01;2.463921e-02;1.117298e-02;1.436479e-01;1.189242e-02;5.743807e-02;2.437509e-01;6.150801e-02;6.649186e-03;1.404863e-01
3.163457e-02;1.916363e-01;6.158632e-02;3.230068e-02;7.019392e-03;1.529083e-01;8.593263e-03;2.963556e-02;3.328766e-01;2.774616e-02;1.728026e-02;1.067826e-01
7.220629e-02;1.595895e-01;5.244852e-02;2.675934e-02;3.838456e-02;9.663019e-02;2.171114e-02;4.963442e-02;3.263783e-01;3.366604e-02;7.043064e-02;5.216102e-02
1.459837e-01;8.312362e-02;5.813539e-02;1.515376e-02;8.799814e-02;2.273915e-02;3.561522e-02;1.274911e-01;1.911974e-01;3.058260e-02;1.842374e-01;1.774246e-02
1.679534e-01;7.887182e-02;5.839663e-02;1.627284e-02;9.092121e-02;1.644250e-02;5.567065e-02;1.850783e-01;6.566741e-02;3.708571e-02;2.097761e-01;1.786339e-02
1.439948e-01;5.237845e-02;5.538109e-02;2.472086e-02;5.943279e-02;4.060500e-02;1.166117e-01;1.819473e-01;4.091585e-02;9.479801e-02;1.528017e-01;3.641243e-02
1.082036e-01;5.863014e-02;4.730477e-02;3.431108e-02;4.206450e-02;6.022448e-02;1.757672e-01;1.017730e-01;6.962437e-02;1.666204e-01;6.853553e-02;6.694090e-02
8.963538e-02;6.867318e-02;5.623894e-02;3.444025e-02;5.201728e-02;6.012385e-02;1.659895e-01;8.349608e-02;7.843219e-02;1.835786e-01;5.619330e-02;7.118139e-02
8.062790e-02;7.903974e-02;6.946487e-02;3.718068e-02;6.220534e-02;8.999007e-02;1.344070e-01;9.869684e-02;9.723429e-02;1.226711e-01;7.647856e-02;5.200357e-02
5.304117e-02;8.069796e-02;7.896598e-02;5.034086e-02;2.917347e-02;8.264689e-02;1.665698e-01;1.103560e-01;1.585751e-01;8.538875e-02;6.914044e-02;3.510362e-02
7.090354e-02;8.860426e-02;9.207131e-02;4.971382e-02;4.672933e-02;6.030653e-02;1.399866e-01;1.304098e-01;1.584877e-01;7.211164e-02;4.902631e-02;4.164907e-02
1.088051e-01;7.875124e-02;1.042638e-01;2.740700e-02;8.036115e-02;4.984261e-02;1.070977e-01;1.365261e-01;1.425768e-01;6.124658e-02;5.192320e-02;5.119883e-02
1.073196e-01;5.380967e-02;1.143905e-01;2.096677e-02;7.762225e-02;7.927974e-02;1.952248e-01;1.297838e-01;9.056550e-02;5.775706e-02;3.854068e-02;3.473966e-02
8.859406e-02;3.205768e-02;1.187086e-01;3.670542e-02;7.242677e-02;8.476745e-02;2.586978e-01;1.149069e-01;5.998870e-02;6.845372e-02;3.243369e-02;3.225916e-02
6.040977e-02;3.716433e-02;9.066893e-02;4.394002e-02;8.779448e-02;7.738046e-02;3.346666e-01;8.173296e-02;5.415890e-02;7.439008e-02;3.617857e-02;2.151498e-02
5.618433e-02;4.724500e-02;7.268028e-02;6.057560e-02;8.727586e-02;6.657407e-02;3.831907e-01;5.605396e-02;5.060276e-02;5.363670e-02;4.673090e-02;1.924981e-02
7.991055e-02;4.557781e-02;8.528598e-02;6.188978e-02;8.732595e-02;8.969364e-02;3.435422e-01;7.116314e-02;4.455554e-02;2.705926e-02;5.072398e-02;1.327221e-02
6.843413e-02;4.489167e-02;1.570625e-01;3.795154e-02;1.437575e-01;9.997132e-02;2.587784e-01;6.302235e-02;5.013933e-02;2.000208e-02;3.814397e-02;1.784526e-02
4.790955e-02;5.376289e-02;1.910646e-01;6.645261e-02;1.529850e-01;9.569170e-02;1.598110e-01;8.393868e-02;4.607039e-02;3.426655e-02;3.571643e-02;3.233070e-02
4.608991e-02;4.368949e-02;1.609969e-01;5.775057e-02;1.246295e-01;9.603768e-02;1.846203e-01;1.242154e-01;4.024366e-02;5.852183e-02;2.823430e-02;3.497046e-02
4.035459e-02;4.074510e-02;1.296437e-01;4.194082e-02;8.970503e-02;6.655987e-02;1.853944e-01;1.566977e-01;1.078871e-01;7.337933e-02;3.546483e-02;3.222748e-02
5.298223e-02;3.606340e-02;8.735063e-02;3.864864e-02;4.265586e-02;5.373664e-02;1.735759e-01;1.471509e-01;1.706437e-01;1.065538e-01;4.228834e-02;4.834991e-02
5.599624e-02;2.807153e-02;6.857614e-02;3.609390e-02;4.824722e-02;6.100091e-02;1.687785e-01;9.150249e-02;1.762582e-01;1.494258e-01;5.674006e-02;5.930889e-02
5.482929e-02;3.380685e-02;7.173226e-02;2.564920e-02;5.156204e-02;6.671622e-02;1.600211e-01;7.296142e-02;1.829459e-01;1.644530e-01;6.240159e-02;5.292110e-02
6.406292e-02;3.899282e-02;8.352939e-02;3.136986e-02;4.290909e-02;5.993133e-02;1.746732e-01;5.681548e-02;1.899068e-01;1.355366e-01;7.939278e-02;4.287966e-02
5.801939e-02;4.762843e-02;6.718922e-02;4.214197e-02;4.800712e-02;5.962377e-02;2.028282e-01;5.619613e-02;1.105751e-01;1.523259e-01;1.147549e-01;4.070986e-02
3.060670e-02;4.032357e-02;7.403719e-02;3.266776e-02;6.199186e-02;5.319967e-02;1.430747e-01;9.732915e-02;9.499266e-02;1.838109e-01;1.552898e-01;3.267599e-02
5.033926e-02;3.546796e-02;1.395528e-01;3.916788e-02;7.359505e-02;3.650389e-02;1.002476e-01;8.423807e-02;1.136341e-01;1.383627e-01;1.436750e-01;4.521573e-02
4.866909e-02;3.903170e-02;1.661618e-01;4.996937e-02;6.587795e-02;5.854534e-02;1.205467e-01;8.959020e-02;9.598878e-02;1.007710e-01;9.991977e-02;6.492844e-02
4.926707e-02;3.198193e-02;1.603560e-01;4.980823e-02;5.019136e-02;5.796222e-02;1.422302e-01;1.032488e-01;8.519422e-02;1.376765e-01;7.047772e-02;6.160576e-02
3.905242e-02;2.525784e-02;1.438086e-01;3.185005e-02;6.336980e-02;4.395467e-02;1.622442e-01;1.054093e-01;1.399640e-01;1.455968e-01;5.396405e-02;4.552826e-02
4.225944e-02;2.559320e-02;1.049946e-01;4.199916e-02;7.873524e-02;3.965757e-02;1.502720e-01;1.134663e-01;1.910439e-01;1.146718e-01;4.035611e-02;5.695070e-02
