9.274889e-02;6.718999e-02;2.130690e-01;6.139350e-02;6.139197e-02;3.085020e-02;1.678567e-01;4.142139e-02;4.807491e-02;9.881081e-02;7.541105e-02;4.178164e-02
9.330698e-02;6.022929e-02;1.300590e-01;5.203443e-02;8.184069e-02;6.652332e-02;2.387682e-01;3.536713e-02;6.837209e-02;7.974240e-02;5.293607e-02;4.082033e-02
8.683333e-02;4.308788e-02;9.195238e-02;3.970517e-02;9.724750e-02;1.092825e-01;2.509006e-01;3.585335e-02;1.455483e-01;4.894302e-02;2.505806e-02;2.558796e-02
8.219293e-02;3.434220e-02;7.790605e-02;1.991883e-02;9.089158e-02;1.163653e-01;1.872937e-01;2.455451e-02;1.803285e-01;1.234805e-01;2.552886e-02;3.719718e-02
9.014250e-02;1.849429e-02;7.088307e-02;1.440686e-02;9.879637e-02;1.123294e-01;1.151559e-01;1.953208e-02;2.161678e-01;1.576413e-01;2.707290e-02;5.937761e-02
8.519343e-02;7.330049e-03;6.284326e-02;1.617394e-02;1.236098e-01;9.901129e-02;4.739142e-02;1.975258e-02;2.912753e-01;1.126611e-01;4.990921e-02;8.484861e-02
8.453297e-02;7.673454e-03;5.975270e-02;2.518931e-02;1.463803e-01;7.689987e-02;3.613056e-02;1.218206e-02;3.252153e-01;2.491267e-02;2.923268e-02;1.718981e-01
6.924469e-02;9.802932e-03;5.765026e-02;3.640801e-02;1.540662e-01;5.713108e-02;3.566132e-02;2.788704e-02;3.003956e-01;1.075487e-02;1.145607e-02;2.295419e-01
5.660889e-02;6.327332e-03;8.266589e-02;5.563902e-02;1.470151e-01;4.275456e-02;4.417878e-02;3.533247e-02;2.591522e-01;1.843315e-02;2.041950e-02;2.314731e-01
4.761536e-02;1.552805e-02;1.449915e-01;6.819748e-02;1.366934e-01;3.168114e-02;6.997309e-02;4.651387e-02;1.931474e-01;1.476216e-02;4.177706e-02;1.891195e-01
4.025044e-02;1.464500e-02;2.330001e-01;6.809522e-02;1.535525e-01;3.944975e-02;9.055429e-02;5.473121e-02;1.012538e-01;2.019645e-02;4.967697e-02;1.345942e-01
5.217940e-02;3.716577e-02;2.690761e-01;5.436815e-02;1.981053e-01;7.573751e-02;8.508258e-02;3.352041e-02;3.305374e-02;2.130876e-02;3.364178e-02;1.067605e-01
6.484906e-02;3.050216e-02;2.488807e-01;4.128210e-02;2.323907e-01;1.018217e-01;4.266721e-02;1.979675e-02;7.157291e-02;1.528301e-02;2.742654e-02;1.035271e-01
8.955130e-02;2.838501e-02;1.716839e-01;3.603875e-02;1.482759e-01;1.084793e-01;1.638429e-01;3.896331e-02;7.056690e-02;4.419881e-02;3.454547e-02;6.546838e-02
1.109951e-01;3.608269e-02;1.063649e-01;2.875400e-02;9.126084e-02;1.193753e-01;2.069163e-01;4.262388e-02;1.003916e-01;6.824046e-02;3.759971e-02;5.139516e-02
1.611079e-01;2.624960e-02;7.116012e-02;2.419429e-02;9.574009e-02;1.607948e-01;1.542544e-01;2.892052e-02;1.221631e-01;7.913155e-02;2.620401e-02;5.007965e-02
2.137096e-01;3.729915e-02;3.581608e-02;2.072562e-02;1.006898e-01;2.137082e-01;1.261806e-01;3.265229e-02;8.417996e-02;1.006035e-01;8.229298e-03;2.620578e-02
2.169628e-01;4.380093e-02;1.371673e-02;2.700843e-02;8.120484e-02;2.334671e-01;1.660630e-01;3.127183e-02;3.246986e-02;1.294653e-01;4.926831e-03;1.964245e-02
2.014766e-01;4.994262e-02;1.136394e-02;3.193814e-02;6.509485e-02;2.347152e-01;1.941932e-01;2.454249e-02;2.995578e-02;1.353901e-01;6.978428e-03;1.440867e-02
1.811599e-01;4.924378e-02;1.467238e-02;3.105268e-02;7.206065e-02;2.238981e-01;2.062317e-01;3.158839e-02;3.364545e-02;1.249670e-01;1.433914e-02;1.714074e-02
1.424576e-01;3.500738e-02;5.445941e-02;3.683726e-02;1.031164e-01;1.970621e-01;1.810486e-01;3.441406e-02;6.247332e-02;9.756202e-02;2.425380e-02;3.130798e-02
8.973830e-02;2.962514e-02;1.326917e-01;4.416731e-02;1.451406e-01;1.566608e-01;1.127086e-01;2.919090e-02;9.415565e-02;7.300220e-02;4.566410e-02;4.725469e-02
6.032230e-02;4.299945e-02;2.310347e-01;4.968154e-02;1.531674e-01;9.542176e-02;1.321250e-01;2.727805e-02;7.905432e-02;4.413188e-02;4.246741e-02;4.231619e-02
4.632981e-02;5.438918e-02;3.084136e-01;6.024510e-02;1.207685e-01;7.853595e-02;1.010140e-01;4.064893e-02;5.048481e-02;6.787757e-02;4.106927e-02;3.022340e-02
6.335007e-02;6.343444e-02;2.702466e-01;4.673787e-02;9.548611e-02;1.142979e-01;5.953493e-02;4.677385e-02;7.316826e-02;8.811913e-02;4.364207e-02;3.520868e-02
1.157887e-01;7.930694e-02;1.141409e-01;4.755889e-02;9.852163e-02;1.497667e-01;7.970455e-02;5.397662e-02;8.072239e-02;6.314350e-02;6.401400e-02;5.335515e-02
6.898844e-02;7.364739e-02;1.393752e-01;3.755506e-02;6.190752e-02;1.044638e-01;1.092783e-01;8.314040e-02;9.630316e-02;8.177660e-02;8.439627e-02;5.916789e-02
8.923546e-02;5.424845e-02;1.617189e-01;4.356578e-02;6.060728e-02;7.464656e-02;1.049677e-01;7.355051e-02;1.303504e-01;9.169105e-02;7.059673e-02;4.482126e-02
1.270527e-01;7.781861e-02;1.611721e-01;4.845005e-02;6.862380e-02;6.961313e-02;1.461483e-01;6.180798e-02;9.113318e-02;5.919228e-02;3.693148e-02;5.205639e-02
1.375045e-01;8.485364e-02;1.630507e-01;4.383598e-02;7.127592e-02;8.185112e-02;1.605236e-01;6.211883e-02;5.810815e-02;5.142733e-02;3.521360e-02;5.023665e-02
1.134495e-01;6.717514e-02;2.702758e-01;5.350512e-02;7.171547e-02;7.364984e-02;1.269540e-01;4.488134e-02;4.744196e-02;4.160374e-02;4.070907e-02;4.863903e-02
7.116081e-02;3.330956e-02;4.605767e-01;5.631531e-02;5.476855e-02;5.032991e-02;9.810781e-02;2.851628e-02;3.798106e-02;3.149613e-02;4.365097e-02;3.378695e-02
5.142188e-02;3.020645e-02;5.972797e-01;4.717239e-02;4.589533e-02;3.410270e-02;8.161995e-02;1.990197e-02;2.331949e-02;3.640418e-02;1.914762e-02;1.352832e-02
1.159791e-02;3.859963e-02;5.848739e-01;5.047609e-02;3.967505e-02;5.164189e-02;8.979190e-02;2.954195e-02;3.041399e-02;3.817848e-02;2.307885e-02;1.213035e-02
4.534022e-02;5.134403e-02;3.791985e-01;5.466340e-02;4.683565e-02;6.245464e-02;1.227401e-01;4.574689e-02;5.034793e-02;6.014968e-02;5.212792e-02;2.905105e-02
4.668278e-02;4.589086e-02;3.530206e-01;5.098516e-02;4.659817e-02;4.616244e-02;1.549311e-01;3.396871e-02;4.854077e-02;6.583926e-02;6.663171e-02;4.074840e-02
4.189460e-02;4.374166e-02;4.154385e-01;5.277930e-02;4.298243e-02;2.732300e-02;1.489789e-01;3.489751e-02;2.927599e-02;5.961085e-02;6.258702e-02;4.049024e-02
5.460783e-02;6.709267e-02;4.138103e-01;5.936518e-02;3.446522e-02;3.174436e-02;1.227982e-01;3.116964e-02;3.465714e-02;6.163670e-02;5.769728e-02;3.095553e-02
8.164375e-02;9.643895e-02;3.509650e-01;5.945761e-02;3.841327e-02;3.929215e-02;1.045155e-01;2.983418e-02;6.138385e-02;5.220086e-02;5.435136e-02;3.150347e-02
8.346818e-02;1.040543e-01;3.165955e-01;6.289396e-02;3.989815e-02;4.772716e-02;9.781601e-02;3.479375e-02;7.923327e-02;4.325023e-02;5.314098e-02;3.712849e-02
9.611791e-02;6.063081e-02;3.260748e-01;6.607037e-02;4.021884e-02;5.887494e-02;1.097334e-01;1.930362e-02;8.703278e-02;3.707830e-02;5.461440e-02;4.424981e-02
1.048089e-01;9.610916e-02;3.272220e-01;5.131877e-02;3.929796e-02;4.331133e-02;6.843428e-02;6.964799e-02;7.861401e-02;4.784081e-02;5.286308e-02;2.053176e-02
8.402634e-02;1.051759e-01;2.736852e-01;5.911268e-02;2.846932e-02;5.652715e-02;1.087558e-01;4.207485e-02;8.487723e-02;5.260482e-02;6.593905e-02;3.875176e-02
4.283408e-02;9.197390e-02;3.121252e-01;7.092628e-02;3.454129e-02;5.179146e-02;1.368674e-01;6.046966e-02;3.392967e-02;5.799786e-02;6.663454e-02;3.990860e-02
5.535026e-02;6.662948e-02;3.246451e-01;6.942569e-02;3.644340e-02;3.727905e-02;1.228373e-01;4.983875e-02;6.996625e-02;5.482574e-02;6.739019e-02;4.536872e-02
7.225755e-02;2.268403e-02;3.138547e-01;5.875918e-02;6.329896e-02;3.516765e-02;1.301377e-01;3.809298e-02;1.085452e-01;4.834824e-02;6.202960e-02;4.682428e-02
7.384455e-02;3.728857e-02;2.777237e-01;4.559126e-02;7.070178e-02;5.500971e-02;1.210472e-01;4.525666e-02;9.231745e-02;6.669494e-02;9.200648e-02;2.251773e-02
7.645269e-02;4.409773e-02;1.751578e-01;5.540468e-02;5.227483e-02;5.162713e-02;1.646877e-01;8.024078e-02;8.021961e-02;7.028685e-02;8.602171e-02;6.352840e-02
1.444962e-01;9.878369e-02;1.522385e-01;4.614643e-02;2.544117e-02;3.364540e-02;1.310249e-01;4.787114e-02;1.019716e-01;9.833844e-02;6.452218e-02;5.552033e-02
1.331671e-01;1.109711e-01;1.394661e-01;5.213528e-02;4.194011e-02;3.983448e-02;9.058117e-02;4.193299e-02;8.462906e-02;1.321472e-01;7.787729e-02;5.531812e-02
1.086397e-01;1.127003e-01;1.196979e-01;5.070639e-02;5.639473e-02;5.202348e-02;6.288084e-02;3.229688e-02;6.853031e-02;1.703963e-01;1.109075e-01;5.482576e-02
6.641863e-02;1.020160e-01;1.381592e-01;5.950324e-02;5.280105e-02;7.523958e-02;6.210298e-02;3.043794e-02;4.614526e-02;1.602504e-01;1.534685e-01;5.345724e-02
1.047160e-01;6.989679e-02;1.344316e-01;9.696317e-02;5.833583e-02;6.793302e-02;1.056552e-01;4.817308e-02;2.404452e-02;7.171798e-02;1.282053e-01;8.992754e-02
2.134376e-01;7.487345e-02;8.550891e-02;1.000745e-01;9.001983e-02;5.734224e-02;9.898274e-02;8.648712e-02;4.282826e-02;2.095100e-02;4.996734e-02;7.952704e-02
2.344581e-01;1.662596e-01;7.435803e-02;5.178977e-02;8.957990e-02;7.872157e-02;5.062845e-02;7.861406e-02;1.062783e-01;2.201515e-02;1.386268e-02;3.343439e-02
1.360669e-01;2.285392e-01;1.936669e-01;1.844090e-02;4.328952e-02;8.715051e-02;3.139447e-02;3.633480e-02;1.620109e-01;4.502585e-02;8.184680e-03;9.895425e-03
5.523049e-02;1.791216e-01;3.815652e-01;3.157204e-02;1.610443e-02;4.827520e-02;2.746116e-02;2.746430e-02;1.233828e-01;8.623723e-02;1.738732e-02;6.198092e-03
3.291747e-02;9.425060e-02;4.926271e-01;7.669301e-02;3.178652e-02;2.077345e-02;2.931519e-02;2.176162e-02;4.903185e-02;9.184528e-02;4.589263e-02;1.310530e-02
1.882887e-02;4.753705e-02;4.565912e-01;1.243916e-01;8.286360e-02;2.219599e-02;3.026643e-02;1.987038e-02;3.325934e-02;5.901155e-02;6.383027e-02;4.135374e-02
1.355782e-02;4.804930e-02;3.482719e-01;1.254267e-01;1.784667e-01;4.184861e-02;3.377075e-02;1.571799e-02;4.102482e-02;2.367585e-02;4.335311e-02;8.683641e-02
2.577634e-02;5.219924e-02;2.225344e-01;5.702297e-02;2.780321e-01;7.859749e-02;7.231153e-02;1.096923e-02;4.156816e-02;2.043772e-02;2.103713e-02;1.195137e-01
2.722774e-02;3.437779e-02;1.861468e-01;4.538628e-02;2.797715e-01;9.964775e-02;7.812357e-02;1.038356e-02;6.882297e-02;2.925608e-02;2.656375e-02;1.142922e-01
1.608913e-02;2.123375e-02;2.661760e-01;6.050443e-02;2.435063e-01;8.528645e-02;7.548301e-02;1.691281e-02;5.651968e-02;2.092274e-02;3.641565e-02;1.009501e-01
1.666197e-02;3.056728e-02;4.014611e-01;7.525010e-02;1.776677e-01;5.836095e-02;4.555071e-02;1.821032e-02;2.223215e-02;2.491227e-02;6.605492e-02;6.307051e-02
2.110222e-02;3.151264e-02;4.888040e-01;6.852949e-02;1.074031e-01;3.598185e-02;3.287704e-02;2.107640e-02;4.982092e-02;4.004611e-02;8.050519e-02;2.234099e-02
2.338916e-02;2.820494e-02;4.959000e-01;4.795010e-02;7.675508e-02;3.519497e-02;3.405153e-02;2.519547e-02;9.107976e-02;5.228765e-02;5.930252e-02;3.068878e-02
3.526219e-02;2.624644e-02;3.695058e-01;5.389296e-02;8.312207e-02;3.285942e-02;5.887664e-02;4.426429e-02;1.695766e-01;6.018309e-02;2.099268e-02;4.521781e-02
4.651055e-02;4.593535e-02;1.963465e-01;6.956422e-02;1.020266e-01;3.083948e-02;7.056631e-02;7.344847e-02;1.854620e-01;9.232263e-02;3.140054e-02;5.557736e-02
5.200914e-02;4.047428e-02;2.144753e-01;8.577976e-02;1.064148e-01;4.513230e-02;6.909259e-02;6.637794e-02;1.291754e-01;9.508438e-02;4.591632e-02;5.006783e-02
2.827407e-02;6.355341e-02;1.737294e-01;5.991836e-02;7.655752e-02;5.425281e-02;1.028960e-01;6.368088e-02;1.367710e-01;1.348330e-01;5.399074e-02;5.154274e-02
2.743836e-02;9.582888e-02;1.451884e-01;4.015470e-02;8.284991e-02;5.780977e-02;8.955082e-02;9.134541e-02;1.190064e-01;1.326143e-01;6.252754e-02;5.568549e-02
3.762370e-02;9.208058e-02;1.078908e-01;4.876803e-02;1.000663e-01;6.684811e-02;9.031484e-02;9.382656e-02;1.283818e-01;1.039270e-01;8.287135e-02;4.740098e-02
7.587549e-02;7.650650e-02;7.222814e-02;8.124195e-02;1.077294e-01;6.263992e-02;1.008594e-01;5.145681e-02;1.812167e-01;8.707683e-02;6.764976e-02;3.551915e-02
1.006428e-01;9.198743e-02;8.754612e-02;6.942654e-02;8.743582e-02;5.700337e-02;9.416190e-02;5.985087e-02;1.987216e-01;7.103191e-02;5.100905e-02;3.118261e-02
1.122596e-01;1.083283e-01;9.949084e-02;6.617519e-02;7.198091e-02;6.960955e-02;9.406164e-02;5.092397e-02;1.796746e-01;6.625377e-02;4.055372e-02;4.068789e-02
1.054902e-01;1.382254e-01;1.091783e-01;6.224672e-02;6.214187e-02;8.129018e-02;1.074967e-01;4.487272e-02;1.447128e-01;7.234886e-02;3.096917e-02;4.102705e-02
9.668782e-02;1.588739e-01;1.296472e-01;5.026221e-02;5.006129e-02;7.315212e-02;6.405673e-02;5.537848e-02;1.610697e-01;8.438867e-02;1.798023e-02;5.844165e-02
1.022661e-01;1.951110e-01;6.972809e-02;4.253951e-02;4.826676e-02;6.518492e-02;8.088882e-02;5.889329e-02;1.243177e-01;8.777201e-02;5.281228e-02;7.221941e-02
1.135819e-01;1.659922e-01;7.640293e-02;4.263041e-02;4.619998e-02;6.911531e-02;5.707955e-02;6.224519e-02;1.489268e-01;1.009346e-01;6.743889e-02;4.945232e-02
1.077203e-01;1.212155e-01;1.023152e-01;4.967635e-02;4.522803e-02;5.711014e-02;8.456081e-02;5.707390e-02;1.443669e-01;1.075011e-01;7.473168e-02;4.850005e-02
8.365265e-02;9.901780e-02;1.271145e-01;5.559886e-02;4.438705e-02;4.990214e-02;1.159097e-01;5.141672e-02;1.311338e-01;1.040174e-01;8.143552e-02;5.641386e-02
1.310207e-01;8.604361e-02;1.805798e-01;5.134480e-02;7.107513e-02;4.341012e-02;1.416184e-01;4.845221e-02;7.173827e-02;6.646457e-02;6.205001e-02;4.620230e-02
6.557813e-02;9.613891e-02;2.267219e-01;4.721563e-02;4.199481e-02;3.584703e-02;2.326174e-01;6.385609e-02;4.677103e-02;5.577380e-02;4.699880e-02;4.048648e-02
4.903763e-02;1.182031e-01;2.282367e-01;2.939263e-02;3.949263e-02;3.454266e-02;2.755948e-01;6.908745e-02;4.164870e-02;4.648458e-02;4.543292e-02;2.284616e-02
6.870883e-02;1.294431e-01;2.355783e-01;1.351589e-02;3.669839e-02;3.127102e-02;2.814655e-01;6.854079e-02;3.690327e-02;4.032916e-02;3.974232e-02;1.780345e-02
5.132546e-02;1.033944e-01;2.813226e-01;2.310633e-02;2.755124e-02;2.896719e-02;2.473860e-01;9.133095e-02;4.135459e-02;4.168451e-02;2.902102e-02;3.355578e-02
2.845995e-02;6.639645e-02;3.220167e-01;3.284045e-02;1.346271e-02;3.702413e-02;2.197639e-01;1.147235e-01;4.569684e-02;5.067291e-02;1.768957e-02;5.125296e-02
2.135128e-02;6.017364e-02;3.056166e-01;3.606546e-02;1.590648e-02;4.836955e-02;2.102947e-01;1.066580e-01;6.705595e-02;5.539036e-02;1.727299e-02;5.584509e-02
3.036796e-02;7.741174e-02;2.401754e-01;3.608988e-02;2.643799e-02;5.532712e-02;2.444919e-01;8.126454e-02;7.630272e-02;5.443390e-02;2.760829e-02;5.008850e-02
4.139569e-02;6.690017e-02;1.885201e-01;3.454621e-02;3.331742e-02;5.616667e-02;3.134474e-01;6.502395e-02;5.983424e-02;6.385948e-02;3.414131e-02;4.284729e-02
7.514928e-02;5.536819e-02;1.294406e-01;3.451857e-02;3.963357e-02;4.079472e-02;4.153912e-01;5.556662e-02;3.108242e-02;6.138273e-02;4.268814e-02;1.898400e-02
7.265854e-02;5.577151e-02;7.394500e-02;2.033819e-02;4.477485e-02;4.982838e-02;4.160204e-01;7.107837e-02;6.185453e-02;6.104403e-02;4.774218e-02;2.494404e-02
1.135348e-01;7.184738e-02;1.183891e-01;2.456122e-02;5.016815e-02;7.144105e-02;3.081343e-01;6.295790e-02;4.255886e-02;7.948007e-02;1.906091e-02;3.786612e-02
1.354830e-01;8.216186e-02;1.383179e-01;3.548826e-02;6.285176e-02;7.174495e-02;2.076797e-01;4.968679e-02;4.614558e-02;9.736720e-02;2.687094e-02;4.620207e-02
1.178095e-01;7.755629e-02;1.300915e-01;4.770283e-02;5.400372e-02;6.512831e-02;1.488186e-01;5.747161e-02;8.626647e-02;9.901135e-02;6.485652e-02;5.128330e-02
8.352736e-02;7.224130e-02;1.379199e-01;5.926816e-02;5.373972e-02;5.663319e-02;1.219352e-01;7.835133e-02;1.152892e-01;8.141209e-02;9.321900e-02;4.646349e-02
1.123896e-01;8.787971e-02;1.126929e-01;5.197982e-02;6.840046e-02;6.706497e-02;7.483118e-02;8.760834e-02;1.304620e-01;8.649571e-02;6.557526e-02;5.461997e-02
6.626173e-02;6.218502e-02;1.399337e-01;4.606980e-02;7.097071e-02;1.046875e-01;1.205382e-01;5.693451e-02;1.022395e-01;1.337881e-01;7.085466e-02;2.553648e-02
5.286620e-02;3.669501e-02;1.561211e-01;5.669921e-02;8.066689e-02;9.780462e-02;1.023765e-01;7.546724e-02;7.821795e-02;6.520143e-02;1.208962e-01;7.698763e-02
8.036442e-02;4.057933e-02;1.443147e-01;4.570822e-02;1.005406e-01;8.720904e-02;9.267697e-02;5.676875e-02;8.529737e-02;5.777778e-02;9.599785e-02;1.127649e-01
8.821780e-02;6.605851e-02;1.203838e-01;6.478730e-02;9.583401e-02;5.276493e-02;1.257333e-01;8.008721e-02;8.022653e-02;7.904299e-02;5.066580e-02;9.619784e-02
7.682373e-02;6.861637e-02;1.097898e-01;7.292682e-02;6.608795e-02;7.181895e-02;1.967473e-01;6.670455e-02;6.627939e-02;1.010880e-01;4.676628e-02;5.635082e-02
7.144025e-02;5.023462e-02;7.703510e-02;6.019944e-02;3.734176e-02;1.094109e-01;2.312629e-01;8.648787e-02;5.650632e-02;1.493260e-01;3.618652e-02;3.456831e-02
7.269766e-02;2.583069e-02;5.018257e-02;5.217132e-02;2.638131e-02;1.400092e-01;1.757775e-01;1.095428e-01;7.980010e-02;2.202308e-01;2.569091e-02;2.168524e-02
1.058556e-01;3.759878e-02;3.692387e-02;5.146803e-02;2.951001e-02;1.583942e-01;1.196293e-01;7.570730e-02;6.410874e-02;2.670459e-01;4.022572e-02;1.353255e-02
1.266245e-01;2.884610e-02;3.585593e-02;4.820053e-02;4.628320e-02;1.658252e-01;1.050475e-01;4.104213e-02;8.059303e-02;2.406846e-01;5.288577e-02;2.811146e-02
1.185682e-01;3.824313e-02;7.101436e-02;5.666300e-02;7.238705e-02;1.671644e-01;5.819460e-02;7.127381e-02;9.884111e-02;1.848117e-01;4.007189e-02;2.276665e-02
7.796520e-02;4.669723e-02;9.719553e-02;5.483672e-02;8.837222e-02;1.253102e-01;1.567831e-01;6.835926e-02;1.183099e-01;9.644401e-02;4.116586e-02;2.856088e-02
1.228431e-01;4.417601e-02;7.390505e-02;3.962040e-02;1.013709e-01;1.115974e-01;2.880676e-01;3.368786e-02;6.631347e-02;8.018566e-02;1.977877e-02;1.845374e-02
1.445011e-01;3.645201e-02;4.688251e-02;4.326728e-02;1.177978e-01;1.641772e-01;2.336570e-01;3.580070e-02;4.534528e-02;8.995738e-02;1.807024e-02;2.409155e-02
1.290421e-01;2.230910e-02;9.090114e-02;3.566970e-02;1.616427e-01;1.586644e-01;1.611786e-01;2.531616e-02;8.985703e-02;7.441484e-02;1.824059e-02;3.276365e-02
1.121340e-01;2.763351e-02;1.405213e-01;3.695869e-02;1.918094e-01;1.231054e-01;1.145944e-01;1.834596e-02;1.150700e-01;4.541315e-02;1.749816e-02;5.691608e-02
8.775975e-02;2.648752e-02;1.795840e-01;4.177838e-02;2.180041e-01;9.973526e-02;9.141228e-02;2.680335e-02;1.061291e-01;3.039421e-02;1.794763e-02;7.396448e-02
8.752207e-02;2.867326e-02;1.686459e-01;4.508740e-02;2.334535e-01;1.017997e-01;7.967529e-02;2.279707e-02;1.014823e-01;2.151658e-02;2.575644e-02;8.359049e-02
1.506780e-01;3.853507e-02;1.451564e-01;3.781167e-02;1.854763e-01;1.151743e-01;1.345933e-01;9.641815e-03;7.380094e-02;2.155464e-02;2.606138e-02;6.151618e-02
1.779211e-01;5.997640e-02;7.755370e-02;4.606958e-02;1.161355e-01;1.187635e-01;2.758004e-01;8.963109e-03;4.233120e-02;4.124960e-02;9.360351e-03;2.587555e-02
1.200471e-01;9.649549e-02;4.445842e-02;5.001346e-02;7.375513e-02;8.905338e-02;4.112295e-01;1.464130e-02;2.546415e-02;4.043631e-02;1.961170e-02;1.479410e-02
5.655026e-02;1.072876e-01;8.077893e-02;3.796916e-02;4.893249e-02;4.777361e-02;4.854929e-01;3.887744e-02;2.532559e-02;3.357249e-02;2.614666e-02;1.129291e-02
3.178199e-02;7.779655e-02;1.577640e-01;4.326891e-02;3.721310e-02;2.219917e-02;4.072687e-01;6.733499e-02;6.224766e-02;4.949727e-02;2.626389e-02;1.736371e-02
3.780213e-02;3.874576e-02;1.565605e-01;8.380198e-02;5.334804e-02;2.212965e-02;2.552254e-01;5.938330e-02;1.184111e-01;1.188822e-01;3.814133e-02;1.756870e-02
4.852722e-02;3.744117e-02;1.019833e-01;7.653568e-02;7.636128e-02;5.692043e-02;1.413906e-01;3.647503e-02;1.197714e-01;1.732498e-01;1.020483e-01;2.929585e-02
1.081348e-01;5.314667e-02;5.351442e-02;3.898069e-02;5.616301e-02;7.201426e-02;1.563420e-01;4.766208e-02;7.872589e-02;1.185106e-01;1.324501e-01;8.435548e-02
2.029928e-01;8.363401e-02;5.684593e-02;3.295488e-02;5.593591e-02;5.475293e-02;1.452688e-01;9.863032e-02;7.534245e-02;3.958903e-02;7.182303e-02;8.222985e-02
1.919655e-01;1.569562e-01;1.003404e-01;2.238389e-02;8.376179e-02;4.959326e-02;9.263196e-02;9.669387e-02;1.128554e-01;2.777552e-02;2.227486e-02;4.276742e-02
1.101469e-01;2.008754e-01;2.128679e-01;2.968413e-02;8.651599e-02;4.393432e-02;4.317854e-02;5.385184e-02;1.364491e-01;5.297167e-02;1.226059e-02;1.726370e-02
4.234664e-02;1.748216e-01;3.831881e-01;3.428492e-02;5.601785e-02;3.016339e-02;2.309774e-02;2.580156e-02;9.365074e-02;1.019749e-01;2.447230e-02;1.018024e-02
2.298668e-02;1.184625e-01;4.362575e-01;9.620424e-02;3.634795e-02;1.783038e-02;1.510471e-02;1.443956e-02;2.666527e-02;1.088750e-01;9.164057e-02;1.518564e-02
1.340624e-02;7.458336e-02;3.176128e-01;1.950019e-01;6.629147e-02;1.088089e-02;1.167856e-02;1.379149e-02;7.864456e-03;6.359735e-02;1.766377e-01;4.865369e-02
1.254490e-02;3.997596e-02;1.593708e-01;2.146105e-01;1.595412e-01;1.963480e-02;1.430277e-02;1.329910e-02;8.291423e-03;2.363403e-02;1.800941e-01;1.547003e-01
2.974613e-02;1.095752e-02;7.509178e-02;1.255317e-01;2.798590e-01;5.479665e-02;2.756882e-02;7.466007e-03;1.701581e-02;1.952112e-02;8.900316e-02;2.634423e-01
6.336021e-02;1.201833e-02;6.321144e-02;5.092274e-02;3.301440e-01;1.165636e-01;5.279573e-02;7.814658e-03;2.445359e-02;1.209994e-02;5.568665e-02;2.109291e-01
7.895855e-02;1.625765e-02;6.640355e-02;3.635157e-02;3.240096e-01;2.040995e-01;9.166138e-02;9.227404e-03;2.172789e-02;7.761653e-03;6.753526e-02;7.600596e-02
8.514053e-02;9.261280e-03;6.464275e-02;5.838338e-02;2.974130e-01;2.117722e-01;1.039399e-01;6.308066e-03;1.798183e-02;9.264647e-03;4.802930e-02;8.786312e-02
5.045878e-02;9.978142e-03;6.572322e-02;5.107207e-02;2.652259e-01;3.180754e-01;1.289664e-01;6.252165e-03;2.304650e-02;8.817844e-03;1.641770e-02;5.596589e-02
2.721608e-02;1.235559e-02;4.857826e-02;2.359670e-02;2.202192e-01;3.728323e-01;1.429131e-01;1.621266e-02;3.899432e-02;7.701477e-03;4.985997e-03;8.439433e-02
1.377154e-02;1.259243e-02;7.269479e-02;2.984612e-02;2.259779e-01;2.786263e-01;1.252348e-01;2.305502e-02;7.464856e-02;1.570835e-02;1.289775e-02;1.149464e-01
7.470669e-03;1.927811e-02;1.576449e-01;6.821575e-02;2.213380e-01;1.365954e-01;7.578225e-02;3.053018e-02;9.709104e-02;3.456600e-02;3.427033e-02;1.172174e-01
1.524286e-02;3.094749e-02;2.664055e-01;1.015650e-01;1.492718e-01;6.897528e-02;6.254949e-02;4.044894e-02;7.256085e-02;4.768591e-02;6.850508e-02;7.584177e-02
3.549213e-02;4.453889e-02;3.067580e-01;8.947739e-02;9.804457e-02;5.813575e-02;9.803537e-02;3.818828e-02;5.372289e-02;5.206246e-02;8.193377e-02;4.361056e-02
5.327192e-02;5.312802e-02;2.653330e-01;8.236891e-02;1.050009e-01;9.290452e-02;9.592074e-02;3.287500e-02;6.763884e-02;5.492642e-02;4.770382e-02;4.892782e-02
2.852964e-02;3.448957e-02;2.049998e-01;6.380015e-02;1.291872e-01;1.184199e-01;8.476828e-02;3.855555e-02;4.831797e-02;4.104571e-02;1.054529e-01;1.024334e-01
2.549229e-02;4.246597e-02;2.337210e-01;5.003463e-02;1.555982e-01;1.283114e-01;6.843208e-02;3.922589e-02;3.612893e-02;5.312458e-02;8.908080e-02;7.838429e-02
1.981142e-02;4.629538e-02;1.730949e-01;1.074837e-01;1.487163e-01;9.737667e-02;8.858071e-02;4.483751e-02;5.471645e-02;7.291370e-02;7.697599e-02;6.919726e-02
4.954882e-02;6.558514e-02;1.685335e-01;5.798093e-02;1.120998e-01;6.457780e-02;1.362877e-01;8.849557e-02;9.899962e-02;8.368792e-02;3.573781e-02;3.846532e-02
5.357151e-02;7.479728e-02;1.690827e-01;5.363280e-02;1.126165e-01;8.022702e-02;1.571224e-01;8.089311e-02;7.727411e-02;6.045702e-02;4.045408e-02;3.987135e-02
4.287320e-02;7.713909e-02;1.630559e-01;7.585991e-02;1.042320e-01;1.150214e-01;1.728879e-01;6.130711e-02;5.130295e-02;4.972828e-02;4.703442e-02;3.955777e-02
3.585702e-02;8.505464e-02;2.539872e-01;6.124769e-02;8.104612e-02;1.200650e-01;1.611452e-01;3.552481e-02;4.936140e-02;5.322342e-02;3.880678e-02;2.468072e-02
2.613324e-02;6.644408e-02;4.587492e-01;9.328717e-02;3.984361e-02;6.040017e-02;1.245717e-01;2.416581e-02;3.049921e-02;5.638279e-02;1.035826e-02;9.164652e-03
3.900941e-02;9.002512e-02;5.180184e-01;9.804796e-02;2.753993e-02;2.539749e-02;9.699108e-02;9.915715e-03;1.844023e-02;6.155265e-02;8.503452e-03;6.558507e-03
7.631399e-02;1.294542e-01;4.634860e-01;8.194853e-02;2.848973e-02;2.548861e-02;7.160014e-02;3.937800e-03;3.347794e-02;5.815661e-02;1.563405e-02;1.201239e-02
9.636390e-02;1.378897e-01;3.988312e-01;7.409710e-02;3.488435e-02;3.731111e-02;6.965561e-02;1.281903e-02;4.159232e-02;5.159828e-02;2.611575e-02;1.884158e-02
9.198768e-02;1.121458e-01;3.884403e-01;8.004910e-02;3.219109e-02;4.598962e-02;8.037901e-02;1.571532e-02;4.908036e-02;4.133442e-02;3.547515e-02;2.721223e-02
1.275894e-01;1.286666e-01;3.393147e-01;7.734139e-02;3.361112e-02;2.290252e-02;4.375483e-02;1.821458e-02;5.163638e-02;7.495432e-02;3.694563e-02;4.506856e-02
9.930744e-02;1.451571e-01;3.430661e-01;8.599214e-02;2.964051e-02;2.213127e-02;4.721945e-02;2.690961e-02;6.706858e-02;8.817167e-02;2.239663e-02;2.293950e-02
2.754525e-02;1.414617e-01;3.581440e-01;1.006566e-01;5.387469e-02;5.230449e-02;6.535840e-02;1.814750e-02;5.526504e-02;6.425542e-02;4.073530e-02;2.225164e-02
8.227107e-02;5.967186e-02;1.739844e-01;5.743871e-02;9.657444e-02;7.889521e-02;1.872843e-01;4.357976e-02;3.420543e-02;6.563766e-02;7.640853e-02;4.404868e-02
3.995213e-02;8.481086e-02;2.288822e-01;7.308802e-02;8.580206e-02;6.122391e-02;1.546677e-01;3.080116e-02;5.015473e-02;7.953209e-02;6.878029e-02;4.230481e-02
5.080140e-02;1.062801e-01;3.569497e-01;7.409044e-02;5.787701e-02;3.106285e-02;8.433464e-02;2.060558e-02;6.164364e-02;7.718152e-02;4.426691e-02;3.490619e-02
7.313520e-02;1.714156e-01;3.986008e-01;5.936437e-02;2.886190e-02;2.798630e-02;3.066299e-02;1.732067e-02;8.709419e-02;5.564117e-02;2.291598e-02;2.700078e-02
1.383550e-01;2.387255e-01;3.105661e-01;3.972609e-02;1.943450e-02;3.123050e-02;1.578374e-02;2.442544e-02;1.174047e-01;2.329787e-02;1.999825e-02;2.105225e-02
2.389306e-01;2.542706e-01;1.390475e-01;2.527990e-02;3.009300e-02;2.720585e-02;3.056615e-02;5.278420e-02;1.225815e-01;2.005972e-02;4.150620e-02;1.767476e-02
3.237776e-01;1.788401e-01;7.481967e-02;2.431884e-02;3.766830e-02;1.886986e-02;4.277370e-02;8.697870e-02;7.766494e-02;2.610914e-02;7.000612e-02;3.817299e-02
2.994690e-01;1.270520e-01;7.559257e-02;4.144842e-02;2.612597e-02;2.715713e-02;8.042508e-02;8.427401e-02;2.638707e-02;4.251220e-02;8.430990e-02;8.524661e-02
1.680909e-01;1.082320e-01;8.955174e-02;6.285803e-02;3.231164e-02;5.292116e-02;1.133316e-01;3.483646e-02;5.638495e-02;6.243052e-02;9.644199e-02;1.226090e-01
1.222743e-01;9.998576e-02;1.383165e-01;5.439707e-02;5.338627e-02;6.030126e-02;1.067547e-01;6.108563e-02;8.945005e-02;6.178432e-02;7.122658e-02;8.103759e-02
9.125294e-02;1.166887e-01;1.763877e-01;5.221679e-02;5.636498e-02;5.752122e-02;1.367943e-01;7.059401e-02;7.351079e-02;7.049340e-02;4.618951e-02;5.198571e-02
7.288864e-02;1.125479e-01;1.191395e-01;6.122432e-02;6.853957e-02;4.448351e-02;1.574589e-01;6.306964e-02;1.134685e-01;9.217516e-02;4.362200e-02;5.138234e-02
1.170680e-01;9.743322e-02;9.789838e-02;7.600348e-02;6.333679e-02;5.636828e-02;7.748090e-02;5.014088e-02;1.109544e-01;1.333536e-01;4.149849e-02;7.846358e-02
1.124580e-01;5.164175e-02;9.000259e-02;7.687475e-02;7.489517e-02;5.837804e-02;8.655272e-02;7.565396e-02;7.223017e-02;1.925736e-01;3.583040e-02;7.290889e-02
1.240796e-01;5.547224e-02;7.813489e-02;6.193507e-02;7.632043e-02;4.788953e-02;1.104163e-01;6.701643e-02;1.565364e-01;1.300336e-01;4.796151e-02;4.420394e-02
8.548802e-02;4.813624e-02;7.530422e-02;6.213812e-02;4.363432e-02;4.744717e-02;1.051157e-01;1.150896e-01;1.863329e-01;1.318369e-01;7.360205e-02;2.587477e-02
6.570150e-02;3.890497e-02;7.572728e-02;5.065250e-02;4.085257e-02;3.591472e-02;9.056066e-02;1.284292e-01;2.231203e-01;1.299365e-01;7.889502e-02;4.130476e-02
7.251677e-02;6.601223e-02;4.551712e-02;3.701528e-02;5.532555e-02;4.240207e-02;8.675260e-02;1.132611e-01;2.160553e-01;1.221649e-01;8.590250e-02;5.707454e-02
8.647437e-02;6.028743e-02;5.907078e-02;2.846796e-02;6.251021e-02;4.670789e-02;1.061282e-01;1.033127e-01;1.465754e-01;1.398140e-01;8.137745e-02;7.927363e-02
8.042393e-02;2.975279e-02;6.671190e-02;3.613975e-02;6.372461e-02;8.862731e-02;1.639578e-01;1.120689e-01;1.297670e-01;1.216329e-01;4.172829e-02;6.546479e-02
9.430116e-02;5.422100e-02;1.653204e-01;5.241311e-02;7.200026e-02;8.280433e-02;1.230566e-01;5.396650e-02;7.834259e-02;7.910279e-02;8.758505e-02;5.688630e-02
6.191887e-02;8.306300e-02;2.380439e-01;6.239180e-02;6.914604e-02;5.293974e-02;1.380371e-01;4.749348e-02;3.262835e-02;5.368873e-02;1.038279e-01;5.682102e-02
4.114022e-02;9.964409e-02;2.519969e-01;7.954372e-02;6.514498e-02;4.719016e-02;1.648623e-01;2.456204e-02;4.338655e-02;5.307481e-02;7.230062e-02;5.715363e-02
1.127341e-01;1.096359e-01;2.155392e-01;8.790014e-02;4.195512e-02;5.143183e-02;1.469272e-01;3.433327e-02;4.403745e-02;4.796570e-02;4.503812e-02;6.250200e-02
1.402839e-01;8.288100e-02;3.200551e-01;8.451359e-02;2.336054e-02;3.575451e-02;6.696846e-02;3.167147e-02;2.769017e-02;3.558898e-02;9.327587e-02;5.795644e-02
1.587922e-01;4.565308e-02;3.609894e-01;8.181000e-02;1.657282e-02;2.058129e-02;3.844808e-02;1.986251e-02;4.261818e-02;3.599069e-02;1.033014e-01;7.538031e-02
1.588516e-01;1.045929e-01;2.435491e-01;5.798626e-02;9.288600e-03;1.031644e-02;8.020455e-02;2.817464e-02;7.647512e-02;6.999468e-02;1.002885e-01;6.027754e-02
1.370848e-01;1.172927e-01;9.272502e-02;4.418635e-02;1.860404e-02;2.444244e-02;1.112026e-01;4.459684e-02;1.217189e-01;1.568277e-01;9.840921e-02;3.290940e-02
1.608917e-01;9.860946e-02;7.073177e-02;3.570479e-02;4.540632e-02;4.273272e-02;1.319851e-01;4.300563e-02;1.119311e-01;1.555437e-01;5.822685e-02;4.523083e-02
8.543091e-02;8.602671e-02;1.004501e-01;5.012821e-02;7.615761e-02;4.606969e-02;1.245263e-01;6.415436e-02;1.300797e-01;9.165610e-02;6.065593e-02;8.466440e-02
1.509171e-01;7.603060e-02;1.246905e-01;7.178725e-02;6.448972e-02;3.682413e-02;1.199876e-01;6.662723e-02;1.338684e-01;1.940681e-02;4.390742e-02;9.146322e-02
1.491525e-01;5.858220e-02;1.831074e-01;7.213344e-02;4.125568e-02;4.253095e-02;1.574064e-01;3.245876e-02;9.748488e-02;5.338096e-02;4.410502e-02;6.840184e-02
