8.924624e-02;5.924739e-02;9.492037e-02;4.163422e-02;6.509592e-02;1.046828e-01;3.096799e-01;1.406351e-02;3.690451e-02;4.454917e-02;6.704969e-02;7.292625e-02
6.785902e-02;5.879041e-02;5.685407e-02;2.597890e-02;4.303077e-02;1.001631e-01;4.554895e-01;5.037168e-02;2.264477e-02;2.397694e-02;4.540446e-02;4.943632e-02
3.336054e-02;4.525611e-02;4.514588e-02;8.264039e-03;2.044554e-02;6.276866e-02;5.915514e-01;1.203905e-01;1.428278e-02;1.244081e-02;2.489854e-02;2.119511e-02
1.415164e-02;3.478501e-02;6.090790e-02;4.138133e-03;1.754717e-02;3.849209e-02;5.996869e-01;1.787779e-01;1.155459e-02;1.459463e-02;1.368574e-02;1.167820e-02
1.005751e-02;2.779082e-02;6.161610e-02;7.462064e-03;3.049643e-02;4.791055e-02;5.561802e-01;1.835534e-01;2.516927e-02;1.771516e-02;1.370522e-02;1.834328e-02
1.522035e-02;2.398956e-02;8.270891e-02;1.412401e-02;3.907956e-02;5.683540e-02;5.469334e-01;1.399288e-01;2.214922e-02;1.658202e-02;1.542640e-02;2.702234e-02
1.517773e-02;3.968024e-02;1.707063e-01;1.018028e-02;2.730575e-02;3.783356e-02;4.961684e-01;1.253708e-01;2.670986e-02;1.442220e-02;1.411409e-02;2.233075e-02
1.677093e-02;5.876419e-02;2.003044e-01;1.324063e-02;2.868735e-02;1.776221e-02;4.624843e-01;1.095056e-01;2.516951e-02;2.400015e-02;2.928777e-02;1.402308e-02
2.128740e-02;8.072320e-02;9.480783e-02;1.289879e-02;4.120992e-02;6.207461e-02;4.741892e-01;8.338133e-02;3.761492e-02;3.099179e-02;4.938985e-02;1.143112e-02
2.412940e-02;6.844507e-02;3.868754e-02;1.010914e-02;3.387855e-02;8.588162e-02;5.513457e-01;9.485067e-02;2.744114e-02;2.438750e-02;3.336413e-02;7.479525e-03
1.423871e-02;4.097543e-02;2.142379e-02;2.193685e-02;2.374307e-02;1.157649e-01;5.988452e-01;9.260310e-02;2.292739e-02;2.610197e-02;1.836924e-02;3.070252e-03
1.430395e-02;1.882819e-02;1.771317e-02;3.851560e-02;4.053615e-02;2.199615e-01;5.056748e-01;5.715146e-02;1.978428e-02;5.436925e-02;9.356107e-03;3.805491e-03
2.973556e-02;8.050554e-03;2.658680e-02;4.128624e-02;1.008081e-01;3.323036e-01;3.079355e-01;2.863326e-02;2.833122e-02;7.603562e-02;6.813119e-03;1.348053e-02
4.252655e-02;1.086615e-02;5.979954e-02;3.525207e-02;2.161078e-01;2.534515e-01;1.673766e-01;2.361022e-02;7.747908e-02;4.548884e-02;8.617914e-03;5.942373e-02
3.502634e-02;1.348961e-02;9.705090e-02;6.432097e-02;2.935174e-01;8.935373e-02;1.374632e-01;1.658408e-02;9.733361e-02;1.409281e-02;2.937345e-02;1.123940e-01
1.748920e-02;2.616977e-02;1.733288e-01;1.204442e-01;2.579789e-01;5.141367e-02;5.506606e-02;3.202793e-02;7.288829e-02;1.382682e-02;6.129967e-02;1.180667e-01
1.530485e-02;3.308783e-02;2.813458e-01;1.522741e-01;1.373244e-01;4.641174e-02;9.306651e-02;6.274186e-02;3.024148e-02;1.928815e-02;6.322791e-02;6.568535e-02
2.213188e-02;2.390698e-02;3.936213e-01;1.194718e-01;8.895697e-02;3.222451e-02;1.408555e-01;6.250646e-02;2.149437e-02;2.827441e-02;3.923568e-02;2.732010e-02
1.950150e-02;3.720123e-02;4.669483e-01;6.692979e-02;6.340631e-02;4.009315e-02;1.439944e-01;5.598306e-02;1.921989e-02;3.441852e-02;1.112411e-02;4.117972e-02
2.160713e-02;6.188659e-02;4.611549e-01;3.916908e-02;3.586360e-02;7.217160e-02;1.167994e-01;5.183626e-02;3.286193e-02;2.165273e-02;1.107966e-02;7.391706e-02
2.557148e-02;8.778633e-02;4.281050e-01;4.788279e-02;2.229236e-02;1.044646e-01;7.857297e-02;3.445923e-02;5.463680e-02;1.447478e-02;1.722601e-02;8.452766e-02
5.244333e-02;7.968847e-02;4.193037e-01;5.468121e-02;2.702614e-02;8.979043e-02;3.093100e-02;1.958885e-02;5.898064e-02;3.269834e-02;3.892370e-02;9.594422e-02
9.544694e-02;5.191526e-02;3.801567e-01;4.393405e-02;3.732789e-02;5.301609e-02;3.467244e-02;2.972405e-02;4.618595e-02;5.644403e-02;4.579287e-02;1.253837e-01
1.121655e-01;4.464985e-02;3.988161e-01;3.424548e-02;5.304178e-02;2.923211e-02;4.723496e-02;3.144979e-02;3.842457e-02;7.203452e-02;3.388119e-02;1.048242e-01
5.606830e-02;3.685813e-02;5.114676e-01;2.623988e-02;7.330635e-02;1.204376e-02;5.549159e-02;1.931847e-02;2.007937e-02;1.185924e-01;1.946650e-02;5.106761e-02
7.913434e-02;2.683621e-02;5.454845e-01;2.559867e-02;7.410084e-02;4.937185e-03;6.304633e-02;9.226413e-03;9.576401e-03;1.376884e-01;5.490845e-03;1.887986e-02
1.187959e-01;2.545954e-02;5.117699e-01;2.582414e-02;5.709571e-02;3.398351e-03;7.161237e-02;6.857436e-03;9.329133e-03;1.403113e-01;8.276801e-03;2.126953e-02
1.311557e-01;1.740196e-02;4.527124e-01;2.979488e-02;3.931615e-02;4.867931e-03;7.595549e-02;8.248421e-03;1.603831e-02;1.619033e-01;5.509778e-03;5.709570e-02
1.091602e-01;2.476152e-02;3.817309e-01;3.617616e-02;2.551566e-02;1.070758e-02;7.217462e-02;6.585219e-03;4.106885e-02;1.951249e-01;1.650656e-02;8.048784e-02
9.260756e-02;4.235112e-02;3.506737e-01;4.205459e-02;3.186466e-02;2.010895e-02;7.394858e-02;7.598232e-03;7.099026e-02;1.928206e-01;2.177227e-02;5.320946e-02
7.779607e-02;4.414050e-02;3.459390e-01;3.858100e-02;3.786794e-02;3.227243e-02;8.204116e-02;1.462968e-02;8.452141e-02;1.792904e-01;2.925580e-02;3.366455e-02
6.086116e-02;5.547325e-02;3.156214e-01;3.030598e-02;4.064947e-02;4.992255e-02;1.116133e-01;1.833000e-02;6.674771e-02;1.657963e-01;4.803720e-02;3.664170e-02
6.368323e-02;7.576148e-02;3.045317e-01;2.973439e-02;3.885939e-02;5.276664e-02;1.061426e-01;2.003033e-02;4.778082e-02;1.534980e-01;5.788090e-02;4.933055e-02
9.342116e-02;7.520079e-02;3.335928e-01;2.527874e-02;2.801325e-02;4.576479e-02;7.993945e-02;2.680751e-02;3.897500e-02;1.562386e-01;5.015000e-02;4.661782e-02
9.199515e-02;6.739356e-02;3.657745e-01;2.481386e-02;3.508895e-02;3.232360e-02;9.618738e-02;1.967687e-02;4.423789e-02;1.654887e-01;2.845309e-02;2.856645e-02
6.864502e-02;7.531969e-02;3.710057e-01;4.931122e-02;4.033476e-02;3.377618e-02;5.345959e-02;3.005058e-02;3.916660e-02;1.512798e-01;4.021483e-02;4.743598e-02
4.558116e-02;9.049968e-02;3.056269e-01;8.192713e-02;3.748680e-02;5.797620e-02;6.932271e-02;3.576588e-02;4.321506e-02;1.070828e-01;5.125077e-02;7.426481e-02
6.386167e-02;1.002806e-01;2.657478e-01;6.291758e-02;4.390332e-02;9.823693e-02;9.407771e-02;3.511895e-02;7.973031e-02;7.792889e-02;3.569607e-02;4.250012e-02
1.096521e-01;1.260738e-01;2.410151e-01;3.914778e-02;5.100726e-02;1.343114e-01;6.654033e-02;2.651864e-02;1.054924e-01;4.980388e-02;2.158041e-02;2.885691e-02
1.730411e-01;1.474729e-01;1.888001e-01;1.872579e-02;6.343974e-02;1.381578e-01;3.230434e-02;5.137969e-02;1.132955e-01;2.967532e-02;1.803816e-02;2.566947e-02
2.378876e-01;1.255511e-01;1.108774e-01;1.925454e-02;7.967381e-02;8.849113e-02;3.090640e-02;1.173113e-01;8.628231e-02;3.560181e-02;2.701766e-02;4.114501e-02
2.280383e-01;9.599986e-02;7.720349e-02;3.673856e-02;6.641090e-02;3.987172e-02;7.537031e-02;1.616900e-01;5.821432e-02;5.468316e-02;4.009284e-02;6.568651e-02
1.558188e-01;6.140426e-02;1.228058e-01;5.128357e-02;3.271551e-02;3.644078e-02;1.143674e-01;1.438607e-01;6.749231e-02;7.556596e-02;6.208656e-02;7.615845e-02
1.296762e-01;8.708093e-02;1.564633e-01;4.321455e-02;2.854869e-02;4.885814e-02;9.822239e-02;9.507971e-02;9.074934e-02;9.154301e-02;8.428246e-02;4.628134e-02
9.476290e-02;1.575717e-01;1.271972e-01;4.822504e-02;5.716730e-02;2.707688e-02;4.095186e-02;1.093664e-01;1.222025e-01;1.123869e-01;6.975821e-02;3.333318e-02
1.073308e-01;1.267806e-01;1.191141e-01;4.738922e-02;5.249513e-02;2.540722e-02;7.025676e-02;7.223488e-02;1.020694e-01;1.311256e-01;9.878597e-02;4.701036e-02
9.949376e-02;8.093282e-02;1.260552e-01;4.101461e-02;4.443314e-02;3.710471e-02;6.421469e-02;6.019486e-02;7.083185e-02;1.320536e-01;1.880389e-01;5.563186e-02
1.471189e-01;5.364906e-02;1.069335e-01;3.163630e-02;4.155460e-02;4.973975e-02;5.497037e-02;5.526136e-02;8.199649e-02;9.615057e-02;1.937560e-01;8.723307e-02
1.620309e-01;4.418296e-02;9.872722e-02;2.005690e-02;4.670747e-02;7.081567e-02;7.100569e-02;5.218819e-02;1.326936e-01;5.734821e-02;1.491438e-01;9.509931e-02
1.228354e-01;1.668155e-02;1.059381e-01;1.358513e-02;4.470501e-02;8.785255e-02;8.772930e-02;5.696651e-02;1.285071e-01;8.697133e-02;1.988002e-01;4.942780e-02
9.321999e-02;2.201907e-02;1.029155e-01;2.486875e-02;4.034843e-02;7.219235e-02;9.427708e-02;6.594712e-02;1.100474e-01;1.309145e-01;2.062370e-01;3.701279e-02
9.129747e-02;4.070937e-02;9.593040e-02;3.441743e-02;3.637670e-02;4.695566e-02;1.020550e-01;7.231800e-02;1.138595e-01;1.520326e-01;1.659511e-01;4.809672e-02
8.224984e-02;6.181912e-02;1.079936e-01;4.324885e-02;4.251155e-02;5.260984e-02;1.402738e-01;8.104448e-02;9.190184e-02;1.479903e-01;9.495556e-02;5.340127e-02
1.461669e-01;6.118275e-02;1.002649e-01;2.668403e-02;5.042941e-02;9.377200e-02;1.007293e-01;1.069387e-01;6.820963e-02;1.159611e-01;7.556766e-02;5.409366e-02
1.178039e-01;3.485505e-02;9.424023e-02;2.846670e-02;3.981548e-02;9.602509e-02;9.247725e-02;9.643088e-02;8.524911e-02;1.145249e-01;1.273933e-01;7.271802e-02
3.525191e-02;5.054330e-02;1.285468e-01;3.029106e-02;4.159501e-02;5.349720e-02;1.291144e-01;7.014623e-02;1.301077e-01;1.237711e-01;1.300360e-01;7.709923e-02
1.125777e-01;5.695973e-02;1.166954e-01;2.077523e-02;5.599134e-02;7.194252e-02;1.407142e-01;6.469885e-02;1.189195e-01;8.722845e-02;9.990609e-02;5.359105e-02
1.065036e-01;3.228578e-02;1.071873e-01;1.940095e-02;6.085300e-02;7.664611e-02;1.280662e-01;4.716901e-02;1.051433e-01;8.886231e-02;1.425370e-01;8.534554e-02
7.292438e-02;4.899356e-02;1.001876e-01;2.724239e-02;4.746668e-02;4.886073e-02;1.241260e-01;5.952272e-02;1.196701e-01;8.681733e-02;1.787563e-01;8.543222e-02
1.038424e-01;5.656802e-02;1.156940e-01;2.574966e-02;3.978461e-02;3.325044e-02;1.470112e-01;7.863355e-02;1.054172e-01;7.286438e-02;1.476325e-01;7.355210e-02
7.700813e-02;5.880326e-02;1.185097e-01;2.006325e-02;4.168157e-02;3.742610e-02;1.675627e-01;8.323609e-02;9.362531e-02;7.985499e-02;1.367183e-01;8.551062e-02
1.766944e-01;4.588523e-02;1.146401e-01;2.563633e-02;3.637452e-02;3.586976e-02;1.145501e-01;7.524048e-02;7.514467e-02;8.347625e-02;1.347944e-01;8.169372e-02
1.460812e-01;1.252462e-01;1.973602e-01;4.287650e-02;5.529969e-02;3.405044e-02;8.803151e-02;2.457220e-02;6.016296e-02;5.672761e-02;8.393481e-02;8.565673e-02
2.529267e-01;1.456836e-01;1.699538e-01;3.004852e-02;5.287918e-02;2.466831e-02;6.921579e-02;1.959870e-02;3.892229e-02;4.223150e-02;6.072918e-02;9.314238e-02
4.272948e-01;1.355226e-01;1.191611e-01;1.975462e-02;4.469293e-02;1.462707e-02;4.562370e-02;2.842168e-02;2.584805e-02;2.386633e-02;3.656640e-02;7.862061e-02
6.231640e-01;1.062778e-01;4.448412e-02;1.618476e-02;2.928491e-02;6.028558e-03;2.544134e-02;4.141549e-02;1.986419e-02;1.371516e-02;1.376962e-02;6.037012e-02
6.860846e-01;5.631299e-02;2.356979e-02;2.142080e-02;1.483731e-02;3.770130e-03;2.141896e-02;4.591108e-02;2.104361e-02;1.322387e-02;7.181977e-03;8.522487e-02
6.207342e-01;3.067262e-02;2.174754e-02;3.610563e-02;1.405669e-02;4.921747e-03;4.574898e-02;5.211903e-02;2.411314e-02;1.985953e-02;8.895350e-03;1.210255e-01
4.614532e-01;4.739097e-02;1.899069e-02;6.529664e-02;1.525215e-02;1.011347e-02;8.838189e-02;6.378150e-02;2.131855e-02;3.472655e-02;1.387697e-02;1.594173e-01
3.597359e-01;1.916356e-02;2.017792e-02;9.035116e-02;1.911908e-02;1.339205e-02;1.223650e-01;6.894934e-02;1.650025e-02;5.430421e-02;1.570177e-02;2.002398e-01
3.450205e-01;2.872491e-02;1.606812e-02;8.453282e-02;1.013081e-01;1.585517e-02;1.094410e-01;5.772230e-02;7.801697e-03;5.550195e-02;1.244933e-02;1.655741e-01
3.150524e-01;2.464497e-02;1.481735e-02;5.778623e-02;2.070102e-01;4.329354e-02;8.062237e-02;7.387020e-02;1.054614e-02;4.077003e-02;1.196641e-02;1.196202e-01
3.375234e-01;2.978631e-02;1.757803e-02;3.382648e-02;1.821495e-01;6.056107e-02;6.368177e-02;1.101139e-01;2.652312e-02;2.215920e-02;2.644333e-02;8.965398e-02
3.937258e-01;4.254330e-02;3.252538e-02;1.715858e-02;7.711362e-02;3.976791e-02;4.969785e-02;1.295798e-01;4.624827e-02;1.081951e-02;7.645864e-02;8.436135e-02
3.851040e-01;6.534600e-02;5.834454e-02;2.237926e-02;4.852396e-02;2.136254e-02;3.871136e-02;9.830516e-02;4.150148e-02;1.269786e-02;1.200850e-01;8.763891e-02
3.255192e-01;1.246172e-01;8.253215e-02;5.796151e-02;3.675053e-02;4.117993e-02;3.891952e-02;6.806050e-02;2.997047e-02;2.368310e-02;9.561933e-02;7.518657e-02
2.527394e-01;1.729360e-01;1.044365e-01;1.087498e-01;2.414092e-02;5.102993e-02;4.910909e-02;5.547002e-02;3.468703e-02;3.934077e-02;5.020150e-02;5.715901e-02
1.125333e-01;1.433164e-01;2.408809e-01;1.299362e-01;5.952642e-02;2.703614e-02;5.887561e-02;5.654770e-02;3.939036e-02;4.911953e-02;4.427561e-02;3.856177e-02
1.314802e-01;8.416575e-02;3.173678e-01;8.446738e-02;9.472416e-02;3.049234e-02;5.777010e-02;5.576094e-02;2.756280e-02;3.162093e-02;4.575334e-02;3.883430e-02
1.686169e-01;1.009763e-01;2.856272e-01;5.971517e-02;8.874338e-02;4.133803e-02;5.262928e-02;4.565854e-02;2.420831e-02;3.990335e-02;4.316671e-02;4.941684e-02
1.790897e-01;1.525618e-01;2.155156e-01;4.532434e-02;6.875773e-02;3.488860e-02;5.773557e-02;3.416200e-02;2.649255e-02;6.580810e-02;6.248221e-02;5.718177e-02
1.983594e-01;1.493790e-01;1.618180e-01;4.952862e-02;3.517422e-02;2.777663e-02;6.565433e-02;4.213107e-02;2.887089e-02;9.330340e-02;8.277422e-02;6.523015e-02
2.368309e-01;1.090885e-01;1.360450e-01;5.050840e-02;2.969777e-02;4.187406e-02;4.508396e-02;6.162110e-02;3.164325e-02;9.903941e-02;8.518443e-02;7.338324e-02
2.196032e-01;1.206368e-01;1.166029e-01;4.618493e-02;3.530349e-02;4.121960e-02;4.946022e-02;4.874888e-02;3.333960e-02;1.017243e-01;1.061770e-01;8.099914e-02
2.047146e-01;1.361991e-01;1.371043e-01;4.985036e-02;2.387025e-02;3.913880e-02;4.599232e-02;3.230816e-02;4.065315e-02;9.235302e-02;1.031782e-01;9.463762e-02
3.039783e-01;1.351055e-01;1.515767e-01;3.023452e-02;4.005177e-02;2.581814e-02;2.773629e-02;7.958632e-02;3.304570e-02;4.895240e-02;4.509921e-02;7.881504e-02
3.826853e-01;1.167897e-01;1.633006e-01;1.336632e-02;5.985361e-02;1.368444e-02;1.720383e-02;1.066309e-01;2.244495e-02;2.238647e-02;3.844007e-02;4.321394e-02
4.521620e-01;1.004383e-01;1.474886e-01;1.089427e-02;6.207871e-02;5.655463e-03;9.397625e-03;1.031995e-01;2.334476e-02;1.780340e-02;3.061292e-02;3.692451e-02
4.457741e-01;1.032973e-01;1.337964e-01;2.261575e-02;3.982153e-02;1.250857e-02;1.136832e-02;6.767954e-02;4.889761e-02;3.216993e-02;1.998338e-02;6.208748e-02
3.817742e-01;8.909287e-02;9.454890e-02;3.845563e-02;2.454324e-02;2.782232e-02;2.296021e-02;3.818591e-02;7.595311e-02;6.567427e-02;3.711757e-02;1.038718e-01
2.602108e-01;7.801349e-02;6.896678e-02;5.960874e-02;2.598684e-02;3.809507e-02;3.872830e-02;4.411036e-02;7.830449e-02;9.532831e-02;5.580856e-02;1.568383e-01
1.018557e-01;8.758202e-02;7.951126e-02;7.338551e-02;3.140700e-02;3.486377e-02;6.851462e-02;5.308170e-02;8.368922e-02;1.055170e-01;4.562309e-02;2.349690e-01
5.061052e-02;8.934780e-02;8.972723e-02;4.387185e-02;3.818266e-02;2.473876e-02;6.689102e-02;7.746825e-02;1.486523e-01;8.120623e-02;8.561654e-02;2.036869e-01
9.869779e-02;5.841357e-02;9.162786e-02;1.744909e-02;5.184519e-02;3.608944e-02;6.066322e-02;5.759558e-02;1.967051e-01;7.810244e-02;1.444168e-01;1.083938e-01
1.672794e-01;3.830128e-02;1.153647e-01;2.661276e-02;5.881311e-02;4.733272e-02;6.710363e-02;5.036029e-02;1.512337e-01;5.745076e-02;9.149204e-02;1.286556e-01
1.676700e-01;5.491378e-02;1.568885e-01;3.036169e-02;7.461744e-02;5.346468e-02;4.419408e-02;5.032611e-02;9.923080e-02;6.015430e-02;8.168777e-02;1.264908e-01
1.356844e-01;6.029698e-02;1.696421e-01;3.166444e-02;1.055794e-01;4.671201e-02;3.211215e-02;5.990581e-02;9.834859e-02;6.984410e-02;9.768944e-02;9.252055e-02
1.266640e-01;8.360477e-02;1.438718e-01;3.286115e-02;1.055675e-01;3.385384e-02;5.863396e-02;6.777348e-02;9.881523e-02;9.456708e-02;8.690969e-02;6.687753e-02
7.961285e-02;1.133733e-01;1.484680e-01;4.662188e-02;6.860185e-02;2.773858e-02;9.208862e-02;5.832845e-02;9.280463e-02;1.067350e-01;8.401562e-02;8.161119e-02
1.228696e-01;1.140738e-01;1.474304e-01;3.769252e-02;5.221363e-02;2.448609e-02;7.649494e-02;7.387134e-02;7.903517e-02;9.052169e-02;7.628009e-02;1.050308e-01
7.454108e-02;8.716550e-02;1.466309e-01;3.819385e-02;6.808407e-02;3.631334e-02;5.157370e-02;1.006516e-01;7.042931e-02;1.079082e-01;1.037179e-01;1.147905e-01
1.109683e-01;5.474466e-02;1.256240e-01;4.246259e-02;7.121567e-02;3.983669e-02;7.487667e-02;8.025958e-02;7.455557e-02;1.069593e-01;1.191863e-01;9.931064e-02
1.601176e-01;1.248436e-01;9.479174e-02;3.199070e-02;3.858264e-02;2.896351e-02;3.414495e-02;6.563023e-02;8.666804e-02;1.061305e-01;8.614050e-02;1.419960e-01
1.291407e-01;1.365933e-01;8.235653e-02;2.678427e-02;4.404476e-02;3.257101e-02;2.645157e-02;5.859838e-02;9.933635e-02;1.291490e-01;7.124294e-02;1.637312e-01
1.166659e-01;1.197053e-01;8.892686e-02;2.388759e-02;4.894668e-02;3.520443e-02;1.818406e-02;4.893397e-02;1.068701e-01;1.544974e-01;6.466918e-02;1.735085e-01
1.253924e-01;8.023143e-02;1.327383e-01;2.409617e-02;4.509721e-02;3.330558e-02;3.797310e-02;3.666463e-02;1.079820e-01;1.665651e-01;5.678338e-02;1.531707e-01
8.602516e-02;7.810535e-02;2.011824e-01;4.697492e-02;3.180530e-02;4.354144e-02;3.791182e-02;4.475063e-02;1.282834e-01;1.317643e-01;3.458076e-02;1.350745e-01
3.669935e-02;8.766440e-02;1.569802e-01;5.135712e-02;2.966435e-02;7.071353e-02;2.898537e-02;4.175163e-02;2.124062e-01;9.675254e-02;6.177183e-02;1.252535e-01
6.187347e-02;6.546049e-02;8.860464e-02;3.573436e-02;7.845049e-02;6.085265e-02;3.125244e-02;7.391719e-02;2.303699e-01;6.889613e-02;1.269318e-01;7.765640e-02
1.181542e-01;3.934115e-02;6.314520e-02;1.627070e-02;1.422139e-01;3.501995e-02;4.888768e-02;1.438729e-01;1.584613e-01;3.535542e-02;1.660423e-01;3.323526e-02
1.300942e-01;1.792393e-02;6.035591e-02;2.840781e-02;1.361771e-01;5.969857e-02;9.946746e-02;1.544321e-01;6.779610e-02;9.589688e-02;1.212578e-01;2.849209e-02
1.066822e-01;2.418037e-02;5.311210e-02;4.569324e-02;9.136418e-02;1.013388e-01;1.549726e-01;9.639611e-02;5.877109e-02;1.670644e-01;6.468902e-02;3.573593e-02
1.039513e-01;3.561867e-02;7.235283e-02;4.901871e-02;7.595525e-02;8.460362e-02;1.354827e-01;8.832490e-02;9.217326e-02;1.804257e-01;4.173633e-02;4.035667e-02
1.140196e-01;4.273035e-02;8.945193e-02;8.304877e-02;1.039062e-01;5.401376e-02;5.758872e-02;1.065418e-01;9.461083e-02;1.466874e-01;3.705209e-02;7.034853e-02
1.016772e-01;4.110049e-02;5.239653e-02;1.242882e-01;8.284590e-02;6.377123e-02;1.306038e-01;4.601393e-02;5.548496e-02;1.472842e-01;5.091595e-02;1.036175e-01
1.398906e-01;4.145276e-02;4.595226e-02;1.199703e-01;3.562222e-02;8.303913e-02;9.950089e-02;6.124646e-02;5.716668e-02;1.497423e-01;5.345486e-02;1.129615e-01
1.690611e-01;3.678477e-02;3.018413e-02;8.854991e-02;5.001433e-02;9.267913e-02;7.554699e-02;8.490678e-02;5.082970e-02;1.626825e-01;6.000332e-02;9.875735e-02
1.636888e-01;3.525341e-02;4.278255e-02;8.621409e-02;5.354208e-02;7.815009e-02;1.218901e-01;6.684949e-02;5.186798e-02;1.408127e-01;5.042143e-02;1.085272e-01
1.610967e-01;5.336662e-02;4.526623e-02;9.730706e-02;4.638144e-02;6.368310e-02;1.525894e-01;4.086332e-02;5.872229e-02;1.174223e-01;4.452930e-02;1.187723e-01
1.702751e-01;6.021320e-02;1.185406e-01;5.685389e-02;6.293777e-02;7.561201e-02;1.046502e-01;6.503145e-02;9.589203e-02;7.811853e-02;3.495889e-02;7.691634e-02
2.105648e-01;4.563843e-02;9.813845e-02;5.340826e-02;8.790106e-02;4.998571e-02;8.849659e-02;6.572895e-02;1.543708e-01;5.640325e-02;3.642508e-02;5.293858e-02
2.602453e-01;3.734151e-02;7.750221e-02;2.921474e-02;8.120609e-02;4.134151e-02;6.683136e-02;7.709369e-02;1.929453e-01;4.374343e-02;3.430698e-02;5.822787e-02
2.681025e-01;3.978724e-02;4.921399e-02;2.023750e-02;3.302626e-02;9.629749e-02;5.914111e-02;6.758802e-02;2.072574e-01;6.095303e-02;2.613942e-02;7.225600e-02
2.391862e-01;2.401700e-02;3.621789e-02;4.865874e-02;1.578823e-02;1.090413e-01;8.817814e-02;4.455785e-02;1.652772e-01;1.117511e-01;2.816556e-02;8.916076e-02
1.969695e-01;2.662343e-02;2.991206e-02;7.700783e-02;1.459577e-02;6.453765e-02;1.736841e-01;4.393615e-02;9.376181e-02;1.281226e-01;3.824782e-02;1.126012e-01
1.473217e-01;2.278824e-02;2.893525e-02;7.335835e-02;3.255989e-02;2.521711e-02;2.712963e-01;8.399060e-02;4.187214e-02;8.726278e-02;5.753332e-02;1.278643e-01
8.563245e-02;1.799643e-02;3.991843e-02;3.652012e-02;9.965170e-02;1.663193e-02;2.784027e-01;1.588384e-01;3.209074e-02;5.021829e-02;6.441709e-02;1.196816e-01
3.487153e-02;1.712294e-02;5.675464e-02;1.973234e-02;2.064618e-01;2.104395e-02;2.086161e-01;1.799557e-01;2.346788e-02;4.453896e-02;7.206561e-02;1.153686e-01
9.161151e-02;4.802289e-02;1.357950e-01;4.804742e-02;1.883071e-01;1.508281e-02;1.246112e-01;1.124184e-01;1.491781e-02;3.609685e-02;6.406026e-02;1.210287e-01
1.486339e-01;6.685609e-02;1.602255e-01;7.336810e-02;8.249393e-02;6.881512e-03;1.387425e-01;5.114830e-02;1.103254e-02;3.014881e-02;7.276777e-02;1.577010e-01
1.700260e-01;7.985160e-02;6.596871e-02;8.857692e-02;1.684588e-02;6.691944e-03;1.551413e-01;2.371217e-02;4.168409e-02;3.222871e-02;1.288864e-01;1.903861e-01
1.503727e-01;6.286693e-02;2.538473e-02;9.406992e-02;6.990265e-03;1.162497e-02;1.675229e-01;2.731401e-02;9.551942e-02;4.616707e-02;1.312122e-01;1.809549e-01
1.521923e-01;3.917989e-02;1.418445e-02;1.057223e-01;7.899392e-03;3.098981e-02;2.051739e-01;4.094836e-02;1.132708e-01;7.920891e-02;6.970436e-02;1.415254e-01
1.929937e-01;3.613139e-02;2.549606e-02;1.336747e-01;1.652303e-02;6.041960e-02;2.175119e-01;5.976271e-02;6.792714e-02;7.423972e-02;2.570486e-02;8.961506e-02
2.498850e-01;4.174956e-02;4.200642e-02;1.899907e-01;3.223719e-02;5.486815e-02;1.502269e-01;1.004405e-01;2.765966e-02;4.750452e-02;9.363775e-03;5.406757e-02
3.140999e-01;5.646169e-02;7.155609e-02;1.885452e-01;5.106577e-02;2.315335e-02;7.806008e-02;1.310244e-01;1.030142e-02;2.349154e-02;9.043857e-03;4.319670e-02
4.057739e-01;7.660335e-02;7.852000e-02;9.997334e-02;7.185692e-02;6.046400e-03;5.026715e-02;1.347174e-01;1.702769e-02;1.289204e-02;1.178959e-02;3.453224e-02
5.088427e-01;1.009204e-01;5.274250e-02;3.631740e-02;6.999505e-02;3.947697e-03;3.193539e-02;1.096694e-01;3.041910e-02;7.860158e-03;1.477796e-02;3.257218e-02
5.393258e-01;1.497596e-01;3.829706e-02;2.375273e-02;3.467931e-02;6.441140e-03;2.610921e-02;8.402392e-02;4.876302e-02;1.597980e-02;1.701220e-02;1.585617e-02
4.741741e-01;2.239666e-01;3.429665e-02;1.946134e-02;1.384550e-02;7.727752e-03;2.432402e-02;6.833012e-02;8.305069e-02;2.802543e-02;1.142708e-02;1.137072e-02
3.634265e-01;3.216260e-01;5.262787e-02;1.453112e-02;8.930264e-03;8.096403e-03;1.595576e-02;4.770622e-02;1.137428e-01;3.392507e-02;7.840726e-03;1.159128e-02
2.483249e-01;3.889789e-01;7.283767e-02;1.183572e-02;1.667585e-02;1.273439e-02;1.014745e-02;4.311497e-02;1.503160e-01;2.734086e-02;6.880560e-03;1.081272e-02
1.432933e-01;4.282615e-01;1.085897e-01;1.406145e-02;8.492909e-03;3.233019e-02;5.623141e-03;3.119420e-02;1.943284e-01;2.222534e-02;4.837541e-03;6.762296e-03
6.782577e-02;3.908043e-01;1.991408e-01;1.401404e-02;2.976252e-03;4.988566e-02;6.438430e-03;1.478108e-02;2.117447e-01;3.029943e-02;2.325817e-03;9.763797e-03
1.070767e-01;2.590503e-01;3.355716e-01;1.034453e-02;5.914271e-03;4.067785e-02;9.704425e-03;1.669674e-02;1.484944e-01;5.628313e-02;4.306972e-03;5.879114e-03
9.041499e-02;1.756669e-01;4.771186e-01;1.833390e-02;5.875431e-03;1.940496e-02;1.925562e-02;1.521500e-02;7.595611e-02;9.495179e-02;3.646149e-03;4.160611e-03
6.496835e-02;9.536045e-02;5.539376e-01;4.655860e-02;1.014976e-02;1.284783e-02;4.474040e-02;9.262969e-03;3.156159e-02;1.232735e-01;4.319520e-03;3.019424e-03
5.616639e-02;8.513197e-02;5.285206e-01;7.525051e-02;1.466882e-02;7.114181e-03;8.550173e-02;7.415641e-03;5.190715e-03;1.180123e-01;1.254709e-02;4.480071e-03
4.755747e-02;7.880162e-02;4.992653e-01;5.777466e-02;1.078781e-02;3.593471e-03;1.357048e-01;6.991205e-03;1.790679e-02;1.185349e-01;2.005767e-02;3.024245e-03
3.952752e-02;3.213914e-02;4.643838e-01;4.832134e-02;1.175104e-02;5.232484e-03;1.949146e-01;5.628339e-03;2.703622e-02;1.374900e-01;3.082526e-02;2.750227e-03
3.691748e-02;1.835526e-02;4.116663e-01;4.623468e-02;2.016008e-02;5.263613e-03;2.483490e-01;7.478991e-03;2.409752e-02;1.489261e-01;2.902200e-02;3.528939e-03
3.363540e-02;3.722344e-02;3.823108e-01;3.367620e-02;2.126893e-02;1.149148e-02;2.723647e-01;1.470765e-02;3.141538e-02;1.346622e-01;2.329245e-02;3.951383e-03
2.614298e-02;6.749297e-02;3.277058e-01;3.268896e-02;2.716871e-02;4.817122e-02;2.196718e-01;4.963722e-02;8.229610e-02;7.783147e-02;2.623207e-02;1.496069e-02
3.498764e-02;5.795117e-02;2.663614e-01;2.453698e-02;3.672184e-02;7.749405e-02;1.506294e-01;7.108086e-02;1.459645e-01;8.340573e-02;2.887540e-02;2.199094e-02
4.237295e-02;4.975795e-02;2.590698e-01;2.101180e-02;3.861577e-02;6.621950e-02;1.407413e-01;6.125577e-02;1.526384e-01;1.148840e-01;3.071598e-02;2.271673e-02
2.136376e-02;5.426204e-02;2.640467e-01;2.882903e-02;2.405382e-02;3.763034e-02;2.082326e-01;4.071779e-02;9.622748e-02;1.848188e-01;2.509405e-02;1.472359e-02
5.003022e-02;8.030069e-02;2.025786e-01;1.893741e-02;2.176780e-02;1.961394e-02;2.268479e-01;5.322789e-02;3.453324e-02;2.163759e-01;6.085367e-02;1.493273e-02
5.810644e-02;4.497969e-02;1.993561e-01;1.186793e-02;2.122734e-02;2.866928e-02;1.591345e-01;4.552038e-02;1.012191e-01;2.373820e-01;6.632004e-02;2.621718e-02
7.382344e-02;3.337451e-02;1.932198e-01;3.315755e-02;3.127905e-02;3.742172e-02;1.099158e-01;5.305153e-02;1.369527e-01;2.174407e-01;4.472313e-02;3.564011e-02
9.437834e-02;6.826155e-02;1.806958e-01;3.755622e-02;4.553855e-02;2.884288e-02;6.588989e-02;4.834174e-02;1.346167e-01;1.460225e-01;9.514528e-02;5.471048e-02
8.031742e-02;6.549393e-02;2.230946e-01;3.186815e-02;5.059504e-02;2.577783e-02;3.399040e-02;6.307092e-02;1.016669e-01;1.170720e-01;1.107787e-01;9.627405e-02
6.133466e-02;7.500959e-02;2.214049e-01;4.370712e-02;4.955169e-02;3.620286e-02;6.136091e-02;5.956148e-02;6.952479e-02;1.065804e-01;1.019165e-01;1.138452e-01
1.048685e-01;7.253260e-02;1.777968e-01;6.147534e-02;6.843596e-02;2.258662e-02;8.459679e-02;5.334522e-02;9.632531e-02;1.004496e-01;7.987660e-02;7.771070e-02
1.541970e-01;6.367465e-02;1.762420e-01;4.034822e-02;7.962387e-02;4.031726e-02;7.564270e-02;3.663972e-02;1.069407e-01;9.111562e-02;4.483050e-02;9.042773e-02
1.570654e-01;8.226284e-02;1.826042e-01;2.549559e-02;6.893577e-02;3.918428e-02;6.386197e-02;3.565254e-02;1.096296e-01;9.450863e-02;5.377242e-02;8.702671e-02
1.397480e-01;1.101248e-01;1.625998e-01;3.325620e-02;4.097609e-02;4.512318e-02;6.353726e-02;4.646726e-02;9.999822e-02;1.118708e-01;7.230090e-02;7.399751e-02
1.378732e-01;1.092954e-01;1.445219e-01;4.076266e-02;4.145497e-02;5.775791e-02;9.463041e-02;5.813180e-02;7.590462e-02;1.240405e-01;5.691382e-02;5.871286e-02
1.351715e-01;9.210679e-02;1.879893e-01;2.892778e-02;5.800129e-02;6.252310e-02;9.787565e-02;4.910917e-02;5.680782e-02;1.176139e-01;4.444387e-02;6.942973e-02
8.826123e-02;8.253019e-02;2.425180e-01;4.486837e-02;6.053236e-02;4.627127e-02;1.164548e-01;2.907546e-02;7.038079e-02;1.246579e-01;5.935639e-02;3.509331e-02
7.983180e-02;7.668614e-02;2.664704e-01;5.233582e-02;6.176638e-02;5.235645e-02;1.894518e-01;3.840767e-02;3.192950e-02;8.777366e-02;2.654365e-02;3.644674e-02
6.766324e-02;7.245883e-02;3.274051e-01;7.619164e-02;7.079735e-02;5.051384e-02;1.735886e-01;3.711472e-02;2.913654e-02;4.233811e-02;2.843246e-02;2.435960e-02
5.536652e-02;6.027252e-02;4.260324e-01;8.209722e-02;5.324227e-02;3.272855e-02;1.381782e-01;2.950026e-02;3.344880e-02;4.217724e-02;3.129943e-02;1.565658e-02
3.354257e-02;3.462560e-02;4.324906e-01;1.935535e-01;4.758842e-02;4.551560e-02;6.190953e-02;3.571877e-02;3.192125e-02;2.976868e-02;4.552058e-02;7.844861e-03
9.688606e-03;4.259387e-02;3.026601e-01;3.413347e-01;6.033476e-02;6.981355e-02;1.745349e-02;6.990113e-02;1.378802e-02;1.495423e-02;5.518629e-02;2.291302e-03
2.920126e-02;4.566601e-02;2.630931e-01;3.415610e-01;5.941850e-02;7.378601e-02;2.998386e-02;7.092645e-02;1.464069e-02;1.923422e-02;4.619216e-02;6.296768e-03
6.119862e-02;6.417384e-02;3.139595e-01;2.489360e-01;5.544919e-02;6.332400e-02;3.679209e-02;5.480237e-02;2.561423e-02;3.257193e-02;3.186662e-02;1.131162e-02
8.872858e-02;1.004994e-01;3.150616e-01;1.580120e-01;5.443769e-02;5.083358e-02;6.114150e-02;5.011241e-02;3.243275e-02;4.513173e-02;2.823821e-02;1.537066e-02
9.700131e-02;1.040394e-01;2.666347e-01;1.291061e-01;5.099816e-02;3.793168e-02;1.013853e-01;4.539967e-02;3.702996e-02;6.465021e-02;4.556226e-02;2.026120e-02
4.361176e-02;6.490080e-02;3.381158e-01;1.674903e-01;4.325151e-02;3.427666e-02;9.184797e-02;3.126432e-02;3.284656e-02;7.175551e-02;5.975214e-02;2.088666e-02
6.600078e-02;7.499693e-02;3.513721e-01;1.903238e-01;4.027489e-02;2.313733e-02;5.361815e-02;3.105962e-02;2.971618e-02;5.588581e-02;5.797673e-02;2.563771e-02
7.866002e-02;1.279816e-01;2.498348e-01;1.691959e-01;7.483269e-02;5.106785e-02;4.523952e-02;3.320899e-02;3.175269e-02;5.121011e-02;5.637917e-02;3.063664e-02
6.795982e-02;9.483862e-02;3.810553e-01;8.396949e-02;8.062452e-02;4.538832e-02;5.501660e-02;3.379533e-02;2.711451e-02;5.506886e-02;5.140226e-02;2.376630e-02
4.116311e-02;4.580657e-02;4.827566e-01;1.151524e-01;6.763987e-02;3.954374e-02;2.514348e-02;4.812842e-02;2.354578e-02;4.313312e-02;5.243295e-02;1.555395e-02
3.061537e-02;5.126789e-02;4.929394e-01;1.251640e-01;6.876768e-02;4.930955e-02;2.526144e-02;4.554669e-02;2.127572e-02;3.191156e-02;4.263581e-02;1.530483e-02
1.903364e-02;4.752810e-02;4.883546e-01;1.200607e-01;7.399917e-02;6.327742e-02;4.955292e-02;3.842536e-02;2.460636e-02;2.278936e-02;3.887985e-02;1.349252e-02
2.700234e-02;2.817784e-02;3.709590e-01;1.658883e-01;8.632049e-02;5.033580e-02;7.390480e-02;3.920439e-02;2.721176e-02;4.569542e-02;5.342656e-02;3.187323e-02
5.330924e-02;6.086103e-02;1.612468e-01;1.627980e-01;7.889728e-02;6.527839e-02;9.180080e-02;4.812174e-02;7.243627e-02;1.144103e-01;6.227904e-02;2.856108e-02
5.429385e-02;5.432227e-02;7.878534e-02;7.741067e-02;6.435679e-02;7.593678e-02;2.167648e-01;7.246204e-02;8.896298e-02;1.127855e-01;7.503893e-02;2.888002e-02
4.848107e-02;4.673146e-02;6.766931e-02;3.196623e-02;5.850904e-02;6.397598e-02;2.811017e-01;1.098746e-01;6.285587e-02;9.739093e-02;1.012593e-01;3.018442e-02
3.721004e-02;4.834604e-02;7.846067e-02;1.642863e-02;4.506787e-02;4.589797e-02;3.141231e-01;1.618886e-01;4.897617e-02;8.537047e-02;9.674909e-02;2.148133e-02
2.076390e-02;5.153856e-02;9.395074e-02;1.147661e-02;5.826298e-02;2.859387e-02;3.461116e-01;1.972468e-01;4.308297e-02;6.109788e-02;7.026906e-02;1.760506e-02
1.377081e-02;9.736176e-02;8.904843e-02;1.280267e-02;8.045331e-02;3.432637e-02;3.670557e-01;1.544532e-01;3.174010e-02;3.794724e-02;6.029222e-02;2.074823e-02
2.404039e-02;1.198878e-01;7.643152e-02;1.163786e-02;6.291710e-02;6.730932e-02;3.899629e-01;7.648534e-02;5.461345e-02;3.407829e-02;6.252465e-02;2.011133e-02
1.979897e-02;6.896041e-02;4.170965e-02;1.188340e-02;4.105697e-02;8.871400e-02;5.169674e-01;9.045698e-02;4.099310e-02;1.963788e-02;4.993359e-02;9.887692e-03
2.765536e-02;3.361609e-02;1.832672e-02;2.122733e-02;3.876258e-02;1.984113e-01;5.498983e-01;4.094192e-02;2.368132e-02;1.488523e-02;2.951724e-02;3.076587e-03
5.120436e-02;2.820432e-02;1.661189e-02;3.642048e-02;4.655931e-02;3.658288e-01;3.646425e-01;3.052979e-02;1.377370e-02;2.627155e-02;1.387664e-02;6.076656e-03
5.676010e-02;1.546250e-02;2.867464e-02;5.087400e-02;7.898533e-02;4.500231e-01;2.088035e-01;3.358565e-02;1.490476e-02;4.148473e-02;9.406626e-03;1.103511e-02
4.435825e-02;2.551995e-02;7.090144e-02;5.757344e-02;7.179241e-02;3.588450e-01;2.409853e-01;3.685275e-02;2.230984e-02;4.761717e-02;1.095906e-02;1.228537e-02
3.002372e-02;3.745101e-02;1.495572e-01;5.815448e-02;3.476574e-02;2.047821e-01;3.617484e-01;2.953932e-02;2.595502e-02;3.956229e-02;1.773136e-02;1.072938e-02
3.549073e-02;3.114776e-02;1.395503e-01;3.823538e-02;6.529602e-02;2.189095e-01;3.451506e-01;5.864335e-02;1.555373e-02;2.824631e-02;1.487002e-02;8.906290e-03
2.449121e-02;4.535906e-02;1.092411e-01;3.251395e-02;5.550209e-02;2.110706e-01;4.009544e-01;6.072986e-02;1.222827e-02;2.388841e-02;1.560149e-02;8.419557e-03
3.323990e-02;6.428625e-02;1.422170e-01;2.670855e-02;5.401135e-02;1.522514e-01;4.186959e-01;3.568158e-02;1.398806e-02;2.360724e-02;2.229932e-02;1.301358e-02
6.863987e-02;6.180365e-02;1.341917e-01;2.435018e-02;7.643498e-02;1.813233e-01;3.223762e-01;5.593065e-02;1.274935e-02;2.119863e-02;2.693189e-02;1.406967e-02
9.418069e-02;5.342884e-02;7.708772e-02;3.002371e-02;9.553015e-02;2.522119e-01;2.232470e-01;5.404475e-02;2.917611e-02;3.255766e-02;2.709803e-02;3.141345e-02
1.009944e-01;5.452507e-02;6.599464e-02;4.179414e-02;6.613082e-02;1.460859e-01;1.988415e-01;5.245271e-02;7.054315e-02;7.484374e-02;6.432317e-02;6.347074e-02
5.931746e-02;4.985229e-02;5.404002e-02;3.277911e-02;4.583233e-02;7.684301e-02;2.872103e-01;5.854797e-02;7.456172e-02;5.685847e-02;1.247009e-01;7.945648e-02
3.060801e-02;4.165861e-02;3.694481e-02;1.574466e-02;3.662613e-02;6.716492e-02;3.534282e-01;9.947101e-02;5.059397e-02;2.404753e-02;1.590063e-01;8.470581e-02
1.722093e-02;2.829335e-02;3.480500e-02;6.081727e-03;2.620532e-02;4.679000e-02;3.622553e-01;1.790310e-01;3.606795e-02;2.256902e-02;1.283454e-01;1.123349e-01
2.269058e-02;3.175271e-02;2.996602e-02;8.000684e-03;5.972491e-02;3.257982e-02;3.672589e-01;2.049800e-01;2.186932e-02;1.402257e-02;1.016282e-01;1.055263e-01
2.748150e-02;6.677117e-02;2.031611e-02;8.202998e-03;7.296345e-02;2.487795e-02;3.979744e-01;1.395829e-01;2.372877e-02;1.018331e-02;1.730458e-01;3.487160e-02
1.867800e-02;8.246526e-02;1.292411e-02;7.220286e-03;4.765328e-02;2.254189e-02;4.254587e-01;1.077701e-01;3.652902e-02;1.902510e-02;2.119313e-01;7.803009e-03
3.002622e-02;7.280856e-02;1.545303e-02;1.619326e-02;3.526033e-02;6.790210e-02;3.755431e-01;8.821739e-02;4.952829e-02;7.150028e-02;1.653810e-01;1.218641e-02
6.349101e-02;4.631403e-02;3.343572e-02;3.011959e-02;5.508523e-02;1.238550e-01;2.544584e-01;8.874567e-02;6.355047e-02;1.253646e-01;9.528741e-02;2.029291e-02
6.501144e-02;2.671269e-02;1.066250e-01;3.741780e-02;7.635999e-02;1.289485e-01;1.346799e-01;9.865170e-02;8.338114e-02;1.139038e-01;9.758790e-02;3.072019e-02
3.564706e-02;2.461056e-02;1.427584e-01;4.311263e-02;6.025724e-02;7.108039e-02;2.818798e-01;9.232914e-02;6.545342e-02;5.535898e-02;1.115344e-01;1.597797e-02
4.012980e-02;4.480846e-02;1.091966e-01;4.645759e-02;5.285737e-02;8.092576e-02;3.186043e-01;8.716908e-02;4.768303e-02;4.508875e-02;9.722573e-02;2.985353e-02
4.746380e-02;5.012075e-02;1.118940e-01;4.608680e-02;4.721095e-02;8.161764e-02;3.103165e-01;7.561123e-02;4.798570e-02;4.059956e-02;1.007444e-01;4.034859e-02
3.561625e-02;4.155523e-02;1.258917e-01;3.842903e-02;4.042371e-02;5.731259e-02;3.275891e-01;8.378111e-02;4.485491e-02;4.795800e-02;1.252646e-01;3.132373e-02
5.701975e-02;3.020362e-02;1.008157e-01;5.478245e-02;4.772918e-02;6.507333e-02;3.010806e-01;9.146723e-02;3.958307e-02;6.550021e-02;1.181424e-01;2.860251e-02
6.907970e-02;3.896223e-02;6.443522e-02;7.858814e-02;5.659251e-02;9.042051e-02;2.924114e-01;8.889687e-02;5.455437e-02;5.346663e-02;8.746605e-02;2.512629e-02
8.145147e-02;3.912506e-02;7.813144e-02;6.957953e-02;5.994939e-02;7.155515e-02;2.715081e-01;6.786336e-02;6.377619e-02;7.598023e-02;6.297061e-02;5.810945e-02
5.937976e-02;2.406990e-02;1.135042e-01;6.545106e-02;8.072235e-02;6.145283e-02;2.375450e-01;4.966898e-02;7.101927e-02;1.131095e-01;6.425939e-02;5.981778e-02
4.690420e-02;3.332446e-02;1.293942e-01;5.602990e-02;7.122827e-02;7.278422e-02;1.637391e-01;9.471584e-02;8.519947e-02;1.292488e-01;7.734074e-02;4.009084e-02
6.715818e-02;3.192877e-02;9.374748e-02;8.016478e-02;6.474654e-02;6.907868e-02;1.108616e-01;1.424841e-01;7.314964e-02;1.286318e-01;6.272221e-02;7.532617e-02
8.879151e-02;4.685323e-02;1.123294e-01;7.231775e-02;9.228688e-02;7.125014e-02;1.344223e-01;9.868269e-02;4.135995e-02;9.570020e-02;5.180626e-02;9.419974e-02
4.416339e-02;4.686270e-02;2.153860e-01;1.027006e-01;1.052858e-01;5.524445e-02;1.281800e-01;4.117849e-02;4.761754e-02;1.057150e-01;5.559108e-02;5.207495e-02
1.100346e-02;2.436791e-02;2.804701e-01;2.042535e-01;9.852618e-02;4.663079e-02;7.475005e-02;4.756805e-02;4.177200e-02;9.085997e-02;6.597692e-02;1.382108e-02
7.935636e-03;2.445480e-02;2.693106e-01;2.840011e-01;9.303237e-02;3.835269e-02;3.832396e-02;5.480585e-02;2.672663e-02;8.274596e-02;6.741493e-02;1.289547e-02
1.009753e-02;3.013660e-02;2.789941e-01;2.858413e-01;7.673866e-02;2.701979e-02;4.378505e-02;4.948326e-02;3.057745e-02;8.055794e-02;7.293530e-02;1.383300e-02
1.841458e-02;4.379772e-02;4.884073e-01;1.772368e-01;4.046105e-02;1.356915e-02;3.569311e-02;2.570233e-02;3.431897e-02;6.071623e-02;5.902905e-02;2.653683e-03
1.579016e-02;6.061668e-02;6.654956e-01;8.579165e-02;2.191027e-02;4.873479e-03;2.934959e-02;7.010446e-03;2.647976e-02;4.556542e-02;2.794547e-02;9.171473e-03
1.449682e-02;8.889750e-02;7.032024e-01;5.717270e-02;9.475957e-03;6.392118e-03;1.942594e-02;7.269961e-03;3.080883e-02;4.946401e-02;6.121300e-03;7.272444e-03
1.213280e-02;1.322339e-01;6.705816e-01;3.774884e-02;5.598017e-03;6.502670e-03;1.050183e-02;1.475281e-02;3.822360e-02;5.915672e-02;4.785390e-03;7.781830e-03
2.210115e-02;1.586313e-01;6.324381e-01;2.239691e-02;3.790412e-03;1.063204e-02;9.909231e-03;1.852223e-02;4.532408e-02;5.663312e-02;6.035889e-03;1.358561e-02
1.813126e-02;2.077865e-01;5.530491e-01;2.138054e-02;7.371408e-03;2.289511e-02;1.137175e-02;1.736330e-02;7.006211e-02;4.692872e-02;5.824692e-03;1.783551e-02
3.202615e-02;2.570786e-01;4.267545e-01;1.843263e-02;7.669802e-03;4.171395e-02;1.049347e-02;1.515727e-02;1.285799e-01;3.428335e-02;6.483085e-03;2.132722e-02
6.904001e-02;2.594833e-01;2.939919e-01;2.049565e-02;9.826792e-03;6.849191e-02;8.994061e-03;2.386023e-02;1.899938e-01;3.001902e-02;6.255931e-03;1.954744e-02
1.384201e-01;2.223231e-01;2.270155e-01;1.580105e-02;1.588416e-02;8.061820e-02;9.732854e-03;4.385768e-02;2.098973e-01;1.268970e-02;5.231374e-03;1.852896e-02
1.544112e-01;1.805708e-01;2.484294e-01;1.522662e-02;3.222353e-02;5.912977e-02;1.699690e-02;6.644922e-02;1.552147e-01;2.431555e-02;1.739153e-02;2.964095e-02
6.401324e-02;2.591471e-01;2.535609e-01;2.413441e-02;3.578855e-02;3.675666e-02;3.981426e-02;6.528209e-02;8.607726e-02;3.444387e-02;5.049831e-02;5.048339e-02
7.328475e-02;2.928087e-01;2.453399e-01;2.862221e-02;1.781523e-02;2.671297e-02;5.349483e-02;4.669296e-02;5.095354e-02;3.839429e-02;8.223767e-02;4.364289e-02
9.101187e-02;2.539263e-01;2.815091e-01;2.457859e-02;1.549189e-02;3.283712e-02;3.594871e-02;5.545064e-02;6.898307e-02;3.950288e-02;7.591302e-02;2.484689e-02
8.038170e-02;2.094567e-01;3.386785e-01;2.159864e-02;2.082610e-02;3.404529e-02;3.752512e-02;4.464394e-02;8.160168e-02;3.386146e-02;5.009393e-02;4.728688e-02
1.219234e-01;1.544812e-01;3.567398e-01;2.676879e-02;1.749471e-02;3.916401e-02;3.019868e-02;3.600086e-02;1.018823e-01;2.246365e-02;3.757543e-02;5.530709e-02
1.355271e-01;2.822256e-01;2.782572e-01;2.710219e-02;1.053915e-02;3.775221e-02;2.735490e-02;4.265524e-02;7.329611e-02;2.234714e-02;2.952755e-02;3.341557e-02
1.006085e-01;3.665489e-01;2.744350e-01;2.541356e-02;1.746067e-02;2.369744e-02;3.082970e-02;5.370548e-02;3.356541e-02;1.840605e-02;3.055381e-02;2.477553e-02
7.459047e-02;3.340790e-01;2.502576e-01;3.574956e-02;2.608143e-02;2.074446e-02;2.969136e-02;5.207729e-02;9.398649e-02;2.097454e-02;2.530705e-02;3.646064e-02
6.526022e-02;2.521120e-01;2.625511e-01;4.362335e-02;2.647018e-02;3.237817e-02;2.804955e-02;4.327558e-02;1.577648e-01;2.919532e-02;3.226469e-02;2.705504e-02
7.942289e-02;1.886559e-01;2.349500e-01;4.806568e-02;2.250989e-02;4.081391e-02;2.591077e-02;5.566121e-02;1.718607e-01;5.621239e-02;4.828722e-02;2.764945e-02
1.130854e-01;1.817747e-01;2.530628e-01;5.195099e-02;2.941633e-02;6.168380e-02;3.429143e-02;5.301942e-02;9.628129e-02;4.917797e-02;4.083436e-02;3.542154e-02
1.175433e-01;1.653045e-01;3.069643e-01;4.076164e-02;2.910510e-02;7.371436e-02;3.340822e-02;5.002241e-02;7.979295e-02;2.815733e-02;4.062000e-02;3.460580e-02
8.566963e-02;1.165845e-01;2.886676e-01;3.511750e-02;1.873538e-02;7.674558e-02;3.054898e-02;5.746253e-02;1.578678e-01;3.788832e-02;4.754573e-02;4.716637e-02
