7.973193e-02;9.146287e-02;8.472674e-02;8.948019e-02;1.209810e-01;1.409817e-01;8.527575e-02;9.780216e-02;7.202016e-02;5.824440e-02;4.547737e-02;3.381575e-02
8.552426e-02;9.379789e-02;1.432142e-01;5.999359e-02;1.276453e-01;1.018557e-01;8.822362e-02;9.685270e-02;4.388649e-02;5.995914e-02;5.663720e-02;4.240989e-02
1.074996e-01;1.377547e-01;1.525657e-01;6.533589e-02;1.043969e-01;6.824389e-02;9.068576e-02;8.671599e-02;3.193259e-02;5.183518e-02;5.651083e-02;4.652304e-02
1.201245e-01;1.843311e-01;9.824207e-02;8.158983e-02;1.319473e-01;7.072711e-02;9.196801e-02;6.613156e-02;5.373543e-02;4.645936e-02;2.498394e-02;2.975980e-02
1.331899e-01;2.229887e-01;1.174976e-01;7.028165e-02;1.027979e-01;5.050619e-02;6.537891e-02;6.961949e-02;7.333145e-02;4.166744e-02;3.117439e-02;2.156631e-02
1.137807e-01;1.858310e-01;2.038881e-01;7.260539e-02;5.703718e-02;5.476356e-02;5.745695e-02;6.485374e-02;6.484792e-02;5.703091e-02;3.875994e-02;2.914456e-02
9.959698e-02;1.132800e-01;2.169984e-01;8.494725e-02;4.367824e-02;9.210661e-02;1.068469e-01;7.584862e-02;5.960428e-02;5.563335e-02;2.687176e-02;2.458763e-02
8.202790e-02;9.294785e-02;1.621180e-01;8.658906e-02;4.405585e-02;1.177428e-01;1.374431e-01;1.009114e-01;6.375717e-02;7.323043e-02;1.776488e-02;2.141159e-02
8.850768e-02;6.599190e-02;7.574856e-02;1.118726e-01;1.000201e-01;1.144046e-01;1.828231e-01;1.207054e-01;4.294268e-02;5.545653e-02;9.529047e-03;3.199777e-02
1.008152e-01;8.732761e-02;4.511063e-02;1.042546e-01;1.089856e-01;9.189748e-02;2.280279e-01;1.171913e-01;2.017771e-02;3.897442e-02;1.904921e-02;3.818850e-02
1.076393e-01;9.778387e-02;4.959267e-02;6.591444e-02;6.808159e-02;7.532588e-02;2.388771e-01;1.262831e-01;2.620983e-02;5.136109e-02;3.309514e-02;5.983590e-02
1.076312e-01;7.766748e-02;7.771973e-02;3.793618e-02;7.104532e-02;6.862690e-02;2.413621e-01;1.407247e-01;3.280670e-02;4.404352e-02;4.359917e-02;5.683704e-02
9.047680e-02;5.531334e-02;8.476701e-02;5.514975e-02;6.636132e-02;7.717703e-02;2.466850e-01;1.545329e-01;5.388119e-02;4.086260e-02;2.891204e-02;4.588106e-02
1.033193e-01;3.343903e-02;7.277509e-02;6.709399e-02;6.984992e-02;9.019465e-02;2.132975e-01;1.252007e-01;6.658769e-02;5.917025e-02;3.004779e-02;6.902394e-02
1.084439e-01;2.571643e-02;5.149933e-02;8.896907e-02;6.512776e-02;1.055430e-01;1.627547e-01;1.154921e-01;6.832590e-02;9.300590e-02;3.295615e-02;8.216577e-02
1.124828e-01;7.752369e-02;4.987155e-02;7.237133e-02;4.463304e-02;1.081929e-01;1.319757e-01;1.039428e-01;8.204652e-02;9.732448e-02;3.905648e-02;8.057875e-02
1.585924e-01;1.322669e-01;6.695147e-02;6.152676e-02;4.810974e-02;7.692526e-02;1.085626e-01;8.653281e-02;7.873163e-02;5.793748e-02;6.977220e-02;5.409076e-02
1.601815e-01;1.166561e-01;6.387213e-02;1.096686e-01;5.409726e-02;6.446723e-02;1.216953e-01;9.511966e-02;4.188741e-02;6.143420e-02;6.841407e-02;4.250658e-02
1.248902e-01;8.465631e-02;8.693790e-02;1.384793e-01;6.874146e-02;9.527654e-02;1.266884e-01;7.410159e-02;2.617647e-02;6.897817e-02;6.184454e-02;4.322907e-02
1.062928e-01;9.109420e-02;8.736067e-02;8.446212e-02;9.509551e-02;1.094341e-01;8.572141e-02;8.834879e-02;3.023248e-02;8.742921e-02;8.731399e-02;4.721474e-02
1.150594e-01;7.337701e-02;5.890332e-02;7.612680e-02;4.860767e-02;8.102118e-02;1.236228e-01;8.816343e-02;3.564754e-02;1.178259e-01;1.250353e-01;5.660971e-02
9.862141e-02;6.092797e-02;1.137811e-01;1.243075e-01;9.928121e-02;1.159406e-01;8.426961e-02;1.240495e-01;3.470163e-02;5.751605e-02;4.474937e-02;4.185406e-02
7.836206e-02;9.844334e-02;1.443599e-01;1.266659e-01;7.563644e-02;1.150818e-01;7.186052e-02;1.606444e-01;4.170468e-02;3.468331e-02;2.899352e-02;2.356411e-02
5.310868e-02;1.480133e-01;1.111525e-01;7.402153e-02;1.141300e-01;1.461805e-01;8.187722e-02;1.379167e-01;4.437979e-02;2.481669e-02;2.190416e-02;4.249898e-02
2.399227e-02;1.528393e-01;1.478571e-01;9.911905e-02;9.505760e-02;1.730238e-01;8.916453e-02;9.520345e-02;4.026616e-02;3.149522e-02;1.793971e-02;3.404184e-02
2.586643e-02;1.133095e-01;2.933666e-01;8.285317e-02;7.714306e-02;1.172095e-01;1.287048e-01;5.900031e-02;2.386845e-02;4.054226e-02;1.678514e-02;2.135076e-02
2.427861e-02;5.755382e-02;4.165499e-01;2.218230e-02;6.108009e-02;5.635023e-02;2.230068e-01;2.783578e-02;1.170207e-02;4.772037e-02;3.613822e-02;1.560177e-02
2.189166e-02;2.488848e-02;2.760126e-01;1.994477e-01;4.391680e-02;2.937604e-02;1.867465e-01;4.253206e-02;1.335064e-02;3.256357e-02;1.130389e-01;1.623516e-02
1.719779e-02;2.139698e-02;1.137282e-01;3.309444e-01;7.095098e-02;2.599727e-02;8.541581e-02;6.146141e-02;8.458725e-03;1.331708e-02;1.725992e-01;7.853206e-02
2.328089e-02;1.592273e-02;6.312314e-02;2.604515e-01;1.413121e-01;3.079308e-02;5.021144e-02;4.933611e-02;1.163310e-02;9.988164e-03;1.736417e-01;1.703060e-01
2.674729e-02;3.306780e-02;3.951506e-02;1.898329e-01;1.993811e-01;2.474963e-02;5.937129e-02;3.172630e-02;1.533594e-02;1.894776e-02;1.453935e-01;2.159315e-01
3.735838e-02;6.141414e-02;2.100856e-02;3.073045e-01;1.600504e-01;3.574073e-02;6.335648e-02;3.791879e-02;9.965372e-03;2.055999e-02;9.868304e-02;1.466396e-01
5.748572e-02;7.840356e-02;3.360360e-02;2.761351e-01;1.734118e-01;4.969472e-02;8.164054e-02;4.898288e-02;1.408504e-02;1.568893e-02;5.311765e-02;1.177505e-01
8.283495e-02;4.226051e-02;6.063518e-02;1.112224e-01;2.546671e-01;6.167851e-02;1.047168e-01;5.133303e-02;2.429070e-02;2.146784e-02;2.996717e-02;1.549258e-01
6.181012e-02;5.968896e-02;9.832113e-02;1.851133e-01;1.811334e-01;5.548585e-02;8.087134e-02;7.335159e-02;2.547868e-02;1.764676e-02;5.446712e-02;1.066317e-01
3.907353e-02;4.464522e-02;1.200068e-01;1.912788e-01;1.296366e-01;7.727301e-02;4.577222e-02;8.348450e-02;2.552734e-02;3.447840e-02;1.323986e-01;7.642493e-02
5.518053e-02;5.062032e-02;6.356491e-02;9.741635e-02;1.782000e-01;1.012457e-01;5.142543e-02;4.721340e-02;2.181469e-02;3.261380e-02;1.491303e-01;1.515745e-01
7.130326e-02;6.644662e-02;5.470396e-02;1.309694e-01;1.317289e-01;7.658233e-02;7.167928e-02;6.593229e-02;1.736359e-02;2.789747e-02;1.383418e-01;1.470510e-01
6.913800e-02;5.934649e-02;1.052810e-01;1.947294e-01;1.291621e-01;4.791446e-02;6.459377e-02;7.421546e-02;2.164353e-02;3.282989e-02;1.361675e-01;6.497844e-02
7.701334e-02;7.579455e-02;1.173218e-01;1.722404e-01;1.292788e-01;5.541693e-02;5.692302e-02;7.891351e-02;3.598582e-02;3.522538e-02;1.237237e-01;4.216279e-02
8.265288e-02;4.145702e-02;4.636998e-02;1.250947e-01;8.916414e-02;1.013863e-01;9.644904e-02;1.214542e-01;3.758356e-02;4.226137e-02;1.216606e-01;9.446622e-02
1.098043e-01;1.223618e-01;6.841049e-02;4.365265e-02;8.054844e-02;9.850143e-02;1.211075e-01;1.177249e-01;2.369925e-02;4.341844e-02;8.479545e-02;8.597531e-02
9.541424e-02;1.237714e-01;5.687808e-02;3.032915e-02;8.100824e-02;8.979610e-02;1.874273e-01;1.333672e-01;2.025542e-02;3.505323e-02;9.532392e-02;5.137573e-02
4.995511e-02;7.716725e-02;3.571287e-02;2.499981e-02;5.211483e-02;8.969291e-02;3.407848e-01;2.021332e-01;1.380096e-02;1.806736e-02;7.303598e-02;2.253488e-02
2.443035e-02;7.963713e-02;3.528835e-02;1.522614e-02;2.197387e-02;7.841670e-02;4.163358e-01;2.588497e-01;1.184789e-02;8.848316e-03;3.186439e-02;1.728137e-02
1.642873e-02;8.387370e-02;6.431589e-02;6.389692e-03;1.412838e-02;4.596107e-02;4.017903e-01;3.194293e-01;1.205749e-02;5.711042e-03;1.492384e-02;1.499052e-02
2.699456e-02;5.248510e-02;1.364003e-01;1.036588e-02;1.292446e-02;1.857466e-02;2.991867e-01;4.040537e-01;9.001432e-03;9.923419e-03;9.592063e-03;1.049766e-02
1.355538e-02;2.288825e-02;2.187592e-01;4.443936e-02;1.204115e-02;1.387608e-02;1.661593e-01;4.681729e-01;1.153755e-02;1.415510e-02;7.233962e-03;7.181766e-03
6.141597e-03;5.139417e-03;1.872413e-01;2.163202e-01;1.756875e-02;1.468577e-02;1.040899e-01;3.962664e-01;3.240855e-02;9.095652e-03;5.264872e-03;5.777651e-03
3.819635e-03;6.049112e-03;8.352312e-02;4.492297e-01;5.843072e-02;2.008251e-02;7.002567e-02;2.303892e-01;5.990879e-02;6.029952e-03;5.703175e-03;6.808464e-03
4.148236e-03;5.587680e-03;2.634541e-02;4.737707e-01;1.059901e-01;3.798148e-02;4.749951e-02;1.780446e-01;1.038252e-01;7.619245e-03;4.786565e-03;4.401228e-03
4.952217e-03;3.801621e-03;4.071481e-02;2.869677e-01;8.821090e-02;5.876777e-02;3.287498e-02;2.965201e-01;1.469933e-01;1.387380e-02;1.059504e-02;1.572779e-02
4.141877e-03;2.972808e-03;7.687142e-02;1.786246e-01;4.101028e-02;3.778787e-02;5.859171e-02;4.374170e-01;1.151621e-01;1.266341e-02;3.556913e-03;3.120000e-02
8.979175e-03;7.217952e-03;8.940168e-02;1.315401e-01;3.488915e-02;2.501346e-02;1.057729e-01;4.762340e-01;4.866783e-02;2.148660e-02;1.348631e-02;3.731081e-02
2.252949e-02;1.422996e-02;7.233142e-02;7.252324e-02;4.023258e-02;2.539534e-02;1.598569e-01;4.242463e-01;5.471338e-02;3.757680e-02;4.215148e-02;3.421315e-02
4.450235e-02;2.078539e-02;4.462747e-02;4.012130e-02;4.857345e-02;3.775059e-02;2.151796e-01;3.022613e-01;9.620175e-02;5.030452e-02;7.368758e-02;2.600469e-02
5.458521e-02;2.340495e-02;4.243867e-02;3.133594e-02;4.582313e-02;7.172763e-02;2.958250e-01;2.265776e-01;8.737309e-02;3.295182e-02;6.757136e-02;2.038564e-02
3.154230e-02;3.403448e-02;4.827602e-02;4.353547e-02;2.469722e-02;5.490773e-02;2.707443e-01;3.313236e-01;6.213244e-02;1.793355e-02;6.181403e-02;1.905884e-02
4.705478e-02;7.055859e-02;5.180254e-02;4.894173e-02;3.196682e-02;6.180613e-02;2.031634e-01;2.986675e-01;8.099450e-02;2.351912e-02;5.869878e-02;2.282612e-02
7.123555e-02;1.126189e-01;5.750915e-02;9.497302e-02;4.687829e-02;7.324376e-02;1.042230e-01;2.428199e-01;8.246415e-02;3.057138e-02;4.865623e-02;3.480656e-02
4.760645e-02;6.293274e-02;8.289666e-02;1.310566e-01;2.726127e-02;5.393282e-02;1.675846e-01;2.694080e-01;4.521606e-02;3.109286e-02;4.332189e-02;3.769008e-02
3.982043e-02;5.362914e-02;7.208803e-02;1.051600e-01;1.529162e-02;3.853556e-02;1.771939e-01;3.118151e-01;6.118079e-02;3.977044e-02;4.816021e-02;3.735483e-02
4.974047e-02;4.985395e-02;4.286120e-02;6.853715e-02;4.235101e-02;5.310295e-02;1.979186e-01;3.163284e-01;8.868864e-02;2.769252e-02;3.692507e-02;2.600002e-02
7.070373e-02;5.541017e-02;4.865593e-02;1.033825e-01;6.046977e-02;5.483801e-02;1.552775e-01;2.787177e-01;8.483737e-02;3.772842e-02;3.904623e-02;1.093268e-02
1.090255e-01;1.695071e-01;7.948279e-02;8.234297e-02;5.236680e-02;3.590188e-02;8.072594e-02;2.339855e-01;6.725489e-02;5.068590e-02;2.458661e-02;1.413405e-02
1.277283e-01;2.443182e-01;7.290411e-02;5.609538e-02;2.686466e-02;3.754754e-02;9.145081e-02;2.191072e-01;5.193296e-02;3.806072e-02;2.462855e-02;9.361562e-03
1.581638e-01;2.430276e-01;4.286619e-02;6.630234e-02;2.613783e-02;5.296332e-02;1.023851e-01;1.861909e-01;5.811954e-02;2.818279e-02;2.574907e-02;9.911554e-03
2.248318e-01;1.882067e-01;3.802663e-02;6.026883e-02;2.918592e-02;5.556557e-02;8.753576e-02;1.744535e-01;5.878874e-02;4.265059e-02;2.503849e-02;1.544739e-02
2.632621e-01;1.533228e-01;4.015864e-02;6.925108e-02;3.345987e-02;3.970579e-02;6.028499e-02;1.471784e-01;4.128144e-02;8.748302e-02;4.236578e-02;2.224604e-02
2.586711e-01;1.624270e-01;5.982334e-02;6.150901e-02;2.558743e-02;3.665515e-02;5.673954e-02;1.054110e-01;3.662676e-02;8.720231e-02;8.285414e-02;2.649320e-02
2.088186e-01;1.435732e-01;5.356055e-02;4.676962e-02;1.793598e-02;5.048512e-02;8.203843e-02;1.428451e-01;5.644178e-02;6.010172e-02;1.121486e-01;2.528134e-02
1.225800e-01;1.211952e-01;4.864634e-02;4.002488e-02;3.348463e-02;6.675744e-02;1.380347e-01;2.075184e-01;5.909295e-02;8.014961e-02;6.652211e-02;1.599386e-02
1.745578e-01;1.321998e-01;6.048304e-02;5.385821e-02;3.588790e-02;5.472365e-02;1.371236e-01;1.861712e-01;6.358924e-02;6.455231e-02;2.055893e-02;1.629430e-02
2.310702e-01;1.535849e-01;4.251291e-02;6.888691e-02;1.810795e-02;4.420716e-02;7.040519e-02;2.009122e-01;4.731426e-02;3.573707e-02;6.492196e-02;2.233927e-02
2.277514e-01;1.455082e-01;3.919920e-02;4.148564e-02;3.498173e-02;3.761781e-02;1.079215e-01;2.113042e-01;4.178971e-02;3.227269e-02;6.057994e-02;1.958796e-02
1.682878e-01;1.339969e-01;4.297652e-02;3.013200e-02;6.407280e-02;5.886910e-02;1.334113e-01;1.559530e-01;3.664260e-02;3.432071e-02;9.768213e-02;4.365508e-02
7.220118e-02;8.074353e-02;2.790101e-02;4.318516e-02;7.168079e-02;7.905120e-02;2.071429e-01;1.910760e-01;4.560918e-02;2.514784e-02;1.144226e-01;4.183864e-02
4.609364e-02;4.645037e-02;2.478780e-02;5.712216e-02;9.283533e-02;8.986995e-02;1.904445e-01;1.848911e-01;4.997661e-02;2.741453e-02;9.828353e-02;9.183043e-02
3.572646e-02;4.596585e-02;2.891435e-02;7.478282e-02;9.843639e-02;8.414298e-02;1.603864e-01;1.669399e-01;5.392775e-02;2.934310e-02;9.237009e-02;1.290639e-01
2.354767e-02;4.235747e-02;3.450714e-02;1.474361e-01;6.625767e-02;4.975545e-02;9.914582e-02;1.719189e-01;3.733324e-02;3.030897e-02;1.438974e-01;1.535341e-01
1.677977e-02;3.195737e-02;5.724066e-02;1.864788e-01;4.581273e-02;2.453859e-02;6.440098e-02;1.456299e-01;2.175177e-02;2.859260e-02;2.087921e-01;1.680248e-01
3.898674e-02;3.050734e-02;1.379022e-01;1.632530e-01;4.005478e-02;2.110334e-02;1.370158e-01;8.813889e-02;1.283982e-02;5.984248e-02;1.630505e-01;1.073050e-01
3.542300e-02;4.398410e-02;2.452007e-01;1.074052e-01;3.692392e-02;2.717363e-02;2.041827e-01;3.040449e-02;2.609647e-02;1.176878e-01;8.168017e-02;4.383792e-02
2.650673e-02;8.013754e-02;2.656640e-01;5.620679e-02;3.136777e-02;6.820979e-02;1.636183e-01;4.230078e-02;7.335089e-02;1.209745e-01;4.573644e-02;2.592653e-02
3.460415e-02;9.303743e-02;1.774297e-01;4.345295e-02;3.114592e-02;1.338712e-01;1.223374e-01;8.475094e-02;1.119795e-01;8.839009e-02;4.597564e-02;3.302510e-02
4.713321e-02;7.162973e-02;6.157341e-02;4.435139e-02;3.288170e-02;1.598534e-01;1.367482e-01;1.058129e-01;1.138859e-01;1.032076e-01;9.149803e-02;3.142454e-02
6.033358e-02;8.867131e-02;7.595546e-02;5.400038e-02;3.121961e-02;8.371947e-02;8.852851e-02;9.835792e-02;1.072761e-01;1.392476e-01;1.478330e-01;2.485703e-02
5.511368e-02;7.404226e-02;1.009264e-01;5.346771e-02;5.758585e-02;9.877062e-02;1.163965e-01;9.074668e-02;8.773631e-02;1.583583e-01;7.709438e-02;2.976132e-02
4.370799e-02;8.341958e-02;9.972218e-02;3.987285e-02;6.988564e-02;1.436395e-01;1.567030e-01;6.081091e-02;8.205470e-02;1.305296e-01;4.726619e-02;4.238777e-02
3.526403e-02;7.682721e-02;1.102243e-01;3.838628e-02;5.412068e-02;1.359614e-01;1.679967e-01;9.205828e-02;7.542508e-02;1.176448e-01;5.998193e-02;3.610922e-02
5.682177e-02;6.766158e-02;1.081772e-01;6.324241e-02;4.339764e-02;1.404472e-01;1.346647e-01;8.538482e-02;5.145264e-02;1.332096e-01;8.603124e-02;2.950926e-02
8.710548e-02;9.169511e-02;6.556708e-02;7.406929e-02;4.282925e-02;1.483509e-01;1.503154e-01;8.047252e-02;4.486537e-02;1.207082e-01;6.100984e-02;3.301150e-02
5.876257e-02;1.039477e-01;1.138978e-01;1.167180e-01;3.571088e-02;1.030794e-01;1.488321e-01;8.574325e-02;3.798452e-02;1.079317e-01;5.739317e-02;2.999893e-02
3.842540e-02;1.134226e-01;1.887079e-01;1.251085e-01;3.821390e-02;6.300107e-02;1.692413e-01;6.001207e-02;2.895139e-02;1.059329e-01;4.689113e-02;2.209181e-02
3.189546e-02;1.329344e-01;1.553646e-01;8.391752e-02;4.035131e-02;4.946783e-02;1.785047e-01;5.889543e-02;4.152836e-02;1.451662e-01;6.076563e-02;2.120866e-02
2.761101e-02;1.859894e-01;6.537805e-02;6.023998e-02;1.810862e-02;1.305716e-01;1.209428e-01;5.131462e-02;1.073613e-01;1.493726e-01;5.400217e-02;2.910803e-02
4.009500e-02;2.276952e-01;4.375359e-02;5.364969e-02;1.223301e-02;1.935894e-01;6.262671e-02;3.859031e-02;1.807040e-01;9.502356e-02;2.764188e-02;2.439771e-02
6.626720e-02;2.435763e-01;3.533349e-02;5.681195e-02;2.223071e-02;1.826773e-01;5.027761e-02;4.075479e-02;2.210275e-01;4.211285e-02;2.598324e-02;1.294711e-02
1.226471e-01;1.763653e-01;1.568212e-02;4.205438e-02;8.834980e-02;9.234971e-02;9.553954e-02;1.329802e-01;1.369885e-01;3.544992e-02;4.522507e-02;1.636837e-02
1.563659e-01;7.970722e-02;1.507976e-02;2.146133e-02;1.216740e-01;7.233395e-02;1.532871e-01;2.431198e-01;5.819085e-02;1.986962e-02;3.530430e-02;2.360623e-02
1.681322e-01;4.921205e-02;2.385030e-02;2.246899e-02;1.095966e-01;6.300236e-02;1.582885e-01;2.807789e-01;4.342809e-02;1.981897e-02;3.335406e-02;2.806902e-02
1.855384e-01;8.529554e-02;2.723868e-02;3.444270e-02;4.700626e-02;5.025837e-02;1.267460e-01;2.972931e-01;3.046128e-02;3.295548e-02;6.063119e-02;2.213314e-02
1.613050e-01;8.572673e-02;1.438485e-02;2.847330e-02;7.573529e-02;7.514115e-02;8.125254e-02;2.945241e-01;4.779803e-02;3.878086e-02;5.783053e-02;3.904757e-02
1.246160e-01;5.982121e-02;1.297299e-02;7.383727e-02;4.957899e-02;9.189539e-02;1.270024e-01;2.372172e-01;5.173969e-02;4.789642e-02;3.304447e-02;9.037790e-02
7.818926e-02;4.557323e-02;8.776084e-03;1.217451e-01;1.862979e-02;7.102787e-02;2.448962e-01;1.532821e-01;2.815791e-02;4.160538e-02;3.272282e-02;1.553942e-01
5.549737e-02;4.865155e-02;1.915745e-02;1.108211e-01;2.310848e-02;5.317105e-02;2.996579e-01;1.165905e-01;1.098959e-02;1.639383e-02;6.572985e-02;1.802313e-01
7.944149e-02;5.945122e-02;3.117534e-02;8.985944e-02;3.717076e-02;7.317948e-02;2.440318e-01;9.468621e-02;1.143122e-02;1.951302e-02;1.007725e-01;1.592876e-01
1.270189e-01;7.511969e-02;2.143997e-02;1.119561e-01;3.909295e-02;7.298094e-02;1.737457e-01;8.294323e-02;1.579857e-02;2.283728e-02;1.328846e-01;1.241822e-01
1.372565e-01;8.323337e-02;2.203015e-02;1.030559e-01;3.312113e-02;4.503747e-02;1.644097e-01;8.791287e-02;2.447949e-02;3.667513e-02;1.440068e-01;1.187814e-01
1.495381e-01;8.850333e-02;3.506600e-02;8.645315e-02;3.457602e-02;3.758926e-02;1.470341e-01;1.078039e-01;4.030328e-02;4.494931e-02;9.962236e-02;1.285612e-01
1.257196e-01;6.680127e-02;2.557920e-02;9.052398e-02;6.576734e-02;6.036981e-02;1.604613e-01;1.288235e-01;4.673391e-02;5.124705e-02;5.439948e-02;1.235735e-01
8.889240e-02;4.124725e-02;4.122804e-02;7.502913e-02;8.734360e-02;6.928872e-02;1.641297e-01;1.120296e-01;3.588884e-02;7.878689e-02;1.009971e-01;1.051387e-01
1.264254e-01;6.362790e-02;4.370593e-02;4.175540e-02;6.453927e-02;7.433340e-02;1.338811e-01;1.272985e-01;3.112189e-02;8.360884e-02;1.034180e-01;1.062844e-01
1.402496e-01;8.736864e-02;4.153376e-02;2.302758e-02;5.516595e-02;6.861646e-02;9.422018e-02;1.383937e-01;5.579515e-02;7.992741e-02;8.976711e-02;1.259345e-01
1.293164e-01;7.776311e-02;4.757200e-02;2.846671e-02;5.919577e-02;7.264482e-02;9.915541e-02;1.331078e-01;7.677767e-02;1.204992e-01;5.442614e-02;1.010750e-01
1.128018e-01;6.296182e-02;4.941869e-02;4.810522e-02;6.363661e-02;7.073710e-02;9.601473e-02;1.116037e-01;1.074434e-01;1.713013e-01;5.716206e-02;4.881346e-02
9.456889e-02;5.176450e-02;4.684575e-02;4.686907e-02;7.097980e-02;8.916144e-02;8.187212e-02;1.636543e-01;9.196519e-02;1.729097e-01;6.720454e-02;2.220477e-02
8.460163e-02;5.438435e-02;4.572241e-02;4.202015e-02;7.132222e-02;7.324813e-02;7.524171e-02;1.924638e-01;1.032631e-01;1.514412e-01;6.220115e-02;4.409022e-02
1.059735e-01;6.017323e-02;4.293630e-02;5.253460e-02;4.489749e-02;6.523170e-02;1.068566e-01;1.650188e-01;1.361116e-01;1.100086e-01;5.167668e-02;5.858087e-02
1.024850e-01;5.720905e-02;4.736524e-02;5.029792e-02;6.454661e-02;7.328632e-02;1.197134e-01;1.926568e-01;1.084037e-01;9.134047e-02;4.372960e-02;4.896593e-02
7.449592e-02;6.444960e-02;4.866884e-02;5.822088e-02;4.733143e-02;9.515146e-02;1.094895e-01;1.731825e-01;1.450475e-01;1.237475e-01;3.491120e-02;2.530378e-02
8.498791e-02;4.585173e-02;6.742452e-02;5.826198e-02;8.789863e-02;1.130109e-01;1.390444e-01;8.598672e-02;1.312381e-01;1.227694e-01;3.676671e-02;2.675898e-02
1.022154e-01;3.729426e-02;7.362308e-02;5.507130e-02;1.159893e-01;8.105385e-02;1.484231e-01;1.345609e-01;9.549961e-02;9.098622e-02;3.572521e-02;2.955777e-02
7.747462e-02;3.982216e-02;4.946199e-02;5.855259e-02;8.856804e-02;7.836121e-02;1.234508e-01;1.607084e-01;1.489734e-01;7.990448e-02;6.047105e-02;3.425135e-02
6.770696e-02;5.090305e-02;6.300604e-02;6.116402e-02;7.855771e-02;8.820058e-02;1.069295e-01;1.226157e-01;1.560284e-01;8.715128e-02;7.369497e-02;4.404177e-02
6.195531e-02;7.155336e-02;5.866023e-02;8.491621e-02;9.363364e-02;9.534619e-02;8.341836e-02;1.001823e-01;1.674012e-01;1.000414e-01;5.843777e-02;2.445410e-02
6.459168e-02;6.604746e-02;2.565710e-02;5.628369e-02;1.002406e-01;9.762584e-02;1.105031e-01;1.120030e-01;1.979122e-01;1.209100e-01;3.010830e-02;1.811689e-02
5.043419e-02;7.163614e-02;2.177168e-02;5.131398e-02;7.774390e-02;7.698418e-02;1.246271e-01;1.214171e-01;1.633636e-01;1.904800e-01;3.642477e-02;1.380337e-02
6.017860e-02;9.831773e-02;2.916565e-02;4.398875e-02;3.214161e-02;7.241194e-02;1.609443e-01;1.126610e-01;7.839950e-02;2.351842e-01;6.721700e-02;9.389780e-03
6.495837e-02;1.099024e-01;4.191040e-02;2.911432e-02;4.780927e-02;1.004905e-01;2.097358e-01;8.959703e-02;4.670980e-02;1.810222e-01;7.267775e-02;6.072166e-03
3.784084e-02;9.788032e-02;5.330523e-02;2.870386e-02;7.950474e-02;1.463368e-01;2.826982e-01;1.184501e-01;2.657103e-02;8.172104e-02;4.110597e-02;5.881881e-03
3.308889e-02;3.308737e-02;3.287139e-02;2.791316e-02;5.060280e-02;1.990051e-01;3.964769e-01;1.655227e-01;1.091001e-02;3.498409e-02;9.899558e-03;5.637995e-03
2.330675e-02;1.286266e-02;1.054514e-02;4.032571e-02;3.015560e-02;2.092685e-01;4.641337e-01;1.621287e-01;4.937399e-03;3.204643e-02;7.371116e-03;2.918288e-03
1.639863e-02;8.664299e-03;5.955127e-03;3.893830e-02;2.495823e-02;1.748547e-01;5.390107e-01;1.540323e-01;4.791753e-03;2.332820e-02;7.921339e-03;1.146476e-03
9.536211e-03;1.228069e-02;3.217785e-03;2.020686e-02;2.009310e-02;1.125314e-01;5.724100e-01;2.208062e-01;1.310955e-02;9.408135e-03;5.316906e-03;1.083178e-03
4.803537e-03;9.628554e-03;3.393996e-03;7.892592e-03;4.217693e-02;7.110741e-02;5.123022e-01;3.202565e-01;1.577491e-02;3.173173e-03;8.526613e-03;9.635751e-04
8.537844e-03;1.184920e-02;8.582116e-03;9.052007e-03;8.013431e-02;4.508918e-02;4.176435e-01;3.950177e-01;1.164767e-02;3.553200e-03;8.183822e-03;7.094386e-04
1.627726e-02;2.779987e-02;1.543550e-02;1.761431e-02;9.626808e-02;4.862598e-02;3.699034e-01;3.474714e-01;1.042511e-02;8.067072e-03;3.808488e-02;4.027169e-03
4.976526e-02;4.570607e-02;2.224281e-02;2.217145e-02;9.244425e-02;9.289422e-02;3.233224e-01;2.204712e-01;1.486464e-02;1.171871e-02;8.791025e-02;1.648880e-02
5.817741e-02;3.480785e-02;2.786321e-02;2.295480e-02;9.559853e-02;1.410248e-01;2.999840e-01;1.435121e-01;2.731264e-02;1.367655e-02;7.543489e-02;5.965314e-02
3.407700e-02;3.379292e-02;2.622923e-02;1.688410e-02;1.018946e-01;1.204720e-01;3.602346e-01;1.588006e-01;2.457318e-02;6.126293e-03;2.279314e-02;9.412232e-02
2.052587e-02;5.366536e-02;3.464055e-02;5.672468e-02;1.296525e-01;8.790013e-02;2.940018e-01;1.563043e-01;1.897328e-02;6.628217e-03;2.932978e-02;1.116535e-01
4.527949e-02;8.878820e-02;5.059044e-02;1.117066e-01;1.461122e-01;7.497199e-02;1.365395e-01;1.478749e-01;2.012515e-02;2.288189e-02;8.358876e-02;7.154094e-02
4.887703e-02;5.567675e-02;3.899189e-02;9.970021e-02;1.637137e-01;1.351048e-01;1.476570e-01;1.046913e-01;3.867880e-02;1.918922e-02;8.342320e-02;6.429605e-02
3.819727e-02;2.925066e-02;2.838617e-02;6.170505e-02;2.178484e-01;1.363999e-01;1.562999e-01;6.956326e-02;6.882375e-02;1.840274e-02;5.645378e-02;1.186691e-01
2.372919e-02;3.079301e-02;2.439553e-02;5.151470e-02;2.368491e-01;8.665238e-02;1.067206e-01;5.769511e-02;1.058514e-01;2.532778e-02;6.828805e-02;1.821830e-01
1.497437e-02;4.920557e-02;1.867125e-02;1.709561e-01;1.447506e-01;4.248526e-02;3.738738e-02;9.152314e-02;7.888319e-02;2.500981e-02;1.705676e-01;1.555858e-01
2.574318e-02;5.060820e-02;2.552095e-02;2.246394e-01;8.287990e-02;4.403947e-02;2.956649e-02;1.174464e-01;2.963721e-02;2.517247e-02;2.729205e-01;7.182597e-02
8.300781e-02;6.460435e-02;6.965134e-02;1.485175e-01;8.658878e-02;2.685228e-02;5.541192e-02;8.050269e-02;4.774866e-02;4.841603e-02;2.413769e-01;4.732175e-02
1.424111e-01;1.268751e-01;1.439369e-01;8.201817e-02;8.045866e-02;1.712377e-02;9.231757e-02;3.226376e-02;4.609733e-02;8.354948e-02;1.280296e-01;2.491849e-02
1.390242e-01;2.446039e-01;1.856702e-01;6.305967e-02;6.572628e-02;2.000945e-02;7.315219e-02;2.713746e-02;2.932240e-02;8.643392e-02;5.350984e-02;1.235043e-02
1.863177e-01;3.627997e-01;1.319863e-01;3.854988e-02;4.338879e-02;4.805629e-02;2.753827e-02;4.246803e-02;3.453627e-02;4.754961e-02;2.590299e-02;1.090620e-02
3.038199e-01;3.461384e-01;4.786604e-02;3.254233e-02;1.714955e-02;5.974200e-02;2.151576e-02;3.397182e-02;4.712954e-02;2.281900e-02;5.565081e-02;1.165490e-02
3.292231e-01;2.657082e-01;1.860534e-02;3.215424e-02;1.201087e-02;9.470353e-02;2.994110e-02;1.884537e-02;4.219054e-02;2.646161e-02;1.192445e-01;1.091156e-02
2.264841e-01;2.387250e-01;2.032060e-02;2.843675e-02;1.321593e-02;2.039530e-01;3.189040e-02;2.240007e-02;3.585466e-02;2.826097e-02;1.460328e-01;4.425576e-03
1.686224e-01;2.747530e-01;2.240206e-02;2.175625e-02;1.641770e-02;2.727544e-01;2.357679e-02;2.533759e-02;3.255843e-02;2.501316e-02;1.075421e-01;9.266102e-03
1.821834e-01;3.632589e-01;3.591389e-02;1.325634e-02;1.474376e-02;2.643690e-01;1.994053e-02;2.612160e-02;2.943920e-02;1.447842e-02;2.490270e-02;1.139231e-02
1.682489e-01;3.848897e-01;3.323069e-02;1.460679e-02;1.296746e-02;2.319138e-01;1.481064e-02;2.274406e-02;2.747933e-02;1.265497e-02;5.978985e-02;1.666384e-02
1.084283e-01;4.008979e-01;4.228980e-02;1.986810e-02;1.597712e-02;2.275770e-01;2.229619e-02;4.098448e-02;2.785678e-02;1.343159e-02;6.200278e-02;1.838991e-02
9.765761e-02;3.623683e-01;9.133591e-02;6.292993e-02;3.791367e-02;1.312159e-01;2.788146e-02;7.535998e-02;2.969835e-02;2.382305e-02;3.854578e-02;2.127004e-02
6.324065e-02;2.419215e-01;1.648830e-01;9.547902e-02;8.031905e-02;8.443727e-02;6.564768e-02;7.243788e-02;3.205017e-02;5.033217e-02;3.016956e-02;1.908196e-02
5.467032e-02;1.353440e-01;2.054038e-01;8.479519e-02;9.968819e-02;6.171277e-02;1.257946e-01;7.050546e-02;2.575608e-02;6.531598e-02;5.346235e-02;1.755127e-02
4.669981e-02;6.701616e-02;1.947047e-01;5.659557e-02;6.798708e-02;3.795968e-02;1.458517e-01;6.359650e-02;3.273572e-02;7.970077e-02;1.593199e-01;4.783235e-02
1.220499e-01;3.248380e-02;1.589984e-01;6.464572e-02;3.430727e-02;1.148501e-02;1.211778e-01;2.926126e-02;3.425668e-02;7.572158e-02;2.211433e-01;9.446923e-02
2.026944e-01;2.758368e-02;1.385504e-01;1.171812e-01;2.119668e-02;1.144835e-02;1.084972e-01;1.476890e-02;2.620070e-02;6.214131e-02;1.770727e-01;9.266452e-02
1.797155e-01;2.593999e-02;9.077100e-02;3.082383e-01;6.990348e-03;2.286073e-02;7.859712e-02;5.256540e-02;1.834919e-02;4.124415e-02;1.304036e-01;4.432468e-02
6.752112e-02;4.066458e-02;3.542606e-02;4.609052e-01;1.759301e-02;3.825350e-02;2.836484e-02;1.072218e-01;1.008099e-02;1.345924e-02;1.607967e-01;1.971291e-02
1.938462e-02;6.055266e-02;1.586760e-02;4.001472e-01;6.418967e-02;3.468576e-02;1.859261e-02;1.274789e-01;1.385189e-02;5.501821e-03;1.496317e-01;9.011559e-02
1.786483e-02;4.943804e-02;2.122299e-02;1.558894e-01;1.914435e-01;1.737718e-02;5.197474e-02;8.681980e-02;4.138952e-02;7.430200e-03;9.095743e-02;2.681924e-01
2.225126e-02;1.617040e-02;4.470840e-02;6.235813e-02;2.530347e-01;6.745109e-03;6.385934e-02;2.580776e-02;6.506205e-02;5.489723e-03;3.620607e-02;3.983071e-01
5.756046e-02;7.761147e-03;5.736678e-02;6.949437e-02;1.850534e-01;2.694111e-02;4.391498e-02;2.108989e-02;5.815883e-02;7.650568e-03;4.895842e-02;4.160501e-01
1.779811e-01;1.960853e-02;4.189394e-02;3.280264e-02;8.174057e-02;8.552098e-02;3.986686e-02;3.564067e-02;3.828036e-02;1.726615e-02;8.337279e-02;3.460254e-01
2.608233e-01;3.661823e-02;1.425347e-02;2.442063e-02;1.229199e-01;1.348637e-01;4.560866e-02;4.129031e-02;4.176655e-02;1.979581e-02;7.859901e-02;1.790403e-01
2.096737e-01;7.270388e-02;7.555685e-02;2.921545e-02;1.403241e-01;1.395367e-01;5.851817e-02;5.870956e-02;3.221194e-02;2.118329e-02;7.683089e-02;8.553543e-02
1.232206e-01;1.367829e-01;9.601013e-02;3.047761e-02;1.289272e-01;9.381395e-02;7.524507e-02;8.801366e-02;1.699956e-02;2.854532e-02;8.672334e-02;9.524068e-02
1.030900e-01;1.558526e-01;6.216566e-02;5.665725e-02;1.155266e-01;8.822308e-02;9.474038e-02;1.229884e-01;1.886302e-02;4.650872e-02;7.204406e-02;6.334021e-02
1.068305e-01;1.714023e-01;5.347929e-02;6.908365e-02;1.061023e-01;7.564893e-02;6.902977e-02;1.129282e-01;4.678186e-02;4.931356e-02;6.133072e-02;7.806886e-02
1.324863e-01;2.098325e-01;8.772261e-02;4.804010e-02;5.351388e-02;5.781832e-02;5.711666e-02;7.618179e-02;5.007352e-02;3.245996e-02;7.760870e-02;1.171457e-01
1.383075e-01;2.397677e-01;1.027858e-01;3.756748e-02;5.720133e-02;9.166861e-02;5.266559e-02;1.001011e-01;2.443975e-02;2.546597e-02;5.939770e-02;7.063145e-02
1.164028e-01;2.395445e-01;1.014744e-01;6.473264e-02;6.006698e-02;1.287512e-01;6.296027e-02;8.155170e-02;1.381514e-02;3.291852e-02;6.145366e-02;3.632818e-02
1.027544e-01;2.409600e-01;7.454246e-02;1.118145e-01;6.534862e-02;1.041785e-01;5.698099e-02;5.924821e-02;1.610680e-02;3.583647e-02;1.002088e-01;3.202029e-02
9.786890e-02;2.499597e-01;7.917701e-02;1.410941e-01;8.037185e-02;8.372728e-02;5.668236e-02;4.915607e-02;1.352590e-02;4.056530e-02;8.496346e-02;2.290799e-02
1.588034e-01;2.715603e-01;8.794561e-02;8.911526e-02;6.321167e-02;8.698211e-02;5.854593e-02;4.106221e-02;1.521296e-02;4.045528e-02;5.519243e-02;3.191278e-02
2.458773e-01;2.108596e-01;7.322454e-02;5.295636e-02;6.548450e-02;7.467665e-02;6.258900e-02;3.420786e-02;1.863811e-02;4.604581e-02;7.742404e-02;3.801631e-02
2.273944e-01;1.751073e-01;4.704838e-02;3.886856e-02;7.405475e-02;4.195694e-02;7.695573e-02;3.646692e-02;2.055165e-02;4.948363e-02;1.806494e-01;3.146237e-02
1.949221e-01;9.485319e-02;5.317410e-02;3.232516e-02;9.474493e-02;5.378806e-02;9.033003e-02;8.422600e-02;3.037742e-02;6.403656e-02;1.691920e-01;3.803044e-02
1.349635e-01;1.101820e-01;4.735474e-02;5.481177e-02;9.838079e-02;5.855802e-02;1.160320e-01;1.387058e-01;3.011336e-02;7.103412e-02;9.541512e-02;4.444882e-02
1.105442e-01;1.188829e-01;3.953871e-02;4.929102e-02;8.263031e-02;7.111008e-02;1.364415e-01;1.486654e-01;2.471982e-02;6.827228e-02;1.056182e-01;4.428548e-02
1.747577e-01;1.712634e-01;5.207143e-02;6.274109e-02;6.124996e-02;6.270415e-02;7.905103e-02;9.338722e-02;2.032765e-02;6.647987e-02;1.250063e-01;3.096030e-02
1.576096e-01;2.063017e-01;1.112904e-01;4.373134e-02;5.642521e-02;8.498414e-02;5.630552e-02;6.601793e-02;2.229990e-02;5.221278e-02;1.100517e-01;3.276972e-02
5.132182e-02;1.310060e-01;1.245059e-01;1.142616e-01;4.772902e-02;1.970841e-01;5.876527e-02;6.845074e-02;1.318712e-02;2.796929e-02;1.398208e-01;2.589848e-02
5.541302e-02;1.000161e-01;9.608040e-02;1.513286e-01;3.576734e-02;2.583201e-01;3.956971e-02;5.668958e-02;7.888824e-03;1.000316e-02;1.687205e-01;2.020273e-02
1.181745e-01;1.033495e-01;1.122902e-01;1.483454e-01;3.444256e-02;2.102771e-01;4.167981e-02;4.295633e-02;1.107821e-02;1.273362e-02;1.470592e-01;1.761343e-02
2.012008e-01;1.333290e-01;1.613067e-01;1.494078e-01;4.395839e-02;9.428954e-02;5.112077e-02;2.541897e-02;1.737335e-02;1.836026e-02;8.725561e-02;1.697878e-02
1.796238e-01;1.238943e-01;2.073603e-01;1.659944e-01;4.267587e-02;4.376217e-02;6.499954e-02;2.446878e-02;2.429693e-02;2.210882e-02;8.686063e-02;1.395459e-02
1.972806e-01;2.808683e-01;1.998543e-01;9.023991e-02;3.074244e-02;3.015939e-02;6.015767e-02;1.595758e-02;1.630532e-02;2.146369e-02;5.124728e-02;5.723514e-03
2.246387e-01;4.043134e-01;1.515222e-01;3.626957e-02;2.626654e-02;1.332136e-02;5.507744e-02;1.239275e-02;8.383719e-03;2.010519e-02;3.605498e-02;1.165413e-02
2.595161e-01;4.356652e-01;9.615096e-02;1.739053e-02;2.061671e-02;1.237573e-02;4.189889e-02;1.926127e-02;6.271414e-03;1.661216e-02;5.878750e-02;1.545358e-02
2.466354e-01;3.846959e-01;7.256751e-02;2.510609e-02;2.622503e-02;2.196751e-02;5.109026e-02;3.226111e-02;8.956123e-03;1.733183e-02;9.884109e-02;1.432212e-02
2.405105e-01;2.864318e-01;5.934313e-02;4.049490e-02;3.458415e-02;4.476779e-02;5.269995e-02;4.660397e-02;1.201213e-02;2.316961e-02;1.450247e-01;1.435728e-02
2.710829e-01;1.882398e-01;4.080376e-02;3.416592e-02;3.340027e-02;3.819400e-02;6.885822e-02;6.310591e-02;1.384852e-02;3.403107e-02;2.028556e-01;1.141398e-02
3.214672e-01;1.585852e-01;2.979970e-02;4.392191e-02;2.604261e-02;2.996863e-02;6.937714e-02;6.588352e-02;1.896441e-02;4.056997e-02;1.754187e-01;2.000098e-02
4.080262e-01;2.051971e-01;2.518221e-02;4.363871e-02;1.854040e-02;1.889806e-02;6.027962e-02;4.004895e-02;1.287448e-02;2.914161e-02;1.201875e-01;1.798510e-02
4.941705e-01;2.336230e-01;1.708120e-02;2.334887e-02;1.738904e-02;3.796142e-02;5.382024e-02;3.939891e-02;6.414216e-03;2.061465e-02;3.877324e-02;1.740471e-02
4.722819e-01;2.035781e-01;1.855198e-02;4.249113e-02;9.058952e-03;5.320955e-02;4.922461e-02;2.851280e-02;5.611356e-03;2.041025e-02;7.345325e-02;2.361608e-02
4.612541e-01;1.875614e-01;1.786763e-02;5.057228e-02;9.014651e-03;3.362574e-02;7.658277e-02;2.252397e-02;3.891368e-03;1.834913e-02;8.366671e-02;3.509032e-02
4.524249e-01;1.642779e-01;1.836530e-02;4.714456e-02;1.102934e-02;2.031717e-02;9.767625e-02;2.286853e-02;3.741410e-03;1.671348e-02;1.026144e-01;4.282679e-02
4.057257e-01;1.462776e-01;3.434665e-02;4.622320e-02;1.655302e-02;3.351728e-02;1.100359e-01;6.406499e-02;1.275780e-02;2.139547e-02;6.721036e-02;4.189193e-02
3.232582e-01;9.874606e-02;4.040651e-02;4.949306e-02;3.868172e-02;4.213072e-02;8.573633e-02;7.894692e-02;1.359110e-02;1.914088e-02;1.829271e-01;2.694140e-02
2.895712e-01;4.071655e-02;2.479770e-02;4.674987e-02;3.911318e-02;3.062241e-02;6.576556e-02;6.699266e-02;1.080295e-02;1.716381e-02;3.423042e-01;2.539996e-02
3.053146e-01;5.371040e-02;1.026371e-02;3.147289e-02;3.124911e-02;1.223730e-02;5.376606e-02;3.823993e-02;1.016780e-02;1.407042e-02;4.108689e-01;2.863886e-02
2.758286e-01;2.819976e-02;1.186493e-02;1.139068e-02;1.044086e-01;7.570130e-03;3.677988e-02;2.143064e-02;6.790925e-03;1.380833e-02;4.573482e-01;2.457934e-02
2.129611e-01;1.907624e-02;1.674693e-02;5.432358e-03;1.453312e-01;1.151361e-02;1.992073e-02;1.577817e-02;1.035724e-02;1.552419e-02;5.101005e-01;1.725774e-02
1.645665e-01;2.068590e-02;2.313963e-02;4.211023e-03;1.304396e-01;2.146965e-02;1.687214e-02;9.433014e-03;1.412447e-02;2.646296e-02;5.556713e-01;1.292380e-02
1.313257e-01;1.649709e-02;2.941770e-02;3.461889e-03;7.709649e-02;3.577254e-02;1.433459e-02;7.025349e-03;1.497613e-02;4.763950e-02;6.154561e-01;6.996896e-03
9.730230e-02;1.620595e-02;2.737623e-02;1.257482e-02;2.610055e-02;4.581881e-02;2.229610e-02;1.084578e-02;1.400040e-02;6.081253e-02;6.589163e-01;7.750194e-03
7.497635e-02;1.794555e-02;1.858531e-02;2.612768e-02;1.587095e-02;4.047971e-02;2.954482e-02;1.367629e-02;1.398465e-02;6.103189e-02;6.851426e-01;2.634194e-03
6.526281e-02;2.668433e-02;1.017982e-02;4.027012e-02;4.212290e-02;2.708764e-02;2.852201e-02;2.569625e-02;2.430574e-02;5.808041e-02;6.463248e-01;5.463248e-03
3.956338e-02;2.841147e-02;1.573795e-02;4.609662e-02;7.107770e-02;3.667149e-02;4.693167e-02;8.923119e-02;4.123887e-02;6.949988e-02;5.105786e-01;4.961253e-03
3.658510e-02;2.239290e-02;1.799187e-02;5.813136e-02;4.737471e-02;3.923772e-02;1.605311e-01;2.802262e-01;5.014729e-02;4.923054e-02;2.321216e-01;6.029608e-03
2.452105e-02;2.742396e-02;1.709880e-02;3.426459e-02;4.088038e-02;4.899221e-02;2.857423e-01;3.873675e-01;2.812636e-02;2.320335e-02;7.360666e-02;8.772779e-03
2.097176e-02;3.533735e-02;1.820908e-02;2.688364e-02;2.661799e-02;5.488788e-02;3.300108e-01;3.493492e-01;2.876228e-02;2.328853e-02;8.102138e-02;4.660057e-03
3.056579e-02;4.708395e-02;1.661492e-02;1.971727e-02;3.607888e-02;9.375017e-02;2.831297e-01;2.736809e-01;5.647069e-02;4.739917e-02;9.218427e-02;3.324366e-03
3.043270e-02;3.212133e-02;2.441267e-02;2.178560e-02;8.932989e-02;1.420666e-01;1.427233e-01;2.134549e-01;9.575780e-02;9.240748e-02;1.092312e-01;6.276557e-03
2.587756e-02;2.914688e-02;3.255799e-02;1.708903e-02;9.776694e-02;1.219634e-01;1.919377e-01;1.735409e-01;8.194007e-02;8.735698e-02;1.359357e-01;4.886805e-03
5.069960e-02;5.591803e-02;4.318975e-02;2.566026e-02;8.731509e-02;5.957930e-02;1.964085e-01;1.621912e-01;4.507701e-02;6.141626e-02;2.051585e-01;7.386584e-03
8.587994e-02;7.921007e-02;4.782396e-02;4.211181e-02;8.093350e-02;8.888277e-02;1.942001e-01;1.178976e-01;2.799267e-02;6.677832e-02;1.529737e-01;1.531559e-02
8.908346e-02;8.741890e-02;4.715012e-02;3.844967e-02;8.354679e-02;7.755981e-02;1.237702e-01;6.363857e-02;2.519863e-02;7.946327e-02;2.688442e-01;1.587638e-02
5.910579e-02;7.751334e-02;4.543800e-02;3.176074e-02;6.764305e-02;5.244084e-02;5.653150e-02;6.061811e-02;1.870088e-02;5.636690e-02;4.646974e-01;9.183420e-03
6.469641e-02;9.892388e-02;4.600487e-02;2.970607e-02;4.175885e-02;3.811363e-02;8.163518e-02;4.844614e-02;1.377545e-02;3.205174e-02;4.972783e-01;7.609534e-03
5.297508e-02;1.386487e-01;5.967718e-02;2.330788e-02;5.143841e-02;2.695818e-02;7.459532e-02;3.508378e-02;1.277066e-02;3.463594e-02;4.805691e-01;9.339764e-03
6.815045e-02;1.957936e-01;7.012112e-02;2.621670e-02;7.079043e-02;3.314450e-02;9.834327e-02;2.091218e-02;1.641727e-02;4.385246e-02;3.485118e-01;7.746282e-03
8.303010e-02;2.550042e-01;7.582161e-02;1.900549e-02;8.135883e-02;3.488336e-02;5.993966e-02;7.303023e-02;2.348767e-02;3.962988e-02;2.409455e-01;1.386344e-02
1.126254e-01;2.670904e-01;6.241943e-02;3.445040e-02;9.381475e-02;4.297756e-02;6.037595e-02;1.097358e-01;2.278008e-02;2.550248e-02;1.520292e-01;1.619856e-02
1.044671e-01;2.342519e-01;6.204296e-02;5.229019e-02;7.832216e-02;6.294417e-02;9.636705e-02;1.421030e-01;1.537767e-02;2.109323e-02;1.178100e-01;1.293056e-02
1.025341e-01;2.037746e-01;5.052830e-02;5.866749e-02;9.100435e-02;6.496510e-02;9.655655e-02;1.152089e-01;2.281317e-02;1.968762e-02;1.613989e-01;1.286088e-02
