4.227309e-02;1.543198e-01;1.765301e-01;3.548801e-02;1.719155e-02;2.236568e-01;3.803713e-02;1.353006e-01;1.059825e-01;1.783353e-02;1.385400e-02;3.953272e-02
2.924108e-02;1.187019e-01;1.782011e-01;4.540837e-02;3.108856e-02;1.772534e-01;4.435114e-02;1.867370e-01;1.164219e-01;2.220947e-02;2.765263e-02;2.273343e-02
3.140206e-02;9.174721e-02;1.502859e-01;5.503878e-02;5.357764e-02;2.201965e-01;6.307974e-02;1.397287e-01;1.255790e-01;2.295095e-02;2.832504e-02;1.808836e-02
4.352942e-02;9.572904e-02;9.905560e-02;6.737894e-02;7.714349e-02;2.490188e-01;7.005288e-02;1.481512e-01;8.906405e-02;2.707892e-02;2.239726e-02;1.140036e-02
6.304155e-02;1.298462e-01;5.791870e-02;6.339810e-02;8.583473e-02;3.047077e-01;5.545511e-02;1.280116e-01;5.199965e-02;3.041417e-02;1.586571e-02;1.350667e-02
8.206210e-02;1.578590e-01;2.743976e-02;3.964739e-02;8.137359e-02;3.747809e-01;4.227754e-02;8.927409e-02;3.257046e-02;2.998541e-02;2.084106e-02;2.188873e-02
7.052429e-02;1.314421e-01;3.855948e-02;2.948672e-02;6.428604e-02;4.001753e-01;3.091638e-02;1.018346e-01;3.986925e-02;3.239187e-02;2.916081e-02;3.135322e-02
4.395285e-02;9.629016e-02;6.031071e-02;3.358409e-02;5.661083e-02;3.992107e-01;3.497812e-02;1.067626e-01;7.154671e-02;2.989732e-02;3.267834e-02;3.417763e-02
2.418894e-02;9.155271e-02;1.029466e-01;4.450897e-02;5.196249e-02;3.475994e-01;5.878101e-02;9.933819e-02;8.808357e-02;2.952310e-02;2.433227e-02;3.718270e-02
2.638941e-02;1.079181e-01;1.301103e-01;4.995307e-02;3.994523e-02;2.465217e-01;7.150730e-02;1.594844e-01;9.060287e-02;2.557762e-02;1.974109e-02;3.224880e-02
3.970040e-02;1.379728e-01;1.401641e-01;5.186399e-02;5.698664e-02;1.902443e-01;5.556191e-02;1.564789e-01;6.602271e-02;4.450491e-02;3.159852e-02;2.890088e-02
5.986363e-02;1.550936e-01;6.976726e-02;4.044607e-02;8.171140e-02;2.536376e-01;5.593878e-02;1.318041e-01;6.167806e-02;3.979567e-02;2.285803e-02;2.740572e-02
6.156725e-02;1.451037e-01;6.673850e-02;3.247621e-02;5.278269e-02;2.759084e-01;7.197984e-02;1.499050e-01;6.281555e-02;3.188747e-02;2.221753e-02;2.661787e-02
3.268910e-02;1.168362e-01;7.669852e-02;4.290466e-02;4.251467e-02;2.979397e-01;6.794289e-02;1.569860e-01;4.919782e-02;5.005382e-02;4.544767e-02;2.078900e-02
3.189165e-02;5.248659e-02;7.377560e-02;8.713691e-02;9.899227e-02;2.407889e-01;1.299386e-01;1.404394e-01;5.091757e-02;3.499497e-02;3.406192e-02;2.457563e-02
3.030901e-02;5.697926e-02;8.240336e-02;9.581973e-02;9.219407e-02;2.031301e-01;1.398492e-01;1.309167e-01;6.257724e-02;5.115747e-02;3.123029e-02;2.343353e-02
3.109030e-02;7.146734e-02;8.416150e-02;9.124736e-02;7.161979e-02;1.736634e-01;1.247364e-01;1.237018e-01;1.008547e-01;7.360903e-02;3.592737e-02;1.792111e-02
3.708995e-02;7.825378e-02;6.047397e-02;7.395585e-02;5.165385e-02;1.294142e-01;1.125573e-01;1.663283e-01;1.290151e-01;9.971639e-02;4.430795e-02;1.723345e-02
2.669259e-02;7.191496e-02;6.542931e-02;4.986537e-02;5.043284e-02;1.407662e-01;7.167353e-02;2.506224e-01;1.341750e-01;7.922224e-02;2.883381e-02;3.037168e-02
1.256732e-02;4.745350e-02;5.112289e-02;3.467454e-02;7.013401e-02;2.273016e-01;3.386518e-02;3.354818e-01;1.079385e-01;4.772414e-02;1.529533e-02;1.644112e-02
7.800524e-03;3.062290e-02;1.831876e-02;1.821811e-02;8.805979e-02;2.371298e-01;4.159096e-02;4.130811e-01;9.867068e-02;1.888220e-02;2.112272e-02;6.502362e-03
6.799778e-03;3.616237e-02;1.528043e-02;1.887179e-02;9.056045e-02;1.865976e-01;5.928874e-02;4.419786e-01;9.712519e-02;1.978970e-02;2.322655e-02;4.318858e-03
3.113614e-03;4.486635e-02;1.430811e-02;9.710083e-03;6.371278e-02;2.195276e-01;8.579049e-02;4.001562e-01;1.007309e-01;3.185583e-02;2.244791e-02;3.780129e-03
4.593680e-03;5.264083e-02;2.120496e-02;7.950458e-03;4.122632e-02;2.765206e-01;9.816274e-02;3.336459e-01;1.049891e-01;3.332401e-02;2.115219e-02;4.589197e-03
7.218256e-03;5.691282e-02;3.471751e-02;2.015600e-02;2.711532e-02;3.381796e-01;8.978796e-02;2.973686e-01;8.279140e-02;2.517269e-02;1.667935e-02;3.900579e-03
6.272485e-03;4.781956e-02;3.961660e-02;1.723782e-02;2.123970e-02;3.645884e-01;7.693821e-02;2.984880e-01;9.091121e-02;1.905470e-02;1.467543e-02;3.157910e-03
6.668992e-03;4.046686e-02;3.338244e-02;1.404641e-02;3.997691e-02;3.662520e-01;8.197507e-02;2.904493e-01;8.576231e-02;2.272690e-02;1.453826e-02;3.754555e-03
6.545696e-03;4.376896e-02;4.888128e-02;1.901289e-02;4.455653e-02;3.625937e-01;7.032047e-02;2.668230e-01;9.000683e-02;2.838837e-02;1.406013e-02;5.042204e-03
1.054522e-02;6.429995e-02;9.111614e-02;3.175045e-02;3.664135e-02;3.472703e-01;6.585027e-02;2.305485e-01;7.359505e-02;2.422064e-02;1.558734e-02;8.574734e-03
1.197983e-02;5.910088e-02;8.944408e-02;5.505861e-02;5.463094e-02;2.454428e-01;8.298769e-02;2.698900e-01;8.202647e-02;2.943256e-02;1.126025e-02;8.745830e-03
1.309153e-02;2.402329e-02;3.086375e-02;7.908485e-02;9.018504e-02;1.051980e-01;7.464243e-02;3.491480e-01;1.632124e-01;4.503574e-02;9.887245e-03;1.562769e-02
1.786763e-02;2.521643e-02;2.778428e-02;9.642013e-02;8.284209e-02;1.032286e-01;3.843848e-02;3.150892e-01;2.276206e-01;4.503008e-02;9.184775e-03;1.127771e-02
2.043157e-02;1.968377e-02;4.083838e-02;7.707275e-02;6.904896e-02;1.347656e-01;6.525245e-02;2.746393e-01;2.477491e-01;3.627277e-02;9.274215e-03;4.971090e-03
1.782021e-02;1.874514e-02;7.748461e-02;3.752735e-02;4.967644e-02;2.004310e-01;9.404312e-02;2.186669e-01;2.329400e-01;4.179325e-02;7.576358e-03;3.295553e-03
1.164189e-02;2.550107e-02;1.006436e-01;3.981084e-02;5.281897e-02;2.456219e-01;1.078258e-01;1.227974e-01;2.199943e-01;4.813131e-02;1.371776e-02;1.149509e-02
1.155672e-02;2.228186e-02;1.179228e-01;6.131634e-02;1.021332e-01;2.355501e-01;8.028533e-02;9.272495e-02;1.999730e-01;4.355692e-02;1.814419e-02;1.455460e-02
1.873226e-02;4.280110e-02;1.252616e-01;5.550753e-02;1.713697e-01;1.699404e-01;3.531727e-02;9.796711e-02;1.681800e-01;6.857037e-02;2.636876e-02;1.998389e-02
3.080340e-02;7.053624e-02;8.306795e-02;3.506836e-02;2.310396e-01;1.179300e-01;4.837294e-02;7.676538e-02;1.370052e-01;9.585155e-02;3.309627e-02;4.046321e-02
3.474005e-02;6.325126e-02;2.872524e-02;3.446573e-02;2.009888e-01;1.182708e-01;5.334171e-02;9.713645e-02;1.639147e-01;1.145685e-01;4.264078e-02;4.795600e-02
2.811351e-02;5.289833e-02;4.111680e-02;4.078502e-02;1.172169e-01;1.301850e-01;7.067323e-02;1.379454e-01;2.069943e-01;1.028933e-01;3.432036e-02;3.685784e-02
3.334894e-02;5.066153e-02;6.788958e-02;4.551471e-02;8.501693e-02;1.397247e-01;9.127887e-02;1.580208e-01;2.174214e-01;7.168866e-02;1.997708e-02;1.945673e-02
2.499612e-02;4.247838e-02;6.053557e-02;3.117898e-02;1.213619e-01;1.272710e-01;8.654974e-02;1.371141e-01;2.379536e-01;9.332562e-02;1.672199e-02;2.051295e-02
1.194687e-02;2.519248e-02;3.811005e-02;3.224987e-02;1.447408e-01;1.383006e-01;8.241978e-02;1.078510e-01;2.435151e-01;1.283882e-01;2.434419e-02;2.294108e-02
1.549232e-02;2.570476e-02;4.970144e-02;5.587881e-02;1.125081e-01;1.494594e-01;6.904074e-02;1.159423e-01;2.476462e-01;1.186317e-01;2.018674e-02;1.980743e-02
3.210486e-02;2.642287e-02;5.449891e-02;6.084768e-02;9.824177e-02;1.365874e-01;7.484180e-02;1.193093e-01;2.503964e-01;1.086166e-01;1.428590e-02;2.384642e-02
6.601458e-02;4.850342e-02;7.754546e-02;6.378388e-02;1.024307e-01;1.135337e-01;1.040031e-01;1.048508e-01;1.778481e-01;9.072826e-02;2.227637e-02;2.848149e-02
7.705627e-02;6.423251e-02;8.614268e-02;1.186486e-01;1.210268e-01;1.007606e-01;8.048223e-02;9.409288e-02;1.210982e-01;7.889213e-02;3.137553e-02;2.619165e-02
7.578038e-02;4.315718e-02;6.757215e-02;1.566422e-01;1.632885e-01;7.847200e-02;6.437150e-02;8.673947e-02;1.364141e-01;8.686786e-02;2.169483e-02;1.899981e-02
1.026851e-01;4.042076e-02;5.499880e-02;1.439139e-01;1.717900e-01;8.383708e-02;7.162730e-02;5.922002e-02;1.475822e-01;1.009177e-01;1.210250e-02;1.090461e-02
1.237147e-01;4.920233e-02;4.679712e-02;9.835981e-02;1.611705e-01;8.661532e-02;6.562112e-02;6.394175e-02;1.503391e-01;1.208082e-01;1.250379e-02;2.092621e-02
8.908594e-02;6.621776e-02;5.100345e-02;7.001939e-02;1.595208e-01;8.487992e-02;5.519129e-02;8.455861e-02;1.450434e-01;1.438885e-01;1.190763e-02;3.868333e-02
3.269505e-02;8.532581e-02;4.214380e-02;4.749195e-02;1.555092e-01;8.655772e-02;5.641712e-02;1.386242e-01;1.400704e-01;1.563604e-01;2.257793e-02;3.622637e-02
1.922746e-02;9.788037e-02;2.411252e-02;3.374531e-02;1.279400e-01;4.924680e-02;4.805398e-02;2.108687e-01;1.511587e-01;1.562791e-01;5.283805e-02;2.864906e-02
2.218949e-02;8.718003e-02;2.439484e-02;6.333632e-02;8.119638e-02;5.266761e-02;4.991492e-02;2.521266e-01;1.356344e-01;1.156697e-01;9.750254e-02;1.818707e-02
2.131620e-02;8.386379e-02;4.042408e-02;1.016145e-01;5.134619e-02;8.438842e-02;7.339073e-02;2.406903e-01;1.114230e-01;6.348820e-02;1.151246e-01;1.292987e-02
2.471563e-02;6.788439e-02;4.155422e-02;1.299221e-01;4.189757e-02;1.005792e-01;9.418672e-02;2.152037e-01;1.221778e-01;5.842599e-02;9.034181e-02;1.311076e-02
2.544610e-02;7.880777e-02;5.608254e-02;1.177096e-01;4.568493e-02;1.261776e-01;8.630177e-02;1.879717e-01;1.422421e-01;5.240617e-02;5.785772e-02;2.331197e-02
1.991260e-02;1.078951e-01;4.622167e-02;8.220533e-02;1.279477e-01;5.875514e-02;7.590534e-02;1.809429e-01;1.194331e-01;1.034789e-01;4.007369e-02;3.722849e-02
1.380752e-02;8.936099e-02;3.604543e-02;5.953503e-02;2.102498e-01;5.698569e-02;5.433396e-02;1.419119e-01;1.189168e-01;1.372042e-01;3.440123e-02;4.724740e-02
1.329984e-02;6.483117e-02;2.344771e-02;5.602063e-02;2.800194e-01;6.682163e-02;2.641685e-02;8.405863e-02;1.209031e-01;1.677469e-01;3.517024e-02;6.126384e-02
2.836733e-02;5.664067e-02;4.258326e-02;6.575081e-02;2.719619e-01;5.761329e-02;2.800028e-02;5.776198e-02;1.170944e-01;1.597246e-01;3.836701e-02;7.613451e-02
4.126571e-02;5.693191e-02;7.976395e-02;8.257607e-02;1.894744e-01;6.910874e-02;4.632786e-02;8.762125e-02;1.093090e-01;1.199252e-01;4.381413e-02;7.388188e-02
4.310740e-02;6.403283e-02;1.041396e-01;8.203609e-02;1.626773e-01;7.629513e-02;5.163043e-02;9.260772e-02;1.066484e-01;1.022255e-01;4.868361e-02;6.591593e-02
4.633423e-02;6.393411e-02;9.576026e-02;5.733663e-02;1.080575e-01;1.091917e-01;7.155666e-02;1.253748e-01;1.240057e-01;9.103391e-02;4.062449e-02;6.678998e-02
6.624220e-02;6.607883e-02;7.707406e-02;6.198831e-02;7.820823e-02;1.207431e-01;1.029561e-01;1.641604e-01;6.339041e-02;5.640066e-02;5.179648e-02;9.096129e-02
5.568257e-02;5.205978e-02;8.973645e-02;1.000447e-01;6.973895e-02;9.711261e-02;9.229894e-02;1.742962e-01;6.695343e-02;7.289509e-02;4.884754e-02;8.033372e-02
3.155798e-02;3.878171e-02;1.138883e-01;9.316057e-02;6.122893e-02;7.984797e-02;7.489201e-02;2.405107e-01;6.295365e-02;9.691554e-02;4.539690e-02;6.086574e-02
1.679779e-02;3.158821e-02;1.322118e-01;4.897566e-02;3.471191e-02;7.603889e-02;5.369499e-02;3.080736e-01;5.315252e-02;1.167326e-01;2.195055e-02;1.060715e-01
3.267342e-02;3.012732e-02;1.065798e-01;1.121171e-01;3.841665e-02;6.109000e-02;4.738874e-02;2.763691e-01;5.427705e-02;1.010657e-01;1.129758e-02;1.285976e-01
5.812688e-02;4.948831e-02;6.939299e-02;1.614467e-01;9.010931e-02;7.352571e-02;3.915034e-02;2.180703e-01;4.668736e-02;7.010687e-02;2.995842e-02;9.393683e-02
6.036575e-02;8.817109e-02;4.426934e-02;1.073418e-01;1.439401e-01;1.109939e-01;5.702974e-02;1.755990e-01;6.514999e-02;5.159301e-02;5.140817e-02;4.413814e-02
3.763842e-02;1.230146e-01;4.774418e-02;5.302423e-02;1.263940e-01;1.502991e-01;9.374917e-02;1.500329e-01;6.283273e-02;5.437986e-02;6.061411e-02;4.027674e-02
6.267216e-02;9.199718e-02;4.351466e-02;9.897366e-02;6.909239e-02;1.714209e-01;1.151965e-01;1.463661e-01;4.572468e-02;5.908796e-02;4.639090e-02;4.956279e-02
9.275300e-02;1.258621e-01;2.320938e-02;9.885960e-02;8.175386e-02;1.442927e-01;1.016168e-01;1.250513e-01;4.948917e-02;8.632611e-02;3.061248e-02;4.017342e-02
6.246623e-02;1.455433e-01;2.785739e-02;6.494404e-02;6.300074e-02;1.708932e-01;7.594423e-02;1.618447e-01;6.702082e-02;1.116564e-01;2.240062e-02;2.642850e-02
2.668166e-02;1.154229e-01;3.631955e-02;3.201392e-02;5.409704e-02;1.978987e-01;7.154696e-02;1.831674e-01;1.115370e-01;1.083082e-01;2.843807e-02;3.456862e-02
2.361258e-02;9.274160e-02;2.631097e-02;2.995615e-02;6.274658e-02;1.815628e-01;1.207097e-01;1.321385e-01;1.545306e-01;1.212864e-01;2.419434e-02;3.020977e-02
8.851533e-03;4.822244e-02;2.879461e-02;4.659928e-02;8.459597e-02;1.977977e-01;1.361775e-01;9.517519e-02;1.643522e-01;1.456585e-01;2.485921e-02;1.891582e-02
1.554244e-02;3.327141e-02;5.350651e-02;8.039104e-02;8.961413e-02;1.907089e-01;8.440533e-02;1.374113e-01;9.357099e-02;1.591540e-01;3.598350e-02;2.644041e-02
2.736471e-02;7.271576e-02;9.279326e-02;8.069567e-02;1.057222e-01;1.760470e-01;4.194245e-02;1.682064e-01;5.145531e-02;1.116948e-01;3.839903e-02;3.296337e-02
3.186398e-02;8.978394e-02;1.151188e-01;4.743611e-02;1.397724e-01;1.529918e-01;7.033140e-02;1.276939e-01;7.709189e-02;7.234136e-02;4.031229e-02;3.526209e-02
2.783861e-02;7.213626e-02;8.099441e-02;5.840085e-02;9.817895e-02;1.749081e-01;7.675827e-02;1.240914e-01;1.147401e-01;8.908945e-02;4.895706e-02;3.390655e-02
7.908110e-02;9.196094e-02;1.192218e-01;8.510491e-02;5.499199e-02;1.428910e-01;7.025793e-02;1.309779e-01;8.196779e-02;6.163212e-02;3.594971e-02;4.596278e-02
9.020028e-02;1.213753e-01;1.471217e-01;8.253914e-02;3.395578e-02;1.076100e-01;6.687876e-02;1.582803e-01;8.674943e-02;3.981218e-02;1.536806e-02;5.010904e-02
9.912368e-02;1.189272e-01;1.544819e-01;8.354346e-02;3.587155e-02;9.067944e-02;5.729387e-02;1.887434e-01;7.987536e-02;3.417880e-02;1.633942e-02;4.094195e-02
1.110718e-01;1.113917e-01;1.332976e-01;7.687742e-02;5.421155e-02;1.247110e-01;6.824417e-02;1.786068e-01;6.230932e-02;2.999998e-02;2.044852e-02;2.883012e-02
1.039003e-01;1.049585e-01;9.946710e-02;5.784081e-02;8.264259e-02;2.007234e-01;8.916457e-02;1.125677e-01;6.470668e-02;3.246614e-02;1.782074e-02;3.374150e-02
6.371219e-02;6.041954e-02;5.671176e-02;3.177099e-02;1.437628e-01;2.335182e-01;7.833356e-02;1.744418e-01;7.450663e-02;2.826517e-02;2.657115e-02;2.798616e-02
2.690317e-02;3.428506e-02;3.831990e-02;2.857330e-02;1.519502e-01;2.402969e-01;6.850839e-02;2.772733e-01;6.424755e-02;2.482442e-02;2.884361e-02;1.597423e-02
1.935501e-02;6.660888e-02;7.510807e-02;3.860151e-02;8.650950e-02;2.254233e-01;7.204386e-02;2.825212e-01;6.430163e-02;2.113922e-02;3.190206e-02;1.648575e-02
4.693633e-02;1.405346e-01;1.192905e-01;6.024096e-02;4.143349e-02;1.298911e-01;5.298134e-02;2.479566e-01;7.292587e-02;2.066787e-02;3.431712e-02;3.282417e-02
5.357850e-02;1.399076e-01;1.070208e-01;7.279415e-02;6.198135e-02;2.098809e-01;5.045223e-02;1.733258e-01;5.871528e-02;1.837392e-02;2.273195e-02;3.123757e-02
8.214383e-02;1.220567e-01;8.545046e-02;1.044672e-01;8.253039e-02;2.515262e-01;5.072469e-02;1.227568e-01;2.535661e-02;2.372473e-02;2.087637e-02;2.838605e-02
1.011871e-01;1.130426e-01;6.206340e-02;1.002387e-01;8.929257e-02;2.314615e-01;4.840674e-02;1.279806e-01;3.590912e-02;3.246619e-02;2.996245e-02;2.798900e-02
9.789775e-02;1.244163e-01;8.891254e-02;6.753170e-02;7.782511e-02;1.785989e-01;4.856907e-02;1.610771e-01;5.234382e-02;4.083757e-02;3.343634e-02;2.855391e-02
9.489229e-02;9.366323e-02;1.332740e-01;3.578035e-02;6.593228e-02;1.786438e-01;5.541876e-02;1.680713e-01;7.036193e-02;3.830547e-02;2.204544e-02;4.361111e-02
7.761152e-02;8.145303e-02;9.152715e-02;4.742609e-02;1.093647e-01;1.788078e-01;5.542993e-02;2.029055e-01;6.445612e-02;2.563103e-02;2.094118e-02;4.444598e-02
4.571366e-02;4.012685e-02;6.809085e-02;7.135900e-02;1.331151e-01;1.612795e-01;6.286462e-02;2.346237e-01;7.834394e-02;4.288977e-02;3.018693e-02;3.140605e-02
7.488180e-02;5.797160e-02;8.377478e-02;3.933033e-02;1.213183e-01;1.512932e-01;8.754289e-02;1.808515e-01;8.868337e-02;6.288406e-02;2.527908e-02;2.618910e-02
5.997781e-02;8.725850e-02;7.718060e-02;3.033556e-02;1.449668e-01;1.385424e-01;9.060306e-02;1.761389e-01;8.896270e-02;6.362735e-02;2.187530e-02;2.053104e-02
3.917279e-02;9.946652e-02;6.169764e-02;5.750641e-02;1.308927e-01;1.922320e-01;3.448673e-02;1.797891e-01;9.903410e-02;5.401662e-02;2.789674e-02;2.380867e-02
2.669725e-02;9.034386e-02;7.331215e-02;8.647994e-02;1.365443e-01;2.272239e-01;6.485432e-02;1.032992e-01;6.784216e-02;5.168367e-02;3.132261e-02;4.039658e-02
1.856862e-02;7.856765e-02;8.469244e-02;7.486849e-02;1.012510e-01;1.895998e-01;8.053284e-02;1.236429e-01;9.380100e-02;5.326053e-02;5.589005e-02;4.532474e-02
5.199933e-02;6.444082e-02;1.522512e-01;7.340468e-02;7.421327e-02;1.209278e-01;7.916874e-02;1.223409e-01;9.540164e-02;2.856475e-02;7.085935e-02;6.642751e-02
6.128411e-02;6.963429e-02;2.189622e-01;7.630318e-02;5.695994e-02;1.036311e-01;3.975114e-02;1.466308e-01;6.618510e-02;1.698781e-02;2.748611e-02;1.161843e-01
3.749000e-02;6.438558e-02;2.856484e-01;7.744793e-02;3.178854e-02;7.085647e-02;3.352063e-02;1.842233e-01;5.238675e-02;1.923020e-02;1.273757e-02;1.302846e-01
5.200627e-03;4.866894e-02;3.364997e-01;9.887962e-02;1.032861e-02;6.021041e-02;3.756494e-02;2.151123e-01;4.199954e-02;1.757923e-02;8.607628e-03;1.193484e-01
8.222476e-03;5.625039e-02;3.300207e-01;8.760072e-02;1.039929e-02;1.061682e-01;3.153376e-02;2.235142e-01;3.583208e-02;1.905701e-02;7.359415e-03;8.404174e-02
9.204804e-03;7.806447e-02;3.188224e-01;4.808668e-02;1.119252e-02;1.271136e-01;3.688976e-02;2.495336e-01;3.530867e-02;2.668472e-02;3.563896e-03;5.553492e-02
1.460614e-02;9.673439e-02;2.639149e-01;4.395038e-02;2.110415e-02;1.173694e-01;4.833554e-02;2.563846e-01;4.426214e-02;4.075682e-02;1.611106e-02;3.647044e-02
2.390699e-02;1.137895e-01;1.787263e-01;7.571179e-02;3.722534e-02;1.396061e-01;5.896701e-02;2.084358e-01;5.156716e-02;5.343252e-02;3.110258e-02;2.752895e-02
2.181792e-02;1.060268e-01;1.018627e-01;7.868359e-02;4.045479e-02;1.707416e-01;5.271048e-02;2.367192e-01;9.202555e-02;5.090776e-02;2.929249e-02;1.875711e-02
2.092321e-02;6.940049e-02;7.821790e-02;4.001019e-02;7.673744e-02;1.395120e-01;8.159754e-02;3.452290e-01;8.550337e-02;2.173611e-02;2.855708e-02;1.257559e-02
1.534386e-02;8.188952e-02;6.382490e-02;2.123467e-02;6.288350e-02;1.899319e-01;1.173796e-01;3.170421e-01;6.091978e-02;1.182027e-02;4.268457e-02;1.504535e-02
1.786279e-02;1.023014e-01;2.433667e-02;1.667770e-02;3.322229e-02;2.203391e-01;1.332860e-01;3.123261e-01;6.076270e-02;1.748621e-02;4.963436e-02;1.176455e-02
3.304049e-02;1.182241e-01;6.706650e-02;2.940905e-02;3.016981e-02;2.192836e-01;1.070755e-01;2.593878e-01;6.210665e-02;2.256897e-02;3.788233e-02;1.378516e-02
5.405781e-02;1.125306e-01;7.733409e-02;3.844830e-02;4.294817e-02;2.879425e-01;7.776511e-02;1.905763e-01;4.557118e-02;3.588337e-02;2.242072e-02;1.452180e-02
6.585843e-02;7.656130e-02;8.111487e-02;3.565362e-02;5.211723e-02;3.974850e-01;5.948983e-02;1.317310e-01;2.366336e-02;4.362348e-02;1.355444e-02;1.914746e-02
5.386320e-02;6.373335e-02;1.155090e-01;2.301212e-02;4.762948e-02;4.285591e-01;5.138912e-02;1.078853e-01;3.752039e-02;3.048709e-02;1.000901e-02;3.040282e-02
2.563103e-02;7.711165e-02;1.604592e-01;2.103962e-02;4.123912e-02;3.701336e-01;3.634385e-02;1.455503e-01;6.277092e-02;1.707902e-02;1.394296e-02;2.869876e-02
2.156799e-02;7.374417e-02;2.094410e-01;3.463496e-02;3.378551e-02;2.736318e-01;4.426247e-02;1.866874e-01;6.639852e-02;2.095267e-02;1.211404e-02;2.277957e-02
4.430707e-02;1.439039e-01;2.619159e-01;3.895720e-02;4.722068e-02;9.078795e-02;6.715391e-02;1.759557e-01;5.604196e-02;2.947802e-02;1.797092e-02;2.630681e-02
3.848969e-02;1.366218e-01;1.839348e-01;6.691141e-02;5.440614e-02;1.449662e-01;9.698422e-02;1.607171e-01;3.644166e-02;3.879269e-02;1.552970e-02;2.620452e-02
3.111383e-02;5.641530e-02;8.813517e-02;8.652748e-02;7.101541e-02;1.776540e-01;1.297793e-01;2.045344e-01;4.979426e-02;5.672556e-02;1.708982e-02;3.121542e-02
6.785489e-02;8.289538e-02;4.427476e-02;7.329823e-02;6.370292e-02;1.239232e-01;1.352881e-01;2.071418e-01;5.069046e-02;7.828701e-02;2.212696e-02;5.051626e-02
1.011627e-01;8.309199e-02;6.780171e-02;4.893230e-02;5.704809e-02;1.569380e-01;1.296652e-01;1.423701e-01;5.978692e-02;6.552125e-02;1.971689e-02;6.796487e-02
1.055679e-01;8.308414e-02;9.592831e-02;5.101521e-02;5.329954e-02;1.607989e-01;1.067694e-01;1.035168e-01;7.355081e-02;5.965628e-02;3.036708e-02;7.644562e-02
6.356443e-02;9.181023e-02;9.642379e-02;5.674274e-02;4.092610e-02;1.719726e-01;7.413795e-02;1.576929e-01;8.865441e-02;5.810461e-02;4.316617e-02;5.680409e-02
3.980647e-02;9.322499e-02;6.621304e-02;6.069134e-02;5.248917e-02;2.359620e-01;6.162030e-02;1.719696e-01;4.772345e-02;9.365184e-02;3.827984e-02;3.836797e-02
5.738434e-02;9.423091e-02;4.306712e-02;5.489742e-02;6.170378e-02;3.085021e-01;4.506132e-02;1.503044e-01;2.145959e-02;1.164092e-01;2.081208e-02;2.616784e-02
7.133242e-02;9.293314e-02;5.414680e-02;3.354388e-02;6.614454e-02;3.561928e-01;2.431286e-02;1.335800e-01;3.317228e-02;1.027554e-01;1.337215e-02;1.851380e-02
7.999982e-02;6.539981e-02;4.795717e-02;3.184982e-02;5.778050e-02;4.068162e-01;2.342498e-02;1.392359e-01;3.923310e-02;8.155753e-02;1.122634e-02;1.551884e-02
7.293356e-02;6.866817e-02;4.807816e-02;3.801781e-02;6.076663e-02;4.124427e-01;2.714527e-02;1.292346e-01;3.799989e-02;6.223429e-02;2.011288e-02;2.236594e-02
5.638982e-02;6.827817e-02;6.268116e-02;4.165092e-02;6.158301e-02;3.748379e-01;2.529523e-02;1.270261e-01;3.757670e-02;6.852336e-02;3.904267e-02;3.711498e-02
4.317788e-02;7.328203e-02;9.310634e-02;6.024067e-02;6.159631e-02;3.002953e-01;3.694190e-02;1.075986e-01;6.443493e-02;5.483135e-02;5.272315e-02;5.177150e-02
3.468953e-02;7.793871e-02;1.048208e-01;8.903109e-02;6.435070e-02;2.366695e-01;4.496441e-02;6.821590e-02;9.424955e-02;5.259982e-02;4.556195e-02;8.690816e-02
2.748952e-02;9.015326e-02;1.010387e-01;7.645065e-02;6.576217e-02;2.041141e-01;5.048968e-02;9.044169e-02;9.435467e-02;8.111268e-02;3.555547e-02;8.303740e-02
2.733948e-02;9.606184e-02;1.314923e-01;8.459191e-02;8.836132e-02;1.736322e-01;3.760340e-02;1.313168e-01;7.930543e-02;6.966960e-02;3.970155e-02;4.092414e-02
2.915489e-02;9.152567e-02;1.256606e-01;7.283577e-02;1.262100e-01;1.483352e-01;6.333078e-02;1.067635e-01;8.064398e-02;8.789004e-02;4.685898e-02;2.079061e-02
3.793794e-02;9.181129e-02;1.137336e-01;1.528462e-01;1.423047e-01;1.356427e-01;7.647991e-02;5.455778e-02;5.375074e-02;9.276189e-02;3.694189e-02;1.123128e-02
4.843708e-02;8.399066e-02;1.112972e-01;2.510307e-01;1.292812e-01;9.725443e-02;7.229332e-02;8.111863e-02;3.899167e-02;6.028602e-02;1.664320e-02;9.375962e-03
5.451115e-02;5.510274e-02;7.898597e-02;2.089762e-01;1.093970e-01;8.030209e-02;1.010375e-01;1.212221e-01;5.848286e-02;9.130145e-02;2.370694e-02;1.697402e-02
5.637549e-02;3.398902e-02;6.069891e-02;1.181050e-01;1.221942e-01;1.205847e-01;9.653278e-02;1.592488e-01;1.076476e-01;8.960096e-02;1.317246e-02;2.185009e-02
5.204890e-02;4.390418e-02;8.579383e-02;8.707611e-02;1.302087e-01;1.948015e-01;6.180263e-02;1.271761e-01;1.197507e-01;5.295090e-02;1.124853e-02;3.323798e-02
5.078274e-02;6.295697e-02;1.185205e-01;6.013176e-02;1.350974e-01;2.354745e-01;9.227412e-02;7.805187e-02;6.267728e-02;4.037745e-02;1.747528e-02;4.618014e-02
3.599858e-02;4.181303e-02;1.352189e-01;3.856126e-02;1.646510e-01;2.750100e-01;1.078700e-01;4.974740e-02;4.287585e-02;3.713430e-02;1.446408e-02;5.665558e-02
7.305652e-02;3.866552e-02;1.430696e-01;3.453246e-02;1.679727e-01;3.090530e-01;7.114326e-02;2.597974e-02;4.293860e-02;2.815155e-02;1.672683e-02;4.871017e-02
1.148090e-01;6.974721e-02;9.604570e-02;6.125585e-02;9.531598e-02;3.610456e-01;2.647940e-02;6.673115e-02;2.222561e-02;4.099595e-02;1.375676e-02;3.159185e-02
1.225265e-01;1.066535e-01;5.708588e-02;1.342313e-01;4.037400e-02;3.381657e-01;2.115518e-02;7.806210e-02;1.429376e-02;5.865114e-02;5.584341e-03;2.321661e-02
1.019178e-01;1.619789e-01;6.229309e-02;1.866101e-01;2.700305e-02;2.678840e-01;2.625519e-02;6.735912e-02;1.093062e-02;6.462917e-02;7.802763e-03;1.533622e-02
8.045740e-02;2.009216e-01;8.385760e-02;2.050254e-01;1.604081e-02;2.191811e-01;4.351535e-02;5.702909e-02;1.093484e-02;6.310444e-02;9.701607e-03;1.023068e-02
8.021820e-02;1.782287e-01;8.959131e-02;2.135797e-01;1.764606e-02;2.105952e-01;7.520308e-02;4.207367e-02;1.035593e-02;6.328981e-02;8.829558e-03;1.038885e-02
9.375320e-02;1.164644e-01;6.776594e-02;2.221858e-01;3.074780e-02;2.459013e-01;8.416878e-02;3.275968e-02;1.028623e-02;7.825334e-02;6.262357e-03;1.145124e-02
1.166578e-01;5.510503e-02;4.314853e-02;1.881330e-01;3.731321e-02;3.119763e-01;7.411963e-02;4.567157e-02;1.368577e-02;9.617789e-02;4.962989e-03;1.304821e-02
1.414678e-01;4.958731e-02;4.378955e-02;1.102594e-01;3.583581e-02;3.524948e-01;4.750497e-02;6.779983e-02;2.088926e-02;1.038235e-01;1.597789e-02;1.056994e-02
1.538570e-01;4.878838e-02;3.986938e-02;5.983035e-02;2.915492e-02;3.438520e-01;5.872953e-02;8.164190e-02;2.912908e-02;9.960432e-02;2.117157e-02;3.437152e-02
1.367552e-01;4.141976e-02;2.543277e-02;4.937108e-02;3.478944e-02;3.370416e-01;4.718080e-02;7.267397e-02;5.016206e-02;9.957366e-02;2.514887e-02;8.045074e-02
7.720504e-02;6.829459e-02;4.999375e-02;5.153621e-02;6.953084e-02;2.890823e-01;5.108647e-02;5.352530e-02;9.026961e-02;7.560250e-02;2.839888e-02;9.547450e-02
5.434524e-02;8.572054e-02;9.953925e-02;3.329689e-02;1.012767e-01;2.537685e-01;5.361500e-02;4.179867e-02;1.167035e-01;6.229991e-02;3.242883e-02;6.520685e-02
2.859493e-02;8.072849e-02;1.444246e-01;3.680155e-02;1.288137e-01;2.044406e-01;8.591313e-02;5.636794e-02;1.241302e-01;4.032933e-02;3.318698e-02;3.626845e-02
3.570203e-02;7.281590e-02;1.606443e-01;6.557768e-02;1.350266e-01;1.512383e-01;8.329868e-02;5.622491e-02;1.182945e-01;3.839211e-02;2.667856e-02;5.610644e-02
2.541282e-02;8.046947e-02;1.292483e-01;4.796908e-02;1.319461e-01;1.575239e-01;8.924879e-02;5.136991e-02;1.258488e-01;6.089469e-02;2.983006e-02;7.023811e-02
2.482090e-02;8.027150e-02;8.717892e-02;4.568357e-02;1.362780e-01;1.482303e-01;1.256736e-01;7.776389e-02;1.216460e-01;4.915331e-02;3.054711e-02;7.275284e-02
4.435059e-02;7.280663e-02;9.600625e-02;6.765540e-02;1.037155e-01;1.536863e-01;1.409839e-01;8.072729e-02;8.914332e-02;8.043454e-02;1.441601e-02;5.607425e-02
5.441302e-02;9.210084e-02;1.196723e-01;8.043052e-02;3.929803e-02;1.898372e-01;1.022756e-01;8.191808e-02;6.656205e-02;1.074285e-01;1.926315e-02;4.680071e-02
7.071058e-02;7.135312e-02;1.033664e-01;8.507662e-02;4.637305e-02;2.037874e-01;7.202774e-02;1.020205e-01;8.969522e-02;9.037957e-02;2.426361e-02;4.094616e-02
7.279264e-02;6.365586e-02;9.074115e-02;1.049896e-01;3.611171e-02;2.361892e-01;1.056436e-01;1.032937e-01;7.035969e-02;5.446145e-02;3.439101e-02;2.737025e-02
5.926871e-02;1.118828e-01;6.808168e-02;1.185772e-01;5.769078e-02;2.141476e-01;1.108458e-01;1.248173e-01;5.411373e-02;2.395088e-02;4.288640e-02;1.373712e-02
