2.702103e-02;2.945335e-02;2.641379e-01;7.604324e-02;1.399902e-01;6.930208e-02;1.307898e-01;9.891241e-02;4.613195e-02;5.875994e-02;3.488551e-02;2.457263e-02
6.237115e-02;6.606836e-02;1.826068e-01;7.557718e-02;1.397384e-01;8.891986e-02;1.295108e-01;4.308177e-02;7.459579e-02;5.710896e-02;2.719853e-02;5.322247e-02
8.510795e-02;6.003129e-02;1.180952e-01;7.439070e-02;1.396855e-01;9.456155e-02;1.570959e-01;4.484284e-02;8.531445e-02;3.171613e-02;3.022412e-02;7.893441e-02
9.912376e-02;3.546315e-02;1.311151e-01;6.122302e-02;1.510598e-01;8.836214e-02;1.277775e-01;3.084875e-02;1.011008e-01;3.413179e-02;3.004985e-02;1.097443e-01
1.169032e-01;4.178905e-02;1.108345e-01;3.873581e-02;1.511083e-01;8.346539e-02;1.010023e-01;1.824586e-02;1.266680e-01;4.255179e-02;2.086712e-02;1.478286e-01
1.192520e-01;4.874967e-02;1.152117e-01;3.404450e-02;1.155305e-01;7.293098e-02;9.035172e-02;1.814606e-02;1.195823e-01;5.208389e-02;4.328116e-02;1.708355e-01
9.621315e-02;3.720652e-02;1.626249e-01;4.616408e-02;8.855758e-02;6.543552e-02;6.793924e-02;2.871600e-02;9.275894e-02;6.403574e-02;8.504486e-02;1.653035e-01
6.301673e-02;3.165701e-02;2.426688e-01;5.848437e-02;5.786389e-02;4.466273e-02;9.242098e-02;4.030392e-02;5.809776e-02;6.420285e-02;1.073782e-01;1.392427e-01
5.135011e-02;5.235676e-02;2.680135e-01;6.288926e-02;1.191749e-01;5.390631e-02;1.061754e-01;2.831106e-02;5.407793e-02;4.217475e-02;8.480688e-02;7.676309e-02
1.105320e-01;4.919041e-02;1.801740e-01;3.533200e-02;1.626044e-01;8.840182e-02;1.114746e-01;3.289488e-02;6.937585e-02;4.393443e-02;3.613896e-02;7.994672e-02
1.372611e-01;4.101961e-02;5.809648e-02;4.853335e-02;1.644399e-01;1.045888e-01;1.348558e-01;3.689662e-02;9.126752e-02;4.510622e-02;3.298081e-02;1.049537e-01
1.219486e-01;2.643329e-02;1.725703e-01;5.644062e-02;1.514375e-01;9.189144e-02;1.535351e-01;1.835264e-02;7.082856e-02;3.839329e-02;3.944445e-02;5.872423e-02
1.183984e-01;3.542534e-02;2.141727e-01;5.117311e-02;1.212057e-01;8.141326e-02;1.211254e-01;5.522777e-02;6.180478e-02;5.355793e-02;2.283649e-02;6.365917e-02
1.041796e-01;4.363842e-02;1.012780e-01;7.052161e-02;7.291170e-02;9.124317e-02;1.285249e-01;8.974343e-02;8.410189e-02;9.910001e-02;4.240513e-02;7.235222e-02
9.133314e-02;4.020562e-02;9.927522e-02;8.382736e-02;7.840184e-02;8.803146e-02;1.242759e-01;7.269402e-02;7.098057e-02;1.155092e-01;6.174439e-02;7.372126e-02
1.233181e-01;8.351608e-02;1.259076e-01;9.024558e-02;8.514528e-02;6.272206e-02;1.290720e-01;4.755180e-02;5.900624e-02;8.934265e-02;6.354129e-02;4.063127e-02
1.450288e-01;1.539173e-01;1.086938e-01;5.115583e-02;1.133371e-01;5.417573e-02;1.845712e-01;3.518936e-02;4.582745e-02;4.756838e-02;4.534831e-02;1.518676e-02
1.293505e-01;1.599759e-01;1.221132e-01;2.035664e-02;1.327216e-01;6.460327e-02;2.146607e-01;4.252489e-02;3.234774e-02;2.847675e-02;3.798864e-02;1.488026e-02
1.031055e-01;1.232868e-01;1.510897e-01;5.903906e-02;1.382178e-01;8.172719e-02;1.843739e-01;4.449197e-02;2.796588e-02;2.832691e-02;3.348799e-02;2.488741e-02
5.478776e-02;6.583294e-02;2.107065e-01;9.905859e-02;1.221655e-01;9.594923e-02;1.643015e-01;5.529273e-02;3.674216e-02;2.888625e-02;3.666468e-02;2.961228e-02
3.397471e-02;5.228810e-02;2.533654e-01;9.041569e-02;1.032906e-01;8.459012e-02;1.583403e-01;9.243590e-02;2.651727e-02;3.287749e-02;3.327487e-02;3.862949e-02
3.175003e-02;4.361520e-02;2.669882e-01;1.164135e-01;8.408634e-02;1.127435e-01;9.611168e-02;8.540257e-02;6.450873e-02;3.914574e-02;1.687968e-02;4.235481e-02
3.709378e-02;3.492234e-02;2.057548e-01;1.755576e-01;6.504219e-02;1.231067e-01;7.210408e-02;5.312265e-02;1.266023e-01;5.150521e-02;2.246021e-02;3.272809e-02
7.927150e-02;3.210353e-02;1.049311e-01;2.239466e-01;8.659909e-02;6.633368e-02;8.398214e-02;3.569190e-02;1.942766e-01;4.804068e-02;2.765156e-02;1.717169e-02
1.191859e-01;3.096782e-02;4.970487e-02;2.278357e-01;1.007470e-01;3.404890e-02;9.794704e-02;3.422450e-02;2.067136e-01;6.623109e-02;2.008194e-02;1.231169e-02
1.273574e-01;5.098683e-02;3.639376e-02;1.953187e-01;1.270419e-01;4.234067e-02;7.414477e-02;3.071062e-02;1.573309e-01;1.341770e-01;1.470591e-02;9.491468e-03
7.237204e-02;1.369622e-01;1.513851e-02;1.114104e-01;2.341742e-01;5.297161e-02;3.148324e-02;2.052872e-02;6.795071e-02;2.378484e-01;1.110252e-02;8.057547e-03
1.603877e-02;1.874222e-01;9.900144e-03;4.600347e-02;2.421548e-01;4.502963e-02;2.256044e-02;3.943883e-02;9.168100e-02;2.665595e-01;2.266728e-02;1.054402e-02
2.020227e-02;1.791327e-01;2.705454e-02;2.514060e-02;1.946709e-01;8.142069e-02;3.387817e-02;6.738477e-02;6.882513e-02;2.216946e-01;7.283742e-02;7.758139e-03
1.361849e-02;1.180444e-01;8.840307e-02;3.273108e-02;1.258167e-01;2.083189e-01;4.898258e-02;5.077833e-02;2.853831e-02;1.109547e-01;1.584088e-01;1.540460e-02
1.550526e-02;5.329826e-02;1.399991e-01;2.833108e-02;5.319913e-02;2.843872e-01;9.199486e-02;4.607619e-02;4.743185e-02;2.786787e-02;1.905490e-01;2.136028e-02
1.894553e-02;2.415100e-02;1.316806e-01;2.746717e-02;4.259739e-02;2.492069e-01;1.554610e-01;5.649690e-02;6.777147e-02;3.042059e-02;1.548219e-01;4.097952e-02
1.457763e-02;1.753061e-02;1.144126e-01;2.595773e-02;6.387825e-02;2.725652e-01;1.361240e-01;3.555582e-02;7.576758e-02;5.042845e-02;1.475811e-01;4.562099e-02
3.159894e-02;2.893653e-02;8.053190e-02;3.931572e-02;1.172824e-01;2.489349e-01;8.012633e-02;3.179043e-02;8.470148e-02;7.007129e-02;1.534740e-01;3.323607e-02
4.916249e-02;1.882252e-02;7.080614e-02;7.898895e-02;1.329442e-01;2.007265e-01;6.973057e-02;3.559137e-02;1.172458e-01;9.111739e-02;1.172383e-01;1.762569e-02
3.996373e-02;3.445506e-02;7.161002e-02;7.877152e-02;1.001347e-01;1.679363e-01;9.837515e-02;5.093733e-02;9.922394e-02;1.131215e-01;1.071827e-01;3.828815e-02
2.386995e-02;2.432284e-02;8.119327e-02;7.349090e-02;1.082781e-01;1.239467e-01;1.120825e-01;5.262664e-02;8.717459e-02;1.463797e-01;1.342586e-01;3.237612e-02
2.703489e-02;3.498489e-02;9.732668e-02;7.347360e-02;1.120593e-01;1.887953e-01;1.104615e-01;5.223570e-02;8.906300e-02;9.542362e-02;9.456091e-02;2.458061e-02
2.322757e-02;2.987901e-02;1.268425e-01;6.907497e-02;1.436549e-01;1.556957e-01;1.227808e-01;5.326181e-02;5.733144e-02;6.155943e-02;1.074509e-01;4.924102e-02
3.173193e-02;2.511699e-02;1.296372e-01;5.322631e-02;1.003643e-01;1.576005e-01;1.409852e-01;5.281853e-02;8.795435e-02;6.616688e-02;1.005595e-01;5.383825e-02
4.510467e-02;5.553344e-02;1.338948e-01;8.337589e-02;4.646395e-02;1.620843e-01;1.517064e-01;4.554607e-02;8.695493e-02;7.274921e-02;9.151696e-02;2.506934e-02
6.038554e-02;5.886201e-02;1.430600e-01;8.354604e-02;6.734431e-02;1.168129e-01;1.027274e-01;5.790364e-02;9.141120e-02;7.236794e-02;1.154873e-01;3.009170e-02
8.646741e-02;5.837016e-02;1.267046e-01;4.792993e-02;5.891170e-02;1.274390e-01;9.720553e-02;4.990383e-02;9.470330e-02;7.557872e-02;1.161343e-01;6.065150e-02
7.940436e-02;7.850791e-02;1.128925e-01;6.344453e-02;5.178125e-02;8.522195e-02;9.717067e-02;8.683692e-02;1.105659e-01;6.361662e-02;1.030380e-01;6.751936e-02
6.717853e-02;7.192168e-02;1.263317e-01;7.593268e-02;9.211141e-02;6.643263e-02;8.897796e-02;7.339252e-02;9.267616e-02;1.074546e-01;9.496031e-02;4.262986e-02
6.592452e-02;6.443337e-02;7.985672e-02;6.849081e-02;1.333843e-01;7.273433e-02;8.330728e-02;6.700965e-02;6.894679e-02;1.699803e-01;9.054275e-02;3.538919e-02
8.851279e-02;5.009053e-02;4.201336e-02;7.204512e-02;1.261910e-01;7.777834e-02;9.101235e-02;7.568983e-02;7.216912e-02;1.860745e-01;8.523615e-02;3.318688e-02
1.114153e-01;2.286102e-02;6.054692e-02;1.040117e-01;8.504594e-02;6.795625e-02;1.334727e-01;1.010123e-01;7.797506e-02;1.300994e-01;6.637049e-02;3.923302e-02
8.981127e-02;3.529640e-02;4.886876e-02;1.005264e-01;5.232996e-02;6.330407e-02;1.382621e-01;1.484901e-01;1.212011e-01;8.672597e-02;4.226880e-02;7.291508e-02
5.021184e-02;6.099471e-02;1.663611e-01;6.227932e-02;3.415583e-02;4.953932e-02;1.239445e-01;1.552359e-01;1.222534e-01;6.163184e-02;3.240108e-02;8.099111e-02
2.877596e-02;6.213460e-02;2.534017e-01;4.236563e-02;2.240843e-02;2.723347e-02;1.464403e-01;1.742016e-01;9.356858e-02;3.606057e-02;3.593142e-02;7.747778e-02
1.937158e-02;6.879086e-02;2.976307e-01;2.948936e-02;1.271546e-02;1.520799e-02;1.978280e-01;1.611394e-01;3.824911e-02;1.864222e-02;6.283022e-02;7.810511e-02
4.193637e-02;1.143721e-01;2.296378e-01;1.726451e-02;1.296056e-02;1.907321e-02;2.576419e-01;9.916757e-02;1.783090e-02;2.163257e-02;1.139865e-01;5.449605e-02
9.468392e-02;1.562787e-01;1.282325e-01;8.926221e-03;1.553518e-02;4.457315e-02;2.821505e-01;5.043124e-02;2.802591e-02;4.453766e-02;1.218287e-01;2.479631e-02
1.798998e-01;1.430495e-01;6.676010e-02;7.463153e-03;2.475784e-02;9.048646e-02;2.322977e-01;2.641066e-02;4.442647e-02;9.244626e-02;7.862312e-02;1.337893e-02
2.455727e-01;7.458854e-02;4.556089e-02;8.910402e-03;4.980475e-02;1.284266e-01;1.446839e-01;1.980839e-02;9.769826e-02;1.232386e-01;3.061975e-02;3.108717e-02
2.439425e-01;2.943636e-02;3.153911e-02;1.106159e-02;8.768658e-02;1.279379e-01;8.208205e-02;1.786035e-02;1.823019e-01;1.054949e-01;1.813901e-02;6.251771e-02
1.845079e-01;2.144840e-02;3.527878e-02;2.011725e-02;1.152999e-01;8.811836e-02;7.682748e-02;2.394978e-02;2.526207e-01;7.560423e-02;2.621410e-02;8.001309e-02
1.048339e-01;2.745069e-02;6.315572e-02;4.270056e-02;1.262886e-01;5.408408e-02;6.391699e-02;7.722146e-02;2.449879e-01;5.472072e-02;5.916140e-02;8.147808e-02
1.501101e-02;2.199411e-02;1.496398e-01;7.578536e-02;9.358618e-02;3.205199e-02;5.332560e-02;1.618887e-01;1.737027e-01;5.589617e-02;1.088208e-01;5.829755e-02
5.025620e-02;2.342104e-02;2.224310e-01;7.078388e-02;4.693276e-02;2.292391e-02;6.117602e-02;1.811415e-01;1.098248e-01;6.788760e-02;1.153368e-01;2.788462e-02
5.534551e-02;9.203460e-03;2.625821e-01;4.596309e-02;3.992874e-02;3.241086e-02;1.201438e-01;1.287714e-01;6.370462e-02;1.299034e-01;9.584301e-02;1.620002e-02
6.666600e-02;3.785101e-02;2.660876e-01;2.336946e-02;3.393154e-02;3.274240e-02;1.343567e-01;7.899198e-02;3.726162e-02;1.873652e-01;6.302411e-02;3.835235e-02
8.922461e-02;5.260452e-02;2.002171e-01;2.925380e-02;3.726927e-02;5.178499e-02;1.100564e-01;7.234531e-02;9.380544e-02;1.559914e-01;3.427480e-02;7.317241e-02
1.151737e-01;4.330112e-02;1.332717e-01;5.058253e-02;5.892546e-02;7.043556e-02;1.537370e-01;6.545231e-02;7.342114e-02;8.937028e-02;5.737658e-02;8.895256e-02
1.145834e-01;2.500999e-02;1.571052e-01;5.747054e-02;6.767052e-02;7.747187e-02;1.715174e-01;8.608948e-02;3.029982e-02;6.229872e-02;6.481004e-02;8.567304e-02
1.119617e-01;3.693868e-02;2.094752e-01;5.820839e-02;6.784230e-02;7.378653e-02;1.218244e-01;9.492837e-02;8.791576e-02;4.288817e-02;4.677547e-02;4.745506e-02
7.864563e-02;4.968219e-02;2.086734e-01;5.242432e-02;6.029496e-02;3.880830e-02;1.216805e-01;1.010771e-01;1.084937e-01;9.143905e-02;6.149886e-02;2.728196e-02
1.198622e-01;6.106738e-02;1.984765e-01;6.429169e-02;4.793920e-02;4.281445e-02;1.266829e-01;7.766391e-02;7.061806e-02;8.851408e-02;5.876446e-02;4.330521e-02
1.275647e-01;6.707172e-02;2.075356e-01;7.651465e-02;6.662054e-02;6.757800e-02;1.280835e-01;3.470841e-02;7.528356e-02;4.730652e-02;4.413122e-02;5.760152e-02
4.997564e-02;6.168764e-02;1.953302e-01;7.227420e-02;7.535613e-02;8.058543e-02;1.452655e-01;6.409707e-02;1.092383e-01;6.472138e-02;3.427830e-02;4.719019e-02
1.233824e-01;6.696986e-02;2.213488e-01;5.567469e-02;8.486502e-02;6.719544e-02;7.048564e-02;7.186359e-02;6.696585e-02;6.375048e-02;4.120414e-02;6.629411e-02
1.223313e-01;5.539040e-02;2.799436e-01;4.458123e-02;6.891779e-02;5.345106e-02;1.091774e-01;4.537821e-02;5.468725e-02;5.546250e-02;5.365672e-02;5.702265e-02
1.250281e-01;4.246670e-02;2.367761e-01;4.180160e-02;5.011955e-02;8.291659e-02;1.662220e-01;4.931971e-02;5.997484e-02;6.578227e-02;4.245509e-02;3.713737e-02
1.667288e-01;6.757341e-02;1.606388e-01;3.455525e-02;4.547628e-02;8.984876e-02;1.294610e-01;9.142315e-02;6.300448e-02;5.675175e-02;4.565813e-02;4.888020e-02
1.041825e-01;6.490181e-02;9.558212e-02;6.968302e-02;7.550535e-02;8.586212e-02;1.178631e-01;1.054645e-01;9.145004e-02;1.133563e-01;3.984372e-02;3.630546e-02
4.488049e-02;3.129450e-02;7.562216e-02;8.594687e-02;9.874763e-02;1.079756e-01;1.441524e-01;7.767985e-02;1.005857e-01;1.311823e-01;4.945483e-02;5.247768e-02
3.771353e-02;5.194534e-02;1.011548e-01;8.717044e-02;1.002925e-01;1.018102e-01;1.444785e-01;5.929383e-02;8.821497e-02;1.277300e-01;5.714864e-02;4.304729e-02
1.488118e-01;1.112867e-01;1.216654e-01;5.114354e-02;5.815855e-02;6.741064e-02;1.298913e-01;4.041022e-02;5.450891e-02;1.084962e-01;6.234024e-02;4.587664e-02
2.377858e-01;1.414005e-01;8.957253e-02;3.111976e-02;3.982832e-02;6.038405e-02;1.079519e-01;3.596859e-02;5.815784e-02;1.027808e-01;4.243029e-02;5.261960e-02
2.866877e-01;1.280704e-01;6.269887e-02;2.051609e-02;3.811037e-02;8.358286e-02;9.765834e-02;4.256791e-02;6.412665e-02;1.053117e-01;1.835883e-02;5.231016e-02
2.786935e-01;9.538141e-02;4.271791e-02;1.499308e-02;3.206035e-02;9.714106e-02;1.336611e-01;3.970383e-02;6.044307e-02;1.450057e-01;2.057792e-02;3.962114e-02
2.165897e-01;1.088759e-01;3.042432e-02;1.380501e-02;2.230397e-02;7.918275e-02;2.122414e-01;2.774070e-02;4.824878e-02;1.518562e-01;6.812914e-02;2.060226e-02
1.071794e-01;1.208792e-01;5.734042e-02;1.132905e-02;1.653267e-02;4.681595e-02;2.568097e-01;6.714020e-02;5.358864e-02;9.760720e-02;1.277134e-01;3.706418e-02
2.919670e-02;8.405028e-02;1.285377e-01;2.466590e-02;1.352996e-02;3.635693e-02;1.994184e-01;1.287831e-01;8.796728e-02;4.421926e-02;1.250460e-01;9.822839e-02
9.410983e-02;4.909525e-02;1.311895e-01;5.693820e-02;2.588390e-02;2.458902e-02;1.045984e-01;1.025491e-01;1.757630e-01;6.665674e-02;6.674671e-02;1.018805e-01
1.368359e-01;7.704530e-02;7.238544e-02;6.957390e-02;6.483383e-02;2.084883e-02;6.768329e-02;4.178858e-02;2.005464e-01;1.495791e-01;5.750271e-02;4.137671e-02
9.733224e-02;1.016169e-01;5.604116e-02;4.588764e-02;7.968114e-02;7.303229e-02;3.533460e-02;2.832785e-02;9.868596e-02;1.921841e-01;1.642361e-01;2.763999e-02
4.650986e-02;7.106535e-02;9.738995e-02;3.132886e-02;5.194128e-02;1.304031e-01;7.095934e-02;1.296901e-02;3.617278e-02;1.164548e-01;2.576173e-01;7.718837e-02
2.966211e-02;1.851026e-02;8.533845e-02;5.309181e-02;2.681179e-02;1.114542e-01;1.946318e-01;3.308068e-02;3.513404e-02;2.318467e-02;2.073853e-01;1.817149e-01
8.000851e-02;1.509855e-02;3.645417e-02;8.258903e-02;2.195609e-02;5.202389e-02;2.641668e-01;8.406965e-02;1.883316e-02;2.833657e-02;9.153622e-02;2.249273e-01
2.132680e-01;2.461385e-02;1.420993e-02;6.815399e-02;4.384011e-02;1.648375e-02;2.110209e-01;1.723629e-01;2.838891e-02;2.873878e-02;2.440921e-02;1.545096e-01
3.259332e-01;5.552179e-02;2.083634e-02;2.828319e-02;7.615142e-02;1.002022e-02;1.036668e-01;2.143884e-01;6.225720e-02;2.083639e-02;2.168340e-02;6.042167e-02
3.542323e-01;1.162086e-01;2.756606e-02;1.070615e-02;7.786034e-02;1.566907e-02;3.628341e-02;1.757507e-01;1.100360e-01;1.972348e-02;3.123486e-02;2.472902e-02
2.453722e-01;2.070428e-01;4.646184e-02;1.075564e-02;4.470931e-02;3.521905e-02;3.582925e-02;1.018784e-01;1.968432e-01;3.030249e-02;3.091025e-02;1.467556e-02
1.002190e-01;2.840580e-01;6.211966e-02;2.079716e-02;2.228737e-02;6.963207e-02;3.452307e-02;5.139220e-02;2.864570e-01;3.011309e-02;1.900294e-02;1.939839e-02
5.697995e-02;3.011460e-01;7.000183e-02;3.841167e-02;1.540668e-02;1.055360e-01;2.549407e-02;1.974286e-02;3.161405e-01;1.901807e-02;1.119125e-02;2.093115e-02
8.628649e-02;2.766486e-01;8.478805e-02;5.064851e-02;1.484536e-02;1.227173e-01;2.223209e-02;1.358826e-02;2.834919e-01;2.112162e-02;8.876259e-03;1.475564e-02
1.403499e-01;2.353434e-01;7.388543e-02;4.705235e-02;3.381466e-02;1.209921e-01;2.619336e-02;6.129255e-02;2.127369e-01;1.357377e-02;1.305291e-02;2.171268e-02
1.612902e-01;1.582780e-01;7.646760e-02;2.903676e-02;8.112387e-02;9.405471e-02;6.696494e-02;1.202702e-01;1.362266e-01;2.013240e-02;2.322995e-02;3.292482e-02
1.303405e-01;9.541485e-02;6.097482e-02;5.872168e-02;1.065570e-01;7.075334e-02;1.196527e-01;1.412396e-01;1.066415e-01;3.487141e-02;3.380930e-02;4.102344e-02
1.035192e-01;7.790719e-02;6.641164e-02;8.604977e-02;7.872605e-02;6.301976e-02;1.943298e-01;9.165781e-02;9.045551e-02;4.862865e-02;5.250428e-02;4.679039e-02
5.426497e-02;4.585645e-02;4.370648e-02;5.977812e-02;7.370746e-02;1.234988e-01;1.585869e-01;1.307097e-01;1.265621e-01;6.334361e-02;7.502546e-02;4.495998e-02
5.014189e-02;3.144806e-02;3.977191e-02;5.518816e-02;8.658066e-02;1.360006e-01;1.287114e-01;1.571836e-01;1.444262e-01;7.147355e-02;6.109630e-02;3.797770e-02
5.738910e-02;2.766209e-02;7.509540e-02;5.983944e-02;6.027343e-02;1.027935e-01;2.355528e-01;1.285052e-01;1.277844e-01;5.761033e-02;3.983906e-02;2.765520e-02
5.900691e-02;4.033371e-02;7.551791e-02;3.238507e-02;6.319780e-02;8.442385e-02;3.034807e-01;1.508560e-01;9.985083e-02;3.778088e-02;2.514352e-02;2.802270e-02
6.266063e-02;5.474656e-02;8.345165e-02;3.759927e-02;7.773976e-02;1.061467e-01;2.577205e-01;1.383125e-01;8.394644e-02;4.903243e-02;2.019831e-02;2.844525e-02
7.636331e-02;7.581550e-02;1.392028e-01;6.713190e-02;7.565922e-02;9.722040e-02;1.916413e-01;1.017308e-01;7.259807e-02;4.722367e-02;2.596558e-02;2.944736e-02
8.584327e-02;7.503261e-02;2.204901e-01;8.475385e-02;6.308768e-02;7.649410e-02;1.579895e-01;7.373955e-02;4.254613e-02;3.807648e-02;3.015932e-02;5.178750e-02
8.331822e-02;7.688568e-02;2.754054e-01;6.474853e-02;3.471745e-02;7.007626e-02;1.344784e-01;5.544823e-02;3.877161e-02;3.230186e-02;4.440977e-02;8.943860e-02
1.016914e-01;1.116978e-01;1.777471e-01;3.735144e-02;3.740969e-02;7.950890e-02;8.105976e-02;7.912567e-02;6.228003e-02;3.255365e-02;1.058827e-01;9.369192e-02
1.583781e-01;9.185578e-02;9.493965e-02;3.413885e-02;6.920794e-02;6.006572e-02;7.516132e-02;8.265630e-02;4.901536e-02;6.030284e-02;1.681852e-01;5.609298e-02
1.782159e-01;4.352492e-02;9.186754e-02;5.683674e-02;6.870521e-02;3.698976e-02;1.198678e-01;7.938215e-02;3.492165e-02;1.048705e-01;1.417063e-01;4.311148e-02
1.498908e-01;2.553838e-02;6.409447e-02;8.822193e-02;5.886207e-02;3.552557e-02;1.756026e-01;6.574600e-02;3.964255e-02;1.457294e-01;9.140955e-02;5.973664e-02
8.797630e-02;2.480603e-02;1.291609e-01;8.991447e-02;5.815656e-02;4.843039e-02;1.998877e-01;4.033359e-02;5.261850e-02;1.032415e-01;5.192059e-02;1.135534e-01
7.039769e-02;3.930640e-02;1.830335e-01;7.382014e-02;4.173718e-02;6.247842e-02;1.744072e-01;4.254421e-02;5.517890e-02;4.741811e-02;6.148113e-02;1.481971e-01
1.319398e-01;5.057361e-02;1.536382e-01;7.007817e-02;5.669560e-02;5.675165e-02;1.421934e-01;4.241418e-02;3.285758e-02;5.227142e-02;6.673180e-02;1.438546e-01
1.511248e-01;8.736586e-02;9.388338e-02;6.847442e-02;8.856859e-02;4.990683e-02;1.288751e-01;4.006295e-02;8.548865e-02;5.512811e-02;3.860284e-02;1.125185e-01
1.193463e-01;9.853207e-02;1.144330e-01;5.012286e-02;8.868496e-02;4.256937e-02;8.312356e-02;5.777173e-02;1.231573e-01;9.346354e-02;4.848108e-02;8.031418e-02
6.187448e-02;8.198822e-02;1.145872e-01;4.729924e-02;7.323597e-02;5.642453e-02;1.205141e-01;5.407807e-02;1.070454e-01;1.220883e-01;6.177709e-02;9.908743e-02
1.136593e-01;6.336596e-02;7.616859e-02;6.870870e-02;4.146174e-02;6.751300e-02;1.421144e-01;6.412347e-02;8.794789e-02;1.075248e-01;8.254620e-02;8.486592e-02
1.365703e-01;6.140473e-02;3.049989e-02;7.177490e-02;5.912257e-02;5.567703e-02;1.234911e-01;5.864093e-02;1.059263e-01;9.322391e-02;1.277537e-01;7.591452e-02
1.421840e-01;4.678456e-02;4.605607e-02;6.646471e-02;5.548393e-02;6.638402e-02;1.245128e-01;6.293893e-02;1.091210e-01;8.564065e-02;1.297886e-01;6.464074e-02
1.658636e-01;7.069106e-02;4.152080e-02;5.225553e-02;3.526698e-02;8.010463e-02;1.130197e-01;7.724372e-02;7.078961e-02;1.002308e-01;1.248227e-01;6.819095e-02
1.915986e-01;7.060506e-02;6.002417e-02;2.266569e-02;3.581806e-02;7.295191e-02;6.735706e-02;6.864713e-02;1.075425e-01;9.213281e-02;1.164661e-01;9.419084e-02
1.380053e-01;5.826751e-02;7.142314e-02;3.642592e-02;5.365576e-02;4.788282e-02;1.024064e-01;8.232112e-02;1.301966e-01;8.738463e-02;9.048557e-02;1.015452e-01
1.075500e-01;5.969484e-02;8.552444e-02;3.799377e-02;5.948200e-02;5.277275e-02;1.365276e-01;8.526711e-02;1.029174e-01;7.007524e-02;7.685757e-02;1.253373e-01
1.294992e-01;6.052613e-02;5.935745e-02;2.055837e-02;5.547145e-02;4.524086e-02;1.177724e-01;6.617776e-02;1.237352e-01;7.721066e-02;1.144544e-01;1.299961e-01
8.276206e-02;7.706749e-02;8.722464e-02;4.544180e-02;4.759217e-02;6.905776e-02;1.224195e-01;1.067126e-01;1.196840e-01;7.042965e-02;1.226904e-01;4.891799e-02
4.507207e-02;4.863438e-02;9.838973e-02;6.228439e-02;1.013516e-01;7.634158e-02;1.426403e-01;1.236921e-01;1.430573e-01;3.408936e-02;7.210284e-02;5.234431e-02
4.171726e-02;3.265763e-02;1.150079e-01;6.813280e-02;1.014484e-01;8.020457e-02;1.330465e-01;1.412340e-01;1.332224e-01;4.402808e-02;5.974308e-02;4.955748e-02
5.242634e-02;1.937437e-02;1.347650e-01;4.968432e-02;7.380727e-02;6.548382e-02;2.449985e-01;1.325266e-01;9.897847e-02;6.105724e-02;3.989067e-02;2.700740e-02
6.302612e-02;1.679079e-02;1.476303e-01;3.317845e-02;4.344683e-02;4.657379e-02;3.470434e-01;1.253577e-01;7.727561e-02;6.490719e-02;2.307184e-02;1.169792e-02
5.361214e-02;2.978830e-02;1.259388e-01;5.509907e-02;3.132660e-02;6.759508e-02;3.060350e-01;1.656069e-01;6.814065e-02;4.987748e-02;3.201459e-02;1.496528e-02
3.286139e-02;4.895155e-02;9.452466e-02;9.775318e-02;5.076079e-02;8.908278e-02;2.138658e-01;2.004056e-01;5.837686e-02;3.926602e-02;5.185577e-02;2.229560e-02
2.502299e-02;5.189388e-02;6.969099e-02;1.141346e-01;9.985387e-02;6.815900e-02;1.577338e-01;1.446168e-01;1.133787e-01;5.406768e-02;4.614710e-02;5.530056e-02
2.731455e-02;3.237675e-02;7.863219e-02;9.775399e-02;1.643144e-01;4.057406e-02;1.597718e-01;6.573343e-02;1.640157e-01;4.334994e-02;3.259815e-02;9.356499e-02
4.738390e-02;1.500729e-02;8.316605e-02;6.382633e-02;1.881287e-01;5.917171e-02;1.581356e-01;4.522206e-02;1.908621e-01;3.329802e-02;2.350376e-02;9.229443e-02
9.204679e-02;1.602970e-02;7.249214e-02;5.034917e-02;1.627145e-01;1.366321e-01;1.313332e-01;7.702538e-02;1.225501e-01;5.076206e-02;2.347501e-02;6.458979e-02
1.356906e-01;3.171152e-02;3.582570e-02;4.526493e-02;1.082707e-01;2.075578e-01;1.408173e-01;1.213031e-01;6.033880e-02;5.772943e-02;1.584629e-02;3.964387e-02
1.413569e-01;6.747954e-02;3.110165e-02;5.295694e-02;5.719912e-02;1.836937e-01;2.125466e-01;1.038386e-01;6.320192e-02;4.865609e-02;1.368768e-02;2.428128e-02
1.293668e-01;1.003787e-01;5.235909e-02;3.894011e-02;5.942197e-02;1.095359e-01;3.032299e-01;7.382834e-02;6.131954e-02;3.329995e-02;2.088968e-02;1.743003e-02
1.217861e-01;9.273992e-02;7.305765e-02;3.765754e-02;8.772155e-02;7.550395e-02;2.952445e-01;7.094779e-02;7.773987e-02;2.436259e-02;2.703396e-02;1.620458e-02
1.339012e-01;3.540839e-02;6.901593e-02;5.280524e-02;1.088431e-01;1.096275e-01;2.240506e-01;1.004079e-01;8.807314e-02;3.249869e-02;2.602569e-02;1.934281e-02
1.302242e-01;4.772909e-02;4.549126e-02;5.705228e-02;1.193338e-01;1.304655e-01;2.508548e-01;8.077767e-02;5.551801e-02;4.053970e-02;1.914982e-02;2.286378e-02
1.171461e-01;4.699373e-02;5.300185e-02;6.395914e-02;1.400755e-01;1.335908e-01;1.967279e-01;1.062025e-01;6.525513e-02;3.677509e-02;1.614089e-02;2.413149e-02
1.006523e-01;6.020090e-02;9.013631e-02;7.270940e-02;1.467725e-01;9.309196e-02;1.968245e-01;7.987192e-02;8.741374e-02;3.257377e-02;1.578415e-02;2.396851e-02
7.276166e-02;4.178971e-02;1.000959e-01;7.102441e-02;1.132922e-01;7.969417e-02;2.366028e-01;1.388092e-01;7.801189e-02;2.232109e-02;1.943696e-02;2.615998e-02
5.573311e-02;4.516161e-02;6.637123e-02;6.813919e-02;8.439115e-02;5.884906e-02;2.583509e-01;2.167450e-01;6.673750e-02;3.450109e-02;2.709166e-02;1.792844e-02
7.386968e-02;5.208240e-02;4.137567e-02;5.713518e-02;8.181815e-02;7.961678e-02;2.746199e-01;1.732634e-01;6.753487e-02;3.525627e-02;3.188185e-02;3.154579e-02
1.032627e-01;5.409583e-02;4.564426e-02;5.084706e-02;9.417894e-02;1.097923e-01;2.512192e-01;1.205528e-01;6.829631e-02;2.925879e-02;4.876421e-02;2.408751e-02
1.178658e-01;5.735810e-02;9.566756e-02;5.095704e-02;9.962973e-02;1.063940e-01;1.608595e-01;9.280770e-02;8.871197e-02;6.046241e-02;4.602318e-02;2.326307e-02
7.459327e-02;3.502085e-02;1.193294e-01;6.128199e-02;8.083765e-02;8.290794e-02;1.555130e-01;8.769681e-02;1.071700e-01;1.019921e-01;5.829979e-02;3.535715e-02
8.638677e-02;3.875612e-02;1.373976e-01;5.300201e-02;5.868731e-02;7.085849e-02;1.576056e-01;8.954260e-02;9.379793e-02;1.083464e-01;6.633649e-02;3.928263e-02
9.065874e-02;4.168031e-02;9.499830e-02;1.070465e-01;8.360635e-02;7.179413e-02;1.181237e-01;9.831199e-02;1.098761e-01;1.031482e-01;5.408509e-02;2.667048e-02
6.492972e-02;3.221217e-02;9.090497e-02;1.525117e-01;8.975400e-02;7.444545e-02;1.629791e-01;8.737032e-02;1.208024e-01;7.985584e-02;2.570327e-02;1.853103e-02
3.852746e-02;3.649637e-02;7.289498e-02;1.600826e-01;1.807788e-01;7.740296e-02;1.726789e-01;6.116031e-02;9.723669e-02;7.658789e-02;1.165219e-02;1.450089e-02
3.184774e-02;5.569160e-02;3.388270e-02;9.373277e-02;3.149463e-01;9.994083e-02;1.046834e-01;4.543601e-02;5.206495e-02;1.262395e-01;2.465658e-02;1.687767e-02
1.679867e-02;7.344954e-02;1.935176e-02;4.997873e-02;3.271637e-01;1.415348e-01;5.096179e-02;5.916460e-02;4.115269e-02;1.595327e-01;4.746964e-02;1.344147e-02
1.126706e-02;6.390847e-02;3.199716e-02;2.789303e-02;2.309936e-01;2.654932e-01;6.130547e-02;5.523505e-02;2.713903e-02;1.210132e-01;9.387967e-02;9.874996e-03
1.607149e-02;3.161225e-02;5.818918e-02;1.837243e-02;1.203546e-01;3.944664e-01;7.322676e-02;3.192398e-02;3.158026e-02;6.670415e-02;1.435930e-01;1.390554e-02
1.637413e-02;1.017851e-02;7.896809e-02;2.009995e-02;6.849117e-02;3.822408e-01;9.935220e-02;2.972422e-02;5.990924e-02;5.333284e-02;1.569685e-01;2.436039e-02
1.925132e-02;1.356272e-02;8.204406e-02;2.407500e-02;7.549279e-02;2.707407e-01;1.598592e-01;5.029399e-02;6.764141e-02;5.283427e-02;1.362725e-01;4.793207e-02
3.806638e-02;1.949026e-02;7.489629e-02;2.510450e-02;6.202151e-02;1.945973e-01;2.126662e-01;6.768214e-02;5.187495e-02;7.043168e-02;1.202248e-01;6.294394e-02
5.021093e-02;2.004534e-02;8.489042e-02;3.134192e-02;6.667075e-02;2.075248e-01;1.935477e-01;5.126942e-02;5.960700e-02;7.791619e-02;1.002585e-01;5.671703e-02
5.525009e-02;1.215373e-02;7.801250e-02;3.062652e-02;9.283654e-02;2.862139e-01;1.131462e-01;4.257559e-02;6.478112e-02;7.249910e-02;1.050216e-01;4.688310e-02
3.821924e-02;1.659575e-02;6.306601e-02;3.649424e-02;7.498908e-02;3.103929e-01;5.975297e-02;3.339621e-02;7.841253e-02;9.046528e-02;1.589448e-01;3.927100e-02
3.656575e-02;2.305184e-02;4.590894e-02;6.291313e-02;5.346564e-02;2.370939e-01;1.491079e-01;3.939239e-02;8.838202e-02;6.869039e-02;1.575209e-01;3.790725e-02
4.236686e-02;1.937290e-02;2.223180e-02;8.297037e-02;5.042558e-02;1.757810e-01;2.675435e-01;4.556364e-02;7.252741e-02;5.402296e-02;1.188216e-01;4.837240e-02
5.914439e-02;2.896066e-02;3.155696e-02;7.729770e-02;8.046219e-02;1.116747e-01;2.607178e-01;4.883560e-02;7.364555e-02;8.895734e-02;8.287831e-02;5.586873e-02
6.678949e-02;3.858526e-02;3.674445e-02;8.403078e-02;1.397709e-01;7.836022e-02;1.977475e-01;4.017897e-02;8.075427e-02;1.203831e-01;6.413212e-02;5.252299e-02
6.763782e-02;2.814220e-02;5.391053e-02;1.313910e-01;1.362992e-01;1.027555e-01;1.586617e-01;3.185745e-02;7.695469e-02;1.259512e-01;5.523390e-02;3.120491e-02
7.134356e-02;2.459401e-02;1.110830e-01;1.562368e-01;7.510255e-02;1.086373e-01;1.186129e-01;4.111331e-02;9.418815e-02;1.013086e-01;6.444714e-02;3.333273e-02
5.329954e-02;1.161124e-02;1.820938e-01;8.888059e-02;4.782408e-02;2.123856e-01;8.704662e-02;6.053384e-02;1.096508e-01;4.264128e-02;6.604630e-02;3.798628e-02
5.759706e-02;1.714184e-02;1.566060e-01;1.458438e-01;4.232971e-02;1.812100e-01;8.527719e-02;4.269533e-02;1.267519e-01;4.795445e-02;4.983285e-02;4.675983e-02
5.145002e-02;3.995144e-02;8.720814e-02;1.831422e-01;1.505354e-01;1.043029e-01;9.586418e-02;5.100301e-02;1.038724e-01;7.093676e-02;2.788282e-02;3.385079e-02
3.114322e-02;6.417606e-02;3.184576e-02;1.042711e-01;2.333564e-01;1.029849e-01;8.988746e-02;9.992885e-02;5.212413e-02;1.232527e-01;4.525119e-02;2.177814e-02
1.100622e-02;6.670798e-02;1.987063e-02;3.193588e-02;2.267778e-01;1.260625e-01;7.787985e-02;1.283786e-01;4.307071e-02;1.821264e-01;5.704287e-02;2.914063e-02
1.241363e-02;5.300076e-02;1.604135e-02;2.174983e-02;2.009436e-01;1.117101e-01;4.412569e-02;1.265959e-01;5.982919e-02;2.520146e-01;5.831575e-02;4.325967e-02
1.562917e-02;3.955610e-02;2.173472e-02;3.211708e-02;1.669762e-01;1.057104e-01;3.028480e-02;8.515388e-02;6.816047e-02;3.090625e-01;4.510166e-02;8.051305e-02
3.025694e-02;3.874896e-02;3.917356e-02;4.099121e-02;1.097240e-01;1.076573e-01;5.467681e-02;2.959568e-02;8.458353e-02;3.055402e-01;2.099000e-02;1.380618e-01
5.963833e-02;3.977361e-02;5.777587e-02;4.963237e-02;6.590848e-02;9.164792e-02;9.023356e-02;2.827905e-02;1.333932e-01;2.280010e-01;1.252802e-02;1.431886e-01
1.037602e-01;3.222867e-02;6.543219e-02;6.576227e-02;5.428969e-02;6.948935e-02;1.520506e-01;3.441039e-02;1.882983e-01;1.293277e-01;1.619104e-02;8.875960e-02
1.664499e-01;1.817339e-02;4.942288e-02;9.163707e-02;3.366616e-02;4.337199e-02;1.697370e-01;5.780113e-02;2.323548e-01;7.107577e-02;3.661351e-02;2.969643e-02
2.240944e-01;8.357721e-03;2.693184e-02;1.203130e-01;1.862849e-02;2.636763e-02;1.270542e-01;6.845071e-02;2.600601e-01;5.224728e-02;4.931719e-02;1.817739e-02
2.178213e-01;7.322189e-03;3.021773e-02;1.409554e-01;2.716355e-02;1.593278e-02;8.129755e-02;7.170007e-02;2.792375e-01;4.751492e-02;5.668459e-02;2.415243e-02
1.881390e-01;1.332191e-02;4.505717e-02;1.394076e-01;3.564852e-02;1.291871e-02;5.393693e-02;6.885396e-02;3.082477e-01;4.745170e-02;4.916510e-02;3.785161e-02
1.635975e-01;1.859173e-02;6.391241e-02;8.623630e-02;3.374327e-02;4.947038e-02;4.234967e-02;8.352713e-02;2.574208e-01;5.330809e-02;3.686434e-02;1.109784e-01
1.048432e-01;2.138732e-02;8.823396e-02;3.005778e-02;2.453353e-02;8.635680e-02;5.544520e-02;1.292834e-01;1.730661e-01;4.999170e-02;3.272676e-02;2.040742e-01
5.532083e-02;1.630709e-02;1.148489e-01;1.870977e-02;1.191755e-02;7.866260e-02;8.527668e-02;1.753120e-01;9.473529e-02;5.826828e-02;2.958055e-02;2.610605e-01
2.776677e-02;1.273898e-02;1.375172e-01;2.061877e-02;1.077029e-02;5.854813e-02;1.012894e-01;2.029465e-01;4.626310e-02;7.067179e-02;2.485824e-02;2.860108e-01
2.179162e-02;9.988595e-03;1.422287e-01;1.138059e-02;1.068674e-02;4.524520e-02;1.046209e-01;2.214648e-01;3.731880e-02;8.590241e-02;1.887223e-02;2.904994e-01
3.843726e-02;1.054908e-02;1.300228e-01;1.868251e-02;2.038167e-02;3.666989e-02;1.296254e-01;2.110227e-01;2.754324e-02;9.196220e-02;4.006514e-02;2.450380e-01
3.122075e-02;2.287804e-02;1.191369e-01;3.113212e-02;2.501507e-02;2.586005e-02;2.026884e-01;1.859348e-01;2.333178e-02;8.471587e-02;6.930884e-02;1.787774e-01
3.051089e-02;4.740518e-02;1.059230e-01;3.727342e-02;4.323269e-02;4.288138e-02;2.923401e-01;1.492142e-01;2.467069e-02;6.188931e-02;9.607145e-02;6.858759e-02
4.816700e-02;5.340694e-02;8.861408e-02;3.293852e-02;5.032472e-02;7.014805e-02;3.197559e-01;1.082446e-01;3.154610e-02;4.541943e-02;8.644173e-02;6.499291e-02
4.866740e-02;4.799649e-02;6.931369e-02;3.153886e-02;4.020003e-02;6.653635e-02;3.133540e-01;1.184214e-01;3.896320e-02;6.176412e-02;4.661754e-02;1.166269e-01
4.038688e-02;4.025878e-02;1.409779e-01;2.507357e-02;2.413114e-02;3.679402e-02;2.187368e-01;1.430418e-01;5.249674e-02;6.937698e-02;3.042633e-02;1.782991e-01
4.391289e-02;3.163798e-02;1.715831e-01;2.975765e-02;1.707718e-02;6.404623e-02;2.149026e-01;1.396661e-01;5.154072e-02;5.607331e-02;2.862014e-02;1.511821e-01
3.524116e-02;1.734610e-02;1.672765e-01;3.038842e-02;2.664559e-02;1.335206e-01;2.313679e-01;1.328400e-01;4.627122e-02;7.478908e-02;2.078975e-02;8.352370e-02
2.407550e-02;1.754821e-02;1.479411e-01;4.189123e-02;6.743656e-02;2.021101e-01;1.868338e-01;1.293597e-01;4.922813e-02;7.097601e-02;2.279258e-02;3.980707e-02
2.928503e-02;1.894726e-02;1.140954e-01;9.244383e-02;1.172788e-01;1.852530e-01;1.027469e-01;1.170931e-01;9.613622e-02;7.372075e-02;3.028492e-02;2.271477e-02
5.473451e-02;1.577467e-02;9.760269e-02;1.433789e-01;1.062557e-01;9.253065e-02;8.720135e-02;8.400051e-02;1.329869e-01;9.461381e-02;4.999871e-02;4.092160e-02
5.504850e-02;2.046435e-02;5.538790e-02;1.014903e-01;1.169258e-01;7.752399e-02;1.318994e-01;1.076621e-01;1.285097e-01;1.161006e-01;3.826844e-02;5.071889e-02
3.558316e-02;2.582131e-02;3.715853e-02;5.345020e-02;1.589016e-01;5.849477e-02;1.023274e-01;1.235679e-01;1.841989e-01;1.607025e-01;2.898115e-02;3.081256e-02
1.657867e-02;2.413492e-02;2.167954e-02;3.579633e-02;1.387973e-01;4.296236e-02;6.732226e-02;1.543473e-01;2.617366e-01;1.858553e-01;3.767665e-02;1.311284e-02
6.428945e-03;1.877574e-02;1.558603e-02;6.855971e-02;1.023757e-01;6.315809e-02;1.190112e-01;1.850896e-01;2.251018e-01;1.301574e-01;5.551718e-02;1.023858e-02
1.469166e-02;1.541905e-02;3.186388e-02;1.437712e-01;8.642466e-02;1.043279e-01;2.003967e-01;1.306665e-01;9.962833e-02;6.927440e-02;8.698905e-02;1.654670e-02
1.437003e-02;2.212408e-02;4.899948e-02;2.121600e-01;6.135193e-02;1.433038e-01;2.144985e-01;4.879167e-02;4.042896e-02;6.447482e-02;1.050776e-01;2.441929e-02
3.879246e-02;4.153828e-02;6.796016e-02;1.677755e-01;6.225986e-02;1.418721e-01;1.622015e-01;3.726180e-02;4.731356e-02;8.768883e-02;1.019403e-01;4.339561e-02
5.478427e-02;5.251896e-02;6.096032e-02;8.702459e-02;7.121745e-02;1.235467e-01;1.484793e-01;6.067388e-02;5.020682e-02;1.285616e-01;9.596016e-02;6.606593e-02
4.364837e-02;3.009140e-02;4.515538e-02;4.784677e-02;7.508178e-02;9.045796e-02;1.982663e-01;5.277774e-02;7.530481e-02;1.666031e-01;1.225545e-01;5.221192e-02
2.882377e-02;1.919018e-02;3.209510e-02;6.854037e-02;6.119300e-02;1.020911e-01;1.910446e-01;9.352291e-02;6.708547e-02;1.518695e-01;1.577663e-01;2.677766e-02
2.517601e-02;2.302438e-02;3.283620e-02;7.012367e-02;4.577378e-02;8.445792e-02;1.432269e-01;2.249178e-01;5.630822e-02;1.414613e-01;1.343947e-01;1.829919e-02
1.926524e-02;2.201541e-02;3.642550e-02;6.964263e-02;4.857213e-02;5.884481e-02;9.578252e-02;3.340405e-01;8.846848e-02;1.133401e-01;9.495341e-02;1.864932e-02
2.230611e-02;3.753669e-02;3.542390e-02;6.041270e-02;4.627735e-02;8.190162e-02;5.717430e-02;3.318023e-01;1.133711e-01;6.425092e-02;1.200331e-01;2.950991e-02
3.311332e-02;4.913992e-02;3.435636e-02;4.779328e-02;5.373124e-02;1.279510e-01;5.509363e-02;2.364754e-01;1.051167e-01;6.925575e-02;1.618881e-01;2.608541e-02
4.943740e-02;3.906959e-02;4.788201e-02;3.646159e-02;5.846245e-02;2.024927e-01;6.017957e-02;1.331052e-01;8.001076e-02;6.762007e-02;2.017445e-01;2.353415e-02
3.854196e-02;3.000410e-02;3.826612e-02;3.394822e-02;8.844728e-02;2.635742e-01;7.534549e-02;5.461417e-02;4.722477e-02;9.188929e-02;2.235969e-01;1.454756e-02
3.080766e-02;5.061086e-02;3.505152e-02;4.077903e-02;1.158808e-01;2.214538e-01;7.724831e-02;8.812318e-02;4.650645e-02;1.102307e-01;1.668266e-01;1.648107e-02
2.306942e-02;6.759331e-02;2.566514e-02;5.710240e-02;1.631098e-01;1.644793e-01;5.265166e-02;1.439219e-01;5.128214e-02;1.200422e-01;1.151090e-01;1.597372e-02
1.646698e-02;6.988560e-02;2.296508e-02;5.763621e-02;1.896592e-01;8.295289e-02;4.367929e-02;1.592120e-01;1.143086e-01;1.601977e-01;6.850801e-02;1.452835e-02
2.802075e-02;6.034307e-02;2.656915e-02;6.585392e-02;1.921065e-01;4.556623e-02;4.419407e-02;1.193865e-01;1.622079e-01;1.918461e-01;3.800226e-02;2.590358e-02
4.271789e-02;5.161580e-02;2.042731e-02;1.134281e-01;1.619799e-01;5.053747e-02;7.156524e-02;6.249670e-02;1.710235e-01;1.971970e-01;3.006328e-02;2.694777e-02
5.101407e-02;3.482829e-02;9.142850e-02;1.439153e-01;9.131080e-02;5.496362e-02;1.155869e-01;5.415603e-02;1.433050e-01;1.644760e-01;3.344494e-02;2.157039e-02
4.851241e-02;2.401093e-02;1.748827e-01;1.285163e-01;7.850122e-02;5.113895e-02;1.268039e-01;7.691680e-02;1.115815e-01;1.168692e-01;3.766501e-02;2.460095e-02
3.587298e-02;4.508613e-02;2.438885e-01;7.501328e-02;7.284997e-02;5.049969e-02;1.544797e-01;7.430128e-02;8.217920e-02;8.269546e-02;3.478345e-02;4.835040e-02
4.210488e-02;7.263758e-02;2.005541e-01;4.221942e-02;9.061784e-02;4.746027e-02;2.059029e-01;6.420270e-02;6.652026e-02;7.741974e-02;3.728989e-02;5.307045e-02
6.346888e-02;1.139214e-01;1.030199e-01;5.898068e-02;1.029520e-01;5.131982e-02;2.344208e-01;6.816923e-02;5.443766e-02;7.888252e-02;4.212483e-02;2.830236e-02
6.319342e-02;1.197904e-01;7.750208e-02;6.387371e-02;8.119363e-02;6.679755e-02;2.305576e-01;7.459518e-02;9.632522e-02;8.914614e-02;1.958977e-02;1.743533e-02
7.083024e-02;1.027515e-01;9.123636e-02;6.562991e-02;5.355150e-02;7.048114e-02;2.275524e-01;6.790101e-02;1.019604e-01;9.317645e-02;2.581908e-02;2.910997e-02
8.508946e-02;9.715047e-02;1.104733e-01;7.203393e-02;5.999599e-02;4.782668e-02;2.362859e-01;7.821392e-02;5.547242e-02;7.985269e-02;3.336075e-02;4.424453e-02
7.967811e-02;8.612758e-02;1.896385e-01;3.850938e-02;6.275357e-02;5.281144e-02;1.992895e-01;1.111606e-01;3.523283e-02;6.204031e-02;2.314643e-02;5.961171e-02
3.692807e-02;9.086705e-02;2.217607e-01;6.429198e-02;5.592533e-02;5.975975e-02;1.675264e-01;1.052991e-01;5.814888e-02;5.642512e-02;1.812118e-02;6.494656e-02
2.368200e-02;7.665755e-02;1.787724e-01;1.585616e-01;5.086923e-02;5.151530e-02;1.196915e-01;9.374823e-02;1.209322e-01;6.842259e-02;1.370185e-02;4.344551e-02
3.851971e-02;3.308170e-02;9.608611e-02;1.930530e-01;5.002774e-02;2.789547e-02;1.547166e-01;1.432456e-01;1.500571e-01;8.393335e-02;1.305939e-02;1.632430e-02
4.108731e-02;1.019423e-02;6.110755e-02;1.501466e-01;7.185961e-02;6.477784e-02;2.479073e-01;1.406471e-01;1.169791e-01;7.293253e-02;1.301334e-02;9.347502e-03
3.910270e-02;1.139059e-02;4.154996e-02;1.018562e-01;7.354821e-02;1.524804e-01;3.175310e-01;1.103136e-01;7.444612e-02;5.711415e-02;1.391404e-02;6.752885e-03
3.138999e-02;1.457026e-02;3.036345e-02;8.937294e-02;4.488168e-02;1.737393e-01;3.291003e-01;1.441794e-01;6.777033e-02;5.470242e-02;1.596644e-02;3.963499e-03
2.775575e-02;1.381803e-02;3.648791e-02;9.659826e-02;2.786863e-02;1.107202e-01;3.260412e-01;1.692887e-01;1.094473e-01;5.986749e-02;1.785760e-02;4.248933e-03
2.649767e-02;1.009703e-02;5.804162e-02;1.163250e-01;4.868411e-02;5.534354e-02;2.859387e-01;1.385148e-01;1.618691e-01;7.309707e-02;2.249854e-02;3.092756e-03
2.480106e-02;1.139967e-02;1.060398e-01;1.055986e-01;1.000148e-01;6.758558e-02;2.293874e-01;8.279561e-02;1.684686e-01;6.933202e-02;2.326994e-02;1.130683e-02
1.693052e-02;1.971586e-02;1.610259e-01;4.969269e-02;1.075829e-01;1.625304e-01;1.846106e-01;8.135954e-02;1.150415e-01;5.084970e-02;2.293737e-02;2.772300e-02
7.950355e-03;1.123573e-02;1.869236e-01;4.485536e-02;6.679647e-02;2.493942e-01;1.959232e-01;8.574847e-02;5.802361e-02;4.059664e-02;1.550577e-02;3.704655e-02
5.366480e-03;1.379031e-02;1.946412e-01;4.202937e-02;3.420752e-02;2.225550e-01;2.760058e-01;9.824423e-02;2.855686e-02;3.239605e-02;1.306178e-02;3.914541e-02
4.292503e-03;2.501156e-02;1.958527e-01;4.246513e-02;2.676761e-02;1.503586e-01;3.229582e-01;1.092072e-01;2.886036e-02;3.678177e-02;1.662355e-02;4.082077e-02
2.080466e-02;5.674873e-02;1.690395e-01;2.989721e-02;4.879583e-02;1.041035e-01;3.518178e-01;9.126833e-02;3.065748e-02;3.537152e-02;2.789143e-02;3.360412e-02
5.859518e-02;7.797982e-02;1.138009e-01;2.988074e-02;8.063253e-02;1.198629e-01;3.455474e-01;4.587315e-02;3.109110e-02;4.240312e-02;3.496188e-02;1.937128e-02
8.684547e-02;5.474509e-02;1.030336e-01;3.662708e-02;1.057188e-01;1.202831e-01;3.262539e-01;3.645340e-02;4.349320e-02;3.987611e-02;2.761443e-02;1.905594e-02
7.390666e-02;1.797191e-02;1.700770e-01;4.733971e-02;1.123813e-01;9.175945e-02;2.707470e-01;6.699224e-02;5.662317e-02;3.507281e-02;2.429660e-02;3.283213e-02
5.648039e-02;4.259382e-02;2.093234e-01;3.533347e-02;8.065080e-02;1.200058e-01;1.798142e-01;1.024337e-01;6.548434e-02;4.227997e-02;2.424507e-02;4.135511e-02
6.037347e-02;6.434523e-02;1.351182e-01;3.765823e-02;5.360480e-02;1.581616e-01;1.764575e-01;1.000603e-01;8.448040e-02;6.001970e-02;2.455845e-02;4.516217e-02
8.041708e-02;6.372963e-02;1.174992e-01;3.721114e-02;5.301937e-02;1.308802e-01;1.925865e-01;8.587473e-02;9.091999e-02;5.171802e-02;3.797771e-02;5.816644e-02
6.617421e-02;2.926562e-02;1.480624e-01;6.098813e-02;6.103513e-02;1.182232e-01;2.094398e-01;7.058147e-02;6.713153e-02;5.577398e-02;4.535881e-02;6.796570e-02
5.844797e-02;2.292550e-02;1.305121e-01;5.010451e-02;4.621182e-02;9.157259e-02;2.434695e-01;7.425152e-02;8.077703e-02;1.144465e-01;3.430665e-02;5.297428e-02
4.441608e-02;2.346569e-02;8.719093e-02;4.656708e-02;4.683202e-02;3.877594e-02;1.649920e-01;1.172138e-01;1.399734e-01;2.100076e-01;4.445615e-02;3.610938e-02
