3.774412e-02;7.743872e-02;1.080322e-01;3.767647e-02;6.989516e-02;2.056323e-01;8.517611e-02;9.171925e-02;7.121642e-02;7.673588e-02;4.023090e-02;9.850253e-02
3.637491e-02;9.368989e-02;8.122258e-02;6.980836e-02;7.625167e-02;9.868351e-02;1.057047e-01;1.306520e-01;1.202425e-01;7.112906e-02;5.257159e-02;6.366919e-02
3.668150e-02;6.629238e-02;1.039126e-01;9.514945e-02;4.899701e-02;6.153717e-02;9.514077e-02;1.825234e-01;9.416164e-02;6.353700e-02;7.922971e-02;7.283737e-02
2.766732e-02;5.044311e-02;1.142817e-01;7.002511e-02;5.200119e-02;1.038473e-01;1.069915e-01;1.463283e-01;8.839661e-02;5.690347e-02;7.549721e-02;1.076172e-01
4.343692e-02;6.813097e-02;1.062939e-01;4.480191e-02;6.570412e-02;9.789307e-02;9.696020e-02;1.608314e-01;1.048987e-01;6.829588e-02;6.331581e-02;7.943704e-02
5.165720e-02;6.752963e-02;8.599459e-02;2.861355e-02;7.465940e-02;9.754010e-02;1.273425e-01;2.201639e-01;9.807155e-02;4.659379e-02;4.761144e-02;5.422235e-02
9.095912e-02;7.858936e-02;8.399796e-02;4.129127e-02;5.823903e-02;1.014345e-01;1.277394e-01;1.997437e-01;6.029286e-02;5.197928e-02;4.905492e-02;5.667856e-02
8.375555e-02;7.687062e-02;1.017116e-01;3.865951e-02;3.788738e-02;1.027539e-01;9.402471e-02;2.018583e-01;8.264821e-02;6.503267e-02;3.676556e-02;7.803196e-02
7.766853e-02;6.660495e-02;8.728550e-02;4.318652e-02;2.547220e-02;9.921248e-02;8.634381e-02;2.132003e-01;1.024937e-01;6.162992e-02;5.683533e-02;8.006669e-02
6.957154e-02;6.216778e-02;4.176474e-02;6.118751e-02;4.991935e-02;9.822202e-02;1.341853e-01;1.501719e-01;1.418010e-01;4.748342e-02;9.192209e-02;5.160341e-02
4.943729e-02;8.833715e-02;6.226042e-02;5.770445e-02;7.746016e-02;8.153954e-02;1.384739e-01;9.629506e-02;1.375911e-01;5.690299e-02;9.403889e-02;5.995905e-02
3.590167e-02;8.449080e-02;6.657521e-02;6.322405e-02;7.834936e-02;6.452239e-02;1.297053e-01;8.108968e-02;9.465070e-02;1.103309e-01;1.003525e-01;9.080748e-02
4.368057e-02;6.272019e-02;5.597267e-02;6.161716e-02;5.506149e-02;8.733082e-02;7.573285e-02;1.282537e-01;7.555341e-02;1.911727e-01;9.400557e-02;6.889895e-02
4.398146e-02;6.195042e-02;4.900462e-02;4.181168e-02;3.777407e-02;8.061239e-02;1.086610e-01;1.778222e-01;9.584855e-02;1.550058e-01;1.028745e-01;4.465334e-02
3.878626e-02;5.330775e-02;7.458620e-02;5.697760e-02;1.842704e-02;1.071314e-01;1.160733e-01;2.155546e-01;1.228103e-01;4.512588e-02;9.089606e-02;6.032352e-02
3.116828e-02;7.641546e-02;6.089292e-02;7.170664e-02;5.497893e-02;1.303500e-01;7.564307e-02;1.680337e-01;1.451758e-01;7.234031e-02;5.551240e-02;5.778264e-02
5.192729e-02;5.660682e-02;2.856857e-02;5.986301e-02;5.403621e-02;5.382156e-02;6.449892e-02;1.076618e-01;1.146925e-01;1.701558e-01;1.602359e-01;7.793166e-02
5.119881e-02;6.493866e-02;3.146731e-02;6.373516e-02;4.981468e-02;5.709188e-02;6.660667e-02;9.700190e-02;1.362555e-01;1.424963e-01;1.476183e-01;9.177493e-02
5.394237e-02;6.960538e-02;4.194916e-02;6.425571e-02;5.776926e-02;7.999326e-02;8.046028e-02;7.029559e-02;1.216978e-01;1.132621e-01;1.095032e-01;1.372658e-01
5.870933e-02;5.995252e-02;7.153174e-02;4.617300e-02;7.566515e-02;1.327402e-01;7.955635e-02;6.067472e-02;1.087237e-01;6.327663e-02;9.954717e-02;1.434496e-01
8.276418e-02;5.827415e-02;7.846336e-02;6.160026e-02;7.759348e-02;1.274350e-01;4.869816e-02;1.277367e-01;1.105516e-01;5.902802e-02;9.685101e-02;7.100406e-02
6.560551e-02;4.169247e-02;1.250261e-01;4.526561e-02;4.342825e-02;7.400703e-02;5.445173e-02;2.563923e-01;8.454991e-02;7.120542e-02;5.824367e-02;8.013204e-02
3.112197e-02;3.872869e-02;1.779566e-01;2.990071e-02;1.844949e-02;3.474319e-02;3.853449e-02;3.411177e-01;4.788301e-02;9.286191e-02;3.611475e-02;1.125876e-01
3.980435e-02;5.757340e-02;1.424135e-01;1.341227e-02;3.387894e-02;3.441362e-02;1.207185e-01;2.730744e-01;4.424919e-02;8.314615e-02;7.013140e-02;8.718432e-02
4.517066e-02;8.405071e-02;7.326847e-02;3.046713e-02;3.871575e-02;5.135708e-02;2.298345e-01;1.586421e-01;6.964523e-02;4.318312e-02;1.230891e-01;5.257621e-02
5.265496e-02;9.193271e-02;5.346528e-02;4.644126e-02;2.322047e-02;9.828885e-02;2.462050e-01;9.789503e-02;9.257958e-02;3.611140e-02;1.248389e-01;3.636663e-02
7.461387e-02;9.502641e-02;4.771015e-02;5.458969e-02;4.036864e-02;1.421836e-01;1.900434e-01;9.069574e-02;1.049547e-01;4.958541e-02;6.926223e-02;4.096619e-02
9.093950e-02;1.068318e-01;8.097609e-02;7.267085e-02;6.517749e-02;1.169348e-01;1.041690e-01;1.060334e-01;8.512381e-02;6.268728e-02;5.202972e-02;5.642623e-02
8.062106e-02;1.147996e-01;1.144966e-01;4.176775e-02;6.831741e-02;1.166745e-01;6.874540e-02;1.304973e-01;7.739029e-02;5.809710e-02;7.446370e-02;5.412934e-02
6.629022e-02;1.272829e-01;1.287858e-01;3.075391e-02;6.539130e-02;1.467507e-01;7.349099e-02;1.311033e-01;8.984985e-02;5.329935e-02;5.401739e-02;3.298424e-02
4.988437e-02;1.133947e-01;1.170825e-01;2.903470e-02;6.437437e-02;1.416958e-01;9.087227e-02;1.787356e-01;1.119076e-01;5.304721e-02;2.445513e-02;2.551569e-02
3.154707e-02;6.526450e-02;6.301211e-02;4.156631e-02;9.731437e-02;9.462189e-02;1.068028e-01;2.380518e-01;1.151342e-01;6.724828e-02;4.223513e-02;3.720154e-02
2.696585e-02;6.624480e-02;5.243407e-02;5.447641e-02;9.904054e-02;7.487257e-02;1.177667e-01;2.489071e-01;8.906890e-02;8.863186e-02;5.178141e-02;2.980978e-02
2.638028e-02;8.847154e-02;9.345945e-02;4.422442e-02;6.534252e-02;9.591421e-02;1.201344e-01;1.828485e-01;8.897275e-02;9.511840e-02;6.163738e-02;3.749623e-02
4.235798e-02;8.046676e-02;1.311267e-01;3.376821e-02;7.027463e-02;8.737676e-02;1.319969e-01;1.598886e-01;8.724703e-02;8.579434e-02;5.874429e-02;3.095780e-02
3.555509e-02;4.624236e-02;9.694464e-02;3.136925e-02;7.188697e-02;8.788289e-02;1.884076e-01;1.609523e-01;1.040845e-01;8.217862e-02;5.041665e-02;4.407912e-02
4.297867e-02;8.344708e-02;5.109425e-02;4.027459e-02;9.273088e-02;1.058668e-01;1.608509e-01;1.598961e-01;8.104865e-02;1.001294e-01;2.537428e-02;5.630845e-02
5.641372e-02;1.029681e-01;3.420742e-02;5.057082e-02;1.101263e-01;9.637326e-02;1.407023e-01;1.604083e-01;8.584489e-02;9.277558e-02;1.939562e-02;5.021369e-02
5.479624e-02;7.324369e-02;6.704544e-02;5.793789e-02;7.292914e-02;1.259350e-01;1.793021e-01;1.594026e-01;7.849841e-02;6.064286e-02;4.755672e-02;2.270986e-02
3.580011e-02;9.072932e-02;1.062180e-01;4.880168e-02;6.742929e-02;1.435043e-01;1.423171e-01;1.256708e-01;1.003186e-01;5.214892e-02;6.097009e-02;2.609175e-02
2.769407e-02;1.133811e-01;1.347919e-01;3.794670e-02;8.205536e-02;1.454621e-01;1.430170e-01;8.599589e-02;7.977058e-02;5.584732e-02;5.350112e-02;4.053687e-02
3.993367e-02;1.036862e-01;1.458364e-01;3.403322e-02;7.560433e-02;1.705544e-01;1.194961e-01;1.124143e-01;7.662220e-02;4.482423e-02;3.277560e-02;4.421928e-02
4.651874e-02;9.463539e-02;1.151929e-01;4.703670e-02;7.157025e-02;2.437998e-01;8.484250e-02;1.194163e-01;7.007341e-02;4.306799e-02;2.793037e-02;3.591565e-02
5.464000e-02;9.508416e-02;7.525069e-02;5.555966e-02;5.088535e-02;3.063337e-01;2.682152e-02;1.705091e-01;6.989898e-02;4.896314e-02;2.502884e-02;2.102491e-02
7.621303e-02;6.383938e-02;8.003981e-02;6.910865e-02;2.645527e-02;3.154683e-01;2.945180e-02;1.797372e-01;6.401210e-02;4.256395e-02;4.020837e-02;1.290210e-02
8.109130e-02;7.368543e-02;4.678663e-02;6.971589e-02;2.480648e-02;3.327737e-01;2.395624e-02;2.064927e-01;4.971034e-02;3.476077e-02;3.431274e-02;2.190776e-02
5.690240e-02;9.460426e-02;2.786970e-02;6.358243e-02;3.349299e-02;3.238949e-01;3.733253e-02;2.510179e-01;5.658870e-02;2.845569e-02;8.345501e-03;1.791300e-02
2.584064e-02;1.122488e-01;5.399477e-02;4.033116e-02;5.097153e-02;2.412417e-01;5.028563e-02;3.025704e-01;7.031479e-02;2.154687e-02;2.170789e-02;8.945845e-03
8.854570e-03;8.221590e-02;1.005574e-01;2.814973e-02;3.900280e-02;1.426074e-01;5.580466e-02;3.817581e-01;1.080095e-01;1.590085e-02;1.800925e-02;1.912983e-02
5.377533e-03;4.689795e-02;1.103235e-01;2.101786e-02;3.613864e-02;1.026485e-01;4.919006e-02;4.282931e-01;1.500724e-01;1.387399e-02;6.372519e-03;2.979398e-02
5.415241e-03;5.802251e-02;8.467276e-02;3.802882e-02;7.662376e-02;1.102574e-01;2.893615e-02;3.828686e-01;1.648703e-01;1.189382e-02;9.345661e-03;2.906501e-02
1.369429e-02;6.588665e-02;6.482245e-02;8.372311e-02;1.219012e-01;8.042820e-02;1.965831e-02;3.159504e-01;1.827016e-01;1.797143e-02;1.433408e-02;1.892832e-02
3.209148e-02;4.427507e-02;5.569161e-02;1.504405e-01;1.120803e-01;4.790572e-02;5.171451e-02;2.498339e-01;2.044609e-01;2.293085e-02;1.775801e-02;1.081712e-02
6.617450e-02;2.176783e-02;5.563242e-02;1.810671e-01;7.136536e-02;3.049288e-02;1.211183e-01;1.982053e-01;1.982796e-01;3.501863e-02;1.528110e-02;5.596933e-03
8.655268e-02;1.385103e-02;1.206936e-01;1.399505e-01;6.917986e-02;4.262834e-02;1.568143e-01;1.263756e-01;1.765681e-01;4.220321e-02;1.432620e-02;1.085641e-02
8.340095e-02;2.474883e-02;1.712817e-01;1.118968e-01;9.073795e-02;6.502608e-02;1.449276e-01;8.321262e-02;1.583910e-01;4.298909e-02;8.136157e-03;1.525119e-02
8.662108e-02;4.009205e-02;1.497182e-01;9.843514e-02;9.038781e-02;7.255267e-02;1.132328e-01;1.117399e-01;1.366339e-01;5.805201e-02;1.605959e-02;2.647486e-02
8.028537e-02;5.523231e-02;9.482139e-02;9.990281e-02;9.543478e-02;8.898076e-02;8.058783e-02;1.399575e-01;1.159880e-01;6.050976e-02;4.994548e-02;3.835403e-02
1.605607e-01;5.412976e-02;4.139125e-02;1.550828e-01;1.048653e-01;4.870276e-02;3.759646e-02;1.206456e-01;1.324562e-01;4.113812e-02;7.581010e-02;2.762088e-02
1.255125e-01;3.794201e-02;6.442212e-02;1.936885e-01;1.024502e-01;2.870855e-02;3.183099e-02;1.144140e-01;1.342197e-01;4.923895e-02;6.196120e-02;5.561112e-02
6.045482e-02;4.801779e-02;1.162766e-01;1.736047e-01;1.140057e-01;4.740726e-02;3.079316e-02;1.234230e-01;9.753074e-02;5.365811e-02;4.140447e-02;9.342364e-02
2.973520e-02;6.230146e-02;1.660696e-01;1.530813e-01;9.982304e-02;5.031019e-02;4.695738e-02;1.420045e-01;5.973785e-02;6.159969e-02;3.289427e-02;9.548549e-02
3.081029e-02;7.594611e-02;1.515947e-01;1.483682e-01;8.961556e-02;7.347431e-02;7.465997e-02;1.441385e-01;4.382246e-02;6.152972e-02;4.125092e-02;6.478922e-02
3.648531e-02;8.803464e-02;8.029886e-02;1.386221e-01;8.988139e-02;1.183302e-01;8.625740e-02;1.609139e-01;4.522375e-02;6.604462e-02;5.347449e-02;3.643335e-02
6.701691e-02;5.688680e-02;7.167865e-02;1.343975e-01;1.053592e-01;9.267297e-02;3.726850e-02;1.676046e-01;9.807597e-02;7.269136e-02;6.239501e-02;3.395252e-02
5.188166e-02;6.627317e-02;1.163058e-01;1.380385e-01;7.544386e-02;6.878693e-02;7.442649e-02;1.392401e-01;9.765628e-02;8.485205e-02;6.405591e-02;2.303918e-02
3.427732e-02;6.714778e-02;8.722021e-02;1.184905e-01;6.484625e-02;1.060207e-01;7.157401e-02;1.479694e-01;8.430085e-02;1.155747e-01;6.913033e-02;3.344798e-02
3.668410e-02;8.091065e-02;1.052018e-01;1.006281e-01;6.880485e-02;1.061712e-01;4.610050e-02;1.356896e-01;1.006337e-01;1.006569e-01;6.971640e-02;4.880213e-02
8.678167e-02;5.945654e-02;1.439365e-01;7.297808e-02;7.060228e-02;7.059525e-02;8.060382e-02;1.565509e-01;1.011557e-01;6.035144e-02;5.139475e-02;4.559306e-02
8.330651e-02;4.418412e-02;1.191304e-01;9.927519e-02;6.851869e-02;8.810759e-02;1.153751e-01;1.123542e-01;1.004487e-01;7.509594e-02;3.699578e-02;5.720765e-02
4.823998e-02;4.796848e-02;1.251182e-01;8.362568e-02;6.063231e-02;1.092058e-01;8.264058e-02;1.913959e-01;7.556409e-02;6.492779e-02;3.718435e-02;7.349688e-02
3.814701e-02;6.431402e-02;1.356237e-01;6.201057e-02;5.705549e-02;8.904253e-02;1.021728e-01;2.369444e-01;5.095017e-02;4.522562e-02;5.812908e-02;6.038455e-02
4.652624e-02;1.004100e-01;9.283100e-02;4.535268e-02;7.475620e-02;7.067218e-02;1.639004e-01;1.990272e-01;4.870274e-02;3.567870e-02;9.027068e-02;3.187198e-02
4.306818e-02;1.497330e-01;6.547675e-02;3.660656e-02;9.885743e-02;5.406951e-02;2.139821e-01;1.422099e-01;4.691325e-02;2.930342e-02;1.059617e-01;1.381815e-02
4.670335e-02;1.804264e-01;7.362198e-02;4.431995e-02;8.449461e-02;9.463414e-02;2.018433e-01;1.195562e-01;3.867457e-02;1.008120e-02;9.930854e-02;6.335814e-03
5.467659e-02;2.190710e-01;4.311278e-02;4.680526e-02;6.491320e-02;1.364497e-01;1.734541e-01;1.203718e-01;4.077448e-02;5.503655e-03;9.088477e-02;3.982654e-03
4.009821e-02;2.503183e-01;3.356120e-02;4.721747e-02;6.935988e-02;1.655179e-01;1.301355e-01;1.310805e-01;4.585035e-02;8.113844e-03;6.993365e-02;8.813263e-03
4.640215e-02;2.300732e-01;4.952921e-02;4.916836e-02;4.940743e-02;2.107052e-01;9.227345e-02;1.331150e-01;4.504995e-02;2.066667e-02;5.090822e-02;2.270119e-02
7.337297e-02;1.796992e-01;3.453226e-02;4.449850e-02;3.443230e-02;2.801563e-01;7.117840e-02;1.266869e-01;4.364765e-02;4.055465e-02;3.957496e-02;3.166579e-02
6.418887e-02;1.446864e-01;7.741925e-02;3.883843e-02;3.431185e-02;3.098266e-01;6.543340e-02;9.854066e-02;5.098443e-02;4.163925e-02;3.973391e-02;3.439703e-02
3.265818e-02;1.546730e-01;1.333948e-01;3.724721e-02;3.762524e-02;2.490265e-01;5.308712e-02;1.075440e-01;5.946426e-02;3.439737e-02;5.606643e-02;4.481590e-02
3.125930e-02;1.798036e-01;1.481948e-01;7.099917e-02;4.928601e-02;1.355916e-01;6.051727e-02;1.370012e-01;7.000951e-02;2.709755e-02;5.303686e-02;3.720321e-02
4.436842e-02;2.010880e-01;1.135074e-01;9.008627e-02;6.119147e-02;1.168131e-01;5.547684e-02;1.318737e-01;5.924657e-02;2.326517e-02;6.855845e-02;3.452450e-02
5.492555e-02;1.775945e-01;1.474931e-01;7.246017e-02;5.765809e-02;1.266253e-01;5.685159e-02;1.378022e-01;4.695592e-02;2.890001e-02;7.101201e-02;2.172138e-02
6.168172e-02;1.300126e-01;1.322835e-01;7.084462e-02;6.777710e-02;1.299396e-01;9.623728e-02;1.013001e-01;5.653785e-02;5.000144e-02;6.973903e-02;3.364515e-02
5.764822e-02;1.002282e-01;1.384653e-01;1.017387e-01;6.949289e-02;1.061416e-01;1.128405e-01;7.935614e-02;5.252639e-02;6.459670e-02;5.954701e-02;5.741829e-02
5.001697e-02;6.477407e-02;8.332737e-02;9.091208e-02;9.110656e-02;1.744695e-01;7.815186e-02;1.207558e-01;5.896205e-02;6.684229e-02;5.980218e-02;6.087934e-02
4.265882e-02;3.720648e-02;8.306432e-02;4.280125e-02;8.429758e-02;2.538612e-01;8.074898e-02;1.340529e-01;8.104375e-02;6.710325e-02;4.728813e-02;4.587334e-02
3.231067e-02;4.289570e-02;6.311168e-02;3.656362e-02;6.200181e-02;2.715678e-01;1.257917e-01;1.582847e-01;5.884799e-02;6.629322e-02;3.596392e-02;4.636727e-02
1.045404e-02;4.068621e-02;5.294954e-02;4.025388e-02;4.977812e-02;2.388551e-01;1.525584e-01;2.021292e-01;7.602461e-02;5.645478e-02;3.400527e-02;4.585086e-02
1.216023e-02;4.208189e-02;4.009040e-02;3.347708e-02;6.205120e-02;1.771520e-01;1.412934e-01;2.701620e-01;1.308015e-01;4.463235e-02;1.893009e-02;2.716787e-02
1.822966e-02;3.858013e-02;3.238104e-02;3.558573e-02;4.503521e-02;1.290621e-01;7.736801e-02;3.461845e-01;1.762131e-01;2.273162e-02;2.791080e-02;5.071815e-02
1.845895e-02;3.174394e-02;6.196820e-02;4.374664e-02;3.748714e-02;9.907380e-02;5.203261e-02;3.236994e-01;2.142556e-01;3.472876e-02;1.839580e-02;6.440917e-02
3.590332e-02;4.161330e-02;9.569307e-02;7.222886e-02;6.303532e-02;6.566795e-02;5.044364e-02;2.311698e-01;2.301832e-01;3.613969e-02;1.589063e-02;6.203121e-02
6.626742e-02;5.906409e-02;8.136015e-02;9.637708e-02;5.556125e-02;5.819751e-02;5.698185e-02;1.719825e-01;2.309545e-01;4.828142e-02;1.905147e-02;5.592070e-02
5.248160e-02;8.447082e-02;6.519453e-02;8.486693e-02;8.462425e-02;9.149534e-02;6.264540e-02;1.449504e-01;2.099879e-01;6.928072e-02;1.412561e-02;3.587658e-02
1.402368e-02;9.120741e-02;6.643689e-02;7.065383e-02;1.606247e-01;1.141619e-01;4.644270e-02;1.125938e-01;1.931996e-01;9.376900e-02;1.333078e-02;2.355561e-02
1.281211e-02;6.609155e-02;4.828098e-02;6.289912e-02;2.380755e-01;8.898100e-02;2.731952e-02;1.117032e-01;1.996475e-01;1.102052e-01;1.328526e-02;2.069906e-02
1.529235e-02;6.210103e-02;4.033936e-02;4.772648e-02;2.650052e-01;8.381908e-02;2.249439e-02;1.070120e-01;2.081100e-01;1.111569e-01;1.698632e-02;1.995695e-02
2.333028e-02;6.746973e-02;7.281645e-02;3.037781e-02;2.029011e-01;1.567824e-01;3.287419e-02;9.700689e-02;1.949393e-01;8.962327e-02;1.715882e-02;1.471968e-02
1.963475e-02;5.766490e-02;7.720001e-02;3.141284e-02;1.284570e-01;2.184538e-01;3.974592e-02;1.187637e-01;2.031795e-01;7.543185e-02;1.987959e-02;1.017612e-02
1.577548e-02;3.762849e-02;5.109832e-02;5.119096e-02;8.692653e-02;1.928013e-01;6.618959e-02;1.747475e-01;2.167598e-01;6.837565e-02;2.637787e-02;1.212852e-02
1.612359e-02;2.069339e-02;4.079926e-02;5.544887e-02;7.784152e-02;1.482456e-01;7.411030e-02;2.711598e-01;1.933671e-01;6.341753e-02;2.278189e-02;1.601116e-02
2.486026e-02;2.546737e-02;4.488245e-02;3.715600e-02;6.218827e-02;1.862860e-01;6.289971e-02;3.109653e-01;1.434678e-01;6.307726e-02;1.541459e-02;2.333494e-02
2.592590e-02;4.957068e-02;3.507242e-02;4.381929e-02;7.541260e-02;1.759903e-01;4.325353e-02;2.732839e-01;1.773431e-01;5.127276e-02;2.160189e-02;2.745364e-02
2.710908e-02;8.643383e-02;3.986263e-02;4.518338e-02;1.067287e-01;1.483911e-01;4.994915e-02;1.879465e-01;1.875278e-01;5.992802e-02;3.842447e-02;2.251546e-02
4.916855e-02;9.678930e-02;5.018998e-02;5.854192e-02;7.899529e-02;1.103930e-01;3.765269e-02;2.141328e-01;1.710088e-01;6.196574e-02;3.762766e-02;3.353424e-02
5.845481e-02;1.075752e-01;5.822850e-02;8.097479e-02;8.514032e-02;1.018887e-01;7.259704e-02;1.428046e-01;1.157055e-01;8.871172e-02;4.874996e-02;3.916884e-02
5.570002e-02;1.079908e-01;9.870461e-02;9.382427e-02;8.089551e-02;1.029882e-01;8.842693e-02;1.037552e-01;7.220974e-02;8.981553e-02;5.750348e-02;4.818572e-02
5.381021e-02;1.089070e-01;1.198951e-01;8.941896e-02;7.065161e-02;1.106309e-01;7.917748e-02;1.003737e-01;6.900578e-02;7.646823e-02;6.106707e-02;6.059404e-02
5.676776e-02;1.119384e-01;1.217610e-01;9.022120e-02;6.330473e-02;1.218596e-01;6.729361e-02;1.009714e-01;7.646959e-02;7.202093e-02;5.321644e-02;6.417526e-02
6.483427e-02;1.052162e-01;1.034798e-01;9.675277e-02;4.386001e-02;1.385860e-01;5.663090e-02;1.108468e-01;9.683800e-02;7.263617e-02;5.043127e-02;5.988778e-02
4.966960e-02;9.850819e-02;8.581220e-02;5.961193e-02;5.662098e-02;8.206202e-02;7.618598e-02;2.186973e-01;1.026070e-01;4.283711e-02;8.021081e-02;4.717681e-02
6.303703e-02;8.988845e-02;9.536581e-02;5.044891e-02;5.530562e-02;1.424354e-01;7.353796e-02;2.074510e-01;9.269625e-02;2.900860e-02;4.519073e-02;5.563423e-02
7.469618e-02;5.471113e-02;1.135988e-01;4.152092e-02;8.082975e-02;2.295289e-01;8.075178e-02;1.474756e-01;9.384394e-02;2.820233e-02;2.652803e-02;2.831270e-02
6.116784e-02;6.455494e-02;7.007542e-02;8.259445e-02;8.089295e-02;1.771357e-01;4.889403e-02;1.876970e-01;1.354262e-01;4.371681e-02;2.398442e-02;2.386021e-02
6.381414e-02;1.160262e-01;1.098261e-01;1.231218e-01;8.158773e-02;1.520917e-01;6.558529e-02;1.449411e-01;5.588629e-02;4.125850e-02;2.385637e-02;2.200464e-02
5.529793e-02;1.110727e-01;9.741128e-02;1.140406e-01;7.577354e-02;1.951336e-01;9.229515e-02;1.246517e-01;4.501488e-02;4.340693e-02;2.606724e-02;1.983443e-02
5.395747e-02;8.739402e-02;6.619936e-02;9.444179e-02;7.235982e-02;2.742905e-01;1.286480e-01;1.002098e-01;4.148300e-02;4.634312e-02;1.977534e-02;1.489785e-02
5.259300e-02;5.458888e-02;4.567041e-02;6.879649e-02;6.112069e-02;3.924940e-01;1.352873e-01;7.593903e-02;4.777228e-02;4.186562e-02;1.410831e-02;9.763971e-03
3.593954e-02;3.125910e-02;4.685913e-02;4.679603e-02;8.049684e-02;4.252874e-01;8.386400e-02;7.263698e-02;7.176170e-02;4.984137e-02;1.998719e-02;3.527071e-02
1.523355e-02;1.734467e-02;5.504515e-02;5.538492e-02;1.238459e-01;3.409885e-01;4.500593e-02;8.996545e-02;1.240649e-01;5.163738e-02;1.965811e-02;6.182550e-02
1.378815e-02;1.427707e-02;6.722068e-02;6.750651e-02;1.655652e-01;2.446898e-01;5.564348e-02;6.476777e-02;1.926447e-01;2.611504e-02;1.572607e-02;7.205555e-02
2.054936e-02;1.794512e-02;7.671408e-02;8.178438e-02;2.019722e-01;1.390592e-01;7.105961e-02;3.462517e-02;2.320671e-01;2.270556e-02;2.132457e-02;8.019368e-02
1.936875e-02;2.485170e-02;7.333492e-02;9.260716e-02;2.179269e-01;1.096899e-01;5.435074e-02;3.971698e-02;2.169224e-01;3.204622e-02;2.866274e-02;9.052169e-02
2.267926e-02;3.327652e-02;7.856649e-02;1.233730e-01;2.172037e-01;1.286827e-01;4.247355e-02;4.047197e-02;1.683359e-01;2.278577e-02;3.064691e-02;9.150430e-02
1.736923e-02;3.005504e-02;9.502361e-02;1.503384e-01;2.093538e-01;1.151315e-01;4.898674e-02;4.939826e-02;1.352379e-01;1.994708e-02;4.091559e-02;8.824273e-02
1.772085e-02;4.983154e-02;1.163144e-01;1.187651e-01;1.642255e-01;1.456585e-01;5.469093e-02;7.633604e-02;1.232425e-01;2.014343e-02;3.897994e-02;7.409124e-02
3.487042e-02;9.008285e-02;1.283432e-01;7.819115e-02;1.055110e-01;1.139919e-01;7.131574e-02;1.442272e-01;1.007000e-01;3.423944e-02;4.252808e-02;5.599896e-02
4.335958e-02;7.650395e-02;1.060368e-01;4.779936e-02;6.979034e-02;2.381072e-01;8.041526e-02;1.609715e-01;7.339912e-02;3.257531e-02;2.866562e-02;4.237587e-02
3.504798e-02;6.217455e-02;9.720627e-02;3.701697e-02;9.012125e-02;3.760427e-01;5.054913e-02;8.181944e-02;8.537900e-02;1.404885e-02;2.077301e-02;4.982086e-02
2.989828e-02;4.659458e-02;1.046297e-01;3.727730e-02;9.678411e-02;4.052209e-01;2.673005e-02;7.027249e-02;7.039918e-02;2.329622e-02;2.139350e-02;6.750375e-02
3.094036e-02;5.872978e-02;1.507825e-01;4.394244e-02;7.156562e-02;3.811848e-01;3.311118e-02;4.418969e-02;4.928375e-02;2.246597e-02;1.883239e-02;9.497158e-02
2.508721e-02;5.955215e-02;1.521603e-01;4.535561e-02;5.970360e-02;3.669043e-01;2.473351e-02;6.592404e-02;6.019667e-02;1.333569e-02;1.094267e-02;1.161043e-01
2.283141e-02;3.849696e-02;1.292845e-01;3.550047e-02;5.693567e-02;4.053240e-01;2.039868e-02;8.460852e-02;6.853566e-02;1.268799e-02;1.501557e-02;1.103806e-01
1.264491e-02;3.692051e-02;1.520114e-01;2.433175e-02;4.661452e-02;4.224667e-01;2.711656e-02;7.864903e-02;6.227984e-02;1.594106e-02;1.473275e-02;1.062910e-01
2.874003e-02;3.757405e-02;1.839826e-01;1.855255e-02;4.162020e-02;4.082619e-01;3.425302e-02;6.566638e-02;5.630524e-02;1.355557e-02;1.356833e-02;9.792016e-02
2.464420e-02;4.310492e-02;1.928245e-01;2.875695e-02;4.561202e-02;3.601169e-01;4.236560e-02;8.042306e-02;6.449118e-02;8.077208e-03;1.345006e-02;9.613332e-02
2.225358e-02;4.611573e-02;1.839084e-01;4.456352e-02;4.671379e-02;4.014041e-01;3.464626e-02;4.698537e-02;5.998276e-02;1.335172e-02;1.335470e-02;8.672004e-02
3.068432e-02;6.155042e-02;1.343064e-01;4.489525e-02;4.577045e-02;3.951922e-01;2.828750e-02;9.678552e-02;6.391351e-02;2.033113e-02;2.140128e-02;5.688210e-02
2.994266e-02;6.892473e-02;1.228941e-01;4.478467e-02;6.727923e-02;3.349271e-01;5.110177e-02;1.293360e-01;5.310235e-02;3.006267e-02;2.692268e-02;4.072203e-02
2.081763e-02;7.221387e-02;1.366774e-01;5.459227e-02;7.961319e-02;2.573361e-01;5.178596e-02;1.672620e-01;6.903767e-02;2.895000e-02;2.940605e-02;3.230795e-02
2.281468e-02;5.937459e-02;7.509001e-02;3.367840e-02;5.916315e-02;4.349256e-01;3.071279e-02;1.667856e-01;5.715518e-02;1.620193e-02;2.373294e-02;2.036522e-02
2.759276e-02;6.560045e-02;6.240705e-02;3.272417e-02;5.796929e-02;5.459676e-01;2.217503e-02;8.934695e-02;4.248948e-02;9.867745e-03;2.173724e-02;2.212222e-02
3.442215e-02;5.359009e-02;9.616696e-02;3.567149e-02;6.200112e-02;4.509063e-01;4.024115e-02;9.987722e-02;5.826218e-02;1.302506e-02;1.675414e-02;3.908214e-02
4.969002e-02;8.338636e-02;1.179587e-01;4.852100e-02;5.361820e-02;3.108339e-01;4.961679e-02;1.098696e-01;8.967723e-02;2.890893e-02;2.246384e-02;3.545538e-02
5.935679e-02;1.130994e-01;1.182568e-01;8.122722e-02;4.953592e-02;2.207208e-01;5.370061e-02;1.290599e-01;8.564301e-02;3.486330e-02;3.185931e-02;2.267700e-02
6.124546e-02;1.033797e-01;1.140848e-01;8.499601e-02;4.913302e-02;2.383205e-01;7.726642e-02;1.255172e-01;5.301979e-02;3.456282e-02;3.197975e-02;2.649445e-02
6.978978e-02;6.656344e-02;1.004120e-01;7.597803e-02;4.678942e-02;2.726987e-01;5.194556e-02;1.284631e-01;5.642133e-02;5.474910e-02;3.329482e-02;4.289472e-02
7.143538e-02;7.660277e-02;1.191279e-01;7.163581e-02;3.774609e-02;2.368594e-01;1.768535e-02;1.221348e-01;7.478510e-02;7.335359e-02;4.004168e-02;5.859216e-02
5.167695e-02;7.979445e-02;1.443148e-01;7.769179e-02;4.524676e-02;2.047692e-01;4.505939e-02;9.507037e-02;6.755630e-02;7.984594e-02;4.493911e-02;6.403498e-02
5.754657e-02;7.485244e-02;1.642626e-01;7.264547e-02;3.634980e-02;1.592405e-01;7.606554e-02;1.176226e-01;7.323401e-02;8.057348e-02;3.442950e-02;5.317749e-02
4.270422e-02;7.605881e-02;1.327833e-01;6.351919e-02;2.947377e-02;1.355185e-01;1.096036e-01;9.761109e-02;1.127356e-01;1.014728e-01;6.351060e-02;3.500853e-02
3.428239e-02;9.078249e-02;1.323036e-01;5.284256e-02;3.304150e-02;1.513442e-01;9.538681e-02;1.044440e-01;1.123669e-01;9.761845e-02;6.593113e-02;2.965594e-02
3.259065e-02;9.988680e-02;1.269421e-01;5.321258e-02;4.275184e-02;1.891654e-01;7.844988e-02;1.234824e-01;9.817597e-02;7.843774e-02;5.556324e-02;2.134144e-02
3.931491e-02;1.161225e-01;1.153003e-01;4.936301e-02;4.487592e-02;1.955741e-01;1.032475e-01;1.191582e-01;1.045301e-01;6.091123e-02;2.836392e-02;2.323826e-02
4.138361e-02;9.615088e-02;9.061950e-02;5.251649e-02;6.297091e-02;9.158718e-02;9.680124e-02;1.780657e-01;1.454456e-01;4.148572e-02;6.458697e-02;3.838616e-02
5.746486e-02;6.286814e-02;3.847711e-02;6.236563e-02;6.083366e-02;9.866808e-02;1.233844e-01;1.682641e-01;1.080370e-01;8.847522e-02;8.870111e-02;4.246062e-02
6.222522e-02;6.349233e-02;4.364452e-02;6.126311e-02;6.080538e-02;9.569271e-02;1.029361e-01;1.880268e-01;1.046714e-01;1.079703e-01;7.117075e-02;3.810135e-02
4.465928e-02;7.171623e-02;8.859614e-02;4.059692e-02;6.037985e-02;1.159467e-01;7.617770e-02;1.805096e-01;1.362007e-01;8.916441e-02;5.077783e-02;4.527464e-02
1.912865e-02;9.753215e-02;1.300050e-01;3.737004e-02;5.928898e-02;1.354233e-01;8.030041e-02;1.472056e-01;1.425322e-01;6.879283e-02;4.637982e-02;3.604094e-02
2.661390e-02;9.958813e-02;9.887657e-02;5.159545e-02;6.821375e-02;9.537944e-02;1.243428e-01;1.696412e-01;1.492398e-01;5.587198e-02;1.195673e-02;4.868030e-02
2.741632e-02;5.900930e-02;6.367575e-02;3.672755e-02;6.898832e-02;1.756162e-01;1.416909e-01;1.837891e-01;1.299629e-01;4.285780e-02;6.803953e-03;6.346198e-02
1.175584e-02;5.691129e-02;6.548225e-02;2.949946e-02;9.857047e-02;2.127569e-01;1.132159e-01;1.686595e-01;1.222684e-01;4.347082e-02;1.223275e-02;6.517635e-02
1.945281e-02;3.103695e-02;6.843044e-02;4.648736e-02;1.093784e-01;2.455029e-01;6.853892e-02;1.513111e-01;1.120447e-01;5.473976e-02;2.063744e-02;7.243922e-02
1.734191e-02;3.159963e-02;8.111512e-02;4.315409e-02;8.933236e-02;2.375301e-01;6.804055e-02;1.596979e-01;1.365643e-01;4.860699e-02;2.173315e-02;6.528389e-02
2.430527e-02;2.865742e-02;5.485955e-02;3.955825e-02;9.237299e-02;2.856125e-01;8.694329e-02;1.351346e-01;1.217217e-01;4.739584e-02;2.682393e-02;5.661465e-02
2.142188e-02;3.227003e-02;5.361194e-02;6.490035e-02;9.708409e-02;3.748990e-01;1.002474e-01;8.237728e-02;6.641204e-02;3.543036e-02;2.026845e-02;5.107720e-02
2.739999e-02;6.894783e-02;8.661358e-02;5.779998e-02;5.240275e-02;3.283673e-01;1.249468e-01;1.022361e-01;4.814127e-02;2.966625e-02;2.588463e-02;4.759350e-02
