1.272419e-01;5.980901e-02;1.339020e-01;6.835261e-02;6.534404e-02;7.408789e-02;1.864068e-01;7.865030e-02;5.538802e-02;7.449777e-02;4.928683e-02;2.703277e-02
1.317333e-01;4.598868e-02;1.367268e-01;7.216541e-02;7.720880e-02;9.643286e-02;1.987413e-01;5.595568e-02;5.385398e-02;5.383069e-02;3.082391e-02;4.653857e-02
1.464536e-01;4.299213e-02;1.353609e-01;6.401148e-02;9.397823e-02;8.154007e-02;1.794741e-01;4.969470e-02;4.721746e-02;4.883994e-02;3.952193e-02;7.091537e-02
1.695766e-01;2.747458e-02;1.188897e-01;6.048978e-02;1.380280e-01;9.039509e-02;1.056150e-01;4.313027e-02;4.801434e-02;3.724013e-02;4.787925e-02;1.132672e-01
1.909137e-01;2.555065e-02;8.635575e-02;8.038986e-02;1.222761e-01;1.071428e-01;8.703388e-02;3.183482e-02;3.811114e-02;4.440046e-02;5.764961e-02;1.283412e-01
2.227664e-01;5.519407e-02;4.733144e-02;8.673725e-02;9.547092e-02;9.190650e-02;1.141381e-01;2.694003e-02;2.093982e-02;6.273256e-02;6.974825e-02;1.060947e-01
1.889950e-01;8.923434e-02;3.461743e-02;8.338935e-02;1.059339e-01;7.644412e-02;1.934857e-01;3.117082e-02;1.706076e-02;6.608617e-02;5.979668e-02;5.378561e-02
1.188511e-01;1.083885e-01;6.576420e-02;6.254842e-02;9.515183e-02;5.675615e-02;2.935724e-01;5.370190e-02;2.773717e-02;5.085217e-02;3.748477e-02;2.919138e-02
6.477889e-02;8.953245e-02;1.139760e-01;3.836053e-02;1.162663e-01;4.505403e-02;3.421792e-01;7.374489e-02;2.365482e-02;3.211351e-02;3.905958e-02;2.127986e-02
3.399850e-02;5.351215e-02;1.817847e-01;3.138567e-02;1.353868e-01;4.882872e-02;2.917514e-01;1.034063e-01;2.716010e-02;3.433013e-02;3.124389e-02;2.721166e-02
2.837087e-02;4.381526e-02;2.378033e-01;2.435203e-02;1.352650e-01;4.437891e-02;2.453970e-01;1.183695e-01;3.457048e-02;3.695749e-02;1.472550e-02;3.599476e-02
2.836974e-02;4.118507e-02;2.512019e-01;2.848629e-02;1.104371e-01;4.457032e-02;2.566427e-01;1.047476e-01;2.724545e-02;4.210936e-02;2.007608e-02;4.492844e-02
5.758255e-02;7.434858e-02;2.371897e-01;3.960430e-02;7.400788e-02;3.418228e-02;2.399185e-01;7.183859e-02;4.632518e-02;4.230475e-02;3.667109e-02;4.602650e-02
8.509059e-02;8.625548e-02;2.129599e-01;3.481939e-02;7.986458e-02;4.860263e-02;1.898394e-01;3.612324e-02;8.255442e-02;4.166482e-02;5.884251e-02;4.338307e-02
9.522434e-02;4.596179e-02;1.828129e-01;5.814860e-02;1.319000e-01;8.348864e-02;1.421889e-01;5.079358e-02;8.112250e-02;3.944938e-02;4.425675e-02;4.465263e-02
9.231993e-02;7.421233e-02;1.471939e-01;4.649445e-02;1.260156e-01;9.551064e-02;1.792225e-01;7.728431e-02;4.081503e-02;3.220339e-02;3.433296e-02;5.439505e-02
7.830550e-02;8.641186e-02;1.150431e-01;5.449655e-02;1.253987e-01;8.808604e-02;1.795173e-01;8.221944e-02;4.320340e-02;4.278560e-02;4.474504e-02;5.978755e-02
8.274759e-02;5.035442e-02;9.239815e-02;5.223870e-02;1.017494e-01;7.963470e-02;1.778876e-01;1.466490e-01;7.126351e-02;4.834577e-02;4.298256e-02;5.374850e-02
4.227601e-02;1.775694e-02;4.384392e-02;3.926674e-02;8.281013e-02;9.701087e-02;1.975199e-01;2.452057e-01;1.269733e-01;5.204256e-02;3.010182e-02;2.519214e-02
3.364486e-02;1.712104e-02;2.873234e-02;4.869467e-02;7.055541e-02;8.576519e-02;2.087905e-01;2.517564e-01;1.500922e-01;7.533359e-02;1.531890e-02;1.419496e-02
4.421977e-02;2.534228e-02;3.352499e-02;4.854818e-02;5.604912e-02;7.006771e-02;1.791379e-01;2.163773e-01;1.601183e-01;1.349175e-01;1.502496e-02;1.667210e-02
5.295440e-02;3.429561e-02;5.448896e-02;4.549100e-02;4.529496e-02;5.240513e-02;1.482296e-01;1.220396e-01;1.693083e-01;2.260471e-01;2.553363e-02;2.391172e-02
5.059326e-02;5.336947e-02;9.507385e-02;6.181044e-02;6.939373e-02;4.950801e-02;1.504580e-01;6.875969e-02;1.247725e-01;2.079727e-01;3.595856e-02;3.232977e-02
3.908266e-02;3.567621e-02;1.544773e-01;6.396741e-02;8.893209e-02;6.199782e-02;1.005251e-01;7.514559e-02;1.199724e-01;1.914406e-01;4.188442e-02;2.689848e-02
3.142715e-02;2.365011e-02;1.370261e-01;6.202095e-02;1.393112e-01;6.923049e-02;1.077445e-01;5.536625e-02;1.407917e-01;1.704618e-01;4.006748e-02;2.290229e-02
1.270303e-02;2.387790e-02;7.235632e-02;4.871881e-02;2.272694e-01;5.171391e-02;7.045677e-02;5.764330e-02;1.624591e-01;2.140923e-01;3.762619e-02;2.108288e-02
1.371831e-02;2.660948e-02;5.022314e-02;9.051006e-02;2.333156e-01;5.372372e-02;3.365296e-02;9.353568e-02;1.509392e-01;1.990593e-01;3.619529e-02;1.851720e-02
2.614606e-02;2.460298e-02;8.015060e-02;1.369652e-01;1.548356e-01;6.725167e-02;5.085728e-02;1.421239e-01;1.230540e-01;1.453948e-01;3.276879e-02;1.584902e-02
2.733301e-02;2.185723e-02;1.022257e-01;1.607435e-01;9.153405e-02;8.334639e-02;6.363041e-02;1.531417e-01;1.399739e-01;1.168180e-01;2.636336e-02;1.303278e-02
2.715867e-02;2.164447e-02;1.302925e-01;1.587363e-01;7.826418e-02;9.572207e-02;1.023858e-01;1.267094e-01;1.219066e-01;9.530447e-02;3.012692e-02;1.174860e-02
3.586239e-02;3.971700e-02;1.630908e-01;1.312716e-01;9.739435e-02;1.090461e-01;1.192468e-01;1.003206e-01;7.637792e-02;7.199411e-02;3.110795e-02;2.457029e-02
2.892049e-02;5.761944e-02;1.404443e-01;8.740939e-02;8.315300e-02;1.088849e-01;2.739431e-01;7.631323e-02;5.111135e-02;4.549638e-02;2.254044e-02;2.416393e-02
4.192759e-02;6.312369e-02;6.660485e-02;6.574180e-02;6.952696e-02;1.163298e-01;3.995881e-01;5.995476e-02;2.511202e-02;4.399975e-02;3.070151e-02;1.738914e-02
2.846232e-02;5.536769e-02;7.751956e-02;9.310946e-02;3.727065e-02;1.107920e-01;3.397288e-01;1.026285e-01;4.522224e-02;6.564387e-02;3.110084e-02;1.315407e-02
2.016308e-02;3.465748e-02;1.108209e-01;8.300265e-02;3.577514e-02;8.169248e-02;2.231959e-01;1.959892e-01;8.635110e-02;8.710464e-02;3.017655e-02;1.107092e-02
1.265104e-02;1.920411e-02;9.815573e-02;1.578813e-01;5.332960e-02;6.965112e-02;1.161028e-01;1.745669e-01;1.217822e-01;1.206058e-01;4.278767e-02;1.328177e-02
1.713097e-02;1.118446e-02;8.764139e-02;1.733593e-01;9.059901e-02;7.449528e-02;6.875514e-02;8.284589e-02;1.560555e-01;1.637698e-01;5.789083e-02;1.627248e-02
2.321696e-02;6.674256e-03;8.666602e-02;8.269090e-02;1.449173e-01;6.424664e-02;6.895867e-02;1.131414e-01;1.937092e-01;1.366279e-01;5.332571e-02;2.582506e-02
2.517298e-02;1.076507e-02;5.079709e-02;7.781220e-02;1.474206e-01;4.060347e-02;1.475835e-01;1.909799e-01;1.556986e-01;6.486928e-02;4.247703e-02;4.582022e-02
5.194077e-02;2.490560e-02;3.092133e-02;1.893167e-01;6.365910e-02;4.228568e-02;2.564889e-01;1.501891e-01;6.017499e-02;4.567470e-02;2.572401e-02;5.871905e-02
9.782124e-02;3.563111e-02;3.105932e-02;2.540268e-01;1.547216e-02;9.378460e-02;2.483021e-01;7.311238e-02;1.806963e-02;6.512558e-02;1.473389e-02;5.286118e-02
1.845546e-01;5.943250e-02;5.605814e-02;1.795210e-01;3.361651e-02;1.467486e-01;1.407479e-01;6.271655e-02;2.292910e-02;5.029962e-02;9.571324e-03;5.380420e-02
2.807667e-01;8.112931e-02;9.767218e-02;6.066145e-02;8.194505e-02;1.083768e-01;5.190573e-02;1.068063e-01;1.788863e-02;3.499955e-02;1.384630e-02;6.400201e-02
3.551106e-01;9.082402e-02;1.078000e-01;2.968640e-02;1.174287e-01;3.410054e-02;1.542830e-02;1.396507e-01;1.200833e-02;3.584395e-02;1.483535e-02;4.728315e-02
3.659857e-01;1.070160e-01;9.992506e-02;1.726807e-02;1.366479e-01;1.532363e-02;2.984239e-02;1.461288e-01;1.790649e-02;1.823024e-02;1.949728e-02;2.622836e-02
3.576765e-01;1.108237e-01;9.535480e-02;2.182041e-02;1.325361e-01;1.890526e-02;3.811181e-02;1.390160e-01;2.048034e-02;2.068949e-02;1.582320e-02;2.876245e-02
3.599446e-01;9.254547e-02;7.586639e-02;7.764189e-02;9.227424e-02;2.260277e-02;4.962570e-02;1.216668e-01;2.626252e-02;2.674117e-02;1.526579e-02;3.956254e-02
3.297393e-01;6.122489e-02;4.225166e-02;1.939603e-01;3.648653e-02;1.989876e-02;8.412220e-02;7.856297e-02;2.365847e-02;4.621967e-02;1.611826e-02;6.775686e-02
2.405640e-01;3.727274e-02;3.323493e-02;2.865449e-01;2.227538e-02;2.072079e-02;1.320290e-01;4.794053e-02;1.227896e-02;5.619315e-02;2.254052e-02;8.840510e-02
1.703936e-01;3.456728e-02;6.278241e-02;2.954505e-01;1.568352e-02;3.440495e-02;1.541623e-01;4.138778e-02;1.636801e-02;5.289737e-02;3.537569e-02;8.652660e-02
1.040152e-01;4.915608e-02;1.179182e-01;2.162647e-01;2.643075e-02;6.436814e-02;1.543278e-01;5.719511e-02;3.353982e-02;5.458581e-02;6.324692e-02;5.895140e-02
4.861817e-02;3.730806e-02;1.096211e-01;1.216449e-01;5.142144e-02;1.000158e-01;1.850547e-01;8.843433e-02;4.170511e-02;8.129262e-02;1.041416e-01;3.074221e-02
5.864760e-02;1.955204e-02;2.942798e-02;1.376591e-01;5.183796e-02;8.420262e-02;2.004228e-01;1.505133e-01;3.455295e-02;9.863086e-02;1.080618e-01;2.649094e-02
6.040942e-02;1.704720e-02;2.156303e-02;1.439602e-01;6.963520e-02;5.335031e-02;1.286989e-01;2.564095e-01;2.552339e-02;1.081330e-01;8.555757e-02;2.971230e-02
6.040343e-02;2.758664e-02;2.175473e-02;1.260014e-01;7.327402e-02;4.644013e-02;6.944588e-02;3.194680e-01;4.977962e-02;1.164191e-01;6.764313e-02;2.178400e-02
6.119488e-02;4.385969e-02;3.138484e-02;9.415711e-02;8.155078e-02;3.670611e-02;4.090578e-02;2.998568e-01;8.997314e-02;1.271119e-01;6.512295e-02;2.817603e-02
5.020219e-02;6.912165e-02;6.342255e-02;7.578264e-02;9.601472e-02;4.796235e-02;4.984953e-02;2.308198e-01;1.037720e-01;1.049819e-01;8.389676e-02;2.417386e-02
3.576826e-02;8.218900e-02;1.368751e-01;6.768437e-02;9.541233e-02;7.653324e-02;6.533366e-02;1.325565e-01;6.909832e-02;9.424552e-02;1.161955e-01;2.810819e-02
3.398286e-02;5.115401e-02;1.925253e-01;5.524448e-02;6.949635e-02;1.400599e-01;5.642251e-02;6.895240e-02;4.729107e-02;1.034047e-01;1.545177e-01;2.694882e-02
2.237127e-02;1.319354e-02;2.470658e-01;2.553008e-02;3.518253e-02;1.986224e-01;6.813806e-02;2.692843e-02;4.511949e-02;9.200449e-02;1.954755e-01;3.036841e-02
2.321246e-02;1.274221e-02;2.290600e-01;1.277570e-02;2.892967e-02;1.834745e-01;9.739700e-02;1.581437e-02;6.841786e-02;7.982759e-02;1.928503e-01;5.549841e-02
2.346738e-02;1.321766e-02;1.702264e-01;2.117952e-02;3.625743e-02;1.507356e-01;1.614818e-01;2.909068e-02;7.324672e-02;5.460624e-02;1.745652e-01;9.192542e-02
3.893003e-02;1.183979e-02;1.068071e-01;4.896170e-02;4.196311e-02;1.336129e-01;2.286820e-01;4.474849e-02;3.594488e-02;3.654071e-02;1.431834e-01;1.287859e-01
5.573319e-02;5.635642e-03;1.011255e-01;3.916775e-02;4.700293e-02;1.397721e-01;2.114612e-01;6.330700e-02;2.915192e-02;3.303035e-02;1.481481e-01;1.264643e-01
6.338378e-02;9.398343e-03;1.266702e-01;2.139388e-02;4.217024e-02;1.700558e-01;1.317205e-01;6.071963e-02;4.612214e-02;4.251505e-02;2.010085e-01;8.484203e-02
6.153256e-02;1.314074e-02;9.811950e-02;1.616962e-02;3.259459e-02;2.477375e-01;1.274639e-01;3.879714e-02;3.646868e-02;6.691374e-02;2.150005e-01;4.606149e-02
5.959777e-02;1.817163e-02;6.466398e-02;3.050203e-02;2.617937e-02;2.629517e-01;1.726788e-01;2.954319e-02;2.532290e-02;7.095459e-02;1.926321e-01;4.680200e-02
3.814599e-02;2.016598e-02;5.961848e-02;5.109030e-02;3.579841e-02;2.303064e-01;1.814323e-01;5.039358e-02;3.178361e-02;1.023612e-01;1.605211e-01;3.838257e-02
2.488585e-02;1.430254e-02;5.372382e-02;5.723044e-02;5.843656e-02;2.621020e-01;1.154278e-01;5.648525e-02;4.371807e-02;1.108088e-01;1.769118e-01;2.596695e-02
3.656686e-02;1.916965e-02;5.193336e-02;3.756204e-02;3.952148e-02;2.600599e-01;1.296432e-01;3.813913e-02;5.205376e-02;9.408224e-02;2.082918e-01;3.297655e-02
4.406006e-02;1.399656e-02;5.975097e-02;1.777622e-02;2.324946e-02;2.665304e-01;9.435762e-02;2.192632e-02;5.756507e-02;8.392300e-02;2.746438e-01;4.222062e-02
6.993479e-02;5.994411e-03;7.561745e-02;7.956743e-03;1.829021e-02;2.540286e-01;7.990593e-02;1.067661e-02;5.252570e-02;8.143019e-02;2.983516e-01;4.528775e-02
4.880818e-02;8.258402e-03;5.301364e-02;1.608624e-02;2.369431e-02;2.054139e-01;1.711628e-01;3.040584e-02;5.894667e-02;8.666027e-02;2.691200e-01;2.842977e-02
3.189582e-02;1.592360e-02;2.938428e-02;3.433692e-02;3.730218e-02;1.198349e-01;2.580087e-01;8.532591e-02;7.317596e-02;1.043967e-01;1.835548e-01;2.686017e-02
2.560022e-02;2.678883e-02;2.083470e-02;5.707783e-02;5.063621e-02;6.480430e-02;2.414351e-01;1.598311e-01;7.846404e-02;1.211169e-01;1.264074e-01;2.700329e-02
2.689839e-02;3.490245e-02;2.048054e-02;8.789965e-02;4.304169e-02;5.610078e-02;1.804641e-01;1.860871e-01;6.433659e-02;1.506591e-01;1.203262e-01;2.880342e-02
5.523394e-02;2.013399e-02;1.843501e-02;7.523790e-02;2.686203e-02;6.761549e-02;2.573715e-01;9.690864e-02;5.529147e-02;1.295569e-01;1.583731e-01;3.898002e-02
9.074754e-02;1.384806e-02;2.427077e-02;4.962014e-02;2.287829e-02;1.129191e-01;2.588403e-01;5.058058e-02;5.888952e-02;1.206006e-01;1.606070e-01;3.619811e-02
1.404241e-01;9.408982e-03;6.666040e-02;3.122333e-02;1.632441e-02;1.813526e-01;1.727094e-01;2.750540e-02;5.498039e-02;1.185474e-01;1.493572e-01;3.150629e-02
1.279918e-01;1.451182e-02;1.025611e-01;4.402291e-02;3.377454e-02;1.889669e-01;1.276003e-01;3.718204e-02;4.605263e-02;1.132531e-01;1.334507e-01;3.063212e-02
8.416864e-02;3.376265e-02;8.887851e-02;7.111346e-02;6.423707e-02;1.299387e-01;1.759886e-01;7.127752e-02;5.537857e-02;9.607990e-02;9.304192e-02;3.613452e-02
7.813857e-02;4.408453e-02;9.652836e-02;7.671581e-02;7.012606e-02;7.273003e-02;2.226060e-01;9.194729e-02;7.419894e-02;8.272275e-02;5.568457e-02;3.451710e-02
8.020005e-02;4.233718e-02;1.250283e-01;5.280372e-02;5.357118e-02;4.397606e-02;2.509310e-01;9.203478e-02;1.040612e-01;9.392611e-02;3.454918e-02;2.658123e-02
6.902662e-02;5.039094e-02;1.551058e-01;5.564925e-02;4.565240e-02;8.232313e-02;2.408091e-01;7.464784e-02;8.608664e-02;8.521528e-02;3.200400e-02;2.308903e-02
6.746834e-02;6.895269e-02;1.255754e-01;4.796809e-02;4.093457e-02;1.110375e-01;2.636424e-01;8.106359e-02;4.282562e-02;9.714261e-02;3.938882e-02;1.400035e-02
8.985803e-02;9.422714e-02;9.048762e-02;3.585478e-02;3.540674e-02;7.375582e-02;2.774148e-01;9.629098e-02;3.963785e-02;9.353190e-02;4.833256e-02;2.520178e-02
1.379026e-01;7.634223e-02;8.679619e-02;5.494599e-02;4.655838e-02;9.374645e-02;2.050987e-01;1.052169e-01;4.816811e-02;8.674017e-02;3.512610e-02;2.335821e-02
1.550939e-01;6.528983e-02;7.008129e-02;4.635667e-02;6.478485e-02;1.337374e-01;1.529950e-01;9.486459e-02;6.615879e-02;1.029851e-01;2.469939e-02;2.295321e-02
1.279550e-01;5.145740e-02;5.793640e-02;6.218011e-02;9.856709e-02;1.084261e-01;1.074715e-01;6.134208e-02;1.179052e-01;1.527511e-01;3.138932e-02;2.261864e-02
7.691833e-02;3.272321e-02;8.172261e-02;5.253877e-02;9.208982e-02;7.751188e-02;1.323373e-01;6.055209e-02;1.731082e-01;1.566973e-01;3.490409e-02;2.889634e-02
6.456668e-02;5.002460e-02;9.986281e-02;4.803065e-02;5.351868e-02;7.808731e-02;1.688205e-01;6.521400e-02;1.512633e-01;1.205229e-01;6.344055e-02;3.664804e-02
8.889139e-02;5.274662e-02;1.244319e-01;3.109141e-02;3.858914e-02;8.086000e-02;1.508746e-01;4.900251e-02;1.002010e-01;1.433664e-01;1.060080e-01;3.393691e-02
1.226756e-01;6.754333e-02;1.223899e-01;3.254785e-02;5.378497e-02;1.014847e-01;1.355920e-01;4.927504e-02;8.534248e-02;1.044642e-01;1.018106e-01;2.308931e-02
8.351365e-02;7.790750e-02;1.280496e-01;4.366984e-02;7.087735e-02;6.382614e-02;1.524326e-01;6.768385e-02;8.994389e-02;1.164310e-01;6.638341e-02;3.928113e-02
7.677947e-02;6.308531e-02;1.124647e-01;6.290492e-02;7.427956e-02;4.124482e-02;1.569650e-01;7.973036e-02;1.041183e-01;1.401091e-01;4.515754e-02;4.316085e-02
9.028054e-02;6.348180e-02;9.553886e-02;6.313063e-02;8.413906e-02;4.412296e-02;1.393426e-01;8.717389e-02;1.167804e-01;1.352881e-01;3.845206e-02;4.226904e-02
1.017188e-01;5.854579e-02;1.213610e-01;5.413557e-02;8.146372e-02;3.826955e-02;1.142869e-01;1.349686e-01;9.823629e-02;1.040553e-01;4.071267e-02;5.224582e-02
8.618265e-02;7.511245e-02;9.350196e-02;5.624895e-02;9.909090e-02;3.174262e-02;8.782703e-02;1.450921e-01;7.949774e-02;1.413666e-01;4.548654e-02;5.885047e-02
5.485463e-02;8.748527e-02;5.269526e-02;5.704752e-02;1.336292e-01;4.202181e-02;5.490103e-02;1.188956e-01;6.816880e-02;2.086469e-01;5.508329e-02;6.657066e-02
3.222142e-02;9.156515e-02;4.258537e-02;4.849011e-02;1.729973e-01;6.575928e-02;3.215059e-02;5.793251e-02;6.217363e-02;2.768034e-01;4.860816e-02;6.871302e-02
2.977673e-02;5.922994e-02;9.250093e-02;6.375886e-02;1.466619e-01;8.709181e-02;5.457371e-02;5.027937e-02;6.031867e-02;2.536871e-01;2.961976e-02;7.250125e-02
6.312945e-02;3.999622e-02;1.359195e-01;6.752898e-02;7.701108e-02;8.679389e-02;1.498364e-01;6.337719e-02;7.797161e-02;1.344358e-01;3.076058e-02;7.323933e-02
1.068502e-01;3.780370e-02;1.020643e-01;4.933405e-02;4.817559e-02;5.897917e-02;2.553095e-01;5.835230e-02;8.063395e-02;8.425345e-02;4.104831e-02;7.719556e-02
1.074264e-01;3.080038e-02;5.379623e-02;3.979342e-02;4.512192e-02;5.556392e-02;3.201094e-01;4.753403e-02;5.896653e-02;8.664556e-02;4.939543e-02;1.048468e-01
6.371949e-02;3.580347e-02;3.019156e-02;3.608583e-02;5.438631e-02;1.476381e-01;2.458669e-01;3.972502e-02;5.420292e-02;1.026357e-01;4.622080e-02;1.435239e-01
7.595423e-02;2.802767e-02;4.396265e-02;2.992746e-02;5.305983e-02;1.625138e-01;2.302117e-01;5.080585e-02;7.030312e-02;1.086534e-01;3.610064e-02;1.104797e-01
6.888322e-02;3.040584e-02;6.192262e-02;5.678459e-02;3.847287e-02;8.529057e-02;2.621516e-01;4.971045e-02;1.255136e-01;1.105951e-01;6.987841e-02;4.039120e-02
1.211870e-01;2.427075e-02;8.201320e-02;9.973813e-02;3.898917e-02;3.785640e-02;1.694396e-01;5.817102e-02;1.700218e-01;1.036616e-01;7.748437e-02;1.716688e-02
1.299879e-01;2.862596e-02;9.032475e-02;1.572824e-01;5.067463e-02;3.249376e-02;9.248763e-02;1.000418e-01;1.625790e-01;8.389749e-02;5.274964e-02;1.885507e-02
9.377917e-02;2.814112e-02;1.147714e-01;2.018605e-01;5.282545e-02;2.257191e-02;7.984642e-02;9.663004e-02;1.656128e-01;9.586924e-02;3.619080e-02;1.190104e-02
6.771680e-02;4.156978e-02;1.397713e-01;1.958830e-01;6.673984e-02;3.935942e-02;5.708052e-02;5.681980e-02;1.733762e-01;9.056592e-02;4.596169e-02;2.515575e-02
3.747213e-02;4.376632e-02;1.699443e-01;1.289651e-01;6.874945e-02;1.044604e-01;9.603264e-02;4.750298e-02;1.354182e-01;6.625172e-02;4.620762e-02;5.522918e-02
2.392332e-02;5.549290e-02;2.019224e-01;7.847504e-02;4.786406e-02;1.422780e-01;1.558793e-01;5.674730e-02;9.314322e-02;4.888313e-02;3.137775e-02;6.401353e-02
4.518823e-02;6.867392e-02;1.972872e-01;7.114007e-02;4.341708e-02;1.359983e-01;1.801859e-01;4.759328e-02;7.456200e-02;4.771569e-02;2.705100e-02;6.118738e-02
9.004276e-02;8.533146e-02;1.134542e-01;8.480731e-02;5.839228e-02;1.069280e-01;1.326280e-01;3.593133e-02;7.195584e-02;9.404655e-02;4.213170e-02;8.435068e-02
1.081074e-01;7.945488e-02;1.381781e-01;8.629887e-02;5.655746e-02;6.071482e-02;1.237653e-01;6.300572e-02;5.436734e-02;1.200467e-01;4.398374e-02;6.551966e-02
7.799269e-02;8.898858e-02;1.419916e-01;1.171508e-01;6.577219e-02;7.113089e-02;1.195828e-01;7.198119e-02;6.084870e-02;9.211435e-02;4.056213e-02;5.188411e-02
5.934751e-02;7.815804e-02;1.150768e-01;1.414095e-01;5.056067e-02;1.404345e-01;1.142299e-01;7.175554e-02;6.822798e-02;7.777791e-02;4.144092e-02;4.158064e-02
5.607130e-02;7.241111e-02;9.974936e-02;1.498768e-01;9.140063e-02;1.526903e-01;1.025449e-01;5.588031e-02;9.104228e-02;6.599579e-02;4.221254e-02;2.012476e-02
5.186507e-02;5.211776e-02;1.045731e-01;1.463020e-01;1.289274e-01;1.125875e-01;1.353519e-01;5.356053e-02;7.726728e-02;6.462928e-02;2.794347e-02;4.487490e-02
5.890436e-02;6.650506e-02;1.442247e-01;6.679489e-02;7.387704e-02;1.242433e-01;1.473270e-01;5.628592e-02;8.020469e-02;8.723193e-02;4.280075e-02;5.160033e-02
7.832460e-02;7.030174e-02;1.269711e-01;7.564018e-02;1.072771e-01;9.721813e-02;1.008223e-01;4.771112e-02;6.183627e-02;9.264495e-02;5.351350e-02;8.773895e-02
9.533773e-02;9.033763e-02;1.330948e-01;6.919898e-02;8.838593e-02;6.602744e-02;4.964523e-02;2.721276e-02;5.165397e-02;1.310139e-01;1.264901e-01;7.160151e-02
9.418470e-02;1.041686e-01;7.983565e-02;4.915816e-02;9.893079e-02;6.754254e-02;3.698086e-02;2.684101e-02;5.852795e-02;1.852814e-01;1.463761e-01;5.217217e-02
5.887615e-02;1.338846e-01;7.624653e-02;2.612031e-02;1.127607e-01;1.077002e-01;1.921567e-02;4.788256e-02;5.056607e-02;2.276172e-01;1.039788e-01;3.515109e-02
1.911118e-02;1.501692e-01;1.893507e-01;3.255957e-02;1.068961e-01;1.686101e-01;2.350610e-02;7.016380e-02;2.270944e-02;1.690271e-01;4.043893e-02;7.457803e-03
4.243391e-03;9.950086e-02;2.152232e-01;6.279547e-02;9.972782e-02;2.218933e-01;4.108158e-02;6.964398e-02;2.015594e-02;9.069643e-02;5.701243e-02;1.802565e-02
6.253247e-03;4.436414e-02;1.311255e-01;6.522190e-02;9.979078e-02;3.184521e-01;5.814052e-02;6.248536e-02;1.811590e-02;7.301843e-02;1.097289e-01;1.330324e-02
8.149529e-03;3.995578e-02;4.389507e-02;4.146216e-02;1.090157e-01;3.530872e-01;9.677349e-02;4.765829e-02;3.762761e-02;6.793860e-02;1.495984e-01;4.838083e-03
1.238957e-02;4.552885e-02;3.269508e-02;2.101250e-02;1.090840e-01;2.847540e-01;1.155724e-01;3.985133e-02;9.060277e-02;6.851137e-02;1.724085e-01;7.589689e-03
2.253140e-02;3.526286e-02;5.617297e-02;3.988343e-02;1.024010e-01;1.735552e-01;1.460736e-01;6.651208e-02;9.672402e-02;8.242185e-02;1.645785e-01;1.388322e-02
3.596144e-02;4.347938e-02;5.601268e-02;5.546345e-02;9.739142e-02;1.223906e-01;1.515167e-01;1.103986e-01;8.000397e-02;9.397018e-02;1.343641e-01;1.904744e-02
3.015770e-02;5.282869e-02;5.364652e-02;5.387535e-02;1.171933e-01;1.338807e-01;9.725029e-02;1.389135e-01;8.567896e-02;1.131926e-01;9.985665e-02;2.352569e-02
2.818542e-02;5.948239e-02;5.945101e-02;2.679331e-02;1.044367e-01;1.861285e-01;7.639328e-02;1.324145e-01;1.048725e-01;1.169947e-01;8.970226e-02;1.514540e-02
2.934716e-02;9.750579e-02;6.270868e-02;3.711836e-02;1.053290e-01;1.143330e-01;9.558107e-02;1.052609e-01;1.470524e-01;1.050349e-01;7.330233e-02;2.742636e-02
1.641312e-02;1.377747e-01;5.028290e-02;5.672557e-02;1.369438e-01;7.012050e-02;7.972976e-02;7.450190e-02;1.564237e-01;1.400156e-01;4.912420e-02;3.194417e-02
1.094358e-02;1.384448e-01;5.842554e-02;7.356656e-02;1.620801e-01;4.449099e-02;4.685903e-02;9.417274e-02;1.189239e-01;1.859200e-01;3.990134e-02;2.627150e-02
1.061025e-02;9.754095e-02;4.699367e-02;8.963916e-02;1.733828e-01;2.250455e-02;4.685443e-02;1.340370e-01;8.519772e-02;2.346719e-01;3.923444e-02;1.933309e-02
1.768780e-02;4.638400e-02;4.035734e-02;7.344544e-02;1.915936e-01;5.075825e-02;4.810161e-02;1.212189e-01;9.139989e-02;2.588377e-01;3.931307e-02;2.090244e-02
2.301449e-02;2.171029e-02;9.412538e-02;4.506981e-02;1.791366e-01;1.324923e-01;8.575314e-02;6.523503e-02;1.147008e-01;1.804610e-01;3.395512e-02;2.434613e-02
1.550477e-02;2.789797e-02;1.296810e-01;7.266214e-02;9.111862e-02;1.686191e-01;1.123129e-01;8.885707e-02;1.293849e-01;1.197356e-01;2.585260e-02;1.837325e-02
1.217253e-02;2.839526e-02;1.114484e-01;1.105263e-01;7.560055e-02;1.219981e-01;1.045095e-01;1.472438e-01;1.444808e-01;9.992213e-02;2.839532e-02;1.530721e-02
2.387420e-02;5.387367e-02;1.291180e-01;8.619884e-02;1.144538e-01;7.247204e-02;1.688752e-01;1.246409e-01;1.145911e-01;6.525127e-02;3.265885e-02;1.399215e-02
3.544722e-02;8.332881e-02;1.015890e-01;7.195878e-02;1.307104e-01;6.014781e-02;2.240930e-01;7.698110e-02;8.402578e-02;6.731230e-02;4.093571e-02;2.347014e-02
3.853069e-02;1.012959e-01;5.958963e-02;3.831008e-02;1.299878e-01;6.836565e-02;2.097714e-01;9.234683e-02;9.503382e-02;9.504744e-02;4.684182e-02;2.487891e-02
3.777755e-02;8.364636e-02;6.621847e-02;3.063213e-02;9.114114e-02;7.080054e-02;2.073119e-01;1.610433e-01;7.055102e-02;1.220351e-01;3.868939e-02;2.015310e-02
3.643565e-02;6.318036e-02;1.038533e-01;3.774267e-02;6.258296e-02;6.484707e-02;2.061701e-01;1.977403e-01;6.516839e-02;1.033668e-01;3.109450e-02;2.781803e-02
2.241459e-02;4.154891e-02;1.921826e-01;4.627622e-02;4.923043e-02;5.500285e-02;1.672458e-01;1.823227e-01;6.322688e-02;1.034709e-01;3.507182e-02;4.200635e-02
2.240101e-02;5.252094e-02;2.670692e-01;5.860836e-02;3.713940e-02;5.757448e-02;1.272469e-01;1.189872e-01;6.360638e-02;1.247715e-01;3.052736e-02;3.954721e-02
2.920507e-02;6.493516e-02;2.517245e-01;9.716766e-02;4.065705e-02;6.618214e-02;9.145992e-02;8.921972e-02;9.268429e-02;1.269562e-01;2.209194e-02;2.771626e-02
5.304773e-02;6.870849e-02;1.725139e-01;1.536694e-01;5.024083e-02;5.170076e-02;7.308131e-02;8.955777e-02;1.337909e-01;1.027004e-01;3.864830e-02;1.234016e-02
6.807956e-02;5.360689e-02;1.300489e-01;1.788784e-01;5.489668e-02;4.485415e-02;6.135320e-02;1.056287e-01;1.286692e-01;9.710544e-02;6.405853e-02;1.282040e-02
6.658624e-02;3.076521e-02;1.710916e-01;1.436239e-01;4.816642e-02;5.094904e-02;9.663284e-02;1.324590e-01;8.689765e-02;9.238786e-02;5.949299e-02;2.094716e-02
5.261923e-02;4.250999e-02;2.005333e-01;9.312800e-02;3.677446e-02;6.391557e-02;1.412375e-01;1.104244e-01;7.033746e-02;9.271333e-02;4.512193e-02;5.068479e-02
4.620005e-02;4.763808e-02;2.100415e-01;7.762602e-02;3.835157e-02;7.041463e-02;1.622654e-01;9.649010e-02;6.304419e-02;8.401350e-02;2.597794e-02;7.793704e-02
8.472791e-02;6.182289e-02;1.386704e-01;5.404164e-02;8.065999e-02;8.494055e-02;1.222437e-01;6.525595e-02;1.000555e-01;9.885073e-02;3.807204e-02;7.065868e-02
8.943832e-02;6.224890e-02;1.282789e-01;6.307483e-02;1.011010e-01;9.281425e-02;9.023059e-02;3.293499e-02;1.376793e-01;1.123382e-01;5.333653e-02;3.652424e-02
4.568937e-02;5.993881e-02;1.630046e-01;5.943131e-02;8.737171e-02;8.558001e-02;1.384097e-01;7.175805e-02;1.283300e-01;7.103991e-02;5.250662e-02;3.693984e-02
4.238237e-02;4.108546e-02;1.499025e-01;5.760193e-02;7.891762e-02;7.864833e-02;1.447043e-01;1.047354e-01;9.087345e-02;1.053990e-01;4.716006e-02;5.858966e-02
5.239974e-02;4.155626e-02;1.288895e-01;4.144511e-02;7.782789e-02;1.077803e-01;1.300197e-01;1.064577e-01;6.617715e-02;9.547018e-02;5.167484e-02;1.003017e-01
4.457325e-02;6.328358e-02;1.081389e-01;7.538529e-02;5.902171e-02;1.200446e-01;1.183768e-01;9.603740e-02;4.908928e-02;9.919588e-02;6.319041e-02;1.036630e-01
2.995424e-02;5.615232e-02;1.048843e-01;6.651847e-02;4.238249e-02;1.215086e-01;1.230134e-01;9.455158e-02;9.564909e-02;1.551612e-01;6.699890e-02;4.322541e-02
3.915147e-02;7.161651e-02;1.006538e-01;4.207134e-02;6.626849e-02;1.136641e-01;1.264358e-01;8.172470e-02;1.123704e-01;1.525096e-01;6.124031e-02;3.229341e-02
6.122262e-02;1.116891e-01;1.089227e-01;3.598978e-02;8.288296e-02;1.067678e-01;1.091218e-01;1.223133e-01;6.206977e-02;1.190735e-01;4.152447e-02;3.842231e-02
5.736751e-02;1.061304e-01;1.135459e-01;3.515160e-02;9.303532e-02;9.663431e-02;1.260968e-01;1.116234e-01;9.412809e-02;8.798072e-02;3.770638e-02;4.059950e-02
4.951735e-02;9.279066e-02;8.945137e-02;4.622741e-02;8.666434e-02;8.246604e-02;1.111481e-01;1.145328e-01;1.502986e-01;8.198642e-02;4.587170e-02;4.904518e-02
7.307763e-02;9.188288e-02;1.300092e-01;5.455410e-02;8.284475e-02;7.683834e-02;1.154031e-01;1.118599e-01;1.177465e-01;4.758430e-02;4.572114e-02;5.247814e-02
3.794365e-02;1.551011e-01;1.155754e-01;4.763920e-02;7.405640e-02;6.018588e-02;1.112959e-01;1.461825e-01;7.184570e-02;7.944619e-02;4.972902e-02;5.099912e-02
2.936847e-02;1.801030e-01;6.090554e-02;2.983181e-02;6.222256e-02;3.874458e-02;1.004594e-01;1.866456e-01;8.025839e-02;1.200616e-01;6.563788e-02;4.576120e-02
1.622903e-02;1.965858e-01;3.165996e-02;2.148753e-02;8.122944e-02;3.555448e-02;6.496150e-02;1.836190e-01;6.935757e-02;1.629875e-01;8.991339e-02;4.641473e-02
2.651751e-02;1.882460e-01;2.673158e-02;2.195154e-02;1.171931e-01;5.811013e-02;5.342742e-02;1.243196e-01;6.143470e-02;1.835498e-01;9.207130e-02;4.644736e-02
2.726761e-02;1.686253e-01;2.562549e-02;3.705837e-02;1.090181e-01;8.543499e-02;9.265881e-02;1.005725e-01;5.704366e-02;1.514184e-01;1.082409e-01;3.703598e-02
1.476188e-02;1.133084e-01;3.416617e-02;3.849116e-02;6.146418e-02;1.796010e-01;1.619399e-01;6.633166e-02;3.196260e-02;1.057519e-01;1.631376e-01;2.908357e-02
1.100094e-02;3.902941e-02;6.378850e-02;1.654586e-02;2.901546e-02;2.788227e-01;1.268511e-01;4.038404e-02;3.766459e-02;1.006346e-01;2.209227e-01;3.534013e-02
2.339548e-02;2.007459e-02;9.711085e-02;5.851746e-03;2.599396e-02;2.875736e-01;7.332439e-02;5.462181e-02;5.300122e-02;8.636453e-02;2.336371e-01;3.905070e-02
1.489208e-02;1.518963e-02;1.344360e-01;6.166366e-03;4.413065e-02;2.702779e-01;6.219447e-02;3.756944e-02;5.459175e-02;7.406800e-02;2.425388e-01;4.394488e-02
1.585369e-02;1.569192e-02;2.093092e-01;9.107932e-03;6.205122e-02;2.057867e-01;4.618410e-02;2.905930e-02;4.017487e-02;5.660972e-02;2.407285e-01;6.944285e-02
6.295679e-02;2.962372e-02;2.588845e-01;3.920663e-02;4.956312e-02;9.330549e-02;3.224291e-02;3.661649e-02;2.328925e-02;4.090026e-02;1.951648e-01;1.382461e-01
2.304171e-01;5.090652e-02;2.010942e-01;6.771468e-02;3.473345e-02;3.833177e-02;1.691546e-02;4.179668e-02;1.835924e-02;2.582003e-02;1.089034e-01;1.650074e-01
3.951648e-01;9.532703e-02;1.141119e-01;4.224330e-02;4.130496e-02;3.163528e-02;2.681273e-02;4.884233e-02;2.146842e-02;1.700074e-02;5.652168e-02;1.095668e-01
4.720662e-01;1.628913e-01;6.822287e-02;1.319864e-02;5.008103e-02;2.659773e-02;2.710027e-02;5.457667e-02;2.170706e-02;1.479840e-02;4.142145e-02;4.733844e-02
3.955512e-01;2.566581e-01;1.011796e-01;1.725037e-02;4.105398e-02;2.623828e-02;2.200067e-02;3.896237e-02;2.963706e-02;2.105184e-02;3.225490e-02;1.816155e-02
3.186196e-01;3.015878e-01;1.152061e-01;2.769157e-02;3.354559e-02;2.687274e-02;1.830633e-02;2.855078e-02;5.505919e-02;2.243411e-02;2.446076e-02;2.766540e-02
2.274219e-01;3.050036e-01;1.616824e-01;4.061059e-02;2.600226e-02;4.881792e-02;1.788647e-02;2.214496e-02;7.630835e-02;2.361126e-02;2.302430e-02;2.748598e-02
1.656775e-01;2.637198e-01;2.183229e-01;3.921859e-02;3.343804e-02;5.909717e-02;2.429415e-02;2.392241e-02;7.775012e-02;5.672346e-02;1.790958e-02;1.992633e-02
2.003067e-01;1.806430e-01;2.096281e-01;3.076415e-02;6.831832e-02;4.341793e-02;3.523786e-02;3.359234e-02;5.855452e-02;8.596353e-02;2.048745e-02;3.308611e-02
2.143540e-01;9.714038e-02;1.775639e-01;5.408294e-02;1.099864e-01;4.440200e-02;4.630716e-02;5.201313e-02;6.004992e-02;8.156313e-02;2.117279e-02;4.136425e-02
1.670368e-01;5.769521e-02;1.372461e-01;9.444989e-02;1.103666e-01;7.616385e-02;5.591365e-02;4.958376e-02;6.209059e-02;8.297019e-02;3.624958e-02;7.023376e-02
1.202551e-01;8.197496e-02;1.070556e-01;8.568623e-02;8.377798e-02;9.053706e-02;8.088257e-02;5.568072e-02;7.513320e-02;8.478961e-02;5.815484e-02;7.607217e-02
1.011564e-01;1.011098e-01;9.068189e-02;8.944713e-02;6.033505e-02;7.143212e-02;9.408928e-02;8.068005e-02;7.321546e-02;9.050999e-02;6.297906e-02;8.436383e-02
9.339339e-02;9.789501e-02;1.046840e-01;5.630620e-02;5.429178e-02;9.002098e-02;8.488154e-02;6.916185e-02;9.237634e-02;1.026575e-01;5.007181e-02;1.042596e-01
6.099659e-02;8.101918e-02;1.108502e-01;1.020693e-01;1.135209e-01;4.299631e-02;3.907844e-02;6.664738e-02;8.641926e-02;1.377864e-01;6.481487e-02;9.380125e-02
4.707549e-02;5.639755e-02;9.621701e-02;1.403293e-01;1.528949e-01;1.785196e-02;5.879344e-02;5.335188e-02;7.170986e-02;1.697031e-01;6.362888e-02;7.204656e-02
6.407057e-02;5.346256e-02;8.833499e-02;1.324937e-01;1.493436e-01;1.995166e-02;1.017545e-01;5.912440e-02;1.056200e-01;1.421268e-01;3.721007e-02;4.650716e-02
9.929039e-02;5.509682e-02;1.069355e-01;8.716112e-02;8.930636e-02;4.719914e-02;1.169107e-01;5.642124e-02;1.157142e-01;8.950671e-02;8.072998e-02;5.572783e-02
1.526926e-01;8.943328e-02;1.728592e-01;5.328761e-02;6.742650e-02;7.185410e-02;8.089972e-02;6.304620e-02;8.828384e-02;4.373489e-02;5.274945e-02;6.373261e-02
1.178381e-01;1.390442e-01;2.491929e-01;4.528509e-02;6.756368e-02;5.725412e-02;5.427779e-02;5.526144e-02;1.329428e-01;2.099842e-02;2.347474e-02;3.686681e-02
5.040232e-02;1.842613e-01;2.970279e-01;5.647882e-02;4.627509e-02;5.928226e-02;2.869897e-02;2.458471e-02;2.005648e-01;2.316342e-02;1.027652e-02;1.898391e-02
4.051569e-02;2.125717e-01;3.322176e-01;3.838387e-02;2.347282e-02;5.722826e-02;1.060101e-02;1.311618e-02;2.157717e-01;3.356937e-02;8.205278e-03;1.434661e-02
6.689873e-02;2.342068e-01;3.112755e-01;2.404045e-02;8.535187e-03;5.085796e-02;5.300749e-03;1.339105e-02;2.226906e-01;4.546215e-02;6.954842e-03;1.038588e-02
1.210025e-01;2.463281e-01;2.327775e-01;1.986761e-02;5.512425e-03;4.878061e-02;1.297854e-02;2.016828e-02;2.280633e-01;4.323287e-02;1.054603e-02;1.074220e-02
2.353325e-01;2.364199e-01;1.624248e-01;1.604823e-02;9.154928e-03;3.521068e-02;2.682280e-02;3.924204e-02;1.702050e-01;3.348689e-02;1.577883e-02;1.987336e-02
3.911430e-01;1.718434e-01;9.699520e-02;1.290734e-02;1.221240e-02;1.847303e-02;5.249842e-02;6.529206e-02;8.091591e-02;2.649009e-02;1.622776e-02;5.500144e-02
4.111321e-01;7.522508e-02;4.908372e-02;1.113135e-02;1.323624e-02;2.891077e-02;7.232769e-02;5.427146e-02;3.613834e-02;2.890215e-02;6.279512e-02;1.568460e-01
2.947869e-01;4.075340e-02;3.809556e-02;1.524374e-02;3.345528e-02;5.936230e-02;7.547811e-02;3.580915e-02;1.914532e-02;6.590407e-02;1.377261e-01;1.842401e-01
1.841158e-01;4.903400e-02;6.150942e-02;5.412063e-02;7.157148e-02;6.277296e-02;7.054553e-02;4.369892e-02;6.599747e-02;1.000591e-01;1.324742e-01;1.041005e-01
1.054227e-01;3.883847e-02;1.311862e-01;1.640090e-01;8.312026e-02;5.020582e-02;5.374359e-02;7.521349e-02;1.196282e-01;8.989316e-02;6.199186e-02;2.674722e-02
5.162587e-02;3.191764e-02;2.271479e-01;2.065148e-01;5.669555e-02;3.795290e-02;5.553745e-02;1.156684e-01;1.114650e-01;5.365893e-02;2.096487e-02;3.085073e-02
3.428573e-02;2.567332e-02;2.979495e-01;1.499809e-01;3.973875e-02;2.934850e-02;7.329006e-02;1.621830e-01;9.829843e-02;4.649323e-02;1.883996e-02;2.391867e-02
2.978589e-02;3.935409e-02;2.885684e-01;8.084802e-02;3.867420e-02;2.281016e-02;1.277205e-01;2.009059e-01;9.531312e-02;4.535169e-02;1.214768e-02;1.852035e-02
2.493070e-02;7.691623e-02;1.881422e-01;3.660563e-02;9.971181e-02;2.093069e-02;2.231386e-01;1.860771e-01;7.708701e-02;3.070598e-02;1.817260e-02;1.758150e-02
9.684876e-03;1.140950e-01;9.796751e-02;2.047658e-02;1.806839e-01;2.633589e-02;3.159661e-01;1.296192e-01;4.724525e-02;1.513262e-02;3.373734e-02;9.055782e-03
2.658606e-02;1.309276e-01;4.691902e-02;2.250882e-02;1.765886e-01;3.154099e-02;3.493737e-01;7.687983e-02;6.773989e-02;2.210454e-02;4.231961e-02;6.511425e-03
3.493980e-02;1.463623e-01;2.635819e-02;4.345555e-02;1.070428e-01;4.378422e-02;3.826568e-01;4.440786e-02;9.498408e-02;2.568176e-02;4.751058e-02;2.816078e-03
4.080347e-02;1.512152e-01;2.561614e-02;1.132111e-01;4.516400e-02;5.231241e-02;3.809253e-01;2.902734e-02;7.826047e-02;3.194919e-02;4.717983e-02;4.335605e-03
5.710443e-02;1.383065e-01;2.931805e-02;1.999687e-01;2.667575e-02;6.651101e-02;3.437789e-01;1.588449e-02;3.739191e-02;3.739080e-02;3.898209e-02;8.687365e-03
7.387032e-02;1.228411e-01;3.852652e-02;2.376773e-01;1.904799e-02;7.583342e-02;3.157752e-01;1.039059e-02;2.632992e-02;3.205755e-02;3.429922e-02;1.335089e-02
9.618574e-02;1.270506e-01;4.090442e-02;1.972452e-01;3.029234e-02;9.014767e-02;3.054067e-01;1.776331e-02;2.479444e-02;2.513899e-02;2.998790e-02;1.508276e-02
2.111930e-01;1.062076e-01;4.017306e-02;1.240416e-01;3.147263e-02;1.182987e-01;2.634250e-01;1.564448e-02;1.655362e-02;3.728271e-02;1.746258e-02;1.824494e-02
3.014548e-01;8.912475e-02;3.121960e-02;8.113766e-02;3.332839e-02;1.284665e-01;2.102551e-01;8.479578e-03;1.644838e-02;6.073091e-02;1.577666e-02;2.357768e-02
3.227106e-01;6.423041e-02;1.815944e-02;7.139150e-02;3.514943e-02;1.484437e-01;1.959113e-01;1.351329e-02;2.097704e-02;8.472491e-02;4.829350e-03;1.995910e-02
2.481856e-01;4.390997e-02;1.375397e-02;6.246841e-02;5.540985e-02;1.703405e-01;2.213292e-01;2.091959e-02;3.622989e-02;9.066629e-02;1.573998e-02;2.104675e-02
1.729909e-01;2.972168e-02;2.000640e-02;5.907495e-02;9.324783e-02;1.754519e-01;2.075782e-01;2.607451e-02;8.565981e-02;8.860517e-02;1.853854e-02;2.305010e-02
1.280863e-01;1.989833e-02;5.150037e-02;5.805638e-02;1.626525e-01;1.478464e-01;1.658654e-01;3.749146e-02;1.197617e-01;7.103357e-02;1.779745e-02;2.001022e-02
1.182772e-01;2.566754e-02;8.798109e-02;7.324710e-02;1.874246e-01;1.256085e-01;1.218140e-01;3.918235e-02;1.301821e-01;4.429569e-02;1.529730e-02;3.102253e-02
1.004776e-01;3.747749e-02;1.750776e-01;1.097540e-01;1.425591e-01;8.666854e-02;1.134729e-01;5.294630e-02;9.233879e-02;3.983713e-02;2.382388e-02;2.556671e-02
6.265572e-02;5.235970e-02;3.263870e-01;1.212388e-01;7.426484e-02;5.754000e-02;1.195400e-01;6.325201e-02;4.442093e-02;3.738530e-02;2.290612e-02;1.804957e-02
2.792854e-02;9.257509e-02;4.225024e-01;8.424202e-02;5.105957e-02;4.490176e-02;8.536985e-02;6.592488e-02;4.470790e-02;5.392313e-02;1.238101e-02;1.448387e-02
8.807472e-02;1.350629e-01;2.969992e-01;3.519152e-02;6.800665e-02;5.378210e-02;9.675746e-02;6.647941e-02;7.018808e-02;4.449708e-02;2.574575e-02;1.921514e-02
1.600374e-01;1.427237e-01;1.646742e-01;3.064647e-02;7.795631e-02;6.364152e-02;1.119192e-01;6.051308e-02;9.441828e-02;4.006435e-02;2.789601e-02;2.550951e-02
1.785841e-01;8.402228e-02;1.598057e-01;5.671536e-02;7.000215e-02;6.184395e-02;1.308014e-01;7.289366e-02;8.917052e-02;4.048583e-02;3.025308e-02;2.542203e-02
1.765503e-01;2.379954e-02;1.166702e-01;7.305495e-02;7.411516e-02;7.346500e-02;1.825983e-01;8.808860e-02;6.846659e-02;5.314701e-02;3.559034e-02;3.445397e-02
1.903601e-01;4.299374e-02;1.219275e-01;8.337522e-02;6.096076e-02;6.091116e-02;1.722034e-01;5.855101e-02;6.787753e-02;6.147091e-02;4.434874e-02;3.501990e-02
1.570177e-01;8.401537e-02;2.096111e-01;6.640290e-02;7.831558e-02;4.903806e-02;1.617013e-01;4.008242e-02;5.691587e-02;4.028714e-02;3.232262e-02;2.429001e-02
1.352902e-01;9.893844e-02;1.743970e-01;5.174638e-02;8.621267e-02;7.470098e-02;1.683927e-01;4.443159e-02;7.067540e-02;3.141837e-02;3.594537e-02;2.785098e-02
1.419447e-01;7.656599e-02;1.631723e-01;4.701195e-02;8.183727e-02;8.308487e-02;1.786886e-01;4.522736e-02;5.761587e-02;5.537216e-02;4.209267e-02;2.738634e-02
1.175696e-01;5.727327e-02;1.263106e-01;5.971648e-02;1.058586e-01;7.238790e-02;2.104611e-01;5.039278e-02;5.297983e-02;7.512297e-02;4.043953e-02;3.148739e-02
8.073574e-02;5.461729e-02;1.507613e-01;6.567050e-02;9.491070e-02;9.307698e-02;2.070098e-01;4.860418e-02;6.583905e-02;6.531440e-02;3.592473e-02;3.753532e-02
9.427021e-02;6.297594e-02;1.664505e-01;6.773011e-02;6.029842e-02;1.432132e-01;1.881970e-01;3.202359e-02;4.888313e-02;5.839004e-02;3.047446e-02;4.709336e-02
