1.913768e-01;6.914458e-02;1.873994e-01;9.917895e-02;7.487309e-02;2.936148e-02;1.083517e-01;2.930590e-02;1.950720e-02;6.796291e-02;3.352657e-02;9.001152e-02
1.218038e-01;6.546740e-02;1.591422e-01;7.329389e-02;6.250340e-02;5.994665e-02;2.001537e-01;5.308251e-02;5.952204e-02;4.407751e-02;3.926964e-02;6.173717e-02
8.698956e-02;7.034390e-02;1.659548e-01;5.188931e-02;1.078534e-01;7.047641e-02;2.554982e-01;2.993556e-02;4.590944e-02;3.061697e-02;4.396530e-02;4.056715e-02
1.000789e-01;6.301118e-02;1.737282e-01;6.686883e-02;1.469495e-01;8.065926e-02;1.947253e-01;2.335047e-02;3.861519e-02;2.772974e-02;3.145647e-02;5.282701e-02
9.847844e-02;4.669459e-02;1.698943e-01;6.963073e-02;2.204876e-01;9.724484e-02;1.215743e-01;1.321574e-02;4.936301e-02;2.298422e-02;2.279259e-02;6.763961e-02
8.893535e-02;1.671222e-02;1.644602e-01;7.868672e-02;2.766508e-01;9.370901e-02;9.932950e-02;8.324481e-03;5.074497e-02;1.773113e-02;2.369665e-02;8.101892e-02
8.166113e-02;2.398155e-02;2.469844e-01;1.068600e-01;1.997651e-01;5.916711e-02;6.655040e-02;1.916257e-02;2.732885e-02;3.787078e-02;5.398109e-02;7.668711e-02
6.228444e-02;1.943542e-02;4.055248e-01;1.114262e-01;1.166483e-01;3.718172e-02;3.049651e-02;2.400500e-02;1.544980e-02;5.357527e-02;7.199287e-02;5.197972e-02
4.518913e-02;2.877670e-02;5.231679e-01;6.497445e-02;7.051413e-02;2.156898e-02;3.719446e-02;2.273692e-02;2.141157e-02;8.675803e-02;5.381489e-02;2.389283e-02
3.872186e-02;3.030063e-02;5.541490e-01;4.081945e-02;4.607845e-02;1.270391e-02;3.407876e-02;3.416120e-02;3.133239e-02;1.222269e-01;2.710690e-02;2.832051e-02
3.446786e-02;2.989933e-02;5.330931e-01;4.435379e-02;4.241074e-02;1.973307e-02;3.400998e-02;3.707210e-02;3.130272e-02;1.216668e-01;3.988961e-02;3.210095e-02
3.059807e-02;3.688258e-02;5.434968e-01;4.010258e-02;3.556614e-02;3.639391e-02;4.925997e-02;3.485760e-02;3.305459e-02;7.646383e-02;5.171451e-02;3.160942e-02
3.856776e-02;7.308519e-02;5.385864e-01;3.716436e-02;3.842356e-02;3.981854e-02;4.462416e-02;2.505921e-02;5.926375e-02;3.882797e-02;4.084032e-02;2.573879e-02
9.156345e-02;1.063808e-01;4.874238e-01;3.324935e-02;2.796921e-02;2.681344e-02;3.363251e-02;3.113138e-02;7.298057e-02;3.761824e-02;2.785945e-02;2.337779e-02
1.831777e-01;1.355459e-01;3.747846e-01;2.419066e-02;1.899949e-02;1.281311e-02;3.191689e-02;4.802023e-02;6.190855e-02;4.703599e-02;3.760085e-02;2.400598e-02
2.232030e-01;1.546994e-01;3.505125e-01;2.432860e-02;3.381925e-02;1.433552e-02;2.595953e-02;3.411765e-02;5.693719e-02;3.109526e-02;2.815442e-02;2.283766e-02
2.151479e-01;1.969728e-01;3.420953e-01;2.408877e-02;3.613646e-02;2.115960e-02;3.034205e-02;2.442903e-02;5.155379e-02;1.895898e-02;1.668409e-02;2.243122e-02
1.472088e-01;1.904417e-01;3.115054e-01;2.111453e-02;3.998666e-02;3.656229e-02;9.941798e-02;2.087622e-02;6.061843e-02;2.766269e-02;2.391474e-02;2.069058e-02
7.505678e-02;1.075368e-01;2.220893e-01;3.408735e-02;7.045773e-02;9.700152e-02;2.473048e-01;3.231747e-02;5.056964e-02;2.475968e-02;1.636322e-02;2.245562e-02
1.052727e-01;6.303222e-02;1.073369e-01;3.047770e-02;6.131990e-02;1.430526e-01;3.673945e-01;3.773407e-02;3.765727e-02;3.034968e-02;5.915319e-03;1.045709e-02
1.828959e-01;6.653288e-02;3.879800e-02;1.787305e-02;4.096974e-02;1.698224e-01;3.733998e-01;3.691692e-02;2.285947e-02;2.993032e-02;5.376867e-03;1.462460e-02
2.616449e-01;4.963477e-02;1.900485e-02;1.190339e-02;7.081526e-02;2.058478e-01;2.777503e-01;2.238829e-02;1.364990e-02;2.922425e-02;6.735614e-03;3.140074e-02
2.687952e-01;1.435422e-02;3.054344e-02;3.323775e-02;1.481101e-01;1.913651e-01;1.610538e-01;1.120180e-02;2.121902e-02;1.716083e-02;1.113214e-02;9.182666e-02
1.883060e-01;7.997975e-03;6.375956e-02;9.940530e-02;2.072911e-01;1.063790e-01;8.742247e-02;1.171646e-02;2.539278e-02;1.664069e-02;4.360247e-02;1.420862e-01
1.224171e-01;2.602135e-02;1.727490e-01;1.826195e-01;1.745627e-01;2.913790e-02;4.811747e-02;1.838079e-02;1.997554e-02;3.635229e-02;6.839196e-02;1.012744e-01
9.671222e-02;6.036709e-02;3.431496e-01;1.666020e-01;1.051145e-01;1.280062e-02;4.244698e-02;1.586935e-02;1.528436e-02;5.908997e-02;3.189049e-02;5.067289e-02
1.202694e-01;1.089180e-01;3.852765e-01;8.837656e-02;7.179631e-02;1.766885e-02;4.459983e-02;1.247911e-02;2.173091e-02;6.529035e-02;2.382440e-02;3.976970e-02
1.998670e-01;1.312514e-01;2.626784e-01;4.788445e-02;6.165084e-02;3.027878e-02;6.599247e-02;2.191699e-02;1.869140e-02;6.401291e-02;3.463819e-02;6.113721e-02
1.864219e-01;7.428411e-02;1.947784e-01;7.716645e-02;5.863676e-02;3.941041e-02;8.937431e-02;3.248041e-02;3.790636e-02;5.045798e-02;5.348110e-02;1.056018e-01
1.088968e-01;5.501680e-02;1.494140e-01;6.268438e-02;8.204304e-02;6.351993e-02;1.203583e-01;2.681777e-02;7.811195e-02;6.097509e-02;7.778864e-02;1.143733e-01
9.565471e-02;3.493502e-02;1.363707e-01;7.010831e-02;8.175179e-02;7.072858e-02;1.158503e-01;1.912293e-02;1.094824e-01;7.095348e-02;1.237621e-01;7.127964e-02
9.426101e-02;5.586442e-02;1.890085e-01;6.662650e-02;7.319243e-02;5.652429e-02;9.574673e-02;1.802783e-02;1.044497e-01;6.996775e-02;1.274338e-01;4.889702e-02
6.640533e-02;8.334076e-02;1.309272e-01;3.647149e-02;9.795544e-02;5.119614e-02;1.420426e-01;2.355868e-02;8.930334e-02;8.019236e-02;1.395114e-01;5.909524e-02
9.309778e-02;7.619514e-02;1.766869e-01;4.179335e-02;7.545436e-02;6.468375e-02;1.514149e-01;2.890420e-02;5.250921e-02;7.876413e-02;1.091209e-01;5.137531e-02
1.074113e-01;1.190901e-01;2.007468e-01;5.199663e-02;6.178759e-02;7.052612e-02;9.679612e-02;4.222009e-02;4.702812e-02;5.630228e-02;8.100146e-02;6.509336e-02
1.706967e-01;1.484540e-01;2.982020e-01;2.951639e-02;4.334110e-02;3.794392e-02;6.755034e-02;3.683819e-02;3.851315e-02;3.009970e-02;3.365896e-02;6.518558e-02
1.516107e-01;1.264007e-01;4.104879e-01;3.606011e-02;4.211653e-02;2.121610e-02;5.004863e-02;2.622165e-02;3.032494e-02;3.358447e-02;2.595594e-02;4.597243e-02
1.026860e-01;6.827102e-02;4.380354e-01;1.065547e-01;5.874285e-02;3.338580e-02;4.480801e-02;2.357008e-02;3.654974e-02;3.845301e-02;2.632966e-02;2.261373e-02
5.248883e-02;4.082446e-02;2.831135e-01;1.896157e-01;1.425387e-01;6.095321e-02;4.678005e-02;4.191263e-02;5.086261e-02;4.172570e-02;2.800717e-02;2.117738e-02
2.600488e-02;3.895618e-02;1.605935e-01;1.389555e-01;2.580751e-01;7.382017e-02;8.990344e-02;3.868898e-02;8.516709e-02;3.773165e-02;1.761933e-02;3.448423e-02
4.459253e-02;2.954489e-02;1.064615e-01;1.160193e-01;2.169697e-01;1.245079e-01;1.513054e-01;3.897343e-02;8.637886e-02;5.193238e-02;7.971599e-03;2.534254e-02
4.087299e-02;4.070359e-02;8.065886e-02;1.930835e-01;9.784033e-02;1.334010e-01;2.471669e-01;4.272467e-02;4.349567e-02;6.112597e-02;8.872031e-03;1.005450e-02
4.281824e-02;5.667501e-02;6.873073e-02;2.073953e-01;4.371354e-02;1.131242e-01;3.267933e-01;3.574658e-02;4.065108e-02;4.431399e-02;1.376550e-02;6.272524e-03
9.746715e-02;3.838389e-02;4.274421e-02;1.683744e-01;5.426709e-02;1.650657e-01;2.564077e-01;4.926142e-02;3.335077e-02;7.635515e-02;1.005254e-02;8.269957e-03
1.449676e-01;4.123622e-02;3.339108e-02;1.015728e-01;6.560929e-02;2.189082e-01;1.844491e-01;7.686982e-02;3.090034e-02;7.931531e-02;7.116884e-03;1.566335e-02
1.411542e-01;4.694072e-02;7.174134e-02;4.403042e-02;1.066810e-01;2.445741e-01;1.268308e-01;7.302656e-02;4.808839e-02;5.609027e-02;7.219650e-03;3.362267e-02
7.579254e-02;2.865695e-02;1.138123e-01;2.694555e-02;1.687852e-01;1.870667e-01;7.990170e-02;3.425410e-02;9.852143e-02;3.202888e-02;9.130847e-03;1.451037e-01
3.391846e-02;1.232535e-02;9.561688e-02;4.712444e-02;2.072734e-01;1.054063e-01;3.695867e-02;1.338793e-02;1.498911e-01;1.255826e-02;1.231790e-02;2.732213e-01
2.061308e-02;1.452005e-02;8.198838e-02;7.750073e-02;1.992832e-01;6.403878e-02;5.840564e-02;1.997426e-02;1.535741e-01;7.204905e-03;2.668959e-02;2.762073e-01
2.294755e-02;3.309943e-02;1.425180e-01;9.679829e-02;1.532800e-01;4.752323e-02;7.552297e-02;3.996313e-02;1.158786e-01;2.050686e-02;4.363120e-02;2.083307e-01
3.237969e-02;5.602599e-02;2.078525e-01;8.509825e-02;1.168340e-01;5.272297e-02;8.037867e-02;6.120160e-02;6.531106e-02;3.513528e-02;5.374038e-02;1.533196e-01
1.011610e-01;7.289579e-02;1.998848e-01;4.933752e-02;1.013864e-01;5.109232e-02;7.174899e-02;6.821903e-02;9.835156e-02;4.052426e-02;3.003959e-02;1.153586e-01
9.459016e-02;1.119511e-01;2.147079e-01;5.448186e-02;1.048657e-01;3.204044e-02;5.081049e-02;7.178877e-02;8.581681e-02;4.771510e-02;2.794817e-02;1.032835e-01
6.120450e-02;1.424126e-01;3.534282e-01;2.409676e-02;6.570423e-02;2.501883e-02;3.246590e-02;6.291961e-02;7.822545e-02;5.362333e-02;2.215860e-02;7.874201e-02
4.509452e-02;1.664512e-01;3.801837e-01;2.145187e-02;3.662859e-02;3.998510e-02;2.971343e-02;4.384660e-02;1.361857e-01;4.328670e-02;1.119079e-02;4.598175e-02
1.189410e-01;1.795438e-01;2.832191e-01;1.796387e-02;3.303873e-02;3.939081e-02;1.926934e-02;4.998484e-02;1.856252e-01;3.089663e-02;1.978595e-02;2.234084e-02
2.012937e-01;1.520102e-01;1.913929e-01;2.143343e-02;3.475916e-02;2.640789e-02;2.431501e-02;7.298288e-02;1.606954e-01;4.788390e-02;4.218588e-02;2.463964e-02
2.400899e-01;1.144070e-01;1.355950e-01;3.113354e-02;3.587284e-02;2.853259e-02;3.878426e-02;9.332196e-02;1.007084e-01;8.917349e-02;5.064609e-02;4.173492e-02
1.818435e-01;1.096945e-01;9.573574e-02;3.068005e-02;3.344323e-02;4.495359e-02;4.796499e-02;9.302045e-02;8.657689e-02;1.292414e-01;8.887459e-02;5.797110e-02
1.150528e-01;1.247287e-01;1.049213e-01;2.426020e-02;3.414368e-02;3.903246e-02;6.516305e-02;8.277716e-02;1.017609e-01;1.303456e-01;1.237889e-01;5.402523e-02
1.394898e-01;1.722493e-01;1.220580e-01;2.694036e-02;3.105422e-02;3.208115e-02;5.048445e-02;5.296741e-02;8.331604e-02;1.138876e-01;1.233096e-01;5.216208e-02
1.956252e-01;1.543693e-01;1.111222e-01;3.721252e-02;4.400654e-02;2.745105e-02;3.789289e-02;3.655273e-02;6.618175e-02;8.256567e-02;1.287867e-01;7.823350e-02
1.499466e-01;8.923626e-02;1.486072e-01;5.079412e-02;5.930876e-02;1.642989e-02;4.137097e-02;5.269307e-02;4.504379e-02;6.851085e-02;1.216391e-01;1.564194e-01
8.294935e-02;5.178432e-02;2.072608e-01;5.551831e-02;3.947662e-02;2.971922e-02;3.900998e-02;6.776188e-02;6.782092e-02;4.724720e-02;1.221841e-01;1.892672e-01
5.697554e-02;7.541778e-02;2.894139e-01;3.806705e-02;1.663386e-02;4.278615e-02;3.541385e-02;5.740479e-02;8.734903e-02;3.154044e-02;7.324310e-02;1.957545e-01
6.925589e-02;7.103650e-02;3.472797e-01;2.694283e-02;2.766843e-02;3.401387e-02;3.375379e-02;5.945769e-02;6.091022e-02;7.219239e-02;2.903266e-02;1.684561e-01
6.950295e-02;5.375123e-02;4.334048e-01;2.677074e-02;4.442544e-02;1.883549e-02;5.432738e-02;4.105804e-02;2.659507e-02;1.158475e-01;1.753418e-02;9.794714e-02
9.884714e-02;2.903121e-02;4.876015e-01;3.540121e-02;5.253310e-02;1.157356e-02;6.636074e-02;1.702259e-02;1.240547e-02;1.302150e-01;1.673863e-02;4.226980e-02
9.084927e-02;6.407427e-02;4.803044e-01;3.587510e-02;4.842001e-02;1.475943e-02;5.470457e-02;2.210615e-02;1.713229e-02;1.118161e-01;1.715345e-02;4.280498e-02
9.146275e-02;1.010493e-01;3.947873e-01;2.569201e-02;3.096606e-02;2.198348e-02;2.427542e-02;4.751724e-02;4.037167e-02;6.504340e-02;3.364959e-02;1.232018e-01
1.313433e-01;1.110514e-01;2.844675e-01;2.472436e-02;2.466286e-02;2.602758e-02;1.918161e-02;6.295505e-02;4.616624e-02;4.930970e-02;6.055684e-02;1.595536e-01
1.534316e-01;1.079604e-01;1.900094e-01;3.205485e-02;3.147982e-02;3.032326e-02;2.965437e-02;7.301040e-02;4.092650e-02;6.861692e-02;6.682520e-02;1.757074e-01
9.957441e-02;1.032943e-01;2.044109e-01;4.605140e-02;3.736077e-02;2.742993e-02;5.961935e-02;6.691582e-02;6.653648e-02;6.960515e-02;4.833926e-02;1.708623e-01
8.069813e-02;1.295599e-01;1.818578e-01;5.938776e-02;5.666526e-02;4.400729e-02;7.008872e-02;5.591010e-02;6.381451e-02;6.265109e-02;4.849705e-02;1.468624e-01
1.195919e-01;1.264242e-01;1.720430e-01;5.116972e-02;4.198121e-02;5.196924e-02;6.536138e-02;4.119352e-02;3.672606e-02;6.231015e-02;3.961629e-02;1.916133e-01
1.458759e-01;1.239424e-01;1.647049e-01;2.581036e-02;4.373375e-02;4.244904e-02;5.126357e-02;3.275903e-02;2.908781e-02;5.553105e-02;5.260067e-02;2.322415e-01
1.475689e-01;1.132709e-01;1.624150e-01;1.466425e-02;6.227282e-02;4.397672e-02;3.831327e-02;3.459213e-02;3.670578e-02;4.959961e-02;6.377750e-02;2.328432e-01
1.141254e-01;8.250054e-02;1.799082e-01;2.397105e-02;5.589976e-02;6.633405e-02;4.610797e-02;6.324461e-02;5.341398e-02;5.003458e-02;6.430434e-02;2.001555e-01
8.043572e-02;7.258844e-02;2.016821e-01;4.723443e-02;4.685509e-02;5.377871e-02;6.229843e-02;7.614798e-02;5.974749e-02;8.783460e-02;5.423290e-02;1.571641e-01
1.226476e-01;1.206586e-01;1.506666e-01;5.080490e-02;4.725754e-02;3.314335e-02;7.737481e-02;8.544946e-02;6.099887e-02;8.836906e-02;4.309601e-02;1.195332e-01
1.491614e-01;1.393970e-01;1.466214e-01;4.059824e-02;5.034556e-02;4.291746e-02;7.032583e-02;8.845892e-02;6.659441e-02;8.808964e-02;3.827433e-02;7.921584e-02
8.849347e-02;1.160169e-01;2.778923e-01;4.540180e-02;4.180608e-02;4.697367e-02;5.747112e-02;8.927327e-02;6.676809e-02;8.699720e-02;2.568791e-02;5.721816e-02
8.524895e-02;1.019149e-01;3.347585e-01;4.728355e-02;5.560128e-02;5.321722e-02;4.012555e-02;6.046360e-02;6.451022e-02;5.524127e-02;3.503026e-02;6.660467e-02
6.968362e-02;7.756267e-02;2.089589e-01;5.811593e-02;7.552774e-02;8.006562e-02;8.519895e-02;3.736055e-02;8.972371e-02;6.097677e-02;6.984539e-02;8.698012e-02
1.440244e-01;4.084555e-02;1.057304e-01;5.340694e-02;6.091976e-02;7.312734e-02;1.825794e-01;4.099800e-02;7.965194e-02;9.894590e-02;7.443441e-02;4.533609e-02
1.146164e-01;4.851769e-02;9.782708e-02;4.758111e-02;9.502251e-02;7.617836e-02;1.764265e-01;3.179042e-02;8.205637e-02;9.015019e-02;6.252264e-02;7.731076e-02
7.327547e-02;3.546699e-02;1.011519e-01;5.976691e-02;1.413553e-01;7.677447e-02;1.233608e-01;2.018934e-02;1.213746e-01;6.409702e-02;4.289833e-02;1.402888e-01
2.974295e-02;1.738678e-02;9.218430e-02;7.127820e-02;2.054790e-01;6.598000e-02;7.103660e-02;1.071936e-02;1.534022e-01;3.198826e-02;2.630953e-02;2.244928e-01
1.746671e-02;2.614360e-02;8.926231e-02;7.901736e-02;2.568892e-01;4.189440e-02;5.915967e-02;1.392401e-02;1.218630e-01;1.613045e-02;2.708904e-02;2.511602e-01
2.050155e-02;4.276365e-02;1.592226e-01;1.216643e-01;2.643802e-01;4.989999e-02;4.287062e-02;3.495946e-02;6.264575e-02;1.768338e-02;3.472786e-02;1.486806e-01
1.058806e-02;4.331630e-02;2.063805e-01;1.873167e-01;2.801922e-01;4.215704e-02;4.700246e-02;4.828203e-02;4.040588e-02;2.032141e-02;2.626916e-02;4.776835e-02
1.248300e-02;4.066115e-02;1.985468e-01;2.020358e-01;2.856572e-01;4.797054e-02;3.092553e-02;5.776706e-02;4.435511e-02;2.180615e-02;2.452362e-02;3.326809e-02
8.637578e-03;3.155853e-02;2.201656e-01;1.898450e-01;2.768083e-01;4.398999e-02;3.799598e-02;5.615082e-02;2.400731e-02;2.422468e-02;1.882446e-02;6.779172e-02
9.847619e-03;2.358802e-02;2.299429e-01;1.727063e-01;2.682807e-01;5.394551e-02;2.963285e-02;3.299135e-02;1.559933e-02;2.094785e-02;1.059536e-02;1.319221e-01
9.901814e-03;2.333175e-02;2.483705e-01;1.521128e-01;2.582414e-01;6.028596e-02;4.288081e-02;2.210405e-02;2.074171e-02;1.707569e-02;7.086235e-03;1.378673e-01
5.656468e-03;2.835454e-02;2.968283e-01;1.521785e-01;2.352975e-01;6.908683e-02;6.828156e-02;2.691454e-02;1.378002e-02;1.994532e-02;5.270787e-03;7.840572e-02
1.959566e-02;5.135222e-02;3.220926e-01;1.428270e-01;2.063702e-01;9.354261e-02;6.901984e-02;3.730593e-02;9.608371e-03;1.741918e-02;9.523588e-03;2.134277e-02
3.913909e-02;6.648438e-02;3.117899e-01;1.117809e-01;1.747921e-01;9.039806e-02;9.826571e-02;4.011737e-02;1.586471e-02;1.688707e-02;1.393980e-02;2.054092e-02
6.333294e-02;7.530577e-02;2.831443e-01;1.019366e-01;1.420734e-01;7.051841e-02;1.251039e-01;4.134751e-02;1.641660e-02;2.083908e-02;1.802200e-02;4.195953e-02
5.673479e-02;6.037988e-02;2.305525e-01;1.448139e-01;1.371282e-01;6.968147e-02;1.227921e-01;4.010547e-02;2.819279e-02;2.556156e-02;2.443115e-02;5.962613e-02
2.096988e-02;3.340331e-02;3.869777e-01;1.130288e-01;1.563175e-01;6.753264e-02;6.023277e-02;3.968110e-02;2.634030e-02;2.698883e-02;1.957857e-02;4.894862e-02
1.964017e-02;4.334534e-02;3.210589e-01;9.634910e-02;1.695639e-01;8.327435e-02;1.284313e-01;4.421427e-02;2.789843e-02;3.011535e-02;1.547772e-02;2.063113e-02
3.004181e-02;4.556775e-02;2.546694e-01;5.344313e-02;1.537939e-01;8.291481e-02;1.598120e-01;4.758418e-02;5.963130e-02;4.700269e-02;2.591912e-02;3.961987e-02
7.196587e-02;5.205227e-02;1.292747e-01;4.236826e-02;8.523068e-02;7.474149e-02;1.017657e-01;8.642843e-02;1.347143e-01;1.040015e-01;4.456275e-02;7.289410e-02
6.061453e-02;3.741138e-02;1.020740e-01;3.965775e-02;8.990759e-02;7.376204e-02;1.816966e-01;8.799598e-02;1.255079e-01;9.607100e-02;3.257383e-02;7.272735e-02
3.475711e-02;2.988112e-02;1.407134e-01;3.884648e-02;1.598503e-01;9.209213e-02;2.729995e-01;5.327345e-02;7.338337e-02;4.487999e-02;1.175205e-02;4.757118e-02
2.962785e-02;4.604046e-02;1.897515e-01;6.793080e-02;1.826785e-01;8.591109e-02;2.331426e-01;4.287476e-02;4.749250e-02;2.076297e-02;1.468742e-02;3.909955e-02
4.748455e-02;6.560312e-02;2.459113e-01;8.018462e-02;1.491559e-01;6.475557e-02;1.962722e-01;4.080957e-02;3.006897e-02;1.916463e-02;1.809247e-02;4.249705e-02
7.214888e-02;6.491420e-02;2.765624e-01;7.142656e-02;9.936619e-02;5.249552e-02;2.038350e-01;3.734312e-02;3.013543e-02;2.105354e-02;2.269173e-02;4.802742e-02
9.959237e-02;4.844267e-02;2.561956e-01;3.545248e-02;6.291893e-02;3.113019e-02;2.761242e-01;3.886955e-02;4.249349e-02;2.881734e-02;2.908321e-02;5.087989e-02
6.702338e-02;3.283283e-02;3.373560e-01;4.357228e-02;5.373028e-02;3.751608e-02;2.394419e-01;4.407205e-02;4.050180e-02;2.959503e-02;3.547895e-02;3.887939e-02
7.076494e-02;4.440765e-02;2.630936e-01;4.523847e-02;7.459483e-02;4.217204e-02;2.513139e-01;4.706183e-02;4.463275e-02;3.335935e-02;4.077169e-02;4.258892e-02
6.546611e-02;5.164289e-02;1.611651e-01;4.484125e-02;1.665614e-01;8.216200e-02;2.129744e-01;5.129105e-02;5.222050e-02;3.925025e-02;3.431683e-02;3.810827e-02
5.092374e-02;3.706557e-02;2.995377e-01;4.520681e-02;1.914158e-01;9.488580e-02;8.493441e-02;4.407090e-02;4.933250e-02;4.958703e-02;2.399608e-02;2.904361e-02
4.145085e-02;2.979671e-02;2.194178e-01;3.871537e-02;1.662589e-01;9.939900e-02;2.504239e-01;2.595649e-02;4.575590e-02;4.431723e-02;2.477859e-02;1.372930e-02
4.725176e-02;4.523220e-02;1.523508e-01;4.223960e-02;1.456232e-01;1.327633e-01;2.716908e-01;2.257153e-02;3.023135e-02;3.961273e-02;4.067232e-02;2.976044e-02
6.280407e-02;5.161873e-02;9.340724e-02;3.515677e-02;8.790936e-02;9.489384e-02;1.743301e-01;1.108599e-01;1.173780e-01;7.375345e-02;6.205418e-02;3.583438e-02
8.660436e-02;5.748383e-02;6.738479e-02;3.553761e-02;5.054643e-02;1.391021e-01;1.933977e-01;1.101123e-01;1.030251e-01;8.632309e-02;4.017483e-02;3.030778e-02
1.231719e-01;4.858513e-02;4.571487e-02;2.503354e-02;4.365643e-02;2.334536e-01;1.761207e-01;9.900482e-02;7.822411e-02;7.977996e-02;2.753383e-02;1.972116e-02
1.829933e-01;2.590955e-02;2.111210e-02;1.009388e-02;6.166661e-02;3.575355e-01;1.043703e-01;7.981566e-02;5.331798e-02;7.798632e-02;1.453519e-02;1.066357e-02
2.198211e-01;1.948074e-02;1.056405e-02;1.191830e-02;4.763621e-02;3.834019e-01;6.988874e-02;7.422496e-02;2.668927e-02;1.096676e-01;1.498279e-02;1.172441e-02
2.234753e-01;1.566090e-02;9.064669e-03;1.818519e-02;3.820346e-02;3.256602e-01;5.491158e-02;8.598833e-02;2.851022e-02;1.654422e-01;2.076640e-02;1.413157e-02
2.216288e-01;1.184272e-02;8.236545e-03;2.543559e-02;2.517522e-02;2.958826e-01;4.553727e-02;7.874273e-02;2.246535e-02;2.425589e-01;1.225319e-02;1.024104e-02
2.095341e-01;1.555465e-02;9.508082e-03;3.789923e-02;1.596810e-02;2.902629e-01;6.568772e-02;4.638628e-02;9.152539e-03;2.933584e-01;3.536251e-03;3.151676e-03
1.703182e-01;1.956266e-02;9.586504e-03;5.364884e-02;1.773114e-02;3.117080e-01;1.107792e-01;1.997223e-02;7.976978e-03;2.726151e-01;2.585247e-03;3.515881e-03
1.179653e-01;1.330726e-02;1.290630e-02;5.200927e-02;5.507509e-02;3.824983e-01;1.304769e-01;2.979883e-02;8.326091e-03;1.867941e-01;5.276490e-03;5.566163e-03
9.322546e-02;1.117177e-02;3.733281e-02;5.266488e-02;1.078154e-01;4.002585e-01;1.222488e-01;2.857063e-02;1.502944e-02;1.096160e-01;5.875745e-03;1.619054e-02
7.499352e-02;1.831883e-02;8.779537e-02;6.462813e-02;1.179540e-01;3.496261e-01;1.316682e-01;3.075101e-02;1.614923e-02;7.657871e-02;1.062923e-02;2.090765e-02
7.140131e-02;2.046472e-02;1.522232e-01;7.600168e-02;8.607689e-02;2.532449e-01;1.113594e-01;4.386249e-02;2.144773e-02;1.220425e-01;2.072380e-02;2.115138e-02
6.540722e-02;3.252655e-02;2.208851e-01;5.633113e-02;8.107299e-02;2.023710e-01;9.956320e-02;4.731285e-02;2.433529e-02;1.383388e-01;1.286058e-02;1.899529e-02
1.232274e-01;2.863519e-02;2.147380e-01;4.383271e-02;8.762379e-02;1.660982e-01;8.865587e-02;3.195422e-02;1.489370e-02;1.583631e-01;1.286638e-02;2.911154e-02
1.737395e-01;3.143379e-02;1.309594e-01;5.128093e-02;9.921300e-02;1.317413e-01;6.481957e-02;4.331936e-02;1.238535e-02;2.146637e-01;1.770525e-02;2.873889e-02
1.517841e-01;4.672276e-02;1.242925e-01;4.815182e-02;6.765568e-02;1.127165e-01;5.039405e-02;5.962397e-02;3.318367e-02;2.695301e-01;1.382417e-02;2.212065e-02
8.522633e-02;3.955289e-02;1.308129e-01;3.532241e-02;9.362003e-02;1.271708e-01;9.923208e-02;5.666947e-02;5.699584e-02;2.415068e-01;1.983814e-02;1.405246e-02
8.651794e-02;5.447705e-02;7.786739e-02;4.033275e-02;6.867920e-02;1.778471e-01;1.013596e-01;5.399610e-02;8.540720e-02;1.580192e-01;4.970668e-02;4.578968e-02
9.921007e-02;7.031191e-02;8.293211e-02;4.787040e-02;5.639790e-02;1.281718e-01;9.932803e-02;7.284585e-02;8.486568e-02;1.275780e-01;6.522544e-02;6.526286e-02
1.267488e-01;6.284653e-02;1.099897e-01;5.413755e-02;4.703962e-02;1.121614e-01;1.040498e-01;7.835779e-02;6.532545e-02;1.145677e-01;5.596190e-02;6.881373e-02
1.678108e-01;3.373189e-02;1.342174e-01;6.020051e-02;3.228678e-02;1.799498e-01;8.565200e-02;7.274602e-02;4.260415e-02;9.188979e-02;3.206678e-02;6.684403e-02
1.257581e-01;3.994686e-02;1.352085e-01;6.759117e-02;5.709560e-02;1.960330e-01;8.363565e-02;7.664965e-02;7.245210e-02;5.469547e-02;4.229958e-02;4.863429e-02
8.182465e-02;7.035348e-02;1.908517e-01;6.788586e-02;5.627593e-02;7.476615e-02;9.890819e-02;1.074161e-01;9.423642e-02;7.164595e-02;5.174806e-02;3.408753e-02
1.008359e-01;6.645015e-02;1.988787e-01;7.724241e-02;6.648473e-02;4.141671e-02;1.020886e-01;1.095568e-01;7.590697e-02;7.407095e-02;5.279532e-02;3.427272e-02
8.251757e-02;7.213710e-02;1.622346e-01;7.229912e-02;8.864386e-02;6.585652e-02;1.648923e-01;1.055669e-01;3.855203e-02;6.167730e-02;3.962099e-02;4.600175e-02
9.119042e-02;4.124186e-02;1.171040e-01;3.578027e-02;1.087180e-01;9.082159e-02;2.979458e-01;6.342862e-02;1.368216e-02;3.270585e-02;2.427373e-02;8.310767e-02
1.602726e-01;2.450021e-02;6.811850e-02;2.190453e-02;1.072872e-01;1.001546e-01;3.289707e-01;3.131054e-02;1.526137e-02;2.443357e-02;1.627273e-02;1.015135e-01
1.420523e-01;4.024158e-02;3.216588e-02;1.769319e-02;8.136032e-02;1.075014e-01;4.475539e-01;2.862941e-02;1.069160e-02;1.695881e-02;1.816179e-02;5.698987e-02
7.691146e-02;6.137529e-02;2.359190e-02;8.716370e-03;6.218041e-02;9.841815e-02;5.718047e-01;3.510511e-02;9.939504e-03;7.074067e-03;2.548295e-02;1.940010e-02
3.548842e-02;6.667563e-02;2.905062e-02;4.768997e-03;6.639064e-02;8.371135e-02;6.036367e-01;4.449107e-02;1.218768e-02;4.833861e-03;3.055339e-02;1.821163e-02
3.177875e-02;4.616702e-02;3.888720e-02;5.659488e-03;6.326619e-02;6.912766e-02;5.900237e-01;7.270956e-02;1.625168e-02;1.388955e-02;2.252118e-02;2.971801e-02
3.857730e-02;3.847954e-02;4.850407e-02;1.172846e-02;4.064841e-02;6.465267e-02;5.244662e-01;1.287835e-01;3.223791e-02;2.520255e-02;1.212469e-02;3.459463e-02
5.048179e-02;5.131454e-02;5.870854e-02;5.568377e-02;4.619192e-02;7.866941e-02;2.900633e-01;1.527134e-01;1.038994e-01;6.504419e-02;1.844387e-02;2.878589e-02
4.468593e-02;3.673707e-02;3.443608e-02;9.142321e-02;4.684064e-02;4.941574e-02;1.863730e-01;7.032938e-02;2.428241e-01;1.331275e-01;3.719787e-02;2.660959e-02
4.359264e-02;1.706541e-02;2.542000e-02;8.567432e-02;4.145944e-02;1.864617e-02;1.231524e-01;3.584261e-02;3.034159e-01;2.418955e-01;4.188573e-02;2.194993e-02
4.304339e-02;9.889570e-03;1.283371e-02;7.179313e-02;2.602785e-02;9.560293e-03;9.817042e-02;2.854686e-02;2.884519e-01;3.571337e-01;4.615138e-02;8.397833e-03
6.100747e-02;1.006769e-02;1.094016e-02;7.444714e-02;5.852456e-02;1.387469e-02;7.884116e-02;2.271753e-02;3.202305e-01;2.961057e-01;4.184096e-02;1.140244e-02
9.052348e-02;6.062033e-03;6.509316e-03;1.116927e-01;5.095357e-02;6.364638e-03;5.151942e-02;1.459358e-02;4.525802e-01;1.854491e-01;1.650312e-02;7.248804e-03
1.086405e-01;4.219593e-03;4.203994e-03;1.511836e-01;2.150037e-02;3.539795e-03;2.685695e-02;1.134952e-02;5.676506e-01;8.649118e-02;9.757519e-03;4.606421e-03
1.059673e-01;3.315947e-03;2.810208e-03;1.791912e-01;6.280481e-03;3.423731e-03;1.685069e-02;1.459414e-02;6.234872e-01;3.059896e-02;7.983600e-03;5.496499e-03
8.090004e-02;3.372743e-03;5.619329e-03;1.889039e-01;6.171873e-03;7.737412e-03;1.803780e-02;3.475364e-02;6.067471e-01;2.162531e-02;1.773312e-02;8.397729e-03
5.745630e-02;7.246057e-03;3.263095e-02;1.364693e-01;9.162104e-03;2.095143e-02;3.890193e-02;1.043201e-01;4.921292e-01;2.598047e-02;2.234877e-02;5.240333e-02
3.256152e-02;7.338780e-03;6.853104e-02;2.501769e-02;1.344805e-02;3.595820e-02;6.105119e-02;1.944168e-01;3.708892e-01;2.641191e-02;2.161142e-02;1.427642e-01
1.102694e-02;7.595461e-03;9.847503e-02;5.228418e-02;7.064921e-03;3.360963e-02;5.569936e-02;2.657739e-01;2.112360e-01;2.505261e-02;1.052788e-02;2.216541e-01
9.167924e-03;8.225185e-03;1.235804e-01;3.397514e-02;3.114482e-03;2.156309e-02;8.770294e-02;3.404937e-01;8.246595e-02;2.725730e-02;6.199958e-03;2.562539e-01
1.531252e-02;1.419393e-02;1.163367e-01;1.674056e-02;9.719211e-03;1.061079e-02;1.588132e-01;3.514886e-01;3.278219e-02;2.992168e-02;3.009241e-02;2.139882e-01
1.652438e-02;6.285678e-02;8.635968e-02;1.640498e-02;1.939832e-02;1.005942e-02;2.727548e-01;2.338340e-01;4.663032e-02;2.386961e-02;1.229213e-01;8.838636e-02
1.085259e-02;1.231761e-01;3.633116e-02;1.801386e-02;2.369210e-02;2.165972e-02;3.451453e-01;1.390291e-01;5.350599e-02;1.601172e-02;1.968173e-01;1.576504e-02
2.801706e-02;1.402013e-01;1.251536e-02;3.074832e-02;2.215557e-02;5.204100e-02;3.456395e-01;8.286797e-02;5.629197e-02;3.910550e-02;1.692264e-01;2.119012e-02
8.792314e-02;7.069358e-02;1.953996e-02;5.004880e-02;2.535660e-02;1.218144e-01;3.046802e-01;5.252501e-02;3.600270e-02;1.331555e-01;7.006326e-02;2.819687e-02
1.440057e-01;3.956459e-02;1.299060e-02;6.472366e-02;2.406540e-02;1.592870e-01;2.305416e-01;3.661904e-02;1.926755e-02;2.149165e-01;2.396184e-02;3.005648e-02
1.709896e-01;2.597026e-02;1.052253e-02;6.802963e-02;2.538168e-02;1.635904e-01;1.936734e-01;2.942925e-02;2.073577e-02;2.406108e-01;2.937990e-02;2.168678e-02
1.469190e-01;4.462860e-02;1.026497e-02;6.633322e-02;2.847865e-02;1.508408e-01;2.591993e-01;2.344718e-02;2.541916e-02;2.080920e-01;2.022948e-02;1.614756e-02
6.630403e-02;1.257793e-01;7.759550e-03;4.340849e-02;2.461630e-02;9.774043e-02;3.813094e-01;2.680833e-02;4.407327e-02;1.071445e-01;6.216409e-02;1.289245e-02
1.302372e-02;1.832190e-01;4.646085e-03;1.641003e-02;2.044722e-02;5.323018e-02;4.458103e-01;2.723098e-02;6.487530e-02;2.901675e-02;1.311783e-01;1.091219e-02
1.564570e-02;1.815232e-01;5.896488e-03;3.731087e-03;2.423893e-02;2.983506e-02;4.295775e-01;2.271971e-02;7.438426e-02;1.137301e-02;1.957179e-01;5.357264e-03
1.601445e-02;1.577938e-01;1.204592e-02;4.310819e-03;4.372479e-02;1.789470e-02;3.983130e-01;3.869989e-02;5.982265e-02;8.664356e-03;2.368815e-01;5.834150e-03
1.804340e-02;1.410906e-01;3.349695e-02;6.484635e-03;6.628896e-02;1.448027e-02;3.521624e-01;9.194799e-02;2.841711e-02;5.597386e-03;2.267594e-01;1.523080e-02
1.946557e-02;1.209904e-01;7.870532e-02;5.053600e-03;5.628204e-02;1.642470e-02;2.922499e-01;1.996006e-01;2.242391e-02;1.234804e-02;1.463545e-01;3.010146e-02
1.596649e-02;6.665464e-02;1.567460e-01;7.627910e-03;2.813670e-02;1.497640e-02;1.939048e-01;3.511018e-01;3.443702e-02;2.712108e-02;5.839423e-02;4.493292e-02
7.079124e-03;2.136012e-02;2.097659e-01;4.600214e-03;8.426714e-03;8.472431e-03;1.239805e-01;4.447292e-01;2.776503e-02;3.597484e-02;1.853237e-02;8.931349e-02
3.931446e-03;1.381831e-02;2.228117e-01;5.079664e-03;6.386779e-03;8.752118e-03;1.024140e-01;4.467824e-01;1.809497e-02;2.911456e-02;9.479851e-03;1.333342e-01
2.704226e-03;3.550675e-03;2.268569e-01;2.072621e-03;5.805202e-03;1.464699e-02;8.813610e-02;4.355857e-01;1.837555e-02;2.044990e-02;7.212918e-03;1.746033e-01
6.214838e-03;4.295631e-03;2.154992e-01;7.483130e-03;5.687883e-03;2.823043e-02;7.659078e-02;3.957453e-01;4.192580e-02;1.161206e-02;5.924343e-03;2.007906e-01
6.986103e-03;2.966271e-03;2.007999e-01;2.087108e-02;7.642384e-03;4.886701e-02;6.346374e-02;3.339100e-01;8.402173e-02;1.327153e-02;5.779929e-03;2.114203e-01
1.840265e-02;1.091806e-02;1.499759e-01;7.291636e-02;9.005935e-03;4.878959e-02;4.004591e-02;2.468585e-01;2.200687e-01;1.434701e-02;7.681690e-03;1.609898e-01
4.331240e-02;1.458485e-02;6.919283e-02;1.646368e-01;9.528179e-03;2.442165e-02;3.470134e-02;1.316605e-01;4.173543e-01;1.432368e-02;6.781482e-03;6.950200e-02
8.777457e-02;8.001831e-03;3.947348e-02;1.933715e-01;1.010170e-02;7.810098e-03;2.265475e-02;6.574003e-02;5.203547e-01;1.514941e-02;5.989402e-03;2.357846e-02
1.204905e-01;8.897695e-03;2.138297e-02;1.694046e-01;9.182160e-03;5.275666e-03;1.471026e-02;4.797688e-02;5.502886e-01;1.448081e-02;1.364806e-02;2.426185e-02
1.363749e-01;6.670482e-03;1.218525e-02;1.517184e-01;9.311554e-03;6.019535e-03;7.810212e-03;2.397396e-02;5.941715e-01;1.603609e-02;1.422929e-02;2.149879e-02
1.358927e-01;1.049988e-02;2.201529e-02;1.299193e-01;1.468779e-02;9.794428e-03;1.826165e-02;5.651337e-02;5.319473e-01;3.420514e-02;1.901543e-02;1.724781e-02
1.215932e-01;2.690717e-02;3.198829e-02;1.006420e-01;3.046209e-02;1.972039e-02;4.066749e-02;8.172366e-02;3.855271e-01;8.495011e-02;5.080572e-02;2.501268e-02
1.071154e-01;3.439352e-02;3.971306e-02;9.848361e-02;3.494047e-02;2.731178e-02;7.000848e-02;7.623011e-02;2.774562e-01;1.104471e-01;8.312843e-02;4.077189e-02
1.137538e-01;3.984882e-02;5.415572e-02;9.872640e-02;2.698837e-02;2.482292e-02;5.046468e-02;4.911809e-02;3.086141e-01;8.950698e-02;8.865596e-02;5.534413e-02
1.402968e-01;5.143897e-02;5.797551e-02;6.336495e-02;2.208869e-02;3.421003e-02;4.805595e-02;6.393450e-02;2.121968e-01;1.238450e-01;1.177806e-01;6.481224e-02
1.445283e-01;4.066058e-02;4.669538e-02;5.861036e-02;2.457052e-02;4.255899e-02;9.564009e-02;8.237592e-02;1.511802e-01;1.320084e-01;1.105874e-01;7.058382e-02
1.201977e-01;6.708726e-02;9.061430e-02;6.929664e-02;4.434247e-02;2.706851e-02;5.974389e-02;8.243722e-02;7.873571e-02;1.647657e-01;1.287586e-01;6.695195e-02
1.128049e-01;6.136677e-02;8.543690e-02;5.667050e-02;3.230641e-02;1.560015e-02;6.510000e-02;6.512007e-02;6.600031e-02;2.195711e-01;1.682802e-01;5.174268e-02
7.716864e-02;4.490418e-02;6.385243e-02;3.966005e-02;2.873483e-02;1.447173e-02;1.415751e-01;6.119779e-02;1.081256e-01;2.184802e-01;1.689076e-01;3.292185e-02
6.336863e-02;2.021502e-02;3.645636e-02;2.277297e-02;4.108733e-02;3.566545e-02;2.847671e-01;6.566902e-02;1.334485e-01;1.710662e-01;9.911995e-02;2.636356e-02
6.718429e-02;2.483431e-02;3.953690e-02;2.870389e-02;9.266385e-02;8.517911e-02;3.442750e-01;4.836901e-02;8.907482e-02;9.694936e-02;5.551810e-02;2.771132e-02
4.743771e-02;1.807057e-02;1.978198e-01;4.732601e-02;1.359802e-01;9.705559e-02;2.597918e-01;3.026664e-02;4.807572e-02;5.801775e-02;4.165928e-02;1.849895e-02
2.355363e-02;3.179128e-02;4.211641e-01;5.391977e-02;8.711641e-02;5.513586e-02;1.669442e-01;2.323297e-02;4.223208e-02;5.318941e-02;3.337708e-02;8.343177e-03
1.800811e-02;4.142140e-02;6.066459e-01;4.531305e-02;2.543206e-02;2.348309e-02;1.186446e-01;1.733651e-02;3.302233e-02;4.729947e-02;1.812246e-02;5.271029e-03
2.344215e-02;4.149546e-02;6.734255e-01;4.005769e-02;2.919575e-02;1.760371e-02;8.686364e-02;1.104218e-02;2.319759e-02;3.207018e-02;1.356682e-02;8.039377e-03
1.770711e-02;3.734516e-02;7.008899e-01;4.052142e-02;3.013331e-02;3.143624e-02;7.093613e-02;1.230627e-02;1.374591e-02;2.440560e-02;8.569196e-03;1.200380e-02
1.829262e-02;6.772860e-02;6.649567e-01;3.577387e-02;1.686334e-02;6.271769e-02;3.892275e-02;1.677449e-02;2.410018e-02;2.045863e-02;7.485047e-03;2.592599e-02
2.514408e-02;1.038640e-01;5.781098e-01;3.850844e-02;1.522787e-02;9.717812e-02;2.023253e-02;1.439614e-02;5.985136e-02;9.947895e-03;8.609299e-03;2.893044e-02
5.155661e-02;1.205828e-01;4.764306e-01;4.554978e-02;2.772500e-02;8.424466e-02;2.034556e-02;2.859648e-02;9.140406e-02;8.698437e-03;2.089925e-02;2.396674e-02
8.778384e-02;9.287314e-02;3.507907e-01;3.731028e-02;6.535873e-02;4.400270e-02;7.003472e-02;9.509356e-02;8.449733e-02;2.428205e-02;3.112588e-02;1.684697e-02
1.216561e-01;6.876680e-02;1.922402e-01;3.481624e-02;7.341085e-02;5.265568e-02;1.103083e-01;1.483644e-01;7.666651e-02;4.420746e-02;3.258728e-02;4.432007e-02
1.078908e-01;4.517235e-02;8.104492e-02;3.239394e-02;3.585219e-02;5.162581e-02;1.177798e-01;1.374231e-01;1.309837e-01;1.053422e-01;8.025423e-02;7.423695e-02
6.366754e-02;4.215683e-02;6.906674e-02;3.436203e-02;5.276699e-02;4.619959e-02;7.178465e-02;9.303954e-02;2.011802e-01;1.582741e-01;9.746670e-02;7.003509e-02
5.573410e-02;5.186454e-02;7.215211e-02;3.587342e-02;4.336186e-02;2.850342e-02;1.559776e-01;9.805634e-02;1.695395e-01;1.317667e-01;9.778023e-02;5.939022e-02
8.838850e-02;5.787688e-02;6.263398e-02;3.238388e-02;5.288731e-02;5.786024e-02;1.888727e-01;6.930845e-02;1.153098e-01;1.041769e-01;1.096025e-01;6.069889e-02
8.668457e-02;3.503212e-02;1.010711e-01;4.542358e-02;7.656496e-02;6.671178e-02;1.092837e-01;5.381871e-02;1.008971e-01;1.617601e-01;9.164940e-02;7.110279e-02
5.685901e-02;3.301099e-02;1.553926e-01;4.987695e-02;5.710070e-02;4.812336e-02;1.264666e-01;6.595725e-02;9.492983e-02;1.273030e-01;1.382305e-01;4.674920e-02
6.299309e-02;5.514530e-02;1.442349e-01;4.928554e-02;3.784798e-02;5.509523e-02;1.068181e-01;5.107262e-02;1.412086e-01;1.452135e-01;1.218763e-01;2.920884e-02
8.713590e-02;6.472286e-02;9.396491e-02;4.224109e-02;4.698783e-02;5.626269e-02;1.050353e-01;1.012126e-01;1.520246e-01;1.274218e-01;1.034464e-01;1.954407e-02
7.624529e-02;4.895224e-02;1.028100e-01;3.911854e-02;4.739407e-02;4.197690e-02;1.501136e-01;9.109616e-02;1.570254e-01;1.157137e-01;9.608956e-02;3.346452e-02
5.103669e-02;6.037152e-02;1.105045e-01;4.078716e-02;5.680666e-02;5.920110e-02;1.157388e-01;9.487029e-02;1.820541e-01;1.159879e-01;7.644851e-02;3.619273e-02
5.637088e-02;5.307345e-02;7.447958e-02;4.195254e-02;6.209503e-02;6.042439e-02;1.408311e-01;1.007721e-01;1.687797e-01;1.256370e-01;6.774385e-02;4.784034e-02
8.036231e-02;3.567486e-02;8.719141e-02;5.440672e-02;6.511874e-02;4.893254e-02;1.396222e-01;8.925783e-02;1.478002e-01;1.130627e-01;7.899558e-02;5.957482e-02
8.793470e-02;3.287503e-02;8.599591e-02;6.194561e-02;5.584750e-02;3.310444e-02;1.682245e-01;7.672945e-02;1.257731e-01;1.029929e-01;9.960582e-02;6.897107e-02
6.920560e-02;4.436703e-02;5.985469e-02;5.130350e-02;5.851091e-02;4.861178e-02;2.215012e-01;9.282514e-02;1.154596e-01;9.847608e-02;8.724360e-02;5.264086e-02
5.710066e-02;4.050848e-02;9.897922e-02;4.004265e-02;7.644952e-02;5.210917e-02;2.284910e-01;1.074694e-01;8.851802e-02;9.176631e-02;7.611520e-02;4.245035e-02
4.268617e-02;3.112926e-02;9.930083e-02;5.035568e-02;1.070712e-01;4.539587e-02;2.125909e-01;9.481332e-02;7.182820e-02;9.211998e-02;1.076155e-01;4.509312e-02
3.854569e-02;2.174231e-02;1.201285e-01;6.491494e-02;8.829608e-02;5.603106e-02;1.841974e-01;5.265935e-02;7.861555e-02;1.631888e-01;1.067060e-01;2.497422e-02
4.870744e-02;3.201848e-02;1.314934e-01;5.098512e-02;5.437685e-02;6.684013e-02;2.041909e-01;4.154590e-02;5.733068e-02;1.709918e-01;1.097282e-01;3.179109e-02
8.762904e-02;3.837492e-02;7.358576e-02;4.316383e-02;6.269888e-02;5.335632e-02;2.420808e-01;4.748979e-02;1.055772e-01;8.877028e-02;1.069889e-01;5.028429e-02
1.407241e-01;6.491926e-02;7.636012e-02;3.707234e-02;8.106753e-02;6.379715e-02;1.872449e-01;6.501944e-02;6.780136e-02;1.027303e-01;6.601998e-02;4.724348e-02
1.789724e-01;8.506387e-02;8.343487e-02;4.676253e-02;7.222095e-02;8.229529e-02;8.972429e-02;7.703838e-02;9.704966e-02;8.531876e-02;5.520698e-02;4.691198e-02
1.498634e-01;7.172746e-02;8.525743e-02;6.831580e-02;4.673595e-02;7.894653e-02;5.144056e-02;7.940773e-02;1.232413e-01;7.466070e-02;8.003695e-02;9.036626e-02
1.279282e-01;4.895037e-02;1.018712e-01;7.266400e-02;5.185495e-02;5.817033e-02;3.280038e-02;7.213641e-02;1.144425e-01;9.286016e-02;9.547795e-02;1.308436e-01
1.263675e-01;5.257590e-02;7.095560e-02;4.758856e-02;6.896660e-02;5.812179e-02;7.889361e-02;7.770204e-02;1.001994e-01;1.227203e-01;5.727136e-02;1.386373e-01
8.492018e-02;6.454633e-02;6.180826e-02;7.511681e-02;9.634105e-02;8.004760e-02;9.133279e-02;7.153198e-02;1.142277e-01;1.059816e-01;3.371316e-02;1.204325e-01
