1.012936e-02;1.341264e-02;1.795298e-02;2.274684e-02;9.002147e-03;5.486953e-02;1.472663e-01;3.704767e-01;2.673228e-01;6.382070e-02;1.240576e-02;1.059420e-02
5.253195e-03;2.127907e-02;1.324016e-02;3.514023e-02;3.989245e-02;1.837921e-01;9.391449e-02;2.366651e-01;2.382456e-01;1.162134e-01;1.001333e-02;6.350846e-03
8.959550e-03;1.611674e-02;1.108989e-02;4.005680e-02;9.252003e-02;3.041757e-01;6.733018e-02;1.799913e-01;1.614464e-01;9.711516e-02;1.675304e-02;4.445234e-03
8.467095e-03;6.992045e-03;1.140511e-02;3.642411e-02;6.873214e-02;2.734345e-01;1.491629e-01;2.256124e-01;1.475133e-01;4.577313e-02;1.837431e-02;8.108820e-03
1.185405e-02;9.759639e-03;1.708354e-02;3.385676e-02;2.025175e-02;2.147508e-01;1.552907e-01;3.134281e-01;1.308395e-01;4.213771e-02;3.464067e-02;1.610677e-02
1.374332e-02;2.250892e-02;2.141668e-02;2.084416e-02;2.374504e-02;1.487016e-01;7.787398e-02;4.273110e-01;1.566808e-01;4.562986e-02;2.760389e-02;1.394067e-02
5.942188e-03;1.992906e-02;2.564277e-02;1.449262e-02;1.054996e-02;1.069952e-01;4.491450e-02;4.417625e-01;2.580174e-01;4.505225e-02;1.601937e-02;1.068218e-02
5.681917e-03;1.257289e-02;2.261099e-02;1.884867e-02;1.570668e-02;8.501077e-02;4.900519e-02;4.292012e-01;2.946126e-01;4.522455e-02;1.574006e-02;5.784473e-03
2.204164e-02;2.938502e-02;3.615344e-02;2.764953e-02;4.334095e-02;9.560825e-02;4.730969e-02;3.784332e-01;2.504614e-01;3.922652e-02;1.622208e-02;1.416829e-02
8.612832e-02;8.312152e-02;5.408812e-02;3.599602e-02;5.137086e-02;7.182664e-02;7.816398e-02;2.010403e-01;1.500720e-01;5.868747e-02;5.367493e-02;7.582984e-02
1.275435e-01;8.577067e-02;5.204017e-02;4.051840e-02;5.437009e-02;1.191891e-01;1.093519e-01;1.278880e-01;6.823625e-02;5.324519e-02;4.756127e-02;1.142854e-01
1.281213e-01;7.871771e-02;4.612413e-02;4.145974e-02;7.175076e-02;1.641025e-01;8.856047e-02;1.315229e-01;4.588033e-02;5.102971e-02;3.186610e-02;1.208644e-01
8.138335e-02;6.489698e-02;4.276063e-02;3.003667e-02;8.095441e-02;2.375061e-01;1.315523e-01;9.174319e-02;6.144002e-02;4.287132e-02;4.878913e-02;8.606592e-02
8.004977e-02;3.152734e-02;4.528641e-02;2.611747e-02;5.606791e-02;3.041345e-01;2.037294e-01;5.995321e-02;4.863464e-02;2.214925e-02;6.718060e-02;5.516960e-02
7.334098e-02;1.493659e-02;4.796238e-02;2.075803e-02;2.786268e-02;3.327475e-01;2.666837e-01;4.928062e-02;2.736135e-02;1.267623e-02;8.253140e-02;4.385847e-02
5.261283e-02;2.444046e-02;3.676642e-02;2.557467e-02;2.358677e-02;3.347182e-01;2.477195e-01;5.074899e-02;1.188531e-02;1.318396e-02;1.373148e-01;4.144810e-02
4.052939e-02;2.960557e-02;3.245667e-02;1.891884e-02;3.625897e-02;3.445261e-01;1.285139e-01;4.607008e-02;1.123831e-02;2.253604e-02;2.726617e-01;1.668437e-02
4.627146e-02;1.166164e-02;8.595904e-02;1.833690e-02;2.568742e-02;2.951379e-01;2.966594e-02;3.397071e-02;1.384852e-02;1.782774e-02;3.787534e-01;4.287931e-02
3.676981e-02;2.945618e-02;1.340566e-01;2.567355e-02;1.915977e-02;2.432804e-01;3.930881e-02;3.657845e-02;1.740746e-02;1.478883e-02;3.664146e-01;3.710554e-02
2.289091e-02;6.148854e-02;1.599708e-01;2.955149e-02;2.687869e-02;2.232615e-01;2.759643e-02;5.833144e-02;2.568630e-02;3.844752e-02;3.112209e-01;1.467537e-02
3.080128e-02;6.954409e-02;2.098329e-01;2.423189e-02;2.109053e-02;2.176455e-01;1.904524e-02;6.014086e-02;2.931316e-02;4.056881e-02;2.645012e-01;1.328459e-02
4.642158e-02;5.253994e-02;2.702208e-01;1.352849e-02;1.416695e-02;2.284565e-01;1.411469e-02;3.067234e-02;3.610808e-02;1.851573e-02;2.671880e-01;8.066787e-03
3.972382e-02;2.207213e-02;2.756863e-01;5.632195e-03;1.264557e-02;2.129177e-01;1.355807e-02;1.062020e-02;8.946789e-02;1.132904e-02;2.962345e-01;1.011265e-02
2.791017e-02;1.372520e-02;2.343598e-01;7.085438e-03;2.539946e-02;1.678046e-01;1.731137e-02;1.004021e-02;1.505506e-01;1.569461e-02;3.153321e-01;1.478651e-02
2.022282e-02;1.175607e-02;1.547808e-01;1.513018e-02;4.815736e-02;1.393272e-01;4.762473e-02;1.763240e-02;1.785918e-01;1.183287e-02;3.195522e-01;3.539149e-02
1.062701e-02;9.268939e-03;1.133008e-01;2.059809e-02;6.996675e-02;1.334272e-01;9.382195e-02;2.055113e-02;1.689646e-01;9.596980e-03;3.022861e-01;4.759049e-02
1.084944e-02;1.357934e-02;1.152917e-01;2.250400e-02;6.659549e-02;1.422282e-01;1.515022e-01;1.465643e-02;1.190762e-01;2.124125e-02;2.724790e-01;4.999670e-02
1.955116e-02;3.160896e-02;5.893751e-02;3.237352e-02;5.429186e-02;2.206783e-01;1.993430e-01;1.881628e-02;5.706471e-02;1.508050e-02;2.387254e-01;5.352880e-02
2.807703e-02;3.082231e-02;1.200679e-01;3.233579e-02;4.608621e-02;2.573006e-01;2.008611e-01;1.594825e-02;3.055157e-02;1.826364e-02;1.691398e-01;5.054577e-02
2.838550e-02;3.490902e-02;1.704563e-01;2.615881e-02;4.668889e-02;2.581747e-01;1.864492e-01;2.300014e-02;6.551713e-02;1.867006e-02;1.073613e-01;3.422897e-02
3.498883e-02;6.250313e-02;1.246160e-01;2.823756e-02;3.476118e-02;2.911077e-01;1.339160e-01;2.324024e-02;8.082367e-02;2.015497e-02;1.286996e-01;3.695096e-02
2.128293e-02;7.890373e-02;2.258623e-01;2.009480e-02;2.556557e-02;2.283627e-01;3.234690e-02;3.391264e-02;3.885754e-02;3.632649e-02;2.206045e-01;3.787995e-02
3.520526e-02;5.676449e-02;2.186039e-01;2.345401e-02;2.869785e-02;1.674004e-01;5.643032e-02;2.976374e-02;7.907499e-02;2.985091e-02;2.510738e-01;2.368041e-02
3.855836e-02;5.215097e-02;8.785433e-02;2.162431e-02;3.277628e-02;2.677407e-01;3.295808e-02;3.870687e-02;1.052737e-01;1.987514e-02;2.839817e-01;1.849955e-02
1.995547e-02;4.386257e-02;1.159971e-01;2.511558e-02;3.218254e-02;2.948034e-01;5.898577e-02;3.674281e-02;9.269711e-02;2.889909e-02;2.261266e-01;2.463191e-02
1.381329e-02;2.979444e-02;1.756656e-01;2.600756e-02;1.969760e-02;2.510218e-01;1.004801e-01;4.208861e-02;1.023355e-01;2.395174e-02;1.784081e-01;3.673555e-02
2.882670e-02;3.457969e-02;2.426620e-01;2.621478e-02;3.827462e-02;1.701583e-01;6.920856e-02;6.522934e-02;1.001943e-01;1.816419e-02;1.712379e-01;3.524958e-02
3.818320e-02;2.411511e-02;2.113122e-01;3.283904e-02;3.569021e-02;1.904626e-01;4.308486e-02;6.546254e-02;9.854467e-02;2.529363e-02;1.826491e-01;5.236293e-02
1.930141e-02;1.750909e-02;1.001084e-01;2.318049e-02;3.552727e-02;2.188428e-01;9.806218e-02;7.893906e-02;1.290941e-01;3.595983e-02;1.872287e-01;5.624662e-02
8.282211e-03;2.374055e-02;1.943424e-02;1.915425e-02;3.478670e-02;2.361377e-01;1.139804e-01;9.093216e-02;1.657633e-01;4.398513e-02;2.068693e-01;3.693411e-02
1.595350e-02;3.278495e-02;3.408921e-02;1.728014e-02;3.392522e-02;2.395577e-01;1.012612e-01;6.655166e-02;1.724961e-01;4.085727e-02;1.928702e-01;5.237287e-02
2.335921e-02;3.326390e-02;6.944618e-02;1.874960e-02;3.410213e-02;2.139315e-01;1.029801e-01;7.686771e-02;1.667294e-01;3.948952e-02;1.574331e-01;6.364761e-02
2.055026e-02;2.934664e-02;1.082131e-01;2.015451e-02;1.852785e-02;1.868034e-01;1.192339e-01;1.248416e-01;1.298432e-01;2.833714e-02;1.664468e-01;4.770157e-02
1.627779e-02;3.091894e-02;1.015587e-01;1.981909e-02;2.930707e-02;1.827513e-01;9.185290e-02;1.569214e-01;7.871565e-02;2.702221e-02;2.091746e-01;5.568022e-02
1.588116e-02;3.639604e-02;5.292832e-02;2.579243e-02;3.802089e-02;1.823958e-01;4.749396e-02;1.481901e-01;8.553416e-02;3.141416e-02;2.447329e-01;9.121997e-02
2.872314e-02;3.498061e-02;1.681015e-01;3.650848e-02;3.859659e-02;8.167833e-02;1.020588e-01;9.916425e-02;1.026057e-01;2.066492e-02;2.019398e-01;8.497786e-02
3.859881e-02;3.521648e-02;2.082724e-01;3.048211e-02;3.581329e-02;7.461641e-02;8.905775e-02;1.114421e-01;8.853666e-02;1.430380e-02;2.169767e-01;5.668345e-02
2.973987e-02;4.629698e-02;1.203791e-01;2.431778e-02;2.435227e-02;1.365322e-01;3.886835e-02;1.267881e-01;1.221370e-01;2.077014e-02;2.844469e-01;2.537128e-02
2.056683e-02;3.975201e-02;1.306677e-01;2.527012e-02;2.149424e-02;1.571700e-01;1.793929e-02;1.035530e-01;1.472345e-01;2.950166e-02;2.787123e-01;2.813842e-02
1.990178e-02;3.496175e-02;1.168596e-01;1.328977e-02;2.296611e-02;1.620400e-01;8.603702e-02;8.315084e-02;1.589275e-01;3.977954e-02;2.234536e-01;3.863244e-02
2.052055e-02;3.316774e-02;7.900351e-02;3.205813e-02;3.000617e-02;1.825195e-01;1.130036e-01;1.094914e-01;2.063650e-01;5.596451e-02;1.071569e-01;3.074291e-02
2.714470e-02;7.350039e-02;1.218885e-01;3.494801e-02;3.111467e-02;1.409391e-01;9.985564e-02;9.592763e-02;1.009719e-01;5.934301e-02;1.445732e-01;6.979325e-02
3.848689e-02;8.176760e-02;9.156440e-02;6.816489e-02;4.700043e-02;1.367879e-01;1.473647e-01;1.382564e-01;3.962572e-02;5.805933e-02;9.204359e-02;6.087818e-02
3.087491e-02;5.909599e-02;5.711046e-02;6.718217e-02;4.762535e-02;1.077393e-01;2.709792e-01;1.703862e-01;2.760736e-02;3.984585e-02;5.205010e-02;6.950308e-02
2.604190e-02;2.808019e-02;3.307793e-02;4.645928e-02;3.150082e-02;1.043967e-01;3.566780e-01;1.621994e-01;4.454500e-02;2.760983e-02;6.379556e-02;7.561533e-02
1.948965e-02;1.473716e-02;4.723984e-02;2.237990e-02;1.632735e-02;1.930320e-01;2.979681e-01;1.130934e-01;5.903701e-02;1.551181e-02;1.383559e-01;6.282793e-02
2.012802e-02;1.603408e-02;6.688771e-02;1.845004e-02;1.902729e-02;3.101729e-01;1.406310e-01;7.493808e-02;4.556924e-02;1.794640e-02;2.305582e-01;3.965699e-02
2.003367e-02;2.159462e-02;6.980129e-02;1.764181e-02;2.389214e-02;3.903873e-01;5.052158e-02;3.782642e-02;3.944355e-02;1.131582e-02;2.924097e-01;2.513211e-02
1.453433e-02;4.281607e-02;6.754475e-02;1.559056e-02;4.109813e-02;3.517738e-01;5.451623e-02;5.497218e-02;3.460310e-02;3.995251e-02;2.703038e-01;1.229452e-02
1.129437e-02;7.225245e-02;5.093785e-02;2.012389e-02;6.495464e-02;3.115959e-01;4.266454e-02;8.664145e-02;3.429922e-02;6.845485e-02;2.237012e-01;1.307962e-02
9.709019e-03;1.173949e-01;1.862402e-02;3.043822e-02;9.311557e-02;2.833550e-01;4.279149e-02;1.075046e-01;3.302159e-02;9.490246e-02;1.413093e-01;2.783376e-02
1.130982e-02;1.587988e-01;1.951229e-02;3.322570e-02;1.376761e-01;1.671798e-01;1.186702e-01;1.030328e-01;4.558275e-02;1.055022e-01;5.696327e-02;4.254621e-02
1.935239e-02;1.600899e-01;2.187252e-02;2.232260e-02;1.445612e-01;1.861273e-01;1.044839e-01;8.152866e-02;4.738293e-02;1.090216e-01;7.627940e-02;2.697761e-02
2.365739e-02;1.423136e-01;2.973586e-02;1.369951e-02;1.162709e-01;2.610873e-01;7.953309e-02;5.642673e-02;5.580287e-02;1.192271e-01;9.202103e-02;1.022467e-02
2.641191e-02;1.162084e-01;5.769622e-02;1.889255e-02;1.046419e-01;2.348509e-01;8.228405e-02;6.526857e-02;5.841807e-02;1.091777e-01;1.088213e-01;1.732843e-02
2.587253e-02;8.483664e-02;7.362650e-02;3.240760e-02;8.316859e-02;2.385419e-01;9.151487e-02;7.416586e-02;6.764080e-02;8.691210e-02;1.013428e-01;3.996975e-02
3.047342e-02;2.817160e-02;9.418852e-02;3.387225e-02;5.406382e-02;3.056303e-01;1.532959e-01;4.353584e-02;4.806953e-02;4.524529e-02;1.242138e-01;3.923973e-02
3.477266e-02;2.593628e-02;8.769285e-02;4.796479e-02;3.706123e-02;2.756024e-01;1.878792e-01;1.449030e-02;2.636005e-02;2.497954e-02;1.213164e-01;1.159443e-01
4.749430e-02;2.802565e-02;4.560638e-02;7.323500e-02;1.908798e-02;1.892528e-01;2.261344e-01;3.582174e-02;1.650482e-02;1.238871e-02;7.700422e-02;2.294440e-01
4.052028e-02;2.857308e-02;1.769111e-02;1.082636e-01;1.228253e-02;1.059131e-01;2.422488e-01;8.811961e-02;1.264712e-02;1.079168e-02;2.783575e-02;3.051134e-01
1.498486e-01;3.531196e-02;1.483309e-02;8.905260e-02;2.182244e-02;6.911888e-02;2.295602e-01;1.190795e-01;1.255137e-02;1.136975e-02;9.372897e-03;2.380787e-01
1.956564e-01;3.216346e-02;1.769718e-02;6.244110e-02;2.142743e-02;7.464651e-02;2.338849e-01;1.592040e-01;1.446832e-02;6.766904e-03;3.286283e-03;1.783575e-01
1.836269e-01;3.611999e-02;1.713799e-02;3.947820e-02;2.294637e-02;7.594259e-02;2.327456e-01;2.218131e-01;1.492039e-02;1.025164e-02;9.377807e-03;1.356394e-01
1.403623e-01;3.105997e-02;1.782806e-02;7.367285e-02;4.760296e-02;7.796740e-02;2.449773e-01;2.331400e-01;1.392808e-02;1.589291e-02;1.276038e-02;9.080768e-02
1.008058e-01;3.048478e-02;1.698960e-02;1.081245e-01;7.917318e-02;9.962408e-02;2.232493e-01;2.097513e-01;1.788205e-02;1.477527e-02;1.476529e-02;8.437483e-02
6.918599e-02;3.127069e-02;2.188434e-02;2.153427e-01;9.691934e-02;8.141996e-02;1.645421e-01;1.713829e-01;1.879185e-02;1.130668e-02;2.520119e-02;9.275229e-02
5.550400e-02;3.894977e-02;4.001393e-02;3.059663e-01;6.333186e-02;5.829946e-02;1.483808e-01;1.508432e-01;2.418996e-02;1.276807e-02;3.257535e-02;6.917728e-02
6.695845e-02;6.343073e-02;3.869197e-02;2.950383e-01;6.906489e-02;4.311532e-02;1.281128e-01;1.438867e-01;4.010444e-02;1.289403e-02;5.141876e-02;4.728364e-02
8.431146e-02;6.860157e-02;7.274564e-02;1.726262e-01;8.604587e-02;7.916013e-02;1.186356e-01;1.386042e-01;3.758746e-02;1.301193e-02;6.777272e-02;6.089723e-02
6.222732e-02;4.849550e-02;4.892534e-02;1.122709e-01;6.627882e-02;1.073697e-01;1.962853e-01;1.158839e-01;2.724575e-02;2.508948e-02;5.505856e-02;1.348695e-01
3.665059e-02;5.083131e-02;4.098858e-02;1.492460e-01;4.120871e-02;1.091207e-01;2.300379e-01;6.995244e-02;3.580342e-02;2.505309e-02;6.113014e-02;1.499772e-01
4.475848e-02;5.361397e-02;3.920127e-02;2.017824e-01;2.068888e-02;1.005682e-01;1.868305e-01;9.628222e-02;3.420618e-02;1.247928e-02;8.577204e-02;1.238166e-01
3.052373e-02;4.401690e-02;1.935720e-02;2.056669e-01;1.988585e-02;9.816060e-02;2.495929e-01;1.334375e-01;1.937464e-02;8.482262e-03;8.004016e-02;9.146133e-02
4.027504e-02;3.837044e-02;1.594251e-02;2.109991e-01;2.301166e-02;8.231764e-02;3.105602e-01;1.324075e-01;2.628115e-02;1.871071e-02;5.594639e-02;4.517760e-02
4.313968e-02;3.905888e-02;3.252248e-02;1.914611e-01;1.383270e-02;7.618496e-02;3.753898e-01;8.696498e-02;2.426178e-02;2.069331e-02;5.157212e-02;4.491815e-02
4.304806e-02;5.514514e-02;3.270166e-02;1.527035e-01;1.089031e-02;7.914767e-02;3.978241e-01;8.357181e-02;2.120986e-02;2.224489e-02;4.233579e-02;5.917723e-02
3.445907e-02;6.736317e-02;3.115130e-02;9.524058e-02;1.059296e-02;8.491758e-02;3.603384e-01;1.690087e-01;2.140656e-02;2.815326e-02;2.675830e-02;7.061015e-02
2.080300e-02;4.795646e-02;2.326098e-02;5.829145e-02;4.302401e-03;6.723790e-02;4.326866e-01;2.001265e-01;1.774623e-02;3.682487e-02;1.449495e-02;7.626870e-02
1.178333e-02;3.124666e-02;1.171107e-02;5.224681e-02;7.519368e-03;3.236704e-02;5.277696e-01;1.537633e-01;1.449477e-02;5.691911e-02;1.091445e-02;8.926454e-02
1.775791e-02;2.470566e-02;7.029460e-03;5.543309e-02;5.507591e-03;1.577833e-02;5.580638e-01;1.214337e-01;9.051608e-03;7.435118e-02;6.995262e-03;1.038925e-01
2.183376e-02;2.570843e-02;6.969941e-03;5.409813e-02;5.376562e-03;2.736951e-02;5.403007e-01;1.203769e-01;1.032476e-02;7.711118e-02;6.581936e-03;1.039482e-01
1.672794e-02;2.617946e-02;6.918660e-03;5.378659e-02;4.419842e-03;2.464812e-02;5.384312e-01;1.307787e-01;7.692161e-03;7.465933e-02;1.115324e-02;1.046048e-01
1.215106e-02;2.467440e-02;7.341845e-03;5.961556e-02;5.570963e-03;1.384792e-02;5.443761e-01;1.181071e-01;9.670320e-03;6.409858e-02;2.231024e-02;1.182360e-01
1.629617e-02;3.192744e-02;9.310192e-03;6.581669e-02;8.625941e-03;3.161209e-02;5.458131e-01;8.086064e-02;1.036602e-02;5.101746e-02;2.406780e-02;1.242864e-01
2.013266e-02;4.031369e-02;1.262676e-02;6.039042e-02;1.755164e-02;4.689744e-02;5.473165e-01;5.593191e-02;1.126536e-02;3.086587e-02;3.430631e-02;1.224014e-01
2.498105e-02;4.047114e-02;2.061183e-02;4.811058e-02;3.043420e-02;7.016215e-02;5.403959e-01;4.056225e-02;1.766386e-02;2.016350e-02;3.570405e-02;1.107396e-01
1.548401e-02;3.049053e-02;5.081426e-02;5.788328e-02;5.370079e-02;2.097312e-01;3.996368e-01;5.467997e-02;1.737173e-02;2.324763e-02;2.027298e-02;6.668679e-02
2.062227e-02;2.316871e-02;7.207594e-02;5.287945e-02;8.018234e-02;2.435434e-01;2.544722e-01;5.393501e-02;3.552953e-02;3.204412e-02;5.151336e-02;8.003365e-02
4.610346e-02;4.193930e-02;9.152795e-02;5.085453e-02;7.598154e-02;2.089777e-01;1.365519e-01;7.057142e-02;6.448697e-02;4.806583e-02;6.892929e-02;9.601013e-02
5.852895e-02;4.734200e-02;8.501370e-02;7.404959e-02;6.483497e-02;2.022600e-01;1.447540e-01;6.812618e-02;6.586678e-02;5.435898e-02;7.004134e-02;6.482348e-02
6.265621e-02;3.716417e-02;6.321419e-02;4.890987e-02;3.839056e-02;2.297087e-01;2.429966e-01;4.620529e-02;4.576887e-02;4.050401e-02;7.083752e-02;7.364407e-02
6.531133e-02;4.813313e-02;5.276458e-02;2.302815e-02;3.150572e-02;1.988398e-01;2.313394e-01;6.818736e-02;5.067641e-02;4.451564e-02;7.499834e-02;1.107000e-01
6.001463e-02;5.848387e-02;1.947803e-02;2.010123e-02;4.237534e-02;1.829950e-01;1.880156e-01;1.025943e-01;8.309709e-02;5.549156e-02;7.257931e-02;1.147741e-01
6.280134e-02;6.691966e-02;3.655194e-02;1.499142e-02;4.232533e-02;1.985135e-01;1.516246e-01;1.115525e-01;1.217439e-01;5.970713e-02;6.196078e-02;7.130778e-02
3.822025e-02;4.023305e-02;4.517519e-02;6.191475e-02;3.947937e-02;1.768141e-01;2.023131e-01;1.202532e-01;1.285236e-01;6.478459e-02;5.277310e-02;2.951567e-02
4.223540e-02;2.479456e-02;4.165412e-02;1.063358e-01;4.232175e-02;1.475131e-01;2.115551e-01;1.419505e-01;1.205439e-01;4.891733e-02;4.203205e-02;3.014638e-02
3.683673e-02;2.522580e-02;2.744289e-02;1.298046e-01;4.488375e-02;1.062129e-01;2.153399e-01;1.465508e-01;1.451693e-01;3.789057e-02;3.626202e-02;4.838073e-02
2.430815e-02;2.153860e-02;2.153995e-02;1.172579e-01;5.522778e-02;7.232724e-02;2.444339e-01;1.769091e-01;1.549621e-01;4.141905e-02;2.389435e-02;4.618190e-02
2.440464e-02;2.729932e-02;2.563718e-02;8.683682e-02;4.908619e-02;9.773095e-02;2.545145e-01;2.072360e-01;1.203678e-01;4.208519e-02;2.085368e-02;4.394763e-02
2.676577e-02;3.125586e-02;1.531701e-02;4.543734e-02;5.317938e-02;2.296400e-01;2.059587e-01;2.056317e-01;5.573648e-02;4.701620e-02;2.525473e-02;5.880682e-02
1.668416e-02;3.331352e-02;2.222537e-02;3.032734e-02;5.524978e-02;2.961172e-01;1.257656e-01;1.940026e-01;1.118278e-01;3.822413e-02;1.370201e-02;6.256053e-02
1.975763e-02;2.663531e-02;3.037783e-02;1.998065e-02;9.247161e-02;1.871638e-01;1.598984e-01;2.108877e-01;1.535040e-01;3.207388e-02;1.709009e-02;5.015904e-02
2.042231e-02;2.341844e-02;2.387670e-02;2.728114e-02;1.436296e-01;8.199059e-02;2.271351e-01;1.923988e-01;1.680334e-01;2.243774e-02;3.550445e-02;3.387173e-02
1.351574e-02;2.179364e-02;4.314840e-02;6.643513e-02;1.376550e-01;1.352196e-01;1.935474e-01;1.436631e-01;1.367547e-01;2.978724e-02;5.082700e-02;2.765311e-02
7.559220e-03;1.034003e-02;7.703576e-02;9.254844e-02;1.267066e-01;1.592374e-01;1.623565e-01;1.147905e-01;1.346876e-01;4.758118e-02;3.180217e-02;3.535465e-02
3.408224e-03;2.016649e-02;1.108358e-01;8.099717e-02;9.000584e-02;1.376671e-01;1.052051e-01;2.310564e-01;1.089746e-01;5.451824e-02;1.596720e-02;4.119786e-02
2.715821e-03;2.118202e-02;1.520665e-01;5.916928e-02;4.646184e-02;9.574781e-02;4.579627e-02;3.712845e-01;7.142820e-02;6.760053e-02;1.705920e-02;4.948807e-02
3.161641e-03;3.181392e-02;1.780596e-01;2.782440e-02;1.786963e-02;5.074830e-02;8.349428e-02;4.488747e-01;2.441832e-02;7.172357e-02;1.231487e-02;4.969686e-02
3.404638e-03;4.937975e-02;1.770799e-01;2.033133e-02;1.886808e-02;2.711573e-02;1.073112e-01;4.533338e-01;2.461951e-02;6.326970e-02;1.521537e-02;4.007102e-02
7.136552e-03;7.152868e-02;1.633728e-01;2.023461e-02;1.791908e-02;4.551743e-02;1.374560e-01;4.136928e-01;2.494603e-02;4.681328e-02;1.798386e-02;3.339884e-02
9.040745e-03;9.041228e-02;1.325103e-01;3.002570e-02;2.210234e-02;9.294122e-02;1.739100e-01;3.365984e-01;3.073325e-02;3.429434e-02;1.915507e-02;2.827642e-02
1.285265e-02;8.924894e-02;9.309283e-02;4.250830e-02;2.794502e-02;1.339750e-01;1.924736e-01;2.852080e-01;3.841826e-02;3.633654e-02;2.135828e-02;2.658259e-02
2.253073e-02;5.066099e-02;1.053876e-01;3.130550e-02;3.351630e-02;1.256469e-01;1.806656e-01;2.930283e-01;4.582201e-02;5.256885e-02;2.105872e-02;3.780847e-02
2.669426e-02;6.853301e-02;1.576606e-01;4.172352e-02;4.941599e-02;7.968587e-02;1.510288e-01;2.538159e-01;5.268481e-02;6.576194e-02;1.265519e-02;4.034002e-02
1.814631e-02;4.115210e-02;1.630094e-01;4.051024e-02;5.037529e-02;9.670381e-02;1.396741e-01;2.453220e-01;6.584457e-02;8.285480e-02;1.093394e-02;4.547350e-02
1.120865e-02;5.218034e-02;1.168377e-01;2.113225e-02;2.618498e-02;1.100551e-01;1.078793e-01;3.371672e-01;7.671887e-02;1.032133e-01;9.759385e-03;2.766296e-02
1.101393e-02;7.448943e-02;1.149465e-01;3.545572e-02;1.001158e-02;8.042599e-02;7.315318e-02;3.723506e-01;6.054240e-02;1.291961e-01;1.564582e-02;2.276876e-02
1.288086e-02;6.507676e-02;1.331173e-01;3.027514e-02;1.752383e-02;4.911520e-02;5.111542e-02;3.452405e-01;7.381165e-02;1.461143e-01;3.079174e-02;4.493725e-02
1.612241e-02;5.620272e-02;1.303047e-01;2.889427e-02;1.326595e-02;6.009562e-02;6.950137e-02;3.170557e-01;8.196897e-02;1.485301e-01;2.742684e-02;5.063136e-02
2.731081e-02;7.331318e-02;1.391025e-01;2.958611e-02;1.611618e-02;8.414755e-02;9.867624e-02;2.411361e-01;7.007224e-02;1.564654e-01;2.497496e-02;3.909869e-02
2.729983e-02;6.367861e-02;1.677883e-01;4.418082e-02;3.914108e-02;1.041495e-01;1.177898e-01;1.632721e-01;6.497570e-02;1.223720e-01;3.047074e-02;5.488149e-02
1.295547e-02;6.357554e-02;1.630068e-01;9.113761e-02;7.203352e-02;1.516109e-01;8.435696e-02;1.973616e-01;6.829517e-02;4.583196e-02;2.259721e-02;2.723728e-02
1.175868e-02;6.013102e-02;1.510256e-01;7.828757e-02;8.186323e-02;1.821509e-01;9.932178e-02;2.128932e-01;7.110348e-02;2.530262e-02;1.400729e-02;1.215463e-02
1.217581e-02;5.820239e-02;1.495450e-01;8.342902e-02;8.758818e-02;2.129584e-01;1.007197e-01;1.846789e-01;6.761680e-02;2.139262e-02;1.305711e-02;8.636043e-03
1.485176e-02;4.398468e-02;1.266797e-01;1.278736e-01;1.008992e-01;2.536590e-01;7.833958e-02;1.373084e-01;6.796716e-02;3.097530e-02;1.018743e-02;7.274163e-03
1.782099e-02;5.870108e-02;8.075567e-02;9.589570e-02;8.524676e-02;2.944478e-01;8.034042e-02;1.555322e-01;6.928501e-02;4.451330e-02;1.111846e-02;6.342632e-03
2.065540e-02;7.730448e-02;9.324433e-02;4.280863e-02;5.250720e-02;3.451761e-01;6.742463e-02;1.545640e-01;7.292936e-02;4.663085e-02;1.507005e-02;1.168505e-02
2.276204e-02;9.055074e-02;1.670771e-01;2.816928e-02;2.133508e-02;3.558267e-01;4.961022e-02;1.100057e-01;7.656737e-02;4.361645e-02;1.467171e-02;1.980762e-02
2.121708e-02;8.187924e-02;2.418473e-01;5.309803e-02;2.027232e-02;2.757128e-01;5.235639e-02;1.237199e-01;4.206651e-02;4.960144e-02;1.659252e-02;2.163649e-02
2.265231e-02;6.548279e-02;3.221120e-01;4.730199e-02;3.319247e-02;2.005678e-01;3.908341e-02;1.481357e-01;5.850666e-02;3.369685e-02;1.214243e-02;1.712560e-02
2.563804e-02;7.223430e-02;3.504256e-01;3.488101e-02;2.345647e-02;1.745095e-01;3.716409e-02;1.411284e-01;7.604666e-02;3.588240e-02;9.060759e-03;1.957277e-02
3.817567e-02;1.052258e-01;3.662539e-01;2.944709e-02;1.426403e-02;1.741620e-01;4.350508e-02;1.062073e-01;6.485600e-02;2.185673e-02;1.147820e-02;2.456825e-02
4.913462e-02;1.132633e-01;3.323869e-01;2.474671e-02;2.410399e-02;1.633966e-01;5.683929e-02;1.002540e-01;6.802516e-02;2.885309e-02;1.009135e-02;2.890500e-02
6.514765e-02;1.534090e-01;2.621658e-01;3.540118e-02;2.992703e-02;1.236352e-01;6.271473e-02;9.701966e-02;7.286535e-02;4.229275e-02;1.035656e-02;4.506497e-02
7.194208e-02;1.121442e-01;1.786218e-01;4.807064e-02;3.889575e-02;1.150281e-01;7.139722e-02;1.378698e-01;9.927261e-02;4.199913e-02;1.171113e-02;7.304770e-02
8.169495e-02;6.182653e-02;1.084250e-01;3.825771e-02;5.053998e-02;1.445722e-01;1.362292e-01;1.541723e-01;7.781474e-02;2.942640e-02;1.454391e-02;1.024971e-01
9.506295e-02;6.199318e-02;8.505286e-02;4.153338e-02;5.436611e-02;1.652744e-01;1.603365e-01;1.305640e-01;6.698399e-02;1.178746e-02;2.488177e-02;1.021634e-01
9.225623e-02;7.451392e-02;9.939160e-02;5.532101e-02;4.874508e-02;1.467223e-01;1.232634e-01;1.282945e-01;9.811281e-02;1.962968e-02;2.857251e-02;8.517700e-02
5.500815e-02;5.955662e-02;7.483989e-02;4.340583e-02;3.415671e-02;1.894124e-01;1.756267e-01;1.758533e-01;7.572640e-02;2.923604e-02;1.316294e-02;7.401505e-02
5.176886e-02;7.218102e-02;6.666613e-02;2.622295e-02;3.408833e-02;2.204015e-01;1.639254e-01;1.304781e-01;5.255487e-02;3.341670e-02;3.070820e-02;1.175879e-01
8.233412e-02;1.031001e-01;8.062217e-02;1.594332e-02;4.491961e-02;2.348224e-01;9.357653e-02;7.460851e-02;6.110734e-02;3.757629e-02;3.727346e-02;1.341161e-01
9.905586e-02;1.227776e-01;9.065798e-02;1.881812e-02;5.919906e-02;2.461910e-01;3.497260e-02;5.965035e-02;6.937245e-02;3.179885e-02;4.831694e-02;1.191892e-01
7.447683e-02;9.840553e-02;6.588762e-02;2.742394e-02;7.493822e-02;2.578158e-01;4.019267e-02;9.877475e-02;9.318196e-02;2.137642e-02;5.954524e-02;8.798104e-02
5.345181e-02;6.744505e-02;8.866028e-02;2.130830e-02;7.308068e-02;2.482681e-01;3.485777e-02;1.247553e-01;9.197339e-02;4.136386e-02;4.821571e-02;1.066197e-01
8.189807e-02;4.667751e-02;9.305820e-02;2.564053e-02;8.354974e-02;2.336542e-01;5.537953e-02;1.252242e-01;7.833340e-02;4.307185e-02;4.111672e-02;9.239609e-02
6.084577e-02;7.633411e-02;8.267560e-02;2.959044e-02;7.689460e-02;2.477532e-01;6.584112e-02;1.467123e-01;6.989080e-02;2.368148e-02;4.244765e-02;7.733297e-02
4.788019e-02;9.167737e-02;8.387745e-02;2.982723e-02;5.540933e-02;2.511918e-01;8.817511e-02;1.411210e-01;6.530164e-02;1.772144e-02;4.027685e-02;8.754057e-02
8.971893e-02;9.253437e-02;8.341482e-02;3.388778e-02;5.866928e-02;2.180157e-01;1.191277e-01;1.338625e-01;5.330705e-02;2.919134e-02;2.299872e-02;6.527193e-02
1.158678e-01;7.442486e-02;7.709205e-02;3.898052e-02;6.387249e-02;1.282176e-01;1.002131e-01;2.195953e-01;7.422887e-02;1.808790e-02;2.741018e-02;6.200935e-02
1.050158e-01;5.195234e-02;8.373641e-02;3.141550e-02;8.356462e-02;1.755814e-01;9.438287e-02;2.239769e-01;3.902121e-02;2.297912e-02;2.335963e-02;6.501415e-02
6.008994e-02;4.043677e-02;6.000415e-02;2.123316e-02;6.443433e-02;2.100902e-01;9.808900e-02;2.756497e-01;7.704444e-02;2.716824e-02;1.653915e-02;4.922095e-02
4.398989e-02;6.015036e-02;5.801087e-02;2.354012e-02;3.312384e-02;2.064308e-01;1.038965e-01;2.850041e-01;7.971200e-02;3.384357e-02;2.041939e-02;5.187858e-02
3.632580e-02;1.042829e-01;9.217953e-02;2.826286e-02;2.617683e-02;1.790357e-01;1.251117e-01;2.319398e-01;6.291404e-02;3.427121e-02;3.087602e-02;4.862370e-02
