2.131221e-02;7.082922e-02;1.171601e-01;9.033149e-02;1.194423e-01;1.923611e-01;5.584102e-02;8.648960e-02;8.043076e-02;9.967678e-02;2.978759e-02;3.633774e-02
2.316380e-02;6.180135e-02;1.015558e-01;9.112234e-02;1.255094e-01;2.965041e-01;1.056550e-01;5.318410e-02;4.601782e-02;5.789956e-02;1.563982e-02;2.194690e-02
3.307889e-02;5.350927e-02;5.256174e-02;5.878501e-02;8.799411e-02;3.652940e-01;1.995549e-01;6.901982e-02;1.989601e-02;3.748204e-02;1.312979e-02;9.694447e-03
3.470718e-02;6.626936e-02;2.070648e-02;2.468490e-02;3.896996e-02;2.901059e-01;3.088802e-01;1.169106e-01;1.986790e-02;2.960184e-02;4.058043e-02;8.715191e-03
2.587245e-02;6.348109e-02;2.060586e-02;1.190423e-02;1.978677e-02;2.083850e-01;3.239061e-01;1.903325e-01;3.407668e-02;2.554640e-02;6.605652e-02;1.004648e-02
1.449817e-02;4.609302e-02;2.651934e-02;1.201253e-02;2.232666e-02;1.775345e-01;3.016882e-01;2.580844e-01;4.809508e-02;2.373508e-02;6.135584e-02;8.057237e-03
3.850798e-03;4.027013e-02;3.941989e-02;2.864362e-02;3.197749e-02;2.031509e-01;2.426205e-01;2.896368e-01;5.911900e-02;1.130971e-02;3.858025e-02;1.142088e-02
1.645705e-02;5.016530e-02;7.435234e-02;6.507980e-02;4.539352e-02;1.898771e-01;1.547456e-01;2.827819e-01;6.314909e-02;1.119750e-02;2.059339e-02;2.620741e-02
2.016900e-02;4.773450e-02;6.593283e-02;4.991516e-02;7.181159e-02;2.403120e-01;1.603208e-01;2.022442e-01;5.308013e-02;1.602689e-02;4.005658e-02;3.239631e-02
1.114237e-02;4.437171e-02;4.624451e-02;3.992898e-02;6.861097e-02;2.767439e-01;2.192188e-01;1.540530e-01;4.993778e-02;1.965745e-02;4.760857e-02;2.248190e-02
1.946423e-02;4.067232e-02;5.725632e-02;4.688192e-02;8.205996e-02;2.243570e-01;2.457954e-01;1.583339e-01;4.696263e-02;2.263129e-02;4.328275e-02;1.230231e-02
2.202774e-02;6.058959e-02;7.042837e-02;5.492643e-02;4.869019e-02;2.127465e-01;2.316021e-01;1.735843e-01;5.095790e-02;2.361069e-02;3.843035e-02;1.240576e-02
2.117102e-02;6.590676e-02;6.335074e-02;5.228201e-02;2.580883e-02;1.350514e-01;2.720757e-01;2.108697e-01;5.877171e-02;5.184981e-02;3.134366e-02;1.151869e-02
1.624900e-02;5.874483e-02;3.706170e-02;3.297678e-02;4.826412e-02;1.721586e-01;2.067066e-01;1.370323e-01;8.100992e-02;1.587088e-01;3.192748e-02;1.915996e-02
2.737180e-02;4.407546e-02;5.255796e-02;2.993205e-02;4.957471e-02;1.668739e-01;1.429214e-01;7.892024e-02;9.794527e-02;2.289434e-01;4.569663e-02;3.518710e-02
3.956816e-02;3.495843e-02;6.507805e-02;2.934396e-02;5.591481e-02;1.774223e-01;1.127300e-01;1.220461e-01;7.858708e-02;1.963247e-01;4.668681e-02;4.133959e-02
4.127188e-02;4.135999e-02;8.007496e-02;3.460041e-02;4.665313e-02;1.597935e-01;7.342264e-02;2.602996e-01;8.634810e-02;1.049573e-01;3.653271e-02;3.468580e-02
2.191948e-02;3.406839e-02;5.824233e-02;2.443691e-02;1.835910e-02;1.490220e-01;5.557395e-02;4.627235e-01;1.133955e-01;2.744626e-02;1.723270e-02;1.757993e-02
6.550740e-03;2.318381e-02;3.592175e-02;1.546725e-02;1.410551e-02;1.326580e-01;6.179003e-02;5.047799e-01;1.523031e-01;3.054848e-02;9.647708e-03;1.304368e-02
5.521555e-03;1.914374e-02;3.393053e-02;2.754897e-02;2.150741e-02;7.053600e-02;5.188907e-02;4.757468e-01;2.403221e-01;3.161770e-02;1.130184e-02;1.093433e-02
5.285081e-03;2.086266e-02;2.710850e-02;3.306164e-02;2.365640e-02;7.002536e-02;4.324434e-02;3.604359e-01;3.694655e-01;2.793501e-02;1.273951e-02;6.180063e-03
8.930103e-03;1.556800e-02;1.830969e-02;3.496624e-02;1.831169e-02;7.747871e-02;2.875309e-02;3.051867e-01;4.495904e-01;3.037714e-02;8.395189e-03;4.133122e-03
1.238148e-02;1.035258e-02;1.238010e-02;3.688511e-02;1.111638e-02;8.834896e-02;2.197967e-02;3.080811e-01;4.593406e-01;2.951797e-02;4.971584e-03;4.644378e-03
8.662051e-03;6.102664e-03;1.605046e-02;2.908542e-02;8.474667e-03;1.160576e-01;2.472744e-02;3.618103e-01;3.809888e-01;3.441330e-02;4.528774e-03;9.098569e-03
6.568536e-03;1.867892e-02;2.754279e-02;1.880559e-02;1.194710e-02;1.828065e-01;3.457854e-02;3.542063e-01;2.620510e-01;6.367070e-02;7.413157e-03;1.173088e-02
8.820129e-03;3.837904e-02;2.278668e-02;1.498356e-02;1.473698e-02;3.177291e-01;7.358951e-02;1.789254e-01;2.316195e-01;8.130889e-02;6.602292e-03;1.051887e-02
6.100196e-03;2.902201e-02;1.482388e-02;5.552611e-03;1.515943e-02;2.424653e-01;8.107115e-02;4.048972e-01;1.505046e-01;3.576459e-02;1.025918e-02;4.379895e-03
3.735321e-03;2.284048e-02;2.044593e-02;7.721564e-03;2.253484e-02;1.823457e-01;6.213183e-02;5.491762e-01;9.168822e-02;2.455333e-02;9.793821e-03;3.032833e-03
3.315100e-03;9.650056e-03;2.472358e-02;1.179407e-02;1.891056e-02;1.560605e-01;4.350798e-02;6.081864e-01;5.975705e-02;5.439551e-02;4.187781e-03;5.511407e-03
3.502304e-03;9.868592e-03;3.123925e-02;8.247660e-03;8.918142e-03;1.279796e-01;2.756454e-02;5.426587e-01;1.056310e-01;1.198171e-01;3.721156e-03;1.085192e-02
2.561210e-03;1.021924e-02;4.193796e-02;4.654374e-03;9.923378e-03;9.987081e-02;2.179274e-02;5.079983e-01;9.750625e-02;1.803694e-01;4.342037e-03;1.882422e-02
4.135777e-03;8.712578e-03;7.701041e-02;6.260636e-03;1.676325e-02;9.163699e-02;3.796440e-02;4.297991e-01;9.774052e-02;1.852738e-01;5.527963e-03;3.917452e-02
7.116772e-03;2.070433e-02;1.443025e-01;1.012635e-02;2.555406e-02;1.131784e-01;4.959815e-02;3.129969e-01;9.589127e-02;1.126668e-01;6.505457e-03;1.013590e-01
9.145400e-03;2.318589e-02;1.283739e-01;1.560764e-02;1.930558e-02;1.774446e-01;4.037410e-02;2.714522e-01;7.205008e-02;3.509812e-02;9.865766e-03;1.980968e-01
7.354646e-03;1.673788e-02;6.575711e-02;2.027156e-02;1.040342e-02;1.533813e-01;3.410204e-02;3.629218e-01;9.417657e-02;1.338433e-02;1.535041e-02;2.061590e-01
5.773252e-03;1.484559e-02;5.168067e-02;1.773362e-02;1.033273e-02;9.759634e-02;3.564020e-02;4.833797e-01;1.156083e-01;1.408875e-02;1.651817e-02;1.368027e-01
5.467695e-03;1.388064e-02;6.301402e-02;1.321710e-02;9.260276e-03;7.374182e-02;5.193181e-02;5.619336e-01;1.259559e-01;1.929698e-02;6.828375e-03;5.547171e-02
4.032237e-03;9.400362e-03;6.165410e-02;8.773380e-03;9.076561e-03;1.114908e-01;5.535016e-02;5.810121e-01;1.193423e-01;2.215251e-02;3.200745e-03;1.451485e-02
3.017189e-03;8.676536e-03;5.477351e-02;4.075626e-03;7.560114e-03;1.288821e-01;2.679424e-02;6.222305e-01;1.188054e-01;1.551480e-02;2.614899e-03;7.055168e-03
3.400739e-03;9.815279e-03;8.192212e-02;5.672338e-03;6.508981e-03;8.270816e-02;2.231812e-02;6.514790e-01;1.010924e-01;9.595265e-03;3.850378e-03;2.163734e-02
4.189773e-03;1.101746e-02;1.088407e-01;5.641769e-03;7.061101e-03;8.842321e-02;2.298815e-02;6.234203e-01;8.098481e-02;1.503179e-02;2.814224e-03;2.958681e-02
8.684255e-03;1.519077e-02;1.264797e-01;3.041383e-02;1.030688e-02;1.288841e-01;1.439105e-02;5.064731e-01;1.106454e-01;2.162591e-02;8.127953e-03;1.877707e-02
1.003563e-02;2.273643e-02;1.388892e-01;8.349373e-02;1.741632e-02;1.260119e-01;1.868408e-02;3.809999e-01;1.470997e-01;1.887038e-02;1.289290e-02;2.286983e-02
7.005480e-03;2.007282e-02;1.391522e-01;1.145652e-01;1.710573e-02;9.501188e-02;2.060879e-02;3.937899e-01;1.523738e-01;1.059313e-02;8.559112e-03;2.116198e-02
2.802537e-03;1.542848e-02;1.828697e-01;6.732456e-02;1.027272e-02;6.116075e-02;1.077243e-02;4.885095e-01;1.102443e-01;1.049433e-02;8.166811e-03;3.195386e-02
3.331994e-03;1.275938e-02;1.984085e-01;2.657698e-02;7.930676e-03;3.694321e-02;2.121910e-02;5.593298e-01;6.843314e-02;1.330250e-02;9.183967e-03;4.258074e-02
3.948684e-03;8.770199e-03;1.466514e-01;1.963376e-02;7.748586e-03;8.848672e-02;3.129037e-02;5.651256e-01;7.706162e-02;1.231426e-02;5.531937e-03;3.343692e-02
2.100520e-03;1.081742e-02;9.252309e-02;1.695161e-02;9.378920e-03;1.100506e-01;3.639976e-02;5.888690e-01;9.594943e-02;9.088168e-03;7.801935e-03;2.006951e-02
3.040293e-03;1.994062e-02;6.081519e-02;1.176795e-02;8.614218e-03;1.399563e-01;5.319386e-02;5.774456e-01;9.704260e-02;7.733097e-03;1.013482e-02;1.031547e-02
4.134465e-03;2.657312e-02;6.046889e-02;1.109544e-02;9.823241e-03;1.915711e-01;7.974413e-02;5.181549e-01;6.350651e-02;7.066480e-03;1.260834e-02;1.525334e-02
6.240960e-03;3.120777e-02;3.908134e-02;1.738558e-02;1.197680e-02;2.443891e-01;1.140882e-01;4.575847e-01;2.724201e-02;1.005688e-02;2.180771e-02;1.893893e-02
5.269553e-03;2.049874e-02;4.370722e-02;1.645693e-02;1.105070e-02;2.277961e-01;1.155162e-01;4.563174e-01;5.063400e-02;1.123866e-02;2.446656e-02;1.704788e-02
1.115140e-02;2.652440e-02;3.625586e-02;1.448183e-02;1.451107e-02;2.070657e-01;9.482034e-02;4.551306e-01;6.175652e-02;2.049799e-02;2.557081e-02;3.223351e-02
1.891222e-02;3.190256e-02;5.248886e-02;1.028481e-02;1.781396e-02;1.191260e-01;9.042483e-02;4.600145e-01;6.796966e-02;4.390486e-02;1.759134e-02;6.956633e-02
1.492469e-02;2.345187e-02;6.504804e-02;9.290157e-03;1.210121e-02;9.378327e-02;6.772861e-02;4.986066e-01;5.796127e-02;6.751144e-02;9.743121e-03;7.984975e-02
7.148065e-03;2.314851e-02;8.007781e-02;8.583162e-03;1.547583e-02;1.280027e-01;9.232570e-02;4.832842e-01;4.397745e-02;6.378049e-02;1.973103e-02;3.446504e-02
9.654929e-03;3.043352e-02;7.429764e-02;9.827270e-03;2.067587e-02;1.006266e-01;1.458154e-01;4.673814e-01;5.751447e-02;3.506666e-02;3.250328e-02;1.620291e-02
1.373680e-02;4.225678e-02;7.815760e-02;1.184614e-02;1.900277e-02;4.555930e-02;2.238084e-01;4.613184e-01;5.142227e-02;1.510045e-02;2.678738e-02;1.100366e-02
1.522959e-02;4.415813e-02;8.575004e-02;7.616233e-03;1.855465e-02;1.235733e-01;2.344286e-01;3.839391e-01;2.384803e-02;2.228398e-02;2.097545e-02;1.964284e-02
1.580341e-02;4.324317e-02;8.179883e-02;1.408614e-02;1.917082e-02;1.963258e-01;1.721148e-01;3.383843e-01;5.008695e-02;2.698153e-02;2.229656e-02;1.970764e-02
3.903209e-02;4.598479e-02;6.674870e-02;1.649398e-02;2.939211e-02;1.773348e-01;8.533196e-02;3.723718e-01;8.409979e-02;2.694591e-02;2.833778e-02;2.792637e-02
4.625399e-02;6.708824e-02;7.682670e-02;1.408621e-02;3.539269e-02;1.732308e-01;6.896508e-02;3.644568e-01;6.636465e-02;2.282881e-02;3.608049e-02;2.842550e-02
3.174030e-02;6.070914e-02;6.566489e-02;8.940702e-03;1.960023e-02;1.630700e-01;9.786925e-02;4.187540e-01;5.474712e-02;3.033190e-02;2.844379e-02;2.012872e-02
1.376870e-02;4.335481e-02;6.523535e-02;9.412958e-03;1.046295e-02;1.338719e-01;7.580728e-02;5.390067e-01;4.582547e-02;3.983263e-02;1.290077e-02;1.052048e-02
5.000968e-03;6.137707e-02;7.226271e-02;8.103488e-03;1.759654e-02;1.594154e-01;6.185159e-02;5.059206e-01;5.643950e-02;2.868876e-02;1.169490e-02;1.164850e-02
1.151097e-02;7.661114e-02;4.751395e-02;6.326840e-03;1.469904e-02;2.465915e-01;1.068902e-01;3.722773e-01;7.157262e-02;1.878868e-02;1.686557e-02;1.035218e-02
1.828638e-02;6.663642e-02;8.790214e-02;1.497733e-02;1.617279e-02;2.959773e-01;1.197902e-01;2.419642e-01;8.551721e-02;1.909680e-02;1.788196e-02;1.579726e-02
1.139269e-02;6.410901e-02;1.327796e-01;2.256589e-02;1.619896e-02;1.363012e-01;1.438509e-01;3.113173e-01;9.938551e-02;1.774707e-02;2.091133e-02;2.344046e-02
1.003698e-02;6.074443e-02;1.410735e-01;1.112371e-02;8.788173e-03;1.085306e-01;9.572063e-02;4.273137e-01;9.705597e-02;1.388318e-02;1.307772e-02;1.265137e-02
8.367897e-03;6.113894e-02;1.201706e-01;7.200761e-03;8.543345e-03;1.184198e-01;3.983812e-02;5.030703e-01;1.022076e-01;1.338074e-02;7.925480e-03;9.736459e-03
1.109574e-02;5.491912e-02;7.989349e-02;1.124857e-02;1.134109e-02;7.837246e-02;3.307483e-02;5.594966e-01;1.067876e-01;1.733997e-02;1.668730e-02;1.974323e-02
1.133922e-02;4.661158e-02;9.241594e-02;1.669899e-02;2.345316e-02;1.277187e-01;4.358143e-02;5.077203e-01;6.673320e-02;1.153265e-02;1.765381e-02;3.454115e-02
1.113846e-02;4.585657e-02;9.350106e-02;2.700396e-02;4.066076e-02;1.541715e-01;4.753400e-02;4.641238e-01;5.429209e-02;1.011088e-02;1.368726e-02;3.791973e-02
8.196930e-03;3.027898e-02;4.788522e-02;2.341357e-02;4.688309e-02;3.002959e-01;3.015786e-02;3.697813e-01;8.761274e-02;1.170179e-02;7.334434e-03;3.645823e-02
1.459601e-02;5.369353e-02;1.091793e-01;2.523521e-02;5.375294e-02;1.873491e-01;3.799412e-02;3.060890e-01;1.211941e-01;1.938063e-02;1.729518e-02;5.424088e-02
1.617441e-02;4.074055e-02;1.215882e-01;1.980583e-02;2.369799e-02;1.788412e-01;4.668718e-02;3.682761e-01;1.207165e-01;1.677880e-02;2.197940e-02;2.471376e-02
1.329929e-02;2.658213e-02;6.501464e-02;1.022411e-02;1.183867e-02;1.185347e-01;4.796448e-02;5.487747e-01;1.225824e-01;1.105601e-02;1.052079e-02;1.360802e-02
9.956166e-03;1.915225e-02;3.125276e-02;1.037870e-02;8.711629e-03;1.266075e-01;5.630884e-02;6.090912e-01;9.919557e-02;1.006060e-02;3.752752e-03;1.553203e-02
6.602430e-03;2.965909e-02;4.866968e-02;9.765034e-03;7.501383e-03;1.699449e-01;5.631681e-02;6.017685e-01;4.437925e-02;8.544085e-03;4.302718e-03;1.254613e-02
3.913558e-03;3.249548e-02;6.180727e-02;6.964892e-03;2.115747e-02;1.130873e-01;5.868464e-02;5.741539e-01;9.610066e-02;1.551676e-02;5.520327e-03;1.059773e-02
7.023578e-03;5.685547e-02;4.626586e-02;1.004388e-02;2.972231e-02;2.052948e-01;6.011188e-02;4.254257e-01;1.108455e-01;1.869524e-02;1.114438e-02;1.857151e-02
1.867297e-02;1.050443e-01;5.922096e-02;1.454625e-02;2.648342e-02;2.346582e-01;1.494917e-01;2.437634e-01;7.496650e-02;1.645163e-02;3.499427e-02;2.170630e-02
1.886730e-02;1.506686e-01;4.756447e-02;1.289598e-02;2.282615e-02;1.555952e-01;3.169796e-01;1.366297e-01;5.082560e-02;1.288259e-02;5.937631e-02;1.488856e-02
1.113193e-02;1.521864e-01;2.488540e-02;7.349145e-03;1.813281e-02;1.412522e-01;3.998031e-01;1.171199e-01;5.255366e-02;8.341128e-03;5.966906e-02;7.575241e-03
7.309955e-03;1.391576e-01;8.128190e-03;6.175125e-03;1.328899e-02;1.330799e-01;4.108596e-01;1.595519e-01;5.647667e-02;9.133262e-03;5.058003e-02;6.258770e-03
9.181510e-03;1.396232e-01;1.468814e-02;6.870895e-03;1.895169e-02;1.520486e-01;4.073365e-01;1.235749e-01;6.076974e-02;1.069365e-02;4.925434e-02;7.006855e-03
1.072159e-02;1.251028e-01;2.914795e-02;6.666110e-03;2.949861e-02;1.904029e-01;3.520737e-01;1.245715e-01;6.249815e-02;1.123815e-02;5.138915e-02;6.689468e-03
1.010865e-02;9.965876e-02;2.756071e-02;5.861762e-03;2.626451e-02;1.920956e-01;2.723596e-01;2.375972e-01;6.927249e-02;9.100767e-03;4.577960e-02;4.340285e-03
6.656615e-03;9.052097e-02;2.204029e-02;5.383197e-03;3.474930e-02;1.758830e-01;2.674751e-01;2.769881e-01;6.328590e-02;1.068990e-02;4.266815e-02;3.659537e-03
3.870678e-03;9.320169e-02;1.859916e-02;5.609527e-03;4.009788e-02;1.294588e-01;3.361101e-01;2.565100e-01;5.960703e-02;1.241035e-02;4.186513e-02;2.659648e-03
3.436190e-03;9.714586e-02;1.497373e-02;6.369181e-03;3.501739e-02;1.080424e-01;4.060715e-01;2.150863e-01;6.398950e-02;1.098556e-02;3.700635e-02;1.876136e-03
3.054704e-03;1.061649e-01;9.795363e-03;9.847413e-03;2.540647e-02;1.384419e-01;4.731490e-01;1.281008e-01;6.135214e-02;8.508289e-03;3.289104e-02;3.288042e-03
5.856287e-03;9.869232e-02;1.257900e-02;1.100972e-02;1.468102e-02;1.852253e-01;4.939702e-01;7.605677e-02;5.668824e-02;8.030712e-03;3.277856e-02;4.431930e-03
8.538536e-03;7.211196e-02;2.757934e-02;8.721281e-03;1.108836e-02;2.068911e-01;4.037678e-01;1.609363e-01;5.273383e-02;1.031098e-02;3.331542e-02;4.005148e-03
1.829672e-02;6.401291e-02;4.797775e-02;1.475893e-02;1.901868e-02;2.374097e-01;3.051962e-01;1.989607e-01;4.941602e-02;1.641955e-02;2.374588e-02;4.786916e-03
2.016467e-02;1.081532e-01;6.423930e-02;1.774368e-02;2.660477e-02;2.258480e-01;2.050409e-01;2.261575e-01;6.680722e-02;1.783031e-02;1.712027e-02;4.290116e-03
1.130300e-02;1.453140e-01;7.036571e-02;1.595828e-02;2.164040e-02;1.940787e-01;1.894920e-01;2.331070e-01;8.146603e-02;1.626138e-02;1.751842e-02;3.495055e-03
1.517064e-02;1.148700e-01;4.842212e-02;1.309356e-02;2.949277e-02;1.851303e-01;2.396203e-01;2.173784e-01;8.828252e-02;1.865867e-02;2.307266e-02;6.808034e-03
1.302114e-02;8.387391e-02;4.727457e-02;1.333109e-02;3.010150e-02;1.943688e-01;2.755883e-01;2.272950e-01;8.361726e-02;1.228814e-02;1.316018e-02;6.080071e-03
1.230593e-02;7.984353e-02;4.473741e-02;1.199283e-02;2.540206e-02;1.294697e-01;3.146660e-01;2.676920e-01;7.309175e-02;1.439373e-02;1.713728e-02;9.267866e-03
1.099983e-02;7.628822e-02;4.067336e-02;1.344583e-02;2.101552e-02;1.620923e-01;3.260133e-01;2.572300e-01;4.706927e-02;1.687566e-02;1.680933e-02;1.148739e-02
1.255547e-02;6.170877e-02;3.008128e-02;1.286606e-02;2.401886e-02;2.310859e-01;2.674915e-01;2.825536e-01;4.743097e-02;1.267225e-02;1.006991e-02;7.465372e-03
1.226815e-02;6.393123e-02;4.076979e-02;1.113376e-02;3.000892e-02;3.329929e-01;1.997624e-01;2.414798e-01;3.951197e-02;9.633855e-03;1.031951e-02;8.187589e-03
3.926559e-02;8.819736e-02;5.919378e-02;1.318329e-02;3.287963e-02;3.788296e-01;1.639121e-01;1.746377e-01;2.000326e-02;7.204085e-03;1.112050e-02;1.157319e-02
9.129070e-02;7.596613e-02;4.967034e-02;7.699000e-03;2.298311e-02;4.190390e-01;1.752429e-01;9.975824e-02;2.922392e-02;7.736778e-03;9.559699e-03;1.183023e-02
1.162011e-01;4.223334e-02;1.575965e-02;6.657165e-03;2.181906e-02;4.638023e-01;1.932719e-01;8.631738e-02;2.739598e-02;1.207563e-02;7.346407e-03;7.120064e-03
1.168488e-01;2.048326e-02;1.135570e-02;7.840140e-03;1.464120e-02;4.889018e-01;1.982979e-01;9.002872e-02;2.209386e-02;2.313066e-02;4.591456e-03;1.786487e-03
1.152889e-01;1.477149e-02;1.326472e-02;9.523188e-03;1.819277e-02;5.268906e-01;1.771243e-01;6.317203e-02;1.355401e-02;4.106542e-02;3.030920e-03;4.121746e-03
1.154986e-01;1.008766e-02;8.174610e-03;1.057655e-02;2.360548e-02;5.604743e-01;1.084292e-01;5.987839e-02;9.306402e-03;8.084159e-02;5.691111e-03;7.436071e-03
1.149937e-01;1.140218e-02;1.076919e-02;9.055005e-03;2.117243e-02;5.194868e-01;9.739849e-02;6.713305e-02;8.668784e-03;1.198846e-01;1.621187e-02;3.823911e-03
1.466179e-01;1.709014e-02;1.113525e-02;7.266714e-03;4.004061e-02;4.628435e-01;7.752117e-02;7.233217e-02;8.245870e-03;1.213618e-01;2.329940e-02;1.224540e-02
1.660147e-01;2.638288e-02;1.357679e-02;2.259072e-02;7.134457e-02;4.082521e-01;5.976637e-02;9.949233e-02;1.879517e-02;7.693216e-02;1.332551e-02;2.352667e-02
1.193260e-01;2.586511e-02;1.668553e-02;2.527784e-02;6.997687e-02;4.773385e-01;3.043757e-02;1.358921e-01;2.866716e-02;4.199128e-02;5.723611e-03;2.281835e-02
8.049352e-02;2.057793e-02;1.746170e-02;1.356237e-02;3.310036e-02;5.882129e-01;2.828901e-02;1.548036e-01;2.333208e-02;2.179974e-02;4.334427e-03;1.403237e-02
8.506911e-02;1.806168e-02;1.986576e-02;1.157031e-02;1.673196e-02;6.680332e-01;2.711447e-02;1.131764e-01;9.851543e-03;1.825237e-02;4.998669e-03;7.274554e-03
6.963531e-02;2.614805e-02;1.734951e-02;1.727773e-02;3.167699e-02;6.737626e-01;6.922273e-02;4.177859e-02;1.588453e-02;2.630050e-02;4.430874e-03;6.532641e-03
3.763524e-02;3.453705e-02;1.952844e-02;1.520315e-02;4.244287e-02;5.444299e-01;1.326978e-01;1.099657e-01;2.963805e-02;2.358728e-02;5.153645e-03;5.180850e-03
3.838601e-02;3.748824e-02;2.653577e-02;1.258582e-02;4.776374e-02;4.555852e-01;1.942071e-01;1.134854e-01;3.890409e-02;2.356847e-02;6.662441e-03;4.827741e-03
5.628452e-02;5.196084e-02;1.799622e-02;1.387034e-02;4.277280e-02;3.352527e-01;2.393597e-01;1.512635e-01;5.295165e-02;2.256243e-02;1.215907e-02;3.566235e-03
4.370590e-02;4.689913e-02;1.247307e-02;1.172452e-02;1.898584e-02;4.327978e-01;1.614778e-01;1.993396e-01;3.921716e-02;1.744904e-02;1.225692e-02;3.673270e-03
2.393974e-02;3.787961e-02;2.371217e-02;2.114343e-02;2.034026e-02;4.957289e-01;1.075567e-01;2.005738e-01;1.922321e-02;2.743296e-02;1.302184e-02;9.447318e-03
3.272723e-02;4.333505e-02;6.176907e-02;2.871787e-02;4.835439e-02;3.867907e-01;1.203021e-01;1.807361e-01;3.254734e-02;3.145593e-02;1.902173e-02;1.424260e-02
5.752652e-02;8.582137e-02;1.362914e-01;3.004643e-02;5.647396e-02;2.164409e-01;1.160577e-01;1.793627e-01;5.100042e-02;3.374035e-02;2.199852e-02;1.523974e-02
8.113731e-02;1.242658e-01;1.888591e-01;2.085507e-02;3.639054e-02;1.722483e-01;4.784101e-02;1.920221e-01;6.472754e-02;4.766678e-02;1.217237e-02;1.181422e-02
1.115932e-01;1.107983e-01;1.560467e-01;2.159408e-02;1.216711e-02;1.799026e-01;7.894767e-02;1.957995e-01;4.832492e-02;5.375603e-02;1.424394e-02;1.682589e-02
1.051336e-01;6.293353e-02;9.108783e-02;9.432053e-03;2.143064e-02;3.549618e-01;6.236708e-02;1.959100e-01;3.012571e-02;4.174466e-02;1.198418e-02;1.288891e-02
6.720521e-02;3.234119e-02;3.445283e-02;1.389131e-02;2.817841e-02;4.609852e-01;5.039282e-02;2.300855e-01;3.205023e-02;3.260643e-02;1.032243e-02;7.488464e-03
3.803846e-02;4.324697e-02;4.658813e-02;1.844826e-02;2.983940e-02;4.685782e-01;6.146549e-02;2.222250e-01;3.021859e-02;2.538154e-02;1.112415e-02;4.845848e-03
2.173344e-02;7.327138e-02;1.028261e-01;1.720620e-02;2.352212e-02;4.341325e-01;6.790787e-02;1.791381e-01;3.498849e-02;2.421367e-02;1.292600e-02;8.134191e-03
3.405005e-02;7.695644e-02;1.349606e-01;2.013351e-02;4.859090e-02;3.727503e-01;5.192952e-02;1.586963e-01;4.425056e-02;2.957695e-02;1.100173e-02;1.710321e-02
5.576540e-02;5.631687e-02;1.087425e-01;2.786757e-02;7.044201e-02;3.171682e-01;7.512411e-02;1.836591e-01;5.431732e-02;2.559389e-02;1.011049e-02;1.489256e-02
8.428637e-02;4.474286e-02;7.058654e-02;2.637335e-02;6.944486e-02;3.148879e-01;1.211046e-01;1.496949e-01;6.312519e-02;3.187585e-02;9.788150e-03;1.408944e-02
8.557278e-02;3.959231e-02;6.586141e-02;1.913396e-02;4.631022e-02;4.142123e-01;9.947714e-02;1.243520e-01;5.731603e-02;2.871868e-02;8.336809e-03;1.111632e-02
7.015479e-02;5.561014e-02;6.710465e-02;1.872612e-02;3.864133e-02;4.973115e-01;5.900865e-02;1.015922e-01;4.461029e-02;2.065691e-02;1.072811e-02;1.585535e-02
6.835318e-02;7.218570e-02;8.418066e-02;2.043368e-02;2.877191e-02;4.946137e-01;7.937210e-02;8.996309e-02;2.976302e-02;1.413216e-02;8.207805e-03;1.002296e-02
6.035346e-02;7.635169e-02;8.358900e-02;1.661476e-02;3.469381e-02;4.264162e-01;4.859693e-02;1.843172e-01;3.788306e-02;1.736293e-02;6.644459e-03;7.176553e-03
5.230231e-02;6.943297e-02;1.136065e-01;1.306679e-02;3.992534e-02;3.575138e-01;6.532675e-02;2.048913e-01;4.842265e-02;1.808373e-02;6.057654e-03;1.137015e-02
4.607168e-02;6.981813e-02;1.328765e-01;2.223190e-02;4.738905e-02;4.276135e-01;4.925338e-02;1.069842e-01;5.318584e-02;2.161346e-02;6.403290e-03;1.655916e-02
2.698365e-02;6.263892e-02;1.010279e-01;1.368762e-02;3.526174e-02;3.696008e-01;9.217314e-02;2.127967e-01;3.502798e-02;2.800749e-02;8.022700e-03;1.477134e-02
1.416921e-02;7.233860e-02;8.184896e-02;8.158257e-03;2.595341e-02;2.200268e-01;1.099245e-01;3.263577e-01;7.792450e-02;2.226766e-02;2.080018e-02;2.023018e-02
1.550853e-02;8.160652e-02;7.432446e-02;8.890279e-03;2.985764e-02;1.071791e-01;1.339180e-01;3.767786e-01;8.157526e-02;2.019314e-02;4.632744e-02;2.384106e-02
1.569621e-02;8.595365e-02;5.879502e-02;5.467091e-03;3.290850e-02;7.895073e-02;2.227962e-01;3.285891e-01;5.692428e-02;1.602035e-02;8.245403e-02;1.544482e-02
1.167732e-02;8.762416e-02;2.998710e-02;3.158358e-03;2.738145e-02;1.416624e-01;3.262981e-01;2.148108e-01;3.513772e-02;1.555129e-02;9.710207e-02;9.609307e-03
6.025296e-03;9.152599e-02;1.932978e-02;6.494494e-03;1.811624e-02;1.333569e-01;4.036052e-01;1.624840e-01;3.162412e-02;2.917593e-02;8.732788e-02;1.093417e-02
6.330037e-03;9.386338e-02;1.860358e-02;6.093211e-03;8.844553e-03;1.373239e-01;4.246325e-01;1.487488e-01;3.533384e-02;4.051557e-02;6.973148e-02;9.979100e-03
4.975836e-03;1.002192e-01;2.173349e-02;6.654318e-03;6.485646e-03;1.058819e-01;4.285677e-01;1.599776e-01;4.882738e-02;2.933102e-02;7.945953e-02;7.886332e-03
5.398542e-03;8.706812e-02;1.572246e-02;4.130233e-03;1.028754e-02;1.500895e-01;3.730448e-01;1.996737e-01;5.304948e-02;1.040609e-02;8.433723e-02;6.792294e-03
4.768797e-03;7.442006e-02;1.408202e-02;5.194380e-03;1.030796e-02;2.543615e-01;3.151556e-01;1.910535e-01;3.927914e-02;6.737364e-03;7.943210e-02;5.207543e-03
5.126656e-03;7.221823e-02;9.454668e-03;3.967209e-03;1.038701e-02;3.358245e-01;2.864543e-01;1.653771e-01;2.139452e-02;7.132346e-03;7.719225e-02;5.471218e-03
4.792238e-03;6.182905e-02;1.468040e-02;6.539807e-03;1.464007e-02;4.434657e-01;2.408068e-01;1.302601e-01;1.528008e-02;1.096282e-02;4.935201e-02;7.390931e-03
1.641818e-02;3.496211e-02;1.791706e-02;1.601843e-02;1.183258e-02;4.946514e-01;1.633969e-01;1.682505e-01;3.142872e-02;2.231837e-02;1.406814e-02;8.737671e-03
2.884910e-02;4.245913e-02;2.801277e-02;1.955348e-02;2.571714e-02;4.757454e-01;1.199653e-01;1.751361e-01;3.263001e-02;2.759609e-02;1.146625e-02;1.286921e-02
2.252767e-02;6.731196e-02;7.955389e-02;2.811727e-02;6.509563e-02;4.080042e-01;1.237721e-01;1.049955e-01;3.171347e-02;2.362647e-02;1.561240e-02;2.966946e-02
1.039956e-02;7.443436e-02;1.162801e-01;4.916472e-02;8.369935e-02;3.057392e-01;1.733243e-01;5.898309e-02;2.688226e-02;3.235726e-02;3.001541e-02;3.872040e-02
1.779906e-02;7.588160e-02;1.565577e-01;5.882023e-02;6.567107e-02;1.826489e-01;2.065526e-01;8.557138e-02;2.856462e-02;5.753798e-02;3.819551e-02;2.619931e-02
2.143926e-02;7.856116e-02;1.599443e-01;6.237098e-02;4.750309e-02;1.831600e-01;1.962527e-01;1.168139e-01;5.240867e-02;4.095878e-02;3.074271e-02;9.844420e-03
2.299928e-02;9.231136e-02;1.674243e-01;6.052336e-02;5.651956e-02;1.286157e-01;1.778821e-01;1.650865e-01;5.670618e-02;3.398229e-02;2.750331e-02;1.044601e-02
1.359542e-02;8.568865e-02;1.568403e-01;3.957644e-02;4.803105e-02;1.544186e-01;1.647412e-01;1.882456e-01;5.118449e-02;5.663687e-02;2.972619e-02;1.131513e-02
1.600129e-02;6.182544e-02;1.154759e-01;5.951587e-02;4.317333e-02;2.457051e-01;1.494745e-01;1.603679e-01;6.165233e-02;6.594125e-02;1.540299e-02;5.464106e-03
1.770802e-02;3.962433e-02;9.717009e-02;7.564740e-02;4.665362e-02;2.850328e-01;1.540479e-01;1.454038e-01;4.741542e-02;6.247107e-02;2.138834e-02;7.437241e-03
1.852437e-02;3.900565e-02;1.029303e-01;1.032492e-01;6.415938e-02;1.316455e-01;1.950784e-01;1.451526e-01;4.947109e-02;8.882052e-02;4.440959e-02;1.755332e-02
1.973627e-02;2.610433e-02;8.107352e-02;7.258213e-02;7.131257e-02;3.481447e-01;1.308362e-01;7.013484e-02;3.508551e-02;7.229911e-02;3.638377e-02;3.630709e-02
2.111793e-02;2.693808e-02;6.011037e-02;2.768878e-02;4.135137e-02;4.579974e-01;7.362847e-02;1.658819e-01;3.337181e-02;4.731897e-02;1.921818e-02;2.537675e-02
1.111877e-02;4.736370e-02;4.477753e-02;1.251443e-02;1.511206e-02;3.601115e-01;1.446961e-01;2.697935e-01;4.452529e-02;2.607188e-02;1.395752e-02;9.957711e-03
1.047429e-02;6.324536e-02;4.384379e-02;1.199394e-02;1.715624e-02;2.282150e-01;1.940145e-01;3.528020e-01;4.908984e-02;9.780849e-03;1.003639e-02;9.347823e-03
2.554984e-02;9.624514e-02;3.559195e-02;1.090668e-02;2.337533e-02;1.387770e-01;2.086975e-01;3.906673e-01;4.692037e-02;7.512329e-03;7.046474e-03;8.710105e-03
6.642629e-02;9.570351e-02;2.036194e-02;5.900809e-03;2.129573e-02;2.435748e-01;1.767330e-01;3.189384e-01;2.748341e-02;5.423721e-03;7.610050e-03;1.054839e-02
8.772748e-02;6.431565e-02;2.051450e-02;6.404237e-03;1.524136e-02;4.032086e-01;1.325551e-01;2.339003e-01;8.696513e-03;5.748869e-03;7.441598e-03;1.424570e-02
8.285373e-02;3.844485e-02;2.875723e-02;7.448404e-03;1.219468e-02;5.297965e-01;8.886988e-02;1.692390e-01;9.800642e-03;1.213820e-02;9.559005e-03;1.089787e-02
1.368463e-01;2.972459e-02;3.057643e-02;9.303664e-03;1.217317e-02;5.695530e-01;6.721920e-02;1.039813e-01;6.445846e-03;1.393341e-02;9.722483e-03;1.052064e-02
2.146748e-01;4.898342e-02;2.667467e-02;7.321845e-03;3.149621e-02;5.002372e-01;5.883605e-02;5.610635e-02;1.388163e-02;1.115719e-02;5.244907e-03;2.538569e-02
2.009218e-01;7.638843e-02;3.573370e-02;1.715560e-02;1.150243e-01;3.546282e-01;4.324519e-02;2.873750e-02;2.504432e-02;9.539959e-03;1.224449e-02;8.133658e-02
9.898461e-02;5.489883e-02;4.158351e-02;6.219274e-02;2.520692e-01;2.173764e-01;2.881871e-02;4.830957e-02;2.715596e-02;1.039938e-02;3.466517e-02;1.235459e-01
2.594844e-02;2.269837e-02;2.833856e-02;1.302017e-01;2.948811e-01;1.822514e-01;2.714345e-02;7.439020e-02;1.665087e-02;1.642135e-02;8.452082e-02;9.655371e-02
7.328412e-03;1.649067e-02;4.964895e-02;1.909447e-01;2.027502e-01;1.621540e-01;4.676493e-02;1.097276e-01;1.502651e-02;2.616694e-02;1.266641e-01;4.633305e-02
1.954237e-02;3.171385e-02;1.107498e-01;1.638376e-01;7.568888e-02;1.114518e-01;1.768210e-01;1.234856e-01;1.931369e-02;5.311686e-02;1.068045e-01;7.474058e-03
1.905615e-02;3.808853e-02;1.633668e-01;5.565239e-02;3.267937e-02;8.395483e-02;3.782379e-01;6.595215e-02;1.568521e-02;9.355427e-02;4.348441e-02;1.028795e-02
1.301610e-02;3.451113e-02;1.813128e-01;2.928135e-02;4.287531e-02;6.903013e-02;4.479667e-01;3.456174e-02;9.305300e-03;1.191419e-01;1.259297e-02;6.404569e-03
1.288674e-02;4.203088e-02;2.104744e-01;3.166866e-02;4.027170e-02;7.578672e-02;3.924147e-01;3.887005e-02;8.973500e-03;1.364226e-01;6.465006e-03;3.735065e-03
2.000472e-02;5.077011e-02;2.452133e-01;1.805284e-02;4.003200e-02;1.001234e-01;3.079242e-01;4.490010e-02;9.775210e-03;1.413478e-01;1.635362e-02;5.502752e-03
2.540801e-02;4.689340e-02;2.861056e-01;2.530920e-02;2.340872e-02;1.210703e-01;2.474321e-01;6.022444e-02;1.260762e-02;1.356163e-01;8.873414e-03;7.050861e-03
2.236293e-02;4.827628e-02;3.251230e-01;1.843079e-02;2.068218e-02;1.279891e-01;2.183147e-01;6.481968e-02;1.295623e-02;1.246075e-01;4.468811e-03;1.196879e-02
2.322562e-02;5.425618e-02;3.492633e-01;2.337404e-02;2.508100e-02;1.035964e-01;2.072866e-01;5.142356e-02;9.771409e-03;1.226755e-01;1.703461e-02;1.301165e-02
2.936612e-02;5.814038e-02;3.483008e-01;2.689607e-02;2.828271e-02;6.765888e-02;1.883131e-01;3.191054e-02;1.087836e-02;1.544734e-01;3.508908e-02;2.069056e-02
2.700558e-02;4.396069e-02;2.935931e-01;4.981506e-02;4.261982e-02;6.173738e-02;1.486115e-01;2.848059e-02;2.550260e-02;2.192007e-01;2.471613e-02;3.475687e-02
2.042509e-02;4.710805e-02;2.630485e-01;4.737140e-02;5.457023e-02;1.087589e-01;1.046344e-01;4.037680e-02;4.422767e-02;2.030529e-01;3.665551e-02;2.977064e-02
2.217009e-02;6.295164e-02;2.757485e-01;2.012337e-02;4.998710e-02;1.480362e-01;1.358434e-01;8.601893e-02;3.966345e-02;1.034107e-01;4.184481e-02;1.420185e-02
1.899542e-02;6.904912e-02;2.827227e-01;5.934918e-02;4.692614e-02;1.530409e-01;1.304436e-01;1.397365e-01;2.813287e-02;3.450197e-02;2.897620e-02;8.125386e-03
1.379922e-02;7.315081e-02;3.023596e-01;8.583985e-02;3.095456e-02;1.565321e-01;5.564294e-02;1.526018e-01;2.061714e-02;5.125229e-02;5.431069e-02;2.939033e-03
1.627016e-02;7.304239e-02;3.214660e-01;6.689448e-02;3.502817e-02;1.053421e-01;9.656343e-02;1.437097e-01;1.640215e-02;6.614252e-02;5.289046e-02;6.248329e-03
1.843967e-02;7.607372e-02;3.281096e-01;5.142395e-02;6.316717e-02;1.022342e-01;8.134093e-02;1.479432e-01;2.681130e-02;5.759890e-02;3.823586e-02;8.621478e-03
1.701259e-02;7.136931e-02;2.685871e-01;5.215874e-02;8.368401e-02;1.796695e-01;4.721743e-02;1.619190e-01;3.072736e-02;2.970620e-02;4.980623e-02;8.142528e-03
1.530628e-02;5.687570e-02;1.870662e-01;7.687590e-02;1.030835e-01;1.687027e-01;8.545419e-02;1.636074e-01;3.019038e-02;5.004655e-02;5.615864e-02;6.632543e-03
2.940863e-02;5.524204e-02;1.786940e-01;6.312028e-02;1.020256e-01;1.225725e-01;1.234163e-01;1.561987e-01;2.306291e-02;1.002859e-01;3.924606e-02;6.727086e-03
2.826892e-02;8.741515e-02;2.287030e-01;4.293929e-02;6.256271e-02;2.083549e-01;1.205554e-01;9.121711e-02;1.358137e-02;9.749373e-02;1.433407e-02;4.574295e-03
1.746621e-02;1.073051e-01;2.977634e-01;2.192933e-02;4.849261e-02;1.637740e-01;1.270216e-01;7.892127e-02;1.687867e-02;9.508153e-02;1.674156e-02;8.624741e-03
1.726498e-02;1.349078e-01;3.341307e-01;2.784502e-02;4.166054e-02;1.090739e-01;1.097371e-01;7.432903e-02;2.372839e-02;8.244354e-02;2.572571e-02;1.915332e-02
1.421462e-02;1.331838e-01;3.333237e-01;3.197557e-02;5.996037e-02;1.337170e-01;9.659736e-02;5.706691e-02;3.011273e-02;5.676731e-02;2.878188e-02;2.429878e-02
2.907832e-02;1.137404e-01;3.038560e-01;4.630107e-02;4.936402e-02;1.473258e-01;1.184487e-01;7.065946e-02;2.503233e-02;4.190674e-02;3.017465e-02;2.411250e-02
3.064005e-02;9.235493e-02;2.769881e-01;3.064728e-02;3.592787e-02;1.982359e-01;1.048775e-01;1.015878e-01;1.499802e-02;5.318386e-02;4.137887e-02;1.917978e-02
2.900090e-02;7.882422e-02;2.265129e-01;4.548554e-02;5.390435e-02;2.019247e-01;7.295585e-02;1.297425e-01;1.659688e-02;7.677601e-02;5.366025e-02;1.461587e-02
3.538392e-02;8.167253e-02;1.728040e-01;6.014270e-02;7.874606e-02;1.972971e-01;4.021258e-02;1.398304e-01;3.196080e-02;1.029568e-01;4.650018e-02;1.249297e-02
