8.133923e-02;5.781606e-02;7.177346e-02;4.893783e-02;3.806850e-02;6.083748e-02;1.288068e-01;5.435803e-02;1.273709e-01;1.620149e-01;1.041798e-01;6.449699e-02
9.995365e-02;5.377170e-02;7.251738e-02;3.997761e-02;3.708982e-02;6.170600e-02;1.069141e-01;6.614815e-02;1.195157e-01;1.719051e-01;9.043558e-02;8.006527e-02
1.259629e-01;4.536251e-02;1.075524e-01;3.007558e-02;4.744490e-02;5.400027e-02;9.593985e-02;8.765817e-02;1.301566e-01;1.385241e-01;8.344397e-02;5.387884e-02
1.110679e-01;6.489273e-02;9.611000e-02;3.785709e-02;4.809054e-02;5.518360e-02;9.233545e-02;1.122530e-01;1.464268e-01;7.723578e-02;8.927618e-02;6.927092e-02
8.574171e-02;6.328482e-02;7.775359e-02;2.784672e-02;4.869541e-02;7.289143e-02;9.451407e-02;1.492973e-01;1.431701e-01;5.939766e-02;9.183455e-02;8.557262e-02
6.390638e-02;3.678857e-02;1.903779e-01;4.773627e-02;4.861179e-02;6.971374e-02;1.266533e-01;8.418772e-02;8.571576e-02;6.493226e-02;1.151705e-01;6.620583e-02
8.782271e-02;4.957414e-02;2.906570e-01;3.416502e-02;5.328959e-02;5.453461e-02;1.261783e-01;2.715416e-02;5.016788e-02;7.747108e-02;1.144944e-01;3.449119e-02
8.429769e-02;4.641958e-02;2.528141e-01;4.397347e-02;5.887226e-02;5.396496e-02;1.286290e-01;3.053193e-02;4.868994e-02;8.731237e-02;1.050644e-01;5.943026e-02
9.167213e-02;7.661875e-02;1.293985e-01;5.437230e-02;6.540148e-02;6.997813e-02;1.227354e-01;5.008977e-02;4.285979e-02;9.943915e-02;1.050795e-01;9.235510e-02
1.749409e-01;8.403540e-02;9.706699e-02;5.217290e-02;5.488681e-02;5.716200e-02;1.113382e-01;6.061212e-02;5.841823e-02;7.766732e-02;6.825924e-02;1.034399e-01
3.144106e-01;8.227489e-02;7.257000e-02;3.647681e-02;3.604049e-02;3.200483e-02;9.563565e-02;6.590402e-02;4.781809e-02;5.559510e-02;4.661324e-02;1.146563e-01
4.282895e-01;8.508547e-02;9.557383e-02;4.433700e-02;1.697338e-02;1.315209e-02;6.765794e-02;6.493088e-02;2.487367e-02;2.484099e-02;2.717841e-02;1.071068e-01
4.252591e-01;1.064285e-01;1.249857e-01;5.641359e-02;1.866550e-02;6.185733e-03;3.307487e-02;5.755439e-02;2.180747e-02;2.711174e-02;3.082748e-02;9.168599e-02
3.886629e-01;9.696613e-02;1.266212e-01;4.847126e-02;1.858561e-02;1.194384e-02;4.510861e-02;3.812196e-02;2.472873e-02;5.964207e-02;4.954762e-02;9.160010e-02
2.923835e-01;6.207892e-02;1.480320e-01;2.403653e-02;1.897241e-02;2.114178e-02;8.919165e-02;5.395671e-02;4.095830e-02;7.794356e-02;6.208615e-02;1.092185e-01
1.822933e-01;6.144476e-02;1.817974e-01;3.204153e-02;2.392141e-02;1.402234e-02;9.376688e-02;7.399948e-02;4.191407e-02;8.115041e-02;6.849560e-02;1.451529e-01
3.028246e-01;8.339421e-02;1.485294e-01;5.137329e-02;1.323240e-02;1.084320e-02;5.250434e-02;5.001776e-02;3.071613e-02;5.995696e-02;5.393745e-02;1.426704e-01
3.881617e-01;9.612472e-02;9.153843e-02;6.532794e-02;1.634524e-02;1.128853e-02;7.583699e-02;3.922169e-02;2.803288e-02;3.871141e-02;4.912238e-02;1.002881e-01
4.446080e-01;8.153228e-02;7.310437e-02;7.209340e-02;1.535356e-02;1.642642e-02;7.634768e-02;4.831939e-02;2.469760e-02;3.212089e-02;4.988046e-02;6.551590e-02
4.640397e-01;6.604231e-02;6.666281e-02;6.117969e-02;1.281195e-02;2.077735e-02;6.197104e-02;4.088284e-02;3.035917e-02;3.664412e-02;5.103301e-02;8.759605e-02
3.219457e-01;6.518512e-02;1.068081e-01;4.061875e-02;3.720677e-02;4.048510e-02;7.904056e-02;4.857630e-02;6.666695e-02;4.569541e-02;5.111635e-02;9.665490e-02
1.208559e-01;1.022915e-01;1.192692e-01;5.687625e-02;5.228780e-02;7.284358e-02;1.061032e-01;7.396012e-02;7.626541e-02;8.283184e-02;6.745415e-02;6.896115e-02
6.733534e-02;8.931869e-02;1.134526e-01;5.263754e-02;6.724358e-02;8.076524e-02;1.161350e-01;7.751087e-02;5.729085e-02;1.134783e-01;9.591442e-02;6.891763e-02
6.430703e-02;4.240244e-02;7.877685e-02;4.042240e-02;1.253881e-01;7.116275e-02;1.245631e-01;8.771968e-02;5.193774e-02;1.211119e-01;1.254347e-01;6.677338e-02
1.312164e-01;5.739522e-02;7.564612e-02;3.945297e-02;1.123779e-01;4.537774e-02;1.042157e-01;9.576581e-02;4.666721e-02;7.996241e-02;1.080900e-01;1.038326e-01
2.556290e-01;7.797040e-02;5.970699e-02;6.730368e-02;4.790467e-02;3.140576e-02;1.466991e-01;6.175563e-02;2.170541e-02;3.981018e-02;6.104107e-02;1.290681e-01
3.385110e-01;6.424674e-02;2.260352e-02;8.229095e-02;2.842864e-02;2.125129e-02;1.985142e-01;6.326962e-02;1.786639e-02;3.075267e-02;2.268285e-02;1.095821e-01
3.429055e-01;3.028983e-02;2.786569e-02;7.046483e-02;3.987113e-02;2.604136e-02;1.729788e-01;1.263127e-01;3.374457e-02;3.395115e-02;2.166164e-02;7.391276e-02
3.279793e-01;6.176377e-02;1.845084e-02;3.875624e-02;8.659961e-02;2.087395e-02;9.037305e-02;1.702610e-01;8.542254e-02;2.735312e-02;2.459295e-02;4.757360e-02
2.412663e-01;1.188473e-01;6.051777e-02;1.665914e-02;9.333227e-02;4.495801e-02;3.831890e-02;1.193965e-01;1.868072e-01;2.807860e-02;2.373799e-02;2.808008e-02
1.238807e-01;1.461123e-01;1.232179e-01;1.106113e-02;4.918319e-02;8.521731e-02;2.228550e-02;6.514525e-02;2.640809e-01;6.970418e-02;1.603324e-02;2.407840e-02
5.441766e-02;1.046134e-01;2.121044e-01;2.578819e-02;2.204479e-02;8.210788e-02;3.743312e-02;3.378626e-02;2.074044e-01;1.705378e-01;2.913854e-02;2.062362e-02
3.191156e-02;4.016112e-02;2.695699e-01;4.936074e-02;2.388665e-02;4.495479e-02;5.479058e-02;2.617413e-02;1.089211e-01;2.200460e-01;1.132791e-01;1.694428e-02
2.571255e-02;2.445225e-02;2.320127e-01;7.710233e-02;4.093296e-02;3.241757e-02;3.642097e-02;3.356475e-02;8.437646e-02;1.450076e-01;2.290972e-01;3.890270e-02
3.175038e-02;3.312315e-02;1.374871e-01;9.716161e-02;1.083925e-01;3.854632e-02;3.010578e-02;1.759329e-02;7.050764e-02;7.600582e-02;2.338046e-01;1.255218e-01
4.134437e-02;2.284741e-02;9.022568e-02;9.280196e-02;1.884662e-01;5.812504e-02;6.407072e-02;3.053683e-02;8.278655e-02;8.003474e-02;7.988700e-02;1.688735e-01
5.111000e-02;1.432225e-02;1.403943e-01;7.904435e-02;1.878406e-01;7.760835e-02;8.514261e-02;3.408906e-02;1.114391e-01;6.816182e-02;4.895918e-02;1.018883e-01
5.110532e-02;2.489623e-02;2.002319e-01;8.381506e-02;1.227055e-01;7.258631e-02;9.837323e-02;4.485406e-02;1.089459e-01;8.232158e-02;6.196726e-02;4.819755e-02
6.074479e-02;4.757295e-02;1.789164e-01;8.297371e-02;8.622342e-02;6.006137e-02;8.981528e-02;5.374080e-02;1.025595e-01;1.144916e-01;9.030131e-02;3.259902e-02
9.464934e-02;6.237981e-02;1.389384e-01;6.550373e-02;8.325464e-02;5.752215e-02;1.187751e-01;5.388532e-02;8.246379e-02;1.132568e-01;7.844126e-02;5.092972e-02
1.008842e-01;7.208764e-02;1.969801e-01;6.611897e-02;6.338084e-02;5.463378e-02;1.399146e-01;4.653801e-02;5.542928e-02;9.105799e-02;7.072406e-02;4.225046e-02
6.210490e-02;6.269596e-02;2.032283e-01;8.623617e-02;5.806252e-02;6.729677e-02;1.210690e-01;4.230297e-02;9.158248e-02;6.684594e-02;1.098427e-01;2.873227e-02
2.655718e-02;5.478372e-02;1.395433e-01;7.882759e-02;7.945351e-02;1.107131e-01;8.743902e-02;6.677816e-02;1.016563e-01;1.246160e-01;9.644937e-02;3.318264e-02
3.344936e-02;5.385421e-02;9.966181e-02;1.568830e-01;8.866501e-02;7.778941e-02;9.387381e-02;8.796080e-02;9.076060e-02;1.337239e-01;5.010210e-02;3.327609e-02
4.777483e-02;7.509802e-02;9.659695e-02;2.113572e-01;5.752534e-02;4.486252e-02;1.133560e-01;8.575638e-02;5.359977e-02;1.260250e-01;5.754707e-02;3.050088e-02
6.128579e-02;7.047439e-02;8.429555e-02;1.701329e-01;5.503237e-02;5.546330e-02;1.340895e-01;1.001670e-01;4.490298e-02;8.712364e-02;9.026162e-02;4.677099e-02
4.780305e-02;6.532796e-02;6.043500e-02;1.049519e-01;6.643644e-02;8.762320e-02;1.651552e-01;1.404962e-01;4.639351e-02;6.000099e-02;8.883454e-02;6.654201e-02
5.868388e-02;8.179491e-02;9.561855e-02;5.925842e-02;8.083070e-02;9.299476e-02;1.577062e-01;1.181475e-01;5.206116e-02;6.827647e-02;6.979752e-02;6.482997e-02
5.536134e-02;6.917144e-02;1.959163e-01;6.093065e-02;8.829598e-02;1.011811e-01;1.328717e-01;6.258286e-02;5.036140e-02;5.372105e-02;6.578696e-02;6.381919e-02
3.161856e-02;2.424759e-02;2.937595e-01;5.181440e-02;1.168750e-01;9.591112e-02;1.868901e-01;4.368896e-02;4.252362e-02;2.755347e-02;3.482754e-02;5.029019e-02
3.317406e-02;1.988941e-02;3.022030e-01;8.105232e-02;1.492566e-01;7.860567e-02;1.822227e-01;3.249255e-02;3.176565e-02;2.172281e-02;3.661889e-02;3.099637e-02
2.843688e-02;1.716429e-02;3.225323e-01;1.070265e-01;1.492859e-01;6.745742e-02;1.299554e-01;2.281521e-02;1.863206e-02;3.199420e-02;8.396195e-02;2.073785e-02
2.453920e-02;3.082746e-02;4.416142e-01;9.780995e-02;9.531872e-02;3.645641e-02;5.391443e-02;1.055973e-02;1.787978e-02;7.234841e-02;9.508533e-02;2.364636e-02
4.747776e-02;8.687396e-02;5.016102e-01;5.561620e-02;4.327580e-02;1.955569e-02;2.560929e-02;1.006286e-02;5.381173e-02;9.310544e-02;5.178712e-02;1.121389e-02
1.428825e-01;1.629632e-01;4.084833e-01;1.950672e-02;1.929290e-02;1.823575e-02;1.456436e-02;2.194474e-02;9.221482e-02;5.889584e-02;2.496220e-02;1.605357e-02
3.142843e-01;1.587630e-01;2.562693e-01;1.820766e-02;1.687945e-02;1.130110e-02;2.392966e-02;4.604811e-02;6.435090e-02;1.585258e-02;2.724501e-02;4.686893e-02
4.209812e-01;9.260614e-02;1.695825e-01;2.767014e-02;1.501512e-02;7.279917e-03;4.179010e-02;4.900621e-02;1.293253e-02;2.369034e-02;3.622353e-02;1.032222e-01
3.748629e-01;6.964640e-02;1.072340e-01;3.467815e-02;1.084393e-02;1.407289e-02;5.883385e-02;2.619465e-02;2.658505e-02;3.291567e-02;8.438592e-02;1.597466e-01
2.405283e-01;5.033272e-02;1.366479e-01;2.993661e-02;1.533438e-02;2.662583e-02;7.261603e-02;1.767615e-02;3.231521e-02;8.852512e-02;1.641680e-01;1.252937e-01
1.351621e-01;7.647395e-02;1.766807e-01;2.489817e-02;3.439182e-02;3.495921e-02;8.563285e-02;3.178666e-02;4.018950e-02;1.363394e-01;1.667703e-01;5.671547e-02
1.124215e-01;7.919575e-02;1.482960e-01;2.768115e-02;6.799243e-02;3.937064e-02;1.389193e-01;3.816165e-02;4.095751e-02;1.393159e-01;8.822255e-02;7.946562e-02
1.685885e-01;8.925498e-02;1.148221e-01;1.979311e-02;5.506739e-02;2.638601e-02;1.374078e-01;5.071809e-02;5.348269e-02;6.876356e-02;8.601861e-02;1.296972e-01
2.727790e-01;7.248264e-02;1.220780e-01;3.940299e-02;2.768482e-02;1.704084e-02;9.810536e-02;4.735679e-02;3.212135e-02;4.832231e-02;1.050767e-01;1.175492e-01
3.281595e-01;6.376228e-02;1.133041e-01;4.865730e-02;2.006687e-02;1.719507e-02;1.078253e-01;4.497610e-02;2.027897e-02;5.202174e-02;8.765746e-02;9.609523e-02
2.865162e-01;7.699258e-02;1.682514e-01;4.323671e-02;3.260577e-02;2.961116e-02;1.375162e-01;3.677563e-02;4.129340e-02;4.100951e-02;6.493886e-02;4.125262e-02
2.384992e-01;4.498928e-02;1.777473e-01;3.458374e-02;3.014044e-02;3.058973e-02;1.037184e-01;3.849556e-02;7.452745e-02;5.925103e-02;6.630214e-02;1.011557e-01
3.226220e-01;3.566190e-02;1.081012e-01;3.066638e-02;2.033038e-02;1.919744e-02;7.255692e-02;4.341444e-02;5.171134e-02;7.042938e-02;8.353478e-02;1.417738e-01
3.593166e-01;8.095400e-02;1.208835e-01;2.408022e-02;2.009389e-02;2.000495e-02;5.633095e-02;3.126072e-02;1.609372e-02;5.887435e-02;9.180056e-02;1.203066e-01
1.531176e-01;6.532055e-02;1.058318e-01;5.192843e-02;5.412215e-02;7.205275e-02;6.947350e-02;7.349123e-02;9.798131e-02;8.009204e-02;7.720377e-02;9.938487e-02
6.709731e-02;6.708259e-02;5.679338e-02;6.750805e-02;5.263911e-02;9.077056e-02;1.505917e-01;8.193668e-02;1.187555e-01;1.095218e-01;7.883392e-02;5.846950e-02
5.230278e-02;6.665891e-02;6.476096e-02;6.957106e-02;5.334480e-02;9.738856e-02;1.541539e-01;7.913630e-02;1.176942e-01;1.084506e-01;8.272292e-02;5.381496e-02
7.102486e-02;6.119397e-02;9.547032e-02;6.466742e-02;5.520060e-02;8.943973e-02;1.395132e-01;6.988423e-02;1.030515e-01;9.974142e-02;8.986267e-02;6.095001e-02
1.320895e-01;7.163248e-02;1.646357e-01;5.434807e-02;4.497157e-02;5.167760e-02;1.066997e-01;4.240751e-02;6.018507e-02;7.339143e-02;9.859580e-02;9.936565e-02
1.813033e-01;6.398254e-02;1.919391e-01;2.934801e-02;2.668722e-02;3.386438e-02;8.321033e-02;2.759743e-02;2.533340e-02;5.294698e-02;1.150036e-01;1.687837e-01
2.759685e-01;4.115119e-02;1.221830e-01;4.119378e-02;8.770396e-03;2.322289e-02;9.819767e-02;1.852704e-02;1.099049e-02;3.240461e-02;8.510400e-02;2.422864e-01
4.471637e-01;4.005184e-02;4.134911e-02;4.217163e-02;4.628249e-03;1.122296e-02;9.429839e-02;3.863372e-02;8.774086e-03;2.508320e-02;3.584484e-02;2.107783e-01
5.287883e-01;1.198802e-01;3.945222e-02;1.926127e-02;8.374485e-03;5.607561e-03;4.836110e-02;5.354412e-02;3.322390e-02;1.630434e-02;1.764983e-02;1.095528e-01
4.561582e-01;2.362927e-01;6.566864e-02;1.017356e-02;8.244400e-03;6.175636e-03;1.569967e-02;4.042964e-02;8.426923e-02;1.670760e-02;1.098006e-02;4.920062e-02
2.367984e-01;2.679418e-01;2.254907e-01;1.612413e-02;6.022843e-03;7.040737e-03;1.081735e-02;2.264938e-02;1.086166e-01;5.656819e-02;1.197001e-02;2.995992e-02
6.097581e-02;1.528110e-01;4.240474e-01;5.638137e-02;1.238556e-02;5.993637e-03;1.793410e-02;1.721551e-02;7.516914e-02;1.168438e-01;3.938147e-02;2.086124e-02
3.778098e-02;3.398411e-02;4.374163e-01;1.468725e-01;3.050824e-02;4.964836e-03;1.670306e-02;1.134957e-02;5.020293e-02;1.064555e-01;1.051245e-01;1.863746e-02
3.672677e-02;4.557513e-02;2.774198e-01;2.243441e-01;8.640168e-02;1.529979e-02;1.681601e-02;1.562884e-02;4.546402e-02;4.548047e-02;1.529128e-01;3.793063e-02
5.468245e-02;6.816676e-02;1.870381e-01;1.926613e-01;1.442981e-01;3.437749e-02;5.896485e-02;2.771402e-02;2.970994e-02;4.340585e-02;9.819745e-02;6.078375e-02
7.110605e-02;5.849649e-02;3.039296e-01;1.212271e-01;1.352291e-01;3.721951e-02;9.425545e-02;3.800936e-02;2.246124e-02;4.130060e-02;2.157338e-02;5.519203e-02
7.569339e-02;3.430649e-02;3.533069e-01;7.709701e-02;1.175861e-01;5.196065e-02;9.949913e-02;4.791784e-02;1.706454e-02;2.665420e-02;5.378782e-02;4.512591e-02
6.733147e-02;3.678410e-02;4.052231e-01;6.406526e-02;1.386436e-01;5.176952e-02;4.460210e-02;4.803364e-02;1.968779e-02;3.196400e-02;6.500709e-02;2.688831e-02
4.617374e-02;3.622746e-02;4.377497e-01;9.899074e-02;1.280072e-01;4.449653e-02;2.877379e-02;5.688985e-02;1.241231e-02;2.538379e-02;6.212981e-02;2.276517e-02
4.374041e-02;2.131816e-02;5.080912e-01;1.076351e-01;1.008888e-01;3.331252e-02;4.228789e-02;5.378260e-02;1.234011e-02;2.118068e-02;4.230903e-02;1.311356e-02
3.605884e-02;2.205261e-02;5.923948e-01;8.736657e-02;6.983092e-02;2.343265e-02;4.759257e-02;2.573844e-02;1.905111e-02;3.537811e-02;2.946871e-02;1.163461e-02
1.886881e-02;4.200111e-02;6.027765e-01;6.583031e-02;2.956724e-02;3.316998e-02;6.544595e-02;2.074998e-02;4.196152e-02;3.748621e-02;2.300797e-02;1.913443e-02
6.761526e-02;7.938203e-02;4.933961e-01;4.215101e-02;3.399438e-02;4.213648e-02;6.808946e-02;3.160104e-02;6.141583e-02;2.795353e-02;2.458107e-02;2.768382e-02
1.359621e-01;7.376225e-02;3.838120e-01;3.830577e-02;3.641704e-02;3.258926e-02;5.866373e-02;4.213599e-02;5.650166e-02;4.298969e-02;5.384489e-02;4.501562e-02
1.680467e-01;7.050940e-02;2.533058e-01;3.543928e-02;2.382826e-02;3.225032e-02;6.118923e-02;2.939456e-02;4.793197e-02;9.537372e-02;1.062530e-01;7.647777e-02
1.526604e-01;7.236777e-02;1.949113e-01;2.818972e-02;2.915956e-02;3.364367e-02;6.663900e-02;2.050063e-02;7.526616e-02;1.280709e-01;1.173185e-01;8.127231e-02
1.458070e-01;4.498127e-02;2.202169e-01;2.580038e-02;4.808492e-02;3.151315e-02;1.227069e-01;3.270295e-02;7.842281e-02;9.944570e-02;7.301936e-02;7.729863e-02
1.229359e-01;6.464557e-02;2.616389e-01;3.331325e-02;5.625273e-02;3.108636e-02;1.889116e-01;1.841601e-02;4.942858e-02;7.174737e-02;3.596516e-02;6.565844e-02
7.762383e-02;6.199122e-02;2.929204e-01;5.380439e-02;5.738732e-02;3.200366e-02;1.538202e-01;3.654464e-02;6.168252e-02;5.875247e-02;6.162235e-02;5.184698e-02
8.894534e-02;6.631457e-02;2.703114e-01;8.293337e-02;7.504907e-02;2.683738e-02;1.167227e-01;3.394039e-02;5.333525e-02;6.318545e-02;4.432390e-02;7.810116e-02
1.397688e-01;5.019383e-02;1.931871e-01;8.343121e-02;6.268267e-02;2.101076e-02;1.599886e-01;3.088706e-02;4.618276e-02;9.239294e-02;5.059728e-02;6.967690e-02
1.687873e-01;4.546455e-02;1.423169e-01;7.890797e-02;6.434348e-02;4.608849e-02;1.750598e-01;4.289065e-02;3.654316e-02;8.546979e-02;5.311224e-02;6.101557e-02
1.653344e-01;5.867171e-02;2.698198e-01;3.739585e-02;4.331480e-02;3.032570e-02;1.240559e-01;2.671400e-02;4.857409e-02;7.802368e-02;6.569186e-02;5.207820e-02
1.375283e-01;4.754990e-02;3.074294e-01;5.096676e-02;3.386127e-02;2.506161e-02;1.137816e-01;2.576794e-02;4.369469e-02;7.289884e-02;7.669865e-02;6.476109e-02
1.450558e-01;4.573317e-02;2.540575e-01;7.673991e-02;5.755990e-02;4.624045e-02;9.654298e-02;4.840054e-02;2.503431e-02;6.646838e-02;6.030567e-02;7.786133e-02
1.500996e-01;7.852152e-02;2.251860e-01;7.618573e-02;6.086966e-02;5.700561e-02;6.503515e-02;6.994826e-02;5.086200e-02;5.278121e-02;5.597582e-02;5.752940e-02
1.269468e-01;8.441895e-02;1.544043e-01;4.882823e-02;6.749974e-02;3.429913e-02;8.279354e-02;8.756019e-02;1.001744e-01;7.453272e-02;7.771932e-02;6.082274e-02
7.092971e-02;7.596810e-02;1.914047e-01;5.230037e-02;8.966716e-02;3.770888e-02;7.373252e-02;1.096708e-01;1.510548e-01;5.702313e-02;6.123992e-02;2.929994e-02
4.843505e-02;6.706225e-02;1.628775e-01;4.405952e-02;9.467777e-02;4.881442e-02;8.951726e-02;9.020352e-02;1.660137e-01;1.023810e-01;6.571412e-02;2.024393e-02
1.530345e-01;1.097835e-01;1.950975e-01;3.712915e-02;5.092133e-02;3.773672e-02;8.061569e-02;5.893141e-02;9.298786e-02;8.552080e-02;5.018685e-02;4.805475e-02
2.064833e-01;1.045087e-01;1.715235e-01;3.349655e-02;4.321234e-02;4.000559e-02;8.501288e-02;5.190814e-02;8.124606e-02;5.759856e-02;5.858033e-02;6.642410e-02
2.089642e-01;9.474761e-02;1.267886e-01;3.084149e-02;3.792951e-02;4.558967e-02;9.793819e-02;5.006441e-02;8.647007e-02;4.779339e-02;7.257532e-02;1.002975e-01
1.167485e-01;7.537768e-02;7.448065e-02;4.007870e-02;2.612826e-02;4.834049e-02;1.366228e-01;5.107012e-02;8.526085e-02;9.951385e-02;8.137867e-02;1.649995e-01
2.469302e-01;5.106950e-02;4.813250e-02;3.882029e-02;1.267501e-02;2.993696e-02;1.174518e-01;4.012055e-02;5.410420e-02;1.390204e-01;4.883357e-02;1.729050e-01
4.179783e-01;6.116403e-02;4.287823e-02;2.439962e-02;1.944486e-02;1.954957e-02;6.988776e-02;1.944173e-02;4.419854e-02;1.062225e-01;3.745667e-02;1.373782e-01
4.516279e-01;1.094267e-01;8.140168e-02;1.967228e-02;2.149353e-02;2.123771e-02;3.933773e-02;3.552940e-02;3.683596e-02;5.342262e-02;3.700303e-02;9.301145e-02
4.108390e-01;1.317373e-01;1.260442e-01;2.127145e-02;1.993757e-02;2.114045e-02;2.907443e-02;4.620412e-02;4.861844e-02;3.911917e-02;2.994939e-02;7.606445e-02
3.452075e-01;9.918288e-02;1.463057e-01;2.310068e-02;2.723979e-02;2.074017e-02;5.819277e-02;4.454007e-02;5.599819e-02;3.619456e-02;4.515108e-02;9.814660e-02
1.365144e-01;7.324006e-02;1.881495e-01;2.550564e-02;3.376885e-02;2.279470e-02;1.123292e-01;3.176056e-02;6.827568e-02;5.881476e-02;9.102894e-02;1.578176e-01
2.114683e-01;3.276758e-02;1.444320e-01;2.605157e-02;2.473387e-02;2.500725e-02;1.187762e-01;3.292239e-02;5.664992e-02;6.368640e-02;9.710112e-02;1.664033e-01
3.338641e-01;8.767445e-02;4.655389e-02;1.944640e-02;1.596864e-02;2.829357e-02;1.056100e-01;3.685400e-02;4.555886e-02;5.713392e-02;8.918156e-02;1.338605e-01
3.944468e-01;8.540200e-02;6.426709e-02;1.544736e-02;2.281288e-02;2.892866e-02;9.316300e-02;3.274586e-02;2.663779e-02;7.345199e-02;8.426627e-02;7.843032e-02
3.809302e-01;7.703944e-02;4.182445e-02;2.005964e-02;3.210856e-02;3.302826e-02;8.103304e-02;4.681070e-02;5.451112e-02;9.142677e-02;7.549782e-02;6.573009e-02
3.438555e-01;4.688788e-02;8.429144e-02;3.607918e-02;3.492820e-02;2.669515e-02;8.393326e-02;6.851794e-02;4.753110e-02;7.585418e-02;6.053409e-02;9.089206e-02
3.365586e-01;6.779616e-02;7.998289e-02;5.066664e-02;4.585675e-02;3.306894e-02;7.503755e-02;8.611675e-02;3.364783e-02;6.063553e-02;4.222419e-02;8.840811e-02
3.743026e-01;7.671972e-02;8.191142e-02;4.604469e-02;4.222122e-02;3.100041e-02;5.256033e-02;6.630412e-02;3.531309e-02;6.413132e-02;4.502461e-02;8.446649e-02
3.704237e-01;7.193994e-02;6.400882e-02;4.775989e-02;4.257082e-02;4.138603e-02;5.452265e-02;3.608197e-02;6.404258e-02;8.461028e-02;6.137563e-02;6.127771e-02
1.616480e-01;4.505181e-02;7.550511e-02;7.228252e-02;8.201036e-02;6.663118e-02;4.066357e-02;9.565117e-02;1.354544e-01;1.173436e-01;6.350867e-02;4.424959e-02
1.009466e-01;4.161080e-02;8.846647e-02;6.911043e-02;8.322550e-02;6.590110e-02;5.447457e-02;1.306678e-01;1.458057e-01;1.083952e-01;7.137574e-02;4.002013e-02
1.077164e-01;4.696066e-02;8.158174e-02;5.893891e-02;6.983368e-02;5.683783e-02;7.365253e-02;1.611670e-01;1.254120e-01;8.046977e-02;8.446587e-02;5.296367e-02
1.224752e-01;1.154438e-01;1.841314e-01;4.766581e-02;4.668806e-02;4.160487e-02;9.589718e-02;1.330540e-01;4.914334e-02;5.390773e-02;6.878446e-02;4.120422e-02
2.207015e-01;1.779051e-01;2.390935e-01;4.045361e-02;6.484257e-02;2.432039e-02;5.262824e-02;4.345597e-02;3.271824e-02;3.005083e-02;3.508201e-02;3.874801e-02
3.124050e-01;2.257903e-01;1.840679e-01;3.164295e-02;8.593002e-02;1.517869e-02;2.243020e-02;2.324639e-02;2.768288e-02;2.369484e-02;1.697992e-02;3.095091e-02
3.290704e-01;3.058668e-01;1.480708e-01;1.879079e-02;6.496958e-02;1.379766e-02;1.292360e-02;2.224197e-02;4.270189e-02;1.484783e-02;6.999832e-03;1.971894e-02
2.136741e-01;3.167902e-01;2.790498e-01;1.817683e-02;2.611125e-02;2.553416e-02;9.453539e-03;1.300563e-02;5.889239e-02;2.360510e-02;3.557459e-03;1.214950e-02
1.035380e-01;2.242563e-01;4.707078e-01;2.711011e-02;1.751669e-02;2.303650e-02;1.121029e-02;6.359579e-03;4.236932e-02;6.110590e-02;4.774354e-03;8.015128e-03
5.767534e-02;9.157752e-02;5.762894e-01;5.344048e-02;1.747150e-02;1.577426e-02;2.548206e-02;9.151431e-03;2.567521e-02;1.077375e-01;1.312049e-02;6.604796e-03
4.683609e-02;1.379896e-02;5.677983e-01;8.689407e-02;2.471292e-02;1.373535e-02;2.887494e-02;2.067285e-02;3.190713e-02;1.140907e-01;4.285483e-02;7.823868e-03
2.640494e-02;3.072927e-02;4.883506e-01;9.939735e-02;4.104431e-02;1.887176e-02;5.953154e-02;3.692162e-02;3.148540e-02;7.331698e-02;7.991352e-02;1.403267e-02
1.708519e-02;2.339959e-02;4.658296e-01;7.918127e-02;5.547865e-02;3.390454e-02;9.412300e-02;3.446878e-02;3.371468e-02;4.628870e-02;9.596793e-02;2.055804e-02
5.827006e-03;3.201130e-02;4.402520e-01;9.955353e-02;1.089575e-01;5.587984e-02;7.678470e-02;2.617823e-02;1.846213e-02;3.103433e-02;8.958650e-02;1.547294e-02
1.136395e-02;3.037748e-02;3.784504e-01;1.219296e-01;1.614708e-01;5.852960e-02;3.768244e-02;4.564542e-02;2.261074e-02;4.229148e-02;6.169654e-02;2.795148e-02
2.193936e-02;2.085445e-02;2.513804e-01;9.633437e-02;1.975056e-01;7.276100e-02;9.740918e-02;4.501592e-02;5.320624e-02;5.986048e-02;3.023986e-02;5.349308e-02
2.870090e-02;1.449910e-02;1.784787e-01;5.649786e-02;2.323503e-01;1.118874e-01;1.400143e-01;3.317073e-02;8.109015e-02;4.510021e-02;1.904724e-02;5.916310e-02
3.249642e-02;1.282854e-02;9.226551e-02;4.239786e-02;2.654037e-01;1.706786e-01;2.049450e-01;1.597575e-02;8.873961e-02;1.892731e-02;1.561471e-02;3.972706e-02
4.142201e-02;1.131834e-02;7.630738e-02;2.695737e-02;2.705267e-01;1.885852e-01;2.246653e-01;9.622178e-03;7.344905e-02;8.070694e-03;1.623619e-02;5.283952e-02
3.109085e-02;1.253481e-02;1.018093e-01;4.435164e-02;2.619944e-01;1.504572e-01;1.875156e-01;1.934415e-02;7.920160e-02;1.557548e-02;1.606194e-02;8.006308e-02
1.800414e-02;1.096901e-02;2.028314e-01;8.193822e-02;2.229324e-01;9.888894e-02;1.360394e-01;2.630197e-02;6.430971e-02;2.327127e-02;4.655195e-02;6.796162e-02
1.297387e-02;1.364267e-02;3.850254e-01;1.037522e-01;1.436922e-01;6.108253e-02;6.104136e-02;2.716192e-02;3.267562e-02;3.902774e-02;7.995000e-02;3.997444e-02
2.268258e-02;3.004469e-02;5.183381e-01;7.231088e-02;8.692174e-02;5.006056e-02;1.797898e-02;2.037243e-02;2.299213e-02;5.892594e-02;5.726702e-02;4.210496e-02
4.629241e-02;6.257173e-02;5.052272e-01;3.719966e-02;6.714386e-02;6.258146e-02;4.084893e-02;1.704255e-02;3.723663e-02;6.296331e-02;2.880275e-02;3.208950e-02
3.497472e-02;7.527374e-02;4.698191e-01;5.111636e-02;5.940385e-02;6.047723e-02;5.014426e-02;1.643799e-02;6.155858e-02;2.798020e-02;3.871672e-02;5.409731e-02
4.106225e-02;7.778411e-02;4.479037e-01;8.091114e-02;4.914447e-02;5.086274e-02;4.747908e-02;2.549049e-02;6.425217e-02;3.651446e-02;2.242509e-02;5.617030e-02
3.685476e-02;6.648093e-02;3.148346e-01;1.140457e-01;1.140676e-01;8.076041e-02;9.138126e-02;3.353295e-02;3.679961e-02;3.177097e-02;3.006016e-02;4.941103e-02
2.311019e-02;3.577107e-02;1.701698e-01;1.125000e-01;2.067891e-01;1.114567e-01;1.274009e-01;3.253419e-02;3.489498e-02;2.256849e-02;4.129767e-02;8.150682e-02
1.207276e-02;1.290141e-02;6.610576e-02;1.052103e-01;2.931691e-01;1.113071e-01;1.058492e-01;2.660953e-02;5.984072e-02;1.821239e-02;5.248176e-02;1.362400e-01
1.190402e-02;1.753606e-02;8.288686e-02;1.134316e-01;2.781301e-01;6.615376e-02;4.238880e-02;2.661586e-02;8.332124e-02;3.877667e-02;7.411508e-02;1.647400e-01
8.951978e-03;3.881856e-02;8.585126e-02;1.312463e-01;2.174791e-01;3.544410e-02;1.836452e-02;3.158398e-02;7.949056e-02;6.067423e-02;1.155039e-01;1.765915e-01
8.450726e-03;7.098367e-02;1.013466e-01;1.412978e-01;1.445248e-01;2.427277e-02;2.088694e-02;5.784477e-02;4.472725e-02;6.020356e-02;1.719625e-01;1.534987e-01
1.399194e-02;1.136098e-01;1.061755e-01;1.408872e-01;9.998512e-02;2.464198e-02;1.558989e-02;8.107739e-02;2.130253e-02;3.959974e-02;2.354354e-01;1.077034e-01
1.387005e-02;1.321764e-01;1.093772e-01;1.388443e-01;7.010800e-02;3.520062e-02;1.443502e-02;9.672154e-02;1.848103e-02;2.376751e-02;2.730186e-01;7.399972e-02
1.541135e-02;1.108587e-01;1.189521e-01;1.503073e-01;4.576152e-02;4.560419e-02;9.538912e-03;9.223942e-02;1.441958e-02;1.941958e-02;3.261568e-01;5.133056e-02
3.539068e-02;7.166641e-02;1.520096e-01;1.511706e-01;3.593648e-02;4.134736e-02;1.343640e-02;6.541047e-02;2.346403e-02;4.413164e-02;3.255483e-01;4.048794e-02
1.017617e-01;3.508976e-02;1.967409e-01;1.080541e-01;2.936392e-02;2.101714e-02;2.976177e-02;2.466441e-02;4.818499e-02;1.072413e-01;2.599381e-01;3.818193e-02
1.505059e-01;1.884070e-02;2.232170e-01;4.293647e-02;2.378426e-02;1.120747e-02;5.311971e-02;1.269372e-02;5.097848e-02;1.966979e-01;1.960973e-01;1.992110e-02
1.314551e-01;1.694983e-02;2.528080e-01;2.309164e-02;3.053524e-02;8.102877e-03;6.743566e-02;1.155857e-02;3.071405e-02;2.909508e-01;1.188222e-01;1.757600e-02
7.434128e-02;2.349126e-02;2.857687e-01;2.390364e-02;4.234470e-02;6.859732e-03;6.448827e-02;1.329601e-02;4.941005e-02;3.455353e-01;5.034062e-02;2.022042e-02
2.790610e-02;4.760146e-02;2.715239e-01;2.358614e-02;3.658971e-02;1.752414e-02;4.453330e-02;2.560238e-02;1.501544e-01;2.687822e-01;1.540452e-02;7.079180e-02
2.872930e-02;9.893747e-02;1.870110e-01;2.491939e-02;1.578328e-02;3.542678e-02;2.176182e-02;4.045103e-02;2.784888e-01;1.305168e-01;1.098004e-02;1.269943e-01
5.722303e-02;1.225262e-01;1.292517e-01;3.138891e-02;1.040189e-02;3.904502e-02;2.171446e-02;6.411752e-02;3.143712e-01;6.813959e-02;3.139143e-02;1.104290e-01
1.168697e-01;1.030908e-01;1.123923e-01;3.251012e-02;2.726645e-02;3.472883e-02;4.887029e-02;1.162592e-01;2.270372e-01;3.682420e-02;7.172502e-02;7.242595e-02
1.755320e-01;5.820857e-02;8.221182e-02;3.050424e-02;4.278318e-02;3.125396e-02;6.714646e-02;1.537526e-01;1.318333e-01;6.524595e-02;9.871909e-02;6.280878e-02
1.679244e-01;5.110123e-02;1.091346e-01;2.920667e-02;3.139446e-02;5.274002e-02;6.807441e-02;9.300495e-02;1.720029e-01;8.506225e-02;6.218263e-02;7.817146e-02
1.497285e-01;7.786392e-02;1.044267e-01;2.403300e-02;1.171537e-02;4.948804e-02;1.095261e-01;4.373539e-02;1.560435e-01;9.972394e-02;6.142652e-02;1.122890e-01
1.198870e-01;9.048403e-02;8.162211e-02;1.628143e-02;1.595139e-02;3.263397e-02;1.576945e-01;4.330515e-02;1.254279e-01;1.120323e-01;9.054764e-02;1.141325e-01
8.976082e-02;6.401522e-02;8.787245e-02;2.228976e-02;2.694860e-02;3.791138e-02;1.883109e-01;4.410038e-02;5.382340e-02;1.204321e-01;1.543912e-01;1.101437e-01
7.378982e-02;3.359964e-02;7.369310e-02;2.278779e-02;3.904974e-02;5.203840e-02;1.576140e-01;3.845598e-02;5.725318e-02;1.314327e-01;2.075126e-01;1.127730e-01
5.205178e-02;2.220037e-02;8.879304e-02;2.285871e-02;4.433110e-02;4.873604e-02;1.332201e-01;5.405761e-02;7.125958e-02;1.254764e-01;2.160335e-01;1.209817e-01
9.168505e-02;2.163357e-02;6.862452e-02;3.393967e-02;2.841518e-02;3.894734e-02;1.370003e-01;4.471734e-02;6.605743e-02;1.239847e-01;1.999683e-01;1.450266e-01
1.656406e-01;4.458315e-02;1.004040e-01;3.658490e-02;1.378670e-02;2.892622e-02;1.391393e-01;4.669677e-02;4.970063e-02;9.692694e-02;1.440089e-01;1.336019e-01
2.267438e-01;7.724573e-02;1.987954e-01;2.594676e-02;2.046016e-02;3.144021e-02;7.918827e-02;7.023466e-02;5.759177e-02;5.963021e-02;7.497475e-02;7.774828e-02
2.105211e-01;1.156928e-01;3.030072e-01;1.708375e-02;1.853661e-02;2.440737e-02;5.390901e-02;7.459719e-02;7.424438e-02;3.459095e-02;3.403929e-02;3.937030e-02
1.120230e-01;1.055517e-01;4.908654e-01;2.406638e-02;1.618336e-02;2.684498e-02;3.518241e-02;4.903775e-02;6.859237e-02;3.036328e-02;1.893736e-02;2.235204e-02
3.226465e-02;5.472559e-02;6.506546e-01;4.172746e-02;3.004847e-02;1.996816e-02;2.592045e-02;3.261201e-02;3.235022e-02;4.404167e-02;2.064151e-02;1.504524e-02
1.246013e-02;1.797032e-02;6.427736e-01;7.192867e-02;6.547658e-02;2.226081e-02;3.110305e-02;2.496119e-02;2.247851e-02;3.846690e-02;3.711319e-02;1.300711e-02
9.498234e-03;1.390091e-02;4.559959e-01;8.331726e-02;1.463061e-01;5.635462e-02;6.502017e-02;4.037337e-02;3.500272e-02;1.907845e-02;4.660114e-02;2.855116e-02
1.806392e-02;1.242953e-02;1.799185e-01;6.274136e-02;2.390861e-01;1.188075e-01;1.650357e-01;3.631301e-02;8.139126e-02;1.218456e-02;2.441433e-02;4.961427e-02
3.171802e-02;4.946555e-03;1.161254e-01;3.045863e-02;2.370731e-01;1.744735e-01;2.459730e-01;2.827416e-02;8.594222e-02;8.270866e-03;6.653084e-03;3.009154e-02
4.844519e-02;6.322153e-03;7.023200e-02;2.086487e-02;2.217418e-01;2.059077e-01;3.212669e-01;3.024384e-02;4.176053e-02;1.564813e-02;1.039543e-02;7.171448e-03
4.725524e-02;2.111711e-02;1.142552e-01;3.323907e-02;2.463530e-01;2.009713e-01;2.043252e-01;3.899020e-02;3.127254e-02;2.631022e-02;1.244991e-02;2.346106e-02
2.972547e-02;1.819393e-02;1.658212e-01;3.458374e-02;2.508970e-01;1.713528e-01;1.996852e-01;2.620956e-02;4.259369e-02;2.060318e-02;1.069001e-02;2.964421e-02
2.566725e-02;1.321796e-02;9.222943e-02;2.394495e-02;2.515281e-01;1.787801e-01;3.303330e-01;1.279307e-02;3.848195e-02;8.483251e-03;5.748332e-03;1.879264e-02
3.419485e-02;1.281486e-02;8.537821e-02;2.175840e-02;2.554250e-01;1.924339e-01;3.363668e-01;5.561714e-03;2.524076e-02;6.928531e-03;5.420436e-03;1.847650e-02
3.406813e-02;1.130611e-02;8.535261e-02;1.875434e-02;2.642995e-01;2.068924e-01;2.930805e-01;1.359002e-02;3.449755e-02;8.850991e-03;5.602339e-03;2.370558e-02
3.308098e-02;9.381499e-03;1.118089e-01;1.978906e-02;2.578422e-01;1.998863e-01;2.631377e-01;1.122623e-02;4.455458e-02;1.321958e-02;9.013978e-03;2.705904e-02
7.058758e-02;1.925208e-02;1.277752e-01;2.792851e-02;1.831302e-01;1.502864e-01;2.989910e-01;1.203660e-02;4.277812e-02;2.055410e-02;1.658927e-02;3.009086e-02
1.279703e-01;1.952514e-02;8.637159e-02;4.254599e-02;1.037282e-01;1.357313e-01;3.796030e-01;1.518245e-02;2.867023e-02;1.755786e-02;1.645231e-02;2.666169e-02
1.690195e-01;1.790295e-02;3.648249e-02;5.493103e-02;7.794820e-02;1.495247e-01;4.216455e-01;9.947372e-03;1.301796e-02;2.228810e-02;1.147698e-02;1.581530e-02
1.764378e-01;1.844661e-02;1.992060e-02;5.727968e-02;9.064565e-02;1.756518e-01;4.032953e-01;7.269124e-03;8.280865e-03;2.376801e-02;1.193991e-02;7.064679e-03
1.758324e-01;1.205804e-02;4.732829e-02;4.857876e-02;1.258232e-01;1.798969e-01;3.403514e-01;1.149648e-02;9.801897e-03;1.957475e-02;1.233159e-02;1.692618e-02
1.258896e-01;2.197019e-02;1.590457e-01;4.490171e-02;1.664896e-01;1.548109e-01;2.374913e-01;1.014983e-02;1.367575e-02;1.280385e-02;1.170422e-02;4.106741e-02
5.723808e-02;3.705991e-02;3.568365e-01;6.748251e-02;1.572041e-01;1.083075e-01;1.090476e-01;1.004675e-02;1.728537e-02;1.491155e-02;2.408991e-02;4.049018e-02
4.049747e-02;3.634680e-02;5.212875e-01;7.448732e-02;9.807629e-02;5.869408e-02;5.647859e-02;2.041911e-02;1.759530e-02;2.132414e-02;3.818841e-02;1.660498e-02
4.241713e-02;2.627504e-02;5.725971e-01;5.170804e-02;6.795112e-02;3.168352e-02;7.835460e-02;2.651246e-02;1.930793e-02;3.612592e-02;2.880996e-02;1.825720e-02
3.452927e-02;3.324355e-02;5.151633e-01;3.718676e-02;6.557908e-02;5.802134e-02;1.170514e-01;2.995033e-02;2.960650e-02;3.920030e-02;1.697877e-02;2.348941e-02
3.184464e-02;2.809711e-02;4.880647e-01;4.847984e-02;5.985638e-02;7.142305e-02;1.084248e-01;3.786903e-02;2.993924e-02;4.532098e-02;2.920390e-02;2.147632e-02
2.268401e-02;1.693251e-02;4.980786e-01;5.602917e-02;4.968774e-02;7.785734e-02;1.026445e-01;4.192274e-02;2.603997e-02;4.567688e-02;3.463336e-02;2.781315e-02
1.677949e-02;1.883782e-02;5.137035e-01;6.164994e-02;6.875041e-02;6.977575e-02;7.205684e-02;4.364535e-02;2.450763e-02;4.515157e-02;3.439540e-02;3.074630e-02
1.660855e-02;1.371782e-02;4.439777e-01;6.172100e-02;1.312280e-01;9.009234e-02;9.678780e-02;2.609717e-02;2.352827e-02;4.520190e-02;2.506352e-02;2.597590e-02
1.178904e-02;1.176071e-02;2.460007e-01;4.306379e-02;2.023399e-01;1.252866e-01;1.937224e-01;3.655903e-02;5.175056e-02;3.820292e-02;1.231055e-02;2.721380e-02
2.153071e-02;9.947304e-03;1.202892e-01;2.911593e-02;2.418879e-01;1.748128e-01;2.726948e-01;2.390074e-02;6.389902e-02;1.890086e-02;8.895479e-03;1.412529e-02
2.903567e-02;4.661326e-03;8.670249e-02;2.126743e-02;2.299792e-01;2.029227e-01;3.347115e-01;1.552877e-02;4.162136e-02;1.893671e-02;7.647111e-03;6.985766e-03
3.865468e-02;7.013907e-03;1.733767e-02;1.648876e-02;2.247594e-01;2.288677e-01;3.950027e-01;1.263580e-02;1.601457e-02;3.299065e-02;4.401936e-03;5.832197e-03
5.170648e-02;6.520336e-03;2.361877e-02;1.494444e-02;2.008033e-01;2.123836e-01;4.138528e-01;1.662666e-02;1.281057e-02;3.681579e-02;4.456730e-03;5.460561e-03
3.762358e-02;7.508173e-03;3.583262e-02;1.658151e-02;2.123612e-01;2.004067e-01;4.111765e-01;1.381945e-02;1.388472e-02;3.416345e-02;6.746713e-03;9.895326e-03
2.542547e-02;1.248543e-02;1.172837e-01;2.614343e-02;2.262839e-01;1.661142e-01;3.297665e-01;1.296570e-02;2.473848e-02;2.604632e-02;9.476597e-03;2.327030e-02
2.498362e-02;2.644274e-02;2.497462e-01;4.768104e-02;1.962818e-01;1.220799e-01;2.008349e-01;3.011364e-02;2.986983e-02;2.533838e-02;2.113546e-02;2.549249e-02
3.977475e-02;4.008961e-02;3.366210e-01;6.316357e-02;1.252737e-01;1.004090e-01;9.469432e-02;5.894991e-02;3.227346e-02;5.717677e-02;2.941298e-02;2.216089e-02
7.870053e-02;5.250233e-02;2.647868e-01;5.432970e-02;1.111530e-01;1.153489e-01;8.342619e-02;6.024518e-02;4.965230e-02;6.905306e-02;3.448140e-02;2.632063e-02
1.292969e-01;4.931632e-02;1.726585e-01;4.325443e-02;1.194917e-01;1.167194e-01;9.314587e-02;4.497655e-02;7.187156e-02;4.565464e-02;5.036994e-02;6.324410e-02
1.353166e-01;3.306237e-02;1.980893e-01;5.503499e-02;1.087716e-01;9.776628e-02;1.120412e-01;6.740053e-02;6.338554e-02;1.610133e-02;4.196606e-02;7.106422e-02
1.206729e-01;2.275757e-02;1.638699e-01;4.597056e-02;1.330258e-01;1.156869e-01;1.861723e-01;7.457830e-02;4.335318e-02;2.432819e-02;2.640568e-02;4.317867e-02
6.503759e-02;3.105356e-02;2.021476e-01;3.362122e-02;1.518127e-01;1.431049e-01;2.295069e-01;4.671061e-02;2.510704e-02;4.026930e-02;2.016867e-02;1.145993e-02
5.623537e-02;3.846131e-02;2.497216e-01;3.859659e-02;1.424733e-01;1.447070e-01;1.499258e-01;4.342294e-02;4.271304e-02;4.026818e-02;2.395930e-02;2.951547e-02
7.274177e-02;4.470657e-02;2.064218e-01;2.736195e-02;1.425768e-01;1.293056e-01;1.317397e-01;6.186346e-02;5.862522e-02;4.661241e-02;3.353735e-02;4.450741e-02
8.701126e-02;3.480363e-02;2.367976e-01;4.195041e-02;1.400827e-01;1.263226e-01;1.357858e-01;4.518846e-02;4.496176e-02;3.096418e-02;3.803496e-02;3.809675e-02
9.551036e-02;2.835026e-02;2.230274e-01;4.968303e-02;1.406046e-01;1.245459e-01;1.246764e-01;4.256572e-02;3.217388e-02;5.379093e-02;4.056860e-02;4.450287e-02
9.001096e-02;3.793262e-02;1.643703e-01;5.112368e-02;1.197374e-01;1.298965e-01;1.348664e-01;6.484137e-02;2.057737e-02;8.969254e-02;4.737886e-02;4.957207e-02
5.853981e-02;6.241824e-02;8.259372e-02;5.227093e-02;9.130715e-02;9.193532e-02;1.345456e-01;1.119441e-01;9.259684e-02;8.120751e-02;8.473670e-02;5.590408e-02
7.791236e-02;6.344166e-02;7.315341e-02;6.053720e-02;8.019530e-02;9.840694e-02;1.409884e-01;1.128771e-01;8.291001e-02;8.790577e-02;7.689327e-02;4.477863e-02
8.920503e-02;5.836684e-02;8.119754e-02;6.406505e-02;7.099284e-02;1.140590e-01;1.479991e-01;1.014127e-01;9.083336e-02;9.609619e-02;5.279301e-02;3.297933e-02
7.551780e-02;5.507895e-02;9.287036e-02;8.337162e-02;4.864351e-02;1.185330e-01;1.559166e-01;8.294278e-02;1.082316e-01;9.523736e-02;4.050692e-02;4.314958e-02
4.890257e-02;5.961686e-02;1.029445e-01;8.959075e-02;6.347128e-02;8.044358e-02;1.535988e-01;7.933755e-02;1.159013e-01;7.019079e-02;6.956146e-02;6.644063e-02
5.530818e-02;6.516550e-02;1.081398e-01;6.429723e-02;6.365914e-02;7.591286e-02;1.881324e-01;9.122933e-02;1.106821e-01;5.096944e-02;6.809910e-02;5.840487e-02
6.232751e-02;5.130208e-02;1.790257e-01;4.972909e-02;4.847651e-02;7.136455e-02;1.692347e-01;1.026058e-01;9.565974e-02;4.874457e-02;7.680212e-02;4.472763e-02
6.240625e-02;3.158602e-02;3.442081e-01;5.072896e-02;5.314928e-02;6.638614e-02;1.158278e-01;8.456419e-02;6.858601e-02;3.965297e-02;5.714012e-02;2.576418e-02
5.076749e-02;1.168002e-02;4.396030e-01;5.877340e-02;1.041638e-01;5.776020e-02;9.365957e-02;5.143337e-02;3.654641e-02;3.330029e-02;3.637096e-02;2.594152e-02
2.780059e-02;1.119728e-02;3.186789e-01;5.062415e-02;1.855209e-01;9.723402e-02;1.425136e-01;3.844952e-02;4.569304e-02;2.683033e-02;2.462871e-02;3.082898e-02
2.612366e-02;8.022844e-03;1.423932e-01;3.369907e-02;2.287075e-01;1.537977e-01;2.601518e-01;2.772407e-02;5.327822e-02;2.556125e-02;1.369003e-02;2.685075e-02
3.230222e-02;8.825559e-03;7.978251e-02;2.636563e-02;1.618635e-01;1.651541e-01;4.019044e-01;2.360735e-02;3.026260e-02;5.169877e-02;7.812978e-03;1.042047e-02
2.163139e-02;1.532359e-02;3.399059e-02;2.010114e-02;7.885624e-02;1.195313e-01;5.955122e-01;2.634982e-02;1.732515e-02;4.813348e-02;1.690795e-02;6.337082e-03
9.561107e-03;1.856865e-02;1.003334e-02;1.055940e-02;3.460487e-02;6.864030e-02;7.360165e-01;3.271512e-02;2.060422e-02;2.055110e-02;3.220767e-02;5.937729e-03
8.176678e-03;1.241378e-02;1.519984e-02;4.905004e-03;3.841626e-02;4.377932e-02;7.518102e-01;5.047068e-02;2.344172e-02;1.076886e-02;3.497633e-02;5.641407e-03
4.336388e-03;5.490484e-03;2.480826e-02;4.515174e-03;2.987607e-02;2.912046e-02;7.476317e-01;7.633559e-02;3.101367e-02;1.811840e-02;2.105379e-02;7.700048e-03
7.473283e-03;7.685054e-03;2.678473e-02;4.793482e-03;1.296495e-02;2.099637e-02;7.336953e-01;1.046406e-01;3.321877e-02;2.575805e-02;1.250739e-02;9.482010e-03
1.043479e-02;1.913990e-02;4.473262e-02;7.613262e-03;4.036735e-02;2.477498e-02;6.662434e-01;1.022106e-01;3.599535e-02;2.011852e-02;1.141759e-02;1.695170e-02
1.355150e-02;3.885417e-02;5.663759e-02;9.444589e-03;7.222883e-02;2.454543e-02;6.253288e-01;6.814324e-02;3.496168e-02;1.958951e-02;1.147064e-02;2.524394e-02
1.461729e-02;4.675252e-02;3.408801e-02;1.208198e-02;8.174125e-02;6.291490e-02;6.287692e-01;4.134609e-02;2.687253e-02;1.595042e-02;1.715382e-02;1.771201e-02
2.212773e-02;2.816257e-02;1.698558e-02;1.442018e-02;7.773297e-02;8.270772e-02;6.521063e-01;4.441260e-02;2.298383e-02;1.533081e-02;1.296764e-02;1.006211e-02
2.068361e-02;1.671407e-02;1.931901e-02;1.625866e-02;6.167721e-02;7.905377e-02;6.955997e-01;4.245766e-02;1.542437e-02;1.094112e-02;1.095852e-02;1.091224e-02
1.617504e-02;2.902731e-02;1.990295e-02;3.319415e-02;4.598809e-02;5.778076e-02;6.961458e-01;3.969167e-02;1.626794e-02;1.855638e-02;8.668236e-03;1.860164e-02
1.113560e-02;3.913691e-02;2.224588e-02;3.698158e-02;3.671755e-02;3.467782e-02;6.824785e-01;5.388300e-02;2.398941e-02;2.466354e-02;1.548854e-02;1.860167e-02
1.601555e-02;3.463244e-02;1.563409e-02;2.856915e-02;5.033986e-02;2.810011e-02;6.830366e-01;6.036840e-02;2.734555e-02;1.973076e-02;2.504525e-02;1.118220e-02
1.484985e-02;3.534769e-02;1.519675e-02;2.203695e-02;5.345608e-02;4.837565e-02;6.901388e-01;4.906090e-02;2.503209e-02;1.233079e-02;2.875414e-02;5.420343e-03
1.973576e-02;3.940766e-02;2.240469e-02;2.304611e-02;5.050113e-02;8.130610e-02;6.674607e-01;3.179870e-02;1.920350e-02;1.746767e-02;2.182587e-02;5.842144e-03
2.568114e-02;2.478411e-02;6.910608e-02;5.853996e-02;8.073079e-02;1.037841e-01;5.556371e-01;2.120952e-02;1.191711e-02;2.918606e-02;9.992233e-03;9.431722e-03
2.293547e-02;2.286470e-02;2.024394e-01;7.198098e-02;8.586483e-02;7.065305e-02;4.155207e-01;3.238027e-02;1.992188e-02;3.015661e-02;1.136779e-02;1.391433e-02
4.473495e-02;4.063224e-02;3.488945e-01;5.684461e-02;5.034025e-02;2.161375e-02;3.297025e-01;3.339555e-02;2.409665e-02;2.462118e-02;1.476295e-02;1.036086e-02
