5.185726e-02;5.613476e-02;8.845069e-02;2.002635e-01;5.969437e-02;9.415591e-02;2.989256e-02;2.123244e-01;1.538467e-01;1.513081e-02;9.847565e-03;2.840152e-02
8.093131e-02;2.666538e-02;3.199975e-02;2.134576e-01;9.825541e-02;3.795788e-02;4.726972e-02;1.938454e-01;2.228815e-01;2.332870e-02;8.062542e-03;1.534482e-02
6.596807e-02;5.578178e-02;3.142713e-02;1.097936e-01;1.919508e-01;3.545500e-02;4.086470e-02;1.336465e-01;2.721392e-01;4.086880e-02;1.490102e-02;7.203419e-03
4.656997e-02;6.840093e-02;4.047996e-02;2.169605e-02;2.248272e-01;6.789170e-02;3.223002e-02;1.321873e-01;2.842410e-01;5.469507e-02;1.788288e-02;8.897822e-03
6.477533e-02;4.595713e-02;5.151214e-02;7.055562e-02;1.284397e-01;6.352924e-02;6.120933e-02;1.786612e-01;2.604428e-01;4.917430e-02;1.231198e-02;1.343132e-02
6.246072e-02;2.044554e-02;7.225198e-02;1.103674e-01;4.776306e-02;6.689272e-02;6.889170e-02;2.448150e-01;2.298497e-01;3.870672e-02;1.157487e-02;2.598066e-02
3.791903e-02;4.320130e-02;7.216710e-02;7.996541e-02;7.311704e-02;1.392301e-01;6.085149e-02;2.734098e-01;1.533077e-01;2.095040e-02;1.379260e-02;3.208804e-02
2.166029e-02;6.391829e-02;6.085964e-02;4.321028e-02;1.220338e-01;1.163493e-01;1.567751e-01;2.290246e-01;1.317318e-01;1.626495e-02;1.782972e-02;2.034221e-02
2.923107e-02;4.859155e-02;6.187803e-02;9.347626e-02;7.675868e-02;1.279510e-01;1.905800e-01;1.167163e-01;1.746195e-01;4.101375e-02;2.212586e-02;1.705797e-02
2.143038e-02;4.577009e-02;6.651356e-02;8.314696e-02;4.859215e-02;1.134620e-01;1.504904e-01;1.766149e-01;2.049935e-01;3.003616e-02;2.825135e-02;3.069858e-02
1.634735e-02;5.362144e-02;8.097759e-02;4.391989e-02;6.820266e-02;2.263119e-01;7.788674e-02;1.582965e-01;1.583767e-01;3.020948e-02;4.302844e-02;4.282131e-02
2.290193e-02;5.546148e-02;9.866080e-02;4.505876e-02;3.956958e-02;2.339888e-01;1.968831e-01;8.775764e-02;1.033402e-01;2.935947e-02;4.359132e-02;4.342684e-02
3.553047e-02;4.204435e-02;7.475290e-02;1.082269e-01;1.882619e-02;1.587823e-01;3.583181e-01;4.918789e-02;5.600451e-02;2.130316e-02;3.258250e-02;4.444075e-02
4.549943e-02;3.550599e-02;3.650162e-02;1.632910e-01;1.647966e-02;7.487784e-02;4.689307e-01;2.674314e-02;2.663449e-02;1.766619e-02;1.774400e-02;7.012594e-02
4.027788e-02;3.602208e-02;2.585843e-02;1.840585e-01;1.079930e-02;6.796073e-02;4.440513e-01;3.947393e-02;1.649474e-02;1.664570e-02;1.625620e-02;1.021012e-01
2.913418e-02;3.170269e-02;5.316203e-02;1.818738e-01;1.087155e-02;8.317292e-02;3.710468e-01;5.540226e-02;2.272186e-02;1.369189e-02;2.510434e-02;1.221157e-01
2.251811e-02;3.737071e-02;1.293762e-01;1.659330e-01;2.206045e-02;1.133042e-01;2.526905e-01;6.455709e-02;4.090843e-02;1.428791e-02;3.326172e-02;1.037317e-01
2.537054e-02;4.130782e-02;1.817156e-01;1.452634e-01;3.315786e-02;1.250069e-01;2.034644e-01;7.105017e-02;6.019313e-02;2.074636e-02;3.307825e-02;5.964553e-02
2.870587e-02;7.861336e-02;1.668990e-01;9.946756e-02;3.988191e-02;1.171482e-01;2.324874e-01;7.022530e-02;7.296735e-02;2.080628e-02;2.377124e-02;4.902647e-02
2.441731e-02;7.888167e-02;1.108412e-01;1.286926e-01;3.656903e-02;1.185127e-01;2.063664e-01;1.082346e-01;4.891816e-02;2.378665e-02;1.896496e-02;9.581467e-02
3.690810e-02;7.223562e-02;9.755639e-02;1.565510e-01;1.413690e-02;9.761409e-02;2.265533e-01;8.599389e-02;7.755229e-02;2.288249e-02;2.213411e-02;8.988179e-02
2.795962e-02;6.612905e-02;6.395794e-02;1.898130e-01;1.542401e-02;8.759419e-02;3.065633e-01;7.583289e-02;6.037689e-02;1.856170e-02;2.028263e-02;6.750479e-02
2.060467e-02;6.852627e-02;7.237506e-02;2.397466e-01;1.463405e-02;6.989893e-02;3.004412e-01;6.372989e-02;5.384708e-02;1.796297e-02;1.563761e-02;6.259578e-02
2.768148e-02;6.212156e-02;9.196423e-02;2.124788e-01;1.775922e-02;6.382722e-02;2.889323e-01;5.919296e-02;6.741730e-02;2.907313e-02;2.393105e-02;5.562075e-02
5.583635e-02;8.690827e-02;7.369161e-02;1.138226e-01;3.668924e-02;6.616181e-02;2.021183e-01;6.489656e-02;6.809004e-02;7.618929e-02;7.784495e-02;7.775105e-02
1.193514e-01;1.286213e-01;9.210874e-02;3.997305e-02;4.004828e-02;5.856692e-02;1.150784e-01;1.056487e-01;4.215346e-02;5.554221e-02;1.091176e-01;9.378996e-02
1.352488e-01;1.515427e-01;9.053966e-02;4.535609e-02;2.975860e-02;6.471439e-02;1.333895e-01;9.562119e-02;2.775693e-02;4.416008e-02;7.612118e-02;1.057908e-01
1.089723e-01;1.500745e-01;7.345904e-02;5.891252e-02;2.529367e-02;8.169055e-02;2.025591e-01;6.701035e-02;2.067788e-02;3.760477e-02;4.420241e-02;1.295429e-01
6.484832e-02;1.186497e-01;7.483209e-02;4.716464e-02;5.085254e-02;1.291040e-01;2.505091e-01;4.886856e-02;2.249295e-02;2.141576e-02;4.862535e-02;1.226370e-01
5.436003e-02;5.540906e-02;1.309541e-01;2.390487e-02;7.359507e-02;2.502739e-01;1.752935e-01;4.064522e-02;3.165497e-02;1.434456e-02;9.001289e-02;5.955185e-02
7.207838e-02;3.335383e-02;1.471086e-01;5.623580e-02;6.344666e-02;3.332327e-01;1.007553e-01;2.325935e-02;2.683453e-02;1.670862e-02;9.584936e-02;3.113696e-02
4.943247e-02;6.137589e-02;8.716903e-02;1.156305e-01;9.150442e-02;3.214730e-01;9.248400e-02;3.908873e-02;2.552971e-02;3.760490e-02;5.993388e-02;1.877350e-02
2.190895e-02;1.193688e-01;2.661327e-02;1.301856e-01;1.936613e-01;2.256230e-01;7.038919e-02;6.023150e-02;3.519241e-02;6.603447e-02;2.336852e-02;2.742309e-02
2.187113e-02;1.326748e-01;4.490561e-02;1.160238e-01;2.822832e-01;1.241370e-01;2.634289e-02;5.122776e-02;5.692641e-02;8.283012e-02;1.111161e-02;4.966564e-02
3.685116e-02;8.462617e-02;7.069758e-02;1.407655e-01;2.660037e-01;1.222064e-01;3.361393e-02;4.573040e-02;6.927376e-02;7.207886e-02;1.514245e-02;4.301012e-02
5.557695e-02;6.898326e-02;1.015845e-01;1.563740e-01;1.800911e-01;1.487274e-01;5.532357e-02;5.371994e-02;6.044932e-02;5.722360e-02;2.190093e-02;4.004530e-02
5.563900e-02;9.684422e-02;1.193158e-01;1.728010e-01;1.023775e-01;1.615821e-01;7.030421e-02;5.145674e-02;4.771522e-02;5.154228e-02;2.623026e-02;4.419174e-02
3.422193e-02;1.758149e-01;6.785884e-02;1.111023e-01;9.886718e-02;1.953972e-01;7.096078e-02;4.805809e-02;4.296570e-02;6.684309e-02;2.400419e-02;6.390586e-02
7.743661e-03;1.837940e-01;3.600978e-02;7.037091e-02;1.095362e-01;2.766232e-01;8.954410e-02;5.113832e-02;3.325166e-02;7.266027e-02;1.912338e-02;5.020459e-02
1.208699e-02;1.602566e-01;1.846102e-02;4.446401e-02;7.489753e-02;3.326461e-01;1.214500e-01;5.185284e-02;2.413847e-02;7.363677e-02;4.676130e-02;3.934840e-02
1.451948e-02;1.604750e-01;1.800435e-02;2.689489e-02;8.791650e-02;2.864552e-01;1.058543e-01;6.098054e-02;2.230905e-02;9.470434e-02;6.669996e-02;5.518631e-02
1.658926e-02;1.480955e-01;1.817246e-02;3.043821e-02;9.906506e-02;1.817276e-01;5.466570e-02;7.960048e-02;1.955782e-02;1.475670e-01;1.339731e-01;7.054773e-02
1.481390e-02;1.082938e-01;2.500452e-02;4.279438e-02;8.515695e-02;1.021960e-01;2.361752e-02;8.601683e-02;1.811155e-02;1.917823e-01;2.316932e-01;7.051905e-02
1.321264e-02;1.199689e-01;2.900443e-02;4.427985e-02;7.427746e-02;5.572223e-02;1.171198e-02;9.230930e-02;1.958862e-02;2.603576e-01;2.249122e-01;5.465477e-02
1.765240e-02;1.663285e-01;3.024190e-02;3.825336e-02;8.037295e-02;3.158181e-02;2.098530e-02;1.021562e-01;2.434276e-02;3.338526e-01;1.043263e-01;4.990594e-02
1.050197e-02;1.537622e-01;2.490850e-02;5.640484e-02;6.993065e-02;7.186328e-02;4.647438e-02;9.991971e-02;1.409866e-02;3.029183e-01;1.273435e-01;2.187403e-02
3.154733e-02;1.047763e-01;2.533977e-02;6.000963e-02;5.465192e-02;1.003010e-01;5.012001e-02;7.076120e-02;1.448973e-02;2.147136e-01;2.483376e-01;2.495191e-02
4.834433e-02;6.425103e-02;2.938046e-02;4.997725e-02;4.345583e-02;1.382614e-01;4.167438e-02;4.042109e-02;1.884869e-02;2.147105e-01;2.912351e-01;1.943994e-02
5.461114e-02;3.744469e-02;2.614881e-02;4.515098e-02;4.784008e-02;1.871631e-01;3.941740e-02;2.251380e-02;1.791928e-02;2.300497e-01;2.826786e-01;9.062456e-03
4.905559e-02;3.642515e-02;2.439901e-02;5.761741e-02;9.677013e-02;2.224019e-01;4.857998e-02;2.322893e-02;1.183202e-02;1.906405e-01;2.240291e-01;1.502023e-02
2.759773e-02;5.899173e-02;2.077918e-02;8.482408e-02;1.641569e-01;2.163450e-01;4.336065e-02;3.973394e-02;1.478653e-02;1.562346e-01;1.253644e-01;4.782533e-02
2.696627e-02;6.422720e-02;4.484082e-02;1.021310e-01;1.523862e-01;1.884801e-01;4.107365e-02;4.389188e-02;2.326892e-02;1.375714e-01;7.072939e-02;1.044332e-01
3.192186e-02;5.524163e-02;5.868144e-02;1.007677e-01;8.189366e-02;1.853628e-01;2.924018e-02;5.557432e-02;3.035129e-02;1.396304e-01;1.007179e-01;1.306168e-01
3.892860e-02;4.003455e-02;4.173158e-02;9.933136e-02;6.731768e-02;1.975036e-01;3.688177e-02;7.823368e-02;3.775091e-02;1.668769e-01;1.041325e-01;9.127682e-02
3.372162e-02;5.575637e-02;3.105992e-02;7.516082e-02;1.079079e-01;2.033594e-01;1.659566e-02;1.039889e-01;3.372667e-02;1.481097e-01;1.257471e-01;6.486588e-02
5.141998e-02;3.651752e-02;3.633746e-02;7.451023e-02;5.703031e-02;1.655925e-01;2.854597e-02;7.868814e-02;4.975705e-02;1.134067e-01;2.597651e-01;4.842913e-02
6.380013e-02;3.176211e-02;3.905453e-02;6.522407e-02;5.378917e-02;1.531646e-01;3.423771e-02;4.293230e-02;5.116624e-02;1.021672e-01;3.234808e-01;3.922116e-02
5.492069e-02;2.686013e-02;3.534267e-02;4.350261e-02;4.216748e-02;2.046514e-01;2.045458e-02;3.319540e-02;3.733441e-02;8.697329e-02;3.848936e-01;2.970363e-02
3.242382e-02;2.040752e-02;4.368491e-02;2.025676e-02;3.424586e-02;2.568149e-01;3.146045e-02;3.825530e-02;2.353719e-02;5.817687e-02;4.170845e-01;2.365197e-02
2.304946e-02;1.889119e-02;4.675287e-02;1.855855e-02;4.494515e-02;2.799854e-01;4.407667e-02;3.174125e-02;3.791733e-02;4.001991e-02;3.857905e-01;2.827177e-02
1.689316e-02;2.201977e-02;4.618704e-02;1.953613e-02;3.588807e-02;2.785802e-01;5.150652e-02;4.061775e-02;7.343911e-02;5.154395e-02;3.269928e-01;3.679545e-02
1.578115e-02;3.299125e-02;4.642138e-02;2.542634e-02;3.188460e-02;2.556684e-01;4.253949e-02;6.996167e-02;1.129870e-01;7.355023e-02;2.563711e-01;3.641749e-02
1.910987e-02;4.561785e-02;3.738230e-02;5.098080e-02;8.397144e-02;1.516996e-01;2.236758e-02;1.185845e-01;1.559674e-01;8.740319e-02;2.028457e-01;2.406972e-02
1.294001e-02;3.621532e-02;5.155952e-02;4.952518e-02;5.679427e-02;1.906386e-01;4.417692e-02;1.539911e-01;1.485002e-01;5.674185e-02;1.774789e-01;2.143808e-02
9.489391e-03;4.137599e-02;4.305650e-02;5.026685e-02;7.235617e-02;2.184387e-01;4.875495e-02;1.640009e-01;7.993176e-02;6.977750e-02;1.852217e-01;1.732959e-02
1.225859e-02;5.720432e-02;4.186164e-02;6.276814e-02;6.414676e-02;2.060732e-01;3.576922e-02;1.711269e-01;5.027161e-02;1.085617e-01;1.655643e-01;2.439358e-02
1.410142e-02;6.352498e-02;2.489420e-02;7.128284e-02;9.560168e-02;1.704046e-01;2.154902e-02;1.402818e-01;6.053222e-02;1.539650e-01;1.643146e-01;1.954767e-02
1.837440e-02;7.109576e-02;1.786784e-02;6.554222e-02;1.054978e-01;1.342976e-01;6.437869e-02;1.109820e-01;7.768489e-02;1.471986e-01;1.530162e-01;3.406410e-02
3.071458e-02;7.316533e-02;5.268801e-02;3.836005e-02;6.690881e-02;1.012114e-01;8.838015e-02;1.397275e-01;7.506103e-02;1.046074e-01;1.913509e-01;3.782488e-02
2.969665e-02;5.780386e-02;5.810367e-02;3.196857e-02;4.496210e-02;8.669491e-02;8.147471e-02;1.856383e-01;8.857248e-02;1.007682e-01;1.900671e-01;4.424952e-02
1.924984e-02;4.402427e-02;3.980832e-02;6.630114e-02;4.226983e-02;9.779578e-02;9.239753e-02;1.815158e-01;1.089109e-01;8.318347e-02;1.772130e-01;4.733013e-02
1.842227e-02;7.746993e-02;1.973054e-02;9.444195e-02;9.203622e-02;1.390265e-01;8.315884e-02;1.166577e-01;7.806493e-02;1.025729e-01;1.194821e-01;5.893612e-02
1.272364e-02;9.149788e-02;1.578916e-02;6.446544e-02;1.354295e-01;1.233933e-01;3.650092e-02;1.010359e-01;7.923975e-02;1.963472e-01;6.416779e-02;7.940952e-02
8.666270e-03;8.105534e-02;1.345442e-02;3.497322e-02;1.546198e-01;7.982212e-02;2.736155e-02;9.752566e-02;1.144106e-01;2.397737e-01;4.455442e-02;1.037830e-01
1.740393e-02;6.739072e-02;2.377785e-02;4.945217e-02;1.249448e-01;5.158687e-02;7.099067e-02;1.092784e-01;1.634658e-01;1.904418e-01;3.181412e-02;9.945288e-02
4.024645e-02;4.263823e-02;4.196220e-02;8.740559e-02;7.053766e-02;7.341396e-02;9.838790e-02;1.649186e-01;1.760558e-01;1.172328e-01;2.903619e-02;5.816458e-02
5.352712e-02;2.323827e-02;4.062545e-02;1.344701e-01;7.258923e-02;8.523570e-02;6.590641e-02;1.821515e-01;1.340180e-01;9.547751e-02;6.470843e-02;4.805238e-02
2.755701e-02;2.391940e-02;6.877781e-02;1.278482e-01;1.087295e-01;1.074567e-01;3.736848e-02;1.379940e-01;1.084657e-01;8.082035e-02;1.139195e-01;5.714338e-02
1.839980e-02;3.841493e-02;8.288635e-02;8.023866e-02;1.266160e-01;1.153344e-01;3.826274e-02;1.186718e-01;9.305694e-02;1.178035e-01;1.039693e-01;6.634548e-02
5.812670e-02;4.866812e-02;4.497297e-02;1.154801e-01;1.048928e-01;8.763853e-02;6.814009e-02;1.687688e-01;1.174607e-01;8.310046e-02;4.481282e-02;5.793779e-02
4.179748e-02;5.489610e-02;8.691614e-02;8.704048e-02;1.359366e-01;1.852863e-01;7.321148e-02;1.483772e-01;7.013399e-02;3.297926e-02;6.802045e-02;1.540450e-02
1.534337e-02;4.190314e-02;1.356086e-01;3.645884e-02;9.322970e-02;2.937830e-01;8.375287e-02;9.510317e-02;5.863105e-02;3.192893e-02;7.443801e-02;3.981936e-02
7.671884e-03;2.859148e-02;1.361375e-01;2.762301e-02;7.231482e-02;2.878318e-01;1.967640e-01;4.452294e-02;6.078276e-02;2.066386e-02;6.297226e-02;5.412364e-02
8.477814e-03;1.988442e-02;9.354927e-02;4.854649e-02;6.440219e-02;1.871647e-01;3.729002e-01;3.656815e-02;4.887406e-02;1.611699e-02;4.191474e-02;6.160094e-02
7.189677e-03;1.725846e-02;3.990881e-02;7.335959e-02;4.202971e-02;1.138550e-01;5.318409e-01;4.136017e-02;2.173780e-02;1.937007e-02;1.725636e-02;7.483350e-02
6.878243e-03;1.067756e-02;2.367731e-02;7.479846e-02;2.972758e-02;1.147339e-01;5.448048e-01;3.074552e-02;1.583792e-02;2.831992e-02;3.721187e-02;8.258694e-02
9.323725e-03;1.512329e-02;6.286482e-02;6.081954e-02;4.181335e-02;1.736279e-01;4.549251e-01;3.298315e-02;1.782556e-02;2.308190e-02;3.578491e-02;7.182674e-02
1.275635e-02;1.304603e-02;1.075136e-01;4.532272e-02;6.275669e-02;2.272830e-01;3.406155e-01;2.579986e-02;3.909899e-02;2.123108e-02;5.033675e-02;5.423945e-02
2.157367e-02;1.527852e-02;1.331728e-01;2.649534e-02;8.451506e-02;2.314857e-01;2.333301e-01;4.976575e-02;6.172437e-02;5.542514e-02;3.151973e-02;5.571382e-02
1.426485e-02;4.453959e-02;1.185251e-01;4.672355e-02;9.344479e-02;1.974591e-01;9.398643e-02;8.528449e-02;6.791449e-02;1.070991e-01;7.032604e-02;6.043259e-02
3.152457e-02;6.029846e-02;8.990753e-02;4.539540e-02;6.912692e-02;1.755818e-01;9.468539e-02;1.166577e-01;7.500402e-02;1.155311e-01;8.177736e-02;4.450974e-02
3.296008e-02;3.996379e-02;1.027076e-01;4.749991e-02;5.301047e-02;1.726282e-01;1.535987e-01;1.238273e-01;9.615573e-02;1.125883e-01;3.450929e-02;3.055052e-02
2.806119e-02;3.222737e-02;6.445418e-02;4.995112e-02;8.177452e-02;1.732034e-01;1.798925e-01;9.592640e-02;9.895657e-02;9.670076e-02;6.608744e-02;3.276446e-02
3.774401e-02;4.539663e-02;8.395003e-02;4.848830e-02;7.096719e-02;1.596264e-01;1.927290e-01;7.534282e-02;8.565956e-02;9.657346e-02;5.467573e-02;4.884681e-02
5.655754e-02;7.353035e-02;1.010221e-01;1.015394e-01;4.688168e-02;9.516115e-02;1.587995e-01;1.083337e-01;4.670046e-02;8.298031e-02;6.288911e-02;6.560467e-02
8.705853e-02;1.439129e-01;1.491122e-01;6.146794e-02;4.536290e-02;9.841825e-02;5.047898e-02;1.650676e-01;5.715294e-02;3.726394e-02;6.943134e-02;3.527259e-02
9.824613e-02;1.535954e-01;1.297789e-01;3.685473e-02;3.052794e-02;6.805079e-02;9.630737e-02;1.888149e-01;4.454001e-02;5.707112e-02;4.424084e-02;5.197180e-02
1.035304e-01;1.161439e-01;7.848512e-02;4.707001e-02;2.016527e-02;6.152270e-02;1.710997e-01;2.283391e-01;2.260597e-02;6.322269e-02;2.265400e-02;6.516115e-02
7.805455e-02;5.293652e-02;3.139081e-02;7.217798e-02;1.546785e-02;6.115558e-02;2.997651e-01;2.229762e-01;1.087748e-02;6.463324e-02;1.631029e-02;7.425436e-02
3.016627e-02;3.465960e-02;2.134485e-02;1.199626e-01;1.261137e-02;5.049715e-02;4.192615e-01;1.478866e-01;1.455838e-02;4.367197e-02;6.707737e-03;9.867199e-02
2.019985e-02;2.679730e-02;2.518894e-02;1.602935e-01;9.655475e-03;5.833442e-02;4.641581e-01;7.808188e-02;1.490645e-02;2.036064e-02;1.485526e-02;1.071681e-01
1.715123e-02;1.483984e-02;8.161065e-02;1.702847e-01;1.499414e-02;6.202937e-02;4.313562e-01;4.514484e-02;1.203213e-02;1.562680e-02;2.422275e-02;1.107074e-01
1.500326e-02;1.681752e-02;1.655324e-01;1.539807e-01;2.039067e-02;5.825732e-02;3.696119e-01;2.789084e-02;1.224341e-02;1.323929e-02;3.754989e-02;1.094828e-01
1.090747e-02;3.227431e-02;1.926944e-01;1.107952e-01;2.348273e-02;1.154516e-01;2.859665e-01;3.113062e-02;1.196897e-02;1.175175e-02;8.304381e-02;9.053269e-02
6.855147e-03;4.071694e-02;1.621249e-01;6.082410e-02;2.188550e-02;2.055380e-01;1.809352e-01;2.655208e-02;1.416597e-02;2.546478e-02;1.690228e-01;8.591465e-02
8.180708e-03;3.520719e-02;1.652101e-01;3.815032e-02;2.467398e-02;2.481283e-01;6.844059e-02;2.445870e-02;3.047701e-02;4.848349e-02;2.398204e-01;6.876928e-02
1.090500e-02;3.478636e-02;1.816685e-01;3.828483e-02;2.200006e-02;2.463054e-01;5.540397e-02;3.300824e-02;4.313044e-02;5.900211e-02;2.246352e-01;5.086983e-02
1.341623e-02;5.717174e-02;1.620559e-01;5.235861e-02;3.440030e-02;2.254118e-01;8.306753e-02;4.860315e-02;7.437321e-02;5.205705e-02;1.660650e-01;3.101948e-02
1.059953e-02;5.541506e-02;9.716776e-02;8.101507e-02;3.225942e-02;1.885730e-01;1.608015e-01;1.016354e-01;1.118567e-01;5.038049e-02;9.353070e-02;1.676533e-02
2.018916e-02;3.766145e-02;8.840032e-02;8.671143e-02;2.010570e-02;1.669669e-01;2.429593e-01;1.219742e-01;9.617995e-02;4.118153e-02;4.559952e-02;3.207057e-02
3.350009e-02;3.297131e-02;8.061796e-02;6.880485e-02;2.627949e-02;1.358026e-01;3.050741e-01;9.460962e-02;8.779460e-02;4.901801e-02;4.055432e-02;4.497314e-02
3.080239e-02;4.313231e-02;9.801060e-02;8.130222e-02;5.335667e-02;1.209196e-01;2.063193e-01;1.205643e-01;9.174129e-02;5.469250e-02;3.682395e-02;6.233500e-02
2.659875e-02;5.277194e-02;1.147364e-01;1.112764e-01;5.483793e-02;1.571196e-01;6.864215e-02;1.628895e-01;1.163590e-01;3.836747e-02;2.740420e-02;6.899668e-02
2.640332e-02;8.048421e-02;6.504068e-02;1.103055e-01;4.642460e-02;1.087229e-01;1.556919e-01;1.411438e-01;1.021699e-01;4.012642e-02;4.205171e-02;8.143514e-02
2.936864e-02;7.421792e-02;1.070212e-01;7.994209e-02;4.302587e-02;1.118820e-01;1.982394e-01;1.077369e-01;7.192300e-02;4.716065e-02;5.054357e-02;7.893870e-02
3.247069e-02;5.077912e-02;1.217181e-01;4.426887e-02;4.005823e-02;1.140972e-01;2.523982e-01;1.062672e-01;7.437918e-02;4.542159e-02;4.795123e-02;7.019040e-02
3.246003e-02;8.739643e-02;1.189687e-01;5.657321e-02;3.216473e-02;1.172809e-01;2.455107e-01;1.018717e-01;8.771650e-02;3.340109e-02;3.274604e-02;5.390998e-02
3.662439e-02;9.136438e-02;1.144940e-01;1.052002e-01;3.949780e-02;1.123615e-01;1.815581e-01;1.218397e-01;9.396470e-02;3.342440e-02;2.990138e-02;3.976938e-02
3.909127e-02;6.784478e-02;8.512662e-02;9.905665e-02;4.692101e-02;1.171817e-01;1.572846e-01;1.705220e-01;1.367985e-01;3.616646e-02;1.180133e-02;3.220509e-02
2.594027e-02;7.600167e-02;7.986867e-02;6.625542e-02;4.642492e-02;1.484639e-01;1.145881e-01;1.409127e-01;1.861348e-01;4.284363e-02;3.698456e-02;3.558131e-02
3.591928e-02;8.637431e-02;1.202329e-01;7.500819e-02;3.241960e-02;1.196819e-01;8.972622e-02;1.314301e-01;1.611166e-01;5.625478e-02;4.454533e-02;4.729081e-02
4.937110e-02;8.693000e-02;1.168266e-01;1.019712e-01;4.640096e-02;7.778184e-02;1.591804e-01;1.089435e-01;1.194115e-01;4.764128e-02;4.787660e-02;3.766498e-02
4.369600e-02;7.933709e-02;9.179194e-02;1.048447e-01;5.618024e-02;1.136231e-01;2.080271e-01;7.991401e-02;9.564576e-02;4.115679e-02;3.792306e-02;4.786022e-02
1.972536e-02;8.943873e-02;1.041073e-01;9.616287e-02;4.549563e-02;1.131785e-01;2.074361e-01;1.442490e-01;6.011704e-02;4.199539e-02;3.669225e-02;4.140178e-02
1.398058e-02;1.043880e-01;7.695366e-02;8.346046e-02;5.890146e-02;9.827022e-02;1.590341e-01;1.521696e-01;1.311565e-01;5.445112e-02;4.300151e-02;2.423278e-02
1.599625e-02;7.667310e-02;1.365332e-01;7.825021e-02;6.370600e-02;8.488397e-02;9.504396e-02;1.252684e-01;2.054492e-01;5.812266e-02;3.793652e-02;2.213645e-02
2.343207e-02;2.994282e-02;1.573545e-01;1.555187e-01;4.622991e-02;7.093953e-02;5.076297e-02;1.311924e-01;2.472767e-01;4.104076e-02;2.975829e-02;1.655143e-02
2.602665e-02;8.272937e-03;8.838525e-02;2.318167e-01;7.373536e-02;3.104870e-02;4.714502e-02;1.761425e-01;2.438705e-01;4.505881e-02;1.918551e-02;9.312052e-03
2.173529e-02;1.245261e-02;3.525301e-02;2.731372e-01;1.034010e-01;2.007657e-02;2.762448e-02;1.960966e-01;2.517047e-01;4.428798e-02;1.186175e-02;2.368872e-03
1.579373e-02;1.515777e-02;1.946446e-02;2.532831e-01;1.050570e-01;2.487211e-02;3.177468e-02;1.978937e-01;2.624506e-01;6.350499e-02;8.534078e-03;2.213843e-03
2.119029e-02;1.298972e-02;2.317895e-02;2.219251e-01;6.248880e-02;3.852547e-02;5.152166e-02;2.093329e-01;2.705458e-01;7.490446e-02;8.830290e-03;4.566425e-03
3.153358e-02;9.672805e-03;4.814588e-02;2.031884e-01;3.668979e-02;4.066772e-02;1.072321e-01;2.053688e-01;2.499251e-01;5.659616e-02;6.822789e-03;4.156865e-03
3.143303e-02;8.816464e-03;1.092095e-01;1.429613e-01;4.016406e-02;7.181984e-02;1.718915e-01;1.662372e-01;1.985144e-01;4.742327e-02;8.031867e-03;3.497618e-03
2.106310e-02;1.203378e-02;1.815884e-01;8.228413e-02;8.712277e-02;1.502704e-01;1.485878e-01;1.041554e-01;1.456932e-01;5.298891e-02;7.310014e-03;6.902148e-03
1.150155e-02;1.734552e-02;2.635324e-01;6.337484e-02;1.351633e-01;1.843588e-01;6.169499e-02;6.105908e-02;1.093888e-01;6.557846e-02;8.509628e-03;1.849269e-02
6.798164e-03;2.894497e-02;3.113349e-01;4.613221e-02;1.601452e-01;1.477439e-01;3.670847e-02;4.011998e-02;8.802558e-02;8.464476e-02;8.437313e-03;4.096450e-02
1.684419e-02;6.460316e-02;2.231402e-01;4.514456e-02;1.810649e-01;9.631587e-02;2.947713e-02;5.405483e-02;1.045914e-01;1.025928e-01;1.011465e-02;7.205641e-02
2.613576e-02;6.649657e-02;6.705989e-02;5.236176e-02;1.715744e-01;1.624144e-01;3.006782e-02;6.796813e-02;1.418287e-01;9.840384e-02;2.660526e-02;8.908340e-02
3.010764e-02;3.462257e-02;3.627774e-02;5.262471e-02;1.191450e-01;1.997703e-01;4.479033e-02;8.949474e-02;1.649527e-01;7.413619e-02;8.466758e-02;6.941047e-02
2.784148e-02;3.160389e-02;4.492699e-02;5.962773e-02;6.378014e-02;1.698053e-01;5.996040e-02;1.409068e-01;1.763558e-01;4.414334e-02;1.400340e-01;4.101408e-02
2.686513e-02;4.274733e-02;5.423360e-02;7.034981e-02;4.918101e-02;1.246737e-01;6.061462e-02;1.629064e-01;1.942973e-01;4.078716e-02;1.374234e-01;3.592049e-02
1.120235e-02;3.831418e-02;7.819697e-02;9.517901e-02;9.000669e-02;1.115086e-01;4.129261e-02;1.345041e-01;2.115265e-01;4.573203e-02;7.425008e-02;6.828694e-02
2.311490e-02;5.090994e-02;1.247264e-01;9.821513e-02;1.059053e-01;6.954820e-02;5.310147e-02;1.888865e-01;1.594620e-01;3.117230e-02;4.235964e-02;5.259810e-02
