6.887771e-02;9.383829e-02;1.304941e-01;5.983157e-02;9.577551e-02;8.719026e-02;1.243218e-01;5.004036e-02;1.199407e-01;5.496074e-02;7.674229e-02;3.798670e-02
6.516423e-02;6.814153e-02;9.526430e-02;8.567288e-02;7.932216e-02;9.944660e-02;1.066380e-01;7.790056e-02;1.407250e-01;5.560256e-02;8.549228e-02;4.062992e-02
6.520344e-02;5.418232e-02;9.806525e-02;7.639960e-02;1.127351e-01;8.660182e-02;1.460182e-01;5.442675e-02;1.026727e-01;8.119533e-02;7.605271e-02;4.644686e-02
3.577828e-02;4.354331e-02;8.408390e-02;5.389577e-02;1.337858e-01;8.169349e-02;1.040353e-01;7.209317e-02;1.640512e-01;1.072428e-01;8.151104e-02;3.828605e-02
2.611929e-02;3.579305e-02;8.143662e-02;5.460729e-02;1.278459e-01;8.744442e-02;7.146446e-02;9.596670e-02;1.881905e-01;1.152646e-01;7.592449e-02;3.994263e-02
5.041083e-02;6.390977e-02;8.387793e-02;4.840834e-02;1.057565e-01;7.439017e-02;8.473444e-02;8.574378e-02;1.566283e-01;1.008192e-01;7.029983e-02;7.502092e-02
6.708991e-02;9.767904e-02;8.562474e-02;6.114372e-02;7.461748e-02;6.934018e-02;1.081374e-01;6.672162e-02;1.071135e-01;8.686318e-02;6.410040e-02;1.115688e-01
5.004196e-02;1.102910e-01;9.595834e-02;8.070643e-02;7.937527e-02;8.020449e-02;1.341733e-01;6.271692e-02;6.448961e-02;9.218989e-02;5.204235e-02;9.781045e-02
1.777084e-02;8.694588e-02;7.563818e-02;6.604728e-02;9.850578e-02;1.029527e-01;1.848304e-01;7.087036e-02;9.396652e-02;8.220201e-02;5.423071e-02;6.603935e-02
6.267910e-02;8.086580e-02;1.202543e-01;4.186445e-02;8.683266e-02;7.459977e-02;1.426376e-01;9.060601e-02;7.162237e-02;1.075142e-01;6.417651e-02;5.634721e-02
7.865698e-02;1.051728e-01;9.329009e-02;4.784092e-02;1.037665e-01;7.287797e-02;8.847430e-02;8.290897e-02;9.403324e-02;1.030227e-01;5.479268e-02;7.516282e-02
5.880149e-02;8.595707e-02;7.290978e-02;2.367377e-02;4.691931e-02;4.175792e-02;1.704912e-01;1.344137e-01;1.505285e-01;8.491199e-02;8.357427e-02;4.606108e-02
4.763863e-02;8.822121e-02;7.975601e-02;1.439599e-02;2.714062e-02;2.839122e-02;2.099689e-01;1.764730e-01;1.379708e-01;5.803293e-02;9.329849e-02;3.871214e-02
4.137022e-02;1.369756e-01;7.955936e-02;1.110061e-02;2.163754e-02;2.428570e-02;2.440283e-01;1.737088e-01;1.051084e-01;4.193209e-02;9.306463e-02;2.722877e-02
8.880803e-02;1.899395e-01;5.867285e-02;1.942154e-02;4.427568e-02;7.517442e-02;1.994624e-01;1.030127e-01;6.776180e-02;6.074115e-02;6.481023e-02;2.791972e-02
1.231368e-01;1.303407e-01;3.833406e-02;6.624099e-02;1.183024e-01;1.099864e-01;1.026149e-01;5.459796e-02;5.931219e-02;7.569262e-02;4.858858e-02;7.285238e-02
7.775744e-02;5.055994e-02;4.321475e-02;1.795636e-01;1.617316e-01;7.130857e-02;4.301948e-02;5.451102e-02;5.770007e-02;5.207188e-02;1.206728e-01;8.788881e-02
2.134063e-02;1.275776e-02;6.536505e-02;3.291777e-01;1.125624e-01;2.769411e-02;3.376457e-02;6.486981e-02;3.645215e-02;2.404097e-02;2.236060e-01;4.836894e-02
1.886550e-02;1.017036e-02;8.032463e-02;3.711450e-01;4.458496e-02;2.565050e-02;3.628961e-02;1.045787e-01;1.850491e-02;2.016795e-02;2.517173e-01;1.800061e-02
2.403848e-02;1.577242e-02;1.966894e-01;2.871302e-01;2.204648e-02;1.707995e-02;6.463194e-02;9.125283e-02;1.781386e-02;6.677599e-02;1.897259e-01;7.042584e-03
4.019858e-02;6.371304e-02;3.406620e-01;1.326771e-01;1.317968e-02;1.026374e-02;9.233080e-02;4.168417e-02;3.795722e-02;1.473993e-01;7.479008e-02;5.144385e-03
4.981147e-02;1.171072e-01;3.565482e-01;4.112529e-02;2.176226e-02;1.832187e-02;8.520480e-02;2.272912e-02;8.393538e-02;1.634075e-01;2.843416e-02;1.161279e-02
4.734285e-02;1.088588e-01;2.913769e-01;2.041788e-02;1.558826e-02;3.956778e-02;4.204840e-02;2.525867e-02;1.754649e-01;1.676962e-01;3.965045e-02;2.672890e-02
2.902509e-02;1.475361e-01;1.752032e-01;4.438633e-02;1.075171e-02;9.170014e-02;1.550565e-02;2.314918e-02;2.858107e-01;1.122634e-01;3.111943e-02;3.354901e-02
2.223321e-02;1.977274e-01;1.216441e-01;4.105041e-02;1.372594e-02;1.274507e-01;1.695285e-02;1.224813e-02;3.403936e-01;5.332761e-02;2.423100e-02;2.901496e-02
2.785473e-02;2.377969e-01;8.110486e-02;2.796862e-02;1.192785e-02;1.509482e-01;1.568306e-02;1.039259e-02;3.731498e-01;2.760953e-02;1.524789e-02;2.031595e-02
2.459585e-02;2.438292e-01;9.498329e-02;2.064154e-02;7.137756e-03;1.772712e-01;1.462349e-02;1.236304e-02;3.448539e-01;2.769590e-02;7.921675e-03;2.408312e-02
2.651444e-02;1.873046e-01;1.640073e-01;2.081927e-02;1.200869e-02;2.155767e-01;2.770158e-02;1.402916e-02;2.462362e-01;4.548846e-02;5.010063e-03;3.530347e-02
1.412926e-02;1.663114e-01;1.891599e-01;1.340136e-02;1.112153e-02;2.641707e-01;3.036932e-02;1.900237e-02;1.749246e-01;5.229831e-02;8.398567e-03;5.671274e-02
1.005743e-02;1.701813e-01;1.542213e-01;9.550447e-03;7.302220e-03;2.861982e-01;2.793562e-02;2.715230e-02;1.412954e-01;7.520563e-02;6.311865e-03;8.458826e-02
1.277529e-02;1.507690e-01;1.525932e-01;1.108056e-02;9.188081e-03;2.553823e-01;3.499392e-02;3.622770e-02;1.056944e-01;1.201396e-01;7.853661e-03;1.033022e-01
2.045324e-02;8.168288e-02;2.633230e-01;8.324604e-03;2.233664e-02;1.221730e-01;1.121210e-01;2.120003e-02;5.403176e-02;2.281839e-01;8.093079e-03;5.807678e-02
3.620989e-02;2.677171e-02;3.394401e-01;2.507439e-02;2.571690e-02;3.755444e-02;1.534059e-01;1.172033e-02;2.605915e-02;2.761506e-01;2.256188e-02;1.933471e-02
5.045848e-02;6.840304e-03;3.459636e-01;7.785742e-02;1.985386e-02;1.393353e-02;1.271566e-01;2.315619e-02;3.030355e-02;2.216594e-01;7.600817e-02;6.808844e-03
4.049186e-02;1.167953e-02;2.442138e-01;1.852139e-01;1.140441e-02;2.515097e-02;4.889414e-02;7.662665e-02;3.194603e-02;9.882337e-02;2.204497e-01;5.105685e-03
1.654636e-02;2.460027e-02;1.012801e-01;2.394615e-01;1.329859e-02;2.923284e-02;1.153344e-02;1.481584e-01;1.767267e-02;2.552644e-02;3.611180e-01;1.157148e-02
8.422839e-03;2.824392e-02;4.467432e-02;1.760467e-01;3.234093e-02;2.475495e-02;1.418368e-02;1.628408e-01;1.932515e-02;7.403214e-02;3.771676e-01;3.796707e-02
2.117196e-02;3.161021e-02;1.059129e-01;7.589804e-02;5.461162e-02;2.428620e-02;2.534272e-02;1.273802e-01;2.979438e-02;1.204349e-01;3.182705e-01;6.528626e-02
3.733336e-02;4.211603e-02;1.451682e-01;9.498334e-02;6.042172e-02;2.986990e-02;4.306455e-02;7.950035e-02;4.258651e-02;1.172308e-01;2.367988e-01;7.092647e-02
6.534884e-02;7.889388e-02;1.612656e-01;6.997346e-02;4.828852e-02;2.672121e-02;3.823991e-02;1.241621e-01;7.526189e-02;7.576470e-02;1.752466e-01;6.083339e-02
7.700241e-02;5.598519e-02;1.510195e-01;1.553741e-01;2.743882e-02;2.741913e-02;5.765615e-02;1.612609e-01;3.643819e-02;9.118729e-02;1.256553e-01;3.356305e-02
3.870969e-02;5.502074e-02;1.756883e-01;1.518657e-01;4.820924e-02;6.521235e-02;7.168747e-02;1.184792e-01;5.361181e-02;9.049974e-02;9.739944e-02;3.361627e-02
3.772688e-02;5.790030e-02;1.280085e-01;1.213258e-01;1.269495e-01;6.185944e-02;5.314615e-02;1.011138e-01;4.120444e-02;9.173412e-02;9.860346e-02;8.042756e-02
2.582987e-02;4.341119e-02;6.774295e-02;1.169592e-01;1.850740e-01;6.144387e-02;4.088774e-02;6.730913e-02;3.683504e-02;1.025754e-01;9.305990e-02;1.588717e-01
1.269477e-02;8.685146e-02;4.080224e-02;1.130918e-01;1.995925e-01;5.147778e-02;2.480792e-02;4.619515e-02;3.043263e-02;1.137571e-01;9.538049e-02;1.849162e-01
5.650096e-03;1.860197e-01;4.750394e-02;1.601081e-01;1.300974e-01;2.802631e-02;8.364300e-03;7.067902e-02;1.397774e-02;1.017560e-01;1.336752e-01;1.141422e-01
7.167319e-03;2.548266e-01;8.565067e-02;1.997546e-01;6.625468e-02;2.312583e-02;7.410363e-03;8.628436e-02;9.951980e-03;5.905126e-02;1.578801e-01;4.264216e-02
7.115737e-03;2.427129e-01;1.505887e-01;2.086202e-01;5.670818e-02;3.204661e-02;2.035510e-02;8.009024e-02;9.557507e-03;3.664690e-02;1.359502e-01;1.960777e-02
8.143680e-03;1.888468e-01;2.225061e-01;1.745407e-01;8.131435e-02;4.115513e-02;4.408257e-02;5.655790e-02;1.760800e-02;4.124177e-02;8.560665e-02;3.839639e-02
1.897389e-02;1.491584e-01;2.805943e-01;1.132160e-01;1.041265e-01;4.651713e-02;7.200465e-02;3.797928e-02;3.240224e-02;4.999848e-02;4.343951e-02;5.158954e-02
4.517144e-02;1.641561e-01;2.674980e-01;9.343774e-02;8.870790e-02;4.346193e-02;6.295881e-02;6.797738e-02;4.618203e-02;3.152848e-02;4.464367e-02;4.427657e-02
6.559142e-02;1.983581e-01;1.965268e-01;1.344258e-01;4.018794e-02;1.335435e-02;6.216599e-02;1.168014e-01;2.559644e-02;3.923591e-02;6.136514e-02;4.639078e-02
4.842401e-02;1.501318e-01;1.647107e-01;1.148337e-01;4.175569e-02;1.449148e-02;1.165273e-01;1.198881e-01;1.830080e-02;3.963926e-02;8.499116e-02;8.630607e-02
5.927812e-02;1.158359e-01;1.202091e-01;5.978069e-02;4.690126e-02;5.323540e-02;1.484261e-01;7.618161e-02;5.855165e-02;7.170032e-02;1.010544e-01;8.884552e-02
6.657673e-02;8.193414e-02;2.183942e-01;4.393708e-02;5.174534e-02;7.482925e-02;1.660961e-01;5.709198e-02;6.863312e-02;9.590369e-02;4.262324e-02;3.223521e-02
3.706565e-02;5.665568e-02;2.809997e-01;5.235703e-02;7.908654e-02;7.823587e-02;1.839528e-01;5.528213e-02;4.116229e-02;8.810943e-02;1.649856e-02;3.059436e-02
1.979099e-02;2.894504e-02;2.279102e-01;6.092573e-02;1.542826e-01;7.831287e-02;2.394592e-01;4.700972e-02;2.052289e-02;6.722415e-02;1.647925e-02;3.913743e-02
2.086518e-02;8.708275e-03;1.238457e-01;3.941327e-02;1.886070e-01;1.223109e-01;3.281575e-01;5.684336e-02;2.031860e-02;4.222970e-02;9.903532e-03;3.879694e-02
3.941563e-02;2.964484e-03;4.514501e-02;1.606297e-02;1.261183e-01;2.152698e-01;3.173648e-01;1.502292e-01;2.263025e-02;4.461897e-02;1.787861e-03;1.839276e-02
5.205461e-02;5.223999e-03;2.726173e-02;1.096964e-02;8.595879e-02;2.625756e-01;2.594940e-01;2.089157e-01;1.596513e-02;6.250736e-02;2.071793e-03;7.001706e-03
5.232669e-02;1.014095e-02;7.842294e-02;2.514227e-02;1.019155e-01;2.262508e-01;2.231821e-01;1.908794e-01;1.536663e-02;5.877383e-02;4.561581e-03;1.303725e-02
5.139837e-02;1.462536e-02;1.638280e-01;6.401037e-02;9.007093e-02;1.560486e-01;2.118912e-01;1.497494e-01;2.044872e-02;4.188546e-02;1.324707e-02;2.279645e-02
3.665177e-02;2.162116e-02;2.702827e-01;1.322278e-01;1.036718e-01;9.869590e-02;1.480532e-01;9.510174e-02;1.872334e-02;2.248379e-02;3.145789e-02;2.102896e-02
2.569171e-02;2.710848e-02;2.698542e-01;1.774490e-01;2.109219e-01;8.959468e-02;2.011292e-02;8.898262e-02;1.158823e-02;1.876712e-02;3.501973e-02;2.490938e-02
1.638704e-02;2.153678e-02;2.424124e-01;1.448339e-01;3.147249e-01;8.503512e-02;4.783982e-02;3.865000e-02;1.408349e-02;1.962074e-02;1.681590e-02;3.805990e-02
1.188039e-02;1.189746e-02;2.141021e-01;1.256917e-01;3.774660e-01;8.765315e-02;5.506727e-02;1.647699e-02;1.223306e-02;1.558721e-02;8.068925e-03;6.387581e-02
5.648566e-02;3.577673e-02;1.962866e-01;1.083588e-01;2.256559e-01;9.419380e-02;6.489666e-02;4.045235e-02;5.540743e-02;3.401943e-02;3.854348e-02;4.992326e-02
8.211578e-02;4.597239e-02;1.021936e-01;7.917619e-02;1.426364e-01;7.511603e-02;8.833066e-02;7.472384e-02;9.727793e-02;4.486686e-02;6.295334e-02;1.046370e-01
6.431768e-02;4.624052e-02;4.689331e-02;1.293945e-01;1.009051e-01;5.476625e-02;6.086763e-02;1.359251e-01;8.139530e-02;4.856063e-02;1.106209e-01;1.201131e-01
3.677859e-02;3.172926e-02;3.576176e-02;2.248592e-01;5.493111e-02;3.719782e-02;2.528553e-02;1.899972e-01;4.281107e-02;3.651122e-02;1.886117e-01;9.552556e-02
1.788687e-02;1.196377e-02;4.285174e-02;3.255043e-01;2.703303e-02;3.207960e-02;1.765449e-02;1.857348e-01;2.079402e-02;2.154712e-02;2.475521e-01;4.939823e-02
1.831585e-02;5.396576e-03;6.022768e-02;3.709072e-01;2.002293e-02;3.100453e-02;3.522403e-02;1.342893e-01;3.171851e-02;2.139794e-02;2.548985e-01;1.659689e-02
2.504300e-02;1.085277e-02;7.681932e-02;3.357837e-01;1.985990e-02;3.320516e-02;5.282375e-02;1.257704e-01;4.098976e-02;2.139493e-02;2.485972e-01;8.860012e-03
1.438416e-02;2.203741e-02;3.753320e-02;3.121359e-01;1.596098e-02;4.194444e-02;2.505402e-02;2.155209e-01;1.902337e-02;1.062240e-02;2.784904e-01;7.292714e-03
8.052477e-03;3.970606e-02;1.882458e-02;2.910328e-01;2.419006e-02;3.415972e-02;1.291296e-02;2.670681e-01;1.226913e-02;1.261792e-02;2.588900e-01;2.027614e-02
6.085168e-03;4.715396e-02;1.372901e-02;2.266377e-01;1.001724e-01;2.393961e-02;1.280821e-02;2.210712e-01;3.845026e-02;2.334313e-02;1.863567e-01;1.002527e-01
7.836311e-03;2.880222e-02;1.665364e-02;1.147202e-01;2.591461e-01;2.205353e-02;2.182705e-02;9.296096e-02;1.052673e-01;2.119123e-02;9.095006e-02;2.185915e-01
2.934819e-02;1.329628e-02;2.513424e-02;3.584891e-02;3.378213e-01;5.296373e-02;3.418260e-02;2.053393e-02;1.454698e-01;1.750912e-02;3.809880e-02;2.497931e-01
5.979897e-02;1.215289e-02;4.507879e-02;2.724369e-02;2.715282e-01;1.081948e-01;4.270562e-02;3.536095e-02;1.324902e-01;2.665362e-02;2.796100e-02;2.108312e-01
6.728459e-02;1.305771e-02;7.452775e-02;5.694116e-02;1.529875e-01;1.101113e-01;5.894008e-02;3.723099e-02;1.174662e-01;2.882612e-02;4.172761e-02;2.408990e-01
6.574803e-02;1.654892e-02;9.252068e-02;6.989209e-02;1.614322e-01;5.939237e-02;5.496718e-02;4.173328e-02;9.115951e-02;2.582958e-02;7.651855e-02;2.442576e-01
6.032285e-02;1.616500e-02;1.184287e-01;7.545868e-02;1.618956e-01;5.060432e-02;4.199747e-02;5.945785e-02;7.795642e-02;2.973226e-02;9.085842e-02;2.171225e-01
6.874616e-02;2.496557e-02;1.290579e-01;5.830230e-02;1.746657e-01;5.378594e-02;3.804562e-02;8.123749e-02;8.607460e-02;3.639797e-02;9.073409e-02;1.579867e-01
7.829636e-02;3.377812e-02;1.140900e-01;5.657539e-02;1.340258e-01;5.975010e-02;9.776191e-02;8.458269e-02;1.024681e-01;4.048134e-02;7.774725e-02;1.204429e-01
6.182528e-02;3.762301e-02;1.098789e-01;7.242478e-02;1.681064e-01;3.799840e-02;1.037590e-01;4.091158e-02;8.752429e-02;6.009319e-02;8.346758e-02;1.363876e-01
5.211205e-02;5.939470e-02;7.184348e-02;7.628988e-02;1.730009e-01;4.734609e-02;9.513477e-02;6.274083e-02;9.679043e-02;7.296240e-02;6.643678e-02;1.259476e-01
7.556233e-02;6.237720e-02;6.439535e-02;2.872186e-02;5.527677e-02;2.680905e-02;1.447665e-01;1.367420e-01;2.117668e-01;1.064359e-01;4.781644e-02;3.932981e-02
4.132485e-02;2.809994e-02;9.826563e-02;2.422025e-02;1.833646e-02;1.382898e-02;1.410457e-01;2.337316e-01;2.181880e-01;7.130347e-02;3.504857e-02;7.660653e-02
2.191103e-02;3.692511e-02;1.317894e-01;2.436099e-02;8.919016e-03;1.157975e-02;1.475731e-01;3.059120e-01;1.759399e-01;3.125010e-02;2.771692e-02;7.612265e-02
1.041853e-02;1.085906e-01;1.255470e-01;1.547832e-02;9.996477e-03;9.874256e-03;2.145731e-01;2.782240e-01;9.830368e-02;1.036999e-02;6.467444e-02;5.394963e-02
4.321616e-03;1.981514e-01;6.836398e-02;7.853749e-03;1.375529e-02;1.509811e-02;3.388616e-01;1.508944e-01;4.850463e-02;6.648132e-03;1.211855e-01;2.636150e-02
1.543884e-02;2.366383e-01;2.179034e-02;6.888108e-03;1.639694e-02;3.776757e-02;4.166919e-01;4.891555e-02;4.014250e-02;1.007512e-02;1.400905e-01;9.164401e-03
3.551422e-02;1.950496e-01;4.403528e-02;1.445256e-02;2.483812e-02;6.710656e-02;3.784837e-01;5.833116e-02;4.191484e-02;2.413501e-02;1.099664e-01;6.172565e-03
4.371495e-02;1.417238e-01;8.878967e-02;2.815484e-02;3.672015e-02;8.590410e-02;3.142221e-01;7.858227e-02;5.274293e-02;3.664087e-02;8.081593e-02;1.198839e-02
5.948458e-02;8.575623e-02;1.838236e-01;4.318922e-02;4.783124e-02;9.738623e-02;2.361942e-01;7.967458e-02;4.329764e-02;4.349510e-02;5.980718e-02;2.006026e-02
2.950691e-02;1.355352e-01;1.685886e-01;2.630063e-02;3.583144e-02;5.499637e-02;2.715641e-01;1.149683e-01;3.432134e-02;2.057666e-02;7.884337e-02;2.896713e-02
2.069675e-02;1.684936e-01;8.799064e-02;1.985548e-02;2.354791e-02;4.842011e-02;3.582288e-01;1.313995e-01;2.918712e-02;1.459438e-02;7.321832e-02;2.436742e-02
1.214158e-02;1.812646e-01;5.532893e-02;2.242084e-02;2.265328e-02;4.891965e-02;3.578721e-01;1.183570e-01;2.308957e-02;1.334974e-02;1.174407e-01;2.716204e-02
2.052753e-02;1.808402e-01;3.780236e-02;2.664656e-02;2.699388e-02;4.817898e-02;3.103253e-01;7.995328e-02;3.659364e-02;2.021946e-02;1.757796e-01;3.613925e-02
2.265295e-02;1.545644e-01;4.530358e-02;4.382875e-02;3.098802e-02;4.989505e-02;2.944978e-01;9.634653e-02;6.425269e-02;3.382518e-02;1.284144e-01;3.543063e-02
7.367350e-02;7.789494e-02;9.813926e-02;4.529250e-02;4.507636e-02;4.965433e-02;1.663823e-01;1.139929e-01;1.317142e-01;8.853395e-02;4.886275e-02;6.078301e-02
8.510154e-02;1.443030e-01;6.909265e-02;2.966867e-02;2.038732e-02;5.798182e-02;1.903538e-01;1.440861e-01;1.353164e-01;7.663609e-02;3.492157e-02;1.215113e-02
1.061110e-01;1.928196e-01;5.139861e-02;1.603271e-02;1.585800e-02;8.944311e-02;2.007790e-01;1.051972e-01;1.039805e-01;6.391023e-02;3.359224e-02;2.087796e-02
1.767227e-01;2.001980e-01;4.252874e-02;1.312929e-02;1.519152e-02;1.590265e-01;1.651692e-01;5.929218e-02;5.747449e-02;7.057375e-02;2.404162e-02;1.665188e-02
2.724138e-01;1.443125e-01;2.080760e-02;1.292193e-02;1.576905e-02;2.588469e-01;1.019528e-01;2.722757e-02;2.295429e-02;9.788616e-02;1.293159e-02;1.197579e-02
3.257156e-01;5.615816e-02;5.236316e-03;1.238788e-02;1.703373e-02;3.503985e-01;4.648092e-02;2.044506e-02;8.905449e-03;1.460293e-01;6.427995e-03;4.781088e-03
3.166769e-01;1.873138e-02;8.591248e-03;1.750794e-02;1.445411e-02;3.613993e-01;4.409052e-02;2.286402e-02;6.638045e-03;1.809800e-01;5.094576e-03;2.972045e-03
2.914252e-01;2.826113e-02;1.042308e-02;2.901445e-02;1.785144e-02;3.246268e-01;7.922997e-02;1.734195e-02;1.091332e-02;1.765220e-01;7.408638e-03;6.981958e-03
2.663192e-01;7.657914e-02;8.541294e-03;4.106782e-02;2.403998e-02;2.695816e-01;1.408760e-01;1.187870e-02;1.474333e-02;1.304239e-01;7.091868e-03;8.857358e-03
2.831522e-01;1.196865e-01;6.461658e-03;3.100218e-02;2.058792e-02;1.911934e-01;2.260449e-01;1.369650e-02;1.145071e-02;7.858571e-02;6.000346e-03;1.213786e-02
3.041554e-01;1.132144e-01;1.629815e-02;2.182859e-02;3.141548e-02;1.439866e-01;2.536604e-01;9.758771e-03;1.752616e-02;5.910790e-02;6.183249e-03;2.286489e-02
2.561591e-01;8.630841e-02;4.859947e-02;2.162120e-02;4.832164e-02;1.312109e-01;2.410527e-01;3.606700e-02;2.829231e-02;3.679902e-02;1.254607e-02;5.302208e-02
1.505451e-01;7.893690e-02;9.109606e-02;3.952597e-02;6.077340e-02;1.513898e-01;2.022767e-01;5.050404e-02;4.200366e-02;4.322343e-02;2.519530e-02;6.452965e-02
9.284270e-02;4.801345e-02;1.221946e-01;5.091109e-02;7.348581e-02;1.533056e-01;1.371549e-01;5.920949e-02;6.550908e-02;8.243074e-02;5.248732e-02;6.245527e-02
1.303809e-01;6.323742e-02;7.991090e-02;4.924250e-02;5.753587e-02;9.726587e-02;1.698072e-01;6.646728e-02;7.349668e-02;8.992746e-02;6.081341e-02;6.191450e-02
8.214337e-02;6.027095e-02;1.279227e-01;5.192385e-02;7.242229e-02;5.394344e-02;8.609217e-02;6.075132e-02;1.333672e-01;1.264851e-01;8.741730e-02;5.726030e-02
5.997039e-02;5.746033e-02;5.373440e-02;4.211690e-02;6.772726e-02;3.220567e-02;6.704259e-02;5.758606e-02;1.769612e-01;1.740459e-01;1.216491e-01;8.950032e-02
1.058530e-01;6.932827e-02;3.792277e-02;3.145601e-02;5.566773e-02;2.237352e-02;5.456557e-02;3.891045e-02;1.326440e-01;1.644289e-01;1.495749e-01;1.372750e-01
1.285851e-01;8.255260e-02;4.822496e-02;3.001528e-02;4.169665e-02;1.587833e-02;4.061804e-02;3.128903e-02;7.442269e-02;1.704304e-01;1.615099e-01;1.747769e-01
1.448041e-01;9.317391e-02;8.103509e-02;3.098096e-02;4.697841e-02;3.294489e-02;3.784592e-02;4.736083e-02;2.735983e-02;1.767148e-01;1.111839e-01;1.696174e-01
1.070956e-01;7.815111e-02;9.409944e-02;3.295086e-02;4.460056e-02;3.090513e-02;7.667153e-02;8.517442e-02;1.098221e-01;1.555949e-01;5.030484e-02;1.346295e-01
4.251141e-02;4.408242e-02;9.757857e-02;3.542597e-02;3.274462e-02;3.364078e-02;1.729876e-01;1.276891e-01;1.760312e-01;9.419283e-02;5.692603e-02;8.618943e-02
5.591898e-02;4.468276e-02;1.247996e-01;3.512117e-02;4.882084e-02;4.867456e-02;2.200339e-01;1.248638e-01;1.402530e-01;5.558537e-02;4.090834e-02;6.033750e-02
7.368560e-02;5.414898e-02;2.367856e-01;7.154781e-02;8.901326e-02;5.921805e-02;1.322685e-01;6.764527e-02;5.685799e-02;6.745211e-02;3.773918e-02;5.363761e-02
4.852930e-02;3.132480e-02;3.700785e-01;1.361544e-01;9.848031e-02;4.595430e-02;5.415002e-02;3.496872e-02;2.749835e-02;4.575947e-02;6.269447e-02;4.440739e-02
3.629899e-02;4.011356e-02;2.649689e-01;1.215352e-01;1.102991e-01;5.004862e-02;1.037778e-01;3.534477e-02;4.962679e-02;6.314383e-02;7.227787e-02;5.256448e-02
4.816396e-02;3.781487e-02;1.139693e-01;9.494200e-02;1.451685e-01;6.494848e-02;2.432120e-01;3.141562e-02;5.177581e-02;7.218841e-02;4.399588e-02;5.240512e-02
3.521014e-02;3.296729e-02;6.004753e-02;6.649520e-02;1.545548e-01;1.091166e-01;3.424498e-01;5.268654e-02;4.197249e-02;5.220147e-02;2.047778e-02;3.182037e-02
1.358038e-02;1.721300e-02;6.454945e-02;3.287060e-02;1.092368e-01;1.721546e-01;3.440702e-01;1.044469e-01;4.569420e-02;6.028756e-02;1.286129e-02;2.303502e-02
5.705770e-03;1.082230e-02;6.613834e-02;1.635819e-02;5.841465e-02;1.903083e-01;3.583833e-01;1.487184e-01;5.030329e-02;6.690999e-02;6.871419e-03;2.106598e-02
1.565331e-02;1.966457e-02;7.141591e-02;2.175611e-02;5.047822e-02;1.390253e-01;3.688011e-01;1.456371e-01;5.461894e-02;8.253897e-02;1.139821e-02;1.901226e-02
3.622792e-02;3.780035e-02;9.642242e-02;4.705501e-02;6.403194e-02;8.213917e-02;3.104725e-01;1.266713e-01;6.071676e-02;9.893904e-02;2.375185e-02;1.577179e-02
4.502607e-02;5.559100e-02;1.470023e-01;8.898536e-02;7.446904e-02;5.965256e-02;1.794988e-01;1.072338e-01;6.541513e-02;1.062685e-01;5.064365e-02;2.021376e-02
4.756339e-02;5.650141e-02;1.112779e-01;8.020093e-02;5.796308e-02;8.073040e-02;1.623699e-01;1.069228e-01;9.739088e-02;1.061316e-01;6.134233e-02;3.160536e-02
3.926585e-02;3.031533e-02;7.018543e-02;6.012578e-02;1.002251e-01;1.472458e-01;2.016127e-01;1.312360e-01;8.379631e-02;7.205157e-02;3.513077e-02;2.880934e-02
5.162223e-02;8.641285e-02;1.093310e-01;7.297312e-02;9.156032e-02;1.348216e-01;1.823919e-01;9.492594e-02;7.198448e-02;5.703425e-02;2.446323e-02;2.247899e-02
7.035930e-02;1.453509e-01;1.405307e-01;6.752864e-02;5.442313e-02;1.119104e-01;1.507418e-01;6.937727e-02;4.761280e-02;6.741682e-02;2.427140e-02;5.047685e-02
8.435570e-02;1.367298e-01;1.245892e-01;7.786876e-02;5.150241e-02;8.980276e-02;1.235211e-01;7.583913e-02;3.924694e-02;8.475479e-02;3.582011e-02;7.596929e-02
8.630945e-02;8.577903e-02;7.640565e-02;6.736348e-02;4.763389e-02;4.226867e-02;9.228710e-02;5.613877e-02;1.393554e-01;1.532645e-01;6.932727e-02;8.386679e-02
9.899198e-02;2.707160e-02;5.571802e-02;8.828484e-02;4.577668e-02;2.103184e-02;4.437036e-02;5.370414e-02;2.944474e-01;1.590721e-01;6.867493e-02;4.285607e-02
6.822338e-02;2.430315e-02;1.224308e-01;1.179748e-01;2.979521e-02;2.191655e-02;5.067085e-02;1.035582e-01;2.923442e-01;9.092671e-02;3.277764e-02;4.507842e-02
3.848627e-02;6.456330e-02;2.135945e-01;8.909197e-02;1.595621e-02;2.045679e-02;9.077280e-02;1.676920e-01;1.805546e-01;3.874050e-02;1.964468e-02;6.044636e-02
1.759498e-02;1.787675e-01;2.142275e-01;3.612755e-02;2.460306e-02;1.660985e-02;1.738180e-01;1.693680e-01;6.410111e-02;1.525543e-02;4.260234e-02;4.692478e-02
1.901140e-02;3.437074e-01;1.047587e-01;1.265603e-02;3.006920e-02;1.380565e-02;2.681375e-01;9.246530e-02;2.158804e-02;5.719813e-03;6.972916e-02;1.835180e-02
6.202446e-02;4.106569e-01;2.238548e-02;2.022941e-02;1.959136e-02;3.014695e-02;2.892351e-01;3.930103e-02;2.797044e-02;7.483189e-03;6.322068e-02;7.754940e-03
1.903681e-01;3.257297e-01;1.047282e-02;4.865170e-02;1.153975e-02;7.385115e-02;2.316932e-01;2.008050e-02;2.337972e-02;2.156240e-02;3.632988e-02;6.341059e-03
3.447903e-01;1.415368e-01;1.443210e-02;9.674191e-02;1.539836e-02;1.511203e-01;1.391493e-01;2.548994e-02;1.012596e-02;4.609810e-02;9.933502e-03;5.183424e-03
4.012348e-01;3.175488e-02;1.079485e-02;1.071873e-01;1.830678e-02;2.202699e-01;7.503287e-02;4.213334e-02;5.887433e-03;7.357764e-02;6.488967e-03;7.331216e-03
3.460390e-01;1.242519e-02;1.241530e-02;1.152256e-01;3.409965e-02;2.543390e-01;7.409367e-02;4.439153e-02;8.909570e-03;8.495270e-02;6.759031e-03;6.349744e-03
2.170695e-01;2.635721e-02;3.982643e-02;1.409406e-01;5.863406e-02;2.188212e-01;1.171103e-01;5.985238e-02;1.984532e-02;7.317093e-02;1.185610e-02;1.651592e-02
1.159607e-01;3.708183e-02;8.459032e-02;1.219606e-01;7.282303e-02;1.507059e-01;2.050507e-01;8.511104e-02;3.667622e-02;4.874255e-02;1.737788e-02;2.391931e-02
8.017294e-02;2.942934e-02;1.287656e-01;7.571325e-02;8.501948e-02;9.321844e-02;2.614773e-01;1.044054e-01;5.147576e-02;3.171903e-02;2.487538e-02;3.372800e-02
8.694898e-02;4.351323e-02;1.322323e-01;1.052454e-01;9.760533e-02;4.374833e-02;2.464834e-01;6.847822e-02;5.930544e-02;4.113675e-02;4.737130e-02;2.793130e-02
2.455895e-02;7.178110e-02;1.168416e-01;7.452298e-02;6.248118e-02;5.468038e-02;2.906187e-01;1.154967e-01;5.789187e-02;5.074086e-02;4.652651e-02;3.385911e-02
1.524552e-02;5.659587e-02;1.437805e-01;4.670897e-02;3.563351e-02;4.469112e-02;3.203419e-01;1.439016e-01;7.204716e-02;4.948756e-02;2.766417e-02;4.390219e-02
1.744269e-02;4.564847e-02;1.883124e-01;3.203155e-02;4.692706e-02;4.840124e-02;3.021017e-01;1.362404e-01;7.572392e-02;4.616934e-02;1.928020e-02;4.172100e-02
3.402672e-02;5.582091e-02;2.089417e-01;3.219970e-02;9.903381e-02;6.779759e-02;2.185835e-01;9.064248e-02;6.290382e-02;3.868035e-02;3.142463e-02;5.994478e-02
6.393665e-02;6.113149e-02;1.433375e-01;4.197715e-02;1.510455e-01;9.717669e-02;2.594754e-01;3.277348e-02;3.341036e-02;2.394994e-02;2.874789e-02;6.303801e-02
6.485863e-02;1.336942e-01;4.737170e-02;1.800067e-02;7.971487e-02;1.040869e-01;3.941356e-01;4.695157e-02;3.796078e-02;2.275203e-02;2.596896e-02;2.450404e-02
4.118707e-02;1.854810e-01;3.505732e-02;1.201254e-02;4.286668e-02;5.878529e-02;4.528675e-01;7.328709e-02;3.193831e-02;1.903047e-02;3.813075e-02;9.355977e-03
1.388410e-02;1.229356e-01;1.519731e-01;8.103294e-03;2.888821e-02;2.712507e-02;4.225629e-01;1.362723e-01;1.652903e-02;3.112059e-02;2.978508e-02;1.082069e-02
4.626286e-03;3.623020e-02;2.591945e-01;1.492025e-02;1.531743e-02;2.340319e-02;3.006747e-01;2.126859e-01;1.302797e-02;9.649599e-02;1.182541e-02;1.159810e-02
2.866894e-03;1.155434e-02;2.178865e-01;1.206019e-02;7.252955e-03;6.473788e-02;1.975794e-01;2.605060e-01;1.774331e-02;1.914317e-01;3.337873e-03;1.304296e-02
1.934563e-03;4.828142e-03;1.391886e-01;4.704886e-03;7.370613e-03;1.234908e-01;1.447629e-01;2.855031e-01;1.349612e-02;2.579720e-01;1.856849e-03;1.489138e-02
1.742486e-03;1.835126e-03;1.017078e-01;2.498443e-03;7.123942e-03;1.198685e-01;1.279135e-01;3.287023e-01;1.227739e-02;2.810736e-01;1.928940e-03;1.332784e-02
2.530482e-03;3.962253e-03;9.343936e-02;2.477238e-03;8.419188e-03;5.412104e-02;1.599899e-01;3.982202e-01;1.871044e-02;2.441326e-01;2.816555e-03;1.118087e-02
5.157451e-03;7.067493e-03;8.582923e-02;3.525128e-03;1.316772e-02;1.204177e-02;2.309537e-01;4.699578e-01;1.978269e-02;1.407640e-01;3.667677e-03;8.085362e-03
6.969836e-03;7.642767e-03;8.993230e-02;5.629409e-03;1.446765e-02;1.321842e-02;2.647798e-01;5.086902e-01;1.743964e-02;6.049487e-02;4.310069e-03;6.425014e-03
4.560160e-03;6.367950e-03;1.050159e-01;7.464320e-03;3.397973e-02;1.228468e-02;2.358661e-01;5.040175e-01;2.601135e-02;5.095328e-02;4.988535e-03;8.490557e-03
3.219838e-03;1.372184e-02;1.018941e-01;5.000144e-03;6.249541e-02;8.370262e-03;2.438570e-01;4.704261e-01;3.196264e-02;4.364644e-02;6.187295e-03;9.218973e-03
4.914557e-03;1.940988e-02;9.333989e-02;3.690108e-03;5.780836e-02;9.822916e-03;3.057245e-01;4.535962e-01;1.332017e-02;2.314893e-02;9.528322e-03;5.696213e-03
3.688189e-03;1.432949e-02;1.045938e-01;4.716222e-03;2.779412e-02;6.876108e-03;3.373441e-01;4.453812e-01;9.930030e-03;2.449932e-02;1.089993e-02;9.947436e-03
7.028327e-03;1.573661e-02;1.076458e-01;1.142506e-02;1.143062e-02;1.489915e-02;3.172698e-01;3.793614e-01;3.782530e-02;4.643674e-02;1.951155e-02;3.142969e-02
1.772680e-02;2.082796e-02;8.779597e-02;2.206286e-02;2.027423e-02;2.501849e-02;2.594967e-01;2.793253e-01;9.700029e-02;8.265636e-02;3.092463e-02;5.689048e-02
2.883327e-02;6.498934e-02;5.124886e-02;1.909113e-02;2.687059e-02;3.092929e-02;2.524450e-01;2.118368e-01;1.016029e-01;8.274023e-02;7.663356e-02;5.277910e-02
1.544104e-02;1.315975e-01;1.912616e-02;6.968798e-03;2.936687e-02;4.369388e-02;3.631376e-01;1.555263e-01;5.021749e-02;2.978599e-02;1.395650e-01;1.557337e-02
1.157651e-02;1.597496e-01;1.403967e-02;4.356424e-03;2.700187e-02;4.531110e-02;4.236409e-01;1.119719e-01;2.768559e-02;2.018511e-02;1.474508e-01;7.030536e-03
3.675023e-02;1.850501e-01;1.218217e-02;7.483738e-03;1.800340e-02;6.678294e-02;4.569179e-01;5.701593e-02;1.960563e-02;2.472073e-02;1.113802e-01;4.107105e-03
1.063338e-01;1.945493e-01;8.402489e-03;2.023150e-02;1.079855e-02;1.203373e-01;4.120342e-01;1.131252e-02;1.480316e-02;5.588102e-02;4.079569e-02;4.520546e-03
1.645664e-01;1.554677e-01;4.875055e-03;3.761665e-02;1.115696e-02;1.700657e-01;2.855648e-01;1.043841e-02;1.338975e-02;1.276534e-01;1.348541e-02;5.719580e-03
1.574455e-01;1.197155e-01;5.213297e-03;3.782158e-02;1.415889e-02;1.911980e-01;2.343884e-01;1.342777e-02;7.184780e-03;2.028182e-01;1.184666e-02;4.781376e-03
1.057839e-01;9.093691e-02;6.597941e-03;2.531214e-02;2.377491e-02;1.997112e-01;2.933685e-01;1.585032e-02;8.612120e-03;2.122497e-01;1.198213e-02;5.820191e-03
7.071750e-02;7.718503e-02;6.485395e-03;1.513370e-02;3.563663e-02;2.002282e-01;3.516366e-01;2.477742e-02;1.321095e-02;1.727638e-01;2.645238e-02;5.772374e-03
4.707795e-02;6.724557e-02;2.377832e-02;1.917801e-02;5.077943e-02;1.828739e-01;4.007076e-01;2.969472e-02;1.679358e-02;1.196943e-01;3.242757e-02;9.749007e-03
4.482035e-02;5.928146e-02;4.821739e-02;3.009948e-02;5.916087e-02;1.510731e-01;4.086130e-01;3.969534e-02;3.100071e-02;7.047273e-02;4.673241e-02;1.083309e-02
2.890293e-02;1.122248e-01;2.894459e-02;1.824477e-02;2.412187e-02;1.012002e-01;5.223802e-01;2.869765e-02;2.356417e-02;2.240650e-02;8.007433e-02;9.237998e-03
1.212350e-02;1.396200e-01;2.068476e-02;6.155846e-03;2.174369e-02;4.242625e-02;5.344606e-01;5.613067e-02;1.811767e-02;1.319888e-02;1.110945e-01;2.424359e-02
1.693483e-02;1.452006e-01;2.666230e-02;2.744668e-03;4.644043e-02;2.479326e-02;4.813702e-01;8.517439e-02;2.184823e-02;1.253040e-02;1.006779e-01;3.562289e-02
1.190759e-02;1.693502e-01;3.575704e-02;2.673049e-03;7.198546e-02;1.762904e-02;4.593141e-01;9.336483e-02;1.277522e-02;8.959522e-03;9.136248e-02;2.492148e-02
4.463808e-03;2.125101e-01;3.129970e-02;3.214509e-03;1.000885e-01;1.344555e-02;4.458283e-01;7.284740e-02;1.806745e-02;5.672058e-03;8.526925e-02;7.293393e-03
3.711230e-03;2.477920e-01;2.418996e-02;4.964105e-03;1.202637e-01;1.304011e-02;4.241024e-01;5.869302e-02;1.495840e-02;6.832909e-03;7.685575e-02;4.596491e-03
5.895425e-03;3.168245e-01;2.320617e-02;4.520458e-03;1.015945e-01;1.020790e-02;3.833305e-01;5.662566e-02;1.210257e-02;6.363042e-03;7.554438e-02;3.784874e-03
5.556026e-03;3.800126e-01;2.281531e-02;4.724964e-03;6.410132e-02;9.156989e-03;3.504964e-01;5.275934e-02;9.540951e-03;6.543954e-03;8.993417e-02;4.357954e-03
6.389501e-03;3.543519e-01;2.068705e-02;4.077845e-03;3.719249e-02;1.665282e-02;3.687028e-01;4.671936e-02;1.076766e-02;1.275789e-02;1.143437e-01;7.356938e-03
2.082961e-02;2.640169e-01;1.598445e-02;3.957585e-03;2.617812e-02;4.079801e-02;4.049284e-01;3.721014e-02;2.054641e-02;3.877004e-02;1.168335e-01;9.946890e-03
4.465343e-02;1.675247e-01;2.260121e-02;9.310266e-03;3.610997e-02;8.267842e-02;3.742060e-01;5.009395e-02;2.907732e-02;8.479146e-02;8.585887e-02;1.309438e-02
5.544166e-02;1.074326e-01;3.775814e-02;1.781909e-02;8.401037e-02;1.354058e-01;2.790729e-01;6.515063e-02;4.114567e-02;1.117590e-01;4.864003e-02;1.636408e-02
3.099354e-02;4.354476e-02;4.366280e-02;1.869596e-02;1.804221e-01;1.693779e-01;3.443453e-01;4.036107e-02;2.421375e-02;6.686804e-02;2.464302e-02;1.287178e-02
1.097373e-02;3.961897e-02;8.289046e-02;2.224362e-02;2.641250e-01;1.793251e-01;3.171614e-01;1.467178e-02;2.674091e-02;2.010735e-02;1.328372e-02;8.858005e-03
1.301977e-02;4.121223e-02;1.591610e-01;3.478990e-02;2.589913e-01;1.495943e-01;2.489901e-01;1.590933e-02;2.769687e-02;1.756881e-02;1.597250e-02;1.709391e-02
1.135337e-02;3.388597e-02;2.963091e-01;6.197646e-02;2.128473e-01;1.025910e-01;1.771125e-01;1.943517e-02;2.343111e-02;1.535027e-02;2.244142e-02;2.326628e-02
4.288618e-02;3.780687e-02;2.926753e-01;8.032986e-02;1.303797e-01;7.167873e-02;1.672396e-01;5.436501e-02;3.310933e-02;5.161250e-02;2.107965e-02;1.683730e-02
3.964921e-02;5.678814e-02;1.029819e-01;5.071914e-02;9.817014e-02;1.378423e-01;3.330232e-01;7.206848e-02;2.811365e-02;4.085616e-02;2.019892e-02;1.958875e-02
3.394923e-02;8.042711e-02;4.116326e-02;2.906624e-02;6.415465e-02;1.415627e-01;4.601448e-01;7.184317e-02;2.185033e-02;2.581253e-02;1.472279e-02;1.530311e-02
2.562024e-02;1.164692e-01;2.002835e-02;1.243320e-02;2.624117e-02;1.051402e-01;5.798844e-01;6.125035e-02;2.083535e-02;1.124105e-02;1.293957e-02;7.916839e-03
3.960507e-02;1.404409e-01;2.002644e-02;5.174402e-03;2.745364e-02;9.137370e-02;6.045131e-01;3.107943e-02;1.722275e-02;8.699783e-03;1.169838e-02;2.712386e-03
9.796287e-02;1.336159e-01;2.271846e-02;7.642719e-03;3.910229e-02;1.135811e-01;5.415186e-01;1.176224e-02;1.008842e-02;1.131859e-02;7.470937e-03;3.217923e-03
2.057135e-01;8.189479e-02;1.240782e-02;9.636813e-03;4.694304e-02;1.609643e-01;4.309158e-01;7.680187e-03;4.437134e-03;2.940011e-02;3.113246e-03;6.893251e-03
2.731832e-01;2.975703e-02;9.700701e-03;1.036192e-02;5.961237e-02;2.060839e-01;3.317403e-01;7.641441e-03;3.696028e-03;6.205753e-02;2.101165e-03;4.064473e-03
2.386351e-01;5.697570e-02;1.917995e-02;1.213915e-02;6.287231e-02;2.267572e-01;2.786438e-01;1.464009e-02;8.401004e-03;7.052741e-02;3.489117e-03;7.739118e-03
1.937874e-01;4.441920e-02;2.646056e-02;1.351541e-02;7.133587e-02;2.691313e-01;2.564328e-01;2.939846e-02;1.080922e-02;6.762590e-02;7.274732e-03;9.809147e-03
1.512788e-01;1.983705e-02;1.268140e-02;1.191256e-02;7.008628e-02;3.027563e-01;2.563831e-01;5.983709e-02;1.256741e-02;8.134064e-02;1.495911e-02;6.360209e-03
1.348099e-01;1.432525e-02;1.074513e-02;1.662817e-02;6.589891e-02;3.000880e-01;2.281393e-01;8.414808e-02;1.270897e-02;1.037734e-01;2.355554e-02;5.179430e-03
1.373213e-01;1.861344e-02;1.082442e-02;3.982452e-02;8.330870e-02;2.983120e-01;1.790938e-01;1.101655e-01;1.024677e-02;8.780397e-02;1.839927e-02;6.086358e-03
1.111444e-01;1.454357e-02;2.142603e-02;4.500214e-02;1.141463e-01;3.111313e-01;1.639717e-01;1.472022e-01;1.058801e-02;4.638001e-02;6.932757e-03;7.531568e-03
6.618303e-02;7.232468e-03;3.851458e-02;2.769220e-02;1.603015e-01;2.964425e-01;1.624971e-01;1.701550e-01;2.527265e-02;2.957071e-02;1.644467e-03;1.449388e-02
3.683795e-02;6.003597e-03;6.327388e-02;2.007183e-02;2.151786e-01;2.309571e-01;1.719684e-01;1.257439e-01;8.018078e-02;2.472061e-02;2.208576e-03;2.285483e-02
2.297618e-02;4.513978e-03;7.504048e-02;2.046293e-02;2.192649e-01;1.500940e-01;1.389934e-01;3.748304e-02;2.745802e-01;2.156832e-02;2.365873e-03;3.265670e-02
8.351909e-03;2.151236e-03;6.814126e-02;1.925301e-02;1.797414e-01;7.766148e-02;1.150304e-01;1.045288e-02;4.651142e-01;1.525082e-02;2.174795e-03;3.667649e-02
4.350993e-03;1.732787e-03;6.565077e-02;2.471760e-02;1.583095e-01;4.607008e-02;1.175092e-01;4.551184e-03;5.237497e-01;1.295087e-02;1.771896e-03;3.863531e-02
2.235446e-03;2.199583e-03;8.864915e-02;4.152734e-02;1.651107e-01;3.695115e-02;1.155537e-01;4.658324e-03;4.449218e-01;4.526792e-02;8.292166e-03;4.463269e-02
3.710848e-03;5.247341e-03;1.434630e-01;7.339511e-02;1.742221e-01;4.166656e-02;7.482313e-02;1.901422e-02;2.307512e-01;1.694188e-01;1.523260e-02;4.905517e-02
2.125895e-03;1.243426e-02;2.025617e-01;1.029120e-01;1.431619e-01;3.613586e-02;2.837028e-02;6.770144e-02;6.635532e-02;2.755647e-01;2.986795e-02;3.280871e-02
4.515983e-03;1.810220e-02;2.537849e-01;1.210300e-01;1.023784e-01;3.677904e-02;1.617870e-02;1.502636e-01;3.015244e-02;2.046991e-01;4.354571e-02;1.856994e-02
2.234297e-03;1.438293e-02;3.213884e-01;1.469292e-01;8.461883e-02;5.352615e-02;1.078061e-02;2.051993e-01;1.509287e-02;7.780167e-02;5.744055e-02;1.060517e-02
2.325777e-03;9.978876e-03;3.889898e-01;1.623035e-01;7.833906e-02;7.129413e-02;1.409695e-02;1.681077e-01;1.529749e-02;2.021579e-02;6.174529e-02;7.305718e-03
3.582857e-03;6.281001e-03;4.774052e-01;1.623687e-01;7.670856e-02;6.872654e-02;1.589509e-02;9.243504e-02;1.724096e-02;1.795863e-02;5.844347e-02;2.953989e-03
3.559304e-03;8.003562e-03;5.622478e-01;1.445968e-01;6.815483e-02;4.589713e-02;1.339654e-02;3.856940e-02;5.111866e-02;2.545145e-02;3.588543e-02;3.119106e-03
6.827592e-03;7.422342e-03;6.077774e-01;1.126555e-01;6.088341e-02;2.651046e-02;2.033789e-02;1.391524e-02;8.932751e-02;3.198179e-02;1.906998e-02;3.290861e-03
8.985903e-03;1.231592e-02;6.372119e-01;8.365797e-02;5.308269e-02;1.439350e-02;2.591460e-02;1.058320e-02;8.533526e-02;3.988984e-02;2.633686e-02;2.292335e-03
1.166268e-02;1.604305e-02;6.855507e-01;6.367596e-02;4.824105e-02;1.066945e-02;2.547805e-02;8.123345e-03;5.024684e-02;5.208194e-02;2.557926e-02;2.647616e-03
1.614112e-02;2.947851e-02;7.111342e-01;5.339978e-02;4.670028e-02;1.446605e-02;2.282484e-02;5.827929e-03;2.405071e-02;5.591361e-02;1.740745e-02;2.655547e-03
3.050866e-02;4.977067e-02;6.888363e-01;4.924085e-02;3.487629e-02;1.862657e-02;2.755074e-02;1.156805e-02;2.806622e-02;4.378380e-02;1.172444e-02;5.447415e-03
4.888846e-02;6.615914e-02;6.633774e-01;4.003365e-02;2.409669e-02;1.975947e-02;2.191387e-02;2.261833e-02;3.619774e-02;2.819407e-02;1.474512e-02;1.401604e-02
6.150531e-02;6.928877e-02;5.314330e-01;5.312566e-02;2.766570e-02;2.941310e-02;5.630736e-02;3.518765e-02;4.818033e-02;2.991262e-02;3.329743e-02;2.468304e-02
5.099009e-02;6.343325e-02;3.646916e-01;8.486938e-02;3.247114e-02;6.028553e-02;6.594979e-02;4.666081e-02;7.002662e-02;5.612526e-02;6.941564e-02;3.508094e-02
8.245770e-02;6.788654e-02;2.283646e-01;8.432561e-02;5.848906e-02;5.312387e-02;9.147891e-02;6.934538e-02;7.268167e-02;7.126726e-02;6.765887e-02;5.292053e-02
8.807370e-02;7.229941e-02;1.113110e-01;7.581770e-02;8.856353e-02;6.602205e-02;1.570145e-01;6.887734e-02;9.723966e-02;6.311993e-02;5.868095e-02;5.298019e-02
7.387602e-02;5.913651e-02;1.168383e-01;6.385610e-02;9.092291e-02;7.580087e-02;1.625897e-01;6.250220e-02;1.120851e-01;7.906014e-02;5.746988e-02;4.586239e-02
