2.247352e-01;9.317633e-02;1.315007e-01;6.041225e-02;5.788236e-02;7.120332e-02;6.974962e-02;8.625003e-02;5.540412e-02;4.439288e-02;4.276135e-02;6.253177e-02
2.102940e-01;7.264850e-02;1.015430e-01;7.361121e-02;7.837790e-02;7.282853e-02;5.510602e-02;9.369221e-02;4.310109e-02;6.860833e-02;4.707555e-02;8.311357e-02
2.154066e-01;4.405897e-02;9.008128e-02;5.388469e-02;6.507456e-02;5.645092e-02;6.489197e-02;7.923207e-02;4.135558e-02;8.235751e-02;8.504370e-02;1.221621e-01
1.578849e-01;2.515655e-02;9.813190e-02;2.925341e-02;6.438702e-02;8.743258e-02;7.480995e-02;7.097767e-02;3.689238e-02;9.360646e-02;1.349399e-01;1.265273e-01
2.115817e-01;7.762833e-02;8.383573e-02;3.122738e-02;5.240242e-02;6.409580e-02;6.428564e-02;9.726025e-02;3.518334e-02;8.237511e-02;1.055308e-01;9.459352e-02
2.945094e-01;1.362122e-01;5.405387e-02;3.300437e-02;4.298327e-02;3.066970e-02;4.613031e-02;1.229434e-01;5.858664e-02;6.602414e-02;5.408487e-02;6.079783e-02
2.937126e-01;1.969695e-01;2.478158e-02;2.055657e-02;3.828459e-02;3.309565e-02;3.996823e-02;1.120090e-01;1.337081e-01;5.339058e-02;2.233739e-02;3.118621e-02
1.737586e-01;2.376007e-01;3.865743e-02;1.375174e-02;2.627655e-02;5.391080e-02;3.510014e-02;5.023831e-02;2.798629e-01;3.494412e-02;1.869908e-02;3.719964e-02
1.172486e-01;1.630557e-01;5.134048e-02;2.533129e-02;2.807914e-02;5.874548e-02;7.603856e-02;7.703052e-02;2.657651e-01;4.096448e-02;4.323478e-02;5.316587e-02
1.362242e-01;1.065853e-01;6.343868e-02;3.065603e-02;3.221975e-02;5.349069e-02;1.114391e-01;1.128931e-01;1.567539e-01;5.027107e-02;7.159804e-02;7.443026e-02
1.375232e-01;1.033421e-01;1.199312e-01;4.548061e-02;3.051521e-02;4.187169e-02;1.118373e-01;1.190105e-01;8.279029e-02;6.042972e-02;8.092158e-02;6.634663e-02
1.495678e-01;1.171362e-01;1.378766e-01;3.956510e-02;2.764447e-02;4.940098e-02;1.074048e-01;1.219357e-01;3.987790e-02;6.017780e-02;7.343429e-02;7.597825e-02
2.102343e-01;1.365445e-01;8.335330e-02;3.496310e-02;2.631723e-02;2.967126e-02;1.015574e-01;7.853480e-02;1.154983e-01;2.882033e-02;5.157784e-02;1.029277e-01
2.075744e-01;1.500145e-01;7.060721e-02;2.872134e-02;4.872503e-02;3.171510e-02;8.204067e-02;4.146334e-02;1.141979e-01;5.031742e-02;7.927202e-02;9.535105e-02
1.681920e-01;1.658149e-01;4.802331e-02;1.918015e-02;5.895694e-02;2.003841e-02;1.132954e-01;8.381613e-02;1.075616e-01;6.740448e-02;8.568056e-02;6.203619e-02
1.736755e-01;1.247437e-01;6.350619e-02;2.282330e-02;5.029873e-02;3.769017e-02;1.830099e-01;1.330011e-01;9.127334e-02;3.354315e-02;5.374326e-02;3.269156e-02
8.382089e-02;5.690337e-02;7.458152e-02;3.245305e-02;3.207291e-02;6.327488e-02;1.576672e-01;1.831591e-01;1.265920e-01;7.681734e-02;5.564946e-02;5.700837e-02
6.310484e-02;3.363900e-02;5.592473e-02;2.152407e-02;1.676594e-02;4.762235e-02;2.191835e-01;2.163519e-01;1.367539e-01;8.156347e-02;3.482931e-02;7.273694e-02
3.744569e-02;1.757358e-02;5.702014e-02;8.310420e-03;1.267502e-02;3.913341e-02;2.894817e-01;2.465995e-01;1.003433e-01;7.354748e-02;2.853178e-02;8.933792e-02
1.850528e-02;1.525696e-02;8.508952e-02;1.217672e-02;4.041653e-02;5.506093e-02;2.907659e-01;2.124650e-01;6.622884e-02;7.986736e-02;4.754264e-02;7.662439e-02
3.153900e-02;1.560574e-02;1.947509e-01;4.398610e-02;8.196049e-02;7.544354e-02;1.273135e-01;1.579648e-01;5.673767e-02;7.913093e-02;7.655832e-02;5.900902e-02
4.558226e-02;1.794520e-02;3.123937e-01;7.662892e-02;8.837309e-02;3.816816e-02;1.506708e-01;8.750774e-02;4.745152e-02;5.030587e-02;5.867377e-02;2.629898e-02
4.448131e-02;2.618124e-02;3.573084e-01;7.328881e-02;8.834384e-02;4.464211e-02;1.968119e-01;5.755275e-02;3.258045e-02;3.856353e-02;2.912321e-02;1.112246e-02
5.344639e-02;2.476344e-02;3.244029e-01;6.495679e-02;6.724718e-02;3.605559e-02;2.285250e-01;6.077114e-02;4.150254e-02;4.136215e-02;3.381817e-02;2.314875e-02
3.988871e-02;1.986389e-02;1.561116e-01;4.324672e-02;9.519436e-02;9.714330e-02;2.522738e-01;5.333266e-02;6.390814e-02;8.961760e-02;5.137241e-02;3.804691e-02
5.464408e-02;1.413520e-02;5.466092e-02;3.170005e-02;1.012926e-01;1.859547e-01;2.439402e-01;3.250694e-02;6.717652e-02;1.495329e-01;3.776193e-02;2.669399e-02
7.148772e-02;8.697369e-03;3.377638e-02;1.645012e-02;7.564118e-02;2.924760e-01;2.235024e-01;2.018343e-02;3.983021e-02;1.936654e-01;1.383181e-02;1.045801e-02
7.102064e-02;4.320731e-03;1.912392e-02;8.889614e-03;9.167119e-02;3.952871e-01;2.054757e-01;1.365578e-02;3.835403e-02;1.407907e-01;7.637749e-03;3.772902e-03
4.178587e-02;3.958772e-03;2.591161e-02;1.803065e-02;1.540569e-01;4.241907e-01;1.664686e-01;1.446036e-02;7.435586e-02;6.502565e-02;4.305433e-03;7.449603e-03
2.387742e-02;4.806589e-03;2.737289e-02;2.429130e-02;2.269325e-01;4.420666e-01;1.002600e-01;1.705471e-02;9.082870e-02;3.157929e-02;3.968783e-03;6.961242e-03
3.632652e-02;8.286432e-03;5.331801e-02;1.906587e-02;2.710033e-01;4.119694e-01;5.207286e-02;1.849962e-02;8.418047e-02;2.868540e-02;5.835984e-03;1.075621e-02
3.291620e-02;1.055267e-02;8.722626e-02;1.790104e-02;2.980518e-01;2.990114e-01;8.697768e-02;2.925237e-02;9.248722e-02;1.795731e-02;6.316988e-03;2.134907e-02
2.214244e-02;1.425068e-02;1.531442e-01;6.134558e-02;2.935873e-01;1.760867e-01;9.194692e-02;3.561412e-02;8.997315e-02;1.697005e-02;1.030995e-02;3.462892e-02
1.981064e-02;2.744117e-02;2.252950e-01;1.134497e-01;2.072228e-01;1.174865e-01;8.756395e-02;4.877842e-02;6.317420e-02;3.435641e-02;2.476045e-02;3.066080e-02
1.532043e-02;3.047352e-02;2.948972e-01;1.847293e-01;1.255036e-01;7.877212e-02;7.921576e-02;6.343899e-02;2.445755e-02;3.244521e-02;5.612683e-02;1.461944e-02
8.315129e-03;1.551165e-02;3.668972e-01;2.090386e-01;1.018993e-01;6.626689e-02;5.009061e-02;6.950411e-02;7.608331e-03;1.504306e-02;8.492690e-02;4.898270e-03
1.306609e-02;1.175275e-02;3.895050e-01;1.918399e-01;8.409767e-02;7.004702e-02;4.865854e-02;7.040766e-02;9.687950e-03;1.092937e-02;9.354652e-02;6.461561e-03
1.688240e-02;1.404681e-02;3.567448e-01;1.715452e-01;9.273639e-02;7.516506e-02;5.746224e-02;8.926757e-02;1.713784e-02;1.282965e-02;8.995895e-02;6.223025e-03
1.536067e-02;2.822219e-02;2.296611e-01;1.462365e-01;1.336463e-01;8.137137e-02;9.924713e-02;1.262727e-01;3.628611e-02;1.371278e-02;7.693937e-02;1.304376e-02
7.984321e-03;4.159513e-02;1.527072e-01;1.623347e-01;1.664121e-01;7.159746e-02;9.820765e-02;1.334050e-01;6.583173e-02;1.857434e-02;6.816403e-02;1.318647e-02
5.072517e-03;6.268284e-02;1.613381e-01;2.202177e-01;1.537946e-01;3.662021e-02;3.533814e-02;1.284703e-01;8.651572e-02;1.279107e-02;7.870381e-02;1.845492e-02
2.451548e-03;6.216786e-02;2.213739e-01;2.589835e-01;1.134642e-01;2.829937e-02;1.056675e-02;1.380355e-01;4.669003e-02;6.436299e-03;9.740709e-02;1.412402e-02
8.863871e-03;4.940257e-02;2.842781e-01;2.270971e-01;7.348129e-02;3.142402e-02;1.902581e-02;1.161821e-01;1.041783e-02;9.916651e-03;1.534442e-01;1.646646e-02
1.577643e-02;8.616056e-02;3.224909e-01;1.937418e-01;4.461583e-02;2.792918e-02;1.852537e-02;9.337136e-02;1.072649e-02;1.197135e-02;1.472751e-01;2.741559e-02
1.677245e-02;1.375601e-01;3.016993e-01;1.948860e-01;7.564067e-02;2.666749e-02;2.388477e-02;7.628648e-02;1.548843e-02;2.606923e-02;8.866820e-02;1.637695e-02
1.471572e-02;1.826714e-01;2.597993e-01;2.002858e-01;1.061124e-01;2.965857e-02;1.617922e-02;6.118538e-02;1.588908e-02;5.320843e-02;4.770498e-02;1.258967e-02
1.179905e-02;1.502727e-01;2.800227e-01;1.711380e-01;9.210379e-02;4.236342e-02;4.640384e-02;5.698371e-02;2.065911e-02;6.455173e-02;5.405039e-02;9.651694e-03
2.979643e-02;1.137154e-01;3.360453e-01;1.318019e-01;6.773832e-02;3.935007e-02;5.900441e-02;6.221417e-02;2.997475e-02;5.058105e-02;6.770230e-02;1.207593e-02
7.181704e-02;8.476343e-02;2.531298e-01;1.291956e-01;8.196922e-02;2.855597e-02;6.701229e-02;7.240482e-02;4.372521e-02;6.679152e-02;7.998545e-02;2.064968e-02
7.743014e-02;7.998335e-02;3.314795e-01;1.154517e-01;8.129723e-02;3.530253e-02;5.128457e-02;4.944678e-02;2.340516e-02;5.186889e-02;8.133870e-02;2.171153e-02
4.912760e-02;1.136274e-01;2.694637e-01;1.432076e-01;7.834506e-02;4.564974e-02;6.112366e-02;5.155318e-02;1.728080e-02;5.159528e-02;9.913355e-02;1.989241e-02
3.724376e-02;7.226882e-02;2.167461e-01;1.657961e-01;9.249443e-02;8.147774e-02;7.638383e-02;5.697547e-02;3.716714e-02;5.413355e-02;9.218832e-02;1.712468e-02
4.048085e-02;3.564334e-02;2.032784e-01;1.430318e-01;1.092879e-01;7.768318e-02;6.628960e-02;6.138475e-02;7.654615e-02;8.875043e-02;6.746766e-02;3.015597e-02
5.820905e-02;3.585901e-02;2.278022e-01;1.247012e-01;1.149021e-01;6.263330e-02;3.803895e-02;6.831364e-02;7.871084e-02;8.667837e-02;4.686386e-02;5.728746e-02
5.512645e-02;3.435860e-02;2.163560e-01;9.684192e-02;1.331688e-01;8.957203e-02;5.508358e-02;7.401776e-02;4.842279e-02;8.934416e-02;3.073023e-02;7.697774e-02
5.969200e-02;5.560558e-02;1.540356e-01;1.116399e-01;1.376789e-01;6.110329e-02;7.932854e-02;7.044537e-02;5.141585e-02;1.019115e-01;3.515965e-02;8.198383e-02
9.204102e-02;9.327037e-02;1.376755e-01;1.277202e-01;7.979693e-02;5.030697e-02;8.508549e-02;8.204893e-02;6.321567e-02;8.714215e-02;4.794884e-02;5.374794e-02
1.122035e-01;1.037910e-01;1.769907e-01;1.280638e-01;5.790153e-02;7.583533e-02;6.593697e-02;8.386277e-02;5.250645e-02;6.992419e-02;4.163152e-02;3.135227e-02
1.296993e-01;1.023086e-01;1.601143e-01;1.276124e-01;6.097188e-02;8.211812e-02;5.671446e-02;8.577002e-02;5.553576e-02;6.989302e-02;3.500298e-02;3.425920e-02
1.535643e-01;6.608988e-02;1.352997e-01;1.085119e-01;4.107050e-02;6.780940e-02;7.096524e-02;7.695385e-02;7.250960e-02;1.211704e-01;6.368745e-02;2.236787e-02
1.213507e-01;4.859129e-02;1.787301e-01;8.145399e-02;4.569087e-02;5.671884e-02;5.069096e-02;4.545205e-02;9.956176e-02;1.239378e-01;9.571587e-02;5.210575e-02
1.231069e-01;4.867120e-02;1.385015e-01;6.911915e-02;5.837520e-02;5.806224e-02;5.319528e-02;4.273092e-02;9.471006e-02;1.025850e-01;1.036689e-01;1.072736e-01
1.388272e-01;1.299801e-01;9.827970e-02;7.489148e-02;5.460775e-02;5.616596e-02;5.388393e-02;4.788563e-02;8.102167e-02;5.807166e-02;9.031781e-02;1.160672e-01
1.911084e-01;1.463151e-01;1.112443e-01;7.051001e-02;7.768025e-02;8.153423e-02;6.472523e-02;3.607030e-02;5.165799e-02;5.458828e-02;5.372672e-02;6.083927e-02
2.260997e-01;8.960729e-02;1.268382e-01;5.965554e-02;9.295536e-02;7.627804e-02;7.744386e-02;2.869933e-02;3.508989e-02;6.530712e-02;4.401331e-02;7.801232e-02
3.527611e-01;1.216162e-01;8.242197e-02;2.784797e-02;4.286187e-02;3.623817e-02;7.318135e-02;3.622889e-02;2.621903e-02;4.735492e-02;5.904016e-02;9.422836e-02
4.412886e-01;1.628986e-01;6.733094e-02;1.491079e-02;2.936903e-02;2.192827e-02;3.519428e-02;6.774104e-02;3.147708e-02;2.483946e-02;3.483767e-02;6.818427e-02
5.157465e-01;1.638659e-01;4.458886e-02;1.211696e-02;3.780552e-02;1.379755e-02;1.276148e-02;9.891777e-02;2.819419e-02;1.393948e-02;9.514601e-03;4.875119e-02
5.488003e-01;1.501122e-01;1.207122e-02;1.053420e-02;4.771978e-02;7.183556e-03;1.367290e-02;1.379794e-01;1.990242e-02;1.035273e-02;9.432824e-03;3.223837e-02
4.904477e-01;1.219603e-01;1.314341e-02;1.028905e-02;5.101767e-02;1.118900e-02;3.777821e-02;1.695271e-01;1.493071e-02;1.038427e-02;1.999591e-02;4.933663e-02
3.971371e-01;8.648001e-02;3.337503e-02;1.459411e-02;4.376524e-02;2.251379e-02;8.123660e-02;1.563123e-01;1.750620e-02;1.312840e-02;3.586902e-02;9.808222e-02
2.905150e-01;6.789839e-02;3.449641e-02;1.714821e-02;4.276623e-02;4.166456e-02;1.258651e-01;1.137726e-01;1.836919e-02;3.426557e-02;5.421828e-02;1.590205e-01
3.106657e-01;1.709505e-01;3.732809e-02;1.642916e-02;3.445625e-02;1.999996e-02;7.799277e-02;1.135369e-01;4.052034e-02;3.844828e-02;2.546364e-02;1.142083e-01
3.054145e-01;2.343389e-01;7.811430e-02;1.254771e-02;2.505617e-02;2.142002e-02;2.583835e-02;1.028607e-01;1.262800e-01;1.951753e-02;1.249122e-02;3.612060e-02
1.717071e-01;2.925229e-01;1.289018e-01;8.343693e-03;1.532557e-02;4.203307e-02;1.473824e-02;5.414882e-02;2.202868e-01;2.181574e-02;1.529034e-02;1.488589e-02
5.733608e-02;3.294210e-01;2.032578e-01;1.370473e-02;1.020076e-02;6.490579e-02;1.422053e-02;1.794727e-02;2.294114e-01;2.481468e-02;2.070973e-02;1.407037e-02
5.426002e-02;3.159103e-01;2.581800e-01;1.952138e-02;1.301956e-02;5.453990e-02;1.978154e-02;1.644404e-02;1.338582e-01;7.295618e-02;3.203904e-02;9.489793e-03
4.095770e-02;3.497131e-01;2.418676e-01;1.456524e-02;1.125882e-02;5.382231e-02;1.940548e-02;1.641677e-02;1.468109e-01;7.423031e-02;2.289354e-02;8.058253e-03
9.310378e-02;3.991382e-01;1.353867e-01;9.003906e-03;6.594086e-03;6.541228e-02;1.270008e-02;1.416432e-02;2.272493e-01;2.177217e-02;1.001043e-02;5.464681e-03
1.715262e-01;3.632937e-01;9.265377e-02;6.597360e-03;1.330133e-02;4.682892e-02;9.325966e-03;2.599033e-02;2.302119e-01;1.305719e-02;8.507651e-03;1.870571e-02
2.550610e-01;2.572692e-01;1.171619e-01;1.260011e-02;2.470317e-02;2.841028e-02;1.808402e-02;4.199856e-02;1.623765e-01;2.299783e-02;1.789895e-02;4.143842e-02
2.757751e-01;1.730699e-01;1.773362e-01;2.013321e-02;3.378157e-02;3.007756e-02;5.650764e-02;4.007011e-02;6.989473e-02;3.833415e-02;3.420511e-02;5.081466e-02
1.259759e-01;2.664256e-01;2.002268e-01;2.177971e-02;2.967590e-02;4.778667e-02;7.668076e-02;3.137535e-02;8.617814e-02;4.359502e-02;3.831351e-02;3.198664e-02
1.258021e-01;2.927379e-01;1.927485e-01;1.555892e-02;3.039468e-02;3.948203e-02;4.966218e-02;2.333810e-02;1.278702e-01;4.457522e-02;3.582850e-02;2.200160e-02
2.124176e-01;2.510999e-01;1.533991e-01;1.868312e-02;3.266999e-02;3.114109e-02;4.361102e-02;4.595088e-02;1.081523e-01;3.267413e-02;4.163005e-02;2.857085e-02
1.817144e-01;2.272665e-01;1.474702e-01;3.767842e-02;4.602955e-02;3.513848e-02;5.332018e-02;8.032113e-02;7.347700e-02;5.694663e-02;2.517532e-02;3.546214e-02
1.310976e-01;1.430615e-01;1.144337e-01;5.459653e-02;5.143132e-02;4.265609e-02;7.881698e-02;5.461408e-02;9.431060e-02;9.629855e-02;5.564284e-02;8.304011e-02
8.703021e-02;8.483809e-02;8.677966e-02;6.422401e-02;6.400643e-02;3.671030e-02;7.699607e-02;5.207450e-02;1.259663e-01;1.503309e-01;8.031822e-02;9.072530e-02
7.039113e-02;5.757979e-02;5.648588e-02;6.274665e-02;6.966008e-02;2.782628e-02;8.172979e-02;7.594173e-02;1.500174e-01;2.303579e-01;6.621400e-02;5.104944e-02
4.817942e-02;4.006953e-02;2.739734e-02;3.953702e-02;5.440396e-02;2.649866e-02;6.804203e-02;1.154112e-01;2.117350e-01;2.828817e-01;6.305053e-02;2.279363e-02
2.564547e-02;1.909931e-02;2.451142e-02;2.059936e-02;2.289458e-02;2.344226e-02;1.314756e-01;2.379685e-01;2.524678e-01;1.701535e-01;4.382285e-02;2.791938e-02
1.308910e-02;2.181085e-02;2.957519e-02;1.207361e-02;1.583485e-02;2.102525e-02;2.559943e-01;3.245891e-01;1.693863e-01;6.895735e-02;3.984437e-02;2.781983e-02
8.816991e-03;3.176659e-02;2.835258e-02;4.232870e-03;1.836799e-02;2.474165e-02;3.812259e-01;3.065090e-01;7.022829e-02;3.381506e-02;6.544099e-02;2.650207e-02
5.348027e-03;2.904550e-02;4.913622e-02;5.675409e-03;1.958409e-02;3.477950e-02;3.192072e-01;3.223170e-01;4.588662e-02;5.337730e-02;6.285752e-02;5.278563e-02
6.096644e-03;2.155817e-02;6.723319e-02;6.720232e-03;1.563396e-02;3.252663e-02;1.932686e-01;4.164290e-01;4.665916e-02;8.167491e-02;3.447093e-02;7.772858e-02
7.318679e-03;2.295829e-02;5.251717e-02;7.059440e-03;2.310681e-02;3.350130e-02;2.737918e-01;3.427058e-01;5.092881e-02;8.702637e-02;4.597473e-02;5.311087e-02
1.750939e-02;3.711566e-02;5.629201e-02;1.298879e-02;3.922832e-02;6.107028e-02;2.862325e-01;2.449256e-01;5.970504e-02;9.093658e-02;6.889793e-02;2.509796e-02
3.173715e-02;4.378424e-02;1.166318e-01;2.196905e-02;7.612584e-02;8.490268e-02;1.649887e-01;2.091656e-01;6.508143e-02;1.031480e-01;4.640461e-02;3.606088e-02
2.671406e-02;3.125274e-02;2.050416e-01;4.461844e-02;7.448638e-02;4.763183e-02;1.876571e-01;1.561929e-01;6.346336e-02;7.892279e-02;4.210580e-02;4.191306e-02
2.397464e-02;2.568851e-02;2.556750e-01;3.644095e-02;5.428317e-02;3.311360e-02;2.686575e-01;1.294459e-01;4.954802e-02;6.238648e-02;2.694645e-02;3.383979e-02
3.231938e-02;2.346265e-02;2.681926e-01;3.783912e-02;2.472673e-02;3.435220e-02;3.064242e-01;1.412631e-01;4.377915e-02;4.156932e-02;1.951697e-02;2.655470e-02
7.651861e-02;3.900417e-02;2.029063e-01;5.259063e-02;6.663070e-02;5.852550e-02;2.064676e-01;1.395698e-01;5.660602e-02;4.732377e-02;2.435856e-02;2.949834e-02
1.209982e-01;5.057070e-02;7.718650e-02;3.294427e-02;7.004999e-02;7.664464e-02;2.398025e-01;9.610036e-02;7.557297e-02;6.940330e-02;4.804322e-02;4.268336e-02
1.036846e-01;8.528706e-02;5.381256e-02;1.541073e-02;4.572065e-02;6.032118e-02;2.934188e-01;9.720936e-02;8.495239e-02;6.612387e-02;5.960091e-02;3.445790e-02
5.476893e-02;7.329229e-02;8.354701e-02;9.823809e-03;2.272349e-02;5.518059e-02;2.497331e-01;1.563142e-01;9.898727e-02;6.538726e-02;4.882861e-02;8.141351e-02
3.031045e-02;4.314182e-02;8.575585e-02;1.430295e-02;1.558871e-02;7.328998e-02;1.822435e-01;2.278170e-01;1.319130e-01;6.285635e-02;2.570899e-02;1.070714e-01
1.806083e-02;5.167404e-02;5.575905e-02;2.132987e-02;1.220445e-02;7.859555e-02;2.212605e-01;2.255750e-01;1.980156e-01;5.208992e-02;1.295142e-02;5.248382e-02
1.704186e-02;4.857504e-02;5.930411e-02;2.457877e-02;1.352762e-02;1.051206e-01;2.241829e-01;2.023983e-01;2.042758e-01;3.984530e-02;7.272283e-03;5.387744e-02
6.159803e-03;1.925093e-02;1.616562e-01;1.104883e-02;1.365113e-02;9.692317e-02;1.746897e-01;2.324726e-01;1.313399e-01;6.576419e-02;8.397325e-03;7.864624e-02
4.085633e-03;1.067356e-02;2.791977e-01;5.718709e-03;1.459174e-02;5.041705e-02;1.581900e-01;2.414630e-01;6.345526e-02;1.011671e-01;4.808153e-03;6.623208e-02
5.179530e-03;4.350141e-02;2.616478e-01;9.399850e-03;3.751486e-02;2.514027e-02;2.387146e-01;2.009762e-01;3.575638e-02;9.077669e-02;1.422946e-02;3.716302e-02
2.268619e-02;8.544227e-02;1.350171e-01;3.420696e-02;6.967506e-02;7.174911e-02;3.088580e-01;1.286975e-01;5.393072e-02;5.416417e-02;2.206781e-02;1.350506e-02
3.710457e-02;7.693460e-02;1.321443e-01;8.182977e-02;1.116104e-01;1.322563e-01;1.955614e-01;7.569008e-02;5.812612e-02;4.503108e-02;2.714316e-02;2.656822e-02
3.902512e-02;9.484167e-02;2.541833e-01;1.168579e-01;1.212552e-01;9.567373e-02;7.975335e-02;4.714338e-02;5.414891e-02;3.368242e-02;3.374377e-02;2.969129e-02
8.608378e-02;1.242108e-01;2.767009e-01;1.078736e-01;7.590092e-02;4.547963e-02;7.625572e-02;4.342085e-02;6.345020e-02;4.652211e-02;3.015269e-02;2.394880e-02
1.241207e-01;1.132607e-01;1.789908e-01;8.247562e-02;5.570497e-02;6.403995e-02;1.153404e-01;6.400423e-02;8.001628e-02;5.630289e-02;3.087185e-02;3.487166e-02
9.052394e-02;9.189547e-02;1.908183e-01;6.937424e-02;5.700709e-02;8.190480e-02;1.148155e-01;7.170350e-02;7.070902e-02;6.156285e-02;4.828487e-02;5.140042e-02
6.044771e-02;1.029207e-01;2.373414e-01;5.671122e-02;6.730243e-02;6.323040e-02;1.174353e-01;8.833429e-02;4.729627e-02;5.940107e-02;4.170843e-02;5.787070e-02
8.980338e-02;1.263101e-01;2.309644e-01;3.711378e-02;7.553069e-02;4.307078e-02;1.386288e-01;9.606148e-02;3.018398e-02;4.901737e-02;3.270913e-02;5.060601e-02
7.138103e-02;1.497974e-01;2.081590e-01;6.846735e-02;7.029895e-02;2.919086e-02;1.576680e-01;8.993524e-02;4.242126e-02;4.530644e-02;3.475346e-02;3.262103e-02
8.118530e-02;1.814886e-01;1.743246e-01;7.022052e-02;8.233946e-02;3.245045e-02;1.366637e-01;7.441606e-02;4.730002e-02;5.470434e-02;4.406426e-02;2.084271e-02
1.049853e-01;1.893864e-01;8.888922e-02;9.232733e-02;1.087885e-01;5.302107e-02;1.387696e-01;4.178412e-02;3.582625e-02;5.807004e-02;5.754148e-02;3.061061e-02
1.071409e-01;1.447073e-01;1.138099e-01;9.940132e-02;7.357589e-02;5.465750e-02;2.005295e-01;2.981778e-02;3.922515e-02;6.930854e-02;4.727516e-02;2.055106e-02
1.132894e-01;1.411445e-01;1.630413e-01;9.055965e-02;7.155649e-02;5.369756e-02;1.499910e-01;3.370468e-02;5.931075e-02;6.891207e-02;4.144499e-02;1.334775e-02
1.299561e-01;1.562944e-01;1.431033e-01;8.494411e-02;7.514456e-02;4.711014e-02;1.327230e-01;3.918391e-02;6.235994e-02;6.676702e-02;3.697834e-02;2.543502e-02
1.155274e-01;1.491096e-01;1.560395e-01;1.036377e-01;5.199195e-02;5.102478e-02;1.379176e-01;4.185791e-02;5.777306e-02;6.333969e-02;3.797726e-02;3.380356e-02
7.637178e-02;1.449202e-01;1.318791e-01;1.475216e-01;8.317094e-02;7.950211e-02;8.063529e-02;5.599062e-02;7.303090e-02;5.564556e-02;3.249731e-02;3.883470e-02
8.608693e-02;1.065848e-01;1.852366e-01;1.259890e-01;1.058403e-01;6.250729e-02;1.082687e-01;5.807864e-02;5.435754e-02;5.207375e-02;2.398279e-02;3.099351e-02
