1.429383e-01;2.092894e-01;3.149287e-01;6.148436e-02;4.117804e-02;4.624921e-02;3.097086e-02;2.891058e-02;6.558421e-02;3.333542e-02;9.028277e-03;1.610252e-02
1.481927e-01;2.251612e-01;3.223149e-01;5.955179e-02;2.989932e-02;4.240788e-02;2.463900e-02;1.887276e-02;6.554224e-02;3.857199e-02;8.754181e-03;1.609208e-02
1.091486e-01;1.872484e-01;3.728587e-01;1.110942e-01;4.451935e-02;3.578794e-02;1.673410e-02;1.027154e-02;4.683268e-02;3.378273e-02;1.809945e-02;1.362225e-02
6.652486e-02;1.376243e-01;3.450471e-01;1.886847e-01;7.246338e-02;3.537392e-02;3.845859e-02;1.199078e-02;3.689438e-02;2.128077e-02;3.594450e-02;9.712623e-03
6.433285e-02;9.500982e-02;3.211376e-01;2.130613e-01;6.868529e-02;3.182942e-02;4.747997e-02;1.671936e-02;4.192061e-02;3.412940e-02;5.643203e-02;9.262300e-03
6.582028e-02;6.836449e-02;4.093701e-01;1.576320e-01;4.560447e-02;2.148080e-02;4.653384e-02;2.227595e-02;5.184319e-02;3.602191e-02;6.052217e-02;1.453083e-02
6.443203e-02;8.199448e-02;4.656990e-01;1.009251e-01;3.238107e-02;2.669892e-02;4.076935e-02;3.484878e-02;4.955104e-02;1.964424e-02;6.434875e-02;1.870724e-02
8.508412e-02;5.251706e-02;5.178499e-01;7.827912e-02;4.718225e-02;3.573096e-02;2.417502e-02;3.356466e-02;3.188698e-02;1.139789e-02;5.889761e-02;2.343441e-02
1.071996e-01;4.671909e-02;4.567254e-01;9.371449e-02;4.205630e-02;3.293190e-02;5.761820e-02;2.649358e-02;2.127643e-02;2.249729e-02;6.581214e-02;2.695552e-02
1.268329e-01;2.648153e-02;3.951156e-01;8.981181e-02;5.538580e-02;3.125352e-02;8.759397e-02;2.324009e-02;2.725125e-02;3.109055e-02;7.119227e-02;3.475059e-02
1.126466e-01;7.917699e-02;3.944319e-01;5.980624e-02;4.937104e-02;4.461451e-02;7.995992e-02;3.053208e-02;2.807071e-02;3.047771e-02;5.811425e-02;3.279808e-02
7.625557e-02;1.409071e-01;2.955743e-01;7.471071e-02;4.853477e-02;4.398564e-02;7.392998e-02;3.261195e-02;3.206871e-02;6.418934e-02;5.583298e-02;6.139895e-02
4.088616e-02;1.381329e-01;2.714629e-01;7.970982e-02;6.656553e-02;5.604618e-02;7.351908e-02;3.505290e-02;2.884243e-02;8.855722e-02;5.167036e-02;6.955453e-02
3.553231e-02;7.311826e-02;2.729475e-01;1.018721e-01;1.125153e-01;8.018716e-02;1.183800e-01;3.769153e-02;2.088174e-02;4.978928e-02;4.424273e-02;5.284214e-02
3.389291e-02;5.121296e-02;1.787989e-01;9.544382e-02;1.584427e-01;1.299958e-01;1.746974e-01;5.480209e-02;2.373233e-02;2.198083e-02;2.252378e-02;5.447645e-02
2.575099e-02;5.506055e-02;6.684344e-02;6.183898e-02;1.748498e-01;1.546510e-01;2.265919e-01;6.155308e-02;3.541443e-02;1.874440e-02;1.082148e-02;1.078799e-01
3.245797e-02;9.206185e-02;4.437528e-02;4.228675e-02;1.184291e-01;1.110588e-01;1.850974e-01;6.034667e-02;4.557604e-02;3.971034e-02;2.067237e-02;2.079274e-01
7.412848e-02;1.188859e-01;5.621149e-02;7.301198e-02;1.265165e-01;4.505556e-02;7.610289e-02;3.784564e-02;4.145623e-02;6.954988e-02;1.692202e-02;2.643134e-01
6.552806e-02;1.102711e-01;5.821263e-02;1.321769e-01;1.577660e-01;2.217565e-02;3.518572e-02;3.962503e-02;2.594244e-02;9.461257e-02;4.642598e-02;2.120779e-01
2.813865e-02;9.466840e-02;4.877437e-02;2.155153e-01;1.903659e-01;2.165504e-02;2.703731e-02;6.161737e-02;2.219529e-02;1.113081e-01;5.765084e-02;1.210734e-01
1.314631e-02;5.817683e-02;2.858931e-02;1.745131e-01;4.310802e-01;1.917679e-02;3.094250e-02;5.216676e-02;3.399093e-02;7.767904e-02;3.547230e-02;4.506590e-02
2.074968e-02;3.828843e-02;5.058110e-02;6.108426e-02;5.730649e-01;2.840389e-02;4.179028e-02;3.147583e-02;6.610744e-02;3.160300e-02;1.746225e-02;3.938897e-02
6.996147e-02;3.166498e-02;6.338248e-02;2.499198e-02;4.365811e-01;9.390590e-02;4.730845e-02;1.883641e-02;6.852937e-02;2.905975e-02;2.393458e-02;9.184349e-02
1.575002e-01;5.819284e-02;4.636493e-02;1.891691e-02;1.824082e-01;1.723468e-01;8.140650e-02;1.804426e-02;3.393719e-02;8.590696e-02;3.120514e-02;1.137700e-01
1.517943e-01;1.223236e-01;2.978752e-02;4.577548e-02;1.027445e-01;1.213004e-01;1.601025e-01;2.379236e-02;4.165504e-02;1.016804e-01;2.928005e-02;6.976387e-02
7.380401e-02;1.500010e-01;8.181688e-02;5.143392e-02;1.123736e-01;6.324947e-02;2.190355e-01;5.385692e-02;5.636759e-02;5.854730e-02;4.046959e-02;3.904428e-02
4.292361e-02;1.085989e-01;1.730279e-01;3.819031e-02;8.853059e-02;6.184461e-02;2.142368e-01;9.045742e-02;4.900163e-02;3.687662e-02;4.247762e-02;5.383407e-02
2.405998e-02;4.852774e-02;2.540957e-01;3.292763e-02;4.514151e-02;4.742021e-02;1.959215e-01;1.247624e-01;3.503591e-02;7.436717e-02;2.991998e-02;8.782022e-02
1.826615e-02;4.026678e-02;2.580679e-01;2.552220e-02;1.112547e-01;3.528745e-02;1.477640e-01;1.282171e-01;5.510198e-02;6.521957e-02;1.585490e-02;9.917726e-02
2.227118e-02;2.813750e-02;1.812295e-01;2.630945e-02;1.973869e-01;5.979845e-02;1.538767e-01;1.266900e-01;5.890097e-02;5.082993e-02;1.462820e-02;7.994111e-02
2.064952e-02;2.970604e-02;1.035570e-01;3.069173e-02;1.931967e-01;5.498553e-02;2.573111e-01;1.330192e-01;5.993146e-02;4.899038e-02;2.261443e-02;4.534697e-02
3.210138e-02;4.895832e-02;5.288618e-02;3.606280e-02;1.525316e-01;6.730146e-02;3.247787e-01;1.123603e-01;6.172987e-02;5.334898e-02;2.706067e-02;3.087968e-02
5.095778e-02;5.338881e-02;4.225349e-02;4.094346e-02;1.049188e-01;1.174910e-01;2.880175e-01;6.621481e-02;4.111311e-02;6.775075e-02;3.227465e-02;9.467580e-02
3.527564e-02;4.480500e-02;5.539315e-02;3.323451e-02;1.001632e-01;7.797974e-02;1.590214e-01;1.297549e-01;6.295838e-02;7.424234e-02;5.559796e-02;1.715737e-01
3.511874e-02;3.236477e-02;4.837338e-02;4.214996e-02;1.139388e-01;5.967218e-02;1.684421e-01;1.424973e-01;5.113474e-02;9.042655e-02;4.755908e-02;1.683224e-01
5.778709e-02;2.230570e-02;6.733563e-02;4.553999e-02;8.213396e-02;9.831751e-02;2.498909e-01;1.155527e-01;2.973682e-02;9.431791e-02;1.845093e-02;1.186309e-01
7.869010e-02;3.430744e-02;9.143539e-02;3.109497e-02;6.415026e-02;9.276504e-02;2.957604e-01;1.116614e-01;4.216379e-02;4.881967e-02;3.613384e-02;7.301774e-02
6.538556e-02;5.422182e-02;9.700128e-02;4.431891e-02;9.312290e-02;1.009470e-01;2.484497e-01;1.028700e-01;3.859181e-02;2.591291e-02;5.348796e-02;7.569024e-02
3.691636e-02;5.281650e-02;9.339526e-02;3.229815e-02;7.816093e-02;1.027527e-01;2.258547e-01;1.293376e-01;6.461839e-02;5.099114e-02;3.077552e-02;1.020828e-01
4.651003e-02;4.137436e-02;7.300615e-02;3.713760e-02;9.523252e-02;8.213873e-02;2.523967e-01;1.437283e-01;6.999017e-02;4.751432e-02;1.308948e-02;9.788162e-02
5.801059e-02;5.081620e-02;8.385094e-02;3.328046e-02;1.043143e-01;4.881331e-02;2.280063e-01;1.777081e-01;5.496804e-02;4.944966e-02;3.327570e-02;7.750636e-02
5.968648e-02;7.167128e-02;7.017367e-02;3.755389e-02;6.912997e-02;5.775552e-02;2.120002e-01;2.030855e-01;4.519644e-02;6.769725e-02;3.434062e-02;7.170909e-02
4.918405e-02;7.714483e-02;4.585753e-02;3.591306e-02;4.968482e-02;7.906821e-02;2.307181e-01;1.910354e-01;4.130810e-02;6.933397e-02;3.737776e-02;9.337411e-02
4.614238e-02;4.317597e-02;6.515779e-02;2.110729e-02;5.511078e-02;8.151941e-02;3.815843e-01;1.224106e-01;5.022485e-02;5.344226e-02;2.997544e-02;5.014888e-02
3.002334e-02;2.050435e-02;4.274953e-02;1.641691e-02;5.085611e-02;8.152562e-02;5.394202e-01;8.700112e-02;3.718785e-02;3.989803e-02;2.236736e-02;3.204957e-02
3.391464e-02;1.840745e-02;2.622024e-02;1.756706e-02;6.575834e-02;1.092532e-01;5.613220e-01;6.743392e-02;2.055128e-02;3.399480e-02;1.407086e-02;3.150616e-02
4.504044e-02;1.582803e-02;3.212607e-02;2.419584e-02;1.178872e-01;1.483496e-01;4.595152e-01;4.697572e-02;1.921484e-02;3.939239e-02;1.658614e-02;3.488863e-02
5.796529e-02;2.165762e-02;8.130370e-02;3.566243e-02;1.578814e-01;1.709252e-01;3.348694e-01;2.872479e-02;2.151180e-02;4.575110e-02;1.536402e-02;2.838330e-02
4.171516e-02;3.117963e-02;1.369135e-01;5.311318e-02;1.509325e-01;1.376473e-01;2.996427e-01;2.360872e-02;2.039326e-02;4.410422e-02;2.126888e-02;3.948103e-02
3.433242e-02;4.436788e-02;1.959734e-01;5.924854e-02;1.019057e-01;8.984416e-02;2.965388e-01;4.355756e-02;4.126017e-02;3.087248e-02;1.818372e-02;4.391532e-02
2.155165e-02;4.400117e-02;1.486962e-01;5.135143e-02;5.033103e-02;6.339779e-02;4.323340e-01;5.782881e-02;4.535386e-02;2.897120e-02;2.321750e-02;3.296546e-02
2.926156e-02;5.054625e-02;8.851507e-02;3.902502e-02;1.091197e-01;7.807319e-02;4.254034e-01;3.438837e-02;6.139922e-02;3.033258e-02;2.185968e-02;3.207600e-02
5.259481e-02;4.681146e-02;1.684074e-01;3.963343e-02;1.575173e-01;1.069154e-01;2.205692e-01;6.240899e-02;6.683428e-02;2.522328e-02;2.249726e-02;3.058711e-02
4.915486e-02;5.046098e-02;2.093290e-01;4.733685e-02;1.571095e-01;8.872582e-02;1.262302e-01;7.776631e-02;6.893229e-02;4.824702e-02;2.630256e-02;5.040464e-02
4.995503e-02;5.493254e-02;1.573347e-01;4.451275e-02;1.461844e-01;1.056251e-01;1.670820e-01;7.789765e-02;7.118413e-02;6.597348e-02;2.663078e-02;3.268755e-02
6.540384e-02;4.292005e-02;1.268534e-01;5.779109e-02;1.331812e-01;1.104364e-01;2.496171e-01;6.340248e-02;5.429459e-02;5.934227e-02;1.863290e-02;1.812474e-02
6.629326e-02;3.368552e-02;1.472180e-01;5.816523e-02;1.175836e-01;9.778636e-02;2.215883e-01;7.569186e-02;5.485215e-02;6.877226e-02;1.729663e-02;4.106687e-02
7.427469e-02;4.303596e-02;1.347678e-01;5.099601e-02;1.328357e-01;1.087778e-01;1.221992e-01;1.170600e-01;6.309950e-02;6.955923e-02;1.485421e-02;6.853983e-02
5.418929e-02;5.139830e-02;9.297127e-02;3.900705e-02;1.001248e-01;1.203379e-01;2.651448e-01;7.901742e-02;6.507613e-02;5.558386e-02;3.484624e-02;4.230302e-02
6.007697e-02;4.408046e-02;7.543931e-02;5.988309e-02;5.301585e-02;5.765615e-02;1.971806e-01;8.735596e-02;1.496528e-01;1.223745e-01;5.845290e-02;3.483151e-02
6.463545e-02;5.547261e-02;1.014300e-01;4.932918e-02;2.719630e-02;2.647025e-02;1.671173e-01;1.310948e-01;1.650181e-01;1.256041e-01;5.287978e-02;3.375210e-02
4.206060e-02;8.944640e-02;1.120713e-01;4.104210e-02;1.828514e-02;1.484573e-02;2.227942e-01;1.650152e-01;1.477559e-01;9.427270e-02;2.963837e-02;2.277233e-02
2.419733e-02;1.697371e-01;8.053704e-02;2.691325e-02;2.043934e-02;1.899792e-02;3.347779e-01;1.386484e-01;9.883388e-02;5.202062e-02;2.275844e-02;1.213890e-02
2.884310e-02;2.431448e-01;3.604433e-02;2.259211e-02;2.770941e-02;3.562426e-02;3.853574e-01;4.844306e-02;7.202543e-02;5.930192e-02;3.081790e-02;1.009631e-02
2.111338e-02;2.723148e-01;3.328196e-02;1.913596e-02;2.314773e-02;3.569470e-02;3.853059e-01;3.810515e-02;7.426816e-02;4.692154e-02;4.240753e-02;8.303247e-03
1.987476e-02;2.642377e-01;1.751483e-02;1.272867e-02;1.999221e-02;4.154399e-02;4.218453e-01;3.476879e-02;7.598475e-02;2.462202e-02;5.692386e-02;9.963128e-03
6.238770e-02;1.722690e-01;2.176703e-02;1.627759e-02;4.632568e-02;9.146213e-02;3.900574e-01;2.689472e-02;6.596371e-02;2.871528e-02;5.576331e-02;2.211647e-02
8.946136e-02;6.838354e-02;3.258189e-02;4.072513e-02;1.177090e-01;1.225471e-01;3.104141e-01;3.082508e-02;5.086922e-02;4.033550e-02;4.368910e-02;5.245891e-02
6.644334e-02;1.810018e-02;5.554646e-02;1.057302e-01;1.880957e-01;9.090524e-02;2.398002e-01;2.583781e-02;3.847440e-02;5.687137e-02;4.114453e-02;7.305061e-02
3.714042e-02;4.168776e-02;1.046754e-01;1.828392e-01;1.530924e-01;4.112552e-02;1.992189e-01;4.063872e-02;3.910146e-02;6.549349e-02;4.534101e-02;4.964564e-02
4.018456e-02;5.302579e-02;1.112972e-01;1.878968e-01;1.248810e-01;5.406987e-02;1.659137e-01;4.563992e-02;4.670613e-02;8.120537e-02;4.743767e-02;4.174193e-02
6.854770e-02;3.857927e-02;1.031217e-01;1.349268e-01;1.570176e-01;6.957002e-02;1.536996e-01;3.639857e-02;4.963418e-02;8.814050e-02;4.142880e-02;5.893532e-02
8.904089e-02;5.206440e-02;1.062673e-01;5.495859e-02;9.702253e-02;8.767506e-02;3.139392e-01;5.135184e-02;3.154515e-02;4.831142e-02;2.709224e-02;4.073131e-02
4.736168e-02;5.522573e-02;1.400725e-01;3.462662e-02;2.179723e-02;5.882500e-02;4.036095e-01;1.394017e-01;3.961680e-02;2.562918e-02;1.631724e-02;1.751683e-02
1.484024e-02;1.506037e-02;1.871126e-01;3.580553e-02;2.707767e-02;2.683650e-02;3.710932e-01;2.255862e-01;5.002626e-02;2.710355e-02;1.275462e-02;6.703204e-03
7.696549e-03;3.342337e-02;1.787524e-01;3.342384e-02;2.623136e-02;1.323850e-02;3.725235e-01;2.591066e-01;3.448909e-02;2.095446e-02;1.433366e-02;5.826725e-03
7.671234e-03;2.878650e-02;1.422231e-01;2.202530e-02;2.676415e-02;1.903889e-02;4.500383e-01;2.431026e-01;3.161649e-02;1.140130e-02;1.284350e-02;4.488605e-03
6.826677e-03;4.646303e-02;1.005438e-01;1.481611e-02;2.562657e-02;2.297123e-02;5.300285e-01;2.079705e-01;2.153832e-02;9.016451e-03;8.206275e-03;5.992460e-03
5.637403e-03;6.869089e-02;6.248909e-02;1.388873e-02;2.124046e-02;2.591837e-02;5.673265e-01;1.981678e-01;1.042556e-02;1.169434e-02;7.867599e-03;6.653339e-03
8.557169e-03;8.370233e-02;5.186114e-02;9.155844e-03;2.160087e-02;1.910225e-02;5.716746e-01;1.907023e-01;9.108989e-03;1.145754e-02;1.494542e-02;8.131414e-03
8.775705e-03;1.130363e-01;4.617694e-02;9.057799e-03;3.344932e-02;3.700481e-02;5.441622e-01;1.510370e-01;2.108262e-02;1.006535e-02;1.746591e-02;8.685987e-03
1.379231e-02;1.189968e-01;3.960808e-02;2.420853e-02;2.594695e-02;5.416001e-02;5.644254e-01;8.690884e-02;2.541669e-02;1.220327e-02;2.481655e-02;9.516628e-03
1.610108e-02;8.973122e-02;4.295445e-02;2.250358e-02;3.212546e-02;8.062412e-02;6.256407e-01;3.199715e-02;2.663529e-02;1.078110e-02;1.280306e-02;8.102720e-03
1.656436e-02;8.659492e-02;4.151214e-02;1.238449e-02;3.858174e-02;7.774615e-02;6.270701e-01;4.106533e-02;2.018966e-02;1.612534e-02;1.041987e-02;1.174593e-02
6.915566e-03;7.089101e-02;4.147305e-02;1.020418e-02;2.868172e-02;4.619821e-02;6.936369e-01;4.027253e-02;2.619312e-02;1.591209e-02;8.403972e-03;1.121763e-02
1.559400e-02;8.098897e-02;2.395649e-02;5.745868e-03;1.209803e-02;7.213270e-02;6.769599e-01;7.621560e-02;1.537299e-02;7.776884e-03;7.034288e-03;6.124229e-03
1.110876e-02;9.018803e-02;1.745944e-02;4.293399e-03;1.045059e-02;1.041496e-01;6.513710e-01;8.299530e-02;1.373449e-02;5.122191e-03;6.485359e-03;2.641837e-03
1.183867e-02;9.898580e-02;1.162339e-02;4.918522e-03;1.139857e-02;1.308203e-01;6.462029e-01;5.620374e-02;1.157401e-02;4.844405e-03;8.761683e-03;2.827949e-03
1.154747e-02;1.117844e-01;9.322387e-03;5.900956e-03;1.650763e-02;1.299344e-01;6.351071e-01;3.730322e-02;1.733017e-02;8.993170e-03;1.237267e-02;3.896395e-03
1.227751e-02;1.136963e-01;1.166052e-02;5.912720e-03;1.750198e-02;9.855162e-02;6.296954e-01;6.558137e-02;2.262882e-02;6.519700e-03;1.064803e-02;5.326129e-03
1.312746e-02;1.107835e-01;1.340839e-02;9.357601e-03;3.408333e-02;8.088724e-02;6.201784e-01;6.892567e-02;1.816031e-02;1.008920e-02;1.489233e-02;6.106523e-03
3.036378e-02;7.029684e-02;3.020160e-02;1.750671e-02;6.023241e-02;9.218609e-02;5.622306e-01;6.907564e-02;1.534567e-02;3.247003e-02;1.673278e-02;3.357885e-03
5.379587e-02;3.230830e-02;4.013586e-02;2.049924e-02;6.923018e-02;1.382884e-01;4.915327e-01;6.432433e-02;2.090186e-02;5.641070e-02;8.510595e-03;4.062036e-03
6.577620e-02;5.017756e-02;2.571013e-02;1.213570e-02;5.465843e-02;1.623605e-01;4.758402e-01;5.180424e-02;2.382400e-02;6.462217e-02;7.726079e-03;5.364871e-03
4.974540e-02;6.580957e-02;1.608121e-02;8.477748e-03;3.302870e-02;1.395002e-01;5.499456e-01;4.640239e-02;2.653400e-02;4.764511e-02;1.136252e-02;5.467475e-03
2.939367e-02;9.963328e-02;9.437033e-03;5.249695e-03;2.431816e-02;1.020530e-01;6.415393e-01;2.461080e-02;2.787420e-02;1.579446e-02;1.517859e-02;4.917833e-03
1.811610e-02;1.085307e-01;6.975609e-03;5.215457e-03;2.230768e-02;8.946571e-02;6.723557e-01;1.690584e-02;2.850608e-02;1.466762e-02;1.352149e-02;3.432025e-03
9.271047e-03;1.086003e-01;7.709038e-03;3.354555e-03;2.411445e-02;1.116538e-01;6.441158e-01;3.342042e-02;2.809540e-02;1.725160e-02;1.024639e-02;2.167180e-03
2.378337e-02;9.075496e-02;1.644536e-02;9.105965e-03;3.515977e-02;1.340192e-01;5.627401e-01;5.604758e-02;3.313420e-02;2.439504e-02;1.126860e-02;3.145759e-03
3.332690e-02;5.616448e-02;4.234309e-02;1.759095e-02;7.842054e-02;1.394271e-01;4.840926e-01;4.437113e-02;3.927083e-02;4.046199e-02;1.279161e-02;1.173876e-02
2.230659e-02;2.692013e-02;6.559737e-02;3.403994e-02;1.653206e-01;8.957211e-02;4.431258e-01;2.981544e-02;3.521174e-02;3.469794e-02;2.023303e-02;3.315940e-02
2.856231e-02;2.811389e-02;7.203380e-02;3.842610e-02;1.968152e-01;7.977233e-02;3.900731e-01;3.758514e-02;4.190544e-02;2.644067e-02;2.356115e-02;3.671088e-02
5.537470e-02;5.150916e-02;5.451683e-02;3.228849e-02;1.208001e-01;1.418491e-01;3.636279e-01;5.843612e-02;3.382920e-02;5.694683e-02;1.377854e-02;1.704311e-02
4.811123e-02;7.803924e-02;6.117093e-02;2.329011e-02;3.730801e-02;9.038333e-02;4.203501e-01;1.300167e-01;3.008351e-02;5.275517e-02;2.501745e-02;3.474158e-03
2.346475e-02;8.377112e-02;7.304224e-02;1.627346e-02;2.222521e-02;3.582794e-02;4.546616e-01;1.940657e-01;3.232170e-02;2.934349e-02;3.174344e-02;3.259280e-03
9.543503e-03;8.253615e-02;1.010568e-01;1.022790e-02;1.570188e-02;1.677808e-02;4.664202e-01;2.266550e-01;1.500215e-02;2.469329e-02;2.615623e-02;5.228734e-03
1.127870e-02;6.889308e-02;1.257725e-01;1.104351e-02;1.538535e-02;2.310231e-02;4.564448e-01;2.074598e-01;2.546680e-02;3.505343e-02;1.467851e-02;5.421208e-03
1.468086e-02;9.233163e-02;1.174752e-01;1.380355e-02;1.483871e-02;3.931061e-02;4.650507e-01;1.677591e-01;2.579365e-02;3.152190e-02;1.240331e-02;5.030786e-03
1.901682e-02;1.072492e-01;1.051733e-01;1.385152e-02;2.856768e-02;6.013528e-02;4.430235e-01;1.481416e-01;2.321927e-02;2.675273e-02;2.002457e-02;4.844485e-03
2.629941e-02;6.931171e-02;1.138206e-01;1.623424e-02;5.001185e-02;6.599327e-02;3.456195e-01;2.157882e-01;3.074945e-02;3.028209e-02;2.877868e-02;7.111073e-03
1.345859e-02;5.220611e-02;7.374346e-02;1.416022e-02;3.039434e-02;3.547724e-02;4.572762e-01;2.392715e-01;3.414338e-02;3.178640e-02;1.072302e-02;7.359523e-03
1.322304e-02;7.981626e-02;5.733190e-02;9.025170e-03;3.642741e-02;3.292213e-02;4.830216e-01;2.134150e-01;2.471841e-02;2.785133e-02;1.213315e-02;1.011457e-02
1.493093e-02;6.654659e-02;9.158500e-02;1.253383e-02;3.715209e-02;4.240158e-02;4.548082e-01;1.723511e-01;2.979952e-02;2.528153e-02;3.994947e-02;1.266019e-02
2.801566e-02;6.563849e-02;8.858585e-02;2.332848e-02;4.062035e-02;5.540835e-02;4.310003e-01;1.548279e-01;3.209789e-02;2.605110e-02;4.096108e-02;1.346453e-02
3.178224e-02;9.506922e-02;6.101861e-02;2.880724e-02;5.412951e-02;5.289267e-02;4.186522e-01;1.410824e-01;3.771394e-02;4.621072e-02;1.892189e-02;1.371935e-02
4.532210e-02;6.437238e-02;7.307399e-02;2.211954e-02;4.245306e-02;4.890398e-02;4.100024e-01;1.616134e-01;3.967197e-02;3.981331e-02;3.282994e-02;1.982388e-02
4.754513e-02;4.372434e-02;9.962036e-02;2.548652e-02;2.692260e-02;3.443364e-02;3.632201e-01;2.260237e-01;4.024836e-02;2.607823e-02;4.073406e-02;2.596300e-02
4.422034e-02;8.810636e-02;7.205682e-02;3.021011e-02;3.050087e-02;2.446425e-02;3.233562e-01;2.325896e-01;6.013910e-02;4.354467e-02;2.744255e-02;2.336909e-02
6.666595e-02;1.062546e-01;1.208798e-01;3.021261e-02;4.618672e-02;4.726180e-02;1.827568e-01;1.859312e-01;7.873126e-02;7.164180e-02;4.540143e-02;1.807602e-02
8.799773e-02;1.035622e-01;1.177827e-01;4.078824e-02;4.855001e-02;5.522555e-02;2.672794e-01;1.037109e-01;6.421572e-02;5.872057e-02;4.065893e-02;1.150794e-02
9.664056e-02;1.251836e-01;8.013065e-02;4.561909e-02;3.883992e-02;7.023158e-02;3.476731e-01;6.328080e-02;4.348208e-02;4.488830e-02;3.684387e-02;7.186473e-03
1.257023e-01;1.336830e-01;5.861565e-02;3.815582e-02;3.269951e-02;1.064234e-01;3.608105e-01;3.052305e-02;2.632061e-02;4.845669e-02;3.104774e-02;7.561675e-03
1.330776e-01;1.199114e-01;5.444965e-02;4.012428e-02;3.588474e-02;1.509567e-01;3.274589e-01;2.494366e-02;1.999972e-02;6.646091e-02;1.734525e-02;9.387114e-03
9.938517e-02;8.564102e-02;3.961930e-02;5.046939e-02;4.510283e-02;1.595361e-01;3.956373e-01;3.438414e-02;1.512098e-02;5.813507e-02;8.860357e-03;8.108324e-03
7.963744e-02;5.987255e-02;1.697798e-02;6.505752e-02;4.571532e-02;1.749747e-01;4.411424e-01;3.325735e-02;1.439657e-02;4.963681e-02;1.294730e-02;6.384077e-03
7.928669e-02;5.097438e-02;1.656529e-02;7.154624e-02;4.475404e-02;1.964670e-01;4.279514e-01;3.625287e-02;1.296009e-02;5.185788e-02;8.178791e-03;3.205221e-03
1.015153e-01;3.282300e-02;1.064110e-02;6.429949e-02;4.717985e-02;2.209404e-01;3.806695e-01;3.970207e-02;2.061844e-02;7.536403e-02;4.456216e-03;1.790634e-03
1.441936e-01;2.850694e-02;1.258936e-02;4.254464e-02;6.091499e-02;2.713951e-01;2.837758e-01;4.131750e-02;2.036182e-02;8.478041e-02;6.131981e-03;3.487819e-03
2.005020e-01;2.644313e-02;2.117300e-02;2.398765e-02;8.072183e-02;3.345227e-01;1.570898e-01;5.375427e-02;1.829981e-02;6.917452e-02;5.571113e-03;8.760137e-03
2.093493e-01;1.972768e-02;2.905478e-02;2.632112e-02;1.096639e-01;3.252595e-01;1.527598e-01;4.518818e-02;2.054997e-02;4.123798e-02;5.053252e-03;1.583452e-02
1.482986e-01;1.509066e-02;8.980721e-02;3.794473e-02;1.371947e-01;2.454176e-01;1.839968e-01;3.136126e-02;1.811630e-02;4.450532e-02;9.564930e-03;3.870193e-02
8.024807e-02;1.045549e-02;1.756899e-01;6.251591e-02;1.346133e-01;1.688240e-01;2.063509e-01;3.046112e-02;2.818745e-02;3.046324e-02;1.981659e-02;5.237406e-02
6.901287e-02;3.465344e-02;2.294021e-01;7.618000e-02;8.773194e-02;1.466212e-01;1.836635e-01;3.734349e-02;3.646873e-02;2.992979e-02;2.774150e-02;4.125139e-02
7.346078e-02;5.574857e-02;2.438700e-01;8.835356e-02;8.658884e-02;1.249300e-01;1.497122e-01;4.417790e-02;3.029071e-02;4.693292e-02;3.355204e-02;2.238255e-02
5.394300e-02;4.767843e-02;1.588646e-01;1.040488e-01;1.899708e-01;1.029715e-01;1.412574e-01;3.250244e-02;3.864358e-02;5.261220e-02;3.557640e-02;4.193089e-02
3.969526e-02;4.092047e-02;1.799254e-01;1.226912e-01;1.964651e-01;1.152792e-01;1.232831e-01;1.934514e-02;3.295015e-02;3.469754e-02;3.411709e-02;6.063018e-02
4.531620e-02;5.287782e-02;2.403030e-01;1.408767e-01;1.495776e-01;1.066106e-01;1.109086e-01;1.595295e-02;2.230087e-02;3.226750e-02;5.085245e-02;3.215569e-02
5.018377e-02;5.375393e-02;3.398543e-01;1.619151e-01;8.063991e-02;8.839274e-02;6.908894e-02;1.560084e-02;1.551510e-02;3.910290e-02;6.432215e-02;2.163036e-02
4.405174e-02;4.010703e-02;4.013141e-01;1.276271e-01;7.443759e-02;5.830525e-02;8.047567e-02;2.908831e-02;1.972531e-02;4.850562e-02;5.109318e-02;2.526905e-02
5.340364e-02;5.399444e-02;3.547809e-01;7.573082e-02;8.524177e-02;6.345131e-02;1.044316e-01;4.221525e-02;3.259623e-02;6.066198e-02;4.625638e-02;2.723573e-02
6.018858e-02;6.572650e-02;3.170482e-01;6.381565e-02;8.032490e-02;9.113596e-02;1.005956e-01;3.543626e-02;3.994596e-02;6.484280e-02;4.628808e-02;3.465147e-02
5.544132e-02;5.625287e-02;2.853955e-01;1.065984e-01;7.619641e-02;9.857559e-02;1.185201e-01;2.315427e-02;4.199305e-02;6.778108e-02;3.871298e-02;3.137845e-02
4.160089e-02;3.506588e-02;2.389123e-01;1.291621e-01;9.496770e-02;1.287914e-01;9.444540e-02;3.617860e-02;6.466371e-02;5.061693e-02;4.420218e-02;4.139293e-02
6.743179e-02;5.853659e-02;1.739011e-01;1.325394e-01;1.206070e-01;1.313161e-01;5.281705e-02;4.347562e-02;7.521663e-02;5.557140e-02;4.957949e-02;3.900779e-02
7.085878e-02;5.201109e-02;2.331817e-01;1.259467e-01;8.723115e-02;9.077433e-02;1.074726e-01;7.210188e-02;5.869661e-02;4.965970e-02;2.480485e-02;2.726074e-02
6.793980e-02;4.947353e-02;2.383838e-01;7.975166e-02;8.565856e-02;8.870122e-02;1.543083e-01;8.010022e-02;5.116102e-02;4.704548e-02;1.305736e-02;4.441904e-02
7.777283e-02;5.582520e-02;1.480684e-01;7.149240e-02;1.281483e-01;1.179040e-01;1.683406e-01;4.315739e-02;5.408967e-02;4.637945e-02;2.874099e-02;6.008073e-02
7.236658e-02;4.403974e-02;1.082249e-01;1.043642e-01;1.455629e-01;1.328748e-01;1.417147e-01;6.871255e-02;5.561795e-02;4.214936e-02;3.378681e-02;5.058547e-02
5.800280e-02;5.576209e-02;1.807026e-01;1.042346e-01;1.310988e-01;1.116398e-01;1.348043e-01;6.008579e-02;4.181901e-02;4.383166e-02;3.177286e-02;4.624573e-02
4.901278e-02;5.367198e-02;1.774269e-01;1.315467e-01;1.263766e-01;8.446222e-02;1.330314e-01;4.832070e-02;4.895572e-02;5.949131e-02;2.698359e-02;6.072012e-02
8.451650e-02;5.586022e-02;1.795969e-01;1.207648e-01;1.173892e-01;6.441923e-02;1.216344e-01;4.339132e-02;4.783695e-02;5.643090e-02;4.095336e-02;6.720621e-02
1.064377e-01;5.421880e-02;2.228318e-01;7.402141e-02;9.066533e-02;9.978084e-02;1.251552e-01;2.886221e-02;4.293686e-02;4.600725e-02;3.458227e-02;7.450040e-02
1.280045e-01;3.995724e-02;1.889805e-01;4.181202e-02;8.955111e-02;1.414393e-01;1.204113e-01;3.864328e-02;5.329994e-02;4.628937e-02;3.021248e-02;8.139885e-02
