3.079084e-02;9.662196e-02;1.884583e-01;8.507215e-02;7.331643e-02;9.216198e-02;1.079058e-01;9.632779e-02;7.937696e-02;6.676667e-02;3.430521e-02;4.889586e-02
3.448846e-02;1.118749e-01;1.940467e-01;5.238921e-02;8.287851e-02;6.930902e-02;1.021889e-01;1.073312e-01;9.356578e-02;7.117009e-02;3.097426e-02;4.978295e-02
5.993990e-02;1.075585e-01;1.585858e-01;5.868870e-02;8.371278e-02;5.095936e-02;9.521393e-02;1.112768e-01;8.655559e-02;8.872467e-02;4.591262e-02;5.287138e-02
6.022879e-02;7.478362e-02;1.275743e-01;9.379699e-02;7.621667e-02;1.130364e-01;1.300998e-01;6.812728e-02;8.898157e-02;8.404595e-02;4.334500e-02;3.976364e-02
6.148297e-02;8.387490e-02;1.831130e-01;9.889116e-02;9.505715e-02;1.008507e-01;1.210192e-01;5.652316e-02;5.866823e-02;6.011726e-02;3.579956e-02;4.460273e-02
5.306754e-02;1.159745e-01;2.007363e-01;7.469338e-02;9.729893e-02;6.878107e-02;1.881443e-01;5.873099e-02;3.904213e-02;3.939295e-02;2.270937e-02;4.142858e-02
4.505755e-02;9.856039e-02;1.829004e-01;9.229528e-02;9.241430e-02;5.375345e-02;1.897080e-01;5.229888e-02;4.087086e-02;4.481929e-02;5.698205e-02;5.033963e-02
5.776215e-02;8.021050e-02;2.641484e-01;1.234606e-01;6.374110e-02;4.453912e-02;1.417039e-01;3.107398e-02;2.537529e-02;4.053232e-02;8.216885e-02;4.528390e-02
6.923155e-02;6.467491e-02;3.480876e-01;1.147849e-01;3.573522e-02;2.748147e-02;1.167266e-01;2.163450e-02;2.198687e-02;8.649746e-02;7.079770e-02;2.236107e-02
4.955756e-02;4.423482e-02;2.666947e-01;1.921436e-01;3.756768e-02;2.528594e-02;9.322821e-02;4.152372e-02;3.395622e-02;1.051311e-01;9.543076e-02;1.524563e-02
2.709833e-02;5.974562e-02;1.749820e-01;2.921309e-01;5.119163e-02;2.191130e-02;3.652628e-02;7.285447e-02;2.904835e-02;7.471430e-02;1.266299e-01;3.316688e-02
1.431767e-02;8.346473e-02;1.184644e-01;2.618559e-01;1.044436e-01;1.738338e-02;1.494728e-02;7.157822e-02;3.157554e-02;6.394189e-02;9.648695e-02;1.215403e-01
2.851539e-02;6.434187e-02;8.229111e-02;1.196898e-01;1.762653e-01;2.318974e-02;2.304241e-02;3.253635e-02;6.742548e-02;4.849632e-02;6.885301e-02;2.653531e-01
1.105187e-01;2.320574e-02;7.678459e-02;6.028283e-02;1.492393e-01;6.690271e-02;2.915879e-02;3.630302e-02;7.562150e-02;4.184985e-02;4.411404e-02;2.860190e-01
2.472339e-01;1.844860e-02;6.060645e-02;3.637544e-02;8.032475e-02;1.265359e-01;5.154209e-02;3.136113e-02;5.339194e-02;9.669954e-02;2.945343e-02;1.680269e-01
2.741176e-01;4.243651e-02;5.256900e-02;5.202011e-02;5.862058e-02;1.359462e-01;9.493864e-02;2.499006e-02;3.666358e-02;1.279386e-01;2.191366e-02;7.784549e-02
1.584229e-01;5.916857e-02;1.089899e-01;7.462070e-02;8.030874e-02;1.154577e-01;1.054126e-01;4.296412e-02;6.260757e-02;7.982809e-02;3.398750e-02;7.823154e-02
1.209505e-01;3.813314e-02;1.726090e-01;7.026733e-02;1.031903e-01;9.573334e-02;7.073419e-02;4.267842e-02;6.306214e-02;6.962544e-02;4.457442e-02;1.084418e-01
1.369322e-01;3.475208e-02;2.187170e-01;7.436921e-02;8.209253e-02;1.124924e-01;5.768774e-02;4.402611e-02;3.951506e-02;6.784250e-02;2.788505e-02;1.036882e-01
1.302656e-01;5.243210e-02;2.594126e-01;7.711427e-02;6.610867e-02;1.123971e-01;4.267166e-02;3.166033e-02;3.602049e-02;7.545971e-02;4.083771e-02;7.561965e-02
7.419950e-02;4.142697e-02;2.076475e-01;5.299994e-02;9.764516e-02;8.464218e-02;9.022939e-02;2.923501e-02;7.067584e-02;9.662765e-02;6.006302e-02;9.460782e-02
4.951982e-02;3.814483e-02;9.931426e-02;5.149500e-02;1.011841e-01;9.898598e-02;2.357959e-01;7.481368e-02;8.054551e-02;6.718359e-02;4.813090e-02;5.488643e-02
3.398524e-02;2.881688e-02;1.042699e-01;3.086698e-02;6.142847e-02;6.498387e-02;2.697572e-01;1.991846e-01;8.376997e-02;6.831902e-02;2.526021e-02;2.935762e-02
3.313789e-02;1.521946e-02;1.535479e-01;3.185404e-02;2.494886e-02;2.721125e-02;1.689207e-01;2.840311e-01;1.270358e-01;7.313179e-02;1.426919e-02;4.669211e-02
3.561494e-02;9.045764e-03;1.322402e-01;5.348493e-02;1.968001e-02;3.033795e-02;1.191948e-01;2.759746e-01;2.189852e-01;5.819883e-02;1.620050e-02;3.104230e-02
2.340454e-02;7.527684e-03;8.896633e-02;5.638606e-02;1.587819e-02;2.942665e-02;1.170984e-01;3.006181e-01;2.701293e-01;3.574615e-02;1.453891e-02;4.027960e-02
1.402794e-02;9.040186e-03;1.075878e-01;4.001865e-02;1.252857e-02;2.422885e-02;1.739298e-01;2.860253e-01;2.052905e-01;2.710600e-02;8.983431e-03;9.123297e-02
2.831934e-02;1.367379e-02;1.311503e-01;1.905236e-02;1.991399e-02;2.674201e-02;2.337739e-01;2.264189e-01;1.175737e-01;3.991918e-02;7.622262e-03;1.358403e-01
4.472279e-02;1.985346e-02;1.439009e-01;4.620411e-02;5.677329e-02;4.805388e-02;2.593153e-01;1.141311e-01;7.295748e-02;4.389993e-02;1.534586e-02;1.348419e-01
5.224930e-02;1.944930e-02;2.120554e-01;7.889824e-02;1.185319e-01;7.764789e-02;1.589990e-01;9.077785e-02;4.096832e-02;4.609106e-02;2.368579e-02;8.064601e-02
3.440701e-02;1.286454e-02;3.321519e-01;7.344394e-02;1.002677e-01;5.436611e-02;1.050008e-01;1.081842e-01;5.660523e-02;5.001713e-02;2.857416e-02;4.411737e-02
2.275592e-02;2.127130e-02;4.505770e-01;6.156591e-02;3.748324e-02;2.883340e-02;4.409433e-02;1.227908e-01;8.536031e-02;4.985185e-02;2.604552e-02;4.937046e-02
7.303781e-03;3.879758e-02;4.447545e-01;4.715516e-02;5.040358e-02;3.621897e-02;8.506809e-02;1.127672e-01;6.161087e-02;5.173286e-02;2.049772e-02;4.368971e-02
3.467787e-02;5.301479e-02;2.343878e-01;3.917167e-02;5.295848e-02;4.765038e-02;2.462423e-01;1.084493e-01;4.605871e-02;4.556707e-02;1.589625e-02;7.592535e-02
4.012950e-02;3.818492e-02;1.744637e-01;2.254988e-02;2.640506e-02;2.566912e-02;2.837389e-01;1.623033e-01;5.727467e-02;4.025028e-02;1.643485e-02;1.125958e-01
2.414375e-02;2.228014e-02;1.729282e-01;1.145512e-02;1.204620e-02;1.449951e-02;2.851251e-01;2.202621e-01;5.291241e-02;2.844445e-02;1.864209e-02;1.372609e-01
1.766637e-02;6.598907e-02;1.179250e-01;4.909432e-03;1.513326e-02;1.969900e-02;3.766525e-01;2.053377e-01;2.099037e-02;1.631077e-02;3.717917e-02;1.022073e-01
2.052939e-02;1.223777e-01;5.180615e-02;2.738975e-03;1.903814e-02;3.729424e-02;4.845861e-01;1.463144e-01;9.293662e-03;1.283187e-02;3.921772e-02;5.397167e-02
3.307173e-02;1.421559e-01;2.027518e-02;8.783295e-03;1.877745e-02;7.655374e-02;5.381581e-01;8.452599e-02;1.058936e-02;1.794913e-02;1.763057e-02;3.152956e-02
8.350059e-02;9.701485e-02;1.238705e-02;2.471366e-02;2.469992e-02;1.434505e-01;5.095627e-01;3.309454e-02;1.309717e-02;3.416788e-02;8.011246e-03;1.629997e-02
1.843574e-01;3.805179e-02;8.931145e-03;3.257148e-02;3.880280e-02;2.109078e-01;3.625008e-01;2.893723e-02;5.798681e-03;6.999419e-02;1.223392e-02;6.912767e-03
2.476298e-01;4.823231e-02;8.386256e-03;2.531430e-02;6.499621e-02;2.287229e-01;2.238819e-01;3.604485e-02;7.272302e-03;8.028124e-02;1.554157e-02;1.369636e-02
2.313288e-01;4.225477e-02;3.477341e-02;2.709198e-02;1.127789e-01;2.312456e-01;1.605170e-01;4.469637e-02;1.898310e-02;5.673892e-02;1.443380e-02;2.515735e-02
1.184185e-01;3.269548e-02;7.585523e-02;3.570329e-02;1.560579e-01;2.367480e-01;2.096129e-01;4.848478e-02;2.474801e-02;2.680253e-02;1.344407e-02;2.142942e-02
5.498724e-02;2.809688e-02;7.784168e-02;2.540640e-02;1.497219e-01;1.943289e-01;3.312011e-01;2.011907e-02;3.592130e-02;3.874712e-02;8.549553e-03;3.507890e-02
4.736806e-02;2.551951e-02;7.915024e-02;2.810268e-02;1.768409e-01;1.692733e-01;2.755341e-01;2.628995e-02;7.452983e-02;2.851551e-02;6.514882e-03;6.236099e-02
4.867357e-02;1.803571e-02;1.022031e-01;3.381096e-02;2.005370e-01;1.406948e-01;1.998926e-01;3.709309e-02;9.268091e-02;2.652785e-02;1.411402e-02;8.573642e-02
3.797389e-02;2.814132e-02;1.364336e-01;4.398954e-02;1.941402e-01;1.127979e-01;1.789964e-01;3.865705e-02;7.517959e-02;3.722896e-02;2.687075e-02;8.959082e-02
4.365515e-02;4.503445e-02;1.957128e-01;6.384765e-02;1.703200e-01;8.320215e-02;1.104256e-01;4.520140e-02;6.205082e-02;7.778916e-02;3.133840e-02;7.142238e-02
6.487207e-02;6.450586e-02;2.234254e-01;7.253280e-02;1.412754e-01;6.793816e-02;9.531514e-02;8.954432e-02;4.225956e-02;8.188324e-02;2.173916e-02;3.470879e-02
5.611390e-02;6.102702e-02;1.604422e-01;1.387552e-01;1.143591e-01;6.326973e-02;9.206130e-02;1.494950e-01;2.489454e-02;4.730188e-02;5.220016e-02;4.007992e-02
3.458701e-02;4.842559e-02;1.167264e-01;2.484680e-01;1.010829e-01;4.560978e-02;4.707372e-02;1.969752e-01;1.664660e-02;2.219264e-02;8.924311e-02;3.296904e-02
1.251104e-02;2.823608e-02;1.311533e-01;3.581544e-01;8.075785e-02;3.516178e-02;1.649236e-02;1.788136e-01;7.258183e-03;1.347608e-02;1.175804e-01;2.040487e-02
7.756724e-03;1.624192e-02;1.548921e-01;3.844780e-01;7.828040e-02;4.085004e-02;3.207403e-02;1.294772e-01;8.658713e-03;1.539750e-02;1.229997e-01;8.893666e-03
8.387800e-03;1.192196e-02;1.590610e-01;3.704298e-01;7.832363e-02;4.254821e-02;2.712177e-02;1.506009e-01;9.304803e-03;1.034329e-02;1.265728e-01;5.384059e-03
6.396296e-03;1.571158e-02;1.361501e-01;3.131750e-01;6.478033e-02;4.255155e-02;2.177969e-02;2.143198e-01;2.973944e-02;1.251000e-02;1.349965e-01;7.889787e-03
7.041779e-03;4.016742e-02;1.126612e-01;2.351380e-01;6.206294e-02;3.375522e-02;1.952478e-02;2.328947e-01;5.471822e-02;3.532323e-02;1.220462e-01;4.466639e-02
1.509373e-02;4.518114e-02;1.084658e-01;1.439748e-01;1.094071e-01;3.143280e-02;2.302944e-02;1.727215e-01;5.851496e-02;6.149695e-02;8.377303e-02;1.469087e-01
4.790951e-02;2.227954e-02;1.233336e-01;9.020810e-02;1.386313e-01;7.877582e-02;5.062209e-02;1.045014e-01;5.925963e-02;5.677921e-02;4.290938e-02;1.847904e-01
8.991680e-02;1.656519e-02;1.074476e-01;9.225230e-02;1.065706e-01;1.709861e-01;1.114460e-01;8.013932e-02;3.875283e-02;7.199606e-02;1.824643e-02;9.568083e-02
7.098468e-02;3.581076e-02;6.438300e-02;9.068708e-02;9.972084e-02;1.963529e-01;2.125606e-01;8.479651e-02;3.390963e-02;7.961001e-02;1.182433e-02;1.935963e-02
2.802508e-02;3.783235e-02;6.682640e-02;6.041797e-02;9.550305e-02;1.852574e-01;2.383610e-01;1.251423e-01;7.543234e-02;6.268964e-02;1.382728e-02;1.068516e-02
2.272917e-02;2.152932e-02;7.264054e-02;5.713914e-02;5.387002e-02;1.617865e-01;2.259674e-01;1.358913e-01;1.533741e-01;7.067402e-02;1.571963e-02;8.678872e-03
2.145229e-02;1.439136e-02;4.797559e-02;5.535008e-02;3.966978e-02;1.307836e-01;1.987424e-01;9.711161e-02;2.002463e-01;1.471351e-01;2.892231e-02;1.821961e-02
1.620070e-02;2.030948e-02;2.349878e-02;3.540586e-02;4.854960e-02;8.399769e-02;2.092520e-01;8.663172e-02;1.706497e-01;2.235852e-01;5.398910e-02;2.793009e-02
1.377444e-02;1.285133e-02;3.885359e-02;4.101446e-02;6.179584e-02;4.596808e-02;3.182000e-01;9.414894e-02;1.125895e-01;1.752986e-01;5.886226e-02;2.664299e-02
2.832566e-02;1.199532e-02;4.475016e-02;3.355501e-02;7.319218e-02;6.226081e-02;3.855945e-01;9.373162e-02;7.667650e-02;1.178516e-01;4.520149e-02;2.686519e-02
3.090021e-02;2.377348e-02;4.917761e-02;5.442000e-02;8.033638e-02;5.888394e-02;3.059799e-01;1.164336e-01;9.097072e-02;1.197511e-01;4.726829e-02;2.210478e-02
3.854722e-02;2.838546e-02;5.855890e-02;8.182663e-02;7.976324e-02;8.881105e-02;1.279184e-01;1.280873e-01;1.249833e-01;1.634180e-01;6.752630e-02;1.217423e-02
3.320359e-02;2.549124e-02;6.952915e-02;5.105074e-02;7.221670e-02;1.030054e-01;2.393347e-01;1.207125e-01;1.064146e-01;1.056978e-01;4.808270e-02;2.526091e-02
2.576634e-02;3.533674e-02;5.713077e-02;3.651539e-02;7.315841e-02;9.227092e-02;2.864382e-01;1.239314e-01;1.101820e-01;8.381219e-02;3.691966e-02;3.853795e-02
3.401286e-02;3.950322e-02;6.113744e-02;3.452769e-02;5.487856e-02;7.443521e-02;2.316249e-01;1.192673e-01;1.542692e-01;1.189344e-01;3.461281e-02;4.279646e-02
3.288404e-02;3.463635e-02;6.989081e-02;4.376049e-02;4.859268e-02;9.338095e-02;1.467601e-01;8.651540e-02;1.378738e-01;2.503405e-01;2.911886e-02;2.624590e-02
2.513365e-02;2.864554e-02;7.265257e-02;5.046270e-02;7.365789e-02;1.007916e-01;6.464366e-02;4.010919e-02;1.319993e-01;3.752210e-01;2.396484e-02;1.271812e-02
1.348176e-01;9.836927e-02;1.246280e-01;4.285638e-02;4.110168e-02;9.381089e-02;3.754868e-02;2.180171e-02;1.253373e-01;2.344903e-01;1.785535e-02;2.738293e-02
2.561446e-01;2.272769e-01;1.590526e-01;2.698679e-02;2.009741e-02;5.571077e-02;2.515233e-02;1.742093e-02;7.743120e-02;8.427542e-02;1.917234e-02;3.127864e-02
2.553870e-01;3.320275e-01;1.829323e-01;1.351132e-02;1.308612e-02;3.084656e-02;1.167271e-02;1.646561e-02;6.205324e-02;4.605674e-02;1.290763e-02;2.305321e-02
2.138091e-01;3.908474e-01;2.288159e-01;1.430883e-02;5.898245e-03;2.431642e-02;6.520675e-03;1.131314e-02;4.855660e-02;3.231847e-02;6.043111e-03;1.725220e-02
2.652584e-01;3.213879e-01;2.211767e-01;2.382790e-02;8.303842e-03;2.066823e-02;1.102876e-02;1.115809e-02;3.513616e-02;3.271266e-02;1.103345e-02;3.830783e-02
3.075010e-01;2.201689e-01;1.756105e-01;3.265599e-02;2.232561e-02;2.356731e-02;2.500285e-02;1.739446e-02;3.332743e-02;4.660203e-02;2.810491e-02;6.773899e-02
2.650768e-01;1.140663e-01;1.619155e-01;6.584903e-02;3.324641e-02;5.075445e-02;4.105764e-02;2.475849e-02;5.569212e-02;6.582864e-02;4.873605e-02;7.301848e-02
2.448833e-01;1.085170e-01;1.915588e-01;1.001141e-01;2.662532e-02;5.156400e-02;4.091882e-02;2.773445e-02;6.544577e-02;6.218826e-02;3.645287e-02;4.399741e-02
2.352850e-01;1.074466e-01;1.327426e-01;7.723361e-02;3.619716e-02;7.499389e-02;7.982761e-02;4.240519e-02;8.155047e-02;6.638778e-02;2.397196e-02;4.195825e-02
1.417303e-01;1.094792e-01;1.084615e-01;5.077799e-02;3.345608e-02;8.357444e-02;6.903148e-02;8.858486e-02;1.491073e-01;7.255518e-02;4.370029e-02;4.954137e-02
1.422681e-01;1.046395e-01;1.069460e-01;6.376694e-02;3.159348e-02;7.390684e-02;9.506144e-02;8.085220e-02;1.270387e-01;9.105223e-02;3.838011e-02;4.449442e-02
8.757030e-02;1.139036e-01;1.185187e-01;7.101415e-02;5.649990e-02;7.925307e-02;1.289407e-01;6.239010e-02;6.741330e-02;1.325996e-01;4.063884e-02;4.125775e-02
7.858568e-02;9.844731e-02;2.295485e-01;7.323462e-02;3.954047e-02;5.921156e-02;1.002071e-01;4.296274e-02;6.040709e-02;1.405610e-01;3.414560e-02;4.314832e-02
6.979341e-02;8.283210e-02;3.273669e-01;1.535189e-01;4.709869e-02;2.731903e-02;6.181176e-02;5.286160e-02;6.122433e-02;7.344120e-02;1.938682e-02;2.334524e-02
2.531591e-02;4.237065e-02;2.635942e-01;2.955405e-01;9.941295e-02;2.176098e-02;3.299008e-02;9.601035e-02;5.762709e-02;3.827268e-02;1.590151e-02;1.120308e-02
2.648169e-02;2.875291e-02;1.513333e-01;3.525439e-01;1.534749e-01;2.894970e-02;2.268774e-02;1.195754e-01;5.146029e-02;3.718327e-02;1.611741e-02;1.143947e-02
3.256521e-02;2.969141e-02;9.723183e-02;3.296314e-01;2.320097e-01;3.996734e-02;4.103325e-02;1.065876e-01;3.723578e-02;2.800837e-02;1.548261e-02;1.055547e-02
1.672775e-02;2.066680e-02;1.036283e-01;2.634695e-01;2.913639e-01;5.964959e-02;7.056703e-02;6.822685e-02;3.937787e-02;3.573060e-02;2.115799e-02;9.433749e-03
2.143460e-02;3.894921e-02;8.146118e-02;2.376010e-01;3.195826e-01;4.163377e-02;6.436944e-02;5.737153e-02;4.135428e-02;4.445354e-02;3.086023e-02;2.092868e-02
2.448284e-02;2.363009e-02;5.046328e-02;1.281862e-01;4.292510e-01;6.656999e-02;4.395785e-02;6.486893e-02;8.066791e-02;4.175698e-02;1.374180e-02;3.242318e-02
4.337398e-02;1.159974e-02;3.162632e-02;3.806156e-02;3.392453e-01;2.131281e-01;1.048107e-01;3.756972e-02;1.117384e-01;3.350810e-02;7.251248e-03;2.808682e-02
1.070867e-01;9.009094e-03;1.879121e-02;1.914420e-02;1.487114e-01;3.665273e-01;1.490275e-01;3.852405e-02;7.402357e-02;4.293651e-02;5.812286e-03;2.040621e-02
1.966482e-01;9.887417e-03;1.062691e-02;1.268865e-02;6.468303e-02;4.557843e-01;1.160340e-01;2.926547e-02;3.949597e-02;4.908515e-02;6.763291e-03;9.037591e-03
2.918933e-01;9.263153e-03;7.968896e-03;4.922491e-03;4.145344e-02;4.786333e-01;5.797987e-02;1.442442e-02;3.833636e-02;4.407729e-02;3.993651e-03;7.053771e-03
3.351202e-01;6.414193e-03;1.289719e-02;7.939319e-03;5.556410e-02;4.520527e-01;2.856863e-02;1.957564e-02;3.404829e-02;3.033323e-02;6.060354e-03;1.142613e-02
3.322095e-01;1.189766e-02;1.387675e-02;1.789117e-02;8.936214e-02;4.172255e-01;1.862492e-02;2.001637e-02;2.297537e-02;3.499673e-02;8.402356e-03;1.252149e-02
2.543733e-01;2.784451e-02;2.690378e-02;2.033885e-02;1.669014e-01;3.537498e-01;4.246375e-02;3.118969e-02;2.696405e-02;2.154441e-02;1.465832e-02;1.306809e-02
1.740671e-01;2.268422e-02;4.504757e-02;1.816901e-02;2.239962e-01;3.083670e-01;6.573631e-02;5.564383e-02;3.485411e-02;1.287360e-02;2.018270e-02;1.837837e-02
1.767312e-01;1.636447e-02;4.493589e-02;3.787621e-02;2.731830e-01;2.162575e-01;6.877635e-02;4.834460e-02;4.321745e-02;1.336544e-02;1.481021e-02;4.613774e-02
1.529787e-01;2.494195e-02;7.134922e-02;7.601454e-02;2.808039e-01;1.437393e-01;5.987725e-02;3.026195e-02;4.616223e-02;1.343431e-02;6.024743e-03;9.441198e-02
1.542960e-01;3.329233e-02;1.306199e-01;9.099602e-02;1.910882e-01;1.158033e-01;6.460029e-02;2.983214e-02;4.359039e-02;1.356940e-02;1.317045e-02;1.191416e-01
1.532136e-01;3.267182e-02;2.052920e-01;8.654992e-02;9.891868e-02;1.299841e-01;5.164452e-02;4.237764e-02;4.811779e-02;2.607537e-02;3.068356e-02;9.447099e-02
1.462746e-01;3.202211e-02;2.306733e-01;7.674915e-02;9.439781e-02;1.389158e-01;4.461950e-02;5.632037e-02;4.087753e-02;3.764638e-02;3.940400e-02;6.209948e-02
2.150495e-01;2.908324e-02;1.729709e-01;5.781049e-02;9.791831e-02;1.479924e-01;4.834125e-02;5.282429e-02;4.950210e-02;4.576020e-02;2.680232e-02;5.594492e-02
1.932432e-01;3.495981e-02;1.299819e-01;3.834152e-02;1.313814e-01;1.371383e-01;6.491775e-02;4.940243e-02;5.478892e-02;4.650516e-02;2.146612e-02;9.787340e-02
1.263110e-01;5.872967e-02;9.222408e-02;6.350652e-02;1.756850e-01;8.631299e-02;9.158033e-02;5.415249e-02;5.017655e-02;5.944722e-02;1.565925e-02;1.262149e-01
1.471572e-01;5.760829e-02;7.449297e-02;8.628170e-02;1.510049e-01;8.584347e-02;1.077684e-01;4.196131e-02;6.582936e-02;5.922615e-02;1.705186e-02;1.057745e-01
1.452025e-01;3.872224e-02;8.168340e-02;5.712615e-02;9.208463e-02;1.292952e-01;1.793794e-01;5.383214e-02;1.045540e-01;4.341447e-02;1.712546e-02;5.758033e-02
8.689807e-02;2.379356e-02;3.701535e-02;5.298056e-02;8.718225e-02;2.019927e-01;2.513521e-01;6.829304e-02;8.881937e-02;3.868991e-02;1.918458e-02;4.379851e-02
1.360704e-01;1.193601e-02;2.564868e-02;2.751375e-02;7.328834e-02;2.993627e-01;2.481305e-01;3.853042e-02;6.112381e-02;3.223570e-02;1.669151e-02;2.946814e-02
1.323043e-01;1.566359e-02;2.216580e-02;1.606108e-02;4.487406e-02;3.449507e-01;2.903397e-01;1.705411e-02;4.365411e-02;2.618046e-02;2.006443e-02;2.668752e-02
7.638613e-02;3.761708e-02;2.436529e-02;1.196015e-02;2.879403e-02;2.856281e-01;3.852534e-01;2.288794e-02;5.097967e-02;2.192242e-02;2.325731e-02;3.094850e-02
3.475281e-02;1.172924e-01;2.311949e-02;1.127736e-02;1.875320e-02;1.622708e-01;4.873411e-01;2.509614e-02;4.407246e-02;2.227205e-02;2.165301e-02;3.209913e-02
3.130301e-02;2.068255e-01;1.482916e-02;1.246761e-02;1.604774e-02;1.058174e-01;5.067912e-01;2.411645e-02;2.186150e-02;1.416084e-02;1.372154e-02;3.205806e-02
3.177376e-02;2.520095e-01;1.668680e-02;1.498034e-02;1.581636e-02;9.628285e-02;4.929117e-01;1.645060e-02;1.855114e-02;1.062595e-02;1.201316e-02;2.189793e-02
2.605282e-02;2.694533e-01;1.704569e-02;1.412615e-02;9.903801e-03;8.592644e-02;5.032413e-01;1.364099e-02;1.814725e-02;1.277842e-02;1.483464e-02;1.484916e-02
2.182206e-02;2.423539e-01;1.435043e-02;1.463893e-02;1.023582e-02;1.004144e-01;5.222729e-01;1.972420e-02;1.757154e-02;1.147829e-02;1.370856e-02;1.142892e-02
2.216679e-02;1.877825e-01;1.523430e-02;1.461468e-02;1.263513e-02;1.680488e-01;5.176330e-01;1.097553e-02;2.133232e-02;1.213128e-02;9.473194e-03;7.972418e-03
4.610630e-02;1.356537e-01;1.204317e-02;1.514561e-02;3.651354e-02;2.764637e-01;4.123977e-01;1.916256e-02;1.399222e-02;1.723143e-02;7.508674e-03;7.781470e-03
9.956647e-02;8.101009e-02;1.384453e-02;2.353234e-02;1.007629e-01;3.550024e-01;2.386367e-01;3.160423e-02;7.804750e-03;2.741761e-02;9.344156e-03;1.147389e-02
1.510052e-01;1.223559e-01;2.654881e-02;3.127900e-02;1.527153e-01;3.178465e-01;1.035572e-01;2.936878e-02;1.137029e-02;2.589162e-02;8.273141e-03;1.978821e-02
1.553598e-01;1.884231e-01;3.407348e-02;1.008909e-02;1.671504e-01;2.710947e-01;8.234969e-02;1.814869e-02;1.583008e-02;1.812568e-02;5.704063e-03;3.365133e-02
1.163649e-01;2.271029e-01;2.377459e-02;2.819024e-02;1.450545e-01;2.521979e-01;4.621398e-02;1.365829e-02;2.316444e-02;2.160504e-02;7.106611e-03;9.556651e-02
9.678970e-02;2.358027e-01;1.945430e-02;5.327760e-02;1.204368e-01;1.939032e-01;9.452738e-02;5.312655e-03;1.643735e-02;1.424172e-02;1.370286e-02;1.361138e-01
6.192137e-02;1.946307e-01;3.123050e-02;8.041707e-02;1.578505e-01;1.730047e-01;1.312402e-01;1.897190e-02;1.196636e-02;2.193223e-02;1.752415e-02;9.931022e-02
2.802955e-02;1.387067e-01;2.018816e-02;7.582216e-02;1.495701e-01;1.638777e-01;2.205556e-01;2.146319e-02;2.086277e-02;3.203744e-02;1.938452e-02;1.095021e-01
6.342597e-02;7.795964e-02;3.351262e-02;5.122334e-02;1.426154e-01;1.067490e-01;2.362543e-01;2.390999e-02;2.380461e-02;3.101404e-02;1.500173e-02;1.945293e-01
6.280184e-02;7.019956e-02;2.725031e-02;5.949975e-02;1.725819e-01;1.269809e-01;1.388741e-01;1.470548e-02;4.727211e-02;3.522545e-02;1.528576e-02;2.293228e-01
9.024200e-02;4.344581e-02;4.657903e-02;6.198864e-02;1.846358e-01;3.171442e-01;9.002928e-02;2.465916e-02;2.207153e-02;1.945367e-02;9.191158e-03;9.055978e-02
7.373392e-02;3.645559e-02;4.954304e-02;5.636880e-02;1.596519e-01;4.308977e-01;1.005905e-01;3.528215e-02;1.936216e-02;1.582149e-02;4.791311e-03;1.750140e-02
7.835343e-02;2.536465e-02;3.146823e-02;2.872866e-02;1.069758e-01;5.112953e-01;1.329274e-01;1.867705e-02;1.703621e-02;3.545801e-02;6.776206e-03;6.939090e-03
1.215323e-01;1.041372e-02;1.596358e-02;1.996589e-02;5.052956e-02;4.557168e-01;2.190801e-01;1.355143e-02;1.275821e-02;6.751507e-02;4.562248e-03;8.411116e-03
1.365565e-01;6.226585e-03;8.396273e-03;1.868569e-02;3.287686e-02;4.151935e-01;2.470310e-01;7.577258e-03;1.197318e-02;1.040439e-01;2.770835e-03;8.668512e-03
1.577501e-01;1.058189e-02;1.437335e-02;1.546216e-02;2.247072e-02;4.442493e-01;1.872575e-01;1.839743e-02;9.889094e-03;1.089570e-01;4.268938e-03;6.342495e-03
1.873944e-01;1.044796e-02;2.188507e-02;1.167562e-02;7.239345e-02;4.784378e-01;8.442747e-02;5.931213e-03;2.922898e-02;8.551852e-02;4.307662e-03;8.351911e-03
1.550713e-01;7.765535e-03;2.621323e-02;2.273773e-02;2.088839e-01;3.876424e-01;2.173154e-02;7.709940e-03;7.814098e-02;4.939435e-02;3.054622e-03;3.165442e-02
8.206157e-02;1.150196e-02;1.742619e-02;6.885027e-02;3.536462e-01;2.063229e-01;2.280512e-02;1.762679e-02;1.199141e-01;2.820672e-02;4.539101e-03;6.709899e-02
4.245334e-02;1.921816e-02;8.633011e-02;1.805784e-01;2.658016e-01;1.470508e-01;4.234360e-02;4.820834e-02;8.114277e-02;1.974667e-02;1.437494e-02;5.275131e-02
3.856393e-02;6.293581e-02;2.384754e-01;2.290098e-01;9.762327e-02;1.075347e-01;8.639562e-02;5.029837e-02;3.067145e-02;2.091702e-02;1.435983e-02;2.321482e-02
1.238448e-01;1.482914e-01;2.683176e-01;1.226154e-01;4.660033e-02;9.158862e-02;8.999611e-02;2.168477e-02;2.272536e-02;2.682628e-02;9.350632e-03;2.815865e-02
2.531934e-01;1.727077e-01;1.512801e-01;2.769536e-02;3.351121e-02;7.806913e-02;6.290761e-02;1.689641e-02;2.651582e-02;3.550147e-02;4.563835e-02;9.608347e-02
2.355248e-01;8.832940e-02;4.112336e-02;2.308517e-02;2.381125e-02;6.329605e-02;7.416172e-02;2.281274e-02;4.835282e-02;8.832637e-02;1.312267e-01;1.599495e-01
9.777277e-02;1.860828e-02;3.506294e-02;4.260295e-02;3.383401e-02;7.802733e-02;8.179943e-02;6.391392e-02;1.456777e-01;1.517396e-01;1.464042e-01;1.045569e-01
3.445828e-02;3.199012e-02;5.816706e-02;5.129303e-02;5.447177e-02;4.735068e-02;1.901274e-01;1.342002e-01;1.865420e-01;1.204422e-01;6.185942e-02;2.909790e-02
3.841691e-02;4.603893e-02;5.420466e-02;3.301381e-02;7.232582e-02;8.927333e-02;3.327641e-01;1.288856e-01;1.172969e-01;4.745988e-02;1.663239e-02;2.368772e-02
6.039931e-02;3.726685e-02;4.367724e-02;3.859624e-02;9.721403e-02;1.891364e-01;3.138699e-01;9.342859e-02;5.665099e-02;2.825188e-02;2.035268e-02;2.115587e-02
5.973935e-02;2.652406e-02;1.001441e-01;9.060038e-02;1.156314e-01;1.750548e-01;1.365228e-01;7.204267e-02;5.099719e-02;6.875349e-02;5.079107e-02;5.319865e-02
4.553695e-02;3.680290e-02;1.948730e-01;1.035936e-01;8.012678e-02;1.127677e-01;8.366197e-02;5.135781e-02;7.520501e-02;1.164220e-01;5.588343e-02;4.376883e-02
5.403549e-02;8.399667e-02;2.468184e-01;6.383827e-02;4.200023e-02;7.449511e-02;5.470961e-02;4.874160e-02;1.545405e-01;1.275883e-01;2.227153e-02;2.696423e-02
1.125303e-01;9.872127e-02;1.584662e-01;2.752472e-02;3.733744e-02;5.663847e-02;1.025322e-01;1.058798e-01;1.884239e-01;6.991471e-02;1.488088e-02;2.715021e-02
1.072874e-01;5.986543e-02;5.787423e-02;6.617981e-02;5.139915e-02;7.738112e-02;2.315109e-01;1.334139e-01;1.135989e-01;3.165850e-02;2.047932e-02;4.935132e-02
5.567904e-02;3.059075e-02;6.095791e-02;6.517862e-02;6.487879e-02;1.082210e-01;3.018125e-01;1.005655e-01;7.309584e-02;4.080622e-02;4.338367e-02;5.483016e-02
3.442562e-02;2.132655e-02;8.933865e-02;3.382641e-02;7.214966e-02;1.884131e-01;2.304539e-01;6.665055e-02;1.058380e-01;4.496089e-02;7.040125e-02;4.221536e-02
4.002372e-02;6.685059e-03;9.120917e-02;2.523631e-02;8.143030e-02;2.415000e-01;1.613919e-01;3.756106e-02;1.141063e-01;5.304010e-02;8.843330e-02;5.938268e-02
4.755791e-02;1.286318e-02;7.440273e-02;4.303375e-02;1.251035e-01;2.290884e-01;1.533485e-01;4.582507e-02;7.083524e-02;3.371150e-02;8.144701e-02;8.278336e-02
2.745715e-02;2.216606e-02;1.160881e-01;6.875511e-02;1.423866e-01;2.341557e-01;1.057790e-01;4.966516e-02;4.526258e-02;4.263098e-02;7.834382e-02;6.730973e-02
6.284262e-02;4.204592e-02;1.498587e-01;8.934798e-02;1.039252e-01;1.938632e-01;1.108328e-01;4.631681e-02;3.371907e-02;6.614980e-02;5.606668e-02;4.503123e-02
8.910435e-02;4.482953e-02;1.191674e-01;8.112536e-02;7.228188e-02;1.683625e-01;1.505079e-01;2.805284e-02;5.815943e-02;8.220349e-02;5.644251e-02;4.976285e-02
7.101694e-02;3.369684e-02;1.159270e-01;5.887010e-02;5.397779e-02;1.807244e-01;1.675067e-01;4.419082e-02;9.255874e-02;8.661070e-02;4.498069e-02;4.993926e-02
8.906776e-02;9.405174e-02;1.971546e-01;5.981563e-02;6.093867e-02;1.259680e-01;1.485772e-01;4.994941e-02;6.458353e-02;5.099535e-02;3.449932e-02;2.439881e-02
1.786542e-01;1.158502e-01;1.858817e-01;6.002658e-02;5.872219e-02;6.546080e-02;1.639297e-01;3.216975e-02;2.792868e-02;5.625117e-02;1.995533e-02;3.516970e-02
2.295281e-01;9.092374e-02;1.387587e-01;5.926516e-02;6.322470e-02;5.889784e-02;1.405097e-01;3.728684e-02;3.991661e-02;4.805052e-02;3.942048e-02;5.421773e-02
2.446415e-01;3.369822e-02;1.085834e-01;6.094434e-02;6.815615e-02;7.665984e-02;1.605641e-01;4.697694e-02;5.814557e-02;4.055096e-02;4.189886e-02;5.918017e-02
2.312448e-01;4.944896e-02;1.394455e-01;6.854047e-02;5.078376e-02;8.220972e-02;1.303680e-01;4.776886e-02;6.916455e-02;4.792100e-02;3.111769e-02;5.198676e-02
1.794137e-01;6.801809e-02;1.636311e-01;7.505868e-02;3.942325e-02;9.547523e-02;1.206316e-01;4.331091e-02;7.800031e-02;5.828149e-02;3.038447e-02;4.837114e-02
8.079457e-02;6.230719e-02;1.732164e-01;6.984907e-02;4.646581e-02;9.992443e-02;2.103505e-01;5.061622e-02;7.010284e-02;5.545123e-02;4.312854e-02;3.779320e-02
6.817853e-02;6.092476e-02;1.393474e-01;5.149622e-02;7.208548e-02;1.055950e-01;2.171525e-01;9.184928e-02;3.945740e-02;5.727220e-02;5.386172e-02;4.277948e-02
1.641222e-01;4.919380e-02;1.138256e-01;6.215530e-02;9.520111e-02;1.042643e-01;1.129838e-01;9.653605e-02;5.656340e-02;5.472483e-02;4.341453e-02;4.701519e-02
1.650660e-01;4.993981e-02;8.525552e-02;7.052152e-02;1.057363e-01;1.008645e-01;1.595674e-01;6.186037e-02;8.568029e-02;5.178404e-02;1.921726e-02;4.450710e-02
1.291614e-01;6.342736e-02;5.523979e-02;7.076964e-02;1.155719e-01;8.915360e-02;1.443299e-01;6.554492e-02;1.252976e-01;6.683985e-02;3.415738e-02;4.050675e-02
6.356499e-02;9.665870e-02;5.675593e-02;5.584916e-02;9.104750e-02;1.044814e-01;1.432598e-01;8.407543e-02;1.470971e-01;5.908154e-02;3.795084e-02;6.017765e-02
7.791489e-02;1.033643e-01;7.444449e-02;5.407623e-02;6.578156e-02;1.167661e-01;1.748732e-01;4.845094e-02;1.073890e-01;6.938078e-02;5.980469e-02;4.775378e-02
1.022661e-01;7.617571e-02;7.172339e-02;6.942257e-02;7.758381e-02;9.314249e-02;1.801714e-01;6.623329e-02;8.716820e-02;7.134454e-02;7.751741e-02;2.725111e-02
