2.089616e-02;2.660098e-01;5.219280e-01;1.597703e-02;5.606220e-03;1.789996e-02;1.930223e-02;2.116370e-02;1.698836e-02;8.098615e-02;3.732840e-03;9.509552e-03
1.838035e-02;2.458435e-01;5.246343e-01;2.288625e-02;5.788870e-03;1.164122e-02;2.420151e-02;1.852553e-02;2.094139e-02;9.045768e-02;9.405519e-03;7.293877e-03
2.316258e-02;2.011921e-01;4.410727e-01;3.979880e-02;2.605648e-02;8.014466e-02;3.015008e-02;1.322172e-02;4.131166e-02;6.416696e-02;3.270770e-02;7.014565e-03
2.137949e-02;1.277926e-01;2.463934e-01;9.013826e-02;9.249572e-02;1.926384e-01;2.924230e-02;2.671539e-02;4.250231e-02;3.770012e-02;6.230124e-02;3.070082e-02
2.212636e-02;7.278728e-02;9.544324e-02;1.154604e-01;1.897382e-01;2.364003e-01;2.231333e-02;2.924246e-02;3.283747e-02;3.166806e-02;5.353351e-02;9.844948e-02
3.924849e-02;5.163621e-02;1.027428e-01;8.343401e-02;2.496567e-01;2.228297e-01;1.476179e-02;1.646202e-02;2.802502e-02;1.173381e-02;1.846548e-02;1.610040e-01
3.545076e-02;4.940633e-02;9.420225e-02;6.829006e-02;2.601619e-01;2.424804e-01;1.287423e-02;1.126402e-02;3.544757e-02;4.961574e-03;2.002058e-02;1.654403e-01
1.379237e-02;5.799931e-02;6.532275e-02;9.558976e-02;2.310674e-01;2.728405e-01;2.042629e-02;4.057322e-02;5.041726e-02;5.157106e-03;3.782782e-02;1.089863e-01
2.297616e-02;7.530775e-02;1.727990e-01;9.720327e-02;1.650630e-01;2.610658e-01;1.189142e-02;5.939450e-02;6.374551e-02;1.589494e-02;3.489822e-02;1.976040e-02
1.026228e-02;5.852108e-02;1.933518e-01;5.815050e-02;1.547844e-01;3.456652e-01;1.530599e-02;5.681288e-02;3.659548e-02;1.654381e-02;6.459215e-03;4.754735e-02
2.105775e-02;3.268042e-02;1.546408e-01;5.962665e-02;1.967634e-01;4.100282e-01;1.895619e-02;2.476666e-02;2.872715e-02;6.165438e-03;5.592318e-03;4.099490e-02
1.206474e-02;3.440535e-02;1.095260e-01;5.027546e-02;2.070087e-01;4.410569e-01;1.611385e-02;2.250305e-02;4.297452e-02;1.726206e-02;5.367755e-03;4.144161e-02
1.343829e-02;3.851201e-02;5.029023e-02;5.378746e-02;1.741842e-01;4.668096e-01;3.235784e-02;2.906418e-02;5.137208e-02;3.064076e-02;1.152932e-02;4.801406e-02
3.429205e-02;5.026369e-02;1.053434e-01;4.091987e-02;9.666327e-02;4.513597e-01;3.887957e-02;5.154656e-02;4.534530e-02;3.276284e-02;1.177396e-02;4.084981e-02
5.459830e-02;5.936135e-02;1.144185e-01;5.541872e-02;9.804226e-02;4.556618e-01;1.886963e-02;3.416141e-02;3.974318e-02;2.184612e-02;1.246574e-02;3.541297e-02
6.645299e-02;6.499630e-02;9.517369e-02;5.452956e-02;9.306916e-02;5.087824e-01;2.042744e-02;2.386245e-02;2.752211e-02;1.147245e-02;9.666110e-03;2.404534e-02
5.811064e-02;6.236826e-02;9.688462e-02;3.797477e-02;7.177941e-02;5.334033e-01;1.280369e-02;7.258506e-02;1.782683e-02;1.546055e-02;5.012786e-03;1.579007e-02
5.431597e-02;6.055665e-02;1.077563e-01;2.866529e-02;5.864767e-02;5.090624e-01;2.136909e-02;1.037204e-01;1.557350e-02;2.199597e-02;4.980169e-03;1.335652e-02
5.719422e-02;6.666199e-02;1.153522e-01;2.687853e-02;2.848919e-02;4.928987e-01;9.751826e-03;1.330482e-01;1.290891e-02;3.480305e-02;6.222796e-03;1.579042e-02
5.317721e-02;7.697706e-02;1.182687e-01;2.304060e-02;4.387566e-02;4.832931e-01;2.150352e-02;1.130389e-01;1.730365e-02;2.616207e-02;9.843937e-03;1.351549e-02
4.738736e-02;9.695698e-02;1.777619e-01;2.920749e-02;5.114568e-02;4.076204e-01;1.686030e-02;9.137511e-02;2.094523e-02;1.469619e-02;5.786994e-03;4.025644e-02
5.210738e-02;1.355636e-01;2.503806e-01;2.931285e-02;6.194547e-02;2.588246e-01;1.446330e-02;8.325408e-02;2.481290e-02;1.647267e-02;2.035069e-02;5.251182e-02
7.164010e-02;1.792578e-01;2.551639e-01;3.372603e-02;1.075364e-01;1.385747e-01;1.709831e-02;7.891081e-02;2.323821e-02;1.808736e-02;1.288109e-02;6.388520e-02
4.547318e-02;1.502655e-01;2.153682e-01;2.422395e-02;1.184959e-01;2.789909e-01;2.492029e-02;5.614872e-02;2.781351e-02;2.022728e-02;1.111288e-02;2.695965e-02
3.248375e-02;1.311357e-01;2.266730e-01;3.437461e-02;1.014155e-01;3.028387e-01;2.792730e-02;6.054486e-02;2.672281e-02;3.102692e-02;8.815189e-03;1.604168e-02
4.002707e-02;1.197207e-01;1.870012e-01;5.016062e-02;1.259204e-01;3.156883e-01;2.995960e-02;4.276622e-02;2.981938e-02;2.745591e-02;9.579680e-03;2.190102e-02
4.641240e-02;9.460975e-02;1.764239e-01;5.159435e-02;1.009105e-01;3.444197e-01;3.170558e-02;5.052587e-02;4.536039e-02;2.334701e-02;1.013976e-02;2.455071e-02
4.509498e-02;8.335194e-02;1.610901e-01;5.096224e-02;4.810439e-02;4.070808e-01;2.592674e-02;6.989415e-02;5.026861e-02;2.409459e-02;1.165537e-02;2.247607e-02
3.335066e-02;4.711275e-02;9.560256e-02;5.197566e-02;1.070316e-01;4.673331e-01;1.878999e-02;6.496644e-02;4.028316e-02;1.977803e-02;1.651970e-02;3.725639e-02
2.264017e-02;3.484697e-02;3.499230e-02;4.816158e-02;1.377918e-01;4.958566e-01;2.395566e-02;3.011469e-02;6.166886e-02;2.395940e-02;1.296970e-02;7.304224e-02
2.043604e-02;7.882589e-02;1.274848e-01;5.245435e-02;1.131981e-01;3.468530e-01;1.834358e-02;5.046840e-02;7.090878e-02;2.494010e-02;1.463174e-02;8.145534e-02
3.296400e-02;1.376678e-01;1.904058e-01;6.496070e-02;9.932236e-02;2.616668e-01;2.610376e-02;4.616941e-02;5.168609e-02;1.610926e-02;2.268589e-02;5.025814e-02
4.030898e-02;1.542475e-01;1.598665e-01;3.299382e-02;1.001821e-01;3.536787e-01;2.611829e-02;5.269057e-02;3.683112e-02;9.315471e-03;9.546705e-03;2.422022e-02
3.361028e-02;1.353923e-01;1.787410e-01;3.566675e-02;8.857491e-02;3.873993e-01;2.236911e-02;5.301653e-02;3.235883e-02;9.018235e-03;9.749151e-03;1.410371e-02
4.089597e-02;7.691939e-02;1.616117e-01;3.337262e-02;7.501125e-02;3.479524e-01;2.910856e-02;7.799795e-02;5.278477e-02;2.492085e-02;3.895664e-02;4.046793e-02
5.785356e-02;1.194163e-01;2.583629e-01;7.624486e-02;1.894081e-02;1.865874e-01;3.358507e-02;5.690305e-02;4.774315e-02;3.382812e-02;5.783082e-02;5.270389e-02
8.527628e-02;7.075915e-02;2.966650e-01;1.291513e-01;3.961394e-02;1.251373e-01;3.111531e-02;4.671371e-02;5.857746e-02;4.185335e-02;3.873784e-02;3.639940e-02
8.568282e-02;7.037121e-02;3.291374e-01;1.452314e-01;5.110803e-02;1.015156e-01;4.514719e-02;2.835542e-02;4.584450e-02;6.157990e-02;2.419077e-02;1.183578e-02
5.966855e-02;1.099997e-01;3.602357e-01;1.164498e-01;5.776650e-02;7.700017e-02;4.654555e-02;1.762258e-02;3.165264e-02;9.075891e-02;1.920180e-02;1.309808e-02
3.689770e-02;1.803841e-01;3.530464e-01;6.470371e-02;4.532955e-02;7.537943e-02;4.059915e-02;2.258758e-02;2.916006e-02;1.074427e-01;1.531264e-02;2.915694e-02
3.711712e-02;2.488791e-01;2.943793e-01;2.724530e-02;2.883445e-02;8.247457e-02;4.196299e-02;4.002896e-02;4.614443e-02;1.074684e-01;6.798607e-03;3.866676e-02
6.174432e-02;2.896026e-01;2.054021e-01;5.911933e-02;1.189611e-02;8.059489e-02;4.234326e-02;4.938020e-02;6.729673e-02;6.980146e-02;2.696337e-02;3.585568e-02
6.193703e-02;2.475490e-01;1.872571e-01;9.503835e-02;2.466486e-02;1.488242e-01;2.837431e-02;4.884948e-02;5.361862e-02;4.266167e-02;3.378122e-02;2.744418e-02
4.481287e-02;1.467889e-01;3.229950e-01;8.335547e-02;4.225283e-02;2.058619e-01;2.995074e-02;2.500788e-02;2.631442e-02;4.068429e-02;9.958342e-03;2.201734e-02
4.186388e-02;1.459534e-01;3.565806e-01;6.523150e-02;2.330898e-02;2.466570e-01;2.166981e-02;2.235726e-02;2.113791e-02;2.763991e-02;6.729273e-03;2.087034e-02
3.358170e-02;1.373837e-01;3.216278e-01;5.860393e-02;3.454025e-02;2.695695e-01;1.457871e-02;4.561428e-02;3.477344e-02;2.180009e-02;1.227000e-02;1.565666e-02
3.392394e-02;1.334383e-01;3.257934e-01;4.564243e-02;3.873867e-02;2.587861e-01;1.043855e-02;4.602084e-02;4.054363e-02;3.375787e-02;9.225803e-03;2.369042e-02
5.154159e-02;1.835939e-01;3.566681e-01;2.539669e-02;3.242896e-02;1.892761e-01;1.383057e-02;3.486526e-02;3.281521e-02;4.517382e-02;1.088696e-02;2.352288e-02
4.122249e-02;1.443446e-01;3.734357e-01;4.454942e-02;6.042652e-02;1.777366e-01;3.274197e-02;2.363934e-02;3.125841e-02;3.657946e-02;1.550340e-02;1.856207e-02
2.734462e-02;1.638647e-01;3.075929e-01;7.516194e-02;4.885063e-02;2.247094e-01;3.230747e-02;2.646691e-02;2.487781e-02;3.875259e-02;1.434764e-02;1.572342e-02
2.687268e-02;9.940585e-02;2.700237e-01;5.911223e-02;4.637724e-02;3.338752e-01;2.993741e-02;3.451600e-02;1.701736e-02;5.068138e-02;1.231348e-02;1.986745e-02
3.013796e-02;1.322685e-01;2.475811e-01;5.038109e-02;6.757972e-02;2.665875e-01;4.542991e-02;4.911463e-02;3.255040e-02;4.070757e-02;1.142994e-02;2.623172e-02
3.107620e-02;1.082847e-01;2.087565e-01;9.398591e-02;8.915284e-02;1.711407e-01;5.671889e-02;7.639857e-02;4.459082e-02;3.318774e-02;2.584321e-02;6.086393e-02
1.893479e-02;8.182900e-02;1.471464e-01;1.068368e-01;1.576537e-01;1.686043e-01;3.298060e-02;5.911006e-02;4.444341e-02;2.820060e-02;5.002278e-02;1.042377e-01
2.054814e-02;6.713553e-02;1.007348e-01;1.032392e-01;2.103316e-01;2.715630e-01;1.467843e-02;2.868975e-02;2.842892e-02;1.179298e-02;3.577404e-02;1.070836e-01
1.407784e-02;5.868045e-02;7.989472e-02;8.157900e-02;1.905951e-01;4.237528e-01;2.073968e-02;2.030879e-02;1.864750e-02;7.695543e-03;8.972229e-03;7.505640e-02
2.318179e-02;4.443586e-02;8.026056e-02;3.507544e-02;9.718139e-02;6.055130e-01;3.436606e-02;2.197105e-02;9.866056e-03;1.252570e-02;3.185328e-03;3.243778e-02
3.684261e-02;3.591305e-02;7.415897e-02;1.307724e-02;2.796109e-02;6.398823e-01;7.293020e-02;5.017012e-02;7.417348e-03;2.720375e-02;8.368557e-03;6.074714e-03
3.724013e-02;3.343775e-02;4.441114e-02;2.026243e-02;4.017868e-02;5.757079e-01;9.934088e-02;6.051018e-02;8.359597e-03;5.202718e-02;1.934836e-02;9.175809e-03
2.908364e-02;3.298343e-02;2.949972e-02;1.801651e-02;2.914412e-02;5.524055e-01;1.187826e-01;6.018621e-02;8.124888e-03;7.357439e-02;3.163747e-02;1.656148e-02
1.718207e-02;5.830596e-02;6.859498e-02;2.620956e-02;1.639157e-02;4.725841e-01;1.428765e-01;7.976411e-02;2.217984e-02;5.697549e-02;2.081499e-02;1.812090e-02
1.972723e-02;8.970027e-02;6.899704e-02;2.247414e-02;2.799382e-02;3.306700e-01;2.158312e-01;1.150401e-01;5.538071e-02;3.443676e-02;7.160769e-03;1.258796e-02
1.342041e-02;8.040895e-02;5.545115e-02;2.769832e-02;4.031194e-02;2.353324e-01;2.420017e-01;1.898586e-01;7.137339e-02;2.003341e-02;1.624087e-02;7.868801e-03
5.731358e-03;4.439362e-02;4.924913e-02;2.811248e-02;3.652097e-02;2.634942e-01;1.761062e-01;3.003114e-01;5.310821e-02;1.779972e-02;1.951303e-02;5.659721e-03
7.111289e-03;2.242192e-02;6.317173e-02;2.567353e-02;2.775977e-02;2.632527e-01;8.312915e-02;4.133485e-01;4.079514e-02;3.211972e-02;1.017660e-02;1.103996e-02
1.137401e-02;1.432547e-02;6.624956e-02;2.070666e-02;2.085059e-02;1.674578e-01;5.183262e-02;5.050495e-01;5.607897e-02;5.555891e-02;9.125307e-03;2.139060e-02
1.208554e-02;2.527709e-02;6.248115e-02;1.243776e-02;3.663882e-02;2.508677e-01;5.038012e-02;4.214556e-01;5.504604e-02;4.795378e-02;7.018565e-03;1.835789e-02
1.055097e-02;2.657682e-02;6.732877e-02;1.406904e-02;4.033257e-02;2.588064e-01;7.463235e-02;3.836541e-01;6.770904e-02;3.527481e-02;4.120157e-03;1.694503e-02
1.169263e-02;4.115758e-02;9.443112e-02;2.666854e-02;5.377216e-02;2.336781e-01;3.981028e-02;3.621380e-01;8.061869e-02;3.034790e-02;7.432540e-03;1.825247e-02
1.569514e-02;5.601035e-02;1.218589e-01;2.422925e-02;4.985307e-02;2.790854e-01;3.223715e-02;2.823722e-01;7.869265e-02;2.956969e-02;1.494311e-02;1.545309e-02
1.552974e-02;2.973699e-02;1.225686e-01;2.903995e-02;4.813824e-02;2.790395e-01;8.117582e-02;2.231005e-01;1.021814e-01;3.600899e-02;1.060931e-02;2.287094e-02
3.037829e-02;7.906707e-02;8.239632e-02;2.585903e-02;5.040163e-02;1.718391e-01;9.503419e-02;2.358809e-01;1.256959e-01;4.505572e-02;2.981377e-02;2.857801e-02
3.887688e-02;9.183428e-02;6.235901e-02;4.259920e-02;7.104000e-02;1.617124e-01;9.159967e-02;2.300557e-01;1.075856e-01;4.112521e-02;3.855641e-02;2.265560e-02
4.188145e-02;1.045233e-01;9.234959e-02;4.339011e-02;8.801135e-02;1.770520e-01;9.212624e-02;1.939957e-01;5.667238e-02;3.897901e-02;4.224364e-02;2.877523e-02
3.555574e-02;1.032124e-01;1.220524e-01;3.921724e-02;9.476032e-02;1.272245e-01;8.029288e-02;2.164684e-01;7.510786e-02;4.300367e-02;3.672349e-02;2.638115e-02
1.901125e-02;6.879355e-02;8.029668e-02;2.098912e-02;9.266597e-02;1.834079e-01;5.381582e-02;3.280046e-01;7.950893e-02;3.158469e-02;2.271852e-02;1.920304e-02
1.285772e-02;5.156417e-02;8.210309e-02;3.749333e-02;6.824666e-02;2.656293e-01;7.130602e-02;3.044631e-01;6.243913e-02;1.485345e-02;1.065060e-02;1.839356e-02
1.646466e-02;6.175686e-02;8.675479e-02;3.741609e-02;3.204950e-02;3.126429e-01;5.176501e-02;3.154690e-01;5.133618e-02;1.194076e-02;8.419856e-03;1.398438e-02
1.617640e-02;6.361084e-02;8.095249e-02;2.800629e-02;3.755069e-02;2.961020e-01;6.744215e-02;3.021111e-01;6.070539e-02;1.670180e-02;1.568543e-02;1.495543e-02
1.885890e-02;9.164181e-02;1.378997e-01;2.228722e-02;5.565049e-02;1.832210e-01;6.370198e-02;2.935225e-01;7.112568e-02;2.982435e-02;1.659870e-02;1.566772e-02
3.158710e-02;1.009594e-01;1.452859e-01;5.578104e-02;2.595177e-02;1.576605e-01;4.676377e-02;2.762139e-01;7.618704e-02;4.192128e-02;1.947733e-02;2.221105e-02
2.382910e-02;8.116015e-02;7.053754e-02;7.147094e-02;7.668184e-02;2.182871e-01;9.204909e-02;2.276519e-01;6.626841e-02;3.626400e-02;1.283255e-02;2.296744e-02
3.220706e-02;1.187813e-01;1.501387e-01;7.867832e-02;1.252121e-01;6.952468e-02;1.019145e-01;1.783132e-01;6.788810e-02;4.352221e-02;9.535891e-03;2.428395e-02
2.261063e-02;1.261377e-01;1.439648e-01;3.824096e-02;9.180391e-02;3.120142e-01;5.462609e-02;1.113621e-01;4.525227e-02;2.614725e-02;1.370046e-02;1.413961e-02
1.213818e-02;9.482556e-02;1.145653e-01;3.155016e-02;7.189991e-02;4.290597e-01;1.635664e-02;1.631898e-01;2.556789e-02;1.536452e-02;9.229327e-03;1.625307e-02
1.134026e-02;7.340501e-02;9.347189e-02;3.615640e-02;7.668361e-02;4.092081e-01;2.395110e-02;1.884690e-01;4.403538e-02;1.510330e-02;8.429818e-03;1.974609e-02
1.167086e-02;5.145717e-02;7.670408e-02;4.643930e-02;8.539169e-02;3.417258e-01;8.828685e-02;1.920631e-01;5.726371e-02;1.889098e-02;7.364142e-03;2.274239e-02
1.363385e-02;5.417319e-02;8.326302e-02;3.560847e-02;8.329303e-02;3.648643e-01;1.376572e-01;1.387547e-01;3.261852e-02;1.704231e-02;1.043243e-02;2.865900e-02
2.105883e-02;9.298281e-02;1.120189e-01;1.718642e-02;7.799183e-02;3.287100e-01;1.398889e-01;1.169850e-01;4.154475e-02;1.988463e-02;4.552805e-03;2.719508e-02
1.637254e-02;1.143051e-01;1.360143e-01;3.185685e-02;7.118385e-02;3.668966e-01;4.075002e-02;6.719144e-02;8.971541e-02;3.141542e-02;1.218201e-02;2.211646e-02
2.659427e-02;7.140050e-02;9.374137e-02;5.418065e-02;8.843910e-02;2.635794e-01;7.611208e-02;1.516685e-01;9.238130e-02;3.930283e-02;1.538928e-02;2.721069e-02
4.249575e-02;4.208388e-02;6.918740e-02;6.010646e-02;1.051263e-01;3.713295e-01;5.920408e-02;1.176370e-01;5.628895e-02;3.501612e-02;1.719786e-02;2.432676e-02
6.024556e-02;3.146469e-02;6.467624e-02;5.760510e-02;9.947719e-02;4.825983e-01;2.919338e-02;7.198723e-02;2.680520e-02;5.242798e-02;9.955849e-03;1.356328e-02
6.741471e-02;2.091224e-02;5.376969e-02;4.522843e-02;5.809612e-02;4.700095e-01;4.696973e-02;1.205121e-01;3.372721e-02;7.337350e-02;3.218425e-03;6.768441e-03
5.037418e-02;2.736804e-02;1.126035e-01;4.666687e-02;2.185358e-02;3.730798e-01;4.994230e-02;1.506157e-01;7.453391e-02;6.633470e-02;6.637499e-03;1.998995e-02
2.415487e-02;4.161969e-02;1.288474e-01;3.724176e-02;5.519823e-02;4.507930e-01;2.135781e-02;1.034241e-01;6.039444e-02;4.046019e-02;1.007763e-02;2.643087e-02
2.129252e-02;3.651513e-02;1.067543e-01;3.770369e-02;6.363796e-02;4.672930e-01;4.437575e-02;8.900507e-02;6.874046e-02;3.100511e-02;7.448084e-03;2.622896e-02
2.367772e-02;3.814777e-02;4.752669e-02;3.321598e-02;5.564625e-02;3.284768e-01;9.494195e-02;2.345286e-01;9.303337e-02;2.541537e-02;9.684974e-03;1.570453e-02
1.496926e-02;3.948794e-02;3.813371e-02;1.842939e-02;4.376521e-02;1.247741e-01;1.155573e-01;4.567986e-01;9.875195e-02;2.979624e-02;1.413885e-02;5.397384e-03
8.055146e-03;2.310169e-02;3.656062e-02;1.815430e-02;2.717242e-02;1.446783e-01;8.142656e-02;5.249327e-01;7.911435e-02;3.423160e-02;1.417326e-02;8.399033e-03
7.419700e-03;2.234879e-02;2.766755e-02;1.860376e-02;3.070063e-02;1.388278e-01;7.957941e-02;5.218379e-01;8.960583e-02;3.311811e-02;1.699902e-02;1.329150e-02
1.271018e-02;3.294357e-02;3.856614e-02;1.892409e-02;3.877038e-02;2.140531e-01;9.194643e-02;3.999377e-01;9.255307e-02;2.608645e-02;2.124733e-02;1.226152e-02
2.264337e-02;4.750081e-02;7.936814e-02;2.767778e-02;4.544007e-02;2.638595e-01;8.740754e-02;2.562096e-01;9.188958e-02;3.703143e-02;2.736876e-02;1.360348e-02
2.950086e-02;4.437622e-02;1.015661e-01;3.110724e-02;4.084329e-02;2.366529e-01;5.300966e-02;2.994151e-01;9.026741e-02;4.324089e-02;2.179262e-02;8.227672e-03
3.224100e-02;3.915341e-02;7.147451e-02;2.204748e-02;3.168437e-02;2.090456e-01;2.982352e-02;4.046296e-01;9.866703e-02;2.860748e-02;1.596168e-02;1.666434e-02
4.825105e-02;4.244881e-02;6.011195e-02;3.052503e-02;2.646688e-02;2.221844e-01;4.627588e-02;3.479001e-01;9.118168e-02;3.420029e-02;1.919028e-02;3.126368e-02
5.460645e-02;5.964135e-02;7.354904e-02;3.746291e-02;2.719952e-02;2.173540e-01;4.108582e-02;2.842623e-01;1.069703e-01;4.289733e-02;1.687697e-02;3.809402e-02
6.400163e-02;8.468822e-02;1.023628e-01;4.093191e-02;2.241609e-02;1.120971e-01;9.577700e-02;1.969436e-01;1.508754e-01;4.212990e-02;4.032080e-02;4.745555e-02
3.711924e-02;3.700139e-02;9.388965e-02;3.414535e-02;2.143686e-02;1.747272e-01;1.012109e-01;2.308719e-01;8.429798e-02;3.301425e-02;2.904307e-02;1.232422e-01
2.522672e-02;3.344576e-02;7.330168e-02;3.746543e-02;1.725686e-02;1.548050e-01;6.916536e-02;2.898148e-01;1.092899e-01;2.379897e-02;1.412964e-02;1.522999e-01
3.167224e-02;2.691795e-02;4.810848e-02;5.605792e-02;1.060389e-02;1.292216e-01;3.906513e-02;3.324446e-01;1.447656e-01;1.527576e-02;1.020990e-02;1.556569e-01
2.705764e-02;1.736596e-02;5.593573e-02;7.025724e-02;8.988452e-03;8.323688e-02;1.765542e-02;3.766670e-01;1.578644e-01;1.509715e-02;2.096120e-02;1.489129e-01
8.263062e-03;1.220297e-02;6.681972e-02;6.087269e-02;7.656996e-03;8.688590e-02;2.635135e-02;4.200812e-01;1.455979e-01;1.280402e-02;2.472009e-02;1.277441e-01
1.229648e-02;1.385168e-02;4.523849e-02;5.606301e-02;7.887800e-03;1.014666e-01;5.992154e-02;4.374859e-01;1.558814e-01;2.109619e-02;2.127812e-02;6.753276e-02
9.457238e-03;1.626311e-02;4.296072e-02;4.250514e-02;9.423675e-03;1.287890e-01;5.641910e-02;5.091315e-01;1.174715e-01;2.934644e-02;1.770504e-02;2.052743e-02
6.251931e-03;2.796547e-02;5.745028e-02;1.347140e-02;5.127125e-03;1.071893e-01;3.358708e-02;5.748834e-01;1.239214e-01;1.851090e-02;1.458432e-02;1.705742e-02
3.694664e-03;2.156569e-02;4.682023e-02;1.089908e-02;9.806982e-03;1.470006e-01;2.994923e-02;5.900626e-01;1.138614e-01;1.088468e-02;6.557993e-03;8.896805e-03
4.089436e-03;1.638648e-02;4.513818e-02;8.030565e-03;1.081118e-02;1.495750e-01;2.390698e-02;6.007866e-01;1.196453e-01;1.018556e-02;2.776164e-03;8.668490e-03
3.620559e-03;1.321742e-02;5.805987e-02;6.619578e-03;9.466860e-03;5.298410e-02;2.782083e-02;6.602702e-01;1.417503e-01;1.261102e-02;5.265861e-03;8.313350e-03
6.239621e-03;1.956541e-02;4.303743e-02;1.090698e-02;8.515062e-03;2.520630e-02;2.482325e-02;6.581026e-01;1.641327e-01;1.682258e-02;4.992203e-03;1.765589e-02
5.833530e-03;1.468864e-02;3.853143e-02;1.381849e-02;6.505851e-03;7.433288e-02;1.335863e-02;5.996257e-01;1.996128e-01;1.030597e-02;5.864078e-03;1.752194e-02
3.626225e-03;1.349499e-02;3.482720e-02;2.758667e-02;8.146829e-03;6.295702e-02;3.315157e-02;5.360743e-01;2.301454e-01;2.934461e-02;6.229468e-03;1.441573e-02
4.611231e-03;1.855203e-02;3.397093e-02;2.856759e-02;1.274253e-02;1.114285e-01;5.907020e-02;4.083018e-01;2.615940e-01;4.711930e-02;5.883338e-03;8.158520e-03
5.989147e-03;1.799501e-02;3.378369e-02;4.304048e-02;1.781810e-02;1.406772e-01;7.942294e-02;2.742946e-01;3.060594e-01;6.258681e-02;8.312032e-03;1.002065e-02
5.618923e-03;1.180775e-02;3.909140e-02;5.458451e-02;1.079520e-02;7.352582e-02;4.806461e-02;3.671136e-01;3.405688e-01;3.009278e-02;6.244764e-03;1.249194e-02
3.032031e-03;1.236464e-02;3.030675e-02;4.383515e-02;4.579827e-03;7.040051e-02;1.991715e-02;4.851737e-01;3.007600e-01;1.245658e-02;4.360606e-03;1.281310e-02
1.776771e-03;1.117714e-02;1.917209e-02;2.846599e-02;5.136006e-03;1.113194e-01;1.266694e-02;5.317618e-01;2.493585e-01;1.014022e-02;6.968420e-03;1.205671e-02
2.741327e-03;1.403768e-02;1.689620e-02;1.820914e-02;8.347736e-03;4.342293e-02;1.398736e-02;5.966426e-01;2.569796e-01;1.056084e-02;5.697345e-03;1.247727e-02
5.057700e-03;1.181866e-02;2.734151e-02;2.202061e-02;9.990493e-03;9.951468e-02;1.573288e-02;5.328568e-01;2.461834e-01;8.656390e-03;4.109750e-03;1.671720e-02
8.158422e-03;1.627235e-02;4.576584e-02;3.572180e-02;8.186960e-03;1.116794e-01;2.130301e-02;4.386641e-01;2.611863e-01;1.497145e-02;8.424734e-03;2.966564e-02
8.606036e-03;2.164991e-02;8.830331e-02;2.748823e-02;1.051187e-02;7.253043e-02;5.773907e-02;3.920676e-01;2.100451e-01;3.947994e-02;3.516044e-02;3.641811e-02
7.901659e-03;3.454183e-02;6.599633e-02;1.189866e-02;1.136580e-02;1.156105e-01;1.826268e-01;3.512815e-01;1.218296e-01;3.225325e-02;5.115630e-02;1.353791e-02
5.135166e-03;3.651634e-02;2.897032e-02;1.701333e-02;9.431105e-03;1.580766e-01;2.978088e-01;2.776347e-01;1.109041e-01;1.828620e-02;3.489941e-02;5.323960e-03
1.437912e-02;2.784212e-02;1.336953e-02;1.278364e-02;8.727769e-03;2.297399e-01;3.200943e-01;2.440637e-01;9.359968e-02;1.399547e-02;1.752388e-02;3.880784e-03
5.030103e-02;1.775070e-02;8.687506e-03;6.450950e-03;1.857872e-02;3.491403e-01;2.871569e-01;1.783731e-01;5.885591e-02;8.886710e-03;9.607172e-03;6.211069e-03
1.125849e-01;1.276793e-02;8.499566e-03;9.661046e-03;2.915213e-02;4.612273e-01;1.889909e-01;1.025802e-01;3.767601e-02;1.283263e-02;7.634793e-03;1.639257e-02
1.496485e-01;1.342255e-02;1.470082e-02;6.072178e-03;3.967824e-02;4.720690e-01;6.577346e-02;1.145144e-01;3.851050e-02;1.161776e-02;9.589041e-03;6.440348e-02
1.524921e-01;1.197027e-02;7.039496e-03;9.230959e-03;7.451466e-02;4.002510e-01;2.606828e-02;1.129364e-01;2.842992e-02;5.407644e-03;1.273310e-02;1.589261e-01
1.063114e-01;9.934353e-03;1.312218e-02;1.558514e-02;1.072714e-01;3.499777e-01;4.189124e-02;9.969383e-02;1.307716e-02;5.742267e-03;2.184108e-02;2.155523e-01
4.274957e-02;8.933593e-03;1.307004e-02;1.308227e-02;1.181121e-01;4.223415e-01;5.232406e-02;9.400852e-02;3.761594e-02;9.075447e-03;3.018069e-02;1.585063e-01
1.467177e-02;8.098484e-03;7.362332e-03;1.556703e-02;1.396971e-01;4.927594e-01;6.885599e-02;9.463299e-02;5.997515e-02;1.239002e-02;2.639163e-02;5.959809e-02
2.895064e-02;8.189492e-03;1.103968e-02;1.294451e-02;1.269142e-01;4.809239e-01;9.019234e-02;1.315006e-01;5.601294e-02;1.175811e-02;1.209228e-02;2.948125e-02
2.348109e-02;8.478202e-03;1.187914e-02;7.429749e-03;1.033812e-01;4.894720e-01;6.187579e-02;1.989325e-01;3.695306e-02;1.428670e-02;7.226379e-03;3.660411e-02
2.444238e-02;1.303301e-02;1.874364e-02;9.616930e-03;1.059515e-01;4.744909e-01;3.716001e-02;2.198566e-01;5.184077e-02;1.460096e-02;5.860299e-03;2.440307e-02
3.759163e-02;1.562519e-02;1.961992e-02;1.057344e-02;1.175272e-01;4.305527e-01;4.801504e-02;1.967117e-01;8.042008e-02;9.663344e-03;9.446453e-03;2.425325e-02
5.541974e-02;1.177834e-02;1.562801e-02;1.643530e-02;1.144783e-01;4.294499e-01;6.306964e-02;1.480895e-01;8.198415e-02;1.029738e-02;1.748629e-02;3.588337e-02
5.021165e-02;1.457230e-02;1.539385e-02;1.512922e-02;8.970533e-02;5.340131e-01;5.042215e-02;1.354125e-01;3.482578e-02;1.423948e-02;7.988542e-03;3.808608e-02
2.535429e-02;1.799990e-02;2.104936e-02;1.206884e-02;9.237360e-02;5.444961e-01;2.844786e-02;1.585458e-01;3.986505e-02;1.508632e-02;1.087058e-02;3.384224e-02
1.521815e-02;1.966173e-02;2.779066e-02;1.399181e-02;9.459805e-02;4.658047e-01;9.422880e-02;1.386370e-01;6.145002e-02;1.245194e-02;8.775727e-03;4.739146e-02
2.851875e-02;1.431139e-02;2.524011e-02;8.975397e-03;9.519246e-02;4.438781e-01;1.371354e-01;1.182298e-01;5.933079e-02;8.591263e-03;9.241473e-03;5.135508e-02
2.881879e-02;1.501723e-02;2.329306e-02;1.301536e-02;9.565171e-02;5.217688e-01;1.185999e-01;8.733818e-02;2.881706e-02;5.722928e-03;9.264971e-03;5.269202e-02
1.912094e-02;1.234481e-02;2.413477e-02;2.116541e-02;1.173675e-01;4.794746e-01;7.706875e-02;1.217956e-01;3.728421e-02;9.126466e-03;4.132824e-03;7.698424e-02
8.352911e-03;2.995530e-02;4.487816e-02;2.892471e-02;1.076973e-01;3.607446e-01;7.580914e-02;1.719156e-01;6.191497e-02;2.481494e-02;1.870088e-02;6.629144e-02
1.970589e-02;4.786167e-02;6.198888e-02;3.580017e-02;8.285879e-02;2.968782e-01;8.656378e-02;1.759472e-01;6.830251e-02;3.816808e-02;3.530083e-02;5.062397e-02
2.694520e-02;5.683395e-02;5.606721e-02;4.504685e-02;5.515686e-02;2.856912e-01;9.727753e-02;1.819010e-01;6.656507e-02;3.802494e-02;4.628706e-02;4.420309e-02
3.905096e-02;7.969131e-02;8.152172e-02;3.544851e-02;3.993933e-02;4.218625e-01;4.675726e-02;1.360082e-01;4.091677e-02;1.205917e-02;2.547238e-02;4.127184e-02
3.612875e-02;7.563092e-02;1.144582e-01;5.189947e-02;6.280331e-02;3.422550e-01;1.637536e-02;1.552020e-01;8.480433e-02;1.548203e-02;2.199311e-02;2.296750e-02
2.464665e-02;1.054761e-01;1.048298e-01;5.215613e-02;6.313262e-02;1.940575e-01;1.017293e-01;1.311756e-01;1.380576e-01;4.687268e-02;1.682323e-02;2.104284e-02
2.022409e-02;7.203303e-02;6.536446e-02;3.470784e-02;3.931580e-02;1.812255e-01;1.324866e-01;1.886782e-01;1.856196e-01;4.181159e-02;1.521900e-02;2.331418e-02
2.045119e-02;5.077120e-02;5.235896e-02;2.652939e-02;3.002784e-02;1.664475e-01;1.000949e-01;2.700247e-01;1.976002e-01;4.675569e-02;1.519260e-02;2.374580e-02
2.127465e-02;3.404245e-02;3.612932e-02;2.261136e-02;1.947911e-02;1.546606e-01;5.963009e-02;3.614927e-01;2.191475e-01;4.189461e-02;9.788883e-03;1.984872e-02
2.003418e-02;2.235582e-02;5.144766e-02;2.501835e-02;8.674042e-03;1.695603e-01;2.900158e-02;3.998159e-01;2.172835e-01;3.428634e-02;7.929843e-03;1.459249e-02
2.082030e-02;3.678611e-02;9.305669e-02;2.258197e-02;6.179592e-03;2.118329e-01;3.129369e-02;3.509105e-01;1.611075e-01;3.611766e-02;9.794220e-03;1.951884e-02
2.390187e-02;6.047620e-02;1.356256e-01;2.211732e-02;1.617933e-02;2.329226e-01;3.699270e-02;3.246206e-01;8.302571e-02;2.985808e-02;1.354139e-02;2.073860e-02
1.503016e-02;6.127126e-02;1.195998e-01;1.839502e-02;2.274105e-02;1.608519e-01;3.538913e-02;3.701270e-01;1.537530e-01;1.538803e-02;1.561963e-02;1.183402e-02
1.043965e-02;4.030615e-02;4.556082e-02;9.645542e-03;2.026122e-02;2.124878e-01;2.370356e-02;4.508970e-01;1.622286e-01;8.903319e-03;7.511362e-03;8.055059e-03
1.864813e-02;4.111161e-02;5.662958e-02;1.685977e-02;1.252971e-02;1.015399e-01;1.951976e-02;5.252568e-01;1.758143e-01;1.584461e-02;8.498818e-03;7.746991e-03
2.715168e-02;6.156337e-02;7.332782e-02;2.686764e-02;2.393049e-02;1.216913e-01;3.165987e-02;3.371432e-01;1.863395e-01;5.145614e-02;3.815806e-02;2.071100e-02
2.714179e-02;6.834637e-02;5.335104e-02;1.542465e-02;3.235973e-02;1.225580e-01;4.028003e-02;1.747279e-01;1.587434e-01;9.348456e-02;1.502725e-01;6.330992e-02
2.392815e-02;4.667607e-02;3.788268e-02;1.300203e-02;2.840248e-02;1.120496e-01;6.330538e-02;9.819552e-02;1.157209e-01;9.252072e-02;2.574912e-01;1.108254e-01
1.440930e-02;3.166963e-02;3.059175e-02;1.273536e-02;1.993321e-02;1.152268e-01;7.307733e-02;8.083317e-02;9.657268e-02;7.760628e-02;3.151229e-01;1.322215e-01
1.980724e-02;4.493109e-02;2.918846e-02;1.018426e-02;2.478037e-02;1.106379e-01;5.783866e-02;1.139524e-01;1.232825e-01;1.343973e-01;2.387591e-01;9.224067e-02
2.376673e-02;5.928426e-02;2.136654e-02;1.103147e-02;4.108704e-02;9.598254e-02;3.681331e-02;1.446102e-01;1.319005e-01;1.648825e-01;2.004346e-01;6.884023e-02
1.324437e-02;4.540968e-02;1.766947e-02;4.586528e-03;3.138728e-02;1.287122e-01;1.896190e-02;8.917651e-02;9.765453e-02;1.046906e-01;3.632308e-01;8.527616e-02
6.448592e-03;2.866825e-02;1.542606e-02;2.895875e-03;1.170335e-02;1.783079e-01;1.893961e-02;5.573668e-02;9.221604e-02;4.596127e-02;4.347217e-01;1.089748e-01
1.117047e-02;2.596526e-02;2.404708e-02;7.658670e-03;2.238475e-02;1.997327e-01;3.013670e-02;8.238284e-02;1.127360e-01;5.974921e-02;3.156770e-01;1.083593e-01
1.963156e-02;4.253482e-02;2.449823e-02;1.495733e-02;3.456566e-02;1.902042e-01;4.431071e-02;1.702193e-01;1.292119e-01;7.480854e-02;1.408780e-01;1.141797e-01
1.361338e-02;5.866749e-02;3.655316e-02;2.252951e-02;2.520118e-02;1.927260e-01;4.520779e-02;2.603706e-01;4.615264e-02;6.868800e-02;8.888615e-02;1.414041e-01
1.496858e-02;5.641285e-02;3.985157e-02;1.428108e-02;2.038903e-02;2.294297e-01;2.746402e-02;1.951069e-01;1.121005e-01;8.107898e-02;1.064276e-01;1.024892e-01
2.971516e-02;7.573173e-02;4.669005e-02;2.191175e-02;1.483198e-02;2.395086e-01;3.279848e-02;1.636675e-01;8.089154e-02;1.287546e-01;9.285887e-02;7.263978e-02
2.399052e-02;5.866462e-02;5.194580e-02;2.815863e-02;1.737120e-02;2.115699e-01;3.785351e-02;1.537631e-01;1.223691e-01;1.193351e-01;1.447136e-01;3.026508e-02
1.955838e-02;4.109693e-02;6.566191e-02;2.299824e-02;1.859923e-02;2.004051e-01;4.804642e-02;1.141512e-01;1.078393e-01;8.939435e-02;2.338796e-01;3.836934e-02
2.506680e-02;2.598126e-02;4.782247e-02;2.050193e-02;1.400208e-02;1.388380e-01;1.041576e-01;8.244582e-02;7.584001e-02;7.049575e-02;2.378769e-01;1.569715e-01
3.833532e-02;1.763653e-02;2.703414e-02;3.636343e-02;5.750000e-03;8.300973e-02;1.738341e-01;5.165276e-02;4.068249e-02;5.531804e-02;1.541926e-01;3.161908e-01
7.987966e-02;2.097810e-02;1.705564e-02;6.441113e-02;8.660790e-03;4.303899e-02;1.798135e-01;4.081689e-02;4.080838e-02;4.947832e-02;5.855589e-02;3.965028e-01
9.921732e-02;4.070223e-02;2.092606e-02;7.433031e-02;1.888798e-02;4.114682e-02;1.407231e-01;5.066990e-02;2.642130e-02;3.676458e-02;5.209225e-02;3.981181e-01
5.374970e-02;3.643991e-02;2.702822e-02;6.041111e-02;2.645165e-02;4.606399e-02;1.661845e-01;6.204618e-02;4.918810e-02;2.645149e-02;5.721610e-02;3.887691e-01
4.682322e-02;5.072678e-02;4.233550e-02;3.986793e-02;2.763348e-02;4.646138e-02;1.506954e-01;7.491384e-02;6.530765e-02;3.758813e-02;1.092188e-01;3.084279e-01
6.329588e-02;5.003129e-02;6.595018e-02;3.584060e-02;1.956023e-02;8.206268e-02;8.500727e-02;5.848914e-02;8.914097e-02;5.701882e-02;2.257189e-01;1.678841e-01
5.208877e-02;3.681307e-02;5.287959e-02;3.383097e-02;2.211076e-02;1.157027e-01;5.104333e-02;6.009065e-02;1.184235e-01;1.031847e-01;2.252213e-01;1.286106e-01
3.328912e-02;4.412470e-02;3.196839e-02;3.262275e-02;2.378288e-02;1.604369e-01;6.690390e-02;1.156681e-01;1.327503e-01;9.059395e-02;1.470870e-01;1.207720e-01
5.484132e-02;9.670057e-02;7.320501e-02;3.353330e-02;2.543792e-02;1.055872e-01;1.067705e-01;1.025929e-01;1.456386e-01;5.057173e-02;9.045015e-02;1.146708e-01
4.922443e-02;1.463337e-01;1.244903e-01;3.321344e-02;2.473032e-02;9.477036e-02;6.115760e-02;1.919359e-01;1.120207e-01;3.757428e-02;5.536585e-02;6.918309e-02
3.653822e-02;1.445564e-01;1.258913e-01;3.239242e-02;2.147833e-02;1.449272e-01;4.056448e-02;1.905732e-01;1.037436e-01;4.017398e-02;5.983805e-02;5.932287e-02
4.535053e-02;9.215170e-02;9.297984e-02;2.543030e-02;2.582726e-02;1.998204e-01;3.508345e-02;1.587815e-01;9.317483e-02;4.296163e-02;8.947069e-02;9.896787e-02
5.208702e-02;5.730431e-02;6.802393e-02;2.298041e-02;3.893353e-02;2.154692e-01;3.883578e-02;1.004705e-01;1.157418e-01;4.412037e-02;1.079932e-01;1.380400e-01
3.516903e-02;5.166176e-02;6.266608e-02;2.522694e-02;3.774476e-02;1.859229e-01;7.357033e-02;1.097516e-01;1.084575e-01;4.729444e-02;1.002461e-01;1.622885e-01
3.799814e-02;5.660370e-02;4.036641e-02;2.679450e-02;3.437765e-02;1.444137e-01;1.320614e-01;1.300453e-01;1.104226e-01;3.915713e-02;7.269739e-02;1.750621e-01
4.188240e-02;7.082142e-02;5.994923e-02;1.890947e-02;3.402571e-02;7.038088e-02;1.211506e-01;9.227299e-02;1.357322e-01;5.435526e-02;1.302453e-01;1.702745e-01
4.634223e-02;3.188993e-02;5.702676e-02;1.672498e-02;1.185374e-02;6.803484e-02;1.029157e-01;1.242437e-01;1.226487e-01;6.071946e-02;1.840203e-01;1.735796e-01
4.353764e-02;3.589422e-02;6.700825e-02;1.491374e-02;2.554926e-02;1.104155e-01;9.206891e-02;1.460909e-01;1.177818e-01;4.623038e-02;1.651202e-01;1.353891e-01
2.312072e-02;4.523594e-02;6.035616e-02;2.061112e-02;2.813306e-02;1.719328e-01;1.311142e-01;2.520705e-01;7.975006e-02;4.183537e-02;7.326011e-02;7.258000e-02
1.292777e-02;3.176824e-02;4.494349e-02;1.494642e-02;2.052604e-02;1.617370e-01;1.627533e-01;3.604917e-01;7.585679e-02;2.461735e-02;4.652821e-02;4.290370e-02
1.132963e-02;2.282271e-02;3.862099e-02;1.130049e-02;1.567410e-02;1.204509e-01;1.582410e-01;4.840214e-01;5.960512e-02;1.318729e-02;4.317921e-02;2.156718e-02
1.623280e-02;3.467456e-02;5.783011e-02;1.283981e-02;1.547680e-02;8.264512e-02;1.298028e-01;5.433454e-01;4.309019e-02;1.000566e-02;3.558701e-02;1.846977e-02
1.331132e-02;4.378041e-02;6.018811e-02;1.082673e-02;1.113468e-02;7.547765e-02;1.949110e-01;4.918385e-01;4.751691e-02;1.180552e-02;2.213872e-02;1.707044e-02
8.197295e-03;3.616129e-02;4.782202e-02;7.113356e-03;8.537672e-03;5.881353e-02;2.882223e-01;4.858331e-01;2.519684e-02;7.548471e-03;1.154733e-02;1.500684e-02
5.142959e-03;2.820910e-02;3.837201e-02;9.706954e-03;7.173280e-03;8.284955e-02;2.884172e-01;4.588183e-01;4.314519e-02;8.783605e-03;1.268694e-02;1.669483e-02
4.915169e-03;2.162845e-02;5.751076e-02;8.564342e-03;4.566109e-03;5.074403e-02;2.333970e-01;5.124657e-01;5.117304e-02;7.711899e-03;1.990669e-02;2.741681e-02
7.092707e-03;2.856327e-02;8.409596e-02;6.962157e-03;5.877011e-03;3.166839e-02;1.269074e-01;6.060917e-01;2.515500e-02;8.978763e-03;2.744690e-02;4.116068e-02
7.869465e-03;2.363607e-02;7.691929e-02;6.707763e-03;8.636342e-03;2.953452e-02;8.652104e-02;6.269539e-01;5.045224e-02;1.604865e-02;2.529573e-02;4.142500e-02
8.301369e-03;1.433459e-02;4.891230e-02;9.030388e-03;1.019297e-02;5.045868e-02;8.599402e-02;6.016998e-01;1.034111e-01;1.257895e-02;2.035492e-02;3.473096e-02
6.337444e-03;1.387334e-02;3.129175e-02;1.493655e-02;8.952167e-03;3.876847e-02;5.425821e-02;5.445790e-01;1.997651e-01;2.385734e-02;2.886251e-02;3.451814e-02
3.750861e-03;1.018123e-02;1.476129e-02;2.114732e-02;7.296399e-03;6.792469e-02;6.260398e-02;4.549332e-01;2.720003e-01;2.504443e-02;2.825953e-02;3.209679e-02
6.048194e-03;9.680631e-03;1.074047e-02;2.550604e-02;3.644430e-03;6.515259e-02;1.078019e-01;3.761716e-01;3.334287e-01;1.566872e-02;2.253759e-02;2.361918e-02
4.750804e-03;9.229244e-03;1.211730e-02;2.308706e-02;5.283732e-03;4.291604e-02;1.179042e-01;3.114788e-01;3.881063e-01;3.668487e-02;2.841632e-02;2.002527e-02
5.670453e-03;1.284596e-02;1.684974e-02;2.107140e-02;9.759609e-03;3.407747e-02;1.321421e-01;2.037336e-01;4.580467e-01;4.370145e-02;3.239526e-02;2.970622e-02
1.001288e-02;1.453019e-02;1.055591e-02;1.617367e-02;1.102975e-02;4.230563e-02;9.085835e-02;2.707394e-01;4.141923e-01;5.352213e-02;2.815714e-02;3.792258e-02
1.046272e-02;1.692702e-02;1.762246e-02;1.432334e-02;1.159971e-02;3.921999e-02;6.266958e-02;3.886563e-01;3.223943e-01;7.106452e-02;1.547122e-02;2.958893e-02
1.364974e-02;1.503100e-02;2.177642e-02;1.199953e-02;1.067999e-02;3.605145e-02;6.096388e-02;4.916054e-01;2.319748e-01;6.650671e-02;1.285360e-02;2.690746e-02
2.202795e-02;1.567619e-02;2.824180e-02;7.958401e-03;9.229918e-03;2.956554e-02;4.415926e-02;5.820763e-01;1.493925e-01;3.294208e-02;3.816927e-02;4.056075e-02
