7.824784e-02;1.038554e-01;1.852525e-01;1.435939e-01;1.388280e-01;7.928065e-02;7.617253e-02;1.914808e-02;4.536376e-02;3.921491e-02;2.935431e-02;6.168820e-02
6.533708e-02;5.540011e-02;1.886233e-01;2.445058e-01;1.132547e-01;5.195746e-02;8.381085e-02;3.401896e-02;4.048234e-02;3.337041e-02;1.728747e-02;7.195161e-02
3.165478e-02;4.785162e-02;2.246947e-01;2.925435e-01;6.501538e-02;3.083645e-02;9.100054e-02;4.094258e-02;2.880420e-02;3.901965e-02;3.942657e-02;6.821003e-02
9.710743e-02;7.790326e-02;2.702746e-01;1.952214e-01;8.934801e-02;2.292132e-02;7.571857e-02;3.675881e-02;1.812682e-02;3.517709e-02;4.770757e-02;3.373514e-02
1.502750e-01;1.152520e-01;2.827418e-01;9.951609e-02;9.452456e-02;2.969482e-02;5.286734e-02;2.372855e-02;1.761116e-02;3.969077e-02;5.180705e-02;4.229083e-02
8.799279e-02;1.646903e-01;1.875196e-01;1.129844e-01;1.131089e-01;3.112615e-02;5.704776e-02;3.040673e-02;5.274909e-02;5.588021e-02;7.102691e-02;3.546714e-02
1.228669e-01;8.666771e-02;1.581972e-01;5.014648e-02;6.384254e-02;4.738432e-02;1.468638e-01;5.834837e-02;8.252776e-02;8.334910e-02;6.701542e-02;3.279042e-02
1.124228e-01;6.348813e-02;8.134975e-02;3.070649e-02;4.031010e-02;4.101699e-02;2.914723e-01;6.412518e-02;7.325423e-02;9.182205e-02;6.115168e-02;4.888029e-02
9.075373e-02;5.940121e-02;7.833914e-02;1.787406e-02;3.016354e-02;3.296342e-02;3.286448e-01;8.898206e-02;8.532283e-02;9.031953e-02;5.701801e-02;4.021770e-02
6.546905e-02;4.380437e-02;7.626039e-02;1.080368e-02;2.022243e-02;2.638246e-02;3.951875e-01;1.389503e-01;7.488704e-02;7.094679e-02;4.376434e-02;3.332172e-02
3.374131e-02;1.910616e-02;7.353572e-02;6.244627e-03;7.667536e-03;1.642964e-02;5.211779e-01;2.056909e-01;3.857799e-02;3.576679e-02;2.077738e-02;2.128397e-02
7.109165e-03;1.800168e-02;5.771061e-02;3.367005e-03;1.112083e-02;1.790477e-02;6.319577e-01;2.033157e-01;1.624393e-02;1.427903e-02;1.155740e-02;7.432301e-03
2.300740e-03;2.985138e-02;3.211153e-02;2.985208e-03;8.954520e-03;2.096694e-02;7.032929e-01;1.612006e-01;9.958138e-03;1.057635e-02;1.269062e-02;5.111117e-03
8.034862e-03;3.291895e-02;1.461997e-02;2.375016e-03;1.624935e-02;3.391256e-02;6.896595e-01;1.548907e-01;2.022498e-02;1.275661e-02;9.933638e-03;4.423903e-03
1.915360e-02;2.659234e-02;2.504906e-02;6.443742e-03;3.379190e-02;5.298968e-02;5.691710e-01;1.599731e-01;4.771818e-02;2.471330e-02;1.740849e-02;1.699565e-02
2.614621e-02;1.541685e-02;6.896476e-02;1.839334e-02;6.350795e-02;6.279173e-02;3.910329e-01;1.355091e-01;6.616927e-02;3.161657e-02;4.105046e-02;7.940080e-02
7.101310e-02;4.935474e-02;1.829991e-01;4.312451e-02;6.237024e-02;5.268350e-02;1.665217e-01;7.038046e-02;3.878730e-02;2.625619e-02;6.323022e-02;1.732789e-01
1.336089e-01;1.108431e-01;3.282171e-01;6.595301e-02;2.594586e-02;2.596283e-02;5.285529e-02;2.749484e-02;8.103200e-03;1.355226e-02;4.927336e-02;1.581903e-01
1.040701e-01;1.262382e-01;4.154232e-01;7.576050e-02;4.802738e-02;2.590992e-02;7.471745e-02;2.555530e-02;6.266086e-03;4.805874e-03;2.150703e-02;7.171895e-02
8.308946e-02;1.185087e-01;4.153364e-01;4.920492e-02;5.552730e-02;3.930869e-02;9.054823e-02;3.373735e-02;2.631319e-02;2.119129e-02;2.561603e-02;4.161850e-02
1.637992e-01;9.443879e-02;1.759679e-01;4.554246e-02;5.459711e-02;5.908393e-02;8.422560e-02;6.293685e-02;6.905125e-02;5.463316e-02;4.889045e-02;8.683329e-02
1.673505e-01;8.427373e-02;9.360290e-02;4.157771e-02;5.892954e-02;6.294391e-02;1.514298e-01;8.011337e-02;8.015499e-02;5.968702e-02;4.372570e-02;7.621086e-02
1.178573e-01;8.948616e-02;9.540235e-02;3.053605e-02;5.651026e-02;4.944466e-02;2.506422e-01;1.058797e-01;8.780782e-02;4.788489e-02;2.798176e-02;4.056681e-02
5.631435e-02;6.818163e-02;1.088868e-01;2.259973e-02;5.069564e-02;3.815512e-02;3.033529e-01;2.114088e-01;7.793375e-02;3.628841e-02;1.212617e-02;1.405674e-02
1.645711e-02;5.727645e-02;9.543172e-02;1.174704e-02;2.716639e-02;1.988718e-02;2.844564e-01;3.465117e-01;8.570361e-02;2.897017e-02;1.385183e-02;1.254042e-02
9.066069e-03;1.501928e-01;5.601360e-02;5.575663e-03;2.289027e-02;1.279787e-02;2.943745e-01;2.911687e-01;9.341393e-02;1.810355e-02;2.895517e-02;1.744787e-02
1.594822e-02;2.840381e-01;3.126479e-02;5.703427e-03;1.618181e-02;2.335477e-02;3.348798e-01;1.539964e-01;7.947802e-02;1.384019e-02;2.998793e-02;1.132648e-02
1.348993e-02;4.034144e-01;2.800071e-02;4.543590e-03;1.135621e-02;2.383076e-02;3.449762e-01;4.823186e-02;5.538744e-02;1.125867e-02;4.994101e-02;5.569303e-03
1.317892e-02;4.332803e-01;2.552861e-02;7.167371e-03;1.330328e-02;1.675080e-02;3.252206e-01;1.824952e-02;4.033082e-02;1.237052e-02;9.161847e-02;3.000823e-03
1.096097e-02;4.055803e-01;1.369828e-02;8.847489e-03;1.977057e-02;1.395300e-02;3.215528e-01;1.950590e-02;3.270019e-02;1.294713e-02;1.313532e-01;9.130184e-03
1.048502e-02;3.479689e-01;1.680895e-02;8.969282e-03;3.019722e-02;1.267981e-02;3.145806e-01;2.553068e-02;3.274471e-02;1.028815e-02;1.746350e-01;1.511158e-02
1.541254e-02;2.783057e-01;2.547706e-02;9.857967e-03;3.864346e-02;1.289218e-02;3.206277e-01;3.785556e-02;2.974755e-02;1.255883e-02;2.022411e-01;1.638033e-02
2.343076e-02;2.241115e-01;2.263731e-02;8.724445e-03;4.386470e-02;1.749258e-02;3.676732e-01;2.922908e-02;2.859447e-02;1.780523e-02;2.026397e-01;1.379709e-02
1.815669e-02;2.216824e-01;2.023907e-02;6.525678e-03;3.484902e-02;2.266845e-02;4.366213e-01;1.955300e-02;2.310894e-02;1.692682e-02;1.711019e-01;8.566590e-03
1.690090e-02;1.926608e-01;2.498362e-02;1.924343e-02;3.817044e-02;2.890006e-02;4.798180e-01;2.290838e-02;2.275470e-02;2.022635e-02;1.238964e-01;9.536992e-03
2.376673e-02;1.508159e-01;3.832627e-02;3.203047e-02;4.248551e-02;3.945899e-02;4.950359e-01;3.049182e-02;3.148558e-02;1.992413e-02;8.154450e-02;1.463424e-02
5.878723e-02;1.269106e-01;5.757665e-02;4.267132e-02;3.905192e-02;5.739128e-02;4.281647e-01;5.530493e-02;4.255708e-02;1.645202e-02;6.087234e-02;1.425999e-02
7.862850e-02;1.255255e-01;7.836000e-02;5.118473e-02;5.802741e-02;7.000431e-02;3.070724e-01;7.136305e-02;4.076571e-02;3.447688e-02;5.841414e-02;2.617747e-02
8.417509e-02;1.170737e-01;9.155653e-02;5.581164e-02;7.703997e-02;6.928468e-02;2.260760e-01;8.100062e-02;3.408268e-02;4.975326e-02;7.331743e-02;4.082839e-02
4.674323e-02;9.675667e-02;1.178203e-01;4.752033e-02;7.551909e-02;6.096764e-02;2.129512e-01;7.787708e-02;3.354957e-02;5.315024e-02;1.318926e-01;4.525208e-02
2.468989e-02;1.304069e-01;5.284423e-02;5.751001e-02;4.116125e-02;6.055481e-02;3.239781e-01;5.462262e-02;3.093559e-02;3.537918e-02;1.616347e-01;2.628265e-02
7.955637e-02;1.051225e-01;5.628657e-02;5.495361e-02;5.851202e-02;9.337243e-02;2.283495e-01;5.480397e-02;5.531578e-02;4.166310e-02;1.168232e-01;5.524094e-02
1.109289e-01;9.056728e-02;8.602797e-02;5.289128e-02;7.657394e-02;1.122590e-01;1.254805e-01;6.813187e-02;8.094721e-02;5.804678e-02;7.762859e-02;6.051662e-02
9.237339e-02;6.401516e-02;1.255763e-01;7.789833e-02;5.703615e-02;7.701921e-02;1.851108e-01;6.187532e-02;7.940446e-02;8.484829e-02;4.529411e-02;4.954849e-02
7.708294e-02;4.684698e-02;1.391374e-01;1.044728e-01;3.550291e-02;5.291837e-02;1.900421e-01;5.190717e-02;1.367695e-01;9.063753e-02;2.809590e-02;4.658634e-02
6.192845e-02;2.214650e-02;1.046578e-01;1.816373e-01;1.818627e-02;3.481738e-02;1.499332e-01;6.336157e-02;2.409959e-01;7.776574e-02;1.661199e-02;2.795785e-02
5.523590e-02;1.104955e-02;4.985985e-02;2.633401e-01;9.399435e-03;1.495544e-02;8.278400e-02;6.024263e-02;3.576597e-01;7.381418e-02;1.012543e-02;1.153377e-02
4.168153e-02;1.525093e-02;3.958832e-02;2.554912e-01;9.715885e-03;1.073235e-02;1.144581e-01;8.138104e-02;3.414939e-01;7.013040e-02;1.138517e-02;8.691089e-03
1.858000e-02;3.241196e-02;1.169035e-01;1.491387e-01;1.530962e-02;2.256696e-02;2.486092e-01;1.193270e-01;1.893675e-01;5.549252e-02;1.351235e-02;1.878069e-02
2.735486e-02;5.987016e-02;1.587531e-01;6.783664e-02;3.407260e-02;3.388009e-02;3.604362e-01;1.117009e-01;6.631824e-02;3.928035e-02;2.043017e-02;2.006676e-02
3.575096e-02;7.503849e-02;1.407281e-01;3.919313e-02;6.002789e-02;7.108488e-02;3.866608e-01;6.427515e-02;5.000219e-02;4.187271e-02;2.586455e-02;9.501213e-03
4.515752e-02;6.949609e-02;9.367751e-02;5.188746e-02;9.682238e-02;1.017423e-01;3.137225e-01;4.900276e-02;7.043108e-02;6.422150e-02;3.359108e-02;1.024790e-02
5.584874e-02;6.095186e-02;1.174865e-01;7.481748e-02;7.675347e-02;7.613903e-02;2.499528e-01;6.319012e-02;9.707999e-02;7.031723e-02;3.868352e-02;1.877924e-02
5.994809e-02;4.997284e-02;1.492509e-01;1.116275e-01;5.273179e-02;7.323783e-02;1.762489e-01;5.913655e-02;1.243942e-01;6.096110e-02;3.801747e-02;4.447287e-02
7.501851e-02;3.224488e-02;1.227588e-01;7.788175e-02;7.517405e-02;1.192690e-01;1.155406e-01;6.010326e-02;1.164600e-01;5.904807e-02;7.072223e-02;7.577880e-02
9.992109e-02;5.868321e-02;1.101778e-01;9.093948e-02;1.063938e-01;8.955047e-02;1.238615e-01;6.928103e-02;7.718373e-02;4.680575e-02;5.094216e-02;7.626000e-02
1.767989e-01;1.076505e-01;1.836424e-01;6.695814e-02;6.355570e-02;4.554681e-02;1.029151e-01;5.333173e-02;4.513216e-02;3.698167e-02;4.960425e-02;6.788258e-02
1.650036e-01;1.697483e-01;1.846493e-01;4.607795e-02;4.589213e-02;3.894709e-02;8.222537e-02;5.503887e-02;6.217966e-02;4.925083e-02;4.129393e-02;5.969303e-02
1.444121e-01;2.369700e-01;1.860300e-01;3.609731e-02;3.098093e-02;3.378012e-02;5.798588e-02;4.780390e-02;7.157925e-02;5.509784e-02;3.957702e-02;5.968559e-02
1.466206e-01;3.243546e-01;1.708067e-01;2.581109e-02;1.931523e-02;3.149435e-02;3.227091e-02;4.576332e-02;6.006581e-02;5.307323e-02;3.385373e-02;5.657046e-02
2.399379e-01;3.041203e-01;9.700890e-02;1.710820e-02;1.019895e-02;2.800165e-02;4.118124e-02;7.181580e-02;2.747539e-02;3.344921e-02;3.942190e-02;9.028057e-02
2.420636e-01;1.456315e-01;3.074458e-02;1.918779e-02;2.571077e-02;6.338703e-02;8.904691e-02;7.147975e-02;2.732972e-02;3.020036e-02;8.880575e-02;1.664123e-01
1.092984e-01;3.423956e-02;1.956824e-02;5.281042e-02;9.226499e-02;1.222920e-01;9.163683e-02;4.200537e-02;4.831361e-02;7.675043e-02;1.490456e-01;1.617746e-01
2.388019e-02;1.893309e-02;8.703188e-02;1.374828e-01;1.361743e-01;9.347855e-02;6.732201e-02;4.858286e-02;9.175042e-02;1.015334e-01;1.136284e-01;8.020222e-02
2.397502e-02;9.241848e-02;1.738219e-01;1.619785e-01;9.482503e-02;3.825330e-02;1.151996e-01;8.166292e-02;8.557748e-02;6.347954e-02;3.998182e-02;2.882634e-02
8.460002e-02;2.096089e-01;1.213711e-01;8.278395e-02;4.204020e-02;3.643990e-02;2.231817e-01;7.738351e-02;4.430672e-02;4.008273e-02;1.824665e-02;1.995458e-02
1.512534e-01;1.802658e-01;5.959363e-02;1.917460e-02;2.220098e-02;6.107945e-02;2.707403e-01;8.005686e-02;4.985819e-02;4.601033e-02;3.012117e-02;2.964523e-02
1.337455e-01;1.817606e-01;5.418758e-02;9.904766e-03;2.198758e-02;6.649861e-02;3.469794e-01;7.195370e-02;3.122320e-02;2.922755e-02;2.232702e-02;3.020450e-02
8.267371e-02;1.957612e-01;5.498319e-02;1.309935e-02;1.838017e-02;4.618527e-02;3.879068e-01;1.010435e-01;3.233768e-02;2.474853e-02;1.687039e-02;2.601016e-02
2.771465e-02;1.042878e-01;1.186963e-01;1.980755e-02;8.065398e-03;1.897852e-02;3.105647e-01;2.415466e-01;9.558279e-02;1.560372e-02;1.809708e-02;2.105483e-02
4.839749e-03;2.368506e-02;1.350909e-01;7.684412e-02;6.937629e-03;8.086612e-03;1.612078e-01;2.623453e-01;2.635944e-01;3.321906e-02;1.399819e-02;1.015126e-02
5.829796e-03;1.963512e-02;1.386662e-01;1.286232e-01;9.253227e-03;7.337084e-03;1.017567e-01;1.196522e-01;3.844691e-01;6.030060e-02;1.382098e-02;1.065584e-02
4.640805e-03;1.765926e-02;1.888999e-01;8.785832e-02;5.163952e-03;8.917213e-03;1.349406e-01;2.415141e-01;2.352576e-01;5.817069e-02;9.736571e-03;7.240929e-03
2.397206e-03;1.778637e-02;2.534223e-01;1.973668e-02;3.021117e-03;9.271293e-03;2.029991e-01;3.603402e-01;6.923696e-02;5.419543e-02;2.795527e-03;4.797858e-03
3.166483e-03;2.079681e-02;2.458791e-01;2.288726e-02;5.378423e-03;1.527480e-02;2.868154e-01;3.354417e-01;2.032591e-02;3.735889e-02;3.938884e-03;2.736368e-03
3.565718e-03;1.842946e-02;1.840489e-01;3.105254e-02;5.627954e-03;1.714566e-02;3.127876e-01;3.817358e-01;1.629220e-02;2.463577e-02;2.415254e-03;2.263153e-03
1.772343e-03;9.629738e-03;1.691469e-01;2.556733e-02;6.004698e-03;1.106988e-02;2.283055e-01;4.800333e-01;2.955935e-02;3.130262e-02;2.296946e-03;5.311345e-03
4.554419e-03;9.521653e-03;2.089579e-01;2.225185e-02;8.937742e-03;1.207875e-02;1.682673e-01;4.586374e-01;7.066908e-02;2.429284e-02;5.011719e-03;6.819376e-03
8.807950e-03;1.377058e-02;2.837950e-01;4.761535e-02;1.565573e-02;2.098147e-02;1.533882e-01;3.503785e-01;6.888326e-02;2.305213e-02;6.837665e-03;6.834274e-03
9.372592e-03;1.295055e-02;3.926595e-01;8.784951e-02;1.938093e-02;2.091388e-02;1.328339e-01;2.362841e-01;4.035478e-02;3.203632e-02;5.683998e-03;9.679957e-03
4.427430e-03;7.131532e-03;3.079003e-01;1.666908e-01;3.177599e-02;1.579692e-02;8.361405e-02;1.023597e-01;2.120748e-01;4.737976e-02;9.993088e-03;1.085564e-02
6.805935e-03;8.026857e-03;1.158349e-01;2.610769e-01;1.074997e-01;1.286917e-02;5.304308e-02;4.824951e-02;2.761223e-01;8.822204e-02;1.443256e-02;7.816981e-03
1.028113e-02;1.054230e-02;3.554309e-02;1.749415e-01;2.159838e-01;1.838638e-02;4.261748e-02;3.450442e-02;1.989055e-01;2.206942e-01;2.751070e-02;1.008952e-02
1.171545e-02;1.714929e-02;1.472739e-02;3.714353e-02;2.547398e-01;1.520501e-02;2.279294e-02;2.599886e-02;1.265962e-01;4.090915e-01;5.289626e-02;1.194377e-02
4.321358e-03;2.033011e-02;1.107015e-02;2.221628e-02;1.988940e-01;6.336798e-03;1.514426e-02;2.461050e-02;5.361213e-02;5.292531e-01;1.056987e-01;8.512622e-03
4.544504e-03;1.633507e-02;7.606452e-03;6.679284e-03;8.977684e-02;3.002549e-02;1.600187e-02;3.166084e-02;1.892545e-02;5.389258e-01;2.305906e-01;8.927854e-03
6.620548e-03;1.091808e-02;6.653748e-03;1.102150e-02;3.578198e-02;6.742606e-02;8.901770e-03;3.417948e-02;2.644264e-02;4.305830e-01;3.531782e-01;8.292936e-03
5.287276e-03;9.583311e-03;6.762416e-03;1.231444e-02;2.834933e-02;9.296434e-02;1.453398e-02;3.943280e-02;2.428158e-02;3.547129e-01;4.001442e-01;1.163345e-02
1.743642e-02;1.750899e-02;9.226393e-03;1.379554e-02;1.393877e-01;6.233327e-02;1.872071e-02;4.378293e-02;3.561812e-02;3.514743e-01;2.776565e-01;1.305908e-02
1.471739e-02;1.939261e-02;1.068847e-02;2.611702e-02;2.106757e-01;2.405229e-02;2.210537e-02;3.381048e-02;9.621657e-02;3.818011e-01;1.487911e-01;1.163196e-02
2.325624e-02;1.260739e-02;1.047279e-02;6.681905e-02;1.883221e-01;1.349237e-02;8.950109e-02;3.818212e-02;1.612589e-01;3.182353e-01;6.876682e-02;9.085841e-03
2.637019e-02;1.450571e-02;1.398575e-02;8.798161e-02;1.116718e-01;2.249745e-02;2.439422e-01;7.965776e-02;1.660835e-01;1.937530e-01;3.329436e-02;6.256704e-03
1.129061e-02;1.862235e-02;2.562220e-02;4.254578e-02;7.748897e-02;1.607395e-02;4.090422e-01;1.525813e-01;8.658996e-02;1.152602e-01;3.229298e-02;1.258956e-02
9.363843e-03;2.121901e-02;4.092631e-02;2.361093e-02;6.829883e-02;1.901633e-02;4.349267e-01;2.111850e-01;3.483923e-02;9.503432e-02;2.791870e-02;1.366087e-02
2.243293e-02;3.158394e-02;3.570051e-02;3.627395e-02;6.203283e-02;3.259408e-02;3.001101e-01;2.328851e-01;9.689136e-02;8.010342e-02;3.103630e-02;3.835556e-02
2.671261e-02;2.069657e-02;4.164453e-02;7.814309e-02;3.680606e-02;2.596079e-02;1.268683e-01;2.503983e-01;2.408706e-01;9.018228e-02;2.372873e-02;3.798810e-02
1.889689e-02;1.022489e-02;4.251846e-02;1.253229e-01;1.840028e-02;1.478126e-02;7.716456e-02;1.620474e-01;3.839139e-01;1.027952e-01;2.383483e-02;2.009949e-02
1.877007e-02;4.923268e-03;2.194797e-02;1.558221e-01;1.471752e-02;7.388966e-03;4.564499e-02;7.723080e-02;5.165663e-01;1.086980e-01;1.994225e-02;8.347811e-03
2.175185e-02;1.360524e-03;7.936886e-03;1.492601e-01;8.735184e-03;3.113524e-03;3.095736e-02;2.279344e-02;6.094681e-01;1.263018e-01;1.451058e-02;3.810788e-03
2.675293e-02;5.006934e-03;8.052320e-03;1.190747e-01;1.481081e-02;4.652619e-03;3.215327e-02;2.741389e-02;5.902605e-01;1.513246e-01;1.690155e-02;3.595947e-03
3.010316e-02;1.376795e-02;2.606325e-02;9.494286e-02;3.213824e-02;1.039814e-02;9.748251e-02;5.450548e-02;4.386041e-01;1.552983e-01;3.385195e-02;1.284393e-02
3.287239e-02;2.130470e-02;4.331273e-02;7.241566e-02;4.095090e-02;1.978847e-02;2.024557e-01;7.325531e-02;2.846426e-01;1.356702e-01;5.012627e-02;2.320512e-02
2.765475e-02;2.285822e-02;4.055467e-02;3.571006e-02;3.340372e-02;2.523807e-02;4.386896e-01;8.343807e-02;1.498699e-01;8.078066e-02;3.484541e-02;2.695687e-02
3.095482e-02;4.158478e-02;9.979291e-02;2.977324e-02;2.649099e-02;3.110426e-02;3.636294e-01;1.571924e-01;1.083078e-01;4.472293e-02;3.038718e-02;3.605925e-02
2.117920e-02;3.049970e-02;1.715029e-01;2.947761e-02;2.842922e-02;3.254195e-02;1.315847e-01;2.355247e-01;1.516179e-01;6.635793e-02;2.951758e-02;7.176657e-02
9.064416e-03;1.451417e-02;2.395796e-01;3.621768e-02;2.040211e-02;2.677907e-02;7.477093e-02;2.672209e-01;1.422521e-01;6.069781e-02;2.252508e-02;8.597609e-02
6.041663e-03;9.087211e-03;3.526186e-01;4.397988e-02;1.242182e-02;1.712947e-02;5.305319e-02;2.609259e-01;8.599540e-02;4.803600e-02;1.569604e-02;9.501491e-02
8.348762e-03;3.548805e-02;4.669442e-01;2.770454e-02;1.084552e-02;1.197578e-02;7.015463e-02;2.155503e-01;2.433526e-02;3.569052e-02;1.334994e-02;7.961246e-02
6.804757e-03;9.731998e-02;4.384043e-01;2.950796e-02;9.733669e-03;1.023648e-02;1.244151e-01;1.911232e-01;1.861933e-02;2.404589e-02;1.286051e-02;3.692882e-02
6.266688e-03;2.448286e-01;2.655860e-01;3.458000e-02;1.781160e-02;1.217538e-02;2.112585e-01;1.605460e-01;1.317984e-02;8.949394e-03;1.471820e-02;1.009989e-02
1.481770e-02;4.222623e-01;7.973455e-02;1.323887e-02;2.635859e-02;1.392751e-02;2.768435e-01;9.891719e-02;1.290388e-02;9.154155e-03;2.486402e-02;6.977706e-03
2.438576e-02;4.064764e-01;5.103586e-02;7.229053e-03;2.991938e-02;1.603279e-02;2.956201e-01;8.771361e-02;1.994319e-02;1.025144e-02;4.234514e-02;9.047202e-03
1.620213e-02;2.735722e-01;6.828155e-02;9.619328e-03;3.489795e-02;3.708782e-02;3.088574e-01;1.222625e-01;3.829397e-02;1.350860e-02;5.901913e-02;1.839749e-02
1.358759e-02;1.615045e-01;1.320928e-01;1.937300e-02;5.076008e-02;5.766890e-02;2.529236e-01;1.535108e-01;5.555177e-02;1.814691e-02;6.054988e-02;2.433014e-02
3.586811e-02;9.177767e-02;2.188753e-01;2.979549e-02;5.749801e-02;6.510949e-02;1.576774e-01;1.590086e-01;5.995785e-02;2.583493e-02;7.022084e-02;2.837635e-02
1.529663e-02;1.793699e-01;2.048280e-01;2.295888e-02;2.999701e-02;4.051207e-02;2.295958e-01;1.302050e-01;3.362695e-02;2.539605e-02;3.845494e-02;4.975872e-02
3.742209e-02;2.631448e-01;9.398738e-02;1.856685e-02;2.566520e-02;3.424457e-02;2.296123e-01;1.501229e-01;3.491494e-02;2.234133e-02;3.479695e-02;5.518077e-02
3.956385e-02;2.383533e-01;8.234469e-02;1.566996e-02;4.193461e-02;4.103920e-02;2.862804e-01;1.455142e-01;2.815775e-02;1.695854e-02;2.733334e-02;3.685020e-02
1.313206e-02;1.988337e-01;1.077917e-01;3.729137e-02;7.409460e-02;3.287644e-02;2.504809e-01;1.252721e-01;3.411047e-02;2.319364e-02;3.264898e-02;7.027401e-02
1.782355e-02;2.039784e-01;1.948420e-01;4.394415e-02;6.960046e-02;2.372512e-02;1.047389e-01;1.282365e-01;3.369967e-02;2.964453e-02;7.124458e-02;7.852213e-02
1.218540e-02;1.283185e-01;2.645078e-01;3.543172e-02;5.900115e-02;2.004090e-02;1.644917e-01;1.313452e-01;3.751788e-02;2.703288e-02;6.807214e-02;5.205479e-02
1.062041e-01;4.538012e-02;1.449428e-01;5.827333e-02;7.557891e-02;4.765760e-02;1.688088e-01;7.216585e-02;8.904964e-02;8.299273e-02;5.222606e-02;5.672000e-02
9.079683e-02;4.557331e-02;1.140763e-01;7.850387e-02;4.418131e-02;4.059517e-02;1.813346e-01;7.338067e-02;1.417679e-01;8.681132e-02;5.225742e-02;5.072125e-02
9.946853e-02;4.261910e-02;9.811108e-02;1.073397e-01;3.123845e-02;6.351055e-02;1.389634e-01;9.617358e-02;1.477213e-01;8.305981e-02;4.856260e-02;4.323183e-02
8.199052e-02;3.501137e-02;9.343765e-02;1.211681e-01;3.164069e-02;1.256260e-01;6.301709e-02;1.416911e-01;1.338886e-01;9.331666e-02;3.724018e-02;4.197199e-02
3.948226e-02;1.423306e-02;1.056181e-01;7.082689e-02;2.523806e-02;1.916036e-01;7.394867e-02;2.064606e-01;8.466928e-02;1.358146e-01;1.712718e-02;3.497768e-02
1.408366e-02;1.028275e-02;1.196093e-01;1.970267e-02;1.308500e-02;1.783416e-01;1.261991e-01;2.476585e-01;5.015123e-02;1.958648e-01;4.242239e-03;2.077913e-02
7.272350e-03;1.247907e-02;1.216799e-01;1.233990e-02;2.135753e-02;9.885592e-02;1.734239e-01;3.066746e-01;2.885977e-02;2.004589e-01;6.204371e-03;1.039384e-02
6.643336e-03;8.686484e-03;1.237945e-01;1.036306e-02;1.635114e-02;3.771587e-02;1.915701e-01;4.017444e-01;2.105349e-02;1.661823e-01;4.682777e-03;1.121258e-02
1.604266e-03;4.502861e-03;1.293886e-01;1.139452e-02;8.745043e-03;1.852563e-02;1.715793e-01;4.397532e-01;2.262720e-02;1.680545e-01;6.627349e-03;1.719752e-02
3.259243e-03;6.849366e-03;1.273933e-01;1.014421e-02;6.713841e-03;1.568699e-02;1.424081e-01;4.543638e-01;2.362395e-02;1.809057e-01;6.519624e-03;2.213195e-02
3.838068e-03;3.598782e-03;1.194197e-01;8.159745e-03;3.616623e-03;2.096515e-02;1.207742e-01;4.752510e-01;2.229962e-02;1.939349e-01;1.789594e-03;2.635263e-02
2.208272e-03;3.144887e-03;1.167015e-01;5.927364e-03;3.548014e-03;2.633700e-02;1.084637e-01;4.938104e-01;2.293578e-02;1.880042e-01;2.254008e-03;2.666487e-02
1.003859e-03;2.211626e-03;1.181216e-01;4.616984e-03;4.773624e-03;3.412078e-02;1.018924e-01;5.141922e-01;3.190102e-02;1.604905e-01;2.411895e-03;2.426358e-02
2.372425e-03;2.659594e-03;1.170844e-01;4.580841e-03;4.862316e-03;2.758734e-02;1.051864e-01;5.416389e-01;3.759966e-02;1.332545e-01;2.400519e-03;2.077305e-02
3.279955e-03;3.490861e-03;1.064541e-01;5.784979e-03;8.194929e-03;2.602024e-02;1.015458e-01;5.492046e-01;6.800559e-02;1.095513e-01;3.618808e-03;1.484888e-02
3.821842e-03;5.269691e-03;7.424244e-02;4.782041e-03;3.062779e-02;2.541309e-02;1.391084e-01;5.434099e-01;7.651908e-02;7.967243e-02;8.613783e-03;8.519473e-03
5.032764e-03;2.034874e-02;4.284122e-02;5.842152e-03;9.400501e-02;1.207237e-02;2.000606e-01;5.132344e-01;3.992907e-02;4.355324e-02;1.206982e-02;1.101067e-02
2.735423e-03;5.374118e-02;4.131677e-02;6.872077e-03;1.721767e-01;5.277044e-03;2.849060e-01;3.748757e-01;2.219543e-02;1.565715e-02;1.442132e-02;5.825250e-03
5.991486e-03;1.008648e-01;2.904700e-02;1.430716e-02;1.842473e-01;1.711085e-02;3.779051e-01;2.089735e-01;2.503491e-02;7.539112e-03;2.623404e-02;2.744786e-03
2.374122e-02;1.236528e-01;1.733139e-02;5.463162e-02;1.275252e-01;5.799626e-02;4.042473e-01;1.036128e-01;3.416450e-02;2.168809e-02;2.801013e-02;3.398704e-03
6.815922e-02;8.746640e-02;5.491242e-02;1.269888e-01;7.167318e-02;1.282775e-01;2.795094e-01;6.815063e-02;2.962469e-02;5.449149e-02;1.628765e-02;1.445858e-02
9.470566e-02;5.383325e-02;1.253338e-01;1.386016e-01;7.085017e-02;1.506064e-01;1.554551e-01;6.287107e-02;3.974583e-02;6.486504e-02;9.483922e-03;3.364801e-02
9.716076e-02;5.743016e-02;1.769753e-01;9.087157e-02;8.841385e-02;1.014052e-01;1.202072e-01;5.695038e-02;7.083389e-02;7.354560e-02;2.588225e-02;4.032389e-02
5.568271e-02;5.395006e-02;2.441201e-01;8.779626e-02;7.350525e-02;5.812399e-02;9.373926e-02;4.807119e-02;7.324978e-02;1.324920e-01;4.533114e-02;3.393824e-02
4.089029e-02;1.327446e-01;1.908399e-01;6.159342e-02;4.058953e-02;6.596360e-02;6.270545e-02;5.972464e-02;1.124206e-01;1.482011e-01;4.244020e-02;4.188658e-02
1.157138e-01;1.827392e-01;7.885526e-02;4.662115e-02;3.492095e-02;6.087078e-02;6.137209e-02;6.275624e-02;1.377550e-01;1.112219e-01;6.836800e-02;3.880559e-02
2.770029e-01;1.341343e-01;5.259467e-02;2.547380e-02;5.915141e-02;3.193742e-02;6.015317e-02;8.518986e-02;9.438813e-02;6.839874e-02;6.912000e-02;4.245557e-02
3.714297e-01;5.737906e-02;4.995855e-02;3.102827e-02;4.681860e-02;3.448632e-02;6.529271e-02;9.857470e-02;3.092491e-02;7.397372e-02;3.383393e-02;1.062996e-01
2.389885e-01;3.005625e-02;4.176974e-02;6.572820e-02;2.629641e-02;4.271555e-02;9.940428e-02;5.475739e-02;3.744273e-02;9.240487e-02;3.615355e-02;2.342825e-01
1.111960e-01;2.380028e-02;8.176810e-02;7.020964e-02;2.857396e-02;4.714717e-02;1.032670e-01;3.137050e-02;6.927887e-02;7.624365e-02;1.082569e-01;2.488879e-01
6.766373e-02;1.806954e-02;1.592340e-01;4.644828e-02;2.699460e-02;7.853540e-02;6.250929e-02;2.135427e-02;9.938229e-02;4.655066e-02;2.233615e-01;1.498965e-01
6.583194e-02;3.654645e-02;2.082024e-01;2.842633e-02;2.038923e-02;1.029526e-01;3.329023e-02;2.717671e-02;1.041764e-01;2.838278e-02;2.967711e-01;4.785378e-02
1.004109e-01;7.277919e-02;1.588402e-01;3.264831e-02;2.712947e-02;7.836684e-02;8.156006e-02;5.065804e-02;8.234929e-02;5.201830e-02;2.036612e-01;5.957821e-02
1.080012e-01;9.975120e-02;1.192868e-01;4.949868e-02;3.070213e-02;6.003661e-02;1.190622e-01;5.700569e-02;7.148951e-02;5.973083e-02;1.171998e-01;1.082353e-01
9.604058e-02;1.192369e-01;1.062350e-01;6.484205e-02;2.640011e-02;4.278922e-02;1.259287e-01;6.597547e-02;6.482498e-02;5.840823e-02;8.508401e-02;1.442347e-01
1.259638e-01;8.963754e-02;1.022682e-01;7.843687e-02;2.482164e-02;6.080492e-02;5.479234e-02;1.049939e-01;6.641041e-02;8.665776e-02;5.718137e-02;1.480313e-01
7.019214e-02;7.920023e-02;1.237521e-01;8.332171e-02;3.490466e-02;6.709500e-02;6.156029e-02;1.003367e-01;3.980461e-02;7.244271e-02;1.089916e-01;1.583981e-01
4.424936e-02;8.632388e-02;1.338198e-01;9.414281e-02;4.500268e-02;4.674195e-02;7.421776e-02;6.335589e-02;5.672324e-02;6.039053e-02;1.292645e-01;1.657677e-01
6.374550e-02;9.758794e-02;1.052008e-01;8.107429e-02;5.540476e-02;2.462558e-02;7.774941e-02;4.779145e-02;9.027974e-02;7.170349e-02;1.431773e-01;1.416598e-01
