4.129598e-02;4.867977e-02;7.366452e-02;1.079998e-01;3.343400e-02;4.772402e-01;1.940798e-02;6.634785e-02;3.031817e-02;1.131757e-02;2.223966e-02;6.805447e-02
4.156135e-02;7.115080e-02;9.063773e-02;8.760685e-02;2.786313e-02;4.335084e-01;1.505428e-02;6.174636e-02;5.378421e-02;2.095392e-02;2.571804e-02;7.041492e-02
2.563595e-02;7.440561e-02;1.085594e-01;4.896976e-02;3.139769e-02;3.273702e-01;5.559085e-02;1.255378e-01;1.013996e-01;3.221766e-02;2.845451e-02;4.046105e-02
3.063092e-02;7.390472e-02;1.052246e-01;8.353689e-02;5.379663e-02;2.128317e-01;8.024940e-02;1.420470e-01;1.323470e-01;2.934417e-02;3.125802e-02;2.482903e-02
4.121195e-02;7.213808e-02;1.078514e-01;1.488376e-01;8.952475e-02;1.389224e-01;7.092693e-02;1.073784e-01;1.305864e-01;3.371235e-02;2.624417e-02;3.266558e-02
5.296327e-02;6.188513e-02;9.580067e-02;1.962379e-01;8.614575e-02;1.127591e-01;6.741083e-02;1.151911e-01;1.463122e-01;3.397176e-02;1.493263e-02;1.638971e-02
6.570360e-02;4.763953e-02;6.941830e-02;2.420141e-01;7.031201e-02;9.018645e-02;6.374486e-02;1.222752e-01;1.684742e-01;3.169504e-02;1.065545e-02;1.788124e-02
5.757767e-02;5.338105e-02;1.302432e-01;2.307956e-01;4.831702e-02;5.496228e-02;6.034702e-02;1.284785e-01;1.483237e-01;3.357477e-02;1.098405e-02;4.301524e-02
3.936794e-02;7.491493e-02;1.788854e-01;1.824226e-01;5.152963e-02;6.964269e-02;5.437535e-02;1.194698e-01;1.008457e-01;4.745610e-02;2.718696e-02;5.390281e-02
2.031850e-02;9.737100e-02;1.793477e-01;1.261549e-01;6.268275e-02;1.147714e-01;4.605211e-02;1.258340e-01;9.607109e-02;4.683531e-02;5.016093e-02;3.440027e-02
1.470772e-02;7.480813e-02;9.023836e-02;1.356022e-01;8.130207e-02;1.600517e-01;3.052602e-02;1.423890e-01;1.428815e-01;5.240669e-02;3.939086e-02;3.569577e-02
2.317829e-02;5.195291e-02;7.786024e-02;1.623085e-01;8.584422e-02;1.482876e-01;2.131792e-02;1.926544e-01;1.057469e-01;5.477270e-02;2.064114e-02;5.543515e-02
1.504977e-02;3.623883e-02;9.455810e-02;1.279351e-01;6.219784e-02;1.063308e-01;4.643460e-02;2.561626e-01;1.373543e-01;4.509905e-02;3.405069e-02;3.858840e-02
2.383178e-02;4.581694e-02;5.544133e-02;1.061649e-01;3.348004e-02;9.551428e-02;8.432531e-02;2.706220e-01;1.653679e-01;5.062229e-02;3.077488e-02;3.803830e-02
2.548037e-02;5.374143e-02;1.220005e-01;1.062111e-01;9.506486e-02;1.733367e-01;9.209177e-02;1.336028e-01;9.642012e-02;2.067735e-02;4.267013e-02;3.870290e-02
2.473649e-02;6.890110e-02;1.409075e-01;8.187557e-02;1.083789e-01;2.438298e-01;7.492602e-02;5.915707e-02;6.009337e-02;4.015115e-02;6.977858e-02;2.726436e-02
2.905648e-02;8.602274e-02;1.519809e-01;7.828940e-02;9.069483e-02;2.556207e-01;8.284517e-02;5.024095e-02;4.763009e-02;4.099689e-02;5.981342e-02;2.680847e-02
2.608517e-02;1.072921e-01;1.405121e-01;5.879913e-02;8.780422e-02;2.160410e-01;1.219997e-01;6.570728e-02;4.148086e-02;4.386675e-02;4.544732e-02;4.496444e-02
2.418223e-02;9.783507e-02;1.070724e-01;9.234189e-02;6.723647e-02;1.760935e-01;1.798459e-01;1.086908e-01;3.332969e-02;3.622647e-02;3.007938e-02;4.706613e-02
2.007786e-02;6.667991e-02;7.649729e-02;1.462439e-01;4.473614e-02;1.323823e-01;2.651818e-01;1.381199e-01;2.439739e-02;1.930204e-02;1.909528e-02;4.728617e-02
1.115523e-02;3.571348e-02;3.875027e-02;2.137889e-01;1.701634e-02;6.985405e-02;3.571623e-01;1.585178e-01;1.477934e-02;2.351882e-02;1.023192e-02;4.951150e-02
2.382328e-02;1.939502e-02;2.361107e-02;2.250874e-01;2.497724e-02;3.183796e-02;3.298856e-01;2.353483e-01;1.863669e-02;2.467739e-02;6.834719e-03;3.588530e-02
5.522036e-02;1.658479e-02;2.906062e-02;1.394580e-01;8.279617e-02;3.497481e-02;2.096258e-01;3.590781e-01;2.330296e-02;2.352420e-02;8.799675e-03;1.757449e-02
7.454270e-02;3.194503e-02;4.012538e-02;5.867485e-02;1.508876e-01;3.670096e-02;1.148795e-01;4.172423e-01;2.674110e-02;2.220846e-02;1.246643e-02;1.358559e-02
6.288332e-02;3.590070e-02;5.482654e-02;3.269634e-02;1.600816e-01;4.234169e-02;9.359373e-02;4.199970e-01;3.169167e-02;1.808833e-02;1.672660e-02;3.117254e-02
7.577740e-02;3.043595e-02;4.916551e-02;5.130649e-02;1.137263e-01;3.999724e-02;1.494104e-01;3.616235e-01;2.001831e-02;1.847614e-02;1.722536e-02;7.283740e-02
1.295322e-01;4.219953e-02;3.427844e-02;4.492854e-02;9.265016e-02;3.433477e-02;1.520151e-01;3.075184e-01;1.579322e-02;2.293680e-02;2.893263e-02;9.488018e-02
1.589916e-01;7.210374e-02;3.644622e-02;8.940243e-03;1.157750e-01;4.544890e-02;1.050221e-01;2.898508e-01;2.243935e-02;2.095072e-02;2.922418e-02;9.480728e-02
9.012097e-02;8.525296e-02;5.294175e-02;2.520710e-02;1.305123e-01;7.950600e-02;9.914187e-02;2.523719e-01;2.576018e-02;3.649677e-02;3.211606e-02;9.057213e-02
4.023854e-02;6.384145e-02;5.349357e-02;8.168513e-02;1.170188e-01;7.059791e-02;1.377740e-01;2.118253e-01;4.220546e-02;5.948999e-02;4.281927e-02;7.901060e-02
2.921567e-02;2.859730e-02;6.517484e-02;1.674946e-01;7.221381e-02;6.298069e-02;1.636376e-01;2.276311e-01;4.880473e-02;6.035851e-02;8.594941e-03;6.529629e-02
2.013229e-02;1.852203e-02;7.066698e-02;1.595779e-01;7.104418e-02;6.077148e-02;1.702179e-01;2.675485e-01;4.330057e-02;4.743388e-02;2.450342e-02;4.628093e-02
2.592412e-02;2.784896e-02;5.837941e-02;8.887741e-02;9.174260e-02;7.129195e-02;1.510614e-01;3.396804e-01;3.859647e-02;4.409630e-02;2.006138e-02;4.243965e-02
1.380740e-02;3.729847e-02;3.615668e-02;2.060808e-02;9.563949e-02;1.088052e-01;2.495898e-01;3.234212e-01;4.015284e-02;2.687225e-02;1.541800e-02;3.223061e-02
3.499659e-02;4.916707e-02;5.559335e-02;3.569217e-02;8.160189e-02;1.048923e-01;3.135129e-01;2.290223e-01;3.534688e-02;2.636155e-02;1.601028e-02;1.780277e-02
6.952732e-02;7.802478e-02;1.019973e-01;5.647644e-02;9.893556e-02;7.113005e-02;3.271883e-01;9.200942e-02;3.800220e-02;2.421064e-02;1.156998e-02;3.092795e-02
5.582968e-02;7.895321e-02;7.342880e-02;8.578049e-02;7.734594e-02;5.005959e-02;2.748176e-01;2.028074e-01;3.526966e-02;1.312042e-02;1.249164e-02;4.009557e-02
4.382139e-02;6.274635e-02;3.732957e-02;1.011680e-01;3.604886e-02;7.722704e-02;2.571824e-01;2.987854e-01;3.095624e-02;1.292665e-02;7.426234e-03;3.438177e-02
5.046919e-02;5.748977e-02;5.216141e-02;8.694151e-02;6.551048e-02;1.126890e-01;1.280865e-01;3.404905e-01;4.244813e-02;1.328829e-02;1.948598e-02;3.093926e-02
3.966171e-02;5.789815e-02;4.599657e-02;7.225531e-02;9.806483e-02;1.107079e-01;1.166162e-01;2.628044e-01;9.452191e-02;3.197027e-02;3.479516e-02;3.470756e-02
1.204946e-02;5.573123e-02;3.190029e-02;1.033077e-01;8.769594e-02;5.836990e-02;1.489253e-01;2.519348e-01;1.302971e-01;7.321601e-02;2.058676e-02;2.598547e-02
3.356243e-02;6.568141e-02;3.107329e-02;1.052867e-01;6.917205e-02;4.707753e-02;6.405534e-02;2.925676e-01;1.524449e-01;9.287014e-02;1.824369e-02;2.796497e-02
1.061314e-01;4.245760e-02;5.786121e-02;7.025868e-02;7.184627e-02;6.482648e-02;4.918747e-02;2.667978e-01;1.367335e-01;6.574138e-02;2.602046e-02;4.213778e-02
1.425707e-01;4.886577e-02;9.248504e-02;6.483452e-02;6.237848e-02;5.889219e-02;7.198358e-02;1.716985e-01;1.169942e-01;3.829458e-02;2.884511e-02;1.021573e-01
1.421537e-01;2.399890e-02;1.402260e-01;8.040069e-02;5.358890e-02;5.280564e-02;5.765942e-02;1.281804e-01;1.212091e-01;1.647164e-02;2.200305e-02;1.613026e-01
9.281371e-02;5.015447e-02;2.187793e-01;8.938642e-02;3.222328e-02;4.481431e-02;2.876957e-02;1.404558e-01;8.640818e-02;5.324390e-03;7.551298e-03;2.033193e-01
3.200677e-02;8.876909e-02;2.932394e-01;6.405788e-02;1.654483e-02;3.855118e-02;2.917526e-02;1.620050e-01;4.432254e-02;1.348287e-02;4.017736e-02;1.776678e-01
2.338580e-02;1.431876e-01;3.162410e-01;2.866351e-02;2.122682e-02;3.285448e-02;3.287503e-02;1.667418e-01;2.655375e-02;1.023235e-02;9.386803e-02;1.041699e-01
2.369655e-02;1.846871e-01;2.445425e-01;2.009809e-02;4.107631e-02;3.417240e-02;3.762235e-02;1.662908e-01;2.532742e-02;6.727574e-03;1.440976e-01;7.166124e-02
1.114392e-02;2.108370e-01;1.693445e-01;1.716702e-02;4.119509e-02;4.467706e-02;5.717162e-02;1.957718e-01;1.994465e-02;5.455463e-03;1.751103e-01;5.218161e-02
1.372518e-02;2.147202e-01;1.431061e-01;2.054571e-02;2.565315e-02;6.179745e-02;9.306459e-02;2.147385e-01;1.237675e-02;1.093642e-02;1.743933e-01;1.494262e-02
1.193582e-02;2.091240e-01;1.276280e-01;1.577660e-02;2.449061e-02;7.128479e-02;1.222505e-01;1.933445e-01;2.232110e-02;1.292019e-02;1.592517e-01;2.967215e-02
3.016108e-02;2.109454e-01;1.085988e-01;1.102294e-02;3.856813e-02;1.003326e-01;1.158659e-01;1.464169e-01;2.857145e-02;1.648170e-02;1.529346e-01;4.010046e-02
4.789811e-02;2.053527e-01;1.073711e-01;2.260591e-02;4.056955e-02;1.063369e-01;8.509271e-02;1.545562e-01;3.073685e-02;2.209120e-02;1.328702e-01;4.451852e-02
3.022429e-02;2.069492e-01;8.146352e-02;5.470792e-02;3.242517e-02;1.135943e-01;5.535766e-02;2.230830e-01;2.800711e-02;2.732155e-02;1.188395e-01;2.802672e-02
5.241786e-02;1.673602e-01;6.830090e-02;9.281962e-02;3.360526e-02;6.442531e-02;4.709108e-02;2.701898e-01;3.769492e-02;2.876704e-02;9.220637e-02;4.512168e-02
9.117531e-02;8.247367e-02;8.968152e-02;9.176449e-02;4.205735e-02;7.320470e-02;6.749102e-02;2.361165e-01;4.563706e-02;2.430591e-02;5.532379e-02;1.007686e-01
1.112916e-01;5.771829e-02;7.835524e-02;8.253195e-02;5.007348e-02;9.451193e-02;1.190238e-01;1.737637e-01;8.036766e-02;1.957325e-02;5.148040e-02;8.130872e-02
8.171195e-02;8.664766e-02;1.130230e-01;7.384857e-02;3.728465e-02;7.626629e-02;1.144158e-01;2.591564e-01;5.821905e-02;8.339043e-03;2.759532e-02;6.349221e-02
5.122985e-02;9.239163e-02;1.170123e-01;5.225000e-02;2.779314e-02;9.601440e-02;6.372480e-02;3.144048e-01;4.784107e-02;1.085646e-02;2.010891e-02;1.063726e-01
3.694462e-02;5.213038e-02;7.019274e-02;3.513877e-02;2.635330e-02;7.252736e-02;1.707177e-01;2.738721e-01;8.110832e-02;5.683034e-02;2.753936e-02;9.664508e-02
1.920811e-02;7.324405e-02;7.903125e-02;1.995444e-02;4.544399e-02;1.153460e-01;1.728032e-01;1.816161e-01;6.936983e-02;1.283607e-01;2.914220e-02;6.648016e-02
4.841088e-02;1.188806e-01;6.295300e-02;3.826099e-02;8.714963e-02;1.149624e-01;8.677999e-02;1.508523e-01;7.393206e-02;1.427167e-01;2.645964e-02;4.864174e-02
6.286364e-02;1.483624e-01;3.053406e-02;6.292921e-02;1.264047e-01;7.166312e-02;4.703629e-02;1.365015e-01;1.335807e-01;1.221973e-01;3.358141e-02;2.434568e-02
7.237520e-02;1.407497e-01;3.944654e-02;6.206593e-02;1.505375e-01;7.908926e-02;3.125429e-02;9.477238e-02;1.655848e-01;1.276684e-01;2.056354e-02;1.589251e-02
8.176602e-02;1.413600e-01;4.704602e-02;7.444909e-02;1.659067e-01;8.107278e-02;2.081606e-02;6.106046e-02;1.655083e-01;1.255247e-01;2.752971e-02;7.960107e-03
1.113559e-01;1.088792e-01;5.039825e-02;9.347997e-02;1.740951e-01;6.404769e-02;2.450985e-02;6.067976e-02;1.697246e-01;1.128219e-01;2.653166e-02;3.476098e-03
1.522776e-01;9.010309e-02;4.526484e-02;9.274250e-02;1.691814e-01;5.982049e-02;2.600952e-02;6.138518e-02;1.606734e-01;1.078256e-01;2.303520e-02;1.168118e-02
1.295233e-01;1.416996e-01;3.259093e-02;8.155403e-02;1.795022e-01;6.341394e-02;1.891926e-02;6.348547e-02;1.332128e-01;1.262680e-01;1.412769e-02;1.570268e-02
8.949080e-02;2.171727e-01;2.463638e-02;7.337815e-02;1.964127e-01;4.738059e-02;1.257584e-02;3.944017e-02;1.069509e-01;1.618420e-01;2.048470e-02;1.023513e-02
6.173287e-02;2.806622e-01;1.560540e-02;4.792463e-02;2.031712e-01;5.406601e-02;8.803280e-03;4.535715e-02;8.412322e-02;1.672914e-01;1.657772e-02;1.468487e-02
2.127098e-02;3.187741e-01;2.210868e-02;3.415991e-02;2.085962e-01;7.392711e-02;6.639410e-03;5.302452e-02;5.791447e-02;1.628220e-01;2.574285e-02;1.501981e-02
8.681546e-03;2.985528e-01;2.073722e-02;3.342376e-02;2.088828e-01;1.338949e-01;2.306691e-02;3.774325e-02;3.647263e-02;1.562814e-01;2.840475e-02;1.385807e-02
4.440367e-03;2.489966e-01;3.990053e-02;4.193106e-02;1.964398e-01;1.887536e-01;3.272674e-02;4.225919e-02;2.727049e-02;1.343974e-01;2.938797e-02;1.349614e-02
1.197259e-02;2.269543e-01;3.644867e-02;4.628341e-02;1.692343e-01;2.412899e-01;3.227345e-02;4.677085e-02;2.616070e-02;1.125034e-01;3.825454e-02;1.185390e-02
2.843997e-02;2.005538e-01;2.248412e-02;5.147020e-02;1.624710e-01;2.747344e-01;1.215839e-02;4.491460e-02;4.773251e-02;1.102330e-01;3.867993e-02;6.128075e-03
1.238281e-02;1.963139e-01;1.959813e-02;6.256001e-02;2.065609e-01;2.183984e-01;2.894801e-02;6.138054e-02;6.250409e-02;8.479116e-02;3.321574e-02;1.334622e-02
3.890100e-02;1.709459e-01;1.510741e-02;6.065120e-02;2.367542e-01;1.591460e-01;3.295809e-02;7.504257e-02;7.336962e-02;7.148325e-02;3.911087e-02;2.652994e-02
5.711463e-02;9.895156e-02;3.581376e-02;4.586693e-02;2.181816e-01;1.334759e-01;4.520478e-02;1.169188e-01;9.410426e-02;8.694369e-02;3.420298e-02;3.322102e-02
6.635887e-02;7.342464e-02;3.576103e-02;3.614769e-02;1.471317e-01;1.036156e-01;6.783555e-02;1.582724e-01;1.335004e-01;1.070636e-01;3.177692e-02;3.911164e-02
6.100836e-02;1.558183e-01;2.963492e-02;6.588195e-02;7.989206e-02;8.669917e-02;3.645634e-02;1.462861e-01;1.758978e-01;8.108951e-02;4.530463e-02;3.603087e-02
4.177457e-02;1.616507e-01;3.827931e-02;1.129294e-01;6.994099e-02;8.519177e-02;5.214285e-02;1.241879e-01;1.995597e-01;5.461527e-02;3.532306e-02;2.440438e-02
1.916845e-02;1.095459e-01;5.615579e-02;1.388200e-01;1.201559e-01;9.415320e-02;6.200109e-02;1.550146e-01;1.603496e-01;3.751472e-02;2.935295e-02;1.776778e-02
5.691137e-03;8.558151e-02;1.107520e-01;1.273032e-01;1.781768e-01;1.689370e-01;2.234913e-02;1.486511e-01;8.072189e-02;4.341500e-02;1.623155e-02;1.218968e-02
7.869877e-03;1.171136e-01;1.417500e-01;1.011533e-01;1.648113e-01;1.591567e-01;6.929191e-02;1.190160e-01;4.622611e-02;3.270037e-02;3.465310e-02;6.257778e-03
1.810776e-02;1.737106e-01;1.333442e-01;5.702384e-02;1.571377e-01;1.235523e-01;1.209799e-01;1.073877e-01;2.901481e-02;2.567269e-02;4.430337e-02;9.765075e-03
3.018178e-02;1.778726e-01;8.075957e-02;1.310266e-01;9.436146e-02;1.542809e-01;1.296950e-01;8.939236e-02;3.756952e-02;3.145228e-02;3.449739e-02;8.910538e-03
4.779698e-02;1.451345e-01;6.613743e-02;2.002285e-01;7.680410e-02;1.631860e-01;8.225435e-02;6.273408e-02;3.364875e-02;8.671089e-02;2.739042e-02;7.973944e-03
6.295899e-02;1.042853e-01;6.144913e-02;2.091871e-01;7.128153e-02;1.681542e-01;2.502093e-02;5.829485e-02;6.088943e-02;1.469954e-01;2.196609e-02;9.517153e-03
5.738128e-02;9.908965e-02;4.655733e-02;1.427039e-01;6.939827e-02;2.109076e-01;4.738350e-02;9.743493e-02;6.372725e-02;1.367601e-01;2.004210e-02;8.614169e-03
5.042594e-02;1.191363e-01;4.730381e-02;1.113742e-01;1.102789e-01;2.216343e-01;6.519743e-02;9.662896e-02;5.400746e-02;1.027087e-01;1.427853e-02;7.025412e-03
3.425245e-02;1.019602e-01;7.957154e-02;1.153739e-01;1.573418e-01;1.991373e-01;6.218820e-02;1.191930e-01;4.798064e-02;4.700827e-02;2.465149e-02;1.134121e-02
3.119768e-02;5.594159e-02;7.209652e-02;1.165429e-01;2.135223e-01;1.935374e-01;3.481257e-02;1.360854e-01;7.821735e-02;3.206842e-02;1.935887e-02;1.661906e-02
2.928334e-02;8.959341e-02;8.517504e-02;8.761928e-02;2.353880e-01;1.692346e-01;4.732184e-02;1.042774e-01;6.678540e-02;4.973746e-02;2.173747e-02;1.384677e-02
1.505051e-02;1.209593e-01;9.741525e-02;7.483182e-02;2.115167e-01;2.074466e-01;5.013013e-02;1.145810e-01;4.580153e-02;3.313515e-02;1.793715e-02;1.119480e-02
5.225670e-02;1.570613e-01;6.440029e-02;6.932605e-02;1.664389e-01;1.928341e-01;3.426253e-02;1.386940e-01;6.303988e-02;2.404135e-02;1.731356e-02;2.033139e-02
6.004294e-02;2.180790e-01;7.678425e-02;6.092407e-02;1.123996e-01;1.585140e-01;2.390299e-02;1.249192e-01;8.520177e-02;5.462867e-02;1.688108e-02;7.722499e-03
8.578778e-02;1.937434e-01;6.998501e-02;3.803532e-02;9.288877e-02;1.503571e-01;1.666464e-02;1.694082e-01;1.011877e-01;5.528517e-02;2.164768e-02;5.009164e-03
7.607572e-02;1.589015e-01;9.253240e-02;2.874019e-02;8.701382e-02;1.722969e-01;1.656973e-02;2.176911e-01;5.773800e-02;4.317718e-02;2.165310e-02;2.761033e-02
8.477058e-02;1.783824e-01;1.050104e-01;3.867201e-02;8.951657e-02;9.295946e-02;6.119601e-02;2.156303e-01;6.270359e-02;3.604441e-02;7.511019e-03;2.760328e-02
5.385922e-02;1.403002e-01;1.200397e-01;5.434510e-02;1.193207e-01;9.431545e-02;7.519371e-02;1.970313e-01;7.514859e-02;3.336202e-02;1.903767e-02;1.804633e-02
2.533228e-02;1.583002e-01;1.198923e-01;5.085602e-02;1.530063e-01;1.167866e-01;3.465597e-02;1.855915e-01;5.457193e-02;3.519595e-02;3.190700e-02;3.390406e-02
4.286328e-02;1.929078e-01;8.677538e-02;6.404003e-02;1.513589e-01;1.412740e-01;3.978735e-02;1.307520e-01;3.953307e-02;3.837219e-02;3.968971e-02;3.264634e-02
6.399572e-02;1.671775e-01;7.773225e-02;6.672455e-02;1.026702e-01;1.570350e-01;3.287297e-02;1.574592e-01;4.606988e-02;4.867714e-02;5.048733e-02;2.909834e-02
8.089174e-02;1.451706e-01;5.390532e-02;6.780691e-02;8.689310e-02;1.395906e-01;2.811361e-02;1.823246e-01;5.294084e-02;5.595768e-02;6.806205e-02;3.834290e-02
6.193588e-02;8.779711e-02;4.491567e-02;6.221571e-02;1.242739e-01;1.530779e-01;1.305245e-02;1.813443e-01;8.952989e-02;6.432746e-02;6.422918e-02;5.330057e-02
4.489844e-02;9.288852e-02;5.796347e-02;5.816558e-02;1.350764e-01;1.584142e-01;2.645563e-02;1.463524e-01;7.549772e-02;6.550862e-02;5.620046e-02;8.257858e-02
6.122697e-02;1.170779e-01;6.440900e-02;6.038434e-02;1.156889e-01;1.232179e-01;2.252938e-02;1.464448e-01;7.840102e-02;6.197090e-02;8.701810e-02;6.163078e-02
6.815614e-02;1.101456e-01;6.234803e-02;6.283606e-02;7.650707e-02;1.135720e-01;2.049993e-02;1.482366e-01;1.062702e-01;7.293925e-02;8.512383e-02;7.336522e-02
9.050377e-02;8.075559e-02;6.959821e-02;7.443935e-02;1.074419e-01;1.191159e-01;1.821966e-02;7.601757e-02;8.488621e-02;1.099654e-01;5.661103e-02;1.124454e-01
1.016118e-01;4.355062e-02;6.801637e-02;9.663155e-02;2.130752e-01;1.160136e-01;1.639565e-02;6.737556e-02;5.809350e-02;1.036428e-01;2.603123e-02;8.956213e-02
6.128421e-02;5.382981e-02;6.810613e-02;1.901196e-01;1.768192e-01;8.253496e-02;3.282114e-02;7.221087e-02;7.656357e-02;5.873292e-02;3.171497e-02;9.526259e-02
3.392394e-02;9.481658e-02;5.956014e-02;2.883568e-01;1.052142e-01;8.730520e-02;2.147115e-02;7.471684e-02;6.096810e-02;2.748052e-02;6.973266e-02;7.645394e-02
2.420902e-02;9.043215e-02;3.110062e-02;3.386570e-01;6.227468e-02;9.339277e-02;2.774916e-02;8.505430e-02;2.236724e-02;2.668473e-02;8.162051e-02;1.164578e-01
3.332178e-02;4.411722e-02;1.423642e-01;2.926331e-01;4.070828e-02;8.007074e-02;2.940838e-02;7.606029e-02;2.309625e-02;2.536871e-02;6.371857e-02;1.491324e-01
6.905453e-02;2.393178e-02;2.346423e-01;1.768402e-01;5.441984e-02;8.500037e-02;2.180842e-02;6.602229e-02;3.295805e-02;2.201151e-02;5.741419e-02;1.558965e-01
1.100586e-01;8.224027e-02;1.611216e-01;7.059921e-02;6.818021e-02;1.089870e-01;5.175251e-02;7.548346e-02;6.877188e-02;7.086771e-02;2.505022e-02;1.068873e-01
3.417312e-02;6.858578e-02;4.831113e-02;5.558610e-02;1.054887e-01;1.166623e-01;1.146621e-01;1.453920e-01;7.411015e-02;9.288007e-02;7.676738e-02;6.738109e-02
2.029834e-02;4.144341e-02;5.459867e-02;6.079956e-02;1.134836e-01;2.029858e-01;1.190242e-01;1.291496e-01;6.805389e-02;9.190414e-02;5.515672e-02;4.310207e-02
2.219894e-02;4.891857e-02;3.676955e-02;6.021842e-02;1.468578e-01;2.057388e-01;8.812710e-02;1.442267e-01;7.610973e-02;1.048072e-01;4.036005e-02;2.566712e-02
1.409623e-02;4.225301e-02;2.085291e-02;5.383153e-02;1.664274e-01;2.223709e-01;5.874712e-02;1.930051e-01;7.530540e-02;1.016039e-01;3.688948e-02;1.461696e-02
7.861199e-03;2.799558e-02;2.077854e-02;3.225267e-02;1.324990e-01;3.427131e-01;6.152474e-02;2.067998e-01;5.341332e-02;5.558363e-02;4.680822e-02;1.177024e-02
1.002024e-02;1.277782e-02;4.603349e-02;1.036575e-02;7.274697e-02;4.949366e-01;6.275306e-02;1.383674e-01;4.342485e-02;2.008423e-02;7.385505e-02;1.463450e-02
7.417209e-03;6.488483e-03;7.259356e-02;9.801975e-03;4.873354e-02;5.453812e-01;9.372771e-02;6.730906e-02;4.322855e-02;1.171974e-02;8.143961e-02;1.215931e-02
7.394111e-03;1.517203e-02;1.048800e-01;1.998615e-02;3.623779e-02;5.020014e-01;1.288789e-01;4.262413e-02;4.291710e-02;1.192654e-02;6.941747e-02;1.856440e-02
1.000839e-02;2.580775e-02;1.351305e-01;2.972865e-02;5.026997e-02;3.954483e-01;1.485994e-01;6.226407e-02;5.059750e-02;1.475950e-02;5.491512e-02;2.247097e-02
1.371643e-02;3.291995e-02;1.398349e-01;4.177177e-02;6.329823e-02;3.272643e-01;1.351040e-01;8.899654e-02;6.161964e-02;2.246010e-02;4.492339e-02;2.809065e-02
1.681462e-02;4.065265e-02;8.785210e-02;1.026571e-01;5.058389e-02;2.652967e-01;1.665652e-01;1.213114e-01;4.755184e-02;2.982017e-02;3.064474e-02;4.024954e-02
1.629666e-02;4.526017e-02;5.037205e-02;1.312794e-01;1.157147e-02;2.278568e-01;2.253004e-01;1.315196e-01;4.956079e-02;3.704948e-02;2.945268e-02;4.448041e-02
1.915520e-02;4.933496e-02;3.468226e-02;1.063006e-01;5.568803e-02;1.875785e-01;2.395305e-01;1.449143e-01;5.487837e-02;3.194214e-02;3.441804e-02;4.157709e-02
1.814934e-02;4.035664e-02;3.274499e-02;5.589219e-02;7.782399e-02;3.025031e-01;1.723624e-01;1.679277e-01;5.463285e-02;2.349688e-02;2.949194e-02;2.461807e-02
1.356393e-02;3.207012e-02;6.093889e-02;3.104543e-02;7.702319e-02;4.200275e-01;7.770067e-02;1.525339e-01;7.927584e-02;2.195032e-02;1.820958e-02;1.566055e-02
1.073036e-02;2.803557e-02;8.652981e-02;2.990169e-02;7.055601e-02;4.468788e-01;5.235070e-02;1.304212e-01;9.270370e-02;2.080297e-02;1.943680e-02;1.165244e-02
1.194076e-02;2.604234e-02;8.181926e-02;4.441538e-02;6.114701e-02;4.880669e-01;6.544723e-02;8.631251e-02;7.763282e-02;2.639169e-02;2.022116e-02;1.056298e-02
1.214406e-02;3.016242e-02;6.423417e-02;4.463476e-02;9.428029e-02;4.653495e-01;8.682051e-02;1.019005e-01;4.507701e-02;2.629406e-02;1.715749e-02;1.194531e-02
2.324001e-02;3.375207e-02;4.122012e-02;3.832087e-02;8.988914e-02;2.820560e-01;1.377002e-01;1.618485e-01;8.591414e-02;6.097600e-02;2.162023e-02;2.346274e-02
5.024233e-02;7.812801e-02;6.822537e-02;6.930834e-02;6.468147e-02;1.168743e-01;1.908818e-01;1.708517e-01;6.967040e-02;5.877268e-02;1.564437e-02;4.671921e-02
6.617690e-02;8.016485e-02;7.546277e-02;1.145521e-01;5.239824e-02;7.318150e-02;2.238530e-01;1.808393e-01;4.010510e-02;3.309522e-02;1.098910e-02;4.918201e-02
6.522954e-02;5.593028e-02;5.380267e-02;1.383505e-01;4.185516e-02;6.819124e-02;2.506040e-01;2.181248e-01;3.075836e-02;3.068806e-02;7.539403e-03;3.892600e-02
4.595649e-02;3.102875e-02;3.496970e-02;1.381417e-01;3.494233e-02;4.831375e-02;2.389254e-01;3.331272e-01;2.157897e-02;3.894872e-02;8.803442e-03;2.526357e-02
2.331459e-02;2.927545e-02;2.334154e-02;9.531053e-02;9.721376e-02;4.997150e-02;1.550397e-01;4.480111e-01;2.580229e-02;3.275744e-02;5.802660e-03;1.415934e-02
5.609966e-02;2.533066e-02;1.918542e-02;4.256909e-02;1.762253e-01;3.306890e-02;1.145804e-01;4.886988e-01;1.638409e-02;1.217096e-02;8.064992e-03;7.621758e-03
8.147243e-02;1.857609e-02;2.285960e-02;1.665955e-02;2.109364e-01;1.603422e-02;9.023786e-02;4.958922e-01;1.758335e-02;8.437101e-03;1.493210e-02;6.379134e-03
9.527468e-02;2.608562e-02;3.149709e-02;1.206814e-02;2.094686e-01;9.537390e-03;5.891389e-02;4.773396e-01;4.465176e-02;1.034241e-02;1.937426e-02;5.446500e-03
9.981304e-02;4.765414e-02;3.321327e-02;9.704021e-03;1.696100e-01;1.650443e-02;2.580603e-02;4.382293e-01;1.032045e-01;1.485961e-02;3.367326e-02;7.728432e-03
1.099004e-01;6.561416e-02;2.462007e-02;8.356242e-03;1.314183e-01;1.788756e-02;5.141701e-02;3.544242e-01;1.514032e-01;1.540368e-02;5.921905e-02;1.033604e-02
1.074214e-01;9.509260e-02;3.408204e-02;1.240680e-02;1.281642e-01;2.878046e-02;5.771532e-02;2.892729e-01;1.284528e-01;1.549924e-02;9.208775e-02;1.102444e-02
1.115434e-01;1.102565e-01;5.393473e-02;1.304588e-02;1.238970e-01;4.719148e-02;5.329029e-02;2.166044e-01;9.022044e-02;2.601697e-02;1.347486e-01;1.925035e-02
1.039527e-01;7.438583e-02;6.996400e-02;1.488070e-02;8.927307e-02;7.844970e-02;9.917348e-02;1.770166e-01;9.504803e-02;4.447990e-02;1.276194e-01;2.575661e-02
1.159062e-01;8.789284e-02;6.477994e-02;1.317220e-02;7.884987e-02;9.186015e-02;1.248938e-01;2.412935e-01;4.554895e-02;3.330561e-02;8.708716e-02;1.540987e-02
1.832398e-01;1.113313e-01;8.448040e-02;1.404505e-02;1.179288e-01;4.914203e-02;1.004862e-01;2.090524e-01;1.444034e-02;3.133778e-02;6.608654e-02;1.842929e-02
2.744795e-01;1.256453e-01;9.819384e-02;8.035706e-03;1.261631e-01;2.173783e-02;5.693588e-02;1.847842e-01;2.083130e-02;2.209236e-02;4.760484e-02;1.349617e-02
3.323745e-01;1.130752e-01;8.275716e-02;4.849517e-03;1.149411e-01;1.769059e-02;4.207809e-02;2.025026e-01;2.283983e-02;9.648566e-03;4.038430e-02;1.685843e-02
3.192629e-01;8.845060e-02;6.027989e-02;9.741317e-03;9.655689e-02;2.491666e-02;7.390913e-02;2.186760e-01;1.892951e-02;2.127402e-02;3.281395e-02;3.518921e-02
2.366620e-01;8.268580e-02;4.549923e-02;1.972125e-02;8.252399e-02;3.272836e-02;1.411683e-01;2.288951e-01;2.070421e-02;3.840435e-02;2.012691e-02;5.088053e-02
1.154385e-01;8.944041e-02;3.713351e-02;2.527097e-02;5.983540e-02;5.660732e-02;2.014346e-01;2.461842e-01;3.400214e-02;4.962174e-02;1.995622e-02;6.507498e-02
1.243610e-01;8.353630e-02;3.377232e-02;1.826296e-02;6.517892e-02;6.691261e-02;1.636479e-01;2.951030e-01;4.527168e-02;3.580279e-02;2.134420e-02;4.680631e-02
1.677434e-01;7.449369e-02;3.726576e-02;1.914934e-02;9.756271e-02;6.755943e-02;9.567805e-02;3.324541e-01;4.677141e-02;1.703706e-02;1.611282e-02;2.817221e-02
1.009499e-01;9.491571e-02;4.528708e-02;2.974669e-02;9.311848e-02;6.979527e-02;9.871799e-02;3.523148e-01;6.551775e-02;1.439123e-02;1.517238e-02;2.007267e-02
9.014013e-02;1.155418e-01;4.866638e-02;2.453559e-02;9.395464e-02;5.712134e-02;1.093796e-01;2.849131e-01;5.390075e-02;2.861809e-02;3.479429e-02;5.843429e-02
7.005645e-02;9.566573e-02;4.586286e-02;4.311268e-02;6.446809e-02;1.605867e-02;2.103659e-01;2.397894e-01;4.650295e-02;3.277427e-02;1.809022e-02;1.172528e-01
9.037098e-02;6.335559e-02;2.892152e-02;4.177874e-02;3.508217e-02;2.384417e-02;2.094771e-01;3.122876e-01;2.981506e-02;4.075445e-02;1.978702e-02;1.045256e-01
9.213159e-02;3.728933e-02;1.467918e-02;4.238752e-02;2.765091e-02;2.237337e-02;2.018055e-01;3.869713e-01;2.389959e-02;4.940641e-02;1.491804e-02;8.648723e-02
7.986933e-02;2.247963e-02;9.535042e-03;4.914274e-02;2.713295e-02;2.896432e-02;2.070797e-01;4.119804e-01;1.586755e-02;5.603414e-02;2.438528e-02;6.752901e-02
8.771656e-02;1.226400e-02;1.282477e-02;6.369546e-02;3.086364e-02;2.482970e-02;2.110929e-01;4.128103e-01;1.094162e-02;6.132238e-02;1.740275e-02;5.423584e-02
1.160619e-01;8.428200e-03;8.464148e-03;6.233286e-02;3.145781e-02;2.120367e-02;2.059114e-01;4.109887e-01;9.342490e-03;6.320129e-02;1.745565e-02;4.515192e-02
1.454000e-01;1.273136e-02;1.610534e-02;3.835101e-02;2.608204e-02;1.645980e-02;1.858042e-01;4.529307e-01;1.468503e-02;5.314155e-02;1.948831e-02;1.882058e-02
1.641081e-01;1.720780e-02;3.107630e-02;1.786853e-02;3.033142e-02;1.402729e-02;1.528957e-01;4.935536e-01;1.252779e-02;3.888979e-02;1.414439e-02;1.336930e-02
1.677903e-01;2.298269e-02;4.488270e-02;1.360047e-02;3.648688e-02;1.054597e-02;1.236660e-01;5.145517e-01;1.537630e-02;1.871586e-02;1.285296e-02;1.854813e-02
1.963639e-01;2.398575e-02;5.716080e-02;7.105209e-03;4.411405e-02;1.074386e-02;1.025489e-01;5.035795e-01;1.349335e-02;1.470017e-02;1.238443e-02;1.382014e-02
2.217395e-01;2.266635e-02;6.180450e-02;7.357953e-03;4.258702e-02;1.146311e-02;9.591486e-02;4.859175e-01;1.840005e-02;1.113210e-02;1.356990e-02;7.447109e-03
1.961799e-01;1.803063e-02;5.969767e-02;1.356599e-02;3.062292e-02;3.658035e-02;1.265614e-01;4.566783e-01;1.484925e-02;1.508334e-02;1.442919e-02;1.772096e-02
1.143613e-01;2.070767e-02;4.060579e-02;3.294869e-02;2.970632e-02;7.999519e-02;2.128573e-01;3.568526e-01;2.028581e-02;3.127081e-02;1.242421e-02;4.798434e-02
5.157083e-02;3.402000e-02;1.758896e-02;5.495979e-02;2.569770e-02;1.070303e-01;3.008038e-01;2.261678e-01;1.721198e-02;4.538124e-02;1.256116e-02;1.070064e-01
4.654822e-02;4.430187e-02;1.685443e-02;7.192861e-02;1.950844e-02;9.204961e-02;3.180481e-01;1.124605e-01;2.255962e-02;4.541986e-02;1.630910e-02;1.940116e-01
3.477893e-02;4.613648e-02;2.819923e-02;7.366197e-02;2.881109e-02;8.228596e-02;3.095771e-01;6.181783e-02;3.960103e-02;3.481040e-02;4.091660e-02;2.194034e-01
2.947748e-02;4.540499e-02;4.350982e-02;6.511553e-02;4.736168e-02;9.201793e-02;3.017744e-01;8.537903e-02;5.803859e-02;2.029481e-02;4.508086e-02;1.665449e-01
4.808224e-02;6.047065e-02;4.777002e-02;4.562821e-02;5.779191e-02;8.149025e-02;2.512698e-01;2.187909e-01;4.857816e-02;1.980650e-02;2.351695e-02;9.680441e-02
7.067882e-02;7.466159e-02;3.608141e-02;1.793624e-02;5.221149e-02;9.207094e-02;1.430343e-01;3.143770e-01;7.336159e-02;2.208377e-02;2.108127e-02;8.242160e-02
8.804828e-02;5.709133e-02;4.471114e-02;1.256365e-02;4.902413e-02;8.034821e-02;2.355101e-01;2.484184e-01;6.164315e-02;1.369138e-02;2.921047e-02;7.973974e-02
1.023651e-01;7.499742e-02;5.636072e-02;1.314244e-02;5.755214e-02;8.318739e-02;2.450455e-01;1.753732e-01;5.455687e-02;1.591635e-02;2.592878e-02;9.557410e-02
1.171627e-01;1.302900e-01;5.295587e-02;3.831121e-02;5.971203e-02;1.122284e-01;1.766229e-01;1.095244e-01;5.495728e-02;2.132241e-02;2.102077e-02;1.058921e-01
9.302295e-02;1.353207e-01;4.424937e-02;4.814935e-02;9.272749e-02;2.054232e-01;1.148692e-01;8.053421e-02;9.001333e-02;2.663603e-02;8.977848e-03;6.007626e-02
7.665154e-02;1.383060e-01;6.810050e-02;2.957823e-02;9.058384e-02;2.441148e-01;8.537172e-02;7.522579e-02;1.188400e-01;2.388395e-02;1.065351e-02;3.869013e-02
8.216346e-02;1.742955e-01;8.194016e-02;1.526845e-02;6.755169e-02;1.780165e-01;6.162655e-02;1.476981e-01;1.228558e-01;2.135915e-02;8.122495e-03;3.910218e-02
9.687775e-02;2.066637e-01;8.633231e-02;1.011278e-02;1.147558e-01;6.361436e-02;6.906107e-02;2.133325e-01;8.167738e-02;2.045699e-02;6.333959e-03;3.078141e-02
8.143125e-02;2.235321e-01;8.853483e-02;1.167447e-02;1.482531e-01;6.720369e-02;9.384043e-02;1.593746e-01;6.574797e-02;3.912836e-02;4.513775e-03;1.676551e-02
7.751618e-02;2.846609e-01;1.147288e-01;1.227002e-02;1.142891e-01;5.020451e-02;1.209736e-01;6.275368e-02;5.356790e-02;9.207584e-02;3.757646e-03;1.320183e-02
7.629723e-02;2.913886e-01;1.234094e-01;1.438145e-02;8.355278e-02;4.169016e-02;1.206252e-01;6.446878e-02;5.576234e-02;1.154036e-01;5.563208e-03;7.457274e-03
6.510833e-02;2.693807e-01;1.358311e-01;1.154044e-02;1.190679e-01;5.336256e-02;1.072446e-01;6.731763e-02;6.101059e-02;9.104496e-02;6.561338e-03;1.252984e-02
8.966701e-02;2.152724e-01;1.126888e-01;1.324736e-02;9.778932e-02;6.263863e-02;1.303638e-01;1.476351e-01;5.020819e-02;5.476779e-02;7.038991e-03;1.868259e-02
1.051730e-01;1.586241e-01;9.703006e-02;1.226321e-02;9.940417e-02;8.134934e-02;1.512624e-01;1.983470e-01;3.340702e-02;3.383279e-02;1.297192e-02;1.633495e-02
1.014704e-01;1.683297e-01;1.013994e-01;1.473061e-02;1.602098e-01;6.851482e-02;1.154859e-01;1.542407e-01;3.167813e-02;2.906727e-02;3.389875e-02;2.097455e-02
1.390462e-01;1.305857e-01;9.122381e-02;5.506127e-03;1.042598e-01;5.853324e-02;7.398052e-02;2.468058e-01;2.810042e-02;2.593947e-02;5.303929e-02;4.297957e-02
2.129850e-01;1.542360e-01;9.351045e-02;8.933512e-03;4.696236e-02;4.409662e-02;5.564873e-02;2.584574e-01;2.374405e-02;1.628473e-02;4.992436e-02;3.521680e-02
2.547212e-01;1.275030e-01;7.538402e-02;7.473161e-03;3.479792e-02;2.762667e-02;9.579366e-02;2.558258e-01;2.528284e-02;2.926029e-02;2.537710e-02;4.095433e-02
2.070703e-01;7.444141e-02;4.675666e-02;2.067011e-02;2.826514e-02;3.849288e-02;1.484822e-01;2.451181e-01;1.878479e-02;5.819711e-02;1.406802e-02;9.965336e-02
1.058487e-01;5.094729e-02;2.748491e-02;3.935074e-02;1.419013e-02;4.881216e-02;2.145433e-01;2.100447e-01;1.539887e-02;7.873866e-02;1.501111e-02;1.796295e-01
4.947245e-02;4.851988e-02;1.093529e-02;4.989742e-02;6.959402e-03;6.013392e-02;2.983115e-01;1.318272e-01;1.383468e-02;6.908075e-02;3.176347e-02;2.292640e-01
6.475528e-02;5.931258e-02;2.106071e-02;4.048482e-02;8.247755e-03;7.887792e-02;3.632137e-01;3.017133e-02;2.005979e-02;3.890093e-02;5.839508e-02;2.165201e-01
1.006054e-01;6.992090e-02;4.665966e-02;1.985133e-02;1.493287e-02;9.546672e-02;2.734094e-01;1.031415e-01;5.054590e-02;4.621731e-02;5.696516e-02;1.222839e-01
1.111400e-01;1.051731e-01;6.104708e-02;1.504106e-02;1.933325e-02;8.102950e-02;1.280178e-01;1.785306e-01;7.867507e-02;5.911137e-02;7.394492e-02;8.895630e-02
9.665288e-02;1.426378e-01;8.105759e-02;1.239985e-02;2.448616e-02;7.983034e-02;6.975818e-02;2.098776e-01;1.021400e-01;3.908848e-02;6.577136e-02;7.629978e-02
1.213795e-01;1.332076e-01;6.532148e-02;1.124074e-02;2.324608e-02;4.650678e-02;1.382221e-01;2.682571e-01;1.065976e-01;3.508940e-02;2.050255e-02;3.042918e-02
1.204010e-01;1.040868e-01;5.111086e-02;1.223259e-02;2.068747e-02;2.986552e-02;1.485512e-01;3.401768e-01;9.191245e-02;2.739489e-02;2.342661e-02;3.015386e-02
1.242329e-01;1.153224e-01;4.225624e-02;1.952207e-02;2.545211e-02;3.142425e-02;1.371533e-01;3.354819e-01;8.412480e-02;2.497134e-02;2.397902e-02;3.607958e-02
9.946932e-02;1.513673e-01;6.780341e-02;3.215962e-02;2.500968e-02;7.162413e-02;6.298054e-02;2.989056e-01;7.451545e-02;3.377639e-02;3.308694e-02;4.930169e-02
1.077103e-01;1.740627e-01;7.113137e-02;3.768345e-02;2.478166e-02;9.499657e-02;1.149331e-01;1.875935e-01;4.797138e-02;3.165611e-02;4.558628e-02;6.189360e-02
8.026602e-02;1.594231e-01;5.753687e-02;8.793045e-02;3.450949e-02;1.070605e-01;1.469522e-01;1.639490e-01;3.576715e-02;2.120675e-02;4.418668e-02;6.121178e-02
3.610852e-02;1.006820e-01;3.399958e-02;1.854246e-01;2.710466e-02;1.153725e-01;1.287125e-01;2.164922e-01;3.254217e-02;1.712856e-02;3.399730e-02;7.243540e-02
2.955686e-02;3.429501e-02;2.078073e-02;1.646590e-01;1.912382e-02;1.061644e-01;2.582021e-01;2.378596e-01;3.040935e-02;1.312558e-02;2.118924e-02;6.463432e-02
3.171404e-02;5.858838e-02;2.516973e-02;7.552660e-02;1.617166e-02;9.371365e-02;3.215211e-01;2.564525e-01;2.994489e-02;1.238546e-02;2.328329e-02;5.552877e-02
2.870961e-02;6.908566e-02;4.553644e-02;2.861252e-02;1.350235e-02;1.224130e-01;2.729817e-01;2.771879e-01;4.582693e-02;1.694460e-02;3.075700e-02;4.844233e-02
2.478822e-02;7.450111e-02;6.208909e-02;2.957969e-02;1.924416e-02;1.832139e-01;1.179187e-01;2.899233e-01;8.105174e-02;2.362072e-02;4.226460e-02;5.180477e-02
3.596042e-02;8.470912e-02;7.128457e-02;1.375202e-02;1.361636e-02;1.821271e-01;1.807624e-01;2.332856e-01;7.784704e-02;2.490634e-02;4.148329e-02;4.026579e-02
3.860012e-02;1.245586e-01;8.412425e-02;1.248384e-02;1.199661e-02;2.137324e-01;1.231783e-01;2.129008e-01;7.574405e-02;2.904047e-02;4.026275e-02;3.337777e-02
4.021697e-02;1.181453e-01;6.092307e-02;1.796872e-02;1.713704e-02;2.240848e-01;1.647696e-01;1.550927e-01;1.096216e-01;3.100875e-02;3.014062e-02;3.089086e-02
4.088694e-02;9.332646e-02;3.879350e-02;2.281027e-02;2.213630e-02;1.688834e-01;1.723185e-01;1.979516e-01;1.563138e-01;3.986422e-02;1.749860e-02;2.921642e-02
3.603893e-02;8.923268e-02;4.228472e-02;2.495005e-02;3.024045e-02;1.258355e-01;1.313502e-01;2.728670e-01;1.568563e-01;3.529473e-02;2.697785e-02;2.807159e-02
4.809347e-02;8.462181e-02;5.188537e-02;2.579362e-02;2.774142e-02;9.987301e-02;1.865955e-01;2.591253e-01;9.554726e-02;4.651554e-02;3.217359e-02;4.203416e-02
5.308117e-02;1.047600e-01;6.301624e-02;2.080506e-02;1.959248e-02;4.689288e-02;2.377151e-01;2.598704e-01;6.288346e-02;4.593778e-02;2.937727e-02;5.606819e-02
4.752893e-02;8.854725e-02;4.806229e-02;1.988409e-02;1.940745e-02;4.148014e-02;2.091872e-01;2.805518e-01;9.485298e-02;5.045370e-02;2.864926e-02;7.139497e-02
3.751079e-02;7.266328e-02;2.170687e-02;2.505470e-02;2.249356e-02;5.334452e-02;1.968824e-01;2.974513e-01;1.243680e-01;6.218761e-02;3.024676e-02;5.609012e-02
3.486843e-02;8.549898e-02;4.955268e-02;3.200268e-02;2.654294e-02;5.982396e-02;1.679118e-01;2.641578e-01;1.376664e-01;8.335702e-02;2.345774e-02;3.515960e-02
3.869813e-02;8.643620e-02;5.382908e-02;4.347470e-02;4.149003e-02;3.097066e-02;2.138826e-01;2.486773e-01;1.114646e-01;7.260723e-02;2.498068e-02;3.348875e-02
3.480665e-02;6.589793e-02;4.717047e-02;3.642006e-02;3.029364e-02;9.741173e-02;2.023951e-01;1.519134e-01;1.293511e-01;1.433238e-01;3.181612e-02;2.920002e-02
2.475911e-02;4.317158e-02;4.219393e-02;2.235195e-02;1.892558e-02;1.419445e-01;1.730701e-01;1.167661e-01;1.430454e-01;2.237067e-01;2.751210e-02;2.255294e-02
2.083783e-02;8.688585e-02;8.881304e-02;1.886404e-02;1.626736e-02;1.317357e-01;2.108703e-01;8.469410e-02;1.569257e-01;1.509366e-01;1.933682e-02;1.383266e-02
2.023566e-02;1.149192e-01;9.293815e-02;1.238682e-02;1.431326e-02;1.032379e-01;2.867954e-01;5.455688e-02;1.420712e-01;1.386341e-01;1.211788e-02;7.793535e-03
1.984648e-02;1.462563e-01;1.239908e-01;4.910366e-03;1.004469e-02;8.699829e-02;2.539395e-01;7.858847e-02;1.526860e-01;1.104886e-01;8.259525e-03;3.991109e-03
1.791194e-02;1.698800e-01;1.726195e-01;6.287268e-03;1.256128e-02;6.954705e-02;1.298046e-01;1.668179e-01;1.397271e-01;1.071312e-01;4.724700e-03;2.987552e-03
1.348445e-02;1.713565e-01;2.355631e-01;6.495804e-03;1.063193e-02;3.940543e-02;4.901941e-02;2.288782e-01;8.871920e-02;1.430147e-01;1.011190e-02;3.319382e-03
9.935207e-03;1.659398e-01;2.986881e-01;8.959737e-03;2.083290e-02;2.438165e-02;5.004524e-02;1.787996e-01;5.977415e-02;1.692198e-01;1.094307e-02;2.480641e-03
1.129190e-02;1.826374e-01;3.306099e-01;8.670720e-03;2.753351e-02;2.447576e-02;4.500756e-02;1.034633e-01;3.984037e-02;2.128325e-01;1.085105e-02;2.785947e-03
1.083195e-02;1.677565e-01;3.206809e-01;1.130898e-02;2.338783e-02;2.283703e-02;7.107779e-02;7.745617e-02;3.689639e-02;2.472008e-01;7.053969e-03;3.511728e-03
1.484946e-02;1.479598e-01;3.149808e-01;1.634239e-02;1.774366e-02;3.154074e-02;7.515665e-02;5.978033e-02;4.181975e-02;2.640363e-01;1.059703e-02;5.193127e-03
1.180712e-02;1.787203e-01;3.034447e-01;2.120038e-02;1.874053e-02;1.755266e-02;5.364361e-02;7.094409e-02;5.428121e-02;2.450595e-01;1.786957e-02;6.736292e-03
1.348844e-02;2.137778e-01;2.871417e-01;2.535804e-02;1.747034e-02;3.079166e-02;5.545814e-02;6.650861e-02;6.659521e-02;1.993839e-01;1.698050e-02;7.045712e-03
2.279107e-02;2.607657e-01;2.610784e-01;2.083433e-02;9.839984e-03;5.881554e-02;3.843665e-02;5.258294e-02;7.664970e-02;1.673487e-01;1.746800e-02;1.338899e-02
3.763979e-02;3.226176e-01;2.227433e-01;1.602611e-02;2.322099e-02;9.501332e-02;2.469389e-02;4.587893e-02;7.498304e-02;1.080147e-01;1.402726e-02;1.514114e-02
6.318723e-02;3.226187e-01;2.471918e-01;1.578929e-02;3.242645e-02;7.668274e-02;5.727346e-02;6.008119e-02;5.511662e-02;3.921796e-02;1.526211e-02;1.515247e-02
7.629783e-02;3.119279e-01;2.718138e-01;1.711175e-02;1.915897e-02;5.292390e-02;6.710631e-02;4.766649e-02;5.456596e-02;4.640533e-02;2.087742e-02;1.414432e-02
8.196016e-02;2.592009e-01;2.256298e-01;1.812334e-02;1.528808e-02;6.406876e-02;5.374825e-02;8.091119e-02;8.383705e-02;8.750042e-02;1.561102e-02;1.412099e-02
7.713667e-02;1.463002e-01;1.261480e-01;1.449950e-02;1.793849e-02;6.426895e-02;8.380786e-02;1.536281e-01;1.335889e-01;1.522847e-01;9.415585e-03;2.098318e-02
4.651930e-02;6.496151e-02;7.581141e-02;1.839662e-02;1.853318e-02;8.876608e-02;8.002666e-02;1.944202e-01;1.663449e-01;2.163548e-01;8.622787e-03;2.124254e-02
2.278200e-02;1.061977e-01;1.209040e-01;8.143923e-03;1.431457e-02;4.717167e-02;1.602321e-01;1.339819e-01;1.436006e-01;2.228680e-01;7.921532e-03;1.188190e-02
1.576806e-02;1.257870e-01;1.521998e-01;8.467942e-03;1.267170e-02;3.534178e-02;2.300289e-01;1.170731e-01;1.232847e-01;1.635228e-01;7.477481e-03;8.376686e-03
1.672466e-02;1.161007e-01;1.359685e-01;5.806112e-03;3.307876e-02;3.877020e-02;1.219731e-01;1.499902e-01;1.853154e-01;1.878199e-01;4.272791e-03;4.179844e-03
1.825393e-02;9.419866e-02;1.091862e-01;8.665890e-03;5.978898e-02;1.032085e-01;1.241339e-01;1.110213e-01;2.221216e-01;1.408102e-01;3.908860e-03;4.701895e-03
2.262740e-02;8.042411e-02;9.446019e-02;1.149099e-02;5.563214e-02;2.239872e-01;1.375364e-01;9.661929e-02;2.167102e-01;4.369863e-02;7.776647e-03;9.036898e-03
3.831844e-02;7.478993e-02;7.181385e-02;1.194500e-02;6.438499e-02;2.816892e-01;8.227541e-02;1.098276e-01;1.642362e-01;6.878234e-02;1.460149e-02;1.733549e-02
5.710433e-02;6.566314e-02;6.374870e-02;1.511040e-02;9.401239e-02;2.206560e-01;1.447475e-01;8.539068e-02;1.113269e-01;9.751058e-02;1.788757e-02;2.684180e-02
9.109176e-02;6.435522e-02;7.848378e-02;1.383601e-02;8.570782e-02;1.394952e-01;1.343140e-01;6.464039e-02;1.161797e-01;9.629114e-02;7.047040e-02;4.513458e-02
1.462705e-01;6.155801e-02;8.811804e-02;1.254640e-02;5.561677e-02;9.155487e-02;5.779880e-02;3.866813e-02;1.360689e-01;9.306830e-02;1.727241e-01;4.600725e-02
1.268570e-01;4.497134e-02;9.245381e-02;1.927144e-02;9.986891e-02;7.216810e-02;4.618311e-02;1.561313e-02;1.806953e-01;6.242038e-02;1.934970e-01;4.600041e-02
7.386903e-02;5.544320e-02;9.665060e-02;2.907465e-02;1.324241e-01;1.047590e-01;6.524353e-02;1.653997e-02;1.996311e-01;2.945556e-02;1.269083e-01;7.000096e-02
