2.794428e-02;4.576312e-02;2.932376e-02;7.812789e-02;1.125036e-01;2.618068e-01;9.954416e-02;2.082707e-01;8.845638e-02;2.109434e-02;1.161065e-02;1.555432e-02
2.566520e-02;6.069490e-02;6.221592e-02;5.986761e-02;8.779064e-02;2.996710e-01;8.452827e-02;1.755646e-01;8.253747e-02;2.244863e-02;1.103360e-02;2.798215e-02
3.204852e-02;7.086232e-02;8.772380e-02;3.996370e-02;5.487441e-02;3.344718e-01;9.740188e-02;1.439339e-01;6.790716e-02;2.358742e-02;1.416366e-02;3.306146e-02
3.568015e-02;3.210828e-02;7.294245e-02;1.445727e-02;4.167326e-02;3.321745e-01;1.241870e-01;1.889261e-01;8.751013e-02;2.637996e-02;1.163583e-02;3.232512e-02
4.539467e-02;6.264438e-02;5.262170e-02;3.459238e-02;5.312431e-02;2.428396e-01;1.575490e-01;2.092114e-01;7.451718e-02;3.169439e-02;6.959413e-03;2.885156e-02
3.978734e-02;7.924904e-02;4.890330e-02;4.075288e-02;5.597464e-02;1.993906e-01;1.633670e-01;2.141459e-01;9.456135e-02;3.055787e-02;1.397747e-02;1.933261e-02
4.132857e-02;7.255216e-02;2.892915e-02;3.746722e-02;5.097925e-02;2.146470e-01;1.608373e-01;1.879605e-01;1.329434e-01;3.353018e-02;1.724361e-02;2.158180e-02
6.146194e-02;1.333696e-01;8.882298e-02;2.991434e-02;5.139447e-02;1.583778e-01;1.186847e-01;1.576788e-01;1.257215e-01;3.235115e-02;2.095343e-02;2.126931e-02
5.305031e-02;1.094505e-01;1.100973e-01;3.098317e-02;5.582726e-02;2.604485e-01;3.672038e-02;1.804188e-01;8.498524e-02;3.258644e-02;1.978289e-02;2.564910e-02
2.647892e-02;5.688289e-02;8.337688e-02;4.338111e-02;7.002326e-02;2.998103e-01;6.740918e-02;1.943426e-01;9.707147e-02;2.804929e-02;9.218736e-03;2.395528e-02
2.164420e-02;6.666185e-02;8.157495e-02;6.160723e-02;6.252525e-02;2.600677e-01;1.147926e-01;1.510685e-01;9.991959e-02;2.733457e-02;1.426484e-02;3.853870e-02
3.454433e-02;7.714816e-02;9.161460e-02;8.374195e-02;6.488740e-02;1.650326e-01;1.213376e-01;1.817178e-01;8.042853e-02;3.018832e-02;1.521574e-02;5.414296e-02
3.243145e-02;8.869946e-02;9.525470e-02;4.604640e-02;7.861907e-02;2.725829e-01;5.384953e-02;2.028369e-01;6.637153e-02;2.068517e-02;1.120957e-02;3.141330e-02
3.766645e-02;1.079731e-01;4.647825e-02;4.577723e-02;8.040316e-02;2.918715e-01;1.451835e-02;2.134932e-01;1.004153e-01;2.349173e-02;1.301729e-02;2.489454e-02
3.595288e-02;1.037009e-01;9.128609e-02;3.462150e-02;7.143439e-02;1.930402e-01;6.272232e-02;1.935212e-01;1.332278e-01;3.444649e-02;1.941476e-02;2.663158e-02
3.068426e-02;4.804536e-02;6.874371e-02;2.450946e-02;5.619764e-02;2.020889e-01;6.568110e-02;2.550452e-01;1.782151e-01;2.742635e-02;1.446172e-02;2.890117e-02
3.391895e-02;5.766632e-02;8.756268e-02;3.912941e-02;4.947539e-02;1.828780e-01;6.639714e-02;2.106401e-01;2.140447e-01;2.313139e-02;9.858269e-03;2.529757e-02
7.034942e-02;8.676643e-02;1.020483e-01;2.436342e-02;4.823797e-02;2.288848e-01;2.453492e-02;1.416472e-01;1.525887e-01;4.005212e-02;2.220436e-02;5.832233e-02
9.648456e-02;9.632009e-02;7.855919e-02;2.542976e-02;3.137975e-02;2.740268e-01;6.087603e-02;1.735884e-01;6.443668e-02;3.230898e-02;1.988946e-02;4.670022e-02
8.605651e-02;1.291600e-01;8.130394e-02;3.011846e-02;2.611910e-02;3.332718e-01;8.329248e-02;1.414888e-01;2.946733e-02;2.158500e-02;1.282258e-02;2.531399e-02
5.144156e-02;1.181515e-01;7.538170e-02;3.740831e-02;1.560052e-02;4.372757e-01;9.998098e-02;1.125614e-01;1.358555e-02;1.905158e-02;9.674966e-03;9.886151e-03
1.519590e-02;5.603500e-02;3.705038e-02;3.125433e-02;1.289606e-02;5.855591e-01;1.168427e-01;1.022247e-01;9.240040e-03;2.213341e-02;8.965326e-03;2.603036e-03
2.799749e-02;2.542450e-02;1.650536e-02;1.400311e-02;2.628147e-02;6.281309e-01;9.276853e-02;1.135421e-01;1.541968e-02;2.619551e-02;9.099884e-03;4.631374e-03
2.846969e-02;3.755786e-02;6.690323e-02;2.272959e-02;4.821950e-02;5.143797e-01;7.719192e-02;1.301324e-01;2.862762e-02;2.717145e-02;1.275471e-02;5.862348e-03
2.157145e-02;6.569713e-02;1.731813e-01;5.728457e-02;7.840358e-02;2.777069e-01;7.604402e-02;1.455884e-01;4.370170e-02;2.836053e-02;1.940488e-02;1.305563e-02
1.674141e-02;1.288253e-01;2.964641e-01;6.652965e-02;6.053033e-02;1.325717e-01;7.897716e-02;1.215011e-01;3.386330e-02;2.580437e-02;2.319345e-02;1.499811e-02
1.787858e-02;1.794599e-01;3.102973e-01;3.325806e-02;3.747033e-02;2.111655e-01;8.129720e-02;6.583524e-02;1.892352e-02;2.001961e-02;1.732777e-02;7.066931e-03
2.256812e-02;1.878601e-01;2.693318e-01;2.167322e-02;3.666535e-02;2.881028e-01;4.573169e-02;7.449515e-02;1.940539e-02;1.875166e-02;7.520530e-03;7.894210e-03
2.597958e-02;1.923118e-01;2.813582e-01;2.275557e-02;3.219372e-02;2.505481e-01;1.738240e-02;1.179949e-01;2.697137e-02;1.851818e-02;6.293523e-03;7.692595e-03
3.581550e-02;2.315800e-01;2.687710e-01;2.154922e-02;3.153753e-02;1.570790e-01;2.524882e-02;1.557179e-01;3.214608e-02;2.273401e-02;7.613619e-03;1.020729e-02
4.017422e-02;2.423343e-01;2.406943e-01;2.312436e-02;2.937010e-02;2.079423e-01;3.682841e-02;1.134809e-01;2.768296e-02;1.992479e-02;8.337541e-03;1.010588e-02
3.987465e-02;2.548282e-01;2.533427e-01;2.100320e-02;2.444251e-02;2.069581e-01;4.496574e-02;9.699395e-02;2.130502e-02;1.759105e-02;6.658505e-03;1.203638e-02
5.463049e-02;2.293077e-01;1.089156e-01;3.325498e-02;4.979458e-02;2.733665e-01;6.426077e-02;1.135590e-01;2.770806e-02;1.783923e-02;8.141353e-03;1.922175e-02
3.063190e-02;1.661051e-01;2.341851e-01;3.837955e-02;4.852992e-02;2.794877e-01;4.791497e-02;7.865902e-02;2.723903e-02;2.631622e-02;8.670228e-03;1.388124e-02
2.000175e-02;1.133867e-01;3.898043e-01;1.077842e-01;5.852913e-02;1.463764e-01;2.675322e-02;5.223447e-02;2.429835e-02;3.461514e-02;1.924955e-02;6.966750e-03
1.123727e-02;9.837440e-02;4.681208e-01;1.551164e-01;6.697717e-02;5.617238e-02;1.837911e-02;3.722074e-02;2.291326e-02;3.336287e-02;2.160224e-02;1.052331e-02
7.085388e-03;8.317509e-02;5.082267e-01;1.554896e-01;5.482457e-02;5.058722e-02;3.657231e-02;1.936886e-02;1.842119e-02;3.396384e-02;2.050494e-02;1.178030e-02
1.402256e-02;1.140230e-01;5.375414e-01;1.184299e-01;3.609884e-02;3.223640e-02;4.387123e-02;5.931873e-03;1.785832e-02;4.955198e-02;2.008497e-02;1.034951e-02
2.283714e-02;1.684327e-01;5.274211e-01;5.160164e-02;2.380682e-02;3.374014e-02;4.121670e-02;1.061216e-02;1.249867e-02;7.170548e-02;2.894034e-02;7.187163e-03
2.263775e-02;1.444780e-01;4.793677e-01;8.638201e-02;2.685034e-02;4.473766e-02;3.480421e-02;2.287535e-02;9.872693e-03;7.543232e-02;4.618623e-02;6.375612e-03
1.893422e-02;9.679237e-02;4.105886e-01;2.064922e-01;4.115263e-02;4.769676e-02;2.826366e-02;3.584351e-02;3.986391e-02;4.106376e-02;2.326624e-02;1.004213e-02
1.722217e-02;8.686814e-02;3.297968e-01;2.168658e-01;7.618835e-02;5.788858e-02;1.830797e-02;4.240101e-02;3.430098e-02;3.858268e-02;5.798774e-02;2.358975e-02
1.362819e-02;9.273585e-02;3.512483e-01;1.988769e-01;8.281338e-02;3.090323e-02;2.214218e-02;3.706240e-02;2.842574e-02;3.186385e-02;7.328102e-02;3.701898e-02
1.422389e-02;1.294689e-01;4.253181e-01;1.196227e-01;6.239574e-02;4.843869e-02;2.246363e-02;2.384550e-02;2.535489e-02;4.074701e-02;4.894169e-02;3.917933e-02
1.580822e-02;1.828148e-01;4.956532e-01;4.010504e-02;2.924680e-02;5.306172e-02;2.366193e-02;1.413894e-02;2.094198e-02;5.745022e-02;4.110226e-02;2.601482e-02
1.888280e-02;2.187868e-01;4.901820e-01;2.073183e-02;2.216820e-02;2.469594e-02;2.839897e-02;3.272387e-02;1.954124e-02;5.610223e-02;5.132053e-02;1.646561e-02
1.902294e-02;2.477589e-01;4.395708e-01;3.721765e-02;2.837817e-02;7.779709e-02;2.130618e-02;3.075378e-02;1.753714e-02;3.697481e-02;3.464480e-02;9.037700e-03
2.070949e-02;2.741566e-01;4.442569e-01;6.312077e-02;3.247937e-02;5.867451e-02;1.496396e-02;2.639579e-02;1.238378e-02;2.294512e-02;2.061176e-02;9.301952e-03
3.057105e-02;2.999679e-01;3.931005e-01;4.945321e-02;2.926017e-02;6.307148e-02;1.636677e-02;3.436036e-02;2.242745e-02;2.612975e-02;1.963270e-02;1.565863e-02
2.188055e-02;2.156238e-01;3.677425e-01;7.293817e-02;4.012545e-02;9.626471e-02;2.234599e-02;5.587971e-02;3.228328e-02;2.038105e-02;3.103325e-02;2.350153e-02
1.210502e-02;1.374725e-01;3.325008e-01;1.393110e-01;6.914973e-02;1.076527e-01;2.295675e-02;6.146573e-02;2.919274e-02;8.735065e-03;5.768222e-02;2.177573e-02
1.143843e-02;1.102582e-01;2.884603e-01;2.384143e-01;9.311915e-02;7.784905e-02;1.833954e-02;4.970905e-02;1.563130e-02;5.134014e-03;7.543480e-02;1.621198e-02
1.072809e-02;8.639099e-02;2.451898e-01;3.465780e-01;9.623896e-02;6.409739e-02;1.741010e-02;3.918081e-02;1.078883e-02;5.778139e-03;7.095510e-02;6.663818e-03
8.407798e-03;6.399157e-02;1.904349e-01;4.013485e-01;7.800712e-02;1.005324e-01;2.104146e-02;4.656144e-02;1.280434e-02;1.099450e-02;6.249724e-02;3.378653e-03
7.274022e-03;5.576531e-02;1.920737e-01;4.037545e-01;6.825750e-02;9.630300e-02;1.898789e-02;4.766543e-02;1.803420e-02;1.740267e-02;6.959773e-02;4.884091e-03
6.364848e-03;5.271966e-02;1.703919e-01;4.031931e-01;9.906027e-02;9.536412e-02;1.081416e-02;5.250379e-02;1.586243e-02;1.557379e-02;7.489756e-02;3.254394e-03
4.037017e-03;3.039963e-02;1.797332e-01;4.098178e-01;1.058974e-01;9.767756e-02;1.171480e-02;4.938503e-02;1.455009e-02;1.505646e-02;7.819364e-02;3.537340e-03
6.665591e-03;3.298530e-02;2.827595e-01;3.750924e-01;8.120088e-02;6.978803e-02;1.483446e-02;3.691089e-02;1.445581e-02;1.253296e-02;6.773815e-02;5.036093e-03
8.850388e-03;8.255681e-02;3.660824e-01;2.903769e-01;3.798723e-02;6.152968e-02;2.902422e-02;3.962946e-02;1.349820e-02;7.110021e-03;4.999978e-02;1.335491e-02
1.561240e-02;1.105071e-01;3.678396e-01;1.873218e-01;6.514665e-02;8.986429e-02;3.372574e-02;4.870468e-02;1.665928e-02;1.423402e-02;3.140618e-02;1.897820e-02
2.406185e-02;1.194012e-01;3.959927e-01;5.191987e-02;1.178443e-01;1.203233e-01;2.976963e-02;4.405965e-02;2.842214e-02;3.777227e-02;1.651766e-02;1.391535e-02
1.873878e-02;1.138704e-01;3.298388e-01;1.306871e-01;1.171517e-01;1.451145e-01;1.954217e-02;2.775611e-02;1.712756e-02;4.006653e-02;1.750982e-02;2.259646e-02
2.389205e-02;1.383017e-01;2.821314e-01;1.424256e-01;1.083609e-01;1.480903e-01;2.662473e-02;3.526071e-02;2.003762e-02;3.129368e-02;1.850118e-02;2.508021e-02
1.480903e-02;1.199622e-01;2.652123e-01;5.899577e-02;1.061752e-01;2.314284e-01;3.894818e-02;2.956135e-02;3.128349e-02;3.376935e-02;4.458742e-02;2.526737e-02
3.113427e-02;7.318183e-02;1.749218e-01;8.126357e-02;9.494162e-02;3.470985e-01;3.673334e-02;3.536884e-02;3.395303e-02;3.039273e-02;2.851693e-02;3.249354e-02
4.865084e-02;6.039101e-02;9.293438e-02;8.618628e-02;6.031447e-02;4.595957e-01;3.217987e-02;7.109483e-02;2.580456e-02;2.763724e-02;1.319327e-02;2.201752e-02
4.646771e-02;5.905448e-02;1.648894e-01;8.406774e-02;2.879926e-02;4.373721e-01;2.504257e-02;7.928465e-02;2.202757e-02;2.527510e-02;1.258146e-02;1.513791e-02
3.588312e-02;9.019621e-02;2.657137e-01;9.756654e-02;4.979685e-02;3.064399e-01;2.532021e-02;4.530898e-02;2.678327e-02;1.776513e-02;1.594472e-02;2.328139e-02
3.014452e-02;1.371132e-01;2.593440e-01;1.285657e-01;9.374437e-02;1.908286e-01;2.577415e-02;4.999551e-02;2.851949e-02;1.380770e-02;1.356406e-02;2.859876e-02
2.717146e-02;1.721509e-01;2.736859e-01;1.137256e-01;7.348987e-02;1.909879e-01;2.405810e-02;4.966958e-02;1.894114e-02;1.542249e-02;1.853290e-02;2.216412e-02
2.640597e-02;1.709388e-01;3.073291e-01;8.277561e-02;3.814433e-02;2.295050e-01;1.779880e-02;4.745241e-02;1.753055e-02;1.633405e-02;3.561667e-02;1.016878e-02
3.012799e-02;1.533855e-01;2.664750e-01;1.040781e-01;4.422740e-02;2.427544e-01;1.770793e-02;5.051941e-02;1.679905e-02;2.295135e-02;3.761422e-02;1.335960e-02
4.005490e-02;1.461276e-01;1.879709e-01;1.462851e-01;8.283317e-02;2.038494e-01;1.632114e-02;5.376163e-02;2.907008e-02;2.529501e-02;4.929147e-02;1.913957e-02
3.187849e-02;1.034014e-01;2.739904e-01;9.343281e-02;8.305671e-02;2.105903e-01;1.788066e-02;5.573203e-02;3.953570e-02;2.551338e-02;5.052009e-02;1.446802e-02
2.687876e-02;1.110199e-01;3.483497e-01;1.171087e-01;7.017393e-02;1.694428e-01;1.952292e-02;4.706714e-02;2.480021e-02;2.261036e-02;3.320298e-02;9.822563e-03
2.663163e-02;1.233086e-01;3.573478e-01;1.817534e-01;7.118510e-02;1.123505e-01;1.777052e-02;4.540516e-02;1.626341e-02;1.616992e-02;2.192098e-02;9.892917e-03
3.138096e-02;1.155341e-01;3.329618e-01;2.151358e-01;5.112544e-02;1.323353e-01;1.220298e-02;4.185447e-02;1.987222e-02;2.320036e-02;1.832392e-02;6.072696e-03
2.765076e-02;8.368523e-02;2.614669e-01;2.358742e-01;6.350741e-02;1.965382e-01;1.486314e-02;3.633523e-02;2.398448e-02;3.445197e-02;1.449255e-02;7.149874e-03
1.823784e-02;6.960436e-02;1.743407e-01;2.201524e-01;8.476642e-02;2.820796e-01;2.477093e-02;4.566931e-02;1.709097e-02;3.805268e-02;1.729691e-02;7.937898e-03
1.543865e-02;6.970651e-02;1.674949e-01;1.718856e-01;6.083553e-02;3.062586e-01;2.926700e-02;6.883533e-02;2.653640e-02;4.659808e-02;2.334091e-02;1.380244e-02
2.575307e-02;7.944523e-02;2.096839e-01;1.582218e-01;2.772952e-02;2.091988e-01;5.871386e-02;7.989588e-02;4.772527e-02;4.378587e-02;3.538955e-02;2.445724e-02
3.630282e-02;5.937325e-02;1.149999e-01;9.311224e-02;5.656819e-02;2.295507e-01;1.072813e-01;1.439935e-01;4.790698e-02;4.681166e-02;3.657438e-02;2.752500e-02
4.905974e-02;3.654048e-02;3.228304e-02;5.787157e-02;4.067010e-02;3.774529e-01;1.254922e-01;1.394973e-01;3.887100e-02;5.249151e-02;2.362251e-02;2.614761e-02
6.238380e-02;2.598982e-02;1.843253e-02;4.542904e-02;5.200366e-02;4.995546e-01;1.041181e-01;8.197980e-02;2.641765e-02;3.907141e-02;1.321044e-02;3.140914e-02
6.759186e-02;3.269265e-02;4.536350e-02;4.506118e-02;1.105869e-01;5.558866e-01;4.774373e-02;2.565296e-02;2.196416e-02;1.672584e-02;1.196465e-02;1.876591e-02
5.711900e-02;2.556993e-02;5.047622e-02;3.268012e-02;1.121345e-01;5.726143e-01;2.304806e-02;3.682351e-02;2.609230e-02;1.490306e-02;1.206889e-02;3.647020e-02
4.183521e-02;2.481387e-02;6.173167e-02;3.278617e-02;1.438954e-01;5.559921e-01;1.036800e-02;3.283884e-02;3.211574e-02;1.454168e-02;7.225622e-03;4.185575e-02
2.788638e-02;3.586656e-02;8.183448e-02;2.429719e-02;1.552171e-01;5.218034e-01;2.114706e-02;4.812422e-02;2.991446e-02;8.163708e-03;5.094515e-03;4.065089e-02
4.011897e-02;3.333059e-02;7.545181e-02;2.572049e-02;1.614065e-01;5.028671e-01;1.874208e-02;4.680206e-02;3.557954e-02;8.088863e-03;4.753176e-03;4.713881e-02
3.861552e-02;2.825972e-02;7.067262e-02;2.784406e-02;1.509793e-01;5.222058e-01;2.773640e-02;5.568348e-02;2.634097e-02;1.280593e-02;3.087014e-03;3.576921e-02
2.746072e-02;2.712472e-02;5.735421e-02;3.567025e-02;1.326088e-01;5.631466e-01;1.668685e-02;5.762588e-02;3.194575e-02;1.504276e-02;2.917306e-03;3.241616e-02
1.441461e-02;3.135707e-02;7.387967e-02;2.888620e-02;9.794428e-02;4.834354e-01;5.109444e-02;7.781278e-02;7.330599e-02;1.563773e-02;7.679900e-03;4.455189e-02
2.036850e-02;7.022954e-02;1.883079e-01;3.344820e-02;5.108277e-02;3.275772e-01;5.765515e-02;7.617712e-02;9.393564e-02;1.757729e-02;1.662078e-02;4.701985e-02
2.237458e-02;1.114396e-01;2.331534e-01;5.893363e-02;3.345084e-02;3.145642e-01;3.853329e-02;6.719227e-02;6.086919e-02;1.815431e-02;1.454766e-02;2.678693e-02
2.288531e-02;1.149279e-01;2.360789e-01;5.103821e-02;7.052451e-02;3.870061e-01;2.519338e-02;3.369409e-02;2.616647e-02;1.585560e-02;7.937256e-03;8.692277e-03
1.649721e-02;8.577230e-02;2.708821e-01;8.501866e-02;5.236759e-02;3.747543e-01;2.357888e-02;2.485294e-02;2.846201e-02;1.416341e-02;1.065326e-02;1.299734e-02
3.002241e-02;5.957314e-02;1.651464e-01;8.521077e-02;6.622340e-02;3.972498e-01;3.489627e-02;6.348274e-02;4.666014e-02;2.495084e-02;1.041448e-02;1.616963e-02
4.800883e-02;4.034390e-02;5.917312e-02;5.117514e-02;1.011174e-01;4.538869e-01;5.450824e-02;6.949387e-02;4.813206e-02;3.405236e-02;1.505472e-02;2.505346e-02
4.332488e-02;4.111868e-02;1.157170e-01;3.690831e-02;1.011083e-01;4.610021e-01;5.101747e-02;5.443010e-02;3.302220e-02;3.263004e-02;1.285881e-02;1.686209e-02
2.287257e-02;5.202118e-02;1.629752e-01;3.606802e-02;9.035900e-02;4.385507e-01;3.080996e-02;7.398376e-02;3.365324e-02;2.707177e-02;7.047849e-03;2.458668e-02
2.378946e-02;6.444585e-02;1.297269e-01;5.324749e-02;5.841529e-02;4.657779e-01;2.608391e-02;9.273545e-02;5.263333e-02;1.346342e-02;3.708530e-03;1.597236e-02
1.557874e-02;7.082279e-02;1.556490e-01;4.150330e-02;2.583831e-02;4.610647e-01;5.295291e-02;1.001510e-01;5.216412e-02;1.058626e-02;3.481341e-03;1.020757e-02
1.189470e-02;8.989768e-02;1.823771e-01;3.489380e-02;2.888331e-02;4.105320e-01;4.963655e-02;1.112687e-01;4.016896e-02;1.772485e-02;6.974488e-03;1.574785e-02
2.598663e-02;1.419998e-01;1.933184e-01;3.185193e-02;3.540587e-02;3.183784e-01;3.694749e-02;1.167362e-01;4.790810e-02;2.343334e-02;1.193904e-02;1.609488e-02
3.518872e-02;2.001479e-01;2.631245e-01;3.208167e-02;2.374279e-02;2.656491e-01;1.505597e-02;8.599031e-02;3.262331e-02;2.054112e-02;8.355526e-03;1.749905e-02
2.735006e-02;1.607108e-01;2.917795e-01;3.421161e-02;7.212782e-02;3.136214e-01;2.136616e-02;1.928247e-02;2.482941e-02;8.763827e-03;6.121369e-03;1.983560e-02
2.774317e-02;1.298510e-01;2.389219e-01;4.772722e-02;9.298220e-02;3.098330e-01;3.076173e-02;6.860507e-02;2.452782e-02;8.028298e-03;6.442543e-03;1.457610e-02
2.897815e-02;1.310491e-01;2.086706e-01;5.562415e-02;7.108844e-02;3.317198e-01;4.300863e-02;8.302098e-02;1.936651e-02;8.345587e-03;1.120763e-02;7.920501e-03
1.772544e-02;1.055089e-01;1.773923e-01;6.228614e-02;1.060048e-01;3.529850e-01;4.201070e-02;9.407763e-02;2.422431e-02;4.858732e-03;6.346587e-03;6.579461e-03
1.602311e-02;1.117352e-01;1.962587e-01;7.122213e-02;9.659536e-02;3.576201e-01;3.209800e-02;6.845685e-02;2.482901e-02;8.973686e-03;5.742448e-03;1.044540e-02
2.357497e-02;1.381946e-01;2.625717e-01;8.299981e-02;3.607820e-02;2.878750e-01;2.651437e-02;5.155953e-02;4.276854e-02;1.596324e-02;1.543603e-02;1.646411e-02
2.419037e-02;8.557253e-02;2.101223e-01;6.221733e-02;6.212966e-02;9.949201e-02;6.801541e-02;1.359172e-01;5.001388e-02;2.382199e-02;1.067962e-01;7.171112e-02
2.816673e-02;6.289326e-02;1.397179e-01;9.182188e-02;4.519719e-02;1.248835e-01;5.753417e-02;1.449056e-01;2.747709e-02;2.917680e-02;1.678395e-01;8.038644e-02
2.629592e-02;5.609553e-02;1.267837e-01;1.455202e-01;3.284831e-02;8.506270e-02;4.188713e-02;1.538170e-01;2.160660e-02;2.912726e-02;2.152594e-01;6.569623e-02
1.443874e-02;4.284969e-02;1.258336e-01;1.996761e-01;1.742160e-02;7.668304e-02;2.570634e-02;1.589957e-01;2.801799e-02;2.101031e-02;2.541969e-01;3.517010e-02
7.797667e-03;4.681665e-02;1.510809e-01;2.214142e-01;1.842208e-02;5.669757e-02;2.560975e-02;1.297070e-01;2.783704e-02;2.681487e-02;2.626286e-01;2.517372e-02
1.232558e-02;5.728479e-02;1.765131e-01;1.993285e-01;2.201898e-02;6.125737e-02;4.153901e-02;9.953495e-02;2.073954e-02;4.397993e-02;2.358003e-01;2.967797e-02
1.571722e-02;5.596470e-02;1.219073e-01;2.182658e-01;3.272875e-02;8.908834e-02;2.152165e-02;1.602807e-01;1.617514e-02;2.747635e-02;2.288590e-01;1.201500e-02
1.276421e-02;4.222235e-02;6.482991e-02;2.146060e-01;7.171296e-02;7.816491e-02;1.786604e-02;1.854294e-01;2.572458e-02;2.641306e-02;2.065503e-01;5.371626e-02
9.529725e-03;2.955890e-02;2.932067e-02;1.773471e-01;1.576843e-01;6.155135e-02;2.093769e-02;1.426878e-01;5.156478e-02;2.460092e-02;1.580992e-01;1.371176e-01
8.162035e-03;3.639861e-02;6.970742e-02;1.300702e-01;2.105888e-01;7.713718e-02;2.410253e-02;7.266739e-02;7.277020e-02;2.281556e-02;1.002425e-01;1.753375e-01
1.851854e-02;7.067702e-02;1.401387e-01;1.252928e-01;1.702857e-01;8.283158e-02;2.213343e-02;5.615544e-02;5.880947e-02;3.115578e-02;1.018406e-01;1.221609e-01
3.069588e-02;1.261123e-01;1.826314e-01;1.090247e-01;1.271935e-01;7.412490e-02;2.942211e-02;6.200989e-02;4.667008e-02;4.612584e-02;9.032953e-02;7.565992e-02
3.949241e-02;1.823448e-01;2.023536e-01;4.891008e-02;1.119211e-01;1.416345e-01;3.160436e-02;5.495287e-02;4.788623e-02;4.021862e-02;4.269230e-02;5.598908e-02
2.796857e-02;1.708171e-01;2.720187e-01;6.934630e-02;1.124242e-01;1.766784e-01;2.358740e-02;3.483291e-02;3.634664e-02;1.766289e-02;1.895227e-02;3.936469e-02
1.932221e-02;1.494837e-01;2.468626e-01;8.590104e-02;1.317011e-01;1.907174e-01;2.895478e-02;5.199801e-02;2.369362e-02;1.664483e-02;2.156837e-02;3.315233e-02
1.900446e-02;1.140429e-01;1.884578e-01;1.053975e-01;1.276692e-01;1.731951e-01;4.907699e-02;9.055641e-02;3.537844e-02;3.183058e-02;2.739646e-02;3.799403e-02
1.565996e-02;1.054527e-01;1.681976e-01;9.314270e-02;1.384170e-01;1.428501e-01;5.501985e-02;7.595255e-02;6.022026e-02;4.357364e-02;6.416360e-02;3.734997e-02
1.681744e-02;9.341339e-02;1.780956e-01;1.171281e-01;1.567656e-01;1.115639e-01;4.090873e-02;5.969747e-02;6.457225e-02;4.408273e-02;8.831519e-02;2.863951e-02
2.114822e-02;1.221453e-01;1.727334e-01;1.130098e-01;1.377901e-01;1.060927e-01;4.769146e-02;6.997050e-02;4.768276e-02;4.066669e-02;8.653399e-02;3.453516e-02
2.813059e-02;1.312444e-01;1.369627e-01;9.273583e-02;1.057543e-01;1.637948e-01;5.324386e-02;1.025565e-01;3.684678e-02;3.282592e-02;5.810446e-02;5.779985e-02
5.008700e-02;1.027263e-01;9.508460e-02;8.637977e-02;9.776545e-02;1.858641e-01;5.814356e-02;1.194358e-01;4.924882e-02;3.547648e-02;5.197959e-02;6.780852e-02
3.782563e-02;1.087264e-01;1.151509e-01;5.632088e-02;6.383193e-02;2.084098e-01;8.846042e-02;1.587377e-01;5.750009e-02;2.086597e-02;1.899965e-02;6.517056e-02
2.089361e-02;1.151852e-01;1.361858e-01;3.823094e-02;3.162750e-02;1.930691e-01;9.669247e-02;1.674777e-01;7.077331e-02;4.020444e-02;2.239871e-02;6.726122e-02
3.400347e-02;1.115245e-01;1.566676e-01;2.696263e-02;3.152787e-02;1.663097e-01;8.475551e-02;1.566084e-01;8.211942e-02;5.744830e-02;1.061252e-02;8.146010e-02
4.318624e-02;1.024770e-01;2.038529e-01;3.680440e-02;5.243839e-02;1.158753e-01;6.188916e-02;1.275482e-01;7.866704e-02;5.366566e-02;1.823882e-02;1.053568e-01
3.439506e-02;1.756412e-01;2.225993e-01;9.662022e-02;8.371527e-02;4.256474e-02;6.911222e-02;8.678138e-02;4.509559e-02;2.777807e-02;3.105494e-02;8.464205e-02
2.784520e-02;1.532726e-01;1.849859e-01;7.470159e-02;6.497376e-02;1.139958e-01;1.011859e-01;1.174003e-01;4.601873e-02;2.810352e-02;2.964924e-02;5.786747e-02
3.532560e-02;6.476295e-02;1.163502e-01;4.680325e-02;4.842402e-02;3.250475e-01;7.708400e-02;1.566048e-01;4.056251e-02;1.544894e-02;3.924274e-02;3.434354e-02
3.097998e-02;4.444243e-02;7.000282e-02;3.547675e-02;3.055125e-02;4.620148e-01;9.285553e-02;1.169293e-01;2.870398e-02;1.097107e-02;4.233266e-02;3.473940e-02
1.203427e-02;4.581159e-02;7.825425e-02;2.437030e-02;2.180578e-02;4.293455e-01;1.936800e-01;1.142734e-01;1.848999e-02;1.006291e-02;3.356646e-02;1.830548e-02
5.044777e-03;4.997943e-02;7.064831e-02;3.164604e-02;2.957760e-02;3.504401e-01;2.770735e-01;1.439510e-01;1.241630e-02;8.098175e-03;1.373626e-02;7.388559e-03
6.118719e-03;4.856184e-02;4.930351e-02;3.448274e-02;3.686604e-02;3.218007e-01;3.034163e-01;1.460898e-01;2.159189e-02;4.219520e-03;1.744909e-02;1.009987e-02
7.072685e-03;4.695143e-02;5.640005e-02;3.092460e-02;3.588349e-02;3.495980e-01;2.822762e-01;1.237119e-01;2.134090e-02;4.013407e-03;2.783852e-02;1.398880e-02
8.440201e-03;3.858295e-02;4.688980e-02;2.902565e-02;1.618746e-02;4.414470e-01;2.436270e-01;1.091093e-01;1.964669e-02;6.148535e-03;2.858744e-02;1.230798e-02
9.245329e-03;2.508538e-02;2.821070e-02;4.292042e-02;4.415354e-02;5.055384e-01;1.585803e-01;1.295613e-01;2.403555e-02;5.064121e-03;1.956125e-02;8.043632e-03
1.439270e-02;3.354098e-02;1.526058e-02;6.190572e-02;4.325520e-02;5.496396e-01;6.448019e-02;1.526032e-01;1.899811e-02;9.469896e-03;2.238010e-02;1.407372e-02
2.317422e-02;3.964903e-02;2.203568e-02;5.844565e-02;2.693642e-02;5.025080e-01;1.082583e-01;1.385192e-01;1.868991e-02;1.357813e-02;2.649520e-02;2.171023e-02
3.270482e-02;3.831991e-02;4.888829e-02;4.660816e-02;4.407496e-02;4.915119e-01;1.195633e-01;9.419796e-02;1.837411e-02;2.532121e-02;2.655079e-02;1.388454e-02
3.136070e-02;3.043573e-02;4.899427e-02;2.577733e-02;5.242131e-02;5.072069e-01;9.154610e-02;1.289078e-01;1.684847e-02;3.110192e-02;2.983353e-02;5.566022e-03
2.947905e-02;3.633361e-02;4.258902e-02;2.771374e-02;4.913560e-02;5.309386e-01;6.617594e-02;1.493000e-01;1.537605e-02;1.834090e-02;3.175152e-02;2.865992e-03
2.876891e-02;3.535414e-02;5.797870e-02;1.245155e-02;4.892454e-02;5.740336e-01;5.867372e-02;1.184281e-01;1.509080e-02;1.376027e-02;2.944949e-02;7.086259e-03
2.532641e-02;2.829196e-02;5.458081e-02;2.194954e-02;4.291376e-02;6.007822e-01;6.077866e-02;7.827748e-02;1.332289e-02;2.993255e-02;2.606574e-02;1.777801e-02
1.240246e-02;2.574158e-02;6.348158e-02;2.348583e-02;4.053332e-02;5.624061e-01;6.299298e-02;1.128906e-01;1.649401e-02;2.951668e-02;3.249045e-02;1.756437e-02
7.520507e-03;3.930418e-02;5.302697e-02;2.786544e-02;3.620350e-02;4.877201e-01;9.262922e-02;1.871884e-01;9.851688e-03;1.334512e-02;3.771390e-02;7.630937e-03
5.006333e-03;5.138453e-02;4.828307e-02;2.651028e-02;3.341272e-02;3.581749e-01;1.085687e-01;2.563826e-01;3.758804e-02;3.434353e-02;3.114249e-02;9.202772e-03
1.551412e-02;3.711988e-02;4.076302e-02;3.891734e-02;3.102020e-02;1.923115e-01;8.048144e-02;3.129496e-01;1.202361e-01;7.188135e-02;3.102721e-02;2.777827e-02
1.273639e-02;3.277864e-02;3.338374e-02;5.759388e-02;3.648709e-02;7.532176e-02;5.975372e-02;3.475051e-01;1.744573e-01;8.906902e-02;3.842028e-02;4.249310e-02
8.923641e-03;2.546858e-02;2.740480e-02;5.342045e-02;2.804752e-02;7.148323e-02;3.912263e-02;4.270713e-01;1.585700e-01;6.147144e-02;3.245376e-02;6.656268e-02
6.237189e-03;1.974066e-02;3.467767e-02;2.215149e-02;1.880468e-02;8.079480e-02;6.937377e-02;5.147244e-01;1.006900e-01;3.191341e-02;2.306071e-02;7.783118e-02
7.298565e-03;1.580328e-02;2.947718e-02;1.049154e-02;1.938165e-02;1.142964e-01;8.007921e-02;5.349645e-01;7.853554e-02;3.655539e-02;2.165584e-02;5.146085e-02
1.252747e-02;2.250096e-02;2.919716e-02;1.242100e-02;2.870960e-02;1.636868e-01;1.368351e-01;4.503196e-01;6.842497e-02;2.244393e-02;3.430659e-02;1.862677e-02
1.682130e-02;3.639988e-02;2.306380e-02;1.044339e-02;4.134117e-02;1.597359e-01;1.963879e-01;3.657666e-01;5.682234e-02;1.660090e-02;6.554819e-02;1.106867e-02
1.823310e-02;5.209355e-02;2.369521e-02;1.576654e-02;4.487431e-02;8.767354e-02;2.326873e-01;2.943596e-01;7.255451e-02;2.081753e-02;1.239539e-01;1.329099e-02
1.477103e-02;8.485585e-02;2.927463e-02;1.799274e-02;3.216032e-02;7.096323e-02;2.802563e-01;1.811700e-01;7.469589e-02;3.879552e-02;1.573513e-01;1.771321e-02
9.712632e-03;1.087787e-01;1.985055e-02;1.569677e-02;1.666927e-02;1.296379e-01;3.055598e-01;1.480144e-01;4.942613e-02;3.875767e-02;1.396584e-01;1.823763e-02
1.733288e-02;1.077601e-01;1.910184e-02;1.922707e-02;1.589483e-02;1.563431e-01;2.924319e-01;1.782103e-01;3.998069e-02;2.926170e-02;1.076516e-01;1.680403e-02
1.950955e-02;9.257783e-02;2.073533e-02;2.986987e-02;1.762267e-02;2.041723e-01;2.429161e-01;1.978785e-01;4.151950e-02;3.358025e-02;8.380066e-02;1.581733e-02
3.964298e-02;5.434203e-02;1.744524e-02;4.149601e-02;1.742891e-02;3.214635e-01;1.795814e-01;1.402649e-01;4.286376e-02;8.259980e-02;5.033877e-02;1.253266e-02
1.079144e-01;1.810420e-02;1.601538e-02;3.780571e-02;1.830924e-02;4.430216e-01;8.007114e-02;5.688547e-02;3.484736e-02;1.459199e-01;3.406713e-02;7.038526e-03
1.438137e-01;2.049702e-02;1.330938e-02;1.970862e-02;1.801472e-02;4.231819e-01;5.196067e-02;1.181594e-01;2.560778e-02;1.300011e-01;2.302102e-02;1.272487e-02
1.593784e-01;2.074047e-02;1.728779e-02;1.651862e-02;2.702520e-02;3.990157e-01;4.400315e-02;1.457228e-01;3.565565e-02;8.987674e-02;2.354747e-02;2.122803e-02
1.381346e-01;1.971516e-02;1.641923e-02;1.661970e-02;8.711128e-02;3.719459e-01;5.134691e-02;1.442105e-01;4.578110e-02;3.955802e-02;1.902353e-02;5.013401e-02
1.021611e-01;1.525764e-02;2.833341e-02;9.727337e-03;1.424162e-01;3.488493e-01;3.939591e-02;1.017260e-01;6.440502e-02;3.030742e-02;1.639051e-02;1.010301e-01
5.550302e-02;1.068704e-02;4.431606e-02;1.318686e-02;2.190458e-01;2.731571e-01;2.963606e-02;5.650428e-02;9.496070e-02;2.762752e-02;1.694285e-02;1.584326e-01
7.971233e-03;1.372439e-02;6.076302e-02;8.674286e-03;2.947672e-01;1.360736e-01;2.853890e-02;7.808505e-02;1.327022e-01;3.158502e-02;1.896280e-02;1.881523e-01
2.173773e-02;1.960764e-02;6.293241e-02;1.306968e-02;2.553234e-01;1.919491e-01;3.222321e-02;8.074678e-02;1.151454e-01;1.646596e-02;1.828848e-02;1.725103e-01
4.442895e-02;2.182789e-02;6.079470e-02;1.491455e-02;2.404260e-01;2.109449e-01;3.818223e-02;6.172480e-02;1.013100e-01;1.888074e-02;1.421273e-02;1.723525e-01
6.689852e-02;2.452403e-02;7.719500e-02;1.025606e-02;2.329745e-01;1.987721e-01;4.301241e-02;3.989242e-02;8.131515e-02;2.625186e-02;1.497374e-02;1.839343e-01
9.774926e-02;2.397664e-02;8.883677e-02;1.725297e-02;1.954125e-01;2.523422e-01;3.917464e-02;3.310322e-02;6.676680e-02;2.438284e-02;1.268850e-02;1.483137e-01
1.440972e-01;1.966778e-02;4.958745e-02;1.896771e-02;1.015895e-01;4.211002e-01;1.951596e-02;5.876397e-02;3.692570e-02;3.934862e-02;1.342454e-02;7.701152e-02
1.767247e-01;1.818631e-02;1.782254e-02;1.849363e-02;3.424354e-02;5.027190e-01;3.315337e-02;5.567899e-02;1.792272e-02;7.853673e-02;9.582840e-03;3.693560e-02
1.752922e-01;2.095376e-02;1.346702e-02;2.547201e-02;2.563317e-02;5.077086e-01;3.285962e-02;3.758863e-02;1.431700e-02;1.182464e-01;1.160330e-02;1.685822e-02
1.432540e-01;2.947723e-02;1.928682e-02;3.759543e-02;2.781316e-02;4.528296e-01;5.967889e-02;5.023149e-02;2.048666e-02;1.290592e-01;1.726625e-02;1.302133e-02
7.730711e-02;7.904488e-02;1.999855e-02;4.430404e-02;3.963716e-02;3.487312e-01;1.736228e-01;5.676786e-02;2.740205e-02;1.038406e-01;1.680048e-02;1.254322e-02
2.035231e-02;1.738698e-01;1.491830e-02;2.023325e-02;4.480756e-02;2.409035e-01;3.005822e-01;6.893452e-02;1.788317e-02;4.382512e-02;3.862105e-02;1.506929e-02
2.819192e-02;2.168628e-01;6.590158e-03;8.819675e-03;3.991633e-02;1.525632e-01;3.393912e-01;7.808521e-02;1.753475e-02;1.541081e-02;8.099159e-02;1.564231e-02
1.390215e-02;2.053545e-01;1.689120e-02;1.256641e-02;6.145840e-02;9.539340e-02;3.357852e-01;1.095409e-01;1.645978e-02;9.800039e-03;1.069265e-01;1.592150e-02
1.372244e-02;1.453486e-01;2.303955e-02;1.405836e-02;7.690085e-02;1.338607e-01;3.012453e-01;1.515408e-01;1.330339e-02;1.305179e-02;9.765818e-02;1.627006e-02
1.208289e-02;1.171427e-01;2.470104e-02;1.280405e-02;7.968543e-02;1.393763e-01;3.127468e-01;1.988138e-01;1.233236e-02;1.132815e-02;6.600599e-02;1.298057e-02
1.519266e-02;9.687699e-02;2.619485e-02;1.400441e-02;8.670971e-02;7.772546e-02;3.254475e-01;2.623905e-01;7.434610e-03;1.462124e-02;6.130347e-02;1.209860e-02
1.676075e-02;7.160540e-02;3.290030e-02;1.190804e-02;6.556083e-02;1.268598e-01;2.588716e-01;2.877730e-01;1.925012e-02;1.396806e-02;8.401859e-02;1.052343e-02
1.834813e-02;5.300684e-02;4.369840e-02;1.003863e-02;3.833926e-02;1.110698e-01;2.562134e-01;3.163507e-01;3.658863e-02;1.317425e-02;9.451402e-02;8.657934e-03
1.845236e-02;3.485208e-02;4.684212e-02;9.963735e-03;3.319106e-02;1.608005e-01;2.679540e-01;2.772198e-01;6.504835e-02;1.990119e-02;6.176860e-02;4.006120e-03
1.833155e-02;5.543963e-02;4.186240e-02;1.582864e-02;3.467504e-02;3.758379e-01;1.750955e-01;1.900535e-01;5.737637e-02;1.205680e-02;1.860019e-02;4.842460e-03
5.217412e-03;4.870994e-02;2.203668e-02;9.869752e-03;3.366583e-02;5.151793e-01;9.672718e-02;2.086866e-01;2.437252e-02;1.269939e-02;1.202739e-02;1.080797e-02
1.223476e-02;3.894309e-02;2.426864e-02;7.388424e-03;3.441999e-02;5.173910e-01;7.894331e-02;2.231335e-01;2.233331e-02;1.624190e-02;1.554926e-02;9.152824e-03
2.139104e-02;3.339991e-02;2.793875e-02;5.932413e-03;3.943969e-02;5.100071e-01;7.860243e-02;2.127331e-01;2.417091e-02;2.391499e-02;1.185203e-02;1.061762e-02
2.367282e-02;4.111887e-02;3.912034e-02;6.529092e-03;5.164658e-02;5.070945e-01;1.130237e-01;1.395372e-01;2.550246e-02;2.393137e-02;1.791898e-02;1.090414e-02
2.105571e-02;4.345884e-02;3.766306e-02;1.555092e-02;7.744353e-02;4.814540e-01;1.206851e-01;1.025547e-01;2.964341e-02;2.131370e-02;3.151909e-02;1.765794e-02
1.093345e-02;5.606282e-02;1.069450e-01;2.839979e-02;5.582061e-02;3.589303e-01;1.067947e-01;1.717191e-01;2.431352e-02;2.533569e-02;3.074563e-02;2.399931e-02
1.635110e-02;8.032745e-02;2.004932e-01;4.548500e-02;3.369974e-02;1.747818e-01;1.308840e-01;2.131876e-01;2.567358e-02;1.649144e-02;3.882890e-02;2.379614e-02
2.232229e-02;9.302685e-02;2.452507e-01;3.622126e-02;3.474296e-02;2.196553e-01;8.596215e-02;1.707662e-01;3.431252e-02;2.078514e-02;2.695762e-02;9.996957e-03
2.752561e-02;1.400539e-01;2.648064e-01;3.092667e-02;3.467853e-02;2.083321e-01;6.151044e-02;1.029323e-01;6.230804e-02;4.415536e-02;1.599886e-02;6.771704e-03
2.126788e-02;1.737646e-01;2.165737e-01;3.283793e-02;3.263266e-02;1.767946e-01;5.533231e-02;7.844921e-02;1.064190e-01;7.172849e-02;2.228267e-02;1.191682e-02
4.544104e-02;1.370986e-01;1.380233e-01;2.456633e-02;3.521696e-02;1.556500e-01;6.779675e-02;1.563178e-01;1.159214e-01;8.432255e-02;2.919829e-02;1.044699e-02
6.220142e-02;1.001539e-01;9.719741e-02;2.475422e-02;3.626754e-02;9.936809e-02;1.204916e-01;2.083679e-01;8.939652e-02;8.174851e-02;3.440683e-02;4.564603e-02
4.870908e-02;5.517462e-02;6.084865e-02;2.392663e-02;3.359471e-02;1.207503e-01;1.750072e-01;1.461585e-01;9.442049e-02;5.855563e-02;9.888178e-02;8.397232e-02
2.825770e-02;4.457657e-02;6.158979e-02;1.514469e-02;4.008041e-02;1.889765e-01;1.236116e-01;8.245785e-02;1.239208e-01;5.292830e-02;1.795563e-01;5.889948e-02
2.444385e-02;5.658069e-02;6.748077e-02;1.315931e-02;7.081509e-02;1.707686e-01;5.183090e-02;1.176715e-01;1.134297e-01;1.327826e-01;1.559964e-01;2.504049e-02
1.954696e-02;5.815439e-02;6.986750e-02;1.592411e-02;1.035290e-01;1.266684e-01;3.228204e-02;1.313965e-01;7.876975e-02;2.592017e-01;7.492083e-02;2.973887e-02
2.792865e-02;5.602343e-02;6.671038e-02;2.231243e-02;1.059432e-01;1.228100e-01;4.273130e-02;8.928513e-02;6.422570e-02;3.344211e-01;4.163295e-02;2.597569e-02
4.034026e-02;3.901896e-02;5.117646e-02;3.593584e-02;6.816877e-02;1.079798e-01;7.244698e-02;8.461852e-02;1.271923e-01;3.173807e-01;3.897474e-02;1.676665e-02
6.079396e-02;3.849868e-02;4.040809e-02;5.620215e-02;4.743385e-02;6.745242e-02;1.162386e-01;8.993132e-02;2.384726e-01;1.789335e-01;4.830654e-02;1.732825e-02
7.649052e-02;5.712539e-02;7.103485e-02;7.405534e-02;5.742153e-02;6.741416e-02;1.230921e-01;7.669428e-02;2.776772e-01;6.719934e-02;3.602996e-02;1.576532e-02
6.195385e-02;3.915619e-02;7.654667e-02;5.606467e-02;4.082578e-02;1.415754e-01;1.017166e-01;1.469065e-01;2.269977e-01;5.537991e-02;4.470875e-02;8.167910e-03
5.222461e-02;5.084298e-02;1.059296e-01;4.195426e-02;3.993642e-02;2.127553e-01;9.785510e-02;1.493435e-01;1.513371e-01;3.308357e-02;5.347172e-02;1.126589e-02
5.695938e-02;7.713073e-02;1.304558e-01;3.408120e-02;4.891161e-02;2.094415e-01;1.014735e-01;1.520363e-01;8.988070e-02;2.481416e-02;3.589746e-02;3.891769e-02
5.461552e-02;9.188195e-02;1.356974e-01;1.454110e-02;4.485440e-02;1.754470e-01;1.041974e-01;1.510060e-01;1.002334e-01;4.606371e-02;3.151263e-02;4.994946e-02
4.099791e-02;1.183016e-01;1.512982e-01;2.340551e-02;4.188488e-02;1.363750e-01;7.956072e-02;1.480120e-01;1.224756e-01;5.211392e-02;3.743297e-02;4.814178e-02
3.532470e-02;1.545002e-01;1.956888e-01;2.405164e-02;3.826112e-02;9.855857e-02;6.258089e-02;1.217972e-01;1.271967e-01;4.991423e-02;3.904059e-02;5.308531e-02
4.497569e-02;1.597500e-01;2.257181e-01;2.645130e-02;4.085331e-02;1.211166e-01;6.990952e-02;8.328813e-02;8.245676e-02;5.625139e-02;4.001028e-02;4.921889e-02
2.957175e-02;1.311748e-01;1.704346e-01;2.938692e-02;4.053922e-02;1.496516e-01;8.476830e-02;1.082759e-01;7.450231e-02;8.500387e-02;4.551724e-02;5.117347e-02
2.864512e-02;9.337897e-02;1.355240e-01;2.019535e-02;3.087801e-02;1.542883e-01;9.257432e-02;1.580192e-01;1.018844e-01;7.175347e-02;6.915813e-02;4.370065e-02
