1.142950e-01;8.292842e-02;8.812934e-02;6.035549e-02;4.754587e-02;5.607525e-02;1.066168e-01;1.158079e-01;9.239434e-02;8.716547e-02;6.598231e-02;8.270383e-02
7.982823e-02;8.666955e-02;8.019906e-02;7.790281e-02;3.883209e-02;8.021554e-02;1.187609e-01;1.365242e-01;1.139836e-01;6.173156e-02;5.505177e-02;7.030072e-02
7.007095e-02;9.345241e-02;5.602268e-02;7.955546e-02;5.927865e-02;7.397564e-02;1.193600e-01;8.173154e-02;1.564026e-01;6.990284e-02;8.981591e-02;5.043133e-02
9.432377e-02;1.136862e-01;3.906849e-02;6.538647e-02;5.039645e-02;5.164257e-02;1.382180e-01;5.178205e-02;1.570156e-01;6.633700e-02;1.104230e-01;6.172032e-02
1.200028e-01;1.153057e-01;3.717776e-02;5.509594e-02;4.040257e-02;2.881441e-02;1.678460e-01;7.013961e-02;1.312220e-01;6.393714e-02;1.344878e-01;3.556828e-02
1.073155e-01;9.729839e-02;5.735515e-02;6.392007e-02;2.937269e-02;4.378190e-02;1.812629e-01;5.665595e-02;1.302909e-01;4.990981e-02;1.575408e-01;2.529595e-02
5.135788e-02;7.735754e-02;5.572819e-02;8.926588e-02;4.687081e-02;5.315977e-02;1.772143e-01;4.003059e-02;1.522900e-01;3.809750e-02;1.702405e-01;4.838698e-02
2.537888e-02;7.199092e-02;3.828019e-02;1.079100e-01;3.130327e-02;8.015986e-02;1.635483e-01;3.629522e-02;1.807779e-01;3.020435e-02;1.807438e-01;5.340733e-02
3.379044e-02;4.945935e-02;4.140896e-02;9.025952e-02;3.917364e-02;8.813979e-02;1.417333e-01;5.822686e-02;1.736720e-01;2.863344e-02;1.803649e-01;7.513775e-02
5.139763e-02;3.591355e-02;5.605542e-02;6.058963e-02;7.553116e-02;6.613755e-02;1.458448e-01;9.843931e-02;1.055244e-01;7.284776e-02;1.688764e-01;6.284237e-02
7.239684e-02;5.791854e-02;6.647000e-02;5.683308e-02;1.003008e-01;4.530025e-02;1.214683e-01;1.277835e-01;9.531945e-02;9.411783e-02;1.316696e-01;3.042189e-02
7.868301e-02;5.542268e-02;7.011188e-02;6.206527e-02;1.015434e-01;5.301673e-02;1.066808e-01;1.263990e-01;1.391027e-01;7.630259e-02;1.157032e-01;1.496866e-02
7.030690e-02;4.445402e-02;7.656705e-02;5.520535e-02;1.006235e-01;5.460644e-02;9.717549e-02;1.081653e-01;9.359170e-02;7.956897e-02;1.648794e-01;5.485583e-02
4.836719e-02;5.806672e-02;5.266200e-02;6.188259e-02;6.001037e-02;3.935581e-02;9.997450e-02;9.977258e-02;7.389157e-02;8.996730e-02;2.368114e-01;7.923792e-02
4.749771e-02;6.607633e-02;6.687824e-02;5.142735e-02;5.424012e-02;4.026024e-02;1.108134e-01;9.006140e-02;5.278384e-02;1.018232e-01;2.410830e-01;7.705515e-02
4.859199e-02;6.070603e-02;7.517722e-02;6.566992e-02;5.294921e-02;4.845045e-02;1.191393e-01;7.907481e-02;6.578997e-02;1.093570e-01;2.164423e-01;5.865188e-02
2.877363e-02;3.804374e-02;6.948427e-02;7.382203e-02;7.442611e-02;9.651299e-02;1.245956e-01;7.974861e-02;7.264750e-02;1.081968e-01;1.897476e-01;4.400119e-02
7.169222e-02;2.850524e-02;5.093416e-02;5.132797e-02;1.176655e-01;1.399838e-01;9.518799e-02;5.247513e-02;1.124908e-01;9.058230e-02;1.308059e-01;5.834899e-02
1.373765e-01;6.854837e-02;5.779946e-02;5.308719e-02;1.366241e-01;1.154660e-01;7.765812e-02;4.998613e-02;1.371228e-01;4.800263e-02;5.937979e-02;5.894901e-02
1.399251e-01;1.166085e-01;8.042332e-02;8.724251e-02;1.036128e-01;5.230622e-02;9.972074e-02;5.453678e-02;1.270054e-01;7.518894e-02;2.613248e-02;3.729720e-02
8.907285e-02;1.293546e-01;9.494628e-02;1.029020e-01;7.673714e-02;4.448438e-02;1.331991e-01;6.144185e-02;1.015816e-01;7.114274e-02;5.411723e-02;4.102018e-02
4.875772e-02;1.298184e-01;8.647743e-02;9.454837e-02;6.429695e-02;6.713603e-02;1.552930e-01;7.503805e-02;8.081938e-02;6.473867e-02;8.231385e-02;5.076224e-02
5.501813e-02;1.305278e-01;8.852660e-02;7.162593e-02;5.184894e-02;7.461163e-02;1.341159e-01;6.767713e-02;1.074678e-01;6.061677e-02;1.134114e-01;4.455201e-02
4.763143e-02;1.313629e-01;9.908990e-02;4.591545e-02;5.577380e-02;6.672275e-02;1.001284e-01;9.411135e-02;1.290432e-01;7.260180e-02;1.218689e-01;3.575012e-02
9.233502e-02;1.393103e-01;7.935935e-02;4.790450e-02;7.157998e-02;6.630686e-02;6.186553e-02;8.691803e-02;1.394420e-01;7.516537e-02;8.756849e-02;5.224463e-02
1.334711e-01;8.660256e-02;9.260756e-02;3.632870e-02;8.648863e-02;6.377867e-02;6.599595e-02;8.374824e-02;1.176127e-01;9.537549e-02;6.175958e-02;7.623092e-02
1.312724e-01;6.976070e-02;7.834856e-02;5.449061e-02;8.670083e-02;5.545066e-02;8.418591e-02;9.603221e-02;8.902067e-02;1.154912e-01;6.279097e-02;7.645531e-02
1.010786e-01;6.834938e-02;9.707694e-02;6.461167e-02;6.388509e-02;5.698721e-02;1.073447e-01;8.846736e-02;9.887915e-02;1.015409e-01;1.032688e-01;4.851012e-02
1.059216e-01;4.331215e-02;1.301612e-01;6.733680e-02;5.067505e-02;3.658671e-02;8.369119e-02;7.963997e-02;1.102834e-01;8.891881e-02;1.320800e-01;7.139311e-02
9.321311e-02;7.231975e-02;1.675434e-01;4.755324e-02;2.758203e-02;2.339945e-02;9.994364e-02;7.460266e-02;1.003824e-01;7.833196e-02;1.289976e-01;8.613078e-02
6.928045e-02;7.806617e-02;2.173970e-01;3.405329e-02;1.902404e-02;1.516421e-02;1.308784e-01;1.028762e-01;6.044700e-02;4.303673e-02;1.136837e-01;1.160927e-01
3.764791e-02;5.434664e-02;2.671954e-01;4.373535e-02;1.264396e-02;1.792947e-02;1.379309e-01;1.270188e-01;6.828413e-02;2.068678e-02;7.140952e-02;1.411710e-01
3.979191e-02;2.084675e-02;2.524700e-01;8.753881e-02;1.589078e-02;1.567756e-02;9.232371e-02;1.161583e-01;1.769173e-01;3.512956e-02;3.345247e-02;1.138029e-01
7.693145e-02;1.417398e-02;1.801704e-01;1.335590e-01;2.168534e-02;9.557452e-03;6.587556e-02;8.435468e-02;2.758048e-01;5.701987e-02;2.551719e-02;5.535030e-02
8.910880e-02;1.548954e-02;9.886717e-02;1.642012e-01;4.739242e-02;6.040094e-03;5.327879e-02;5.040719e-02;3.170617e-01;9.295843e-02;3.563396e-02;2.956078e-02
5.481495e-02;3.267302e-02;4.917790e-02;1.776288e-01;9.978756e-02;1.284732e-02;5.160554e-02;2.785281e-02;2.893479e-01;1.547678e-01;3.302219e-02;1.647418e-02
4.601572e-02;1.029360e-01;4.900372e-02;1.414650e-01;1.670837e-01;2.624068e-02;2.988543e-02;1.682986e-02;1.609820e-01;2.175731e-01;3.199497e-02;9.989685e-03
5.183574e-02;1.601104e-01;3.784399e-02;9.391327e-02;2.190916e-01;4.383557e-02;1.943139e-02;1.336865e-02;6.601547e-02;2.452298e-01;3.777275e-02;1.155133e-02
2.683901e-02;1.740635e-01;1.960048e-02;6.525473e-02;2.800055e-01;5.516712e-02;1.493776e-02;1.578246e-02;4.707459e-02;2.489782e-01;3.890783e-02;1.338880e-02
2.069521e-02;1.532438e-01;1.608452e-02;3.297527e-02;3.266474e-01;6.541561e-02;2.626211e-02;2.540476e-02;3.029327e-02;2.305984e-01;4.916766e-02;2.321198e-02
3.358510e-02;1.082329e-01;2.354239e-02;4.523998e-02;3.148130e-01;1.028163e-01;4.030119e-02;6.066278e-02;3.099821e-02;1.785168e-01;3.607385e-02;2.521755e-02
3.835440e-02;6.618979e-02;4.554888e-02;9.364123e-02;2.610564e-01;1.022802e-01;7.223046e-02;8.616148e-02;5.789658e-02;1.302725e-01;2.575813e-02;2.060999e-02
4.451152e-02;3.261729e-02;7.502595e-02;1.397631e-01;1.903541e-01;7.508947e-02;8.812829e-02;8.329238e-02;8.137233e-02;1.479068e-01;2.405774e-02;1.788102e-02
4.073198e-02;1.365392e-02;5.551838e-02;1.645409e-01;1.430429e-01;4.963334e-02;8.244787e-02;5.776893e-02;1.149945e-01;2.203825e-01;2.964087e-02;2.764395e-02
3.029345e-02;3.089870e-02;6.336712e-02;1.548685e-01;1.154764e-01;4.565886e-02;1.022086e-01;4.756826e-02;1.210451e-01;2.098479e-01;4.170908e-02;3.705802e-02
4.873171e-02;5.862564e-02;1.196803e-01;1.413665e-01;1.058920e-01;6.157025e-02;1.245098e-01;4.729541e-02;9.139188e-02;1.297488e-01;3.682131e-02;3.436644e-02
7.096688e-02;5.560475e-02;8.611263e-02;1.308625e-01;1.909040e-01;6.381858e-02;9.302833e-02;8.723208e-02;7.895916e-02;8.674182e-02;2.371505e-02;3.205425e-02
5.828420e-02;4.326091e-02;5.499787e-02;1.116915e-01;2.465613e-01;4.770950e-02;6.115978e-02;1.241063e-01;8.236084e-02;1.089273e-01;2.440945e-02;3.653114e-02
3.713170e-02;5.496602e-02;6.487767e-02;8.502802e-02;2.250854e-01;4.666553e-02;6.239143e-02;1.270895e-01;7.187157e-02;1.110274e-01;5.461511e-02;5.925063e-02
3.861667e-02;6.101964e-02;8.174507e-02;8.403099e-02;1.826808e-01;4.580783e-02;6.122032e-02;1.135194e-01;8.512397e-02;9.849171e-02;5.945867e-02;8.828488e-02
5.108367e-02;5.377297e-02;9.008153e-02;1.206096e-01;1.686108e-01;3.444909e-02;7.640172e-02;1.228119e-01;8.185688e-02;8.347707e-02;4.270688e-02;7.413786e-02
6.741182e-02;5.606392e-02;7.228560e-02;1.380239e-01;1.469193e-01;6.393237e-02;9.220465e-02;1.234545e-01;5.985299e-02;1.181742e-01;2.375805e-02;3.791872e-02
8.941201e-02;7.289269e-02;7.570659e-02;9.447802e-02;1.289164e-01;5.378082e-02;7.344003e-02;8.918104e-02;1.069023e-01;1.143658e-01;3.349373e-02;6.743057e-02
1.144376e-01;9.266344e-02;9.395417e-02;7.062563e-02;1.191822e-01;3.635899e-02;6.037121e-02;8.414828e-02;1.228286e-01;9.282477e-02;3.580819e-02;7.679687e-02
1.445598e-01;8.193666e-02;8.059655e-02;8.313724e-02;1.009069e-01;4.297842e-02;6.281175e-02;1.212410e-01;8.024061e-02;9.051188e-02;2.903180e-02;8.204747e-02
1.525278e-01;6.874359e-02;1.369904e-01;4.541041e-02;7.410894e-02;4.656879e-02;4.520669e-02;1.490759e-01;8.428078e-02;8.379744e-02;2.849651e-02;8.479278e-02
1.404203e-01;1.111075e-01;1.990318e-01;3.161561e-02;5.543402e-02;4.468442e-02;1.167176e-01;7.112570e-02;6.533125e-02;5.449402e-02;4.797941e-02;6.205839e-02
1.056040e-01;1.030135e-01;2.031284e-01;4.134919e-02;4.425523e-02;4.616497e-02;1.623737e-01;7.768743e-02;5.700471e-02;5.829986e-02;4.161554e-02;5.950351e-02
5.930786e-02;5.859748e-02;2.282384e-01;4.051110e-02;2.869345e-02;4.220888e-02;2.177601e-01;1.111459e-01;5.365207e-02;6.744657e-02;2.686519e-02;6.557300e-02
7.102685e-02;9.269408e-02;2.038525e-01;3.114075e-02;2.658683e-02;4.022213e-02;2.504158e-01;1.079982e-01;4.587344e-02;4.780462e-02;2.859841e-02;5.378633e-02
1.137907e-01;1.321841e-01;1.522347e-01;2.688221e-02;3.521868e-02;5.412281e-02;2.682818e-01;7.633105e-02;4.433820e-02;2.836260e-02;3.503419e-02;3.321903e-02
1.642319e-01;1.672042e-01;1.031804e-01;2.061865e-02;4.280340e-02;6.637046e-02;2.404481e-01;5.890912e-02;3.938364e-02;2.312193e-02;2.879630e-02;4.493199e-02
2.067517e-01;1.444197e-01;7.870733e-02;3.288560e-02;6.748638e-02;6.149045e-02;1.786160e-01;5.243233e-02;4.860201e-02;2.777223e-02;2.047122e-02;8.036511e-02
1.438640e-01;1.040757e-01;1.047824e-01;7.336742e-02;6.675172e-02;4.423585e-02;1.506909e-01;5.547949e-02;6.089166e-02;5.275915e-02;4.875902e-02;9.434266e-02
9.708180e-02;7.070201e-02;1.448756e-01;7.967901e-02;6.747924e-02;3.496423e-02;1.261667e-01;8.409131e-02;7.490159e-02;7.182993e-02;5.342912e-02;9.479946e-02
8.341900e-02;7.013279e-02;1.351356e-01;5.959203e-02;7.579421e-02;4.188043e-02;1.330407e-01;8.801188e-02;1.039873e-01;8.297696e-02;4.406363e-02;8.196551e-02
7.288839e-02;7.252627e-02;1.488600e-01;6.014544e-02;7.327631e-02;4.143610e-02;1.321619e-01;7.360558e-02;9.432504e-02;8.237519e-02;7.007651e-02;7.832322e-02
8.977507e-02;8.005768e-02;1.522459e-01;5.020079e-02;7.797411e-02;5.842213e-02;1.129890e-01;5.594628e-02;8.740251e-02;8.610162e-02;6.315013e-02;8.573469e-02
1.014256e-01;8.433314e-02;8.918226e-02;6.439351e-02;7.446975e-02;5.170747e-02;1.588355e-01;6.613398e-02;6.474230e-02;1.028664e-01;5.641408e-02;8.549600e-02
5.902180e-02;7.525557e-02;1.315031e-01;7.570062e-02;6.323893e-02;6.209504e-02;1.435002e-01;7.191984e-02;8.100036e-02;8.325900e-02;7.284600e-02;8.065955e-02
8.603071e-02;6.797793e-02;1.194692e-01;6.560430e-02;3.975870e-02;6.196075e-02;1.587564e-01;8.521290e-02;1.026255e-01;5.898445e-02;8.403683e-02;6.958230e-02
1.358396e-01;7.327294e-02;7.708212e-02;9.298836e-02;4.941269e-02;4.744596e-02;1.390759e-01;8.426396e-02;1.200998e-01;4.110810e-02;8.478694e-02;5.462363e-02
1.326757e-01;7.666174e-02;9.116746e-02;1.036222e-01;6.239767e-02;3.934845e-02;1.157051e-01;9.243287e-02;1.179456e-01;3.831648e-02;7.306589e-02;5.666080e-02
3.340092e-02;8.582579e-02;1.027615e-01;8.188350e-02;6.959707e-02;7.929850e-02;1.609663e-01;1.291994e-01;7.948152e-02;9.109623e-02;4.225648e-02;4.423277e-02
4.451887e-02;5.352054e-02;7.445390e-02;5.004868e-02;5.999168e-02;6.954347e-02;1.423251e-01;2.024511e-01;1.264862e-01;1.129025e-01;3.614389e-02;2.761420e-02
3.211553e-02;3.589962e-02;1.117737e-01;4.207301e-02;5.487593e-02;4.498107e-02;1.082499e-01;2.500668e-01;1.272357e-01;1.099112e-01;4.063955e-02;4.217805e-02
1.762365e-02;4.303031e-02;9.904345e-02;2.455560e-02;5.595673e-02;2.119711e-02;1.751616e-01;2.239937e-01;1.267522e-01;7.568245e-02;7.840203e-02;5.860110e-02
1.875020e-02;5.555834e-02;5.448391e-02;1.018543e-02;5.803239e-02;2.464873e-02;2.653362e-01;1.166695e-01;1.437785e-01;3.421337e-02;1.654612e-01;5.288220e-02
1.648529e-02;6.361429e-02;2.535263e-02;6.597928e-03;5.679027e-02;3.550415e-02;3.363153e-01;3.319393e-02;1.436788e-01;1.926932e-02;2.435080e-01;1.969006e-02
1.341864e-02;6.205553e-02;1.506860e-02;1.042531e-02;5.858792e-02;3.601031e-02;3.538684e-01;3.550946e-02;1.238760e-01;3.999819e-02;2.426721e-01;8.509502e-03
1.112989e-02;6.916095e-02;2.930830e-02;1.199265e-02;7.952583e-02;3.133582e-02;3.891004e-01;3.955881e-02;7.270654e-02;3.299255e-02;2.244079e-01;8.780341e-03
2.401572e-02;8.224619e-02;2.795937e-02;3.332195e-02;9.647468e-02;6.112492e-02;3.813784e-01;5.047721e-02;2.861756e-02;2.521339e-02;1.751371e-01;1.403354e-02
5.041925e-02;9.171977e-02;2.705168e-02;6.878603e-02;1.026473e-01;1.003732e-01;3.077464e-01;4.073865e-02;3.846063e-02;4.596794e-02;1.164383e-01;9.650717e-03
6.437268e-02;1.092160e-01;6.020252e-02;9.718977e-02;1.258290e-01;1.007458e-01;2.151820e-01;2.536193e-02;6.311236e-02;4.681236e-02;7.704807e-02;1.492759e-02
4.817028e-02;1.215217e-01;6.371368e-02;7.317884e-02;1.690377e-01;4.256821e-02;1.215384e-01;5.367868e-02;1.187574e-01;2.666356e-02;1.479002e-01;1.327134e-02
2.470358e-02;9.712170e-02;4.344564e-02;4.245550e-02;1.409586e-01;6.228318e-02;1.845691e-01;5.198205e-02;9.926523e-02;2.689004e-02;2.193856e-01;6.939797e-03
1.820705e-02;7.678990e-02;5.892713e-02;2.031896e-02;1.094118e-01;4.670770e-02;2.572575e-01;5.981813e-02;5.327946e-02;3.054026e-02;2.509354e-01;1.780673e-02
1.269225e-02;6.200207e-02;6.303652e-02;2.859103e-02;7.064049e-02;3.730907e-02;2.893383e-01;7.193781e-02;6.246278e-02;4.776135e-02;2.342225e-01;2.000584e-02
2.140998e-02;6.872787e-02;5.001459e-02;4.334605e-02;6.401448e-02;6.698529e-02;3.148884e-01;6.631112e-02;1.013627e-01;3.864645e-02;1.523431e-01;1.194989e-02
2.494729e-02;6.528950e-02;4.028929e-02;4.620913e-02;8.529475e-02;6.370840e-02;3.382406e-01;7.172459e-02;1.194839e-01;4.953905e-02;7.698822e-02;1.828526e-02
2.639421e-02;7.234045e-02;4.984780e-02;3.808997e-02;1.184860e-01;7.410064e-02;3.081374e-01;7.548618e-02;8.398721e-02;4.404040e-02;8.695131e-02;2.213839e-02
4.172405e-02;8.838892e-02;7.775637e-02;5.598968e-02;1.064033e-01;5.384469e-02;1.953624e-01;1.123586e-01;5.937330e-02;7.695138e-02;9.388058e-02;3.796666e-02
6.671230e-02;6.924459e-02;1.454815e-01;8.291127e-02;7.314241e-02;7.203400e-02;1.293054e-01;1.073732e-01;6.406035e-02;7.250569e-02;6.781778e-02;4.941152e-02
4.521516e-02;5.095649e-02;1.687954e-01;1.269438e-01;9.795783e-02;9.877264e-02;1.503527e-01;7.245992e-02;7.443967e-02;3.463377e-02;3.752194e-02;4.195068e-02
6.227741e-02;5.327815e-02;1.443587e-01;1.105983e-01;1.002593e-01;1.649646e-01;1.553391e-01;4.851376e-02;6.540530e-02;5.025525e-02;2.086447e-02;2.388559e-02
6.630020e-02;3.623230e-02;9.871607e-02;8.098789e-02;8.367047e-02;1.896128e-01;1.452128e-01;4.500946e-02;1.182486e-01;9.427291e-02;1.966895e-02;2.206756e-02
4.360562e-02;1.093042e-02;8.395771e-02;5.591121e-02;9.011313e-02;1.371681e-01;1.041867e-01;4.183146e-02;2.531612e-01;1.160240e-01;9.204578e-03;5.390584e-02
3.054569e-02;1.426493e-02;6.746740e-02;3.102878e-02;1.069364e-01;6.268518e-02;1.160246e-01;5.156359e-02;3.227584e-01;8.443096e-02;1.803373e-02;9.426036e-02
2.269070e-02;3.340937e-02;5.388888e-02;2.287703e-02;9.746790e-02;4.108403e-02;1.383441e-01;7.002932e-02;3.092921e-01;4.972196e-02;3.728261e-02;1.239121e-01
2.265659e-02;6.373829e-02;3.594362e-02;3.436630e-02;6.369224e-02;3.038087e-02;1.151495e-01;1.375742e-01;2.625575e-01;4.569669e-02;6.617123e-02;1.220729e-01
2.151741e-02;8.458803e-02;3.514032e-02;6.214286e-02;3.158928e-02;2.457049e-02;9.343433e-02;2.522496e-01;1.659506e-01;5.160173e-02;1.002521e-01;7.696330e-02
3.181088e-02;7.907058e-02;6.950191e-02;8.092058e-02;3.532191e-02;4.776065e-02;1.231356e-01;2.748832e-01;7.762319e-02;7.066100e-02;8.616865e-02;2.314196e-02
5.293729e-02;7.995228e-02;1.048290e-01;7.783762e-02;5.348334e-02;7.096543e-02;1.390715e-01;2.038637e-01;8.156162e-02;7.250525e-02;4.709171e-02;1.590123e-02
9.446810e-02;8.118532e-02;1.477359e-01;8.764335e-02;6.222452e-02;8.038050e-02;1.303356e-01;1.164867e-01;8.256378e-02;4.453372e-02;3.956632e-02;3.287614e-02
8.585757e-02;6.490139e-02;1.132300e-01;1.284959e-01;1.052908e-01;6.868663e-02;1.239476e-01;7.762811e-02;1.027094e-01;2.689251e-02;4.567426e-02;5.668578e-02
5.675818e-02;2.323495e-02;1.022045e-01;1.118186e-01;8.119189e-02;4.356272e-02;1.474152e-01;1.631608e-01;1.459115e-01;3.889910e-02;4.094679e-02;4.489579e-02
5.756839e-02;1.125333e-02;1.354957e-01;6.786311e-02;4.873128e-02;2.034254e-02;2.229306e-01;1.524067e-01;1.569693e-01;7.131068e-02;2.281784e-02;3.231050e-02
5.639362e-02;1.158999e-02;1.358356e-01;3.725499e-02;3.310973e-02;3.388973e-02;2.728968e-01;9.607754e-02;1.324339e-01;1.432653e-01;2.673431e-02;2.051847e-02
4.638743e-02;1.296593e-02;1.318594e-01;1.888576e-02;3.671906e-02;5.181073e-02;2.692876e-01;5.628558e-02;9.921738e-02;2.243593e-01;3.148852e-02;2.073331e-02
3.509201e-02;2.361543e-02;1.371284e-01;1.599565e-02;3.628050e-02;8.138012e-02;1.992826e-01;6.153867e-02;8.786521e-02;2.622667e-01;2.573982e-02;3.381492e-02
3.818287e-02;4.224295e-02;1.613200e-01;2.077638e-02;4.139647e-02;1.049186e-01;1.285778e-01;7.475378e-02;7.901821e-02;2.332599e-01;2.735991e-02;4.819313e-02
8.069362e-02;9.194643e-02;1.762393e-01;2.973176e-02;3.676854e-02;1.207949e-01;6.898389e-02;9.424431e-02;4.270050e-02;1.797307e-01;2.772888e-02;5.043723e-02
1.261962e-01;1.242319e-01;1.348885e-01;2.932477e-02;4.164087e-02;9.086645e-02;8.430800e-02;8.433313e-02;8.781545e-02;1.117892e-01;3.651233e-02;4.809329e-02
1.720928e-01;1.220533e-01;1.077968e-01;2.717941e-02;4.788904e-02;4.793346e-02;1.222921e-01;5.882445e-02;1.086555e-01;9.402312e-02;3.789711e-02;5.336300e-02
1.952225e-01;9.642973e-02;1.154216e-01;3.836865e-02;5.693300e-02;1.890625e-02;1.095634e-01;4.573035e-02;1.260121e-01;9.990199e-02;3.722542e-02;6.028495e-02
1.201397e-01;5.263361e-02;1.637305e-01;3.279918e-02;6.163812e-02;3.366793e-02;1.151295e-01;7.866463e-02;1.445298e-01;1.239945e-01;3.672307e-02;3.634946e-02
5.210984e-02;6.718797e-02;1.447626e-01;3.251114e-02;5.944635e-02;5.939924e-02;1.459067e-01;8.802985e-02;1.262208e-01;1.199466e-01;5.638519e-02;4.809364e-02
6.027390e-02;4.990054e-02;1.452578e-01;2.989898e-02;5.958030e-02;5.459958e-02;1.570033e-01;6.806022e-02;1.027305e-01;1.637613e-01;5.284743e-02;5.608629e-02
4.528504e-02;3.741329e-02;1.384687e-01;4.687943e-02;8.422646e-02;3.594775e-02;1.308219e-01;8.882903e-02;1.425282e-01;1.523876e-01;3.370735e-02;6.350541e-02
5.962818e-02;3.272662e-02;1.159698e-01;7.746778e-02;7.947520e-02;3.355404e-02;1.137820e-01;1.109830e-01;1.301463e-01;1.200755e-01;4.269765e-02;8.349390e-02
5.672225e-02;6.293109e-02;1.124948e-01;8.127246e-02;8.835255e-02;3.440186e-02;8.692005e-02;8.087536e-02;1.139579e-01;1.450088e-01;5.593709e-02;8.112581e-02
4.731628e-02;7.459827e-02;9.955622e-02;8.946751e-02;9.299485e-02;4.016403e-02;1.009747e-01;8.462100e-02;1.484208e-01;1.340053e-01;5.344409e-02;3.443687e-02
4.528720e-02;6.384628e-02;1.329706e-01;6.023700e-02;7.984307e-02;7.252857e-02;1.063822e-01;1.047759e-01;1.034373e-01;1.399675e-01;3.653405e-02;5.419033e-02
6.360227e-02;5.477260e-02;1.249532e-01;6.381713e-02;8.172503e-02;6.172829e-02;6.908749e-02;9.487785e-02;1.144856e-01;1.499850e-01;4.666664e-02;7.429893e-02
8.979195e-02;6.507225e-02;9.125841e-02;8.621505e-02;7.732172e-02;3.591764e-02;7.315405e-02;1.085820e-01;1.263665e-01;1.278016e-01;3.950991e-02;7.900890e-02
8.029936e-02;8.885563e-02;8.079625e-02;9.807097e-02;6.989601e-02;3.701456e-02;8.161251e-02;1.117092e-01;1.347142e-01;9.080473e-02;5.334057e-02;7.288597e-02
9.288500e-02;1.005504e-01;1.041422e-01;7.459176e-02;6.395986e-02;5.525831e-02;8.890112e-02;7.338496e-02;1.360392e-01;9.351683e-02;7.127957e-02;4.549073e-02
8.821492e-02;9.420182e-02;1.077503e-01;7.958105e-02;5.506846e-02;5.639599e-02;7.953329e-02;6.235848e-02;1.539539e-01;9.466026e-02;8.080190e-02;4.747957e-02
8.431505e-02;9.554575e-02;1.142875e-01;5.915554e-02;7.650875e-02;5.093013e-02;5.336809e-02;4.750353e-02;1.632828e-01;1.205944e-01;6.637888e-02;6.812967e-02
8.901329e-02;5.754127e-02;1.687854e-01;4.475389e-02;8.029185e-02;4.287390e-02;9.529873e-02;5.269648e-02;1.522671e-01;1.212541e-01;5.274618e-02;4.247779e-02
9.489564e-02;6.628882e-02;1.951721e-01;6.240132e-02;6.672268e-02;4.806220e-02;1.700042e-01;5.863094e-02;9.923883e-02;7.620513e-02;2.984685e-02;3.253130e-02
1.243543e-01;7.694043e-02;1.641808e-01;6.673950e-02;6.908318e-02;5.576668e-02;2.180227e-01;5.016925e-02;6.467704e-02;6.154103e-02;1.847057e-02;3.005459e-02
1.294732e-01;8.996844e-02;9.580760e-02;5.838350e-02;7.321686e-02;6.699025e-02;3.225952e-01;3.264463e-02;4.666455e-02;5.043224e-02;1.117570e-02;2.264783e-02
7.292247e-02;9.297280e-02;7.263283e-02;2.832834e-02;5.528598e-02;6.415937e-02;4.051367e-01;3.709829e-02;7.494602e-02;7.411890e-02;1.141377e-02;1.098447e-02
2.493575e-02;9.176265e-02;5.905622e-02;1.718803e-02;5.381080e-02;5.661601e-02;4.529634e-01;4.885927e-02;9.029520e-02;8.583613e-02;1.450609e-02;4.170395e-03
3.223862e-02;8.148278e-02;7.817444e-02;4.177448e-02;5.830502e-02;5.049913e-02;4.550309e-01;5.526372e-02;6.698129e-02;6.702842e-02;9.877513e-03;3.343626e-03
2.498722e-02;4.992158e-02;1.399443e-01;8.332384e-02;4.133061e-02;3.289318e-02;4.021095e-01;8.329359e-02;8.297571e-02;4.683363e-02;6.565678e-03;5.821148e-03
1.505679e-02;2.482660e-02;1.871873e-01;9.214707e-02;2.733842e-02;4.010087e-02;2.876343e-01;1.091212e-01;1.394066e-01;5.873939e-02;7.672067e-03;1.076940e-02
1.687640e-02;3.587757e-02;2.145851e-01;1.039383e-01;4.565092e-02;5.749490e-02;1.545255e-01;1.096651e-01;1.690196e-01;6.757408e-02;1.040485e-02;1.438779e-02
2.957033e-02;3.108749e-02;1.539418e-01;1.852386e-01;5.122904e-02;4.400451e-02;8.965718e-02;1.169866e-01;1.653502e-01;1.022307e-01;2.225358e-02;8.449920e-03
4.744544e-02;3.920494e-02;7.973810e-02;2.122264e-01;4.689470e-02;1.635660e-02;1.150575e-01;8.921065e-02;1.766836e-01;1.319618e-01;3.373225e-02;1.148791e-02
7.257877e-02;5.032469e-02;5.899618e-02;1.754458e-01;6.856386e-02;1.727563e-02;1.176081e-01;5.395736e-02;1.709826e-01;1.437517e-01;4.637717e-02;2.413820e-02
6.681324e-02;3.255319e-02;1.215638e-01;1.303294e-01;9.985366e-02;3.840260e-02;1.001671e-01;3.479007e-02;1.460285e-01;1.445733e-01;5.175985e-02;3.316528e-02
2.930083e-02;3.602942e-02;1.209211e-01;9.090000e-02;1.652715e-01;5.038279e-02;8.472464e-02;4.943614e-02;8.810143e-02;1.855846e-01;7.127086e-02;2.807670e-02
1.910609e-02;4.338867e-02;5.177969e-02;5.415675e-02;2.202343e-01;3.402139e-02;5.270449e-02;1.002194e-01;5.371673e-02;2.486059e-01;9.364422e-02;2.842236e-02
1.857994e-02;4.055884e-02;2.873884e-02;3.944768e-02;1.887884e-01;4.341395e-02;5.949223e-02;1.665696e-01;3.551606e-02;2.367724e-01;1.156330e-01;2.648900e-02
1.723883e-02;4.949221e-02;3.233258e-02;5.333975e-02;1.263826e-01;7.311846e-02;6.692059e-02;2.000968e-01;3.484728e-02;1.880746e-01;1.312020e-01;2.695441e-02
2.604647e-02;5.101917e-02;4.182572e-02;6.723513e-02;7.747781e-02;1.243336e-01;8.783008e-02;1.508470e-01;3.193611e-02;1.506385e-01;1.663550e-01;2.445549e-02
3.585942e-02;4.814301e-02;4.118273e-02;5.212394e-02;6.827394e-02;2.000724e-01;8.990099e-02;9.448888e-02;3.456967e-02;1.131308e-01;1.908979e-01;3.135640e-02
6.243195e-02;2.827708e-02;1.111994e-01;5.156937e-02;5.249531e-02;1.801065e-01;9.986629e-02;5.368193e-02;5.617553e-02;8.544133e-02;1.578798e-01;6.087564e-02
6.241402e-02;3.298903e-02;1.527149e-01;5.138102e-02;3.810075e-02;1.629363e-01;1.297771e-01;3.836531e-02;7.425734e-02;5.413045e-02;1.401089e-01;6.282476e-02
2.676602e-02;2.165159e-02;1.384861e-01;3.369763e-02;4.714633e-02;1.814081e-01;1.688581e-01;1.344668e-02;1.181717e-01;4.104333e-02;1.529828e-01;5.634173e-02
1.469880e-02;7.835328e-03;1.062024e-01;1.310178e-02;3.927181e-02;1.905555e-01;1.911384e-01;1.805590e-02;1.802404e-01;4.284132e-02;1.486965e-01;4.736188e-02
2.609832e-02;5.644395e-03;8.805166e-02;6.207379e-03;2.374354e-02;2.282669e-01;1.725698e-01;1.770211e-02;1.985324e-01;5.660062e-02;1.448923e-01;3.169057e-02
3.349194e-02;1.248692e-02;7.325071e-02;8.968235e-03;3.320259e-02;2.551078e-01;1.088019e-01;5.635262e-02;2.023166e-01;6.771398e-02;1.291412e-01;1.916550e-02
3.719876e-02;3.255329e-02;6.882300e-02;2.131511e-02;7.021335e-02;2.241061e-01;3.896343e-02;1.489606e-01;1.594689e-01;8.390830e-02;8.787830e-02;2.661084e-02
4.244447e-02;5.670848e-02;4.908280e-02;2.690527e-02;1.226938e-01;1.492016e-01;3.381235e-02;2.052776e-01;8.160880e-02;1.434902e-01;5.726163e-02;3.151303e-02
4.514791e-02;4.954537e-02;4.956521e-02;3.925612e-02;1.298901e-01;9.232301e-02;4.940557e-02;1.219073e-01;1.417048e-01;1.794016e-01;7.382148e-02;2.803153e-02
4.638931e-02;3.882569e-02;5.876700e-02;4.969357e-02;1.107115e-01;6.220150e-02;8.301317e-02;6.432707e-02;1.643879e-01;1.840308e-01;9.572385e-02;4.192862e-02
4.734158e-02;3.941939e-02;5.836448e-02;4.882788e-02;8.614586e-02;4.062473e-02;1.377162e-01;7.275472e-02;1.493693e-01;1.664547e-01;1.024719e-01;5.050922e-02
4.525286e-02;4.048321e-02;7.954340e-02;3.191914e-02;5.006485e-02;8.286732e-02;1.741358e-01;7.128291e-02;1.250233e-01;1.343334e-01;1.216115e-01;4.348232e-02
4.258313e-02;6.137273e-02;8.436278e-02;3.978453e-02;5.476097e-02;1.248188e-01;1.404051e-01;9.527487e-02;7.371859e-02;1.484878e-01;1.064090e-01;2.802177e-02
5.197530e-02;6.582195e-02;7.818421e-02;4.712466e-02;7.840569e-02;1.292028e-01;1.085263e-01;1.078524e-01;1.332761e-01;8.292086e-02;6.154231e-02;5.516750e-02
5.390083e-02;3.783587e-02;6.944848e-02;3.626706e-02;1.039628e-01;1.093496e-01;8.419577e-02;1.407035e-01;1.293974e-01;1.120164e-01;6.389266e-02;5.902955e-02
3.032277e-02;1.356768e-02;7.016439e-02;4.051290e-02;1.141590e-01;8.292773e-02;9.293374e-02;1.367172e-01;1.223477e-01;1.393802e-01;9.503663e-02;6.193007e-02
2.860644e-02;2.290263e-02;1.236410e-01;4.224053e-02;1.049060e-01;8.139584e-02;9.912332e-02;1.138710e-01;1.177029e-01;1.126534e-01;9.248175e-02;6.047518e-02
2.621572e-02;3.902584e-02;1.408087e-01;5.840337e-02;7.229672e-02;1.174475e-01;8.621579e-02;1.538085e-01;9.425617e-02;8.382976e-02;7.360927e-02;5.408265e-02
5.672660e-02;3.366231e-02;9.617278e-02;5.769153e-02;9.623865e-02;1.216399e-01;8.338440e-02;1.238061e-01;1.245950e-01;8.555956e-02;6.697584e-02;5.354733e-02
5.162296e-02;3.153082e-02;1.411378e-01;5.522617e-02;6.996758e-02;8.946681e-02;1.626624e-01;8.681284e-02;1.365153e-01;1.028278e-01;3.640354e-02;3.582599e-02
5.915954e-02;5.905647e-02;2.520202e-01;9.493604e-02;4.729051e-02;4.281138e-02;1.294503e-01;7.949029e-02;8.731867e-02;9.559590e-02;2.499223e-02;2.787853e-02
4.621695e-02;6.093932e-02;3.717483e-01;8.780583e-02;5.627264e-02;3.236175e-02;9.058039e-02;5.711139e-02;5.991087e-02;9.861046e-02;1.746572e-02;2.097634e-02
2.312451e-02;4.097762e-02;4.909418e-01;9.726528e-02;5.486075e-02;2.872141e-02;3.309592e-02;3.021741e-02;4.233235e-02;1.369652e-01;1.182023e-02;9.677475e-03
1.470573e-02;2.269035e-02;5.147553e-01;1.078982e-01;5.219686e-02;2.722616e-02;5.144538e-02;2.852851e-02;3.765198e-02;1.235669e-01;1.434103e-02;4.993625e-03
1.449391e-02;2.160248e-02;5.037023e-01;8.305071e-02;4.128099e-02;3.049455e-02;5.353410e-02;2.595870e-02;5.429422e-02;1.514343e-01;1.544973e-02;4.703958e-03
6.945414e-03;2.594654e-02;4.521466e-01;1.149825e-01;4.076775e-02;3.209107e-02;3.471309e-02;1.487745e-02;4.659465e-02;2.124932e-01;1.432635e-02;4.115472e-03
1.031117e-02;3.028981e-02;4.360974e-01;1.175008e-01;5.245490e-02;2.912124e-02;3.051061e-02;1.170275e-02;7.823198e-02;1.795606e-01;1.843808e-02;5.780698e-03
5.027487e-03;3.447278e-02;4.862877e-01;9.551016e-02;4.075215e-02;2.145500e-02;3.042942e-02;1.942712e-02;1.212175e-01;1.167563e-01;2.281553e-02;5.848872e-03
1.308659e-02;4.502976e-02;5.150820e-01;5.808550e-02;3.454939e-02;1.691776e-02;2.602930e-02;2.992871e-02;1.349142e-01;8.979566e-02;3.081897e-02;5.762174e-03
4.896183e-03;4.359159e-02;4.828054e-01;6.074511e-02;3.380839e-02;1.591198e-02;2.624474e-02;4.516847e-02;1.366218e-01;9.516247e-02;4.347051e-02;1.157326e-02
1.615180e-02;4.531791e-02;4.226638e-01;4.722816e-02;2.908227e-02;1.770323e-02;3.412683e-02;5.984553e-02;1.448180e-01;9.976413e-02;5.608645e-02;2.721187e-02
3.677187e-02;4.086240e-02;3.751442e-01;5.070506e-02;3.218594e-02;2.551220e-02;3.953894e-02;6.325712e-02;1.315613e-01;9.919477e-02;6.042880e-02;4.483743e-02
4.378671e-02;6.198200e-02;3.687421e-01;4.396625e-02;3.471254e-02;3.237353e-02;3.663680e-02;6.487218e-02;1.241303e-01;7.237016e-02;5.008571e-02;6.634171e-02
5.990694e-02;8.351947e-02;3.382794e-01;6.255054e-02;3.435913e-02;5.831803e-02;5.519695e-02;5.018549e-02;1.152828e-01;5.278648e-02;2.109384e-02;6.852092e-02
6.031005e-02;9.131379e-02;2.394834e-01;6.712965e-02;3.394329e-02;7.674575e-02;8.315244e-02;2.824406e-02;1.525078e-01;6.236048e-02;5.428677e-02;5.052250e-02
4.614171e-02;7.061660e-02;1.162008e-01;4.598876e-02;4.008920e-02;8.263544e-02;1.062730e-01;3.672336e-02;2.094047e-01;1.019076e-01;1.112255e-01;3.279334e-02
5.007191e-02;4.713073e-02;5.169483e-02;2.620179e-02;4.420839e-02;6.431569e-02;1.026669e-01;3.738005e-02;2.489159e-01;1.413980e-01;1.678165e-01;1.819931e-02
4.279757e-02;4.304004e-02;3.778610e-02;9.061749e-03;4.961546e-02;3.716668e-02;1.031181e-01;6.128930e-02;2.281610e-01;1.294373e-01;1.922329e-01;6.629381e-02
4.097540e-02;3.616123e-02;3.382891e-02;2.111087e-02;5.242354e-02;3.916534e-02;1.233048e-01;8.194525e-02;1.861312e-01;1.040615e-01;1.979103e-01;8.298168e-02
5.552698e-02;3.484894e-02;2.810493e-02;3.307239e-02;5.575702e-02;4.102672e-02;1.475405e-01;1.004274e-01;1.624934e-01;8.413421e-02;1.973723e-01;5.969531e-02
6.581128e-02;5.339601e-02;2.455317e-02;3.643516e-02;5.218367e-02;3.433543e-02;1.922870e-01;1.197132e-01;1.165529e-01;8.678659e-02;1.956723e-01;2.227326e-02
6.395730e-02;7.149814e-02;3.338585e-02;4.443298e-02;3.516722e-02;3.746330e-02;2.366378e-01;9.031682e-02;1.072438e-01;8.851618e-02;1.720424e-01;1.933812e-02
5.905979e-02;7.948647e-02;3.577418e-02;6.714682e-02;2.919052e-02;6.296717e-02;2.057559e-01;5.098575e-02;1.658367e-01;7.165448e-02;1.172934e-01;5.484887e-02
3.269065e-02;8.588248e-02;3.142580e-02;8.816037e-02;2.325612e-02;9.241518e-02;1.353413e-01;4.645238e-02;2.513576e-01;4.496388e-02;6.630392e-02;1.017504e-01
2.212891e-02;7.362616e-02;3.820201e-02;6.969023e-02;1.968286e-02;1.054764e-01;8.256118e-02;8.179103e-02;2.745327e-01;3.594771e-02;5.009357e-02;1.462672e-01
2.345940e-02;4.753120e-02;5.392463e-02;3.345221e-02;2.165231e-02;8.283176e-02;7.199318e-02;1.209689e-01;2.249315e-01;8.261169e-02;5.966719e-02;1.769760e-01
3.995539e-02;2.708374e-02;8.748233e-02;1.759723e-02;3.180350e-02;5.037404e-02;9.671513e-02;1.045993e-01;1.693803e-01;1.751831e-01;4.856624e-02;1.512597e-01
5.074894e-02;3.087116e-02;8.345506e-02;3.930097e-02;3.469221e-02;4.343248e-02;1.224232e-01;7.491983e-02;1.208574e-01;2.073525e-01;1.034138e-01;8.853246e-02
3.801629e-02;4.643317e-02;5.098332e-02;6.526151e-02;4.275486e-02;4.234116e-02;1.310863e-01;1.342136e-01;9.828933e-02;1.610187e-01;1.375866e-01;5.201517e-02
3.889504e-02;5.537543e-02;3.866801e-02;8.875910e-02;8.408884e-02;4.550751e-02;1.523954e-01;1.472159e-01;9.436030e-02;1.199145e-01;9.344423e-02;4.137576e-02
6.080170e-02;5.129505e-02;8.165281e-02;9.747053e-02;1.181441e-01;6.234344e-02;1.350991e-01;8.462301e-02;1.121203e-01;5.773505e-02;8.363050e-02;5.508447e-02
5.825688e-02;4.368002e-02;9.126125e-02;8.960491e-02;1.176991e-01;7.603544e-02;1.400591e-01;6.695548e-02;9.031446e-02;8.125252e-02;9.379596e-02;5.108485e-02
6.067529e-02;4.982249e-02;4.594775e-02;6.095485e-02;9.031279e-02;7.912731e-02;2.325621e-01;7.462058e-02;8.934504e-02;9.815773e-02;7.642794e-02;4.204620e-02
6.115589e-02;4.619986e-02;7.318819e-02;3.285419e-02;6.703302e-02;5.791391e-02;3.414375e-01;5.557195e-02;1.234835e-01;6.007598e-02;3.664353e-02;4.444244e-02
4.344879e-02;2.328181e-02;7.050348e-02;3.597050e-02;6.490962e-02;6.301060e-02;3.636628e-01;6.167496e-02;1.073600e-01;6.130837e-02;6.279279e-02;4.207621e-02
5.968895e-02;3.180254e-02;1.233182e-01;4.923962e-02;5.840802e-02;5.832829e-02;1.921220e-01;7.888796e-02;7.257114e-02;1.230687e-01;1.063282e-01;4.623635e-02
5.634409e-02;2.614285e-02;1.644737e-01;3.999621e-02;4.370834e-02;5.317521e-02;1.669905e-01;8.808447e-02;9.715292e-02;1.261147e-01;7.183488e-02;6.598205e-02
4.053143e-02;2.803116e-02;1.572613e-01;6.897310e-02;4.192246e-02;4.610052e-02;2.125476e-01;8.777972e-02;1.412665e-01;9.796133e-02;2.771762e-02;4.990725e-02
3.475642e-02;2.034509e-02;1.451550e-01;1.117054e-01;5.153324e-02;3.751007e-02;1.909974e-01;8.720051e-02;1.640753e-01;9.462114e-02;3.390843e-02;2.819194e-02
2.768803e-02;2.103841e-02;1.730154e-01;1.414862e-01;7.675257e-02;3.923232e-02;1.475722e-01;9.323006e-02;1.407649e-01;8.571626e-02;2.812994e-02;2.537371e-02
2.072530e-02;3.271635e-02;2.068313e-01;1.032775e-01;5.965763e-02;4.985683e-02;1.683112e-01;1.257245e-01;1.191545e-01;6.032874e-02;2.079670e-02;3.261936e-02
9.304199e-03;5.386051e-02;2.239783e-01;6.362184e-02;5.037951e-02;5.067091e-02;2.194517e-01;1.219289e-01;9.709845e-02;4.608884e-02;2.795233e-02;3.566451e-02
4.790815e-02;1.049512e-01;1.800722e-01;3.339051e-02;5.955741e-02;4.688207e-02;2.729203e-01;8.056894e-02;6.622961e-02;3.493226e-02;4.110533e-02;3.148190e-02
1.042551e-01;1.471741e-01;1.322373e-01;3.988032e-02;6.586108e-02;4.627724e-02;2.676504e-01;4.476994e-02;4.066308e-02;4.451852e-02;3.917978e-02;2.753312e-02
1.634921e-01;1.196976e-01;9.104246e-02;6.100853e-02;6.023435e-02;7.072518e-02;2.379317e-01;5.381257e-02;5.133132e-02;3.858685e-02;2.744629e-02;2.469099e-02
2.072482e-01;6.948685e-02;6.745223e-02;6.007367e-02;5.486994e-02;1.000629e-01;2.158411e-01;7.037917e-02;6.138377e-02;3.692333e-02;3.132180e-02;2.495706e-02
2.385908e-01;5.094874e-02;9.109253e-02;3.859138e-02;6.369700e-02;1.187204e-01;1.346748e-01;7.301878e-02;6.645808e-02;2.738353e-02;4.542502e-02;5.139894e-02
2.613205e-01;4.275032e-02;7.948210e-02;3.684300e-02;8.724568e-02;1.260772e-01;7.034760e-02;5.721074e-02;5.996145e-02;7.455476e-02;4.666735e-02;5.753925e-02
2.456100e-01;5.728908e-02;8.257761e-02;3.427579e-02;7.156617e-02;1.054203e-01;1.370656e-01;3.412988e-02;5.045110e-02;1.185061e-01;1.262855e-02;5.047982e-02
2.629957e-01;8.289116e-02;5.583147e-02;4.952791e-02;4.110244e-02;7.417700e-02;1.635440e-01;3.990981e-02;3.773336e-02;1.168030e-01;1.944684e-02;5.603730e-02
2.520110e-01;1.235119e-01;4.010359e-02;7.012428e-02;3.179009e-02;4.087151e-02;1.837491e-01;3.723853e-02;2.994057e-02;8.675201e-02;2.605902e-02;7.784838e-02
2.271456e-01;1.523789e-01;6.130964e-02;6.261076e-02;2.699518e-02;3.463627e-02;1.917778e-01;2.801938e-02;2.872914e-02;6.057530e-02;2.677439e-02;9.904767e-02
1.968612e-01;1.908669e-01;9.401894e-02;3.452801e-02;2.091109e-02;3.451340e-02;2.200756e-01;1.864248e-02;3.294209e-02;3.394480e-02;2.712249e-02;9.557293e-02
1.727978e-01;2.273854e-01;1.151863e-01;1.442717e-02;2.044633e-02;3.218877e-02;2.343973e-01;1.263512e-02;3.868602e-02;2.000176e-02;4.025020e-02;7.159786e-02
1.861931e-01;2.234080e-01;8.318958e-02;3.510173e-02;2.418176e-02;3.757991e-02;2.122209e-01;1.166760e-02;3.616560e-02;2.858011e-02;3.350569e-02;8.820608e-02
2.301808e-01;1.757493e-01;5.115473e-02;6.156214e-02;4.026276e-02;5.154695e-02;1.495089e-01;1.586319e-02;2.241438e-02;6.465714e-02;1.345916e-02;1.236404e-01
3.078115e-01;1.404831e-01;1.885938e-02;6.053555e-02;6.050046e-02;6.499854e-02;1.067619e-01;2.232496e-02;1.747644e-02;8.756174e-02;6.442134e-03;1.062443e-01
3.792003e-01;1.280680e-01;1.643193e-02;3.614323e-02;7.964751e-02;6.724463e-02;8.931098e-02;2.572340e-02;1.994134e-02;7.470649e-02;2.070680e-02;6.287536e-02
3.775485e-01;1.076992e-01;4.181838e-02;2.182890e-02;8.168370e-02;5.631988e-02;7.145362e-02;2.089003e-02;4.599305e-02;4.346293e-02;5.601874e-02;7.528307e-02
3.039810e-01;6.594583e-02;5.287190e-02;3.610796e-02;8.516781e-02;4.746455e-02;5.611262e-02;1.242574e-02;7.835987e-02;3.848810e-02;6.253179e-02;1.605428e-01
1.985990e-01;4.211642e-02;6.327095e-02;5.072463e-02;1.063785e-01;4.218872e-02;4.768177e-02;2.755155e-02;8.315287e-02;6.289029e-02;6.058450e-02;2.148608e-01
1.085858e-01;4.127596e-02;1.148880e-01;8.627207e-02;1.000146e-01;4.477499e-02;3.920317e-02;5.126660e-02;6.224946e-02;8.468504e-02;1.001408e-01;1.666435e-01
4.942681e-02;3.573093e-02;2.100684e-01;1.012991e-01;8.362351e-02;4.012806e-02;4.525650e-02;4.692802e-02;5.327921e-02;1.040815e-01;1.280614e-01;1.021165e-01
3.676845e-02;5.066947e-02;2.732345e-01;7.425696e-02;5.902474e-02;3.534115e-02;6.436417e-02;2.963208e-02;5.279702e-02;1.410632e-01;1.144835e-01;6.836479e-02
4.253313e-02;7.323848e-02;2.771375e-01;6.615049e-02;3.484278e-02;3.838822e-02;5.629638e-02;3.979753e-02;7.593304e-02;1.362851e-01;1.022945e-01;5.710297e-02
9.063379e-02;1.133065e-01;2.136976e-01;7.639413e-02;3.068413e-02;4.001721e-02;4.069732e-02;3.327952e-02;1.043738e-01;1.218359e-01;6.929588e-02;6.578426e-02
1.104297e-01;1.175994e-01;1.469579e-01;6.265375e-02;5.710150e-02;3.135557e-02;7.441399e-02;5.233270e-02;8.319852e-02;1.485425e-01;4.974529e-02;6.566920e-02
7.562122e-02;1.081274e-01;1.667536e-01;4.430892e-02;9.059733e-02;5.311364e-02;1.158827e-01;4.894783e-02;9.014659e-02;1.357047e-01;3.219494e-02;3.860111e-02
5.486903e-02;1.173378e-01;1.915431e-01;3.551262e-02;9.089213e-02;7.989907e-02;7.836159e-02;5.218301e-02;1.242828e-01;8.671515e-02;4.028456e-02;4.811922e-02
3.052549e-02;9.833835e-02;2.520671e-01;6.456150e-02;5.792800e-02;7.189592e-02;4.860978e-02;6.694600e-02;1.447995e-01;7.646126e-02;4.036963e-02;4.749746e-02
6.741619e-02;9.440348e-02;2.742152e-01;8.011807e-02;4.169891e-02;4.952852e-02;3.677709e-02;5.819485e-02;1.408910e-01;6.787125e-02;4.739152e-02;4.149390e-02
9.752818e-02;1.079145e-01;2.671925e-01;6.682742e-02;2.873181e-02;3.226872e-02;6.788490e-02;4.931400e-02;1.265853e-01;6.517545e-02;4.652122e-02;4.405592e-02
1.188586e-01;1.139511e-01;2.279857e-01;4.664575e-02;4.847509e-02;3.678126e-02;1.224253e-01;3.724036e-02;1.045453e-01;5.447788e-02;4.834905e-02;4.026461e-02
1.448391e-01;1.042676e-01;1.835440e-01;3.165448e-02;8.169392e-02;3.829779e-02;1.215017e-01;6.823197e-02;6.607170e-02;5.475526e-02;6.811581e-02;3.702666e-02
1.842258e-01;9.924584e-02;1.330341e-01;3.693177e-02;9.203853e-02;4.433356e-02;8.030169e-02;1.515361e-01;3.285340e-02;4.773302e-02;7.189604e-02;2.587031e-02
1.880739e-01;8.791113e-02;1.246899e-01;5.934049e-02;7.198526e-02;4.528696e-02;7.657495e-02;1.901244e-01;2.899177e-02;2.879650e-02;6.237216e-02;3.585257e-02
1.500116e-01;1.023210e-01;1.582390e-01;4.589077e-02;6.086284e-02;4.513340e-02;6.932177e-02;1.439066e-01;5.728526e-02;6.835452e-02;4.827672e-02;5.039662e-02
9.813408e-02;1.430411e-01;2.051363e-01;5.204376e-02;7.033021e-02;5.213810e-02;4.517043e-02;6.648962e-02;7.788257e-02;8.210593e-02;3.720261e-02;7.032531e-02
1.119823e-01;1.836695e-01;1.820991e-01;6.405117e-02;7.555907e-02;6.845706e-02;4.130634e-02;3.522157e-02;8.308865e-02;7.249226e-02;2.628976e-02;5.578328e-02
1.217207e-01;2.092642e-01;1.661114e-01;5.286410e-02;6.985811e-02;1.018794e-01;6.903967e-02;2.192777e-02;8.399990e-02;5.182152e-02;1.583939e-02;3.567387e-02
9.565964e-02;1.973273e-01;2.363862e-01;3.410516e-02;5.281281e-02;1.053035e-01;8.350481e-02;2.847776e-02;6.379847e-02;4.591693e-02;9.289104e-03;4.741828e-02
5.800388e-02;1.492881e-01;3.356015e-01;5.160298e-02;4.580418e-02;8.586175e-02;7.563569e-02;4.415221e-02;3.804966e-02;6.095342e-02;1.747072e-02;3.757593e-02
6.068785e-02;1.018026e-01;3.627290e-01;7.143231e-02;4.598588e-02;6.842050e-02;8.284730e-02;5.273712e-02;3.777310e-02;6.994027e-02;2.477652e-02;2.086749e-02
5.466305e-02;9.017352e-02;2.835357e-01;9.158345e-02;7.675098e-02;6.001969e-02;9.415390e-02;7.551624e-02;4.904406e-02;6.414387e-02;3.850714e-02;2.190834e-02
7.610619e-02;9.228677e-02;1.433694e-01;7.602306e-02;1.095051e-01;8.973759e-02;1.532066e-01;6.239718e-02;4.888463e-02;6.737971e-02;3.618259e-02;4.492109e-02
1.489143e-01;9.286413e-02;1.056714e-01;4.233758e-02;8.775985e-02;1.037074e-01;1.775840e-01;4.840362e-02;5.073902e-02;5.529578e-02;3.062220e-02;5.610067e-02
2.068752e-01;1.029954e-01;1.042402e-01;2.915889e-02;5.544323e-02;9.852759e-02;2.057985e-01;4.136571e-02;3.326807e-02;5.923490e-02;1.597139e-02;4.712088e-02
