5.946687e-02;8.652931e-02;1.419710e-01;7.464809e-02;7.499468e-02;6.294010e-02;9.007083e-02;4.279337e-02;1.109293e-01;1.085571e-01;1.022043e-01;4.489508e-02
8.569900e-02;6.522833e-02;1.262095e-01;6.318711e-02;7.309984e-02;6.858772e-02;8.595633e-02;9.623304e-02;1.165512e-01;1.178458e-01;5.829413e-02;4.310806e-02
1.155163e-01;5.202168e-02;9.876247e-02;5.154849e-02;6.493253e-02;5.553882e-02;1.132111e-01;1.027542e-01;8.250430e-02;1.050973e-01;7.477215e-02;8.334072e-02
9.217954e-02;8.107901e-02;6.607001e-02;7.877609e-02;9.462532e-02;7.743923e-02;6.369423e-02;7.147552e-02;8.311963e-02;7.961505e-02;6.829647e-02;1.436299e-01
9.862499e-02;7.942495e-02;9.389678e-02;6.797725e-02;6.009326e-02;5.775874e-02;6.715427e-02;9.044739e-02;1.114902e-01;5.352637e-02;4.574613e-02;1.738597e-01
1.232063e-01;6.853021e-02;1.070725e-01;4.008900e-02;3.616066e-02;3.912835e-02;6.168819e-02;1.046515e-01;1.578631e-01;4.155394e-02;4.427027e-02;1.757861e-01
1.743827e-01;3.741150e-02;8.887319e-02;2.271779e-02;3.759353e-02;2.413496e-02;4.808339e-02;9.643550e-02;2.184189e-01;5.134598e-02;4.753841e-02;1.530642e-01
2.108454e-01;2.449385e-02;5.261067e-02;4.299232e-02;3.837751e-02;2.435973e-02;7.169631e-02;8.825291e-02;2.323088e-01;6.250066e-02;3.886105e-02;1.127007e-01
1.815665e-01;7.724500e-02;3.123774e-02;4.291067e-02;3.794663e-02;2.940778e-02;1.390997e-01;1.126313e-01;1.572688e-01;4.488221e-02;3.770656e-02;1.080970e-01
8.678152e-02;1.012153e-01;7.935551e-02;4.905001e-02;4.462609e-02;4.107581e-02;1.743394e-01;1.227246e-01;9.969252e-02;7.107424e-02;4.614776e-02;8.391718e-02
1.040669e-01;7.175800e-02;1.631863e-01;9.785137e-02;5.065026e-02;4.460303e-02;1.372086e-01;9.361228e-02;8.918302e-02;4.947041e-02;4.438466e-02;5.402520e-02
1.251370e-01;4.826957e-02;1.422067e-01;1.397671e-01;1.102311e-01;3.920831e-02;6.856067e-02;1.017016e-01;1.040219e-01;3.610386e-02;4.579924e-02;3.899293e-02
1.539547e-01;3.161686e-02;1.401423e-01;1.042201e-01;1.082028e-01;3.764868e-02;7.575710e-02;1.091584e-01;1.398821e-01;3.459082e-02;3.276113e-02;3.206496e-02
1.388517e-01;6.021181e-02;1.191373e-01;1.068291e-01;6.236875e-02;4.984182e-02;1.074819e-01;1.200639e-01;1.316735e-01;3.797649e-02;3.631731e-02;2.924645e-02
1.278488e-01;6.497441e-02;6.990065e-02;9.735364e-02;3.443396e-02;5.328012e-02;1.688872e-01;1.498275e-01;8.874170e-02;7.384417e-02;3.589268e-02;3.501515e-02
1.069430e-01;2.512118e-02;5.205957e-02;7.551679e-02;2.552628e-02;3.792170e-02;1.605335e-01;1.257012e-01;2.464720e-01;7.183396e-02;3.714058e-02;3.523021e-02
5.271796e-02;2.065138e-02;5.535820e-02;6.584186e-02;1.443132e-02;2.451860e-02;1.075055e-01;1.130271e-01;3.855581e-01;8.902387e-02;3.989156e-02;3.147455e-02
3.282036e-02;1.497767e-02;5.915607e-02;6.645265e-02;1.130582e-02;1.887151e-02;5.070329e-02;1.383740e-01;4.465371e-01;9.724553e-02;3.058927e-02;3.296670e-02
1.318778e-02;1.335598e-02;7.959028e-02;5.229256e-02;9.411926e-03;3.517575e-02;3.767449e-02;2.467935e-01;3.593347e-01;5.987358e-02;1.705648e-02;7.625289e-02
8.054066e-03;1.609033e-02;1.393167e-01;2.490556e-02;1.234668e-02;4.538283e-02;6.090090e-02;3.884877e-01;1.592791e-01;1.914915e-02;1.448417e-02;1.116028e-01
1.465038e-02;1.566787e-02;1.481222e-01;1.930320e-02;1.436431e-02;3.235080e-02;1.277528e-01;3.987387e-01;9.507213e-02;2.025909e-02;1.646067e-02;9.725787e-02
2.240458e-02;1.604354e-02;1.500817e-01;2.091258e-02;1.942948e-02;1.739389e-02;2.144274e-01;3.775183e-01;2.508740e-02;2.949130e-02;2.196263e-02;8.524722e-02
1.687809e-02;2.594967e-02;1.592141e-01;1.514668e-02;2.585864e-02;2.446685e-02;2.484656e-01;2.851618e-01;6.695962e-02;4.279247e-02;2.099771e-02;6.810880e-02
3.820512e-02;3.737227e-02;1.940094e-01;3.596614e-02;3.976288e-02;3.256379e-02;2.138324e-01;1.845862e-01;9.160214e-02;5.609307e-02;1.775376e-02;5.825274e-02
4.069345e-02;4.289634e-02;1.814906e-01;6.528220e-02;4.307852e-02;4.002698e-02;1.848350e-01;1.348219e-01;7.809703e-02;6.782528e-02;2.093781e-02;1.000149e-01
2.913238e-02;3.379319e-02;1.695022e-01;5.724891e-02;2.830962e-02;4.560279e-02;1.727556e-01;2.328603e-01;1.210820e-01;5.055710e-02;9.895190e-03;4.926069e-02
3.688295e-02;3.325813e-02;1.237525e-01;4.133657e-02;2.780965e-02;5.373991e-02;8.283527e-02;3.390845e-01;1.369951e-01;5.819274e-02;2.513655e-02;4.097613e-02
5.701879e-02;2.435331e-02;1.392882e-01;3.669632e-02;2.089862e-02;4.789417e-02;7.279082e-02;3.715838e-01;7.289391e-02;6.713218e-02;3.502783e-02;5.442201e-02
4.174526e-02;1.664399e-02;1.141216e-01;4.919107e-02;1.448209e-02;4.174754e-02;1.079906e-01;2.919742e-01;1.253204e-01;8.295799e-02;4.175102e-02;7.207423e-02
2.815537e-02;2.881579e-02;6.587811e-02;3.783398e-02;2.847191e-02;4.790840e-02;1.182762e-01;3.020354e-01;1.445076e-01;8.160893e-02;4.179227e-02;7.471606e-02
3.017661e-02;7.446452e-02;5.355467e-02;3.854592e-02;2.594852e-02;3.496121e-02;9.307365e-02;2.400935e-01;1.770005e-01;1.335306e-01;4.031058e-02;5.833978e-02
5.216226e-02;9.708428e-02;1.017550e-01;3.425794e-02;2.846142e-02;3.323856e-02;7.143494e-02;1.602407e-01;1.874174e-01;1.682633e-01;2.599903e-02;3.968517e-02
6.457812e-02;7.490583e-02;1.236546e-01;3.629486e-02;5.826293e-02;5.384694e-02;1.190755e-01;1.338548e-01;1.271447e-01;1.377910e-01;2.878843e-02;4.180237e-02
3.749156e-02;3.200481e-02;9.756495e-02;3.894948e-02;7.388805e-02;6.963594e-02;3.301450e-01;1.165572e-01;6.488852e-02;6.681468e-02;3.593994e-02;3.611998e-02
1.962754e-02;2.865665e-02;7.459392e-02;1.914490e-02;5.625650e-02;5.861445e-02;5.060299e-01;1.182172e-01;3.127104e-02;4.891162e-02;1.928298e-02;1.939330e-02
2.212601e-02;2.989301e-02;8.510321e-02;1.164342e-02;3.525976e-02;3.678089e-02;5.502000e-01;1.528437e-01;2.572153e-02;2.346092e-02;1.127109e-02;1.569640e-02
2.031216e-02;2.548223e-02;9.963768e-02;8.513626e-03;1.352794e-02;2.234344e-02;5.315351e-01;1.989690e-01;3.260629e-02;2.215306e-02;1.229092e-02;1.262853e-02
1.019633e-02;2.372004e-02;1.078028e-01;4.603552e-02;1.556743e-02;2.049379e-02;4.034677e-01;2.271481e-01;8.774669e-02;2.851453e-02;1.856579e-02;1.074125e-02
1.249929e-02;1.743339e-02;6.853814e-02;1.182089e-01;2.492039e-02;2.104943e-02;1.984775e-01;1.316673e-01;2.876015e-01;8.315984e-02;2.284222e-02;1.360208e-02
1.961740e-02;1.466603e-02;3.252087e-02;1.189916e-01;3.628706e-02;1.834621e-02;7.245092e-02;3.261194e-02;3.974985e-01;2.066222e-01;3.264771e-02;1.773949e-02
1.535267e-02;3.058280e-02;1.604975e-02;5.012554e-02;3.931877e-02;1.066979e-02;3.990180e-02;2.992395e-02;2.919156e-01;4.325988e-01;3.081651e-02;1.274399e-02
7.569635e-03;5.334082e-02;9.707960e-03;1.284327e-02;2.755391e-02;7.504947e-03;1.769639e-02;1.639494e-02;2.035259e-01;5.943556e-01;4.288579e-02;6.620775e-03
1.185620e-02;4.650648e-02;6.513396e-03;5.828111e-03;1.853658e-02;3.671676e-03;1.232196e-02;8.483238e-03;2.021861e-01;6.340001e-01;4.459476e-02;5.501329e-03
9.485623e-03;2.169780e-02;5.331593e-03;4.334373e-03;3.762554e-02;6.384272e-03;8.368516e-03;7.360382e-03;1.876224e-01;6.818426e-01;2.213607e-02;7.810871e-03
5.785282e-03;4.954061e-02;6.036255e-03;5.103968e-03;6.684526e-02;7.806167e-03;8.892850e-03;8.321044e-03;1.182206e-01;6.871331e-01;2.873883e-02;7.575950e-03
4.933821e-03;7.958871e-02;3.983928e-03;4.613330e-03;8.467796e-02;8.150217e-03;1.015998e-02;1.829811e-02;5.483400e-02;6.881708e-01;3.708894e-02;5.500149e-03
6.056966e-03;9.045395e-02;4.100757e-03;3.930436e-03;7.876106e-02;6.270910e-03;1.130065e-02;2.659333e-02;3.068382e-02;6.417732e-01;9.560045e-02;4.474447e-03
9.931165e-03;9.315331e-02;7.772199e-03;3.422312e-03;6.472457e-02;9.033719e-03;8.718790e-03;3.360860e-02;5.876599e-02;5.796183e-01;1.117583e-01;1.949278e-02
2.288648e-02;8.007568e-02;1.815109e-02;5.604000e-03;5.045362e-02;1.651865e-02;1.842883e-02;3.945618e-02;1.070240e-01;4.329956e-01;1.574795e-01;5.092624e-02
3.753534e-02;7.758186e-02;2.349129e-02;7.794675e-03;4.572519e-02;2.438626e-02;4.097227e-02;4.749948e-02;1.228971e-01;2.561338e-01;2.428311e-01;7.315161e-02
5.341161e-02;1.174467e-01;3.513234e-02;8.949157e-03;5.855198e-02;3.556174e-02;5.805025e-02;5.371893e-02;1.187915e-01;1.447307e-01;2.432633e-01;7.239171e-02
3.840249e-02;4.914565e-02;4.475768e-02;1.082687e-02;2.463134e-02;3.054730e-02;2.020493e-02;1.973898e-02;2.564307e-02;1.196535e-01;4.430496e-01;1.733986e-01
2.297068e-02;2.242081e-02;4.484008e-02;9.675761e-03;2.642694e-02;3.503351e-02;1.636178e-02;1.183731e-02;2.153242e-02;3.877150e-02;5.665429e-01;1.835863e-01
3.203082e-02;5.094254e-02;3.548717e-02;2.631527e-02;3.394469e-02;2.028914e-02;1.345190e-02;1.492931e-02;6.918702e-02;1.434557e-01;4.426067e-01;1.173597e-01
6.663218e-02;6.123135e-02;3.018960e-02;6.368797e-02;3.895053e-02;8.465256e-03;1.308230e-02;4.196538e-02;1.763870e-01;1.959700e-01;2.251175e-01;7.832099e-02
8.476863e-02;4.151272e-02;5.350447e-02;1.015330e-01;2.979422e-02;9.068880e-03;3.441819e-02;1.041791e-01;2.464402e-01;1.437463e-01;8.424148e-02;6.679281e-02
6.306880e-02;2.740810e-02;9.476264e-02;9.054295e-02;1.653316e-02;1.719187e-02;9.089056e-02;1.724635e-01;1.755921e-01;8.849356e-02;1.055804e-01;5.747235e-02
4.073455e-02;2.519395e-02;1.031811e-01;3.006775e-02;3.076600e-02;3.216184e-02;1.313691e-01;1.710013e-01;1.787783e-01;1.059162e-01;9.145873e-02;5.937116e-02
6.857571e-02;3.096806e-02;9.235097e-02;5.352587e-02;3.801107e-02;3.638874e-02;1.202716e-01;1.076508e-01;1.919239e-01;5.740393e-02;1.234751e-01;7.945425e-02
5.794333e-02;5.560331e-02;1.044895e-01;2.871757e-02;3.551339e-02;4.196016e-02;6.906147e-02;6.268848e-02;9.135144e-02;2.128931e-01;1.819143e-01;5.786400e-02
6.915337e-02;7.337926e-02;1.025251e-01;4.483337e-02;3.716043e-02;4.116449e-02;6.893951e-02;6.288826e-02;1.188264e-01;2.164716e-01;1.146197e-01;5.003841e-02
7.252003e-02;8.696477e-02;1.106265e-01;6.417552e-02;4.558757e-02;2.400104e-02;6.166752e-02;5.723085e-02;2.059057e-01;1.314031e-01;4.968598e-02;9.023147e-02
8.889247e-02;5.040608e-02;6.573167e-02;8.455258e-02;7.602889e-02;1.813459e-02;7.104428e-02;7.150313e-02;1.665176e-01;9.231966e-02;1.143717e-01;1.004973e-01
7.088549e-02;5.098332e-02;4.814811e-02;7.833071e-02;9.060742e-02;3.058412e-02;7.197142e-02;9.673361e-02;1.335543e-01;1.398938e-01;1.104829e-01;7.782479e-02
2.909711e-02;8.449858e-02;1.128299e-01;5.106619e-02;5.785701e-02;3.225436e-02;1.354946e-01;1.350082e-01;1.290613e-01;1.230906e-01;6.574708e-02;4.399506e-02
2.820604e-02;1.224020e-01;1.539347e-01;4.380438e-02;3.428900e-02;2.214200e-02;2.134972e-01;1.471043e-01;1.114229e-01;6.276288e-02;3.096006e-02;2.947458e-02
1.910641e-02;1.904900e-01;1.284165e-01;2.801037e-02;2.352763e-02;1.532936e-02;2.960937e-01;1.287529e-01;6.027976e-02;2.895490e-02;6.874663e-02;1.229187e-02
3.172559e-02;2.964548e-01;5.965556e-02;8.882521e-03;1.862709e-02;1.662828e-02;3.412592e-01;7.507719e-02;2.095109e-02;1.487363e-02;1.086817e-01;7.183320e-03
7.827234e-02;3.527751e-01;1.782424e-02;1.852862e-02;1.919200e-02;3.878534e-02;3.115877e-01;3.831533e-02;8.533825e-03;1.411516e-02;8.304640e-02;1.902395e-02
1.997847e-01;2.729290e-01;1.613897e-02;8.046697e-02;1.816625e-02;6.381749e-02;2.320265e-01;2.309345e-02;1.312379e-02;2.424051e-02;3.879207e-02;1.742028e-02
3.354036e-01;1.105890e-01;1.889096e-02;1.658699e-01;2.486232e-02;9.077406e-02;1.420726e-01;2.121641e-02;1.238483e-02;4.507935e-02;1.362111e-02;1.923583e-02
3.771181e-01;4.668755e-02;1.769941e-02;1.771061e-01;4.364003e-02;1.178977e-01;8.977299e-02;3.089334e-02;1.280956e-02;4.651280e-02;2.037604e-02;1.948650e-02
3.199291e-01;4.871964e-02;2.770678e-02;1.136842e-01;7.944984e-02;1.669178e-01;9.009446e-02;3.727451e-02;1.684388e-02;3.406727e-02;2.423829e-02;4.107418e-02
1.840667e-01;4.343172e-02;4.774512e-02;7.996263e-02;9.849760e-02;1.911747e-01;2.032786e-01;4.696792e-02;2.383422e-02;2.630745e-02;1.975613e-02;3.497723e-02
6.414957e-02;6.250398e-02;6.436536e-02;1.082200e-01;8.338571e-02;1.786970e-01;2.904265e-01;4.518384e-02;3.257923e-02;3.604362e-02;1.439470e-02;2.005053e-02
1.003270e-01;4.937972e-02;1.034210e-01;1.197578e-01;1.090765e-01;1.946358e-01;1.998659e-01;2.918638e-02;3.081702e-02;4.097833e-02;9.932403e-03;1.262213e-02
1.203317e-01;3.466596e-02;1.687019e-01;1.131179e-01;1.092598e-01;1.806629e-01;1.408264e-01;2.377768e-02;2.666565e-02;3.828752e-02;2.594487e-02;1.775756e-02
9.928514e-02;4.318537e-02;1.861633e-01;8.888724e-02;8.048813e-02;1.760399e-01;1.921526e-01;1.728217e-02;2.481868e-02;3.447485e-02;3.871456e-02;1.850799e-02
1.246080e-01;4.797446e-02;1.321615e-01;6.033859e-02;7.891437e-02;1.928423e-01;1.971585e-01;3.001873e-02;2.241014e-02;4.290899e-02;5.034954e-02;2.031496e-02
1.543262e-01;1.130986e-01;7.999875e-02;7.562027e-02;8.153231e-02;1.654475e-01;1.520089e-01;3.845676e-02;2.526010e-02;5.435054e-02;4.647304e-02;1.342713e-02
1.553673e-01;1.118746e-01;7.008959e-02;1.041085e-01;9.037964e-02;1.650952e-01;1.054701e-01;3.436411e-02;2.617658e-02;6.731051e-02;4.400654e-02;2.575731e-02
8.898927e-02;6.576214e-02;1.042480e-01;9.129526e-02;6.150327e-02;1.304091e-01;2.375234e-01;3.237892e-02;3.764238e-02;7.622346e-02;3.328471e-02;4.074008e-02
5.299524e-02;3.299912e-02;1.010310e-01;4.684338e-02;9.012517e-02;1.107639e-01;4.217807e-01;1.801865e-02;3.213735e-02;4.214438e-02;1.476217e-02;3.639896e-02
3.938019e-02;2.447763e-02;6.192192e-02;1.893573e-02;8.671478e-02;1.014402e-01;5.643739e-01;3.271729e-02;2.155597e-02;1.848604e-02;1.302043e-02;1.697590e-02
1.951937e-02;2.170998e-02;3.166592e-02;9.332661e-03;5.480620e-02;6.969995e-02;6.893327e-01;5.419350e-02;2.005411e-02;1.349489e-02;9.494061e-03;6.696621e-03
1.297967e-02;1.760843e-02;1.762381e-02;6.062288e-03;2.377879e-02;3.520463e-02;7.197755e-01;9.233968e-02;3.694378e-02;1.605309e-02;8.536749e-03;1.309352e-02
9.781107e-03;8.532613e-03;2.416512e-02;1.317095e-02;1.078001e-02;2.024909e-02;6.499065e-01;1.333117e-01;5.568050e-02;3.917718e-02;1.232700e-02;2.291834e-02
4.159293e-02;1.482709e-02;4.271434e-02;1.710874e-02;1.972856e-02;1.990420e-02;5.049896e-01;1.337162e-01;8.825908e-02;6.267808e-02;2.930422e-02;2.517699e-02
5.957250e-02;5.832580e-02;8.909412e-02;4.654644e-02;5.251121e-02;3.402603e-02;2.459704e-01;8.200882e-02;1.051582e-01;1.025707e-01;7.267892e-02;5.153687e-02
7.774924e-02;5.673565e-02;8.726551e-02;4.915385e-02;6.342776e-02;6.588197e-02;4.673002e-02;3.307538e-02;6.020790e-02;1.673809e-01;2.078420e-01;8.454984e-02
7.015764e-02;3.623826e-02;5.953551e-02;2.671228e-02;2.855344e-02;8.725980e-02;4.394414e-02;1.734831e-02;2.328385e-02;1.249306e-01;3.114966e-01;1.705395e-01
1.376826e-01;2.296093e-02;3.038495e-02;2.097763e-02;1.957488e-02;6.089141e-02;5.645707e-02;3.017911e-02;1.462321e-02;4.275783e-02;2.511071e-01;3.124034e-01
3.319965e-01;4.605607e-02;1.735292e-02;1.783662e-02;1.965334e-02;2.174591e-02;3.845234e-02;3.894642e-02;1.449801e-02;2.451279e-02;1.051952e-01;3.237539e-01
5.043470e-01;6.906658e-02;2.988004e-02;1.371379e-02;1.224198e-02;5.147425e-03;2.369722e-02;2.984566e-02;1.315451e-02;3.447482e-02;5.247601e-02;2.119550e-01
5.577925e-01;4.276041e-02;3.543055e-02;1.450046e-02;2.359055e-02;7.540556e-03;2.557386e-02;2.311474e-02;1.499958e-02;2.733322e-02;3.629234e-02;1.910712e-01
5.045109e-01;6.665705e-02;5.970263e-02;2.219074e-02;4.289315e-02;1.423183e-02;2.542415e-02;2.535781e-02;1.348141e-02;2.106701e-02;3.799844e-02;1.664849e-01
4.664450e-01;1.764183e-01;8.766629e-02;1.932853e-02;4.947251e-02;2.014437e-02;1.625933e-02;2.723205e-02;1.074307e-02;1.044385e-02;3.003217e-02;8.581455e-02
4.686768e-01;2.293658e-01;9.254155e-02;1.463614e-02;3.087801e-02;1.895818e-02;1.972619e-02;2.969541e-02;8.460655e-03;1.195195e-02;4.148054e-02;3.362875e-02
4.628269e-01;1.795222e-01;4.680445e-02;1.358893e-02;2.136914e-02;1.531471e-02;4.392146e-02;3.339917e-02;1.735018e-02;3.366564e-02;6.644947e-02;6.578773e-02
3.993541e-01;1.252579e-01;5.416937e-02;9.311077e-03;3.565289e-02;2.338687e-02;1.125609e-01;2.800461e-02;2.497757e-02;5.862307e-02;8.610230e-02;4.259942e-02
3.159245e-01;1.221662e-01;9.577654e-02;2.007957e-02;4.288112e-02;3.609891e-02;1.369896e-01;3.915009e-02;2.032048e-02;4.503839e-02;7.817349e-02;4.740109e-02
3.453513e-01;1.588671e-01;8.583876e-02;2.777668e-02;3.666935e-02;3.710078e-02;7.270750e-02;3.618001e-02;3.097906e-02;5.011677e-02;5.985412e-02;5.855855e-02
3.856614e-01;1.309578e-01;6.941295e-02;1.526341e-02;2.472954e-02;3.767969e-02;4.703677e-02;2.793512e-02;3.794524e-02;4.437512e-02;7.173553e-02;1.072674e-01
4.080269e-01;7.578003e-02;9.722863e-02;1.829530e-02;2.330693e-02;3.740717e-02;6.444593e-02;4.771938e-02;3.933913e-02;5.116542e-02;6.695587e-02;7.032930e-02
3.234575e-01;1.264280e-01;1.629337e-01;3.603749e-02;3.319472e-02;2.390169e-02;4.378114e-02;5.262917e-02;3.385460e-02;4.208154e-02;2.668517e-02;9.501521e-02
2.563745e-01;1.297213e-01;1.924304e-01;4.980118e-02;4.113038e-02;2.848415e-02;5.559836e-02;4.060099e-02;3.391721e-02;4.613280e-02;3.522332e-02;9.058543e-02
1.765710e-01;8.810983e-02;2.411434e-01;4.782425e-02;6.276802e-02;5.401001e-02;1.044976e-01;2.443520e-02;3.422442e-02;4.916691e-02;4.054176e-02;7.670756e-02
2.288890e-01;9.095537e-02;2.850529e-01;3.357701e-02;6.961688e-02;4.804046e-02;6.660332e-02;2.695574e-02;2.836329e-02;3.859285e-02;3.641707e-02;4.693611e-02
2.782576e-01;1.220827e-01;2.518366e-01;3.998232e-02;4.871713e-02;2.730321e-02;6.609554e-02;3.851488e-02;2.136404e-02;3.572728e-02;4.324652e-02;2.687222e-02
3.076538e-01;1.075893e-01;2.325901e-01;3.703989e-02;3.814260e-02;1.917665e-02;6.617790e-02;3.966647e-02;2.867544e-02;3.059195e-02;3.993904e-02;5.275683e-02
2.690184e-01;7.070979e-02;2.119159e-01;4.417616e-02;8.120045e-02;4.148865e-02;7.908402e-02;3.083707e-02;1.764608e-02;2.815852e-02;3.632427e-02;8.944063e-02
8.781562e-02;7.594007e-02;1.189762e-01;2.865209e-02;6.294080e-02;8.479235e-02;2.685567e-01;9.237737e-02;6.981608e-02;3.195096e-02;3.338056e-02;4.480121e-02
2.559033e-02;7.716005e-02;3.128965e-02;1.040223e-02;2.775992e-02;5.766530e-02;3.427218e-01;2.012094e-01;1.349258e-01;3.722750e-02;3.452690e-02;1.952110e-02
2.471848e-02;9.611399e-02;1.012064e-02;6.800069e-03;1.252216e-02;2.389378e-02;3.062628e-01;2.282063e-01;1.851634e-01;5.213518e-02;3.970408e-02;1.435909e-02
3.329568e-02;1.459708e-01;1.268303e-02;1.002985e-02;1.087572e-02;2.587695e-02;2.860644e-01;1.890007e-01;1.730542e-01;6.065271e-02;3.846413e-02;1.403188e-02
6.740145e-02;2.301022e-01;1.527236e-02;2.267977e-02;1.330217e-02;6.132775e-02;2.803609e-01;9.922986e-02;9.949005e-02;7.202248e-02;2.649039e-02;1.232053e-02
1.811206e-01;2.227305e-01;1.597222e-02;5.143650e-02;1.178826e-02;1.043507e-01;2.233515e-01;2.463548e-02;2.196760e-02;1.091831e-01;2.181258e-02;1.165094e-02
3.112365e-01;1.111632e-01;8.050871e-03;6.692810e-02;1.220597e-02;1.182821e-01;1.379506e-01;1.527721e-02;7.857253e-03;1.679872e-01;2.359296e-02;1.946805e-02
4.054631e-01;4.790241e-02;1.452975e-02;6.538057e-02;1.550792e-02;1.263740e-01;7.711007e-02;1.529002e-02;1.094159e-02;1.923199e-01;1.526912e-02;1.391158e-02
4.224746e-01;4.741886e-02;1.883756e-02;5.612439e-02;1.636242e-02;1.345715e-01;8.245719e-02;1.181877e-02;1.385588e-02;1.728555e-01;1.069684e-02;1.252656e-02
4.111821e-01;2.569308e-02;2.198204e-02;5.289483e-02;1.759080e-02;1.505737e-01;1.195573e-01;1.134052e-02;1.406800e-02;1.383633e-01;2.370267e-02;1.305172e-02
3.555829e-01;4.470758e-02;3.043577e-02;4.716054e-02;3.730412e-02;1.470136e-01;1.634445e-01;2.377487e-02;1.453337e-02;1.042417e-01;1.917857e-02;1.262256e-02
2.833069e-01;5.470385e-02;6.709110e-02;4.438277e-02;6.628493e-02;1.269465e-01;1.614128e-01;4.430214e-02;2.629877e-02;8.115376e-02;1.209477e-02;3.202172e-02
1.979840e-01;3.820453e-02;1.003803e-01;4.627693e-02;8.309663e-02;1.077097e-01;2.296080e-01;3.493218e-02;3.402957e-02;5.835091e-02;1.769769e-02;5.172955e-02
1.028120e-01;2.761732e-02;7.250903e-02;3.184354e-02;6.812861e-02;8.275590e-02;3.127585e-01;6.302379e-02;8.046887e-02;5.265880e-02;2.733126e-02;7.809245e-02
8.076338e-02;2.789759e-02;5.346595e-02;2.626579e-02;4.442811e-02;7.360489e-02;2.117558e-01;1.154803e-01;1.418311e-01;8.966129e-02;4.669839e-02;8.814740e-02
1.041742e-01;2.565051e-02;4.418050e-02;3.921590e-02;3.159493e-02;7.659107e-02;1.657741e-01;1.449671e-01;1.770684e-01;8.823209e-02;4.429954e-02;5.825157e-02
9.094398e-02;2.926208e-02;6.080259e-02;4.945689e-02;3.222415e-02;6.545897e-02;1.778999e-01;1.658895e-01;1.979030e-01;7.701827e-02;2.657802e-02;2.656272e-02
7.179108e-02;2.228045e-02;5.634387e-02;4.927542e-02;3.146000e-02;5.290268e-02;1.337816e-01;1.294539e-01;2.687249e-01;1.147834e-01;2.578527e-02;4.341745e-02
8.350568e-02;1.228931e-02;2.562485e-02;3.680187e-02;5.429714e-02;4.075502e-02;9.334295e-02;8.062124e-02;2.665350e-01;2.299859e-01;4.464329e-02;3.159768e-02
5.801202e-02;9.239470e-03;2.377995e-02;1.947436e-02;7.684641e-02;2.907102e-02;6.745152e-02;4.531226e-02;2.038070e-01;3.785512e-01;6.767177e-02;2.078298e-02
2.878638e-02;1.694373e-02;2.025058e-02;1.989502e-02;7.641105e-02;2.991052e-02;2.688907e-02;3.337855e-02;1.647801e-01;4.838874e-01;8.363852e-02;1.522907e-02
2.245123e-02;1.547884e-02;2.653754e-02;2.045196e-02;6.313982e-02;2.700540e-02;2.410563e-02;2.385435e-02;1.718530e-01;5.329768e-01;6.286463e-02;9.280775e-03
1.761861e-02;6.640403e-03;1.890170e-02;1.465699e-02;4.256642e-02;1.757738e-02;3.075676e-02;2.846978e-02;2.486209e-01;5.041988e-01;5.924194e-02;1.075030e-02
2.059787e-02;6.394295e-03;1.144379e-02;3.652732e-02;2.344226e-02;1.459207e-02;6.168389e-02;6.863629e-02;3.810039e-01;3.155378e-01;4.496809e-02;1.517240e-02
1.618474e-02;8.802850e-03;2.432090e-02;4.041496e-02;1.931868e-02;2.679250e-02;1.322738e-01;1.604470e-01;3.452110e-01;1.614529e-01;2.613985e-02;3.864070e-02
1.426665e-02;2.222834e-02;3.641519e-02;2.495013e-02;3.713983e-02;3.996807e-02;2.764415e-01;2.217958e-01;1.489115e-01;7.492083e-02;2.980111e-02;7.316106e-02
2.663583e-02;4.673129e-02;4.290881e-02;1.527816e-02;6.317068e-02;5.772559e-02;3.478997e-01;1.644673e-01;5.305953e-02;4.988379e-02;5.828744e-02;7.395182e-02
4.915327e-02;5.636956e-02;7.100971e-02;2.226994e-02;1.000179e-01;9.492458e-02;3.108602e-01;8.460721e-02;2.126786e-02;5.555351e-02;6.743667e-02;6.652953e-02
5.742796e-02;4.159994e-02;1.466462e-01;4.433916e-02;1.557366e-01;1.092029e-01;1.938096e-01;5.446360e-02;1.718304e-02;6.036174e-02;5.275514e-02;6.647411e-02
3.026196e-02;3.384196e-02;2.708347e-01;6.864981e-02;1.467444e-01;9.427226e-02;1.398985e-01;5.620312e-02;3.035662e-02;4.077134e-02;4.636700e-02;4.179827e-02
2.167684e-02;2.683122e-02;4.003555e-01;6.495101e-02;1.108572e-01;6.977380e-02;1.280612e-01;5.048138e-02;2.414026e-02;4.087305e-02;4.650449e-02;1.549411e-02
3.658972e-02;3.996868e-02;4.422328e-01;5.445735e-02;8.443352e-02;2.960687e-02;1.507337e-01;4.797215e-02;3.116617e-02;2.954223e-02;3.591522e-02;1.738155e-02
6.098038e-02;3.692425e-02;2.333597e-01;5.044729e-02;1.194108e-01;7.888233e-02;2.192624e-01;4.403249e-02;1.964065e-02;4.273027e-02;5.994662e-02;3.438286e-02
5.351438e-02;5.280306e-02;1.253022e-01;4.102233e-02;1.664739e-01;1.125313e-01;1.465450e-01;7.190734e-02;3.227839e-02;6.857020e-02;7.790709e-02;5.114476e-02
1.318352e-01;5.124173e-02;1.051892e-01;5.118345e-02;1.527529e-01;9.025260e-02;1.149702e-01;8.297455e-02;4.552454e-02;6.170495e-02;4.419964e-02;6.817106e-02
1.923830e-01;4.572552e-02;8.147991e-02;8.157342e-02;9.513343e-02;7.245610e-02;1.762697e-01;6.999582e-02;4.308139e-02;3.644003e-02;2.161686e-02;8.384479e-02
1.982854e-01;6.036954e-02;8.651443e-02;8.904848e-02;7.254418e-02;6.237819e-02;1.742353e-01;4.631954e-02;2.681432e-02;3.233286e-02;3.858834e-02;1.125695e-01
2.091275e-01;3.915244e-02;1.218177e-01;5.725142e-02;7.525216e-02;4.272608e-02;1.624221e-01;3.647975e-02;1.194409e-02;3.319315e-02;4.825110e-02;1.623826e-01
2.602045e-01;4.148639e-02;9.440358e-02;1.749267e-02;4.747009e-02;3.003269e-02;1.378889e-01;3.477470e-02;2.183363e-02;2.944576e-02;9.163093e-02;1.933361e-01
2.628604e-01;1.317316e-02;5.305467e-02;2.049019e-02;3.093240e-02;3.444671e-02;1.521778e-01;2.420337e-02;2.490855e-02;2.005763e-02;1.254791e-01;2.382161e-01
2.333878e-01;3.140707e-02;3.381947e-02;3.152494e-02;2.753359e-02;3.457894e-02;1.466818e-01;2.229348e-02;2.940971e-02;3.175942e-02;1.164449e-01;2.611589e-01
2.681518e-01;4.594614e-02;4.095712e-02;3.581603e-02;2.323584e-02;3.277950e-02;1.632667e-01;3.166599e-02;2.384179e-02;3.567138e-02;8.071734e-02;2.179504e-01
3.694141e-01;6.673846e-02;3.850852e-02;3.173814e-02;1.824118e-02;2.167188e-02;1.446211e-01;6.073219e-02;2.793450e-02;3.606602e-02;4.427925e-02;1.400546e-01
3.980524e-01;5.694248e-02;6.352387e-02;2.221284e-02;2.481404e-02;2.266965e-02;8.787369e-02;1.064926e-01;2.875791e-02;4.474944e-02;2.834098e-02;1.155700e-01
2.707398e-01;3.240263e-02;5.432208e-02;3.075525e-02;3.084333e-02;4.342148e-02;9.675438e-02;1.204178e-01;5.673122e-02;6.022437e-02;5.674973e-02;1.466380e-01
1.993162e-01;3.835621e-02;5.340406e-02;4.691871e-02;2.984612e-02;4.359460e-02;1.411187e-01;1.032733e-01;5.811061e-02;5.121231e-02;7.779451e-02;1.570546e-01
2.873217e-01;5.521224e-02;5.294390e-02;4.161110e-02;2.951889e-02;3.493663e-02;6.455764e-02;9.282278e-02;4.831757e-02;3.353047e-02;7.954251e-02;1.796846e-01
2.523976e-01;1.661666e-02;7.000329e-02;2.031475e-02;2.817091e-02;3.587228e-02;1.226483e-01;9.797813e-02;5.109704e-02;4.556243e-02;8.246993e-02;1.768688e-01
1.557232e-01;4.459875e-02;9.428101e-02;3.408106e-02;3.789066e-02;2.967430e-02;1.253849e-01;8.978181e-02;6.348564e-02;7.541093e-02;9.525141e-02;1.544363e-01
1.123884e-01;7.679614e-02;1.039753e-01;5.186956e-02;5.194778e-02;3.464605e-02;8.478852e-02;9.013486e-02;8.609556e-02;9.681475e-02;9.282295e-02;1.177201e-01
1.144212e-01;6.946430e-02;1.054395e-01;4.168585e-02;6.663884e-02;5.243269e-02;1.297091e-01;6.329917e-02;7.103906e-02;9.130722e-02;9.619910e-02;9.836393e-02
8.972173e-02;7.445600e-02;1.094270e-01;3.243358e-02;4.766576e-02;5.076284e-02;1.905045e-01;6.737072e-02;6.648662e-02;7.769942e-02;8.488765e-02;1.085841e-01
7.924975e-02;6.839978e-02;1.176198e-01;4.980795e-02;5.943206e-02;3.412717e-02;1.645144e-01;5.813908e-02;9.217014e-02;8.440752e-02;8.094057e-02;1.111918e-01
1.824072e-01;6.344960e-02;1.559831e-01;4.497907e-02;6.130886e-02;3.668989e-02;9.233335e-02;4.567462e-02;9.082997e-02;5.647656e-02;7.471928e-02;9.514856e-02
2.009307e-01;5.619238e-02;1.547117e-01;4.600845e-02;8.023771e-02;4.991206e-02;7.233586e-02;4.503209e-02;6.506191e-02;5.858159e-02;7.229433e-02;9.870121e-02
1.467647e-01;7.504648e-02;1.263415e-01;7.551156e-02;7.962304e-02;5.899160e-02;9.601653e-02;5.604871e-02;4.026201e-02;1.090878e-01;6.965724e-02;6.664888e-02
1.018418e-01;6.709140e-02;1.564806e-01;7.341637e-02;7.322753e-02;5.457384e-02;1.112247e-01;6.575107e-02;6.501848e-02;1.016410e-01;7.327651e-02;5.645680e-02
7.222339e-02;6.538778e-02;1.517836e-01;7.189295e-02;7.063845e-02;6.575800e-02;1.484189e-01;5.178221e-02;1.054188e-01;6.979100e-02;7.714880e-02;4.975614e-02
7.233437e-02;6.825067e-02;1.329743e-01;6.652485e-02;5.669571e-02;6.267826e-02;1.487452e-01;4.319035e-02;9.187785e-02;6.770943e-02;1.078330e-01;8.118605e-02
