2.483916e-01;1.639508e-01;1.997768e-02;1.301825e-02;1.396194e-02;1.669662e-02;1.616290e-01;1.012334e-01;2.041686e-02;5.418027e-02;1.709628e-01;1.558094e-02
1.556747e-01;6.881028e-02;1.711656e-02;2.346428e-02;2.017822e-02;2.242342e-02;2.614979e-01;1.902705e-01;3.376201e-02;5.702028e-02;1.371034e-01;1.267840e-02
8.733843e-02;3.269438e-02;2.010349e-02;2.916763e-02;1.712428e-02;1.987164e-02;3.717170e-01;2.495214e-01;3.805408e-02;5.121269e-02;7.087857e-02;1.231651e-02
6.136054e-02;4.239834e-02;2.949385e-02;3.338805e-02;2.711233e-02;2.230137e-02;3.996594e-01;2.351178e-01;3.842426e-02;4.277865e-02;6.159431e-02;6.371067e-03
7.531401e-02;7.949170e-02;4.266701e-02;4.051358e-02;3.249456e-02;2.301041e-02;2.959380e-01;2.014860e-01;4.362803e-02;4.221178e-02;1.151496e-01;8.095305e-03
8.893599e-02;6.098390e-02;4.029929e-02;3.982439e-02;3.855608e-02;3.560124e-02;2.910061e-01;1.888960e-01;4.402878e-02;3.771051e-02;1.165921e-01;1.756568e-02
9.731738e-02;4.391788e-02;3.410560e-02;3.218350e-02;6.248429e-02;5.643595e-02;2.740780e-01;1.603902e-01;5.108867e-02;4.316305e-02;1.261053e-01;1.873017e-02
1.868519e-01;9.560358e-02;3.348026e-02;3.185765e-02;4.138626e-02;5.629177e-02;1.647983e-01;9.422992e-02;3.673188e-02;3.988453e-02;1.917254e-01;2.715843e-02
3.255768e-01;1.617409e-01;2.324822e-02;4.159155e-02;2.566636e-02;3.965651e-02;9.859315e-02;8.103412e-02;2.531700e-02;2.731474e-02;1.279041e-01;2.235657e-02
3.333010e-01;2.902095e-01;2.102804e-02;3.390297e-02;3.111812e-02;3.172902e-02;5.638707e-02;8.046460e-02;4.256468e-02;1.890002e-02;4.520767e-02;1.518732e-02
2.389359e-01;4.393590e-01;3.405803e-02;2.115252e-02;1.724578e-02;3.826236e-02;3.468066e-02;4.602525e-02;5.648050e-02;3.367836e-02;3.068245e-02;9.439215e-03
1.766779e-01;5.055814e-01;5.431441e-02;1.642131e-02;9.480021e-03;2.949734e-02;3.197718e-02;2.753129e-02;4.145765e-02;6.246547e-02;3.480085e-02;9.795200e-03
1.648450e-01;4.850146e-01;6.938813e-02;1.839066e-02;1.401259e-02;1.774261e-02;3.737436e-02;2.560916e-02;3.550171e-02;7.557654e-02;4.710060e-02;9.444079e-03
1.705557e-01;4.039181e-01;7.058807e-02;1.478538e-02;2.418255e-02;3.097349e-02;3.305155e-02;3.051681e-02;4.634771e-02;8.953342e-02;7.265322e-02;1.289398e-02
1.555783e-01;2.336618e-01;6.543896e-02;2.646684e-02;4.355548e-02;5.213638e-02;6.427976e-02;6.892600e-02;5.373529e-02;1.145994e-01;1.025276e-01;1.909422e-02
1.714724e-01;2.073366e-01;5.933465e-02;4.774790e-02;4.726166e-02;6.642600e-02;8.133276e-02;8.001097e-02;4.569630e-02;1.008002e-01;7.935806e-02;1.322241e-02
1.529052e-01;9.162437e-02;7.000536e-02;8.151552e-02;7.710477e-02;7.716482e-02;7.304788e-02;8.662227e-02;1.076263e-01;1.215090e-01;4.195994e-02;1.891459e-02
6.231197e-02;1.438932e-01;8.026537e-02;6.774805e-02;8.205444e-02;6.232927e-02;8.326969e-02;1.069749e-01;1.243738e-01;1.008230e-01;6.417951e-02;2.177672e-02
8.811535e-02;1.329339e-01;7.143842e-02;7.556115e-02;6.542017e-02;9.939864e-02;8.090293e-02;1.183247e-01;9.092587e-02;8.836426e-02;6.928944e-02;1.932520e-02
1.184243e-01;9.518114e-02;4.439502e-02;1.115330e-01;4.735731e-02;1.338238e-01;9.125230e-02;1.120505e-01;8.461621e-02;8.733790e-02;5.223408e-02;2.179453e-02
7.197674e-02;5.003625e-02;3.223918e-02;5.131501e-02;2.507641e-02;8.522219e-02;2.041940e-01;2.476152e-01;5.597771e-02;4.282473e-02;1.092039e-01;2.431873e-02
4.287151e-02;4.246781e-02;3.461659e-02;1.678545e-02;1.187711e-02;4.402627e-02;2.794204e-01;3.599017e-01;3.551653e-02;2.563412e-02;9.389114e-02;1.299142e-02
1.689914e-02;3.302681e-02;4.731610e-02;9.155347e-03;9.492613e-03;2.831142e-02;3.031011e-01;4.587130e-01;2.899590e-02;2.166163e-02;3.408258e-02;9.244456e-03
7.453162e-03;1.495683e-02;6.307774e-02;8.946112e-03;8.883261e-03;1.805017e-02;2.846594e-01;5.279676e-01;1.901401e-02;2.376232e-02;1.442192e-02;8.807494e-03
1.047218e-02;7.264392e-03;6.334034e-02;8.268853e-03;9.116437e-03;3.002140e-02;3.017396e-01;4.987859e-01;2.118578e-02;2.367928e-02;1.868154e-02;7.444309e-03
1.464456e-02;1.007194e-02;5.086391e-02;1.237967e-02;1.220107e-02;6.401513e-02;3.341137e-01;4.047174e-01;2.859792e-02;2.437667e-02;3.696763e-02;7.050348e-03
3.789148e-02;2.256816e-02;5.963512e-02;2.714366e-02;2.444308e-02;1.343002e-01;2.114123e-01;3.612599e-01;3.141971e-02;2.685605e-02;4.791881e-02;1.515159e-02
3.595025e-02;2.073537e-02;5.685845e-02;2.454397e-02;2.646653e-02;1.321558e-01;3.157161e-01;3.013144e-01;1.673273e-02;1.799689e-02;3.962083e-02;1.190868e-02
2.715639e-02;9.082756e-03;4.311680e-02;4.153137e-02;1.129465e-02;7.041956e-02;2.888286e-01;3.162808e-01;6.128047e-02;2.277722e-02;9.802801e-02;1.020341e-02
2.193884e-02;9.371488e-03;4.926974e-02;5.769831e-02;1.006515e-02;3.930653e-02;1.122731e-01;4.220748e-01;1.013474e-01;3.461482e-02;1.171982e-01;2.484168e-02
7.937887e-03;1.146066e-02;3.613084e-02;3.369471e-02;8.643584e-03;2.182074e-02;1.597067e-01;5.429490e-01;8.145333e-02;1.752390e-02;4.920645e-02;2.947218e-02
5.607175e-03;1.974970e-02;1.792493e-02;1.477837e-02;1.035847e-02;1.633985e-02;2.483335e-01;5.647908e-01;4.537711e-02;1.504784e-02;1.996482e-02;2.172748e-02
8.352346e-03;2.209242e-02;3.323526e-02;6.508430e-03;1.414212e-02;1.690587e-02;3.170172e-01;5.201514e-01;1.539022e-02;1.007792e-02;2.165850e-02;1.446823e-02
9.535319e-03;1.260123e-02;5.194563e-02;5.129372e-03;1.089132e-02;1.065605e-02;3.144842e-01;5.096825e-01;9.430123e-03;8.596871e-03;1.932116e-02;3.772616e-02
9.122607e-03;1.334849e-02;5.076535e-02;6.275212e-03;8.912166e-03;1.190964e-02;3.170889e-01;5.026906e-01;1.455122e-02;1.616283e-02;1.739052e-02;3.178253e-02
9.033298e-03;1.130319e-02;3.697231e-02;1.755971e-02;9.005479e-03;2.359884e-02;3.159185e-01;4.813940e-01;2.760300e-02;3.016688e-02;2.021370e-02;1.723104e-02
1.617751e-02;8.177835e-03;2.387264e-02;3.744211e-02;8.079392e-03;3.234035e-02;2.704406e-01;4.488733e-01;5.452981e-02;3.755287e-02;4.110801e-02;2.140552e-02
2.789863e-02;3.552341e-02;3.717003e-02;5.370234e-02;7.604120e-03;4.468363e-02;2.123571e-01;3.785136e-01;5.852970e-02;3.323073e-02;9.544400e-02;1.534270e-02
3.732257e-02;5.926095e-02;3.700700e-02;4.738434e-02;1.467402e-02;3.110306e-02;2.291430e-01;3.895478e-01;2.636166e-02;1.983755e-02;8.107983e-02;2.727826e-02
3.359380e-02;5.527349e-02;4.100672e-02;4.353205e-02;1.645551e-02;2.260675e-02;2.035524e-01;4.382421e-01;4.638568e-02;3.173542e-02;4.337155e-02;2.424454e-02
2.871993e-02;5.600423e-02;5.639574e-02;4.175064e-02;2.418481e-02;2.819622e-02;2.765493e-01;3.761169e-01;2.046663e-02;3.623944e-02;2.828022e-02;2.709582e-02
3.379737e-02;5.832887e-02;4.481240e-02;3.313464e-02;3.206584e-02;3.663546e-02;2.495116e-01;3.240359e-01;3.943010e-02;5.278411e-02;5.656127e-02;3.890249e-02
9.574822e-02;8.843258e-02;3.444097e-02;4.153388e-02;2.302600e-02;5.585822e-02;1.661354e-01;1.892600e-01;4.061393e-02;4.727721e-02;1.772374e-01;4.043617e-02
1.208329e-01;1.082944e-01;2.512851e-02;2.595273e-02;2.864671e-02;4.142425e-02;1.782111e-01;2.003457e-01;3.060884e-02;3.715595e-02;1.651391e-01;3.825975e-02
9.940832e-02;1.110117e-01;2.291781e-02;1.870335e-02;2.872863e-02;5.227673e-02;2.281332e-01;2.280109e-01;2.412155e-02;3.268455e-02;1.184207e-01;3.558260e-02
5.230567e-02;1.069930e-01;1.870450e-02;1.787057e-02;2.969359e-02;7.070116e-02;2.995427e-01;2.438785e-01;2.345414e-02;2.848444e-02;7.780468e-02;3.056709e-02
5.643691e-02;9.421721e-02;2.073888e-02;3.117209e-02;4.377840e-02;7.068831e-02;2.418049e-01;2.478993e-01;3.336157e-02;2.619264e-02;9.454350e-02;3.916629e-02
5.844673e-02;6.819662e-02;2.616590e-02;3.799934e-02;9.966727e-02;6.958530e-02;1.353147e-01;1.792429e-01;4.390094e-02;1.554072e-02;1.436985e-01;1.222411e-01
2.660016e-02;9.190213e-02;2.764541e-02;9.037407e-02;1.125496e-01;7.109035e-02;1.017327e-01;1.200207e-01;3.070253e-02;1.526821e-02;1.661132e-01;1.460010e-01
1.068183e-02;1.256954e-01;3.186666e-02;1.830331e-01;9.050018e-02;4.889841e-02;3.156503e-02;1.407826e-01;1.035478e-02;1.783022e-02;1.793699e-01;1.294219e-01
4.058902e-02;1.398089e-01;5.956602e-02;1.909401e-01;4.841862e-02;3.286466e-02;2.820901e-02;1.490697e-01;9.158343e-03;2.095492e-02;1.787352e-01;1.016856e-01
1.174550e-01;2.002761e-01;8.977797e-02;1.214889e-01;3.008573e-02;2.630289e-02;3.947653e-02;1.161096e-01;1.906101e-02;2.985965e-02;1.564665e-01;5.364022e-02
1.550792e-01;2.523884e-01;9.385812e-02;7.833347e-02;2.979496e-02;3.269978e-02;6.759703e-02;7.360140e-02;2.976277e-02;3.022935e-02;1.241384e-01;3.251716e-02
1.164525e-01;2.589751e-01;7.857824e-02;9.607954e-02;3.673596e-02;5.462449e-02;7.412843e-02;6.134817e-02;4.003714e-02;2.347449e-02;1.211150e-01;3.845090e-02
1.710148e-01;2.359363e-01;5.384382e-02;7.371239e-02;2.945735e-02;5.967393e-02;8.547116e-02;8.043037e-02;4.646232e-02;2.435482e-02;1.125085e-01;2.713416e-02
2.455344e-01;2.269911e-01;5.285488e-02;5.807227e-02;3.988454e-02;4.875401e-02;7.510348e-02;7.107908e-02;4.419992e-02;2.865897e-02;7.106186e-02;3.780553e-02
2.350323e-01;1.280766e-01;6.676502e-02;6.610643e-02;5.717348e-02;2.898498e-02;5.883041e-02;8.557692e-02;3.819656e-02;3.739461e-02;1.520831e-01;4.577972e-02
2.853411e-01;9.506586e-02;6.014600e-02;4.614238e-02;3.965841e-02;4.596015e-02;7.407301e-02;8.869818e-02;2.445726e-02;5.030236e-02;1.520740e-01;3.808131e-02
2.508675e-01;2.479179e-01;6.377233e-02;3.340227e-02;3.655549e-02;4.548043e-02;7.151317e-02;8.763081e-02;3.558560e-02;3.252442e-02;6.591938e-02;2.883067e-02
1.502715e-01;2.362522e-01;8.923172e-02;4.557311e-02;3.364273e-02;4.475078e-02;9.751411e-02;1.031998e-01;6.984028e-02;3.988151e-02;6.221681e-02;2.762541e-02
1.079744e-01;1.543119e-01;1.080061e-01;8.445074e-02;3.368900e-02;4.938125e-02;1.278028e-01;1.001328e-01;1.045004e-01;3.908750e-02;7.152066e-02;1.914257e-02
1.284504e-01;1.716373e-01;1.162860e-01;8.621167e-02;4.688069e-02;3.845361e-02;9.122659e-02;6.435081e-02;9.320766e-02;4.741846e-02;9.509496e-02;2.078177e-02
7.702864e-02;1.832520e-01;8.932267e-02;1.297302e-01;5.821687e-02;5.185786e-02;5.586484e-02;8.875981e-02;5.208340e-02;3.912405e-02;1.496412e-01;2.511841e-02
3.291110e-02;1.800054e-01;4.610824e-02;1.821794e-01;5.325280e-02;5.690392e-02;4.540382e-02;1.427450e-01;2.463411e-02;1.542438e-02;1.862064e-01;3.422537e-02
2.501329e-02;1.739272e-01;2.858480e-02;2.137241e-01;3.124215e-02;4.471042e-02;3.566465e-02;1.864917e-01;1.273183e-02;8.811492e-03;2.008615e-01;3.823689e-02
5.644362e-02;1.644613e-01;4.424980e-02;1.870662e-01;2.751471e-02;4.587694e-02;2.984940e-02;1.632867e-01;7.340490e-03;2.268427e-02;2.041188e-01;4.710774e-02
1.121773e-01;1.891650e-01;5.520625e-02;1.114158e-01;1.990190e-02;4.853744e-02;6.398741e-02;1.149808e-01;1.595400e-02;4.170935e-02;1.818725e-01;4.509228e-02
1.179763e-01;1.819033e-01;5.876962e-02;5.437587e-02;3.712477e-02;5.037889e-02;1.004850e-01;9.747841e-02;3.053213e-02;6.071299e-02;1.729718e-01;3.729086e-02
5.515541e-02;1.113718e-01;6.471561e-02;1.208660e-01;5.061978e-02;5.973923e-02;8.545221e-02;8.513952e-02;2.633611e-02;6.969003e-02;2.494774e-01;2.143693e-02
2.294173e-02;7.379483e-02;4.373226e-02;1.945855e-01;3.397533e-02;6.721357e-02;3.215700e-02;1.000438e-01;1.168477e-02;2.670407e-02;3.792264e-01;1.394072e-02
1.226818e-02;3.381212e-02;2.922798e-02;2.191092e-01;2.417110e-02;6.503072e-02;2.150503e-02;1.037177e-01;3.883868e-03;9.038545e-03;4.488822e-01;2.935339e-02
1.110138e-02;3.993391e-02;3.430531e-02;1.965886e-01;2.292894e-02;4.735400e-02;4.931647e-02;9.036382e-02;1.874487e-02;2.758026e-02;4.243950e-01;3.738749e-02
3.397412e-02;8.102953e-02;4.979058e-02;1.456961e-01;3.221598e-02;3.987235e-02;9.458090e-02;8.548747e-02;3.217925e-02;4.615464e-02;3.271114e-01;3.190767e-02
8.721602e-02;1.417340e-01;5.265727e-02;9.847940e-02;3.568184e-02;5.324615e-02;1.230177e-01;8.474418e-02;2.839268e-02;4.044019e-02;2.211636e-01;3.322705e-02
1.091036e-01;1.767192e-01;5.461891e-02;9.535465e-02;3.220192e-02;5.595547e-02;1.194260e-01;7.639939e-02;2.490301e-02;3.657717e-02;1.922048e-01;2.653600e-02
7.538204e-02;1.372442e-01;5.658941e-02;1.014164e-01;3.978596e-02;5.443104e-02;9.250969e-02;5.783406e-02;2.445018e-02;3.860573e-02;2.960255e-01;2.572578e-02
9.797730e-02;1.505555e-01;4.847445e-02;7.289232e-02;4.234250e-02;3.717038e-02;6.924039e-02;8.304340e-02;2.843301e-02;3.885933e-02;2.982154e-01;3.279597e-02
8.638067e-02;1.122153e-01;5.940372e-02;8.033498e-02;5.035193e-02;4.073310e-02;4.192347e-02;1.308540e-01;3.769062e-02;4.646619e-02;2.779427e-01;3.570329e-02
6.361461e-02;7.734047e-02;4.876263e-02;6.677963e-02;6.182504e-02;4.493559e-02;5.988663e-02;1.194062e-01;3.500799e-02;5.621658e-02;3.356250e-01;3.059977e-02
7.569476e-02;8.330879e-02;8.073043e-02;5.864300e-02;7.364333e-02;7.338786e-02;7.833965e-02;9.529329e-02;5.097410e-02;6.869615e-02;2.244765e-01;3.681220e-02
6.876016e-02;8.419315e-02;1.060164e-01;7.793585e-02;7.552382e-02;8.586309e-02;1.138645e-01;9.971214e-02;7.096557e-02;8.011403e-02;8.727911e-02;4.977214e-02
6.465011e-02;7.668060e-02;9.137774e-02;6.827363e-02;7.106945e-02;8.782975e-02;1.715462e-01;1.387569e-01;6.149572e-02;5.678539e-02;7.883564e-02;3.269887e-02
6.784324e-02;8.871788e-02;5.376787e-02;6.868675e-02;7.163423e-02;8.123897e-02;1.987137e-01;1.531496e-01;2.645542e-02;3.769949e-02;1.292446e-01;2.284825e-02
4.434653e-02;1.190676e-01;2.683808e-02;8.870390e-02;9.720170e-02;7.767158e-02;1.481090e-01;1.313998e-01;1.586835e-02;2.290714e-02;1.271988e-01;1.006877e-01
3.392824e-02;1.557867e-01;2.384500e-02;7.823233e-02;1.325437e-01;7.296909e-02;1.018393e-01;1.021253e-01;1.894416e-02;1.549850e-02;9.582657e-02;1.684612e-01
3.014180e-02;1.478714e-01;2.151535e-02;8.401417e-02;1.069131e-01;6.086019e-02;9.429602e-02;9.487587e-02;1.186089e-02;1.327061e-02;1.391537e-01;1.952270e-01
1.820348e-02;9.966139e-02;1.386628e-02;1.063081e-01;4.243714e-02;3.194007e-02;6.520309e-02;9.592465e-02;8.092448e-03;1.680448e-02;2.817881e-01;2.197707e-01
9.009776e-03;4.108917e-02;9.609777e-03;1.303143e-01;2.947253e-02;1.267946e-02;3.744400e-02;1.375913e-01;8.769945e-03;2.230012e-02;3.561209e-01;2.055986e-01
6.642379e-03;2.328604e-02;1.443090e-02;1.679737e-01;2.662240e-02;2.858350e-02;2.990193e-02;2.283635e-01;1.000930e-02;2.190974e-02;3.154533e-01;1.268233e-01
8.700236e-03;3.602926e-02;1.885693e-02;1.860131e-01;2.461033e-02;3.859431e-02;2.600775e-02;3.658203e-01;7.675142e-03;9.931782e-03;2.257087e-01;5.205227e-02
6.233541e-03;3.131871e-02;1.620850e-02;1.714657e-01;2.796157e-02;3.458858e-02;2.021889e-02;4.810655e-01;6.219189e-03;5.345108e-03;1.663269e-01;3.304781e-02
1.876175e-02;2.253314e-02;1.325770e-02;1.299758e-01;8.714575e-02;2.208515e-02;2.908277e-02;4.294580e-01;2.888298e-02;6.241630e-03;1.143008e-01;9.827452e-02
5.131378e-02;2.139072e-02;1.371526e-02;5.551716e-02;2.004209e-01;2.270939e-02;5.007010e-02;1.885611e-01;9.932535e-02;1.268455e-02;3.680988e-02;2.474818e-01
8.376285e-02;1.617544e-02;1.752316e-02;2.891810e-02;2.293862e-01;2.567725e-02;5.400616e-02;5.728656e-02;1.404950e-01;1.318424e-02;1.984401e-02;3.137410e-01
9.926587e-02;1.191953e-02;2.393635e-02;2.305650e-02;1.811715e-01;3.862904e-02;5.277186e-02;4.321191e-02;1.569087e-01;8.905425e-03;1.914988e-02;3.410734e-01
5.348435e-02;7.577812e-03;1.935959e-02;2.213427e-02;1.366137e-01;3.583894e-02;6.882439e-02;4.495657e-02;1.869291e-01;8.921401e-03;3.827326e-02;3.770866e-01
1.273192e-02;2.192354e-02;2.187216e-02;3.343793e-02;1.277061e-01;2.618230e-02;8.265700e-02;5.870738e-02;1.637177e-01;9.759166e-03;6.565480e-02;3.756499e-01
4.419930e-02;8.042654e-02;3.585802e-02;6.234818e-02;1.091797e-01;2.993829e-02;1.156189e-01;6.355461e-02;8.499951e-02;1.073318e-02;8.600485e-02;2.771389e-01
9.341425e-02;1.511403e-01;4.686109e-02;6.846996e-02;1.064973e-01;5.929676e-02;1.359684e-01;7.386552e-02;7.631113e-02;1.725944e-02;9.519272e-02;7.572304e-02
1.275209e-01;1.360578e-01;4.387539e-02;5.232918e-02;1.477582e-01;8.457820e-02;1.218903e-01;7.535493e-02;6.716822e-02;2.341053e-02;7.708508e-02;4.297138e-02
1.080636e-01;6.362955e-02;3.878997e-02;6.081027e-02;1.954992e-01;7.145468e-02;8.884961e-02;7.146156e-02;1.450981e-01;2.165653e-02;6.616736e-02;6.851951e-02
9.461643e-02;8.669458e-02;4.518605e-02;7.904533e-02;2.238302e-01;2.881909e-02;7.523697e-02;8.564302e-02;1.085310e-01;1.743384e-02;3.101420e-02;1.239493e-01
7.603692e-02;6.340634e-02;4.896307e-02;6.790109e-02;1.401545e-01;6.187895e-02;6.327914e-02;1.103821e-01;1.591374e-01;1.940556e-02;3.533844e-02;1.541166e-01
9.856814e-02;6.592059e-02;4.761382e-02;4.863418e-02;8.427843e-02;6.466335e-02;5.323366e-02;1.083705e-01;1.652706e-01;1.217304e-02;4.894831e-02;2.023254e-01
8.210155e-02;8.168105e-02;2.923705e-02;3.121626e-02;1.033444e-01;3.897169e-02;6.562353e-02;1.105989e-01;1.987153e-01;1.699439e-02;6.393575e-02;1.775801e-01
8.707225e-02;5.594714e-02;2.510876e-02;3.073609e-02;1.174659e-01;4.237096e-02;6.404086e-02;1.320842e-01;1.507917e-01;2.083774e-02;8.181411e-02;1.917303e-01
9.231764e-02;7.640193e-02;2.822508e-02;2.155779e-02;1.256347e-01;5.446490e-02;9.367576e-02;1.073304e-01;9.068239e-02;1.654631e-02;9.007993e-02;2.030831e-01
7.906402e-02;6.010722e-02;2.518395e-02;3.467858e-02;1.336344e-01;6.120202e-02;9.394293e-02;1.188002e-01;1.020676e-01;2.017879e-02;1.139994e-01;1.571409e-01
5.743238e-02;5.427465e-02;5.442091e-02;8.361083e-02;1.130363e-01;7.423442e-02;1.066976e-01;1.136646e-01;1.010000e-01;7.035317e-02;1.496502e-01;2.162478e-02
7.071685e-02;6.213951e-02;5.832084e-02;8.891083e-02;8.631032e-02;7.047971e-02;1.015804e-01;1.052000e-01;7.216528e-02;7.964233e-02;1.413152e-01;6.321877e-02
9.111430e-02;8.001067e-02;6.378992e-02;8.642352e-02;8.930671e-02;6.436883e-02;9.558780e-02;1.045377e-01;6.849995e-02;7.285709e-02;1.052947e-01;7.820884e-02
7.774682e-02;4.960313e-02;5.232118e-02;3.172796e-02;5.217884e-02;4.387063e-02;7.385948e-02;1.202155e-01;8.310607e-02;1.017407e-01;1.881844e-01;1.254454e-01
6.132736e-02;5.142172e-02;5.259718e-02;1.590361e-02;2.104740e-02;6.839363e-02;9.038968e-02;1.234835e-01;7.820933e-02;9.923027e-02;2.191952e-01;1.188011e-01
1.278774e-01;1.039783e-01;5.815279e-02;2.396314e-02;2.252852e-02;7.892781e-02;1.003798e-01;9.817677e-02;6.573286e-02;6.545683e-02;1.950896e-01;5.973624e-02
1.718840e-01;2.370002e-01;6.383497e-02;1.807692e-02;1.961304e-02;5.281815e-02;1.001120e-01;8.268634e-02;4.748934e-02;7.310747e-02;1.145951e-01;1.878247e-02
1.600872e-01;3.554219e-01;8.265147e-02;1.522374e-02;1.235348e-02;3.281435e-02;6.460854e-02;5.198923e-02;4.456434e-02;9.338494e-02;5.983224e-02;2.706856e-02
8.508316e-02;3.492706e-01;1.019965e-01;5.178966e-02;1.142144e-02;1.748045e-02;5.987442e-02;3.342617e-02;2.805110e-02;9.293592e-02;1.428609e-01;2.580958e-02
3.338094e-02;2.011651e-01;8.946767e-02;1.555550e-01;3.004603e-02;2.052709e-02;4.312954e-02;3.652385e-02;1.451969e-02;5.278100e-02;2.832913e-01;3.961282e-02
2.575864e-02;9.685929e-02;6.541409e-02;2.378093e-01;9.109661e-02;2.595732e-02;2.033999e-02;4.409990e-02;1.319587e-02;3.753826e-02;2.889712e-01;5.295951e-02
2.689777e-02;6.957879e-02;4.392749e-02;1.915072e-01;2.614335e-01;4.139005e-02;2.578537e-02;4.347147e-02;4.886866e-03;2.229518e-02;1.640963e-01;1.047301e-01
8.864534e-03;3.353597e-02;1.867967e-02;9.141808e-02;4.723569e-01;7.573230e-02;4.112273e-02;2.272645e-02;1.547536e-02;1.329391e-02;9.147054e-02;1.153235e-01
1.355264e-02;2.016866e-02;9.977900e-03;4.808818e-02;5.125291e-01;1.396633e-01;4.986325e-02;9.280227e-03;2.856764e-02;5.720008e-03;3.611552e-02;1.264736e-01
1.810211e-02;6.613202e-03;1.647832e-02;1.876730e-02;4.382634e-01;2.065456e-01;8.205967e-02;1.222486e-02;4.794629e-02;8.621794e-03;8.648240e-03;1.357292e-01
3.127593e-02;1.141546e-02;3.138889e-02;1.610734e-02;2.867166e-01;2.018312e-01;1.091971e-01;1.660653e-02;8.477782e-02;3.937485e-02;1.433418e-02;1.569742e-01
3.679262e-02;1.318746e-02;5.490617e-02;2.060359e-02;2.302433e-01;1.221358e-01;7.637765e-02;1.996617e-02;1.115026e-01;1.105051e-01;2.047711e-02;1.833024e-01
3.464387e-02;1.599521e-02;4.615804e-02;3.105014e-02;2.771427e-01;8.482946e-02;8.076158e-02;1.548979e-02;8.758842e-02;8.280190e-02;2.791420e-02;2.156247e-01
4.460802e-02;8.149018e-02;4.895582e-02;5.342833e-02;2.322163e-01;6.682493e-02;6.177987e-02;2.331964e-02;5.649246e-02;3.633129e-02;4.640331e-02;2.481499e-01
8.721080e-02;2.160835e-01;7.088342e-02;8.351833e-02;1.123122e-01;6.184652e-02;4.759165e-02;4.091233e-02;2.499759e-02;2.023029e-02;8.353080e-02;1.508826e-01
1.745040e-01;2.863542e-01;7.937069e-02;7.971545e-02;3.385009e-02;4.920873e-02;3.579671e-02;5.825209e-02;2.686408e-02;3.493030e-02;1.060879e-01;3.506575e-02
2.000336e-01;2.511092e-01;5.831033e-02;6.163928e-02;5.883485e-02;3.201806e-02;5.212558e-02;6.078253e-02;3.517649e-02;3.401205e-02;1.279181e-01;2.803997e-02
1.890770e-01;2.354345e-01;4.718906e-02;5.737745e-02;9.575578e-02;3.646692e-02;4.416474e-02;3.911655e-02;5.919441e-02;4.445878e-02;1.033070e-01;4.845779e-02
2.563980e-01;1.650035e-01;3.970457e-02;6.562408e-02;1.239115e-01;4.668958e-02;4.648607e-02;5.146197e-02;5.949968e-02;5.826541e-02;1.767052e-02;6.928501e-02
2.388834e-01;9.105311e-02;4.851873e-02;7.266325e-02;1.043466e-01;4.210121e-02;4.706011e-02;6.497897e-02;5.085559e-02;5.232920e-02;1.179511e-01;6.925878e-02
1.426167e-01;1.389792e-01;5.523680e-02;5.713611e-02;6.065829e-02;4.039133e-02;7.276119e-02;9.009545e-02;4.726352e-02;6.340379e-02;1.751884e-01;5.626927e-02
2.091553e-01;9.641367e-02;4.810366e-02;5.772334e-02;5.582099e-02;5.837740e-02;6.142575e-02;6.353327e-02;4.847630e-02;6.732953e-02;1.528784e-01;8.076229e-02
3.408636e-01;1.888484e-01;3.349726e-02;3.255104e-02;3.749074e-02;3.895751e-02;5.478943e-02;7.265150e-02;2.736442e-02;4.376912e-02;8.785923e-02;4.135776e-02
3.294746e-01;3.273507e-01;3.170335e-02;1.505399e-02;3.275605e-02;1.249633e-02;4.609903e-02;9.192086e-02;3.111005e-02;2.503384e-02;3.212146e-02;2.487974e-02
2.676196e-01;3.834842e-01;3.006101e-02;1.203139e-02;2.670338e-02;2.127854e-02;5.510060e-02;9.107757e-02;4.845825e-02;2.332998e-02;2.797968e-02;1.287585e-02
2.707779e-01;3.362462e-01;2.596868e-02;1.093355e-02;2.731621e-02;2.511326e-02;6.251594e-02;1.065626e-01;5.655911e-02;1.990068e-02;2.879755e-02;2.930834e-02
3.304315e-01;2.128799e-01;1.957095e-02;1.005671e-02;4.129721e-02;2.185849e-02;7.441225e-02;1.504203e-01;3.855911e-02;1.054566e-02;5.477767e-02;3.519028e-02
3.248505e-01;1.031694e-01;1.552076e-02;1.187528e-02;3.937304e-02;2.906442e-02;9.524392e-02;1.686159e-01;2.043202e-02;1.564197e-02;1.408833e-01;3.532945e-02
2.289242e-01;8.461112e-02;1.754342e-02;1.442920e-02;2.663018e-02;5.427989e-02;1.096242e-01;1.319984e-01;3.260132e-02;3.239128e-02;2.285538e-01;3.841295e-02
1.852887e-01;1.077847e-01;2.263240e-02;1.075932e-02;1.023358e-02;6.327830e-02;1.078235e-01;1.274928e-01;5.031760e-02;4.038858e-02;2.396618e-01;3.433863e-02
3.253058e-01;8.923901e-02;3.332806e-02;1.282084e-02;3.645343e-02;4.386101e-02;1.126885e-01;1.602205e-01;2.584888e-02;3.353082e-02;9.369489e-02;3.300836e-02
2.628784e-01;1.315752e-01;2.797293e-02;1.486709e-02;6.166571e-02;4.789045e-02;7.916847e-02;9.086345e-02;2.965719e-02;2.290090e-02;1.875591e-01;4.300119e-02
1.611537e-01;1.058087e-01;2.274660e-02;1.973711e-02;7.201289e-02;4.174318e-02;6.033693e-02;1.289014e-01;2.766580e-02;3.684954e-02;2.679018e-01;5.514231e-02
2.464604e-01;1.255356e-01;2.393741e-02;2.235103e-02;4.645829e-02;3.093848e-02;8.264247e-02;9.410568e-02;2.022749e-02;3.268442e-02;2.200233e-01;5.463539e-02
1.818496e-01;1.105230e-01;2.344741e-02;3.750967e-02;4.596268e-02;5.786251e-02;9.769537e-02;7.415333e-02;4.934251e-02;4.459234e-02;2.128238e-01;6.423769e-02
1.194893e-01;1.177086e-01;2.345695e-02;3.718058e-02;7.529478e-02;6.380541e-02;9.109090e-02;8.851751e-02;5.316279e-02;5.475035e-02;2.162462e-01;5.929670e-02
1.373006e-01;1.623531e-01;2.656704e-02;2.132619e-02;4.147145e-02;4.663575e-02;1.229972e-01;1.235832e-01;2.629447e-02;3.479213e-02;2.158870e-01;4.079182e-02
2.345202e-01;1.379854e-01;1.911527e-02;2.319362e-02;2.141068e-02;3.965822e-02;1.481239e-01;1.169033e-01;1.490394e-02;2.240873e-02;1.809239e-01;4.085294e-02
3.145397e-01;9.927014e-02;1.053410e-02;3.271918e-02;2.425549e-02;4.630036e-02;1.561923e-01;1.265203e-01;1.153392e-02;2.312309e-02;1.289780e-01;2.603341e-02
3.425198e-01;1.114275e-01;7.751836e-03;4.862059e-02;2.187202e-02;4.392194e-02;1.771976e-01;1.418752e-01;1.205387e-02;2.571776e-02;4.052753e-02;2.651433e-02
2.988045e-01;1.129623e-01;6.249699e-03;5.430267e-02;1.152396e-02;2.996331e-02;2.429583e-01;9.973623e-02;7.689422e-03;2.881639e-02;4.265545e-02;6.433776e-02
2.711176e-01;9.455632e-02;1.149626e-02;3.841728e-02;1.352377e-02;2.640717e-02;2.576686e-01;6.505482e-02;8.347991e-03;2.525711e-02;1.090905e-01;7.906266e-02
2.557688e-01;8.005337e-02;2.909997e-02;1.627419e-02;2.130309e-02;4.644129e-02;1.721854e-01;5.838563e-02;1.129009e-02;3.069565e-02;2.255554e-01;5.294707e-02
2.257914e-01;4.108066e-02;3.097499e-02;2.041434e-02;3.543501e-02;7.294655e-02;1.237340e-01;5.379534e-02;1.518887e-02;6.923304e-02;2.792851e-01;3.212064e-02
2.044292e-01;5.454164e-02;2.323903e-02;1.681050e-02;5.995424e-02;7.204429e-02;1.289481e-01;6.309414e-02;3.576044e-02;1.383239e-01;1.648946e-01;3.796003e-02
9.973171e-02;7.964336e-02;1.954048e-02;2.816857e-02;7.303444e-02;4.883710e-02;8.970738e-02;6.095447e-02;4.462861e-02;1.487814e-01;2.720290e-01;3.494341e-02
7.075875e-02;6.215298e-02;4.162388e-02;1.556804e-02;5.391736e-02;5.116856e-02;5.828261e-02;5.225053e-02;2.170799e-02;1.010643e-01;4.453874e-01;2.611758e-02
7.152621e-02;3.371180e-02;6.785473e-02;1.099168e-02;2.199840e-02;6.905475e-02;4.387442e-02;2.582788e-02;1.247161e-02;5.005563e-02;5.754150e-01;1.721785e-02
6.944920e-02;1.242116e-02;7.495107e-02;1.819102e-02;7.667275e-03;9.053978e-02;4.338041e-02;9.702064e-03;1.424325e-02;2.790703e-02;6.249316e-01;6.616160e-03
7.736332e-02;1.432502e-02;5.881488e-02;1.252384e-02;1.157230e-02;1.302939e-01;4.757702e-02;1.757466e-02;1.399671e-02;2.289199e-02;5.808869e-01;1.217942e-02
4.759682e-02;3.154262e-02;3.978354e-02;1.247580e-02;1.867595e-02;1.782624e-01;6.730101e-02;4.429976e-02;1.276503e-02;2.406377e-02;5.129645e-01;1.026887e-02
7.884305e-02;5.390208e-02;2.566361e-02;2.670682e-02;1.990037e-02;1.630709e-01;1.011755e-01;8.609291e-02;2.575446e-02;2.345993e-02;3.717743e-01;2.365620e-02
7.943740e-02;7.704236e-02;1.433209e-02;3.097899e-02;2.982799e-02;1.301834e-01;1.114581e-01;1.308129e-01;3.775505e-02;3.849316e-02;2.899637e-01;2.971493e-02
9.878699e-02;8.684370e-02;2.222472e-02;1.679021e-02;3.574765e-02;7.184428e-02;9.600319e-02;1.513500e-01;3.329438e-02;6.084061e-02;2.923485e-01;3.392571e-02
1.329773e-01;6.968228e-02;3.304936e-02;2.713147e-02;2.385478e-02;7.796683e-02;1.068295e-01;1.592306e-01;3.199222e-02;5.715606e-02;2.553399e-01;2.478971e-02
1.046000e-01;6.172874e-02;3.486007e-02;3.465957e-02;3.010261e-02;7.719805e-02;1.449059e-01;1.627073e-01;4.204214e-02;5.725893e-02;2.172448e-01;3.269191e-02
9.890793e-02;5.964454e-02;3.182442e-02;3.747059e-02;3.789155e-02;6.916796e-02;9.370239e-02;1.403259e-01;5.725929e-02;5.416348e-02;2.767330e-01;4.290892e-02
8.194699e-02;5.333770e-02;3.831902e-02;6.415462e-02;3.406522e-02;8.163625e-02;9.468240e-02;1.223395e-01;6.983183e-02;5.975543e-02;2.406105e-01;5.932047e-02
7.069331e-02;6.393608e-02;5.465138e-02;6.837625e-02;3.800461e-02;8.998090e-02;1.026909e-01;1.174220e-01;4.763046e-02;7.101010e-02;2.320394e-01;4.356454e-02
4.434719e-02;5.565631e-02;7.686824e-02;5.020217e-02;4.131422e-02;9.480334e-02;1.074446e-01;1.397493e-01;3.632006e-02;7.009035e-02;2.360415e-01;4.716270e-02
5.310106e-02;6.336280e-02;7.740922e-02;1.934889e-02;4.989629e-02;8.749081e-02;9.040094e-02;1.931779e-01;4.531206e-02;6.727274e-02;2.091743e-01;4.405295e-02
5.374803e-02;8.328431e-02;5.940715e-02;4.424788e-02;7.526807e-02;8.874330e-02;7.161022e-02;2.092184e-01;7.799248e-02;4.939966e-02;1.379386e-01;4.914189e-02
6.983659e-02;7.686602e-02;7.243636e-02;6.534262e-02;8.541877e-02;5.259437e-02;6.742520e-02;1.535893e-01;1.142715e-01;9.685741e-02;1.035543e-01;4.180742e-02
8.448651e-02;6.313138e-02;7.427122e-02;6.227969e-02;7.194644e-02;2.571354e-02;1.367953e-01;1.773217e-01;1.275948e-01;1.108024e-01;3.526019e-02;3.039681e-02
6.330665e-02;6.239568e-02;3.899368e-02;3.493412e-02;2.742513e-02;4.870188e-02;2.516471e-01;2.331463e-01;9.042820e-02;5.495415e-02;5.538689e-02;3.868021e-02
6.963104e-02;5.555979e-02;2.886205e-02;1.978141e-02;2.979150e-02;9.008472e-02;3.180398e-01;2.308440e-01;5.199368e-02;2.865746e-02;4.558946e-02;3.116504e-02
7.688434e-02;3.637734e-02;3.468674e-02;2.142587e-02;2.959514e-02;1.302258e-01;3.327543e-01;2.162465e-01;3.612937e-02;3.916933e-02;2.808716e-02;1.841801e-02
9.770065e-02;2.809102e-02;5.605710e-02;1.746085e-02;3.218780e-02;1.642019e-01;3.109010e-01;1.831078e-01;2.476369e-02;4.851096e-02;2.290173e-02;1.411558e-02
1.120278e-01;3.524623e-02;1.219597e-01;1.177480e-02;6.087651e-02;1.839524e-01;2.398868e-01;1.063340e-01;4.219019e-02;4.024465e-02;1.199253e-02;3.351445e-02
8.042307e-02;3.538670e-02;1.919436e-01;1.838168e-02;1.199813e-01;1.389132e-01;1.605582e-01;3.598371e-02;1.073496e-01;2.451646e-02;6.961215e-03;7.960123e-02
4.281669e-02;2.731855e-02;1.730498e-01;3.543368e-02;1.732197e-01;9.902079e-02;1.111991e-01;2.847522e-02;1.266695e-01;2.360533e-02;2.696206e-02;1.322296e-01
2.787848e-02;6.978230e-02;1.011997e-01;9.821427e-02;1.665632e-01;7.360607e-02;7.308435e-02;4.137098e-02;8.990422e-02;4.394785e-02;8.100520e-02;1.334434e-01
5.349988e-02;1.831753e-01;1.077096e-01;1.366435e-01;7.628124e-02;5.404647e-02;7.315951e-02;5.216138e-02;4.932429e-02;7.368130e-02;8.718337e-02;5.313423e-02
7.122080e-02;3.626076e-01;1.323463e-01;8.315415e-02;4.063417e-02;3.893809e-02;5.386179e-02;3.203724e-02;6.089195e-02;7.914830e-02;2.851941e-02;1.664018e-02
1.094789e-01;4.565393e-01;9.051733e-02;6.118539e-02;2.204828e-02;4.919089e-02;2.908225e-02;3.964820e-02;6.605644e-02;4.409300e-02;1.356428e-02;1.859580e-02
2.090728e-01;3.457071e-01;5.169074e-02;6.467934e-02;2.167052e-02;3.969987e-02;5.207297e-02;8.238529e-02;5.662540e-02;2.085217e-02;3.345154e-02;2.209225e-02
2.219850e-01;1.800628e-01;2.764606e-02;6.536057e-02;2.582153e-02;3.721039e-02;1.187028e-01;1.138144e-01;4.294189e-02;2.068464e-02;1.085574e-01;3.721261e-02
1.109153e-01;7.400326e-02;2.462485e-02;5.727360e-02;2.947463e-02;6.381121e-02;1.421842e-01;9.860471e-02;3.929184e-02;3.264647e-02;2.844336e-01;4.273629e-02
7.543587e-02;4.758028e-02;2.931223e-02;6.563738e-02;5.094277e-02;7.629511e-02;7.210959e-02;1.010359e-01;5.436314e-02;5.696287e-02;3.447453e-01;2.557955e-02
1.011968e-01;4.115265e-02;6.007253e-02;1.065404e-01;8.343003e-02;7.053296e-02;4.299429e-02;1.267639e-01;8.494543e-02;7.180065e-02;1.958782e-01;1.469210e-02
8.093098e-02;5.172988e-02;1.010038e-01;1.444628e-01;7.486703e-02;4.430331e-02;7.408797e-02;1.729712e-01;7.624163e-02;4.313931e-02;1.119921e-01;2.427013e-02
5.212104e-02;1.403981e-01;1.229557e-01;1.117889e-01;4.159583e-02;3.324073e-02;1.108693e-01;2.292178e-01;3.821795e-02;1.880326e-02;6.370199e-02;3.708934e-02
6.740785e-02;2.561379e-01;9.458201e-02;5.716671e-02;2.402143e-02;2.875950e-02;1.631953e-01;1.888278e-01;1.435200e-02;1.263070e-02;6.270287e-02;3.021605e-02
1.158043e-01;3.222036e-01;5.256049e-02;3.605125e-02;1.835125e-02;3.456041e-02;2.013469e-01;1.306107e-01;9.849900e-03;1.011518e-02;5.236945e-02;1.617652e-02
1.500740e-01;3.449832e-01;2.394677e-02;2.130797e-02;2.174009e-02;4.548091e-02;2.084790e-01;9.993362e-02;1.245891e-02;1.269849e-02;5.225940e-02;6.637660e-03
1.885303e-01;3.065004e-01;3.527079e-02;2.116984e-02;2.752003e-02;5.581025e-02;2.011998e-01;8.830403e-02;1.384575e-02;1.251227e-02;4.222280e-02;7.113777e-03
1.314128e-01;2.767729e-01;3.801829e-02;1.742406e-02;3.310386e-02;4.677787e-02;2.256598e-01;1.434426e-01;1.431146e-02;1.099073e-02;5.551244e-02;6.573061e-03
6.944749e-02;2.671492e-01;2.548805e-02;2.370645e-02;3.868860e-02;3.728472e-02;2.492823e-01;1.932495e-01;1.781406e-02;1.483218e-02;5.431556e-02;8.741881e-03
4.944604e-02;2.055531e-01;3.497601e-02;2.329536e-02;4.146497e-02;4.059027e-02;2.545915e-01;2.425707e-01;2.364999e-02;2.117764e-02;4.497609e-02;1.770842e-02
9.119570e-02;1.372164e-01;4.879261e-02;3.356929e-02;3.893226e-02;4.572453e-02;2.501563e-01;2.027794e-01;2.191922e-02;1.992163e-02;8.682934e-02;2.296344e-02
6.927036e-02;1.704798e-01;5.414209e-02;4.068526e-02;4.237750e-02;5.294381e-02;2.529636e-01;1.457283e-01;3.289560e-02;2.229903e-02;9.747726e-02;1.873738e-02
1.059066e-01;2.340400e-01;4.172884e-02;3.239681e-02;3.137594e-02;3.905860e-02;2.158096e-01;1.192929e-01;3.645646e-02;3.734522e-02;7.543161e-02;3.115745e-02
8.612330e-02;2.657607e-01;2.911228e-02;3.258519e-02;2.360375e-02;3.941872e-02;2.128718e-01;1.265775e-01;3.064968e-02;4.186929e-02;7.833233e-02;3.309550e-02
