6.228966e-02;3.285640e-02;2.219612e-01;5.851823e-02;7.265315e-02;8.218133e-02;1.822910e-01;4.631974e-02;6.505115e-02;8.457784e-02;5.295230e-02;3.834798e-02
8.459073e-02;5.634182e-02;2.704878e-01;4.867862e-02;3.565783e-02;5.526871e-02;1.475385e-01;3.867777e-02;8.324648e-02;9.516682e-02;4.648599e-02;3.785901e-02
9.601294e-02;9.716918e-02;2.958978e-01;7.269775e-02;4.623432e-02;5.124677e-02;9.676623e-02;3.794277e-02;7.610390e-02;6.452496e-02;3.614747e-02;2.925598e-02
6.515568e-02;8.783843e-02;2.794178e-01;1.502898e-01;7.554565e-02;5.886023e-02;7.356276e-02;4.481925e-02;5.199883e-02;3.882414e-02;6.079094e-02;1.289652e-02
3.639481e-02;5.507165e-02;1.976456e-01;2.209542e-01;1.094602e-01;5.602650e-02;7.107810e-02;5.528880e-02;4.816359e-02;2.882082e-02;8.663343e-02;3.446231e-02
1.795046e-02;2.573053e-02;1.974138e-01;2.216133e-01;1.698677e-01;4.662613e-02;5.817688e-02;5.224529e-02;5.596946e-02;3.402274e-02;6.911837e-02;5.126536e-02
2.261231e-02;2.660334e-02;1.746218e-01;1.926885e-01;2.365199e-01;5.872253e-02;7.386693e-02;3.584578e-02;4.049325e-02;3.340324e-02;3.459673e-02;7.002574e-02
1.341283e-02;2.859290e-02;2.587013e-01;1.759113e-01;2.378010e-01;5.347829e-02;3.006636e-02;2.739027e-02;1.970515e-02;2.581355e-02;6.026044e-02;6.886657e-02
1.981128e-02;3.471578e-02;3.502008e-01;1.486882e-01;1.541673e-01;3.795970e-02;6.842124e-02;3.636254e-02;1.700745e-02;1.774564e-02;8.074223e-02;3.417788e-02
6.524114e-02;7.098931e-02;3.454869e-01;1.215805e-01;1.159578e-01;3.106920e-02;6.179286e-02;4.209274e-02;2.007547e-02;2.282152e-02;8.477906e-02;1.811353e-02
1.323909e-01;1.205131e-01;1.655372e-01;8.233570e-02;1.492105e-01;5.024300e-02;5.687336e-02;5.556136e-02;3.331403e-02;3.864296e-02;9.274703e-02;2.263086e-02
1.176674e-01;8.237507e-02;2.687252e-01;7.516791e-02;1.396375e-01;3.952464e-02;6.769772e-02;4.632534e-02;3.827540e-02;3.901706e-02;6.263183e-02;2.295501e-02
8.400759e-02;5.160176e-02;1.964366e-01;1.345719e-01;1.701953e-01;4.616121e-02;5.956594e-02;5.265460e-02;5.941755e-02;5.025620e-02;5.752764e-02;3.760375e-02
2.341061e-02;5.694250e-02;1.069215e-01;1.569790e-01;2.460990e-01;5.788374e-02;1.043963e-01;4.292630e-02;6.134116e-02;5.669035e-02;4.693836e-02;3.947123e-02
2.512652e-02;5.675385e-02;1.505477e-01;1.358864e-01;2.632204e-01;8.033047e-02;8.115520e-02;4.242745e-02;3.835723e-02;7.127407e-02;1.859184e-02;3.632892e-02
4.727215e-02;4.344606e-02;1.467325e-01;9.823653e-02;1.557263e-01;8.394955e-02;1.475892e-01;9.718824e-02;5.714575e-02;8.311380e-02;1.731742e-02;2.228256e-02
7.061750e-02;5.707486e-02;8.348618e-02;4.489062e-02;4.615187e-02;1.102974e-01;2.551279e-01;1.157007e-01;8.218450e-02;8.403504e-02;3.063175e-02;1.980159e-02
1.072043e-01;5.062824e-02;3.918232e-02;2.886124e-02;4.560388e-02;1.475750e-01;2.841759e-01;1.022289e-01;5.829339e-02;9.543294e-02;2.150994e-02;1.930386e-02
1.863866e-01;2.700431e-02;1.619370e-02;2.887397e-02;4.084529e-02;1.833392e-01;2.389754e-01;8.913476e-02;3.217377e-02;1.219264e-01;1.679748e-02;1.834918e-02
2.811562e-01;1.373253e-02;2.025957e-02;2.803575e-02;3.499778e-02;1.768636e-01;1.209421e-01;9.967221e-02;2.905876e-02;1.409617e-01;1.586426e-02;3.845551e-02
3.385737e-01;1.364096e-02;2.890963e-02;2.794792e-02;4.550314e-02;1.380406e-01;6.390559e-02;1.200841e-01;4.123548e-02;1.239325e-01;1.875553e-02;3.947092e-02
2.926416e-01;1.295092e-02;8.858628e-02;2.314286e-02;6.701965e-02;1.054963e-01;5.561846e-02;1.107827e-01;5.790195e-02;7.416578e-02;2.730170e-02;8.439190e-02
1.557729e-01;1.191350e-02;1.846352e-01;1.433402e-02;8.472191e-02;5.850728e-02;4.671741e-02;5.628669e-02;9.767634e-02;3.881393e-02;2.460573e-02;2.260151e-01
1.236921e-01;1.131373e-02;2.207744e-01;1.058766e-02;8.082434e-02;3.438470e-02;4.758564e-02;2.583132e-02;1.042272e-01;2.681978e-02;1.672142e-02;2.972378e-01
1.182165e-01;1.126337e-02;2.307544e-01;1.240615e-02;8.639099e-02;5.735849e-02;3.818730e-02;2.058930e-02;7.759442e-02;1.656565e-02;4.054660e-02;2.901268e-01
8.268593e-02;1.894665e-02;2.622078e-01;4.358693e-02;1.078348e-01;8.320714e-02;5.120298e-02;2.017912e-02;5.924243e-02;2.589867e-02;4.177728e-02;2.032303e-01
6.787789e-02;3.653862e-02;2.310662e-01;6.181241e-02;9.891423e-02;8.488267e-02;7.913797e-02;4.666267e-02;7.397702e-02;6.409882e-02;4.225346e-02;1.127781e-01
7.721783e-02;4.326744e-02;1.168899e-01;7.878144e-02;1.125131e-01;1.310706e-01;8.753338e-02;8.632254e-02;6.588766e-02;1.247562e-01;3.969236e-02;3.606758e-02
1.022183e-01;2.373028e-02;8.523192e-02;6.753985e-02;1.044311e-01;2.111883e-01;8.264805e-02;1.100898e-01;4.563506e-02;1.074126e-01;2.240998e-02;3.746481e-02
9.937073e-02;1.716681e-02;6.430192e-02;1.353665e-01;6.245549e-02;2.491418e-01;1.049151e-01;1.113201e-01;2.174581e-02;8.266796e-02;8.491633e-03;4.305619e-02
6.548195e-02;1.192345e-02;5.030067e-02;2.070514e-01;4.756291e-02;2.212914e-01;1.613362e-01;7.546213e-02;1.788355e-02;8.880641e-02;1.211833e-02;4.078157e-02
4.040474e-02;1.545253e-02;4.227298e-02;2.286978e-01;3.518085e-02;1.764823e-01;2.794011e-01;4.336415e-02;2.336150e-02;5.969221e-02;1.102114e-02;4.466872e-02
2.893201e-02;2.610188e-02;3.486652e-02;1.607676e-01;2.490032e-02;1.194974e-01;4.466512e-01;2.788787e-02;4.311497e-02;2.568606e-02;7.229671e-03;5.436461e-02
1.444042e-02;4.818615e-02;2.105082e-02;5.918781e-02;2.688634e-02;8.293419e-02;5.679227e-01;3.536027e-02;7.345683e-02;1.604518e-02;6.759078e-03;4.777027e-02
2.784829e-02;5.219832e-02;2.428015e-02;2.673853e-02;5.570016e-02;5.630586e-02;5.623704e-01;6.929184e-02;5.690793e-02;2.041079e-02;9.713608e-03;3.823410e-02
3.362275e-02;4.411389e-02;4.201026e-02;2.206356e-02;8.406606e-02;3.661308e-02;5.276661e-01;1.255733e-01;2.479545e-02;2.329817e-02;7.703771e-03;2.847355e-02
4.451333e-02;3.509505e-02;6.172157e-02;1.507800e-02;6.640533e-02;2.499389e-02;4.962704e-01;1.722980e-01;2.194562e-02;2.938812e-02;1.249302e-02;1.979782e-02
3.521773e-02;2.902231e-02;7.028969e-02;2.687842e-02;3.661042e-02;3.223553e-02;4.655912e-01;1.769565e-01;4.743459e-02;4.535157e-02;1.450724e-02;1.990475e-02
2.042170e-02;3.874435e-02;6.076071e-02;2.603226e-02;6.877997e-02;4.609454e-02;5.014979e-01;1.103923e-01;5.426795e-02;4.024565e-02;1.154738e-02;2.121518e-02
2.949282e-02;4.062810e-02;6.816240e-02;2.479048e-02;9.187607e-02;7.080821e-02;4.917789e-01;6.347784e-02;4.112852e-02;2.977773e-02;1.478420e-02;3.329474e-02
3.638168e-02;3.077239e-02;1.115840e-01;3.616145e-02;1.254842e-01;8.553501e-02;2.898819e-01;1.321960e-01;3.517607e-02;3.325055e-02;1.617694e-02;6.739981e-02
2.895124e-02;2.332656e-02;1.163237e-01;5.096589e-02;8.360829e-02;3.776382e-02;3.552326e-01;1.346190e-01;3.734917e-02;3.620756e-02;1.623400e-02;7.941815e-02
5.444143e-02;2.183475e-02;9.786814e-02;6.240582e-02;5.527625e-02;2.563376e-02;4.385460e-01;9.423324e-02;4.462232e-02;2.932975e-02;9.590415e-03;6.621812e-02
7.017674e-02;4.069698e-02;6.617913e-02;5.007865e-02;4.488505e-02;4.956572e-02;4.948478e-01;6.634779e-02;4.541197e-02;2.850639e-02;7.703974e-03;3.559982e-02
6.020464e-02;3.509026e-02;6.410749e-02;5.026586e-02;8.123709e-02;9.166373e-02;4.492770e-01;6.837371e-02;3.289887e-02;3.884581e-02;8.546916e-03;1.948860e-02
6.569038e-02;4.818549e-02;9.478329e-02;6.324282e-02;9.320042e-02;8.994848e-02;2.610129e-01;7.809111e-02;5.512093e-02;7.703590e-02;2.205274e-02;5.163557e-02
8.606758e-02;5.882202e-02;8.536361e-02;5.046164e-02;5.108983e-02;7.012237e-02;2.156649e-01;8.945902e-02;1.078169e-01;1.078921e-01;4.323599e-02;3.400405e-02
5.803222e-02;3.625742e-02;7.733265e-02;4.944739e-02;2.169029e-02;9.206963e-02;2.611503e-01;1.236851e-01;9.937602e-02;1.270467e-01;3.593985e-02;1.797253e-02
3.478535e-02;2.518876e-02;6.377556e-02;3.632377e-02;1.615317e-02;9.444619e-02;3.279333e-01;1.575343e-01;7.210677e-02;1.329519e-01;2.189258e-02;1.690829e-02
1.558945e-02;3.453152e-02;4.265601e-02;2.374896e-02;3.268437e-02;5.441870e-02;4.976839e-01;1.354117e-01;5.784203e-02;7.670068e-02;1.597604e-02;1.275661e-02
6.567794e-03;4.151077e-02;1.526069e-02;1.610053e-02;4.331362e-02;4.636475e-02;6.345335e-01;5.905056e-02;8.411084e-02;3.185169e-02;1.229126e-02;9.043930e-03
1.099381e-02;3.749699e-02;1.874657e-02;1.521036e-02;4.259230e-02;8.647615e-02;6.103109e-01;4.418912e-02;8.341340e-02;2.615871e-02;1.436840e-02;1.004332e-02
1.310053e-02;3.003483e-02;6.841648e-02;3.163989e-02;7.594641e-02;1.203048e-01;4.478475e-01;7.771707e-02;5.804274e-02;4.849020e-02;1.414222e-02;1.431734e-02
1.802599e-02;3.925162e-02;1.900646e-01;5.454244e-02;1.086439e-01;1.278996e-01;1.912851e-01;1.007338e-01;5.766494e-02;6.931926e-02;2.126769e-02;2.130092e-02
2.088541e-02;3.021347e-02;1.672644e-01;3.737392e-02;5.068346e-02;7.764693e-02;4.557227e-01;5.977197e-02;4.399437e-02;2.880817e-02;1.779364e-02;9.841655e-03
2.198520e-02;2.330849e-02;8.353662e-02;3.096388e-02;2.862696e-02;5.811938e-02;6.057290e-01;5.133968e-02;5.012436e-02;3.083484e-02;8.521127e-03;6.910417e-03
3.035172e-02;2.807460e-02;6.424262e-02;2.673293e-02;2.397317e-02;6.175953e-02;6.019931e-01;6.090805e-02;4.566297e-02;4.255498e-02;7.347815e-03;6.398435e-03
3.390764e-02;2.471588e-02;8.864153e-02;2.457138e-02;4.892123e-02;7.619150e-02;5.318791e-01;7.318812e-02;2.948035e-02;4.281036e-02;1.083499e-02;1.485797e-02
5.425624e-02;2.388279e-02;8.507279e-02;3.201216e-02;6.394740e-02;6.620525e-02;4.263764e-01;9.053505e-02;5.904705e-02;5.625549e-02;1.574995e-02;2.665941e-02
3.479582e-02;3.724305e-02;1.094444e-01;6.068739e-02;6.966931e-02;5.306123e-02;3.550282e-01;1.180476e-01;5.579631e-02;6.411019e-02;1.503963e-02;2.707684e-02
2.679856e-02;3.364387e-02;1.636152e-01;8.729760e-02;7.895234e-02;6.488725e-02;2.662068e-01;1.210605e-01;3.693179e-02;8.892269e-02;1.981860e-02;1.186487e-02
4.985381e-02;5.552435e-02;1.062337e-01;5.071404e-02;8.906713e-02;6.681821e-02;2.902541e-01;9.745134e-02;7.915483e-02;7.261445e-02;2.563837e-02;1.667568e-02
4.310255e-02;6.782683e-02;5.881145e-02;2.285152e-02;8.682381e-02;6.921392e-02;3.682336e-01;8.493280e-02;1.149270e-01;4.892302e-02;2.336884e-02;1.098469e-02
3.223620e-02;7.013138e-02;4.946065e-02;2.604594e-02;7.919137e-02;6.992637e-02;4.150245e-01;7.865182e-02;1.284602e-01;2.763516e-02;1.757581e-02;5.660589e-03
3.088911e-02;6.586216e-02;1.079064e-01;5.646414e-02;9.869105e-02;5.742279e-02;3.289155e-01;6.791478e-02;1.182830e-01;3.062082e-02;2.252415e-02;1.450610e-02
3.061911e-02;6.188419e-02;8.354232e-02;7.694905e-02;1.151281e-01;8.279835e-02;3.020351e-01;6.794336e-02;1.055646e-01;3.573108e-02;2.136538e-02;1.643940e-02
2.153226e-02;7.380560e-02;3.626422e-02;4.676392e-02;1.092183e-01;7.565592e-02;3.879757e-01;9.515848e-02;9.966575e-02;2.488095e-02;2.084709e-02;8.231784e-03
1.490156e-02;7.769372e-02;2.360342e-02;1.953981e-02;1.288839e-01;6.628284e-02;4.310857e-01;1.080314e-01;7.512403e-02;2.632727e-02;2.447456e-02;4.051825e-03
7.330268e-03;7.720638e-02;1.594502e-02;1.009089e-02;1.057964e-01;6.065860e-02;4.761666e-01;9.406863e-02;1.045099e-01;2.599293e-02;2.072761e-02;1.506768e-03
4.823678e-03;7.289207e-02;6.728101e-03;6.203084e-03;6.103289e-02;5.291378e-02;5.366835e-01;7.143614e-02;1.492495e-01;1.997467e-02;1.721963e-02;8.429550e-04
4.326234e-03;6.683595e-02;5.813239e-03;4.291747e-03;5.999336e-02;5.621484e-02;5.673881e-01;6.118041e-02;1.416288e-01;1.532142e-02;1.618128e-02;8.246005e-04
4.828264e-03;6.226976e-02;7.160534e-03;4.245334e-03;8.186014e-02;5.888625e-02;5.860843e-01;5.683687e-02;1.121882e-01;8.951520e-03;1.434830e-02;2.340542e-03
5.039574e-03;5.955809e-02;1.797776e-02;4.824025e-03;8.242796e-02;5.414328e-02;5.899971e-01;8.893716e-02;6.481288e-02;1.780289e-02;1.201427e-02;2.465087e-03
2.735144e-03;3.904890e-02;4.206080e-02;4.061565e-03;3.729751e-02;3.243034e-02;4.882394e-01;2.113564e-01;4.743862e-02;8.328670e-02;7.886877e-03;4.157825e-03
4.415250e-03;2.156934e-02;6.267893e-02;3.921229e-03;2.439136e-02;3.128611e-02;2.988534e-01;3.333592e-01;3.750325e-02;1.649501e-01;8.975673e-03;8.096242e-03
6.493967e-03;1.564922e-02;4.917584e-02;6.230137e-03;3.172342e-02;4.715006e-02;3.439365e-01;2.865334e-01;5.358645e-02;1.415269e-01;8.310580e-03;9.683510e-03
8.137957e-03;1.715336e-02;3.297640e-02;1.693881e-02;4.125711e-02;5.409694e-02;4.588887e-01;1.341540e-01;1.416459e-01;7.994559e-02;6.595029e-03;8.210196e-03
9.269226e-03;1.517901e-02;2.152635e-02;3.414968e-02;3.278723e-02;2.315019e-02;3.872480e-01;1.218545e-01;2.898522e-01;5.411667e-02;6.795470e-03;4.071597e-03
1.899553e-02;2.197441e-02;1.402337e-02;4.814848e-02;2.544469e-02;1.282074e-02;2.933313e-01;9.906036e-02;3.804786e-01;6.727797e-02;1.245119e-02;5.993388e-03
2.233089e-02;3.024928e-02;2.105575e-02;4.886039e-02;3.827173e-02;1.588176e-02;2.312178e-01;7.334290e-02;3.733346e-01;1.175234e-01;2.168743e-02;6.244192e-03
1.259508e-02;2.981765e-02;2.076029e-02;3.553797e-02;7.253834e-02;1.936339e-02;2.314803e-01;6.254020e-02;2.918660e-01;1.825359e-01;3.397335e-02;6.991538e-03
1.102820e-02;2.629939e-02;1.934594e-02;1.841851e-02;9.134766e-02;2.196473e-02;2.379008e-01;7.258548e-02;1.613291e-01;2.703402e-01;5.670938e-02;1.273060e-02
1.207220e-02;2.159856e-02;2.343159e-02;1.259970e-02;6.947583e-02;1.500999e-02;2.509793e-01;8.170199e-02;8.172984e-02;3.418831e-01;8.051994e-02;8.998054e-03
1.151929e-02;1.975265e-02;2.090083e-02;1.182215e-02;5.165230e-02;1.074294e-02;2.442578e-01;1.116887e-01;1.408261e-01;2.776046e-01;8.675814e-02;1.247458e-02
8.956645e-03;3.379197e-02;1.836243e-02;1.443672e-02;4.410044e-02;1.610831e-02;2.577645e-01;1.289145e-01;1.220050e-01;2.339150e-01;1.116667e-01;9.977869e-03
1.531430e-02;4.249904e-02;2.114848e-02;1.001338e-02;3.411335e-02;2.095332e-02;2.797772e-01;1.155424e-01;8.560940e-02;2.172261e-01;1.417613e-01;1.604163e-02
2.696911e-02;4.530013e-02;2.328916e-02;1.676588e-02;2.265266e-02;2.676402e-02;2.854913e-01;1.055690e-01;7.337894e-02;1.873121e-01;1.634611e-01;2.304660e-02
1.622296e-02;3.861433e-02;1.924424e-02;1.734344e-02;2.084629e-02;3.215628e-02;2.864918e-01;8.630832e-02;9.296077e-02;2.141680e-01;1.603654e-01;1.527815e-02
2.099571e-02;2.127511e-02;2.292148e-02;2.445703e-02;4.461546e-02;2.575374e-02;2.621901e-01;7.201294e-02;1.363666e-01;2.417118e-01;1.046647e-01;2.303533e-02
2.437872e-02;2.289349e-02;3.261104e-02;2.299446e-02;5.846940e-02;2.258370e-02;2.940629e-01;9.858944e-02;1.419629e-01;2.044600e-01;5.401183e-02;2.298218e-02
4.002358e-02;3.732338e-02;4.170873e-02;2.136168e-02;6.613585e-02;2.615530e-02;3.269478e-01;9.420351e-02;9.935024e-02;1.691571e-01;5.152294e-02;2.610996e-02
1.665719e-02;4.340244e-02;7.248991e-02;2.981935e-02;3.463442e-02;3.753437e-02;3.243727e-01;8.378229e-02;8.512432e-02;1.731353e-01;7.186756e-02;2.718017e-02
2.486689e-02;4.025514e-02;5.306441e-02;3.025196e-02;4.189712e-02;3.898720e-02;3.057290e-01;9.156591e-02;1.363989e-01;1.613734e-01;6.430589e-02;1.130424e-02
2.708671e-02;3.865135e-02;6.779303e-02;2.513338e-02;5.537936e-02;3.005005e-02;2.967242e-01;8.707242e-02;1.528081e-01;1.405876e-01;6.509151e-02;1.362223e-02
2.359906e-02;3.446367e-02;7.468306e-02;2.564185e-02;6.318578e-02;4.208664e-02;3.168137e-01;8.802442e-02;1.554775e-01;1.090704e-01;5.272129e-02;1.423264e-02
2.316739e-02;2.261564e-02;6.275241e-02;6.479275e-02;7.170159e-02;4.857483e-02;3.126839e-01;1.227897e-01;1.211343e-01;9.183212e-02;3.476851e-02;2.318688e-02
3.854150e-02;2.716687e-02;1.026838e-01;9.356163e-02;6.342141e-02;4.226340e-02;2.568990e-01;1.469160e-01;6.272787e-02;1.123410e-01;2.726482e-02;2.621272e-02
3.748576e-02;3.470497e-02;7.956602e-02;8.712153e-02;7.121063e-02;4.577796e-02;2.186611e-01;1.308955e-01;9.999012e-02;1.367189e-01;3.775960e-02;2.010792e-02
3.360362e-02;3.188425e-02;8.067983e-02;9.631376e-02;6.947280e-02;5.800220e-02;2.277447e-01;6.964459e-02;1.291901e-01;1.312782e-01;4.791884e-02;2.426711e-02
2.784797e-02;2.554039e-02;1.699578e-01;9.662925e-02;9.614339e-02;7.302808e-02;2.336611e-01;4.853503e-02;8.702929e-02;8.488914e-02;3.943563e-02;1.730291e-02
2.558822e-02;2.383671e-02;3.439926e-01;9.634469e-02;1.115577e-01;6.657907e-02;1.816513e-01;2.899047e-02;4.179379e-02;4.911701e-02;2.180927e-02;8.739165e-03
3.073263e-02;2.216647e-02;5.281139e-01;8.981132e-02;9.108847e-02;2.720728e-02;9.725335e-02;1.648029e-02;2.848004e-02;5.002679e-02;1.147075e-02;7.168653e-03
2.711162e-02;1.406641e-02;6.038752e-01;6.955771e-02;6.795067e-02;1.863879e-02;5.959524e-02;2.178844e-02;3.868917e-02;5.387801e-02;1.529120e-02;9.557558e-03
2.305672e-02;2.064797e-02;5.671385e-01;7.910614e-02;7.174513e-02;3.572090e-02;1.954933e-02;3.866645e-02;5.878427e-02;4.564987e-02;2.519283e-02;1.474191e-02
2.183103e-02;1.808644e-02;3.076008e-01;9.236511e-02;1.269649e-01;8.005290e-02;1.346565e-01;4.218377e-02;4.616415e-02;4.476074e-02;4.922060e-02;3.611305e-02
2.264656e-02;1.148827e-02;8.743490e-02;5.525501e-02;1.375224e-01;1.291957e-01;3.088363e-01;6.208139e-02;6.127326e-02;5.317408e-02;3.110904e-02;3.998310e-02
1.540941e-02;2.312606e-02;3.900782e-02;2.466322e-02;7.537685e-02;1.164469e-01;4.841318e-01;6.715506e-02;8.043974e-02;4.244906e-02;1.125536e-02;2.053865e-02
6.959340e-03;3.263182e-02;3.629003e-02;1.121156e-02;2.875431e-02;6.358971e-02;6.433588e-01;5.805476e-02;8.313917e-02;2.191472e-02;7.800642e-03;6.295083e-03
8.283985e-03;3.496704e-02;2.629970e-02;3.951702e-03;2.115582e-02;3.590998e-02;7.404055e-01;6.641815e-02;4.550344e-02;8.112510e-03;6.243633e-03;2.748505e-03
8.843105e-03;3.172620e-02;2.581758e-02;2.769059e-03;1.423786e-02;3.156324e-02;7.711049e-01;7.637390e-02;2.045156e-02;8.571334e-03;6.357488e-03;2.183749e-03
6.499547e-03;3.224374e-02;2.821067e-02;3.604740e-03;2.691017e-02;3.546842e-02;7.502818e-01;6.723675e-02;2.820009e-02;6.636813e-03;1.051123e-02;4.196065e-03
8.918284e-03;4.572982e-02;2.483848e-02;3.543691e-03;2.525838e-02;3.666943e-02;7.405521e-01;5.413625e-02;3.667033e-02;7.060812e-03;1.323299e-02;3.389466e-03
6.986884e-03;5.281577e-02;1.456652e-02;4.355516e-03;3.219621e-02;3.927027e-02;7.566540e-01;4.462077e-02;2.370729e-02;7.380954e-03;1.445795e-02;2.987879e-03
4.951144e-03;4.903384e-02;1.149441e-02;4.702229e-03;3.079649e-02;3.877354e-02;7.744442e-01;3.445144e-02;3.035311e-02;4.694372e-03;1.415240e-02;2.152917e-03
4.116761e-03;4.368060e-02;9.166567e-03;3.191228e-03;2.794560e-02;3.619488e-02;7.838353e-01;2.710818e-02;4.084527e-02;7.072010e-03;1.299743e-02;3.846178e-03
5.869974e-03;3.742083e-02;8.280945e-03;3.086165e-03;3.084698e-02;5.110257e-02;7.702750e-01;2.329913e-02;5.204267e-02;5.115144e-03;8.738364e-03;3.922228e-03
1.342604e-02;3.037585e-02;7.849349e-03;8.851258e-03;4.408495e-02;8.169383e-02;7.296018e-01;2.389775e-02;4.355371e-02;5.335568e-03;7.118911e-03;4.210935e-03
1.587641e-02;2.471295e-02;3.267929e-02;1.882308e-02;8.069660e-02;1.198375e-01;6.381643e-01;2.244256e-02;2.384946e-02;7.318284e-03;1.019265e-02;5.406879e-03
1.508372e-02;2.196893e-02;9.935420e-02;2.412937e-02;9.006980e-02;1.087440e-01;5.692402e-01;2.218392e-02;1.244249e-02;8.207624e-03;1.655106e-02;1.202467e-02
1.612942e-02;2.078625e-02;1.273202e-01;2.495376e-02;4.048344e-02;6.247355e-02;6.039182e-01;3.341805e-02;1.975320e-02;1.475634e-02;2.096696e-02;1.504062e-02
2.231798e-02;2.006635e-02;7.529259e-02;1.996596e-02;3.343907e-02;4.913269e-02;6.596524e-01;4.245342e-02;3.033939e-02;2.054752e-02;1.700144e-02;9.791245e-03
2.326632e-02;2.516300e-02;2.123975e-02;1.198183e-02;2.782628e-02;6.775293e-02;7.111070e-01;3.531164e-02;2.881246e-02;2.740340e-02;1.355202e-02;6.583278e-03
2.480322e-02;2.179315e-02;5.854653e-02;2.043656e-02;6.275866e-02;8.261948e-02;5.843094e-01;3.923150e-02;3.137974e-02;5.520314e-02;1.615159e-02;2.767030e-03
2.071989e-02;2.404483e-02;7.254014e-02;3.499724e-02;9.323318e-02;9.626295e-02;4.319297e-01;4.794033e-02;3.835288e-02;1.116364e-01;2.267438e-02;5.668084e-03
2.434280e-02;3.785007e-02;4.736283e-02;3.391322e-02;1.162341e-01;1.035784e-01;3.476986e-01;6.752972e-02;4.805797e-02;1.452200e-01;2.184290e-02;6.369511e-03
3.317563e-02;3.926910e-02;4.095204e-02;3.346474e-02;1.352681e-01;8.810154e-02;3.166744e-01;8.865994e-02;7.145558e-02;1.337356e-01;1.484320e-02;4.400154e-03
3.291708e-02;2.908775e-02;6.552222e-02;4.040691e-02;1.021497e-01;7.533851e-02;3.071790e-01;7.915761e-02;1.053479e-01;1.421785e-01;1.403641e-02;6.678496e-03
5.024471e-02;3.360987e-02;1.109349e-01;4.385156e-02;9.114520e-02;8.353212e-02;2.503712e-01;6.467083e-02;8.802918e-02;1.467327e-01;1.716852e-02;1.970923e-02
5.528848e-02;4.488072e-02;1.743402e-01;6.625999e-02;1.276287e-01;9.266450e-02;1.670656e-01;5.202563e-02;3.613347e-02;1.111116e-01;3.920022e-02;3.340083e-02
3.280929e-02;4.910281e-02;1.687110e-01;8.495168e-02;1.498807e-01;7.593452e-02;1.979477e-01;3.443512e-02;2.581321e-02;1.105910e-01;4.151853e-02;2.830452e-02
1.882300e-02;5.366810e-02;1.772205e-01;1.263082e-01;1.659849e-01;6.037832e-02;1.433983e-01;2.764731e-02;1.864440e-02;1.311028e-01;4.640954e-02;3.041465e-02
1.240617e-02;4.321854e-02;2.861215e-01;1.922539e-01;1.479890e-01;3.087961e-02;7.212672e-02;2.514743e-02;1.476295e-02;9.381045e-02;4.818599e-02;3.309768e-02
2.055182e-02;3.532759e-02;3.827077e-01;1.765092e-01;1.152874e-01;3.884843e-02;8.164509e-02;1.926417e-02;1.752997e-02;4.368959e-02;4.773108e-02;2.090795e-02
3.984683e-02;5.515957e-02;3.980341e-01;1.327200e-01;9.821461e-02;2.675538e-02;1.180677e-01;1.959715e-02;1.804692e-02;4.436646e-02;3.806777e-02;1.112354e-02
5.433441e-02;6.648779e-02;2.170693e-01;8.303408e-02;1.173170e-01;5.960263e-02;2.205157e-01;3.694895e-02;2.603573e-02;6.065284e-02;3.707343e-02;2.092817e-02
2.543908e-02;5.365644e-02;2.665409e-01;3.975300e-02;1.213497e-01;6.847996e-02;2.244111e-01;4.071344e-02;2.401641e-02;6.903344e-02;4.615649e-02;2.045004e-02
2.726088e-02;5.070314e-02;2.521702e-01;9.531235e-02;1.039579e-01;6.232351e-02;1.808030e-01;4.654422e-02;2.728331e-02;8.247551e-02;5.140172e-02;1.976423e-02
4.606097e-02;4.093576e-02;1.791505e-01;1.290728e-01;1.294911e-01;8.054328e-02;1.526508e-01;5.220092e-02;4.930738e-02;6.325554e-02;5.152534e-02;2.580550e-02
5.401328e-02;5.477019e-02;2.807130e-01;1.154255e-01;1.333732e-01;6.483411e-02;8.846787e-02;5.660899e-02;3.841179e-02;4.838887e-02;4.610984e-02;1.888331e-02
4.757252e-02;3.367740e-02;2.921406e-01;1.237801e-01;1.035277e-01;7.292333e-02;9.756606e-02;6.207882e-02;4.077592e-02;6.545449e-02;3.411353e-02;2.638958e-02
4.329512e-02;2.344117e-02;2.602409e-01;1.375290e-01;9.490564e-02;9.597884e-02;8.492947e-02;4.979162e-02;6.030761e-02;7.358830e-02;4.377792e-02;3.221432e-02
3.585466e-02;3.751347e-02;1.659641e-01;1.274526e-01;1.066489e-01;1.061645e-01;1.238406e-01;8.340888e-02;6.869347e-02;8.376183e-02;4.285299e-02;1.784397e-02
4.431545e-02;3.491364e-02;1.775380e-01;1.126685e-01;1.038655e-01;7.238963e-02;1.516592e-01;1.018319e-01;5.037490e-02;9.220069e-02;3.505731e-02;2.318534e-02
4.015826e-02;4.595205e-02;1.825273e-01;1.112346e-01;1.247659e-01;6.385724e-02;1.579576e-01;6.715029e-02;4.348364e-02;9.752091e-02;3.087436e-02;3.451784e-02
3.269044e-02;4.008950e-02;1.547036e-01;1.012945e-01;1.301737e-01;6.995390e-02;1.987002e-01;6.738954e-02;4.200388e-02;9.482258e-02;4.025342e-02;2.792481e-02
3.775810e-02;2.492044e-02;2.014280e-01;9.829444e-02;1.168533e-01;4.344579e-02;1.718804e-01;7.100064e-02;6.540974e-02;9.440758e-02;4.387720e-02;3.072439e-02
5.610656e-02;4.625195e-02;1.608120e-01;8.728934e-02;1.253382e-01;6.223731e-02;1.396125e-01;8.112919e-02;6.221263e-02;8.166870e-02;4.561568e-02;5.172589e-02
6.588786e-02;7.506496e-02;1.268139e-01;8.579052e-02;1.275863e-01;8.243806e-02;1.497504e-01;9.020717e-02;3.957629e-02;8.177529e-02;3.776186e-02;3.734744e-02
3.272615e-02;5.085531e-02;1.141215e-01;5.754051e-02;4.818022e-02;5.130440e-02;2.506271e-01;1.234570e-01;1.432984e-01;6.999402e-02;2.733687e-02;3.055848e-02
1.815136e-02;7.197743e-02;1.295851e-01;3.174732e-02;3.161116e-02;3.206246e-02;2.752849e-01;1.565598e-01;1.519683e-01;5.723246e-02;1.786539e-02;2.595431e-02
1.077912e-02;1.178000e-01;1.047344e-01;2.183009e-02;3.551658e-02;1.714927e-02;3.168052e-01;1.581325e-01;1.428745e-01;3.995601e-02;1.594440e-02;1.847786e-02
1.588362e-02;2.092111e-01;4.869662e-02;1.135334e-02;3.538598e-02;1.665454e-02;3.818190e-01;1.154952e-01;1.149429e-01;2.135034e-02;1.839702e-02;1.081029e-02
3.790972e-02;2.995805e-01;2.206941e-02;1.448072e-02;2.912700e-02;3.346453e-02;3.943623e-01;4.171774e-02;8.852199e-02;1.492863e-02;1.795617e-02;5.881266e-03
9.792920e-02;3.005123e-01;1.970170e-02;4.061707e-02;2.056385e-02;5.848561e-02;3.065865e-01;4.116040e-02;6.597313e-02;2.245402e-02;1.599954e-02;1.001667e-02
1.188032e-01;2.953380e-01;2.104484e-02;6.146701e-02;3.064446e-02;5.837726e-02;2.406594e-01;5.970682e-02;5.747490e-02;2.384513e-02;2.130553e-02;1.133356e-02
5.691468e-02;3.081675e-01;2.873435e-02;4.022384e-02;5.866528e-02;3.650571e-02;3.108644e-01;5.540194e-02;5.769173e-02;1.358282e-02;2.594269e-02;7.305083e-03
2.451118e-02;2.507867e-01;9.409689e-02;2.596671e-02;7.105554e-02;2.163682e-02;3.269741e-01;9.695552e-02;3.064952e-02;2.740974e-02;2.383212e-02;6.125126e-03
6.616170e-03;1.217048e-01;1.886362e-01;1.603200e-02;4.448306e-02;2.870010e-02;2.706788e-01;2.001742e-01;3.902367e-02;4.054675e-02;1.769138e-02;2.571283e-02
1.344083e-02;3.806095e-02;1.938951e-01;4.263845e-02;1.686323e-02;4.799122e-02;1.626363e-01;2.709884e-01;1.111690e-01;4.618183e-02;9.119911e-03;4.701475e-02
1.982848e-02;3.927983e-02;9.563584e-02;1.137223e-01;6.806075e-03;4.568081e-02;1.115427e-01;2.259427e-01;2.490183e-01;4.542721e-02;1.001184e-02;3.710386e-02
2.805145e-02;5.384098e-02;5.393821e-02;1.272261e-01;1.237412e-02;2.274121e-02;2.186610e-01;1.405743e-01;2.667564e-01;5.102542e-02;1.403574e-02;1.077504e-02
3.850682e-02;8.003948e-02;3.674806e-02;9.230537e-02;2.478383e-02;2.002648e-02;2.672570e-01;1.705451e-01;1.818933e-01;5.384649e-02;1.875483e-02;1.529335e-02
4.483659e-02;1.115111e-01;4.805964e-02;5.120245e-02;3.652865e-02;3.274881e-02;2.605672e-01;1.931989e-01;1.439816e-01;3.407755e-02;2.572462e-02;1.756286e-02
4.233923e-02;1.148035e-01;5.663197e-02;3.866554e-02;3.559284e-02;3.815485e-02;2.316754e-01;2.213585e-01;1.305961e-01;3.826937e-02;3.373394e-02;1.817868e-02
2.452652e-02;1.236719e-01;6.922405e-02;3.230712e-02;3.113479e-02;2.740583e-02;1.836745e-01;2.240018e-01;1.632826e-01;4.360602e-02;3.436000e-02;4.280473e-02
4.636808e-02;1.134294e-01;9.264889e-02;3.880584e-02;3.474477e-02;2.980896e-02;1.950992e-01;1.495372e-01;2.025253e-01;4.039114e-02;2.254823e-02;3.409299e-02
8.243518e-02;8.910201e-02;1.030903e-01;4.077657e-02;3.511904e-02;3.592744e-02;1.983446e-01;1.803363e-01;1.603990e-01;3.349759e-02;2.741903e-02;1.355296e-02
9.165686e-02;1.397937e-01;9.854527e-02;3.272518e-02;4.449086e-02;3.786358e-02;1.685207e-01;1.795168e-01;1.245565e-01;3.445346e-02;3.115741e-02;1.671965e-02
7.778773e-02;1.066392e-01;7.988233e-02;4.432150e-02;5.590007e-02;3.322876e-02;2.064397e-01;1.813552e-01;1.295038e-01;4.462178e-02;1.893761e-02;2.138218e-02
6.351145e-02;3.536991e-02;6.896567e-02;5.198245e-02;3.962153e-02;4.746209e-02;3.143544e-01;2.419987e-01;6.657638e-02;3.862777e-02;1.011597e-02;2.141368e-02
4.838846e-02;5.420414e-02;4.892866e-02;6.264238e-02;2.747933e-02;4.190801e-02;2.856546e-01;2.184772e-01;1.204734e-01;5.029081e-02;1.439165e-02;2.716139e-02
4.147879e-02;1.250265e-01;3.807311e-02;6.908473e-02;3.660733e-02;3.993698e-02;2.138981e-01;1.749440e-01;1.679267e-01;3.848845e-02;2.102105e-02;3.351424e-02
4.353686e-02;1.604035e-01;5.909880e-02;4.430581e-02;9.191894e-02;5.107924e-02;1.440235e-01;1.369254e-01;1.574696e-01;5.433080e-02;2.100229e-02;3.590519e-02
4.721267e-02;1.712442e-01;6.434520e-02;6.132179e-02;1.425906e-01;7.593426e-02;7.300343e-02;1.230701e-01;1.231163e-01;6.620830e-02;2.148119e-02;3.047196e-02
4.999581e-02;1.730679e-01;8.643809e-02;9.230541e-02;9.925745e-02;6.303045e-02;1.238919e-01;1.007591e-01;1.058490e-01;5.953670e-02;2.313231e-02;2.273604e-02
6.263199e-02;1.166749e-01;6.882510e-02;6.049297e-02;4.284541e-02;5.288985e-02;2.627054e-01;1.013810e-01;9.746142e-02;7.305003e-02;3.602429e-02;2.501772e-02
6.128447e-02;1.005299e-01;8.918477e-02;2.840928e-02;3.207193e-02;4.226981e-02;3.786097e-01;8.489095e-02;6.352843e-02;6.854958e-02;3.206201e-02;1.860909e-02
4.124840e-02;8.030316e-02;7.149672e-02;1.613625e-02;2.572118e-02;3.804861e-02;5.341226e-01;6.603352e-02;3.708469e-02;4.473805e-02;2.614618e-02;1.892063e-02
1.710193e-02;5.441481e-02;3.145135e-02;1.279010e-02;3.250480e-02;4.841843e-02;6.752700e-01;4.809315e-02;2.391862e-02;2.142493e-02;1.947837e-02;1.513359e-02
1.040528e-02;4.512264e-02;8.725141e-03;8.382008e-03;3.530644e-02;6.856431e-02;7.297619e-01;3.173382e-02;2.755928e-02;1.128598e-02;1.315534e-02;9.997857e-03
2.305156e-02;2.773837e-02;1.109500e-02;2.043141e-02;5.365161e-02;9.870715e-02;6.609747e-01;3.169866e-02;2.906430e-02;2.850102e-02;1.050458e-02;4.581568e-03
5.533174e-02;2.574745e-02;2.573768e-02;3.505731e-02;7.667810e-02;1.623411e-01;4.334774e-01;3.943786e-02;5.397324e-02;6.643106e-02;1.527685e-02;1.051010e-02
7.850193e-02;2.860870e-02;3.265526e-02;3.020659e-02;7.554019e-02;2.099689e-01;3.205822e-01;4.411928e-02;6.693427e-02;8.384950e-02;1.391584e-02;1.511734e-02
8.850563e-02;2.258828e-02;5.294043e-02;2.299543e-02;5.945259e-02;2.228352e-01;2.675491e-01;3.908080e-02;9.481831e-02;9.627597e-02;1.399794e-02;1.896041e-02
8.307021e-02;2.086407e-02;8.649192e-02;1.633064e-02;7.734046e-02;2.062503e-01;1.775623e-01;3.507474e-02;1.680336e-01;1.039735e-01;9.522974e-03;1.548528e-02
6.589588e-02;1.799653e-02;1.031499e-01;2.000190e-02;1.088020e-01;1.653381e-01;1.210794e-01;2.926951e-02;2.364334e-01;9.979703e-02;8.945835e-03;2.329053e-02
6.144939e-02;1.604486e-02;1.072808e-01;4.621707e-02;1.290257e-01;1.307798e-01;1.117294e-01;2.325717e-02;2.417265e-01;9.052511e-02;1.155318e-02;3.041096e-02
5.707597e-02;1.767659e-02;1.505674e-01;6.839228e-02;1.054473e-01;1.101924e-01;1.044170e-01;3.092309e-02;2.191628e-01;8.580826e-02;1.816252e-02;3.217434e-02
5.278231e-02;3.078752e-02;2.167957e-01;5.951608e-02;3.634684e-02;9.115981e-02;1.494413e-01;4.473816e-02;2.137247e-01;5.478669e-02;2.899340e-02;2.092749e-02
5.696351e-02;5.028658e-02;1.804214e-01;4.322175e-02;5.084876e-02;9.124637e-02;1.333468e-01;6.070289e-02;2.435861e-01;4.315658e-02;2.220148e-02;2.401792e-02
4.261224e-02;5.438384e-02;1.674130e-01;3.108891e-02;6.164208e-02;1.129266e-01;9.354997e-02;7.876766e-02;2.497041e-01;5.234821e-02;2.034238e-02;3.522097e-02
2.746587e-02;4.893764e-02;2.759475e-01;5.784668e-02;5.074085e-02;1.132119e-01;9.364564e-02;5.488171e-02;1.783757e-01;5.198302e-02;1.977602e-02;2.718759e-02
3.737790e-02;5.305532e-02;2.710050e-01;9.608000e-02;6.672280e-02;9.991284e-02;1.100041e-01;3.618496e-02;1.152154e-01;6.546304e-02;3.104473e-02;1.793393e-02
2.920249e-02;5.540182e-02;1.890274e-01;1.183593e-01;1.479500e-01;8.940164e-02;9.177355e-02;5.358131e-02;7.690001e-02;7.349535e-02;4.324500e-02;3.166208e-02
2.781589e-02;4.324638e-02;1.157319e-01;1.426725e-01;2.407192e-01;8.475212e-02;7.122110e-02;4.776219e-02;5.386075e-02;7.182439e-02;3.173429e-02;6.865932e-02
4.265818e-02;3.383062e-02;1.291553e-01;1.726961e-01;2.786441e-01;6.621548e-02;4.025518e-02;3.140570e-02;3.862559e-02;6.354947e-02;1.815642e-02;8.480779e-02
2.666904e-02;6.802601e-02;2.057642e-01;1.936412e-01;1.775837e-01;5.034531e-02;5.026893e-02;4.125653e-02;1.908455e-02;6.843711e-02;6.536279e-02;3.356065e-02
1.717407e-02;7.156806e-02;2.776933e-01;2.051090e-01;1.093243e-01;5.491839e-02;4.417669e-02;3.868634e-02;1.931370e-02;4.807149e-02;8.810770e-02;2.585695e-02
3.441950e-02;6.859539e-02;3.292008e-01;1.797339e-01;9.733146e-02;5.478230e-02;4.631274e-02;2.272322e-02;1.565318e-02;3.638667e-02;8.316357e-02;3.169733e-02
8.690599e-02;8.874498e-02;3.115864e-01;1.348428e-01;9.851723e-02;4.845139e-02;4.940630e-02;1.318344e-02;1.667360e-02;4.064761e-02;6.838202e-02;4.265825e-02
1.487818e-01;1.103406e-01;2.368371e-01;7.053787e-02;1.063923e-01;5.354582e-02;6.711515e-02;2.059525e-02;1.148362e-02;3.105088e-02;9.142889e-02;5.189065e-02
1.423972e-01;7.632309e-02;3.034204e-01;5.386506e-02;1.001560e-01;5.736609e-02;5.432115e-02;2.528208e-02;2.752930e-02;2.769934e-02;9.582855e-02;3.581175e-02
9.994023e-02;6.829504e-02;2.618910e-01;9.327301e-02;9.495229e-02;7.032021e-02;5.071709e-02;3.595353e-02;4.486024e-02;3.636894e-02;1.030333e-01;4.039506e-02
4.153759e-02;7.338218e-02;1.727581e-01;1.070865e-01;1.132765e-01;8.041749e-02;1.050149e-01;4.597932e-02;5.157197e-02;4.165085e-02;1.006567e-01;6.666791e-02
8.106489e-02;7.153756e-02;2.329556e-01;7.753415e-02;9.526805e-02;7.406814e-02;1.143013e-01;5.811803e-02;3.628933e-02;5.165710e-02;6.035638e-02;4.684941e-02
8.619279e-02;6.001796e-02;2.757620e-01;9.329037e-02;7.454650e-02;5.656776e-02;1.223209e-01;6.968971e-02;2.898499e-02;5.780239e-02;4.238261e-02;3.244203e-02
9.297504e-02;6.096336e-02;2.203417e-01;1.568999e-01;9.744168e-02;4.951290e-02;1.199610e-01;4.874836e-02;2.907151e-02;5.968443e-02;4.876142e-02;1.563868e-02
5.178325e-02;6.793430e-02;2.528747e-01;1.681444e-01;1.081086e-01;6.117405e-02;1.211915e-01;3.681614e-02;4.317638e-02;5.287556e-02;1.591289e-02;2.000826e-02
2.439569e-02;5.335470e-02;2.918409e-01;1.774405e-01;1.088172e-01;7.782890e-02;1.158309e-01;3.392291e-02;2.627733e-02;4.298085e-02;3.244015e-02;1.486992e-02
1.293967e-02;3.376859e-02;3.170287e-01;2.267632e-01;1.050665e-01;9.233594e-02;7.506043e-02;3.655909e-02;1.953323e-02;2.829469e-02;4.343558e-02;9.214387e-03
1.180127e-02;2.303464e-02;3.351400e-01;2.705745e-01;8.934565e-02;1.072686e-01;3.351184e-02;3.763236e-02;1.686258e-02;1.484475e-02;5.164846e-02;8.335389e-03
1.482270e-02;2.606331e-02;3.411480e-01;2.592646e-01;8.726238e-02;1.313025e-01;2.411105e-02;3.153253e-02;1.058428e-02;1.509877e-02;5.187383e-02;6.935951e-03
1.286317e-02;1.715552e-02;4.009855e-01;2.135588e-01;7.682399e-02;1.499584e-01;1.613733e-02;2.258492e-02;1.594050e-02;1.278541e-02;5.169672e-02;9.509743e-03
9.790726e-03;2.120839e-02;4.733657e-01;1.564422e-01;6.661764e-02;1.203229e-01;3.682469e-02;1.426347e-02;2.144357e-02;1.677825e-02;5.463728e-02;8.305158e-03
3.028676e-02;6.174108e-02;4.722611e-01;1.165133e-01;6.938265e-02;7.064931e-02;4.803303e-02;2.397175e-02;2.716550e-02;2.185468e-02;5.158232e-02;6.558443e-03
6.832313e-02;9.518101e-02;4.283784e-01;1.008936e-01;6.549582e-02;5.472047e-02;5.371540e-02;3.346469e-02;2.251984e-02;2.245433e-02;4.040382e-02;1.444948e-02
7.383347e-02;1.002967e-01;4.203456e-01;1.083327e-01;7.532674e-02;5.694272e-02;3.996777e-02;2.902327e-02;2.465785e-02;2.566521e-02;2.559444e-02;2.001351e-02
5.461452e-02;8.164616e-02;2.859370e-01;1.328887e-01;1.296038e-01;9.943815e-02;5.999549e-02;2.650176e-02;3.250061e-02;4.355670e-02;3.155230e-02;2.176487e-02
4.231296e-02;4.774256e-02;3.182818e-01;9.899807e-02;1.270586e-01;1.302668e-01;6.326494e-02;4.334166e-02;2.335960e-02;5.596289e-02;2.964276e-02;1.976733e-02
3.595675e-02;5.538861e-02;3.932166e-01;1.099634e-01;9.033126e-02;1.287861e-01;5.355661e-02;3.821813e-02;1.597545e-02;4.252020e-02;1.976817e-02;1.631877e-02
4.011866e-02;5.412257e-02;4.119657e-01;1.239862e-01;9.729632e-02;1.221526e-01;3.913227e-02;3.093510e-02;1.506991e-02;3.249311e-02;1.775055e-02;1.497701e-02
4.045116e-02;3.673228e-02;3.496128e-01;8.589268e-02;1.364905e-01;1.405536e-01;5.016369e-02;4.128608e-02;2.659124e-02;4.311775e-02;2.844328e-02;2.066490e-02
5.297178e-02;3.978911e-02;2.330564e-01;1.028650e-01;1.252515e-01;1.336222e-01;8.272909e-02;4.981558e-02;4.021227e-02;5.432142e-02;5.608791e-02;2.927766e-02
6.131333e-02;3.350869e-02;2.777915e-01;1.042034e-01;9.373677e-02;1.271600e-01;8.560328e-02;3.902930e-02;4.363596e-02;5.178706e-02;4.889948e-02;3.333123e-02
5.327915e-02;7.391490e-02;2.350239e-01;9.239884e-02;6.837737e-02;1.599804e-01;9.247476e-02;5.367875e-02;4.315683e-02;6.117270e-02;2.749367e-02;3.904884e-02
6.086368e-02;7.522085e-02;1.223131e-01;1.027631e-01;5.366577e-02;1.366704e-01;2.134670e-01;5.732650e-02;4.442324e-02;8.404850e-02;2.853975e-02;2.069805e-02
4.619604e-02;3.693085e-02;6.746790e-02;6.043386e-02;4.280683e-02;6.089494e-02;3.925837e-01;6.244702e-02;8.203439e-02;9.340771e-02;4.019811e-02;1.459869e-02
3.535921e-02;2.238037e-02;4.898255e-02;4.649693e-02;2.497616e-02;4.311559e-02;4.576891e-01;8.565288e-02;9.966009e-02;8.658779e-02;3.540580e-02;1.369349e-02
2.126334e-02;1.183087e-02;6.706765e-02;3.355183e-02;1.483641e-02;3.558814e-02;5.015685e-01;1.169629e-01;9.092987e-02;7.238504e-02;2.063564e-02;1.337981e-02
1.326844e-02;6.108102e-03;8.095522e-02;2.410048e-02;8.724254e-03;3.214148e-02;5.296521e-01;1.483179e-01;7.513081e-02;5.186725e-02;8.827019e-03;2.090689e-02
1.208726e-02;3.690052e-03;7.624909e-02;1.988010e-02;1.311137e-02;3.564615e-02;5.532416e-01;1.582382e-01;5.222175e-02;4.347057e-02;5.005153e-03;2.715877e-02
1.104441e-02;5.568474e-03;6.230001e-02;1.361627e-02;8.224715e-03;4.251030e-02;5.566549e-01;1.601868e-01;5.772699e-02;4.700413e-02;8.791797e-03;2.637124e-02
1.188374e-02;5.532639e-03;4.849971e-02;1.834618e-02;8.150223e-03;4.681057e-02;5.520437e-01;1.619467e-01;7.897677e-02;4.283200e-02;3.183163e-03;2.179463e-02
1.227258e-02;7.464399e-03;4.395510e-02;5.047671e-02;1.184879e-02;3.208686e-02;4.706092e-01;1.461131e-01;1.234021e-01;7.902361e-02;1.144919e-02;1.129840e-02
2.365026e-02;1.699533e-02;4.780673e-02;9.002078e-02;1.952175e-02;1.923369e-02;2.806304e-01;1.258081e-01;1.699772e-01;1.591253e-01;3.203202e-02;1.519837e-02
3.811604e-02;1.690991e-02;5.597138e-02;8.007626e-02;4.408457e-02;3.050628e-02;8.903357e-02;1.358509e-01;2.139044e-01;2.311610e-01;4.407500e-02;2.031067e-02
2.102042e-02;1.464030e-02;7.096923e-02;5.823956e-02;3.934869e-02;4.073283e-02;3.456557e-01;1.114708e-01;1.390366e-01;1.135446e-01;3.200218e-02;1.333910e-02
2.769382e-02;2.735722e-02;8.945322e-02;4.965242e-02;4.000330e-02;5.092002e-02;3.803681e-01;1.185084e-01;1.243158e-01;4.808125e-02;2.782511e-02;1.582144e-02
4.065330e-02;2.804375e-02;8.104575e-02;4.692136e-02;3.348597e-02;7.822834e-02;2.800315e-01;1.353977e-01;1.512279e-01;7.226231e-02;2.809358e-02;2.460852e-02
3.545777e-02;6.564215e-02;7.471107e-02;4.963768e-02;4.009578e-02;5.926150e-02;2.990345e-01;1.085590e-01;1.342658e-01;9.549363e-02;2.632127e-02;1.151987e-02
2.809957e-02;1.223226e-01;1.181742e-01;4.085981e-02;4.858893e-02;4.288267e-02;2.743681e-01;1.147726e-01;8.139040e-02;8.695465e-02;2.822891e-02;1.335752e-02
3.228362e-02;9.601734e-02;1.208986e-01;5.974969e-02;4.307532e-02;5.344536e-02;2.966084e-01;1.362273e-01;5.904854e-02;6.499549e-02;2.323246e-02;1.441793e-02
3.029398e-02;5.212506e-02;7.475969e-02;7.900071e-02;4.597105e-02;4.613461e-02;3.609382e-01;1.173639e-01;9.303707e-02;5.781715e-02;2.664600e-02;1.591263e-02
4.874916e-02;5.407102e-02;1.030948e-01;9.812946e-02;2.831364e-02;7.432577e-02;3.322185e-01;9.139792e-02;5.448896e-02;5.904381e-02;3.084749e-02;2.531948e-02
7.079659e-02;6.361101e-02;5.269616e-02;8.682035e-02;3.674902e-02;3.966092e-02;1.502668e-01;6.836642e-02;8.993098e-02;1.743888e-01;1.093586e-01;5.735435e-02
7.465167e-02;4.669443e-02;6.498888e-02;1.091861e-01;3.876190e-02;2.197747e-02;1.127287e-01;6.667811e-02;1.411202e-01;1.689980e-01;1.096455e-01;4.456899e-02
4.723638e-02;3.565042e-02;8.049440e-02;1.543454e-01;2.957010e-02;1.329791e-02;1.806963e-01;9.623891e-02;1.543937e-01;1.157764e-01;7.160287e-02;2.069723e-02
1.404336e-02;2.130660e-02;1.194039e-01;1.366856e-01;1.959148e-02;1.697544e-02;3.654433e-01;1.110593e-01;1.014299e-01;4.674824e-02;3.584483e-02;1.146811e-02
7.862966e-03;3.583349e-02;1.161400e-01;5.864432e-02;2.164012e-02;3.030411e-02;5.521276e-01;8.528505e-02;5.178949e-02;1.162452e-02;1.981422e-02;8.934075e-03
1.089693e-02;4.322792e-02;5.536236e-02;2.408369e-02;3.728726e-02;6.490363e-02;6.293995e-01;4.628276e-02;4.587467e-02;2.091957e-02;1.678297e-02;4.978749e-03
1.514786e-02;2.855358e-02;2.498015e-02;1.883800e-02;6.973565e-02;1.232193e-01;5.885782e-01;3.771525e-02;4.281114e-02;2.941054e-02;1.403171e-02;6.978568e-03
1.838309e-02;1.415645e-02;5.667081e-02;3.583988e-02;1.254428e-01;1.455119e-01;4.403073e-01;4.257057e-02;5.008330e-02;3.688367e-02;1.185201e-02;2.229827e-02
1.972028e-02;1.648026e-02;1.633232e-01;7.013267e-02;1.418194e-01;9.120452e-02;3.165036e-01;3.990108e-02;4.497975e-02;3.036692e-02;3.100030e-02;3.456806e-02
1.452870e-02;1.607352e-02;3.160264e-01;8.906399e-02;8.440751e-02;3.341378e-02;2.745066e-01;3.796800e-02;2.350051e-02;3.021960e-02;5.557872e-02;2.471274e-02
2.832118e-02;3.572284e-02;3.954202e-01;5.985328e-02;4.595767e-02;2.878092e-02;2.658454e-01;3.453642e-02;2.289267e-02;3.221517e-02;4.155241e-02;8.901850e-03
5.549593e-02;9.437807e-02;3.672777e-01;3.805745e-02;2.818779e-02;4.705082e-02;2.556295e-01;3.607448e-02;2.329649e-02;2.371711e-02;2.265259e-02;8.182110e-03
