3.504455e-02;5.657994e-02;8.043375e-02;3.866412e-02;4.731044e-02;5.584728e-02;1.298978e-01;6.244636e-02;1.505485e-01;2.005431e-01;1.187924e-01;2.389168e-02
3.945297e-02;4.160349e-02;8.116183e-02;3.103123e-02;6.374743e-02;3.155916e-02;9.851516e-02;9.592029e-02;6.387141e-02;2.226833e-01;2.045977e-01;2.585602e-02
4.502149e-02;3.940206e-02;7.063517e-02;3.039601e-02;6.030271e-02;4.476418e-02;7.785078e-02;8.753865e-02;7.835723e-02;2.300974e-01;2.005859e-01;3.504840e-02
4.165130e-02;5.103751e-02;7.585642e-02;2.659731e-02;5.778460e-02;3.852257e-02;4.307923e-02;5.362428e-02;1.394485e-01;3.210928e-01;1.207638e-01;3.054165e-02
6.738247e-02;4.914100e-02;9.309997e-02;3.742453e-02;5.020713e-02;4.739856e-02;6.863374e-02;5.862547e-02;1.654990e-01;2.279774e-01;8.836143e-02;4.624928e-02
9.076902e-02;6.580950e-02;9.952690e-02;4.945903e-02;4.414913e-02;4.946965e-02;8.880081e-02;6.038812e-02;1.623854e-01;9.612068e-02;1.202073e-01;7.291450e-02
8.891150e-02;6.172271e-02;6.468251e-02;6.563063e-02;6.118630e-02;5.483403e-02;8.980217e-02;5.186080e-02;9.876004e-02;9.982366e-02;1.340198e-01;1.287658e-01
6.193087e-02;5.109376e-02;5.872959e-02;5.165679e-02;6.998555e-02;4.766381e-02;8.733027e-02;5.092764e-02;5.085270e-02;1.585069e-01;1.777707e-01;1.335514e-01
5.891868e-02;5.000310e-02;8.729800e-02;5.560705e-02;6.279300e-02;3.396286e-02;6.263135e-02;3.447087e-02;7.768616e-02;1.311315e-01;2.050371e-01;1.404603e-01
7.243770e-02;4.414260e-02;1.191514e-01;7.276233e-02;7.813975e-02;3.976126e-02;4.006800e-02;2.582471e-02;8.429916e-02;1.324629e-01;1.585679e-01;1.323823e-01
9.666646e-02;5.056859e-02;1.164627e-01;9.152555e-02;6.659793e-02;4.871771e-02;6.004041e-02;5.311687e-02;6.938434e-02;1.673964e-01;1.206290e-01;5.889412e-02
8.452765e-02;4.256279e-02;8.678845e-02;1.086403e-01;6.540968e-02;4.936521e-02;7.334100e-02;7.183085e-02;9.497219e-02;1.203458e-01;1.486187e-01;5.359735e-02
8.198500e-02;6.542747e-02;7.987435e-02;9.324250e-02;6.500476e-02;3.594567e-02;7.422171e-02;5.900105e-02;9.205705e-02;9.630884e-02;1.733346e-01;8.359697e-02
8.523088e-02;7.940694e-02;1.234423e-01;6.777168e-02;5.076686e-02;6.675273e-02;7.196531e-02;7.411584e-02;4.966426e-02;8.924016e-02;1.541025e-01;8.754053e-02
7.337111e-02;7.209624e-02;1.162405e-01;6.986799e-02;5.945944e-02;8.536138e-02;9.339090e-02;8.176567e-02;1.063453e-01;5.111495e-02;1.154421e-01;7.554442e-02
9.273313e-02;7.388121e-02;9.649760e-02;8.475062e-02;8.575228e-02;6.882102e-02;6.869332e-02;5.772829e-02;9.891832e-02;5.513806e-02;9.500122e-02;1.220849e-01
8.486570e-02;8.575305e-02;1.186436e-01;1.088718e-01;8.204111e-02;6.434550e-02;4.671793e-02;8.119376e-02;6.057262e-02;7.757448e-02;5.818626e-02;1.312342e-01
8.553386e-02;1.249006e-01;9.647804e-02;1.074440e-01;8.379252e-02;7.876184e-02;5.873825e-02;9.785926e-02;5.618956e-02;7.410167e-02;3.951780e-02;9.668257e-02
7.397982e-02;1.031389e-01;9.833682e-02;8.565343e-02;7.967233e-02;8.539616e-02;9.795915e-02;7.044746e-02;4.336546e-02;6.980229e-02;9.356355e-02;9.868465e-02
6.224066e-02;5.459442e-02;1.449202e-01;8.526466e-02;8.147136e-02;8.690993e-02;8.828135e-02;3.908926e-02;3.581020e-02;6.583202e-02;1.178235e-01;1.377624e-01
7.962269e-02;5.365106e-02;1.355022e-01;9.716113e-02;7.369442e-02;8.415040e-02;7.511682e-02;4.397050e-02;5.901399e-02;5.538452e-02;1.070217e-01;1.357106e-01
8.449867e-02;5.411107e-02;1.085941e-01;3.455789e-02;9.675372e-02;1.032988e-01;7.809252e-02;6.230715e-02;9.192555e-02;7.568608e-02;8.639491e-02;1.237796e-01
8.864085e-02;6.863219e-02;1.003713e-01;6.542864e-02;1.015576e-01;9.708017e-02;5.731899e-02;8.454558e-02;1.000092e-01;9.921088e-02;7.950731e-02;5.769743e-02
1.181389e-01;7.668784e-02;1.104602e-01;8.653995e-02;8.610804e-02;8.275952e-02;5.155357e-02;8.080864e-02;1.098267e-01;9.771702e-02;6.546723e-02;3.393235e-02
1.092751e-01;7.661392e-02;1.388634e-01;9.888281e-02;9.169564e-02;7.486824e-02;7.659596e-02;5.157804e-02;1.231810e-01;7.368843e-02;5.296313e-02;3.179428e-02
1.157125e-01;6.132860e-02;1.583143e-01;1.018738e-01;1.062391e-01;7.294916e-02;8.816693e-02;3.714689e-02;9.784393e-02;6.769276e-02;5.048823e-02;4.224385e-02
1.276884e-01;5.538488e-02;1.711200e-01;1.029709e-01;9.720092e-02;4.603058e-02;9.127278e-02;6.707582e-02;6.845398e-02;8.022787e-02;4.147459e-02;5.109932e-02
8.109079e-02;9.551528e-02;1.503196e-01;6.048738e-02;8.282926e-02;4.067603e-02;1.077663e-01;8.456905e-02;9.224188e-02;7.182948e-02;7.442512e-02;5.824988e-02
8.988666e-02;6.446299e-02;1.581714e-01;4.630270e-02;1.165999e-01;3.386777e-02;1.392880e-01;5.931303e-02;8.854293e-02;5.595541e-02;7.229278e-02;7.531635e-02
1.090593e-01;4.926345e-02;1.437763e-01;6.820621e-02;1.013011e-01;4.860353e-02;1.278715e-01;6.971314e-02;8.409198e-02;7.672591e-02;5.532079e-02;6.606673e-02
1.084377e-01;7.422478e-02;1.289316e-01;4.976280e-02;1.027380e-01;9.143462e-02;8.940871e-02;9.447092e-02;7.563556e-02;1.031960e-01;2.741655e-02;5.434267e-02
9.095501e-02;7.933480e-02;6.310389e-02;6.345952e-02;1.462308e-01;1.004305e-01;9.511192e-02;7.236162e-02;7.072977e-02;9.598345e-02;3.879320e-02;8.350553e-02
8.911139e-02;6.326798e-02;2.572157e-02;9.509318e-02;1.760409e-01;6.721871e-02;1.041686e-01;4.923628e-02;9.131700e-02;6.726613e-02;8.017702e-02;9.138121e-02
1.155399e-01;4.163898e-02;3.049073e-02;1.170881e-01;1.717392e-01;8.345155e-02;8.249568e-02;4.897342e-02;1.005876e-01;5.082213e-02;9.866614e-02;5.850664e-02
1.062376e-01;5.114149e-02;2.989049e-02;7.821461e-02;1.310832e-01;1.425449e-01;1.252014e-01;6.058396e-02;9.476245e-02;4.077945e-02;9.700041e-02;4.256005e-02
1.163802e-01;4.301786e-02;4.750647e-02;5.666985e-02;6.460802e-02;1.361650e-01;1.717165e-01;7.144637e-02;9.232839e-02;5.915362e-02;9.966455e-02;4.134312e-02
9.642996e-02;5.899219e-02;7.899180e-02;7.175266e-02;7.218259e-02;3.359383e-02;1.775382e-01;9.527084e-02;9.268989e-02;1.072687e-01;6.230933e-02;5.298003e-02
6.713378e-02;4.712715e-02;5.854012e-02;5.076486e-02;5.965163e-02;6.384058e-02;1.487956e-01;1.489343e-01;1.130910e-01;1.157304e-01;7.037780e-02;5.601281e-02
7.327079e-02;4.743869e-02;1.210884e-01;7.720392e-02;5.466796e-02;8.397716e-02;1.405313e-01;1.255318e-01;7.818571e-02;1.084687e-01;5.759135e-02;3.204418e-02
6.078156e-02;3.315535e-02;2.016171e-01;9.400324e-02;6.410409e-02;6.743987e-02;1.516276e-01;6.467839e-02;6.584162e-02;1.057545e-01;5.704923e-02;3.394744e-02
5.088181e-02;3.912872e-02;2.627125e-01;9.066360e-02;5.031062e-02;4.205513e-02;1.754198e-01;3.548489e-02;5.367991e-02;1.210964e-01;4.475633e-02;3.381021e-02
3.670021e-02;6.828012e-02;2.951034e-01;6.229666e-02;2.888444e-02;6.769875e-02;1.678437e-01;3.175851e-02;3.491936e-02;1.318208e-01;2.910506e-02;4.558892e-02
2.042423e-02;1.145798e-01;2.464521e-01;1.862929e-02;2.135886e-02;1.742012e-01;1.021635e-01;3.383081e-02;7.999796e-02;1.010842e-01;1.986844e-02;6.740952e-02
3.398040e-02;8.304444e-02;3.273244e-01;5.102086e-02;1.652782e-02;1.182316e-01;5.545449e-02;2.371546e-02;8.026269e-02;1.265872e-01;4.600288e-02;3.784772e-02
5.855076e-02;3.049366e-02;3.312143e-01;9.910266e-02;3.711559e-02;5.462842e-02;9.022864e-02;2.820682e-02;4.261159e-02;1.192013e-01;7.676899e-02;3.187724e-02
8.156510e-02;6.734795e-02;2.606869e-01;1.049412e-01;5.522339e-02;3.593194e-02;1.140486e-01;4.108511e-02;3.573876e-02;6.396992e-02;6.855107e-02;7.090997e-02
9.387920e-02;1.107840e-01;2.073167e-01;5.428920e-02;4.401792e-02;5.214583e-02;1.251713e-01;5.721455e-02;4.817196e-02;3.941559e-02;5.236073e-02;1.152330e-01
9.234927e-02;9.086329e-02;1.746115e-01;5.071158e-02;8.482160e-02;6.575579e-02;9.601957e-02;5.886310e-02;5.359340e-02;3.720248e-02;4.699323e-02;1.482152e-01
9.836641e-02;6.446642e-02;1.918737e-01;5.285723e-02;1.012898e-01;7.036720e-02;1.054022e-01;5.399210e-02;5.379919e-02;3.295091e-02;3.544010e-02;1.391946e-01
1.259513e-01;5.914026e-02;2.531509e-01;3.822041e-02;9.380496e-02;5.551473e-02;8.973931e-02;4.434786e-02;4.461056e-02;3.729827e-02;4.355469e-02;1.146667e-01
1.082244e-01;8.058820e-02;1.901184e-01;5.343149e-02;1.055618e-01;5.647028e-02;8.677349e-02;6.097420e-02;5.549926e-02;8.327913e-02;6.266559e-02;5.641380e-02
1.029056e-01;1.398772e-01;1.007596e-01;3.452863e-02;1.297432e-01;6.588148e-02;7.464903e-02;3.587701e-02;5.827273e-02;9.386683e-02;7.924881e-02;8.438989e-02
9.952971e-02;1.224423e-01;6.882376e-02;2.138186e-02;1.018921e-01;4.050969e-02;9.104208e-02;1.025243e-01;7.110492e-02;8.849872e-02;9.101522e-02;1.012353e-01
8.027453e-02;7.210102e-02;1.039469e-01;4.107178e-02;9.061604e-02;6.835954e-02;1.034290e-01;1.322004e-01;9.302434e-02;1.008530e-01;5.589946e-02;5.822405e-02
8.122286e-02;6.818095e-02;1.283618e-01;5.212422e-02;9.407690e-02;8.562568e-02;9.082462e-02;1.127604e-01;9.128060e-02;1.064034e-01;4.794806e-02;4.119049e-02
8.130145e-02;7.430353e-02;1.176233e-01;7.891987e-02;1.120595e-01;8.757164e-02;4.472474e-02;9.871011e-02;8.697271e-02;1.191311e-01;7.542935e-02;2.325273e-02
9.248239e-02;8.150060e-02;9.728315e-02;7.978320e-02;8.458332e-02;5.797518e-02;3.093612e-02;9.325712e-02;8.277381e-02;1.279578e-01;1.088079e-01;6.265944e-02
7.726083e-02;7.713509e-02;9.317781e-02;8.090830e-02;8.092786e-02;7.294106e-02;6.025995e-02;6.715810e-02;1.001375e-01;1.435960e-01;8.606380e-02;6.043373e-02
6.790521e-02;5.668403e-02;8.965538e-02;7.118185e-02;8.265067e-02;6.935228e-02;8.458573e-02;5.862992e-02;1.266328e-01;1.655288e-01;6.637071e-02;6.082261e-02
5.674622e-02;6.670602e-02;1.006696e-01;8.919702e-02;8.506522e-02;7.097865e-02;9.026143e-02;5.465300e-02;1.244833e-01;1.206266e-01;6.439718e-02;7.621586e-02
5.115109e-02;7.400876e-02;1.765100e-01;1.052569e-01;9.834369e-02;6.611507e-02;9.164042e-02;6.098277e-02;5.510907e-02;8.414857e-02;5.295676e-02;8.377694e-02
3.180735e-02;3.896286e-02;2.481189e-01;1.164711e-01;8.897112e-02;4.105145e-02;8.310699e-02;4.146852e-02;3.438577e-02;1.001624e-01;9.475441e-02;8.073914e-02
2.792529e-02;2.571832e-02;2.245040e-01;1.577332e-01;8.943689e-02;3.157143e-02;5.148710e-02;3.869436e-02;2.250720e-02;6.507050e-02;1.569662e-01;1.083855e-01
2.725347e-02;8.890326e-03;1.497935e-01;1.908261e-01;1.250653e-01;3.309074e-02;3.378060e-02;4.579111e-02;1.760062e-02;2.480379e-02;1.161443e-01;2.269602e-01
5.654748e-02;1.174967e-02;8.432554e-02;1.586224e-01;1.739272e-01;3.782914e-02;2.255308e-02;3.303042e-02;2.429270e-02;1.039586e-02;4.040829e-02;3.463182e-01
6.400874e-02;1.120414e-02;3.635760e-02;1.201032e-01;2.374737e-01;5.150262e-02;2.755758e-02;1.548083e-02;2.502973e-02;4.967689e-03;2.284943e-02;3.834648e-01
3.342167e-02;1.130549e-02;3.315788e-02;1.402806e-01;3.139421e-01;5.945338e-02;2.372618e-02;1.243836e-02;2.413687e-02;6.794901e-03;2.678893e-02;3.145537e-01
1.522244e-02;8.750767e-03;5.577907e-02;1.941625e-01;3.775243e-01;5.365987e-02;1.402886e-02;1.583418e-02;1.634122e-02;1.044486e-02;5.229674e-02;1.859552e-01
5.200857e-03;1.628986e-02;4.288198e-02;2.447902e-01;4.258609e-01;4.043209e-02;1.439567e-02;2.804652e-02;1.163711e-02;1.241982e-02;6.856111e-02;8.948391e-02
2.803896e-03;2.236377e-02;4.350844e-02;2.995014e-01;4.019919e-01;2.597607e-02;1.060373e-02;5.182004e-02;9.237411e-03;1.420783e-02;7.226382e-02;4.572172e-02
4.861742e-03;3.118830e-02;6.223540e-02;3.793723e-01;2.759452e-01;1.392254e-02;9.282784e-03;9.287187e-02;9.867623e-03;1.084843e-02;8.361132e-02;2.599252e-02
3.241341e-03;2.618953e-02;8.650967e-02;4.162829e-01;1.433982e-01;1.832556e-02;1.121623e-02;1.556408e-01;6.617084e-03;4.915961e-03;1.000424e-01;2.762040e-02
4.127480e-03;3.541103e-02;1.420369e-01;3.231775e-01;1.025938e-01;2.436516e-02;8.614532e-03;1.927862e-01;1.986354e-02;1.058679e-02;1.008721e-01;3.556503e-02
8.364343e-03;6.392092e-02;2.027906e-01;2.422447e-01;7.856447e-02;2.647880e-02;1.505622e-02;1.869024e-01;4.089849e-02;1.244521e-02;7.553758e-02;4.679614e-02
2.938860e-02;7.878917e-02;2.507186e-01;1.766177e-01;9.687114e-02;3.152229e-02;3.450102e-02;1.291495e-01;4.095406e-02;1.331655e-02;6.342014e-02;5.475140e-02
6.512050e-02;8.396891e-02;2.830137e-01;9.754966e-02;9.963436e-02;3.784588e-02;5.463495e-02;7.525256e-02;3.945265e-02;3.665865e-02;8.206952e-02;4.479864e-02
9.477186e-02;8.310231e-02;2.289033e-01;7.472020e-02;8.942333e-02;4.707532e-02;8.111121e-02;9.440812e-02;5.611853e-02;5.495967e-02;6.399453e-02;3.141161e-02
8.581874e-02;7.837006e-02;1.303012e-01;1.407809e-01;8.161864e-02;5.709628e-02;9.108132e-02;1.373190e-01;6.278528e-02;5.253205e-02;5.145361e-02;3.084294e-02
7.882462e-02;6.633314e-02;1.258760e-01;1.596630e-01;5.469085e-02;5.386010e-02;4.859504e-02;1.409928e-01;7.832354e-02;1.043874e-01;3.778907e-02;5.066440e-02
4.370558e-02;7.289376e-02;1.301242e-01;7.809277e-02;4.790593e-02;7.951772e-02;6.353164e-02;1.444195e-01;1.189903e-01;1.326662e-01;3.978744e-02;4.836498e-02
6.935737e-02;6.600866e-02;1.060444e-01;6.102191e-02;5.921824e-02;9.520134e-02;1.380422e-01;1.171643e-01;9.936117e-02;1.006905e-01;4.641703e-02;4.147287e-02
5.855350e-02;6.427066e-02;1.019872e-01;7.234186e-02;7.529299e-02;8.163148e-02;1.573780e-01;9.617300e-02;1.181830e-01;8.789612e-02;3.917409e-02;4.711799e-02
3.915681e-02;5.872957e-02;1.283501e-01;8.140252e-02;8.799912e-02;7.365170e-02;1.452632e-01;7.333566e-02;1.309203e-01;7.367433e-02;5.739063e-02;5.012613e-02
3.195565e-02;4.433889e-02;2.271191e-01;9.848521e-02;1.025541e-01;7.934359e-02;1.050297e-01;3.313640e-02;1.076781e-01;7.065698e-02;6.471319e-02;3.498916e-02
4.251433e-02;4.797791e-02;2.850213e-01;1.540369e-01;1.026120e-01;8.046782e-02;5.845280e-02;4.233349e-02;7.156803e-02;4.409258e-02;4.790396e-02;2.301888e-02
4.078417e-02;5.614392e-02;2.680474e-01;1.196397e-01;8.887534e-02;6.325601e-02;9.179548e-02;6.607664e-02;6.713828e-02;5.528801e-02;6.496279e-02;1.799234e-02
4.936109e-02;5.176876e-02;2.567619e-01;5.099434e-02;9.004503e-02;4.684058e-02;1.380412e-01;6.880677e-02;5.637559e-02;8.016601e-02;7.802571e-02;3.281303e-02
5.802836e-02;5.030382e-02;2.681760e-01;5.420673e-02;8.643245e-02;3.267997e-02;1.274576e-01;6.569634e-02;4.050294e-02;8.746132e-02;7.979933e-02;4.925518e-02
7.914215e-02;5.732711e-02;2.543823e-01;7.212719e-02;6.818687e-02;4.072154e-02;1.049707e-01;6.301583e-02;5.766718e-02;9.063157e-02;6.558837e-02;4.623927e-02
6.059223e-02;6.321903e-02;2.322116e-01;6.205667e-02;7.354622e-02;6.265529e-02;1.311283e-01;6.657240e-02;7.646172e-02;9.262396e-02;4.372154e-02;3.521111e-02
5.296947e-02;4.727195e-02;1.551245e-01;7.372676e-02;7.652458e-02;6.107706e-02;1.663220e-01;6.167916e-02;1.069337e-01;9.753585e-02;6.601021e-02;3.482480e-02
7.926406e-02;7.326233e-02;1.031306e-01;4.635339e-02;8.782715e-02;5.035663e-02;9.233580e-02;1.020824e-01;8.344430e-02;8.053973e-02;1.395719e-01;6.183163e-02
1.106842e-01;4.945926e-02;8.489452e-02;5.436523e-02;6.244458e-02;7.303858e-02;1.416293e-01;1.237953e-01;9.684962e-02;7.986414e-02;6.626789e-02;5.670736e-02
1.441478e-01;3.188305e-02;7.019938e-02;3.773518e-02;5.790483e-02;9.942576e-02;1.875008e-01;9.996155e-02;9.010756e-02;7.871410e-02;3.016607e-02;7.225396e-02
1.528074e-01;2.057114e-02;4.414532e-02;1.773345e-02;6.922239e-02;1.201004e-01;1.787864e-01;8.258595e-02;9.059130e-02;6.172694e-02;2.067560e-02;1.410536e-01
1.256029e-01;1.690356e-02;3.353844e-02;2.677345e-02;7.164223e-02;9.131427e-02;1.016038e-01;6.565313e-02;7.309522e-02;4.053382e-02;5.999581e-02;2.933434e-01
6.413127e-02;1.998060e-02;3.157054e-02;7.805978e-02;6.738865e-02;3.361874e-02;2.709593e-02;1.054394e-01;3.749001e-02;2.117408e-02;1.746584e-01;3.393925e-01
2.512798e-02;2.186872e-02;3.718051e-02;1.387614e-01;4.967069e-02;1.267121e-02;1.106286e-02;1.606525e-01;1.608034e-02;1.799327e-02;3.134010e-01;1.955296e-01
1.133634e-02;1.671814e-02;6.636443e-02;1.746527e-01;2.273971e-02;1.868531e-02;1.739592e-02;1.682701e-01;1.981354e-02;5.244758e-02;3.744081e-01;5.716810e-02
1.828007e-02;1.996297e-02;1.118257e-01;1.547364e-01;1.970800e-02;2.652424e-02;4.346526e-02;1.284938e-01;4.736802e-02;1.003844e-01;3.077239e-01;2.152731e-02
2.914254e-02;2.740779e-02;1.345644e-01;1.064188e-01;3.623702e-02;3.554196e-02;6.705157e-02;1.196157e-01;6.919248e-02;1.238198e-01;2.140344e-01;3.697348e-02
4.411289e-02;3.264878e-02;1.670892e-01;8.669618e-02;4.691140e-02;4.215673e-02;6.084308e-02;2.122035e-01;7.127176e-02;9.182157e-02;1.124312e-01;3.181367e-02
1.653384e-02;1.088181e-02;1.398844e-01;1.370970e-01;3.400193e-02;2.064354e-02;3.659788e-02;2.651121e-01;4.179744e-02;2.087271e-02;2.339023e-01;4.267512e-02
2.749310e-02;3.387518e-02;1.053976e-01;1.333760e-01;3.724325e-02;2.909953e-02;4.830942e-02;1.966056e-01;6.080452e-02;5.516346e-02;2.292466e-01;4.338567e-02
1.042647e-01;7.311759e-02;1.632396e-01;6.818238e-02;7.845856e-02;3.567428e-02;1.156131e-01;5.367484e-02;7.008523e-02;7.465030e-02;8.092271e-02;8.211671e-02
9.817706e-02;6.733516e-02;1.364326e-01;7.462130e-02;1.071858e-01;2.756588e-02;1.141503e-01;4.765505e-02;6.919966e-02;7.642363e-02;6.342898e-02;1.178247e-01
6.856261e-02;4.834766e-02;8.053048e-02;7.891782e-02;1.374928e-01;3.770864e-02;9.113758e-02;5.029979e-02;7.046285e-02;6.359924e-02;8.678970e-02;1.861508e-01
2.434513e-02;2.606967e-02;6.396195e-02;1.154617e-01;1.371217e-01;3.835477e-02;4.079018e-02;6.857040e-02;5.018599e-02;2.770220e-02;1.486515e-01;2.587849e-01
8.798493e-03;2.430869e-02;4.619479e-02;1.648909e-01;7.996906e-02;2.359082e-02;1.091420e-02;1.276440e-01;2.031508e-02;1.007537e-02;2.497726e-01;2.335259e-01
5.893694e-03;2.997525e-02;4.184661e-02;2.071043e-01;3.892151e-02;2.162242e-02;8.110458e-03;1.694063e-01;1.110776e-02;6.309245e-03;3.268415e-01;1.328609e-01
5.637699e-03;3.574816e-02;4.567049e-02;2.481913e-01;1.890762e-02;3.069858e-02;7.535106e-03;1.710423e-01;8.209281e-03;8.156637e-03;3.745519e-01;4.565092e-02
1.132879e-02;3.295495e-02;5.739258e-02;2.693335e-01;1.902216e-02;3.671239e-02;9.953441e-03;1.348908e-01;1.091854e-02;1.740672e-02;3.919909e-01;8.095189e-03
2.914313e-02;2.227439e-02;9.588551e-02;2.290615e-01;1.495254e-02;3.303582e-02;1.737874e-02;9.315848e-02;3.650635e-02;7.306483e-02;3.436454e-01;1.189332e-02
5.730425e-02;2.072307e-02;1.379848e-01;1.448721e-01;2.041430e-02;2.557961e-02;5.182535e-02;7.533501e-02;7.292315e-02;1.360661e-01;2.514766e-01;5.495688e-03
6.815713e-02;3.668498e-02;1.539920e-01;9.050340e-02;3.766387e-02;2.096417e-02;7.305019e-02;5.619624e-02;7.341179e-02;1.455079e-01;1.943969e-01;4.947133e-02
4.183178e-02;6.404882e-02;9.729352e-02;1.233211e-01;5.253066e-02;2.118198e-02;4.124814e-02;6.505594e-02;2.743902e-02;6.289160e-02;2.740965e-01;1.290610e-01
2.190612e-02;8.720948e-02;6.082343e-02;1.379633e-01;6.081174e-02;1.486950e-02;1.239621e-02;8.763570e-02;1.466997e-02;1.720162e-02;3.294430e-01;1.550699e-01
5.144435e-02;8.372631e-02;5.973791e-02;7.605679e-02;6.631379e-02;2.444788e-02;5.009938e-02;7.921942e-02;4.565687e-02;2.697864e-02;2.459820e-01;1.903367e-01
8.551858e-02;6.693736e-02;7.578381e-02;5.661197e-02;4.426340e-02;3.426487e-02;8.627366e-02;7.271513e-02;1.034391e-01;5.319411e-02;1.355691e-01;1.854290e-01
8.607711e-02;5.394781e-02;7.413123e-02;7.734197e-02;4.985525e-02;3.418720e-02;8.934833e-02;9.613167e-02;1.624128e-01;7.282708e-02;6.460216e-02;1.391374e-01
7.033359e-02;4.388444e-02;7.055706e-02;7.079571e-02;5.454955e-02;4.545898e-02;1.692118e-01;1.404302e-01;1.514294e-01;4.092481e-02;6.003137e-02;8.239316e-02
4.436298e-02;7.264443e-02;1.096910e-01;4.349228e-02;4.616324e-02;7.693519e-02;2.289802e-01;1.314662e-01;7.148483e-02;4.466352e-02;5.179280e-02;7.832328e-02
4.296932e-02;5.746965e-02;1.332255e-01;4.974509e-02;7.136636e-02;9.160680e-02;1.680474e-01;1.051132e-01;5.672187e-02;5.710645e-02;3.346504e-02;1.331634e-01
6.401274e-02;6.649631e-02;1.176779e-01;4.427293e-02;8.873507e-02;8.520128e-02;1.030918e-01;1.037174e-01;5.843879e-02;5.142957e-02;8.920009e-02;1.277262e-01
8.089110e-02;7.640085e-02;8.772910e-02;8.350014e-02;9.299601e-02;7.257596e-02;1.189086e-01;8.797277e-02;8.725578e-02;7.180888e-02;8.491685e-02;5.504393e-02
6.929971e-02;5.928124e-02;8.670273e-02;1.134235e-01;5.177659e-02;8.630262e-02;1.162587e-01;8.251596e-02;1.227695e-01;6.480157e-02;9.630942e-02;5.055849e-02
7.815650e-02;7.093559e-02;6.323078e-02;1.091193e-01;6.945994e-02;7.235276e-02;1.115075e-01;7.428754e-02;1.108574e-01;6.084400e-02;7.682348e-02;1.024251e-01
9.373277e-02;9.556770e-02;6.442381e-02;7.551108e-02;1.026735e-01;6.773770e-02;1.094544e-01;8.838203e-02;9.050670e-02;6.394641e-02;5.465706e-02;9.340680e-02
1.066785e-01;8.372495e-02;5.121557e-02;4.225761e-02;1.333483e-01;6.735197e-02;9.637177e-02;1.174003e-01;9.264586e-02;7.067164e-02;6.315287e-02;7.518067e-02
6.491056e-02;5.379306e-02;6.463812e-02;7.438715e-02;1.048897e-01;6.982272e-02;1.352605e-01;1.155106e-01;1.246894e-01;5.608646e-02;7.075089e-02;6.526073e-02
6.296071e-02;7.976492e-02;1.079266e-01;9.986912e-02;7.020276e-02;6.617460e-02;1.673774e-01;8.760467e-02;8.997035e-02;5.578068e-02;5.847335e-02;5.389484e-02
9.701903e-02;8.370152e-02;1.247840e-01;1.018848e-01;8.354089e-02;5.763889e-02;1.805432e-01;6.365365e-02;5.501755e-02;5.755851e-02;5.330054e-02;4.135742e-02
8.991693e-02;6.063182e-02;9.869483e-02;4.865239e-02;6.879640e-02;6.296553e-02;3.294777e-01;5.600719e-02;4.787447e-02;5.892460e-02;4.615574e-02;3.190239e-02
4.725618e-02;3.889523e-02;4.821355e-02;1.325915e-02;5.055178e-02;6.102026e-02;5.284864e-01;7.690298e-02;4.073141e-02;4.550585e-02;2.901932e-02;2.015790e-02
1.941547e-02;1.559182e-02;2.262665e-02;6.975537e-03;5.228441e-02;5.165853e-02;6.571492e-01;8.446901e-02;3.754915e-02;3.114197e-02;1.165617e-02;9.482079e-03
6.862966e-03;9.145862e-03;1.157863e-02;2.257945e-03;6.257948e-02;3.972769e-02;7.507777e-01;6.700929e-02;2.668990e-02;1.473461e-02;4.542298e-03;4.093650e-03
4.109875e-03;5.008231e-03;1.426489e-02;3.583082e-03;8.336937e-02;3.387890e-02;7.316721e-01;6.898510e-02;3.574743e-02;9.610917e-03;7.136858e-03;2.633178e-03
4.364857e-03;1.143874e-02;3.149302e-02;6.774025e-03;9.173616e-02;3.322537e-02;5.992807e-01;1.082827e-01;6.614876e-02;2.286863e-02;1.542392e-02;8.963162e-03
1.468134e-02;2.268716e-02;4.636065e-02;9.155014e-03;7.358990e-02;3.171112e-02;5.165535e-01;1.176398e-01;7.983544e-02;4.227205e-02;3.055897e-02;1.495510e-02
1.998603e-02;3.810909e-02;4.348761e-02;1.050673e-02;5.182034e-02;4.102625e-02;5.550159e-01;8.296948e-02;5.987225e-02;4.477124e-02;3.820238e-02;1.423278e-02
7.743380e-03;4.740835e-02;1.740627e-02;7.440335e-03;2.027802e-02;3.891843e-02;7.021012e-01;6.636405e-02;3.184824e-02;2.161476e-02;3.161703e-02;7.259982e-03
1.705653e-02;6.095561e-02;3.078199e-02;1.302319e-02;2.975921e-02;5.321105e-02;6.431058e-01;5.202398e-02;4.639389e-02;1.737316e-02;2.759246e-02;8.723112e-03
3.814154e-02;6.529041e-02;8.998782e-02;1.793009e-02;3.376734e-02;5.682981e-02;3.482552e-01;1.612647e-01;8.864764e-02;3.825773e-02;2.611797e-02;3.550970e-02
3.647285e-02;4.746702e-02;1.250994e-01;2.062341e-02;2.431671e-02;4.150583e-02;2.311263e-01;2.386910e-01;9.372520e-02;4.405448e-02;2.043576e-02;7.648192e-02
2.812826e-02;2.479607e-02;1.377340e-01;1.260003e-02;1.964397e-02;2.414481e-02;2.406391e-01;2.743100e-01;6.620816e-02;3.339619e-02;1.388890e-02;1.245106e-01
2.333724e-02;4.126947e-02;1.235672e-01;5.751881e-03;4.373755e-02;1.427365e-02;3.323548e-01;2.245649e-01;3.647158e-02;1.469712e-02;2.057554e-02;1.193992e-01
1.362589e-02;7.449468e-02;7.801308e-02;5.125238e-03;8.862089e-02;2.733756e-02;4.527716e-01;1.174142e-01;6.158333e-02;4.906045e-03;3.102468e-02;4.508284e-02
5.406577e-03;8.851863e-02;3.354059e-02;4.306930e-03;1.004431e-01;4.382212e-02;5.106859e-01;5.476798e-02;1.190428e-01;5.580276e-03;2.857887e-02;5.306188e-03
6.048457e-03;7.429705e-02;1.088071e-02;2.894838e-03;6.565851e-02;5.211830e-02;5.770715e-01;2.516340e-02;1.548986e-01;5.629580e-03;1.896847e-02;6.370508e-03
5.296728e-03;5.433040e-02;6.315839e-03;2.670369e-03;2.941068e-02;5.206078e-02;6.445312e-01;3.042203e-02;1.487847e-01;6.041078e-03;1.243698e-02;7.699238e-03
5.063539e-03;4.329394e-02;6.297303e-03;3.563195e-03;3.490495e-02;5.167093e-02;6.803842e-01;2.576058e-02;1.289760e-01;5.430451e-03;9.603925e-03;5.050985e-03
3.609554e-03;3.355288e-02;1.399260e-02;9.007984e-03;4.357435e-02;6.862960e-02;7.023113e-01;2.229474e-02;8.867711e-02;6.590111e-03;5.861019e-03;1.898798e-03
1.038182e-02;3.179326e-02;1.318820e-02;1.199799e-02;3.946868e-02;7.101390e-02;7.200224e-01;3.181905e-02;4.719026e-02;1.257075e-02;7.218727e-03;3.334932e-03
1.732250e-02;4.639152e-02;1.356123e-02;6.830120e-03;3.430172e-02;4.174165e-02;6.993929e-01;5.124754e-02;6.205954e-02;9.572697e-03;1.329247e-02;4.286128e-03
7.024829e-03;5.983882e-02;1.014937e-02;1.089054e-02;3.216559e-02;2.826036e-02;6.562279e-01;9.391236e-02;6.163064e-02;1.661604e-02;1.987723e-02;3.406331e-03
2.784251e-02;6.013324e-02;1.098376e-02;3.613361e-02;2.422385e-02;4.571147e-02;5.472839e-01;1.501032e-01;6.538630e-02;1.567718e-02;1.151347e-02;5.007498e-03
7.330999e-02;6.563502e-02;2.436517e-02;5.425759e-02;2.758208e-02;7.620913e-02;3.806404e-01;1.568052e-01;8.183501e-02;3.590324e-02;1.286846e-02;1.058875e-02
1.827132e-01;6.935653e-02;3.140725e-02;5.595479e-02;3.772807e-02;1.104194e-01;2.438741e-01;1.168854e-01;7.334803e-02;5.025666e-02;1.348841e-02;1.456806e-02
3.496651e-01;7.766208e-02;6.540655e-02;3.693362e-02;5.532796e-02;1.076612e-01;1.193990e-01;6.950843e-02;4.898382e-02;4.233506e-02;6.978087e-03;2.013916e-02
3.864490e-01;6.964581e-02;1.303275e-01;1.427003e-02;7.051473e-02;1.022679e-01;4.979609e-02;3.127107e-02;3.890540e-02;2.356953e-02;5.902500e-03;7.708046e-02
2.864558e-01;3.344011e-02;1.690648e-01;1.576326e-02;9.743071e-02;1.107450e-01;4.357823e-02;2.609043e-02;5.059544e-02;2.625116e-02;6.038458e-03;1.345466e-01
4.017934e-01;1.455327e-02;7.505625e-02;3.036587e-02;5.118321e-02;1.706163e-01;4.737007e-02;4.669115e-02;2.403664e-02;6.867420e-02;4.821104e-03;6.483858e-02
4.460014e-01;2.657353e-02;1.938590e-02;6.401103e-02;1.994026e-02;1.746689e-01;8.019368e-02;4.192219e-02;7.694243e-03;8.912504e-02;6.780853e-03;2.370303e-02
3.648581e-01;8.225720e-02;1.411084e-02;7.755657e-02;1.457533e-02;1.321078e-01;1.519430e-01;3.029020e-02;1.169587e-02;7.307764e-02;1.224981e-02;3.527766e-02
1.994675e-01;1.614252e-01;1.941453e-02;5.755462e-02;2.711535e-02;1.144789e-01;2.791857e-01;2.163763e-02;2.404713e-02;4.526376e-02;1.952917e-02;3.088050e-02
6.148790e-02;1.766963e-01;3.178102e-02;5.368542e-02;5.529994e-02;1.397572e-01;3.614002e-01;2.410847e-02;3.761859e-02;2.863946e-02;1.739567e-02;1.212989e-02
6.570268e-02;1.238235e-01;4.282764e-02;6.347346e-02;7.205349e-02;1.313791e-01;3.768586e-01;2.487484e-02;3.505530e-02;2.357584e-02;2.527048e-02;1.510511e-02
4.274418e-02;8.178239e-02;3.851692e-02;6.348483e-02;7.884425e-02;1.029025e-01;4.742611e-01;2.095646e-02;2.296430e-02;3.113235e-02;3.103321e-02;1.137740e-02
5.834528e-02;4.489423e-02;2.607618e-02;1.131515e-01;7.066807e-02;9.610660e-02;4.566673e-01;1.954586e-02;1.471291e-02;6.633414e-02;2.032717e-02;1.317078e-02
9.510824e-02;2.070485e-02;6.119494e-02;1.291483e-01;9.171309e-02;1.168713e-01;3.387802e-01;2.655990e-02;2.160104e-02;7.968268e-02;6.743619e-03;1.189195e-02
9.196490e-02;4.513727e-02;9.286290e-02;6.602714e-02;8.978772e-02;1.270743e-01;3.286775e-01;4.561849e-02;3.501474e-02;4.982147e-02;9.135632e-03;1.887787e-02
6.926880e-02;6.973682e-02;6.045166e-02;3.523368e-02;5.929621e-02;9.587445e-02;4.280454e-01;7.715231e-02;2.814152e-02;3.674579e-02;2.513454e-02;1.491887e-02
4.044061e-02;6.781877e-02;3.702331e-02;1.517216e-02;5.911952e-02;4.860717e-02;5.192071e-01;1.098941e-01;2.517668e-02;2.173436e-02;4.913768e-02;6.668556e-03
2.168897e-02;5.357236e-02;3.649182e-02;3.924186e-03;5.803800e-02;3.707137e-02;5.584393e-01;1.162609e-01;2.124628e-02;1.267101e-02;7.286751e-02;7.728301e-03
3.458199e-02;6.728146e-02;3.189487e-02;9.566826e-03;6.972628e-02;8.573351e-02;4.988358e-01;8.174853e-02;2.061415e-02;2.808659e-02;6.009118e-02;1.183877e-02
5.934152e-02;4.959675e-02;5.651881e-02;2.209334e-02;1.222510e-01;1.315090e-01;3.347415e-01;5.632362e-02;3.427038e-02;4.372444e-02;3.663949e-02;5.299018e-02
4.783837e-02;2.875170e-02;1.246173e-01;5.822959e-02;1.920947e-01;9.144196e-02;1.456906e-01;6.325395e-02;4.437138e-02;3.721046e-02;4.906159e-02;1.174384e-01
1.641064e-02;3.122534e-02;2.095502e-01;1.073356e-01;1.477655e-01;2.754823e-02;7.768480e-02;1.126857e-01;3.690738e-02;1.831846e-02;1.069256e-01;1.076426e-01
1.176442e-02;2.342615e-02;2.308856e-01;1.455075e-01;7.112876e-02;4.211125e-02;5.939505e-02;1.594190e-01;2.834295e-02;1.381203e-02;1.638319e-01;5.037537e-02
1.278703e-02;1.478512e-02;1.714670e-01;1.730162e-01;9.967867e-02;6.679054e-02;5.532821e-02;1.561478e-01;3.131749e-02;2.585417e-02;1.667057e-01;2.612216e-02
2.864927e-02;2.304484e-02;6.445071e-02;1.073588e-01;1.567289e-01;1.408241e-01;1.540065e-01;8.907457e-02;5.137496e-02;4.805814e-02;8.811222e-02;4.831707e-02
3.889302e-02;3.837667e-02;2.587689e-02;4.796674e-02;1.056273e-01;1.994261e-01;3.181307e-01;4.327061e-02;3.586333e-02;5.324660e-02;5.742577e-02;3.589620e-02
3.400031e-02;5.355613e-02;1.792783e-02;1.956053e-02;4.976659e-02;1.925208e-01;4.429705e-01;3.999117e-02;2.032279e-02;4.944061e-02;5.957860e-02;2.036418e-02
5.778550e-02;4.511814e-02;9.601864e-03;2.722846e-02;3.253778e-02;2.333406e-01;3.994884e-01;3.386981e-02;1.096796e-02;8.243558e-02;5.679906e-02;1.082682e-02
7.843327e-02;2.019826e-02;2.192034e-02;2.603120e-02;5.623148e-02;3.535499e-01;2.496848e-01;2.441116e-02;1.356327e-02;1.140329e-01;3.020351e-02;1.173993e-02
8.483804e-02;6.496292e-03;6.573130e-02;1.257178e-02;1.113547e-01;3.905402e-01;1.540666e-01;2.076619e-02;3.406456e-02;8.353152e-02;1.227320e-02;2.376553e-02
7.169238e-02;5.619965e-03;1.370706e-01;1.006573e-02;2.087836e-01;2.771145e-01;7.706860e-02;9.251303e-03;7.955471e-02;3.493809e-02;5.707047e-03;8.313342e-02
2.618030e-02;4.007339e-03;1.403053e-01;2.808917e-02;3.219634e-01;1.104153e-01;4.067939e-02;7.144026e-03;1.044376e-01;9.183780e-03;6.899628e-03;2.006949e-01
1.256775e-02;5.066387e-03;8.710360e-02;4.992850e-02;3.657575e-01;4.365217e-02;2.815248e-02;5.820605e-03;8.845299e-02;5.860618e-03;1.041921e-02;2.972182e-01
9.686012e-03;1.197773e-02;6.202498e-02;9.368299e-02;3.453771e-01;2.429490e-02;2.667188e-02;5.265131e-03;6.384704e-02;5.993938e-03;1.580475e-02;3.353735e-01
4.021008e-02;2.548746e-02;1.028926e-01;1.182920e-01;2.552534e-01;4.955026e-02;5.372224e-02;9.028456e-03;4.439706e-02;2.169577e-02;1.617743e-02;2.632932e-01
9.095532e-02;3.434307e-02;1.208755e-01;1.047894e-01;1.712861e-01;1.045062e-01;9.732281e-02;1.492770e-02;3.501024e-02;5.034383e-02;1.872561e-02;1.569143e-01
1.192464e-01;3.842469e-02;1.537920e-01;7.826775e-02;1.200158e-01;1.259607e-01;1.332384e-01;2.140695e-02;3.347580e-02;6.896248e-02;4.298429e-02;6.422468e-02
8.184852e-02;5.717696e-02;2.315736e-01;6.348956e-02;1.116907e-01;5.987350e-02;1.106313e-01;3.201863e-02;3.420749e-02;7.510763e-02;6.741109e-02;7.497101e-02
8.567343e-02;8.729295e-02;2.679730e-01;4.190343e-02;1.112007e-01;4.747337e-02;7.219342e-02;4.668097e-02;3.174215e-02;8.766098e-02;5.747964e-02;6.272592e-02
1.242743e-01;1.010189e-01;2.578293e-01;3.870570e-02;1.386872e-01;4.991406e-02;4.287554e-02;4.381750e-02;3.538062e-02;6.445777e-02;5.046457e-02;5.257452e-02
1.238174e-01;8.591469e-02;2.883418e-01;2.378277e-02;1.455477e-01;5.566291e-02;3.085492e-02;2.963846e-02;3.166237e-02;2.631058e-02;3.704929e-02;1.214171e-01
4.973530e-02;5.216403e-02;4.088702e-01;4.783919e-02;1.104044e-01;3.885230e-02;4.293586e-02;2.916800e-02;2.601037e-02;2.650481e-02;1.278130e-02;1.547343e-01
2.175858e-02;3.785768e-02;5.172377e-01;7.334553e-02;8.823304e-02;3.592623e-02;3.532652e-02;2.483296e-02;1.940980e-02;2.727287e-02;9.016042e-03;1.097831e-01
1.777202e-02;2.238849e-02;4.866827e-01;1.145985e-01;1.119934e-01;5.781156e-02;3.434895e-02;2.385535e-02;2.428890e-02;2.457828e-02;1.257879e-02;6.910302e-02
2.036857e-02;2.574625e-02;3.875698e-01;1.462129e-01;1.896434e-01;7.258709e-02;3.819865e-02;2.086662e-02;2.298976e-02;1.990494e-02;1.488972e-02;4.102226e-02
2.712161e-02;2.310412e-02;3.000824e-01;1.566432e-01;2.546892e-01;7.309545e-02;5.879499e-02;1.723772e-02;2.059756e-02;2.115122e-02;9.970772e-03;3.751174e-02
3.113368e-02;2.433697e-02;2.198046e-01;1.394495e-01;2.704756e-01;8.196086e-02;7.626049e-02;4.107495e-02;4.707754e-02;2.480072e-02;5.511483e-03;3.811363e-02
2.127201e-02;2.892199e-02;9.487731e-02;6.477765e-02;2.128687e-01;9.979969e-02;2.169825e-01;6.980076e-02;1.171060e-01;3.415117e-02;1.080063e-02;2.864153e-02
1.585660e-02;1.919489e-02;3.410222e-02;3.285246e-02;2.043276e-01;9.626508e-02;3.054684e-01;6.345824e-02;1.503818e-01;2.891437e-02;1.048955e-02;3.868883e-02
4.583572e-03;9.575016e-03;4.797257e-02;3.789620e-02;2.150574e-01;7.765186e-02;3.525118e-01;3.884434e-02;1.211355e-01;3.707860e-02;5.721806e-03;5.197135e-02
9.374641e-03;1.927147e-02;6.090550e-02;6.957544e-02;2.015821e-01;4.961336e-02;3.239386e-01;2.962976e-02;5.588670e-02;1.043833e-01;2.016002e-02;5.567905e-02
6.518848e-03;4.005721e-02;8.583555e-02;1.327064e-01;1.524000e-01;4.628088e-02;1.728367e-01;1.139040e-01;2.022475e-02;1.469924e-01;4.575411e-02;3.648908e-02
6.348199e-03;3.300468e-02;1.035881e-01;1.800475e-01;1.045819e-01;9.663828e-02;8.349781e-02;2.132051e-01;2.008410e-02;7.917381e-02;6.504226e-02;1.478848e-02
4.150068e-03;2.057531e-02;1.374829e-01;1.987030e-01;7.475302e-02;1.313331e-01;9.163441e-02;2.118033e-01;2.027699e-02;2.940512e-02;7.262969e-02;7.253068e-03
1.065954e-02;1.409515e-02;2.158764e-01;2.031115e-01;5.956488e-02;1.055520e-01;9.979337e-02;1.231069e-01;6.195726e-02;3.578145e-02;6.597622e-02;4.525356e-03
2.519221e-02;1.526798e-02;3.608663e-01;1.668899e-01;4.426752e-02;3.708124e-02;1.152291e-01;3.734395e-02;9.460478e-02;5.677649e-02;4.360182e-02;2.878623e-03
2.139455e-02;2.001245e-02;4.330176e-01;8.471565e-02;4.117493e-02;1.346683e-02;1.915848e-01;1.311460e-02;5.828402e-02;1.017654e-01;1.895071e-02;2.518550e-03
1.779179e-02;4.304479e-02;4.457678e-01;3.873142e-02;5.170666e-02;6.865935e-03;2.090509e-01;1.553559e-02;2.796740e-02;1.357515e-01;5.887387e-03;1.898768e-03
1.951309e-02;1.018303e-01;4.409303e-01;2.088330e-02;4.883651e-02;1.050833e-02;1.382921e-01;6.815924e-02;2.157418e-02;1.211998e-01;3.189807e-03;5.083004e-03
5.361292e-02;1.981119e-01;3.771015e-01;1.022025e-02;2.394797e-02;3.650026e-02;5.008629e-02;1.520796e-01;2.588625e-02;6.045749e-02;1.578139e-03;1.041743e-02
1.087019e-01;2.500747e-01;3.030154e-01;1.176169e-02;1.586897e-02;5.527522e-02;2.655917e-02;1.597133e-01;2.670232e-02;2.701122e-02;2.440692e-03;1.287541e-02
1.351303e-01;2.297343e-01;2.912698e-01;1.789683e-02;3.686825e-02;5.068819e-02;4.902774e-02;1.070061e-01;2.039951e-02;4.191145e-02;7.019348e-03;1.304812e-02
1.237145e-01;1.904969e-01;2.601129e-01;2.835716e-02;5.893549e-02;4.819395e-02;9.821511e-02;6.684157e-02;3.897261e-02;5.534406e-02;1.681035e-02;1.400530e-02
1.000859e-01;1.573937e-01;2.339627e-01;4.198517e-02;6.409968e-02;5.743061e-02;1.142288e-01;7.033134e-02;6.389303e-02;4.804094e-02;2.857876e-02;1.996941e-02
1.333713e-01;1.588162e-01;2.428086e-01;1.051698e-01;3.170016e-02;3.742144e-02;4.972067e-02;6.127704e-02;1.035789e-01;3.764555e-02;1.770451e-02;2.078583e-02
9.613463e-02;1.994758e-01;2.401479e-01;1.715278e-01;1.453389e-02;2.978917e-02;2.664198e-02;1.859017e-02;1.560488e-01;2.084785e-02;9.442529e-03;1.681936e-02
9.210639e-02;2.108964e-01;2.324263e-01;1.666613e-01;1.897708e-02;2.547390e-02;2.618753e-02;3.378520e-02;1.408041e-01;1.708351e-02;2.247851e-02;1.311977e-02
1.905168e-01;1.666719e-01;1.858275e-01;7.686305e-02;2.810997e-02;2.212569e-02;5.530307e-02;1.133637e-01;5.653472e-02;3.645943e-02;4.441576e-02;2.380831e-02
3.072539e-01;1.567283e-01;1.201238e-01;2.598340e-02;2.337915e-02;2.658167e-02;6.777329e-02;1.208503e-01;4.208150e-02;3.897887e-02;2.880511e-02;4.146066e-02
4.015639e-01;1.695656e-01;8.761548e-02;1.992517e-02;2.595253e-02;1.985804e-02;6.655914e-02;8.813339e-02;3.179009e-02;2.196426e-02;1.987916e-02;4.719324e-02
4.292095e-01;1.436076e-01;4.996656e-02;4.165127e-02;2.360713e-02;1.668089e-02;9.250653e-02;6.962342e-02;1.642854e-02;1.502129e-02;1.881972e-02;8.287754e-02
3.543477e-01;9.200685e-02;4.544684e-02;7.223215e-02;1.461812e-02;2.561916e-02;1.354799e-01;4.092674e-02;1.303414e-02;2.360497e-02;3.881610e-02;1.438673e-01
1.961371e-01;4.647898e-02;9.300621e-02;7.726589e-02;1.052293e-02;5.766691e-02;1.473726e-01;3.205125e-02;2.421724e-02;2.894475e-02;1.038911e-01;1.824451e-01
9.267354e-02;3.597391e-02;1.549517e-01;5.986877e-02;2.129317e-02;9.883689e-02;1.293729e-01;4.153216e-02;2.925597e-02;3.738077e-02;1.613863e-01;1.374740e-01
1.054833e-01;6.441935e-02;1.528898e-01;7.153082e-02;3.289173e-02;1.040670e-01;1.092334e-01;3.360420e-02;2.605346e-02;5.153383e-02;1.679307e-01;8.036236e-02
8.072764e-02;8.247085e-02;1.538746e-01;1.115854e-01;3.670505e-02;8.248202e-02;8.356565e-02;2.647370e-02;2.134912e-02;7.012015e-02;1.805741e-01;7.007170e-02
8.544438e-02;8.775847e-02;1.399390e-01;1.354759e-01;3.353072e-02;4.700027e-02;1.103383e-01;1.511734e-02;2.544313e-02;8.104648e-02;1.711596e-01;6.774641e-02
1.241641e-01;6.891730e-02;1.737890e-01;1.202183e-01;4.993916e-02;5.423639e-02;1.081016e-01;3.793685e-02;4.271498e-02;8.120161e-02;1.016511e-01;3.712969e-02
1.027640e-01;5.705376e-02;1.880635e-01;1.547644e-01;8.418821e-02;7.523653e-02;1.032424e-01;3.711460e-02;5.703440e-02;3.807743e-02;4.433263e-02;5.812813e-02
6.436720e-02;7.285334e-02;1.308316e-01;1.723667e-01;7.372104e-02;1.270945e-01;1.076742e-01;4.420873e-02;5.655619e-02;3.092002e-02;5.628629e-02;6.312004e-02
