9.024449e-02;4.967806e-02;2.137815e-01;5.313978e-02;7.806205e-02;6.839437e-02;1.647774e-01;7.211564e-02;4.753792e-02;6.585870e-02;5.541170e-02;4.099831e-02
9.958895e-02;4.716132e-02;2.576135e-01;3.474674e-02;6.704494e-02;6.226429e-02;1.728334e-01;5.075024e-02;2.959749e-02;6.556589e-02;7.097203e-02;4.186116e-02
9.906686e-02;4.561717e-02;2.577313e-01;2.725921e-02;7.066951e-02;8.397667e-02;1.340010e-01;3.722980e-02;2.716774e-02;7.193988e-02;9.571157e-02;4.962933e-02
7.765497e-02;3.496090e-02;2.248370e-01;3.250221e-02;8.284617e-02;1.432502e-01;5.741480e-02;3.454325e-02;2.253750e-02;9.037291e-02;1.448940e-01;5.418616e-02
2.577826e-02;1.409838e-02;1.222775e-01;2.580642e-02;5.680924e-02;1.758270e-01;1.974429e-01;4.853095e-02;1.940652e-02;8.760852e-02;1.402229e-01;8.619125e-02
4.610926e-02;1.137781e-02;4.543525e-02;2.684725e-02;2.576736e-02;1.186433e-01;3.549041e-01;6.385597e-02;2.107902e-02;5.528437e-02;9.992034e-02;1.307759e-01
1.369806e-01;3.408018e-02;4.743206e-02;3.456529e-02;1.372919e-02;5.289325e-02;3.424543e-01;8.230760e-02;2.155630e-02;3.608111e-02;6.141179e-02;1.365083e-01
1.868622e-01;8.760862e-02;1.984615e-01;2.166790e-02;1.637991e-02;2.503297e-02;2.011770e-01;8.867085e-02;3.343726e-02;2.431992e-02;4.330083e-02;7.308105e-02
1.301970e-01;9.612829e-02;4.246547e-01;3.228439e-02;3.141992e-02;3.072341e-02;9.577997e-02;5.152161e-02;4.447950e-02;1.530482e-02;2.282776e-02;2.467866e-02
4.774269e-02;5.659179e-02;5.704694e-01;7.956769e-02;6.727424e-02;3.185132e-02;4.490541e-02;2.032556e-02;3.172975e-02;1.860067e-02;1.572724e-02;1.521427e-02
8.565997e-03;2.332718e-02;4.780859e-01;1.218030e-01;1.555892e-01;6.420355e-02;6.095586e-02;2.310327e-02;1.638073e-02;1.462468e-02;1.817963e-02;1.518092e-02
1.259599e-02;1.141240e-02;2.304823e-01;1.014237e-01;2.640771e-01;1.344958e-01;1.545748e-01;1.496504e-02;2.596000e-02;7.968928e-03;1.479006e-02;2.725372e-02
3.387289e-02;7.236011e-03;9.667191e-02;4.585304e-02;2.464571e-01;2.068548e-01;2.968120e-01;8.449512e-03;2.408089e-02;8.182442e-03;6.147883e-03;1.938157e-02
3.006232e-02;1.142950e-02;7.555213e-02;3.017177e-02;1.326376e-01;1.868285e-01;4.759036e-01;1.456280e-02;1.453650e-02;1.311424e-02;7.540107e-03;7.660939e-03
1.380075e-02;2.114421e-02;3.628466e-02;1.719593e-02;5.814334e-02;1.240983e-01;6.669533e-01;2.378099e-02;6.381227e-03;1.051389e-02;1.509824e-02;6.605195e-03
4.792110e-03;2.726532e-02;2.660115e-02;1.115393e-02;5.195501e-02;6.940385e-02;7.297520e-01;2.488147e-02;1.038600e-02;8.372083e-03;2.871227e-02;6.724792e-03
1.045501e-02;2.312966e-02;4.005658e-02;1.526465e-02;5.859893e-02;5.278438e-02;7.019908e-01;3.884988e-02;1.590997e-02;1.001322e-02;2.716185e-02;5.785094e-03
1.902587e-02;1.026762e-02;4.858072e-02;2.236884e-02;4.308620e-02;5.906979e-02;6.242452e-01;6.630098e-02;4.485023e-02;2.728045e-02;2.169682e-02;1.322726e-02
2.519423e-02;2.017438e-02;4.555297e-02;3.533429e-02;3.873423e-02;6.860637e-02;4.419793e-01;7.067886e-02;9.688258e-02;9.946267e-02;3.197298e-02;2.542710e-02
3.895970e-02;3.203331e-02;2.136219e-02;3.624820e-02;7.959244e-02;6.885398e-02;2.519294e-01;5.114402e-02;1.022987e-01;2.063319e-01;8.162618e-02;2.961996e-02
2.685963e-02;3.342224e-02;3.344122e-02;2.139712e-02;7.145745e-02;5.191979e-02;3.758903e-01;3.571055e-02;3.965274e-02;1.633940e-01;1.278731e-01;1.898186e-02
3.336796e-02;2.626841e-02;3.244164e-02;1.524854e-02;3.618453e-02;4.864859e-02;4.134156e-01;3.921494e-02;2.815557e-02;1.225822e-01;1.777972e-01;2.667493e-02
8.320909e-02;3.223627e-02;2.841163e-02;1.426742e-02;2.360288e-02;5.163698e-02;3.120370e-01;4.192339e-02;3.943264e-02;1.004995e-01;2.193697e-01;5.337350e-02
6.937353e-02;3.184960e-02;2.649817e-02;2.658302e-02;4.805441e-02;7.120613e-02;1.743392e-01;2.760565e-02;4.632760e-02;1.717856e-01;2.521186e-01;5.425840e-02
4.238776e-02;2.274221e-02;4.298113e-02;3.669258e-02;8.300208e-02;8.690092e-02;1.409577e-01;3.034711e-02;5.548896e-02;2.077681e-01;2.051278e-01;4.560360e-02
4.891249e-02;2.836898e-02;5.669299e-02;4.200195e-02;1.084804e-01;9.076580e-02;1.468161e-01;4.408929e-02;5.911269e-02;1.740413e-01;1.440242e-01;5.669385e-02
4.225197e-02;4.941666e-02;6.977890e-02;4.500854e-02;8.028368e-02;7.092644e-02;2.090752e-01;6.426375e-02;6.136894e-02;1.337617e-01;1.103591e-01;6.350520e-02
2.849508e-02;4.102089e-02;8.468051e-02;5.064658e-02;5.934734e-02;8.883604e-02;2.277279e-01;6.910574e-02;7.078259e-02;1.408055e-01;9.319244e-02;4.535938e-02
4.203837e-02;3.822041e-02;1.130168e-01;5.831831e-02;7.911004e-02;1.262775e-01;1.674708e-01;5.024637e-02;7.366140e-02;9.873571e-02;1.128387e-01;4.006554e-02
4.647451e-02;5.397167e-02;9.225213e-02;5.078903e-02;8.986190e-02;1.306431e-01;1.254421e-01;5.937710e-02;8.730761e-02;8.492741e-02;1.511787e-01;2.777476e-02
4.114536e-02;4.264940e-02;6.508174e-02;4.513013e-02;7.217345e-02;9.031036e-02;2.292500e-01;5.665686e-02;7.133237e-02;9.768323e-02;1.611392e-01;2.744799e-02
3.492059e-02;4.538219e-02;6.949172e-02;4.576990e-02;6.573337e-02;4.134532e-02;2.367300e-01;8.218808e-02;7.919079e-02;1.314031e-01;1.358401e-01;3.200491e-02
6.443523e-02;6.638890e-02;8.830579e-02;4.649606e-02;8.417970e-02;7.014775e-02;1.194010e-01;9.272532e-02;1.202788e-01;1.196996e-01;6.224456e-02;6.569726e-02
7.431417e-02;6.854779e-02;1.178245e-01;8.337281e-02;1.090582e-01;1.350078e-01;1.235470e-01;7.531194e-02;7.285303e-02;5.544335e-02;4.654659e-02;3.817286e-02
7.364148e-02;6.689285e-02;1.144247e-01;7.507685e-02;1.096633e-01;1.442334e-01;1.712258e-01;6.021285e-02;5.646972e-02;4.254254e-02;4.520926e-02;4.040723e-02
8.514021e-02;6.551220e-02;9.535462e-02;5.805945e-02;1.090327e-01;1.558960e-01;2.156882e-01;6.130539e-02;4.638013e-02;2.425351e-02;4.452641e-02;3.885128e-02
8.608948e-02;7.283606e-02;8.180210e-02;4.990418e-02;8.282883e-02;1.048934e-01;2.040088e-01;1.257668e-01;5.346937e-02;5.639793e-02;3.217023e-02;4.983288e-02
7.912608e-02;7.691993e-02;1.033688e-01;7.159614e-02;6.088286e-02;8.045261e-02;1.429581e-01;1.216256e-01;1.034923e-01;8.404728e-02;3.352034e-02;4.201004e-02
9.268750e-02;9.813498e-02;1.333079e-01;7.692423e-02;5.455733e-02;6.091348e-02;8.410592e-02;9.730659e-02;1.169183e-01;9.626947e-02;5.239702e-02;3.647726e-02
1.342620e-01;1.337506e-01;1.625241e-01;8.489493e-02;6.393386e-02;4.287438e-02;3.981295e-02;7.472153e-02;7.131752e-02;9.944218e-02;4.117600e-02;5.128987e-02
1.466851e-01;1.696419e-01;2.397905e-01;7.868100e-02;5.942594e-02;5.398009e-02;4.170495e-02;4.177764e-02;5.131182e-02;5.384887e-02;1.948796e-02;4.366416e-02
1.311017e-01;1.871833e-01;2.763512e-01;6.341375e-02;2.787017e-02;7.937635e-02;3.325865e-02;2.879631e-02;9.817955e-02;2.460939e-02;2.274238e-02;2.711730e-02
9.672870e-02;1.980711e-01;2.438708e-01;3.174829e-02;2.475693e-02;9.123985e-02;2.638501e-02;2.236820e-02;1.970720e-01;3.063239e-02;1.635941e-02;2.076731e-02
5.377143e-02;1.890918e-01;1.700756e-01;1.985123e-02;1.429303e-02;7.777155e-02;2.410299e-02;2.946596e-02;3.424599e-01;3.939306e-02;1.327974e-02;2.644380e-02
4.746642e-02;1.777825e-01;1.172936e-01;2.406580e-02;5.422246e-03;6.259560e-02;1.389186e-02;2.647763e-02;4.297618e-01;3.168469e-02;1.473013e-02;4.882782e-02
4.911564e-02;1.826525e-01;1.117819e-01;3.140816e-02;5.945640e-03;5.786154e-02;1.141995e-02;4.127395e-02;4.127418e-01;1.594397e-02;9.211518e-03;7.064353e-02
6.614909e-02;2.320239e-01;1.251870e-01;4.096413e-02;4.773839e-03;6.215959e-02;1.520801e-02;4.152513e-02;3.272902e-01;1.458021e-02;6.034181e-03;6.410479e-02
1.563287e-01;2.821837e-01;1.418588e-01;4.617260e-02;8.183711e-03;5.029546e-02;2.553014e-02;3.912993e-02;1.830563e-01;2.040943e-02;1.136148e-02;3.548985e-02
2.371742e-01;2.480648e-01;1.549174e-01;4.446303e-02;2.001219e-02;3.875822e-02;3.851197e-02;5.183633e-02;5.659645e-02;3.301017e-02;2.676340e-02;4.989188e-02
1.877298e-01;1.640664e-01;1.650553e-01;4.250536e-02;2.399583e-02;3.611043e-02;4.108141e-02;6.907839e-02;9.527253e-02;3.974156e-02;4.236767e-02;9.299531e-02
9.241156e-02;1.593373e-01;2.249814e-01;5.836733e-02;4.146299e-02;3.906756e-02;4.550075e-02;4.589477e-02;1.048038e-01;4.880385e-02;3.282012e-02;1.065486e-01
1.401082e-01;1.476648e-01;3.209523e-01;7.125199e-02;6.048867e-02;2.321084e-02;3.747967e-02;1.620767e-02;6.388002e-02;6.063063e-02;1.891172e-02;3.921357e-02
8.629385e-02;9.321633e-02;4.004425e-01;9.193508e-02;6.724586e-02;5.074840e-02;4.168922e-02;1.629464e-02;4.701491e-02;6.406910e-02;2.665762e-02;1.439255e-02
4.010143e-02;2.893197e-02;3.800600e-01;1.350577e-01;7.074488e-02;1.231476e-01;3.931308e-02;4.034292e-02;3.652521e-02;4.469923e-02;4.330679e-02;1.776924e-02
2.578535e-02;2.304792e-02;2.252107e-01;1.525309e-01;1.200840e-01;1.514476e-01;8.663880e-02;6.367015e-02;3.227583e-02;4.322379e-02;4.451393e-02;3.157100e-02
2.407120e-02;2.008834e-02;9.733430e-02;9.941804e-02;2.079257e-01;1.237216e-01;2.022319e-01;5.508456e-02;5.098939e-02;4.986544e-02;1.679141e-02;5.247807e-02
4.794814e-02;1.126355e-02;7.024343e-02;3.577147e-02;1.944886e-01;1.825775e-01;2.634051e-01;4.934406e-02;5.527635e-02;3.548281e-02;1.722507e-02;3.697396e-02
7.244737e-02;1.141200e-02;4.743551e-02;2.176726e-02;1.311082e-01;2.735399e-01;2.688381e-01;5.941493e-02;3.737061e-02;5.148100e-02;1.094653e-02;1.423864e-02
7.191087e-02;2.283979e-02;6.503154e-02;3.096299e-02;1.367885e-01;2.855638e-01;2.232319e-01;4.459932e-02;2.662346e-02;5.954124e-02;1.795681e-02;1.494974e-02
4.627091e-02;2.078835e-02;6.335027e-02;3.571007e-02;1.559337e-01;2.412459e-01;3.033291e-01;2.309279e-02;2.111629e-02;6.064858e-02;2.040156e-02;8.112525e-03
3.700083e-02;1.100223e-02;6.030902e-02;4.382339e-02;1.740959e-01;1.907825e-01;3.840857e-01;2.030046e-02;1.807449e-02;4.345033e-02;9.358487e-03;7.716640e-03
4.219955e-02;2.383049e-02;1.397307e-01;5.664512e-02;1.619610e-01;1.492278e-01;3.099279e-01;3.203830e-02;2.634691e-02;2.427268e-02;9.819486e-03;2.400002e-02
7.040653e-02;5.926381e-02;1.601758e-01;6.480955e-02;1.199473e-01;1.356123e-01;1.507735e-01;5.832928e-02;5.927795e-02;3.744292e-02;3.109223e-02;5.286883e-02
7.278386e-02;7.771557e-02;1.274783e-01;5.753037e-02;7.867698e-02;1.239955e-01;1.032652e-01;7.577860e-02;8.741670e-02;7.654545e-02;4.632210e-02;7.249130e-02
6.481706e-02;5.108170e-02;7.745311e-02;6.066470e-02;6.423949e-02;1.295436e-01;2.352685e-01;5.398699e-02;7.579892e-02;5.323327e-02;4.525884e-02;8.865392e-02
6.491514e-02;4.297554e-02;7.751400e-02;5.899865e-02;7.463198e-02;1.392158e-01;2.873928e-01;3.825554e-02;6.669854e-02;2.711198e-02;5.886048e-02;6.342957e-02
6.263567e-02;9.211458e-02;2.135768e-01;7.365909e-02;7.161889e-02;8.931151e-02;1.609375e-01;4.968341e-02;5.857483e-02;6.303192e-02;3.752943e-02;2.732636e-02
5.097889e-02;1.121397e-01;2.722175e-01;8.068100e-02;6.431092e-02;5.843545e-02;8.143838e-02;5.727812e-02;6.466026e-02;8.420444e-02;4.214986e-02;3.150561e-02
3.981030e-02;1.059717e-01;2.317160e-01;7.256398e-02;5.140749e-02;4.662275e-02;8.885207e-02;7.283841e-02;9.551143e-02;1.050244e-01;5.756463e-02;3.211672e-02
5.812907e-02;7.062660e-02;1.340419e-01;7.419891e-02;4.126820e-02;6.373979e-02;1.542304e-01;1.020004e-01;1.177368e-01;8.296753e-02;5.259252e-02;4.846779e-02
5.663706e-02;4.222739e-02;1.054094e-01;7.394541e-02;3.228679e-02;1.117759e-01;1.908057e-01;1.514697e-01;1.003804e-01;5.862807e-02;3.134427e-02;4.509007e-02
3.190533e-02;1.439532e-02;1.035186e-01;4.574835e-02;1.683539e-02;1.813740e-01;2.575420e-01;1.964765e-01;5.788726e-02;5.666746e-02;9.513064e-03;2.813679e-02
1.245538e-02;1.516387e-02;7.542514e-02;1.179672e-02;2.086500e-02;1.579471e-01;3.989972e-01;1.671332e-01;5.922664e-02;5.946494e-02;8.897825e-03;1.262710e-02
1.071617e-02;2.523061e-02;5.229724e-02;1.016045e-02;5.397767e-02;1.081083e-01;5.406516e-01;9.338536e-02;6.309417e-02;3.099564e-02;5.106205e-03;6.276634e-03
1.523278e-02;2.386777e-02;7.253624e-02;1.775275e-02;1.020171e-01;1.103271e-01;5.063068e-01;5.038993e-02;6.561367e-02;1.895859e-02;8.254538e-03;8.742628e-03
1.863621e-02;1.175209e-02;2.206647e-01;3.141565e-02;1.219617e-01;9.853054e-02;3.459572e-01;6.138248e-02;4.864954e-02;2.387148e-02;6.856409e-03;1.032203e-02
2.874667e-02;2.261050e-02;3.975246e-01;3.784252e-02;9.615018e-02;5.125787e-02;2.326429e-01;4.106998e-02;4.244493e-02;2.861217e-02;1.131771e-02;9.779982e-03
4.178873e-02;3.598933e-02;3.559536e-01;2.948265e-02;6.730366e-02;5.476569e-02;2.463654e-01;4.775124e-02;4.587033e-02;3.227719e-02;2.032285e-02;2.212926e-02
5.760114e-02;2.683426e-02;2.356081e-01;1.418660e-02;4.126623e-02;4.698122e-02;3.776031e-01;6.086634e-02;3.522352e-02;4.324623e-02;3.188512e-02;2.869804e-02
3.722561e-02;1.065300e-02;2.583532e-01;1.912086e-02;4.953246e-02;5.103157e-02;3.902820e-01;4.843619e-02;2.455492e-02;4.229765e-02;4.264401e-02;2.586854e-02
2.921868e-02;1.896386e-02;2.778830e-01;1.903818e-02;6.172185e-02;7.113926e-02;3.160945e-01;5.749739e-02;4.419250e-02;4.009868e-02;4.685206e-02;1.730009e-02
3.231701e-02;3.035160e-02;3.361102e-01;2.980085e-02;7.882109e-02;8.785640e-02;2.113661e-01;5.750995e-02;4.904699e-02;3.012133e-02;3.828286e-02;1.841565e-02
2.493470e-02;2.524794e-02;3.486139e-01;3.408368e-02;7.894844e-02;8.019603e-02;2.211549e-01;6.408463e-02;3.740106e-02;3.571193e-02;2.030838e-02;2.931440e-02
3.120991e-02;3.600256e-02;3.309484e-01;3.525786e-02;8.884942e-02;9.047981e-02;1.598497e-01;3.696192e-02;6.433377e-02;6.126613e-02;3.097636e-02;3.386419e-02
4.270874e-02;2.626278e-02;2.400398e-01;4.232350e-02;9.972113e-02;9.952646e-02;1.851655e-01;8.018979e-02;5.815054e-02;6.105299e-02;3.161285e-02;3.324596e-02
3.815353e-02;1.031133e-02;1.798988e-01;3.092451e-02;9.485646e-02;1.013775e-01;2.569572e-01;1.225861e-01;5.391006e-02;4.707256e-02;2.899618e-02;3.495581e-02
5.106492e-02;2.146056e-02;1.265637e-01;3.093791e-02;8.566669e-02;1.144712e-01;1.476354e-01;1.749021e-01;9.599028e-02;5.349804e-02;4.305636e-02;5.475287e-02
4.541769e-02;2.419829e-02;2.825510e-01;4.185553e-02;7.763545e-02;9.344786e-02;1.207910e-01;1.227294e-01;5.169166e-02;4.191195e-02;5.083338e-02;4.693681e-02
5.036710e-02;3.234454e-02;2.722639e-01;4.675021e-02;9.767622e-02;8.708970e-02;1.263642e-01;1.244644e-01;6.152450e-02;3.284205e-02;4.155967e-02;2.675354e-02
6.180451e-02;2.756092e-02;2.022189e-01;4.565258e-02;1.052613e-01;7.964212e-02;1.580574e-01;1.614160e-01;6.521931e-02;4.363048e-02;2.775633e-02;2.178011e-02
7.402379e-02;5.233324e-02;1.806061e-01;3.777684e-02;8.498349e-02;5.502017e-02;1.135191e-01;1.932851e-01;8.617175e-02;6.412793e-02;3.812166e-02;2.003094e-02
5.461109e-02;4.574500e-02;1.935465e-01;4.522013e-02;7.514059e-02;3.661166e-02;1.573021e-01;1.894396e-01;9.125114e-02;5.421373e-02;3.174853e-02;2.516987e-02
3.129059e-02;6.675335e-02;1.234788e-01;7.415359e-02;6.944126e-02;1.069176e-01;1.536869e-01;9.633974e-02;9.346618e-02;6.497958e-02;6.574209e-02;5.375021e-02
4.510563e-02;3.667137e-02;1.361121e-01;9.509031e-02;5.412710e-02;1.040344e-01;1.437775e-01;6.936488e-02;1.079649e-01;7.214482e-02;7.840982e-02;5.719716e-02
5.887441e-02;3.522930e-02;1.435613e-01;7.838025e-02;7.456654e-02;9.457170e-02;1.326688e-01;5.576364e-02;1.252730e-01;7.099871e-02;7.569284e-02;5.441950e-02
1.090958e-01;4.593656e-02;1.909841e-01;4.883829e-02;8.573192e-02;6.222158e-02;1.115035e-01;3.405204e-02;1.395278e-01;6.097981e-02;6.267228e-02;4.845618e-02
2.119703e-01;9.718053e-02;2.172515e-01;3.275548e-02;6.665995e-02;3.052551e-02;7.219216e-02;4.541979e-02;8.741596e-02;5.062417e-02;4.519903e-02;4.280566e-02
2.595656e-01;1.317233e-01;2.167226e-01;3.127478e-02;5.419182e-02;1.875743e-02;6.378911e-02;3.930476e-02;6.155739e-02;5.237228e-02;3.067888e-02;4.006208e-02
2.576619e-01;1.282652e-01;2.185585e-01;3.374765e-02;4.226297e-02;2.945187e-02;6.119206e-02;3.594282e-02;7.891119e-02;6.024653e-02;2.311005e-02;3.064918e-02
2.096600e-01;9.287647e-02;1.871506e-01;8.350893e-02;5.569035e-02;4.100854e-02;5.890797e-02;4.114207e-02;1.102050e-01;5.659343e-02;2.340046e-02;3.985616e-02
9.601462e-02;8.149450e-02;3.003241e-01;1.190190e-01;9.087612e-02;4.018267e-02;5.461432e-02;2.739830e-02;9.250738e-02;5.133386e-02;1.903779e-02;2.719725e-02
4.359163e-02;4.110423e-02;3.208023e-01;1.559721e-01;1.071163e-01;6.277540e-02;6.105855e-02;4.800903e-02;4.913041e-02;5.812994e-02;3.654128e-02;1.576879e-02
1.857081e-02;1.606523e-02;2.150278e-01;1.559890e-01;1.422444e-01;8.576968e-02;9.811330e-02;7.102370e-02;4.543205e-02;7.743386e-02;4.243102e-02;3.189922e-02
2.591494e-02;7.687651e-03;8.337247e-02;9.037943e-02;2.339128e-01;1.331943e-01;1.723580e-01;4.865424e-02;7.100674e-02;6.786975e-02;1.887800e-02;4.677172e-02
4.685520e-02;1.223303e-02;4.204194e-02;4.268463e-02;1.653538e-01;2.335201e-01;2.257843e-01;7.692633e-02;5.030295e-02;7.291457e-02;7.543897e-03;2.383920e-02
3.682400e-02;3.027343e-02;2.745029e-02;3.647786e-02;6.683903e-02;2.127908e-01;3.596092e-01;8.400465e-02;5.241856e-02;7.763087e-02;1.141356e-02;4.267821e-03
1.369804e-02;4.317750e-02;2.231652e-02;2.265682e-02;5.364555e-02;1.070443e-01;5.279354e-01;8.054376e-02;6.271543e-02;4.184263e-02;1.787878e-02;6.545288e-03
1.316151e-02;3.514871e-02;4.446016e-02;1.392856e-02;5.693932e-02;4.194603e-02;5.180905e-01;1.750024e-01;5.146842e-02;1.976097e-02;1.419376e-02;1.589970e-02
1.261848e-02;1.639091e-02;7.516234e-02;2.960707e-02;4.387859e-02;6.881668e-02;3.411135e-01;2.694669e-01;7.706778e-02;2.981991e-02;7.102736e-03;2.895506e-02
1.757556e-02;1.396116e-02;8.298830e-02;6.544948e-02;4.557513e-02;9.368845e-02;1.703590e-01;2.337316e-01;1.989062e-01;4.137442e-02;5.317268e-03;3.107355e-02
5.647304e-02;1.355442e-02;4.515948e-02;1.226011e-01;3.205060e-02;6.468517e-02;8.761868e-02;1.456090e-01;3.546104e-01;5.086624e-02;7.726782e-03;1.904505e-02
9.654500e-02;1.394434e-02;2.206443e-02;1.391566e-01;1.911471e-02;3.294392e-02;1.381737e-01;7.620922e-02;3.577226e-01;7.862407e-02;1.525305e-02;1.024843e-02
1.365374e-01;8.976235e-03;1.939944e-02;1.292277e-01;2.519429e-02;2.592598e-02;1.301062e-01;4.655393e-02;3.154106e-01;1.307113e-01;2.381503e-02;8.142077e-03
1.313179e-01;1.486265e-02;2.027838e-02;9.587488e-02;3.536199e-02;2.394831e-02;1.829524e-01;6.338396e-02;2.527860e-01;1.366470e-01;2.443280e-02;1.815378e-02
8.750401e-02;1.243506e-02;4.034414e-02;6.048488e-02;4.556445e-02;3.738999e-02;2.477174e-01;6.673530e-02;2.353906e-01;9.601175e-02;3.266866e-02;3.775373e-02
6.550748e-02;1.408301e-02;5.723561e-02;3.525753e-02;5.018679e-02;4.131442e-02;2.855484e-01;9.858149e-02;1.968296e-01;7.855318e-02;4.766285e-02;2.923960e-02
7.694576e-02;2.736456e-02;7.193221e-02;2.869768e-02;6.526273e-02;6.171428e-02;1.940238e-01;1.508963e-01;1.540176e-01;9.093859e-02;5.210986e-02;2.609664e-02
6.427654e-02;4.742776e-02;5.747571e-02;4.294382e-02;6.705084e-02;8.320079e-02;1.830880e-01;1.361645e-01;1.660062e-01;8.738738e-02;3.125842e-02;3.372004e-02
5.721921e-02;5.320137e-02;5.033179e-02;5.742907e-02;4.011649e-02;6.902525e-02;2.922122e-01;1.087865e-01;1.420902e-01;7.293124e-02;2.111769e-02;3.553909e-02
6.070983e-02;4.296063e-02;7.769550e-02;6.004317e-02;4.123148e-02;7.495861e-02;2.655053e-01;9.528437e-02;1.126055e-01;8.050585e-02;3.413593e-02;5.436381e-02
4.751269e-02;3.124979e-02;8.419769e-02;1.030104e-01;5.188147e-02;9.795470e-02;1.642617e-01;1.233607e-01;8.662053e-02;8.814107e-02;3.968360e-02;8.212571e-02
7.190630e-02;4.129224e-02;6.399569e-02;1.315631e-01;5.988788e-02;6.557442e-02;1.202505e-01;1.062737e-01;1.619870e-01;7.705105e-02;3.167889e-02;6.853927e-02
6.699699e-02;4.353227e-02;9.205632e-02;1.150453e-01;8.236512e-02;3.759673e-02;1.146584e-01;8.679188e-02;1.935449e-01;6.941389e-02;4.567966e-02;5.231862e-02
4.044053e-02;8.201912e-02;1.300253e-01;9.610018e-02;1.064068e-01;3.455589e-02;9.745960e-02;6.797082e-02;1.757356e-01;5.488878e-02;5.648579e-02;5.791165e-02
6.282797e-02;1.192884e-01;1.107994e-01;1.009441e-01;1.007666e-01;5.586770e-02;1.068673e-01;9.034990e-02;1.079392e-01;5.858387e-02;3.607099e-02;4.969456e-02
9.824340e-02;1.140267e-01;6.072474e-02;1.051167e-01;1.236683e-01;5.026678e-02;1.317711e-01;1.230914e-01;8.103032e-02;5.583345e-02;2.988298e-02;2.634403e-02
7.720221e-02;7.680009e-02;7.626468e-02;8.857951e-02;1.476814e-01;6.705369e-02;1.084435e-01;1.215103e-01;1.088984e-01;6.145998e-02;2.697888e-02;3.912735e-02
1.361057e-01;6.260085e-02;6.741556e-02;8.452562e-02;1.059417e-01;6.132589e-02;9.104354e-02;1.311657e-01;9.663202e-02;7.565638e-02;5.887597e-02;2.871109e-02
1.334344e-01;7.903307e-02;1.050010e-01;6.061696e-02;6.861453e-02;5.296869e-02;1.077223e-01;1.136911e-01;8.189303e-02;8.772748e-02;7.882757e-02;3.046994e-02
1.222945e-01;9.046255e-02;1.118338e-01;6.073377e-02;5.666176e-02;5.663454e-02;1.271400e-01;7.408873e-02;1.242718e-01;7.088233e-02;7.803226e-02;2.696403e-02
9.189133e-02;7.851303e-02;1.348136e-01;5.014175e-02;4.947706e-02;5.157566e-02;1.004366e-01;1.339025e-01;1.318161e-01;6.781287e-02;8.551494e-02;2.410460e-02
7.659338e-02;4.345648e-02;1.943706e-01;4.247348e-02;3.432419e-02;4.913025e-02;6.707492e-02;1.363396e-01;8.530033e-02;1.139220e-01;1.144606e-01;4.255418e-02
6.760938e-02;4.270691e-02;1.861426e-01;2.238166e-02;4.768567e-02;4.393198e-02;6.289758e-02;7.993488e-02;5.193322e-02;1.551145e-01;1.830238e-01;5.663786e-02
3.464079e-02;1.679210e-02;1.268176e-01;2.567969e-02;5.232840e-02;6.539471e-02;7.692008e-02;5.461680e-02;6.342641e-02;1.920926e-01;2.311655e-01;6.012533e-02
3.436031e-02;1.831399e-02;7.288066e-02;3.912758e-02;3.930988e-02;9.008863e-02;6.865892e-02;4.366229e-02;7.582298e-02;2.040173e-01;2.587194e-01;5.503800e-02
3.070193e-02;3.129274e-02;6.627510e-02;3.112450e-02;2.264392e-02;8.918229e-02;6.461666e-02;3.986883e-02;8.656833e-02;2.082363e-01;2.671206e-01;6.236880e-02
2.700205e-02;2.200692e-02;7.807331e-02;2.450327e-02;2.931430e-02;8.555557e-02;9.101419e-02;3.895039e-02;8.704491e-02;2.032389e-01;2.527289e-01;6.056731e-02
1.381036e-02;3.140004e-02;1.440015e-01;3.183496e-02;4.281467e-02;8.087235e-02;1.020597e-01;5.614301e-02;8.057170e-02;1.584091e-01;2.063261e-01;5.175641e-02
5.614599e-02;4.241106e-02;2.010414e-01;6.931555e-02;5.969766e-02;6.331723e-02;7.071584e-02;8.719630e-02;7.476400e-02;1.014688e-01;1.225865e-01;5.133979e-02
6.812246e-02;5.414230e-02;3.199898e-01;7.456909e-02;5.193307e-02;4.948608e-02;6.205869e-02;8.315933e-02;7.238802e-02;6.458100e-02;6.107354e-02;3.849664e-02
5.045244e-02;4.746546e-02;3.740481e-01;7.487227e-02;8.243544e-02;5.483837e-02;8.908050e-02;6.216034e-02;7.363635e-02;4.011552e-02;2.801036e-02;2.288480e-02
2.487777e-02;2.231689e-02;3.028338e-01;5.642079e-02;1.391344e-01;9.050217e-02;1.962019e-01;4.661862e-02;6.072778e-02;3.080587e-02;1.507061e-02;1.448947e-02
2.017696e-02;1.183201e-02;1.106804e-01;2.951303e-02;1.384408e-01;1.311818e-01;3.903723e-01;6.930093e-02;3.893799e-02;3.088590e-02;1.341146e-02;1.526642e-02
1.593095e-02;1.528859e-02;2.922016e-02;1.481378e-02;7.980766e-02;1.057232e-01;5.840780e-01;7.274380e-02;2.845745e-02;2.485296e-02;2.291893e-02;6.164529e-03
4.946457e-03;1.727252e-02;4.350673e-02;7.712385e-03;3.124641e-02;5.630936e-02;6.671093e-01;8.631462e-02;3.402159e-02;1.512779e-02;2.651697e-02;9.915889e-03
1.199584e-02;1.131609e-02;4.299754e-02;9.483459e-03;2.023030e-02;5.474634e-02;5.914831e-01;1.294475e-01;5.521452e-02;3.024497e-02;1.716608e-02;2.567421e-02
5.423208e-02;2.180665e-02;3.852280e-02;1.916195e-02;1.621100e-02;6.192431e-02;4.037358e-01;1.074020e-01;1.124043e-01;7.966355e-02;3.748254e-02;4.745300e-02
2.124308e-01;5.274516e-02;4.334283e-02;2.934719e-02;2.178487e-02;4.193890e-02;1.488571e-01;5.577920e-02;1.079142e-01;9.965594e-02;8.217563e-02;1.040283e-01
3.481715e-01;5.577150e-02;2.516529e-02;2.740209e-02;2.091015e-02;2.798585e-02;1.834638e-01;3.423197e-02;2.894918e-02;3.981839e-02;5.640030e-02;1.517301e-01
4.454263e-01;4.937485e-02;1.249887e-02;1.883191e-02;1.417365e-02;2.500512e-02;1.947514e-01;3.542196e-02;2.281601e-02;2.044426e-02;1.493890e-02;1.463168e-01
4.986790e-01;5.259627e-02;1.660183e-02;2.208849e-02;7.892944e-03;2.893033e-02;1.541646e-01;3.630366e-02;1.979243e-02;1.392472e-02;1.454970e-02;1.344761e-01
4.953640e-01;6.028071e-02;2.437208e-02;2.708236e-02;1.484911e-02;3.451799e-02;1.223238e-01;2.785378e-02;2.345072e-02;1.717378e-02;1.600070e-02;1.367310e-01
4.240936e-01;4.015708e-02;2.184196e-02;3.221644e-02;2.808872e-02;4.355965e-02;9.606538e-02;7.552420e-02;4.613493e-02;3.765830e-02;1.763820e-02;1.370215e-01
2.875938e-01;4.623397e-02;4.552036e-02;3.520678e-02;2.929898e-02;7.090759e-02;1.077934e-01;1.099175e-01;7.454582e-02;6.184004e-02;3.072912e-02;1.004127e-01
2.500616e-01;4.626289e-02;5.806483e-02;3.634272e-02;4.036019e-02;7.635690e-02;1.528685e-01;1.003000e-01;5.097339e-02;7.305212e-02;4.010046e-02;7.525638e-02
2.522985e-01;2.421049e-02;5.677039e-02;3.280018e-02;3.987385e-02;6.709565e-02;1.702721e-01;9.762915e-02;4.756793e-02;7.306824e-02;4.173388e-02;9.667967e-02
2.185121e-01;4.449360e-02;6.021082e-02;4.295220e-02;4.586225e-02;7.703540e-02;1.467113e-01;9.432361e-02;6.494686e-02;6.571169e-02;5.701695e-02;8.222319e-02
1.667521e-01;5.125431e-02;7.367467e-02;6.573730e-02;6.419254e-02;1.091148e-01;1.014991e-01;1.196101e-01;5.684030e-02;5.250573e-02;8.776394e-02;5.105519e-02
1.220369e-01;3.782639e-02;6.792125e-02;8.706133e-02;7.634392e-02;1.078090e-01;1.178719e-01;1.433809e-01;5.275226e-02;6.235654e-02;7.920676e-02;4.543296e-02
9.624998e-02;2.504423e-02;7.278775e-02;1.293519e-01;1.029567e-01;1.028644e-01;1.250290e-01;1.202573e-01;7.660048e-02;6.165618e-02;5.005853e-02;3.714334e-02
9.160823e-02;5.786141e-02;6.192214e-02;1.596509e-01;1.187325e-01;1.371244e-01;9.931976e-02;8.792877e-02;7.247595e-02;4.921116e-02;3.555281e-02;2.861195e-02
9.505703e-02;6.212748e-02;1.150804e-01;1.690516e-01;1.185987e-01;1.098202e-01;1.117175e-01;6.367207e-02;6.153719e-02;4.577705e-02;1.799660e-02;2.956441e-02
1.123352e-01;9.301046e-02;1.451362e-01;1.223324e-01;7.794134e-02;8.174821e-02;1.267961e-01;8.219203e-02;4.648141e-02;4.319791e-02;2.342843e-02;4.540038e-02
1.371259e-01;1.355799e-01;8.804118e-02;9.445376e-02;5.868386e-02;1.159030e-01;8.971085e-02;8.642812e-02;5.071070e-02;6.436034e-02;3.402192e-02;4.498038e-02
1.388073e-01;1.394303e-01;9.222292e-02;7.910847e-02;8.640303e-02;1.102494e-01;6.975167e-02;7.436980e-02;6.410529e-02;7.221549e-02;4.956584e-02;2.377044e-02
1.106789e-01;1.129667e-01;1.075016e-01;8.914960e-02;7.780226e-02;1.019070e-01;9.346883e-02;5.361981e-02;7.432864e-02;9.702539e-02;4.725233e-02;3.429905e-02
5.917794e-02;6.630376e-02;1.062202e-01;1.026957e-01;8.780077e-02;9.639779e-02;1.359762e-01;6.824122e-02;1.086310e-01;7.881281e-02;5.567132e-02;3.407136e-02
9.326115e-02;1.025968e-01;1.384673e-01;5.705241e-02;7.762232e-02;9.956406e-02;1.020945e-01;9.767639e-02;1.270897e-01;3.583587e-02;4.367834e-02;2.506115e-02
1.025215e-01;9.078678e-02;1.540704e-01;5.866785e-02;7.032696e-02;1.076955e-01;9.193388e-02;8.704084e-02;1.215809e-01;3.637554e-02;4.399474e-02;3.500520e-02
7.909725e-02;9.834236e-02;1.437548e-01;5.791410e-02;6.281435e-02;8.187810e-02;1.034308e-01;9.409783e-02;1.198949e-01;5.276830e-02;3.964102e-02;6.636612e-02
1.283002e-01;9.726039e-02;9.133767e-02;4.400833e-02;4.601303e-02;7.148667e-02;1.395831e-01;1.177029e-01;9.709377e-02;6.296115e-02;3.413947e-02;7.011335e-02
7.930225e-02;6.992301e-02;6.028436e-02;6.916776e-02;4.760306e-02;6.170485e-02;1.472085e-01;1.554932e-01;1.255142e-01;8.659425e-02;4.273687e-02;5.446768e-02
3.892927e-02;6.561225e-02;7.582462e-02;9.109345e-02;7.330006e-02;1.348669e-01;1.018031e-01;1.260737e-01;1.406362e-01;7.214452e-02;4.910761e-02;3.060836e-02
8.105981e-02;1.135630e-01;6.771702e-02;8.322468e-02;8.067711e-02;1.078937e-01;8.400651e-02;1.161338e-01;1.447020e-01;4.926682e-02;4.545616e-02;2.629941e-02
9.416933e-02;1.162063e-01;6.559190e-02;8.150997e-02;4.532675e-02;8.194713e-02;7.523723e-02;1.542024e-01;1.105281e-01;6.554546e-02;6.376033e-02;4.597510e-02
6.963771e-02;1.138737e-01;9.908661e-02;7.758332e-02;3.369084e-02;8.590370e-02;1.378340e-01;1.304937e-01;6.728117e-02;7.500937e-02;6.758341e-02;4.202252e-02
8.793130e-02;9.287496e-02;8.962179e-02;6.913035e-02;3.442887e-02;8.027305e-02;2.036411e-01;1.034623e-01;1.086364e-01;5.668085e-02;5.778904e-02;1.552998e-02
1.033653e-01;5.015691e-02;9.779156e-02;1.062976e-01;3.786703e-02;5.713569e-02;1.888041e-01;1.014710e-01;1.100914e-01;6.428316e-02;6.351647e-02;1.921969e-02
8.149895e-02;9.512585e-02;1.370695e-01;8.357992e-02;4.404008e-02;5.359127e-02;1.446487e-01;1.083333e-01;7.046130e-02;8.241089e-02;6.917923e-02;3.006103e-02
1.022397e-01;9.581152e-02;9.786733e-02;6.734000e-02;5.166870e-02;5.533172e-02;1.456588e-01;9.770361e-02;7.992367e-02;8.613916e-02;5.955319e-02;6.076255e-02
1.071162e-01;1.039390e-01;9.829229e-02;5.504625e-02;6.297120e-02;8.443684e-02;1.417752e-01;8.840342e-02;8.410185e-02;6.908116e-02;5.818744e-02;4.664920e-02
9.383776e-02;1.386506e-01;1.307396e-01;5.010839e-02;5.208944e-02;1.124999e-01;1.178682e-01;8.427011e-02;5.759350e-02;8.475005e-02;4.288109e-02;3.471138e-02
4.514096e-02;1.460162e-01;3.130211e-01;6.478418e-02;5.564735e-02;7.657898e-02;6.926315e-02;4.768209e-02;3.497360e-02;9.406551e-02;2.310083e-02;2.972604e-02
8.299600e-02;1.333353e-01;3.578748e-01;6.103214e-02;6.788943e-02;5.906827e-02;7.019600e-02;2.177293e-02;3.881807e-02;5.366127e-02;1.882000e-02;3.453593e-02
1.162923e-01;1.632299e-01;3.600666e-01;3.471942e-02;5.862087e-02;6.607923e-02;4.728807e-02;1.769730e-02;6.137502e-02;3.296321e-02;1.247043e-02;2.919763e-02
1.045159e-01;1.884973e-01;3.965562e-01;3.196078e-02;3.546248e-02;6.627277e-02;2.188264e-02;1.356558e-02;9.066000e-02;2.420946e-02;6.449180e-03;1.996766e-02
4.914830e-02;1.400683e-01;4.779386e-01;4.901785e-02;2.200177e-02;4.619724e-02;1.506375e-02;1.284211e-02;1.169826e-01;4.272197e-02;4.717411e-03;2.330013e-02
1.919809e-02;8.527853e-02;4.875116e-01;4.928456e-02;4.157481e-02;2.328129e-02;2.035422e-02;1.513377e-02;1.128359e-01;1.079629e-01;1.389116e-02;2.369327e-02
1.767538e-02;5.088550e-02;4.183236e-01;5.106515e-02;5.976215e-02;2.454424e-02;4.389505e-02;1.188385e-02;8.183300e-02;1.642390e-01;5.933155e-02;1.656150e-02
1.545043e-02;2.959267e-02;2.981550e-01;1.154328e-01;6.367238e-02;3.385790e-02;4.732851e-02;2.633979e-02;5.456035e-02;1.312991e-01;1.535853e-01;3.072577e-02
1.531988e-02;2.933954e-02;1.429914e-01;1.589114e-01;1.221007e-01;5.174499e-02;3.437678e-02;4.384306e-02;3.864989e-02;5.632390e-02;2.056914e-01;1.007071e-01
4.619338e-02;2.628257e-02;6.119027e-02;1.129055e-01;2.018247e-01;9.467910e-02;6.455736e-02;3.729824e-02;4.255989e-02;5.404804e-02;1.051177e-01;1.533433e-01
9.874564e-02;3.318532e-02;6.160665e-02;6.160014e-02;1.665699e-01;1.976342e-01;1.443102e-01;3.556420e-02;4.175538e-02;5.137105e-02;1.435344e-02;9.330392e-02
9.310833e-02;5.252331e-02;4.388031e-02;4.140656e-02;6.654999e-02;2.100069e-01;2.892368e-01;6.569679e-02;4.357297e-02;4.611608e-02;3.128805e-02;1.661383e-02
3.753611e-02;5.773098e-02;3.344823e-02;2.256574e-02;4.514583e-02;1.257830e-01;3.761773e-01;1.190679e-01;9.228516e-02;4.919402e-02;2.606467e-02;1.500119e-02
2.497086e-02;4.901783e-02;3.191407e-02;2.325288e-02;4.336002e-02;6.428780e-02;3.475627e-01;1.105605e-01;1.301056e-01;1.220610e-01;3.307051e-02;1.983624e-02
4.082399e-02;6.876730e-02;1.998437e-02;4.442636e-02;7.884701e-02;3.956881e-02;2.838075e-01;3.522668e-02;7.016442e-02;2.470257e-01;5.478492e-02;1.657290e-02
5.758429e-02;7.260238e-02;4.266601e-02;4.623217e-02;8.325230e-02;6.231582e-02;1.377147e-01;9.205156e-02;1.349766e-01;1.705522e-01;7.250308e-02;2.754883e-02
7.919744e-02;6.520274e-02;6.400211e-02;3.380812e-02;7.227746e-02;8.340999e-02;1.959621e-01;7.992507e-02;1.129656e-01;9.999039e-02;5.615727e-02;5.710171e-02
6.228850e-02;2.079571e-02;3.116672e-02;2.062645e-02;6.514082e-02;7.862952e-02;3.256845e-01;1.050630e-01;6.373910e-02;1.219961e-01;4.746421e-02;5.740542e-02
3.326773e-02;1.338694e-02;6.639000e-02;3.771389e-02;5.884764e-02;9.382997e-02;3.267080e-01;1.143113e-01;8.986039e-02;8.045338e-02;4.489813e-02;4.033264e-02
3.448860e-02;1.392391e-02;9.621165e-02;4.644880e-02;6.670787e-02;1.167005e-01;2.600351e-01;1.330264e-01;7.485848e-02;4.469693e-02;6.398527e-02;4.891644e-02
2.437599e-02;2.223577e-02;9.711234e-02;3.792878e-02;6.624646e-02;1.170333e-01;2.216165e-01;1.411927e-01;6.776663e-02;1.033538e-01;4.309309e-02;5.804471e-02
3.297961e-02;2.314343e-02;1.122038e-01;4.084426e-02;6.459022e-02;1.036635e-01;2.024277e-01;1.117764e-01;7.116330e-02;1.365094e-01;3.694284e-02;6.375558e-02
5.171395e-02;4.390487e-02;1.451576e-01;3.346480e-02;6.021403e-02;8.425257e-02;1.913496e-01;6.543801e-02;1.035889e-01;1.064956e-01;3.305461e-02;8.136533e-02
3.205039e-02;4.745662e-02;1.369958e-01;2.231311e-02;8.710501e-02;9.068960e-02;1.210194e-01;1.180399e-01;1.757026e-01;6.752568e-02;2.849107e-02;7.261080e-02
4.868501e-02;3.851258e-02;9.087078e-02;4.867497e-02;7.983178e-02;1.345161e-01;6.038045e-02;7.775345e-02;1.927657e-01;1.382482e-01;4.470553e-02;4.505542e-02
4.438148e-02;4.642473e-02;8.544327e-02;6.480753e-02;8.600421e-02;1.826620e-01;1.597811e-01;2.162336e-02;1.108725e-01;1.116983e-01;3.907154e-02;4.722988e-02
5.939853e-02;5.687720e-02;8.003669e-02;6.185164e-02;1.214012e-01;1.422470e-01;1.372482e-01;5.748067e-02;6.814601e-02;8.962044e-02;7.630554e-02;4.938689e-02
4.068622e-02;5.320675e-02;9.294536e-02;5.016463e-02;1.033350e-01;1.146374e-01;1.469774e-01;5.566930e-02;8.899699e-02;1.148479e-01;9.338869e-02;4.514431e-02
3.086739e-02;6.485422e-02;1.090781e-01;6.646812e-02;1.269092e-01;1.052538e-01;1.372050e-01;7.259833e-02;7.199267e-02;9.014268e-02;8.540326e-02;3.922722e-02
3.599077e-02;6.155969e-02;1.144211e-01;7.948788e-02;1.967042e-01;9.982248e-02;1.497164e-01;7.598833e-02;4.937482e-02;4.547411e-02;4.775015e-02;4.371008e-02
5.525979e-02;5.330626e-02;1.339465e-01;6.284399e-02;1.651152e-01;8.441559e-02;1.822947e-01;7.458628e-02;6.675688e-02;4.009210e-02;4.170993e-02;3.967284e-02
8.768742e-02;2.789218e-02;1.487501e-01;1.360566e-01;1.554006e-01;5.540247e-02;1.359860e-01;7.289738e-02;6.049644e-02;5.047291e-02;3.103671e-02;3.792113e-02
7.866874e-02;5.768265e-02;1.119787e-01;1.723306e-01;2.300450e-01;6.515198e-02;8.727172e-02;4.635086e-02;6.345171e-02;4.029848e-02;1.775000e-02;2.901964e-02
5.297200e-02;7.055382e-02;7.108653e-02;1.419082e-01;2.568160e-01;8.536071e-02;8.025859e-02;4.344037e-02;7.329644e-02;6.416473e-02;3.199236e-02;2.815026e-02
3.388722e-02;4.150669e-02;1.235449e-01;1.407066e-01;2.239103e-01;9.784304e-02;1.153127e-01;5.104233e-02;4.423926e-02;6.622682e-02;3.088545e-02;3.089477e-02
5.002317e-02;2.114446e-02;1.803656e-01;1.444078e-01;1.404943e-01;9.641500e-02;1.285062e-01;6.188175e-02;5.846100e-02;5.998090e-02;2.777068e-02;3.054918e-02
4.793162e-02;4.796641e-02;1.972116e-01;9.419114e-02;9.794224e-02;8.508013e-02;1.534228e-01;8.362756e-02;8.300005e-02;4.747409e-02;3.868246e-02;2.346992e-02
5.765851e-02;7.591306e-02;1.659091e-01;4.825395e-02;1.021751e-01;1.016859e-01;1.665647e-01;8.542785e-02;7.576284e-02;4.992069e-02;4.033910e-02;3.038910e-02
8.231842e-02;9.462433e-02;1.485075e-01;4.417920e-02;1.004680e-01;1.124303e-01;1.265275e-01;6.898898e-02;6.897043e-02;7.344484e-02;3.369245e-02;4.584800e-02
1.016701e-01;6.394502e-02;2.115490e-01;4.505652e-02;5.731178e-02;7.803787e-02;1.314515e-01;4.342204e-02;5.647339e-02;9.780154e-02;6.119484e-02;5.208636e-02
7.676353e-02;4.578026e-02;2.573820e-01;3.934388e-02;5.204446e-02;7.227746e-02;1.641630e-01;7.422899e-02;4.735496e-02;9.829774e-02;4.292257e-02;2.944115e-02
5.478197e-02;3.882211e-02;2.556911e-01;3.519044e-02;7.333812e-02;9.837876e-02;2.101741e-01;9.801199e-02;4.549064e-02;5.773394e-02;1.878469e-02;1.360207e-02
4.867675e-02;2.151887e-02;2.207569e-01;3.184559e-02;6.767806e-02;1.121519e-01;2.559565e-01;1.040852e-01;3.820169e-02;4.030725e-02;3.566960e-02;2.315167e-02
5.461919e-02;4.146522e-02;1.900539e-01;3.708017e-02;4.818341e-02;1.136839e-01;2.658514e-01;9.991281e-02;4.503711e-02;3.416781e-02;3.658727e-02;3.335792e-02
3.994042e-02;3.104170e-02;1.252616e-01;2.388712e-02;8.309793e-02;8.553325e-02;4.432187e-01;3.966793e-02;4.151104e-02;3.255221e-02;2.283497e-02;3.145308e-02
2.929480e-02;2.352563e-02;1.415729e-01;2.485743e-02;1.070471e-01;9.608229e-02;4.201201e-01;3.622000e-02;3.354146e-02;3.650972e-02;2.264891e-02;2.857964e-02
2.966749e-02;1.903145e-02;1.842359e-01;3.194721e-02;1.430142e-01;1.076773e-01;3.418812e-01;3.177700e-02;3.171717e-02;2.973828e-02;1.797974e-02;3.133300e-02
4.453530e-02;2.435349e-02;2.316705e-01;3.827017e-02;1.786632e-01;1.218589e-01;2.109869e-01;2.846228e-02;3.015793e-02;4.063741e-02;1.970772e-02;3.069610e-02
6.281675e-02;3.476258e-02;1.055198e-01;1.800498e-02;7.947414e-02;9.519833e-02;4.229144e-01;3.410925e-02;2.334271e-02;7.499868e-02;2.998285e-02;1.887555e-02
4.728035e-02;5.042671e-02;3.661092e-02;8.905281e-03;2.067531e-02;6.874070e-02;5.664698e-01;4.160769e-02;2.485288e-02;8.206764e-02;4.169318e-02;1.066951e-02
2.028783e-02;6.157301e-02;1.495603e-02;5.084138e-03;2.042795e-02;5.371579e-02;6.259589e-01;7.328616e-02;2.105205e-02;4.568750e-02;5.199717e-02;5.973516e-03
7.925346e-03;6.707594e-02;3.455685e-02;5.235366e-03;2.095692e-02;4.290638e-02;6.098204e-01;1.360832e-01;1.208003e-02;1.489825e-02;4.410207e-02;4.359191e-03
1.787825e-02;9.295825e-02;7.650623e-02;5.506603e-03;1.723629e-02;2.961730e-02;4.888000e-01;2.140918e-01;1.397875e-02;8.804315e-03;2.552039e-02;9.101862e-03
3.160377e-02;9.278499e-02;1.203932e-01;7.762759e-03;1.153846e-02;1.859988e-02;3.801773e-01;2.738943e-01;2.867094e-02;1.172330e-02;9.731692e-03;1.311952e-02
2.664859e-02;3.016482e-02;1.172944e-01;1.189912e-02;9.983409e-03;2.405474e-02;4.589161e-01;2.327761e-01;3.957395e-02;1.949012e-02;1.298541e-02;1.621323e-02
1.615561e-02;5.597148e-02;8.224003e-02;1.135471e-02;1.300108e-02;4.720121e-02;5.401450e-01;1.492387e-01;2.912524e-02;1.936366e-02;2.061354e-02;1.558979e-02
1.841934e-02;5.163015e-02;7.078938e-02;9.831836e-03;1.126763e-02;3.826038e-02;5.389071e-01;1.892985e-01;2.524227e-02;1.924186e-02;1.525573e-02;1.185577e-02
1.477570e-02;2.877860e-02;7.196193e-02;9.467975e-03;8.752656e-03;2.686762e-02;5.605863e-01;1.685297e-01;3.972129e-02;3.599304e-02;1.619360e-02;1.837164e-02
9.058731e-03;1.463595e-02;6.681453e-02;1.118920e-02;1.385122e-02;2.400439e-02;5.415511e-01;1.699059e-01;8.263186e-02;3.444404e-02;1.625767e-02;1.565533e-02
9.871935e-03;2.419149e-02;5.895331e-02;1.560898e-02;3.065751e-02;3.641291e-02;4.993118e-01;1.881813e-01;8.571481e-02;2.418690e-02;1.523626e-02;1.167281e-02
2.591838e-02;4.236833e-02;5.465170e-02;2.054275e-02;6.815866e-02;8.143741e-02;4.538347e-01;1.526788e-01;4.907020e-02;2.014917e-02;1.952858e-02;1.166131e-02
3.241209e-02;2.767010e-02;6.197252e-02;2.931843e-02;1.410289e-01;1.194706e-01;4.310023e-01;6.967055e-02;3.932969e-02;1.309009e-02;1.832228e-02;1.671240e-02
1.078411e-02;2.594108e-02;2.231685e-01;5.136214e-02;1.502565e-01;8.574337e-02;3.056973e-01;4.042152e-02;4.585918e-02;1.291744e-02;2.715671e-02;2.069224e-02
1.653390e-02;3.880774e-02;4.236985e-01;7.148623e-02;1.059029e-01;4.951749e-02;1.608972e-01;2.586287e-02;3.578989e-02;2.199733e-02;3.364648e-02;1.585945e-02
3.585510e-02;4.100454e-02;4.440089e-01;5.339016e-02;6.327421e-02;4.230276e-02;1.615023e-01;4.264667e-02;4.258043e-02;3.466054e-02;2.662058e-02;1.215376e-02
6.626562e-02;5.142566e-02;3.575614e-01;3.635019e-02;4.442631e-02;2.931652e-02;1.724394e-01;6.760667e-02;4.832527e-02;4.792084e-02;4.354380e-02;3.481831e-02
6.812838e-02;4.365657e-02;2.512828e-01;3.777483e-02;5.263310e-02;5.985211e-02;1.554022e-01;6.140404e-02;3.777203e-02;8.707687e-02;8.906216e-02;5.595493e-02
4.959674e-02;4.468051e-02;2.053447e-01;5.002176e-02;7.447855e-02;6.693368e-02;9.084074e-02;4.789552e-02;5.220375e-02;1.496567e-01;1.101309e-01;5.821642e-02
3.696766e-02;5.706177e-02;2.141856e-01;7.140124e-02;8.167025e-02;4.749940e-02;8.658784e-02;7.025676e-02;6.359542e-02;1.468683e-01;6.800803e-02;5.589771e-02
3.924892e-02;5.052144e-02;2.652268e-01;5.720915e-02;7.303240e-02;5.505507e-02;8.665416e-02;9.411527e-02;7.768214e-02;9.563626e-02;4.896769e-02;5.665073e-02
4.079043e-02;6.053856e-02;2.380594e-01;5.128049e-02;8.361781e-02;5.087867e-02;1.129794e-01;1.006854e-01;6.077596e-02;8.155859e-02;5.121874e-02;6.761648e-02
4.875367e-02;8.988040e-02;1.749087e-01;5.254665e-02;1.078658e-01;3.757210e-02;1.607926e-01;8.165809e-02;4.677721e-02;8.436041e-02;8.407214e-02;3.081216e-02
6.225052e-02;7.710858e-02;1.400379e-01;4.980535e-02;9.231845e-02;4.304954e-02;1.988041e-01;9.322134e-02;5.492227e-02;7.136425e-02;8.536093e-02;3.175677e-02
5.403711e-02;6.991956e-02;1.009705e-01;6.811692e-02;7.669619e-02;3.573725e-02;2.279593e-01;1.286543e-01;6.740585e-02;7.530655e-02;7.012781e-02;2.506862e-02
