1.112915e-01;6.393352e-02;1.215513e-01;1.168628e-01;8.954096e-02;6.144220e-02;7.904753e-02;9.936724e-02;7.606351e-02;7.945608e-02;4.566585e-02;5.577755e-02
1.232801e-01;4.847142e-02;6.886206e-02;1.305691e-01;1.330300e-01;6.216859e-02;7.284471e-02;8.677099e-02;6.397850e-02;8.913527e-02;6.056879e-02;6.032057e-02
1.240727e-01;4.512670e-02;7.567254e-02;1.351551e-01;1.417367e-01;6.357227e-02;7.028457e-02;7.001039e-02;5.942012e-02;9.346465e-02;5.759125e-02;6.389304e-02
9.343538e-02;1.097675e-01;1.027178e-01;1.254748e-01;1.087416e-01;7.275201e-02;7.393859e-02;5.379983e-02;8.166581e-02;7.506711e-02;4.351860e-02;5.912104e-02
6.348740e-02;1.420996e-01;1.797428e-01;9.868304e-02;8.032269e-02;6.413946e-02;5.576766e-02;5.139752e-02;1.125279e-01;5.949706e-02;3.694334e-02;5.539149e-02
4.999494e-02;9.480674e-02;3.140443e-01;7.118098e-02;5.916167e-02;2.770361e-02;4.753598e-02;3.964911e-02;1.099006e-01;1.193480e-01;2.025890e-02;4.641521e-02
7.973910e-02;5.895420e-02;3.379734e-01;5.700845e-02;5.055671e-02;4.255558e-02;5.508204e-02;4.048053e-02;9.349510e-02;1.292431e-01;2.607668e-02;2.883517e-02
1.049534e-01;8.442792e-02;2.962039e-01;3.822472e-02;6.068496e-02;4.926350e-02;7.428090e-02;5.892526e-02;5.680289e-02;1.010957e-01;3.640369e-02;3.873321e-02
1.182989e-01;6.532072e-02;2.454886e-01;4.487325e-02;5.696876e-02;3.063103e-02;7.851692e-02;7.211902e-02;6.280844e-02;1.161970e-01;3.660462e-02;7.217275e-02
9.464289e-02;5.274879e-02;2.131699e-01;6.689380e-02;4.802831e-02;4.096466e-02;5.781164e-02;7.621380e-02;9.916558e-02;1.437979e-01;3.111777e-02;7.544494e-02
7.294900e-02;4.459281e-02;2.292254e-01;7.108138e-02;8.411240e-02;5.544997e-02;6.847398e-02;6.093267e-02;1.020360e-01;1.171673e-01;3.885718e-02;5.512192e-02
7.693984e-02;5.823477e-02;2.189095e-01;7.228919e-02;1.132903e-01;3.975213e-02;8.308047e-02;4.320876e-02;7.695273e-02;8.229031e-02;4.621109e-02;8.884086e-02
8.638726e-02;4.355864e-02;2.090069e-01;9.493517e-02;8.055743e-02;4.740679e-02;7.881755e-02;6.982901e-02;8.390476e-02;9.240786e-02;4.411989e-02;6.906871e-02
7.186232e-02;4.277899e-02;2.568371e-01;1.110515e-01;7.179900e-02;6.057956e-02;8.730945e-02;9.072418e-02;8.831035e-02;8.103873e-02;1.814381e-02;1.956503e-02
1.218676e-01;7.000834e-02;1.406454e-01;7.512390e-02;5.059452e-02;1.077740e-01;1.746829e-01;5.569958e-02;7.476070e-02;7.601570e-02;2.032291e-02;3.250443e-02
1.621767e-01;8.326746e-02;5.605917e-02;6.224625e-02;6.227380e-02;1.541950e-01;2.010405e-01;6.784691e-02;4.985214e-02;6.365301e-02;1.982435e-02;1.756472e-02
1.631397e-01;6.498959e-02;5.359625e-02;6.005955e-02;7.987696e-02;1.441914e-01;1.636297e-01;7.230619e-02;5.658307e-02;5.340412e-02;2.708291e-02;6.114056e-02
1.017493e-01;4.783370e-02;8.512779e-02;1.267678e-01;1.007329e-01;7.397442e-02;9.209057e-02;5.356895e-02;7.224049e-02;5.441731e-02;8.671010e-02;1.047867e-01
6.615341e-02;4.226335e-02;1.827825e-01;1.742089e-01;6.391650e-02;4.765302e-02;4.029023e-02;4.407040e-02;6.129894e-02;9.257790e-02;1.192654e-01;6.551937e-02
6.611571e-02;3.939546e-02;3.055914e-01;1.056896e-01;2.791618e-02;2.923660e-02;4.387094e-02;2.184046e-02;6.451859e-02;1.844994e-01;7.981050e-02;3.151516e-02
4.287012e-02;3.382872e-02;3.553118e-01;4.051522e-02;2.877349e-02;1.277916e-02;5.516955e-02;1.322871e-02;5.267596e-02;2.826344e-01;4.616646e-02;3.604638e-02
3.104918e-02;5.175072e-02;3.010626e-01;2.852051e-02;2.453941e-02;2.309016e-02;4.814157e-02;2.501649e-02;1.065683e-01;2.633538e-01;5.258584e-02;4.432144e-02
3.439113e-02;8.173638e-02;2.705148e-01;2.412127e-02;1.813346e-02;2.871448e-02;2.649488e-02;4.475437e-02;1.970766e-01;1.588892e-01;5.757146e-02;5.760193e-02
4.206046e-02;7.783654e-02;2.485323e-01;2.056246e-02;1.733706e-02;2.325202e-02;3.674025e-02;4.665564e-02;1.966553e-01;2.042849e-01;4.112376e-02;4.495933e-02
4.839899e-02;7.531375e-02;2.627015e-01;2.863426e-02;1.995899e-02;2.440169e-02;4.151525e-02;4.256000e-02;1.369369e-01;2.456934e-01;3.857448e-02;3.531081e-02
7.725883e-02;9.424438e-02;3.161559e-01;4.446930e-02;3.632345e-02;2.162132e-02;4.555817e-02;4.296944e-02;9.557132e-02;1.717231e-01;2.026693e-02;3.383780e-02
1.193796e-01;7.789716e-02;3.081448e-01;6.562234e-02;5.228543e-02;1.724082e-02;4.530935e-02;3.819106e-02;1.365872e-01;6.971618e-02;3.274892e-02;3.687702e-02
9.709845e-02;3.158525e-02;2.850097e-01;6.905260e-02;4.114444e-02;2.986948e-02;3.257316e-02;3.816613e-02;1.704911e-01;1.219292e-01;4.550724e-02;3.757326e-02
7.416052e-02;5.919632e-02;2.873738e-01;8.541454e-02;2.547797e-02;4.464098e-02;2.359507e-02;4.410804e-02;1.625111e-01;1.154869e-01;4.805039e-02;2.998431e-02
8.549958e-02;4.418644e-02;2.578512e-01;8.188330e-02;3.279130e-02;4.787787e-02;3.420357e-02;3.280802e-02;1.195028e-01;1.777030e-01;4.076183e-02;4.493114e-02
9.292903e-02;2.607417e-02;2.207761e-01;6.425649e-02;3.213320e-02;3.905011e-02;6.148782e-02;2.899231e-02;1.107896e-01;2.078384e-01;6.568791e-02;4.998489e-02
7.388316e-02;6.311366e-02;3.162160e-01;4.359080e-02;3.760650e-02;2.368030e-02;5.728045e-02;3.396910e-02;7.762223e-02;1.841781e-01;5.361683e-02;3.524288e-02
4.522059e-02;6.908725e-02;3.471285e-01;5.728459e-02;3.718366e-02;2.694829e-02;4.016216e-02;3.467888e-02;5.497498e-02;2.264375e-01;2.122614e-02;3.966749e-02
4.188673e-02;8.990517e-02;2.307497e-01;5.165992e-02;2.672565e-02;3.965405e-02;4.153264e-02;3.545733e-02;1.595064e-01;1.964814e-01;3.864562e-02;4.779555e-02
7.639178e-02;1.069752e-01;1.245451e-01;4.034251e-02;3.234231e-02;3.657053e-02;4.564239e-02;6.103367e-02;2.459410e-01;1.437483e-01;5.395991e-02;3.250741e-02
1.369734e-01;8.650614e-02;9.816714e-02;2.953232e-02;6.473029e-02;1.695417e-02;5.661729e-02;1.198894e-01;2.157231e-01;8.624527e-02;6.604460e-02;2.261685e-02
1.706420e-01;4.476004e-02;6.295215e-02;1.963745e-02;9.451997e-02;2.606736e-02;8.808031e-02;1.992774e-01;1.415511e-01;6.134863e-02;6.258836e-02;2.857527e-02
1.400446e-01;4.167460e-02;7.226316e-02;1.398491e-02;8.434667e-02;3.336648e-02;1.088080e-01;2.013082e-01;1.664509e-01;7.312066e-02;3.629738e-02;2.833453e-02
1.139997e-01;5.574603e-02;1.075028e-01;1.674509e-02;6.542366e-02;3.128013e-02;9.540252e-02;1.568580e-01;1.979747e-01;7.802992e-02;4.755468e-02;3.348264e-02
1.254708e-01;3.839070e-02;1.348987e-01;1.171513e-02;6.555224e-02;1.946897e-02;8.773365e-02;1.580572e-01;1.671592e-01;7.969804e-02;7.711174e-02;3.474366e-02
1.251105e-01;3.048895e-02;1.346506e-01;2.090452e-02;5.557448e-02;1.946819e-02;4.071713e-02;2.209307e-01;1.434065e-01;1.056792e-01;6.648950e-02;3.657973e-02
1.363121e-01;5.682399e-02;1.232088e-01;2.582408e-02;4.499764e-02;2.214795e-02;7.213039e-02;2.478001e-01;6.882140e-02;1.009014e-01;7.914641e-02;2.188575e-02
1.417794e-01;5.381214e-02;9.143781e-02;3.305007e-02;3.259341e-02;2.093740e-02;1.131363e-01;2.059638e-01;1.013577e-01;1.077720e-01;7.713318e-02;2.102672e-02
1.571233e-01;8.594190e-02;8.720608e-02;3.663472e-02;5.350992e-02;4.077243e-02;6.645156e-02;1.579279e-01;1.140075e-01;1.113964e-01;5.669224e-02;3.233603e-02
1.330947e-01;1.054325e-01;9.543438e-02;3.743038e-02;9.733381e-02;2.567685e-02;6.266340e-02;1.402067e-01;6.296674e-02;1.051765e-01;9.136613e-02;4.321779e-02
1.237994e-01;6.048414e-02;1.190206e-01;2.513640e-02;1.165237e-01;1.475037e-02;5.627526e-02;1.424489e-01;8.422329e-02;1.280535e-01;7.693526e-02;5.234933e-02
1.338829e-01;4.147002e-02;1.302465e-01;2.791137e-02;8.048324e-02;2.451598e-02;4.637189e-02;1.284250e-01;1.110848e-01;1.268570e-01;8.783207e-02;6.091920e-02
1.389824e-01;5.016690e-02;1.231114e-01;3.669275e-02;5.593656e-02;4.093887e-02;5.083384e-02;1.283823e-01;1.202413e-01;1.038738e-01;8.505851e-02;6.578150e-02
1.214817e-01;6.652343e-02;1.497909e-01;4.893874e-02;5.805113e-02;3.807236e-02;6.023951e-02;1.401523e-01;1.111303e-01;9.665735e-02;4.648979e-02;6.247252e-02
1.129249e-01;6.992307e-02;1.396044e-01;5.249873e-02;5.798328e-02;2.929793e-02;8.042208e-02;1.482313e-01;1.086373e-01;8.343938e-02;7.391922e-02;4.311847e-02
1.163164e-01;5.643280e-02;7.821736e-02;5.037113e-02;4.616975e-02;4.259342e-02;1.190633e-01;1.675644e-01;1.085775e-01;8.031380e-02;9.791616e-02;3.646407e-02
9.650712e-02;3.641794e-02;8.452055e-02;3.338709e-02;5.692487e-02;5.109624e-02;1.245087e-01;1.848394e-01;1.376851e-01;8.067536e-02;6.838028e-02;4.505739e-02
5.043888e-02;6.968752e-02;1.343365e-01;1.171388e-01;8.419481e-02;4.390305e-02;9.392309e-02;7.787055e-02;1.063299e-01;8.475902e-02;9.288779e-02;4.453022e-02
3.005234e-02;5.884572e-02;1.540916e-01;2.092286e-01;7.948367e-02;3.877272e-02;8.128254e-02;3.963990e-02;6.239887e-02;7.527599e-02;1.402013e-01;3.072688e-02
1.887531e-02;3.921492e-02;1.542278e-01;2.927983e-01;5.923457e-02;2.858314e-02;5.162872e-02;2.501979e-02;4.637993e-02;6.663514e-02;1.989893e-01;1.841300e-02
1.116987e-02;1.865030e-02;1.967119e-01;2.906025e-01;2.907702e-02;1.041983e-02;2.892903e-02;1.217231e-02;4.320500e-02;9.115591e-02;2.583000e-01;9.606267e-03
9.220319e-03;1.153508e-02;1.783883e-01;2.433677e-01;2.391822e-02;9.858608e-03;1.944502e-02;1.347580e-02;3.145860e-02;9.441391e-02;3.557657e-01;9.152712e-03
7.532430e-03;8.845198e-03;1.183174e-01;2.961544e-01;1.978751e-02;1.342796e-02;9.618580e-03;1.441725e-02;2.320942e-02;5.908165e-02;4.239768e-01;5.631458e-03
7.170620e-03;9.298941e-03;8.651359e-02;3.506139e-01;2.603130e-02;1.388721e-02;7.092103e-03;1.722394e-02;1.568445e-02;3.158941e-02;4.230611e-01;1.183337e-02
6.753637e-03;1.101420e-02;6.275707e-02;3.749472e-01;2.860424e-02;1.117290e-02;8.514994e-03;3.180547e-02;1.438856e-02;2.226801e-02;4.024754e-01;2.529829e-02
5.733664e-03;1.428717e-02;4.793289e-02;3.722171e-01;3.337006e-02;1.010207e-02;9.777209e-03;6.127210e-02;1.338927e-02;3.292837e-02;3.424588e-01;5.653135e-02
5.016532e-03;1.892572e-02;4.144002e-02;2.996823e-01;1.034353e-01;8.763740e-03;1.082121e-02;8.317034e-02;1.285825e-02;8.880302e-02;2.295896e-01;9.749390e-02
9.132307e-03;3.028383e-02;3.716061e-02;1.878696e-01;2.040703e-01;9.964908e-03;1.252015e-02;7.523569e-02;3.696825e-02;1.804817e-01;4.796280e-02;1.683498e-01
1.326755e-02;2.193617e-02;2.114168e-02;1.171348e-01;1.935637e-01;1.055576e-02;1.823341e-02;3.833370e-02;9.165455e-02;1.495278e-01;1.337151e-01;1.909358e-01
3.283205e-02;1.217287e-02;3.195754e-02;4.000353e-02;1.911865e-01;2.519258e-02;3.481032e-02;3.507108e-02;1.387250e-01;9.624755e-02;1.448023e-01;2.169987e-01
1.284291e-01;1.247801e-02;3.177543e-02;3.934569e-02;1.473017e-01;6.762139e-02;4.747615e-02;3.490870e-02;1.212397e-01;1.006378e-01;1.039369e-01;1.648494e-01
2.315069e-01;2.134353e-02;2.017946e-02;3.670316e-02;6.192685e-02;9.830756e-02;8.053140e-02;5.204669e-02;8.008944e-02;1.480951e-01;6.280247e-02;1.064675e-01
1.968132e-01;7.064739e-02;2.791811e-02;7.111976e-02;2.832586e-02;9.385690e-02;1.457126e-01;5.476160e-02;9.190000e-02;1.295037e-01;3.575654e-02;5.368432e-02
1.086851e-01;1.132621e-01;3.545696e-02;7.734685e-02;5.551427e-02;1.105218e-01;2.264187e-01;4.794258e-02;8.409245e-02;8.319620e-02;1.525473e-02;4.230823e-02
1.189941e-01;8.190436e-02;4.609451e-02;6.916365e-02;6.637581e-02;9.787104e-02;2.183334e-01;5.940324e-02;6.859794e-02;6.906600e-02;4.689271e-02;5.730325e-02
9.824795e-02;6.218817e-02;6.311024e-02;7.535741e-02;6.347616e-02;7.197092e-02;1.860074e-01;7.370360e-02;7.598502e-02;5.916587e-02;8.152318e-02;8.926407e-02
6.617233e-02;4.563732e-02;9.815758e-02;7.429959e-02;7.631400e-02;6.555738e-02;1.474987e-01;5.836147e-02;8.777555e-02;4.793186e-02;8.553919e-02;1.467550e-01
5.443365e-02;2.339027e-02;1.266798e-01;9.163558e-02;1.133141e-01;6.476976e-02;1.491967e-01;4.850532e-02;1.057468e-01;5.957858e-02;2.941257e-02;1.333370e-01
4.414158e-02;2.519522e-02;1.500817e-01;8.298428e-02;1.003804e-01;5.672731e-02;1.785520e-01;3.275162e-02;1.316704e-01;6.696105e-02;5.314022e-02;7.741424e-02
4.904969e-02;3.657294e-02;1.464553e-01;8.808316e-02;1.011588e-01;6.514823e-02;1.718146e-01;2.770493e-02;1.026663e-01;8.374418e-02;8.941746e-02;3.818434e-02
9.533389e-02;5.413105e-02;8.624727e-02;1.028900e-01;8.009561e-02;5.186618e-02;1.313595e-01;5.551149e-02;5.073332e-02;7.661799e-02;1.122905e-01;1.029232e-01
9.730843e-02;5.587379e-02;9.782577e-02;1.249121e-01;6.105517e-02;5.115726e-02;8.556066e-02;7.454845e-02;5.529610e-02;7.815434e-02;8.234251e-02;1.359655e-01
8.853583e-02;4.948905e-02;8.185437e-02;9.338683e-02;8.877683e-02;5.536852e-02;8.996107e-02;7.622506e-02;5.519446e-02;1.160808e-01;7.967936e-02;1.254479e-01
1.403773e-01;6.983192e-02;4.014532e-02;4.509106e-02;5.952331e-02;6.589732e-02;1.272310e-01;7.009797e-02;6.392407e-02;1.128296e-01;1.092382e-01;9.581298e-02
1.449376e-01;7.624718e-02;7.097687e-02;7.260451e-02;6.147927e-02;6.480850e-02;1.245291e-01;7.508516e-02;6.218128e-02;5.400896e-02;8.826531e-02;1.048762e-01
1.114463e-01;5.553708e-02;8.137412e-02;7.901347e-02;7.041158e-02;6.555858e-02;8.140576e-02;8.277353e-02;6.307128e-02;7.863870e-02;3.687783e-02;1.938918e-01
6.753246e-02;4.443717e-02;6.359060e-02;4.771551e-02;6.033083e-02;5.987969e-02;5.092570e-02;7.199651e-02;9.991129e-02;9.280280e-02;1.031443e-01;2.377331e-01
9.958136e-02;5.638634e-02;4.374984e-02;7.056791e-02;7.072043e-02;6.581381e-02;5.057374e-02;5.729742e-02;9.605903e-02;6.562579e-02;1.117622e-01;2.118621e-01
1.084035e-01;4.989481e-02;6.741608e-02;6.378786e-02;8.697386e-02;7.086967e-02;7.850101e-02;6.133232e-02;7.533763e-02;5.601798e-02;9.549465e-02;1.859707e-01
1.176512e-01;3.983887e-02;8.138328e-02;5.381000e-02;5.836163e-02;7.896390e-02;1.044846e-01;5.164837e-02;4.930333e-02;8.805400e-02;8.073395e-02;1.957669e-01
1.284240e-01;4.350477e-02;8.754551e-02;1.123739e-01;4.493073e-02;9.716218e-02;7.473373e-02;5.994312e-02;7.775974e-02;1.166962e-01;2.991940e-02;1.270067e-01
9.727816e-02;4.075793e-02;9.232018e-02;8.792922e-02;5.164432e-02;5.722342e-02;1.277618e-01;6.224222e-02;1.104464e-01;1.239229e-01;5.702977e-02;9.144369e-02
6.231872e-02;3.886594e-02;7.923779e-02;7.806777e-02;5.946822e-02;8.014646e-02;2.783321e-01;7.654736e-02;8.114862e-02;8.521102e-02;3.721092e-02;4.344513e-02
6.109861e-02;2.836014e-02;4.121952e-02;1.048232e-01;6.493461e-02;1.301736e-01;3.365318e-01;9.319905e-02;4.547829e-02;5.878168e-02;1.811537e-02;1.728407e-02
5.933973e-02;2.092226e-02;3.731792e-02;1.126490e-01;7.620633e-02;1.810270e-01;3.235655e-01;9.773803e-02;2.455210e-02;4.115558e-02;1.140064e-02;1.412603e-02
3.832123e-02;2.298334e-02;1.391346e-01;9.778703e-02;8.504637e-02;1.820231e-01;2.619181e-01;8.971660e-02;2.159055e-02;2.829667e-02;1.343198e-02;1.975038e-02
3.707765e-02;4.441584e-02;2.675551e-01;8.215037e-02;6.493179e-02;1.124434e-01;2.007916e-01;8.218244e-02;2.598807e-02;2.376824e-02;1.199069e-02;4.670478e-02
6.828596e-02;5.241688e-02;2.357154e-01;5.585936e-02;5.357863e-02;9.221757e-02;2.042949e-01;8.681524e-02;3.680677e-02;2.481266e-02;2.250220e-02;6.669445e-02
7.334284e-02;3.258898e-02;1.074178e-01;3.951830e-02;6.275072e-02;1.189483e-01;3.104109e-01;9.915118e-02;4.295877e-02;3.030104e-02;2.183826e-02;6.077278e-02
3.930257e-02;2.531936e-02;1.248023e-01;4.916115e-02;7.925524e-02;1.309890e-01;2.966308e-01;7.764328e-02;4.613045e-02;8.906837e-02;7.133582e-03;3.456388e-02
2.701221e-02;3.992404e-02;9.366298e-02;4.855369e-02;7.573948e-02;9.423231e-02;2.194250e-01;1.050198e-01;7.568788e-02;1.747256e-01;1.044198e-02;3.557490e-02
3.712719e-02;5.004827e-02;6.896880e-02;7.705541e-02;7.828312e-02;7.048415e-02;1.933379e-01;1.333196e-01;7.442007e-02;1.607144e-01;2.006116e-02;3.617994e-02
6.799988e-02;5.634608e-02;8.407345e-02;9.585151e-02;7.608671e-02;1.016188e-01;3.084552e-01;9.525516e-02;3.217204e-02;5.211401e-02;1.274283e-02;1.728435e-02
7.711966e-02;4.595056e-02;6.810613e-02;6.519084e-02;6.671169e-02;1.561446e-01;3.625461e-01;7.785584e-02;2.410606e-02;3.548422e-02;6.862111e-03;1.392220e-02
1.245089e-01;2.889032e-02;6.801657e-02;4.148438e-02;5.294378e-02;2.224423e-01;3.035809e-01;8.542177e-02;1.508842e-02;4.268637e-02;2.563345e-03;1.237295e-02
1.880915e-01;2.518175e-02;5.190826e-02;4.574242e-02;3.590591e-02;2.461164e-01;1.982589e-01;1.146215e-01;1.535957e-02;5.284375e-02;3.975208e-03;2.199481e-02
2.196728e-01;1.827015e-02;5.594068e-02;3.610383e-02;8.527379e-02;2.056294e-01;1.141844e-01;1.114027e-01;4.134840e-02;3.944987e-02;7.906401e-03;6.481762e-02
1.412723e-01;1.963987e-02;8.458091e-02;3.696710e-02;1.680674e-01;1.199751e-01;1.022054e-01;4.960395e-02;9.450281e-02;2.919491e-02;1.663588e-02;1.373544e-01
8.354165e-02;3.660124e-02;6.597031e-02;5.524596e-02;1.612297e-01;6.455922e-02;1.863034e-01;4.282280e-02;9.906439e-02;4.677128e-02;3.169009e-02;1.261999e-01
9.542173e-02;4.886431e-02;5.619670e-02;5.517198e-02;1.123958e-01;8.651432e-02;2.428290e-01;6.455941e-02;6.687188e-02;5.661831e-02;3.723551e-02;7.732110e-02
1.188696e-01;5.009294e-02;1.017641e-01;4.909702e-02;7.586519e-02;1.027650e-01;2.310814e-01;7.196765e-02;4.487878e-02;6.092609e-02;3.510889e-02;5.758337e-02
1.404192e-01;3.567112e-02;1.347095e-01;4.119166e-02;7.314940e-02;8.721797e-02;1.358476e-01;7.543363e-02;6.804849e-02;7.779172e-02;3.148168e-02;9.903798e-02
1.093386e-01;2.489181e-02;9.872025e-02;5.188800e-02;7.329563e-02;9.299722e-02;1.621384e-01;9.510742e-02;5.780325e-02;7.387865e-02;3.583512e-02;1.241057e-01
8.445621e-02;2.652891e-02;7.719015e-02;6.913008e-02;1.075785e-01;9.183168e-02;1.843072e-01;9.234422e-02;5.359561e-02;5.677263e-02;2.630658e-02;1.299583e-01
7.407291e-02;1.748524e-02;7.709526e-02;6.125642e-02;1.119347e-01;1.175811e-01;1.995475e-01;8.155259e-02;4.590806e-02;4.102733e-02;2.086420e-02;1.516747e-01
1.123922e-01;1.943913e-02;8.903624e-02;7.981478e-02;1.109840e-01;1.246258e-01;1.486850e-01;6.460556e-02;2.879570e-02;4.460577e-02;2.585734e-02;1.511585e-01
1.107790e-01;2.283644e-02;1.054442e-01;7.908303e-02;1.289832e-01;1.147303e-01;1.468301e-01;7.020808e-02;5.326958e-02;7.282618e-02;2.446537e-02;7.054458e-02
9.265985e-02;5.813793e-02;8.634442e-02;3.644687e-02;7.433181e-02;9.886838e-02;2.639087e-01;9.537876e-02;6.616264e-02;6.092964e-02;2.764471e-02;3.918636e-02
5.518027e-02;6.680695e-02;7.151536e-02;1.807717e-02;4.465870e-02;7.011572e-02;4.308678e-01;1.124064e-01;5.483752e-02;3.320193e-02;1.733998e-02;2.499221e-02
2.545938e-02;6.405318e-02;4.751194e-02;1.501299e-02;3.391632e-02;4.501943e-02;5.702730e-01;1.263372e-01;3.115681e-02;1.675942e-02;9.235804e-03;1.526456e-02
9.967879e-03;5.136542e-02;4.936343e-02;1.467329e-02;3.415160e-02;4.330933e-02;6.131089e-01;1.383336e-01;1.934102e-02;9.244644e-03;5.245012e-03;1.189585e-02
1.917057e-02;5.083588e-02;5.885926e-02;1.179776e-02;3.538743e-02;4.392635e-02;5.879342e-01;1.383987e-01;2.414397e-02;1.045606e-02;5.302333e-03;1.378744e-02
2.762286e-02;8.337469e-02;5.134634e-02;1.442367e-02;4.310869e-02;4.996476e-02;5.587578e-01;1.095202e-01;2.892734e-02;1.026328e-02;7.884121e-03;1.480626e-02
2.664856e-02;1.068963e-01;2.902375e-02;1.361818e-02;4.343230e-02;4.816436e-02;5.684798e-01;9.532678e-02;2.720928e-02;1.010991e-02;8.772078e-03;2.231873e-02
2.418759e-02;1.019902e-01;2.122989e-02;9.646835e-03;3.536014e-02;4.269458e-02;5.967982e-01;1.042315e-01;1.692632e-02;7.355544e-03;1.114175e-02;2.843743e-02
2.001820e-02;6.920900e-02;2.175725e-02;9.344743e-03;3.496059e-02;4.917665e-02;6.371433e-01;9.571090e-02;1.900291e-02;1.079759e-02;9.794309e-03;2.308461e-02
1.744176e-02;3.878454e-02;2.865880e-02;9.736058e-03;4.258649e-02;6.735446e-02;6.648299e-01;6.789283e-02;2.020874e-02;1.463100e-02;1.214755e-02;1.572795e-02
2.156247e-02;2.636075e-02;4.820094e-02;1.582015e-02;6.054290e-02;8.228873e-02;6.390163e-01;4.213997e-02;1.978595e-02;1.707925e-02;1.043429e-02;1.676833e-02
3.649145e-02;2.500044e-02;7.124035e-02;2.219966e-02;7.092147e-02;8.578475e-02;5.936649e-01;3.173064e-02;1.753318e-02;1.438812e-02;9.769016e-03;2.127597e-02
4.462250e-02;2.813301e-02;6.818160e-02;1.934678e-02;5.047951e-02;8.485106e-02;5.638183e-01;6.335285e-02;2.587753e-02;1.307087e-02;1.072940e-02;2.753657e-02
2.900167e-02;5.878914e-02;4.643659e-02;2.800065e-02;4.205561e-02;6.865954e-02;5.643064e-01;7.975912e-02;2.286044e-02;1.537626e-02;1.704570e-02;2.770886e-02
1.430066e-02;6.985463e-02;4.378932e-02;2.031012e-02;4.929081e-02;5.963868e-02;5.842801e-01;8.759858e-02;1.654066e-02;1.207827e-02;2.104024e-02;2.127789e-02
1.378280e-02;5.871755e-02;5.762303e-02;1.641187e-02;7.327428e-02;5.622068e-02;5.279128e-01;9.680434e-02;2.964879e-02;2.215946e-02;2.444617e-02;2.299824e-02
2.629623e-02;5.522098e-02;5.467153e-02;2.455438e-02;7.767150e-02;5.558427e-02;4.800963e-01;1.075377e-01;4.059161e-02;2.723914e-02;2.903081e-02;2.150554e-02
4.879780e-02;7.517748e-02;9.940249e-02;4.710959e-02;4.868459e-02;4.818462e-02;3.008378e-01;1.168919e-01;5.957945e-02;5.568510e-02;6.552049e-02;3.412868e-02
3.824624e-02;6.517724e-02;1.148815e-01;1.035302e-01;1.061803e-01;5.982864e-02;1.623786e-01;5.523397e-02;9.228503e-02;7.981870e-02;8.719438e-02;3.524523e-02
3.469009e-02;5.134184e-02;1.219951e-01;1.466475e-01;1.312489e-01;6.627399e-02;1.502538e-01;3.633375e-02;7.532985e-02;4.843820e-02;1.080550e-01;2.939207e-02
2.078054e-02;3.476290e-02;1.301382e-01;1.805777e-01;1.122251e-01;6.030973e-02;1.178675e-01;5.927625e-02;5.405539e-02;7.277401e-02;1.404507e-01;1.678203e-02
8.699208e-03;2.286123e-02;2.123753e-01;1.483895e-01;5.281312e-02;2.776980e-02;1.081526e-01;4.914016e-02;5.351783e-02;1.478053e-01;1.630847e-01;5.391249e-03
1.997147e-02;1.394520e-02;2.892215e-01;5.782650e-02;2.409758e-02;1.643211e-02;1.435160e-01;3.632489e-02;5.299928e-02;2.208056e-01;1.204975e-01;4.362274e-03
2.205977e-02;1.581158e-02;3.358737e-01;1.631561e-02;1.884723e-02;1.129539e-02;1.827099e-01;1.674235e-02;4.484952e-02;2.784153e-01;5.137649e-02;5.703096e-03
1.671866e-02;1.248945e-02;3.701939e-01;1.678592e-02;2.150180e-02;1.356590e-02;1.734394e-01;2.385935e-02;1.880021e-02;2.848295e-01;4.066639e-02;7.149515e-03
1.363083e-02;2.014409e-02;4.086675e-01;3.481904e-02;2.678341e-02;8.654071e-03;1.334949e-01;2.221246e-02;1.945024e-02;2.623915e-01;4.468120e-02;5.070685e-03
1.020107e-02;2.755988e-02;4.874680e-01;3.702546e-02;2.595564e-02;5.317112e-03;1.016333e-01;1.887038e-02;1.813276e-02;2.375726e-01;2.397523e-02;6.288556e-03
1.423870e-02;4.705020e-02;5.072179e-01;4.726157e-02;3.335149e-02;9.000435e-03;6.001984e-02;2.049216e-02;2.342319e-02;1.750684e-01;5.329046e-02;9.585641e-03
2.412125e-02;6.082957e-02;3.685314e-01;1.413817e-01;5.550689e-02;2.098503e-02;4.208579e-02;2.439649e-02;3.263862e-02;6.973883e-02;1.370932e-01;2.269117e-02
1.888037e-02;6.010287e-02;2.435432e-01;2.025211e-01;7.606609e-02;2.801409e-02;3.474347e-02;3.398871e-02;2.466157e-02;5.526177e-02;2.003438e-01;2.187301e-02
1.146724e-02;5.007624e-02;2.388761e-01;1.941580e-01;8.790223e-02;3.199891e-02;6.156696e-02;3.455506e-02;1.122296e-02;8.200440e-02;1.822164e-01;1.395552e-02
9.658052e-03;2.560856e-02;3.389598e-01;1.747448e-01;7.838653e-02;2.716209e-02;5.528905e-02;1.801127e-02;1.618649e-02;9.945318e-02;1.447832e-01;1.175710e-02
1.927361e-02;4.534477e-02;3.880043e-01;1.205591e-01;6.604417e-02;2.615396e-02;4.907079e-02;2.367168e-02;3.496184e-02;1.149011e-01;9.875112e-02;1.326352e-02
4.127376e-02;7.001305e-02;3.342941e-01;6.497856e-02;7.337625e-02;2.499600e-02;5.970924e-02;3.990813e-02;6.529300e-02;1.308946e-01;8.000740e-02;1.525597e-02
4.754869e-02;6.600494e-02;2.756160e-01;7.118286e-02;7.678238e-02;3.472637e-02;7.552945e-02;3.610748e-02;7.463253e-02;1.401974e-01;8.910613e-02;1.256572e-02
2.905990e-02;6.676185e-02;2.492561e-01;9.083461e-02;6.662507e-02;3.312958e-02;9.378328e-02;2.432224e-02;4.817585e-02;1.567531e-01;1.216343e-01;1.966403e-02
2.234312e-02;5.921669e-02;2.261124e-01;9.520015e-02;8.053786e-02;3.312530e-02;1.260380e-01;1.738694e-02;6.140792e-02;1.557869e-01;9.994251e-02;2.290229e-02
2.782217e-02;2.550610e-02;2.592660e-01;7.031240e-02;6.475347e-02;3.254823e-02;1.353239e-01;3.633007e-02;7.146434e-02;1.414807e-01;1.055770e-01;2.961560e-02
2.698570e-02;3.497114e-02;3.052228e-01;9.709350e-02;5.587108e-02;2.366233e-02;1.043087e-01;3.272427e-02;5.867973e-02;1.386424e-01;9.870486e-02;2.313350e-02
2.548218e-02;5.135414e-02;3.229155e-01;1.086155e-01;5.697354e-02;2.090196e-02;9.170000e-02;3.652262e-02;4.839914e-02;1.390289e-01;7.947081e-02;1.863564e-02
3.385318e-02;6.134619e-02;2.632831e-01;9.165014e-02;8.386185e-02;2.688282e-02;9.211639e-02;5.732007e-02;4.881898e-02;1.292986e-01;9.225363e-02;1.931502e-02
3.480946e-02;5.093062e-02;2.327533e-01;6.749906e-02;1.010096e-01;2.759799e-02;9.435085e-02;5.377317e-02;6.498917e-02;1.197647e-01;1.234086e-01;2.911350e-02
2.885976e-02;3.825779e-02;2.617204e-01;1.145917e-01;9.249842e-02;2.726767e-02;9.239122e-02;4.533507e-02;7.232726e-02;9.316225e-02;1.087249e-01;2.486353e-02
3.776671e-02;3.777793e-02;2.141488e-01;1.425663e-01;8.976752e-02;2.498242e-02;1.474845e-01;3.322872e-02;5.828962e-02;8.467515e-02;1.152395e-01;1.407278e-02
4.009900e-02;3.703829e-02;1.758528e-01;1.173716e-01;7.712011e-02;1.530435e-02;1.997077e-01;2.989180e-02;5.689873e-02;8.344276e-02;1.313036e-01;3.596925e-02
3.883733e-02;4.119568e-02;1.525846e-01;1.071062e-01;5.482814e-02;4.733720e-02;1.967159e-01;5.916622e-02;4.489935e-02;6.275619e-02;1.354463e-01;5.912684e-02
3.151257e-02;4.873779e-02;1.986665e-01;8.738386e-02;4.790184e-02;5.594008e-02;1.673303e-01;7.022346e-02;5.603987e-02;5.783343e-02;1.161336e-01;6.229666e-02
2.658713e-02;4.926492e-02;2.461854e-01;7.555087e-02;6.399900e-02;4.294523e-02;1.712528e-01;5.957855e-02;6.313314e-02;5.351418e-02;8.785022e-02;6.013856e-02
4.097301e-02;6.014233e-02;2.324391e-01;6.732299e-02;7.034486e-02;3.847314e-02;1.702274e-01;4.728480e-02;6.883126e-02;7.136546e-02;7.662640e-02;5.596923e-02
3.847143e-02;6.802507e-02;2.107570e-01;6.968207e-02;6.018676e-02;5.399294e-02;1.835836e-01;6.514435e-02;3.752314e-02;9.049912e-02;7.957064e-02;4.256383e-02
