8.707418e-02;1.089526e-01;1.068977e-01;7.122234e-02;7.972447e-02;4.243098e-02;8.295839e-02;9.120481e-02;9.169567e-02;1.183991e-01;7.992650e-02;3.951333e-02
8.903435e-02;6.838246e-02;9.561888e-02;9.726401e-02;4.215762e-02;7.319874e-02;6.651988e-02;1.263047e-01;1.044289e-01;1.139553e-01;6.561240e-02;5.752264e-02
9.103246e-02;8.594026e-02;1.144266e-01;7.996919e-02;5.202593e-02;6.849317e-02;8.116143e-02;1.183437e-01;1.040362e-01;8.592010e-02;5.396419e-02;6.468678e-02
8.457644e-02;9.302104e-02;1.116319e-01;6.819384e-02;5.948663e-02;5.927761e-02;8.692123e-02;1.250232e-01;1.033630e-01;8.700390e-02;5.425271e-02;6.724848e-02
7.678061e-02;1.003925e-01;9.697799e-02;7.795130e-02;6.386330e-02;5.559688e-02;9.651107e-02;1.394554e-01;7.606759e-02;9.719631e-02;5.569759e-02;6.350946e-02
6.898776e-02;1.415210e-01;8.300573e-02;9.152423e-02;4.803201e-02;4.367051e-02;1.078818e-01;1.408102e-01;7.628492e-02;8.673701e-02;5.463943e-02;5.690547e-02
4.538101e-02;1.755803e-01;5.823731e-02;9.267526e-02;3.243312e-02;2.261066e-02;1.154507e-01;1.042610e-01;7.801349e-02;1.194136e-01;6.226514e-02;9.367830e-02
2.616906e-02;1.739428e-01;4.555490e-02;7.096399e-02;3.768681e-02;4.088660e-02;1.033060e-01;6.084016e-02;8.005983e-02;1.716241e-01;5.479397e-02;1.341717e-01
3.009883e-02;1.405369e-01;6.749992e-02;4.690349e-02;3.268299e-02;5.741540e-02;7.824241e-02;6.260644e-02;1.327944e-01;1.833853e-01;3.422255e-02;1.336114e-01
5.868409e-02;9.753020e-02;7.833041e-02;5.066472e-02;3.453328e-02;7.906599e-02;4.866227e-02;4.870840e-02;2.067865e-01;1.285894e-01;5.290345e-02;1.155412e-01
6.950039e-02;5.341586e-02;8.771904e-02;5.289841e-02;4.444358e-02;7.640778e-02;6.124565e-02;6.853826e-02;1.810329e-01;7.908987e-02;1.037434e-01;1.219649e-01
5.606284e-02;7.606746e-02;9.998004e-02;4.581439e-02;5.026682e-02;4.812631e-02;7.106205e-02;8.769690e-02;1.014049e-01;1.471912e-01;1.074017e-01;1.089252e-01
5.546455e-02;1.525223e-01;8.996550e-02;6.177346e-02;5.962508e-02;2.724228e-02;5.219267e-02;8.803602e-02;7.140986e-02;1.667678e-01;8.784354e-02;8.715688e-02
5.783963e-02;1.369103e-01;8.450846e-02;7.822876e-02;6.874392e-02;4.662367e-02;8.896229e-02;6.358591e-02;1.050028e-01;1.299326e-01;5.055974e-02;8.910191e-02
5.031483e-02;3.692639e-02;9.848149e-02;5.356629e-02;4.568627e-02;4.183998e-02;1.336151e-01;8.538808e-02;1.490670e-01;1.437302e-01;7.492119e-02;8.646325e-02
1.018254e-01;7.793519e-02;7.008491e-02;4.396082e-02;6.483229e-02;3.008002e-02;1.040762e-01;1.005800e-01;1.139563e-01;1.013246e-01;6.983174e-02;1.215126e-01
1.038502e-01;6.323319e-02;1.072948e-01;5.326684e-02;6.936445e-02;6.763981e-02;7.654731e-02;5.079956e-02;1.112537e-01;9.545683e-02;8.586056e-02;1.154328e-01
7.957218e-02;6.977288e-02;1.021749e-01;6.505886e-02;7.035354e-02;9.619894e-02;1.067503e-01;4.866171e-02;9.743704e-02;7.106439e-02;7.255837e-02;1.203969e-01
1.107963e-01;9.178886e-02;7.659705e-02;5.750070e-02;6.788851e-02;8.608875e-02;1.259325e-01;8.054850e-02;7.104887e-02;5.063391e-02;6.647030e-02;1.147058e-01
1.363423e-01;8.419639e-02;1.106647e-01;4.819817e-02;5.249802e-02;9.782629e-02;1.309433e-01;7.085621e-02;5.950860e-02;8.171083e-02;3.941288e-02;8.784238e-02
1.160055e-01;5.709602e-02;9.617198e-02;5.461913e-02;7.410068e-02;8.674932e-02;1.072805e-01;3.825786e-02;1.252069e-01;7.623807e-02;6.029910e-02;1.079748e-01
7.956333e-02;2.790221e-02;8.116751e-02;5.014889e-02;1.043185e-01;6.553687e-02;7.473715e-02;4.659110e-02;2.301228e-01;6.906881e-02;6.150572e-02;1.093372e-01
5.893404e-02;1.204665e-02;8.083419e-02;3.115657e-02;1.147412e-01;6.186753e-02;5.007844e-02;3.988872e-02;2.897985e-01;5.424672e-02;1.301340e-01;7.627352e-02
6.918419e-02;9.065390e-03;7.101528e-02;2.884079e-02;1.181299e-01;7.123060e-02;4.271954e-02;3.319054e-02;2.652834e-01;6.038821e-02;1.811813e-01;4.977078e-02
7.479762e-02;1.506044e-02;6.228193e-02;3.317739e-02;1.247908e-01;7.483769e-02;4.145250e-02;1.734476e-02;2.427541e-01;8.312815e-02;1.705586e-01;5.981602e-02
5.478195e-02;1.940455e-02;7.573575e-02;4.972313e-02;1.289485e-01;6.258666e-02;5.530712e-02;3.928145e-02;1.934506e-01;9.952720e-02;1.511687e-01;7.008436e-02
4.349162e-02;1.053045e-02;1.243019e-01;7.483304e-02;1.025664e-01;6.007486e-02;7.423745e-02;8.113057e-02;9.346475e-02;1.032862e-01;1.353917e-01;9.669100e-02
6.848976e-02;3.168384e-02;1.330374e-01;7.350751e-02;5.957190e-02;4.990774e-02;1.047839e-01;1.109110e-01;8.016248e-02;7.386234e-02;8.712846e-02;1.269537e-01
6.016022e-02;3.132795e-02;9.152402e-02;4.627568e-02;6.161401e-02;4.465432e-02;1.471733e-01;1.780359e-01;1.034238e-01;7.947432e-02;3.973196e-02;1.166045e-01
6.560489e-02;2.874492e-02;5.945779e-02;4.181376e-02;6.217821e-02;5.474965e-02;1.534788e-01;1.789259e-01;8.747607e-02;1.175864e-01;7.174404e-02;7.823963e-02
5.378350e-02;3.262496e-02;5.434584e-02;3.555240e-02;6.023970e-02;5.113154e-02;1.371461e-01;1.419853e-01;1.089400e-01;1.792150e-01;8.876918e-02;5.626659e-02
5.225842e-02;3.996338e-02;7.435647e-02;2.728156e-02;5.459453e-02;7.543220e-02;8.134997e-02;1.848221e-01;1.112113e-01;1.514074e-01;8.064659e-02;6.667618e-02
6.984346e-02;3.862936e-02;6.354374e-02;2.905494e-02;2.440120e-02;1.008934e-01;4.834529e-02;1.347272e-01;1.399596e-01;2.479932e-01;5.924218e-02;4.336643e-02
6.727811e-02;3.127977e-02;4.751970e-02;2.750172e-02;3.863217e-02;1.119702e-01;3.769530e-02;1.082737e-01;1.269303e-01;3.314597e-01;4.491184e-02;2.654759e-02
5.294336e-02;2.022121e-02;3.887119e-02;6.108218e-02;6.127748e-02;1.161069e-01;8.963101e-02;8.098800e-02;1.520819e-01;2.678854e-01;2.570309e-02;3.320827e-02
4.713114e-02;2.503228e-02;2.627739e-02;7.986601e-02;5.286783e-02;7.244471e-02;1.915853e-01;1.224958e-01;1.107827e-01;1.602401e-01;3.807381e-02;7.320294e-02
5.863027e-02;3.537354e-02;2.724739e-02;4.511299e-02;6.643714e-02;5.494074e-02;2.077064e-01;1.126980e-01;6.735893e-02;1.587729e-01;3.420760e-02;1.315142e-01
5.129890e-02;3.900606e-02;4.005035e-02;4.671751e-02;9.508280e-02;5.420689e-02;1.683441e-01;1.119431e-01;1.043518e-01;1.315444e-01;2.169333e-02;1.357608e-01
6.514513e-02;2.729281e-02;5.868521e-02;4.647990e-02;6.629665e-02;7.522077e-02;1.357833e-01;1.825804e-01;8.174031e-02;1.238483e-01;3.721363e-02;9.971349e-02
1.212318e-01;5.234946e-02;9.155879e-02;5.614566e-02;5.445525e-02;1.155145e-01;1.358873e-01;1.373151e-01;5.410806e-02;8.596659e-02;3.651529e-02;5.895220e-02
1.889586e-01;7.609080e-02;1.076024e-01;7.028796e-02;6.783073e-02;1.107904e-01;1.488862e-01;5.435296e-02;5.595388e-02;4.581247e-02;1.395405e-02;5.947950e-02
1.886757e-01;7.414003e-02;1.202628e-01;7.461933e-02;1.004352e-01;7.765320e-02;1.233794e-01;3.013877e-02;6.500414e-02;3.075505e-02;3.119461e-02;8.374177e-02
1.290159e-01;7.730554e-02;1.305636e-01;9.288018e-02;1.301595e-01;4.583457e-02;8.711273e-02;5.129175e-02;5.948317e-02;3.028183e-02;6.835504e-02;9.771615e-02
4.564350e-02;8.405203e-02;1.691156e-01;1.554433e-01;1.351415e-01;3.501438e-02;3.117650e-02;7.614555e-02;4.315422e-02;3.637882e-02;1.149765e-01;7.375824e-02
2.244234e-02;7.605364e-02;1.701628e-01;1.763922e-01;1.928655e-01;3.019161e-02;4.105642e-02;6.878677e-02;2.420662e-02;4.327635e-02;1.057336e-01;4.883215e-02
5.816665e-02;5.082626e-02;1.233810e-01;1.105202e-01;2.219966e-01;6.091315e-02;9.000427e-02;5.772385e-02;4.342053e-02;3.936190e-02;6.515637e-02;7.852916e-02
1.095985e-01;2.715008e-02;9.437343e-02;6.481756e-02;1.915845e-01;6.946509e-02;1.098099e-01;6.006435e-02;1.019698e-01;2.710461e-02;4.158765e-02;1.024746e-01
2.143742e-01;4.567156e-02;6.536029e-02;4.045269e-02;1.304853e-01;6.732032e-02;1.080474e-01;4.566747e-02;1.137373e-01;4.556996e-02;3.386125e-02;8.945227e-02
2.838068e-01;9.632064e-02;4.001021e-02;3.231574e-02;8.020077e-02;7.881277e-02;1.391352e-01;3.359268e-02;6.257121e-02;6.321397e-02;2.133250e-02;6.868749e-02
2.372636e-01;1.558932e-01;8.040438e-02;2.706362e-02;5.627902e-02;7.146391e-02;1.813809e-01;3.305374e-02;3.190136e-02;4.723396e-02;2.264985e-02;5.541249e-02
1.557565e-01;1.658401e-01;1.617350e-01;2.306449e-02;3.899151e-02;6.897845e-02;2.105570e-01;4.755994e-02;3.623533e-02;3.492086e-02;2.617626e-02;3.018464e-02
8.538301e-02;1.080518e-01;2.863926e-01;3.766767e-02;2.422915e-02;4.839069e-02;2.051383e-01;7.593569e-02;3.588873e-02;4.210202e-02;1.665567e-02;3.416468e-02
3.563743e-02;6.628214e-02;3.584141e-01;5.323864e-02;1.687685e-02;5.232352e-02;1.758155e-01;8.831280e-02;4.455670e-02;4.295748e-02;5.923244e-03;5.966161e-02
2.037000e-02;5.353123e-02;3.713717e-01;7.936025e-02;2.797421e-02;7.272448e-02;1.293749e-01;8.426195e-02;5.587669e-02;3.498769e-02;8.058714e-03;6.210818e-02
2.204181e-02;5.048848e-02;3.540837e-01;1.034309e-01;3.842329e-02;7.765684e-02;9.585050e-02;7.465503e-02;8.340992e-02;2.960091e-02;1.633291e-02;5.402567e-02
2.023361e-02;5.195540e-02;2.680071e-01;8.399244e-02;2.871795e-02;6.072519e-02;1.380229e-01;7.696935e-02;8.736010e-02;5.705998e-02;3.643894e-02;9.051707e-02
3.513950e-02;5.132984e-02;2.152586e-01;6.865810e-02;2.375120e-02;4.668363e-02;1.736445e-01;8.257172e-02;7.205116e-02;7.814310e-02;4.840844e-02;1.043603e-01
3.386923e-02;1.730810e-02;2.054822e-01;1.104885e-01;4.376446e-02;3.818633e-02;1.513136e-01;9.044576e-02;7.928964e-02;7.931843e-02;4.552045e-02;1.050132e-01
4.063307e-02;1.699528e-02;1.448741e-01;1.851719e-01;7.020096e-02;4.033694e-02;1.018958e-01;6.973145e-02;1.310854e-01;6.486955e-02;4.554703e-02;8.865850e-02
3.734586e-02;1.674601e-02;1.601751e-01;1.994943e-01;7.759240e-02;4.640371e-02;4.309778e-02;9.135718e-02;1.606548e-01;7.779916e-02;4.421369e-02;4.512006e-02
2.235348e-02;2.249157e-02;2.277637e-01;1.262036e-01;5.012152e-02;5.205405e-02;4.671061e-02;1.719696e-01;1.272221e-01;8.627673e-02;2.862160e-02;3.821142e-02
1.996095e-02;5.158660e-02;2.235552e-01;5.980714e-02;3.154295e-02;4.292619e-02;1.005386e-01;2.199667e-01;9.611467e-02;8.085387e-02;2.470955e-02;4.843748e-02
5.879143e-02;8.823231e-02;1.559221e-01;3.209000e-02;3.831877e-02;5.021513e-02;1.660369e-01;1.917474e-01;6.685421e-02;6.657723e-02;3.509418e-02;5.012029e-02
1.048496e-01;1.164612e-01;9.318439e-02;4.698699e-02;5.500532e-02;6.629452e-02;1.984452e-01;1.263803e-01;6.146478e-02;4.720722e-02;4.009173e-02;4.362874e-02
1.089239e-01;8.977316e-02;1.319294e-01;6.111919e-02;6.755088e-02;5.580306e-02;1.661740e-01;1.264100e-01;5.695355e-02;6.020163e-02;3.718948e-02;3.797187e-02
5.252380e-02;6.635374e-02;1.539259e-01;8.484805e-02;6.817623e-02;4.147283e-02;1.238152e-01;1.638966e-01;7.951417e-02;7.897269e-02;4.009980e-02;4.640099e-02
6.177752e-02;6.648221e-02;1.310393e-01;8.888576e-02;6.919584e-02;3.898375e-02;1.016648e-01;1.802323e-01;9.801918e-02;7.492504e-02;4.505682e-02;4.373739e-02
5.362796e-02;4.615062e-02;1.262413e-01;7.496851e-02;8.236009e-02;3.780883e-02;7.923755e-02;2.135501e-01;1.189167e-01;4.598732e-02;9.045060e-02;3.070045e-02
3.680043e-02;3.452825e-02;1.499906e-01;8.206681e-02;7.697820e-02;3.731841e-02;6.968314e-02;2.423193e-01;1.013775e-01;5.783238e-02;9.288825e-02;1.821666e-02
4.013636e-02;4.289429e-02;1.218300e-01;6.132946e-02;8.878004e-02;5.233864e-02;5.915547e-02;2.408572e-01;9.682841e-02;1.008734e-01;7.094177e-02;2.403502e-02
3.830779e-02;6.087821e-02;7.213026e-02;5.226431e-02;7.392760e-02;5.931484e-02;6.060347e-02;2.045425e-01;1.208067e-01;1.611254e-01;4.855784e-02;4.754106e-02
5.243832e-02;7.790831e-02;7.808732e-02;7.683498e-02;3.454514e-02;5.289389e-02;1.057034e-01;1.534457e-01;1.067300e-01;1.172534e-01;5.704515e-02;8.711441e-02
7.505608e-02;1.034033e-01;9.128264e-02;6.441946e-02;3.972609e-02;7.468112e-02;1.567550e-01;7.789661e-02;9.144552e-02;7.546285e-02;6.187044e-02;8.800091e-02
9.503814e-02;9.925400e-02;9.482310e-02;4.347751e-02;5.901884e-02;7.155127e-02;1.742607e-01;8.441152e-02;7.531500e-02;4.875815e-02;8.932325e-02;6.476854e-02
8.774302e-02;9.642499e-02;8.274309e-02;4.585974e-02;5.815563e-02;5.736145e-02;2.168010e-01;6.985225e-02;6.793609e-02;8.474731e-02;8.590619e-02;4.646917e-02
9.263179e-02;8.339560e-02;5.582774e-02;4.615556e-02;5.959193e-02;8.897217e-02;2.011398e-01;8.465999e-02;8.062598e-02;1.252198e-01;5.972420e-02;2.205544e-02
8.492375e-02;5.128685e-02;4.289221e-02;3.940647e-02;7.853985e-02;1.152342e-01;1.207329e-01;1.036915e-01;1.674950e-01;1.238427e-01;3.711751e-02;3.483696e-02
4.934320e-02;3.219911e-02;3.813532e-02;3.864422e-02;1.008116e-01;8.052760e-02;7.831581e-02;1.270061e-01;2.707363e-01;1.021555e-01;3.006676e-02;5.205849e-02
2.855690e-02;3.377577e-02;6.365673e-02;7.057434e-02;9.319478e-02;3.807950e-02;7.260861e-02;1.568921e-01;2.400502e-01;1.045009e-01;5.860381e-02;3.950636e-02
3.080686e-02;3.465764e-02;1.281390e-01;8.739103e-02;5.074468e-02;4.855611e-02;1.133806e-01;1.531128e-01;1.399876e-01;9.123880e-02;8.380213e-02;3.818283e-02
5.539772e-02;4.423009e-02;2.274338e-01;6.240661e-02;2.690975e-02;4.862720e-02;1.540265e-01;9.583148e-02;9.494892e-02;4.975960e-02;7.252964e-02;6.789866e-02
8.986833e-02;8.366159e-02;2.907180e-01;2.659809e-02;3.536360e-02;5.108898e-02;1.515978e-01;5.876812e-02;5.984108e-02;6.957541e-02;2.950865e-02;5.341037e-02
1.073736e-01;1.286299e-01;2.921824e-01;2.750030e-02;4.256511e-02;4.739429e-02;1.100225e-01;6.121927e-02;4.549028e-02;9.590240e-02;1.622731e-02;2.549269e-02
1.078652e-01;1.459281e-01;3.130192e-01;2.861965e-02;5.110119e-02;3.695279e-02;6.174865e-02;4.158083e-02;4.315966e-02;1.081258e-01;3.017197e-02;3.172700e-02
8.388206e-02;1.016930e-01;2.794783e-01;2.689699e-02;4.702169e-02;2.905063e-02;7.293431e-02;4.150600e-02;7.930987e-02;9.131220e-02;6.282475e-02;8.409026e-02
9.418250e-02;9.083673e-02;2.063729e-01;3.241739e-02;4.239053e-02;3.805833e-02;9.593740e-02;5.738072e-02;9.901660e-02;6.993156e-02;6.813503e-02;1.053403e-01
1.274809e-01;8.961371e-02;1.567110e-01;3.731088e-02;5.382464e-02;4.487598e-02;1.152633e-01;6.051232e-02;8.508414e-02;8.369134e-02;6.557911e-02;8.005267e-02
1.522306e-01;8.822030e-02;1.467938e-01;3.845145e-02;5.738290e-02;4.393910e-02;1.462041e-01;4.338275e-02;5.783640e-02;7.490417e-02;5.644335e-02;9.421109e-02
1.818891e-01;1.028722e-01;1.373256e-01;4.253220e-02;5.707127e-02;3.705770e-02;1.483234e-01;3.161811e-02;7.874344e-02;5.656024e-02;3.667075e-02;8.933610e-02
1.786384e-01;9.498779e-02;1.080742e-01;4.393367e-02;5.635405e-02;3.768477e-02;1.672023e-01;4.377357e-02;7.576315e-02;6.986918e-02;6.420618e-02;5.951275e-02
1.474854e-01;5.406146e-02;1.096645e-01;6.484585e-02;4.785819e-02;4.135247e-02;1.732289e-01;6.655131e-02;5.711679e-02;8.872333e-02;9.551589e-02;5.359584e-02
8.183262e-02;6.387892e-02;9.322557e-02;5.837350e-02;6.898476e-02;3.255578e-02;1.486279e-01;8.309643e-02;7.199095e-02;1.088414e-01;1.111031e-01;7.748904e-02
9.048006e-02;5.217991e-02;1.093069e-01;6.700981e-02;7.800514e-02;3.577946e-02;1.441790e-01;9.331606e-02;1.143463e-01;8.906136e-02;6.646830e-02;5.986773e-02
1.119950e-01;4.865603e-02;1.371738e-01;6.616849e-02;6.568657e-02;3.177174e-02;1.160408e-01;1.120719e-01;1.191142e-01;7.444704e-02;4.894392e-02;6.793045e-02
1.402642e-01;9.374425e-02;8.344937e-02;4.086317e-02;7.505088e-02;3.066707e-02;1.271775e-01;9.731888e-02;1.052056e-01;1.018045e-01;3.485148e-02;6.960311e-02
1.434277e-01;9.209432e-02;1.559540e-01;3.509183e-02;8.617806e-02;4.512015e-02;1.219923e-01;6.407744e-02;8.153088e-02;9.518261e-02;3.853029e-02;4.082039e-02
9.727798e-02;8.714099e-02;2.960071e-01;3.937844e-02;6.510030e-02;6.281732e-02;1.006045e-01;4.353932e-02;8.182813e-02;6.832623e-02;3.092267e-02;2.705701e-02
5.277972e-02;1.006191e-01;3.700354e-01;4.438975e-02;4.098397e-02;7.007152e-02;8.321095e-02;4.476607e-02;8.934314e-02;5.895393e-02;2.205236e-02;2.279416e-02
4.008034e-02;1.104108e-01;4.177268e-01;4.068958e-02;2.957791e-02;7.667134e-02;4.531398e-02;3.402547e-02;9.292678e-02;6.222074e-02;2.244999e-02;2.790625e-02
3.354880e-02;1.057709e-01;4.260688e-01;3.423757e-02;2.691302e-02;8.525084e-02;4.530283e-02;4.562680e-02;8.230433e-02;5.948848e-02;2.300796e-02;3.247965e-02
2.110451e-02;1.005765e-01;4.218534e-01;3.053078e-02;2.065382e-02;9.877455e-02;6.619018e-02;5.459740e-02;6.785651e-02;5.536244e-02;1.939466e-02;4.310529e-02
3.233116e-02;8.877317e-02;4.198802e-01;3.012957e-02;2.168586e-02;9.881807e-02;5.550324e-02;6.349463e-02;4.790559e-02;5.721808e-02;2.412158e-02;6.013880e-02
2.005437e-02;6.084682e-02;4.425092e-01;2.888556e-02;2.377773e-02;7.050870e-02;4.896745e-02;8.711251e-02;4.172829e-02;6.786532e-02;4.061497e-02;6.712908e-02
7.141333e-03;3.679958e-02;4.793258e-01;2.767444e-02;3.620701e-02;4.675342e-02;5.232693e-02;8.109300e-02;6.465457e-02;8.368362e-02;3.497807e-02;4.936223e-02
1.324713e-02;2.364222e-02;4.973952e-01;3.576020e-02;5.079156e-02;3.743666e-02;8.230624e-02;4.423916e-02;5.870569e-02;1.036833e-01;3.041187e-02;2.238080e-02
2.235649e-02;2.068776e-02;4.626183e-01;4.378786e-02;6.098029e-02;4.359515e-02;1.285147e-01;4.706030e-02;3.902050e-02;9.272847e-02;2.734790e-02;1.130222e-02
2.347482e-02;1.490503e-02;3.999604e-01;6.572680e-02;7.614552e-02;6.433075e-02;1.402487e-01;6.741793e-02;4.203413e-02;5.671331e-02;3.817209e-02;1.087050e-02
3.268476e-02;1.917682e-02;3.032155e-01;7.862603e-02;1.227574e-01;9.219138e-02;1.296123e-01;8.594659e-02;5.213128e-02;3.372306e-02;2.524529e-02;2.468959e-02
1.118030e-01;5.494628e-02;1.314136e-01;4.146041e-02;1.471511e-01;1.098722e-01;1.980172e-01;5.320854e-02;8.090557e-02;2.439982e-02;1.062196e-02;3.620026e-02
1.751513e-01;8.421344e-02;3.580708e-02;2.407623e-02;1.147562e-01;1.218223e-01;2.543532e-01;5.061889e-02;6.390253e-02;3.011510e-02;1.393035e-02;3.125343e-02
1.605966e-01;1.089039e-01;5.529429e-02;1.973286e-02;6.960497e-02;1.044919e-01;3.243926e-01;4.674980e-02;3.181848e-02;3.295299e-02;2.086017e-02;2.460151e-02
9.754716e-02;1.066471e-01;1.212985e-01;1.603075e-02;4.932901e-02;6.252618e-02;3.614652e-01;7.909466e-02;2.906931e-02;2.743815e-02;2.851586e-02;2.103827e-02
3.868163e-02;6.881069e-02;1.960965e-01;3.578485e-02;3.478861e-02;3.944775e-02;2.888671e-01;1.279327e-01;8.469351e-02;3.667060e-02;2.271356e-02;2.551255e-02
1.880016e-02;2.379976e-02;1.737489e-01;7.458503e-02;3.552582e-02;3.926575e-02;1.623420e-01;1.149849e-01;1.982498e-01;9.959719e-02;3.562257e-02;2.347813e-02
1.745014e-02;9.859230e-03;7.817125e-02;9.074527e-02;6.367020e-02;3.377187e-02;8.314468e-02;6.263725e-02;2.071510e-01;2.270469e-01;1.089600e-01;1.739220e-02
3.470733e-02;1.277984e-02;3.542957e-02;6.669783e-02;8.961587e-02;4.842527e-02;6.296770e-02;3.434484e-02;8.855573e-02;2.675535e-01;1.928084e-01;6.611405e-02
5.513650e-02;3.100666e-02;7.034925e-02;6.552041e-02;8.368044e-02;1.000274e-01;8.260754e-02;2.531307e-02;1.526722e-02;1.775049e-01;2.003894e-01;9.319731e-02
8.079537e-02;3.619383e-02;7.531629e-02;8.125842e-02;6.272174e-02;1.107393e-01;1.480199e-01;4.188779e-02;2.768414e-02;7.427609e-02;1.454441e-01;1.156630e-01
1.720369e-01;3.560392e-02;6.971926e-02;7.016263e-02;4.369173e-02;5.780808e-02;1.813920e-01;1.020006e-01;2.461802e-02;4.092149e-02;7.185325e-02;1.301921e-01
2.854795e-01;5.298186e-02;1.170520e-01;3.403721e-02;4.413403e-02;3.341588e-02;1.135154e-01;1.264609e-01;2.507992e-02;2.942842e-02;3.596873e-02;1.024462e-01
3.295404e-01;9.319479e-02;1.816451e-01;3.166502e-02;6.374909e-02;1.585108e-02;5.594741e-02;9.614588e-02;2.635271e-02;2.438206e-02;1.994790e-02;6.157861e-02
2.962130e-01;1.255075e-01;2.209683e-01;4.938605e-02;5.197119e-02;1.767020e-02;5.214187e-02;6.444073e-02;3.088156e-02;3.900601e-02;1.664781e-02;3.516585e-02
2.405259e-01;1.505371e-01;2.527916e-01;5.068695e-02;2.692412e-02;2.534382e-02;6.341016e-02;3.929218e-02;4.836771e-02;5.294371e-02;2.562922e-02;2.354754e-02
1.627170e-01;1.385127e-01;3.943668e-01;3.879133e-02;3.885889e-02;1.514724e-02;5.574256e-02;3.943029e-02;4.031191e-02;2.905471e-02;2.916317e-02;1.790333e-02
1.076052e-01;1.049930e-01;4.756358e-01;2.858614e-02;5.763221e-02;1.994709e-02;6.706930e-02;3.999477e-02;3.132586e-02;1.761324e-02;3.062302e-02;1.897444e-02
5.693692e-02;8.664443e-02;4.379021e-01;2.901558e-02;6.518839e-02;3.709259e-02;9.500342e-02;4.921331e-02;4.507863e-02;3.168148e-02;4.366587e-02;2.257728e-02
7.955961e-02;7.153513e-02;3.867353e-01;2.313045e-02;6.250128e-02;5.500068e-02;1.182813e-01;4.457415e-02;4.016061e-02;3.782656e-02;4.936231e-02;3.133256e-02
9.610344e-02;6.360295e-02;4.168755e-01;4.193732e-02;6.649128e-02;4.202264e-02;8.437248e-02;3.836010e-02;4.993302e-02;3.205238e-02;4.020578e-02;2.804310e-02
9.320525e-02;7.662162e-02;2.824753e-01;8.415461e-02;1.156315e-01;4.397700e-02;7.787961e-02;3.060430e-02;6.667020e-02;5.041925e-02;4.778601e-02;3.057532e-02
7.367589e-02;4.572546e-02;1.787705e-01;6.405942e-02;8.810446e-02;5.321794e-02;6.311032e-02;1.055163e-01;9.052391e-02;1.355758e-01;5.893783e-02;4.278206e-02
7.019576e-02;5.300751e-02;8.173803e-02;5.140349e-02;5.957705e-02;5.167421e-02;6.745849e-02;1.535397e-01;1.702485e-01;1.631759e-01;2.938796e-02;4.859338e-02
7.171681e-02;5.260551e-02;9.252188e-02;5.719434e-02;6.125840e-02;5.278457e-02;7.231460e-02;1.424972e-01;1.892938e-01;1.406484e-01;2.139795e-02;4.576660e-02
3.412663e-02;7.073280e-02;1.678385e-01;5.395031e-02;5.796846e-02;5.799433e-02;1.086346e-01;1.084193e-01;1.768568e-01;1.052786e-01;1.699599e-02;4.120383e-02
8.783460e-02;1.070328e-01;2.587203e-01;4.961264e-02;6.041120e-02;6.944580e-02;1.358604e-01;4.951875e-02;9.252121e-02;4.753432e-02;1.935385e-02;2.215416e-02
1.797781e-01;1.490254e-01;2.432405e-01;3.559190e-02;7.734927e-02;6.930572e-02;9.381323e-02;3.122516e-02;5.523313e-02;2.861452e-02;1.425399e-02;2.256914e-02
2.849506e-01;1.762324e-01;1.707152e-01;2.262051e-02;8.114197e-02;4.487124e-02;4.705265e-02;4.149663e-02;4.635271e-02;1.996887e-02;1.560011e-02;4.899704e-02
3.197181e-01;1.537726e-01;1.308683e-01;3.130097e-02;6.072734e-02;2.691196e-02;4.244291e-02;4.046602e-02;4.113918e-02;2.670236e-02;4.051133e-02;8.543892e-02
2.421987e-01;1.099065e-01;1.465854e-01;5.302853e-02;5.441326e-02;3.365516e-02;5.982912e-02;2.196986e-02;5.725855e-02;6.230111e-02;6.393319e-02;9.492054e-02
1.162184e-01;8.172577e-02;2.029710e-01;5.548147e-02;6.979355e-02;2.611047e-02;9.738415e-02;4.326910e-02;8.076520e-02;9.038109e-02;5.580993e-02;8.008994e-02
5.660465e-02;4.427258e-02;2.013788e-01;6.077465e-02;7.612639e-02;2.764661e-02;2.210858e-01;7.360937e-02;8.140548e-02;7.439845e-02;3.183820e-02;5.085906e-02
4.022169e-02;4.106262e-02;1.575787e-01;2.962847e-02;8.720721e-02;2.451628e-02;3.707514e-01;5.990369e-02;6.002401e-02;4.303421e-02;3.637815e-02;4.969358e-02
4.510012e-02;7.652581e-02;9.136093e-02;2.531381e-02;1.027734e-01;6.099509e-02;4.410089e-01;2.609655e-02;3.737656e-02;2.327067e-02;3.906611e-02;3.111206e-02
1.128465e-01;6.173496e-02;6.990772e-02;3.607783e-02;1.056289e-01;9.445696e-02;3.943491e-01;2.866737e-02;2.714985e-02;2.818438e-02;2.284035e-02;1.815610e-02
1.572037e-01;3.308526e-02;6.129323e-02;3.732708e-02;1.261387e-01;1.216641e-01;3.248097e-01;2.693442e-02;2.607934e-02;4.043368e-02;1.857491e-02;2.645595e-02
1.606755e-01;7.169028e-02;1.911895e-01;5.038048e-02;8.023854e-02;8.707380e-02;1.801451e-01;2.804435e-02;3.600641e-02;4.976588e-02;3.058705e-02;3.420303e-02
1.645391e-01;1.135336e-01;2.090088e-01;8.717388e-02;4.693859e-02;5.932310e-02;1.510813e-01;2.685050e-02;3.734605e-02;3.587669e-02;2.823665e-02;4.009170e-02
1.436236e-01;9.933849e-02;1.981980e-01;9.736440e-02;6.467740e-02;9.257053e-02;1.254227e-01;3.151444e-02;6.384889e-02;2.245012e-02;2.500913e-02;3.598223e-02
9.660249e-02;6.992584e-02;1.557868e-01;6.790309e-02;1.050821e-01;1.271880e-01;1.187385e-01;3.452428e-02;1.354480e-01;3.009214e-02;1.723421e-02;4.147449e-02
4.959533e-02;3.292887e-02;8.849867e-02;3.151120e-02;1.667957e-01;1.107867e-01;1.166239e-01;5.456017e-02;2.260320e-01;5.362390e-02;1.481925e-02;5.422440e-02
1.397028e-02;4.158656e-02;3.574429e-02;4.055652e-02;1.887336e-01;6.039314e-02;1.114292e-01;7.835971e-02;2.715962e-01;5.292042e-02;3.587525e-02;6.883486e-02
1.263172e-02;7.367525e-02;3.095905e-02;6.087393e-02;1.224507e-01;6.941321e-02;8.609673e-02;1.450848e-01;1.920103e-01;4.763108e-02;8.451754e-02;7.465567e-02
2.649183e-02;7.254514e-02;4.163652e-02;7.314525e-02;4.706865e-02;1.095064e-01;7.173077e-02;1.951553e-01;1.117583e-01;3.421609e-02;1.599156e-01;5.683011e-02
3.411546e-02;4.344235e-02;7.046220e-02;4.322217e-02;4.640467e-02;1.201947e-01;1.312632e-01;1.510193e-01;8.038114e-02;7.967793e-02;1.641725e-01;3.564437e-02
2.926088e-02;2.927085e-02;9.752192e-02;1.881080e-02;7.696990e-02;7.685283e-02;1.945900e-01;9.579722e-02;8.911022e-02;1.510598e-01;1.077325e-01;3.302310e-02
2.256796e-02;4.789989e-02;7.986990e-02;2.986661e-02;7.195487e-02;3.847858e-02;1.765737e-01;1.176987e-01;1.418370e-01;1.499077e-01;6.190579e-02;6.143934e-02
1.966113e-02;6.120414e-02;4.394525e-02;3.865144e-02;4.507362e-02;7.781336e-02;1.021136e-01;1.607155e-01;2.416031e-01;8.787943e-02;4.519114e-02;7.614833e-02
3.125902e-02;5.891542e-02;3.235178e-02;3.941030e-02;3.661358e-02;6.000167e-02;9.395004e-02;1.627213e-01;2.981148e-01;7.196203e-02;6.011476e-02;5.458527e-02
5.022524e-02;5.303097e-02;2.989686e-02;3.404064e-02;6.206102e-02;2.817819e-02;1.337627e-01;1.662232e-01;2.696478e-01;9.751559e-02;5.625789e-02;1.915989e-02
7.391772e-02;6.271538e-02;4.173968e-02;4.306424e-02;8.571398e-02;3.160919e-02;1.328878e-01;1.500846e-01;1.889322e-01;1.195345e-01;5.456677e-02;1.523398e-02
1.148033e-01;7.670703e-02;8.209502e-02;7.086336e-02;8.088043e-02;4.626108e-02;1.056686e-01;9.054507e-02;1.659781e-01;1.116301e-01;3.332695e-02;2.124090e-02
1.335962e-01;8.000489e-02;9.458517e-02;5.543225e-02;6.581503e-02;5.341549e-02;9.457209e-02;7.623760e-02;1.864592e-01;9.390876e-02;2.922140e-02;3.675191e-02
1.208151e-01;6.111511e-02;8.688198e-02;2.761811e-02;5.885547e-02;5.846418e-02;1.108602e-01;1.140363e-01;1.718347e-01;8.094858e-02;4.922229e-02;5.934803e-02
6.649348e-02;2.405876e-02;1.528712e-01;2.666337e-02;7.137689e-02;6.155850e-02;1.791116e-01;1.580558e-01;1.071619e-01;5.880294e-02;3.583614e-02;5.800957e-02
5.058801e-02;2.751459e-02;1.849903e-01;3.112595e-02;8.883709e-02;7.064490e-02;1.866544e-01;1.019930e-01;8.586467e-02;8.001933e-02;4.318955e-02;4.857831e-02
3.305254e-02;2.934489e-02;2.641283e-01;6.585441e-02;8.916473e-02;6.456067e-02;1.140461e-01;9.478986e-02;5.598355e-02;9.943414e-02;6.862049e-02;2.102036e-02
2.001033e-02;2.593252e-02;2.674917e-01;1.416244e-01;9.055282e-02;5.256393e-02;7.238381e-02;6.556739e-02;5.040963e-02;8.785906e-02;9.572857e-02;2.987581e-02
3.662280e-02;2.673829e-02;1.911470e-01;1.996179e-01;1.188110e-01;6.182383e-02;5.916039e-02;5.923521e-02;4.313585e-02;5.493259e-02;8.840009e-02;6.037499e-02
8.462247e-02;3.582200e-02;1.442915e-01;1.771496e-01;1.573140e-01;6.142523e-02;5.984298e-02;3.532635e-02;6.423710e-02;3.498698e-02;4.750449e-02;9.747726e-02
1.633062e-01;5.282527e-02;1.258624e-01;8.751348e-02;1.338126e-01;8.119293e-02;1.166775e-01;3.079448e-02;6.353511e-02;3.875809e-02;1.927016e-02;8.645160e-02
2.475199e-01;7.213259e-02;7.026635e-02;3.904868e-02;8.454186e-02;9.056409e-02;2.103031e-01;2.803158e-02;3.501701e-02;6.254661e-02;1.665990e-02;4.336830e-02
2.561434e-01;8.148950e-02;3.119188e-02;2.688455e-02;6.003564e-02;8.018246e-02;3.075682e-01;2.155521e-02;1.885021e-02;6.726181e-02;2.927463e-02;1.956259e-02
1.758511e-01;1.223563e-01;3.307749e-02;2.107038e-02;4.164128e-02;5.920566e-02;3.882694e-01;2.450261e-02;1.973531e-02;4.686973e-02;4.738135e-02;2.003937e-02
9.495637e-02;1.496579e-01;3.318744e-02;1.748843e-02;2.843387e-02;4.901945e-02;4.621472e-01;2.742455e-02;2.398525e-02;3.127384e-02;6.506466e-02;1.736104e-02
5.954263e-02;1.709955e-01;3.528423e-02;1.327896e-02;3.240218e-02;4.265963e-02;4.928987e-01;3.083132e-02;2.111758e-02;2.858986e-02;6.320796e-02;9.191409e-03
7.710607e-02;2.005098e-01;3.213925e-02;1.250826e-02;3.045932e-02;5.132982e-02;4.768718e-01;2.537618e-02;1.443237e-02;2.980004e-02;4.055111e-02;8.915969e-03
1.277827e-01;2.018113e-01;3.357213e-02;2.941991e-02;4.725778e-02;7.066461e-02;3.886904e-01;2.289397e-02;1.061669e-02;3.880833e-02;1.885994e-02;9.622204e-03
1.775018e-01;1.554743e-01;3.030001e-02;5.393475e-02;7.060775e-02;1.092346e-01;2.966913e-01;2.791892e-02;1.770816e-02;4.059898e-02;6.241778e-03;1.378756e-02
1.821450e-01;9.534518e-02;3.450399e-02;7.041783e-02;1.163831e-01;1.516336e-01;2.205918e-01;2.364112e-02;3.222494e-02;3.612914e-02;5.585515e-03;3.139875e-02
1.276043e-01;5.903872e-02;7.474541e-02;5.518384e-02;1.467870e-01;1.522425e-01;1.605243e-01;2.896289e-02;7.454833e-02;5.277550e-02;1.813443e-02;4.945273e-02
7.611991e-02;4.429649e-02;1.572255e-01;4.793086e-02;1.347801e-01;9.735335e-02;1.267565e-01;3.424820e-02;1.036977e-01;7.867738e-02;4.291883e-02;5.599518e-02
4.387774e-02;3.636820e-02;2.975833e-01;6.457637e-02;8.388937e-02;2.807028e-02;8.525380e-02;4.149771e-02;7.724360e-02;1.099347e-01;7.090192e-02;6.080294e-02
3.311453e-02;5.237049e-02;3.771848e-01;5.655642e-02;4.682837e-02;3.145650e-02;3.742504e-02;3.932551e-02;6.321658e-02;1.135089e-01;9.765255e-02;5.136031e-02
8.179694e-02;7.232831e-02;3.284898e-01;5.049973e-02;3.891134e-02;3.420234e-02;6.979966e-02;3.932492e-02;5.057459e-02;1.090135e-01;7.066912e-02;5.438971e-02
1.171903e-01;7.848128e-02;2.412046e-01;3.457206e-02;3.192500e-02;3.205372e-02;1.139735e-01;4.205667e-02;6.635187e-02;9.422968e-02;5.225524e-02;9.570602e-02
1.128417e-01;5.264059e-02;2.046798e-01;2.718590e-02;3.107551e-02;3.353301e-02;1.412016e-01;3.756730e-02;7.972007e-02;8.616702e-02;1.098855e-01;8.350197e-02
9.488484e-02;3.562035e-02;1.675092e-01;2.478486e-02;3.846475e-02;3.721865e-02;2.081185e-01;2.860194e-02;6.333801e-02;7.939763e-02;1.244815e-01;9.757977e-02
9.964938e-02;3.110628e-02;1.185151e-01;3.486458e-02;4.304655e-02;3.300390e-02;2.730564e-01;5.828356e-02;7.666042e-02;8.403886e-02;6.284264e-02;8.493230e-02
7.173134e-02;2.466236e-02;1.031495e-01;4.460693e-02;3.842243e-02;3.185546e-02;2.834943e-01;7.124512e-02;9.144362e-02;1.595138e-01;3.669230e-02;4.318280e-02
4.929743e-02;2.652230e-02;6.448638e-02;5.532753e-02;3.643214e-02;3.288462e-02;3.007225e-01;6.618443e-02;9.901525e-02;1.621289e-01;5.258579e-02;5.441272e-02
5.294079e-02;3.914733e-02;5.705935e-02;5.484801e-02;4.306613e-02;5.297624e-02;3.121330e-01;7.710163e-02;7.215410e-02;1.031844e-01;8.589285e-02;4.949609e-02
3.995937e-02;5.102389e-02;9.478424e-02;5.328261e-02;4.805628e-02;6.332807e-02;2.995096e-01;8.947176e-02;4.882352e-02;6.339478e-02;9.514128e-02;5.322466e-02
4.662561e-02;6.474020e-02;1.543470e-01;4.955170e-02;5.753627e-02;6.450100e-02;2.242923e-01;8.175144e-02;4.584610e-02;6.817804e-02;7.739628e-02;6.523407e-02
4.854651e-02;7.480662e-02;1.702910e-01;5.711118e-02;8.489163e-02;6.332387e-02;1.382404e-01;7.498914e-02;8.015420e-02;6.523367e-02;7.963489e-02;6.277691e-02
7.187165e-02;7.354698e-02;1.571629e-01;5.969297e-02;1.119365e-01;6.924791e-02;1.527048e-01;6.576583e-02;8.028444e-02;6.134407e-02;6.125438e-02;3.518752e-02
6.675272e-02;7.358868e-02;1.046959e-01;6.677893e-02;1.327667e-01;6.667443e-02;1.322404e-01;7.717999e-02;8.497358e-02;7.571813e-02;6.539689e-02;5.323369e-02
1.049387e-01;8.211708e-02;1.125356e-01;9.507763e-02;1.257673e-01;5.200720e-02;1.099587e-01;6.416987e-02;5.739545e-02;6.221396e-02;5.875031e-02;7.506821e-02
9.335308e-02;7.581386e-02;1.342070e-01;5.438827e-02;7.516163e-02;7.340304e-02;1.361549e-01;7.189270e-02;5.278814e-02;6.714763e-02;8.925505e-02;7.643475e-02
6.257733e-02;4.962892e-02;1.433108e-01;6.165297e-02;4.884761e-02;7.749215e-02;1.223483e-01;8.410911e-02;1.066858e-01;9.721681e-02;7.141668e-02;7.471355e-02
8.298263e-02;3.606541e-02;1.354685e-01;7.635264e-02;4.719340e-02;8.369632e-02;1.183833e-01;7.822229e-02;8.510721e-02;1.280179e-01;6.196229e-02;6.654804e-02
