2.722540e-01;2.182893e-01;2.883793e-02;1.403336e-02;1.910773e-02;4.086220e-02;1.072783e-01;6.227780e-02;1.240910e-02;2.431124e-02;1.859539e-01;1.438517e-02
2.387256e-01;1.136887e-01;6.673150e-02;4.183950e-02;3.196757e-02;6.199506e-02;1.358269e-01;8.466235e-02;3.713309e-02;3.027879e-02;1.308450e-01;2.630594e-02
2.093844e-01;3.898553e-01;7.047015e-02;2.973824e-02;1.391745e-02;4.427212e-02;5.817454e-02;5.674167e-02;4.079168e-02;1.805153e-02;5.147544e-02;1.712743e-02
1.803549e-01;5.548136e-01;6.029182e-02;1.901950e-02;5.493072e-03;3.818178e-02;1.946110e-02;2.637386e-02;3.975037e-02;1.430316e-02;2.878973e-02;1.316704e-02
1.009391e-01;6.645621e-01;4.935709e-02;1.126148e-02;5.292024e-03;4.308223e-02;1.574631e-02;1.539647e-02;4.569985e-02;1.380319e-02;2.747655e-02;7.383568e-03
4.070840e-02;7.303420e-01;4.553227e-02;6.727153e-03;4.664344e-03;4.319181e-02;1.017717e-02;1.273009e-02;5.372395e-02;2.540188e-02;1.853619e-02;8.264805e-03
6.474303e-02;7.213526e-01;4.613161e-02;4.569542e-03;2.617458e-03;2.970843e-02;9.088541e-03;9.914473e-03;5.783872e-02;3.288672e-02;8.928545e-03;1.222032e-02
1.228697e-01;6.487435e-01;4.403673e-02;7.510871e-03;5.825279e-03;2.786986e-02;1.574231e-02;1.371929e-02;6.450054e-02;2.816085e-02;1.102932e-02;9.991762e-03
2.030337e-01;5.139632e-01;4.612083e-02;1.882693e-02;1.395848e-02;3.012277e-02;3.255944e-02;2.445372e-02;5.404805e-02;1.919986e-02;3.253389e-02;1.117915e-02
2.060260e-01;4.078802e-01;5.791395e-02;4.475524e-02;2.052990e-02;4.573977e-02;4.912942e-02;4.360836e-02;3.950595e-02;1.210461e-02;6.306527e-02;9.741431e-03
1.633035e-01;2.799859e-01;8.566994e-02;7.074229e-02;3.777306e-02;5.642652e-02;7.683837e-02;6.122468e-02;2.305461e-02;2.454093e-02;1.167588e-01;3.681461e-03
2.197835e-01;1.876885e-01;9.636635e-02;4.601572e-02;7.479025e-02;3.668798e-02;7.966308e-02;6.449338e-02;1.427441e-02;2.183280e-02;1.357270e-01;2.267708e-02
2.583738e-01;1.254299e-01;1.014128e-01;1.942069e-02;9.204195e-02;7.928890e-02;7.346863e-02;3.869624e-02;3.731568e-02;4.421506e-02;1.008589e-01;2.947749e-02
2.203180e-01;2.686283e-01;6.708457e-02;2.672379e-02;6.594827e-02;8.408183e-02;5.727565e-02;4.734305e-02;5.503503e-02;4.373487e-02;4.658197e-02;1.724471e-02
1.389748e-01;2.925019e-01;8.019612e-02;4.936083e-02;7.493103e-02;6.002947e-02;5.491136e-02;3.605604e-02;5.722737e-02;3.414917e-02;1.101221e-01;1.153977e-02
9.195493e-02;2.815609e-01;9.294967e-02;4.000976e-02;7.148093e-02;5.873599e-02;5.486259e-02;5.017443e-02;6.714151e-02;4.279523e-02;1.228043e-01;2.552970e-02
1.595094e-01;2.731737e-01;7.505132e-02;3.000231e-02;6.709731e-02;6.007994e-02;7.986031e-02;4.561882e-02;6.656978e-02;3.094219e-02;7.513404e-02;3.696085e-02
2.223302e-01;2.618391e-01;7.060562e-02;4.775500e-02;5.408956e-02;4.123285e-02;7.797443e-02;5.000874e-02;5.675879e-02;3.687045e-02;4.865621e-02;3.187899e-02
1.670701e-01;1.625986e-01;7.453793e-02;9.237742e-02;3.360254e-02;8.343098e-02;7.612305e-02;7.292001e-02;4.947981e-02;7.519072e-02;5.035456e-02;6.231428e-02
9.102628e-02;1.312060e-01;6.520305e-02;1.077816e-01;4.668796e-02;1.382625e-01;8.468970e-02;8.044856e-02;4.886515e-02;8.251020e-02;4.968756e-02;7.363135e-02
8.935183e-02;1.492095e-01;5.526239e-02;9.442409e-02;7.765192e-02;1.436087e-01;8.744592e-02;9.483740e-02;3.200332e-02;6.138535e-02;6.345928e-02;5.136038e-02
1.378900e-01;2.364612e-01;6.785475e-02;7.115998e-02;6.825086e-02;9.950923e-02;6.797536e-02;9.780040e-02;2.668714e-02;4.356001e-02;6.160502e-02;2.124611e-02
1.325959e-01;3.046878e-01;9.629459e-02;4.653744e-02;4.120276e-02;8.987052e-02;9.432634e-02;8.324813e-02;2.275971e-02;3.229813e-02;4.278842e-02;1.339025e-02
6.800326e-02;2.591262e-01;1.172311e-01;5.434451e-02;3.968148e-02;1.083052e-01;1.395890e-01;7.862213e-02;4.488124e-02;2.574146e-02;5.379189e-02;1.068250e-02
5.106068e-02;3.268841e-01;1.386648e-01;5.102339e-02;4.728433e-02;6.411942e-02;1.323706e-01;4.757372e-02;6.182177e-02;4.025163e-02;3.717779e-02;1.767796e-03
6.450246e-02;3.384158e-01;1.404154e-01;3.706427e-02;7.935001e-02;2.693173e-02;1.276130e-01;3.723373e-02;4.184055e-02;6.496070e-02;3.926902e-02;2.403334e-03
8.562358e-02;3.475182e-01;1.190234e-01;3.748052e-02;1.060100e-01;1.445452e-02;1.141402e-01;3.930377e-02;2.409469e-02;7.248484e-02;3.549058e-02;4.375713e-03
1.365617e-01;2.990587e-01;9.002731e-02;4.900938e-02;9.432814e-02;2.428849e-02;1.064728e-01;8.555192e-02;1.575546e-02;5.882430e-02;3.536543e-02;4.756457e-03
1.694974e-01;1.979239e-01;7.420913e-02;5.102703e-02;5.167064e-02;3.794495e-02;1.260422e-01;1.208949e-01;1.924497e-02;4.157004e-02;1.000248e-01;9.949900e-03
1.982286e-01;2.058432e-01;5.054824e-02;2.535040e-02;2.681591e-02;3.380632e-02;1.098609e-01;6.738879e-02;1.505573e-02;4.901187e-02;2.105612e-01;7.528798e-03
1.311125e-01;9.110021e-02;4.912905e-02;3.291448e-02;5.221941e-02;3.911202e-02;9.963664e-02;7.346302e-02;3.357278e-02;7.192051e-02;3.056898e-01;2.012955e-02
2.312916e-01;1.600263e-01;4.551143e-02;4.155827e-02;3.563485e-02;2.961733e-02;8.697875e-02;7.427937e-02;3.871220e-02;4.233026e-02;1.947686e-01;1.929104e-02
2.366869e-01;2.895642e-01;3.995905e-02;4.579852e-02;2.793683e-02;3.336008e-02;7.241949e-02;6.572660e-02;3.426268e-02;2.286877e-02;1.251449e-01;6.271858e-03
1.136855e-01;4.409139e-01;4.179269e-02;6.693335e-02;1.336655e-02;5.402415e-02;5.384532e-02;7.300341e-02;5.537772e-02;1.686495e-02;5.904230e-02;1.115011e-02
1.065750e-01;5.349997e-01;3.886532e-02;6.663235e-02;1.263169e-02;5.233379e-02;4.079597e-02;4.342407e-02;6.421260e-02;1.743834e-02;1.129413e-02;1.079698e-02
1.796632e-01;5.565985e-01;4.809697e-02;3.214626e-02;1.218127e-02;2.776262e-02;4.128336e-02;2.769295e-02;4.046729e-02;1.640308e-02;1.053535e-02;7.169121e-03
1.773079e-01;5.667024e-01;5.612283e-02;2.079954e-02;1.076753e-02;3.873413e-02;3.004901e-02;1.426255e-02;4.250162e-02;1.484697e-02;1.608368e-02;1.182183e-02
1.429311e-01;5.288633e-01;4.912805e-02;2.466146e-02;1.858375e-02;5.046145e-02;1.848384e-02;3.118031e-02;5.828157e-02;1.475042e-02;4.657802e-02;1.609667e-02
2.406887e-01;3.579756e-01;1.800387e-02;1.851027e-02;4.407656e-02;3.692927e-02;2.866665e-02;1.115694e-01;5.029410e-02;1.550215e-02;6.320336e-02;1.458010e-02
3.541416e-01;1.482588e-01;8.488206e-03;9.881401e-03;7.220561e-02;2.028722e-02;5.850453e-02;2.237370e-01;2.395284e-02;1.533458e-02;5.686097e-02;8.347219e-03
4.070336e-01;7.148373e-02;6.309162e-03;9.739370e-03;7.133605e-02;1.051423e-02;8.410954e-02;2.786764e-01;7.944865e-03;7.031100e-03;3.833920e-02;7.482814e-03
4.203251e-01;7.091460e-02;6.887110e-03;2.390848e-02;5.765779e-02;1.297193e-02;9.356885e-02;2.404280e-01;1.051084e-02;7.213683e-03;4.055976e-02;1.505396e-02
3.807941e-01;5.462281e-02;6.271869e-03;6.937066e-02;3.868791e-02;1.752955e-02;9.898274e-02;1.503675e-01;8.712635e-03;1.427957e-02;1.214359e-01;3.894483e-02
2.770192e-01;3.738261e-02;5.188574e-03;9.504992e-02;2.314023e-02;1.578294e-02;1.252653e-01;7.297111e-02;5.223473e-03;1.739383e-02;2.621338e-01;6.344905e-02
1.961755e-01;2.629342e-02;8.642466e-03;6.811545e-02;1.234814e-02;1.139427e-02;1.115045e-01;5.477035e-02;3.556189e-03;1.522619e-02;4.243613e-01;6.761219e-02
1.542363e-01;1.639131e-02;1.413317e-02;3.235507e-02;5.615820e-03;2.125702e-02;6.897079e-02;3.911903e-02;7.463727e-03;1.574005e-02;5.760545e-01;4.866319e-02
1.341536e-01;1.493215e-02;1.919380e-02;2.590601e-02;4.573612e-03;3.365806e-02;4.802184e-02;3.093374e-02;9.639062e-03;2.082112e-02;6.358132e-01;2.235382e-02
1.190275e-01;2.742932e-02;2.733621e-02;1.500998e-02;1.001760e-02;4.693596e-02;5.350026e-02;5.264862e-02;1.167544e-02;2.832885e-02;5.860084e-01;2.208190e-02
1.620790e-01;6.338281e-02;3.811540e-02;1.110072e-02;1.894595e-02;5.815681e-02;8.283436e-02;1.003783e-01;1.599162e-02;3.700145e-02;3.905207e-01;2.149296e-02
2.181394e-01;7.905337e-02;4.895809e-02;1.562337e-02;2.168581e-02;5.832493e-02;8.670376e-02;9.263508e-02;2.657340e-02;3.309234e-02;3.042131e-01;1.499743e-02
2.701700e-01;3.767072e-02;5.330068e-02;1.081253e-02;4.317632e-02;3.637184e-02;5.632310e-02;7.696095e-02;3.704409e-02;2.797407e-02;3.419445e-01;8.251304e-03
2.995017e-01;8.617314e-02;3.845685e-02;7.174384e-03;6.179997e-02;2.550780e-02;4.443084e-02;8.024460e-02;3.377984e-02;2.323546e-02;2.895551e-01;1.014028e-02
3.223123e-01;8.222306e-02;1.751007e-02;1.759719e-02;7.076143e-02;1.833816e-02;7.031994e-02;9.096932e-02;2.568148e-02;2.537644e-02;2.422084e-01;1.670218e-02
3.867894e-01;9.480749e-02;6.951639e-03;3.278175e-02;5.064001e-02;1.819238e-02;1.011948e-01;8.043452e-02;1.906287e-02;2.752644e-02;1.537372e-01;2.788149e-02
4.289200e-01;1.322498e-01;8.194045e-03;4.159592e-02;2.331415e-02;1.528411e-02;1.197643e-01;4.434037e-02;1.279988e-02;2.871104e-02;1.108488e-01;3.397761e-02
3.936955e-01;1.385277e-01;9.694363e-03;6.207177e-02;3.166025e-02;1.849852e-02;1.465489e-01;6.026273e-02;1.266681e-02;2.521393e-02;7.367563e-02;2.748391e-02
3.630204e-01;1.275100e-01;1.401729e-02;7.772399e-02;3.403161e-02;2.639139e-02;1.080023e-01;7.819235e-02;1.308589e-02;1.693507e-02;1.179625e-01;2.312717e-02
4.315405e-01;1.443798e-01;1.359998e-02;6.276079e-02;3.737562e-02;2.765373e-02;5.445185e-02;8.250712e-02;1.133668e-02;1.358589e-02;1.032317e-01;1.757634e-02
4.948250e-01;1.945182e-01;1.536935e-02;2.202306e-02;1.000212e-01;2.033189e-02;1.717896e-02;9.048200e-02;5.171168e-03;9.125369e-03;2.352514e-02;7.428706e-03
4.666685e-01;2.287180e-01;1.041641e-02;1.183435e-02;1.370984e-01;1.502482e-02;1.980041e-02;6.954595e-02;8.516354e-03;6.197037e-03;2.079247e-02;5.387340e-03
4.509918e-01;3.005189e-01;9.562260e-03;8.956184e-03;1.111010e-01;1.246184e-02;1.921617e-02;3.726332e-02;1.215870e-02;6.958356e-03;2.488313e-02;5.928253e-03
4.380256e-01;3.770634e-01;1.238829e-02;7.915413e-03;5.502472e-02;7.967279e-03;2.275420e-02;2.702656e-02;1.997869e-02;8.247732e-03;2.077132e-02;2.836820e-03
4.415958e-01;4.148309e-01;1.147509e-02;5.195845e-03;2.007396e-02;3.941224e-03;2.623302e-02;2.833817e-02;1.992679e-02;7.459991e-03;1.722497e-02;3.704352e-03
4.571827e-01;4.021251e-01;1.171455e-02;5.490777e-03;2.795596e-02;5.018689e-03;2.293300e-02;3.219710e-02;1.600363e-02;5.653483e-03;9.964594e-03;3.760406e-03
4.750356e-01;3.475422e-01;1.084751e-02;5.746833e-03;3.249897e-02;4.523562e-03;2.018738e-02;6.252592e-02;1.409185e-02;4.402657e-03;1.353807e-02;9.059480e-03
4.691318e-01;2.733639e-01;1.257349e-02;1.052128e-02;3.840933e-02;9.710095e-03;2.918203e-02;9.642202e-02;1.210311e-02;5.959726e-03;2.834876e-02;1.427445e-02
4.345572e-01;2.084507e-01;1.108440e-02;2.651146e-02;4.137747e-02;2.480907e-02;5.631476e-02;1.215487e-01;1.321139e-02;1.653107e-02;2.786576e-02;1.773811e-02
3.345338e-01;1.922882e-01;1.904022e-02;4.419776e-02;3.224175e-02;2.791512e-02;9.167068e-02;9.537813e-02;1.427746e-02;2.658626e-02;7.390279e-02;4.796780e-02
3.311980e-01;1.244403e-01;1.907377e-02;3.065305e-02;4.009147e-02;1.995613e-02;8.007387e-02;8.288921e-02;1.915189e-02;2.751712e-02;1.448079e-01;8.014733e-02
3.306952e-01;3.312354e-02;2.539746e-02;1.272028e-02;5.805007e-02;3.225147e-02;5.526910e-02;9.303615e-02;2.675900e-02;2.653321e-02;2.095375e-01;9.662696e-02
2.723554e-01;7.648358e-02;3.685755e-02;2.665463e-02;6.037574e-02;8.411398e-02;5.898247e-02;9.927280e-02;2.614504e-02;3.257411e-02;1.728855e-01;5.329916e-02
1.946905e-01;7.106045e-02;2.988085e-02;3.160612e-02;5.028611e-02;9.768902e-02;7.112370e-02;9.193195e-02;2.195443e-02;2.976787e-02;2.967198e-01;1.328914e-02
1.473265e-01;3.303729e-02;2.370469e-02;2.132762e-02;3.163539e-02;9.643876e-02;6.483082e-02;6.204537e-02;3.643634e-02;2.797928e-02;4.450582e-01;1.017974e-02
9.838458e-02;2.353402e-02;2.834064e-02;7.536571e-03;1.495360e-02;9.169128e-02;4.958921e-02;2.901360e-02;5.248161e-02;2.817637e-02;5.642902e-01;1.200825e-02
7.616073e-02;1.122523e-02;2.960202e-02;4.575712e-03;1.232319e-02;7.893544e-02;4.861306e-02;2.110717e-02;5.421244e-02;3.656869e-02;6.116248e-01;1.505151e-02
7.999518e-02;1.759694e-02;2.731920e-02;4.615525e-03;9.189647e-03;8.694433e-02;4.426442e-02;1.091931e-02;4.053558e-02;3.802489e-02;6.262127e-01;1.438232e-02
5.176294e-02;2.003168e-02;2.909919e-02;2.282365e-03;7.080271e-03;9.583674e-02;3.151780e-02;1.349663e-02;2.454703e-02;3.600228e-02;6.807430e-01;7.600078e-03
3.858461e-02;2.332312e-02;2.542953e-02;3.214075e-03;6.091070e-03;8.350839e-02;6.287529e-02;4.959681e-02;1.680039e-02;4.060771e-02;6.446925e-01;5.276534e-03
7.167403e-02;4.829120e-02;1.976805e-02;6.384619e-03;9.115837e-03;5.944293e-02;1.112061e-01;1.124366e-01;1.810782e-02;4.383250e-02;4.856902e-01;1.405012e-02
8.179586e-02;6.489985e-02;1.970281e-02;1.433632e-02;1.579808e-02;5.008602e-02;1.499486e-01;1.618709e-01;2.353943e-02;4.035382e-02;3.576547e-01;2.001363e-02
3.069518e-02;3.779513e-02;3.500377e-02;3.282047e-02;3.566485e-02;6.134234e-02;1.366367e-01;2.159206e-01;5.597201e-02;5.240690e-02;2.882313e-01;1.751070e-02
5.944492e-02;2.500880e-02;2.277449e-02;3.537042e-02;3.295011e-02;4.749167e-02;1.462251e-01;1.733403e-01;5.060463e-02;6.286937e-02;3.270132e-01;1.690697e-02
4.065278e-02;2.474287e-02;1.350227e-02;2.297062e-02;3.724188e-02;4.448573e-02;1.483407e-01;1.640350e-01;4.003870e-02;1.052106e-01;3.299221e-01;2.885672e-02
7.178129e-02;3.597762e-02;1.111922e-02;1.091672e-02;3.521100e-02;3.130631e-02;9.140784e-02;1.198120e-01;2.797742e-02;1.394954e-01;3.936050e-01;3.139012e-02
6.513465e-02;2.197778e-02;7.011959e-03;1.328802e-02;1.236404e-02;2.091957e-02;6.603447e-02;8.111464e-02;1.851430e-02;9.307559e-02;5.870017e-01;1.356324e-02
5.058631e-02;1.456650e-02;6.444948e-03;1.303400e-02;6.123459e-03;2.605518e-02;6.275432e-02;5.772446e-02;1.390778e-02;7.967198e-02;6.634147e-01;5.716378e-03
8.416423e-02;4.195073e-02;1.094982e-02;8.149534e-03;9.333713e-03;3.215423e-02;7.864773e-02;8.928397e-02;1.012488e-02;8.105464e-02;5.422120e-01;1.197452e-02
7.782089e-02;7.245783e-02;1.765258e-02;1.273927e-02;1.173801e-02;4.123994e-02;1.483529e-01;5.916042e-02;2.261890e-02;8.980630e-02;4.258997e-01;2.051331e-02
5.394533e-02;5.157027e-02;2.866844e-02;1.440929e-02;1.604929e-02;3.806473e-02;2.932014e-01;1.679410e-01;3.570727e-02;5.547337e-02;2.288565e-01;1.611308e-02
4.191134e-02;4.303627e-02;2.164752e-02;9.725082e-03;1.586977e-02;1.817978e-02;3.272648e-01;2.598413e-01;1.694778e-02;6.580682e-02;1.670876e-01;1.268201e-02
4.616605e-02;5.211650e-02;3.161960e-02;2.709111e-02;1.761426e-02;3.123368e-02;3.245274e-01;2.348584e-01;4.026983e-02;7.634947e-02;9.022970e-02;2.792401e-02
9.014247e-02;6.410717e-02;2.765899e-02;3.630854e-02;2.577817e-02;3.092789e-02;1.497246e-01;1.253247e-01;5.541339e-02;6.518843e-02;3.048478e-01;2.457793e-02
1.582002e-01;3.244264e-02;1.864855e-02;2.082367e-02;2.068440e-02;2.358795e-02;7.532109e-02;8.252508e-02;3.988263e-02;5.713172e-02;4.501527e-01;2.059943e-02
2.422526e-01;5.279008e-02;1.253029e-02;2.292015e-02;9.406889e-03;1.565753e-02;7.132609e-02;6.973083e-02;3.149686e-02;3.431023e-02;4.128101e-01;2.476828e-02
3.492460e-01;5.782828e-02;7.350025e-03;3.677671e-02;2.846010e-03;5.474073e-03;8.838297e-02;3.790912e-02;2.553478e-02;2.991483e-02;3.270330e-01;3.170422e-02
3.757807e-01;5.331244e-02;3.250367e-03;4.307125e-02;2.287277e-03;3.648402e-03;9.473503e-02;2.398025e-02;1.558752e-02;3.621376e-02;3.141722e-01;3.396077e-02
3.306997e-01;7.005454e-02;4.804709e-03;4.195764e-02;3.444894e-03;7.568363e-03;8.034323e-02;3.012192e-02;1.386383e-02;3.646782e-02;3.519953e-01;2.867810e-02
2.465975e-01;7.597736e-02;1.021776e-02;3.754994e-02;5.094885e-03;1.388598e-02;9.066159e-02;3.813572e-02;1.288280e-02;4.125270e-02;4.032460e-01;2.449775e-02
2.359684e-01;7.314407e-02;1.464510e-02;2.973152e-02;9.652994e-03;1.748717e-02;1.338335e-01;6.295954e-02;2.400845e-02;4.736336e-02;3.315800e-01;1.962602e-02
2.986023e-01;4.613389e-02;1.813810e-02;2.177477e-02;8.283903e-03;1.121032e-02;1.441634e-01;7.963593e-02;2.245696e-02;4.364411e-02;2.833821e-01;2.257423e-02
2.654370e-01;8.131442e-02;2.549349e-02;1.528604e-02;6.790742e-03;1.734107e-02;1.545072e-01;6.257875e-02;1.930820e-02;3.392905e-02;2.930794e-01;2.493463e-02
3.047621e-01;1.415563e-01;2.856538e-02;1.809542e-02;1.260440e-02;3.285456e-02;1.624511e-01;5.923584e-02;2.707333e-02;3.929600e-02;1.529542e-01;2.055142e-02
3.825461e-01;1.271318e-01;2.640047e-02;1.604090e-02;1.089800e-02;3.192549e-02;1.428383e-01;5.911118e-02;2.514819e-02;2.998619e-02;1.200527e-01;2.792068e-02
2.017413e-01;8.548239e-02;2.326699e-02;4.813735e-02;3.501960e-02;6.519793e-02;1.389309e-01;7.120189e-02;9.480835e-02;1.000938e-01;1.047095e-01;3.141008e-02
1.207144e-01;9.639698e-02;2.654323e-02;5.388332e-02;3.666798e-02;6.714234e-02;1.469883e-01;1.065911e-01;7.678106e-02;1.057443e-01;1.264885e-01;3.605848e-02
2.387310e-01;1.740256e-01;2.352449e-02;2.950398e-02;1.721663e-02;3.841224e-02;1.109643e-01;1.063686e-01;3.345611e-02;5.347763e-02;1.447978e-01;2.952158e-02
3.993935e-01;1.984922e-01;1.353205e-02;1.051868e-02;9.352002e-03;2.065229e-02;8.088438e-02;9.134204e-02;2.053855e-02;2.110237e-02;1.096785e-01;2.451347e-02
5.736616e-01;1.837887e-01;7.228578e-03;5.971205e-03;7.481077e-03;1.327858e-02;4.874314e-02;7.377692e-02;2.620753e-02;6.656688e-03;3.506194e-02;1.814395e-02
6.247751e-01;1.310267e-01;1.061454e-02;1.121107e-02;7.681865e-03;1.440329e-02;3.650312e-02;6.681826e-02;3.961604e-02;8.919686e-03;3.053536e-02;1.789495e-02
5.992304e-01;8.699328e-02;1.423405e-02;1.766158e-02;7.321916e-03;2.005823e-02;5.795407e-02;8.428349e-02;5.288547e-02;2.228602e-02;1.666729e-02;2.042420e-02
4.074258e-01;6.255206e-02;1.169947e-02;3.596849e-02;4.904114e-03;2.399492e-02;9.609281e-02;7.419208e-02;4.048223e-02;4.154837e-02;1.611868e-01;3.995280e-02
1.691333e-01;4.537285e-02;8.748978e-03;3.284440e-02;4.745492e-03;1.823069e-02;1.079097e-01;7.715220e-02;2.577252e-02;4.463513e-02;4.156078e-01;4.984693e-02
1.407004e-01;2.303687e-02;6.994931e-03;1.928049e-02;8.936310e-03;1.791253e-02;9.156841e-02;9.730011e-02;2.453089e-02;3.441136e-02;4.965469e-01;3.878082e-02
2.046634e-01;3.461922e-02;1.395423e-02;1.666697e-02;1.078274e-02;2.987431e-02;6.181718e-02;1.097841e-01;2.152444e-02;2.336091e-02;4.468342e-01;2.611829e-02
2.486760e-01;4.451195e-02;2.540731e-02;1.508980e-02;1.356393e-02;4.245380e-02;4.797149e-02;8.002502e-02;2.000786e-02;1.972494e-02;4.189944e-01;2.357347e-02
2.522813e-01;5.849579e-02;1.644907e-02;1.111266e-02;1.443490e-02;2.629036e-02;5.818798e-02;7.685364e-02;1.686460e-02;1.437496e-02;4.258688e-01;2.878594e-02
2.402003e-01;4.790908e-02;7.768131e-03;8.501738e-03;1.266959e-02;1.616831e-02;6.502017e-02;5.291640e-02;1.305038e-02;1.579119e-02;4.839823e-01;3.602237e-02
2.692939e-01;4.483970e-02;6.507377e-03;2.948885e-03;7.838557e-03;1.505505e-02;6.749840e-02;3.207151e-02;9.229809e-03;1.363761e-02;4.945324e-01;3.654679e-02
3.211502e-01;5.295954e-02;6.686000e-03;1.635927e-02;6.046792e-03;1.449007e-02;8.066180e-02;2.357153e-02;6.591839e-03;9.860476e-03;4.128292e-01;4.879327e-02
3.365056e-01;5.942799e-02;6.076697e-03;2.252326e-02;9.311149e-03;1.069880e-02;1.024575e-01;1.899496e-02;7.145509e-03;9.886459e-03;3.556193e-01;6.135271e-02
3.443563e-01;7.695670e-02;1.032390e-02;2.610850e-02;7.511365e-03;1.298393e-02;1.120245e-01;2.688093e-02;6.411293e-03;1.066295e-02;3.042294e-01;6.155022e-02
2.892213e-01;5.198030e-02;2.503362e-02;2.223402e-02;2.099421e-02;1.831939e-02;1.071592e-01;2.279737e-02;7.624172e-03;1.766058e-02;3.638863e-01;5.308951e-02
2.117113e-01;4.517448e-02;3.315406e-02;1.384471e-02;3.101583e-02;3.541327e-02;1.034936e-01;3.231460e-02;1.282213e-02;2.028337e-02;4.239755e-01;3.679718e-02
1.930260e-01;6.849843e-02;2.340234e-02;1.266036e-02;2.770425e-02;5.103391e-02;9.198623e-02;2.950205e-02;1.124963e-02;2.123753e-02;4.483039e-01;2.139536e-02
2.276332e-01;9.610643e-02;1.394023e-02;1.474147e-02;2.365192e-02;6.072770e-02;8.224892e-02;3.579781e-02;9.617235e-03;3.252242e-02;3.885648e-01;1.444784e-02
2.478327e-01;1.016635e-01;2.391391e-02;3.206287e-02;3.824006e-02;6.581244e-02;1.411737e-01;8.570891e-02;2.326532e-02;5.372357e-02;1.684527e-01;1.815041e-02
1.948436e-01;8.038474e-02;1.829172e-02;3.752220e-02;4.205500e-02;5.340548e-02;1.640509e-01;9.214647e-02;2.711532e-02;3.637343e-02;2.387917e-01;1.501934e-02
1.751622e-01;6.251857e-02;1.617596e-02;4.907421e-02;4.319439e-02;6.078446e-02;1.810321e-01;9.424496e-02;4.243294e-02;3.904025e-02;2.082351e-01;2.810485e-02
1.374725e-01;7.156619e-02;1.978904e-02;7.030109e-02;3.726381e-02;5.045391e-02;1.710529e-01;1.197740e-01;7.605650e-02;6.196087e-02;1.580134e-01;2.629588e-02
1.449190e-01;7.389230e-02;2.255902e-02;6.940322e-02;5.292893e-02;1.126875e-01;1.367586e-01;1.104013e-01;8.714998e-02;5.722397e-02;1.029917e-01;2.908441e-02
1.161451e-01;9.154693e-02;2.647523e-02;5.381912e-02;7.007289e-02;1.394256e-01;1.168473e-01;8.011895e-02;8.452746e-02;5.729249e-02;1.379077e-01;2.582130e-02
1.269604e-01;8.059287e-02;3.241895e-02;2.842367e-02;7.726207e-02;9.723593e-02;8.720466e-02;9.980796e-02;7.615246e-02;6.961065e-02;2.000414e-01;2.428893e-02
1.381168e-01;5.296295e-02;5.350363e-02;8.620678e-02;5.402748e-02;7.020877e-02;6.518753e-02;1.049245e-01;7.645166e-02;8.616021e-02;1.782459e-01;3.400379e-02
1.373679e-01;5.962675e-02;6.266809e-02;9.550373e-02;5.263817e-02;9.758598e-02;8.932538e-02;1.009527e-01;6.474471e-02;7.759468e-02;1.365269e-01;2.546499e-02
1.161249e-01;8.071268e-02;5.734105e-02;8.698844e-02;5.339414e-02;1.051494e-01;1.152847e-01;1.302352e-01;4.665868e-02;6.342596e-02;1.273342e-01;1.735055e-02
1.237339e-01;7.139216e-02;5.274558e-02;7.412923e-02;4.285653e-02;6.860671e-02;1.176956e-01;1.401560e-01;7.562584e-02;7.625001e-02;1.150987e-01;4.170983e-02
1.295700e-01;7.998430e-02;2.800142e-02;8.652046e-02;3.671999e-02;9.094112e-02;1.121989e-01;1.510492e-01;9.124268e-02;8.672920e-02;5.241875e-02;5.462401e-02
1.021197e-01;1.020645e-01;4.689749e-02;8.917093e-02;4.348878e-02;9.284966e-02;1.453641e-01;1.277674e-01;8.442409e-02;4.958118e-02;7.797765e-02;3.829451e-02
1.347470e-01;1.242454e-01;3.385667e-02;8.238126e-02;2.108539e-02;5.803108e-02;1.305331e-01;1.278611e-01;5.702160e-02;4.502066e-02;1.534258e-01;3.179096e-02
9.741426e-02;1.067351e-01;2.335611e-02;4.768703e-02;3.213349e-02;4.479687e-02;7.935492e-02;1.003196e-01;3.032291e-02;5.808095e-02;3.554017e-01;2.439705e-02
1.332044e-01;4.716758e-02;3.018298e-02;1.440272e-02;2.393051e-02;4.505474e-02;6.446116e-02;3.904150e-02;1.554336e-02;3.848143e-02;4.843120e-01;6.421755e-02
1.619693e-01;2.151978e-02;2.010780e-02;1.137852e-02;1.361889e-02;4.228259e-02;7.734642e-02;2.031351e-02;1.031069e-02;2.102211e-02;5.004974e-01;9.963302e-02
1.702249e-01;1.986590e-02;5.832783e-03;2.567525e-02;8.253421e-03;3.440273e-02;1.174811e-01;1.669392e-02;7.360459e-03;1.343194e-02;4.638276e-01;1.169500e-01
1.605044e-01;1.933869e-02;1.076372e-02;1.058448e-01;7.985414e-03;2.504014e-02;1.554752e-01;1.839951e-02;4.186051e-03;8.770910e-03;3.704240e-01;1.132671e-01
1.752679e-01;2.191190e-02;2.864678e-03;2.051903e-01;2.441821e-02;1.507639e-02;1.740728e-01;2.033208e-02;2.470851e-03;5.885880e-03;2.553315e-01;9.717751e-02
1.726986e-01;1.844837e-02;2.413874e-03;2.211735e-01;5.540588e-02;1.615453e-02;1.939828e-01;1.878506e-02;1.887988e-03;6.695097e-03;2.081062e-01;8.424813e-02
1.789512e-01;2.261410e-02;1.435664e-03;1.488936e-01;5.782529e-02;2.914092e-02;2.243180e-01;3.444161e-02;2.397785e-03;7.105701e-03;2.141064e-01;7.876965e-02
1.990843e-01;2.514155e-02;2.665625e-03;7.806235e-02;2.605833e-02;3.123457e-02;2.346480e-01;8.020387e-02;1.007129e-02;1.565867e-02;2.203805e-01;7.679094e-02
2.174450e-01;3.444254e-02;2.084115e-03;5.822336e-02;1.323528e-02;1.657870e-02;2.134015e-01;9.539880e-02;1.975632e-02;3.536566e-02;2.190017e-01;7.506710e-02
1.837385e-01;3.202980e-02;5.555848e-03;3.450525e-02;1.982012e-02;1.690951e-02;1.574492e-01;5.931870e-02;1.607759e-02;4.506922e-02;3.638684e-01;6.565773e-02
1.349874e-01;3.199796e-02;1.150924e-02;1.279058e-02;2.065955e-02;2.051200e-02;1.112703e-01;4.850682e-02;1.109597e-02;3.655336e-02;5.131864e-01;4.693038e-02
1.214041e-01;3.036757e-02;1.811898e-02;1.966917e-02;1.952866e-02;3.125279e-02;1.136595e-01;9.537042e-02;1.477094e-02;3.534270e-02;4.728416e-01;2.767353e-02
2.082031e-01;7.434044e-02;2.699269e-02;2.425174e-02;1.580200e-02;4.422397e-02;1.321467e-01;1.153420e-01;1.842232e-02;4.687587e-02;2.673770e-01;2.602218e-02
2.908894e-01;1.009889e-01;3.020150e-02;1.598053e-02;1.909213e-02;6.011585e-02;8.604033e-02;6.918740e-02;3.710993e-02;4.588281e-02;2.146706e-01;2.984069e-02
2.788433e-01;6.095270e-02;2.986962e-02;1.128757e-02;2.243619e-02;4.587558e-02;3.867703e-02;5.041746e-02;5.228531e-02;5.260970e-02;3.261146e-01;3.063087e-02
2.483099e-01;5.698571e-02;3.277911e-02;1.452719e-02;1.397633e-02;4.778453e-02;4.983988e-02;2.879732e-02;4.908493e-02;4.976808e-02;3.872136e-01;2.093340e-02
2.034348e-01;4.495716e-02;3.310556e-02;2.372656e-02;1.465390e-02;6.296477e-02;3.453042e-02;2.892189e-02;3.275679e-02;4.825322e-02;4.627806e-01;9.914412e-03
1.531693e-01;3.626848e-02;2.327333e-02;2.961699e-02;1.295903e-02;5.471437e-02;4.425155e-02;3.145738e-02;1.824853e-02;5.335528e-02;5.330643e-01;9.621392e-03
1.419111e-01;3.414857e-02;2.924830e-02;1.823431e-02;7.405557e-03;5.200642e-02;3.933848e-02;1.719265e-02;1.326168e-02;5.899575e-02;5.761028e-01;1.215441e-02
1.314612e-01;3.799124e-02;3.172226e-02;1.671419e-02;8.383832e-03;5.245053e-02;3.607236e-02;1.797087e-02;1.378678e-02;6.170874e-02;5.779326e-01;1.380532e-02
9.594043e-02;3.663082e-02;2.231269e-02;3.318859e-02;1.859310e-02;4.267387e-02;5.791103e-02;3.854516e-02;2.139065e-02;6.981549e-02;5.490248e-01;1.397344e-02
9.170211e-02;4.555358e-02;3.162342e-02;3.658244e-02;3.011538e-02;2.741655e-02;8.613336e-02;7.167503e-02;4.758958e-02;8.261783e-02;4.321944e-01;1.679629e-02
8.641907e-02;5.039971e-02;6.400929e-02;3.640569e-02;3.245984e-02;4.056652e-02;1.709907e-01;1.384764e-01;5.426509e-02;8.206885e-02;2.243825e-01;1.955629e-02
7.159407e-02;5.255227e-02;6.616907e-02;3.807938e-02;1.779073e-02;4.581578e-02;2.706269e-01;2.537527e-01;5.475879e-02;4.975978e-02;5.669134e-02;2.240911e-02
5.656131e-02;5.372268e-02;3.082938e-02;2.573472e-02;1.513146e-02;3.654822e-02;3.390328e-01;2.506603e-01;3.961594e-02;3.061058e-02;1.067826e-01;1.477009e-02
6.139737e-02;7.726490e-02;2.692436e-02;1.878799e-02;1.151140e-02;2.861845e-02;4.001198e-01;2.017709e-01;2.103768e-02;3.318417e-02;1.077685e-01;1.161445e-02
5.918853e-02;6.435657e-02;2.774795e-02;1.495558e-02;1.225452e-02;3.581313e-02;3.831878e-01;1.538298e-01;2.396518e-02;3.719791e-02;1.782827e-01;9.220352e-03
9.538957e-02;6.530349e-02;2.059134e-02;2.796675e-02;3.306492e-02;4.626194e-02;2.705192e-01;7.798529e-02;2.807993e-02;5.436972e-02;2.668428e-01;1.362501e-02
8.707998e-02;8.093105e-02;2.374066e-02;6.698602e-02;7.564510e-02;7.227819e-02;1.615193e-01;9.180285e-02;4.045438e-02;9.034064e-02;1.976534e-01;1.156843e-02
7.604460e-02;6.832740e-02;3.546612e-02;9.670454e-02;9.511151e-02;1.058761e-01;1.037670e-01;1.280864e-01;5.593574e-02;1.083138e-01;9.497863e-02;3.138820e-02
1.087781e-01;5.187336e-02;2.956487e-02;8.293460e-02;8.218702e-02;1.182237e-01;1.285398e-01;1.219075e-01;6.909765e-02;7.270107e-02;8.414693e-02;5.004548e-02
6.547157e-02;8.266862e-02;4.066994e-02;8.887465e-02;8.610430e-02;1.003730e-01;1.111400e-01;1.099013e-01;6.597143e-02;7.501378e-02;1.257029e-01;4.810850e-02
3.754741e-02;8.024447e-02;6.813943e-02;7.273974e-02;9.413198e-02;8.010820e-02;1.339273e-01;1.096138e-01;5.918016e-02;8.759800e-02;1.306592e-01;4.611033e-02
6.563072e-02;7.321995e-02;1.020184e-01;4.270716e-02;1.175257e-01;5.036759e-02;1.581912e-01;8.300506e-02;5.277535e-02;1.014794e-01;1.186493e-01;3.443012e-02
5.829407e-02;5.574095e-02;1.147272e-01;2.113046e-02;1.211714e-01;7.849391e-02;1.403988e-01;9.184185e-02;7.315446e-02;1.025009e-01;9.708556e-02;4.546037e-02
7.641249e-02;4.722498e-02;8.364663e-02;5.468041e-02;7.747767e-02;9.422662e-02;9.601335e-02;1.307340e-01;1.022849e-01;9.536740e-02;1.016030e-01;4.032853e-02
1.175726e-01;6.313801e-02;4.442301e-02;7.751790e-02;9.418625e-02;8.516223e-02;9.571071e-02;1.043370e-01;8.743693e-02;9.148289e-02;1.168918e-01;2.214057e-02
1.336856e-01;6.648408e-02;3.579022e-02;5.584773e-02;9.487084e-02;8.263745e-02;9.231142e-02;8.403362e-02;9.067331e-02;1.077090e-01;1.221846e-01;3.377219e-02
1.161802e-01;4.466550e-02;6.435958e-02;6.533143e-02;6.786979e-02;5.548160e-02;8.473193e-02;9.421533e-02;1.131554e-01;1.208735e-01;1.231514e-01;4.998440e-02
1.652390e-01;1.027144e-01;5.742588e-02;3.069490e-02;4.835863e-02;6.623202e-02;9.027224e-02;1.066693e-01;7.930630e-02;6.480717e-02;1.554625e-01;3.281754e-02
2.826788e-01;1.414037e-01;2.217389e-02;1.666389e-02;2.386109e-02;4.264564e-02;1.046336e-01;1.004298e-01;2.893969e-02;1.956219e-02;1.934575e-01;2.355022e-02
3.272105e-01;9.011394e-02;1.625803e-02;1.417670e-02;1.389095e-02;2.844304e-02;9.150995e-02;7.555017e-02;1.486390e-02;1.613534e-02;2.766201e-01;3.522739e-02
3.563572e-01;2.440499e-02;1.008528e-02;1.586279e-02;9.365564e-03;2.192350e-02;8.701386e-02;4.691697e-02;1.069718e-02;1.397962e-02;3.463928e-01;5.700019e-02
3.382030e-01;4.288111e-02;4.615585e-03;2.118077e-02;6.222761e-03;1.618136e-02;1.181915e-01;3.632502e-02;8.254357e-03;1.209898e-02;3.126620e-01;8.318354e-02
2.575226e-01;3.667980e-02;4.191387e-03;2.154153e-02;7.892422e-03;1.807337e-02;1.480681e-01;2.390107e-02;1.041932e-02;1.411325e-02;3.578818e-01;9.971537e-02
1.656666e-01;2.829169e-02;1.103169e-02;1.310227e-02;1.560210e-02;2.816479e-02;1.211998e-01;2.243605e-02;2.629597e-02;1.177167e-02;4.812912e-01;7.514614e-02
1.476434e-01;2.104656e-02;2.088194e-02;6.533814e-03;1.418136e-02;4.169959e-02;6.514708e-02;1.343644e-02;3.823055e-02;1.578728e-02;5.810575e-01;3.435446e-02
1.018315e-01;1.367112e-02;2.784042e-02;3.719842e-03;9.495064e-03;6.281401e-02;3.581492e-02;7.672008e-03;3.644997e-02;2.695489e-02;6.588258e-01;1.491052e-02
6.616741e-02;1.766408e-02;2.535344e-02;1.383881e-02;9.844909e-03;7.311936e-02;2.677504e-02;2.231966e-02;2.604067e-02;4.566198e-02;6.669591e-01;6.255571e-03
4.635677e-02;2.659380e-02;1.342083e-02;3.315453e-02;1.717908e-02;5.699128e-02;3.280424e-02;5.685813e-02;1.569740e-02;6.758111e-02;6.265785e-01;6.784332e-03
5.112120e-02;2.481586e-02;9.217632e-03;3.439972e-02;2.104514e-02;3.950365e-02;3.931085e-02;7.609717e-02;1.565025e-02;6.576829e-02;6.135764e-01;9.493906e-03
6.787156e-02;2.777933e-02;2.372879e-02;2.092586e-02;1.364066e-02;8.360456e-02;3.306467e-02;5.189463e-02;9.815332e-03;5.462487e-02;6.001927e-01;1.285706e-02
1.137772e-01;3.136765e-02;2.639593e-02;1.558432e-02;1.479395e-02;1.162660e-01;3.290526e-02;2.130187e-02;1.482535e-02;4.627515e-02;5.504100e-01;1.609737e-02
1.385936e-01;3.643937e-02;1.502597e-02;2.584390e-02;4.362038e-02;1.030135e-01;4.615624e-02;4.074509e-02;2.081020e-02;5.103367e-02;4.656016e-01;1.311652e-02
1.327251e-01;5.171277e-02;8.405739e-03;2.938278e-02;9.408647e-02;1.100945e-01;7.484045e-02;5.728016e-02;3.593932e-02;8.384298e-02;3.061175e-01;1.557224e-02
1.151961e-01;4.331878e-02;1.624830e-02;4.110738e-02;7.690795e-02;1.412114e-01;8.596830e-02;8.195212e-02;4.011913e-02;1.003150e-01;2.415654e-01;1.609016e-02
6.113595e-02;2.729107e-02;2.463795e-02;6.415371e-02;5.765488e-02;1.373413e-01;1.370600e-01;1.087869e-01;4.203728e-02;1.209624e-01;2.072497e-01;1.168875e-02
4.911981e-02;2.770432e-02;2.143974e-02;7.754277e-02;8.214065e-02;9.788110e-02;1.585464e-01;1.159473e-01;4.027608e-02;1.510840e-01;1.634459e-01;1.487198e-02
4.770453e-02;3.922546e-02;3.898914e-02;8.226384e-02;7.702887e-02;7.788513e-02;1.857149e-01;1.101357e-01;5.101337e-02;1.275342e-01;1.447793e-01;1.772561e-02
5.211094e-02;4.636449e-02;6.358921e-02;8.303703e-02;9.880216e-02;4.263188e-02;1.432960e-01;1.065369e-01;6.069712e-02;8.187552e-02;1.985362e-01;2.252257e-02
7.908700e-02;5.341394e-02;6.087144e-02;6.329120e-02;6.448533e-02;1.950048e-02;8.271003e-02;7.743528e-02;4.843930e-02;7.495401e-02;3.551129e-01;2.069901e-02
9.899689e-02;4.543683e-02;3.811159e-02;4.666200e-02;2.972580e-02;1.861147e-02;4.643076e-02;8.592385e-02;2.925996e-02;6.444135e-02;4.766155e-01;1.978404e-02
1.026544e-01;4.439637e-02;1.477416e-02;4.676943e-02;2.377275e-02;1.730014e-02;5.713981e-02;6.912907e-02;2.156945e-02;5.315392e-02;5.372459e-01;1.209465e-02
8.820436e-02;3.834330e-02;8.685974e-03;3.827038e-02;3.182995e-02;1.316209e-02;5.360309e-02;5.338424e-02;1.672591e-02;6.022919e-02;5.903564e-01;7.205064e-03
5.476395e-02;3.673957e-02;3.564194e-03;2.844779e-02;5.961091e-02;1.322747e-02;4.297499e-02;7.846317e-02;1.313764e-02;7.919954e-02;5.799645e-01;9.906244e-03
4.046640e-02;3.763605e-02;3.442025e-03;1.733869e-02;9.899276e-02;7.722916e-03;3.398465e-02;7.292330e-02;1.314660e-02;1.021594e-01;5.621333e-01;1.005381e-02
3.269074e-02;3.006883e-02;5.612507e-03;1.998438e-02;1.336785e-01;8.887801e-03;3.667131e-02;4.792253e-02;1.624861e-02;1.115996e-01;5.457451e-01;1.089007e-02
2.402200e-02;1.711148e-02;8.928270e-03;3.352273e-02;1.337229e-01;1.226931e-02;6.188483e-02;5.535552e-02;2.454340e-02;1.068912e-01;5.132346e-01;8.513683e-03
3.472165e-02;1.398495e-02;1.624767e-02;5.484562e-02;1.136308e-01;2.758329e-02;1.020304e-01;8.568863e-02;4.153753e-02;8.502723e-02;4.193348e-01;5.367437e-03
5.468842e-02;3.293648e-02;3.238045e-02;8.494031e-02;9.730081e-02;7.184584e-02;1.055173e-01;1.445239e-01;5.801612e-02;5.736282e-02;2.449106e-01;1.557697e-02
3.506858e-02;5.949387e-02;6.507996e-02;7.616421e-02;5.927202e-02;1.444194e-01;1.360561e-01;2.563032e-01;4.457737e-02;2.859261e-02;5.678985e-02;3.818281e-02
3.880137e-02;1.360741e-01;6.934110e-02;5.150953e-02;8.397505e-02;1.320290e-01;1.760745e-01;2.188468e-01;1.296945e-02;1.468467e-02;2.859374e-02;3.710066e-02
8.857580e-02;1.827312e-01;4.681034e-02;7.203827e-02;9.680708e-02;1.003046e-01;1.953785e-01;1.269078e-01;7.036793e-03;2.088101e-02;4.188836e-02;2.064023e-02
1.683612e-01;1.616580e-01;4.031721e-02;8.982076e-02;8.038129e-02;1.130796e-01;1.733038e-01;8.166075e-02;1.825168e-02;2.975813e-02;2.315422e-02;2.025329e-02
1.920389e-01;9.403906e-02;5.839918e-02;7.817008e-02;8.091267e-02;1.270006e-01;1.083527e-01;4.284880e-02;5.646143e-02;2.850921e-02;8.764825e-02;4.561914e-02
5.562764e-02;6.503378e-02;5.872821e-02;6.406474e-02;1.369243e-01;8.062133e-02;8.211005e-02;8.087226e-02;8.111817e-02;1.231025e-02;1.978025e-01;8.478677e-02
6.378962e-02;7.438574e-02;3.275689e-02;1.094975e-01;9.023736e-02;4.333099e-02;5.585001e-02;1.393100e-01;4.346045e-02;1.428506e-02;2.698306e-01;6.326584e-02
5.028099e-02;7.950873e-02;3.111047e-02;1.329702e-01;5.373427e-02;2.944408e-02;4.080607e-02;1.816487e-01;6.955148e-03;1.101196e-02;3.481055e-01;3.442389e-02
2.726099e-02;1.071187e-01;2.478926e-02;9.700532e-02;4.753790e-02;2.508675e-02;5.094523e-02;1.627200e-01;2.718242e-02;1.524373e-02;3.796031e-01;3.550661e-02
3.711045e-02;1.117172e-01;2.327561e-02;4.234857e-02;6.246215e-02;2.201373e-02;6.527095e-02;1.276470e-01;3.049742e-02;1.446076e-02;4.156629e-01;4.753333e-02
8.320487e-02;7.459019e-02;2.991482e-02;3.168509e-02;6.297367e-02;2.935937e-02;5.608659e-02;9.623196e-02;3.479892e-02;1.384338e-02;4.387456e-01;4.856564e-02
1.058306e-01;4.269132e-02;2.101822e-02;2.502199e-02;5.437932e-02;3.261642e-02;4.780339e-02;6.703962e-02;3.394656e-02;1.135183e-02;4.972509e-01;6.104981e-02
1.173815e-01;1.882831e-02;1.231552e-02;2.181490e-02;4.938261e-02;3.530476e-02;5.388550e-02;6.277451e-02;3.953499e-02;1.550513e-02;4.940329e-01;7.923941e-02
1.188053e-01;2.669536e-02;1.696992e-02;1.975135e-02;4.543373e-02;3.140808e-02;6.145472e-02;5.763237e-02;3.716594e-02;1.224378e-02;4.844775e-01;8.796200e-02
1.380355e-01;3.799589e-02;2.307933e-02;2.072126e-02;4.799020e-02;2.881796e-02;4.914815e-02;5.114518e-02;3.104135e-02;1.297288e-02;4.792549e-01;7.979736e-02
1.763379e-01;5.263496e-02;2.341466e-02;2.896556e-02;4.203429e-02;2.800732e-02;7.216434e-02;3.234274e-02;2.207627e-02;1.737934e-02;4.450199e-01;5.962269e-02
1.839017e-01;5.678791e-02;2.526235e-02;4.332793e-02;4.999220e-02;3.493861e-02;1.136009e-01;6.434628e-02;1.893508e-02;2.341443e-02;3.344650e-01;5.102766e-02
2.621121e-01;7.976829e-02;3.903362e-02;6.404564e-02;7.084360e-02;4.010340e-02;1.496487e-01;8.384483e-02;1.553226e-02;3.199400e-02;1.195661e-01;4.350750e-02
2.071117e-01;7.209738e-02;4.498480e-02;4.857478e-02;5.415470e-02;4.196847e-02;1.456691e-01;5.214436e-02;3.301555e-02;3.080003e-02;2.360845e-01;3.339467e-02
1.479681e-01;8.174911e-02;5.741611e-02;4.667101e-02;4.000417e-02;4.325841e-02;1.379347e-01;6.552047e-02;3.864140e-02;3.109003e-02;2.739532e-01;3.579338e-02
1.500975e-01;8.767938e-02;6.040275e-02;5.669871e-02;3.286214e-02;3.717702e-02;1.358690e-01;7.495888e-02;3.992997e-02;3.123354e-02;2.653021e-01;2.778896e-02
