7.376359e-02;1.119665e-01;1.205485e-01;1.168801e-01;9.115022e-02;8.052064e-02;1.330982e-01;5.854869e-02;4.915350e-02;7.933531e-02;3.816170e-02;4.687316e-02
8.184129e-02;7.094347e-02;1.671280e-01;1.360055e-01;6.354447e-02;4.662526e-02;1.447093e-01;6.129869e-02;5.895938e-02;8.190949e-02;2.134392e-02;6.569123e-02
8.831739e-02;9.446939e-02;1.780727e-01;8.991177e-02;6.345031e-02;7.430120e-02;9.523796e-02;5.811410e-02;4.773342e-02;7.429496e-02;4.451926e-02;9.157757e-02
1.364254e-01;8.301370e-02;2.004524e-01;4.773723e-02;8.531743e-02;5.722389e-02;7.400985e-02;6.309312e-02;4.881942e-02;6.570916e-02;5.725195e-02;8.094639e-02
1.357268e-01;8.792723e-02;1.951276e-01;3.906859e-02;8.896616e-02;7.035971e-02;8.970577e-02;6.174707e-02;5.898688e-02;5.870685e-02;6.379407e-02;4.988328e-02
1.144113e-01;9.372410e-02;1.573421e-01;8.028712e-02;1.006235e-01;8.569319e-02;9.792427e-02;6.586760e-02;5.312934e-02;5.458260e-02;7.158194e-02;2.483298e-02
1.052476e-01;8.184033e-02;1.535299e-01;8.631995e-02;1.071229e-01;6.860092e-02;1.563520e-01;5.172177e-02;2.963055e-02;4.473064e-02;5.782587e-02;5.707754e-02
8.463516e-02;9.321532e-02;2.019011e-01;5.908445e-02;6.492721e-02;6.081138e-02;1.931146e-01;4.586884e-02;3.774477e-02;3.824138e-02;5.558700e-02;6.486879e-02
1.085234e-01;7.795305e-02;1.616697e-01;8.688486e-02;5.970539e-02;6.145823e-02;1.585086e-01;6.674965e-02;4.936968e-02;5.656691e-02;5.754128e-02;5.506923e-02
8.855746e-02;6.937838e-02;1.551427e-01;6.249873e-02;5.746189e-02;5.070057e-02;2.882013e-01;7.140191e-02;2.322198e-02;4.605812e-02;4.201978e-02;4.535729e-02
6.789073e-02;9.368359e-02;1.312503e-01;5.639691e-02;5.999933e-02;5.136364e-02;3.472349e-01;5.540445e-02;2.138102e-02;3.956169e-02;3.992638e-02;3.590717e-02
5.321838e-02;1.216102e-01;9.824225e-02;3.928264e-02;5.099643e-02;5.227568e-02;4.357516e-01;3.739453e-02;1.411453e-02;3.232653e-02;3.639141e-02;2.839579e-02
3.213959e-02;1.451710e-01;5.091558e-02;1.907412e-02;3.532735e-02;5.414725e-02;5.736146e-01;1.966989e-02;1.773243e-02;1.542062e-02;2.363183e-02;1.315566e-02
2.519778e-02;1.230067e-01;2.700620e-02;1.816278e-02;2.564473e-02;4.225481e-02;5.835732e-01;6.520834e-02;3.484748e-02;2.332275e-02;1.659757e-02;1.517768e-02
6.423765e-02;7.435147e-02;5.557002e-02;4.131315e-02;3.687660e-02;4.201245e-02;3.855688e-01;8.948889e-02;4.490073e-02;7.909056e-02;4.538305e-02;4.120667e-02
1.085316e-01;5.793866e-02;8.230650e-02;5.291359e-02;6.807423e-02;5.189198e-02;1.920656e-01;8.718064e-02;4.613802e-02;1.231781e-01;6.806561e-02;6.171542e-02
1.114740e-01;7.891135e-02;8.244859e-02;3.255697e-02;1.144843e-01;4.852708e-02;1.311926e-01;9.422755e-02;6.628233e-02;1.326007e-01;5.128878e-02;5.600581e-02
7.710556e-02;6.333419e-02;1.222792e-01;4.490591e-02;1.274848e-01;7.676860e-02;1.707274e-01;8.103412e-02;5.337324e-02;9.643611e-02;4.116355e-02;4.538738e-02
5.384809e-02;4.195370e-02;2.236520e-01;7.042158e-02;1.066835e-01;7.879366e-02;1.592845e-01;7.342757e-02;3.520478e-02;7.351819e-02;3.901998e-02;4.419248e-02
6.726933e-02;4.513263e-02;3.120289e-01;6.977860e-02;5.265980e-02;5.467268e-02;7.432596e-02;9.600964e-02;4.398662e-02;9.779307e-02;4.943496e-02;3.690781e-02
8.991553e-02;6.382453e-02;1.347783e-01;1.193102e-01;6.859767e-02;5.800912e-02;1.161467e-01;1.046342e-01;6.815901e-02;7.792875e-02;5.026848e-02;4.842751e-02
4.178693e-02;3.883571e-02;9.600541e-02;8.380775e-02;7.473204e-02;1.057564e-01;2.884873e-01;9.352347e-02;5.586823e-02;6.617634e-02;3.361016e-02;2.141024e-02
2.710395e-02;2.231109e-02;9.021482e-02;3.932822e-02;5.917275e-02;9.539741e-02;4.044525e-01;1.144501e-01;5.361063e-02;5.138453e-02;3.038935e-02;1.218461e-02
5.135845e-02;2.115895e-02;6.994402e-02;3.987015e-02;5.038136e-02;5.472674e-02;3.659483e-01;1.281777e-01;7.730655e-02;6.119833e-02;5.684038e-02;2.308904e-02
8.068725e-02;1.967202e-02;5.196846e-02;5.331641e-02;7.248430e-02;1.036293e-01;2.336520e-01;9.169470e-02;6.851064e-02;8.089069e-02;8.793766e-02;5.555662e-02
9.273810e-02;3.096773e-02;3.998616e-02;5.765518e-02;1.368823e-01;1.682383e-01;2.059294e-01;4.233149e-02;2.126273e-02;6.643403e-02;7.825194e-02;5.932255e-02
6.794705e-02;2.818838e-02;6.054069e-02;7.602229e-02;2.201720e-01;1.644318e-01;1.775623e-01;3.373173e-02;3.765773e-02;3.501006e-02;4.443372e-02;5.430223e-02
3.681580e-02;1.142717e-02;1.073561e-01;1.243142e-01;2.930577e-01;1.123764e-01;1.060802e-01;1.691451e-02;4.100984e-02;2.641281e-02;4.432536e-02;7.990996e-02
2.683312e-02;1.831545e-02;1.364705e-01;1.581289e-01;2.649955e-01;5.393583e-02;7.664850e-02;4.270615e-02;4.477164e-02;4.101441e-02;6.678803e-02;6.939200e-02
3.919389e-02;2.411039e-02;1.491136e-01;1.162158e-01;1.761529e-01;7.186817e-02;1.237949e-01;6.846349e-02;5.353887e-02;4.810166e-02;8.500518e-02;4.444125e-02
6.464283e-02;5.056660e-02;1.076531e-01;5.294877e-02;1.312112e-01;9.740108e-02;1.721041e-01;5.577083e-02;6.658232e-02;6.626955e-02;8.524483e-02;4.960483e-02
2.923332e-02;2.312753e-02;8.681290e-02;1.155926e-01;2.664290e-01;1.247669e-01;1.573955e-01;4.457420e-02;2.971819e-02;3.055704e-02;3.391266e-02;5.788015e-02
1.625910e-02;2.298626e-02;1.343533e-01;1.319183e-01;2.443383e-01;1.154404e-01;1.523120e-01;5.634152e-02;1.901171e-02;2.408949e-02;2.193634e-02;6.101315e-02
4.970638e-02;5.925673e-02;2.224928e-01;5.555334e-02;1.062266e-01;7.546470e-02;1.591247e-01;4.669111e-02;5.904194e-02;6.232150e-02;5.866324e-02;4.545695e-02
8.101480e-02;5.659766e-02;2.523180e-01;4.039421e-02;7.972897e-02;7.717688e-02;2.033954e-01;3.895518e-02;4.443597e-02;5.262675e-02;4.228850e-02;3.106775e-02
7.322294e-02;5.001863e-02;2.427104e-01;4.437115e-02;7.811707e-02;8.598572e-02;2.152926e-01;3.327951e-02;3.712388e-02;5.281673e-02;4.946127e-02;3.760007e-02
7.963273e-02;3.506179e-02;1.981253e-01;5.168767e-02;1.143875e-01;1.093403e-01;1.862073e-01;3.028465e-02;4.766731e-02;4.060926e-02;4.574364e-02;6.125252e-02
1.184787e-01;1.900034e-02;1.416009e-01;4.456852e-02;1.711256e-01;1.893222e-01;1.319928e-01;1.974966e-02;5.121626e-02;1.627748e-02;2.459127e-02;7.207632e-02
1.096256e-01;1.402193e-02;1.218235e-01;1.845817e-02;2.304583e-01;2.344376e-01;1.073615e-01;1.235347e-02;4.627709e-02;9.443257e-03;8.017482e-03;8.772200e-02
4.562288e-02;8.323684e-03;1.521904e-01;3.350791e-02;2.836598e-01;1.750708e-01;6.688686e-02;7.319720e-03;6.292068e-02;7.207445e-03;6.999975e-03;1.502898e-01
1.795851e-02;1.011703e-02;1.395281e-01;6.458239e-02;3.260868e-01;1.116453e-01;3.570221e-02;7.947723e-03;5.401561e-02;1.202419e-02;2.431972e-02;1.960725e-01
1.252925e-02;3.333188e-02;1.286831e-01;1.154341e-01;2.946025e-01;6.233973e-02;3.588818e-02;1.512023e-02;2.934119e-02;3.082610e-02;5.994151e-02;1.819623e-01
1.748331e-02;6.718968e-02;1.848286e-01;1.401014e-01;1.886469e-01;3.959850e-02;3.933195e-02;3.546966e-02;3.502138e-02;5.178809e-02;8.699515e-02;1.135453e-01
2.560034e-02;7.560766e-02;2.596723e-01;1.100442e-01;1.030597e-01;7.306896e-02;6.147365e-02;4.769059e-02;6.224899e-02;5.461457e-02;6.332490e-02;6.359416e-02
2.607741e-02;2.944583e-02;1.983107e-01;1.224447e-01;8.649168e-02;6.407708e-02;8.612549e-02;5.468003e-02;4.544970e-02;5.014741e-02;1.742753e-01;6.247468e-02
2.100388e-02;3.025738e-02;1.691523e-01;1.609052e-01;7.896394e-02;3.583182e-02;5.092843e-02;6.117515e-02;1.857997e-02;3.187238e-02;2.872712e-01;5.405832e-02
3.205600e-02;2.667343e-02;1.997769e-01;1.918793e-01;4.669044e-02;1.907619e-02;2.407693e-02;4.207728e-02;1.978497e-02;5.282789e-02;3.117351e-01;3.334557e-02
6.946202e-02;2.362371e-02;2.190490e-01;2.220755e-01;2.406929e-02;1.580549e-02;5.470506e-02;2.566670e-02;1.716053e-02;7.333886e-02;2.235789e-01;3.146498e-02
1.067844e-01;1.596158e-02;2.394052e-01;2.395777e-01;2.507101e-02;2.011641e-02;7.630076e-02;2.388522e-02;1.300308e-02;9.074032e-02;1.201548e-01;2.899950e-02
9.980988e-02;1.567378e-02;2.183793e-01;2.497703e-01;3.229076e-02;2.312695e-02;6.437372e-02;4.527898e-02;1.631515e-02;8.127638e-02;1.265517e-01;2.715306e-02
4.315161e-02;5.628167e-02;1.274426e-01;3.077053e-01;4.816122e-02;2.036302e-02;2.998638e-02;6.869310e-02;2.022154e-02;4.749399e-02;1.998411e-01;3.065858e-02
2.057713e-02;9.197633e-02;6.947700e-02;2.981517e-01;9.027146e-02;2.001541e-02;1.840861e-02;6.636290e-02;1.969261e-02;2.797617e-02;1.922659e-01;8.482481e-02
1.870199e-02;7.492040e-02;5.970990e-02;1.792173e-01;1.789397e-01;2.148539e-02;2.763380e-02;3.916063e-02;4.691822e-02;2.319717e-02;1.062883e-01;2.238272e-01
1.832020e-02;2.913134e-02;9.018924e-02;6.510852e-02;2.440092e-01;2.875945e-02;3.324965e-02;1.899288e-02;8.083428e-02;2.504209e-02;2.250146e-02;3.438616e-01
2.600646e-02;9.572661e-03;1.400312e-01;2.323876e-02;2.269385e-01;4.364605e-02;3.000592e-02;1.401669e-02;8.489451e-02;2.432486e-02;2.005433e-02;3.572701e-01
3.799026e-02;1.075322e-02;1.893098e-01;4.107330e-02;1.793569e-01;6.734715e-02;4.120805e-02;1.408223e-02;6.533354e-02;1.722668e-02;2.671809e-02;3.096008e-01
5.165125e-02;2.377921e-02;2.482074e-01;7.443488e-02;1.449944e-01;7.961863e-02;8.560148e-02;2.286213e-02;4.500556e-02;1.819562e-02;1.344531e-02;1.922041e-01
5.594860e-02;3.318226e-02;2.987108e-01;7.699535e-02;1.209124e-01;7.760084e-02;1.068083e-01;3.444153e-02;4.654236e-02;2.982607e-02;1.667753e-02;1.023540e-01
4.806302e-02;4.159202e-02;3.475454e-01;9.312639e-02;8.238593e-02;7.226152e-02;8.490359e-02;4.547130e-02;6.273060e-02;4.358157e-02;2.403340e-02;5.430528e-02
3.315171e-02;8.410070e-02;3.190466e-01;1.181406e-01;1.182232e-01;5.800074e-02;7.249194e-02;2.441735e-02;4.654450e-02;3.891532e-02;5.078042e-02;3.618686e-02
3.688459e-02;1.284245e-01;2.648646e-01;1.216434e-01;1.312244e-01;4.508705e-02;8.889909e-02;1.015396e-02;2.186510e-02;3.638808e-02;7.227810e-02;4.228712e-02
4.054718e-02;9.240337e-02;3.689483e-01;9.627395e-02;8.567613e-02;3.008565e-02;8.800267e-02;1.287357e-02;1.309995e-02;6.045569e-02;7.874005e-02;3.289346e-02
4.661920e-02;5.924524e-02;4.919075e-01;6.602330e-02;4.473503e-02;1.967709e-02;7.373538e-02;9.806555e-03;2.326514e-02;9.694669e-02;4.565026e-02;2.238854e-02
7.403335e-02;9.200934e-02;4.327145e-01;3.502345e-02;4.535229e-02;2.681214e-02;6.255993e-02;1.543298e-02;4.896784e-02;9.969270e-02;3.665125e-02;3.075026e-02
9.927726e-02;1.276709e-01;2.978761e-01;3.576497e-02;4.948090e-02;2.100568e-02;8.846823e-02;3.669754e-02;7.390056e-02;7.883774e-02;4.750241e-02;4.351773e-02
1.057449e-01;7.619251e-02;1.602723e-01;7.857068e-02;7.112635e-02;3.797186e-02;1.565199e-01;5.227099e-02;9.913826e-02;5.160932e-02;5.507867e-02;5.550423e-02
6.478975e-02;5.577230e-02;1.794301e-01;6.460582e-02;8.989279e-02;7.537081e-02;1.544127e-01;3.791690e-02;8.119159e-02;7.546709e-02;5.030641e-02;7.084374e-02
7.946393e-02;8.455071e-02;1.075290e-01;8.036513e-02;8.364387e-02;6.967892e-02;1.027571e-01;5.229586e-02;7.845582e-02;9.082913e-02;7.756491e-02;9.286564e-02
1.014849e-01;8.811255e-02;1.034009e-01;7.615050e-02;6.968733e-02;7.513703e-02;7.250806e-02;5.601377e-02;9.434419e-02;9.676142e-02;7.340094e-02;9.299843e-02
1.026947e-01;7.827967e-02;9.846076e-02;4.709027e-02;6.366570e-02;9.744377e-02;8.871230e-02;1.105746e-01;1.080451e-01;8.255421e-02;5.896344e-02;6.351542e-02
7.573708e-02;3.747450e-02;1.230309e-01;7.884080e-02;7.892424e-02;9.862545e-02;1.926216e-01;1.065032e-01;6.577510e-02;5.627858e-02;5.943679e-02;2.675169e-02
5.058973e-02;4.226200e-02;2.121683e-01;1.111607e-01;1.107553e-01;7.110703e-02;1.709844e-01;7.489958e-02;2.631892e-02;2.609308e-02;6.749362e-02;3.616732e-02
4.178511e-02;4.442937e-02;2.353034e-01;1.541137e-01;1.196467e-01;4.188101e-02;9.531334e-02;7.916270e-02;1.590464e-02;2.579201e-02;1.136837e-01;3.298425e-02
2.953431e-02;3.287396e-02;2.294486e-01;1.991303e-01;1.002776e-01;4.355445e-02;3.513214e-02;9.828155e-02;1.816422e-02;2.255347e-02;1.678928e-01;2.315666e-02
1.869625e-02;1.077698e-02;2.553135e-01;2.314823e-01;6.902253e-02;4.307955e-02;2.404293e-02;8.909882e-02;1.538589e-02;2.097808e-02;2.087054e-01;1.341776e-02
2.554569e-02;1.742393e-02;3.525822e-01;2.285206e-01;4.704188e-02;3.332903e-02;1.637181e-02;4.837035e-02;1.666452e-02;2.294410e-02;1.786625e-01;1.254345e-02
2.600655e-02;3.649657e-02;4.148158e-01;2.173779e-01;4.877136e-02;3.592269e-02;1.556169e-02;4.316631e-02;1.730368e-02;1.920529e-02;1.142387e-01;1.113352e-02
1.095240e-02;3.238878e-02;3.968826e-01;1.957883e-01;6.639060e-02;4.875989e-02;3.199085e-02;5.852503e-02;1.249279e-02;1.840596e-02;1.144195e-01;1.300327e-02
2.050983e-02;4.528401e-02;3.918140e-01;1.379568e-01;7.121551e-02;5.467577e-02;5.425297e-02;5.938201e-02;2.371048e-02;3.182146e-02;9.376347e-02;1.561375e-02
5.468878e-02;9.110669e-02;3.728586e-01;6.934959e-02;6.410754e-02;5.913076e-02;6.383031e-02;4.804720e-02;4.990298e-02;5.498940e-02;5.595688e-02;1.603120e-02
1.405404e-01;1.621961e-01;2.427249e-01;3.018352e-02;6.106186e-02;6.660222e-02;3.917353e-02;4.725364e-02;6.592708e-02;6.872430e-02;4.330554e-02;3.230684e-02
1.848694e-01;1.159651e-01;2.682052e-01;5.892864e-02;5.933106e-02;4.344085e-02;4.949987e-02;4.971754e-02;4.366709e-02;5.565035e-02;4.027349e-02;3.045138e-02
7.791432e-02;8.716539e-02;3.915265e-01;7.595176e-02;5.440158e-02;5.288167e-02;8.107812e-02;4.483369e-02;2.625689e-02;6.324774e-02;3.000844e-02;1.473397e-02
2.486875e-02;4.025049e-02;3.069160e-01;1.321307e-01;1.046187e-01;4.535385e-02;8.667853e-02;6.756394e-02;2.889255e-02;5.876328e-02;6.824779e-02;3.571545e-02
1.373373e-02;1.830368e-02;1.995439e-01;1.455672e-01;1.743291e-01;4.979266e-02;7.103473e-02;7.552131e-02;4.878790e-02;4.124479e-02;8.391837e-02;7.822265e-02
1.112842e-02;1.401422e-02;1.212286e-01;1.169307e-01;2.530850e-01;7.004480e-02;4.724102e-02;5.651707e-02;1.056252e-01;2.110454e-02;6.094641e-02;1.221340e-01
2.410705e-02;8.069997e-03;6.422761e-02;6.548970e-02;3.165251e-01;1.160347e-01;4.983830e-02;2.835842e-02;1.618073e-01;8.357631e-03;2.320283e-02;1.339814e-01
3.916752e-02;5.197606e-03;3.637161e-02;1.834263e-02;3.577260e-01;1.839556e-01;5.626602e-02;1.515244e-02;1.687492e-01;9.598861e-03;6.302515e-03;1.031700e-01
4.665571e-02;3.120626e-03;5.258768e-02;3.723078e-02;3.272589e-01;2.064692e-01;6.860912e-02;1.188595e-02;1.498652e-01;1.895853e-02;7.743688e-03;6.961468e-02
4.206708e-02;7.781405e-03;1.029551e-01;3.451858e-02;2.586302e-01;1.618320e-01;7.725428e-02;1.580162e-02;1.741558e-01;2.705912e-02;8.194903e-03;8.974984e-02
4.575840e-02;2.013414e-02;1.619110e-01;5.291722e-02;1.868624e-01;1.024090e-01;1.224613e-01;3.281051e-02;1.522363e-01;1.673170e-02;2.091424e-02;8.485365e-02
5.742200e-02;3.955645e-02;2.269133e-01;5.517679e-02;1.352018e-01;7.066613e-02;1.367645e-01;4.581184e-02;1.124700e-01;2.182145e-02;3.608371e-02;6.211211e-02
5.716926e-02;6.306837e-02;3.127374e-01;4.125971e-02;1.064062e-01;5.509615e-02;1.574300e-01;5.386379e-02;4.963759e-02;3.345422e-02;3.964834e-02;3.022898e-02
4.120304e-02;5.191113e-02;4.469830e-01;4.172505e-02;8.841066e-02;7.467718e-02;1.039065e-01;4.713191e-02;3.034164e-02;3.420484e-02;2.074448e-02;1.876055e-02
5.489376e-02;6.779019e-02;4.705105e-01;4.653640e-02;5.213594e-02;6.295419e-02;6.996201e-02;4.114299e-02;5.331760e-02;4.041034e-02;1.557071e-02;2.477532e-02
8.157274e-02;7.651986e-02;2.493552e-01;4.501744e-02;5.797638e-02;6.372290e-02;1.575971e-01;5.552884e-02;5.735773e-02;6.768832e-02;3.778657e-02;4.987701e-02
8.422801e-02;5.625568e-02;1.091468e-01;4.011060e-02;9.488256e-02;1.078102e-01;2.244156e-01;4.485473e-02;6.033816e-02;8.172169e-02;4.387808e-02;5.235781e-02
1.025803e-01;3.853630e-02;4.446688e-02;3.431300e-02;1.171852e-01;1.883129e-01;2.338736e-01;2.727541e-02;5.981124e-02;8.280578e-02;3.389753e-02;3.694178e-02
1.557032e-01;1.850151e-02;2.140393e-02;1.919816e-02;1.154344e-01;3.038530e-01;1.941917e-01;1.977866e-02;4.524927e-02;8.054482e-02;1.486432e-02;1.127711e-02
2.013493e-01;7.442425e-03;1.426836e-02;9.575390e-03;9.804656e-02;3.793386e-01;1.629758e-01;2.217540e-02;1.265362e-02;7.664186e-02;2.468146e-03;1.306452e-02
2.080649e-01;5.982112e-03;8.827986e-03;8.516795e-03;1.103658e-01;3.759652e-01;1.694433e-01;2.497378e-02;1.670049e-02;6.046525e-02;4.274401e-03;6.419965e-03
2.060961e-01;7.175232e-03;1.470018e-02;1.300017e-02;1.581852e-01;3.372489e-01;1.650853e-01;2.369416e-02;1.213710e-02;3.989913e-02;4.638498e-03;1.814008e-02
2.241262e-01;1.165268e-02;2.122031e-02;1.780596e-02;2.029171e-01;2.975709e-01;1.594642e-01;1.170723e-02;5.279937e-03;2.007942e-02;4.713101e-03;2.346292e-02
2.342672e-01;1.267132e-02;2.489140e-02;1.594083e-02;1.841794e-01;2.952472e-01;1.873532e-01;1.156050e-02;4.509642e-03;1.108503e-02;4.372661e-03;1.392168e-02
2.207580e-01;5.001228e-03;2.087009e-02;1.408724e-02;1.880571e-01;2.950220e-01;1.928857e-01;8.717744e-03;8.782615e-03;8.485936e-03;3.820776e-03;3.351156e-02
1.629338e-01;1.056823e-02;4.604942e-02;2.078396e-02;2.297984e-01;2.424271e-01;1.771049e-01;6.725359e-03;1.598661e-02;1.041305e-02;6.484784e-03;7.072441e-02
9.086032e-02;1.094476e-02;8.628722e-02;3.990201e-02;2.944897e-01;1.667040e-01;1.465760e-01;6.694174e-03;1.759321e-02;1.526397e-02;1.011722e-02;1.145675e-01
2.980984e-02;1.269744e-02;1.740901e-01;8.375876e-02;3.107199e-01;1.080709e-01;1.057474e-01;1.014002e-02;1.755492e-02;1.016511e-02;1.688971e-02;1.203559e-01
1.913195e-02;2.049299e-02;3.134077e-01;1.151497e-01;2.444077e-01;6.603849e-02;7.847277e-02;1.399156e-02;1.239666e-02;1.696655e-02;1.775426e-02;8.178967e-02
3.304015e-02;4.388130e-02;4.129344e-01;1.102937e-01;1.545464e-01;4.983578e-02;7.649478e-02;1.520441e-02;1.898762e-02;2.519793e-02;1.432234e-02;4.526128e-02
5.810678e-02;8.037877e-02;3.947231e-01;7.105177e-02;8.057869e-02;5.771346e-02;9.203082e-02;2.623214e-02;3.268760e-02;4.776291e-02;3.046286e-02;2.827119e-02
1.044187e-01;5.440849e-02;3.044910e-01;3.105026e-02;5.046159e-02;7.248954e-02;1.325587e-01;6.702722e-02;4.207556e-02;6.908014e-02;4.459944e-02;2.733929e-02
1.276484e-01;1.025912e-01;2.285161e-01;6.169437e-02;3.610401e-02;9.540097e-02;1.039117e-01;8.064464e-02;4.442703e-02;5.442572e-02;4.279723e-02;2.183857e-02
1.203579e-01;9.872044e-02;1.630909e-01;7.698637e-02;5.267383e-02;1.216598e-01;9.988688e-02;7.949556e-02;4.952100e-02;5.468127e-02;4.456908e-02;3.835711e-02
1.042760e-01;5.609428e-02;1.266912e-01;5.333123e-02;4.249325e-02;9.830656e-02;2.022927e-01;1.112517e-01;5.499630e-02;6.523910e-02;3.027066e-02;5.475704e-02
7.214851e-02;6.521092e-02;1.232874e-01;4.113825e-02;5.091355e-02;6.018880e-02;2.118150e-01;1.316217e-01;9.224739e-02;6.675483e-02;3.468734e-02;4.998646e-02
6.567293e-02;4.888333e-02;9.230594e-02;3.413555e-02;7.114148e-02;9.966638e-02;1.533080e-01;1.397734e-01;1.244174e-01;7.033730e-02;4.900791e-02;5.135038e-02
7.443309e-02;4.247066e-02;9.348491e-02;3.233358e-02;8.186629e-02;1.215992e-01;1.064307e-01;1.311065e-01;9.732270e-02;1.009080e-01;6.163343e-02;5.641088e-02
6.970968e-02;5.994929e-02;1.083355e-01;4.676660e-02;5.049571e-02;1.273105e-01;1.139832e-01;1.358757e-01;6.433853e-02;1.232932e-01;5.323532e-02;4.670670e-02
7.078013e-02;8.524290e-02;1.625302e-01;7.647134e-02;4.759760e-02;9.103283e-02;1.099687e-01;1.070497e-01;6.672870e-02;1.005408e-01;4.216124e-02;3.989581e-02
5.312895e-02;7.469699e-02;2.387065e-01;9.157346e-02;8.930237e-02;7.385802e-02;1.071363e-01;6.538039e-02;6.365062e-02;8.738467e-02;3.612377e-02;1.905795e-02
5.080013e-02;9.705330e-02;1.897295e-01;9.713956e-02;7.834439e-02;8.003654e-02;1.413154e-01;7.524405e-02;6.296112e-02;7.505849e-02;2.805276e-02;2.426480e-02
5.225110e-02;5.861809e-02;1.571814e-01;9.321842e-02;8.254917e-02;1.042096e-01;2.197756e-01;7.271752e-02;5.648145e-02;6.320047e-02;2.329483e-02;1.650240e-02
3.400344e-02;2.408375e-02;1.081180e-01;4.864651e-02;1.174338e-01;1.409204e-01;3.446149e-01;5.545308e-02;5.049394e-02;4.765231e-02;1.935571e-02;9.224185e-03
2.527645e-02;9.842685e-03;5.840492e-02;2.947905e-02;1.366323e-01;2.018015e-01;3.819672e-01;3.932463e-02;4.600583e-02;3.827593e-02;1.797190e-02;1.501764e-02
1.777491e-02;1.314733e-02;9.147109e-02;5.074597e-02;1.847108e-01;1.930927e-01;3.038578e-01;3.107534e-02;4.312497e-02;2.895707e-02;1.040280e-02;3.163916e-02
1.193818e-02;2.856781e-02;1.341689e-01;1.235460e-01;2.185262e-01;1.029308e-01;1.804336e-01;5.922482e-02;3.225027e-02;4.286513e-02;2.495483e-02;4.059341e-02
1.130184e-02;4.546773e-02;1.729158e-01;2.118805e-01;1.789683e-01;4.021200e-02;7.368558e-02;1.440671e-01;1.276686e-02;4.140006e-02;4.711244e-02;2.022166e-02
1.344843e-02;5.003392e-02;1.812465e-01;2.500261e-01;1.467088e-01;4.557163e-02;3.909745e-02;1.867663e-01;6.296510e-03;1.895503e-02;5.218538e-02;9.663874e-03
1.489671e-02;5.390991e-02;1.702568e-01;2.668795e-01;1.526944e-01;4.397837e-02;3.145474e-02;1.684725e-01;9.091506e-03;2.813629e-02;4.926926e-02;1.095996e-02
1.002224e-02;5.367041e-02;1.514662e-01;2.672677e-01;1.936544e-01;3.674906e-02;3.070098e-02;1.350393e-01;7.356178e-03;5.290439e-02;4.089593e-02;2.027323e-02
3.020518e-03;3.733262e-02;1.156187e-01;2.161423e-01;2.783176e-01;4.938179e-02;7.037233e-02;7.616215e-02;2.477268e-02;5.586409e-02;2.542782e-02;4.758745e-02
5.799845e-03;1.631456e-02;8.560035e-02;1.249908e-01;3.288404e-01;9.659791e-02;1.396331e-01;3.127853e-02;6.423467e-02;3.166905e-02;7.758910e-03;6.728189e-02
1.369118e-02;7.225601e-03;8.457068e-02;4.911087e-02;3.071573e-01;1.929215e-01;1.628965e-01;2.234776e-02;8.077177e-02;1.603212e-02;3.884034e-03;5.939062e-02
4.670292e-02;5.605926e-03;7.017969e-02;2.003874e-02;2.239758e-01;3.306041e-01;1.651077e-01;3.129708e-02;4.574716e-02;2.219949e-02;7.183061e-03;3.135833e-02
9.722950e-02;8.214136e-03;4.284258e-02;2.729342e-02;1.207589e-01;3.711732e-01;1.980201e-01;4.359141e-02;1.961056e-02;5.170226e-02;5.207737e-03;1.435624e-02
1.239192e-01;1.921484e-02;4.970597e-02;3.896001e-02;5.129276e-02;3.118710e-01;2.757432e-01;3.273407e-02;1.138887e-02;6.380384e-02;9.063268e-03;1.230300e-02
1.209074e-01;3.528853e-02;3.976580e-02;3.671065e-02;3.857547e-02;2.245041e-01;3.551582e-01;3.929346e-02;2.068287e-02;5.406499e-02;1.606362e-02;1.898502e-02
8.325060e-02;4.826604e-02;6.378337e-02;3.076117e-02;5.347945e-02;1.518548e-01;3.550341e-01;6.555474e-02;3.708991e-02;5.529041e-02;2.336516e-02;3.227022e-02
5.202309e-02;4.684944e-02;1.530592e-01;3.609733e-02;7.144877e-02;1.156713e-01;2.694782e-01;8.589716e-02;4.850813e-02;5.429490e-02;2.190644e-02;4.476599e-02
6.247658e-02;3.342739e-02;2.924404e-01;4.198271e-02;5.946612e-02;1.600053e-01;1.382656e-01;6.814200e-02;4.179318e-02;6.488092e-02;1.669138e-02;2.042842e-02
3.620259e-02;2.910733e-02;4.211731e-01;2.809842e-02;3.212029e-02;1.746347e-01;1.366648e-01;4.902975e-02;1.936577e-02;5.663652e-02;1.052769e-02;6.439113e-03
3.339002e-02;3.300719e-02;4.650844e-01;3.743704e-02;3.245129e-02;1.106841e-01;1.616722e-01;4.904766e-02;2.012798e-02;3.777179e-02;1.017076e-02;9.155471e-03
5.767183e-02;4.030746e-02;4.966398e-01;3.849376e-02;2.091877e-02;6.719375e-02;1.371434e-01;4.038703e-02;2.998057e-02;3.706335e-02;1.962499e-02;1.457532e-02
7.409482e-02;3.937331e-02;4.364346e-01;3.120543e-02;1.708603e-02;4.171335e-02;1.112368e-01;7.560415e-02;3.589558e-02;5.884333e-02;4.527177e-02;3.324088e-02
5.618052e-02;4.718344e-02;2.146124e-01;4.888431e-02;3.790367e-02;5.456733e-02;1.580284e-01;1.160337e-01;7.620738e-02;8.195718e-02;6.330208e-02;4.513953e-02
9.823373e-02;7.669513e-02;1.257543e-01;5.714140e-02;6.924286e-02;6.896035e-02;1.253191e-01;1.212673e-01;8.013515e-02;8.863012e-02;4.495373e-02;4.366690e-02
9.655698e-02;9.957802e-02;2.519095e-01;4.945009e-02;4.052332e-02;6.784689e-02;8.192782e-02;9.795474e-02;8.036736e-02;7.490960e-02;3.010854e-02;2.886714e-02
5.557726e-02;1.144017e-01;3.956143e-01;4.002309e-02;2.733521e-02;6.643148e-02;5.091669e-02;5.935178e-02;7.583904e-02;7.615788e-02;1.989113e-02;1.846053e-02
3.770505e-02;1.512038e-01;4.769196e-01;3.550053e-02;3.628020e-02;5.939990e-02;3.029661e-02;2.575845e-02;5.740720e-02;6.773977e-02;1.141030e-02;1.037867e-02
1.380693e-01;2.438303e-01;3.817952e-01;2.406517e-02;1.672370e-02;3.603627e-02;1.888964e-02;1.879620e-02;6.362157e-02;4.057344e-02;3.695647e-03;1.390361e-02
3.094816e-01;2.672668e-01;2.028452e-01;1.346568e-02;1.295739e-02;1.814026e-02;1.769918e-02;2.818070e-02;6.715727e-02;1.813853e-02;8.129192e-03;3.653826e-02
4.284668e-01;1.926440e-01;9.051413e-02;1.149049e-02;1.410848e-02;8.405008e-03;2.873065e-02;3.958797e-02;4.355004e-02;1.181560e-02;2.213143e-02;1.085553e-01
3.720302e-01;9.133912e-02;5.592826e-02;1.875404e-02;8.645084e-03;1.471479e-02;4.859840e-02;3.471778e-02;2.443755e-02;2.156523e-02;9.595196e-02;2.133176e-01
1.891222e-01;3.137480e-02;6.822385e-02;2.121343e-02;1.561525e-02;3.891218e-02;2.785341e-02;2.558181e-02;2.631799e-02;5.311438e-02;2.685660e-01;2.341047e-01
8.043315e-02;2.398036e-02;6.493310e-02;1.174732e-02;2.789632e-02;6.100627e-02;2.882255e-02;1.500057e-02;2.743258e-02;1.455590e-01;3.905835e-01;1.226054e-01
3.657217e-02;4.364910e-02;4.753269e-02;1.640796e-02;4.793422e-02;5.989745e-02;2.058985e-02;1.280994e-02;3.077660e-02;2.616918e-01;3.688535e-01;5.328472e-02
4.239821e-02;5.191504e-02;3.002401e-02;2.153829e-02;5.832047e-02;4.567743e-02;2.474632e-02;2.015642e-02;3.080950e-02;3.217483e-01;3.158731e-01;3.679281e-02
5.707688e-02;5.633546e-02;5.691724e-02;3.289330e-02;5.346079e-02;3.068556e-02;7.310301e-02;1.427371e-02;3.194845e-02;2.885663e-01;2.531246e-01;5.161476e-02
7.957821e-02;3.909519e-02;1.294680e-01;3.419868e-02;5.353197e-02;5.366645e-02;1.572713e-01;3.113502e-02;5.850546e-02;1.660870e-01;1.509742e-01;4.648848e-02
7.854872e-02;5.536491e-02;1.572882e-01;4.830534e-02;6.737918e-02;6.156050e-02;2.160049e-01;4.342600e-02;5.083271e-02;7.938165e-02;9.458584e-02;4.732199e-02
1.012250e-01;8.129487e-02;1.438291e-01;5.847044e-02;6.736286e-02;6.515336e-02;2.047350e-01;4.040410e-02;4.547231e-02;6.541810e-02;8.616474e-02;4.047017e-02
8.832314e-02;9.706057e-02;7.623668e-02;6.099344e-02;9.049298e-02;8.644082e-02;1.905760e-01;3.544201e-02;4.171473e-02;6.099835e-02;1.169874e-01;5.473381e-02
6.616239e-02;4.893261e-02;5.409444e-02;5.285875e-02;9.540486e-02;1.034818e-01;2.042706e-01;1.073879e-01;7.017555e-02;6.022244e-02;7.132054e-02;6.568816e-02
