9.890994e-02;2.217877e-02;1.559060e-01;3.908589e-02;2.904178e-02;2.575125e-02;1.733311e-01;7.863888e-02;1.040777e-01;9.169113e-02;1.357392e-01;4.564833e-02
7.992388e-02;5.791967e-02;1.692240e-01;3.505681e-02;3.990449e-02;2.873939e-02;1.506356e-01;1.105568e-01;4.535894e-02;6.608516e-02;1.488947e-01;6.770051e-02
1.041828e-01;6.659511e-02;1.473913e-01;4.418231e-02;5.589177e-02;4.636765e-02;1.027566e-01;1.120452e-01;2.964590e-02;4.799774e-02;1.446012e-01;9.834240e-02
1.076703e-01;6.997018e-02;1.734676e-01;8.393929e-02;5.381385e-02;3.934977e-02;7.697184e-02;9.887265e-02;2.543270e-02;3.299841e-02;1.331299e-01;1.043835e-01
5.386405e-02;7.720321e-02;2.124036e-01;1.397976e-01;4.430339e-02;2.869689e-02;6.939698e-02;8.541743e-02;2.283108e-02;4.328604e-02;1.317071e-01;9.109267e-02
5.586649e-02;6.504494e-02;2.384523e-01;1.762966e-01;3.709303e-02;2.447942e-02;6.368867e-02;6.096081e-02;4.034770e-02;7.212745e-02;1.066167e-01;5.902585e-02
4.341314e-02;3.939549e-02;2.813188e-01;1.451207e-01;3.234250e-02;3.177135e-02;8.317209e-02;4.974567e-02;6.430507e-02;1.110371e-01;8.624696e-02;3.213116e-02
2.674919e-02;3.471426e-02;3.235842e-01;6.036030e-02;8.209002e-02;3.735873e-02;8.539294e-02;7.508364e-02;6.346802e-02;1.259853e-01;6.221348e-02;2.299995e-02
4.513865e-02;5.506757e-02;2.948789e-01;6.800611e-02;1.199404e-01;3.561164e-02;5.563372e-02;7.257216e-02;6.531681e-02;1.276061e-01;4.071078e-02;1.951713e-02
5.342095e-02;1.126631e-01;2.621852e-01;7.160733e-02;1.009733e-01;3.126569e-02;2.955533e-02;5.646953e-02;1.002126e-01;1.064050e-01;4.467808e-02;3.056385e-02
6.080300e-02;1.457534e-01;2.280454e-01;8.132935e-02;5.368707e-02;4.213949e-02;4.988751e-02;5.116093e-02;1.189715e-01;8.758526e-02;4.111093e-02;3.952609e-02
7.749709e-02;1.513205e-01;1.753228e-01;7.731292e-02;3.153925e-02;4.943424e-02;9.101434e-02;6.034284e-02;1.316075e-01;9.138592e-02;2.461591e-02;3.860673e-02
6.188704e-02;1.259053e-01;1.288955e-01;5.804150e-02;3.305357e-02;9.436347e-02;8.569726e-02;7.607004e-02;1.621136e-01;1.173090e-01;1.999249e-02;3.667120e-02
3.635762e-02;7.098860e-02;1.708981e-01;4.668047e-02;6.824429e-02;1.469614e-01;3.518805e-02;9.209631e-02;1.354914e-01;1.059850e-01;3.831678e-02;5.279190e-02
4.688374e-02;2.402446e-02;2.266223e-01;5.261115e-02;1.079429e-01;1.082503e-01;7.786173e-02;8.980909e-02;8.294171e-02;7.490515e-02;5.620791e-02;5.193952e-02
4.919320e-02;2.721740e-02;2.566134e-01;6.312929e-02;1.190183e-01;6.198470e-02;8.575249e-02;8.780156e-02;6.616424e-02;7.300657e-02;6.759513e-02;4.252366e-02
3.028264e-02;3.046227e-02;2.669193e-01;1.470270e-01;1.028181e-01;3.659507e-02;5.153375e-02;7.921210e-02;5.039833e-02;6.527462e-02;9.755503e-02;4.192178e-02
7.458044e-02;2.790755e-02;3.075304e-01;1.881559e-01;5.643531e-02;3.641289e-02;2.956055e-02;5.080647e-02;3.090960e-02;6.574862e-02;9.331550e-02;3.863680e-02
8.707670e-02;2.153010e-02;3.877742e-01;1.634201e-01;3.167596e-02;2.580478e-02;2.889410e-02;3.496087e-02;4.529424e-02;7.315134e-02;7.544654e-02;2.497115e-02
8.183452e-02;1.912683e-02;4.502454e-01;1.220782e-01;3.918364e-02;1.812429e-02;3.524205e-02;3.133946e-02;4.856253e-02;8.413582e-02;5.428805e-02;1.583919e-02
9.018949e-02;6.626561e-02;4.200598e-01;7.368962e-02;4.131178e-02;1.740506e-02;5.699591e-02;3.461431e-02;4.694166e-02;9.579048e-02;2.602036e-02;3.071588e-02
1.171443e-01;1.095133e-01;3.004954e-01;5.545035e-02;5.653166e-02;2.349294e-02;7.879173e-02;2.905770e-02;4.452477e-02;1.001381e-01;4.253112e-02;4.232867e-02
1.551760e-01;1.221595e-01;1.849391e-01;7.938276e-02;7.605816e-02;3.726886e-02;6.971037e-02;2.975038e-02;5.181314e-02;8.530872e-02;5.063932e-02;5.779381e-02
1.365593e-01;5.965362e-02;3.457825e-01;1.064673e-01;5.781474e-02;3.188040e-02;3.601342e-02;2.486180e-02;5.346958e-02;4.891979e-02;4.219972e-02;5.637780e-02
5.794650e-02;5.087259e-02;4.497359e-01;9.313466e-02;4.436439e-02;2.645613e-02;5.327148e-02;3.100256e-02;5.599883e-02;4.267878e-02;5.048788e-02;4.405037e-02
7.713603e-02;6.941674e-02;4.247949e-01;7.079923e-02;5.562897e-02;3.701006e-02;2.252442e-02;2.597374e-02;5.294985e-02;5.723356e-02;6.813812e-02;3.839444e-02
1.029649e-01;6.422378e-02;4.194646e-01;6.006678e-02;4.075501e-02;4.281240e-02;4.413888e-02;2.220067e-02;6.214558e-02;4.004858e-02;6.528848e-02;3.589031e-02
8.493616e-02;2.591362e-02;4.096524e-01;8.431058e-02;4.474137e-02;2.497532e-02;5.540724e-02;3.089799e-02;5.533229e-02;7.850577e-02;4.409580e-02;6.123153e-02
5.970605e-02;3.260607e-02;4.409411e-01;8.454594e-02;5.544826e-02;4.260179e-02;5.873032e-02;3.357944e-02;3.686740e-02;7.150266e-02;4.604048e-02;3.743048e-02
8.706035e-02;6.820461e-02;1.440413e-01;5.775993e-02;5.420459e-02;5.019976e-02;6.652382e-02;4.511829e-02;8.061662e-02;9.938083e-02;1.183668e-01;1.285232e-01
8.269714e-02;9.106986e-02;1.066946e-01;3.850476e-02;5.700355e-02;5.340531e-02;6.656723e-02;5.533678e-02;6.582336e-02;1.047102e-01;1.219217e-01;1.562655e-01
1.404877e-01;1.028816e-01;1.230837e-01;2.936741e-02;6.382613e-02;5.188578e-02;6.991155e-02;5.609536e-02;6.033845e-02;7.588332e-02;7.480603e-02;1.514329e-01
1.466546e-01;9.602890e-02;1.545264e-01;3.876812e-02;5.935004e-02;4.658120e-02;8.847553e-02;5.015112e-02;6.516722e-02;5.170391e-02;5.358933e-02;1.490037e-01
1.177512e-01;5.504660e-02;2.612385e-01;3.797621e-02;4.220607e-02;3.886710e-02;8.425079e-02;4.203555e-02;5.995315e-02;7.684258e-02;7.355096e-02;1.102813e-01
7.884786e-02;1.330582e-01;3.110792e-01;3.070311e-02;2.701136e-02;3.803965e-02;6.991301e-02;4.032117e-02;6.563789e-02;8.411410e-02;6.527079e-02;5.600375e-02
1.121210e-01;2.102718e-01;2.699999e-01;2.472876e-02;1.579099e-02;3.607154e-02;5.777761e-02;3.335166e-02;8.768011e-02;5.942399e-02;3.350130e-02;5.928133e-02
1.437766e-01;2.849310e-01;2.315418e-01;2.739538e-02;1.682880e-02;3.135452e-02;3.252302e-02;2.817611e-02;1.011047e-01;4.133804e-02;2.284070e-02;3.818939e-02
1.787619e-01;3.230940e-01;2.025833e-01;2.942480e-02;1.171098e-02;2.120410e-02;2.935582e-02;2.470741e-02;9.624182e-02;4.547590e-02;2.034451e-02;1.709554e-02
2.236322e-01;3.034887e-01;1.412111e-01;2.270154e-02;1.680853e-02;1.852410e-02;5.036871e-02;3.741784e-02;8.133745e-02;5.604975e-02;2.966503e-02;1.879506e-02
2.882878e-01;2.646359e-01;9.108915e-02;1.267723e-02;2.592318e-02;1.582738e-02;6.225095e-02;4.822451e-02;5.430081e-02;4.613119e-02;4.843762e-02;4.221420e-02
3.532152e-01;1.958230e-01;7.276697e-02;1.385359e-02;3.543681e-02;1.625820e-02;5.543047e-02;6.184239e-02;4.197302e-02;3.077457e-02;5.110395e-02;7.152193e-02
3.864587e-01;1.451149e-01;6.136714e-02;2.649382e-02;3.912344e-02;1.800512e-02;5.536709e-02;7.978979e-02;3.218311e-02;2.656563e-02;3.722973e-02;9.230144e-02
3.497284e-01;1.053982e-01;5.837760e-02;3.605161e-02;3.487086e-02;2.641819e-02;8.218414e-02;7.041266e-02;3.979091e-02;4.138778e-02;4.937846e-02;1.060012e-01
2.803643e-01;9.199135e-02;6.860493e-02;4.385596e-02;3.099686e-02;3.686253e-02;9.276483e-02;5.226897e-02;3.981290e-02;6.163156e-02;7.606492e-02;1.247809e-01
1.925190e-01;1.111673e-01;6.765430e-02;5.331665e-02;5.196088e-02;5.110018e-02;9.763490e-02;7.358577e-02;5.184997e-02;4.538494e-02;7.680241e-02;1.270237e-01
1.849037e-01;9.295388e-02;9.974954e-02;4.498275e-02;6.959133e-02;6.049090e-02;7.839134e-02;9.778817e-02;7.518280e-02;5.636510e-02;4.596057e-02;9.363995e-02
1.349231e-01;5.282180e-02;6.660477e-02;3.392520e-02;7.264171e-02;6.443808e-02;7.403779e-02;1.373984e-01;1.223154e-01;1.163219e-01;5.996852e-02;6.460334e-02
9.727236e-02;1.622435e-02;4.164498e-02;3.854698e-02;6.500448e-02;5.324364e-02;5.812063e-02;1.892204e-01;1.678226e-01;1.461198e-01;8.888372e-02;3.789607e-02
9.845795e-02;1.661713e-02;5.194417e-02;3.465312e-02;5.623371e-02;4.200144e-02;6.175880e-02;2.095115e-01;1.550372e-01;1.295552e-01;1.136748e-01;3.055510e-02
1.236168e-01;2.393299e-02;7.845564e-02;2.149999e-02;6.549682e-02;2.711429e-02;4.281841e-02;2.129477e-01;1.160861e-01;8.317080e-02;1.624683e-01;4.239216e-02
1.236711e-01;3.522445e-02;7.475473e-02;2.437594e-02;7.413509e-02;2.503441e-02;5.700777e-02;1.930038e-01;1.034737e-01;5.530100e-02;1.829562e-01;5.106169e-02
8.588580e-02;6.825709e-02;4.800661e-02;4.914651e-02;5.946570e-02;4.858176e-02;7.015672e-02;1.278901e-01;1.374083e-01;8.213012e-02;1.539998e-01;6.907151e-02
4.314097e-02;9.213090e-02;3.495023e-02;6.783447e-02;3.368181e-02;8.692479e-02;5.798095e-02;6.317142e-02;2.527435e-01;6.482478e-02;8.317593e-02;1.194402e-01
4.997751e-02;7.262535e-02;5.890252e-02;5.286779e-02;3.445098e-02;7.752591e-02;7.496782e-02;8.765627e-02;2.190772e-01;9.107925e-02;3.375374e-02;1.471157e-01
8.887086e-02;3.728783e-02;9.018116e-02;2.808030e-02;4.989354e-02;3.178788e-02;1.043665e-01;1.016794e-01;1.510647e-01;1.458061e-01;5.642288e-02;1.145588e-01
1.050312e-01;3.008312e-02;7.030390e-02;4.864751e-02;4.071463e-02;4.811367e-02;9.623694e-02;1.296341e-01;1.250337e-01;1.365807e-01;1.148406e-01;5.477997e-02
6.753284e-02;5.276560e-02;3.706028e-02;6.175814e-02;3.362775e-02;5.017066e-02;4.885893e-02;1.487328e-01;1.708501e-01;1.092541e-01;1.208648e-01;9.852401e-02
3.993919e-02;4.721089e-02;4.778071e-02;3.232145e-02;5.807291e-02;4.264795e-02;6.823710e-02;1.097279e-01;2.376079e-01;8.925954e-02;8.076385e-02;1.464307e-01
7.677876e-02;3.363322e-02;4.248573e-02;3.940764e-02;4.352053e-02;6.672072e-02;7.971665e-02;9.219532e-02;2.113812e-01;1.633261e-01;3.660151e-02;1.142326e-01
7.597680e-02;4.177837e-02;2.384687e-02;5.184299e-02;2.071823e-02;7.345309e-02;1.284915e-01;9.053686e-02;1.375858e-01;2.090839e-01;6.670498e-02;7.998057e-02
4.209413e-02;7.292512e-02;2.740914e-02;2.765476e-02;4.128502e-02;5.446183e-02;2.237010e-01;7.710847e-02;1.296526e-01;1.442247e-01;1.205321e-01;3.895118e-02
4.914381e-02;8.993759e-02;4.868971e-02;1.155531e-02;5.621501e-02;5.832555e-02;2.843502e-01;8.013330e-02;1.018499e-01;8.880751e-02;1.112058e-01;1.978633e-02
8.184593e-02;9.072058e-02;8.359062e-02;2.058017e-02;5.787918e-02;6.059315e-02;2.531340e-01;1.063827e-01;5.614404e-02;9.395235e-02;5.598901e-02;3.918825e-02
9.830179e-02;7.868355e-02;9.649846e-02;2.755782e-02;5.859510e-02;5.456625e-02;1.985818e-01;1.167585e-01;8.982024e-02;9.336785e-02;3.185574e-02;5.541296e-02
8.893568e-02;6.295472e-02;6.838688e-02;3.482147e-02;6.402452e-02;6.516617e-02;2.102692e-01;1.034332e-01;9.186238e-02;8.973429e-02;5.662627e-02;6.378511e-02
8.972490e-02;5.129893e-02;6.566392e-02;3.763013e-02;4.575184e-02;5.279000e-02;1.450913e-01;1.426069e-01;7.828365e-02;1.276223e-01;6.325983e-02;1.002764e-01
6.083865e-02;3.469860e-02;9.266186e-02;3.943747e-02;3.545505e-02;5.219044e-02;1.380505e-01;1.354111e-01;7.758724e-02;1.358722e-01;8.217951e-02;1.156174e-01
4.900265e-02;2.003233e-02;1.038966e-01;6.463446e-02;2.399590e-02;4.392001e-02;1.397497e-01;1.024400e-01;1.350555e-01;1.047178e-01;1.095791e-01;1.029759e-01
4.878102e-02;2.137918e-02;1.394639e-01;8.451068e-02;1.707075e-02;2.265477e-02;1.366421e-01;9.331486e-02;1.970058e-01;7.567023e-02;9.511819e-02;6.838853e-02
4.312802e-02;2.809017e-02;1.791621e-01;8.989529e-02;2.077916e-02;2.464360e-02;1.568864e-01;8.871206e-02;1.775591e-01;6.294005e-02;5.610051e-02;7.210351e-02
2.788059e-02;1.448426e-02;2.032689e-01;7.532339e-02;1.836426e-02;3.187197e-02;1.801346e-01;1.001990e-01;1.213031e-01;7.460728e-02;5.480992e-02;9.775276e-02
2.029620e-02;3.448280e-02;2.073167e-01;5.076990e-02;1.724213e-02;2.741301e-02;1.842548e-01;1.058404e-01;8.953762e-02;9.770232e-02;6.098829e-02;1.041559e-01
6.093438e-02;8.649577e-02;1.807726e-01;2.473317e-02;2.835621e-02;2.840783e-02;1.589470e-01;9.373324e-02;7.258847e-02;1.036753e-01;7.825262e-02;8.310336e-02
9.233083e-02;1.256956e-01;1.359669e-01;2.448126e-02;4.960150e-02;4.734546e-02;1.314899e-01;6.674857e-02;8.476297e-02;7.562326e-02;1.114765e-01;5.447727e-02
1.106647e-01;6.298092e-02;1.274676e-01;3.227466e-02;5.555604e-02;6.327802e-02;1.077559e-01;8.245034e-02;8.677688e-02;1.217308e-01;9.952872e-02;4.953543e-02
1.110490e-01;6.161622e-02;7.611947e-02;5.456637e-02;5.308817e-02;4.476542e-02;1.336274e-01;8.362486e-02;1.274389e-01;1.275175e-01;6.033801e-02;6.624870e-02
9.725504e-02;1.039314e-01;1.138111e-01;3.935197e-02;4.830710e-02;3.364000e-02;1.775872e-01;5.303631e-02;1.733693e-01;8.257829e-02;3.479087e-02;4.234152e-02
8.156323e-02;1.351966e-01;1.231780e-01;2.626006e-02;4.191023e-02;2.634847e-02;2.490914e-01;3.785469e-02;1.826029e-01;4.183109e-02;3.166753e-02;2.249588e-02
5.916927e-02;1.552636e-01;1.156770e-01;1.409358e-02;3.913270e-02;1.839913e-02;3.402678e-01;3.713997e-02;1.222769e-01;3.912118e-02;4.299862e-02;1.646028e-02
4.538250e-02;1.535427e-01;8.979952e-02;9.109994e-03;3.978141e-02;2.639964e-02;4.021684e-01;3.660494e-02;8.061022e-02;4.622680e-02;6.222446e-02;8.149401e-03
5.796412e-02;1.331335e-01;7.411172e-02;1.249852e-02;3.589596e-02;3.665309e-02;3.672197e-01;2.674166e-02;1.252437e-01;4.782023e-02;6.773920e-02;1.497863e-02
9.598414e-02;1.299095e-01;4.016497e-02;2.210966e-02;3.120669e-02;5.418949e-02;3.143893e-01;3.290162e-02;9.139831e-02;8.900680e-02;5.736395e-02;4.137550e-02
1.781497e-01;1.164702e-01;2.285062e-02;2.500436e-02;3.249794e-02;6.752390e-02;2.078008e-01;5.546997e-02;3.325460e-02;1.077234e-01;6.373217e-02;8.952237e-02
2.464113e-01;9.696022e-02;3.985062e-02;1.704478e-02;4.095716e-02;5.931721e-02;1.227157e-01;5.549126e-02;3.246485e-02;8.018112e-02;9.872954e-02;1.098763e-01
2.929108e-01;7.305961e-02;5.988538e-02;1.951840e-02;6.469544e-02;4.379892e-02;8.552753e-02;3.910483e-02;5.869818e-02;4.276511e-02;9.991663e-02;1.201192e-01
2.846065e-01;5.051176e-02;5.939097e-02;3.810586e-02;8.136740e-02;3.631172e-02;7.245895e-02;3.911991e-02;6.434186e-02;5.666943e-02;6.385867e-02;1.532571e-01
2.590720e-01;4.884224e-02;8.475797e-02;7.160454e-02;7.657651e-02;3.733497e-02;6.216958e-02;5.532362e-02;3.457589e-02;7.522248e-02;7.385884e-02;1.206613e-01
1.512945e-01;3.462262e-02;1.497725e-01;8.026645e-02;4.697303e-02;3.445985e-02;5.503092e-02;4.596164e-02;4.239640e-02;8.048249e-02;1.181232e-01;1.606165e-01
7.437661e-02;3.901331e-02;1.785184e-01;6.846669e-02;3.750752e-02;3.159202e-02;6.873694e-02;4.029806e-02;6.666522e-02;1.248185e-01;1.068565e-01;1.631503e-01
1.034524e-01;6.801819e-02;1.452570e-01;5.682910e-02;5.649685e-02;2.971434e-02;1.089223e-01;4.561762e-02;8.197096e-02;1.273546e-01;6.321888e-02;1.131477e-01
1.865653e-01;9.568893e-02;7.952353e-02;4.016031e-02;7.665944e-02;6.125940e-02;1.666110e-01;6.707267e-02;4.578562e-02;6.523232e-02;4.028440e-02;7.515708e-02
1.879165e-01;7.590652e-02;1.102351e-01;3.766586e-02;7.188907e-02;9.195603e-02;1.541384e-01;5.650691e-02;3.812061e-02;3.018876e-02;6.256536e-02;8.291084e-02
1.215254e-01;4.448906e-02;1.163074e-01;6.680728e-02;5.858303e-02;6.947245e-02;1.291122e-01;5.904352e-02;5.296771e-02;4.800936e-02;9.583297e-02;1.378496e-01
6.021219e-02;3.652810e-02;1.401609e-01;1.036576e-01;6.493910e-02;4.480754e-02;1.248843e-01;7.295296e-02;4.884980e-02;4.349496e-02;7.271787e-02;1.867946e-01
1.045429e-01;6.231944e-02;1.532356e-01;8.878827e-02;7.718492e-02;4.861191e-02;6.776482e-02;7.000178e-02;4.547375e-02;5.450227e-02;7.325922e-02;1.543152e-01
9.821412e-02;7.438970e-02;1.909138e-01;7.608755e-02;8.994735e-02;4.375966e-02;8.046725e-02;5.348964e-02;7.574725e-02;7.287580e-02;5.821906e-02;8.588872e-02
8.299650e-02;6.749187e-02;1.810087e-01;1.340942e-01;1.085840e-01;5.041691e-02;9.236146e-02;7.171741e-02;7.063361e-02;4.318766e-02;4.877066e-02;4.873697e-02
5.512603e-02;4.836318e-02;1.357072e-01;2.284303e-01;1.101386e-01;4.679370e-02;7.160375e-02;9.038351e-02;5.749328e-02;3.408101e-02;7.506936e-02;4.681011e-02
3.162917e-02;2.949523e-02;1.153777e-01;2.171845e-01;1.954827e-01;4.814647e-02;4.845301e-02;7.826734e-02;6.806311e-02;2.998832e-02;7.299032e-02;6.492218e-02
5.501350e-02;2.116891e-02;8.148900e-02;1.252887e-01;2.723227e-01;1.124742e-01;3.908673e-02;4.361518e-02;9.742971e-02;2.584197e-02;4.388095e-02;8.238839e-02
9.781171e-02;2.652531e-02;5.924767e-02;6.782790e-02;2.013796e-01;2.288889e-01;7.209385e-02;2.803902e-02;8.288817e-02;5.006646e-02;2.424766e-02;6.098379e-02
1.128601e-01;6.213387e-02;3.438181e-02;5.025839e-02;1.034193e-01;2.518051e-01;1.948812e-01;2.715431e-02;4.370031e-02;6.088909e-02;2.343509e-02;3.508155e-02
7.944400e-02;1.055910e-01;4.477481e-02;3.744812e-02;6.963130e-02;1.467479e-01;3.342250e-01;4.522267e-02;2.949143e-02;4.281908e-02;3.921690e-02;2.538786e-02
3.791989e-02;1.201860e-01;1.077821e-01;1.700765e-02;7.112894e-02;4.523154e-02;3.758991e-01;1.041979e-01;2.704638e-02;2.512232e-02;4.181772e-02;2.666043e-02
3.908783e-02;9.153471e-02;1.365260e-01;1.973012e-02;6.157648e-02;5.198082e-02;3.145901e-01;1.502239e-01;4.387438e-02;2.831606e-02;3.086954e-02;3.169004e-02
4.866176e-02;6.755701e-02;1.022994e-01;2.555740e-02;6.815973e-02;4.361476e-02;3.393877e-01;1.476468e-01;6.977355e-02;3.355089e-02;2.528992e-02;2.850110e-02
4.005831e-02;5.007706e-02;1.251391e-01;1.866228e-02;7.120838e-02;6.715751e-02;3.334487e-01;1.265150e-01;7.619940e-02;5.433051e-02;1.594410e-02;2.125961e-02
3.322641e-02;4.191212e-02;1.783894e-01;4.278625e-02;8.786476e-02;6.321791e-02;2.279272e-01;1.394210e-01;7.026541e-02;6.200391e-02;3.151761e-02;2.146805e-02
3.737593e-02;2.127491e-02;1.895050e-01;4.877288e-02;7.772478e-02;3.437435e-02;2.462091e-01;1.599744e-01;6.152562e-02;6.388088e-02;3.740535e-02;2.197688e-02
4.998101e-02;4.885839e-02;1.735983e-01;3.524681e-02;5.205069e-02;6.443105e-02;2.799500e-01;1.346936e-01;5.701414e-02;5.720907e-02;3.503694e-02;1.192994e-02
5.663247e-02;8.427556e-02;1.397105e-01;5.135297e-02;8.469022e-02;7.556342e-02;2.634258e-01;9.936539e-02;5.341211e-02;3.864595e-02;4.004809e-02;1.287755e-02
4.885735e-02;8.418089e-02;8.984309e-02;5.172178e-02;1.069074e-01;1.167856e-01;2.596307e-01;8.200189e-02;5.191420e-02;3.777475e-02;5.056494e-02;1.981744e-02
4.989522e-02;3.491211e-02;1.137355e-01;5.370342e-02;9.605455e-02;1.293038e-01;2.491757e-01;5.966081e-02;6.527399e-02;6.952485e-02;5.125539e-02;2.750465e-02
4.103614e-02;1.014117e-02;1.746754e-01;1.016247e-01;8.643294e-02;1.182119e-01;1.681789e-01;5.124129e-02;9.574408e-02;6.847574e-02;4.432406e-02;3.991362e-02
3.340327e-02;9.772661e-03;2.449532e-01;1.181038e-01;5.386230e-02;1.191587e-01;1.339391e-01;6.822263e-02;9.185351e-02;4.248538e-02;2.189875e-02;6.234669e-02
2.588886e-02;5.976260e-02;2.950336e-01;8.449163e-02;3.589490e-02;9.239137e-02;1.285741e-01;1.025655e-01;6.079655e-02;2.365719e-02;2.216111e-02;6.878264e-02
3.330575e-02;1.423843e-01;2.587868e-01;3.926991e-02;2.639501e-02;4.789969e-02;1.739484e-01;9.994227e-02;3.132987e-02;2.694038e-02;6.570925e-02;5.408828e-02
4.668804e-02;2.127811e-01;1.710455e-01;1.563923e-02;1.381250e-02;2.300438e-02;2.739880e-01;5.332171e-02;1.636912e-02;2.314829e-02;1.310854e-01;1.911675e-02
4.912409e-02;2.076556e-01;1.242381e-01;6.103465e-03;1.705414e-02;3.121454e-02;3.354549e-01;3.647112e-02;1.791947e-02;2.598984e-02;1.420654e-01;6.709391e-03
8.540718e-02;1.855124e-01;7.320224e-02;1.181688e-02;1.709735e-02;4.776082e-02;3.502450e-01;3.765607e-02;2.466494e-02;4.902021e-02;1.084672e-01;9.149648e-03
1.510099e-01;1.615971e-01;3.380238e-02;1.954849e-02;2.772170e-02;8.744282e-02;3.164356e-01;1.649645e-02;1.720813e-02;9.269483e-02;6.201483e-02;1.402788e-02
2.055551e-01;1.137450e-01;2.730102e-02;1.955830e-02;4.884937e-02;1.237560e-01;2.316884e-01;2.063785e-02;3.102494e-02;1.361158e-01;1.983381e-02;2.193427e-02
2.025932e-01;6.933676e-02;3.808282e-02;1.932802e-02;8.235609e-02;1.167461e-01;1.573120e-01;2.655498e-02;8.154932e-02;1.348739e-01;2.406501e-02;4.720184e-02
1.754442e-01;4.860523e-02;7.777537e-02;2.846212e-02;1.123987e-01;7.758469e-02;9.812962e-02;2.098854e-02;1.316107e-01;1.087122e-01;2.981941e-02;9.046908e-02
1.174870e-01;6.568185e-02;1.531861e-01;5.549601e-02;1.136895e-01;4.548112e-02;7.102410e-02;4.278035e-02;1.091285e-01;8.646441e-02;3.396078e-02;1.056203e-01
5.666955e-02;8.450427e-02;2.206427e-01;8.572735e-02;9.446669e-02;5.162552e-02;7.715694e-02;6.691210e-02;5.687777e-02;6.785538e-02;5.320143e-02;8.436024e-02
4.948497e-02;6.864951e-02;2.063343e-01;7.490195e-02;6.341770e-02;6.605867e-02;8.841273e-02;1.010469e-01;6.055336e-02;7.725089e-02;9.600153e-02;4.788749e-02
7.103270e-02;5.628797e-02;1.125537e-01;5.179523e-02;6.795906e-02;8.506596e-02;1.135972e-01;1.222031e-01;6.092424e-02;9.916901e-02;1.057778e-01;5.363405e-02
7.944160e-02;4.004843e-02;1.110862e-01;5.389571e-02;7.084561e-02;1.278942e-01;1.190795e-01;9.935945e-02;4.821768e-02;1.164631e-01;7.085895e-02;6.280952e-02
9.407973e-02;5.267202e-02;8.426455e-02;5.799147e-02;8.312068e-02;1.365918e-01;1.191661e-01;8.638140e-02;6.296378e-02;1.368294e-01;3.607865e-02;4.986044e-02
8.088108e-02;6.805960e-02;5.963911e-02;6.442952e-02;8.381510e-02;9.485912e-02;1.034813e-01;1.232911e-01;9.131324e-02;1.357497e-01;3.897490e-02;5.550620e-02
3.623828e-02;4.988446e-02;8.393256e-02;3.548427e-02;5.031514e-02;5.581481e-02;1.059445e-01;1.519995e-01;1.821911e-01;1.384783e-01;3.466810e-02;7.504907e-02
3.868439e-02;3.421647e-02;8.830215e-02;2.851996e-02;4.116095e-02;5.955969e-02;9.186927e-02;1.653554e-01;1.977829e-01;9.665166e-02;8.519181e-02;7.270533e-02
2.409250e-02;4.428434e-02;1.017847e-01;3.506666e-02;3.774394e-02;6.451548e-02;1.174001e-01;1.577280e-01;1.329163e-01;7.324478e-02;1.480792e-01;6.314402e-02
4.059565e-02;5.526328e-02;8.388475e-02;4.001545e-02;5.172160e-02;1.104465e-01;9.898361e-02;1.251591e-01;1.163391e-01;1.040325e-01;9.914265e-02;7.441590e-02
4.307677e-02;5.493407e-02;8.414220e-02;4.639967e-02;5.190654e-02;8.087657e-02;1.197404e-01;1.097970e-01;1.204712e-01;1.215877e-01;7.937350e-02;8.769439e-02
4.003601e-02;4.859931e-02;1.013780e-01;8.190209e-02;5.931685e-02;3.779642e-02;8.547627e-02;1.014436e-01;1.386717e-01;9.693219e-02;1.169488e-01;9.149880e-02
4.248435e-02;7.102413e-02;8.719588e-02;6.774046e-02;5.854130e-02;6.555563e-02;7.105918e-02;1.174675e-01;1.427949e-01;1.279236e-01;8.830652e-02;5.990665e-02
7.676274e-02;8.880136e-02;9.035476e-02;2.573238e-02;5.401787e-02;6.721935e-02;6.671454e-02;1.150843e-01;1.060185e-01;9.769019e-02;1.240039e-01;8.760022e-02
9.606232e-02;6.648115e-02;6.886920e-02;2.185931e-02;3.980384e-02;5.911084e-02;6.629220e-02;1.035927e-01;5.396929e-02;1.593748e-01;1.662332e-01;9.835110e-02
1.147810e-01;6.207075e-02;6.007802e-02;3.386821e-02;1.744340e-02;5.154406e-02;6.878240e-02;1.144269e-01;9.557384e-02;1.687648e-01;1.283890e-01;8.427776e-02
8.239782e-02;8.810616e-02;3.624176e-02;5.551854e-02;5.037337e-02;5.479078e-02;4.854684e-02;1.139139e-01;1.438292e-01;1.062119e-01;8.873728e-02;1.313325e-01
6.890495e-02;8.274963e-02;5.344369e-02;6.870365e-02;4.646195e-02;7.812563e-02;8.165845e-02;1.002256e-01;1.233040e-01;7.675998e-02;1.023438e-01;1.173187e-01
9.597788e-02;8.638952e-02;7.869304e-02;5.912601e-02;5.333799e-02;7.103790e-02;1.012741e-01;1.010699e-01;1.140155e-01;5.931851e-02;6.619977e-02;1.135599e-01
1.037776e-01;9.828868e-02;1.142523e-01;5.108354e-02;5.957615e-02;8.143838e-02;1.283336e-01;7.091461e-02;7.820839e-02;7.351302e-02;7.539701e-02;6.521672e-02
9.585678e-02;7.794464e-02;1.856461e-01;4.168656e-02;5.248016e-02;4.980787e-02;1.350061e-01;5.124117e-02;7.047746e-02;8.379959e-02;7.457155e-02;8.148190e-02
1.364927e-01;1.000283e-01;1.903974e-01;4.174462e-02;4.466534e-02;4.804448e-02;1.178364e-01;4.390982e-02;7.670273e-02;6.760017e-02;5.323513e-02;7.934292e-02
1.819823e-01;1.320264e-01;1.411054e-01;2.918150e-02;4.254550e-02;6.048252e-02;1.142163e-01;5.545387e-02;7.197925e-02;5.522497e-02;5.470175e-02;6.110031e-02
2.228245e-01;1.144988e-01;1.157432e-01;3.525758e-02;4.543852e-02;5.435908e-02;1.307606e-01;8.276477e-02;4.830419e-02;4.207056e-02;5.086819e-02;5.710997e-02
2.386681e-01;9.276585e-02;1.433747e-01;4.100538e-02;4.131014e-02;4.656756e-02;1.627989e-01;8.183970e-02;3.832752e-02;3.515414e-02;2.746352e-02;5.072455e-02
2.213195e-01;6.161898e-02;1.183750e-01;5.118926e-02;4.360552e-02;5.447600e-02;2.031205e-01;6.449646e-02;3.924817e-02;5.846316e-02;2.589365e-02;5.819379e-02
2.084203e-01;5.843551e-02;7.805613e-02;6.723889e-02;4.272789e-02;4.727437e-02;2.340617e-01;4.482099e-02;2.662139e-02;7.805194e-02;4.109744e-02;7.319351e-02
1.946987e-01;7.155399e-02;1.136437e-01;6.639783e-02;2.738527e-02;3.123913e-02;2.307306e-01;2.647071e-02;1.301153e-02;6.516655e-02;5.320023e-02;1.065017e-01
2.317345e-01;8.451543e-02;1.099909e-01;5.529768e-02;2.274907e-02;2.483124e-02;2.017301e-01;2.232528e-02;1.144860e-02;4.806522e-02;5.460874e-02;1.327032e-01
2.652548e-01;8.098618e-02;8.561055e-02;4.504930e-02;1.802946e-02;2.042405e-02;1.829088e-01;2.564955e-02;1.338314e-02;4.259865e-02;6.100483e-02;1.591008e-01
2.627788e-01;6.858871e-02;7.383534e-02;3.514222e-02;1.585931e-02;1.571193e-02;1.930102e-01;2.325324e-02;2.080217e-02;4.030406e-02;6.754847e-02;1.831654e-01
2.182485e-01;6.737806e-02;6.715833e-02;3.599377e-02;2.644821e-02;2.454208e-02;2.051126e-01;4.495943e-02;4.897549e-02;3.530135e-02;5.242954e-02;1.734526e-01
1.473752e-01;6.408168e-02;9.680465e-02;3.839270e-02;3.015786e-02;3.629663e-02;1.881775e-01;7.041415e-02;8.670219e-02;5.289948e-02;5.660129e-02;1.320967e-01
8.167455e-02;4.763542e-02;1.117122e-01;4.345408e-02;4.821842e-02;5.041942e-02;1.809050e-01;1.004298e-01;1.056316e-01;5.938748e-02;7.602520e-02;9.450677e-02
8.211254e-02;3.210147e-02;1.396506e-01;5.710047e-02;6.256640e-02;4.650237e-02;1.741466e-01;1.168675e-01;8.489645e-02;6.414820e-02;7.268525e-02;6.722214e-02
1.197635e-01;6.338748e-02;1.585742e-01;6.594890e-02;6.509082e-02;1.939198e-02;1.634720e-01;1.118337e-01;5.052189e-02;4.674773e-02;6.053211e-02;7.473573e-02
1.227804e-01;7.349827e-02;1.290504e-01;6.451342e-02;6.222270e-02;3.958238e-02;1.626656e-01;8.490363e-02;5.156571e-02;4.667664e-02;5.467717e-02;1.078637e-01
1.114614e-01;8.478058e-02;1.665130e-01;6.896555e-02;4.904407e-02;4.344838e-02;1.120125e-01;8.188150e-02;6.496903e-02;5.958757e-02;6.790211e-02;8.943431e-02
8.688447e-02;8.429785e-02;1.650254e-01;6.739061e-02;6.188108e-02;4.580580e-02;8.819497e-02;1.096318e-01;7.886799e-02;6.129913e-02;4.989449e-02;1.008265e-01
6.482464e-02;8.953094e-02;9.414152e-02;4.752439e-02;6.139580e-02;3.701309e-02;1.443681e-01;1.528336e-01;8.231774e-02;7.946915e-02;4.105734e-02;1.055237e-01
7.626365e-02;8.374584e-02;1.595614e-01;6.066855e-02;5.164511e-02;5.214865e-02;1.667770e-01;1.263621e-01;3.673545e-02;7.620002e-02;6.500272e-02;4.488947e-02
8.020148e-02;9.664703e-02;1.789481e-01;6.556904e-02;5.772416e-02;4.370175e-02;1.634466e-01;9.869217e-02;3.825536e-02;6.099695e-02;7.280215e-02;4.301522e-02
9.288197e-02;8.442828e-02;1.250678e-01;6.394447e-02;5.948067e-02;3.632967e-02;1.346312e-01;8.105846e-02;9.214985e-02;8.073478e-02;7.044562e-02;7.884712e-02
8.269764e-02;7.866248e-02;1.274074e-01;6.700204e-02;6.312356e-02;5.290151e-02;1.021074e-01;8.929724e-02;1.081935e-01;8.230578e-02;6.460962e-02;8.169192e-02
8.874085e-02;7.610055e-02;9.631788e-02;7.791409e-02;8.497934e-02;8.751791e-02;1.088420e-01;8.930187e-02;9.311793e-02;7.580102e-02;4.661366e-02;7.475297e-02
8.726510e-02;3.127675e-02;1.300311e-01;5.848990e-02;1.011856e-01;8.298896e-02;2.233350e-01;6.875218e-02;6.679565e-02;6.003138e-02;4.260487e-02;4.724348e-02
8.577849e-02;5.904647e-02;1.556700e-01;5.078826e-02;1.027016e-01;7.790778e-02;2.096872e-01;5.092281e-02;4.460083e-02;6.828529e-02;5.401937e-02;4.059193e-02
8.328539e-02;9.128270e-02;1.563274e-01;9.475386e-02;1.245874e-01;9.523614e-02;1.200840e-01;3.994276e-02;4.216688e-02;6.417517e-02;5.275846e-02;3.539984e-02
1.325483e-01;8.362097e-02;1.061566e-01;1.375073e-01;1.549329e-01;7.079613e-02;9.667181e-02;3.315231e-02;6.181267e-02;5.529806e-02;3.982372e-02;2.767918e-02
1.065976e-01;6.963249e-02;1.195355e-01;7.077165e-02;1.614332e-01;5.278130e-02;1.350195e-01;6.312470e-02;8.751919e-02;3.932719e-02;6.853849e-02;2.571909e-02
5.673620e-02;7.226755e-02;1.169692e-01;1.089209e-01;1.411431e-01;6.556161e-02;9.483004e-02;1.000788e-01;9.385555e-02;4.149543e-02;7.427195e-02;3.386962e-02
8.450659e-02;4.468663e-02;1.212584e-01;1.319908e-01;1.040981e-01;5.495121e-02;9.383857e-02;1.239153e-01;6.945217e-02;7.653776e-02;4.680735e-02;4.795711e-02
1.033591e-01;4.305107e-02;1.033504e-01;1.040318e-01;9.446356e-02;5.317912e-02;1.327881e-01;1.120448e-01;5.297888e-02;1.126061e-01;3.337612e-02;5.477095e-02
8.627713e-02;5.438530e-02;8.519281e-02;1.306263e-01;1.023481e-01;4.335010e-02;1.296099e-01;5.667250e-02;6.906364e-02;1.116065e-01;5.251998e-02;7.834782e-02
7.758756e-02;4.971620e-02;8.611002e-02;1.283571e-01;1.097629e-01;3.610545e-02;1.275723e-01;5.278252e-02;6.755221e-02;9.828956e-02;7.476141e-02;9.140276e-02
6.602597e-02;5.294071e-02;7.470000e-02;7.850568e-02;1.523994e-01;9.642608e-02;1.178176e-01;8.199819e-02;8.902468e-02;6.679662e-02;6.152850e-02;6.183664e-02
8.683551e-02;5.397066e-02;9.667865e-02;5.690385e-02;1.272405e-01;8.715542e-02;1.212062e-01;6.639615e-02;1.280780e-01;5.191804e-02;8.423800e-02;3.937898e-02
