5.220558e-02;4.757669e-02;1.367938e-01;5.514450e-02;7.887261e-02;6.386783e-02;1.396831e-01;4.376127e-02;1.179926e-01;1.054756e-01;8.537704e-02;7.324943e-02
2.661740e-02;3.338349e-02;2.864894e-01;4.229375e-02;1.155183e-01;7.756676e-02;1.871701e-01;5.577325e-02;4.203846e-02;5.405800e-02;3.794502e-02;4.114607e-02
3.353887e-02;2.820629e-02;3.750279e-01;7.119041e-02;1.742311e-01;1.086998e-01;4.536043e-02;4.630928e-02;2.583771e-02;4.041996e-02;2.594004e-02;2.523822e-02
4.074473e-02;4.814578e-02;2.074242e-01;4.868916e-02;1.027032e-01;7.662646e-02;2.657039e-01;5.654083e-02;4.128034e-02;3.532925e-02;2.910475e-02;4.770745e-02
4.953611e-02;5.348385e-02;1.184884e-01;6.269658e-02;5.951483e-02;4.313483e-02;2.262100e-01;7.840247e-02;1.574300e-01;8.152270e-02;3.027177e-02;3.930849e-02
3.772346e-02;3.339808e-02;7.654136e-02;6.193483e-02;5.429266e-02;2.274214e-02;9.800384e-02;7.197682e-02;2.903093e-01;1.974546e-01;3.557262e-02;2.005038e-02
2.003828e-02;1.845284e-02;3.557689e-02;3.515378e-02;6.243592e-02;1.264033e-02;2.259621e-02;3.312739e-02;3.199416e-01;3.918597e-01;3.842987e-02;9.747149e-03
1.757284e-02;1.858790e-02;1.699433e-02;9.756188e-03;3.694171e-02;6.978112e-03;2.401768e-02;2.278679e-02;2.502022e-01;5.495509e-01;4.389620e-02;2.715157e-03
1.925795e-02;1.715236e-02;9.681118e-03;9.531708e-03;2.256723e-02;1.279884e-02;1.862639e-02;3.206226e-02;2.479416e-01;5.540859e-01;4.682557e-02;9.469026e-03
1.441964e-02;1.786120e-02;7.962100e-03;9.731736e-03;4.285574e-02;1.044593e-02;2.221994e-02;2.730932e-02;2.438377e-01;5.341473e-01;5.103911e-02;1.817034e-02
1.616332e-02;1.581395e-02;2.172759e-02;2.047348e-02;4.352737e-02;9.078932e-03;7.607730e-02;4.283201e-02;2.454122e-01;4.221807e-01;6.627298e-02;2.044022e-02
1.518738e-02;1.335462e-02;4.496824e-02;3.278143e-02;4.224298e-02;2.528172e-02;1.850735e-01;8.753443e-02;2.283211e-01;2.568729e-01;5.328616e-02;1.509555e-02
2.019650e-02;1.949686e-02;8.806761e-02;3.501484e-02;5.278971e-02;5.407348e-02;2.817095e-01;9.871720e-02;1.354588e-01;1.382469e-01;5.678048e-02;1.944821e-02
1.539568e-02;2.631463e-02;1.344080e-01;3.516011e-02;8.329532e-02;6.272093e-02;2.046110e-01;8.270165e-02;1.503699e-01;1.295163e-01;4.875012e-02;2.675628e-02
1.291031e-02;2.617222e-02;1.530239e-01;2.990101e-02;7.665332e-02;6.457812e-02;1.164508e-01;1.018519e-01;1.447805e-01;2.128840e-01;3.893078e-02;2.186315e-02
3.165568e-02;2.117667e-02;1.227827e-01;2.103468e-02;6.145643e-02;5.424991e-02;2.105587e-01;1.006211e-01;9.244734e-02;2.205199e-01;3.882076e-02;2.467604e-02
1.101708e-01;3.212305e-02;6.445576e-02;3.738639e-02;5.724876e-02;5.095962e-02;1.762094e-01;7.408725e-02;6.785356e-02;1.757975e-01;7.612717e-02;7.758071e-02
2.471936e-01;4.566563e-02;3.716955e-02;2.914569e-02;3.155472e-02;3.067632e-02;6.179564e-02;3.797423e-02;4.943234e-02;1.264145e-01;9.317774e-02;2.097999e-01
3.411276e-01;5.918285e-02;2.446957e-02;1.567758e-02;1.284924e-02;1.365508e-02;3.291466e-02;2.801347e-02;3.479431e-02;8.463898e-02;7.129211e-02;2.813845e-01
3.341509e-01;5.134956e-02;2.249224e-02;1.363559e-02;8.415194e-03;1.179686e-02;3.476222e-02;2.522297e-02;3.221714e-02;6.084663e-02;3.358985e-02;3.715208e-01
2.047858e-01;1.996497e-02;1.385438e-02;1.461003e-02;5.443186e-03;1.140368e-02;5.879375e-02;1.784206e-02;4.236989e-02;5.619097e-02;5.531831e-02;4.994230e-01
1.519148e-01;1.148852e-02;1.570122e-02;1.553036e-02;5.244140e-03;1.509352e-02;6.981318e-02;1.605397e-02;4.646694e-02;5.851781e-02;1.015647e-01;4.926108e-01
1.387074e-01;1.381882e-02;1.908861e-02;2.205250e-02;7.646136e-03;1.914904e-02;9.030597e-02;2.224566e-02;8.171850e-02;8.376688e-02;9.595926e-02;4.055412e-01
1.302331e-01;1.874669e-02;4.277923e-02;2.514513e-02;1.473449e-02;1.822057e-02;1.345182e-01;6.183789e-02;9.375548e-02;8.683294e-02;8.934232e-02;2.838539e-01
1.239072e-01;2.366946e-02;6.407394e-02;2.478808e-02;1.303255e-02;2.311427e-02;2.005167e-01;1.010073e-01;5.619273e-02;8.703887e-02;7.849964e-02;2.041593e-01
8.574679e-02;1.917812e-02;5.145479e-02;4.211503e-02;1.648788e-02;3.114989e-02;2.418480e-01;1.194117e-01;6.542544e-02;1.141654e-01;9.130093e-02;1.217160e-01
6.526042e-02;4.279103e-02;2.988882e-02;4.203117e-02;2.463496e-02;2.471338e-02;1.291663e-01;8.116100e-02;9.122867e-02;2.154316e-01;1.577555e-01;9.593720e-02
4.378632e-02;2.736925e-02;1.937643e-02;2.016384e-02;2.482972e-02;1.983422e-02;4.850134e-02;4.547702e-02;7.642107e-02;3.203832e-01;2.926798e-01;6.117778e-02
1.847993e-02;4.447917e-02;1.248198e-02;7.638612e-03;1.946282e-02;1.205732e-02;1.812046e-02;3.790517e-02;4.410052e-02;4.377340e-01;3.174008e-01;3.013916e-02
1.264740e-02;1.019196e-01;1.595542e-02;4.130119e-03;4.019979e-02;8.391595e-03;7.692587e-03;3.405228e-02;5.488144e-02;5.185894e-01;1.879791e-01;1.356121e-02
1.463368e-02;1.240715e-01;1.138748e-02;4.528389e-03;4.611541e-02;6.394803e-03;1.081196e-02;2.086638e-02;1.313187e-01;5.382061e-01;8.314741e-02;8.518153e-03
1.057648e-02;9.301957e-02;9.768799e-03;6.883035e-03;3.862363e-02;8.640192e-03;1.815311e-02;2.661833e-02;1.871905e-01;5.130042e-01;7.244184e-02;1.508021e-02
9.625196e-03;4.477735e-02;1.289770e-02;1.183783e-02;5.345677e-02;1.491440e-02;4.946515e-02;5.311770e-02;1.660601e-01;4.543674e-01;1.088371e-01;2.064325e-02
3.080953e-02;4.750756e-02;2.341831e-02;2.046535e-02;7.940567e-02;2.270272e-02;9.231019e-02;6.348201e-02;1.553464e-01;3.468433e-01;1.013303e-01;1.637869e-02
2.948650e-02;8.621936e-02;5.143054e-02;2.362383e-02;1.065460e-01;2.474061e-02;8.473521e-02;4.229144e-02;1.625382e-01;2.925332e-01;7.783447e-02;1.802049e-02
3.925535e-02;6.671996e-02;7.320705e-02;2.199696e-02;1.240812e-01;3.131565e-02;2.358337e-02;5.054189e-02;1.136392e-01;3.476302e-01;8.189591e-02;2.613328e-02
4.700003e-02;1.304731e-01;6.700108e-02;1.929734e-02;9.842051e-02;2.417269e-02;5.340560e-02;2.933835e-02;4.627293e-02;3.190364e-01;1.275739e-01;3.800802e-02
3.745317e-02;1.704624e-01;5.521268e-02;1.251289e-02;8.871835e-02;2.467565e-02;6.294181e-02;4.273652e-02;1.085866e-01;2.867223e-01;9.265377e-02;1.732389e-02
3.289439e-02;1.070051e-01;4.347355e-02;1.790833e-02;9.060737e-02;2.729613e-02;9.724472e-02;6.153574e-02;1.634981e-01;2.794972e-01;4.875486e-02;3.028446e-02
4.160158e-02;6.247531e-02;5.985178e-02;2.186475e-02;5.814347e-02;1.535449e-02;1.521126e-01;1.183677e-01;2.597626e-01;1.395971e-01;2.818526e-02;4.268330e-02
2.212726e-02;2.071545e-02;7.270662e-02;9.292407e-03;2.899186e-02;2.823788e-02;1.992442e-01;1.694446e-01;2.628357e-01;1.123122e-01;2.583146e-02;4.826037e-02
1.594094e-02;2.554094e-02;7.156141e-02;1.880955e-02;3.447698e-02;4.785739e-02;2.038400e-01;1.964975e-01;1.996728e-01;9.948364e-02;3.093834e-02;5.538055e-02
1.634252e-02;7.271647e-02;4.075507e-02;2.097786e-02;3.144276e-02;4.313457e-02;2.818677e-01;2.314506e-01;1.153280e-01;5.520146e-02;5.745856e-02;3.332445e-02
1.591624e-02;1.045526e-01;2.111127e-02;1.112929e-02;1.101096e-02;3.922516e-02;3.918444e-01;2.151003e-01;8.501184e-02;1.634540e-02;7.675073e-02;1.200178e-02
2.028433e-02;1.243162e-01;1.376475e-02;5.033869e-03;1.172544e-02;4.392999e-02;4.472363e-01;1.599585e-01;8.097732e-02;6.022533e-03;7.977382e-02;6.976966e-03
2.280395e-02;1.363710e-01;1.135166e-02;4.309264e-03;1.385898e-02;5.610058e-02;4.802918e-01;9.106462e-02;9.336928e-02;1.898578e-02;6.491566e-02;6.577350e-03
4.841664e-02;1.226552e-01;1.351332e-02;1.021756e-02;1.576765e-02;9.504890e-02;4.451374e-01;9.686875e-02;7.102567e-02;3.645417e-02;3.336902e-02;1.152582e-02
1.039050e-01;1.176390e-01;2.222091e-02;1.245805e-02;3.034722e-02;1.667233e-01;3.173018e-01;1.130261e-01;3.577889e-02;5.183075e-02;1.681743e-02;1.195148e-02
1.510264e-01;8.789501e-02;2.709556e-02;1.581649e-02;6.658002e-02;2.280789e-01;2.058734e-01;9.676263e-02;4.089559e-02;4.921500e-02;2.320633e-02;7.554774e-03
1.174362e-01;6.313754e-02;4.961525e-02;2.277923e-02;8.245233e-02;2.127460e-01;2.317890e-01;7.898366e-02;3.964249e-02;3.846777e-02;4.155633e-02;2.139412e-02
5.920862e-02;6.031978e-02;1.090619e-01;3.301119e-02;8.949006e-02;1.644841e-01;2.367513e-01;8.996475e-02;4.250108e-02;3.416833e-02;5.671446e-02;2.432458e-02
3.315356e-02;7.711873e-02;1.591526e-01;3.569671e-02;8.771734e-02;1.428682e-01;2.612762e-01;6.571013e-02;3.146737e-02;3.910645e-02;5.284517e-02;1.388747e-02
3.855481e-02;9.969460e-02;1.315847e-01;3.656398e-02;4.681429e-02;1.220021e-01;3.344175e-01;6.289609e-02;3.184172e-02;5.838195e-02;2.897796e-02;8.270252e-03
3.099000e-02;9.199244e-02;4.724845e-02;3.931142e-02;5.388144e-02;8.129384e-02;4.330746e-01;8.411794e-02;4.640778e-02;6.036073e-02;1.346915e-02;1.785213e-02
4.059826e-02;4.458573e-02;6.258155e-02;3.895174e-02;7.665388e-02;1.231733e-01;4.223083e-01;5.534775e-02;2.532749e-02;5.363068e-02;3.898465e-02;1.785670e-02
3.414824e-02;3.005983e-02;6.389099e-02;3.091406e-02;6.997722e-02;1.080646e-01;3.889094e-01;8.599102e-02;3.898862e-02;8.088308e-02;5.068799e-02;1.748496e-02
4.534956e-02;3.957671e-02;5.979215e-02;2.837250e-02;5.836738e-02;5.513153e-02;3.166277e-01;1.192249e-01;3.331428e-02;1.412373e-01;6.009405e-02;4.291199e-02
6.098302e-02;3.522064e-02;5.151638e-02;3.622939e-02;3.755849e-02;4.197787e-02;2.244679e-01;7.513480e-02;1.676516e-01;1.877316e-01;4.711145e-02;3.441681e-02
6.723084e-02;2.465376e-02;3.677575e-02;4.520575e-02;1.562775e-02;2.563454e-02;1.267661e-01;3.057001e-02;3.226073e-01;2.428349e-01;4.416271e-02;1.793056e-02
6.881897e-02;1.019642e-02;2.006320e-02;6.837807e-02;7.560878e-03;9.767729e-03;2.986836e-02;2.557781e-02;4.748642e-01;2.465608e-01;2.894892e-02;9.394584e-03
6.310295e-02;7.240847e-03;1.119031e-02;9.387074e-02;9.711980e-03;5.877675e-03;1.915708e-02;3.404798e-02;5.423867e-01;1.891276e-01;1.796429e-02;6.321889e-03
5.886744e-02;6.034942e-03;1.178226e-02;1.467195e-01;8.570524e-03;7.227800e-03;1.732261e-02;2.158893e-02;5.797936e-01;1.212435e-01;9.982564e-03;1.086640e-02
6.993601e-02;6.388352e-03;1.944221e-02;2.235191e-01;1.100253e-02;1.017478e-02;1.556147e-02;2.930630e-02;5.342641e-01;5.916683e-02;1.118003e-02;1.005832e-02
8.641570e-02;8.256307e-03;2.040435e-02;3.135351e-01;1.195719e-02;1.347340e-02;3.335520e-02;3.161168e-02;4.324102e-01;2.939751e-02;9.545153e-03;9.638110e-03
5.910756e-02;7.869464e-03;7.191152e-02;2.900372e-01;9.208442e-03;2.190973e-02;5.313850e-02;1.328243e-01;3.009425e-01;3.303063e-02;4.309698e-03;1.571054e-02
2.670906e-02;1.786613e-02;1.237965e-01;1.528464e-01;1.639057e-02;3.626068e-02;1.186725e-01;2.059224e-01;2.333372e-01;3.310393e-02;6.544798e-03;2.854993e-02
3.247624e-02;3.516357e-02;1.029728e-01;1.091546e-01;2.412868e-02;3.740618e-02;1.500118e-01;1.862556e-01;2.433168e-01;4.277485e-02;9.427763e-03;2.691103e-02
3.712389e-02;3.276013e-02;5.223886e-02;1.626914e-01;3.025022e-02;3.210732e-02;1.322948e-01;1.615428e-01;2.751532e-01;3.591688e-02;2.044690e-02;2.747355e-02
2.998685e-02;2.618789e-02;9.678166e-02;2.125942e-01;3.063865e-02;3.632972e-02;7.579963e-02;1.517143e-01;2.469687e-01;3.934600e-02;2.892431e-02;2.472814e-02
3.670221e-02;2.169079e-02;8.362515e-02;2.418185e-01;3.221763e-02;4.207838e-02;6.044817e-02;1.469329e-01;2.334171e-01;5.007388e-02;2.480669e-02;2.618870e-02
3.339044e-02;2.514715e-02;5.666262e-02;2.147396e-01;4.352120e-02;4.759262e-02;8.700984e-02;1.645907e-01;2.264286e-01;4.758488e-02;1.852684e-02;3.480545e-02
3.425218e-02;3.114131e-02;7.176853e-02;1.186280e-01;5.286364e-02;4.193273e-02;1.241060e-01;1.834271e-01;2.033896e-01;7.806920e-02;2.775057e-02;3.267127e-02
2.583951e-02;3.587180e-02;8.941125e-02;9.064053e-02;4.468310e-02;3.776453e-02;1.661170e-01;1.828888e-01;2.072849e-01;6.153543e-02;2.736760e-02;3.059555e-02
3.444615e-02;2.653163e-02;7.803176e-02;1.027917e-01;3.035750e-02;2.836544e-02;1.167913e-01;1.432213e-01;2.987874e-01;8.450461e-02;3.415521e-02;2.201600e-02
3.581797e-02;2.429060e-02;7.840239e-02;1.332664e-01;3.490956e-02;1.767711e-02;4.240085e-02;8.969082e-02;3.741429e-01;1.196980e-01;3.172817e-02;1.797528e-02
2.052172e-02;1.613762e-02;1.791201e-01;1.304523e-01;2.386507e-02;9.503146e-03;7.079604e-02;1.330318e-01;2.826785e-01;8.515773e-02;2.123055e-02;2.750560e-02
1.443836e-02;2.630615e-02;2.384950e-01;8.428527e-02;1.400498e-02;1.097377e-02;1.610041e-01;1.978871e-01;1.313100e-01;5.325883e-02;2.142969e-02;4.660670e-02
2.021190e-02;4.402737e-02;1.853038e-01;4.374281e-02;2.209976e-02;1.486377e-02;3.238604e-01;1.790244e-01;6.455356e-02;3.786146e-02;1.819557e-02;4.625529e-02
1.763530e-02;5.633620e-02;1.020932e-01;2.121555e-02;1.953961e-02;3.225716e-02;4.703729e-01;1.378293e-01;7.546978e-02;2.507387e-02;1.034187e-02;3.183510e-02
3.429986e-02;7.948601e-02;7.119336e-02;1.729899e-02;1.800769e-02;7.565278e-02;4.896671e-01;8.608354e-02;6.414843e-02;2.697133e-02;2.144210e-02;1.574875e-02
1.133289e-01;6.104725e-02;3.105630e-02;2.152071e-02;2.177777e-02;1.570354e-01;4.163753e-01;3.676104e-02;4.081602e-02;5.225277e-02;2.627451e-02;2.175402e-02
2.729832e-01;7.597131e-02;3.251223e-02;9.104609e-03;1.665454e-02;1.900227e-01;1.823315e-01;3.821288e-02;4.500276e-02;7.996034e-02;2.647947e-02;3.076447e-02
4.035979e-01;8.218244e-02;1.455635e-02;9.298868e-03;2.500751e-02;1.854232e-01;7.984073e-02;4.061075e-02;3.353506e-02;7.630984e-02;2.225843e-02;2.737896e-02
4.307777e-01;3.874636e-02;9.888039e-03;1.373803e-02;4.223501e-02;1.889813e-01;1.108926e-01;3.115625e-02;2.254353e-02;6.402902e-02;2.127868e-02;2.573356e-02
3.300961e-01;1.324216e-02;2.305873e-02;1.862737e-02;7.930534e-02;1.841773e-01;1.301545e-01;2.784254e-02;2.701787e-02;4.885012e-02;2.400846e-02;9.361956e-02
1.271425e-01;2.486993e-02;6.244194e-02;4.201420e-02;1.111192e-01;1.510190e-01;1.476722e-01;4.708605e-02;4.703347e-02;3.838240e-02;5.047149e-02;1.507475e-01
5.582764e-02;4.887358e-02;1.220934e-01;5.773978e-02;9.091329e-02;1.563281e-01;1.379665e-01;5.278065e-02;4.246094e-02;3.101624e-02;6.505700e-02;1.389429e-01
1.040389e-01;5.030657e-02;1.330654e-01;3.943047e-02;8.718091e-02;1.686426e-01;1.437317e-01;3.317841e-02;3.143553e-02;4.394617e-02;5.640304e-02;1.086403e-01
1.081469e-01;2.936985e-02;9.894329e-02;5.869433e-02;7.883796e-02;1.429912e-01;1.710204e-01;4.251411e-02;4.807961e-02;8.314027e-02;4.305723e-02;9.520493e-02
8.121852e-02;3.136953e-02;6.165161e-02;5.731377e-02;1.189136e-01;1.089081e-01;1.624820e-01;5.352496e-02;6.064419e-02;1.693448e-01;4.867104e-02;4.595794e-02
4.547043e-02;1.811263e-02;8.305789e-02;4.100053e-02;1.413884e-01;1.027767e-01;1.578716e-01;5.272946e-02;3.985368e-02;2.427192e-01;4.068556e-02;3.433400e-02
9.127641e-02;3.230812e-02;5.057468e-02;3.650087e-02;1.157413e-01;1.411723e-01;1.677783e-01;6.102746e-02;5.401330e-02;1.947941e-01;2.202659e-02;3.278657e-02
1.217485e-01;4.455791e-02;5.404232e-02;9.303568e-02;1.103159e-01;1.530003e-01;1.544479e-01;7.396448e-02;5.198723e-02;8.011238e-02;1.087751e-02;5.190985e-02
1.134460e-01;6.484124e-02;6.055838e-02;1.331702e-01;1.011867e-01;9.193295e-02;9.735491e-02;9.976640e-02;6.707726e-02;5.722420e-02;4.741179e-02;6.602996e-02
1.126373e-01;4.535943e-02;5.493540e-02;1.311832e-01;7.216125e-02;8.231943e-02;8.180034e-02;9.994400e-02;1.158594e-01;6.419598e-02;7.216646e-02;6.743787e-02
1.017226e-01;3.891542e-02;8.242358e-02;9.445807e-02;7.886108e-02;9.368264e-02;1.336418e-01;8.220915e-02;1.069682e-01;5.605632e-02;7.382743e-02;5.723372e-02
6.595246e-02;2.149926e-02;7.853507e-02;6.588947e-02;7.603651e-02;4.511696e-02;1.483715e-01;5.914593e-02;5.467021e-02;1.578218e-01;1.748805e-01;5.208032e-02
4.507151e-02;2.406876e-02;4.831640e-02;4.165434e-02;4.256139e-02;2.143100e-02;8.010504e-02;3.989466e-02;2.553349e-02;1.816668e-01;3.694792e-01;8.021743e-02
3.740128e-02;2.287612e-02;3.133147e-02;1.541379e-02;4.465159e-02;6.645754e-02;3.348798e-02;3.123545e-02;1.471916e-02;1.798873e-01;4.749051e-01;4.763317e-02
1.600811e-02;1.627278e-02;2.234157e-02;8.603372e-03;1.354973e-02;9.698418e-02;1.692507e-02;4.970735e-02;2.644359e-02;3.598623e-01;3.550789e-01;1.822308e-02
1.223402e-02;2.015604e-02;1.228892e-02;5.298467e-03;7.504797e-03;7.524833e-02;1.699999e-02;7.432050e-02;3.866055e-02;4.756629e-01;2.305992e-01;3.102630e-02
9.350446e-03;1.813441e-02;8.687624e-03;2.419081e-03;6.458979e-03;3.948082e-02;1.723558e-02;7.741121e-02;2.422881e-02;4.806455e-01;2.998427e-01;1.610477e-02
9.628383e-03;1.781064e-02;1.025613e-02;4.150942e-03;8.595193e-03;2.675116e-02;8.029058e-03;7.123488e-02;2.050027e-02;4.490062e-01;3.626265e-01;1.141065e-02
9.349285e-03;2.060364e-02;2.352373e-02;4.991106e-03;7.092622e-03;2.584859e-02;7.882111e-03;5.762735e-02;2.853747e-02;3.497215e-01;4.477907e-01;1.703190e-02
8.094334e-03;1.945455e-02;5.061154e-02;7.002993e-03;5.970035e-03;2.837208e-02;7.059752e-03;3.657534e-02;6.304255e-02;2.180152e-01;5.248007e-01;3.100090e-02
3.344090e-02;1.827573e-02;7.393508e-02;1.165127e-02;1.014360e-02;2.889465e-02;1.042366e-02;2.811001e-02;8.842071e-02;8.617045e-02;5.152927e-01;9.524125e-02
1.101940e-01;3.432472e-02;6.348556e-02;2.918811e-02;1.133472e-02;3.316313e-02;2.981323e-02;4.875684e-02;9.251989e-02;1.309845e-01;2.307078e-01;1.855274e-01
1.334728e-01;4.707128e-02;3.939680e-02;2.502006e-02;1.528283e-02;3.962790e-02;6.082837e-02;6.805804e-02;5.848201e-02;1.666237e-01;2.162533e-01;1.298828e-01
5.434968e-02;4.079444e-02;4.051851e-02;1.134510e-02;3.117046e-02;5.215339e-02;1.155061e-01;6.509874e-02;5.653203e-02;1.833102e-01;2.434571e-01;1.057642e-01
5.920954e-02;3.444967e-02;7.663107e-02;1.434221e-02;4.594878e-02;5.511688e-02;1.067720e-01;6.889974e-02;4.344700e-02;1.639364e-01;2.184637e-01;1.127830e-01
9.795792e-02;2.921831e-02;9.683674e-02;1.843337e-02;4.162459e-02;4.633176e-02;4.492224e-02;6.397866e-02;5.190855e-02;1.345000e-01;2.785706e-01;9.571721e-02
1.035778e-01;2.993402e-02;1.102433e-01;2.921402e-02;3.826381e-02;3.470178e-02;1.176387e-01;5.275035e-02;6.436046e-02;1.081819e-01;1.931129e-01;1.180209e-01
5.330234e-02;3.173820e-02;1.188716e-01;3.053073e-02;4.296857e-02;4.377487e-02;2.495767e-01;1.023507e-01;1.076360e-01;5.006119e-02;7.909439e-02;9.009477e-02
2.472434e-02;2.225947e-02;7.509852e-02;1.407695e-02;2.860315e-02;2.873104e-02;1.944985e-01;1.766934e-01;2.159592e-01;5.662703e-02;7.027434e-02;9.245408e-02
5.094437e-02;1.290301e-02;3.546655e-02;1.525375e-02;1.183782e-02;1.886403e-02;1.135735e-01;2.025194e-01;3.028174e-01;9.256279e-02;5.177051e-02;9.148689e-02
6.719349e-02;1.076283e-02;3.082452e-02;1.890328e-02;1.315470e-02;1.534721e-02;1.245080e-01;2.248565e-01;2.797330e-01;7.274660e-02;5.695661e-02;8.501313e-02
4.722459e-02;1.955713e-02;6.474670e-02;2.024822e-02;2.193159e-02;2.905746e-02;2.441586e-01;2.315136e-01;1.305311e-01;4.970944e-02;4.846959e-02;9.285199e-02
2.915347e-02;2.456927e-02;9.653860e-02;2.903066e-02;3.340862e-02;3.515300e-02;2.958951e-01;1.916986e-01;8.736485e-02;3.983638e-02;6.035046e-02;7.700094e-02
3.348527e-02;2.003202e-02;1.097050e-01;4.309744e-02;3.631796e-02;2.761639e-02;2.415586e-01;1.839601e-01;1.275416e-01;4.515148e-02;8.865067e-02;4.288335e-02
4.003528e-02;1.963778e-02;9.271696e-02;4.298638e-02;3.295418e-02;3.870707e-02;1.961218e-01;1.879369e-01;1.288614e-01;6.740882e-02;9.810855e-02;5.452490e-02
5.027061e-02;1.929366e-02;6.613984e-02;2.510563e-02;2.310775e-02;3.949546e-02;2.013193e-01;2.114077e-01;1.540439e-01;7.672425e-02;7.351072e-02;5.958112e-02
7.634919e-02;5.861826e-02;7.417063e-02;2.207657e-02;3.104803e-02;3.382921e-02;9.482279e-02;1.847054e-01;1.776667e-01;7.981196e-02;6.085312e-02;1.060481e-01
1.059937e-01;9.023713e-02;1.021105e-01;4.277377e-02;3.274779e-02;3.379351e-02;1.020511e-01;1.077719e-01;1.598704e-01;7.187978e-02;6.442165e-02;8.634870e-02
1.045089e-01;8.320796e-02;8.699368e-02;5.540594e-02;3.823041e-02;3.756347e-02;1.410114e-01;9.541752e-02;1.003516e-01;7.642280e-02;9.202221e-02;8.886416e-02
5.802998e-02;5.121414e-02;6.004434e-02;4.299465e-02;4.267010e-02;6.803866e-02;3.546054e-01;8.695426e-02;6.701827e-02;4.792800e-02;6.398197e-02;5.652026e-02
3.181589e-02;6.107476e-02;3.496940e-02;2.350796e-02;4.834083e-02;7.746061e-02;5.138462e-01;9.238172e-02;5.078511e-02;2.261071e-02;1.871225e-02;2.449458e-02
3.951229e-02;7.061133e-02;2.123361e-02;2.025786e-02;4.773038e-02;7.972922e-02;5.635431e-01;7.184875e-02;3.550142e-02;2.040669e-02;1.592762e-02;1.369771e-02
6.866798e-02;7.611051e-02;2.331162e-02;2.243331e-02;6.884050e-02;1.097539e-01;5.070130e-01;3.802900e-02;2.799679e-02;2.247329e-02;1.683522e-02;1.853484e-02
1.009655e-01;6.170504e-02;4.103469e-02;2.194426e-02;1.241280e-01;1.663653e-01;3.574232e-01;3.452596e-02;2.423366e-02;3.402816e-02;1.672530e-02;1.692100e-02
8.286393e-02;3.733726e-02;1.171210e-01;3.169714e-02;1.657319e-01;1.639754e-01;2.506802e-01;3.898354e-02;1.768383e-02;3.294053e-02;2.473979e-02;3.624548e-02
3.957758e-02;2.814212e-02;2.501833e-01;4.850107e-02;1.604113e-01;1.355052e-01;1.740675e-01;5.332939e-02;2.001818e-02;2.389610e-02;2.378367e-02;4.258462e-02
3.010194e-02;3.299360e-02;3.276803e-01;4.359480e-02;9.965701e-02;9.709666e-02;1.824270e-01;5.832779e-02;3.860382e-02;2.150625e-02;3.238918e-02;3.562163e-02
3.760074e-02;4.478554e-02;2.714013e-01;4.523811e-02;4.886223e-02;7.944925e-02;2.348296e-01;6.676918e-02;5.030835e-02;3.511290e-02;4.656495e-02;3.907777e-02
6.326398e-02;6.534345e-02;7.483367e-02;5.997019e-02;1.189197e-01;9.653836e-02;2.523794e-01;7.659876e-02;5.270100e-02;4.693924e-02;4.716994e-02;4.534237e-02
5.259488e-02;4.937966e-02;3.116376e-01;6.741536e-02;9.709644e-02;7.640714e-02;8.257063e-02;5.786294e-02;4.490208e-02;5.969603e-02;6.103323e-02;3.940400e-02
3.348160e-02;1.919725e-02;3.279892e-01;8.896805e-02;6.922777e-02;5.191842e-02;1.327204e-01;4.324172e-02;5.024483e-02;4.913787e-02;1.040281e-01;2.984473e-02
2.561348e-02;2.282600e-02;2.383797e-01;1.142735e-01;1.311174e-01;5.258321e-02;1.227713e-01;3.543904e-02;3.533534e-02;3.355278e-02;1.395698e-01;4.853851e-02
2.303768e-02;1.574652e-02;2.156677e-01;1.688678e-01;1.644813e-01;4.759674e-02;7.385981e-02;3.906083e-02;1.440214e-02;3.346302e-02;1.556323e-01;4.818409e-02
1.504373e-02;1.424187e-02;2.442696e-01;2.180716e-01;1.412277e-01;3.179234e-02;4.532448e-02;4.498709e-02;2.222472e-02;2.804020e-02;1.754236e-01;1.935310e-02
1.498541e-02;1.124834e-02;3.077680e-01;2.252057e-01;9.163003e-02;1.957123e-02;2.599797e-02;4.030209e-02;3.665339e-02;3.844101e-02;1.759106e-01;1.228627e-02
1.862951e-02;1.994785e-02;3.763098e-01;1.890168e-01;5.264166e-02;1.561472e-02;2.397015e-02;3.581209e-02;5.398515e-02;7.808908e-02;1.259996e-01;9.983504e-03
1.821893e-02;1.884439e-02;3.943455e-01;1.512198e-01;5.598538e-02;1.362065e-02;3.973753e-02;4.587964e-02;5.616104e-02;1.157142e-01;8.548284e-02;4.790148e-03
2.682901e-02;3.641948e-02;3.626448e-01;1.238574e-01;4.263254e-02;1.621370e-02;5.160576e-02;5.071324e-02;4.803240e-02;1.305026e-01;9.494568e-02;1.560337e-02
4.251119e-02;4.941355e-02;2.880673e-01;1.009434e-01;6.202272e-02;2.140797e-02;8.103329e-02;7.696544e-02;5.632312e-02;1.018257e-01;9.861502e-02;2.087129e-02
3.933505e-02;4.206431e-02;2.534991e-01;1.037799e-01;8.753105e-02;2.911680e-02;6.999312e-02;1.094125e-01;6.341823e-02;9.159479e-02;8.375251e-02;2.650266e-02
2.864315e-02;3.178326e-02;2.997294e-01;1.791181e-01;1.038189e-01;3.127993e-02;5.408337e-02;8.032732e-02;4.827425e-02;6.791161e-02;5.405736e-02;2.097345e-02
2.348357e-02;2.413958e-02;3.266766e-01;2.315576e-01;9.688073e-02;3.912450e-02;6.075364e-02;4.701679e-02;5.364739e-02;5.461659e-02;3.082309e-02;1.127988e-02
2.080050e-02;3.344132e-02;3.000299e-01;1.847293e-01;8.371168e-02;3.364395e-02;9.697784e-02;4.457732e-02;7.844967e-02;5.741592e-02;4.094523e-02;2.527732e-02
3.223130e-02;2.411214e-02;2.778450e-01;1.808509e-01;7.250206e-02;4.356275e-02;7.747383e-02;4.462421e-02;8.145320e-02;6.530436e-02;7.158259e-02;2.845763e-02
2.750610e-02;2.472642e-02;2.683507e-01;1.380085e-01;7.663734e-02;4.192557e-02;8.004557e-02;5.320757e-02;8.085718e-02;8.806209e-02;8.117064e-02;3.950234e-02
1.807412e-02;5.566307e-02;2.669469e-01;1.103648e-01;7.859383e-02;5.543280e-02;7.138891e-02;5.748591e-02;5.896795e-02;1.399897e-01;4.515348e-02;4.193851e-02
5.440910e-02;9.389225e-02;2.081725e-01;9.066708e-02;7.934627e-02;8.322050e-02;7.730014e-02;6.056770e-02;6.336296e-02;1.060379e-01;3.593752e-02;4.708607e-02
2.951537e-01;1.726643e-01;1.374478e-01;4.123270e-02;2.832043e-02;3.465082e-02;4.933070e-02;2.597984e-02;3.381603e-02;4.811520e-02;5.163104e-02;8.165734e-02
4.205058e-01;2.164612e-01;1.043964e-01;2.325007e-02;1.474407e-02;1.233918e-02;1.994255e-02;2.751900e-02;1.605858e-02;2.970261e-02;2.534649e-02;8.973420e-02
4.805275e-01;2.475109e-01;7.749368e-02;7.404082e-03;1.288244e-02;7.967158e-03;8.447082e-03;3.321461e-02;1.124079e-02;1.804907e-02;1.340176e-02;8.186090e-02
5.217415e-01;2.298326e-01;4.308275e-02;1.093732e-02;1.397997e-02;4.159747e-03;4.669707e-03;3.725532e-02;1.219493e-02;1.261440e-02;1.077293e-02;9.875876e-02
4.050436e-01;1.430657e-01;1.970923e-02;2.543749e-02;1.414660e-02;8.904737e-03;1.601796e-02;3.373056e-02;1.348567e-02;1.585943e-02;3.921179e-02;2.653872e-01
1.111537e-01;6.043051e-02;2.236674e-02;4.738390e-02;9.065226e-03;2.020536e-02;2.619499e-02;2.632752e-02;1.649813e-02;1.667491e-02;1.958657e-01;4.478333e-01
1.056008e-01;2.655751e-02;2.368566e-02;3.519723e-02;1.310750e-02;2.810215e-02;1.861820e-02;2.203100e-02;2.682959e-02;6.624951e-02;3.912547e-01;2.427661e-01
7.588917e-02;2.721499e-02;2.316768e-02;1.985241e-02;3.590515e-02;2.117498e-02;9.630351e-03;2.043403e-02;8.214837e-02;2.425693e-01;3.678688e-01;7.414479e-02
3.568082e-02;1.967637e-02;1.153535e-02;3.303334e-02;4.218722e-02;9.299274e-03;1.119196e-02;3.188809e-02;2.520696e-01;3.372884e-01;1.461505e-01;6.999907e-02
2.319408e-02;1.109573e-02;1.872228e-02;5.522177e-02;2.485261e-02;1.726483e-02;2.638465e-02;8.789841e-02;3.652883e-01;2.504312e-01;7.128497e-02;4.836110e-02
2.343465e-02;2.167560e-02;3.972043e-02;5.265153e-02;1.978805e-02;3.554227e-02;9.151585e-02;2.028492e-01;2.729235e-01;1.243749e-01;8.030404e-02;3.521996e-02
3.743558e-02;4.242988e-02;3.969776e-02;3.973094e-02;3.636936e-02;5.171795e-02;1.646034e-01;2.299756e-01;1.769844e-01;7.853720e-02;7.230441e-02;3.021361e-02
6.877455e-02;5.487923e-02;4.567900e-02;4.717755e-02;5.326884e-02;7.859057e-02;1.642906e-01;1.861130e-01;1.996907e-01;3.460275e-02;4.339429e-02;2.353889e-02
4.547666e-02;3.492700e-02;7.786354e-02;5.084981e-02;6.848052e-02;9.613251e-02;1.136877e-01;1.336602e-01;1.665509e-01;7.770397e-02;8.141920e-02;5.324794e-02
3.787848e-02;3.094753e-02;9.353122e-02;3.233984e-02;7.004600e-02;1.059937e-01;1.424941e-01;1.117195e-01;1.080822e-01;1.224621e-01;1.040774e-01;4.042793e-02
8.140547e-02;6.120791e-02;6.725956e-02;2.098133e-02;5.656737e-02;9.448787e-02;1.830406e-01;1.015448e-01;8.524597e-02;1.428100e-01;4.982569e-02;5.562334e-02
8.497655e-02;7.691968e-02;6.062036e-02;3.528434e-02;4.775133e-02;9.171935e-02;1.481854e-01;1.255086e-01;1.344979e-01;7.348754e-02;3.657299e-02;8.447596e-02
4.899520e-02;5.115934e-02;5.819005e-02;3.941599e-02;4.158317e-02;6.164535e-02;1.083923e-01;1.659402e-01;2.259837e-01;7.828870e-02;5.149525e-02;6.891079e-02
5.571973e-02;3.890100e-02;3.450220e-02;3.286027e-02;3.881141e-02;3.517531e-02;1.042781e-01;2.043101e-01;2.816412e-01;1.035376e-01;3.384674e-02;3.641641e-02
4.957829e-02;2.643699e-02;5.039264e-02;3.300663e-02;4.453637e-02;3.866942e-02;1.022667e-01;2.279831e-01;2.839358e-01;8.958173e-02;4.211731e-02;1.149509e-02
3.523612e-02;2.549567e-02;4.590453e-02;3.011938e-02;4.722766e-02;4.813053e-02;1.418103e-01;1.974277e-01;2.739961e-01;7.077464e-02;5.194379e-02;3.193356e-02
4.651295e-02;4.105717e-02;6.275886e-02;3.030067e-02;4.605454e-02;3.799935e-02;1.737876e-01;1.699938e-01;2.098402e-01;1.013029e-01;4.112880e-02;3.926307e-02
3.348270e-02;3.397770e-02;8.971726e-02;4.313936e-02;3.213241e-02;5.918827e-02;2.472042e-01;1.545890e-01;1.446424e-01;1.007943e-01;4.724335e-02;1.388913e-02
5.135065e-02;3.650555e-02;8.433842e-02;4.885320e-02;4.381076e-02;8.973429e-02;2.179788e-01;1.030139e-01;1.539561e-01;6.555936e-02;8.511513e-02;1.978388e-02
5.454377e-02;2.298704e-02;8.690336e-02;4.333329e-02;6.148061e-02;1.220846e-01;1.179855e-01;1.271896e-01;1.947753e-01;4.969643e-02;8.246431e-02;3.655612e-02
6.401353e-02;4.186596e-02;4.940457e-02;4.475745e-02;5.367969e-02;8.664323e-02;8.785183e-02;1.533998e-01;1.680437e-01;1.317566e-01;8.774458e-02;3.083900e-02
4.572263e-02;4.623786e-02;3.935302e-02;2.784423e-02;4.092590e-02;5.060509e-02;8.829303e-02;1.549049e-01;2.389316e-01;1.777881e-01;5.574241e-02;3.365126e-02
6.236509e-02;4.554179e-02;2.885826e-02;2.125992e-02;3.816235e-02;5.019567e-02;1.665516e-01;1.974708e-01;1.898055e-01;1.580538e-01;1.534760e-02;2.638763e-02
7.707639e-02;5.060866e-02;3.714782e-02;1.562258e-02;5.018969e-02;6.494070e-02;2.370938e-01;2.351261e-01;7.078765e-02;1.169840e-01;1.510276e-02;2.931986e-02
9.035002e-02;4.997879e-02;7.887145e-02;3.343234e-02;5.112948e-02;9.663246e-02;1.560483e-01;1.773098e-01;8.523745e-02;1.163478e-01;2.466191e-02;4.000019e-02
1.048350e-01;2.648456e-02;9.684245e-02;3.290602e-02;4.494351e-02;1.002159e-01;9.386416e-02;1.634633e-01;1.212183e-01;1.109052e-01;6.040392e-02;4.391770e-02
7.100555e-02;3.599869e-02;6.500350e-02;3.467352e-02;3.679753e-02;7.470348e-02;1.176273e-01;1.667039e-01;1.875822e-01;1.159862e-01;6.436103e-02;2.955708e-02
4.310506e-02;3.475823e-02;3.470997e-02;3.023275e-02;2.755820e-02;6.615787e-02;1.796268e-01;1.539010e-01;1.640785e-01;1.701140e-01;6.919204e-02;2.656556e-02
6.446123e-02;2.858908e-02;4.192334e-02;3.477020e-02;2.721807e-02;7.102769e-02;2.524758e-01;1.660458e-01;6.467463e-02;1.706727e-01;5.156200e-02;2.657952e-02
5.862865e-02;3.851236e-02;5.274218e-02;3.145108e-02;3.832928e-02;7.280000e-02;2.790080e-01;1.868183e-01;6.313606e-02;8.995520e-02;4.719924e-02;4.141966e-02
