1.269907e-01;6.576934e-02;1.153323e-01;4.809993e-02;1.022094e-01;6.328334e-02;8.546289e-02;3.375141e-02;5.369675e-02;8.696003e-02;1.280102e-01;9.043373e-02
1.162258e-01;4.021002e-02;8.791234e-02;7.579701e-02;7.877496e-02;1.163710e-01;1.031212e-01;2.865184e-02;4.986240e-02;8.493083e-02;1.178995e-01;1.002431e-01
6.463461e-02;6.381506e-02;1.356205e-01;1.512263e-01;6.373350e-02;1.310788e-01;8.530521e-02;5.091076e-02;3.524299e-02;6.461506e-02;8.146101e-02;7.235621e-02
4.452328e-02;5.394382e-02;1.300237e-01;1.680870e-01;8.192904e-02;1.134270e-01;7.436552e-02;8.148584e-02;5.898506e-02;6.274626e-02;5.817800e-02;7.230547e-02
5.172294e-02;5.661612e-02;1.378295e-01;1.556730e-01;1.200770e-01;9.021150e-02;6.087616e-02;6.207638e-02;7.552628e-02;6.727138e-02;6.206748e-02;6.005214e-02
7.241039e-02;6.193027e-02;1.514074e-01;1.354171e-01;1.372951e-01;8.116769e-02;4.479922e-02;5.301357e-02;6.248443e-02;7.307110e-02;6.335129e-02;6.365245e-02
9.319328e-02;4.792583e-02;1.972149e-01;7.239191e-02;1.348255e-01;7.180086e-02;6.226012e-02;7.522517e-02;4.320135e-02;9.207144e-02;5.910364e-02;5.078597e-02
1.050931e-01;6.093076e-02;1.943444e-01;9.039491e-02;1.184535e-01;3.822317e-02;6.290179e-02;6.157683e-02;4.296938e-02;8.800077e-02;8.071499e-02;5.639638e-02
9.332781e-02;8.496144e-02;1.792290e-01;6.711689e-02;1.166475e-01;3.261359e-02;6.818319e-02;5.148387e-02;6.066303e-02;1.159986e-01;7.538699e-02;5.438808e-02
8.023323e-02;9.165041e-02;1.657954e-01;4.492150e-02;1.199967e-01;3.513513e-02;7.676357e-02;6.675137e-02;7.023836e-02;1.146088e-01;6.834041e-02;6.556521e-02
5.681668e-02;1.339520e-01;1.457198e-01;6.594935e-02;9.191120e-02;8.425025e-02;4.692585e-02;9.973995e-02;6.996209e-02;9.349421e-02;3.898254e-02;7.229611e-02
4.547159e-02;1.172819e-01;1.135508e-01;4.792020e-02;7.258190e-02;1.134828e-01;7.885106e-02;9.367546e-02;6.886482e-02;1.182912e-01;7.419059e-02;5.583767e-02
5.103048e-02;8.702604e-02;9.112538e-02;6.219665e-02;3.057073e-02;1.067856e-01;1.288343e-01;8.499957e-02;7.210078e-02;1.306173e-01;8.912267e-02;6.559046e-02
5.197051e-02;4.006439e-02;9.234040e-02;6.347916e-02;1.111637e-01;1.250068e-01;1.083818e-01;1.052901e-01;6.944665e-02;8.494200e-02;5.392618e-02;9.398834e-02
6.766413e-02;4.183088e-02;9.277088e-02;3.933640e-02;1.183785e-01;1.341383e-01;1.169677e-01;1.082474e-01;5.724328e-02;9.684532e-02;3.618193e-02;9.039535e-02
5.936421e-02;9.180287e-02;9.302286e-02;5.202041e-02;9.748602e-02;7.027487e-02;1.162909e-01;1.317665e-01;9.975340e-02;1.018453e-01;4.386042e-02;4.251215e-02
4.982764e-02;1.012234e-01;7.806917e-02;2.892944e-02;1.037640e-01;1.006672e-01;8.584294e-02;1.052976e-01;1.127904e-01;1.149564e-01;6.277838e-02;5.585336e-02
4.678734e-02;1.121478e-01;7.755847e-02;5.845173e-02;6.737371e-02;7.719339e-02;1.060150e-01;1.053887e-01;7.080486e-02;1.604687e-01;5.532267e-02;6.248752e-02
5.604438e-02;9.619849e-02;1.167662e-01;5.212963e-02;7.900538e-02;9.289034e-02;1.057084e-01;6.259875e-02;5.047951e-02;1.635153e-01;5.321096e-02;7.145261e-02
4.696501e-02;5.456743e-02;1.834459e-01;9.658363e-02;7.347577e-02;6.762969e-02;1.611154e-01;3.245466e-02;2.640584e-02;1.448294e-01;6.384218e-02;4.868504e-02
4.486025e-02;2.433902e-02;2.536421e-01;7.899376e-02;5.428942e-02;4.020394e-02;1.883270e-01;2.803989e-02;2.018537e-02;1.841748e-01;5.331557e-02;2.962890e-02
4.134030e-02;2.161140e-02;3.258833e-01;5.489480e-02;3.880136e-02;1.500283e-02;1.932151e-01;1.727534e-02;1.466778e-02;2.312903e-01;3.330498e-02;1.271254e-02
5.422901e-02;1.392114e-02;3.785130e-01;4.960942e-02;2.926105e-02;1.441525e-02;1.612350e-01;1.091485e-02;1.082772e-02;2.380126e-01;2.801080e-02;1.105021e-02
6.120250e-02;1.712617e-02;3.573125e-01;7.693789e-02;2.452286e-02;1.898571e-02;9.795636e-02;2.823741e-02;1.149599e-02;1.717046e-01;1.114862e-01;2.303176e-02
4.230808e-02;3.313958e-02;2.122248e-01;1.376854e-01;3.280037e-02;3.181297e-02;4.996294e-02;7.974210e-02;1.797036e-02;7.247635e-02;2.422823e-01;4.759469e-02
2.911355e-02;4.973661e-02;1.242567e-01;1.344355e-01;3.776528e-02;3.208751e-02;4.218236e-02;1.181996e-01;3.023109e-02;4.176613e-02;2.881934e-01;7.203227e-02
3.517751e-02;5.763738e-02;1.425759e-01;9.791769e-02;3.637990e-02;3.488545e-02;4.123807e-02;1.097352e-01;4.360685e-02;9.647203e-02;2.520591e-01;5.231486e-02
5.400362e-02;5.315603e-02;1.839302e-01;8.211417e-02;4.975057e-02;3.379120e-02;5.753668e-02;7.249653e-02;6.692912e-02;1.311724e-01;1.853286e-01;2.979095e-02
6.548244e-02;5.528412e-02;1.816923e-01;5.730778e-02;5.818792e-02;2.216672e-02;1.115917e-01;9.345189e-02;8.514468e-02;1.285409e-01;9.830456e-02;4.284492e-02
3.086702e-02;2.964815e-02;1.734811e-01;1.109235e-01;3.734956e-02;8.874124e-02;1.208560e-01;8.481313e-02;4.387274e-02;1.305811e-01;1.093072e-01;3.955927e-02
4.739093e-02;9.607276e-02;1.569443e-01;7.516618e-02;7.872830e-02;1.380927e-01;7.149265e-02;5.480490e-02;1.140676e-01;9.761851e-02;4.727333e-02;2.234801e-02
3.555594e-02;8.622319e-02;2.961712e-01;8.560026e-02;4.453367e-02;5.944009e-02;9.534980e-02;3.344099e-02;7.554077e-02;1.186436e-01;5.143501e-02;1.806555e-02
2.797626e-02;5.263359e-02;3.287969e-01;1.092215e-01;2.755558e-02;2.109890e-02;1.226274e-01;2.407805e-02;4.844268e-02;1.328698e-01;9.037465e-02;1.432471e-02
2.062112e-02;1.722386e-02;3.306243e-01;1.062015e-01;3.420127e-02;1.874276e-02;1.647753e-01;1.634466e-02;2.160083e-02;1.566784e-01;1.029969e-01;9.989021e-03
2.040784e-02;9.779015e-03;2.896587e-01;5.660823e-02;4.131858e-02;1.306409e-02;2.030564e-01;1.633821e-02;1.065304e-02;2.472250e-01;8.479923e-02;7.091562e-03
1.989051e-02;1.101977e-02;2.397393e-01;2.515244e-02;4.824573e-02;7.865484e-03;1.821176e-01;1.327399e-02;1.826504e-02;3.590025e-01;7.077780e-02;4.649886e-03
1.987805e-02;2.309989e-02;2.244601e-01;1.569225e-02;3.860958e-02;1.346606e-02;1.252521e-01;7.395163e-03;3.686232e-02;4.292177e-01;5.016851e-02;1.589822e-02
2.197257e-02;5.811535e-02;2.209895e-01;9.945112e-03;2.478275e-02;2.918352e-02;6.473763e-02;1.167939e-02;8.974736e-02;3.953804e-01;2.924189e-02;4.422450e-02
1.450327e-02;1.095070e-01;1.931315e-01;8.307585e-03;1.824521e-02;5.908131e-02;2.215542e-02;2.261132e-02;1.887580e-01;2.420070e-01;1.404652e-02;1.076459e-01
3.330003e-02;1.215931e-01;1.378970e-01;2.703253e-02;1.019129e-02;7.762058e-02;2.483382e-02;4.974614e-02;2.517606e-01;1.024322e-01;1.583814e-02;1.477545e-01
7.165211e-02;9.473202e-02;1.186245e-01;4.548367e-02;1.932551e-02;6.975376e-02;5.160873e-02;7.810175e-02;1.992762e-01;8.229624e-02;3.848020e-02;1.306653e-01
9.531835e-02;1.079435e-01;1.341659e-01;4.146426e-02;4.481608e-02;6.466032e-02;5.649732e-02;7.004796e-02;1.661867e-01;8.330613e-02;5.489020e-02;8.070324e-02
4.966585e-02;1.642564e-01;1.185407e-01;4.865191e-02;2.830109e-02;7.325087e-02;2.245962e-02;3.219246e-02;3.164899e-01;6.490657e-02;3.558380e-02;4.570086e-02
5.282238e-02;1.854147e-01;8.217401e-02;6.845953e-02;1.290439e-02;7.959992e-02;1.188372e-02;2.546165e-02;3.869100e-01;4.078125e-02;1.440693e-02;3.918154e-02
5.842641e-02;1.893098e-01;7.194078e-02;8.340158e-02;8.398355e-03;7.548016e-02;8.339647e-03;2.238974e-02;4.323297e-01;2.086313e-02;6.344845e-03;2.277574e-02
5.765607e-02;1.675230e-01;8.643377e-02;6.625940e-02;1.538051e-02;8.405795e-02;1.854882e-02;2.821741e-02;3.967612e-01;3.142034e-02;1.209175e-02;3.564972e-02
8.985187e-02;1.466330e-01;8.442029e-02;4.281023e-02;2.921567e-02;7.391487e-02;2.185935e-02;8.590835e-02;3.409169e-01;2.056042e-02;2.820588e-02;3.570321e-02
1.461915e-01;1.175871e-01;8.193582e-02;2.906215e-02;5.001234e-02;4.707242e-02;1.990882e-02;1.631719e-01;2.608048e-01;1.556888e-02;3.890512e-02;2.977921e-02
1.883562e-01;7.497915e-02;6.740170e-02;3.410831e-02;7.243344e-02;2.609466e-02;5.713990e-02;2.278379e-01;1.453335e-01;3.435587e-02;3.850497e-02;3.345440e-02
2.523214e-01;1.107660e-01;6.607422e-02;3.914643e-02;7.384364e-02;2.461864e-02;5.910607e-02;1.797301e-01;9.073003e-02;2.550507e-02;2.909076e-02;4.906770e-02
2.049668e-01;1.703049e-01;1.082512e-01;1.569425e-02;8.098546e-02;2.800966e-02;3.501386e-02;1.130782e-01;1.914733e-01;1.939217e-02;1.430131e-02;1.852888e-02
1.684780e-01;2.070779e-01;1.127741e-01;1.220451e-02;7.698389e-02;3.299611e-02;3.282614e-02;9.565898e-02;2.166849e-01;2.608064e-02;8.160666e-03;1.007423e-02
1.913313e-01;1.904127e-01;8.022600e-02;1.204589e-02;1.083051e-01;1.951792e-02;3.742583e-02;1.672979e-01;1.571115e-01;1.575104e-02;5.356293e-03;1.521863e-02
2.931932e-01;1.279021e-01;4.570804e-02;5.717212e-03;1.171372e-01;7.439287e-03;5.061363e-02;2.447066e-01;6.982886e-02;6.063382e-03;8.800227e-03;2.289027e-02
3.528872e-01;7.098963e-02;3.357004e-02;9.631767e-03;8.747091e-02;5.311778e-03;7.067558e-02;2.821393e-01;2.852883e-02;5.329028e-03;8.741053e-03;4.472483e-02
3.489665e-01;4.463141e-02;3.635722e-02;1.420511e-02;4.758846e-02;6.542252e-03;9.267797e-02;2.603838e-01;1.997329e-02;5.585893e-03;9.692908e-03;1.133951e-01
3.023326e-01;3.721216e-02;4.716910e-02;2.050867e-02;2.328638e-02;1.156912e-02;1.286715e-01;1.953936e-01;2.388315e-02;9.713301e-03;1.824772e-02;1.820128e-01
2.312580e-01;4.897720e-02;7.036725e-02;2.285609e-02;2.904561e-02;1.888801e-02;1.574059e-01;1.508539e-01;3.080499e-02;1.808063e-02;2.887842e-02;1.925841e-01
1.657362e-01;4.583074e-02;8.990358e-02;2.122441e-02;3.887543e-02;3.009375e-02;1.563720e-01;1.546427e-01;4.579193e-02;3.112107e-02;4.701378e-02;1.733945e-01
1.149777e-01;5.541405e-02;1.068345e-01;2.039312e-02;3.728789e-02;4.146163e-02;1.205790e-01;1.809907e-01;4.640973e-02;5.895779e-02;8.594178e-02;1.307521e-01
3.933644e-02;2.974617e-02;9.353502e-02;1.957550e-02;5.982122e-02;3.859735e-02;1.661487e-01;2.007637e-01;8.105725e-02;9.709675e-02;9.274577e-02;8.157607e-02
9.657763e-02;4.768766e-02;9.575660e-02;2.547891e-02;1.006171e-01;3.467704e-02;1.703731e-01;1.560844e-01;4.092487e-02;8.576091e-02;5.979338e-02;8.626829e-02
1.261923e-01;2.731862e-02;9.534527e-02;1.778456e-02;9.579183e-02;4.311595e-02;2.244249e-01;1.242035e-01;5.548679e-02;4.611898e-02;4.676400e-02;9.745333e-02
1.752349e-01;4.751533e-02;5.703254e-02;2.196876e-02;4.609636e-02;3.876283e-02;2.533493e-01;2.216947e-01;2.592002e-02;3.316478e-02;3.496680e-02;4.429362e-02
1.745332e-01;5.880364e-02;4.876611e-02;2.250412e-02;6.871697e-02;2.306894e-02;2.267471e-01;1.643564e-01;5.876102e-02;3.380475e-02;2.848469e-02;9.145299e-02
1.187515e-01;5.584511e-02;5.089993e-02;3.157778e-02;8.781444e-02;3.539671e-02;1.892346e-01;1.861785e-01;6.745262e-02;2.454513e-02;2.502914e-02;1.272746e-01
1.114299e-01;8.304018e-02;1.466007e-01;7.539004e-02;1.032947e-01;5.371233e-02;1.339369e-01;6.291258e-02;8.646541e-02;6.379590e-02;3.749639e-02;4.192495e-02
1.109737e-01;8.263873e-02;1.266173e-01;5.666231e-02;8.775044e-02;6.316157e-02;1.616632e-01;5.947183e-02;8.947127e-02;6.691658e-02;6.597133e-02;2.870168e-02
9.432463e-02;8.142982e-02;1.133667e-01;6.011815e-02;7.308216e-02;7.893696e-02;1.458659e-01;5.207975e-02;9.583275e-02;9.455862e-02;8.348237e-02;2.692214e-02
4.856788e-02;4.495299e-02;2.506009e-01;8.239489e-02;5.895980e-02;5.929256e-02;8.295008e-02;4.153560e-02;8.293562e-02;1.049611e-01;9.786388e-02;4.498476e-02
2.333500e-02;4.075977e-02;2.795838e-01;1.415322e-01;9.527632e-02;3.755278e-02;5.485434e-02;2.752735e-02;4.532511e-02;6.941979e-02;1.164179e-01;6.841563e-02
3.471909e-02;4.318092e-02;2.039752e-01;1.549881e-01;1.874773e-01;7.394513e-02;4.477749e-02;2.104484e-02;3.435224e-02;2.614937e-02;8.919638e-02;8.619403e-02
3.689486e-02;2.684184e-02;8.945359e-02;1.083945e-01;2.623740e-01;2.148016e-01;4.819599e-02;2.205756e-02;4.169816e-02;2.195344e-02;4.392700e-02;8.340751e-02
4.452903e-02;1.856510e-02;1.945481e-02;4.402462e-02;1.838602e-01;3.512041e-01;1.207713e-01;5.498930e-02;3.275640e-02;5.445405e-02;3.057887e-02;4.481225e-02
4.518143e-02;4.871978e-02;1.004873e-02;2.095065e-02;6.243386e-02;2.878671e-01;2.677450e-01;7.343728e-02;2.150421e-02;6.673218e-02;8.332238e-02;1.205742e-02
2.691573e-02;7.902664e-02;2.734559e-02;1.321561e-02;2.458005e-02;1.318471e-01;3.779697e-01;9.139249e-02;2.597530e-02;3.650789e-02;1.492379e-01;1.598592e-02
2.631428e-02;6.826787e-02;6.221948e-02;1.517138e-02;2.770850e-02;4.134746e-02;3.460768e-01;1.485070e-01;4.593516e-02;2.306747e-02;1.383047e-01;5.707986e-02
5.066481e-02;4.603247e-02;8.340526e-02;2.665807e-02;3.164939e-02;3.297041e-02;2.305046e-01;1.903590e-01;7.675571e-02;3.928971e-02;9.325222e-02;9.845839e-02
6.586116e-02;5.853268e-02;6.388360e-02;1.874356e-02;3.062524e-02;5.294732e-02;1.222945e-01;1.568623e-01;6.062948e-02;9.608678e-02;1.427280e-01;1.308053e-01
1.537637e-01;5.817297e-02;2.369895e-02;1.757965e-02;1.996862e-02;4.622491e-02;4.047632e-02;6.136229e-02;5.927067e-02;1.203695e-01;2.073379e-01;1.917745e-01
3.011465e-01;7.523274e-02;3.111822e-02;1.976940e-02;1.802664e-02;2.690981e-02;3.661685e-02;6.640707e-02;4.323400e-02;6.471752e-02;1.375146e-01;1.793066e-01
3.794523e-01;8.517916e-02;4.856843e-02;2.212236e-02;2.459390e-02;1.233067e-02;5.019553e-02;7.761024e-02;2.408859e-02;3.511185e-02;7.339104e-02;1.673560e-01
2.579802e-01;4.628362e-02;5.817427e-02;3.658582e-02;2.272088e-02;1.769489e-02;6.668098e-02;6.248267e-02;1.201865e-02;2.578300e-02;7.104378e-02;3.225513e-01
1.273187e-01;2.796413e-02;6.500725e-02;4.913602e-02;2.952869e-02;4.142129e-02;7.639299e-02;3.730106e-02;3.404481e-02;5.408316e-02;1.300305e-01;3.277714e-01
7.356609e-02;3.760941e-02;9.077599e-02;4.083649e-02;4.819653e-02;5.164187e-02;9.424122e-02;4.047930e-02;6.436582e-02;9.410845e-02;1.499162e-01;2.142627e-01
9.194686e-02;7.123105e-02;1.437070e-01;4.933803e-02;6.527907e-02;4.326605e-02;1.142122e-01;4.769438e-02;7.964709e-02;8.590095e-02;1.143257e-01;9.345160e-02
5.306406e-02;9.863564e-02;2.106244e-01;8.558258e-02;5.255789e-02;4.527116e-02;1.275120e-01;6.634463e-02;7.717153e-02;5.050291e-02;9.535006e-02;3.738304e-02
3.851008e-02;1.414437e-01;1.777929e-01;9.238885e-02;6.381655e-02;4.475991e-02;9.216718e-02;8.968265e-02;5.468153e-02;5.028234e-02;8.003473e-02;7.443954e-02
4.574810e-02;1.580029e-01;1.351533e-01;8.075751e-02;6.616215e-02;5.083657e-02;7.425080e-02;8.334054e-02;6.164734e-02;5.652827e-02;7.989921e-02;1.076732e-01
1.268158e-01;1.060465e-01;1.515730e-01;4.330687e-02;5.219669e-02;5.961109e-02;1.299670e-01;5.981724e-02;4.657604e-02;4.740850e-02;6.579944e-02;1.108818e-01
1.261646e-01;7.828793e-02;1.474489e-01;3.824688e-02;4.673119e-02;3.655573e-02;1.292545e-01;4.774581e-02;3.107826e-02;4.100598e-02;1.676825e-01;1.097977e-01
9.227529e-02;5.746507e-02;1.365207e-01;3.046497e-02;2.830886e-02;7.782366e-02;1.071303e-01;4.481572e-02;2.118339e-02;4.821656e-02;2.763484e-01;7.944715e-02
4.745656e-02;3.431064e-02;1.272530e-01;1.735653e-02;1.408068e-02;1.619530e-01;7.104225e-02;3.021034e-02;1.506083e-02;4.524719e-02;4.074969e-01;2.853222e-02
1.659588e-02;1.657768e-02;1.307330e-01;5.581958e-03;1.025405e-02;2.183467e-01;3.151007e-02;1.083647e-02;1.432493e-02;2.121325e-02;4.891641e-01;3.486194e-02
6.420673e-03;1.161396e-02;1.198476e-01;2.954628e-03;1.058215e-02;2.120613e-01;1.073809e-02;4.880659e-03;1.610521e-02;7.805987e-02;4.885834e-01;3.815231e-02
2.373915e-02;1.277453e-02;8.611523e-02;6.146101e-03;3.190707e-02;1.766861e-01;2.215413e-02;1.148179e-02;2.885614e-02;1.504510e-01;4.083152e-01;4.137361e-02
4.752771e-02;2.231692e-02;5.947756e-02;1.063719e-02;6.314659e-02;1.282001e-01;4.689442e-02;1.995481e-02;5.502609e-02;1.950371e-01;2.938069e-01;5.797468e-02
6.466015e-02;2.830690e-02;4.408503e-02;5.842154e-02;5.834372e-02;7.698002e-02;5.028211e-02;3.847794e-02;1.515673e-01;2.011373e-01;1.694511e-01;5.828686e-02
5.320111e-02;1.262583e-02;5.267084e-02;1.224427e-01;1.002906e-02;5.308437e-02;1.060093e-01;6.401141e-02;2.808282e-01;1.659628e-01;5.439816e-02;2.473619e-02
4.960546e-02;1.379243e-02;4.982283e-02;1.151363e-01;3.472428e-02;4.846703e-02;1.862105e-01;6.849691e-02;2.469622e-01;1.368488e-01;2.531489e-02;2.461837e-02
4.694132e-02;1.198282e-02;3.983345e-02;9.656318e-02;4.761498e-02;4.434747e-02;2.284535e-01;5.938702e-02;2.201406e-01;1.489030e-01;3.470142e-02;2.113129e-02
5.134282e-02;1.104140e-02;2.660819e-02;1.021416e-01;3.663983e-02;3.114943e-02;2.390781e-01;5.372775e-02;2.502758e-01;1.472062e-01;3.905280e-02;1.173613e-02
4.610079e-02;6.985852e-03;2.224384e-02;1.288819e-01;1.556979e-02;2.179729e-02;2.436412e-01;5.886531e-02;2.946610e-01;1.245424e-01;3.017877e-02;6.531960e-03
2.880997e-02;5.777296e-03;5.297527e-02;9.167762e-02;1.480792e-02;3.851902e-02;3.435216e-01;8.472524e-02;2.218538e-01;8.245981e-02;1.783325e-02;1.703922e-02
1.329991e-02;2.047441e-02;7.652888e-02;3.004584e-02;2.223365e-02;4.756664e-02;4.988130e-01;1.071001e-01;1.081587e-01;4.427361e-02;7.503816e-03;2.400145e-02
1.655761e-02;4.506931e-02;6.838347e-02;1.696434e-02;4.006163e-02;5.897366e-02;5.611814e-01;1.022636e-01;4.626713e-02;2.440598e-02;5.824067e-03;1.404777e-02
4.003040e-02;5.513975e-02;5.959362e-02;2.323932e-02;7.196450e-02;9.141958e-02;5.205770e-01;6.831641e-02;2.779641e-02;1.813656e-02;1.561776e-02;8.168624e-03
6.634873e-02;4.239484e-02;1.058357e-01;3.192153e-02;1.052264e-01;1.141449e-01;3.795600e-01;4.970080e-02;3.709418e-02;3.311529e-02;1.833269e-02;1.632494e-02
6.664987e-02;1.347747e-02;1.153888e-01;3.515594e-02;1.041176e-01;9.527836e-02;3.488950e-01;7.362506e-02;3.631204e-02;5.023452e-02;3.017944e-02;3.068600e-02
8.066025e-02;3.172434e-02;7.144204e-02;4.524054e-02;7.173591e-02;7.442255e-02;3.414216e-01;8.278559e-02;7.122580e-02;6.281673e-02;4.142329e-02;2.510136e-02
8.201594e-02;4.713104e-02;9.658097e-02;4.297118e-02;7.349797e-02;4.125792e-02;2.179252e-01;6.455867e-02;1.010437e-01;1.109409e-01;6.579307e-02;5.628353e-02
7.234334e-02;3.197878e-02;9.369653e-02;2.930185e-02;3.953508e-02;4.255540e-02;2.776397e-01;1.116992e-01;9.854714e-02;1.028435e-01;5.085124e-02;4.900819e-02
4.008048e-02;1.899542e-02;8.820947e-02;2.099638e-02;3.008594e-02;5.437138e-02;3.369182e-01;1.716008e-01;8.243332e-02;8.374489e-02;3.599967e-02;3.656412e-02
1.620614e-02;3.114386e-02;6.258997e-02;9.870055e-03;5.730333e-02;4.864907e-02;4.423349e-01;1.864161e-01;5.088839e-02;5.168649e-02;2.296207e-02;1.994961e-02
6.720431e-03;5.812117e-02;2.962947e-02;4.818734e-03;6.392076e-02;4.120288e-02;5.778918e-01;1.165264e-01;5.224745e-02;1.775268e-02;2.471972e-02;6.448529e-03
4.763814e-03;6.963857e-02;1.078920e-02;6.447573e-03;3.830186e-02;5.215297e-02;6.758491e-01;5.831918e-02;5.560587e-02;6.067476e-03;1.929829e-02;2.766042e-03
5.613632e-03;6.253532e-02;9.471053e-03;5.014382e-03;5.614128e-02;5.196974e-02;6.419466e-01;1.025112e-01;3.920568e-02;4.222802e-03;1.836873e-02;2.999594e-03
4.022888e-03;4.182628e-02;3.318972e-02;3.225358e-03;8.472823e-02;3.142370e-02;5.010758e-01;2.434992e-01;3.257991e-02;3.904488e-03;1.508702e-02;5.437376e-03
2.542144e-03;1.683025e-02;8.823491e-02;4.621142e-03;6.799512e-02;1.763771e-02;3.031799e-01;4.190237e-01;4.503630e-02;1.210377e-02;7.147696e-03;1.564738e-02
2.537573e-03;6.159693e-03;1.517214e-01;8.633814e-03;2.506947e-02;1.519169e-02;1.699916e-01;4.763562e-01;9.386882e-02;1.553227e-02;3.321072e-03;3.161646e-02
3.740116e-03;6.685044e-03;1.836801e-01;1.702387e-02;9.184293e-03;1.405605e-02;1.322950e-01;4.152963e-01;1.563538e-01;1.892412e-02;6.284609e-03;3.647668e-02
1.143595e-02;8.400305e-03;1.447224e-01;3.490894e-02;1.923786e-02;2.554683e-02;1.458310e-01;3.278130e-01;2.102835e-01;2.645063e-02;1.239988e-02;3.296971e-02
2.162624e-02;1.483615e-02;8.438177e-02;4.952239e-02;3.280698e-02;3.441512e-02;2.135080e-01;2.339085e-01;2.146611e-01;4.458975e-02;2.633576e-02;2.940826e-02
2.325980e-02;2.114780e-02;9.557699e-02;4.749394e-02;5.104654e-02;4.614640e-02;2.351350e-01;1.404290e-01;2.027680e-01;6.245700e-02;4.107658e-02;3.346297e-02
2.481102e-02;3.305162e-02;1.401973e-01;3.221311e-02;6.540576e-02;4.015744e-02;1.208019e-01;1.999751e-01;1.838957e-01;7.836077e-02;5.421708e-02;2.691319e-02
5.481923e-03;1.424053e-02;1.950980e-01;1.457537e-02;4.301295e-02;2.640813e-02;1.588580e-01;3.132007e-01;1.694579e-01;3.166770e-02;1.542945e-02;1.256933e-02
4.280857e-02;4.770197e-02;9.663700e-02;7.226658e-02;9.848952e-02;7.230294e-02;1.567345e-01;1.252871e-01;1.580480e-01;5.167788e-02;4.778720e-02;3.025876e-02
1.050897e-01;7.420999e-02;7.398849e-02;6.734934e-02;6.465285e-02;3.884951e-02;6.413172e-02;7.662581e-02;9.491886e-02;1.090237e-01;1.290758e-01;1.020842e-01
1.053403e-01;4.733903e-02;8.782594e-02;7.572886e-02;3.791325e-02;2.628699e-02;5.179289e-02;5.991384e-02;1.744405e-01;1.445628e-01;1.179699e-01;7.088574e-02
7.624823e-02;3.040947e-02;1.191077e-01;6.977545e-02;1.717874e-02;1.899185e-02;4.903404e-02;1.000989e-01;2.221550e-01;1.271055e-01;7.804085e-02;9.185427e-02
4.538047e-02;2.097614e-02;1.965826e-01;5.233793e-02;6.743124e-03;1.441269e-02;5.760786e-02;1.792557e-01;1.832689e-01;8.338842e-02;3.350209e-02;1.265440e-01
1.934911e-02;1.299919e-02;3.068115e-01;2.032092e-02;3.948602e-03;8.060020e-03;7.483275e-02;2.703787e-01;7.816358e-02;4.530743e-02;9.100733e-03;1.507275e-01
6.570478e-03;5.790209e-03;3.824054e-01;6.499827e-03;2.652602e-03;5.024658e-03;9.776957e-02;3.129786e-01;1.360540e-02;2.810197e-02;5.878326e-03;1.327229e-01
5.665951e-03;1.588472e-02;3.794002e-01;8.510665e-03;6.253559e-03;7.820033e-03;1.491741e-01;2.903395e-01;1.636575e-02;1.774984e-02;5.874196e-03;9.696152e-02
7.991208e-03;4.664173e-02;3.038042e-01;5.534228e-03;9.325691e-03;1.494054e-02;2.596508e-01;2.563688e-01;2.424017e-02;1.395172e-02;8.288774e-03;4.926209e-02
1.816151e-02;7.353474e-02;1.942466e-01;1.030482e-02;1.465906e-02;3.604641e-02;3.622288e-01;2.074474e-01;2.978763e-02;1.563823e-02;1.668059e-02;2.126425e-02
3.493756e-02;8.415566e-02;1.151535e-01;1.882037e-02;3.372264e-02;6.145261e-02;3.737025e-01;1.623298e-01;3.612338e-02;2.140698e-02;2.802384e-02;3.017119e-02
4.992307e-02;6.828278e-02;7.797147e-02;2.441745e-02;6.532537e-02;9.469034e-02;2.885231e-01;1.793281e-01;4.766165e-02;3.250149e-02;2.265414e-02;4.872106e-02
3.949039e-02;2.659392e-02;2.009322e-01;3.344577e-02;6.108313e-02;6.621967e-02;1.806178e-01;1.867016e-01;6.879744e-02;2.473787e-02;1.698500e-02;9.439527e-02
2.278762e-02;4.190346e-02;2.894160e-01;3.041074e-02;2.377190e-02;4.181433e-02;1.752369e-01;1.817192e-01;3.919500e-02;1.728421e-02;1.337440e-02;1.230863e-01
4.560813e-02;8.826006e-02;2.192044e-01;4.606819e-02;3.490291e-02;3.982692e-02;1.812042e-01;1.111939e-01;4.690037e-02;4.237347e-02;1.874016e-02;1.257173e-01
8.256838e-02;1.130896e-01;1.435893e-01;6.240366e-02;4.590686e-02;5.297932e-02;1.107553e-01;1.146297e-01;6.409279e-02;6.718475e-02;3.692468e-02;1.058757e-01
8.895255e-02;1.273059e-01;1.152251e-01;6.426907e-02;3.190949e-02;5.761421e-02;6.383436e-02;9.180819e-02;1.214782e-01;9.896549e-02;4.774525e-02;9.089207e-02
4.588285e-02;1.202459e-01;1.522928e-01;6.980114e-02;4.245229e-02;6.141270e-02;7.554945e-02;8.387431e-02;1.170767e-01;1.001222e-01;4.085779e-02;9.043185e-02
4.079085e-02;9.759819e-02;1.792547e-01;1.041133e-01;6.683013e-02;6.041944e-02;6.611297e-02;1.144747e-01;6.049908e-02;7.659224e-02;4.691235e-02;8.640213e-02
4.302348e-02;6.642496e-02;1.835499e-01;1.237241e-01;6.417620e-02;5.889185e-02;6.388144e-02;1.229828e-01;6.095276e-02;1.042018e-01;4.884263e-02;5.934802e-02
5.917715e-02;5.171740e-02;1.508968e-01;9.461217e-02;6.327429e-02;3.943923e-02;5.644625e-02;1.130884e-01;1.074864e-01;1.506920e-01;4.015111e-02;7.301873e-02
4.904013e-02;4.108353e-02;1.535889e-01;9.485140e-02;9.443396e-02;6.074500e-02;7.954696e-02;8.890485e-02;7.433754e-02;1.312361e-01;5.000434e-02;8.222722e-02
4.581634e-02;8.584392e-02;1.043030e-01;9.170662e-02;1.317431e-01;7.461554e-02;8.951455e-02;5.104133e-02;7.071690e-02;1.414713e-01;5.115214e-02;6.207525e-02
5.286729e-02;9.481370e-02;8.206845e-02;7.316275e-02;1.239917e-01;9.075036e-02;8.708180e-02;4.612236e-02;1.157234e-01;1.358939e-01;4.400847e-02;5.351583e-02
3.832042e-02;6.991033e-02;6.671786e-02;9.698862e-02;9.200757e-02;1.178524e-01;9.045679e-02;7.105979e-02;1.230368e-01;1.347749e-01;5.759041e-02;4.128417e-02
3.385983e-02;3.920332e-02;9.973117e-02;6.397039e-02;1.058350e-01;1.192197e-01;5.938150e-02;1.013187e-01;8.706229e-02;1.973423e-01;5.470621e-02;3.836967e-02
2.736976e-02;5.588161e-02;1.169939e-01;4.256508e-02;1.151456e-01;1.153962e-01;6.094796e-02;1.104951e-01;1.189016e-01;1.501680e-01;5.637597e-02;2.975920e-02
4.519683e-02;7.950173e-02;8.938599e-02;4.761747e-02;1.145098e-01;8.826141e-02;9.841582e-02;8.283835e-02;1.158314e-01;1.444044e-01;4.258004e-02;5.145667e-02
4.539717e-02;9.713481e-02;8.813840e-02;3.883873e-02;1.271361e-01;4.866185e-02;1.061134e-01;7.380693e-02;8.312326e-02;1.568491e-01;4.505953e-02;8.974077e-02
6.882267e-02;9.183676e-02;9.206135e-02;3.248280e-02;1.107750e-01;5.872295e-02;1.519033e-01;9.415451e-02;6.046640e-02;9.569938e-02;3.562927e-02;1.074455e-01
7.929828e-02;8.181276e-02;7.703482e-02;4.687466e-02;6.327356e-02;7.327371e-02;1.974233e-01;1.241782e-01;8.111989e-02;5.630649e-02;2.726108e-02;9.214319e-02
5.934629e-02;7.186542e-02;7.996327e-02;6.076926e-02;3.914692e-02;6.494531e-02;1.921013e-01;1.557713e-01;1.173846e-01;4.502275e-02;3.646052e-02;7.722300e-02
3.671562e-02;5.256092e-02;1.127322e-01;6.333242e-02;7.041624e-02;3.617821e-02;1.720428e-01;1.476508e-01;1.269231e-01;5.884654e-02;5.981538e-02;6.278576e-02
5.097372e-02;4.966753e-02;1.282003e-01;5.169816e-02;7.765894e-02;5.487873e-02;1.399004e-01;1.965910e-01;7.509609e-02;1.123564e-01;2.674595e-02;3.623270e-02
1.662362e-01;7.751130e-02;1.072250e-01;3.877410e-02;5.444024e-02;4.993568e-02;1.713102e-01;5.332687e-02;6.370626e-02;9.160909e-02;6.619298e-02;5.973202e-02
1.191058e-01;5.887672e-02;9.243335e-02;2.166517e-02;3.866288e-02;4.716851e-02;3.210790e-01;6.642860e-02;5.118029e-02;9.091697e-02;5.104654e-02;4.143617e-02
6.216851e-02;3.492542e-02;6.859004e-02;1.219071e-02;2.170344e-02;3.251891e-02;4.309084e-01;1.245253e-01;5.116849e-02;1.054544e-01;2.937620e-02;2.647026e-02
2.804693e-02;1.091439e-02;5.926652e-02;1.329313e-02;1.759618e-02;5.808207e-02;4.394749e-01;1.788307e-01;5.064743e-02;1.069365e-01;1.576602e-02;2.114530e-02
1.429556e-02;1.019989e-02;4.377787e-02;3.565952e-02;1.194225e-02;1.102753e-01;3.358606e-01;1.926657e-01;8.423584e-02;1.300912e-01;1.204128e-02;1.895500e-02
1.688146e-02;1.411771e-02;3.328393e-02;7.780247e-02;9.687546e-03;1.362184e-01;2.337814e-01;1.613813e-01;1.508022e-01;1.349014e-01;1.832620e-02;1.281601e-02
1.851041e-02;1.607011e-02;4.697368e-02;9.641848e-02;3.016713e-02;9.255283e-02;2.891988e-01;1.230654e-01;1.607977e-01;8.940801e-02;2.382850e-02;1.300898e-02
2.102677e-02;2.702861e-02;1.173517e-01;7.901663e-02;5.827172e-02;5.469555e-02;3.278573e-01;9.999469e-02;1.196550e-01;5.334162e-02;2.279027e-02;1.897017e-02
3.938956e-02;3.657172e-02;1.766273e-01;7.728557e-02;6.690436e-02;6.120640e-02;2.753138e-01;7.092234e-02;9.701737e-02;4.722061e-02;2.638420e-02;2.515683e-02
6.660171e-02;5.773230e-02;2.078091e-01;8.157831e-02;8.362069e-02;7.974325e-02;1.208997e-01;8.334099e-02;8.987154e-02;5.301155e-02;3.921517e-02;3.657569e-02
6.160770e-02;8.111893e-02;1.504752e-01;7.473756e-02;7.606883e-02;8.276618e-02;1.120436e-01;9.978411e-02;9.378973e-02;8.639294e-02;3.726492e-02;4.395026e-02
4.454408e-02;9.215315e-02;1.024252e-01;4.959885e-02;8.335824e-02;9.189215e-02;9.667163e-02;9.354054e-02;1.094806e-01;1.070562e-01;5.206685e-02;7.721239e-02
5.102366e-02;8.416644e-02;1.558502e-01;6.190492e-02;7.597154e-02;8.555478e-02;8.464708e-02;9.558588e-02;8.207597e-02;8.472162e-02;6.810251e-02;7.039541e-02
6.147239e-02;9.212747e-02;1.775114e-01;8.673459e-02;7.639590e-02;8.857131e-02;1.095497e-01;8.095870e-02;9.259865e-02;5.199858e-02;4.921929e-02;3.286199e-02
7.853658e-02;7.999515e-02;1.508549e-01;7.831176e-02;6.632616e-02;6.597329e-02;1.200158e-01;9.193202e-02;9.542809e-02;7.012512e-02;5.163601e-02;5.086512e-02
7.303463e-02;4.833285e-02;1.036696e-01;5.315759e-02;8.255696e-02;4.411633e-02;8.516616e-02;6.318520e-02;1.156446e-01;1.439728e-01;1.385391e-01;4.862413e-02
5.635978e-02;4.853738e-02;6.582055e-02;3.716817e-02;8.887356e-02;6.779299e-02;5.301355e-02;3.653895e-02;1.156126e-01;1.720824e-01;2.222302e-01;3.596989e-02
3.507940e-02;3.647558e-02;7.592873e-02;1.725417e-02;7.584599e-02;1.160661e-01;2.925529e-02;1.543540e-02;8.354598e-02;1.295822e-01;3.234659e-01;6.206517e-02
3.415445e-02;2.130698e-02;1.170255e-01;1.554018e-02;3.498152e-02;1.705498e-01;2.213453e-02;1.200730e-02;4.653365e-02;6.423126e-02;4.019306e-01;5.960415e-02
1.650281e-02;3.934953e-02;1.052164e-01;2.719225e-02;4.854020e-02;1.491363e-01;6.163474e-02;4.314194e-02;6.974744e-02;1.220473e-01;2.953478e-01;2.214336e-02
4.260599e-02;8.496989e-02;8.097950e-02;5.174205e-02;7.371204e-02;8.803923e-02;1.510871e-01;7.561816e-02;9.849616e-02;1.152874e-01;1.222129e-01;1.524954e-02
9.646898e-02;9.872551e-02;7.154009e-02;7.720459e-02;5.928301e-02;1.028647e-01;2.299163e-01;6.807045e-02;7.123100e-02;6.463359e-02;4.658141e-02;1.348035e-02
1.732540e-01;6.020440e-02;4.001744e-02;1.100584e-01;4.225460e-02;2.001816e-01;2.333931e-01;3.306719e-02;2.779925e-02;4.514884e-02;2.142419e-02;1.319694e-02
2.031869e-01;2.335016e-02;2.778167e-02;1.082277e-01;5.951312e-02;2.880387e-01;1.811235e-01;2.024429e-02;1.300529e-02;4.096466e-02;1.701653e-02;1.754742e-02
1.637584e-01;1.127404e-02;8.205219e-02;7.787779e-02;1.450495e-01;2.745350e-01;1.377139e-01;1.937692e-02;2.034193e-02;2.759836e-02;9.309473e-03;3.111251e-02
8.574741e-02;1.083920e-02;1.781895e-01;7.745376e-02;2.642622e-01;1.640098e-01;1.054475e-01;1.143360e-02;3.571445e-02;1.471315e-02;4.491250e-03;4.769817e-02
3.655339e-02;1.322191e-02;2.675161e-01;9.390638e-02;2.906315e-01;9.633369e-02;9.288270e-02;1.086868e-02;3.531360e-02;9.566458e-03;7.931335e-03;4.527419e-02
2.462463e-02;1.473207e-02;3.260716e-01;7.567323e-02;2.712853e-01;1.074448e-01;9.260312e-02;1.152237e-02;2.005002e-02;9.902894e-03;1.072075e-02;3.536936e-02
2.258085e-02;8.584517e-03;3.703941e-01;4.282978e-02;2.838826e-01;9.699883e-02;8.008792e-02;8.679758e-03;2.673578e-02;8.301114e-03;6.368283e-03;4.455654e-02
1.705377e-02;8.895082e-03;3.261147e-01;2.506174e-02;2.791538e-01;9.737495e-02;1.102839e-01;9.149575e-03;3.663898e-02;7.471123e-03;1.599441e-02;6.680802e-02
1.859173e-02;8.451163e-03;2.710847e-01;3.867545e-02;2.861090e-01;8.086600e-02;9.455100e-02;2.467173e-02;4.716383e-02;1.075130e-02;3.613288e-02;8.295115e-02
2.649325e-02;2.390303e-02;2.641163e-01;4.961394e-02;2.292382e-01;6.118705e-02;1.333039e-01;4.308391e-02;3.467896e-02;2.199164e-02;4.964862e-02;6.274124e-02
4.377518e-02;4.127358e-02;2.995777e-01;4.748210e-02;1.465721e-01;5.088680e-02;1.729471e-01;4.867856e-02;2.486371e-02;3.632711e-02;4.753328e-02;4.008285e-02
6.635441e-02;4.120929e-02;4.129416e-01;3.576224e-02;9.233695e-02;5.322364e-02;1.092329e-01;3.436794e-02;3.842124e-02;3.820504e-02;3.523462e-02;4.271013e-02
3.505109e-02;2.667826e-02;4.056951e-01;3.722057e-02;1.471582e-01;5.118719e-02;6.535587e-02;5.318577e-02;4.905174e-02;2.782546e-02;4.213111e-02;5.945962e-02
6.743353e-02;3.975023e-02;2.257952e-01;4.403300e-02;1.424866e-01;6.744128e-02;6.933800e-02;7.342471e-02;8.902317e-02;8.130771e-02;5.400072e-02;4.596590e-02
9.149849e-02;5.652883e-02;6.070429e-02;5.116279e-02;9.303344e-02;5.287877e-02;2.009753e-01;8.932001e-02;6.849834e-02;1.065957e-01;5.838638e-02;7.041763e-02
1.140872e-01;3.628163e-02;3.989415e-02;3.314440e-02;8.881926e-02;1.085197e-01;2.988842e-01;6.140162e-02;3.747538e-02;9.213140e-02;3.807646e-02;5.128463e-02
1.388977e-01;2.453600e-02;3.211923e-02;2.545653e-02;9.240263e-02;1.785525e-01;3.001036e-01;5.730554e-02;2.399246e-02;7.398922e-02;2.227623e-02;3.036834e-02
1.723477e-01;1.185001e-02;2.366055e-02;2.428597e-02;9.623697e-02;2.524351e-01;2.542202e-01;4.212801e-02;1.666767e-02;6.493064e-02;1.290991e-02;2.832720e-02
1.973349e-01;1.062355e-02;3.062472e-02;1.775853e-02;1.033170e-01;2.936210e-01;1.756809e-01;4.470812e-02;2.004979e-02;4.948058e-02;1.071356e-02;4.608729e-02
1.770454e-01;1.040229e-02;5.857112e-02;1.267267e-02;1.541633e-01;2.446045e-01;1.096324e-01;3.612280e-02;4.553804e-02;2.834894e-02;1.425349e-02;1.086451e-01
1.032272e-01;1.144943e-02;7.680066e-02;1.999223e-02;2.102828e-01;1.630058e-01;9.153719e-02;2.651771e-02;7.785092e-02;1.685017e-02;1.188018e-02;1.906057e-01
6.780822e-02;1.864018e-02;9.408294e-02;4.588933e-02;2.004639e-01;9.776736e-02;8.548391e-02;2.346972e-02;8.014039e-02;1.599671e-02;3.157358e-02;2.386838e-01
6.249124e-02;2.956995e-02;1.064020e-01;7.124931e-02;1.519879e-01;7.081135e-02;1.039811e-01;2.921992e-02;7.263780e-02;2.998697e-02;7.062028e-02;2.010422e-01
4.961926e-02;4.238702e-02;8.024491e-02;1.173374e-01;1.057198e-01;5.545428e-02;1.007854e-01;5.653324e-02;5.626171e-02;4.433090e-02;1.338050e-01;1.575210e-01
2.968747e-02;3.857380e-02;9.891662e-02;1.097387e-01;1.543868e-01;8.721850e-02;6.246637e-02;4.966415e-02;4.791955e-02;3.416912e-02;1.259834e-01;1.612756e-01
3.210467e-02;2.570578e-02;9.314658e-02;1.020122e-01;1.853428e-01;7.185730e-02;5.233452e-02;5.351228e-02;5.218672e-02;2.267179e-02;1.003219e-01;2.088034e-01
1.713613e-02;2.765019e-02;1.462720e-01;1.114891e-01;1.559232e-01;3.154336e-02;6.300376e-02;9.116290e-02;3.499926e-02;1.291682e-02;1.041059e-01;2.037974e-01
1.969872e-02;3.367468e-02;2.839946e-01;9.593668e-02;8.789023e-02;3.871382e-02;9.089550e-02;9.942632e-02;2.268886e-02;1.853481e-02;8.664331e-02;1.219025e-01
1.748996e-02;2.084687e-02;4.934406e-01;8.854503e-02;8.048005e-02;5.118012e-02;5.931494e-02;4.833003e-02;2.623058e-02;1.903044e-02;5.542393e-02;3.968742e-02
1.574938e-02;9.292300e-03;6.120758e-01;8.429148e-02;7.564495e-02;4.002159e-02;4.910320e-02;3.148533e-02;2.777227e-02;2.044633e-02;2.138004e-02;1.273727e-02
2.937029e-02;1.865850e-02;4.073625e-01;1.024477e-01;7.952798e-02;3.681513e-02;6.912709e-02;2.780216e-02;2.837941e-02;4.464902e-02;8.642333e-02;6.943683e-02
3.168109e-02;2.159461e-02;1.546184e-01;1.460911e-01;7.484495e-02;4.228583e-02;7.204053e-02;6.260472e-02;3.186487e-02;5.209105e-02;1.709107e-01;1.393722e-01
3.069563e-02;2.045455e-02;8.644024e-02;1.758252e-01;1.081479e-01;3.163372e-02;4.199012e-02;7.744117e-02;2.277402e-02;3.697914e-02;1.957577e-01;1.718606e-01
1.863300e-02;2.419364e-02;6.060791e-02;2.038988e-01;1.741326e-01;2.013958e-02;1.475526e-02;9.117857e-02;1.520862e-02;1.704931e-02;2.017845e-01;1.584183e-01
6.615337e-03;2.600195e-02;6.028399e-02;2.295236e-01;2.199029e-01;1.687121e-02;1.211687e-02;1.003098e-01;2.540591e-02;1.673851e-02;2.036921e-01;8.253791e-02
1.320649e-02;2.677435e-02;1.232061e-01;2.255236e-01;1.657770e-01;2.373905e-02;1.120022e-02;9.800775e-02;5.332139e-02;4.117020e-02;1.843652e-01;3.370873e-02
2.268797e-02;3.263046e-02;2.020866e-01;1.701072e-01;1.109729e-01;3.066645e-02;4.688883e-02;7.589687e-02;6.426868e-02;6.689926e-02;1.360962e-01;4.079869e-02
3.959935e-02;3.965364e-02;2.333750e-01;7.695252e-02;1.045901e-01;4.598982e-02;8.201824e-02;8.323019e-02;6.665400e-02;8.704372e-02;8.432247e-02;5.657106e-02
4.790578e-02;1.819957e-02;1.485057e-01;1.124466e-01;9.142357e-02;5.546846e-02;8.468173e-02;1.717526e-01;8.949135e-02;4.836819e-02;6.369267e-02;6.806380e-02
7.707459e-02;6.263448e-02;1.369899e-01;8.005263e-02;7.519132e-02;5.410650e-02;8.029813e-02;1.326645e-01;8.023234e-02;7.784700e-02;8.365830e-02;5.925029e-02
8.044986e-02;8.842926e-02;6.652849e-02;5.596397e-02;7.586538e-02;5.609801e-02;6.453814e-02;7.167195e-02;1.098195e-01;1.313748e-01;1.248244e-01;7.443629e-02
9.588513e-02;9.659620e-02;5.482179e-02;5.517256e-02;7.957811e-02;6.675751e-02;7.034685e-02;5.951386e-02;8.782905e-02;1.276661e-01;1.144679e-01;9.136491e-02
1.464819e-01;8.565914e-02;1.043474e-01;7.154703e-02;8.720288e-02;5.908652e-02;8.989257e-02;5.770795e-02;6.234507e-02;9.987597e-02;7.526282e-02;6.059075e-02
1.520419e-01;7.501162e-02;1.364088e-01;8.045313e-02;9.797387e-02;6.792553e-02;1.079255e-01;7.266299e-02;4.358718e-02;6.324913e-02;4.408603e-02;5.867424e-02
1.361540e-01;7.258184e-02;1.097850e-01;7.861277e-02;1.171785e-01;6.878334e-02;8.683968e-02;7.129201e-02;5.233676e-02;5.126848e-02;5.021455e-02;1.049531e-01
8.690108e-02;4.805874e-02;8.845431e-02;7.038227e-02;1.602908e-01;6.309006e-02;8.687339e-02;5.193330e-02;4.684217e-02;4.261809e-02;5.053773e-02;2.040181e-01
4.939141e-02;2.954867e-02;9.901858e-02;6.870952e-02;1.920418e-01;6.302119e-02;2.955331e-02;3.251153e-02;3.631744e-02;2.898046e-02;5.453099e-02;3.163751e-01
6.126613e-02;2.761475e-02;1.037162e-01;6.357592e-02;1.553809e-01;7.882311e-02;7.971818e-02;2.412547e-02;4.552957e-02;1.958598e-02;6.277569e-02;2.778882e-01
6.845056e-02;2.939780e-02;1.613781e-01;5.898830e-02;1.104378e-01;7.616498e-02;1.132568e-01;3.717879e-02;4.871384e-02;2.742224e-02;7.628406e-02;1.923267e-01
6.644054e-02;3.212189e-02;3.107674e-01;5.262625e-02;8.465819e-02;5.753602e-02;1.039382e-01;4.321768e-02;4.021551e-02;3.353985e-02;6.628305e-02;1.086554e-01
2.765753e-02;2.270093e-02;5.491697e-01;6.852590e-02;7.594042e-02;1.879421e-02;6.877385e-02;3.406863e-02;2.528500e-02;3.507044e-02;2.010152e-02;5.391191e-02
2.129758e-02;1.137398e-02;5.350991e-01;9.768603e-02;1.091650e-01;4.044501e-02;3.294687e-02;3.273137e-02;2.100434e-02;2.098017e-02;3.272234e-02;4.454819e-02
1.970428e-02;2.243744e-02;4.779215e-01;1.112442e-01;1.548230e-01;5.830794e-02;2.714491e-02;3.754381e-02;1.707770e-02;1.318762e-02;3.580759e-02;2.479997e-02
3.068361e-02;3.495562e-02;3.024751e-01;1.020776e-01;2.119397e-01;7.462898e-02;8.618734e-02;3.236253e-02;2.353188e-02;2.413015e-02;2.502563e-02;5.200193e-02
3.185422e-02;2.695151e-02;1.748521e-01;7.974215e-02;2.301752e-01;9.567329e-02;1.769982e-01;2.734125e-02;3.631900e-02;2.650578e-02;2.739165e-02;6.619567e-02
2.039986e-02;1.286065e-02;2.340233e-01;7.524419e-02;2.400009e-01;9.822706e-02;1.755190e-01;2.152762e-02;4.010880e-02;1.782017e-02;1.215274e-02;5.211576e-02
1.113152e-02;8.941445e-03;3.462635e-01;9.498838e-02;2.397331e-01;8.261163e-02;9.074051e-02;1.931817e-02;3.533976e-02;1.194856e-02;2.626647e-02;3.271703e-02
1.042895e-02;1.163710e-02;4.297938e-01;1.104170e-01;2.044660e-01;6.106732e-02;3.457035e-02;3.650082e-02;2.436819e-02;1.596229e-02;4.327769e-02;1.751051e-02
1.305318e-02;7.247379e-03;4.563630e-01;1.163262e-01;1.862002e-01;5.198026e-02;2.564894e-02;4.901908e-02;2.485313e-02;1.442456e-02;4.411578e-02;1.076832e-02
1.056974e-02;7.122485e-03;4.207331e-01;1.254336e-01;1.820703e-01;5.655560e-02;2.173090e-02;6.439073e-02;2.795059e-02;1.432772e-02;5.535858e-02;1.375664e-02
7.015453e-03;1.000072e-02;3.502426e-01;1.459413e-01;1.639597e-01;7.070392e-02;4.053127e-02;5.811528e-02;2.177784e-02;1.848806e-02;9.391666e-02;1.930724e-02
1.235736e-02;1.595577e-02;3.099193e-01;1.617539e-01;1.348704e-01;7.265968e-02;6.535296e-02;2.580805e-02;2.735977e-02;2.522723e-02;1.304995e-01;1.823620e-02
1.433355e-02;1.276268e-02;3.347026e-01;1.435334e-01;1.246719e-01;4.775409e-02;6.439308e-02;1.301230e-02;3.490758e-02;6.096976e-02;1.327187e-01;1.624050e-02
1.598966e-02;3.980517e-02;3.977611e-01;9.386510e-02;1.133084e-01;2.740514e-02;5.255380e-02;1.016726e-02;4.202526e-02;1.023088e-01;8.686357e-02;1.794674e-02
1.716295e-02;1.269192e-01;3.710316e-01;5.726164e-02;7.885441e-02;5.508612e-02;3.031232e-02;1.309024e-02;7.317427e-02;9.610192e-02;4.119746e-02;3.980787e-02
5.024577e-02;2.208823e-01;2.407499e-01;6.049638e-02;4.118783e-02;9.788004e-02;1.047955e-02;2.173205e-02;1.149410e-01;5.261027e-02;3.895109e-02;4.984388e-02
1.361280e-01;2.019756e-01;1.092770e-01;4.770143e-02;8.791628e-02;9.694716e-02;7.383424e-03;6.015049e-02;1.005128e-01;2.616677e-02;9.656111e-02;2.927998e-02
2.455097e-01;8.756436e-02;5.811906e-02;2.071613e-02;1.929749e-01;4.480720e-02;1.262976e-02;1.337526e-01;3.716339e-02;2.237517e-02;1.304609e-01;1.392682e-02
2.930920e-01;2.876979e-02;4.685909e-02;6.907605e-03;2.506073e-01;1.628385e-02;1.471806e-02;1.933123e-01;1.657857e-02;1.383224e-02;9.976380e-02;1.927538e-02
2.914600e-01;2.266905e-02;3.756029e-02;5.161163e-03;2.761366e-01;6.162603e-03;1.409774e-02;2.178797e-01;1.371212e-02;8.545865e-03;8.758582e-02;1.902909e-02
2.458151e-01;3.465710e-02;3.008930e-02;7.676310e-03;2.970689e-01;6.207906e-03;1.365124e-02;1.804153e-01;1.890891e-02;9.753061e-03;1.425835e-01;1.317334e-02
2.030507e-01;5.239811e-02;2.960022e-02;5.659018e-03;3.236735e-01;9.747597e-03;1.830564e-02;1.225413e-01;3.147427e-02;1.190164e-02;1.831757e-01;8.472251e-03
1.712812e-01;8.044756e-02;4.120971e-02;7.441737e-03;3.239744e-01;1.998340e-02;2.435750e-02;8.713336e-02;6.089531e-02;1.822500e-02;1.541131e-01;1.093776e-02
1.953632e-01;1.052876e-01;5.355316e-02;9.189173e-03;2.759227e-01;1.923433e-02;2.036006e-02;6.582057e-02;9.673765e-02;1.609567e-02;1.247668e-01;1.766909e-02
