2.852342e-02;6.086136e-02;6.657935e-02;7.640627e-03;3.537532e-02;1.794092e-01;6.135067e-02;7.254367e-02;1.226187e-01;6.774160e-02;2.308613e-01;6.649478e-02
1.552036e-02;5.118392e-02;5.138894e-02;1.060084e-02;6.303729e-02;1.330276e-01;9.230620e-02;7.407493e-02;1.526820e-01;8.551764e-02;2.225712e-01;4.808901e-02
8.370392e-03;4.405031e-02;2.442287e-02;2.960345e-02;1.431468e-01;7.885396e-02;7.878586e-02;1.225101e-01;2.053888e-01;1.106670e-01;1.387955e-01;1.540495e-02
1.001236e-02;4.775206e-02;3.636952e-02;6.294393e-02;1.812558e-01;5.741325e-02;4.167634e-02;1.550392e-01;2.158734e-01;1.236411e-01;5.828302e-02;9.740048e-03
1.562904e-02;4.932590e-02;5.023267e-02;8.153290e-02;1.500370e-01;4.777439e-02;3.629732e-02;1.984085e-01;2.112410e-01;1.049296e-01;4.355549e-02;1.103618e-02
1.645353e-02;4.588366e-02;5.627321e-02;9.034076e-02;9.972328e-02;7.692643e-02;6.535450e-02;1.941434e-01;2.044779e-01;8.357544e-02;5.430137e-02;1.254656e-02
1.953750e-02;3.784090e-02;5.585308e-02;6.849433e-02;1.105649e-01;1.418267e-01;8.700640e-02;1.162445e-01;2.004616e-01;7.744393e-02;6.031109e-02;2.441506e-02
1.930808e-02;4.351761e-02;3.245479e-02;5.959344e-02;1.704379e-01;1.171105e-01;1.381738e-01;1.195943e-01;1.480357e-01;6.020045e-02;4.774375e-02;4.382964e-02
2.710108e-02;6.251597e-02;2.270521e-02;8.625096e-02;1.367107e-01;1.293099e-01;1.891967e-01;1.177872e-01;9.589403e-02;6.506087e-02;1.976706e-02;4.770030e-02
5.198715e-02;1.016430e-01;4.644443e-02;6.760456e-02;6.588008e-02;1.592365e-01;1.410269e-01;1.571235e-01;8.901712e-02;6.905101e-02;1.133064e-02;3.965514e-02
6.700827e-02;1.664497e-01;8.245900e-02;3.123204e-02;6.573715e-02;1.010050e-01;1.109333e-01;2.242339e-01;7.202041e-02;4.217136e-02;1.391441e-02;2.283541e-02
5.709658e-02;2.504418e-01;1.279020e-01;2.308144e-02;6.180773e-02;4.928925e-02;1.036682e-01;1.780269e-01;1.049994e-01;2.062235e-02;1.087208e-02;1.219225e-02
3.170318e-02;2.614511e-01;2.020371e-01;1.956488e-02;3.637270e-02;7.421712e-02;5.713689e-02;1.140264e-01;1.319348e-01;5.513813e-02;8.570095e-03;7.847610e-03
1.801098e-02;1.977334e-01;2.807189e-01;2.783162e-02;4.563729e-02;5.971286e-02;3.843955e-02;9.448500e-02;1.057744e-01;1.012596e-01;2.191735e-02;8.479083e-03
1.215093e-02;1.172059e-01;2.929173e-01;4.601865e-02;4.504277e-02;9.047130e-02;4.598927e-02;7.433214e-02;8.550452e-02;1.069299e-01;7.199781e-02;1.143946e-02
8.147485e-03;6.483466e-02;2.068759e-01;5.139768e-02;3.549163e-02;2.157611e-01;3.506946e-02;1.223584e-01;6.314447e-02;5.647029e-02;1.183617e-01;2.208717e-02
8.370857e-03;3.546478e-02;1.544662e-01;3.584055e-02;5.507724e-02;3.425688e-01;5.309810e-02;1.092723e-01;4.975305e-02;2.140866e-02;1.001191e-01;3.456039e-02
1.515952e-02;3.673973e-02;1.311629e-01;2.310026e-02;4.802199e-02;4.584431e-01;6.304359e-02;6.885284e-02;5.185214e-02;1.602905e-02;4.687284e-02;4.072207e-02
2.173041e-02;3.975938e-02;1.017979e-01;2.414309e-02;4.890262e-02;5.168492e-01;4.871942e-02;7.585206e-02;3.782829e-02;1.974902e-02;2.516217e-02;3.950652e-02
2.657174e-02;6.890817e-02;5.239509e-02;3.198768e-02;5.934615e-02;5.281289e-01;2.942155e-02;9.679855e-02;3.423744e-02;2.163277e-02;2.379665e-02;2.677524e-02
2.881501e-02;1.367081e-01;1.169861e-01;3.453419e-02;5.193553e-02;3.565150e-01;2.206207e-02;1.331012e-01;5.963139e-02;2.290326e-02;1.867798e-02;1.813012e-02
3.343214e-02;2.263412e-01;2.270825e-01;3.466948e-02;5.832730e-02;1.320397e-01;2.942745e-02;1.077828e-01;7.906861e-02;2.686751e-02;1.437613e-02;3.058521e-02
3.452701e-02;2.031536e-01;1.786877e-01;3.994481e-02;7.379591e-02;1.278170e-01;4.038594e-02;1.127070e-01;7.988609e-02;4.718552e-02;2.907428e-02;3.283517e-02
2.378454e-02;1.401243e-01;1.379640e-01;2.558001e-02;5.921776e-02;2.836679e-01;4.143779e-02;1.108938e-01;7.813543e-02;4.398262e-02;2.771087e-02;2.750109e-02
1.983599e-02;1.302381e-01;1.940674e-01;3.147801e-02;3.059757e-02;2.893879e-01;2.401699e-02;8.800710e-02;8.708439e-02;4.590642e-02;3.970613e-02;1.967395e-02
4.747086e-02;1.093799e-01;1.778228e-01;4.148381e-02;3.045730e-02;1.570240e-01;3.931420e-02;1.229651e-01;1.040901e-01;5.805721e-02;8.030624e-02;3.162841e-02
1.032044e-01;1.216458e-01;1.239660e-01;2.719790e-02;2.463934e-02;2.154789e-01;4.165341e-02;1.405404e-01;8.863791e-02;4.488141e-02;4.892220e-02;1.923230e-02
1.454987e-01;1.335648e-01;1.073621e-01;2.388640e-02;1.688511e-02;2.131886e-01;3.227728e-02;1.002452e-01;7.404286e-02;7.660907e-02;5.773445e-02;1.870541e-02
1.670729e-01;1.400448e-01;1.084490e-01;3.351511e-02;1.265513e-02;1.681534e-01;6.869166e-02;8.137278e-02;5.260201e-02;6.524221e-02;7.187156e-02;3.032950e-02
1.185213e-01;2.014810e-01;2.096756e-01;2.852711e-02;1.741608e-02;1.196422e-01;6.574568e-02;1.004634e-01;2.503136e-02;2.454770e-02;5.114740e-02;3.780120e-02
1.071172e-01;2.497427e-01;2.263271e-01;3.828418e-02;4.591875e-02;7.046060e-02;1.252477e-02;1.536025e-01;3.509542e-02;1.372583e-02;2.433234e-02;2.286866e-02
1.075290e-01;1.772135e-01;1.347594e-01;5.667034e-02;7.344858e-02;6.394345e-02;9.100977e-02;2.188823e-01;3.059645e-02;7.019064e-03;9.650623e-03;2.927758e-02
7.940393e-02;7.416396e-02;5.166212e-02;7.803004e-02;6.758752e-02;6.205510e-02;2.322917e-01;2.512627e-01;2.026977e-02;1.078544e-02;9.240548e-03;6.324720e-02
3.757542e-02;2.633616e-02;3.119360e-02;8.020402e-02;3.874494e-02;8.179709e-02;3.499365e-01;1.891275e-01;4.323493e-02;1.600329e-02;3.851317e-02;6.733336e-02
1.987451e-02;1.740935e-02;6.005350e-02;5.261933e-02;2.846383e-02;1.800141e-01;2.885282e-01;1.038660e-01;6.881551e-02;2.632615e-02;1.082146e-01;4.581495e-02
1.787803e-02;3.293705e-02;6.266465e-02;3.662788e-02;4.645065e-02;2.455778e-01;1.352134e-01;8.855794e-02;6.865466e-02;7.196340e-02;1.542847e-01;3.918981e-02
1.111146e-02;7.153264e-02;3.532353e-02;4.054294e-02;1.058675e-01;1.949391e-01;2.307090e-02;9.705210e-02;4.761824e-02;1.864281e-01;1.214913e-01;6.502225e-02
1.074834e-02;8.069543e-02;1.754983e-02;3.513967e-02;1.576080e-01;8.731038e-02;1.523582e-02;8.788300e-02;4.544389e-02;2.876226e-01;5.199643e-02;1.227665e-01
1.057403e-02;5.912103e-02;2.654643e-02;3.915695e-02;1.715222e-01;4.563997e-02;1.155080e-02;5.054543e-02;5.909856e-02;3.246599e-01;2.772676e-02;1.738579e-01
1.937306e-02;4.521030e-02;3.928878e-02;6.635357e-02;1.630353e-01;8.214013e-02;3.825966e-02;3.334828e-02;7.676207e-02;2.504431e-01;1.472147e-02;1.710644e-01
3.490587e-02;3.575066e-02;7.945851e-02;1.227551e-01;1.515756e-01;1.074306e-01;7.369291e-02;4.001546e-02;9.283427e-02;1.318207e-01;2.528521e-02;1.044751e-01
3.679179e-02;4.064489e-02;1.355803e-01;1.705851e-01;1.364516e-01;1.052496e-01;8.365611e-02;4.184595e-02;9.163599e-02;9.784457e-02;2.784182e-02;3.187232e-02
4.650730e-02;8.166120e-02;1.726777e-01;1.668347e-01;1.229081e-01;8.557042e-02;7.210137e-02;6.292171e-02;7.791362e-02;7.139927e-02;8.821412e-03;3.068311e-02
5.356035e-02;1.016274e-01;1.476364e-01;1.443743e-01;1.004992e-01;1.037479e-01;7.518165e-02;7.626639e-02;7.111764e-02;7.057638e-02;2.347930e-02;3.193302e-02
5.470518e-02;8.533575e-02;9.175996e-02;1.387570e-01;9.189319e-02;1.254351e-01;9.515281e-02;6.652416e-02;6.467812e-02;1.122969e-01;3.189345e-02;4.156844e-02
2.719033e-02;7.146041e-02;8.661592e-02;9.813288e-02;1.050182e-01;1.375343e-01;7.432602e-02;1.156401e-01;1.012787e-01;1.027510e-01;3.487438e-02;4.517782e-02
1.521827e-02;5.826398e-02;8.627956e-02;5.259372e-02;1.502113e-01;1.819022e-01;3.931093e-02;1.251388e-01;1.396062e-01;8.728633e-02;3.569838e-02;2.849037e-02
9.372856e-03;4.309364e-02;6.586640e-02;2.611708e-02;2.077196e-01;1.564082e-01;7.616001e-02;1.075008e-01;1.502990e-01;1.022843e-01;3.425656e-02;2.092163e-02
1.560656e-02;3.632708e-02;4.129509e-02;2.857542e-02;1.988501e-01;9.674791e-02;9.990552e-02;1.122204e-01;1.782979e-01;1.436251e-01;3.195054e-02;1.659837e-02
1.647701e-02;3.314923e-02;4.510364e-02;3.590312e-02;1.245729e-01;1.744233e-01;1.057400e-01;9.127656e-02;1.507062e-01;1.589283e-01;4.142934e-02;2.229034e-02
1.047283e-02;3.265104e-02;3.526179e-02;3.693190e-02;6.305311e-02;2.536072e-01;9.851737e-02;8.348055e-02;1.078050e-01;1.728863e-01;6.866836e-02;3.666455e-02
2.104183e-02;4.411826e-02;3.785170e-02;2.934553e-02;2.462640e-02;2.029961e-01;1.198480e-01;1.710728e-01;8.531781e-02;1.422260e-01;6.332450e-02;5.823112e-02
4.347981e-02;3.667769e-02;3.858518e-02;2.860945e-02;2.631212e-02;1.075871e-01;2.163015e-01;1.935153e-01;1.134448e-01;1.000783e-01;4.554135e-02;4.986742e-02
5.431222e-02;6.004153e-02;3.113022e-02;2.731483e-02;2.747803e-02;9.370739e-02;1.601419e-01;2.682519e-01;1.413964e-01;7.987463e-02;1.751616e-02;3.883478e-02
5.749162e-02;1.281966e-01;5.107617e-02;3.684909e-02;5.165302e-02;6.840676e-02;1.096854e-01;2.384721e-01;1.245374e-01;8.692083e-02;1.383097e-02;3.288011e-02
4.256020e-02;1.633678e-01;1.000497e-01;5.418558e-02;6.351481e-02;6.188429e-02;1.013340e-01;1.317753e-01;1.208105e-01;1.141321e-01;2.551821e-02;2.086744e-02
2.026945e-02;1.250957e-01;1.656576e-01;6.046617e-02;7.908700e-02;1.011948e-01;7.879909e-02;7.796768e-02;9.309841e-02;1.262397e-01;5.196494e-02;2.015940e-02
1.051524e-02;7.512801e-02;1.494000e-01;4.503959e-02;8.678522e-02;1.490337e-01;6.283966e-02;8.725306e-02;8.587313e-02;1.250228e-01;1.002434e-01;2.286624e-02
1.213956e-02;3.879141e-02;1.126614e-01;4.045483e-02;7.767338e-02;1.890283e-01;6.613401e-02;1.051329e-01;7.417277e-02;1.027561e-01;1.417691e-01;3.928626e-02
1.363987e-02;4.210146e-02;1.118945e-01;4.023049e-02;5.148100e-02;3.052605e-01;5.062624e-02;8.186255e-02;5.074039e-02;7.417352e-02;1.367090e-01;4.128051e-02
1.061234e-02;6.270582e-02;1.352152e-01;5.060015e-02;3.525991e-02;3.320128e-01;4.502068e-02;1.117548e-01;7.403988e-02;2.987641e-02;9.240096e-02;2.050111e-02
1.908582e-02;6.610842e-02;1.055380e-01;7.388276e-02;6.658225e-02;2.648539e-01;6.571177e-02;1.043783e-01;9.115268e-02;5.234916e-02;7.810383e-02;1.225309e-02
2.309479e-02;5.231424e-02;5.996537e-02;1.127506e-01;1.316652e-01;1.639050e-01;8.682845e-02;9.264633e-02;7.053363e-02;9.928479e-02;8.521961e-02;2.179196e-02
1.916702e-02;6.132985e-02;4.491351e-02;1.228424e-01;1.587246e-01;2.045623e-01;8.453817e-02;8.352755e-02;6.542543e-02;1.007606e-01;4.111956e-02;1.308899e-02
1.487751e-02;7.683387e-02;7.651226e-02;1.114082e-01;1.692811e-01;2.234687e-01;4.065989e-02;7.901069e-02;6.320730e-02;9.432123e-02;3.839501e-02;1.202430e-02
1.471606e-02;6.942227e-02;7.103698e-02;9.565409e-02;1.634778e-01;2.058860e-01;2.717157e-02;9.863044e-02;5.482189e-02;7.295366e-02;1.058521e-01;2.037718e-02
2.299589e-02;4.795518e-02;8.809528e-02;1.078284e-01;1.196158e-01;1.686293e-01;6.273220e-02;1.432970e-01;3.758210e-02;5.416551e-02;1.061781e-01;4.092513e-02
2.539296e-02;7.730410e-02;1.466526e-01;9.629450e-02;8.971109e-02;1.885433e-01;6.903977e-02;1.311127e-01;3.335806e-02;5.969426e-02;5.594505e-02;2.695155e-02
1.659073e-02;1.040977e-01;1.831802e-01;1.298518e-01;7.355558e-02;1.652486e-01;6.499171e-02;1.192665e-01;4.398625e-02;5.622322e-02;3.441757e-02;8.590175e-03
2.688835e-02;1.831323e-01;1.837894e-01;1.375214e-01;5.109260e-02;1.055707e-01;6.928667e-02;9.930428e-02;5.519367e-02;6.280474e-02;1.959808e-02;5.817709e-03
4.841397e-02;2.118889e-01;1.523336e-01;1.072573e-01;8.132228e-02;6.104514e-02;7.463495e-02;1.331763e-01;5.236036e-02;4.969332e-02;1.449662e-02;1.337723e-02
6.615216e-02;1.710452e-01;1.132287e-01;9.918854e-02;9.642849e-02;5.578271e-02;9.148586e-02;1.784780e-01;5.122421e-02;3.288651e-02;1.816627e-02;2.593332e-02
6.408203e-02;1.391256e-01;7.772546e-02;1.887057e-01;5.208212e-02;6.408125e-02;1.111078e-01;1.460251e-01;5.033719e-02;2.907502e-02;2.619253e-02;5.146030e-02
4.409396e-02;1.213696e-01;3.285432e-02;2.742113e-01;2.235343e-02;8.024319e-02;1.220298e-01;1.090428e-01;5.043082e-02;4.135290e-02;2.056409e-02;8.145381e-02
3.518814e-02;1.192229e-01;5.248427e-02;2.279675e-01;2.763092e-02;9.651472e-02;1.452795e-01;9.131448e-02;5.812801e-02;5.272304e-02;1.776551e-02;7.578109e-02
3.678557e-02;1.233093e-01;7.429571e-02;1.355100e-01;4.854139e-02;1.012295e-01;1.386221e-01;8.358958e-02;1.125554e-01;6.424775e-02;3.010800e-02;5.120566e-02
2.748078e-02;1.246029e-01;1.377311e-01;7.025569e-02;6.925150e-02;9.107012e-02;7.807366e-02;1.427566e-01;1.519186e-01;4.039093e-02;3.870961e-02;2.775852e-02
3.526129e-02;1.372380e-01;1.191475e-01;5.607054e-02;6.137361e-02;9.168407e-02;2.253362e-02;1.382844e-01;1.362907e-01;1.060502e-01;6.813543e-02;2.793060e-02
3.855580e-02;1.552725e-01;5.730914e-02;4.138672e-02;6.637330e-02;1.086569e-01;5.426797e-02;1.093112e-01;1.197739e-01;1.572875e-01;7.447167e-02;1.733353e-02
2.339575e-02;1.466129e-01;1.317866e-01;5.028899e-02;6.897616e-02;1.151706e-01;4.587393e-02;1.047337e-01;1.289290e-01;1.068195e-01;4.717464e-02;3.023826e-02
2.082362e-02;1.188489e-01;1.466022e-01;7.240393e-02;6.220895e-02;1.102442e-01;2.948077e-02;1.329478e-01;1.142856e-01;1.219495e-01;3.266864e-02;3.753598e-02
2.281529e-02;8.796549e-02;8.781122e-02;7.238762e-02;7.396208e-02;9.216063e-02;4.626096e-02;1.357508e-01;1.206798e-01;1.674948e-01;4.826286e-02;4.444847e-02
1.764092e-02;7.977807e-02;8.694422e-02;8.156449e-02;1.030928e-01;1.253160e-01;5.307350e-02;1.135783e-01;1.144626e-01;1.621548e-01;1.433733e-02;4.805712e-02
2.831550e-02;9.132931e-02;1.243110e-01;1.135392e-01;1.164083e-01;1.191420e-01;4.484376e-02;1.174414e-01;6.936131e-02;1.066474e-01;2.310268e-02;4.555818e-02
1.757901e-02;8.350747e-02;1.565279e-01;1.187215e-01;1.029895e-01;1.606619e-01;2.969282e-02;9.914241e-02;1.085293e-01;4.821410e-02;3.796239e-02;3.647176e-02
1.342051e-02;6.553967e-02;6.102825e-02;9.395134e-02;9.861914e-02;2.597738e-01;3.737563e-02;1.126631e-01;1.308969e-01;7.672359e-02;2.434162e-02;2.566637e-02
2.152901e-02;1.070944e-01;1.017537e-01;6.689216e-02;7.591639e-02;2.354264e-01;9.883433e-02;1.061261e-01;1.032885e-01;5.513788e-02;1.390480e-02;1.409643e-02
2.697739e-02;1.533096e-01;1.417863e-01;6.077376e-02;7.046393e-02;1.415425e-01;1.091092e-01;1.509741e-01;7.338582e-02;2.521086e-02;2.221449e-02;2.425198e-02
1.859059e-02;1.103342e-01;1.958311e-01;3.037165e-02;5.562832e-02;1.725368e-01;7.741154e-02;1.399924e-01;1.044225e-01;3.631604e-02;2.760599e-02;3.095874e-02
2.087915e-02;5.423368e-02;2.160980e-01;3.989650e-02;4.056632e-02;1.232470e-01;8.898859e-02;1.965882e-01;1.458775e-01;3.327296e-02;2.078139e-02;1.957075e-02
2.305934e-02;5.020813e-02;2.021644e-01;5.783404e-02;4.873618e-02;7.558513e-02;9.591361e-02;2.215569e-01;1.580233e-01;3.196639e-02;2.155257e-02;1.340006e-02
2.687550e-02;7.048517e-02;1.658161e-01;6.149293e-02;5.902614e-02;7.892956e-02;8.902828e-02;2.348217e-01;1.379437e-01;3.671543e-02;2.237228e-02;1.649320e-02
2.942546e-02;7.385735e-02;9.739681e-02;6.631809e-02;9.877357e-02;1.238449e-01;7.665254e-02;2.245938e-01;1.038003e-01;5.894957e-02;2.548090e-02;2.090673e-02
1.549871e-02;4.869597e-02;7.407411e-02;1.312081e-01;1.603577e-01;1.059974e-01;6.779289e-02;1.786789e-01;1.278193e-01;4.513231e-02;2.101357e-02;2.373111e-02
1.106976e-02;4.165224e-02;6.185864e-02;1.523561e-01;2.321562e-01;6.082498e-02;5.458983e-02;1.864295e-01;1.364539e-01;3.285204e-02;8.516339e-03;2.124052e-02
8.232146e-03;3.414941e-02;5.127521e-02;1.051055e-01;2.981775e-01;9.565603e-02;5.674942e-02;1.805770e-01;1.317479e-01;1.949705e-02;3.424478e-03;1.540829e-02
5.200495e-03;3.248832e-02;5.441252e-02;4.681318e-02;3.184100e-01;1.799641e-01;4.214101e-02;1.825973e-01;9.639616e-02;2.121272e-02;3.105395e-03;1.725872e-02
5.092311e-03;3.783088e-02;6.026807e-02;2.387805e-02;2.448324e-01;2.796175e-01;2.381205e-02;2.045336e-01;7.011808e-02;2.357996e-02;4.290593e-03;2.214662e-02
3.354188e-03;3.210771e-02;5.554300e-02;3.219190e-02;1.585581e-01;2.946102e-01;4.363406e-02;2.373553e-01;1.000682e-01;1.564665e-02;4.495366e-03;2.243525e-02
1.079419e-02;2.844576e-02;4.192476e-02;6.096994e-02;1.400007e-01;2.028159e-01;4.004985e-02;2.560281e-01;1.475750e-01;4.694275e-02;4.686084e-03;1.976694e-02
1.629391e-02;1.752173e-02;2.669499e-02;7.917342e-02;9.181798e-02;1.057975e-01;9.277549e-02;2.675636e-01;1.907347e-01;9.188657e-02;5.595465e-03;1.414471e-02
1.517160e-02;1.480946e-02;1.854222e-02;6.281517e-02;8.196426e-02;1.374038e-01;1.617285e-01;2.060234e-01;1.843277e-01;9.135663e-02;1.828882e-02;7.568414e-03
1.400947e-02;2.206719e-02;1.813128e-02;3.226105e-02;9.088057e-02;1.593564e-01;1.695238e-01;1.307241e-01;2.076729e-01;9.974326e-02;3.848056e-02;1.714943e-02
1.062728e-02;1.767525e-02;2.855826e-02;1.441265e-02;3.390026e-02;1.822180e-01;1.447090e-01;1.888540e-01;2.068246e-01;1.012958e-01;4.559026e-02;2.533470e-02
2.022959e-02;2.210221e-02;2.559302e-02;1.996762e-02;2.438785e-02;1.337242e-01;2.681098e-01;2.298279e-01;1.206306e-01;6.455640e-02;2.450971e-02;4.636116e-02
3.324387e-02;4.530976e-02;2.733712e-02;2.021274e-02;2.751955e-02;1.309686e-01;2.491837e-01;2.571965e-01;9.078796e-02;7.074980e-02;5.794382e-03;4.169595e-02
4.366379e-02;8.586533e-02;5.495220e-02;1.694137e-02;5.841742e-02;1.049504e-01;1.881414e-01;2.791504e-01;9.036671e-02;5.157319e-02;4.330896e-03;2.164680e-02
3.080652e-02;1.256000e-01;7.852943e-02;1.964282e-02;6.249715e-02;8.348956e-02;2.196675e-01;1.963419e-01;1.096762e-01;5.405958e-02;8.602710e-03;1.108671e-02
1.845042e-02;1.526369e-01;1.273777e-01;1.971185e-02;3.442984e-02;1.707087e-01;1.370116e-01;1.472794e-01;1.269699e-01;5.261786e-02;6.132178e-03;6.673516e-03
1.273734e-02;1.550776e-01;1.947717e-01;1.453940e-02;2.713186e-02;2.180749e-01;4.789116e-02;1.693595e-01;1.011227e-01;4.811555e-02;5.641827e-03;5.536549e-03
1.081810e-02;1.375592e-01;2.390791e-01;1.015655e-02;5.605285e-02;1.375062e-01;6.480965e-02;2.002310e-01;8.526396e-02;4.990621e-02;4.250900e-03;4.366257e-03
1.132536e-02;1.403719e-01;2.588051e-01;1.198868e-02;7.760773e-02;4.838262e-02;6.179960e-02;2.221105e-01;1.034262e-01;5.659407e-02;4.644498e-03;2.943752e-03
1.882911e-02;1.583978e-01;2.446413e-01;1.526078e-02;5.308449e-02;4.410586e-02;3.694048e-02;2.197724e-01;1.299131e-01;6.141667e-02;9.403845e-03;8.234181e-03
2.850095e-02;1.910739e-01;1.947139e-01;1.306266e-02;2.422198e-02;5.691328e-02;2.507427e-02;2.448907e-01;1.400615e-01;6.039533e-02;9.211408e-03;1.188025e-02
3.185825e-02;1.685710e-01;1.247455e-01;1.402597e-02;2.531694e-02;6.611697e-02;2.359816e-02;2.837653e-01;1.831220e-01;5.583053e-02;8.807033e-03;1.424236e-02
2.874949e-02;1.294716e-01;1.367076e-01;1.846026e-02;2.799611e-02;6.882845e-02;5.072391e-02;2.902709e-01;1.602825e-01;5.789150e-02;1.290689e-02;1.771074e-02
1.991891e-02;1.298899e-01;2.005330e-01;1.958258e-02;2.621170e-02;9.218021e-02;6.328520e-02;2.726395e-01;8.695661e-02;5.753974e-02;1.200986e-02;1.925279e-02
3.041504e-02;1.732798e-01;2.006375e-01;1.266254e-02;2.664318e-02;9.026883e-02;4.618327e-02;2.487289e-01;1.135485e-01;3.014662e-02;1.304952e-02;1.443639e-02
2.315204e-02;1.533535e-01;1.554628e-01;9.862479e-03;3.831435e-02;1.175294e-01;4.732066e-02;2.768424e-01;1.380216e-01;2.085134e-02;6.458942e-03;1.283043e-02
1.712145e-02;1.430508e-01;1.535939e-01;1.553998e-02;4.069472e-02;8.525306e-02;4.316653e-02;2.986815e-01;1.339874e-01;3.862254e-02;1.194294e-02;1.834530e-02
2.459991e-02;1.410205e-01;1.765160e-01;2.158223e-02;4.177300e-02;5.906551e-02;4.345528e-02;3.147498e-01;9.454713e-02;3.917189e-02;1.964464e-02;2.387425e-02
1.616246e-02;1.142766e-01;1.744330e-01;1.658775e-02;2.572214e-02;7.135960e-02;3.897062e-02;3.403164e-01;1.201956e-01;4.017238e-02;1.698478e-02;2.481872e-02
1.590410e-02;1.259036e-01;1.661648e-01;1.140820e-02;9.369215e-03;6.507523e-02;2.433220e-02;3.720063e-01;1.435988e-01;3.648086e-02;1.485855e-02;1.489823e-02
1.928124e-02;1.190343e-01;1.139114e-01;9.525755e-03;1.222438e-02;1.035264e-01;5.044007e-02;3.765011e-01;1.431839e-01;2.823419e-02;1.420925e-02;9.927945e-03
2.210797e-02;8.555672e-02;7.674348e-02;8.675258e-03;1.262755e-02;8.602362e-02;6.418277e-02;3.945066e-01;1.858053e-01;2.906934e-02;1.669743e-02;1.800391e-02
2.496218e-02;6.012166e-02;5.532570e-02;1.022467e-02;1.388995e-02;8.495528e-02;4.492071e-02;4.314200e-01;2.038165e-01;2.587485e-02;1.721599e-02;2.727250e-02
2.758203e-02;8.573380e-02;8.118908e-02;1.725590e-02;1.596387e-02;1.085091e-01;5.751450e-02;4.036137e-01;1.541340e-01;1.732371e-02;1.270460e-02;1.847578e-02
2.381108e-02;6.793441e-02;9.086898e-02;2.564406e-02;1.501760e-02;9.674601e-02;6.681179e-02;3.744772e-01;1.718881e-01;2.574097e-02;2.024897e-02;2.081080e-02
1.320002e-02;6.542568e-02;1.184513e-01;2.858802e-02;4.162417e-02;1.000975e-01;9.737504e-02;3.089990e-01;1.419977e-01;3.986770e-02;2.264829e-02;2.172564e-02
1.391603e-02;8.598322e-02;1.699522e-01;4.819942e-02;1.036024e-01;7.427817e-02;6.770790e-02;2.603586e-01;1.126033e-01;3.897855e-02;1.204637e-02;1.237394e-02
8.686104e-03;5.798875e-02;1.556776e-01;1.061668e-01;1.199052e-01;9.871311e-02;9.477500e-02;1.903156e-01;1.154055e-01;3.736658e-02;7.357964e-03;7.641837e-03
7.286138e-03;3.866538e-02;1.337217e-01;9.803351e-02;1.499885e-01;1.222767e-01;1.270414e-01;1.455262e-01;1.328269e-01;3.349907e-02;7.063429e-03;4.071113e-03
8.044662e-03;3.312563e-02;9.312155e-02;1.049349e-01;1.990119e-01;1.132860e-01;1.369656e-01;1.244902e-01;1.309214e-01;3.303933e-02;1.327901e-02;9.779912e-03
8.022019e-03;2.028115e-02;5.395541e-02;1.211195e-01;1.989137e-01;1.387213e-01;1.083470e-01;1.500323e-01;1.254211e-01;4.062698e-02;1.909049e-02;1.546902e-02
8.806799e-03;2.142359e-02;5.093718e-02;6.985999e-02;1.811703e-01;1.074082e-01;1.274673e-01;2.665341e-01;9.794465e-02;3.282448e-02;1.566878e-02;1.995460e-02
1.725580e-02;4.481456e-02;5.111281e-02;3.861859e-02;1.144281e-01;8.969659e-02;2.323747e-01;2.853495e-01;6.488513e-02;2.737057e-02;9.027469e-03;2.506624e-02
4.019643e-02;9.583117e-02;7.178265e-02;1.991486e-02;5.134048e-02;9.877472e-02;2.189427e-01;2.523923e-01;9.283454e-02;2.921904e-02;6.333694e-03;2.243748e-02
4.601327e-02;1.915855e-01;1.388463e-01;2.267780e-02;4.424997e-02;1.075672e-01;1.238972e-01;1.847038e-01;9.294806e-02;2.844099e-02;8.029405e-03;1.104057e-02
3.237348e-02;1.949318e-01;2.118335e-01;2.827885e-02;3.161316e-02;1.164942e-01;5.465920e-02;1.524540e-01;9.440433e-02;5.604075e-02;1.663344e-02;1.028330e-02
1.745309e-02;1.260257e-01;2.398933e-01;3.934969e-02;4.252798e-02;1.018860e-01;7.270692e-02;1.400940e-01;8.657294e-02;7.212101e-02;5.706244e-02;4.306869e-03
6.927943e-03;4.151947e-02;1.706983e-01;4.511100e-02;6.114022e-02;2.621125e-01;5.305442e-02;1.417967e-01;6.398412e-02;4.924281e-02;7.595520e-02;2.845737e-02
1.287389e-02;3.002072e-02;1.105687e-01;3.115542e-02;6.838898e-02;4.728042e-01;2.390132e-02;1.216016e-01;3.393490e-02;1.958243e-02;3.986054e-02;3.530746e-02
1.476999e-02;2.315859e-02;6.718281e-02;1.448391e-02;4.233837e-02;6.132432e-01;3.719392e-02;1.184972e-01;2.354474e-02;9.760886e-03;1.539086e-02;2.043555e-02
1.034786e-02;2.838644e-02;4.153707e-02;7.501923e-03;2.028480e-02;5.638843e-01;6.634612e-02;2.123673e-01;3.028656e-02;4.192153e-03;9.715282e-03;5.150139e-03
7.215802e-03;4.010354e-02;3.501856e-02;5.539766e-03;1.498431e-02;3.958858e-01;6.869774e-02;3.675177e-01;4.802669e-02;4.561633e-03;6.475757e-03;5.972679e-03
5.921408e-03;3.859248e-02;3.399702e-02;5.456190e-03;1.028478e-02;2.807669e-01;4.276539e-02;4.820389e-01;8.211376e-02;8.549442e-03;4.591559e-03;4.922181e-03
8.181611e-03;4.408779e-02;4.362013e-02;5.223593e-03;1.188170e-02;2.796711e-01;2.090023e-02;4.768348e-01;8.379225e-02;1.636443e-02;5.453309e-03;3.989067e-03
8.403804e-03;6.235745e-02;6.974857e-02;6.885621e-03;1.632223e-02;2.845561e-01;4.261277e-02;3.887520e-01;7.933614e-02;2.799139e-02;7.620136e-03;5.413772e-03
1.278726e-02;7.208692e-02;7.997325e-02;7.542762e-03;1.824530e-02;2.849437e-01;6.517489e-02;3.312832e-01;7.587140e-02;3.821648e-02;8.317940e-03;5.556922e-03
1.232472e-02;8.229750e-02;9.095839e-02;1.043674e-02;1.904741e-02;3.254718e-01;6.106623e-02;2.057728e-01;1.317023e-01;4.456519e-02;1.006297e-02;6.293863e-03
9.360242e-03;4.171278e-02;4.147191e-02;8.999686e-03;1.437329e-02;3.655106e-01;2.661235e-02;3.019321e-01;1.309175e-01;4.495772e-02;6.274733e-03;7.877169e-03
6.267714e-03;2.197515e-02;1.455446e-02;9.570882e-03;1.041532e-02;3.701641e-01;2.420062e-02;3.694718e-01;9.283098e-02;6.917855e-02;4.065376e-03;7.304977e-03
6.500744e-03;2.020921e-02;3.107128e-02;1.560660e-02;1.272989e-02;3.339098e-01;4.470814e-02;2.953350e-01;9.206665e-02;1.349990e-01;5.546611e-03;7.317065e-03
9.162604e-03;1.566187e-02;2.735586e-02;2.933246e-02;3.575870e-02;2.378343e-01;7.113571e-02;2.209524e-01;1.233260e-01;2.129517e-01;9.001800e-03;7.526652e-03
1.168369e-02;2.195518e-02;5.120386e-02;3.854598e-02;4.834921e-02;1.383217e-01;4.827116e-02;2.553520e-01;1.708220e-01;1.996163e-01;1.042809e-02;5.450862e-03
8.548253e-03;1.649402e-02;1.006104e-01;3.949363e-02;2.880343e-02;2.966409e-01;4.217973e-02;2.159511e-01;1.367197e-01;1.012773e-01;7.058717e-03;6.222757e-03
1.002903e-02;4.691988e-02;1.695489e-01;5.864818e-02;2.985387e-02;2.925702e-01;7.376840e-02;1.588179e-01;9.265891e-02;5.031418e-02;9.933683e-03;6.936788e-03
1.179651e-02;8.410472e-02;1.798674e-01;4.756984e-02;2.875488e-02;2.554060e-01;9.168445e-02;1.426850e-01;9.931646e-02;4.606889e-02;5.120572e-03;7.625316e-03
1.658702e-02;1.453459e-01;2.441333e-01;3.051471e-02;2.819421e-02;2.158065e-01;7.834420e-02;9.957386e-02;7.742780e-02;5.247760e-02;3.223598e-03;8.371312e-03
2.207923e-02;2.093161e-01;2.919188e-01;1.762362e-02;1.307389e-02;1.485569e-01;4.242964e-02;1.169086e-01;6.822176e-02;5.158456e-02;8.559793e-03;9.727081e-03
3.588673e-02;2.421943e-01;2.517388e-01;1.259309e-02;1.111728e-02;1.101187e-01;5.279617e-02;1.247294e-01;9.108565e-02;4.571530e-02;1.062316e-02;1.140145e-02
5.930572e-02;2.598563e-01;1.985084e-01;1.003073e-02;1.329935e-02;9.174800e-02;6.537770e-02;1.332490e-01;8.405615e-02;5.259397e-02;1.022273e-02;2.175190e-02
5.267392e-02;1.886157e-01;1.776527e-01;1.578975e-02;2.053089e-02;1.560771e-01;6.662083e-02;1.567843e-01;8.340158e-02;4.641395e-02;1.062851e-02;2.481079e-02
2.789037e-02;1.070622e-01;1.581470e-01;2.419186e-02;2.646003e-02;2.115271e-01;5.502169e-02;2.191146e-01;9.168399e-02;5.052869e-02;1.309565e-02;1.527674e-02
1.533634e-02;6.337639e-02;1.292657e-01;2.088211e-02;2.123798e-02;2.668112e-01;8.198331e-02;2.084556e-01;9.720771e-02;6.849590e-02;1.632695e-02;1.062092e-02
2.723522e-02;1.009224e-01;1.027761e-01;2.821696e-02;3.086143e-02;2.169815e-01;1.203044e-01;1.461478e-01;1.165337e-01;8.554282e-02;1.542326e-02;9.054337e-03
3.089518e-02;9.725485e-02;1.144475e-01;2.197913e-02;2.765464e-02;2.502416e-01;8.023588e-02;2.033765e-01;1.033673e-01;5.254319e-02;1.099285e-02;7.011335e-03
2.750679e-02;8.572293e-02;1.230723e-01;1.688794e-02;1.612002e-02;3.425196e-01;4.657625e-02;2.102540e-01;8.738429e-02;2.961253e-02;8.982692e-03;5.360631e-03
1.977646e-02;9.762722e-02;1.018485e-01;1.949606e-02;1.930494e-02;3.619012e-01;3.908560e-02;1.773100e-01;1.024445e-01;4.744045e-02;9.614324e-03;4.150835e-03
2.001420e-02;1.199575e-01;1.352076e-01;2.216357e-02;2.492333e-02;2.400927e-01;2.032903e-02;1.765380e-01;1.097807e-01;1.098253e-01;1.191971e-02;9.248398e-03
2.295205e-02;9.560606e-02;9.044795e-02;1.521804e-02;2.159843e-02;2.177772e-01;1.968600e-02;2.551121e-01;1.246793e-01;1.145940e-01;1.011001e-02;1.221891e-02
2.548493e-02;9.671465e-02;8.443366e-02;1.101229e-02;1.568321e-02;2.611948e-01;4.179307e-02;2.046724e-01;1.261640e-01;1.055867e-01;1.002405e-02;1.723631e-02
2.595099e-02;8.839469e-02;9.338155e-02;1.157515e-02;9.430679e-03;2.254632e-01;6.015823e-02;1.973722e-01;1.559813e-01;1.017687e-01;1.148997e-02;1.903331e-02
2.493757e-02;6.098352e-02;3.995233e-02;2.256095e-02;1.311337e-02;2.038462e-01;5.599805e-02;2.645755e-01;2.024936e-01;7.647651e-02;1.578486e-02;1.927756e-02
2.677062e-02;8.306313e-02;1.022421e-01;3.483703e-02;2.045217e-02;1.373050e-01;5.665694e-02;2.584354e-01;1.893934e-01;5.013029e-02;1.480590e-02;2.590793e-02
4.354617e-02;7.097068e-02;6.444729e-02;3.638440e-02;3.195620e-02;2.423605e-01;7.266787e-02;1.520612e-01;1.491169e-01;8.240686e-02;1.735288e-02;3.672903e-02
6.099567e-02;8.873238e-02;1.127729e-01;4.082964e-02;4.273387e-02;1.878461e-01;6.250835e-02;1.680987e-01;9.772237e-02;7.267455e-02;2.782360e-02;3.726184e-02
8.715542e-02;1.436383e-01;1.437536e-01;5.507712e-02;4.113089e-02;1.026258e-01;7.695751e-02;1.415545e-01;6.777437e-02;3.848731e-02;6.458991e-02;3.725530e-02
9.492267e-02;1.560517e-01;1.217698e-01;3.179695e-02;5.972731e-02;1.539126e-01;7.970025e-02;8.600204e-02;6.346186e-02;4.093623e-02;7.171878e-02;3.999977e-02
7.823296e-02;1.630697e-01;7.111762e-02;5.166909e-02;1.056735e-01;1.626907e-01;8.342505e-02;7.228284e-02;5.354894e-02;5.696860e-02;5.524455e-02;4.607642e-02
5.659094e-02;1.638682e-01;9.406415e-02;6.973506e-02;1.671850e-01;1.373068e-01;7.022329e-02;6.477492e-02;5.583797e-02;5.081685e-02;2.774766e-02;4.184914e-02
6.115528e-02;1.000575e-01;1.464441e-01;1.373181e-01;1.935005e-01;8.750353e-02;7.641137e-02;6.339955e-02;7.359920e-02;2.512748e-02;1.294125e-02;2.254211e-02
7.581030e-02;2.795217e-02;1.227728e-01;2.213688e-01;1.577221e-01;6.901274e-02;7.469861e-02;7.156950e-02;1.036739e-01;4.598115e-02;2.024379e-02;9.194108e-03
8.909772e-02;2.475184e-02;7.015391e-02;2.856596e-01;9.846027e-02;6.028855e-02;6.197087e-02;9.447371e-02;1.543419e-01;2.907148e-02;2.461253e-02;7.117547e-03
1.002648e-01;2.676348e-02;7.458579e-02;2.541309e-01;5.227205e-02;5.368800e-02;8.636042e-02;9.094083e-02;1.712185e-01;5.856352e-02;2.152101e-02;9.690690e-03
7.785311e-02;2.394377e-02;1.206531e-01;1.620129e-01;1.002886e-01;5.837794e-02;1.118409e-01;6.189429e-02;1.462151e-01;1.003052e-01;1.591121e-02;2.070377e-02
3.751127e-02;5.931022e-02;9.497470e-02;1.100842e-01;1.748833e-01;9.875514e-02;7.126106e-02;5.533224e-02;1.029819e-01;1.428679e-01;2.444688e-02;2.759117e-02
1.615519e-02;6.993340e-02;4.176522e-02;1.141708e-01;1.600047e-01;2.104791e-01;7.168955e-02;7.212087e-02;6.194063e-02;1.148211e-01;4.280870e-02;2.411066e-02
2.043469e-02;4.222133e-02;3.567981e-02;7.852587e-02;1.014698e-01;3.226235e-01;1.585040e-01;7.537752e-02;4.063949e-02;5.271034e-02;3.979301e-02;3.202068e-02
1.453262e-02;3.469523e-02;2.894905e-02;8.312816e-02;7.526432e-02;2.782319e-01;2.920049e-01;7.895211e-02;2.843422e-02;2.298279e-02;2.002084e-02;4.280390e-02
3.065211e-02;3.826428e-02;5.515128e-02;1.106542e-01;5.985679e-02;1.550680e-01;2.826158e-01;1.479211e-01;3.981214e-02;3.039057e-02;1.370570e-02;3.590806e-02
8.001164e-02;4.925983e-02;1.088788e-01;6.881294e-02;8.390830e-02;6.760855e-02;1.554551e-01;2.555298e-01;5.586993e-02;2.766096e-02;2.613460e-02;2.086945e-02
9.802102e-02;1.041249e-01;1.128944e-01;3.280601e-02;1.097755e-01;6.253308e-02;9.850843e-02;2.319550e-01;5.995918e-02;3.665590e-02;2.134676e-02;3.141979e-02
8.090650e-02;1.584008e-01;1.301523e-01;5.823229e-02;8.961530e-02;1.121300e-01;8.017535e-02;1.391733e-01;5.076670e-02;5.575048e-02;1.556706e-02;2.912996e-02
6.535011e-02;1.478450e-01;1.618267e-01;7.413256e-02;5.674922e-02;1.542925e-01;8.544642e-02;8.900159e-02;5.509311e-02;7.913525e-02;6.696381e-03;2.443119e-02
5.439464e-02;7.995230e-02;1.012541e-01;9.028154e-02;7.747933e-02;1.141711e-01;1.216850e-01;8.341491e-02;8.826824e-02;1.547801e-01;1.520781e-02;1.911096e-02
6.106971e-02;5.996443e-02;4.253405e-02;1.237384e-01;9.043262e-02;1.143373e-01;1.090266e-01;1.119814e-01;1.087560e-01;1.500751e-01;1.695566e-02;1.112871e-02
5.331374e-02;3.819805e-02;3.085105e-02;1.631857e-01;1.580997e-01;1.670083e-01;9.886003e-02;9.792084e-02;8.435895e-02;8.311499e-02;1.536419e-02;9.724339e-03
3.797163e-02;3.368925e-02;3.150409e-02;1.562417e-01;1.879334e-01;2.330818e-01;9.869903e-02;6.412707e-02;6.791951e-02;5.273633e-02;2.429756e-02;1.179862e-02
2.782795e-02;4.540228e-02;5.087117e-02;1.580457e-01;1.260034e-01;2.382697e-01;7.736991e-02;8.529017e-02;7.131117e-02;7.481568e-02;3.565103e-02;9.141881e-03
2.574729e-02;4.593842e-02;4.301146e-02;1.445227e-01;1.314253e-01;1.791662e-01;7.720718e-02;1.486199e-01;9.301797e-02;6.915263e-02;2.581945e-02;1.637141e-02
2.778829e-02;4.868910e-02;4.141378e-02;1.315807e-01;1.460986e-01;8.731198e-02;1.113179e-01;2.012264e-01;1.033259e-01;5.837502e-02;2.430662e-02;1.856577e-02
2.391866e-02;6.009291e-02;5.070735e-02;1.337546e-01;9.137321e-02;1.697630e-01;1.183682e-01;1.856731e-01;6.167927e-02;6.967262e-02;2.177751e-02;1.321964e-02
1.621962e-02;7.108341e-02;8.314709e-02;1.154556e-01;1.334693e-01;1.938517e-01;1.577581e-01;1.044699e-01;4.267130e-02;6.402291e-02;1.264898e-02;5.202020e-03
2.014112e-02;1.592642e-01;1.471447e-01;1.146974e-01;1.449700e-01;1.324964e-01;1.119169e-01;7.156990e-02;4.713349e-02;4.267398e-02;3.360695e-03;4.631093e-03
2.663988e-02;2.689632e-01;1.868762e-01;1.162250e-01;1.164434e-01;1.159940e-01;4.031158e-02;4.430697e-02;5.798291e-02;1.666616e-02;3.542351e-03;6.048372e-03
3.316409e-02;2.664512e-01;1.321497e-01;8.162669e-02;1.244784e-01;1.232316e-01;8.285958e-02;7.630480e-02;5.334955e-02;1.271924e-02;7.263763e-03;6.401272e-03
5.428322e-02;2.053434e-01;1.239785e-01;5.667486e-02;1.503355e-01;1.130780e-01;6.741150e-02;1.475099e-01;4.296066e-02;1.741296e-02;1.140769e-02;9.603800e-03
7.981899e-02;9.705313e-02;1.236259e-01;6.350098e-02;1.358506e-01;7.673188e-02;7.494740e-02;2.630358e-01;3.285220e-02;2.446822e-02;1.523753e-02;1.287737e-02
5.409322e-02;1.142514e-01;4.845605e-02;7.157259e-02;7.270961e-02;1.897254e-01;1.619819e-01;1.971869e-01;3.293159e-02;2.238712e-02;1.642318e-02;1.828110e-02
2.690847e-02;1.021686e-01;3.521073e-02;8.323383e-02;6.837241e-02;2.019723e-01;2.439373e-01;1.154427e-01;3.315142e-02;2.886902e-02;2.766915e-02;3.306410e-02
2.574754e-02;8.793022e-02;4.371880e-02;6.587531e-02;6.739300e-02;1.759126e-01;3.341973e-01;6.883541e-02;3.732751e-02;1.026519e-02;3.386989e-02;4.892725e-02
1.798118e-02;6.101724e-02;4.272822e-02;3.293581e-02;7.142548e-02;1.616329e-01;3.991058e-01;7.648661e-02;3.875428e-02;9.755464e-03;3.679468e-02;5.138230e-02
1.327456e-02;3.034395e-02;4.319046e-02;1.480049e-02;8.976133e-02;2.060572e-01;3.943409e-01;7.036889e-02;3.793378e-02;6.996259e-03;4.441604e-02;4.851606e-02
7.241770e-03;1.786232e-02;6.909523e-02;1.230298e-02;9.724922e-02;3.088153e-01;3.125818e-01;2.874721e-02;4.017454e-02;4.203867e-03;5.597665e-02;4.574919e-02
5.777720e-03;1.729285e-02;1.084576e-01;9.808655e-03;8.080850e-02;4.059948e-01;2.045808e-01;1.922611e-02;4.230650e-02;8.948551e-03;5.985314e-02;3.694472e-02
7.121605e-03;2.462628e-02;1.394905e-01;1.678901e-02;5.104843e-02;4.698123e-01;1.361335e-01;1.911304e-02;3.947926e-02;1.243615e-02;5.823578e-02;2.571424e-02
8.285129e-03;4.066912e-02;1.295922e-01;2.677442e-02;6.248046e-02;4.524340e-01;9.362733e-02;3.395131e-02;4.487250e-02;3.073895e-02;5.735837e-02;1.921619e-02
7.642267e-03;7.981037e-02;7.364848e-02;4.633864e-02;1.290345e-01;3.562560e-01;5.938448e-02;7.031714e-02;6.104445e-02;5.091691e-02;5.601028e-02;9.596457e-03
9.910580e-03;1.278258e-01;3.391404e-02;5.563785e-02;2.121178e-01;2.256219e-01;5.532051e-02;9.979689e-02;7.919731e-02;5.446719e-02;3.682626e-02;9.363897e-03
2.532237e-02;1.048059e-01;6.175659e-02;6.173899e-02;2.155181e-01;1.674562e-01;9.010148e-02;8.776603e-02;1.165687e-01;3.374774e-02;1.803565e-02;1.718225e-02
4.504732e-02;6.422289e-02;8.697924e-02;7.662622e-02;1.338618e-01;2.054449e-01;4.708710e-02;1.184943e-01;1.432070e-01;4.153575e-02;2.369469e-02;1.379879e-02
4.980743e-02;4.308050e-02;1.366394e-01;9.859373e-02;8.876822e-02;2.223765e-01;2.832531e-02;1.144631e-01;1.307506e-01;2.660328e-02;3.250374e-02;2.808821e-02
4.206000e-02;3.832756e-02;1.231891e-01;1.175839e-01;8.558238e-02;2.178762e-01;4.800393e-02;1.043982e-01;1.126565e-01;3.837853e-02;2.976656e-02;4.217710e-02
5.500159e-02;7.272368e-02;7.292943e-02;8.759817e-02;5.647590e-02;2.159646e-01;5.662284e-02;8.584888e-02;1.170834e-01;7.477897e-02;4.367684e-02;6.129567e-02
1.499701e-01;6.763869e-02;9.443248e-02;5.035163e-02;5.615157e-02;1.890931e-01;6.065207e-02;5.847905e-02;5.572569e-02;8.489788e-02;8.267975e-02;4.992795e-02
1.765955e-01;6.852424e-02;1.430628e-01;2.869860e-02;4.277444e-02;2.309856e-01;4.322297e-02;4.319310e-02;4.120386e-02;5.384740e-02;9.250619e-02;3.538525e-02
1.387402e-01;8.099876e-02;2.185544e-01;1.883961e-02;2.892053e-02;2.598292e-01;3.559085e-02;3.061558e-02;4.517610e-02;3.667542e-02;8.754066e-02;1.851871e-02
7.137189e-02;6.372327e-02;2.340336e-01;4.515978e-02;6.398271e-02;2.118310e-01;7.928992e-02;6.391528e-02;5.005515e-02;2.881940e-02;7.024330e-02;1.757460e-02
3.499758e-02;3.350526e-02;1.501487e-01;5.281549e-02;1.181611e-01;1.504357e-01;1.715015e-01;1.201178e-01;5.096684e-02;2.631538e-02;5.344725e-02;3.758756e-02
2.615298e-02;3.767994e-02;6.471476e-02;3.827837e-02;8.308118e-02;1.823583e-01;2.456153e-01;1.328602e-01;7.033092e-02;2.793474e-02;3.291272e-02;5.808055e-02
4.871554e-02;6.437042e-02;3.651441e-02;3.702112e-02;5.249260e-02;1.954138e-01;2.327819e-01;1.262694e-01;8.715928e-02;4.021696e-02;2.737535e-02;5.166920e-02
5.724568e-02;1.210773e-01;4.854791e-02;1.884106e-02;5.382552e-02;1.336855e-01;2.573341e-01;1.155518e-01;8.609421e-02;5.213227e-02;2.857271e-02;2.709203e-02
5.321586e-02;1.718728e-01;1.011997e-01;2.430789e-02;4.414541e-02;1.112449e-01;2.119014e-01;7.381169e-02;1.096067e-01;6.091671e-02;2.255555e-02;1.522149e-02
3.955287e-02;1.716234e-01;1.412862e-01;2.810861e-02;4.325662e-02;1.672438e-01;1.316561e-01;6.020575e-02;1.288281e-01;6.592777e-02;7.210248e-03;1.510073e-02
3.821986e-02;1.531826e-01;1.589202e-01;1.944534e-02;2.887641e-02;2.105251e-01;1.109765e-01;4.951415e-02;1.385588e-01;6.694115e-02;1.387053e-02;1.096925e-02
3.592516e-02;1.463256e-01;1.385142e-01;2.677832e-02;5.972780e-02;1.888605e-01;1.164607e-01;6.281202e-02;1.275212e-01;4.350176e-02;3.857753e-02;1.499522e-02
4.099644e-02;1.349287e-01;1.143129e-01;4.896495e-02;1.205416e-01;9.847842e-02;1.073013e-01;7.455298e-02;1.399452e-01;3.867501e-02;5.863064e-02;2.267174e-02
3.939447e-02;1.092945e-01;1.224381e-01;6.327949e-02;1.092563e-01;1.700119e-01;9.395102e-02;8.722923e-02;9.937578e-02;4.218033e-02;3.704466e-02;2.654414e-02
2.820753e-02;1.330045e-01;1.643217e-01;7.332593e-02;7.930806e-02;1.765389e-01;5.278403e-02;1.242836e-01;8.546018e-02;3.263511e-02;2.663428e-02;2.349607e-02
2.186159e-02;1.130081e-01;1.435015e-01;7.248996e-02;4.716859e-02;2.267211e-01;5.095334e-02;1.973627e-01;6.833962e-02;1.230503e-02;2.208442e-02;2.420410e-02
1.764194e-02;6.840888e-02;1.209205e-01;6.360854e-02;7.146448e-02;3.026605e-01;3.582345e-02;1.987916e-01;6.606002e-02;1.018262e-02;1.984690e-02;2.459067e-02
1.398333e-02;5.046721e-02;1.003942e-01;9.388194e-02;1.046723e-01;3.236996e-01;3.617233e-02;1.650053e-01;5.071164e-02;6.425029e-03;2.750864e-02;2.707851e-02
1.662335e-02;7.020020e-02;1.468630e-01;1.568286e-01;9.000366e-02;2.520194e-01;4.614217e-02;1.073548e-01;2.122526e-02;1.750284e-02;5.159136e-02;2.364536e-02
3.050961e-02;1.000348e-01;3.278274e-01;1.383096e-01;5.473178e-02;1.109146e-01;7.563269e-02;4.928248e-02;1.029696e-02;4.278100e-02;4.682004e-02;1.285896e-02
3.599771e-02;1.681240e-01;4.202234e-01;6.884295e-02;4.425248e-02;4.876582e-02;8.795443e-02;1.652456e-02;1.509314e-02;5.874847e-02;2.262907e-02;1.284396e-02
3.992479e-02;2.983528e-01;3.593231e-01;3.515802e-02;2.151309e-02;5.240585e-02;6.865148e-02;1.256559e-02;2.757766e-02;5.854303e-02;9.700097e-03;1.628450e-02
5.489825e-02;3.628412e-01;2.147256e-01;5.466111e-02;5.038312e-02;5.264449e-02;6.166061e-02;4.847183e-02;3.648356e-02;3.814713e-02;6.051716e-03;1.903143e-02
6.424507e-02;2.568580e-01;1.989251e-01;6.465773e-02;7.119559e-02;7.976618e-02;5.748761e-02;9.144915e-02;4.853741e-02;2.623270e-02;2.030824e-02;2.033727e-02
6.551574e-02;1.370513e-01;1.707858e-01;5.508212e-02;6.857328e-02;1.107223e-01;7.531051e-02;1.367061e-01;6.640458e-02;5.305151e-02;3.338940e-02;2.740737e-02
4.944359e-02;6.064332e-02;1.229295e-01;8.342610e-02;8.957472e-02;1.698261e-01;9.142058e-02;1.047587e-01;8.132575e-02;8.503853e-02;3.267081e-02;2.894235e-02
3.694074e-02;1.458148e-01;1.464917e-01;8.307543e-02;9.283579e-02;1.073693e-01;9.580453e-02;8.137574e-02;8.697674e-02;7.107815e-02;2.780632e-02;2.443068e-02
3.317329e-02;1.855928e-01;2.129437e-01;4.600001e-02;6.469484e-02;1.124951e-01;1.060975e-01;5.628694e-02;7.465715e-02;6.337088e-02;2.692667e-02;1.776116e-02
2.775863e-02;1.860697e-01;2.223214e-01;3.826377e-02;5.290846e-02;1.575297e-01;8.242074e-02;5.803525e-02;7.150622e-02;6.595147e-02;2.389091e-02;1.334378e-02
1.785240e-02;1.378825e-01;1.864428e-01;4.388653e-02;4.716091e-02;1.868042e-01;1.142668e-01;6.730286e-02;1.045507e-01;5.548531e-02;2.458509e-02;1.377975e-02
2.001657e-02;1.131804e-01;2.038726e-01;5.495435e-02;5.734788e-02;2.063579e-01;9.269822e-02;6.029985e-02;9.856398e-02;5.482009e-02;2.169334e-02;1.619481e-02
