5.862154e-02;1.419656e-02;5.444009e-02;3.006135e-02;9.054454e-02;5.409270e-01;5.146525e-02;3.999029e-02;3.355305e-02;1.115088e-02;9.225086e-03;6.582440e-02
7.645631e-02;1.621983e-02;3.196901e-02;1.447235e-02;4.667281e-02;6.470443e-01;4.273141e-02;6.247737e-02;1.502481e-02;1.343304e-02;5.939861e-03;2.755884e-02
5.863115e-02;3.102716e-02;1.394766e-02;1.292485e-02;1.576135e-02;6.459386e-01;7.933839e-02;1.082794e-01;1.011241e-02;1.428507e-02;2.504398e-03;7.249575e-03
2.922782e-02;6.099068e-02;1.434438e-02;8.967693e-03;9.192412e-03;5.083604e-01;1.563840e-01;1.814687e-01;1.046394e-02;8.285400e-03;4.135829e-03;8.178752e-03
1.072012e-02;8.572551e-02;1.780198e-02;7.726670e-03;1.481146e-02;3.473222e-01;1.977028e-01;2.726431e-01;2.639970e-02;5.514447e-03;6.999313e-03;6.632732e-03
4.958927e-03;9.339931e-02;4.820839e-02;8.204179e-03;1.817057e-02;2.989707e-01;1.382009e-01;3.182955e-01;4.679200e-02;7.414927e-03;1.153077e-02;5.853843e-03
1.276235e-02;9.282297e-02;6.457255e-02;1.434280e-02;2.363802e-02;3.405164e-01;1.361540e-01;2.427775e-01;4.067117e-02;1.082940e-02;1.291143e-02;8.001479e-03
1.101748e-02;8.947212e-02;2.919865e-02;9.344205e-03;1.954952e-02;3.412745e-01;2.037762e-01;2.383041e-01;2.145539e-02;1.424920e-02;1.548276e-02;6.875940e-03
3.020354e-02;7.433563e-02;5.370918e-02;2.962060e-02;1.883453e-02;2.590299e-01;1.562352e-01;2.616784e-01;6.188890e-02;1.819655e-02;1.633410e-02;1.993344e-02
2.832388e-02;6.211619e-02;9.244075e-02;7.090406e-02;1.915401e-02;1.656739e-01;1.055857e-01;2.861631e-01;1.139126e-01;1.960744e-02;1.869710e-02;1.742131e-02
2.214076e-02;3.907279e-02;1.016873e-01;1.436368e-01;1.863058e-02;9.573242e-02;6.372584e-02;3.063420e-01;1.654548e-01;1.169811e-02;1.457634e-02;1.730224e-02
1.571903e-02;2.669164e-02;2.894574e-01;1.464427e-01;1.177086e-02;3.991589e-02;2.578676e-02;2.819092e-01;1.339482e-01;9.969792e-03;7.329243e-03;1.105931e-02
6.840892e-03;2.109853e-02;4.724590e-01;7.210510e-02;8.149647e-03;2.875196e-02;2.149230e-02;2.804067e-01;6.837551e-02;6.175687e-03;1.880517e-03;1.226413e-02
4.576891e-03;1.884183e-02;5.478823e-01;3.266677e-02;5.402009e-03;2.561439e-02;2.970734e-02;2.909365e-01;2.371146e-02;4.455552e-03;3.425300e-03;1.277972e-02
5.567519e-03;4.558008e-02;4.664220e-01;1.894066e-02;5.966027e-03;7.697593e-02;4.322533e-02;3.001433e-01;1.907653e-02;5.360619e-03;4.215673e-03;8.526331e-03
6.358800e-03;9.652082e-02;2.995990e-01;2.070545e-02;6.273845e-03;1.145578e-01;1.179283e-01;2.879294e-01;3.681304e-02;3.976235e-03;5.700514e-03;3.636824e-03
4.046444e-03;1.454338e-01;1.892227e-01;1.523083e-02;6.374887e-03;1.344466e-01;1.991762e-01;2.409412e-01;3.774277e-02;7.102722e-03;1.090895e-02;9.372906e-03
2.376930e-02;1.591475e-01;8.018407e-02;1.742498e-02;1.978874e-02;2.279353e-01;2.023659e-01;1.920031e-01;4.479242e-02;7.983022e-03;8.841195e-03;1.576447e-02
4.516126e-02;9.526196e-02;7.028869e-02;7.457759e-03;6.647242e-02;3.307295e-01;1.165134e-01;1.563961e-01;5.775760e-02;9.911988e-03;5.452608e-03;3.859663e-02
2.374773e-02;3.895922e-02;9.568770e-02;1.853243e-02;1.305466e-01;3.284127e-01;3.725176e-02;1.765537e-01;6.649528e-02;8.903462e-03;1.437770e-02;6.053180e-02
5.327249e-03;4.019550e-02;1.040209e-01;2.015638e-02;1.490342e-01;3.064995e-01;3.878362e-02;1.884434e-01;6.573153e-02;5.800602e-03;1.837195e-02;5.763512e-02
5.443833e-03;3.569269e-02;1.162237e-01;2.822992e-02;1.651464e-01;3.014741e-01;6.972537e-02;1.426609e-01;7.045897e-02;6.478905e-03;1.786018e-02;4.060502e-02
7.969650e-03;3.464918e-02;1.418262e-01;5.005402e-02;1.942067e-01;2.040711e-01;9.175822e-02;1.630346e-01;6.303879e-02;1.442415e-02;1.493211e-02;2.003534e-02
3.961050e-03;2.987752e-02;1.491839e-01;8.653375e-02;1.532231e-01;2.122780e-01;5.266690e-02;2.249028e-01;4.313457e-02;1.709278e-02;1.132302e-02;1.582254e-02
9.224660e-03;4.677294e-02;1.419693e-01;8.124902e-02;1.055504e-01;2.737253e-01;5.154267e-02;1.901384e-01;3.152595e-02;2.247727e-02;2.540781e-02;2.041635e-02
2.349024e-02;5.682169e-02;1.299016e-01;1.046344e-01;1.294644e-01;1.587937e-01;7.415617e-02;1.337108e-01;4.376654e-02;5.465237e-02;5.075702e-02;3.985119e-02
2.509289e-02;6.620210e-02;1.057651e-01;1.526424e-01;1.508483e-01;8.828621e-02;7.426751e-02;1.044865e-01;4.319371e-02;9.329162e-02;5.926638e-02;3.665727e-02
1.644194e-02;5.829786e-02;9.418572e-02;1.647547e-01;1.639043e-01;6.363880e-02;9.051730e-02;1.145610e-01;4.228783e-02;1.128995e-01;4.372036e-02;3.479068e-02
1.365899e-02;2.490191e-02;9.535357e-02;1.356681e-01;1.743455e-01;8.622948e-02;1.387217e-01;1.159579e-01;6.962209e-02;8.367582e-02;2.061281e-02;4.125208e-02
1.809276e-02;2.364761e-02;7.230534e-02;9.217944e-02;1.468654e-01;2.048652e-01;1.232895e-01;1.399281e-01;7.484418e-02;4.966606e-02;1.195453e-02;4.236194e-02
2.428906e-02;2.168252e-02;5.979045e-02;7.199267e-02;4.703767e-02;2.932294e-01;1.053258e-01;2.023015e-01;6.302372e-02;8.006084e-02;9.202667e-03;2.206361e-02
1.751060e-02;2.449119e-02;5.425460e-02;7.208974e-02;6.689516e-02;3.185348e-01;1.158626e-01;1.629210e-01;5.863606e-02;8.208518e-02;1.629442e-02;1.042468e-02
8.655678e-03;3.688032e-02;8.247126e-02;7.038593e-02;7.608264e-02;3.227685e-01;1.505982e-01;1.124437e-01;6.954329e-02;3.984137e-02;1.872481e-02;1.160428e-02
5.180827e-03;3.162090e-02;8.773049e-02;4.720825e-02;5.837140e-02;2.709649e-01;1.385157e-01;2.592308e-01;6.483398e-02;1.162876e-02;1.274686e-02;1.196714e-02
6.316471e-03;3.128658e-02;9.550863e-02;2.306128e-02;5.156896e-02;2.067522e-01;6.536982e-02;3.970836e-01;6.444208e-02;1.582695e-02;2.409518e-02;1.868831e-02
9.868960e-03;2.745442e-02;1.064280e-01;2.804792e-02;4.115099e-02;1.076420e-01;6.077296e-02;4.648372e-01;8.298157e-02;1.765956e-02;3.377870e-02;1.937776e-02
1.231297e-02;2.616397e-02;1.009413e-01;3.605387e-02;1.959470e-02;1.562681e-01;6.291119e-02;4.240552e-01;1.000023e-01;1.218010e-02;3.075625e-02;1.875995e-02
1.746887e-02;2.368196e-02;1.019800e-01;6.924515e-02;5.578700e-02;2.186327e-01;7.208915e-02;2.795304e-01;9.089924e-02;1.880897e-02;2.034407e-02;3.153236e-02
2.021766e-02;4.848197e-02;1.019816e-01;9.262083e-02;8.052137e-02;1.595513e-01;1.245406e-01;2.158804e-01;5.836518e-02;3.613818e-02;2.170061e-02;4.000034e-02
2.286303e-02;6.679034e-02;8.037955e-02;8.374482e-02;1.042857e-01;1.325306e-01;1.037394e-01;2.233316e-01;7.972526e-02;4.014726e-02;2.275825e-02;3.970423e-02
2.634370e-02;6.220760e-02;1.281151e-01;5.751861e-02;8.797621e-02;5.753027e-02;8.663709e-02;2.571000e-01;1.282300e-01;3.287640e-02;2.410242e-02;5.136266e-02
2.406878e-02;4.082055e-02;1.666497e-01;3.758542e-02;5.628159e-02;1.427101e-01;4.781505e-02;2.675767e-01;1.045942e-01;3.131801e-02;2.545237e-02;5.512746e-02
3.272089e-02;3.418279e-02;1.537010e-01;4.599112e-02;5.067835e-02;2.130179e-01;5.817008e-02;2.553000e-01;3.546988e-02;4.687736e-02;3.066619e-02;4.322452e-02
5.678218e-02;3.337892e-02;9.174364e-02;5.689259e-02;5.578895e-02;1.439426e-01;2.777273e-02;2.685347e-01;1.461844e-01;4.581461e-02;3.108924e-02;4.207540e-02
5.541115e-02;1.909643e-02;5.133361e-02;6.389794e-02;4.526466e-02;8.173154e-02;2.220421e-02;3.378949e-01;1.737171e-01;2.679882e-02;3.226648e-02;9.038312e-02
2.959261e-02;1.579462e-02;3.894589e-02;4.444700e-02;4.277970e-02;9.570386e-02;4.777921e-02;3.624454e-01;1.327232e-01;2.053127e-02;4.965349e-02;1.196038e-01
1.470289e-02;2.753126e-02;8.429202e-02;2.549156e-02;4.280145e-02;1.958854e-01;6.667726e-02;2.644678e-01;1.037078e-01;2.950921e-02;5.501499e-02;8.991839e-02
2.353550e-02;9.674485e-02;2.334233e-01;5.479338e-02;6.295084e-02;1.450814e-01;7.079191e-02;1.146798e-01;8.917995e-02;2.813837e-02;3.426718e-02;4.641349e-02
3.015131e-02;1.455030e-01;3.120034e-01;4.805535e-02;6.848986e-02;1.167525e-01;5.558757e-02;6.624559e-02;6.821472e-02;2.443750e-02;2.398252e-02;4.057669e-02
2.463551e-02;1.598185e-01;2.771232e-01;4.007329e-02;4.828374e-02;1.192493e-01;3.543385e-02;1.373322e-01;7.328053e-02;3.061903e-02;1.896035e-02;3.519046e-02
3.329596e-02;1.305857e-01;2.434228e-01;4.581154e-02;3.377971e-02;1.525407e-01;3.089329e-02;1.884515e-01;5.872373e-02;3.333430e-02;1.641563e-02;3.274524e-02
4.959198e-02;1.076845e-01;2.424809e-01;1.008677e-01;5.329348e-02;9.470194e-02;3.586715e-02;1.763501e-01;5.437225e-02;2.500952e-02;3.320722e-02;2.657327e-02
4.281657e-02;7.690284e-02;1.704193e-01;2.002997e-01;6.483714e-02;1.089042e-01;3.513020e-02;1.562645e-01;4.630160e-02;2.475661e-02;5.955379e-02;1.381356e-02
2.049664e-02;5.725547e-02;1.047984e-01;2.986389e-01;6.635949e-02;1.306298e-01;2.657485e-02;1.474452e-01;3.935027e-02;1.073459e-02;8.070146e-02;1.701501e-02
1.516702e-02;6.084558e-02;2.336986e-01;2.851054e-01;4.788330e-02;7.057171e-02;2.210376e-02;1.305040e-01;3.995197e-02;9.446342e-03;6.711470e-02;1.760765e-02
1.676925e-02;8.283419e-02;3.244590e-01;2.219141e-01;4.129193e-02;5.962298e-02;1.997190e-02;9.535143e-02;4.464924e-02;1.889730e-02;6.035209e-02;1.388664e-02
1.579026e-02;1.047288e-01;3.316553e-01;2.012124e-01;3.736328e-02;5.006881e-02;1.460654e-02;8.658259e-02;4.857562e-02;2.338517e-02;7.398197e-02;1.204927e-02
1.597090e-02;9.325925e-02;2.385957e-01;1.538443e-01;5.366062e-02;1.055355e-01;1.541685e-02;1.687299e-01;5.559610e-02;1.956580e-02;5.446301e-02;2.536207e-02
1.502263e-02;7.815629e-02;2.070594e-01;9.686532e-02;4.192126e-02;1.666881e-01;2.197617e-02;2.524275e-01;5.417749e-02;2.027246e-02;1.857895e-02;2.685440e-02
1.768332e-02;9.972183e-02;1.649488e-01;9.396887e-02;4.796492e-02;1.104487e-01;3.156254e-02;3.378237e-01;4.137603e-02;2.252318e-02;1.737084e-02;1.460717e-02
1.878538e-02;1.174894e-01;1.744092e-01;7.564420e-02;4.753247e-02;1.237776e-01;2.351884e-02;2.927516e-01;4.099007e-02;1.764214e-02;3.728370e-02;3.017538e-02
1.475345e-02;1.113225e-01;2.457709e-01;8.923387e-02;5.173090e-02;1.384428e-01;1.538971e-02;2.152891e-01;3.019202e-02;1.549502e-02;4.764030e-02;2.473943e-02
1.092854e-02;1.089815e-01;2.428079e-01;9.677514e-02;5.261283e-02;1.862071e-01;1.490413e-02;1.774153e-01;4.029329e-02;1.748525e-02;3.667130e-02;1.491773e-02
1.268888e-02;1.136293e-01;2.495981e-01;1.210818e-01;3.581653e-02;1.991851e-01;2.689925e-02;1.334101e-01;5.101991e-02;1.228732e-02;2.863500e-02;1.574873e-02
1.204414e-02;1.178578e-01;2.994363e-01;1.436767e-01;3.594843e-02;1.424634e-01;3.570769e-02;1.110404e-01;4.685079e-02;1.630391e-02;1.596409e-02;2.270638e-02
1.879425e-02;1.422433e-01;3.412212e-01;1.683288e-01;5.529340e-02;3.576145e-02;2.274508e-02;1.447856e-01;2.543099e-02;1.512421e-02;9.751350e-03;2.052025e-02
1.863929e-02;1.328638e-01;3.079234e-01;1.335658e-01;6.356106e-02;1.017669e-01;2.116457e-02;1.213150e-01;5.627305e-02;1.223292e-02;1.683625e-02;1.385786e-02
2.767408e-02;1.477167e-01;2.601568e-01;9.557733e-02;5.054387e-02;1.200673e-01;1.713226e-02;1.404321e-01;8.461690e-02;1.795775e-02;2.525969e-02;1.286519e-02
3.939268e-02;1.265096e-01;2.250609e-01;6.450535e-02;3.554819e-02;9.496040e-02;2.074187e-02;2.097104e-01;7.849924e-02;3.387945e-02;4.189585e-02;2.929610e-02
3.420924e-02;1.367400e-01;1.818998e-01;6.080166e-02;3.094076e-02;1.677737e-01;2.183582e-02;1.899622e-01;7.106076e-02;4.064953e-02;3.355175e-02;3.057487e-02
2.249960e-02;1.902396e-01;3.003572e-01;5.768204e-02;2.455380e-02;9.474854e-02;2.350268e-02;9.768575e-02;6.700613e-02;7.093772e-02;2.728170e-02;2.350523e-02
1.696029e-02;1.930101e-01;4.554946e-01;5.366369e-02;1.643600e-02;3.829937e-02;2.410230e-02;3.827584e-02;3.816440e-02;9.341181e-02;1.879204e-02;1.338966e-02
1.251051e-02;1.614627e-01;5.610379e-01;4.537414e-02;1.281768e-02;2.273913e-02;1.596541e-02;1.468125e-02;2.210999e-02;1.050729e-01;1.617389e-02;1.005459e-02
1.497183e-02;1.665484e-01;6.009108e-01;3.933642e-02;1.362645e-02;1.980312e-02;9.188424e-03;1.170353e-02;1.932373e-02;8.708181e-02;6.762092e-03;1.074335e-02
1.723458e-02;1.479098e-01;6.178477e-01;4.037104e-02;9.700708e-03;1.707766e-02;1.528893e-02;2.103442e-02;2.059864e-02;7.895931e-02;2.144908e-03;1.183235e-02
1.363449e-02;1.017539e-01;5.999771e-01;7.332409e-02;6.450753e-03;1.764679e-02;3.796535e-02;2.812094e-02;1.776951e-02;8.782832e-02;6.400977e-03;9.127771e-03
1.295126e-02;7.771252e-02;5.140874e-01;9.848499e-02;1.811925e-02;2.388073e-02;5.804777e-02;4.977650e-02;2.164155e-02;9.112573e-02;2.700138e-02;7.170849e-03
1.318604e-02;6.151442e-02;3.052856e-01;1.596742e-01;3.848884e-02;2.506471e-02;5.493591e-02;1.467560e-01;4.493325e-02;6.347016e-02;7.886082e-02;7.830034e-03
7.416117e-03;4.498006e-02;8.172268e-02;2.526061e-01;5.015227e-02;4.022157e-02;3.055303e-02;2.399861e-01;7.966967e-02;3.481928e-02;1.199136e-01;1.795958e-02
7.271125e-03;4.498835e-02;1.119297e-01;2.147458e-01;8.531332e-02;3.954029e-02;2.549473e-02;1.935584e-01;8.448395e-02;3.897884e-02;9.035137e-02;6.334416e-02
1.308838e-02;4.941448e-02;1.101505e-01;1.592075e-01;1.821077e-01;5.670910e-02;2.740882e-02;1.013306e-01;6.211267e-02;5.115528e-02;4.068211e-02;1.466330e-01
1.854830e-02;3.617723e-02;1.197911e-01;1.150185e-01;2.291626e-01;1.186556e-01;3.528442e-02;4.184376e-02;8.661518e-02;3.580473e-02;2.187002e-02;1.412285e-01
2.256362e-02;3.607295e-02;1.213902e-01;1.220270e-01;1.928609e-01;1.823415e-01;3.916882e-02;4.393278e-02;8.216163e-02;6.469696e-02;1.243944e-02;8.034419e-02
2.800733e-02;4.420660e-02;1.344655e-01;1.370728e-01;9.452298e-02;2.339993e-01;7.289057e-02;5.110106e-02;4.913389e-02;1.094625e-01;1.047419e-02;3.466330e-02
1.543560e-02;6.549874e-02;1.373854e-01;1.058590e-01;3.609354e-02;2.071277e-01;1.697854e-01;6.193041e-02;7.901231e-02;9.241299e-02;1.252693e-02;1.693187e-02
7.059191e-03;7.484236e-02;1.399069e-01;6.962696e-02;7.034896e-02;1.181563e-01;2.166865e-01;1.304522e-01;9.164248e-02;3.835757e-02;2.691437e-02;1.600625e-02
1.234716e-02;8.003442e-02;1.615073e-01;7.005770e-02;9.273615e-02;7.771350e-02;1.354403e-01;2.319864e-01;6.637819e-02;3.190657e-02;2.938309e-02;1.050922e-02
1.139643e-02;9.258182e-02;1.698034e-01;5.430281e-02;8.626617e-02;1.442748e-01;6.285509e-02;2.804200e-01;4.602724e-02;1.826972e-02;2.500018e-02;8.802339e-03
5.454957e-03;9.224852e-02;1.639836e-01;4.582662e-02;5.914922e-02;1.670517e-01;1.028952e-01;2.626335e-01;5.360180e-02;8.880173e-03;1.890399e-02;1.937080e-02
7.649649e-03;7.828066e-02;1.441843e-01;4.521736e-02;2.712978e-02;2.462749e-01;1.041900e-01;2.248341e-01;7.931253e-02;8.231252e-03;1.616273e-02;1.853280e-02
8.262225e-03;7.091693e-02;1.316603e-01;4.653052e-02;2.875742e-02;3.057467e-01;8.595126e-02;1.974072e-01;6.783529e-02;2.409696e-02;1.841623e-02;1.441901e-02
1.054966e-02;7.087550e-02;1.647994e-01;3.916569e-02;3.284074e-02;3.585900e-01;6.435013e-02;1.574999e-01;2.851268e-02;4.062919e-02;1.287715e-02;1.930991e-02
1.332954e-02;7.076510e-02;1.837876e-01;5.401986e-02;4.488810e-02;3.542107e-01;5.795095e-02;1.331013e-01;2.441146e-02;3.391035e-02;6.654727e-03;2.297028e-02
8.402046e-03;8.611640e-02;1.765949e-01;6.127854e-02;7.536869e-02;3.097604e-01;4.428170e-02;1.379688e-01;3.242192e-02;2.774310e-02;1.300316e-02;2.706026e-02
1.330700e-02;9.797327e-02;2.572705e-01;7.197142e-02;8.905587e-02;1.809731e-01;3.038554e-02;1.313287e-01;4.723011e-02;3.730561e-02;1.569356e-02;2.750534e-02
9.455916e-03;9.661841e-02;3.038295e-01;6.448274e-02;1.088048e-01;1.066507e-01;3.254502e-02;1.286455e-01;5.296598e-02;5.089831e-02;2.522646e-02;1.987651e-02
1.010912e-02;7.397991e-02;2.559728e-01;5.371164e-02;1.007458e-01;1.777683e-01;5.300360e-02;1.430773e-01;3.860413e-02;5.866766e-02;2.301710e-02;1.134259e-02
1.539879e-02;6.768017e-02;2.287850e-01;7.228507e-02;8.878608e-02;1.740202e-01;6.646329e-02;1.352701e-01;3.328161e-02;6.581202e-02;2.413893e-02;2.807873e-02
1.980138e-02;9.779838e-02;2.573401e-01;8.060341e-02;8.792945e-02;1.535902e-01;6.853496e-02;1.105794e-01;2.377875e-02;5.725011e-02;1.241476e-02;3.037910e-02
1.746311e-02;1.048942e-01;2.145433e-01;1.078066e-01;9.461538e-02;2.065085e-01;4.486386e-02;8.774736e-02;3.410225e-02;3.820432e-02;1.945876e-02;2.979238e-02
1.349601e-02;8.928727e-02;1.568615e-01;7.849258e-02;1.017295e-01;2.617177e-01;3.177262e-02;1.221524e-01;4.137494e-02;4.100804e-02;2.375601e-02;3.835141e-02
1.033640e-02;8.066920e-02;2.372163e-01;3.880405e-02;9.412189e-02;1.918162e-01;4.135603e-02;1.568240e-01;5.422723e-02;4.024931e-02;2.531518e-02;2.906423e-02
1.399447e-02;7.900358e-02;3.073543e-01;7.595604e-02;7.558043e-02;1.493713e-01;4.505070e-02;1.317366e-01;4.168357e-02;4.671161e-02;1.719059e-02;1.636682e-02
1.488941e-02;8.206581e-02;2.863221e-01;5.991843e-02;3.580761e-02;2.591848e-01;3.608154e-02;1.126359e-01;2.984776e-02;4.305024e-02;2.236325e-02;1.783326e-02
1.823064e-02;9.780730e-02;2.824568e-01;5.457538e-02;4.432743e-02;2.055005e-01;5.657617e-02;1.143061e-01;3.462068e-02;4.036820e-02;3.324973e-02;1.798105e-02
1.987226e-02;1.201527e-01;2.940014e-01;9.321354e-02;7.190672e-02;1.291074e-01;5.566808e-02;8.633489e-02;3.749224e-02;3.706986e-02;2.532193e-02;2.985902e-02
1.685684e-02;1.216497e-01;2.472527e-01;1.134712e-01;1.111094e-01;1.486990e-01;3.512178e-02;9.471302e-02;3.954260e-02;1.843527e-02;1.551684e-02;3.763169e-02
8.503125e-03;1.047730e-01;1.884442e-01;1.128898e-01;1.132286e-01;1.912115e-01;5.039029e-02;1.020033e-01;4.993100e-02;2.543044e-02;2.174747e-02;3.144717e-02
8.950807e-03;9.282583e-02;1.587431e-01;7.901368e-02;9.245002e-02;2.104640e-01;6.189759e-02;1.801219e-01;5.055100e-02;2.711833e-02;1.106363e-02;2.680014e-02
6.090858e-03;7.113455e-02;1.530696e-01;4.414680e-02;7.380475e-02;2.107947e-01;5.457464e-02;2.668793e-01;4.758256e-02;3.753741e-02;1.170533e-02;2.267945e-02
6.908691e-03;4.866814e-02;1.308783e-01;2.820862e-02;6.460863e-02;2.844173e-01;5.151041e-02;2.713057e-01;3.719931e-02;3.405570e-02;2.386503e-02;1.837411e-02
1.050613e-02;5.834173e-02;1.413727e-01;3.763989e-02;8.037235e-02;2.461810e-01;5.803472e-02;2.572095e-01;3.907708e-02;2.442574e-02;2.426347e-02;2.257564e-02
8.704699e-03;6.269634e-02;1.950501e-01;8.174548e-02;1.128723e-01;1.125248e-01;6.565063e-02;2.171291e-01;3.117195e-02;2.893978e-02;3.918749e-02;4.432747e-02
1.741090e-02;6.529761e-02;2.047635e-01;1.027156e-01;1.148317e-01;1.017390e-01;5.080356e-02;1.926915e-01;3.583041e-02;4.047755e-02;3.098700e-02;4.245165e-02
2.260821e-02;8.170814e-02;2.237319e-01;1.053994e-01;9.286125e-02;1.448179e-01;4.269350e-02;1.761406e-01;3.845661e-02;3.090197e-02;1.864768e-02;2.203281e-02
1.941338e-02;1.104196e-01;2.334152e-01;1.376173e-01;1.103799e-01;5.254163e-02;5.156019e-02;1.834826e-01;3.224144e-02;1.740202e-02;2.783274e-02;2.369403e-02
1.333372e-02;1.007790e-01;2.239717e-01;9.763218e-02;1.166505e-01;1.579307e-01;3.396451e-02;1.543760e-01;3.102796e-02;2.935652e-02;2.056462e-02;2.041260e-02
1.657895e-02;9.411269e-02;2.671239e-01;8.583423e-02;1.017547e-01;2.028111e-01;1.562330e-02;1.177284e-01;3.980349e-02;2.568123e-02;1.117616e-02;2.177193e-02
1.571670e-02;8.877124e-02;2.820419e-01;8.536387e-02;6.913424e-02;2.041589e-01;3.929215e-02;1.131386e-01;4.612854e-02;2.274840e-02;1.558108e-02;1.792443e-02
1.375899e-02;8.195335e-02;2.647718e-01;7.742985e-02;8.869427e-02;1.891891e-01;5.978895e-02;1.165287e-01;5.013014e-02;2.421224e-02;1.778710e-02;1.575555e-02
1.471459e-02;8.120085e-02;2.214776e-01;7.930915e-02;1.125957e-01;1.859218e-01;6.143946e-02;1.343897e-01;4.537634e-02;2.777225e-02;2.064699e-02;1.515562e-02
1.621646e-02;5.679958e-02;1.847943e-01;8.122846e-02;1.148139e-01;2.462713e-01;5.656227e-02;1.358288e-01;4.295943e-02;2.251191e-02;2.284486e-02;1.916878e-02
1.769146e-02;4.524547e-02;1.596889e-01;9.392595e-02;1.068294e-01;2.560682e-01;6.262935e-02;1.444532e-01;4.233442e-02;2.078352e-02;2.104425e-02;2.930585e-02
1.263931e-02;5.212949e-02;1.666019e-01;1.014766e-01;1.097344e-01;2.411259e-01;5.368528e-02;1.362743e-01;4.608352e-02;3.230889e-02;1.216551e-02;3.577483e-02
2.088817e-02;6.930517e-02;2.095144e-01;9.767083e-02;9.818023e-02;2.210793e-01;3.847197e-02;9.346443e-02;5.153736e-02;4.501968e-02;2.166974e-02;3.319876e-02
2.943745e-02;8.275431e-02;1.568262e-01;6.769525e-02;6.249175e-02;2.676760e-01;7.830825e-02;1.080457e-01;4.684994e-02;4.727212e-02;2.119031e-02;3.145276e-02
3.310880e-02;8.611842e-02;1.109216e-01;7.164402e-02;3.244000e-02;2.630324e-01;1.218034e-01;1.541491e-01;4.584645e-02;3.447688e-02;1.396065e-02;3.249829e-02
2.339249e-02;8.891100e-02;1.475806e-01;7.770719e-02;4.459683e-02;2.279914e-01;1.257069e-01;1.370705e-01;4.969087e-02;2.430994e-02;2.125635e-02;3.178582e-02
1.941537e-02;9.797859e-02;1.735002e-01;7.261799e-02;7.307899e-02;2.102497e-01;9.502740e-02;1.315091e-01;4.666061e-02;3.087143e-02;1.749448e-02;3.159606e-02
2.374361e-02;1.062411e-01;2.173503e-01;6.248669e-02;7.485722e-02;1.997610e-01;1.024439e-01;1.069626e-01;4.698928e-02;2.806870e-02;5.254967e-03;2.584058e-02
2.253701e-02;1.148837e-01;3.025719e-01;7.418224e-02;7.683819e-02;1.232255e-01;9.992598e-02;8.725080e-02;5.111605e-02;1.784000e-02;5.825892e-03;2.380277e-02
1.779714e-02;1.293274e-01;3.200640e-01;5.277142e-02;6.764648e-02;1.221716e-01;5.259353e-02;1.230811e-01;3.815136e-02;2.477251e-02;1.554538e-02;3.607797e-02
2.160705e-02;1.227775e-01;2.294461e-01;5.825138e-02;4.753459e-02;1.480470e-01;4.760018e-02;1.476221e-01;5.499985e-02;3.505649e-02;3.111060e-02;5.594715e-02
2.093200e-02;8.497205e-02;1.151623e-01;6.792907e-02;4.798196e-02;1.529182e-01;1.014559e-01;1.930767e-01;6.435653e-02;5.126875e-02;4.846990e-02;5.147653e-02
1.078818e-02;6.997619e-02;1.287717e-01;9.515169e-02;8.567897e-02;8.879188e-02;1.331377e-01;1.723575e-01;4.798822e-02;5.436273e-02;5.964142e-02;5.335381e-02
1.902305e-02;4.284161e-02;1.052216e-01;9.854878e-02;1.429106e-01;1.830003e-01;1.077315e-01;9.663042e-02;3.899773e-02;4.136403e-02;4.300430e-02;8.072612e-02
4.626762e-02;2.067181e-02;6.125484e-02;6.111282e-02;1.841206e-01;3.296205e-01;7.823727e-02;4.639461e-02;3.709581e-02;2.912511e-02;1.589154e-02;9.020742e-02
7.000947e-02;1.499692e-02;3.718634e-02;2.406358e-02;1.363446e-01;4.887843e-01;5.831945e-02;5.949085e-02;2.106225e-02;3.947990e-02;4.202754e-03;4.605958e-02
6.178965e-02;1.752549e-02;1.943864e-02;2.184098e-02;7.602409e-02;5.452842e-01;1.037134e-01;7.828159e-02;1.201498e-02;4.114280e-02;6.733659e-03;1.621044e-02
3.871701e-02;3.260428e-02;2.145416e-02;2.889836e-02;3.493718e-02;4.628423e-01;2.266481e-01;8.976740e-02;1.221706e-02;2.722718e-02;1.352135e-02;1.116560e-02
1.904854e-02;4.408337e-02;2.236079e-02;2.067373e-02;4.191826e-02;3.221055e-01;3.255576e-01;1.370259e-01;1.705603e-02;1.853256e-02;2.435128e-02;7.286496e-03
7.650043e-03;4.694725e-02;4.331894e-02;1.737338e-02;7.065650e-02;2.243623e-01;2.926435e-01;1.917315e-01;3.638915e-02;2.845107e-02;2.892144e-02;1.155490e-02
1.355212e-02;4.347713e-02;5.382169e-02;2.246096e-02;6.643322e-02;4.203664e-01;1.021728e-01;1.747518e-01;4.030865e-02;3.288667e-02;2.141673e-02;8.351882e-03
8.338301e-03;4.063148e-02;3.013095e-02;2.178932e-02;4.850991e-02;5.146481e-01;5.739745e-02;2.018796e-01;3.769027e-02;1.911541e-02;1.486487e-02;5.004296e-03
1.171868e-02;2.967207e-02;2.566888e-02;1.959652e-02;4.789519e-02;5.001705e-01;9.363826e-02;2.014589e-01;3.495137e-02;8.640201e-03;1.827539e-02;8.314031e-03
5.793886e-03;2.504593e-02;4.603657e-02;2.053723e-02;3.332451e-02;3.409563e-01;1.522479e-01;2.781886e-01;5.939088e-02;1.124087e-02;1.537327e-02;1.186402e-02
1.376671e-02;2.808973e-02;4.953861e-02;4.960323e-02;3.688962e-02;1.992761e-01;1.224216e-01;3.299073e-01;1.332299e-01;1.544381e-02;9.531963e-03;1.230139e-02
2.737297e-02;1.920364e-02;4.039589e-02;1.086711e-01;3.046503e-02;1.236491e-01;8.348397e-02;2.622225e-01;2.717118e-01;2.153213e-02;3.672889e-03;7.619016e-03
4.082546e-02;1.675666e-02;2.786735e-02;1.383508e-01;1.666902e-02;9.683414e-02;1.126107e-01;1.374902e-01;3.743953e-01;2.446289e-02;5.990490e-03;7.747085e-03
3.383472e-02;1.744210e-02;2.571261e-02;1.035049e-01;1.180133e-02;1.027697e-01;1.357449e-01;2.035377e-01;3.218056e-01;2.338557e-02;9.111223e-03;1.134975e-02
1.750050e-02;1.394972e-02;3.093717e-02;6.286020e-02;1.397066e-02;1.941078e-01;1.083092e-01;2.756832e-01;2.368173e-01;2.467090e-02;9.095577e-03;1.209780e-02
1.695065e-02;1.547239e-02;4.581627e-02;4.597742e-02;2.748724e-02;3.145653e-01;6.120776e-02;2.454494e-01;1.642716e-01;2.712094e-02;1.180686e-02;2.387408e-02
2.504257e-02;2.938433e-02;6.118002e-02;7.594141e-02;4.018787e-02;3.629958e-01;4.989329e-02;1.401250e-01;1.331192e-01;2.712228e-02;1.562612e-02;3.938210e-02
2.433368e-02;3.007412e-02;5.153031e-02;7.168910e-02;4.381494e-02;2.747647e-01;8.202964e-02;1.983951e-01;1.340154e-01;2.813963e-02;2.767674e-02;3.353656e-02
3.274009e-02;2.193717e-02;4.406183e-02;6.067294e-02;6.872830e-02;2.384894e-01;1.375673e-01;1.504365e-01;1.314017e-01;3.770175e-02;4.564853e-02;3.061436e-02
3.427062e-02;2.361848e-02;4.344419e-02;6.336098e-02;7.902241e-02;1.974335e-01;1.733489e-01;1.654924e-01;1.169553e-01;3.931672e-02;4.385376e-02;1.988271e-02
3.795306e-02;3.933596e-02;5.911326e-02;8.537611e-02;7.922678e-02;1.700802e-01;1.476852e-01;1.627014e-01;1.116776e-01;4.688756e-02;3.417363e-02;2.578926e-02
4.694618e-02;4.854923e-02;6.504185e-02;5.994134e-02;8.110504e-02;2.273676e-01;6.850102e-02;1.800111e-01;1.108090e-01;5.531305e-02;2.825066e-02;2.816396e-02
3.863706e-02;5.323069e-02;4.484357e-02;7.830152e-02;7.998463e-02;2.794556e-01;4.799818e-02;1.554365e-01;1.126291e-01;5.750964e-02;1.746800e-02;3.450548e-02
4.526602e-02;3.211986e-02;3.181210e-02;1.066314e-01;6.959816e-02;2.269289e-01;3.132526e-02;1.717150e-01;1.560253e-01;9.496504e-02;1.595838e-02;1.765459e-02
4.150582e-02;1.951303e-02;1.866379e-02;8.538343e-02;8.216351e-02;1.664084e-01;3.125477e-02;1.820643e-01;1.867136e-01;1.587643e-01;1.528270e-02;1.228235e-02
3.454442e-02;2.365921e-02;1.891189e-02;4.757466e-02;1.159457e-01;1.555050e-01;3.046703e-02;8.803434e-02;1.737377e-01;2.528403e-01;4.413059e-02;1.464900e-02
4.760483e-02;2.696715e-02;2.690253e-02;1.025323e-01;1.347870e-01;1.170920e-01;2.529679e-02;7.942779e-02;1.556312e-01;2.262252e-01;2.426066e-02;3.327252e-02
7.365786e-02;2.508038e-02;5.716187e-02;1.750768e-01;1.020079e-01;8.051841e-02;2.045328e-02;8.324336e-02;1.745543e-01;1.370020e-01;1.924933e-02;5.199451e-02
6.123958e-02;1.871670e-02;1.115302e-01;1.530391e-01;4.836418e-02;6.285460e-02;2.193201e-02;1.705795e-01;1.491104e-01;7.070722e-02;2.039973e-02;1.115267e-01
2.965048e-02;7.560342e-03;1.575263e-01;6.385802e-02;2.009904e-02;5.021159e-02;1.868574e-02;3.071491e-01;1.011953e-01;5.009737e-02;1.398576e-02;1.799809e-01
2.416160e-02;1.156762e-02;1.447829e-01;2.334964e-02;1.593465e-02;3.911493e-02;5.343625e-02;3.705927e-01;6.587069e-02;5.717486e-02;1.389027e-02;1.801239e-01
1.534367e-02;1.354175e-02;1.059997e-01;3.943736e-02;1.745894e-02;6.464735e-02;1.093832e-01;3.579868e-01;5.478331e-02;6.275109e-02;1.689471e-02;1.417720e-01
1.396501e-02;2.301754e-02;8.757345e-02;4.624474e-02;1.967628e-02;1.301418e-01;1.500336e-01;2.959921e-01;5.401771e-02;5.609081e-02;1.118767e-02;1.120593e-01
1.536159e-02;2.875622e-02;8.328179e-02;9.894645e-02;3.566933e-02;2.371501e-01;1.322838e-01;1.684210e-01;4.357816e-02;4.544319e-02;2.710974e-02;8.399869e-02
1.446728e-02;1.683943e-02;7.088866e-02;9.079400e-02;4.912845e-02;2.997054e-01;8.931489e-02;1.777918e-01;5.089569e-02;4.851085e-02;2.744746e-02;6.421616e-02
8.831413e-03;1.636123e-02;5.089176e-02;5.110746e-02;3.742007e-02;3.173484e-01;7.966887e-02;2.740213e-01;6.471756e-02;4.693779e-02;1.272431e-02;3.996979e-02
9.174164e-03;1.629422e-02;2.979347e-02;2.839478e-02;2.778800e-02;3.355453e-01;1.002030e-01;3.108754e-01;6.252719e-02;4.691930e-02;6.841301e-03;2.564389e-02
9.690305e-03;1.556912e-02;2.579216e-02;2.690462e-02;2.596695e-02;3.842863e-01;1.207339e-01;2.597417e-01;3.757435e-02;4.348103e-02;1.383126e-02;3.642838e-02
6.140368e-03;1.441878e-02;2.457083e-02;2.537672e-02;2.535110e-02;3.552513e-01;1.303816e-01;2.802480e-01;4.353391e-02;3.461617e-02;2.057186e-02;3.953943e-02
3.810990e-03;1.881735e-02;3.786935e-02;2.513449e-02;3.299901e-02;2.883867e-01;1.562656e-01;3.129056e-01;3.818336e-02;2.865604e-02;1.606823e-02;4.090335e-02
6.835186e-03;2.450435e-02;4.126722e-02;3.248296e-02;3.368441e-02;2.884335e-01;1.660562e-01;3.000121e-01;3.485305e-02;2.041445e-02;9.662515e-03;4.179405e-02
1.392364e-02;2.206561e-02;3.482910e-02;4.368122e-02;2.491272e-02;3.865070e-01;1.284066e-01;2.448106e-01;4.868886e-02;1.680518e-02;5.653724e-03;2.971572e-02
2.662785e-02;1.898787e-02;3.621277e-02;5.015530e-02;1.876964e-02;5.321037e-01;8.288756e-02;1.264736e-01;5.588175e-02;2.806636e-02;4.236748e-03;1.959690e-02
3.450312e-02;1.594870e-02;4.275373e-02;4.057505e-02;3.091697e-02;5.689015e-01;2.374711e-02;1.319685e-01;6.550173e-02;2.537860e-02;6.043508e-03;1.376156e-02
2.445190e-02;1.703327e-02;5.090638e-02;4.245072e-02;6.100714e-02;5.181223e-01;4.057584e-02;1.296593e-01;6.480163e-02;1.271928e-02;1.028982e-02;2.798242e-02
1.070887e-02;2.104014e-02;6.321788e-02;5.354562e-02;1.001542e-01;4.430457e-01;6.234609e-02;1.138493e-01;5.849304e-02;5.900460e-03;1.232910e-02;5.536965e-02
1.289436e-02;2.442105e-02;9.586757e-02;6.449009e-02;1.082919e-01;3.623873e-01;8.124140e-02;1.296232e-01;2.694727e-02;1.187588e-02;2.222005e-02;5.973990e-02
1.329753e-02;2.059900e-02;1.299089e-01;6.398154e-02;8.526853e-02;3.555567e-01;6.327257e-02;1.338470e-01;4.078339e-02;2.155781e-02;3.471434e-02;3.721267e-02
2.326705e-02;4.364430e-02;1.823658e-01;8.350648e-02;7.240173e-02;1.957110e-01;5.708239e-02;1.275198e-01;6.187321e-02;3.168207e-02;4.306617e-02;7.788008e-02
2.758127e-02;3.620051e-02;1.657035e-01;7.049744e-02;4.945147e-02;2.428365e-01;4.561256e-02;1.613451e-01;6.071106e-02;4.770558e-02;3.282387e-02;5.953127e-02
2.279272e-02;2.490949e-02;1.132291e-01;8.393162e-02;7.474644e-02;3.427759e-01;5.192233e-02;1.348281e-01;3.538091e-02;5.374587e-02;3.298577e-02;2.875177e-02
2.203238e-02;2.646414e-02;9.600525e-02;1.154501e-01;1.087523e-01;2.434036e-01;4.569458e-02;1.646564e-01;3.501276e-02;4.763755e-02;5.448021e-02;4.041078e-02
2.582575e-02;2.961108e-02;9.986296e-02;1.506646e-01;1.293762e-01;1.443809e-01;2.795129e-02;1.583727e-01;4.504322e-02;4.122777e-02;1.099737e-01;3.770986e-02
3.677883e-02;2.750120e-02;1.082288e-01;1.783247e-01;1.215723e-01;9.212895e-02;2.808885e-02;1.207496e-01;4.054244e-02;5.057350e-02;1.724054e-01;2.310546e-02
2.553747e-02;1.702553e-02;6.847595e-02;1.459358e-01;8.428589e-02;1.661467e-01;4.479427e-02;2.007683e-01;3.179984e-02;4.692161e-02;1.529721e-01;1.533656e-02
1.885858e-02;1.853841e-02;4.739751e-02;1.348906e-01;8.368092e-02;1.714817e-01;7.940005e-02;2.342663e-01;3.039501e-02;4.073997e-02;1.128111e-01;2.753987e-02
1.778775e-02;1.732851e-02;5.271183e-02;1.807320e-01;1.397610e-01;9.316292e-02;8.452895e-02;1.725389e-01;2.930761e-02;3.904464e-02;8.838332e-02;8.471261e-02
2.899836e-02;1.047914e-02;4.133674e-02;1.791068e-01;2.060505e-01;1.582608e-01;3.080482e-02;9.194893e-02;3.441161e-02;2.561541e-02;4.971946e-02;1.432675e-01
9.148808e-02;1.742772e-02;3.850066e-02;1.223954e-01;1.934085e-01;2.081953e-01;2.000280e-02;8.321638e-02;2.964267e-02;1.931817e-02;2.293634e-02;1.534680e-01
2.025299e-01;3.432927e-02;3.613281e-02;6.634253e-02;1.131201e-01;2.370546e-01;6.275290e-02;7.025267e-02;2.056153e-02;1.977976e-02;2.425116e-02;1.128928e-01
2.154244e-01;6.971347e-02;2.798734e-02;4.878049e-02;3.697351e-02;2.497059e-01;1.628320e-01;8.961756e-02;1.707231e-02;1.831146e-02;2.414675e-02;3.943475e-02
1.324835e-01;8.851223e-02;3.022101e-02;5.540465e-02;6.036591e-02;1.563595e-01;2.336413e-01;1.650520e-01;2.960557e-02;1.391370e-02;2.801686e-02;6.423903e-03
4.312474e-02;6.310397e-02;6.500670e-02;6.817697e-02;8.319160e-02;9.884823e-02;1.788460e-01;2.880864e-01;5.233986e-02;1.110049e-02;2.787136e-02;2.030367e-02
1.974514e-02;2.591320e-02;7.910345e-02;9.423125e-02;8.484732e-02;1.520260e-01;7.211249e-02;2.995454e-01;9.106301e-02;1.368286e-02;4.001635e-02;2.771353e-02
4.160022e-02;2.846847e-02;6.435587e-02;9.535945e-02;6.756829e-02;1.522324e-01;6.758263e-02;1.882957e-01;1.737571e-01;4.037121e-02;5.598191e-02;2.442681e-02
5.607845e-02;2.635377e-02;4.417387e-02;6.214550e-02;4.293562e-02;1.135513e-01;3.463900e-02;1.275062e-01;2.156309e-01;1.312650e-01;9.371042e-02;5.200995e-02
5.393544e-02;6.239161e-02;5.673155e-02;2.949670e-02;2.350228e-02;1.114729e-01;7.259317e-02;1.010992e-01;1.210889e-01;1.384891e-01;1.424977e-01;8.670153e-02
6.217191e-02;1.767455e-01;1.354715e-01;2.651363e-02;2.191309e-02;1.233717e-01;5.121278e-02;4.002611e-02;4.830484e-02;6.971972e-02;1.379486e-01;1.066007e-01
6.024224e-02;2.808448e-01;2.202998e-01;2.357108e-02;1.562212e-02;1.415003e-01;2.446834e-02;5.601773e-02;3.414184e-02;1.318467e-02;5.978248e-02;7.032461e-02
6.246941e-02;2.627832e-01;2.498713e-01;3.997184e-02;3.132452e-02;1.131430e-01;2.892007e-02;7.288801e-02;5.335312e-02;8.764721e-03;1.883567e-02;5.767511e-02
5.115800e-02;1.448122e-01;2.198789e-01;2.876468e-02;5.525432e-02;1.358822e-01;5.918739e-02;1.176784e-01;7.142121e-02;3.177874e-02;2.018235e-02;6.400158e-02
5.122849e-02;6.496334e-02;1.936990e-01;3.013417e-02;5.765962e-02;1.775115e-01;6.383746e-02;1.573757e-01;5.305607e-02;5.566199e-02;2.278695e-02;7.208559e-02
6.144297e-02;7.989012e-02;1.549804e-01;5.211706e-02;6.315957e-02;2.062004e-01;2.031913e-02;1.909238e-01;5.269742e-02;5.493716e-02;1.892595e-02;4.440606e-02
9.135032e-02;2.838388e-02;1.243185e-01;7.322402e-02;8.234166e-02;2.584101e-01;2.559542e-02;1.349406e-01;6.324179e-02;4.820985e-02;3.522146e-02;3.476249e-02
1.140390e-01;8.489936e-02;1.337816e-01;7.845582e-02;8.265959e-02;2.001736e-01;2.965393e-02;7.240462e-02;7.270804e-02;4.472345e-02;4.579789e-02;4.070301e-02
6.079536e-02;1.013347e-01;1.466179e-01;5.593737e-02;7.202919e-02;1.842672e-01;5.087262e-02;1.359607e-01;7.525362e-02;4.293984e-02;3.846978e-02;3.552168e-02
4.793536e-02;9.081438e-02;1.458161e-01;5.625477e-02;7.828070e-02;2.269554e-01;6.673379e-02;1.193201e-01;6.049000e-02;5.230071e-02;2.976973e-02;2.532889e-02
7.652307e-02;5.002237e-02;1.442637e-01;4.836334e-02;9.202996e-02;3.097180e-01;7.348913e-02;7.262114e-02;4.001768e-02;5.050356e-02;2.488444e-02;1.756356e-02
9.175113e-02;8.572342e-02;1.505446e-01;3.627827e-02;9.926532e-02;2.663550e-01;4.329940e-02;7.140823e-02;3.503144e-02;5.268208e-02;4.119639e-02;2.646467e-02
1.184065e-01;1.167634e-01;1.641609e-01;2.959608e-02;8.518603e-02;1.640122e-01;4.071182e-02;5.638620e-02;3.924855e-02;5.143483e-02;9.223063e-02;4.186285e-02
8.682038e-02;1.037516e-01;1.587822e-01;2.930922e-02;6.054425e-02;2.236892e-01;5.146105e-02;9.109190e-02;3.149920e-02;3.427320e-02;8.377913e-02;4.499870e-02
5.702574e-02;1.309419e-01;1.985065e-01;5.659936e-02;5.576815e-02;1.614802e-01;6.995692e-02;1.239457e-01;2.737678e-02;3.311780e-02;3.704243e-02;4.823859e-02
7.445581e-02;1.510671e-01;1.999686e-01;6.099643e-02;6.510290e-02;1.661818e-01;4.523516e-02;1.151248e-01;4.089455e-02;2.392418e-02;1.252656e-02;4.452214e-02
1.058153e-01;1.159782e-01;1.739353e-01;7.033656e-02;4.478146e-02;1.759033e-01;5.522658e-02;1.115529e-01;3.874552e-02;4.152578e-02;2.369373e-02;4.250538e-02
1.004374e-01;8.413451e-02;1.612818e-01;6.988806e-02;3.506037e-02;1.151940e-01;6.058930e-02;1.606921e-01;8.166644e-02;3.832794e-02;3.026988e-02;6.245836e-02
7.433822e-02;8.386936e-02;1.424978e-01;6.145946e-02;6.574015e-02;9.760731e-02;3.673652e-02;2.373776e-01;8.902020e-02;1.674711e-02;3.379152e-02;6.081480e-02
3.916709e-02;9.265293e-02;1.210648e-01;6.258125e-02;7.787415e-02;1.807483e-01;3.682147e-02;2.433070e-01;5.884901e-02;2.504434e-02;2.647554e-02;3.541415e-02
3.856336e-02;1.107807e-01;1.086686e-01;6.200173e-02;8.235385e-02;1.983722e-01;4.556843e-02;2.069941e-01;7.146837e-02;3.687775e-02;1.606802e-02;2.228291e-02
6.371746e-02;1.265366e-01;1.202365e-01;6.684478e-02;9.266040e-02;1.422086e-01;5.075099e-02;1.535834e-01;7.168614e-02;6.190184e-02;2.340523e-02;2.646797e-02
1.169133e-01;1.194452e-01;1.532148e-01;8.682660e-02;7.543308e-02;8.083431e-02;7.804714e-02;1.069908e-01;4.606310e-02;7.947268e-02;2.287911e-02;3.387994e-02
1.150166e-01;1.290922e-01;1.258583e-01;7.592778e-02;6.309953e-02;1.155833e-01;8.327217e-02;8.259507e-02;6.431736e-02;6.300040e-02;2.333302e-02;5.890426e-02
1.134365e-01;1.361851e-01;1.510234e-01;6.423923e-02;6.244586e-02;1.449045e-01;5.554776e-02;9.370423e-02;5.243455e-02;5.283568e-02;2.275611e-02;5.048699e-02
9.974001e-02;1.689633e-01;1.555601e-01;6.031415e-02;4.669139e-02;1.356947e-01;6.024478e-02;7.773442e-02;7.619181e-02;4.611814e-02;3.166376e-02;4.108351e-02
1.064344e-01;1.522842e-01;1.355224e-01;4.886697e-02;4.084923e-02;1.102465e-01;6.104597e-02;1.000087e-01;7.772244e-02;5.658766e-02;3.969907e-02;7.073244e-02
1.302317e-01;1.002763e-01;1.241395e-01;4.769199e-02;5.235403e-02;1.373307e-01;6.661353e-02;1.076952e-01;5.246612e-02;8.827767e-02;3.743059e-02;5.549264e-02
1.127604e-01;1.543377e-01;1.175645e-01;4.700410e-02;5.908472e-02;1.869302e-01;4.407026e-02;6.252743e-02;7.058993e-02;7.039167e-02;4.159616e-02;3.314291e-02
6.651092e-02;1.805831e-01;9.823725e-02;3.231107e-02;5.658241e-02;1.878174e-01;6.409571e-02;7.252940e-02;7.507720e-02;7.430190e-02;3.885055e-02;5.310311e-02
3.463945e-02;1.982571e-01;7.025346e-02;3.095340e-02;5.565180e-02;1.680860e-01;8.575255e-02;9.476198e-02;6.262611e-02;8.202909e-02;3.905154e-02;7.793747e-02
7.440088e-02;1.748458e-01;6.795779e-02;5.161878e-02;2.410692e-02;1.685443e-01;9.274688e-02;8.299456e-02;7.031143e-02;7.060571e-02;3.058366e-02;9.128336e-02
9.054773e-02;1.126333e-01;7.243951e-02;6.436511e-02;2.865510e-02;1.584751e-01;1.317490e-01;8.566996e-02;9.462862e-02;4.728166e-02;2.979677e-02;8.375810e-02
1.054850e-01;8.204739e-02;8.336584e-02;5.251861e-02;3.398488e-02;1.950514e-01;1.247411e-01;1.141065e-01;8.916360e-02;5.115389e-02;2.294465e-02;4.543708e-02
1.193925e-01;7.893462e-02;9.268623e-02;4.295843e-02;4.830679e-02;1.666063e-01;1.210713e-01;1.153737e-01;7.064453e-02;6.995787e-02;3.365532e-02;4.041242e-02
8.338404e-02;9.227189e-02;9.930297e-02;4.413714e-02;8.421504e-02;1.402608e-01;1.019825e-01;1.140092e-01;6.648083e-02;6.591292e-02;4.741925e-02;6.062340e-02
9.238869e-02;1.526456e-01;9.550352e-02;3.693824e-02;5.442903e-02;2.058545e-01;5.548891e-02;9.003562e-02;7.981049e-02;5.078419e-02;3.733413e-02;4.878712e-02
7.746430e-02;1.930877e-01;8.676267e-02;4.030644e-02;4.018299e-02;2.101516e-01;3.251408e-02;1.214571e-01;9.740274e-02;5.932100e-02;1.885504e-02;2.249436e-02
5.122546e-02;1.362751e-01;7.014238e-02;4.789925e-02;7.904310e-02;1.734473e-01;4.750505e-02;1.846760e-01;8.610944e-02;5.093842e-02;3.728852e-02;3.544993e-02
7.128785e-02;1.017762e-01;7.932688e-02;8.303799e-02;1.058586e-01;8.494499e-02;5.890197e-02;2.058346e-01;7.827910e-02;5.038917e-02;2.968600e-02;5.067672e-02
9.757790e-02;1.357923e-01;9.993148e-02;8.774778e-02;8.782402e-02;7.890968e-02;9.308442e-02;1.564404e-01;5.805001e-02;2.906346e-02;2.145983e-02;5.411873e-02
1.023193e-01;1.384104e-01;9.316906e-02;7.896621e-02;6.754696e-02;1.629631e-01;8.429408e-02;1.026542e-01;6.350164e-02;2.874001e-02;3.296062e-02;4.447438e-02
5.487601e-02;1.144721e-01;5.468092e-02;6.077506e-02;6.325844e-02;2.892682e-01;5.347622e-02;1.221941e-01;6.041938e-02;3.957495e-02;3.508158e-02;5.192294e-02
3.350014e-02;1.125906e-01;7.517575e-02;4.425233e-02;5.853202e-02;2.544823e-01;7.593554e-02;1.753013e-01;6.514793e-02;3.149578e-02;3.199032e-02;4.159600e-02
2.787583e-02;1.387519e-01;1.359011e-01;6.392485e-02;5.846691e-02;1.015126e-01;9.227249e-02;2.100893e-01;7.962076e-02;2.640693e-02;3.230822e-02;3.286918e-02
3.048174e-02;8.599780e-02;1.235192e-01;6.401337e-02;7.261466e-02;2.198064e-01;9.436514e-02;1.574060e-01;6.762709e-02;2.027237e-02;3.316522e-02;3.073098e-02
2.112546e-02;1.044330e-01;1.449519e-01;6.544076e-02;7.636227e-02;1.122643e-01;8.303066e-02;2.077640e-01;8.173610e-02;2.699420e-02;3.970957e-02;3.618781e-02
4.457354e-02;9.481663e-02;1.523205e-01;5.492052e-02;5.608756e-02;1.962483e-01;5.676560e-02;1.819309e-01;9.602457e-02;2.617032e-02;2.166149e-02;1.848004e-02
7.599542e-02;8.879000e-02;1.850354e-01;7.093750e-02;5.464671e-02;1.437994e-01;5.274761e-02;1.340297e-01;1.038130e-01;4.264235e-02;2.381259e-02;2.375034e-02
4.903197e-02;8.466007e-02;9.844849e-02;5.342927e-02;4.606152e-02;1.088839e-01;4.830643e-02;2.694773e-01;1.292976e-01;5.886439e-02;3.154129e-02;2.199772e-02
1.599563e-02;5.065380e-02;5.015472e-02;2.775943e-02;2.498199e-02;1.081530e-01;1.998077e-02;3.402619e-01;2.595513e-01;5.121195e-02;3.306473e-02;1.823071e-02
7.034678e-03;2.191273e-02;2.668231e-02;1.726117e-02;1.421393e-02;9.527071e-02;1.258958e-02;4.560443e-01;2.858621e-01;3.606717e-02;1.667763e-02;1.038375e-02
6.390487e-03;1.579960e-02;1.816581e-02;2.169639e-02;1.176028e-02;9.092906e-02;1.504656e-02;4.928961e-01;2.905899e-01;2.063779e-02;8.343847e-03;7.744221e-03
