4.867249e-02;5.086279e-02;6.252167e-02;6.412815e-02;7.878649e-02;3.193629e-01;9.225224e-02;6.586820e-02;1.029416e-01;5.103000e-02;2.691534e-02;3.665809e-02
4.973175e-02;3.928230e-02;4.962563e-02;4.508143e-02;8.321457e-02;4.535906e-01;6.464817e-02;7.644410e-02;6.143636e-02;3.829028e-02;1.531975e-02;2.333502e-02
3.272525e-02;2.993502e-02;5.024702e-02;1.937710e-02;7.260183e-02;5.810134e-01;5.139369e-02;6.694014e-02;3.008502e-02;4.227975e-02;1.035360e-02;1.304815e-02
1.506607e-02;1.566039e-02;2.561705e-02;3.102041e-02;5.208961e-02;5.938843e-01;9.263553e-02;7.086272e-02;1.788138e-02;6.412503e-02;8.667803e-03;1.248974e-02
1.487957e-02;1.311132e-02;1.940742e-02;2.542691e-02;2.083482e-02;5.741777e-01;1.277973e-01;9.019011e-02;1.545012e-02;7.957877e-02;9.385368e-03;9.760597e-03
1.219555e-02;1.154148e-02;2.260357e-02;1.630242e-02;3.098325e-02;5.603241e-01;1.285256e-01;1.146055e-01;1.525332e-02;7.433626e-02;8.045050e-03;5.283852e-03
1.331538e-02;2.203389e-02;5.702151e-02;2.815673e-02;6.348113e-02;5.319173e-01;1.025046e-01;9.864739e-02;1.319517e-02;4.828039e-02;1.197781e-02;9.468575e-03
1.514458e-02;4.957490e-02;1.197658e-01;4.863305e-02;9.968083e-02;3.859242e-01;7.466484e-02;1.152145e-01;2.500463e-02;2.699068e-02;1.922959e-02;2.017238e-02
2.310559e-02;7.165925e-02;1.453199e-01;5.302890e-02;9.639191e-02;3.237717e-01;5.065251e-02;1.304714e-01;3.085791e-02;2.777448e-02;2.129548e-02;2.567089e-02
1.749705e-02;6.256580e-02;6.760615e-02;3.321662e-02;4.720049e-02;4.923005e-01;1.002918e-01;8.331715e-02;4.187375e-02;2.901205e-02;9.981128e-03;1.513751e-02
1.911743e-02;5.379944e-02;9.044887e-02;1.965235e-02;5.038379e-02;5.386753e-01;7.848819e-02;5.873622e-02;3.446215e-02;3.777220e-02;5.584284e-03;1.287975e-02
2.120770e-02;4.958365e-02;7.097828e-02;2.308637e-02;5.413350e-02;5.452014e-01;4.959851e-02;9.394664e-02;2.542361e-02;4.779149e-02;7.446094e-03;1.160279e-02
1.497224e-02;3.875053e-02;3.720417e-02;2.509644e-02;5.140304e-02;5.991355e-01;2.906337e-02;1.191955e-01;1.854392e-02;4.954891e-02;7.341073e-03;9.745411e-03
1.381820e-02;3.672045e-02;6.805389e-02;2.449218e-02;7.648548e-02;5.226471e-01;4.924193e-02;1.307698e-01;2.814669e-02;3.629485e-02;4.759317e-03;8.570146e-03
1.509152e-02;4.879797e-02;8.571874e-02;2.609205e-02;8.461598e-02;4.015565e-01;1.007319e-01;1.318698e-01;4.210503e-02;5.106145e-02;8.125233e-03;4.233822e-03
1.382177e-02;3.698274e-02;8.660886e-02;2.700882e-02;8.833701e-02;2.735208e-01;1.598366e-01;1.183756e-01;8.530759e-02;9.396461e-02;1.101829e-02;5.217255e-03
1.288602e-02;2.967396e-02;7.152913e-02;3.346303e-02;6.833703e-02;3.225438e-01;1.393793e-01;1.034487e-01;9.950767e-02;9.570703e-02;1.187791e-02;1.164647e-02
1.835416e-02;3.528289e-02;4.894076e-02;2.870898e-02;4.064055e-02;3.879937e-01;1.121289e-01;1.153207e-01;9.894121e-02;8.413666e-02;1.555724e-02;1.399427e-02
1.772881e-02;2.577353e-02;3.441779e-02;2.825444e-02;2.790720e-02;4.005512e-01;9.477941e-02;1.126910e-01;1.381312e-01;8.328019e-02;1.468364e-02;2.180165e-02
1.452741e-02;6.066770e-02;8.088946e-02;4.366177e-02;2.762685e-02;3.190055e-01;8.777422e-02;1.006363e-01;1.328348e-01;9.077789e-02;1.602113e-02;2.557700e-02
1.459976e-02;1.201533e-01;2.318410e-01;4.567693e-02;3.876996e-02;1.602628e-01;7.433880e-02;1.292205e-01;8.221821e-02;7.380214e-02;1.796039e-02;1.115631e-02
9.275044e-03;1.015311e-01;2.401118e-01;4.833497e-02;4.852417e-02;2.653925e-01;4.367324e-02;1.471417e-01;3.527988e-02;3.240633e-02;2.272982e-02;5.599552e-03
6.594337e-03;6.445576e-02;1.863262e-01;4.591426e-02;6.488849e-02;3.174589e-01;7.182866e-02;1.147710e-01;6.440189e-02;2.957177e-02;2.036266e-02;1.342607e-02
6.795017e-03;2.364920e-02;9.532294e-02;2.564645e-02;7.143854e-02;4.302419e-01;1.201065e-01;4.791544e-02;1.296266e-01;1.835381e-02;9.028156e-03;2.187562e-02
5.545133e-03;1.671084e-02;8.296762e-02;1.356939e-02;6.167831e-02;5.331741e-01;9.962397e-02;3.699109e-02;1.157284e-01;1.046154e-02;3.331066e-03;2.021846e-02
2.758058e-03;1.329627e-02;7.357568e-02;1.748359e-02;7.282649e-02;6.002409e-01;5.553422e-02;3.738875e-02;8.856209e-02;1.594169e-02;2.399244e-03;1.999303e-02
3.136366e-03;2.249818e-02;7.807469e-02;3.311359e-02;8.552293e-02;4.971283e-01;6.167999e-02;4.319308e-02;1.082745e-01;3.529945e-02;6.626111e-03;2.545287e-02
4.904634e-03;6.389333e-02;1.755258e-01;5.341769e-02;7.089253e-02;3.537017e-01;4.128469e-02;8.090714e-02;6.235344e-02;5.547149e-02;1.756419e-02;2.008337e-02
1.130793e-02;1.050869e-01;2.253754e-01;6.344134e-02;5.294583e-02;3.139058e-01;1.465604e-02;1.022582e-01;3.083801e-02;4.310864e-02;2.419607e-02;1.287983e-02
2.546534e-02;1.576005e-01;1.752036e-01;4.347557e-02;5.899040e-02;3.304591e-01;1.736859e-02;8.727405e-02;3.829909e-02;3.025432e-02;1.726825e-02;1.834117e-02
2.956686e-02;1.780131e-01;2.608469e-01;3.308020e-02;5.633842e-02;2.348817e-01;3.638435e-02;4.772263e-02;4.813407e-02;4.147090e-02;1.636501e-02;1.719590e-02
1.997068e-02;1.417045e-01;3.306991e-01;7.268303e-02;3.423189e-02;1.722543e-01;3.867094e-02;5.375316e-02;4.111993e-02;5.309242e-02;3.279080e-02;9.029365e-03
1.358538e-02;1.023068e-01;2.486591e-01;7.720746e-02;2.913310e-02;2.323882e-01;5.513820e-02;5.866056e-02;1.938143e-02;1.069685e-01;3.992466e-02;1.664656e-02
1.110220e-02;4.312686e-02;8.585231e-02;4.984994e-02;6.225945e-02;3.415422e-01;1.162767e-01;5.068747e-02;5.279552e-02;1.227538e-01;2.364883e-02;4.010465e-02
6.950248e-03;4.337869e-02;1.266681e-01;2.826658e-02;7.479449e-02;3.924838e-01;1.321514e-01;2.355782e-02;7.408526e-02;4.274620e-02;5.757514e-03;4.915990e-02
9.014792e-03;5.039017e-02;1.299995e-01;1.910479e-02;6.492597e-02;4.827259e-01;8.810864e-02;2.441624e-02;7.109297e-02;1.498677e-02;2.919884e-03;4.231440e-02
1.657750e-02;4.447010e-02;3.813772e-02;1.419435e-02;5.922691e-02;6.553077e-01;4.014196e-02;3.297466e-02;6.031684e-02;1.106249e-02;1.528781e-03;2.606102e-02
2.172196e-02;4.015131e-02;7.883291e-02;1.928370e-02;4.340304e-02;6.561435e-01;1.457287e-02;6.891156e-02;3.419308e-02;9.580271e-03;3.661004e-03;9.544798e-03
2.974687e-02;1.654389e-02;4.950552e-02;1.396834e-02;2.417220e-02;6.324051e-01;2.640704e-02;1.690804e-01;1.687254e-02;1.298579e-02;3.867656e-03;4.444674e-03
3.311162e-02;7.892158e-03;1.670811e-02;1.171876e-02;1.877994e-02;5.672204e-01;2.707776e-02;2.701029e-01;1.740986e-02;2.216072e-02;3.242709e-03;4.575010e-03
2.760626e-02;1.757517e-02;2.275436e-02;1.407972e-02;1.703643e-02;5.175161e-01;3.388031e-02;2.888209e-01;1.551667e-02;3.953586e-02;2.620218e-03;3.057941e-03
1.449335e-02;2.786429e-02;3.520508e-02;1.165923e-02;1.313930e-02;4.927349e-01;7.383636e-02;2.512357e-01;4.529709e-02;2.782119e-02;3.089196e-03;3.624301e-03
4.183572e-03;2.857624e-02;4.455078e-02;7.666353e-03;1.430779e-02;4.628621e-01;9.850872e-02;2.473761e-01;7.489878e-02;1.105786e-02;4.614553e-03;1.397135e-03
6.028672e-03;3.828474e-02;3.947650e-02;6.300104e-03;1.079907e-02;4.118596e-01;1.126300e-01;2.713096e-01;8.256273e-02;1.292147e-02;5.600947e-03;2.226627e-03
1.262312e-02;4.317539e-02;5.713752e-02;9.975382e-03;5.574151e-03;3.838398e-01;1.020743e-01;2.760267e-01;6.070208e-02;4.227037e-02;4.097682e-03;2.503409e-03
1.823603e-02;4.228485e-02;7.244907e-02;1.394625e-02;1.674135e-02;4.273710e-01;5.320773e-02;2.296883e-01;3.055181e-02;8.706642e-02;2.861267e-03;5.595938e-03
2.009730e-02;4.722078e-02;7.753440e-02;1.541387e-02;4.828910e-02;4.298045e-01;3.513739e-02;1.794987e-01;5.176041e-02;7.366943e-02;2.850524e-03;1.872361e-02
1.508570e-02;4.621313e-02;9.710222e-02;4.171735e-02;1.172391e-01;3.169058e-01;6.294826e-02;1.466276e-01;8.342264e-02;3.656633e-02;3.588238e-03;3.258362e-02
6.071812e-03;3.437508e-02;9.419540e-02;9.960950e-02;1.394033e-01;3.006902e-01;4.464353e-02;1.413565e-01;5.411616e-02;4.416660e-02;1.542893e-02;2.594299e-02
1.167437e-02;3.831944e-02;1.004679e-01;1.818737e-01;1.132638e-01;2.661841e-01;1.821428e-02;1.530631e-01;3.187500e-02;4.312212e-02;2.889780e-02;1.304435e-02
2.209724e-02;2.963212e-02;1.836155e-01;2.194350e-01;9.102907e-02;1.924274e-01;2.470764e-02;1.163324e-01;4.537822e-02;4.176486e-02;2.135026e-02;1.223030e-02
2.331771e-02;1.082555e-01;2.969218e-01;1.602957e-01;5.729232e-02;7.368753e-02;3.718993e-02;8.318008e-02;4.844102e-02;6.805602e-02;1.484625e-02;2.851624e-02
1.963364e-02;1.810264e-01;2.436454e-01;8.560815e-02;2.636056e-02;1.165455e-01;2.848289e-02;9.732528e-02;5.958328e-02;6.130368e-02;4.473161e-02;3.575361e-02
2.808285e-02;2.221815e-01;1.132615e-01;3.966987e-02;2.694372e-02;1.975677e-01;1.880516e-02;1.253367e-01;7.968893e-02;3.927219e-02;8.956297e-02;1.962678e-02
4.702078e-02;2.285114e-01;8.707345e-02;2.703171e-02;3.229693e-02;1.518580e-01;2.666584e-02;1.771843e-01;8.292035e-02;2.354232e-02;1.077448e-01;8.150221e-03
6.270880e-02;2.018269e-01;6.580524e-02;4.458348e-02;6.076781e-02;8.658505e-02;5.691579e-02;2.642424e-01;5.910500e-02;1.909824e-02;6.326458e-02;1.509682e-02
6.340446e-02;1.092172e-01;9.955819e-02;3.656429e-02;6.686714e-02;1.869040e-01;5.984033e-02;2.844274e-01;4.109880e-02;1.153458e-02;2.105091e-02;1.953266e-02
5.864432e-02;5.598205e-02;1.034917e-01;5.413457e-02;5.704969e-02;1.979546e-01;1.189624e-01;2.642542e-01;2.865917e-02;8.298388e-03;1.243330e-02;4.013559e-02
3.539113e-02;9.286463e-02;1.466899e-01;7.655682e-02;3.062698e-02;1.986279e-01;1.653822e-01;1.461322e-01;2.265844e-02;9.231739e-03;1.359440e-02;6.224358e-02
3.275526e-02;9.606255e-02;1.973307e-01;7.542600e-02;2.681717e-02;1.714127e-01;1.768253e-01;8.150078e-02;2.802289e-02;1.512991e-02;2.356606e-02;7.515071e-02
3.927453e-02;1.019346e-01;2.024945e-01;4.868690e-02;3.874112e-02;1.444760e-01;1.587290e-01;8.385859e-02;4.347339e-02;2.099731e-02;4.352957e-02;7.380447e-02
4.315743e-02;1.080312e-01;1.476990e-01;3.358204e-02;2.248539e-02;1.508441e-01;1.353629e-01;1.083036e-01;3.232364e-02;2.738328e-02;5.332442e-02;1.375030e-01
8.714998e-02;1.054713e-01;1.078694e-01;3.064870e-02;1.634294e-02;1.716140e-01;9.703279e-02;1.513952e-01;3.472639e-02;2.591987e-02;1.581411e-02;1.560154e-01
1.862840e-01;1.133035e-01;4.076851e-02;1.846698e-02;3.030585e-02;1.890630e-01;6.858462e-02;1.620031e-01;3.987457e-02;2.201687e-02;1.129114e-02;1.180378e-01
2.028456e-01;2.383913e-01;1.455316e-01;2.796097e-02;2.964120e-02;8.282294e-02;3.844542e-02;1.158840e-01;3.546190e-02;3.345066e-02;9.452252e-03;4.011216e-02
1.103923e-01;2.630235e-01;2.923039e-01;4.247311e-02;1.910062e-02;9.555970e-02;2.735561e-02;7.300457e-02;1.332313e-02;4.283039e-02;9.385669e-03;1.124755e-02
4.138973e-02;1.853528e-01;3.672468e-01;5.460683e-02;1.048865e-02;1.596059e-01;3.944305e-02;5.884124e-02;1.462056e-02;4.908264e-02;1.047675e-02;8.845001e-03
3.078718e-02;1.227935e-01;3.758018e-01;7.784493e-02;2.270638e-02;1.573273e-01;3.805554e-02;6.383657e-02;1.837282e-02;4.993409e-02;2.899962e-02;1.354027e-02
2.898220e-02;1.428907e-01;3.248468e-01;9.872428e-02;4.294380e-02;1.377539e-01;2.734432e-02;7.729413e-02;2.247835e-02;3.117045e-02;4.426857e-02;2.130248e-02
1.628250e-02;1.274814e-01;2.418521e-01;8.601674e-02;4.240646e-02;2.597776e-01;2.475816e-02;9.535458e-02;2.148719e-02;1.682366e-02;4.467148e-02;2.308808e-02
2.103578e-02;7.174427e-02;1.717537e-01;7.782128e-02;5.717781e-02;3.927721e-01;3.479013e-02;5.687397e-02;3.089342e-02;1.705849e-02;3.398409e-02;3.409505e-02
2.113915e-02;7.235158e-02;1.471843e-01;5.369985e-02;6.555626e-02;4.361291e-01;2.811621e-02;4.386936e-02;6.165223e-02;1.401533e-02;1.301878e-02;4.326779e-02
1.855996e-02;5.347288e-02;1.766554e-01;1.661306e-02;3.855209e-02;4.640474e-01;5.788601e-02;4.300955e-02;7.767431e-02;8.816951e-03;1.104350e-02;3.366899e-02
2.005408e-02;5.642402e-02;1.080141e-01;2.853960e-02;2.393639e-02;4.360394e-01;1.274594e-01;1.196041e-01;4.476098e-02;1.027645e-02;1.067891e-02;1.421261e-02
1.817004e-02;7.197477e-02;7.852674e-02;3.349466e-02;1.455403e-02;3.184732e-01;2.062771e-01;1.935405e-01;3.079454e-02;8.150103e-03;1.735510e-02;8.689241e-03
1.026991e-02;6.027781e-02;6.595893e-02;3.534948e-02;1.975954e-02;1.992913e-01;2.429899e-01;2.735449e-01;5.351733e-02;4.351126e-03;2.259290e-02;1.209686e-02
1.115411e-02;4.625568e-02;5.674765e-02;4.050009e-02;2.644074e-02;1.985021e-01;2.088128e-01;2.833378e-01;8.158992e-02;9.655377e-03;2.193225e-02;1.507147e-02
1.935766e-02;7.673232e-02;8.507401e-02;3.222734e-02;2.833779e-02;2.610180e-01;1.336826e-01;2.144786e-01;1.035141e-01;1.391693e-02;2.202757e-02;9.633041e-03
2.104376e-02;7.048234e-02;8.591794e-02;1.607759e-02;2.098396e-02;2.661496e-01;9.452344e-02;3.005928e-01;8.370843e-02;1.021413e-02;2.423401e-02;6.072011e-03
1.579244e-02;7.902674e-02;1.070894e-01;1.506394e-02;1.094660e-02;2.234177e-01;5.740928e-02;3.868441e-01;7.030576e-02;6.248265e-03;2.216563e-02;5.690169e-03
8.999132e-03;5.546121e-02;1.017997e-01;1.600184e-02;9.506260e-03;2.282212e-01;3.088975e-02;4.665627e-01;5.412229e-02;7.098619e-03;1.496854e-02;6.368790e-03
1.035619e-02;5.720711e-02;9.822753e-02;1.557263e-02;7.578770e-03;2.238982e-01;1.573239e-02;4.888086e-01;5.755439e-02;1.149459e-02;8.016265e-03;5.553282e-03
1.505681e-02;6.720720e-02;1.142436e-01;2.011340e-02;1.311866e-02;2.192577e-01;2.195592e-02;3.291596e-01;1.191858e-01;4.067654e-02;2.103509e-02;1.898983e-02
3.716727e-02;6.175001e-02;1.089930e-01;3.830007e-02;2.049045e-02;1.937570e-01;3.535952e-02;1.158231e-01;2.282102e-01;9.190670e-02;3.858114e-02;2.966154e-02
5.036193e-02;4.990547e-02;7.950112e-02;4.310580e-02;1.818953e-02;1.394758e-01;3.299716e-02;1.849436e-01;2.715554e-01;8.558751e-02;2.328157e-02;2.109510e-02
7.221077e-02;6.846119e-02;8.525071e-02;5.471350e-02;1.637686e-02;5.816856e-02;2.963899e-02;1.817078e-01;3.013766e-01;8.335938e-02;1.999250e-02;2.874321e-02
5.257241e-02;8.697317e-02;8.490527e-02;5.001759e-02;1.805038e-02;1.428071e-01;5.354030e-02;1.614594e-01;1.982155e-01;8.712058e-02;3.858572e-02;2.575261e-02
3.123009e-02;7.681315e-02;8.572740e-02;3.902935e-02;1.755491e-02;2.066107e-01;5.365453e-02;1.885210e-01;1.450429e-01;8.953831e-02;3.492118e-02;3.135651e-02
5.303646e-02;5.220529e-02;4.486774e-02;3.440536e-02;1.967293e-02;1.092536e-01;7.171471e-02;1.635904e-01;2.504397e-01;1.464654e-01;2.602041e-02;2.832806e-02
3.177718e-02;4.617821e-02;6.244459e-02;2.125731e-02;3.028131e-02;8.708976e-02;6.317717e-02;1.232129e-01;3.226466e-01;1.865626e-01;1.668366e-02;8.688741e-03
7.563009e-03;3.246617e-02;5.800248e-02;1.790312e-02;2.954268e-02;1.193178e-01;3.419284e-02;2.144127e-01;3.183446e-01;1.474597e-01;1.426081e-02;6.534134e-03
1.439440e-02;4.014952e-02;6.388844e-02;4.180099e-02;3.010042e-02;1.049677e-01;4.407490e-02;8.545974e-02;4.061104e-01;1.462333e-01;1.721306e-02;5.607213e-03
1.848030e-02;3.066953e-02;5.759892e-02;5.412805e-02;1.594065e-02;5.144866e-02;3.947666e-02;2.710293e-01;3.541566e-01;8.572116e-02;1.621755e-02;5.132635e-03
1.126692e-02;3.428971e-02;5.175058e-02;3.279851e-02;1.225410e-02;2.014697e-01;3.300765e-02;3.543794e-01;2.182576e-01;3.393627e-02;1.009472e-02;6.494877e-03
1.440945e-02;6.418502e-02;6.706358e-02;2.026562e-02;1.592541e-02;3.103909e-01;4.133799e-02;2.948135e-01;1.146858e-01;3.951358e-02;1.018982e-02;7.219411e-03
2.476351e-02;7.005971e-02;9.139659e-02;4.388745e-02;1.598716e-02;3.392848e-01;4.526250e-02;1.751462e-01;1.056327e-01;6.523368e-02;9.433970e-03;1.391178e-02
1.689734e-02;3.822052e-02;1.004300e-01;3.842944e-02;1.381144e-02;4.564503e-01;4.576344e-02;1.152760e-01;9.108005e-02;6.335807e-02;8.493188e-03;1.179023e-02
1.303419e-02;4.763605e-02;8.338416e-02;2.677182e-02;2.426276e-02;3.973792e-01;3.400845e-02;2.092713e-01;9.935467e-02;5.047395e-02;9.314387e-03;5.109034e-03
1.434404e-02;4.492597e-02;6.203263e-02;2.426921e-02;2.646610e-02;2.008977e-01;2.520772e-02;3.768770e-01;1.532223e-01;5.581927e-02;1.028645e-02;5.651571e-03
1.212060e-02;4.337922e-02;6.517560e-02;3.485382e-02;2.577232e-02;2.531026e-01;3.307332e-02;2.981287e-01;1.579616e-01;5.668401e-02;1.354417e-02;6.204003e-03
2.300178e-02;7.783683e-02;1.099205e-01;4.393584e-02;3.095785e-02;2.993602e-01;5.099178e-02;1.226095e-01;1.582215e-01;5.728810e-02;1.678159e-02;9.094537e-03
3.027980e-02;9.539883e-02;1.273208e-01;3.872041e-02;2.626176e-02;1.222300e-01;5.492185e-02;2.089135e-01;1.958200e-01;7.278868e-02;1.367146e-02;1.367295e-02
2.148430e-02;5.917961e-02;5.994476e-02;2.277875e-02;1.536839e-02;2.972027e-01;4.079142e-02;1.704385e-01;2.210846e-01;7.084619e-02;1.447420e-02;6.406507e-03
1.373998e-02;1.600070e-02;4.298666e-02;1.685813e-02;1.556972e-02;2.847307e-01;3.097942e-02;3.362608e-01;1.863917e-01;3.881373e-02;1.481875e-02;2.849733e-03
2.282222e-02;4.945247e-02;8.067816e-02;3.167113e-02;2.326491e-02;1.674908e-01;3.292339e-02;3.944709e-01;1.075549e-01;4.214425e-02;3.671598e-02;1.081085e-02
3.307605e-02;6.350274e-02;8.695617e-02;4.493630e-02;2.060626e-02;5.808958e-02;2.909771e-02;3.429093e-01;1.577758e-01;8.292615e-02;5.922996e-02;2.089399e-02
3.378321e-02;5.530407e-02;8.181325e-02;5.234911e-02;2.313323e-02;8.570270e-02;4.422683e-02;2.437460e-01;1.862719e-01;1.190143e-01;4.591118e-02;2.874428e-02
3.159995e-02;5.230074e-02;5.156318e-02;4.527644e-02;3.443354e-02;6.947485e-02;4.872971e-02;1.421163e-01;2.680804e-01;2.158831e-01;2.151127e-02;1.903058e-02
1.931691e-02;5.179099e-02;4.176475e-02;2.446418e-02;5.928388e-02;4.799313e-02;3.809277e-02;1.055759e-01;2.448008e-01;3.412467e-01;2.018677e-02;5.483107e-03
2.677112e-02;5.586930e-02;5.459284e-02;1.589946e-02;7.508398e-02;2.770267e-02;2.158271e-02;5.963271e-02;1.951283e-01;4.352384e-01;2.540449e-02;7.093999e-03
2.093549e-02;6.384867e-02;3.843548e-02;1.355152e-02;8.476079e-02;4.801442e-02;1.332468e-02;9.078117e-02;1.692335e-01;4.166638e-01;3.221494e-02;8.235538e-03
2.698252e-02;8.013154e-02;2.645816e-02;1.336523e-02;9.717894e-02;1.629226e-02;1.237013e-02;7.266615e-02;1.685140e-01;4.070729e-01;5.747183e-02;2.149633e-02
4.253685e-02;7.234803e-02;2.692525e-02;3.123160e-02;6.783438e-02;8.483021e-02;1.895447e-02;1.189297e-01;2.012508e-01;2.544286e-01;4.453702e-02;3.619323e-02
3.952619e-02;7.495210e-02;5.820241e-02;3.659909e-02;4.696158e-02;1.175166e-01;2.787657e-02;1.057738e-01;2.133995e-01;1.096287e-01;1.316637e-01;3.789970e-02
1.516155e-02;6.784179e-02;8.696438e-02;1.537601e-02;3.455064e-02;1.180493e-01;2.091575e-02;7.529882e-02;1.387913e-01;1.074583e-01;2.933829e-01;2.620921e-02
8.269461e-03;3.049353e-02;1.323427e-01;6.816271e-03;1.541375e-02;1.785800e-01;1.873714e-02;5.902219e-02;7.915007e-02;6.421710e-02;3.760406e-01;3.091720e-02
8.855257e-03;2.071458e-02;1.723854e-01;7.278309e-03;1.037146e-02;1.678989e-01;1.594153e-02;2.946148e-02;7.950863e-02;3.758425e-02;4.025387e-01;4.746152e-02
1.165554e-02;1.614881e-02;1.711659e-01;7.665244e-03;5.802862e-03;1.203036e-01;1.122632e-02;3.917709e-02;1.255684e-01;3.113407e-02;3.808453e-01;7.930683e-02
1.350458e-02;1.009691e-02;1.025028e-01;1.176470e-02;1.152989e-02;1.159812e-01;1.743972e-02;4.168091e-02;1.411122e-01;2.979968e-02;4.016179e-01;1.029695e-01
1.784105e-02;1.306267e-02;5.799975e-02;1.493077e-02;1.618845e-02;1.314040e-01;2.089117e-02;1.899252e-02;1.299978e-01;5.930133e-02;4.006664e-01;1.187239e-01
1.677761e-02;3.043483e-02;6.258744e-02;2.056263e-02;2.659522e-02;1.577123e-01;2.286710e-02;5.273490e-02;1.060737e-01;1.290394e-01;2.700853e-01;1.045296e-01
2.437799e-02;3.409250e-02;7.570798e-02;2.131030e-02;2.326154e-02;2.318858e-01;2.400351e-02;5.929754e-02;1.075464e-01;1.704328e-01;1.392855e-01;8.879816e-02
3.153936e-02;4.147296e-02;1.028222e-01;2.148384e-02;2.334693e-02;2.414711e-01;3.770685e-02;9.712952e-02;1.279361e-01;1.496583e-01;6.710456e-02;5.832835e-02
2.868012e-02;5.648775e-02;1.611266e-01;3.119958e-02;3.552837e-02;1.128688e-01;3.695981e-02;1.517174e-01;1.828277e-01;1.119837e-01;4.434105e-02;4.627910e-02
3.620252e-02;5.696777e-02;1.346827e-01;2.462750e-02;3.995802e-02;1.979051e-01;2.836298e-02;1.038797e-01;2.213431e-01;6.068612e-02;4.890858e-02;4.647593e-02
3.348824e-02;5.821390e-02;1.193237e-01;1.453182e-02;2.984925e-02;1.474847e-01;2.788316e-02;1.774487e-01;2.224855e-01;4.950748e-02;6.686458e-02;5.291891e-02
1.986774e-02;7.717122e-02;1.419581e-01;2.604361e-02;2.756405e-02;6.779315e-02;3.267030e-02;1.564039e-01;2.359021e-01;6.326669e-02;1.028993e-01;4.845979e-02
1.677146e-02;8.218079e-02;1.325898e-01;2.485504e-02;2.270225e-02;1.464321e-01;2.564444e-02;1.014446e-01;2.072836e-01;1.076186e-01;9.075274e-02;4.172463e-02
1.422864e-02;5.329611e-02;1.197321e-01;1.941210e-02;1.977124e-02;2.073040e-01;2.226869e-02;1.361414e-01;1.394501e-01;1.556065e-01;7.729401e-02;3.549521e-02
2.001659e-02;5.377387e-02;1.435430e-01;2.090343e-02;2.828315e-02;2.321004e-01;2.069128e-02;6.262802e-02;7.610042e-02;2.219585e-01;9.637728e-02;2.362410e-02
2.602917e-02;6.757132e-02;9.084951e-02;2.074634e-02;2.456163e-02;7.592852e-02;2.555392e-02;1.785623e-01;1.699254e-01;1.428616e-01;1.596760e-01;1.773430e-02
2.875191e-02;5.213320e-02;5.896417e-02;3.050020e-02;2.752655e-02;1.326326e-01;3.658506e-02;1.791624e-01;1.850851e-01;6.114737e-02;1.796822e-01;2.782932e-02
2.083049e-02;5.677556e-02;7.831093e-02;3.467049e-02;5.350193e-02;2.116921e-01;8.591767e-02;1.446117e-01;9.678043e-02;5.732605e-02;1.226731e-01;3.690958e-02
2.318000e-02;5.846158e-02;7.396674e-02;2.814230e-02;4.898171e-02;3.047611e-01;1.476414e-01;1.579835e-01;5.799121e-02;4.097753e-02;3.358369e-02;2.432930e-02
2.460607e-02;4.532567e-02;4.943129e-02;1.831247e-02;3.563919e-02;3.097557e-01;2.228630e-01;1.967084e-01;3.859910e-02;2.362925e-02;1.551917e-02;1.961065e-02
1.336065e-02;3.854319e-02;2.939259e-02;1.326695e-02;1.551296e-02;2.132601e-01;3.171054e-01;2.858393e-01;3.867774e-02;8.723372e-03;1.594890e-02;1.036879e-02
3.076912e-03;3.018945e-02;9.015324e-03;7.871759e-03;7.186401e-03;1.614723e-01;3.812212e-01;3.190019e-01;4.456054e-02;8.493784e-03;2.028628e-02;7.624110e-03
4.048196e-03;3.676555e-02;1.304544e-02;6.251594e-03;9.293324e-03;1.620585e-01;4.277827e-01;2.738761e-01;2.896867e-02;1.066358e-02;1.978762e-02;7.458723e-03
3.572933e-03;4.133082e-02;1.285397e-02;4.439898e-03;6.207051e-03;1.692761e-01;4.699346e-01;2.140085e-01;4.184130e-02;8.933120e-03;1.922376e-02;8.377922e-03
5.352234e-03;3.910493e-02;1.005775e-02;5.773817e-03;1.017324e-02;1.846683e-01;4.898702e-01;1.873029e-01;3.016960e-02;7.329088e-03;2.037287e-02;9.825188e-03
6.565453e-03;3.620631e-02;1.242911e-02;7.393917e-03;1.459194e-02;1.778643e-01;4.711463e-01;1.972465e-01;3.114980e-02;9.898832e-03;2.946675e-02;6.040933e-03
5.685432e-03;3.569432e-02;1.277193e-02;4.354335e-03;1.087488e-02;1.755786e-01;4.639530e-01;1.961029e-01;2.859083e-02;1.035326e-02;5.097268e-02;5.067789e-03
5.299692e-03;2.953193e-02;9.926304e-03;3.023294e-03;1.315075e-02;1.535097e-01;4.408542e-01;2.314551e-01;2.989885e-02;1.403009e-02;6.123537e-02;8.084800e-03
8.181143e-03;1.560937e-02;1.736130e-02;5.190294e-03;1.665219e-02;1.934906e-01;3.563314e-01;2.878134e-01;2.350775e-02;1.588096e-02;4.289740e-02;1.708422e-02
1.845412e-02;2.573442e-02;2.269045e-02;9.532509e-03;1.786075e-02;2.674461e-01;2.702862e-01;2.738453e-01;3.856031e-02;2.384319e-02;1.589858e-02;1.584810e-02
2.348555e-02;3.340232e-02;2.402500e-02;9.559310e-03;1.778471e-02;3.587684e-01;1.854384e-01;2.318512e-01;5.764163e-02;2.626807e-02;2.247324e-02;9.302208e-03
1.886003e-02;2.793172e-02;2.197735e-02;5.161394e-03;1.583436e-02;3.512860e-01;1.651202e-01;2.976720e-01;3.932163e-02;1.523342e-02;3.187009e-02;9.731856e-03
1.062867e-02;2.662418e-02;4.202038e-02;4.852095e-03;1.189577e-02;2.367625e-01;1.511169e-01;4.078681e-01;5.165827e-02;1.147237e-02;2.978859e-02;1.531220e-02
3.723551e-03;1.335462e-02;6.058907e-02;5.637024e-03;7.715738e-03;1.515269e-01;8.839156e-02;5.193929e-01;1.014675e-01;1.374199e-02;2.093064e-02;1.352846e-02
9.106493e-03;1.677237e-02;6.851973e-02;7.681564e-03;7.816594e-03;1.456854e-01;6.214132e-02;5.479009e-01;8.964261e-02;1.882047e-02;1.287263e-02;1.303992e-02
8.430057e-03;2.335037e-02;6.836812e-02;9.629251e-03;5.523573e-03;1.278330e-01;8.518554e-02;5.310543e-01;9.068068e-02;2.772943e-02;6.178717e-03;1.603704e-02
5.238981e-03;2.849813e-02;5.531329e-02;8.590940e-03;1.251453e-02;1.373150e-01;9.401845e-02;4.538538e-01;1.357038e-01;4.053044e-02;1.683309e-02;1.158952e-02
1.549833e-02;4.198156e-02;3.042613e-02;8.048070e-03;1.452411e-02;9.799223e-02;1.155331e-01;4.743488e-01;1.126706e-01;5.015846e-02;2.730900e-02;1.150961e-02
1.583972e-02;4.288980e-02;5.129404e-02;4.999136e-03;1.005471e-02;1.453017e-01;1.316384e-01;4.771259e-01;6.233276e-02;2.745564e-02;1.938708e-02;1.168118e-02
9.141313e-03;3.960042e-02;6.637136e-02;6.652961e-03;8.861318e-03;2.151317e-01;1.324595e-01;3.884514e-01;8.922167e-02;1.079377e-02;2.175667e-02;1.155788e-02
9.214175e-03;4.387615e-02;7.494563e-02;1.007975e-02;7.847310e-03;1.669146e-01;1.867958e-01;3.242200e-01;1.034837e-01;1.515772e-02;3.933579e-02;1.812935e-02
1.045300e-02;3.433818e-02;5.417198e-02;1.303195e-02;1.026248e-02;2.224182e-01;2.039682e-01;2.422161e-01;1.179604e-01;2.101354e-02;5.119039e-02;1.897562e-02
6.252639e-03;1.827690e-02;4.409709e-02;1.220944e-02;1.329387e-02;2.463478e-01;1.374342e-01;3.655221e-01;9.170843e-02;1.021172e-02;4.046863e-02;1.417713e-02
6.749657e-03;2.112175e-02;3.883435e-02;1.019664e-02;1.346694e-02;2.101639e-01;1.081034e-01;4.531596e-01;7.960636e-02;1.009927e-02;3.371267e-02;1.478549e-02
1.197528e-02;2.574766e-02;3.447495e-02;9.147027e-03;1.297226e-02;1.707368e-01;7.853801e-02;5.191990e-01;8.180283e-02;1.301206e-02;2.561744e-02;1.677669e-02
1.556982e-02;2.730220e-02;2.426719e-02;1.590628e-02;2.310779e-02;1.546618e-01;4.101640e-02;5.421854e-01;8.664762e-02;2.420592e-02;2.794865e-02;1.718098e-02
1.799711e-02;2.459246e-02;2.391439e-02;2.095279e-02;2.597557e-02;9.111403e-02;1.306996e-01;4.006658e-01;1.648330e-01;4.772807e-02;3.374877e-02;1.777838e-02
1.222999e-02;2.917637e-02;3.036534e-02;1.346721e-02;2.245178e-02;1.645600e-01;1.621257e-01;3.295411e-01;1.466515e-01;4.884546e-02;3.313253e-02;7.453118e-03
1.241950e-02;3.069930e-02;4.514937e-02;1.285333e-02;1.812564e-02;2.060879e-01;1.987771e-01;3.548505e-01;4.808033e-02;3.676479e-02;2.373842e-02;1.245385e-02
2.304326e-02;4.299226e-02;6.046356e-02;1.392692e-02;1.517608e-02;1.055383e-01;2.426887e-01;3.395533e-01;1.012187e-01;3.343761e-02;9.204053e-03;1.275719e-02
2.600268e-02;5.482657e-02;4.543446e-02;2.137331e-02;1.683228e-02;1.212898e-01;3.062356e-01;2.201558e-01;1.096394e-01;4.093773e-02;2.204959e-02;1.522282e-02
2.716361e-02;5.340488e-02;6.264544e-02;2.688167e-02;2.371301e-02;1.901635e-01;3.657462e-01;9.721892e-02;5.137918e-02;4.713045e-02;3.583654e-02;1.871656e-02
1.727764e-02;5.858592e-02;9.943661e-02;2.094038e-02;2.816659e-02;1.834190e-01;2.913886e-01;1.542031e-01;5.674111e-02;2.994602e-02;4.877449e-02;1.112045e-02
2.001880e-02;1.127059e-01;2.136930e-01;4.518176e-02;3.430785e-02;8.663488e-02;1.753620e-01;1.519269e-01;5.198381e-02;4.440192e-02;4.774860e-02;1.603460e-02
2.430973e-02;1.665112e-01;3.048357e-01;5.454368e-02;3.048265e-02;6.322074e-02;9.998861e-02;1.062312e-01;2.633780e-02;6.734096e-02;3.480386e-02;2.139388e-02
2.515092e-02;2.427910e-01;3.283965e-01;4.194983e-02;1.756935e-02;3.619211e-02;6.371298e-02;8.484051e-02;5.757740e-02;6.190586e-02;1.755583e-02;2.235766e-02
4.291959e-02;3.153660e-01;2.513386e-01;2.103581e-02;1.390761e-02;6.293338e-02;4.808984e-02;9.475981e-02;6.746478e-02;2.937778e-02;2.742224e-02;2.538462e-02
8.793579e-02;3.288662e-01;1.642639e-01;7.629619e-03;2.234356e-02;6.884637e-02;5.971703e-02;1.116046e-01;5.528471e-02;1.754812e-02;5.251312e-02;2.344695e-02
1.151775e-01;2.656184e-01;1.169114e-01;1.426781e-02;2.031954e-02;8.007484e-02;7.035936e-02;1.225718e-01;5.185418e-02;3.927185e-02;5.420810e-02;4.936523e-02
1.098704e-01;1.733660e-01;1.461430e-01;1.924241e-02;1.205570e-02;1.007731e-01;5.337797e-02;1.608038e-01;4.985209e-02;6.227028e-02;2.915083e-02;8.309443e-02
1.402721e-01;1.918902e-01;2.072886e-01;1.603655e-02;2.249814e-02;6.907954e-02;2.913063e-02;1.647716e-01;4.074872e-02;3.595838e-02;2.139048e-02;6.093503e-02
1.339978e-01;2.320459e-01;2.154495e-01;1.428168e-02;3.582647e-02;9.294944e-02;4.936297e-02;1.074541e-01;3.709927e-02;1.822601e-02;2.648363e-02;3.682317e-02
1.310445e-01;2.406301e-01;2.072514e-01;1.755301e-02;4.306288e-02;9.988895e-02;7.029302e-02;5.871785e-02;3.742062e-02;2.483724e-02;3.523913e-02;3.406130e-02
1.189873e-01;1.769711e-01;1.657505e-01;1.766751e-02;3.046259e-02;1.097323e-01;9.782036e-02;1.028234e-01;6.385484e-02;3.822494e-02;2.888325e-02;4.882187e-02
7.978123e-02;2.060940e-01;1.590987e-01;1.831394e-02;1.377681e-02;7.892452e-02;1.161452e-01;1.105673e-01;7.871989e-02;4.536445e-02;2.256722e-02;7.064673e-02
6.847144e-02;2.069894e-01;1.331297e-01;1.809554e-02;1.301480e-02;8.182795e-02;1.017169e-01;1.620188e-01;8.481666e-02;3.950756e-02;2.721706e-02;6.319424e-02
5.994807e-02;1.881169e-01;1.409422e-01;1.858839e-02;1.284026e-02;9.280071e-02;7.633373e-02;2.115677e-01;8.351112e-02;4.109353e-02;3.956654e-02;3.469074e-02
6.917481e-02;1.516817e-01;1.411443e-01;1.791978e-02;1.775970e-02;6.522018e-02;7.618884e-02;2.385062e-01;1.045667e-01;4.998113e-02;4.685787e-02;2.099867e-02
6.268767e-02;1.900695e-01;1.976056e-01;1.740525e-02;1.830213e-02;1.108304e-01;4.557649e-02;1.380052e-01;1.005675e-01;4.458597e-02;3.766084e-02;3.670350e-02
4.698446e-02;1.698897e-01;1.958140e-01;2.747246e-02;2.140003e-02;1.452705e-01;6.343743e-02;1.436995e-01;9.249313e-02;3.702372e-02;2.616709e-02;3.034801e-02
5.727691e-02;1.664456e-01;1.570117e-01;2.992001e-02;1.694421e-02;1.097724e-01;1.027448e-01;1.953460e-01;8.013444e-02;2.956710e-02;2.681085e-02;2.802600e-02
6.450532e-02;2.785985e-01;2.047180e-01;1.737978e-02;8.015798e-03;4.532596e-02;1.001757e-01;1.339209e-01;5.307989e-02;2.178365e-02;2.480077e-02;4.769571e-02
6.874909e-02;2.627946e-01;1.835151e-01;1.726775e-02;8.987110e-03;9.897356e-02;8.932462e-02;9.546870e-02;6.566148e-02;3.101072e-02;3.491335e-02;4.333391e-02
7.057180e-02;1.725211e-01;1.328348e-01;1.636396e-02;1.351336e-02;1.832960e-01;1.155183e-01;4.852126e-02;9.598137e-02;4.279015e-02;7.278193e-02;3.530592e-02
6.981647e-02;1.267307e-01;1.497918e-01;1.727523e-02;8.982871e-03;1.661635e-01;7.473876e-02;1.633739e-01;8.124871e-02;4.163191e-02;6.107612e-02;3.917006e-02
6.149513e-02;1.434674e-01;1.273842e-01;1.285917e-02;1.709281e-02;2.027842e-01;3.172777e-02;2.091608e-01;6.449568e-02;3.429193e-02;5.408518e-02;4.115573e-02
3.929365e-02;1.327198e-01;1.293520e-01;6.025723e-03;3.102909e-02;2.469037e-01;1.894517e-02;1.936677e-01;7.103878e-02;2.914039e-02;7.184881e-02;3.003528e-02
2.442542e-02;1.566408e-01;1.751917e-01;1.321058e-02;2.273426e-02;2.188992e-01;5.132132e-02;1.238642e-01;4.802280e-02;2.672194e-02;1.001352e-01;3.883256e-02
3.522167e-02;1.659933e-01;1.715072e-01;1.779205e-02;2.689660e-02;2.295962e-01;4.026849e-02;5.891125e-02;4.718056e-02;3.937569e-02;1.234565e-01;4.380045e-02
4.220650e-02;1.579309e-01;9.896971e-02;1.874120e-02;5.580533e-02;2.562101e-01;3.422683e-02;5.887547e-02;6.301358e-02;7.478644e-02;1.081920e-01;3.104183e-02
3.791081e-02;1.726326e-01;6.067393e-02;2.086212e-02;1.129640e-01;2.229911e-01;3.080557e-02;8.705916e-02;7.100110e-02;1.039010e-01;5.986504e-02;1.933351e-02
2.763152e-02;1.893241e-01;6.753986e-02;2.129191e-02;1.718921e-01;1.849281e-01;2.174556e-02;7.938484e-02;7.249728e-02;1.259615e-01;2.033767e-02;1.746549e-02
2.224020e-02;1.666212e-01;5.458176e-02;2.919919e-02;2.133119e-01;1.669128e-01;1.853057e-02;5.666972e-02;6.935181e-02;1.497949e-01;2.659474e-02;2.619121e-02
2.432116e-02;1.284843e-01;5.484699e-02;5.277249e-02;2.224519e-01;1.160445e-01;1.110318e-02;6.743968e-02;1.060218e-01;1.647500e-01;2.774424e-02;2.401968e-02
4.043143e-02;8.801798e-02;4.939836e-02;8.417509e-02;2.159461e-01;4.820617e-02;2.385170e-02;1.020521e-01;1.191010e-01;1.639402e-01;4.597924e-02;1.890061e-02
8.646555e-02;9.919527e-02;5.981807e-02;1.134368e-01;1.681030e-01;5.779340e-02;4.318818e-02;1.103679e-01;1.185948e-01;9.698019e-02;2.858204e-02;1.747481e-02
1.171428e-01;8.999692e-02;4.513824e-02;1.218605e-01;1.241181e-01;6.339901e-02;4.627175e-02;1.502844e-01;1.534455e-01;4.041158e-02;1.946409e-02;2.846711e-02
1.110632e-01;6.507801e-02;2.794578e-02;1.238505e-01;1.184619e-01;8.764508e-02;3.263276e-02;1.460973e-01;1.856594e-01;4.780512e-02;2.783210e-02;2.592879e-02
1.012381e-01;8.494804e-02;9.287471e-02;1.294896e-01;9.467321e-02;9.211186e-02;2.355431e-02;9.896954e-02;1.988882e-01;4.211665e-02;3.200648e-02;9.129281e-03
9.230971e-02;9.559438e-02;5.758937e-02;1.230105e-01;5.466572e-02;1.249035e-01;2.940100e-02;1.798204e-01;1.725824e-01;2.608898e-02;2.762965e-02;1.640440e-02
6.453596e-02;1.142802e-01;1.560784e-01;1.085819e-01;7.693349e-02;1.219393e-01;3.621702e-02;1.728126e-01;1.035332e-01;1.916169e-02;1.474555e-02;1.118078e-02
4.860461e-02;1.184438e-01;1.801601e-01;7.017189e-02;8.511997e-02;1.116116e-01;2.352190e-02;2.052281e-01;9.061330e-02;3.485046e-02;1.356331e-02;1.811107e-02
3.867838e-02;1.311487e-01;1.761617e-01;5.022116e-02;4.716641e-02;1.592066e-01;1.640042e-02;1.970807e-01;9.144129e-02;3.771369e-02;2.354473e-02;3.123629e-02
3.497432e-02;1.550753e-01;2.245718e-01;8.900665e-02;4.530613e-02;1.614365e-01;1.147549e-02;1.161377e-01;9.578723e-02;1.615141e-02;2.433734e-02;2.574012e-02
2.044863e-02;8.878249e-02;2.110529e-01;8.465196e-02;9.370386e-02;1.351676e-01;2.111124e-02;1.295198e-01;1.156385e-01;4.816848e-02;2.897425e-02;2.278035e-02
2.970145e-02;9.842478e-02;8.930423e-02;9.159316e-02;1.073398e-01;1.192891e-01;1.533487e-02;2.153993e-01;1.277832e-01;6.276803e-02;3.152158e-02;1.154057e-02
3.953717e-02;1.178516e-01;7.495333e-02;9.194688e-02;1.137534e-01;1.124397e-01;1.411269e-02;2.040436e-01;1.304580e-01;5.430049e-02;3.397421e-02;1.262888e-02
4.862330e-02;1.101109e-01;1.276295e-01;3.831913e-02;8.965466e-02;1.030859e-01;2.018210e-02;2.328068e-01;1.486963e-01;3.354533e-02;2.945680e-02;1.788931e-02
