3.100406e-02;1.623332e-01;2.378928e-01;3.116867e-02;3.177520e-02;7.193707e-02;1.786577e-02;2.275940e-01;1.252424e-01;1.621895e-02;1.813979e-02;2.882810e-02
2.033717e-02;1.736035e-01;2.320940e-01;2.400747e-02;3.156794e-02;1.067992e-01;1.898706e-02;1.988546e-01;1.124038e-01;2.362387e-02;1.855795e-02;3.916340e-02
3.944495e-02;1.994096e-01;1.886822e-01;3.824499e-02;2.619231e-02;1.795342e-01;4.475496e-02;1.094864e-01;8.678991e-02;2.594751e-02;2.297533e-02;3.853771e-02
3.937610e-02;1.555331e-01;1.686012e-01;4.817187e-02;2.993941e-02;1.663925e-01;1.007663e-01;1.111239e-01;7.465139e-02;3.945130e-02;2.687133e-02;3.912152e-02
5.005827e-02;9.154510e-02;1.263866e-01;5.976918e-02;4.815114e-02;1.814737e-01;4.803766e-02;1.116412e-01;1.065932e-01;6.471384e-02;6.211856e-02;4.951155e-02
4.554971e-02;1.021535e-01;1.087048e-01;6.138022e-02;3.451774e-02;2.164300e-01;5.805080e-02;8.408144e-02;9.549443e-02;6.032356e-02;4.120623e-02;9.210764e-02
2.861093e-02;1.274705e-01;1.091059e-01;5.191560e-02;2.255418e-02;2.545680e-01;4.704129e-02;5.362268e-02;9.199159e-02;5.022370e-02;2.366784e-02;1.392278e-01
1.802581e-02;1.390250e-01;1.254986e-01;2.893764e-02;2.442274e-02;2.352577e-01;5.583381e-02;5.017035e-02;8.180054e-02;6.213026e-02;1.902587e-02;1.598718e-01
2.179715e-02;1.047122e-01;2.195316e-01;8.646338e-03;2.406590e-02;1.257835e-01;1.433000e-01;4.587011e-02;4.482727e-02;1.566167e-01;1.252375e-02;9.232535e-02
5.652142e-02;5.621301e-02;2.750918e-01;8.833853e-03;1.692096e-02;6.571409e-02;2.283427e-01;3.045916e-02;2.045839e-02;1.987447e-01;1.546075e-02;2.723929e-02
9.549948e-02;2.955640e-02;2.913517e-01;1.490480e-02;1.756149e-02;3.129417e-02;2.380264e-01;2.301232e-02;1.580304e-02;1.813976e-01;3.913864e-02;2.245406e-02
1.176475e-01;4.362267e-02;3.186840e-01;2.323907e-02;1.493169e-02;2.287233e-02;1.988511e-01;1.893125e-02;3.135761e-02;1.414592e-01;3.586639e-02;3.253722e-02
1.014949e-01;8.567261e-02;3.084016e-01;5.047463e-02;2.265112e-02;4.172543e-02;1.346449e-01;2.572190e-02;5.865812e-02;1.086979e-01;3.099762e-02;3.085930e-02
6.485045e-02;1.426029e-01;2.318168e-01;6.456525e-02;3.470204e-02;7.156347e-02;1.001613e-01;5.075522e-02;7.785489e-02;8.654079e-02;4.073424e-02;3.385271e-02
4.998367e-02;2.175314e-01;2.380973e-01;4.027028e-02;2.871245e-02;9.763309e-02;9.993709e-02;5.723425e-02;5.920680e-02;4.433953e-02;3.474341e-02;3.231065e-02
8.067691e-02;2.195825e-01;2.922058e-01;1.914540e-02;1.308958e-02;8.587872e-02;1.003552e-01;4.078041e-02;3.795540e-02;4.400043e-02;1.628566e-02;5.004394e-02
9.211183e-02;1.873917e-01;3.316522e-01;2.383894e-02;8.368656e-03;6.984907e-02;9.878960e-02;4.989844e-02;3.418197e-02;5.210388e-02;9.732328e-03;4.208142e-02
8.725587e-02;1.262915e-01;3.619629e-01;2.750771e-02;1.784389e-02;6.427237e-02;1.041726e-01;5.145516e-02;3.042126e-02;7.728601e-02;2.298666e-02;2.854412e-02
5.943450e-02;7.449474e-02;3.602578e-01;2.664050e-02;1.859547e-02;6.733852e-02;1.238861e-01;4.576008e-02;5.200413e-02;7.430062e-02;5.573269e-02;4.155486e-02
8.751198e-02;1.478140e-01;2.641894e-01;1.498677e-02;1.478937e-02;1.200515e-01;1.117846e-01;5.259683e-02;5.412056e-02;4.446913e-02;5.455112e-02;3.313474e-02
9.870640e-02;1.429784e-01;2.234901e-01;2.151490e-02;2.139520e-02;1.665491e-01;6.058126e-02;6.034758e-02;6.120477e-02;8.450539e-02;3.590778e-02;2.281904e-02
9.346892e-02;1.071014e-01;2.272307e-01;3.114499e-02;5.799833e-02;1.244170e-01;8.038400e-02;6.230310e-02;5.539875e-02;8.263913e-02;5.009015e-02;2.782350e-02
7.454221e-02;1.129561e-01;2.378621e-01;2.670642e-02;7.036793e-02;1.245381e-01;5.804416e-02;8.949193e-02;5.715570e-02;6.664049e-02;4.794963e-02;3.374532e-02
5.087646e-02;1.728515e-01;2.431196e-01;3.013386e-02;4.894983e-02;1.324638e-01;4.652277e-02;9.701368e-02;6.391347e-02;5.302930e-02;2.881630e-02;3.230947e-02
3.847609e-02;2.281593e-01;2.844407e-01;4.033204e-02;8.693966e-02;6.558027e-02;3.916937e-02;6.423069e-02;6.770752e-02;4.515940e-02;1.755141e-02;2.225352e-02
2.556946e-02;2.584436e-01;3.024312e-01;3.228857e-02;9.183119e-02;9.230448e-02;1.959768e-02;3.042420e-02;7.282807e-02;5.525042e-02;9.826956e-03;9.204237e-03
1.664043e-02;2.744964e-01;2.760711e-01;1.749639e-02;5.581903e-02;1.194937e-01;2.581124e-02;2.364143e-02;8.671832e-02;8.816866e-02;4.341853e-03;1.130146e-02
1.948830e-02;2.801583e-01;2.445969e-01;2.110201e-02;2.439596e-02;1.083315e-01;2.368120e-02;1.874229e-02;1.181795e-01;1.230217e-01;3.509509e-03;1.479270e-02
2.246721e-02;2.494758e-01;2.411776e-01;1.962541e-02;1.353859e-02;1.090376e-01;1.332110e-02;2.107834e-02;1.285028e-01;1.510987e-01;1.204770e-02;1.862912e-02
1.950467e-02;1.928508e-01;2.761632e-01;1.226933e-02;9.963786e-03;8.453897e-02;3.406773e-02;2.258379e-02;9.350025e-02;2.195406e-01;1.732524e-02;1.769172e-02
1.694224e-02;1.323682e-01;3.428990e-01;2.558631e-02;1.041926e-02;4.363707e-02;9.148747e-02;1.729293e-02;3.781954e-02;2.566990e-01;1.754199e-02;7.307006e-03
1.435194e-02;8.640938e-02;3.378718e-01;7.839905e-02;1.011757e-02;2.480316e-02;1.182193e-01;2.634956e-02;2.139268e-02;1.876310e-01;8.273276e-02;1.172168e-02
1.677747e-02;7.532726e-02;2.248947e-01;1.762451e-01;2.023305e-02;1.945350e-02;7.408343e-02;8.059656e-02;2.657341e-02;7.905719e-02;1.773297e-01;2.942865e-02
2.094321e-02;5.799197e-02;9.215453e-02;2.142736e-01;7.950163e-02;3.554350e-02;3.281323e-02;1.196736e-01;4.439879e-02;2.224787e-02;2.024372e-01;7.802092e-02
3.206117e-02;4.414209e-02;4.787964e-02;1.253000e-01;1.801147e-01;4.515128e-02;1.970828e-02;8.499056e-02;1.124570e-01;2.130057e-02;1.171309e-01;1.697638e-01
6.993324e-02;3.165982e-02;5.255390e-02;4.321732e-02;2.015854e-01;1.067445e-01;1.043154e-02;2.658569e-02;1.534581e-01;5.653359e-02;4.450035e-02;2.027965e-01
1.529941e-01;3.809519e-02;5.066385e-02;4.160243e-02;1.081250e-01;2.011379e-01;1.697991e-02;1.730555e-02;9.691919e-02;1.299621e-01;2.705153e-02;1.191631e-01
1.776600e-01;9.414749e-02;6.317870e-02;2.807599e-02;4.081163e-02;2.293398e-01;6.977373e-02;2.464531e-02;3.836549e-02;1.607982e-01;4.037947e-02;3.282418e-02
1.205882e-01;1.672505e-01;5.719839e-02;2.292109e-02;3.072555e-02;1.601020e-01;1.602307e-01;3.758489e-02;3.181976e-02;1.084040e-01;8.455057e-02;1.862433e-02
4.317576e-02;2.267137e-01;4.998067e-02;2.390010e-02;2.611249e-02;9.459401e-02;2.441867e-01;6.112563e-02;3.733362e-02;5.598773e-02;1.119969e-01;2.489281e-02
1.956929e-02;2.155622e-01;5.064543e-02;2.180047e-02;2.908349e-02;8.900978e-02;2.519502e-01;9.632351e-02;3.685594e-02;4.360227e-02;1.270160e-01;1.858131e-02
2.850361e-02;1.791474e-01;7.491829e-02;1.859302e-02;3.476259e-02;9.390765e-02;2.381422e-01;1.100271e-01;4.484237e-02;4.183053e-02;1.139471e-01;2.137815e-02
2.507512e-02;1.747238e-01;7.041468e-02;2.257402e-02;2.678879e-02;7.680734e-02;2.651818e-01;1.345633e-01;4.708321e-02;2.406218e-02;1.104457e-01;2.228016e-02
2.427999e-02;1.769944e-01;6.066221e-02;2.411582e-02;1.957959e-02;1.169462e-01;2.952398e-01;1.149612e-01;4.471171e-02;1.905722e-02;8.775486e-02;1.569704e-02
2.706338e-02;1.699978e-01;6.382001e-02;2.636765e-02;1.606685e-02;1.674782e-01;2.927966e-01;6.901421e-02;3.426104e-02;5.216436e-02;6.075900e-02;2.021087e-02
9.343489e-02;1.165978e-01;6.608209e-02;2.362618e-02;3.595071e-02;2.491694e-01;1.938879e-01;4.950109e-02;3.635226e-02;7.950673e-02;3.773360e-02;1.815742e-02
1.188802e-01;8.243423e-02;7.466727e-02;2.598336e-02;7.211200e-02;2.796221e-01;1.207443e-01;4.041621e-02;5.269331e-02;7.775024e-02;1.918106e-02;3.551561e-02
1.047181e-01;1.098463e-01;1.122257e-01;4.766307e-02;8.965400e-02;2.114790e-01;8.992449e-02;3.554152e-02;6.765577e-02;6.132596e-02;8.185528e-03;6.178043e-02
8.519116e-02;1.748276e-01;1.597942e-01;6.186798e-02;7.467479e-02;9.741340e-02;1.091393e-01;5.976440e-02;5.348722e-02;2.921736e-02;2.597328e-02;6.864917e-02
5.640745e-02;2.011550e-01;1.622544e-01;3.014600e-02;4.028669e-02;1.243054e-01;1.695157e-01;6.373112e-02;2.460455e-02;3.864578e-02;6.585617e-02;2.309165e-02
2.612413e-02;2.113117e-01;1.685469e-01;2.539608e-02;3.343441e-02;1.467741e-01;1.806185e-01;4.171790e-02;2.200410e-02;4.392602e-02;8.665574e-02;1.349035e-02
5.813082e-02;2.144309e-01;2.074179e-01;3.129689e-02;3.975379e-02;9.906787e-02;1.603449e-01;4.644435e-02;2.559998e-02;3.909228e-02;6.726165e-02;1.115870e-02
5.233077e-02;2.339326e-01;2.508338e-01;3.281579e-02;4.586028e-02;6.614886e-02;1.248245e-01;5.107841e-02;3.023501e-02;5.135107e-02;3.669520e-02;2.389376e-02
3.463835e-02;1.899934e-01;2.473894e-01;7.892316e-02;3.558043e-02;1.044478e-01;8.563845e-02;3.844004e-02;3.377099e-02;5.800964e-02;7.924176e-02;1.392663e-02
3.376458e-02;1.279387e-01;1.813665e-01;1.256645e-01;7.117502e-02;1.331315e-01;6.064820e-02;3.311755e-02;2.272667e-02;3.837885e-02;1.272630e-01;4.482491e-02
3.471981e-02;8.942344e-02;1.325805e-01;2.033684e-01;1.037607e-01;7.850906e-02;5.319878e-02;4.132665e-02;1.719898e-02;3.136061e-02;1.673905e-01;4.716263e-02
3.258736e-02;4.826011e-02;9.351858e-02;2.910134e-01;1.138874e-01;5.304715e-02;4.166892e-02;5.295632e-02;2.089962e-02;3.459150e-02;2.071038e-01;1.046574e-02
3.451770e-02;6.339975e-02;1.382690e-01;2.752871e-01;7.073382e-02;8.999591e-02;2.499346e-02;4.686977e-02;1.710841e-02;2.068514e-02;2.023782e-01;1.576177e-02
3.765255e-02;8.509091e-02;1.947863e-01;2.366196e-01;7.293527e-02;5.518712e-02;2.473769e-02;2.565770e-02;1.602432e-02;3.566646e-02;2.041059e-01;1.153627e-02
3.104126e-02;1.040044e-01;2.374996e-01;1.546236e-01;9.248671e-02;7.414209e-02;2.925344e-02;3.363386e-02;1.808003e-02;4.594098e-02;1.692107e-01;1.008331e-02
2.830075e-02;1.454644e-01;2.501018e-01;8.660904e-02;1.047903e-01;8.476954e-02;4.454282e-02;3.777603e-02;3.007792e-02;1.861974e-02;1.217581e-01;4.718949e-02
4.384172e-02;2.037289e-01;2.203721e-01;6.866071e-02;8.555004e-02;8.205684e-02;5.168603e-02;5.840639e-02;3.122191e-02;3.448853e-02;4.831256e-02;7.167427e-02
5.317150e-02;1.898678e-01;2.156581e-01;1.059383e-01;7.553621e-02;1.019465e-01;2.675472e-02;9.985115e-02;3.130125e-02;3.626794e-02;1.784077e-02;4.586584e-02
3.246611e-02;1.833961e-01;2.322505e-01;1.078088e-01;8.599538e-02;4.406296e-02;5.083953e-02;1.055570e-01;3.233885e-02;2.621115e-02;6.176143e-02;3.731220e-02
3.003498e-02;1.648754e-01;2.295017e-01;9.599219e-02;5.831407e-02;1.437359e-01;5.469829e-02;5.879247e-02;3.350151e-02;4.811133e-02;6.906752e-02;1.337457e-02
3.710244e-02;1.682333e-01;2.297709e-01;9.152251e-02;2.886328e-02;1.149308e-01;5.429403e-02;6.029538e-02;3.293971e-02;6.838103e-02;9.211233e-02;2.155434e-02
4.894814e-02;1.512943e-01;1.970651e-01;9.750106e-02;3.756788e-02;8.887078e-02;5.836402e-02;5.721537e-02;2.577296e-02;6.763911e-02;1.296264e-01;4.013487e-02
3.432465e-02;1.580732e-01;2.249067e-01;1.119535e-01;5.209088e-02;1.022654e-01;5.821133e-02;4.606524e-02;2.798446e-02;2.429200e-02;1.364295e-01;2.340316e-02
3.129106e-02;1.635655e-01;2.428042e-01;1.175599e-01;5.526673e-02;9.680545e-02;3.734681e-02;6.260820e-02;3.053318e-02;4.526617e-02;9.088819e-02;2.606467e-02
4.120296e-02;1.686168e-01;2.096836e-01;1.114121e-01;2.467283e-02;1.083912e-01;3.747457e-02;6.239142e-02;3.746048e-02;7.481824e-02;9.272616e-02;3.114970e-02
3.026036e-02;1.138654e-01;2.273009e-01;1.857898e-01;4.304183e-02;8.991587e-02;5.328671e-02;2.687327e-02;3.085179e-02;8.469886e-02;8.970544e-02;2.440969e-02
1.905197e-02;6.873547e-02;2.484021e-01;2.899786e-01;6.037049e-02;5.094162e-02;5.164306e-02;3.034107e-02;2.768745e-02;7.538893e-02;6.045972e-02;1.699959e-02
1.499370e-02;5.902217e-02;1.942328e-01;3.081398e-01;7.334440e-02;5.384417e-02;3.832156e-02;8.737054e-02;4.404517e-02;5.602697e-02;6.199786e-02;8.660948e-03
1.243528e-02;5.988004e-02;1.758598e-01;2.306354e-01;4.644436e-02;7.249657e-02;2.811812e-02;1.722399e-01;7.659023e-02;2.811023e-02;9.078418e-02;6.405917e-03
1.180278e-02;7.133070e-02;1.439189e-01;1.835638e-01;1.868014e-02;5.385908e-02;2.260956e-02;2.196097e-01;9.145224e-02;1.278632e-02;1.569022e-01;1.348456e-02
1.187809e-02;6.006167e-02;1.362057e-01;1.890315e-01;3.728138e-02;3.727808e-02;2.625653e-02;1.626069e-01;6.197207e-02;2.448100e-02;2.310187e-01;2.192836e-02
2.046725e-02;4.884285e-02;1.472929e-01;1.743302e-01;3.876493e-02;8.036923e-02;3.903300e-02;1.122424e-01;3.045785e-02;3.089461e-02;2.280048e-01;4.930000e-02
4.290332e-02;6.242959e-02;1.555339e-01;1.033036e-01;5.700969e-02;1.553932e-01;4.692099e-02;9.310165e-02;3.977349e-02;5.824057e-02;1.324450e-01;5.294502e-02
5.667534e-02;7.410425e-02;1.231946e-01;1.368504e-01;7.294331e-02;1.416479e-01;5.102517e-02;7.342555e-02;5.050383e-02;7.151419e-02;1.118025e-01;3.631289e-02
3.867264e-02;8.385094e-02;1.023662e-01;1.894577e-01;5.890688e-02;9.783527e-02;4.882890e-02;9.458473e-02;3.322238e-02;4.345049e-02;1.846723e-01;2.415159e-02
1.734454e-02;7.147885e-02;1.186074e-01;2.209754e-01;3.084097e-02;7.015752e-02;4.639671e-02;1.073377e-01;1.786535e-02;2.349747e-02;2.489168e-01;2.658131e-02
9.601586e-03;5.906096e-02;1.103240e-01;2.306734e-01;3.750339e-02;6.696347e-02;4.490487e-02;9.406143e-02;1.596903e-02;3.054920e-02;2.766682e-01;2.372045e-02
2.457100e-02;5.067616e-02;1.029564e-01;2.124484e-01;4.232687e-02;9.778138e-02;4.208449e-02;8.577590e-02;2.564330e-02;4.395086e-02;2.551617e-01;1.662348e-02
3.810940e-02;8.547668e-02;1.528122e-01;1.765593e-01;4.567320e-02;1.072078e-01;3.333200e-02;1.003410e-01;3.380327e-02;3.152541e-02;1.743377e-01;2.082211e-02
4.609472e-02;9.235978e-02;1.715530e-01;1.520111e-01;6.868628e-02;1.010877e-01;3.749152e-02;1.259776e-01;4.557861e-02;6.853861e-02;6.668872e-02;2.393250e-02
4.888340e-02;5.977382e-02;1.405799e-01;1.292338e-01;7.523352e-02;1.200204e-01;6.401967e-02;8.621247e-02;5.447435e-02;8.519968e-02;1.118369e-01;2.453216e-02
4.495757e-02;8.599945e-02;1.390952e-01;1.604753e-01;6.689113e-02;1.493773e-01;5.999560e-02;5.248686e-02;4.229147e-02;4.385160e-02;1.291831e-01;2.539547e-02
4.542069e-02;1.355503e-01;1.677227e-01;1.312426e-01;4.565888e-02;1.414445e-01;2.181729e-02;5.115330e-02;3.202784e-02;4.480374e-02;1.304487e-01;5.270937e-02
5.157636e-02;1.125622e-01;1.948920e-01;8.566853e-02;4.741854e-02;1.153565e-01;4.188336e-02;7.645097e-02;4.652561e-02;2.848944e-02;1.514570e-01;4.771953e-02
5.732745e-02;9.445316e-02;1.332980e-01;1.018157e-01;5.057696e-02;1.473164e-01;7.593145e-02;1.034843e-01;4.980586e-02;3.375556e-02;1.237721e-01;2.846309e-02
4.330429e-02;8.925171e-02;1.466036e-01;1.020280e-01;4.668524e-02;2.092810e-01;5.257081e-02;1.071472e-01;3.447024e-02;3.277875e-02;1.115349e-01;2.434424e-02
3.406756e-02;8.276971e-02;1.593385e-01;6.248980e-02;7.359263e-02;2.681437e-01;5.089387e-02;8.088151e-02;2.669614e-02;2.184840e-02;9.544522e-02;4.383298e-02
2.415611e-02;7.309491e-02;1.291481e-01;1.148020e-01;8.935164e-02;2.141398e-01;4.911472e-02;7.686925e-02;1.931748e-02;1.363640e-02;1.475818e-01;4.878771e-02
1.454907e-02;4.782025e-02;1.088655e-01;1.905124e-01;6.440847e-02;1.242078e-01;2.784579e-02;1.031445e-01;1.771752e-02;3.098402e-02;2.365267e-01;3.341791e-02
3.627423e-02;3.146190e-02;1.246522e-01;2.174044e-01;2.660292e-02;7.355579e-02;3.007989e-02;9.496059e-02;3.096082e-02;7.366795e-02;2.399783e-01;2.040098e-02
8.738452e-02;6.592016e-02;1.894700e-01;1.454499e-01;1.671248e-02;4.846025e-02;5.877057e-02;4.144406e-02;3.847777e-02;1.249374e-01;1.549541e-01;2.801885e-02
9.681115e-02;1.365616e-01;2.504840e-01;7.418982e-02;1.756814e-02;4.004731e-02;7.587358e-02;2.907864e-02;3.248785e-02;1.174288e-01;8.480344e-02;4.466579e-02
7.157184e-02;1.983374e-01;2.398012e-01;7.896356e-02;2.824100e-02;6.867915e-02;7.096408e-02;3.017155e-02;4.161196e-02;7.133526e-02;5.435141e-02;4.597164e-02
4.451540e-02;2.275882e-01;2.463628e-01;8.319939e-02;3.613152e-02;1.287383e-01;3.779063e-02;2.763994e-02;4.914067e-02;6.367060e-02;1.832592e-02;3.689667e-02
4.063474e-02;2.099689e-01;2.993720e-01;5.730724e-02;3.096876e-02;1.310599e-01;6.461759e-02;3.225077e-02;2.885796e-02;4.241867e-02;3.128901e-02;3.125454e-02
2.645760e-02;2.223571e-01;3.293653e-01;4.804118e-02;2.264796e-02;1.049649e-01;7.086019e-02;4.056292e-02;1.751215e-02;3.456090e-02;5.459035e-02;2.807952e-02
2.041295e-02;2.519877e-01;3.622399e-01;3.882094e-02;1.928065e-02;1.059289e-01;4.222392e-02;3.752670e-02;1.199728e-02;1.805841e-02;6.774996e-02;2.377267e-02
2.635890e-02;2.559246e-01;3.772490e-01;4.347732e-02;2.028728e-02;1.182086e-01;2.025262e-02;2.981342e-02;8.655606e-03;2.036891e-02;6.288866e-02;1.651517e-02
2.740307e-02;2.721380e-01;3.565745e-01;5.743156e-02;1.589822e-02;1.119101e-01;2.056598e-02;3.338187e-02;1.690147e-02;2.363172e-02;4.583513e-02;1.832833e-02
3.342962e-02;2.890228e-01;3.272482e-01;6.261978e-02;1.571407e-02;1.091809e-01;3.025378e-02;3.679354e-02;3.236954e-02;1.581100e-02;2.439634e-02;2.316047e-02
3.571531e-02;2.805834e-01;3.397881e-01;5.143328e-02;1.085817e-02;8.935729e-02;3.228818e-02;3.460252e-02;3.791517e-02;3.392594e-02;2.901924e-02;2.451341e-02
3.704553e-02;3.043504e-01;3.208830e-01;4.264644e-02;1.057832e-02;1.083869e-01;2.885180e-02;3.668487e-02;2.776667e-02;2.559954e-02;3.651095e-02;2.069546e-02
4.374579e-02;3.378136e-01;2.685341e-01;5.364196e-02;1.978703e-02;1.106859e-01;2.596672e-02;3.253601e-02;3.882902e-02;2.432223e-02;3.132755e-02;1.281017e-02
5.154682e-02;3.270369e-01;2.767016e-01;7.116890e-02;2.658999e-02;7.308153e-02;3.566652e-02;4.088159e-02;3.489695e-02;2.821725e-02;2.317218e-02;1.103978e-02
4.346794e-02;2.463374e-01;3.137928e-01;7.761944e-02;3.434419e-02;6.670454e-02;3.107029e-02;6.161533e-02;2.557275e-02;3.243181e-02;4.768607e-02;1.935738e-02
3.179567e-02;2.303493e-01;3.231828e-01;7.409378e-02;2.978441e-02;6.354262e-02;3.816136e-02;7.255235e-02;2.639147e-02;3.439273e-02;5.001549e-02;2.573794e-02
4.514037e-02;2.717157e-01;3.094841e-01;6.541606e-02;1.271518e-02;6.177330e-02;5.248497e-02;3.799142e-02;2.726698e-02;3.619725e-02;5.389353e-02;2.592116e-02
3.621398e-02;2.451552e-01;3.432991e-01;5.969733e-02;2.109868e-02;7.819682e-02;4.226811e-02;3.417424e-02;3.136471e-02;3.286020e-02;5.252566e-02;2.314592e-02
3.136712e-02;2.389617e-01;3.628559e-01;6.003059e-02;3.040190e-02;1.079535e-01;2.458855e-02;4.182778e-02;3.721105e-02;1.627543e-02;3.219349e-02;1.633310e-02
3.636499e-02;2.650609e-01;3.471725e-01;5.805176e-02;2.894554e-02;8.995572e-02;2.359138e-02;3.360993e-02;3.872623e-02;2.882852e-02;3.791041e-02;1.178219e-02
3.332697e-02;2.391023e-01;3.452528e-01;7.062337e-02;3.328873e-02;8.763640e-02;3.762101e-02;3.695013e-02;3.216940e-02;1.993597e-02;5.152832e-02;1.256463e-02
3.792750e-02;2.066574e-01;3.389527e-01;8.710025e-02;3.588991e-02;9.573750e-02;4.376347e-02;4.808389e-02;2.709928e-02;2.576376e-02;3.632150e-02;1.670282e-02
3.855006e-02;1.693121e-01;3.176420e-01;1.131794e-01;4.275760e-02;9.105423e-02;4.395609e-02;5.710740e-02;2.796414e-02;3.584001e-02;3.265944e-02;2.997747e-02
3.800571e-02;1.881329e-01;3.166066e-01;1.322071e-01;4.606868e-02;9.654626e-02;1.617132e-02;4.026344e-02;2.959865e-02;2.371182e-02;4.739109e-02;2.529645e-02
3.352800e-02;1.774705e-01;2.549045e-01;1.698630e-01;6.218307e-02;1.186304e-01;1.379658e-02;5.348171e-02;3.176372e-02;1.580202e-02;4.845970e-02;2.011686e-02
3.578705e-02;1.371245e-01;8.410783e-02;2.477408e-01;1.440107e-01;1.309693e-01;2.389085e-02;7.662639e-02;2.914182e-02;2.150581e-02;5.741047e-02;1.168444e-02
2.236072e-02;9.497703e-02;1.367152e-01;1.830241e-01;2.178314e-01;1.234721e-01;4.371961e-02;5.476473e-02;3.014412e-02;2.782791e-02;2.671511e-02;3.844800e-02
1.188534e-02;8.166594e-02;1.369725e-01;1.028493e-01;2.312407e-01;2.074126e-01;5.755516e-02;3.094648e-02;4.245212e-02;2.518045e-02;1.986287e-02;5.197661e-02
2.228418e-02;6.073208e-02;9.538416e-02;6.704610e-02;1.701504e-01;3.853722e-01;4.680892e-02;3.194669e-02;3.817301e-02;2.811302e-02;1.652665e-02;3.746264e-02
4.055700e-02;4.830164e-02;6.662822e-02;5.223336e-02;6.344499e-02;5.248988e-01;7.108028e-02;4.887495e-02;1.657514e-02;4.211454e-02;8.678232e-03;1.661278e-02
4.088766e-02;5.295337e-02;4.410629e-02;5.140104e-02;4.405796e-02;4.853509e-01;1.384573e-01;6.598650e-02;9.723655e-03;4.134391e-02;1.507502e-02;1.065633e-02
2.928619e-02;6.434181e-02;4.599207e-02;4.831823e-02;4.269920e-02;3.465492e-01;2.313791e-01;1.166550e-01;1.731750e-02;2.156701e-02;2.646051e-02;9.434115e-03
2.159221e-02;7.778660e-02;6.893688e-02;4.213525e-02;5.986319e-02;2.584447e-01;2.483404e-01;1.592163e-01;2.717112e-02;6.077994e-03;2.454393e-02;5.891517e-03
1.698305e-02;8.466262e-02;1.012946e-01;3.480081e-02;6.965932e-02;3.089688e-01;1.694774e-01;1.579313e-01;2.768626e-02;8.905078e-03;1.294756e-02;6.683162e-03
1.718581e-02;1.120592e-01;1.479665e-01;3.611496e-02;5.226842e-02;3.297481e-01;5.711001e-02;1.568525e-01;3.413046e-02;2.494085e-02;1.308425e-02;1.853907e-02
2.204967e-02;1.359871e-01;1.715032e-01;4.698803e-02;2.501979e-02;3.488943e-01;7.521159e-02;9.721335e-02;1.672945e-02;2.374434e-02;1.745604e-02;1.920311e-02
1.859591e-02;1.405871e-01;1.693958e-01;5.197287e-02;3.829469e-02;3.658217e-01;9.760268e-02;5.170506e-02;3.119232e-02;1.254584e-02;1.380952e-02;8.476443e-03
1.524818e-02;1.546676e-01;2.176816e-01;5.554781e-02;2.674312e-02;2.854299e-01;1.021301e-01;7.015949e-02;3.776382e-02;1.298132e-02;1.203662e-02;9.610356e-03
1.877096e-02;1.655857e-01;2.191198e-01;6.144539e-02;6.706918e-02;1.598573e-01;9.886583e-02;1.193449e-01;4.720535e-02;1.631473e-02;1.197630e-02;1.444449e-02
1.534817e-02;1.149366e-01;1.538343e-01;5.673849e-02;9.219670e-02;5.210794e-02;9.745199e-02;2.762751e-01;8.391547e-02;1.713110e-02;2.431025e-02;1.575390e-02
1.164770e-02;7.659779e-02;7.463665e-02;3.975113e-02;8.224423e-02;1.654744e-01;9.843750e-02;3.327283e-01;6.515048e-02;1.058787e-02;3.050925e-02;1.223461e-02
1.286248e-02;7.745752e-02;7.300123e-02;2.517221e-02;7.043613e-02;2.082618e-01;9.737480e-02;3.483659e-01;4.348673e-02;7.524422e-03;2.653536e-02;9.521468e-03
1.285757e-02;7.657693e-02;8.050619e-02;1.587763e-02;4.253226e-02;3.052742e-01;8.385424e-02;3.140473e-01;3.360718e-02;7.757331e-03;1.835730e-02;8.751832e-03
1.731603e-02;7.085778e-02;6.213029e-02;2.210892e-02;2.519190e-02;4.004998e-01;6.713389e-02;2.673522e-01;3.906989e-02;6.798210e-03;1.375671e-02;7.784361e-03
2.212034e-02;9.450331e-02;1.187600e-01;4.233628e-02;5.712270e-02;3.247054e-01;6.414125e-02;1.828391e-01;5.105373e-02;7.469717e-03;2.243830e-02;1.250991e-02
2.523875e-02;1.290114e-01;2.044743e-01;6.425226e-02;9.516075e-02;1.865014e-01;7.026853e-02;1.175164e-01;5.420705e-02;1.024732e-02;2.566989e-02;1.745192e-02
2.035445e-02;1.195411e-01;2.237069e-01;6.179220e-02;1.025404e-01;1.205016e-01;6.395202e-02;1.981581e-01;4.593216e-02;1.611849e-02;1.613351e-02;1.126906e-02
2.321262e-02;1.346168e-01;1.990736e-01;3.439105e-02;7.772030e-02;1.254553e-01;7.026552e-02;2.452346e-01;4.820393e-02;2.050372e-02;1.409237e-02;7.230174e-03
2.088852e-02;1.183158e-01;1.411794e-01;2.616325e-02;5.408949e-02;2.289097e-01;6.873035e-02;2.500640e-01;5.355669e-02;1.484325e-02;1.027089e-02;1.298859e-02
2.093186e-02;1.066159e-01;1.360342e-01;4.208903e-02;6.710061e-02;2.647435e-01;6.473614e-02;1.989079e-01;6.243370e-02;1.217519e-02;1.166555e-02;1.256641e-02
2.125439e-02;1.398193e-01;1.788821e-01;4.703233e-02;6.121549e-02;2.366315e-01;9.487993e-02;1.133378e-01;6.017845e-02;2.022550e-02;1.991847e-02;6.624710e-03
2.122224e-02;1.655496e-01;2.200023e-01;4.725574e-02;4.133787e-02;1.838104e-01;1.021565e-01;1.228517e-01;4.760906e-02;1.862863e-02;2.069905e-02;8.876895e-03
1.317862e-02;1.410957e-01;2.176929e-01;5.104807e-02;6.372542e-02;2.596823e-01;6.277391e-02;9.985105e-02;3.957560e-02;1.900753e-02;1.755589e-02;1.481302e-02
2.472288e-02;1.314710e-01;1.836066e-01;5.635675e-02;8.851598e-02;2.614244e-01;3.800535e-02;8.763084e-02;5.286551e-02;2.851569e-02;2.319585e-02;2.368920e-02
2.663989e-02;1.094218e-01;1.344036e-01;6.828441e-02;9.004335e-02;1.583485e-01;4.879450e-02;2.022586e-01;6.949062e-02;3.672004e-02;2.789496e-02;2.769981e-02
2.475505e-02;7.413558e-02;1.460053e-01;6.592912e-02;5.444602e-02;6.735606e-02;8.493493e-02;2.983679e-01;9.881236e-02;3.620096e-02;1.869461e-02;3.036210e-02
1.010882e-02;6.327155e-02;1.617262e-01;4.685322e-02;3.734946e-02;7.816552e-02;8.306637e-02;3.569020e-01;9.392419e-02;2.671425e-02;1.775096e-02;2.416742e-02
1.387085e-02;6.200160e-02;1.537383e-01;2.850338e-02;3.431784e-02;5.369641e-02;9.206571e-02;4.235360e-01;6.757737e-02;2.219142e-02;1.558609e-02;3.291499e-02
1.009042e-02;8.063368e-02;1.039441e-01;2.435070e-02;2.905655e-02;1.028769e-01;1.846169e-01;3.735399e-01;3.897220e-02;1.370840e-02;1.924716e-02;1.896301e-02
7.649482e-03;1.000186e-01;7.555953e-02;1.605883e-02;2.427036e-02;8.214603e-02;3.333315e-01;3.045509e-01;2.350244e-02;8.605952e-03;1.953413e-02;4.772327e-03
6.867886e-03;9.106331e-02;4.360088e-02;1.211437e-02;3.276249e-02;1.339664e-01;3.564264e-01;2.599856e-01;2.736240e-02;9.647240e-03;2.346335e-02;2.739746e-03
6.439052e-03;7.519280e-02;4.339841e-02;1.407809e-02;5.801385e-02;1.164120e-01;3.586651e-01;2.591108e-01;2.688642e-02;1.358259e-02;2.280511e-02;5.415800e-03
6.818739e-03;7.341392e-02;3.737189e-02;1.106481e-02;6.831915e-02;1.028168e-01;3.612280e-01;2.628456e-01;2.951895e-02;1.337388e-02;2.740745e-02;5.820842e-03
3.554421e-03;7.739844e-02;2.568151e-02;1.002449e-02;4.490241e-02;1.633943e-01;3.370278e-01;2.520774e-01;4.586838e-02;9.912603e-03;2.556425e-02;4.593914e-03
5.172515e-03;9.248483e-02;3.728535e-02;9.525176e-03;2.287850e-02;1.839104e-01;3.067413e-01;2.442837e-01;5.880833e-02;8.137300e-03;2.693142e-02;3.841192e-03
1.222679e-02;9.877191e-02;4.463175e-02;1.452124e-02;2.568612e-02;1.668826e-01;2.633120e-01;2.615362e-01;6.528549e-02;1.186490e-02;3.174832e-02;3.532699e-03
2.084528e-02;7.981116e-02;5.050276e-02;1.181595e-02;2.593676e-02;2.154785e-01;1.902619e-01;2.687344e-01;7.704036e-02;2.388292e-02;3.140924e-02;4.280717e-03
2.354406e-02;6.983025e-02;7.595044e-02;9.954358e-03;2.693744e-02;2.065266e-01;1.225718e-01;3.074093e-01;9.282476e-02;3.012991e-02;2.616866e-02;8.152456e-03
1.423129e-02;6.421341e-02;7.787240e-02;2.134284e-02;3.651532e-02;1.772683e-01;2.023935e-01;2.939246e-01;6.278563e-02;1.868678e-02;1.926250e-02;1.150352e-02
1.054213e-02;6.346553e-02;5.958790e-02;2.574012e-02;4.870202e-02;2.456640e-01;2.530394e-01;2.213145e-01;4.075190e-02;1.132079e-02;1.245202e-02;7.419738e-03
1.051877e-02;8.111039e-02;7.430902e-02;3.029909e-02;6.439836e-02;1.715980e-01;3.218980e-01;1.646491e-01;5.202757e-02;9.372422e-03;1.058228e-02;9.236952e-03
5.282532e-03;8.956580e-02;9.116460e-02;2.494830e-02;6.457212e-02;1.284932e-01;3.358531e-01;1.797752e-01;4.661411e-02;1.256077e-02;1.047609e-02;1.069420e-02
1.128898e-02;9.710988e-02;5.773391e-02;2.075289e-02;4.662254e-02;1.407314e-01;3.036091e-01;2.057738e-01;6.350089e-02;2.123821e-02;1.653994e-02;1.509846e-02
1.826590e-02;1.228617e-01;7.549748e-02;1.811763e-02;4.243117e-02;1.192098e-01;2.544020e-01;2.242991e-01;5.585853e-02;3.489542e-02;1.394004e-02;2.022114e-02
1.400758e-02;1.309243e-01;6.823538e-02;1.847115e-02;3.537723e-02;1.404512e-01;2.351121e-01;2.316859e-01;6.390811e-02;2.538406e-02;2.349552e-02;1.294746e-02
1.572675e-02;1.536105e-01;4.457010e-02;1.468836e-02;1.702999e-02;1.363081e-01;2.861623e-01;2.031630e-01;5.446822e-02;2.003541e-02;4.512453e-02;9.112824e-03
1.145830e-02;1.940306e-01;2.680024e-02;1.923552e-02;1.704802e-02;1.412698e-01;3.046544e-01;1.468596e-01;3.579236e-02;1.876900e-02;7.450450e-02;9.577703e-03
1.116291e-02;2.416677e-01;2.078190e-02;2.848742e-02;2.588587e-02;1.303844e-01;2.835695e-01;9.709122e-02;3.283085e-02;1.908545e-02;9.234182e-02;1.671091e-02
2.036714e-02;2.635735e-01;4.267254e-02;3.418655e-02;2.446147e-02;1.121076e-01;2.565110e-01;7.180587e-02;5.808099e-02;2.233835e-02;7.724738e-02;1.664753e-02
1.148511e-02;2.533963e-01;5.424700e-02;2.430932e-02;2.509595e-02;1.180808e-01;2.794401e-01;6.961971e-02;7.379713e-02;1.907341e-02;6.040736e-02;1.104775e-02
2.272366e-02;1.969221e-01;3.972048e-02;2.014909e-02;2.523656e-02;1.329398e-01;2.770391e-01;1.117480e-01;7.814533e-02;2.185798e-02;5.842017e-02;1.509778e-02
2.785610e-02;1.224094e-01;5.447845e-02;2.943465e-02;2.457410e-02;2.021362e-01;2.261201e-01;1.533360e-01;6.406731e-02;2.529629e-02;4.639361e-02;2.389778e-02
2.358963e-02;8.913092e-02;9.428618e-02;2.943067e-02;3.577995e-02;1.983697e-01;2.078176e-01;1.913475e-01;3.357174e-02;2.439714e-02;4.487561e-02;2.740336e-02
1.436469e-02;1.376701e-01;6.081473e-02;1.712986e-02;2.369082e-02;1.808011e-01;2.700441e-01;1.750714e-01;4.154345e-02;1.899331e-02;4.564383e-02;1.423269e-02
2.232435e-02;1.649715e-01;2.956978e-02;1.287009e-02;1.828667e-02;1.732161e-01;3.409658e-01;1.382213e-01;3.840303e-02;1.665386e-02;3.580635e-02;8.711151e-03
1.385569e-02;1.720708e-01;1.104220e-02;1.453502e-02;1.509277e-02;1.739968e-01;3.715560e-01;1.262626e-01;4.195323e-02;1.404587e-02;3.856499e-02;7.024068e-03
8.965163e-03;1.794999e-01;1.411260e-02;1.234805e-02;1.229240e-02;1.545429e-01;3.669443e-01;1.307563e-01;4.234703e-02;8.999109e-03;6.190308e-02;7.289188e-03
1.308719e-02;1.892291e-01;1.484322e-02;1.536313e-02;8.118255e-03;1.223713e-01;3.774675e-01;1.411121e-01;3.518453e-02;7.526107e-03;6.461623e-02;1.108137e-02
2.073268e-02;1.716804e-01;1.800388e-02;1.483601e-02;9.631686e-03;1.714770e-01;3.764221e-01;1.294356e-01;2.699143e-02;9.205294e-03;4.426276e-02;7.321189e-03
2.797869e-02;1.159036e-01;2.884312e-02;1.577657e-02;2.711239e-02;2.690006e-01;3.168970e-01;1.287425e-01;2.015299e-02;1.138452e-02;2.823241e-02;9.975630e-03
2.291515e-02;9.503441e-02;4.854964e-02;2.940486e-02;4.262022e-02;2.882035e-01;2.610964e-01;1.199134e-01;3.061279e-02;1.750376e-02;2.956896e-02;1.457688e-02
2.942020e-02;1.593772e-01;1.089869e-01;4.203416e-02;3.770541e-02;1.988684e-01;2.173780e-01;8.932834e-02;4.600496e-02;2.615358e-02;2.902456e-02;1.571835e-02
3.466531e-02;2.097754e-01;1.658990e-01;4.175885e-02;8.170633e-03;1.030736e-01;2.614594e-01;8.930901e-02;3.665873e-02;2.315760e-02;1.677589e-02;9.296452e-03
2.517044e-02;1.555518e-01;1.285983e-01;3.002580e-02;1.585050e-02;1.750804e-01;3.068828e-01;8.922309e-02;2.140595e-02;1.979509e-02;1.606534e-02;1.635052e-02
5.235556e-02;9.078618e-02;6.145481e-02;2.852670e-02;4.925152e-02;2.072556e-01;2.746988e-01;8.922062e-02;2.711179e-02;3.297745e-02;3.731284e-02;4.904813e-02
1.146767e-01;4.694150e-02;2.026861e-02;2.301721e-02;4.094160e-02;2.976622e-01;2.378736e-01;8.595797e-02;2.367479e-02;3.973587e-02;2.664224e-02;4.260768e-02
1.827166e-01;3.436485e-02;1.677663e-02;1.449366e-02;1.327419e-02;3.643925e-01;2.152672e-01;7.146716e-02;1.053973e-02;5.268189e-02;7.021633e-03;1.700402e-02
2.594552e-01;2.593327e-02;1.348224e-02;1.395187e-02;1.601536e-02;3.860174e-01;1.476290e-01;4.907421e-02;7.213593e-03;6.423339e-02;4.127246e-03;1.286726e-02
3.289243e-01;3.340393e-02;2.519355e-02;2.942306e-02;1.392523e-02;3.725860e-01;5.331296e-02;3.278103e-02;9.136196e-03;8.610450e-02;7.388494e-03;7.820752e-03
3.232062e-01;5.255947e-02;2.644526e-02;5.460004e-02;1.226341e-02;3.271222e-01;2.007513e-02;3.625307e-02;1.000840e-02;1.160483e-01;9.151530e-03;1.226697e-02
2.622886e-01;4.310915e-02;2.351461e-02;6.545356e-02;8.012718e-03;2.966874e-01;7.355393e-02;5.848497e-02;1.394402e-02;1.274510e-01;7.360903e-03;2.013924e-02
2.233215e-01;4.023772e-02;2.277053e-02;6.734011e-02;7.873205e-03;3.024034e-01;1.037436e-01;6.409217e-02;1.608447e-02;1.140124e-01;1.103952e-02;2.708154e-02
2.341834e-01;4.173138e-02;2.820025e-02;9.016873e-02;7.473577e-03;3.287211e-01;8.086514e-02;4.614552e-02;1.922079e-02;7.953108e-02;1.440980e-02;2.934927e-02
2.416834e-01;6.899530e-02;2.920965e-02;8.507770e-02;8.998162e-03;3.470137e-01;6.602643e-02;4.244510e-02;1.757900e-02;5.195304e-02;1.440520e-02;2.661332e-02
2.378150e-01;5.611621e-02;2.190010e-02;8.178402e-02;6.650117e-03;3.722764e-01;1.013762e-01;4.325888e-02;1.365534e-02;4.574044e-02;6.775665e-03;1.265157e-02
2.233750e-01;5.570966e-02;2.396342e-02;7.267294e-02;2.927693e-02;3.435590e-01;1.262085e-01;4.656110e-02;7.879050e-03;4.819264e-02;3.825783e-03;1.877593e-02
1.638160e-01;5.936658e-02;4.346300e-02;6.607646e-02;4.267828e-02;2.928387e-01;1.585310e-01;7.153828e-02;1.700940e-02;4.082600e-02;7.624614e-03;3.623174e-02
8.084531e-02;6.935058e-02;5.815536e-02;5.209026e-02;5.262008e-02;3.222090e-01;1.687591e-01;8.050509e-02;2.073081e-02;2.637097e-02;8.368696e-03;5.999477e-02
1.260203e-01;6.614520e-02;3.829509e-02;2.954658e-02;4.972890e-02;3.318785e-01;1.493621e-01;7.275262e-02;2.037454e-02;6.103945e-02;8.325078e-03;4.653159e-02
1.244872e-01;6.015354e-02;2.957137e-02;2.059123e-02;3.507551e-02;3.597371e-01;1.527609e-01;4.760631e-02;2.195164e-02;1.161412e-01;6.919942e-03;2.500396e-02
8.305811e-02;4.227946e-02;2.885087e-02;3.034692e-02;2.645615e-02;4.197304e-01;1.165877e-01;4.786395e-02;3.317637e-02;1.440617e-01;1.395635e-02;1.363198e-02
1.004828e-01;5.309324e-02;2.931609e-02;2.624841e-02;3.798877e-02;5.060530e-01;4.440178e-02;5.494925e-02;2.559464e-02;9.123257e-02;1.565644e-02;1.498305e-02
1.445923e-01;4.936508e-02;6.925999e-03;2.737676e-02;3.904940e-02;5.365596e-01;7.460458e-02;3.135799e-02;1.791011e-02;4.336134e-02;1.295210e-02;1.594467e-02
1.518264e-01;2.489158e-02;9.868338e-03;2.774871e-02;2.207134e-02;5.626627e-01;9.800409e-02;4.191996e-02;1.097796e-02;3.096521e-02;6.134456e-03;1.292924e-02
1.497380e-01;1.881152e-02;1.170770e-02;2.064289e-02;1.610172e-02;5.744993e-01;8.340468e-02;7.087186e-02;9.808509e-03;3.381496e-02;2.817183e-03;7.781671e-03
1.524211e-01;2.614253e-02;1.885395e-02;1.689421e-02;1.297425e-02;5.977602e-01;6.185246e-02;6.766008e-02;5.734268e-03;2.977691e-02;3.954426e-03;5.975668e-03
1.437996e-01;2.341782e-02;1.477883e-02;2.193273e-02;1.944250e-02;6.510724e-01;4.673668e-02;4.746532e-02;4.730713e-03;1.573488e-02;5.591216e-03;5.297348e-03
9.942911e-02;1.859424e-02;2.491708e-02;2.720579e-02;1.454974e-02;6.409263e-01;4.786213e-02;7.476553e-02;7.264034e-03;2.594575e-02;9.854669e-03;8.685597e-03
7.865626e-02;3.483849e-02;2.471685e-02;2.727912e-02;2.058181e-02;5.201778e-01;9.010561e-02;1.079285e-01;2.207170e-02;4.721557e-02;8.603073e-03;1.782512e-02
8.661952e-02;5.553422e-02;2.814469e-02;2.187895e-02;2.202227e-02;4.374519e-01;1.316590e-01;9.198006e-02;2.082135e-02;7.711046e-02;8.043502e-03;1.873403e-02
8.743340e-02;4.718740e-02;2.733360e-02;2.709563e-02;1.578135e-02;4.086023e-01;1.711207e-01;5.130540e-02;1.807894e-02;1.187505e-01;1.206668e-02;1.524417e-02
9.333596e-02;1.655156e-02;1.240021e-02;3.485489e-02;1.697341e-02;4.159210e-01;1.663105e-01;3.935084e-02;2.033638e-02;1.583577e-01;1.528049e-02;1.032706e-02
8.096512e-02;1.876116e-02;1.271290e-02;3.748802e-02;1.444052e-02;4.391236e-01;1.304571e-01;5.240041e-02;2.247215e-02;1.641488e-01;2.377928e-02;3.250960e-03
8.633412e-02;2.449715e-02;8.205638e-03;3.830922e-02;1.172813e-02;4.185781e-01;1.529771e-01;6.193357e-02;2.484949e-02;1.489613e-01;1.926063e-02;4.365559e-03
9.831417e-02;2.198344e-02;5.157357e-03;4.811557e-02;9.549789e-03;4.124270e-01;1.651339e-01;5.606892e-02;1.728491e-02;1.404458e-01;1.943221e-02;6.086925e-03
1.045952e-01;2.482475e-02;7.111678e-03;4.663059e-02;1.149104e-02;3.953249e-01;1.567092e-01;8.048088e-02;1.213281e-02;1.296607e-01;1.782227e-02;1.321597e-02
1.076960e-01;2.140630e-02;1.991456e-02;4.025620e-02;3.371960e-02;3.796619e-01;1.279065e-01;9.529635e-02;1.386308e-02;1.000590e-01;1.393764e-02;4.628292e-02
7.735103e-02;3.091655e-02;5.162899e-02;4.129577e-02;5.648287e-02;3.808730e-01;9.014908e-02;8.975222e-02;2.738867e-02;4.583732e-02;2.190498e-02;8.641952e-02
9.851169e-02;4.691026e-02;6.572557e-02;4.380808e-02;3.307389e-02;3.804306e-01;1.164737e-01;5.856588e-02;2.743234e-02;3.321215e-02;1.953100e-02;7.632478e-02
9.701884e-02;3.523237e-02;5.010281e-02;2.596451e-02;2.217188e-02;4.732071e-01;1.456828e-01;6.749826e-02;2.323573e-02;2.361481e-02;1.278753e-02;2.348334e-02
7.362156e-02;3.532619e-02;4.339175e-02;1.797616e-02;2.732651e-02;5.481386e-01;1.102154e-01;6.597606e-02;1.830316e-02;3.190459e-02;8.614302e-03;1.920577e-02
8.255652e-02;3.488277e-02;1.937332e-02;2.340120e-02;3.295947e-02;5.422303e-01;8.928984e-02;7.789317e-02;2.003009e-02;4.692135e-02;8.974056e-03;2.148794e-02
7.670899e-02;5.228065e-02;1.560251e-02;4.360895e-02;4.380886e-02;5.683584e-01;6.255818e-02;4.544098e-02;2.128621e-02;4.979535e-02;7.952355e-03;1.259856e-02
4.201987e-02;6.950557e-02;3.461207e-02;4.548382e-02;3.866283e-02;5.036781e-01;8.048078e-02;9.383251e-02;1.889711e-02;4.962279e-02;1.195211e-02;1.125249e-02
3.905199e-02;6.434319e-02;3.589871e-02;3.558232e-02;1.728478e-02;4.840489e-01;8.507673e-02;1.398350e-01;2.303123e-02;5.031660e-02;1.329778e-02;1.223275e-02
6.091545e-02;3.778218e-02;3.895530e-02;2.578618e-02;2.871167e-02;4.958347e-01;8.574449e-02;1.352228e-01;1.433560e-02;5.192814e-02;1.017694e-02;1.460652e-02
8.880050e-02;4.299985e-02;4.178015e-02;2.441866e-02;2.987137e-02;4.907274e-01;7.580534e-02;1.139560e-01;2.083146e-02;4.338309e-02;9.604007e-03;1.782225e-02
1.177730e-01;6.331441e-02;6.021250e-02;3.106544e-02;2.186585e-02;4.780674e-01;7.223862e-02;7.499053e-02;2.429334e-02;2.792544e-02;6.968972e-03;2.128437e-02
1.160200e-01;5.128944e-02;6.241922e-02;3.305684e-02;3.588748e-02;4.123499e-01;9.546094e-02;7.671686e-02;2.431531e-02;4.685748e-02;1.371896e-02;3.190748e-02
9.568825e-02;4.503572e-02;7.877335e-02;9.795719e-02;5.924077e-02;2.083752e-01;9.563003e-02;1.446407e-01;3.077850e-02;5.137490e-02;4.714855e-02;4.535682e-02
7.805210e-02;5.426982e-02;9.426749e-02;1.342169e-01;6.208726e-02;1.627460e-01;7.350630e-02;1.350444e-01;3.087633e-02;4.611749e-02;6.310006e-02;6.571577e-02
7.045919e-02;5.795356e-02;8.717173e-02;1.174310e-01;4.271949e-02;2.330039e-01;1.072481e-01;9.421343e-02;2.586026e-02;4.533075e-02;5.127079e-02;6.733780e-02
7.072181e-02;5.801911e-02;5.916956e-02;6.601561e-02;5.266841e-02;3.167010e-01;7.471757e-02;1.006602e-01;5.285403e-02;4.018208e-02;5.035020e-02;5.794046e-02
5.412047e-02;9.258967e-02;5.322834e-02;3.389284e-02;4.735526e-02;3.010019e-01;1.444659e-01;1.336022e-01;4.313572e-02;5.284222e-02;2.709373e-02;1.667183e-02
6.478550e-02;1.009067e-01;2.944464e-02;4.132957e-02;2.855448e-02;2.892711e-01;2.089584e-01;1.251072e-01;2.858764e-02;6.443333e-02;1.060432e-02;8.017009e-03
8.539875e-02;9.419245e-02;2.475067e-02;6.673115e-02;2.896435e-02;2.755334e-01;2.222900e-01;7.897971e-02;3.197195e-02;7.183222e-02;8.265117e-03;1.109031e-02
1.389382e-01;5.675510e-02;2.002543e-02;7.106216e-02;2.402504e-02;2.767789e-01;1.578561e-01;6.982133e-02;3.938835e-02;1.071837e-01;1.556762e-02;2.259810e-02
2.243964e-01;1.930860e-02;1.892856e-02;5.673596e-02;1.681048e-02;3.018098e-01;8.398982e-02;6.911741e-02;2.991881e-02;1.409896e-01;1.856789e-02;1.942670e-02
2.829073e-01;1.020096e-02;1.223420e-02;3.209750e-02;8.639607e-03;3.322180e-01;4.956639e-02;8.026111e-02;1.908963e-02;1.363743e-01;1.512626e-02;2.128474e-02
2.773121e-01;1.450763e-02;1.311852e-02;1.610028e-02;2.625802e-02;3.606578e-01;3.874094e-02;7.682947e-02;1.342124e-02;9.362379e-02;8.824346e-03;6.060585e-02
1.960918e-01;1.633991e-02;2.406851e-02;2.967079e-02;8.584630e-02;3.366491e-01;4.304268e-02;6.353470e-02;5.523039e-02;4.782308e-02;1.264953e-02;8.905322e-02
1.173729e-01;1.920823e-02;3.959898e-02;5.549407e-02;1.454504e-01;2.224366e-01;6.109157e-02;5.227614e-02;1.297714e-01;2.727295e-02;2.606702e-02;1.039597e-01
8.581542e-02;2.854321e-02;7.234062e-02;6.952918e-02;1.462276e-01;2.164667e-01;5.349362e-02;4.835001e-02;1.511727e-01;1.388099e-02;2.973974e-02;8.444033e-02
7.776991e-02;3.836637e-02;9.541167e-02;8.394447e-02;9.588704e-02;2.957796e-01;2.387845e-02;6.183041e-02;1.168579e-01;2.498155e-02;2.840705e-02;5.688559e-02
5.465351e-02;3.308235e-02;7.500632e-02;7.201864e-02;5.259175e-02;4.605196e-01;5.758261e-02;5.655272e-02;5.796854e-02;3.371683e-02;1.620756e-02;3.009954e-02
5.434032e-02;1.740341e-02;5.083949e-02;5.022075e-02;6.219550e-02;5.269079e-01;7.135518e-02;3.727820e-02;4.605618e-02;2.274388e-02;8.218388e-03;5.244085e-02
9.012833e-02;1.279878e-02;4.334738e-02;4.246221e-02;3.249947e-02;5.623171e-01;6.024330e-02;4.345332e-02;3.355461e-02;1.609279e-02;6.702092e-03;5.640058e-02
9.614900e-02;1.590995e-02;3.234665e-02;3.309884e-02;5.035751e-02;5.943285e-01;3.274466e-02;5.456135e-02;1.875335e-02;2.246085e-02;4.943947e-03;4.434540e-02
1.055493e-01;3.053789e-02;3.768088e-02;2.195631e-02;3.390952e-02;6.594386e-01;2.157675e-02;2.561521e-02;1.224095e-02;2.187045e-02;4.956810e-03;2.466737e-02
9.825273e-02;2.104581e-02;2.189882e-02;1.555487e-02;2.171240e-02;6.701824e-01;3.924794e-02;6.205397e-02;1.430339e-02;1.281304e-02;5.879580e-03;1.705507e-02
7.767903e-02;1.422610e-02;2.033017e-02;1.546435e-02;2.430211e-02;6.394175e-01;5.131037e-02;1.177254e-01;1.793952e-02;9.800576e-03;3.854026e-03;7.950867e-03
