9.165414e-02;5.955769e-02;6.314971e-02;4.896470e-02;3.498366e-02;8.151385e-02;1.179266e-01;4.669707e-02;6.199893e-02;1.859925e-01;1.489456e-01;5.861558e-02
4.907175e-02;4.448385e-02;6.195351e-02;4.426610e-02;4.052435e-02;5.141002e-02;1.007848e-01;8.676570e-02;1.781712e-01;1.590323e-01;1.088237e-01;7.471271e-02
3.541716e-02;4.228176e-02;7.635880e-02;6.174522e-02;4.175505e-02;4.117154e-02;9.020548e-02;1.150654e-01;2.260072e-01;1.263793e-01;7.325920e-02;7.035390e-02
1.936879e-02;3.900444e-02;1.042178e-01;7.474962e-02;3.382537e-02;3.231580e-02;1.108441e-01;2.166102e-01;1.771326e-01;8.239362e-02;4.932627e-02;6.021134e-02
3.132789e-02;3.054365e-02;1.005736e-01;6.523587e-02;2.636831e-02;6.048103e-02;1.599908e-01;2.600397e-01;1.126173e-01;6.111212e-02;3.505713e-02;5.665262e-02
4.623926e-02;3.408521e-02;5.867109e-02;5.651688e-02;4.002798e-02;1.231649e-01;1.810398e-01;1.956537e-01;1.385574e-01;6.307547e-02;2.229518e-02;4.067311e-02
6.149630e-02;3.907236e-02;5.498930e-02;5.273402e-02;4.837908e-02;1.780102e-01;1.935127e-01;1.280238e-01;1.204528e-01;7.328823e-02;2.558294e-02;2.445831e-02
7.333175e-02;3.363986e-02;1.365638e-01;4.628286e-02;7.601859e-02;1.896789e-01;1.719519e-01;7.980152e-02;8.594599e-02;6.561083e-02;1.876094e-02;2.241298e-02
8.341710e-02;3.369250e-02;2.576669e-01;5.068947e-02;7.251985e-02;1.566865e-01;1.370515e-01;7.238123e-02;6.588577e-02;3.681210e-02;1.282618e-02;2.037086e-02
1.111031e-01;6.425070e-02;2.318734e-01;5.076181e-02;6.345110e-02;1.317699e-01;1.221313e-01;5.823431e-02;8.137962e-02;5.082699e-02;1.228013e-02;2.193767e-02
1.337190e-01;8.723116e-02;1.504312e-01;3.956825e-02;5.193190e-02;1.119735e-01;1.650704e-01;4.867877e-02;9.436757e-02;5.668312e-02;3.824750e-02;2.209760e-02
1.213511e-01;1.023358e-01;1.518771e-01;3.807079e-02;5.397901e-02;7.889754e-02;1.748434e-01;6.321184e-02;7.938246e-02;4.908649e-02;5.958940e-02;2.737511e-02
1.077711e-01;1.032161e-01;1.470562e-01;5.213381e-02;5.641932e-02;4.721128e-02;1.788149e-01;8.942974e-02;8.813790e-02;5.074616e-02;5.220707e-02;2.685638e-02
8.786475e-02;8.471423e-02;1.191434e-01;6.152629e-02;7.008839e-02;6.280974e-02;1.824199e-01;1.206973e-01;7.858095e-02;6.009138e-02;3.133659e-02;4.072703e-02
1.184561e-01;7.131689e-02;1.193199e-01;5.776129e-02;7.514735e-02;7.199486e-02;1.568125e-01;1.177365e-01;7.576731e-02;5.364672e-02;3.419828e-02;4.784238e-02
1.262266e-01;7.706226e-02;1.360262e-01;3.557339e-02;1.005563e-01;6.454333e-02;1.207879e-01;9.485202e-02;7.466685e-02;5.592438e-02;5.515619e-02;5.862448e-02
1.290335e-01;8.534778e-02;1.647248e-01;6.309473e-02;7.463163e-02;6.873884e-02;1.069003e-01;1.340594e-01;3.490724e-02;5.069967e-02;4.513074e-02;4.273148e-02
1.134890e-01;8.809303e-02;1.504904e-01;7.555206e-02;6.245362e-02;5.855643e-02;1.108121e-01;1.066370e-01;6.210753e-02;5.147118e-02;4.128919e-02;7.904847e-02
8.855576e-02;7.088530e-02;1.469677e-01;5.318840e-02;5.611679e-02;9.513807e-02;1.165756e-01;8.692628e-02;5.489601e-02;7.198118e-02;5.625369e-02;1.025153e-01
1.034896e-01;5.006827e-02;9.741591e-02;5.611624e-02;8.301244e-02;7.371933e-02;1.449315e-01;1.131551e-01;6.259620e-02;5.045971e-02;6.731707e-02;9.771872e-02
7.422265e-02;3.267246e-02;2.187971e-01;8.484671e-02;8.802772e-02;4.382261e-02;1.197114e-01;6.257223e-02;7.240696e-02;5.769300e-02;8.970723e-02;5.551999e-02
4.817456e-02;3.820826e-02;3.143889e-01;1.077048e-01;6.984292e-02;3.228858e-02;8.561713e-02;3.351380e-02;6.824207e-02;7.420745e-02;9.349520e-02;3.431626e-02
2.717460e-02;4.674360e-02;3.966034e-01;1.450102e-01;5.251272e-02;1.902944e-02;4.182244e-02;2.071069e-02;4.730302e-02;6.986006e-02;1.048025e-01;2.842738e-02
2.504012e-02;3.259187e-02;3.650830e-01;1.885227e-01;1.020225e-01;2.363868e-02;1.643568e-02;2.275108e-02;1.607625e-02;4.487808e-02;1.153112e-01;4.764882e-02
2.131348e-02;8.316880e-03;2.219036e-01;1.813674e-01;2.062157e-01;4.831473e-02;2.357712e-02;2.116448e-02;1.662403e-02;2.857370e-02;1.066476e-01;1.159813e-01
2.911778e-02;1.312851e-02;1.045494e-01;1.080430e-01;2.903916e-01;1.074461e-01;5.263040e-02;8.817174e-03;3.366946e-02;1.908854e-02;6.592332e-02;1.671948e-01
7.972530e-02;1.182157e-02;7.645544e-02;6.238246e-02;2.697532e-01;2.081398e-01;1.090698e-01;8.419290e-03;3.084623e-02;1.700739e-02;9.519385e-03;1.168601e-01
1.334548e-01;1.575384e-02;5.988051e-02;4.873884e-02;1.386439e-01;2.739614e-01;2.141262e-01;9.089600e-03;1.237435e-02;3.328694e-02;2.169449e-02;3.899524e-02
1.146865e-01;5.928938e-02;4.732241e-02;2.537580e-02;4.569907e-02;2.309915e-01;3.685061e-01;1.671240e-02;8.308108e-03;3.068270e-02;2.241522e-02;3.001085e-02
4.325797e-02;1.338751e-01;6.244842e-02;1.066391e-02;3.867469e-02;1.335610e-01;4.804951e-01;2.117755e-02;1.778649e-02;1.560096e-02;1.323418e-02;2.922464e-02
1.393498e-02;1.789394e-01;1.075163e-01;1.566364e-02;1.944917e-02;5.612424e-02;5.121549e-01;3.225422e-02;2.494934e-02;4.838771e-03;1.580380e-02;1.837132e-02
1.468438e-02;1.665756e-01;1.345654e-01;2.652499e-02;2.568328e-02;2.335744e-02;4.863864e-01;6.258689e-02;2.361918e-02;5.033702e-03;2.393954e-02;7.043342e-03
1.609115e-02;1.351254e-01;7.691887e-02;2.514102e-02;3.638843e-02;3.281177e-02;4.255858e-01;1.763210e-01;2.372527e-02;1.040012e-02;3.130538e-02;1.018585e-02
1.371584e-02;9.168806e-02;7.518847e-02;9.888415e-03;2.843380e-02;2.343492e-02;2.582467e-01;3.994924e-01;2.763010e-02;2.607819e-02;2.206117e-02;2.414196e-02
3.855933e-03;4.178625e-02;1.044665e-01;1.020503e-02;1.467524e-02;1.311110e-02;1.432762e-01;5.563307e-01;3.580603e-02;3.198809e-02;9.210744e-03;3.528814e-02
5.645927e-03;2.235550e-02;9.934244e-02;5.161568e-03;2.548453e-02;1.203167e-02;1.932704e-01;5.261204e-01;2.658252e-02;2.705117e-02;9.129096e-03;4.782480e-02
8.346302e-03;2.561087e-02;9.562591e-02;5.934134e-03;5.798973e-02;1.685339e-02;2.270732e-01;3.969912e-01;4.000491e-02;2.897639e-02;4.086518e-02;5.572889e-02
1.354625e-02;5.343270e-02;1.003236e-01;1.685255e-02;8.748534e-02;3.604504e-02;1.981284e-01;2.698732e-01;4.197128e-02;4.662163e-02;9.106688e-02;4.465310e-02
2.755960e-02;6.650496e-02;1.658223e-01;3.900504e-02;8.266373e-02;4.601741e-02;1.346994e-01;2.040446e-01;4.883154e-02;6.282812e-02;9.818395e-02;2.383934e-02
4.750879e-02;4.437919e-02;2.547577e-01;4.308480e-02;5.364856e-02;3.903203e-02;1.452618e-01;1.391592e-01;4.241130e-02;1.178563e-01;6.098933e-02;1.191099e-02
7.058308e-02;5.913740e-02;2.844473e-01;3.941973e-02;4.809229e-02;3.107303e-02;1.156549e-01;6.366212e-02;5.176445e-02;1.532900e-01;5.322668e-02;2.964900e-02
1.034469e-01;7.550418e-02;2.522983e-01;3.442976e-02;3.646363e-02;2.467347e-02;9.826070e-02;4.776444e-02;7.452498e-02;1.259360e-01;6.575646e-02;6.094114e-02
1.418932e-01;6.011631e-02;1.679951e-01;2.007941e-02;3.671446e-02;2.706607e-02;1.102217e-01;7.908363e-02;6.387985e-02;9.038958e-02;9.427656e-02;1.082841e-01
1.259755e-01;4.798498e-02;1.577455e-01;1.928396e-02;6.664149e-02;2.365425e-02;1.258536e-01;1.044326e-01;4.876596e-02;7.204951e-02;7.514852e-02;1.324642e-01
1.001975e-01;7.491755e-02;1.412733e-01;4.155402e-02;7.934079e-02;4.607661e-02;1.225538e-01;9.737194e-02;5.919071e-02;6.438068e-02;4.827504e-02;1.248681e-01
9.715139e-02;1.037447e-01;1.470497e-01;6.202503e-02;7.781117e-02;7.047781e-02;9.402642e-02;6.909025e-02;7.047109e-02;5.881602e-02;4.347311e-02;1.058633e-01
9.367365e-02;1.204200e-01;1.855174e-01;6.825874e-02;5.641414e-02;6.117355e-02;7.456797e-02;3.725291e-02;7.949864e-02;4.823653e-02;2.985551e-02;1.451309e-01
9.149547e-02;1.281276e-01;1.456899e-01;6.106646e-02;4.418246e-02;3.794143e-02;1.025118e-01;4.500354e-02;7.589145e-02;4.597654e-02;3.938109e-02;1.827323e-01
1.010236e-01;1.028227e-01;1.360925e-01;4.567575e-02;3.901565e-02;2.942076e-02;1.162303e-01;7.306063e-02;7.575424e-02;7.191949e-02;5.267229e-02;1.563120e-01
1.332361e-01;5.990509e-02;1.164483e-01;3.409407e-02;5.776917e-02;2.734422e-02;1.258175e-01;1.013740e-01;7.039709e-02;1.025064e-01;6.577658e-02;1.053314e-01
1.167279e-01;6.296237e-02;9.501977e-02;4.592006e-02;6.734505e-02;3.175486e-02;1.391073e-01;1.001850e-01;4.992926e-02;1.146526e-01;7.336887e-02;1.030270e-01
1.284937e-01;7.779957e-02;1.388281e-01;5.745278e-02;6.652343e-02;4.191536e-02;1.596312e-01;6.105418e-02;6.067317e-02;8.335505e-02;3.835259e-02;8.592089e-02
1.254341e-01;5.985212e-02;2.427192e-01;5.828862e-02;6.632412e-02;4.338986e-02;1.346707e-01;4.419224e-02;4.326650e-02;6.055561e-02;5.681945e-02;6.448758e-02
1.649426e-01;6.748700e-02;3.101048e-01;4.860877e-02;5.496726e-02;2.542314e-02;8.350769e-02;4.218952e-02;3.155531e-02;6.382415e-02;4.334842e-02;6.404135e-02
1.751561e-01;1.062256e-01;3.669195e-01;3.619340e-02;3.828950e-02;2.166495e-02;5.079328e-02;3.084955e-02;2.332383e-02;6.800050e-02;2.208485e-02;6.049892e-02
1.754797e-01;1.845156e-01;2.979546e-01;2.854691e-02;2.290375e-02;3.384549e-02;4.126479e-02;3.760598e-02;3.186247e-02;3.921124e-02;2.530228e-02;8.150718e-02
2.456463e-01;2.050068e-01;1.981593e-01;2.529644e-02;2.891622e-02;3.422600e-02;5.146683e-02;4.253591e-02;2.700624e-02;2.546218e-02;4.948007e-02;6.679774e-02
3.244953e-01;1.570741e-01;1.406684e-01;3.006519e-02;3.191927e-02;2.855415e-02;5.427752e-02;5.332842e-02;2.392389e-02;4.159545e-02;6.798593e-02;4.611233e-02
2.900920e-01;1.170532e-01;1.496460e-01;4.159465e-02;3.434088e-02;3.041214e-02;4.845549e-02;6.143018e-02;3.904279e-02;4.747414e-02;8.605076e-02;5.440779e-02
2.334640e-01;1.211868e-01;1.966908e-01;4.549630e-02;4.837384e-02;3.358673e-02;5.112332e-02;6.333171e-02;5.137187e-02;4.765517e-02;6.801636e-02;3.970306e-02
1.979497e-01;1.996899e-01;2.071906e-01;4.647056e-02;4.610027e-02;4.534997e-02;4.179048e-02;6.045776e-02;3.813523e-02;3.473660e-02;4.570987e-02;3.641903e-02
2.139875e-01;2.485942e-01;1.498320e-01;3.308994e-02;4.433955e-02;3.656751e-02;5.549138e-02;5.113412e-02;3.129857e-02;4.474175e-02;4.665482e-02;4.426862e-02
2.009162e-01;2.282461e-01;1.880119e-01;2.682192e-02;4.055003e-02;2.266026e-02;5.254877e-02;3.560228e-02;4.423400e-02;6.849918e-02;4.503776e-02;4.687167e-02
1.775089e-01;1.763769e-01;2.096144e-01;4.606455e-02;3.597542e-02;2.698237e-02;8.074494e-02;4.124473e-02;5.996163e-02;5.931884e-02;3.654635e-02;4.966094e-02
1.182725e-01;1.404174e-01;1.701667e-01;5.344321e-02;5.204715e-02;5.277928e-02;6.966700e-02;7.210731e-02;7.053973e-02;7.104451e-02;5.584366e-02;7.367162e-02
1.090497e-01;8.056346e-02;1.485110e-01;6.833799e-02;6.363884e-02;6.077558e-02;1.018134e-01;6.958204e-02;7.658520e-02;9.325738e-02;5.843612e-02;6.944936e-02
1.097419e-01;5.611770e-02;1.068183e-01;4.735186e-02;8.825681e-02;7.833318e-02;1.349026e-01;5.274606e-02;7.631024e-02;6.741737e-02;5.152320e-02;1.304807e-01
7.784603e-02;4.543304e-02;8.791078e-02;8.069964e-02;1.066843e-01;6.822277e-02;1.117294e-01;4.930747e-02;6.354524e-02;3.522811e-02;1.217961e-01;1.515971e-01
4.003016e-02;4.042767e-02;9.513509e-02;1.373327e-01;9.767404e-02;5.821927e-02;5.893892e-02;6.791393e-02;3.941508e-02;2.246902e-02;2.209084e-01;1.215358e-01
1.985600e-02;3.698697e-02;1.229476e-01;1.872059e-01;6.409067e-02;4.976659e-02;2.840628e-02;7.760638e-02;1.489487e-02;3.435531e-02;2.993878e-01;6.449563e-02
3.045941e-02;3.338795e-02;2.158797e-01;1.671971e-01;3.570803e-02;4.249699e-02;4.947044e-02;6.108843e-02;3.173200e-02;6.730356e-02;2.493246e-01;1.595175e-02
6.905919e-02;5.854528e-02;2.739064e-01;9.692709e-02;2.464736e-02;3.296632e-02;7.505201e-02;5.742392e-02;6.212993e-02;1.014089e-01;1.321992e-01;1.573437e-02
1.036510e-01;7.611497e-02;2.262443e-01;6.875951e-02;3.670052e-02;3.486800e-02;7.925460e-02;6.233281e-02;6.737437e-02;1.035960e-01;1.105189e-01;3.058506e-02
9.614524e-02;5.282180e-02;1.731119e-01;9.069379e-02;4.945597e-02;4.165750e-02;5.259601e-02;6.865970e-02;4.495492e-02;6.754957e-02;2.250472e-01;3.730642e-02
3.758546e-02;4.124006e-02;2.081600e-01;7.625680e-02;5.753641e-02;5.205382e-02;7.897589e-02;7.420646e-02;3.123024e-02;5.841974e-02;2.669572e-01;1.737787e-02
4.614551e-02;4.589313e-02;1.795351e-01;8.146889e-02;6.207612e-02;4.512056e-02;9.384681e-02;4.937718e-02;4.323724e-02;9.721389e-02;2.369018e-01;1.918383e-02
7.364108e-02;7.663580e-02;2.478860e-01;7.912454e-02;3.842871e-02;2.532536e-02;8.939036e-02;2.791284e-02;5.318243e-02;9.777930e-02;1.513210e-01;3.937259e-02
8.130999e-02;9.238816e-02;2.544671e-01;1.300045e-01;2.748857e-02;2.062618e-02;8.342969e-02;3.525944e-02;4.218422e-02;5.958979e-02;1.383073e-01;3.494504e-02
7.307463e-02;5.740075e-02;1.622787e-01;1.305777e-01;6.487472e-02;6.191131e-02;1.345197e-01;7.233337e-02;4.668900e-02;6.581818e-02;9.837870e-02;3.214322e-02
3.733713e-02;4.469253e-02;1.673683e-01;8.118106e-02;1.405601e-01;1.197171e-01;1.569971e-01;7.119830e-02;6.478807e-02;5.456564e-02;3.377249e-02;2.782221e-02
2.699901e-02;3.382835e-02;1.615042e-01;1.617123e-01;1.458157e-01;1.012550e-01;1.022711e-01;1.106373e-01;5.115956e-02;4.187968e-02;4.568544e-02;1.725224e-02
1.398422e-02;2.420532e-02;1.592557e-01;2.426695e-01;1.181219e-01;6.290711e-02;4.325145e-02;1.785195e-01;4.651919e-02;2.118629e-02;8.209199e-02;7.287839e-03
1.574439e-02;1.884342e-02;1.351621e-01;2.476915e-01;8.091500e-02;3.686019e-02;2.066492e-02;2.274813e-01;5.755159e-02;1.318631e-02;1.351442e-01;1.075511e-02
2.808430e-02;2.127191e-02;1.891769e-01;1.800476e-01;4.588094e-02;2.382724e-02;2.455461e-02;1.955127e-01;5.357867e-02;4.094287e-02;1.871792e-01;9.942953e-03
6.077835e-02;4.543551e-02;2.747052e-01;9.617807e-02;2.160355e-02;1.920898e-02;6.151631e-02;9.790430e-02;3.748605e-02;9.946286e-02;1.754846e-01;1.023626e-02
8.650151e-02;6.215335e-02;2.426469e-01;8.205093e-02;3.624377e-02;2.959243e-02;8.374531e-02;7.195568e-02;5.436658e-02;1.247502e-01;1.125946e-01;1.339869e-02
8.480584e-02;6.995944e-02;2.068443e-01;1.066876e-01;5.153053e-02;4.070233e-02;9.669829e-02;6.494830e-02;7.309144e-02;1.114825e-01;7.554076e-02;1.770868e-02
5.876565e-02;5.787752e-02;3.319919e-01;9.014960e-02;4.520945e-02;3.019573e-02;8.522422e-02;4.623367e-02;5.880866e-02;1.334779e-01;5.037658e-02;1.168911e-02
8.596523e-02;4.489966e-02;4.121498e-01;1.010652e-01;3.788088e-02;1.450219e-02;7.253719e-02;3.326768e-02;3.952100e-02;1.308051e-01;1.980321e-02;7.602781e-03
8.372179e-02;1.899952e-02;4.887117e-01;1.136926e-01;2.307806e-02;1.018502e-02;6.360446e-02;2.122584e-02;4.106551e-02;1.016582e-01;3.033530e-02;3.721880e-03
6.857647e-02;1.545074e-02;4.593181e-01;1.442543e-01;2.486412e-02;8.170333e-03;4.353802e-02;3.779055e-02;4.694634e-02;5.439782e-02;8.886664e-02;7.826585e-03
7.953813e-02;2.124101e-02;3.997043e-01;1.384981e-01;3.249728e-02;1.118286e-02;4.937312e-02;3.885882e-02;4.653513e-02;6.062630e-02;1.121090e-01;9.835841e-03
9.554160e-02;5.161791e-02;3.693286e-01;1.050133e-01;3.644413e-02;1.492186e-02;5.321880e-02;3.098969e-02;4.334921e-02;1.006678e-01;8.936990e-02;9.537063e-03
1.130869e-01;8.901801e-02;3.316926e-01;6.802420e-02;4.453173e-02;2.421835e-02;5.296635e-02;3.722114e-02;4.046211e-02;1.073933e-01;5.662149e-02;3.476380e-02
1.443068e-01;7.585163e-02;3.195904e-01;8.316127e-02;4.195886e-02;2.518723e-02;3.873038e-02;6.509993e-02;3.982157e-02;6.086239e-02;4.160885e-02;6.382066e-02
1.839084e-01;7.760149e-02;2.921418e-01;8.840287e-02;4.135672e-02;1.800937e-02;3.358075e-02;4.986490e-02;5.182861e-02;4.410110e-02;8.147109e-02;3.773290e-02
1.750273e-01;9.393393e-02;2.632316e-01;9.488187e-02;4.327453e-02;2.072141e-02;2.586485e-02;3.244606e-02;6.491540e-02;7.526291e-02;7.930403e-02;3.113603e-02
1.316469e-01;8.349860e-02;2.949007e-01;9.476508e-02;6.267980e-02;2.226248e-02;3.565721e-02;4.085685e-02;5.760686e-02;7.277005e-02;6.284326e-02;4.051216e-02
1.161954e-01;1.107792e-01;2.578512e-01;1.049320e-01;7.233008e-02;2.901235e-02;4.806907e-02;4.738909e-02;4.074028e-02;6.895696e-02;7.191566e-02;3.182875e-02
1.321306e-01;8.283955e-02;2.433791e-01;1.128045e-01;7.754591e-02;5.775245e-02;4.296748e-02;5.333707e-02;6.302524e-02;4.889720e-02;6.138848e-02;2.393246e-02
1.325300e-01;5.812055e-02;2.561494e-01;1.036250e-01;7.666413e-02;8.581264e-02;4.110326e-02;4.561736e-02;7.697805e-02;5.942566e-02;3.325691e-02;3.071713e-02
1.392533e-01;8.470922e-02;2.211385e-01;9.374971e-02;7.510951e-02;6.873904e-02;6.274414e-02;3.762274e-02;8.517645e-02;8.308636e-02;2.434604e-02;2.432503e-02
6.226613e-02;1.506632e-01;1.778066e-01;7.366989e-02;9.782023e-02;4.209312e-02;1.159304e-01;4.509316e-02;8.092741e-02;9.442189e-02;4.042832e-02;1.887968e-02
5.072463e-02;8.085977e-02;1.452715e-01;9.626257e-02;8.250117e-02;6.491995e-02;2.586582e-01;5.990564e-02;5.574558e-02;4.996895e-02;3.609013e-02;1.909199e-02
5.765433e-02;4.100246e-02;1.124778e-01;1.064898e-01;8.307369e-02;1.029901e-01;2.742662e-01;8.840694e-02;4.210966e-02;5.437033e-02;2.185344e-02;1.530520e-02
7.108947e-02;1.768309e-02;6.861060e-02;1.015891e-01;8.838259e-02;1.448408e-01;2.431329e-01;1.225834e-01;3.227338e-02;5.554976e-02;1.812844e-02;3.613649e-02
7.555251e-02;1.066517e-02;4.139198e-02;5.725930e-02;9.450842e-02;1.638532e-01;2.142677e-01;1.434536e-01;3.991558e-02;4.934386e-02;3.017000e-02;7.961873e-02
5.574699e-02;1.513098e-02;7.822845e-02;2.783637e-02;1.273402e-01;1.420636e-01;1.751431e-01;1.334394e-01;6.025241e-02;4.439036e-02;4.519831e-02;9.522980e-02
3.101989e-02;1.536747e-02;9.610888e-02;3.496235e-02;1.466502e-01;1.781778e-01;2.813650e-01;7.340091e-02;3.894234e-02;2.914899e-02;3.068565e-02;4.417054e-02
1.109293e-02;2.729112e-02;4.319714e-02;1.938466e-02;1.053791e-01;1.718074e-01;4.981678e-01;3.483702e-02;2.931256e-02;2.051759e-02;2.842062e-02;1.059204e-02
6.210612e-03;3.848877e-02;2.331771e-02;1.148443e-02;7.882460e-02;9.054491e-02;6.157419e-01;3.276680e-02;3.353924e-02;1.130158e-02;4.788533e-02;9.894109e-03
7.607697e-03;3.788117e-02;1.844911e-02;6.197158e-03;6.749530e-02;4.145607e-02;6.677356e-01;5.332359e-02;2.412952e-02;9.973804e-03;5.735632e-02;8.394603e-03
1.902920e-02;3.759839e-02;2.435450e-02;1.504154e-02;8.968437e-02;5.605848e-02;5.739854e-01;8.121154e-02;3.094473e-02;1.355527e-02;5.063504e-02;7.901577e-03
2.687046e-02;3.963727e-02;4.753407e-02;3.251517e-02;9.584261e-02;7.019407e-02;3.710736e-01;1.456910e-01;7.687104e-02;3.293235e-02;4.119921e-02;1.963911e-02
2.529345e-02;3.162236e-02;4.858443e-02;2.479867e-02;7.362687e-02;5.528129e-02;3.514413e-01;1.815109e-01;8.309020e-02;4.061242e-02;4.065321e-02;4.348494e-02
2.920328e-02;3.628041e-02;4.792983e-02;8.628495e-03;5.045247e-02;3.535273e-02;4.773541e-01;1.288731e-01;5.518464e-02;2.739192e-02;4.275879e-02;6.059026e-02
2.964646e-02;4.156185e-02;8.466774e-02;4.931569e-03;7.008672e-02;3.121945e-02;5.504704e-01;6.529089e-02;3.582149e-02;1.102719e-02;2.978732e-02;4.548898e-02
1.692682e-02;2.734606e-02;8.278734e-02;6.713239e-03;1.363113e-01;3.796183e-02;5.974822e-01;3.250366e-02;2.006730e-02;8.066036e-03;1.820769e-02;1.562652e-02
3.964873e-03;2.573309e-02;2.774134e-02;3.626397e-03;2.065866e-01;3.995947e-02;6.077041e-01;3.552666e-02;2.010413e-02;1.117452e-02;1.329252e-02;4.586246e-03
6.637878e-03;1.662146e-02;1.358469e-02;4.411915e-03;2.522063e-01;3.469388e-02;5.770092e-01;5.656798e-02;1.495592e-02;8.463518e-03;1.003146e-02;4.815791e-03
7.788952e-03;1.177697e-02;1.734986e-02;5.187023e-03;2.602526e-01;3.197258e-02;5.058600e-01;1.162123e-01;1.725484e-02;1.445055e-02;4.842281e-03;7.052056e-03
7.350385e-03;1.311242e-02;3.652237e-02;5.401500e-03;1.905848e-01;2.763908e-02;4.040175e-01;2.333676e-01;3.536388e-02;2.670246e-02;1.023576e-02;9.702328e-03
5.233410e-03;1.789192e-02;4.994067e-02;1.520009e-02;7.379358e-02;1.773505e-02;3.164742e-01;3.952623e-01;4.951176e-02;3.717036e-02;1.253118e-02;9.255387e-03
5.109149e-03;1.949038e-02;7.631559e-02;1.226536e-02;2.749728e-02;1.522800e-02;2.829811e-01;4.415738e-01;7.065821e-02;2.674125e-02;9.722060e-03;1.241789e-02
4.722168e-03;3.163801e-02;1.009314e-01;7.156990e-03;1.678094e-02;1.078487e-02;2.287311e-01;4.690620e-01;7.955341e-02;2.172875e-02;8.606717e-03;2.030365e-02
9.266482e-03;2.749538e-02;1.533085e-01;3.046940e-03;1.713407e-02;8.508451e-03;1.735318e-01;4.604932e-01;5.765322e-02;3.449937e-02;1.713252e-02;3.793012e-02
1.121462e-02;1.156791e-02;2.095026e-01;3.719078e-03;1.043890e-02;1.058296e-02;1.089556e-01;4.488363e-01;2.291996e-02;4.628104e-02;1.159430e-02;1.043867e-01
8.908109e-03;6.701523e-03;1.889426e-01;3.667083e-03;3.345730e-03;1.829242e-02;4.575633e-02;4.234739e-01;1.978187e-02;4.261058e-02;1.062628e-02;2.278935e-01
4.729368e-03;5.027458e-03;1.533864e-01;4.511507e-03;1.994051e-03;2.221099e-02;1.445924e-02;4.173043e-01;1.274229e-02;2.861902e-02;6.278367e-03;3.287370e-01
5.632394e-03;6.576637e-03;1.407998e-01;3.369551e-03;2.545233e-03;1.485615e-02;3.879051e-02;4.176512e-01;9.819452e-03;2.333187e-02;1.567449e-02;3.209527e-01
6.184429e-03;8.640300e-03;1.445264e-01;3.561412e-03;5.866852e-03;8.398322e-03;8.760632e-02;4.491208e-01;1.229889e-02;2.391801e-02;1.792476e-02;2.319534e-01
6.058519e-03;2.594480e-02;1.181009e-01;8.204659e-03;3.007265e-02;2.345555e-02;2.114874e-01;3.924079e-01;1.535037e-02;1.941385e-02;5.428516e-02;9.521823e-02
1.312277e-02;4.948448e-02;7.470677e-02;1.602434e-02;5.276631e-02;5.102185e-02;2.668872e-01;2.482425e-01;2.356953e-02;1.822566e-02;1.222557e-01;6.369282e-02
2.986126e-02;5.901889e-02;6.928296e-02;2.581509e-02;6.196065e-02;6.785353e-02;2.640007e-01;1.889391e-01;4.384692e-02;2.649995e-02;1.090245e-01;5.389648e-02
3.173003e-02;4.363931e-02;6.055345e-02;2.019892e-02;5.912165e-02;6.263083e-02;3.631627e-01;1.676037e-01;4.982454e-02;2.134386e-02;5.587097e-02;6.432005e-02
3.682012e-02;3.809594e-02;5.596833e-02;2.181047e-02;8.490177e-02;7.185950e-02;3.754342e-01;1.020347e-01;4.891968e-02;2.692815e-02;6.676376e-02;7.046335e-02
5.542684e-02;4.566143e-02;8.100529e-02;3.788343e-02;1.017560e-01;9.188295e-02;3.373703e-01;5.936728e-02;3.804662e-02;4.875503e-02;2.964503e-02;7.319971e-02
4.686406e-02;4.572569e-02;8.077695e-02;3.299940e-02;5.954561e-02;7.224877e-02;3.252635e-01;1.051214e-01;4.153854e-02;5.077421e-02;4.870793e-02;9.043390e-02
3.208668e-02;3.891143e-02;8.036436e-02;2.023786e-02;3.302116e-02;5.641184e-02;2.834754e-01;1.434190e-01;5.077194e-02;4.429237e-02;7.948067e-02;1.375273e-01
2.422827e-02;3.203167e-02;7.330975e-02;1.275452e-02;4.491628e-02;8.284885e-02;2.773085e-01;1.631959e-01;4.366562e-02;4.920882e-02;7.393233e-02;1.225995e-01
4.525615e-02;2.517774e-02;5.041775e-02;1.201484e-02;6.932547e-02;1.305497e-01;3.194523e-01;1.556853e-01;3.350278e-02;6.184170e-02;3.867105e-02;5.810517e-02
5.301056e-02;1.779657e-02;5.237013e-02;1.666101e-02;1.182035e-01;1.447085e-01;2.954313e-01;1.354337e-01;5.501725e-02;5.677022e-02;1.406548e-02;4.053172e-02
3.778810e-02;2.216253e-02;1.078561e-01;2.880379e-02;1.835105e-01;1.121864e-01;1.953337e-01;8.455171e-02;1.002523e-01;4.351337e-02;1.762629e-02;6.641521e-02
2.473629e-02;2.054905e-02;1.129862e-01;2.898835e-02;1.713729e-01;1.050803e-01;2.647764e-01;4.899413e-02;9.341454e-02;3.827326e-02;2.936698e-02;6.146174e-02
3.051125e-02;1.305560e-02;8.199072e-02;2.369485e-02;1.254285e-01;1.259241e-01;2.962026e-01;4.870867e-02;6.322257e-02;1.133576e-01;3.173898e-02;4.616459e-02
4.277135e-02;3.997067e-02;3.753762e-02;2.538552e-02;6.647236e-02;9.450978e-02;3.492330e-01;4.630459e-02;2.762107e-02;1.349390e-01;9.242000e-02;4.283507e-02
4.235939e-02;4.896272e-02;4.681445e-02;1.476502e-02;3.886909e-02;4.521728e-02;3.223792e-01;1.268340e-01;2.437911e-02;7.866641e-02;1.066838e-01;1.040696e-01
2.117427e-02;3.181867e-02;8.017282e-02;9.653381e-03;2.655575e-02;3.587405e-02;2.367507e-01;2.415570e-01;2.940194e-02;5.172574e-02;5.325619e-02;1.820595e-01
9.631293e-03;1.259934e-02;1.185023e-01;6.936252e-03;1.397588e-02;2.980295e-02;1.467771e-01;3.460929e-01;3.336820e-02;4.178668e-02;1.154630e-02;2.289809e-01
1.900887e-02;8.226659e-03;1.464674e-01;3.935686e-03;8.052563e-03;1.703591e-02;1.547836e-01;3.863871e-01;2.357546e-02;3.766958e-02;7.480819e-03;1.873764e-01
2.431346e-02;1.432144e-02;1.845185e-01;6.651508e-03;1.034304e-02;1.436083e-02;1.969133e-01;4.008067e-01;1.253093e-02;3.832142e-02;6.326570e-03;9.059233e-02
2.792210e-02;1.374068e-02;2.054116e-01;8.643979e-03;1.203972e-02;1.478674e-02;2.118898e-01;3.637195e-01;1.833670e-02;2.792924e-02;1.585959e-02;7.972044e-02
2.811647e-02;2.083782e-02;1.848165e-01;7.641251e-03;2.110987e-02;2.172748e-02;2.118660e-01;3.273380e-01;2.957404e-02;3.930087e-02;2.266395e-02;8.500776e-02
4.054944e-02;4.498634e-02;1.674430e-01;2.042625e-02;5.477889e-02;4.839496e-02;1.259028e-01;2.928817e-01;4.503240e-02;5.215594e-02;3.318431e-02;7.426398e-02
7.915176e-02;4.505713e-02;1.155705e-01;3.482072e-02;5.477074e-02;5.541116e-02;2.411510e-01;1.545092e-01;5.535172e-02;4.377127e-02;5.100309e-02;6.943160e-02
7.775671e-02;8.427326e-02;7.650033e-02;2.564765e-02;5.269927e-02;4.313877e-02;3.310671e-01;9.497203e-02;4.602212e-02;3.402248e-02;7.619793e-02;5.770237e-02
5.713351e-02;1.030063e-01;7.064942e-02;1.747862e-02;8.446027e-02;6.287371e-02;3.432326e-01;9.135030e-02;2.785982e-02;3.435132e-02;7.027880e-02;3.732529e-02
4.016704e-02;8.928628e-02;1.354282e-01;3.213629e-02;1.431803e-01;8.814947e-02;2.369354e-01;9.064530e-02;3.027062e-02;4.526592e-02;4.636852e-02;2.216664e-02
3.376079e-02;3.682516e-02;1.741870e-01;4.371565e-02;2.123920e-01;9.361246e-02;2.390781e-01;7.695760e-02;2.810279e-02;3.037360e-02;1.802178e-02;1.297312e-02
2.433575e-02;2.014362e-02;9.447163e-02;2.617072e-02;2.285397e-01;1.575283e-01;3.343213e-01;5.093286e-02;2.250648e-02;1.282706e-02;2.147622e-02;6.746362e-03
1.738471e-02;2.209097e-02;6.205835e-02;1.723839e-02;2.264899e-01;1.962170e-01;3.711585e-01;3.844840e-02;1.079763e-02;9.695276e-03;2.008493e-02;8.335902e-03
1.743424e-02;1.802569e-02;6.219274e-02;2.059925e-02;2.566459e-01;2.070250e-01;3.222120e-01;3.387205e-02;2.227656e-02;9.464029e-03;1.480271e-02;1.544986e-02
1.328740e-02;1.410729e-02;1.000736e-01;2.364425e-02;3.044715e-01;2.187126e-01;2.293007e-01;1.635184e-02;4.095094e-02;9.365750e-03;1.086941e-02;1.886480e-02
1.456936e-02;2.746850e-02;1.190266e-01;2.816500e-02;2.648042e-01;2.068744e-01;2.260009e-01;1.440722e-02;4.740052e-02;1.768714e-02;1.414013e-02;1.945614e-02
2.373591e-02;5.152162e-02;9.758422e-02;2.301855e-02;1.215970e-01;1.733118e-01;3.950923e-01;2.072893e-02;2.650729e-02;3.332512e-02;1.804531e-02;1.553186e-02
2.238164e-02;5.917404e-02;6.892201e-02;1.770472e-02;5.326042e-02;1.470757e-01;5.399396e-01;1.843897e-02;1.243628e-02;3.511092e-02;1.183052e-02;1.372515e-02
1.413022e-02;3.877399e-02;3.698871e-02;1.902713e-02;4.392390e-02;1.255016e-01;6.621016e-01;1.486672e-02;9.317156e-03;2.391366e-02;5.016020e-03;6.439300e-03
8.396295e-03;5.069752e-02;1.113921e-02;8.071901e-03;7.846528e-02;9.120841e-02;6.796718e-01;2.785997e-02;1.929422e-02;1.089510e-02;1.090500e-02;3.395383e-03
3.779247e-03;4.353823e-02;2.859974e-02;6.159354e-03;1.340797e-01;8.318622e-02;5.680043e-01;6.121682e-02;1.974637e-02;3.395767e-02;1.104161e-02;6.690750e-03
1.016051e-02;1.844189e-02;5.999797e-02;1.179716e-02;1.376602e-01;1.234998e-01;3.634613e-01;1.035101e-01;4.304105e-02;1.015442e-01;1.143766e-02;1.544810e-02
3.008447e-02;2.323882e-02;7.023109e-02;2.857834e-02;1.026084e-01;1.716542e-01;1.578955e-01;1.042296e-01;1.030538e-01;1.535806e-01;2.809928e-02;2.674595e-02
5.213302e-02;2.714867e-02;6.555098e-02;2.637831e-02;1.037856e-01;1.487517e-01;1.475547e-01;8.447982e-02;1.204413e-01;1.219998e-01;5.452794e-02;4.724822e-02
6.977539e-02;3.456961e-02;5.625536e-02;6.050655e-02;1.076016e-01;7.426561e-02;2.260980e-01;7.606678e-02;7.290574e-02;1.005680e-01;3.916105e-02;8.222633e-02
1.054689e-01;4.460976e-02;3.299468e-02;1.340027e-01;6.439300e-02;6.696962e-02;2.419141e-01;4.371030e-02;3.095793e-02;1.133911e-01;1.366856e-02;1.079194e-01
1.460057e-01;3.149236e-02;1.846359e-02;1.592283e-01;2.804516e-02;9.134625e-02;1.717681e-01;1.730878e-02;3.911674e-02;1.906647e-01;8.851209e-03;9.770915e-02
1.630761e-01;3.504604e-02;3.915455e-02;1.377285e-01;7.556541e-02;9.700013e-02;1.010900e-01;2.557166e-02;4.648760e-02;1.922290e-01;1.703430e-02;7.001661e-02
1.776801e-01;4.010412e-02;5.688168e-02;1.345124e-01;1.413504e-01;6.934778e-02;1.094060e-01;3.548298e-02;2.956672e-02;1.314157e-01;1.443340e-02;5.981869e-02
2.134927e-01;5.063492e-02;8.414663e-02;1.042833e-01;1.577770e-01;5.154580e-02;1.082146e-01;4.398348e-02;4.058354e-02;7.591016e-02;1.739758e-02;5.203025e-02
2.624640e-01;5.502653e-02;8.196199e-02;1.221773e-01;1.062574e-01;5.202517e-02;5.885382e-02;5.906945e-02;6.334405e-02;6.117152e-02;2.264212e-02;5.500656e-02
3.527718e-01;7.593574e-02;7.098608e-02;8.525555e-02;6.418362e-02;5.388197e-02;4.909721e-02;7.906721e-02;4.763602e-02;4.239886e-02;2.237651e-02;5.640943e-02
3.839305e-01;9.171432e-02;5.607224e-02;6.062464e-02;1.211395e-01;4.193063e-02;4.441797e-02;8.551716e-02;2.161001e-02;3.172434e-02;1.759582e-02;4.372285e-02
4.042574e-01;1.107388e-01;6.838211e-02;4.086786e-02;1.387339e-01;3.357599e-02;2.723001e-02;7.025416e-02;2.728124e-02;1.793197e-02;2.725186e-02;3.349461e-02
3.986735e-01;1.403684e-01;8.897890e-02;3.066460e-02;1.034810e-01;3.200896e-02;1.562327e-02;5.577549e-02;3.505626e-02;2.652737e-02;2.379270e-02;4.904959e-02
4.054661e-01;1.371036e-01;7.909659e-02;4.196776e-02;7.476304e-02;3.520304e-02;2.110368e-02;5.139495e-02;3.856882e-02;3.474664e-02;1.657242e-02;6.401332e-02
4.511510e-01;9.333199e-02;8.461913e-02;4.068712e-02;6.275611e-02;3.311308e-02;3.423817e-02;4.488330e-02;3.767605e-02;3.290808e-02;1.561532e-02;6.902059e-02
4.805099e-01;1.242904e-01;7.768901e-02;2.951257e-02;3.772141e-02;2.005066e-02;3.662873e-02;5.482110e-02;1.981613e-02;2.533101e-02;2.090069e-02;7.272839e-02
4.167515e-01;1.456721e-01;2.719717e-02;2.664685e-02;2.306124e-02;1.712088e-02;3.579772e-02;7.691590e-02;2.474903e-02;4.681189e-02;4.711599e-02;1.121597e-01
2.496807e-01;1.417141e-01;4.402760e-02;2.571618e-02;4.413998e-02;2.839910e-02;3.589009e-02;7.627810e-02;4.896513e-02;1.124894e-01;9.772648e-02;9.497315e-02
1.545513e-01;6.874593e-02;6.162943e-02;3.317646e-02;5.740400e-02;4.821732e-02;1.616838e-01;6.988638e-02;6.331678e-02;1.366423e-01;7.168804e-02;7.305840e-02
8.438069e-02;2.472442e-02;6.640642e-02;2.317888e-02;4.670926e-02;5.864798e-02;3.713455e-01;6.709036e-02;4.212790e-02;9.506661e-02;6.301548e-02;5.730646e-02
5.414735e-02;2.492846e-02;5.406490e-02;1.876176e-02;6.247107e-02;7.957010e-02;4.461946e-01;4.470779e-02;4.453737e-02;8.298246e-02;6.151665e-02;2.611744e-02
4.808527e-02;2.276869e-02;1.246791e-01;3.420007e-02;9.155440e-02;9.565579e-02;3.370742e-01;3.090044e-02;5.993137e-02;5.998689e-02;5.625195e-02;3.891175e-02
6.147327e-02;4.799360e-02;2.267057e-01;4.733892e-02;8.798153e-02;9.519861e-02;1.351527e-01;3.874390e-02;7.792403e-02;6.205364e-02;6.929592e-02;5.013818e-02
6.402827e-02;5.615512e-02;1.666014e-01;2.979226e-02;5.832289e-02;7.354899e-02;2.361032e-01;4.987506e-02;8.005060e-02;8.278260e-02;6.430088e-02;3.843874e-02
1.178383e-01;5.894280e-02;1.077768e-01;3.682338e-02;6.994919e-02;8.365785e-02;2.493052e-01;8.119134e-02;5.704016e-02;4.773907e-02;5.208043e-02;3.765560e-02
1.367880e-01;4.657125e-02;1.891365e-01;4.919481e-02;7.665164e-02;8.310243e-02;1.435991e-01;9.967083e-02;3.034897e-02;2.915838e-02;6.549798e-02;5.028008e-02
9.170026e-02;7.693613e-02;2.290546e-01;5.147777e-02;7.972299e-02;7.014012e-02;1.109873e-01;9.668704e-02;3.048307e-02;4.368407e-02;7.132944e-02;4.779716e-02
1.292626e-01;9.874965e-02;9.583423e-02;5.147401e-02;9.102382e-02;8.896588e-02;1.273520e-01;9.682098e-02;5.697305e-02;3.963888e-02;7.021300e-02;5.369198e-02
1.360294e-01;5.110418e-02;1.530745e-01;3.496531e-02;8.075996e-02;7.242018e-02;1.985849e-01;7.185951e-02;5.180687e-02;5.130684e-02;5.324467e-02;4.484364e-02
1.105426e-01;4.749815e-02;2.039408e-01;2.966149e-02;6.528053e-02;5.697725e-02;2.484242e-01;4.987643e-02;3.814337e-02;5.902458e-02;4.482270e-02;4.580779e-02
