3.039648e-02;3.998378e-02;1.011630e-01;3.437640e-02;6.034408e-02;1.045402e-01;1.504154e-01;7.104973e-02;1.081067e-01;1.150484e-01;1.028588e-01;8.171719e-02
6.679673e-02;3.637892e-02;9.794088e-02;4.205002e-02;5.694460e-02;8.789012e-02;1.136788e-01;5.291327e-02;1.789772e-01;9.168152e-02;9.364202e-02;8.110586e-02
1.208821e-01;5.596743e-02;2.045019e-01;3.450215e-02;6.900607e-02;5.918764e-02;7.157455e-02;3.762253e-02;6.191245e-02;7.967591e-02;1.190727e-01;8.609462e-02
8.887644e-02;6.148867e-02;1.588817e-01;3.666201e-02;6.416027e-02;5.274934e-02;1.858064e-01;3.186578e-02;5.219533e-02;9.756825e-02;9.453370e-02;7.521211e-02
4.840795e-02;7.735805e-02;1.313468e-01;3.657152e-02;5.813225e-02;5.347047e-02;2.795773e-01;3.460825e-02;6.168168e-02;9.041059e-02;6.129569e-02;6.713952e-02
6.413736e-02;1.037889e-01;9.958740e-02;2.700250e-02;5.668370e-02;5.587486e-02;3.807664e-01;2.653507e-02;4.692892e-02;6.113999e-02;3.207127e-02;4.548360e-02
1.042618e-01;1.210355e-01;5.921727e-02;2.174606e-02;6.242675e-02;7.341222e-02;4.362293e-01;1.892502e-02;2.534368e-02;3.574853e-02;2.090912e-02;2.074471e-02
1.470376e-01;9.304618e-02;4.905033e-02;2.825680e-02;8.750501e-02;9.723187e-02;3.824647e-01;1.925617e-02;2.558725e-02;3.180043e-02;1.235818e-02;2.640543e-02
1.567869e-01;4.109310e-02;1.146276e-01;3.152924e-02;1.405271e-01;1.030959e-01;2.057429e-01;2.482503e-02;5.192123e-02;3.514877e-02;1.872607e-02;7.597615e-02
1.253274e-01;3.962663e-02;1.988634e-01;6.126912e-02;1.803203e-01;7.744886e-02;4.716473e-02;4.139091e-02;7.610652e-02;3.091053e-02;1.846785e-02;1.031038e-01
9.132344e-02;3.903135e-02;2.857910e-01;8.478846e-02;1.223292e-01;6.833187e-02;6.993023e-02;5.294564e-02;5.486304e-02;2.831266e-02;3.808817e-02;6.426491e-02
6.465971e-02;3.505329e-02;3.763587e-01;7.607839e-02;1.005007e-01;6.977820e-02;4.454315e-02;4.501730e-02;5.259897e-02;5.344166e-02;3.465992e-02;4.730999e-02
3.770554e-02;5.432460e-02;3.648646e-01;4.755829e-02;8.344594e-02;7.059406e-02;5.982852e-02;9.049188e-02;6.486968e-02;7.915398e-02;1.857012e-02;2.859273e-02
6.221216e-02;6.785673e-02;1.968279e-01;4.810428e-02;6.863575e-02;6.076150e-02;8.968738e-02;1.251215e-01;7.444087e-02;1.280670e-01;3.352023e-02;4.476467e-02
5.666446e-02;6.450470e-02;2.008967e-01;6.212850e-02;6.910393e-02;1.082238e-01;5.637979e-02;7.563612e-02;8.619958e-02;1.247294e-01;4.093121e-02;5.460187e-02
5.039395e-02;7.375044e-02;1.251345e-01;7.318823e-02;1.064110e-01;1.375469e-01;1.246006e-01;6.422058e-02;8.004911e-02;6.791262e-02;5.002186e-02;4.677022e-02
1.629184e-01;8.882337e-02;4.241774e-02;5.333157e-02;9.481285e-02;9.938896e-02;2.305042e-01;3.625781e-02;5.637169e-02;5.777932e-02;3.329048e-02;4.410364e-02
2.287803e-01;1.138723e-01;2.705022e-02;3.743753e-02;7.024834e-02;7.387286e-02;3.046044e-01;2.203013e-02;2.788987e-02;5.060802e-02;1.546459e-02;2.814153e-02
2.514291e-01;1.462198e-01;2.795924e-02;3.337943e-02;5.385615e-02;7.098405e-02;3.241840e-01;1.313950e-02;1.140163e-02;4.488031e-02;1.038235e-02;1.218439e-02
2.482000e-01;1.805111e-01;3.151916e-02;2.562201e-02;4.537699e-02;6.336737e-02;3.140986e-01;1.190267e-02;1.001393e-02;3.991323e-02;1.696184e-02;1.251318e-02
2.267308e-01;2.193041e-01;4.004338e-02;1.601309e-02;3.555985e-02;5.425201e-02;3.038501e-01;1.491172e-02;9.471780e-03;3.775020e-02;3.158562e-02;1.052736e-02
2.100967e-01;2.245504e-01;7.077964e-02;1.156432e-02;3.180815e-02;4.488825e-02;2.708278e-01;2.221976e-02;1.271391e-02;4.194182e-02;4.584432e-02;1.276498e-02
2.063978e-01;1.977703e-01;1.222894e-01;1.374711e-02;4.448674e-02;3.848939e-02;2.078883e-01;2.600268e-02;1.882368e-02;4.730212e-02;5.139196e-02;2.541057e-02
1.682739e-01;1.731647e-01;1.938898e-01;2.981991e-02;5.503520e-02;3.798091e-02;1.628194e-01;2.820968e-02;2.118661e-02;4.987993e-02;4.908837e-02;3.065158e-02
1.357992e-01;1.821458e-01;2.326451e-01;4.137105e-02;4.705285e-02;3.515535e-02;1.483747e-01;3.667257e-02;4.431437e-02;3.208432e-02;3.166094e-02;3.272375e-02
2.351860e-01;2.278860e-01;1.555681e-01;2.944660e-02;3.734459e-02;3.193370e-02;9.409190e-02;4.447501e-02;3.955967e-02;3.047704e-02;4.445295e-02;2.957829e-02
9.905464e-02;2.503882e-01;1.667449e-01;5.925767e-02;3.525475e-02;3.520747e-02;1.111444e-01;1.934055e-02;4.170262e-02;6.178477e-02;7.486090e-02;4.525914e-02
1.439389e-01;2.054548e-01;1.075709e-01;5.610188e-02;3.572975e-02;5.167557e-02;1.679928e-01;4.193753e-02;2.612819e-02;5.939551e-02;5.716047e-02;4.691376e-02
1.281912e-01;1.405923e-01;1.390732e-01;4.401890e-02;5.554302e-02;4.917154e-02;1.689016e-01;6.662222e-02;6.732885e-02;5.871907e-02;3.696447e-02;4.487358e-02
1.386023e-01;8.551797e-02;1.197125e-01;4.986994e-02;5.338247e-02;8.201909e-02;1.280104e-01;5.703657e-02;7.350731e-02;8.891702e-02;7.187171e-02;5.155267e-02
1.197944e-01;7.120112e-02;1.580815e-01;5.181905e-02;3.915571e-02;7.861242e-02;1.412619e-01;5.893930e-02;6.842287e-02;9.062010e-02;7.622761e-02;4.586399e-02
8.090013e-02;3.254151e-02;1.879764e-01;4.799033e-02;3.972339e-02;6.751397e-02;2.147604e-01;6.980587e-02;6.965456e-02;8.673736e-02;7.028375e-02;3.211236e-02
3.089237e-02;4.204969e-02;1.751038e-01;3.496082e-02;4.971904e-02;4.449575e-02;3.773413e-01;5.982658e-02;4.785246e-02;6.122887e-02;5.495132e-02;2.157801e-02
4.690376e-02;8.928765e-02;1.199412e-01;1.889739e-02;4.213335e-02;4.101939e-02;4.759242e-01;4.554979e-02;2.770081e-02;3.582171e-02;3.836375e-02;1.845700e-02
1.399915e-01;1.307014e-01;7.344846e-02;1.789214e-02;3.199231e-02;5.250135e-02;4.342702e-01;2.293440e-02;1.886158e-02;3.313166e-02;2.592010e-02;1.835488e-02
2.500459e-01;1.412795e-01;4.279123e-02;2.535388e-02;4.520174e-02;7.024571e-02;3.171931e-01;1.880874e-02;1.405302e-02;3.844002e-02;1.599968e-02;2.058744e-02
3.417481e-01;1.264014e-01;2.358879e-02;2.867910e-02;5.714813e-02;9.350015e-02;2.255857e-01;2.177599e-02;1.208150e-02;3.857870e-02;6.885847e-03;2.402646e-02
3.834288e-01;1.044347e-01;2.083392e-02;2.123724e-02;6.442358e-02;1.004364e-01;1.879239e-01;2.187695e-02;2.103955e-02;3.580338e-02;7.684452e-03;3.087708e-02
4.138856e-01;7.907736e-02;4.428907e-02;1.991367e-02;7.534048e-02;8.816014e-02;1.365213e-01;1.511567e-02;3.608447e-02;2.800960e-02;9.982016e-03;5.362070e-02
4.262658e-01;6.286386e-02;6.915720e-02;2.215795e-02;8.288329e-02;5.862465e-02;8.537503e-02;1.167326e-02;5.322579e-02;2.122792e-02;1.507677e-02;9.146852e-02
4.026240e-01;7.385333e-02;7.047214e-02;3.447043e-02;8.801846e-02;3.994339e-02;5.532833e-02;2.480100e-02;5.972526e-02;1.535792e-02;1.692294e-02;1.184828e-01
3.222609e-01;9.377133e-02;7.992147e-02;6.949718e-02;8.641978e-02;2.954990e-02;4.506579e-02;5.152206e-02;5.431294e-02;1.718725e-02;3.912921e-02;1.113621e-01
1.753865e-01;9.007217e-02;1.371592e-01;1.439372e-01;7.872720e-02;2.649223e-02;5.495676e-02;7.407492e-02;3.888180e-02;2.696043e-02;7.389095e-02;7.946055e-02
8.517988e-02;4.543194e-02;2.991547e-01;2.046119e-01;5.805708e-02;2.554420e-02;6.706990e-02;5.036585e-02;2.342540e-02;3.513032e-02;7.004197e-02;3.598696e-02
8.462413e-02;1.834011e-02;3.859751e-01;2.182595e-01;4.893049e-02;1.262755e-02;6.821223e-02;3.449397e-02;2.131646e-02;4.046975e-02;4.769091e-02;1.905977e-02
7.338776e-02;3.121893e-02;4.194039e-01;1.810137e-01;4.750435e-02;1.606330e-02;7.162935e-02;3.730462e-02;2.030356e-02;4.640800e-02;4.077998e-02;1.498259e-02
8.029529e-02;6.654516e-02;4.025934e-01;1.422741e-01;4.544613e-02;2.629884e-02;7.099311e-02;2.370215e-02;3.253830e-02;5.206627e-02;3.513302e-02;2.211418e-02
7.795588e-02;8.610884e-02;3.371533e-01;1.309710e-01;5.478274e-02;4.258615e-02;5.953396e-02;3.977278e-02;5.926760e-02;4.925877e-02;3.291646e-02;2.969254e-02
4.949248e-02;6.430811e-02;1.080801e-01;1.275728e-01;9.086255e-02;7.507339e-02;8.755763e-02;8.066137e-02;1.174265e-01;7.692853e-02;5.959008e-02;6.244647e-02
6.101317e-02;3.643356e-02;1.022605e-01;5.806299e-02;1.230225e-01;8.752395e-02;1.152119e-01;3.473227e-02;1.978598e-01;5.282282e-02;3.550616e-02;9.555043e-02
4.329922e-02;2.198682e-02;9.781203e-02;2.317411e-02;1.250768e-01;7.699254e-02;1.032838e-01;3.785117e-02;2.819020e-01;4.492334e-02;2.331791e-02;1.203802e-01
9.033991e-02;1.529839e-02;9.107636e-02;2.954597e-02;9.296701e-02;5.348575e-02;6.226841e-02;2.869795e-02;2.904611e-01;8.273151e-02;4.834289e-02;1.147847e-01
1.407298e-01;3.514106e-02;5.940217e-02;3.594970e-02;5.415463e-02;6.806850e-02;7.132974e-02;3.587733e-02;1.895880e-01;1.604975e-01;7.992920e-02;6.933227e-02
1.201259e-01;8.347404e-02;4.379165e-02;3.464442e-02;4.561778e-02;6.805035e-02;1.294383e-01;4.451291e-02;9.281320e-02;1.579625e-01;1.404993e-01;3.906960e-02
3.782474e-02;9.187699e-02;7.330197e-02;2.649936e-02;4.576221e-02;5.673067e-02;1.362031e-01;8.245111e-02;5.200472e-02;8.921191e-02;1.791802e-01;1.289530e-01
9.839921e-02;5.128846e-02;8.341578e-02;4.153620e-02;2.451924e-02;5.056978e-02;9.018913e-02;8.625086e-02;1.204080e-01;7.103643e-02;1.097618e-01;1.726251e-01
1.628306e-01;7.399692e-02;5.063687e-02;4.386035e-02;3.568246e-02;3.589324e-02;6.858303e-02;4.039171e-02;1.765575e-01;1.407572e-01;5.321611e-02;1.175942e-01
1.200283e-01;1.567125e-01;3.601815e-02;2.574700e-02;5.647351e-02;3.335225e-02;4.607006e-02;4.986691e-02;1.161432e-01;2.235684e-01;8.410834e-02;5.191131e-02
4.729043e-02;1.673590e-01;7.364343e-02;1.469886e-02;4.566999e-02;8.226540e-02;4.185668e-02;5.153484e-02;4.943684e-02;2.164327e-01;1.842075e-01;2.560430e-02
2.724702e-02;8.300056e-02;1.089514e-01;2.040661e-02;2.481203e-02;1.255682e-01;7.158623e-02;2.630463e-02;4.173670e-02;1.140856e-01;3.073803e-01;4.892068e-02
3.767746e-02;3.433943e-02;7.535575e-02;4.446726e-02;1.483937e-02;1.206838e-01;1.747326e-01;3.226089e-02;2.768466e-02;6.505229e-02;2.594792e-01;1.134273e-01
7.051428e-02;2.730316e-02;4.728274e-02;6.196919e-02;2.559419e-02;1.111209e-01;2.646933e-01;5.855056e-02;1.654452e-02;6.527846e-02;1.212958e-01;1.298528e-01
8.492021e-02;2.764410e-02;6.128763e-02;6.157457e-02;4.140498e-02;1.147381e-01;2.782627e-01;7.483902e-02;3.680086e-02;7.192224e-02;4.687400e-02;9.973162e-02
7.023219e-02;3.556520e-02;8.062034e-02;3.844478e-02;4.580053e-02;1.130876e-01;2.360031e-01;6.987803e-02;6.165468e-02;8.154113e-02;8.148593e-02;8.568646e-02
7.410688e-02;6.045407e-02;4.965466e-02;3.230647e-02;4.233574e-02;6.850529e-02;1.550744e-01;9.790307e-02;7.338958e-02;8.786958e-02;1.465416e-01;1.118586e-01
8.994536e-02;7.442862e-02;8.312281e-02;7.195123e-02;3.991539e-02;5.212764e-02;1.294408e-01;7.471421e-02;7.802518e-02;7.788724e-02;1.184867e-01;1.099548e-01
9.006736e-02;4.215903e-02;1.134615e-01;1.087930e-01;4.874929e-02;7.440181e-02;9.220275e-02;4.839950e-02;6.995111e-02;1.081043e-01;1.085102e-01;9.520013e-02
6.686743e-02;2.799788e-02;9.844768e-02;6.288511e-02;3.601873e-02;5.133926e-02;1.349192e-01;6.686923e-02;6.533779e-02;1.161084e-01;1.559259e-01;1.172834e-01
9.999358e-02;2.425206e-02;6.614520e-02;4.068992e-02;3.866084e-02;4.688438e-02;1.271915e-01;4.307541e-02;5.815515e-02;8.899546e-02;1.954614e-01;1.704950e-01
2.096184e-01;4.671110e-02;9.075039e-02;4.565554e-02;2.448832e-02;5.547357e-02;7.513549e-02;4.081086e-02;2.778027e-02;7.311733e-02;1.275637e-01;1.828950e-01
3.205670e-01;5.926620e-02;9.875709e-02;3.784191e-02;1.265979e-02;6.528020e-02;5.627003e-02;4.673782e-02;2.286792e-02;7.594994e-02;5.400578e-02;1.497963e-01
3.363158e-01;5.879104e-02;1.040762e-01;3.438862e-02;1.008967e-02;7.997613e-02;8.057489e-02;4.314421e-02;1.921606e-02;7.573549e-02;3.588083e-02;1.218111e-01
2.514504e-01;3.442988e-02;9.644905e-02;3.970611e-02;2.083684e-02;8.443130e-02;1.081243e-01;3.726730e-02;3.103400e-02;7.983540e-02;7.355481e-02;1.428806e-01
1.755932e-01;2.892473e-02;9.090623e-02;3.300191e-02;3.855143e-02;9.142090e-02;8.745911e-02;5.269059e-02;5.773289e-02;9.045511e-02;1.249659e-01;1.282980e-01
1.409827e-01;4.566855e-02;8.605332e-02;3.978555e-02;5.227160e-02;8.460076e-02;7.923892e-02;6.427902e-02;6.934149e-02;1.215593e-01;1.231579e-01;9.306090e-02
1.234533e-01;5.663291e-02;8.908538e-02;5.284979e-02;4.596426e-02;5.890897e-02;1.436264e-01;8.133826e-02;6.729369e-02;1.353714e-01;6.305747e-02;8.241821e-02
6.058421e-02;8.399040e-02;2.041886e-01;4.924594e-02;3.878704e-02;3.913348e-02;1.500107e-01;7.883563e-02;8.481336e-02;1.038452e-01;4.953817e-02;5.702737e-02
3.347776e-02;8.757786e-02;2.335304e-01;4.338204e-02;5.307090e-02;5.160328e-02;1.167890e-01;6.284796e-02;1.171695e-01;9.454007e-02;6.677319e-02;3.923810e-02
7.266960e-02;4.773308e-02;1.468611e-01;7.974761e-02;5.558325e-02;4.885836e-02;1.201812e-01;5.280609e-02;1.258123e-01;1.577643e-01;6.604557e-02;2.593765e-02
9.781671e-02;4.313764e-02;7.538541e-02;9.680816e-02;8.668505e-02;3.286400e-02;1.166512e-01;4.443261e-02;1.140502e-01;1.937479e-01;7.370048e-02;2.472067e-02
7.321944e-02;6.004827e-02;5.400960e-02;8.124778e-02;1.411460e-01;2.865578e-02;6.669424e-02;4.263692e-02;8.835978e-02;2.506070e-01;8.963228e-02;2.374294e-02
3.857879e-02;7.942522e-02;2.555835e-02;4.968654e-02;1.726138e-01;3.032873e-02;4.129853e-02;4.680550e-02;7.035595e-02;3.131435e-01;9.904122e-02;3.316379e-02
3.622585e-02;7.427279e-02;2.856558e-02;5.589430e-02;1.687657e-01;4.486343e-02;1.455679e-02;3.301951e-02;7.767861e-02;3.107989e-01;9.585583e-02;5.950268e-02
5.788435e-02;5.442145e-02;3.139288e-02;8.562905e-02;1.565650e-01;5.379508e-02;4.406292e-02;2.259069e-02;7.610109e-02;2.556148e-01;8.203480e-02;7.990792e-02
7.793301e-02;3.788019e-02;3.180577e-02;1.274709e-01;1.397332e-01;5.024391e-02;8.665038e-02;2.789086e-02;9.914619e-02;2.003362e-01;5.401973e-02;6.688970e-02
1.002068e-01;2.374557e-02;5.459843e-02;1.572313e-01;9.274073e-02;3.197123e-02;1.380479e-01;3.718985e-02;1.237379e-01;1.401028e-01;6.958224e-02;3.084524e-02
9.196637e-02;1.334140e-02;1.064134e-01;1.587271e-01;6.169757e-02;2.771654e-02;1.608682e-01;4.610704e-02;1.135185e-01;1.096942e-01;9.061274e-02;1.933695e-02
6.252721e-02;2.579787e-02;1.866957e-01;1.307708e-01;4.847268e-02;3.673054e-02;1.932135e-01;4.240342e-02;7.619813e-02;7.851581e-02;8.440199e-02;3.427237e-02
3.015945e-02;4.185889e-02;2.179357e-01;9.913236e-02;5.741148e-02;4.494470e-02;2.493614e-01;3.550876e-02;4.942111e-02;5.245470e-02;7.401191e-02;4.779949e-02
6.070490e-02;4.874797e-02;1.402826e-01;7.024264e-02;9.270521e-02;5.267579e-02;2.517698e-01;2.473597e-02;7.394178e-02;6.913187e-02;6.983431e-02;4.522713e-02
8.954359e-02;4.158513e-02;5.446433e-02;6.227197e-02;1.037193e-01;7.327840e-02;2.375207e-01;2.178087e-02;1.069115e-01;1.005282e-01;8.331633e-02;2.507972e-02
7.624195e-02;4.918995e-02;5.877339e-02;6.086373e-02;1.052427e-01;7.877691e-02;2.176951e-01;5.027195e-02;9.644824e-02;1.004710e-01;8.272077e-02;2.330441e-02
4.177022e-02;7.241561e-02;9.717084e-02;1.067512e-01;1.134190e-01;6.272390e-02;1.463386e-01;4.262232e-02;1.113052e-01;1.016942e-01;7.094613e-02;3.284266e-02
4.100412e-02;1.014674e-01;9.451859e-02;1.002859e-01;1.408722e-01;6.330752e-02;5.441089e-02;1.988364e-02;9.325456e-02;1.656784e-01;1.006239e-01;2.469288e-02
3.031314e-02;9.600413e-02;1.215749e-01;6.829580e-02;1.274893e-01;1.153495e-01;4.793041e-02;1.123823e-02;5.125873e-02;1.522295e-01;1.490670e-01;2.924947e-02
2.683279e-02;6.002403e-02;1.616567e-01;4.196525e-02;7.811574e-02;1.733515e-01;5.305855e-02;1.099082e-02;3.708743e-02;1.069311e-01;2.107947e-01;3.919138e-02
1.751183e-02;2.153222e-02;1.912206e-01;2.625979e-02;3.261033e-02;2.123197e-01;5.942768e-02;4.302180e-03;4.509502e-02;7.152845e-02;2.709018e-01;4.729037e-02
1.182177e-02;6.041835e-03;1.940757e-01;9.305554e-03;1.863501e-02;2.261038e-01;7.256071e-02;3.162903e-03;4.660808e-02;6.199620e-02;2.998473e-01;4.984121e-02
3.186747e-02;2.749057e-02;1.659158e-01;1.013037e-02;2.310810e-02;2.039821e-01;7.174508e-02;5.516274e-03;4.040998e-02;7.083150e-02;2.940212e-01;5.498148e-02
3.925830e-02;4.362241e-02;1.251570e-01;1.827072e-02;3.140867e-02;1.705713e-01;6.901482e-02;5.498443e-03;3.743322e-02;1.237822e-01;2.993137e-01;3.666912e-02
5.217560e-02;2.361338e-02;8.259054e-02;1.773768e-02;3.798377e-02;1.352699e-01;7.621663e-02;1.921198e-02;3.977961e-02;1.743353e-01;2.930183e-01;4.806726e-02
4.120583e-02;3.477127e-02;7.016694e-02;2.665485e-02;4.389014e-02;8.580066e-02;6.609282e-02;2.572823e-02;4.202341e-02;1.894939e-01;3.148213e-01;5.935066e-02
2.485889e-02;3.627706e-02;6.768060e-02;2.543601e-02;4.261904e-02;5.339769e-02;4.241050e-02;2.231248e-02;4.423121e-02;2.479921e-01;3.205019e-01;7.228252e-02
5.955061e-02;6.811038e-02;9.168115e-02;2.331548e-02;4.037472e-02;5.708409e-02;5.911670e-02;3.009094e-02;5.246697e-02;2.202652e-01;2.164379e-01;8.150587e-02
8.356596e-02;1.241304e-01;1.527698e-01;4.343318e-02;4.838740e-02;5.428557e-02;8.925801e-02;3.761322e-02;5.717997e-02;1.145514e-01;1.118366e-01;8.298846e-02
5.769162e-02;1.625610e-01;1.516819e-01;5.601187e-02;7.521697e-02;6.783810e-02;1.242610e-01;3.922931e-02;6.043372e-02;6.047858e-02;6.782912e-02;7.676680e-02
7.419042e-02;9.795701e-02;1.504374e-01;5.520236e-02;7.818741e-02;9.966267e-02;1.299390e-01;6.922092e-02;6.344769e-02;6.733271e-02;6.002746e-02;5.439503e-02
7.431525e-02;3.328820e-02;1.190614e-01;4.955047e-02;9.450258e-02;1.247199e-01;1.203572e-01;8.093344e-02;8.848300e-02;6.070542e-02;8.995949e-02;6.412365e-02
1.179730e-01;8.767208e-02;2.074057e-01;5.826680e-02;6.849369e-02;1.000314e-01;1.082705e-01;5.497279e-02;5.000265e-02;4.884515e-02;6.589828e-02;3.216791e-02
1.674092e-01;9.839503e-02;2.366907e-01;6.895355e-02;6.026658e-02;5.778006e-02;9.856843e-02;3.372327e-02;3.189379e-02;4.166466e-02;4.611876e-02;5.853595e-02
1.642487e-01;8.467693e-02;2.208124e-01;7.171106e-02;5.210511e-02;5.072374e-02;9.608769e-02;1.923321e-02;2.536806e-02;3.723480e-02;8.221667e-02;9.558167e-02
1.063942e-01;7.261004e-02;1.978997e-01;5.240156e-02;3.196516e-02;6.026684e-02;1.010593e-01;9.626332e-03;2.052108e-02;4.040198e-02;1.891534e-01;1.177005e-01
5.029942e-02;6.210475e-02;1.446048e-01;1.531693e-02;1.757871e-02;1.049464e-01;6.851619e-02;1.046406e-02;2.254768e-02;6.724289e-02;3.554827e-01;8.089546e-02
3.307533e-02;3.108828e-02;8.092444e-02;8.666431e-03;1.448682e-02;1.454313e-01;4.954797e-02;4.803805e-03;2.787477e-02;1.288641e-01;4.323467e-01;4.288999e-02
2.056307e-02;1.645621e-02;6.507888e-02;5.601378e-03;3.240811e-02;1.809431e-01;4.106370e-02;7.124584e-03;1.813477e-02;1.671695e-01;4.207397e-01;2.471708e-02
1.657795e-02;2.416108e-02;6.491645e-02;1.981281e-02;7.772650e-02;1.892213e-01;4.319269e-02;1.262158e-02;2.783043e-02;1.390139e-01;3.600312e-01;2.489406e-02
2.044476e-02;3.417232e-02;5.759102e-02;3.241482e-02;1.177264e-01;1.265902e-01;4.736610e-02;2.576373e-02;3.223341e-02;2.360516e-01;2.443934e-01;2.525221e-02
5.444095e-02;4.466720e-02;5.357861e-02;5.809868e-02;1.003594e-01;6.505171e-02;4.533815e-02;2.367554e-02;6.619217e-02;3.014250e-01;1.552388e-01;3.193384e-02
1.024534e-01;4.827088e-02;8.043448e-02;8.563652e-02;5.010656e-02;4.427434e-02;8.484156e-02;3.890982e-02;9.638755e-02;2.530481e-01;8.462679e-02;3.101000e-02
8.240947e-02;2.590945e-02;1.115848e-01;7.266886e-02;4.825019e-02;3.399933e-02;2.414180e-01;5.101580e-02;8.963877e-02;1.514962e-01;6.491609e-02;2.669308e-02
2.564532e-02;3.276914e-02;1.111017e-01;6.498475e-02;5.187607e-02;4.538251e-02;3.638356e-01;4.355069e-02;6.430920e-02;9.190827e-02;5.330697e-02;5.132976e-02
8.876923e-02;6.788244e-02;9.212372e-02;6.345598e-02;6.430537e-02;4.977019e-02;2.817854e-01;3.101759e-02;5.111992e-02;6.182593e-02;6.630329e-02;8.164089e-02
1.136694e-01;9.551121e-02;1.431770e-01;6.535009e-02;6.174294e-02;5.806153e-02;1.496048e-01;2.443140e-02;4.481434e-02;5.802359e-02;8.117004e-02;1.044435e-01
7.624688e-02;6.689259e-02;1.817700e-01;5.895418e-02;4.647548e-02;7.853466e-02;7.538915e-02;5.276563e-02;8.076447e-02;9.673029e-02;9.179348e-02;9.368316e-02
2.795298e-02;2.582432e-02;1.967833e-01;4.134936e-02;7.556416e-02;6.860243e-02;1.061354e-01;7.517868e-02;1.240886e-01;1.169540e-01;7.682762e-02;6.473911e-02
5.495188e-02;2.711276e-02;1.689398e-01;3.695353e-02;9.882019e-02;4.694644e-02;1.410260e-01;7.986811e-02;1.245968e-01;1.333503e-01;5.642331e-02;3.101077e-02
6.909887e-02;3.225761e-02;1.012354e-01;4.592064e-02;8.941565e-02;7.524414e-02;1.236263e-01;1.213089e-01;9.164608e-02;1.120906e-01;5.829325e-02;7.986255e-02
5.724931e-02;5.909853e-02;9.511032e-02;4.616887e-02;7.154922e-02;8.656533e-02;8.962048e-02;1.166092e-01;1.091096e-01;1.260406e-01;3.319870e-02;1.096798e-01
6.266675e-02;7.314975e-02;7.779842e-02;5.757620e-02;6.019952e-02;6.655152e-02;6.774504e-02;9.728285e-02;1.306218e-01;1.535184e-01;5.332081e-02;9.956892e-02
7.778870e-02;6.749224e-02;1.037186e-01;6.934964e-02;4.743118e-02;4.462293e-02;4.203358e-02;8.670075e-02;1.359185e-01;1.414711e-01;1.035159e-01;7.995685e-02
6.541840e-02;8.209450e-02;1.049999e-01;9.360970e-02;4.568522e-02;5.424023e-02;6.641452e-02;4.528289e-02;1.797691e-01;1.033658e-01;9.943305e-02;5.968659e-02
8.035889e-02;7.481696e-02;1.199316e-01;7.457516e-02;6.057016e-02;7.796746e-02;1.024119e-01;9.654147e-02;1.551996e-01;6.005431e-02;6.412676e-02;3.344570e-02
5.095121e-02;6.408771e-02;1.347301e-01;5.976088e-02;4.931699e-02;7.354797e-02;7.813442e-02;1.865805e-01;1.032374e-01;9.002643e-02;6.307708e-02;4.654928e-02
6.638694e-02;5.215539e-02;1.281316e-01;6.883853e-02;3.186383e-02;5.501251e-02;6.420685e-02;1.395096e-01;1.421888e-01;1.085487e-01;8.264771e-02;6.050949e-02
9.028266e-02;4.337015e-02;9.675732e-02;6.877957e-02;4.254794e-02;6.272039e-02;7.114932e-02;9.797504e-02;1.920850e-01;9.836081e-02;8.660913e-02;4.936267e-02
9.503824e-02;6.131773e-02;1.625876e-01;4.627062e-02;4.939513e-02;5.396724e-02;7.898964e-02;1.082727e-01;1.583234e-01;1.002086e-01;4.867705e-02;3.695200e-02
1.158901e-01;1.009337e-01;1.472300e-01;3.200563e-02;6.407223e-02;5.360691e-02;1.859282e-01;6.465943e-02;8.425880e-02;5.972849e-02;5.483743e-02;3.684904e-02
1.359188e-01;9.109383e-02;1.016232e-01;3.862444e-02;7.771152e-02;6.034936e-02;2.538376e-01;4.412022e-02;4.709277e-02;5.770726e-02;5.338663e-02;3.853427e-02
1.368131e-01;6.461194e-02;1.551334e-01;4.850183e-02;1.030100e-01;6.362113e-02;2.123605e-01;2.578870e-02;4.651934e-02;4.288626e-02;4.474618e-02;5.600761e-02
1.063088e-01;4.315206e-02;2.124486e-01;7.817370e-02;1.438898e-01;5.912121e-02;1.008409e-01;3.964103e-02;5.230176e-02;2.471966e-02;5.718181e-02;8.222073e-02
5.029727e-02;3.335798e-02;2.828678e-01;1.121834e-01;1.444219e-01;5.545911e-02;4.551563e-02;5.989016e-02;3.745959e-02;2.828608e-02;8.627350e-02;6.398752e-02
2.468155e-02;2.985829e-02;3.316038e-01;1.450326e-01;1.284693e-01;5.900489e-02;4.311473e-02;5.620155e-02;2.494812e-02;2.208318e-02;9.928764e-02;3.571437e-02
2.427788e-02;2.271363e-02;3.750445e-01;1.411780e-01;1.073483e-01;5.344373e-02;3.754571e-02;3.900454e-02;1.589770e-02;3.729236e-02;1.087339e-01;3.751978e-02
5.258281e-02;2.055075e-02;3.789869e-01;1.018334e-01;7.753145e-02;3.562425e-02;4.188763e-02;3.671405e-02;1.588890e-02;5.547365e-02;1.237291e-01;5.919719e-02
8.309153e-02;2.025936e-02;3.455116e-01;7.660794e-02;5.560222e-02;2.552479e-02;5.145276e-02;4.272757e-02;1.783145e-02;7.370937e-02;1.298828e-01;7.779862e-02
6.888457e-02;2.756213e-02;3.065479e-01;6.689534e-02;4.800790e-02;3.498287e-02;9.429429e-02;3.967024e-02;2.511622e-02;9.569661e-02;1.184690e-01;7.387300e-02
7.454140e-02;2.921952e-02;2.732134e-01;6.131532e-02;4.735915e-02;4.109663e-02;1.289503e-01;3.619062e-02;3.178076e-02;1.051871e-01;1.075638e-01;6.358197e-02
6.470594e-02;3.019112e-02;2.283939e-01;6.269524e-02;6.352347e-02;5.728738e-02;1.793650e-01;3.937479e-02;3.882783e-02;8.705954e-02;8.675306e-02;6.182269e-02
8.195283e-02;3.976487e-02;3.322036e-01;5.953418e-02;6.959610e-02;4.867527e-02;1.678358e-01;2.315971e-02;3.150114e-02;4.288459e-02;3.871521e-02;6.417667e-02
6.624704e-02;4.410395e-02;4.800728e-01;6.321859e-02;4.854529e-02;3.549285e-02;8.684165e-02;2.714891e-02;2.535738e-02;3.927803e-02;2.896623e-02;5.472726e-02
4.546701e-02;3.584208e-02;5.088861e-01;6.203960e-02;6.541584e-02;4.354880e-02;8.159095e-02;2.789854e-02;2.450823e-02;3.248130e-02;3.590536e-02;3.641619e-02
2.795253e-02;2.955914e-02;5.021615e-01;6.964795e-02;7.920132e-02;3.821556e-02;9.442433e-02;3.138524e-02;2.955837e-02;2.567531e-02;4.563831e-02;2.658048e-02
4.693913e-02;4.033288e-02;4.470779e-01;6.738809e-02;6.297471e-02;4.850714e-02;7.814301e-02;4.930771e-02;2.353604e-02;4.735908e-02;4.227974e-02;4.615462e-02
3.851915e-02;6.035082e-02;3.012310e-01;4.545161e-02;6.048860e-02;6.689394e-02;1.373722e-01;6.698293e-02;4.714570e-02;7.922869e-02;4.865392e-02;4.768148e-02
2.578604e-02;6.133448e-02;1.715519e-01;5.396078e-02;8.508725e-02;8.488902e-02;1.783369e-01;8.396611e-02;9.550995e-02;8.814347e-02;3.620284e-02;3.523128e-02
6.593697e-02;5.883978e-02;1.241180e-01;7.188559e-02;9.669802e-02;8.589743e-02;1.714292e-01;7.447739e-02;1.026870e-01;7.833663e-02;3.950447e-02;3.018953e-02
9.071751e-02;4.119735e-02;1.049950e-01;7.548518e-02;1.200884e-01;1.033550e-01;1.675442e-01;5.993992e-02;7.633649e-02;6.905983e-02;5.799878e-02;3.328238e-02
9.370105e-02;3.154594e-02;1.510958e-01;7.110445e-02;1.186499e-01;9.603857e-02;1.550189e-01;6.901450e-02;4.650133e-02;6.988212e-02;6.116840e-02;3.627899e-02
