1.525156e-01;1.637413e-01;1.125869e-01;5.473567e-02;2.303944e-02;4.967240e-02;1.316217e-01;1.151431e-01;5.322229e-02;2.816094e-02;1.561183e-02;9.994889e-02
1.438958e-01;1.895703e-01;1.103460e-01;5.948621e-02;2.741759e-02;6.416307e-02;1.071742e-01;1.536098e-01;5.605227e-02;2.187850e-02;1.737258e-02;4.903371e-02
9.558062e-02;1.138573e-01;1.111654e-01;9.363613e-02;6.370771e-02;1.209368e-01;8.321129e-02;1.618612e-01;8.248130e-02;3.604965e-02;1.668637e-02;2.082628e-02
5.712670e-02;5.765031e-02;9.071766e-02;1.612474e-01;1.215755e-01;1.602197e-01;7.686557e-02;8.801445e-02;9.621666e-02;5.241366e-02;1.571574e-02;2.223665e-02
2.315191e-02;9.972557e-02;1.423871e-01;2.044308e-01;8.472880e-02;1.247713e-01;6.259342e-02;1.140734e-01;4.250087e-02;5.344363e-02;1.767746e-02;3.051582e-02
3.062636e-02;7.446285e-02;1.840745e-01;1.933393e-01;4.912186e-02;9.836280e-02;6.471563e-02;1.169642e-01;6.367392e-02;5.022867e-02;2.904498e-02;4.538488e-02
4.656221e-02;9.140882e-02;1.781289e-01;1.280957e-01;6.822234e-02;8.785718e-02;9.053064e-02;1.042900e-01;7.879311e-02;4.705206e-02;3.591353e-02;4.314559e-02
4.606336e-02;1.540152e-01;1.569643e-01;7.522587e-02;8.190667e-02;1.308444e-01;8.684102e-02;8.275810e-02;6.576479e-02;4.234993e-02;3.834731e-02;3.891906e-02
4.252886e-02;1.277806e-01;1.345029e-01;5.344126e-02;6.884783e-02;1.821389e-01;1.244190e-01;4.022461e-02;4.560252e-02;4.152041e-02;4.149764e-02;9.749557e-02
3.752268e-02;8.072632e-02;8.561078e-02;7.120403e-02;5.469466e-02;1.265512e-01;1.967686e-01;4.275866e-02;3.091627e-02;3.475862e-02;5.785865e-02;1.806296e-01
3.390405e-02;4.542101e-02;4.590893e-02;1.110872e-01;3.199341e-02;4.596673e-02;2.327221e-01;5.378743e-02;3.912558e-02;6.007753e-02;7.208673e-02;2.279192e-01
4.993881e-02;3.571256e-02;2.436412e-02;1.326661e-01;2.192601e-02;5.037797e-02;2.264160e-01;7.125849e-02;4.708943e-02;8.972279e-02;4.600029e-02;2.045274e-01
6.680986e-02;4.498475e-02;2.555154e-02;1.239471e-01;5.566650e-02;7.647344e-02;2.034045e-01;1.260892e-01;2.983201e-02;7.584102e-02;2.096388e-02;1.504361e-01
7.150582e-02;1.043483e-01;5.740084e-02;8.271937e-02;1.067878e-01;1.137409e-01;1.279485e-01;1.417614e-01;3.174982e-02;5.048204e-02;2.463474e-02;8.692044e-02
6.374679e-02;1.463579e-01;9.977383e-02;5.863226e-02;1.233261e-01;1.362841e-01;7.398182e-02;1.306557e-01;5.303033e-02;4.215187e-02;2.802402e-02;4.403524e-02
5.773664e-02;1.300158e-01;8.871833e-02;4.517518e-02;1.087390e-01;1.389294e-01;1.317114e-01;1.093682e-01;7.078577e-02;2.897889e-02;3.227187e-02;5.756955e-02
3.849379e-02;3.914229e-02;5.699225e-02;4.845148e-02;7.171064e-02;1.440144e-01;2.086757e-01;1.503488e-01;7.603310e-02;3.300114e-02;3.885890e-02;9.427753e-02
3.475985e-02;7.953110e-02;6.255710e-02;5.722116e-02;5.788480e-02;8.872179e-02;2.102085e-01;1.348104e-01;7.901470e-02;4.921941e-02;2.612757e-02;1.199437e-01
4.417139e-02;7.486011e-02;4.826123e-02;3.986663e-02;6.882293e-02;1.441778e-01;2.059969e-01;1.035313e-01;5.461783e-02;9.026034e-02;2.439749e-02;1.010361e-01
4.133697e-02;5.346761e-02;4.797405e-02;4.396321e-02;5.277252e-02;1.609849e-01;1.947674e-01;1.118785e-01;8.196872e-02;1.030854e-01;2.599613e-02;8.180454e-02
2.849514e-02;5.154681e-02;3.636533e-02;3.507161e-02;3.885769e-02;1.442703e-01;2.131043e-01;1.089206e-01;1.301523e-01;1.118649e-01;3.756963e-02;6.378125e-02
2.419748e-02;1.174421e-01;1.173681e-01;2.747083e-02;4.558751e-02;1.717424e-01;1.226623e-01;7.446787e-02;1.298095e-01;9.553804e-02;3.329878e-02;4.041519e-02
2.211917e-02;2.047158e-01;2.298871e-01;2.872570e-02;2.324649e-02;1.917331e-01;4.235310e-02;8.931086e-02;7.815479e-02;5.710740e-02;1.432066e-02;1.832584e-02
1.999985e-02;2.495019e-01;2.714971e-01;3.804189e-02;1.534517e-02;1.270581e-01;5.284245e-02;1.034516e-01;5.278382e-02;5.213337e-02;5.631309e-03;1.171345e-02
1.498393e-02;2.846039e-01;2.545490e-01;7.264887e-02;1.367001e-02;1.025500e-01;3.687140e-02;8.954709e-02;7.456078e-02;4.151544e-02;3.612785e-03;1.088678e-02
1.747339e-02;2.870271e-01;1.745432e-01;1.222428e-01;1.138225e-02;1.634413e-01;3.118265e-02;5.011100e-02;1.099752e-01;2.342293e-02;1.684380e-03;7.513729e-03
2.557618e-02;3.017915e-01;1.253317e-01;1.442779e-01;1.371676e-02;1.608018e-01;3.628556e-02;3.310503e-02;1.257308e-01;2.577871e-02;2.777098e-03;4.826978e-03
4.034064e-02;3.258622e-01;1.192032e-01;1.187734e-01;1.936594e-02;1.031078e-01;6.154751e-02;3.288291e-02;1.086085e-01;6.204748e-02;4.376792e-03;3.883559e-03
5.674968e-02;3.297036e-01;1.258190e-01;4.833417e-02;3.232022e-02;4.904654e-02;1.156602e-01;3.794372e-02;6.648890e-02;1.215203e-01;8.857412e-03;7.556260e-03
5.073263e-02;2.504797e-01;1.221934e-01;2.767047e-02;9.204175e-02;6.800294e-02;1.308309e-01;6.630512e-02;4.495637e-02;1.215765e-01;1.109092e-02;1.411928e-02
3.844646e-02;1.306387e-01;1.503745e-01;6.899414e-02;1.252573e-01;1.055897e-01;1.062625e-01;1.114612e-01;4.729969e-02;7.841437e-02;1.714982e-02;2.011149e-02
2.943111e-02;1.305897e-01;1.446582e-01;9.863978e-02;1.509593e-01;8.961998e-02;9.068270e-02;1.271697e-01;5.132536e-02;4.780000e-02;1.849519e-02;2.062895e-02
3.486639e-02;1.810079e-01;9.544501e-02;9.218541e-02;2.204295e-01;6.965848e-02;4.731654e-02;1.102553e-01;7.975832e-02;4.905890e-02;6.997108e-03;1.302108e-02
2.388073e-02;1.877120e-01;1.101057e-01;7.862347e-02;1.500611e-01;1.622205e-01;4.031924e-02;6.768288e-02;1.341465e-01;3.666761e-02;3.232337e-03;5.348066e-03
1.842192e-02;2.108624e-01;1.502817e-01;7.660102e-02;5.161042e-02;2.267876e-01;2.659576e-02;6.104001e-02;1.435683e-01;2.567203e-02;2.082011e-03;6.476878e-03
1.863531e-02;2.202572e-01;2.287029e-01;4.821283e-02;3.473537e-02;1.728253e-01;3.084441e-02;1.098192e-01;8.050743e-02;4.326295e-02;3.663548e-03;8.533573e-03
1.425849e-02;1.583806e-01;2.895014e-01;4.056793e-02;1.578702e-01;6.660955e-02;4.761012e-02;1.075600e-01;3.267328e-02;7.492956e-02;3.757890e-03;6.280943e-03
1.023552e-02;8.822650e-02;2.813266e-01;2.341774e-02;3.074085e-01;3.786288e-02;9.868861e-02;4.317164e-02;1.934885e-02;8.559856e-02;1.896174e-03;2.818513e-03
1.159036e-02;8.277497e-02;2.907515e-01;1.917276e-02;3.306012e-01;2.608671e-02;1.268213e-01;1.505655e-02;1.419498e-02;7.564205e-02;4.665869e-03;2.641774e-03
1.558993e-02;5.341512e-02;3.342563e-01;2.485203e-02;2.723480e-01;2.981241e-02;1.474494e-01;1.944588e-02;1.425336e-02;7.821912e-02;5.848627e-03;4.509838e-03
2.586309e-02;5.980675e-02;3.724862e-01;2.932906e-02;1.794366e-01;4.355747e-02;1.492030e-01;2.414340e-02;1.366001e-02;8.894802e-02;7.514005e-03;6.052432e-03
2.576375e-02;9.152314e-02;3.685133e-01;3.334085e-02;1.728196e-01;4.232372e-02;1.180828e-01;2.218577e-02;1.278890e-02;9.989429e-02;7.461390e-03;5.302384e-03
2.679949e-02;1.459612e-01;3.230158e-01;4.192941e-02;1.379146e-01;7.339121e-02;8.465441e-02;1.720194e-02;2.976538e-02;1.025686e-01;8.174121e-03;8.623834e-03
3.352905e-02;2.026843e-01;1.957673e-01;5.616312e-02;8.549327e-02;1.528947e-01;8.835947e-02;2.562651e-02;5.201042e-02;7.807714e-02;1.174693e-02;1.764782e-02
3.064835e-02;2.396136e-01;2.106750e-01;3.489776e-02;1.146397e-01;1.195980e-01;7.940266e-02;3.211920e-02;6.518236e-02;4.349091e-02;1.320425e-02;1.652827e-02
3.109748e-02;2.617534e-01;2.689777e-01;3.658281e-02;1.054511e-01;6.949108e-02;5.902146e-02;3.002303e-02;8.307605e-02;3.899230e-02;5.958228e-03;9.575290e-03
3.724379e-02;2.688665e-01;2.738179e-01;4.123197e-02;1.025062e-01;4.805802e-02;2.869035e-02;4.381155e-02;8.780412e-02;5.207709e-02;6.535884e-03;9.356587e-03
3.388702e-02;2.852655e-01;2.519314e-01;4.399874e-02;8.685718e-02;5.779199e-02;3.867292e-02;4.135805e-02;8.204456e-02;5.429064e-02;1.037188e-02;1.353009e-02
2.338048e-02;2.432709e-01;1.830803e-01;5.526358e-02;5.209068e-02;1.461460e-01;8.318548e-02;3.619681e-02;9.961326e-02;5.000342e-02;1.039344e-02;1.737559e-02
1.613270e-02;1.951419e-01;1.746296e-01;4.708228e-02;3.557939e-02;2.055915e-01;1.252563e-01;3.702126e-02;8.973292e-02;3.272039e-02;9.733394e-03;3.137846e-02
1.120781e-02;2.032054e-01;1.851327e-01;3.307998e-02;2.472752e-02;2.141234e-01;1.343749e-01;4.222719e-02;7.529050e-02;2.462721e-02;5.709035e-03;4.629441e-02
1.179491e-02;2.473293e-01;2.158558e-01;1.769329e-02;1.535472e-02;2.193566e-01;8.645610e-02;3.706864e-02;6.083079e-02;2.283262e-02;4.770148e-03;6.065701e-02
1.269272e-02;2.661527e-01;2.329881e-01;1.224871e-02;1.268093e-02;2.565903e-01;3.048405e-02;2.577741e-02;4.876183e-02;4.146894e-02;2.578409e-03;5.757592e-02
1.316115e-02;2.561731e-01;2.413873e-01;1.259182e-02;2.104414e-02;2.708835e-01;2.094527e-02;2.592530e-02;3.808989e-02;5.440713e-02;1.825631e-03;4.356582e-02
1.898391e-02;2.597477e-01;2.463306e-01;2.343121e-02;2.682959e-02;2.285296e-01;1.577031e-02;3.837804e-02;3.731946e-02;5.902155e-02;5.632200e-03;4.002583e-02
2.233955e-02;3.003111e-01;2.437491e-01;4.303715e-02;2.655632e-02;1.342761e-01;2.588455e-02;4.329890e-02;4.482915e-02;4.891353e-02;6.407200e-03;6.039736e-02
2.313230e-02;3.137590e-01;2.758400e-01;5.492469e-02;1.739632e-02;1.184547e-01;2.656555e-02;2.851695e-02;3.702038e-02;3.429613e-02;5.531634e-03;6.456242e-02
2.473206e-02;3.145114e-01;2.817276e-01;4.106805e-02;9.910018e-03;1.589081e-01;2.590291e-02;2.023287e-02;4.311526e-02;3.318775e-02;4.097997e-03;4.260597e-02
2.298608e-02;2.817591e-01;2.962537e-01;3.714972e-02;1.967234e-02;1.926200e-01;2.352776e-02;2.292883e-02;5.020111e-02;2.008206e-02;9.681297e-03;2.313803e-02
2.043351e-02;1.892293e-01;2.982535e-01;3.960960e-02;4.573205e-02;1.682690e-01;3.902131e-02;3.123271e-02;6.000448e-02;6.433310e-02;9.493410e-03;3.438808e-02
1.772657e-02;1.732484e-01;3.116411e-01;3.843524e-02;8.519255e-02;1.050461e-01;3.753467e-02;2.375887e-02;4.637478e-02;1.254282e-01;1.043399e-02;2.517956e-02
1.849269e-02;1.999543e-01;3.630750e-01;3.168537e-02;9.880039e-02;4.748217e-02;3.089046e-02;9.828819e-03;2.619496e-02;1.358103e-01;2.089525e-02;1.689027e-02
2.285450e-02;2.413215e-01;4.160939e-01;2.451602e-02;7.029037e-02;2.440560e-02;2.317209e-02;6.654505e-03;1.691210e-02;9.889177e-02;1.461078e-02;4.027693e-02
3.194690e-02;2.628358e-01;4.030088e-01;2.159305e-02;3.078018e-02;3.192862e-02;2.317574e-02;7.860190e-03;1.820925e-02;6.511956e-02;9.448336e-03;9.409346e-02
7.558033e-02;2.205790e-01;2.911307e-01;3.966090e-02;4.756374e-02;5.135462e-02;3.815943e-02;1.412153e-02;1.664400e-02;5.576218e-02;1.711836e-02;1.323252e-01
1.070409e-01;1.876746e-01;1.623192e-01;6.398056e-02;6.993064e-02;8.636130e-02;5.677338e-02;2.677997e-02;2.317994e-02;4.377121e-02;3.089296e-02;1.412954e-01
9.677538e-02;1.997377e-01;9.837972e-02;6.690384e-02;5.186047e-02;1.365629e-01;6.331713e-02;4.827213e-02;4.396381e-02;4.803907e-02;4.361907e-02;1.025687e-01
8.730160e-02;1.927218e-01;1.115095e-01;5.642065e-02;3.204449e-02;1.745194e-01;3.343000e-02;3.952940e-02;3.518152e-02;2.970955e-02;2.960253e-02;1.780295e-01
5.376587e-02;1.917353e-01;8.555938e-02;6.425214e-02;1.159111e-02;2.314089e-01;1.532025e-02;2.515498e-02;5.024401e-02;2.068095e-02;1.346400e-02;2.368231e-01
2.765431e-02;2.262740e-01;4.952891e-02;9.667829e-02;8.721998e-03;2.686245e-01;1.770168e-02;1.316261e-02;6.814720e-02;2.207148e-02;5.456027e-03;1.959790e-01
3.151868e-02;2.591241e-01;7.201974e-02;1.106779e-01;1.112102e-02;2.588292e-01;2.806265e-02;1.622400e-02;7.907199e-02;3.922145e-02;1.704998e-02;7.707924e-02
1.009623e-01;1.860526e-01;1.122402e-01;6.044315e-02;2.505353e-02;1.637230e-01;5.003243e-02;2.202381e-02;1.040265e-01;7.234773e-02;5.134911e-02;5.174548e-02
1.553732e-01;1.805539e-01;1.651353e-01;2.622265e-02;3.239937e-02;6.689067e-02;4.363747e-02;3.217668e-02;9.065393e-02;8.552812e-02;4.838165e-02;7.304712e-02
1.236407e-01;2.086103e-01;2.334011e-01;2.590579e-02;1.943587e-02;8.261625e-02;3.751973e-02;3.432912e-02;7.347357e-02;1.003540e-01;1.915840e-02;4.155516e-02
6.602669e-02;1.431722e-01;2.661913e-01;3.013109e-02;1.577244e-02;9.325337e-02;2.919694e-02;6.576259e-02;7.704252e-02;1.218191e-01;1.129054e-02;8.034126e-02
3.436674e-02;9.120599e-02;2.488600e-01;3.193320e-02;2.153475e-02;1.193048e-01;5.214537e-02;1.184617e-01;7.679335e-02;1.047556e-01;1.511925e-02;8.551922e-02
1.872352e-02;1.264212e-01;2.622085e-01;2.898963e-02;1.357653e-02;1.026253e-01;7.525059e-02;1.036390e-01;6.008780e-02;1.023596e-01;1.205679e-02;9.406152e-02
1.739473e-02;1.843892e-01;2.585884e-01;3.632800e-02;1.293919e-02;8.901788e-02;9.224807e-02;6.230867e-02;6.864636e-02;1.186393e-01;7.675137e-03;5.182514e-02
2.937381e-02;2.491146e-01;1.986483e-01;3.031850e-02;1.979647e-02;8.533698e-02;9.339751e-02;6.543998e-02;5.858010e-02;1.066058e-01;6.453726e-03;5.693426e-02
3.766255e-02;2.845899e-01;1.677267e-01;1.541258e-02;2.302227e-02;6.055845e-02;1.303454e-01;7.896496e-02;6.835652e-02;7.998620e-02;6.035453e-03;4.733906e-02
1.812896e-02;2.210855e-01;2.654613e-01;3.106259e-02;2.377540e-02;3.843398e-02;1.208453e-01;8.569141e-02;8.670074e-02;8.309016e-02;4.505080e-03;2.121954e-02
2.510398e-02;1.584279e-01;2.948455e-01;2.115912e-02;3.346366e-02;7.487263e-02;1.168768e-01;8.500312e-02;7.519273e-02;6.836426e-02;1.451958e-02;3.217075e-02
2.581042e-02;1.846083e-01;2.814573e-01;7.429653e-02;2.415718e-02;9.706321e-02;5.714693e-02;5.931389e-02;5.350547e-02;5.250491e-02;1.910993e-02;7.102590e-02
2.055683e-02;2.248552e-01;3.349398e-01;5.537109e-02;1.817965e-02;5.941128e-02;4.004796e-02;4.463369e-02;4.413252e-02;5.349475e-02;1.101441e-02;9.336276e-02
1.413569e-02;2.391248e-01;3.859557e-01;3.873101e-02;8.465948e-03;4.142367e-02;1.919926e-02;4.165936e-02;4.371590e-02;4.727635e-02;3.295923e-03;1.170164e-01
1.043451e-02;2.474624e-01;3.874286e-01;2.635106e-02;1.218198e-02;3.647838e-02;9.759163e-03;3.599822e-02;4.662379e-02;4.527801e-02;4.683835e-03;1.373201e-01
1.412133e-02;2.521704e-01;3.507661e-01;7.721985e-03;1.111971e-02;5.349901e-02;1.040842e-02;2.453405e-02;4.795377e-02;6.098432e-02;1.926437e-03;1.647945e-01
1.919482e-02;2.522510e-01;2.756827e-01;2.145342e-02;8.881995e-03;9.789647e-02;6.291345e-03;2.348963e-02;4.626083e-02;5.552678e-02;4.503629e-03;1.885674e-01
3.001513e-02;2.386823e-01;2.169983e-01;2.200846e-02;1.982264e-02;1.321693e-01;1.287491e-02;2.439908e-02;4.832976e-02;5.679214e-02;6.826469e-03;1.910816e-01
3.253707e-02;1.790747e-01;2.372330e-01;2.052325e-02;4.128548e-02;1.251785e-01;3.993776e-02;2.202641e-02;4.773786e-02;8.497543e-02;1.370136e-02;1.557892e-01
1.869495e-02;1.665760e-01;3.426100e-01;1.658062e-02;5.516782e-02;5.483245e-02;6.433138e-02;2.004523e-02;3.346090e-02;1.170440e-01;1.095601e-02;9.970063e-02
2.804891e-02;1.586181e-01;3.886650e-01;2.083625e-02;4.938259e-02;3.911342e-02;9.122927e-02;1.936849e-02;1.441269e-02;1.084824e-01;1.075647e-02;7.108640e-02
2.637241e-02;1.330705e-01;4.284479e-01;3.922371e-02;8.165302e-02;2.724157e-02;1.065074e-01;2.950851e-02;1.153575e-02;7.204857e-02;6.169525e-03;3.822111e-02
1.569939e-02;1.385208e-01;4.783004e-01;4.612123e-02;1.191146e-01;1.553423e-02;7.425228e-02;2.100288e-02;1.186693e-02;5.933543e-02;3.251186e-03;1.700079e-02
2.897190e-02;1.266817e-01;5.140996e-01;3.877599e-02;1.245594e-01;6.361083e-03;7.634585e-02;8.565861e-03;7.706489e-03;5.544550e-02;5.114677e-03;7.371833e-03
4.216043e-02;1.093599e-01;5.270523e-01;4.510558e-02;9.499111e-02;1.160600e-02;9.339427e-02;5.091516e-03;5.690012e-03;5.158123e-02;6.347186e-03;7.620404e-03
4.304570e-02;1.463933e-01;4.949342e-01;8.143015e-02;4.586500e-02;3.197333e-02;6.402141e-02;1.181516e-02;8.751914e-03;5.510494e-02;9.198257e-03;7.466677e-03
2.860538e-02;2.149028e-01;4.230191e-01;8.365649e-02;4.244591e-02;5.195084e-02;3.859044e-02;1.675816e-02;1.224765e-02;6.391843e-02;1.583158e-02;8.073234e-03
2.831926e-02;2.417207e-01;3.966610e-01;7.032786e-02;3.667264e-02;5.747516e-02;3.632069e-02;1.950712e-02;2.015639e-02;6.487238e-02;9.805933e-03;1.816092e-02
4.521152e-02;1.839196e-01;3.527691e-01;8.663990e-02;4.010754e-02;7.378856e-02;3.496428e-02;2.628609e-02;3.692188e-02;7.108092e-02;1.387496e-02;3.443556e-02
3.652113e-02;1.087490e-01;4.161799e-01;5.525415e-02;3.821307e-02;9.307621e-02;3.174925e-02;3.321696e-02;4.549233e-02;9.090316e-02;1.223457e-02;3.841023e-02
2.901212e-02;1.040220e-01;3.941906e-01;5.708597e-02;4.573491e-02;9.722627e-02;1.843318e-02;2.988672e-02;5.326452e-02;1.255606e-01;1.901938e-02;2.656379e-02
2.621141e-02;6.639335e-02;3.587477e-01;3.709809e-02;8.103819e-02;1.063678e-01;2.220198e-02;2.299939e-02;6.137085e-02;1.687984e-01;1.915350e-02;2.961938e-02
2.042747e-02;1.373279e-01;3.884706e-01;5.503784e-02;7.624509e-02;5.742700e-02;3.303354e-02;2.347457e-02;4.998442e-02;1.219167e-01;7.419316e-03;2.923552e-02
1.854008e-02;1.688824e-01;4.896510e-01;4.625554e-02;3.716322e-02;3.457543e-02;3.895770e-02;2.444400e-02;3.997005e-02;7.613940e-02;9.744257e-03;1.567698e-02
2.218132e-02;2.084997e-01;4.912613e-01;3.167941e-02;2.105919e-02;2.633443e-02;3.058402e-02;2.544162e-02;4.149559e-02;8.012072e-02;9.196830e-03;1.214587e-02
4.389322e-02;2.058657e-01;3.906571e-01;6.265795e-02;3.058380e-02;3.767921e-02;3.449197e-02;3.600470e-02;4.464344e-02;8.806359e-02;4.551196e-03;2.090820e-02
9.340166e-02;1.320326e-01;2.578691e-01;6.093171e-02;7.077011e-02;4.202449e-02;7.882784e-02;1.067495e-01;3.238182e-02;6.783028e-02;2.239548e-02;3.478532e-02
1.312292e-01;1.288256e-01;1.340103e-01;7.789104e-02;9.243106e-02;3.009917e-02;1.234965e-01;1.528041e-01;2.985981e-02;4.249499e-02;1.532701e-02;4.153115e-02
1.165261e-01;8.282820e-02;5.053212e-02;1.739266e-01;8.411217e-02;1.988261e-02;2.134043e-01;1.401490e-01;1.380664e-02;2.548033e-02;1.183517e-02;6.751660e-02
5.994510e-02;5.323621e-02;4.194770e-02;2.402158e-01;7.380216e-02;4.336173e-02;3.066968e-01;7.598981e-02;9.456869e-03;1.078498e-02;1.320556e-02;7.135727e-02
3.100868e-02;3.403396e-02;5.568863e-02;2.102000e-01;6.900439e-02;9.617785e-02;3.603927e-01;3.251528e-02;3.550304e-02;9.053062e-03;1.568099e-02;5.074150e-02
2.870115e-02;1.703987e-02;1.143971e-01;9.947355e-02;5.527555e-02;1.841350e-01;3.004372e-01;2.654633e-02;8.173569e-02;1.294858e-02;5.185498e-02;2.745501e-02
4.250012e-02;2.577488e-02;1.609745e-01;2.894653e-02;4.739721e-02;2.664007e-01;1.387138e-01;2.088269e-02;1.132873e-01;2.328750e-02;1.136432e-01;1.819151e-02
4.773513e-02;5.072632e-02;1.459655e-01;4.486506e-02;4.365006e-02;2.531652e-01;7.288121e-02;4.182691e-02;9.662446e-02;4.388776e-02;1.431534e-01;1.551894e-02
3.401610e-02;7.541437e-02;1.209319e-01;7.165956e-02;6.943249e-02;1.900410e-01;7.651158e-02;7.818667e-02;7.817245e-02;7.135903e-02;1.138960e-01;2.037886e-02
2.196318e-02;9.086519e-02;1.248513e-01;7.946192e-02;7.865858e-02;1.742635e-01;6.389274e-02;8.335862e-02;1.108182e-01;7.986409e-02;6.065521e-02;3.134733e-02
3.419818e-02;8.861084e-02;1.625069e-01;6.395249e-02;6.342307e-02;1.218770e-01;1.022742e-01;7.851662e-02;1.316393e-01;6.170388e-02;4.941057e-02;4.188698e-02
3.775395e-02;1.137122e-01;1.121564e-01;8.867275e-02;6.424400e-02;4.129342e-02;1.337689e-01;1.033341e-01;9.134423e-02;7.127044e-02;1.002180e-01;4.223157e-02
4.079857e-02;1.442400e-01;8.803883e-02;8.437559e-02;9.637558e-02;7.248730e-02;7.912017e-02;1.155923e-01;6.693544e-02;8.583231e-02;9.114683e-02;3.505714e-02
3.055645e-02;1.876059e-01;9.063355e-02;6.658597e-02;1.343058e-01;8.082742e-02;3.614400e-02;1.121238e-01;9.572779e-02;9.648400e-02;4.094931e-02;2.805604e-02
2.120921e-02;1.908502e-01;9.336889e-02;4.632799e-02;1.448469e-01;6.924323e-02;2.627926e-02;8.951304e-02;1.435344e-01;1.126896e-01;2.863985e-02;3.349738e-02
2.222759e-02;1.643176e-01;1.004228e-01;6.529254e-02;1.081926e-01;7.813957e-02;3.318360e-02;8.026130e-02;1.877657e-01;1.075166e-01;1.836639e-02;3.431361e-02
1.782416e-02;1.075288e-01;6.407225e-02;8.889893e-02;6.694983e-02;1.798869e-01;3.379461e-02;8.421332e-02;2.182206e-01;9.479070e-02;2.409766e-02;1.972223e-02
2.901975e-02;6.301502e-02;6.842919e-02;8.526418e-02;7.047293e-02;2.238334e-01;6.798813e-02;9.938926e-02;1.913876e-01;6.761663e-02;2.148677e-02;1.209723e-02
3.188289e-02;8.342572e-02;1.200027e-01;6.926759e-02;3.156410e-02;2.074698e-01;1.230462e-01;1.184717e-01;1.407323e-01;4.478299e-02;1.725349e-02;1.210050e-02
3.865422e-02;1.057809e-01;1.498132e-01;5.939056e-02;4.755085e-02;1.829391e-01;1.210684e-01;1.107674e-01;1.021128e-01;3.901136e-02;2.402999e-02;1.888110e-02
2.912729e-02;1.087321e-01;1.607826e-01;5.778790e-02;6.965873e-02;1.501394e-01;1.451269e-01;9.950603e-02;8.582154e-02;4.315379e-02;3.009194e-02;2.007187e-02
2.521475e-02;1.002821e-01;1.657198e-01;7.042885e-02;4.647304e-02;1.847812e-01;1.682195e-01;8.050329e-02;9.312200e-02;3.039134e-02;2.290324e-02;1.196084e-02
4.986665e-02;1.347708e-01;2.051629e-01;4.460169e-02;5.783980e-02;1.204636e-01;9.852537e-02;1.098304e-01;1.103661e-01;2.791127e-02;2.382261e-02;1.683884e-02
4.572096e-02;9.607358e-02;2.060708e-01;4.866958e-02;4.438353e-02;1.510651e-01;7.465248e-02;1.128325e-01;1.167894e-01;4.335612e-02;3.181995e-02;2.856591e-02
3.055117e-02;7.199976e-02;1.614113e-01;5.647807e-02;4.210980e-02;2.520578e-01;1.002788e-01;7.412485e-02;1.180797e-01;3.973442e-02;2.982981e-02;2.334464e-02
2.755340e-02;4.599307e-02;1.540641e-01;4.655429e-02;4.310956e-02;3.074915e-01;9.524582e-02;7.114453e-02;1.111516e-01;4.447817e-02;3.328880e-02;1.992516e-02
3.700007e-02;6.797861e-02;1.736851e-01;6.900977e-02;2.645335e-02;2.075673e-01;8.489425e-02;9.409863e-02;7.176558e-02;6.533362e-02;6.326637e-02;3.894733e-02
3.521016e-02;7.131764e-02;1.173487e-01;9.339999e-02;3.990883e-02;8.432934e-02;9.253398e-02;9.679430e-02;1.337590e-01;6.757639e-02;1.296444e-01;3.817729e-02
3.720142e-02;3.281572e-02;7.003691e-02;1.088573e-01;5.811840e-02;7.341512e-02;9.848522e-02;1.002602e-01;1.822753e-01;5.855514e-02;1.569338e-01;2.304540e-02
3.836109e-02;1.665905e-02;4.586766e-02;1.296554e-01;5.901911e-02;4.617577e-02;8.862428e-02;9.635285e-02;2.127177e-01;5.328177e-02;1.936578e-01;1.962753e-02
3.090039e-02;2.225415e-02;5.259785e-02;1.392832e-01;7.295616e-02;4.029477e-02;5.675762e-02;1.146262e-01;2.050391e-01;3.399683e-02;2.054428e-01;2.585101e-02
2.196798e-02;4.439105e-02;8.350221e-02;1.204074e-01;1.084116e-01;6.954993e-02;3.608837e-02;1.457291e-01;1.747206e-01;2.257999e-02;1.397795e-01;3.287231e-02
2.270572e-02;5.360843e-02;9.596398e-02;8.247722e-02;1.434106e-01;1.007464e-01;3.706035e-02;1.957110e-01;1.484528e-01;1.434892e-02;7.531215e-02;3.020252e-02
2.043189e-02;4.262729e-02;8.728796e-02;4.387327e-02;1.803537e-01;1.111528e-01;2.869686e-02;2.106160e-01;1.314371e-01;2.657743e-02;7.497113e-02;4.197460e-02
1.708382e-02;3.619225e-02;9.262236e-02;2.533800e-02;1.683844e-01;1.246146e-01;3.283929e-02;2.428606e-01;1.157176e-01;5.958733e-02;3.669334e-02;4.806636e-02
1.355043e-02;2.939272e-02;9.825331e-02;4.078562e-02;1.018372e-01;1.521540e-01;3.326681e-02;2.431347e-01;8.979073e-02;1.031580e-01;4.949457e-02;4.518188e-02
9.994596e-03;2.877326e-02;8.824255e-02;3.103677e-02;6.914331e-02;1.983155e-01;3.193632e-02;2.266887e-01;7.789093e-02;1.675152e-01;3.680154e-02;3.366143e-02
6.785878e-03;2.284872e-02;4.158720e-02;2.272086e-02;4.468857e-02;2.374620e-01;5.272660e-02;1.732191e-01;9.540907e-02;2.544059e-01;2.133036e-02;2.681579e-02
7.993387e-03;1.687722e-02;2.321124e-02;2.449625e-02;3.510029e-02;2.095819e-01;5.218724e-02;1.552372e-01;1.020289e-01;3.298351e-01;2.011734e-02;2.333385e-02
8.008061e-03;1.930914e-02;1.874829e-02;3.328112e-02;3.042595e-02;2.078782e-01;5.227024e-02;1.785689e-01;1.236332e-01;2.890524e-01;2.176932e-02;1.705521e-02
1.127117e-02;2.314758e-02;2.443259e-02;2.611736e-02;4.182735e-02;2.502209e-01;5.496709e-02;1.803921e-01;2.155184e-01;1.366170e-01;1.818672e-02;1.730169e-02
8.407427e-03;2.659903e-02;3.816776e-02;1.887226e-02;4.820902e-02;2.302596e-01;6.710140e-02;1.651172e-01;2.024867e-01;1.625991e-01;1.682860e-02;1.535179e-02
6.236468e-03;2.460528e-02;4.131178e-02;1.824029e-02;1.076828e-01;2.683017e-01;6.428729e-02;1.404204e-01;1.189036e-01;1.702834e-01;2.719868e-02;1.252830e-02
9.901913e-03;2.479693e-02;4.494843e-02;2.193088e-02;1.477146e-01;2.515918e-01;5.257793e-02;1.496127e-01;7.474722e-02;1.725001e-01;3.832377e-02;1.135375e-02
1.696251e-02;4.945070e-02;7.237760e-02;1.727717e-02;9.546614e-02;1.670704e-01;5.610647e-02;2.212654e-01;1.041179e-01;1.461597e-01;3.812043e-02;1.562554e-02
2.190856e-02;6.658146e-02;1.071087e-01;2.064485e-02;4.886973e-02;9.631679e-02;5.847071e-02;2.985371e-01;1.410972e-01;7.928931e-02;4.163116e-02;1.954438e-02
1.774053e-02;1.087520e-01;1.172102e-01;2.906268e-02;7.431402e-02;8.535311e-02;6.087884e-02;2.880648e-01;1.291877e-01;2.982632e-02;4.104487e-02;1.856482e-02
1.710810e-02;1.927605e-01;1.106228e-01;2.247428e-02;8.660994e-02;1.053159e-01;7.964599e-02;2.259747e-01;7.690820e-02;1.525376e-02;5.374590e-02;1.358001e-02
1.213254e-02;2.594078e-01;7.537404e-02;3.183220e-02;7.292540e-02;1.151281e-01;1.002771e-01;1.840440e-01;4.940718e-02;2.059175e-02;6.995311e-02;8.926805e-03
2.040362e-02;2.881673e-01;5.854079e-02;5.385502e-02;6.130476e-02;1.073741e-01;8.807325e-02;1.854659e-01;3.546687e-02;1.850703e-02;7.692320e-02;5.918148e-03
2.732119e-02;2.606950e-01;7.905550e-02;1.314023e-01;4.050644e-02;1.260646e-01;6.652820e-02;1.600287e-01;3.237845e-02;1.750759e-02;5.487494e-02;3.637081e-03
1.623296e-02;2.724819e-01;1.316418e-01;1.631968e-01;2.539723e-02;1.275427e-01;5.519402e-02;1.130477e-01;2.325168e-02;2.933384e-02;3.272231e-02;9.956937e-03
4.371059e-02;2.379124e-01;1.581289e-01;2.026898e-01;3.983630e-02;1.207128e-01;5.381249e-02;6.031777e-02;1.852810e-02;3.138756e-02;2.326922e-02;9.694060e-03
5.814338e-02;1.606236e-01;1.115941e-01;3.178807e-01;3.919849e-02;1.350998e-01;5.527138e-02;3.675506e-02;1.429132e-02;4.346578e-02;1.616004e-02;1.151636e-02
8.614996e-02;8.045823e-02;6.664871e-02;3.616562e-01;2.890525e-02;1.873514e-01;5.272890e-02;3.956299e-02;1.741692e-02;5.985533e-02;4.684883e-03;1.458132e-02
1.062343e-01;3.688652e-02;1.109994e-01;2.687418e-01;3.068735e-02;2.639658e-01;3.116590e-02;4.612945e-02;2.122827e-02;6.253733e-02;1.025443e-02;1.116958e-02
8.706923e-02;4.394681e-02;2.567546e-01;1.235172e-01;4.281288e-02;2.706758e-01;2.707729e-02;5.124107e-02;2.956986e-02;3.787328e-02;1.008802e-02;1.937402e-02
4.748186e-02;4.268871e-02;4.253673e-01;3.831998e-02;6.437165e-02;1.932713e-01;2.680198e-02;4.578448e-02;4.118647e-02;2.376492e-02;7.499633e-03;4.346168e-02
3.392190e-02;6.665439e-02;4.697249e-01;3.106913e-02;7.237638e-02;1.342058e-01;2.105318e-02;2.562465e-02;4.688220e-02;1.640766e-02;1.250691e-02;6.957294e-02
1.302424e-02;1.282936e-01;3.845707e-01;4.535512e-02;7.853185e-02;1.032364e-01;2.215496e-02;2.578118e-02;5.631091e-02;1.276394e-02;1.970608e-02;1.102710e-01
1.832039e-02;1.482907e-01;2.349620e-01;6.232926e-02;1.088090e-01;8.461259e-02;1.682459e-02;4.658367e-02;7.627078e-02;2.363287e-02;4.067755e-02;1.386865e-01
1.108271e-02;1.108319e-01;1.038690e-01;8.027013e-02;1.215386e-01;1.000306e-01;1.284911e-02;6.299423e-02;9.672775e-02;3.076285e-02;1.256482e-01;1.433949e-01
1.257351e-02;7.905556e-02;1.323347e-01;7.983302e-02;9.914558e-02;7.221406e-02;2.887006e-02;8.703031e-02;6.954873e-02;6.768231e-02;1.712271e-01;1.004851e-01
2.874085e-02;7.899854e-02;1.666145e-01;1.178230e-01;9.428691e-02;5.791174e-02;3.181707e-02;1.307664e-01;4.550782e-02;4.836731e-02;9.178454e-02;1.073814e-01
3.138673e-02;5.625762e-02;2.297393e-01;1.055693e-01;8.215386e-02;7.328091e-02;4.314653e-02;1.639732e-01;4.171823e-02;1.159205e-02;6.116641e-02;1.000158e-01
2.736478e-02;4.799719e-02;1.683724e-01;1.165353e-01;6.882856e-02;1.048283e-01;3.702897e-02;1.661824e-01;5.260642e-02;5.135050e-02;7.215548e-02;8.674969e-02
1.355017e-02;4.259771e-02;6.928995e-02;1.845268e-01;1.127392e-01;1.663859e-01;3.726990e-02;1.232998e-01;4.149317e-02;9.824543e-02;5.880816e-02;5.179377e-02
3.064940e-02;4.414272e-02;1.525788e-01;1.666505e-01;1.155020e-01;2.150629e-01;6.108318e-02;7.246070e-02;4.764762e-02;6.599697e-02;1.030666e-02;1.791847e-02
