1.463337e-01;9.201238e-02;1.527146e-01;5.587222e-02;6.936090e-02;4.478167e-02;9.857101e-02;6.816392e-02;6.017643e-02;7.887846e-02;9.249037e-02;4.064435e-02
1.041027e-01;8.593118e-02;1.270203e-01;4.106366e-02;5.688675e-02;6.115450e-02;1.910766e-01;4.917737e-02;6.981021e-02;1.118343e-01;6.098498e-02;4.095753e-02
8.323333e-02;8.219629e-02;9.301554e-02;3.360539e-02;8.832718e-02;6.346352e-02;1.555424e-01;5.367346e-02;8.046774e-02;1.711891e-01;6.221826e-02;3.306787e-02
4.932966e-02;8.694526e-02;6.133278e-02;3.148214e-02;1.438361e-01;6.044519e-02;5.724815e-02;5.959733e-02;7.728485e-02;2.846850e-01;7.044518e-02;1.736838e-02
2.684273e-02;5.632583e-02;3.607081e-02;2.325665e-02;1.472771e-01;3.609387e-02;8.995860e-02;4.681051e-02;1.020036e-01;3.434676e-01;7.896379e-02;1.292890e-02
2.912599e-02;3.211814e-02;3.808898e-02;2.549574e-02;9.881103e-02;3.065161e-02;5.711788e-02;4.560170e-02;1.584215e-01;3.889731e-01;8.092690e-02;1.466742e-02
3.538178e-02;1.892262e-02;3.323603e-02;4.538776e-02;6.499575e-02;3.806169e-02;1.970830e-01;6.928410e-02;1.225916e-01;2.847705e-01;6.866915e-02;2.161606e-02
4.153531e-02;1.721220e-02;2.222567e-02;4.158539e-02;7.008128e-02;6.471854e-02;3.779481e-01;8.182850e-02;7.160858e-02;1.503299e-01;4.220020e-02;1.872633e-02
3.258830e-02;1.229147e-02;4.767869e-02;3.312616e-02;9.560260e-02;1.058185e-01;4.405279e-01;6.796128e-02;5.320586e-02;8.031733e-02;2.081237e-02;1.006957e-02
1.670221e-02;1.050686e-02;1.494843e-01;4.976348e-02;1.395008e-01;1.188907e-01;3.193170e-01;3.772195e-02;4.589108e-02;8.206271e-02;2.137612e-02;8.782826e-03
1.469896e-02;1.724231e-02;2.103413e-01;5.495275e-02;1.132264e-01;6.402482e-02;2.867942e-01;2.549274e-02;5.706300e-02;1.121337e-01;3.422857e-02;9.801281e-03
2.728036e-02;1.798405e-02;1.802011e-01;4.013050e-02;8.350208e-02;2.637369e-02;3.432212e-01;2.691480e-02;6.863081e-02;1.307945e-01;4.463141e-02;1.033559e-02
2.319064e-02;1.989709e-02;6.921394e-02;2.783320e-02;9.060542e-02;6.423360e-02;4.244478e-01;3.761308e-02;6.494860e-02;1.148576e-01;4.822598e-02;1.493306e-02
5.881559e-02;1.878359e-02;1.306106e-01;3.956369e-02;6.038158e-02;5.989760e-02;3.640913e-01;5.268395e-02;6.953645e-02;6.244916e-02;3.909288e-02;4.409352e-02
6.454886e-02;1.380504e-02;1.191562e-01;5.491371e-02;7.124749e-02;7.469106e-02;3.209728e-01;5.145944e-02;7.656537e-02;5.605828e-02;3.955124e-02;5.703056e-02
4.998643e-02;3.330150e-02;8.444363e-02;3.964860e-02;6.141455e-02;6.940452e-02;3.715419e-01;9.880791e-02;5.325101e-02;5.856540e-02;3.924170e-02;4.039288e-02
4.818545e-02;4.882862e-02;9.071861e-02;3.231448e-02;5.891467e-02;6.317171e-02;3.362329e-01;1.395274e-01;6.706727e-02;6.177569e-02;3.203926e-02;2.122393e-02
5.600137e-02;7.484866e-02;1.212006e-01;3.989649e-02;6.388084e-02;6.106569e-02;1.847757e-01;1.588289e-01;1.012941e-01;8.890628e-02;2.638382e-02;2.291759e-02
4.256458e-02;7.217356e-02;8.741099e-02;3.438333e-02;7.461780e-02;7.813230e-02;2.570648e-01;1.299321e-01;8.659108e-02;7.396104e-02;4.235366e-02;2.081481e-02
2.822082e-02;5.134052e-02;4.140731e-02;2.210790e-02;7.614821e-02;5.439577e-02;4.194151e-01;1.466498e-01;5.071663e-02;3.538805e-02;6.157890e-02;1.263106e-02
1.633889e-02;4.339527e-02;2.008698e-02;1.657710e-02;8.825088e-02;4.000526e-02;4.985948e-01;1.543439e-01;3.813373e-02;1.235446e-02;6.473424e-02;7.184437e-03
2.709407e-02;3.961479e-02;2.581611e-02;2.532907e-02;7.748272e-02;1.188593e-01;4.367135e-01;1.449541e-01;3.040283e-02;1.603565e-02;4.984011e-02;7.857643e-03
6.252028e-02;3.649708e-02;1.597254e-02;3.245681e-02;4.469044e-02;2.308282e-01;3.590821e-01;1.088704e-01;2.367212e-02;5.627781e-02;2.195506e-02;7.177151e-03
1.106079e-01;2.318778e-02;9.427390e-03;2.937231e-02;3.086764e-02;3.417230e-01;2.821414e-01;5.125317e-02;1.130468e-02;9.913592e-02;9.295404e-03;1.683379e-03
1.544152e-01;8.786260e-03;4.186621e-03;1.750830e-02;3.671894e-02;4.595926e-01;1.564602e-01;3.094837e-02;6.863189e-03;1.154355e-01;5.983978e-03;3.100883e-03
1.723239e-01;5.922995e-03;6.081526e-03;1.050949e-02;6.421839e-02;4.849864e-01;1.054670e-01;2.602413e-02;1.350622e-02;9.083800e-02;5.891445e-03;1.423058e-02
1.565892e-01;6.806284e-03;2.113692e-02;1.642247e-02;1.594582e-01;3.679444e-01;8.462881e-02;1.726730e-02;5.287144e-02;4.763646e-02;9.658814e-03;5.957969e-02
1.083466e-01;1.101938e-02;5.382936e-02;5.349216e-02;2.620168e-01;1.564346e-01;6.557834e-02;1.658107e-02;1.050375e-01;1.997656e-02;2.362678e-02;1.240610e-01
7.658482e-02;1.724527e-02;1.065743e-01;9.212828e-02;1.991862e-01;1.242915e-01;8.037312e-02;2.631580e-02;9.376059e-02;1.731862e-02;4.123440e-02;1.249871e-01
6.552749e-02;2.980658e-02;2.094864e-01;1.010725e-01;1.012004e-01;1.113362e-01;1.047258e-01;3.419979e-02;4.309353e-02;3.726068e-02;5.021827e-02;1.120723e-01
7.036063e-02;3.595518e-02;2.246060e-01;4.734443e-02;9.773184e-02;8.450666e-02;1.275458e-01;4.889891e-02;4.044569e-02;5.374738e-02;2.866446e-02;1.401930e-01
7.755340e-02;2.912256e-02;1.090143e-01;5.040049e-02;1.382049e-01;9.604251e-02;1.347784e-01;5.801643e-02;5.993002e-02;6.816440e-02;1.437943e-02;1.643932e-01
1.016119e-01;5.393640e-02;7.882933e-02;5.902127e-02;1.249181e-01;9.920894e-02;1.169264e-01;4.270232e-02;7.310610e-02;9.083407e-02;3.399175e-02;1.249134e-01
1.283403e-01;6.348226e-02;7.973652e-02;4.959821e-02;1.049628e-01;1.712605e-01;9.593744e-02;4.656614e-02;5.651392e-02;9.287851e-02;4.264780e-02;6.807553e-02
1.489624e-01;4.682580e-02;9.008331e-02;3.554722e-02;1.220888e-01;1.994686e-01;1.020662e-01;6.717899e-02;3.413612e-02;6.489705e-02;3.680008e-02;5.194546e-02
1.380002e-01;3.426402e-02;1.139792e-01;3.882518e-02;1.064563e-01;1.802771e-01;8.042394e-02;5.413983e-02;5.988272e-02;5.844400e-02;3.927953e-02;9.602793e-02
1.014030e-01;2.293179e-02;8.723187e-02;3.962804e-02;7.168382e-02;2.331301e-01;9.881958e-02;4.612041e-02;8.385974e-02;6.746206e-02;6.212914e-02;8.560045e-02
9.984128e-02;1.645854e-02;8.875790e-02;4.742451e-02;6.753585e-02;2.140086e-01;1.562318e-01;4.847087e-02;7.674032e-02;6.016360e-02;8.386382e-02;4.050285e-02
7.368878e-02;1.656985e-02;2.252953e-01;3.989840e-02;7.953662e-02;1.404660e-01;1.697872e-01;3.576242e-02;5.372563e-02;3.934173e-02;6.727135e-02;5.865667e-02
4.726269e-02;2.666041e-02;2.785961e-01;3.570578e-02;6.157522e-02;1.065510e-01;1.639532e-01;4.340835e-02;5.202104e-02;4.836500e-02;6.787174e-02;6.802946e-02
5.739071e-02;4.429168e-02;1.964461e-01;3.940687e-02;5.665737e-02;8.888011e-02;1.841870e-01;5.247336e-02;3.721778e-02;6.422038e-02;1.032263e-01;7.560232e-02
1.062979e-01;5.878939e-02;2.284302e-01;3.252626e-02;7.137002e-02;6.512094e-02;1.394937e-01;4.474342e-02;4.524316e-02;5.343977e-02;9.469666e-02;5.984858e-02
1.198696e-01;4.547003e-02;2.087288e-01;2.065334e-02;7.177349e-02;6.958698e-02;1.005214e-01;3.932393e-02;6.953730e-02;7.028833e-02;1.216330e-01;6.261382e-02
7.896693e-02;4.521773e-02;1.704966e-01;3.938888e-02;5.500470e-02;9.673910e-02;6.368084e-02;4.870960e-02;7.864589e-02;1.184277e-01;1.543949e-01;5.032714e-02
7.388148e-02;4.629220e-02;1.626138e-01;7.781685e-02;7.323087e-02;7.436621e-02;6.284578e-02;4.539836e-02;9.646925e-02;1.311470e-01;1.141113e-01;4.182690e-02
8.416922e-02;6.289386e-02;1.184338e-01;9.283950e-02;1.171419e-01;4.879454e-02;8.495578e-02;3.761994e-02;9.331812e-02;1.383691e-01;7.573177e-02;4.573259e-02
6.798983e-02;9.517050e-02;5.729372e-02;9.658153e-02;1.893801e-01;3.753107e-02;8.811691e-02;3.025365e-02;5.717728e-02;1.825714e-01;5.758712e-02;4.034686e-02
1.665367e-02;1.205325e-01;2.535966e-02;1.141730e-01;2.701447e-01;3.662372e-02;4.391827e-02;2.440135e-02;2.869121e-02;2.330663e-01;4.956230e-02;3.687332e-02
4.433941e-02;8.729810e-02;3.351671e-02;1.701524e-01;2.561946e-01;3.629582e-02;2.378838e-02;1.732447e-02;5.045025e-02;2.044964e-01;4.952265e-02;2.662092e-02
1.096540e-01;5.118852e-02;1.039666e-01;1.970488e-01;1.674890e-01;2.314469e-02;3.486880e-02;2.167929e-02;7.738837e-02;1.460202e-01;3.921622e-02;2.833536e-02
1.323076e-01;5.410190e-02;1.960568e-01;1.217436e-01;7.166887e-02;2.191383e-02;1.154336e-01;4.481129e-02;6.311494e-02;8.824778e-02;2.672906e-02;6.387072e-02
1.228882e-01;9.536138e-02;1.857868e-01;3.903566e-02;4.639196e-02;2.801793e-02;2.272163e-01;5.587054e-02;3.402735e-02;4.853763e-02;3.528735e-02;8.157888e-02
1.506962e-01;1.358097e-01;1.082208e-01;2.226568e-02;5.342256e-02;4.143951e-02;2.941965e-01;4.424732e-02;1.805462e-02;3.015680e-02;3.663700e-02;6.485339e-02
2.145602e-01;1.351069e-01;8.689370e-02;2.931307e-02;6.328376e-02;5.655571e-02;2.481053e-01;2.926732e-02;1.811481e-02;3.168027e-02;2.344428e-02;6.367470e-02
2.228211e-01;9.695002e-02;1.553783e-01;3.971304e-02;5.968358e-02;5.484583e-02;1.894688e-01;2.540289e-02;2.026131e-02;3.638802e-02;1.949521e-02;7.959187e-02
1.479226e-01;7.242974e-02;1.951803e-01;5.132558e-02;5.444801e-02;4.266483e-02;2.387865e-01;2.504393e-02;1.688247e-02;3.500610e-02;2.979575e-02;9.051407e-02
1.077849e-01;9.562322e-02;1.443087e-01;3.739857e-02;6.926784e-02;4.130556e-02;3.175056e-01;2.476464e-02;1.665010e-02;3.293303e-02;3.857061e-02;7.388730e-02
1.467851e-01;1.434081e-01;9.842081e-02;3.014814e-02;5.111172e-02;3.903904e-02;3.383033e-01;2.496450e-02;3.301551e-02;2.584604e-02;2.561119e-02;4.334651e-02
1.647171e-01;1.518984e-01;9.221323e-02;3.386413e-02;5.900181e-02;3.178419e-02;3.275810e-01;3.009225e-02;4.731870e-02;1.891706e-02;1.193694e-02;3.067523e-02
1.170878e-01;1.155050e-01;1.359347e-01;4.543132e-02;6.011321e-02;1.671651e-02;3.345150e-01;4.135770e-02;4.878526e-02;2.889584e-02;1.432142e-02;4.133628e-02
8.306108e-02;8.097684e-02;1.130570e-01;5.074703e-02;6.554827e-02;4.740070e-02;3.614278e-01;5.036749e-02;4.760628e-02;4.498823e-02;1.877155e-02;3.604769e-02
1.249814e-01;1.001787e-01;9.847175e-02;5.469722e-02;6.856941e-02;5.943098e-02;3.213913e-01;2.224796e-02;4.345158e-02;5.193103e-02;3.474367e-02;1.990499e-02
1.833737e-01;1.305894e-01;9.492268e-02;7.248441e-02;7.490420e-02;5.116419e-02;1.940473e-01;4.105879e-02;3.121059e-02;4.382535e-02;3.771876e-02;4.470069e-02
1.460239e-01;1.098700e-01;1.048415e-01;8.559028e-02;6.661066e-02;4.558721e-02;1.438581e-01;3.520190e-02;7.292509e-02;8.572143e-02;4.561313e-02;5.815676e-02
3.514307e-02;4.293614e-02;2.070623e-01;5.851241e-02;6.728913e-02;6.045978e-02;1.328174e-01;4.480700e-02;1.297745e-01;1.304713e-01;4.273985e-02;4.798710e-02
8.091440e-02;8.289248e-02;3.035149e-01;5.555876e-02;6.739530e-02;4.807606e-02;1.235095e-01;3.187520e-02;7.557874e-02;7.988558e-02;1.915733e-02;3.164169e-02
9.425981e-02;1.087709e-01;4.331370e-01;6.522642e-02;5.220263e-02;3.536692e-02;7.725994e-02;1.527531e-02;3.869037e-02;4.755343e-02;1.157820e-02;2.067911e-02
7.041427e-02;8.475093e-02;5.901223e-01;8.355169e-02;2.765943e-02;2.045372e-02;4.232878e-02;7.426673e-03;1.645403e-02;3.616354e-02;9.710765e-03;1.096389e-02
3.536829e-02;3.917804e-02;6.877830e-01;1.334238e-01;1.903795e-02;8.043638e-03;3.024578e-02;6.562931e-03;4.703668e-03;2.490235e-02;5.944039e-03;4.806443e-03
1.026216e-02;5.342145e-02;5.752183e-01;2.172723e-01;5.843757e-02;9.977396e-03;2.268710e-02;1.116980e-02;7.639511e-03;1.839911e-02;9.740455e-03;5.774862e-03
9.415558e-03;3.615872e-02;3.887620e-01;2.546567e-01;1.666941e-01;3.425294e-02;2.193835e-02;1.516453e-02;1.543525e-02;2.760927e-02;1.306381e-02;1.684879e-02
2.316038e-02;2.734651e-02;2.096971e-01;1.666800e-01;2.887844e-01;1.109829e-01;4.275217e-02;1.636553e-02;3.958089e-02;3.161145e-02;7.230364e-03;3.580825e-02
6.354715e-02;2.588691e-02;1.153869e-01;6.748506e-02;2.498173e-01;2.534258e-01;1.033547e-01;1.349238e-02;3.923088e-02;3.323149e-02;5.905627e-03;2.923586e-02
7.789266e-02;1.753780e-02;1.072813e-01;5.634059e-02;1.083507e-01;3.698860e-01;1.541762e-01;2.211677e-02;1.267367e-02;5.478329e-02;4.494371e-03;1.446661e-02
6.570894e-02;7.408582e-03;8.598032e-02;5.887045e-02;7.041291e-02;4.417369e-01;1.453580e-01;2.638255e-02;1.091038e-02;6.683630e-02;3.800037e-03;1.659462e-02
6.044428e-02;1.301471e-02;6.117125e-02;4.268588e-02;1.131760e-01;4.754360e-01;1.181149e-01;2.195669e-02;1.540267e-02;5.946358e-02;2.727672e-03;1.640633e-02
6.227320e-02;1.436523e-02;6.558690e-02;2.329379e-02;2.215069e-01;4.149498e-01;9.935870e-02;1.220711e-02;2.858353e-02;2.871684e-02;3.588786e-03;2.556931e-02
4.931715e-02;1.183255e-02;8.066577e-02;2.782472e-02;3.964100e-01;2.371532e-01;6.729621e-02;8.014877e-03;4.676538e-02;1.163812e-02;3.114397e-03;5.996768e-02
3.647307e-02;1.301444e-02;1.542802e-01;6.339776e-02;4.242282e-01;8.082209e-02;6.933504e-02;1.739917e-02;4.793789e-02;9.783299e-03;1.139228e-02;7.193662e-02
2.916461e-02;1.958792e-02;3.061602e-01;1.134530e-01;2.264509e-01;7.533098e-02;8.652595e-02;3.513817e-02;2.778966e-02;1.377939e-02;1.413208e-02;5.248709e-02
2.351405e-02;2.708295e-02;4.633806e-01;1.020408e-01;1.174661e-01;5.803085e-02;9.035195e-02;3.281508e-02;1.323020e-02;2.280791e-02;1.714328e-02;3.213624e-02
4.076995e-02;5.875600e-02;5.082611e-01;5.329708e-02;8.467936e-02;4.517780e-02;8.314981e-02;2.162801e-02;2.552621e-02;3.025247e-02;1.559489e-02;3.290723e-02
8.975071e-02;7.492889e-02;4.024972e-01;4.434025e-02;9.247229e-02;4.182404e-02;7.621089e-02;3.522518e-02;4.096211e-02;3.206511e-02;3.254199e-02;3.718136e-02
1.085073e-01;5.264578e-02;2.880446e-01;6.239471e-02;9.211815e-02;4.621848e-02;8.262906e-02;4.245503e-02;4.897468e-02;6.290866e-02;6.512392e-02;4.797956e-02
6.453466e-02;4.245597e-02;2.233656e-01;7.803132e-02;1.016223e-01;8.849364e-02;7.719439e-02;5.475298e-02;5.233486e-02;8.837269e-02;7.941783e-02;4.942374e-02
5.477127e-02;4.971318e-02;1.438570e-01;6.719323e-02;8.641546e-02;7.461437e-02;2.118003e-01;7.341158e-02;4.998736e-02;8.374604e-02;6.366530e-02;4.082495e-02
7.226564e-02;7.384254e-02;1.066572e-01;5.002709e-02;8.270225e-02;7.422545e-02;3.137006e-01;5.820994e-02;4.053826e-02;5.190056e-02;4.032758e-02;3.560284e-02
7.727303e-02;6.705835e-02;1.384960e-01;8.466213e-02;8.601097e-02;7.948098e-02;2.828096e-01;4.465045e-02;2.709044e-02;4.491326e-02;4.615096e-02;2.140380e-02
6.064955e-02;5.148827e-02;2.228534e-01;9.364444e-02;7.699321e-02;6.792388e-02;2.259624e-01;4.340129e-02;3.328079e-02;5.298187e-02;4.958528e-02;2.123564e-02
7.146381e-02;5.965618e-02;2.397369e-01;6.951873e-02;6.487404e-02;5.523696e-02;1.945583e-01;6.723214e-02;3.214368e-02;6.055089e-02;5.368939e-02;3.133904e-02
9.693812e-02;6.812902e-02;1.658252e-01;7.663701e-02;6.972311e-02;4.312053e-02;1.317629e-01;8.770969e-02;5.201617e-02;7.547314e-02;7.693502e-02;5.573016e-02
8.638354e-02;6.810337e-02;2.439114e-01;8.084422e-02;8.232903e-02;5.659989e-02;1.175072e-01;5.188798e-02;4.507674e-02;7.548339e-02;5.244043e-02;3.943285e-02
6.230237e-02;4.911999e-02;2.182943e-01;4.716580e-02;7.699977e-02;6.870548e-02;2.510969e-01;3.771925e-02;3.616888e-02;7.321752e-02;2.906581e-02;5.014398e-02
2.807816e-02;4.091421e-02;1.986846e-01;3.146378e-02;5.133995e-02;5.701778e-02;3.656588e-01;4.500671e-02;4.085657e-02;7.087816e-02;3.508946e-02;3.501178e-02
3.418785e-02;2.074572e-02;1.476997e-01;2.931803e-02;8.290328e-02;6.894781e-02;4.287827e-01;3.788438e-02;3.067695e-02;5.872636e-02;4.972220e-02;1.040500e-02
4.366714e-02;3.226222e-02;1.769329e-01;3.374417e-02;9.157719e-02;6.987527e-02;4.069190e-01;3.247089e-02;1.647233e-02;4.547901e-02;3.828568e-02;1.231420e-02
4.507863e-02;5.947648e-02;2.141878e-01;3.643277e-02;5.097378e-02;6.292928e-02;3.797373e-01;2.837985e-02;1.526003e-02;5.420488e-02;3.555658e-02;1.778268e-02
8.443362e-02;4.629005e-02;2.180245e-01;3.817074e-02;6.258616e-02;5.266496e-02;2.949245e-01;3.553385e-02;1.949510e-02;5.716168e-02;6.642857e-02;2.428622e-02
9.575012e-02;4.402059e-02;1.984602e-01;4.917552e-02;6.325009e-02;5.207073e-02;2.291703e-01;5.282351e-02;3.174704e-02;5.564983e-02;8.312925e-02;4.475286e-02
9.172736e-02;8.738788e-02;1.339164e-01;4.957871e-02;8.658494e-02;7.293474e-02;2.142369e-01;5.133788e-02;3.441608e-02;4.469038e-02;8.631437e-02;4.687442e-02
1.011324e-01;1.156887e-01;1.370455e-01;3.783384e-02;7.949886e-02;6.965008e-02;1.739885e-01;5.406114e-02;4.547557e-02;6.358130e-02;8.071812e-02;4.132604e-02
1.089201e-01;8.457730e-02;1.122769e-01;5.220358e-02;8.005537e-02;6.358567e-02;1.046227e-01;7.221426e-02;8.894143e-02;1.136973e-01;6.353682e-02;5.536856e-02
1.097675e-01;3.951050e-02;9.732623e-02;5.689421e-02;8.680891e-02;5.308831e-02;8.551546e-02;6.433698e-02;1.066994e-01;1.525135e-01;7.288703e-02;7.465199e-02
7.460604e-02;8.949240e-02;9.510932e-02;6.451327e-02;7.640826e-02;3.991383e-02;9.740872e-02;5.099763e-02;8.920315e-02;1.519898e-01;1.023701e-01;6.798754e-02
8.530933e-02;1.468236e-01;9.658854e-02;4.727907e-02;5.349131e-02;4.122503e-02;9.383020e-02;6.024167e-02;7.572474e-02;1.182420e-01;1.023724e-01;7.887200e-02
1.400760e-01;1.364387e-01;9.014804e-02;4.451539e-02;4.891754e-02;4.292314e-02;5.474359e-02;5.396787e-02;1.052362e-01;7.388002e-02;7.493611e-02;1.342174e-01
1.886548e-01;1.058391e-01;9.545693e-02;3.238137e-02;4.257141e-02;4.344203e-02;6.880537e-02;3.862640e-02;1.312317e-01;5.474040e-02;5.138949e-02;1.468609e-01
1.349692e-01;8.248244e-02;9.965964e-02;3.028122e-02;4.219519e-02;5.255809e-02;8.273200e-02;6.091702e-02;1.246855e-01;5.262217e-02;6.147881e-02;1.754186e-01
8.694452e-02;3.580591e-02;9.215402e-02;6.241907e-02;4.753988e-02;4.100432e-02;1.674483e-01;1.063632e-01;8.952761e-02;9.042671e-02;8.429828e-02;9.606817e-02
6.057495e-02;4.115787e-02;5.743758e-02;3.149065e-02;5.279214e-02;5.884243e-02;2.084475e-01;1.202874e-01;1.277449e-01;7.094926e-02;7.854233e-02;9.173304e-02
4.763811e-02;4.637135e-02;3.954593e-02;2.360694e-02;5.148270e-02;5.291440e-02;2.585875e-01;1.003581e-01;1.253491e-01;6.684035e-02;1.135681e-01;7.373735e-02
3.112700e-02;5.325148e-02;3.084141e-02;1.643716e-02;4.356952e-02;3.447289e-02;3.400553e-01;8.724748e-02;9.204622e-02;6.035801e-02;1.505147e-01;6.007884e-02
1.394521e-02;4.101390e-02;3.843266e-02;9.581576e-03;2.755904e-02;1.297171e-02;4.172888e-01;1.821735e-01;4.162597e-02;4.940110e-02;1.115073e-01;5.449917e-02
5.202172e-03;3.175460e-02;4.105089e-02;2.682222e-03;1.512829e-02;1.919619e-02;4.249093e-01;2.897220e-01;2.580377e-02;3.521421e-02;8.280246e-02;2.653392e-02
1.026992e-02;2.527069e-02;4.983083e-02;6.567832e-03;1.655258e-02;2.432498e-02;3.367102e-01;3.260666e-01;5.524649e-02;3.978707e-02;5.447244e-02;5.490039e-02
2.571222e-02;3.165030e-02;5.377734e-02;1.071681e-02;4.516857e-02;4.431325e-02;2.820749e-01;2.999677e-01;7.012480e-02;4.652197e-02;2.810450e-02;6.186764e-02
2.880912e-02;3.384721e-02;5.709544e-02;1.747259e-02;8.815017e-02;7.822583e-02;3.550980e-01;2.015334e-01;4.284639e-02;3.169416e-02;2.906876e-02;3.615901e-02
2.093486e-02;2.478721e-02;1.452885e-01;4.528441e-02;1.007564e-01;7.985038e-02;3.703127e-01;1.177577e-01;3.214220e-02;2.045888e-02;2.803515e-02;1.439159e-02
2.307253e-02;3.090909e-02;2.571070e-01;5.804827e-02;6.034393e-02;3.360290e-02;3.628516e-01;8.381090e-02;2.891728e-02;1.850278e-02;2.908532e-02;1.374835e-02
3.798723e-02;3.196957e-02;2.192456e-01;3.160315e-02;4.798743e-02;4.225648e-02;3.941859e-01;1.006594e-01;3.130477e-02;2.033745e-02;2.220034e-02;2.026276e-02
3.274553e-02;2.945956e-02;1.114555e-01;1.675113e-02;3.228306e-02;4.290645e-02;5.292060e-01;1.128562e-01;3.095469e-02;1.844687e-02;2.653335e-02;1.640165e-02
2.117791e-02;2.682035e-02;6.649314e-02;1.953114e-02;2.915177e-02;3.509011e-02;5.622196e-01;1.507131e-01;2.536879e-02;2.962611e-02;2.288597e-02;1.092200e-02
4.311454e-02;4.649857e-02;9.280631e-02;2.930566e-02;4.226461e-02;2.547306e-02;3.571198e-01;1.563022e-01;6.280625e-02;6.827688e-02;4.420686e-02;3.182524e-02
9.084491e-02;7.561773e-02;7.015287e-02;3.197901e-02;4.171178e-02;4.602250e-02;2.136102e-01;1.550509e-01;8.026178e-02;9.221325e-02;5.620881e-02;4.632632e-02
1.036400e-01;6.203318e-02;4.944652e-02;3.957277e-02;3.092487e-02;3.683390e-02;1.222521e-01;2.189859e-01;1.580641e-01;9.685085e-02;3.623063e-02;4.516523e-02
6.614304e-02;3.579964e-02;4.816397e-02;2.868792e-02;1.927461e-02;2.282966e-02;1.571072e-01;3.048998e-01;1.452041e-01;9.689973e-02;3.231491e-02;4.267538e-02
3.013662e-02;3.457565e-02;4.849119e-02;1.293913e-02;2.192480e-02;2.030745e-02;3.026188e-01;3.133046e-01;7.032107e-02;6.895616e-02;4.777265e-02;2.865186e-02
1.163563e-02;6.013396e-02;2.864097e-02;9.472648e-03;2.930112e-02;3.310273e-02;4.786030e-01;1.907742e-01;3.570535e-02;3.237912e-02;7.964249e-02;1.060876e-02
9.304219e-03;8.148737e-02;1.242443e-02;9.115607e-03;2.309887e-02;5.566266e-02;5.672087e-01;9.713224e-02;4.207353e-02;1.541400e-02;8.223101e-02;4.847303e-03
2.440391e-02;8.092600e-02;2.284108e-02;1.084823e-02;2.790009e-02;9.294124e-02;5.438676e-01;6.136902e-02;4.059754e-02;1.889587e-02;6.814398e-02;7.265466e-03
4.816901e-02;6.097388e-02;5.823322e-02;2.492334e-02;6.110546e-02;1.132114e-01;3.323538e-01;5.751018e-02;4.766247e-02;4.154371e-02;1.264266e-01;2.788696e-02
6.876854e-02;4.600976e-02;1.107915e-01;3.174489e-02;1.136372e-01;1.137211e-01;1.290033e-01;6.564777e-02;5.211328e-02;6.876270e-02;1.417355e-01;5.806438e-02
5.318044e-02;3.551215e-02;1.041974e-01;3.038699e-02;1.785071e-01;1.451306e-01;2.161060e-01;4.771089e-02;3.434896e-02;4.441282e-02;6.270798e-02;4.779866e-02
4.683475e-02;2.106901e-02;4.991875e-02;1.848327e-02;1.697616e-01;1.969891e-01;3.786229e-01;3.756254e-02;1.698838e-02;2.779581e-02;2.135635e-02;1.461751e-02
5.939156e-02;3.984066e-02;4.059128e-02;1.729542e-02;1.152013e-01;1.752879e-01;4.395083e-01;2.909099e-02;1.089374e-02;4.573781e-02;2.078773e-02;6.373267e-03
5.183336e-02;1.021212e-01;4.264591e-02;1.764533e-02;6.067453e-02;9.671451e-02;4.622435e-01;4.059152e-02;3.310285e-02;5.929735e-02;2.422436e-02;8.905529e-03
3.547533e-02;1.346320e-01;2.794017e-02;1.013844e-02;3.045811e-02;5.173989e-02;4.982282e-01;5.549427e-02;4.883794e-02;4.048467e-02;6.170720e-02;4.863754e-03
1.628720e-02;1.217425e-01;1.207435e-02;5.721735e-03;3.985944e-02;6.191791e-02;5.063846e-01;6.373274e-02;4.753658e-02;3.954273e-02;8.180314e-02;3.397085e-03
1.398836e-02;8.153951e-02;3.835026e-02;1.260082e-02;7.716825e-02;1.029370e-01;4.049948e-01;7.189170e-02;4.545532e-02;7.190882e-02;7.121952e-02;7.945660e-03
2.046235e-02;3.594173e-02;1.182532e-01;3.257880e-02;1.252124e-01;1.087554e-01;3.152931e-01;7.727967e-02;4.328715e-02;5.912545e-02;3.980709e-02;2.400369e-02
2.040276e-02;2.591657e-02;1.944929e-01;7.647029e-02;1.137794e-01;4.924581e-02;3.019588e-01;7.698438e-02;3.059733e-02;2.073823e-02;6.119356e-02;2.821996e-02
1.884665e-02;3.244045e-02;2.425156e-01;9.346045e-02;8.311928e-02;3.728536e-02;2.833756e-01;6.489236e-02;2.517192e-02;2.648419e-02;7.287238e-02;1.953576e-02
2.654653e-02;3.255508e-02;2.365272e-01;8.567579e-02;8.477567e-02;3.069493e-02;3.052203e-01;6.085395e-02;2.898293e-02;1.673263e-02;6.530754e-02;2.612736e-02
3.900422e-02;1.686771e-02;1.325715e-01;4.805159e-02;1.177684e-01;1.367214e-01;3.037497e-01;4.950132e-02;4.944022e-02;2.838360e-02;3.292739e-02;4.501288e-02
7.751002e-02;7.797223e-03;4.983402e-02;2.210467e-02;8.604502e-02;2.988735e-01;2.569101e-01;4.635967e-02;4.949832e-02;6.277455e-02;1.138591e-02;3.090691e-02
1.015718e-01;4.088566e-03;2.322742e-02;1.718017e-02;6.017837e-02;3.783650e-01;1.961661e-01;5.287994e-02;3.449633e-02;1.141425e-01;7.625713e-03;1.007813e-02
1.154531e-01;2.583664e-03;1.737142e-02;9.833968e-03;6.309213e-02;3.989260e-01;1.218081e-01;4.322679e-02;1.893652e-02;1.904903e-01;7.407976e-03;1.086992e-02
1.546756e-01;3.759757e-03;2.058296e-02;8.504517e-03;9.092005e-02;3.418215e-01;7.038005e-02;2.878851e-02;1.251030e-02;2.355465e-01;1.659315e-02;1.591703e-02
2.744837e-01;8.106302e-03;3.686169e-02;1.036040e-02;1.496057e-01;2.492301e-01;3.342095e-02;1.778679e-02;2.038037e-02;1.511153e-01;2.208575e-02;2.656307e-02
2.916134e-01;1.157393e-02;5.682762e-02;2.112435e-02;2.178627e-01;2.268805e-01;5.196408e-02;1.341633e-02;2.993853e-02;2.716552e-02;9.932281e-03;4.170079e-02
1.341732e-01;1.317144e-02;8.875257e-02;5.629865e-02;2.681562e-01;2.148997e-01;8.086240e-02;1.237191e-02;4.674016e-02;2.263322e-02;1.061977e-02;5.132081e-02
9.678399e-02;7.594336e-03;7.409456e-02;8.801880e-02;2.165953e-01;2.481559e-01;9.998103e-02;2.220632e-02;3.895317e-02;6.660038e-02;7.567964e-03;3.344819e-02
1.264540e-01;5.539409e-03;3.938928e-02;1.093348e-01;1.124176e-01;2.846896e-01;1.453203e-01;2.629636e-02;2.168805e-02;1.083018e-01;7.115516e-03;1.345323e-02
1.196810e-01;5.503242e-03;2.227556e-02;1.262613e-01;4.929217e-02;2.902586e-01;2.117603e-01;2.483038e-02;1.721168e-02;1.157169e-01;4.099940e-03;1.310890e-02
1.297029e-01;5.136870e-03;2.217404e-02;1.127202e-01;4.309813e-02;2.769383e-01;2.479303e-01;3.023613e-02;1.156207e-02;1.023998e-01;3.548959e-03;1.455232e-02
1.906353e-01;6.060637e-03;1.591569e-02;6.885880e-02;3.244083e-02;2.876175e-01;2.333006e-01;3.407678e-02;7.830011e-03;1.096380e-01;4.517548e-03;9.108341e-03
2.463639e-01;1.349788e-02;1.381103e-02;3.445793e-02;3.007238e-02;3.066878e-01;1.886242e-01;4.917205e-02;6.478523e-03;9.805561e-02;4.710888e-03;8.067815e-03
2.881276e-01;1.219620e-02;1.221699e-02;2.236257e-02;3.720483e-02;3.154680e-01;1.364589e-01;6.079096e-02;7.266450e-03;9.002793e-02;3.689493e-03;1.419004e-02
2.794564e-01;6.406593e-03;1.940245e-02;3.023771e-02;6.800783e-02;3.001174e-01;1.010274e-01;6.986773e-02;1.253514e-02;7.907297e-02;3.363153e-03;3.050531e-02
1.909838e-01;1.114817e-02;6.484795e-02;4.976394e-02;1.127678e-01;2.331110e-01;1.036104e-01;6.749117e-02;3.502586e-02;6.551821e-02;9.539309e-03;5.619232e-02
8.119897e-02;1.521564e-02;1.427356e-01;5.631596e-02;1.682497e-01;1.353307e-01;1.467866e-01;6.084773e-02;6.027349e-02;5.769045e-02;1.450119e-02;6.085385e-02
8.964357e-02;5.394276e-03;1.358500e-01;3.392320e-02;2.293905e-01;1.318714e-01;1.819747e-01;3.655839e-02;6.220078e-02;2.732720e-02;9.055939e-03;5.681010e-02
7.202292e-02;4.644521e-03;1.014020e-01;3.043157e-02;2.752559e-01;1.524449e-01;1.810379e-01;3.704450e-02;5.795068e-02;1.352786e-02;6.521828e-03;6.771536e-02
3.968312e-02;6.135034e-03;1.070411e-01;2.860492e-02;3.110834e-01;1.640749e-01;1.358268e-01;2.798776e-02;7.139920e-02;2.624137e-02;5.655526e-03;7.626694e-02
4.403374e-02;5.180562e-03;1.050563e-01;3.642204e-02;3.219823e-01;1.636685e-01;1.315882e-01;1.610139e-02;7.234062e-02;3.906262e-02;3.408145e-03;6.115579e-02
5.286587e-02;2.159526e-02;8.608352e-02;2.599947e-02;2.537381e-01;1.840355e-01;2.177531e-01;2.084363e-02;4.611993e-02;4.285193e-02;1.589329e-02;3.222031e-02
4.133739e-02;4.763319e-02;7.924335e-02;4.415965e-02;1.408640e-01;1.882235e-01;2.932927e-01;4.287282e-02;2.145860e-02;5.677001e-02;2.710142e-02;1.704345e-02
2.623969e-02;5.319969e-02;5.525018e-02;7.644225e-02;7.940711e-02;1.786595e-01;3.601308e-01;4.479825e-02;2.489663e-02;5.916175e-02;2.012969e-02;2.168446e-02
2.358700e-02;3.111676e-02;4.045775e-02;1.216828e-01;6.654008e-02;1.730965e-01;4.302401e-01;2.734827e-02;1.694917e-02;4.789205e-02;8.125398e-03;1.296405e-02
1.118077e-02;1.006162e-02;1.478543e-02;1.556670e-01;4.722378e-02;1.592079e-01;5.434502e-01;1.733632e-02;8.831958e-03;2.317335e-02;3.019194e-03;6.062560e-03
3.262870e-02;1.526630e-02;1.460436e-02;1.340688e-01;3.856425e-02;1.233751e-01;5.981199e-01;1.536343e-02;9.442368e-03;1.047275e-02;4.291729e-03;3.802193e-03
8.232322e-02;2.055335e-02;2.094965e-02;6.882589e-02;4.777728e-02;1.059746e-01;5.966977e-01;1.464975e-02;1.306810e-02;1.161337e-02;6.459246e-03;1.110786e-02
9.933626e-02;3.026228e-02;2.170503e-02;2.686382e-02;5.098106e-02;1.075660e-01;5.605506e-01;3.099320e-02;1.562784e-02;2.433649e-02;1.076793e-02;2.100937e-02
5.972053e-02;2.652156e-02;4.019764e-02;2.937153e-02;6.796490e-02;1.352484e-01;5.035229e-01;3.764418e-02;1.885634e-02;4.147241e-02;2.002094e-02;1.945869e-02
2.778442e-02;1.497253e-02;4.008058e-02;2.792199e-02;7.058728e-02;1.371997e-01;5.761445e-01;3.721638e-02;1.426724e-02;3.158535e-02;1.433833e-02;7.901680e-03
1.944973e-02;1.705952e-02;1.077817e-02;1.797961e-02;5.631556e-02;1.298821e-01;6.914445e-01;2.509871e-02;7.093841e-03;1.731126e-02;5.636524e-03;1.950464e-03
1.170956e-02;2.134294e-02;1.015164e-02;1.087070e-02;5.101055e-02;1.180312e-01;7.304634e-01;1.980665e-02;6.383124e-03;1.266633e-02;4.158508e-03;3.405318e-03
6.835309e-03;3.433808e-02;8.941446e-03;7.777759e-03;5.018485e-02;1.023186e-01;7.293172e-01;2.153394e-02;1.373873e-02;8.345446e-03;1.270801e-02;3.960692e-03
1.461163e-02;5.605490e-02;1.379361e-02;9.612026e-03;4.229251e-02;7.877669e-02;6.771028e-01;3.505709e-02;2.134104e-02;1.126439e-02;3.452338e-02;5.569983e-03
1.990224e-02;7.377953e-02;1.643295e-02;1.097885e-02;2.649134e-02;5.429542e-02;6.417631e-01;4.916965e-02;2.026439e-02;1.991165e-02;6.340262e-02;3.608265e-03
2.857098e-02;6.975187e-02;2.028401e-02;9.960465e-03;4.015308e-02;6.406442e-02;5.900407e-01;5.354949e-02;1.537431e-02;3.397798e-02;6.856382e-02;5.708786e-03
4.556304e-02;4.106487e-02;2.422638e-02;1.589759e-02;8.125819e-02;1.115909e-01;5.237834e-01;3.837143e-02;1.638694e-02;5.433183e-02;3.342042e-02;1.410506e-02
4.259116e-02;1.571305e-02;7.031874e-02;2.519659e-02;1.193183e-01;1.120927e-01;4.582968e-01;3.415116e-02;3.378989e-02;4.370216e-02;1.268276e-02;3.214673e-02
3.116103e-02;2.163343e-02;1.230365e-01;4.526100e-02;1.261526e-01;4.381093e-02;4.496108e-01;3.320803e-02;3.988031e-02;2.224524e-02;2.117207e-02;4.282808e-02
1.952714e-02;2.053528e-02;1.643613e-01;5.856882e-02;1.297963e-01;5.882161e-02;4.206061e-01;3.200631e-02;1.967400e-02;1.746344e-02;3.020443e-02;2.843527e-02
1.121450e-02;2.318674e-02;1.711225e-01;5.833671e-02;1.362335e-01;6.020172e-02;3.948632e-01;4.323376e-02;3.367816e-02;1.681542e-02;2.691302e-02;2.420084e-02
4.056165e-02;2.218544e-02;1.405458e-01;4.425845e-02;1.166857e-01;6.064398e-02;3.914303e-01;2.966915e-02;6.062876e-02;3.437476e-02;1.433068e-02;4.468539e-02
7.732922e-02;6.116712e-02;6.786860e-02;2.772151e-02;7.432882e-02;9.042741e-02;4.158485e-01;2.741705e-02;4.569540e-02;6.147892e-02;1.448990e-02;3.622756e-02
5.684143e-02;1.511069e-01;4.871098e-02;2.170956e-02;3.296602e-02;6.371221e-02;4.601733e-01;2.400878e-02;4.195070e-02;5.120668e-02;3.269682e-02;1.491665e-02
2.404581e-02;1.698595e-01;7.227545e-02;1.236227e-02;4.315572e-02;4.522279e-02;4.920954e-01;2.092247e-02;5.647574e-02;1.869501e-02;3.764346e-02;7.246385e-03
1.146636e-02;1.144478e-01;8.314162e-02;1.023367e-02;6.962842e-02;5.071650e-02;5.364081e-01;2.336944e-02;6.426890e-02;6.029625e-03;2.617648e-02;4.113023e-03
5.218509e-03;6.331954e-02;5.251352e-02;1.177773e-02;1.098876e-01;7.885861e-02;5.840625e-01;1.988421e-02;5.584351e-02;4.324637e-03;1.195039e-02;2.359313e-03
1.084441e-02;3.035317e-02;1.632479e-02;7.930866e-03;1.103693e-01;1.316283e-01;6.247301e-01;1.784636e-02;3.537849e-02;6.618205e-03;5.284919e-03;2.691170e-03
1.759375e-02;1.637961e-02;2.180753e-02;1.317406e-02;8.913817e-02;1.551012e-01;6.287421e-01;1.761960e-02;1.948223e-02;1.406448e-02;4.272684e-03;2.624631e-03
1.916827e-02;1.412760e-02;1.366002e-02;1.604044e-02;7.960621e-02;1.553182e-01;6.476247e-01;1.519551e-02;1.553015e-02;1.636731e-02;4.430118e-03;2.931443e-03
2.478654e-02;1.189953e-02;5.271255e-03;1.742676e-02;8.564280e-02;1.685633e-01;6.390924e-01;1.183438e-02;1.213749e-02;1.846694e-02;2.496599e-03;2.382005e-03
3.131329e-02;1.090552e-02;5.594112e-02;1.902363e-02;1.130659e-01;1.660750e-01;5.573013e-01;1.463780e-02;7.464913e-03;1.656016e-02;4.485643e-03;3.225639e-03
2.651396e-02;1.338088e-02;1.697053e-01;2.867155e-02;1.233971e-01;1.318869e-01;4.517099e-01;1.437082e-02;1.351218e-02;1.493175e-02;7.341064e-03;4.578522e-03
2.515681e-02;1.375393e-02;3.104065e-01;4.596904e-02;9.126626e-02;7.047731e-02;3.657022e-01;1.518472e-02;2.606587e-02;1.475096e-02;1.137162e-02;9.894804e-03
4.408866e-02;2.036196e-02;2.911143e-01;4.250677e-02;7.926026e-02;5.766581e-02;2.988264e-01;3.189316e-02;4.754188e-02;2.984472e-02;2.278113e-02;3.411496e-02
7.689784e-02;2.888698e-02;1.186378e-01;4.351245e-02;1.011010e-01;5.675561e-02;1.781057e-01;6.862295e-02;1.131107e-01;7.157197e-02;6.163692e-02;8.116012e-02
7.171329e-02;3.296063e-02;8.111668e-02;5.094621e-02;1.052681e-01;4.632900e-02;2.022441e-01;7.406811e-02;1.133524e-01;8.493464e-02;5.368100e-02;8.338578e-02
4.458551e-02;2.742504e-02;3.847397e-02;8.077414e-02;8.448920e-02;7.926284e-02;4.063711e-01;5.996315e-02;6.279137e-02;5.621707e-02;2.078434e-02;3.886225e-02
2.802247e-02;1.420634e-02;2.687459e-02;1.292370e-01;6.511170e-02;1.122050e-01;4.858062e-01;5.014161e-02;3.468476e-02;3.271389e-02;9.380926e-03;1.161551e-02
2.532038e-02;7.986548e-03;2.919145e-02;1.566008e-01;6.164197e-02;1.095200e-01;5.276225e-01;3.121277e-02;1.616001e-02;2.503699e-02;3.630770e-03;6.075936e-03
1.589257e-02;1.917556e-02;3.714956e-02;1.222304e-01;5.930968e-02;1.042780e-01;5.900472e-01;1.925565e-02;1.153274e-02;1.492849e-02;3.562968e-03;2.637144e-03
4.960277e-02;2.363984e-02;2.860581e-02;6.257921e-02;5.991803e-02;1.073253e-01;6.170563e-01;1.671280e-02;1.164086e-02;1.624548e-02;3.827491e-03;2.846104e-03
1.465892e-01;2.235105e-02;2.276346e-02;3.673625e-02;6.566068e-02;1.139232e-01;5.151865e-01;1.739530e-02;1.021578e-02;4.154783e-02;4.809684e-03;2.821072e-03
2.617130e-01;2.873547e-02;2.169995e-02;1.899511e-02;6.896181e-02;1.270715e-01;3.703345e-01;3.316154e-02;6.844450e-03;5.465931e-02;4.285659e-03;3.537741e-03
3.300544e-01;2.188996e-02;3.285453e-02;1.132150e-02;7.572339e-02;1.407135e-01;2.632067e-01;5.171280e-02;6.680026e-03;5.019634e-02;6.076783e-03;9.570107e-03
4.058405e-01;1.577337e-02;3.837185e-02;1.107662e-02;8.499052e-02;1.563317e-01;1.321392e-01;7.001116e-02;8.711903e-03;5.413122e-02;9.173952e-03;1.344802e-02
3.895947e-01;1.282939e-02;2.890445e-02;8.850722e-03;7.744166e-02;1.464220e-01;1.693495e-01;6.615160e-02;1.217956e-02;6.952519e-02;6.492572e-03;1.225861e-02
3.240239e-01;1.475140e-02;2.586352e-02;1.037690e-02;6.441800e-02;1.306256e-01;2.781382e-01;5.309797e-02;7.364640e-03;7.626694e-02;7.383571e-03;7.689467e-03
2.883169e-01;2.339789e-02;1.460469e-02;1.199804e-02;6.310786e-02;1.307392e-01;3.279624e-01;4.471366e-02;4.808270e-03;7.879814e-02;5.205168e-03;6.347720e-03
2.694027e-01;2.663540e-02;2.016770e-02;2.339413e-02;6.900734e-02;1.555059e-01;3.040557e-01;4.418740e-02;8.462559e-03;6.610446e-02;5.144142e-03;7.932663e-03
2.626532e-01;1.457492e-02;3.970893e-02;3.325835e-02;9.411334e-02;1.803272e-01;2.480835e-01;4.936262e-02;1.227046e-02;4.986861e-02;5.631498e-03;1.014734e-02
2.372546e-01;1.498992e-02;6.479420e-02;3.487931e-02;1.508098e-01;2.007286e-01;1.772583e-01;4.521289e-02;1.542877e-02;3.974342e-02;7.909641e-03;1.099049e-02
1.613657e-01;1.446263e-02;1.126130e-01;3.550816e-02;2.313551e-01;2.118990e-01;1.219519e-01;3.018780e-02;1.930485e-02;4.423155e-02;9.962567e-03;7.157859e-03
8.893418e-02;1.137221e-02;8.382017e-02;2.498439e-02;2.467429e-01;2.141954e-01;2.538736e-01;2.009892e-02;1.216269e-02;3.070588e-02;5.346755e-03;7.762832e-03
5.925332e-02;7.639507e-03;3.877266e-02;3.089148e-02;2.873113e-01;2.238443e-01;2.724926e-01;2.210576e-02;1.299765e-02;1.995081e-02;1.173608e-02;1.300462e-02
3.978164e-02;2.060441e-02;1.299668e-01;6.879525e-02;2.612267e-01;1.578728e-01;1.659136e-01;3.494370e-02;3.027939e-02;3.027983e-02;2.440878e-02;3.592710e-02
3.100930e-02;4.791402e-02;1.576974e-01;7.388949e-02;1.459544e-01;1.070046e-01;2.324416e-01;6.290467e-02;3.955685e-02;4.053378e-02;2.267306e-02;3.842081e-02
5.658918e-02;8.906447e-02;1.053579e-01;5.284957e-02;4.417512e-02;5.088773e-02;4.343379e-01;6.433220e-02;2.501306e-02;3.041200e-02;2.653012e-02;2.045079e-02
8.267310e-02;1.075015e-01;4.396993e-02;2.324766e-02;2.894536e-02;2.425790e-02;4.792078e-01;6.800572e-02;2.297136e-02;3.380843e-02;7.120802e-02;1.420313e-02
6.534515e-02;7.442740e-02;4.838071e-02;7.535243e-03;2.727062e-02;1.738208e-02;4.385913e-01;1.058364e-01;2.607101e-02;4.711326e-02;1.225119e-01;1.953488e-02
2.977300e-02;2.754325e-02;6.119676e-02;3.503636e-03;1.686474e-02;2.110690e-02;4.655857e-01;1.693814e-01;2.810263e-02;4.757626e-02;1.109869e-01;1.837892e-02
1.315635e-02;2.406295e-02;5.640602e-02;3.108734e-03;1.821059e-02;4.899743e-02;5.611498e-01;1.890578e-01;1.600378e-02;2.237199e-02;3.833296e-02;9.141580e-03
1.214427e-02;7.316220e-02;4.998884e-02;3.921086e-03;2.454781e-02;5.364782e-02;5.662295e-01;1.609344e-01;1.432912e-02;1.181613e-02;2.429843e-02;4.980461e-03
1.542493e-02;1.408194e-01;4.082820e-02;3.827566e-03;2.371115e-02;3.386055e-02;5.571467e-01;1.338578e-01;9.540316e-03;1.049266e-02;2.830653e-02;2.184164e-03
2.450398e-02;1.733862e-01;2.664063e-02;4.085266e-03;2.831127e-02;4.257169e-02;5.737628e-01;8.715828e-02;1.102855e-02;7.228795e-03;1.901728e-02;2.305253e-03
5.404194e-02;1.538347e-01;3.055837e-02;1.133201e-02;5.138380e-02;8.683220e-02;5.241303e-01;4.837969e-02;9.484864e-03;1.140986e-02;1.275131e-02;5.861023e-03
7.357872e-02;7.506928e-02;1.159605e-01;2.958030e-02;8.923107e-02;1.131569e-01;4.090418e-01;2.956131e-02;1.083390e-02;2.154376e-02;1.463930e-02;1.780307e-02
6.572574e-02;4.149219e-02;2.529581e-01;4.558559e-02;7.835880e-02;8.223921e-02;3.045414e-01;2.995639e-02;2.195337e-02;2.646165e-02;2.696279e-02;2.376478e-02
5.493925e-02;7.358228e-02;3.523998e-01;4.022991e-02;2.675304e-02;4.269858e-02;2.868643e-01;2.929082e-02;2.644541e-02;2.250721e-02;2.585028e-02;1.843905e-02
4.371870e-02;7.766443e-02;2.991015e-01;1.846811e-02;3.164956e-02;3.835275e-02;3.738992e-01;4.457904e-02;2.303726e-02;1.638307e-02;1.764363e-02;1.550287e-02
3.826738e-02;5.690383e-02;2.379372e-01;1.636008e-02;2.472522e-02;3.863438e-02;4.643634e-01;6.142635e-02;1.930922e-02;1.340553e-02;1.433143e-02;1.433598e-02
2.992497e-02;3.778728e-02;2.097828e-01;2.048933e-02;2.883727e-02;4.246609e-02;5.002374e-01;6.579237e-02;1.538604e-02;1.476921e-02;2.011055e-02;1.441669e-02
3.058338e-02;5.625248e-02;1.442462e-01;2.445855e-02;4.255976e-02;1.525236e-02;5.488524e-01;7.145224e-02;2.001736e-02;1.795392e-02;1.262561e-02;1.574567e-02
3.068926e-02;8.132806e-02;8.541912e-02;1.793732e-02;6.437569e-02;5.657317e-02;5.476340e-01;5.005278e-02;2.226831e-02;1.628160e-02;1.456859e-02;1.287214e-02
5.645819e-02;9.904867e-02;9.955838e-02;1.575212e-02;6.370908e-02;8.133722e-02;4.742993e-01;4.453309e-02;1.193563e-02;2.151607e-02;1.568954e-02;1.616269e-02
5.647593e-02;1.248010e-01;1.286977e-01;1.713515e-02;5.839261e-02;7.374445e-02;4.032262e-01;5.981087e-02;1.593430e-02;2.378365e-02;1.824414e-02;1.975395e-02
6.017074e-02;1.246727e-01;2.003689e-01;3.406216e-02;3.577761e-02;3.567144e-02;3.463545e-01;7.330764e-02;2.798862e-02;2.538859e-02;1.587613e-02;2.036094e-02
6.112879e-02;7.818391e-02;9.981275e-02;4.389431e-02;5.936375e-02;6.374981e-02;1.729744e-01;9.683371e-02;8.907554e-02;1.252660e-01;5.542540e-02;5.429161e-02
6.604058e-02;5.314234e-02;8.407988e-02;4.899542e-02;4.880233e-02;7.796187e-02;1.684024e-01;8.793911e-02;8.898150e-02;1.450519e-01;7.160576e-02;5.899691e-02
5.795083e-02;5.723750e-02;7.797509e-02;4.201690e-02;5.091016e-02;7.033923e-02;3.354770e-01;6.140517e-02;4.931151e-02;1.019385e-01;5.391974e-02;4.151838e-02
3.312393e-02;6.487249e-02;6.046643e-02;2.826350e-02;5.004977e-02;6.177289e-02;5.144094e-01;4.647209e-02;2.828001e-02;5.585830e-02;3.467103e-02;2.176018e-02
1.038160e-02;8.019831e-02;2.375677e-02;1.186983e-02;3.783804e-02;5.656423e-02;6.595712e-01;4.006393e-02;1.789913e-02;2.960180e-02;2.324832e-02;9.006850e-03
8.799424e-03;1.077067e-01;1.155573e-02;3.340851e-03;3.155509e-02;4.870388e-02;7.091576e-01;3.240251e-02;1.095012e-02;1.496466e-02;1.770134e-02;3.162040e-03
1.132983e-02;1.403083e-01;2.902366e-02;7.173772e-03;2.417957e-02;4.013651e-02;6.665901e-01;4.178412e-02;1.076794e-02;1.182527e-02;1.234582e-02;4.535102e-03
1.402290e-02;1.471945e-01;7.300773e-02;1.411930e-02;2.262908e-02;3.194169e-02;5.625573e-01;7.500625e-02;2.434917e-02;1.630416e-02;1.314731e-02;5.720619e-03
3.865744e-02;1.223814e-01;1.262894e-01;3.060569e-02;3.605151e-02;3.000518e-02;3.107421e-01;1.131927e-01;5.416104e-02;7.774591e-02;3.958230e-02;2.058526e-02
1.790282e-01;8.899897e-02;5.666432e-02;2.269949e-02;2.750085e-02;1.800299e-02;1.638358e-01;7.573434e-02;5.717910e-02;1.265559e-01;1.017419e-01;8.205803e-02
3.757562e-01;8.993310e-02;1.811619e-02;9.298866e-03;1.231613e-02;1.245276e-02;1.615521e-01;2.731357e-02;1.813138e-02;7.225458e-02;7.438952e-02;1.284856e-01
5.740662e-01;1.157738e-01;1.171818e-02;4.841622e-03;5.736494e-03;8.361901e-03;9.783333e-02;1.335407e-02;6.723913e-03;2.622205e-02;1.882249e-02;1.165461e-01
6.358038e-01;1.716648e-01;1.356786e-02;2.265350e-03;5.022028e-03;5.012885e-03;6.133393e-02;1.297342e-02;2.961660e-03;1.043727e-02;4.826110e-03;7.413080e-02
5.626025e-01;2.524528e-01;4.118713e-02;7.000832e-03;4.813733e-03;4.589456e-03;4.634393e-02;1.138114e-02;5.055418e-03;9.008914e-03;4.906699e-03;5.065749e-02
