1.135460e-01;5.271229e-02;1.904092e-01;4.170302e-02;6.554104e-02;7.346515e-02;1.486332e-01;6.032176e-02;9.892660e-02;8.132095e-02;4.361932e-02;2.980149e-02
8.436701e-02;5.389811e-02;2.286702e-01;3.899232e-02;6.072498e-02;7.497055e-02;6.109229e-02;3.231889e-02;1.326790e-01;8.092366e-02;8.424518e-02;6.711788e-02
7.808863e-02;5.523494e-02;3.810773e-01;6.548540e-02;7.488984e-02;5.943760e-02;1.485464e-01;1.462586e-02;4.106637e-02;3.079774e-02;3.031300e-02;2.043687e-02
1.032438e-01;8.422413e-02;3.577031e-01;5.083422e-02;7.273245e-02;5.238909e-02;1.587808e-01;1.538711e-02;3.111160e-02;2.820873e-02;2.432616e-02;2.105868e-02
1.228681e-01;9.928713e-02;3.183498e-01;4.264517e-02;6.274580e-02;4.605620e-02;1.864765e-01;2.459724e-02;2.819306e-02;2.689173e-02;2.063584e-02;2.125334e-02
1.294450e-01;8.000898e-02;2.374345e-01;5.499660e-02;5.781977e-02;5.938165e-02;2.461373e-01;3.458306e-02;2.439824e-02;1.925942e-02;2.624898e-02;3.028651e-02
1.278131e-01;5.025079e-02;1.722530e-01;5.135307e-02;4.836875e-02;7.057838e-02;2.845112e-01;4.377269e-02;2.357163e-02;2.900064e-02;4.828477e-02;5.024198e-02
2.187427e-01;4.173480e-02;1.089093e-01;4.141923e-02;3.520004e-02;6.062923e-02;2.352809e-01;5.229360e-02;3.432796e-02;3.493281e-02;5.559998e-02;8.092945e-02
3.250698e-01;3.918274e-02;8.781721e-02;2.507961e-02;3.627435e-02;4.605914e-02;1.628025e-01;5.701698e-02;3.865279e-02;3.416010e-02;5.477319e-02;9.311154e-02
3.340602e-01;1.319847e-01;1.868594e-01;1.448549e-02;2.588859e-02;2.239651e-02;8.737648e-02;4.418809e-02;3.867106e-02;2.087569e-02;3.733504e-02;5.587874e-02
2.154880e-01;1.781203e-01;3.354957e-01;2.011142e-02;2.287013e-02;2.462144e-02;6.087614e-02;2.401995e-02;4.317885e-02;2.454133e-02;1.928768e-02;3.138902e-02
6.953187e-02;1.230545e-01;5.407784e-01;3.057717e-02;4.044485e-02;1.911741e-02;5.879305e-02;1.674038e-02;3.110820e-02;4.322304e-02;6.086530e-03;2.054462e-02
2.588333e-02;4.342855e-02;6.581231e-01;4.536127e-02;5.852235e-02;8.605473e-03;6.465220e-02;8.869094e-03;1.765619e-02;5.255691e-02;8.053052e-03;8.288591e-03
3.306808e-02;2.267594e-02;6.727457e-01;5.670959e-02;5.455557e-02;9.042348e-03;7.698533e-02;7.011668e-03;1.369597e-02;3.830964e-02;5.373470e-03;9.826704e-03
3.956680e-02;2.196304e-02;6.792719e-01;6.810760e-02;4.329341e-02;9.098683e-03;7.605735e-02;8.974101e-03;1.224240e-02;2.381889e-02;1.125411e-02;6.351782e-03
3.084348e-02;2.553426e-02;6.325310e-01;6.434745e-02;5.236233e-02;1.343215e-02;1.015030e-01;1.666750e-02;1.069397e-02;2.767446e-02;1.614612e-02;8.264197e-03
4.392432e-02;3.249007e-02;4.928954e-01;8.221525e-02;8.742248e-02;3.784160e-02;1.067674e-01;2.317061e-02;1.646058e-02;2.847425e-02;3.472724e-02;1.361088e-02
4.349319e-02;2.397897e-02;4.538335e-01;1.344870e-01;1.124915e-01;4.322657e-02;6.595849e-02;2.439812e-02;1.538875e-02;2.310137e-02;5.017330e-02;9.469294e-03
2.223947e-02;1.026515e-02;5.354153e-01;1.558283e-01;1.041632e-01;3.025515e-02;3.182071e-02;1.570459e-02;1.276674e-02;2.493065e-02;4.822199e-02;8.388695e-03
1.596288e-02;2.691370e-02;6.321142e-01;1.138263e-01;6.351494e-02;1.912443e-02;2.968229e-02;8.156652e-03;7.375508e-03;3.426334e-02;3.876911e-02;1.029672e-02
3.637559e-02;5.523971e-02;6.028548e-01;6.104778e-02;4.048657e-02;1.732174e-02;4.182233e-02;8.166861e-03;3.097503e-02;6.185307e-02;2.547046e-02;1.838598e-02
3.313738e-02;7.099074e-02;5.290561e-01;3.236482e-02;3.054118e-02;3.005809e-02;5.779878e-02;9.935263e-03;1.029074e-01;5.920460e-02;1.840715e-02;2.559857e-02
2.433515e-02;7.060218e-02;5.364494e-01;3.440341e-02;2.605935e-02;3.439354e-02;3.871193e-02;1.283711e-02;1.644563e-01;1.967807e-02;1.739415e-02;2.067933e-02
6.831276e-02;6.813858e-02;5.531754e-01;3.736494e-02;1.974734e-02;2.133183e-02;1.137712e-02;1.873892e-02;1.495659e-01;1.464187e-02;2.459287e-02;1.301241e-02
1.141409e-01;1.182276e-01;4.799589e-01;3.638617e-02;2.377173e-02;1.535977e-02;1.250789e-02;2.003624e-02;1.191111e-01;1.420089e-02;3.321236e-02;1.308641e-02
1.310945e-01;1.806522e-01;3.995236e-01;3.208440e-02;2.078233e-02;1.294877e-02;1.304728e-02;1.744612e-02;1.216139e-01;2.512343e-02;3.258369e-02;1.309979e-02
1.110331e-01;1.940607e-01;3.907123e-01;3.732353e-02;2.110193e-02;1.727892e-02;2.703700e-02;2.458107e-02;1.191962e-01;1.808549e-02;2.210299e-02;1.748674e-02
5.529981e-02;1.134720e-01;4.481403e-01;5.211085e-02;3.680874e-02;2.953576e-02;5.228624e-02;3.265321e-02;8.327410e-02;4.505714e-02;2.611371e-02;2.524819e-02
5.421380e-02;7.502300e-02;5.005074e-01;4.969764e-02;3.770111e-02;2.322157e-02;4.297420e-02;3.274136e-02;5.440161e-02;7.237426e-02;3.438526e-02;2.275887e-02
6.300852e-02;5.956230e-02;5.360935e-01;6.836735e-02;3.180140e-02;1.323420e-02;3.122472e-02;1.970035e-02;4.894998e-02;7.463802e-02;3.639695e-02;1.702263e-02
4.248067e-02;4.467801e-02;5.425209e-01;1.160089e-01;3.553020e-02;2.728847e-02;2.409747e-02;1.047282e-02;3.751252e-02;5.869675e-02;5.227254e-02;8.440753e-03
2.111545e-02;2.586725e-02;4.478292e-01;1.768226e-01;5.946402e-02;5.587533e-02;1.665295e-02;1.240509e-02;2.249713e-02;4.200628e-02;1.119613e-01;7.503347e-03
2.101966e-02;2.921854e-02;3.533157e-01;2.201836e-01;8.619329e-02;5.836346e-02;2.555722e-02;1.514744e-02;1.030987e-02;3.066772e-02;1.348462e-01;1.517731e-02
4.098267e-02;4.066825e-02;4.275153e-01;1.634565e-01;7.292853e-02;3.697293e-02;5.540960e-02;1.273847e-02;1.105136e-02;2.679698e-02;8.543314e-02;2.604616e-02
5.127003e-02;4.812620e-02;5.337316e-01;8.945401e-02;4.934040e-02;1.826375e-02;6.005695e-02;1.725368e-02;1.906335e-02;4.439958e-02;4.232294e-02;2.671750e-02
6.221956e-02;5.983528e-02;5.062975e-01;5.182201e-02;5.455569e-02;3.188675e-02;5.979613e-02;2.671641e-02;2.386543e-02;4.897944e-02;4.316200e-02;3.086379e-02
5.072075e-02;5.044423e-02;3.677677e-01;7.044859e-02;5.913903e-02;6.026237e-02;9.378752e-02;3.871802e-02;4.203539e-02;5.090275e-02;7.675964e-02;3.901409e-02
4.616409e-02;4.680074e-02;2.332374e-01;9.124298e-02;5.166259e-02;6.777705e-02;1.316401e-01;5.455763e-02;4.956424e-02;6.250206e-02;1.053485e-01;5.950263e-02
7.583293e-02;6.236004e-02;1.990109e-01;8.751348e-02;6.122791e-02;6.691837e-02;1.175857e-01;6.315505e-02;3.991092e-02;5.208232e-02;1.165373e-01;5.786505e-02
1.144029e-01;4.702291e-02;1.519020e-01;1.046400e-01;8.888854e-02;6.597051e-02;8.648708e-02;8.719064e-02;5.285172e-02;3.208621e-02;1.428502e-01;2.570727e-02
1.311775e-01;4.852458e-02;1.256064e-01;1.149798e-01;1.032736e-01;6.597450e-02;9.088443e-02;1.006212e-01;4.985956e-02;3.517911e-02;1.050562e-01;2.886319e-02
1.017599e-01;5.825707e-02;1.680773e-01;9.532385e-02;8.419662e-02;5.779579e-02;1.013535e-01;9.119403e-02;6.888034e-02;6.123261e-02;5.046279e-02;6.146618e-02
5.022713e-02;5.756484e-02;2.774930e-01;7.126555e-02;9.227920e-02;3.763510e-02;8.844683e-02;6.686651e-02;5.954964e-02;5.764205e-02;5.121295e-02;8.981726e-02
6.259356e-02;6.185859e-02;4.482058e-01;5.722691e-02;7.811766e-02;3.322680e-02;6.412221e-02;3.679494e-02;3.258887e-02;2.650110e-02;5.187089e-02;4.689271e-02
8.525605e-02;8.511505e-02;4.727826e-01;4.345443e-02;4.236662e-02;2.708832e-02;6.387311e-02;2.306304e-02;3.402099e-02;3.240496e-02;4.877240e-02;4.180248e-02
1.622006e-01;1.063552e-01;4.078545e-01;2.645534e-02;2.340574e-02;1.936552e-02;5.817468e-02;1.815742e-02;2.925612e-02;3.743278e-02;5.735662e-02;5.398541e-02
2.087037e-01;7.688928e-02;2.663125e-01;3.038150e-02;2.565925e-02;1.568251e-02;6.054572e-02;1.735299e-02;1.895427e-02;5.829488e-02;1.127839e-01;1.084395e-01
1.572955e-01;6.503205e-02;1.071308e-01;2.695838e-02;3.107874e-02;2.368620e-02;8.480425e-02;1.226723e-02;3.764156e-02;1.156721e-01;1.895406e-01;1.488927e-01
1.057056e-01;5.110721e-02;1.389807e-01;4.319220e-02;6.164385e-02;5.415227e-02;1.034150e-01;4.262276e-02;5.654971e-02;1.252602e-01;1.429541e-01;7.441643e-02
1.470386e-01;7.095183e-02;1.780219e-01;4.397388e-02;5.743435e-02;5.202956e-02;1.233326e-01;5.321194e-02;5.151183e-02;8.891383e-02;7.297845e-02;6.060127e-02
2.385599e-01;1.053111e-01;2.051624e-01;3.223262e-02;4.314254e-02;3.122901e-02;8.488295e-02;6.206037e-02;4.088359e-02;5.441392e-02;4.196580e-02;6.015584e-02
3.732544e-01;1.257010e-01;1.649372e-01;1.907308e-02;4.489904e-02;1.783477e-02;3.872107e-02;7.171810e-02;3.607699e-02;2.930971e-02;2.313945e-02;5.533538e-02
4.246362e-01;9.707620e-02;8.761966e-02;3.825182e-02;3.361887e-02;2.911547e-02;4.633794e-02;5.944133e-02;4.126529e-02;3.268536e-02;2.348207e-02;8.646982e-02
3.904848e-01;7.524700e-02;5.885173e-02;5.075761e-02;2.317617e-02;3.833023e-02;6.946902e-02;4.215835e-02;4.223868e-02;5.141286e-02;4.417596e-02;1.136976e-01
3.352883e-01;7.717992e-02;9.320603e-02;4.326657e-02;2.530133e-02;3.054464e-02;7.767443e-02;4.860407e-02;4.788100e-02;6.397868e-02;4.707336e-02;1.100017e-01
2.720960e-01;4.831989e-02;1.242804e-01;4.359639e-02;3.406575e-02;2.905779e-02;1.052608e-01;8.518005e-02;5.481956e-02;6.079224e-02;4.123003e-02;1.013010e-01
1.324758e-01;3.332663e-02;1.602217e-01;4.470004e-02;3.882121e-02;3.388643e-02;1.223110e-01;1.080681e-01;6.020318e-02;5.621123e-02;6.745514e-02;1.423196e-01
2.642035e-01;8.760662e-02;1.198635e-01;2.441716e-02;2.206676e-02;1.831051e-02;1.196960e-01;5.900439e-02;3.887743e-02;4.200681e-02;5.755039e-02;1.463970e-01
4.413844e-01;1.160984e-01;6.873617e-02;1.530845e-02;1.890860e-02;1.383805e-02;8.437711e-02;2.498954e-02;2.352214e-02;2.530244e-02;4.050745e-02;1.270272e-01
5.118596e-01;1.114154e-01;5.836922e-02;2.059049e-02;2.034102e-02;1.554173e-02;6.398302e-02;1.262046e-02;2.502553e-02;2.292431e-02;3.340235e-02;1.039269e-01
5.351594e-01;9.829087e-02;6.142645e-02;2.881933e-02;1.881614e-02;2.133020e-02;4.979672e-02;2.485987e-02;3.173839e-02;2.303036e-02;3.421362e-02;7.251863e-02
5.043570e-01;3.747388e-02;1.051487e-01;2.754825e-02;2.110134e-02;3.103719e-02;3.958989e-02;3.916944e-02;3.178768e-02;2.812979e-02;4.700550e-02;8.765136e-02
4.836235e-01;7.473431e-02;9.108951e-02;1.679148e-02;1.940614e-02;2.735108e-02;3.963893e-02;3.741878e-02;2.266206e-02;2.456118e-02;4.709225e-02;1.156308e-01
5.134363e-01;1.114860e-01;5.722185e-02;1.119116e-02;1.878414e-02;2.527224e-02;2.948305e-02;2.261287e-02;1.957892e-02;2.714725e-02;4.950353e-02;1.142827e-01
2.438741e-01;1.357204e-01;7.471712e-02;3.246187e-02;5.758093e-02;5.944780e-02;5.975131e-02;3.781312e-02;4.760152e-02;5.586582e-02;9.566489e-02;9.950110e-02
8.226951e-02;1.100506e-01;1.101156e-01;4.331415e-02;7.447203e-02;7.978584e-02;8.249696e-02;5.079978e-02;6.681480e-02;9.002741e-02;1.159183e-01;9.393501e-02
1.398495e-01;7.245626e-02;1.522171e-01;3.620039e-02;6.384049e-02;7.633463e-02;6.349590e-02;5.659695e-02;7.489108e-02;1.091315e-01;8.184469e-02;7.314152e-02
1.361634e-01;7.073679e-02;1.517553e-01;2.013401e-02;3.856342e-02;4.885828e-02;8.448275e-02;4.335315e-02;5.149718e-02;1.030103e-01;1.700179e-01;8.142760e-02
1.062183e-01;5.326091e-02;1.112876e-01;1.460303e-02;2.946281e-02;6.353612e-02;7.937852e-02;3.157967e-02;3.640533e-02;1.111595e-01;3.016337e-01;6.147455e-02
6.076788e-02;1.765864e-02;7.615183e-02;1.045038e-02;1.485854e-02;7.343384e-02;6.247594e-02;1.322184e-02;2.358644e-02;8.691870e-02;3.875551e-01;1.729209e-01
1.857583e-01;2.722573e-02;4.762789e-02;1.603849e-02;8.075359e-03;4.362874e-02;9.459870e-02;2.747468e-02;1.339674e-02;4.457731e-02;2.130773e-01;2.785208e-01
4.004505e-01;7.724845e-02;2.890534e-02;1.602947e-02;1.206086e-02;1.586167e-02;7.779863e-02;4.909968e-02;1.260224e-02;2.290717e-02;6.516964e-02;2.218663e-01
4.968539e-01;1.853870e-01;5.062971e-02;8.667151e-03;1.073051e-02;8.163753e-03;3.331057e-02;4.592551e-02;2.703544e-02;1.064473e-02;3.704729e-02;8.560432e-02
3.965334e-01;2.798505e-01;1.257693e-01;8.448157e-03;7.563793e-03;1.251072e-02;1.700357e-02;3.140670e-02;4.199044e-02;1.127229e-02;2.429408e-02;4.335700e-02
1.983693e-01;2.509258e-01;3.209749e-01;2.101097e-02;9.791497e-03;1.744480e-02;3.510981e-02;3.876780e-02;3.702847e-02;3.196577e-02;1.089088e-02;2.772009e-02
7.768203e-02;1.165853e-01;4.713810e-01;5.149582e-02;2.042102e-02;1.621036e-02;5.793568e-02;5.750757e-02;3.317593e-02;4.794389e-02;2.856108e-02;2.110022e-02
5.132030e-02;4.595080e-02;4.396148e-01;9.205354e-02;3.821956e-02;2.333409e-02;5.000996e-02;8.095933e-02;4.171132e-02;3.717064e-02;6.884083e-02;3.081487e-02
4.991077e-02;8.696233e-02;3.240490e-01;1.100800e-01;8.255907e-02;3.152046e-02;2.981870e-02;8.517059e-02;3.156667e-02;1.934683e-02;8.933605e-02;5.967950e-02
8.859918e-02;8.024311e-02;2.337411e-01;8.767662e-02;1.765254e-01;4.148812e-02;5.254563e-02;6.089577e-02;5.477650e-02;1.618745e-02;5.000713e-02;5.731391e-02
7.585341e-02;2.433539e-02;2.128116e-01;5.858275e-02;2.707429e-01;5.330345e-02;7.593366e-02;2.962406e-02;9.395128e-02;1.469586e-02;2.537116e-02;6.479446e-02
6.142290e-02;2.369720e-02;1.875141e-01;4.784698e-02;3.286542e-01;6.401394e-02;8.107283e-02;1.557959e-02;8.426373e-02;1.321370e-02;2.275128e-02;6.996958e-02
3.817857e-02;2.572830e-02;2.716147e-01;6.755976e-02;2.912134e-01;8.605272e-02;7.305940e-02;1.409083e-02;3.890581e-02;2.543402e-02;2.054618e-02;4.761632e-02
4.628427e-02;2.507655e-02;3.684529e-01;7.477090e-02;1.894027e-01;1.000056e-01;8.446051e-02;1.889340e-02;2.034460e-02;3.111269e-02;1.620916e-02;2.498683e-02
8.643294e-02;5.029646e-02;3.460670e-01;7.885919e-02;1.425910e-01;8.808464e-02;5.885162e-02;2.595872e-02;4.118742e-02;3.154245e-02;2.500530e-02;2.512326e-02
1.209855e-01;8.699372e-02;2.127710e-01;8.366983e-02;1.288307e-01;8.695021e-02;5.883362e-02;4.251890e-02;7.002693e-02;3.584598e-02;2.581083e-02;4.676291e-02
9.497326e-02;6.250158e-02;2.773731e-01;6.161416e-02;1.044759e-01;8.499103e-02;8.546913e-02;5.586050e-02;8.176409e-02;4.875844e-02;1.856360e-02;2.365525e-02
7.696757e-02;5.948956e-02;2.615599e-01;7.900231e-02;8.824554e-02;6.933789e-02;8.950573e-02;5.428579e-02;9.900471e-02;5.270824e-02;4.298845e-02;2.690424e-02
7.774986e-02;5.277659e-02;2.445809e-01;8.481341e-02;8.954403e-02;7.753399e-02;1.212744e-01;4.468204e-02;8.285073e-02;7.246629e-02;2.537279e-02;2.635498e-02
6.449490e-02;4.043602e-02;1.864555e-01;1.247999e-01;1.112797e-01;8.802529e-02;1.291728e-01;5.668215e-02;5.793536e-02;6.177117e-02;3.841363e-02;4.053362e-02
5.440495e-02;3.616488e-02;2.941937e-01;1.978115e-01;9.532813e-02;5.860005e-02;8.295140e-02;4.139125e-02;3.828379e-02;4.521779e-02;2.232336e-02;3.332916e-02
5.639663e-02;4.767032e-02;3.096717e-01;2.061799e-01;1.021274e-01;3.153416e-02;7.865188e-02;3.491976e-02;3.198266e-02;6.320462e-02;1.785748e-02;1.980340e-02
4.208599e-02;5.561372e-02;2.622870e-01;1.006061e-01;1.768519e-01;4.918500e-02;1.388364e-01;3.301525e-02;2.933101e-02;6.203838e-02;3.670677e-02;1.344245e-02
4.450665e-02;4.220862e-02;3.471278e-01;6.092183e-02;1.149623e-01;5.865695e-02;1.685747e-01;3.128857e-02;3.079504e-02;4.550159e-02;2.905943e-02;2.639655e-02
6.595420e-02;6.002207e-02;3.952928e-01;5.349085e-02;8.408364e-02;4.666187e-02;1.310660e-01;2.966462e-02;4.153737e-02;4.319381e-02;2.357077e-02;2.546203e-02
1.065360e-01;8.639591e-02;4.204757e-01;4.654189e-02;5.430339e-02;3.444435e-02;8.523732e-02;2.514084e-02;5.575161e-02;4.500162e-02;1.801085e-02;2.216053e-02
1.403651e-01;8.472638e-02;3.285056e-01;4.634108e-02;4.867201e-02;2.813750e-02;7.279366e-02;3.579795e-02;5.515962e-02;7.855765e-02;3.937076e-02;4.157267e-02
9.175005e-02;6.692252e-02;2.108339e-01;4.410473e-02;4.727760e-02;4.219600e-02;1.124018e-01;8.985301e-02;5.417478e-02;1.103278e-01;6.911445e-02;6.104336e-02
8.173860e-02;6.030805e-02;1.509056e-01;2.627604e-02;4.356676e-02;6.387854e-02;1.294751e-01;1.344546e-01;6.303839e-02;1.016401e-01;8.216427e-02;6.255391e-02
1.226031e-01;6.281370e-02;1.217702e-01;4.941183e-02;5.796833e-02;5.162646e-02;1.233478e-01;8.420328e-02;5.778575e-02;1.209469e-01;9.087747e-02;5.664529e-02
1.112845e-01;8.492696e-02;2.633594e-01;5.800788e-02;4.938906e-02;6.739698e-02;8.277906e-02;5.363793e-02;6.510933e-02;7.112480e-02;5.208500e-02;4.089904e-02
6.686517e-02;1.071299e-01;3.849303e-01;5.521290e-02;2.684698e-02;1.051267e-01;5.480169e-02;5.650884e-02;6.675860e-02;3.484135e-02;1.913856e-02;2.183899e-02
3.444341e-02;1.240530e-01;4.767028e-01;4.252153e-02;1.496202e-02;9.802449e-02;2.614951e-02;7.776303e-02;6.140264e-02;2.856715e-02;5.432210e-03;9.978172e-03
6.880046e-02;1.219197e-01;4.414312e-01;3.167852e-02;2.018397e-02;8.661336e-02;4.764795e-02;7.738815e-02;5.116229e-02;3.057488e-02;1.160842e-02;1.099108e-02
1.268159e-01;9.760015e-02;3.512237e-01;3.173850e-02;3.595718e-02;7.299159e-02;8.242150e-02;5.092946e-02;5.233036e-02;4.319960e-02;2.455468e-02;3.023742e-02
1.468773e-01;9.303533e-02;3.075566e-01;4.847864e-02;4.306685e-02;3.918777e-02;8.476742e-02;4.775841e-02;5.482703e-02;4.920006e-02;3.746193e-02;4.778265e-02
7.988079e-02;1.095614e-01;3.736278e-01;6.914753e-02;4.684069e-02;4.840477e-02;6.807380e-02;5.262502e-02;3.927935e-02;3.978479e-02;3.425658e-02;3.851750e-02
5.293118e-02;1.064382e-01;4.701866e-01;5.413098e-02;3.418363e-02;3.750078e-02;6.315847e-02;4.853138e-02;4.984916e-02;4.131327e-02;2.067552e-02;2.110082e-02
7.264453e-02;6.868687e-02;4.877578e-01;3.946738e-02;2.294915e-02;1.887481e-02;7.433126e-02;6.304702e-02;6.656209e-02;3.334509e-02;2.220120e-02;3.013279e-02
7.913339e-02;7.466295e-02;4.131292e-01;5.070546e-02;4.095118e-02;2.750658e-02;7.787632e-02;8.317918e-02;4.322502e-02;4.386162e-02;2.760242e-02;3.816663e-02
8.891598e-02;1.234950e-01;2.664718e-01;8.572266e-02;6.195053e-02;4.363536e-02;6.250587e-02;4.099032e-02;5.439105e-02;5.272951e-02;6.171445e-02;5.747747e-02
4.141197e-02;1.642269e-01;1.569888e-01;9.185505e-02;8.368747e-02;6.547057e-02;6.193589e-02;4.170290e-02;5.032355e-02;7.741345e-02;8.776931e-02;7.721419e-02
4.240495e-02;1.614187e-01;1.151843e-01;8.492630e-02;8.360332e-02;6.981927e-02;6.736584e-02;5.329535e-02;4.280555e-02;8.688592e-02;9.922044e-02;9.307007e-02
9.092152e-02;1.416717e-01;1.302393e-01;6.111278e-02;7.377352e-02;6.646706e-02;6.105786e-02;5.513820e-02;3.625145e-02;8.233242e-02;9.823596e-02;1.027982e-01
1.375390e-01;1.507962e-01;1.818220e-01;4.384311e-02;5.916379e-02;5.704485e-02;7.438000e-02;5.195132e-02;4.009914e-02;5.954938e-02;6.396076e-02;7.985039e-02
1.335955e-01;1.563184e-01;1.809089e-01;3.734919e-02;6.766959e-02;4.531249e-02;7.041668e-02;5.562563e-02;6.806696e-02;6.045381e-02;4.949863e-02;7.478417e-02
1.953156e-01;1.229478e-01;1.599632e-01;3.248489e-02;8.861224e-02;2.901509e-02;4.235761e-02;7.864054e-02;7.527449e-02;4.444537e-02;8.880191e-02;4.214134e-02
2.715240e-01;8.405481e-02;1.370616e-01;2.199241e-02;1.094803e-01;1.549226e-02;3.122341e-02;1.372572e-01;5.060989e-02;2.672063e-02;8.759444e-02;2.698907e-02
3.265629e-01;5.523849e-02;1.065211e-01;1.401804e-02;1.101155e-01;8.315022e-03;3.557997e-02;2.165705e-01;2.698533e-02;1.649728e-02;5.138464e-02;3.221124e-02
3.170843e-01;4.943150e-02;7.637719e-02;1.250636e-02;7.102055e-02;1.182979e-02;7.887968e-02;2.473049e-01;3.513500e-02;2.396323e-02;3.136775e-02;4.509974e-02
2.915745e-01;4.254940e-02;5.509271e-02;1.596274e-02;3.393707e-02;2.651728e-02;1.412978e-01;2.157967e-01;3.486649e-02;6.135577e-02;1.976918e-02;6.128029e-02
2.291100e-01;4.310660e-02;4.354002e-02;3.579085e-02;2.859195e-02;4.369868e-02;1.960782e-01;1.316511e-01;4.088094e-02;9.817824e-02;2.965592e-02;7.971751e-02
1.905792e-01;5.017854e-02;4.587555e-02;4.981842e-02;2.903377e-02;5.167900e-02;2.324711e-01;5.983061e-02;5.625821e-02;1.026545e-01;5.255195e-02;7.906920e-02
1.584812e-01;5.036312e-02;6.530970e-02;3.624019e-02;4.540177e-02;4.392188e-02;2.263329e-01;1.160357e-01;4.334347e-02;6.748254e-02;9.538572e-02;5.170177e-02
9.066892e-02;3.417144e-02;6.733982e-02;1.568322e-02;4.925189e-02;3.651611e-02;1.628878e-01;1.443591e-01;5.370025e-02;7.607280e-02;1.392618e-01;1.300870e-01
7.281088e-02;1.951062e-02;8.424871e-02;1.480774e-02;4.783113e-02;4.306765e-02;1.732037e-01;1.227828e-01;7.830923e-02;7.042004e-02;1.682357e-01;1.047718e-01
1.087690e-01;2.836430e-02;1.175826e-01;1.604760e-02;4.338024e-02;5.945965e-02;1.011319e-01;7.141255e-02;7.814460e-02;7.707223e-02;1.916943e-01;1.069411e-01
8.504245e-02;3.993019e-02;1.202645e-01;1.167544e-02;6.667860e-02;8.963903e-02;3.629069e-02;3.552347e-02;8.886176e-02;1.051446e-01;2.328404e-01;8.810887e-02
7.036086e-02;2.467019e-02;1.075737e-01;1.964970e-02;7.873341e-02;1.033277e-01;4.412539e-02;3.002531e-02;8.628150e-02;1.380197e-01;2.308045e-01;6.642804e-02
8.119866e-02;3.133983e-02;7.398425e-02;1.896583e-02;5.416811e-02;1.105166e-01;6.167875e-02;5.435478e-02;7.635801e-02;1.708866e-01;2.128357e-01;5.371279e-02
6.964179e-02;4.580054e-02;8.119538e-02;2.081315e-02;3.362065e-02;8.608011e-02;9.964459e-02;7.515443e-02;6.340115e-02;1.853784e-01;2.008032e-01;3.846658e-02
5.536526e-02;5.689030e-02;4.988108e-02;2.386273e-02;3.802688e-02;4.668709e-02;1.159894e-01;9.573612e-02;5.521443e-02;2.109924e-01;2.176405e-01;3.371385e-02
2.951708e-02;7.142561e-02;3.028566e-02;2.221178e-02;3.956133e-02;4.135072e-02;1.059979e-01;1.378120e-01;3.855858e-02;2.245564e-01;2.225453e-01;3.617760e-02
2.173374e-02;6.938121e-02;2.429271e-02;2.110666e-02;5.255828e-02;3.954954e-02;6.501885e-02;1.792089e-01;5.568373e-02;2.265646e-01;2.113449e-01;3.355686e-02
1.180545e-02;4.936448e-02;2.941838e-02;2.576530e-02;6.311453e-02;5.896551e-02;6.714781e-02;2.065001e-01;5.583588e-02;2.043903e-01;2.020785e-01;2.561383e-02
1.606351e-02;3.691167e-02;2.475712e-02;5.220035e-02;9.466484e-02;8.063367e-02;7.040024e-02;1.875425e-01;4.694419e-02;1.614846e-01;1.949699e-01;3.342731e-02
2.219230e-02;5.210692e-02;4.609725e-02;8.207422e-02;9.079569e-02;9.369837e-02;7.740345e-02;1.180094e-01;2.948991e-02;1.306404e-01;2.088634e-01;4.862861e-02
2.462328e-02;6.185299e-02;6.232997e-02;7.391567e-02;5.307718e-02;1.353276e-01;4.441351e-02;5.464249e-02;2.531839e-02;1.463446e-01;2.438471e-01;7.430717e-02
2.792087e-02;2.656955e-02;8.743033e-02;3.148638e-02;2.417518e-02;1.914457e-01;3.857360e-02;5.928617e-02;3.151885e-02;1.546460e-01;2.520597e-01;7.488771e-02
3.581988e-02;7.830028e-03;1.047112e-01;1.467119e-02;2.730997e-02;2.332177e-01;7.615691e-02;7.486077e-02;3.469761e-02;1.017097e-01;2.136877e-01;7.532733e-02
9.203028e-02;1.281018e-02;7.058297e-02;4.819318e-02;4.383948e-02;2.085392e-01;1.288915e-01;5.967024e-02;4.092506e-02;4.509309e-02;1.299094e-01;1.195154e-01
2.135056e-01;2.834676e-02;5.032971e-02;9.609950e-02;3.552740e-02;1.014833e-01;1.619647e-01;5.797098e-02;2.798960e-02;2.873406e-02;5.801134e-02;1.400371e-01
3.780814e-01;7.973924e-02;6.863539e-02;8.628006e-02;1.390903e-02;2.104887e-02;1.056576e-01;7.055795e-02;2.662866e-02;2.011807e-02;2.793651e-02;1.014073e-01
4.440734e-01;1.750670e-01;8.334088e-02;3.901774e-02;1.931185e-02;6.038499e-03;4.180605e-02;5.495404e-02;5.221841e-02;1.429088e-02;1.591645e-02;5.396488e-02
3.397824e-01;2.400173e-01;2.032109e-01;1.847213e-02;1.310395e-02;9.475860e-03;1.631733e-02;1.761946e-02;5.825600e-02;3.914091e-02;1.693498e-02;2.766878e-02
1.862383e-01;1.829763e-01;3.623903e-01;4.266088e-02;1.604142e-02;8.084785e-03;1.804376e-02;1.364705e-02;3.311214e-02;7.258782e-02;4.202196e-02;2.219533e-02
7.591635e-02;6.242146e-02;4.394310e-01;9.165892e-02;3.036688e-02;1.234765e-02;1.870492e-02;9.638484e-03;4.167493e-02;6.990465e-02;1.303648e-01;1.757000e-02
3.214899e-02;3.860714e-02;2.978270e-01;1.255496e-01;5.994177e-02;1.917975e-02;2.254546e-02;2.029760e-02;3.689017e-02;5.108329e-02;2.789427e-01;1.698650e-02
4.836671e-02;4.796121e-02;2.147857e-01;1.219917e-01;7.913550e-02;2.570947e-02;1.886381e-02;1.790474e-02;1.579101e-02;3.879900e-02;3.456254e-01;2.506582e-02
7.142388e-02;5.504693e-02;2.376774e-01;1.019889e-01;8.749793e-02;2.894446e-02;2.552002e-02;2.014634e-02;1.399522e-02;2.806280e-02;3.017719e-01;2.792427e-02
8.383750e-02;3.635500e-02;2.993921e-01;8.809637e-02;9.915079e-02;3.146647e-02;4.288534e-02;2.159231e-02;7.773624e-03;2.612576e-02;2.299570e-01;3.336772e-02
7.615452e-02;3.093523e-02;3.833654e-01;5.235121e-02;1.158910e-01;3.847168e-02;6.095885e-02;1.267254e-02;1.687241e-02;2.884110e-02;1.459310e-01;3.755510e-02
8.780312e-02;3.120013e-02;3.552500e-01;6.366014e-02;1.226676e-01;4.750065e-02;7.362963e-02;1.328973e-02;1.558097e-02;4.499412e-02;1.119544e-01;3.246956e-02
1.057768e-01;6.093811e-02;2.895320e-01;9.554408e-02;1.185897e-01;4.802765e-02;7.270192e-02;2.473599e-02;1.187121e-02;4.004457e-02;1.017257e-01;3.051216e-02
1.362651e-01;5.180064e-02;3.043362e-01;1.320808e-01;1.064480e-01;3.919307e-02;3.798363e-02;2.511366e-02;3.204133e-02;2.659778e-02;8.796392e-02;2.017592e-02
1.538812e-01;4.446496e-02;2.295150e-01;1.702438e-01;9.479435e-02;2.820971e-02;3.094472e-02;1.376801e-02;6.540708e-02;6.132973e-02;7.296993e-02;3.447151e-02
1.839944e-01;9.103539e-02;2.361938e-01;1.455946e-01;7.344511e-02;1.851429e-02;3.502553e-02;1.842968e-02;3.980578e-02;5.974236e-02;6.721846e-02;3.100060e-02
2.202684e-01;1.271038e-01;2.397163e-01;8.150356e-02;7.032578e-02;3.249061e-02;5.684832e-02;3.118258e-02;3.313510e-02;2.745598e-02;3.809390e-02;4.187568e-02
1.878274e-01;1.046506e-01;2.160919e-01;6.432527e-02;6.513675e-02;2.611903e-02;6.541510e-02;3.232965e-02;7.720432e-02;5.651402e-02;6.556989e-02;3.881609e-02
1.408470e-01;9.293643e-02;1.146713e-01;1.343248e-01;8.204468e-02;3.579779e-02;7.968408e-02;4.375230e-02;5.758353e-02;3.534666e-02;1.538815e-01;2.912988e-02
8.016914e-02;5.176011e-02;2.295752e-01;1.411069e-01;7.262675e-02;3.924611e-02;4.919340e-02;4.427572e-02;2.936907e-02;7.047638e-02;1.697533e-01;2.244794e-02
8.878598e-02;5.590182e-02;3.054425e-01;1.189922e-01;6.182070e-02;3.690333e-02;4.944464e-02;5.236132e-02;3.249873e-02;6.079849e-02;1.044773e-01;3.257311e-02
1.046452e-01;6.798496e-02;2.404043e-01;1.045067e-01;5.606135e-02;4.152774e-02;5.668203e-02;1.169535e-01;4.737002e-02;8.215626e-02;5.583178e-02;2.587611e-02
9.818353e-02;5.057299e-02;1.274741e-01;8.758097e-02;5.712572e-02;5.035520e-02;9.733325e-02;1.925005e-01;6.176059e-02;8.584624e-02;6.731443e-02;2.395242e-02
8.548196e-02;6.509657e-02;1.747034e-01;7.065094e-02;4.912433e-02;5.027386e-02;1.156556e-01;1.716168e-01;6.318703e-02;6.011451e-02;7.605340e-02;1.804156e-02
9.096152e-02;4.038639e-02;3.383991e-01;5.381002e-02;5.163403e-02;4.686075e-02;1.173904e-01;8.796527e-02;5.480901e-02;5.988495e-02;3.100277e-02;2.689568e-02
2.260352e-02;4.108355e-02;3.790709e-01;4.562830e-02;6.679863e-02;7.454629e-02;1.884832e-01;7.231785e-02;3.249615e-02;3.556639e-02;2.579410e-02;1.561109e-02
4.971053e-02;6.080099e-02;3.300526e-01;4.756330e-02;5.316289e-02;8.389235e-02;1.856358e-01;8.033609e-02;4.218210e-02;3.265655e-02;1.822405e-02;1.578275e-02
7.238692e-02;9.124728e-02;3.155136e-01;5.001203e-02;3.365183e-02;9.056284e-02;1.456640e-01;8.117441e-02;6.745950e-02;2.419241e-02;1.409382e-02;1.404127e-02
7.245024e-02;1.208941e-01;3.520823e-01;5.200847e-02;1.563747e-02;1.095480e-01;7.751650e-02;6.722448e-02;9.499675e-02;1.078845e-02;7.385643e-03;1.946761e-02
2.861247e-02;9.995633e-02;4.672230e-01;4.611875e-02;1.379982e-02;1.096966e-01;5.042434e-02;7.473797e-02;6.669908e-02;1.633924e-02;4.417926e-03;2.197446e-02
2.147006e-02;6.814055e-02;5.119901e-01;4.475712e-02;2.931149e-02;8.372185e-02;6.354257e-02;7.603347e-02;4.098931e-02;2.765201e-02;8.173552e-03;2.421791e-02
6.229818e-02;5.671210e-02;4.472577e-01;5.313997e-02;3.925665e-02;7.483810e-02;8.730032e-02;5.312966e-02;3.547952e-02;3.922243e-02;2.431631e-02;2.704904e-02
9.994765e-02;3.221579e-02;4.432851e-01;4.384108e-02;3.560915e-02;5.374883e-02;7.064384e-02;3.456485e-02;4.584817e-02;5.877862e-02;4.675611e-02;3.476075e-02
7.948888e-02;4.449864e-02;5.039226e-01;3.765544e-02;3.508231e-02;3.714932e-02;4.434359e-02;2.329846e-02;4.496516e-02;5.930316e-02;5.870578e-02;3.158668e-02
4.605813e-02;3.400243e-02;5.801771e-01;4.142617e-02;4.042951e-02;4.502160e-02;4.764054e-02;2.756686e-02;3.070444e-02;4.744255e-02;3.678373e-02;2.274687e-02
4.239621e-02;3.597640e-02;6.001416e-01;4.802729e-02;3.701565e-02;3.768922e-02;4.726733e-02;3.149816e-02;3.054138e-02;4.393451e-02;2.303169e-02;2.248053e-02
6.451431e-02;1.034134e-01;2.656159e-01;3.236491e-02;4.190642e-02;1.187963e-01;9.902555e-02;5.431042e-02;2.841618e-02;7.189324e-02;6.576704e-02;5.397638e-02
8.391762e-02;1.067132e-01;1.901050e-01;3.268801e-02;5.715202e-02;1.229525e-01;8.079275e-02;6.983107e-02;4.775190e-02;7.514562e-02;7.045297e-02;6.249732e-02
8.422746e-02;8.659864e-02;2.214844e-01;5.766726e-02;7.022976e-02;8.927505e-02;1.111736e-01;6.197338e-02;4.939608e-02;6.758627e-02;4.941550e-02;5.097261e-02
7.064301e-02;6.273490e-02;2.513716e-01;7.395175e-02;8.261420e-02;6.641287e-02;1.441515e-01;7.220020e-02;6.312570e-02;5.159775e-02;3.508363e-02;2.611295e-02
5.430557e-02;4.192466e-02;2.472997e-01;7.369783e-02;8.751193e-02;6.063967e-02;1.520982e-01;9.316880e-02;8.194169e-02;5.241293e-02;3.676984e-02;1.822918e-02
4.418974e-02;2.697318e-02;1.756292e-01;5.948973e-02;1.293805e-01;1.154164e-01;1.890759e-01;6.503126e-02;6.048872e-02;6.006714e-02;2.935679e-02;4.490141e-02
7.865477e-02;2.037596e-02;8.607240e-02;4.100432e-02;2.054801e-01;1.921898e-01;1.969118e-01;3.178272e-02;4.663772e-02;3.774404e-02;7.572873e-03;5.557356e-02
1.357556e-01;1.427105e-02;5.343305e-02;3.237650e-02;2.361518e-01;2.452663e-01;1.838301e-01;1.909861e-02;3.227905e-02;1.735836e-02;7.919745e-03;2.225973e-02
1.671412e-01;1.085323e-02;5.610353e-02;3.546002e-02;1.798628e-01;2.350505e-01;1.817849e-01;2.308123e-02;1.749934e-02;1.665742e-02;1.233871e-02;6.416706e-02
1.498185e-01;2.297110e-02;1.221237e-01;4.216097e-02;1.131152e-01;1.740803e-01;1.768268e-01;2.512568e-02;1.884906e-02;1.954987e-02;2.327500e-02;1.121037e-01
8.257019e-02;3.687332e-02;2.156192e-01;5.539488e-02;1.080881e-01;1.355161e-01;1.482683e-01;2.661742e-02;2.413113e-02;2.322189e-02;3.613380e-02;1.075657e-01
2.193350e-01;3.535800e-02;1.260337e-01;4.395082e-02;1.141827e-01;1.189744e-01;1.137900e-01;2.285285e-02;2.483939e-02;1.770673e-02;1.791982e-02;1.450566e-01
2.129294e-01;1.497697e-02;1.434319e-01;2.406203e-02;1.310230e-01;1.446786e-01;1.329424e-01;1.863964e-02;1.427130e-02;1.488954e-02;1.477864e-02;1.333766e-01
1.538354e-01;1.957635e-02;1.604647e-01;2.475730e-02;1.875413e-01;1.580359e-01;1.500381e-01;2.094743e-02;1.738973e-02;2.120401e-02;1.598761e-02;7.022216e-02
1.804590e-01;1.809281e-02;1.579493e-01;2.662573e-02;2.028907e-01;1.558274e-01;1.252670e-01;1.390102e-02;2.021655e-02;2.918235e-02;3.035854e-02;3.922967e-02
2.092718e-01;2.515453e-02;1.359958e-01;4.474236e-02;1.659806e-01;1.571200e-01;1.110680e-01;1.157549e-02;2.601947e-02;3.366798e-02;3.310830e-02;4.629550e-02
1.550442e-01;6.985537e-02;6.944518e-02;6.483281e-02;1.127171e-01;1.200702e-01;1.549037e-01;3.910687e-02;3.534096e-02;5.594701e-02;2.088502e-02;1.018514e-01
9.550633e-02;6.306009e-02;9.052615e-02;5.772261e-02;6.733122e-02;5.891931e-02;2.365927e-01;6.151183e-02;7.370347e-02;7.268927e-02;3.419098e-02;8.824604e-02
5.520850e-02;5.273729e-02;7.605729e-02;4.538329e-02;5.219418e-02;2.913995e-02;2.649957e-01;1.074390e-01;1.163176e-01;8.545932e-02;4.482764e-02;7.024022e-02
5.753097e-02;4.805874e-02;6.415830e-02;2.438091e-02;4.342526e-02;3.188414e-02;3.147332e-01;1.307918e-01;1.128746e-01;6.083091e-02;4.755142e-02;6.377972e-02
4.372721e-02;7.400419e-02;4.083826e-02;1.753981e-02;3.806868e-02;2.891045e-02;4.450728e-01;1.079459e-01;8.163980e-02;2.931723e-02;4.879076e-02;4.414490e-02
2.151186e-02;1.291344e-01;2.754296e-02;1.376239e-02;3.293847e-02;3.510141e-02;5.511028e-01;6.039941e-02;5.724247e-02;1.536669e-02;4.037774e-02;1.551939e-02
2.151582e-02;1.446357e-01;2.391396e-02;1.490022e-02;3.459163e-02;5.969332e-02;5.370763e-01;4.366755e-02;6.364677e-02;2.782029e-02;2.214573e-02;6.392735e-03
5.524071e-02;8.341077e-02;3.385779e-02;3.012004e-02;5.741983e-02;9.736785e-02;4.858621e-01;3.597529e-02;4.473184e-02;4.762040e-02;9.689953e-03;1.870343e-02
7.442971e-02;3.121160e-02;1.065599e-01;4.461481e-02;9.371756e-02;1.003574e-01;3.644563e-01;3.809978e-02;4.669937e-02;5.245648e-02;7.858993e-03;3.953809e-02
7.429112e-02;2.543352e-02;1.938867e-01;8.302858e-02;1.039902e-01;6.184639e-02;2.641014e-01;4.317632e-02;4.667635e-02;5.003204e-02;9.508021e-03;4.402940e-02
9.439597e-02;3.299430e-02;1.666221e-01;1.011856e-01;9.203508e-02;6.184345e-02;2.771601e-01;5.165641e-02;3.063514e-02;5.002104e-02;1.646782e-02;2.498299e-02
7.118806e-02;5.768608e-02;6.037704e-02;7.293557e-02;7.769239e-02;8.006494e-02;3.644737e-01;5.825258e-02;4.874611e-02;6.292564e-02;1.725812e-02;2.839971e-02
7.430121e-02;7.800920e-02;9.448624e-02;4.845891e-02;6.508397e-02;5.139158e-02;3.492522e-01;5.961915e-02;5.955070e-02;6.949151e-02;2.694056e-02;2.341476e-02
8.781505e-02;8.270875e-02;1.409183e-01;4.176855e-02;7.621133e-02;5.062552e-02;2.854258e-01;5.353204e-02;5.280690e-02;6.532449e-02;3.023558e-02;3.262768e-02
6.585740e-02;1.064987e-01;1.355680e-01;5.485827e-02;6.899171e-02;5.988726e-02;2.669469e-01;6.204650e-02;5.324580e-02;4.283811e-02;3.090310e-02;5.235831e-02
5.634094e-02;8.970591e-02;1.325877e-01;7.125952e-02;8.908724e-02;6.171263e-02;2.266829e-01;6.325720e-02;5.219447e-02;4.009087e-02;3.623717e-02;8.084344e-02
7.615279e-02;8.926064e-02;1.588405e-01;9.364408e-02;8.238292e-02;6.451534e-02;1.697577e-01;5.593351e-02;5.290633e-02;5.175563e-02;2.235295e-02;8.249766e-02
6.399897e-02;6.761961e-02;1.418611e-01;9.630789e-02;8.102909e-02;5.381104e-02;1.543615e-01;1.096851e-01;5.632605e-02;6.733102e-02;3.932359e-02;6.834505e-02
1.104705e-01;3.946688e-02;1.084771e-01;7.216862e-02;8.687169e-02;4.274125e-02;1.291870e-01;1.334550e-01;9.709270e-02;8.738943e-02;2.611137e-02;6.656847e-02
8.732237e-02;6.563827e-02;6.993898e-02;3.848453e-02;8.110917e-02;5.764781e-02;1.215856e-01;9.569880e-02;1.153288e-01;1.302787e-01;6.554531e-02;7.142169e-02
7.049942e-02;1.085378e-01;5.011887e-02;4.523008e-02;5.107352e-02;6.414759e-02;1.239519e-01;1.168640e-01;8.886578e-02;1.174970e-01;9.562305e-02;6.759103e-02
1.073507e-01;1.562425e-01;5.552472e-02;3.722458e-02;6.198856e-02;4.783857e-02;1.111770e-01;1.238530e-01;8.527168e-02;9.878691e-02;5.957025e-02;5.517156e-02
1.416147e-01;1.594724e-01;6.835555e-02;2.827838e-02;4.265157e-02;4.181612e-02;7.985856e-02;1.209004e-01;1.283867e-01;9.904207e-02;3.730444e-02;5.231912e-02
1.064831e-01;1.283948e-01;1.022217e-01;6.025115e-02;5.316705e-02;5.451670e-02;5.763309e-02;1.249612e-01;1.361646e-01;9.060135e-02;3.804883e-02;4.755645e-02
6.866731e-02;9.319961e-02;1.211931e-01;1.053180e-01;4.529123e-02;7.087481e-02;5.171356e-02;1.019774e-01;1.467836e-01;1.003258e-01;4.356198e-02;5.109363e-02
7.817170e-02;9.515476e-02;1.128772e-01;7.492160e-02;6.467225e-02;5.350713e-02;6.733170e-02;1.296744e-01;1.177880e-01;1.070098e-01;5.725069e-02;4.164077e-02
4.062544e-02;1.018014e-01;2.814286e-01;6.077752e-02;6.955147e-02;5.360752e-02;8.373731e-02;1.008486e-01;6.573980e-02;6.755729e-02;5.138646e-02;2.293863e-02
2.291887e-02;8.076397e-02;4.489990e-01;7.396257e-02;5.517541e-02;6.460819e-02;8.735034e-02;4.462713e-02;2.733306e-02;4.801346e-02;3.140126e-02;1.484672e-02
2.745159e-02;5.450973e-02;5.566470e-01;9.838746e-02;2.865370e-02;4.790776e-02;6.813003e-02;1.570594e-02;1.397368e-02;6.987880e-02;9.026362e-03;9.727910e-03
1.730743e-02;1.627815e-02;5.609925e-01;1.663347e-01;2.431539e-02;1.732873e-02;3.935903e-02;1.047642e-02;1.784253e-02;9.167475e-02;3.448356e-02;3.606794e-03
1.281374e-02;5.860657e-03;4.472197e-01;2.684104e-01;3.234405e-02;9.593491e-03;1.399636e-02;1.218018e-02;1.486797e-02;7.596039e-02;9.176294e-02;1.499012e-02
2.312990e-02;8.115568e-03;3.173999e-01;3.083564e-01;7.950719e-02;2.326064e-02;1.895588e-02;1.561676e-02;1.768611e-02;3.652032e-02;1.029573e-01;4.849410e-02
6.300184e-02;8.005801e-03;2.013027e-01;2.596991e-01;1.433799e-01;7.295686e-02;5.631262e-02;1.632904e-02;2.643766e-02;1.965883e-02;6.179034e-02;7.112522e-02
1.574447e-01;7.798177e-03;1.430553e-01;1.403303e-01;1.271379e-01;1.656117e-01;1.318913e-01;1.909168e-02;2.101667e-02;2.022780e-02;2.556536e-02;4.082914e-02
2.176116e-01;1.911425e-02;8.208389e-02;4.417169e-02;7.254179e-02;2.005978e-01;2.535665e-01;1.709764e-02;1.287024e-02;2.185631e-02;2.427484e-02;3.421338e-02
1.567925e-01;2.478475e-02;5.651102e-02;3.563161e-02;6.566998e-02;1.698533e-01;3.485277e-01;1.301641e-02;1.507565e-02;1.654996e-02;3.154438e-02;6.604285e-02
8.983643e-02;2.590736e-02;5.132757e-02;5.733175e-02;6.860431e-02;1.631727e-01;4.067737e-01;1.175383e-02;1.687252e-02;1.514314e-02;2.834313e-02;6.493361e-02
9.810218e-02;1.734987e-02;6.290936e-02;7.086734e-02;1.206140e-01;1.977501e-01;3.658265e-01;7.062290e-03;1.435099e-02;1.976707e-02;8.199124e-03;1.720117e-02
7.715440e-02;8.518861e-03;1.492079e-01;6.363849e-02;1.771170e-01;1.951981e-01;2.316598e-01;7.193724e-03;1.653782e-02;2.094346e-02;1.310602e-02;3.972448e-02
3.227207e-02;1.124974e-02;3.219099e-01;6.011058e-02;1.821259e-01;1.436308e-01;1.055630e-01;8.932447e-03;2.299262e-02;2.905314e-02;3.522699e-02;4.693276e-02
4.012989e-02;2.239691e-02;4.708911e-01;8.870360e-02;1.060501e-01;6.742729e-02;4.769655e-02;1.195887e-02;1.877984e-02;5.849813e-02;4.756010e-02;1.990769e-02
6.056637e-02;3.444828e-02;4.694593e-01;8.072563e-02;5.213826e-02;2.599563e-02;7.592786e-02;1.512985e-02;5.274097e-02;7.623580e-02;3.847658e-02;1.815544e-02
7.012250e-02;4.376437e-02;3.717589e-01;6.864642e-02;5.095639e-02;2.813674e-02;1.129755e-01;2.137675e-02;8.545839e-02;7.609707e-02;4.683784e-02;2.386919e-02
8.553774e-02;2.590247e-02;3.571827e-01;7.704035e-02;6.408210e-02;5.301889e-02;1.135815e-01;1.813584e-02;4.350327e-02;5.968099e-02;6.279809e-02;3.953603e-02
7.197829e-02;3.492458e-02;3.755538e-01;6.712765e-02;6.882798e-02;6.535832e-02;9.598807e-02;1.727616e-02;3.033139e-02;8.253107e-02;5.706800e-02;3.303469e-02
7.299208e-02;4.783181e-02;3.918961e-01;5.703593e-02;6.220281e-02;8.476024e-02;8.531325e-02;1.369697e-02;2.487179e-02;8.606672e-02;5.775095e-02;1.558136e-02
4.739802e-02;4.040464e-02;3.642257e-01;9.686239e-02;6.145500e-02;1.054422e-01;8.659211e-02;1.521184e-02;4.433891e-02;2.972488e-02;6.386793e-02;4.447646e-02
5.063631e-02;2.788083e-02;2.579067e-01;1.147201e-01;7.477240e-02;9.735288e-02;1.403534e-01;2.453710e-02;4.082252e-02;5.963845e-02;4.369476e-02;6.768459e-02
5.867217e-02;3.949492e-02;2.478741e-01;1.066128e-01;6.633686e-02;6.632319e-02;1.648967e-01;4.131812e-02;3.073880e-02;7.144187e-02;4.439410e-02;6.189642e-02
