2.783800e-02;1.324655e-01;1.602912e-01;3.546705e-02;3.120955e-02;2.616395e-01;3.283243e-02;1.368947e-01;1.053662e-01;3.334884e-02;2.196704e-02;2.067992e-02
2.439681e-02;1.281566e-01;1.435320e-01;2.608747e-02;3.094182e-02;2.720702e-01;3.751780e-02;1.149804e-01;1.196420e-01;4.298425e-02;2.779591e-02;3.189486e-02
1.766000e-02;8.626208e-02;9.209631e-02;2.798060e-02;3.049702e-02;3.232679e-01;3.870313e-02;1.429413e-01;1.331726e-01;4.362621e-02;3.450587e-02;2.928687e-02
2.174543e-02;6.603333e-02;5.807364e-02;3.723051e-02;2.060475e-02;3.296155e-01;5.174666e-02;1.944291e-01;1.146026e-01;3.589405e-02;3.696454e-02;3.305986e-02
3.460561e-02;6.140061e-02;6.845135e-02;3.777875e-02;2.143784e-02;3.008647e-01;6.432001e-02;2.142282e-01;8.286849e-02;4.307978e-02;2.662834e-02;4.433628e-02
3.377907e-02;6.753459e-02;6.457765e-02;3.445106e-02;3.297865e-02;2.511774e-01;5.281873e-02;2.188108e-01;1.066877e-01;6.497382e-02;1.722890e-02;5.498154e-02
2.788922e-02;8.655516e-02;3.591948e-02;2.089101e-02;4.496964e-02;2.100810e-01;8.937263e-02;1.937834e-01;1.492452e-01;7.552376e-02;1.769280e-02;4.807669e-02
2.904680e-02;1.010197e-01;5.130950e-02;4.642565e-02;4.145103e-02;1.085346e-01;1.184244e-01;1.910355e-01;1.510755e-01;8.979986e-02;2.631424e-02;4.556334e-02
1.701648e-02;7.839406e-02;8.896916e-02;5.812196e-02;4.269399e-02;9.191553e-02;1.024975e-01;2.324740e-01;1.221830e-01;9.332176e-02;3.339502e-02;3.901758e-02
1.427254e-02;1.024030e-01;1.423857e-01;4.301762e-02;6.138887e-02;1.050337e-01;9.299698e-02;1.816121e-01;9.679572e-02;6.606457e-02;5.823047e-02;3.579878e-02
2.741569e-02;1.059492e-01;1.159772e-01;5.922125e-02;4.209951e-02;1.463122e-01;1.590380e-01;1.411345e-01;6.727640e-02;3.576961e-02;6.202997e-02;3.777647e-02
3.074501e-02;6.743812e-02;8.534212e-02;7.375757e-02;2.964339e-02;1.260908e-01;2.997386e-01;1.232465e-01;5.590689e-02;1.547599e-02;5.167535e-02;4.093968e-02
2.933553e-02;3.203854e-02;3.998521e-02;8.302931e-02;1.571197e-02;8.041638e-02;4.707070e-01;1.235387e-01;4.942738e-02;1.298641e-02;2.838637e-02;3.443714e-02
2.272131e-02;2.043547e-02;3.250977e-02;6.295316e-02;9.039598e-03;7.038410e-02;4.983222e-01;1.097375e-01;5.010854e-02;9.583518e-03;2.895562e-02;8.524917e-02
1.797329e-02;1.464092e-02;4.579015e-02;2.037159e-02;2.089279e-02;1.511401e-01;3.870916e-01;6.673510e-02;6.129694e-02;6.474611e-03;8.387140e-02;1.237215e-01
1.588329e-02;1.290616e-02;4.165038e-02;3.746697e-02;2.537979e-02;1.668600e-01;3.500719e-01;3.423719e-02;5.743602e-02;6.308935e-03;1.077236e-01;1.440759e-01
1.767816e-02;7.421626e-03;2.317126e-02;9.895331e-02;2.222284e-02;8.984230e-02;4.485750e-01;2.940615e-02;3.534156e-02;8.253498e-03;7.577793e-02;1.433564e-01
3.798818e-02;1.308606e-02;1.342860e-02;1.262404e-01;3.861905e-02;2.514787e-02;4.903964e-01;9.231865e-02;1.778895e-02;1.620162e-02;2.958041e-02;9.920382e-02
5.666037e-02;2.243289e-02;2.276919e-02;9.117571e-02;8.262608e-02;6.487090e-02;4.020137e-01;1.655480e-01;1.651413e-02;1.860924e-02;1.340358e-02;4.337622e-02
7.549811e-02;3.241618e-02;3.620619e-02;5.129866e-02;1.179054e-01;9.100021e-02;2.881555e-01;1.942543e-01;2.407390e-02;1.773028e-02;2.253433e-02;4.892694e-02
1.099805e-01;4.340960e-02;3.796088e-02;6.187895e-02;1.124239e-01;9.741338e-02;2.170934e-01;1.801714e-01;2.909453e-02;1.111161e-02;2.362453e-02;7.583737e-02
1.311279e-01;1.077801e-01;6.709989e-02;6.412134e-02;1.131644e-01;7.716914e-02;2.151923e-01;1.035940e-01;4.067966e-02;1.488755e-02;1.305396e-02;5.212982e-02
7.290220e-02;1.811624e-01;1.368951e-01;3.607065e-02;1.137133e-01;1.008708e-01;1.491584e-01;9.345420e-02;3.811289e-02;3.442574e-02;2.037456e-02;2.285984e-02
1.859714e-02;1.836522e-01;3.471020e-01;4.376792e-02;5.364537e-02;8.511528e-02;1.316977e-01;3.806226e-02;2.430973e-02;5.027349e-02;7.841593e-03;1.593524e-02
5.491109e-03;1.143204e-01;4.596034e-01;6.930570e-02;4.722762e-02;4.143492e-02;1.426433e-01;1.538367e-02;1.321094e-02;6.632033e-02;4.011874e-03;2.104676e-02
1.164047e-02;5.856851e-02;4.650248e-01;8.655077e-02;4.099928e-02;1.958382e-02;1.817057e-01;1.076828e-02;1.106965e-02;8.744197e-02;1.503770e-02;1.160911e-02
1.331485e-02;5.944205e-02;4.145711e-01;9.206720e-02;3.287918e-02;2.035491e-02;2.314389e-01;1.227068e-02;8.191843e-03;9.242428e-02;1.437758e-02;8.667348e-03
1.197336e-02;1.219760e-01;3.453692e-01;5.702633e-02;2.382154e-02;3.707864e-02;2.536179e-01;2.066647e-02;1.681832e-02;8.246763e-02;1.184294e-02;1.734158e-02
1.731205e-02;1.826331e-01;2.816884e-01;2.491658e-02;2.244308e-02;6.831341e-02;2.384441e-01;2.795853e-02;2.943026e-02;7.489684e-02;5.999189e-03;2.596438e-02
2.892855e-02;2.170052e-01;2.111787e-01;2.579687e-02;3.633872e-02;8.985290e-02;1.927224e-01;4.098306e-02;3.623503e-02;7.496890e-02;5.094376e-03;4.089517e-02
5.336157e-02;1.733554e-01;1.361298e-01;6.284380e-02;5.222629e-02;6.973308e-02;2.219090e-01;7.610879e-02;3.160003e-02;4.813352e-02;8.479558e-03;6.611916e-02
6.320348e-02;9.743672e-02;1.499029e-01;3.835846e-02;5.759241e-02;4.478733e-02;2.604932e-01;7.004739e-02;2.512555e-02;4.073937e-02;3.414592e-02;1.181673e-01
5.102326e-02;4.436752e-02;1.737426e-01;4.081257e-02;2.569385e-02;5.389671e-02;3.117974e-01;1.125860e-01;2.241860e-02;4.009149e-02;1.923989e-02;1.043301e-01
4.542539e-02;1.240485e-01;2.234006e-01;4.938455e-02;4.934693e-02;4.696034e-02;1.599749e-01;1.235994e-01;6.061183e-02;3.167447e-02;3.005586e-02;5.551715e-02
3.802460e-02;1.941366e-01;2.145927e-01;4.437895e-02;6.032813e-02;5.677829e-02;8.214408e-02;1.367723e-01;1.053027e-01;3.389256e-02;1.724130e-02;1.640769e-02
3.214065e-02;2.005228e-01;1.724305e-01;4.111278e-02;8.208399e-02;4.738407e-02;6.458272e-02;1.607112e-01;1.386646e-01;4.138961e-02;1.068208e-02;8.295022e-03
4.344402e-02;1.321064e-01;8.729099e-02;3.132927e-02;8.971171e-02;3.642413e-02;9.414555e-02;3.229862e-01;1.037199e-01;3.466406e-02;9.244237e-03;1.493348e-02
3.768504e-02;5.893760e-02;4.254698e-02;4.567837e-02;5.285195e-02;5.058346e-02;2.490859e-01;3.747936e-01;3.221184e-02;2.516392e-02;1.033232e-02;2.012908e-02
1.663396e-02;1.401031e-02;5.043557e-02;6.496398e-02;2.316757e-02;1.208913e-01;3.915760e-01;2.220145e-01;3.375767e-02;2.450164e-02;1.351925e-02;2.452839e-02
7.341994e-03;2.374267e-02;6.304842e-02;5.203546e-02;3.696887e-02;2.521100e-01;3.460946e-01;9.746266e-02;4.894813e-02;2.359913e-02;2.756637e-02;2.108175e-02
8.432019e-03;2.925295e-02;6.574816e-02;4.796230e-02;9.672194e-02;3.352524e-01;1.673906e-01;8.945367e-02;6.376988e-02;4.342434e-02;3.405291e-02;1.853878e-02
1.606988e-02;5.075650e-02;6.826393e-02;7.605599e-02;1.402656e-01;2.353712e-01;7.622255e-02;1.548685e-01;7.010266e-02;5.921385e-02;3.198485e-02;2.082447e-02
3.024255e-02;9.469664e-02;7.297476e-02;8.580276e-02;1.083382e-01;1.336103e-01;1.077775e-01;1.778470e-01;8.802389e-02;4.412750e-02;3.350157e-02;2.305741e-02
4.848255e-02;1.391809e-01;5.275151e-02;9.986445e-02;5.258463e-02;1.184807e-01;1.427742e-01;1.401800e-01;1.148154e-01;4.619301e-02;2.983035e-02;1.486221e-02
4.162139e-02;1.237971e-01;1.249509e-01;9.647308e-02;7.299458e-02;1.552749e-01;6.465406e-02;1.383921e-01;1.099959e-01;3.868870e-02;1.736889e-02;1.578845e-02
2.689168e-02;1.053360e-01;1.228230e-01;7.463563e-02;5.319900e-02;1.391308e-01;1.087189e-01;1.688247e-01;1.188700e-01;3.336675e-02;2.491928e-02;2.328416e-02
9.979947e-03;3.728968e-02;1.332996e-01;5.611867e-02;8.598010e-02;1.376497e-01;1.927329e-01;1.427842e-01;1.020493e-01;4.294710e-02;3.308686e-02;2.608198e-02
1.165352e-02;6.453110e-02;1.954862e-01;5.177168e-02;6.233672e-02;1.543166e-01;1.544726e-01;1.579916e-01;7.749207e-02;2.902935e-02;2.224233e-02;1.867628e-02
6.275152e-03;7.873365e-02;2.457377e-01;5.268953e-02;4.310549e-02;1.927092e-01;7.666069e-02;1.960252e-01;5.445351e-02;2.096861e-02;5.854267e-03;2.678698e-02
5.525838e-03;7.592741e-02;2.592476e-01;4.148312e-02;2.430685e-02;1.822505e-01;5.057907e-02;2.493749e-01;3.644252e-02;2.319178e-02;8.945015e-03;4.272539e-02
4.303301e-03;5.234351e-02;2.238529e-01;3.994646e-02;3.707762e-02;1.482056e-01;8.515854e-02;2.823399e-01;2.303341e-02;3.241085e-02;1.651933e-02;5.480852e-02
1.051913e-02;4.345981e-02;1.768977e-01;3.886717e-02;4.566953e-02;1.527466e-01;9.209577e-02;2.630278e-01;5.960454e-02;3.384501e-02;2.765056e-02;5.561637e-02
3.278245e-02;2.640181e-02;1.312189e-01;6.844523e-02;7.130604e-02;1.351349e-01;1.326251e-01;1.761028e-01;9.425914e-02;3.450924e-02;5.314202e-02;4.407229e-02
5.388547e-02;3.434798e-02;9.417627e-02;1.213745e-01;9.463385e-02;9.386460e-02;1.256584e-01;8.730163e-02;9.868604e-02;4.362588e-02;6.961680e-02;8.282852e-02
4.791532e-02;6.039584e-02;7.586593e-02;1.231883e-01;1.322783e-01;1.302916e-01;7.981394e-02;5.812512e-02;6.007408e-02;6.090700e-02;4.664823e-02;1.244963e-01
7.516051e-02;5.661171e-02;9.364589e-02;1.010736e-01;1.277558e-01;2.001625e-01;5.447444e-02;5.470366e-02;5.049948e-02;4.825313e-02;4.821012e-02;8.944918e-02
8.666752e-02;8.715070e-02;1.028243e-01;8.611324e-02;8.362796e-02;2.020333e-01;9.144068e-02;6.246303e-02;4.668695e-02;2.749616e-02;5.880550e-02;6.469073e-02
3.954811e-02;1.610031e-01;9.933091e-02;1.224222e-01;6.389326e-02;9.135507e-02;1.769612e-01;7.250834e-02;2.697544e-02;2.596479e-02;3.962081e-02;8.041681e-02
4.076127e-02;1.607488e-01;1.797864e-01;1.176918e-01;4.682093e-02;4.711641e-02;1.751729e-01;9.921397e-02;2.701868e-02;2.771800e-02;2.601671e-02;5.193413e-02
3.890049e-02;1.432746e-01;2.241607e-01;9.715549e-02;5.141675e-02;5.277239e-02;1.242360e-01;1.310189e-01;4.891932e-02;4.441082e-02;1.980183e-02;2.393269e-02
2.907840e-02;1.164646e-01;2.476277e-01;7.351130e-02;7.020746e-02;6.194916e-02;7.973264e-02;1.486967e-01;6.476511e-02;7.311843e-02;1.344231e-02;2.140616e-02
3.535693e-02;5.916468e-02;2.378573e-01;5.097308e-02;7.396393e-02;1.358955e-01;7.856397e-02;1.509384e-01;5.704215e-02;8.781086e-02;8.747743e-03;2.368548e-02
3.893659e-02;8.492683e-02;2.440328e-01;4.027802e-02;5.275731e-02;1.211599e-01;7.312480e-02;1.593502e-01;6.028207e-02;6.834421e-02;2.295480e-02;3.385250e-02
3.985218e-02;8.918524e-02;3.110411e-01;6.063923e-02;5.376561e-02;8.035580e-02;5.672251e-02;1.485057e-01;5.573761e-02;4.668647e-02;2.797840e-02;2.953006e-02
2.828024e-02;1.168756e-01;2.717267e-01;5.103896e-02;4.338138e-02;8.220129e-02;5.110276e-02;1.896108e-01;7.277700e-02;4.319748e-02;2.143471e-02;2.837320e-02
1.892125e-02;6.527337e-02;1.852935e-01;4.125323e-02;6.564345e-02;1.415573e-01;8.282850e-02;2.292193e-01;6.040026e-02;6.391180e-02;1.841003e-02;2.728807e-02
1.599108e-02;3.393561e-02;1.141159e-01;6.416052e-02;7.740299e-02;1.809847e-01;1.428048e-01;2.140284e-01;6.039374e-02;6.669050e-02;1.241165e-02;1.708002e-02
1.551522e-02;5.538961e-02;1.144404e-01;6.221139e-02;4.577348e-02;1.981869e-01;1.168137e-01;2.276968e-01;8.707563e-02;5.864602e-02;6.422975e-03;1.182797e-02
1.368758e-02;4.972726e-02;1.037569e-01;5.209189e-02;4.961754e-02;1.586375e-01;1.748641e-01;2.510135e-01;7.161658e-02;6.075105e-02;3.333510e-03;1.090258e-02
1.265913e-02;4.571271e-02;1.096072e-01;6.446468e-02;4.701773e-02;1.056602e-01;2.166628e-01;2.459329e-01;5.746720e-02;7.873295e-02;5.113990e-03;1.096854e-02
1.293191e-02;6.672803e-02;1.181280e-01;6.393888e-02;7.308128e-02;1.130454e-01;2.036008e-01;1.791300e-01;5.583642e-02;8.868156e-02;1.167788e-02;1.321988e-02
1.074699e-02;6.820641e-02;1.025615e-01;7.104585e-02;9.586145e-02;1.597775e-01;1.984897e-01;1.223058e-01;7.369722e-02;7.043274e-02;1.343589e-02;1.343898e-02
9.473525e-03;4.283556e-02;8.961927e-02;8.637139e-02;1.004347e-01;1.750194e-01;1.500199e-01;1.402185e-01;8.311892e-02;9.940877e-02;8.407995e-03;1.507193e-02
1.178175e-02;6.249188e-02;1.060658e-01;6.671319e-02;8.932780e-02;1.332211e-01;1.663991e-01;1.728993e-01;9.090663e-02;7.475699e-02;8.746360e-03;1.669002e-02
1.679268e-02;5.484026e-02;1.533281e-01;5.405104e-02;8.477191e-02;1.366889e-01;1.883735e-01;1.830649e-01;5.821685e-02;3.378894e-02;1.549715e-02;2.058576e-02
1.923064e-02;1.124297e-01;1.810682e-01;3.239322e-02;4.788878e-02;7.967527e-02;1.821461e-01;2.101724e-01;5.930592e-02;3.007350e-02;1.823689e-02;2.737938e-02
1.358995e-02;1.170683e-01;1.307640e-01;5.413571e-02;4.915773e-02;2.147788e-01;9.431700e-02;2.187707e-01;4.920309e-02;1.856963e-02;1.187155e-02;2.777354e-02
1.711010e-02;6.787015e-02;8.496896e-02;4.226849e-02;4.993364e-02;2.561673e-01;1.413543e-01;2.169115e-01;6.873412e-02;2.081524e-02;9.640138e-03;2.422599e-02
1.493284e-02;4.073611e-02;5.246374e-02;4.379983e-02;3.307395e-02;2.992719e-01;1.416184e-01;2.615917e-01;7.930064e-02;1.349663e-02;3.776852e-03;1.593746e-02
2.056981e-02;3.188751e-02;7.755406e-02;4.402255e-02;3.005604e-02;3.998174e-01;7.745758e-02;2.338352e-01;5.987487e-02;1.117026e-02;1.719855e-03;1.203490e-02
2.468087e-02;1.812572e-02;6.352961e-02;3.235687e-02;3.450907e-02;4.971131e-01;6.030757e-02;1.977890e-01;3.975761e-02;8.334015e-03;1.410341e-03;2.208615e-02
2.830227e-02;1.287125e-02;5.115220e-02;2.968938e-02;5.206983e-02;5.348899e-01;5.047274e-02;1.512506e-01;2.726976e-02;7.819508e-03;6.425435e-03;4.778716e-02
3.331627e-02;4.144280e-02;1.289966e-01;4.530853e-02;5.338736e-02;4.006477e-01;4.514709e-02;1.054781e-01;2.699172e-02;1.446361e-02;3.532964e-02;6.949052e-02
3.706513e-02;5.586950e-02;1.871100e-01;8.776654e-02;5.862971e-02;1.624794e-01;5.480910e-02;1.061692e-01;6.264304e-02;3.715157e-02;9.115810e-02;5.914868e-02
1.699527e-02;2.692156e-02;7.076986e-02;4.244505e-02;5.603024e-02;3.461452e-01;8.286770e-02;8.352404e-02;6.978471e-02;6.065537e-02;5.154075e-02;9.232035e-02
5.776944e-02;1.448584e-02;2.294141e-02;2.814489e-02;3.539336e-02;4.274736e-01;1.206243e-01;7.313975e-02;4.604940e-02;9.699470e-02;2.030708e-02;5.667617e-02
7.962532e-02;1.319442e-02;1.308909e-02;3.608510e-02;2.298833e-02;4.656756e-01;1.514097e-01;4.236797e-02;1.927483e-02;1.204616e-01;9.603587e-03;2.622445e-02
1.076938e-01;1.100749e-02;9.270913e-03;3.439957e-02;9.481842e-03;4.876184e-01;1.569711e-01;2.346041e-02;7.861090e-03;1.356352e-01;7.232042e-03;9.368017e-03
1.460491e-01;5.434650e-03;5.702998e-03;2.274117e-02;1.838369e-02;5.259430e-01;1.203153e-01;1.981247e-02;7.802531e-03;1.165545e-01;4.212965e-03;7.047548e-03
1.629399e-01;4.745068e-03;8.094472e-03;1.212736e-02;5.800278e-02;5.854855e-01;5.520793e-02;9.888320e-03;1.098155e-02;7.122434e-02;2.899547e-03;1.840325e-02
1.264531e-01;7.450234e-03;1.809720e-02;1.757077e-02;1.291108e-01;5.526109e-01;3.453954e-02;1.695056e-02;3.268854e-02;2.655216e-02;4.066939e-03;3.390927e-02
7.073230e-02;9.389224e-03;3.704590e-02;4.219115e-02;2.168380e-01;4.391412e-01;3.389341e-02;1.111931e-02;5.480340e-02;1.083303e-02;8.522879e-03;6.549019e-02
4.680226e-02;2.209128e-02;7.338350e-02;7.212970e-02;2.727173e-01;3.184124e-01;1.690515e-02;1.828871e-02;5.530053e-02;8.172954e-03;1.175029e-02;8.404589e-02
4.940774e-02;5.258865e-02;1.345297e-01;1.022580e-01;2.268546e-01;2.352110e-01;1.723632e-02;3.638949e-02;3.552461e-02;1.393534e-02;2.392496e-02;7.213955e-02
6.470817e-02;8.229628e-02;1.520890e-01;1.127753e-01;7.665686e-02;2.752107e-01;3.957201e-02;5.792268e-02;5.422528e-02;2.753126e-02;3.153226e-02;2.548015e-02
4.780368e-02;4.213857e-02;7.726645e-02;6.276958e-02;1.201278e-01;3.753076e-01;2.578597e-02;5.396721e-02;4.603471e-02;7.030870e-02;1.850485e-02;5.998499e-02
6.329028e-02;3.207773e-02;6.584200e-02;3.754982e-02;1.024675e-01;3.797351e-01;4.337031e-02;4.888375e-02;2.588232e-02;1.109603e-01;1.684940e-02;7.309160e-02
7.333141e-02;2.812645e-02;6.391461e-02;4.424695e-02;1.087815e-01;3.419811e-01;3.771200e-02;6.106902e-02;3.936628e-02;1.373496e-01;1.632647e-02;4.779463e-02
5.837905e-02;2.048700e-02;5.276680e-02;3.829930e-02;6.394203e-02;4.251461e-01;7.566830e-02;5.647178e-02;3.728191e-02;1.337117e-01;1.911939e-02;1.872656e-02
3.542697e-02;2.077342e-02;4.106611e-02;4.567161e-02;7.092488e-02;4.195002e-01;7.676116e-02;5.442579e-02;1.550976e-02;1.166323e-01;5.923846e-02;4.406932e-02
1.713045e-02;2.401049e-02;8.174240e-02;1.195090e-01;1.156223e-01;2.334039e-01;4.993606e-02;8.673713e-02;1.039061e-02;8.952221e-02;1.373362e-01;3.465922e-02
1.794908e-02;2.195654e-02;1.237670e-01;1.837706e-01;8.727299e-02;1.019931e-01;5.254577e-02;9.200585e-02;9.891186e-03;8.473157e-02;2.002405e-01;2.387580e-02
1.908461e-02;2.958991e-02;1.914825e-01;1.847858e-01;5.404416e-02;3.843647e-02;8.786134e-02;7.136930e-02;1.006960e-02;1.249083e-01;1.813416e-01;7.026395e-03
1.834103e-02;5.494690e-02;2.683021e-01;1.074741e-01;4.854872e-02;3.033547e-02;1.288858e-01;2.705556e-02;1.635277e-02;2.090460e-01;7.968751e-02;1.102409e-02
1.594075e-02;9.824281e-02;3.085550e-01;3.913342e-02;4.007189e-02;4.115602e-02;1.202011e-01;1.007401e-02;3.145097e-02;2.726273e-01;1.119435e-02;1.135236e-02
2.165852e-02;1.803735e-01;2.772685e-01;1.001224e-02;2.380846e-02;6.314864e-02;6.819455e-02;1.816194e-02;5.000653e-02;2.583649e-01;1.547129e-02;1.353079e-02
3.289192e-02;2.885283e-01;2.142951e-01;2.303701e-02;2.472175e-02;9.270537e-02;4.522358e-02;1.851456e-02;6.914082e-02;1.362288e-01;3.223735e-02;2.247537e-02
4.711672e-02;3.281766e-01;2.034272e-01;3.865016e-02;2.753724e-02;1.173341e-01;3.734307e-02;1.633277e-02;7.148626e-02;6.014944e-02;2.837581e-02;2.407069e-02
6.372375e-02;2.875825e-01;1.717681e-01;4.909862e-02;6.128991e-02;1.156306e-01;2.151969e-02;2.800313e-02;7.094987e-02;8.111053e-02;2.682469e-02;2.249874e-02
8.085125e-02;1.900070e-01;1.635145e-01;5.398246e-02;6.898873e-02;1.028458e-01;3.768475e-02;5.847808e-02;7.140567e-02;1.162222e-01;4.060903e-02;1.541054e-02
5.528831e-02;1.146310e-01;1.874382e-01;7.800154e-02;6.781136e-02;1.321831e-01;7.552660e-02;6.660423e-02;4.000698e-02;1.262378e-01;3.286642e-02;2.340446e-02
1.938422e-02;4.559637e-02;1.793517e-01;8.256871e-02;9.872683e-02;1.968130e-01;1.177411e-01;4.357024e-02;2.809332e-02;1.294547e-01;3.912470e-02;1.957520e-02
2.780768e-02;1.060159e-01;1.609678e-01;4.066198e-02;7.535701e-02;1.656050e-01;9.977517e-02;3.846405e-02;3.225956e-02;1.744132e-01;5.977502e-02;1.889761e-02
1.784119e-02;1.084002e-01;1.675024e-01;5.254015e-02;2.919421e-02;1.838903e-01;6.195726e-02;3.483978e-02;4.574495e-02;1.852624e-01;6.928833e-02;4.353879e-02
2.236695e-02;1.066454e-01;1.376316e-01;4.481984e-02;4.553304e-02;2.026342e-01;5.638784e-02;3.214581e-02;5.640561e-02;1.852949e-01;6.345455e-02;4.668018e-02
3.999396e-02;1.332397e-01;1.567241e-01;5.348129e-02;4.542793e-02;1.744225e-01;4.286158e-02;3.704692e-02;6.367099e-02;1.848072e-01;4.190465e-02;2.641914e-02
3.696895e-02;1.524184e-01;1.351345e-01;5.583130e-02;6.857709e-02;1.700123e-01;9.182759e-02;5.468072e-02;5.775484e-02;1.419199e-01;2.113571e-02;1.373875e-02
2.715827e-02;1.503023e-01;1.443777e-01;5.379434e-02;7.057592e-02;1.393239e-01;1.539166e-01;6.961684e-02;5.227105e-02;9.582778e-02;2.242667e-02;2.040854e-02
3.134647e-02;1.409606e-01;1.317172e-01;7.201137e-02;6.832124e-02;1.214799e-01;1.431732e-01;9.008022e-02;5.000489e-02;5.876740e-02;4.349152e-02;4.864594e-02
4.825807e-02;1.262653e-01;9.268290e-02;1.021863e-01;6.285170e-02;1.154438e-01;1.526128e-01;8.796957e-02;4.973887e-02;3.407928e-02;4.138139e-02;8.653001e-02
5.145531e-02;1.223185e-01;1.084824e-01;1.451818e-01;5.426751e-02;8.789207e-02;1.493850e-01;7.920601e-02;4.487748e-02;4.010086e-02;2.644628e-02;9.038668e-02
2.890672e-02;6.090486e-02;1.453726e-01;1.199340e-01;6.326146e-02;1.225375e-01;1.210818e-01;8.957982e-02;5.991401e-02;5.679488e-02;5.934932e-02;7.236282e-02
2.335483e-02;7.626124e-02;1.302985e-01;9.675196e-02;9.148145e-02;1.019205e-01;1.203941e-01;8.112372e-02;1.045645e-01;7.655967e-02;5.488409e-02;4.240542e-02
2.991241e-02;8.053769e-02;1.104549e-01;1.117826e-01;9.638599e-02;7.530929e-02;1.136495e-01;1.245696e-01;1.393764e-01;6.896721e-02;2.569708e-02;2.335737e-02
2.116733e-02;8.789088e-02;1.366871e-01;1.315256e-01;7.925643e-02;8.985174e-02;7.673810e-02;1.742652e-01;1.341014e-01;3.784819e-02;1.166558e-02;1.900242e-02
7.839232e-03;1.061553e-01;2.102706e-01;8.368777e-02;5.377671e-02;8.117589e-02;7.983908e-02;2.237307e-01;8.177336e-02;3.102086e-02;2.093151e-02;1.979914e-02
1.505679e-02;1.677335e-01;1.871919e-01;7.414670e-02;4.618357e-02;1.327786e-01;9.105092e-02;1.854844e-01;3.428679e-02;2.275305e-02;3.192000e-02;1.141362e-02
2.479970e-02;2.295454e-01;1.820113e-01;4.981596e-02;4.506069e-02;1.349729e-01;9.557615e-02;1.389607e-01;4.217762e-02;2.458917e-02;2.417153e-02;8.318992e-03
4.608566e-02;2.504508e-01;2.140031e-01;5.160885e-02;4.656019e-02;1.465626e-01;6.295253e-02;9.724178e-02;3.115505e-02;3.081192e-02;1.185119e-02;1.071637e-02
7.619417e-02;2.279722e-01;1.604132e-01;5.668218e-02;5.941617e-02;2.148406e-01;5.900163e-02;4.521244e-02;3.475208e-02;4.687687e-02;9.510904e-03;9.127636e-03
9.066954e-02;2.173416e-01;6.750847e-02;2.624758e-02;5.833425e-02;2.375070e-01;8.080625e-02;9.474005e-02;5.462112e-02;4.998966e-02;1.101869e-02;1.121579e-02
7.917415e-02;2.001433e-01;7.265277e-02;2.694812e-02;5.348192e-02;2.248498e-01;7.482344e-02;1.078100e-01;7.144249e-02;4.687138e-02;9.612830e-03;3.218975e-02
4.782740e-02;1.431326e-01;9.688889e-02;3.530261e-02;5.222138e-02;2.178660e-01;5.607085e-02;1.432049e-01;8.379763e-02;4.814091e-02;2.978098e-02;4.576582e-02
4.675009e-02;1.715973e-01;1.107800e-01;3.392500e-02;4.133177e-02;1.670777e-01;4.511108e-02;1.688350e-01;7.946038e-02;4.249781e-02;4.206439e-02;5.056942e-02
4.919408e-02;2.255919e-01;1.339805e-01;3.324198e-02;5.416242e-02;8.099575e-02;5.771337e-02;1.098546e-01;1.051233e-01;7.695492e-02;3.560462e-02;3.758267e-02
2.859422e-02;2.398498e-01;1.088591e-01;3.550473e-02;2.740450e-02;1.569578e-01;6.428995e-02;1.353813e-01;6.245686e-02;6.877209e-02;2.230874e-02;4.962084e-02
4.098799e-02;2.397201e-01;7.110249e-02;4.582373e-02;1.531097e-02;1.486592e-01;4.150039e-02;1.915976e-01;7.754321e-02;6.052398e-02;2.063286e-02;4.659756e-02
5.024423e-02;2.153700e-01;9.054286e-02;4.442259e-02;2.043697e-02;1.214111e-01;3.452836e-02;1.855575e-01;1.177377e-01;6.219890e-02;2.588934e-02;3.166056e-02
4.084021e-02;2.027376e-01;3.951823e-02;3.974556e-02;2.796595e-02;1.316174e-01;4.351510e-02;2.204462e-01;1.079105e-01;6.604181e-02;3.771249e-02;4.194891e-02
2.809133e-02;1.806656e-01;8.236312e-02;1.986025e-02;3.182994e-02;1.021429e-01;3.509512e-02;2.539749e-01;1.163645e-01;5.250267e-02;4.413116e-02;5.297856e-02
4.191410e-02;1.326361e-01;1.155667e-01;3.311386e-02;4.668647e-02;9.604820e-02;4.824808e-02;2.358843e-01;9.687003e-02;5.114504e-02;4.693848e-02;5.494860e-02
3.626566e-02;5.939206e-02;1.306014e-01;6.192337e-02;6.348380e-02;1.355004e-01;6.143477e-02;2.007068e-01;1.097974e-01;4.705538e-02;4.437434e-02;4.946458e-02
3.198392e-02;1.023243e-01;1.175881e-01;7.259487e-02;5.106692e-02;1.623733e-01;6.653681e-02;1.540524e-01;1.286686e-01;3.209318e-02;4.293522e-02;3.778236e-02
