7.035983e-02;7.956538e-02;6.846187e-02;4.184006e-02;6.163516e-02;3.390685e-02;1.197021e-01;7.072958e-02;8.924954e-02;1.276392e-01;1.066741e-01;1.302363e-01
8.499017e-02;8.333424e-02;7.460751e-02;3.690551e-02;7.643619e-02;5.532290e-02;1.292967e-01;7.391565e-02;7.256310e-02;1.084057e-01;9.463519e-02;1.095870e-01
1.042411e-01;7.307631e-02;6.996848e-02;4.768556e-02;7.160231e-02;5.435152e-02;1.172242e-01;4.961290e-02;6.238352e-02;1.196076e-01;1.179246e-01;1.123218e-01
8.651096e-02;5.807910e-02;1.130001e-01;4.703121e-02;6.948332e-02;4.291002e-02;1.792651e-01;3.668578e-02;7.182605e-02;1.124816e-01;1.008783e-01;8.184845e-02
6.492069e-02;3.498509e-02;1.528890e-01;4.568530e-02;5.931073e-02;3.626640e-02;2.595882e-01;6.759726e-02;6.022372e-02;9.048323e-02;9.534800e-02;3.270244e-02
5.125084e-02;3.523833e-02;1.710723e-01;5.427643e-02;4.720864e-02;3.606108e-02;2.730397e-01;7.209484e-02;6.115328e-02;7.798562e-02;8.195254e-02;3.866639e-02
8.833011e-02;6.999865e-02;9.037792e-02;4.016075e-02;5.784721e-02;4.767300e-02;2.367486e-01;6.043814e-02;7.660333e-02;8.656370e-02;9.470052e-02;5.055800e-02
1.520796e-01;9.516815e-02;6.383301e-02;5.566519e-02;5.077047e-02;5.699473e-02;1.174458e-01;6.873450e-02;1.252917e-01;7.365123e-02;8.570094e-02;5.466466e-02
1.155098e-01;8.164190e-02;1.033407e-01;5.299854e-02;5.218837e-02;6.217531e-02;1.263036e-01;7.402140e-02;1.222221e-01;9.001000e-02;6.693477e-02;5.265347e-02
9.017684e-02;5.627440e-02;1.252709e-01;3.926196e-02;6.262818e-02;7.115515e-02;1.306855e-01;6.350321e-02;9.861688e-02;7.438554e-02;9.624477e-02;9.179661e-02
9.923840e-02;9.610145e-02;9.648401e-02;4.197058e-02;1.003157e-01;9.424516e-02;9.967855e-02;4.368642e-02;3.178522e-02;9.537688e-02;9.373847e-02;1.073791e-01
1.301615e-01;1.195563e-01;5.640665e-02;6.178624e-02;1.019192e-01;9.396136e-02;6.038306e-02;3.304002e-02;7.087395e-02;1.126480e-01;5.166477e-02;1.075989e-01
1.199022e-01;1.017018e-01;8.859760e-02;6.708746e-02;6.461843e-02;8.278630e-02;3.782553e-02;4.118507e-02;1.001499e-01;8.955307e-02;5.664701e-02;1.499457e-01
4.573453e-02;5.410178e-02;1.427247e-01;5.720851e-02;3.444655e-02;7.264537e-02;6.842739e-02;7.003864e-02;9.014028e-02;6.785005e-02;9.270994e-02;2.039723e-01
1.077868e-01;3.295504e-02;1.254010e-01;4.145294e-02;7.956322e-02;5.803312e-02;1.177679e-01;6.248500e-02;5.305700e-02;4.219176e-02;1.290495e-01;1.502567e-01
1.132540e-01;6.617498e-02;1.001257e-01;4.671905e-02;6.996705e-02;7.585141e-02;1.167146e-01;4.392059e-02;5.788989e-02;8.295466e-02;8.875826e-02;1.376698e-01
6.801464e-02;8.489948e-02;6.339637e-02;4.300939e-02;6.447456e-02;5.701226e-02;8.808634e-02;3.832911e-02;1.444381e-01;2.103535e-01;4.113160e-02;9.685462e-02
4.695444e-02;5.841443e-02;5.004924e-02;3.814749e-02;6.948727e-02;3.321077e-02;8.338667e-02;2.366542e-02;1.549417e-01;3.274999e-01;3.334497e-02;8.089770e-02
4.475939e-02;3.769431e-02;5.003917e-02;5.260874e-02;5.240164e-02;3.260838e-02;7.260691e-02;5.825523e-02;2.082005e-01;2.460451e-01;5.175099e-02;9.302973e-02
3.723174e-02;2.245961e-02;4.832174e-02;4.313317e-02;3.711495e-02;3.653945e-02;7.520181e-02;1.620090e-01;2.129849e-01;2.027541e-01;5.538728e-02;6.686225e-02
3.496077e-02;2.278925e-02;4.896598e-02;3.594974e-02;3.810408e-02;2.015810e-02;7.547656e-02;2.502445e-01;1.856071e-01;2.046908e-01;4.139626e-02;4.165688e-02
2.395557e-02;2.096267e-02;5.363423e-02;3.783705e-02;3.397339e-02;2.733146e-02;6.490431e-02;1.917240e-01;2.649631e-01;2.140561e-01;2.935195e-02;3.730622e-02
3.103693e-02;3.151730e-02;5.464137e-02;4.500397e-02;4.346211e-02;5.763419e-02;9.357999e-02;1.140103e-01;2.667281e-01;1.758083e-01;4.716489e-02;3.941258e-02
1.661243e-02;3.245470e-02;4.456709e-02;4.677438e-02;3.652971e-02;6.161880e-02;1.130411e-01;7.751476e-02;2.355725e-01;2.351411e-01;5.036064e-02;4.981272e-02
2.282635e-02;2.933107e-02;2.589259e-02;4.119587e-02;5.559014e-02;6.876127e-02;9.558950e-02;7.226658e-02;2.844817e-01;2.113325e-01;4.409249e-02;4.863999e-02
3.019520e-02;3.425368e-02;2.242518e-02;3.590791e-02;8.956790e-02;9.264514e-02;1.091202e-01;9.783275e-02;2.528229e-01;1.321543e-01;5.795467e-02;4.512021e-02
4.971449e-02;3.247590e-02;4.781240e-02;3.004374e-02;9.620605e-02;1.539499e-01;1.477926e-01;9.015813e-02;1.617598e-01;6.631655e-02;5.653940e-02;6.723100e-02
6.804581e-02;4.525245e-02;1.331795e-01;3.214876e-02;7.785929e-02;1.517061e-01;1.630172e-01;3.275324e-02;1.053567e-01;7.405853e-02;5.160915e-02;6.501328e-02
7.063188e-02;5.756897e-02;2.070679e-01;3.560895e-02;7.250536e-02;4.416256e-02;1.813994e-01;2.891176e-02;7.829080e-02;9.988356e-02;7.264509e-02;5.132380e-02
5.253625e-02;5.266429e-02;1.890297e-01;3.295439e-02;5.542152e-02;7.668160e-02;2.273868e-01;5.854497e-02;5.994792e-02;7.959910e-02;5.681435e-02;5.841913e-02
3.936439e-02;3.742252e-02;1.636793e-01;4.113165e-02;3.043387e-02;8.685710e-02;2.782773e-01;8.152243e-02;6.715865e-02;6.900362e-02;4.119974e-02;6.394940e-02
5.485311e-02;2.672251e-02;1.148550e-01;6.033859e-02;2.679292e-02;5.272470e-02;2.319477e-01;7.043129e-02;1.279682e-01;1.275556e-01;5.957966e-02;4.623063e-02
6.694726e-02;3.089920e-02;7.090866e-02;5.338611e-02;4.799708e-02;2.974957e-02;1.226888e-01;5.238257e-02;1.421389e-01;2.545432e-01;1.048715e-01;2.348712e-02
3.938048e-02;5.505469e-02;3.200686e-02;2.136357e-02;6.374864e-02;2.642931e-02;6.657612e-02;3.618076e-02;7.928269e-02;3.386799e-01;2.115028e-01;2.979421e-02
4.010201e-02;3.947112e-02;5.217511e-02;1.226966e-02;4.010274e-02;6.116225e-02;4.036636e-02;2.631199e-02;2.846693e-02;2.470235e-01;3.400279e-01;7.252043e-02
8.371935e-02;1.340379e-02;6.441065e-02;1.363427e-02;2.454529e-02;7.683452e-02;5.389506e-02;1.523282e-02;3.153314e-02;1.157043e-01;3.522579e-01;1.548289e-01
1.653822e-01;1.567184e-02;5.901485e-02;1.895307e-02;2.927778e-02;5.782978e-02;9.564941e-02;2.253274e-02;3.377802e-02;4.871235e-02;2.246981e-01;2.284999e-01
2.254617e-01;2.204702e-02;3.266464e-02;2.741516e-02;2.633993e-02;3.515406e-02;1.328540e-01;3.089418e-02;2.131877e-02;2.493786e-02;1.255586e-01;2.953540e-01
2.513269e-01;4.620355e-02;2.261339e-02;3.625723e-02;1.332588e-02;2.865342e-02;1.656540e-01;3.298486e-02;9.597607e-03;1.771812e-02;7.563090e-02;3.000341e-01
1.980826e-01;4.455190e-02;2.026776e-02;4.108447e-02;1.519018e-02;3.464911e-02;2.089546e-01;3.320436e-02;1.587306e-02;2.314027e-02;6.614316e-02;2.988585e-01
1.891719e-02;3.742179e-02;3.109270e-02;4.502873e-02;2.306044e-02;3.828895e-02;2.972076e-01;4.322802e-02;2.984131e-02;2.836343e-02;7.164052e-02;3.359093e-01
1.203479e-01;2.980063e-02;3.101648e-02;6.080934e-02;1.226578e-02;9.945837e-03;2.721319e-01;4.669632e-02;1.615930e-02;3.322614e-02;4.469759e-02;3.229027e-01
1.226087e-01;2.076117e-02;2.162213e-02;6.611214e-02;6.817321e-03;1.799311e-02;2.808763e-01;4.326896e-02;1.824873e-02;4.726120e-02;3.224017e-02;3.221900e-01
1.006983e-01;1.732608e-02;3.017453e-02;5.322266e-02;9.591890e-03;4.260786e-02;2.782098e-01;4.286210e-02;4.138863e-02;3.705208e-02;6.026853e-02;2.865975e-01
7.683770e-02;1.138254e-02;5.732263e-02;2.792501e-02;1.756034e-02;7.863252e-02;2.405484e-01;4.501215e-02;6.098370e-02;3.262060e-02;1.143958e-01;2.367786e-01
6.011387e-02;2.401834e-02;9.013852e-02;1.207131e-02;2.758022e-02;9.313744e-02;1.759841e-01;4.811518e-02;6.018806e-02;4.825294e-02;1.591003e-01;2.012997e-01
5.561771e-02;4.669907e-02;9.831882e-02;3.354003e-02;5.105760e-02;5.832318e-02;1.221119e-01;5.384655e-02;6.137515e-02;9.543372e-02;1.053729e-01;2.183035e-01
5.227656e-02;5.303307e-02;6.711511e-02;5.124721e-02;5.553021e-02;3.691854e-02;1.301711e-01;1.121529e-01;8.530876e-02;8.588088e-02;8.224732e-02;1.881184e-01
5.295883e-02;7.647187e-02;7.760151e-02;6.048838e-02;5.283480e-02;5.741351e-02;1.274747e-01;9.028156e-02;9.162097e-02;5.978925e-02;6.269981e-02;1.903648e-01
7.935107e-02;7.722570e-02;9.631924e-02;6.371431e-02;5.082786e-02;5.773859e-02;1.386933e-01;6.136508e-02;8.987449e-02;5.351949e-02;4.629359e-02;1.850772e-01
9.393237e-02;5.162767e-02;1.043319e-01;6.356026e-02;6.241442e-02;4.386987e-02;1.664657e-01;9.019116e-02;8.341029e-02;4.421622e-02;3.451005e-02;1.614701e-01
6.018679e-02;4.485539e-02;9.567537e-02;8.168459e-02;6.191574e-02;5.881459e-02;1.957770e-01;1.028337e-01;5.476569e-02;5.463131e-02;5.835441e-02;1.305054e-01
8.086837e-02;5.828663e-02;1.067633e-01;6.770378e-02;5.747923e-02;6.343649e-02;1.701407e-01;1.003083e-01;6.381278e-02;9.159099e-02;6.909633e-02;7.051308e-02
7.751366e-02;8.277150e-02;2.092724e-01;9.259417e-02;8.193738e-02;5.688675e-02;1.429286e-01;4.417204e-02;7.056708e-02;5.473086e-02;4.549463e-02;4.113095e-02
6.730045e-02;7.383576e-02;2.971531e-01;9.570508e-02;6.751242e-02;5.065094e-02;1.072303e-01;5.347172e-02;6.451033e-02;5.520667e-02;3.371530e-02;3.370798e-02
5.186848e-02;5.131140e-02;3.659497e-01;8.969250e-02;4.929757e-02;4.435367e-02;1.309243e-01;5.242685e-02;6.204404e-02;5.514639e-02;2.021254e-02;2.677262e-02
4.074264e-02;1.497701e-02;4.082698e-01;8.752252e-02;4.296868e-02;3.391211e-02;1.571246e-01;5.181621e-02;6.493337e-02;5.948916e-02;2.448855e-02;1.375540e-02
6.020930e-02;7.015850e-02;3.674262e-01;7.118539e-02;3.224849e-02;3.303867e-02;1.505073e-01;4.377791e-02;5.687366e-02;5.342733e-02;3.392084e-02;2.722638e-02
1.354519e-01;1.619992e-01;2.457809e-01;4.216715e-02;3.288549e-02;6.206343e-02;1.098894e-01;3.430373e-02;3.624970e-02;3.921775e-02;3.918473e-02;6.080664e-02
2.387401e-01;1.746336e-01;1.444848e-01;2.928152e-02;3.046142e-02;6.059226e-02;7.459071e-02;3.603583e-02;2.837670e-02;2.915881e-02;6.212576e-02;9.151841e-02
2.443725e-01;1.460868e-01;2.058285e-01;2.942136e-02;4.235679e-02;3.605776e-02;6.911138e-02;3.206894e-02;2.300763e-02;2.555157e-02;6.401227e-02;8.212438e-02
1.039244e-01;1.087216e-01;3.947717e-01;2.760087e-02;4.663018e-02;3.477346e-02;6.426919e-02;2.443879e-02;1.707399e-02;5.592511e-02;5.963682e-02;6.223394e-02
6.446984e-02;6.053767e-02;4.749599e-01;4.436038e-02;4.074692e-02;2.479183e-02;9.163211e-02;3.123803e-02;3.572098e-02;5.934790e-02;3.727023e-02;3.492425e-02
3.657817e-02;6.153404e-02;4.318780e-01;5.426084e-02;3.378612e-02;3.060771e-02;8.016375e-02;5.361509e-02;7.434030e-02;5.074691e-02;4.520554e-02;4.728351e-02
5.544448e-02;7.495280e-02;2.928403e-01;5.540892e-02;2.943467e-02;3.412243e-02;5.798720e-02;8.240850e-02;9.086540e-02;7.321248e-02;7.846126e-02;7.486152e-02
5.443406e-02;6.492158e-02;1.495713e-01;3.477532e-02;2.475207e-02;3.103935e-02;1.041914e-01;1.334323e-01;1.339795e-01;9.330874e-02;8.846626e-02;8.712801e-02
7.817709e-02;5.321990e-02;9.958901e-02;3.573148e-02;2.673622e-02;5.029067e-02;1.180913e-01;1.852733e-01;1.460609e-01;8.968058e-02;5.884342e-02;5.830612e-02
4.675773e-02;4.996818e-02;1.272489e-01;3.470689e-02;5.103004e-02;6.745312e-02;1.552914e-01;1.713162e-01;1.071474e-01;8.713903e-02;6.091913e-02;4.102193e-02
4.552009e-02;5.791359e-02;1.092762e-01;3.136411e-02;6.131236e-02;7.193536e-02;1.585066e-01;1.587503e-01;1.009338e-01;9.484062e-02;5.480583e-02;5.484116e-02
6.308211e-02;6.035386e-02;8.980180e-02;3.812844e-02;8.033921e-02;5.771371e-02;1.720747e-01;1.070883e-01;1.297013e-01;8.919456e-02;6.988260e-02;4.263938e-02
8.672442e-02;6.196478e-02;7.565072e-02;4.600342e-02;1.005567e-01;7.335738e-02;1.363534e-01;4.203268e-02;1.167060e-01;1.190128e-01;7.817031e-02;6.346742e-02
8.015690e-02;5.410369e-02;1.319235e-01;3.750279e-02;9.778607e-02;6.971724e-02;1.432767e-01;8.692455e-02;6.167263e-02;9.634469e-02;4.714576e-02;9.344552e-02
7.655756e-02;3.827501e-02;2.288432e-01;4.617221e-02;7.454808e-02;5.176057e-02;1.962305e-01;7.362889e-02;4.591941e-02;5.165745e-02;4.128908e-02;7.511798e-02
6.447838e-02;2.162292e-02;3.948155e-01;3.672534e-02;6.318738e-02;3.088543e-02;1.670589e-01;5.617875e-02;4.062573e-02;3.453128e-02;4.566595e-02;4.422450e-02
4.706668e-02;3.270518e-02;5.789795e-01;4.849457e-02;4.505170e-02;3.071983e-02;7.363592e-02;3.029191e-02;2.845355e-02;2.843552e-02;2.691581e-02;2.924986e-02
4.018505e-02;3.845645e-02;6.258349e-01;4.513610e-02;4.279941e-02;2.306530e-02;4.033297e-02;1.935833e-02;2.134772e-02;3.178252e-02;3.601352e-02;3.568777e-02
6.733681e-02;4.210081e-02;5.237978e-01;3.068563e-02;4.580180e-02;2.240225e-02;6.432058e-02;3.709940e-02;1.828433e-02;3.362474e-02;5.780694e-02;5.673896e-02
1.257345e-01;4.996312e-02;3.839889e-01;1.322117e-02;5.639883e-02;8.967357e-03;7.975899e-02;7.313572e-02;1.672674e-02;3.519515e-02;7.673197e-02;8.017755e-02
1.402424e-01;5.132736e-02;4.271684e-01;1.540886e-02;4.837938e-02;1.790737e-02;4.513016e-02;7.220910e-02;1.185057e-02;2.666894e-02;7.700060e-02;6.670690e-02
1.293138e-01;4.654948e-02;4.396734e-01;1.223305e-02;4.910591e-02;1.677468e-02;5.444996e-02;5.833086e-02;9.267434e-03;3.433454e-02;7.988327e-02;7.008372e-02
1.270738e-01;5.320145e-02;5.511986e-01;1.477354e-02;4.573911e-02;1.894671e-02;1.419980e-02;3.123682e-02;2.067751e-02;2.663267e-02;5.040949e-02;4.591052e-02
6.255762e-02;4.645830e-02;6.887226e-01;3.037794e-02;4.733218e-02;2.353312e-02;2.162858e-02;1.231502e-02;1.124121e-02;1.453325e-02;2.742711e-02;1.387304e-02
1.693498e-02;2.884441e-02;7.033143e-01;4.467430e-02;8.385837e-02;3.439484e-02;2.062879e-02;1.105005e-02;1.005818e-02;1.472910e-02;2.102188e-02;1.049083e-02
5.691692e-03;1.119777e-02;5.380432e-01;5.359825e-02;1.632356e-01;7.242256e-02;7.616504e-02;8.894861e-03;6.671447e-03;1.257713e-02;2.733108e-02;2.417137e-02
8.802591e-03;6.451682e-03;2.855805e-01;5.022960e-02;2.635049e-01;1.276617e-01;1.594091e-01;6.561363e-03;1.146432e-02;6.731906e-03;1.958787e-02;5.401438e-02
8.893387e-03;5.616894e-03;1.998560e-01;3.966675e-02;2.960367e-01;1.592022e-01;1.871648e-01;3.953092e-03;1.260305e-02;7.656785e-03;5.145776e-03;7.420461e-02
6.378529e-03;4.743933e-03;1.806354e-01;3.510103e-02;3.054798e-01;1.751562e-01;1.923422e-01;5.472979e-03;1.228529e-02;7.005767e-03;5.260344e-03;7.013845e-02
1.632326e-02;4.306955e-03;9.634703e-02;2.987621e-02;3.072038e-01;1.919930e-01;2.613542e-01;6.104732e-03;1.665465e-02;5.658890e-03;5.341159e-03;5.883615e-02
2.649636e-02;6.627917e-03;9.725093e-02;2.244337e-02;2.632235e-01;1.919573e-01;3.172859e-01;7.061718e-03;1.543938e-02;7.797349e-03;4.277037e-03;4.013919e-02
5.828363e-02;6.340105e-03;4.713606e-02;1.453213e-02;2.045509e-01;1.834796e-01;4.411655e-01;6.872883e-03;6.725054e-03;5.838186e-03;3.218562e-03;2.185735e-02
7.034013e-02;6.487704e-03;1.813353e-02;7.672941e-03;1.407649e-01;1.629203e-01;5.604987e-01;1.020359e-02;3.649327e-03;1.051898e-02;2.131477e-03;6.678436e-03
6.363276e-02;1.182885e-02;1.260731e-02;6.451282e-03;1.016017e-01;1.406372e-01;6.342430e-01;9.898781e-03;3.682586e-03;8.867892e-03;2.222911e-03;4.325663e-03
5.687589e-02;1.498991e-02;5.660041e-03;6.012246e-03;8.416548e-02;1.300321e-01;6.741232e-01;9.564679e-03;3.914564e-03;7.301226e-03;3.034225e-03;4.326445e-03
5.617354e-02;9.643042e-03;1.721726e-02;6.701087e-03;8.606390e-02;1.233206e-01;6.738622e-01;8.872448e-03;4.175962e-03;5.417893e-03;3.910437e-03;4.641695e-03
5.052819e-02;1.993369e-02;1.635476e-02;5.737670e-03;8.660685e-02;1.112956e-01;6.765958e-01;1.038481e-02;6.997061e-03;7.919781e-03;2.973700e-03;4.672073e-03
4.260616e-02;3.564523e-02;3.247533e-02;1.308464e-02;6.043273e-02;7.738040e-02;6.392159e-01;2.194955e-02;2.345558e-02;2.036853e-02;1.729893e-02;1.608697e-02
2.746330e-02;3.923627e-02;5.103992e-02;2.113995e-02;2.831572e-02;4.483640e-02;6.248849e-01;3.900633e-02;4.306316e-02;3.030906e-02;2.851491e-02;2.219001e-02
9.875893e-03;2.334019e-02;4.118896e-02;1.746035e-02;2.979899e-02;4.321194e-02;6.806039e-01;5.726279e-02;3.817488e-02;2.180098e-02;2.094944e-02;1.633169e-02
4.538719e-03;1.117999e-02;1.826020e-02;6.472265e-03;2.153513e-02;4.049438e-02;7.904143e-01;6.095393e-02;2.055599e-02;7.848599e-03;1.155360e-02;6.192883e-03
4.882222e-03;4.353821e-03;8.791436e-03;3.375706e-03;1.857690e-02;4.216397e-02;8.385118e-01;3.974402e-02;1.392858e-02;7.846191e-03;1.345861e-02;4.366681e-03
3.720544e-03;1.533052e-02;4.342273e-03;2.729972e-03;2.254097e-02;4.991143e-02;8.340749e-01;3.340670e-02;1.187401e-02;6.663216e-03;1.171505e-02;3.690400e-03
5.951747e-03;2.949861e-02;6.615062e-03;3.936592e-03;2.619246e-02;5.852892e-02;8.030327e-01;2.924203e-02;8.697787e-03;6.405144e-03;1.439727e-02;7.501689e-03
1.027111e-02;5.516152e-02;1.231633e-02;3.196249e-03;3.592477e-02;6.830072e-02;7.522501e-01;1.886050e-02;9.256445e-03;5.169732e-03;1.216341e-02;1.712912e-02
1.700293e-02;9.066372e-02;1.521506e-02;3.191377e-03;4.987426e-02;8.238558e-02;6.810345e-01;1.596043e-02;8.741402e-03;4.852831e-03;9.206469e-03;2.187140e-02
5.328606e-02;9.623154e-02;1.821364e-02;6.248855e-03;7.531198e-02;1.069431e-01;5.898868e-01;1.468289e-02;5.506788e-03;1.134270e-02;6.479543e-03;1.586612e-02
8.906908e-02;6.027164e-02;2.196223e-02;2.123517e-02;1.236483e-01;1.474821e-01;4.859691e-01;1.534635e-02;7.141035e-03;1.646264e-02;3.618183e-03;7.794220e-03
8.803423e-02;1.815844e-02;6.195650e-02;4.236739e-02;1.781119e-01;1.654331e-01;3.927520e-01;1.205298e-02;9.161001e-03;1.557560e-02;1.062263e-02;5.774200e-03
5.073496e-02;2.103488e-02;1.744521e-01;5.331519e-02;2.099902e-01;1.511127e-01;2.615939e-01;1.660711e-02;1.819897e-02;1.942876e-02;1.493546e-02;8.595794e-03
3.201908e-02;2.274836e-02;2.762571e-01;6.465314e-02;2.243181e-01;1.351666e-01;1.364467e-01;1.505656e-02;2.410666e-02;2.205331e-02;1.931326e-02;2.786112e-02
1.751099e-02;5.330772e-02;2.712508e-01;5.027038e-02;1.628205e-01;9.847692e-02;1.820203e-01;2.173452e-02;2.339369e-02;2.129086e-02;3.859172e-02;5.933162e-02
4.246621e-02;1.218723e-01;2.708087e-01;3.430668e-02;7.953140e-02;5.075241e-02;1.266906e-01;1.957200e-02;4.906844e-02;4.721755e-02;7.160619e-02;8.610743e-02
4.747740e-02;1.460443e-01;2.615486e-01;4.079327e-02;3.539902e-02;3.452607e-02;9.722915e-02;3.097095e-02;6.323621e-02;6.453586e-02;8.525293e-02;9.298622e-02
3.533694e-02;1.376478e-01;2.456134e-01;5.953838e-02;2.655062e-02;3.563426e-02;1.192459e-01;3.099982e-02;7.013201e-02;6.558837e-02;7.389084e-02;9.982168e-02
7.462086e-02;7.662433e-02;1.217741e-01;6.311639e-02;8.956932e-02;6.768375e-02;2.038976e-01;2.962749e-02;7.255059e-02;5.711010e-02;5.338461e-02;9.004086e-02
6.020956e-02;7.920637e-02;1.130374e-01;4.651155e-02;1.212575e-01;1.003694e-01;1.501951e-01;4.607950e-02;4.822969e-02;5.756295e-02;7.542352e-02;1.019174e-01
8.225352e-02;6.546631e-02;1.043388e-01;8.207980e-02;4.719833e-02;5.089502e-02;1.186707e-01;9.804231e-02;8.174758e-02;7.776502e-02;1.023635e-01;8.917918e-02
9.168068e-02;6.520502e-02;1.101227e-01;9.301772e-02;3.388724e-02;4.063309e-02;1.321430e-01;1.012725e-01;7.795557e-02;6.825525e-02;1.110005e-01;7.482667e-02
9.877172e-02;5.066409e-02;1.630812e-01;8.979236e-02;3.675733e-02;4.293471e-02;1.444774e-01;8.566285e-02;6.822672e-02;6.238545e-02;9.594199e-02;6.130420e-02
8.337516e-02;4.544685e-02;2.878111e-01;5.543541e-02;6.537344e-02;6.925193e-02;1.171975e-01;4.769642e-02;5.174737e-02;5.793862e-02;6.431556e-02;5.441068e-02
1.170766e-01;7.858618e-02;3.168415e-01;4.136363e-02;7.446775e-02;6.022337e-02;1.195881e-01;1.791319e-02;2.347175e-02;4.007746e-02;6.276036e-02;4.763014e-02
1.792039e-01;7.766946e-02;2.080483e-01;5.293327e-02;5.552543e-02;4.068762e-02;1.610626e-01;1.368911e-02;2.356545e-02;4.286438e-02;8.998331e-02;5.476710e-02
1.931015e-01;9.036931e-02;1.219444e-01;4.829324e-02;4.600438e-02;3.531777e-02;1.732333e-01;2.026656e-02;3.185795e-02;3.887690e-02;1.278840e-01;7.285077e-02
1.454960e-01;8.050191e-02;9.387203e-02;4.308951e-02;4.416380e-02;3.867434e-02;1.349476e-01;2.804167e-02;3.497104e-02;6.564151e-02;1.690675e-01;1.215331e-01
9.255987e-02;4.724823e-02;1.173889e-01;3.677528e-02;2.923945e-02;4.966990e-02;1.026147e-01;3.123412e-02;2.924713e-02;1.236959e-01;1.752140e-01;1.651126e-01
5.219822e-02;4.254847e-02;1.190867e-01;3.986408e-02;3.380344e-02;6.729716e-02;1.015471e-01;2.345737e-02;2.983926e-02;1.538842e-01;2.032192e-01;1.332548e-01
1.068344e-01;8.341821e-02;1.796219e-01;6.061317e-02;6.367043e-02;5.730144e-02;1.497049e-01;5.755356e-02;4.492745e-02;7.656472e-02;7.107649e-02;4.871336e-02
1.160166e-01;1.109817e-01;2.488004e-01;6.079907e-02;6.875201e-02;3.731134e-02;1.370804e-01;6.845104e-02;4.104326e-02;3.767136e-02;3.359497e-02;3.949781e-02
1.278565e-01;1.033237e-01;2.157231e-01;6.835996e-02;5.625793e-02;3.178560e-02;1.476201e-01;5.972836e-02;3.197016e-02;3.428821e-02;4.341922e-02;7.966727e-02
1.055741e-01;6.484868e-02;1.411426e-01;7.683595e-02;5.164826e-02;9.862591e-02;1.660062e-01;4.699950e-02;2.016619e-02;3.630800e-02;8.293892e-02;1.089057e-01
4.953986e-02;3.775929e-02;8.666614e-02;5.907478e-02;7.119566e-02;2.235578e-01;1.419744e-01;4.185159e-02;1.871594e-02;5.798902e-02;1.305073e-01;8.116820e-02
2.419176e-02;6.237978e-02;5.499499e-02;3.305926e-02;1.181185e-01;2.749664e-01;6.943258e-02;7.979213e-02;2.581337e-02;1.194045e-01;1.036846e-01;3.416220e-02
1.005824e-02;8.724362e-02;2.391402e-02;4.512570e-02;1.905248e-01;1.802503e-01;4.346457e-02;1.267753e-01;3.509272e-02;1.950169e-01;4.727864e-02;1.525516e-02
1.438293e-02;7.847807e-02;2.609217e-02;7.516678e-02;2.111209e-01;8.040107e-02;3.579381e-02;1.270301e-01;7.180788e-02;2.294939e-01;2.668694e-02;2.354546e-02
3.145612e-02;6.818162e-02;3.426583e-02;1.114095e-01;1.945243e-01;4.334300e-02;3.282713e-02;8.186578e-02;1.029058e-01;2.387774e-01;3.294381e-02;2.749969e-02
6.192888e-02;4.556692e-02;4.983992e-02;1.552159e-01;1.667153e-01;2.383312e-02;3.121570e-02;2.350385e-02;1.651735e-01;2.032350e-01;3.935695e-02;3.441486e-02
7.918665e-02;3.484841e-02;9.802862e-02;1.752280e-01;1.034057e-01;2.989373e-02;6.155739e-02;1.979605e-02;1.749241e-01;1.501137e-01;4.125753e-02;3.176025e-02
7.949211e-02;4.741410e-02;1.826046e-01;1.554997e-01;7.762267e-02;3.750432e-02;9.242800e-02;1.902195e-02;1.347710e-01;1.176690e-01;3.137686e-02;2.459570e-02
7.032256e-02;5.761325e-02;2.652306e-01;1.076491e-01;6.599899e-02;4.663799e-02;9.262784e-02;3.249235e-02;1.011772e-01;9.872173e-02;3.083800e-02;3.069040e-02
5.334149e-02;5.829599e-02;2.586448e-01;7.321576e-02;6.346052e-02;3.811757e-02;8.729204e-02;4.738327e-02;1.230324e-01;1.104953e-01;5.674419e-02;2.997666e-02
4.883346e-02;3.448854e-02;1.699321e-01;1.273828e-01;8.653162e-02;1.809927e-02;9.597511e-02;4.595798e-02;1.602665e-01;1.427410e-01;5.238932e-02;1.740230e-02
3.788684e-02;5.702084e-02;8.429308e-02;1.412600e-01;1.233004e-01;3.620438e-02;6.287077e-02;3.270329e-02;1.375829e-01;2.143960e-01;6.100875e-02;1.147278e-02
3.455378e-02;1.230984e-01;3.340324e-02;1.172158e-01;1.260951e-01;3.760675e-02;4.118317e-02;1.911902e-02;7.712008e-02;2.909975e-01;7.988539e-02;1.972173e-02
5.687533e-02;1.933182e-01;2.674965e-02;4.968128e-02;1.096581e-01;2.869795e-02;1.817789e-02;1.346338e-02;4.112653e-02;3.388724e-01;9.863412e-02;2.474520e-02
6.211199e-02;2.318655e-01;2.275739e-02;1.118504e-02;7.488657e-02;3.121060e-02;1.180655e-02;1.181637e-02;4.242759e-02;3.316000e-01;1.414274e-01;2.690501e-02
5.712127e-02;1.889460e-01;4.488595e-02;1.158234e-02;5.561912e-02;5.334235e-02;1.829064e-02;1.088618e-02;2.897888e-02;2.706660e-01;2.317984e-01;2.788281e-02
2.712652e-02;8.807066e-02;1.236103e-01;1.477029e-02;4.300742e-02;8.632081e-02;1.062058e-02;6.224651e-03;1.818416e-02;2.025823e-01;3.540805e-01;2.540181e-02
2.395657e-02;1.282598e-02;2.483242e-01;2.510733e-02;2.341165e-02;9.380155e-02;2.637062e-02;6.525022e-03;1.579085e-02;1.414891e-01;3.540567e-01;2.834039e-02
2.023416e-02;3.329223e-02;2.970456e-01;6.920399e-02;3.784021e-02;9.788095e-02;2.062459e-02;1.197226e-02;1.244139e-02;1.038756e-01;2.642770e-01;3.131204e-02
1.233292e-02;4.988915e-02;2.169075e-01;9.317844e-02;7.558398e-02;1.358479e-01;1.642145e-02;2.740183e-02;1.847790e-02;1.349989e-01;1.930888e-01;2.587118e-02
1.149825e-02;8.348568e-02;1.025622e-01;6.087451e-02;9.247031e-02;1.526060e-01;6.322537e-02;5.721895e-02;2.846636e-02;1.884623e-01;1.398674e-01;1.926274e-02
3.495756e-02;9.987071e-02;7.209671e-02;2.225983e-02;7.972623e-02;1.103237e-01;1.231968e-01;7.887387e-02;4.597404e-02;2.049631e-01;1.070478e-01;2.070970e-02
3.628791e-02;7.108714e-02;5.604237e-02;4.581983e-02;9.445941e-02;5.557105e-02;1.432578e-01;7.500903e-02;9.440111e-02;1.909435e-01;1.088278e-01;2.829302e-02
6.154972e-02;2.786261e-02;8.094034e-02;6.968380e-02;6.452232e-02;4.218087e-02;1.699255e-01;6.395151e-02;1.340028e-01;1.403348e-01;1.251172e-01;1.992844e-02
3.983521e-02;1.581611e-02;1.505750e-01;7.050087e-02;4.940822e-02;5.464323e-02;1.690740e-01;6.960064e-02;1.077612e-01;1.050185e-01;1.133038e-01;5.446308e-02
5.641089e-02;6.110926e-02;1.729986e-01;3.606201e-02;3.775070e-02;4.881774e-02;1.952645e-01;8.743739e-02;5.072477e-02;9.060239e-02;7.590883e-02;8.691298e-02
9.080120e-02;8.886753e-02;1.086351e-01;1.511568e-02;3.828184e-02;4.234328e-02;3.023203e-01;6.207027e-02;4.585353e-02;7.747921e-02;6.621423e-02;6.201789e-02
1.119120e-01;8.050942e-02;7.823221e-02;1.565818e-02;4.430030e-02;4.280702e-02;3.752385e-01;4.824322e-02;3.957276e-02;6.193075e-02;5.852343e-02;4.307222e-02
9.612172e-02;5.019958e-02;1.266432e-01;2.286128e-02;4.330298e-02;3.568086e-02;3.490246e-01;5.639344e-02;3.815725e-02;7.263488e-02;6.362962e-02;4.535059e-02
1.368518e-01;4.846386e-02;1.411168e-01;3.558533e-02;5.446187e-02;3.419108e-02;2.589036e-01;4.209133e-02;4.436165e-02;7.251643e-02;7.509961e-02;5.635671e-02
1.928335e-01;6.419507e-02;9.630024e-02;4.001585e-02;5.081131e-02;3.053397e-02;1.965769e-01;3.238688e-02;5.016631e-02;7.471938e-02;9.277359e-02;7.868694e-02
1.614537e-01;1.010417e-01;1.247907e-01;4.702527e-02;4.634878e-02;5.844669e-02;1.034607e-01;4.073422e-02;6.623019e-02;6.927219e-02;5.403251e-02;1.271634e-01
