2.946330e-02;1.007075e-01;1.601969e-01;1.076247e-01;5.920589e-02;7.659707e-02;1.218334e-01;7.859113e-02;7.178043e-02;8.167894e-02;7.133398e-02;4.098661e-02
6.589311e-02;8.990384e-02;1.640429e-01;8.728892e-02;5.753714e-02;6.452057e-02;1.208633e-01;7.679963e-02;7.210822e-02;7.826985e-02;6.442356e-02;5.834900e-02
1.032211e-01;5.674560e-02;1.502101e-01;9.218605e-02;5.769677e-02;2.954090e-02;7.744629e-02;6.862383e-02;7.735831e-02;9.679436e-02;5.677801e-02;1.333987e-01
1.021140e-01;5.509869e-02;1.580472e-01;9.623029e-02;4.119012e-02;3.543948e-02;3.588643e-02;5.768776e-02;8.134294e-02;7.906006e-02;7.387467e-02;1.840284e-01
1.037048e-01;6.503420e-02;1.120439e-01;6.000512e-02;2.776165e-02;4.805101e-02;5.210274e-02;4.639759e-02;7.152892e-02;8.157709e-02;1.295401e-01;2.022529e-01
5.048515e-02;1.295537e-01;7.475482e-02;4.696927e-02;5.462081e-02;5.175454e-02;9.480368e-02;7.299548e-02;7.701529e-02;7.015683e-02;1.483018e-01;1.285887e-01
7.425500e-02;1.223739e-01;8.276592e-02;4.759355e-02;6.057334e-02;5.753052e-02;1.043074e-01;6.044161e-02;6.000913e-02;8.772844e-02;1.804037e-01;6.201738e-02
7.633737e-02;8.351397e-02;1.093278e-01;5.190190e-02;4.553349e-02;5.402091e-02;9.181432e-02;4.739039e-02;7.798807e-02;1.163052e-01;1.900420e-01;5.582451e-02
8.629715e-02;9.027737e-02;1.667166e-01;5.573555e-02;3.528382e-02;5.044735e-02;6.948658e-02;6.058231e-02;9.590842e-02;9.377924e-02;1.543922e-01;4.109344e-02
9.242285e-02;8.114843e-02;1.319235e-01;3.974728e-02;4.474411e-02;6.569469e-02;5.453518e-02;8.025265e-02;1.224207e-01;1.305110e-01;9.922411e-02;5.737554e-02
1.000363e-01;7.694816e-02;6.580780e-02;4.134298e-02;6.209399e-02;7.245775e-02;1.131140e-01;8.512959e-02;1.427835e-01;9.124269e-02;7.826892e-02;7.077429e-02
6.791558e-02;7.354975e-02;1.302902e-01;4.113670e-02;5.099187e-02;6.441152e-02;1.298127e-01;7.529867e-02;1.314971e-01;7.185201e-02;8.179459e-02;8.144929e-02
5.016365e-02;9.042168e-02;1.698052e-01;7.423133e-02;3.580744e-02;6.006114e-02;1.261852e-01;1.056515e-01;1.004477e-01;5.915045e-02;5.139799e-02;7.667675e-02
5.571947e-02;8.939128e-02;1.410478e-01;6.142066e-02;9.226510e-02;6.457964e-02;1.664823e-01;1.357963e-01;5.365225e-02;5.181736e-02;3.820818e-02;4.961965e-02
6.028816e-02;6.234834e-02;1.288737e-01;5.231837e-02;1.216620e-01;1.600820e-01;1.490777e-01;1.222584e-01;5.939796e-02;4.249600e-02;2.320833e-02;1.798916e-02
5.350180e-02;5.496950e-02;1.352099e-01;9.240555e-02;1.005882e-01;1.949990e-01;1.096004e-01;7.388016e-02;6.551745e-02;5.151058e-02;2.839607e-02;3.942133e-02
4.927359e-02;9.194115e-02;1.261546e-01;7.854448e-02;8.544356e-02;1.827746e-01;1.323640e-01;3.938582e-02;6.029829e-02;7.678887e-02;3.727503e-02;3.975610e-02
7.058290e-02;1.013053e-01;1.487886e-01;6.547517e-02;2.372236e-01;1.307830e-01;8.676641e-02;2.748830e-02;3.097032e-02;5.468347e-02;1.819978e-02;2.773312e-02
6.553394e-02;1.166207e-01;1.951180e-01;1.065749e-01;2.560746e-01;8.030855e-02;5.355434e-02;2.551024e-02;1.828632e-02;3.288486e-02;1.408745e-02;3.544615e-02
7.411218e-02;1.518818e-01;2.165530e-01;1.236201e-01;1.822654e-01;5.298861e-02;4.891795e-02;2.634719e-02;1.622435e-02;2.850415e-02;1.570097e-02;6.288432e-02
6.966263e-02;1.624484e-01;2.398480e-01;8.737521e-02;1.376447e-01;2.349707e-02;5.066781e-02;1.579021e-02;3.267107e-02;3.915258e-02;2.454675e-02;1.166956e-01
9.625818e-02;1.355390e-01;3.208802e-01;3.537692e-02;9.183206e-02;2.769238e-02;5.465502e-02;1.957335e-02;3.771911e-02;3.791682e-02;1.582645e-02;1.267306e-01
1.503284e-01;9.499037e-02;3.334843e-01;8.070260e-02;4.747853e-02;2.359420e-02;5.293172e-02;2.066656e-02;3.755502e-02;3.874324e-02;2.537432e-02;9.415077e-02
1.143207e-01;1.617169e-01;2.423188e-01;1.048434e-01;4.422971e-02;5.095658e-02;4.795286e-02;2.038577e-02;3.940041e-02;4.609079e-02;3.719743e-02;9.058663e-02
9.812306e-02;2.130315e-01;1.570829e-01;1.049896e-01;5.088021e-02;5.823107e-02;3.380325e-02;1.536141e-02;4.365376e-02;4.933006e-02;2.824863e-02;1.472645e-01
1.561522e-01;2.141371e-01;7.949566e-02;1.112074e-01;4.383000e-02;3.153075e-02;2.633864e-02;2.402564e-02;5.565311e-02;3.878970e-02;4.671152e-02;1.721283e-01
1.481542e-01;1.816644e-01;1.281485e-01;1.327587e-01;2.399807e-02;1.475451e-02;2.812868e-02;2.642785e-02;6.088042e-02;3.855642e-02;6.428299e-02;1.522452e-01
1.135318e-01;8.462664e-02;1.746920e-01;7.302575e-02;5.968879e-02;3.975584e-02;6.546040e-02;3.875746e-02;8.332444e-02;9.481849e-02;5.572036e-02;1.165980e-01
1.067633e-01;6.586172e-02;1.365775e-01;2.836535e-02;6.555654e-02;5.942566e-02;3.038330e-01;6.095266e-02;3.049905e-02;6.016745e-02;5.705112e-02;2.494661e-02
8.760308e-02;5.418124e-02;1.229726e-01;3.577941e-02;8.304293e-02;7.181128e-02;3.089429e-01;5.448242e-02;3.917681e-02;4.441347e-02;4.684644e-02;5.074733e-02
7.688881e-02;4.279037e-02;1.115223e-01;4.670841e-02;1.157513e-01;8.708417e-02;2.855033e-01;4.227637e-02;3.377578e-02;3.948073e-02;4.158774e-02;7.663064e-02
5.346633e-02;2.526083e-02;1.288489e-01;6.735481e-02;1.884436e-01;1.004954e-01;2.178546e-01;2.478492e-02;2.523177e-02;3.020518e-02;2.908209e-02;1.089715e-01
1.831719e-02;1.237518e-02;2.189248e-01;9.661409e-02;2.425547e-01;8.062910e-02;1.165152e-01;2.025560e-02;3.400548e-02;1.547643e-02;2.357234e-02;1.207599e-01
1.325442e-02;1.897434e-02;2.961724e-01;1.239462e-01;1.913800e-01;3.929951e-02;1.119679e-01;6.167608e-02;2.557692e-02;1.410403e-02;2.209129e-02;8.155691e-02
1.405776e-02;2.418264e-02;3.520108e-01;1.565322e-01;1.607825e-01;5.115822e-02;7.346667e-02;9.076548e-02;1.264796e-02;1.474047e-02;1.836055e-02;3.129469e-02
1.258541e-02;3.096527e-02;3.600344e-01;1.907003e-01;1.845478e-01;5.225511e-02;1.581213e-02;8.516336e-02;6.973181e-03;1.991094e-02;3.270333e-02;8.348725e-03
1.367362e-02;2.938597e-02;3.292526e-01;1.861752e-01;1.914479e-01;5.307632e-02;2.816590e-02;7.982214e-02;1.141871e-02;2.816985e-02;3.653377e-02;1.287799e-02
1.171717e-02;2.952786e-02;3.060905e-01;1.918097e-01;2.112870e-01;4.966011e-02;3.211145e-02;5.861241e-02;1.006577e-02;4.747599e-02;3.056474e-02;2.107733e-02
1.444812e-02;2.879889e-02;2.858807e-01;1.841301e-01;2.360402e-01;5.590291e-02;2.318063e-02;4.543123e-02;1.438911e-02;6.361891e-02;2.587347e-02;2.230572e-02
4.208582e-02;2.751313e-02;1.659734e-01;1.198567e-01;2.139648e-01;9.835063e-02;1.300945e-01;4.769365e-02;2.644415e-02;7.574013e-02;2.862673e-02;2.365634e-02
4.641560e-02;2.387318e-02;5.551823e-02;8.204428e-02;2.055694e-01;1.312543e-01;2.076263e-01;4.631607e-02;3.891404e-02;6.368564e-02;2.425724e-02;7.452559e-02
2.595820e-02;1.750135e-02;4.606731e-02;7.717675e-02;2.581730e-01;1.321627e-01;1.547000e-01;2.823667e-02;3.575089e-02;3.557637e-02;2.749956e-02;1.611972e-01
1.292771e-02;7.132500e-03;5.882827e-02;9.787988e-02;3.083573e-01;9.048766e-02;6.553179e-02;1.200834e-02;3.647457e-02;1.409575e-02;2.569425e-02;2.705820e-01
6.122990e-03;8.353443e-03;8.886304e-02;1.390336e-01;2.691970e-01;4.795295e-02;3.400148e-02;1.438485e-02;2.012762e-02;1.488892e-02;5.449481e-02;3.025793e-01
8.865128e-03;1.817221e-02;1.788852e-01;1.613123e-01;1.658521e-01;3.744021e-02;3.179669e-02;3.301648e-02;1.475289e-02;2.082394e-02;1.040817e-01;2.250011e-01
1.936996e-02;2.078867e-02;2.947263e-01;1.414084e-01;7.908040e-02;3.033882e-02;5.655708e-02;4.287505e-02;2.685387e-02;1.943692e-02;1.267120e-01;1.418525e-01
2.060819e-02;2.347605e-02;4.787656e-01;7.554164e-02;5.352346e-02;2.818269e-02;7.030126e-02;3.157317e-02;3.301097e-02;4.138508e-02;9.045582e-02;5.317609e-02
1.412584e-02;4.405003e-02;6.329700e-01;3.902275e-02;4.044999e-02;1.367408e-02;3.761843e-02;5.890416e-02;1.966057e-02;5.550259e-02;2.389712e-02;2.012441e-02
5.347993e-03;6.406707e-02;6.525546e-01;3.397748e-02;2.543833e-02;9.636560e-03;1.947566e-02;1.092609e-01;1.173376e-02;4.271867e-02;6.575299e-03;1.921377e-02
1.291305e-02;9.401950e-02;6.288381e-01;2.965956e-02;1.283982e-02;2.280189e-02;1.356641e-02;1.196557e-01;1.098557e-02;2.673946e-02;6.291860e-03;2.168900e-02
3.976199e-02;1.012955e-01;5.441921e-01;3.239958e-02;1.743633e-02;3.960955e-02;3.950369e-02;8.740063e-02;2.739438e-02;2.586472e-02;1.421081e-02;3.093075e-02
8.887924e-02;3.267364e-02;3.997903e-01;4.580330e-02;2.887277e-02;3.946846e-02;8.102196e-02;7.633043e-02;7.291628e-02;7.086682e-02;2.337926e-02;3.999756e-02
1.064648e-01;7.795627e-02;3.452811e-01;4.118587e-02;3.581911e-02;3.581748e-02;7.330990e-02;5.961175e-02;7.493698e-02;9.418263e-02;1.913708e-02;3.629712e-02
1.090775e-01;8.411822e-02;4.233362e-01;3.081682e-02;3.597526e-02;1.897363e-02;5.406887e-02;4.461322e-02;4.880628e-02;1.120127e-01;1.574956e-02;2.245172e-02
6.835414e-02;9.497274e-02;4.711643e-01;2.078964e-02;2.398459e-02;2.159203e-02;3.527951e-02;8.433194e-02;4.952252e-02;9.642614e-02;7.635781e-03;2.594669e-02
3.358338e-02;1.325872e-01;3.963183e-01;1.984180e-02;9.725482e-03;5.076230e-02;1.486523e-02;1.596679e-01;7.904547e-02;6.218508e-02;2.986246e-03;3.843157e-02
2.766791e-02;1.816286e-01;2.922735e-01;2.745645e-02;9.572580e-03;7.192116e-02;1.110063e-02;1.885608e-01;9.627124e-02;4.039997e-02;3.894168e-03;4.925293e-02
2.685989e-02;2.484907e-01;2.555496e-01;4.042748e-02;6.256662e-03;7.289100e-02;8.108931e-03;1.407572e-01;1.106690e-01;3.322886e-02;2.623059e-03;5.413770e-02
4.215135e-02;3.054259e-01;2.362543e-01;2.899612e-02;6.236880e-03;6.583948e-02;8.998950e-03;8.186539e-02;1.213156e-01;3.401860e-02;6.757552e-03;6.213995e-02
7.832218e-02;2.911988e-01;2.245031e-01;2.510225e-02;1.207876e-02;5.250080e-02;1.993598e-02;5.412202e-02;1.161198e-01;4.214223e-02;1.986457e-02;6.410950e-02
1.300349e-01;2.333072e-01;2.117308e-01;3.242237e-02;1.772649e-02;4.251891e-02;3.339888e-02;4.729967e-02;1.036334e-01;4.652466e-02;4.234382e-02;5.905893e-02
1.844417e-01;1.436015e-01;2.563436e-01;4.008865e-02;2.761294e-02;2.448287e-02;4.474537e-02;6.225925e-02;1.052243e-01;3.820235e-02;4.264564e-02;3.035177e-02
1.468229e-01;1.221139e-01;2.932792e-01;2.314964e-02;1.899390e-02;2.897234e-02;4.374222e-02;8.616398e-02;1.211437e-01;4.353126e-02;2.930824e-02;4.277868e-02
6.595707e-02;8.760837e-02;2.172017e-01;3.911937e-02;4.617192e-02;7.418798e-02;8.812243e-02;1.142464e-01;6.550636e-02;7.137774e-02;7.239331e-02;5.810736e-02
5.940773e-02;7.792525e-02;1.041229e-01;5.387392e-02;6.057702e-02;8.975250e-02;9.731323e-02;1.243148e-01;7.105912e-02;1.047541e-01;8.870875e-02;6.819078e-02
4.132624e-02;7.865730e-02;1.020244e-01;5.877149e-02;6.458193e-02;7.026942e-02;9.409787e-02;1.257285e-01;7.456045e-02;1.492038e-01;6.896219e-02;7.181640e-02
5.863263e-02;9.220517e-02;1.818162e-01;7.204906e-02;7.315280e-02;5.426778e-02;1.061089e-01;8.654395e-02;6.148212e-02;1.145786e-01;4.177588e-02;5.738693e-02
7.803894e-02;8.175348e-02;1.773609e-01;7.102278e-02;8.357377e-02;6.338708e-02;1.212280e-01;7.374525e-02;7.990403e-02;7.395180e-02;5.323141e-02;4.280252e-02
5.801971e-02;4.136122e-02;2.334411e-01;9.599151e-02;1.019887e-01;5.381595e-02;1.521560e-01;5.422948e-02;5.783922e-02;6.143701e-02;5.863986e-02;3.108027e-02
3.136883e-02;5.039206e-02;4.138051e-01;9.251864e-02;8.383605e-02;3.981534e-02;1.033207e-01;2.781458e-02;2.559639e-02;6.579674e-02;4.541757e-02;2.031800e-02
5.359591e-02;9.704525e-02;4.442652e-01;6.589219e-02;6.461294e-02;3.209312e-02;4.336304e-02;1.855469e-02;3.573753e-02;8.583256e-02;4.112591e-02;1.788168e-02
1.068457e-01;1.580297e-01;2.840779e-01;3.001989e-02;5.173501e-02;4.126002e-02;5.984413e-02;2.662085e-02;5.534126e-02;9.426431e-02;5.644980e-02;3.551150e-02
2.453157e-01;5.713115e-02;1.671529e-01;5.072303e-02;5.335765e-02;3.538292e-02;9.439888e-02;4.957625e-02;6.300589e-02;7.483041e-02;5.501255e-02;5.411271e-02
2.172118e-01;1.898619e-01;2.356413e-01;4.685112e-02;2.866636e-02;2.891368e-02;6.150818e-02;6.061246e-02;2.834643e-02;4.454751e-02;2.906445e-02;2.877473e-02
1.867355e-01;2.817561e-01;2.538007e-01;3.700985e-02;1.894915e-02;2.253392e-02;4.029696e-02;5.025021e-02;4.976910e-02;2.271436e-02;2.026592e-02;1.591828e-02
1.324985e-01;3.682734e-01;2.384242e-01;3.055426e-02;1.064478e-02;2.433241e-02;2.007634e-02;2.540465e-02;1.034603e-01;1.698713e-02;1.367024e-02;1.567376e-02
1.360399e-01;4.129232e-01;1.681794e-01;2.328363e-02;6.947722e-03;2.817389e-02;2.211823e-02;1.795025e-02;1.415881e-01;1.771238e-02;7.754417e-03;1.732888e-02
2.324568e-01;3.605050e-01;7.674803e-02;2.487257e-02;1.200278e-02;2.087507e-02;4.238753e-02;3.737272e-02;1.270156e-01;1.919401e-02;1.957346e-02;2.699645e-02
2.798633e-01;2.506675e-01;1.040132e-01;3.254404e-02;2.391598e-02;1.281585e-02;6.387745e-02;5.485673e-02;7.784519e-02;2.844960e-02;3.412235e-02;3.702881e-02
2.552954e-01;1.911379e-01;1.335615e-01;4.011551e-02;3.264306e-02;1.883847e-02;8.418698e-02;6.418736e-02;5.378526e-02;4.022307e-02;4.607225e-02;3.995323e-02
1.628137e-01;2.124590e-01;1.384787e-01;4.650814e-02;2.876620e-02;3.722135e-02;1.083213e-01;6.237127e-02;6.349151e-02;5.464346e-02;4.848938e-02;3.643596e-02
1.187613e-01;2.689416e-01;8.288556e-02;3.301232e-02;3.381488e-02;3.412026e-02;1.492022e-01;1.184540e-01;7.336196e-02;3.495188e-02;2.824161e-02;2.425226e-02
9.019314e-02;2.820658e-01;6.559229e-02;3.196700e-02;4.489840e-02;2.296282e-02;1.113979e-01;1.177206e-01;1.431205e-01;2.745626e-02;3.185946e-02;3.076574e-02
1.022549e-01;2.474502e-01;1.080089e-01;5.686226e-02;3.743863e-02;3.336319e-02;7.927445e-02;6.793633e-02;1.800527e-01;4.107952e-02;2.376945e-02;2.250944e-02
1.093869e-01;2.924919e-01;6.481624e-02;6.317129e-02;2.369819e-02;3.389196e-02;5.879763e-02;5.296811e-02;1.933173e-01;4.279119e-02;3.652453e-02;2.814468e-02
1.216845e-01;8.852067e-02;1.407450e-01;4.006772e-02;8.030617e-02;8.053839e-02;1.113356e-01;5.748165e-02;9.307132e-02;5.541055e-02;5.585684e-02;7.498163e-02
1.021071e-01;9.405412e-02;1.943361e-01;7.259056e-02;9.303394e-02;5.438653e-02;8.852161e-02;5.223122e-02;7.146107e-02;7.325805e-02;5.379969e-02;5.021992e-02
9.800649e-02;8.695104e-02;1.917900e-01;7.513683e-02;9.565304e-02;5.680541e-02;9.364611e-02;4.762015e-02;7.839249e-02;7.365537e-02;5.933522e-02;4.300791e-02
9.561078e-02;7.847675e-02;1.900270e-01;7.842477e-02;1.067292e-01;5.855592e-02;9.066898e-02;4.396917e-02;7.994467e-02;7.050937e-02;7.393919e-02;3.314419e-02
7.935894e-02;5.706991e-02;1.613481e-01;1.452138e-01;1.414148e-01;4.839524e-02;5.843995e-02;3.659547e-02;6.262185e-02;4.806998e-02;9.553288e-02;6.593907e-02
3.235505e-02;2.388674e-02;2.068230e-01;2.888980e-01;1.383934e-01;2.988139e-02;2.341248e-02;2.704744e-02;1.851902e-02;2.092635e-02;8.940235e-02;1.004547e-01
1.193023e-02;1.236780e-02;2.075189e-01;3.975837e-01;1.164679e-01;2.314482e-02;1.653286e-02;3.401067e-02;1.497764e-02;1.446115e-02;9.333900e-02;5.766530e-02
2.366851e-03;8.924271e-03;1.736905e-01;4.228844e-01;1.705766e-01;2.388577e-02;1.566514e-02;5.197604e-02;1.301463e-02;1.279261e-02;8.650900e-02;1.771429e-02
5.345922e-03;7.784293e-03;1.571789e-01;4.134695e-01;2.060643e-01;2.877020e-02;1.154795e-02;6.120722e-02;1.376434e-02;7.719509e-03;8.032648e-02;6.821427e-03
4.099001e-03;7.536843e-03;1.782612e-01;3.871236e-01;1.564228e-01;3.569424e-02;1.452775e-02;1.033624e-01;1.775244e-02;9.456542e-03;7.970825e-02;6.054848e-03
4.042359e-03;8.021380e-03;2.180563e-01;3.377790e-01;8.455645e-02;3.142045e-02;1.449608e-02;1.573284e-01;5.133376e-02;1.306206e-02;7.041734e-02;9.486479e-03
7.857772e-03;1.604208e-02;2.110572e-01;2.531371e-01;1.059154e-01;2.896928e-02;2.680240e-02;1.388905e-01;1.121020e-01;1.683735e-02;4.414623e-02;3.824269e-02
1.377371e-02;2.326969e-02;1.531464e-01;1.775353e-01;1.945973e-01;4.015654e-02;4.229486e-02;7.232741e-02;1.390012e-01;2.470435e-02;2.927274e-02;8.992041e-02
2.542552e-02;2.559751e-02;9.526362e-02;1.210544e-01;2.808406e-01;5.452213e-02;6.985508e-02;2.560342e-02;1.039969e-01;2.556312e-02;2.146612e-02;1.508116e-01
3.810936e-02;1.498131e-02;1.057650e-01;9.298074e-02;3.038047e-01;7.886969e-02;8.215343e-02;3.356100e-02;6.871922e-02;1.512828e-02;1.110780e-02;1.548194e-01
2.345054e-02;1.514882e-02;1.484365e-01;5.336051e-02;3.060457e-01;9.941158e-02;1.164546e-01;2.666953e-02;5.593367e-02;1.116421e-02;6.332599e-03;1.375917e-01
1.481526e-02;2.534501e-02;2.384880e-01;8.062985e-02;2.462057e-01;8.928633e-02;1.355829e-01;2.449968e-02;2.792617e-02;1.691934e-02;1.208874e-02;8.821296e-02
3.285965e-02;4.969883e-02;3.531953e-01;8.986382e-02;1.589290e-01;6.750593e-02;1.136400e-01;2.315982e-02;1.740553e-02;2.912301e-02;1.763218e-02;4.698709e-02
6.014699e-02;8.250570e-02;4.009440e-01;7.572560e-02;9.610067e-02;5.082220e-02;9.074643e-02;2.302141e-02;2.666351e-02;4.916783e-02;1.763026e-02;2.652532e-02
7.870471e-02;1.078368e-01;3.400491e-01;6.465681e-02;7.633453e-02;3.931135e-02;8.059648e-02;3.704648e-02;5.000100e-02;7.358165e-02;2.692870e-02;2.495242e-02
8.036255e-02;1.073670e-01;1.804151e-01;6.848452e-02;1.045646e-01;7.982357e-02;9.732944e-02;5.452801e-02;8.159964e-02;8.113541e-02;3.886055e-02;2.552967e-02
6.224987e-02;9.179875e-02;1.293235e-01;1.117813e-01;1.229462e-01;1.104162e-01;7.016271e-02;6.222281e-02;8.194404e-02;1.018971e-01;2.940442e-02;2.585305e-02
5.090853e-02;8.979622e-02;1.220468e-01;1.052596e-01;1.243742e-01;9.657495e-02;8.025423e-02;6.449778e-02;6.822093e-02;1.117296e-01;5.838728e-02;2.794981e-02
4.572454e-02;6.797890e-02;8.801220e-02;8.626227e-02;1.189282e-01;8.436102e-02;1.218351e-01;7.403954e-02;8.527599e-02;7.645023e-02;7.678844e-02;7.434358e-02
5.768045e-02;3.844201e-02;9.190238e-02;7.709532e-02;1.301517e-01;5.758555e-02;1.372954e-01;7.526258e-02;1.102271e-01;6.196169e-02;6.180977e-02;1.005861e-01
8.032624e-02;6.092498e-02;1.134943e-01;8.157409e-02;8.279583e-02;6.591906e-02;1.063938e-01;9.493271e-02;8.526597e-02;8.982507e-02;6.704167e-02;7.150627e-02
9.291515e-02;7.579044e-02;1.196214e-01;6.768419e-02;5.950293e-02;7.062355e-02;9.114625e-02;8.949830e-02;1.049856e-01;9.055743e-02;8.120022e-02;5.647457e-02
5.719907e-02;9.026070e-02;1.391327e-01;8.704165e-02;7.660511e-02;7.692822e-02;9.733982e-02;8.156347e-02;1.092395e-01;6.330535e-02;6.343145e-02;5.795294e-02
1.031377e-01;7.356510e-02;1.881219e-01;5.264807e-02;7.796165e-02;5.010264e-02;1.506167e-01;4.266831e-02;6.606649e-02;7.087485e-02;7.499389e-02;4.924275e-02
1.114748e-01;7.537801e-02;2.025863e-01;3.679953e-02;7.564342e-02;5.248725e-02;1.431571e-01;3.172111e-02;5.579919e-02;7.797474e-02;8.588230e-02;5.109616e-02
1.087774e-01;8.345731e-02;2.066210e-01;3.490753e-02;7.708237e-02;5.934750e-02;1.198496e-01;2.126987e-02;5.730560e-02;7.944843e-02;9.868406e-02;5.324943e-02
8.600222e-02;8.482999e-02;1.946221e-01;4.982897e-02;8.636577e-02;6.925277e-02;7.935681e-02;1.867516e-02;6.620783e-02;8.084060e-02;1.198884e-01;6.412938e-02
7.545237e-02;5.526647e-02;1.708345e-01;6.625722e-02;7.698038e-02;6.343015e-02;1.280203e-01;6.145075e-02;3.284309e-02;1.001038e-01;8.570133e-02;8.365968e-02
6.234227e-02;7.171224e-02;1.611734e-01;8.318979e-02;1.208668e-01;8.767949e-02;8.994327e-02;6.278607e-02;7.272951e-02;8.702244e-02;5.694995e-02;4.360474e-02
6.337178e-02;8.062640e-02;8.168447e-02;1.249861e-01;1.193544e-01;1.014013e-01;1.440951e-01;3.141685e-02;7.017205e-02;1.070781e-01;4.548508e-02;3.032835e-02
5.764138e-02;8.224682e-02;6.427564e-02;1.385872e-01;7.778524e-02;7.359058e-02;2.075133e-01;5.674775e-02;8.652209e-02;8.688542e-02;4.187522e-02;2.632944e-02
4.838922e-02;6.997918e-02;7.591931e-02;9.014592e-02;5.661526e-02;1.105406e-01;2.914051e-01;8.055643e-02;5.003721e-02;5.986139e-02;2.790768e-02;3.864275e-02
4.862288e-02;7.345827e-02;9.300893e-02;3.403588e-02;8.743310e-02;1.195485e-01;3.041125e-01;6.342194e-02;4.131379e-02;7.051365e-02;1.685368e-02;4.767683e-02
3.972340e-02;4.764120e-02;6.696345e-02;3.910569e-02;9.967216e-02;9.653459e-02;3.138803e-01;9.531267e-02;7.362544e-02;7.417598e-02;1.953175e-02;3.383340e-02
3.124976e-02;4.089143e-02;4.813405e-02;4.531514e-02;7.600754e-02;7.705445e-02;3.533022e-01;1.132710e-01;8.016183e-02;7.994818e-02;1.866203e-02;3.600247e-02
2.845469e-02;3.542199e-02;5.242753e-02;2.519927e-02;4.872359e-02;8.602603e-02;3.273363e-01;1.424075e-01;9.112427e-02;1.074693e-01;1.952138e-02;3.588804e-02
4.223640e-02;3.093364e-02;6.917458e-02;2.455264e-02;5.543198e-02;9.274549e-02;2.301337e-01;1.351940e-01;1.299371e-01;1.259498e-01;2.642566e-02;3.728500e-02
4.662711e-02;2.882757e-02;7.117739e-02;4.694431e-02;6.152765e-02;1.323111e-01;2.156803e-01;8.136570e-02;1.066576e-01;1.275589e-01;2.676869e-02;5.455372e-02
4.942112e-02;2.920146e-02;6.411492e-02;5.158927e-02;6.833231e-02;1.324264e-01;2.316972e-01;6.711619e-02;1.386717e-01;9.659034e-02;2.180097e-02;4.903810e-02
7.150856e-02;5.203176e-02;6.694129e-02;5.092569e-02;7.533657e-02;7.857824e-02;1.648056e-01;1.462038e-01;1.775021e-01;7.049808e-02;2.361394e-02;2.205438e-02
6.863192e-02;5.564496e-02;5.822492e-02;6.936497e-02;1.046377e-01;6.823389e-02;9.758259e-02;1.711571e-01;1.646940e-01;7.623640e-02;2.721139e-02;3.838028e-02
5.359641e-02;6.022330e-02;8.682469e-02;6.001376e-02;1.341105e-01;6.700224e-02;9.478255e-02;1.015220e-01;1.867725e-01;5.942627e-02;4.363679e-02;5.208905e-02
6.423437e-02;6.341133e-02;9.843671e-02;4.862228e-02;1.076560e-01;7.274497e-02;1.217124e-01;8.402839e-02;1.264005e-01;9.312364e-02;6.741585e-02;5.221355e-02
5.399062e-02;7.071231e-02;8.006593e-02;7.682809e-02;7.041720e-02;9.173571e-02;1.230180e-01;9.465867e-02;6.461936e-02;1.336642e-01;8.464800e-02;5.564196e-02
5.715284e-02;8.114923e-02;8.614327e-02;7.527398e-02;7.014833e-02;9.404032e-02;9.503363e-02;8.827157e-02;8.353702e-02;1.274635e-01;8.468837e-02;5.709786e-02
6.786787e-02;8.007141e-02;1.308188e-01;6.020042e-02;9.073156e-02;8.624683e-02;6.634149e-02;1.140419e-01;8.793535e-02;1.147459e-01;4.856371e-02;5.243471e-02
9.997048e-02;8.520738e-02;1.025461e-01;4.617483e-02;9.531893e-02;7.649078e-02;1.155582e-01;1.079099e-01;7.786974e-02;8.728351e-02;5.129515e-02;5.437506e-02
7.292986e-02;9.503108e-02;1.044456e-01;3.577933e-02;9.872826e-02;7.431062e-02;1.473322e-01;6.178549e-02;7.593057e-02;9.136780e-02;8.575612e-02;5.660303e-02
6.268960e-02;7.404601e-02;1.388807e-01;5.061129e-02;9.958658e-02;8.669034e-02;1.389604e-01;5.458481e-02;6.876989e-02;9.784684e-02;8.066206e-02;4.667144e-02
6.340020e-02;3.699076e-02;1.478230e-01;7.727625e-02;9.136605e-02;8.733570e-02;1.399118e-01;6.177590e-02;6.038211e-02;1.050498e-01;7.100371e-02;5.768462e-02
4.504418e-02;6.487923e-02;1.364114e-01;6.067226e-02;9.268229e-02;9.173288e-02;1.026797e-01;1.007437e-01;8.759627e-02;9.736111e-02;5.441586e-02;6.578106e-02
1.348701e-01;1.074155e-01;1.834240e-01;7.932854e-02;8.101847e-02;9.904069e-02;9.589223e-02;4.642327e-02;6.248094e-02;5.189734e-02;2.154248e-02;3.666650e-02
1.093623e-01;1.299976e-01;2.617992e-01;6.150768e-02;5.671203e-02;8.094350e-02;8.540665e-02;6.596027e-02;6.552365e-02;3.678574e-02;1.325876e-02;3.274266e-02
7.057294e-02;9.852249e-02;2.704957e-01;7.290268e-02;7.603367e-02;1.089969e-01;9.729050e-02;6.594552e-02;4.970530e-02;4.858487e-02;1.251396e-02;2.843541e-02
4.258145e-02;5.730348e-02;2.188599e-01;7.894728e-02;9.490804e-02;1.816834e-01;1.212758e-01;7.912103e-02;3.181704e-02;6.133145e-02;1.124073e-02;2.093039e-02
4.306964e-02;3.155646e-02;1.357749e-01;6.071485e-02;7.799581e-02;2.464080e-01;2.133894e-01;7.825576e-02;2.339582e-02;6.978834e-02;7.326484e-03;1.232461e-02
4.444775e-02;3.509026e-02;6.533558e-02;4.678094e-02;4.791591e-02;2.264620e-01;3.769859e-01;4.724634e-02;4.128437e-02;5.582397e-02;5.977188e-03;6.649839e-03
2.629590e-02;5.940476e-02;2.600125e-02;3.094548e-02;3.746137e-02;1.266987e-01;5.381677e-01;3.944224e-02;7.412974e-02;2.756192e-02;1.013668e-02;3.754184e-03
1.238144e-02;5.155858e-02;3.466607e-02;1.053762e-02;3.988270e-02;6.605443e-02;5.194756e-01;1.286394e-01;7.735519e-02;3.608353e-02;1.291590e-02;1.044950e-02
1.301118e-02;2.807476e-02;6.619082e-02;1.248302e-02;3.091817e-02;6.362821e-02;3.819361e-01;2.410484e-01;5.279123e-02;7.753769e-02;1.096541e-02;2.141503e-02
1.615365e-02;1.863480e-02;7.838561e-02;1.262237e-02;2.394931e-02;5.403669e-02;3.349954e-01;2.829131e-01;3.654521e-02;1.044286e-01;1.135040e-02;2.598489e-02
1.918738e-02;2.276107e-02;7.009940e-02;2.359666e-02;6.068509e-02;8.039001e-02;3.576820e-01;2.019002e-01;2.851143e-02;9.529421e-02;1.717605e-02;2.271641e-02
2.350317e-02;2.549942e-02;7.608260e-02;4.658464e-02;1.337665e-01;1.434363e-01;2.722704e-01;1.190191e-01;3.165312e-02;7.799442e-02;2.245998e-02;2.773032e-02
3.507283e-02;1.235707e-02;7.961304e-02;3.510227e-02;1.954025e-01;2.007864e-01;2.811403e-01;4.642847e-02;3.624605e-02;4.542955e-02;1.155248e-02;2.086898e-02
5.251799e-02;1.326018e-02;4.973292e-02;3.411175e-02;1.564038e-01;2.373685e-01;3.288464e-01;3.565853e-02;2.304130e-02;4.782519e-02;7.550701e-03;1.368282e-02
4.466754e-02;2.917402e-02;2.621402e-02;3.589120e-02;8.014491e-02;1.868885e-01;4.353084e-01;4.363989e-02;4.489730e-02;5.458128e-02;7.925708e-03;1.066729e-02
2.171642e-02;4.744929e-02;1.321661e-02;2.251935e-02;4.896518e-02;1.015249e-01;5.728534e-01;4.133982e-02;7.825420e-02;3.443605e-02;1.137006e-02;6.354577e-03
7.767230e-03;5.612893e-02;1.134660e-02;8.888183e-03;3.914980e-02;4.547520e-02;6.393543e-01;3.352740e-02;1.208107e-01;1.829785e-02;1.441864e-02;4.835146e-03
1.168315e-02;4.659754e-02;1.104742e-02;1.011735e-02;3.651705e-02;5.448060e-02;5.869842e-01;4.977486e-02;1.531024e-01;1.997675e-02;1.411278e-02;5.605882e-03
2.243702e-02;2.835210e-02;2.348868e-02;2.517225e-02;5.818032e-02;9.793242e-02;4.499823e-01;1.038250e-01;1.240092e-01;4.760819e-02;1.105057e-02;7.961894e-03
2.838329e-02;1.817149e-02;1.043071e-01;4.356580e-02;9.612615e-02;1.136096e-01;2.881681e-01;1.447957e-01;5.851800e-02;6.881347e-02;1.627014e-02;1.927124e-02
3.317923e-02;4.380195e-02;2.018112e-01;5.415344e-02;1.080256e-01;7.588498e-02;1.959845e-01;1.056847e-01;4.704182e-02;7.551693e-02;3.164611e-02;2.726960e-02
5.174469e-02;6.750348e-02;2.124670e-01;6.105645e-02;7.816304e-02;6.585249e-02;1.815163e-01;7.423837e-02;6.371027e-02;7.469435e-02;3.957992e-02;2.947365e-02
3.442012e-02;6.398363e-02;1.105366e-01;7.014919e-02;6.377656e-02;1.077339e-01;2.189882e-01;1.007084e-01;8.083524e-02;8.395338e-02;3.076756e-02;3.414717e-02
3.114916e-02;5.082568e-02;9.018347e-02;6.301221e-02;8.113548e-02;1.238374e-01;2.585598e-01;8.417422e-02;9.710971e-02;8.095809e-02;1.880289e-02;2.025191e-02
2.462401e-02;4.680396e-02;9.360468e-02;6.458683e-02;6.319358e-02;8.930285e-02;3.006280e-01;7.222809e-02;1.425808e-01;6.751885e-02;2.535642e-02;9.571913e-03
3.994363e-02;6.357877e-02;1.176455e-01;1.043022e-01;8.288173e-02;5.694847e-02;1.416343e-01;1.126951e-01;1.171396e-01;6.062775e-02;3.173359e-02;7.086927e-02
5.456134e-02;6.300400e-02;1.170853e-01;1.074714e-01;9.218233e-02;7.204896e-02;1.107571e-01;1.138589e-01;8.210035e-02;7.407501e-02;3.342814e-02;7.942723e-02
6.293324e-02;6.554894e-02;1.068491e-01;9.403161e-02;9.479408e-02;8.496659e-02;1.268245e-01;1.060410e-01;5.455544e-02;7.380255e-02;5.577835e-02;7.387453e-02
7.001095e-02;7.027702e-02;1.040441e-01;8.104046e-02;1.006535e-01;9.547386e-02;1.233530e-01;1.000302e-01;4.867934e-02;6.083084e-02;7.782070e-02;6.778605e-02
7.254234e-02;6.239220e-02;1.380168e-01;7.531057e-02;1.122616e-01;8.532757e-02;9.792278e-02;6.764158e-02;7.228481e-02;4.767939e-02;7.565166e-02;9.296869e-02
6.152957e-02;5.269534e-02;1.246173e-01;8.351929e-02;1.567328e-01;7.193380e-02;5.959355e-02;4.807067e-02;6.728569e-02;6.602357e-02;8.630227e-02;1.216962e-01
3.902482e-02;5.725262e-02;8.202222e-02;7.655232e-02;2.080276e-01;6.351788e-02;8.890892e-02;4.232759e-02;4.855258e-02;7.278688e-02;8.127940e-02;1.397471e-01
4.504091e-02;3.820834e-02;7.090906e-02;1.131424e-01;1.990013e-01;6.696466e-02;9.843841e-02;4.686648e-02;4.479028e-02;4.343747e-02;1.002998e-01;1.329009e-01
7.007658e-02;4.346588e-02;7.246523e-02;1.064030e-01;2.261770e-01;9.409966e-02;9.180705e-02;4.062369e-02;5.810915e-02;2.207458e-02;5.218197e-02;1.225163e-01
1.338431e-01;4.484814e-02;9.178349e-02;5.811184e-02;2.359128e-01;1.128459e-01;9.701291e-02;4.033465e-02;5.994564e-02;2.568877e-02;2.238675e-02;7.728598e-02
2.764176e-01;2.402715e-02;6.693349e-02;3.568373e-02;1.290205e-01;1.600189e-01;8.529997e-02;2.299323e-02;3.066873e-02;5.036309e-02;1.636632e-02;1.022073e-01
3.098165e-01;4.018041e-02;4.221526e-02;3.456767e-02;6.029359e-02;1.630287e-01;1.472023e-01;2.224814e-02;1.793453e-02;5.942198e-02;9.649761e-03;9.344122e-02
2.580445e-01;6.811547e-02;3.390158e-02;4.679695e-02;5.912334e-02;1.424617e-01;2.173662e-01;2.991674e-02;2.007131e-02;5.714376e-02;1.274993e-02;5.430850e-02
1.918047e-01;7.752114e-02;7.608079e-02;5.536775e-02;8.480466e-02;1.322949e-01;2.166771e-01;4.178976e-02;2.739277e-02;5.251281e-02;1.318708e-02;3.056648e-02
9.883841e-02;5.873398e-02;2.125657e-01;6.439023e-02;1.243346e-01;8.273945e-02;1.705010e-01;5.832645e-02;3.989327e-02;4.545313e-02;1.778161e-02;2.644220e-02
4.883214e-02;2.370873e-02;3.565711e-01;1.027762e-01;1.261619e-01;7.931328e-02;6.924224e-02;7.742577e-02;3.110849e-02;2.715155e-02;4.002283e-02;1.768576e-02
3.179770e-02;1.922511e-02;4.311091e-01;1.255641e-01;1.031614e-01;9.547019e-02;3.301651e-02;8.104901e-02;1.211666e-02;1.280562e-02;4.134434e-02;1.334034e-02
2.866061e-02;1.593547e-02;5.125586e-01;1.253443e-01;8.285090e-02;7.328456e-02;4.397421e-02;4.855512e-02;6.998740e-03;1.463630e-02;4.292873e-02;4.272497e-03
2.534495e-02;1.410734e-02;6.150425e-01;1.176921e-01;6.644759e-02;3.279544e-02;3.472923e-02;1.854649e-02;1.058120e-02;2.014297e-02;3.581854e-02;8.751674e-03
1.635639e-02;1.055732e-02;6.355529e-01;1.158522e-01;6.483409e-02;2.581995e-02;3.933579e-02;2.147141e-02;8.679999e-03;1.752525e-02;3.520374e-02;8.810991e-03
1.134330e-02;1.189922e-02;4.908175e-01;1.252171e-01;8.569311e-02;4.459801e-02;6.416067e-02;5.225023e-02;2.810095e-02;3.159434e-02;4.706905e-02;7.256470e-03
7.076011e-03;1.437514e-02;3.109657e-01;1.129154e-01;1.293589e-01;5.936646e-02;1.216138e-01;6.916947e-02;4.349498e-02;7.381397e-02;4.270715e-02;1.514308e-02
4.774927e-03;1.244770e-02;2.707835e-01;1.048285e-01;1.402730e-01;5.135048e-02;1.189592e-01;9.013488e-02;3.338059e-02;1.187488e-01;3.732475e-02;1.699357e-02
3.243482e-03;8.848272e-03;3.098289e-01;1.128833e-01;1.166651e-01;4.786711e-02;4.709212e-02;2.115951e-01;1.088054e-02;9.150089e-02;3.157451e-02;8.020590e-03
4.106985e-03;5.473151e-03;3.366342e-01;1.189099e-01;8.882446e-02;5.762162e-02;2.086834e-02;2.974709e-01;8.502520e-03;2.906650e-02;3.016488e-02;2.356568e-03
3.415030e-03;3.972139e-03;3.606660e-01;1.231551e-01;8.157565e-02;6.209817e-02;1.425660e-02;2.987306e-01;8.572320e-03;1.266692e-02;2.868670e-02;2.204670e-03
2.796188e-03;3.775871e-03;3.873265e-01;1.302570e-01;8.086371e-02;6.512101e-02;1.508105e-02;2.618985e-01;1.021771e-02;1.157843e-02;2.874741e-02;2.336581e-03
3.518568e-03;4.368227e-03;4.018773e-01;1.440491e-01;8.655685e-02;6.494804e-02;1.592381e-02;2.298168e-01;7.499919e-03;9.214177e-03;2.969878e-02;2.528376e-03
2.850252e-03;4.904367e-03;4.047053e-01;1.548628e-01;9.185481e-02;6.454702e-02;2.194865e-02;2.035517e-01;6.988842e-03;6.027258e-03;3.489311e-02;2.865996e-03
3.423320e-03;6.284146e-03;4.011660e-01;1.614423e-01;9.694103e-02;6.097225e-02;1.040727e-02;2.042629e-01;8.055585e-03;6.232766e-03;3.875550e-02;2.056894e-03
4.046956e-03;5.648176e-03;3.544514e-01;1.505677e-01;1.051870e-01;5.574279e-02;2.971263e-02;2.370262e-01;1.225596e-02;5.259921e-03;3.664369e-02;3.457657e-03
5.571940e-03;7.762597e-03;2.946130e-01;1.298119e-01;1.120906e-01;4.410196e-02;2.562833e-02;3.344498e-01;1.009291e-02;5.180798e-03;2.503894e-02;5.657230e-03
5.775864e-03;4.841766e-03;2.026805e-01;9.799211e-02;1.293653e-01;5.792248e-02;4.017731e-02;4.222333e-01;9.170351e-03;1.057751e-02;1.199717e-02;7.266406e-03
8.703938e-03;1.318510e-02;1.193135e-01;7.979370e-02;1.742212e-01;1.076948e-01;9.264972e-02;3.289216e-01;2.666673e-02;1.443277e-02;6.518654e-03;2.789826e-02
2.195963e-02;2.333898e-02;7.361893e-02;5.603334e-02;2.128927e-01;1.375141e-01;1.837632e-01;1.290608e-01;6.578186e-02;1.426196e-02;1.254384e-02;6.923073e-02
4.455324e-02;2.232668e-02;5.623237e-02;2.577569e-02;1.853204e-01;1.748742e-01;2.126814e-01;3.641835e-02;1.060114e-01;1.854417e-02;2.528122e-02;9.198097e-02
5.649269e-02;9.943977e-03;3.268462e-02;1.255557e-02;2.334740e-01;2.255227e-01;1.608765e-01;3.781266e-02;1.142452e-01;2.147579e-02;2.168572e-02;7.323065e-02
5.066461e-02;5.331287e-03;3.627815e-02;1.556328e-02;3.622255e-01;2.170762e-01;1.216540e-01;2.833341e-02;8.061760e-02;1.160093e-02;9.756828e-03;6.089813e-02
3.336820e-02;3.610231e-03;4.664131e-02;3.615094e-02;5.013443e-01;1.684862e-01;6.370945e-02;1.565447e-02;5.436218e-02;6.026725e-03;9.633766e-03;6.101219e-02
4.085115e-02;8.466169e-03;4.397681e-02;5.879221e-02;4.971099e-01;1.672462e-01;4.557733e-02;1.197233e-02;3.212149e-02;9.978208e-03;1.507299e-02;6.883525e-02
9.246372e-02;6.469857e-03;2.794241e-02;7.166015e-02;3.556507e-01;2.440087e-01;6.663659e-02;1.112557e-02;2.224671e-02;1.272309e-02;1.224086e-02;7.683173e-02
1.818282e-01;9.652742e-03;2.933496e-02;4.536625e-02;2.052480e-01;3.217107e-01;8.840802e-02;1.806229e-02;1.125201e-02;1.281132e-02;6.312876e-03;7.001265e-02
2.461166e-01;1.648018e-02;1.503167e-02;2.972782e-02;1.451613e-01;3.061139e-01;1.387435e-01;2.653060e-02;1.185590e-02;2.149813e-02;3.300595e-03;3.943993e-02
3.085109e-01;2.903579e-02;9.323440e-03;2.454852e-02;6.487765e-02;2.778499e-01;2.005117e-01;1.982470e-02;1.188791e-02;2.494362e-02;3.965449e-03;2.472041e-02
3.353312e-01;3.665260e-02;9.847623e-03;1.660490e-02;2.677722e-02;2.372743e-01;2.667778e-01;1.759773e-02;7.924492e-03;1.904301e-02;6.649040e-03;1.951997e-02
2.345852e-01;6.396239e-02;1.281566e-02;6.451052e-03;2.159343e-02;1.904901e-01;3.875923e-01;1.848990e-02;9.837100e-03;1.327391e-02;6.968250e-03;3.394067e-02
7.652444e-02;8.630304e-02;9.979620e-03;7.806768e-03;1.908614e-02;1.775462e-01;5.538924e-01;1.189089e-02;1.583745e-02;7.455905e-03;3.997790e-03;2.967938e-02
2.191296e-02;8.709358e-02;6.222115e-03;5.276101e-03;2.125550e-02;1.543505e-01;6.367898e-01;2.456518e-02;2.275243e-02;2.989426e-03;6.121249e-03;1.067123e-02
1.633926e-02;7.268669e-02;4.601422e-03;2.957648e-03;1.790128e-02;1.329409e-01;6.847781e-01;2.184694e-02;2.578820e-02;9.234942e-03;8.569456e-03;2.355124e-03
1.065988e-02;5.520365e-02;7.575363e-03;3.917772e-03;2.500040e-02;1.466104e-01;7.034570e-01;1.292252e-02;2.109945e-02;7.448787e-03;2.977283e-03;3.127476e-03
1.873291e-02;3.811095e-02;7.483597e-03;4.664386e-03;3.279479e-02;1.796030e-01;6.781805e-01;1.283502e-02;1.418748e-02;5.545029e-03;2.946679e-03;4.915683e-03
3.635404e-02;2.288959e-02;5.004521e-03;7.136517e-03;5.783075e-02;2.150805e-01;5.975693e-01;2.185474e-02;1.183333e-02;1.232392e-02;3.797973e-03;8.324848e-03
6.030194e-02;1.770784e-02;3.067683e-02;1.559775e-02;1.061736e-01;2.244408e-01;4.673756e-01;2.537736e-02;1.105046e-02;1.146917e-02;1.473752e-02;1.509117e-02
5.781845e-02;1.103376e-02;1.060652e-01;4.026565e-02;1.473946e-01;1.691097e-01;3.445726e-01;2.848903e-02;1.720459e-02;1.216598e-02;3.321148e-02;3.266889e-02
3.162152e-02;1.421254e-02;2.265935e-01;6.854160e-02;1.515000e-01;8.822919e-02;2.401721e-01;2.034064e-02;1.804053e-02;1.825582e-02;6.672174e-02;5.577070e-02
5.901104e-02;2.627106e-02;2.848751e-01;6.179688e-02;9.875209e-02;7.523697e-02;1.588364e-01;1.494473e-02;1.276291e-02;2.174961e-02;8.776049e-02;9.800272e-02
1.060574e-01;3.477530e-02;2.472120e-01;5.034523e-02;7.153411e-02;1.021277e-01;1.175311e-01;1.709188e-02;3.082311e-02;1.445529e-02;8.113726e-02;1.269096e-01
9.821072e-02;2.971013e-02;9.257415e-02;2.687304e-02;4.288618e-02;1.029437e-01;2.255426e-01;7.145123e-02;1.116334e-01;4.527303e-02;7.168522e-02;8.121654e-02
1.109750e-01;5.197682e-02;1.192844e-01;3.569224e-02;4.016498e-02;5.974632e-02;1.611584e-01;9.153837e-02;1.245308e-01;3.572046e-02;1.048561e-01;6.435618e-02
9.615249e-02;8.203296e-02;1.571697e-01;7.155541e-02;6.438731e-02;3.684428e-02;1.397758e-01;6.816854e-02;8.797377e-02;4.513038e-02;7.794940e-02;7.285993e-02
6.157887e-02;8.944066e-02;1.414928e-01;1.006931e-01;6.067275e-02;5.974555e-02;1.757937e-01;6.730787e-02;5.585236e-02;5.967271e-02;4.382701e-02;8.392258e-02
8.300070e-02;8.437460e-02;1.079851e-01;1.182938e-01;5.680484e-02;5.912561e-02;2.135638e-01;7.560578e-02;6.640249e-02;5.225686e-02;2.754906e-02;5.503733e-02
7.668640e-02;5.689387e-02;1.178767e-01;1.429627e-01;6.979533e-02;5.453881e-02;2.083303e-01;1.007865e-01;8.353382e-02;4.238116e-02;1.160468e-02;3.460979e-02
7.979342e-02;1.831106e-02;8.400784e-02;1.532496e-01;6.728821e-02;7.344549e-02;1.590491e-01;1.537936e-01;9.369914e-02;4.753061e-02;2.224216e-02;4.758971e-02
6.022052e-02;1.745624e-02;7.083708e-02;1.100605e-01;7.891699e-02;7.344294e-02;1.753919e-01;1.846156e-01;1.053105e-01;4.794199e-02;2.085827e-02;5.494757e-02
4.279020e-02;1.791461e-02;1.000073e-01;6.812117e-02;7.337610e-02;6.482264e-02;2.313787e-01;1.453020e-01;1.276530e-01;5.658950e-02;2.292962e-02;4.911513e-02
5.692580e-02;3.852301e-02;8.195990e-02;6.118529e-02;6.952580e-02;1.070314e-01;2.732574e-01;1.059894e-01;8.390940e-02;6.482116e-02;2.110055e-02;3.577082e-02
5.380158e-02;4.628175e-02;7.232697e-02;4.872184e-02;7.708568e-02;1.378621e-01;2.635602e-01;1.164257e-01;6.158255e-02;7.393560e-02;2.480082e-02;2.361518e-02
6.592067e-02;4.566786e-02;7.949951e-02;6.969739e-02;9.140369e-02;1.236360e-01;2.495876e-01;1.145657e-01;4.977456e-02;6.020760e-02;2.560653e-02;2.443283e-02
8.543669e-02;4.373963e-02;1.010959e-01;8.265460e-02;8.256459e-02;8.838136e-02;2.394122e-01;1.046503e-01;5.822826e-02;5.813170e-02;2.372477e-02;3.198005e-02
8.276185e-02;4.189240e-02;9.939712e-02;6.561214e-02;6.185521e-02;1.182950e-01;1.808486e-01;9.812488e-02;1.256283e-01;6.313727e-02;2.627100e-02;3.617628e-02
7.196479e-02;3.462586e-02;8.226085e-02;5.279601e-02;4.857786e-02;1.496054e-01;1.364066e-01;8.110675e-02;1.835580e-01;8.690171e-02;2.648991e-02;4.570642e-02
6.658432e-02;2.787227e-02;6.005035e-02;6.112540e-02;4.595867e-02;1.646807e-01;1.970815e-01;6.753283e-02;1.453769e-01;9.544516e-02;2.916034e-02;3.913152e-02
3.478382e-02;4.435382e-02;6.881146e-02;3.451801e-02;5.584203e-02;1.353251e-01;2.517910e-01;8.537763e-02;1.067666e-01;1.147101e-01;2.914027e-02;3.858012e-02
5.473221e-02;3.062702e-02;9.660077e-02;3.279031e-02;6.353772e-02;7.372302e-02;3.938370e-01;7.081801e-02;4.202096e-02;8.307239e-02;3.559201e-02;2.264858e-02
5.054018e-02;2.458654e-02;7.443540e-02;2.335469e-02;7.612506e-02;7.261159e-02;5.016894e-01;5.441716e-02;2.544297e-02;5.105935e-02;2.972489e-02;1.601274e-02
3.405416e-02;2.168372e-02;5.807437e-02;2.133233e-02;7.782224e-02;8.816169e-02;5.705523e-01;3.888031e-02;2.025147e-02;3.599223e-02;2.092568e-02;1.226947e-02
2.293624e-02;1.480720e-02;2.298149e-02;2.384802e-02;7.560956e-02;1.190958e-01;6.275603e-01;2.448154e-02;1.193890e-02;3.810353e-02;1.067173e-02;7.965682e-03
2.277760e-02;1.106656e-02;1.465182e-02;3.560757e-02;7.617618e-02;1.531009e-01;5.954747e-01;1.318408e-02;4.979759e-03;6.068932e-02;5.448391e-03;6.843070e-03
2.198911e-02;5.557100e-03;1.152241e-02;4.159120e-02;7.261373e-02;1.473451e-01;5.644605e-01;1.918342e-02;6.924595e-03;9.966568e-02;2.861139e-03;6.286071e-03
2.397637e-02;6.806727e-03;1.684889e-02;4.465459e-02;6.430278e-02;1.252175e-01;5.531510e-01;2.142260e-02;6.226467e-03;1.310405e-01;2.245215e-03;4.107374e-03
3.212398e-02;7.367263e-03;3.220368e-02;4.516038e-02;7.363919e-02;1.595119e-01;4.829696e-01;3.082343e-02;1.504964e-02;1.121949e-01;3.603352e-03;5.352669e-03
3.784766e-02;1.857295e-02;8.934443e-02;4.712911e-02;9.225888e-02;1.737334e-01;3.689838e-01;3.956208e-02;3.509493e-02;7.627110e-02;7.837866e-03;1.336377e-02
3.462130e-02;3.414111e-02;2.043388e-01;5.653521e-02;9.111334e-02;1.332614e-01;2.484127e-01;4.388043e-02;5.081100e-02;6.026275e-02;1.748353e-02;2.513840e-02
3.014751e-02;4.702946e-02;4.108919e-01;7.181273e-02;5.733766e-02;4.447322e-02;1.604572e-01;2.857663e-02;4.362416e-02;4.195364e-02;2.950283e-02;3.419300e-02
3.920942e-02;4.856089e-02;3.581841e-01;5.912145e-02;6.170180e-02;5.793348e-02;2.179557e-01;3.848916e-02;1.892376e-02;7.098938e-02;1.789378e-02;1.103701e-02
2.949688e-02;3.457685e-02;1.543715e-01;5.220395e-02;6.621940e-02;1.330435e-01;3.372810e-01;3.864631e-02;2.201120e-02;1.091672e-01;1.370265e-02;9.279662e-03
2.359314e-02;1.947195e-02;9.193238e-02;4.436294e-02;8.333258e-02;1.634452e-01;4.021008e-01;2.995865e-02;2.168818e-02;9.905697e-02;1.162494e-02;9.432206e-03
2.809619e-02;1.892713e-02;6.902274e-02;6.754555e-02;1.007479e-01;1.699093e-01;3.827758e-01;2.435067e-02;3.105989e-02;8.547060e-02;1.096029e-02;1.113396e-02
5.594960e-02;3.879961e-02;5.140309e-02;8.380547e-02;8.499800e-02;1.504839e-01;1.895456e-01;6.751450e-02;7.968562e-02;1.064822e-01;4.224698e-02;4.908532e-02
