1.447824e-02;4.967204e-02;7.220235e-02;2.143618e-02;3.735211e-02;2.099107e-01;1.346756e-01;3.249956e-01;6.564535e-02;3.049023e-02;2.213594e-02;1.700575e-02
6.921062e-03;2.762127e-02;6.350845e-02;6.165545e-03;2.307556e-02;1.629897e-01;9.734312e-02;4.839133e-01;8.459038e-02;2.864053e-02;7.835374e-03;7.395742e-03
7.046342e-03;1.645326e-02;5.423737e-02;1.379781e-02;9.293082e-03;8.648174e-02;6.153090e-02;5.541219e-01;1.587732e-01;2.419860e-02;5.924300e-03;8.141608e-03
6.751926e-03;2.030274e-02;2.561383e-02;2.050532e-02;1.765491e-03;7.837979e-02;6.113626e-02;4.722753e-01;2.863559e-01;1.635903e-02;6.160122e-03;4.394283e-03
6.442430e-03;1.825813e-02;1.353216e-02;1.784161e-02;5.823107e-03;8.622055e-02;6.780303e-02;3.694682e-01;3.662404e-01;3.654179e-02;8.158528e-03;3.670062e-03
5.882988e-03;1.542577e-02;1.870909e-02;8.011830e-03;9.944641e-03;8.173388e-02;1.026620e-01;2.923081e-01;3.644998e-01;8.258066e-02;1.277133e-02;5.469920e-03
2.804656e-03;1.299401e-02;1.532525e-02;6.559880e-03;1.318474e-02;1.018424e-01;1.227654e-01;3.044846e-01;2.927460e-01;1.043417e-01;1.436577e-02;8.585627e-03
1.845228e-03;7.053168e-03;1.714328e-02;4.634358e-03;1.360488e-02;8.396076e-02;1.106491e-01;3.269284e-01;3.080555e-01;1.049094e-01;1.371430e-02;7.501550e-03
2.983098e-03;1.069024e-02;1.890729e-02;1.337733e-02;1.547710e-02;6.555678e-02;1.068216e-01;2.519719e-01;3.728085e-01;1.137598e-01;1.791198e-02;9.734360e-03
4.339104e-03;1.416305e-02;2.688795e-02;3.226761e-02;1.430061e-02;1.039755e-01;7.363913e-02;2.604804e-01;3.484317e-01;9.298477e-02;1.855423e-02;9.976002e-03
8.910937e-03;2.350546e-02;5.714957e-02;4.853975e-02;9.256122e-03;1.163821e-01;3.807723e-02;3.182023e-01;2.821958e-01;6.644288e-02;2.292649e-02;8.411241e-03
1.304688e-02;2.364547e-02;7.751425e-02;2.305523e-02;6.706485e-03;1.718595e-01;6.657469e-02;3.247180e-01;2.276686e-01;3.665726e-02;1.721624e-02;1.133751e-02
1.218148e-02;4.056109e-02;9.637339e-02;1.830551e-02;2.136748e-02;1.681610e-01;6.056184e-02;3.339040e-01;1.454254e-01;5.806189e-02;2.378734e-02;2.130952e-02
1.809460e-02;2.927348e-02;7.471948e-02;2.815605e-02;2.462022e-02;8.913346e-02;1.647180e-01;2.833497e-01;1.190442e-01;9.182271e-02;5.534596e-02;2.172208e-02
2.355709e-02;2.539663e-02;5.702560e-02;2.225517e-02;1.675267e-02;1.102181e-01;1.663775e-01;2.145497e-01;1.353392e-01;1.128817e-01;9.039602e-02;2.525072e-02
3.247332e-02;3.995947e-02;5.232503e-02;2.007874e-02;1.912781e-02;8.690114e-02;1.327248e-01;1.943405e-01;1.726142e-01;1.252395e-01;1.169151e-01;7.300401e-03
1.246035e-02;4.435888e-02;3.572593e-02;5.576817e-02;2.154009e-02;7.625639e-02;5.469986e-02;4.063456e-01;1.484332e-01;4.492285e-02;6.098527e-02;3.850336e-02
5.328673e-03;2.009104e-02;4.948769e-02;6.022991e-02;1.944289e-02;6.921460e-02;3.037791e-02;4.971546e-01;1.472297e-01;4.096500e-02;2.019086e-02;4.028716e-02
2.873861e-03;2.718692e-02;9.496567e-02;3.579575e-02;1.061813e-02;3.152824e-02;5.895526e-02;5.377607e-01;1.344023e-01;2.748444e-02;1.431947e-02;2.410922e-02
5.345330e-03;5.901903e-02;1.031956e-01;1.376858e-02;1.032527e-02;4.060996e-02;1.265900e-01;5.019808e-01;9.595656e-02;1.649925e-02;1.766187e-02;9.047665e-03
1.202795e-02;1.352261e-01;7.053518e-02;8.925529e-03;1.245884e-02;7.790294e-02;2.661262e-01;3.440514e-01;4.248838e-02;1.342276e-02;1.190458e-02;4.930052e-03
2.561512e-02;1.721975e-01;3.561375e-02;1.337824e-02;8.198268e-03;1.459615e-01;3.549735e-01;1.686668e-01;4.075893e-02;1.430152e-02;1.213001e-02;8.204773e-03
7.207215e-02;1.382370e-01;1.004491e-02;3.092254e-02;4.839889e-03;2.736670e-01;3.274298e-01;3.602803e-02;5.992949e-02;2.062512e-02;1.360129e-02;1.260279e-02
1.139022e-01;5.569152e-02;1.395879e-02;4.284753e-02;1.479450e-02;3.947725e-01;1.689790e-01;9.310667e-02;3.761643e-02;3.661530e-02;1.258063e-02;1.513489e-02
1.353770e-01;3.349534e-02;1.970573e-02;4.826325e-02;5.370903e-02;4.456434e-01;4.605813e-02;1.244567e-01;2.119187e-02;4.461925e-02;9.026296e-03;1.845394e-02
1.009675e-01;3.570422e-02;5.500413e-02;6.075266e-02;1.027588e-01;3.781868e-01;4.303617e-02;1.227984e-01;3.301563e-02;3.130628e-02;1.012628e-02;2.634316e-02
6.962012e-02;4.683614e-02;8.820350e-02;7.783315e-02;1.079205e-01;3.070382e-01;1.065553e-01;9.157334e-02;3.477620e-02;2.477161e-02;1.852677e-02;2.634524e-02
7.429935e-02;3.061707e-02;5.085139e-02;5.681200e-02;3.246387e-02;4.404323e-01;1.402877e-01;8.203039e-02;2.361268e-02;4.821387e-02;1.190419e-02;8.475149e-03
6.609785e-02;1.589574e-02;2.082848e-02;2.762011e-02;5.579801e-02;4.883769e-01;1.192712e-01;1.342925e-01;1.659320e-02;4.654093e-02;3.137961e-03;5.547141e-03
6.499742e-02;2.047465e-02;1.009945e-02;2.786174e-02;6.579512e-02;4.924029e-01;7.560990e-02;1.765208e-01;3.050823e-02;2.501745e-02;5.043030e-03;5.669224e-03
6.665041e-02;3.313382e-02;2.273823e-02;2.192700e-02;4.335938e-02;4.993931e-01;7.300451e-02;1.730202e-01;3.889518e-02;1.503063e-02;9.386218e-03;3.461330e-03
6.457499e-02;3.731130e-02;2.860468e-02;3.184724e-02;3.947887e-02;5.439121e-01;5.044108e-02;1.202227e-01;3.633417e-02;1.967603e-02;1.379513e-02;1.380172e-02
6.091121e-02;3.381452e-02;3.264122e-02;2.410287e-02;7.470841e-02;5.694795e-01;4.117000e-02;8.727209e-02;3.564681e-02;1.427725e-02;9.953619e-03;1.602243e-02
4.409052e-02;3.499854e-02;2.030567e-02;1.986428e-02;6.542747e-02;5.942934e-01;4.366761e-02;1.024790e-01;4.381530e-02;1.737427e-02;6.332046e-03;7.351888e-03
2.534019e-02;3.415533e-02;4.390175e-02;3.281391e-02;3.471806e-02;5.508448e-01;7.069293e-02;1.094542e-01;4.518958e-02;1.664171e-02;6.365798e-03;2.988170e-02
1.807592e-02;6.295154e-02;1.114002e-01;4.938681e-02;5.635574e-02;4.793525e-01;2.763613e-02;6.998416e-02;3.371316e-02;2.107775e-02;1.571141e-02;5.435470e-02
1.492908e-02;9.232296e-02;1.694751e-01;3.967905e-02;6.159188e-02;3.703645e-01;6.083547e-02;6.550514e-02;3.666118e-02;2.158028e-02;2.746627e-02;3.958904e-02
1.712625e-02;1.041252e-01;1.739336e-01;2.604311e-02;5.064932e-02;3.254656e-01;6.614321e-02;1.218252e-01;5.186189e-02;1.985116e-02;2.055357e-02;2.242192e-02
1.824411e-02;1.044948e-01;1.198194e-01;1.403242e-02;4.286275e-02;3.966250e-01;3.450036e-02;1.402956e-01;7.285865e-02;2.406533e-02;1.433711e-02;1.786455e-02
2.541226e-02;8.307578e-02;1.100057e-01;2.214033e-02;3.022075e-02;3.557645e-01;7.764497e-02;1.353477e-01;9.597771e-02;3.593422e-02;1.836662e-02;1.010944e-02
1.813113e-02;7.897958e-02;1.069509e-01;2.656093e-02;4.223050e-02;3.310692e-01;7.649801e-02;1.401065e-01;1.149903e-01;3.533508e-02;2.257121e-02;6.576590e-03
1.808633e-02;7.155018e-02;7.852299e-02;4.066190e-02;5.484094e-02;4.298083e-01;6.902933e-02;1.162282e-01;8.038365e-02;2.044825e-02;1.349938e-02;6.940599e-03
2.863851e-02;5.527381e-02;1.031512e-01;3.917167e-02;6.106640e-02;4.812270e-01;6.260843e-02;8.397049e-02;4.759582e-02;1.617312e-02;1.150942e-02;9.614113e-03
3.045071e-02;5.065756e-02;8.769291e-02;2.669835e-02;9.111936e-02;5.436295e-01;5.138521e-02;4.270443e-02;3.929258e-02;1.322643e-02;9.750092e-03;1.339285e-02
1.700324e-02;3.311523e-02;8.623598e-02;3.251330e-02;1.345151e-01;5.025901e-01;3.246833e-02;7.242408e-02;5.330355e-02;8.395324e-03;3.027726e-03;2.440795e-02
4.351005e-03;3.089834e-02;8.304469e-02;6.915235e-02;1.899506e-01;4.328826e-01;3.332416e-02;3.911533e-02;6.543033e-02;6.720745e-03;3.141091e-03;4.198874e-02
4.756781e-03;3.837502e-02;7.376228e-02;1.151573e-01;2.062694e-01;3.511200e-01;3.816301e-02;3.875624e-02;5.687169e-02;1.031022e-02;9.951564e-03;5.650650e-02
1.234688e-02;6.899782e-02;1.358579e-01;1.417481e-01;1.546996e-01;2.519022e-01;4.932452e-02;4.212197e-02;4.601532e-02;2.015607e-02;2.288590e-02;5.394374e-02
2.738973e-02;1.162089e-01;1.723147e-01;1.122409e-01;1.376650e-01;1.603853e-01;5.657414e-02;7.413501e-02;4.660140e-02;1.988728e-02;3.284841e-02;4.374922e-02
5.279947e-02;1.349681e-01;1.439855e-01;4.847583e-02;1.464541e-01;1.884942e-01;5.753564e-02;9.533852e-02;5.410287e-02;1.679871e-02;1.729749e-02;4.374962e-02
7.745042e-02;1.179336e-01;2.005731e-01;3.264438e-02;1.596311e-01;1.628768e-01;5.491566e-02;9.238271e-02;4.572623e-02;1.731531e-02;7.077778e-03;3.147277e-02
4.927328e-02;7.343040e-02;1.516638e-01;6.629970e-02;1.503778e-01;2.849482e-01;7.380284e-02;6.641868e-02;4.211284e-02;1.744786e-02;8.205950e-03;1.601863e-02
1.947928e-02;9.459736e-02;1.052115e-01;7.038958e-02;1.410227e-01;3.350808e-01;8.035015e-02;6.376775e-02;4.204574e-02;1.666330e-02;1.546726e-02;1.592465e-02
2.521356e-02;8.390366e-02;1.531261e-01;5.338835e-02;1.239569e-01;3.633877e-01;3.238884e-02;8.472952e-02;3.729936e-02;1.204647e-02;1.564463e-02;1.491482e-02
3.060871e-02;7.525571e-02;1.550465e-01;3.477788e-02;8.587727e-02;3.893031e-01;1.626586e-02;1.290851e-01;4.470029e-02;1.153032e-02;1.096626e-02;1.658293e-02
3.064361e-02;9.368661e-02;1.579072e-01;4.872987e-02;4.536527e-02;3.371978e-01;5.666472e-02;1.119291e-01;5.664681e-02;2.575330e-02;1.455806e-02;2.091778e-02
1.985255e-02;8.429904e-02;1.242028e-01;5.957105e-02;7.489600e-02;3.444438e-01;8.576093e-02;6.767971e-02;7.496811e-02;3.224891e-02;1.056834e-02;2.150874e-02
2.769125e-02;6.730212e-02;8.988625e-02;8.798807e-02;4.540789e-02;3.076635e-01;5.528411e-02;1.471672e-01;1.029152e-01;2.686984e-02;8.977456e-03;3.284707e-02
2.051477e-02;4.225697e-02;1.339498e-01;7.439500e-02;9.008110e-02;3.488950e-01;2.248592e-02;1.108316e-01;7.808141e-02;2.279723e-02;6.116144e-03;4.959516e-02
1.852555e-02;3.678633e-02;1.287422e-01;4.421473e-02;1.639545e-01;4.128318e-01;1.447630e-02;4.298130e-02;5.994111e-02;1.373202e-02;4.175881e-03;5.963828e-02
7.070151e-03;2.637209e-02;9.858456e-02;5.245412e-02;2.034312e-01;4.367188e-01;1.718526e-02;3.391206e-02;4.892460e-02;8.796629e-03;5.664842e-03;6.088572e-02
1.868727e-02;1.899124e-02;1.220478e-01;7.805261e-02;1.902839e-01;3.909898e-01;2.138292e-02;3.111009e-02;4.688702e-02;1.462673e-02;4.398451e-03;6.254220e-02
2.032665e-02;3.612833e-02;1.228067e-01;4.655300e-02;1.654166e-01;3.621464e-01;3.753654e-02;3.878301e-02;5.430583e-02;2.192229e-02;1.039055e-02;8.368406e-02
1.197740e-02;2.696879e-02;6.993528e-02;5.545374e-02;1.796325e-01;4.069762e-01;2.725871e-02;2.728671e-02;8.750965e-02;1.365138e-02;6.077436e-03;8.727215e-02
5.177739e-03;2.173622e-02;5.393332e-02;6.281819e-02;2.037570e-01;4.241193e-01;1.209156e-02;3.943080e-02;9.129085e-02;7.289991e-03;4.670099e-03;7.368495e-02
1.488936e-02;1.690676e-02;3.908925e-02;7.455126e-02;1.926085e-01;4.877569e-01;1.039233e-02;2.293309e-02;6.991572e-02;1.038510e-02;7.753147e-03;5.281858e-02
2.567454e-02;2.906676e-02;6.546636e-02;6.377410e-02;9.065249e-02;5.738724e-01;2.622681e-02;4.274750e-02;3.211913e-02;1.501708e-02;6.635536e-03;2.874728e-02
4.183194e-02;1.801093e-02;6.047697e-02;3.170760e-02;7.779392e-02;6.081618e-01;2.902052e-02;5.782032e-02;3.062694e-02;2.029904e-02;1.479246e-03;2.277075e-02
5.395405e-02;1.356832e-02;2.627859e-02;2.297295e-02;1.025523e-01;5.577967e-01;1.760415e-02;1.262068e-01;1.719005e-02;3.526987e-02;2.023354e-03;2.458288e-02
5.817278e-02;1.959551e-02;2.690668e-02;3.007341e-02;8.622035e-02;4.840245e-01;1.723552e-02;1.624337e-01;1.594749e-02;7.860153e-02;1.914058e-03;1.887443e-02
5.795255e-02;1.708855e-02;2.085175e-02;3.001829e-02;5.949891e-02;4.383313e-01;2.069336e-02;1.934033e-01;2.080337e-02;1.249760e-01;1.941396e-03;1.444126e-02
4.354309e-02;1.619471e-02;2.114821e-02;2.863167e-02;4.023501e-02;5.273262e-01;4.146926e-02;1.391165e-01;2.472435e-02;1.084954e-01;1.788936e-03;7.326504e-03
2.024579e-02;2.204799e-02;3.672061e-02;2.976642e-02;3.105045e-02;6.076908e-01;5.216525e-02;1.170500e-01;2.292069e-02;5.342880e-02;2.002401e-03;4.910867e-03
1.040687e-02;2.289443e-02;2.384051e-02;2.938141e-02;1.908905e-02;6.162871e-01;7.064644e-02;1.556108e-01;1.804333e-02;2.610554e-02;1.460655e-03;6.233836e-03
1.549679e-02;2.095078e-02;2.738681e-02;3.083184e-02;1.905729e-02;5.929317e-01;7.404017e-02;1.746285e-01;1.291120e-02;2.151997e-02;2.872471e-03;7.372450e-03
1.889744e-02;2.332400e-02;2.544630e-02;3.034439e-02;4.147557e-02;5.546996e-01;7.807400e-02;1.726073e-01;1.753956e-02;2.488667e-02;2.760458e-03;9.944671e-03
2.155532e-02;1.959416e-02;2.821263e-02;3.062248e-02;7.692537e-02;5.573870e-01;6.178041e-02;1.484009e-01;1.723080e-02;2.722798e-02;2.759602e-03;8.303374e-03
2.379943e-02;4.651279e-02;9.098177e-02;4.099267e-02;1.113096e-01;4.614324e-01;3.380632e-02;1.181483e-01;3.106475e-02;1.897583e-02;1.141923e-02;1.155696e-02
3.133544e-02;1.024801e-01;2.340172e-01;5.821333e-02;1.152653e-01;2.617989e-01;3.081511e-02;8.498707e-02;3.322934e-02;2.015671e-02;1.854532e-02;9.156100e-03
3.163439e-02;1.181396e-01;2.043994e-01;5.409519e-02;6.550907e-02;2.533660e-01;6.691878e-02;8.003043e-02;3.925342e-02;2.425347e-02;4.039058e-02;2.200960e-02
4.513539e-02;8.617475e-02;9.363317e-02;5.574676e-02;5.911334e-02;2.419720e-01;1.084893e-01;1.133840e-01;4.677131e-02;2.459661e-02;6.674024e-02;5.824309e-02
5.272482e-02;6.506660e-02;5.082064e-02;4.763845e-02;7.049013e-02;2.424645e-01;9.733860e-02;1.349634e-01;6.517899e-02;3.676580e-02;6.335644e-02;7.319166e-02
4.087593e-02;8.370680e-02;6.549075e-02;3.783464e-02;7.641345e-02;2.558987e-01;6.660216e-02;1.582080e-01;7.090195e-02;4.400545e-02;4.019605e-02;5.986607e-02
2.046935e-02;8.506289e-02;1.057663e-01;3.122884e-02;8.883758e-02;3.277949e-01;4.271863e-02;1.504035e-01;5.432457e-02;4.190014e-02;2.550291e-02;2.599039e-02
1.299032e-02;5.107409e-02;9.625859e-02;3.426471e-02;7.944143e-02;4.704992e-01;3.568322e-02;1.240481e-01;2.087414e-02;3.885424e-02;2.168381e-02;1.432819e-02
1.066295e-02;5.254680e-02;1.199251e-01;3.977546e-02;4.954047e-02;4.812717e-01;3.347860e-02;1.043751e-01;2.466397e-02;4.363101e-02;1.740667e-02;2.272215e-02
1.603157e-02;7.488214e-02;2.210371e-01;3.946277e-02;6.799692e-02;2.965092e-01;4.029969e-02;1.024589e-01;4.386991e-02;4.300796e-02;1.516350e-02;3.928037e-02
1.779525e-02;4.451175e-02;1.469946e-01;3.966706e-02;8.046950e-02;4.823958e-01;3.285534e-02;5.408434e-02;3.399433e-02;2.498576e-02;9.636592e-03;3.260972e-02
2.049952e-02;1.889883e-02;6.794760e-02;3.555834e-02;6.459306e-02;5.598505e-01;5.938600e-02;7.203338e-02;4.189168e-02;3.115113e-02;6.683353e-03;2.150665e-02
1.529234e-02;4.040273e-02;2.687138e-02;2.330627e-02;4.384920e-02;4.662915e-01;1.220596e-01;1.507406e-01;6.451772e-02;2.848092e-02;7.463973e-03;1.072378e-02
6.999971e-03;7.657836e-02;2.356735e-02;1.070812e-02;2.925623e-02;3.654784e-01;1.833377e-01;1.780917e-01;1.002287e-01;1.496612e-02;6.777822e-03;4.009441e-03
1.331675e-02;8.987948e-02;3.823806e-02;5.260685e-03;2.190685e-02;3.645871e-01;1.757932e-01;1.605405e-01;1.108706e-01;1.055873e-02;5.155816e-03;3.892321e-03
6.397887e-03;5.887802e-02;3.237504e-02;6.294077e-03;2.342825e-02;4.947980e-01;1.209433e-01;1.466430e-01;8.937393e-02;1.289743e-02;3.496976e-03;4.474150e-03
1.896144e-02;4.688108e-02;4.328586e-02;4.942203e-03;2.392232e-02;5.459881e-01;8.609352e-02;1.526120e-01;5.789171e-02;1.009010e-02;2.338753e-03;6.992937e-03
2.543919e-02;7.817023e-02;5.877110e-02;8.805919e-03;2.968902e-02;5.185214e-01;8.856557e-02;1.407941e-01;3.180154e-02;9.813665e-03;2.846775e-03;6.781464e-03
1.380547e-02;1.017285e-01;5.059203e-02;1.189476e-02;2.790858e-02;3.417192e-01;1.253600e-01;2.335494e-01;6.529772e-02;1.215607e-02;8.113956e-03;7.874368e-03
4.527941e-03;6.945338e-02;5.338912e-02;1.417929e-02;1.352395e-02;3.834971e-01;1.086056e-01;2.633267e-01;6.834967e-02;6.520978e-03;9.135731e-03;5.490529e-03
9.125833e-03;4.301238e-02;5.987408e-02;1.154891e-02;1.366944e-02;4.430104e-01;7.561698e-02;2.750392e-01;5.122711e-02;8.705737e-03;7.095969e-03;2.073896e-03
2.211882e-02;4.271309e-02;6.984491e-02;1.033983e-02;2.041373e-02;4.317446e-01;4.330903e-02;2.777709e-01;5.072681e-02;1.296335e-02;8.819939e-03;9.235025e-03
3.339220e-02;6.483150e-02;1.180938e-01;1.525775e-02;2.536550e-02;3.579997e-01;2.858060e-02;2.451302e-01;6.357922e-02;1.639764e-02;1.618198e-02;1.518999e-02
3.002320e-02;1.050523e-01;1.251901e-01;1.488054e-02;3.865787e-02;3.481020e-01;3.908417e-02;1.766560e-01;7.037417e-02;2.207837e-02;2.302179e-02;6.879417e-03
3.355740e-02;1.135435e-01;6.954464e-02;2.081130e-02;5.466373e-02;3.414569e-01;5.562490e-02;1.479285e-01;6.528694e-02;4.283277e-02;2.760059e-02;2.714879e-02
1.790864e-02;6.855629e-02;5.695585e-02;2.958851e-02;6.386030e-02;2.248661e-01;5.579126e-02;3.001072e-01;7.168912e-02;6.021148e-02;3.080448e-02;1.966073e-02
1.098389e-02;3.368095e-02;4.332120e-02;1.467495e-02;4.422093e-02;4.290216e-01;3.607189e-02;2.692500e-01;5.195072e-02;3.929988e-02;1.876557e-02;8.758405e-03
1.418745e-02;4.162846e-02;5.945183e-02;8.324153e-03;3.825480e-02;4.683569e-01;4.602923e-02;2.218876e-01;4.770630e-02;2.881177e-02;1.175783e-02;1.360369e-02
1.488711e-02;5.457987e-02;6.698861e-02;2.229373e-02;3.524864e-02;4.395285e-01;4.048435e-02;1.999847e-01;4.860854e-02;4.960720e-02;1.251480e-02;1.527401e-02
2.648353e-02;7.168300e-02;1.042867e-01;3.848374e-02;3.751058e-02;3.462437e-01;4.797160e-02;2.077618e-01;5.621326e-02;4.010824e-02;1.021202e-02;1.304175e-02
1.802069e-02;8.628480e-02;1.657141e-01;5.194604e-02;3.693553e-02;2.784151e-01;4.541547e-02;2.234966e-01;4.771561e-02;2.594365e-02;9.735027e-03;1.037737e-02
1.278464e-02;1.019100e-01;2.331523e-01;6.768292e-02;3.564243e-02;1.939153e-01;3.755429e-02;2.026564e-01;5.591049e-02;2.254393e-02;2.252720e-02;1.372011e-02
2.366545e-02;1.468758e-01;2.933381e-01;6.320097e-02;5.052088e-02;1.299126e-01;2.806954e-02;1.401276e-01;6.699142e-02;2.463326e-02;2.041420e-02;1.225020e-02
3.127417e-02;1.801116e-01;2.528464e-01;3.297019e-02;5.519591e-02;2.078331e-01;2.660748e-02;9.796050e-02;5.310729e-02;3.845117e-02;1.310474e-02;1.053752e-02
2.634050e-02;1.526935e-01;1.525443e-01;3.112691e-02;4.267348e-02;3.941157e-01;2.322110e-02;7.157845e-02;2.874411e-02;4.745467e-02;1.420147e-02;1.530577e-02
1.544382e-02;1.061642e-01;1.585617e-01;2.413194e-02;2.931067e-02;5.205027e-01;1.813924e-02;5.759221e-02;1.777108e-02;3.017102e-02;1.186102e-02;1.035028e-02
1.611041e-02;9.746100e-02;8.844338e-02;1.986909e-02;3.100082e-02;5.444234e-01;1.999250e-02;1.121671e-01;2.447078e-02;2.822277e-02;8.545245e-03;9.293585e-03
1.656339e-02;1.034820e-01;1.451361e-01;2.252453e-02;2.936291e-02;4.323993e-01;3.417480e-02;1.496781e-01;3.048261e-02;2.342282e-02;4.830094e-03;7.943464e-03
1.763327e-02;1.289266e-01;2.116679e-01;3.336729e-02;2.618260e-02;2.595424e-01;5.517420e-02;1.856738e-01;3.508683e-02;2.391010e-02;9.198795e-03;1.363622e-02
1.289528e-02;8.201012e-02;1.163193e-01;1.985818e-02;2.312113e-02;4.709927e-01;3.580152e-02;1.710199e-01;2.268386e-02;2.521477e-02;1.192383e-02;8.159376e-03
1.308920e-02;4.959830e-02;8.579990e-02;1.393529e-02;2.216686e-02;5.311953e-01;2.242902e-02;1.926097e-01;2.922561e-02;2.440773e-02;7.976606e-03;7.566540e-03
1.706228e-02;2.193632e-02;5.902435e-02;1.572257e-02;2.553146e-02;5.334934e-01;3.155020e-02;2.231532e-01;2.413567e-02;2.886492e-02;1.193327e-02;7.592299e-03
2.230086e-02;5.235733e-02;6.813926e-02;2.485825e-02;2.454332e-02;3.935308e-01;6.042735e-02;2.582598e-01;3.430913e-02;3.433471e-02;1.091744e-02;1.602175e-02
1.931691e-02;5.741718e-02;1.013244e-01;2.062443e-02;2.870843e-02;3.489937e-01;9.244750e-02;2.242257e-01;4.620215e-02;2.784802e-02;2.051698e-02;1.237448e-02
3.963511e-02;4.398461e-02;8.187359e-02;3.053944e-02;3.529370e-02;3.229488e-01;1.450193e-01;1.578437e-01;5.838202e-02;5.321999e-02;1.732587e-02;1.393386e-02
7.484463e-02;3.480878e-02;4.961115e-02;3.832310e-02;3.149680e-02;3.425104e-01;1.770700e-01;1.184945e-01;4.411275e-02;6.056292e-02;1.304326e-02;1.512169e-02
1.201072e-01;3.037360e-02;2.617677e-02;3.916315e-02;1.775206e-02;3.893869e-01;1.800490e-01;8.484086e-02;2.454397e-02;5.871473e-02;8.895873e-03;1.999583e-02
1.940555e-01;2.100820e-02;2.420264e-02;3.705896e-02;1.382058e-02;3.954507e-01;1.318296e-01;5.993332e-02;2.563840e-02;5.038398e-02;9.795567e-03;3.682255e-02
2.696043e-01;1.935485e-02;3.677505e-02;2.218620e-02;3.418934e-02;3.467970e-01;6.738802e-02;3.823359e-02;2.498046e-02;3.238715e-02;1.919281e-02;8.891124e-02
2.576839e-01;2.212139e-02;8.131333e-02;1.533054e-02;5.186536e-02;2.689413e-01;2.409776e-02;1.648874e-02;3.252115e-02;2.052587e-02;2.231088e-02;1.867999e-01
1.557622e-01;1.776970e-02;1.041441e-01;1.196736e-02;7.321066e-02;2.152420e-01;1.946607e-02;3.283177e-02;5.778876e-02;1.759014e-02;2.681581e-02;2.674115e-01
5.466880e-02;1.694619e-02;1.164375e-01;1.090910e-02;9.785747e-02;1.827996e-01;2.744289e-02;4.389901e-02;8.812448e-02;1.689151e-02;1.797555e-02;3.260480e-01
5.370354e-02;1.331143e-02;1.133567e-01;1.217911e-02;1.269899e-01;1.302178e-01;3.074264e-02;2.901370e-02;1.200748e-01;1.507412e-02;1.345134e-02;3.418849e-01
6.707013e-02;9.129161e-03;8.834450e-02;1.354270e-02;1.413571e-01;1.767866e-01;3.229088e-02;1.149711e-02;1.350525e-01;1.471157e-02;6.325490e-03;3.038922e-01
3.494127e-02;1.512649e-02;9.483756e-02;9.309716e-03;1.530974e-01;2.451721e-01;3.558983e-02;2.924228e-02;1.215618e-01;1.464340e-02;5.942988e-03;2.405351e-01
2.420472e-02;1.619834e-02;9.860618e-02;2.364719e-02;1.874992e-01;3.101604e-01;2.963534e-02;2.628685e-02;9.483164e-02;1.117802e-02;4.872257e-03;1.728799e-01
2.942641e-02;1.209625e-02;7.958717e-02;6.291847e-02;2.316959e-01;3.125017e-01;3.856968e-02;2.479307e-02;7.356989e-02;1.259155e-02;3.333005e-03;1.189169e-01
2.422406e-02;2.399797e-02;8.807869e-02;1.008461e-01;2.120368e-01;2.990106e-01;5.018830e-02;3.350728e-02;5.058819e-02;2.609760e-02;8.866338e-03;8.255811e-02
3.001326e-02;4.182303e-02;8.831387e-02;1.058886e-01;1.311585e-01;3.116451e-01;6.643838e-02;8.433281e-02;2.911504e-02;3.302800e-02;1.079198e-02;6.745139e-02
4.271849e-02;6.728327e-02;1.292469e-01;8.048752e-02;7.024162e-02;2.207093e-01;6.634425e-02;1.256334e-01;3.814307e-02;3.041860e-02;1.665468e-02;1.121189e-01
1.137248e-02;7.747864e-02;1.603752e-01;3.452605e-02;1.091076e-01;2.373612e-01;6.670977e-02;9.565097e-02;3.296795e-02;1.702619e-02;1.268707e-02;1.447369e-01
3.888971e-02;6.724569e-02;1.082583e-01;2.850373e-02;1.594075e-01;2.646714e-01;6.793013e-02;3.580278e-02;4.060733e-02;1.099224e-02;7.658689e-03;1.700325e-01
2.789747e-02;4.257853e-02;1.122161e-01;5.313753e-02;1.759657e-01;2.855559e-01;4.743408e-02;4.913733e-02;3.867366e-02;1.382646e-02;8.202472e-03;1.453747e-01
1.693656e-02;2.971403e-02;9.917156e-02;5.980180e-02;1.470120e-01;3.269248e-01;3.299686e-02;1.067950e-01;4.168222e-02;1.593319e-02;9.092188e-03;1.139399e-01
1.907711e-02;3.518246e-02;6.260037e-02;3.947471e-02;1.154664e-01;3.410914e-01;2.816429e-02;1.494449e-01;4.862475e-02;3.669212e-02;1.821841e-02;1.059631e-01
5.355692e-02;4.214653e-02;9.724514e-02;5.872696e-02;7.770344e-02;1.924129e-01;4.885910e-02;1.393653e-01;7.882022e-02;9.119846e-02;2.909775e-02;9.086733e-02
5.975727e-02;4.248487e-02;8.940562e-02;6.567092e-02;4.691009e-02;2.663683e-01;6.555936e-02;9.077501e-02;7.452891e-02;1.010857e-01;3.600706e-02;6.144689e-02
3.272178e-02;3.517744e-02;7.881558e-02;5.562784e-02;8.867878e-02;3.461634e-01;7.501353e-02;8.605105e-02;5.198306e-02;7.735865e-02;2.833291e-02;4.407598e-02
4.451638e-02;2.419146e-02;5.214803e-02;3.392572e-02;1.190359e-01;4.007539e-01;7.307577e-02;1.087004e-01;4.651833e-02;5.590977e-02;1.399743e-02;2.722692e-02
5.870437e-02;2.957135e-02;5.362037e-02;2.469937e-02;1.401673e-01;4.066396e-01;3.911714e-02;1.378353e-01;4.952970e-02;2.830055e-02;1.200783e-02;1.980714e-02
4.836854e-02;5.348343e-02;8.150286e-02;2.554876e-02;1.294872e-01;3.290583e-01;3.248884e-02;1.855332e-01;5.776935e-02;2.096545e-02;8.285276e-03;2.750880e-02
5.724657e-02;5.167393e-02;1.149660e-01;2.101387e-02;9.463176e-02;3.714259e-01;3.357193e-02;1.621795e-01;4.983098e-02;1.398921e-02;8.284537e-03;2.118580e-02
6.322858e-02;3.933866e-02;1.006138e-01;3.274109e-02;7.472996e-02;4.634625e-01;2.567875e-02;1.018987e-01;3.662243e-02;1.393347e-02;1.038359e-02;3.736835e-02
5.863391e-02;2.553414e-02;6.914552e-02;2.687955e-02;5.878953e-02;5.796100e-01;2.235014e-02;3.950009e-02;4.074385e-02;2.032808e-02;2.160141e-02;3.688386e-02
4.810054e-02;1.814576e-02;2.944232e-02;2.136166e-02;5.426757e-02;5.847674e-01;6.953243e-02;7.077365e-02;2.379181e-02;2.459417e-02;1.864278e-02;3.657988e-02
6.502360e-02;1.035933e-02;2.613417e-02;8.766633e-03;5.851325e-02;5.883846e-01;9.873466e-02;5.438804e-02;1.975546e-02;2.552444e-02;1.098851e-02;3.342725e-02
6.645178e-02;8.553773e-03;3.191219e-02;3.255909e-03;9.411971e-02;5.529853e-01;7.706946e-02;2.734938e-02;4.615260e-02;1.675650e-02;1.018073e-02;6.521261e-02
5.912142e-02;1.292102e-02;3.249522e-02;1.091318e-02;1.568938e-01;4.662571e-01;3.689792e-02;2.384409e-02;7.383614e-02;1.247919e-02;6.843361e-03;1.074975e-01
5.104924e-02;1.290198e-02;3.118221e-02;2.129553e-02;2.087055e-01;4.309056e-01;1.094681e-02;2.146460e-02;8.031704e-02;8.408189e-03;8.184894e-03;1.146384e-01
4.318392e-02;1.031377e-02;3.995417e-02;4.953955e-02;1.946003e-01;4.317029e-01;4.698963e-02;1.986800e-02;6.836474e-02;5.729683e-03;9.465865e-03;8.028753e-02
4.100329e-02;1.484759e-02;3.461305e-02;6.492093e-02;1.460229e-01;4.875883e-01;6.960310e-02;2.258106e-02;5.183559e-02;1.150620e-02;1.324969e-02;4.222837e-02
2.476658e-02;3.206771e-02;8.198316e-02;6.245320e-02;7.007042e-02;5.540521e-01;6.656624e-02;2.650841e-02;2.229373e-02;1.647856e-02;1.383267e-02;2.892721e-02
2.828678e-02;3.681286e-02;1.351633e-01;5.327239e-02;1.201919e-01;4.610580e-01;3.222042e-02;3.957814e-02;2.537708e-02;1.092077e-02;1.784267e-02;3.927565e-02
1.722567e-02;2.332142e-02;1.299224e-01;3.639115e-02;1.230818e-01;4.983049e-01;2.924066e-02;6.350692e-02;2.890893e-02;1.373225e-02;1.438372e-02;2.198010e-02
1.728911e-02;2.140522e-02;9.215455e-02;1.377728e-02;6.953857e-02;4.784429e-01;7.711559e-02;1.302704e-01;2.933944e-02;2.790877e-02;1.966354e-02;2.309464e-02
2.524701e-02;1.664874e-02;4.997058e-02;1.443090e-02;3.045864e-02;2.943603e-01;1.513472e-01;2.676376e-01;4.363542e-02;3.525298e-02;3.579210e-02;3.521857e-02
2.080407e-02;9.620749e-03;3.407320e-02;9.399919e-03;2.098913e-02;1.970907e-01;1.564286e-01;3.999612e-01;4.679027e-02;2.667036e-02;2.916078e-02;4.901099e-02
1.853066e-02;7.521426e-03;4.692363e-02;9.070075e-03;2.540416e-02;2.764269e-01;6.520431e-02;4.297680e-01;4.869888e-02;1.915322e-02;1.249979e-02;4.079895e-02
1.716204e-02;1.192128e-02;3.785540e-02;1.175285e-02;2.829589e-02;2.429974e-01;3.057209e-02;4.606571e-01;9.740525e-02;1.980909e-02;5.972665e-03;3.559902e-02
1.249661e-02;1.089170e-02;1.544027e-02;1.369903e-02;3.885844e-02;2.593195e-01;2.066329e-02;4.263091e-01;1.521660e-01;1.587181e-02;4.365805e-03;2.991841e-02
1.268636e-02;8.872749e-03;1.258116e-02;1.122812e-02;4.106378e-02;3.001013e-01;2.503690e-02;3.851431e-01;1.609527e-01;1.652739e-02;2.905659e-03;2.290070e-02
9.695933e-03;1.098221e-02;1.914515e-02;1.348065e-02;2.995178e-02;3.407119e-01;1.499507e-02;4.011577e-01;1.198303e-01;1.139121e-02;8.117981e-03;2.054017e-02
1.531017e-02;2.098364e-02;3.969343e-02;1.302484e-02;1.566345e-02;3.079335e-01;1.260509e-02;4.538085e-01;6.592452e-02;2.072567e-02;1.393261e-02;2.039463e-02
3.239763e-02;3.121917e-02;6.644748e-02;1.350112e-02;2.621215e-02;9.457818e-02;3.395942e-02;5.217189e-01;1.262823e-01;2.331645e-02;9.139274e-03;2.122789e-02
2.962297e-02;1.376148e-02;4.300743e-02;1.871941e-02;2.769496e-02;3.045207e-01;5.461905e-02;3.366520e-01;1.223958e-01;1.380581e-02;1.236421e-02;2.283629e-02
7.840954e-03;1.996739e-02;3.162200e-02;3.582549e-02;3.442015e-02;2.950188e-01;6.501557e-02;3.264724e-01;1.236982e-01;2.169955e-02;1.428087e-02;2.413860e-02
1.534943e-02;2.818150e-02;5.460149e-02;3.255516e-02;2.525846e-02;1.780802e-01;6.075419e-02;4.118885e-01;1.181061e-01;2.910950e-02;1.790522e-02;2.821035e-02
1.924963e-02;3.591532e-02;3.897809e-02;2.162446e-02;3.424823e-02;2.137017e-01;3.574823e-02;3.571165e-01;1.150963e-01;7.535293e-02;2.899951e-02;2.396915e-02
1.689215e-02;4.852125e-02;2.111206e-02;2.159157e-02;6.562510e-02;1.694702e-01;1.976963e-02;2.314966e-01;1.709763e-01;1.636532e-01;4.526311e-02;2.562890e-02
1.248856e-02;5.382079e-02;2.659247e-02;1.668222e-02;9.672306e-02;1.265141e-01;1.327361e-02;1.596626e-01;1.747295e-01;2.588354e-01;4.340468e-02;1.727298e-02
1.640072e-02;3.232794e-02;2.888456e-02;1.989988e-02;7.198138e-02;7.331377e-02;1.519361e-02;2.432899e-01;2.493729e-01;2.045386e-01;3.479480e-02;1.000185e-02
1.803069e-02;2.794532e-02;3.816850e-02;3.169721e-02;4.135482e-02;8.679858e-02;1.780481e-02;3.379014e-01;2.737603e-01;9.458231e-02;2.232593e-02;9.630114e-03
2.228199e-02;5.453268e-02;6.089502e-02;2.800319e-02;2.940143e-02;6.790420e-02;3.234990e-02;4.437900e-01;1.885612e-01;3.681231e-02;1.857856e-02;1.688950e-02
3.013713e-02;9.555877e-02;9.610488e-02;2.042458e-02;2.582108e-02;1.629657e-01;3.354764e-02;4.178477e-01;4.850632e-02;2.492386e-02;2.303618e-02;2.112615e-02
3.028085e-02;9.556098e-02;5.594710e-02;1.699525e-02;2.287707e-02;2.394139e-01;2.270361e-02;3.126014e-01;1.255262e-01;3.575702e-02;2.855151e-02;1.378499e-02
2.247931e-02;8.183971e-02;6.532517e-02;2.407318e-02;3.774264e-02;2.411640e-01;3.006581e-02;2.783920e-01;1.298521e-01;4.417245e-02;2.829006e-02;1.660344e-02
2.729680e-02;6.364898e-02;4.464566e-02;2.378715e-02;4.046537e-02;1.988795e-01;4.104449e-02;3.920316e-01;6.916992e-02;3.889946e-02;2.745804e-02;3.267308e-02
1.483372e-02;2.622495e-02;3.640800e-02;1.461649e-02;2.905832e-02;2.949181e-01;3.653156e-02;3.722485e-01;9.655311e-02;3.272384e-02;1.942753e-02;2.645592e-02
1.713526e-02;2.477152e-02;3.003681e-02;1.847541e-02;2.540446e-02;2.839946e-01;3.493902e-02;3.505431e-01;1.531747e-01;3.077225e-02;1.614720e-02;1.460565e-02
1.299827e-02;2.693973e-02;4.936701e-02;2.849313e-02;2.732241e-02;2.739278e-01;4.086893e-02;2.915689e-01;1.685095e-01;4.725818e-02;2.217549e-02;1.057062e-02
6.328030e-03;1.751866e-02;2.926758e-02;2.766103e-02;6.519585e-02;4.027288e-01;3.340637e-02;1.953568e-01;1.167959e-01;4.741241e-02;3.036965e-02;2.795882e-02
8.679477e-03;1.684978e-02;3.966060e-02;1.958485e-02;5.943871e-02;4.878674e-01;2.989573e-02;1.605663e-01;7.449887e-02;3.484989e-02;2.994947e-02;3.815895e-02
1.342027e-02;1.373017e-02;3.674348e-02;2.363369e-02;3.765422e-02;3.757804e-01;2.871015e-02;3.322081e-01;7.209879e-02;2.430994e-02;1.604604e-02;2.566476e-02
1.196470e-02;1.928069e-02;7.538907e-02;3.180309e-02;2.500227e-02;1.132981e-01;4.599553e-02;5.436805e-01;9.029362e-02;2.272981e-02;7.474197e-03;1.308835e-02
7.757402e-03;2.043183e-02;7.150826e-02;2.095258e-02;2.638898e-02;1.741092e-01;3.223884e-02;5.182448e-01;9.244391e-02;1.850327e-02;7.986916e-03;9.434005e-03
5.632589e-03;4.282638e-02;5.983914e-02;1.739770e-02;2.426894e-02;1.044808e-01;5.956516e-02;5.896561e-01;6.158307e-02;1.613453e-02;9.731960e-03;8.883652e-03
7.680753e-03;5.441669e-02;4.031900e-02;7.094570e-03;1.667240e-02;2.744556e-01;6.294130e-02;4.417075e-01;6.492125e-02;1.120342e-02;1.111269e-02;7.474874e-03
2.036147e-02;5.326068e-02;2.959850e-02;6.238735e-03;1.820293e-02;3.950717e-01;4.959636e-02;3.083577e-01;8.665966e-02;1.519633e-02;1.129498e-02;6.161032e-03
4.300212e-02;6.107878e-02;7.600754e-02;1.036371e-02;2.478438e-02;5.056608e-01;3.458823e-02;1.111846e-01;7.134229e-02;2.244213e-02;2.477566e-02;1.476973e-02
4.173116e-02;7.436430e-02;1.002123e-01;1.816094e-02;2.733451e-02;2.863810e-01;2.711410e-02;2.611036e-01;8.908749e-02;2.198789e-02;2.637295e-02;2.614973e-02
2.692912e-02;6.713306e-02;4.450203e-02;1.529444e-02;2.653802e-02;1.668396e-01;2.688126e-02;4.527557e-01;1.022053e-01;2.980730e-02;1.895779e-02;2.215645e-02
1.991419e-02;5.266785e-02;5.713269e-02;1.735196e-02;3.206920e-02;2.966093e-01;2.521850e-02;3.786670e-01;5.940030e-02;2.465243e-02;2.081431e-02;1.550225e-02
5.002714e-02;5.564067e-02;9.804352e-02;4.195357e-02;7.317274e-02;1.668907e-01;6.009652e-02;2.544555e-01;8.469521e-02;2.429135e-02;5.981758e-02;3.091553e-02
8.688377e-02;3.601677e-02;9.406396e-02;4.038920e-02;8.514604e-02;1.583387e-01;7.115518e-02;1.630956e-01;7.030476e-02;4.306271e-02;8.845881e-02;6.308447e-02
9.508519e-02;3.972619e-02;7.835955e-02;2.684167e-02;6.227898e-02;1.532337e-01;5.156235e-02;1.892551e-01;7.479683e-02;6.207889e-02;9.825426e-02;6.852722e-02
8.967084e-02;5.043991e-02;7.016967e-02;1.911120e-02;4.346423e-02;1.178288e-01;4.999693e-02;2.589642e-01;7.555336e-02;5.395593e-02;9.741284e-02;7.343201e-02
6.490315e-02;5.918350e-02;1.250843e-01;4.543366e-02;4.641684e-02;1.854060e-01;4.403700e-02;2.248903e-01;3.810331e-02;3.957155e-02;6.302822e-02;6.394216e-02
4.730853e-02;7.576660e-02;2.217816e-01;6.115172e-02;6.896783e-02;1.741561e-01;3.595994e-02;1.566575e-01;3.756930e-02;3.751092e-02;2.181553e-02;6.135451e-02
3.236419e-02;1.330547e-01;3.441160e-01;4.986866e-02;6.087047e-02;9.167184e-02;1.919102e-02;8.828440e-02;6.023310e-02;2.638782e-02;5.814913e-02;3.580870e-02
2.741983e-02;1.616771e-01;3.897709e-01;3.617762e-02;3.449520e-02;9.052229e-02;8.958096e-03;9.686492e-02;4.850092e-02;3.944333e-02;5.883827e-02;7.331454e-03
2.242546e-02;1.758638e-01;4.247620e-01;3.063483e-02;1.943167e-02;7.448182e-02;7.516176e-03;1.211050e-01;4.121764e-02;4.347600e-02;2.916942e-02;9.916276e-03
2.032119e-02;1.956257e-01;4.408368e-01;2.259928e-02;1.695362e-02;1.016523e-01;5.343673e-03;9.430354e-02;4.078991e-02;4.242559e-02;1.086424e-02;8.284162e-03
1.497244e-02;1.908140e-01;4.529557e-01;3.514940e-02;2.189213e-02;1.256432e-01;8.218329e-03;6.128178e-02;3.909148e-02;3.632649e-02;7.507965e-03;6.147089e-03
1.549179e-02;1.903652e-01;4.818627e-01;3.301525e-02;2.045826e-02;9.568845e-02;1.762313e-02;7.390315e-02;3.100961e-02;2.752066e-02;5.744586e-03;7.317161e-03
1.385091e-02;1.788683e-01;4.743776e-01;4.197723e-02;1.589114e-02;7.609530e-02;1.394776e-02;9.894415e-02;4.167121e-02;2.169389e-02;1.765364e-02;5.028802e-03
9.251282e-03;1.085982e-01;3.861579e-01;4.045949e-02;2.011741e-02;1.624601e-01;7.086159e-03;1.447161e-01;6.196786e-02;1.775836e-02;3.943831e-02;1.988873e-03
8.182304e-03;8.050666e-02;3.690460e-01;5.453315e-02;3.456020e-02;1.795492e-01;9.822040e-03;1.329508e-01;4.228861e-02;1.453181e-02;6.302232e-02;1.100699e-02
9.784921e-03;7.069402e-02;2.908748e-01;4.752160e-02;4.749067e-02;3.053788e-01;1.183400e-02;7.976437e-02;3.912888e-02;1.182624e-02;5.339473e-02;3.230699e-02
9.474472e-03;5.020878e-02;1.951379e-01;3.380531e-02;5.678115e-02;3.835066e-01;1.670010e-02;9.847481e-02;7.985394e-02;5.478869e-03;2.777306e-02;4.280506e-02
1.137495e-02;4.317240e-02;1.222092e-01;3.311058e-02;6.635481e-02;4.386140e-01;1.938148e-02;1.053246e-01;9.360222e-02;5.253614e-03;1.484090e-02;4.676127e-02
1.536715e-02;4.613218e-02;7.235964e-02;2.134230e-02;5.829405e-02;5.646298e-01;1.814564e-02;1.036992e-01;4.637817e-02;4.187191e-03;1.476508e-02;3.469965e-02
1.898788e-02;6.219555e-02;1.669003e-01;1.524971e-02;3.422115e-02;5.671129e-01;1.440750e-02;5.734585e-02;2.906947e-02;8.483487e-03;6.856359e-03;1.916994e-02
2.270581e-02;7.298931e-02;2.083421e-01;1.959668e-02;1.819038e-02;5.075837e-01;1.420469e-02;8.224956e-02;3.140828e-02;1.331111e-02;2.345640e-03;7.072641e-03
2.754044e-02;8.789448e-02;2.302611e-01;1.597466e-02;3.811235e-02;4.499445e-01;1.036585e-02;8.296899e-02;3.014500e-02;1.327012e-02;3.275150e-03;1.024731e-02
2.461626e-02;1.043649e-01;2.578875e-01;1.633513e-02;5.291537e-02;4.264955e-01;8.068264e-03;4.952146e-02;3.374112e-02;7.016815e-03;5.964036e-03;1.307357e-02
1.566865e-02;1.127838e-01;2.644210e-01;2.145495e-02;4.095000e-02;4.117291e-01;1.080418e-02;5.549874e-02;3.761349e-02;7.935861e-03;1.057641e-02;1.056380e-02
2.054640e-02;1.104039e-01;2.430358e-01;1.965662e-02;5.650328e-02;3.929729e-01;9.324410e-03;6.586140e-02;3.246615e-02;9.053236e-03;1.319504e-02;2.698084e-02
2.216528e-02;1.009751e-01;1.993766e-01;3.742412e-02;1.043785e-01;3.193418e-01;1.348531e-02;1.093424e-01;3.392290e-02;8.360752e-03;1.136454e-02;3.986271e-02
2.500580e-02;1.037913e-01;1.837413e-01;5.184371e-02;1.185618e-01;2.559864e-01;1.063825e-02;1.349403e-01;3.965865e-02;4.479572e-03;8.969990e-03;6.238293e-02
2.572455e-02;1.013368e-01;1.846519e-01;3.816967e-02;6.847394e-02;3.261894e-01;1.413187e-02;1.097686e-01;4.336640e-02;5.661950e-03;9.258475e-03;7.326636e-02
2.305370e-02;1.009676e-01;2.045147e-01;3.264242e-02;1.801896e-02;4.077931e-01;1.267158e-02;5.256070e-02;3.785281e-02;5.413957e-03;2.512146e-02;7.938901e-02
2.661225e-02;8.688058e-02;1.740869e-01;2.033556e-02;5.737463e-02;4.195767e-01;1.076246e-02;9.054529e-02;2.870936e-02;1.109940e-02;3.068212e-02;4.333488e-02
2.916719e-02;7.537253e-02;1.659558e-01;1.211154e-02;7.257932e-02;4.154305e-01;1.254134e-02;1.089739e-01;7.051858e-02;1.031226e-02;8.647236e-03;1.838983e-02
3.431359e-02;4.953731e-02;1.245989e-01;2.127658e-02;7.638948e-02;3.959557e-01;2.475334e-02;1.397896e-01;7.270325e-02;1.271874e-02;1.711735e-02;3.084615e-02
4.002316e-02;3.905522e-02;1.073911e-01;3.210564e-02;6.945725e-02;4.397078e-01;2.802122e-02;1.216597e-01;3.988333e-02;2.175528e-02;3.098514e-02;2.995514e-02
2.779155e-02;7.748333e-02;1.935440e-01;3.454529e-02;2.565468e-02;4.796108e-01;1.623559e-02;4.041204e-02;4.037341e-02;2.089509e-02;2.358017e-02;1.987410e-02
2.370014e-02;9.895299e-02;2.228503e-01;2.224210e-02;3.311504e-02;4.201587e-01;1.439459e-02;7.356990e-02;4.323885e-02;1.775881e-02;7.754523e-03;2.226409e-02
1.817314e-02;9.003782e-02;2.210587e-01;1.764400e-02;3.332993e-02;4.449571e-01;1.008995e-02;9.262255e-02;3.421681e-02;1.096660e-02;8.662358e-03;1.824101e-02
1.448769e-02;7.759076e-02;2.104014e-01;1.801870e-02;1.677752e-02;4.811356e-01;6.229538e-03;1.033428e-01;3.963811e-02;7.951248e-03;1.206114e-02;1.236555e-02
9.991583e-03;8.740816e-02;1.923765e-01;2.275577e-02;2.986068e-02;4.987985e-01;8.713613e-03;7.821236e-02;3.604759e-02;8.933822e-03;1.008366e-02;1.681775e-02
2.303884e-02;1.027474e-01;9.925414e-02;2.832394e-02;3.840620e-02;4.132231e-01;1.738361e-02;1.583769e-01;6.213460e-02;1.289788e-02;1.433629e-02;2.987709e-02
3.513368e-02;1.363861e-01;1.285963e-01;3.162181e-02;2.682427e-02;2.620082e-01;2.127938e-02;1.907103e-01;8.761710e-02;2.071168e-02;2.366540e-02;3.544581e-02
