9.597810e-02;5.036156e-02;1.864798e-01;7.895082e-02;6.023262e-02;6.276494e-02;1.315171e-01;6.208086e-02;1.067412e-01;8.238012e-02;4.768726e-02;3.482568e-02
7.042257e-02;5.151127e-02;1.747985e-01;1.146533e-01;6.557043e-02;8.630814e-02;1.042047e-01;7.475670e-02;8.933307e-02;9.072545e-02;4.117436e-02;3.654152e-02
7.003170e-02;6.145241e-02;2.083328e-01;1.199908e-01;6.516092e-02;7.892174e-02;7.733598e-02;7.498723e-02;1.019655e-01;4.933033e-02;5.043397e-02;4.205656e-02
6.804583e-02;8.509233e-02;9.215248e-02;6.875838e-02;5.218861e-02;6.106642e-02;1.414264e-01;7.413153e-02;8.375898e-02;1.006261e-01;1.207295e-01;5.202345e-02
8.876250e-02;7.446142e-02;7.871240e-02;5.658929e-02;8.429243e-02;2.951897e-02;1.033896e-01;3.494611e-02;1.295615e-01;1.774311e-01;9.859501e-02;4.373970e-02
6.694350e-02;5.836530e-02;9.123278e-02;1.071813e-01;8.601434e-02;1.875183e-02;5.777144e-02;3.439767e-02;1.926243e-01;1.876447e-01;6.976593e-02;2.930688e-02
4.655250e-02;2.665259e-02;1.624544e-01;1.396287e-01;6.629442e-02;1.830824e-02;2.050694e-02;7.819220e-02;2.253068e-01;1.581259e-01;3.208644e-02;2.589089e-02
3.110698e-02;1.197434e-02;2.827828e-01;9.483900e-02;3.494621e-02;1.700888e-02;6.200341e-02;1.347382e-01;1.574412e-01;1.302634e-01;1.293761e-02;2.995806e-02
2.648918e-02;3.069229e-02;3.489691e-01;2.820681e-02;1.488163e-02;1.127208e-02;9.522337e-02;1.836240e-01;8.044395e-02;1.452672e-01;1.718990e-02;1.774053e-02
2.899685e-02;1.805220e-02;3.043194e-01;1.692908e-02;6.275869e-03;1.079081e-02;1.297658e-01;2.108825e-01;8.258487e-02;1.503357e-01;1.729653e-02;2.377039e-02
2.195318e-02;3.782772e-02;2.240898e-01;1.620422e-02;1.141469e-02;3.023125e-02;2.247398e-01;1.978379e-01;7.198676e-02;1.193670e-01;2.500721e-02;1.934052e-02
2.443537e-02;5.870384e-02;1.404433e-01;2.906376e-02;2.996752e-02;5.666149e-02;2.844819e-01;1.464233e-01;9.290826e-02;7.899244e-02;3.737362e-02;2.054529e-02
2.670583e-02;3.629977e-02;1.411661e-01;3.214638e-02;4.321162e-02;4.920242e-02;2.398139e-01;1.827707e-01;1.005528e-01;6.541688e-02;3.838710e-02;4.432639e-02
2.133389e-02;1.824168e-02;2.177553e-01;2.295689e-02;4.411304e-02;3.698855e-02;1.900791e-01;2.659244e-01;3.026824e-02;6.128617e-02;2.292350e-02;6.812929e-02
2.645088e-02;1.545937e-02;2.337161e-01;3.455535e-02;5.177643e-02;2.055157e-02;1.368002e-01;2.779896e-01;3.728273e-02;7.311343e-02;1.740659e-02;7.489783e-02
3.182483e-02;1.255328e-02;1.804955e-01;5.929675e-02;5.189246e-02;2.305622e-02;1.307911e-01;2.526810e-01;6.833810e-02;8.332980e-02;3.312405e-02;7.261687e-02
4.117406e-02;2.204206e-02;1.437581e-01;7.973885e-02;6.714654e-02;7.940724e-02;1.582778e-01;1.741664e-01;7.443296e-02;7.259870e-02;2.352205e-02;6.373519e-02
5.162122e-02;2.791745e-02;7.719441e-02;5.329802e-02;6.306938e-02;1.328200e-01;2.870028e-01;1.094454e-01;8.013880e-02;6.527565e-02;2.197655e-02;3.024035e-02
6.735238e-02;2.816218e-02;5.072504e-02;2.871985e-02;3.285462e-02;1.574199e-01;3.738650e-01;8.625649e-02;6.166746e-02;8.463017e-02;1.270593e-02;1.564098e-02
8.684054e-02;2.549929e-02;4.595829e-02;1.179551e-02;2.145890e-02;2.052361e-01;2.852142e-01;7.237291e-02;3.422308e-02;1.922558e-01;1.036892e-02;8.776538e-03
1.011719e-01;1.873099e-02;4.392704e-02;8.724760e-03;4.423475e-02;2.308915e-01;1.495488e-01;5.846839e-02;2.264243e-02;2.972671e-01;8.382090e-03;1.601036e-02
8.885401e-02;1.221817e-02;5.839546e-02;2.603334e-02;9.239741e-02;2.153313e-01;8.672836e-02;4.873554e-02;4.181356e-02;2.913358e-01;6.750744e-03;3.140629e-02
5.077448e-02;1.264684e-02;7.043834e-02;5.568351e-02;1.347748e-01;2.315390e-01;8.815331e-02;6.578648e-02;6.179205e-02;1.792895e-01;1.363837e-02;3.548320e-02
3.970075e-02;2.626512e-02;1.043018e-01;7.301653e-02;1.044754e-01;2.346647e-01;7.722230e-02;9.419314e-02;4.554692e-02;1.453616e-01;2.985375e-02;2.539802e-02
6.994697e-02;3.334080e-02;1.669707e-01;5.519461e-02;3.216054e-02;1.302167e-01;9.940047e-02;8.091135e-02;5.221024e-02;2.116483e-01;3.434500e-02;3.365425e-02
7.374301e-02;4.464734e-02;1.370483e-01;3.050592e-02;3.846101e-02;1.808089e-01;1.108311e-01;7.490357e-02;5.692868e-02;1.825128e-01;3.220103e-02;3.740846e-02
6.765042e-02;3.460757e-02;1.460759e-01;2.910634e-02;6.069840e-02;1.896419e-01;1.113447e-01;6.359611e-02;8.022664e-02;1.478506e-01;3.592433e-02;3.327707e-02
4.347393e-02;2.187459e-02;1.693317e-01;7.092907e-02;1.094454e-01;1.237576e-01;9.581250e-02;4.483575e-02;7.249138e-02;1.640122e-01;3.203504e-02;5.200087e-02
2.513415e-02;2.077500e-02;1.254292e-01;8.113719e-02;1.667877e-01;1.585284e-01;7.274594e-02;4.653703e-02;7.582588e-02;1.318754e-01;3.994357e-02;5.528062e-02
3.040086e-02;1.556826e-02;6.627794e-02;4.433475e-02;1.892354e-01;2.181379e-01;1.420762e-01;5.194427e-02;1.004386e-01;6.619491e-02;2.990350e-02;4.548750e-02
3.630520e-02;8.288510e-03;6.013418e-02;3.494426e-02;2.258472e-01;2.043955e-01;1.118323e-01;3.193423e-02;1.597403e-01;3.294087e-02;1.609055e-02;7.754679e-02
3.249603e-02;1.070223e-02;4.513938e-02;4.510342e-02;2.837860e-01;1.169050e-01;6.373198e-02;1.481121e-02;2.128586e-01;4.621938e-02;1.634951e-02;1.118973e-01
1.999109e-02;1.096289e-02;4.066081e-02;3.694551e-02;3.100168e-01;6.531886e-02;7.162834e-02;2.261138e-02;2.292835e-01;6.044936e-02;1.694480e-02;1.151866e-01
3.109826e-02;9.978039e-03;8.682998e-02;8.673237e-02;3.024323e-01;8.260794e-02;6.373892e-02;3.081319e-02;1.730568e-01;4.566302e-02;1.293311e-02;7.411598e-02
5.359763e-02;1.414088e-02;9.239060e-02;1.289495e-01;2.770620e-01;1.408872e-01;6.184852e-02;3.512087e-02;8.961347e-02;3.020502e-02;8.391306e-03;6.779302e-02
5.053745e-02;2.374226e-02;1.059150e-01;1.106699e-01;2.044624e-01;1.659101e-01;9.460288e-02;2.726290e-02;8.108687e-02;3.369940e-02;1.772703e-02;8.438383e-02
3.202347e-02;1.772716e-02;1.151930e-01;6.780809e-02;1.827227e-01;1.797835e-01;1.302030e-01;2.562769e-02;1.114648e-01;2.976961e-02;1.932509e-02;8.835194e-02
4.336120e-02;1.252006e-02;8.673806e-02;3.536795e-02;1.985067e-01;2.042103e-01;1.387066e-01;3.769863e-02;1.078623e-01;4.082817e-02;2.305607e-02;7.114401e-02
4.770717e-02;4.817178e-03;6.708147e-02;2.322785e-02;2.106058e-01;2.233115e-01;2.075465e-01;4.234302e-02;5.453754e-02;4.166894e-02;1.829180e-02;5.886115e-02
5.771156e-02;1.978134e-02;4.039551e-02;1.625971e-02;1.209034e-01;2.363568e-01;3.231927e-01;4.630889e-02;2.845103e-02;2.831426e-02;1.528707e-02;6.703772e-02
5.800911e-02;6.033858e-02;3.293072e-02;1.469877e-02;5.379545e-02;2.002848e-01;4.166021e-01;6.744654e-02;1.631118e-02;2.389302e-02;1.368137e-02;4.200838e-02
3.038825e-02;9.555158e-02;4.254127e-02;1.183914e-02;3.894962e-02;1.286281e-01;4.491228e-01;1.383239e-01;2.178968e-02;1.763055e-02;8.616761e-03;1.661839e-02
5.896236e-03;8.547628e-02;1.089600e-01;1.188355e-02;3.324925e-02;7.452887e-02;3.582836e-01;2.425225e-01;4.213576e-02;2.109659e-02;7.990521e-03;7.976736e-03
1.425216e-02;3.482450e-02;1.707925e-01;3.466241e-02;2.792030e-02;3.672490e-02;2.210724e-01;2.617377e-01;1.491073e-01;3.361845e-02;7.396861e-03;7.890404e-03
1.722137e-02;7.803276e-03;1.192393e-01;9.257228e-02;2.261207e-02;2.409998e-02;1.087754e-01;1.570103e-01;3.961293e-01;3.756841e-02;4.899935e-03;1.206835e-02
1.837387e-02;1.007303e-02;2.282785e-02;1.250425e-01;2.754993e-02;2.239851e-02;4.270819e-02;8.475417e-02;5.541391e-01;7.389411e-02;8.130666e-03;1.010801e-02
1.517666e-02;2.141247e-02;2.653750e-02;7.772635e-02;4.865842e-02;1.795313e-02;6.833269e-02;5.777621e-02;4.358700e-01;1.924027e-01;2.807073e-02;1.008313e-02
1.047654e-02;2.712492e-02;4.421612e-02;4.383874e-02;4.913900e-02;2.356405e-02;5.648838e-02;6.384988e-02;3.142876e-01;2.743868e-01;8.075099e-02;1.187700e-02
2.480412e-02;2.016360e-02;6.162859e-02;7.229937e-02;3.026644e-02;3.416929e-02;6.106187e-02;6.407397e-02;2.616963e-01;2.172792e-01;1.259102e-01;2.664694e-02
6.296157e-02;2.106769e-02;5.125664e-02;9.874244e-02;2.477029e-02;5.762440e-02;8.340626e-02;7.327430e-02;2.182305e-01;1.432840e-01;1.089991e-01;5.638284e-02
1.323704e-01;3.429599e-02;4.237151e-02;7.769421e-02;4.156679e-02;6.945532e-02;8.067804e-02;9.564137e-02;1.770686e-01;1.276472e-01;6.517239e-02;5.603818e-02
2.261310e-01;6.798425e-02;4.788605e-02;4.551448e-02;5.430144e-02;4.167720e-02;7.124669e-02;1.462823e-01;1.427076e-01;6.302232e-02;5.256301e-02;4.068369e-02
2.902403e-01;9.708481e-02;4.787305e-02;3.239536e-02;5.030387e-02;1.429100e-02;5.739878e-02;1.470708e-01;9.534092e-02;4.557174e-02;6.512572e-02;5.730357e-02
2.358683e-01;8.107813e-02;2.819889e-02;3.355997e-02;3.714616e-02;3.336497e-02;6.055453e-02;1.378240e-01;1.101031e-01;7.966830e-02;8.290512e-02;7.972848e-02
1.569290e-01;4.738810e-02;3.654174e-02;4.163643e-02;5.257166e-02;4.938457e-02;9.335287e-02;1.404834e-01;1.565591e-01;9.804598e-02;7.582798e-02;5.127922e-02
1.334889e-01;4.292658e-02;6.437980e-02;6.006708e-02;6.715993e-02;3.828635e-02;9.213324e-02;1.373269e-01;1.795300e-01;8.053915e-02;6.837893e-02;3.578317e-02
1.668247e-01;8.118638e-02;5.362948e-02;6.250647e-02;5.916560e-02;3.391946e-02;8.346197e-02;1.138659e-01;1.495966e-01;9.349901e-02;6.742647e-02;3.491784e-02
1.738095e-01;8.323731e-02;6.143781e-02;4.628896e-02;4.794388e-02;3.916017e-02;8.474970e-02;1.134203e-01;1.370624e-01;9.671581e-02;5.318507e-02;6.298909e-02
1.430229e-01;8.513537e-02;6.689906e-02;3.772439e-02;5.596268e-02;4.663477e-02;1.068709e-01;9.869485e-02;1.334175e-01;1.078317e-01;4.964170e-02;6.816428e-02
1.294890e-01;7.865642e-02;5.872449e-02;7.242575e-02;6.480586e-02;4.515776e-02;1.300764e-01;8.656598e-02;9.994528e-02;1.335793e-01;4.768791e-02;5.288587e-02
2.032471e-01;6.432650e-02;3.964233e-02;8.444388e-02;4.092376e-02;2.807637e-02;1.254056e-01;9.514558e-02;8.792770e-02;1.163521e-01;5.576267e-02;5.874627e-02
2.448953e-01;7.457803e-02;4.807705e-02;6.570444e-02;4.449542e-02;2.442279e-02;1.367539e-01;9.539669e-02;9.205117e-02;8.132730e-02;2.758791e-02;6.470998e-02
2.469307e-01;7.605095e-02;5.489963e-02;5.233125e-02;3.850974e-02;2.495642e-02;1.033964e-01;1.197555e-01;9.906138e-02;4.689668e-02;5.150523e-02;8.570606e-02
1.921979e-01;6.699466e-02;4.412869e-02;6.683403e-02;4.560966e-02;3.189426e-02;1.030423e-01;1.210956e-01;9.775434e-02;8.183473e-02;6.331922e-02;8.529457e-02
1.149813e-01;3.321725e-02;4.976369e-02;4.951485e-02;4.277684e-02;2.893245e-02;1.828404e-01;1.158657e-01;1.376946e-01;1.297608e-01;6.327518e-02;5.137682e-02
6.534977e-02;2.341960e-02;5.425073e-02;3.949119e-02;3.230369e-02;3.677282e-02;2.874993e-01;1.245536e-01;1.374499e-01;1.219748e-01;4.408126e-02;3.285321e-02
3.549810e-02;2.371621e-02;6.413243e-02;3.050284e-02;4.144238e-02;5.409640e-02;3.880000e-01;1.034530e-01;8.871216e-02;1.209615e-01;2.535341e-02;2.413159e-02
2.706440e-02;2.123927e-02;8.021631e-02;4.250010e-02;6.575409e-02;7.005975e-02;4.038413e-01;6.493823e-02;9.218276e-02;8.856157e-02;2.344927e-02;2.019301e-02
5.908306e-02;2.752412e-02;1.127606e-01;6.133546e-02;6.871011e-02;6.928460e-02;2.941182e-01;5.506387e-02;1.342666e-01;6.347562e-02;2.461657e-02;2.976112e-02
9.324853e-02;3.351179e-02;1.295286e-01;7.123297e-02;3.566350e-02;6.740554e-02;1.229982e-01;1.058842e-01;1.987040e-01;7.963723e-02;3.075987e-02;3.142558e-02
7.196068e-02;1.682070e-02;5.312167e-02;4.785040e-02;3.961937e-02;8.573421e-02;2.454930e-01;1.197217e-01;2.031222e-01;6.557773e-02;3.702789e-02;1.395052e-02
4.177596e-02;2.747849e-02;5.422245e-02;3.981930e-02;5.561880e-02;9.224238e-02;3.158688e-01;9.985905e-02;1.460091e-01;5.416708e-02;3.773763e-02;3.520092e-02
2.495470e-02;4.178643e-02;5.831817e-02;8.140580e-02;7.141890e-02;1.184431e-01;3.301489e-01;7.494403e-02;1.095604e-01;4.128215e-02;2.395991e-02;2.377747e-02
6.725296e-02;4.750617e-02;6.001668e-02;8.018226e-02;6.940798e-02;1.116190e-01;2.620749e-01;8.871467e-02;1.033426e-01;5.655114e-02;1.959495e-02;3.373678e-02
8.750221e-02;4.116242e-02;1.008923e-01;6.306577e-02;8.793385e-02;7.818536e-02;2.031471e-01;9.717331e-02;1.110882e-01;5.693597e-02;4.023121e-02;3.268242e-02
6.630954e-02;2.866329e-02;1.921851e-01;8.156285e-02;1.292725e-01;7.936432e-02;1.701475e-01;6.063627e-02;8.404725e-02;4.924262e-02;3.540064e-02;2.316802e-02
4.499334e-02;1.633012e-02;3.083581e-01;1.065730e-01;1.472630e-01;8.413871e-02;9.442047e-02;4.638639e-02;5.433097e-02;4.183748e-02;3.137875e-02;2.398969e-02
3.727110e-02;1.436143e-02;3.667461e-01;1.395030e-01;1.022275e-01;4.864221e-02;1.054118e-01;4.269458e-02;6.186422e-02;3.739736e-02;2.239636e-02;2.148448e-02
3.698053e-02;1.140974e-02;3.362221e-01;1.747630e-01;1.059937e-01;3.358791e-02;9.858848e-02;5.778233e-02;6.517974e-02;3.099697e-02;2.973681e-02;1.875867e-02
4.801847e-02;1.858119e-02;1.424140e-01;8.940053e-02;1.551187e-01;1.184544e-01;2.192295e-01;5.743813e-02;7.416952e-02;3.417972e-02;1.578212e-02;2.721370e-02
9.125622e-02;1.352968e-02;3.753055e-02;2.640317e-02;1.079239e-01;1.978354e-01;3.045120e-01;6.780347e-02;5.614965e-02;7.138806e-02;7.495106e-03;1.817269e-02
1.381999e-01;1.679508e-02;1.456494e-02;1.307105e-02;5.258152e-02;2.317904e-01;3.063622e-01;8.124588e-02;3.121737e-02;9.685399e-02;7.044186e-03;1.027353e-02
2.015978e-01;1.087473e-02;1.176408e-02;8.187534e-03;4.442765e-02;2.540887e-01;2.574407e-01;6.966317e-02;2.146638e-02;1.006519e-01;7.312291e-03;1.252503e-02
2.694633e-01;8.513332e-03;2.492971e-02;8.217758e-03;7.686383e-02;2.719943e-01;1.611030e-01;3.975720e-02;2.331916e-02;7.676656e-02;5.960439e-03;3.311140e-02
2.786319e-01;1.030488e-02;3.843090e-02;1.695189e-02;1.317624e-01;2.681516e-01;8.740776e-02;2.691324e-02;3.229467e-02;5.101003e-02;4.726460e-03;5.341434e-02
2.126469e-01;1.762832e-02;5.027267e-02;2.069594e-02;1.632904e-01;2.527752e-01;7.468157e-02;2.950813e-02;3.372342e-02;6.800323e-02;3.153417e-03;7.362085e-02
1.707724e-01;2.203314e-02;3.349361e-02;2.102488e-02;1.684358e-01;2.359731e-01;1.400271e-01;3.149241e-02;4.277829e-02;6.132315e-02;4.496642e-03;6.814940e-02
1.437604e-01;1.558421e-02;9.695536e-02;3.841227e-02;1.709304e-01;2.023685e-01;1.482457e-01;2.318829e-02;5.451497e-02;3.505550e-02;6.217415e-03;6.476693e-02
1.074516e-01;1.836909e-02;2.007636e-01;7.107225e-02;1.659206e-01;1.298728e-01;1.179100e-01;1.417621e-02;4.996497e-02;3.172617e-02;1.163845e-02;8.113421e-02
9.315788e-02;3.558933e-02;2.850641e-01;9.710961e-02;1.106759e-01;6.460605e-02;1.093081e-01;2.468168e-02;3.085798e-02;4.975258e-02;1.793603e-02;8.126074e-02
1.397734e-01;4.732254e-02;2.618638e-01;8.474087e-02;6.171120e-02;8.538801e-02;8.114604e-02;3.698498e-02;4.035417e-02;7.518338e-02;2.075781e-02;6.477381e-02
1.082736e-01;4.349294e-02;1.395523e-01;5.501899e-02;1.116375e-01;1.640741e-01;1.163931e-01;3.660708e-02;5.690561e-02;8.828317e-02;1.555494e-02;6.420667e-02
7.257504e-02;3.067506e-02;1.195716e-01;3.151096e-02;1.243811e-01;1.815272e-01;1.504330e-01;5.147902e-02;5.269573e-02;8.476736e-02;1.579928e-02;8.458459e-02
1.154045e-01;3.100308e-02;1.487545e-01;3.660403e-02;1.250685e-01;1.545487e-01;1.297312e-01;5.143605e-02;4.631214e-02;6.816941e-02;2.247658e-02;7.049134e-02
1.564412e-01;3.126140e-02;1.224287e-01;5.047420e-02;9.843282e-02;1.439538e-01;1.902012e-01;5.175213e-02;3.716016e-02;6.638015e-02;2.847032e-02;2.304381e-02
1.626750e-01;3.220382e-02;1.127160e-01;6.375238e-02;6.299395e-02;1.560781e-01;1.619568e-01;4.392542e-02;4.001638e-02;8.259393e-02;2.775926e-02;5.332891e-02
1.245981e-01;3.280260e-02;1.537628e-01;7.318835e-02;5.806518e-02;1.670985e-01;1.102850e-01;6.689336e-02;4.312369e-02;8.325748e-02;2.445625e-02;6.246874e-02
1.159907e-01;3.578586e-02;1.761289e-01;6.765223e-02;1.040032e-01;1.594002e-01;1.022775e-01;6.250487e-02;5.016242e-02;6.484510e-02;1.435067e-02;4.689828e-02
1.371171e-01;5.969434e-02;1.173198e-01;5.334117e-02;1.163280e-01;1.364094e-01;1.305668e-01;4.751834e-02;7.035154e-02;5.434759e-02;1.212017e-02;6.488573e-02
1.024861e-01;6.404001e-02;1.070698e-01;4.101342e-02;8.202908e-02;9.345135e-02;2.346043e-01;7.010617e-02;8.909880e-02;5.225179e-02;1.738605e-02;4.646307e-02
1.066403e-01;5.677397e-02;8.081821e-02;3.196101e-02;7.234401e-02;1.276827e-01;2.739788e-01;7.688992e-02;6.032457e-02;5.734481e-02;2.397640e-02;3.126529e-02
1.613425e-01;4.317287e-02;5.459978e-02;2.487277e-02;8.193079e-02;1.661217e-01;2.686200e-01;5.803547e-02;3.381305e-02;6.057446e-02;1.836874e-02;2.854786e-02
2.050750e-01;2.517072e-02;3.484241e-02;2.859336e-02;1.286533e-01;2.050466e-01;2.106618e-01;3.867953e-02;1.997683e-02;5.538631e-02;1.377045e-02;3.414372e-02
1.639147e-01;1.825039e-02;7.986012e-02;5.814692e-02;1.669640e-01;1.750527e-01;1.983594e-01;2.508929e-02;2.244000e-02;3.206654e-02;1.125987e-02;4.859602e-02
1.192615e-01;1.703239e-02;1.729660e-01;9.774862e-02;1.531089e-01;1.101618e-01;1.696456e-01;2.876448e-02;3.866038e-02;2.352729e-02;1.299523e-02;5.612780e-02
1.453250e-01;1.960195e-02;3.374091e-01;1.071646e-01;7.178118e-02;5.342954e-02;1.127348e-01;3.045023e-02;3.141196e-02;3.098507e-02;1.990556e-02;3.980106e-02
1.305384e-01;4.286239e-02;3.865495e-01;6.875247e-02;4.860786e-02;6.073540e-02;1.464472e-01;2.371727e-02;2.438865e-02;3.176830e-02;2.097911e-02;1.465354e-02
1.501892e-01;6.664855e-02;3.049048e-01;3.684202e-02;8.133797e-02;7.738103e-02;1.606364e-01;2.389351e-02;2.345803e-02;3.094347e-02;1.654922e-02;2.721594e-02
1.723431e-01;9.245341e-02;2.598895e-01;2.337095e-02;8.993878e-02;7.389032e-02;1.580505e-01;1.872694e-02;2.010426e-02;3.727068e-02;1.753960e-02;3.642201e-02
1.579743e-01;8.724029e-02;2.294408e-01;4.203862e-02;8.545692e-02;7.482209e-02;1.679887e-01;3.219346e-02;3.273767e-02;3.179974e-02;2.733200e-02;3.097532e-02
1.939922e-01;1.175933e-01;1.763210e-01;4.200160e-02;7.729048e-02;7.419050e-02;1.221292e-01;3.883421e-02;3.561999e-02;1.994903e-02;4.209498e-02;5.998363e-02
2.255206e-01;1.856810e-01;1.705395e-01;3.085356e-02;3.715594e-02;6.575900e-02;7.855685e-02;4.526902e-02;4.664608e-02;3.224071e-02;3.271407e-02;4.906364e-02
1.587476e-01;2.449042e-01;2.767026e-01;2.842045e-02;4.071702e-02;5.121483e-02;5.321673e-02;2.674404e-02;4.616020e-02;3.433845e-02;1.211409e-02;2.671978e-02
9.682308e-02;2.127308e-01;4.130241e-01;3.932539e-02;3.261828e-02;4.030990e-02;3.568635e-02;2.344691e-02;3.842457e-02;3.626592e-02;9.634704e-03;2.170994e-02
6.477837e-02;1.243241e-01;5.490908e-01;4.823324e-02;2.760131e-02;2.604954e-02;3.382057e-02;2.281643e-02;1.986500e-02;5.711185e-02;6.549680e-03;1.975918e-02
4.917690e-02;5.099780e-02;6.047532e-01;5.799184e-02;5.898023e-02;2.253415e-02;3.838199e-02;1.058090e-02;9.224437e-03;7.791717e-02;9.861653e-03;9.599702e-03
3.572568e-02;4.406254e-02;5.920331e-01;6.308375e-02;6.763409e-02;1.910092e-02;3.278746e-02;7.851431e-03;2.770076e-02;8.966768e-02;1.037590e-02;9.976643e-03
3.408581e-02;1.163175e-01;5.161306e-01;5.353079e-02;5.306433e-02;2.069756e-02;2.246186e-02;8.815101e-03;7.356875e-02;7.648803e-02;7.441059e-03;1.739872e-02
6.569873e-02;1.923933e-01;4.378907e-01;4.582728e-02;3.385586e-02;2.093340e-02;1.701074e-02;1.104161e-02;1.059739e-01;4.900078e-02;4.453125e-03;1.592056e-02
1.272016e-01;2.081073e-01;3.747775e-01;3.465680e-02;4.697933e-02;2.133131e-02;1.294535e-02;2.536090e-02;8.622008e-02;4.069330e-02;5.616668e-03;1.610988e-02
1.898368e-01;1.563758e-01;3.264197e-01;2.551709e-02;5.712746e-02;4.440594e-02;2.870531e-02;4.390902e-02;4.846421e-02;5.134590e-02;7.870207e-03;2.002251e-02
2.031440e-01;8.167902e-02;2.639068e-01;2.760168e-02;6.396012e-02;8.289181e-02;6.103078e-02;5.732716e-02;5.868219e-02;6.039232e-02;1.419796e-02;2.518617e-02
1.523809e-01;6.496399e-02;2.101245e-01;5.315713e-02;6.683391e-02;1.024208e-01;8.054375e-02;6.340385e-02;7.261892e-02;7.446702e-02;2.019045e-02;3.889485e-02
9.320446e-02;4.200853e-02;3.107617e-01;6.613417e-02;5.509084e-02;7.910340e-02;7.454648e-02;5.427431e-02;9.025223e-02;7.372209e-02;2.135142e-02;3.955035e-02
1.007329e-01;4.165548e-02;3.493941e-01;7.804729e-02;4.260173e-02;7.004830e-02;6.310898e-02;2.845646e-02;8.722509e-02;8.544873e-02;1.922868e-02;3.405222e-02
1.258822e-01;7.931224e-02;3.023291e-01;9.111356e-02;7.717259e-02;4.868283e-02;5.288008e-02;3.271490e-02;4.523144e-02;9.474710e-02;1.823111e-02;3.170278e-02
1.290480e-01;8.037283e-02;2.661614e-01;7.428005e-02;9.990919e-02;5.884379e-02;5.993860e-02;5.012256e-02;5.792915e-02;7.783458e-02;2.411145e-02;2.144845e-02
9.720871e-02;6.779575e-02;2.711879e-01;3.906497e-02;1.065173e-01;7.174766e-02;7.223356e-02;7.351975e-02;8.532669e-02;6.975330e-02;2.670566e-02;1.893872e-02
1.029949e-01;1.025894e-01;2.718329e-01;4.296218e-02;1.185711e-01;6.269445e-02;6.811808e-02;6.855606e-02;6.916673e-02;5.072323e-02;2.452352e-02;1.726743e-02
1.152330e-01;7.177927e-02;3.086610e-01;7.542645e-02;1.212057e-01;5.045275e-02;4.769557e-02;4.076021e-02;5.283561e-02;6.541707e-02;2.472534e-02;2.580807e-02
1.231619e-01;7.510915e-02;2.684595e-01;6.098833e-02;7.259822e-02;6.954800e-02;8.540919e-02;5.508131e-02;5.076582e-02;6.805780e-02;2.861669e-02;4.220417e-02
1.332825e-01;9.126184e-02;2.075785e-01;4.337211e-02;8.480758e-02;5.575712e-02;1.046443e-01;6.769974e-02;7.321697e-02;4.986760e-02;3.681010e-02;5.170168e-02
