1.106222e-01;1.011850e-01;7.726542e-02;5.125035e-02;6.776573e-02;7.984051e-02;9.443878e-02;1.284126e-01;5.877240e-02;7.699456e-02;7.823677e-02;7.521571e-02
1.157317e-01;6.108609e-02;1.192219e-01;4.696594e-02;5.300803e-02;7.826845e-02;1.242128e-01;1.157068e-01;6.816562e-02;7.167733e-02;7.539158e-02;7.056386e-02
9.822830e-02;4.091654e-02;1.382070e-01;5.643132e-02;6.636859e-02;6.285392e-02;1.439236e-01;9.713580e-02;1.207900e-01;7.729374e-02;4.038856e-02;5.746257e-02
8.010469e-02;6.702751e-02;1.911842e-01;7.209612e-02;8.898110e-02;5.883048e-02;1.390079e-01;4.616143e-02;1.059201e-01;7.705127e-02;3.509670e-02;3.853855e-02
6.630363e-02;8.482135e-02;2.103486e-01;6.061547e-02;8.751256e-02;6.651045e-02;9.159905e-02;5.091656e-02;6.160033e-02;1.101117e-01;6.310325e-02;4.655711e-02
5.466147e-02;6.565846e-02;1.460213e-01;3.531354e-02;7.208508e-02;6.850200e-02;1.399799e-01;5.297578e-02;8.776373e-02;1.247674e-01;8.941936e-02;6.285196e-02
5.769833e-02;9.432190e-02;8.270326e-02;5.808347e-02;8.541562e-02;5.350224e-02;1.846937e-01;6.596082e-02;7.032536e-02;8.499654e-02;9.954245e-02;6.275635e-02
9.477233e-02;9.286202e-02;5.981227e-02;5.455090e-02;8.322649e-02;7.177924e-02;1.657660e-01;7.473711e-02;7.886910e-02;1.070749e-01;5.479255e-02;6.175707e-02
1.040963e-01;5.333993e-02;5.705554e-02;7.386908e-02;6.952465e-02;7.438052e-02;1.383367e-01;6.436846e-02;7.320316e-02;1.260736e-01;8.853100e-02;7.722105e-02
1.496185e-01;4.614556e-02;7.199214e-02;7.924201e-02;5.717495e-02;5.715803e-02;1.224792e-01;5.222734e-02;6.603034e-02;9.014338e-02;1.119673e-01;9.582120e-02
1.416494e-01;7.266852e-02;6.806471e-02;4.086337e-02;6.600330e-02;4.985578e-02;1.357703e-01;5.499331e-02;8.234747e-02;1.050569e-01;1.078811e-01;7.484582e-02
1.298181e-01;1.001289e-01;1.634800e-01;5.819895e-02;7.901659e-02;6.264695e-02;1.300278e-01;6.339259e-02;8.057857e-02;5.279943e-02;4.967768e-02;3.023449e-02
1.187728e-01;1.533918e-01;2.924730e-01;7.134920e-02;3.670766e-02;3.447017e-02;5.235081e-02;4.471616e-02;5.403151e-02;5.567770e-02;4.526633e-02;4.079288e-02
9.958066e-02;1.793854e-01;3.833762e-01;5.224841e-02;2.619158e-02;2.201320e-02;4.087283e-02;2.824363e-02;4.601857e-02;4.426589e-02;4.881688e-02;2.898676e-02
7.789531e-02;1.911179e-01;5.327754e-01;2.061778e-02;1.292915e-02;1.159283e-02;2.533593e-02;1.729107e-02;2.783454e-02;3.260029e-02;3.909867e-02;1.091115e-02
4.463491e-02;1.317736e-01;7.181954e-01;2.894660e-02;7.901772e-03;6.887833e-03;1.047811e-02;8.518465e-03;8.714058e-03;1.320647e-02;1.847581e-02;2.267005e-03
2.526011e-02;8.523454e-02;7.857983e-01;4.802451e-02;7.212770e-03;6.971910e-03;1.156605e-02;6.128801e-03;3.971838e-03;1.302314e-02;3.699527e-03;3.108557e-03
4.530774e-02;1.279381e-01;7.190430e-01;5.007326e-02;6.878628e-03;5.221344e-03;1.155622e-02;4.729238e-03;5.463748e-03;1.179861e-02;6.262615e-03;5.727540e-03
7.397951e-02;1.338639e-01;6.601463e-01;6.427877e-02;8.861926e-03;4.427528e-03;1.215974e-02;6.973889e-03;4.780884e-03;1.187340e-02;1.113663e-02;7.517498e-03
7.597144e-02;1.128813e-01;6.174209e-01;1.091817e-01;1.673148e-02;4.617717e-03;1.319533e-02;7.958340e-03;2.833665e-03;1.605613e-02;1.454986e-02;8.602204e-03
6.815348e-02;2.070676e-01;5.640470e-01;8.176479e-02;8.500325e-03;1.119068e-02;1.818878e-02;1.007722e-02;5.628889e-03;9.031964e-03;8.852617e-03;7.496649e-03
2.687658e-01;2.790630e-01;3.033058e-01;3.738710e-02;1.086017e-02;1.067471e-02;9.585069e-03;8.043315e-03;9.238618e-03;8.935145e-03;6.761336e-03;4.737989e-02
4.028343e-01;2.006615e-01;1.236741e-01;1.864255e-02;1.161836e-02;7.049812e-03;1.461649e-02;8.537816e-03;7.958926e-03;9.623958e-03;2.221927e-02;1.725629e-01
3.077257e-01;9.126839e-02;6.006598e-02;1.766351e-02;8.901761e-03;5.252553e-03;2.657965e-02;6.337933e-03;5.774509e-03;1.212588e-02;7.555221e-02;3.827519e-01
7.908953e-02;3.617248e-02;6.070345e-02;1.583297e-02;9.808780e-03;9.564894e-03;2.958359e-02;8.691909e-03;1.114714e-02;2.346867e-02;2.239538e-01;4.919828e-01
2.320184e-01;8.952233e-02;9.465600e-02;1.932103e-02;1.142242e-02;1.119199e-02;2.047982e-02;8.346627e-03;2.883941e-02;3.172136e-02;2.885962e-01;1.638845e-01
2.159194e-01;6.252519e-02;4.846670e-02;1.243178e-02;4.569195e-03;5.581984e-03;9.002034e-03;5.670667e-03;1.979459e-02;1.676063e-02;1.748017e-01;4.244761e-01
1.462054e-01;4.738021e-02;2.627204e-02;6.845532e-03;3.654727e-03;3.841896e-03;6.833108e-03;1.980790e-03;1.099714e-02;9.788787e-03;1.377399e-01;5.984605e-01
8.021253e-02;2.996620e-02;2.029760e-02;8.805113e-03;3.820832e-03;4.693680e-03;1.232337e-02;5.023341e-03;6.269284e-03;6.279793e-03;2.408736e-01;5.814347e-01
5.430516e-02;2.723755e-02;1.518189e-02;9.685230e-03;3.170548e-03;8.828698e-03;2.004595e-02;5.340537e-03;7.849737e-03;9.490978e-03;4.125330e-01;4.263307e-01
1.933153e-02;1.566883e-02;1.492876e-02;7.335032e-03;3.752583e-03;7.970076e-03;3.118541e-02;4.015069e-03;7.558531e-03;1.110847e-02;4.117567e-01;4.653890e-01
4.427493e-02;1.299593e-02;9.576455e-03;3.510843e-03;3.308066e-03;7.249106e-03;3.892989e-02;6.567508e-03;5.621010e-03;2.589743e-02;3.315200e-01;5.105488e-01
5.939893e-02;1.588913e-02;1.185326e-02;6.412484e-03;7.407113e-03;1.424395e-02;4.804730e-02;4.704571e-03;1.648805e-02;6.023477e-02;3.068551e-01;4.484654e-01
3.825111e-02;2.943041e-02;1.946291e-02;1.052445e-02;1.731690e-02;2.054162e-02;5.772038e-02;1.223066e-02;2.543543e-02;7.524928e-02;2.739395e-01;4.198974e-01
1.109407e-02;3.956471e-02;1.669805e-02;1.246223e-02;2.647769e-02;1.358944e-02;5.412751e-02;1.791623e-02;3.454564e-02;1.510799e-01;2.103651e-01;4.120794e-01
4.772777e-02;3.489327e-02;1.301221e-02;1.633835e-02;2.009545e-02;9.653606e-03;5.891506e-02;2.041995e-02;8.368359e-02;1.927650e-01;1.906262e-01;3.118695e-01
8.443098e-02;3.070018e-02;4.358852e-02;1.761924e-02;2.545600e-02;1.950094e-02;5.050466e-02;2.662675e-02;1.318919e-01;1.774352e-01;2.200055e-01;1.722402e-01
1.130695e-01;3.736117e-02;4.932459e-02;1.632779e-02;1.489172e-02;1.729539e-02;5.674902e-02;2.407600e-02;6.285500e-02;1.007162e-01;2.493215e-01;2.580121e-01
1.144968e-01;2.497554e-02;2.920182e-02;1.076597e-02;7.776676e-03;1.036310e-02;3.967586e-02;1.125530e-02;3.758811e-02;5.257196e-02;2.237061e-01;4.376227e-01
8.188390e-02;1.204402e-02;1.590835e-02;6.670323e-03;6.469508e-03;5.427876e-03;3.698157e-02;4.099419e-03;2.145792e-02;2.658720e-02;1.837160e-01;5.987540e-01
5.702196e-02;1.271348e-02;1.406727e-02;8.002992e-03;7.132422e-03;6.478651e-03;5.143046e-02;4.156440e-03;1.043648e-02;1.413925e-02;1.673633e-01;6.470573e-01
6.186628e-02;1.107705e-02;2.166161e-02;1.854322e-02;8.566107e-03;8.554859e-03;6.941853e-02;9.598128e-03;8.079645e-03;2.482646e-02;1.411772e-01;6.166309e-01
6.805065e-02;1.937002e-02;2.912255e-02;3.049139e-02;1.091403e-02;1.971553e-02;1.012624e-01;1.683108e-02;1.457202e-02;2.459385e-02;1.335617e-01;5.315148e-01
5.779561e-02;2.057857e-02;2.763713e-02;6.271470e-02;1.311342e-02;1.542781e-02;1.357881e-01;1.641955e-02;2.273891e-02;2.027159e-02;1.628693e-01;4.446453e-01
8.518089e-02;1.370059e-02;2.011141e-02;8.365562e-02;1.254136e-02;1.207300e-02;1.654218e-01;1.298773e-02;2.149748e-02;3.513984e-02;1.062091e-01;4.314812e-01
1.471585e-01;2.289006e-02;1.376423e-02;5.010419e-02;9.345762e-03;1.213996e-02;1.724931e-01;1.109272e-02;1.557230e-02;3.881843e-02;5.412490e-02;4.524959e-01
1.843139e-01;4.493804e-02;2.685314e-02;2.922264e-02;6.241142e-03;1.593944e-02;1.228197e-01;1.184916e-02;1.177120e-02;3.838548e-02;8.956130e-02;4.181049e-01
1.448082e-01;5.802093e-02;3.885708e-02;4.288105e-02;6.833203e-03;1.764466e-02;6.804495e-02;1.458758e-02;3.543900e-02;7.986164e-02;1.282971e-01;3.647247e-01
3.303466e-02;6.085493e-02;3.347253e-02;4.615978e-02;8.648818e-03;1.456880e-02;1.355522e-01;3.497021e-02;7.186232e-02;1.490643e-01;8.063649e-02;3.311750e-01
9.262437e-02;3.543342e-02;2.471290e-02;3.301814e-02;1.374702e-02;1.705060e-02;2.460185e-01;5.135901e-02;5.690917e-02;1.210250e-01;1.156811e-01;1.924208e-01
1.523655e-01;1.859873e-02;2.395422e-02;2.221744e-02;2.233336e-02;2.294823e-02;2.618713e-01;3.863590e-02;2.781748e-02;9.888536e-02;1.475367e-01;1.628357e-01
1.627345e-01;3.165100e-02;3.907945e-02;4.136817e-02;2.402554e-02;2.473756e-02;1.838520e-01;3.250209e-02;1.621469e-02;7.122391e-02;1.441280e-01;2.284831e-01
8.770374e-02;5.069562e-02;8.167141e-02;7.414611e-02;3.487060e-02;3.776633e-02;1.039903e-01;4.792059e-02;2.706189e-02;6.442638e-02;1.699845e-01;2.197626e-01
1.240689e-01;8.789320e-02;7.282785e-02;4.717270e-02;4.495934e-02;2.617294e-02;8.707573e-02;4.214072e-02;4.472494e-02;1.626224e-01;1.380976e-01;1.222438e-01
1.160200e-01;1.028702e-01;3.871126e-02;2.397756e-02;3.535450e-02;1.693668e-02;6.621451e-02;3.047362e-02;5.547643e-02;2.748218e-01;1.594710e-01;7.967243e-02
7.026285e-02;7.874950e-02;2.304833e-02;1.709612e-02;1.963030e-02;2.101714e-02;4.478344e-02;2.759760e-02;4.195249e-02;3.602421e-01;2.447645e-01;5.085556e-02
5.489744e-02;3.249478e-02;1.809171e-02;1.365220e-02;3.908504e-02;1.667061e-02;5.409288e-02;1.897073e-02;4.795826e-02;4.236884e-01;2.458304e-01;3.456754e-02
2.851851e-02;2.751803e-02;3.377562e-02;1.869237e-02;4.285102e-02;1.745681e-02;1.324694e-01;4.261703e-02;1.043234e-01;3.841013e-01;1.370763e-01;3.060022e-02
3.962424e-02;2.588005e-02;5.042051e-02;2.491116e-02;3.957440e-02;4.010965e-02;2.321250e-01;5.905230e-02;1.113603e-01;2.347095e-01;1.007698e-01;4.146304e-02
4.051964e-02;2.955147e-02;6.556797e-02;3.615269e-02;9.180951e-02;7.637668e-02;2.241654e-01;5.146516e-02;8.347200e-02;1.653227e-01;9.695631e-02;3.864051e-02
4.266819e-02;2.607485e-02;9.747709e-02;4.429416e-02;1.732734e-01;9.741834e-02;9.270297e-02;3.736870e-02;4.799333e-02;1.801250e-01;1.151557e-01;4.544809e-02
6.258798e-02;1.869692e-02;1.230912e-01;4.452813e-02;1.890253e-01;8.432689e-02;9.422876e-02;3.863164e-02;3.763359e-02;1.566657e-01;9.264400e-02;5.793995e-02
5.613635e-02;3.309380e-02;1.824030e-01;5.337041e-02;1.612471e-01;7.619227e-02;1.360062e-01;3.424583e-02;2.217314e-02;1.001212e-01;7.394078e-02;7.106987e-02
6.183178e-02;3.608874e-02;1.779795e-01;4.389467e-02;1.065193e-01;4.899625e-02;1.596766e-01;1.013021e-01;9.117301e-02;5.797170e-02;3.842327e-02;7.614307e-02
5.329026e-02;3.746554e-02;1.186894e-01;3.034701e-02;4.313370e-02;2.734368e-02;1.569800e-01;1.902811e-01;1.565876e-01;7.409148e-02;3.433722e-02;7.745302e-02
2.977808e-02;2.910985e-02;1.197621e-01;2.638687e-02;1.977300e-02;1.969510e-02;1.807402e-01;2.773826e-01;1.500960e-01;6.441617e-02;1.781503e-02;6.504504e-02
1.000684e-02;3.152103e-02;1.234122e-01;1.513403e-02;2.152975e-02;1.708764e-02;2.878401e-01;3.316816e-01;7.227261e-02;3.946726e-02;9.819886e-03;4.022705e-02
2.846228e-03;5.364737e-02;7.087094e-02;7.412943e-03;3.058837e-02;2.504505e-02;4.426996e-01;3.007907e-01;1.606014e-02;1.523781e-02;1.834959e-02;1.645129e-02
4.630644e-03;6.887398e-02;2.261691e-02;6.244822e-03;2.892917e-02;3.409118e-02;5.348593e-01;2.524294e-01;1.052105e-02;7.644045e-03;2.310771e-02;6.051840e-03
1.434337e-02;7.270996e-02;3.206737e-02;5.170788e-03;2.981134e-02;4.579164e-02;5.059593e-01;2.265123e-01;1.399375e-02;1.495630e-02;3.044629e-02;8.237522e-03
3.048210e-02;6.780414e-02;6.682839e-02;7.752997e-03;3.941764e-02;4.933709e-02;3.927885e-01;1.965349e-01;5.447411e-02;2.969729e-02;4.439551e-02;2.048740e-02
3.251956e-02;4.592683e-02;1.287658e-01;1.683741e-02;5.307683e-02;3.174834e-02;3.410106e-01;1.755409e-01;5.236632e-02;3.826230e-02;5.284112e-02;3.110398e-02
2.150341e-02;2.138565e-02;1.675805e-01;2.365926e-02;5.749710e-02;6.437263e-02;3.247908e-01;1.962960e-01;4.411105e-02;1.950544e-02;3.541968e-02;2.387844e-02
2.273433e-02;2.523966e-02;2.026202e-01;2.524945e-02;5.616484e-02;7.368757e-02;2.739049e-01;1.983244e-01;4.621036e-02;1.653085e-02;4.143770e-02;1.789565e-02
3.224232e-02;8.467639e-02;2.392931e-01;3.397276e-02;7.201272e-02;6.707679e-02;1.874011e-01;1.308979e-01;2.622948e-02;4.365768e-02;6.661292e-02;1.592677e-02
3.675607e-02;1.399273e-01;1.949655e-01;3.676072e-02;8.377221e-02;6.748684e-02;2.086531e-01;3.173859e-02;7.264195e-02;4.943822e-02;5.289503e-02;2.496442e-02
3.530962e-02;1.537328e-01;2.054483e-01;4.076245e-02;7.832202e-02;6.374410e-02;1.779107e-01;9.351140e-02;5.133867e-02;3.220586e-02;5.453994e-02;1.317422e-02
2.810811e-02;1.535890e-01;1.183241e-01;2.051545e-02;6.015970e-02;6.415184e-02;2.628756e-01;1.175235e-01;6.000609e-02;3.797867e-02;6.800596e-02;8.762042e-03
2.881872e-02;1.010046e-01;8.085322e-02;1.646151e-02;5.156949e-02;5.590847e-02;2.985533e-01;1.950091e-01;6.307168e-02;3.219032e-02;6.185590e-02;1.470379e-02
2.364077e-02;9.787282e-02;1.251378e-01;2.570033e-02;6.680268e-02;5.326005e-02;2.006458e-01;2.525544e-01;4.140135e-02;3.510739e-02;4.680898e-02;3.106761e-02
4.518608e-02;1.034385e-01;1.405866e-01;3.492354e-02;6.093274e-02;6.731080e-02;1.218697e-01;2.674230e-01;3.682788e-02;4.735358e-02;2.385283e-02;5.029483e-02
7.258120e-02;6.152402e-02;9.189837e-02;4.892678e-02;3.567300e-02;5.826072e-02;1.971815e-01;1.729103e-01;9.184678e-02;7.046253e-02;3.591451e-02;6.282033e-02
6.768707e-02;4.144315e-02;7.052773e-02;4.616970e-02;3.177956e-02;3.880570e-02;1.951341e-01;6.663302e-02;8.705217e-02;1.647716e-01;1.464557e-01;4.354064e-02
6.778829e-02;3.305939e-02;4.509875e-02;3.285162e-02;1.715305e-02;2.966163e-02;8.034389e-02;1.560790e-02;8.164892e-02;2.273785e-01;2.939540e-01;7.545406e-02
6.197345e-02;3.285410e-02;2.618407e-02;1.840877e-02;1.986893e-02;3.246245e-02;2.420881e-02;1.362798e-02;4.794297e-02;2.237656e-01;3.990265e-01;9.967633e-02
2.924056e-02;3.009009e-02;1.721932e-02;1.105810e-02;2.925817e-02;3.237251e-02;1.597577e-02;1.423158e-02;2.212047e-02;3.242962e-01;4.025808e-01;7.155637e-02
1.559399e-02;2.145168e-02;9.391039e-03;8.909113e-03;6.480774e-02;2.547225e-02;1.404430e-02;1.720150e-02;3.526790e-02;5.852271e-01;1.790992e-01;2.353420e-02
1.744535e-02;1.020254e-02;1.222775e-02;3.865625e-03;7.366370e-02;3.648651e-02;1.291337e-02;2.051180e-02;2.658642e-02;5.759166e-01;1.848602e-01;2.532010e-02
1.194418e-02;5.609449e-03;7.695131e-03;6.194437e-03;4.414987e-02;9.063929e-02;1.594036e-02;1.825196e-02;2.613476e-02;3.673381e-01;3.911290e-01;1.497337e-02
9.759745e-03;7.468929e-03;7.239230e-03;4.126637e-03;1.202553e-02;1.348909e-01;2.181550e-02;6.343790e-03;2.241086e-02;1.721704e-01;5.404467e-01;6.130176e-02
5.710478e-03;8.093714e-03;7.810518e-03;3.133513e-03;7.797201e-03;1.138028e-01;7.424954e-02;4.594628e-03;3.234500e-02;8.638969e-02;4.987454e-01;1.573276e-01
2.749085e-02;6.274376e-03;6.230619e-03;5.782493e-03;7.114702e-03;6.214216e-02;1.473849e-01;7.213806e-03;3.967569e-02;4.806719e-02;2.874564e-01;3.551669e-01
7.845522e-02;6.294471e-03;6.069198e-03;1.041747e-02;5.693372e-03;2.284056e-02;1.520199e-01;1.362206e-02;2.613291e-02;2.985560e-02;1.175452e-01;5.310541e-01
2.148715e-01;1.560121e-02;6.985686e-03;8.972184e-03;1.057468e-02;1.507294e-02;8.296345e-02;2.258536e-02;1.852590e-02;2.428155e-02;4.630841e-02;5.332571e-01
4.078236e-01;3.681991e-02;7.897280e-03;5.778319e-03;1.189159e-02;9.299973e-03;4.438568e-02;4.539026e-02;2.037330e-02;1.352506e-02;4.180086e-02;3.550141e-01
5.189173e-01;9.357156e-02;1.318367e-02;6.410668e-03;1.031915e-02;1.198510e-02;4.128843e-02;5.042209e-02;2.337568e-02;1.009862e-02;4.350292e-02;1.769248e-01
5.124737e-01;1.901882e-01;2.049070e-02;8.529046e-03;1.823579e-02;1.602346e-02;2.622751e-02;3.533236e-02;2.433951e-02;1.707281e-02;3.844396e-02;9.264290e-02
4.723284e-01;2.691827e-01;3.095141e-02;8.699079e-03;2.064041e-02;1.574088e-02;3.770951e-02;2.535229e-02;2.330777e-02;2.103755e-02;2.606735e-02;4.898264e-02
4.801571e-01;2.365968e-01;1.729216e-02;8.520678e-03;5.955812e-02;1.215550e-02;4.621506e-02;3.127486e-02;2.409217e-02;2.138026e-02;2.267824e-02;4.007906e-02
4.813384e-01;1.525046e-01;2.119331e-02;1.261303e-02;1.151526e-01;1.690326e-02;3.545672e-02;5.278707e-02;1.283969e-02;2.676171e-02;2.286648e-02;4.958323e-02
4.323079e-01;1.080578e-01;1.899033e-02;2.329087e-02;1.137511e-01;2.561094e-02;4.573393e-02;5.392830e-02;9.684365e-03;3.646258e-02;5.105259e-02;8.112924e-02
2.921791e-01;1.216446e-01;3.281172e-02;2.508391e-02;1.039509e-01;2.387738e-02;6.182753e-02;5.300785e-02;2.861245e-02;8.265647e-02;6.380181e-02;1.105462e-01
2.005008e-01;1.274020e-01;3.759922e-02;3.295427e-02;1.070742e-01;1.709497e-02;1.113183e-01;4.906091e-02;5.280334e-02;1.247144e-01;6.038458e-02;7.909295e-02
2.834702e-01;1.241847e-01;4.100411e-02;3.482020e-02;5.468742e-02;2.007645e-02;1.675522e-01;4.640088e-02;4.177093e-02;9.199186e-02;3.130563e-02;6.273545e-02
2.819998e-01;1.059425e-01;4.271774e-02;3.420008e-02;4.450367e-02;2.771302e-02;1.928560e-01;5.090871e-02;2.035299e-02;5.558371e-02;6.894700e-02;7.427478e-02
1.948656e-01;1.239348e-01;5.816215e-02;4.197336e-02;4.655061e-02;3.334654e-02;1.925050e-01;5.560534e-02;2.725009e-02;7.185241e-02;7.732961e-02;7.662439e-02
1.976918e-01;1.337598e-01;7.797626e-02;2.972682e-02;3.631934e-02;2.649239e-02;1.404598e-01;4.126066e-02;3.384854e-02;9.343157e-02;5.767071e-02;1.313624e-01
1.548939e-01;8.146217e-02;9.436484e-02;1.718409e-02;4.655295e-02;2.180190e-02;6.591874e-02;1.846525e-02;2.539394e-02;9.341553e-02;2.077411e-01;1.728056e-01
1.758770e-01;4.186328e-02;8.887917e-02;1.085373e-02;2.016970e-02;2.441075e-02;3.129740e-02;1.440317e-02;2.521289e-02;6.144976e-02;2.370450e-01;2.685381e-01
1.289505e-01;2.837455e-02;5.023508e-02;1.056141e-02;9.460179e-03;5.530739e-02;3.939238e-02;9.817651e-03;2.447955e-02;3.349535e-02;3.249969e-01;2.849291e-01
5.199717e-02;1.786402e-02;2.084585e-02;7.727436e-03;1.665557e-02;9.962516e-02;3.138822e-02;1.404984e-02;2.962842e-02;9.246504e-02;4.666410e-01;1.511123e-01
3.069265e-02;3.027449e-02;2.858245e-02;9.493159e-03;3.949780e-02;9.516504e-02;2.316800e-02;1.992254e-02;4.536443e-02;2.048589e-01;4.263871e-01;4.659349e-02
4.844842e-02;4.205928e-02;2.046714e-02;1.394332e-02;7.301923e-02;5.782025e-02;3.603814e-02;2.380599e-02;9.267953e-02;3.030637e-01;2.721090e-01;1.654612e-02
8.375836e-02;4.595016e-02;3.115274e-02;2.491500e-02;7.872646e-02;3.961261e-02;1.024346e-01;3.339680e-02;1.766320e-01;2.726445e-01;7.602177e-02;3.475502e-02
9.460980e-02;3.833361e-02;4.590110e-02;2.751683e-02;5.033059e-02;3.718093e-02;1.901676e-01;6.611065e-02;1.801099e-01;9.293626e-02;1.406376e-01;3.616509e-02
5.245778e-02;4.592866e-02;5.975680e-02;5.148229e-02;5.748741e-02;3.763989e-02;2.145571e-01;1.067453e-01;9.047094e-02;1.105826e-01;1.240114e-01;4.887994e-02
2.954224e-02;5.110645e-02;9.262845e-02;9.713680e-02;4.841041e-02;4.511220e-02;1.396240e-01;1.180169e-01;1.813754e-01;9.709213e-02;6.362864e-02;3.632637e-02
3.211001e-02;4.412127e-02;6.984586e-02;1.456585e-01;5.161654e-02;3.079375e-02;6.759081e-02;8.711741e-02;2.798133e-01;1.085013e-01;4.900141e-02;3.382996e-02
4.849839e-02;3.786996e-02;2.417609e-02;1.066764e-01;1.149779e-01;5.863453e-02;5.221535e-02;4.355556e-02;2.278187e-01;2.238617e-01;4.168964e-02;2.002585e-02
3.997043e-02;2.653075e-02;2.221746e-02;5.609005e-02;1.141932e-01;8.723069e-02;1.428716e-01;8.378472e-02;1.323988e-01;2.100444e-01;6.457950e-02;2.008850e-02
2.855849e-02;1.941405e-02;3.522334e-02;6.673460e-02;8.171137e-02;7.915569e-02;2.299533e-01;9.348331e-02;1.263045e-01;1.544900e-01;6.660380e-02;1.836753e-02
3.958389e-02;2.907921e-02;6.809661e-02;1.195494e-01;9.735818e-02;4.869471e-02;2.070356e-01;5.925670e-02;9.128439e-02;1.235409e-01;8.623965e-02;3.028083e-02
1.078500e-01;3.770959e-02;8.476980e-02;1.841696e-01;1.014723e-01;3.838296e-02;8.977011e-02;3.018606e-02;1.065654e-01;1.002958e-01;7.599114e-02;4.283718e-02
1.119829e-01;4.280820e-02;7.082269e-02;1.778526e-01;9.074915e-02;3.509199e-02;1.181615e-01;3.078118e-02;1.275416e-01;8.190363e-02;8.020401e-02;3.210066e-02
7.950710e-02;4.894068e-02;7.287981e-02;1.118786e-01;8.544888e-02;4.639410e-02;1.445785e-01;3.572768e-02;1.383070e-01;8.862773e-02;1.150045e-01;3.270542e-02
4.931344e-02;6.608807e-02;1.196811e-01;4.584162e-02;7.918935e-02;5.997117e-02;1.271436e-01;2.490952e-02;1.145311e-01;1.270977e-01;1.182793e-01;6.795406e-02
7.628080e-02;7.300164e-02;1.361596e-01;4.629354e-02;5.064200e-02;4.618449e-02;8.551635e-02;4.392533e-02;1.208341e-01;1.182983e-01;1.094953e-01;9.336860e-02
8.555614e-02;7.797540e-02;1.347066e-01;4.671260e-02;3.681092e-02;5.435378e-02;8.300759e-02;6.732597e-02;1.407268e-01;1.090580e-01;7.711986e-02;8.664630e-02
1.072100e-01;9.308226e-02;8.546883e-02;5.428476e-02;7.217916e-02;6.392433e-02;9.868847e-02;5.346182e-02;7.501594e-02;1.441518e-01;9.556108e-02;5.697159e-02
9.286416e-02;8.092511e-02;4.257586e-02;4.977297e-02;1.203201e-01;3.517724e-02;8.627261e-02;2.340782e-02;6.580909e-02;2.342877e-01;1.258764e-01;4.271100e-02
5.585106e-02;7.073143e-02;3.904870e-02;3.731116e-02;1.129372e-01;3.997823e-02;3.656244e-02;2.346297e-02;6.220230e-02;2.976772e-01;1.891538e-01;3.508354e-02
2.228762e-02;4.943678e-02;2.932038e-02;2.675553e-02;5.710815e-02;6.449264e-02;2.585043e-02;1.708610e-02;3.998809e-02;3.318912e-01;3.119907e-01;2.379241e-02
3.219935e-02;2.383530e-02;1.911747e-02;1.937204e-02;3.744179e-02;4.131340e-02;2.030257e-02;9.889308e-03;3.464353e-02;4.310546e-01;3.154187e-01;1.541197e-02
2.020979e-02;3.701600e-02;1.045537e-02;9.517318e-03;3.711686e-02;1.255585e-02;1.228766e-02;1.487280e-02;5.753918e-02;5.696632e-01;2.037311e-01;1.503489e-02
1.344405e-02;4.691431e-02;5.165066e-03;6.750449e-03;7.178807e-02;1.277524e-02;1.394626e-02;1.375662e-02;9.064636e-02;6.067097e-01;1.106226e-01;7.481249e-03
1.949689e-02;4.737133e-02;8.313624e-03;9.688277e-03;8.534026e-02;8.424802e-03;1.291243e-02;2.272649e-02;1.833958e-01;5.426406e-01;4.445884e-02;1.523062e-02
3.840220e-02;4.001101e-02;1.818515e-02;1.309642e-02;6.859118e-02;1.913495e-02;2.394143e-02;3.433250e-02;2.445465e-01;4.097041e-01;5.541958e-02;3.463497e-02
3.578898e-02;3.766726e-02;2.614390e-02;1.411110e-02;4.730475e-02;1.715559e-02;3.511471e-02;3.772764e-02;1.843084e-01;4.302253e-01;8.848616e-02;4.596621e-02
2.122228e-02;6.034866e-02;3.486791e-02;1.721773e-02;6.259009e-02;1.700500e-02;3.374553e-02;4.488853e-02;1.644915e-01;4.493035e-01;6.024985e-02;3.406934e-02
3.543152e-02;9.076904e-02;2.720474e-02;1.747590e-02;8.681112e-02;3.304785e-02;4.534208e-02;5.864516e-02;1.862914e-01;2.918021e-01;9.988019e-02;2.729890e-02
2.665905e-02;6.437697e-02;2.047228e-02;1.487079e-02;4.805464e-02;2.826965e-02;5.326205e-02;6.326368e-02;2.088923e-01;3.483413e-01;1.062917e-01;1.724547e-02
3.126966e-02;3.223935e-02;1.720707e-02;1.856015e-02;3.476347e-02;1.750870e-02;6.586022e-02;7.486076e-02;2.552038e-01;3.833053e-01;5.546605e-02;1.375543e-02
1.913627e-02;2.989135e-02;1.975022e-02;3.031081e-02;5.451469e-02;1.559041e-02;7.016813e-02;6.157960e-02;2.781118e-01;3.483686e-01;5.620211e-02;1.637601e-02
2.022766e-02;2.664243e-02;1.931168e-02;3.562839e-02;6.395373e-02;1.875268e-02;6.691311e-02;4.598263e-02;2.722604e-01;3.386836e-01;7.844590e-02;1.319776e-02
2.403323e-02;2.191396e-02;1.558717e-02;1.978740e-02;5.254922e-02;2.225218e-02;3.729578e-02;3.792622e-02;2.500348e-01;4.393336e-01;6.526207e-02;1.402440e-02
1.469005e-02;1.812844e-02;2.515018e-02;1.238037e-02;5.976871e-02;2.278349e-02;5.312913e-02;3.956592e-02;2.269319e-01;4.484482e-01;5.842051e-02;2.060316e-02
1.415408e-02;1.955184e-02;1.689551e-02;1.282650e-02;6.785318e-02;1.704110e-02;2.725143e-02;4.157350e-02;1.955556e-01;5.023471e-01;6.878459e-02;1.616561e-02
1.824282e-02;2.090928e-02;1.543485e-02;1.195894e-02;5.698372e-02;1.886656e-02;3.035236e-02;4.737883e-02;1.111573e-01;5.581147e-01;1.013147e-01;9.285967e-03
1.512416e-02;1.525136e-02;2.066242e-02;1.229886e-02;4.321533e-02;2.433487e-02;2.210642e-02;9.037146e-02;6.263655e-02;4.878023e-01;1.878589e-01;1.833738e-02
1.581237e-02;9.697502e-03;3.179953e-02;1.025364e-02;3.998920e-02;9.520305e-02;1.768181e-02;8.399158e-02;3.410431e-02;2.799723e-01;3.338617e-01;4.763291e-02
1.690424e-02;1.999451e-02;6.915600e-02;1.009870e-02;6.160508e-02;1.600521e-01;2.344083e-02;2.458545e-02;3.213758e-02;1.247626e-01;3.825321e-01;7.473087e-02
1.026062e-02;2.897853e-02;1.213429e-01;1.178543e-02;4.295172e-02;1.399663e-01;2.930018e-02;1.528995e-02;2.658525e-02;5.779516e-02;3.305532e-01;1.851907e-01
5.395332e-02;2.330035e-02;1.083900e-01;1.252708e-02;2.050794e-02;6.381235e-02;4.367322e-02;1.218647e-02;2.697560e-02;4.128013e-02;2.082492e-01;3.851443e-01
1.201460e-01;1.743401e-02;4.545453e-02;1.712955e-02;1.145164e-02;2.018491e-02;6.316077e-02;1.231025e-02;1.957089e-02;3.472522e-02;1.442804e-01;4.941518e-01
2.944150e-01;3.596510e-02;1.310500e-02;1.815147e-02;1.263183e-02;1.337333e-02;5.546988e-02;2.086249e-02;1.316036e-02;2.537407e-02;8.618261e-02;4.113089e-01
4.212062e-01;1.524176e-01;2.905269e-02;1.236458e-02;1.535611e-02;1.290250e-02;3.444109e-02;2.693180e-02;1.072449e-02;1.209665e-02;3.807966e-02;2.344266e-01
3.134739e-01;3.478913e-01;1.037920e-01;1.227975e-02;1.356257e-02;1.398637e-02;2.672633e-02;1.970286e-02;1.842297e-02;1.363526e-02;1.602331e-02;1.005033e-01
1.445288e-01;3.584543e-01;2.907633e-01;1.194188e-02;8.048497e-03;1.482068e-02;2.423694e-02;1.800310e-02;1.845433e-02;2.420128e-02;2.031475e-02;6.623214e-02
8.180951e-02;1.564180e-01;5.490163e-01;2.052046e-02;1.201244e-02;1.159750e-02;2.247570e-02;3.352331e-02;1.156121e-02;3.502837e-02;1.322368e-02;5.281345e-02
6.420729e-02;5.297847e-02;6.822850e-01;3.502417e-02;1.974927e-02;7.470771e-03;1.909722e-02;3.136372e-02;1.419204e-02;3.132893e-02;1.119666e-02;3.110643e-02
4.761853e-02;5.223934e-02;7.420020e-01;3.138755e-02;2.255727e-02;8.021001e-03;1.366224e-02;1.834784e-02;1.489876e-02;2.272740e-02;6.294708e-03;2.024338e-02
1.782374e-02;1.406599e-01;6.978422e-01;3.094500e-02;1.531752e-02;1.339951e-02;7.720529e-03;1.787288e-02;1.483682e-02;1.672261e-02;8.628350e-03;1.823094e-02
2.446786e-02;2.326269e-01;6.091638e-01;2.778936e-02;8.258775e-03;1.204808e-02;5.046374e-03;2.247125e-02;1.523467e-02;1.232781e-02;9.713874e-03;2.085132e-02
7.413521e-02;2.973519e-01;4.760535e-01;2.914189e-02;4.265060e-03;8.866572e-03;1.051018e-02;3.130483e-02;1.479267e-02;1.323077e-02;1.243640e-02;2.791100e-02
1.357228e-01;3.346608e-01;2.950365e-01;4.526664e-02;1.188691e-02;6.405185e-03;2.630883e-02;3.834604e-02;2.556645e-02;2.311367e-02;1.987637e-02;3.780984e-02
1.544990e-01;3.442461e-01;1.590325e-01;5.145045e-02;2.686718e-02;1.606013e-02;4.019555e-02;3.130563e-02;4.411751e-02;3.729511e-02;4.350865e-02;5.142220e-02
8.908430e-02;1.753776e-01;3.877849e-01;5.216445e-02;3.077303e-02;1.918867e-02;3.341895e-02;3.731786e-02;3.648683e-02;3.835659e-02;4.309006e-02;5.695671e-02
9.004649e-02;1.441170e-01;4.896979e-01;4.050852e-02;2.458946e-02;2.388807e-02;3.574141e-02;3.493723e-02;2.401171e-02;3.406004e-02;3.070182e-02;2.770025e-02
1.152597e-01;1.049957e-01;5.237905e-01;1.869055e-02;1.478017e-02;1.946444e-02;3.018428e-02;3.992324e-02;1.997754e-02;4.313730e-02;2.189879e-02;4.789779e-02
6.696270e-02;1.143500e-01;5.567601e-01;2.237076e-02;1.878008e-02;1.634264e-02;1.840298e-02;4.176939e-02;2.776389e-02;3.921409e-02;1.344776e-02;6.383558e-02
5.319015e-02;1.573280e-01;5.762720e-01;2.190791e-02;1.813005e-02;1.339348e-02;1.326766e-02;2.708339e-02;2.375340e-02;3.076527e-02;1.126204e-02;5.364668e-02
5.972544e-02;1.868179e-01;5.469359e-01;1.897058e-02;1.517809e-02;9.172820e-03;1.640764e-02;3.247259e-02;2.500612e-02;3.062853e-02;1.221094e-02;4.647353e-02
6.131490e-02;1.945588e-01;4.474184e-01;5.139505e-02;1.842298e-02;1.070750e-02;2.606368e-02;3.669903e-02;3.134412e-02;4.405085e-02;2.322023e-02;5.480455e-02
1.317001e-01;1.657180e-01;2.256148e-01;8.243121e-02;1.879394e-02;1.198845e-02;4.520757e-02;5.441462e-02;4.764674e-02;7.743774e-02;6.677592e-02;7.227090e-02
9.276164e-02;1.290806e-01;3.554949e-01;7.203931e-02;4.169757e-02;2.140552e-02;4.797558e-02;3.208446e-02;5.250961e-02;5.081954e-02;3.651595e-02;6.761521e-02
7.824743e-02;1.542613e-01;4.548925e-01;4.075991e-02;3.081856e-02;2.900241e-02;3.646733e-02;1.845322e-02;6.279659e-02;4.046536e-02;2.755751e-02;2.627787e-02
7.510211e-02;1.079258e-01;4.782525e-01;3.441757e-02;3.016489e-02;2.999959e-02;3.887645e-02;3.043926e-02;6.013669e-02;5.075004e-02;4.101310e-02;2.292200e-02
5.596804e-02;7.702687e-02;4.838568e-01;5.912574e-02;3.555698e-02;2.081121e-02;4.082088e-02;3.121628e-02;4.475135e-02;3.935810e-02;5.291172e-02;5.859609e-02
6.246017e-02;7.968429e-02;4.794590e-01;6.924632e-02;2.439743e-02;2.089534e-02;5.588250e-02;2.387696e-02;3.369735e-02;2.179375e-02;6.022123e-02;6.838568e-02
5.697930e-02;1.069986e-01;4.068973e-01;8.417351e-02;4.722957e-02;2.429181e-02;7.067990e-02;2.622550e-02;3.771885e-02;3.733389e-02;5.786963e-02;4.360215e-02
6.150449e-02;1.583306e-01;2.554733e-01;1.041695e-01;6.973332e-02;3.979518e-02;8.011195e-02;3.851043e-02;5.912794e-02;4.646538e-02;4.116805e-02;4.560986e-02
8.377296e-02;1.067509e-01;2.384562e-01;8.385897e-02;6.622969e-02;6.246542e-02;9.517849e-02;4.968145e-02;7.032866e-02;3.397982e-02;4.948901e-02;5.980835e-02
9.109851e-02;8.107686e-02;3.124888e-01;6.342755e-02;5.455218e-02;4.883967e-02;1.087704e-01;6.229090e-02;7.293577e-02;2.404905e-02;4.045096e-02;4.001937e-02
9.394612e-02;1.063158e-01;2.664291e-01;7.242708e-02;5.181913e-02;4.711026e-02;1.251745e-01;6.001431e-02;7.351947e-02;4.686887e-02;2.112756e-02;3.524780e-02
8.202694e-02;1.598673e-01;1.640107e-01;8.482523e-02;5.341682e-02;5.644000e-02;1.411502e-01;5.430448e-02;7.102671e-02;7.493857e-02;2.479911e-02;3.319396e-02
6.684379e-02;1.531908e-01;1.217004e-01;7.663965e-02;3.490389e-02;7.496150e-02;1.450111e-01;6.953666e-02;1.038459e-01;8.090559e-02;4.668423e-02;2.577649e-02
7.043807e-02;1.036605e-01;2.127606e-01;6.138790e-02;6.471789e-02;5.640433e-02;1.087693e-01;5.949253e-02;1.025795e-01;7.466593e-02;5.315018e-02;3.197322e-02
8.835019e-02;7.812773e-02;2.070827e-01;4.370296e-02;7.168493e-02;3.302737e-02;1.218110e-01;9.308463e-02;6.994970e-02;7.933009e-02;6.920516e-02;4.464360e-02
9.555750e-02;5.219973e-02;1.626599e-01;3.810615e-02;5.208167e-02;3.595930e-02;1.633841e-01;1.442954e-01;9.099503e-02;5.441653e-02;5.497399e-02;5.537066e-02
9.495132e-02;5.498080e-02;1.356518e-01;3.011969e-02;6.482011e-02;7.424304e-02;1.667417e-01;1.468098e-01;9.974395e-02;5.358570e-02;2.920438e-02;4.914765e-02
1.111525e-01;9.826754e-02;1.393449e-01;2.857302e-02;7.935721e-02;5.558543e-02;1.067042e-01;1.127815e-01;6.272681e-02;7.836100e-02;4.627177e-02;8.087407e-02
8.458510e-02;9.016180e-02;1.349263e-01;3.758396e-02;6.041702e-02;5.109424e-02;1.587538e-01;8.403842e-02;7.449382e-02;6.358417e-02;7.204878e-02;8.831257e-02
5.930398e-02;7.772598e-02;1.252931e-01;2.398773e-02;5.732646e-02;5.520634e-02;1.690771e-01;6.306409e-02;9.182690e-02;7.344731e-02;1.036091e-01;1.001320e-01
6.507175e-02;8.283436e-02;9.377928e-02;2.525490e-02;7.454929e-02;6.870314e-02;1.593926e-01;6.886515e-02;8.032600e-02;9.230455e-02;9.209582e-02;9.682319e-02
1.050304e-01;9.098555e-02;7.765430e-02;3.856457e-02;9.399503e-02;6.806872e-02;1.110505e-01;9.069911e-02;7.427721e-02;7.089493e-02;8.613948e-02;9.264027e-02
8.478668e-02;6.171837e-02;1.184914e-01;5.066355e-02;9.703983e-02;5.226998e-02;1.498573e-01;1.233061e-01;6.594606e-02;9.691084e-02;3.715942e-02;6.185048e-02
9.081757e-02;6.461675e-02;5.795558e-02;7.558475e-02;7.142730e-02;8.083116e-02;9.213401e-02;1.775682e-01;1.044530e-01;8.404135e-02;5.935125e-02;4.121913e-02
1.534473e-01;9.468572e-02;1.236678e-01;7.674806e-02;5.174868e-02;7.968804e-02;7.218206e-02;1.088292e-01;1.183196e-01;5.370619e-02;4.333237e-02;2.364504e-02
1.519834e-01;1.686094e-01;2.042886e-01;5.113510e-02;3.326155e-02;8.210257e-02;7.272374e-02;6.081849e-02;1.035983e-01;3.023994e-02;2.203838e-02;1.920062e-02
1.531743e-01;2.472485e-01;2.667848e-01;2.795502e-02;1.863117e-02;8.080885e-02;4.737485e-02;3.977910e-02;8.038948e-02;1.708159e-02;9.413277e-03;1.135904e-02
2.151022e-01;2.874476e-01;2.376647e-01;2.672075e-02;1.669669e-02;6.197879e-02;2.376865e-02;3.140025e-02;5.186896e-02;1.827000e-02;7.050191e-03;2.203111e-02
3.069837e-01;2.794378e-01;1.328105e-01;2.823985e-02;1.870033e-02;5.656833e-02;2.783190e-02;3.589704e-02;3.206186e-02;1.773245e-02;1.973469e-02;4.400150e-02
2.756217e-01;2.439808e-01;1.112496e-01;2.627775e-02;2.530360e-02;7.937057e-02;6.107973e-02;4.387194e-02;3.466932e-02;2.379589e-02;2.726637e-02;4.751267e-02
2.193287e-01;1.725227e-01;1.660578e-01;3.877160e-02;2.929102e-02;1.049569e-01;5.826407e-02;3.979305e-02;5.290828e-02;4.634945e-02;2.852171e-02;4.323478e-02
2.387548e-01;1.149829e-01;2.445699e-01;4.925045e-02;2.997489e-02;8.777315e-02;4.287515e-02;2.136094e-02;4.415419e-02;4.827143e-02;3.360866e-02;4.442351e-02
2.191724e-01;1.885801e-01;2.527257e-01;4.618540e-02;3.482312e-02;5.960620e-02;3.128275e-02;2.428950e-02;4.556744e-02;3.079918e-02;2.631462e-02;4.065371e-02
1.766939e-01;1.899627e-01;1.985252e-01;6.155125e-02;4.096843e-02;1.043554e-01;4.901453e-02;4.010312e-02;5.790566e-02;3.044202e-02;2.051459e-02;2.996325e-02
8.220465e-02;1.049942e-01;2.977298e-01;9.927768e-02;3.046052e-02;8.473783e-02;6.346759e-02;2.492638e-02;7.905810e-02;6.932717e-02;3.612527e-02;2.769069e-02
1.140081e-01;1.181568e-01;2.691304e-01;1.037765e-01;2.620153e-02;5.197651e-02;5.257025e-02;4.164870e-02;7.102481e-02;7.486250e-02;3.839998e-02;3.824392e-02
1.827256e-01;2.347108e-01;2.749121e-01;6.158914e-02;2.749291e-02;2.508355e-02;1.570510e-02;3.915741e-02;4.233364e-02;3.697749e-02;2.417750e-02;3.513474e-02
1.995421e-01;3.051299e-01;2.358933e-01;4.306746e-02;1.882551e-02;9.313017e-03;1.445388e-02;3.603559e-02;8.923437e-02;1.109336e-02;9.440911e-03;2.797055e-02
1.805592e-01;3.702624e-01;1.573500e-01;2.857908e-02;1.192707e-02;1.029645e-02;1.460448e-02;2.875170e-02;1.641408e-01;8.764138e-03;7.490213e-03;1.727435e-02
1.438653e-01;3.713721e-01;1.303818e-01;2.671949e-02;1.062884e-02;1.305915e-02;1.464511e-02;2.385360e-02;2.200108e-01;1.798164e-02;1.653927e-02;1.094276e-02
1.399506e-01;3.330994e-01;8.709810e-02;3.741330e-02;1.486133e-02;1.519982e-02;8.929797e-03;3.095379e-02;2.621715e-01;3.791412e-02;1.655813e-02;1.585014e-02
7.090615e-02;2.281775e-01;2.861112e-01;3.981550e-02;1.550696e-02;1.623964e-02;9.853734e-03;1.994283e-02;2.280170e-01;6.201063e-02;1.513245e-02;8.286459e-03
3.274621e-02;1.471384e-01;4.589960e-01;3.284123e-02;7.799863e-03;1.630172e-02;1.307245e-02;1.717323e-02;1.463033e-01;1.068964e-01;1.494346e-02;5.787608e-03
4.151929e-02;1.505673e-01;4.857787e-01;2.702934e-02;1.397288e-02;1.089681e-02;1.874001e-02;9.607970e-03;8.299047e-02;1.383277e-01;1.050688e-02;1.006265e-02
1.022311e-01;1.799125e-01;4.002662e-01;4.276304e-02;1.894016e-02;8.916010e-03;2.328216e-02;1.356105e-02;7.135069e-02;1.107496e-01;1.208162e-02;1.594585e-02
1.798307e-01;1.400820e-01;3.286222e-01;5.829120e-02;2.301669e-02;1.193036e-02;2.466865e-02;2.256606e-02;6.789110e-02;9.020501e-02;2.489194e-02;2.800411e-02
1.744850e-01;2.212371e-01;2.226249e-01;5.357619e-02;1.993801e-02;2.076563e-02;2.856059e-02;3.053766e-02;7.302540e-02;8.650709e-02;3.034670e-02;3.839570e-02
1.319723e-01;2.563350e-01;2.286257e-01;4.305222e-02;1.665290e-02;2.365633e-02;2.731422e-02;2.172870e-02;1.059788e-01;9.354212e-02;1.882594e-02;3.231586e-02
8.896901e-02;2.191820e-01;3.274812e-01;3.248885e-02;1.516413e-02;1.830185e-02;3.348646e-02;1.941237e-02;1.065108e-01;1.020372e-01;1.481666e-02;2.214947e-02
6.305705e-02;2.463577e-01;3.034582e-01;3.083767e-02;1.433885e-02;2.089201e-02;4.391861e-02;1.964652e-02;9.679621e-02;1.082933e-01;2.498559e-02;2.741833e-02
9.361424e-02;1.838082e-01;2.538041e-01;3.518372e-02;2.155072e-02;3.043143e-02;5.368622e-02;3.197410e-02;1.152331e-01;1.241910e-01;2.706474e-02;2.945853e-02
1.263942e-01;1.474435e-01;3.683690e-01;2.739840e-02;3.597860e-02;3.775569e-02;4.571924e-02;3.068020e-02;5.789888e-02;8.172154e-02;1.695591e-02;2.368479e-02
7.562049e-02;1.598426e-01;4.632261e-01;7.609700e-02;3.259759e-02;2.814448e-02;2.367040e-02;1.910679e-02;3.857935e-02;6.335267e-02;7.811277e-03;1.195118e-02
2.296085e-02;9.322239e-02;5.943403e-01;9.249652e-02;3.260887e-02;2.192013e-02;2.246165e-02;1.100257e-02;2.215437e-02;7.420770e-02;4.857694e-03;7.766983e-03
9.801422e-03;9.260561e-02;6.593716e-01;7.071261e-02;2.267293e-02;1.601807e-02;2.315333e-02;6.355026e-03;1.507723e-02;7.531302e-02;3.990085e-03;4.929102e-03
3.375631e-02;2.191733e-01;5.599288e-01;3.959549e-02;1.696402e-02;1.739310e-02;2.211297e-02;7.136229e-03;2.258021e-02;5.303706e-02;2.480389e-03;5.842086e-03
6.975772e-02;2.936610e-01;3.348376e-01;7.232967e-02;5.013757e-02;4.465586e-02;2.698927e-02;1.280571e-02;3.455512e-02;4.150596e-02;6.956786e-03;1.180781e-02
7.269716e-02;1.965177e-01;2.372852e-01;1.176933e-01;1.118223e-01;7.234851e-02;5.047183e-02;2.022154e-02;3.764069e-02;5.092855e-02;1.663098e-02;1.574220e-02
7.251636e-02;8.725068e-02;1.725200e-01;2.067225e-01;1.506109e-01;8.126872e-02;6.922446e-02;3.361043e-02;4.241747e-02;4.901007e-02;2.251902e-02;1.232939e-02
8.861206e-02;8.916444e-02;2.530643e-01;2.484759e-01;8.934839e-02;4.887199e-02;5.120419e-02;2.938501e-02;3.357428e-02;3.401272e-02;1.486345e-02;1.942325e-02
1.082422e-01;1.078772e-01;3.278206e-01;1.313475e-01;4.891634e-02;2.993074e-02;7.925422e-02;3.802170e-02;3.492000e-02;4.521208e-02;2.310696e-02;2.535054e-02
7.923666e-02;1.430471e-01;3.233752e-01;1.126686e-01;7.715398e-02;4.268530e-02;7.761947e-02;2.977872e-02;4.108971e-02;4.476842e-02;1.655404e-02;1.202288e-02
9.625486e-02;2.044362e-01;3.460858e-01;6.002999e-02;7.116598e-02;3.801613e-02;4.284521e-02;2.502452e-02;4.454752e-02;3.694845e-02;1.826987e-02;1.637542e-02
7.059278e-02;1.880428e-01;4.186892e-01;7.068963e-02;3.814319e-02;3.466489e-02;4.059898e-02;2.056459e-02;3.781302e-02;4.222792e-02;1.945657e-02;1.851649e-02
1.386185e-02;1.503737e-01;5.136454e-01;7.668269e-02;4.563360e-02;3.625449e-02;3.555352e-02;1.097983e-02;3.513746e-02;3.970095e-02;1.960346e-02;2.257313e-02
2.246907e-02;1.493012e-01;4.939636e-01;4.957888e-02;7.239744e-02;2.642411e-02;3.152620e-02;2.924314e-02;3.988415e-02;3.704131e-02;2.233041e-02;2.584044e-02
4.842642e-02;1.317335e-01;3.085307e-01;1.249391e-01;1.098952e-01;2.721783e-02;5.123457e-02;3.921183e-02;5.159746e-02;5.402649e-02;2.418695e-02;2.899999e-02
4.981724e-02;1.284468e-01;1.463981e-01;1.684630e-01;1.473001e-01;3.915909e-02;6.323627e-02;4.980719e-02;7.346798e-02;7.567311e-02;3.718365e-02;2.104753e-02
5.008540e-02;1.041110e-01;2.093687e-01;1.005293e-01;1.589986e-01;4.960146e-02;5.964883e-02;7.528565e-02;5.082996e-02;8.786019e-02;4.114072e-02;1.254024e-02
7.796334e-02;7.281218e-02;1.348706e-01;6.571052e-02;1.362353e-01;5.729535e-02;7.976944e-02;8.195464e-02;7.689101e-02;1.091723e-01;5.036230e-02;5.696297e-02
1.453984e-01;4.081744e-02;8.703790e-02;4.639099e-02;6.909890e-02;5.362034e-02;7.980608e-02;5.082903e-02;7.637100e-02;6.809136e-02;1.433105e-01;1.392280e-01
1.485879e-01;4.916895e-02;5.134696e-02;2.429873e-02;2.933360e-02;4.667526e-02;7.205611e-02;3.021962e-02;3.972194e-02;5.930771e-02;1.736379e-01;2.756453e-01
1.012154e-01;2.510997e-02;2.409171e-02;1.628720e-02;1.640124e-02;3.537453e-02;4.533674e-02;2.146673e-02;2.689305e-02;4.475894e-02;1.724897e-01;4.705748e-01
5.893485e-02;1.853543e-02;1.857146e-02;9.709241e-03;1.053350e-02;2.167196e-02;1.752271e-02;9.045218e-03;1.620080e-02;2.197599e-02;1.687713e-01;6.285275e-01
1.058200e-01;1.258466e-02;1.125951e-02;7.973124e-03;4.657018e-03;1.432047e-02;1.143439e-02;7.343615e-03;9.676980e-03;1.789606e-02;1.263804e-01;6.706538e-01
2.878670e-01;1.703284e-02;7.670263e-03;7.163532e-03;3.556597e-03;6.759738e-03;2.090612e-02;2.189320e-02;6.836925e-03;1.869768e-02;5.688789e-02;5.447282e-01
5.705570e-01;3.963418e-02;1.086318e-02;4.818256e-03;4.914901e-03;6.015406e-03;2.081019e-02;4.615903e-02;7.194084e-03;1.780168e-02;1.072156e-02;2.605106e-01
7.348492e-01;8.039686e-02;1.973018e-02;5.315372e-03;9.003893e-03;8.249503e-03;1.228778e-02;5.250280e-02;1.073948e-02;1.056195e-02;1.782583e-02;3.853719e-02
5.990151e-01;2.201262e-01;1.814829e-02;5.895053e-03;1.579070e-02;9.673696e-03;1.193510e-02;2.537323e-02;2.732520e-02;6.416490e-03;2.914160e-02;3.115952e-02
3.777738e-01;3.980690e-01;4.288688e-02;5.701692e-03;1.259511e-02;1.017004e-02;6.637224e-03;1.152378e-02;5.136307e-02;9.457135e-03;2.658867e-02;4.723365e-02
1.654920e-01;4.108541e-01;1.940696e-01;1.857769e-02;8.375369e-03;1.144511e-02;8.680933e-03;2.438220e-02;4.883229e-02;2.297128e-02;2.444968e-02;6.186981e-02
7.517567e-02;1.831433e-01;4.604443e-01;8.742545e-02;1.990415e-02;9.975891e-03;1.307025e-02;3.744674e-02;2.279387e-02;3.597511e-02;1.497067e-02;3.967452e-02
3.276049e-02;7.776010e-02;4.746838e-01;2.141302e-01;3.893286e-02;9.161969e-03;1.060446e-02;3.340049e-02;1.881829e-02;2.717493e-02;1.197473e-02;5.059763e-02
