7.963599e-02;8.877527e-02;9.181251e-02;1.047264e-01;5.881246e-02;1.036139e-01;1.156749e-01;9.553169e-02;6.983779e-02;7.967465e-02;3.894301e-02;7.296146e-02
6.288201e-02;1.019088e-01;6.009569e-02;1.533280e-01;7.964992e-02;9.508175e-02;8.580443e-02;1.023320e-01;1.002451e-01;8.486406e-02;3.122665e-02;4.258155e-02
7.067037e-02;9.103096e-02;6.630605e-02;1.562418e-01;8.380638e-02;8.709301e-02;1.057970e-01;6.871337e-02;8.031520e-02;1.211732e-01;3.956810e-02;2.928454e-02
1.076117e-01;8.482382e-02;1.252313e-01;6.776874e-02;7.849238e-02;9.753308e-02;7.425356e-02;9.074065e-02;5.912582e-02;8.985269e-02;6.432172e-02;6.024454e-02
1.921885e-01;1.660622e-01;1.836080e-01;4.576300e-02;5.181516e-02;5.659185e-02;2.129429e-02;3.794285e-02;5.295990e-02;4.566583e-02;4.583181e-02;1.002767e-01
2.280288e-01;2.809225e-01;2.072300e-01;2.377612e-02;3.451727e-02;2.313431e-02;1.878226e-02;2.832776e-02;3.433205e-02;2.923499e-02;2.687966e-02;6.483422e-02
1.770989e-01;2.864490e-01;3.519405e-01;4.399252e-02;1.656124e-02;6.645943e-03;1.417972e-02;1.505475e-02;1.872408e-02;2.963844e-02;1.121255e-02;2.850240e-02
8.176320e-02;1.927698e-01;5.234749e-01;9.996429e-02;8.920978e-03;6.184720e-03;1.013233e-02;8.502788e-03;1.027323e-02;3.958230e-02;6.438932e-03;1.199246e-02
3.146053e-02;6.883938e-02;5.986372e-01;1.659114e-01;9.368159e-03;7.544836e-03;1.768053e-02;1.172713e-02;8.127977e-03;5.914712e-02;1.048494e-02;1.107084e-02
2.545657e-02;3.098184e-02;5.931770e-01;1.661181e-01;7.567871e-03;8.671222e-03;3.091967e-02;1.759043e-02;1.172658e-02;8.429378e-02;1.471462e-02;8.782302e-03
4.872247e-02;7.046637e-02;5.012724e-01;1.516378e-01;1.238424e-02;5.959278e-03;3.546165e-02;1.929126e-02;1.385313e-02;1.077640e-01;1.342496e-02;1.976244e-02
7.064787e-02;1.100669e-01;3.591356e-01;1.454146e-01;2.236728e-02;1.372571e-02;4.260395e-02;1.883587e-02;2.150740e-02;1.299590e-01;3.064015e-02;3.509576e-02
4.940925e-02;1.151427e-01;2.479550e-01;8.357403e-02;3.467339e-02;3.485976e-02;4.710786e-02;2.265036e-02;5.330165e-02;1.816350e-01;8.317986e-02;4.651116e-02
6.401299e-02;5.490318e-02;2.501484e-01;6.555257e-02;4.102657e-02;3.653828e-02;3.082038e-02;3.261838e-02;8.946692e-02;2.113734e-01;8.084024e-02;4.269871e-02
6.363174e-02;4.885979e-02;2.194716e-01;1.417677e-01;3.742935e-02;5.103819e-02;4.305439e-02;2.711627e-02;7.064456e-02;1.655009e-01;9.344327e-02;3.804228e-02
9.910243e-02;6.443880e-02;1.938442e-01;9.602710e-02;2.329536e-02;7.746729e-02;5.700553e-02;2.927032e-02;4.075440e-02;8.132573e-02;1.347497e-01;1.027191e-01
2.933588e-01;6.217965e-02;9.900327e-02;1.785619e-02;8.750285e-03;5.558573e-02;6.256955e-02;5.464879e-02;1.940063e-02;5.151158e-02;1.070626e-01;1.680730e-01
4.780741e-01;7.195424e-02;3.535458e-02;9.234793e-03;3.393580e-03;2.859834e-02;4.423619e-02;8.741756e-02;1.273542e-02;4.106225e-02;5.369216e-02;1.342468e-01
6.025031e-01;6.158077e-02;4.545100e-02;1.090049e-02;6.562504e-03;1.464038e-02;2.465040e-02;1.151250e-01;1.732538e-02;3.077546e-02;2.341133e-02;4.707424e-02
6.382008e-01;6.186880e-02;3.657292e-02;1.080246e-02;8.466003e-03;1.010927e-02;1.116660e-02;1.426107e-01;1.861520e-02;1.898594e-02;1.862313e-02;2.397829e-02
6.264353e-01;6.485453e-02;2.676392e-02;5.158140e-03;1.054381e-02;1.114165e-02;8.980621e-03;1.860852e-01;2.273901e-02;1.302465e-02;9.357549e-03;1.491556e-02
5.339350e-01;7.543054e-02;3.059837e-02;1.137801e-02;1.084216e-02;1.475508e-02;1.940331e-02;2.129403e-01;2.592295e-02;1.554996e-02;1.173623e-02;3.750809e-02
3.822563e-01;1.222382e-01;3.962794e-02;1.951240e-02;1.542534e-02;2.546715e-02;4.717040e-02;1.721282e-01;3.672856e-02;3.726932e-02;3.249928e-02;6.967691e-02
3.569070e-01;9.950539e-02;4.370565e-02;2.091857e-02;1.413674e-02;2.624407e-02;3.503204e-02;1.775178e-01;6.081147e-02;6.405288e-02;3.240913e-02;6.875920e-02
3.635627e-01;6.084226e-02;3.927661e-02;1.584115e-02;1.575266e-02;1.353456e-02;3.834155e-02;2.862763e-01;6.652913e-02;5.654532e-02;1.647972e-02;2.701806e-02
2.748466e-01;7.496390e-02;5.620582e-02;1.611961e-02;1.621783e-02;1.850297e-02;3.700201e-02;3.200862e-01;3.269242e-02;3.269095e-02;5.507223e-02;6.559947e-02
2.356072e-01;6.625643e-02;4.336610e-02;1.142012e-02;1.303420e-02;2.362731e-02;3.962177e-02;1.983727e-01;2.368127e-02;4.677194e-02;7.805105e-02;2.201899e-01
3.289369e-01;6.008283e-02;2.607030e-02;8.416561e-03;8.276567e-03;1.823834e-02;4.826933e-02;9.057363e-02;9.722175e-03;4.521568e-02;3.174460e-02;3.244531e-01
3.604909e-01;3.789151e-02;9.704242e-03;6.147799e-03;5.394483e-03;1.334595e-02;4.394809e-02;5.045535e-02;9.408052e-03;4.198716e-02;1.625227e-02;4.049743e-01
4.541702e-01;2.082928e-02;1.429094e-02;5.121379e-03;3.383392e-03;8.744246e-03;3.005859e-02;5.963663e-02;1.208853e-02;3.345025e-02;1.710804e-02;3.411185e-01
6.235783e-01;3.090817e-02;1.212259e-02;5.439381e-03;4.182881e-03;7.917349e-03;1.397807e-02;7.273494e-02;8.463162e-03;1.786712e-02;1.606656e-02;1.867414e-01
7.210577e-01;4.809122e-02;8.081313e-03;4.827922e-03;7.541561e-03;9.417690e-03;2.165333e-02;8.445270e-02;5.417936e-03;1.062423e-02;1.204396e-02;6.679051e-02
7.095830e-01;1.035013e-01;1.115263e-02;6.043724e-03;1.177002e-02;1.023575e-02;1.623413e-02;7.062182e-02;1.197794e-02;1.124289e-02;8.577465e-03;2.905930e-02
5.680782e-01;1.702524e-01;3.321140e-02;1.020650e-02;1.276118e-02;1.243185e-02;1.821096e-02;7.603162e-02;8.189272e-03;1.538949e-02;2.033366e-02;5.490340e-02
3.673452e-01;1.431335e-01;5.542926e-02;2.482102e-02;1.818106e-02;1.728676e-02;3.685783e-02;1.276035e-01;1.407961e-02;2.015237e-02;3.730309e-02;1.378068e-01
4.746548e-01;6.817146e-02;2.361544e-02;1.772579e-02;1.087243e-02;1.154249e-02;3.075938e-02;7.892037e-02;2.280477e-02;2.581899e-02;3.063876e-02;2.044753e-01
5.070284e-01;8.521087e-02;2.628234e-02;1.354897e-02;8.522850e-03;8.203052e-03;1.844638e-02;2.608799e-02;2.949980e-02;2.702018e-02;2.336766e-02;2.267815e-01
5.101680e-01;8.118211e-02;2.502631e-02;9.287844e-03;6.756430e-03;7.673495e-03;1.714384e-02;2.353179e-02;3.116344e-02;2.372784e-02;2.373902e-02;2.405999e-01
5.630673e-01;5.489288e-02;2.432957e-02;1.066327e-02;8.444243e-03;4.947958e-03;2.654909e-02;1.292455e-02;2.421012e-02;1.626611e-02;1.625229e-02;2.374526e-01
5.742680e-01;8.029667e-02;5.235676e-02;1.702522e-02;8.181817e-03;5.269855e-03;2.258186e-02;1.797977e-02;1.737966e-02;1.189615e-02;1.549506e-02;1.772691e-01
4.207098e-01;2.010667e-01;1.255622e-01;3.773532e-02;1.548809e-02;1.387382e-02;2.549720e-02;2.290064e-02;2.054356e-02;1.181994e-02;1.344192e-02;9.136080e-02
1.576709e-01;2.393204e-01;1.487052e-01;2.967677e-02;2.498954e-02;3.265708e-02;4.309746e-02;3.585479e-02;5.082665e-02;6.180328e-02;7.605635e-02;9.934147e-02
1.436580e-01;1.199893e-01;5.040510e-02;2.177074e-02;3.311822e-02;3.876846e-02;6.584133e-02;6.446002e-02;1.413925e-01;1.260424e-01;1.085744e-01;8.597962e-02
9.498349e-02;4.358179e-02;2.485425e-02;3.027323e-02;3.136034e-02;3.552665e-02;9.112214e-02;1.500244e-01;2.158237e-01;1.543727e-01;8.332518e-02;4.475211e-02
6.340778e-02;3.243951e-02;4.535434e-02;2.200241e-02;1.783575e-02;3.119620e-02;1.951447e-01;2.839394e-01;1.571964e-01;1.015234e-01;2.649405e-02;2.346605e-02
2.502389e-02;5.621510e-02;3.756013e-02;7.634629e-03;1.297827e-02;4.894567e-02;3.418188e-01;2.847620e-01;9.066146e-02;3.746688e-02;2.543755e-02;3.149563e-02
6.126090e-02;6.248832e-02;3.367868e-02;2.292673e-02;2.286655e-02;9.899200e-02;3.127166e-01;1.811410e-01;9.480336e-02;4.649337e-02;2.828936e-02;3.434312e-02
1.327920e-01;4.280142e-02;2.890461e-02;3.191759e-02;6.756271e-02;1.910448e-01;1.637038e-01;1.309516e-01;8.188074e-02;8.334813e-02;2.290033e-02;2.219230e-02
8.637465e-02;2.019921e-02;4.164565e-02;5.043102e-02;1.279614e-01;1.735823e-01;1.872964e-01;1.118104e-01;6.628897e-02;6.723647e-02;1.242131e-02;5.475229e-02
4.232536e-02;3.082442e-02;7.403324e-02;1.076374e-01;1.413163e-01;9.963472e-02;2.084433e-01;8.846019e-02;4.930931e-02;4.646214e-02;3.129387e-02;8.025961e-02
3.320571e-02;6.122963e-02;2.252483e-01;1.352753e-01;1.235866e-01;7.555088e-02;1.231233e-01;4.969285e-02;3.373001e-02;5.713865e-02;3.342812e-02;4.879067e-02
3.103668e-02;1.131334e-01;3.647880e-01;8.582776e-02;9.878930e-02;4.511978e-02;7.219341e-02;5.706141e-02;3.466685e-02;5.510837e-02;2.459538e-02;1.767973e-02
1.075094e-01;1.834432e-01;2.616843e-01;5.417160e-02;8.952295e-02;4.682103e-02;7.351617e-02;7.565165e-02;2.418333e-02;5.031370e-02;1.882050e-02;1.436223e-02
1.674812e-01;2.213637e-01;1.158419e-01;4.654590e-02;8.378808e-02;4.508251e-02;8.929283e-02;8.462261e-02;5.798336e-02;4.143948e-02;2.016242e-02;2.639607e-02
1.202454e-01;1.709897e-01;1.816477e-01;4.971788e-02;5.814472e-02;8.344969e-02;1.076337e-01;6.786808e-02;6.983851e-02;3.155744e-02;2.468924e-02;3.421795e-02
6.016636e-02;1.226458e-01;2.644718e-01;6.749426e-02;3.915515e-02;1.152205e-01;1.255808e-01;4.478254e-02;5.683608e-02;4.612507e-02;2.364163e-02;3.387998e-02
6.247221e-02;1.178134e-01;2.133422e-01;8.404601e-02;4.423241e-02;9.396934e-02;1.405269e-01;5.179115e-02;7.066062e-02;5.728244e-02;2.624707e-02;3.761621e-02
1.153442e-01;1.247458e-01;2.211312e-01;5.727374e-02;3.685245e-02;6.473978e-02;1.377658e-01;7.140800e-02;7.371037e-02;4.795238e-02;2.356486e-02;2.551134e-02
1.206442e-01;1.186010e-01;1.857334e-01;5.297046e-02;5.293898e-02;9.637397e-02;1.020530e-01;9.632815e-02;6.854561e-02;5.326725e-02;1.997117e-02;3.257271e-02
9.274458e-02;7.452097e-02;2.615526e-01;8.895732e-02;5.772540e-02;8.076742e-02;6.861097e-02;1.008863e-01;5.083402e-02;5.487367e-02;2.507793e-02;4.344885e-02
1.116145e-01;1.178377e-01;2.999289e-01;5.403107e-02;6.132862e-02;5.956777e-02;2.842973e-02;9.597522e-02;5.985900e-02;5.102988e-02;2.255698e-02;3.784069e-02
1.648766e-01;2.077188e-01;2.056925e-01;4.048558e-02;6.771896e-02;3.878665e-02;6.399535e-02;8.881254e-02;4.077713e-02;5.016666e-02;1.557944e-02;1.538983e-02
1.646688e-01;2.114050e-01;1.195896e-01;2.914904e-02;7.655779e-02;5.265899e-02;1.107619e-01;1.097581e-01;3.342528e-02;4.361363e-02;2.555514e-02;2.285669e-02
8.567134e-02;1.383527e-01;1.910776e-01;5.536051e-02;9.441019e-02;4.113067e-02;1.022967e-01;1.264866e-01;6.577348e-02;4.093219e-02;3.463944e-02;2.386847e-02
3.636453e-02;8.443990e-02;1.635585e-01;4.696376e-02;1.114885e-01;9.212236e-02;1.261822e-01;1.421728e-01;7.699931e-02;5.358150e-02;3.411677e-02;3.200981e-02
6.927965e-02;8.131319e-02;1.294963e-01;5.398742e-02;1.106846e-01;1.007994e-01;1.482482e-01;1.224990e-01;7.297106e-02;5.978004e-02;1.548873e-02;3.545249e-02
6.804217e-02;6.763838e-02;1.062997e-01;6.278911e-02;1.012902e-01;1.054937e-01;1.790439e-01;1.120848e-01;6.144233e-02;7.603145e-02;2.377025e-02;3.607400e-02
3.163907e-02;4.140901e-02;8.921468e-02;3.961041e-02;1.250240e-01;7.244121e-02;2.199764e-01;9.647050e-02;6.248149e-02;1.548227e-01;3.055205e-02;3.635852e-02
2.883971e-02;2.157067e-02;1.236169e-01;4.364255e-02;1.232924e-01;6.396486e-02;2.596502e-01;8.336482e-02;5.366465e-02;1.496468e-01;2.164579e-02;2.710070e-02
3.672869e-02;2.522518e-02;1.011383e-01;4.218622e-02;1.020437e-01;1.014785e-01;3.412493e-01;7.214174e-02;5.344392e-02;8.561017e-02;2.423031e-02;1.452399e-02
4.061544e-02;2.299684e-02;7.647089e-02;4.707282e-02;1.265032e-01;1.240519e-01;3.604557e-01;5.907889e-02;4.528540e-02;5.565638e-02;1.916630e-02;2.264627e-02
3.746856e-02;2.903969e-02;7.165048e-02;5.273756e-02;2.274719e-01;1.537507e-01;2.429668e-01;4.340497e-02;5.536984e-02;4.532750e-02;1.289868e-02;2.791328e-02
4.598719e-02;3.445446e-02;8.510729e-02;5.077349e-02;2.303100e-01;1.872138e-01;1.898507e-01;4.601982e-02;4.176899e-02;3.844566e-02;1.446684e-02;3.560176e-02
5.043167e-02;3.208204e-02;5.088398e-02;2.336836e-02;8.769883e-02;1.348235e-01;4.461296e-01;8.566815e-02;1.574015e-02;3.796335e-02;1.317847e-02;2.203194e-02
3.098136e-02;2.578552e-02;6.411918e-02;1.907416e-02;4.049139e-02;7.348391e-02;5.166075e-01;1.317114e-01;4.279375e-02;3.597856e-02;1.114844e-02;7.824975e-03
1.869436e-02;1.633913e-02;7.863005e-02;2.667724e-02;3.573134e-02;5.139894e-02;4.874597e-01;1.541017e-01;6.281129e-02;3.939598e-02;1.829460e-02;1.046569e-02
2.224204e-02;2.142752e-02;8.252507e-02;2.089619e-02;4.679206e-02;6.954244e-02;4.884684e-01;1.308898e-01;4.149067e-02;4.606367e-02;2.050415e-02;9.157941e-03
2.113752e-02;2.007173e-02;1.060223e-01;2.548481e-02;5.576276e-02;8.667094e-02;4.773093e-01;9.462243e-02;2.731086e-02;5.239793e-02;2.368134e-02;9.528051e-03
3.233708e-02;2.549647e-02;1.448261e-01;3.281058e-02;5.502976e-02;7.812741e-02;3.961983e-01;1.051965e-01;3.160174e-02;5.139384e-02;3.900358e-02;7.978521e-03
4.475180e-02;3.499790e-02;1.418765e-01;3.643294e-02;6.235145e-02;5.178960e-02;3.637645e-01;1.117677e-01;4.227323e-02;4.467930e-02;5.162573e-02;1.368940e-02
3.945069e-02;4.630908e-02;1.055935e-01;3.770871e-02;9.785825e-02;9.357899e-02;3.333646e-01;6.106125e-02;4.063451e-02;8.851784e-02;3.613853e-02;1.978404e-02
4.804533e-02;6.719305e-02;1.104318e-01;4.665526e-02;8.121898e-02;8.026404e-02;2.474440e-01;3.536836e-02;5.686972e-02;1.221153e-01;5.354549e-02;5.084860e-02
2.048123e-01;1.355298e-01;8.627688e-02;4.142338e-02;5.259455e-02;3.491432e-02;1.510325e-01;3.734237e-02;4.810584e-02;7.691914e-02;5.263919e-02;7.840969e-02
4.242154e-01;1.550805e-01;6.932865e-02;2.259088e-02;2.693339e-02;1.501719e-02;5.655258e-02;1.842419e-02;2.110437e-02;4.265032e-02;3.535343e-02;1.127491e-01
5.516695e-01;1.300987e-01;3.518637e-02;1.611637e-02;1.203917e-02;9.009263e-03;2.583074e-02;1.162913e-02;9.005237e-03;4.945894e-02;2.269253e-02;1.272641e-01
5.433524e-01;1.439787e-01;5.041687e-02;2.943703e-02;1.547714e-02;7.135574e-03;1.695289e-02;1.160308e-02;6.633443e-03;4.881315e-02;1.544563e-02;1.107541e-01
4.511856e-01;1.904700e-01;8.856593e-02;4.585799e-02;1.826177e-02;6.378140e-03;2.146414e-02;1.643903e-02;7.779972e-03;4.259388e-02;1.001562e-02;1.009880e-01
1.920859e-01;2.687055e-01;1.063824e-01;4.764351e-02;2.217950e-02;1.318428e-02;4.097468e-02;3.253742e-02;1.604814e-02;5.097877e-02;2.491221e-02;1.843677e-01
4.708814e-01;1.309385e-01;3.678440e-02;2.686279e-02;1.199619e-02;1.294587e-02;3.591767e-02;2.850181e-02;1.312558e-02;2.956450e-02;2.578468e-02;1.766967e-01
5.594243e-01;1.448927e-01;3.321596e-02;2.326377e-02;1.961806e-02;7.132184e-03;2.161117e-02;1.739568e-02;1.579494e-02;1.828952e-02;1.801524e-02;1.213465e-01
3.256847e-01;2.281856e-01;1.823026e-01;4.266872e-02;3.275054e-02;1.222152e-02;1.689601e-02;1.915647e-02;2.772985e-02;2.482797e-02;2.154128e-02;6.603467e-02
9.649820e-02;2.061181e-01;3.057166e-01;1.256580e-01;4.204088e-02;8.333238e-03;1.706170e-02;1.127863e-02;4.285154e-02;4.714696e-02;5.827651e-02;3.901965e-02
1.078405e-01;1.087925e-01;2.120165e-01;2.233279e-01;8.640255e-02;1.217226e-02;1.287639e-02;1.931813e-02;3.550077e-02;5.289939e-02;9.552179e-02;3.333121e-02
1.107435e-01;6.841219e-02;9.584200e-02;2.812958e-01;1.732219e-01;2.057497e-02;1.942563e-02;2.631521e-02;2.376506e-02;4.477991e-02;9.491084e-02;4.071300e-02
1.108080e-01;8.013583e-02;8.460663e-02;2.611805e-01;2.240179e-01;2.613515e-02;3.287223e-02;2.973180e-02;1.657412e-02;2.920613e-02;6.629215e-02;3.843944e-02
6.148398e-02;9.067136e-02;1.338249e-01;2.482497e-01;1.896671e-01;2.868136e-02;3.208492e-02;3.493172e-02;2.167107e-02;1.890389e-02;9.249603e-02;4.733403e-02
3.600120e-02;9.470420e-02;2.261947e-01;2.726873e-01;1.385344e-01;2.531192e-02;2.054915e-02;3.574004e-02;2.179491e-02;1.847187e-02;6.576889e-02;4.424148e-02
4.920248e-02;1.070661e-01;2.704855e-01;2.618027e-01;1.191233e-01;2.650428e-02;2.256060e-02;2.925010e-02;1.870333e-02;2.153063e-02;4.656022e-02;2.721084e-02
9.970281e-02;1.162282e-01;1.903475e-01;2.611773e-01;1.270763e-01;1.702296e-02;4.361799e-02;1.809655e-02;1.886553e-02;2.876470e-02;3.960207e-02;3.949809e-02
5.239817e-02;1.064038e-01;1.903063e-01;3.166065e-01;8.602237e-02;2.426382e-02;3.569482e-02;2.172585e-02;2.334733e-02;2.138978e-02;7.758965e-02;4.425171e-02
6.039843e-02;6.171384e-02;2.279787e-01;3.426314e-01;7.606202e-02;1.931656e-02;2.957205e-02;2.198186e-02;2.609402e-02;3.016462e-02;6.153446e-02;4.255199e-02
8.183578e-02;6.157267e-02;2.086264e-01;3.572388e-01;4.761778e-02;2.640797e-02;2.956820e-02;2.201441e-02;3.334237e-02;4.215367e-02;4.756666e-02;4.205529e-02
9.285688e-02;6.787442e-02;2.198166e-01;2.590534e-01;7.232182e-02;3.778702e-02;3.588769e-02;2.476278e-02;4.957034e-02;3.673746e-02;6.013089e-02;4.320076e-02
4.615158e-02;5.737075e-02;1.642628e-01;1.757636e-01;1.201662e-01;6.329406e-02;3.909216e-02;5.596124e-02;5.875557e-02;7.427264e-02;9.123813e-02;5.367124e-02
5.318952e-02;5.955451e-02;1.288293e-01;2.199797e-01;1.121392e-01;4.707380e-02;5.751412e-02;4.887971e-02;4.000000e-02;7.193659e-02;1.183566e-01;4.254694e-02
7.542928e-02;6.699713e-02;6.147756e-02;2.518702e-01;2.170862e-01;3.596370e-02;3.365915e-02;3.938136e-02;1.981560e-02;5.028775e-02;1.067460e-01;4.128610e-02
6.686182e-02;5.043576e-02;3.700013e-02;2.047550e-01;3.462091e-01;3.596117e-02;2.328395e-02;2.543793e-02;1.445539e-02;4.453740e-02;7.847385e-02;7.258853e-02
4.554481e-02;3.003010e-02;5.168886e-02;2.470261e-01;3.475631e-01;2.540763e-02;2.223266e-02;1.238902e-02;1.482472e-02;3.594300e-02;7.832023e-02;8.902983e-02
2.960640e-02;2.999410e-02;5.341561e-02;3.641573e-01;2.539831e-01;2.087572e-02;1.917019e-02;2.308641e-02;1.845800e-02;2.657266e-02;9.924666e-02;6.143390e-02
2.284184e-02;2.833330e-02;3.939802e-02;4.910488e-01;1.879234e-01;1.743745e-02;1.941160e-02;3.228255e-02;2.433314e-02;2.765196e-02;8.435293e-02;2.498499e-02
3.063319e-02;2.155410e-02;5.174043e-02;5.123652e-01;1.415349e-01;1.818811e-02;1.756131e-02;3.944450e-02;2.351847e-02;2.380399e-02;8.893720e-02;3.071861e-02
5.032215e-02;4.530356e-02;1.459377e-01;4.684064e-01;8.217090e-02;1.059915e-02;2.086383e-02;3.654562e-02;1.603643e-02;1.947087e-02;8.050198e-02;2.384139e-02
9.120721e-02;8.980063e-02;1.791060e-01;3.781115e-01;7.748099e-02;1.322678e-02;2.079458e-02;2.187356e-02;1.388433e-02;2.149028e-02;6.781675e-02;2.520737e-02
1.362944e-01;1.112972e-01;1.175864e-01;3.399071e-01;9.673870e-02;1.638204e-02;2.405503e-02;1.197665e-02;1.762595e-02;3.031962e-02;6.504688e-02;3.277002e-02
1.207528e-01;8.043761e-02;8.683130e-02;2.988667e-01;1.305772e-01;2.796113e-02;4.115488e-02;1.779079e-02;4.162984e-02;2.924004e-02;7.379413e-02;5.096369e-02
9.251393e-02;4.857681e-02;1.445598e-01;1.971944e-01;1.099689e-01;2.580316e-02;5.492464e-02;2.055521e-02;7.396945e-02;4.906487e-02;1.239336e-01;5.893521e-02
1.100105e-01;6.507389e-02;1.553479e-01;1.645865e-01;8.228610e-02;4.654028e-02;6.223378e-02;3.862767e-02;6.452592e-02;4.453554e-02;1.077897e-01;5.844213e-02
1.022258e-01;5.429900e-02;1.616516e-01;1.905876e-01;1.214538e-01;5.221726e-02;5.815624e-02;5.654262e-02;5.158350e-02;4.248464e-02;6.945430e-02;3.934374e-02
1.582339e-01;1.289946e-01;1.858688e-01;1.844139e-01;1.011857e-01;2.754308e-02;4.652246e-02;3.166858e-02;2.904244e-02;2.443592e-02;3.475429e-02;4.733639e-02
2.043159e-01;3.011825e-01;2.369925e-01;7.585131e-02;4.946594e-02;1.038651e-02;1.375482e-02;1.486272e-02;2.961121e-02;1.482187e-02;1.350980e-02;3.524496e-02
1.483004e-01;3.629493e-01;3.012145e-01;6.040440e-02;2.358015e-02;1.072154e-02;8.397753e-03;9.866726e-03;3.501689e-02;1.216508e-02;9.177648e-03;1.820553e-02
8.013131e-02;3.981675e-01;3.260581e-01;5.040656e-02;1.637090e-02;2.708316e-02;9.284493e-03;1.080911e-02;4.866507e-02;1.804128e-02;8.978700e-03;6.003821e-03
3.736453e-02;5.302002e-01;2.026279e-01;3.701329e-02;1.252458e-02;5.645891e-02;1.110520e-02;1.239182e-02;6.771747e-02;1.697249e-02;1.112773e-02;4.495814e-03
8.094927e-02;5.668405e-01;1.162858e-01;2.662726e-02;2.041658e-02;7.141904e-02;8.885900e-03;9.510493e-03;6.923326e-02;1.064168e-02;7.584316e-03;1.160577e-02
2.345448e-01;4.046140e-01;7.737508e-02;2.159346e-02;7.130481e-02;5.545733e-02;7.848782e-03;2.096985e-02;6.237346e-02;6.606831e-03;9.020246e-03;2.829134e-02
3.347340e-01;2.033846e-01;3.122874e-02;3.308186e-02;1.226917e-01;2.649411e-02;2.601317e-02;4.013315e-02;6.271298e-02;8.381785e-03;1.952371e-02;9.162019e-02
2.462232e-01;8.320928e-02;4.453513e-02;5.404924e-02;8.228458e-02;3.075545e-02;5.831834e-02;4.870693e-02;5.459173e-02;3.069563e-02;8.332329e-02;1.833072e-01
7.828453e-02;6.468517e-02;5.761539e-02;4.050757e-02;3.997920e-02;6.653974e-02;6.803644e-02;5.182303e-02;1.014913e-01;1.091744e-01;1.656522e-01;1.562110e-01
6.356572e-02;7.361885e-02;4.210718e-02;2.608651e-02;3.238796e-02;5.979196e-02;1.015730e-01;1.171578e-01;1.681582e-01;1.443202e-01;1.165814e-01;5.465112e-02
6.019264e-02;6.798853e-02;5.029758e-02;2.119973e-02;5.814831e-02;5.158798e-02;1.758516e-01;1.833822e-01;1.341975e-01;7.933581e-02;5.421920e-02;6.359898e-02
5.295037e-02;4.088301e-02;5.990255e-02;4.070791e-02;9.400930e-02;6.478240e-02;1.836456e-01;1.831160e-01;6.437977e-02;5.482272e-02;6.585351e-02;9.494679e-02
4.486817e-02;3.779351e-02;6.814893e-02;5.538440e-02;9.429588e-02;5.516824e-02;1.130799e-01;1.331956e-01;4.990950e-02;1.532858e-01;1.033993e-01;9.147073e-02
4.190484e-02;5.248814e-02;7.367838e-02;5.020580e-02;5.986525e-02;6.960615e-02;9.988581e-02;1.150333e-01;1.307942e-01;1.892488e-01;6.657588e-02;5.071345e-02
9.105411e-02;8.455483e-02;3.433846e-02;4.712172e-02;5.665021e-02;7.212672e-02;1.344993e-01;1.051959e-01;2.019359e-01;1.269952e-01;2.756718e-02;1.796054e-02
1.256393e-01;9.823381e-02;6.703753e-02;4.102391e-02;7.263034e-02;6.765177e-02;1.211159e-01;5.186149e-02;1.558627e-01;1.032251e-01;5.627592e-02;3.944216e-02
1.084471e-01;9.684061e-02;6.986503e-02;2.906484e-02;7.321193e-02;4.700983e-02;8.790121e-02;7.822068e-02;2.352116e-01;5.365704e-02;5.865067e-02;6.191953e-02
5.919768e-02;8.399764e-02;6.417327e-02;4.128229e-02;4.757965e-02;3.441055e-02;9.333398e-02;1.212367e-01;2.951409e-01;6.897186e-02;4.045382e-02;5.022162e-02
5.413695e-02;8.822786e-02;7.217070e-02;7.004562e-02;4.238391e-02;3.725951e-02;1.066213e-01;1.388944e-01;2.465348e-01;6.270719e-02;4.995443e-02;3.106324e-02
4.134279e-02;1.022556e-01;6.056539e-02;5.897331e-02;5.113972e-02;4.127188e-02;1.532598e-01;1.498481e-01;2.201452e-01;4.409622e-02;3.727350e-02;3.982853e-02
3.142562e-02;8.016155e-02;7.385743e-02;3.249210e-02;8.269733e-02;5.781268e-02;1.500967e-01;1.294027e-01;2.159145e-01;6.881800e-02;3.186223e-02;4.545910e-02
7.342295e-02;5.072112e-02;1.008690e-01;4.653802e-02;9.342982e-02;6.611972e-02;1.480991e-01;8.208625e-02;1.716419e-01;6.284183e-02;5.175913e-02;5.247125e-02
7.976281e-02;9.115345e-02;1.133918e-01;5.864813e-02;8.034202e-02;5.737175e-02;1.894003e-01;9.217224e-02;8.001649e-02;5.592988e-02;6.294607e-02;3.886505e-02
7.681300e-02;9.561609e-02;9.956048e-02;2.988972e-02;6.562088e-02;6.665409e-02;1.107195e-01;1.356037e-01;1.024231e-01;6.631143e-02;7.357882e-02;7.720917e-02
7.966960e-02;6.951340e-02;8.683167e-02;4.411432e-02;4.983201e-02;6.768212e-02;4.818103e-02;1.662483e-01;1.526332e-01;9.736166e-02;7.682506e-02;6.110772e-02
5.481957e-02;6.502303e-02;7.728832e-02;6.072193e-02;6.301099e-02;5.529084e-02;1.142885e-01;2.095913e-01;1.588289e-01;6.115834e-02;6.215612e-02;1.782213e-02
3.776078e-02;4.839687e-02;6.148288e-02;6.649245e-02;7.763907e-02;4.496887e-02;1.459672e-01;2.265355e-01;1.833701e-01;5.074337e-02;2.197206e-02;3.467091e-02
6.313544e-02;5.314428e-02;4.361742e-02;5.087436e-02;7.346334e-02;2.707154e-02;1.392406e-01;2.475746e-01;1.252639e-01;8.502210e-02;3.810227e-02;5.349009e-02
8.725867e-02;6.073051e-02;4.490450e-02;3.488814e-02;4.629936e-02;5.543087e-02;1.533539e-01;2.935992e-01;4.967963e-02;8.757153e-02;4.516664e-02;4.111702e-02
8.677830e-02;7.178639e-02;4.842507e-02;4.020752e-02;5.631286e-02;8.559539e-02;6.297720e-02;3.015684e-01;5.123128e-02;1.048962e-01;5.550152e-02;3.471989e-02
6.637146e-02;6.513534e-02;3.332603e-02;4.140759e-02;5.009845e-02;7.592407e-02;1.405481e-01;2.041349e-01;1.324129e-01;1.186591e-01;4.689443e-02;2.508772e-02
6.469929e-02;5.776399e-02;4.031772e-02;3.195228e-02;4.709739e-02;5.360028e-02;1.738487e-01;1.771245e-01;1.893058e-01;1.062883e-01;3.749117e-02;2.051049e-02
5.110400e-02;5.240379e-02;4.795104e-02;3.478799e-02;5.752385e-02;7.215691e-02;2.475784e-01;1.358346e-01;1.411355e-01;8.279348e-02;4.355560e-02;3.317469e-02
6.267243e-02;7.608274e-02;7.210515e-02;5.363533e-02;9.015106e-02;9.391831e-02;2.807245e-01;6.939120e-02;6.749839e-02;6.627588e-02;4.209892e-02;2.544615e-02
8.196044e-02;6.771411e-02;7.524326e-02;4.603853e-02;1.106265e-01;7.251997e-02;2.349001e-01;7.575301e-02;9.222649e-02;7.364377e-02;3.249784e-02;3.687607e-02
8.541127e-02;3.800956e-02;9.268040e-02;5.618417e-02;1.047554e-01;5.800471e-02;1.847357e-01;8.477434e-02;1.355309e-01;8.730320e-02;3.590063e-02;3.670981e-02
7.999847e-02;5.345844e-02;1.276077e-01;5.901362e-02;8.147160e-02;4.380840e-02;1.674458e-01;8.850900e-02;1.037668e-01;9.051237e-02;5.647344e-02;4.793422e-02
1.156566e-01;6.318738e-02;1.329594e-01;4.407435e-02;6.181313e-02;5.939328e-02;1.671079e-01;4.789859e-02;8.462015e-02;8.162247e-02;8.990401e-02;5.176279e-02
9.995861e-02;7.774168e-02;1.397735e-01;3.658481e-02;4.810921e-02;6.073534e-02;1.897418e-01;5.679962e-02;1.007728e-01;7.434879e-02;6.212700e-02;5.330694e-02
7.141040e-02;1.085404e-01;1.566681e-01;6.656899e-02;4.302672e-02;4.060665e-02;1.549540e-01;5.930355e-02;7.043577e-02;9.071527e-02;5.944094e-02;7.832923e-02
6.831112e-02;1.126030e-01;1.236063e-01;7.753743e-02;4.874536e-02;3.848364e-02;1.371393e-01;9.118463e-02;5.630543e-02;8.301253e-02;7.057448e-02;9.249671e-02
8.603305e-02;8.654231e-02;6.421529e-02;5.858564e-02;7.703158e-02;6.429897e-02;1.594535e-01;8.902265e-02;9.652208e-02;7.901213e-02;5.137549e-02;8.790737e-02
