1.393792e-01;9.860557e-02;1.143819e-01;3.367930e-02;6.905454e-02;4.169250e-02;1.207307e-01;6.445748e-02;1.148753e-01;5.992090e-02;6.863648e-02;7.458615e-02
1.401785e-01;1.340352e-01;9.633525e-02;5.573247e-02;7.564503e-02;5.057555e-02;1.176841e-01;8.300808e-02;9.092485e-02;6.753651e-02;2.474239e-02;6.360209e-02
1.069006e-01;1.327217e-01;9.676045e-02;1.053299e-01;9.145004e-02;4.985407e-02;9.320865e-02;8.519881e-02;6.042322e-02;7.020410e-02;6.770818e-02;4.024020e-02
6.946754e-02;1.007494e-01;1.247111e-01;7.184888e-02;8.472258e-02;5.001064e-02;8.246574e-02;2.868148e-02;1.372528e-01;7.254333e-02;8.190475e-02;9.564178e-02
4.699068e-02;8.266988e-02;1.084447e-01;3.538907e-02;6.483111e-02;4.703239e-02;7.998242e-02;3.181097e-02;1.636721e-01;8.777600e-02;1.543842e-01;9.701636e-02
6.461193e-02;1.110317e-01;9.960119e-02;1.927639e-02;4.081356e-02;3.441961e-02;8.713573e-02;5.730968e-02;1.751291e-01;8.828608e-02;1.638124e-01;5.857264e-02
8.142599e-02;8.087639e-02;1.178912e-01;2.783666e-02;1.890347e-02;3.057167e-02;1.253797e-01;7.985221e-02;1.487222e-01;6.133259e-02;1.016656e-01;1.255423e-01
6.328120e-02;6.097807e-02;1.261792e-01;2.466343e-02;1.927138e-02;3.141406e-02;1.494212e-01;1.038184e-01;8.948876e-02;6.431916e-02;1.196546e-01;1.475105e-01
4.762598e-02;5.777717e-02;1.486280e-01;2.307188e-02;2.923218e-02;2.899086e-02;1.588903e-01;1.126306e-01;4.970806e-02;4.938905e-02;1.105152e-01;1.835408e-01
5.506061e-02;2.895361e-02;1.724240e-01;1.987957e-02;3.510483e-02;2.135954e-02;1.342339e-01;9.280543e-02;8.102135e-02;4.294393e-02;7.289687e-02;2.433164e-01
4.098289e-02;2.813243e-02;1.833575e-01;5.363554e-02;3.393476e-02;1.873067e-02;1.091960e-01;4.785684e-02;1.186507e-01;4.851852e-02;3.060396e-02;2.864002e-01
8.674549e-02;3.206721e-02;1.398386e-01;6.910078e-02;2.647808e-02;3.483446e-02;1.130028e-01;5.175103e-02;1.291087e-01;6.286035e-02;7.433537e-02;1.798771e-01
1.258482e-01;4.131490e-02;1.061873e-01;8.980723e-02;3.926865e-02;4.594111e-02;1.143023e-01;5.959970e-02;1.152231e-01;7.626923e-02;8.257952e-02;1.036587e-01
1.230103e-01;4.829412e-02;8.932225e-02;9.045660e-02;6.975729e-02;5.502542e-02;1.156969e-01;5.013545e-02;6.677584e-02;6.964218e-02;8.331537e-02;1.385683e-01
9.056597e-02;6.389144e-02;8.415056e-02;4.895686e-02;8.460653e-02;8.717558e-02;1.227384e-01;7.959660e-02;5.628011e-02;5.879390e-02;1.027435e-01;1.205005e-01
4.984168e-02;8.256865e-02;9.682767e-02;2.909826e-02;6.925433e-02;1.167743e-01;1.241298e-01;7.027817e-02;9.757813e-02;4.432111e-02;1.172815e-01;1.020465e-01
4.735610e-02;6.737991e-02;9.478343e-02;5.597643e-02;6.242272e-02;1.383171e-01;9.780047e-02;3.553241e-02;1.046233e-01;4.627981e-02;1.193251e-01;1.302032e-01
6.091989e-02;4.007255e-02;9.539026e-02;4.437728e-02;5.407019e-02;1.021422e-01;1.372125e-01;8.572531e-02;9.812408e-02;6.016011e-02;9.699003e-02;1.248157e-01
1.384008e-01;6.275763e-02;1.087511e-01;5.108327e-02;6.181591e-02;5.614368e-02;7.808502e-02;7.929829e-02;1.504466e-01;5.335878e-02;8.507329e-02;7.478565e-02
1.961255e-01;8.841088e-02;1.314489e-01;5.289454e-02;7.014192e-02;6.062442e-02;6.647192e-02;6.378712e-02;1.270819e-01;5.770471e-02;6.079421e-02;2.451409e-02
1.023487e-01;1.139256e-01;1.334197e-01;7.260183e-02;4.652326e-02;6.818074e-02;9.334099e-02;6.058438e-02;8.211707e-02;7.781101e-02;9.517691e-02;5.396977e-02
7.612242e-02;1.163499e-01;1.314283e-01;8.962660e-02;6.999961e-02;7.715546e-02;8.840627e-02;6.017485e-02;4.234419e-02;9.438521e-02;8.850358e-02;6.550360e-02
6.369986e-02;8.950187e-02;1.412023e-01;8.708784e-02;8.204165e-02;8.862885e-02;9.248155e-02;5.090069e-02;7.443240e-02;8.646599e-02;7.964329e-02;6.391370e-02
1.162512e-01;9.151079e-02;1.593769e-01;8.166867e-02;7.158136e-02;7.991134e-02;7.354636e-02;6.249822e-02;1.011636e-01;5.649921e-02;6.745365e-02;3.853867e-02
1.459867e-01;7.070148e-02;1.305407e-01;8.820727e-02;4.457515e-02;4.376162e-02;1.035605e-01;1.102406e-01;6.403924e-02;5.122702e-02;8.131427e-02;6.584544e-02
1.108618e-01;3.120755e-02;8.670076e-02;1.102647e-01;3.876055e-02;3.125233e-02;1.285376e-01;1.482909e-01;3.113849e-02;9.406793e-02;8.596429e-02;1.029531e-01
9.871476e-02;2.745035e-02;5.148520e-02;1.078576e-01;4.894657e-02;3.169599e-02;1.152054e-01;1.688468e-01;3.049885e-02;1.252207e-01;8.202751e-02;1.120504e-01
1.550393e-01;3.797607e-02;8.040816e-02;6.258789e-02;9.355799e-02;2.194382e-02;8.561258e-02;1.637568e-01;4.382090e-02;9.942607e-02;8.058453e-02;7.528589e-02
1.703539e-01;4.808430e-02;1.205302e-01;4.166820e-02;1.292932e-01;2.840710e-02;6.335181e-02;1.060484e-01;9.175848e-02;5.324635e-02;8.958219e-02;5.767580e-02
1.232935e-01;6.732438e-02;1.407489e-01;3.420113e-02;1.128188e-01;3.397085e-02;4.838580e-02;1.053064e-01;1.606970e-01;3.593231e-02;8.273809e-02;5.458276e-02
6.723784e-02;9.233200e-02;1.890819e-01;2.409381e-02;6.534915e-02;3.113592e-02;3.094902e-02;9.047367e-02;2.861279e-01;3.036282e-02;5.326753e-02;3.958851e-02
6.537905e-02;1.091055e-01;2.054612e-01;1.815983e-02;2.618643e-02;3.530042e-02;2.561955e-02;5.740104e-02;3.339641e-01;6.061817e-02;2.285330e-02;3.995140e-02
7.902135e-02;1.084936e-01;2.074744e-01;2.210837e-02;1.512021e-02;2.974947e-02;3.868337e-02;5.801778e-02;2.943989e-01;6.736662e-02;1.520207e-02;6.436392e-02
1.022558e-01;9.242356e-02;2.159602e-01;2.583258e-02;2.962983e-02;4.065941e-02;4.136151e-02;5.638472e-02;2.151594e-01;6.378177e-02;4.262810e-02;7.392306e-02
7.516780e-02;8.549792e-02;1.957166e-01;4.900451e-02;4.195955e-02;5.307173e-02;6.047496e-02;8.671198e-02;1.533134e-01;5.203697e-02;8.068381e-02;6.636078e-02
7.480511e-02;1.114180e-01;1.146150e-01;3.757531e-02;4.039135e-02;4.208365e-02;8.289540e-02;8.870973e-02;2.260951e-01;5.631004e-02;7.460363e-02;5.049773e-02
7.629639e-02;1.022208e-01;9.872460e-02;3.953318e-02;2.812254e-02;4.508644e-02;8.065508e-02;8.204166e-02;2.009305e-01;1.197783e-01;7.969503e-02;4.691555e-02
5.154377e-02;5.574375e-02;1.161471e-01;8.028722e-02;4.175849e-02;4.881454e-02;5.422035e-02;6.237742e-02;1.762201e-01;1.485657e-01;1.160796e-01;4.824204e-02
7.833835e-02;3.639275e-02;1.702783e-01;7.936589e-02;7.619982e-02;3.618374e-02;9.280949e-02;6.412652e-02;1.162358e-01;1.202235e-01;8.140473e-02;4.844110e-02
1.028156e-01;8.028225e-02;2.389260e-01;5.249347e-02;6.483877e-02;4.540655e-02;1.040820e-01;7.384414e-02;8.654884e-02;6.979408e-02;4.760723e-02;3.336107e-02
1.148473e-01;7.678848e-02;1.900029e-01;6.349715e-02;6.569794e-02;4.405013e-02;1.136817e-01;1.063569e-01;8.048059e-02;4.974960e-02;2.781058e-02;6.703667e-02
1.138941e-01;5.587021e-02;1.377472e-01;6.657709e-02;6.494250e-02;2.625560e-02;1.716534e-01;1.250059e-01;6.078736e-02;3.855211e-02;2.467332e-02;1.140411e-01
6.911182e-02;4.398043e-02;8.846434e-02;4.746347e-02;5.466186e-02;6.161498e-02;2.105924e-01;9.069786e-02;3.645829e-02;4.916995e-02;1.045052e-01;1.432794e-01
3.093911e-02;8.668312e-02;5.716213e-02;2.457580e-02;5.925919e-02;9.715396e-02;1.715744e-01;5.628410e-02;4.175161e-02;5.653481e-02;1.899808e-01;1.281009e-01
4.446807e-02;1.529896e-01;5.488769e-02;4.617641e-02;5.519406e-02;7.338004e-02;6.758308e-02;6.926291e-02;4.098757e-02;9.776243e-02;1.928073e-01;1.045008e-01
6.805986e-02;1.447888e-01;8.126127e-02;5.590655e-02;3.247924e-02;4.388282e-02;1.392647e-01;6.035399e-02;7.882006e-02;1.068341e-01;1.117874e-01;7.656124e-02
6.330717e-02;8.330173e-02;6.733623e-02;8.966827e-02;4.663163e-02;5.772068e-02;1.907381e-01;5.283337e-02;8.153705e-02;8.435438e-02;8.924797e-02;9.332347e-02
6.784533e-02;6.954779e-02;9.751434e-02;1.159714e-01;5.359748e-02;6.348322e-02;1.592185e-01;5.981549e-02;8.090214e-02;6.145179e-02;4.089996e-02;1.297525e-01
7.948229e-02;9.130803e-02;1.085296e-01;8.251479e-02;4.373961e-02;6.566247e-02;1.147947e-01;7.412462e-02;1.109492e-01;6.734122e-02;6.865986e-02;9.289351e-02
9.006167e-02;7.583618e-02;8.560262e-02;7.353508e-02;2.566229e-02;6.455538e-02;1.159167e-01;1.002283e-01;9.436300e-02;1.218773e-01;1.106818e-01;4.167974e-02
6.231735e-02;6.517517e-02;8.246665e-02;4.179475e-02;4.531718e-02;5.075666e-02;1.505622e-01;8.658964e-02;6.038037e-02;1.477900e-01;1.075979e-01;9.925215e-02
7.460986e-02;4.912634e-02;7.488702e-02;5.886640e-02;7.755120e-02;4.831539e-02;1.088303e-01;8.258373e-02;1.008731e-01;1.468002e-01;5.196740e-02;1.255890e-01
9.181137e-02;3.894206e-02;7.139815e-02;5.076646e-02;1.029476e-01;7.696835e-02;7.053251e-02;7.189900e-02;1.202163e-01;1.266758e-01;8.851582e-02;8.932664e-02
4.541916e-02;4.761569e-02;7.422605e-02;4.022436e-02;9.250969e-02;6.450091e-02;1.000195e-01;6.920344e-02;1.105213e-01;1.293776e-01;1.694248e-01;5.695743e-02
4.896823e-02;7.514035e-02;8.597000e-02;6.399643e-02;5.222797e-02;4.233700e-02;1.367197e-01;4.847902e-02;8.979452e-02;1.012359e-01;2.270030e-01;2.812787e-02
9.670518e-02;1.291723e-01;1.092431e-01;5.924815e-02;4.786874e-02;3.704324e-02;1.152469e-01;3.116443e-02;5.767931e-02;6.820663e-02;2.014787e-01;4.694331e-02
1.117267e-01;1.474525e-01;8.471361e-02;6.190241e-02;5.528453e-02;3.144416e-02;8.743304e-02;6.355878e-02;6.040624e-02;9.801392e-02;1.106237e-01;8.744028e-02
9.931272e-02;9.782920e-02;1.367355e-01;5.536468e-02;7.082867e-02;5.729099e-02;1.178452e-01;5.780032e-02;7.291199e-02;4.456167e-02;9.650750e-02;9.301156e-02
1.552708e-01;9.642723e-02;1.480979e-01;4.363779e-02;4.705296e-02;3.086784e-02;1.299477e-01;1.059777e-01;9.627984e-02;3.700268e-02;5.037841e-02;5.905916e-02
2.240335e-01;9.856882e-02;1.167275e-01;2.736786e-02;4.096836e-02;1.804618e-02;1.199522e-01;1.557586e-01;7.626837e-02;3.655247e-02;3.761172e-02;4.814442e-02
2.576519e-01;1.318830e-01;8.395582e-02;1.515051e-02;3.618987e-02;1.624736e-02;9.366203e-02;1.693352e-01;9.364945e-02;2.356671e-02;3.444536e-02;4.426274e-02
1.698394e-01;1.978317e-01;1.347955e-01;1.505622e-02;2.193807e-02;2.350933e-02;4.873111e-02;9.694843e-02;2.084471e-01;3.293967e-02;2.021855e-02;2.974503e-02
6.424172e-02;2.035164e-01;2.720618e-01;2.131611e-02;1.090730e-02;2.611955e-02;3.109365e-02;3.577907e-02;2.397126e-01;6.639341e-02;9.347698e-03;1.951075e-02
1.899255e-02;1.321700e-01;4.215871e-01;2.811451e-02;5.880133e-03;1.528503e-02;6.392790e-02;3.218312e-02;1.374642e-01;1.237344e-01;7.379325e-03;1.328166e-02
1.539299e-02;8.080572e-02;4.569980e-01;1.997872e-02;7.004051e-03;7.330230e-03;1.270716e-01;2.879786e-02;8.053546e-02;1.612916e-01;9.690121e-03;5.103668e-03
3.139919e-02;8.847052e-02;4.460235e-01;2.443259e-02;1.550275e-02;8.347555e-03;1.452461e-01;2.657868e-02;3.240397e-02;1.540284e-01;2.424187e-02;3.324846e-03
6.093207e-02;1.047296e-01;4.133562e-01;4.569355e-02;2.344424e-02;8.535278e-03;1.093193e-01;1.761209e-02;2.501993e-02;1.198073e-01;5.389906e-02;1.765141e-02
7.854955e-02;9.726737e-02;3.899446e-01;6.112782e-02;2.917234e-02;1.706649e-02;8.847789e-02;9.385001e-03;1.664267e-02;8.944660e-02;8.468069e-02;3.823902e-02
7.523503e-02;6.196236e-02;3.235644e-01;6.752887e-02;3.008634e-02;1.932778e-02;8.445837e-02;1.830975e-02;8.895745e-02;7.721514e-02;9.603848e-02;5.731599e-02
8.032886e-02;7.884541e-02;2.892697e-01;4.122981e-02;2.684671e-02;2.401472e-02;8.187018e-02;1.900304e-02;1.460860e-01;1.067669e-01;6.051459e-02;4.522408e-02
9.781165e-02;1.074292e-01;2.125648e-01;2.909982e-02;1.880070e-02;2.778941e-02;8.644111e-02;3.875136e-02;1.503679e-01;1.489431e-01;3.934595e-02;4.265501e-02
5.035204e-02;8.819414e-02;2.356632e-01;3.563228e-02;2.211022e-02;2.948204e-02;9.073152e-02;5.582852e-02;1.317943e-01;1.593957e-01;5.558441e-02;4.523162e-02
6.238217e-02;7.433745e-02;2.095910e-01;2.180468e-02;4.458147e-02;3.806157e-02;8.393366e-02;7.871106e-02;1.496434e-01;1.420909e-01;7.010604e-02;2.475669e-02
6.167126e-02;4.286867e-02;1.483972e-01;2.865011e-02;6.151467e-02;6.054185e-02;7.232600e-02;1.051980e-01;2.354673e-01;1.043463e-01;5.244628e-02;2.657227e-02
3.752543e-02;2.842188e-02;9.981874e-02;2.664856e-02;5.229660e-02;5.348117e-02;5.664108e-02;1.279918e-01;2.566573e-01;1.952484e-01;2.792884e-02;3.734025e-02
3.634050e-02;2.890550e-02;8.101676e-02;1.536583e-02;4.442749e-02;4.152179e-02;6.094605e-02;1.320564e-01;2.174322e-01;2.706584e-01;3.578079e-02;3.554824e-02
5.303521e-02;3.164310e-02;1.270507e-01;1.838511e-02;4.292259e-02;2.895008e-02;6.633686e-02;1.198114e-01;1.815729e-01;2.409300e-01;7.194971e-02;1.741238e-02
6.820686e-02;4.948146e-02;1.991919e-01;2.527601e-02;4.583741e-02;2.232587e-02;7.873892e-02;8.580036e-02;1.247167e-01;1.567173e-01;1.052323e-01;3.847498e-02
6.542093e-02;3.757800e-02;1.804782e-01;2.457007e-02;5.824434e-02;2.731476e-02;8.192961e-02;7.360832e-02;1.204250e-01;1.517622e-01;1.146029e-01;6.406563e-02
4.606868e-02;3.092789e-02;1.332593e-01;2.148391e-02;6.820583e-02;4.519217e-02;9.369973e-02;6.207566e-02;1.524023e-01;1.852878e-01;9.456308e-02;6.683357e-02
5.823635e-02;3.910010e-02;1.584847e-01;2.235856e-02;5.360870e-02;4.992247e-02;1.149859e-01;6.025942e-02;1.278789e-01;2.145104e-01;5.004762e-02;5.060692e-02
7.792683e-02;3.878612e-02;1.332034e-01;3.645245e-02;4.955395e-02;6.982491e-02;8.646696e-02;9.585406e-02;1.185041e-01;1.729921e-01;5.127722e-02;6.915790e-02
5.708436e-02;5.958429e-02;1.281254e-01;5.225683e-02;5.152948e-02;5.088460e-02;9.491869e-02;8.893573e-02;1.107993e-01;1.417672e-01;5.625990e-02;1.078542e-01
5.100308e-02;5.334966e-02;1.713670e-01;4.753115e-02;6.510666e-02;6.609502e-02;1.498444e-01;7.046048e-02;9.558152e-02;6.774679e-02;5.804726e-02;1.038670e-01
6.291088e-02;4.190116e-02;2.779539e-01;6.778403e-02;8.714110e-02;5.179299e-02;1.215808e-01;3.485689e-02;5.474954e-02;6.123990e-02;7.130658e-02;6.678219e-02
6.564917e-02;3.927841e-02;3.777507e-01;1.002097e-01;7.259136e-02;3.201210e-02;8.391633e-02;1.237626e-02;2.140191e-02;1.099791e-01;5.085437e-02;3.398050e-02
5.097333e-02;2.425689e-02;4.560510e-01;1.165147e-01;4.828235e-02;1.763180e-02;5.549228e-02;7.224238e-03;9.606226e-03;1.582525e-01;4.098441e-02;1.473020e-02
5.005330e-02;1.542698e-02;4.740946e-01;9.995482e-02;2.696383e-02;1.026141e-02;5.209702e-02;9.490580e-03;1.171268e-02;1.808568e-01;5.782289e-02;1.126504e-02
4.933783e-02;1.758731e-02;4.643806e-01;8.271902e-02;1.554049e-02;8.225231e-03;5.776161e-02;1.508947e-02;8.976564e-03;1.597374e-01;9.645805e-02;2.418639e-02
4.217530e-02;7.469570e-03;4.582053e-01;9.602585e-02;2.272857e-02;1.208292e-02;4.555798e-02;2.005964e-02;9.006584e-03;1.074626e-01;1.520275e-01;2.719814e-02
2.498159e-02;1.468716e-02;4.833113e-01;1.031040e-01;2.540267e-02;1.139272e-02;3.038619e-02;2.092407e-02;6.930337e-03;7.564308e-02;1.762517e-01;2.698508e-02
2.566361e-02;3.598020e-02;5.060259e-01;9.784550e-02;2.719487e-02;1.340659e-02;2.446140e-02;1.182331e-02;9.457812e-03;7.483309e-02;1.574634e-01;1.584440e-02
5.558737e-02;6.617755e-02;4.519989e-01;8.188251e-02;3.454244e-02;2.198878e-02;3.447480e-02;1.538794e-02;2.993539e-02;8.254942e-02;1.114444e-01;1.403052e-02
6.607778e-02;9.169260e-02;3.436680e-01;7.750729e-02;4.631427e-02;3.422688e-02;4.737657e-02;2.628025e-02;7.444953e-02;6.643867e-02;1.004119e-01;2.555627e-02
4.862333e-02;5.390930e-02;2.979365e-01;9.304323e-02;5.404323e-02;4.270980e-02;8.216827e-02;2.987290e-02;8.966167e-02;7.473780e-02;1.020705e-01;3.122347e-02
6.207665e-02;5.072552e-02;4.678924e-01;9.006441e-02;2.752346e-02;1.435506e-02;5.486504e-02;2.027576e-02;3.687327e-02;8.249164e-02;7.174013e-02;2.111663e-02
6.961726e-02;4.475188e-02;4.707301e-01;7.832209e-02;2.496910e-02;1.373693e-02;5.429212e-02;1.655092e-02;3.463444e-02;9.098881e-02;9.324563e-02;8.160720e-03
7.067253e-02;6.549641e-02;3.212697e-01;5.713324e-02;4.971701e-02;5.982685e-02;9.595633e-02;3.899619e-02;4.406781e-02;7.970005e-02;8.318991e-02;3.397398e-02
1.094350e-01;7.203936e-02;1.043702e-01;6.759594e-02;7.662067e-02;9.343790e-02;1.570111e-01;7.444115e-02;6.404421e-02;6.552851e-02;6.407301e-02;5.140290e-02
8.011567e-02;5.433357e-02;2.245136e-01;6.282960e-02;1.001948e-01;7.235400e-02;1.178313e-01;6.269082e-02;5.947197e-02;4.761000e-02;7.584481e-02;4.220989e-02
2.847358e-02;6.621845e-02;4.176683e-01;3.321878e-02;8.627573e-02;3.980212e-02;8.601042e-02;3.551088e-02;1.001453e-01;4.582863e-02;3.764059e-02;2.320725e-02
5.811207e-02;9.400655e-02;4.170327e-01;3.389626e-02;4.915860e-02;2.702091e-02;3.333099e-02;3.267594e-02;1.516115e-01;5.527614e-02;3.065389e-02;1.722444e-02
1.266438e-01;1.241299e-01;3.607505e-01;2.037130e-02;2.028085e-02;1.604179e-02;2.152086e-02;4.030864e-02;1.741011e-01;4.788949e-02;3.016576e-02;1.779604e-02
2.081965e-01;1.165788e-01;2.823220e-01;2.068905e-02;1.413670e-02;1.622618e-02;3.153027e-02;7.266168e-02;1.290667e-01;3.818860e-02;3.473829e-02;3.566528e-02
2.321504e-01;7.993270e-02;2.165365e-01;4.669649e-02;2.302862e-02;9.522677e-03;7.700786e-02;9.098002e-02;5.336647e-02;4.042916e-02;5.096070e-02;7.938834e-02
1.627717e-01;3.641265e-02;1.728543e-01;7.660577e-02;2.319286e-02;2.850653e-02;1.454200e-01;4.540509e-02;2.427742e-02;5.928891e-02;9.687468e-02;1.283901e-01
1.196187e-01;3.648789e-02;1.318650e-01;6.265558e-02;2.771070e-02;5.915549e-02;1.351569e-01;3.536216e-02;3.886006e-02;8.775822e-02;1.512141e-01;1.141552e-01
9.797946e-02;5.077554e-02;1.193321e-01;5.683758e-02;5.371606e-02;6.691454e-02;6.732703e-02;4.071401e-02;3.121873e-02;1.529547e-01;1.820209e-01;8.020934e-02
8.132805e-02;6.226109e-02;1.360838e-01;7.881199e-02;6.806365e-02;3.405096e-02;8.904012e-02;2.739328e-02;7.103996e-02;1.731663e-01;1.281110e-01;5.064973e-02
7.755843e-02;6.288812e-02;1.891095e-01;7.884179e-02;5.259357e-02;2.588556e-02;2.136399e-01;3.130480e-02;7.164830e-02;9.956215e-02;5.246751e-02;4.450025e-02
8.133493e-02;7.419316e-02;1.687502e-01;7.142454e-02;7.793797e-02;4.790163e-02;2.860412e-01;2.499129e-02;4.932716e-02;5.333136e-02;3.176899e-02;3.299759e-02
6.641707e-02;5.560976e-02;1.153425e-01;5.247600e-02;1.176247e-01;7.792237e-02;2.853135e-01;4.750337e-02;4.484964e-02;5.051178e-02;5.208845e-02;3.434095e-02
4.951846e-02;7.481503e-02;1.452437e-01;4.891880e-02;1.312398e-01;9.252947e-02;1.522593e-01;5.830287e-02;5.314773e-02;7.074001e-02;7.620284e-02;4.708194e-02
5.984659e-02;8.157645e-02;1.550174e-01;5.495377e-02;1.008928e-01;7.503528e-02;1.673122e-01;4.941288e-02;5.296707e-02;7.471859e-02;7.350969e-02;5.475728e-02
5.234690e-02;7.464770e-02;1.780444e-01;5.394506e-02;9.626379e-02;5.247965e-02;1.595417e-01;5.201849e-02;5.958247e-02;7.429814e-02;8.185460e-02;6.497710e-02
6.391396e-02;6.460395e-02;1.338291e-01;6.053914e-02;1.076493e-01;5.253851e-02;1.289607e-01;5.501692e-02;7.044277e-02;9.467505e-02;9.362425e-02;7.420634e-02
6.829309e-02;7.353839e-02;1.984015e-01;5.228688e-02;6.575988e-02;8.470038e-02;6.243581e-02;4.016814e-02;8.648523e-02;1.091765e-01;7.967912e-02;7.907515e-02
5.802129e-02;5.934419e-02;1.498960e-01;6.027276e-02;1.215191e-01;8.791109e-02;7.923144e-02;3.348188e-02;9.449475e-02;1.016956e-01;8.078673e-02;7.334524e-02
5.459061e-02;6.621586e-02;1.155090e-01;7.886166e-02;1.529347e-01;6.369924e-02;9.683789e-02;3.333858e-02;7.533383e-02;9.995320e-02;8.459229e-02;7.813313e-02
1.458506e-01;1.020925e-01;2.035080e-01;7.089048e-02;8.251598e-02;5.695334e-02;1.273831e-01;4.488880e-02;4.399634e-02;5.494070e-02;3.400906e-02;3.297111e-02
1.522643e-01;1.188018e-01;1.213358e-01;8.619633e-02;6.618641e-02;4.735306e-02;1.359747e-01;4.821607e-02;4.795053e-02;4.713236e-02;5.998787e-02;6.860087e-02
1.348905e-01;1.285065e-01;1.075974e-01;1.001779e-01;4.492232e-02;3.291383e-02;1.486076e-01;4.831225e-02;5.042869e-02;4.896041e-02;7.093026e-02;8.375247e-02
7.431041e-02;1.042440e-01;2.481277e-01;9.661841e-02;3.082987e-02;1.658813e-02;1.652587e-01;5.501695e-02;4.083948e-02;3.446669e-02;5.696524e-02;7.673434e-02
4.067501e-02;7.739378e-02;3.650929e-01;7.049444e-02;4.162896e-02;1.557112e-02;1.817028e-01;6.445407e-02;3.092863e-02;1.904640e-02;2.995659e-02;6.305528e-02
3.010033e-02;3.719311e-02;4.065783e-01;5.511364e-02;5.174443e-02;2.000493e-02;1.706393e-01;6.419065e-02;3.870552e-02;2.254897e-02;2.869003e-02;7.449076e-02
3.204767e-02;1.880474e-02;3.847069e-01;1.078803e-01;4.299245e-02;1.805265e-02;1.363832e-01;5.061931e-02;6.854469e-02;4.144987e-02;3.551963e-02;6.299859e-02
4.560875e-02;1.532839e-02;2.654705e-01;2.330562e-01;3.550366e-02;1.926710e-02;9.155137e-02;5.112869e-02;1.247403e-01;6.664929e-02;2.815919e-02;2.353649e-02
6.852132e-02;9.576604e-03;1.411026e-01;3.191641e-01;4.680678e-02;1.584372e-02;5.801444e-02;4.558370e-02;1.743213e-01;8.763328e-02;2.565114e-02;7.781025e-03
8.796076e-02;1.011367e-02;9.123964e-02;3.288956e-01;6.268913e-02;5.297602e-03;4.859491e-02;3.736495e-02;1.788421e-01;1.072623e-01;3.322879e-02;8.510611e-03
1.167032e-01;1.077411e-02;6.626895e-02;2.754925e-01;6.489421e-02;5.247272e-03;3.086857e-02;2.929739e-02;2.013633e-01;1.329769e-01;4.238800e-02;2.372560e-02
1.207390e-01;2.676192e-02;1.779619e-02;1.722705e-01;5.544588e-02;5.283711e-03;5.744164e-02;3.807059e-02;2.598013e-01;1.383818e-01;4.883789e-02;5.916947e-02
6.315283e-02;1.481194e-02;5.401956e-02;1.431981e-01;3.877682e-02;7.061926e-03;7.480722e-02;7.904574e-02;2.836210e-01;1.180277e-01;5.285833e-02;7.061888e-02
1.271147e-02;7.078411e-03;1.255136e-01;1.400350e-01;2.407728e-02;1.166687e-02;1.342844e-01;1.247964e-01;2.299736e-01;9.941807e-02;4.364958e-02;4.679521e-02
1.032970e-02;2.765455e-02;2.444424e-01;1.068089e-01;2.069485e-02;1.974776e-02;2.183767e-01;1.125421e-01;1.234759e-01;7.122427e-02;2.470648e-02;1.999637e-02
2.454547e-02;7.210349e-02;2.970055e-01;5.883845e-02;2.163708e-02;2.350319e-02;3.121007e-01;7.375191e-02;4.862521e-02;4.570701e-02;1.320847e-02;8.973501e-03
4.572458e-02;9.958693e-02;2.137934e-01;2.154773e-02;2.992577e-02;2.462864e-02;4.194603e-01;6.107838e-02;4.237835e-02;2.484455e-02;8.423360e-03;8.607988e-03
7.391080e-02;9.993500e-02;1.190052e-01;1.454407e-02;5.605849e-02;4.300107e-02;4.950017e-01;3.590684e-02;2.353741e-02;2.135318e-02;8.161899e-03;9.584358e-03
1.032041e-01;6.244133e-02;8.614606e-02;3.328332e-02;9.143929e-02;7.125152e-02;4.373874e-01;3.026688e-02;2.613685e-02;2.612025e-02;1.325883e-02;1.906417e-02
8.584942e-02;4.237621e-02;1.874719e-01;4.878837e-02;1.463597e-01;8.238314e-02;2.541535e-01;2.200522e-02;3.735413e-02;2.620965e-02;2.418336e-02;4.286551e-02
6.133994e-02;3.974256e-02;3.182420e-01;6.725030e-02;1.620786e-01;6.369471e-02;8.317950e-02;2.272138e-02;3.791751e-02;4.227685e-02;4.267392e-02;5.888278e-02
