5.245014e-02;3.983076e-02;1.030582e-01;3.601930e-02;1.065112e-01;1.253307e-01;3.468524e-01;4.681834e-02;5.021921e-02;4.938428e-02;1.863643e-02;2.488914e-02
4.706500e-02;3.224409e-02;1.028560e-01;3.911094e-02;1.224400e-01;1.745692e-01;3.347733e-01;3.846926e-02;3.278233e-02;4.203917e-02;1.733398e-02;1.631675e-02
3.439041e-02;2.378912e-02;7.500643e-02;3.317573e-02;1.752565e-01;2.412475e-01;3.013045e-01;2.407954e-02;2.761985e-02;3.570507e-02;1.506919e-02;1.335606e-02
4.339990e-02;1.490358e-02;6.255268e-02;2.470363e-02;1.992760e-01;2.465300e-01;3.016603e-01;2.668288e-02;3.507608e-02;2.039690e-02;9.628604e-03;1.518943e-02
3.892723e-02;8.056466e-03;7.223541e-02;2.684749e-02;2.250190e-01;1.780904e-01;3.004977e-01;2.688166e-02;6.365763e-02;1.863761e-02;6.307544e-03;3.484189e-02
2.845449e-02;5.080740e-03;1.057943e-01;3.022313e-02;2.969975e-01;1.188078e-01;1.947813e-01;1.872469e-02;9.810966e-02;1.148306e-02;5.607864e-03;8.593565e-02
1.630222e-02;5.435058e-03;1.113240e-01;3.275179e-02;3.381724e-01;1.000383e-01;1.799787e-01;9.260463e-03;7.739400e-02;9.736172e-03;4.311265e-03;1.152957e-01
1.366415e-02;9.797605e-03;1.373354e-01;4.842719e-02;3.520910e-01;8.016574e-02;1.505861e-01;8.277944e-03;4.117076e-02;2.210758e-02;1.906719e-02;1.173094e-01
1.405107e-02;2.518925e-02;1.949589e-01;1.098242e-01;2.604002e-01;5.631043e-02;9.169296e-02;2.409770e-02;3.032896e-02;4.782429e-02;6.797273e-02;7.734925e-02
1.133997e-02;2.650164e-02;2.067889e-01;2.210184e-01;1.617234e-01;4.691172e-02;8.254747e-02;2.716254e-02;2.766929e-02;5.421432e-02;1.040847e-01;3.003776e-02
7.336107e-03;1.667894e-02;2.423747e-01;3.018161e-01;1.156537e-01;4.688118e-02;6.332453e-02;1.336860e-02;1.616951e-02;4.039685e-02;1.221326e-01;1.386714e-02
1.278216e-02;1.567990e-02;3.641651e-01;2.527999e-01;7.940645e-02;2.985109e-02;3.989670e-02;7.129746e-03;1.004656e-02;7.470667e-02;1.041436e-01;9.392085e-03
2.762867e-02;3.377620e-02;4.683821e-01;1.213599e-01;4.923512e-02;1.762993e-02;5.793935e-02;4.347940e-03;1.732755e-02;1.227243e-01;6.696639e-02;1.268254e-02
6.614901e-02;1.055577e-01;4.580161e-01;3.262843e-02;3.985843e-02;1.929577e-02;6.379072e-02;5.568792e-03;2.787458e-02;1.362413e-01;2.768227e-02;1.733682e-02
9.402138e-02;1.499862e-01;3.960076e-01;5.596174e-02;3.306864e-02;2.138668e-02;6.302012e-02;8.498876e-03;3.524821e-02;1.022932e-01;2.218871e-02;1.831860e-02
7.330671e-02;1.299449e-01;3.851839e-01;1.196227e-01;4.307435e-02;2.407996e-02;7.903188e-02;1.405183e-02;3.809258e-02;6.120295e-02;2.035961e-02;1.204864e-02
4.795264e-02;8.395177e-02;4.075844e-01;1.671732e-01;7.026566e-02;3.047643e-02;7.127786e-02;1.374514e-02;4.981577e-02;2.560939e-02;2.593817e-02;6.209581e-03
4.521325e-02;3.099624e-02;4.310406e-01;1.289321e-01;6.627949e-02;3.170865e-02;8.090524e-02;1.467455e-02;5.475351e-02;6.014713e-02;4.109067e-02;1.425857e-02
5.600802e-02;1.994569e-02;4.813772e-01;6.899333e-02;4.732297e-02;1.703458e-02;9.380839e-02;2.659844e-02;4.990150e-02;9.254978e-02;2.720474e-02;1.925539e-02
4.516261e-02;4.841874e-02;4.054643e-01;8.218234e-02;5.185882e-02;2.532404e-02;1.027745e-01;3.816430e-02;5.607367e-02;1.170843e-01;1.135460e-02;1.613779e-02
4.896177e-02;5.891633e-02;3.992873e-01;9.285018e-02;3.980377e-02;1.702687e-02;7.927263e-02;3.123302e-02;5.716065e-02;1.220621e-01;4.014511e-02;1.328022e-02
6.744841e-02;3.529959e-02;4.112952e-01;9.244409e-02;2.764175e-02;1.149984e-02;6.552026e-02;1.746343e-02;4.820504e-02;1.294785e-01;8.566991e-02;8.033934e-03
1.043007e-01;1.852190e-02;3.940661e-01;4.862373e-02;2.769122e-02;1.001622e-02;6.985312e-02;8.858838e-03;4.626302e-02;1.767280e-01;8.505687e-02;1.002029e-02
1.245321e-01;2.726700e-02;4.029825e-01;2.640009e-02;3.957164e-02;9.160448e-03;6.473462e-02;1.201105e-02;3.949358e-02;1.942577e-01;4.718422e-02;1.240509e-02
1.232973e-01;7.800785e-02;3.924466e-01;3.056522e-02;4.011361e-02;1.101196e-02;4.508517e-02;2.106773e-02;6.564192e-02;1.616609e-01;1.215588e-02;1.894581e-02
1.321011e-01;1.636427e-01;2.986289e-01;3.397201e-02;2.526303e-02;1.994539e-02;3.551232e-02;2.905007e-02;1.075411e-01;1.061707e-01;9.162967e-03;3.900978e-02
1.458552e-01;2.240864e-01;2.110344e-01;3.303931e-02;2.180360e-02;2.622568e-02;3.149561e-02;3.830916e-02;1.259778e-01;7.459403e-02;2.150482e-02;4.607397e-02
1.419813e-01;2.208818e-01;2.366146e-01;4.213983e-02;2.510937e-02;2.364928e-02;3.069797e-02;3.643388e-02;9.311323e-02;9.044159e-02;2.919300e-02;2.974416e-02
1.210319e-01;1.244035e-01;3.746859e-01;5.210777e-02;1.679906e-02;2.344495e-02;3.816335e-02;2.803383e-02;8.969988e-02;7.495208e-02;3.004347e-02;2.663428e-02
1.030826e-01;4.160432e-02;4.046242e-01;5.426749e-02;2.632484e-02;2.450984e-02;4.249050e-02;3.380283e-02;1.151230e-01;6.080850e-02;5.010125e-02;4.326061e-02
1.217940e-01;6.316258e-02;3.126327e-01;4.090245e-02;2.379201e-02;2.140160e-02;6.268182e-02;3.384321e-02;1.183410e-01;9.371642e-02;6.219484e-02;4.553744e-02
1.257994e-01;7.522140e-02;2.762876e-01;3.904234e-02;2.726982e-02;1.499017e-02;8.045108e-02;2.341974e-02;1.148934e-01;1.039505e-01;4.642977e-02;7.224478e-02
1.266888e-01;9.501049e-02;2.795139e-01;3.718054e-02;3.805537e-02;1.244337e-02;6.890809e-02;2.674865e-02;7.936333e-02;1.140905e-01;3.487056e-02;8.712643e-02
1.386653e-01;7.589969e-02;2.716326e-01;3.901137e-02;4.968029e-02;1.940705e-02;6.908296e-02;5.293791e-02;5.433700e-02;1.336642e-01;3.553917e-02;6.014251e-02
1.370770e-01;5.712369e-02;1.618321e-01;4.255356e-02;7.060125e-02;4.230461e-02;1.545446e-01;5.090007e-02;9.779026e-02;9.196351e-02;5.559077e-02;3.771866e-02
1.130284e-01;8.826267e-02;1.991730e-01;4.044782e-02;6.713457e-02;4.532881e-02;1.697849e-01;4.592118e-02;5.582545e-02;8.027125e-02;5.516567e-02;3.965630e-02
1.235470e-01;1.072048e-01;1.889639e-01;4.569901e-02;5.149498e-02;3.937473e-02;1.485280e-01;5.358898e-02;4.480628e-02;1.020168e-01;5.161961e-02;4.315598e-02
8.097015e-02;9.570955e-02;2.043230e-01;6.183967e-02;4.025682e-02;2.330396e-02;1.458930e-01;5.198298e-02;5.338395e-02;1.223920e-01;4.675899e-02;7.318590e-02
4.720818e-02;7.348607e-02;2.438231e-01;6.523310e-02;3.728150e-02;4.091718e-02;1.516541e-01;3.331415e-02;6.842489e-02;8.226489e-02;6.928059e-02;8.711227e-02
8.590802e-02;7.302520e-02;1.839715e-01;5.574853e-02;3.206496e-02;5.243048e-02;1.587851e-01;4.794859e-02;5.244867e-02;8.535185e-02;8.027908e-02;9.203794e-02
9.481290e-02;9.045549e-02;1.022493e-01;2.982377e-02;4.870803e-02;8.234425e-02;1.441760e-01;5.717766e-02;7.110509e-02;1.092831e-01;9.171914e-02;7.814535e-02
1.204811e-01;8.787612e-02;1.674915e-01;3.018623e-02;4.445567e-02;8.710906e-02;9.593311e-02;4.940093e-02;5.698553e-02;7.304603e-02;1.091142e-01;7.792061e-02
1.869273e-01;6.312820e-02;1.465108e-01;2.155438e-02;3.021054e-02;7.763932e-02;1.042084e-01;6.280960e-02;7.585603e-02;5.287164e-02;9.900866e-02;7.927507e-02
2.869107e-01;1.150807e-01;9.037631e-02;2.422008e-02;3.198891e-02;3.894240e-02;8.745899e-02;7.393773e-02;8.991835e-02;3.776681e-02;5.589131e-02;6.750781e-02
3.877551e-01;1.435190e-01;1.028182e-01;1.767923e-02;3.528920e-02;1.454522e-02;5.734607e-02;7.290603e-02;6.838672e-02;2.456165e-02;3.181298e-02;4.338059e-02
4.292505e-01;1.722622e-01;1.214629e-01;1.063404e-02;3.740155e-02;1.014972e-02;1.983234e-02;6.578796e-02;4.346677e-02;2.578362e-02;2.728401e-02;3.668439e-02
3.920552e-01;1.835380e-01;1.176252e-01;1.290667e-02;3.874147e-02;1.254421e-02;3.514396e-02;7.296883e-02;2.516966e-02;3.298368e-02;3.416718e-02;4.215593e-02
2.609915e-01;1.707631e-01;1.411207e-01;2.979980e-02;4.252243e-02;2.833219e-02;7.723187e-02;8.484709e-02;1.921137e-02;5.326033e-02;4.557909e-02;4.634058e-02
1.316304e-01;1.607235e-01;1.220117e-01;4.026679e-02;3.500731e-02;4.663319e-02;1.400186e-01;9.699091e-02;5.050677e-02;8.377954e-02;5.460067e-02;3.783065e-02
2.480094e-01;1.531347e-01;1.169935e-01;3.219702e-02;3.389305e-02;3.368704e-02;1.112772e-01;9.052557e-02;5.132828e-02;6.643428e-02;3.400138e-02;2.851845e-02
3.191770e-01;1.550901e-01;1.171840e-01;3.214196e-02;3.790004e-02;2.863371e-02;5.165912e-02;8.780040e-02;4.960468e-02;6.335789e-02;2.692373e-02;3.052743e-02
3.127167e-01;1.457564e-01;1.198652e-01;2.541718e-02;4.907652e-02;3.099393e-02;5.002103e-02;6.555702e-02;7.008927e-02;5.353829e-02;4.391375e-02;3.305468e-02
3.043651e-01;1.273019e-01;1.326299e-01;3.727845e-02;5.878292e-02;3.190014e-02;6.385491e-02;5.701520e-02;6.007380e-02;3.663045e-02;5.570626e-02;3.446096e-02
3.324477e-01;1.156586e-01;1.235333e-01;3.619018e-02;5.763754e-02;3.044862e-02;6.238716e-02;6.588867e-02;3.845036e-02;3.302925e-02;5.318579e-02;5.114288e-02
3.416431e-01;1.044038e-01;1.405831e-01;2.652251e-02;4.727480e-02;3.017130e-02;5.727960e-02;6.565748e-02;3.379458e-02;3.473903e-02;5.537083e-02;6.255986e-02
3.217254e-01;6.890004e-02;1.440358e-01;1.646200e-02;3.113621e-02;4.603894e-02;4.986375e-02;7.963179e-02;5.788517e-02;5.748336e-02;5.931373e-02;6.752379e-02
2.043510e-01;5.210662e-02;1.346488e-01;4.474020e-02;4.033739e-02;5.326039e-02;1.052200e-01;9.221900e-02;8.293301e-02;9.562387e-02;3.654976e-02;5.801010e-02
1.211686e-01;2.633589e-02;1.595220e-01;7.362211e-02;5.681533e-02;7.052569e-02;1.216194e-01;8.784598e-02;8.908334e-02;1.121810e-01;3.681209e-02;4.446864e-02
1.131605e-01;4.330323e-02;1.851253e-01;8.111726e-02;5.057285e-02;7.491055e-02;1.258008e-01;7.958433e-02;7.418627e-02;9.510266e-02;3.968850e-02;3.744776e-02
9.737083e-02;9.244961e-02;2.342903e-01;6.244963e-02;5.450343e-02;4.818089e-02;1.649533e-01;6.475045e-02;6.468987e-02;4.678227e-02;3.938545e-02;3.019400e-02
1.742955e-01;1.575613e-01;1.783751e-01;5.658148e-02;5.154988e-02;3.586884e-02;1.562906e-01;4.474667e-02;4.831291e-02;2.711393e-02;3.887490e-02;3.042890e-02
2.273842e-01;1.961116e-01;1.587355e-01;4.894603e-02;5.017480e-02;3.945331e-02;1.178490e-01;3.448026e-02;4.511029e-02;2.137062e-02;3.369412e-02;2.669030e-02
2.634453e-01;2.603106e-01;1.454910e-01;2.893937e-02;3.900408e-02;2.633207e-02;7.057621e-02;4.185614e-02;6.443609e-02;1.888782e-02;2.046321e-02;2.025802e-02
3.142970e-01;2.831243e-01;1.195019e-01;2.074551e-02;4.554303e-02;1.356247e-02;3.196503e-02;6.012996e-02;6.711661e-02;1.495685e-02;1.273457e-02;1.632284e-02
3.629742e-01;2.298160e-01;6.650916e-02;1.449653e-02;9.201880e-02;1.150373e-02;2.345023e-02;1.055168e-01;5.014552e-02;1.357267e-02;1.201072e-02;1.798571e-02
3.263961e-01;1.850722e-01;5.667875e-02;1.257597e-02;1.139719e-01;3.316597e-02;2.663850e-02;1.120242e-01;8.598194e-02;2.080634e-02;1.175966e-02;1.492845e-02
2.436206e-01;2.089690e-01;7.312026e-02;1.321018e-02;7.226161e-02;6.201955e-02;2.747094e-02;7.838377e-02;1.649994e-01;3.702934e-02;9.479566e-03;9.435897e-03
1.640774e-01;2.545392e-01;1.060561e-01;1.163655e-02;3.588123e-02;6.149339e-02;2.384983e-02;4.068363e-02;2.426987e-01;4.579414e-02;5.792934e-03;7.496903e-03
1.028616e-01;2.375379e-01;2.263401e-01;1.760695e-02;2.260731e-02;3.472732e-02;1.544635e-02;1.674741e-02;2.307564e-01;7.855397e-02;7.131364e-03;9.683263e-03
7.551550e-02;1.470042e-01;3.550640e-01;2.460449e-02;1.826303e-02;2.091001e-02;2.133713e-02;1.890679e-02;1.433891e-01;1.504932e-01;1.556099e-02;8.951573e-03
6.932092e-02;5.486337e-02;3.894551e-01;6.555206e-02;2.504028e-02;3.514411e-02;2.472277e-02;1.634786e-02;7.916921e-02;1.758835e-01;5.736709e-02;7.133641e-03
6.415515e-02;3.992542e-02;2.471126e-01;1.441930e-01;6.076351e-02;3.457021e-02;2.108869e-02;2.600238e-02;9.230660e-02;1.082754e-01;1.341076e-01;2.749948e-02
4.840545e-02;5.607304e-02;1.265497e-01;1.688587e-01;1.297066e-01;3.545047e-02;1.603460e-02;3.399205e-02;1.062543e-01;5.549784e-02;1.375500e-01;8.562725e-02
3.004911e-02;3.094533e-02;9.441286e-02;1.380966e-01;2.142338e-01;4.848084e-02;4.666367e-02;2.031583e-02;9.878734e-02;5.228847e-02;9.120774e-02;1.345184e-01
4.420962e-02;2.727088e-02;1.014126e-01;9.256661e-02;2.500685e-01;9.871703e-02;6.091215e-02;3.054037e-02;9.566331e-02;3.720183e-02;4.492282e-02;1.165142e-01
9.199797e-02;2.831579e-02;1.048395e-01;5.027251e-02;1.878808e-01;2.019115e-01;1.330608e-01;3.867515e-02;4.663481e-02;3.237201e-02;3.270563e-02;5.133345e-02
9.785014e-02;2.930710e-02;6.273936e-02;5.821742e-02;1.141758e-01;2.650631e-01;2.434929e-01;2.508150e-02;2.395570e-02;2.963505e-02;3.072956e-02;1.975238e-02
5.685354e-02;3.788677e-02;4.214389e-02;4.850688e-02;8.824494e-02;2.564034e-01;3.726018e-01;1.656575e-02;1.881720e-02;2.344518e-02;2.811797e-02;1.041270e-02
3.893778e-02;5.474545e-02;4.313341e-02;3.478694e-02;7.896505e-02;1.561971e-01;4.731054e-01;2.131803e-02;4.041335e-02;2.524280e-02;2.098870e-02;1.216601e-02
2.678654e-02;7.215429e-02;2.124334e-02;2.751158e-02;1.125080e-01;6.187586e-02;5.382705e-01;4.086749e-02;4.535544e-02;1.907418e-02;1.470258e-02;1.965019e-02
1.674254e-02;6.013702e-02;2.447134e-02;2.058287e-02;1.306568e-01;3.157445e-02;5.631671e-01;6.161844e-02;3.351161e-02;1.782549e-02;1.511084e-02;2.460145e-02
1.935070e-02;3.113321e-02;3.674987e-02;1.847104e-02;9.344257e-02;3.823502e-02;5.969537e-01;9.476295e-02;2.117488e-02;1.890500e-02;1.114400e-02;1.967696e-02
2.015377e-02;1.724081e-02;4.827890e-02;1.390358e-02;4.762218e-02;4.459532e-02;6.038852e-01;1.282962e-01;2.172880e-02;2.968255e-02;9.835272e-03;1.477746e-02
2.197157e-02;1.020568e-02;6.059373e-02;1.073555e-02;5.806419e-02;4.918852e-02;5.428857e-01;1.456857e-01;3.826461e-02;3.669192e-02;1.758500e-02;8.127865e-03
1.879316e-02;2.339309e-02;4.947780e-02;1.354123e-02;7.818975e-02;5.100300e-02;5.867620e-01;1.054250e-01;3.298371e-02;1.865458e-02;1.239314e-02;9.383556e-03
2.083049e-02;4.939882e-02;2.491217e-02;2.323838e-02;7.246380e-02;4.817872e-02;6.202947e-01;8.453716e-02;2.579274e-02;1.115164e-02;7.763041e-03;1.143832e-02
2.685820e-02;5.940859e-02;2.232258e-02;3.068682e-02;6.619737e-02;7.660573e-02;5.806054e-01;7.428665e-02;2.506399e-02;1.498552e-02;8.976169e-03;1.400296e-02
4.895294e-02;4.927306e-02;3.192978e-02;6.451744e-02;1.131753e-01;1.329239e-01;3.940006e-01;7.797864e-02;2.713757e-02;2.315575e-02;1.328067e-02;2.367430e-02
5.506293e-02;1.838380e-02;8.859384e-02;6.644780e-02;1.528957e-01;1.358876e-01;3.385520e-01;5.764278e-02;2.532126e-02;2.459435e-02;9.913458e-03;2.670444e-02
2.730222e-02;2.673025e-02;1.853489e-01;5.519960e-02;1.093301e-01;6.000101e-02;4.225677e-01;4.177341e-02;2.068639e-02;1.458646e-02;8.658278e-03;2.781574e-02
2.364428e-02;4.099746e-02;2.681848e-01;4.949871e-02;6.658778e-02;3.926047e-02;3.987298e-01;4.548392e-02;1.800639e-02;1.523183e-02;6.732855e-03;2.764175e-02
3.578424e-02;5.097728e-02;2.747945e-01;3.644048e-02;3.275252e-02;7.167464e-02;3.721342e-01;4.176370e-02;2.996269e-02;2.095596e-02;4.240128e-03;2.851969e-02
5.483175e-02;5.732561e-02;2.007108e-01;2.595986e-02;9.559635e-02;1.111237e-01;2.789616e-01;4.008211e-02;4.724102e-02;3.116223e-02;1.757056e-02;3.943437e-02
3.705487e-02;3.902726e-02;1.924198e-01;3.551043e-02;1.247317e-01;1.270824e-01;2.199993e-01;7.047386e-02;5.184185e-02;3.325503e-02;2.850485e-02;4.009868e-02
2.796183e-02;2.612288e-02;1.631630e-01;3.707496e-02;7.642082e-02;7.945631e-02;3.867778e-01;8.445822e-02;3.498919e-02;3.494345e-02;2.914960e-02;1.948180e-02
2.557442e-02;4.166614e-02;1.022696e-01;3.147663e-02;8.758663e-02;3.833243e-02;4.289739e-01;1.014146e-01;3.738848e-02;4.081488e-02;3.755761e-02;2.694476e-02
7.901426e-02;4.238150e-02;5.604140e-02;3.275188e-02;1.055550e-01;4.405010e-02;4.055660e-01;8.484294e-02;3.130002e-02;4.599029e-02;3.693330e-02;3.557340e-02
1.853223e-01;5.468925e-02;1.374944e-01;4.343487e-02;9.611585e-02;4.783293e-02;2.265244e-01;6.526307e-02;3.392401e-02;4.314492e-02;2.951978e-02;3.673426e-02
2.698037e-01;1.071895e-01;1.833792e-01;3.144819e-02;6.305807e-02;2.516286e-02;1.381576e-01;6.319293e-02;3.234798e-02;3.104904e-02;2.003252e-02;3.517845e-02
3.488093e-01;1.591515e-01;1.617803e-01;1.164620e-02;5.087379e-02;1.598632e-02;1.256439e-01;4.426503e-02;2.139456e-02;1.617929e-02;1.639921e-02;2.787057e-02
3.803416e-01;1.996393e-01;1.715755e-01;1.021433e-02;5.158254e-02;1.313681e-02;7.090852e-02;3.291553e-02;1.590926e-02;1.120321e-02;1.769791e-02;2.487537e-02
4.144586e-01;2.341385e-01;1.300310e-01;1.199870e-02;4.918079e-02;1.037617e-02;3.185442e-02;5.255549e-02;2.107359e-02;7.221207e-03;1.489689e-02;2.221463e-02
3.956964e-01;2.082423e-01;1.559545e-01;1.380097e-02;4.615923e-02;1.604740e-02;2.164010e-02;6.207562e-02;3.441643e-02;8.731491e-03;1.231969e-02;2.491584e-02
3.637721e-01;1.490576e-01;1.587826e-01;1.229039e-02;3.580612e-02;1.947970e-02;6.210533e-02;6.761936e-02;6.476609e-02;1.221001e-02;1.500392e-02;3.910672e-02
3.324746e-01;7.232118e-02;1.234615e-01;2.233018e-02;2.539236e-02;3.496403e-02;1.019367e-01;6.752227e-02;1.118029e-01;2.140608e-02;1.948140e-02;6.690680e-02
3.570759e-01;1.058206e-01;7.572474e-02;1.798434e-02;2.703517e-02;3.478756e-02;1.058224e-01;3.653142e-02;1.166425e-01;2.338511e-02;2.891115e-02;7.027926e-02
3.439848e-01;1.340102e-01;1.071077e-01;2.422899e-02;2.895891e-02;2.959349e-02;1.035367e-01;3.862599e-02;7.981850e-02;2.597390e-02;3.260775e-02;5.155305e-02
3.418749e-01;1.434088e-01;1.030442e-01;3.222186e-02;2.739341e-02;3.342430e-02;1.040576e-01;6.333239e-02;4.008003e-02;3.657528e-02;4.911470e-02;2.547254e-02
3.406274e-01;1.092066e-01;8.491024e-02;3.016516e-02;3.731651e-02;3.941881e-02;7.554137e-02;7.638269e-02;2.855085e-02;7.731732e-02;6.159363e-02;3.896936e-02
2.882150e-01;9.664046e-02;1.060217e-01;2.865063e-02;5.214984e-02;3.773225e-02;8.426115e-02;7.802262e-02;3.376643e-02;1.024292e-01;5.389067e-02;3.822000e-02
2.392008e-01;1.052859e-01;1.674873e-01;3.391352e-02;6.263134e-02;3.917035e-02;7.927293e-02;7.198221e-02;3.938258e-02;8.333746e-02;5.335748e-02;2.497816e-02
2.079020e-01;1.311943e-01;1.281119e-01;3.055963e-02;5.314972e-02;6.703007e-02;7.304655e-02;5.777976e-02;5.473679e-02;1.152525e-01;4.795020e-02;3.328663e-02
1.383533e-01;1.097938e-01;1.681684e-01;5.600148e-02;6.435365e-02;8.061521e-02;8.154967e-02;4.905715e-02;4.258117e-02;1.291884e-01;4.486395e-02;3.547375e-02
1.502105e-01;6.943180e-02;1.764240e-01;1.050754e-01;7.395425e-02;6.182944e-02;1.238045e-01;3.501942e-02;3.489802e-02;6.525350e-02;5.233489e-02;5.176446e-02
2.103738e-01;5.991568e-02;8.128609e-02;1.163003e-01;5.067144e-02;6.273159e-02;1.831158e-01;5.366805e-02;3.546100e-02;4.241383e-02;3.754598e-02;6.651645e-02
2.581936e-01;7.140411e-02;1.084812e-01;7.460166e-02;4.461903e-02;5.419455e-02;1.602779e-01;7.565258e-02;4.129728e-02;2.773388e-02;2.098908e-02;6.255507e-02
3.041787e-01;7.095043e-02;9.841841e-02;6.292430e-02;4.094815e-02;5.502997e-02;1.353077e-01;6.293046e-02;4.358727e-02;2.655501e-02;2.895609e-02;7.021347e-02
2.715489e-01;8.213738e-02;1.566041e-01;5.192091e-02;3.768988e-02;5.992812e-02;1.135636e-01;4.818016e-02;3.862714e-02;3.578161e-02;4.236985e-02;6.164830e-02
2.691893e-01;5.828549e-02;1.756796e-01;3.147597e-02;5.464501e-02;6.936809e-02;9.292120e-02;5.913945e-02;3.830224e-02;4.732814e-02;5.762700e-02;4.603853e-02
3.027961e-01;8.134286e-02;1.343237e-01;2.723950e-02;6.219920e-02;7.370063e-02;9.095462e-02;6.924725e-02;2.863154e-02;5.403385e-02;4.546683e-02;3.006393e-02
3.129137e-01;1.315079e-01;8.464034e-02;4.059575e-02;3.657982e-02;3.912998e-02;1.159712e-01;4.982414e-02;3.381178e-02;4.977309e-02;5.077611e-02;5.447616e-02
2.715222e-01;1.312195e-01;1.135079e-01;4.394312e-02;4.583436e-02;2.720742e-02;1.175927e-01;3.158247e-02;5.500527e-02;3.834445e-02;5.054068e-02;7.369994e-02
1.688091e-01;1.356745e-01;1.286973e-01;5.911221e-02;4.862493e-02;4.837067e-02;1.337986e-01;5.617188e-02;9.144929e-02;3.629720e-02;3.932934e-02;5.366493e-02
1.564318e-01;1.612115e-01;1.217573e-01;7.835207e-02;3.880170e-02;3.934013e-02;1.152800e-01;4.867617e-02;8.248960e-02;5.429900e-02;4.047970e-02;6.288104e-02
2.029856e-01;1.695438e-01;1.219919e-01;5.767873e-02;5.011318e-02;4.385304e-02;1.018527e-01;2.638642e-02;6.465987e-02;5.454542e-02;3.560527e-02;7.078412e-02
2.037351e-01;1.261837e-01;1.401159e-01;4.774953e-02;6.942865e-02;5.704108e-02;1.033018e-01;4.434165e-02;7.605507e-02;3.791745e-02;3.050834e-02;6.362167e-02
1.926778e-01;1.098942e-01;1.426470e-01;7.908590e-02;5.253129e-02;5.144284e-02;9.788660e-02;5.576145e-02;7.157700e-02;5.489261e-02;2.949936e-02;6.210383e-02
2.041453e-01;1.329339e-01;1.207839e-01;8.424379e-02;5.463713e-02;5.251482e-02;9.891345e-02;5.150277e-02;4.700418e-02;7.049703e-02;2.409471e-02;5.872908e-02
2.013571e-01;1.397407e-01;1.196417e-01;7.285314e-02;5.455954e-02;8.004463e-02;1.051849e-01;5.490940e-02;2.779516e-02;7.029850e-02;2.083709e-02;5.277810e-02
1.524460e-01;9.470662e-02;1.495796e-01;7.517646e-02;7.396712e-02;1.061427e-01;1.041134e-01;4.578979e-02;3.878919e-02;4.786380e-02;2.948661e-02;8.193863e-02
9.546979e-02;6.442817e-02;2.428596e-01;9.348712e-02;9.387809e-02;7.193111e-02;9.607545e-02;3.622444e-02;3.817875e-02;6.770913e-02;4.843756e-02;5.132083e-02
6.834247e-02;5.891491e-02;3.257020e-01;7.463300e-02;6.988263e-02;3.918734e-02;8.193332e-02;2.972530e-02;5.214990e-02;1.236634e-01;4.250368e-02;3.336203e-02
6.368407e-02;4.620217e-02;4.341642e-01;4.143212e-02;4.680387e-02;1.779180e-02;5.248740e-02;1.539513e-02;5.153472e-02;1.862237e-01;2.873993e-02;1.554095e-02
6.522786e-02;5.577534e-02;4.737071e-01;2.322785e-02;4.421166e-02;1.709574e-02;2.930487e-02;5.999357e-03;6.645393e-02;2.002193e-01;1.045480e-02;8.322215e-03
7.326806e-02;9.435289e-02;4.294867e-01;3.275969e-02;3.900408e-02;1.872796e-02;4.254829e-02;9.194337e-03;7.426208e-02;1.561552e-01;1.488745e-02;1.535325e-02
7.181251e-02;1.246179e-01;4.659823e-01;3.371459e-02;4.038794e-02;2.050174e-02;5.458784e-02;1.185871e-02;3.602874e-02;1.039617e-01;2.335727e-02;1.318883e-02
2.763763e-02;9.218564e-02;5.745951e-01;2.761361e-02;3.176887e-02;1.683700e-02;3.705303e-02;2.188333e-02;3.439909e-02;1.114184e-01;1.810064e-02;6.507654e-03
1.426746e-02;8.082630e-02;6.096757e-01;2.879316e-02;1.698373e-02;1.866802e-02;2.298460e-02;3.563549e-02;4.156244e-02;1.062662e-01;1.151145e-02;1.282541e-02
3.497765e-02;1.082211e-01;5.853456e-01;3.020224e-02;9.964447e-03;3.021112e-02;3.205481e-02;3.880597e-02;3.859362e-02;5.786656e-02;1.143154e-02;2.232536e-02
4.917289e-02;1.423526e-01;5.456269e-01;3.569508e-02;2.092210e-02;4.204294e-02;3.174432e-02;2.947465e-02;4.374027e-02;3.337197e-02;7.538885e-03;1.831739e-02
6.631161e-02;1.723315e-01;5.064358e-01;3.768079e-02;2.243788e-02;3.666862e-02;2.462325e-02;1.576633e-02;4.628911e-02;4.625240e-02;1.042796e-02;1.477477e-02
5.633768e-02;2.031676e-01;4.743548e-01;3.819127e-02;2.178876e-02;2.840715e-02;2.660923e-02;1.492410e-02;4.990232e-02;6.054863e-02;1.330503e-02;1.246340e-02
9.797724e-02;2.228024e-01;4.139189e-01;2.872034e-02;2.193928e-02;4.454609e-02;3.791351e-02;1.246032e-02;4.402513e-02;5.622551e-02;1.061456e-02;8.856703e-03
1.633755e-01;2.623484e-01;3.617750e-01;2.001804e-02;1.456669e-02;3.316860e-02;3.207937e-02;1.138054e-02;3.515131e-02;4.620730e-02;1.359690e-02;6.332371e-03
2.207789e-01;2.997365e-01;2.891789e-01;1.521518e-02;8.449281e-03;2.744069e-02;2.962023e-02;1.058700e-02;3.443035e-02;4.353231e-02;1.116388e-02;9.866746e-03
2.825016e-01;2.982131e-01;2.020695e-01;1.147877e-02;1.238692e-02;4.142820e-02;2.836999e-02;9.873881e-03;3.636285e-02;5.154022e-02;1.034525e-02;1.542973e-02
3.307947e-01;2.754697e-01;1.608336e-01;1.232140e-02;2.020532e-02;3.886926e-02;3.316835e-02;9.476833e-03;3.122854e-02;5.637892e-02;1.625864e-02;1.499474e-02
3.097108e-01;2.234077e-01;2.578747e-01;1.725686e-02;3.337861e-02;1.477772e-02;4.509375e-02;1.871034e-02;1.655075e-02;3.488734e-02;1.244672e-02;1.590471e-02
2.857760e-01;1.835908e-01;3.055152e-01;2.327349e-02;4.316681e-02;1.309527e-02;4.794355e-02;1.927090e-02;2.962541e-02;1.419971e-02;1.792735e-02;1.661543e-02
2.562055e-01;1.501904e-01;3.327403e-01;2.124185e-02;4.939570e-02;1.350350e-02;4.591763e-02;2.792252e-02;4.130122e-02;2.618081e-02;1.759876e-02;1.780190e-02
2.725362e-01;1.351826e-01;3.383148e-01;2.162820e-02;6.006818e-02;7.627810e-03;4.590699e-02;3.732650e-02;2.119273e-02;2.251915e-02;1.946260e-02;1.823431e-02
2.907736e-01;1.323351e-01;2.945198e-01;1.359529e-02;7.875268e-02;1.403919e-02;3.690664e-02;4.821369e-02;2.030907e-02;2.435213e-02;2.280798e-02;2.339482e-02
3.016721e-01;1.286932e-01;2.625448e-01;1.528449e-02;8.969571e-02;1.241276e-02;2.557816e-02;5.554083e-02;2.778021e-02;2.547350e-02;2.309829e-02;3.222590e-02
3.719094e-01;1.015985e-01;1.742914e-01;1.610086e-02;9.033601e-02;1.358798e-02;2.755712e-02;7.277372e-02;3.369071e-02;3.963703e-02;2.902379e-02;2.949348e-02
3.680352e-01;1.815024e-01;1.446418e-01;1.704451e-02;6.627195e-02;1.072869e-02;2.265290e-02;6.295897e-02;3.616260e-02;3.388348e-02;3.107918e-02;2.503830e-02
2.998579e-01;2.494058e-01;2.434002e-01;2.449839e-02;4.996551e-02;6.589745e-03;1.248490e-02;3.711791e-02;2.709872e-02;1.638978e-02;1.814641e-02;1.504477e-02
2.729601e-01;2.891507e-01;2.615595e-01;1.788184e-02;4.028194e-02;7.550633e-03;1.499075e-02;2.339469e-02;3.635570e-02;1.186474e-02;1.225900e-02;1.175029e-02
2.885407e-01;3.269792e-01;2.238006e-01;1.165605e-02;2.882795e-02;9.145920e-03;1.773253e-02;1.607228e-02;4.816698e-02;1.045029e-02;8.380285e-03;1.024731e-02
2.961032e-01;3.470687e-01;1.953080e-01;9.596203e-03;1.738690e-02;1.510021e-02;1.561070e-02;1.416857e-02;6.163707e-02;1.053566e-02;6.470473e-03;1.101427e-02
2.757888e-01;3.683644e-01;1.639406e-01;1.359127e-02;1.751673e-02;2.428275e-02;1.436685e-02;1.213903e-02;8.128344e-02;1.274460e-02;5.996061e-03;9.985515e-03
2.366786e-01;3.711176e-01;1.670171e-01;1.744555e-02;1.501362e-02;3.337320e-02;1.481043e-02;1.016925e-02;1.095278e-01;9.552302e-03;5.400585e-03;9.893968e-03
1.929590e-01;3.637270e-01;1.915083e-01;1.804597e-02;1.148305e-02;4.116316e-02;1.310659e-02;1.341322e-02;1.313927e-01;8.053662e-03;5.890348e-03;9.257030e-03
1.529483e-01;3.739460e-01;2.112225e-01;1.808991e-02;8.967004e-03;5.639859e-02;7.017300e-03;1.163095e-02;1.430946e-01;4.756499e-03;5.418107e-03;6.510273e-03
9.808165e-02;3.454720e-01;2.637826e-01;1.958089e-02;7.922380e-03;6.677521e-02;1.562300e-02;7.740647e-03;1.429705e-01;1.419593e-02;8.707796e-03;9.147391e-03
4.708780e-02;2.533024e-01;3.845556e-01;2.920336e-02;1.630315e-02;4.400697e-02;2.254476e-02;6.169267e-03;1.343513e-01;4.429431e-02;7.067483e-03;1.111361e-02
1.308223e-02;1.307574e-01;5.304534e-01;4.072969e-02;2.338122e-02;4.321576e-02;2.086260e-02;7.919735e-03;9.635834e-02;7.701069e-02;8.677386e-03;7.551515e-03
1.543300e-02;6.201785e-02;5.849023e-01;7.352829e-02;1.963999e-02;5.135609e-02;2.019011e-02;4.808627e-03;4.941406e-02;9.159293e-02;2.363510e-02;3.481641e-03
1.734119e-02;3.662562e-02;4.640472e-01;1.910190e-01;4.596559e-02;4.028487e-02;2.010712e-02;9.985205e-03;4.054919e-02;7.243720e-02;5.676969e-02;4.868182e-03
2.228016e-02;4.311111e-02;2.495477e-01;3.203045e-01;1.294982e-01;3.135475e-02;2.070824e-02;1.929278e-02;3.924295e-02;2.555854e-02;7.318053e-02;2.592050e-02
3.161769e-02;3.494215e-02;1.361843e-01;2.443518e-01;2.713437e-01;6.868789e-02;4.124163e-02;2.447343e-02;2.473044e-02;1.798309e-02;4.425631e-02;6.018758e-02
7.445721e-02;2.424903e-02;6.694992e-02;1.438272e-01;3.253660e-01;1.582242e-01;8.789998e-02;1.006288e-02;7.961051e-03;1.557613e-02;2.332228e-02;6.210417e-02
1.139960e-01;3.541389e-02;1.146690e-01;5.323137e-02;1.653331e-01;2.316193e-01;1.975110e-01;1.046187e-02;1.301382e-02;1.543567e-02;2.026694e-02;2.904814e-02
9.391113e-02;8.938368e-02;8.124813e-02;1.822815e-02;5.770275e-02;2.049322e-01;3.756516e-01;2.440367e-02;1.703794e-02;1.221437e-02;1.573499e-02;9.551309e-03
3.610422e-02;1.291433e-01;7.191615e-02;1.899300e-02;3.685672e-02;1.255129e-01;4.664212e-01;6.951818e-02;1.478065e-02;6.967187e-03;1.464890e-02;9.137622e-03
2.238290e-02;1.042379e-01;1.287122e-01;2.461967e-02;2.279548e-02;4.672706e-02;4.236927e-01;1.731936e-01;2.120765e-02;1.310666e-02;9.746442e-03;9.577775e-03
2.152920e-02;4.307903e-02;1.772597e-01;5.233473e-02;2.514466e-02;2.276166e-02;3.091166e-01;2.273910e-01;8.060343e-02;2.314351e-02;7.100783e-03;1.053573e-02
2.140798e-02;2.693363e-02;1.345334e-01;1.291428e-01;1.883350e-02;3.479952e-02;2.012864e-01;1.513328e-01;2.305072e-01;2.737838e-02;7.407099e-03;1.643732e-02
2.548001e-02;1.479135e-02;4.472008e-02;1.956052e-01;2.585291e-02;4.350134e-02;9.946430e-02;9.218724e-02;3.875600e-01;4.167998e-02;1.020314e-02;1.895445e-02
2.132568e-02;2.418502e-02;3.858465e-02;1.440768e-01;3.959640e-02;4.473836e-02;1.224097e-01;7.244916e-02;3.882383e-01;7.844295e-02;9.003709e-03;1.694923e-02
1.908136e-02;2.440078e-02;1.790556e-02;9.575609e-02;7.134876e-02;3.861468e-02;1.196666e-01;7.653236e-02;3.667684e-01;1.408345e-01;1.536671e-02;1.372407e-02
2.171654e-02;1.815522e-02;2.935884e-02;5.222023e-02;8.706913e-02;4.128566e-02;1.180300e-01;7.997905e-02;3.143018e-01;2.042482e-01;2.382787e-02;9.807481e-03
2.316931e-02;2.078837e-02;3.964349e-02;6.447101e-02;8.970349e-02;5.444464e-02;7.324687e-02;7.583775e-02;3.062631e-01;2.200311e-01;2.182182e-02;1.057911e-02
2.538435e-02;4.089256e-02;4.138880e-02;9.505005e-02;8.370591e-02;4.685164e-02;4.671432e-02;1.039904e-01;3.053902e-01;1.771929e-01;2.129942e-02;1.213942e-02
2.786743e-02;4.053421e-02;7.036216e-02;5.942035e-02;5.890727e-02;2.271155e-02;1.422997e-01;1.416584e-01;2.966776e-01;1.100923e-01;1.952975e-02;9.939335e-03
3.143933e-02;2.929483e-02;7.957198e-02;7.514320e-02;5.629058e-02;5.029156e-02;2.181277e-01;1.167351e-01;2.141374e-01;9.727859e-02;1.864840e-02;1.304135e-02
3.444085e-02;2.709929e-02;5.971791e-02;9.277041e-02;6.021338e-02;9.567679e-02;2.069702e-01;1.088652e-01;1.652672e-01;9.601872e-02;2.663261e-02;2.632739e-02
4.420607e-02;2.938777e-02;4.471342e-02;1.030085e-01;3.547625e-02;8.977462e-02;1.605470e-01;1.423017e-01;1.938180e-01;8.868631e-02;2.827519e-02;3.980520e-02
3.488684e-02;3.840622e-02;5.257521e-02;1.078749e-01;6.622976e-02;5.796453e-02;1.940924e-01;1.533497e-01;1.801358e-01;5.234092e-02;2.608045e-02;3.606315e-02
2.617883e-02;4.664402e-02;8.057136e-02;9.957699e-02;9.054212e-02;4.897774e-02;2.163877e-01;1.325988e-01;1.266874e-01;7.987176e-02;2.151192e-02;3.045142e-02
3.871109e-02;3.881272e-02;8.073313e-02;8.443400e-02;1.049000e-01;5.681977e-02;1.807047e-01;1.471421e-01;1.072654e-01;1.117438e-01;2.280747e-02;2.592580e-02
5.188317e-02;2.654017e-02;9.433718e-02;5.996104e-02;9.098126e-02;6.807633e-02;1.831339e-01;1.209150e-01;1.775265e-01;9.160395e-02;2.291380e-02;1.212768e-02
5.777496e-02;3.587104e-02;1.062091e-01;1.023419e-01;7.493934e-02;4.147759e-02;2.213540e-01;5.014398e-02;1.812312e-01;8.818088e-02;2.548799e-02;1.498806e-02
4.285673e-02;6.522740e-02;1.030085e-01;1.016574e-01;6.551871e-02;2.452828e-02;2.256321e-01;8.135061e-02;1.571657e-01;9.564698e-02;2.182346e-02;1.558411e-02
4.789433e-02;5.612910e-02;1.106438e-01;1.193818e-01;5.164033e-02;3.627964e-02;2.414416e-01;1.071678e-01;1.082399e-01;7.052089e-02;2.372502e-02;2.693583e-02
6.079019e-02;6.333261e-02;1.043538e-01;1.114594e-01;4.108806e-02;3.307908e-02;2.429802e-01;1.549595e-01;7.513218e-02;7.031396e-02;2.201317e-02;2.049791e-02
6.553323e-02;7.463842e-02;9.757326e-02;9.577107e-02;6.593693e-02;3.714343e-02;1.985516e-01;1.666705e-01;4.502523e-02;8.526602e-02;2.797642e-02;3.991393e-02
5.102804e-02;6.805156e-02;1.091324e-01;7.388205e-02;6.944465e-02;4.871462e-02;1.636440e-01;1.166631e-01;8.619281e-02;9.582704e-02;6.182885e-02;5.559090e-02
8.307988e-02;7.203407e-02;1.084836e-01;4.318995e-02;6.727385e-02;7.373442e-02;1.608575e-01;6.080754e-02;1.317717e-01;1.045661e-01;5.275255e-02;4.144880e-02
4.599685e-02;5.967663e-02;7.879372e-02;4.922514e-02;1.067025e-01;8.714475e-02;2.475639e-01;4.490697e-02;1.235224e-01;6.781235e-02;3.772802e-02;5.092676e-02
6.846986e-02;4.099118e-02;9.619888e-02;4.194493e-02;1.126318e-01;1.074434e-01;3.055932e-01;3.824912e-02;7.808460e-02;4.963989e-02;3.073073e-02;3.002246e-02
1.788450e-02;1.623088e-02;7.551994e-02;2.690482e-02;1.185234e-01;1.302352e-01;4.738636e-01;4.222829e-02;3.288083e-02;3.419280e-02;1.680240e-02;1.473343e-02
1.846380e-02;9.602037e-03;5.759695e-02;3.088502e-02;9.911212e-02;1.409285e-01;5.365371e-01;3.724371e-02;2.784508e-02;2.576626e-02;9.845506e-03;6.173951e-03
1.984040e-02;1.239029e-02;2.843188e-02;3.031880e-02;1.020866e-01;1.633753e-01;5.487276e-01;3.162213e-02;2.954162e-02;2.377231e-02;6.306368e-03;3.586735e-03
1.724497e-02;1.786249e-02;6.029601e-02;3.120935e-02;1.242775e-01;1.735276e-01;4.966402e-01;2.176494e-02;2.571261e-02;2.146018e-02;5.969899e-03;4.034271e-03
1.785702e-02;2.289250e-02;1.782878e-01;4.655111e-02;1.295858e-01;1.453633e-01;3.880510e-01;1.572811e-02;1.531692e-02;2.415568e-02;8.366574e-03;7.844218e-03
2.346824e-02;2.801222e-02;3.188525e-01;5.818267e-02;7.860601e-02;8.312351e-02;3.193991e-01;1.452581e-02;1.841514e-02;3.091091e-02;1.551934e-02;1.098455e-02
3.076491e-02;2.627872e-02;2.391346e-01;4.369311e-02;2.652148e-02;8.236158e-02;4.171368e-01;3.269674e-02;3.246948e-02;2.865976e-02;2.483286e-02;1.544993e-02
3.112238e-02;3.129610e-02;5.739893e-02;2.813213e-02;1.048651e-01;1.221637e-01;5.067738e-01;3.240826e-02;2.841065e-02;2.990324e-02;1.895984e-02;8.565961e-03
5.938406e-02;4.346047e-02;1.111801e-01;4.376986e-02;1.236372e-01;1.196504e-01;3.510627e-01;4.173885e-02;2.735776e-02;5.918964e-02;1.073861e-02;8.830403e-03
8.130740e-02;7.490191e-02;1.387528e-01;5.264278e-02;6.782205e-02;6.058925e-02;1.606781e-01;5.941529e-02;1.082853e-01;1.169938e-01;4.142509e-02;3.718626e-02
1.151491e-01;5.329159e-02;7.505017e-02;6.214601e-02;2.632948e-02;1.645227e-02;2.043478e-01;4.557683e-02;1.888420e-01;1.310015e-01;4.676145e-02;3.505180e-02
8.906709e-02;3.489382e-02;4.913500e-02;7.320020e-02;1.926633e-02;1.107230e-02;1.665309e-01;5.421132e-02;2.950713e-01;1.439966e-01;3.938065e-02;2.417450e-02
4.040002e-02;2.360757e-02;3.592434e-02;6.326883e-02;1.796165e-02;3.477373e-02;2.464900e-01;8.855978e-02;2.928550e-01;1.136437e-01;2.623068e-02;1.628471e-02
2.794571e-02;2.846771e-02;3.950310e-02;3.087302e-02;2.536273e-02;6.288081e-02;4.021162e-01;8.863968e-02;1.649591e-01;9.410571e-02;1.718211e-02;1.796409e-02
1.540780e-02;2.854048e-02;7.213042e-02;1.489560e-02;2.699881e-02;5.281594e-02;4.467613e-01;1.722347e-01;8.260985e-02;6.498436e-02;1.246342e-02;1.015726e-02
1.413265e-02;1.566903e-02;1.224772e-01;1.326081e-02;1.512490e-02;2.901046e-02;3.855085e-01;2.371903e-01;9.184577e-02;5.382017e-02;9.669666e-03;1.229053e-02
1.738158e-02;2.078014e-02;1.438015e-01;1.811414e-02;2.807988e-02;4.780839e-02;3.893277e-01;2.048436e-01;7.016947e-02;3.969599e-02;9.261410e-03;1.073624e-02
1.813454e-02;3.568070e-02;1.522503e-01;3.367971e-02;6.749155e-02;8.189166e-02;3.833508e-01;1.091750e-01;6.129147e-02;3.751895e-02;1.243317e-02;7.102108e-03
2.406334e-02;2.958613e-02;2.238157e-01;4.412052e-02;7.766096e-02;8.813453e-02;2.463521e-01;1.308590e-01;6.965753e-02;4.155001e-02;1.384221e-02;1.035793e-02
3.500474e-02;1.768860e-02;2.080532e-01;2.992455e-02;2.409958e-02;5.480022e-02;3.323368e-01;1.722379e-01;4.849992e-02;5.069125e-02;1.353409e-02;1.312911e-02
3.676880e-02;1.833854e-02;1.592479e-01;2.708918e-02;2.036635e-02;3.330474e-02;3.750812e-01;1.767670e-01;5.806321e-02;6.339489e-02;1.980451e-02;1.177364e-02
3.144822e-02;1.636995e-02;1.393829e-01;3.001565e-02;3.294073e-02;3.222299e-02;3.830979e-01;1.620080e-01;7.529286e-02;6.994431e-02;1.244535e-02;1.483103e-02
4.200668e-02;1.669373e-02;9.653606e-02;3.903001e-02;6.867127e-02;1.018690e-01;3.255886e-01;1.480633e-01;6.599671e-02;6.463066e-02;1.541890e-02;1.549511e-02
4.180900e-02;5.088722e-02;3.843296e-02;2.898948e-02;5.656167e-02;1.409468e-01;3.793612e-01;1.195386e-01;5.557909e-02;6.273293e-02;1.386782e-02;1.129331e-02
2.314031e-02;8.282229e-02;4.574843e-02;1.297451e-02;3.820216e-02;9.411778e-02;5.169989e-01;8.741375e-02;4.061164e-02;4.195845e-02;1.016643e-02;5.845353e-03
1.003940e-02;1.054289e-01;4.064738e-02;6.843616e-03;3.864538e-02;4.738188e-02;5.791978e-01;7.665376e-02;6.063307e-02;1.976209e-02;1.257973e-02;2.186994e-03
8.548419e-03;1.090966e-01;2.257560e-02;5.661064e-03;2.546963e-02;3.890263e-02;5.907538e-01;8.468679e-02;8.124223e-02;1.164859e-02;1.708013e-02;4.334484e-03
6.760833e-03;1.000682e-01;1.676590e-02;5.838282e-03;2.776541e-02;3.566910e-02;6.054122e-01;7.448355e-02;8.618677e-02;1.839363e-02;1.653941e-02;6.116593e-03
1.217148e-02;8.682122e-02;1.838599e-02;1.029628e-02;3.751545e-02;2.980153e-02;6.380444e-01;5.214127e-02;6.151509e-02;2.427339e-02;1.625300e-02;1.278095e-02
2.260617e-02;7.563553e-02;3.012018e-02;1.835462e-02;5.488795e-02;8.312207e-02;5.797018e-01;5.919887e-02;2.836118e-02;2.325299e-02;1.437546e-02;1.038321e-02
3.364866e-02;5.883327e-02;9.556568e-02;3.272217e-02;8.433674e-02;1.209580e-01;4.465209e-01;5.354638e-02;2.253362e-02;2.686428e-02;1.550598e-02;8.964273e-03
3.184319e-02;4.687054e-02;1.646754e-01;4.961476e-02;8.901848e-02;1.041302e-01;3.690247e-01;3.397566e-02;3.456319e-02;3.647152e-02;2.256351e-02;1.724883e-02
3.059334e-02;4.318513e-02;1.453409e-01;4.819442e-02;5.779093e-02;8.691408e-02;4.018775e-01;3.752518e-02;4.948180e-02;5.274656e-02;2.853217e-02;1.781795e-02
2.260623e-02;5.535796e-02;7.928290e-02;4.266514e-02;4.778441e-02;7.004531e-02;4.498976e-01;7.186471e-02;6.153670e-02;6.151714e-02;2.339860e-02;1.404338e-02
2.716433e-02;5.963581e-02;1.209009e-01;3.690283e-02;4.793209e-02;6.212091e-02;4.020817e-01;5.808324e-02;8.176155e-02;5.891751e-02;2.858104e-02;1.591812e-02
3.418179e-02;4.114882e-02;1.292378e-01;3.318898e-02;7.510146e-02;1.054310e-01;3.183849e-01;6.034633e-02;9.624681e-02;5.557861e-02;3.823873e-02;1.291476e-02
2.705460e-02;3.392404e-02;7.539414e-02;2.633772e-02;5.857558e-02;1.275296e-01;3.969781e-01;9.450700e-02;7.526723e-02;4.153363e-02;3.300831e-02;9.890000e-03
3.920552e-02;5.329273e-02;9.379821e-02;1.979361e-02;5.533443e-02;1.098253e-01;4.448711e-01;7.732855e-02;4.014409e-02;3.812627e-02;1.710029e-02;1.117989e-02
5.918331e-02;7.838296e-02;1.378509e-01;2.295267e-02;4.804835e-02;6.452575e-02;4.139623e-01;5.959748e-02;4.154234e-02;4.579316e-02;1.392223e-02;1.423850e-02
5.353105e-02;9.001848e-02;1.146911e-01;2.138770e-02;3.095069e-02;9.343624e-02;3.985316e-01;4.985906e-02;6.949213e-02;4.289019e-02;2.394651e-02;1.126526e-02
4.208256e-02;9.683468e-02;5.304986e-02;2.686739e-02;4.838295e-02;9.558343e-02;3.949280e-01;5.276241e-02;8.617625e-02;5.440340e-02;3.065333e-02;1.827572e-02
4.660893e-02;7.853011e-02;9.932130e-02;4.976232e-02;5.229360e-02;5.473296e-02;3.946970e-01;5.247602e-02;7.701232e-02;5.174142e-02;2.756764e-02;1.525640e-02
6.235263e-02;8.177763e-02;1.409544e-01;5.451136e-02;5.210520e-02;9.078864e-02;1.900899e-01;6.652270e-02;1.177058e-01;6.058642e-02;4.539948e-02;3.720588e-02
7.671592e-02;6.101191e-02;1.072049e-01;7.374245e-02;4.151212e-02;4.796178e-02;1.985843e-01;7.087993e-02;1.555546e-01;9.422276e-02;4.348875e-02;2.912054e-02
5.452469e-02;4.833842e-02;6.806207e-02;1.281358e-01;3.304349e-02;3.074413e-02;1.955049e-01;6.307825e-02;2.257823e-01;1.006303e-01;3.371417e-02;1.844141e-02
2.527483e-02;3.346642e-02;5.391227e-02;2.086705e-01;1.934439e-02;2.347494e-02;1.508480e-01;6.152106e-02;3.035596e-01;8.576320e-02;2.317333e-02;1.099142e-02
1.199879e-02;2.014345e-02;1.163066e-01;1.990216e-01;2.167405e-02;2.715201e-02;1.250095e-01;1.220651e-01;2.867667e-01;5.336587e-02;9.475874e-03;7.020477e-03
2.094761e-02;1.684655e-02;1.873256e-01;1.228085e-01;2.720897e-02;2.679917e-02;1.422702e-01;1.254133e-01;2.546057e-01;5.335664e-02;1.279606e-02;9.621807e-03
1.726257e-02;7.667241e-03;2.191486e-01;2.008234e-01;1.823292e-02;1.981116e-02;8.738203e-02;1.119377e-01;2.510736e-01;4.642544e-02;1.263416e-02;7.601278e-03
9.441026e-03;6.536282e-03;1.725535e-01;3.308919e-01;1.278269e-02;8.920679e-03;6.761821e-02;6.550500e-02;2.795112e-01;3.666595e-02;7.217731e-03;2.355733e-03
9.066057e-03;7.387675e-03;1.083339e-01;4.057459e-01;1.123597e-02;7.997647e-03;5.265851e-02;3.573200e-02;3.099824e-01;4.370698e-02;5.082488e-03;3.070425e-03
1.304486e-02;8.376332e-03;5.695652e-02;3.706297e-01;4.019654e-02;8.818442e-03;3.614840e-02;2.280152e-02;3.581141e-01;6.964628e-02;1.193450e-02;3.332802e-03
1.834029e-02;6.366133e-03;4.780361e-02;3.193570e-01;5.121470e-02;8.211941e-03;3.913908e-02;2.202136e-02;3.248422e-01;1.432500e-01;1.451325e-02;4.940395e-03
1.315986e-02;7.743040e-03;2.427626e-02;2.373165e-01;1.718817e-01;7.676296e-03;3.030717e-02;2.020738e-02;2.322285e-01;2.288549e-01;2.161618e-02;4.732239e-03
5.023520e-03;9.263279e-03;1.632406e-02;8.030176e-02;3.352837e-01;5.579273e-03;1.618282e-02;2.289150e-02;1.395305e-01;3.421356e-01;2.323204e-02;4.251927e-03
5.764934e-03;1.314701e-02;2.684991e-02;2.264505e-02;3.663367e-01;5.528593e-03;1.359017e-02;2.157089e-02;1.240114e-01;3.701235e-01;2.612593e-02;4.305886e-03
