4.379541e-02;9.844273e-02;1.091064e-01;5.303216e-02;4.679332e-02;1.808425e-01;1.121350e-01;1.075577e-01;8.249889e-02;6.089783e-02;3.546224e-02;6.943585e-02
2.863028e-02;7.897822e-02;1.209054e-01;5.309925e-02;4.684164e-02;1.467727e-01;1.108631e-01;1.421023e-01;1.414202e-01;5.807138e-02;2.928612e-02;4.302931e-02
2.464665e-02;9.015332e-02;1.568409e-01;6.597163e-02;5.687686e-02;1.399077e-01;6.942545e-02;1.492880e-01;1.333258e-01;4.548022e-02;2.927600e-02;3.880742e-02
2.504981e-02;1.455985e-01;1.891250e-01;3.979609e-02;6.536093e-02;1.249014e-01;6.070274e-02;1.297105e-01;9.484642e-02;4.976872e-02;3.509110e-02;4.004868e-02
3.444036e-02;1.676962e-01;2.220812e-01;4.346000e-02;6.610323e-02;1.139442e-01;7.914575e-02;1.142874e-01;6.286143e-02;4.398748e-02;2.698204e-02;2.501070e-02
2.450028e-02;1.240013e-01;2.530729e-01;1.052575e-01;7.141865e-02;1.157783e-01;8.294035e-02;7.248893e-02;4.091284e-02;3.676038e-02;5.320708e-02;1.966141e-02
1.044897e-02;6.510027e-02;2.141477e-01;1.811454e-01;9.384120e-02;1.389821e-01;4.439736e-02;7.763916e-02;3.414214e-02;2.732795e-02;8.141965e-02;3.140799e-02
7.645780e-03;6.731094e-02;2.261001e-01;1.794457e-01;1.051610e-01;1.593383e-01;1.135693e-02;8.364829e-02;2.479556e-02;2.551151e-02;6.651819e-02;4.316761e-02
1.538320e-02;1.316519e-01;2.864521e-01;1.319084e-01;7.547605e-02;1.307882e-01;1.724948e-02;7.388538e-02;2.264207e-02;3.083109e-02;4.226789e-02;4.146420e-02
2.676501e-02;1.942672e-01;3.209889e-01;7.812919e-02;4.087349e-02;1.085617e-01;1.543809e-02;6.936291e-02;2.998311e-02;3.661363e-02;3.782387e-02;4.119295e-02
3.743757e-02;1.630997e-01;2.251474e-01;5.444979e-02;4.537427e-02;1.689011e-01;1.539111e-02;9.602438e-02;4.891728e-02;3.833928e-02;6.065428e-02;4.626389e-02
2.184947e-02;1.141395e-01;2.150554e-01;8.709639e-02;4.278586e-02;2.248239e-01;2.107193e-02;8.514755e-02;5.496915e-02;3.479371e-02;5.139919e-02;4.686801e-02
1.832489e-02;9.683324e-02;2.559085e-01;7.894138e-02;5.247227e-02;1.699046e-01;4.067501e-02;8.715639e-02;6.412879e-02;5.803923e-02;4.264192e-02;3.497377e-02
1.656734e-02;6.944875e-02;2.120795e-01;8.876662e-02;8.366536e-02;1.302012e-01;4.905776e-02;1.124683e-01;7.176955e-02;6.395441e-02;6.637017e-02;3.565097e-02
1.989314e-02;4.964031e-02;1.990068e-01;1.046679e-01;8.409186e-02;9.549802e-02;5.912975e-02;1.163544e-01;6.594463e-02;6.071277e-02;9.654287e-02;4.851745e-02
2.394082e-02;8.645836e-02;2.020903e-01;4.222293e-02;8.671734e-02;1.855370e-01;6.567498e-02;8.110426e-02;8.033361e-02;6.100892e-02;5.557420e-02;2.933732e-02
2.026132e-02;7.937453e-02;1.694397e-01;5.635448e-02;1.132029e-01;2.416054e-01;9.203969e-02;8.222573e-02;6.953654e-02;3.265905e-02;2.137738e-02;2.192323e-02
2.637066e-02;4.593144e-02;1.027110e-01;5.093795e-02;1.210828e-01;3.574112e-01;8.559615e-02;8.982195e-02;5.158712e-02;2.565010e-02;1.985328e-02;2.304633e-02
3.770395e-02;1.886295e-02;5.074475e-02;3.966224e-02;1.218568e-01;4.166852e-01;8.810229e-02;1.100714e-01;5.495466e-02;2.974566e-02;1.214699e-02;1.946316e-02
3.656234e-02;2.668903e-02;8.075922e-02;5.610749e-02;1.236151e-01;3.878813e-01;7.538422e-02;9.324697e-02;5.096433e-02;3.378892e-02;1.244260e-02;2.255842e-02
2.483340e-02;4.929255e-02;1.790901e-01;1.133240e-01;8.809247e-02;2.892262e-01;5.167964e-02;5.857433e-02;4.301204e-02;3.001154e-02;3.482363e-02;3.804005e-02
2.124037e-02;8.252988e-02;3.115524e-01;1.561177e-01;2.613792e-02;1.757188e-01;4.284290e-02;4.037239e-02;3.083994e-02;2.720260e-02;5.997613e-02;2.546891e-02
1.942681e-02;8.049844e-02;2.808321e-01;1.505877e-01;5.681748e-02;1.865121e-01;3.060635e-02;5.854929e-02;3.338882e-02;1.858309e-02;7.005486e-02;1.414298e-02
3.035632e-02;4.593101e-02;1.520609e-01;9.674200e-02;9.076814e-02;2.596870e-01;6.693864e-02;7.304220e-02;6.001835e-02;3.790309e-02;5.088093e-02;3.567144e-02
6.628732e-02;4.106664e-02;6.666873e-02;5.503257e-02;6.201360e-02;2.920904e-01;1.407730e-01;7.737662e-02;5.583293e-02;6.860624e-02;3.262566e-02;4.162630e-02
9.038997e-02;4.850757e-02;3.356042e-02;6.206068e-02;2.881214e-02;2.852550e-01;2.121159e-01;8.492143e-02;2.957852e-02;6.683088e-02;3.601354e-02;2.195395e-02
9.246377e-02;5.827189e-02;2.359384e-02;1.190807e-01;1.513079e-02;3.083921e-01;2.070698e-01;6.409103e-02;1.570825e-02;6.075982e-02;2.725846e-02;8.179639e-03
9.937660e-02;4.627839e-02;1.438321e-02;2.222064e-01;1.088617e-02;3.358860e-01;1.273686e-01;4.023011e-02;1.141772e-02;7.570603e-02;1.208242e-02;4.178295e-03
8.185542e-02;3.366491e-02;1.559049e-02;2.539937e-01;2.691768e-02;3.622177e-01;9.583833e-02;3.393212e-02;7.497236e-03;7.598092e-02;6.004469e-03;6.507053e-03
6.140817e-02;4.052730e-02;3.373053e-02;2.001041e-01;6.343566e-02;3.720017e-01;9.157040e-02;4.368248e-02;1.688015e-02;5.934686e-02;8.499537e-03;8.813080e-03
5.073097e-02;7.573442e-02;8.855417e-02;1.435286e-01;7.989841e-02;3.471330e-01;7.838587e-02;4.933710e-02;2.505568e-02;3.435841e-02;1.393631e-02;1.334713e-02
4.760352e-02;1.223832e-01;1.527566e-01;1.091077e-01;4.544269e-02;3.215911e-01;6.879568e-02;4.806225e-02;2.233756e-02;3.074288e-02;1.608591e-02;1.509088e-02
6.000885e-02;1.352173e-01;1.760975e-01;1.070478e-01;3.376459e-02;3.171377e-01;7.008216e-02;3.335819e-02;2.026572e-02;2.970600e-02;8.405671e-03;8.908495e-03
7.389838e-02;1.178728e-01;1.273349e-01;1.323503e-01;2.558998e-02;3.372839e-01;5.248869e-02;4.659899e-02;3.544498e-02;2.956326e-02;1.369852e-02;7.875375e-03
8.548637e-02;9.223958e-02;5.484481e-02;1.583851e-01;3.917998e-02;3.035676e-01;9.312992e-02;6.162349e-02;4.182518e-02;3.486783e-02;2.582279e-02;9.027328e-03
7.196256e-02;1.163224e-01;9.182220e-02;1.508787e-01;5.589940e-02;1.494870e-01;1.392808e-01;5.219616e-02;5.043828e-02;8.279324e-02;3.188199e-02;7.037309e-03
6.091489e-02;5.714320e-02;8.135385e-02;7.328211e-02;5.269955e-02;2.194127e-01;1.008477e-01;9.693108e-02;9.117465e-02;1.332742e-01;1.770739e-02;1.525877e-02
4.330554e-02;3.782822e-02;4.999364e-02;3.965098e-02;4.013062e-02;2.517802e-01;1.580967e-01;1.593337e-01;1.000858e-01;8.957004e-02;1.342800e-02;1.679641e-02
3.443257e-02;2.650886e-02;2.451074e-02;5.310895e-02;3.371457e-02;3.445680e-01;2.060628e-01;1.421151e-01;6.277239e-02;5.126865e-02;9.371412e-03;1.156600e-02
3.449976e-02;1.708360e-02;2.880336e-02;7.753445e-02;4.510273e-02;4.241475e-01;2.027221e-01;8.522113e-02;2.225314e-02;4.839785e-02;6.836024e-03;7.398374e-03
3.224451e-02;3.551148e-02;6.269058e-02;9.103207e-02;7.508082e-02;4.048563e-01;1.555722e-01;5.627512e-02;1.703842e-02;4.856395e-02;8.557392e-03;1.257715e-02
2.815229e-02;5.446659e-02;9.250199e-02;8.782528e-02;1.011215e-01;3.643349e-01;9.971819e-02;7.011484e-02;2.400533e-02;4.066734e-02;1.352726e-02;2.356456e-02
4.536260e-02;2.870406e-02;5.553968e-02;5.863842e-02;8.620159e-02;4.242854e-01;1.362811e-01;6.934950e-02;2.756793e-02;3.307942e-02;9.844403e-03;2.514588e-02
4.468160e-02;1.335574e-02;3.874436e-02;5.902769e-02;8.934838e-02;4.933800e-01;1.409009e-01;5.258974e-02;1.509947e-02;3.407011e-02;5.449899e-03;1.335206e-02
3.072124e-02;1.148329e-02;3.880064e-02;4.793590e-02;7.388013e-02;5.853819e-01;1.196731e-01;2.266447e-02;2.038281e-02;2.149415e-02;5.515892e-03;2.206644e-02
3.361617e-02;7.046900e-03;4.480258e-02;3.338164e-02;1.335306e-01;5.879315e-01;9.596579e-02;1.253971e-02;1.834703e-02;1.242166e-02;2.250348e-03;1.816611e-02
2.807276e-02;3.880508e-03;5.662016e-02;5.093602e-02;1.978184e-01;5.510094e-01;3.951359e-02;1.864202e-02;2.377048e-02;1.294599e-02;9.976508e-04;1.579295e-02
2.145508e-02;8.620635e-03;7.090954e-02;6.645029e-02;2.266681e-01;4.814624e-01;2.755756e-02;2.464734e-02;3.176076e-02;1.686195e-02;5.046684e-03;1.855971e-02
1.751681e-02;3.230859e-02;1.227708e-01;9.409942e-02;1.882689e-01;3.849708e-01;3.910144e-02;2.720333e-02;4.313317e-02;2.168677e-02;8.775773e-03;2.016416e-02
2.578547e-02;6.044015e-02;2.039112e-01;1.360962e-01;1.039665e-01;2.796906e-01;5.496623e-02;5.074545e-02;2.998238e-02;2.386631e-02;1.132984e-02;1.921973e-02
2.942761e-02;9.574299e-02;2.959140e-01;1.335648e-01;3.428217e-02;2.409889e-01;5.343718e-02;3.431715e-02;1.994493e-02;2.316800e-02;2.136709e-02;1.784527e-02
2.429195e-02;1.095869e-01;3.676929e-01;7.028822e-02;8.976801e-02;2.195709e-01;2.388273e-02;2.396102e-02;2.059048e-02;2.605597e-02;1.212908e-02;1.218190e-02
2.526527e-02;1.242867e-01;3.780676e-01;3.938014e-02;9.705768e-02;1.817768e-01;4.520470e-02;2.103789e-02;1.343707e-02;4.927585e-02;6.660235e-03;1.855008e-02
3.645860e-02;1.014335e-01;3.335674e-01;3.608363e-02;8.564326e-02;2.098565e-01;4.993191e-02;3.124120e-02;3.007388e-02;5.152797e-02;1.314990e-02;2.103219e-02
2.852238e-02;4.825620e-02;1.978180e-01;6.471839e-02;9.153766e-02;3.160851e-01;2.975537e-02;6.708463e-02;5.455491e-02;6.606474e-02;1.474529e-02;2.085733e-02
2.598244e-02;2.002467e-02;8.003529e-02;6.449661e-02;5.256806e-02;4.023776e-01;9.172719e-02;1.217048e-01;4.902026e-02;7.150528e-02;1.063270e-02;9.925107e-03
2.078315e-02;2.992239e-02;3.364073e-02;5.516341e-02;2.579793e-02;3.377324e-01;2.089677e-01;1.704847e-01;4.225642e-02;5.640401e-02;1.496955e-02;3.877598e-03
6.710269e-03;3.015597e-02;2.128911e-02;2.691072e-02;3.462165e-02;2.659528e-01;3.517058e-01;1.769280e-01;4.096671e-02;2.176567e-02;1.708826e-02;5.905127e-03
8.453566e-03;2.781331e-02;1.943490e-02;2.918487e-02;2.369317e-02;2.519664e-01;4.464222e-01;1.227960e-01;3.165548e-02;1.855697e-02;1.574567e-02;4.277452e-03
1.428780e-02;1.894340e-02;1.206289e-02;4.599135e-02;1.185531e-02;3.067333e-01;4.750864e-01;6.318157e-02;1.428352e-02;2.815727e-02;7.949864e-03;1.467258e-03
2.269754e-02;1.269134e-02;1.064322e-02;6.417562e-02;2.435065e-02;4.002905e-01;3.455200e-01;5.402387e-02;6.195668e-03;5.582522e-02;2.531658e-03;1.054630e-03
2.954622e-02;1.509898e-02;2.240106e-02;7.851937e-02;6.000320e-02;4.431893e-01;2.075953e-01;4.188208e-02;1.018468e-02;8.423189e-02;4.708856e-03;2.639076e-03
2.951066e-02;2.678654e-02;5.314341e-02;9.010039e-02;8.882240e-02;4.114424e-01;1.204303e-01;4.994028e-02;2.434452e-02;9.152822e-02;6.501259e-03;7.449579e-03
2.844843e-02;3.437285e-02;6.548356e-02;7.773133e-02;8.021912e-02;4.203933e-01;1.110578e-01;6.519763e-02;4.388985e-02;4.964995e-02;5.009546e-03;1.854662e-02
6.112639e-02;2.540831e-02;3.482169e-02;4.347298e-02;5.475207e-02;4.859869e-01;1.072970e-01;7.354758e-02;3.687226e-02;5.737663e-02;5.239406e-03;1.409884e-02
7.018518e-02;1.512759e-02;2.850169e-02;3.994617e-02;5.651887e-02;6.181836e-01;2.917222e-02;5.322840e-02;2.585920e-02;4.871567e-02;6.484497e-03;8.076870e-03
9.710943e-02;1.172405e-02;2.505405e-02;2.850047e-02;2.222560e-02;5.812384e-01;1.008245e-01;5.084173e-02;2.385950e-02;4.415291e-02;3.070251e-03;1.139918e-02
1.028664e-01;8.053887e-03;1.865214e-02;2.067524e-02;5.673642e-02;5.104808e-01;9.099885e-02;4.650776e-02;4.604396e-02;5.318223e-02;3.484695e-03;4.231766e-02
6.301083e-02;9.862154e-03;3.603933e-02;3.552679e-02;1.404876e-01;3.884681e-01;6.454220e-02;1.769228e-02;9.885851e-02;3.445900e-02;1.550116e-02;9.555196e-02
4.408580e-02;2.946556e-02;8.214635e-02;6.815042e-02;1.495505e-01;2.485213e-01;1.023907e-01;2.011491e-02;9.170740e-02;3.126477e-02;3.378773e-02;9.881461e-02
4.919024e-02;7.337747e-02;1.539203e-01;8.426467e-02;1.042469e-01;1.833747e-01;1.075443e-01;3.793397e-02;4.877539e-02;3.809303e-02;3.967102e-02;7.960802e-02
6.143042e-02;1.082250e-01;2.168268e-01;5.461160e-02;8.777505e-02;1.541515e-01;8.565195e-02;4.322175e-02;4.469706e-02;5.154556e-02;1.577370e-02;7.608958e-02
7.117170e-02;8.445948e-02;1.904787e-01;3.790488e-02;1.022713e-01;1.565116e-01;8.894765e-02;4.425703e-02;5.006980e-02;4.290626e-02;2.974290e-02;1.012786e-01
7.760125e-02;4.477431e-02;1.443144e-01;6.544165e-02;1.500483e-01;1.323831e-01;1.011979e-01;3.902816e-02;7.042634e-02;3.328636e-02;1.441077e-02;1.270875e-01
9.080220e-02;5.057844e-02;1.369676e-01;4.677120e-02;1.609653e-01;1.497471e-01;8.030411e-02;2.389932e-02;6.974334e-02;4.824780e-02;1.791715e-02;1.240565e-01
1.170516e-01;3.626368e-02;9.987002e-02;7.080206e-02;1.165555e-01;1.676185e-01;8.844092e-02;3.959223e-02;6.465589e-02;6.608327e-02;2.535549e-02;1.077108e-01
1.049929e-01;3.413631e-02;9.084756e-02;7.734537e-02;5.101712e-02;1.145911e-01;1.437736e-01;9.510875e-02;7.270492e-02;1.209688e-01;2.596403e-02;6.854952e-02
5.357095e-02;4.936585e-02;7.961801e-02;6.804608e-02;1.859384e-02;6.445540e-02;1.549328e-01;1.260448e-01;1.326212e-01;1.703768e-01;2.830484e-02;5.406939e-02
3.312141e-02;3.979723e-02;6.162291e-02;4.798442e-02;3.253139e-02;1.111611e-01;1.255368e-01;1.603453e-01;1.647250e-01;1.286988e-01;3.954494e-02;5.493082e-02
2.293774e-02;4.112396e-02;4.550366e-02;3.648885e-02;5.453167e-02;1.647871e-01;1.176737e-01;2.718925e-01;1.320059e-01;5.963326e-02;2.825249e-02;2.516906e-02
7.443836e-03;7.670139e-02;3.754873e-02;2.376107e-02;5.251943e-02;1.642306e-01;2.000136e-01;3.102938e-01;7.197189e-02;2.875518e-02;1.633576e-02;1.042467e-02
1.551150e-02;1.484614e-01;2.507650e-02;3.864831e-02;2.993382e-02;1.423425e-01;2.579241e-01;2.550425e-01;4.477528e-02;1.200984e-02;1.857464e-02;1.169963e-02
1.356215e-02;2.412610e-01;1.827560e-02;4.450066e-02;1.459533e-02;1.189205e-01;2.833531e-01;1.643591e-01;5.597240e-02;1.198583e-02;2.765051e-02;5.563882e-03
8.422854e-03;3.238218e-01;3.284544e-02;2.259969e-02;2.164094e-02;8.342723e-02;2.804830e-01;1.098589e-01;4.944183e-02;1.088260e-02;5.083524e-02;5.740558e-03
6.518494e-03;3.567171e-01;3.378486e-02;6.808469e-03;2.498511e-02;6.829792e-02;2.582086e-01;1.175138e-01;3.763581e-02;1.017219e-02;7.254829e-02;6.809461e-03
6.750655e-03;3.492526e-01;9.740792e-03;3.537554e-03;2.265053e-02;6.536498e-02;2.801972e-01;1.160818e-01;3.882675e-02;1.311283e-02;9.154805e-02;2.936228e-03
9.298824e-03;3.022710e-01;1.198146e-02;4.389659e-03;1.660733e-02;8.119299e-02;3.312951e-01;9.253006e-02;4.901998e-02;1.410050e-02;8.189568e-02;5.417400e-03
1.381862e-02;2.674281e-01;7.116313e-03;8.360177e-03;9.614487e-03;9.526824e-02;3.929309e-01;7.798531e-02;5.999978e-02;1.017513e-02;4.806319e-02;9.239700e-03
1.169106e-02;2.301819e-01;6.700498e-03;8.282338e-03;6.697317e-03;1.280314e-01;4.384219e-01;6.983611e-02;5.925152e-02;9.846305e-03;2.324628e-02;7.813323e-03
2.509122e-02;2.295038e-01;4.863697e-03;1.197897e-02;6.720792e-03;1.761526e-01;3.988913e-01;7.498150e-02;3.412271e-02;1.094089e-02;2.125821e-02;5.494288e-03
4.175826e-02;2.396434e-01;8.892906e-03;3.001376e-02;1.168759e-02;2.153462e-01;2.882365e-01;6.488196e-02;1.837447e-02;3.432482e-02;4.032720e-02;6.512878e-03
1.547123e-01;1.504404e-01;3.583250e-03;5.631964e-02;8.167946e-03;2.866418e-01;1.394992e-01;4.677781e-02;1.284591e-02;1.126859e-01;1.676312e-02;1.156269e-02
2.758457e-01;4.026024e-02;4.798077e-03;4.902748e-02;9.531102e-03;3.318388e-01;5.176014e-02;4.511705e-02;9.535491e-03;1.666931e-01;8.092584e-03;7.500123e-03
3.219307e-01;2.759319e-02;6.157416e-03;2.811356e-02;1.735519e-02;3.348625e-01;4.083902e-02;4.235512e-02;7.949436e-03;1.351878e-01;1.291849e-02;2.473757e-02
2.866476e-01;3.247120e-02;3.052177e-02;1.510461e-02;4.792561e-02;3.090346e-01;3.418051e-02;3.668162e-02;2.322310e-02;7.364341e-02;1.951499e-02;9.105096e-02
1.765976e-01;5.044150e-02;7.389731e-02;2.601943e-02;8.503871e-02;2.303729e-01;3.833719e-02;2.729977e-02;4.238382e-02;2.980901e-02;5.171060e-02;1.680923e-01
1.208969e-01;6.940182e-02;1.000088e-01;4.491388e-02;5.781091e-02;2.255485e-01;4.065428e-02;4.625397e-02;3.759302e-02;3.912350e-02;8.111560e-02;1.366788e-01
1.532460e-01;7.134202e-02;9.489544e-02;3.669241e-02;2.838023e-02;2.332685e-01;4.450725e-02;6.246095e-02;2.777656e-02;7.354577e-02;6.981305e-02;1.040719e-01
1.764903e-01;6.411486e-02;6.575200e-02;1.741764e-02;2.774791e-02;2.236586e-01;6.110338e-02;3.400999e-02;1.989751e-02;1.093324e-01;7.935972e-02;1.211156e-01
1.852599e-01;4.572199e-02;5.399806e-02;2.058136e-02;3.380780e-02;2.074935e-01;4.587698e-02;2.603135e-02;2.011703e-02;1.702200e-01;6.662433e-02;1.242676e-01
2.165695e-01;7.865521e-02;6.627543e-02;2.795815e-02;5.577927e-02;1.596363e-01;4.468677e-02;1.784931e-02;2.451750e-02;1.371078e-01;5.554977e-02;1.154150e-01
2.517034e-01;6.250576e-02;5.723977e-02;3.364955e-02;6.157168e-02;1.589309e-01;6.813399e-02;2.183031e-02;3.736799e-02;8.995549e-02;5.330002e-02;1.038111e-01
2.252565e-01;5.697249e-02;5.642798e-02;3.725495e-02;6.201699e-02;1.632013e-01;8.452091e-02;2.514274e-02;4.242105e-02;1.185637e-01;4.999302e-02;7.822835e-02
1.974125e-01;6.310380e-02;5.921936e-02;5.328330e-02;6.314143e-02;1.590632e-01;8.008559e-02;2.339330e-02;2.455371e-02;1.338247e-01;7.009163e-02;7.282751e-02
1.834914e-01;6.973160e-02;9.554259e-02;8.800101e-02;3.650174e-02;1.428642e-01;7.792785e-02;3.207385e-02;3.286461e-02;9.304740e-02;8.137781e-02;6.657598e-02
1.029916e-01;6.006692e-02;1.933500e-01;1.241406e-01;4.495228e-02;1.439480e-01;6.588445e-02;5.622774e-02;5.004787e-02;5.028269e-02;4.808275e-02;6.002505e-02
1.268315e-01;1.199080e-01;1.583224e-01;8.164468e-02;4.776004e-02;1.145669e-01;4.653567e-02;6.530041e-02;4.268024e-02;5.483416e-02;8.776700e-02;5.384901e-02
1.187460e-01;1.461552e-01;1.314283e-01;3.849372e-02;3.763920e-02;1.047460e-01;7.398742e-02;5.535408e-02;3.559856e-02;8.523414e-02;7.796771e-02;9.464955e-02
1.162430e-01;1.444808e-01;1.344753e-01;4.152004e-02;2.762068e-02;1.063437e-01;8.043102e-02;5.533186e-02;4.294552e-02;9.729478e-02;5.345778e-02;9.985553e-02
1.667053e-01;1.128925e-01;1.618692e-01;4.413228e-02;4.379558e-02;9.403799e-02;5.437027e-02;5.550972e-02;4.415410e-02;8.360517e-02;5.644090e-02;8.248706e-02
1.964587e-01;5.490162e-02;2.172460e-01;3.518035e-02;4.892818e-02;8.101942e-02;4.343065e-02;5.151743e-02;5.257548e-02;4.690862e-02;5.638300e-02;1.154505e-01
1.625971e-01;7.375713e-02;1.967024e-01;5.436482e-02;2.346704e-02;1.055159e-01;3.539472e-02;6.135436e-02;5.568514e-02;6.257544e-02;5.421633e-02;1.143696e-01
9.705205e-02;1.403214e-01;1.851594e-01;4.468912e-02;2.722322e-02;1.246422e-01;3.309931e-02;7.962389e-02;4.617029e-02;4.137026e-02;6.791125e-02;1.127376e-01
1.022568e-01;1.633217e-01;1.587086e-01;3.928000e-02;2.144520e-02;1.012666e-01;3.936003e-02;7.410569e-02;3.293219e-02;3.300646e-02;6.880995e-02;1.655068e-01
9.864413e-02;1.050224e-01;8.715597e-02;3.651395e-02;9.652735e-03;7.177721e-02;9.356928e-02;5.126914e-02;2.452079e-02;2.399441e-02;6.971651e-02;3.281634e-01
4.412832e-02;4.406330e-02;2.242736e-02;4.921198e-02;8.141499e-03;4.337092e-02;1.637505e-01;2.720004e-02;1.958086e-02;1.351345e-02;7.656392e-02;4.880479e-01
5.021699e-02;5.431360e-02;2.454001e-02;1.006959e-01;1.017098e-02;2.763258e-02;2.079290e-01;4.257765e-02;1.442971e-02;1.796730e-02;4.509658e-02;4.044297e-01
9.922705e-02;6.103321e-02;3.465765e-02;1.305617e-01;5.375755e-02;3.616806e-02;2.254273e-01;1.032585e-01;1.562893e-02;1.986918e-02;1.709353e-02;2.033173e-01
1.549608e-01;1.147024e-01;3.421813e-02;8.212252e-02;9.492544e-02;7.672214e-02;1.497589e-01;1.578411e-01;2.802547e-02;9.194227e-03;2.202398e-02;7.550477e-02
1.258647e-01;2.013592e-01;8.456191e-02;2.411621e-02;5.521220e-02;1.129742e-01;8.289774e-02;1.188700e-01;5.732225e-02;2.584888e-02;1.709865e-02;9.387421e-02
5.838038e-02;2.583601e-01;1.681348e-01;1.937672e-02;2.376374e-02;1.116755e-01;5.104112e-02;7.673711e-02;7.659487e-02;6.876854e-02;1.435763e-02;7.280940e-02
4.647222e-02;2.333114e-01;2.418366e-01;2.620182e-02;1.769026e-02;6.472473e-02;3.856782e-02;6.996933e-02;6.846003e-02;1.042334e-01;3.962595e-02;4.890636e-02
8.636199e-02;2.543813e-01;1.913761e-01;3.835103e-02;1.414902e-02;7.408446e-02;3.069422e-02;6.455562e-02;7.197350e-02;7.684661e-02;4.129164e-02;5.593447e-02
7.500394e-02;3.017792e-01;1.291911e-01;4.900317e-02;2.001939e-02;8.810714e-02;3.561334e-02;4.594460e-02;1.052328e-01;5.893428e-02;2.120415e-02;6.996696e-02
4.450296e-02;2.233998e-01;2.084832e-01;6.279603e-02;4.165652e-02;9.617381e-02;4.576118e-02;3.935185e-02;6.975363e-02;9.487370e-02;1.603566e-02;5.721164e-02
3.401351e-02;1.396857e-01;2.149398e-01;7.260968e-02;5.995887e-02;1.666096e-01;5.639603e-02;5.700558e-02;4.426245e-02;9.643076e-02;2.031490e-02;3.777314e-02
3.387966e-02;9.494343e-02;1.258949e-01;4.290416e-02;4.847300e-02;2.732587e-01;1.063195e-01;1.277015e-01;3.518344e-02;7.901882e-02;1.161181e-02;2.081096e-02
2.484496e-02;6.661676e-02;3.661718e-02;1.104605e-02;2.767797e-02;3.247689e-01;1.425645e-01;2.227403e-01;4.768581e-02;5.888000e-02;1.813114e-02;1.842640e-02
1.290418e-02;4.993862e-02;3.554060e-02;2.583492e-02;2.536922e-02;3.525968e-01;1.048262e-01;2.462433e-01;6.127630e-02;4.227755e-02;1.897576e-02;2.421649e-02
9.517082e-03;5.051238e-02;5.554613e-02;2.941059e-02;3.977614e-02;4.383473e-01;6.156898e-02;1.680910e-01;6.015621e-02;4.728972e-02;1.821170e-02;2.157269e-02
1.848790e-02;7.280415e-02;8.577941e-02;2.699684e-02;5.435009e-02;4.781531e-01;3.779578e-02;6.205296e-02;5.980730e-02;6.093450e-02;2.734711e-02;1.549084e-02
2.695482e-02;8.170010e-02;1.012466e-01;4.374333e-02;4.156693e-02;4.044878e-01;4.843038e-02;7.299650e-02;5.148064e-02;6.879412e-02;3.701827e-02;2.158044e-02
3.691914e-02;6.342009e-02;1.061044e-01;7.035786e-02;6.623338e-02;2.859871e-01;7.617716e-02;1.032786e-01;4.757480e-02;6.877916e-02;4.333605e-02;3.183220e-02
2.370856e-02;4.603368e-02;1.188524e-01;7.347184e-02;7.766791e-02;2.419576e-01;1.001008e-01;1.373189e-01;5.950650e-02;5.103814e-02;4.333131e-02;2.701231e-02
3.618378e-02;6.254145e-02;9.032091e-02;1.134160e-01;6.641588e-02;1.476663e-01;7.543072e-02;1.504297e-01;1.323554e-01;4.024570e-02;4.670113e-02;3.829307e-02
4.069501e-02;1.249180e-01;6.906765e-02;9.211454e-02;7.505954e-02;6.872502e-02;4.677146e-02;1.201718e-01;1.628053e-01;1.216178e-01;4.215487e-02;3.589907e-02
3.397172e-02;1.749566e-01;3.830833e-02;5.696787e-02;1.320421e-01;5.582700e-02;2.527676e-02;4.837577e-02;1.351060e-01;2.334133e-01;4.009566e-02;2.565883e-02
1.365439e-02;1.773895e-01;1.930567e-02;3.341603e-02;1.612845e-01;3.227789e-02;7.668350e-03;2.696307e-02;1.219749e-01;3.567888e-01;3.806678e-02;1.121011e-02
2.885357e-02;1.580141e-01;7.518860e-03;1.188541e-02;1.370756e-01;2.019941e-02;9.037165e-03;2.887793e-02;1.316768e-01;4.327292e-01;2.945548e-02;4.676460e-03
4.206420e-02;1.482623e-01;1.130698e-02;9.675578e-03;1.070001e-01;1.763051e-02;1.115490e-02;2.499528e-02;1.640382e-01;4.302960e-01;2.808260e-02;5.493256e-03
3.638078e-02;7.867048e-02;2.065500e-02;2.326043e-02;8.429340e-02;2.606389e-02;1.390439e-02;1.034711e-01;2.341687e-01;3.425406e-01;2.062953e-02;1.596173e-02
4.867559e-02;3.737712e-02;2.479133e-02;3.439795e-02;5.904575e-02;5.533950e-02;3.215294e-02;2.012409e-01;2.247285e-01;2.287955e-01;2.570826e-02;2.774663e-02
5.129143e-02;3.956367e-02;2.387074e-02;3.535409e-02;5.062149e-02;1.147863e-01;8.425549e-02;2.604018e-01;9.876215e-02;1.748509e-01;2.527242e-02;4.096943e-02
3.325389e-02;5.226214e-02;4.611389e-02;4.542052e-02;4.401158e-02;1.619112e-01;1.252405e-01;1.918432e-01;7.318195e-02;1.430187e-01;4.840279e-02;3.533963e-02
2.940780e-02;5.786874e-02;6.662609e-02;6.497269e-02;5.321531e-02;1.757532e-01;1.179169e-01;1.425868e-01;6.398869e-02;1.575527e-01;3.340742e-02;3.670366e-02
3.174814e-02;4.339048e-02;6.398848e-02;6.523093e-02;7.731795e-02;1.353540e-01;9.307047e-02;1.344101e-01;1.005466e-01;1.889705e-01;3.142327e-02;3.454901e-02
4.846231e-02;4.054242e-02;2.379402e-02;4.602951e-02;9.525314e-02;9.130619e-02;7.672227e-02;1.143045e-01;1.663891e-01;1.804095e-01;8.899805e-02;2.778903e-02
3.116615e-02;3.165717e-02;3.297777e-02;2.797907e-02;8.693321e-02;8.726202e-02;4.830591e-02;5.903072e-02;1.241938e-01;1.431942e-01;2.726513e-01;5.464870e-02
1.273644e-02;2.839976e-02;2.859120e-02;1.913069e-02;4.144077e-02;1.227718e-01;3.320187e-02;3.801440e-02;5.552877e-02;6.640608e-02;4.702020e-01;8.357619e-02
6.742778e-03;1.346753e-02;2.406115e-02;1.274547e-02;1.547884e-02;1.765741e-01;1.914454e-02;1.994783e-02;1.619679e-02;6.147220e-02;5.487028e-01;8.546598e-02
8.164852e-03;1.189498e-02;2.465388e-02;6.123793e-03;3.072779e-02;2.261052e-01;1.077972e-02;1.797854e-02;3.950146e-02;1.111180e-01;4.619638e-01;5.098804e-02
6.526036e-03;2.593951e-02;1.975046e-02;9.814284e-03;9.054467e-02;1.813019e-01;7.448165e-03;1.932555e-02;9.799393e-02;2.521809e-01;2.588030e-01;3.037160e-02
8.973691e-03;3.569923e-02;1.781049e-02;2.193418e-02;1.602884e-01;5.868341e-02;1.031587e-02;6.038179e-02;2.038516e-01;3.072505e-01;9.577935e-02;1.903155e-02
1.134229e-02;2.007662e-02;1.739060e-02;5.511092e-02;1.192123e-01;7.291507e-02;9.424885e-03;1.546497e-01;2.899111e-01;1.703943e-01;6.761521e-02;1.195703e-02
1.284310e-02;1.119328e-02;2.888526e-02;9.273673e-02;4.585548e-02;8.812823e-02;6.867620e-03;2.814481e-01;2.882682e-01;8.240762e-02;4.834383e-02;1.302252e-02
1.141344e-02;1.741231e-02;5.066879e-02;7.232019e-02;2.388466e-02;9.614281e-02;1.074649e-02;4.322318e-01;1.712801e-01;6.983636e-02;3.180155e-02;1.226157e-02
1.110333e-02;3.562943e-02;4.520480e-02;1.995409e-02;2.914879e-02;1.656899e-01;2.117243e-02;4.655128e-01;1.120847e-01;5.231386e-02;3.354512e-02;8.640707e-03
2.546463e-02;4.900634e-02;2.228859e-02;1.301222e-02;3.402371e-02;2.733535e-01;4.954062e-02;3.338684e-01;1.119726e-01;2.921406e-02;4.602516e-02;1.222999e-02
6.019630e-02;4.203109e-02;2.284863e-02;2.782436e-02;2.857895e-02;4.250399e-01;7.671829e-02;1.238078e-01;8.690823e-02;1.922213e-02;7.261188e-02;1.421247e-02
5.299255e-02;3.638373e-02;3.380300e-02;3.381899e-02;2.511901e-02;4.197688e-01;6.538894e-02;1.674697e-01;5.307744e-02;2.967407e-02;7.180679e-02;1.069700e-02
2.730061e-02;7.891362e-02;3.075095e-02;4.151968e-02;2.954151e-02;2.973066e-01;7.152022e-02;2.534979e-01;5.009450e-02;4.888358e-02;5.729819e-02;1.337259e-02
1.955679e-02;1.262160e-01;3.447484e-02;3.154522e-02;1.791056e-02;1.668791e-01;1.133655e-01;3.548025e-01;5.697886e-02;3.985850e-02;2.927649e-02;9.135693e-03
9.883047e-03;1.342061e-01;2.653673e-02;1.486626e-02;1.935414e-02;1.588500e-01;2.460365e-01;3.027416e-01;5.041558e-02;2.277258e-02;8.266961e-03;6.070554e-03
1.556507e-02;1.165460e-01;1.011718e-02;5.045527e-03;1.209380e-02;1.838141e-01;4.024878e-01;2.064914e-01;2.033543e-02;1.322766e-02;1.120417e-02;3.071868e-03
4.392278e-02;7.289273e-02;2.963673e-03;4.033116e-03;7.167096e-03;2.673386e-01;4.409064e-01;1.184590e-01;8.016677e-03;2.159542e-02;9.885789e-03;2.818791e-03
9.775634e-02;3.638310e-02;3.678892e-03;5.425594e-03;1.014388e-02;4.031390e-01;3.194216e-01;5.594782e-02;6.957605e-03;5.085233e-02;6.669286e-03;3.624529e-03
1.483635e-01;1.256339e-02;3.524794e-03;4.961195e-03;2.999987e-02;5.268354e-01;1.526877e-01;2.326590e-02;6.430712e-03;7.118315e-02;6.187574e-03;1.399686e-02
1.373193e-01;1.337504e-02;1.233398e-02;7.593355e-03;7.361909e-02;5.594147e-01;4.905707e-02;9.809712e-03;1.480087e-02;6.627903e-02;5.466474e-03;5.093133e-02
7.095323e-02;1.867903e-02;2.705601e-02;2.524449e-02;1.378432e-01;4.515817e-01;5.437176e-02;1.321545e-02;3.658523e-02;4.469612e-02;1.132824e-02;1.084456e-01
3.599198e-02;2.482146e-02;4.836281e-02;5.940542e-02;1.617857e-01;3.502707e-01;3.880604e-02;2.324682e-02;4.409556e-02;2.923832e-02;2.459705e-02;1.593781e-01
5.144086e-02;4.442130e-02;1.027326e-01;1.036163e-01;1.160001e-01;2.595237e-01;4.795323e-02;3.075298e-02;2.920253e-02;2.782667e-02;3.856121e-02;1.479685e-01
6.374355e-02;8.967713e-02;1.921024e-01;1.139457e-01;7.297417e-02;1.933019e-01;5.027296e-02;4.524731e-02;1.196917e-02;3.193835e-02;3.593389e-02;9.889346e-02
5.706697e-02;1.338448e-01;2.626603e-01;7.567105e-02;2.199326e-02;1.675722e-01;7.435050e-02;4.855295e-02;1.407465e-02;5.005031e-02;1.866034e-02;7.550273e-02
6.826227e-02;1.228665e-01;2.119473e-01;4.179284e-02;5.592339e-02;1.557805e-01;1.070544e-01;5.007094e-02;2.773437e-02;6.208089e-02;1.209609e-02;8.439057e-02
7.564992e-02;6.979541e-02;1.344793e-01;5.704050e-02;7.547870e-02;1.840551e-01;9.522462e-02;5.754081e-02;4.430624e-02;7.201748e-02;1.017655e-02;1.242353e-01
6.709745e-02;6.437213e-02;1.582743e-01;6.600053e-02;6.991286e-02;2.371615e-01;4.701468e-02;4.325245e-02;4.776101e-02;6.497674e-02;1.512439e-02;1.190520e-01
8.520044e-02;7.989781e-02;1.571850e-01;7.931768e-02;9.536630e-02;2.427200e-01;5.386430e-02;4.068645e-02;3.109156e-02;3.190941e-02;2.240944e-02;8.035166e-02
9.596339e-02;6.086272e-02;1.285191e-01;8.360344e-02;9.438702e-02;2.381788e-01;1.102710e-01;5.249118e-02;3.073798e-02;1.832449e-02;2.703588e-02;5.962496e-02
7.385248e-02;4.340203e-02;1.205849e-01;9.123456e-02;8.063621e-02;1.863339e-01;1.504276e-01;4.158773e-02;4.857379e-02;3.655247e-02;3.443959e-02;9.237479e-02
7.596254e-02;3.633746e-02;8.534353e-02;6.906667e-02;7.356141e-02;1.759284e-01;1.310121e-01;5.068279e-02;4.192599e-02;7.976714e-02;5.162552e-02;1.287864e-01
1.163205e-01;4.011299e-02;7.528298e-02;5.075134e-02;6.427097e-02;2.207368e-01;9.796380e-02;5.324562e-02;6.061162e-02;9.691342e-02;3.326395e-02;9.052597e-02
1.112260e-01;5.645497e-02;9.749736e-02;4.464672e-02;7.112473e-02;2.198207e-01;1.083144e-01;4.831932e-02;6.098847e-02;8.110315e-02;2.732544e-02;7.317873e-02
9.726389e-02;6.369089e-02;7.968383e-02;7.329722e-02;7.641425e-02;1.912020e-01;9.567539e-02;6.079781e-02;5.823385e-02;7.611547e-02;4.183581e-02;8.578954e-02
1.051890e-01;4.691665e-02;5.899263e-02;8.027548e-02;5.376007e-02;1.590423e-01;8.391011e-02;7.609018e-02;8.083103e-02;8.306834e-02;5.584329e-02;1.160808e-01
8.183251e-02;3.215668e-02;5.392066e-02;8.645745e-02;7.490157e-02;1.560256e-01;1.016521e-01;9.160309e-02;9.813144e-02;7.302204e-02;5.972155e-02;9.057538e-02
6.041418e-02;4.033588e-02;5.692238e-02;1.330197e-01;1.003715e-01;1.351836e-01;1.042164e-01;9.468555e-02;9.144253e-02;4.687227e-02;7.676879e-02;5.976731e-02
3.878467e-02;7.960135e-02;1.313109e-01;9.783898e-02;1.489798e-01;1.810948e-01;5.823892e-02;1.063356e-01;5.124392e-02;2.259085e-02;4.891457e-02;3.506559e-02
3.470981e-02;1.535432e-01;2.808754e-01;8.162211e-02;8.281431e-02;1.939195e-01;1.941531e-02;7.839508e-02;2.293827e-02;1.539419e-02;2.171051e-02;1.466231e-02
2.442308e-02;2.384612e-01;4.189692e-01;6.582033e-02;3.486245e-02;1.190997e-01;1.464067e-02;4.058750e-02;1.408163e-02;8.989817e-03;1.130606e-02;8.758293e-03
2.070958e-02;3.323075e-01;4.539155e-01;4.699365e-02;1.355591e-02;6.038810e-02;1.135880e-02;1.996188e-02;1.719344e-02;8.015810e-03;5.591640e-03;1.000811e-02
3.258044e-02;4.092666e-01;3.558947e-01;2.660681e-02;1.275291e-02;5.793237e-02;3.863708e-02;1.589650e-02;2.551571e-02;8.629156e-03;7.243520e-03;9.044218e-03
5.022078e-02;4.316070e-01;1.918270e-01;2.626063e-02;2.540294e-02;5.338317e-02;1.255690e-01;2.328387e-02;3.042735e-02;2.001290e-02;1.550180e-02;6.503558e-03
6.287961e-02;3.689430e-01;1.137193e-01;2.090366e-02;3.158002e-02;2.920877e-02;2.517630e-01;2.705508e-02;2.698650e-02;3.820444e-02;2.340255e-02;5.354103e-03
6.267864e-02;3.105392e-01;9.566719e-02;1.860262e-02;2.628601e-02;2.839559e-02;3.204696e-01;2.775073e-02;3.221728e-02;5.204503e-02;1.908407e-02;6.264080e-03
5.577665e-02;3.575287e-01;1.066394e-01;1.859282e-02;1.527146e-02;3.064791e-02;2.609820e-01;2.549275e-02;4.521830e-02;6.106586e-02;1.320996e-02;9.574224e-03
5.034377e-02;4.094815e-01;1.306207e-01;2.488761e-02;9.312037e-03;2.447693e-02;1.831071e-01;2.675256e-02;6.068006e-02;6.406233e-02;1.045309e-02;5.822351e-03
4.664042e-02;4.141438e-01;1.021475e-01;2.995896e-02;7.961295e-03;2.128209e-02;2.083889e-01;2.845478e-02;6.255102e-02;6.255029e-02;1.216124e-02;3.759712e-03
4.813368e-02;4.024640e-01;1.066804e-01;2.656871e-02;8.637264e-03;1.922402e-02;2.282630e-01;1.871465e-02;6.086960e-02;6.379317e-02;1.234460e-02;4.306814e-03
5.020925e-02;3.937030e-01;1.179294e-01;2.320524e-02;7.878092e-03;2.019088e-02;2.150623e-01;2.269955e-02;6.487025e-02;6.635905e-02;1.199378e-02;5.899220e-03
4.845198e-02;3.855555e-01;1.105596e-01;2.410400e-02;1.075037e-02;2.766237e-02;2.036666e-01;3.376344e-02;7.267718e-02;6.965610e-02;7.897903e-03;5.254995e-03
3.938328e-02;3.613400e-01;9.558583e-02;3.533598e-02;8.190420e-03;3.515900e-02;2.323949e-01;3.498168e-02;9.355257e-02;5.540647e-02;6.168213e-03;2.501672e-03
2.757398e-02;3.470814e-01;1.073923e-01;5.978313e-02;5.182315e-03;8.471105e-02;1.726213e-01;2.548061e-02;1.245840e-01;3.202204e-02;6.272173e-03;7.295777e-03
1.977214e-02;3.078956e-01;1.378377e-01;6.109915e-02;1.124446e-02;1.662380e-01;7.454587e-02;5.732970e-02;1.168354e-01;2.653578e-02;2.245781e-03;1.842037e-02
1.936535e-02;2.149537e-01;2.068496e-01;4.091101e-02;3.926498e-02;1.490732e-01;8.521088e-02;9.874874e-02;6.440700e-02;5.250911e-02;7.409861e-03;2.129657e-02
2.510317e-02;1.282028e-01;2.240320e-01;6.939068e-02;6.645503e-02;8.672486e-02;1.551452e-01;9.516240e-02;4.572814e-02;5.892330e-02;2.941789e-02;1.571454e-02
2.277584e-02;7.683909e-02;1.445002e-01;1.174352e-01;9.266081e-02;1.653644e-01;1.152649e-01;1.047472e-01;4.433873e-02;4.699102e-02;4.540568e-02;2.367694e-02
1.661653e-02;3.747782e-02;7.424173e-02;8.657158e-02;1.661518e-01;2.113398e-01;1.565557e-01;8.889434e-02;5.293599e-02;2.963321e-02;2.864979e-02;5.093167e-02
3.765817e-02;1.891176e-02;5.469905e-02;4.869989e-02;1.483751e-01;3.134833e-01;1.725395e-01;8.424185e-02;4.389100e-02;2.330512e-02;1.184451e-02;4.235077e-02
4.710029e-02;3.275144e-02;3.200012e-02;4.420080e-02;7.252707e-02;3.926836e-01;1.798480e-01;1.193287e-01;2.170115e-02;3.054366e-02;1.230277e-02;1.501246e-02
2.641418e-02;4.074712e-02;4.891381e-02;2.604073e-02;4.504256e-02;2.884693e-01;2.410752e-01;1.888856e-01;3.150074e-02;3.087656e-02;1.326111e-02;1.877305e-02
1.234276e-02;2.703100e-02;7.776631e-02;3.061388e-02;2.360509e-02;2.160820e-01;1.518286e-01;3.025676e-01;7.621218e-02;3.947006e-02;1.195227e-02;3.052828e-02
2.876423e-02;1.838059e-02;6.211124e-02;7.660434e-02;1.024073e-02;2.350503e-01;7.636601e-02;2.638631e-01;1.568457e-01;3.369932e-02;1.245826e-02;2.561625e-02
5.385273e-02;1.954379e-02;2.936907e-02;1.035033e-01;2.818253e-02;1.471610e-01;1.323091e-01;1.800047e-01;2.318111e-01;4.823252e-02;1.640915e-02;9.621076e-03
5.922981e-02;1.871474e-02;2.394603e-02;6.363508e-02;6.208633e-02;5.742884e-02;2.053960e-01;1.438761e-01;2.311699e-01;1.040739e-01;1.662462e-02;1.381865e-02
3.781154e-02;3.898863e-02;2.885001e-02;2.697548e-02;1.602427e-01;5.320603e-02;1.559194e-01;7.878023e-02;1.664021e-01;2.067701e-01;1.877898e-02;2.727476e-02
1.954488e-02;6.609482e-02;2.208694e-02;1.194752e-02;2.277219e-01;4.183982e-02;9.491219e-02;7.065585e-02;1.430226e-01;2.530758e-01;2.801076e-02;2.108702e-02
1.575040e-02;1.014004e-01;1.270349e-02;1.260528e-02;2.399548e-01;5.200534e-02;7.511880e-02;6.371295e-02;1.361970e-01;2.525840e-01;2.269961e-02;1.526804e-02
1.116460e-02;1.162280e-01;1.277360e-02;1.699361e-02;2.257583e-01;7.013608e-02;6.133825e-02;7.893468e-02;1.399349e-01;2.268839e-01;2.646947e-02;1.338460e-02
1.873679e-02;1.198006e-01;1.539089e-02;1.595507e-02;2.451575e-01;6.280187e-02;5.909593e-02;6.359233e-02;1.556309e-01;1.924919e-01;3.061908e-02;2.072721e-02
2.660871e-02;1.028218e-01;1.936479e-02;3.223917e-02;2.122785e-01;6.746096e-02;4.299482e-02;8.296698e-02;1.847722e-01;1.696861e-01;2.924143e-02;2.956449e-02
2.541481e-02;5.925557e-02;2.800942e-02;4.213241e-02;9.558523e-02;1.259537e-01;7.982285e-02;1.036795e-01;2.217096e-01;1.759003e-01;2.442030e-02;1.811637e-02
3.006697e-02;4.508865e-02;3.585255e-02;5.231163e-02;5.224458e-02;1.413867e-01;1.194571e-01;1.092321e-01;1.970036e-01;1.647115e-01;3.589016e-02;1.675446e-02
4.723237e-02;4.669880e-02;3.866965e-02;8.285753e-02;5.446652e-02;1.137227e-01;1.419911e-01;9.568203e-02;1.664971e-01;1.611492e-01;3.284180e-02;1.819119e-02
5.430824e-02;4.462199e-02;3.285580e-02;7.215089e-02;8.860733e-02;1.242359e-01;1.447508e-01;7.225691e-02;1.752698e-01;1.206275e-01;4.807108e-02;2.224377e-02
3.804954e-02;4.862033e-02;5.981774e-02;3.195380e-02;1.220716e-01;9.867290e-02;1.112247e-01;1.141086e-01;1.933637e-01;1.327172e-01;3.614741e-02;1.325259e-02
3.140945e-02;4.876754e-02;7.991417e-02;2.658999e-02;7.468895e-02;8.571016e-02;7.285716e-02;1.037722e-01;1.968996e-01;2.270201e-01;2.803627e-02;2.433450e-02
2.110181e-02;5.098256e-02;5.770109e-02;2.836145e-02;1.129767e-01;1.002743e-01;7.209089e-02;9.952442e-02;1.733124e-01;2.418319e-01;2.230460e-02;1.953782e-02
2.727616e-02;4.603126e-02;3.547253e-02;3.905912e-02;1.759980e-01;1.241890e-01;3.571089e-02;8.838066e-02;1.389289e-01;2.460946e-01;2.219470e-02;2.066411e-02
2.467967e-02;4.158898e-02;3.884892e-02;4.821454e-02;1.504105e-01;1.339003e-01;5.884849e-02;8.890682e-02;1.511046e-01;2.085896e-01;3.641774e-02;1.848991e-02
1.917801e-02;5.692020e-02;5.387065e-02;4.536757e-02;1.496720e-01;9.772118e-02;8.127398e-02;1.108485e-01;1.600029e-01;1.525179e-01;4.483533e-02;2.779176e-02
2.218666e-02;7.769084e-02;4.639565e-02;6.414395e-02;1.955977e-01;9.196402e-02;5.127139e-02;1.069051e-01;1.441332e-01;1.385504e-01;4.059171e-02;2.056937e-02
