2.734860e-02;1.226446e-01;1.894031e-01;4.319324e-02;1.096555e-02;1.820869e-01;1.467865e-01;2.357463e-01;2.348743e-02;6.006154e-03;5.682323e-03;6.649372e-03
8.185239e-03;6.493068e-02;2.701627e-01;8.621619e-02;8.301996e-03;8.727400e-02;8.750562e-02;3.318411e-01;4.168786e-02;5.420678e-03;2.104202e-03;6.369767e-03
3.554532e-03;3.343272e-02;2.583173e-01;7.946222e-02;1.228685e-02;5.907884e-02;3.071420e-02;4.459946e-01;5.998546e-02;7.013022e-03;3.384404e-03;6.776001e-03
3.671348e-03;3.911324e-02;1.637737e-01;2.858909e-02;1.371852e-02;1.142791e-01;9.531375e-02;4.713272e-01;5.468781e-02;5.570362e-03;4.686843e-03;5.269106e-03
3.171569e-03;5.105048e-02;8.229601e-02;1.256169e-02;1.507307e-02;2.431688e-01;1.690447e-01;3.747430e-01;3.599752e-02;5.370583e-03;3.395551e-03;4.127115e-03
4.768101e-03;5.512813e-02;6.823526e-02;2.474797e-02;3.429817e-02;3.487120e-01;1.560057e-01;2.631782e-01;3.060255e-02;5.608786e-03;4.103072e-03;4.612116e-03
9.972475e-03;8.402679e-02;1.389397e-01;4.580148e-02;6.003862e-02;3.236383e-01;9.175280e-02;1.920503e-01;3.296687e-02;5.932911e-03;6.483929e-03;8.395807e-03
2.317880e-02;1.552066e-01;2.715946e-01;6.216729e-02;5.403145e-02;1.133394e-01;4.030032e-02;2.054948e-01;3.530372e-02;1.550260e-02;9.495807e-03;1.438457e-02
3.035037e-02;1.463359e-01;2.230343e-01;2.157217e-02;2.687150e-02;1.874575e-01;5.994859e-02;2.279007e-01;3.505246e-02;1.871470e-02;8.166814e-03;1.459491e-02
2.601090e-02;1.049185e-01;2.020968e-01;3.669662e-02;1.445006e-02;1.874484e-01;1.056059e-01;2.342780e-01;4.101363e-02;2.230597e-02;1.215356e-02;1.302159e-02
2.180238e-02;1.020012e-01;1.977658e-01;4.586193e-02;2.590823e-02;1.418263e-01;1.028026e-01;2.568104e-01;5.505472e-02;1.921936e-02;1.455649e-02;1.639066e-02
4.498637e-02;1.011552e-01;1.263179e-01;4.273864e-02;5.406232e-02;2.111530e-01;2.744294e-02;2.165663e-01;9.931587e-02;2.424802e-02;2.790407e-02;2.410954e-02
3.905906e-02;6.445460e-02;7.056468e-02;4.273957e-02;2.915299e-02;1.966418e-01;6.886713e-02;2.639225e-01;1.460906e-01;3.582935e-02;2.427340e-02;1.840439e-02
1.920198e-02;4.693320e-02;8.935992e-02;7.037332e-02;1.656892e-02;9.579947e-02;4.839624e-02;3.313289e-01;2.173414e-01;2.866988e-02;1.667002e-02;1.935667e-02
1.256296e-02;5.563851e-02;9.568047e-02;8.405170e-02;1.875992e-02;9.557243e-02;3.973662e-02;3.022807e-01;2.448654e-01;1.669409e-02;1.165200e-02;2.250515e-02
1.275411e-02;5.656909e-02;1.271956e-01;6.013888e-02;2.222394e-02;6.455582e-02;2.071619e-02;4.039608e-01;1.799761e-01;1.683687e-02;6.494133e-03;2.857854e-02
7.980525e-03;5.413388e-02;1.255133e-01;3.073399e-02;1.637911e-02;7.244197e-02;8.470954e-02;4.759010e-01;8.877406e-02;1.396454e-02;6.286533e-03;2.318156e-02
9.822189e-03;8.092898e-02;8.494803e-02;1.155522e-02;9.057084e-03;1.499104e-01;1.962701e-01;3.968685e-01;3.285927e-02;9.313461e-03;5.511063e-03;1.295576e-02
1.497787e-02;9.370961e-02;4.576191e-02;1.355814e-02;1.302540e-02;2.418615e-01;2.530358e-01;2.884143e-01;2.301530e-02;4.023582e-03;5.533256e-03;3.083296e-03
2.789297e-02;8.195709e-02;4.505065e-02;2.678027e-02;2.197774e-02;2.582943e-01;2.056406e-01;2.587451e-01;5.169779e-02;5.328944e-03;6.674354e-03;9.960297e-03
2.999385e-02;7.641491e-02;1.006348e-01;3.508217e-02;2.090739e-02;2.303406e-01;6.196896e-02;3.120852e-01;1.003804e-01;9.333340e-03;9.989518e-03;1.286896e-02
1.254347e-02;8.600070e-02;1.761480e-01;1.167160e-02;1.800849e-02;2.795998e-01;5.141502e-02;2.298310e-01;1.100914e-01;6.412228e-03;1.110209e-02;7.176221e-03
9.905365e-03;9.712934e-02;2.042829e-01;1.656033e-02;1.866112e-02;2.534043e-01;9.319026e-02;2.056456e-01;7.611320e-02;1.140793e-02;4.431362e-03;9.268404e-03
7.512376e-03;8.422297e-02;1.905256e-01;1.432111e-02;1.243841e-02;1.554325e-01;1.075040e-01;3.265246e-01;7.385772e-02;7.734149e-03;8.362561e-03;1.156400e-02
8.670999e-03;9.312340e-02;1.780412e-01;1.197233e-02;1.484306e-02;1.067562e-01;4.074880e-02;4.021253e-01;1.102660e-01;9.394438e-03;1.134525e-02;1.271304e-02
8.744795e-03;8.333740e-02;1.338657e-01;1.505812e-02;1.151776e-02;1.438628e-01;6.351894e-02;4.028211e-01;1.096127e-01;1.010112e-02;8.572190e-03;8.987407e-03
9.295910e-03;7.617436e-02;1.030648e-01;1.218083e-02;7.493316e-03;1.557018e-01;7.741272e-02;4.261958e-01;1.107497e-01;7.428288e-03;4.216552e-03;1.008582e-02
2.030645e-02;9.482180e-02;9.203183e-02;2.161480e-02;2.352969e-02;1.017714e-01;8.507629e-02;4.309317e-01;8.012907e-02;2.134984e-02;1.754292e-02;1.089424e-02
3.193874e-02;8.994558e-02;1.099173e-01;2.822609e-02;4.937385e-02;1.179017e-01;1.023086e-01;3.283588e-01;5.116418e-02;2.510995e-02;3.172835e-02;3.402693e-02
1.873205e-02;6.682325e-02;1.000728e-01;2.409723e-02;7.560432e-02;1.222346e-01;1.521687e-01;3.066152e-01;4.989185e-02;2.072437e-02;3.123952e-02;3.179605e-02
7.735944e-03;7.146626e-02;6.389937e-02;1.579994e-02;9.955788e-02;1.311762e-01;2.251249e-01;2.690628e-01;4.932855e-02;2.310965e-02;2.766990e-02;1.606867e-02
8.987739e-03;8.753156e-02;4.022766e-02;1.429964e-02;8.873759e-02;1.184704e-01;3.314673e-01;2.105287e-01;5.411781e-02;1.468740e-02;2.279183e-02;8.152377e-03
1.860147e-02;8.098572e-02;3.793951e-02;2.713900e-02;4.104795e-02;1.730747e-01;3.695986e-01;1.755363e-01;4.503608e-02;1.329606e-02;1.242656e-02;5.318092e-03
5.011166e-02;5.548309e-02;3.441474e-02;4.786698e-02;1.478476e-02;2.997600e-01;3.242544e-01;9.740665e-02;2.519814e-02;3.517662e-02;9.017662e-03;6.525306e-03
9.827936e-02;3.587053e-02;3.096507e-02;4.009157e-02;1.140166e-02;4.173290e-01;2.171286e-01;6.567771e-02;1.154003e-02;5.206965e-02;1.183775e-02;7.809076e-03
1.329769e-01;2.713427e-02;4.057055e-02;2.432151e-02;3.030492e-02;4.789212e-01;1.261424e-01;5.334027e-02;8.773969e-03;5.436527e-02;1.195630e-02;1.119237e-02
1.316860e-01;3.788901e-02;5.458704e-02;3.521409e-02;6.249282e-02;4.482763e-01;4.452748e-02;6.823699e-02;2.044293e-02;5.188304e-02;9.010296e-03;3.575410e-02
8.835998e-02;4.912688e-02;9.040201e-02;6.559288e-02;7.541785e-02;2.495362e-01;1.472408e-01;8.037627e-02;3.378648e-02;5.533012e-02;2.331935e-02;4.151116e-02
4.287302e-02;3.405791e-02;1.076399e-01;5.453345e-02;1.004887e-01;2.324651e-01;1.593716e-01;3.129993e-02;5.537779e-02;3.244863e-02;3.787659e-02;1.115674e-01
5.335877e-02;2.361267e-02;8.468773e-02;2.752551e-02;1.220554e-01;2.753432e-01;1.012646e-01;4.682485e-02;7.309576e-02;1.357503e-02;2.019334e-02;1.584632e-01
7.930922e-02;1.543820e-02;7.095242e-02;1.541956e-02;1.660383e-01;1.972309e-01;6.721214e-02;4.435013e-02;1.026771e-01;1.291528e-02;1.357906e-02;2.148777e-01
8.240528e-02;1.325483e-02;6.390444e-02;1.917663e-02;2.417197e-01;1.064677e-01;3.702368e-02;3.220983e-02;1.137289e-01;1.237963e-02;1.146826e-02;2.662611e-01
4.591665e-02;1.632901e-02;4.521722e-02;2.264182e-02;3.255316e-01;6.222773e-02;3.689469e-02;2.871734e-02;1.009979e-01;1.301041e-02;1.519740e-02;2.873182e-01
2.632507e-02;1.761903e-02;3.424692e-02;2.250552e-02;3.867879e-01;6.721845e-02;3.249960e-02;3.744686e-02;8.514640e-02;1.063737e-02;7.651784e-03;2.719150e-01
2.298027e-02;1.231980e-02;4.033578e-02;1.960619e-02;4.074265e-01;4.355469e-02;5.348449e-02;4.759853e-02;9.128728e-02;1.236205e-02;1.377113e-02;2.352733e-01
2.093492e-02;1.085367e-02;5.989058e-02;1.876571e-02;3.862542e-01;6.108050e-02;6.467601e-02;4.417355e-02;1.049379e-01;1.926167e-02;1.022439e-02;1.989470e-01
3.861935e-02;1.507939e-02;8.802822e-02;1.353197e-02;3.415521e-01;1.332237e-01;5.097698e-02;2.573192e-02;9.894224e-02;2.200729e-02;7.408257e-03;1.648985e-01
1.387114e-01;1.930706e-02;7.694433e-02;1.491552e-02;2.370875e-01;2.617608e-01;3.648195e-02;3.061670e-02;5.413207e-02;2.375448e-02;9.379528e-03;9.690867e-02
2.170860e-01;1.966259e-02;4.072023e-02;3.419397e-02;1.140711e-01;3.709088e-01;2.512691e-02;5.535376e-02;1.945410e-02;5.256554e-02;1.012663e-02;4.073039e-02
2.407118e-01;1.440968e-02;2.550437e-02;6.901859e-02;5.760606e-02;3.849812e-01;1.393800e-02;5.765184e-02;1.989774e-02;8.563167e-02;1.142291e-02;1.922612e-02
2.425651e-01;2.532246e-02;2.779010e-02;1.020719e-01;6.845026e-02;3.144748e-01;2.630836e-02;4.271438e-02;2.567721e-02;9.535704e-02;7.023716e-03;2.224459e-02
2.148231e-01;3.934207e-02;3.020694e-02;1.109877e-01;9.358142e-02;2.593508e-01;6.875052e-02;6.621234e-02;2.849509e-02;5.723476e-02;8.416098e-03;2.259924e-02
1.475711e-01;4.285792e-02;3.766642e-02;8.989580e-02;1.219689e-01;2.727945e-01;7.786895e-02;1.152768e-01;3.349345e-02;2.432944e-02;7.528350e-03;2.874830e-02
1.012873e-01;4.154601e-02;3.420779e-02;5.685795e-02;1.527352e-01;2.471038e-01;7.815855e-02;1.617725e-01;4.022632e-02;2.069849e-02;1.457142e-02;5.083458e-02
7.523605e-02;3.944271e-02;2.580959e-02;4.029937e-02;1.760159e-01;2.523387e-01;4.661484e-02;1.771683e-01;3.500594e-02;3.137879e-02;1.425876e-02;8.643096e-02
7.179733e-02;3.797568e-02;3.576652e-02;3.486083e-02;1.314336e-01;3.375374e-01;8.533384e-02;1.208500e-01;2.972931e-02;2.622359e-02;1.064610e-02;7.784572e-02
6.803629e-02;3.881832e-02;2.801338e-02;3.508719e-02;1.061062e-01;4.033938e-01;1.063210e-01;1.040189e-01;2.671518e-02;1.811216e-02;6.310917e-03;5.906663e-02
6.065354e-02;3.840656e-02;3.109846e-02;2.468411e-02;8.725540e-02;4.126461e-01;1.113141e-01;1.390489e-01;2.884430e-02;1.871161e-02;6.269650e-03;4.106726e-02
9.115300e-02;3.323972e-02;3.423835e-02;3.835357e-02;7.859369e-02;4.552165e-01;8.335386e-02;8.601619e-02;2.938333e-02;2.753130e-02;9.411279e-03;3.350917e-02
1.002400e-01;2.815665e-02;4.581217e-02;4.176766e-02;1.093383e-01;5.301864e-01;3.310011e-02;2.750348e-02;2.695241e-02;2.458087e-02;6.256320e-03;2.610566e-02
9.448804e-02;4.490141e-02;1.083815e-01;3.817538e-02;1.088160e-01;4.129094e-01;8.026254e-02;5.025665e-02;1.539555e-02;1.974733e-02;8.880476e-03;1.778559e-02
9.450231e-02;6.893709e-02;1.645256e-01;4.135261e-02;1.019527e-01;2.695090e-01;1.244767e-01;4.349820e-02;2.127979e-02;1.820206e-02;1.230399e-02;3.946000e-02
8.657915e-02;9.119225e-02;1.697416e-01;4.719235e-02;1.112977e-01;1.574880e-01;1.352849e-01;6.955367e-02;3.628768e-02;1.703484e-02;9.731460e-03;6.861641e-02
1.132783e-01;8.586229e-02;1.556997e-01;4.093997e-02;1.312366e-01;1.433039e-01;8.020911e-02;1.014794e-01;5.431135e-02;1.647981e-02;7.481521e-03;6.971812e-02
1.174136e-01;9.522915e-02;1.652021e-01;3.109436e-02;1.505262e-01;1.618431e-01;2.452771e-02;1.157522e-01;6.728519e-02;1.923335e-02;6.659382e-03;4.523350e-02
1.125016e-01;9.605159e-02;1.600952e-01;2.841260e-02;1.458472e-01;2.307513e-01;1.945536e-02;8.971465e-02;6.008171e-02;3.446654e-02;5.958213e-03;1.666408e-02
9.410959e-02;9.376691e-02;1.581600e-01;2.441634e-02;1.354393e-01;2.634405e-01;4.391833e-02;5.514446e-02;4.191129e-02;3.798114e-02;3.706904e-03;4.800529e-02
6.073719e-02;1.057916e-01;1.801900e-01;1.541951e-02;1.227092e-01;2.276018e-01;5.714624e-02;1.043727e-01;2.687500e-02;3.499326e-02;7.084647e-03;5.707892e-02
8.719443e-02;1.107567e-01;2.173117e-01;3.321470e-02;1.302803e-01;1.255418e-01;3.647000e-02;1.257611e-01;2.208043e-02;3.794536e-02;1.525415e-02;5.818928e-02
8.432832e-02;6.802152e-02;1.288307e-01;4.154455e-02;1.217663e-01;2.723228e-01;3.025484e-02;1.147832e-01;3.286890e-02;2.845391e-02;2.100852e-02;5.581642e-02
6.813616e-02;3.966832e-02;4.687804e-02;4.085907e-02;1.374397e-01;3.770834e-01;3.261715e-02;7.927936e-02;3.582273e-02;2.102801e-02;1.736550e-02;1.038225e-01
3.115603e-02;4.734910e-02;9.570502e-02;2.397344e-02;1.226338e-01;3.923621e-01;3.011972e-02;5.738157e-02;4.101805e-02;1.030018e-02;1.118383e-02;1.368172e-01
3.250979e-02;4.480064e-02;7.856389e-02;3.063831e-02;1.449463e-01;3.766842e-01;3.695235e-02;4.204783e-02;4.670748e-02;7.490313e-03;7.639345e-03;1.510196e-01
3.822254e-02;3.259439e-02;6.746783e-02;3.597398e-02;2.009789e-01;3.524246e-01;4.251359e-02;1.953980e-02;5.194336e-02;9.350005e-03;6.470697e-03;1.425203e-01
3.393486e-02;2.387010e-02;8.498551e-02;5.120724e-02;2.863019e-01;2.704197e-01;2.541780e-02;2.035262e-02;4.602410e-02;9.313204e-03;6.009448e-03;1.421635e-01
2.885365e-02;2.282511e-02;4.778681e-02;8.219426e-02;3.382178e-01;2.189506e-01;3.061939e-02;3.363256e-02;4.249863e-02;6.692700e-03;8.148016e-03;1.395805e-01
1.391636e-02;3.428749e-02;6.648831e-02;9.230407e-02;2.779078e-01;2.590362e-01;2.783329e-02;6.336036e-02;4.557253e-02;7.721206e-03;4.782569e-03;1.067898e-01
1.503939e-02;5.711087e-02;9.723631e-02;9.473549e-02;2.246821e-01;2.591810e-01;2.322282e-02;8.129944e-02;3.833829e-02;2.001249e-02;1.011141e-02;7.903039e-02
4.722913e-02;1.057204e-01;1.459999e-01;7.807675e-02;1.861645e-01;2.034243e-01;3.178632e-02;7.764608e-02;2.282326e-02;3.792183e-02;2.082068e-02;4.238694e-02
6.488203e-02;1.655288e-01;1.818717e-01;5.124087e-02;1.709013e-01;1.505176e-01;2.935366e-02;6.355233e-02;3.649040e-02;2.975851e-02;1.281771e-02;4.308513e-02
3.552815e-02;1.659954e-01;1.877366e-01;6.392726e-02;1.772766e-01;1.665184e-01;3.627124e-02;6.406847e-02;3.826573e-02;1.502427e-02;8.027450e-03;4.136039e-02
3.980161e-02;1.388262e-01;2.038519e-01;6.582464e-02;1.582750e-01;2.473738e-01;2.178754e-02;3.586587e-02;3.201312e-02;1.323349e-02;7.855492e-03;3.529130e-02
5.307879e-02;1.257606e-01;1.845227e-01;5.508108e-02;1.267168e-01;3.064265e-01;1.600504e-02;2.574850e-02;3.173394e-02;1.856104e-02;5.294291e-03;5.107069e-02
6.128531e-02;1.192016e-01;1.896599e-01;2.796642e-02;1.004370e-01;2.536789e-01;3.899101e-02;4.216338e-02;3.485823e-02;2.764639e-02;2.551184e-02;7.860007e-02
5.668416e-02;7.639469e-02;1.642774e-01;7.500181e-02;1.224345e-01;1.535353e-01;4.423941e-02;7.219625e-02;4.003408e-02;3.308217e-02;6.542193e-02;9.669824e-02
3.469381e-02;4.981202e-02;1.044645e-01;8.884410e-02;1.663115e-01;2.371388e-01;1.937476e-02;6.153466e-02;5.245310e-02;3.686849e-02;6.008162e-02;8.842260e-02
4.039611e-02;4.220217e-02;6.906981e-02;6.458114e-02;1.710742e-01;3.497084e-01;2.454046e-02;3.535699e-02;4.236603e-02;5.692262e-02;3.056453e-02;7.321748e-02
5.684451e-02;3.782180e-02;5.346141e-02;3.369612e-02;1.214005e-01;4.575709e-01;3.106237e-02;3.452878e-02;1.980729e-02;1.023980e-01;1.172369e-02;3.968459e-02
6.204506e-02;3.963600e-02;4.767516e-02;2.368016e-02;5.892936e-02;5.299894e-01;3.274987e-02;3.207892e-02;1.590564e-02;1.256261e-01;9.023448e-03;2.266089e-02
8.469208e-02;5.213822e-02;7.284348e-02;1.645645e-02;4.107981e-02;5.484366e-01;2.460224e-02;2.432043e-02;2.315303e-02;7.282914e-02;8.962345e-03;3.048623e-02
1.040310e-01;4.837037e-02;8.411261e-02;2.116039e-02;6.982750e-02;5.046124e-01;1.979806e-02;3.574626e-02;4.117447e-02;3.649548e-02;7.701328e-03;2.697011e-02
1.052855e-01;3.809962e-02;7.163799e-02;2.609376e-02;7.716092e-02;5.043620e-01;3.103952e-02;5.612848e-02;3.256062e-02;2.769773e-02;7.610050e-03;2.232385e-02
1.231416e-01;3.101725e-02;5.706291e-02;2.128357e-02;5.497089e-02;5.548384e-01;4.693003e-02;3.696912e-02;1.970529e-02;2.526763e-02;8.145410e-03;2.066786e-02
1.229458e-01;3.246683e-02;6.573318e-02;1.848700e-02;8.642863e-02;5.424717e-01;3.108025e-02;2.811028e-02;2.188797e-02;2.749828e-02;8.524980e-03;1.436512e-02
8.553810e-02;3.586651e-02;6.675214e-02;2.367146e-02;9.688061e-02;5.291390e-01;2.092623e-02;4.643591e-02;2.532634e-02;2.365049e-02;1.227716e-02;3.353597e-02
3.819117e-02;4.445111e-02;3.550113e-02;2.401047e-02;8.771683e-02;5.776020e-01;2.814738e-02;7.764035e-02;2.082350e-02;1.441785e-02;1.693775e-02;3.456051e-02
3.694448e-02;6.987021e-02;1.048114e-01;2.301376e-02;7.774237e-02;5.140135e-01;2.900731e-02;6.022707e-02;1.954239e-02;1.657531e-02;2.344625e-02;2.480596e-02
4.247647e-02;8.128501e-02;1.151854e-01;3.441782e-02;1.018357e-01;4.280447e-01;4.496186e-02;5.666386e-02;3.130151e-02;2.162240e-02;2.721859e-02;1.498666e-02
4.659222e-02;8.250314e-02;8.252319e-02;5.019379e-02;1.016664e-01;3.306635e-01;6.356771e-02;1.160859e-01;4.140516e-02;2.203164e-02;3.591584e-02;2.685148e-02
3.923100e-02;7.954424e-02;7.989860e-02;4.573240e-02;6.978879e-02;2.006357e-01;1.026162e-01;2.237964e-01;6.434178e-02;2.676557e-02;3.744336e-02;3.020595e-02
1.933352e-02;7.263406e-02;5.388946e-02;1.912731e-02;4.462089e-02;1.983308e-01;1.976766e-01;2.495373e-01;5.193754e-02;2.618696e-02;5.133500e-02;1.539057e-02
8.838079e-03;6.992677e-02;2.166188e-02;1.121970e-02;3.671798e-02;2.732355e-01;2.533696e-01;2.092219e-01;2.775307e-02;2.601306e-02;5.568314e-02;6.359233e-03
1.347078e-02;6.174595e-02;1.762008e-02;1.377576e-02;3.077981e-02;3.511136e-01;2.544055e-01;1.659433e-01;1.218704e-02;3.051967e-02;4.098243e-02;7.456079e-03
2.556517e-02;5.006078e-02;5.705383e-02;2.078264e-02;4.782997e-02;4.077116e-01;1.768550e-01;1.373777e-01;1.732260e-02;2.378703e-02;2.232435e-02;1.332932e-02
5.115451e-02;5.579466e-02;7.868847e-02;3.251013e-02;8.377635e-02;3.951802e-01;1.668254e-01;6.686804e-02;1.877437e-02;1.890221e-02;1.181463e-02;1.971107e-02
6.021851e-02;8.711027e-02;7.329632e-02;2.969204e-02;8.361629e-02;3.541641e-01;1.713191e-01;8.230897e-02;1.098610e-02;1.276966e-02;1.269389e-02;2.182477e-02
3.070215e-02;1.070895e-01;8.047281e-02;1.311582e-02;6.183217e-02;3.236420e-01;1.466608e-01;1.787084e-01;2.000363e-02;7.728994e-03;1.198299e-02;1.806077e-02
6.417695e-03;1.022234e-01;8.740743e-02;1.161979e-02;5.117020e-02;2.776698e-01;1.430809e-01;2.586460e-01;2.192503e-02;9.224200e-03;9.754884e-03;2.086066e-02
1.262423e-02;8.852494e-02;7.190125e-02;9.638598e-03;4.026658e-02;2.140081e-01;1.874215e-01;3.136603e-01;1.859916e-02;8.622720e-03;1.173956e-02;2.299310e-02
8.080803e-03;8.694997e-02;5.626073e-02;1.392207e-02;3.600807e-02;2.176386e-01;1.832454e-01;3.333876e-01;2.481273e-02;7.140316e-03;1.341226e-02;1.914142e-02
1.873555e-02;7.435097e-02;4.929473e-02;1.976362e-02;4.943020e-02;2.714274e-01;1.368191e-01;3.177698e-01;2.986569e-02;6.725142e-03;9.799101e-03;1.601866e-02
2.910111e-02;5.112182e-02;3.306706e-02;2.274900e-02;7.047412e-02;3.895572e-01;7.900656e-02;2.726175e-01;2.413497e-02;9.169117e-03;4.888245e-03;1.411335e-02
3.563560e-02;4.381463e-02;3.203342e-02;2.698690e-02;8.104993e-02;4.352550e-01;5.894757e-02;2.218192e-01;7.937416e-03;1.726156e-02;1.675659e-02;2.250221e-02
3.133304e-02;3.399460e-02;5.124950e-02;2.519112e-02;6.207719e-02;3.705977e-01;1.089377e-01;1.928733e-01;3.343408e-02;2.736030e-02;2.736183e-02;3.558965e-02
3.824887e-02;4.213310e-02;5.438647e-02;2.220332e-02;3.294797e-02;3.405211e-01;1.214501e-01;2.137065e-01;3.240997e-02;3.432040e-02;2.952817e-02;3.814402e-02
3.285338e-02;5.101536e-02;4.837110e-02;2.719714e-02;3.484642e-02;3.375128e-01;1.034284e-01;2.291497e-01;3.871803e-02;2.785306e-02;2.884629e-02;4.020837e-02
2.201623e-02;7.499573e-02;6.297226e-02;3.136474e-02;7.025627e-02;3.009194e-01;9.889662e-02;2.077145e-01;3.618776e-02;3.003999e-02;2.794444e-02;3.669199e-02
4.273571e-02;8.552532e-02;7.965161e-02;3.299685e-02;1.011686e-01;2.475806e-01;1.014191e-01;1.937796e-01;2.685857e-02;3.777630e-02;2.602662e-02;2.448118e-02
4.238676e-02;8.352217e-02;9.986656e-02;2.312841e-02;8.320888e-02;3.681674e-01;8.155705e-02;1.506039e-01;2.292988e-02;2.036997e-02;8.614897e-03;1.564411e-02
3.235202e-02;8.315484e-02;9.378307e-02;1.302648e-02;7.531303e-02;4.618079e-01;5.290594e-02;1.156467e-01;2.525355e-02;1.816543e-02;4.758865e-03;2.383214e-02
1.705303e-02;8.089976e-02;9.988403e-02;2.320515e-02;8.651011e-02;4.916249e-01;3.607268e-02;8.646884e-02;2.332230e-02;1.643161e-02;9.640815e-03;2.888681e-02
1.811596e-02;5.517971e-02;7.556734e-02;2.657240e-02;8.802588e-02;4.041325e-01;6.596974e-02;1.842830e-01;3.319786e-02;8.169990e-03;1.316560e-02;2.761999e-02
1.776492e-02;5.418057e-02;8.790571e-02;2.641780e-02;8.724584e-02;3.356210e-01;7.168650e-02;2.457985e-01;2.273625e-02;1.094280e-02;1.529900e-02;2.440115e-02
2.006208e-02;6.627771e-02;1.060747e-01;2.255220e-02;7.375769e-02;3.301343e-01;3.519937e-02;2.684848e-01;3.855289e-02;1.453041e-02;1.176610e-02;1.260771e-02
3.177470e-02;8.322284e-02;1.174542e-01;3.074054e-02;7.727237e-02;2.443710e-01;5.454969e-02;2.840193e-01;3.670959e-02;1.424903e-02;1.211061e-02;1.352611e-02
3.758782e-02;8.344141e-02;9.985410e-02;3.189371e-02;7.826489e-02;2.581324e-01;5.423899e-02;2.720011e-01;3.633714e-02;1.462153e-02;1.640643e-02;1.722048e-02
2.949612e-02;8.425453e-02;1.043046e-01;3.142965e-02;4.920697e-02;3.503173e-01;5.233539e-02;2.142420e-01;3.483920e-02;2.137717e-02;1.213233e-02;1.606476e-02
2.062289e-02;1.083526e-01;9.805184e-02;3.716502e-02;6.392120e-02;3.151983e-01;7.650239e-02;1.828357e-01;3.741192e-02;2.575761e-02;1.935637e-02;1.482419e-02
1.829310e-02;9.870545e-02;9.902836e-02;4.682952e-02;9.753770e-02;2.720755e-01;9.583178e-02;1.844613e-01;4.315953e-02;1.563289e-02;1.518751e-02;1.325736e-02
1.937148e-02;6.165023e-02;7.256737e-02;5.374232e-02;1.113201e-01;1.774244e-01;1.037170e-01;2.502292e-01;8.597904e-02;2.616739e-02;1.765240e-02;2.017907e-02
4.358248e-02;3.683363e-02;4.688925e-02;4.492017e-02;1.026698e-01;2.855717e-01;7.105996e-02;2.311236e-01;7.511441e-02;2.520292e-02;1.326062e-02;2.377159e-02
5.617987e-02;2.268375e-02;2.273110e-02;3.520987e-02;7.180846e-02;4.678547e-01;6.027391e-02;1.732013e-01;3.761811e-02;2.934423e-02;3.879749e-03;1.921497e-02
5.979901e-02;1.715972e-02;1.205883e-02;1.542920e-02;3.444172e-02;6.009705e-01;6.435188e-02;1.421137e-01;1.530379e-02;3.071493e-02;1.181918e-03;6.474827e-03
5.515531e-02;1.387272e-02;2.039353e-02;9.421923e-03;3.344094e-02;6.216534e-01;5.791131e-02;1.320614e-01;1.869053e-02;2.427130e-02;1.973998e-03;1.115358e-02
5.393322e-02;2.013676e-02;3.204226e-02;1.061650e-02;4.990412e-02;6.207864e-01;4.491320e-02;1.083641e-01;2.424044e-02;1.390001e-02;3.570571e-03;1.759244e-02
5.764201e-02;1.434632e-02;1.421700e-02;6.035714e-03;4.055151e-02;6.087389e-01;3.044816e-02;1.683747e-01;2.516383e-02;2.119512e-02;3.001850e-03;1.028485e-02
6.275393e-02;1.651064e-02;2.034221e-02;4.741073e-03;2.360603e-02;5.762391e-01;3.078664e-02;1.922180e-01;2.466645e-02;4.095890e-02;2.947737e-03;4.229286e-03
6.649076e-02;1.923619e-02;1.676572e-02;4.930031e-03;1.808899e-02;5.607671e-01;4.460054e-02;1.618089e-01;2.198493e-02;7.916684e-02;2.597210e-03;3.562788e-03
6.287667e-02;1.249575e-02;1.384443e-02;1.388188e-02;2.086981e-02;5.489850e-01;5.876239e-02;1.286764e-01;2.368573e-02;1.089552e-01;1.731923e-03;5.234833e-03
4.229422e-02;2.150444e-02;1.465536e-02;1.656429e-02;1.635134e-02;5.172555e-01;1.237955e-01;1.265046e-01;2.225209e-02;8.911911e-02;2.616479e-03;7.087160e-03
1.648010e-02;4.349187e-02;1.532967e-02;1.301787e-02;1.998617e-02;3.949735e-01;2.387647e-01;1.391364e-01;6.575471e-02;3.477702e-02;1.104363e-02;7.244421e-03
6.196061e-03;5.595590e-02;8.386632e-03;7.187865e-03;2.597472e-02;2.296907e-01;3.390741e-01;1.739780e-01;1.134861e-01;1.233668e-02;2.063934e-02;7.093816e-03
9.199275e-03;5.624333e-02;2.667738e-02;8.421608e-03;4.133796e-02;1.316611e-01;3.276543e-01;2.593454e-01;9.803270e-02;9.435761e-03;2.508428e-02;6.906912e-03
1.281576e-02;4.018351e-02;5.148014e-02;9.911230e-03;3.679173e-02;1.861686e-01;2.213088e-01;3.569640e-01;4.509268e-02;1.622078e-02;1.530061e-02;7.762242e-03
9.899752e-03;2.825069e-02;8.127090e-02;7.288284e-03;2.927953e-02;1.900181e-01;1.229010e-01;4.388201e-01;4.064317e-02;3.059033e-02;7.083186e-03;1.395494e-02
7.828607e-03;1.552759e-02;1.172752e-01;9.374289e-03;2.449411e-02;1.102413e-01;3.666520e-02;5.421144e-01;5.646442e-02;4.442532e-02;5.174614e-03;3.041490e-02
6.196624e-03;8.990645e-03;1.330587e-01;9.114206e-03;2.436262e-02;7.929312e-02;5.608790e-02;5.230255e-01;7.494831e-02;3.547137e-02;3.770873e-03;4.568012e-02
9.144674e-03;1.318095e-02;1.283409e-01;2.524475e-02;2.426811e-02;7.461603e-02;4.506088e-02;4.819241e-01;1.102309e-01;2.402244e-02;7.507452e-03;5.645883e-02
1.112551e-02;2.294560e-02;9.732035e-02;5.419345e-02;2.518245e-02;1.127242e-01;5.222695e-02;3.908727e-01;1.436737e-01;2.275916e-02;5.403353e-03;6.157270e-02
1.706653e-02;3.616120e-02;7.871561e-02;7.291468e-02;2.693016e-02;1.212929e-01;5.356535e-02;3.082301e-01;1.614736e-01;3.602776e-02;9.306054e-03;7.831603e-02
1.399993e-02;3.433475e-02;9.362832e-02;7.171881e-02;2.294658e-02;1.322173e-01;1.104706e-01;2.673008e-01;1.270498e-01;3.366822e-02;1.881312e-02;7.385176e-02
2.182087e-02;4.254630e-02;1.135038e-01;5.430097e-02;1.917890e-02;2.381563e-01;1.556773e-01;1.922937e-01;8.203976e-02;2.837814e-02;1.844307e-02;3.366092e-02
2.098889e-02;5.170421e-02;1.387076e-01;4.049261e-02;2.815790e-02;3.294318e-01;8.409633e-02;1.887926e-01;7.755760e-02;1.951938e-02;7.492093e-03;1.305892e-02
1.508532e-02;4.918817e-02;1.553986e-01;3.039745e-02;2.037490e-02;2.752590e-01;8.109637e-02;2.427586e-01;9.466889e-02;1.177224e-02;5.356313e-03;1.864425e-02
1.949606e-02;7.406633e-02;1.697273e-01;2.016941e-02;1.468850e-02;2.253477e-01;3.758654e-02;3.066643e-01;9.201616e-02;1.090050e-02;4.539485e-03;2.479772e-02
2.468657e-02;1.131761e-01;1.598428e-01;1.010020e-02;1.881437e-02;1.904390e-01;8.064038e-02;2.985474e-01;6.752722e-02;1.179246e-02;3.283700e-03;2.114975e-02
3.070523e-02;1.240092e-01;1.284373e-01;1.212157e-02;1.717302e-02;2.291635e-01;7.431811e-02;2.918280e-01;4.929878e-02;1.640209e-02;7.359163e-03;1.918401e-02
3.796493e-02;1.110486e-01;1.177266e-01;1.341744e-02;6.636555e-03;2.429887e-01;6.984402e-02;2.836421e-01;6.459201e-02;1.372199e-02;1.238114e-02;2.603603e-02
3.555889e-02;6.135581e-02;1.080173e-01;1.504254e-02;2.144345e-02;3.042911e-01;4.004435e-02;2.377536e-01;1.014345e-01;2.109169e-02;2.162796e-02;3.233882e-02
2.698121e-02;3.087831e-02;7.989585e-02;1.872463e-02;2.927878e-02;2.836742e-01;8.638489e-02;2.680198e-01;9.394243e-02;1.961504e-02;2.815029e-02;3.445450e-02
4.905287e-02;6.883581e-02;5.313263e-02;2.745908e-02;3.396882e-02;2.350977e-01;8.035149e-02;2.174833e-01;9.767295e-02;3.209906e-02;3.825034e-02;6.659596e-02
8.075269e-02;1.243637e-01;4.952773e-02;3.223770e-02;3.341073e-02;1.967768e-01;5.396798e-02;1.728594e-01;8.914934e-02;5.509737e-02;3.522988e-02;7.662662e-02
9.812058e-02;1.841986e-01;1.013508e-01;1.706288e-02;3.373499e-02;1.599665e-01;5.003928e-02;1.440438e-01;7.750118e-02;6.959753e-02;1.870333e-02;4.568059e-02
8.387221e-02;1.765375e-01;8.292036e-02;3.982823e-02;2.865126e-02;1.098647e-01;1.120617e-01;1.024600e-01;9.792037e-02;8.963916e-02;1.955481e-02;5.668980e-02
5.139259e-02;1.150126e-01;6.855311e-02;5.039016e-02;2.245487e-02;1.363321e-01;1.596972e-01;1.307882e-01;9.220869e-02;6.863789e-02;3.153409e-02;7.299851e-02
2.226592e-02;7.165574e-02;8.063868e-02;2.668778e-02;4.695392e-02;2.898926e-01;1.317320e-01;1.245229e-01;6.386917e-02;3.556061e-02;5.367596e-02;5.254482e-02
8.145092e-03;6.062906e-02;8.050381e-02;2.242076e-02;1.167091e-01;3.588778e-01;5.011499e-02;1.140714e-01;7.834461e-02;3.840058e-02;5.008718e-02;2.169563e-02
3.204192e-02;6.061992e-02;4.941545e-02;4.613166e-02;1.860203e-01;2.763679e-01;2.908360e-02;1.415391e-01;9.631719e-02;4.578886e-02;2.525143e-02;1.142263e-02
6.909993e-02;5.046966e-02;3.301527e-02;1.227666e-01;1.988388e-01;1.764999e-01;1.636499e-02;1.311532e-01;1.309094e-01;4.462434e-02;1.223056e-02;1.402729e-02
8.353233e-02;4.115537e-02;6.088870e-02;1.817196e-01;1.219140e-01;1.855249e-01;4.315928e-02;1.000227e-01;1.107470e-01;3.462591e-02;8.824648e-03;2.788571e-02
5.909182e-02;4.597211e-02;9.743786e-02;1.480140e-01;5.299598e-02;1.918858e-01;4.486478e-02;1.838469e-01;1.036099e-01;2.249605e-02;6.910198e-03;4.287467e-02
3.110556e-02;6.116320e-02;1.656575e-01;7.533051e-02;1.825313e-02;1.531466e-01;3.706207e-02;2.584483e-01;1.041249e-01;1.896369e-02;1.435385e-02;6.239067e-02
1.495744e-02;1.032224e-01;1.972533e-01;3.116773e-02;3.813624e-02;1.279561e-01;4.655902e-02;2.487002e-01;7.998366e-02;9.365566e-03;3.635211e-02;6.634621e-02
1.553206e-02;1.405386e-01;1.363299e-01;3.540379e-02;4.279959e-02;2.140840e-01;6.211304e-02;1.757061e-01;7.620382e-02;1.157393e-02;4.822222e-02;4.149302e-02
2.977655e-02;1.659425e-01;1.116564e-01;3.456697e-02;3.018224e-02;2.202729e-01;6.822751e-02;1.776904e-01;7.882733e-02;1.604264e-02;4.172884e-02;2.508574e-02
3.642398e-02;1.271257e-01;9.846819e-02;3.629385e-02;2.839720e-02;1.824899e-01;6.283083e-02;2.563495e-01;9.709214e-02;1.833206e-02;3.099077e-02;2.520585e-02
3.669811e-02;6.623130e-02;6.399583e-02;2.168852e-02;3.766705e-02;2.016938e-01;4.726724e-02;2.904203e-01;1.488568e-01;3.631573e-02;2.748372e-02;2.168165e-02
3.802045e-02;8.115310e-02;1.075825e-01;1.743799e-02;3.395295e-02;2.714853e-01;4.904823e-02;1.889608e-01;1.196476e-01;4.007358e-02;3.285163e-02;1.978575e-02
5.017420e-02;8.719473e-02;1.459459e-01;2.074159e-02;3.050486e-02;1.828647e-01;1.047628e-01;2.284347e-01;8.546145e-02;2.327778e-02;2.625452e-02;1.438276e-02
5.463795e-02;9.317898e-02;1.705395e-01;3.137042e-02;4.486079e-02;1.115941e-01;1.174147e-01;2.565501e-01;6.485891e-02;1.939280e-02;1.419439e-02;2.140739e-02
4.785459e-02;1.403915e-01;1.746443e-01;4.884421e-02;6.428266e-02;1.598076e-01;4.113460e-02;2.023116e-01;5.320136e-02;2.183898e-02;1.769132e-02;2.799724e-02
3.973328e-02;1.090850e-01;1.715837e-01;4.245557e-02;5.574374e-02;1.640443e-01;5.820235e-02;2.078265e-01;6.432520e-02;2.890448e-02;2.438323e-02;3.371261e-02
3.874611e-02;3.827884e-02;1.459197e-01;3.497831e-02;3.425828e-02;1.859713e-01;3.115577e-02;2.684472e-01;1.135294e-01;2.807042e-02;2.911424e-02;5.153033e-02
3.420705e-02;1.123830e-01;1.387710e-01;4.205838e-02;1.640446e-02;1.808490e-01;4.123039e-02;2.263630e-01;1.075602e-01;2.195717e-02;2.671065e-02;5.150573e-02
4.156249e-02;1.324966e-01;1.584632e-01;4.663149e-02;5.030308e-02;1.776410e-01;1.823475e-02;1.832023e-01;1.008465e-01;2.551454e-02;2.545326e-02;3.965075e-02
5.332629e-02;1.300336e-01;1.700629e-01;1.799064e-02;7.213570e-02;1.563363e-01;4.461865e-02;1.970575e-01;9.802096e-02;2.568169e-02;1.506479e-02;1.967102e-02
4.940139e-02;8.037741e-02;1.006689e-01;4.928339e-02;8.015757e-02;2.224137e-01;5.637373e-02;2.586208e-01;3.981746e-02;2.273881e-02;1.535228e-02;2.479454e-02
2.728901e-02;7.682686e-02;1.083491e-01;4.491880e-02;6.460338e-02;3.130735e-01;1.944212e-02;2.527949e-01;4.306574e-02;1.669799e-02;1.227886e-02;2.065980e-02
2.757433e-02;1.035285e-01;1.075145e-01;1.961234e-02;4.556158e-02;2.815168e-01;4.006079e-02;2.702711e-01;5.236690e-02;1.936952e-02;9.911037e-03;2.271266e-02
3.091550e-02;7.380636e-02;9.198774e-02;2.090491e-02;3.286742e-02;2.447733e-01;4.698815e-02;2.748875e-01;1.268855e-01;2.387906e-02;1.731239e-02;1.479221e-02
3.519908e-02;7.743204e-02;9.698547e-02;2.255099e-02;2.720056e-02;2.538502e-01;3.522897e-02;2.525974e-01;1.373027e-01;1.806743e-02;1.702944e-02;2.655570e-02
4.651593e-02;1.254701e-01;1.430889e-01;2.090306e-02;3.815879e-02;3.039436e-01;2.808426e-02;1.283357e-01;9.617053e-02;1.290292e-02;1.694126e-02;3.948488e-02
5.250058e-02;1.448806e-01;1.514675e-01;2.401784e-02;4.197218e-02;2.749220e-01;6.946474e-02;7.095970e-02;8.585140e-02;2.660764e-02;2.482285e-02;3.253286e-02
4.791322e-02;1.019317e-01;1.331010e-01;3.183947e-02;4.365702e-02;2.583972e-01;8.302683e-02;9.489941e-02;1.062795e-01;3.872206e-02;3.357997e-02;2.665268e-02
