9.615608e-02;4.981785e-02;1.077007e-01;7.520893e-02;6.281138e-02;6.377930e-02;1.242468e-01;1.323035e-01;9.964363e-02;7.535072e-02;3.063389e-02;8.234715e-02
9.681493e-02;5.669886e-02;1.224715e-01;8.770786e-02;6.422856e-02;5.968082e-02;1.093892e-01;8.662770e-02;1.147175e-01;8.592821e-02;4.701285e-02;6.872197e-02
9.780636e-02;6.495150e-02;1.292833e-01;9.988713e-02;6.196715e-02;7.838763e-02;1.037810e-01;7.658263e-02;1.062000e-01;5.562201e-02;5.700640e-02;6.852496e-02
7.950516e-02;8.271056e-02;1.617716e-01;1.082464e-01;4.361716e-02;7.561788e-02;1.248876e-01;7.716478e-02;8.410415e-02;5.720572e-02;5.960141e-02;4.556756e-02
5.489914e-02;5.323469e-02;1.722340e-01;9.246538e-02;4.973188e-02;6.253063e-02;1.642487e-01;8.412571e-02;7.869569e-02;6.435315e-02;8.073293e-02;4.274810e-02
3.498083e-02;2.180505e-02;2.170322e-01;3.101923e-02;9.796148e-02;7.822423e-02;3.734807e-01;3.181307e-02;2.545166e-02;3.131436e-02;3.555671e-02;2.136042e-02
4.240678e-02;1.575044e-02;1.800427e-01;2.251726e-02;1.268964e-01;1.115202e-01;4.103040e-01;1.521376e-02;1.189924e-02;2.423188e-02;2.006794e-02;1.914939e-02
4.248581e-02;1.944843e-02;1.365205e-01;2.528379e-02;1.487980e-01;1.497924e-01;4.188547e-01;9.656422e-03;7.419070e-03;1.970126e-02;1.167990e-02;1.035969e-02
4.468722e-02;2.085715e-02;6.634024e-02;1.782724e-02;1.189650e-01;1.425126e-01;5.279672e-01;1.976933e-02;9.664888e-03;1.712467e-02;8.068762e-03;6.215654e-03
4.222745e-02;3.671471e-02;4.500516e-02;1.082792e-02;6.665127e-02;8.349965e-02;5.923558e-01;3.487150e-02;3.931851e-02;1.676133e-02;2.207336e-02;9.693318e-03
5.566980e-02;4.321102e-02;7.019226e-02;1.423262e-02;4.500190e-02;3.850104e-02;4.519926e-01;1.257576e-01;6.241798e-02;3.676150e-02;3.471849e-02;2.154322e-02
5.022537e-02;3.013578e-02;7.349046e-02;1.338848e-02;2.941022e-02;2.798823e-02;3.862682e-01;2.444918e-01;5.698049e-02;3.669358e-02;3.050415e-02;2.042325e-02
2.644090e-02;1.429542e-02;4.459171e-02;7.694505e-03;1.731464e-02;2.951134e-02;4.997689e-01;2.922413e-01;2.773811e-02;1.610930e-02;1.210860e-02;1.218522e-02
1.531553e-02;2.213727e-02;3.291247e-02;9.376010e-03;6.615475e-03;3.730671e-02;5.723980e-01;2.437935e-01;3.025444e-02;1.185476e-02;9.016295e-03;9.019465e-03
1.937450e-02;2.759643e-02;6.927533e-02;1.718583e-02;3.971737e-02;7.330211e-02;5.276582e-01;1.638424e-01;2.690938e-02;1.637343e-02;1.007164e-02;8.693425e-03
1.858081e-02;2.276077e-02;2.004012e-01;3.416136e-02;7.813865e-02;8.330759e-02;3.628117e-01;1.151989e-01;2.676335e-02;2.782326e-02;1.561820e-02;1.443420e-02
1.859606e-02;2.243621e-02;3.454325e-01;4.598599e-02;8.072145e-02;4.650496e-02;2.335650e-01;1.221546e-01;1.545976e-02;3.131896e-02;2.088500e-02;1.693951e-02
2.033711e-02;2.024459e-02;3.273770e-01;4.376370e-02;6.792853e-02;5.954375e-02;2.287704e-01;1.456555e-01;1.775200e-02;2.783461e-02;2.471920e-02;1.607358e-02
3.606303e-02;2.714345e-02;1.632569e-01;4.197476e-02;8.857848e-02;7.365042e-02;2.810034e-01;1.875681e-01;2.272252e-02;3.046600e-02;3.065197e-02;1.692109e-02
2.525211e-02;2.433940e-02;1.115288e-01;3.643916e-02;1.225738e-01;1.056639e-01;3.349094e-01;1.466966e-01;2.244146e-02;2.409559e-02;2.562326e-02;2.043662e-02
2.548351e-02;3.849538e-02;1.495606e-01;4.037432e-02;1.573629e-01;1.128614e-01;2.662090e-01;1.256177e-01;2.427220e-02;1.953016e-02;1.933144e-02;2.090138e-02
6.030218e-02;5.088395e-02;9.494491e-02;3.641000e-02;1.246870e-01;1.081519e-01;1.964171e-01;1.537167e-01;5.955207e-02;5.830046e-02;3.335006e-02;2.328366e-02
7.197160e-02;5.960990e-02;1.403449e-01;4.049442e-02;9.999196e-02;9.376998e-02;1.520512e-01;6.427205e-02;8.155230e-02;1.023716e-01;5.726219e-02;3.630789e-02
4.059168e-02;5.331389e-02;1.412243e-01;4.387086e-02;6.983265e-02;6.200616e-02;2.108665e-01;5.467920e-02;1.096769e-01;1.308382e-01;5.413129e-02;2.896852e-02
5.562477e-02;3.065117e-02;6.710999e-02;3.870714e-02;3.448773e-02;2.957906e-02;1.399295e-01;4.668419e-02;1.919973e-01;2.344346e-01;1.047370e-01;2.605757e-02
6.246955e-02;3.225425e-02;3.746307e-02;2.910114e-02;2.412924e-02;2.333393e-02;9.923659e-02;3.532010e-02;1.875358e-01;2.771221e-01;1.496317e-01;4.240259e-02
5.045669e-02;4.113588e-02;4.422149e-02;2.322472e-02;2.071828e-02;2.267428e-02;1.131019e-01;2.754992e-02;1.432520e-01;2.765237e-01;1.932889e-01;4.385224e-02
3.666313e-02;3.412357e-02;3.625017e-02;1.444932e-02;2.262742e-02;2.180558e-02;5.463083e-02;3.079693e-02;5.749063e-02;4.051911e-01;2.406459e-01;4.532536e-02
1.274628e-02;1.732810e-02;1.242114e-02;9.001510e-03;2.939273e-02;1.494939e-02;2.141672e-02;3.029377e-02;1.329522e-01;5.151383e-01;1.863914e-01;1.796843e-02
1.058989e-02;8.081912e-03;4.767835e-03;2.235036e-02;3.497716e-02;1.185658e-02;1.584874e-02;2.256366e-02;2.512229e-01;5.166017e-01;9.074292e-02;1.039631e-02
1.772956e-02;5.101879e-03;6.742602e-03;5.910236e-02;3.081142e-02;1.260048e-02;2.458696e-02;2.072593e-02;4.233979e-01;3.333564e-01;5.552076e-02;1.032368e-02
2.585543e-02;7.354265e-03;8.860691e-03;1.057323e-01;1.983312e-02;8.254289e-03;2.464531e-02;1.340315e-02;5.551953e-01;1.846167e-01;3.784753e-02;8.401922e-03
3.435154e-02;9.339781e-03;9.890893e-03;1.492037e-01;1.124346e-02;7.312523e-03;2.852494e-02;2.742506e-02;5.476775e-01;1.550039e-01;1.443872e-02;5.587987e-03
4.152969e-02;1.320530e-02;1.346797e-02;2.005759e-01;3.840491e-02;1.102491e-02;2.676846e-02;1.929381e-02;5.234040e-01;9.767543e-02;1.082837e-02;3.821252e-03
4.242761e-02;9.399257e-03;2.362670e-02;2.355623e-01;4.159987e-02;1.236209e-02;2.693604e-02;3.054241e-02;4.578683e-01;9.437092e-02;1.799850e-02;7.306015e-03
4.304047e-02;1.047620e-02;1.947868e-02;2.709574e-01;2.266914e-02;1.212565e-02;4.402772e-02;4.945019e-02;3.821535e-01;1.113380e-01;2.050549e-02;1.377761e-02
3.527537e-02;1.469974e-02;3.088010e-02;1.848117e-01;4.206952e-02;2.065017e-02;9.767906e-02;8.261745e-02;3.007104e-01;1.468014e-01;2.886765e-02;1.493752e-02
3.534625e-02;1.659741e-02;3.688999e-02;8.762380e-02;3.732145e-02;2.388003e-02;9.616405e-02;5.619524e-02;3.500478e-01;2.014694e-01;4.424074e-02;1.422385e-02
3.405478e-02;1.602909e-02;4.237306e-02;8.721755e-02;4.063800e-02;1.927771e-02;6.200063e-02;2.908567e-02;4.000782e-01;1.887508e-01;5.535221e-02;2.514226e-02
3.680493e-02;1.419801e-02;4.459468e-02;7.360506e-02;4.055518e-02;1.889383e-02;2.944064e-02;2.767017e-02;5.222104e-01;1.349929e-01;3.454354e-02;2.249066e-02
3.835250e-02;1.224337e-02;2.203241e-02;7.281962e-02;4.503938e-02;1.277461e-02;4.107673e-02;3.235262e-02;5.207672e-01;1.405162e-01;3.879759e-02;2.322781e-02
4.510359e-02;2.101676e-02;2.424173e-02;9.414753e-02;5.052185e-02;1.367545e-02;3.369117e-02;3.316760e-02;4.619110e-01;1.613849e-01;4.572424e-02;1.541411e-02
4.887535e-02;2.675945e-02;5.764728e-02;1.022988e-01;5.148143e-02;2.660111e-02;5.603880e-02;4.084213e-02;3.649636e-01;1.374635e-01;6.222623e-02;2.480247e-02
2.969601e-02;2.205073e-02;9.956831e-02;1.040967e-01;4.553053e-02;3.825121e-02;5.242505e-02;3.547149e-02;3.479758e-01;1.302882e-01;4.887602e-02;4.576991e-02
2.428602e-02;1.717066e-02;1.609687e-01;1.018839e-01;7.893513e-02;4.237971e-02;6.044302e-02;4.623524e-02;3.156761e-01;1.029715e-01;2.860798e-02;2.044202e-02
1.610473e-02;2.192370e-02;2.061404e-01;1.081676e-01;1.339552e-01;5.298429e-02;7.705551e-02;3.149160e-02;2.207418e-01;8.523956e-02;1.717762e-02;2.901800e-02
1.795990e-02;2.016663e-02;2.059579e-01;1.088831e-01;1.617624e-01;7.989991e-02;1.019794e-01;1.589715e-02;1.625204e-01;8.043930e-02;1.364431e-02;3.088961e-02
2.448927e-02;1.158350e-02;1.518415e-01;6.729886e-02;1.623731e-01;1.246535e-01;2.045784e-01;1.714075e-02;1.174464e-01;7.059906e-02;1.572197e-02;3.227361e-02
4.536211e-02;1.029154e-02;9.184446e-02;2.872353e-02;1.151485e-01;1.698617e-01;3.549647e-01;1.948814e-02;7.199124e-02;4.329975e-02;1.454914e-02;3.447514e-02
5.864947e-02;1.132462e-02;4.791328e-02;2.504222e-02;5.704619e-02;2.420893e-01;4.599374e-01;1.436188e-02;4.255320e-02;1.726354e-02;4.728847e-03;1.909005e-02
8.140659e-02;1.044597e-02;2.773402e-02;2.578372e-02;7.324131e-02;3.053756e-01;3.950920e-01;1.664735e-02;2.037216e-02;2.561386e-02;1.154176e-02;6.745527e-03
9.836437e-02;1.490699e-02;1.161023e-02;1.834662e-02;9.410956e-02;3.570105e-01;3.121083e-01;2.082514e-02;1.770281e-02;2.812214e-02;1.310901e-02;1.378438e-02
6.873260e-02;1.165969e-02;1.801178e-02;1.306966e-02;1.371830e-01;4.057297e-01;2.276829e-01;9.491829e-03;2.162289e-02;2.675105e-02;1.018482e-02;4.988013e-02
3.124299e-02;6.111240e-03;2.144822e-02;2.984727e-02;2.295505e-01;3.474344e-01;1.474334e-01;1.387930e-02;2.974674e-02;1.972407e-02;7.654383e-03;1.159274e-01
3.652203e-02;9.035842e-03;3.926293e-02;5.915840e-02;2.764210e-01;2.057727e-01;1.342670e-01;8.469551e-03;3.200660e-02;9.878901e-03;1.236729e-02;1.768379e-01
2.685917e-02;1.339594e-02;6.114483e-02;8.522928e-02;2.813876e-01;1.293765e-01;1.568439e-01;1.038803e-02;2.469681e-02;1.305742e-02;1.737153e-02;1.802491e-01
3.588892e-02;1.268419e-02;1.623157e-01;1.135582e-01;2.268819e-01;1.337637e-01;1.141141e-01;5.655071e-03;2.534552e-02;2.320686e-02;4.994353e-02;9.664238e-02
3.435167e-02;1.638385e-02;2.769898e-01;1.096211e-01;1.602839e-01;1.078523e-01;5.525942e-02;9.152381e-03;3.038394e-02;3.575373e-02;7.558091e-02;8.838701e-02
4.029573e-02;1.694107e-02;2.687721e-01;5.230581e-02;1.806832e-01;6.555688e-02;1.224286e-01;1.957433e-02;3.892576e-02;3.938219e-02;2.632511e-02;1.288092e-01
3.746309e-02;1.160698e-02;1.330680e-01;5.791859e-02;2.512377e-01;1.273027e-01;2.034069e-01;1.255118e-02;2.370738e-02;1.891539e-02;3.957307e-02;8.324890e-02
2.933793e-02;7.188555e-03;1.406886e-01;6.313764e-02;2.541040e-01;1.834569e-01;1.748329e-01;1.038722e-02;2.875291e-02;1.335178e-02;1.865270e-02;7.610893e-02
4.291728e-02;1.263599e-02;1.422927e-01;6.974062e-02;2.402482e-01;1.808390e-01;1.199089e-01;1.493751e-02;3.910955e-02;1.804443e-02;3.243382e-02;8.689202e-02
4.009208e-02;1.867339e-02;1.084271e-01;5.683323e-02;2.578445e-01;2.124058e-01;1.339466e-01;2.799235e-02;3.262528e-02;1.899667e-02;3.485472e-02;5.730829e-02
3.182986e-02;1.853340e-02;1.208313e-01;8.280592e-02;2.521415e-01;2.009568e-01;1.667593e-01;2.574169e-02;2.497486e-02;2.145127e-02;2.978142e-02;2.419266e-02
3.790639e-02;2.119222e-02;1.233698e-01;7.783395e-02;2.733207e-01;1.868456e-01;1.349962e-01;1.660394e-02;2.814647e-02;2.645618e-02;3.190889e-02;4.141966e-02
3.770241e-02;1.984897e-02;1.581448e-01;1.100311e-01;2.742012e-01;1.337539e-01;8.526139e-02;1.976827e-02;5.461987e-02;2.567020e-02;3.918980e-02;4.180807e-02
3.871705e-02;4.741368e-02;1.569924e-01;8.795220e-02;2.393342e-01;1.404447e-01;9.194328e-02;3.503911e-02;5.245507e-02;3.911871e-02;5.295303e-02;1.763662e-02
4.713708e-02;7.782395e-02;1.138761e-01;9.064817e-02;1.112195e-01;9.822714e-02;1.959394e-01;4.215473e-02;5.847177e-02;9.426844e-02;4.152872e-02;2.870504e-02
5.716296e-02;5.486269e-02;1.071532e-01;6.164056e-02;3.365881e-02;5.278765e-02;2.173244e-01;4.497131e-02;1.202972e-01;1.621005e-01;4.599465e-02;4.204602e-02
4.489909e-02;2.959790e-02;5.427005e-02;4.573607e-02;5.716600e-02;3.273084e-02;1.431158e-01;3.449995e-02;1.685129e-01;2.760856e-01;7.929897e-02;3.408686e-02
2.577685e-02;1.674529e-02;2.048793e-02;5.326720e-02;9.636282e-02;1.486577e-02;5.983896e-02;1.566604e-02;1.745834e-01;4.107986e-01;9.066992e-02;2.093714e-02
1.172542e-02;9.675542e-03;1.209283e-02;7.568666e-02;1.245868e-01;8.512937e-03;2.964672e-02;1.072742e-02;1.494188e-01;5.007530e-01;5.793424e-02;9.239660e-03
7.378676e-03;6.715710e-03;6.742217e-03;8.014946e-02;1.079921e-01;6.810761e-03;2.623516e-02;1.189987e-02;1.586065e-01;5.349566e-01;4.499733e-02;7.515597e-03
9.095013e-03;8.009337e-03;7.414229e-03;5.450429e-02;7.973443e-02;1.011479e-02;1.282123e-02;1.381586e-02;1.092798e-01;5.567871e-01;1.330318e-01;5.392002e-03
9.458496e-03;7.179509e-03;6.592901e-03;3.583896e-02;6.463356e-02;1.312579e-02;9.300516e-03;7.558219e-03;5.619536e-02;4.409705e-01;3.444519e-01;4.694245e-03
9.460668e-03;7.594596e-03;8.581500e-03;2.107986e-02;4.779333e-02;2.658533e-02;1.148925e-02;6.167782e-03;2.981288e-02;1.685232e-01;6.430556e-01;1.985602e-02
8.977935e-03;5.533540e-03;1.053862e-02;6.534291e-03;3.622442e-02;3.322341e-02;8.452894e-03;4.756474e-03;2.110791e-02;1.431654e-01;6.509445e-01;7.054054e-02
8.573663e-03;4.973354e-03;1.380422e-02;4.224324e-03;2.366273e-02;3.738372e-02;1.877210e-02;6.169696e-03;1.738637e-02;1.151313e-01;5.426427e-01;2.072758e-01
2.659724e-02;7.984999e-03;1.474101e-02;4.933780e-03;1.082054e-02;2.317680e-02;5.278474e-02;5.074165e-03;1.642689e-02;2.669098e-02;2.891592e-01;5.216096e-01
3.223365e-02;3.660175e-03;7.350859e-03;9.189737e-03;8.561246e-03;1.352738e-02;7.231159e-02;5.562414e-03;1.324804e-02;3.257575e-02;1.970454e-01;6.047338e-01
7.953019e-02;7.686005e-03;3.058882e-03;1.438334e-02;5.054933e-03;9.092230e-03;8.900044e-02;9.227250e-03;6.450224e-03;1.574987e-02;1.515285e-01;6.092381e-01
2.433888e-01;1.963114e-02;1.677109e-02;2.153296e-02;9.621604e-03;2.395026e-02;9.005158e-02;2.909064e-02;1.716721e-02;3.589799e-02;7.222193e-02;4.206748e-01
3.066967e-01;1.695504e-02;1.368452e-02;9.931770e-03;8.852545e-03;1.904369e-02;1.704719e-02;6.258337e-02;8.043333e-03;6.224713e-02;1.003022e-01;3.746125e-01
3.652288e-01;2.061321e-02;8.420770e-03;7.214785e-03;8.501810e-03;1.025385e-02;2.587294e-02;8.653753e-02;8.206934e-03;5.615091e-02;6.559649e-02;3.374020e-01
4.419043e-01;5.264008e-02;2.654629e-02;1.215195e-02;1.701323e-02;9.588789e-03;4.573943e-02;1.225060e-01;2.160082e-02;4.285840e-02;1.584679e-02;1.916039e-01
3.588953e-01;7.340135e-02;5.819513e-02;2.367215e-02;2.152334e-02;1.336127e-02;6.639683e-02;1.193012e-01;4.480771e-02;2.874692e-02;5.769144e-02;1.340074e-01
3.098336e-01;5.134941e-02;4.313673e-02;2.000193e-02;1.571878e-02;1.654349e-02;5.416093e-02;9.691177e-02;3.341060e-02;3.492013e-02;1.022074e-01;2.218053e-01
3.588795e-01;4.512957e-02;1.678046e-02;1.074726e-02;1.499577e-02;2.207702e-02;3.334402e-02;1.143903e-01;2.113636e-02;3.871126e-02;1.127983e-01;2.110102e-01
2.544064e-01;3.832582e-02;1.071926e-02;7.451713e-03;1.500045e-02;2.631898e-02;5.879292e-02;1.224735e-01;2.686936e-02;3.579349e-02;2.022284e-01;2.016197e-01
1.600266e-01;4.173703e-02;1.732747e-02;8.549557e-03;9.212160e-03;3.162555e-02;8.153584e-02;6.076636e-02;3.458151e-02;6.177123e-02;3.111164e-01;1.817503e-01
1.590941e-01;3.671447e-02;1.551617e-02;1.769528e-02;1.229753e-02;2.664774e-02;7.013772e-02;3.909748e-02;5.063182e-02;9.015851e-02;3.822758e-01;9.973344e-02
1.283134e-01;2.980518e-02;2.953927e-02;2.506315e-02;2.575993e-02;2.473432e-02;1.361741e-01;4.852607e-02;1.107347e-01;1.514507e-01;2.403445e-01;4.955459e-02
5.612939e-02;2.239084e-02;3.251488e-02;2.877431e-02;3.003436e-02;5.497626e-02;2.415127e-01;1.053409e-01;1.399599e-01;1.516490e-01;9.162715e-02;4.509026e-02
4.972744e-02;1.360325e-02;2.027360e-02;3.383407e-02;5.838908e-02;1.042626e-01;3.238271e-01;1.248343e-01;9.362099e-02;9.516077e-02;3.987004e-02;4.259669e-02
6.434862e-02;1.313847e-02;7.261733e-02;6.634503e-02;1.284242e-01;1.210611e-01;2.447337e-01;6.657019e-02;3.013899e-02;4.946329e-02;7.032435e-02;7.283462e-02
5.504328e-02;1.747981e-02;1.989094e-01;1.248780e-01;1.323682e-01;7.625759e-02;1.002893e-01;1.984677e-02;2.211388e-02;5.211230e-02;1.248302e-01;7.587130e-02
4.731224e-02;6.415485e-02;2.979488e-01;1.091197e-01;7.087602e-02;4.641515e-02;8.276524e-02;2.687137e-02;4.647532e-02;7.681412e-02;9.622709e-02;3.501998e-02
1.033763e-01;1.130411e-01;2.848789e-01;4.797781e-02;3.298706e-02;4.306607e-02;6.976394e-02;4.652536e-02;7.456025e-02;7.824713e-02;6.740320e-02;3.817279e-02
1.498841e-01;1.080213e-01;1.701811e-01;3.098828e-02;4.784917e-02;5.854264e-02;1.171006e-01;5.327683e-02;6.002966e-02;4.282526e-02;8.097336e-02;8.032788e-02
1.395657e-01;1.096035e-01;1.775333e-01;4.670402e-02;6.930228e-02;7.214303e-02;9.282389e-02;5.102578e-02;5.691849e-02;5.435336e-02;7.294624e-02;5.708040e-02
1.435078e-01;9.873126e-02;1.651112e-01;4.614097e-02;7.233054e-02;5.127565e-02;1.295328e-01;6.698100e-02;5.486212e-02;6.311574e-02;6.757076e-02;4.084022e-02
1.470058e-01;5.045497e-02;2.079742e-01;5.799121e-02;7.098715e-02;4.734282e-02;1.059588e-01;7.721680e-02;5.960630e-02;4.990049e-02;4.515373e-02;8.040768e-02
1.310939e-01;5.851840e-02;2.515509e-01;6.511500e-02;7.916933e-02;6.353459e-02;1.035074e-01;5.793277e-02;5.302003e-02;4.021880e-02;3.047850e-02;6.586037e-02
1.250241e-01;8.196048e-02;2.379006e-01;3.693854e-02;8.761691e-02;5.375250e-02;1.112118e-01;3.586389e-02;2.318599e-02;6.169366e-02;6.911092e-02;7.574069e-02
8.519245e-02;7.792642e-02;2.530986e-01;9.163946e-02;1.101098e-01;6.167543e-02;9.882430e-02;4.003898e-02;2.720105e-02;7.273582e-02;3.434471e-02;4.721307e-02
5.485894e-02;8.046991e-02;2.539174e-01;6.189902e-02;8.946899e-02;8.123950e-02;8.318910e-02;5.228755e-02;4.366434e-02;7.256833e-02;7.362364e-02;5.281333e-02
7.254747e-02;8.827402e-02;1.681699e-01;4.547117e-02;8.524797e-02;7.675982e-02;9.485428e-02;8.516528e-02;4.421652e-02;5.775548e-02;1.012486e-01;8.028951e-02
8.542890e-02;7.683869e-02;8.488128e-02;9.339450e-02;1.107996e-01;7.687330e-02;1.022691e-01;8.591875e-02;5.805263e-02;5.309266e-02;8.944125e-02;8.300931e-02
1.139667e-01;4.686979e-02;1.635068e-01;5.858335e-02;7.568705e-02;5.874030e-02;1.127288e-01;7.764890e-02;6.964581e-02;8.523134e-02;8.657070e-02;5.082043e-02
1.023796e-01;5.649514e-02;1.693678e-01;3.405441e-02;5.090363e-02;6.326728e-02;9.200256e-02;8.668692e-02;7.695515e-02;1.139514e-01;1.037117e-01;5.022440e-02
8.885749e-02;3.519235e-02;1.372240e-01;5.153605e-02;6.415173e-02;5.172042e-02;9.450935e-02;7.260137e-02;1.205580e-01;1.369801e-01;9.402129e-02;5.264785e-02
6.351782e-02;3.588238e-02;1.049850e-01;7.291454e-02;5.672798e-02;5.778542e-02;9.964947e-02;5.917920e-02;1.069690e-01;1.810923e-01;9.772172e-02;6.357525e-02
7.702623e-02;5.957619e-02;9.324245e-02;5.673159e-02;3.826843e-02;7.306828e-02;1.130290e-01;5.075930e-02;1.157597e-01;1.419290e-01;1.086024e-01;7.200741e-02
1.081677e-01;9.469809e-02;1.004366e-01;4.595574e-02;4.596180e-02;9.028140e-02;1.276669e-01;2.955489e-02;1.247433e-01;9.097507e-02;9.270134e-02;4.885708e-02
6.658275e-02;9.447680e-02;8.273220e-02;6.441140e-02;4.361652e-02;6.452901e-02;1.166639e-01;4.986029e-02;8.858681e-02;1.487824e-01;9.524986e-02;8.450809e-02
4.750465e-02;1.051314e-01;5.655281e-02;8.188102e-02;4.502174e-02;4.970746e-02;8.032141e-02;5.763065e-02;1.311802e-01;1.474463e-01;1.319188e-01;6.570359e-02
5.133707e-02;8.333334e-02;5.903817e-02;9.113328e-02;3.019263e-02;9.713180e-02;8.606469e-02;4.709457e-02;1.561732e-01;1.176633e-01;1.434171e-01;3.742088e-02
6.270326e-02;6.216542e-02;5.801114e-02;1.031803e-01;4.346846e-02;1.189885e-01;9.982245e-02;3.686394e-02;1.190627e-01;1.347727e-01;1.204849e-01;4.047621e-02
6.306709e-02;7.907570e-02;6.212502e-02;1.290122e-01;6.135494e-02;9.839579e-02;7.581583e-02;4.174329e-02;8.737186e-02;1.269051e-01;1.115053e-01;6.362786e-02
6.523921e-02;9.476855e-02;7.973900e-02;1.448930e-01;1.030928e-01;4.673271e-02;6.655090e-02;5.164269e-02;7.495944e-02;6.275525e-02;1.283064e-01;8.132003e-02
6.341218e-02;7.659385e-02;1.068432e-01;3.121241e-02;6.763909e-02;4.805087e-02;9.249441e-02;8.107534e-02;6.623923e-02;9.442332e-02;1.557476e-01;1.162685e-01
3.815959e-02;3.592004e-02;1.103461e-01;3.110049e-02;2.946224e-02;6.487568e-02;8.012540e-02;7.977373e-02;1.279192e-01;1.468877e-01;1.684345e-01;8.699545e-02
6.489412e-02;6.315838e-02;6.503307e-02;3.874750e-02;1.783916e-02;5.340211e-02;1.138500e-01;9.211373e-02;1.368286e-01;1.779993e-01;1.402336e-01;3.590037e-02
6.995112e-02;9.161016e-02;7.312679e-02;3.201078e-02;1.634921e-02;3.255792e-02;1.734952e-01;1.555732e-01;9.975120e-02;1.404134e-01;8.797777e-02;2.718329e-02
4.442210e-02;6.289281e-02;1.888841e-01;2.956204e-02;8.961351e-03;1.440996e-02;1.820198e-01;2.893611e-01;5.323363e-02;7.094211e-02;3.296065e-02;2.235034e-02
2.273721e-02;1.539132e-02;1.948135e-01;4.222996e-02;8.199903e-03;6.388173e-03;1.070215e-01;2.984290e-01;2.191473e-01;3.494099e-02;2.068765e-02;3.001358e-02
1.339091e-02;9.091698e-03;9.871019e-02;7.169424e-02;7.048476e-03;6.647969e-03;3.952073e-02;1.878454e-01;4.887897e-01;5.367097e-02;6.015533e-03;1.757429e-02
1.033975e-02;5.123123e-03;2.361815e-02;7.572349e-02;4.773086e-03;4.807502e-03;2.296164e-02;7.914078e-02;7.036970e-01;5.841258e-02;7.951736e-03;3.451126e-03
1.162380e-02;7.060599e-03;1.124159e-02;6.697962e-02;7.340376e-03;7.631994e-03;1.935852e-02;4.229817e-02;7.720003e-01;3.770336e-02;1.008825e-02;6.673427e-03
2.328599e-02;9.060608e-03;9.750331e-03;7.010806e-02;1.049258e-02;1.216352e-02;4.821197e-02;7.437677e-02;6.262270e-01;7.600250e-02;2.864041e-02;1.168033e-02
3.301235e-02;1.540505e-02;2.571156e-02;7.743631e-02;1.556798e-02;1.496322e-02;1.349151e-01;7.546849e-02;4.365549e-01;1.106180e-01;4.256478e-02;1.778221e-02
2.019252e-02;1.940851e-02;3.987228e-02;4.915259e-02;2.712719e-02;2.862102e-02;3.046765e-01;5.119227e-02;3.323298e-01;8.128379e-02;2.969822e-02;1.644530e-02
3.397132e-02;1.533928e-02;7.311021e-02;3.847862e-02;4.679699e-02;4.289519e-02;3.027316e-01;6.061458e-02;2.981463e-01;5.649055e-02;1.818117e-02;1.324418e-02
3.700135e-02;1.607166e-02;1.472036e-01;6.107672e-02;5.372294e-02;3.551952e-02;1.789695e-01;9.405293e-02;2.942840e-01;4.526741e-02;2.605729e-02;1.077302e-02
3.273436e-02;1.489433e-02;1.752214e-01;5.559830e-02;4.646188e-02;2.837943e-02;1.533503e-01;1.402925e-01;2.628852e-01;5.045423e-02;2.297785e-02;1.675029e-02
2.882877e-02;1.508856e-02;6.920619e-02;3.252773e-02;2.665507e-02;2.233429e-02;1.825032e-01;1.348466e-01;3.693327e-01;7.620756e-02;1.558471e-02;2.688450e-02
1.915840e-02;1.523621e-02;1.140885e-01;5.250531e-02;4.226803e-02;2.492792e-02;1.409034e-01;8.767045e-02;3.799136e-01;6.245510e-02;3.440408e-02;2.646899e-02
1.473319e-02;3.216357e-02;1.603206e-01;2.666616e-02;5.779009e-02;4.042710e-02;1.573367e-01;6.852005e-02;3.462003e-01;3.810697e-02;3.787182e-02;1.986345e-02
1.731021e-02;2.836958e-02;9.186478e-02;2.538020e-02;5.579912e-02;3.873531e-02;1.483291e-01;8.949859e-02;3.768340e-01;6.724501e-02;4.319242e-02;1.744168e-02
2.165356e-02;2.252620e-02;6.312180e-02;4.216799e-02;4.667283e-02;2.825486e-02;1.209487e-01;1.074992e-01;4.107717e-01;7.065560e-02;4.354410e-02;2.218347e-02
5.167274e-02;3.681326e-02;9.392941e-02;4.301978e-02;5.827387e-02;6.093713e-02;1.100082e-01;6.841929e-02;3.041323e-01;6.582972e-02;4.041972e-02;6.654450e-02
4.698212e-02;3.350341e-02;7.661103e-02;4.063071e-02;6.698474e-02;5.722754e-02;1.678148e-01;1.138923e-01;1.023151e-01;1.351438e-01;9.305231e-02;6.584217e-02
2.801844e-02;2.001416e-02;4.015006e-02;2.939502e-02;8.129071e-02;3.163812e-02;1.444671e-01;9.263485e-02;1.503039e-01;2.663056e-01;8.538478e-02;3.039739e-02
1.878807e-02;1.399962e-02;2.581319e-02;1.240238e-02;1.320289e-01;2.987529e-02;6.017483e-02;4.467573e-02;1.474251e-01;4.138747e-01;8.656307e-02;1.437912e-02
1.356131e-02;7.498181e-03;1.452634e-02;2.062063e-02;1.751332e-01;2.510916e-02;2.865376e-02;2.802363e-02;1.346566e-01;4.926486e-01;5.272160e-02;6.846916e-03
1.517675e-02;5.361598e-03;1.279080e-02;3.921396e-02;1.621627e-01;1.087528e-02;2.679982e-02;2.621692e-02;1.815076e-01;4.633805e-01;4.916894e-02;7.345124e-03
6.449610e-03;5.357211e-03;1.281314e-02;4.024656e-02;9.058230e-02;6.913729e-03;3.678146e-02;2.058685e-02;2.734243e-01;4.293338e-01;6.968046e-02;7.830583e-03
7.982627e-03;4.681184e-03;1.034874e-02;1.717024e-02;6.253989e-02;9.838125e-03;1.730434e-02;1.348263e-02;2.295012e-01;5.307445e-01;8.967470e-02;6.731856e-03
6.622981e-03;6.092866e-03;5.455829e-03;1.618557e-02;7.187120e-02;4.127537e-02;1.297004e-02;6.663231e-03;9.860602e-02;5.076410e-01;2.163942e-01;1.022183e-02
3.513290e-03;3.854512e-03;7.110465e-03;1.500363e-02;4.077752e-02;9.030671e-02;4.162919e-02;4.525959e-03;3.073104e-02;2.940511e-01;4.252357e-01;4.326089e-02
1.219700e-02;2.563249e-03;7.639620e-03;1.110785e-02;1.248930e-02;1.126429e-01;1.198854e-01;1.137860e-02;1.572849e-02;9.005625e-02;4.641934e-01;1.401180e-01
5.353168e-02;8.962836e-03;1.076926e-02;1.423294e-02;1.541622e-02;7.367563e-02;1.888076e-01;1.474897e-02;2.313049e-02;7.794525e-02;2.293473e-01;2.894318e-01
1.561050e-01;1.900106e-02;1.566453e-02;1.855554e-02;1.499015e-02;3.436438e-02;1.900154e-01;3.020288e-02;5.497570e-03;5.063615e-02;7.798327e-02;3.869841e-01
2.705123e-01;4.073720e-02;4.516698e-02;1.840448e-02;1.504573e-02;3.496971e-02;1.017282e-01;5.313678e-02;1.934011e-02;7.761961e-02;1.317181e-01;1.916209e-01
2.463646e-01;4.945474e-02;5.826223e-02;1.783583e-02;3.465173e-02;2.702052e-02;1.083728e-01;5.650947e-02;1.056218e-02;8.743221e-02;1.196830e-01;1.838507e-01
3.398081e-01;7.056113e-02;3.677794e-02;1.627029e-02;4.145439e-02;2.850579e-02;1.067651e-01;4.065755e-02;1.926025e-02;4.254732e-02;7.412586e-02;1.832663e-01
4.720338e-01;7.035378e-02;1.885922e-02;1.496006e-02;3.541914e-02;3.637516e-02;8.203359e-02;3.284388e-02;1.551604e-02;4.495014e-02;3.382339e-02;1.428318e-01
5.121699e-01;6.681219e-02;1.531750e-02;1.277484e-02;2.708944e-02;3.012134e-02;3.511679e-02;3.124968e-02;1.368039e-02;8.318339e-02;4.131450e-02;1.311701e-01
4.806459e-01;3.768649e-02;5.731636e-02;1.361597e-02;2.503345e-02;1.927047e-02;4.922393e-02;2.688925e-02;1.203805e-02;6.076078e-02;3.388271e-02;1.836366e-01
3.067554e-01;1.784800e-01;1.371344e-01;1.490422e-02;1.967845e-02;2.359377e-02;3.791210e-02;1.682889e-02;1.663111e-02;2.367849e-02;6.263840e-02;1.617648e-01
1.336927e-01;2.986196e-01;2.506281e-01;2.551477e-02;2.628551e-02;1.972321e-02;3.414778e-02;1.827133e-02;2.280112e-02;3.016149e-02;5.009722e-02;9.005716e-02
2.225589e-01;3.533171e-01;2.372101e-01;2.601494e-02;1.876902e-02;9.947953e-03;1.606981e-02;2.348970e-02;3.683139e-02;2.056449e-02;1.282080e-02;2.240585e-02
3.604260e-01;2.998509e-01;9.882483e-02;1.136975e-02;1.292170e-02;5.214796e-03;2.997582e-02;3.020251e-02;3.244981e-02;1.080005e-02;2.489619e-02;8.306775e-02
3.750030e-01;1.656572e-01;4.237729e-02;7.373476e-03;1.281592e-02;1.642470e-02;5.971934e-02;2.551954e-02;1.445907e-02;2.845076e-02;3.001789e-02;2.221818e-01
1.912368e-01;6.140355e-02;3.453031e-02;9.622373e-03;9.439728e-03;4.934942e-02;8.252054e-02;1.850716e-02;1.933174e-02;5.886509e-02;1.529685e-01;3.122247e-01
6.196493e-02;2.697686e-02;3.292282e-02;1.507697e-02;2.723171e-02;6.718469e-02;7.266963e-02;1.647497e-02;5.252543e-02;1.534709e-01;2.851655e-01;1.883356e-01
4.776128e-02;3.938496e-02;4.232131e-02;2.544703e-02;3.780064e-02;5.151335e-02;1.156140e-01;4.359299e-02;1.100007e-01;2.109705e-01;2.117060e-01;6.388722e-02
7.632980e-02;5.567374e-02;3.785006e-02;3.343543e-02;4.418458e-02;4.115810e-02;2.571414e-01;7.500778e-02;9.981888e-02;1.445791e-01;6.478933e-02;7.003181e-02
6.356974e-02;5.456251e-02;5.875560e-02;4.168202e-02;5.518495e-02;6.342140e-02;3.555151e-01;6.738381e-02;3.992128e-02;4.203257e-02;9.364679e-02;6.432427e-02
7.235578e-02;4.019216e-02;1.168806e-01;5.693975e-02;1.044575e-01;7.535852e-02;2.983614e-01;4.302314e-02;2.342136e-02;4.620712e-02;7.975172e-02;4.305087e-02
1.304465e-01;6.652798e-02;1.955056e-01;6.278671e-02;1.309662e-01;6.726154e-02;1.233618e-01;3.429869e-02;3.150832e-02;3.259806e-02;5.414530e-02;7.059326e-02
1.279237e-01;3.147065e-02;2.177744e-01;4.398081e-02;1.103641e-01;5.849441e-02;1.428534e-01;3.192886e-02;2.571833e-02;4.866950e-02;5.365245e-02;1.071694e-01
1.026487e-01;3.883477e-02;2.347310e-01;4.950896e-02;1.116793e-01;3.973478e-02;1.340884e-01;3.514487e-02;2.960310e-02;7.123689e-02;5.039117e-02;1.023980e-01
6.091376e-02;3.587418e-02;1.724072e-01;5.093951e-02;1.225059e-01;7.129034e-02;2.128312e-01;5.288589e-02;6.306303e-02;5.296930e-02;4.611678e-02;5.820293e-02
3.144830e-02;1.763674e-02;9.482917e-02;3.799976e-02;4.660864e-02;4.491613e-02;1.967810e-01;1.539616e-01;2.565479e-01;7.257976e-02;2.591450e-02;2.077646e-02
1.260092e-02;8.034641e-03;5.979509e-02;6.784428e-02;1.750695e-02;1.623859e-02;1.102216e-01;1.767813e-01;4.339056e-01;7.027165e-02;1.365715e-02;1.314231e-02
1.127169e-02;3.651123e-03;3.837511e-02;1.092568e-01;8.664866e-03;9.598742e-03;5.472241e-02;1.455825e-01;5.353485e-01;5.879885e-02;1.338056e-02;1.134877e-02
2.123605e-02;3.104792e-03;1.600452e-02;1.758893e-01;5.756539e-03;8.956491e-03;2.086375e-02;9.641379e-02;6.040138e-01;2.914155e-02;1.259458e-02;6.024779e-03
3.481879e-02;4.820394e-03;1.643219e-02;2.274970e-01;1.094531e-02;1.197065e-02;9.516221e-03;5.941229e-02;5.840457e-01;2.284076e-02;9.293722e-03;8.406989e-03
4.091319e-02;1.085408e-02;1.805915e-02;2.752886e-01;1.320664e-02;1.122979e-02;1.286442e-02;2.844125e-02;5.247993e-01;4.170966e-02;7.931212e-03;1.470265e-02
7.451400e-02;1.107969e-02;2.197050e-02;3.201596e-01;3.068322e-02;6.708792e-03;1.615006e-02;1.031537e-02;4.357447e-01;4.561359e-02;1.077679e-02;1.628366e-02
9.027073e-02;1.330149e-02;1.689151e-02;3.233602e-01;2.809468e-02;7.767493e-03;1.854844e-02;8.896613e-03;4.067622e-01;5.832092e-02;1.470100e-02;1.308466e-02
4.635096e-02;1.424254e-02;1.627394e-02;2.349458e-01;6.685594e-02;1.028400e-02;1.555161e-02;1.558364e-02;3.746789e-01;1.672870e-01;1.984752e-02;1.809809e-02
2.830725e-02;2.565426e-02;1.188428e-02;1.476541e-01;1.206709e-01;1.130481e-02;1.211818e-02;1.816699e-02;2.785915e-01;3.084598e-01;2.523161e-02;1.195629e-02
2.066940e-02;3.773457e-02;1.625995e-02;8.072071e-02;1.254827e-01;1.783990e-02;7.480625e-03;1.565240e-02;1.623284e-01;3.999543e-01;1.106287e-01;5.248354e-03
2.180289e-02;3.238596e-02;2.304604e-02;4.543201e-02;6.966603e-02;3.906449e-02;7.302251e-03;1.646525e-02;1.448921e-01;3.161311e-01;2.747526e-01;9.059336e-03
1.955898e-02;2.291996e-02;2.097334e-02;3.945879e-02;2.240759e-02;7.304234e-02;1.170899e-02;1.123929e-02;1.383851e-01;6.098208e-02;5.577098e-01;2.161383e-02
1.807264e-02;2.205994e-02;1.634224e-02;2.504763e-02;3.764710e-02;4.694585e-02;1.258561e-02;1.691414e-02;5.449907e-02;1.496674e-01;5.836135e-01;1.660493e-02
1.319386e-02;1.971242e-02;1.103800e-02;1.544573e-02;9.069242e-02;2.058056e-02;1.077519e-02;1.334652e-02;7.764522e-02;3.219180e-01;3.872100e-01;1.844209e-02
1.401272e-02;1.335410e-02;7.524431e-03;6.153054e-02;1.086786e-01;9.216775e-03;1.384992e-02;1.062459e-02;1.505657e-01;4.154281e-01;1.893601e-01;5.854520e-03
3.119373e-02;9.326294e-03;1.099512e-02;1.812349e-01;7.368052e-02;8.677067e-03;2.309415e-02;1.209064e-02;2.891198e-01;2.661539e-01;8.738535e-02;7.048460e-03
5.884885e-02;9.976134e-03;7.736747e-03;3.146190e-01;3.454375e-02;1.041365e-02;2.597133e-02;1.328965e-02;4.101124e-01;6.711484e-02;3.339650e-02;1.397716e-02
8.295079e-02;1.376727e-02;1.004871e-02;3.230826e-01;2.219933e-02;6.438531e-03;3.021478e-02;2.597922e-02;3.904551e-01;5.509118e-02;2.474142e-02;1.503114e-02
8.811814e-02;2.532195e-02;1.992153e-02;2.669091e-01;4.677418e-02;9.942208e-03;3.729561e-02;1.430326e-02;3.377935e-01;1.140570e-01;2.444582e-02;1.511775e-02
7.413867e-02;1.701258e-02;1.625829e-02;1.643932e-01;5.766561e-02;1.204192e-02;4.051368e-02;4.073572e-02;3.868313e-01;1.433423e-01;3.486266e-02;1.220412e-02
7.691873e-02;1.172291e-02;2.719500e-02;9.168318e-02;5.060394e-02;1.659325e-02;8.347360e-02;9.141886e-02;3.668308e-01;1.324611e-01;2.550034e-02;2.559824e-02
6.123549e-02;1.685417e-02;3.377531e-02;9.045026e-02;4.304390e-02;2.104544e-02;1.660769e-01;1.367722e-01;2.096252e-01;1.494152e-01;3.824278e-02;3.346310e-02
4.233642e-02;2.028093e-02;2.411552e-02;8.844721e-02;4.579445e-02;2.601482e-02;2.924698e-01;1.778449e-01;1.362366e-01;9.079286e-02;3.827542e-02;1.739105e-02
3.027041e-02;1.746661e-02;3.076283e-02;5.265598e-02;4.726619e-02;2.841407e-02;4.116347e-01;1.450825e-01;1.207366e-01;6.383082e-02;3.400134e-02;1.787798e-02
3.419515e-02;2.005613e-02;2.446146e-02;3.219614e-02;2.217208e-02;3.226167e-02;5.273635e-01;1.264857e-01;7.832821e-02;5.065447e-02;3.764286e-02;1.418260e-02
2.787970e-02;1.634560e-02;2.083647e-02;3.756885e-02;3.437816e-02;3.251323e-02;6.180928e-01;9.410971e-02;5.310668e-02;2.870602e-02;2.617377e-02;1.028902e-02
1.948096e-02;1.173634e-02;1.780072e-02;3.788890e-02;3.358921e-02;2.872712e-02;6.538582e-01;6.867933e-02;5.165222e-02;4.678684e-02;2.324930e-02;6.550821e-03
1.206964e-02;1.182202e-02;1.611699e-02;3.278028e-02;2.143912e-02;2.538975e-02;7.044996e-01;6.916118e-02;4.119602e-02;3.354468e-02;2.575611e-02;6.224663e-03
1.992481e-02;6.663813e-03;2.213337e-02;2.789581e-02;9.439172e-03;2.061093e-02;7.137050e-01;7.392828e-02;4.216145e-02;3.288076e-02;1.912820e-02;1.152838e-02
2.063046e-02;6.497403e-03;3.012278e-02;3.648518e-02;1.516231e-02;2.365095e-02;6.782929e-01;9.572633e-02;2.978176e-02;3.546293e-02;1.472348e-02;1.346359e-02
1.671491e-02;1.263988e-02;4.102832e-02;3.793484e-02;1.850481e-02;1.958774e-02;5.797423e-01;1.204439e-01;8.171899e-02;4.183642e-02;1.243868e-02;1.740917e-02
3.162504e-02;1.519781e-02;3.325097e-02;4.431595e-02;2.337680e-02;1.148659e-02;4.270090e-01;1.097196e-01;1.609164e-01;9.925079e-02;2.505552e-02;1.879557e-02
5.022091e-02;2.276091e-02;4.656116e-02;2.885140e-02;2.524531e-02;1.848931e-02;2.503012e-01;5.743256e-02;1.499100e-01;2.312980e-01;9.713244e-02;2.179672e-02
4.297067e-02;2.507010e-02;3.514310e-02;2.404169e-02;1.971726e-02;2.334855e-02;1.538310e-01;4.528154e-02;6.903660e-02;2.942325e-01;2.340680e-01;3.325901e-02
7.284258e-02;1.854524e-02;1.535846e-02;2.195214e-02;1.011199e-02;2.141983e-02;7.611003e-02;3.618431e-02;4.912480e-02;2.030201e-01;3.554039e-01;1.199267e-01
1.795777e-01;1.635353e-02;1.859779e-02;2.548930e-02;5.533923e-03;1.435901e-02;7.709719e-02;2.075057e-02;3.891022e-02;6.569280e-02;2.620710e-01;2.755670e-01
2.990978e-01;2.862451e-02;1.194606e-02;1.693036e-02;6.589030e-03;7.506044e-03;1.027503e-01;1.586955e-02;2.873330e-02;5.312056e-02;9.247904e-02;3.363534e-01
3.697167e-01;4.654941e-02;1.155630e-02;1.940414e-02;8.718289e-03;7.464641e-03;1.141889e-01;8.627323e-03;1.995762e-02;4.827602e-02;5.280671e-02;2.927340e-01
3.533851e-01;6.356697e-02;3.064311e-02;4.275186e-02;8.735387e-03;9.429620e-03;9.837113e-02;1.337672e-02;1.787117e-02;5.501441e-02;4.182105e-02;2.650335e-01
1.732037e-01;7.664709e-02;5.833960e-02;5.911992e-02;1.258891e-02;1.642761e-02;8.096214e-02;2.644802e-02;2.983522e-02;5.539786e-02;8.426041e-02;3.267696e-01
1.562666e-01;6.961048e-02;4.125724e-02;3.638058e-02;1.212904e-02;1.440945e-02;4.848559e-02;3.023343e-02;3.494799e-02;5.476937e-02;1.915061e-01;3.100042e-01
1.391280e-01;3.346544e-02;2.665608e-02;1.921244e-02;9.859366e-03;1.180079e-02;5.498485e-02;2.420210e-02;4.029664e-02;5.144521e-02;2.315872e-01;3.573620e-01
1.413205e-01;2.356549e-02;1.720535e-02;2.151705e-02;9.968901e-03;1.076632e-02;5.632560e-02;1.720095e-02;2.153829e-02;4.744298e-02;1.964583e-01;4.366903e-01
1.995677e-01;1.513172e-02;3.066892e-02;1.512848e-02;1.137310e-02;1.565579e-02;5.688634e-02;1.500233e-02;6.938680e-03;4.431204e-02;1.481333e-01;4.412016e-01
2.405684e-01;1.505267e-02;3.470328e-02;2.103952e-02;1.141171e-02;1.399161e-02;8.436768e-02;1.275446e-02;1.372761e-02;2.791710e-02;8.778398e-02;4.366820e-01
2.308261e-01;2.683133e-02;2.482356e-02;3.750391e-02;9.229547e-03;1.392037e-02;1.002283e-01;1.564465e-02;1.548144e-02;1.336599e-02;4.867642e-02;4.634684e-01
1.616569e-01;1.631577e-02;9.146947e-03;4.127818e-02;9.554556e-03;1.171921e-02;9.970868e-02;1.933326e-02;1.994937e-02;1.479762e-02;3.341430e-02;5.631252e-01
1.127885e-01;1.652727e-02;9.425703e-03;3.273990e-02;9.602064e-03;1.455485e-02;8.831248e-02;8.364784e-03;1.890800e-02;1.984793e-02;5.070664e-02;6.182219e-01
8.662609e-02;1.368722e-02;1.395418e-02;1.704710e-02;7.584204e-03;1.381515e-02;6.685113e-02;2.859986e-03;1.275274e-02;1.990388e-02;1.009650e-01;6.439534e-01
5.726286e-02;6.829717e-03;1.149969e-02;1.016913e-02;7.408538e-03;1.098658e-02;4.696789e-02;4.243487e-03;7.694960e-03;1.901229e-02;1.843255e-01;6.335993e-01
2.665796e-02;7.802352e-03;1.143850e-02;1.151870e-02;6.847891e-03;9.012450e-03;3.760778e-02;5.912874e-03;9.338319e-03;2.447724e-02;2.423330e-01;6.070529e-01
6.575645e-02;1.470068e-02;1.253169e-02;1.434037e-02;6.660892e-03;6.515142e-03;3.993240e-02;7.820955e-03;1.240632e-02;2.554788e-02;2.357563e-01;5.580310e-01
1.026626e-01;2.269632e-02;1.996146e-02;2.201935e-02;8.312477e-03;6.894497e-03;7.197761e-02;1.097352e-02;2.333045e-02;3.068048e-02;1.897091e-01;4.907821e-01
7.913673e-02;1.703882e-02;2.472370e-02;1.889767e-02;1.380534e-02;1.815896e-02;1.599769e-01;2.140113e-02;3.753714e-02;5.097194e-02;1.768987e-01;3.814529e-01
5.322492e-02;1.577850e-02;2.254259e-02;2.306337e-02;1.706208e-02;2.183373e-02;2.533928e-01;1.843478e-02;2.922495e-02;3.661633e-02;1.085554e-01;4.002706e-01
7.560092e-02;1.137564e-02;2.310959e-02;2.220738e-02;1.884932e-02;2.616027e-02;3.101168e-01;2.577983e-02;2.414357e-02;2.456647e-02;5.870467e-02;3.793856e-01
1.536392e-01;4.834572e-02;2.532370e-02;1.954381e-02;1.758682e-02;2.432723e-02;2.572826e-01;2.946648e-02;3.871699e-02;5.438031e-02;8.029294e-02;2.510943e-01
2.899344e-01;7.477557e-02;4.020434e-02;1.867731e-02;1.250059e-02;2.077202e-02;1.304989e-01;1.633590e-02;2.263999e-02;7.500819e-02;1.631994e-01;1.354534e-01
3.042489e-01;4.124524e-02;2.527816e-02;2.886464e-02;1.565732e-02;1.366404e-02;6.289296e-02;9.241322e-03;1.113432e-02;4.051096e-02;1.049663e-01;3.422959e-01
3.000250e-01;1.581704e-02;1.952901e-02;4.382674e-02;2.289723e-02;1.073365e-02;3.184684e-02;1.296577e-02;6.467388e-03;2.479665e-02;3.430934e-02;4.767853e-01
2.971529e-01;1.781144e-02;1.476910e-02;6.230949e-02;6.364264e-02;1.141130e-02;3.721666e-02;1.209509e-02;7.123915e-03;1.839532e-02;1.886113e-02;4.392110e-01
3.331922e-01;1.580512e-02;2.176566e-02;6.879618e-02;1.255451e-01;1.449961e-02;4.622954e-02;1.568803e-02;1.001385e-02;1.704394e-02;2.262362e-02;3.087972e-01
4.295609e-01;4.270894e-02;2.254959e-02;3.610394e-02;1.066169e-01;2.223237e-02;4.685938e-02;4.413645e-02;1.126259e-02;2.175131e-02;1.492835e-02;2.012893e-01
4.202785e-01;6.459934e-02;1.753422e-02;2.694939e-02;4.563846e-02;2.587628e-02;4.868265e-02;9.023879e-02;1.534163e-02;2.312467e-02;3.903436e-02;1.827018e-01
2.716856e-01;6.347490e-02;3.074305e-02;3.286979e-02;2.388312e-02;3.337404e-02;4.145403e-02;8.522819e-02;2.205576e-02;4.412541e-02;1.166957e-01;2.344103e-01
1.664620e-01;5.885747e-02;2.957813e-02;3.060841e-02;2.783975e-02;2.723046e-02;4.987039e-02;3.917436e-02;2.559817e-02;9.446989e-02;2.212270e-01;2.290839e-01
1.919613e-01;4.259899e-02;3.121581e-02;3.427946e-02;2.695851e-02;1.815772e-02;8.409589e-02;3.328930e-02;4.653451e-02;1.505911e-01;2.028215e-01;1.374959e-01
1.634621e-01;2.307793e-02;2.280955e-02;3.656972e-02;3.249292e-02;2.140420e-02;2.049696e-01;6.576400e-02;6.453666e-02;1.657614e-01;1.112979e-01;8.785393e-02
1.130470e-01;3.353694e-02;2.817103e-02;2.385681e-02;4.148952e-02;3.629368e-02;2.692589e-01;8.490342e-02;3.830016e-02;1.196029e-01;9.703518e-02;1.145044e-01
1.528142e-01;4.397494e-02;3.497642e-02;3.639359e-02;4.092778e-02;4.022206e-02;2.146713e-01;6.156651e-02;2.404553e-02;9.313050e-02;1.107072e-01;1.465699e-01
1.801314e-01;5.913156e-02;4.279186e-02;3.785909e-02;3.889183e-02;3.114128e-02;1.646944e-01;4.598336e-02;3.009658e-02;8.648838e-02;8.793681e-02;1.948534e-01
1.032347e-01;4.056729e-02;4.655732e-02;5.798468e-02;5.852551e-02;3.878368e-02;2.123712e-01;4.261804e-02;3.854017e-02;8.919478e-02;1.010554e-01;1.705673e-01
4.509157e-02;5.033547e-02;3.503183e-02;4.605521e-02;8.998746e-02;6.987283e-02;1.693406e-01;9.781110e-02;6.391954e-02;1.533144e-01;1.263901e-01;5.284984e-02
1.708753e-01;6.411702e-02;4.147847e-02;4.117690e-02;5.988169e-02;5.560055e-02;8.830258e-02;8.715220e-02;7.110013e-02;1.404582e-01;1.194270e-01;6.042996e-02
3.255089e-01;5.240748e-02;4.213293e-02;3.404451e-02;2.920178e-02;2.605225e-02;7.052385e-02;4.789954e-02;5.411715e-02;7.787684e-02;1.092358e-01;1.309990e-01
4.864484e-01;7.416258e-02;1.820276e-02;1.209936e-02;1.619298e-02;8.491013e-03;3.126793e-02;3.478614e-02;2.454485e-02;3.476404e-02;6.991055e-02;1.891295e-01
5.823516e-01;1.335724e-01;9.727998e-03;7.723487e-03;1.276510e-02;5.962383e-03;1.246146e-02;4.774659e-02;9.308654e-03;1.734176e-02;1.893825e-02;1.421003e-01
5.971128e-01;2.050614e-01;7.939675e-03;5.476229e-03;1.487134e-02;8.350169e-03;1.421309e-02;5.421324e-02;5.864963e-03;1.094175e-02;7.945277e-03;6.801007e-02
5.168593e-01;3.152451e-01;2.646588e-02;5.971354e-03;1.607110e-02;5.111729e-03;1.548214e-02;3.639970e-02;1.653948e-02;1.007785e-02;1.019924e-02;2.557714e-02
3.957381e-01;4.166327e-01;6.769043e-02;4.029976e-03;1.121256e-02;5.540634e-03;1.199474e-02;1.598985e-02;3.707938e-02;1.177350e-02;8.912570e-03;1.340549e-02
3.016393e-01;4.113344e-01;1.636169e-01;6.195203e-03;6.752339e-03;6.795506e-03;6.150289e-03;1.560238e-02;4.561264e-02;9.387900e-03;4.860617e-03;2.205261e-02
