0;0;0;0;0;0;0;0;0;0;0;0
9.616864e-02;1.051885e-01;1.096272e-01;5.344775e-02;4.492545e-02;7.414984e-02;9.477730e-02;1.181804e-01;1.136315e-01;7.430079e-02;5.549834e-02;6.010429e-02
1.043153e-01;1.027264e-01;1.341367e-01;5.619561e-02;3.493150e-02;6.609587e-02;8.799898e-02;1.057985e-01;1.213319e-01;7.760131e-02;4.988627e-02;5.898170e-02
7.326344e-02;8.500580e-02;1.561429e-01;6.109176e-02;4.988220e-02;7.873202e-02;1.071695e-01;8.704660e-02;1.233338e-01;8.102310e-02;6.931329e-02;2.799566e-02
8.530510e-02;4.859531e-02;1.232208e-01;7.585041e-02;6.599092e-02;4.940407e-02;1.796472e-01;6.244903e-02;8.267631e-02;7.970163e-02;9.374961e-02;5.340957e-02
7.781781e-02;5.329350e-02;1.503752e-01;5.645354e-02;7.624557e-02;5.128331e-02;1.257854e-01;5.990211e-02;9.581335e-02;1.143811e-01;9.128657e-02;4.736266e-02
9.299684e-02;5.037379e-02;1.599122e-01;4.144399e-02;7.257413e-02;5.117143e-02;1.096903e-01;6.531421e-02;9.340857e-02;1.270834e-01;8.374611e-02;5.228502e-02
6.090151e-02;5.394046e-02;1.491162e-01;4.168069e-02;6.069188e-02;4.417591e-02;2.110610e-01;5.962218e-02;1.003655e-01;1.000634e-01;6.908399e-02;4.929727e-02
3.230922e-02;6.010943e-02;1.515402e-01;5.934570e-02;5.214372e-02;3.424470e-02;2.960185e-01;5.545400e-02;9.511182e-02;7.265966e-02;4.800499e-02;4.305799e-02
3.512292e-02;5.086055e-02;1.766430e-01;5.547315e-02;4.620465e-02;3.006324e-02;3.226577e-01;6.398007e-02;7.854065e-02;6.407330e-02;3.435165e-02;4.202918e-02
4.429693e-02;4.244371e-02;1.896834e-01;3.796708e-02;4.337365e-02;6.800471e-02;2.557021e-01;8.079781e-02;6.913871e-02;8.758244e-02;2.535173e-02;5.565770e-02
6.716297e-02;2.940988e-02;1.515775e-01;6.966630e-02;6.565646e-02;8.655310e-02;1.706831e-01;6.993775e-02;6.845957e-02;1.303809e-01;4.964124e-02;4.087114e-02
8.990175e-02;5.270913e-02;1.297353e-01;9.501084e-02;5.340527e-02;7.033510e-02;1.466248e-01;6.595850e-02;5.352386e-02;1.127160e-01;7.922485e-02;5.085458e-02
1.407919e-01;8.786381e-02;1.787129e-01;8.434656e-02;4.151472e-02;4.393584e-02;1.319095e-01;6.605251e-02;4.453715e-02;6.115583e-02;6.332447e-02;5.585476e-02
2.126341e-01;1.349720e-01;2.143535e-01;5.048181e-02;5.719864e-02;3.280662e-02;9.463083e-02;4.410297e-02;4.560284e-02;2.998574e-02;3.970319e-02;4.352766e-02
2.307338e-01;2.019243e-01;2.722245e-01;2.727217e-02;5.009251e-02;2.384791e-02;5.020059e-02;2.339911e-02;6.537595e-02;1.704979e-02;1.718345e-02;2.069585e-02
1.945189e-01;2.413009e-01;3.380250e-01;2.431313e-02;2.698625e-02;2.004041e-02;2.284339e-02;1.310203e-02;8.430365e-02;1.935375e-02;6.956007e-03;8.256577e-03
1.967513e-01;2.158447e-01;3.231631e-01;3.134314e-02;3.334916e-02;2.367134e-02;1.638697e-02;1.764028e-02;6.951366e-02;2.932828e-02;2.049601e-02;2.251213e-02
2.012151e-01;1.939957e-01;2.774005e-01;4.780634e-02;3.869476e-02;3.013171e-02;3.284108e-02;1.905422e-02;3.886975e-02;4.669785e-02;3.578327e-02;3.750972e-02
1.200478e-01;2.254719e-01;2.763871e-01;4.725122e-02;3.845269e-02;2.669909e-02;3.490987e-02;2.484098e-02;4.556774e-02;7.735403e-02;4.684046e-02;3.617715e-02
1.195169e-01;2.733027e-01;2.815729e-01;3.488158e-02;4.996902e-02;2.860272e-02;2.669045e-02;2.232158e-02;3.126793e-02;6.931670e-02;3.444615e-02;2.811136e-02
1.089561e-01;2.641547e-01;2.701046e-01;4.370129e-02;6.190007e-02;2.488701e-02;3.182848e-02;3.766082e-02;7.422680e-02;4.233390e-02;1.106700e-02;2.917923e-02
1.369279e-01;2.435287e-01;1.696628e-01;4.629868e-02;7.182356e-02;3.309344e-02;5.279321e-02;4.364003e-02;1.138100e-01;3.158952e-02;1.851414e-02;3.831807e-02
1.316960e-01;1.855772e-01;3.034753e-01;3.770343e-02;4.739588e-02;4.408858e-02;7.243267e-02;2.659549e-02;6.689962e-02;3.008732e-02;2.048802e-02;3.356058e-02
1.501748e-01;1.639016e-01;1.968135e-01;5.653942e-02;7.386114e-02;4.142345e-02;4.989036e-02;5.943897e-02;4.996794e-02;6.720667e-02;4.150483e-02;4.927727e-02
1.382442e-01;9.711233e-02;8.489225e-02;8.777963e-02;8.358516e-02;5.046323e-02;6.937809e-02;8.185317e-02;6.545087e-02;1.048879e-01;5.674499e-02;7.960819e-02
9.023600e-02;7.042179e-02;1.672341e-01;8.942647e-02;9.201580e-02;5.527588e-02;1.010285e-01;6.758818e-02;5.887736e-02;8.963691e-02;4.358989e-02;7.466919e-02
2.903145e-02;6.072306e-02;2.744996e-01;1.005297e-01;1.010811e-01;6.220272e-02;1.329311e-01;5.542688e-02;4.154075e-02;5.744610e-02;3.599478e-02;4.859269e-02
3.844336e-02;6.490898e-02;3.241907e-01;1.297076e-01;9.313217e-02;6.088711e-02;9.952652e-02;6.755907e-02;2.167980e-02;2.570622e-02;5.173779e-02;2.252066e-02
1.683134e-02;5.840255e-02;3.575421e-01;1.931116e-01;8.233459e-02;4.006536e-02;3.987024e-02;8.179162e-02;3.001004e-02;1.616431e-02;7.162971e-02;1.224658e-02
3.366506e-02;3.556744e-02;4.401217e-01;2.039431e-01;6.459209e-02;1.426567e-02;1.250376e-02;4.403969e-02;5.413445e-02;3.333177e-02;5.680695e-02;7.028322e-03
3.472414e-02;3.302690e-02;5.402354e-01;1.305467e-01;6.151855e-02;1.271826e-02;2.728639e-02;1.512364e-02;4.825539e-02;5.960148e-02;3.133505e-02;5.628040e-03
1.902843e-02;8.591896e-02;5.973490e-01;6.491864e-02;6.171963e-02;9.276264e-03;2.500531e-02;1.293574e-02;3.397140e-02;6.201889e-02;1.901594e-02;8.841822e-03
6.834818e-02;1.779279e-01;5.066782e-01;4.913741e-02;3.797962e-02;1.313003e-02;1.926940e-02;2.067527e-02;5.328300e-02;2.992849e-02;9.115416e-03;1.452707e-02
1.808702e-01;2.255786e-01;3.165048e-01;4.841710e-02;3.988555e-02;1.736835e-02;3.328818e-02;3.795384e-02;4.655531e-02;1.834644e-02;9.600398e-03;2.563111e-02
2.299200e-01;1.780817e-01;1.993676e-01;6.124520e-02;5.366345e-02;3.124266e-02;7.319190e-02;4.928061e-02;2.513464e-02;2.439699e-02;2.339255e-02;5.108265e-02
1.601910e-01;1.089746e-01;1.577014e-01;8.075785e-02;6.404705e-02;7.379571e-02;1.121060e-01;3.852652e-02;3.658098e-02;4.369535e-02;6.291685e-02;6.070666e-02
6.314909e-02;9.190251e-02;1.404614e-01;1.030618e-01;1.085877e-01;1.116559e-01;8.794755e-02;3.573493e-02;5.764081e-02;8.892104e-02;7.700206e-02;3.393520e-02
4.547016e-02;6.412768e-02;2.057198e-01;1.586814e-01;1.385562e-01;8.232817e-02;4.503303e-02;4.237242e-02;6.353070e-02;8.498503e-02;4.885805e-02;2.033742e-02
6.057382e-02;8.794831e-02;2.534697e-01;1.689401e-01;8.840542e-02;4.186700e-02;8.774782e-02;4.107967e-02;6.511104e-02;4.240853e-02;3.121210e-02;3.123643e-02
6.934191e-02;1.087286e-01;2.600494e-01;1.293432e-01;4.059087e-02;2.647113e-02;1.445978e-01;3.431449e-02;6.103195e-02;4.709135e-02;4.261608e-02;3.582319e-02
5.402029e-02;1.738444e-01;1.511814e-01;8.189265e-02;4.701697e-02;2.684882e-02;2.083120e-01;5.250134e-02;6.090215e-02;4.486446e-02;7.555506e-02;2.306049e-02
4.231020e-02;2.034747e-01;1.051861e-01;4.780098e-02;4.335825e-02;3.226754e-02;2.219117e-01;6.535630e-02;6.142698e-02;4.749124e-02;1.011311e-01;2.828482e-02
7.062688e-02;1.712895e-01;6.067212e-02;5.014035e-02;3.872656e-02;4.228508e-02;2.157148e-01;6.744022e-02;5.373902e-02;6.666443e-02;1.086253e-01;5.407574e-02
1.407359e-01;1.131751e-01;3.875977e-02;8.624782e-02;3.902249e-02;6.661114e-02;1.723628e-01;6.120623e-02;3.249427e-02;1.202087e-01;7.682225e-02;5.235353e-02
1.918917e-01;6.571164e-02;2.775963e-02;1.005352e-01;6.042429e-02;1.107597e-01;1.257161e-01;6.724034e-02;2.150020e-02;1.529380e-01;4.936346e-02;2.615976e-02
2.081302e-01;3.181332e-02;2.767565e-02;1.084933e-01;6.613066e-02;1.410890e-01;1.005656e-01;7.067154e-02;2.815483e-02;1.558121e-01;4.061603e-02;2.084770e-02
1.732399e-01;5.525570e-02;4.576433e-02;1.283891e-01;6.438939e-02;1.263024e-01;9.613436e-02;5.642630e-02;4.062200e-02;1.241385e-01;4.948014e-02;3.985784e-02
9.940664e-02;1.208925e-01;4.973592e-02;1.048758e-01;6.700475e-02;7.139155e-02;1.561874e-01;3.661974e-02;7.479718e-02;5.860768e-02;1.187161e-01;4.176458e-02
5.159612e-02;1.053292e-01;7.932690e-02;6.197216e-02;7.363808e-02;4.341705e-02;1.608312e-01;5.691092e-02;6.853128e-02;7.521988e-02;1.520021e-01;7.122513e-02
4.902219e-02;5.038112e-02;1.276553e-01;6.579384e-02;5.629305e-02;4.467420e-02;1.331803e-01;8.569375e-02;7.615547e-02;9.293085e-02;9.599531e-02;1.222246e-01
1.007552e-01;3.091507e-02;1.244147e-01;8.193957e-02;5.658045e-02;4.898273e-02;9.444723e-02;8.406042e-02;1.107492e-01;6.935082e-02;6.970771e-02;1.280969e-01
1.244736e-01;7.600308e-02;6.954780e-02;7.801414e-02;8.284953e-02;6.385098e-02;5.228911e-02;7.789171e-02;1.017231e-01;1.114467e-01;7.180105e-02;9.010924e-02
1.289085e-01;8.829590e-02;5.065092e-02;5.594971e-02;7.174542e-02;1.181287e-01;5.987774e-02;6.393038e-02;6.527410e-02;1.056687e-01;1.176567e-01;7.391317e-02
1.199804e-01;7.925452e-02;5.059936e-02;5.020443e-02;6.889481e-02;1.732246e-01;9.310488e-02;3.499972e-02;7.239547e-02;4.644832e-02;1.417779e-01;6.911568e-02
7.726756e-02;1.315005e-01;3.379462e-02;5.172914e-02;6.573066e-02;1.515875e-01;1.437568e-01;3.722812e-02;3.849827e-02;8.264448e-02;6.938060e-02;1.168817e-01
7.232960e-02;1.498506e-01;4.449485e-02;7.132199e-02;2.716905e-02;8.553513e-02;1.516325e-01;3.892631e-02;2.779397e-02;1.064739e-01;6.860624e-02;1.558658e-01
2.113384e-01;1.372473e-01;7.776815e-02;6.278843e-02;2.077474e-02;4.149785e-02;8.420784e-02;3.663402e-02;1.988540e-02;8.858707e-02;6.989978e-02;1.493711e-01
3.613139e-01;1.243911e-01;1.247193e-01;3.053488e-02;2.497590e-02;2.364071e-02;3.698720e-02;3.748915e-02;1.737219e-02;3.968710e-02;7.698158e-02;1.019070e-01
3.721902e-01;1.476783e-01;1.650341e-01;2.048246e-02;2.851382e-02;2.356935e-02;2.417788e-02;2.423274e-02;2.170884e-02;3.627992e-02;8.308471e-02;5.304759e-02
3.741568e-01;1.594195e-01;1.649144e-01;1.624663e-02;3.416232e-02;2.484978e-02;2.341266e-02;3.486172e-02;1.563237e-02;3.426030e-02;8.404558e-02;3.403798e-02
3.740517e-01;1.330217e-01;1.308759e-01;2.186497e-02;3.275449e-02;3.197211e-02;3.256525e-02;4.039082e-02;3.864792e-02;4.889791e-02;6.259038e-02;5.236692e-02
3.229167e-01;8.386692e-02;1.177081e-01;3.179831e-02;2.746773e-02;3.940843e-02;2.881597e-02;3.329312e-02;5.321705e-02;8.952379e-02;6.575426e-02;1.062296e-01
3.176989e-01;3.919779e-02;8.548478e-02;5.442419e-02;2.110484e-02;3.754342e-02;4.994895e-02;3.108995e-02;5.338776e-02;9.065682e-02;7.227211e-02;1.471905e-01
3.055032e-01;7.905491e-02;1.836717e-01;6.040700e-02;3.443344e-02;2.986816e-02;4.395935e-02;3.976671e-02;2.509959e-02;4.153880e-02;5.532349e-02;1.013736e-01
3.200997e-01;1.123332e-01;2.267834e-01;3.708022e-02;4.887921e-02;1.640072e-02;2.730701e-02;5.562790e-02;1.929661e-02;2.333229e-02;6.097955e-02;5.188016e-02
3.450148e-01;1.330865e-01;2.088653e-01;1.648367e-02;5.009384e-02;1.081752e-02;1.695064e-02;6.403721e-02;2.077922e-02;1.613244e-02;8.488690e-02;3.285195e-02
3.436893e-01;1.404391e-01;1.874297e-01;2.110133e-02;4.457952e-02;1.142816e-02;1.456227e-02;5.624172e-02;1.588855e-02;2.098845e-02;1.175994e-01;2.605239e-02
3.480402e-01;1.491761e-01;1.520136e-01;2.283131e-02;3.741075e-02;1.002677e-02;2.306789e-02;4.806485e-02;1.199905e-02;1.909021e-02;1.414924e-01;3.678682e-02
3.432220e-01;1.631913e-01;1.453461e-01;1.782069e-02;3.170766e-02;7.453054e-03;3.075883e-02;4.695673e-02;1.639863e-02;1.759960e-02;1.265681e-01;5.297733e-02
3.196829e-01;1.740398e-01;1.679889e-01;1.634948e-02;2.883048e-02;9.721388e-03;3.734829e-02;3.929174e-02;2.862463e-02;3.192207e-02;8.370753e-02;6.249282e-02
2.817127e-01;1.719392e-01;1.603406e-01;2.696094e-02;2.570179e-02;2.126188e-02;4.778880e-02;2.907748e-02;3.596348e-02;6.613900e-02;6.206582e-02;7.104821e-02
1.750283e-01;1.517230e-01;1.380640e-01;4.094185e-02;2.737881e-02;4.930892e-02;6.638367e-02;3.672843e-02;5.314192e-02;9.405860e-02;1.019782e-01;6.526431e-02
8.897281e-02;1.052772e-01;2.045336e-01;5.051146e-02;4.162282e-02;6.103453e-02;1.002367e-01;4.501151e-02;4.561933e-02;8.745988e-02;1.132994e-01;5.642085e-02
2.088965e-01;5.523130e-02;1.577946e-01;8.243929e-02;3.579518e-02;3.629202e-02;1.209250e-01;6.652748e-02;2.243432e-02;6.427809e-02;7.540869e-02;7.397750e-02
2.921638e-01;4.962161e-02;8.762004e-02;8.904424e-02;3.140946e-02;3.684358e-02;1.226490e-01;9.503590e-02;8.076075e-03;6.526717e-02;4.893312e-02;7.333598e-02
3.218900e-01;6.293976e-02;7.313740e-02;7.084895e-02;3.827433e-02;3.110347e-02;1.023620e-01;1.168666e-01;9.031042e-03;5.477701e-02;3.620258e-02;8.256683e-02
3.211579e-01;5.279868e-02;7.117042e-02;5.101618e-02;5.339424e-02;3.052479e-02;8.064122e-02;1.746702e-01;1.151547e-02;4.885575e-02;3.219819e-02;7.205687e-02
2.803925e-01;3.534234e-02;7.205744e-02;2.402777e-02;5.118377e-02;2.720355e-02;9.170968e-02;2.583168e-01;1.330406e-02;5.754231e-02;2.973310e-02;5.918662e-02
2.201900e-01;3.191428e-02;6.011504e-02;4.532200e-02;2.086956e-02;2.250920e-02;1.457125e-01;2.669725e-01;1.385110e-02;7.644773e-02;2.660689e-02;6.948924e-02
1.557536e-01;2.606150e-02;5.320250e-02;8.708370e-02;1.373042e-02;3.349680e-02;2.151314e-01;1.763207e-01;1.444783e-02;1.059463e-01;2.832902e-02;9.049634e-02
9.363828e-02;3.845625e-02;9.214739e-02;1.123562e-01;2.768685e-02;4.938122e-02;2.303127e-01;7.582392e-02;3.035414e-02;1.008281e-01;6.031909e-02;8.869578e-02
5.518842e-02;5.040033e-02;1.082844e-01;1.134725e-01;3.797139e-02;5.500512e-02;2.016135e-01;5.105544e-02;4.401878e-02;9.035794e-02;1.106171e-01;8.201503e-02
7.291001e-02;4.691996e-02;1.093805e-01;9.275667e-02;5.440064e-02;4.238325e-02;1.403221e-01;6.749522e-02;5.448066e-02;1.232767e-01;1.350505e-01;6.062380e-02
9.432661e-02;6.215782e-02;7.268786e-02;8.371989e-02;5.564107e-02;4.029311e-02;1.712103e-01;7.354295e-02;8.011591e-02;1.245929e-01;8.612528e-02;5.558624e-02
1.164301e-01;6.165348e-02;1.199423e-01;5.948598e-02;5.852547e-02;7.951783e-02;1.456450e-01;9.826342e-02;7.277988e-02;7.502808e-02;5.997623e-02;5.275216e-02
1.191099e-01;5.729714e-02;1.318835e-01;5.486866e-02;6.968292e-02;9.189200e-02;1.534052e-01;1.163982e-01;5.052065e-02;3.952575e-02;6.591273e-02;4.950332e-02
8.383799e-02;3.481526e-02;1.031168e-01;6.824317e-02;6.466080e-02;9.035937e-02;1.893239e-01;1.491088e-01;3.915247e-02;6.582432e-02;6.052478e-02;5.103230e-02
2.612509e-02;6.836140e-02;1.197877e-01;4.542846e-02;9.398863e-02;9.927887e-02;9.729567e-02;8.218080e-02;8.970397e-02;1.214757e-01;9.185106e-02;6.452262e-02
6.194450e-02;6.250907e-02;1.233594e-01;4.229990e-02;7.030373e-02;9.289726e-02;6.963672e-02;7.276115e-02;9.206165e-02;1.185513e-01;1.119850e-01;8.169029e-02
1.232162e-01;4.053465e-02;1.310764e-01;5.433564e-02;3.198183e-02;6.939144e-02;7.986011e-02;4.221786e-02;8.778178e-02;1.050227e-01;1.222897e-01;1.122917e-01
1.152143e-01;5.520532e-02;9.753183e-02;4.783664e-02;2.183432e-02;4.155106e-02;1.163353e-01;5.184019e-02;9.234758e-02;8.448083e-02;1.222256e-01;1.535970e-01
9.216269e-02;4.300357e-02;8.575005e-02;3.130559e-02;3.328977e-02;5.814748e-02;1.240515e-01;4.851981e-02;9.400552e-02;7.391284e-02;1.730881e-01;1.427630e-01
5.743616e-02;2.799604e-02;8.763338e-02;2.260071e-02;5.055209e-02;9.208387e-02;1.324660e-01;4.180567e-02;1.002115e-01;5.231222e-02;2.212724e-01;1.136300e-01
4.986643e-02;3.969005e-02;5.722248e-02;3.413574e-02;4.129381e-02;8.229278e-02;1.863076e-01;7.239605e-02;5.599433e-02;5.599790e-02;1.595673e-01;1.652355e-01
1.161275e-01;5.308654e-02;4.098094e-02;4.336260e-02;3.065830e-02;5.664128e-02;1.891139e-01;1.340589e-01;3.717752e-02;6.452368e-02;7.707015e-02;1.571987e-01
1.859116e-01;7.145485e-02;5.498912e-02;2.892030e-02;3.515746e-02;2.652111e-02;1.262348e-01;1.949681e-01;5.519486e-02;5.024824e-02;8.543531e-02;8.496431e-02
2.059823e-01;1.164784e-01;7.793669e-02;1.601416e-02;3.179981e-02;1.705262e-02;6.754373e-02;1.735401e-01;1.358342e-01;2.719061e-02;1.040064e-01;2.662090e-02
2.024541e-01;1.776593e-01;1.241857e-01;1.921198e-02;1.496115e-02;2.236853e-02;3.880350e-02;8.071999e-02;2.048894e-01;2.443152e-02;6.814911e-02;2.216587e-02
2.125981e-01;1.959321e-01;1.505281e-01;2.379248e-02;1.170871e-02;3.086932e-02;4.030496e-02;4.793791e-02;1.953129e-01;3.312526e-02;2.341439e-02;3.447588e-02
1.616134e-01;1.609584e-01;2.455582e-01;3.921264e-02;2.509467e-02;3.582633e-02;5.854140e-02;2.925399e-02;1.132755e-01;5.394119e-02;4.661916e-02;3.010507e-02
7.014572e-02;8.689661e-02;4.459011e-01;7.490470e-02;3.236701e-02;2.519193e-02;4.899063e-02;2.784400e-02;5.722065e-02;6.558847e-02;5.145534e-02;1.349381e-02
4.040676e-02;3.158066e-02;5.130626e-01;1.243606e-01;4.301786e-02;2.194986e-02;3.636871e-02;1.311077e-02;3.877257e-02;4.131623e-02;7.946823e-02;1.658508e-02
2.675990e-02;1.994861e-02;4.945455e-01;1.439531e-01;5.862708e-02;2.608959e-02;2.934003e-02;2.169101e-02;1.972120e-02;3.175350e-02;1.111067e-01;1.646371e-02
1.783635e-02;1.929109e-02;5.439138e-01;1.165992e-01;6.492157e-02;2.505182e-02;2.212301e-02;2.967243e-02;1.799383e-02;3.094690e-02;9.630317e-02;1.534680e-02
2.485665e-02;3.472409e-02;6.036197e-01;7.001203e-02;5.899139e-02;2.262497e-02;3.512838e-02;2.559067e-02;2.770001e-02;3.430758e-02;4.989667e-02;1.254786e-02
4.347992e-02;5.977609e-02;5.581481e-01;5.468647e-02;4.118914e-02;3.213202e-02;4.088038e-02;2.894864e-02;2.632003e-02;4.744515e-02;4.415047e-02;2.284362e-02
4.577764e-02;6.281012e-02;4.154114e-01;8.963779e-02;6.045732e-02;5.997166e-02;7.031932e-02;5.398336e-02;2.205454e-02;4.938155e-02;4.152313e-02;2.867221e-02
3.611973e-02;4.794387e-02;2.791633e-01;1.106999e-01;1.036541e-01;8.157995e-02;9.798776e-02;7.026502e-02;3.588287e-02;3.581465e-02;5.233868e-02;4.855021e-02
4.065265e-02;4.436504e-02;2.067048e-01;1.127205e-01;1.115149e-01;1.068520e-01;9.125029e-02;5.883031e-02;4.825579e-02;4.994961e-02;6.141680e-02;6.748740e-02
4.364530e-02;5.111093e-02;1.898529e-01;8.041612e-02;7.161153e-02;1.066197e-01;1.134959e-01;8.226810e-02;6.304533e-02;6.529690e-02;6.988596e-02;6.275138e-02
4.996675e-02;5.345803e-02;1.731583e-01;6.157370e-02;6.209709e-02;1.066201e-01;1.433160e-01;1.017855e-01;6.491881e-02;5.605623e-02;7.793771e-02;4.911166e-02
5.414413e-02;8.479124e-02;1.820687e-01;6.229287e-02;6.314205e-02;9.256553e-02;1.115435e-01;8.246860e-02;6.937702e-02;9.079712e-02;6.972995e-02;3.707934e-02
5.922005e-02;1.146602e-01;2.288857e-01;6.499533e-02;7.463335e-02;8.156989e-02;7.565733e-02;5.674831e-02;6.556819e-02;8.178414e-02;6.169008e-02;3.458746e-02
1.107696e-01;8.764248e-02;2.155633e-01;5.290763e-02;1.195881e-01;6.135901e-02;5.898337e-02;5.259418e-02;7.968280e-02;5.408128e-02;6.582410e-02;4.100406e-02
1.221014e-01;4.012182e-02;1.336687e-01;5.141300e-02;9.950221e-02;4.838313e-02;9.287883e-02;6.143480e-02;1.166141e-01;6.319577e-02;8.516674e-02;8.551944e-02
5.628809e-02;7.881640e-02;1.476870e-01;5.776312e-02;8.747958e-02;4.279388e-02;1.054214e-01;4.658867e-02;1.251233e-01;7.648473e-02;9.239851e-02;8.315541e-02
5.510845e-02;1.303655e-01;1.577389e-01;7.176697e-02;1.286277e-01;4.770401e-02;7.502011e-02;5.846251e-02;6.017238e-02;7.352201e-02;7.278804e-02;6.872344e-02
9.744895e-02;1.107726e-01;1.513681e-01;7.660218e-02;1.120816e-01;4.387710e-02;6.859017e-02;4.700821e-02;3.000379e-02;6.345234e-02;9.569658e-02;1.030984e-01
1.505530e-01;5.007792e-02;1.334496e-01;1.019523e-01;8.169656e-02;5.622757e-02;5.575954e-02;5.390113e-02;6.517106e-02;5.794749e-02;7.903033e-02;1.142335e-01
1.485214e-01;9.150634e-02;1.342652e-01;7.443640e-02;1.032615e-01;4.863146e-02;5.428453e-02;6.585723e-02;7.156635e-02;9.074376e-02;4.219718e-02;7.472873e-02
1.846962e-01;1.306336e-01;1.322283e-01;6.138851e-02;9.327994e-02;3.363276e-02;6.353557e-02;3.887724e-02;4.959920e-02;8.375656e-02;5.002583e-02;7.834634e-02
1.747625e-01;1.360004e-01;1.254787e-01;6.315701e-02;8.037279e-02;4.303501e-02;6.367064e-02;3.655349e-02;4.646332e-02;6.875432e-02;4.549310e-02;1.162588e-01
1.051490e-01;9.136264e-02;2.202622e-01;8.123499e-02;6.496297e-02;3.735643e-02;6.733506e-02;6.346609e-02;3.981211e-02;7.083127e-02;2.256385e-02;1.356634e-01
1.528492e-01;9.495081e-02;1.995843e-01;8.858940e-02;8.785896e-02;3.907984e-02;7.539828e-02;6.113817e-02;3.768783e-02;5.789663e-02;2.552583e-02;7.944076e-02
9.187776e-02;1.318325e-01;2.403475e-01;1.662899e-01;1.113599e-01;2.437055e-02;6.455380e-02;3.021489e-02;3.867791e-02;3.991307e-02;2.160937e-02;3.895295e-02
9.734461e-02;1.057873e-01;2.641868e-01;2.179237e-01;9.269363e-02;3.639835e-02;2.579383e-02;2.843561e-02;3.029073e-02;4.370441e-02;2.218818e-02;3.525280e-02
1.196722e-01;8.289793e-02;1.805111e-01;1.350745e-01;6.159091e-02;6.902771e-02;1.714449e-01;3.028943e-02;3.573887e-02;4.721453e-02;3.521643e-02;3.132160e-02
1.164744e-01;8.131479e-02;1.004054e-01;4.961581e-02;5.568737e-02;9.516568e-02;3.429084e-01;2.869566e-02;3.513256e-02;4.658758e-02;2.453146e-02;2.348094e-02
1.089148e-01;9.396181e-02;5.922390e-02;1.349502e-02;5.040990e-02;9.307685e-02;4.638017e-01;2.698109e-02;2.709583e-02;4.109746e-02;9.783923e-03;1.215778e-02
9.929766e-02;1.014287e-01;3.855108e-02;1.354394e-02;4.476670e-02;6.975697e-02;5.128413e-01;3.778681e-02;2.849148e-02;3.249013e-02;6.924799e-03;1.412038e-02
6.654843e-02;8.074569e-02;5.047989e-02;1.594769e-02;3.387671e-02;6.129287e-02;5.117907e-01;6.831834e-02;4.429147e-02;4.525212e-02;1.241551e-02;9.040578e-03
3.430401e-02;5.418031e-02;7.738207e-02;2.420035e-02;3.263234e-02;4.611487e-02;4.796613e-01;9.161766e-02;6.378751e-02;6.738045e-02;1.665078e-02;1.208828e-02
3.243274e-02;3.605054e-02;7.809136e-02;4.066711e-02;4.963856e-02;3.449062e-02;3.617209e-01;9.501203e-02;8.655734e-02;1.261654e-01;4.565831e-02;1.351508e-02
5.727584e-02;4.742543e-02;5.768275e-02;4.441616e-02;5.552032e-02;4.383323e-02;1.948468e-01;6.755639e-02;8.137561e-02;1.938186e-01;1.196230e-01;3.662578e-02
1.529481e-01;5.434467e-02;5.625883e-02;2.432268e-02;3.861835e-02;5.965469e-02;1.504946e-01;6.015810e-02;5.869898e-02;1.311599e-01;1.214146e-01;9.192650e-02
3.150420e-01;9.884914e-02;8.006895e-02;1.588239e-02;3.901323e-02;6.776971e-02;8.249582e-02;4.337679e-02;4.246470e-02;6.565413e-02;5.358409e-02;9.579913e-02
3.306049e-01;1.905630e-01;1.575898e-01;1.870929e-02;3.104200e-02;5.270381e-02;3.292042e-02;3.326721e-02;4.109366e-02;3.996136e-02;2.157089e-02;4.997353e-02
2.153875e-01;2.094177e-01;3.201658e-01;3.871157e-02;2.002721e-02;2.847468e-02;2.370952e-02;2.204286e-02;4.196599e-02;4.419804e-02;1.045577e-02;2.544331e-02
1.115486e-01;1.377447e-01;4.986449e-01;6.390715e-02;2.098033e-02;1.209804e-02;1.965252e-02;1.430766e-02;2.912208e-02;5.503204e-02;2.293657e-02;1.402543e-02
9.219765e-02;5.439828e-02;5.418638e-01;8.988441e-02;4.212502e-02;1.213305e-02;1.722597e-02;1.348716e-02;1.861968e-02;3.799121e-02;6.448108e-02;1.559270e-02
6.277439e-02;6.863464e-02;4.696560e-01;9.903234e-02;6.096190e-02;2.150606e-02;4.627018e-02;1.905396e-02;9.411658e-03;2.250839e-02;9.225518e-02;2.793527e-02
8.916987e-02;1.060168e-01;3.838145e-01;9.118739e-02;5.730488e-02;2.505988e-02;5.760672e-02;1.637700e-02;1.110470e-02;4.744970e-02;7.898188e-02;3.592667e-02
6.929703e-02;1.533015e-01;3.393998e-01;1.232697e-01;5.884936e-02;3.063292e-02;5.860378e-02;1.354807e-02;1.461219e-02;6.065997e-02;5.282758e-02;2.499809e-02
9.775575e-02;1.534763e-01;2.869484e-01;1.266807e-01;6.621142e-02;2.882292e-02;5.326669e-02;1.059710e-02;2.846041e-02;4.663896e-02;6.757191e-02;3.356946e-02
1.787366e-01;1.424467e-01;2.438028e-01;8.056755e-02;6.411449e-02;3.272412e-02;5.298790e-02;1.729218e-02;3.144548e-02;4.805987e-02;6.688060e-02;4.094179e-02
1.459232e-01;1.218631e-01;3.193159e-01;8.081090e-02;5.856540e-02;3.602379e-02;3.224710e-02;2.678500e-02;3.346152e-02;4.126402e-02;5.483385e-02;4.890611e-02
5.770232e-02;1.218058e-01;4.741093e-01;8.632322e-02;4.865201e-02;2.988455e-02;3.574535e-02;2.343284e-02;3.391211e-02;2.595151e-02;3.158648e-02;3.089454e-02
1.203413e-01;1.359312e-01;4.608847e-01;5.883643e-02;4.204716e-02;1.953582e-02;5.098729e-02;1.182842e-02;2.324475e-02;2.719168e-02;2.983763e-02;1.933361e-02
1.230949e-01;9.925050e-02;3.547573e-01;5.673131e-02;4.386012e-02;2.053350e-02;9.392405e-02;2.186353e-02;4.019666e-02;4.352473e-02;6.930074e-02;3.296265e-02
8.486111e-02;4.816654e-02;2.023865e-01;5.779701e-02;5.685978e-02;3.076603e-02;1.213863e-01;5.115351e-02;7.252605e-02;1.168857e-01;1.023589e-01;5.485263e-02
8.932947e-02;5.752500e-02;1.156196e-01;6.543840e-02;6.305402e-02;3.095612e-02;1.182432e-01;4.975114e-02;1.427816e-01;1.347648e-01;7.927977e-02;5.325699e-02
9.177856e-02;6.364152e-02;9.346882e-02;4.864765e-02;5.570384e-02;2.373062e-02;1.016065e-01;5.778687e-02;1.584378e-01;1.653834e-01;9.806482e-02;4.174969e-02
7.829461e-02;5.688566e-02;8.371459e-02;3.388340e-02;4.072692e-02;1.804223e-02;6.361661e-02;1.212253e-01;1.150085e-01;2.148150e-01;1.273061e-01;4.648115e-02
5.519645e-02;3.296344e-02;9.019444e-02;3.709374e-02;2.412800e-02;2.278120e-02;1.718431e-01;1.584411e-01;1.029911e-01;1.691618e-01;8.901941e-02;4.618621e-02
7.991658e-02;5.404884e-02;1.028577e-01;3.901049e-02;3.941593e-02;4.097864e-02;2.647923e-01;1.206244e-01;7.132766e-02;9.307755e-02;5.444465e-02;3.950525e-02
1.435063e-01;7.584270e-02;9.430687e-02;3.604957e-02;7.325256e-02;6.727152e-02;2.562535e-01;9.390080e-02;3.323834e-02;5.573598e-02;3.620528e-02;3.443657e-02
1.836960e-01;6.873553e-02;1.095516e-01;3.703298e-02;9.454120e-02;8.361705e-02;1.580832e-01;8.096007e-02;5.293988e-02;5.288488e-02;2.543644e-02;5.252117e-02
1.238432e-01;7.887539e-02;1.318970e-01;5.240552e-02;8.151139e-02;1.152141e-01;1.326751e-01;6.798277e-02;9.008708e-02;3.991284e-02;3.446523e-02;5.113040e-02
4.829701e-02;8.801400e-02;9.137292e-02;5.015576e-02;1.006029e-01;1.729538e-01;1.970616e-01;5.745682e-02;8.171402e-02;2.911227e-02;5.269673e-02;3.056214e-02
7.449014e-02;1.088904e-01;1.587495e-01;6.099514e-02;1.086096e-01;1.238928e-01;1.241823e-01;8.616623e-02;4.499563e-02;3.260237e-02;5.331140e-02;2.311450e-02
6.838343e-02;6.174910e-02;2.667238e-01;4.816315e-02;1.323442e-01;8.155613e-02;1.672263e-01;4.966106e-02;3.178940e-02;3.342186e-02;3.531985e-02;2.366160e-02
8.474176e-02;2.901366e-02;2.869662e-01;3.761931e-02;8.505270e-02;6.591164e-02;2.000431e-01;4.211695e-02;4.448681e-02;4.961482e-02;4.754731e-02;2.688575e-02
1.150724e-01;5.358734e-02;1.537932e-01;3.407628e-02;5.432877e-02;2.640054e-02;2.251290e-01;6.255272e-02;7.072417e-02;9.438106e-02;8.135640e-02;2.859812e-02
1.093161e-01;6.648878e-02;1.903732e-01;4.164146e-02;6.105016e-02;4.060884e-02;1.347024e-01;7.041985e-02;7.748827e-02;8.299524e-02;8.349267e-02;4.142316e-02
7.557216e-02;5.644041e-02;2.405303e-01;4.839603e-02;7.715420e-02;6.345042e-02;1.233363e-01;6.130806e-02;7.492338e-02;6.468891e-02;7.702467e-02;3.717516e-02
4.175800e-02;5.197155e-02;1.324268e-01;4.518545e-02;9.903342e-02;8.707606e-02;2.801299e-01;4.424839e-02;6.898671e-02;4.847499e-02;6.878970e-02;3.191906e-02
6.690850e-02;4.739727e-02;1.967722e-01;4.530220e-02;1.042992e-01;7.181540e-02;2.459696e-01;4.947757e-02;4.871750e-02;4.892264e-02;4.532873e-02;2.908923e-02
9.876095e-02;4.179594e-02;2.445864e-01;4.987231e-02;8.459692e-02;7.420240e-02;1.489902e-01;4.403940e-02;6.089833e-02;6.898938e-02;4.741991e-02;3.584781e-02
6.825914e-02;6.428373e-02;1.588652e-01;5.988637e-02;7.459662e-02;1.050438e-01;9.736894e-02;6.562873e-02;7.809678e-02;1.080273e-01;7.803118e-02;4.191215e-02
5.609836e-02;5.827847e-02;1.727004e-01;6.555714e-02;1.162047e-01;6.781361e-02;1.304300e-01;3.302962e-02;8.498894e-02;8.607534e-02;8.568094e-02;4.314243e-02
4.855502e-02;6.216076e-02;2.142093e-01;7.850192e-02;9.758447e-02;4.726369e-02;1.068506e-01;3.918413e-02;6.997040e-02;6.192530e-02;1.037429e-01;7.005151e-02
4.265575e-02;8.036310e-02;1.384114e-01;6.312101e-02;8.424007e-02;6.952090e-02;1.488798e-01;5.917934e-02;6.573490e-02;8.242223e-02;9.356406e-02;7.190752e-02
7.520215e-02;7.749395e-02;9.121653e-02;6.508416e-02;4.310203e-02;1.223012e-01;1.585514e-01;7.328693e-02;5.909297e-02;9.567878e-02;7.939376e-02;5.959621e-02
1.186486e-01;5.064275e-02;1.194082e-01;6.522782e-02;6.047858e-02;1.233461e-01;1.535263e-01;7.164086e-02;5.098547e-02;9.388500e-02;3.825267e-02;5.395758e-02
1.249568e-01;8.873356e-02;1.251883e-01;5.619812e-02;6.177019e-02;8.842866e-02;1.078264e-01;6.429653e-02;6.729447e-02;8.787501e-02;7.120622e-02;5.622574e-02
