8.599453e-02;5.836187e-02;1.929056e-01;7.724146e-02;7.741493e-02;4.643392e-02;1.166002e-01;7.955865e-02;7.626045e-02;6.130162e-02;9.701741e-02;3.090941e-02
7.032309e-02;5.555670e-02;1.833924e-01;6.919210e-02;6.221724e-02;4.912483e-02;1.292221e-01;6.016634e-02;1.240589e-01;6.400739e-02;8.711689e-02;4.562203e-02
6.487359e-02;6.121170e-02;2.152224e-01;5.430741e-02;6.994054e-02;6.831278e-02;1.152996e-01;8.080223e-02;1.031501e-01;6.707273e-02;4.832275e-02;5.148410e-02
1.511480e-01;1.090077e-01;2.850945e-01;4.452808e-02;5.931496e-02;2.358084e-02;8.620070e-02;4.785560e-02;5.638484e-02;4.780865e-02;4.920426e-02;3.987187e-02
2.426344e-01;1.189716e-01;1.999743e-01;4.445971e-02;4.916484e-02;2.552606e-02;8.797687e-02;5.251221e-02;4.581534e-02;4.402533e-02;4.256365e-02;4.637562e-02
3.203270e-01;1.422403e-01;1.453482e-01;3.224986e-02;6.201268e-02;3.654583e-02;5.963606e-02;6.689905e-02;3.537088e-02;2.934749e-02;2.542788e-02;4.459487e-02
3.335861e-01;1.869509e-01;1.214789e-01;1.980510e-02;6.127236e-02;6.104688e-02;3.441407e-02;6.300966e-02;5.207348e-02;1.684437e-02;1.678873e-02;3.272949e-02
2.758332e-01;2.409073e-01;1.615780e-01;1.212238e-02;3.156106e-02;9.760182e-02;1.692032e-02;3.495790e-02;8.490583e-02;9.809857e-03;1.263091e-02;2.117139e-02
1.708877e-01;2.708190e-01;2.625453e-01;1.142002e-02;7.994200e-03;1.167128e-01;1.249449e-02;1.913746e-02;9.752405e-02;1.148757e-02;6.094837e-03;1.288257e-02
1.245607e-01;2.466930e-01;3.328648e-01;1.827928e-02;1.189086e-02;1.013923e-01;1.727840e-02;2.911176e-02;7.064670e-02;2.607649e-02;8.474498e-03;1.273132e-02
1.546193e-01;1.819596e-01;3.151871e-01;3.017638e-02;3.038495e-02;8.060232e-02;2.570958e-02;4.474474e-02;5.628758e-02;4.227761e-02;1.602095e-02;2.203000e-02
1.348609e-01;1.176014e-01;2.765849e-01;4.907878e-02;5.098759e-02;8.111936e-02;4.143465e-02;5.646520e-02;6.073294e-02;5.602692e-02;3.007361e-02;4.503375e-02
1.119029e-01;7.628842e-02;3.245203e-01;5.652274e-02;6.492355e-02;9.163347e-02;4.674487e-02;3.575891e-02;3.983400e-02;6.011148e-02;5.316456e-02;3.859481e-02
1.327476e-01;5.295600e-02;2.763855e-01;5.155929e-02;6.730306e-02;1.040278e-01;6.405304e-02;4.130255e-02;3.791486e-02;6.528814e-02;6.825626e-02;3.820579e-02
1.235204e-01;1.026568e-01;2.017558e-01;3.896118e-02;7.456029e-02;1.218210e-01;5.577100e-02;5.860603e-02;3.558069e-02;5.994582e-02;5.719793e-02;6.962308e-02
1.243203e-01;1.520860e-01;1.578325e-01;4.958937e-02;5.695552e-02;9.652168e-02;5.214662e-02;7.038789e-02;6.505277e-02;5.640109e-02;2.362764e-02;9.507862e-02
1.556972e-01;1.709066e-01;1.323824e-01;5.979760e-02;5.288215e-02;4.433323e-02;7.153067e-02;4.735243e-02;1.037243e-01;5.461830e-02;1.661473e-02;9.016047e-02
1.145920e-01;1.962749e-01;1.320042e-01;5.848775e-02;4.781947e-02;5.523749e-02;8.689347e-02;4.568938e-02;1.068282e-01;6.438778e-02;2.570492e-02;6.608044e-02
7.361209e-02;1.663150e-01;2.252910e-01;8.477697e-02;6.428697e-02;5.152636e-02;6.656668e-02;5.037665e-02;8.008778e-02;7.678016e-02;2.112100e-02;3.925930e-02
3.831292e-02;1.110484e-01;2.736516e-01;9.115952e-02;9.273648e-02;6.868826e-02;1.365335e-01;3.228404e-02;4.984339e-02;6.270143e-02;1.810696e-02;2.493346e-02
2.091215e-02;6.425465e-02;2.306257e-01;8.001119e-02;1.233391e-01;9.580247e-02;2.297717e-01;2.494618e-02;3.298887e-02;4.966826e-02;1.613170e-02;3.154808e-02
2.450184e-02;3.268559e-02;1.691670e-01;6.081744e-02;1.759478e-01;1.392333e-01;2.559322e-01;1.502790e-02;4.855096e-02;2.837648e-02;1.194351e-02;3.781595e-02
5.375173e-02;1.736769e-02;6.483495e-02;3.699137e-02;2.222311e-01;2.036050e-01;2.661402e-01;9.972751e-03;6.094486e-02;1.764080e-02;8.738540e-03;3.778103e-02
5.442315e-02;1.499346e-02;1.216889e-01;4.825886e-02;2.071169e-01;1.754551e-01;2.196157e-01;1.904399e-02;4.600869e-02;1.499728e-02;1.979232e-02;5.860568e-02
3.944943e-02;1.194917e-02;2.358312e-01;8.023956e-02;1.598515e-01;1.372037e-01;1.113999e-01;4.947102e-02;4.771795e-02;2.539359e-02;4.040441e-02;6.108861e-02
3.779218e-02;1.356305e-02;3.753137e-01;9.042314e-02;8.156379e-02;9.250609e-02;8.579735e-02;6.254715e-02;3.881055e-02;4.538865e-02;4.520868e-02;3.108567e-02
3.484806e-02;1.918309e-02;4.043121e-01;5.819407e-02;8.782084e-02;5.613099e-02;1.459237e-01;3.431951e-02;2.862863e-02;5.153778e-02;2.510672e-02;5.399453e-02
5.436043e-02;3.351760e-02;2.646396e-01;5.927582e-02;8.046789e-02;4.564482e-02;2.329178e-01;2.889079e-02;3.966068e-02;4.202947e-02;4.855936e-02;7.003564e-02
5.160804e-02;5.694323e-02;6.349759e-02;3.049046e-02;7.100984e-02;7.520258e-02;3.903463e-01;8.600009e-02;4.283733e-02;3.309936e-02;5.347132e-02;4.549385e-02
3.185129e-02;5.712629e-02;4.168433e-02;1.688276e-02;4.328202e-02;5.826445e-02;4.548795e-01;1.578784e-01;4.454869e-02;2.993762e-02;4.503238e-02;1.863236e-02
1.532175e-02;4.450358e-02;4.963038e-02;1.225900e-02;2.785657e-02;2.950475e-02;4.811205e-01;2.266387e-01;4.346892e-02;2.319409e-02;3.259086e-02;1.391090e-02
6.357414e-03;3.333354e-02;5.199158e-02;5.915031e-03;1.806055e-02;1.797553e-02;5.285481e-01;2.704823e-01;2.365978e-02;1.366376e-02;1.318873e-02;1.682372e-02
1.030168e-02;3.403347e-02;4.841004e-02;4.949335e-03;1.675716e-02;2.179642e-02;5.331814e-01;2.561069e-01;2.587823e-02;1.245248e-02;2.300208e-02;1.313088e-02
1.611159e-02;1.905754e-02;5.643070e-02;6.945545e-03;1.132459e-02;2.123048e-02;5.311127e-01;2.726815e-01;2.722127e-02;1.152506e-02;1.065564e-02;1.570341e-02
2.202169e-02;3.904366e-02;5.175784e-02;1.141946e-02;2.896823e-02;2.893130e-02;5.124375e-01;2.194600e-01;2.432129e-02;1.819543e-02;2.365383e-02;1.978973e-02
2.852847e-02;6.960788e-02;4.989788e-02;1.383452e-02;6.074678e-02;6.097470e-02;4.891832e-01;1.245265e-01;1.957144e-02;2.305920e-02;4.283200e-02;1.723742e-02
4.828070e-02;5.771135e-02;5.309121e-02;2.129374e-02;7.800891e-02;8.407380e-02;5.136029e-01;5.021743e-02;2.126883e-02;2.416866e-02;3.029479e-02;1.798766e-02
3.923517e-02;3.032316e-02;5.837363e-02;2.024831e-02;5.942288e-02;7.256536e-02;5.739449e-01;7.691496e-02;1.859467e-02;2.166029e-02;1.632392e-02;1.239269e-02
2.904416e-02;2.694711e-02;7.145425e-02;1.912305e-02;3.527307e-02;4.082369e-02;5.699292e-01;1.105955e-01;3.580231e-02;3.001454e-02;1.603658e-02;1.495654e-02
3.651216e-02;2.588364e-02;7.625332e-02;1.415295e-02;3.620227e-02;5.584299e-02;5.241402e-01;1.211836e-01;4.101949e-02;3.363518e-02;1.488618e-02;2.028807e-02
2.628686e-02;4.182366e-02;7.250574e-02;1.202915e-02;4.060088e-02;5.508525e-02;4.864090e-01;1.375457e-01;5.300539e-02;4.112210e-02;1.641982e-02;1.716643e-02
2.483753e-02;4.378172e-02;6.999235e-02;2.638937e-02;5.324525e-02;6.085572e-02;3.515465e-01;1.425833e-01;8.233039e-02;5.505036e-02;4.488253e-02;4.450499e-02
4.410162e-02;3.709122e-02;8.389907e-02;4.339882e-02;5.084115e-02;6.078266e-02;2.391876e-01;1.218759e-01;1.135046e-01;7.357207e-02;6.927409e-02;6.247124e-02
9.330571e-02;9.843729e-02;1.437804e-01;7.317469e-02;9.018992e-02;9.795915e-02;9.497910e-02;7.652448e-02;6.194966e-02;6.789814e-02;4.017511e-02;6.162635e-02
1.122803e-01;1.247529e-01;1.201222e-01;8.911314e-02;8.560484e-02;1.051058e-01;1.145965e-01;6.299613e-02;5.424529e-02;5.773045e-02;2.325481e-02;5.019775e-02
1.182833e-01;1.289655e-01;9.024343e-02;9.719915e-02;9.048899e-02;1.199384e-01;1.397455e-01;5.941088e-02;5.635786e-02;5.050192e-02;1.430432e-02;3.456070e-02
1.122160e-01;8.945372e-02;7.873862e-02;8.419958e-02;1.177763e-01;1.273827e-01;1.712953e-01;4.592615e-02;5.275866e-02;3.741409e-02;1.905234e-02;6.378655e-02
8.764043e-02;4.518244e-02;1.162967e-01;8.652782e-02;1.546525e-01;1.273951e-01;1.443201e-01;2.189329e-02;4.140970e-02;3.315277e-02;3.533974e-02;1.061894e-01
6.989180e-02;2.240257e-02;1.979476e-01;1.168564e-01;1.174696e-01;1.179129e-01;1.325630e-01;2.276311e-02;3.045796e-02;4.393814e-02;4.092387e-02;8.687307e-02
5.222527e-02;2.549173e-02;2.248126e-01;1.657210e-01;9.583616e-02;9.274229e-02;8.872872e-02;2.174918e-02;2.889865e-02;4.656645e-02;1.133056e-01;4.392239e-02
3.543495e-02;2.605697e-02;2.209040e-01;1.943194e-01;9.225122e-02;6.853186e-02;4.082330e-02;2.228596e-02;1.872553e-02;5.016316e-02;1.935923e-01;3.691137e-02
2.582744e-02;1.740778e-02;2.941613e-01;1.621702e-01;5.568808e-02;4.041869e-02;5.004469e-02;1.710690e-02;3.094753e-02;1.151624e-01;1.673019e-01;2.376299e-02
2.942720e-02;3.446994e-02;3.671469e-01;9.033199e-02;2.981952e-02;1.753935e-02;6.421860e-02;1.347391e-02;5.732256e-02;1.970035e-01;8.836219e-02;1.088431e-02
5.941393e-02;1.084921e-01;3.131053e-01;4.088862e-02;1.968537e-02;2.500479e-02;4.787352e-02;1.921137e-02;1.264589e-01;1.935557e-01;3.171926e-02;1.459110e-02
1.609595e-01;1.855631e-01;1.639391e-01;3.333263e-02;1.425873e-02;3.678795e-02;2.340362e-02;3.865648e-02;1.941084e-01;9.569254e-02;1.943496e-02;3.386301e-02
2.779276e-01;1.641883e-01;1.192798e-01;3.144109e-02;2.325092e-02;2.735176e-02;1.765204e-02;5.070259e-02;1.324289e-01;5.616697e-02;4.861939e-02;5.099066e-02
3.714314e-01;9.578586e-02;1.146456e-01;3.686061e-02;2.941419e-02;1.759255e-02;2.331858e-02;4.583826e-02;2.635738e-02;7.547621e-02;7.859857e-02;8.468080e-02
3.291357e-01;4.951768e-02;1.484487e-01;5.431852e-02;2.600447e-02;1.304666e-02;1.454224e-02;3.072322e-02;1.019820e-01;5.256671e-02;8.421532e-02;9.549873e-02
2.628880e-01;4.813840e-02;1.752246e-01;6.508221e-02;1.993371e-02;1.958766e-02;1.476694e-02;4.784460e-02;9.331653e-02;9.564620e-02;9.632172e-02;6.124941e-02
1.613976e-01;5.762118e-02;1.706875e-01;8.021792e-02;1.818832e-02;2.977231e-02;4.014082e-02;4.088686e-02;1.116469e-01;1.161086e-01;1.005843e-01;7.274773e-02
7.109299e-02;7.519570e-02;1.674688e-01;9.288990e-02;2.592864e-02;4.662932e-02;5.874332e-02;4.613952e-02;1.332794e-01;1.320049e-01;8.409496e-02;6.653252e-02
1.290817e-01;8.364507e-02;1.560055e-01;8.199929e-02;4.008953e-02;5.193947e-02;5.269587e-02;4.775513e-02;1.023620e-01;1.325086e-01;7.166162e-02;5.025616e-02
8.614245e-02;7.451557e-02;1.848657e-01;1.160919e-01;6.254517e-02;5.095876e-02;4.316015e-02;5.482468e-02;7.115981e-02;1.208646e-01;8.424310e-02;5.062808e-02
9.451990e-02;8.227222e-02;2.106727e-01;1.182973e-01;8.348372e-02;3.927849e-02;3.544714e-02;4.828641e-02;6.529489e-02;1.047424e-01;6.084980e-02;5.685501e-02
1.114012e-01;7.618960e-02;3.649374e-01;9.237199e-02;8.348025e-02;3.396945e-02;2.980709e-02;3.124734e-02;3.497535e-02;6.998332e-02;3.622141e-02;3.541570e-02
6.909914e-02;5.822241e-02;4.195676e-01;1.201336e-01;9.436926e-02;5.258867e-02;2.184283e-02;2.520491e-02;2.462009e-02;5.236778e-02;3.987357e-02;2.211009e-02
2.657583e-02;3.798188e-02;3.156165e-01;1.551039e-01;1.718394e-01;7.052008e-02;4.474938e-02;2.730936e-02;1.504637e-02;5.709390e-02;4.528906e-02;3.287429e-02
1.457632e-02;2.154324e-02;1.598011e-01;1.057304e-01;3.113852e-01;8.444855e-02;1.247557e-01;1.585949e-02;2.970288e-02;4.828551e-02;2.278436e-02;6.112735e-02
3.561230e-02;1.090897e-02;9.709387e-02;4.020289e-02;3.510357e-01;1.563299e-01;1.543707e-01;1.276427e-02;5.080683e-02;2.559661e-02;5.479858e-03;5.979814e-02
7.375485e-02;9.415936e-03;8.272096e-02;2.428087e-02;2.273909e-01;2.641550e-01;1.704402e-01;2.397231e-02;3.980577e-02;4.974159e-02;7.497435e-03;2.682420e-02
8.285236e-02;1.870252e-02;4.678261e-02;3.953868e-02;1.174878e-01;3.029675e-01;2.416721e-01;3.741102e-02;1.863473e-02;7.822465e-02;4.179076e-03;1.154696e-02
4.308482e-02;4.356036e-02;3.260136e-02;5.646091e-02;7.382962e-02;2.385802e-01;3.464823e-01;4.165014e-02;1.823544e-02;7.043395e-02;1.407128e-02;2.100958e-02
4.794414e-02;6.039280e-02;5.714989e-02;6.335751e-02;7.931345e-02;1.604540e-01;3.229286e-01;7.063358e-02;4.089363e-02;5.338941e-02;2.574347e-02;1.779952e-02
5.060929e-02;4.942559e-02;7.338380e-02;3.669300e-02;7.249755e-02;8.235374e-02;3.530679e-01;1.356993e-01;5.526185e-02;4.457253e-02;3.059266e-02;1.584286e-02
3.376888e-02;5.225367e-02;1.068054e-01;2.063017e-02;3.556088e-02;3.504349e-02;3.781349e-01;2.030731e-01;4.310025e-02;3.761448e-02;3.188772e-02;2.212695e-02
2.785704e-02;2.860930e-02;1.658045e-01;1.799818e-02;1.715061e-02;1.852142e-02;3.373661e-01;2.556053e-01;4.245711e-02;4.462734e-02;1.617079e-02;2.783234e-02
1.498830e-02;1.729971e-02;1.745423e-01;1.559854e-02;2.469043e-02;2.098165e-02;3.684959e-01;2.371372e-01;4.542976e-02;4.549643e-02;1.108710e-02;2.425266e-02
1.416603e-02;3.173195e-02;1.198957e-01;3.259443e-02;6.883537e-02;4.807609e-02;4.376411e-01;1.375906e-01;4.563968e-02;3.091681e-02;2.038107e-02;1.253113e-02
3.990236e-02;3.877619e-02;1.050651e-01;5.950391e-02;9.399766e-02;8.064760e-02;3.612434e-01;9.192853e-02;5.639883e-02;2.514399e-02;2.285676e-02;2.453565e-02
5.505110e-02;2.565777e-02;1.456337e-01;6.971419e-02;8.435902e-02;7.070721e-02;3.222152e-01;9.628505e-02;5.112248e-02;2.403179e-02;1.964536e-02;3.557719e-02
5.319373e-02;2.521176e-02;1.446792e-01;5.049458e-02;6.454013e-02;4.635164e-02;4.257404e-01;8.610582e-02;4.321206e-02;2.799944e-02;1.384483e-02;1.862647e-02
4.441969e-02;2.502479e-02;9.663693e-02;3.014932e-02;6.185877e-02;6.439673e-02;4.186344e-01;1.432301e-01;4.815915e-02;3.828539e-02;8.994490e-03;2.021016e-02
1.852879e-02;2.915354e-02;8.188417e-02;4.645614e-02;8.105543e-02;1.105914e-01;2.816333e-01;1.443161e-01;8.795782e-02;7.009041e-02;2.132156e-02;2.701139e-02
4.537482e-02;6.051479e-02;5.869792e-02;6.364040e-02;9.199794e-02;1.087142e-01;2.036436e-01;1.236042e-01;9.857379e-02;8.458319e-02;3.038605e-02;3.026906e-02
7.021491e-02;9.892505e-02;6.483577e-02;7.139180e-02;8.461873e-02;7.463872e-02;1.751849e-01;1.091899e-01;1.032641e-01;8.884078e-02;3.477620e-02;2.411917e-02
6.866290e-02;1.118329e-01;7.755509e-02;7.732731e-02;7.250077e-02;8.098879e-02;1.691352e-01;7.615490e-02;8.865705e-02;1.195217e-01;2.903328e-02;2.863015e-02
6.552836e-02;7.000163e-02;6.473321e-02;6.416969e-02;6.952278e-02;1.191563e-01;2.534124e-01;6.276974e-02;5.398041e-02;1.125570e-01;2.314389e-02;4.102455e-02
7.528302e-02;3.903136e-02;7.826828e-02;3.749602e-02;1.049002e-01;1.657698e-01;2.857090e-01;4.411526e-02;4.260575e-02;6.450553e-02;1.632629e-02;4.598959e-02
4.560890e-02;2.760465e-02;7.556339e-02;2.545504e-02;1.639537e-01;1.982529e-01;2.100102e-01;2.417903e-02;7.218833e-02;3.368201e-02;2.489780e-02;9.860399e-02
1.021262e-02;1.772218e-02;7.589389e-02;3.716023e-02;2.614566e-01;1.626767e-01;1.025119e-01;1.922782e-02;9.852306e-02;2.225721e-02;2.150226e-02;1.708555e-01
1.167449e-02;1.173590e-02;6.393236e-02;6.811820e-02;3.303770e-01;1.127123e-01;8.357176e-02;1.535300e-02;8.514851e-02;1.966622e-02;8.568008e-03;1.891423e-01
1.170304e-02;1.767773e-02;8.469551e-02;1.077381e-01;3.170663e-01;8.353584e-02;9.559180e-02;2.957800e-02;4.249002e-02;1.673683e-02;3.366112e-02;1.595258e-01
1.509794e-02;2.985747e-02;1.405567e-01;1.842720e-01;2.223980e-01;7.331707e-02;4.846660e-02;4.045085e-02;2.299796e-02;1.396943e-02;1.019964e-01;1.066196e-01
1.665333e-02;2.408053e-02;2.010246e-01;2.077462e-01;1.197154e-01;5.927342e-02;3.730293e-02;5.315230e-02;2.249279e-02;3.247651e-02;1.714002e-01;5.468178e-02
2.809927e-02;2.182244e-02;3.130217e-01;1.695210e-01;7.339025e-02;3.967730e-02;3.593867e-02;4.151674e-02;1.545407e-02;8.802414e-02;1.534950e-01;2.003949e-02
4.838853e-02;5.165597e-02;3.989307e-01;9.465145e-02;4.999676e-02;2.942798e-02;5.342414e-02;2.141051e-02;2.779302e-02;1.417455e-01;7.551897e-02;7.056430e-03
8.116508e-02;8.067933e-02;3.572808e-01;3.646943e-02;6.447660e-02;5.219367e-02;6.743826e-02;2.636193e-02;6.102556e-02;1.198511e-01;4.396185e-02;9.096364e-03
1.013181e-01;8.073933e-02;2.354420e-01;5.433277e-02;8.946908e-02;9.870584e-02;8.092778e-02;3.400564e-02;8.721778e-02;6.707171e-02;4.477362e-02;2.599635e-02
8.024259e-02;4.320157e-02;2.261396e-01;9.848420e-02;9.565745e-02;1.227267e-01;7.241312e-02;2.662128e-02;5.939958e-02;7.726501e-02;5.586711e-02;4.198176e-02
5.097676e-02;3.373055e-02;2.763945e-01;1.333845e-01;8.884373e-02;9.155770e-02;6.150787e-02;2.667931e-02;5.749987e-02;7.070509e-02;5.546827e-02;5.325188e-02
3.253931e-02;2.793293e-02;3.108452e-01;1.329541e-01;9.261889e-02;6.744002e-02;6.821008e-02;2.296534e-02;4.833442e-02;5.727834e-02;7.478301e-02;6.409841e-02
2.511971e-02;2.431346e-02;2.885716e-01;1.026714e-01;8.707223e-02;8.069354e-02;8.669259e-02;4.633897e-02;4.185494e-02;6.409480e-02;7.779647e-02;7.478029e-02
3.898084e-02;2.775876e-02;2.139689e-01;7.942959e-02;1.008154e-01;1.066104e-01;9.302591e-02;8.405619e-02;5.415729e-02;5.016093e-02;8.912282e-02;6.191295e-02
6.129067e-02;4.237778e-02;1.935716e-01;1.043890e-01;1.113979e-01;9.499371e-02;1.139542e-01;7.671805e-02;7.415634e-02;4.045642e-02;4.723104e-02;3.946329e-02
4.597342e-02;6.191018e-02;1.523992e-01;5.998256e-02;8.035911e-02;6.586194e-02;1.568688e-01;6.608394e-02;1.237738e-01;1.176219e-01;2.892700e-02;4.023813e-02
4.199558e-02;6.052105e-02;1.192880e-01;4.142545e-02;6.714016e-02;6.352959e-02;1.247398e-01;8.446565e-02;1.422097e-01;1.537675e-01;4.799419e-02;5.292328e-02
4.484372e-02;6.671412e-02;1.272567e-01;2.313655e-02;6.871061e-02;7.120322e-02;7.407941e-02;6.803071e-02;1.058758e-01;1.777645e-01;9.735893e-02;7.502579e-02
8.415386e-02;4.226311e-02;1.660142e-01;4.952006e-02;6.974927e-02;7.117441e-02;6.089883e-02;4.402200e-02;5.348660e-02;1.610175e-01;1.086903e-01;8.900992e-02
9.983204e-02;9.070183e-02;3.871752e-01;7.117507e-02;4.484291e-02;4.327195e-02;4.780091e-02;1.686035e-02;4.772671e-02;5.852554e-02;3.851768e-02;5.356984e-02
7.896238e-02;1.045292e-01;4.756835e-01;9.421384e-02;3.455427e-02;2.060654e-02;2.291154e-02;1.234812e-02;2.980288e-02;5.648004e-02;4.498297e-02;2.492479e-02
5.457647e-02;5.204188e-02;4.316066e-01;1.583523e-01;7.702283e-02;1.851211e-02;1.530031e-02;1.478951e-02;1.567800e-02;6.009912e-02;9.033433e-02;1.168646e-02
2.797642e-02;1.922908e-02;2.912534e-01;2.214719e-01;1.680564e-01;3.362793e-02;1.853750e-02;2.335285e-02;2.355665e-02;3.089635e-02;1.027394e-01;3.930198e-02
2.108373e-02;1.758286e-02;1.529086e-01;1.750891e-01;2.545643e-01;6.482972e-02;5.731872e-02;1.511133e-02;6.963319e-02;3.817156e-02;5.012549e-02;8.358146e-02
4.525580e-02;9.880002e-03;9.518000e-02;7.507870e-02;2.413520e-01;1.266478e-01;1.051749e-01;1.196790e-02;9.169520e-02;1.067520e-01;1.326622e-02;7.774950e-02
8.669323e-02;9.037181e-03;6.405462e-02;2.387137e-02;1.423826e-01;1.927914e-01;1.867793e-01;1.312012e-02;5.633937e-02;1.800042e-01;1.731902e-02;2.760759e-02
8.255136e-02;2.230963e-02;4.664849e-02;2.303807e-02;8.613782e-02;1.965224e-01;2.952966e-01;1.395279e-02;2.660684e-02;1.732640e-01;2.032757e-02;1.334437e-02
5.595061e-02;3.720997e-02;4.000450e-02;3.369125e-02;8.016635e-02;1.638309e-01;3.634505e-01;2.405939e-02;2.384378e-02;1.239884e-01;2.007951e-02;3.372489e-02
7.358663e-02;3.808424e-02;8.501542e-02;5.829459e-02;1.235158e-01;1.374892e-01;2.772800e-01;2.883240e-02;3.033216e-02;9.506352e-02;1.445333e-02;3.805267e-02
7.547654e-02;2.946024e-02;1.557657e-01;8.179899e-02;1.801928e-01;1.253918e-01;1.533623e-01;3.253689e-02;6.132090e-02;5.139732e-02;2.351013e-02;2.978641e-02
9.594043e-02;3.257244e-02;1.417111e-01;6.824075e-02;1.464345e-01;1.046228e-01;2.143642e-01;3.816958e-02;5.699706e-02;3.493550e-02;2.570198e-02;4.030964e-02
1.167984e-01;4.008036e-02;1.073113e-01;4.857694e-02;8.422258e-02;8.462237e-02;3.417925e-01;5.097249e-02;4.206162e-02;4.039980e-02;1.562062e-02;2.754102e-02
9.896831e-02;4.051249e-02;7.208876e-02;3.884138e-02;4.610254e-02;4.674204e-02;4.035215e-01;9.010039e-02;3.603592e-02;5.237258e-02;1.821717e-02;5.649690e-02
5.064240e-02;3.975096e-02;5.755714e-02;2.689288e-02;3.376417e-02;4.214117e-02;3.538887e-01;1.405404e-01;7.290301e-02;6.864405e-02;2.587190e-02;8.740325e-02
4.320724e-02;1.977273e-02;7.911044e-02;2.068047e-02;2.362568e-02;3.163864e-02;3.349521e-01;1.850396e-01;8.403321e-02;8.235156e-02;1.401656e-02;8.157188e-02
3.093903e-02;1.469680e-02;7.433459e-02;1.675076e-02;2.834088e-02;4.722021e-02;4.340528e-01;1.543356e-01;6.735849e-02;7.790746e-02;1.188888e-02;4.217462e-02
2.960544e-02;3.227951e-02;9.226135e-02;3.018816e-02;7.258870e-02;8.682463e-02;4.017631e-01;8.385521e-02;6.627425e-02;6.016563e-02;2.063271e-02;2.356131e-02
4.445947e-02;5.694059e-02;1.659246e-01;5.699665e-02;1.101647e-01;1.089190e-01;1.964760e-01;9.051840e-02;7.325137e-02;4.248504e-02;1.883957e-02;3.502459e-02
9.222542e-02;6.996061e-02;1.336540e-01;6.536409e-02;7.679310e-02;6.011602e-02;2.288480e-01;7.446472e-02;7.367260e-02;4.107839e-02;3.737116e-02;4.645191e-02
9.842533e-02;4.734761e-02;9.463020e-02;5.832909e-02;4.774776e-02;4.668272e-02;3.108908e-01;8.266771e-02;5.836049e-02;5.209133e-02;6.147805e-02;4.134898e-02
9.332796e-02;3.250403e-02;1.279494e-01;3.989305e-02;3.255200e-02;3.798191e-02;3.144122e-01;5.680692e-02;9.539548e-02;4.602999e-02;8.364632e-02;3.950066e-02
7.167573e-02;3.678961e-02;1.247265e-01;4.392803e-02;4.420284e-02;4.897128e-02;2.446648e-01;1.003657e-01;1.325371e-01;5.318279e-02;7.968224e-02;1.927352e-02
7.352836e-02;3.985841e-02;8.970232e-02;5.210985e-02;5.084009e-02;5.192088e-02;2.252244e-01;1.263503e-01;1.085189e-01;8.875344e-02;6.301583e-02;3.017723e-02
7.031940e-02;3.587249e-02;5.237515e-02;3.693524e-02;5.894241e-02;6.788123e-02;4.163998e-01;9.522387e-02;2.430366e-02;7.955465e-02;3.580944e-02;2.638266e-02
4.847170e-02;3.604976e-02;4.045020e-02;1.575506e-02;7.141390e-02;1.102617e-01;5.310558e-01;3.718834e-02;4.637922e-02;3.471920e-02;1.544611e-02;1.280894e-02
3.459156e-02;2.439351e-02;2.814563e-02;1.783827e-02;6.805092e-02;1.306931e-01;6.057773e-01;2.599502e-02;1.876428e-02;2.315983e-02;1.223438e-02;1.035621e-02
3.052475e-02;1.808026e-02;1.012374e-02;2.358986e-02;6.653978e-02;1.564948e-01;6.084499e-01;2.139526e-02;7.693615e-03;3.411012e-02;1.374005e-02;9.257777e-03
2.754414e-02;1.504874e-02;1.473324e-02;2.684126e-02;1.043881e-01;2.015754e-01;5.110459e-01;1.785897e-02;1.106599e-02;5.295454e-02;9.429461e-03;7.514305e-03
3.001405e-02;1.141841e-02;5.334226e-02;2.369365e-02;1.767334e-01;2.377660e-01;3.536788e-01;2.126285e-02;2.333622e-02;5.212879e-02;7.802089e-03;8.823463e-03
4.519678e-02;8.675512e-03;1.280596e-01;3.909476e-02;2.650529e-01;2.297016e-01;1.751879e-01;1.898272e-02;4.137341e-02;2.109150e-02;1.108053e-02;1.650288e-02
3.453435e-02;1.205455e-02;1.910849e-01;7.633403e-02;2.596823e-01;1.547429e-01;1.577743e-01;1.951648e-02;3.401459e-02;1.431994e-02;2.306892e-02;2.287281e-02
1.893333e-02;1.689381e-02;2.781039e-01;1.275337e-01;2.098303e-01;9.501240e-02;1.466698e-01;2.350812e-02;1.755935e-02;1.663889e-02;3.098295e-02;1.833344e-02
1.828878e-02;1.768853e-02;3.456219e-01;1.891042e-01;1.893643e-01;6.364184e-02;8.699103e-02;2.715333e-02;1.265299e-02;1.648431e-02;1.938693e-02;1.362185e-02
1.396987e-02;1.758313e-02;3.347031e-01;2.079677e-01;1.574688e-01;6.800438e-02;9.599913e-02;2.381877e-02;1.383041e-02;2.001528e-02;2.965829e-02;1.698117e-02
2.312349e-02;2.927537e-02;4.028805e-01;1.951799e-01;1.109810e-01;5.642553e-02;6.894066e-02;1.512865e-02;1.433414e-02;2.903674e-02;4.274930e-02;1.194470e-02
3.252000e-02;4.773216e-02;5.168673e-01;1.442953e-01;6.834685e-02;2.799725e-02;5.621273e-02;1.007264e-02;1.401933e-02;4.438907e-02;3.222954e-02;5.317796e-03
4.616610e-02;9.746417e-02;5.136847e-01;7.509930e-02;2.925029e-02;5.286280e-02;5.609831e-02;1.252886e-02;2.692039e-02;5.610846e-02;2.203167e-02;1.178494e-02
1.074231e-01;1.432978e-01;3.934172e-01;4.185157e-02;2.212693e-02;6.498523e-02;5.529400e-02;2.656133e-02;4.976273e-02;4.952179e-02;2.524268e-02;2.051564e-02
1.717116e-01;1.192002e-01;3.549173e-01;3.842238e-02;2.946476e-02;4.838036e-02;3.057866e-02;4.032815e-02;5.219460e-02;6.397288e-02;2.210853e-02;2.872055e-02
1.540141e-01;6.109598e-02;3.107032e-01;5.643322e-02;5.446317e-02;5.609507e-02;3.877069e-02;5.380982e-02;5.134051e-02;9.158484e-02;4.209880e-02;2.959068e-02
9.609906e-02;4.170520e-02;3.219810e-01;7.799822e-02;5.749421e-02;6.555712e-02;5.601548e-02;5.278025e-02;6.441540e-02;7.543248e-02;5.716551e-02;3.335609e-02
8.416982e-02;4.165257e-02;3.701274e-01;8.874692e-02;5.685370e-02;6.982041e-02;6.317192e-02;4.412185e-02;4.593074e-02;5.113382e-02;5.133242e-02;3.293848e-02
8.342645e-02;5.360501e-02;3.814968e-01;7.629997e-02;3.734613e-02;5.920362e-02;5.431105e-02;3.610934e-02;5.513989e-02;6.156106e-02;5.089588e-02;5.060489e-02
6.199292e-02;3.879485e-02;3.290785e-01;8.093770e-02;4.433392e-02;5.250245e-02;6.164674e-02;6.754684e-02;5.543623e-02;7.126270e-02;8.771570e-02;4.875145e-02
9.830131e-02;6.640401e-02;2.313178e-01;8.968777e-02;5.408982e-02;5.450294e-02;6.432537e-02;6.860539e-02;7.939112e-02;7.530013e-02;7.193154e-02;4.614278e-02
9.056780e-02;7.886204e-02;1.434754e-01;1.058192e-01;5.090277e-02;1.063039e-01;1.129229e-01;4.923372e-02;9.238259e-02;6.184134e-02;4.959930e-02;5.808913e-02
8.250000e-02;5.399927e-02;1.404561e-01;1.287975e-01;5.241914e-02;8.578828e-02;1.390418e-01;8.438241e-02;8.433154e-02;5.410532e-02;4.745386e-02;4.672471e-02
7.778224e-02;6.633037e-02;1.255610e-01;1.555945e-01;6.684155e-02;9.155589e-02;1.069348e-01;7.067332e-02;6.166423e-02;7.555763e-02;4.681724e-02;5.468727e-02
7.537296e-02;6.298306e-02;1.159812e-01;1.414385e-01;8.907642e-02;6.964026e-02;1.031658e-01;6.138886e-02;5.172113e-02;9.767381e-02;3.159953e-02;9.995849e-02
1.140665e-01;6.721651e-02;1.183555e-01;1.026920e-01;1.041399e-01;7.338759e-02;1.032740e-01;7.890990e-02;4.645390e-02;9.885765e-02;2.493564e-02;6.771094e-02
8.152913e-02;5.511960e-02;9.348781e-02;1.193306e-01;8.582377e-02;8.840586e-02;1.287647e-01;1.084606e-01;6.460859e-02;8.143624e-02;4.165764e-02;5.137542e-02
7.632671e-02;6.289491e-02;1.191666e-01;8.142274e-02;9.889629e-02;1.078780e-01;1.244030e-01;7.452920e-02;7.407186e-02;9.531651e-02;4.126723e-02;4.382693e-02
1.376363e-01;6.253140e-02;1.961122e-01;4.999197e-02;1.063735e-01;1.071861e-01;7.497288e-02;4.900420e-02;6.891681e-02;8.415243e-02;2.986575e-02;3.325652e-02
1.150997e-01;8.014402e-02;3.335241e-01;7.021893e-02;7.588416e-02;5.430998e-02;7.824554e-02;3.308553e-02;4.370439e-02;6.295715e-02;3.094692e-02;2.187959e-02
9.316286e-02;8.098840e-02;3.561205e-01;1.192612e-01;6.190351e-02;3.258956e-02;6.819543e-02;2.496957e-02;3.947040e-02;6.389704e-02;3.880763e-02;2.063395e-02
7.754698e-02;6.503973e-02;3.002297e-01;1.868255e-01;9.611896e-02;3.632851e-02;3.519886e-02;2.757123e-02;2.804315e-02;6.917285e-02;5.424475e-02;2.367972e-02
4.767697e-02;4.338139e-02;1.820672e-01;1.931493e-01;2.141786e-01;5.178734e-02;4.111943e-02;2.713419e-02;2.862464e-02;6.915870e-02;5.202355e-02;4.969871e-02
3.277506e-02;2.239269e-02;9.143652e-02;1.049775e-01;3.086807e-01;1.041877e-01;9.990950e-02;2.941766e-02;6.771117e-02;4.569296e-02;2.283608e-02;6.998248e-02
6.243910e-02;1.476263e-02;6.824135e-02;6.182880e-02;2.061401e-01;2.101914e-01;1.719374e-01;5.043819e-02;6.081612e-02;4.603235e-02;4.487867e-03;4.268463e-02
6.290655e-02;3.405417e-02;4.378202e-02;5.819500e-02;9.352943e-02;2.279251e-01;3.002097e-01;5.880425e-02;3.484341e-02;6.417324e-02;6.770093e-03;1.480710e-02
3.033789e-02;5.063231e-02;3.652445e-02;3.956359e-02;7.578549e-02;1.295950e-01;4.060186e-01;1.065001e-01;4.942186e-02;4.636229e-02;1.498733e-02;1.427105e-02
9.406908e-03;3.428088e-02;4.521775e-02;2.194699e-02;5.751370e-02;9.029216e-02;3.739085e-01;2.053553e-01;8.927199e-02;4.092320e-02;1.203146e-02;1.985117e-02
1.845391e-02;1.277590e-02;4.346454e-02;4.038207e-02;3.846853e-02;1.057689e-01;2.662545e-01;1.845996e-01;1.870422e-01;6.807433e-02;1.627726e-02;1.843819e-02
3.664017e-02;2.981789e-02;2.144054e-02;4.863556e-02;4.734139e-02;8.280993e-02;1.798089e-01;6.014287e-02;2.630286e-01;1.558346e-01;5.387378e-02;2.062581e-02
4.153792e-02;3.553143e-02;1.266900e-02;3.314491e-02;6.104143e-02;4.350249e-02;1.412227e-01;6.880716e-02;1.485706e-01;2.617644e-01;1.307904e-01;2.141753e-02
5.180573e-02;2.824752e-02;3.116858e-02;3.589614e-02;6.577966e-02;4.448764e-02;1.779802e-01;4.878067e-02;9.007899e-02;1.676130e-01;2.109331e-01;4.722874e-02
6.615390e-02;2.658032e-02;4.143883e-02;4.428533e-02;7.355753e-02;4.649226e-02;1.775596e-01;6.821318e-02;1.184522e-01;6.474788e-02;2.043510e-01;6.816798e-02
7.401901e-02;4.175882e-02;3.081676e-02;6.044418e-02;9.070135e-02;7.003242e-02;1.358145e-01;7.827307e-02;8.090020e-02;1.254169e-01;1.481101e-01;6.371258e-02
7.018629e-02;5.847450e-02;2.354392e-02;6.874506e-02;7.942778e-02;1.239574e-01;8.505383e-02;1.181548e-01;1.366574e-01;9.398697e-02;9.215716e-02;4.965501e-02
4.569429e-02;6.305916e-02;5.038148e-02;7.713103e-02;5.007069e-02;1.667995e-01;1.003809e-01;1.426956e-01;1.231415e-01;6.482989e-02;7.377453e-02;4.204144e-02
3.809579e-02;5.343558e-02;5.832834e-02;8.517254e-02;1.126397e-01;1.508651e-01;1.277490e-01;9.832165e-02;8.333560e-02;7.751095e-02;5.936925e-02;5.517643e-02
4.460892e-02;3.684533e-02;4.945348e-02;9.519821e-02;1.617122e-01;1.335355e-01;1.484382e-01;5.670638e-02;8.429661e-02;8.600495e-02;4.612466e-02;5.707559e-02
5.444143e-02;3.846302e-02;4.588662e-02;9.017193e-02;1.726689e-01;1.062429e-01;1.323851e-01;7.920016e-02;9.159906e-02;9.861118e-02;5.360532e-02;3.672434e-02
5.327877e-02;6.144872e-02;3.209537e-02;6.922702e-02;1.323873e-01;1.490035e-01;1.216757e-01;7.961319e-02;1.242879e-01;1.050572e-01;5.003414e-02;2.189116e-02
5.826004e-02;7.348248e-02;5.960209e-02;7.430805e-02;8.331168e-02;1.208821e-01;1.310329e-01;8.622866e-02;1.290056e-01;9.242450e-02;5.642537e-02;3.503660e-02
