8.798067e-02;6.862681e-02;9.066275e-02;8.422840e-02;9.190432e-02;6.854762e-02;1.676080e-01;5.237896e-02;8.171842e-02;8.631467e-02;6.526041e-02;5.476899e-02
9.317335e-02;8.903740e-02;6.746509e-02;7.905804e-02;9.779686e-02;7.345136e-02;1.641729e-01;5.936011e-02;1.097626e-01;6.475221e-02;6.959257e-02;3.237747e-02
8.602144e-02;1.063350e-01;5.521072e-02;6.869106e-02;6.415714e-02;6.541675e-02;1.275670e-01;9.637702e-02;1.352320e-01;6.413066e-02;8.398218e-02;4.687898e-02
8.952308e-02;1.103170e-01;4.452277e-02;6.872949e-02;4.597697e-02;6.129972e-02;1.143486e-01;8.239635e-02;1.645555e-01;6.101102e-02;9.897559e-02;5.834392e-02
8.321680e-02;1.249637e-01;3.521642e-02;8.138438e-02;2.856275e-02;6.118968e-02;9.682530e-02;4.631258e-02;2.266949e-01;4.396974e-02;1.167707e-01;5.489309e-02
5.461836e-02;1.132777e-01;5.047695e-02;9.197032e-02;3.036999e-02;6.810059e-02;6.374233e-02;5.188495e-02;2.697069e-01;4.774155e-02;1.023230e-01;5.578738e-02
4.784569e-02;9.445821e-02;6.515063e-02;8.625536e-02;3.908191e-02;7.140022e-02;4.024825e-02;6.392927e-02;2.938043e-01;5.122772e-02;9.122747e-02;5.537106e-02
4.438666e-02;7.796294e-02;5.758304e-02;5.750343e-02;4.661327e-02;7.938935e-02;4.987605e-02;7.803676e-02;2.935556e-01;4.889997e-02;8.222333e-02;8.396958e-02
5.073472e-02;7.311578e-02;5.745656e-02;3.845576e-02;5.186068e-02;7.482779e-02;6.754534e-02;1.377083e-01;2.406992e-01;6.301249e-02;4.929904e-02;9.528439e-02
7.242967e-02;1.006449e-01;6.935515e-02;5.831076e-02;6.208191e-02;5.846402e-02;7.309824e-02;1.263973e-01;1.868852e-01;7.000930e-02;6.600764e-02;5.631588e-02
5.542900e-02;1.266624e-01;5.108384e-02;4.420837e-02;5.897270e-02;5.924445e-02;3.903111e-02;5.364626e-02;2.211155e-01;4.887027e-02;1.530180e-01;8.871802e-02
2.717268e-02;1.103421e-01;4.410939e-02;3.317731e-02;4.358766e-02;5.281624e-02;6.088752e-02;8.578876e-02;2.358900e-01;3.828231e-02;1.798891e-01;8.805683e-02
4.187270e-02;9.833507e-02;5.295952e-02;5.146193e-02;2.542233e-02;5.619922e-02;6.677356e-02;8.126126e-02;2.375256e-01;3.895838e-02;1.805578e-01;6.867264e-02
7.004461e-02;9.448148e-02;6.330999e-02;5.700754e-02;4.020758e-02;6.144447e-02;5.241920e-02;8.196285e-02;2.387539e-01;4.093926e-02;1.460374e-01;5.339173e-02
7.524042e-02;8.999826e-02;5.504529e-02;3.822105e-02;6.764445e-02;5.339589e-02;5.249586e-02;9.581117e-02;2.595761e-01;5.305069e-02;1.158599e-01;4.366093e-02
6.755342e-02;8.451458e-02;5.443444e-02;3.582936e-02;6.980491e-02;5.178147e-02;4.913509e-02;8.952040e-02;2.985322e-01;6.202776e-02;8.768069e-02;4.918563e-02
6.728608e-02;6.963271e-02;6.322420e-02;4.204850e-02;4.666634e-02;6.575078e-02;8.075903e-02;5.169821e-02;1.893437e-01;9.988415e-02;1.133211e-01;1.103852e-01
7.460438e-02;7.314607e-02;7.884961e-02;4.123875e-02;3.254769e-02;7.243188e-02;8.085162e-02;5.769999e-02;1.509075e-01;1.020567e-01;1.021210e-01;1.335448e-01
1.185978e-01;7.791735e-02;8.369734e-02;5.120366e-02;3.630089e-02;5.644844e-02;7.957875e-02;7.745099e-02;1.589849e-01;6.006876e-02;6.780604e-02;1.319451e-01
1.091839e-01;8.331263e-02;9.352764e-02;5.973944e-02;4.446936e-02;3.693970e-02;1.061714e-01;1.286338e-01;1.130062e-01;6.041870e-02;4.599852e-02;1.185988e-01
6.939600e-02;6.407615e-02;1.128893e-01;7.006288e-02;7.330264e-02;4.391412e-02;9.799387e-02;1.042640e-01;1.271591e-01;9.464964e-02;4.849180e-02;9.380044e-02
6.049211e-02;6.624539e-02;8.219852e-02;6.970412e-02;9.161355e-02;4.729732e-02;8.039481e-02;6.575323e-02;1.565049e-01;1.345432e-01;6.066286e-02;8.459005e-02
4.461045e-02;9.023866e-02;4.637308e-02;7.027707e-02;8.222451e-02;5.069661e-02;4.203632e-02;1.488224e-01;1.507675e-01;1.195582e-01;1.060017e-01;4.839341e-02
2.316531e-02;1.043011e-01;5.001943e-02;6.823611e-02;5.211162e-02;4.056849e-02;1.950301e-02;2.650903e-01;1.152610e-01;6.526366e-02;1.438581e-01;5.262176e-02
1.985667e-02;7.472726e-02;5.708573e-02;6.704980e-02;2.884054e-02;4.635764e-02;3.482240e-02;3.075113e-01;7.301669e-02;5.390117e-02;1.958146e-01;4.101625e-02
8.536329e-03;4.676909e-02;5.201157e-02;7.748901e-02;2.743679e-02;5.845952e-02;3.378836e-02;3.441894e-01;4.020690e-02;4.309617e-02;2.452922e-01;2.272461e-02
6.803962e-03;3.943961e-02;4.904883e-02;7.641313e-02;2.714164e-02;7.297284e-02;3.473908e-02;3.621294e-01;2.507427e-02;3.172366e-02;2.611705e-01;1.334301e-02
1.225890e-02;5.970893e-02;4.364045e-02;5.774406e-02;2.374748e-02;7.341523e-02;4.259364e-02;3.701318e-01;2.412044e-02;2.909901e-02;2.551648e-01;8.375240e-03
1.657925e-02;8.777620e-02;3.657530e-02;6.711630e-02;2.434623e-02;5.824333e-02;4.386266e-02;3.475368e-01;2.877268e-02;5.242992e-02;2.175094e-01;1.925182e-02
2.152898e-02;9.784792e-02;7.177921e-02;1.000181e-01;2.580120e-02;6.366301e-02;8.009493e-02;2.965312e-01;2.903898e-02;5.361111e-02;1.474890e-01;1.259633e-02
2.362365e-02;9.473480e-02;1.435680e-01;1.161716e-01;3.257183e-02;6.901660e-02;1.034530e-01;2.211687e-01;4.579162e-02;5.124533e-02;8.379930e-02;1.485553e-02
1.737417e-02;9.440782e-02;2.285796e-01;1.134279e-01;4.042758e-02;6.353855e-02;8.549009e-02;1.526724e-01;4.718099e-02;4.786773e-02;9.177859e-02;1.725457e-02
3.052301e-02;9.857965e-02;2.741940e-01;5.890068e-02;4.434085e-02;4.207711e-02;6.263860e-02;1.487812e-01;3.362667e-02;3.418274e-02;1.525990e-01;1.955647e-02
3.911786e-02;9.374783e-02;2.374088e-01;3.086715e-02;4.521517e-02;4.602545e-02;7.918704e-02;1.490134e-01;3.178544e-02;3.419728e-02;2.048878e-01;8.546822e-03
3.103876e-02;8.798077e-02;1.919469e-01;5.449486e-02;4.228133e-02;4.971156e-02;9.949137e-02;1.234366e-01;3.064707e-02;4.481147e-02;2.215875e-01;2.257182e-02
3.281970e-02;7.148922e-02;1.535144e-01;6.491470e-02;4.154892e-02;7.097354e-02;9.126926e-02;1.555873e-01;4.003242e-02;5.427031e-02;1.993399e-01;2.424040e-02
4.807784e-02;5.369537e-02;1.354708e-01;8.737157e-02;3.283456e-02;1.045260e-01;9.124825e-02;2.111228e-01;4.798920e-02;4.478356e-02;1.227689e-01;2.011124e-02
4.776336e-02;4.780964e-02;1.518654e-01;1.202545e-01;6.714237e-02;1.107509e-01;7.624439e-02;2.132710e-01;3.188022e-02;3.372787e-02;6.574921e-02;3.354108e-02
4.621004e-02;7.399843e-02;1.314552e-01;1.260490e-01;1.055034e-01;8.738758e-02;6.498215e-02;1.666691e-01;5.246087e-02;4.774433e-02;5.286656e-02;4.467336e-02
9.553784e-02;1.037282e-01;7.526907e-02;1.288646e-01;1.408104e-01;6.782472e-02;7.281377e-02;7.320465e-02;8.392323e-02;6.182517e-02;4.435064e-02;5.184771e-02
8.800086e-02;9.391492e-02;6.044656e-02;1.348959e-01;1.577540e-01;6.650060e-02;6.315831e-02;1.660698e-01;6.184572e-02;4.647572e-02;2.447195e-02;3.646577e-02
4.284346e-02;7.052609e-02;4.302374e-02;1.413812e-01;1.320172e-01;9.151431e-02;4.804112e-02;2.687481e-01;5.657876e-02;3.788914e-02;3.224581e-02;3.519108e-02
1.617466e-02;4.668532e-02;5.119534e-02;1.425075e-01;8.945245e-02;1.131753e-01;6.390467e-02;2.959118e-01;8.427859e-02;3.159742e-02;3.397312e-02;3.114393e-02
3.548943e-02;4.579001e-02;9.596795e-02;1.279940e-01;4.922369e-02;1.096602e-01;1.189212e-01;2.501765e-01;6.181850e-02;3.154550e-02;4.352381e-02;2.988912e-02
5.738481e-02;6.289037e-02;1.543156e-01;9.173462e-02;6.062284e-02;1.040438e-01;1.378741e-01;1.580737e-01;6.364191e-02;3.261802e-02;5.463061e-02;2.216962e-02
8.200205e-02;7.748757e-02;1.606371e-01;6.085713e-02;7.926103e-02;8.752893e-02;1.616611e-01;8.095172e-02;8.641807e-02;4.943733e-02;4.850310e-02;2.525476e-02
1.039944e-01;8.840226e-02;9.213816e-02;7.560612e-02;8.635820e-02;8.209047e-02;1.528901e-01;1.158231e-01;9.356104e-02;4.315836e-02;2.442259e-02;4.155526e-02
1.049458e-01;6.924421e-02;1.172443e-01;4.911190e-02;9.977128e-02;4.816118e-02;1.039809e-01;1.734663e-01;1.188002e-01;2.991663e-02;4.701535e-02;3.834193e-02
6.757858e-02;5.813090e-02;1.477435e-01;4.451343e-02;1.093543e-01;6.409849e-02;8.078474e-02;2.139748e-01;1.186660e-01;2.781219e-02;3.447192e-02;3.287109e-02
3.661823e-02;6.031757e-02;1.682364e-01;7.752828e-02;1.296328e-01;8.224838e-02;5.145749e-02;2.079992e-01;7.481225e-02;2.817917e-02;3.501491e-02;4.795533e-02
5.460449e-02;5.258135e-02;1.683451e-01;1.128037e-01;1.218418e-01;9.199955e-02;8.025132e-02;1.540203e-01;3.330236e-02;2.703779e-02;7.033443e-02;3.287791e-02
7.053366e-02;3.849286e-02;1.226704e-01;9.533751e-02;1.055862e-01;1.089712e-01;1.167820e-01;1.422516e-01;3.678592e-02;3.487444e-02;7.957980e-02;4.813439e-02
6.344713e-02;3.822269e-02;8.104342e-02;1.177155e-01;1.182960e-01;8.907946e-02;1.009374e-01;1.796499e-01;5.842420e-02;4.402229e-02;5.478450e-02;5.437742e-02
7.984584e-02;5.235449e-02;1.003574e-01;1.197194e-01;9.719172e-02;6.625061e-02;1.032954e-01;1.641178e-01;8.157489e-02;5.997903e-02;3.933803e-02;3.597551e-02
1.066146e-01;4.936677e-02;1.355896e-01;1.172346e-01;5.777435e-02;1.048316e-01;6.807634e-02;1.303347e-01;7.491706e-02;7.246475e-02;4.227433e-02;4.052135e-02
7.925452e-02;4.440077e-02;1.046665e-01;1.265011e-01;9.025599e-02;1.236532e-01;6.744235e-02;1.279260e-01;7.255048e-02;6.591775e-02;4.043182e-02;5.699953e-02
6.098108e-02;5.047330e-02;6.436542e-02;1.079731e-01;8.951200e-02;9.170780e-02;8.021533e-02;1.445396e-01;9.990504e-02;6.430240e-02;7.616363e-02;6.986132e-02
5.494375e-02;6.441484e-02;4.644935e-02;8.564086e-02;8.080558e-02;8.020768e-02;9.333325e-02;1.350812e-01;1.167514e-01;9.832966e-02;9.267533e-02;5.136706e-02
6.984333e-02;6.468931e-02;7.710063e-02;9.460328e-02;6.467047e-02;6.648846e-02;1.073569e-01;1.247431e-01;1.186936e-01;1.020879e-01;7.995330e-02;2.976973e-02
1.212687e-01;7.391248e-02;9.409890e-02;8.157679e-02;4.870452e-02;5.221611e-02;9.917706e-02;9.059681e-02;1.006145e-01;5.476345e-02;1.014088e-01;8.166195e-02
1.178320e-01;9.435552e-02;1.078546e-01;9.326430e-02;7.212085e-02;2.978679e-02;6.536048e-02;6.505485e-02;8.596721e-02;4.565905e-02;1.210526e-01;1.016917e-01
1.011905e-01;8.959473e-02;1.575991e-01;1.304741e-01;6.871271e-02;2.142241e-02;3.162723e-02;5.508867e-02;6.678995e-02;4.930045e-02;1.495643e-01;7.863571e-02
9.676510e-02;6.162370e-02;2.231150e-01;1.733852e-01;5.253532e-02;1.847562e-02;4.387906e-02;3.681028e-02;3.987773e-02;4.730569e-02;1.663486e-01;3.987860e-02
1.249648e-01;2.503304e-02;2.937203e-01;1.721219e-01;4.120088e-02;1.536781e-02;8.630954e-02;1.196821e-02;1.973814e-02;6.202134e-02;1.311708e-01;1.638318e-02
1.349818e-01;1.888461e-02;3.093368e-01;1.201280e-01;3.274986e-02;2.134726e-02;1.369473e-01;3.598911e-02;2.184035e-02;8.045650e-02;7.762131e-02;9.717155e-03
1.280438e-01;2.022223e-02;3.208599e-01;6.920466e-02;2.291488e-02;2.864664e-02;1.997315e-01;4.028636e-02;1.998355e-02;1.089544e-01;3.404632e-02;7.105708e-03
1.186302e-01;1.690526e-02;3.104873e-01;3.032055e-02;2.029749e-02;2.925472e-02;2.605802e-01;5.149050e-02;1.307774e-02;1.103834e-01;2.565105e-02;1.292160e-02
1.167130e-01;1.191176e-02;2.816287e-01;3.744804e-02;1.659258e-02;2.874340e-02;3.109790e-01;6.571285e-02;1.355774e-02;8.435247e-02;2.769773e-02;4.662762e-03
1.034015e-01;1.196308e-02;2.449619e-01;7.005590e-02;1.454475e-02;3.461272e-02;3.348378e-01;8.328354e-02;2.011595e-02;5.813221e-02;1.546577e-02;8.624960e-03
8.134647e-02;1.415616e-02;2.042145e-01;1.148380e-01;1.969792e-02;3.801911e-02;3.264227e-01;1.028606e-01;3.358819e-02;4.229686e-02;1.519881e-02;7.360762e-03
6.441478e-02;1.730330e-02;1.776887e-01;1.097368e-01;2.530390e-02;6.918082e-02;3.167048e-01;1.158899e-01;4.115530e-02;2.781945e-02;2.450973e-02;1.029253e-02
5.963001e-02;1.361234e-02;1.604642e-01;8.883218e-02;1.569770e-02;1.274835e-01;3.080333e-01;1.254860e-01;5.084128e-02;1.754219e-02;1.929913e-02;1.307806e-02
4.811477e-02;9.793219e-03;1.423319e-01;8.030373e-02;1.542514e-02;1.486483e-01;2.778924e-01;1.495027e-01;6.429292e-02;3.071439e-02;1.540108e-02;1.757943e-02
3.447496e-02;1.056396e-02;1.443879e-01;7.606387e-02;2.604153e-02;1.199486e-01;2.233958e-01;2.167301e-01;5.539497e-02;4.182502e-02;2.929725e-02;2.187594e-02
1.883776e-02;2.301358e-02;1.634742e-01;1.257725e-01;3.894262e-02;8.354579e-02;1.358670e-01;2.548684e-01;2.937599e-02;6.263011e-02;4.296207e-02;2.070998e-02
1.749421e-02;3.661067e-02;2.056665e-01;1.510189e-01;4.845519e-02;5.435820e-02;8.226882e-02;1.858845e-01;5.404885e-02;9.469227e-02;4.619268e-02;2.330935e-02
2.917391e-02;5.759637e-02;2.482141e-01;1.461619e-01;5.646706e-02;3.213600e-02;5.992717e-02;9.847763e-02;4.944365e-02;1.206031e-01;5.883112e-02;4.296804e-02
4.540240e-02;6.653751e-02;2.437602e-01;1.522556e-01;5.807733e-02;1.707415e-02;4.996440e-02;8.125718e-02;4.188910e-02;1.068259e-01;8.180577e-02;5.515052e-02
7.348844e-02;6.648420e-02;1.799014e-01;1.323416e-01;6.135338e-02;2.579169e-02;7.927329e-02;1.030590e-01;7.235524e-02;8.143475e-02;7.430780e-02;5.020932e-02
6.750330e-02;7.809377e-02;1.287370e-01;1.008571e-01;4.841299e-02;5.497415e-02;1.084599e-01;1.873629e-01;8.242298e-02;6.303208e-02;3.546702e-02;4.467661e-02
4.230612e-02;6.658214e-02;1.822965e-01;6.739616e-02;4.470240e-02;8.411087e-02;1.074791e-01;1.971681e-01;4.499764e-02;5.396909e-02;5.542705e-02;5.356497e-02
2.154502e-02;6.199465e-02;1.989813e-01;8.277166e-02;4.870369e-02;5.676311e-02;9.809653e-02;1.695534e-01;2.851090e-02;9.624558e-02;8.082496e-02;5.600919e-02
3.550940e-02;6.530567e-02;1.784460e-01;9.784224e-02;4.296356e-02;3.310381e-02;6.536851e-02;1.438040e-01;7.664992e-02;1.145552e-01;9.069729e-02;5.575442e-02
5.850369e-02;8.097684e-02;1.584752e-01;1.121688e-01;5.383109e-02;5.264836e-02;4.904359e-02;1.410103e-01;1.076100e-01;9.538787e-02;4.919223e-02;4.115192e-02
6.384774e-02;6.604303e-02;1.076235e-01;9.894788e-02;6.619811e-02;8.135734e-02;6.999255e-02;1.192981e-01;1.305649e-01;1.333736e-01;2.850051e-02;3.425268e-02
6.770055e-02;3.254469e-02;6.165043e-02;5.851728e-02;7.976284e-02;1.079949e-01;6.888936e-02;1.794327e-01;1.225879e-01;1.612240e-01;2.653014e-02;3.316521e-02
5.799692e-02;5.743046e-02;6.088886e-02;3.556758e-02;8.189593e-02;7.730369e-02;1.278614e-01;1.929984e-01;1.040629e-01;1.368460e-01;3.511548e-02;3.203246e-02
4.635215e-02;8.586836e-02;8.368015e-02;4.148180e-02;7.098518e-02;3.949041e-02;2.659770e-01;1.413546e-01;7.117484e-02;9.137660e-02;3.312714e-02;2.913180e-02
6.345612e-02;7.004949e-02;1.248662e-01;4.536804e-02;5.231619e-02;5.238109e-02;2.801774e-01;1.060595e-01;5.616655e-02;8.155990e-02;3.798608e-02;2.961356e-02
1.264091e-01;7.687338e-02;1.360738e-01;5.860680e-02;7.156627e-02;9.251771e-02;2.081767e-01;4.084833e-02;5.161846e-02;6.431326e-02;2.243491e-02;5.056140e-02
1.468613e-01;7.292270e-02;1.472150e-01;6.214893e-02;1.001238e-01;9.973031e-02;1.575833e-01;2.502344e-02;5.993400e-02;4.723195e-02;1.639796e-02;6.482731e-02
1.242434e-01;5.680291e-02;2.074382e-01;6.080277e-02;1.211539e-01;9.492909e-02;1.132617e-01;2.617439e-02;6.312430e-02;3.619044e-02;2.766065e-02;6.821816e-02
8.066258e-02;5.257709e-02;2.650598e-01;7.887227e-02;1.190700e-01;8.014627e-02;8.278108e-02;3.360832e-02;5.848081e-02;4.666991e-02;4.182045e-02;6.025147e-02
4.922828e-02;5.597951e-02;3.134223e-01;1.348222e-01;1.055612e-01;5.132445e-02;4.987961e-02;4.922340e-02;4.651380e-02;5.355760e-02;5.002322e-02;4.046449e-02
3.655110e-02;7.692560e-02;3.295132e-01;1.184575e-01;7.133149e-02;3.151473e-02;7.737976e-02;7.073306e-02;4.979972e-02;5.275676e-02;4.877174e-02;3.626534e-02
6.455598e-02;1.173784e-01;1.605483e-01;9.037284e-02;9.529965e-02;5.936191e-02;1.124773e-01;9.821583e-02;5.325209e-02;4.710133e-02;3.692001e-02;6.451627e-02
8.055151e-02;7.613090e-02;2.721665e-01;8.666579e-02;7.192571e-02;8.806168e-02;8.764656e-02;8.860189e-02;2.677969e-02;4.464643e-02;2.495852e-02;5.186482e-02
7.051997e-02;4.653902e-02;3.031330e-01;8.369814e-02;1.104323e-01;1.071566e-01;7.461627e-02;5.466428e-02;3.380432e-02;4.750907e-02;3.533145e-02;3.259549e-02
5.774711e-02;4.807045e-02;2.913822e-01;5.699352e-02;1.471989e-01;1.079188e-01;7.971022e-02;4.103673e-02;3.474396e-02;4.870574e-02;4.682444e-02;3.966800e-02
7.348006e-02;4.093464e-02;2.503918e-01;5.246030e-02;1.217670e-01;1.048978e-01;7.457493e-02;6.512146e-02;5.911862e-02;4.579779e-02;5.330314e-02;5.815244e-02
7.673071e-02;5.517513e-02;9.389544e-02;8.239960e-02;9.510482e-02;5.796454e-02;1.030827e-01;5.544186e-02;7.329389e-02;1.996578e-01;6.603315e-02;4.122042e-02
6.026458e-02;6.710301e-02;8.412388e-02;5.675513e-02;5.053846e-02;6.836336e-02;8.567798e-02;5.215457e-02;1.023674e-01;2.534458e-01;9.789335e-02;2.131245e-02
4.703040e-02;5.929197e-02;8.554877e-02;4.386934e-02;4.316857e-02;7.640895e-02;7.772288e-02;7.449188e-02;1.543956e-01;2.172552e-01;9.243168e-02;2.838478e-02
3.637120e-02;6.430318e-02;6.860187e-02;5.484223e-02;5.585347e-02;7.027890e-02;1.027131e-01;1.016870e-01;1.867256e-01;1.594880e-01;6.731003e-02;3.182545e-02
6.194567e-02;1.070799e-01;9.434704e-02;4.910552e-02;5.278850e-02;6.318226e-02;1.519057e-01;8.637128e-02;1.397203e-01;1.126243e-01;4.571685e-02;3.521269e-02
1.344546e-01;1.640146e-01;1.158024e-01;5.483435e-02;5.443580e-02;6.961280e-02;1.816384e-01;6.401535e-02;4.904731e-02;5.567968e-02;3.762024e-02;1.884452e-02
2.143069e-01;1.965648e-01;8.156163e-02;4.155444e-02;5.560648e-02;6.922127e-02;1.516855e-01;4.993578e-02;3.702456e-02;4.990155e-02;2.182568e-02;3.081145e-02
2.466773e-01;1.724164e-01;1.178645e-01;4.204943e-02;7.691611e-02;6.916453e-02;8.648771e-02;2.365549e-02;5.208300e-02;3.694182e-02;1.636999e-02;5.937376e-02
1.938070e-01;9.565298e-02;1.154955e-01;5.187939e-02;1.322450e-01;1.063389e-01;6.289972e-02;2.647454e-02;7.494972e-02;2.292910e-02;1.261171e-02;1.047165e-01
1.223185e-01;3.049201e-02;6.257349e-02;6.816799e-02;1.916433e-01;1.515323e-01;7.536318e-02;3.905682e-02;8.192207e-02;1.878294e-02;1.262143e-02;1.455259e-01
9.462841e-02;1.046966e-02;4.012922e-02;6.488950e-02;2.120289e-01;1.627586e-01;8.054928e-02;3.741957e-02;1.076868e-01;1.722085e-02;1.281698e-02;1.594022e-01
6.526311e-02;1.126418e-02;3.025395e-02;5.425419e-02;2.161971e-01;1.518439e-01;7.717285e-02;3.386658e-02;1.660109e-01;8.644358e-03;1.116250e-02;1.740664e-01
2.991762e-02;8.642693e-03;2.664230e-02;5.596742e-02;2.107868e-01;1.303917e-01;6.413956e-02;3.780665e-02;2.238558e-01;1.028698e-02;1.063667e-02;1.909257e-01
3.336836e-02;9.080520e-03;3.053900e-02;6.081599e-02;1.957224e-01;1.146997e-01;5.837006e-02;3.608507e-02;2.457200e-01;1.086716e-02;9.393914e-03;1.953378e-01
2.823378e-02;8.686583e-03;4.094813e-02;6.477547e-02;2.000361e-01;1.079290e-01;6.182666e-02;3.401092e-02;2.476987e-01;1.086993e-02;6.424722e-03;1.885600e-01
1.907643e-02;1.283348e-02;4.959538e-02;8.288588e-02;2.174999e-01;9.809723e-02;6.592853e-02;3.184913e-02;2.240826e-01;1.764516e-02;1.270238e-02;1.678038e-01
2.912575e-02;1.749853e-02;5.610048e-02;1.091098e-01;2.184327e-01;8.465221e-02;7.276182e-02;3.348698e-02;2.015598e-01;1.788254e-02;2.299866e-02;1.363908e-01
4.790746e-02;1.816976e-02;6.279685e-02;1.228993e-01;2.018605e-01;6.648620e-02;7.827208e-02;2.814079e-02;2.100712e-01;3.703406e-02;2.490118e-02;1.014605e-01
7.289260e-02;2.951353e-02;7.418588e-02;1.209454e-01;1.705603e-01;5.777428e-02;7.790700e-02;2.927189e-02;1.935440e-01;4.408591e-02;4.822560e-02;8.109359e-02
5.069529e-02;3.581958e-02;1.266918e-01;9.686729e-02;1.420346e-01;4.894998e-02;6.566338e-02;5.284806e-02;1.668937e-01;4.066184e-02;5.930451e-02;1.135700e-01
4.944362e-02;3.621079e-02;1.207997e-01;7.738359e-02;1.469791e-01;5.852877e-02;6.158348e-02;5.971990e-02;1.452300e-01;3.373018e-02;3.660090e-02;1.737900e-01
4.833828e-02;2.938217e-02;5.444748e-02;8.899887e-02;2.063403e-01;6.247735e-02;2.879729e-02;3.179500e-02;1.610295e-01;2.919717e-02;2.041039e-02;2.387861e-01
3.766664e-02;2.413560e-02;5.791172e-02;6.755236e-02;2.152267e-01;8.127365e-02;4.226900e-02;2.609246e-02;1.501888e-01;3.725433e-02;2.073806e-02;2.396907e-01
4.208064e-02;4.328536e-02;6.279550e-02;5.709970e-02;2.081764e-01;8.300710e-02;5.384091e-02;3.840778e-02;1.291165e-01;3.727697e-02;2.965027e-02;2.152630e-01
1.170605e-01;8.714753e-02;1.184936e-01;6.625623e-02;1.491562e-01;6.207606e-02;5.275983e-02;5.058376e-02;7.763667e-02;3.301847e-02;4.498745e-02;1.408236e-01
1.496725e-01;1.192332e-01;1.535067e-01;6.443240e-02;1.054240e-01;4.667059e-02;4.950272e-02;5.473281e-02;5.740247e-02;4.472896e-02;6.309234e-02;9.160133e-02
1.384777e-01;1.089912e-01;1.760433e-01;8.853793e-02;7.146111e-02;4.038823e-02;5.230210e-02;5.330655e-02;6.992561e-02;5.702224e-02;6.423088e-02;7.931314e-02
1.493036e-01;6.147322e-02;1.445498e-01;1.151076e-01;6.876369e-02;4.637967e-02;7.444893e-02;6.709652e-02;8.938883e-02;8.421950e-02;5.421800e-02;4.505059e-02
1.171555e-01;9.168358e-02;2.168746e-01;4.856375e-02;6.139854e-02;3.909948e-02;1.276988e-01;6.325573e-02;4.213405e-02;3.818426e-02;7.782232e-02;7.612938e-02
8.694065e-02;1.109622e-01;2.396814e-01;4.516580e-02;4.162734e-02;2.698218e-02;1.445649e-01;5.033606e-02;3.235837e-02;2.279553e-02;1.258193e-01;7.276632e-02
6.303122e-02;1.377664e-01;2.208415e-01;2.688106e-02;3.310613e-02;1.943382e-02;1.839985e-01;3.689858e-02;2.202958e-02;2.675619e-02;1.862873e-01;4.296977e-02
4.241557e-02;1.484593e-01;1.762622e-01;9.074810e-03;2.773303e-02;1.468981e-02;2.376877e-01;3.981826e-02;1.464281e-02;4.096527e-02;2.318739e-01;1.637732e-02
2.377040e-02;1.207622e-01;1.790134e-01;9.432031e-03;2.036686e-02;1.169866e-02;2.683252e-01;6.672572e-02;1.829481e-02;5.491525e-02;1.992112e-01;2.748426e-02
1.200529e-02;1.058028e-01;2.271169e-01;8.610917e-03;1.805550e-02;1.051682e-02;3.104514e-01;9.350107e-02;2.247909e-02;4.139827e-02;1.129200e-01;3.714193e-02
2.286516e-02;1.131161e-01;2.666777e-01;1.839299e-02;1.469460e-02;1.798768e-02;3.086728e-01;1.158101e-01;2.082928e-02;2.332128e-02;3.036437e-02;4.726794e-02
3.925432e-02;1.201844e-01;2.676801e-01;2.452357e-02;1.555107e-02;1.725795e-02;2.825837e-01;1.184919e-01;2.244377e-02;2.206337e-02;1.557303e-02;5.439272e-02
3.919771e-02;1.081997e-01;2.210587e-01;2.890233e-02;2.148148e-02;1.697174e-02;2.834168e-01;1.174724e-01;4.817175e-02;2.622958e-02;3.794332e-02;5.095440e-02
2.460707e-02;8.195355e-02;1.298584e-01;3.698200e-02;3.607823e-02;2.672281e-02;3.517980e-01;1.188422e-01;5.175592e-02;3.392187e-02;7.326484e-02;3.421510e-02
2.318938e-02;8.184098e-02;6.550403e-02;2.879363e-02;6.299784e-02;3.477967e-02;4.427546e-01;9.099506e-02;3.603360e-02;3.027169e-02;8.977522e-02;1.306431e-02
6.323721e-02;8.724230e-02;6.776457e-02;2.083930e-02;7.406501e-02;5.087206e-02;4.334537e-01;5.035948e-02;2.253956e-02;2.692476e-02;7.834923e-02;2.435281e-02
8.810759e-02;5.565746e-02;1.238194e-01;2.217826e-02;9.225824e-02;7.171797e-02;3.694985e-01;4.145081e-02;1.923229e-02;2.888948e-02;6.307318e-02;2.411678e-02
8.081286e-02;2.067753e-02;2.264595e-01;3.844933e-02;1.065888e-01;7.473785e-02;2.814005e-01;3.353571e-02;2.947248e-02;2.648855e-02;5.295485e-02;2.842202e-02
4.204557e-02;7.825264e-02;2.627981e-01;4.314192e-02;9.604479e-02;6.022113e-02;2.088375e-01;4.128156e-02;4.820265e-02;3.337892e-02;5.182241e-02;3.397273e-02
2.841920e-02;9.451416e-02;1.630305e-01;3.709807e-02;7.105810e-02;6.487677e-02;2.412234e-01;5.645299e-02;8.078083e-02;6.961259e-02;5.391747e-02;3.901586e-02
3.169706e-02;1.015792e-01;1.601736e-01;3.652201e-02;4.985235e-02;5.220719e-02;2.199325e-01;5.791793e-02;9.890641e-02;9.200061e-02;6.090534e-02;3.830584e-02
6.634895e-02;9.371939e-02;2.221620e-01;3.462195e-02;4.874321e-02;4.185212e-02;1.326783e-01;6.698578e-02;6.296834e-02;8.025395e-02;7.784181e-02;7.182419e-02
8.083773e-02;6.298365e-02;1.183124e-01;7.152005e-02;8.307044e-02;5.919133e-02;9.300000e-02;1.309997e-01;6.263595e-02;9.226196e-02;6.912877e-02;7.605806e-02
7.970500e-02;6.382345e-02;7.022546e-02;8.235092e-02;9.794549e-02;6.079244e-02;1.026433e-01;1.438311e-01;6.194155e-02;1.027967e-01;6.307105e-02;7.087355e-02
7.408939e-02;8.334886e-02;9.888318e-02;8.814004e-02;9.140209e-02;6.341543e-02;7.315955e-02;1.411601e-01;6.581928e-02;9.392815e-02;4.464942e-02;8.200449e-02
1.861132e-01;1.186644e-01;1.465185e-01;5.819815e-02;5.641504e-02;5.722468e-02;8.806005e-02;6.637023e-02;6.889112e-02;5.848042e-02;3.601310e-02;5.905110e-02
2.335099e-01;1.318868e-01;1.512244e-01;5.901433e-02;6.487107e-02;5.847565e-02;7.183786e-02;3.854475e-02;6.851103e-02;4.019588e-02;2.398532e-02;5.794296e-02
2.071973e-01;1.159148e-01;1.554092e-01;7.488767e-02;1.101622e-01;4.942041e-02;4.711720e-02;4.048435e-02;6.871432e-02;2.458273e-02;2.004377e-02;8.606607e-02
1.081780e-01;1.095037e-01;1.237367e-01;1.492593e-01;1.515004e-01;3.423472e-02;3.246338e-02;7.367884e-02;4.935627e-02;2.516762e-02;6.538051e-02;7.754062e-02
4.667987e-02;8.810724e-02;1.239161e-01;2.604246e-01;1.269376e-01;2.641232e-02;5.217024e-02;1.110996e-01;2.259409e-02;3.239711e-02;8.142148e-02;2.783980e-02
7.822710e-02;5.234654e-02;1.931622e-01;2.365321e-01;7.955296e-02;2.047844e-02;1.028857e-01;1.071156e-01;2.821573e-02;3.914585e-02;5.032462e-02;1.201317e-02
1.094574e-01;3.446012e-02;3.081692e-01;1.324926e-01;4.247908e-02;1.824468e-02;1.676731e-01;7.781697e-02;3.065884e-02;5.039126e-02;1.958451e-02;8.572085e-03
1.134509e-01;2.507230e-02;3.727879e-01;5.109628e-02;2.532992e-02;1.344422e-02;2.281556e-01;5.115688e-02;2.333164e-02;6.894884e-02;1.065412e-02;1.657150e-02
1.002502e-01;2.196327e-02;3.178317e-01;2.999782e-02;3.337812e-02;2.925051e-02;2.470203e-01;4.433949e-02;1.434355e-02;8.287609e-02;1.592766e-02;6.282124e-02
7.139978e-02;4.147047e-02;2.451557e-01;2.488649e-02;3.873096e-02;5.254037e-02;2.284033e-01;1.888539e-02;2.212973e-02;9.010436e-02;1.904818e-02;1.472453e-01
3.368598e-02;4.852444e-02;1.894764e-01;1.353111e-02;3.002898e-02;8.743003e-02;1.612578e-01;1.750479e-02;7.989442e-02;7.040797e-02;4.277945e-02;2.254787e-01
2.953474e-02;6.297989e-02;1.403966e-01;1.867173e-02;1.803657e-02;1.238505e-01;9.328391e-02;3.116132e-02;1.540582e-01;5.132794e-02;5.545680e-02;2.212418e-01
5.175799e-02;8.387772e-02;1.152160e-01;3.086106e-02;3.975220e-02;1.484205e-01;4.718224e-02;5.202676e-02;2.075465e-01;3.487818e-02;2.548607e-02;1.629948e-01
8.192956e-02;9.220903e-02;1.235337e-01;3.878606e-02;1.055938e-01;1.422230e-01;3.208887e-02;6.525139e-02;1.951494e-01;2.260473e-02;1.035733e-02;9.027320e-02
1.044444e-01;8.671367e-02;1.333530e-01;3.877250e-02;1.753858e-01;1.195845e-01;4.597015e-02;4.166014e-02;1.499235e-01;2.830995e-02;3.645248e-02;3.942998e-02
1.218705e-01;6.342211e-02;9.726729e-02;6.943709e-02;2.239568e-01;1.006961e-01;6.157888e-02;4.462521e-02;1.107214e-01;2.575001e-02;6.301950e-02;1.765507e-02
1.354783e-01;5.396965e-02;7.700079e-02;8.851942e-02;2.179264e-01;7.085784e-02;7.416677e-02;7.399800e-02;8.820212e-02;2.134083e-02;7.033918e-02;2.820062e-02
1.440960e-01;3.775814e-02;1.237142e-01;7.708124e-02;1.640867e-01;5.833931e-02;9.956800e-02;9.964907e-02;5.129207e-02;2.503635e-02;6.743354e-02;5.194538e-02
1.619987e-01;5.231694e-02;1.522360e-01;4.786305e-02;9.792265e-02;6.543585e-02;1.177369e-01;1.122102e-01;4.559097e-02;4.003407e-02;6.139719e-02;4.525751e-02
1.610657e-01;4.565065e-02;1.223854e-01;6.055811e-02;5.980029e-02;8.384991e-02;1.380917e-01;8.665730e-02;7.628386e-02;6.284165e-02;5.045741e-02;5.235795e-02
1.231606e-01;3.580124e-02;1.335090e-01;4.272240e-02;7.453176e-02;1.049235e-01;1.986044e-01;4.459613e-02;7.090941e-02;7.244305e-02;4.440289e-02;5.439556e-02
7.043359e-02;5.809631e-02;1.053831e-01;2.326772e-02;9.020522e-02;1.083066e-01;2.842180e-01;4.379841e-02;7.090738e-02;6.917606e-02;3.369715e-02;4.251042e-02
3.415689e-02;5.601572e-02;1.224198e-01;2.855575e-02;9.319918e-02;8.623303e-02;3.183517e-01;6.704527e-02;8.232301e-02;4.441422e-02;2.615242e-02;4.113309e-02
5.550414e-02;4.604389e-02;1.381110e-01;5.426931e-02;9.523932e-02;6.119473e-02;2.624581e-01;5.372902e-02;8.454031e-02;5.019447e-02;3.800995e-02;6.070575e-02
4.067925e-02;3.765011e-02;8.166282e-02;1.030753e-01;1.106834e-01;8.329587e-02;2.067521e-01;5.013581e-02;9.692684e-02;7.636926e-02;3.522163e-02;7.754761e-02
4.972938e-02;4.022500e-02;1.572820e-01;1.110839e-01;1.052096e-01;8.620002e-02;1.236421e-01;6.236684e-02;7.290579e-02;8.768325e-02;4.920259e-02;5.446951e-02
