2.395867e-02;6.075321e-02;4.781092e-02;4.901468e-02;3.253875e-02;1.012144e-01;2.417554e-01;2.266963e-01;1.333268e-01;3.192513e-02;2.998808e-02;2.101764e-02
1.799615e-02;6.023055e-02;5.157222e-02;5.049463e-02;3.015774e-02;1.098606e-01;1.727680e-01;2.474411e-01;1.696709e-01;3.630073e-02;3.762203e-02;1.588534e-02
1.289537e-02;5.171715e-02;5.047425e-02;3.354203e-02;4.046099e-02;1.339006e-01;1.961730e-01;2.636344e-01;1.354495e-01;4.224982e-02;3.259746e-02;6.905257e-03
1.532229e-02;3.444270e-02;3.822780e-02;3.351026e-02;3.443921e-02;1.158201e-01;2.747125e-01;2.987642e-01;8.626180e-02;4.495534e-02;1.621441e-02;7.329442e-03
2.184475e-02;2.741107e-02;1.971636e-02;1.997527e-02;3.457214e-02;6.807370e-02;2.730901e-01;3.413704e-01;1.330100e-01;4.312930e-02;1.223739e-02;5.569521e-03
2.275977e-02;2.873423e-02;1.861171e-02;1.469503e-02;4.143310e-02;6.472911e-02;2.044209e-01;3.327538e-01;1.713396e-01;6.154018e-02;2.761370e-02;1.136894e-02
2.514299e-02;4.033910e-02;2.914851e-02;1.694429e-02;5.771513e-02;7.200145e-02;1.383306e-01;3.171536e-01;1.693781e-01;8.566894e-02;2.908516e-02;1.909211e-02
1.969439e-02;4.311868e-02;5.471265e-02;1.861417e-02;6.299463e-02;7.360428e-02;1.278509e-01;3.042664e-01;1.680124e-01;8.424541e-02;2.026929e-02;2.261686e-02
3.126932e-02;5.097532e-02;5.270207e-02;2.259715e-02;5.477825e-02;8.601661e-02;9.528848e-02;2.920562e-01;1.080284e-01;1.409718e-01;2.631594e-02;3.900053e-02
4.836746e-02;6.367008e-02;2.888705e-02;3.027892e-02;4.645742e-02;8.471354e-02;1.731688e-01;1.879385e-01;9.467482e-02;1.729490e-01;2.866464e-02;4.022976e-02
8.158048e-02;5.405945e-02;2.945107e-02;3.880897e-02;4.523595e-02;7.346773e-02;1.912792e-01;2.092875e-01;9.763229e-02;1.122788e-01;2.891634e-02;3.800226e-02
1.139885e-01;7.585496e-02;7.323532e-02;3.007137e-02;2.628694e-02;6.391994e-02;1.066318e-01;2.428308e-01;9.571435e-02;1.009826e-01;2.696050e-02;4.352292e-02
8.803966e-02;9.772825e-02;7.599562e-02;2.197218e-02;6.562413e-02;1.195782e-01;5.112444e-02;1.671408e-01;1.120409e-01;8.997173e-02;2.894577e-02;8.183829e-02
5.363159e-02;1.084579e-01;4.927084e-02;1.689408e-02;1.100898e-01;1.077812e-01;3.205794e-02;1.225635e-01;1.223422e-01;7.148086e-02;2.703331e-02;1.783969e-01
3.164782e-02;9.601606e-02;1.981659e-02;1.210262e-02;1.343449e-01;6.010330e-02;2.573774e-02;1.081903e-01;1.417218e-01;7.637134e-02;2.700503e-02;2.669426e-01
3.824638e-02;7.005607e-02;2.374095e-02;1.637247e-02;1.149677e-01;4.738919e-02;4.241774e-02;1.201413e-01;1.526694e-01;7.447112e-02;3.828528e-02;2.612424e-01
7.797007e-02;4.517486e-02;4.229345e-02;3.044692e-02;7.473719e-02;7.125693e-02;6.498881e-02;1.351118e-01;1.553970e-01;6.294316e-02;5.574570e-02;1.839342e-01
1.020964e-01;2.447093e-02;5.606927e-02;4.370949e-02;3.414723e-02;9.494248e-02;7.239313e-02;1.976655e-01;1.445545e-01;6.769244e-02;6.316823e-02;9.909037e-02
5.890264e-02;2.566823e-02;5.926229e-02;5.086580e-02;6.597207e-02;1.037775e-01;4.076948e-02;2.396226e-01;1.142763e-01;7.094196e-02;7.172685e-02;9.821435e-02
5.434816e-02;6.181312e-02;5.544345e-02;4.525355e-02;8.850589e-02;1.391872e-01;6.294829e-02;1.743087e-01;1.366962e-01;3.178749e-02;4.633771e-02;1.033702e-01
4.290110e-02;7.813819e-02;3.908965e-02;4.206119e-02;1.306926e-01;1.248250e-01;7.508236e-02;9.523174e-02;1.017379e-01;9.347936e-02;5.144676e-02;1.253141e-01
3.438781e-02;9.572583e-02;2.284272e-02;4.379002e-02;1.635595e-01;1.504928e-01;5.799657e-02;7.999271e-02;6.557748e-02;1.196436e-01;3.033799e-02;1.356529e-01
5.945374e-02;9.402371e-02;1.795408e-02;4.972076e-02;1.597400e-01;2.197381e-01;4.886118e-02;7.861563e-02;3.959384e-02;1.047148e-01;1.942651e-02;1.081576e-01
1.568074e-01;5.808734e-02;3.160501e-02;4.338487e-02;1.105255e-01;3.271476e-01;3.034182e-02;6.720432e-02;2.601018e-02;6.150034e-02;3.989231e-02;4.749337e-02
2.315505e-01;2.375164e-02;5.123051e-02;2.098062e-02;6.206716e-02;3.752898e-01;4.477566e-02;3.711154e-02;3.079148e-02;3.080078e-02;6.298941e-02;2.866093e-02
2.487208e-01;1.704639e-02;6.746653e-02;1.135314e-02;3.791876e-02;3.730467e-01;4.876783e-02;2.192295e-02;5.170235e-02;2.569277e-02;7.111172e-02;2.525004e-02
2.431487e-01;3.180312e-02;6.789528e-02;1.069804e-02;4.258263e-02;3.287287e-01;6.204367e-02;2.335932e-02;6.304907e-02;3.264510e-02;7.796507e-02;1.608130e-02
2.211550e-01;5.601624e-02;5.327773e-02;1.608507e-02;6.939349e-02;2.624407e-01;7.024423e-02;5.017034e-02;6.677172e-02;3.352195e-02;6.630074e-02;3.462281e-02
1.762423e-01;6.107111e-02;5.006987e-02;2.292452e-02;8.701290e-02;2.712423e-01;6.978297e-02;8.304567e-02;6.100006e-02;4.293741e-02;3.754399e-02;3.712681e-02
1.565519e-01;3.979525e-02;6.404547e-02;2.792643e-02;7.443482e-02;3.483301e-01;2.849309e-02;8.992780e-02;3.527633e-02;4.836131e-02;5.263874e-02;3.421877e-02
2.110857e-01;4.378665e-02;8.098396e-02;2.142412e-02;4.710820e-02;3.318401e-01;3.204931e-02;7.997213e-02;3.005236e-02;4.702273e-02;4.398175e-02;3.069298e-02
2.710019e-01;4.988329e-02;6.481759e-02;2.046354e-02;5.408614e-02;2.393523e-01;3.009787e-02;8.301520e-02;7.523511e-02;4.441458e-02;3.747619e-02;3.015642e-02
2.417820e-01;4.986934e-02;4.553744e-02;2.601031e-02;6.198477e-02;2.529269e-01;6.679150e-02;7.934742e-02;6.447478e-02;4.762741e-02;3.022441e-02;3.342360e-02
1.310454e-01;6.493406e-02;9.315259e-02;4.346592e-02;8.964018e-02;2.636765e-01;1.041432e-01;4.599791e-02;5.585381e-02;3.852827e-02;3.617954e-02;3.338265e-02
8.053519e-02;1.469310e-01;1.325508e-01;2.150299e-02;1.049968e-01;1.729859e-01;1.016082e-01;1.115245e-01;4.571647e-02;1.745510e-02;4.105520e-02;2.313790e-02
1.338892e-01;1.936266e-01;1.295194e-01;1.793944e-02;1.030286e-01;9.812282e-02;6.058571e-02;1.599448e-01;4.103486e-02;1.135357e-02;3.126546e-02;1.968946e-02
1.662552e-01;1.970970e-01;1.042131e-01;1.086708e-02;9.032269e-02;6.218399e-02;7.176839e-02;1.737905e-01;4.747474e-02;2.419059e-02;2.781235e-02;2.402443e-02
1.608206e-01;1.727191e-01;8.106527e-02;4.157662e-02;6.589583e-02;8.212223e-02;8.871658e-02;1.270558e-01;4.297841e-02;4.932477e-02;3.446470e-02;5.326014e-02
1.299266e-01;1.219084e-01;8.359989e-02;4.741405e-02;4.731746e-02;1.342068e-01;1.093267e-01;1.665214e-01;2.625056e-02;5.015055e-02;3.441495e-02;4.896257e-02
1.109132e-01;7.758614e-02;5.984357e-02;5.391844e-02;5.688416e-02;1.267046e-01;1.560600e-01;2.181205e-01;3.060485e-02;5.174753e-02;2.475952e-02;3.285753e-02
6.075894e-02;5.058515e-02;3.133180e-02;8.034603e-02;3.934987e-02;1.031735e-01;2.469085e-01;1.855411e-01;2.834823e-02;6.781644e-02;1.631417e-02;8.952633e-02
3.406705e-02;3.393574e-02;2.704979e-02;8.016032e-02;1.814687e-02;9.547169e-02;3.459770e-01;1.104409e-01;2.217858e-02;5.968427e-02;1.866100e-02;1.542268e-01
1.900725e-02;1.934738e-02;3.401378e-02;6.343927e-02;1.418812e-02;1.550906e-01;3.867826e-01;7.111000e-02;1.602464e-02;3.216184e-02;2.323107e-02;1.656034e-01
2.010478e-02;2.522033e-02;6.064066e-02;4.198521e-02;2.448595e-02;2.425072e-01;3.148012e-01;4.185848e-02;2.525469e-02;1.540624e-02;6.271930e-02;1.250159e-01
4.437056e-02;2.710018e-02;9.448525e-02;3.247292e-02;3.841239e-02;3.157486e-01;1.860322e-01;3.009208e-02;3.572201e-02;1.292912e-02;1.162035e-01;6.643113e-02
7.398736e-02;4.895281e-02;8.667961e-02;3.537175e-02;5.371528e-02;2.857639e-01;1.079929e-01;3.891972e-02;4.630475e-02;4.836579e-02;1.127537e-01;6.119229e-02
7.721686e-02;7.937522e-02;3.970325e-02;4.129422e-02;7.186934e-02;1.833646e-01;9.998649e-02;7.207991e-02;8.708235e-02;9.612326e-02;8.510924e-02;6.679534e-02
5.215868e-02;7.222001e-02;3.240292e-02;5.177504e-02;6.645136e-02;1.274881e-01;9.055729e-02;1.346504e-01;1.130291e-01;9.460504e-02;7.056561e-02;9.409644e-02
4.360536e-02;6.463094e-02;5.735990e-02;4.965180e-02;5.215140e-02;1.319568e-01;9.238592e-02;1.541162e-01;1.200925e-01;6.522887e-02;6.349713e-02;1.053232e-01
5.850531e-02;5.989200e-02;6.976449e-02;2.991003e-02;2.574988e-02;8.685941e-02;1.792923e-01;1.578159e-01;1.014952e-01;6.804222e-02;4.182700e-02;1.208463e-01
4.390404e-02;2.812499e-02;5.408480e-02;4.904516e-02;2.289100e-02;1.260147e-01;2.607576e-01;1.609904e-01;5.704635e-02;7.886306e-02;3.281199e-02;8.546591e-02
3.658670e-02;2.262044e-02;5.200671e-02;3.792382e-02;3.469915e-02;1.714169e-01;2.466669e-01;1.482715e-01;6.596493e-02;9.131062e-02;3.202871e-02;6.050364e-02
5.742654e-02;4.838751e-02;4.742106e-02;4.145211e-02;4.581858e-02;1.965413e-01;2.168898e-01;9.811782e-02;6.506944e-02;1.066246e-01;2.594154e-02;5.030957e-02
4.792058e-02;4.250850e-02;4.559486e-02;4.219732e-02;3.429706e-02;2.139402e-01;1.350989e-01;1.884276e-01;7.178218e-02;7.969621e-02;3.117978e-02;6.735686e-02
3.964202e-02;3.899208e-02;4.011418e-02;3.271461e-02;4.585747e-02;2.893628e-01;6.603302e-02;2.166635e-01;7.305843e-02;5.967980e-02;3.460671e-02;6.327537e-02
3.208394e-02;4.954771e-02;4.179644e-02;9.541355e-03;4.060197e-02;2.903717e-01;2.274216e-01;1.396141e-01;6.111474e-02;3.287879e-02;2.980823e-02;4.521939e-02
2.599822e-02;4.707123e-02;5.287341e-02;1.429571e-02;3.834124e-02;2.304694e-01;3.153801e-01;1.530534e-01;4.578719e-02;2.232235e-02;1.286086e-02;4.154694e-02
2.364247e-02;2.610014e-02;7.350402e-02;3.392191e-02;5.815058e-02;2.272301e-01;1.913560e-01;2.484329e-01;2.802026e-02;2.184386e-02;2.213168e-02;4.566602e-02
1.592041e-02;3.187673e-02;9.831954e-02;7.624893e-02;5.808880e-02;1.798279e-01;7.546543e-02;3.231345e-01;8.024154e-02;1.437186e-02;1.831811e-02;2.818625e-02
1.305509e-02;2.836234e-02;8.454122e-02;1.225324e-01;6.363843e-02;1.292394e-01;9.544036e-02;3.334394e-01;9.153052e-02;1.037116e-02;1.450428e-02;1.334532e-02
1.419462e-02;3.165654e-02;4.787177e-02;1.309794e-01;8.647195e-02;1.729298e-01;6.631126e-02;3.463176e-01;5.739556e-02;1.122330e-02;2.193792e-02;1.271027e-02
1.204219e-02;7.243254e-02;4.080237e-02;6.978686e-02;7.480542e-02;2.234062e-01;1.040329e-01;3.056343e-01;4.080563e-02;1.710160e-02;2.646311e-02;1.268690e-02
9.802430e-03;1.244889e-01;7.658181e-02;2.976669e-02;4.736030e-02;2.178909e-01;1.288523e-01;2.607049e-01;4.570335e-02;1.961406e-02;2.837361e-02;1.086084e-02
1.592782e-02;1.508580e-01;1.148197e-01;4.332552e-02;7.063886e-02;1.790591e-01;9.963087e-02;2.267539e-01;3.395022e-02;2.047405e-02;3.316885e-02;1.139308e-02
2.356143e-02;1.127230e-01;1.776213e-01;9.251389e-02;8.080520e-02;1.217976e-01;5.972087e-02;2.285744e-01;4.506690e-02;1.440296e-02;2.670478e-02;1.650773e-02
2.907564e-02;8.159731e-02;2.250486e-01;1.052809e-01;3.992957e-02;8.027535e-02;6.672514e-02;2.525958e-01;5.781431e-02;1.353536e-02;1.718335e-02;3.093875e-02
5.777168e-02;9.867009e-02;1.868234e-01;5.955322e-02;3.231242e-02;1.080271e-01;8.988952e-02;2.269169e-01;5.201791e-02;2.494559e-02;1.853565e-02;4.453659e-02
9.134693e-02;1.064304e-01;8.843031e-02;4.353398e-02;6.974024e-02;1.344161e-01;1.037916e-01;1.652557e-01;4.439450e-02;5.185438e-02;4.032853e-02;6.047731e-02
5.293589e-02;1.237847e-01;3.165316e-02;7.830641e-02;9.469417e-02;1.949887e-01;1.106985e-01;8.878597e-02;4.895323e-02;6.760402e-02;4.326880e-02;6.432647e-02
8.021402e-02;9.529180e-02;4.885627e-02;6.322739e-02;6.797960e-02;2.971589e-01;1.188447e-01;5.073556e-02;3.902707e-02;4.990758e-02;4.984052e-02;3.891659e-02
1.027855e-01;5.184621e-02;6.828079e-02;3.606651e-02;7.182039e-02;3.321094e-01;1.594713e-01;4.329899e-02;4.472301e-02;2.338949e-02;4.940655e-02;1.680184e-02
6.157386e-02;5.844733e-02;5.825154e-02;2.340380e-02;1.135454e-01;2.929098e-01;2.123516e-01;5.377470e-02;4.906913e-02;8.529416e-03;3.955565e-02;2.858781e-02
1.751493e-02;7.344764e-02;3.352952e-02;3.718299e-02;1.592879e-01;2.526596e-01;2.274179e-01;6.648411e-02;4.441023e-02;9.320709e-03;3.950109e-02;3.924331e-02
2.640577e-02;6.142671e-02;5.835902e-02;3.738365e-02;1.750041e-01;2.598887e-01;1.832143e-01;6.734279e-02;4.241231e-02;8.383182e-03;4.213721e-02;3.804228e-02
2.679138e-02;4.057178e-02;8.671223e-02;3.091227e-02;1.655694e-01;2.879629e-01;1.217846e-01;9.382504e-02;4.836673e-02;1.509654e-02;4.019877e-02;4.220835e-02
4.190005e-02;3.805574e-02;7.296699e-02;3.284256e-02;8.045082e-02;3.166020e-01;6.880480e-02;1.630983e-01;5.478725e-02;2.433067e-02;4.471119e-02;6.144961e-02
8.461463e-02;4.321157e-02;3.197422e-02;2.917251e-02;7.402070e-02;2.769462e-01;4.871418e-02;1.967047e-01;6.595879e-02;3.342745e-02;5.215503e-02;6.310009e-02
1.217814e-01;5.913471e-02;5.674153e-02;3.032654e-02;1.005330e-01;1.808337e-01;8.489638e-02;1.828115e-01;5.050853e-02;3.364683e-02;5.937060e-02;3.941523e-02
8.245695e-02;8.435562e-02;6.712539e-02;3.448305e-02;1.189451e-01;1.356375e-01;1.257651e-01;1.290577e-01;7.662718e-02;6.273017e-02;4.182872e-02;4.098751e-02
4.904120e-02;7.156220e-02;5.866282e-02;4.181131e-02;1.071460e-01;1.927387e-01;1.417641e-01;9.627189e-02;6.946173e-02;8.603942e-02;4.684366e-02;3.865698e-02
2.501281e-02;8.020083e-02;7.422925e-02;4.935634e-02;9.802261e-02;2.576548e-01;8.626487e-02;1.042714e-01;3.999756e-02;8.287945e-02;6.671006e-02;3.540001e-02
3.073047e-02;8.890270e-02;7.338612e-02;4.709506e-02;5.189769e-02;1.584892e-01;2.092120e-01;1.298120e-01;2.668832e-02;4.313862e-02;4.647831e-02;9.416959e-02
2.747724e-02;7.468245e-02;5.595113e-02;6.317589e-02;2.170386e-02;7.894477e-02;3.442540e-01;1.247040e-01;2.778413e-02;1.629302e-02;4.003200e-02;1.249975e-01
2.235512e-02;3.319646e-02;6.252606e-02;5.843633e-02;2.821250e-02;9.528049e-02;3.611324e-01;1.030061e-01;4.201050e-02;1.695274e-02;9.278539e-02;8.410595e-02
2.492766e-02;2.521812e-02;8.032898e-02;3.384628e-02;4.256613e-02;1.994595e-01;2.526830e-01;7.384516e-02;3.383566e-02;3.007584e-02;1.513972e-01;5.181641e-02
2.686466e-02;3.212811e-02;6.965213e-02;2.115702e-02;7.358029e-02;2.693670e-01;1.291660e-01;8.718514e-02;2.657459e-02;6.114580e-02;1.708245e-01;3.235484e-02
1.722539e-02;6.175900e-02;4.576291e-02;3.477419e-02;1.384994e-01;2.453662e-01;3.405153e-02;1.281811e-01;3.311547e-02;9.214765e-02;1.443855e-01;2.473166e-02
1.110471e-02;9.019035e-02;2.865357e-02;5.608246e-02;2.054648e-01;1.413999e-01;6.787755e-02;1.280468e-01;5.690411e-02;9.431109e-02;9.833245e-02;2.163224e-02
2.520700e-02;6.770001e-02;3.129387e-02;6.730106e-02;2.178913e-01;1.403187e-01;7.313409e-02;9.725398e-02;8.217839e-02;1.022923e-01;7.179306e-02;2.363626e-02
6.378561e-02;4.294689e-02;3.530117e-02;1.102141e-01;1.479691e-01;1.640746e-01;1.081207e-01;7.623071e-02;1.076891e-01;6.927169e-02;3.962217e-02;3.477428e-02
1.031184e-01;3.108311e-02;3.695840e-02;1.626994e-01;1.235512e-01;1.047840e-01;1.650547e-01;4.637442e-02;1.420916e-01;3.435110e-02;1.126156e-02;3.867212e-02
1.009745e-01;1.893296e-02;3.787092e-02;1.745581e-01;1.111035e-01;8.346581e-02;1.737916e-01;4.766109e-02;1.515259e-01;6.045119e-02;1.421015e-02;2.545427e-02
8.947262e-02;1.217036e-02;4.279631e-02;1.907578e-01;8.133195e-02;9.448013e-02;1.609925e-01;6.177192e-02;1.598165e-01;6.147832e-02;1.543667e-02;2.949496e-02
5.506948e-02;2.560908e-02;7.716911e-02;1.669235e-01;6.138480e-02;1.014102e-01;1.004053e-01;1.359485e-01;1.325371e-01;5.495946e-02;1.297672e-02;7.560673e-02
2.311859e-02;5.231439e-02;1.087212e-01;1.125690e-01;1.133750e-01;1.132322e-01;5.312841e-02;2.100861e-01;6.271746e-02;4.612949e-02;2.969029e-02;7.491784e-02
3.237451e-02;6.430964e-02;9.311715e-02;1.057918e-01;1.681987e-01;7.717416e-02;8.072122e-02;2.168603e-01;3.478737e-02;4.549996e-02;5.890858e-02;2.225661e-02
2.548839e-02;5.765849e-02;4.481629e-02;1.123766e-01;1.433414e-01;1.651532e-01;1.100477e-01;1.711270e-01;5.370999e-02;2.997168e-02;5.739149e-02;2.891774e-02
3.007876e-02;6.411929e-02;5.085719e-02;6.562996e-02;5.017648e-02;1.810898e-01;2.371637e-01;1.571964e-01;5.444739e-02;2.457254e-02;3.645619e-02;4.821228e-02
4.251282e-02;6.083721e-02;7.188840e-02;6.588864e-02;9.875052e-02;1.297295e-01;2.308825e-01;7.260653e-02;6.315164e-02;6.713072e-02;6.304094e-02;3.358055e-02
7.648320e-02;4.010613e-02;5.725573e-02;6.118286e-02;1.292610e-01;2.434992e-01;4.295034e-02;9.684020e-02;8.061612e-02;7.733107e-02;8.508493e-02;9.389276e-03
8.009689e-02;3.176914e-02;2.934250e-02;3.047203e-02;9.385975e-02;2.019859e-01;1.869308e-01;1.522492e-01;7.940535e-02;3.398217e-02;7.076447e-02;9.141718e-03
9.015495e-02;5.995431e-02;4.878091e-02;5.350421e-02;7.107925e-02;8.755097e-02;1.955091e-01;1.380576e-01;9.953489e-02;7.765334e-02;4.300643e-02;3.521402e-02
1.275676e-01;5.989935e-02;4.055213e-02;6.479459e-02;6.373676e-02;1.692036e-01;2.639083e-02;1.389784e-01;7.603811e-02;5.592897e-02;1.221608e-01;5.474889e-02
1.041402e-01;9.402790e-02;5.503491e-02;6.592136e-02;6.391452e-02;1.631413e-01;1.226469e-01;8.995743e-02;4.393274e-02;4.604999e-02;1.056790e-01;4.555375e-02
6.635781e-02;1.192390e-01;5.975694e-02;6.310946e-02;6.616656e-02;1.609319e-01;1.135935e-01;1.112417e-01;9.307352e-02;5.068870e-02;6.730998e-02;2.853096e-02
2.693058e-02;9.616815e-02;9.930808e-02;1.123849e-01;9.458586e-02;1.309127e-01;5.426167e-02;1.768786e-01;1.281037e-01;2.002688e-02;1.837264e-02;4.206633e-02
2.229466e-02;1.107316e-01;1.206721e-01;8.489674e-02;1.105133e-01;1.014789e-01;9.326255e-02;1.753458e-01;8.274014e-02;1.516805e-02;4.951453e-02;3.338166e-02
2.630107e-02;1.705840e-01;8.564893e-02;5.301801e-02;1.185560e-01;1.079360e-01;1.372523e-01;1.575273e-01;6.099486e-02;6.308781e-03;5.975381e-02;1.611905e-02
2.796410e-02;2.219102e-01;9.298141e-02;4.306445e-02;7.265587e-02;8.764020e-02;1.658042e-01;1.305442e-01;6.686157e-02;1.416736e-02;6.537262e-02;1.103388e-02
4.484190e-02;2.448226e-01;8.544986e-02;2.915918e-02;4.920674e-02;9.800356e-02;1.675303e-01;1.040468e-01;6.435410e-02;2.506550e-02;7.025205e-02;1.726747e-02
8.227402e-02;2.266155e-01;7.402837e-02;3.518237e-02;7.223016e-02;1.159587e-01;1.337710e-01;1.058562e-01;5.098469e-02;1.866316e-02;6.462887e-02;1.980702e-02
1.214889e-01;1.873160e-01;9.515186e-02;5.219347e-02;7.727574e-02;1.022145e-01;8.741314e-02;1.585788e-01;3.882711e-02;1.581530e-02;4.661183e-02;1.711333e-02
1.361505e-01;1.260325e-01;1.218547e-01;5.511079e-02;6.094241e-02;7.290690e-02;6.704679e-02;2.233012e-01;4.778691e-02;1.987977e-02;2.831701e-02;4.067051e-02
9.101196e-02;8.577058e-02;1.087046e-01;4.839676e-02;5.971989e-02;1.009078e-01;6.199512e-02;2.502011e-01;6.872996e-02;2.102352e-02;2.023821e-02;8.330054e-02
7.500093e-02;7.395321e-02;6.595178e-02;6.255064e-02;8.496888e-02;1.450986e-01;3.911841e-02;2.190828e-01;8.080132e-02;1.531665e-02;4.658143e-02;9.157528e-02
1.038447e-01;5.810918e-02;5.279264e-02;7.904336e-02;8.766358e-02;1.430032e-01;4.911894e-02;1.509245e-01;9.028441e-02;4.007551e-02;7.920023e-02;6.593973e-02
9.980375e-02;8.801217e-02;5.663225e-02;5.902918e-02;7.692789e-02;1.567999e-01;1.002695e-01;5.141202e-02;9.983663e-02;5.729211e-02;1.071977e-01;4.678688e-02
4.741742e-02;1.190673e-01;7.882610e-02;3.244203e-02;6.821954e-02;1.551462e-01;7.938286e-02;1.395332e-01;7.584339e-02;6.897423e-02;7.312611e-02;6.202167e-02
3.222579e-02;1.066471e-01;5.489527e-02;3.168581e-02;4.846476e-02;1.454527e-01;4.843251e-02;1.623304e-01;1.136541e-01;8.234529e-02;8.698269e-02;8.688354e-02
3.145805e-02;8.683603e-02;4.627161e-02;3.528624e-02;5.737663e-02;1.267820e-01;9.267841e-02;1.289967e-01;1.144617e-01;4.465464e-02;1.207219e-01;1.144761e-01
2.807404e-02;8.464382e-02;3.589522e-02;4.953009e-02;7.377667e-02;8.588859e-02;1.693835e-01;8.949617e-02;6.857825e-02;3.867678e-02;7.578205e-02;2.002748e-01
3.063796e-02;6.690405e-02;2.534906e-02;5.894547e-02;7.189337e-02;8.205417e-02;2.104214e-01;7.381812e-02;3.925808e-02;3.568699e-02;4.969358e-02;2.553378e-01
2.895541e-02;4.700669e-02;3.631059e-02;5.674265e-02;7.104004e-02;1.071901e-01;1.964436e-01;8.443392e-02;5.419809e-02;2.328166e-02;5.670567e-02;2.376915e-01
4.042403e-02;3.980774e-02;5.703896e-02;5.676186e-02;7.576453e-02;1.369554e-01;1.360046e-01;1.096129e-01;9.317151e-02;3.241245e-02;6.478799e-02;1.572581e-01
3.512329e-02;4.001585e-02;4.118916e-02;5.770393e-02;5.595594e-02;1.666890e-01;1.701944e-01;1.081729e-01;1.098903e-01;4.439405e-02;5.564123e-02;1.150299e-01
2.810543e-02;5.598221e-02;3.679313e-02;5.614804e-02;5.286156e-02;1.546152e-01;1.988062e-01;1.546670e-01;7.367400e-02;4.455920e-02;3.781458e-02;1.059734e-01
2.515004e-02;6.153663e-02;6.588171e-02;9.502514e-02;7.936449e-02;1.206119e-01;1.006054e-01;1.737187e-01;1.230049e-01;3.296185e-02;3.841793e-02;8.372138e-02
3.508172e-02;8.441423e-02;6.191827e-02;8.983695e-02;1.083335e-01;9.091143e-02;7.178351e-02;1.686818e-01;1.033925e-01;2.342585e-02;4.340000e-02;1.188203e-01
6.539804e-02;1.204663e-01;4.498601e-02;7.697954e-02;1.064425e-01;5.119969e-02;7.421987e-02;1.581909e-01;9.106126e-02;2.993020e-02;4.649477e-02;1.346309e-01
7.377975e-02;9.319947e-02;7.289819e-02;5.803584e-02;7.387146e-02;1.026527e-01;5.030260e-02;1.601065e-01;1.015633e-01;4.630095e-02;5.678615e-02;1.105031e-01
5.217874e-02;7.496166e-02;5.004903e-02;5.902692e-02;9.143378e-02;1.440280e-01;2.466822e-02;1.240696e-01;1.057882e-01;1.634179e-01;5.724113e-02;5.313686e-02
4.347330e-02;1.136378e-01;4.323860e-02;5.566392e-02;1.351237e-01;1.283808e-01;1.231790e-02;6.279301e-02;1.151576e-01;2.507041e-01;2.363727e-02;1.587213e-02
7.592782e-02;1.064616e-01;3.778546e-02;8.785351e-02;1.421892e-01;5.875244e-02;3.624863e-02;4.741710e-02;1.393171e-01;2.421316e-01;1.092292e-02;1.499260e-02
1.352868e-01;6.847495e-02;1.749231e-02;1.398016e-01;1.043702e-01;4.564447e-02;4.297463e-02;5.919026e-02;1.836713e-01;1.496235e-01;3.541125e-02;1.805873e-02
1.601337e-01;3.397482e-02;3.226275e-02;1.651196e-01;5.651832e-02;5.628004e-02;6.203781e-02;1.185253e-01;2.131241e-01;4.570106e-02;3.368828e-02;2.263414e-02
1.205349e-01;2.211997e-02;3.900150e-02;1.414789e-01;3.477151e-02;6.811260e-02;8.124188e-02;1.928958e-01;1.881417e-01;1.718741e-02;3.424501e-02;6.026874e-02
4.761854e-02;3.094520e-02;8.006575e-02;8.065156e-02;2.806968e-02;8.827539e-02;1.188821e-01;2.802230e-01;1.123671e-01;3.482856e-02;5.833620e-03;9.223950e-02
6.534191e-03;4.990757e-02;7.577146e-02;4.141355e-02;5.220555e-02;8.496396e-02;1.383280e-01;3.335609e-01;6.584290e-02;3.969150e-02;5.954058e-02;5.223982e-02
1.673457e-02;7.456430e-02;4.426391e-02;4.393908e-02;6.592929e-02;1.004747e-01;1.311346e-01;2.846214e-01;6.451181e-02;4.097066e-02;1.183634e-01;1.449225e-02
2.830543e-02;9.583279e-02;1.990990e-02;3.589448e-02;6.557953e-02;1.725620e-01;1.054364e-01;1.635432e-01;3.148710e-02;1.069604e-01;1.382604e-01;3.622840e-02
3.612904e-02;1.619394e-01;6.261945e-02;4.686483e-02;6.584433e-02;1.943584e-01;1.155207e-01;7.107361e-02;5.336762e-02;1.291265e-01;3.191609e-02;3.124005e-02
3.206373e-02;2.018202e-01;9.125775e-02;3.169373e-02;5.913365e-02;1.105920e-01;1.366272e-01;1.314282e-01;6.145949e-02;4.554310e-02;7.838967e-02;1.999127e-02
2.753820e-02;2.445953e-01;1.279010e-01;1.742725e-02;8.149568e-02;6.469492e-02;1.161264e-01;1.419330e-01;4.742713e-02;1.260935e-02;1.077042e-01;1.054749e-02
2.617896e-02;2.591831e-01;1.615997e-01;1.272666e-02;1.093078e-01;5.541404e-02;1.181454e-01;1.022848e-01;2.612280e-02;9.459379e-03;1.095654e-01;1.001189e-02
2.252467e-02;2.607787e-01;1.627147e-01;9.529286e-03;9.850239e-02;7.528309e-02;1.326704e-01;9.961071e-02;2.545564e-02;7.842663e-03;9.759232e-02;7.495342e-03
2.340678e-02;2.745315e-01;1.468596e-01;1.354299e-02;6.763953e-02;7.655677e-02;1.403596e-01;1.143477e-01;4.756659e-02;3.298273e-03;8.425899e-02;7.631604e-03
3.277160e-02;2.735479e-01;1.241740e-01;1.931008e-02;3.698298e-02;9.864455e-02;1.303350e-01;1.198827e-01;7.006888e-02;1.616059e-02;6.961104e-02;8.510764e-03
3.874662e-02;2.365428e-01;1.205227e-01;3.176276e-02;3.479882e-02;1.160752e-01;1.053829e-01;1.305925e-01;8.662330e-02;3.464881e-02;5.577489e-02;8.528770e-03
3.905647e-02;1.162521e-01;1.001263e-01;5.733445e-02;6.064462e-02;1.334112e-01;1.242519e-01;1.758626e-01;1.001533e-01;3.830274e-02;3.579703e-02;1.880728e-02
3.229585e-02;3.615829e-02;2.764053e-02;7.099172e-02;5.822748e-02;1.931270e-01;1.140986e-01;2.081138e-01;1.344209e-01;5.610641e-02;3.760060e-02;3.121878e-02
3.371365e-02;8.556287e-02;5.550601e-02;6.086976e-02;5.770236e-02;1.554841e-01;7.472832e-02;1.646424e-01;1.538429e-01;8.831052e-02;2.595908e-02;4.367803e-02
3.779445e-02;8.762255e-02;6.121335e-02;3.769854e-02;7.157515e-02;1.244096e-01;1.052497e-01;1.946194e-01;1.398184e-01;8.309709e-02;1.663695e-02;4.026465e-02
4.877127e-02;7.512415e-02;5.014924e-02;3.567077e-02;6.365681e-02;1.247280e-01;1.087991e-01;2.299193e-01;1.381854e-01;7.203481e-02;2.300674e-02;2.995438e-02
3.743597e-02;7.009707e-02;2.237181e-02;4.382014e-02;4.159683e-02;1.089447e-01;1.257346e-01;2.243841e-01;1.708748e-01;9.673850e-02;3.932975e-02;1.867167e-02
2.883906e-02;7.901286e-02;5.007258e-02;4.326380e-02;7.420155e-02;1.387250e-01;1.321411e-01;1.665472e-01;1.585279e-01;7.387786e-02;3.265942e-02;2.213154e-02
2.748512e-02;8.030286e-02;4.680305e-02;4.919487e-02;9.029461e-02;1.526392e-01;1.207954e-01;1.825802e-01;1.527407e-01;5.021020e-02;2.473266e-02;2.222120e-02
4.122817e-02;7.542334e-02;5.809365e-02;4.881959e-02;1.071219e-01;1.125090e-01;1.056081e-01;2.018931e-01;1.593923e-01;6.132884e-02;1.493816e-02;1.364377e-02
3.530000e-02;8.034160e-02;5.970014e-02;5.435801e-02;9.798406e-02;7.543168e-02;1.638743e-01;1.585146e-01;1.488065e-01;9.095672e-02;1.949307e-02;1.523940e-02
2.767794e-02;8.114072e-02;7.543999e-02;5.507623e-02;7.344360e-02;4.018214e-02;1.694520e-01;1.877897e-01;1.442210e-01;1.051979e-01;2.222114e-02;1.815766e-02
2.346774e-02;1.145782e-01;6.949738e-02;4.882170e-02;7.505017e-02;6.951927e-02;1.840272e-01;1.717927e-01;1.417670e-01;6.141741e-02;1.392627e-02;2.613497e-02
1.684606e-02;1.507932e-01;7.072610e-02;3.781343e-02;7.327613e-02;1.127384e-01;1.769972e-01;1.511527e-01;1.022453e-01;7.271841e-02;1.097408e-02;2.371904e-02
2.292472e-02;1.163547e-01;1.177226e-01;4.637564e-02;4.737381e-02;1.283740e-01;1.210269e-01;2.255073e-01;1.019623e-01;4.217283e-02;1.237664e-02;1.782857e-02
1.799295e-02;9.358422e-02;1.556576e-01;3.188381e-02;5.183446e-02;1.531160e-01;1.001734e-01;2.584628e-01;8.568387e-02;2.045695e-02;2.011810e-02;1.103593e-02
1.403708e-02;1.295033e-01;1.221336e-01;2.899485e-02;5.137207e-02;1.641195e-01;1.448528e-01;2.463321e-01;4.917682e-02;2.332562e-02;2.284124e-02;3.311096e-03
7.891739e-03;1.708269e-01;7.757501e-02;3.565793e-02;3.809914e-02;1.645328e-01;1.744837e-01;2.332559e-01;4.338425e-02;2.443285e-02;2.584521e-02;4.014610e-03
1.352911e-02;1.812903e-01;7.837373e-02;4.247746e-02;5.565374e-02;1.481611e-01;1.564566e-01;2.210010e-01;4.316502e-02;2.270718e-02;3.069104e-02;6.493549e-03
2.334758e-02;1.380999e-01;1.360535e-01;1.089254e-01;8.073651e-02;9.752285e-02;1.055181e-01;2.123060e-01;3.951861e-02;2.113781e-02;2.432961e-02;1.250413e-02
2.002985e-02;8.114613e-02;1.845744e-01;1.152298e-01;5.516359e-02;7.469597e-02;9.965855e-02;2.397134e-01;6.549752e-02;3.015706e-02;1.403441e-02;2.009930e-02
2.121557e-02;6.204722e-02;1.604617e-01;1.212088e-01;6.441469e-02;8.066532e-02;9.725293e-02;2.167296e-01;1.091869e-01;3.701909e-02;1.234462e-02;1.745355e-02
2.048413e-02;4.831871e-02;1.121201e-01;1.810649e-01;1.129326e-01;9.932015e-02;9.035267e-02;1.517612e-01;1.135748e-01;4.710085e-02;7.350193e-03;1.561970e-02
2.730078e-02;5.386043e-02;1.082480e-01;1.563347e-01;1.149036e-01;1.597167e-01;9.042947e-02;9.972958e-02;8.376884e-02;4.611173e-02;3.472095e-02;2.487516e-02
3.827256e-02;5.591023e-02;1.145039e-01;1.087521e-01;6.969243e-02;1.764921e-01;1.395351e-01;9.292559e-02;6.571743e-02;4.651032e-02;5.114473e-02;4.054346e-02
3.684947e-02;8.827256e-02;7.619766e-02;9.923194e-02;4.019010e-02;1.173369e-01;2.107852e-01;1.473411e-01;4.461056e-02;3.673320e-02;3.599147e-02;6.645980e-02
5.736116e-02;1.336905e-01;6.902999e-02;1.024951e-01;4.087625e-02;8.604027e-02;1.828611e-01;1.726579e-01;4.803530e-02;3.974471e-02;1.552012e-02;5.168757e-02
5.977096e-02;1.990936e-01;1.743987e-01;6.056607e-02;5.298233e-02;6.358597e-02;9.352217e-02;1.313410e-01;6.363755e-02;5.923926e-02;1.641685e-02;2.544550e-02
3.202815e-02;2.065816e-01;2.819992e-01;6.930203e-02;6.075745e-02;4.623325e-02;3.848877e-02;7.568809e-02;5.941773e-02;9.137010e-02;1.542069e-02;2.271293e-02
2.277724e-02;1.447760e-01;3.688962e-01;6.465076e-02;6.718486e-02;5.556985e-02;2.832620e-02;5.675253e-02;4.100072e-02;1.279497e-01;9.774459e-03;1.234150e-02
1.733425e-02;1.528526e-01;3.645874e-01;4.804417e-02;6.342293e-02;6.689809e-02;3.710600e-02;5.506736e-02;2.769072e-02;1.289542e-01;2.862131e-02;9.420962e-03
1.826636e-02;1.960392e-01;2.704563e-01;6.535789e-02;6.795163e-02;1.060009e-01;4.551866e-02;6.701992e-02;3.977868e-02;8.651756e-02;2.514129e-02;1.195154e-02
3.232062e-02;2.123842e-01;1.803084e-01;7.977367e-02;6.505701e-02;1.055380e-01;4.391754e-02;1.032025e-01;6.768967e-02;7.116058e-02;1.198989e-02;2.665799e-02
5.138607e-02;1.521103e-01;1.875446e-01;9.445716e-02;6.877178e-02;9.001032e-02;3.819507e-02;1.283600e-01;6.583972e-02;7.707065e-02;1.339561e-02;3.285871e-02
2.990532e-02;1.829548e-01;2.356445e-01;7.815549e-02;8.941533e-02;1.132570e-01;2.987343e-02;1.100622e-01;3.486039e-02;5.199859e-02;1.991112e-02;2.396179e-02
2.332838e-02;2.224942e-01;2.891371e-01;9.357215e-02;5.968488e-02;8.193665e-02;3.590300e-02;8.430319e-02;4.334341e-02;3.187178e-02;1.634048e-02;1.808477e-02
2.016032e-02;1.815955e-01;2.755836e-01;1.323163e-01;5.719449e-02;7.671196e-02;4.742989e-02;9.063401e-02;4.602863e-02;4.198227e-02;1.620010e-02;1.416296e-02
2.095209e-02;9.730231e-02;1.928398e-01;1.165242e-01;6.390762e-02;1.260464e-01;6.098912e-02;1.306040e-01;5.706242e-02;8.524611e-02;3.087054e-02;1.765532e-02
1.871456e-02;8.626669e-02;1.605116e-01;9.108736e-02;6.821699e-02;1.594493e-01;5.073484e-02;1.475916e-01;5.756690e-02;1.035060e-01;3.921147e-02;1.714270e-02
1.714518e-02;9.582487e-02;1.871420e-01;1.041643e-01;6.048746e-02;1.463181e-01;8.219428e-02;9.609757e-02;5.432406e-02;9.364560e-02;4.473356e-02;1.792299e-02
1.826280e-02;9.690148e-02;2.168452e-01;1.089181e-01;5.121617e-02;1.210696e-01;9.679092e-02;7.569791e-02;6.558535e-02;7.734208e-02;4.697076e-02;2.439968e-02
1.770694e-02;9.887217e-02;2.696600e-01;8.780342e-02;3.988362e-02;1.396469e-01;5.756687e-02;1.087536e-01;5.248571e-02;7.083622e-02;2.799709e-02;2.878750e-02
2.053211e-02;1.128054e-01;2.656781e-01;6.032442e-02;3.830845e-02;1.831701e-01;6.122779e-02;7.871085e-02;4.500309e-02;7.825670e-02;2.636823e-02;2.961474e-02
2.216119e-02;9.719887e-02;2.214788e-01;4.733808e-02;3.444248e-02;2.181383e-01;5.794999e-02;8.501066e-02;6.953310e-02;6.443865e-02;5.379486e-02;2.851502e-02
2.037395e-02;1.265555e-01;1.245984e-01;5.956953e-02;2.763896e-02;1.904767e-01;5.180471e-02;2.170421e-01;6.233791e-02;3.794269e-02;5.786806e-02;2.379139e-02
