1.238940e-01;7.225522e-02;7.140489e-02;6.156695e-02;3.083766e-02;6.179498e-02;1.433422e-01;1.543136e-01;5.532894e-02;8.455247e-02;8.319007e-02;5.751909e-02
1.152393e-01;1.153468e-01;7.467887e-02;1.458483e-02;6.233998e-02;9.060333e-02;1.114377e-01;1.198624e-01;9.370802e-02;8.949996e-02;7.811341e-02;3.458537e-02
1.072180e-01;1.329594e-01;5.321474e-02;4.182461e-02;6.625556e-02;8.303682e-02;8.453802e-02;1.101555e-01;1.083019e-01;1.034407e-01;7.629183e-02;3.276299e-02
9.355967e-02;1.292299e-01;8.694204e-02;5.874679e-02;5.587220e-02;6.406901e-02;7.016257e-02;8.551078e-02;1.026046e-01;1.336600e-01;9.355707e-02;2.608533e-02
8.515572e-02;1.140152e-01;1.521240e-01;3.384897e-02;3.901749e-02;3.427433e-02;8.399527e-02;5.840101e-02;9.061883e-02;1.618878e-01;1.211498e-01;2.551158e-02
1.023863e-01;1.450198e-01;1.493647e-01;4.142668e-02;2.722728e-02;1.949218e-02;8.870352e-02;5.216755e-02;1.030807e-01;1.614598e-01;9.223383e-02;1.743754e-02
1.328838e-01;1.889754e-01;1.317612e-01;7.903598e-02;2.761228e-02;2.638867e-02;6.640286e-02;6.202302e-02;9.049975e-02;9.799620e-02;7.032619e-02;2.609475e-02
1.001026e-01;1.653868e-01;1.260735e-01;8.682290e-02;2.518301e-02;3.813456e-02;6.132308e-02;8.591022e-02;8.471926e-02;8.685999e-02;1.075495e-01;3.193469e-02
1.330797e-01;1.258329e-01;1.132814e-01;4.909806e-02;1.887439e-02;5.611836e-02;7.698375e-02;6.469739e-02;8.904178e-02;1.014855e-01;1.340402e-01;3.746646e-02
1.841463e-01;1.649482e-01;8.102226e-02;3.201099e-02;3.136117e-02;5.642251e-02;6.167424e-02;5.560058e-02;9.390013e-02;7.893220e-02;1.184407e-01;4.154071e-02
1.766310e-01;9.362642e-02;1.425932e-01;3.945232e-02;3.316180e-02;3.980223e-02;6.398199e-02;6.890697e-02;1.270152e-01;9.274669e-02;1.002915e-01;2.179063e-02
1.325464e-01;9.500701e-02;2.143854e-01;3.093520e-02;2.996207e-02;2.533912e-02;5.773447e-02;9.460507e-02;1.063238e-01;1.188685e-01;6.575011e-02;2.854287e-02
1.021076e-01;8.470865e-02;2.020421e-01;9.032767e-02;3.383127e-02;6.231825e-02;7.677663e-02;7.766997e-02;9.133270e-02;9.902417e-02;5.241170e-02;2.744934e-02
5.639215e-02;6.161100e-02;1.425225e-01;1.354002e-01;4.582764e-02;9.238482e-02;1.011359e-01;1.114854e-01;6.723679e-02;8.480562e-02;6.254341e-02;3.865457e-02
6.427032e-02;7.609291e-02;1.123079e-01;1.186473e-01;5.963894e-02;7.961878e-02;1.302626e-01;1.356024e-01;6.284247e-02;6.424668e-02;5.905714e-02;3.741254e-02
7.915038e-02;9.428950e-02;7.863127e-02;8.331097e-02;5.905181e-02;7.337252e-02;1.411266e-01;1.460621e-01;6.088418e-02;5.784322e-02;7.112855e-02;5.514886e-02
7.240711e-02;6.150161e-02;5.339383e-02;5.722021e-02;2.446408e-02;1.019982e-01;2.433774e-01;1.794963e-01;5.171881e-02;3.881144e-02;7.236516e-02;4.324582e-02
7.559378e-02;5.951268e-02;4.621430e-02;3.707099e-02;2.749615e-02;1.314728e-01;3.025925e-01;1.789251e-01;2.813347e-02;3.261568e-02;4.258945e-02;3.778326e-02
9.035499e-02;5.105731e-02;3.325180e-02;2.666147e-02;2.786769e-02;1.776508e-01;3.289010e-01;1.510486e-01;2.335379e-02;3.917756e-02;2.752553e-02;2.314948e-02
7.588589e-02;4.175055e-02;1.582308e-02;2.474828e-02;2.796231e-02;1.898002e-01;3.704446e-01;1.272252e-01;2.217051e-02;5.233140e-02;3.445788e-02;1.740010e-02
3.729051e-02;3.512003e-02;1.766684e-02;3.050413e-02;2.822964e-02;1.858853e-01;3.889501e-01;1.470050e-01;2.127804e-02;5.649432e-02;2.648098e-02;2.509508e-02
5.313050e-02;3.436377e-02;3.450007e-02;3.629518e-02;2.780808e-02;1.772614e-01;3.806839e-01;1.344636e-01;3.695172e-02;5.054782e-02;1.496590e-02;1.902797e-02
8.814474e-02;2.957532e-02;5.243263e-02;3.403058e-02;4.041614e-02;1.618427e-01;3.610355e-01;1.074396e-01;4.518066e-02;4.442409e-02;2.191020e-02;1.356780e-02
1.007773e-01;5.661792e-02;5.427006e-02;2.518827e-02;4.370463e-02;1.361940e-01;3.133307e-01;1.157291e-01;3.473390e-02;5.367585e-02;4.197828e-02;2.379998e-02
1.083578e-01;1.014324e-01;5.169870e-02;2.878089e-02;3.220870e-02;1.227344e-01;2.466445e-01;1.085120e-01;2.940132e-02;8.029305e-02;5.768251e-02;3.225385e-02
1.004572e-01;1.167902e-01;6.197114e-02;3.174302e-02;3.252989e-02;1.313880e-01;1.950153e-01;8.900521e-02;5.658996e-02;1.111969e-01;4.713235e-02;2.618067e-02
5.793610e-02;7.699098e-02;4.736467e-02;2.836224e-02;4.515160e-02;1.258053e-01;2.113209e-01;1.257119e-01;9.911568e-02;1.272411e-01;3.480830e-02;2.019114e-02
7.970417e-02;6.037448e-02;2.852754e-02;4.600250e-02;4.731710e-02;1.228165e-01;2.053553e-01;1.256651e-01;8.306894e-02;1.580511e-01;2.949987e-02;1.361748e-02
6.016897e-02;5.581069e-02;2.960303e-02;5.560375e-02;6.691362e-02;1.016819e-01;2.297594e-01;8.967911e-02;9.226879e-02;1.699653e-01;2.030799e-02;2.823738e-02
5.446785e-02;6.144594e-02;2.365546e-02;4.293595e-02;5.377188e-02;1.095301e-01;2.097333e-01;1.068206e-01;1.286092e-01;1.514636e-01;3.107860e-02;2.648751e-02
4.026292e-02;4.276582e-02;2.530537e-02;3.216941e-02;2.407612e-02;7.498535e-02;1.506454e-01;2.153744e-01;1.335987e-01;2.154568e-01;2.660285e-02;1.875686e-02
1.617313e-02;3.582366e-02;2.293942e-02;6.387909e-02;2.155408e-02;8.208112e-02;1.317128e-01;2.912647e-01;9.969852e-02;1.857120e-01;2.694293e-02;2.221851e-02
3.619730e-02;5.657237e-02;2.041607e-02;7.668901e-02;2.241541e-02;1.145179e-01;1.367962e-01;2.112800e-01;1.048247e-01;1.813389e-01;2.601671e-02;1.293534e-02
6.762926e-02;7.212492e-02;3.470523e-02;4.478275e-02;2.024857e-02;1.203120e-01;1.568306e-01;1.126564e-01;1.356030e-01;1.872718e-01;3.393713e-02;1.389840e-02
5.900735e-02;6.310670e-02;3.385717e-02;4.357309e-02;3.220324e-02;1.076547e-01;2.286106e-01;1.786267e-01;1.024408e-01;8.726814e-02;5.011692e-02;1.353466e-02
3.858302e-02;4.163955e-02;1.685183e-02;2.343785e-02;3.552129e-02;1.089585e-01;3.575222e-01;2.336933e-01;3.947764e-02;2.738762e-02;6.720559e-02;9.721562e-03
2.726362e-02;2.201712e-02;1.032045e-02;1.775930e-02;3.397344e-02;1.426178e-01;4.651019e-01;1.836408e-01;1.921398e-02;2.688191e-02;4.639977e-02;4.809914e-03
2.309594e-02;5.640241e-03;5.894437e-03;1.332942e-02;2.140387e-02;1.645565e-01;4.956165e-01;1.958709e-01;9.540013e-03;4.505688e-02;1.771316e-02;2.282194e-03
1.410531e-02;5.991603e-03;2.686841e-03;1.422739e-02;1.408074e-02;1.519548e-01;5.079222e-01;2.182750e-01;3.823108e-03;4.940020e-02;1.484622e-02;2.686605e-03
1.037854e-02;7.144027e-03;4.026325e-03;1.633436e-02;1.261291e-02;1.431068e-01;5.500902e-01;1.956818e-01;2.280185e-03;4.118678e-02;1.453227e-02;2.625768e-03
1.218249e-02;1.583974e-02;3.776757e-03;1.185343e-02;1.026932e-02;1.361555e-01;5.847132e-01;1.812185e-01;4.098397e-03;2.587697e-02;1.230566e-02;1.710006e-03
1.510516e-02;3.813856e-02;6.578853e-03;1.931292e-02;9.202102e-03;1.138083e-01;5.759301e-01;1.866691e-01;7.737170e-03;1.670060e-02;8.924848e-03;1.892165e-03
1.599635e-02;6.341141e-02;8.403432e-03;2.849572e-02;7.754396e-03;9.008313e-02;5.598048e-01;1.734487e-01;2.317941e-02;1.339083e-02;1.274936e-02;3.282518e-03
9.474933e-03;5.524208e-02;9.344139e-03;1.701329e-02;8.832630e-03;6.819984e-02;5.741617e-01;1.803896e-01;4.540198e-02;9.881795e-03;1.762114e-02;4.436784e-03
6.723445e-03;8.865596e-02;5.862513e-03;6.253011e-03;8.657923e-03;5.198886e-02;5.757962e-01;1.822326e-01;5.458652e-02;4.333813e-03;1.038913e-02;4.519961e-03
6.784854e-03;1.129797e-01;3.874517e-03;3.468783e-03;1.121638e-02;4.574175e-02;5.533876e-01;1.925000e-01;5.258084e-02;4.298807e-03;1.076671e-02;2.400052e-03
4.992575e-03;1.052045e-01;5.154027e-03;3.680146e-03;2.070949e-02;3.831861e-02;5.115128e-01;2.452745e-01;4.147318e-02;3.404608e-03;1.790201e-02;2.373583e-03
1.224013e-02;7.550939e-02;1.216846e-02;4.583764e-03;2.731774e-02;3.341005e-02;4.539737e-01;3.208271e-01;2.692949e-02;4.902418e-03;2.597428e-02;2.163388e-03
3.007820e-02;6.386987e-02;2.387925e-02;1.086369e-02;2.977754e-02;4.106504e-02;3.361714e-01;3.575628e-01;2.503621e-02;1.720693e-02;6.025502e-02;4.234028e-03
4.662037e-02;5.493680e-02;3.757891e-02;1.820855e-02;2.261979e-02;4.421176e-02;2.078494e-01;3.766002e-01;2.816221e-02;2.932414e-02;1.151761e-01;1.871165e-02
3.106024e-02;3.904274e-02;3.548833e-02;1.040626e-02;1.287043e-02;3.633435e-02;2.861814e-01;3.857251e-01;2.517078e-02;2.105059e-02;9.239173e-02;2.427804e-02
1.181484e-02;3.036459e-02;2.719842e-02;6.652712e-03;1.169804e-02;2.553513e-02;3.310310e-01;4.531341e-01;1.545798e-02;1.137897e-02;5.257244e-02;2.316171e-02
9.196136e-03;2.347193e-02;1.950616e-02;5.813922e-03;1.182598e-02;2.286579e-02;3.469726e-01;4.799523e-01;1.071312e-02;1.572602e-02;3.902720e-02;1.492894e-02
6.532330e-03;1.931434e-02;1.836612e-02;4.936894e-03;1.242789e-02;2.898157e-02;3.743266e-01;4.576352e-01;1.442485e-02;1.729856e-02;3.855693e-02;7.198809e-03
6.978179e-03;1.984627e-02;1.352019e-02;5.761607e-03;1.806167e-02;4.793158e-02;4.180961e-01;4.053388e-01;1.850239e-02;1.189770e-02;3.081180e-02;3.253670e-03
1.369811e-02;2.787601e-02;9.853788e-03;3.903558e-03;2.123877e-02;8.259425e-02;4.210365e-01;3.409700e-01;1.921045e-02;1.244218e-02;4.151323e-02;5.663241e-03
2.127055e-02;6.256830e-02;1.746665e-02;9.783118e-03;3.057423e-02;1.049558e-01;3.109302e-01;3.488691e-01;2.120022e-02;1.791034e-02;4.071214e-02;1.375935e-02
1.897245e-02;7.176825e-02;2.560802e-02;9.589527e-03;2.298821e-02;6.804858e-02;3.444614e-01;3.571947e-01;1.048180e-02;1.832816e-02;3.110687e-02;2.145207e-02
3.467866e-02;6.771456e-02;2.627066e-02;1.492240e-02;1.994439e-02;6.989478e-02;3.843440e-01;2.969487e-01;1.516755e-02;1.733682e-02;3.576906e-02;1.700843e-02
3.348511e-02;6.966040e-02;2.801790e-02;2.441505e-02;2.624314e-02;6.109061e-02;3.407425e-01;3.340570e-01;1.320846e-02;1.615848e-02;3.951054e-02;1.341082e-02
3.336228e-02;6.893567e-02;2.652329e-02;3.533546e-02;3.705771e-02;6.166706e-02;2.705299e-01;3.688567e-01;2.103758e-02;2.495348e-02;3.670492e-02;1.503594e-02
4.235379e-02;6.170153e-02;3.713643e-02;2.724212e-02;3.238107e-02;7.735740e-02;2.860958e-01;3.037446e-01;2.646778e-02;3.062553e-02;5.402216e-02;2.087182e-02
5.649478e-02;6.545461e-02;4.295457e-02;4.969326e-02;3.263627e-02;8.861478e-02;3.035894e-01;2.423791e-01;4.184554e-02;2.717708e-02;3.806015e-02;1.110042e-02
5.997346e-02;7.765535e-02;3.882732e-02;5.101708e-02;3.918571e-02;6.999384e-02;2.801720e-01;2.483714e-01;4.256555e-02;3.796054e-02;3.965847e-02;1.461926e-02
4.248346e-02;5.164625e-02;5.743187e-02;5.129898e-02;4.187741e-02;1.226800e-01;2.693993e-01;1.195625e-01;5.395903e-02;6.575584e-02;9.806593e-02;2.583940e-02
4.785855e-02;3.790266e-02;4.114274e-02;3.297680e-02;2.260494e-02;8.610751e-02;2.522585e-01;2.700201e-01;5.928530e-02;3.589360e-02;9.074810e-02;2.320112e-02
2.732830e-02;2.884797e-02;2.501734e-02;2.013644e-02;2.030865e-02;5.528406e-02;2.675139e-01;4.158477e-01;4.063171e-02;2.510720e-02;6.276421e-02;1.121256e-02
1.071760e-02;2.663500e-02;6.096737e-03;8.280606e-03;1.427608e-02;3.273090e-02;3.163242e-01;5.145485e-01;2.219530e-02;1.145127e-02;3.095794e-02;5.785950e-03
3.707263e-03;3.059366e-02;1.859772e-02;3.135537e-03;8.554334e-03;1.988364e-02;3.743106e-01;4.788893e-01;3.144685e-02;4.302074e-03;2.323581e-02;3.343130e-03
5.584951e-03;3.137670e-02;3.893134e-02;5.889507e-03;8.846569e-03;1.649693e-02;3.976402e-01;4.166506e-01;3.626891e-02;6.290878e-03;2.762719e-02;8.396212e-03
5.526901e-03;2.116794e-02;8.308297e-02;6.680074e-03;8.475758e-03;8.347139e-03;2.888757e-01;4.925935e-01;1.973958e-02;1.751400e-02;2.410633e-02;2.389014e-02
2.753610e-03;9.919135e-03;1.164360e-01;3.679328e-03;4.342797e-03;1.077986e-02;1.644658e-01;6.084781e-01;9.474512e-03;2.277210e-02;1.106828e-02;3.583039e-02
3.727451e-03;8.331836e-03;1.326176e-01;3.031434e-03;1.195922e-03;1.228114e-02;1.228727e-01;6.349212e-01;1.680276e-02;2.339142e-02;9.259704e-03;3.156691e-02
7.039082e-03;8.700593e-03;1.276374e-01;3.028248e-03;3.250572e-03;1.608584e-02;1.371498e-01;6.225492e-01;1.274953e-02;1.955214e-02;1.221923e-02;3.003841e-02
7.385071e-03;7.477748e-03;1.030711e-01;8.358799e-03;4.069250e-03;2.590740e-02;1.820435e-01;5.730453e-01;1.809708e-02;1.272342e-02;1.135812e-02;4.646324e-02
8.681011e-03;1.084179e-02;7.995040e-02;2.555657e-02;5.071653e-03;3.494665e-02;1.925025e-01;5.140140e-01;5.098980e-02;1.348473e-02;1.526017e-02;4.870070e-02
1.548496e-02;8.801374e-03;5.915607e-02;3.936078e-02;4.086426e-03;2.546661e-02;1.833580e-01;5.088233e-01;8.418594e-02;1.459310e-02;1.882279e-02;3.786065e-02
9.513226e-03;8.263703e-03;3.707443e-02;2.829546e-02;2.820785e-03;2.114904e-02;2.192015e-01;5.715660e-01;5.370915e-02;1.655754e-02;1.431068e-02;1.753845e-02
7.248868e-03;1.017660e-02;4.024495e-02;1.616989e-02;5.735260e-03;3.874321e-02;3.221288e-01;4.986637e-01;2.190728e-02;1.501286e-02;1.236247e-02;1.160617e-02
1.005321e-02;1.684700e-02;5.032344e-02;1.525389e-02;1.061349e-02;6.400148e-02;3.843911e-01;3.933388e-01;1.586672e-02;1.688969e-02;1.475751e-02;7.663697e-03
2.278902e-02;3.350677e-02;7.283257e-02;2.116275e-02;1.896416e-02;9.098410e-02;2.936357e-01;3.620470e-01;2.304795e-02;3.230077e-02;1.901862e-02;9.710572e-03
3.265096e-02;9.006713e-02;1.178373e-01;2.663517e-02;2.645843e-02;7.987650e-02;1.118086e-01;4.082608e-01;3.032794e-02;3.340601e-02;2.821294e-02;1.445823e-02
4.846831e-02;1.592612e-01;1.054453e-01;1.854533e-02;1.575947e-02;5.240500e-02;2.196984e-01;2.974179e-01;3.192602e-02;2.748739e-02;9.210688e-03;1.437497e-02
7.297271e-02;2.168684e-01;9.928453e-02;3.580645e-02;1.742251e-02;2.911769e-02;1.753346e-01;2.613480e-01;3.470360e-02;1.790635e-02;1.069936e-02;2.853583e-02
8.037920e-02;2.208664e-01;8.077274e-02;3.424381e-02;1.584001e-02;1.946885e-02;1.504305e-01;3.085492e-01;3.138188e-02;9.732461e-03;2.303636e-02;2.529853e-02
6.169629e-02;2.067116e-01;6.099542e-02;3.127307e-02;1.876182e-02;2.656242e-02;1.769617e-01;3.491902e-01;2.654770e-02;1.152678e-02;1.980805e-02;9.964908e-03
3.931169e-02;1.712155e-01;8.230006e-02;4.032281e-02;4.945993e-02;4.006436e-02;1.839435e-01;2.942771e-01;3.886685e-02;2.862970e-02;1.863168e-02;1.297687e-02
4.871181e-02;1.780938e-01;9.279457e-02;4.199886e-02;7.185978e-02;7.205017e-02;9.916630e-02;1.971607e-01;6.280608e-02;4.863643e-02;5.111945e-02;3.560203e-02
4.411473e-02;1.609272e-01;7.911631e-02;4.944937e-02;5.495374e-02;8.298656e-02;9.068085e-02;1.614652e-01;5.192002e-02;4.129165e-02;1.024163e-01;8.067802e-02
2.409512e-02;1.090701e-01;5.220735e-02;5.344077e-02;6.434503e-02;1.078596e-01;1.824107e-01;8.634617e-02;4.575814e-02;3.068844e-02;1.029339e-01;1.408447e-01
3.248639e-02;5.931171e-02;2.142812e-02;3.281428e-02;5.271812e-02;1.775818e-01;3.346089e-01;7.349709e-02;4.308324e-02;2.247534e-02;6.271704e-02;8.727793e-02
1.843021e-02;3.973526e-02;3.386053e-02;2.456582e-02;6.917000e-02;2.134777e-01;3.773077e-01;1.191969e-01;3.366127e-02;1.591140e-02;2.923868e-02;2.544452e-02
1.867016e-02;5.142120e-02;4.537734e-02;3.488958e-02;1.086397e-01;2.181367e-01;3.370581e-01;7.796585e-02;5.117711e-02;1.178636e-02;2.387493e-02;2.100298e-02
1.668759e-02;5.173593e-02;5.035707e-02;4.009481e-02;1.475338e-01;1.889629e-01;2.967479e-01;6.021680e-02;7.018831e-02;7.265040e-03;2.807605e-02;4.213380e-02
9.635517e-03;4.355596e-02;5.264672e-02;4.209214e-02;1.821129e-01;1.866835e-01;2.503465e-01;4.385873e-02;8.004245e-02;8.009230e-03;3.627570e-02;6.474062e-02
3.064272e-02;7.300656e-02;5.743433e-02;4.601814e-02;1.907150e-01;1.862537e-01;1.818885e-01;4.061151e-02;8.472477e-02;1.204125e-02;3.153712e-02;6.512646e-02
2.334387e-02;5.157414e-02;4.589969e-02;3.152074e-02;1.541215e-01;2.053273e-01;2.678424e-01;4.535538e-02;9.673869e-02;1.127943e-02;2.225482e-02;4.474201e-02
2.889225e-02;2.461627e-02;1.864114e-02;1.955764e-02;8.281057e-02;2.223658e-01;4.030518e-01;1.041787e-01;5.709177e-02;1.255539e-02;1.584070e-02;1.039790e-02
2.568167e-02;2.780596e-02;1.566333e-02;1.629422e-02;5.213478e-02;2.344218e-01;4.610432e-01;1.211979e-01;2.385153e-02;1.014200e-02;8.077706e-03;3.685877e-03
2.349877e-02;2.662252e-02;1.853765e-02;2.089578e-02;6.227897e-02;2.569513e-01;4.779725e-01;7.215592e-02;1.663325e-02;9.563072e-03;5.757716e-03;9.132572e-03
2.174975e-02;1.390136e-02;1.425595e-02;2.303069e-02;7.052265e-02;2.651280e-01;4.796657e-01;6.778303e-02;1.891297e-02;7.787519e-03;8.880512e-03;8.381839e-03
1.869418e-02;2.744972e-02;2.048888e-02;1.971595e-02;6.026607e-02;2.823837e-01;4.621601e-01;5.372699e-02;2.305138e-02;1.235043e-02;1.201041e-02;7.702257e-03
1.569394e-02;2.003046e-02;3.370015e-02;1.265977e-02;2.531328e-02;1.566813e-01;4.585395e-01;2.260534e-01;1.615981e-02;1.292092e-02;1.671191e-02;5.535596e-03
7.872473e-03;1.191822e-02;4.662890e-02;6.803081e-03;1.331135e-02;7.362710e-02;4.170690e-01;3.759179e-01;1.093880e-02;8.327720e-03;2.118289e-02;6.402543e-03
4.754383e-03;8.737653e-03;6.566335e-02;6.303405e-03;7.464529e-03;2.474103e-02;3.255399e-01;5.252035e-01;1.170745e-02;5.941481e-03;7.025414e-03;6.917885e-03
2.848249e-03;3.692920e-03;5.898279e-02;4.988046e-03;3.866648e-03;1.459158e-02;2.574973e-01;6.095939e-01;2.605593e-02;6.841062e-03;5.247548e-03;5.794055e-03
4.663532e-03;3.929221e-03;3.405282e-02;2.258125e-02;1.959863e-03;1.684282e-02;2.229083e-01;6.059904e-01;6.096055e-02;1.001727e-02;1.204103e-02;4.052864e-03
1.094424e-02;4.569872e-03;1.686754e-02;6.625082e-02;1.332714e-03;1.255165e-02;1.558997e-01;5.736644e-01;1.071548e-01;1.998956e-02;2.712502e-02;3.649697e-03
2.370043e-02;7.479286e-03;1.206877e-02;1.380935e-01;4.611921e-03;1.391441e-02;3.903497e-02;5.340944e-01;1.348057e-01;3.024466e-02;5.509411e-02;6.857867e-03
1.829975e-02;5.869073e-03;9.068343e-03;1.444140e-01;4.340280e-03;9.165726e-03;1.331053e-01;4.985580e-01;1.073228e-01;2.186510e-02;4.161175e-02;6.379884e-03
8.901775e-03;7.695027e-03;1.024457e-02;9.864138e-02;6.489580e-03;2.665029e-02;2.435708e-01;4.791071e-01;7.811169e-02;1.552019e-02;2.137436e-02;3.693233e-03
1.519465e-02;1.462614e-02;1.515542e-02;5.400391e-02;8.483366e-03;4.387891e-02;3.112045e-01;4.188588e-01;4.994426e-02;1.807347e-02;4.714924e-02;3.427338e-03
2.375855e-02;2.254143e-02;2.216888e-02;2.353174e-02;1.147502e-02;5.147510e-02;3.318785e-01;4.036924e-01;3.447942e-02;2.100250e-02;5.076849e-02;3.227917e-03
2.790750e-02;3.164157e-02;3.655934e-02;2.798151e-02;1.316362e-02;3.537480e-02;2.320313e-01;4.254397e-01;4.778505e-02;2.509221e-02;9.191793e-02;5.105490e-03
1.896143e-02;3.873352e-02;3.664328e-02;7.719376e-02;1.007055e-02;4.647921e-02;3.099711e-01;2.873030e-01;6.336470e-02;2.325810e-02;8.045325e-02;7.568154e-03
1.971630e-02;3.208182e-02;3.062973e-02;8.330284e-02;8.981390e-03;4.334779e-02;3.215268e-01;3.144040e-01;6.994025e-02;2.739814e-02;4.521090e-02;3.460070e-03
4.315754e-02;4.465077e-02;3.277278e-02;5.554915e-02;1.032630e-02;3.410587e-02;2.572081e-01;2.991875e-01;8.995831e-02;3.852370e-02;8.114843e-02;1.341152e-02
1.386255e-01;8.649222e-02;4.622833e-02;3.227534e-02;1.711802e-02;3.417543e-02;1.727042e-01;1.325205e-01;3.615210e-02;6.705348e-02;2.124859e-01;2.416893e-02
9.396569e-02;5.683961e-02;2.925823e-02;2.623062e-02;1.041347e-02;2.597551e-02;1.448838e-01;1.879825e-01;3.249201e-02;5.588261e-02;3.236665e-01;1.240951e-02
5.520873e-02;2.697326e-02;1.753988e-02;2.985212e-02;4.022561e-03;1.418833e-02;1.404254e-01;2.709989e-01;4.581354e-02;4.371887e-02;3.329013e-01;1.835714e-02
3.411923e-02;1.295229e-02;1.286666e-02;3.334405e-02;2.188510e-03;6.863497e-03;1.636542e-01;3.659547e-01;5.358244e-02;3.081664e-02;2.508583e-01;3.279947e-02
2.308559e-02;1.727294e-02;2.019725e-02;2.622728e-02;6.026778e-03;3.102839e-02;2.785356e-01;4.011540e-01;4.081807e-02;2.493525e-02;9.667666e-02;3.404213e-02
2.155520e-02;2.326779e-02;2.909618e-02;1.437294e-02;8.768364e-03;4.598790e-02;3.708223e-01;3.645373e-01;2.254057e-02;1.981852e-02;6.193796e-02;1.729502e-02
2.128233e-02;2.337959e-02;3.966547e-02;8.456733e-03;7.972789e-03;3.576759e-02;3.566948e-01;4.250260e-01;2.474640e-02;1.434151e-02;3.783091e-02;4.835864e-03
1.906326e-02;1.797528e-02;4.113299e-02;1.066326e-02;5.171532e-03;1.232069e-02;2.767727e-01;4.894271e-01;2.424733e-02;1.183037e-02;7.405750e-02;1.733796e-02
1.482440e-02;5.790082e-03;3.476581e-02;8.114903e-03;2.674114e-03;1.929396e-02;3.171703e-01;5.027020e-01;1.491585e-02;8.966628e-03;4.799078e-02;2.279120e-02
1.026820e-02;9.606376e-03;2.909256e-02;3.261531e-03;1.505943e-03;2.180108e-02;3.540171e-01;5.221077e-01;1.256038e-02;4.009233e-03;1.755500e-02;1.421484e-02
1.420024e-02;1.615042e-02;2.391680e-02;3.470683e-03;1.911462e-03;2.540512e-02;3.789423e-01;4.898999e-01;1.106408e-02;5.103998e-03;2.231475e-02;7.620374e-03
5.995711e-02;3.670390e-02;2.433404e-02;3.359051e-02;1.570976e-02;2.761099e-02;3.161725e-01;3.956245e-01;1.294114e-02;1.394241e-02;5.237387e-02;1.103921e-02
1.055987e-01;6.992248e-02;3.602197e-02;1.085492e-01;4.359012e-02;5.179261e-02;1.447445e-01;1.803549e-01;5.020634e-02;3.173388e-02;1.670923e-01;1.039296e-02
8.741160e-02;6.497356e-02;2.475473e-02;1.358267e-01;5.849523e-02;6.179072e-02;1.006957e-01;1.744189e-01;1.005452e-01;2.906367e-02;1.542385e-01;7.785498e-03
4.112976e-02;3.974343e-02;9.621317e-03;1.438882e-01;4.657790e-02;6.149697e-02;8.436541e-02;2.590323e-01;2.125537e-01;2.517304e-02;6.963024e-02;6.787747e-03
5.665579e-03;1.056747e-02;3.048724e-02;1.185024e-01;9.277320e-03;3.298331e-02;8.026003e-02;3.497335e-01;2.911197e-01;4.804019e-02;1.515667e-02;8.206571e-03
6.446165e-03;5.663805e-03;3.877001e-02;1.046318e-01;5.891035e-03;1.605028e-02;8.415592e-02;4.021216e-01;2.660385e-01;4.414682e-02;1.720222e-02;8.881818e-03
5.804200e-03;4.261620e-03;3.352525e-02;1.312636e-01;5.478665e-03;1.667168e-02;7.106222e-02;4.166956e-01;2.697996e-01;2.901057e-02;1.105537e-02;5.371647e-03
6.030825e-03;2.801614e-03;7.941511e-03;2.788827e-01;6.670098e-03;6.223509e-03;4.589370e-02;2.569892e-01;3.466132e-01;1.803691e-02;1.970370e-02;4.213103e-03
5.601603e-03;4.130934e-03;9.380299e-03;4.088199e-01;3.136611e-03;3.751427e-03;2.136655e-02;1.288245e-01;3.857515e-01;1.628358e-02;7.818770e-03;5.134257e-03
5.011100e-03;4.008312e-03;4.268713e-03;4.901999e-01;3.010706e-03;4.082821e-03;1.322098e-02;6.452633e-02;3.864871e-01;1.054618e-02;8.753886e-03;5.884033e-03
8.482206e-03;4.513006e-03;4.102584e-03;5.046469e-01;2.543186e-03;5.845868e-03;1.744447e-02;5.462981e-02;3.649759e-01;1.476988e-02;1.004329e-02;8.002899e-03
1.545251e-02;5.007196e-03;2.449662e-03;5.023820e-01;3.599568e-03;2.787257e-03;2.022097e-02;5.274710e-02;3.560654e-01;2.355442e-02;1.023971e-02;5.494138e-03
1.847317e-02;5.131295e-03;5.605725e-03;4.883118e-01;9.727444e-03;6.100954e-03;2.557559e-02;5.166709e-02;3.269062e-01;4.068993e-02;1.787437e-02;3.936455e-03
1.756728e-02;4.200616e-03;6.519489e-03;4.874277e-01;8.141897e-03;6.134904e-03;3.278367e-02;6.015991e-02;3.083555e-01;4.217691e-02;2.168217e-02;4.849975e-03
1.590175e-02;6.249966e-03;2.392208e-03;4.730563e-01;4.966819e-03;4.848755e-03;2.837665e-02;5.947712e-02;3.431847e-01;3.401070e-02;1.963388e-02;7.901078e-03
1.570083e-02;4.265500e-03;3.584382e-03;4.338808e-01;4.961461e-03;3.645884e-03;2.803532e-02;8.287145e-02;3.654324e-01;2.977781e-02;2.071132e-02;7.132814e-03
1.682632e-02;4.964754e-03;7.739083e-03;3.695761e-01;5.149326e-03;5.756073e-03;2.734825e-02;1.518576e-01;3.498715e-01;2.721990e-02;2.739844e-02;6.292704e-03
9.828766e-03;3.552332e-03;2.141328e-02;2.360671e-01;3.849461e-03;1.538758e-02;5.804655e-02;3.559178e-01;2.507430e-01;1.519435e-02;2.035924e-02;9.640626e-03
4.951705e-03;6.471491e-03;4.218917e-02;7.869088e-02;4.026454e-03;2.880437e-02;1.516930e-01;5.315681e-01;1.163921e-01;6.662352e-03;5.927539e-03;2.262289e-02
7.345608e-03;1.073787e-02;4.058906e-02;1.194434e-02;6.964517e-03;3.717873e-02;2.579340e-01;5.182033e-01;4.683957e-02;1.309499e-02;1.642847e-02;3.273956e-02
1.521184e-02;1.477662e-02;3.583729e-02;3.223870e-02;1.186076e-02;4.665820e-02;3.208329e-01;3.895200e-01;3.857436e-02;1.607265e-02;4.405447e-02;3.436216e-02
2.770371e-02;2.607279e-02;3.941765e-02;6.900442e-02;1.412597e-02;5.910495e-02;4.141179e-01;1.734447e-01;6.443434e-02;1.672361e-02;7.466552e-02;2.118446e-02
3.567477e-02;2.774214e-02;2.592366e-02;4.391221e-02;1.919393e-02;3.203288e-02;3.351521e-01;2.905481e-01;4.360409e-02;1.518714e-02;1.164131e-01;1.461597e-02
2.060077e-02;2.211694e-02;1.954213e-02;1.703463e-02;2.097288e-02;3.869002e-02;3.527310e-01;3.738692e-01;2.502107e-02;1.128038e-02;8.416219e-02;1.397879e-02
1.012848e-02;1.992209e-02;1.011604e-02;2.077367e-02;1.515473e-02;6.510401e-02;4.677452e-01;3.214610e-01;1.640414e-02;1.656150e-02;2.376044e-02;1.286878e-02
1.160898e-02;1.088180e-02;7.845647e-03;3.005606e-02;1.094116e-02;1.026442e-01;5.278616e-01;2.263334e-01;1.308726e-02;3.898741e-02;1.067314e-02;9.079386e-03
1.307977e-02;1.362322e-02;1.183820e-02;2.070867e-02;1.327662e-02;1.342901e-01;5.158510e-01;2.053556e-01;1.053385e-02;4.983663e-02;6.809478e-03;4.796887e-03
1.388955e-02;8.845973e-03;1.034495e-02;2.842229e-02;1.850812e-02;1.703689e-01;5.001416e-01;1.782902e-01;1.687612e-02;3.952018e-02;1.029220e-02;4.499908e-03
1.913239e-02;7.319556e-03;6.918608e-03;2.430214e-02;2.046224e-02;2.528487e-01;4.656610e-01;1.343126e-01;2.288443e-02;3.225232e-02;1.075767e-02;3.148383e-03
2.130942e-02;5.875291e-03;5.147783e-03;1.673125e-02;2.214389e-02;3.499267e-01;4.143508e-01;1.138760e-01;1.809647e-02;2.422459e-02;5.549783e-03;2.768027e-03
2.177527e-02;4.861395e-03;3.666692e-03;9.695669e-03;2.964794e-02;3.781626e-01;4.044992e-01;1.200866e-01;6.874324e-03;1.478869e-02;2.977326e-03;2.964353e-03
1.995207e-02;7.331075e-03;2.929185e-03;6.235096e-03;3.231614e-02;3.237815e-01;4.565087e-01;1.277141e-01;5.267757e-03;1.064362e-02;5.686386e-03;1.634366e-03
1.265460e-02;1.541969e-02;2.878021e-03;8.769493e-03;2.325615e-02;2.258527e-01;5.375472e-01;1.532876e-01;3.478623e-03;8.111930e-03;6.178963e-03;2.565032e-03
8.543934e-03;2.636934e-02;2.388139e-03;3.879922e-03;1.303390e-02;1.533755e-01;5.852308e-01;1.913601e-01;3.639437e-03;4.189583e-03;5.521937e-03;2.467329e-03
6.393897e-03;4.504760e-02;3.469052e-03;1.718872e-03;7.590623e-03;1.039873e-01;5.833970e-01;2.328929e-01;4.360714e-03;3.238484e-03;5.796950e-03;2.106588e-03
7.604070e-03;6.329307e-02;8.449520e-03;3.616131e-03;4.909906e-03;6.965648e-02;5.511512e-01;2.726685e-01;5.171941e-03;3.197833e-03;8.730242e-03;1.551087e-03
3.080004e-03;6.517418e-02;2.456787e-02;7.896340e-03;5.912355e-03;4.817234e-02;4.961585e-01;3.350224e-01;4.333619e-03;2.120545e-03;6.510579e-03;1.051354e-03
2.253662e-03;4.177754e-02;7.625739e-02;7.313040e-03;5.874529e-03;3.124228e-02;3.995629e-01;4.187514e-01;5.128643e-03;2.155106e-03;8.740897e-03;9.425747e-04
2.207419e-03;1.889847e-02;1.436201e-01;1.277297e-02;3.880128e-03;1.766454e-02;3.022890e-01;4.822363e-01;5.919262e-03;2.542475e-03;5.902618e-03;2.066723e-03
2.082306e-03;7.013408e-03;1.637287e-01;4.566255e-02;2.172336e-03;1.061225e-02;2.327009e-01;5.124770e-01;1.393194e-02;3.015829e-03;3.232382e-03;3.370365e-03
3.261563e-03;8.234368e-03;1.138620e-01;1.319601e-01;1.253212e-03;9.676452e-03;1.957529e-01;4.874799e-01;3.344936e-02;4.769678e-03;6.346493e-03;3.954081e-03
5.227910e-03;6.668336e-03;3.753883e-02;3.170364e-01;6.591167e-03;1.000667e-02;1.337461e-01;3.916263e-01;6.242942e-02;7.969290e-03;1.939388e-02;1.765702e-03
9.805642e-03;5.102341e-03;2.364206e-02;5.296758e-01;4.408355e-03;8.439734e-03;3.340638e-02;2.644004e-01;9.393840e-02;1.033528e-02;1.532974e-02;1.515800e-03
1.223001e-02;4.588995e-03;7.973698e-03;5.667494e-01;4.497022e-03;7.630670e-03;5.052367e-02;1.999107e-01;1.086986e-01;1.816007e-02;1.762371e-02;1.413513e-03
1.167856e-02;3.762157e-03;2.535302e-03;5.361504e-01;1.549701e-02;6.479675e-03;5.655092e-02;1.589570e-01;1.304315e-01;3.483203e-02;4.039766e-02;2.727805e-03
1.124995e-02;6.763129e-03;2.355736e-02;4.143107e-01;2.380891e-02;9.171370e-03;5.061472e-02;1.191379e-01;1.577334e-01;7.789951e-02;1.012034e-01;4.549722e-03
1.387460e-02;8.755300e-03;2.751792e-02;2.157366e-01;4.894594e-02;1.930714e-02;7.154348e-02;1.277440e-01;1.479269e-01;1.361760e-01;1.791797e-01;3.292503e-03
1.220671e-02;9.804148e-03;2.209877e-02;5.072547e-02;5.797521e-02;1.743067e-02;5.893540e-02;1.629879e-01;1.292662e-01;2.540188e-01;2.187313e-01;5.819377e-03
7.592421e-03;7.781539e-03;1.322344e-02;5.489013e-02;4.580352e-02;8.167478e-03;2.945463e-02;1.559214e-01;9.697542e-02;3.499379e-01;2.222072e-01;8.044960e-03
1.724539e-02;1.489333e-02;1.044050e-02;5.642822e-02;3.657473e-02;6.754971e-03;3.553596e-02;1.978412e-01;8.912107e-02;2.920254e-01;2.290832e-01;1.405610e-02
5.475657e-02;2.724936e-02;1.639896e-02;8.740331e-02;1.778111e-02;1.333429e-02;1.004096e-01;3.098047e-01;8.879605e-02;1.164051e-01;1.565150e-01;1.114594e-02
4.627658e-02;1.876608e-02;2.613888e-02;6.611572e-02;6.715663e-03;3.304816e-02;2.367474e-01;3.822822e-01;6.031989e-02;4.143263e-02;7.364451e-02;8.512300e-03
2.502048e-02;1.788942e-02;3.468902e-02;4.107433e-02;1.074841e-02;5.982096e-02;3.469373e-01;3.509707e-01;3.350423e-02;2.324131e-02;4.874976e-02;7.354039e-03
1.224154e-02;2.672824e-02;2.910274e-02;3.538284e-02;1.294489e-02;6.922805e-02;3.921387e-01;3.414190e-01;1.579425e-02;2.086285e-02;3.972134e-02;4.435526e-03
2.016573e-02;2.022060e-02;2.283140e-02;2.755283e-02;1.546124e-02;5.715280e-02;2.790643e-01;4.898657e-01;1.700206e-02;2.895725e-02;1.249702e-02;9.229131e-03
2.225185e-02;1.906591e-02;2.700493e-02;3.472010e-02;1.136341e-02;3.999757e-02;2.271122e-01;5.268977e-01;2.204265e-02;2.617669e-02;3.004918e-02;1.331792e-02
2.252651e-02;1.048070e-02;4.852439e-02;2.053615e-02;9.340419e-03;3.005987e-02;2.263435e-01;5.561235e-01;2.126796e-02;2.225380e-02;1.774969e-02;1.479354e-02
1.185728e-02;1.614921e-02;5.565471e-02;8.880809e-03;7.857044e-03;2.725153e-02;2.642556e-01;5.560988e-01;1.846373e-02;1.644882e-02;5.730354e-03;1.135213e-02
1.444235e-02;4.047238e-02;2.920972e-02;8.942379e-03;8.261185e-03;3.014414e-02;3.732651e-01;4.545486e-01;1.219406e-02;1.307306e-02;1.238344e-02;3.063605e-03
2.642882e-02;5.221327e-02;1.157171e-02;1.361671e-02;1.399471e-02;5.536481e-02;4.454750e-01;3.295940e-01;1.219443e-02;1.333925e-02;2.021069e-02;5.996608e-03
3.396371e-02;3.078890e-02;1.219354e-02;1.646430e-02;1.667900e-02;9.644905e-02;4.825692e-01;2.794226e-01;9.802350e-03;9.979315e-03;6.417941e-03;5.270172e-03
3.500358e-02;1.685328e-02;2.137471e-02;1.248494e-02;2.895578e-02;1.147006e-01;4.729601e-01;2.558986e-01;1.179355e-02;5.152268e-03;9.508006e-03;1.531451e-02
3.636920e-02;2.389773e-02;3.867248e-02;1.718554e-02;6.373867e-02;1.281945e-01;3.933059e-01;1.919014e-01;2.509490e-02;7.334667e-03;1.920465e-02;5.510041e-02
3.882682e-02;4.275793e-02;5.507116e-02;4.695151e-02;1.303356e-01;1.330070e-01;2.293336e-01;1.185907e-01;3.839877e-02;9.508186e-03;5.630790e-02;1.009107e-01
4.104286e-02;6.887154e-02;5.117689e-02;9.937306e-02;8.119848e-02;8.371529e-02;2.113614e-01;1.617425e-01;1.760384e-02;1.442807e-02;1.153274e-01;5.415861e-02
5.947902e-02;1.398761e-01;8.389240e-02;1.146350e-01;3.421018e-02;5.193064e-02;2.081289e-01;1.414227e-01;1.259253e-02;2.408627e-02;1.062569e-01;2.348938e-02
7.267532e-02;2.567865e-01;1.299578e-01;6.754362e-02;4.018090e-02;3.511487e-02;1.638299e-01;8.038890e-02;1.452579e-02;5.134761e-02;7.236884e-02;1.527995e-02
9.026558e-02;3.628017e-01;1.138677e-01;2.943055e-02;4.427802e-02;9.279586e-02;1.084095e-01;3.024128e-02;2.364854e-02;4.852460e-02;3.867802e-02;1.705861e-02
1.724893e-01;4.157115e-01;6.670097e-02;1.595188e-02;5.286072e-02;1.137681e-01;3.786492e-02;2.350025e-02;3.787193e-02;2.501364e-02;2.359947e-02;1.466736e-02
3.241494e-01;3.313008e-01;2.754299e-02;1.422016e-02;7.059098e-02;7.243873e-02;3.160871e-02;4.761044e-02;3.025877e-02;8.204347e-03;3.031890e-02;1.175585e-02
4.157000e-01;1.763201e-01;1.204618e-02;4.933145e-02;6.623681e-02;2.015411e-02;5.601362e-02;6.689980e-02;1.139106e-02;7.078831e-03;9.042554e-02;2.840241e-02
3.278000e-01;8.078177e-02;2.618240e-02;7.061469e-02;3.246449e-02;2.687731e-02;7.179739e-02;4.040865e-02;5.240775e-03;1.150895e-02;2.660615e-01;4.026206e-02
1.654446e-01;5.442832e-02;4.124972e-02;5.134428e-02;1.386689e-02;4.391973e-02;5.563618e-02;1.589722e-02;8.201469e-03;2.683899e-02;4.934449e-01;2.972777e-02
1.038287e-01;3.318214e-02;4.590945e-02;2.422811e-02;2.035901e-02;4.355627e-02;2.941730e-02;3.085462e-02;1.419466e-02;5.687411e-02;5.787378e-01;1.885794e-02
8.555976e-02;3.901368e-02;4.533572e-02;2.306550e-02;4.150918e-02;2.999347e-02;4.776299e-02;9.323993e-02;4.045786e-02;9.716025e-02;4.406667e-01;1.623491e-02
8.205609e-02;4.989456e-02;3.463829e-02;5.956615e-02;3.108855e-02;1.186693e-02;1.027707e-01;2.633929e-01;6.888763e-02;7.517228e-02;2.071776e-01;1.348832e-02
6.378556e-02;4.095415e-02;3.728973e-02;4.998233e-02;1.216759e-02;2.142455e-02;1.734910e-01;3.985324e-01;4.620114e-02;2.706796e-02;9.753460e-02;3.156898e-02
4.378104e-02;6.732874e-02;5.189368e-02;2.410017e-02;1.146015e-02;2.453187e-02;2.267501e-01;4.332196e-01;1.731886e-02;1.613022e-02;4.060781e-02;4.287777e-02
2.243833e-02;9.786361e-02;4.992682e-02;1.124108e-02;6.890519e-03;1.821149e-02;2.608335e-01;4.050795e-01;8.610612e-03;9.851168e-03;7.290699e-02;3.614648e-02
3.122804e-02;1.533127e-01;3.351342e-02;4.455777e-03;5.539245e-03;1.974257e-02;3.059700e-01;3.600140e-01;8.737774e-03;8.006293e-03;4.491848e-02;2.456184e-02
6.827125e-02;2.058776e-01;2.019469e-02;2.278862e-03;1.010568e-02;3.043225e-02;3.228195e-01;2.716688e-01;5.328603e-03;5.245687e-03;4.544039e-02;1.233666e-02
1.402052e-01;2.333703e-01;1.496148e-02;3.075265e-03;9.666301e-03;4.401695e-02;3.130207e-01;1.755158e-01;4.124593e-03;6.003892e-03;4.717905e-02;8.860425e-03
2.772290e-01;1.840423e-01;1.274463e-02;7.154113e-03;9.321428e-03;5.075064e-02;2.493194e-01;1.194993e-01;3.357194e-03;8.461394e-03;7.049087e-02;7.629830e-03
3.946081e-01;1.627261e-01;2.047933e-02;1.164697e-02;1.453104e-02;5.096753e-02;1.545587e-01;7.050243e-02;4.826964e-03;9.479651e-03;8.883332e-02;1.683981e-02
2.901491e-01;1.481270e-01;3.669774e-02;1.637038e-02;1.586675e-02;5.366356e-02;1.654079e-01;9.325074e-02;8.976329e-03;1.164635e-02;1.364347e-01;2.340944e-02
8.470231e-02;7.941391e-02;3.393637e-02;2.159856e-02;1.568268e-02;5.202534e-02;3.078183e-01;1.883209e-01;6.644438e-03;1.424793e-02;1.744033e-01;2.120594e-02
7.769733e-02;7.597261e-02;3.296678e-02;3.052888e-02;1.784005e-02;4.669162e-02;3.488770e-01;2.352356e-01;1.047968e-02;8.836237e-03;9.964875e-02;1.522550e-02
1.219106e-01;1.291699e-01;4.255844e-02;3.127312e-02;2.063529e-02;4.479588e-02;2.866533e-01;2.158159e-01;1.428890e-02;1.844658e-02;6.521912e-02;9.232939e-03
1.503280e-01;1.710528e-01;3.119028e-02;6.001192e-02;3.349180e-02;4.941561e-02;2.171064e-01;1.129869e-01;1.468211e-02;2.410303e-02;1.212583e-01;1.437303e-02
2.004176e-01;1.782406e-01;1.938607e-02;4.024637e-02;4.059116e-02;5.924536e-02;1.999824e-01;8.166002e-02;1.686745e-02;2.141943e-02;1.348009e-01;7.142688e-03
1.842089e-01;1.551151e-01;4.150367e-02;1.378188e-02;2.499850e-02;6.157398e-02;2.306790e-01;1.590775e-01;1.417310e-02;2.202940e-02;7.933189e-02;1.352711e-02
