6.582274e-02;6.434397e-02;1.486142e-01;5.712032e-02;6.476559e-02;8.516823e-02;1.287467e-01;9.081496e-02;7.394367e-02;1.100960e-01;7.203571e-02;3.852792e-02
7.428403e-02;5.408987e-02;6.918197e-02;5.859638e-02;6.081565e-02;9.443525e-02;7.890414e-02;1.639196e-01;1.345774e-01;9.626538e-02;4.647794e-02;6.845235e-02
8.777088e-02;5.792508e-02;8.406636e-02;6.526820e-02;5.632056e-02;7.104839e-02;8.778430e-02;1.648757e-01;1.290759e-01;8.765410e-02;3.614717e-02;7.206341e-02
7.981637e-02;7.373428e-02;1.012418e-01;6.830505e-02;5.401513e-02;3.727771e-02;1.539401e-01;1.255502e-01;1.059811e-01;9.593770e-02;3.494288e-02;6.925763e-02
3.620518e-02;9.987329e-02;1.163331e-01;6.283286e-02;6.864239e-02;6.401555e-02;2.152101e-01;6.406780e-02;8.315682e-02;9.807864e-02;3.792409e-02;5.366015e-02
3.049050e-02;8.568505e-02;9.669944e-02;4.237264e-02;1.331180e-01;8.818650e-02;2.020032e-01;6.527671e-02;1.158615e-01;6.374352e-02;4.415109e-02;3.241187e-02
4.348850e-02;5.568250e-02;9.151646e-02;7.586456e-02;1.956804e-01;8.308865e-02;1.862282e-01;4.807604e-02;1.031830e-01;2.785227e-02;5.279009e-02;3.654930e-02
5.589928e-02;6.408416e-02;1.340244e-01;8.428760e-02;1.863961e-01;1.084103e-01;9.785474e-02;4.573313e-02;7.232204e-02;3.767994e-02;5.146700e-02;6.184134e-02
9.190534e-02;4.880384e-02;1.990672e-01;4.879467e-02;1.119282e-01;1.571821e-01;6.082143e-02;5.356260e-02;6.163733e-02;3.033683e-02;6.619456e-02;6.976590e-02
1.155608e-01;6.809276e-02;1.794956e-01;8.760132e-02;6.962825e-02;1.298937e-01;8.487219e-02;4.881876e-02;5.155262e-02;7.037584e-02;3.812119e-02;5.598697e-02
1.169829e-01;5.139647e-02;8.576172e-02;1.260103e-01;8.121555e-02;1.273000e-01;9.656644e-02;4.565974e-02;8.364356e-02;9.551769e-02;3.959697e-02;5.034863e-02
1.083701e-01;5.453625e-02;1.652497e-01;8.412775e-02;5.248167e-02;1.054773e-01;8.621721e-02;4.662294e-02;1.160117e-01;1.137049e-01;3.183892e-02;3.536154e-02
1.098228e-01;8.128434e-02;1.649626e-01;8.613124e-02;4.377440e-02;5.076170e-02;6.143452e-02;3.065535e-02;1.036766e-01;1.065678e-01;1.048522e-01;5.607643e-02
1.278371e-01;7.495939e-02;1.440078e-01;7.359219e-02;5.280406e-02;3.815092e-02;5.538850e-02;1.549141e-02;6.762460e-02;5.929847e-02;1.656232e-01;1.252224e-01
1.449158e-01;6.626817e-02;1.156867e-01;6.582887e-02;6.482529e-02;3.668867e-02;4.000656e-02;3.581795e-02;3.092897e-02;6.010562e-02;1.245670e-01;2.143603e-01
1.776291e-01;6.926325e-02;7.574714e-02;7.087869e-02;5.985013e-02;3.463928e-02;8.106563e-02;2.592216e-02;2.965844e-02;9.392855e-02;1.101829e-01;1.712347e-01
2.172053e-01;8.742206e-02;8.023407e-02;6.258459e-02;4.296456e-02;3.781561e-02;7.994208e-02;3.018300e-02;4.442477e-02;9.640165e-02;1.259648e-01;9.485748e-02
2.021026e-01;9.820131e-02;1.116205e-01;4.291499e-02;3.313563e-02;3.533695e-02;6.917469e-02;5.464363e-02;6.444162e-02;8.877965e-02;9.195551e-02;1.076929e-01
1.627529e-01;8.584712e-02;1.080866e-01;3.113240e-02;3.703516e-02;3.276549e-02;5.528352e-02;4.963704e-02;5.781208e-02;1.108231e-01;1.482639e-01;1.205607e-01
1.121580e-01;6.817343e-02;8.586757e-02;1.837517e-02;3.438389e-02;4.174710e-02;4.694797e-02;3.519005e-02;4.980925e-02;1.694290e-01;2.240659e-01;1.138526e-01
6.122028e-02;4.898425e-02;5.256258e-02;7.486313e-03;2.934569e-02;4.970931e-02;3.534380e-02;1.973291e-02;3.531346e-02;3.233753e-01;2.558389e-01;8.108725e-02
2.038613e-02;2.301657e-02;2.227642e-02;4.873872e-03;2.357513e-02;3.140106e-02;1.648049e-02;1.422621e-02;2.823921e-02;6.234092e-01;1.613783e-01;3.073742e-02
6.837999e-03;1.100873e-02;1.162185e-02;2.901268e-03;1.659188e-02;6.843284e-03;8.814339e-03;2.131497e-02;2.253698e-02;7.176608e-01;1.538435e-01;2.002436e-02
8.526483e-03;8.594758e-03;4.321469e-03;2.560334e-03;1.430260e-02;7.494040e-03;7.143938e-03;2.597004e-02;3.592952e-02;7.085047e-01;1.571489e-01;1.950333e-02
1.070046e-02;9.640299e-03;5.742805e-03;3.207851e-03;6.944359e-03;6.542747e-03;1.070663e-02;3.616691e-02;4.003052e-02;6.743479e-01;1.865247e-01;9.444818e-03
7.570613e-03;1.810282e-02;5.135038e-03;3.063382e-03;1.329391e-02;9.496933e-03;6.895781e-03;5.312400e-02;2.474141e-02;6.301500e-01;2.194209e-01;9.005173e-03
8.857181e-03;2.391433e-02;9.043449e-03;3.461570e-03;3.043766e-02;5.958891e-03;1.555817e-02;5.265488e-02;3.060060e-02;6.435079e-01;1.661217e-01;9.883606e-03
1.198955e-02;2.024260e-02;1.207950e-02;6.406625e-03;4.321700e-02;6.748369e-03;1.702346e-02;3.465047e-02;8.933169e-02;6.557124e-01;9.344802e-02;9.150236e-03
1.802021e-02;1.342046e-02;1.329172e-02;1.100928e-02;3.071075e-02;7.619061e-03;5.935793e-02;2.934122e-02;2.141206e-01;5.468961e-01;4.871410e-02;7.498585e-03
2.117618e-02;6.691685e-03;1.544624e-02;2.786217e-02;1.726127e-02;6.779684e-03;8.991417e-02;3.928045e-02;4.252288e-01;3.153514e-01;2.851422e-02;6.493703e-03
3.130842e-02;7.191594e-03;1.219639e-02;4.079017e-02;1.172154e-02;7.568016e-03;8.154089e-02;4.247589e-02;5.483674e-01;1.935734e-01;2.115433e-02;2.111938e-03
2.837750e-02;7.806633e-03;6.351615e-03;4.681785e-02;7.350255e-03;5.842268e-03;9.437263e-02;7.183394e-02;5.564482e-01;1.480364e-01;2.260831e-02;4.154458e-03
2.118841e-02;8.842336e-03;1.334409e-02;4.322478e-02;8.384361e-03;5.622776e-03;1.732285e-01;1.193147e-01;4.734349e-01;1.091029e-01;1.824722e-02;6.065064e-03
1.405653e-02;1.176021e-02;1.263391e-02;3.339858e-02;8.752619e-03;1.652929e-02;3.255864e-01;1.538611e-01;2.974680e-01;8.976419e-02;2.335702e-02;1.283214e-02
1.375511e-02;1.007046e-02;2.981504e-02;2.108943e-02;1.788809e-02;3.057568e-02;5.294169e-01;1.480411e-01;1.104504e-01;5.641827e-02;1.631669e-02;1.616289e-02
2.559484e-02;2.389108e-02;5.434647e-02;1.558159e-02;3.709096e-02;4.650489e-02;5.924649e-01;8.445407e-02;3.840356e-02;4.965091e-02;8.852513e-03;2.316421e-02
3.814086e-02;3.320137e-02;5.439688e-02;2.515047e-02;6.079896e-02;6.437228e-02;5.296026e-01;4.107087e-02;5.967968e-02;3.819686e-02;2.376170e-02;3.162750e-02
4.883496e-02;1.838352e-02;7.276995e-02;4.355046e-02;7.881010e-02;7.981288e-02;3.746092e-01;7.492580e-02;8.113297e-02;2.949852e-02;4.833322e-02;4.933842e-02
9.930453e-02;7.262872e-02;2.072993e-01;9.226904e-02;7.278597e-02;5.034199e-02;1.265758e-01;9.281738e-02;3.793031e-02;5.272957e-02;5.003591e-02;4.528141e-02
1.501449e-01;3.515662e-02;1.916997e-01;7.841356e-02;4.971249e-02;4.799946e-02;8.872798e-02;5.822784e-02;2.822981e-02;1.051164e-01;1.039366e-01;6.263452e-02
1.417625e-01;5.508211e-02;1.254203e-01;4.201923e-02;3.431730e-02;2.464787e-02;6.649350e-02;2.061681e-02;8.749856e-02;1.616042e-01;1.402504e-01;1.002873e-01
1.140933e-01;4.545753e-02;7.087208e-02;7.506129e-02;2.269321e-02;1.457706e-02;4.989160e-02;1.246722e-02;1.766387e-01;2.056247e-01;1.216540e-01;9.096927e-02
5.916299e-02;2.392253e-02;7.765407e-02;1.468673e-01;2.416965e-02;8.124460e-03;4.025861e-02;5.483976e-02;2.857730e-01;1.779368e-01;5.097201e-02;5.031880e-02
2.229175e-02;1.829462e-02;1.517501e-01;1.573181e-01;3.638702e-02;1.087066e-02;5.019025e-02;1.592501e-01;2.575168e-01;9.677713e-02;1.606311e-02;2.329033e-02
7.085464e-03;1.584343e-02;2.430991e-01;8.856686e-02;2.614878e-02;1.044034e-02;5.502736e-02;3.269471e-01;1.586483e-01;4.608556e-02;8.861613e-03;1.324608e-02
4.430109e-03;1.039697e-02;2.691739e-01;1.971978e-02;9.891161e-03;9.259930e-03;5.933115e-02;4.513923e-01;8.021183e-02;3.694856e-02;5.602648e-03;4.364168e-02
6.746501e-03;1.870849e-02;2.523863e-01;5.853774e-03;7.662843e-03;5.766163e-03;8.752657e-02;4.163690e-01;4.657122e-02;3.575991e-02;4.010884e-03;1.126382e-01
8.145662e-03;3.534300e-02;2.213497e-01;1.304685e-02;2.191185e-02;5.234509e-03;1.546210e-01;3.390884e-01;1.772396e-02;2.547190e-02;1.021094e-02;1.478522e-01
6.469116e-03;6.262138e-02;1.980831e-01;1.560700e-02;4.338329e-02;9.771522e-03;2.382657e-01;2.856319e-01;2.298185e-02;1.311533e-02;2.250940e-02;8.156044e-02
6.358785e-03;7.195076e-02;2.186320e-01;1.471288e-02;4.942123e-02;8.211957e-03;3.026302e-01;2.465364e-01;2.522778e-02;1.049794e-02;2.542106e-02;2.039904e-02
5.949939e-03;5.984647e-02;1.749905e-01;8.062955e-03;5.950024e-02;2.253614e-02;3.491732e-01;2.578641e-01;2.243523e-02;1.586655e-02;1.710158e-02;6.673003e-03
7.492991e-03;4.865132e-02;1.252836e-01;1.654072e-02;7.920801e-02;5.116835e-02;3.288559e-01;2.308937e-01;3.068032e-02;4.267644e-02;1.959274e-02;1.895594e-02
9.699361e-03;3.376341e-02;1.861591e-01;2.628934e-02;6.118280e-02;5.690930e-02;2.275729e-01;2.187191e-01;5.519081e-02;6.937205e-02;2.086840e-02;3.427349e-02
7.022855e-03;1.554707e-02;2.837369e-01;1.765865e-02;2.665337e-02;4.218363e-02;1.316982e-01;2.595353e-01;6.021411e-02;1.083562e-01;1.071414e-02;3.667957e-02
4.066753e-03;3.749409e-03;3.145256e-01;1.171931e-02;6.966475e-03;2.120653e-02;1.176293e-01;3.116716e-01;4.789184e-02;1.278096e-01;3.218869e-03;2.954470e-02
2.954990e-03;5.499135e-03;3.048540e-01;1.065058e-02;1.119686e-02;1.978282e-02;1.071228e-01;3.454863e-01;2.847626e-02;1.271881e-01;2.375579e-03;3.441257e-02
2.571132e-03;6.366533e-03;3.111380e-01;5.479380e-03;1.379950e-02;3.899352e-02;8.584858e-02;3.495931e-01;1.809075e-02;1.201839e-01;2.490573e-03;4.544501e-02
2.208829e-03;2.498213e-03;3.220095e-01;4.895492e-03;1.083613e-02;5.400661e-02;8.587797e-02;3.352397e-01;1.704890e-02;1.031601e-01;2.763691e-03;5.945489e-02
2.114228e-03;1.717985e-03;3.346061e-01;8.635038e-03;6.447673e-03;6.870776e-02;8.758372e-02;3.121149e-01;2.230622e-02;7.861179e-02;2.758416e-03;7.439619e-02
2.004947e-03;4.096624e-03;3.548622e-01;1.434620e-02;7.490796e-03;7.588932e-02;8.561341e-02;2.869468e-01;2.835551e-02;5.049531e-02;1.625011e-03;8.827391e-02
3.199430e-03;3.415487e-03;3.785929e-01;1.617658e-02;7.834997e-03;5.628908e-02;1.103748e-01;2.744333e-01;2.895499e-02;2.863669e-02;4.045973e-03;8.804569e-02
2.872983e-03;1.319695e-02;3.599831e-01;7.632500e-03;6.825337e-03;2.932489e-02;1.868207e-01;2.525669e-01;3.689519e-02;2.819842e-02;8.405294e-03;6.727765e-02
7.551107e-03;2.903267e-02;2.962804e-01;1.446937e-02;1.679854e-02;3.343601e-02;2.488789e-01;2.014936e-01;5.940257e-02;3.383562e-02;1.585766e-02;4.296349e-02
1.246493e-02;3.668812e-02;2.598245e-01;2.321138e-02;4.589520e-02;6.543591e-02;2.410238e-01;1.527713e-01;7.345872e-02;3.716034e-02;2.313908e-02;2.892669e-02
3.179378e-02;4.274923e-02;2.872031e-01;2.835288e-02;7.340913e-02;7.662237e-02;1.412710e-01;1.467701e-01;5.496772e-02;4.491549e-02;3.764983e-02;3.429530e-02
6.623553e-02;6.081877e-02;2.140553e-01;4.642934e-02;4.771899e-02;7.260612e-02;1.289455e-01;1.255561e-01;6.099406e-02;6.341892e-02;6.961846e-02;4.360296e-02
9.044125e-02;6.714525e-02;1.216954e-01;6.524436e-02;2.563844e-02;5.658966e-02;1.268457e-01;1.207985e-01;1.652320e-01;8.664248e-02;3.881385e-02;3.491307e-02
5.387438e-02;5.097100e-02;9.289075e-02;5.805249e-02;4.387377e-02;2.866516e-02;2.005401e-01;1.887971e-01;1.525373e-01;6.306190e-02;3.408146e-02;3.265460e-02
3.253644e-02;5.477547e-02;6.396210e-02;3.221034e-02;5.336404e-02;5.564428e-02;3.233949e-01;1.918318e-01;1.050038e-01;4.265767e-02;2.597328e-02;1.864581e-02
4.844309e-02;4.975889e-02;3.114055e-02;4.816375e-02;6.208705e-02;1.629617e-01;3.425793e-01;1.380253e-01;4.574998e-02;4.910931e-02;1.372789e-02;8.253197e-03
6.672222e-02;2.606999e-02;1.395040e-02;7.194214e-02;7.868462e-02;3.033452e-01;2.428399e-01;9.732367e-02;1.803475e-02;6.873834e-02;5.650776e-03;6.698041e-03
5.975464e-02;1.547193e-02;3.292574e-02;7.181716e-02;1.077241e-01;3.815949e-01;1.378523e-01;8.774641e-02;1.712891e-02;7.038631e-02;5.113960e-03;1.248365e-02
3.570099e-02;3.762783e-02;6.100200e-02;5.462902e-02;9.520759e-02;2.959862e-01;2.311067e-01;7.683177e-02;3.026011e-02;6.181040e-02;5.963479e-03;1.387388e-02
3.448860e-02;5.954997e-02;4.759357e-02;3.504621e-02;4.312725e-02;1.442258e-01;4.493340e-01;4.479253e-02;8.714963e-02;3.555146e-02;9.714325e-03;9.426652e-03
2.239581e-02;5.744817e-02;1.927243e-02;1.231958e-02;3.068896e-02;6.405061e-02;5.931386e-01;3.702435e-02;1.308972e-01;1.269181e-02;1.605434e-02;4.018113e-03
1.325683e-02;4.204778e-02;2.712846e-02;1.866663e-02;5.522425e-02;8.151257e-02;5.450588e-01;4.577706e-02;1.254247e-01;2.610952e-02;1.541028e-02;4.383087e-03
2.123439e-02;2.900241e-02;9.594955e-02;2.531827e-02;8.141227e-02;1.071277e-01;3.957556e-01;8.301603e-02;8.759758e-02;5.166980e-02;1.210283e-02;9.813567e-03
2.673831e-02;2.669536e-02;2.286334e-01;3.372482e-02;8.354440e-02;8.403629e-02;2.785952e-01;1.094283e-01;4.188313e-02;6.189916e-02;8.201819e-03;1.661982e-02
2.480438e-02;2.861650e-02;3.180737e-01;5.346722e-02;7.809038e-02;7.360363e-02;2.597634e-01;6.135536e-02;3.489776e-02;4.071677e-02;1.295828e-02;1.365276e-02
2.572905e-02;3.263108e-02;2.248510e-01;4.859215e-02;8.355235e-02;1.268875e-01;3.177119e-01;2.968414e-02;6.361789e-02;3.203854e-02;7.171181e-03;7.533314e-03
3.375654e-02;3.760871e-02;1.303931e-01;3.958071e-02;5.687308e-02;1.190580e-01;3.507819e-01;4.551040e-02;1.185272e-01;4.922970e-02;1.194267e-02;6.738060e-03
5.056993e-02;3.851254e-02;1.012025e-01;3.361194e-02;6.747033e-02;1.237046e-01;2.735818e-01;7.295794e-02;1.234285e-01;4.915142e-02;3.153915e-02;3.426935e-02
8.230330e-02;6.354217e-02;1.328516e-01;4.688052e-02;1.087704e-01;5.581213e-02;1.578547e-01;8.051078e-02;1.119017e-01;4.208622e-02;4.428780e-02;7.319878e-02
1.115795e-01;8.064859e-02;8.678571e-02;4.805395e-02;9.836648e-02;6.484327e-02;1.535690e-01;6.369909e-02;1.050588e-01;7.593834e-02;5.461161e-02;5.684565e-02
1.158467e-01;6.088161e-02;7.195885e-02;9.043553e-02;6.852226e-02;4.753245e-02;1.706157e-01;5.922148e-02;1.270482e-01;1.029600e-01;4.907547e-02;3.590170e-02
9.075752e-02;3.376224e-02;6.093654e-02;1.170739e-01;4.789092e-02;3.871981e-02;1.992901e-01;8.106069e-02;1.511920e-01;1.055608e-01;4.464778e-02;2.910762e-02
5.878880e-02;2.393341e-02;8.288831e-02;1.204955e-01;4.343231e-02;5.652823e-02;2.051157e-01;8.277120e-02;1.505892e-01;1.097797e-01;4.215077e-02;2.352698e-02
4.661996e-02;4.650247e-02;1.246609e-01;1.069073e-01;9.928416e-02;9.138743e-02;9.726712e-02;6.784214e-02;1.326363e-01;1.199534e-01;3.171316e-02;3.522575e-02
3.346546e-02;3.938791e-02;1.236568e-01;5.344167e-02;9.351210e-02;8.908316e-02;2.112747e-01;1.392166e-01;6.190458e-02;9.894587e-02;2.278351e-02;3.332756e-02
2.482499e-02;2.647187e-02;1.311982e-01;3.379069e-02;6.657592e-02;8.451430e-02;2.425241e-01;1.936637e-01;5.030832e-02;1.017153e-01;1.805887e-02;2.635373e-02
1.293355e-02;2.964526e-02;1.173173e-01;1.436752e-02;9.895652e-02;5.443503e-02;3.173736e-01;2.281834e-01;2.941456e-02;7.203311e-02;1.072746e-02;1.461261e-02
5.676154e-03;5.572363e-02;5.463311e-02;4.874507e-03;1.757309e-01;2.420600e-02;4.394300e-01;1.714269e-01;2.628746e-02;2.192852e-02;1.625857e-02;3.824211e-03
4.475410e-03;7.289115e-02;1.537879e-02;3.952366e-03;1.484462e-01;2.789593e-02;5.496937e-01;1.025008e-01;4.134912e-02;8.904006e-03;2.132027e-02;3.192315e-03
5.233525e-03;8.244102e-02;1.014674e-02;6.400000e-03;7.262673e-02;4.502401e-02;6.479771e-01;5.267232e-02;4.954288e-02;6.183630e-03;1.867476e-02;3.077326e-03
1.139800e-02;7.106718e-02;8.845069e-03;1.236761e-02;2.320410e-02;6.556148e-02;7.086898e-01;4.157910e-02;3.751187e-02;5.586047e-03;1.202200e-02;2.167780e-03
1.096798e-02;4.290304e-02;8.080577e-03;3.913463e-02;1.235065e-02;7.405049e-02;7.046416e-01;5.553759e-02;2.682254e-02;1.057779e-02;1.177754e-02;3.155591e-03
9.354125e-03;4.951198e-02;9.586729e-03;7.907081e-02;1.056581e-02;9.208678e-02;6.525360e-01;4.657764e-02;1.821499e-02;1.439668e-02;1.416981e-02;3.928707e-03
1.780362e-02;7.434949e-02;9.148642e-03;1.095988e-01;9.085553e-03;1.085512e-01;6.020062e-01;2.757979e-02;1.210583e-02;1.205785e-02;1.338311e-02;4.329813e-03
3.483920e-02;8.254793e-02;8.929528e-03;1.051921e-01;1.058299e-02;1.539571e-01;5.573353e-01;7.874113e-03;1.511200e-02;1.148393e-02;9.534246e-03;2.611752e-03
7.421453e-02;6.833066e-02;8.575514e-03;8.069332e-02;1.586719e-02;2.389824e-01;4.614503e-01;9.513381e-03;1.172992e-02;2.210505e-02;5.976411e-03;2.561286e-03
1.220929e-01;5.540585e-02;6.629519e-03;7.832157e-02;3.769280e-02;2.916667e-01;3.312587e-01;1.520458e-02;5.498985e-03;3.815412e-02;1.422460e-02;3.849613e-03
1.122594e-01;5.395352e-02;1.909857e-02;5.748654e-02;5.347323e-02;2.468304e-01;3.218267e-01;3.864062e-02;1.490985e-02;4.151427e-02;3.247058e-02;7.536252e-03
6.860045e-02;5.314606e-02;3.582340e-02;3.349045e-02;5.599695e-02;1.615634e-01;4.079014e-01;7.399930e-02;2.396974e-02;2.678991e-02;5.273628e-02;5.982702e-03
5.193933e-02;4.863932e-02;4.729472e-02;2.672028e-02;7.546955e-02;1.323270e-01;4.072610e-01;7.077937e-02;3.159698e-02;2.880040e-02;6.608180e-02;1.309027e-02
8.667641e-02;2.916971e-02;1.018350e-01;4.796217e-02;1.262343e-01;1.469140e-01;2.242294e-01;5.169002e-02;3.512010e-02;4.516840e-02;5.176502e-02;5.323543e-02
7.378700e-02;2.946281e-02;2.093003e-01;9.487778e-02;1.334291e-01;9.775061e-02;1.335784e-01;3.097885e-02;2.035370e-02;3.250004e-02;7.143753e-02;7.254384e-02
5.173521e-02;3.202037e-02;3.495223e-01;1.386545e-01;7.806166e-02;5.981860e-02;8.580954e-02;2.545571e-02;1.443536e-02;2.425053e-02;1.037224e-01;3.651383e-02
4.142509e-02;2.843191e-02;4.076190e-01;1.460480e-01;8.337305e-02;4.364697e-02;5.493429e-02;2.606321e-02;1.433673e-02;3.911086e-02;9.692081e-02;1.809012e-02
3.103858e-02;4.593134e-02;3.206448e-01;1.292979e-01;1.095349e-01;5.196086e-02;6.504714e-02;5.001117e-02;1.449163e-02;4.738044e-02;1.047664e-01;2.989479e-02
2.656764e-02;6.395148e-02;1.853753e-01;1.019862e-01;1.553382e-01;7.460373e-02;1.095227e-01;4.444636e-02;2.230380e-02;6.793398e-02;8.692606e-02;6.104451e-02
3.073573e-02;6.490859e-02;1.840009e-01;8.164915e-02;1.908549e-01;7.300369e-02;9.425494e-02;2.739087e-02;2.634119e-02;9.800668e-02;4.382659e-02;8.502669e-02
3.580559e-02;5.208818e-02;2.385652e-01;8.565369e-02;2.138617e-01;5.827079e-02;5.378392e-02;2.455044e-02;3.686883e-02;8.925482e-02;3.476068e-02;7.653607e-02
3.471028e-02;5.218387e-02;2.581118e-01;9.188225e-02;2.231681e-01;6.787274e-02;5.367571e-02;2.577580e-02;3.679099e-02;4.902637e-02;5.175991e-02;5.504220e-02
2.216647e-02;5.398644e-02;2.155788e-01;8.631342e-02;2.424311e-01;6.699944e-02;8.081517e-02;2.314746e-02;4.533244e-02;5.665757e-02;3.943823e-02;6.713345e-02
1.979569e-02;3.558088e-02;1.616350e-01;7.738418e-02;2.650785e-01;7.537127e-02;9.837172e-02;3.834301e-02;8.963399e-02;4.160545e-02;2.565389e-02;7.154640e-02
3.365131e-02;2.370340e-02;7.303051e-02;6.695468e-02;1.522178e-01;1.046789e-01;2.018608e-01;7.716177e-02;1.468359e-01;5.301312e-02;1.102253e-02;5.586922e-02
2.993802e-02;4.300392e-02;2.608142e-02;5.964456e-02;1.352833e-01;8.752073e-02;3.091494e-01;7.402571e-02;1.499657e-01;4.365264e-02;1.711803e-02;2.461651e-02
1.904032e-02;5.505979e-02;2.074259e-02;3.880708e-02;1.612213e-01;5.903405e-02;3.727175e-01;6.486660e-02;1.421970e-01;3.246434e-02;2.242735e-02;1.142211e-02
9.256032e-03;4.823520e-02;2.583099e-02;1.888459e-02;1.424748e-01;3.943760e-02;4.013721e-01;9.127063e-02;1.407762e-01;4.988233e-02;2.321452e-02;9.364937e-03
3.732354e-03;3.514047e-02;1.686165e-02;8.365236e-03;8.230073e-02;3.291159e-02;4.147722e-01;8.264638e-02;2.577815e-01;4.370927e-02;1.572011e-02;6.058490e-03
3.723443e-03;2.761617e-02;5.853767e-03;3.620596e-03;4.375544e-02;4.210958e-02;4.379275e-01;4.476805e-02;3.579049e-01;2.207449e-02;8.202083e-03;2.443967e-03
4.595917e-03;1.440990e-02;5.888209e-03;3.725978e-03;3.155601e-02;6.581523e-02;5.145102e-01;1.932098e-02;3.253755e-01;7.102842e-03;5.387435e-03;2.311854e-03
3.816569e-03;1.113492e-02;7.770194e-03;4.002714e-03;3.491775e-02;9.070390e-02;6.076922e-01;1.844158e-02;2.095209e-01;6.977526e-03;2.598068e-03;2.423683e-03
4.552643e-03;9.679036e-03;9.380339e-03;7.606272e-03;5.017170e-02;1.235836e-01;6.533966e-01;3.526208e-02;8.955302e-02;9.572010e-03;4.191711e-03;3.050948e-03
1.958534e-02;6.167625e-03;1.374997e-02;9.572370e-03;8.333435e-02;1.748811e-01;5.939492e-01;3.085002e-02;3.989675e-02;1.646079e-02;5.465020e-03;6.087494e-03
3.945692e-02;9.781060e-03;5.177865e-02;1.425900e-02;1.309343e-01;1.989588e-01;4.613265e-01;2.845532e-02;3.001050e-02;2.087762e-02;5.871044e-03;8.290355e-03
5.001557e-02;1.592567e-02;1.306315e-01;2.762682e-02;1.605942e-01;1.666411e-01;3.588626e-01;3.319241e-02;1.666133e-02;1.894768e-02;8.499886e-03;1.240122e-02
5.017776e-02;1.856970e-02;2.586026e-01;5.071362e-02;1.809595e-01;1.195003e-01;2.019211e-01;2.904351e-02;2.200285e-02;2.626462e-02;1.335278e-02;2.889165e-02
6.009051e-02;2.843795e-02;2.951769e-01;6.528866e-02;1.630406e-01;9.393553e-02;1.173764e-01;3.201023e-02;4.697800e-02;2.768740e-02;1.469207e-02;5.528576e-02
4.834852e-02;6.408975e-02;1.718170e-01;7.472754e-02;1.293916e-01;7.835241e-02;1.521670e-01;7.092413e-02;5.825837e-02;6.154703e-02;2.883793e-02;6.153870e-02
4.728063e-02;6.493875e-02;1.115156e-01;1.016105e-01;1.203266e-01;8.521123e-02;1.299377e-01;9.867261e-02;7.233714e-02;8.383621e-02;3.220351e-02;5.212957e-02
3.815054e-02;2.582227e-02;8.858237e-02;8.725916e-02;1.405193e-01;1.045687e-01;1.496432e-01;8.992908e-02;1.120822e-01;6.632345e-02;5.795346e-02;3.916633e-02
3.527485e-02;2.628315e-02;1.033932e-01;1.024831e-01;1.221777e-01;9.294629e-02;1.681252e-01;6.618514e-02;1.266416e-01;4.944959e-02;7.174999e-02;3.529011e-02
3.811497e-02;5.096054e-02;1.584187e-01;9.936839e-02;8.259798e-02;7.060996e-02;1.174223e-01;6.459922e-02;1.009776e-01;8.887615e-02;7.656724e-02;5.148701e-02
8.051102e-02;5.209850e-02;1.236669e-01;7.636145e-02;6.931236e-02;6.423987e-02;1.321888e-01;3.995352e-02;7.714293e-02;1.499146e-01;6.357275e-02;7.103734e-02
8.011020e-02;8.432573e-02;8.188943e-02;5.551451e-02;6.102150e-02;7.078720e-02;1.666102e-01;3.941833e-02;7.411340e-02;1.303628e-01;4.869024e-02;1.071564e-01
7.607675e-02;1.173477e-01;6.933336e-02;2.787887e-02;6.765962e-02;7.617573e-02;1.463841e-01;6.574753e-02;8.034948e-02;1.064427e-01;7.209879e-02;9.450534e-02
8.300801e-02;1.214317e-01;6.865736e-02;4.467237e-02;7.177155e-02;6.605971e-02;1.081984e-01;9.384853e-02;1.009680e-01;9.187070e-02;7.356238e-02;7.595127e-02
5.813036e-02;1.058486e-01;7.965523e-02;8.088194e-02;7.866850e-02;1.278014e-01;1.468714e-01;8.001704e-02;9.387928e-02;6.905284e-02;3.234003e-02;4.685330e-02
6.936754e-02;8.773682e-02;6.789124e-02;7.594710e-02;4.569431e-02;1.728683e-01;1.273390e-01;5.479976e-02;9.119107e-02;7.751131e-02;6.667374e-02;6.297973e-02
7.298934e-02;6.257016e-02;8.855472e-02;6.986013e-02;6.695480e-02;1.172366e-01;8.446059e-02;7.710625e-02;1.102960e-01;8.551623e-02;8.510143e-02;7.935371e-02
9.049455e-02;4.640025e-02;1.065475e-01;6.227710e-02;7.977351e-02;7.992379e-02;8.070574e-02;9.083436e-02;9.253419e-02;8.475291e-02;8.745658e-02;9.829945e-02
1.003568e-01;1.222740e-01;1.561254e-01;5.705057e-02;6.901103e-02;6.604419e-02;7.874872e-02;5.488272e-02;3.929905e-02;8.003518e-02;8.381288e-02;9.235949e-02
1.317939e-01;1.495101e-01;1.373642e-01;4.923721e-02;5.933121e-02;4.407320e-02;5.487189e-02;2.560480e-02;6.843870e-02;1.150714e-01;1.056604e-01;5.904300e-02
1.151297e-01;1.389137e-01;1.160277e-01;3.449646e-02;7.482389e-02;3.337612e-02;3.894204e-02;2.883155e-02;9.763336e-02;1.817593e-01;1.004756e-01;3.959056e-02
7.399609e-02;1.053838e-01;7.845008e-02;6.180930e-02;8.056557e-02;2.207839e-02;3.628311e-02;3.126981e-02;1.724211e-01;2.425526e-01;7.113782e-02;2.405233e-02
3.494053e-02;5.806131e-02;9.138843e-02;9.356839e-02;5.427112e-02;2.843253e-02;4.447287e-02;8.860205e-02;2.672325e-01;1.896230e-01;2.589893e-02;2.350834e-02
1.349809e-02;7.206776e-02;1.264786e-01;6.368294e-02;7.836087e-02;3.910847e-02;1.026272e-01;1.461550e-01;2.115097e-01;9.697966e-02;2.283973e-02;2.669206e-02
8.987665e-03;1.458732e-01;9.969112e-02;2.556659e-02;1.545267e-01;3.226439e-02;2.074569e-01;1.228829e-01;9.957202e-02;4.203220e-02;4.329631e-02;1.785000e-02
6.024514e-03;2.180453e-01;3.546372e-02;6.068338e-03;2.354708e-01;1.676949e-02;3.222926e-01;4.380789e-02;2.667791e-02;1.669607e-02;6.811153e-02;4.571914e-03
3.502886e-03;2.006557e-01;2.085627e-02;3.273754e-03;2.497546e-01;9.171019e-03;3.551345e-01;6.012144e-02;2.264839e-02;7.176612e-03;6.491429e-02;2.790477e-03
4.348325e-03;1.613083e-01;2.308825e-02;5.678565e-03;2.416092e-01;1.262777e-02;3.871202e-01;7.963575e-02;1.866969e-02;5.878129e-03;5.582200e-02;4.213801e-03
4.078188e-03;1.121007e-01;5.256277e-02;1.302919e-02;1.744392e-01;3.772777e-02;3.604189e-01;1.343130e-01;4.452663e-02;1.793457e-02;4.047078e-02;8.398211e-03
9.878929e-03;6.720379e-02;7.624587e-02;3.449905e-02;8.909890e-02;6.385695e-02;2.622451e-01;2.091666e-01;1.118829e-01;3.633559e-02;2.574580e-02;1.384055e-02
1.371263e-02;4.285410e-02;7.520399e-02;6.789031e-02;3.547822e-02;7.036200e-02;1.790410e-01;2.168861e-01;2.241257e-01;4.539293e-02;1.581366e-02;1.323944e-02
1.483565e-02;2.835464e-02;7.339384e-02;8.513971e-02;3.362713e-02;8.008444e-02;2.071181e-01;1.401965e-01;2.692142e-01;4.306804e-02;1.698478e-02;7.983072e-03
1.580446e-02;1.664215e-02;1.000350e-01;5.496989e-02;5.655495e-02;1.343393e-01;2.953640e-01;1.130243e-01;1.432293e-01;4.034879e-02;1.667946e-02;1.300844e-02
1.841408e-02;1.484135e-02;1.298165e-01;4.192164e-02;8.627604e-02;1.372191e-01;3.112825e-01;1.495771e-01;4.373879e-02;3.566066e-02;1.986350e-02;1.138861e-02
3.388484e-02;2.719182e-02;1.507738e-01;6.003556e-02;9.505193e-02;7.378524e-02;2.340555e-01;1.319939e-01;9.637913e-02;3.155231e-02;4.089149e-02;2.440439e-02
4.548403e-02;4.861318e-02;1.320669e-01;9.181577e-02;8.228202e-02;7.045467e-02;1.980070e-01;6.529212e-02;1.522713e-01;4.568717e-02;4.866520e-02;1.936062e-02
8.365272e-02;5.755631e-02;6.857714e-02;8.690617e-02;6.165225e-02;9.021985e-02;1.758458e-01;1.008772e-01;1.222021e-01;5.431798e-02;5.983597e-02;3.835648e-02
8.662390e-02;5.705705e-02;6.930011e-02;4.410062e-02;1.026127e-01;9.535090e-02;1.620267e-01;7.284617e-02;8.292721e-02;9.056204e-02;8.300306e-02;5.358956e-02
1.085233e-01;6.133839e-02;5.728300e-02;4.596994e-02;9.044130e-02;7.783407e-02;1.577531e-01;7.087807e-02;8.507234e-02;1.159240e-01;8.113167e-02;4.785080e-02
9.231307e-02;4.739887e-02;5.473380e-02;1.234083e-01;5.281587e-02;6.607665e-02;1.622284e-01;8.496871e-02;1.082579e-01;1.278080e-01;5.149486e-02;2.849558e-02
5.539713e-02;2.755911e-02;3.697247e-02;1.793496e-01;2.567819e-02;5.279417e-02;1.532322e-01;9.820951e-02;2.028582e-01;1.184390e-01;3.067163e-02;1.883878e-02
2.797550e-02;1.068719e-02;5.100038e-02;2.257492e-01;1.438817e-02;3.483622e-02;1.174437e-01;1.093150e-01;2.886977e-01;8.513883e-02;1.714026e-02;1.762779e-02
1.691308e-02;1.362236e-02;8.998716e-02;1.786373e-01;1.502680e-02;3.088667e-02;1.480086e-01;1.136739e-01;2.618702e-01;8.617476e-02;1.574811e-02;2.945098e-02
2.863264e-02;1.804839e-02;1.037885e-01;1.031811e-01;2.256854e-02;4.179110e-02;2.306883e-01;8.881821e-02;1.797750e-01;1.122632e-01;3.740386e-02;3.304113e-02
2.660326e-02;2.290317e-02;6.610236e-02;5.028858e-02;2.794604e-02;5.194818e-02;3.975340e-01;5.952209e-02;9.669456e-02;9.609744e-02;7.835388e-02;2.600640e-02
1.702928e-02;3.660913e-02;2.609157e-02;1.960388e-02;2.883417e-02;5.512340e-02;3.587222e-01;6.740960e-02;4.375106e-02;4.839037e-02;2.470716e-01;5.136375e-02
2.220335e-02;4.185854e-02;3.563872e-02;1.389410e-02;2.248778e-02;3.852119e-02;2.373299e-01;1.079286e-01;5.344798e-02;4.427385e-02;3.319516e-01;5.046435e-02
1.151137e-02;3.781262e-02;6.783324e-02;7.818505e-03;1.371899e-02;2.067422e-02;2.071493e-01;2.402137e-01;5.252684e-02;4.331908e-02;2.479544e-01;4.946771e-02
2.540232e-03;2.241822e-02;1.206345e-01;7.080284e-03;5.319205e-03;1.040173e-02;1.478700e-01;4.001616e-01;6.306911e-02;5.157172e-02;9.585391e-02;7.307950e-02
5.510995e-03;8.035480e-03;1.586244e-01;8.003319e-03;4.654012e-03;1.555630e-02;9.587643e-02;4.960580e-01;6.393997e-02;4.244969e-02;2.056257e-02;8.072880e-02
6.167687e-03;4.789215e-03;1.736423e-01;6.294037e-03;6.050995e-03;2.752540e-02;9.000354e-02;5.171142e-01;5.853328e-02;2.390205e-02;6.609956e-03;7.936741e-02
5.565513e-03;1.318880e-02;1.679341e-01;1.732663e-02;9.345579e-03;3.700845e-02;1.342018e-01;4.307487e-01;9.337422e-02;2.511631e-02;5.757923e-03;6.043201e-02
6.558404e-03;3.389138e-02;1.703846e-01;2.778250e-02;1.966177e-02;5.264746e-02;1.859077e-01;3.096810e-01;1.122720e-01;3.744630e-02;5.603737e-03;3.816311e-02
3.528352e-02;6.229245e-02;1.799107e-01;3.579124e-02;6.701716e-02;8.954213e-02;1.529360e-01;1.903524e-01;1.012110e-01;3.993997e-02;1.974708e-02;2.597633e-02
4.777959e-02;3.762742e-02;1.122786e-01;3.433593e-02;1.207899e-01;1.199291e-01;2.228740e-01;1.435224e-01;6.019875e-02;4.038201e-02;3.018796e-02;3.009436e-02
5.917060e-02;4.566133e-02;7.072771e-02;2.795596e-02;8.539104e-02;1.349910e-01;3.684553e-01;9.295438e-02;3.278336e-02;3.889303e-02;2.339574e-02;1.962053e-02
3.708758e-02;6.395034e-02;1.029759e-01;4.381443e-02;3.807876e-02;6.840841e-02;2.897472e-01;1.290420e-01;1.071312e-01;5.050605e-02;3.078526e-02;3.847285e-02
4.769725e-02;3.766510e-02;9.318847e-02;6.350882e-02;1.448165e-02;2.765504e-02;1.461906e-01;1.534553e-01;2.754523e-01;8.019125e-02;2.124170e-02;3.927258e-02
5.230873e-02;2.054414e-02;5.853631e-02;7.429153e-02;1.923316e-02;1.501774e-02;8.659967e-02;1.179768e-01;3.844691e-01;1.321347e-01;1.203597e-02;2.685218e-02
4.778209e-02;1.839780e-02;2.764868e-02;7.445195e-02;2.081170e-02;8.651832e-03;6.553572e-02;6.269909e-02;4.451088e-01;2.014809e-01;1.409905e-02;1.333238e-02
1.066146e-01;1.282994e-02;1.939672e-02;1.273156e-01;1.304028e-02;7.438689e-03;5.079760e-02;2.486113e-02;4.552777e-01;1.630064e-01;9.137499e-03;1.028386e-02
1.035163e-01;7.880548e-03;4.087380e-02;1.618111e-01;9.015127e-03;1.803527e-02;4.549246e-02;6.717385e-02;4.317977e-01;8.378071e-02;4.894716e-03;2.572832e-02
5.455830e-02;7.086169e-03;1.030118e-01;1.279783e-01;8.552228e-03;4.581996e-02;5.519571e-02;1.558080e-01;3.268903e-01;3.880481e-02;6.409699e-03;6.988465e-02
3.903023e-02;8.579036e-03;1.289888e-01;7.745475e-02;1.315474e-02;5.796424e-02;1.100765e-01;1.948979e-01;2.092386e-01;3.169768e-02;2.195405e-02;1.069635e-01
4.982515e-02;8.553068e-03;9.513120e-02;7.032198e-02;2.435867e-02;5.456756e-02;1.567460e-01;1.428734e-01;1.925571e-01;5.802589e-02;4.093241e-02;1.061075e-01
4.280025e-02;1.873549e-02;6.949457e-02;5.266959e-02;5.287054e-02;7.504092e-02;2.428487e-01;8.327626e-02;1.474373e-01;6.458030e-02;5.859369e-02;9.165231e-02
2.532686e-02;1.751225e-02;7.907651e-02;6.965607e-02;1.168418e-01;1.425632e-01;2.795678e-01;7.016209e-02;8.595309e-02;3.813709e-02;4.369945e-02;3.150376e-02
4.607311e-02;1.611750e-02;1.211953e-01;9.384552e-02;1.468142e-01;1.360940e-01;1.751681e-01;5.515952e-02;1.313324e-01;2.673530e-02;2.177014e-02;2.969500e-02
8.317244e-02;5.013109e-02;1.713774e-01;9.487288e-02;1.404746e-01;9.467464e-02;6.169059e-02;3.370567e-02;1.100767e-01;5.980540e-02;5.165930e-02;4.835937e-02
8.873789e-02;5.959344e-02;1.020999e-01;7.291655e-02;6.089589e-02;4.292971e-02;1.331402e-01;5.895338e-02;1.848908e-01;1.299437e-01;3.328376e-02;3.261481e-02
8.412604e-02;5.791998e-02;7.634921e-02;8.089171e-02;3.921686e-02;2.461987e-02;8.169640e-02;4.351757e-02;2.856540e-01;1.587071e-01;4.111404e-02;2.618725e-02
7.965834e-02;4.034523e-02;4.573134e-02;1.071472e-01;3.364269e-02;1.177884e-02;3.264040e-02;2.661333e-02;4.206172e-01;1.591345e-01;2.874444e-02;1.394651e-02
7.666802e-02;1.695142e-02;2.274170e-02;1.536151e-01;1.705037e-02;5.367186e-03;3.744801e-02;2.628923e-02;5.136681e-01;1.117925e-01;1.140704e-02;7.001254e-03
6.228097e-02;8.785624e-03;1.468622e-02;2.095762e-01;1.853475e-02;1.420374e-02;5.017447e-02;4.073581e-02;5.026279e-01;6.299162e-02;7.594507e-03;7.808165e-03
3.685530e-02;5.988842e-03;1.811040e-02;1.894251e-01;1.535459e-02;4.121201e-02;1.301759e-01;1.026358e-01;3.889908e-01;5.280489e-02;5.796385e-03;1.264997e-02
1.791111e-02;7.508528e-03;4.630740e-02;8.087876e-02;1.070382e-02;8.207682e-02;3.032930e-01;1.723115e-01;2.062547e-01;4.664214e-02;9.335766e-03;1.677650e-02
1.357661e-02;1.579575e-02;4.992274e-02;2.122929e-02;3.076939e-02;9.179454e-02;4.800710e-01;1.511663e-01;8.195249e-02;3.853580e-02;1.236757e-02;1.281852e-02
1.888647e-02;3.150382e-02;4.314454e-02;2.427479e-02;7.689600e-02;1.179721e-01;5.160780e-01;7.139910e-02;4.251577e-02;2.886660e-02;1.565178e-02;1.281099e-02
3.339986e-02;4.641794e-02;7.310142e-02;2.419008e-02;1.333294e-01;1.267318e-01;3.762257e-01;6.037151e-02;4.445661e-02;4.242028e-02;1.629646e-02;2.305889e-02
3.756024e-02;5.337555e-02;1.046424e-01;4.482960e-02;1.513613e-01;9.669895e-02;2.208869e-01;8.152788e-02;9.720507e-02;4.400436e-02;3.054964e-02;3.735809e-02
2.627599e-02;4.765282e-02;1.050584e-01;5.012487e-02;1.038483e-01;1.161653e-01;1.610656e-01;8.923705e-02;1.545485e-01;6.470641e-02;3.662221e-02;4.469468e-02
3.121721e-02;4.809178e-02;8.616289e-02;7.721230e-02;9.059597e-02;1.171740e-01;1.339020e-01;8.564191e-02;1.565659e-01;1.095205e-01;2.904615e-02;3.486958e-02
5.917854e-02;4.372118e-02;7.622591e-02;6.798350e-02;1.076417e-01;7.587340e-02;9.877695e-02;9.331454e-02;1.370678e-01;1.374699e-01;6.615265e-02;3.659390e-02
7.181874e-02;5.819195e-02;9.769932e-02;8.544450e-02;1.020565e-01;6.100913e-02;8.965360e-02;8.949681e-02;1.329428e-01;1.122623e-01;6.105336e-02;3.837092e-02
9.287802e-02;5.770110e-02;1.258233e-01;5.948776e-02;8.415869e-02;5.678618e-02;1.504818e-01;5.954207e-02;7.529398e-02;9.643000e-02;7.984280e-02;6.157426e-02
9.973135e-02;5.056573e-02;1.233667e-01;5.415658e-02;7.591045e-02;6.142567e-02;1.599876e-01;5.483258e-02;7.596469e-02;8.928976e-02;8.923226e-02;6.553663e-02
9.156754e-02;4.562336e-02;9.515683e-02;5.530863e-02;6.281856e-02;6.153569e-02;1.874364e-01;5.023996e-02;1.076502e-01;9.048761e-02;8.976333e-02;6.241185e-02
6.490631e-02;2.637322e-02;5.631289e-02;4.507481e-02;4.132197e-02;4.640350e-02;2.827139e-01;4.156103e-02;1.992189e-01;8.706516e-02;6.598619e-02;4.306214e-02
3.136840e-02;8.530721e-03;2.201554e-02;5.797809e-02;1.583222e-02;1.876150e-02;3.314113e-01;3.926965e-02;3.400462e-01;9.085682e-02;2.729542e-02;1.663417e-02
1.583392e-02;6.183918e-03;1.574401e-02;6.939607e-02;1.054866e-02;1.790800e-02;3.153037e-01;6.438392e-02;3.848734e-01;7.469945e-02;1.749590e-02;7.629035e-03
1.534837e-02;1.338886e-02;3.822704e-02;5.865931e-02;1.893882e-02;3.716785e-02;3.416387e-01;1.406198e-01;2.600075e-01;5.203622e-02;1.603376e-02;7.933870e-03
1.250937e-02;1.185562e-02;4.466389e-02;3.659302e-02;2.128762e-02;3.979379e-02;4.485585e-01;1.954290e-01;1.424437e-01;2.864557e-02;8.910980e-03;9.309001e-03
6.748312e-03;3.658682e-03;5.161543e-02;1.539684e-02;1.149778e-02;2.157908e-02;5.735217e-01;1.780744e-01;8.225308e-02;3.827627e-02;8.761448e-03;8.617007e-03
7.056241e-03;2.643288e-03;3.171699e-02;8.876001e-03;1.177182e-02;1.984116e-02;6.772344e-01;1.328065e-01;4.937235e-02;4.469245e-02;9.608502e-03;4.380369e-03
9.090984e-03;1.178427e-02;2.262879e-02;9.864442e-03;3.714902e-02;5.697686e-02;6.852525e-01;9.209745e-02;2.684089e-02;3.313965e-02;8.510071e-03;6.665070e-03
2.132562e-02;2.740552e-02;4.400415e-02;1.576920e-02;7.771774e-02;1.124783e-01;5.619580e-01;6.267409e-02;2.502346e-02;2.752258e-02;1.269183e-02;1.142946e-02
4.488106e-02;4.529563e-02;9.528979e-02;2.456031e-02;1.137768e-01;1.397680e-01;3.989206e-01;4.397554e-02;3.264431e-02;2.956967e-02;1.568580e-02;1.563251e-02
5.734241e-02;9.257427e-02;1.073806e-01;7.015482e-02;1.118271e-01;8.668610e-02;2.992712e-01;3.884458e-02;3.743311e-02;3.068355e-02;3.435108e-02;3.345112e-02
8.266181e-02;1.553885e-01;7.602403e-02;1.131625e-01;1.133284e-01;3.923494e-02;1.530372e-01;3.319667e-02;7.225731e-02;4.336515e-02;5.445493e-02;6.388855e-02
9.598468e-02;1.428631e-01;9.357402e-02;8.536427e-02;7.336430e-02;3.058107e-02;1.349554e-01;5.340774e-02;8.519340e-02;8.280967e-02;6.746445e-02;5.443794e-02
9.314378e-02;1.075059e-01;1.216011e-01;8.131453e-02;4.272043e-02;2.986775e-02;9.755823e-02;7.526837e-02;1.137896e-01;1.215891e-01;7.229996e-02;4.334123e-02
7.137820e-02;6.934914e-02;1.079946e-01;7.801686e-02;3.133130e-02;2.246781e-02;9.398125e-02;1.298045e-01;1.729375e-01;1.315137e-01;6.104900e-02;3.017620e-02
2.979946e-02;2.983866e-02;1.160552e-01;4.623327e-02;1.408219e-02;1.637632e-02;2.398193e-01;2.305044e-01;1.551114e-01;8.277682e-02;2.647699e-02;1.292596e-02
1.174245e-02;5.680137e-02;1.008423e-01;1.363618e-02;8.625383e-03;3.044710e-02;4.303285e-01;2.513440e-01;5.745860e-02;2.736749e-02;7.054705e-03;4.351824e-03
3.093354e-02;1.098474e-01;6.627294e-02;8.997136e-03;2.314436e-02;6.202121e-02;4.923245e-01;1.710324e-01;1.570247e-02;7.963487e-03;8.933493e-03;2.827107e-03
8.053573e-02;1.335323e-01;6.183869e-02;1.331863e-02;5.018705e-02;8.189058e-02;3.975746e-01;1.213296e-01;2.761006e-02;1.231863e-02;1.256110e-02;7.303068e-03
1.095180e-01;9.827416e-02;8.900305e-02;2.229597e-02;1.065913e-01;7.590976e-02;2.481432e-01;9.804542e-02;6.117855e-02;2.015854e-02;2.252469e-02;4.835743e-02
6.772529e-02;2.043233e-02;7.692574e-02;2.406817e-02;1.936270e-01;1.386996e-01;1.863246e-01;4.308771e-02;1.152058e-01;1.333721e-02;1.112481e-02;1.094417e-01
1.286095e-01;1.385473e-02;5.909132e-02;1.993386e-02;2.002655e-01;1.731890e-01;2.384005e-01;2.021987e-02;6.064840e-02;9.240277e-03;3.655479e-03;7.289156e-02
1.025225e-01;1.591787e-02;5.922335e-02;1.818389e-02;2.130391e-01;2.157054e-01;2.882949e-01;2.305668e-02;2.002572e-02;4.862375e-03;4.812634e-03;3.435568e-02
4.303961e-02;1.524903e-02;4.547478e-02;1.575199e-02;2.070064e-01;2.865493e-01;3.073826e-01;3.546873e-02;9.970151e-03;1.459092e-02;5.429795e-03;1.408663e-02
4.454179e-02;8.898702e-03;3.433330e-02;1.372503e-02;1.673910e-01;3.012305e-01;3.307831e-01;4.653779e-02;9.437084e-03;2.790714e-02;4.903262e-03;1.031122e-02
4.883859e-02;1.738798e-02;3.383932e-02;2.606633e-02;1.219327e-01;2.148268e-01;3.483288e-01;5.548327e-02;5.104442e-02;5.918868e-02;1.070206e-02;1.236098e-02
3.467308e-02;3.833546e-02;4.428146e-02;3.589604e-02;7.358219e-02;1.373830e-01;3.727128e-01;6.247786e-02;9.850860e-02;6.462771e-02;1.482528e-02;2.269656e-02
4.143407e-02;5.334632e-02;4.187566e-02;3.874442e-02;5.521724e-02;1.129896e-01;3.896275e-01;5.872063e-02;1.094697e-01;6.144075e-02;1.681197e-02;2.032211e-02
3.665937e-02;6.264438e-02;3.036874e-02;3.164093e-02;5.772778e-02;1.172123e-01;4.556726e-01;4.228158e-02;8.436531e-02;4.948954e-02;1.651781e-02;1.541976e-02
2.952915e-02;5.546153e-02;2.536587e-02;2.841461e-02;5.157982e-02;1.360817e-01;5.715290e-01;2.444109e-02;3.173631e-02;2.668259e-02;7.629113e-03;1.154920e-02
5.475824e-02;3.123081e-02;1.397862e-02;2.881848e-02;4.246189e-02;1.166688e-01;5.975578e-01;2.522938e-02;1.540539e-02;5.664728e-02;1.275262e-02;4.490719e-03
5.567452e-02;4.820382e-02;1.630930e-02;4.337822e-02;4.214410e-02;1.119475e-01;5.370581e-01;2.355947e-02;1.448674e-02;8.666645e-02;1.717595e-02;3.395867e-03
4.627839e-02;5.694426e-02;1.813172e-02;1.225006e-01;3.117322e-02;1.230365e-01;4.685377e-01;4.831989e-02;1.365489e-02;5.368834e-02;1.147806e-02;6.256419e-03
5.992947e-02;3.899726e-02;3.397160e-02;1.850463e-01;2.611436e-02;1.231803e-01;4.186537e-01;5.038726e-02;1.182968e-02;3.894981e-02;6.996114e-03;5.944172e-03
9.918904e-02;1.966596e-02;3.259009e-02;1.576862e-01;3.129683e-02;1.543921e-01;3.937168e-01;2.449623e-02;1.287289e-02;6.024044e-02;4.678013e-03;9.175383e-03
1.225389e-01;1.353444e-02;1.710276e-02;7.122244e-02;5.763994e-02;2.534120e-01;3.327312e-01;1.553162e-02;2.153211e-02;8.282575e-02;4.172402e-03;7.756285e-03
1.179167e-01;9.090396e-03;8.493042e-03;3.227757e-02;1.302912e-01;3.225103e-01;2.561006e-01;2.852264e-02;1.699533e-02;6.435402e-02;3.918858e-03;9.529391e-03
1.290321e-01;4.635632e-03;2.093639e-02;4.334247e-02;1.884769e-01;3.077859e-01;2.004512e-01;3.348435e-02;6.974192e-03;3.382385e-02;4.309929e-03;2.674714e-02
1.548028e-01;8.201752e-03;3.462404e-02;4.484373e-02;1.594809e-01;2.471685e-01;1.698262e-01;3.035466e-02;3.384820e-03;1.749379e-02;1.162411e-02;1.181947e-01
1.585097e-01;5.500540e-03;3.107182e-02;2.157644e-02;1.147964e-01;1.786514e-01;1.533776e-01;1.904596e-02;8.795193e-03;1.128052e-02;3.584104e-02;2.615534e-01
1.208196e-01;5.346893e-03;2.043018e-02;1.524292e-02;1.378201e-01;1.568801e-01;1.249133e-01;9.705910e-03;1.129355e-02;1.252823e-02;6.639099e-02;3.186281e-01
7.509949e-02;5.555615e-03;4.189757e-02;1.891780e-02;2.158491e-01;1.836659e-01;1.565956e-01;9.610382e-03;9.540294e-03;1.693491e-02;6.269455e-02;2.036387e-01
5.912544e-02;1.147984e-02;7.069679e-02;3.371491e-02;2.873134e-01;1.988668e-01;1.768215e-01;1.550409e-02;7.468835e-03;1.766793e-02;2.422320e-02;9.711716e-02
3.311120e-02;1.471766e-02;9.125517e-02;4.692274e-02;2.816863e-01;1.614303e-01;1.866670e-01;1.684782e-02;2.020001e-02;1.827837e-02;1.906524e-02;1.098181e-01
4.025963e-02;2.561907e-02;7.251758e-02;3.312288e-02;1.960140e-01;1.625729e-01;3.318387e-01;2.708867e-02;2.260422e-02;2.062672e-02;1.247038e-02;5.526524e-02
