4.841039e-02;4.412884e-02;9.603187e-02;2.599950e-01;3.577885e-02;6.253213e-02;5.705497e-02;1.164260e-01;4.754981e-02;4.846790e-02;1.643974e-01;1.922684e-02
2.353757e-02;3.409661e-02;4.756031e-02;3.185745e-01;5.900113e-02;3.232843e-02;3.014910e-02;1.667372e-01;2.194236e-02;2.794505e-02;1.973885e-01;4.073935e-02
1.741167e-02;1.849278e-02;3.165629e-02;2.331943e-01;1.281338e-01;6.100573e-02;2.363137e-02;1.446584e-01;5.633622e-02;2.959256e-02;1.404217e-01;1.154651e-01
2.316589e-02;2.521650e-02;6.821683e-02;1.450340e-01;1.612434e-01;1.216602e-01;1.262071e-02;8.502176e-02;7.670730e-02;2.358537e-02;9.471013e-02;1.628180e-01
5.197065e-02;4.365202e-02;9.574056e-02;1.402635e-01;1.359299e-01;1.627618e-01;1.793844e-02;5.360661e-02;6.298274e-02;1.422323e-02;8.690404e-02;1.340265e-01
6.376892e-02;8.258436e-02;1.355459e-01;9.522312e-02;7.065777e-02;1.877138e-01;3.990350e-02;1.044816e-01;4.068029e-02;2.136244e-02;7.930932e-02;7.876904e-02
1.544595e-02;6.532332e-02;8.217032e-02;1.862972e-01;1.184951e-01;1.268286e-01;4.197240e-02;1.062870e-01;5.067866e-02;2.376273e-02;1.215574e-01;6.118117e-02
2.402151e-02;5.094028e-02;5.617082e-02;2.623988e-01;7.032232e-02;1.291345e-01;3.788503e-02;8.944476e-02;7.580946e-02;2.111731e-02;1.221492e-01;6.060589e-02
3.417710e-02;4.393684e-02;5.890888e-02;2.625376e-01;8.960437e-02;6.781220e-02;3.242440e-02;8.945835e-02;7.380147e-02;2.352431e-02;1.732656e-01;5.054888e-02
2.231956e-02;6.809803e-02;7.540794e-02;1.471731e-01;1.109948e-01;4.729978e-02;5.371225e-02;9.038203e-02;6.128795e-02;3.644006e-02;2.014714e-01;8.541308e-02
2.576300e-02;5.765656e-02;8.773939e-02;1.688576e-01;9.100574e-02;9.427634e-02;2.453839e-02;1.142460e-01;3.332899e-02;2.673868e-02;1.467378e-01;1.291116e-01
2.138844e-02;4.202127e-02;5.763135e-02;1.923279e-01;8.714800e-02;9.774192e-02;4.007968e-02;1.336255e-01;4.410287e-02;3.247806e-02;1.429179e-01;1.085372e-01
2.174385e-02;5.829234e-02;5.388055e-02;1.412664e-01;8.596416e-02;1.024345e-01;3.656728e-02;1.130629e-01;5.748913e-02;5.198005e-02;1.784778e-01;9.884104e-02
2.439969e-02;8.244435e-02;1.411064e-01;1.025518e-01;1.104001e-01;7.474323e-02;4.179351e-02;6.727964e-02;6.913137e-02;3.266422e-02;1.496384e-01;1.038474e-01
1.723924e-02;7.638276e-02;1.509887e-01;2.332411e-01;9.697363e-02;5.501993e-02;2.917149e-02;2.802814e-02;7.430922e-02;2.559582e-02;1.050644e-01;1.079856e-01
1.750351e-02;4.664465e-02;9.858714e-02;2.916986e-01;7.061620e-02;7.140645e-02;7.028181e-02;6.492001e-02;6.009280e-02;1.241887e-02;8.450732e-02;1.113226e-01
3.020696e-02;4.265966e-02;7.378475e-02;2.078356e-01;8.362854e-02;1.173232e-01;6.905152e-02;1.083680e-01;5.559161e-02;1.880220e-02;9.300137e-02;9.974661e-02
3.057369e-02;6.615984e-02;1.189427e-01;1.666992e-01;6.955486e-02;1.173972e-01;2.822996e-02;1.152327e-01;3.341611e-02;2.948092e-02;1.382543e-01;8.605857e-02
2.209380e-02;7.579993e-02;1.226057e-01;1.272144e-01;9.471170e-02;1.099361e-01;2.625714e-02;1.252217e-01;4.146604e-02;3.091694e-02;1.593536e-01;6.442296e-02
1.775466e-02;8.253422e-02;1.167309e-01;7.591774e-02;1.377510e-01;9.957379e-02;3.764936e-02;1.829350e-01;4.825901e-02;4.083410e-02;1.217179e-01;3.834245e-02
3.228794e-02;9.250873e-02;1.046346e-01;1.059909e-01;1.272725e-01;8.906875e-02;2.578465e-02;1.903771e-01;3.280056e-02;5.703984e-02;1.179071e-01;2.432743e-02
2.979528e-02;6.057484e-02;1.014946e-01;8.671688e-02;1.416271e-01;1.703056e-01;2.052916e-02;6.583123e-02;2.222325e-02;3.869738e-02;1.424584e-01;1.197462e-01
3.701160e-02;3.685299e-02;8.343142e-02;1.001677e-01;1.919387e-01;1.823307e-01;1.148410e-02;3.435576e-02;1.650510e-02;1.844768e-02;1.100336e-01;1.774406e-01
3.383081e-02;2.614308e-02;5.641546e-02;1.409640e-01;2.372695e-01;1.775363e-01;1.031333e-02;3.126862e-02;1.615439e-02;1.913076e-02;6.568746e-02;1.852863e-01
1.602075e-02;1.882581e-02;5.036764e-02;1.982254e-01;2.637798e-01;1.249866e-01;1.039686e-02;2.231005e-02;1.362096e-02;2.837114e-02;1.321667e-01;1.209283e-01
7.989920e-03;2.131213e-02;5.528329e-02;3.081017e-01;2.347829e-01;4.959144e-02;1.453338e-02;2.249252e-02;9.904145e-03;2.985972e-02;1.949322e-01;5.121666e-02
9.301471e-03;2.222140e-02;6.476036e-02;3.802898e-01;2.033735e-01;2.450676e-02;1.583786e-02;3.793516e-02;7.629390e-03;1.886577e-02;1.966292e-01;1.864935e-02
6.939909e-03;2.326449e-02;5.939340e-02;3.836113e-01;2.209614e-01;2.884023e-02;1.677641e-02;4.587582e-02;5.870567e-03;2.908635e-02;1.553019e-01;2.407822e-02
7.035460e-03;1.334529e-02;4.952798e-02;3.279921e-01;3.125093e-01;4.742102e-02;1.630501e-02;3.140046e-02;7.041043e-03;4.870784e-02;8.554894e-02;5.316560e-02
4.618977e-03;7.548428e-03;3.056042e-02;2.283689e-01;4.502149e-01;6.274876e-02;1.409390e-02;1.825330e-02;8.449327e-03;4.830845e-02;3.880426e-02;8.803041e-02
7.585305e-03;7.063526e-03;2.080354e-02;1.279517e-01;4.976361e-01;1.402769e-01;1.564663e-02;1.286736e-02;2.497384e-02;2.453231e-02;2.394177e-02;9.672102e-02
1.672356e-02;8.934427e-03;1.155666e-02;7.491168e-02;4.174654e-01;2.542802e-01;2.339249e-02;1.074298e-02;5.327797e-02;1.721798e-02;2.540128e-02;8.609538e-02
5.227991e-02;1.152327e-02;1.584673e-02;5.231256e-02;2.467137e-01;3.902470e-01;2.884796e-02;2.076417e-02;5.686381e-02;5.238559e-02;3.438919e-02;3.782606e-02
7.286398e-02;2.573930e-02;1.946664e-02;5.360548e-02;1.496027e-01;4.085961e-01;3.944981e-02;3.149423e-02;2.938262e-02;9.240056e-02;5.774344e-02;1.965520e-02
5.582827e-02;5.279888e-02;2.717278e-02;4.359455e-02;7.284754e-02;3.151287e-01;1.636893e-01;5.942567e-02;2.028107e-02;7.919762e-02;8.840165e-02;2.163395e-02
2.936965e-02;6.523637e-02;3.720004e-02;4.123304e-02;5.421209e-02;1.896032e-01;2.667874e-01;1.343626e-01;3.096356e-02;2.901631e-02;9.388430e-02;2.813146e-02
1.308756e-02;6.066670e-02;4.633264e-02;4.830984e-02;6.357937e-02;1.931384e-01;2.611608e-01;1.841803e-01;2.932792e-02;1.321018e-02;5.172379e-02;3.528246e-02
9.131270e-03;5.140903e-02;5.472095e-02;6.173553e-02;3.766744e-02;3.640102e-01;1.619441e-01;1.561593e-01;2.515844e-02;1.903749e-02;2.793960e-02;3.108674e-02
1.119896e-02;4.853951e-02;5.237713e-02;8.970943e-02;1.125547e-01;3.948981e-01;5.236156e-02;1.179455e-01;3.061859e-02;2.838591e-02;2.567790e-02;3.573278e-02
1.778902e-02;3.291743e-02;6.348795e-02;1.176413e-01;1.609135e-01;3.055484e-01;7.636254e-02;9.410442e-02;3.880546e-02;2.655824e-02;3.408245e-02;3.178932e-02
2.039883e-02;3.327124e-02;6.777821e-02;1.240790e-01;1.625019e-01;2.690839e-01;1.518008e-01;5.098411e-02;3.373329e-02;2.854255e-02;3.204969e-02;2.577643e-02
1.958969e-02;3.236709e-02;7.279533e-02;1.215479e-01;1.858136e-01;2.084477e-01;1.875772e-01;3.492197e-02;3.223501e-02;2.945661e-02;5.045863e-02;2.478920e-02
1.915137e-02;3.237335e-02;7.377515e-02;1.202593e-01;1.835544e-01;1.722238e-01;1.685710e-01;8.312324e-02;3.009621e-02;2.055274e-02;6.359115e-02;3.272815e-02
2.243736e-02;2.143546e-02;6.522797e-02;1.142078e-01;2.144790e-01;1.382812e-01;1.662383e-01;1.017914e-01;2.725583e-02;2.753350e-02;5.455704e-02;4.655512e-02
2.970136e-02;2.249909e-02;5.978912e-02;7.651857e-02;1.944201e-01;1.828488e-01;1.851007e-01;9.598707e-02;2.544403e-02;2.764573e-02;4.368473e-02;5.636076e-02
2.553559e-02;3.936585e-02;6.406707e-02;4.816441e-02;1.539402e-01;2.884642e-01;1.800355e-01;6.863927e-02;2.546909e-02;2.539729e-02;4.593855e-02;3.498292e-02
2.327677e-02;3.056682e-02;5.548114e-02;4.171229e-02;1.434401e-01;3.132763e-01;1.539825e-01;7.818520e-02;3.097962e-02;3.155057e-02;6.606669e-02;3.148212e-02
1.870023e-02;2.926478e-02;5.475125e-02;6.249283e-02;1.262121e-01;2.822005e-01;1.197520e-01;9.587477e-02;5.247351e-02;2.654184e-02;9.879034e-02;3.294583e-02
2.551509e-02;2.012001e-02;4.132982e-02;6.999277e-02;9.843422e-02;2.962210e-01;9.490620e-02;1.858379e-01;5.344536e-02;1.973703e-02;6.683528e-02;2.762532e-02
2.796469e-02;1.266906e-02;1.935439e-02;7.246577e-02;1.149180e-01;3.807501e-01;1.070623e-01;1.665926e-01;3.264039e-02;1.743965e-02;3.165597e-02;1.648709e-02
2.779075e-02;1.580161e-02;2.562351e-02;7.889560e-02;1.392679e-01;4.020142e-01;1.203327e-01;1.322448e-01;1.540595e-02;1.330027e-02;2.115892e-02;8.163827e-03
2.049174e-02;2.331134e-02;6.176373e-02;6.525040e-02;1.459919e-01;3.790946e-01;1.188890e-01;1.087444e-01;1.756197e-02;1.423284e-02;2.968593e-02;1.498213e-02
1.017150e-02;3.224796e-02;7.329025e-02;6.572671e-02;9.645311e-02;4.221552e-01;8.441303e-02;1.125809e-01;2.838404e-02;2.048721e-02;2.895617e-02;2.513397e-02
1.618785e-02;3.461622e-02;7.701039e-02;8.184365e-02;1.334541e-01;3.824804e-01;6.333562e-02;1.163375e-01;3.234253e-02;1.318621e-02;2.226158e-02;2.694389e-02
1.314254e-02;3.891825e-02;7.465808e-02;8.729182e-02;1.867083e-01;3.241692e-01;1.177491e-01;6.862392e-02;2.613486e-02;1.200612e-02;2.473270e-02;2.586519e-02
2.214407e-02;3.445842e-02;7.200601e-02;6.639142e-02;1.977465e-01;2.350305e-01;1.588064e-01;8.718758e-02;2.899171e-02;2.455316e-02;3.280481e-02;3.987937e-02
3.787316e-02;5.099957e-02;6.168727e-02;4.474059e-02;1.755329e-01;2.484519e-01;1.075518e-01;8.531293e-02;3.230868e-02;4.375115e-02;4.986726e-02;6.192285e-02
3.306888e-02;6.770948e-02;6.177069e-02;8.000354e-02;2.579392e-01;1.678290e-01;4.957548e-02;8.151834e-02;3.527220e-02;4.713874e-02;3.362385e-02;8.455049e-02
9.354184e-03;3.937489e-02;2.938665e-02;1.458763e-01;2.453960e-01;2.127810e-01;6.485795e-02;1.304622e-01;3.828247e-02;2.434320e-02;1.909579e-02;4.078927e-02
1.611417e-02;2.990672e-02;5.081638e-02;1.576882e-01;2.078152e-01;1.865210e-01;5.182532e-02;1.871083e-01;4.632692e-02;1.639307e-02;3.235630e-02;1.712840e-02
2.730207e-02;4.181531e-02;7.466410e-02;1.005272e-01;1.713791e-01;1.279748e-01;9.687088e-02;2.314469e-01;4.477866e-02;3.422606e-02;2.599965e-02;2.301531e-02
2.836243e-02;7.678227e-02;7.753643e-02;5.223914e-02;8.740946e-02;1.309582e-01;1.638551e-01;2.417772e-01;6.288324e-02;4.094186e-02;2.362926e-02;1.362542e-02
7.024929e-02;1.060264e-01;6.246587e-02;3.641515e-02;3.576691e-02;1.652097e-01;1.775151e-01;1.944944e-01;5.345826e-02;4.532073e-02;2.176051e-02;3.131779e-02
1.277393e-01;9.500846e-02;3.780353e-02;3.444670e-02;3.819529e-02;2.168351e-01;1.381186e-01;1.173177e-01;7.049590e-02;4.080413e-02;1.743423e-02;6.580102e-02
1.172852e-01;4.693325e-02;3.760276e-02;4.382778e-02;1.246093e-01;2.030955e-01;6.569729e-02;5.391837e-02;1.304380e-01;2.589535e-02;2.338353e-02;1.273137e-01
6.724460e-02;1.505670e-02;3.061858e-02;3.752045e-02;2.146655e-01;1.082930e-01;4.148393e-02;3.006396e-02;1.913036e-01;1.886620e-02;3.157847e-02;2.133051e-01
4.067457e-02;1.701434e-02;2.265390e-02;2.094398e-02;2.481699e-01;7.521355e-02;4.229572e-02;2.340673e-02;1.805935e-01;2.108554e-02;4.878117e-02;2.591672e-01
2.114491e-02;3.532927e-02;4.895827e-02;4.802502e-02;1.901156e-01;1.029785e-01;3.644833e-02;7.462836e-02;1.070295e-01;2.954373e-02;9.820796e-02;2.075905e-01
2.311162e-02;5.813073e-02;7.883121e-02;4.674271e-02;1.336440e-01;1.002045e-01;6.966596e-02;1.061253e-01;7.858494e-02;3.875515e-02;1.195731e-01;1.466307e-01
2.646210e-02;7.207678e-02;7.201616e-02;6.580026e-02;1.555632e-01;1.843836e-01;1.053017e-01;7.561672e-02;6.973298e-02;2.541352e-02;5.128143e-02;9.635145e-02
3.253115e-02;6.539837e-02;8.442331e-02;7.464846e-02;1.625852e-01;2.351112e-01;1.046727e-01;7.342925e-02;5.682575e-02;2.728014e-02;1.112647e-02;7.196794e-02
2.363819e-02;5.722653e-02;6.306119e-02;6.027216e-02;1.376076e-01;2.467179e-01;1.338468e-01;6.505490e-02;5.005790e-02;1.172601e-02;3.559957e-02;1.151912e-01
2.669323e-02;5.090064e-02;4.239781e-02;3.779928e-02;1.078634e-01;2.645973e-01;1.603768e-01;9.381698e-02;6.388465e-02;1.190589e-02;3.973124e-02;1.000327e-01
3.969273e-02;5.185038e-02;4.480956e-02;4.385366e-02;1.146023e-01;2.360999e-01;1.271224e-01;7.703791e-02;8.620073e-02;2.331242e-02;3.410164e-02;1.213164e-01
5.191800e-02;6.584442e-02;8.323147e-02;4.005940e-02;1.160564e-01;1.614360e-01;8.234762e-02;4.382157e-02;8.589932e-02;2.477046e-02;4.833406e-02;1.962813e-01
6.619889e-02;5.860456e-02;8.874284e-02;3.123374e-02;1.120217e-01;1.700324e-01;6.026595e-02;6.540120e-02;7.035443e-02;2.339097e-02;8.634616e-02;1.674071e-01
5.988154e-02;6.090797e-02;4.587926e-02;3.238104e-02;9.494858e-02;1.785312e-01;8.497236e-02;7.620876e-02;1.091306e-01;4.541030e-02;5.190991e-02;1.598385e-01
8.873238e-02;4.903663e-02;4.474013e-02;2.637200e-02;1.020996e-01;1.552946e-01;8.536281e-02;7.219864e-02;1.410571e-01;4.234136e-02;2.388701e-02;1.688776e-01
7.159057e-02;2.750275e-02;3.499913e-02;2.064317e-02;1.413797e-01;1.269248e-01;6.950816e-02;5.008535e-02;1.719658e-01;3.062361e-02;2.049994e-02;2.342770e-01
4.439570e-02;1.581522e-02;3.440933e-02;2.399280e-02;1.818317e-01;8.039735e-02;5.517384e-02;3.080021e-02;1.701703e-01;1.750014e-02;1.641279e-02;3.291006e-01
4.097554e-02;9.183938e-03;3.075506e-02;2.180879e-02;1.966687e-01;8.533770e-02;5.598328e-02;2.198226e-02;1.211892e-01;1.877289e-02;2.467152e-02;3.726712e-01
2.766361e-02;1.152376e-02;3.247149e-02;3.068290e-02;2.129647e-01;7.033294e-02;6.081805e-02;2.141205e-02;1.009240e-01;1.739297e-02;3.091806e-02;3.828954e-01
2.299556e-02;2.368796e-02;5.478926e-02;4.855070e-02;1.866161e-01;1.009894e-01;4.950704e-02;2.974765e-02;8.303171e-02;2.185798e-02;6.688437e-02;3.113422e-01
2.872068e-02;4.978585e-02;9.533051e-02;5.749141e-02;1.469065e-01;9.956981e-02;3.948548e-02;6.542814e-02;7.035920e-02;4.063866e-02;8.835522e-02;2.179285e-01
2.184541e-02;8.084765e-02;9.446245e-02;9.599413e-02;1.164096e-01;1.044843e-01;4.893883e-02;1.261588e-01;4.278498e-02;3.992001e-02;1.561457e-01;7.200827e-02
1.306182e-02;7.522528e-02;5.891724e-02;1.376377e-01;1.005927e-01;9.107212e-02;3.234785e-02;1.437385e-01;2.663096e-02;2.649164e-02;2.017339e-01;9.255033e-02
2.010348e-02;7.660007e-02;4.765690e-02;1.431878e-01;8.375071e-02;7.896048e-02;1.675548e-02;1.515027e-01;3.234014e-02;3.006849e-02;2.182762e-01;1.007975e-01
2.191322e-02;7.163022e-02;6.939065e-02;1.391188e-01;6.782468e-02;6.308017e-02;2.534132e-02;1.475691e-01;3.656447e-02;3.510717e-02;2.199884e-01;1.024718e-01
3.071347e-02;6.072553e-02;8.779550e-02;1.549654e-01;7.958753e-02;9.166670e-02;2.937066e-02;1.242384e-01;3.398518e-02;3.272309e-02;1.833940e-01;9.083454e-02
3.281384e-02;4.406322e-02;8.702901e-02;1.707443e-01;1.239357e-01;1.457582e-01;4.682085e-02;8.415768e-02;5.737516e-02;2.866257e-02;1.219276e-01;5.671193e-02
3.402888e-02;6.648506e-02;1.262374e-01;1.540443e-01;1.441770e-01;1.483369e-01;5.187469e-02;6.571589e-02;5.105375e-02;2.417251e-02;9.106953e-02;4.280400e-02
2.783082e-02;7.509953e-02;1.768629e-01;1.645110e-01;1.428849e-01;9.088603e-02;4.299662e-02;5.290757e-02;3.515576e-02;1.895459e-02;6.722879e-02;1.046815e-01
2.476606e-02;6.851321e-02;1.636518e-01;1.390756e-01;1.698132e-01;1.047016e-01;3.383487e-02;4.631428e-02;4.022715e-02;1.801315e-02;8.057352e-02;1.105156e-01
2.657455e-02;8.984011e-02;1.072804e-01;1.025104e-01;1.770254e-01;7.586059e-02;3.553146e-02;7.198688e-02;4.413610e-02;1.929182e-02;1.381405e-01;1.118219e-01
2.704120e-02;9.920556e-02;4.241723e-02;8.088712e-02;1.375130e-01;9.604880e-02;2.588803e-02;1.097404e-01;5.704297e-02;2.990134e-02;1.816034e-01;1.127109e-01
1.967984e-02;8.449002e-02;6.451643e-02;6.426416e-02;7.467652e-02;1.533555e-01;3.035734e-02;1.211369e-01;5.609131e-02;2.418845e-02;1.857427e-01;1.215008e-01
1.060928e-02;7.167611e-02;3.960870e-02;8.203187e-02;7.447692e-02;1.800334e-01;3.665755e-02;1.160176e-01;6.116924e-02;2.192876e-02;1.954844e-01;1.103061e-01
2.846271e-02;7.622534e-02;1.062292e-01;8.526906e-02;8.845660e-02;1.646294e-01;4.351535e-02;1.037674e-01;6.204034e-02;1.422745e-02;1.689724e-01;5.820465e-02
3.879603e-02;7.659446e-02;1.448302e-01;7.470880e-02;1.145090e-01;1.411332e-01;4.416253e-02;9.905746e-02;4.680343e-02;1.774784e-02;1.217747e-01;7.988232e-02
3.161939e-02;7.774460e-02;1.264746e-01;7.238588e-02;1.007186e-01;1.680059e-01;6.126916e-02;9.971385e-02;6.411420e-02;2.198507e-02;1.006638e-01;7.530502e-02
2.528254e-02;6.443331e-02;6.419197e-02;8.672673e-02;8.802284e-02;2.044595e-01;5.940560e-02;1.038616e-01;7.883731e-02;2.497640e-02;1.041277e-01;9.567443e-02
3.226394e-02;7.560330e-02;1.194195e-01;1.020414e-01;6.678825e-02;1.461099e-01;6.149663e-02;9.228818e-02;7.186619e-02;3.008631e-02;1.251354e-01;7.690112e-02
1.565109e-02;9.330843e-02;1.630676e-01;1.046386e-01;3.616885e-02;9.175774e-02;7.329199e-02;9.899610e-02;7.348982e-02;2.663425e-02;1.522783e-01;7.071730e-02
2.790212e-02;7.093159e-02;8.657672e-02;6.933295e-02;6.765761e-02;1.723686e-01;6.413344e-02;1.131963e-01;5.968962e-02;1.631334e-02;1.223573e-01;1.295405e-01
2.584356e-02;6.220762e-02;6.426186e-02;5.323046e-02;7.942756e-02;1.590180e-01;7.210881e-02;1.346140e-01;6.064290e-02;2.156005e-02;9.708828e-02;1.699969e-01
2.060289e-02;8.207261e-02;1.496396e-01;5.021438e-02;6.553008e-02;1.113836e-01;6.627232e-02;1.415953e-01;5.671169e-02;2.936764e-02;8.266349e-02;1.439465e-01
2.144631e-02;8.077117e-02;1.824739e-01;5.671813e-02;6.124426e-02;1.278125e-01;6.012401e-02;1.333767e-01;5.674470e-02;2.619998e-02;7.649178e-02;1.165966e-01
1.489350e-02;5.969841e-02;1.067392e-01;6.559891e-02;8.385426e-02;1.581031e-01;4.489405e-02;1.861114e-01;8.892711e-02;2.725478e-02;6.326874e-02;1.006565e-01
1.226283e-02;3.416954e-02;5.306983e-02;3.895537e-02;6.254404e-02;3.683276e-01;2.861535e-02;1.896745e-01;7.013220e-02;3.417632e-02;4.324646e-02;6.482589e-02
1.966763e-02;3.506693e-02;5.723294e-02;2.669324e-02;4.088469e-02;4.930698e-01;3.424977e-02;1.371580e-01;3.532822e-02;3.920610e-02;3.350714e-02;4.793556e-02
2.112841e-02;3.404810e-02;4.233538e-02;2.588062e-02;2.766259e-02;5.708898e-01;3.727670e-02;1.188956e-01;2.367903e-02;3.750496e-02;2.894607e-02;3.175272e-02
9.446440e-03;2.375563e-02;3.415776e-02;2.391716e-02;2.075768e-02;6.253743e-01;2.730242e-02;1.302690e-01;2.104299e-02;3.446419e-02;3.050364e-02;1.900882e-02
8.681349e-03;2.169567e-02;1.436569e-02;2.472078e-02;3.131845e-02;6.301058e-01;2.953942e-02;1.458676e-01;2.137811e-02;2.736643e-02;2.697664e-02;1.798403e-02
7.629579e-03;2.568110e-02;2.860272e-02;2.396214e-02;3.552196e-02;5.259642e-01;5.601249e-02;1.924229e-01;4.786490e-02;1.996803e-02;1.906031e-02;1.730969e-02
1.647248e-02;2.623408e-02;2.144756e-02;2.173526e-02;3.266950e-02;4.021668e-01;8.458742e-02;2.434880e-01;1.020841e-01;1.843318e-02;1.844282e-02;1.223882e-02
1.765922e-02;4.017424e-02;4.014997e-02;2.768646e-02;4.139048e-02;3.729212e-01;6.926303e-02;2.229731e-01;1.212517e-01;1.620058e-02;1.438166e-02;1.594841e-02
1.842856e-02;5.262350e-02;5.504502e-02;2.639119e-02;6.025343e-02;3.764671e-01;7.311114e-02;1.926317e-01;9.768312e-02;1.403275e-02;1.266024e-02;2.067228e-02
1.388784e-02;6.605797e-02;7.546199e-02;2.043069e-02;5.010746e-02;1.648772e-01;1.173993e-01;3.749994e-01;5.057645e-02;8.825554e-03;1.930274e-02;3.807338e-02
3.690901e-03;3.813938e-02;8.802786e-02;1.488196e-02;2.697591e-02;1.849031e-01;5.685576e-02;4.650982e-01;5.536360e-02;6.662262e-03;1.448216e-02;4.491890e-02
5.702790e-03;2.118054e-02;1.121695e-01;9.253666e-03;1.425762e-02;1.924535e-01;2.355752e-02;5.004224e-01;7.631065e-02;5.534044e-03;9.130060e-03;3.002759e-02
6.192775e-03;1.492588e-02;1.343726e-01;9.489920e-03;1.324477e-02;1.462088e-01;2.378472e-02;5.322177e-01;8.249091e-02;7.990322e-03;7.231617e-03;2.184994e-02
5.386044e-03;2.307457e-02;1.576544e-01;1.324129e-02;2.036326e-02;6.346529e-02;1.572453e-02;5.815241e-01;7.876992e-02;1.084241e-02;9.818024e-03;2.013617e-02
8.381273e-03;2.170802e-02;1.323996e-01;1.704372e-02;2.700649e-02;1.303706e-01;2.548919e-02;5.301528e-01;6.468584e-02;1.414414e-02;8.533882e-03;2.008445e-02
9.606212e-03;2.625620e-02;1.124811e-01;4.010533e-02;6.204271e-02;2.017013e-01;5.171793e-02;3.324990e-01;8.171020e-02;4.550236e-02;1.898741e-02;1.739028e-02
1.417089e-02;4.343777e-02;8.915371e-02;5.681285e-02;1.100321e-01;1.882838e-01;6.195870e-02;1.798523e-01;9.465966e-02;1.065554e-01;3.631542e-02;1.876749e-02
1.291191e-02;6.640534e-02;5.744004e-02;4.874684e-02;1.766731e-01;1.411192e-01;5.819455e-02;7.283515e-02;8.092716e-02;1.986424e-01;6.823201e-02;1.787232e-02
1.089838e-02;1.041946e-01;2.305676e-02;2.514379e-02;2.580087e-01;7.494915e-02;2.857769e-02;6.953538e-02;4.284883e-02;2.925733e-01;6.027947e-02;9.933905e-03
1.316337e-02;1.152065e-01;2.704062e-02;2.348403e-02;2.740435e-01;4.937446e-02;3.014991e-02;8.178045e-02;4.827381e-02;2.954503e-01;2.789982e-02;1.413331e-02
1.043890e-02;8.166723e-02;3.599376e-02;2.846220e-02;2.380586e-01;7.881154e-02;3.581778e-02;1.195430e-01;6.629135e-02;2.687162e-01;2.263043e-02;1.356900e-02
6.995158e-03;4.564467e-02;2.764275e-02;1.446443e-02;2.025607e-01;1.109198e-01;3.818097e-02;1.550401e-01;1.340542e-01;2.347545e-01;1.709050e-02;1.265224e-02
5.802136e-03;2.969439e-02;2.554987e-02;2.212792e-02;1.857640e-01;1.307911e-01;4.083342e-02;1.562334e-01;1.656898e-01;2.054784e-01;2.177636e-02;1.025901e-02
5.894575e-03;2.629356e-02;3.586429e-02;4.376383e-02;1.330349e-01;1.713355e-01;6.224266e-02;1.470624e-01;2.159348e-01;1.187100e-01;2.708229e-02;1.278124e-02
6.034529e-03;2.146273e-02;2.935422e-02;4.204346e-02;6.196889e-02;1.349584e-01;6.251126e-02;3.295750e-01;2.308163e-01;5.615447e-02;1.255939e-02;1.256131e-02
3.482057e-03;2.941520e-02;3.819772e-02;2.466347e-02;4.620950e-02;1.035732e-01;4.663289e-02;4.511976e-01;1.887833e-01;4.656653e-02;6.167016e-03;1.511153e-02
4.049558e-03;3.819961e-02;4.579498e-02;1.509936e-02;6.231849e-02;9.142891e-02;3.971995e-02;4.440045e-01;1.707766e-01;5.704551e-02;1.964041e-02;1.192216e-02
5.905126e-03;4.576838e-02;3.850657e-02;1.209417e-02;8.440857e-02;2.119723e-01;5.249779e-02;2.773187e-01;1.468184e-01;7.796893e-02;3.448663e-02;1.225457e-02
6.236154e-03;4.128059e-02;2.597616e-02;8.795385e-03;6.723431e-02;2.698512e-01;4.360160e-02;3.399740e-01;9.638195e-02;6.570640e-02;2.285605e-02;1.210627e-02
6.170258e-03;2.490058e-02;2.183290e-02;5.976974e-03;5.888813e-02;2.564439e-01;3.655729e-02;4.431915e-01;5.298523e-02;5.771518e-02;2.110167e-02;1.423640e-02
7.003563e-03;1.415902e-02;3.333264e-02;1.371552e-02;5.675430e-02;1.752502e-01;2.785988e-02;4.655801e-01;1.103882e-01;6.121692e-02;1.529931e-02;1.944037e-02
5.641991e-03;1.554342e-02;4.866412e-02;3.576457e-02;4.758269e-02;1.471689e-01;3.614422e-02;3.924890e-01;1.612018e-01;7.084735e-02;1.147459e-02;2.747730e-02
5.600601e-03;2.012680e-02;8.059993e-02;4.566050e-02;5.284452e-02;1.969671e-01;6.596716e-02;1.786309e-01;2.434701e-01;6.417028e-02;8.855803e-03;3.710622e-02
8.198678e-03;2.057361e-02;1.291849e-01;5.330414e-02;3.623917e-02;1.473481e-01;4.706287e-02;2.729988e-01;1.940492e-01;3.942511e-02;5.712371e-03;4.590297e-02
6.018700e-03;1.468628e-02;2.312234e-01;4.219221e-02;2.347240e-02;9.850103e-02;2.148370e-02;3.442107e-01;1.289878e-01;3.318348e-02;4.268045e-03;5.177224e-02
8.945174e-03;1.613289e-02;3.449475e-01;3.143785e-02;1.625717e-02;4.679130e-02;8.009468e-03;3.724764e-01;6.538089e-02;3.445333e-02;6.156790e-03;4.901135e-02
1.644285e-02;1.589391e-02;3.923133e-01;3.017904e-02;8.231102e-03;5.070901e-02;1.719001e-02;3.595820e-01;2.795609e-02;3.621314e-02;1.297365e-02;3.231582e-02
2.169441e-02;3.340328e-02;3.409562e-01;1.365149e-02;1.002632e-02;7.146242e-02;3.808565e-02;3.505256e-01;4.251676e-02;2.655771e-02;2.173892e-02;2.938122e-02
2.118604e-02;6.339826e-02;2.468237e-01;2.243067e-02;1.212962e-02;6.610910e-02;5.836951e-02;3.747120e-01;5.819618e-02;1.903689e-02;3.819603e-02;1.941197e-02
1.752082e-02;7.724989e-02;2.077705e-01;1.348664e-02;2.933487e-02;5.155620e-02;7.488500e-02;3.751945e-01;6.723649e-02;1.986852e-02;4.253175e-02;2.336472e-02
1.385363e-02;6.401191e-02;2.138810e-01;1.965213e-02;3.506840e-02;6.285043e-02;6.660138e-02;3.763801e-01;4.609261e-02;2.266595e-02;5.209754e-02;2.684494e-02
1.380644e-02;3.786152e-02;2.720710e-01;1.425732e-02;1.624733e-02;8.668676e-02;5.102229e-02;3.599762e-01;3.550697e-02;4.982383e-02;2.361925e-02;3.912103e-02
1.068055e-02;1.418746e-02;3.743679e-01;1.418898e-02;1.671094e-02;5.352213e-02;2.713019e-02;3.162040e-01;2.182555e-02;7.235515e-02;1.396356e-02;6.486368e-02
8.814876e-03;2.571051e-02;4.391593e-01;4.966124e-03;1.315287e-02;2.129272e-02;2.247647e-02;2.736438e-01;2.533549e-02;7.038631e-02;1.003530e-02;8.502625e-02
9.733092e-03;4.730052e-02;4.477582e-01;9.311189e-03;1.376666e-02;1.878519e-02;3.082894e-02;2.480594e-01;3.275027e-02;5.200145e-02;7.592534e-03;8.211256e-02
1.104854e-02;4.321205e-02;3.977476e-01;1.924747e-02;1.580724e-02;4.562245e-02;7.124227e-02;2.603469e-01;2.543341e-02;3.304092e-02;8.485229e-03;6.876594e-02
1.420198e-02;3.861982e-02;2.837047e-01;2.808479e-02;2.246353e-02;1.022206e-01;1.209292e-01;2.663504e-01;3.198510e-02;2.766322e-02;1.490963e-02;4.886709e-02
1.322192e-02;3.965632e-02;1.769584e-01;2.784901e-02;2.708260e-02;1.685524e-01;1.136520e-01;2.928015e-01;6.550231e-02;2.609723e-02;1.591795e-02;3.270837e-02
5.400470e-03;2.429320e-02;1.009364e-01;2.731909e-02;2.527157e-02;2.873312e-01;7.055839e-02;3.253489e-01;5.517144e-02;2.905772e-02;1.830999e-02;3.100160e-02
9.656833e-03;2.656491e-02;6.830508e-02;1.774806e-02;2.497276e-02;3.417526e-01;4.411092e-02;3.528566e-01;4.022596e-02;2.471180e-02;1.673500e-02;3.235942e-02
1.198661e-02;3.727470e-02;1.255756e-01;1.795621e-02;2.509619e-02;2.511486e-01;2.383729e-02;3.667046e-01;7.094362e-02;1.852430e-02;1.799350e-02;3.295865e-02
1.576269e-02;3.201354e-02;1.725361e-01;2.845756e-02;2.247585e-02;1.377961e-01;4.841257e-02;3.650850e-01;9.581345e-02;2.165521e-02;1.601475e-02;4.397707e-02
1.392381e-02;3.038807e-02;1.802146e-01;4.020192e-02;1.586428e-02;7.663830e-02;5.247321e-02;3.920721e-01;1.021610e-01;3.201646e-02;1.030927e-02;5.373701e-02
7.606372e-03;4.688204e-02;1.298597e-01;3.010294e-02;1.403070e-02;1.294565e-01;2.894613e-02;3.783945e-01;8.102715e-02;5.093593e-02;1.690537e-02;8.585261e-02
6.417259e-03;6.580064e-02;1.211443e-01;1.428738e-02;1.438033e-02;1.296277e-01;1.341776e-01;3.036489e-01;6.229322e-02;4.551329e-02;2.243388e-02;8.027549e-02
7.174162e-03;7.507531e-02;1.124437e-01;6.365897e-03;2.051519e-02;1.762524e-01;1.890142e-01;2.579962e-01;5.373455e-02;3.441153e-02;1.309780e-02;5.391910e-02
1.422832e-02;6.943791e-02;1.547509e-01;7.204474e-03;2.334482e-02;2.695532e-01;1.180310e-01;2.261053e-01;3.780360e-02;3.151487e-02;1.029998e-02;3.772572e-02
3.245984e-02;4.009940e-02;1.916444e-01;1.070751e-02;2.103242e-02;3.575050e-01;5.297080e-02;1.976219e-01;3.138869e-02;2.402900e-02;8.214602e-03;3.232643e-02
4.463324e-02;3.069830e-02;1.674063e-01;1.006506e-02;1.864029e-02;3.525452e-01;3.556984e-02;2.389558e-01;4.685687e-02;2.113948e-02;7.876227e-03;2.561331e-02
3.912105e-02;3.354444e-02;1.143729e-01;1.802685e-02;4.229366e-02;2.972277e-01;3.223007e-02;3.001653e-01;5.686902e-02;2.908303e-02;1.120508e-02;2.586091e-02
1.504132e-02;3.246781e-02;8.345465e-02;2.040476e-02;5.843841e-02;2.899690e-01;3.237504e-02;3.029557e-01;7.466367e-02;2.555171e-02;1.731175e-02;4.736626e-02
6.771503e-03;2.231309e-02;1.361724e-01;1.785677e-02;6.991168e-02;1.578287e-01;5.832293e-02;3.485935e-01;5.457842e-02;2.804068e-02;2.193676e-02;7.767368e-02
8.376057e-03;3.121568e-02;1.677210e-01;1.870446e-02;5.274602e-02;2.289024e-01;4.391989e-02;3.204293e-01;3.340735e-02;2.410969e-02;1.271648e-02;5.775157e-02
9.294436e-03;3.280339e-02;1.965059e-01;1.978434e-02;4.857552e-02;1.770597e-01;4.302528e-02;3.597902e-01;3.296009e-02;2.501815e-02;1.513101e-02;4.005212e-02
1.927084e-02;3.347761e-02;1.983076e-01;2.317933e-02;4.067715e-02;1.782990e-01;4.353336e-02;3.212893e-01;6.246557e-02;2.747662e-02;1.112160e-02;4.090203e-02
3.426610e-02;2.973475e-02;1.705963e-01;1.875993e-02;3.263406e-02;2.847583e-01;4.757556e-02;2.091429e-01;7.798081e-02;4.289159e-02;1.562215e-02;3.603753e-02
3.203388e-02;3.993243e-02;1.823231e-01;1.916916e-02;2.606335e-02;1.948836e-01;7.536805e-02;1.869399e-01;8.920625e-02;5.851133e-02;3.375246e-02;6.181664e-02
1.726982e-02;2.868521e-02;1.747883e-01;2.899571e-02;1.914122e-02;7.020357e-02;4.968197e-02;3.778090e-01;9.606869e-02;3.840984e-02;1.976555e-02;7.918119e-02
7.257514e-03;7.602206e-03;1.399757e-01;3.926521e-02;1.789661e-02;1.280227e-01;2.285230e-02;4.388118e-01;8.339244e-02;4.253581e-02;3.963836e-03;6.842388e-02
2.671325e-03;9.894684e-03;1.473634e-01;2.622765e-02;1.801436e-02;1.334002e-01;3.073034e-02;4.404273e-01;6.843688e-02;6.714541e-02;3.087807e-03;5.260064e-02
2.867761e-03;1.099560e-02;1.778335e-01;1.423306e-02;1.381294e-02;1.393513e-01;2.202373e-02;4.396560e-01;5.301601e-02;8.477005e-02;2.294620e-03;3.914544e-02
2.940626e-03;8.857286e-03;1.997121e-01;7.716191e-03;1.211843e-02;9.068152e-02;3.186426e-02;4.782279e-01;3.471297e-02;9.806642e-02;4.366082e-03;3.073626e-02
2.171583e-03;9.413086e-03;1.817714e-01;6.183827e-03;9.781407e-03;8.821097e-02;3.725554e-02;4.765184e-01;5.569686e-02;1.032414e-01;5.635638e-03;2.411989e-02
3.420163e-03;2.253491e-02;1.589122e-01;1.240329e-02;1.559297e-02;1.100790e-01;5.587880e-02;4.304505e-01;6.783120e-02;9.323724e-02;1.282205e-02;1.683779e-02
9.360725e-03;4.210071e-02;1.436880e-01;2.646320e-02;2.622241e-02;1.237383e-01;8.168951e-02;3.925170e-01;4.269893e-02;7.517966e-02;1.927286e-02;1.706866e-02
9.696909e-03;4.622154e-02;1.069499e-01;3.889622e-02;3.414185e-02;1.147704e-01;8.358345e-02;3.855483e-01;7.959417e-02;5.535625e-02;1.494421e-02;3.029682e-02
9.489948e-03;4.423812e-02;7.703961e-02;2.642013e-02;3.282219e-02;1.397792e-01;7.225306e-02;4.218006e-01;9.813501e-02;4.373476e-02;1.554379e-02;1.874357e-02
1.339339e-02;4.520849e-02;7.493667e-02;2.085983e-02;2.988674e-02;2.230062e-01;8.297175e-02;3.195784e-01;1.063449e-01;4.155165e-02;3.044655e-02;1.181542e-02
1.385972e-02;4.247146e-02;1.049188e-01;2.445808e-02;4.449557e-02;3.015510e-01;7.223669e-02;2.112073e-01;1.043877e-01;4.164422e-02;3.102089e-02;7.748492e-03
7.053772e-03;2.488439e-02;1.292055e-01;2.725900e-02;4.186322e-02;3.818682e-01;3.305913e-02;2.193397e-01;7.461607e-02;2.828079e-02;2.095087e-02;1.161937e-02
8.426526e-03;2.347027e-02;1.294032e-01;2.261294e-02;2.208309e-02;4.428568e-01;8.167032e-02;1.788674e-01;4.153902e-02;2.528745e-02;1.208571e-02;1.169719e-02
1.179217e-02;2.081423e-02;7.798009e-02;1.218868e-02;1.528876e-02;4.590918e-01;1.105455e-01;2.328031e-01;2.062977e-02;2.204457e-02;5.985947e-03;1.083529e-02
1.952993e-02;1.375510e-02;2.688965e-02;1.073933e-02;1.376536e-02;5.290085e-01;5.883586e-02;2.618840e-01;3.194141e-02;2.039892e-02;3.519144e-03;9.732742e-03
2.991846e-02;1.341891e-02;4.393938e-02;6.412112e-03;1.450841e-02;5.628636e-01;2.767380e-02;2.322978e-01;3.027966e-02;2.069633e-02;6.064424e-03;1.192715e-02
3.142213e-02;2.096952e-02;5.901590e-02;8.375538e-03;3.061558e-02;5.747028e-01;1.732418e-02;1.683734e-01;2.896499e-02;2.414238e-02;5.136231e-03;3.095735e-02
1.498204e-02;1.811805e-02;7.255352e-02;1.318494e-02;5.224052e-02;5.337301e-01;1.461715e-02;1.598955e-01;4.429847e-02;2.127300e-02;7.441835e-03;4.766489e-02
6.066978e-03;2.405176e-02;1.094768e-01;2.165484e-02;6.560545e-02;4.921873e-01;3.191585e-02;1.091314e-01;5.136140e-02;1.388621e-02;1.436050e-02;6.030144e-02
8.320346e-03;1.883937e-02;1.381460e-01;4.088451e-02;6.984210e-02;4.059665e-01;2.663844e-02;1.387923e-01;4.551679e-02;1.540173e-02;2.656399e-02;6.508801e-02
1.057580e-02;4.582064e-02;2.236535e-01;8.428412e-02;6.757265e-02;2.069028e-01;2.608790e-02;1.484127e-01;4.930222e-02;2.379531e-02;6.247231e-02;5.112004e-02
9.122347e-03;5.970889e-02;2.707000e-01;1.074854e-01;4.176299e-02;1.779049e-01;1.416368e-02;1.352967e-01;4.591167e-02;2.263077e-02;8.586806e-02;2.944455e-02
6.990761e-03;5.837731e-02;2.588387e-01;1.096680e-01;3.621652e-02;2.569753e-01;1.091345e-02;1.126099e-01;3.497779e-02;2.231420e-02;7.582302e-02;1.629516e-02
6.952929e-03;7.331306e-02;2.791723e-01;1.268045e-01;4.393825e-02;2.050751e-01;9.926830e-03;1.002466e-01;3.396874e-02;2.290532e-02;7.955586e-02;1.814046e-02
5.717936e-03;6.268492e-02;2.435692e-01;1.118810e-01;3.104737e-02;2.731086e-01;2.046351e-02;1.082679e-01;3.076123e-02;1.552186e-02;7.032076e-02;2.665574e-02
9.655891e-03;7.549969e-02;2.172074e-01;9.533961e-02;2.326324e-02;2.917608e-01;2.205186e-02;1.091574e-01;4.010969e-02;2.941066e-02;6.120076e-02;2.534300e-02
1.081529e-02;7.223887e-02;2.043935e-01;9.872667e-02;2.364224e-02;1.933063e-01;2.727751e-02;1.678615e-01;6.235424e-02;5.047359e-02;6.556717e-02;2.334318e-02
9.886614e-03;4.275474e-02;1.627302e-01;1.228642e-01;4.012023e-02;1.734005e-01;3.262643e-02;2.163851e-01;4.765366e-02;4.608188e-02;8.728841e-02;1.820810e-02
8.680680e-03;3.223436e-02;1.417746e-01;1.512436e-01;4.896161e-02;1.899237e-01;3.238307e-02;2.077183e-01;3.878574e-02;2.543429e-02;1.098251e-01;1.303508e-02
8.036003e-03;3.250442e-02;1.255507e-01;1.676159e-01;5.318301e-02;2.019407e-01;2.243682e-02;2.175090e-01;3.599836e-02;1.255311e-02;1.159647e-01;6.707286e-03
6.487675e-03;2.342217e-02;9.541342e-02;1.654979e-01;5.179229e-02;2.187378e-01;1.380551e-02;2.733403e-01;3.050904e-02;1.065751e-02;1.056258e-01;4.710479e-03
4.593509e-03;2.040030e-02;8.551671e-02;1.689011e-01;5.309423e-02;1.801676e-01;1.766315e-02;3.078316e-01;3.326451e-02;1.772902e-02;1.049605e-01;5.877764e-03
4.379620e-03;2.166727e-02;7.990979e-02;1.715877e-01;5.164825e-02;1.362029e-01;2.316471e-02;3.377002e-01;3.590428e-02;2.334724e-02;1.104701e-01;4.017869e-03
3.365796e-03;2.304158e-02;6.364767e-02;1.689830e-01;5.827234e-02;1.014863e-01;2.665650e-02;3.865990e-01;3.942747e-02;1.559003e-02;1.052619e-01;7.668465e-03
2.727006e-03;2.766269e-02;5.850041e-02;1.805193e-01;9.385251e-02;8.911983e-02;2.129457e-02;3.677678e-01;3.719117e-02;1.824241e-02;9.329398e-02;9.828301e-03
2.686579e-03;2.970496e-02;5.820959e-02;2.003941e-01;1.390385e-01;1.638547e-01;1.109132e-02;2.717707e-01;2.654132e-02;2.624232e-02;5.899615e-02;1.146973e-02
4.838698e-03;3.008512e-02;6.601543e-02;2.262675e-01;1.790161e-01;1.381790e-01;1.728382e-02;1.981489e-01;2.216702e-02;5.781616e-02;4.416376e-02;1.601855e-02
5.532429e-03;2.798284e-02;5.806318e-02;2.229775e-01;2.135327e-01;1.075227e-01;1.486532e-02;1.439632e-01;2.778311e-02;8.737593e-02;5.652769e-02;3.387337e-02
1.082703e-02;2.569563e-02;3.931761e-02;1.979417e-01;2.699861e-01;5.962930e-02;4.297769e-02;1.057513e-01;3.254575e-02;9.241834e-02;5.040935e-02;7.250024e-02
2.000428e-02;1.797619e-02;5.314065e-02;1.154058e-01;2.779357e-01;1.128283e-01;8.969090e-02;7.554743e-02;6.954412e-02;4.052125e-02;1.933427e-02;1.080711e-01
3.060515e-02;1.047549e-02;5.133007e-02;3.576699e-02;2.171376e-01;2.645072e-01;7.779709e-02;8.317395e-02;8.774085e-02;1.905221e-02;2.276875e-02;9.964460e-02
4.896703e-02;9.809050e-03;4.834397e-02;1.640605e-02;1.479088e-01;4.256836e-01;3.342400e-02;1.086356e-01;6.199515e-02;2.891096e-02;2.779526e-02;4.212059e-02
6.248193e-02;1.587487e-02;4.115230e-02;2.402735e-02;9.858663e-02;5.056205e-01;3.337481e-02;1.076138e-01;3.339584e-02;4.503878e-02;1.965509e-02;1.317803e-02
5.739443e-02;2.119969e-02;3.259921e-02;4.916679e-02;5.554757e-02;5.129965e-01;5.334165e-02;1.245272e-01;1.943326e-02;5.751328e-02;1.016998e-02;6.110458e-03
3.902324e-02;2.842779e-02;3.560182e-02;6.344731e-02;4.111219e-02;4.819700e-01;8.342413e-02;1.427971e-01;2.473893e-02;4.825059e-02;4.920918e-03;6.285957e-03
3.040588e-02;3.648751e-02;5.563249e-02;6.002183e-02;5.352780e-02;4.154576e-01;8.362629e-02;1.459516e-01;4.311576e-02;5.411473e-02;1.631415e-02;5.344350e-03
2.726461e-02;3.294368e-02;6.719973e-02;4.654288e-02;1.891394e-02;4.200936e-01;5.469401e-02;1.732681e-01;4.378827e-02;7.147194e-02;2.492817e-02;1.889103e-02
2.668940e-02;1.867101e-02;6.670166e-02;4.361957e-02;4.745764e-02;4.947487e-01;4.002574e-02;1.284148e-01;3.532146e-02;5.779058e-02;2.398270e-02;1.657685e-02
2.645474e-02;2.739149e-02;1.072293e-01;6.351159e-02;5.486327e-02;5.045055e-01;2.444661e-02;6.054224e-02;7.785162e-02;2.109873e-02;2.168627e-02;1.041862e-02
1.981695e-02;3.302165e-02;1.338064e-01;7.347469e-02;7.844602e-02;3.892861e-01;4.011912e-02;7.040118e-02;9.920605e-02;1.997355e-02;1.997894e-02;2.246939e-02
1.129706e-02;4.003136e-02;1.672086e-01;8.981317e-02;1.154059e-01;3.124978e-01;3.378139e-02;9.087646e-02;6.640324e-02;4.142678e-02;1.957242e-02;1.168585e-02
1.357091e-02;7.374440e-02;2.544727e-01;8.304072e-02;1.089005e-01;2.508857e-01;2.273656e-02;8.023920e-02;5.082932e-02;3.370343e-02;1.967103e-02;8.205607e-03
1.938066e-02;1.205537e-01;3.613117e-01;4.522446e-02;6.946892e-02;1.518229e-01;4.166737e-02;7.581423e-02;5.638411e-02;3.547334e-02;1.495602e-02;7.942522e-03
2.573101e-02;1.797047e-01;3.428391e-01;2.225205e-02;3.802138e-02;1.324543e-01;4.033362e-02;9.854746e-02;5.002454e-02;4.850676e-02;7.618143e-03;1.396696e-02
3.368194e-02;2.562135e-01;2.453664e-01;2.662858e-02;3.393658e-02;1.204126e-01;4.709699e-02;9.207512e-02;5.784832e-02;5.676823e-02;1.491085e-02;1.506095e-02
4.060185e-02;2.752582e-01;1.830220e-01;3.592356e-02;4.075209e-02;1.537657e-01;4.243771e-02;7.900096e-02;4.949776e-02;5.294721e-02;2.988256e-02;1.691035e-02
5.871281e-02;2.221562e-01;1.925120e-01;4.471459e-02;4.411334e-02;1.983573e-01;3.133062e-02;8.128542e-02;3.420916e-02;3.819093e-02;3.336075e-02;2.105692e-02
5.585060e-02;1.430000e-01;1.283764e-01;6.506467e-02;6.615940e-02;2.435320e-01;5.891090e-02;7.978608e-02;4.470071e-02;4.063940e-02;3.461424e-02;3.936566e-02
3.092326e-02;5.819985e-02;1.025371e-01;5.534072e-02;6.542591e-02;3.110364e-01;7.702871e-02;8.640692e-02;7.493465e-02;4.250304e-02;4.824045e-02;4.742305e-02
1.784135e-02;6.595699e-02;1.369381e-01;2.272136e-02;6.056748e-02;3.496859e-01;4.748635e-02;8.537127e-02;8.801903e-02;3.703567e-02;5.334326e-02;3.503317e-02
1.011385e-02;9.442621e-02;1.150296e-01;3.028329e-02;9.930418e-02;3.077599e-01;3.010872e-02;1.398056e-01;7.061499e-02;3.632660e-02;3.968732e-02;2.653969e-02
1.512259e-02;1.408317e-01;1.002718e-01;5.389313e-02;2.017890e-01;1.650248e-01;1.288853e-02;1.423646e-01;6.130163e-02;5.622653e-02;3.099506e-02;1.929063e-02
3.268692e-02;1.328993e-01;8.383822e-02;8.830495e-02;2.776955e-01;1.124980e-01;1.406185e-02;6.832761e-02;9.831093e-02;5.839347e-02;2.210210e-02;1.088116e-02
5.324235e-02;1.015564e-01;3.977146e-02;1.223948e-01;2.404342e-01;1.625586e-01;2.594846e-02;8.565716e-02;1.009557e-01;4.596467e-02;1.244782e-02;9.068431e-03
5.590355e-02;1.022250e-01;1.150026e-01;1.141989e-01;1.909553e-01;1.790156e-01;2.789044e-02;6.022489e-02;9.682350e-02;3.904168e-02;6.608889e-03;1.210973e-02
6.240516e-02;1.075682e-01;1.832741e-01;1.011893e-01;1.453393e-01;1.462614e-01;2.169384e-02;7.491443e-02;1.005140e-01;2.704223e-02;1.484212e-02;1.495588e-02
7.217555e-02;9.615888e-02;1.783742e-01;9.147184e-02;1.291454e-01;1.310211e-01;3.394954e-02;9.325185e-02;1.009583e-01;2.831490e-02;2.369769e-02;2.148084e-02
6.293721e-02;1.287975e-01;1.422841e-01;4.822489e-02;8.496802e-02;2.172079e-01;2.806646e-02;1.272387e-01;6.980778e-02;3.126182e-02;3.331762e-02;2.588804e-02
4.053132e-02;1.555815e-01;1.142896e-01;5.231190e-02;7.432959e-02;2.512705e-01;1.894630e-02;1.218233e-01;6.861360e-02;3.300380e-02;4.632165e-02;2.297683e-02
1.938420e-02;1.210708e-01;2.131771e-01;8.505245e-02;8.985730e-02;2.036338e-01;2.018749e-02;1.014483e-01;5.445244e-02;3.226522e-02;4.302919e-02;1.644162e-02
1.942511e-02;1.193626e-01;2.207337e-01;6.336810e-02;8.405221e-02;2.418267e-01;2.993386e-02;1.064025e-01;5.470629e-02;2.214158e-02;2.024593e-02;1.780147e-02
1.833013e-02;1.274697e-01;2.166773e-01;5.221231e-02;4.988232e-02;3.140373e-01;1.548553e-02;1.127014e-01;4.789875e-02;1.869974e-02;1.026583e-02;1.633966e-02
2.802498e-02;1.222274e-01;1.328702e-01;5.636981e-02;3.764719e-02;3.613715e-01;1.168068e-02;1.435190e-01;6.228292e-02;2.402740e-02;9.079226e-03;1.089959e-02
3.496886e-02;1.514998e-01;1.764929e-01;6.622028e-02;8.747561e-02;2.376665e-01;2.114292e-02;8.696409e-02;6.298585e-02;2.785135e-02;2.654939e-02;2.018254e-02
2.588836e-02;1.450213e-01;2.450393e-01;7.653303e-02;1.095989e-01;1.270497e-01;1.844672e-02;8.573130e-02;5.927080e-02;2.429515e-02;5.044774e-02;3.267769e-02
1.463353e-02;9.436908e-02;2.128270e-01;7.102563e-02;8.707827e-02;1.670580e-01;1.888477e-02;1.505082e-01;7.621522e-02;2.018561e-02;5.994088e-02;2.727398e-02
2.845737e-02;1.219589e-01;1.722097e-01;7.200531e-02;9.132431e-02;2.348588e-01;1.651259e-02;1.185477e-01;6.796677e-02;2.192338e-02;3.282544e-02;2.140979e-02
3.361835e-02;1.140516e-01;1.070880e-01;8.190552e-02;1.088281e-01;2.669559e-01;1.746270e-02;1.378649e-01;7.406104e-02;2.581631e-02;1.736171e-02;1.498584e-02
3.567223e-02;9.382160e-02;1.286834e-01;7.850994e-02;9.154412e-02;1.976366e-01;2.594860e-02;2.080819e-01;8.189151e-02;2.694008e-02;1.622908e-02;1.504095e-02
4.252556e-02;1.108583e-01;1.978032e-01;7.846060e-02;8.795703e-02;1.171742e-01;4.335007e-02;1.776100e-01;6.361114e-02;3.815555e-02;1.610318e-02;2.639128e-02
