6.074392e-02;1.389583e-01;5.140716e-01;3.758078e-02;2.247000e-02;3.747876e-02;4.356337e-02;2.221214e-02;5.977046e-02;3.695749e-02;1.239517e-02;1.379808e-02
3.645243e-02;1.005769e-01;5.813565e-01;5.723185e-02;3.634636e-02;2.825458e-02;2.804997e-02;2.097390e-02;5.314445e-02;4.047805e-02;9.898377e-03;7.236673e-03
3.385986e-02;5.115592e-02;4.725074e-01;1.081807e-01;9.069096e-02;4.545254e-02;5.748596e-02;2.413119e-02;3.595967e-02;5.451353e-02;1.671605e-02;9.346150e-03
2.538707e-02;1.737134e-02;2.457458e-01;1.181062e-01;2.035159e-01;1.209443e-01;1.096609e-01;3.022234e-02;5.186541e-02;3.991999e-02;1.448075e-02;2.277997e-02
3.430700e-02;8.582092e-03;6.704034e-02;7.526185e-02;2.647785e-01;2.334949e-01;1.768977e-01;3.400986e-02;5.355275e-02;1.732909e-02;8.270757e-03;2.647513e-02
4.243667e-02;1.530818e-02;8.527532e-02;2.339298e-02;2.352884e-01;2.881489e-01;2.054978e-01;2.340785e-02;3.752169e-02;2.023832e-02;4.514053e-03;1.896996e-02
4.214929e-02;2.634655e-02;1.904995e-01;6.219741e-02;1.616752e-01;2.292659e-01;1.860283e-01;2.258007e-02;4.528890e-02;1.840227e-02;5.793959e-03;9.772601e-03
3.797590e-02;3.409211e-02;3.182478e-01;8.414488e-02;9.266232e-02;1.638008e-01;1.326872e-01;3.760331e-02;4.529458e-02;2.128800e-02;1.693003e-02;1.527301e-02
6.220587e-02;4.185984e-02;3.373894e-01;7.588898e-02;9.630674e-02;1.494106e-01;5.962195e-02;5.059623e-02;4.593635e-02;1.728985e-02;3.401463e-02;2.947957e-02
4.127013e-02;2.367054e-02;2.795769e-01;5.596906e-02;1.180956e-01;1.619487e-01;1.612231e-01;5.330573e-02;3.535725e-02;2.808254e-02;2.552509e-02;1.597536e-02
4.040080e-02;1.457315e-02;2.820988e-01;5.597461e-02;1.192806e-01;1.791914e-01;2.042308e-01;4.082796e-02;1.473437e-02;2.227136e-02;1.347573e-02;1.294047e-02
5.047600e-02;1.939194e-02;1.813641e-01;4.847825e-02;1.334223e-01;2.171249e-01;2.235755e-01;3.441529e-02;2.692549e-02;2.296912e-02;2.122789e-02;2.062917e-02
5.538746e-02;5.233785e-02;8.824193e-02;6.451531e-02;1.381042e-01;2.389099e-01;1.431468e-01;3.835689e-02;6.219237e-02;5.191902e-02;2.651004e-02;4.037826e-02
5.491198e-02;7.637099e-02;1.134955e-01;6.735855e-02;1.038507e-01;1.747156e-01;1.501230e-01;5.733858e-02;5.939756e-02;6.611969e-02;2.470495e-02;5.161285e-02
5.306567e-02;6.765458e-02;5.442878e-02;3.028299e-02;8.118276e-02;1.285798e-01;3.840197e-01;6.092599e-02;5.279519e-02;4.848081e-02;1.598996e-02;2.259382e-02
5.269026e-02;6.590319e-02;3.346030e-02;2.334098e-02;5.699179e-02;1.461434e-01;4.880237e-01;4.561350e-02;3.137488e-02;3.867619e-02;8.987832e-03;8.793954e-03
2.853515e-02;7.559714e-02;2.064516e-02;1.690420e-02;3.017992e-02;1.369255e-01;6.042537e-01;3.707213e-02;1.854376e-02;2.080477e-02;6.533246e-03;4.005279e-03
2.400129e-02;7.835920e-02;1.508285e-02;2.269596e-02;2.916897e-02;1.028521e-01;6.537539e-01;3.883630e-02;1.251317e-02;1.416377e-02;4.143905e-03;4.428621e-03
7.047295e-02;5.790459e-02;1.157305e-02;4.506551e-02;3.859831e-02;1.535152e-01;5.202041e-01;4.863340e-02;1.560088e-02;2.934030e-02;3.344551e-03;5.747108e-03
1.134784e-01;2.884910e-02;1.887579e-02;6.246158e-02;6.802388e-02;2.369359e-01;3.343345e-01;5.718339e-02;1.751747e-02;4.434857e-02;5.429005e-03;1.256247e-02
1.024491e-01;1.594895e-02;6.421006e-02;8.021760e-02;1.199189e-01;2.576771e-01;2.182614e-01;4.795467e-02;2.319192e-02;4.018714e-02;5.309102e-03;2.467406e-02
4.776745e-02;1.802081e-02;1.122536e-01;9.370217e-02;9.977186e-02;1.806007e-01;3.079756e-01;3.545634e-02;2.947930e-02;3.914234e-02;1.120879e-02;2.462116e-02
2.580583e-02;2.478152e-02;1.959321e-01;1.013963e-01;5.284051e-02;8.270914e-02;3.241995e-01;4.402667e-02;5.254016e-02;6.238833e-02;1.857329e-02;1.480669e-02
3.977062e-02;6.443902e-02;1.812309e-01;1.288683e-01;6.323366e-02;6.056775e-02;2.218849e-01;4.967291e-02;7.029556e-02;7.971732e-02;3.378503e-02;6.534150e-03
3.276588e-02;1.371955e-01;8.910178e-02;1.520366e-01;1.183962e-01;8.201924e-02;8.532886e-02;5.650582e-02;5.132618e-02;1.171552e-01;4.303060e-02;3.513819e-02
2.611181e-02;1.819728e-01;8.231774e-02;1.256128e-01;1.183358e-01;4.484119e-02;3.360445e-02;4.712582e-02;2.545558e-02;1.913851e-01;3.677979e-02;8.645719e-02
1.729787e-02;1.661102e-01;7.346898e-02;9.327974e-02;1.148599e-01;3.361835e-02;5.249301e-02;2.778886e-02;2.213285e-02;1.921654e-01;2.498716e-02;1.817977e-01
2.253946e-02;8.638218e-02;6.490924e-02;4.946440e-02;1.633229e-01;3.828314e-02;8.653133e-02;2.588868e-02;3.470081e-02;1.040975e-01;2.946667e-02;2.944137e-01
3.060218e-02;2.527817e-02;5.327233e-02;3.329325e-02;2.297063e-01;4.702853e-02;9.101642e-02;1.801411e-02;4.664554e-02;3.423325e-02;2.160437e-02;3.693055e-01
2.561137e-02;1.865781e-02;4.573448e-02;3.712077e-02;2.621463e-01;3.841177e-02;8.015957e-02;1.061651e-02;4.338336e-02;4.653539e-02;1.478962e-02;3.768330e-01
1.751540e-02;3.084936e-02;5.397046e-02;4.725466e-02;2.596199e-01;2.519342e-02;7.513206e-02;1.136332e-02;5.387335e-02;4.475883e-02;3.156890e-02;3.489004e-01
1.445048e-02;2.638525e-02;8.370043e-02;3.589550e-02;2.607489e-01;2.107133e-02;5.512179e-02;1.695287e-02;9.139604e-02;1.902829e-02;3.035529e-02;3.448939e-01
2.599684e-02;1.354266e-02;1.262604e-01;2.149041e-02;2.293011e-01;3.177990e-02;4.201554e-02;1.512638e-02;1.048022e-01;1.779115e-02;2.678022e-02;3.451133e-01
8.108696e-02;8.364173e-03;1.466925e-01;2.389547e-02;1.455440e-01;7.104207e-02;5.689963e-02;1.816207e-02;8.560976e-02;3.845407e-02;1.939974e-02;3.048495e-01
1.361700e-01;2.154138e-02;9.332567e-02;4.095639e-02;6.930448e-02;1.283743e-01;9.138557e-02;3.922434e-02;6.065330e-02;9.472540e-02;1.435217e-02;2.099870e-01
1.138973e-01;4.352617e-02;4.817053e-02;4.438806e-02;7.508527e-02;1.357146e-01;1.540312e-01;4.810563e-02;5.217798e-02;1.180081e-01;1.423296e-02;1.526621e-01
5.831707e-02;4.806957e-02;3.860832e-02;3.977920e-02;8.038247e-02;1.121025e-01;2.259217e-01;4.831823e-02;8.299524e-02;9.484230e-02;9.818268e-03;1.608452e-01
2.714085e-02;4.685942e-02;3.503818e-02;3.251483e-02;9.870976e-02;6.552452e-02;2.585129e-01;6.890009e-02;7.507000e-02;4.763155e-02;2.383552e-02;2.202623e-01
3.972377e-02;3.455003e-02;6.001904e-02;2.676322e-02;1.195695e-01;4.998557e-02;2.181179e-01;1.240066e-01;5.746615e-02;3.802472e-02;2.681566e-02;2.049579e-01
2.836045e-02;4.453248e-02;7.266849e-02;2.231614e-02;1.286369e-01;4.954344e-02;2.682061e-01;1.239135e-01;5.592385e-02;4.343370e-02;1.865993e-02;1.438050e-01
1.798689e-02;7.047379e-02;5.044563e-02;1.702787e-02;1.283043e-01;4.127504e-02;3.820302e-01;9.034972e-02;4.510776e-02;2.874650e-02;1.729192e-02;1.109603e-01
1.302696e-02;5.698459e-02;4.305349e-02;1.693425e-02;9.659816e-02;4.804830e-02;4.638621e-01;1.052597e-01;2.824533e-02;2.341552e-02;9.330446e-03;9.524121e-02
2.646095e-02;2.759864e-02;4.771441e-02;1.422784e-02;6.459942e-02;4.610268e-02;5.085746e-01;1.229744e-01;2.617526e-02;2.495363e-02;5.471977e-03;8.514619e-02
2.856427e-02;2.660789e-02;3.184222e-02;1.448368e-02;6.096306e-02;3.725077e-02;5.468919e-01;1.086707e-01;2.469923e-02;2.419052e-02;1.703408e-02;7.880168e-02
1.959556e-02;4.195949e-02;2.085522e-02;1.981183e-02;6.161270e-02;3.926431e-02;5.550977e-01;8.777454e-02;3.058691e-02;1.775258e-02;3.188118e-02;7.380795e-02
1.788567e-02;3.558967e-02;2.970380e-02;2.486752e-02;6.358270e-02;8.766805e-02;4.730254e-01;6.875446e-02;3.859646e-02;3.422699e-02;3.539361e-02;9.070572e-02
9.472554e-03;1.992640e-02;4.650957e-02;3.143630e-02;1.106739e-01;1.416052e-01;3.634667e-01;4.420588e-02;2.589008e-02;5.436170e-02;3.047657e-02;1.219751e-01
2.505867e-02;1.476186e-02;6.188350e-02;2.936386e-02;1.662517e-01;1.346621e-01;3.049353e-01;3.950218e-02;3.049710e-02;4.251309e-02;2.737366e-02;1.231970e-01
2.336853e-02;1.467290e-02;6.904792e-02;3.481646e-02;1.977655e-01;1.787422e-01;1.680674e-01;4.530326e-02;6.347835e-02;4.519079e-02;2.788418e-02;1.316625e-01
2.053877e-02;3.540126e-02;2.900130e-02;1.841274e-02;1.001762e-01;1.460821e-01;4.693934e-01;2.673714e-02;3.215991e-02;3.114327e-02;1.719001e-02;7.376388e-02
2.050560e-02;5.895419e-02;1.713005e-02;1.039074e-02;5.365238e-02;9.321491e-02;5.857361e-01;5.748456e-02;2.002059e-02;1.874951e-02;2.191094e-02;4.225045e-02
1.227914e-02;7.988513e-02;1.783497e-02;9.073475e-03;3.952602e-02;5.291710e-02;6.060053e-01;1.059272e-01;2.016568e-02;1.420204e-02;1.661139e-02;2.557253e-02
1.128288e-02;8.156146e-02;2.797318e-02;9.512600e-03;3.493558e-02;2.826885e-02;5.912912e-01;1.511682e-01;2.046138e-02;1.348881e-02;7.762644e-03;2.229326e-02
1.016771e-02;6.970396e-02;3.349761e-02;9.099372e-03;3.536603e-02;2.390129e-02;5.948177e-01;1.674090e-01;1.356668e-02;1.466004e-02;8.807431e-03;1.900317e-02
1.082932e-02;8.473098e-02;3.584614e-02;7.460266e-03;2.493546e-02;3.126226e-02;5.796613e-01;1.602162e-01;2.346995e-02;1.016717e-02;1.430116e-02;1.711988e-02
2.597837e-02;8.105961e-02;5.030533e-02;1.138850e-02;4.657214e-02;6.381866e-02;4.782078e-01;1.425774e-01;4.266423e-02;2.150081e-02;1.996950e-02;1.595769e-02
3.151118e-02;5.020205e-02;1.205554e-01;3.113111e-02;7.906862e-02;8.974136e-02;3.274996e-01;1.417899e-01;4.860223e-02;3.421941e-02;2.319178e-02;2.248729e-02
1.530924e-02;2.519909e-02;1.934626e-01;4.814726e-02;6.839735e-02;5.987323e-02;3.717471e-01;1.398147e-01;3.679144e-02;1.553852e-02;1.107206e-02;1.464747e-02
2.039378e-02;2.380702e-02;2.163032e-01;5.554592e-02;7.818073e-02;5.518373e-02;3.287615e-01;1.223291e-01;3.799718e-02;1.290899e-02;2.958439e-02;1.900452e-02
1.791660e-02;2.572115e-02;1.616355e-01;6.541096e-02;1.142875e-01;6.568384e-02;3.655296e-01;8.440617e-02;4.131334e-02;1.197473e-02;3.283256e-02;1.328795e-02
1.894356e-02;2.135379e-02;7.712551e-02;5.064996e-02;1.055437e-01;1.147964e-01;4.939151e-01;4.108160e-02;2.689395e-02;1.743524e-02;2.350014e-02;8.761048e-03
2.655614e-02;8.309118e-02;5.170927e-02;3.283296e-02;5.379120e-02;8.770126e-02;5.553326e-01;4.344935e-02;1.286656e-02;2.612269e-02;1.757995e-02;8.966778e-03
2.826521e-02;1.333096e-01;5.979434e-02;1.387730e-02;2.670576e-02;3.095060e-02;5.437387e-01;9.365740e-02;2.007864e-02;2.471811e-02;1.789388e-02;7.010484e-03
1.649203e-02;1.139537e-01;8.680516e-02;8.375687e-03;3.012411e-02;2.245245e-02;4.916196e-01;1.664969e-01;2.285294e-02;1.656526e-02;1.869552e-02;5.566570e-03
4.828001e-03;6.569257e-02;1.182700e-01;9.679900e-03;1.985885e-02;1.166899e-02;4.854052e-01;2.365718e-01;2.144061e-02;1.020662e-02;1.232102e-02;4.056402e-03
6.840960e-03;4.936168e-02;1.654672e-01;1.417772e-02;2.044855e-02;1.615665e-02;4.437781e-01;2.381103e-01;1.356383e-02;1.578614e-02;6.949016e-03;9.359826e-03
1.154599e-02;3.596345e-02;2.087697e-01;2.060827e-02;1.876633e-02;1.612333e-02;4.128163e-01;1.997795e-01;2.925029e-02;2.352609e-02;8.754711e-03;1.409609e-02
1.193358e-02;3.124754e-02;1.677291e-01;2.651621e-02;1.479560e-02;2.615009e-02;4.888027e-01;1.367585e-01;4.154984e-02;2.776071e-02;1.430286e-02;1.245333e-02
8.056935e-03;1.874494e-02;8.706104e-02;1.682735e-02;2.252766e-02;4.197370e-02;5.896780e-01;1.231009e-01;4.138105e-02;2.796129e-02;1.763921e-02;5.047865e-03
1.104664e-02;2.842727e-02;6.615857e-02;8.768369e-03;3.848547e-02;6.700391e-02;5.896286e-01;1.262962e-01;2.448433e-02;1.619109e-02;1.564225e-02;7.867312e-03
1.916891e-02;4.373246e-02;1.014017e-01;2.152403e-02;7.253347e-02;1.043091e-01;4.567063e-01;1.214708e-01;2.461502e-02;1.620022e-02;1.115563e-02;7.182377e-03
1.865867e-02;4.388317e-02;1.590437e-01;4.412692e-02;1.115003e-01;1.243293e-01;2.758179e-01;1.457330e-01;3.337320e-02;2.279557e-02;1.411604e-02;6.622281e-03
1.582436e-02;2.269900e-02;1.363188e-01;3.763368e-02;5.200348e-02;7.132469e-02;4.730332e-01;1.254772e-01;2.560362e-02;1.649996e-02;1.411105e-02;9.470918e-03
3.573182e-02;4.476536e-02;9.071392e-02;3.496564e-02;3.648006e-02;3.833894e-02;5.177917e-01;1.253055e-01;3.325984e-02;1.438856e-02;1.242720e-02;1.583141e-02
2.926197e-02;5.553805e-02;5.024141e-02;3.799605e-02;5.100413e-02;4.892750e-02;4.499738e-01;1.311908e-01;5.420918e-02;4.115867e-02;2.738226e-02;2.311613e-02
5.706074e-02;3.298203e-02;5.902282e-02;5.785397e-02;5.768093e-02;3.466329e-02;2.221897e-01;5.507026e-02;2.065162e-01;1.329947e-01;5.513852e-02;2.882684e-02
6.055238e-02;2.827426e-02;4.304015e-02;1.005738e-01;4.379015e-02;2.125568e-02;1.224392e-01;5.585698e-02;3.224480e-01;1.421419e-01;4.378548e-02;1.584198e-02
4.312403e-02;2.282329e-02;2.215899e-02;1.660074e-01;2.681986e-02;1.233611e-02;5.724003e-02;9.504045e-02;4.130576e-01;1.046032e-01;2.858666e-02;8.202328e-03
2.627305e-02;1.696072e-02;4.875507e-02;1.919474e-01;1.114221e-02;6.040480e-03;1.603293e-01;1.110319e-01;3.500664e-01;5.356316e-02;1.670014e-02;7.190143e-03
2.470484e-02;1.327067e-02;1.098506e-01;1.581950e-01;9.104676e-03;1.861206e-02;1.916299e-01;1.710286e-01;2.279526e-01;4.720591e-02;1.383814e-02;1.460697e-02
2.584868e-02;2.312612e-02;2.409742e-01;1.766629e-01;1.338772e-02;2.089870e-02;1.657298e-01;1.567419e-01;7.987260e-02;5.679253e-02;2.182082e-02;1.814403e-02
1.984365e-02;3.385644e-02;1.714290e-01;1.916251e-01;1.728486e-02;2.065045e-02;1.713734e-01;9.422243e-02;2.135976e-01;3.456531e-02;1.666876e-02;1.488295e-02
2.206065e-02;2.434460e-02;6.057880e-02;2.303637e-01;1.749695e-02;1.636042e-02;1.697481e-01;9.037571e-02;3.026090e-01;4.331312e-02;1.326729e-02;9.481696e-03
2.304232e-02;1.621973e-02;5.217165e-02;2.444400e-01;1.722286e-02;1.907818e-02;1.502307e-01;8.730333e-02;3.182032e-01;5.497639e-02;8.642575e-03;8.469084e-03
3.899742e-02;1.009038e-02;2.338382e-02;2.396611e-01;1.734641e-02;1.029237e-02;1.051416e-01;8.270747e-02;3.624804e-01;8.375872e-02;1.438857e-02;1.175172e-02
3.379684e-02;1.027395e-02;4.615916e-02;1.954961e-01;2.159335e-02;1.486788e-02;1.244700e-01;9.538113e-02;3.238398e-01;1.007484e-01;1.998126e-02;1.339227e-02
1.762737e-02;1.213928e-02;8.839425e-02;1.084031e-01;1.623541e-02;2.850616e-02;3.131251e-01;1.360924e-01;1.840502e-01;7.025511e-02;1.507813e-02;1.009357e-02
1.210306e-02;2.975090e-02;1.029133e-01;5.225389e-02;2.640250e-02;4.917035e-02;4.512428e-01;1.296128e-01;8.767145e-02;3.683752e-02;1.094278e-02;1.109861e-02
1.051564e-02;3.640499e-02;8.658180e-02;5.484876e-02;3.311043e-02;5.572272e-02;4.631129e-01;8.097543e-02;1.188176e-01;3.857299e-02;9.417020e-03;1.191982e-02
1.711020e-02;2.712095e-02;5.205485e-02;4.800605e-02;3.978733e-02;5.239093e-02;3.799909e-01;8.365196e-02;1.899940e-01;6.901915e-02;2.010068e-02;2.077296e-02
2.487345e-02;3.834445e-02;6.320179e-02;1.422875e-01;3.803894e-02;5.789658e-02;1.791824e-01;1.312713e-01;1.947474e-01;6.696761e-02;4.775317e-02;1.543546e-02
2.351055e-02;1.652060e-02;6.640401e-02;1.094966e-01;2.178205e-02;4.365711e-02;3.766370e-01;1.380825e-01;1.110227e-01;4.452360e-02;3.676880e-02;1.159458e-02
2.433834e-02;1.623562e-02;5.346519e-02;4.497107e-02;2.498958e-02;3.974247e-02;4.574691e-01;1.193513e-01;1.256013e-01;4.410570e-02;2.468471e-02;2.504560e-02
4.059948e-02;2.128441e-02;6.216103e-02;3.666655e-02;3.358924e-02;5.163476e-02;4.140268e-01;1.120020e-01;1.456239e-01;3.754796e-02;1.758881e-02;2.727504e-02
4.956129e-02;3.872830e-02;7.384296e-02;1.011607e-01;4.325927e-02;4.873670e-02;3.183967e-01;1.068177e-01;1.446824e-01;3.937847e-02;1.245445e-02;2.298110e-02
4.311886e-02;5.036496e-02;7.752974e-02;1.695926e-01;6.051964e-02;3.578916e-02;2.321210e-01;1.070625e-01;1.491720e-01;4.510710e-02;1.422019e-02;1.540221e-02
2.666062e-02;3.194480e-02;7.419708e-02;1.993494e-01;7.259579e-02;4.165847e-02;1.998461e-01;9.718929e-02;1.741825e-01;5.125964e-02;1.438907e-02;1.672732e-02
3.388885e-02;4.416494e-02;7.367433e-02;1.268245e-01;5.585575e-02;4.551907e-02;1.824827e-01;8.935727e-02;2.226918e-01;7.927835e-02;2.545180e-02;2.081071e-02
3.236060e-02;4.761541e-02;1.034344e-01;1.404031e-01;3.345936e-02;4.784590e-02;1.901696e-01;8.961421e-02;1.904064e-01;7.571103e-02;3.053130e-02;1.844858e-02
1.006482e-01;9.009422e-02;1.050267e-01;1.578473e-01;2.082406e-02;3.975349e-02;1.462883e-01;6.698270e-02;1.224271e-01;7.548048e-02;3.219859e-02;4.242876e-02
1.682901e-01;1.277177e-01;1.244054e-01;9.164204e-02;5.647264e-02;1.817448e-02;7.006691e-02;4.035143e-02;5.521479e-02;1.175563e-01;6.971839e-02;6.038972e-02
1.488492e-01;1.240995e-01;1.293914e-01;7.094100e-02;6.846346e-02;1.687916e-02;4.277607e-02;3.088636e-02;8.487920e-02;1.678561e-01;6.879467e-02;4.618384e-02
1.035774e-01;9.113965e-02;1.021749e-01;1.071940e-01;6.468350e-02;1.584516e-02;3.664978e-02;2.459983e-02;1.841151e-01;1.955650e-01;5.287135e-02;2.158417e-02
5.864038e-02;3.865927e-02;5.844414e-02;2.023643e-01;3.373266e-02;1.505413e-02;4.386597e-02;2.814972e-02;3.208393e-01;1.570888e-01;3.202060e-02;1.114073e-02
5.121276e-02;1.534421e-02;2.223165e-02;2.566994e-01;2.434476e-02;9.944995e-03;5.807116e-02;5.351701e-02;3.864206e-01;1.007614e-01;1.509225e-02;6.359789e-03
4.435604e-02;2.235766e-02;3.076796e-02;2.107862e-01;3.924071e-02;1.540062e-02;7.979312e-02;6.489705e-02;3.827831e-01;8.208352e-02;1.545035e-02;1.208377e-02
5.140055e-02;2.149962e-02;2.767217e-02;2.023419e-01;4.109662e-02;1.337278e-02;8.675045e-02;4.628611e-02;3.876563e-01;9.460895e-02;1.957884e-02;7.735789e-03
4.428552e-02;2.059650e-02;1.836322e-02;1.947788e-01;5.947950e-02;9.411491e-03;8.090180e-02;3.483811e-02;3.353067e-01;1.739473e-01;2.260251e-02;5.488538e-03
3.593936e-02;4.208281e-02;2.536185e-02;1.168101e-01;1.003090e-01;1.509487e-02;3.993935e-02;4.983578e-02;2.165600e-01;2.674042e-01;8.568923e-02;4.973459e-03
2.776179e-02;4.821094e-02;5.584613e-02;4.982946e-02;1.002889e-01;4.424972e-02;1.475605e-02;6.496576e-02;1.357278e-01;2.324535e-01;1.906007e-01;3.530927e-02
1.115901e-02;3.558613e-02;8.975223e-02;3.026251e-02;4.800927e-02;5.415098e-02;2.550218e-02;5.455039e-02;1.431249e-01;1.265817e-01;2.432087e-01;1.381121e-01
8.926385e-02;4.476186e-02;5.846893e-02;4.504023e-02;2.336134e-02;1.810770e-02;5.208397e-02;2.822562e-02;1.408168e-01;7.965760e-02;1.468604e-01;2.733518e-01
1.601151e-01;4.748961e-02;3.043453e-02;5.088707e-02;2.448246e-02;1.865766e-02;4.688443e-02;2.583062e-02;9.445085e-02;8.599007e-02;1.093372e-01;3.054405e-01
1.881185e-01;6.053472e-02;4.035738e-02;4.929798e-02;2.689247e-02;1.785350e-02;5.045007e-02;3.181322e-02;4.938566e-02;1.092669e-01;1.496681e-01;2.263614e-01
1.419468e-01;6.443722e-02;5.147889e-02;5.594719e-02;3.641945e-02;2.321582e-02;9.361457e-02;3.293172e-02;5.258231e-02;1.307721e-01;1.878583e-01;1.287956e-01
5.386556e-02;4.607593e-02;3.981900e-02;6.773186e-02;4.578592e-02;3.208866e-02;1.273042e-01;3.252133e-02;1.171915e-01;1.209183e-01;1.918160e-01;1.248817e-01
7.419664e-02;4.887788e-02;2.707052e-02;8.028229e-02;6.993440e-02;3.438187e-02;1.372592e-01;3.533689e-02;1.117069e-01;1.102363e-01;1.442397e-01;1.264773e-01
1.020501e-01;4.748408e-02;3.375401e-02;5.785220e-02;7.641937e-02;3.481705e-02;2.120261e-01;5.649488e-02;8.363114e-02;1.093493e-01;5.279709e-02;1.333245e-01
7.065483e-02;3.221536e-02;3.945340e-02;3.461736e-02;6.131854e-02;5.671121e-02;2.949301e-01;4.879490e-02;8.237128e-02;7.659095e-02;4.287834e-02;1.594637e-01
4.130630e-02;3.448968e-02;4.553939e-02;3.145934e-02;7.662514e-02;7.509411e-02;2.327871e-01;3.068888e-02;8.669128e-02;6.898682e-02;8.518752e-02;1.911445e-01
4.196102e-02;3.895174e-02;7.709360e-02;4.654692e-02;1.321034e-01;9.635960e-02;1.127490e-01;2.990680e-02;8.421033e-02;8.907896e-02;6.803454e-02;1.830041e-01
4.219267e-02;2.445639e-02;5.072713e-02;4.119200e-02;9.602346e-02;1.125069e-01;3.125236e-01;3.220485e-02;4.510117e-02;9.666096e-02;5.176576e-02;9.464508e-02
6.365789e-02;2.616239e-02;4.139164e-02;2.666744e-02;7.670966e-02;1.469266e-01;3.834401e-01;2.591509e-02;2.704401e-02;1.068818e-01;3.768962e-02;3.751374e-02
6.736942e-02;2.716341e-02;6.673788e-02;3.382833e-02;1.266459e-01;1.711710e-01;3.210714e-01;1.635996e-02;2.067165e-02;8.527692e-02;3.333313e-02;3.037101e-02
5.124354e-02;1.449876e-02;1.773113e-01;8.123995e-02;1.658224e-01;1.541899e-01;1.901518e-01;1.433233e-02;2.260114e-02;4.942827e-02;4.867782e-02;3.050277e-02
3.323426e-02;2.991989e-02;2.931349e-01;1.205006e-01;1.324061e-01;9.707849e-02;1.070109e-01;2.345521e-02;1.687395e-02;5.553975e-02;6.022042e-02;3.062549e-02
3.964651e-02;4.119497e-02;2.808873e-01;1.064724e-01;6.395204e-02;5.979241e-02;1.246856e-01;3.404949e-02;3.272268e-02;9.702365e-02;5.788390e-02;6.168908e-02
5.872403e-02;3.385885e-02;1.368843e-01;7.830258e-02;7.301033e-02;6.082111e-02;1.956628e-01;3.907860e-02;6.115929e-02;1.218543e-01;5.301469e-02;8.762912e-02
6.056823e-02;2.141267e-02;1.246543e-01;6.612331e-02;9.535515e-02;7.939988e-02;1.832909e-01;3.262591e-02;5.604257e-02;1.296673e-01;4.511383e-02;1.057459e-01
5.352308e-02;2.415112e-02;1.697685e-01;7.123875e-02;1.004862e-01;9.036082e-02;1.011308e-01;3.338737e-02;3.861361e-02;1.369878e-01;4.690024e-02;1.334516e-01
5.261558e-02;3.088838e-02;1.152557e-01;7.512922e-02;1.045627e-01;8.265476e-02;8.881751e-02;3.682813e-02;6.353677e-02;1.486307e-01;7.310637e-02;1.279742e-01
7.845665e-02;3.177296e-02;1.223150e-01;8.063977e-02;1.001385e-01;7.266178e-02;8.886268e-02;2.930827e-02;8.090756e-02;1.313469e-01;8.601906e-02;9.757084e-02
8.475450e-02;3.909232e-02;1.748036e-01;6.696415e-02;4.574252e-02;9.601366e-02;1.601802e-01;3.212181e-02;7.896098e-02;1.010356e-01;7.019472e-02;5.013602e-02
