9.705706e-02;6.208713e-02;5.273103e-02;4.046127e-02;8.989906e-02;4.962759e-02;5.708610e-02;5.910495e-02;1.252915e-01;1.814323e-01;1.236334e-01;6.158865e-02
8.906243e-02;3.987826e-02;5.744304e-02;5.182876e-02;7.735152e-02;4.089953e-02;4.751743e-02;8.349937e-02;1.577330e-01;2.039666e-01;8.184992e-02;6.897014e-02
6.645884e-02;5.246465e-02;6.180503e-02;4.697465e-02;5.048031e-02;4.149516e-02;9.881913e-02;1.376133e-01;1.546790e-01;1.568888e-01;4.506201e-02;8.725914e-02
5.056017e-02;6.485203e-02;6.575955e-02;2.859421e-02;3.916477e-02;4.808165e-02;1.480780e-01;1.625609e-01;1.109229e-01;1.090027e-01;7.617421e-02;9.624901e-02
2.978404e-02;7.549531e-02;7.155781e-02;2.646113e-02;5.012475e-02;5.851932e-02;1.363133e-01;1.672181e-01;7.416634e-02;1.020133e-01;7.843882e-02;1.299078e-01
6.431888e-02;7.966620e-02;8.696999e-02;3.107187e-02;5.096504e-02;6.165438e-02;7.424276e-02;1.721087e-01;5.004212e-02;7.384732e-02;1.095983e-01;1.455145e-01
1.149590e-01;8.612431e-02;1.030964e-01;3.779936e-02;4.287575e-02;4.887173e-02;1.105905e-01;1.617889e-01;5.019718e-02;7.253302e-02;7.450540e-02;9.665845e-02
1.129857e-01;1.081690e-01;8.774431e-02;2.883807e-02;5.534836e-02;4.036982e-02;1.241366e-01;1.411474e-01;9.133779e-02;9.132770e-02;5.728889e-02;6.130645e-02
4.349833e-02;9.415008e-02;6.672847e-02;2.174918e-02;7.461337e-02;5.468967e-02;1.990095e-01;1.297114e-01;8.070622e-02;9.626027e-02;9.747639e-02;4.140718e-02
5.495515e-02;6.137224e-02;7.418588e-02;3.092592e-02;6.312066e-02;4.963116e-02;2.200589e-01;1.061631e-01;7.240696e-02;1.075670e-01;8.812319e-02;7.148984e-02
9.128501e-02;4.887818e-02;9.197202e-02;5.467577e-02;6.421966e-02;4.594868e-02;2.299351e-01;6.775695e-02;6.102902e-02;9.294126e-02;8.264042e-02;6.871790e-02
1.855396e-01;1.244252e-01;9.674545e-02;4.584398e-02;5.121217e-02;4.843824e-02;9.719267e-02;5.518087e-02;5.166449e-02;7.428500e-02;4.203734e-02;1.274349e-01
1.845765e-01;1.487176e-01;9.820452e-02;4.499541e-02;4.931276e-02;4.810695e-02;4.291712e-02;4.873603e-02;7.149881e-02;7.629680e-02;5.021654e-02;1.364210e-01
1.289069e-01;1.129126e-01;7.449903e-02;4.578418e-02;5.346312e-02;3.614127e-02;8.391283e-02;5.800664e-02;1.470001e-01;1.178573e-01;4.918699e-02;9.232899e-02
1.255884e-01;9.282381e-02;4.458481e-02;3.459308e-02;7.366305e-02;2.799263e-02;8.106998e-02;4.941229e-02;1.844215e-01;1.798883e-01;6.999083e-02;3.597135e-02
1.099661e-01;1.191129e-01;8.335310e-02;2.314037e-02;7.618432e-02;4.194433e-02;5.227022e-02;4.958710e-02;1.263634e-01;1.366876e-01;8.722275e-02;9.416778e-02
8.009771e-02;1.094026e-01;8.768176e-02;2.491178e-02;7.610390e-02;5.788850e-02;5.457039e-02;6.821345e-02;9.605829e-02;9.377613e-02;1.008878e-01;1.504077e-01
1.177328e-01;6.556562e-02;8.348621e-02;2.476806e-02;5.685065e-02;6.011207e-02;4.809551e-02;6.719875e-02;9.527545e-02;1.073001e-01;9.685472e-02;1.767601e-01
1.500623e-01;6.449750e-02;9.409759e-02;2.282881e-02;4.623803e-02;4.809772e-02;5.912647e-02;6.316436e-02;9.226766e-02;8.295309e-02;1.018838e-01;1.747826e-01
1.395869e-01;9.707065e-02;8.342602e-02;3.537731e-02;4.644610e-02;5.065424e-02;1.070268e-01;6.033274e-02;6.661168e-02;6.735922e-02;1.026599e-01;1.434485e-01
8.090260e-02;1.027194e-01;1.012374e-01;4.493352e-02;5.941362e-02;5.580331e-02;1.306443e-01;5.500876e-02;9.426039e-02;1.107834e-01;7.941391e-02;8.487927e-02
5.594827e-02;1.009282e-01;1.157818e-01;4.653752e-02;4.977741e-02;4.967323e-02;8.676568e-02;5.032698e-02;1.203117e-01;1.783651e-01;5.896872e-02;8.661529e-02
9.117143e-02;8.661105e-02;9.097314e-02;4.347965e-02;2.868677e-02;6.030497e-02;9.190144e-02;6.539990e-02;1.074564e-01;1.762759e-01;6.064633e-02;9.709302e-02
8.800376e-02;6.005444e-02;1.048911e-01;4.086788e-02;5.542580e-02;1.016231e-01;7.557719e-02;8.810793e-02;1.417617e-01;1.397864e-01;3.607135e-02;6.782941e-02
7.408476e-02;8.995607e-02;1.034857e-01;4.219202e-02;7.442673e-02;7.976987e-02;7.739284e-02;9.301683e-02;1.780480e-01;9.573635e-02;2.169434e-02;7.019646e-02
5.613048e-02;1.658663e-01;8.663134e-02;5.178301e-02;6.251197e-02;9.905759e-02;8.767144e-02;8.961164e-02;1.392886e-01;6.516194e-02;2.837444e-02;6.791122e-02
4.429480e-02;2.580560e-01;5.930926e-02;3.984477e-02;6.937040e-02;1.231816e-01;9.555608e-02;6.392467e-02;1.377183e-01;4.972732e-02;1.299241e-02;4.602439e-02
6.480658e-02;3.147213e-01;6.131006e-02;2.072111e-02;6.550775e-02;9.347882e-02;1.007945e-01;4.352084e-02;1.120863e-01;5.299484e-02;8.861712e-03;6.119618e-02
1.627337e-01;2.660123e-01;7.507526e-02;2.352544e-02;5.675445e-02;5.523182e-02;6.497638e-02;3.285680e-02;5.703149e-02;7.467742e-02;1.358787e-02;1.175371e-01
2.095323e-01;2.153448e-01;8.952911e-02;2.878430e-02;5.105339e-02;5.585911e-02;4.628623e-02;2.108474e-02;3.858203e-02;1.057830e-01;4.632892e-02;9.183209e-02
1.563297e-01;1.182163e-01;9.647465e-02;2.559524e-02;5.668893e-02;7.056426e-02;1.011710e-01;1.851386e-02;3.788397e-02;1.117147e-01;9.274366e-02;1.141037e-01
8.832983e-02;4.066065e-02;1.615348e-01;3.127042e-02;1.062053e-01;6.990457e-02;1.392495e-01;2.360349e-02;3.362606e-02;6.940914e-02;9.157567e-02;1.446306e-01
5.325298e-02;2.390708e-02;2.115951e-01;5.843215e-02;1.707082e-01;6.506384e-02;1.041120e-01;5.361592e-02;5.674836e-02;2.814303e-02;5.457646e-02;1.198448e-01
3.543683e-02;1.806869e-02;1.732455e-01;6.825416e-02;2.338316e-01;6.612492e-02;4.002199e-02;8.045404e-02;1.461104e-01;2.630590e-02;1.930670e-02;9.283924e-02
2.863037e-02;8.876364e-03;1.017739e-01;4.528293e-02;2.173917e-01;1.129543e-01;9.816696e-02;4.930867e-02;1.989960e-01;6.281048e-02;1.436785e-02;6.144049e-02
6.517395e-02;5.868418e-03;6.715448e-02;3.136327e-02;1.204116e-01;1.828240e-01;1.633418e-01;2.179226e-02;1.160987e-01;1.941576e-01;1.147295e-02;2.034103e-02
9.222066e-02;1.288905e-02;3.492120e-02;3.532694e-02;5.115133e-02;2.012395e-01;2.245300e-01;2.271331e-02;2.790777e-02;2.720933e-01;1.346978e-02;1.153719e-02
6.973102e-02;6.059112e-02;2.680776e-02;3.820018e-02;3.980469e-02;1.507907e-01;3.375553e-01;2.435431e-02;2.159711e-02;1.878029e-01;2.813066e-02;1.463429e-02
2.361867e-02;1.289901e-01;2.543030e-02;2.181472e-02;3.936709e-02;7.207767e-02;4.301740e-01;4.783393e-02;3.321034e-02;5.842404e-02;1.000064e-01;1.905271e-02
1.019150e-02;1.279682e-01;3.046254e-02;8.889063e-03;5.379429e-02;3.691553e-02;4.379443e-01;9.077415e-02;2.581010e-02;2.488703e-02;1.370117e-01;1.535167e-02
1.003859e-02;6.948608e-02;4.026270e-02;5.098872e-03;7.538173e-02;3.163878e-02;4.045623e-01;1.950983e-01;1.702657e-02;2.051289e-02;1.102910e-01;2.060220e-02
8.886185e-03;3.658551e-02;5.244023e-02;4.889231e-03;5.778022e-02;2.112630e-02;3.167072e-01;3.705020e-01;1.845128e-02;2.480697e-02;6.573934e-02;2.208556e-02
4.654080e-03;2.376292e-02;7.214446e-02;3.791465e-03;2.172794e-02;8.870204e-03;2.255333e-01;4.857433e-01;3.522153e-02;2.809839e-02;2.116338e-02;6.928895e-02
5.162385e-03;1.287903e-02;6.842007e-02;4.131094e-03;8.128438e-03;1.029561e-02;2.344040e-01;4.629875e-01;3.050217e-02;3.430415e-02;1.683252e-02;1.119530e-01
9.218942e-03;1.479485e-02;6.251583e-02;7.475035e-03;1.580731e-02;2.654619e-02;2.085290e-01;3.911281e-01;4.514440e-02;4.881383e-02;5.532866e-02;1.146980e-01
3.058740e-02;2.451797e-02;8.001901e-02;1.819598e-02;3.171030e-02;4.250284e-02;1.592629e-01;3.378289e-01;7.679603e-02;6.119536e-02;6.524781e-02;7.213546e-02
5.542627e-02;3.024010e-02;8.051705e-02;2.400128e-02;2.613524e-02;5.000946e-02;1.530363e-01;2.750450e-01;1.124874e-01;5.440775e-02;3.797140e-02;1.007227e-01
3.945470e-02;2.147917e-02;5.527863e-02;1.476104e-02;2.067942e-02;4.825129e-02;1.792063e-01;2.975454e-01;9.918041e-02;3.969742e-02;4.538998e-02;1.390762e-01
1.962777e-02;2.441030e-02;2.927030e-02;1.107619e-02;2.631347e-02;4.196882e-02;2.887609e-01;2.897442e-01;6.594644e-02;4.499353e-02;4.546888e-02;1.124192e-01
2.540983e-02;4.591195e-02;1.519661e-02;1.714951e-02;3.346080e-02;5.844799e-02;3.986233e-01;1.677887e-01;5.491008e-02;7.766463e-02;5.707887e-02;4.835774e-02
3.572445e-02;5.595594e-02;1.900341e-02;1.577091e-02;2.679524e-02;9.625102e-02;3.822982e-01;1.062395e-01;5.452690e-02;8.776248e-02;1.024562e-01;1.721565e-02
6.301206e-02;3.897086e-02;3.751367e-02;2.280831e-02;5.328472e-02;1.445868e-01;2.848484e-01;8.897237e-02;4.644581e-02;1.152471e-01;7.601014e-02;2.829974e-02
8.297279e-02;2.290419e-02;8.754842e-02;3.850257e-02;8.124581e-02;1.600853e-01;1.841582e-01;8.250863e-02;6.352193e-02;1.127147e-01;4.279397e-02;4.104352e-02
8.642558e-02;2.204370e-02;1.437309e-01;4.587348e-02;5.928554e-02;1.243175e-01;2.248566e-01;8.312824e-02;7.035707e-02;6.220492e-02;2.824026e-02;4.953622e-02
9.026273e-02;3.870082e-02;1.342767e-01;4.102427e-02;5.259721e-02;1.163521e-01;2.782077e-01;7.671650e-02;3.927927e-02;4.955290e-02;3.170007e-02;5.132960e-02
7.381894e-02;4.392750e-02;7.032231e-02;3.029196e-02;5.365049e-02;1.046021e-01;3.629529e-01;6.635357e-02;4.333412e-02;5.425531e-02;3.533051e-02;6.116022e-02
7.480406e-02;3.396398e-02;9.072858e-02;3.799048e-02;4.719883e-02;7.051616e-02;3.857608e-01;6.700613e-02;4.382990e-02;3.585333e-02;5.054042e-02;6.180740e-02
8.640295e-02;5.494972e-02;9.817229e-02;5.438556e-02;5.315785e-02;4.697027e-02;3.251055e-01;6.443644e-02;5.818510e-02;4.887425e-02;4.510232e-02;6.425777e-02
1.093130e-01;4.765989e-02;1.019167e-01;5.391829e-02;5.610975e-02;5.610489e-02;1.886908e-01;8.096974e-02;1.075611e-01;8.525984e-02;2.072960e-02;9.176639e-02
1.103890e-01;3.822096e-02;8.475951e-02;4.626800e-02;6.051305e-02;7.478457e-02;1.403477e-01;9.779728e-02;1.138066e-01;1.049273e-01;4.386278e-02;8.432317e-02
7.602981e-02;4.433020e-02;6.503366e-02;4.820179e-02;6.997082e-02;6.174977e-02;1.489059e-01;1.409277e-01;1.239765e-01;8.452663e-02;7.341780e-02;6.292935e-02
4.394248e-02;4.428412e-02;6.793772e-02;2.217992e-02;6.252524e-02;6.040710e-02;2.192762e-01;1.707658e-01;7.762608e-02;7.509744e-02;7.611728e-02;7.984065e-02
2.589568e-02;5.490121e-02;8.237967e-02;1.956325e-02;5.162284e-02;6.012333e-02;3.163109e-01;1.724814e-01;4.514470e-02;5.926390e-02;7.213641e-02;4.017673e-02
1.655078e-02;7.893528e-02;5.092689e-02;1.262251e-02;4.782396e-02;6.310330e-02;3.902803e-01;1.302543e-01;2.368708e-02;3.836090e-02;1.313814e-01;1.607317e-02
2.291408e-02;7.442383e-02;2.544890e-02;1.760862e-02;3.841597e-02;1.107629e-01;3.683253e-01;8.655190e-02;1.654514e-02;5.758815e-02;1.705110e-01;1.090420e-02
5.516886e-02;5.257494e-02;1.620507e-02;2.901170e-02;3.872250e-02;1.967917e-01;2.828673e-01;5.549991e-02;1.552267e-02;9.612540e-02;1.511627e-01;1.034730e-02
7.430343e-02;9.413514e-02;1.452087e-02;2.649263e-02;4.675497e-02;2.344771e-01;2.680126e-01;3.782131e-02;2.312093e-02;8.786115e-02;7.310702e-02;1.939279e-02
5.075993e-02;1.794637e-01;1.520446e-02;3.709595e-02;4.373135e-02;1.987474e-01;3.212936e-01;2.273464e-02;2.641977e-02;4.172381e-02;5.040657e-02;1.241886e-02
8.355241e-02;1.330034e-01;1.710963e-02;4.969645e-02;5.028831e-02;1.922575e-01;2.997727e-01;4.246446e-02;1.678473e-02;6.666564e-02;4.237470e-02;6.030069e-03
1.157168e-01;4.534259e-02;4.392121e-02;3.946839e-02;7.387968e-02;1.874239e-01;2.857553e-01;6.526039e-02;1.484236e-02;8.057489e-02;3.346008e-02;1.435440e-02
9.055338e-02;2.352840e-02;1.340852e-01;3.705063e-02;1.231917e-01;1.282535e-01;2.375645e-01;5.784727e-02;3.780205e-02;4.749459e-02;3.111488e-02;5.151391e-02
7.232935e-02;6.306616e-02;2.518703e-01;7.097805e-02;1.345653e-01;5.601525e-02;1.131702e-01;5.000995e-02;4.187334e-02;1.820558e-02;3.941344e-02;8.850300e-02
1.019309e-01;7.112660e-02;3.257822e-01;8.172141e-02;9.081171e-02;4.621092e-02;5.975423e-02;4.933065e-02;1.952984e-02;3.532831e-02;4.678912e-02;7.168417e-02
9.121855e-02;5.324235e-02;3.830675e-01;5.223920e-02;6.648748e-02;4.215722e-02;7.817436e-02;4.515025e-02;2.760569e-02;5.923068e-02;4.101554e-02;6.041121e-02
3.763020e-02;5.975460e-02;3.779825e-01;5.643214e-02;4.625328e-02;5.115004e-02;3.948954e-02;4.844847e-02;3.712498e-02;4.799759e-02;6.427708e-02;1.334596e-01
4.680354e-02;4.955833e-02;3.227503e-01;6.048229e-02;4.017089e-02;6.510998e-02;6.173373e-02;3.498096e-02;3.864084e-02;3.702324e-02;8.531374e-02;1.574322e-01
5.371175e-02;4.592506e-02;3.785746e-01;4.188878e-02;5.249313e-02;6.021535e-02;7.700877e-02;1.810116e-02;2.389710e-02;6.639302e-02;7.061259e-02;1.111786e-01
4.277666e-02;5.666350e-02;4.562644e-01;3.313279e-02;5.731506e-02;4.858128e-02;7.182218e-02;2.704587e-02;2.654183e-02;8.051346e-02;4.952196e-02;4.982093e-02
2.583724e-02;3.657603e-02;5.069964e-01;4.629853e-02;6.329399e-02;4.517091e-02;8.007453e-02;3.148272e-02;3.756550e-02;7.849159e-02;3.636062e-02;1.185191e-02
1.780891e-02;2.589182e-02;5.187388e-01;6.396967e-02;1.001945e-01;5.393060e-02;8.128943e-02;2.442652e-02;2.646113e-02;4.555304e-02;2.667075e-02;1.506480e-02
1.179638e-02;2.478424e-02;4.271353e-01;8.546583e-02;1.729922e-01;7.794369e-02;1.062361e-01;2.791447e-02;2.107782e-02;1.402953e-02;7.969939e-03;2.265450e-02
1.140911e-02;1.588122e-02;2.963053e-01;8.985844e-02;2.521924e-01;1.029347e-01;1.125291e-01;2.514369e-02;4.078505e-02;1.255230e-02;1.040483e-02;3.000393e-02
2.935362e-02;1.550968e-02;1.708935e-01;6.187114e-02;2.239092e-01;1.468648e-01;2.212903e-01;2.976589e-02;4.237929e-02;2.039238e-02;1.253529e-02;2.523478e-02
3.613866e-02;2.915793e-02;1.060516e-01;3.665428e-02;1.208809e-01;1.423903e-01;4.010809e-01;4.196239e-02;2.636948e-02;2.241786e-02;1.866220e-02;1.823354e-02
2.987058e-02;3.043527e-02;8.846702e-02;3.043071e-02;4.616957e-02;8.901457e-02;5.166470e-01;6.368953e-02;3.313607e-02;2.621703e-02;2.648117e-02;1.944143e-02
2.656862e-02;1.713520e-02;1.209465e-01;3.897408e-02;4.770043e-02;7.505899e-02;3.773040e-01;9.496851e-02;1.031358e-01;4.815711e-02;2.574953e-02;2.430132e-02
7.787245e-02;4.077546e-02;1.347951e-01;4.011929e-02;4.790846e-02;3.873922e-02;4.891645e-02;7.685000e-02;1.688492e-01;1.352097e-01;1.188517e-01;7.111294e-02
1.162023e-01;3.501490e-02;9.381893e-02;2.037607e-02;3.794496e-02;2.913177e-02;1.080898e-01;2.566207e-02;7.526924e-02;1.131591e-01;1.986108e-01;1.467200e-01
2.024677e-01;9.837876e-02;1.098628e-01;2.227913e-02;2.393501e-02;2.780312e-02;7.043672e-02;9.306525e-03;2.861349e-02;5.537226e-02;1.610252e-01;1.905194e-01
2.279502e-01;1.904508e-01;2.105392e-01;3.440205e-02;1.909618e-02;1.458821e-02;3.002498e-02;5.082954e-03;2.431482e-02;2.377564e-02;7.535408e-02;1.444208e-01
1.328564e-01;2.641838e-01;3.349229e-01;6.555003e-02;3.496168e-02;1.412145e-02;1.990516e-02;3.169522e-03;3.583161e-02;1.154562e-02;1.995520e-02;6.299664e-02
9.017310e-02;2.767003e-01;2.793812e-01;9.334434e-02;5.927418e-02;3.204226e-02;2.569179e-02;5.066535e-03;8.006421e-02;2.314967e-02;1.100452e-02;2.410782e-02
1.486550e-01;2.909002e-01;1.256748e-01;4.998326e-02;4.599566e-02;4.289906e-02;2.400933e-02;8.572008e-03;1.403061e-01;6.647436e-02;2.660245e-02;2.992778e-02
2.463623e-01;2.643718e-01;5.508974e-02;1.909170e-02;2.323003e-02;2.976818e-02;1.902157e-02;1.288549e-02;1.535433e-01;1.046033e-01;3.540093e-02;3.663171e-02
3.500319e-01;2.245134e-01;3.619315e-02;1.903831e-02;4.077805e-02;1.808416e-02;1.529539e-02;3.857410e-02;9.976716e-02;7.567231e-02;3.234117e-02;4.971091e-02
3.891107e-01;2.116238e-01;6.662767e-02;2.267390e-02;6.401332e-02;1.399912e-02;2.621426e-02;6.188228e-02;3.500004e-02;2.750335e-02;2.428125e-02;5.707036e-02
3.227891e-01;1.865007e-01;1.009944e-01;2.794254e-02;6.769892e-02;1.357065e-02;6.011198e-02;5.383829e-02;3.578391e-02;2.627543e-02;3.674925e-02;6.774479e-02
2.863309e-01;2.093583e-01;1.266305e-01;2.627075e-02;4.343248e-02;2.404406e-02;6.501634e-02;3.173000e-02;5.956522e-02;4.166023e-02;4.555841e-02;4.040278e-02
2.974681e-01;2.588749e-01;1.159595e-01;4.041108e-02;3.653547e-02;2.246826e-02;3.367587e-02;3.237279e-02;6.678721e-02;3.611375e-02;4.640424e-02;1.292878e-02
3.245407e-01;2.951803e-01;6.065242e-02;4.278782e-02;4.377436e-02;1.360844e-02;2.389532e-02;2.439186e-02;5.644794e-02;3.853310e-02;4.024369e-02;3.594405e-02
2.320858e-01;3.174096e-01;8.920106e-02;2.824252e-02;4.801309e-02;2.470353e-02;3.397230e-02;1.973710e-02;4.933530e-02;6.980883e-02;3.687023e-02;5.062068e-02
1.218617e-01;2.568238e-01;1.035170e-01;2.417643e-02;3.758414e-02;4.448807e-02;8.115559e-02;3.550563e-02;6.071049e-02;1.152965e-01;5.119048e-02;6.769015e-02
1.049718e-01;1.393199e-01;6.593806e-02;1.818987e-02;4.855144e-02;4.891229e-02;1.845283e-01;7.035929e-02;6.693155e-02;1.204005e-01;8.577107e-02;4.612587e-02
9.797253e-02;6.159013e-02;4.041673e-02;1.522672e-02;3.049234e-02;4.848334e-02;3.056952e-01;1.015328e-01;6.787719e-02;1.082115e-01;8.953664e-02;3.296490e-02
5.787953e-02;2.697871e-02;5.965908e-02;1.224316e-02;3.881544e-02;7.112534e-02;4.045841e-01;1.036516e-01;5.618938e-02;7.994217e-02;5.948355e-02;2.944795e-02
3.432770e-02;2.955298e-02;1.182335e-01;1.891561e-02;8.217472e-02;1.179563e-01;3.819470e-01;8.346780e-02;3.539591e-02;4.652814e-02;3.590865e-02;1.559175e-02
3.532841e-02;3.103307e-02;2.073176e-01;4.182211e-02;1.485307e-01;1.436904e-01;2.241812e-01;7.942630e-02;1.925460e-02;3.073069e-02;2.767005e-02;1.101492e-02
4.510073e-02;3.330760e-02;1.580333e-01;6.899331e-02;2.138346e-01;1.124928e-01;1.823975e-01;7.690128e-02;2.806774e-02;3.507726e-02;3.190090e-02;1.389304e-02
2.355421e-02;3.184899e-02;2.919715e-01;8.387122e-02;1.659396e-01;8.905605e-02;1.946835e-01;3.305018e-02;2.028689e-02;2.926690e-02;2.644237e-02;1.002862e-02
1.261276e-02;3.318764e-02;4.574322e-01;7.600354e-02;9.308428e-02;4.984808e-02;1.929709e-01;1.767145e-02;1.733893e-02;2.419973e-02;1.750236e-02;8.148134e-03
4.236632e-02;5.532062e-02;4.241062e-01;5.134806e-02;8.636317e-02;3.983358e-02;2.092852e-01;1.460197e-02;2.086416e-02;2.028011e-02;2.168413e-02;1.394651e-02
4.940660e-02;3.253089e-02;2.090744e-01;1.205120e-01;2.281652e-01;8.485234e-02;1.578494e-01;1.751844e-02;2.556631e-02;2.807748e-02;2.130440e-02;2.514261e-02
3.338072e-02;3.026671e-02;1.165045e-01;1.705501e-01;3.677694e-01;7.755924e-02;9.357867e-02;3.264218e-02;1.921619e-02;2.480853e-02;1.196311e-02;2.176068e-02
1.144300e-02;2.649924e-02;1.002055e-01;2.199828e-01;3.826769e-01;4.631273e-02;4.129946e-02;8.064520e-02;1.908975e-02;1.895399e-02;3.788700e-02;1.500438e-02
1.141624e-02;1.461770e-02;1.840739e-01;2.795806e-01;1.968159e-01;3.151847e-02;2.712591e-02;1.426867e-01;2.117012e-02;2.208744e-02;5.714127e-02;1.176574e-02
1.799721e-02;2.243927e-02;3.063068e-01;2.043021e-01;9.303723e-02;1.476504e-02;4.524383e-02;1.481220e-01;3.128393e-02;6.451532e-02;4.556601e-02;6.421322e-03
2.293670e-02;6.730419e-02;3.938681e-01;7.758464e-02;5.505872e-02;1.311188e-02;6.055935e-02;1.034386e-01;4.687908e-02;1.273509e-01;2.110798e-02;1.079998e-02
6.641342e-02;1.577186e-01;2.989887e-01;3.993467e-02;4.159195e-02;2.131730e-02;3.831697e-02;5.740449e-02;1.170868e-01;1.268507e-01;1.173146e-02;2.264483e-02
1.815940e-01;2.038392e-01;1.513851e-01;3.591488e-02;3.610811e-02;2.242658e-02;2.445992e-02;5.874103e-02;1.563107e-01;7.305792e-02;2.883454e-02;2.732808e-02
3.220351e-01;1.501791e-01;8.179615e-02;2.509380e-02;4.238849e-02;1.577533e-02;4.221642e-02;9.722275e-02;1.019643e-01;4.080564e-02;4.173531e-02;3.878747e-02
3.727840e-01;9.556855e-02;7.918740e-02;2.459791e-02;3.383407e-02;1.984165e-02;5.468592e-02;1.160274e-01;4.416750e-02;5.355931e-02;4.319561e-02;6.255066e-02
3.294615e-01;1.013593e-01;1.235898e-01;2.244816e-02;2.201790e-02;2.683647e-02;5.529381e-02;9.364486e-02;5.176326e-02;6.944055e-02;3.752713e-02;6.661725e-02
3.157123e-01;4.750587e-02;1.750714e-01;3.152902e-02;3.074766e-02;2.229220e-02;5.503111e-02;7.809393e-02;7.995182e-02;6.821642e-02;4.842933e-02;4.741893e-02
2.441155e-01;1.066666e-01;1.221284e-01;5.662331e-02;3.588477e-02;4.308625e-02;8.598711e-02;4.234652e-02;6.356537e-02;6.461957e-02;6.965166e-02;6.532495e-02
2.182541e-01;6.739166e-02;1.402743e-01;7.355337e-02;5.083177e-02;6.204363e-02;9.889981e-02;3.731682e-02;4.304243e-02;5.154300e-02;6.217752e-02;9.467165e-02
3.114064e-01;8.235957e-02;1.247226e-01;6.253903e-02;7.343826e-02;5.053045e-02;5.642266e-02;6.644615e-02;2.930791e-02;3.117243e-02;4.045651e-02;7.119797e-02
3.595708e-01;1.403590e-01;1.405943e-01;6.598949e-02;8.862567e-02;2.330586e-02;1.777736e-02;6.104087e-02;1.765378e-02;2.194519e-02;2.664633e-02;3.649139e-02
2.688397e-01;2.419708e-01;2.108862e-01;5.662297e-02;6.281520e-02;2.669846e-02;1.381765e-02;3.090994e-02;3.347514e-02;1.556002e-02;1.735646e-02;2.104751e-02
1.378018e-01;2.763696e-01;3.679617e-01;3.853730e-02;2.014286e-02;4.054654e-02;1.788465e-02;1.613951e-02;3.989914e-02;2.340912e-02;6.881821e-03;1.442599e-02
6.042355e-02;1.843871e-01;5.437335e-01;3.665689e-02;2.439790e-02;2.266189e-02;3.117763e-02;1.358644e-02;2.254452e-02;4.242278e-02;7.090057e-03;1.091774e-02
2.745139e-02;9.240568e-02;5.950242e-01;9.523902e-02;3.950835e-02;1.499597e-02;3.876245e-02;1.005418e-02;1.150457e-02;4.265498e-02;2.416808e-02;8.231087e-03
3.476932e-02;4.532130e-02;4.676042e-01;1.724515e-01;8.911461e-02;3.122522e-02;3.699579e-02;2.222366e-02;1.334555e-02;2.198730e-02;4.875754e-02;1.620392e-02
4.003391e-02;5.641887e-02;2.699752e-01;1.736995e-01;2.093545e-01;5.666867e-02;3.499185e-02;3.194038e-02;1.875097e-02;1.589561e-02;4.686816e-02;4.540233e-02
2.740961e-02;5.215744e-02;1.710542e-01;1.025803e-01;2.957508e-01;9.779776e-02;9.681784e-02;1.712547e-02;3.438348e-02;1.504722e-02;2.201862e-02;6.785718e-02
3.190946e-02;3.680554e-02;1.325884e-01;5.651812e-02;2.769955e-01;1.975681e-01;1.494358e-01;1.138252e-02;3.497278e-02;1.372285e-02;7.044571e-03;5.105634e-02
7.867406e-02;2.572841e-02;9.938356e-02;3.010868e-02;1.485947e-01;3.020594e-01;2.238607e-01;2.525270e-02;1.523303e-02;2.348457e-02;9.626591e-03;1.799358e-02
8.644937e-02;1.533360e-02;4.277443e-02;2.149948e-02;7.499440e-02;3.173209e-01;3.224884e-01;4.632898e-02;8.091968e-03;4.725715e-02;8.280110e-03;9.181158e-03
6.781674e-02;8.542329e-03;3.945706e-02;2.128814e-02;6.045680e-02;2.537127e-01;3.839782e-01;6.040501e-02;1.351956e-02;6.863537e-02;1.372092e-02;8.467111e-03
4.294661e-02;9.279336e-03;4.681830e-02;2.639259e-02;6.536545e-02;1.956235e-01;4.050387e-01;5.058471e-02;2.113210e-02;8.585133e-02;4.049401e-02;1.047333e-02
6.585390e-02;1.637500e-02;7.085104e-02;3.008178e-02;8.212207e-02;1.510821e-01;3.355966e-01;3.309527e-02;2.094439e-02;1.061486e-01;6.766265e-02;2.018663e-02
8.379286e-02;4.404183e-02;1.579777e-01;2.985909e-02;1.124804e-01;1.198676e-01;1.967530e-01;2.671826e-02;3.038085e-02;9.173342e-02;5.340315e-02;5.299189e-02
5.420737e-02;9.118427e-02;2.734381e-01;5.944747e-02;1.318871e-01;6.552916e-02;8.845008e-02;4.069236e-02;3.357855e-02;4.092877e-02;4.048059e-02;8.017618e-02
3.651871e-02;9.295598e-02;3.493732e-01;8.681051e-02;1.215703e-01;5.405896e-02;8.928868e-02;4.291867e-02;1.411198e-02;1.842736e-02;5.500858e-02;3.895702e-02
9.489437e-02;4.748154e-02;4.651637e-01;7.727641e-02;1.091042e-01;4.573363e-02;4.827268e-02;2.531718e-02;1.326525e-02;1.580480e-02;4.470459e-02;1.298166e-02
1.504129e-01;2.771674e-02;5.063639e-01;4.224508e-02;8.069000e-02;2.988768e-02;4.231904e-02;1.828382e-02;2.144707e-02;3.275213e-02;2.310648e-02;2.477518e-02
1.365979e-01;6.059450e-02;4.635530e-01;3.308513e-02;6.385810e-02;2.095105e-02;4.771027e-02;2.990763e-02;3.072807e-02;3.976240e-02;2.148094e-02;5.177094e-02
1.733802e-01;6.620290e-02;3.056488e-01;2.659916e-02;5.929144e-02;4.280937e-02;6.276152e-02;3.237999e-02;3.995409e-02;4.839582e-02;5.217299e-02;9.040382e-02
2.050088e-01;4.891171e-02;2.247853e-01;3.766938e-02;5.883012e-02;5.356663e-02;4.332495e-02;3.427069e-02;3.213305e-02;4.919666e-02;7.420557e-02;1.380970e-01
1.506258e-01;5.183788e-02;1.467270e-01;2.935607e-02;8.186507e-02;5.831112e-02;8.230542e-02;4.236107e-02;3.137795e-02;8.992003e-02;1.073915e-01;1.279212e-01
7.427995e-02;4.119693e-02;6.770512e-02;2.625326e-02;7.706413e-02;5.717013e-02;2.170219e-01;5.904027e-02;8.175843e-02;1.495611e-01;9.601410e-02;5.293462e-02
6.628574e-02;4.472124e-02;8.668553e-02;2.448163e-02;8.042620e-02;6.094161e-02;2.863453e-01;6.646276e-02;8.936205e-02;1.005072e-01;6.405918e-02;2.972159e-02
8.796560e-02;4.260969e-02;1.272252e-01;3.220722e-02;1.224185e-01;8.111138e-02;2.766851e-01;6.976862e-02;5.189893e-02;4.851184e-02;2.488655e-02;3.471125e-02
7.177602e-02;2.683423e-02;2.361182e-01;4.321392e-02;1.117722e-01;8.251157e-02;2.315908e-01;5.915484e-02;3.335407e-02;3.696132e-02;2.703884e-02;3.967397e-02
9.799793e-02;5.213444e-02;2.878092e-01;3.793414e-02;6.704145e-02;6.504501e-02;2.060665e-01;4.588343e-02;3.862873e-02;3.638859e-02;3.884317e-02;2.622741e-02
1.463593e-01;8.784319e-02;1.871104e-01;3.912938e-02;5.711540e-02;9.136596e-02;2.166663e-01;3.982279e-02;2.457442e-02;4.963721e-02;3.415848e-02;2.621715e-02
1.431162e-01;8.196484e-02;1.479145e-01;3.916233e-02;5.806636e-02;1.315169e-01;2.443469e-01;2.279999e-02;1.647807e-02;5.026020e-02;3.719559e-02;2.717805e-02
9.410219e-02;5.484131e-02;1.818854e-01;3.612059e-02;6.279217e-02;1.573022e-01;2.637911e-01;1.961914e-02;2.307866e-02;4.286310e-02;4.317499e-02;2.042915e-02
7.120455e-02;4.128293e-02;1.432431e-01;3.809709e-02;2.824632e-02;1.646871e-01;3.422700e-01;2.445379e-02;2.742678e-02;5.483843e-02;4.572237e-02;1.852753e-02
8.915842e-02;5.140321e-02;8.083643e-02;4.640793e-02;5.606730e-02;1.452618e-01;3.318641e-01;2.758027e-02;2.958814e-02;7.251263e-02;3.698031e-02;3.233947e-02
8.966127e-02;6.583130e-02;8.770787e-02;3.786395e-02;8.474828e-02;1.133961e-01;2.988420e-01;2.866283e-02;3.194148e-02;7.441828e-02;4.431413e-02;4.261249e-02
7.415400e-02;7.438660e-02;1.029697e-01;3.078700e-02;7.995885e-02;8.049219e-02;3.331077e-01;4.634699e-02;2.710402e-02;6.626567e-02;4.368095e-02;4.074640e-02
5.451709e-02;8.154326e-02;9.770861e-02;4.888152e-02;7.161751e-02;3.834206e-02;3.456110e-01;5.672831e-02;4.083372e-02;6.277204e-02;5.410267e-02;4.734223e-02
7.467434e-02;7.459944e-02;1.636419e-01;6.256794e-02;7.019888e-02;4.602430e-02;2.628525e-01;5.222213e-02;3.993893e-02;4.748617e-02;5.617348e-02;4.962005e-02
1.104283e-01;7.637878e-02;1.768447e-01;6.148177e-02;6.262256e-02;5.979624e-02;2.157751e-01;3.906463e-02;4.542556e-02;5.513399e-02;4.467215e-02;5.237626e-02
1.038044e-01;6.308831e-02;1.840169e-01;7.317742e-02;5.458697e-02;6.377490e-02;1.640000e-01;4.152443e-02;6.605449e-02;7.611671e-02;4.560049e-02;6.425495e-02
