5.197758e-02;6.596772e-02;1.730316e-01;6.246146e-02;8.014336e-02;8.164153e-02;1.219048e-01;8.858742e-02;1.060474e-01;8.329003e-02;5.198477e-02;3.296231e-02
6.006926e-02;5.163930e-02;1.291873e-01;4.631450e-02;8.849435e-02;6.380932e-02;1.425308e-01;8.163966e-02;1.123725e-01;1.083192e-01;6.804591e-02;4.757793e-02
4.463474e-02;4.518203e-02;1.346626e-01;4.729117e-02;7.592037e-02;4.203361e-02;2.044851e-01;8.103124e-02;8.238006e-02;9.307474e-02;8.070222e-02;6.860212e-02
6.783520e-02;9.600836e-02;1.293979e-01;1.035046e-01;8.012769e-02;5.978197e-02;1.521073e-01;7.031383e-02;3.977749e-02;8.070775e-02;5.185142e-02;6.858650e-02
8.125965e-02;1.148867e-01;1.157804e-01;7.847573e-02;7.712919e-02;9.732231e-02;1.318779e-01;5.857499e-02;4.927798e-02;7.878727e-02;4.643728e-02;7.019064e-02
9.748339e-02;9.162424e-02;1.063063e-01;3.610583e-02;7.956141e-02;1.087807e-01;1.255666e-01;7.756503e-02;7.505582e-02;6.100442e-02;7.377116e-02;6.717502e-02
1.108333e-01;8.813168e-02;9.784969e-02;2.269046e-02;1.056359e-01;8.460754e-02;1.345787e-01;9.497780e-02;5.966251e-02;7.199922e-02;7.512258e-02;5.391060e-02
1.388792e-01;8.712560e-02;9.964040e-02;3.222863e-02;1.211787e-01;6.477340e-02;1.133610e-01;1.064365e-01;3.404828e-02;8.319185e-02;7.010574e-02;4.903071e-02
1.444889e-01;8.832850e-02;9.763146e-02;3.880903e-02;1.082561e-01;5.009466e-02;1.018882e-01;9.340902e-02;7.472189e-02;8.729476e-02;5.469244e-02;6.038510e-02
1.215850e-01;1.114661e-01;6.927225e-02;4.354814e-02;9.128755e-02;5.338685e-02;1.035008e-01;6.862719e-02;1.014646e-01;1.106084e-01;4.873278e-02;7.652032e-02
1.035942e-01;1.249457e-01;5.670419e-02;4.963067e-02;9.331457e-02;5.353139e-02;9.070048e-02;6.351271e-02;9.709729e-02;1.315958e-01;5.748351e-02;7.788962e-02
9.748905e-02;1.166986e-01;6.547601e-02;7.644249e-02;8.712647e-02;4.500819e-02;1.166863e-01;6.663337e-02;1.202989e-01;1.011714e-01;5.785327e-02;4.911592e-02
3.323427e-02;8.053526e-02;8.195107e-02;9.289607e-02;1.082147e-01;7.009884e-02;1.229719e-01;7.903345e-02;1.115001e-01;8.308959e-02;5.812497e-02;7.834972e-02
4.999001e-02;4.353376e-02;8.940515e-02;8.052152e-02;8.972243e-02;9.370121e-02;1.136213e-01;1.011776e-01;9.532549e-02;9.815632e-02;5.965728e-02;8.518787e-02
9.311000e-02;3.935194e-02;1.048643e-01;6.964704e-02;9.672727e-02;8.118752e-02;1.251767e-01;1.062625e-01;8.120947e-02;7.332254e-02;7.424042e-02;5.490032e-02
8.620124e-02;5.843655e-02;7.681895e-02;8.257775e-02;8.269928e-02;1.269939e-01;1.127387e-01;7.600724e-02;1.071843e-01;9.273997e-02;4.423242e-02;5.336969e-02
8.550654e-02;7.615824e-02;4.556684e-02;9.032222e-02;4.731758e-02;1.526301e-01;1.279915e-01;8.194260e-02;8.650836e-02;1.136017e-01;3.115881e-02;6.129549e-02
9.110904e-02;8.261720e-02;3.401032e-02;5.209643e-02;7.125543e-02;1.044094e-01;1.769466e-01;1.018312e-01;5.949470e-02;1.063662e-01;4.949743e-02;7.036605e-02
1.117428e-01;8.611414e-02;6.783288e-02;7.539834e-02;6.470853e-02;6.278092e-02;1.669176e-01;1.068565e-01;8.008108e-02;6.112159e-02;5.509121e-02;6.135433e-02
1.115301e-01;1.198115e-01;8.477072e-02;7.699015e-02;4.159811e-02;5.641471e-02;1.782942e-01;9.911483e-02;9.457751e-02;6.529123e-02;3.460398e-02;3.700301e-02
1.136468e-01;1.031344e-01;9.097700e-02;4.882003e-02;4.384653e-02;5.137163e-02;1.844531e-01;1.053088e-01;1.043159e-01;7.393872e-02;5.147992e-02;2.870711e-02
1.048711e-01;1.191716e-01;7.121943e-02;4.463651e-02;6.053086e-02;5.682045e-02;1.980885e-01;8.691743e-02;8.445923e-02;6.515186e-02;5.463010e-02;5.350301e-02
6.887715e-02;1.168798e-01;6.532330e-02;5.742130e-02;6.934062e-02;8.430582e-02;1.951812e-01;1.058801e-01;7.923479e-02;5.673040e-02;3.035548e-02;7.047000e-02
5.101397e-02;8.832305e-02;8.604895e-02;6.884299e-02;4.484494e-02;8.929240e-02;1.751422e-01;1.295525e-01;7.919136e-02;6.397439e-02;6.468058e-02;5.909270e-02
8.261849e-02;9.750646e-02;1.352658e-01;8.060028e-02;4.160559e-02;8.791477e-02;8.841724e-02;9.685184e-02;6.383596e-02;7.233168e-02;8.459856e-02;6.845333e-02
1.005234e-01;1.050636e-01;1.558859e-01;8.685529e-02;3.373046e-02;1.057406e-01;7.138710e-02;7.510458e-02;7.667776e-02;6.782240e-02;4.756233e-02;7.364652e-02
1.199400e-01;1.056784e-01;1.835181e-01;6.457822e-02;4.695549e-02;1.108490e-01;7.851813e-02;4.809543e-02;6.418391e-02;6.146970e-02;5.572597e-02;6.048769e-02
1.427755e-01;8.250789e-02;1.758618e-01;3.191168e-02;4.598784e-02;8.594377e-02;9.970418e-02;3.671706e-02;4.972899e-02;6.743607e-02;9.717654e-02;8.424870e-02
1.064743e-01;6.717928e-02;1.453161e-01;2.952794e-02;3.971246e-02;8.562669e-02;9.773237e-02;2.736149e-02;4.011352e-02;6.855272e-02;1.518143e-01;1.405888e-01
1.262822e-01;4.031382e-02;8.598994e-02;3.478914e-02;2.418327e-02;6.687328e-02;9.701431e-02;2.966405e-02;2.100293e-02;4.948557e-02;1.695732e-01;2.548283e-01
3.815284e-01;7.815126e-02;4.485871e-02;2.615425e-02;1.075466e-02;1.949845e-02;6.304365e-02;4.252077e-02;1.285153e-02;2.326365e-02;7.050276e-02;2.268719e-01
4.834729e-01;2.054400e-01;5.224364e-02;1.352112e-02;7.911841e-03;7.861670e-03;2.917469e-02;4.270314e-02;2.704531e-02;8.871433e-03;2.032213e-02;1.014321e-01
3.443560e-01;3.091411e-01;1.662068e-01;1.254235e-02;5.493653e-03;1.652799e-02;2.329999e-02;2.161381e-02;4.791680e-02;1.397254e-02;1.002116e-02;2.890778e-02
1.333578e-01;2.465905e-01;3.883314e-01;3.647317e-02;1.873031e-02;2.477846e-02;2.360547e-02;1.250478e-02;4.581783e-02;3.410603e-02;1.258516e-02;2.311917e-02
1.859425e-02;1.061284e-01;5.078683e-01;1.338236e-01;4.976700e-02;1.878071e-02;2.280191e-02;2.138744e-02;1.883580e-02;4.613168e-02;3.564697e-02;2.023396e-02
2.678278e-02;4.684928e-02;3.639965e-01;2.342317e-01;1.118948e-01;2.826456e-02;1.811922e-02;3.221703e-02;2.649363e-02;2.735398e-02;4.913890e-02;3.465761e-02
3.035006e-02;2.878964e-02;2.029767e-01;2.305735e-01;2.121531e-01;6.675228e-02;3.142617e-02;2.520632e-02;5.027911e-02;1.457470e-02;3.080640e-02;7.611208e-02
6.718105e-02;1.313791e-02;1.506467e-01;1.240197e-01;2.088009e-01;1.309725e-01;8.813138e-02;1.685876e-02;5.551213e-02;5.677921e-02;1.214510e-02;7.581460e-02
8.090810e-02;1.723236e-02;8.175401e-02;1.064643e-01;1.091557e-01;1.754003e-01;2.118284e-01;2.390474e-02;3.478646e-02;1.048339e-01;2.001689e-02;3.371489e-02
4.916598e-02;3.079650e-02;6.628528e-02;1.167349e-01;7.295101e-02;1.410192e-01;3.215185e-01;2.200060e-02;2.111033e-02;9.756353e-02;2.777041e-02;3.308381e-02
6.610797e-02;5.448091e-02;8.144855e-02;1.072819e-01;7.236047e-02;8.897410e-02;3.472779e-01;2.213802e-02;1.278693e-02;4.670896e-02;7.049943e-02;2.993486e-02
1.126908e-01;5.306961e-02;8.011483e-02;1.216907e-01;8.413713e-02;7.228200e-02;2.792192e-01;4.435893e-02;1.875673e-02;5.506144e-02;5.532059e-02;2.329813e-02
1.106986e-01;7.533941e-02;6.932780e-02;9.865328e-02;1.231612e-01;6.500975e-02;2.188924e-01;8.731665e-02;3.985774e-02;6.688441e-02;2.980572e-02;1.505307e-02
9.173222e-02;9.561548e-02;9.799755e-02;6.422739e-02;1.270457e-01;6.311560e-02;1.415110e-01;1.260281e-01;5.154684e-02;7.383106e-02;3.402381e-02;3.332523e-02
8.069709e-02;8.907209e-02;1.395191e-01;7.420719e-02;9.279994e-02;9.553844e-02;1.313874e-01;1.214555e-01;4.047323e-02;6.610829e-02;2.841113e-02;4.033058e-02
7.109720e-02;8.949511e-02;1.620152e-01;1.081861e-01;6.429271e-02;1.034652e-01;1.709377e-01;6.032068e-02;4.228172e-02;5.282717e-02;2.917830e-02;4.590296e-02
6.942206e-02;1.164550e-01;1.816435e-01;1.016318e-01;5.392835e-02;6.770597e-02;1.657852e-01;6.659398e-02;4.651333e-02;5.987063e-02;2.630882e-02;4.414126e-02
6.127184e-02;9.020297e-02;1.838496e-01;9.691381e-02;7.865508e-02;5.595981e-02;1.765238e-01;5.280090e-02;4.640047e-02;8.731192e-02;2.657069e-02;4.353916e-02
4.486310e-02;5.163408e-02;1.365296e-01;1.068359e-01;1.227308e-01;6.727988e-02;1.796691e-01;3.777703e-02;6.799535e-02;1.000904e-01;4.834878e-02;3.624592e-02
5.759078e-02;4.484124e-02;1.332236e-01;9.576996e-02;1.016601e-01;8.604986e-02;1.685706e-01;6.847471e-02;6.165577e-02;9.731794e-02;5.217379e-02;3.267162e-02
5.357706e-02;4.859515e-02;1.425023e-01;8.834450e-02;9.106126e-02;1.201389e-01;1.442223e-01;9.269744e-02;6.414431e-02;7.945420e-02;4.863775e-02;2.662481e-02
3.025849e-02;4.952135e-02;2.034457e-01;1.262178e-01;8.166717e-02;1.318379e-01;1.319418e-01;6.717865e-02;4.621246e-02;7.288669e-02;3.669891e-02;2.213314e-02
4.787805e-02;4.614243e-02;2.569259e-01;1.996556e-01;6.406837e-02;7.732364e-02;8.271175e-02;7.010015e-02;4.952591e-02;6.787484e-02;2.639913e-02;1.139428e-02
4.832333e-02;3.535450e-02;3.253882e-01;2.072307e-01;7.486551e-02;5.015693e-02;5.036341e-02;5.865530e-02;6.718602e-02;4.221665e-02;2.303706e-02;1.722232e-02
5.757548e-02;3.549344e-02;3.558432e-01;1.241530e-01;9.102496e-02;8.227464e-02;7.778750e-02;3.670447e-02;4.582110e-02;4.309921e-02;3.765961e-02;1.256342e-02
5.011457e-02;4.918665e-02;3.765265e-01;9.033374e-02;8.621027e-02;5.439905e-02;1.259851e-01;3.349049e-02;2.671406e-02;4.667357e-02;3.591990e-02;2.444612e-02
8.243360e-02;9.207240e-02;3.909298e-01;8.368924e-02;6.028567e-02;3.818347e-02;1.035142e-01;2.645039e-02;3.573230e-02;3.746291e-02;2.383197e-02;2.541409e-02
1.438921e-01;1.298421e-01;3.976391e-01;7.145844e-02;3.755582e-02;3.046461e-02;5.827583e-02;1.969881e-02;4.881617e-02;2.591330e-02;1.691222e-02;1.953156e-02
2.316015e-01;1.316861e-01;3.513771e-01;5.151789e-02;2.775682e-02;2.099298e-02;3.366007e-02;3.414351e-02;4.051702e-02;2.165416e-02;2.844493e-02;2.664785e-02
2.628384e-01;7.524858e-02;2.987415e-01;6.118074e-02;2.177921e-02;2.838655e-02;4.554434e-02;4.728846e-02;2.199724e-02;3.429884e-02;4.782126e-02;5.487487e-02
2.285017e-01;5.643116e-02;2.300225e-01;8.641787e-02;3.439518e-02;2.945064e-02;5.490067e-02;3.312764e-02;4.074575e-02;7.092937e-02;6.508266e-02;6.999494e-02
1.936096e-01;9.089573e-02;2.157979e-01;6.571411e-02;7.347284e-02;2.813191e-02;5.856052e-02;2.856548e-02;3.687463e-02;8.435883e-02;6.961612e-02;5.440228e-02
1.561974e-01;1.128524e-01;2.321052e-01;5.472903e-02;8.607556e-02;6.005619e-02;6.049023e-02;4.170133e-02;3.833075e-02;7.263981e-02;4.823806e-02;3.658390e-02
1.050559e-01;9.945723e-02;1.989817e-01;7.045313e-02;6.610011e-02;1.169745e-01;6.197644e-02;5.334585e-02;8.478197e-02;6.071096e-02;3.521762e-02;4.694453e-02
7.903916e-02;1.132689e-01;1.331706e-01;6.492729e-02;4.655811e-02;1.371361e-01;1.042268e-01;4.949369e-02;1.300396e-01;5.778795e-02;2.376438e-02;6.058737e-02
7.283176e-02;7.158829e-02;1.311606e-01;1.029245e-01;1.212441e-01;7.499246e-02;1.061630e-01;6.339400e-02;9.092163e-02;5.584741e-02;3.415307e-02;7.477929e-02
6.922429e-02;7.207080e-02;1.829991e-01;7.777581e-02;1.521650e-01;4.801460e-02;9.579685e-02;6.785832e-02;6.903751e-02;5.761602e-02;3.868235e-02;6.875936e-02
1.033947e-01;9.724721e-02;2.140923e-01;7.315275e-02;1.092062e-01;7.231909e-02;7.482285e-02;4.346685e-02;6.521552e-02;5.954521e-02;3.568418e-02;5.185310e-02
1.265247e-01;7.479254e-02;1.420655e-01;1.065885e-01;6.633397e-02;7.033117e-02;1.460037e-01;6.804075e-02;4.717207e-02;3.742706e-02;6.034373e-02;5.437627e-02
1.585304e-01;6.339718e-02;1.249502e-01;1.156449e-01;1.041388e-01;6.803795e-02;1.167130e-01;6.163212e-02;4.699859e-02;3.898849e-02;5.215060e-02;4.881780e-02
1.696590e-01;6.973751e-02;1.571763e-01;1.276532e-01;1.044711e-01;6.844903e-02;9.470528e-02;4.014497e-02;5.725770e-02;2.855791e-02;3.577491e-02;4.641316e-02
1.181204e-01;7.846193e-02;2.384080e-01;9.714835e-02;7.428589e-02;5.808899e-02;7.716875e-02;2.503352e-02;4.372047e-02;6.812198e-02;6.958862e-02;5.185309e-02
6.818732e-02;6.690995e-02;3.028628e-01;5.961871e-02;4.596775e-02;4.625407e-02;7.211698e-02;1.908639e-02;4.357967e-02;1.502623e-01;6.296355e-02;6.219062e-02
4.295617e-02;4.484653e-02;3.384836e-01;3.825220e-02;3.384484e-02;3.172877e-02;6.763014e-02;1.567148e-02;5.060763e-02;2.418260e-01;3.809399e-02;5.605870e-02
2.468904e-02;2.124632e-02;3.736640e-01;1.974170e-02;2.320604e-02;1.935773e-02;8.958716e-02;9.773789e-03;3.804164e-02;3.343465e-01;1.123504e-02;3.511111e-02
4.926239e-02;2.183116e-02;3.215272e-01;3.055649e-02;2.905155e-02;1.573303e-02;1.160323e-01;1.658160e-02;3.833213e-02;2.964157e-01;4.660462e-02;1.807182e-02
7.060976e-02;3.690663e-02;2.583675e-01;4.463641e-02;3.615035e-02;2.090591e-02;1.285806e-01;2.459326e-02;8.358984e-02;1.958641e-01;7.929770e-02;2.049784e-02
7.641503e-02;3.672204e-02;2.753361e-01;4.461316e-02;4.670757e-02;2.111487e-02;1.216834e-01;2.362636e-02;1.055340e-01;1.279076e-01;8.751706e-02;3.282284e-02
4.478582e-02;2.429513e-02;3.429613e-01;2.042221e-02;3.739199e-02;1.611177e-02;7.029645e-02;2.305871e-02;1.026544e-01;2.504393e-01;3.270715e-02;3.487579e-02
4.162552e-02;3.334311e-02;3.591422e-01;2.840747e-02;3.938391e-02;2.021896e-02;6.887211e-02;2.390832e-02;7.419287e-02;2.071933e-01;5.344604e-02;5.026622e-02
3.823889e-02;3.423095e-02;3.452049e-01;4.848913e-02;4.054435e-02;2.350664e-02;1.016380e-01;1.920362e-02;3.847276e-02;1.479388e-01;9.158099e-02;7.095096e-02
3.477177e-02;3.337804e-02;2.950223e-01;5.433199e-02;4.487720e-02;2.362309e-02;8.786421e-02;1.499632e-02;7.722872e-02;2.274602e-01;5.057900e-02;5.586717e-02
6.521628e-02;1.452889e-02;3.012897e-01;6.427079e-02;5.086411e-02;2.958940e-02;9.740189e-02;2.568377e-02;3.471181e-02;2.287636e-01;2.419547e-02;6.348423e-02
8.684188e-02;4.276196e-02;1.669862e-01;8.267523e-02;7.596595e-02;4.761547e-02;1.556841e-01;4.087501e-02;1.009636e-01;1.073549e-01;5.036592e-02;4.190973e-02
7.117955e-02;3.239412e-02;1.255648e-01;4.655419e-02;1.125997e-01;1.022996e-01;2.330162e-01;6.844836e-02;7.175832e-02;5.393563e-02;4.374423e-02;3.850526e-02
5.517656e-02;1.848499e-02;9.464752e-02;4.613747e-02;1.310137e-01;1.317526e-01;2.317932e-01;7.376446e-02;5.566171e-02;4.086300e-02;4.487632e-02;7.582851e-02
4.288311e-02;1.045707e-02;7.814366e-02;6.297988e-02;1.697424e-01;1.345837e-01;1.741967e-01;5.101068e-02;5.638733e-02;3.447769e-02;4.051180e-02;1.446259e-01
2.174124e-02;1.303201e-02;6.702258e-02;9.181822e-02;2.218332e-01;1.102355e-01;8.502121e-02;2.063052e-02;6.022825e-02;2.311242e-02;4.507171e-02;2.402531e-01
2.175189e-02;1.874771e-02;9.158474e-02;1.277631e-01;2.118843e-01;6.283280e-02;4.803852e-02;2.343408e-02;5.244106e-02;2.129811e-02;7.519670e-02;2.450270e-01
4.242802e-02;2.523184e-02;1.135193e-01;1.404561e-01;1.985100e-01;4.827173e-02;6.887794e-02;3.342586e-02;2.815942e-02;3.935793e-02;7.004569e-02;1.917161e-01
4.363988e-02;2.684070e-02;1.051139e-01;1.116673e-01;2.244946e-01;6.350321e-02;8.772502e-02;3.540067e-02;5.290769e-02;3.895621e-02;3.843856e-02;1.713123e-01
2.706442e-02;1.419738e-02;9.696316e-02;6.699006e-02;2.576121e-01;8.950182e-02;1.110145e-01;2.080229e-02;7.742409e-02;1.869204e-02;2.376116e-02;1.959769e-01
1.555127e-02;1.623983e-02;8.540516e-02;6.631744e-02;2.776321e-01;9.091849e-02;9.251302e-02;1.263602e-02;6.983141e-02;1.517400e-02;1.706595e-02;2.407153e-01
1.973539e-02;1.401539e-02;8.642136e-02;7.901907e-02;2.659109e-01;6.891827e-02;9.319930e-02;1.745412e-02;4.237095e-02;1.557139e-02;3.295390e-02;2.644300e-01
3.023732e-02;2.386646e-02;1.165778e-01;1.014120e-01;2.346521e-01;5.891097e-02;8.157886e-02;2.895640e-02;3.965756e-02;1.631680e-02;2.821167e-02;2.396222e-01
3.194969e-02;4.916310e-02;1.761038e-01;1.236074e-01;1.853508e-01;4.650909e-02;5.772106e-02;3.775894e-02;3.011976e-02;3.325969e-02;6.879833e-02;1.596584e-01
6.038857e-02;6.295438e-02;2.724727e-01;1.202012e-01;1.144410e-01;4.197483e-02;3.182502e-02;3.709892e-02;2.040113e-02;5.858039e-02;9.163710e-02;8.802465e-02
7.961742e-02;6.290365e-02;3.726755e-01;9.528739e-02;7.668518e-02;4.852590e-02;3.805841e-02;2.718191e-02;2.051310e-02;8.263163e-02;5.241370e-02;4.350617e-02
7.489013e-02;6.977658e-02;3.667340e-01;8.537579e-02;6.420060e-02;4.940360e-02;5.707534e-02;3.294357e-02;3.397088e-02;8.972914e-02;4.446557e-02;3.143476e-02
5.756811e-02;1.128000e-01;2.637770e-01;8.695485e-02;6.570178e-02;5.598988e-02;9.164518e-02;5.247935e-02;4.166650e-02;8.873881e-02;3.258883e-02;5.008969e-02
7.159862e-02;9.016958e-02;2.228185e-01;6.870861e-02;9.205076e-02;8.590630e-02;1.001335e-01;5.185645e-02;4.516986e-02;7.737208e-02;2.940133e-02;6.481441e-02
5.630845e-02;5.135487e-02;2.068273e-01;9.304198e-02;7.843743e-02;1.151465e-01;7.879757e-02;4.843653e-02;6.426511e-02;8.235038e-02;3.246487e-02;9.256901e-02
3.437883e-02;7.133399e-02;1.923170e-01;1.268802e-01;6.741125e-02;1.263355e-01;7.181610e-02;4.636500e-02;6.163834e-02;7.389269e-02;1.580784e-02;1.118232e-01
4.370465e-02;8.272993e-02;2.013491e-01;1.208775e-01;8.605525e-02;7.690977e-02;8.143193e-02;6.272446e-02;6.556456e-02;4.057424e-02;3.037701e-02;1.077017e-01
4.964560e-02;5.015718e-02;1.561134e-01;1.048327e-01;1.276722e-01;7.453959e-02;1.166203e-01;9.806743e-02;5.924618e-02;5.886614e-02;3.667174e-02;6.756766e-02
7.060856e-02;7.124674e-02;1.191113e-01;1.016138e-01;1.109641e-01;9.840927e-02;9.696437e-02;9.832749e-02;5.115722e-02;7.733142e-02;3.543807e-02;6.882764e-02
7.658263e-02;7.723362e-02;8.916041e-02;1.118649e-01;7.915884e-02;8.677874e-02;9.806000e-02;6.922915e-02;8.031287e-02;9.951755e-02;5.524016e-02;7.686113e-02
7.614464e-02;5.486000e-02;1.063854e-01;1.043843e-01;8.532653e-02;5.347320e-02;1.190197e-01;5.700238e-02;1.002538e-01;9.415270e-02;7.175256e-02;7.724471e-02
6.819162e-02;9.198487e-02;1.237057e-01;7.199436e-02;1.066383e-01;4.745516e-02;1.376574e-01;5.096844e-02;7.591743e-02;8.214390e-02;5.947416e-02;8.386861e-02
4.727715e-02;1.640004e-01;1.175932e-01;9.658159e-02;1.270410e-01;3.501398e-02;1.372015e-01;3.657856e-02;5.776928e-02;7.047334e-02;3.731104e-02;7.315901e-02
4.524764e-02;2.247717e-01;9.389100e-02;1.300958e-01;1.438513e-01;5.168198e-02;8.397716e-02;3.909372e-02;6.106788e-02;6.083691e-02;1.590830e-02;4.957669e-02
5.180886e-02;1.765618e-01;9.451530e-02;1.230605e-01;1.457977e-01;5.097050e-02;6.164614e-02;5.942807e-02;6.733951e-02;8.419814e-02;3.541734e-02;4.925613e-02
7.957560e-02;6.930584e-02;1.033031e-01;8.368367e-02;1.349189e-01;9.174754e-02;8.204956e-02;7.988348e-02;5.946529e-02;1.068336e-01;4.724203e-02;6.199135e-02
5.391496e-02;4.410774e-02;9.581506e-02;5.328574e-02;2.288920e-01;1.490644e-01;7.825650e-02;6.611623e-02;6.643119e-02;7.739633e-02;5.170781e-02;3.501210e-02
2.376591e-02;2.700881e-02;6.731410e-02;6.706183e-02;2.345027e-01;2.123972e-01;8.281802e-02;3.996002e-02;9.981015e-02;8.662123e-02;3.216017e-02;2.657987e-02
2.678751e-02;2.054399e-02;1.486431e-01;7.451884e-02;1.819969e-01;1.875475e-01;1.098675e-01;4.835230e-02;1.060292e-01;6.438848e-02;1.759308e-02;1.373167e-02
1.859798e-02;1.513258e-02;3.192618e-01;6.032924e-02;1.448144e-01;9.531772e-02;1.420857e-01;4.465052e-02;7.572041e-02;4.565235e-02;2.619629e-02;1.224101e-02
1.580626e-02;1.548729e-02;4.606227e-01;6.443145e-02;1.217382e-01;5.976840e-02;1.340450e-01;2.326589e-02;2.973424e-02;3.364446e-02;3.359570e-02;7.860440e-03
1.383364e-02;1.328032e-02;5.224774e-01;8.260387e-02;1.212668e-01;5.681689e-02;8.660617e-02;3.035948e-02;8.912721e-03;1.874670e-02;3.654236e-02;8.553587e-03
1.522227e-02;1.416804e-02;3.918203e-01;8.353710e-02;1.607644e-01;7.794730e-02;1.362516e-01;3.730585e-02;1.119388e-02;1.906998e-02;2.543250e-02;2.728675e-02
3.037997e-02;1.403027e-02;1.826725e-01;6.515966e-02;1.879450e-01;1.296951e-01;2.598558e-01;2.873806e-02;1.651875e-02;2.923588e-02;1.626515e-02;3.950384e-02
4.511600e-02;1.571553e-02;8.393355e-02;4.475908e-02;1.477728e-01;1.681282e-01;3.464294e-01;5.069346e-02;2.687461e-02;3.577804e-02;1.209299e-02;2.270638e-02
4.366934e-02;2.289717e-02;6.450249e-02;3.705953e-02;9.499904e-02;1.589681e-01;4.193445e-01;5.453281e-02;3.718393e-02;4.654268e-02;1.368558e-02;6.614800e-03
2.813840e-02;1.622467e-02;3.194062e-02;2.380471e-02;5.364731e-02;1.008826e-01;5.760887e-01;5.295142e-02;3.165207e-02;3.516516e-02;3.140065e-02;1.810371e-02
1.888436e-02;1.224866e-02;2.989966e-02;1.328582e-02;3.212238e-02;6.421874e-02;6.211078e-01;8.416240e-02;3.848221e-02;2.579836e-02;3.008721e-02;2.970237e-02
1.945007e-02;1.170598e-02;4.072632e-02;2.710467e-02;3.249550e-02;6.524759e-02;4.895451e-01;1.203259e-01;9.072448e-02;5.014037e-02;2.016920e-02;3.236476e-02
4.025272e-02;1.089574e-02;3.459644e-02;5.663509e-02;4.297375e-02;7.797267e-02;1.370504e-01;1.943838e-01;2.200047e-01;1.085543e-01;2.685676e-02;4.982362e-02
1.719234e-02;9.999580e-03;4.322376e-02;2.265617e-02;2.510611e-02;6.075197e-02;4.387262e-01;1.540059e-01;1.080482e-01;5.250605e-02;1.646759e-02;5.131614e-02
1.335659e-02;2.361748e-02;5.009398e-02;1.041572e-02;2.463920e-02;4.736956e-02;5.704419e-01;1.239856e-01;4.292229e-02;2.322933e-02;2.847332e-02;4.145500e-02
3.168982e-02;5.226619e-02;6.254116e-02;1.604542e-02;3.615075e-02;4.815826e-02;5.512291e-01;8.568469e-02;3.026912e-02;1.605329e-02;4.640252e-02;2.350967e-02
5.027626e-02;6.306463e-02;5.485674e-02;2.014986e-02;3.560453e-02;7.125755e-02;4.919603e-01;8.631038e-02;4.277499e-02;3.239533e-02;3.901202e-02;1.233742e-02
6.558115e-02;4.429473e-02;3.399958e-02;1.813481e-02;4.650221e-02;1.286124e-01;4.439677e-01;8.795464e-02;4.429762e-02;4.711433e-02;2.096110e-02;1.857978e-02
9.083646e-02;2.829676e-02;4.535151e-02;2.807651e-02;9.584782e-02;1.608484e-01;3.233144e-01;4.926603e-02;3.072572e-02;5.705107e-02;3.313547e-02;5.724981e-02
8.454234e-02;4.223918e-02;1.149239e-01;8.014014e-02;1.349741e-01;1.176496e-01;1.820131e-01;3.383533e-02;1.629195e-02;4.899038e-02;4.734817e-02;9.705181e-02
5.068807e-02;7.153880e-02;2.393785e-01;1.425730e-01;9.819204e-02;6.294169e-02;9.285516e-02;2.668797e-02;3.201810e-02;5.473197e-02;5.705465e-02;7.134007e-02
5.236286e-02;9.423165e-02;3.197362e-01;1.093777e-01;6.652299e-02;3.672555e-02;9.643424e-02;3.507402e-02;4.605522e-02;7.854383e-02;3.864686e-02;2.628887e-02
9.402371e-02;1.185109e-01;3.099805e-01;4.452901e-02;5.713516e-02;3.762152e-02;9.266832e-02;8.115692e-02;5.720615e-02;7.266362e-02;1.628068e-02;1.822345e-02
1.120400e-01;1.344388e-01;3.061707e-01;2.124090e-02;3.964593e-02;4.344768e-02;7.619681e-02;1.219347e-01;7.518294e-02;3.356428e-02;2.124569e-02;1.489148e-02
1.253442e-01;9.295461e-02;2.910048e-01;3.027549e-02;3.914305e-02;6.667901e-02;9.915497e-02;1.020121e-01;6.631970e-02;4.294940e-02;2.526863e-02;1.889405e-02
1.523524e-01;6.433360e-02;2.232327e-01;4.657385e-02;4.788372e-02;7.708334e-02;1.149149e-01;7.087737e-02;3.685973e-02;6.500441e-02;6.134665e-02;3.953725e-02
1.070929e-01;5.816955e-02;2.082987e-01;4.953885e-02;4.532732e-02;6.406876e-02;9.573329e-02;5.567919e-02;4.043072e-02;1.102601e-01;9.953826e-02;6.586231e-02
5.629309e-02;3.171253e-02;1.839828e-01;3.736051e-02;6.792031e-02;5.653384e-02;8.568392e-02;5.200056e-02;5.497857e-02;1.685317e-01;1.310098e-01;7.399233e-02
3.872142e-02;4.233676e-02;1.063117e-01;4.143159e-02;8.172101e-02;5.853735e-02;1.229221e-01;6.265301e-02;6.057475e-02;1.953466e-01;1.281730e-01;6.127074e-02
4.546820e-02;1.924796e-02;9.006156e-02;4.381537e-02;6.332829e-02;1.066722e-01;1.948923e-01;6.396060e-02;4.387989e-02;1.443685e-01;1.354957e-01;4.880949e-02
7.391468e-02;2.917719e-02;1.206851e-01;5.387126e-02;6.331383e-02;1.446243e-01;1.632044e-01;3.763674e-02;3.813293e-02;8.314783e-02;1.370016e-01;5.529015e-02
1.041530e-01;4.245954e-02;1.138180e-01;5.263614e-02;6.470469e-02;1.300181e-01;9.583597e-02;5.470959e-02;5.154059e-02;5.875761e-02;1.525378e-01;7.882892e-02
1.090154e-01;3.366298e-02;9.158308e-02;3.110265e-02;5.272873e-02;1.291604e-01;6.962596e-02;5.901799e-02;6.984096e-02;6.461812e-02;1.885818e-01;1.010620e-01
7.980867e-02;4.895592e-02;8.620953e-02;2.633885e-02;5.778214e-02;1.535230e-01;6.214371e-02;4.153718e-02;5.704455e-02;5.883744e-02;2.208223e-01;1.069967e-01
5.791472e-02;7.914902e-02;1.139265e-01;2.045958e-02;4.534764e-02;1.557121e-01;4.373375e-02;1.654501e-02;2.868025e-02;6.507595e-02;2.684428e-01;1.050126e-01
1.946378e-02;6.819718e-02;1.424224e-01;1.465162e-02;2.478804e-02;1.492464e-01;4.100246e-02;9.630109e-03;1.663860e-02;7.796262e-02;3.365108e-01;9.948596e-02
6.141051e-02;2.277543e-02;1.891192e-01;1.250633e-02;1.651261e-02;1.465232e-01;6.715313e-02;6.491624e-03;1.440157e-02;5.665183e-02;3.127528e-01;9.370177e-02
6.818004e-02;2.384339e-02;2.399141e-01;4.609792e-02;1.613326e-02;1.580344e-01;1.102334e-01;6.266664e-03;1.964957e-02;3.394348e-02;2.207384e-01;5.696527e-02
2.960196e-02;1.065314e-02;2.206054e-01;1.132818e-01;2.210549e-02;1.572982e-01;1.913735e-01;1.176389e-02;2.981644e-02;2.258257e-02;1.549025e-01;3.601508e-02
1.638689e-02;4.212453e-03;1.558032e-01;1.263665e-01;3.313116e-02;1.412299e-01;2.929460e-01;1.996399e-02;3.693570e-02;1.240646e-02;1.178095e-01;4.280825e-02
9.113686e-03;7.744811e-03;1.031587e-01;5.596770e-02;4.433051e-02;1.246479e-01;3.932700e-01;1.980398e-02;4.310297e-02;1.254296e-02;1.010659e-01;8.525077e-02
7.040511e-03;1.261326e-02;6.489112e-02;2.122468e-02;5.658837e-02;9.942516e-02;4.411793e-01;2.083199e-02;4.049917e-02;1.426147e-02;8.146697e-02;1.399780e-01
1.721643e-02;2.690535e-02;3.278640e-02;4.686641e-02;6.029335e-02;5.684274e-02;4.174100e-01;2.427186e-02;2.760494e-02;2.864086e-02;6.149829e-02;1.996634e-01
6.515457e-02;3.204377e-02;1.791030e-02;7.796057e-02;4.866983e-02;3.863913e-02;3.458665e-01;7.829469e-02;1.876278e-02;5.229938e-02;4.227510e-02;1.821233e-01
1.555134e-01;3.560094e-02;3.237907e-02;5.832119e-02;6.347309e-02;3.086061e-02;2.139285e-01;1.615230e-01;5.341136e-02;5.294919e-02;4.843621e-02;9.360344e-02
1.836376e-01;7.748325e-02;4.406565e-02;2.723102e-02;8.107018e-02;4.488129e-02;8.153678e-02;1.530357e-01;1.544130e-01;5.472042e-02;5.718876e-02;4.073644e-02
1.190523e-01;1.082070e-01;7.450144e-02;2.562559e-02;4.911559e-02;8.240592e-02;3.084747e-02;6.407832e-02;2.368549e-01;9.602659e-02;4.036890e-02;7.291605e-02
8.432924e-02;8.592638e-02;1.110443e-01;2.341131e-02;2.480111e-02;7.522416e-02;6.703114e-02;6.662884e-02;1.709848e-01;1.464542e-01;5.168920e-02;9.247532e-02
1.151220e-01;7.617600e-02;9.619451e-02;4.881675e-02;3.913804e-02;5.435212e-02;8.027381e-02;7.275703e-02;1.002479e-01;1.328471e-01;1.059579e-01;7.811692e-02
1.049462e-01;6.392657e-02;9.932496e-02;7.451104e-02;8.627690e-02;4.973204e-02;7.247462e-02;4.199955e-02;1.320049e-01;7.012482e-02;8.725754e-02;1.174209e-01
7.900079e-02;7.773364e-02;1.256402e-01;7.216488e-02;1.155464e-01;5.697270e-02;1.372738e-01;2.511335e-02;8.462391e-02;8.803344e-02;3.555224e-02;1.023446e-01
9.347414e-02;5.556756e-02;1.077637e-01;4.139441e-02;1.271296e-01;8.655603e-02;1.944716e-01;3.840339e-02;6.802117e-02;7.399300e-02;5.237930e-02;6.084612e-02
5.972039e-02;5.271152e-02;1.054633e-01;3.203910e-02;1.334587e-01;1.274464e-01;2.154827e-01;6.903753e-02;7.741336e-02;5.133146e-02;3.981527e-02;3.608020e-02
3.079301e-02;6.299087e-02;7.803901e-02;4.305486e-02;9.886041e-02;1.095354e-01;3.460885e-01;7.032449e-02;5.916247e-02;5.355319e-02;2.916144e-02;1.843636e-02
2.190034e-02;6.939606e-02;4.899993e-02;3.183442e-02;8.355103e-02;5.910198e-02;4.776821e-01;7.284241e-02;4.732623e-02;3.938214e-02;2.846614e-02;1.951714e-02
1.345253e-02;7.276215e-02;3.166898e-02;2.210194e-02;8.423483e-02;4.612504e-02;5.242846e-01;8.094022e-02;3.773190e-02;2.350028e-02;3.744698e-02;2.575051e-02
3.054636e-02;7.385766e-02;2.503179e-02;2.484538e-02;7.779607e-02;8.303705e-02;4.893810e-01;6.581181e-02;4.718237e-02;2.159642e-02;3.858616e-02;2.232786e-02
5.695039e-02;4.956575e-02;3.925532e-02;2.882861e-02;1.002196e-01;1.138326e-01;4.316812e-01;3.139339e-02;5.579137e-02;2.935981e-02;2.993809e-02;3.318387e-02
4.575894e-02;4.189543e-02;8.941299e-02;2.503694e-02;1.182058e-01;9.596937e-02;3.930927e-01;5.539986e-02;4.176171e-02;3.039195e-02;2.508043e-02;3.799394e-02
2.811486e-02;3.486966e-02;9.792699e-02;4.870386e-02;1.053442e-01;8.643863e-02;3.850027e-01;6.884116e-02;5.404525e-02;3.775804e-02;2.851132e-02;2.444329e-02
3.955242e-02;3.938669e-02;8.348159e-02;4.990914e-02;8.295122e-02;9.265862e-02;3.764754e-01;6.263252e-02;5.768958e-02;4.662148e-02;3.768306e-02;3.095832e-02
6.986643e-02;6.405946e-02;1.010566e-01;4.969508e-02;7.116614e-02;7.849722e-02;3.309973e-01;7.090727e-02;4.547079e-02;4.501989e-02;4.522668e-02;2.803715e-02
8.870345e-02;6.275515e-02;1.110074e-01;5.632509e-02;7.708652e-02;4.337526e-02;2.755627e-01;7.246139e-02;9.813031e-02;4.944763e-02;3.455464e-02;3.059043e-02
5.973996e-02;4.992938e-02;1.203160e-01;7.977303e-02;1.145342e-01;4.748698e-02;1.726127e-01;7.591109e-02;1.155561e-01;7.573073e-02;3.981248e-02;4.859730e-02
8.910684e-02;4.603797e-02;7.849723e-02;9.570459e-02;1.146731e-01;6.011395e-02;8.755419e-02;1.039667e-01;8.554865e-02;9.011424e-02;7.023524e-02;7.844722e-02
1.335803e-01;5.605156e-02;8.642385e-02;7.184748e-02;6.840311e-02;4.458993e-02;1.530595e-01;8.891702e-02;5.962572e-02;7.602230e-02;7.147385e-02;9.000544e-02
1.201028e-01;6.395189e-02;9.484791e-02;4.748936e-02;3.893586e-02;3.847722e-02;1.599937e-01;8.956950e-02;1.121237e-01;9.403306e-02;6.926649e-02;7.120844e-02
1.125520e-01;7.039332e-02;9.485507e-02;4.261230e-02;2.933236e-02;3.194837e-02;1.674566e-01;1.147305e-01;1.324540e-01;7.953684e-02;5.565459e-02;6.847417e-02
9.810307e-02;6.087940e-02;1.042490e-01;3.136029e-02;1.712711e-02;4.399078e-02;1.854204e-01;1.818053e-01;1.154536e-01;5.083748e-02;3.456595e-02;7.620765e-02
5.159228e-02;3.746163e-02;1.089011e-01;2.154463e-02;1.347781e-02;7.749330e-02;2.141811e-01;2.450420e-01;1.109501e-01;2.645199e-02;1.535477e-02;7.754927e-02
3.699920e-02;3.366189e-02;9.659529e-02;2.137589e-02;1.432723e-02;1.000498e-01;2.154605e-01;2.455118e-01;1.074461e-01;2.721390e-02;1.319259e-02;8.816584e-02
3.478516e-02;2.735468e-02;9.631617e-02;2.376723e-02;1.888152e-02;1.063916e-01;2.575243e-01;2.258135e-01;8.146492e-02;2.684508e-02;9.083315e-03;9.177253e-02
2.719513e-02;4.267080e-02;1.053376e-01;1.988823e-02;5.799392e-02;7.555550e-02;3.204899e-01;1.652425e-01;5.356153e-02;3.222434e-02;2.306866e-02;7.677189e-02
2.432293e-02;1.189442e-01;7.907784e-02;2.201045e-02;9.821343e-02;5.266365e-02;3.611363e-01;9.621785e-02;3.536100e-02;2.456101e-02;4.286617e-02;4.462516e-02
2.591249e-02;1.818060e-01;3.027404e-02;3.162515e-02;9.165081e-02;7.234222e-02;3.922141e-01;4.291634e-02;3.197632e-02;3.636616e-02;4.150614e-02;2.141021e-02
3.444632e-02;1.236577e-01;2.254833e-02;3.147332e-02;7.588290e-02;1.052233e-01;4.856120e-01;2.623093e-02;2.600511e-02;4.008179e-02;2.006182e-02;8.776484e-03
4.593467e-02;5.860151e-02;3.595842e-02;2.357451e-02;1.083580e-01;1.273202e-01;5.114194e-01;2.365549e-02;1.955863e-02;2.708670e-02;1.026242e-02;8.270115e-03
5.038416e-02;2.615993e-02;8.750600e-02;2.176443e-02;1.723441e-01;1.486684e-01;3.898472e-01;2.745722e-02;2.953217e-02;3.010916e-02;4.022715e-03;1.220444e-02
2.601798e-02;1.924248e-02;2.017261e-01;3.907144e-02;2.405528e-01;1.382152e-01;1.972837e-01;3.078723e-02;5.625265e-02;1.717395e-02;7.037705e-03;2.663864e-02
1.449083e-02;1.432402e-02;3.499306e-01;6.280813e-02;2.334792e-01;9.987689e-02;8.748985e-02;3.900171e-02;3.951072e-02;1.278404e-02;1.881777e-02;2.748629e-02
7.573923e-03;1.117394e-02;5.106440e-01;6.836206e-02;1.547077e-01;6.045274e-02;7.967927e-02;3.607433e-02;1.705243e-02;1.198162e-02;2.912555e-02;1.317250e-02
1.507817e-02;1.118993e-02;6.705101e-01;5.917570e-02;9.047864e-02;2.782079e-02;5.271341e-02;1.876188e-02;8.251391e-03;2.000264e-02;2.177818e-02;4.239216e-03
1.734453e-02;2.584050e-02;7.066647e-01;4.414285e-02;4.717978e-02;2.185995e-02;5.077020e-02;1.427272e-02;2.499440e-02;2.516187e-02;1.059711e-02;1.117136e-02
3.078055e-02;5.785763e-02;7.145659e-01;3.387894e-02;1.093296e-02;2.384290e-02;3.251026e-02;1.187141e-02;3.669378e-02;1.334232e-02;1.403299e-02;1.969039e-02
5.810938e-02;8.166913e-02;6.512504e-01;2.722154e-02;1.990075e-02;1.868641e-02;4.445144e-02;1.179816e-02;3.899413e-02;1.038477e-02;2.067702e-02;1.685683e-02
7.991582e-02;1.136036e-01;5.520361e-01;2.236119e-02;2.799237e-02;1.755934e-02;4.700865e-02;2.853073e-02;4.627519e-02;1.845325e-02;2.859595e-02;1.766784e-02
7.589769e-02;1.299456e-01;4.836472e-01;3.142916e-02;3.810328e-02;2.752919e-02;4.255500e-02;5.802891e-02;5.819313e-02;1.449421e-02;2.066552e-02;1.951101e-02
5.909485e-02;1.211895e-01;5.043041e-01;2.675625e-02;3.444619e-02;3.222376e-02;3.565515e-02;8.700227e-02;5.758690e-02;1.912086e-02;8.401860e-03;1.421829e-02
2.178079e-02;8.889789e-02;5.887881e-01;2.366265e-02;3.524785e-02;2.328982e-02;3.307183e-02;8.684830e-02;4.663763e-02;3.661562e-02;5.408670e-03;9.750848e-03
1.312096e-02;4.973677e-02;6.189786e-01;4.505422e-02;5.157622e-02;1.300766e-02;4.854172e-02;4.883549e-02;3.895639e-02;5.225212e-02;1.426379e-02;5.676131e-03
1.343112e-02;2.594297e-02;5.234669e-01;8.927425e-02;7.274228e-02;5.206186e-02;5.432556e-02;3.438256e-02;4.052183e-02;4.362948e-02;3.926306e-02;1.095807e-02
1.593432e-02;2.396558e-02;3.131370e-01;1.086037e-01;1.344705e-01;1.046036e-01;8.048522e-02;6.771307e-02;3.488684e-02;2.810475e-02;5.378220e-02;3.431325e-02
2.967942e-02;1.653895e-02;9.574800e-02;7.141537e-02;2.058304e-01;1.592187e-01;1.965744e-01;7.026999e-02;4.381155e-02;3.141319e-02;2.981755e-02;4.968246e-02
4.939331e-02;1.464706e-02;8.075166e-02;2.626758e-02;1.449008e-01;2.306059e-01;2.790720e-01;6.132254e-02;2.770958e-02;5.586685e-02;5.359340e-03;2.410342e-02
4.114324e-02;3.227962e-02;5.512860e-02;1.399628e-02;5.962771e-02;1.890304e-01;4.518709e-01;5.927697e-02;2.222307e-02;5.638967e-02;1.318311e-02;5.850456e-03
2.128857e-02;4.278057e-02;3.457008e-02;8.510237e-03;3.186193e-02;1.002055e-01;5.940525e-01;7.605264e-02;3.593545e-02;3.262959e-02;1.598782e-02;6.125078e-03
1.249580e-02;2.318364e-02;5.884965e-02;1.053773e-02;4.041059e-02;9.662826e-02;5.094461e-01;1.372409e-01;4.822778e-02;3.491779e-02;1.453165e-02;1.353013e-02
1.727297e-02;8.132610e-03;7.252752e-02;2.955505e-02;3.099089e-02;1.624634e-01;3.205326e-01;1.845560e-01;8.476842e-02;5.474263e-02;9.533199e-03;2.492465e-02
3.083292e-02;1.241766e-02;4.768441e-02;7.923514e-02;1.593791e-02;2.077520e-01;1.195394e-01;1.674663e-01;2.131754e-01;6.788146e-02;1.100605e-02;2.707141e-02
3.339896e-02;1.636330e-02;2.373676e-02;1.019833e-01;2.061714e-02;1.095707e-01;1.901461e-01;1.387408e-01;2.820060e-01;5.898274e-02;9.858684e-03;1.459550e-02
2.065720e-02;1.774040e-02;3.091374e-02;7.288526e-02;2.962870e-02;6.307723e-02;3.877877e-01;9.374643e-02;1.995303e-01;5.370852e-02;1.389003e-02;1.643453e-02
1.821499e-02;1.695118e-02;6.115468e-02;3.347390e-02;3.369949e-02;9.545416e-02;5.072908e-01;9.330506e-02;6.608427e-02;3.646776e-02;1.978409e-02;1.811958e-02
1.806336e-02;2.154330e-02;5.019574e-02;1.233500e-02;5.350668e-02;8.882324e-02;5.893064e-01;5.737446e-02;5.444146e-02;2.747048e-02;1.331027e-02;1.362966e-02
1.288469e-02;1.662382e-02;6.630836e-02;2.808749e-02;1.122590e-01;1.053737e-01;5.422263e-01;2.912587e-02;5.088579e-02;2.350631e-02;5.690252e-03;7.028343e-03
4.608329e-03;1.101605e-02;2.116133e-01;4.115376e-02;1.648635e-01;1.034987e-01;3.652241e-01;2.628820e-02;3.659418e-02;1.911611e-02;6.878192e-03;9.145606e-03
1.199684e-02;2.411701e-02;4.405006e-01;4.681784e-02;1.389339e-01;5.605993e-02;1.831760e-01;3.212868e-02;2.483447e-02;1.779121e-02;1.573605e-02;7.907479e-03
4.761644e-02;3.340199e-02;5.228873e-01;4.023702e-02;9.338600e-02;4.673390e-02;1.112843e-01;2.412117e-02;1.930878e-02;2.104793e-02;2.536712e-02;1.460793e-02
8.729623e-02;4.054715e-02;3.523782e-01;4.004499e-02;7.746516e-02;5.152256e-02;1.447313e-01;3.882638e-02;3.257752e-02;4.841410e-02;5.170377e-02;3.449266e-02
7.361646e-02;3.733601e-02;2.444157e-01;4.093955e-02;6.366505e-02;4.355088e-02;1.635791e-01;4.308065e-02;6.086449e-02;9.750956e-02;8.959819e-02;4.184441e-02
5.256322e-02;2.797419e-02;2.081378e-01;4.503862e-02;6.914897e-02;6.306603e-02;1.420239e-01;4.879134e-02;6.009388e-02;1.445514e-01;1.042708e-01;3.433992e-02
4.592234e-02;3.514187e-02;2.174982e-01;4.012756e-02;5.456867e-02;5.409573e-02;1.528487e-01;6.411024e-02;4.982663e-02;1.372696e-01;9.275143e-02;5.583905e-02
5.805479e-02;5.005196e-02;2.291989e-01;2.410877e-02;6.008480e-02;3.932752e-02;1.296472e-01;6.203813e-02;5.586589e-02;1.164620e-01;9.467126e-02;8.048882e-02
5.873859e-02;6.235728e-02;2.077686e-01;2.946672e-02;8.029890e-02;5.170002e-02;1.188723e-01;7.925419e-02;7.543958e-02;8.173656e-02;9.098293e-02;6.338425e-02
7.515194e-02;4.861392e-02;2.110890e-01;4.117504e-02;9.050136e-02;6.396341e-02;9.892311e-02;1.030119e-01;1.070796e-01;7.039419e-02;5.390944e-02;3.618721e-02
9.646828e-02;5.270712e-02;1.854494e-01;3.634716e-02;8.513391e-02;5.879924e-02;1.747358e-01;9.111445e-02;9.696135e-02;6.394175e-02;4.181070e-02;1.653092e-02
1.092926e-01;6.734107e-02;1.361836e-01;4.080623e-02;9.735414e-02;5.338513e-02;2.286876e-01;9.322704e-02;6.200679e-02;4.586965e-02;3.968554e-02;2.616059e-02
9.377180e-02;4.345304e-02;1.847998e-01;4.192992e-02;9.475310e-02;5.994737e-02;1.874902e-01;8.810323e-02;4.952491e-02;6.684224e-02;5.405756e-02;3.532675e-02
7.106163e-02;4.733822e-02;2.454829e-01;6.703086e-02;1.195968e-01;7.962780e-02;1.165439e-01;7.061245e-02;3.879862e-02;4.503154e-02;5.949395e-02;3.938133e-02
6.939829e-02;4.204253e-02;2.031009e-01;6.173034e-02;1.438881e-01;9.355313e-02;1.289795e-01;6.279335e-02;5.184482e-02;5.121567e-02;5.921545e-02;3.223792e-02
8.092707e-02;4.905244e-02;2.246262e-01;3.330734e-02;1.115890e-01;7.657564e-02;8.819772e-02;7.510137e-02;9.177350e-02;7.666321e-02;5.012735e-02;4.205926e-02
8.224482e-02;3.060888e-02;2.399480e-01;4.054192e-02;6.979959e-02;5.062880e-02;1.140089e-01;7.497499e-02;9.333358e-02;8.216980e-02;7.403016e-02;4.771059e-02
5.009637e-02;5.073674e-02;1.480428e-01;5.506003e-02;1.000545e-01;7.762162e-02;1.201038e-01;5.974241e-02;6.959576e-02;1.095046e-01;1.049265e-01;5.451500e-02
5.222338e-02;8.489131e-02;9.969182e-02;5.086376e-02;8.053029e-02;7.158950e-02;1.660427e-01;4.682015e-02;7.075037e-02;1.140796e-01;1.000515e-01;6.246557e-02
4.979643e-02;8.039130e-02;1.476729e-01;4.448261e-02;8.170740e-02;6.719781e-02;1.944399e-01;6.387017e-02;5.652567e-02;9.313954e-02;6.899263e-02;5.178369e-02
