1.126924e-01;9.337764e-02;8.968095e-02;5.731568e-02;7.855240e-02;6.244609e-02;1.440631e-01;8.363020e-02;6.695510e-02;8.453074e-02;9.064641e-02;3.610929e-02
8.109496e-02;8.724344e-02;9.325085e-02;5.093491e-02;8.013764e-02;8.534414e-02;1.211317e-01;8.843054e-02;8.605828e-02;9.241802e-02;9.385993e-02;4.009558e-02
3.725873e-02;1.126764e-01;1.066929e-01;5.749663e-02;7.056887e-02;9.230898e-02;1.317209e-01;8.264592e-02;7.279401e-02;8.903097e-02;9.819701e-02;4.860878e-02
6.488157e-02;9.843950e-02;1.170706e-01;6.681426e-02;5.121788e-02;6.196414e-02;1.549699e-01;8.922449e-02;9.030865e-02;9.854493e-02;8.247967e-02;2.408452e-02
7.465092e-02;7.395260e-02;1.412864e-01;7.092620e-02;6.396892e-02;6.553806e-02;1.447034e-01;5.862871e-02;9.236553e-02;8.413991e-02;8.042962e-02;4.940971e-02
7.852571e-02;8.448784e-02;1.086818e-01;7.796465e-02;9.081436e-02;6.368339e-02;1.476868e-01;4.655739e-02;9.234525e-02;6.074747e-02;9.069907e-02;5.780628e-02
8.453561e-02;8.772659e-02;1.556664e-01;4.922494e-02;7.334643e-02;5.410741e-02;1.560721e-01;5.640603e-02;9.085926e-02;6.137234e-02;5.966739e-02;7.101552e-02
8.140044e-02;4.880074e-02;6.299394e-02;5.384233e-02;5.731710e-02;6.046659e-02;8.590585e-02;6.467052e-02;7.514490e-02;1.020966e-01;1.667797e-01;1.405812e-01
1.135314e-01;4.253389e-02;4.364787e-02;3.887930e-02;6.979796e-02;6.903627e-02;6.584907e-02;5.939433e-02;7.085644e-02;1.074655e-01;1.591755e-01;1.598324e-01
1.869617e-01;2.862710e-02;2.835849e-02;2.379306e-02;5.286893e-02;1.471352e-01;5.321705e-02;4.367790e-02;5.946950e-02;1.126577e-01;1.134597e-01;1.497737e-01
2.711074e-01;2.057804e-02;1.675622e-02;1.387521e-02;2.256357e-02;2.574957e-01;4.594509e-02;4.049955e-02;3.472605e-02;1.139851e-01;5.657014e-02;1.058979e-01
3.351828e-01;1.521952e-02;1.350890e-02;1.300037e-02;2.758353e-02;3.282338e-01;3.399895e-02;4.191028e-02;1.568247e-02;8.976915e-02;3.172240e-02;5.418789e-02
3.333317e-01;1.272148e-02;1.535367e-02;1.809248e-02;1.040857e-01;3.148835e-01;3.180436e-02;3.494505e-02;1.190911e-02;4.453778e-02;1.579983e-02;6.253541e-02
2.016731e-01;1.517884e-02;2.406140e-02;2.556832e-02;2.442566e-01;1.974515e-01;3.301148e-02;1.519204e-02;2.372899e-02;1.699465e-02;2.279325e-02;1.800899e-01
1.013173e-01;1.565223e-02;2.630853e-02;4.576865e-02;2.613785e-01;1.082156e-01;3.661001e-02;1.367076e-02;3.192591e-02;2.709465e-02;6.934507e-02;2.627127e-01
6.866943e-02;2.234260e-02;5.453324e-02;6.502508e-02;1.357114e-01;1.189760e-01;4.925345e-02;2.834099e-02;2.303891e-02;3.160828e-02;1.503015e-01;2.521990e-01
3.278480e-02;2.995063e-02;1.351071e-01;7.441134e-02;7.013205e-02;1.469764e-01;4.578057e-02;3.783154e-02;2.755320e-02;7.551280e-02;1.766924e-01;1.472671e-01
2.597368e-02;2.857509e-02;1.674131e-01;6.002748e-02;1.195395e-01;1.391560e-01;4.261442e-02;4.278888e-02;4.139769e-02;1.254137e-01;9.578539e-02;1.113149e-01
6.345475e-02;2.750624e-02;1.142560e-01;2.976924e-02;2.248762e-01;1.409852e-01;4.826417e-02;3.881102e-02;4.943592e-02;1.182362e-01;3.557882e-02;1.088263e-01
1.301018e-01;2.368828e-02;6.964360e-02;5.010964e-02;1.955173e-01;1.622764e-01;5.016381e-02;3.253587e-02;4.045907e-02;1.220113e-01;4.610071e-02;7.739229e-02
1.352141e-01;1.529392e-02;7.206587e-02;4.542050e-02;2.698276e-01;1.697905e-01;4.460918e-02;1.974736e-02;2.228670e-02;1.185930e-01;3.295328e-02;5.419800e-02
6.502730e-02;2.367710e-02;4.304691e-02;4.714743e-02;3.729643e-01;2.001939e-01;5.704447e-02;2.194495e-02;2.939974e-02;9.156372e-02;1.604832e-02;3.194191e-02
6.583209e-02;3.412153e-02;3.913125e-02;5.642492e-02;3.267840e-01;1.950227e-01;4.884546e-02;2.696890e-02;3.560918e-02;1.006714e-01;1.409664e-02;5.649202e-02
6.628671e-02;3.442814e-02;5.884344e-02;5.875369e-02;2.634127e-01;1.688586e-01;5.440493e-02;3.080398e-02;3.461996e-02;1.131859e-01;1.546104e-02;1.009410e-01
1.031729e-01;2.285440e-02;7.953791e-02;6.198621e-02;2.071439e-01;2.189726e-01;4.543954e-02;2.704466e-02;2.827825e-02;7.821482e-02;2.478404e-02;1.025708e-01
1.233301e-01;2.133104e-02;7.763924e-02;5.964312e-02;1.777404e-01;2.350636e-01;4.549869e-02;3.339226e-02;3.726722e-02;5.355936e-02;3.776567e-02;9.776928e-02
1.003672e-01;2.293411e-02;7.342865e-02;4.059756e-02;2.150858e-01;1.860293e-01;4.751731e-02;8.260126e-02;5.765452e-02;6.941237e-02;5.131840e-02;5.305351e-02
8.137584e-02;3.747669e-02;7.709190e-02;3.974646e-02;1.338995e-01;1.112989e-01;9.211373e-02;1.237757e-01;6.641567e-02;7.475801e-02;7.707575e-02;8.497194e-02
8.988299e-02;2.632021e-02;9.422277e-02;2.515291e-02;4.243452e-02;5.373468e-02;6.034250e-02;6.644718e-02;7.922922e-02;6.410269e-02;2.313393e-01;1.667911e-01
6.960922e-02;2.321713e-02;9.428432e-02;1.513974e-02;2.331192e-02;6.196071e-02;2.544636e-02;2.068190e-02;5.673618e-02;3.992211e-02;3.563856e-01;2.133048e-01
4.782538e-02;3.155124e-02;7.378121e-02;1.233921e-02;1.593267e-02;7.022595e-02;1.149969e-02;1.263328e-02;3.375111e-02;9.177916e-02;4.068686e-01;1.918125e-01
2.660413e-02;4.456324e-02;5.318985e-02;1.166326e-02;1.776236e-02;6.569035e-02;1.009757e-02;2.341297e-02;2.498567e-02;1.944688e-01;4.000867e-01;1.274751e-01
1.778290e-02;5.981305e-02;3.111092e-02;1.090694e-02;2.344876e-02;6.780922e-02;1.236308e-02;4.020587e-02;2.951705e-02;3.372412e-01;3.108988e-01;5.890227e-02
2.113131e-02;3.530321e-02;1.003894e-02;1.254881e-02;3.021636e-02;1.053444e-01;9.941173e-03;3.074563e-02;2.399938e-02;3.005424e-01;3.944274e-01;2.576096e-02
1.442886e-02;3.745329e-02;1.065693e-02;1.022346e-02;4.149865e-02;9.074477e-02;6.738368e-03;1.966102e-02;2.025422e-02;3.239199e-01;3.933255e-01;3.109494e-02
1.453715e-02;5.618685e-02;1.475886e-02;1.251830e-02;1.238229e-01;4.109285e-02;1.046761e-02;2.505999e-02;2.578175e-02;4.296840e-01;2.216600e-01;2.442971e-02
1.665455e-02;4.898418e-02;1.983972e-02;8.773950e-03;1.743123e-01;2.533012e-02;1.612069e-02;1.814918e-02;4.066471e-02;4.930795e-01;1.131522e-01;2.493891e-02
1.093785e-02;4.495791e-02;2.050753e-02;7.815107e-03;1.434506e-01;3.390215e-02;2.541134e-02;1.379570e-02;5.658833e-02;5.012498e-01;1.185639e-01;2.281976e-02
1.527288e-02;5.369765e-02;2.378976e-02;1.386146e-02;5.589353e-02;5.264942e-02;3.842079e-02;2.446967e-02;1.144870e-01;4.554084e-01;1.390295e-01;1.301990e-02
2.182676e-02;4.012254e-02;2.911025e-02;1.730416e-02;8.162194e-02;6.308503e-02;8.508736e-02;4.224282e-02;1.628415e-01;3.088674e-01;1.247980e-01;2.309227e-02
2.129295e-02;2.496670e-02;5.246124e-02;1.876642e-02;1.605696e-01;5.802198e-02;1.139458e-01;4.366029e-02;1.142700e-01;2.113468e-01;1.426574e-01;3.804083e-02
2.942120e-02;2.763906e-02;1.026256e-01;2.516172e-02;2.524513e-01;3.526838e-02;8.388101e-02;3.456536e-02;4.543300e-02;1.923243e-01;1.278001e-01;4.342895e-02
2.861874e-02;4.352709e-02;1.090467e-01;2.271546e-02;1.842367e-01;6.620787e-02;4.492972e-02;3.181904e-02;5.067267e-02;2.389461e-01;1.440358e-01;3.524409e-02
2.430866e-02;4.254879e-02;7.701802e-02;2.582996e-02;2.170320e-01;1.411149e-01;6.743299e-02;1.964899e-02;4.852784e-02;2.001745e-01;1.210773e-01;1.528609e-02
2.507740e-02;4.460217e-02;4.682371e-02;1.827172e-02;2.305848e-01;1.527916e-01;6.161876e-02;2.437218e-02;5.625232e-02;1.462179e-01;1.507848e-01;4.260256e-02
2.260757e-02;3.768475e-02;5.829213e-02;1.844900e-02;1.400834e-01;1.135007e-01;1.657398e-01;8.959965e-02;1.029815e-01;1.233504e-01;8.101143e-02;4.669962e-02
2.439416e-02;3.994257e-02;3.502485e-02;1.010691e-02;5.960737e-02;5.669172e-02;2.883364e-01;2.140541e-01;1.103557e-01;6.018218e-02;6.460640e-02;3.669760e-02
3.498210e-02;5.775536e-02;2.318316e-02;5.703507e-03;2.057923e-02;5.794044e-02;3.293628e-01;2.426211e-01;1.001777e-01;2.025826e-02;7.197830e-02;3.545808e-02
9.607828e-02;6.209097e-02;1.660666e-02;6.785066e-03;2.183915e-02;9.811457e-02;3.139430e-01;1.957739e-01;6.746943e-02;2.103060e-02;6.035276e-02;3.991561e-02
1.868789e-01;4.060673e-02;2.416163e-02;1.334165e-02;5.693301e-02;1.257254e-01;2.233907e-01;1.139158e-01;5.183680e-02;2.513305e-02;3.106983e-02;1.070064e-01
1.781479e-01;1.704775e-02;3.493250e-02;3.397478e-02;1.179529e-01;8.908402e-02;1.093972e-01;4.841063e-02;4.155795e-02;2.370501e-02;3.247735e-02;2.733120e-01
7.567110e-02;1.558628e-02;6.172863e-02;6.649972e-02;1.180818e-01;6.576126e-02;1.138926e-01;4.922473e-02;3.108675e-02;1.485506e-02;1.048397e-01;2.827723e-01
3.181465e-02;2.320998e-02;1.432658e-01;9.497851e-02;8.478562e-02;6.869829e-02;9.453214e-02;6.133218e-02;3.291889e-02;3.941630e-02;1.575566e-01;1.674911e-01
6.172942e-02;4.024700e-02;2.348646e-01;9.175601e-02;7.370315e-02;6.369019e-02;6.721127e-02;5.102465e-02;5.981190e-02;8.767830e-02;1.280347e-01;4.024879e-02
8.207422e-02;4.167936e-02;2.035227e-01;7.333029e-02;8.585526e-02;8.078495e-02;7.856782e-02;5.638851e-02;6.995308e-02;8.690795e-02;2.934309e-02;1.115928e-01
8.056132e-02;2.399431e-02;8.611859e-02;5.220507e-02;1.813005e-01;1.162318e-01;6.778226e-02;7.720391e-02;5.226146e-02;5.584252e-02;6.412940e-02;1.423689e-01
6.989802e-02;2.462801e-02;1.196141e-01;9.253267e-02;1.879722e-01;1.009145e-01;5.153138e-02;9.044054e-02;4.983865e-02;7.226638e-02;2.594917e-02;1.144143e-01
8.700351e-02;4.243821e-02;8.765829e-02;8.264191e-02;1.616948e-01;7.734715e-02;1.276467e-01;1.121580e-01;5.748136e-02;5.354500e-02;4.234721e-02;6.803795e-02
7.611060e-02;4.544915e-02;8.962948e-02;9.032977e-02;1.558391e-01;6.357636e-02;1.237616e-01;1.202735e-01;6.108344e-02;4.554869e-02;5.186583e-02;7.653253e-02
3.401549e-02;3.337854e-02;1.064604e-01;9.400447e-02;1.382310e-01;7.711111e-02;7.645196e-02;1.098434e-01;7.000212e-02;6.257069e-02;6.367832e-02;1.342525e-01
3.995440e-02;3.553667e-02;1.256118e-01;9.153215e-02;1.268923e-01;6.671348e-02;8.155994e-02;1.141382e-01;4.252850e-02;5.980511e-02;5.919558e-02;1.565318e-01
4.448937e-02;5.274116e-02;1.221520e-01;9.616429e-02;1.521208e-01;4.112485e-02;4.150135e-02;1.474627e-01;7.639533e-02;7.366139e-02;4.829440e-02;1.038923e-01
6.190279e-02;5.435370e-02;9.253484e-02;5.159488e-02;1.149163e-01;4.382619e-02;7.902922e-02;1.369013e-01;9.442060e-02;1.011263e-01;9.344406e-02;7.594981e-02
8.840774e-02;5.648538e-02;9.271323e-02;4.110854e-02;1.372382e-01;6.654596e-02;9.870157e-02;9.204435e-02;8.873260e-02;8.791319e-02;7.865082e-02;7.145848e-02
9.123321e-02;6.736062e-02;9.854177e-02;4.455543e-02;1.089993e-01;8.774366e-02;1.041673e-01;9.174355e-02;9.954392e-02;7.234354e-02;8.303608e-02;5.073155e-02
7.365282e-02;5.946052e-02;9.513854e-02;8.053727e-02;7.713950e-02;7.822648e-02;1.297677e-01;1.581255e-01;6.604154e-02;4.979739e-02;7.935528e-02;5.275753e-02
4.004489e-02;3.601162e-02;6.402328e-02;7.430915e-02;6.290001e-02;8.086270e-02;1.463560e-01;1.594578e-01;1.077133e-01;7.726011e-02;6.652806e-02;8.453313e-02
3.929387e-02;2.260300e-02;3.161712e-02;3.897843e-02;6.543932e-02;3.272837e-02;7.716528e-02;8.840658e-02;2.446484e-01;2.116312e-01;1.019187e-01;4.556974e-02
3.070313e-02;1.704324e-02;9.509908e-03;2.168976e-02;7.719001e-02;1.838909e-02;2.950214e-02;5.970126e-02;2.620009e-01;3.667938e-01;8.194860e-02;2.552818e-02
1.430134e-02;5.842255e-03;5.901803e-03;2.002249e-02;6.521552e-02;1.070326e-02;2.048809e-02;2.847991e-02;2.783672e-01;4.644639e-01;7.231583e-02;1.389836e-02
1.344417e-02;5.394926e-03;5.732358e-03;3.348246e-02;5.336265e-02;8.635017e-03;1.956606e-02;2.400205e-02;3.721261e-01;4.358338e-01;2.429812e-02;4.122271e-03
1.459827e-02;7.149485e-03;2.599254e-03;5.844699e-02;4.531440e-02;6.885939e-03;1.359807e-02;7.424657e-03;4.783721e-01;3.546756e-01;6.240551e-03;4.694720e-03
1.482055e-02;8.104696e-03;7.120476e-03;1.191332e-01;2.574209e-02;5.744222e-03;1.577835e-02;1.246126e-02;5.294433e-01;2.416844e-01;1.261478e-02;7.352620e-03
1.416367e-02;6.826902e-03;1.017527e-02;2.099935e-01;1.919871e-02;3.830699e-03;1.443345e-02;2.665218e-02;5.017111e-01;1.701777e-01;1.563478e-02;7.202066e-03
1.719913e-02;6.443565e-03;1.414132e-02;3.090771e-01;2.048809e-02;3.070051e-03;1.218649e-02;2.517718e-02;4.420533e-01;1.274558e-01;1.452484e-02;8.183074e-03
1.773993e-02;5.006632e-03;1.323953e-02;3.330701e-01;4.029611e-02;3.321421e-03;1.414716e-02;1.755234e-02;4.560169e-01;8.240581e-02;9.622991e-03;7.581027e-03
2.187363e-02;5.291171e-03;1.648017e-02;3.328284e-01;3.318699e-02;4.712184e-03;1.741364e-02;1.292535e-02;4.826729e-01;5.650863e-02;6.747851e-03;9.359086e-03
5.063256e-02;3.497662e-03;1.508162e-02;3.282398e-01;1.350696e-02;5.322610e-03;2.319973e-02;2.312307e-02;4.520476e-01;6.935231e-02;5.373462e-03;1.062265e-02
5.352630e-02;8.545485e-03;1.168313e-02;2.747690e-01;5.206550e-02;8.552009e-03;2.938912e-02;1.354892e-02;3.978446e-01;1.293937e-01;1.075352e-02;9.928699e-03
3.417101e-02;1.076576e-02;1.799270e-02;1.937130e-01;1.054431e-01;2.123855e-02;3.189996e-02;1.476946e-02;3.153808e-01;2.313258e-01;1.148791e-02;1.181199e-02
2.184630e-02;2.876218e-02;2.070059e-02;8.749799e-02;1.393797e-01;2.278466e-02;2.105646e-02;1.986555e-02;2.347694e-01;3.723716e-01;1.973519e-02;1.123031e-02
2.489607e-02;6.467909e-02;1.134017e-02;3.549023e-02;1.384535e-01;1.376588e-02;1.088674e-02;2.226247e-02;1.960885e-01;4.342436e-01;3.111354e-02;1.678010e-02
3.776678e-02;7.097142e-02;2.084537e-02;2.072129e-02;1.065617e-01;6.264027e-03;1.223967e-02;3.352590e-02;1.846932e-01;3.924606e-01;7.007694e-02;4.387312e-02
6.687392e-02;5.831677e-02;3.951925e-02;5.391579e-02;5.139164e-02;9.796972e-03;1.643562e-02;4.039642e-02;1.661127e-01;3.024056e-01;1.215163e-01;7.331908e-02
7.179422e-02;4.433000e-02;5.091769e-02;9.336334e-02;9.213295e-02;2.061435e-02;3.888173e-02;2.980678e-02;1.072000e-01;2.663859e-01;1.176443e-01;6.692869e-02
4.433585e-02;3.547006e-02;3.395412e-02;1.068987e-01;1.166090e-01;1.511443e-02;6.632452e-02;3.302239e-02;1.591070e-01;3.146290e-01;5.907131e-02;1.546368e-02
6.420322e-02;3.756509e-02;2.661122e-02;1.355166e-01;1.351751e-01;3.076351e-02;8.860697e-02;3.013885e-02;1.031301e-01;2.485178e-01;5.630955e-02;4.346196e-02
8.933932e-02;8.731896e-02;3.936913e-02;1.530796e-01;1.440361e-01;3.434875e-02;8.612179e-02;2.607680e-02;5.614626e-02;1.876283e-01;4.718941e-02;4.934557e-02
6.798989e-02;1.095036e-01;5.855377e-02;1.280147e-01;1.472460e-01;2.301407e-02;5.989742e-02;2.665962e-02;1.278811e-01;1.909363e-01;2.116177e-02;3.914178e-02
2.305160e-02;7.272040e-02;6.581371e-02;8.720182e-02;1.294622e-01;1.839826e-02;6.314813e-02;4.765173e-02;2.004697e-01;1.862909e-01;5.966728e-02;4.612436e-02
4.587264e-02;8.989309e-02;3.795585e-02;1.086189e-01;7.182271e-02;2.707829e-02;4.191400e-02;4.707319e-02;1.596768e-01;2.195743e-01;8.631370e-02;6.420646e-02
5.105107e-02;1.168711e-01;2.961186e-02;9.438263e-02;7.827242e-02;3.057738e-02;5.408095e-02;5.068767e-02;1.543196e-01;2.008840e-01;6.224453e-02;7.701670e-02
3.882286e-02;9.800632e-02;2.843485e-02;5.561298e-02;1.109511e-01;3.070708e-02;7.229585e-02;4.012506e-02;2.144482e-01;1.553012e-01;7.751268e-02;7.778182e-02
5.820336e-02;7.156301e-02;3.786379e-02;7.846324e-02;8.126631e-02;2.348559e-02;5.916193e-02;5.413396e-02;1.724858e-01;2.262143e-01;9.054224e-02;4.661648e-02
5.545390e-02;6.858086e-02;4.966946e-02;1.124823e-01;9.930044e-02;3.742060e-02;4.673198e-02;6.046215e-02;1.126689e-01;2.598920e-01;4.731563e-02;5.002175e-02
5.137067e-02;4.706682e-02;7.872644e-02;9.573586e-02;1.158570e-01;6.257690e-02;1.702366e-01;4.831686e-02;5.338733e-02;1.857100e-01;4.398444e-02;4.703116e-02
2.565461e-02;4.870803e-02;7.701853e-02;4.135697e-02;7.552282e-02;7.213021e-02;4.403039e-01;3.996687e-02;5.381298e-02;7.350950e-02;2.500554e-02;2.701007e-02
1.935967e-02;4.765972e-02;2.810723e-02;4.183349e-02;4.903898e-02;7.070048e-02;6.052759e-01;3.786513e-02;3.286263e-02;3.482379e-02;1.843455e-02;1.403848e-02
1.360720e-02;3.722151e-02;2.524333e-02;4.237413e-02;4.160909e-02;7.158194e-02;6.388404e-01;4.740456e-02;3.447984e-02;2.744062e-02;1.347837e-02;6.718923e-03
1.704232e-02;3.449688e-02;4.724977e-02;4.933992e-02;6.783076e-02;8.153588e-02;5.692883e-01;4.820620e-02;4.217591e-02;2.664729e-02;1.032928e-02;5.857436e-03
2.851060e-02;3.315817e-02;1.341448e-01;6.222364e-02;1.092367e-01;8.602098e-02;3.839627e-01;4.350872e-02;4.521740e-02;5.015048e-02;1.349342e-02;1.037239e-02
2.949000e-02;2.513695e-02;1.943260e-01;6.828890e-02;1.165216e-01;6.934036e-02;2.903319e-01;4.890003e-02;6.010243e-02;6.574152e-02;1.799787e-02;1.382247e-02
2.762037e-02;2.588154e-02;1.353722e-01;6.489811e-02;8.185153e-02;7.656813e-02;3.798217e-01;3.304733e-02;7.165281e-02;6.807344e-02;1.798079e-02;1.723196e-02
2.484415e-02;3.895873e-02;5.713385e-02;5.439365e-02;4.943100e-02;7.967129e-02;4.297169e-01;3.615336e-02;9.544546e-02;9.185810e-02;2.077281e-02;2.162077e-02
2.335437e-02;3.904758e-02;7.474302e-02;3.756713e-02;9.271786e-02;8.924545e-02;3.866695e-01;4.237381e-02;8.120892e-02;9.052343e-02;2.114346e-02;2.140553e-02
3.696216e-02;3.419923e-02;8.313403e-02;3.386361e-02;1.326056e-01;9.985286e-02;3.187773e-01;5.411893e-02;4.875397e-02;1.118245e-01;2.489214e-02;2.101558e-02
3.647899e-02;6.112837e-02;7.377702e-02;6.034888e-02;1.168768e-01;8.391452e-02;2.043917e-01;6.948989e-02;6.307993e-02;1.362063e-01;5.098265e-02;4.332494e-02
1.396848e-01;7.242543e-02;7.350251e-02;3.548274e-02;5.082303e-02;6.196522e-02;1.660175e-01;6.627152e-02;7.092457e-02;1.053066e-01;8.972116e-02;6.787496e-02
1.595588e-01;6.283580e-02;6.273858e-02;2.666999e-02;2.538785e-02;5.226256e-02;9.235467e-02;4.917773e-02;5.675429e-02;7.921741e-02;1.947664e-01;1.382760e-01
1.068078e-01;4.908932e-02;4.616542e-02;1.716450e-02;2.357188e-02;4.965763e-02;3.453456e-02;1.987233e-02;4.847839e-02;1.147626e-01;3.693622e-01;1.205333e-01
3.520961e-02;3.606247e-02;2.389997e-02;1.010191e-02;3.884512e-02;4.251671e-02;1.207380e-02;1.893199e-02;3.024702e-02;2.081631e-01;4.705155e-01;7.343282e-02
1.575484e-02;3.957619e-02;1.446189e-02;1.190838e-02;6.912041e-02;2.653646e-02;8.940470e-03;2.270800e-02;2.489586e-02;3.105834e-01;4.159511e-01;3.956291e-02
1.295978e-02;3.488678e-02;1.769033e-02;1.411611e-02;1.115126e-01;2.130485e-02;1.132742e-02;2.142944e-02;4.650541e-02;3.909766e-01;2.912920e-01;2.599859e-02
1.559408e-02;1.719239e-02;2.398394e-02;2.650154e-02;1.631630e-01;1.724152e-02;1.544687e-02;1.708005e-02;1.354192e-01;3.849801e-01;1.464209e-01;3.697647e-02
1.555941e-02;2.429834e-02;2.537150e-02;3.596104e-02;1.821425e-01;2.557418e-02;2.200055e-02;1.558696e-02;2.104987e-01;3.020521e-01;1.028541e-01;3.810064e-02
1.796191e-02;2.282388e-02;1.593905e-02;2.087387e-02;1.429948e-01;2.556787e-02;1.959505e-02;1.819063e-02;2.281757e-01;4.173283e-01;5.170735e-02;1.884161e-02
2.399123e-02;1.513419e-02;1.271160e-02;2.915811e-02;1.328224e-01;1.495382e-02;2.164919e-02;2.442701e-02;3.130228e-01;3.511691e-01;4.019683e-02;2.076372e-02
3.437053e-02;1.664538e-02;1.010793e-02;5.523983e-02;9.991867e-02;6.844328e-03;2.194077e-02;3.343938e-02;4.283553e-01;2.475700e-01;2.904774e-02;1.652012e-02
5.130842e-02;1.639379e-02;1.214834e-02;6.937481e-02;9.338376e-02;7.835558e-03;2.544962e-02;5.949215e-02;4.788485e-01;1.548432e-01;1.625467e-02;1.466719e-02
6.131947e-02;2.573760e-02;2.275166e-02;6.593645e-02;1.025956e-01;1.170819e-02;4.408359e-02;9.175026e-02;3.638742e-01;1.268633e-01;5.242274e-02;3.095691e-02
5.193687e-02;3.187769e-02;2.393715e-02;6.862197e-02;1.136824e-01;2.693837e-02;5.853148e-02;8.484778e-02;1.269389e-01;2.648811e-01;9.343319e-02;5.437307e-02
4.237012e-02;2.670183e-02;2.898853e-02;7.727373e-02;1.245106e-01;4.296950e-02;5.356738e-02;3.845415e-02;6.612953e-02;2.673825e-01;1.760510e-01;5.560124e-02
5.583703e-02;3.087904e-02;4.712006e-02;8.771443e-02;1.319078e-01;3.747476e-02;7.959132e-02;3.343174e-02;1.381086e-01;1.709470e-01;1.470310e-01;3.995719e-02
5.752236e-02;4.613228e-02;5.532337e-02;5.331413e-02;1.825258e-01;2.694602e-02;1.016822e-01;2.943448e-02;2.209663e-01;1.422406e-01;4.582713e-02;3.808534e-02
5.225527e-02;4.989595e-02;4.014717e-02;7.240857e-02;1.566881e-01;3.219832e-02;6.256180e-02;3.154825e-02;2.409326e-01;1.507972e-01;5.430677e-02;5.625989e-02
5.361482e-02;3.984486e-02;3.111836e-02;1.158464e-01;1.162394e-01;4.192776e-02;3.753759e-02;4.698989e-02;2.284859e-01;1.132846e-01;1.093108e-01;6.579985e-02
5.646684e-02;3.203977e-02;3.159095e-02;1.550302e-01;9.141736e-02;3.591039e-02;4.363237e-02;7.251476e-02;1.971933e-01;1.266389e-01;1.086396e-01;4.892559e-02
8.556646e-02;3.717560e-02;5.841051e-02;1.602248e-01;9.012420e-02;5.520494e-02;4.975489e-02;9.885610e-02;1.660680e-01;9.485502e-02;4.648470e-02;5.727473e-02
1.622342e-01;7.678813e-02;6.450422e-02;5.647204e-02;6.775476e-02;4.746477e-02;5.467063e-02;7.067229e-02;7.874851e-02;6.038536e-02;1.313005e-01;1.290046e-01
1.606426e-01;6.517366e-02;4.992893e-02;2.425585e-02;3.393798e-02;3.745759e-02;4.572180e-02;3.707943e-02;6.714615e-02;6.310502e-02;2.316678e-01;1.838832e-01
1.228406e-01;4.787062e-02;3.345769e-02;1.315770e-02;1.663855e-02;4.175923e-02;3.766208e-02;1.435528e-02;4.950057e-02;4.934685e-02;3.800352e-01;1.933757e-01
5.675900e-02;3.515828e-02;2.136011e-02;1.101652e-02;1.456598e-02;6.997883e-02;2.789409e-02;1.493808e-02;2.146559e-02;5.781946e-02;5.586483e-01;1.103958e-01
3.244704e-02;1.616818e-02;1.416046e-02;1.243755e-02;3.116451e-02;8.341181e-02;2.050070e-02;9.863197e-03;1.496544e-02;5.522006e-02;5.758827e-01;1.337783e-01
3.360419e-02;1.128578e-02;1.983234e-02;1.256503e-02;3.596025e-02;7.323156e-02;2.435934e-02;1.024679e-02;1.183208e-02;2.920736e-02;5.862677e-01;1.516076e-01
3.616991e-02;1.136155e-02;2.853898e-02;6.069527e-03;1.480674e-02;5.290207e-02;2.559215e-02;1.162770e-02;1.618650e-02;4.159235e-02;6.535184e-01;1.016341e-01
1.959611e-02;9.438328e-03;3.070002e-02;3.317054e-03;8.526864e-03;4.329268e-02;2.063304e-02;9.089708e-03;3.347655e-02;1.393002e-01;6.109351e-01;7.169427e-02
1.392971e-02;7.630432e-03;1.846285e-02;2.826843e-03;1.064344e-02;1.667187e-02;1.355100e-02;1.579160e-02;8.325625e-02;3.749296e-01;3.878726e-01;5.443376e-02
1.426847e-02;9.619059e-03;8.255954e-03;2.937873e-03;1.653317e-02;1.575413e-02;1.629937e-02;2.939938e-02;1.335769e-01;4.967441e-01;2.265123e-01;3.009930e-02
1.470681e-02;1.279702e-02;1.017869e-02;5.804857e-03;2.676633e-02;1.841409e-02;4.104677e-02;3.997729e-02;1.144846e-01;5.090830e-01;1.829771e-01;2.376339e-02
1.279826e-02;1.221125e-02;2.760378e-02;1.523301e-02;1.907010e-02;3.214143e-02;1.169917e-01;4.901816e-02;1.730370e-01;3.344042e-01;1.665456e-01;4.094545e-02
1.568906e-02;2.033605e-02;3.300052e-02;1.902284e-02;1.023950e-02;3.186609e-02;2.582192e-01;6.339148e-02;2.327782e-01;2.007656e-01;9.254455e-02;2.214697e-02
3.565681e-02;3.175497e-02;3.469038e-02;1.504633e-02;3.306594e-02;4.939933e-02;3.724877e-01;7.437298e-02;1.126303e-01;1.499354e-01;7.632674e-02;1.463317e-02
5.038796e-02;3.367922e-02;7.184554e-02;1.786862e-02;9.495290e-02;1.015311e-01;3.891122e-01;5.144014e-02;4.665739e-02;8.218450e-02;4.695927e-02;1.338121e-02
4.941148e-02;2.142790e-02;1.834999e-01;2.834593e-02;1.533425e-01;1.313580e-01;2.017566e-01;2.688199e-02;5.454284e-02;5.459849e-02;5.593543e-02;3.889894e-02
3.822240e-02;2.231432e-02;2.861992e-01;3.503144e-02;1.368138e-01;9.892358e-02;6.793422e-02;1.907830e-02;5.457723e-02;6.858829e-02;1.237869e-01;4.853024e-02
3.806220e-02;2.512201e-02;2.824901e-01;3.284977e-02;7.522457e-02;5.688618e-02;1.678898e-01;1.581215e-02;6.041622e-02;6.155654e-02;1.409631e-01;4.272738e-02
3.539959e-02;2.467862e-02;1.798810e-01;2.869473e-02;4.744460e-02;4.339058e-02;2.692931e-01;3.464064e-02;6.263069e-02;1.367099e-01;1.127161e-01;2.452048e-02
3.925058e-02;2.140577e-02;7.686193e-02;2.684425e-02;1.097232e-01;8.947358e-02;2.626118e-01;4.443376e-02;4.212575e-02;1.386312e-01;1.063756e-01;4.226265e-02
5.096782e-02;1.887488e-02;1.200503e-01;2.175130e-02;1.289836e-01;1.030446e-01;1.441227e-01;3.937647e-02;2.903844e-02;4.688727e-02;2.158374e-01;8.106524e-02
6.731775e-02;3.809093e-02;7.689175e-02;2.767795e-02;1.526542e-01;1.089607e-01;1.076380e-01;4.266920e-02;2.156955e-02;8.952804e-02;1.962509e-01;7.075107e-02
5.727743e-02;4.563197e-02;9.145943e-02;3.153280e-02;1.462347e-01;1.283649e-01;2.027389e-01;4.778506e-02;5.321757e-02;8.493606e-02;8.664304e-02;2.417808e-02
5.818269e-02;3.147195e-02;1.346008e-01;2.476013e-02;1.189575e-01;1.056464e-01;2.289293e-01;4.621694e-02;3.348799e-02;8.349533e-02;1.021061e-01;3.214489e-02
3.931670e-02;4.228147e-02;1.650330e-01;4.081218e-02;7.697862e-02;5.470380e-02;1.861990e-01;5.293148e-02;5.383109e-02;1.242816e-01;1.313600e-01;3.227104e-02
1.078555e-01;4.884291e-02;1.038003e-01;2.027245e-02;5.277031e-02;7.823342e-02;1.624103e-01;6.559487e-02;8.529126e-02;6.262400e-02;1.191764e-01;9.312819e-02
1.735450e-01;6.681903e-02;6.742225e-02;1.979763e-02;3.648699e-02;8.571019e-02;1.023852e-01;3.301080e-02;3.719724e-02;4.883274e-02;1.084728e-01;2.203201e-01
2.269817e-01;5.792940e-02;4.649942e-02;1.741927e-02;2.049178e-02;5.769708e-02;5.683831e-02;1.980305e-02;1.865199e-02;4.392437e-02;8.359895e-02;3.501647e-01
2.681785e-01;3.531598e-02;2.258257e-02;1.066322e-02;9.415878e-03;3.009616e-02;4.479600e-02;1.497306e-02;5.663289e-03;4.189944e-02;4.499544e-02;4.714205e-01
3.428373e-01;2.278492e-02;1.517582e-02;8.216850e-03;4.219226e-03;1.510074e-02;2.901936e-02;2.090546e-02;9.248313e-03;4.369433e-02;1.242942e-02;4.763682e-01
3.165969e-01;1.108076e-02;1.068584e-02;1.234695e-02;4.256823e-03;5.367533e-03;2.818586e-02;1.892853e-02;7.998567e-03;4.136735e-02;6.454486e-02;4.786401e-01
1.447902e-01;7.582609e-03;8.996526e-03;1.263618e-02;3.750143e-03;1.196378e-02;3.423635e-02;8.621692e-03;8.518445e-03;2.552979e-02;1.666987e-01;5.666755e-01
4.794621e-02;7.157871e-03;1.187979e-02;1.143037e-02;4.653740e-03;3.051128e-02;3.053699e-02;2.764672e-03;1.057401e-02;1.699476e-02;3.560326e-01;4.695177e-01
2.746579e-02;7.861298e-03;1.747099e-02;1.009572e-02;5.048663e-03;7.185451e-02;1.350044e-02;4.560099e-03;1.619866e-02;1.226307e-02;5.889608e-01;2.247200e-01
1.879073e-02;6.290550e-03;1.536893e-02;9.176869e-03;1.069752e-02;1.204820e-01;1.352684e-02;6.742824e-03;1.316015e-02;3.706471e-02;6.692693e-01;7.942958e-02
1.918768e-02;1.088309e-02;1.519924e-02;6.397419e-03;2.244437e-02;1.293049e-01;1.436096e-02;4.316031e-03;1.153950e-02;1.056990e-01;5.764853e-01;8.418254e-02
2.515315e-02;1.776572e-02;1.679388e-02;7.248035e-03;7.470199e-02;9.109669e-02;1.980549e-02;8.810812e-03;3.511634e-02;3.187016e-01;3.570427e-01;2.776358e-02
1.407281e-02;1.373136e-02;1.783041e-02;2.041561e-02;1.027262e-01;2.264308e-02;1.957189e-02;8.280308e-03;1.419852e-01;4.070944e-01;1.561262e-01;7.552254e-02
1.023629e-02;6.095416e-03;3.151640e-02;5.792449e-02;5.141286e-02;2.249703e-02;2.329939e-02;4.477393e-02;2.967850e-01;2.366639e-01;1.776657e-01;4.112962e-02
1.381391e-02;1.840946e-02;7.168449e-02;7.674410e-02;3.271547e-02;2.464407e-02;5.495665e-02;1.434432e-01;3.385931e-01;1.026461e-01;9.911274e-02;2.323679e-02
1.886947e-02;5.987210e-02;1.059311e-01;4.789694e-02;4.871904e-02;3.149591e-02;1.598765e-01;2.204723e-01;1.523465e-01;8.102851e-02;5.459070e-02;1.890089e-02
8.022185e-02;1.035708e-01;8.620434e-02;1.610078e-02;4.447161e-02;4.696344e-02;2.569754e-01;2.194081e-01;2.755802e-02;2.364483e-02;5.858276e-02;3.629809e-02
1.431635e-01;8.158028e-02;5.461383e-02;1.052376e-02;3.461422e-02;8.128458e-02;1.761049e-01;1.565352e-01;7.699757e-02;5.476832e-02;5.474053e-02;7.507324e-02
1.284335e-01;5.464200e-02;5.821761e-02;3.777611e-02;7.700299e-02;6.997717e-02;7.905818e-02;1.080443e-01;8.214213e-02;4.966889e-02;6.787176e-02;1.871654e-01
4.461250e-02;3.043691e-02;6.789929e-02;9.155577e-02;9.746297e-02;5.372176e-02;8.801351e-02;8.607013e-02;1.098363e-01;2.873282e-02;1.446948e-01;1.569632e-01
3.554685e-02;3.977286e-02;1.509650e-01;9.803613e-02;5.513966e-02;6.429174e-02;7.663020e-02;7.572990e-02;1.235366e-01;8.235219e-02;1.551363e-01;4.286259e-02
5.173792e-02;6.816591e-02;1.754857e-01;6.102673e-02;3.462951e-02;4.006776e-02;5.734304e-02;4.446767e-02;1.735622e-01;1.136315e-01;1.175119e-01;6.237021e-02
1.443619e-01;1.076406e-01;9.655412e-02;3.387312e-02;2.566297e-02;3.179977e-02;5.077580e-02;7.189440e-02;2.172919e-01;8.154257e-02;1.118450e-01;2.675782e-02
1.546466e-01;9.867135e-02;5.520630e-02;2.899451e-02;2.902300e-02;2.816554e-02;6.153371e-02;1.192469e-01;1.547010e-01;7.588028e-02;8.140508e-02;1.125256e-01
6.707593e-02;5.654637e-02;6.245358e-02;3.307519e-02;3.563991e-02;3.848011e-02;1.058041e-01;1.515663e-01;9.573216e-02;6.170456e-02;8.891885e-02;2.030029e-01
4.212131e-02;3.102756e-02;4.733122e-02;3.091677e-02;4.891990e-02;6.078444e-02;1.037247e-01;1.220678e-01;4.672851e-02;1.304643e-01;1.948348e-01;1.410788e-01
7.059766e-02;2.255201e-02;3.593570e-02;4.749512e-02;4.797475e-02;9.196065e-02;1.159124e-01;8.032821e-02;8.876381e-02;1.907084e-01;1.399542e-01;6.781707e-02
8.823746e-02;5.196726e-02;5.880923e-02;5.100745e-02;3.663837e-02;1.000275e-01;1.467598e-01;9.447020e-02;5.833282e-02;1.432933e-01;8.978493e-02;8.067165e-02
8.660057e-02;5.797737e-02;6.872617e-02;3.528708e-02;3.383455e-02;7.290333e-02;1.001294e-01;1.654762e-01;1.104304e-01;1.368638e-01;8.073182e-02;5.103935e-02
6.865279e-02;4.876579e-02;6.256517e-02;1.865049e-02;3.164522e-02;6.400070e-02;9.101298e-02;2.261468e-01;1.145594e-01;1.701534e-01;4.214374e-02;6.170361e-02
3.021451e-02;4.207325e-02;7.072168e-02;4.999698e-02;3.985433e-02;5.410637e-02;1.016361e-01;2.285939e-01;9.335992e-02;1.244874e-01;1.071559e-01;5.779970e-02
2.382327e-02;2.276734e-02;7.772360e-02;7.462645e-02;4.752363e-02;5.315871e-02;1.191328e-01;1.852391e-01;1.047689e-01;9.862006e-02;1.348404e-01;5.777578e-02
5.112344e-02;3.977649e-02;4.279926e-02;5.693722e-02;5.151129e-02;5.546605e-02;1.248725e-01;1.459069e-01;1.069636e-01;1.048001e-01;1.354775e-01;8.436569e-02
1.099916e-01;5.291303e-02;7.116593e-02;6.745539e-02;7.701944e-02;5.420978e-02;1.297134e-01;1.377757e-01;6.419923e-02;8.379265e-02;7.105224e-02;8.071166e-02
9.624778e-02;5.543154e-02;6.310055e-02;8.869759e-02;7.978354e-02;7.250859e-02;1.014064e-01;1.126788e-01;1.058871e-01;1.072054e-01;5.259030e-02;6.446250e-02
7.409739e-02;6.636769e-02;6.469683e-02;8.447520e-02;7.356976e-02;1.044883e-01;8.685341e-02;1.070780e-01;9.827738e-02;9.105048e-02;9.203613e-02;5.700937e-02
6.581319e-02;6.544143e-02;7.575861e-02;7.448117e-02;6.517660e-02;8.650800e-02;1.079141e-01;1.311163e-01;8.460336e-02;9.686045e-02;1.094741e-01;3.685268e-02
