7.803325e-02;4.722988e-02;1.750354e-01;1.425108e-01;5.720519e-02;4.507953e-02;8.059470e-02;6.650884e-02;7.478753e-02;9.068630e-02;1.064629e-01;3.586579e-02
8.819311e-02;5.295751e-02;1.603648e-01;1.140272e-01;7.165986e-02;6.650122e-02;1.016420e-01;5.571212e-02;8.631593e-02;9.054939e-02;7.007580e-02;4.200108e-02
7.828767e-02;6.311698e-02;1.610212e-01;8.182869e-02;7.612310e-02;6.311043e-02;1.335658e-01;4.135180e-02;5.809661e-02;1.154696e-01;8.770147e-02;4.032661e-02
6.487688e-02;7.460255e-02;1.947176e-01;9.782824e-02;5.028987e-02;6.071865e-02;1.176403e-01;4.353151e-02;4.077502e-02;1.115232e-01;1.018517e-01;4.164443e-02
1.042334e-01;7.885418e-02;2.102990e-01;1.057718e-01;3.084290e-02;5.076791e-02;8.319844e-02;4.555300e-02;5.829490e-02;8.476399e-02;9.907933e-02;4.834109e-02
1.547992e-01;8.065691e-02;1.823906e-01;1.010113e-01;4.511719e-02;4.331156e-02;7.183637e-02;4.891564e-02;8.368841e-02;6.763461e-02;5.467512e-02;6.596311e-02
1.453998e-01;5.243778e-02;1.363250e-01;9.389862e-02;9.216464e-02;5.462561e-02;6.139705e-02;5.138035e-02;8.254038e-02;7.536035e-02;8.404776e-02;7.042258e-02
1.199650e-01;6.320781e-02;1.276792e-01;7.530086e-02;1.424385e-01;6.698705e-02;4.280805e-02;4.912766e-02;6.924258e-02;6.415877e-02;9.915636e-02;7.992810e-02
1.234484e-01;6.895450e-02;1.224077e-01;8.433221e-02;1.553824e-01;8.260573e-02;3.584069e-02;6.429018e-02;5.910543e-02;3.392782e-02;8.086421e-02;8.884070e-02
1.474776e-01;8.295789e-02;1.387820e-01;7.320035e-02;1.249676e-01;7.025050e-02;4.455835e-02;6.076092e-02;6.214207e-02;2.713179e-02;8.952380e-02;7.824714e-02
1.618531e-01;9.083799e-02;1.471021e-01;7.196691e-02;1.219704e-01;6.469139e-02;6.696661e-02;4.385043e-02;6.683196e-02;3.008161e-02;8.523444e-02;4.861301e-02
1.308487e-01;1.285086e-01;1.416512e-01;9.692949e-02;8.574536e-02;7.615042e-02;8.956731e-02;4.545653e-02;7.019234e-02;2.802551e-02;7.504457e-02;3.187992e-02
1.179983e-01;1.230268e-01;1.154965e-01;1.316660e-01;5.263016e-02;1.135395e-01;9.002325e-02;4.216687e-02;5.368673e-02;4.757104e-02;6.896894e-02;4.322583e-02
1.152007e-01;6.876476e-02;9.635908e-02;1.254716e-01;7.648808e-02;1.261156e-01;7.083534e-02;7.098886e-02;6.529044e-02;7.131162e-02;6.687536e-02;4.629842e-02
1.149237e-01;5.521682e-02;9.057449e-02;1.264143e-01;7.145308e-02;1.092374e-01;6.368803e-02;1.008652e-01;7.641608e-02;6.434152e-02;8.581495e-02;4.105443e-02
9.199321e-02;9.755895e-02;1.314359e-01;1.353045e-01;9.376894e-02;6.565993e-02;5.407900e-02;9.551411e-02;5.426041e-02;3.925886e-02;9.560400e-02;4.556224e-02
3.946374e-02;1.142215e-01;1.570232e-01;1.100387e-01;1.228275e-01;4.765650e-02;7.559291e-02;8.888231e-02;2.922084e-02;2.981593e-02;1.339582e-01;5.129867e-02
6.499235e-02;8.928690e-02;1.323007e-01;1.384327e-01;1.028403e-01;6.769194e-02;4.808964e-02;6.420763e-02;3.694654e-02;4.054729e-02;1.222088e-01;9.245516e-02
9.160735e-02;8.680604e-02;9.836589e-02;1.278581e-01;7.598127e-02;1.239509e-01;5.640538e-02;5.084469e-02;7.011577e-02;7.716319e-02;7.669417e-02;6.420729e-02
9.168713e-02;8.427825e-02;7.220636e-02;8.363086e-02;5.102933e-02;1.712134e-01;6.378108e-02;6.052880e-02;7.574315e-02;1.182401e-01;7.225253e-02;5.540908e-02
6.788936e-02;1.049509e-01;6.671239e-02;5.383381e-02;8.990432e-02;1.213129e-01;5.533580e-02;8.454346e-02;6.772338e-02;1.340859e-01;7.971082e-02;7.399697e-02
3.797184e-02;1.394272e-01;1.097085e-01;6.981438e-02;1.249820e-01;5.452467e-02;6.548452e-02;8.056722e-02;7.833976e-02;1.182564e-01;6.114431e-02;5.977932e-02
6.641915e-02;1.316401e-01;1.099255e-01;7.323234e-02;1.193285e-01;7.196230e-02;1.058977e-01;6.384056e-02;1.098779e-01;8.881447e-02;3.210743e-02;2.695407e-02
7.925114e-02;1.052872e-01;6.798071e-02;8.226021e-02;8.808883e-02;1.253637e-01;1.277047e-01;8.944906e-02;8.610607e-02;8.618709e-02;3.275610e-02;2.956513e-02
7.943421e-02;6.193098e-02;8.972811e-02;6.671625e-02;5.659113e-02;1.491068e-01;1.182132e-01;9.541514e-02;1.021719e-01;6.592423e-02;4.792218e-02;6.684583e-02
8.786659e-02;7.138529e-02;1.273807e-01;7.150679e-02;3.970546e-02;1.191434e-01;1.041936e-01;7.821823e-02;1.131056e-01;6.881351e-02;5.634051e-02;6.234030e-02
8.868367e-02;1.342734e-01;1.356579e-01;9.296561e-02;6.228677e-02;8.226745e-02;8.333159e-02;6.284739e-02;7.486091e-02;7.400826e-02;5.454470e-02;5.427235e-02
6.505031e-02;1.384422e-01;1.014725e-01;7.556604e-02;8.372366e-02;8.244479e-02;1.202810e-01;5.660805e-02;1.146111e-01;8.159141e-02;3.441601e-02;4.579291e-02
7.582577e-02;1.089895e-01;1.065748e-01;7.877042e-02;5.879099e-02;9.180322e-02;1.457428e-01;5.975271e-02;9.651491e-02;9.641760e-02;5.557829e-02;2.523894e-02
6.168995e-02;6.086610e-02;1.295025e-01;6.159536e-02;6.958495e-02;1.359947e-01;1.179211e-01;7.151937e-02;1.063495e-01;6.783213e-02;6.356285e-02;5.358145e-02
4.877656e-02;6.480521e-02;1.448378e-01;4.167656e-02;7.230084e-02;1.840280e-01;1.195352e-01;6.204266e-02;1.057091e-01;4.606307e-02;4.669604e-02;6.352887e-02
4.085647e-02;1.119454e-01;1.339573e-01;2.426432e-02;5.378005e-02;2.528614e-01;1.092347e-01;3.961196e-02;8.193370e-02;4.132355e-02;2.686232e-02;8.336882e-02
2.623099e-02;1.599279e-01;1.110229e-01;1.923591e-02;2.111838e-02;3.290330e-01;5.349971e-02;3.217728e-02;9.312256e-02;2.648391e-02;2.274954e-02;1.053978e-01
3.726851e-02;1.264114e-01;1.746337e-01;2.577432e-02;2.227561e-02;2.659517e-01;4.600217e-02;3.316844e-02;7.698761e-02;7.183033e-02;2.686749e-02;9.282872e-02
6.380177e-02;6.614674e-02;2.330381e-01;8.995858e-02;2.973481e-02;1.291687e-01;8.780186e-02;3.245931e-02;3.901016e-02;1.069531e-01;6.630819e-02;5.561865e-02
6.262516e-02;5.145280e-02;2.130554e-01;1.843977e-01;3.891123e-02;4.455559e-02;7.760416e-02;3.940048e-02;2.740143e-02;8.582383e-02;1.371676e-01;3.760456e-02
3.479678e-02;7.649567e-02;1.852278e-01;2.295320e-01;6.676039e-02;2.076594e-02;5.029967e-02;4.549076e-02;4.102076e-02;3.682453e-02;1.726274e-01;4.015835e-02
3.941514e-02;8.582612e-02;1.728728e-01;1.845326e-01;8.459967e-02;3.612126e-02;4.137834e-02;6.840800e-02;6.173005e-02;5.431452e-02;1.393510e-01;3.145042e-02
7.380147e-02;6.303608e-02;1.348355e-01;1.156565e-01;8.791860e-02;5.871327e-02;1.007228e-01;1.062300e-01;7.434613e-02;8.299644e-02;7.263420e-02;2.910908e-02
5.968827e-02;6.382387e-02;1.549280e-01;7.463474e-02;8.570359e-02;8.043990e-02;1.325907e-01;8.679243e-02;9.324856e-02;8.421758e-02;2.917556e-02;5.475680e-02
4.834886e-02;8.205689e-02;1.627811e-01;1.142477e-01;8.908449e-02;8.134817e-02;8.877987e-02;5.076724e-02;1.070687e-01;6.598260e-02;4.623270e-02;6.330168e-02
4.757655e-02;7.163401e-02;1.463113e-01;2.154405e-01;6.501588e-02;9.575220e-02;1.059444e-01;5.156924e-02;4.585290e-02;6.370775e-02;4.508319e-02;4.611208e-02
4.538591e-02;8.704400e-02;1.340718e-01;1.692572e-01;7.640135e-02;8.202019e-02;9.766701e-02;8.613347e-02;4.786191e-02;6.343947e-02;6.553867e-02;4.517897e-02
8.217233e-02;8.298518e-02;1.715917e-01;8.279688e-02;9.387096e-02;4.163967e-02;8.634030e-02;8.926519e-02;6.621836e-02;6.721170e-02;7.117192e-02;6.473576e-02
8.901256e-02;6.966099e-02;1.782463e-01;8.680431e-02;9.537839e-02;6.261367e-02;1.143859e-01;8.760830e-02;6.462830e-02;6.407967e-02;3.712933e-02;5.045235e-02
8.337525e-02;5.431272e-02;1.446700e-01;8.156819e-02;9.730289e-02;8.645394e-02;1.488719e-01;7.823746e-02;8.151764e-02;5.726190e-02;4.630980e-02;4.011829e-02
7.428749e-02;4.806903e-02;1.278970e-01;6.858900e-02;1.138383e-01;9.037199e-02;1.560259e-01;5.746865e-02;7.425597e-02;5.020962e-02;6.576086e-02;7.322624e-02
6.958441e-02;5.387652e-02;1.442040e-01;7.729724e-02;1.366434e-01;7.591956e-02;1.379809e-01;3.677800e-02;6.137940e-02;4.206545e-02;8.837617e-02;7.589491e-02
5.006121e-02;4.912603e-02;1.701208e-01;1.199203e-01;1.550533e-01;7.050838e-02;1.364439e-01;2.833385e-02;6.341591e-02;3.502784e-02;7.941746e-02;4.257102e-02
8.404014e-02;5.910724e-02;1.167106e-01;9.358474e-02;1.090394e-01;5.243182e-02;1.720000e-01;4.407405e-02;6.444575e-02;7.079057e-02;6.804983e-02;6.572588e-02
9.659608e-02;7.956615e-02;1.369606e-01;4.249394e-02;1.107183e-01;6.446296e-02;1.423386e-01;5.666823e-02;5.624402e-02;9.166574e-02;7.064548e-02;5.163987e-02
6.606884e-02;6.137217e-02;1.629434e-01;4.586748e-02;1.129712e-01;6.637490e-02;1.588746e-01;6.617254e-02;6.955492e-02;7.486368e-02;7.359762e-02;4.133862e-02
6.028143e-02;4.634239e-02;1.598518e-01;6.264705e-02;1.024706e-01;7.396873e-02;1.561479e-01;6.295000e-02;7.304191e-02;6.641053e-02;8.019562e-02;5.569215e-02
8.684659e-02;5.655631e-02;1.326844e-01;6.863440e-02;9.036762e-02;8.650137e-02;1.372722e-01;5.761972e-02;6.911597e-02;7.382867e-02;8.154392e-02;5.902877e-02
8.962561e-02;5.419484e-02;1.406924e-01;7.182895e-02;8.807980e-02;8.237594e-02;1.515927e-01;6.484281e-02;6.190922e-02;9.437659e-02;6.944461e-02;3.103648e-02
6.400324e-02;6.406440e-02;1.638125e-01;4.077521e-02;6.611253e-02;6.547444e-02;1.329153e-01;7.893516e-02;1.430865e-01;9.854495e-02;3.541617e-02;4.685954e-02
5.030386e-02;7.344359e-02;1.303880e-01;7.496702e-02;7.569046e-02;3.594840e-02;1.214282e-01;9.516829e-02;1.383798e-01;1.036763e-01;4.834253e-02;5.226369e-02
4.903224e-02;6.108103e-02;1.067419e-01;8.044834e-02;7.315397e-02;5.942735e-02;1.198116e-01;1.201673e-01;8.646520e-02;1.479667e-01;5.927369e-02;3.643072e-02
3.755143e-02;4.561586e-02;1.257049e-01;6.791157e-02;3.035619e-02;1.145771e-01;9.386570e-02;9.779255e-02;1.350114e-01;2.011116e-01;3.864454e-02;1.185726e-02
3.385112e-02;5.311877e-02;1.259573e-01;7.538635e-02;3.721502e-02;9.390621e-02;5.073444e-02;1.038941e-01;1.316502e-01;2.582891e-01;2.303416e-02;1.296315e-02
2.965777e-02;6.010941e-02;1.572498e-01;8.000620e-02;6.420845e-02;6.772429e-02;7.588065e-02;7.408954e-02;1.633634e-01;1.916686e-01;1.542597e-02;2.061591e-02
3.561513e-02;4.835993e-02;1.411718e-01;1.047114e-01;7.179080e-02;9.108786e-02;6.498876e-02;8.884501e-02;1.769841e-01;1.208741e-01;2.597321e-02;2.959795e-02
5.463681e-02;8.001365e-02;9.954780e-02;8.841950e-02;6.001787e-02;7.169554e-02;7.065511e-02;1.021714e-01;2.424187e-01;7.495127e-02;2.250841e-02;3.296397e-02
8.101710e-02;1.179417e-01;9.873999e-02;5.787536e-02;4.628489e-02;5.439060e-02;1.111753e-01;1.282235e-01;2.011933e-01;4.993356e-02;2.758953e-02;2.563517e-02
7.688439e-02;1.165504e-01;9.624678e-02;5.249405e-02;5.005858e-02;5.271070e-02;1.304014e-01;1.553408e-01;1.451743e-01;7.121104e-02;2.943531e-02;2.349214e-02
4.793936e-02;8.091208e-02;6.797475e-02;5.673994e-02;6.186628e-02;5.878355e-02;2.625248e-01;1.349801e-01;1.009948e-01;6.868684e-02;3.264112e-02;2.595638e-02
5.455589e-02;5.365609e-02;7.551409e-02;3.924571e-02;4.687162e-02;5.318512e-02;4.181289e-01;8.914361e-02;5.618266e-02;5.668676e-02;3.067096e-02;2.615854e-02
3.947717e-02;6.112199e-02;4.565664e-02;2.453512e-02;3.602562e-02;4.092980e-02;5.580785e-01;7.966556e-02;3.967579e-02;4.055903e-02;1.726079e-02;1.701397e-02
3.872935e-02;8.302573e-02;2.222775e-02;1.415089e-02;2.730185e-02;3.947883e-02;6.515895e-01;6.868148e-02;2.386110e-02;1.481616e-02;8.267798e-03;7.869582e-03
8.444636e-02;8.883671e-02;8.925296e-03;5.075821e-03;3.067372e-02;5.583666e-02;6.448396e-01;4.000043e-02;2.189963e-02;6.333658e-03;4.681835e-03;8.450191e-03
1.434667e-01;5.201342e-02;7.827035e-03;6.257511e-03;4.314495e-02;9.448989e-02;5.838523e-01;2.225457e-02;1.911743e-02;8.403435e-03;3.994462e-03;1.517823e-02
1.747182e-01;1.430793e-02;1.159972e-02;8.992867e-03;8.138870e-02;1.647467e-01;4.772154e-01;1.782257e-02;9.739772e-03;1.625806e-02;6.020489e-03;1.718959e-02
1.782141e-01;1.344441e-02;2.473046e-02;1.076233e-02;1.298320e-01;2.211572e-01;3.521041e-01;1.443813e-02;7.039856e-03;2.199243e-02;4.337551e-03;2.194741e-02
1.383770e-01;1.358550e-02;4.706091e-02;1.732286e-02;2.044619e-01;2.295521e-01;2.415024e-01;1.344941e-02;1.660160e-02;1.774726e-02;4.080098e-03;5.625889e-02
8.798643e-02;1.989189e-02;8.576152e-02;3.001790e-02;3.126603e-01;1.966554e-01;8.234204e-02;1.188018e-02;3.848887e-02;1.628516e-02;7.555882e-03;1.104744e-01
1.874499e-01;4.398867e-02;5.930731e-02;2.203900e-02;2.077061e-01;1.527666e-01;1.972477e-01;1.647915e-02;3.443126e-02;1.049770e-02;6.300875e-03;6.178573e-02
1.869694e-01;4.592865e-02;3.918769e-02;2.304120e-02;1.228208e-01;1.653807e-01;3.205141e-01;4.022407e-02;1.702804e-02;1.895629e-02;3.812292e-03;1.613682e-02
1.375450e-01;1.927606e-02;1.994911e-02;1.885302e-02;6.787568e-02;2.017396e-01;3.627293e-01;8.960697e-02;2.182997e-02;4.205569e-02;9.278719e-03;9.260857e-03
1.103021e-01;8.191766e-03;1.702206e-02;1.194129e-02;7.471106e-02;2.238427e-01;2.852359e-01;1.171572e-01;3.886534e-02;7.379797e-02;2.579438e-02;1.313834e-02
1.147358e-01;1.252475e-02;3.736359e-02;1.303080e-02;1.359573e-01;2.418297e-01;1.718211e-01;8.615219e-02;3.209255e-02;8.525795e-02;4.208812e-02;2.714614e-02
1.000831e-01;1.469385e-02;6.912523e-02;2.851194e-02;2.068208e-01;2.813794e-01;1.172508e-01;4.167055e-02;2.839721e-02;5.009034e-02;2.970099e-02;3.227581e-02
6.963309e-02;7.136614e-03;5.361110e-02;2.111070e-02;1.762742e-01;3.797427e-01;1.334426e-01;9.660361e-02;1.909065e-02;2.125867e-02;7.690088e-03;1.440587e-02
8.236613e-02;4.133307e-03;2.203241e-02;1.143450e-02;1.114641e-01;4.390036e-01;1.385190e-01;1.424463e-01;1.204822e-02;3.066534e-02;1.694346e-03;4.192860e-03
8.073109e-02;1.415774e-03;1.118399e-02;2.005589e-02;7.036075e-02;4.427300e-01;1.555916e-01;1.461476e-01;1.027131e-02;5.810738e-02;1.469598e-03;1.935065e-03
7.306801e-02;4.071610e-03;1.025574e-02;4.159635e-02;5.160800e-02;4.180304e-01;2.031775e-01;1.090754e-01;9.420267e-03;7.440498e-02;3.472710e-03;1.818997e-03
5.505171e-02;8.478123e-03;8.359965e-03;7.573374e-02;4.043601e-02;3.532020e-01;3.210092e-01;5.948416e-02;5.163048e-03;6.526925e-02;3.723779e-03;4.088996e-03
3.269881e-02;1.826418e-02;8.998072e-03;7.638454e-02;2.413982e-02;2.418737e-01;5.168069e-01;2.912488e-02;1.251847e-02;3.254784e-02;3.533821e-03;3.108988e-03
1.613765e-02;4.067679e-02;5.498423e-03;3.803875e-02;2.010465e-02;1.403178e-01;6.578909e-01;4.927996e-02;1.217950e-02;1.189409e-02;6.495297e-03;1.486172e-03
5.761195e-03;7.826963e-02;7.031683e-03;1.640912e-02;1.963263e-02;8.013313e-02;6.742259e-01;7.832684e-02;1.647864e-02;6.341200e-03;1.612263e-02;1.267359e-03
1.633223e-02;1.023705e-01;1.402773e-02;2.987784e-02;1.998081e-02;7.856721e-02;5.841765e-01;8.020150e-02;3.417037e-02;1.054254e-02;2.705013e-02;2.702521e-03
2.896111e-02;9.370049e-02;3.960280e-02;5.205207e-02;3.524151e-02;1.054544e-01;4.327526e-01;8.372059e-02;6.319033e-02;2.227839e-02;3.380812e-02;9.237619e-03
2.955417e-02;1.257188e-01;7.729325e-02;4.923752e-02;5.149953e-02;1.086258e-01;2.177536e-01;1.390638e-01;1.168547e-01;3.642557e-02;3.322663e-02;1.474655e-02
1.431605e-02;2.010151e-01;6.091183e-02;6.496618e-03;4.701392e-02;2.962060e-02;3.059820e-01;1.695364e-01;7.105095e-02;1.710501e-02;6.901143e-02;7.940004e-03
9.699649e-03;2.349585e-01;5.203429e-02;7.844171e-03;5.082839e-02;1.187776e-02;3.420104e-01;1.500893e-01;3.209251e-02;7.069405e-03;9.440841e-02;7.087169e-03
1.057279e-02;2.654130e-01;3.354692e-02;5.810005e-03;4.397576e-02;1.334311e-02;3.823822e-01;9.550633e-02;1.952947e-02;6.763211e-03;1.169283e-01;6.228976e-03
1.096685e-02;2.978610e-01;1.923973e-02;5.353194e-03;3.006814e-02;1.946023e-02;4.187814e-01;5.178329e-02;1.998499e-02;8.796314e-03;1.106125e-01;7.092382e-03
1.659243e-02;3.071527e-01;9.118700e-03;4.049983e-03;2.123067e-02;3.410758e-02;4.542439e-01;2.120201e-02;2.050371e-02;1.105431e-02;9.211751e-02;8.626497e-03
4.011114e-02;2.469284e-01;7.684290e-03;8.620317e-03;2.289279e-02;6.927285e-02;4.472287e-01;4.298517e-02;1.510671e-02;1.192211e-02;7.919447e-02;8.052980e-03
7.075818e-02;1.653206e-01;3.297374e-02;1.559665e-02;3.938833e-02;1.066576e-01;4.030871e-01;5.111995e-02;1.835847e-02;2.220776e-02;6.466795e-02;9.863626e-03
9.601898e-02;1.063915e-01;6.749546e-02;2.577393e-02;6.777029e-02;1.258752e-01;3.301845e-01;5.523070e-02;2.618952e-02;3.126225e-02;4.870240e-02;1.910530e-02
7.174622e-02;1.348682e-01;1.102792e-01;4.630169e-02;9.216195e-02;9.478699e-02;2.482348e-01;2.518175e-02;3.718170e-02;4.110395e-02;6.717749e-02;3.097620e-02
1.841308e-02;1.870595e-01;4.637117e-02;4.883830e-02;7.052656e-02;7.317574e-02;2.827932e-01;8.010466e-02;3.240110e-02;5.358992e-02;9.391380e-02;1.281304e-02
3.482750e-02;1.671584e-01;5.588768e-02;3.984372e-02;7.677668e-02;1.002610e-01;2.445103e-01;7.191367e-02;4.648028e-02;5.697130e-02;8.301617e-02;2.235324e-02
6.122454e-02;1.361820e-01;5.106863e-02;6.079784e-02;6.414124e-02;7.316693e-02;2.098580e-01;6.132382e-02;9.642526e-02;8.906003e-02;7.178447e-02;2.496725e-02
7.336324e-02;1.126336e-01;5.739444e-02;7.967148e-02;6.411686e-02;4.440045e-02;1.603003e-01;6.590492e-02;1.492451e-01;9.599442e-02;6.745862e-02;2.951655e-02
9.092321e-02;8.476349e-02;7.991666e-02;6.619628e-02;8.388971e-02;8.979111e-02;1.155397e-01;8.017211e-02;1.185697e-01;9.787653e-02;5.924426e-02;3.311723e-02
6.834508e-02;4.712142e-02;9.145176e-02;7.720236e-02;7.878882e-02;8.302864e-02;1.281551e-01;8.697985e-02;1.540109e-01;1.036466e-01;5.127218e-02;2.999726e-02
3.624018e-02;4.465474e-02;1.426807e-01;4.051295e-02;2.863079e-02;3.988582e-02;1.605163e-01;1.780068e-01;1.780534e-01;6.996173e-02;4.336924e-02;3.748735e-02
2.375843e-02;2.501104e-02;2.132750e-01;1.913598e-02;9.742411e-03;1.964336e-02;1.817599e-01;2.791561e-01;1.333204e-01;3.264827e-02;2.657852e-02;3.597057e-02
1.316387e-02;5.835626e-02;2.483820e-01;5.370565e-03;1.022779e-02;8.754629e-03;2.189703e-01;3.093332e-01;7.118435e-02;1.301198e-02;1.404685e-02;2.919816e-02
9.632563e-03;1.658530e-01;1.957995e-01;7.512625e-03;1.711430e-02;1.025498e-02;2.922327e-01;2.185331e-01;2.442189e-02;8.428490e-03;3.439192e-02;1.582486e-02
1.880984e-02;2.942891e-01;9.702786e-02;7.208640e-03;1.717730e-02;2.353010e-02;3.536544e-01;1.049788e-01;1.578062e-02;6.708452e-03;5.277129e-02;8.063585e-03
9.995028e-02;3.309115e-01;2.761797e-02;7.213770e-03;1.380198e-02;6.291978e-02;3.295043e-01;4.302269e-02;2.086467e-02;1.764972e-02;4.333341e-02;3.209985e-03
2.720635e-01;2.173452e-01;1.022119e-02;1.551813e-02;1.632279e-02;1.361457e-01;2.366094e-01;1.484372e-02;1.273614e-02;4.098503e-02;2.134304e-02;5.866101e-03
4.269148e-01;5.916838e-02;7.306977e-03;2.059506e-02;2.220896e-02;1.913047e-01;1.749654e-01;1.279553e-02;7.038243e-03;6.213807e-02;6.862383e-03;8.701456e-03
4.267865e-01;4.546065e-02;1.345531e-02;2.184859e-02;2.291792e-02;1.892154e-01;2.011273e-01;8.528515e-03;6.475106e-03;5.635517e-02;4.035118e-03;3.794359e-03
2.974558e-01;9.148675e-02;1.287031e-02;1.706404e-02;1.676351e-02;1.948709e-01;2.949512e-01;1.014993e-02;6.663123e-03;4.137239e-02;7.616660e-03;8.735442e-03
1.669524e-01;1.192177e-01;8.340471e-03;1.301013e-02;1.960847e-02;2.067492e-01;3.961731e-01;1.165545e-02;6.086984e-03;3.609092e-02;1.078958e-02;5.325687e-03
8.445220e-02;1.162954e-01;8.543545e-03;1.090601e-02;3.668817e-02;2.056599e-01;4.565577e-01;2.448180e-02;9.994730e-03;2.614897e-02;1.366108e-02;6.610564e-03
4.386403e-02;8.089454e-02;4.238035e-02;2.138504e-02;9.628080e-02;2.029741e-01;4.096254e-01;2.939315e-02;2.148123e-02;2.044408e-02;1.263795e-02;1.863948e-02
5.985168e-02;2.756083e-02;1.241297e-01;6.285528e-02;1.793763e-01;1.495557e-01;2.396671e-01;3.298342e-02;4.336281e-02;1.380692e-02;2.488164e-02;4.196860e-02
5.630323e-02;1.762505e-02;2.237258e-01;1.217649e-01;1.587079e-01;8.074110e-02;1.597718e-01;3.817148e-02;4.021227e-02;1.955132e-02;4.429433e-02;3.913077e-02
4.034629e-02;3.059841e-02;3.596036e-01;1.195143e-01;8.426953e-02;7.734323e-02;1.514310e-01;3.555017e-02;1.572188e-02;2.298701e-02;4.814697e-02;1.448760e-02
3.365061e-02;3.944796e-02;5.029910e-01;9.251482e-02;5.142976e-02;5.105949e-02;1.233298e-01;1.865240e-02;1.400966e-02;2.704110e-02;3.870844e-02;7.164996e-03
3.779666e-02;3.315511e-02;5.143024e-01;1.120610e-01;7.166427e-02;3.249076e-02;7.334039e-02;1.304017e-02;1.851705e-02;3.405895e-02;4.809307e-02;1.148024e-02
5.111708e-02;3.523274e-02;3.747773e-01;1.341835e-01;1.139606e-01;4.410727e-02;6.855280e-02;2.386029e-02;3.378749e-02;2.994112e-02;6.686644e-02;2.361347e-02
6.003176e-02;2.247988e-02;2.044731e-01;8.657739e-02;1.913858e-01;9.208453e-02;1.546242e-01;2.472364e-02;4.474728e-02;2.687342e-02;4.753445e-02;4.446460e-02
4.634590e-02;1.670058e-02;1.110497e-01;3.910420e-02;1.992488e-01;1.445762e-01;3.014317e-01;2.085431e-02;3.440834e-02;2.196514e-02;2.143293e-02;4.288212e-02
3.980765e-02;2.098412e-02;5.295433e-02;1.659487e-02;1.401775e-01;1.511913e-01;4.888447e-01;2.253777e-02;1.985243e-02;1.873857e-02;8.697923e-03;1.961895e-02
2.616451e-02;2.871974e-02;1.531125e-02;1.034263e-02;8.192752e-02;1.181143e-01;6.591523e-01;2.532947e-02;1.047445e-02;1.287510e-02;5.878065e-03;5.710741e-03
8.671236e-03;3.503791e-02;7.135028e-03;4.167549e-03;5.232876e-02;8.382181e-02;7.619264e-01;2.094030e-02;1.003947e-02;9.421057e-03;5.090709e-03;1.419732e-03
4.506568e-03;3.704228e-02;8.236296e-03;3.561191e-03;4.021793e-02;6.392073e-02;7.850671e-01;2.843076e-02;1.276779e-02;7.598217e-03;6.687402e-03;1.963792e-03
4.671882e-03;3.018672e-02;7.768750e-03;2.223873e-03;3.493230e-02;5.164888e-02;7.958569e-01;4.382238e-02;1.373627e-02;4.877646e-03;8.426172e-03;1.848210e-03
2.986460e-03;2.326289e-02;5.506582e-03;3.596297e-03;2.709713e-02;3.449453e-02;8.046133e-01;6.333172e-02;1.382464e-02;9.085406e-03;9.203337e-03;2.997712e-03
6.311983e-03;2.576279e-02;1.387411e-02;3.367402e-03;2.102203e-02;2.477971e-02;7.949986e-01;6.431610e-02;1.720259e-02;1.133059e-02;1.305539e-02;3.978739e-03
1.435313e-02;3.381538e-02;1.313330e-02;7.713033e-03;3.202064e-02;5.623059e-02;7.472106e-01;4.545850e-02;2.067860e-02;1.307951e-02;1.399487e-02;2.311913e-03
3.802240e-02;2.902171e-02;1.672778e-02;9.742383e-03;5.222981e-02;1.099207e-01;6.441438e-01;2.691373e-02;1.812730e-02;3.355817e-02;1.152517e-02;1.006704e-02
7.223411e-02;1.949745e-02;1.827369e-02;8.544253e-03;7.591178e-02;1.667323e-01;5.204036e-01;3.151755e-02;1.334661e-02;4.394922e-02;1.077503e-02;1.881442e-02
1.362743e-01;4.321279e-02;2.581836e-02;8.755818e-03;1.054635e-01;1.903036e-01;3.914420e-01;3.123320e-02;9.762295e-03;2.547689e-02;8.291794e-03;2.396554e-02
1.825056e-01;1.046247e-01;6.911016e-02;1.658371e-02;1.445037e-01;1.579287e-01;2.486446e-01;1.836541e-02;1.999437e-02;6.865717e-03;3.021863e-03;2.785160e-02
1.515271e-01;1.005372e-01;1.097955e-01;3.839830e-02;1.905076e-01;1.447568e-01;1.433788e-01;8.086809e-03;6.021360e-02;4.920546e-03;2.913827e-03;4.496380e-02
5.628456e-02;3.810777e-02;1.070093e-01;4.893890e-02;2.389608e-01;2.269773e-01;8.484432e-02;5.208377e-03;1.179676e-01;2.941443e-03;3.217516e-03;6.954209e-02
7.823625e-03;4.100815e-03;8.651134e-02;3.666073e-02;2.550589e-01;2.572491e-01;1.184241e-01;8.284817e-03;1.494047e-01;3.735218e-03;2.463910e-03;7.028273e-02
7.574870e-03;3.785249e-03;9.734654e-02;2.979331e-02;2.603412e-01;1.639481e-01;1.822724e-01;1.714861e-02;1.659230e-01;5.186341e-03;2.822439e-03;6.385802e-02
1.377431e-02;5.178771e-03;1.085553e-01;3.615288e-02;2.753636e-01;8.112151e-02;2.190892e-01;3.064125e-02;1.654449e-01;7.607957e-03;2.726569e-03;5.434387e-02
1.380205e-02;8.255967e-03;7.764452e-02;3.091176e-02;2.447393e-01;1.215072e-01;2.852180e-01;6.227940e-02;1.084173e-01;9.394335e-03;3.124488e-03;3.470564e-02
1.542864e-02;9.689158e-03;5.111608e-02;2.444981e-02;2.047836e-01;2.100646e-01;2.844779e-01;1.014572e-01;5.747253e-02;2.295403e-02;2.822202e-03;1.528430e-02
2.002999e-02;4.779036e-03;2.809270e-02;2.036357e-02;1.394527e-01;2.566141e-01;3.541126e-01;1.025612e-01;2.871047e-02;3.729309e-02;4.498993e-03;3.491660e-03
1.462532e-02;8.000135e-03;1.427602e-02;1.294855e-02;7.455657e-02;1.919381e-01;5.678893e-01;6.248673e-02;2.058523e-02;2.622366e-02;3.198097e-03;3.272306e-03
9.186869e-03;8.517553e-03;7.537527e-03;6.974930e-03;4.515725e-02;1.218936e-01;7.221240e-01;4.498343e-02;1.559556e-02;9.706648e-03;5.961059e-03;2.361606e-03
6.773457e-03;1.370001e-02;1.876130e-02;1.003940e-02;4.838358e-02;9.064204e-02;7.260692e-01;5.022853e-02;1.489563e-02;9.068529e-03;6.982797e-03;4.455562e-03
3.897104e-02;2.786845e-02;4.707022e-02;2.047110e-02;5.029906e-02;9.573744e-02;6.006355e-01;5.738436e-02;2.689569e-02;1.280480e-02;1.100125e-02;1.086113e-02
7.928953e-02;4.891894e-02;9.778006e-02;3.099854e-02;5.231573e-02;9.488706e-02;3.967111e-01;7.083709e-02;5.447766e-02;3.729173e-02;1.640711e-02;2.008551e-02
1.216827e-01;1.832958e-02;1.460727e-01;2.917272e-02;5.146053e-02;8.585951e-02;2.657478e-01;1.008918e-01;7.077516e-02;5.568856e-02;2.056055e-02;3.375836e-02
1.163334e-01;6.251762e-02;1.107565e-01;4.383005e-02;5.117799e-02;8.208864e-02;2.270642e-01;6.933955e-02;5.693638e-02;7.772258e-02;4.343994e-02;5.879318e-02
8.591551e-02;7.499073e-02;1.210946e-01;6.194495e-02;7.005895e-02;8.985214e-02;1.250157e-01;5.384590e-02;6.873012e-02;1.198715e-01;6.315964e-02;6.552023e-02
1.202843e-01;7.836812e-02;1.321506e-01;3.733982e-02;5.995461e-02;7.025946e-02;1.082679e-01;6.802139e-02;5.308346e-02;1.180260e-01;8.865040e-02;6.559397e-02
1.441100e-01;8.064668e-02;1.040667e-01;4.109387e-02;3.763471e-02;3.739896e-02;1.333356e-01;5.042674e-02;7.817535e-02;1.246795e-01;1.054903e-01;6.294157e-02
1.140403e-01;6.352559e-02;9.090274e-02;4.656780e-02;3.004805e-02;2.573418e-02;2.212091e-01;4.686339e-02;9.677492e-02;1.233268e-01;8.801625e-02;5.299090e-02
6.632996e-02;6.053427e-02;1.080685e-01;4.012198e-02;4.038874e-02;4.725137e-02;3.276037e-01;5.873564e-02;9.131156e-02;8.628358e-02;4.748977e-02;2.588094e-02
4.966991e-02;6.649493e-02;1.701472e-01;3.375256e-02;8.151739e-02;8.183844e-02;3.034275e-01;5.576966e-02;6.900196e-02;4.750359e-02;2.200523e-02;1.887168e-02
4.609056e-02;4.735858e-02;3.498820e-01;8.994278e-02;1.214855e-01;8.256892e-02;1.002218e-01;5.242077e-02;3.981734e-02;3.123246e-02;2.010885e-02;1.887037e-02
1.690854e-02;1.987455e-02;5.554372e-01;1.245242e-01;9.202950e-02;3.038159e-02;6.541695e-02;2.873854e-02;1.541321e-02;2.053908e-02;1.709349e-02;1.364320e-02
1.273748e-02;2.365137e-02;6.938916e-01;9.033335e-02;4.245745e-02;1.343889e-02;4.625631e-02;1.884481e-02;1.347353e-02;2.466431e-02;1.421774e-02;6.033188e-03
9.591223e-03;1.651834e-02;7.556169e-01;8.083760e-02;3.182708e-02;1.272724e-02;3.128415e-02;1.021521e-02;1.056210e-02;2.458410e-02;8.023294e-03;8.212741e-03
3.583226e-02;2.823378e-02;5.987930e-01;9.767082e-02;6.965505e-02;2.852205e-02;3.079540e-02;1.470014e-02;2.238975e-02;1.735238e-02;3.039668e-02;2.565879e-02
1.118998e-01;6.889493e-02;1.472574e-01;3.465619e-02;6.012251e-02;9.018715e-02;1.927193e-01;8.840016e-02;6.010330e-02;3.630507e-02;6.087335e-02;4.858085e-02
1.368577e-01;6.809086e-02;7.245857e-02;3.222694e-02;5.102407e-02;1.113814e-01;2.456381e-01;9.991077e-02;6.194976e-02;4.039755e-02;4.621978e-02;3.384435e-02
1.800800e-01;6.340992e-02;4.726252e-02;3.207098e-02;4.087983e-02;1.506495e-01;2.544188e-01;9.496316e-02;5.131152e-02;3.093865e-02;3.262481e-02;2.139026e-02
2.668616e-01;4.564858e-02;2.961543e-02;2.607035e-02;4.123428e-02;2.053836e-01;2.172465e-01;6.643173e-02;3.565843e-02;1.815492e-02;2.297102e-02;2.472355e-02
3.897693e-01;3.120364e-02;2.791347e-02;1.754097e-02;6.694590e-02;1.938675e-01;1.290984e-01;3.097392e-02;2.093926e-02;2.451850e-02;1.568005e-02;5.154911e-02
3.169963e-01;2.271995e-02;4.165687e-02;1.747399e-02;1.420669e-01;1.631260e-01;7.268154e-02;2.155484e-02;5.711489e-02;3.755386e-02;1.771455e-02;8.934022e-02
1.414099e-01;2.314281e-02;6.274103e-02;2.953244e-02;2.040212e-01;1.497621e-01;7.467243e-02;2.584715e-02;8.972154e-02;2.483722e-02;3.039771e-02;1.439144e-01
1.510361e-01;1.992257e-02;4.457561e-02;2.762526e-02;2.047430e-01;1.839332e-01;9.718253e-02;2.199585e-02;6.228000e-02;2.627380e-02;2.995180e-02;1.304803e-01
2.480731e-01;7.906357e-03;2.702096e-02;2.275790e-02;1.418611e-01;2.168418e-01;1.240732e-01;1.365222e-02;4.192505e-02;3.968782e-02;2.028131e-02;9.591915e-02
2.018984e-01;8.457069e-03;3.984372e-02;2.169936e-02;1.353658e-01;1.668671e-01;1.001819e-01;1.172179e-02;3.172382e-02;2.336649e-02;1.656183e-02;2.423127e-01
8.674047e-02;1.028268e-02;6.369445e-02;3.088030e-02;1.617002e-01;9.470760e-02;7.291120e-02;1.294377e-02;6.333207e-02;1.309133e-02;1.245071e-02;3.772652e-01
2.425051e-02;1.367845e-02;7.088362e-02;6.010423e-02;1.907983e-01;5.144049e-02;5.912726e-02;1.362894e-02;7.146540e-02;1.676494e-02;2.920130e-02;3.986566e-01
1.336593e-02;4.578231e-02;9.282129e-02;1.357791e-01;1.952709e-01;2.891140e-02;4.067543e-02;1.924690e-02;4.008337e-02;2.637222e-02;6.322657e-02;2.984646e-01
1.145174e-02;1.101383e-01;1.811113e-01;2.108258e-01;1.393574e-01;2.001636e-02;2.367429e-02;2.881411e-02;2.015382e-02;2.856778e-02;9.484742e-02;1.310416e-01
3.307609e-02;1.291096e-01;2.567976e-01;1.854635e-01;1.031228e-01;2.610026e-02;5.325554e-02;3.165222e-02;2.011826e-02;2.936327e-02;7.367273e-02;5.826814e-02
5.303567e-02;1.031768e-01;2.753284e-01;1.287418e-01;9.955074e-02;4.483088e-02;1.037900e-01;3.335669e-02;3.138937e-02;2.631960e-02;3.708744e-02;6.339264e-02
5.289772e-02;6.516377e-02;3.083065e-01;9.099252e-02;9.581655e-02;5.019729e-02;1.406865e-01;2.546592e-02;3.833334e-02;3.056826e-02;3.362850e-02;6.794319e-02
4.298598e-02;5.427530e-02;2.674272e-01;8.821879e-02;8.927368e-02;5.331981e-02;9.115915e-02;5.080901e-02;5.966107e-02;6.861509e-02;7.012707e-02;6.412786e-02
3.351050e-02;3.596853e-02;2.034401e-01;1.072610e-01;1.556288e-01;5.975186e-02;4.705830e-02;9.045658e-02;5.217287e-02;6.698052e-02;7.948591e-02;6.828508e-02
1.894226e-02;1.817089e-02;1.363108e-01;1.381790e-01;2.403368e-01;6.482494e-02;8.716314e-02;1.008095e-01;2.333975e-02;3.816417e-02;4.131153e-02;9.244715e-02
8.231145e-03;6.742810e-03;1.368666e-01;2.434950e-01;2.570194e-01;5.669697e-02;7.464001e-02;4.559876e-02;1.478995e-02;1.226144e-02;3.214097e-02;1.115170e-01
5.788047e-03;1.087007e-02;1.813440e-01;2.970618e-01;2.209673e-01;3.985223e-02;4.310143e-02;1.053293e-02;7.896250e-03;1.118677e-02;6.796078e-02;1.034385e-01
6.435070e-03;1.675969e-02;2.098403e-01;2.396707e-01;2.051339e-01;3.499826e-02;2.474581e-02;9.271823e-03;6.120163e-03;1.263369e-02;1.329035e-01;1.014870e-01
5.731667e-03;1.450687e-02;2.095323e-01;1.980941e-01;1.878062e-01;3.357146e-02;2.204609e-02;9.414689e-03;6.739810e-03;1.625859e-02;2.070759e-01;8.922237e-02
4.600802e-03;1.369966e-02;1.889820e-01;2.022069e-01;1.696671e-01;3.072718e-02;8.542853e-03;1.197030e-02;3.829624e-03;1.279459e-02;2.707713e-01;8.220772e-02
5.960295e-03;1.133905e-02;1.609927e-01;1.681414e-01;1.565689e-01;2.906065e-02;1.346014e-02;1.294063e-02;2.968307e-03;1.028353e-02;3.365986e-01;9.168592e-02
4.146612e-03;8.669435e-03;1.454244e-01;1.414570e-01;1.456460e-01;2.329780e-02;9.540476e-03;1.127988e-02;4.512723e-03;1.149276e-02;3.726671e-01;1.218658e-01
7.412627e-03;8.274520e-03;1.182874e-01;1.209130e-01;1.386258e-01;2.558508e-02;1.059530e-02;7.108225e-03;2.648398e-03;9.516974e-03;3.178390e-01;2.331937e-01
9.619829e-03;4.981636e-03;9.524487e-02;9.870722e-02;1.392505e-01;2.457471e-02;1.100239e-02;5.960642e-03;4.851377e-03;6.061354e-03;2.028863e-01;3.968592e-01
3.016395e-02;6.064152e-03;7.683659e-02;8.216450e-02;1.607799e-01;2.796930e-02;1.429421e-02;3.321686e-03;6.057061e-03;4.829923e-03;1.002314e-01;4.872873e-01
4.647338e-02;1.007223e-02;6.724495e-02;6.474514e-02;2.150716e-01;4.451625e-02;3.453051e-02;2.625178e-03;1.348201e-02;5.749080e-03;4.504813e-02;4.504415e-01
3.445281e-02;1.199443e-02;6.321801e-02;5.344093e-02;2.936188e-01;8.490454e-02;5.726477e-02;4.428589e-03;2.243933e-02;6.190968e-03;1.463407e-02;3.534128e-01
3.769482e-02;7.806624e-03;5.649136e-02;3.790462e-02;2.966671e-01;2.021147e-01;1.109126e-01;9.237531e-03;2.807173e-02;8.144753e-03;8.322268e-03;1.966318e-01
5.913404e-02;6.757847e-03;3.619394e-02;2.110103e-02;2.020238e-01;3.596520e-01;1.938453e-01;1.832749e-02;1.461229e-02;1.141738e-02;5.830251e-03;7.110456e-02
7.413133e-02;8.824599e-03;2.662028e-02;1.475632e-02;1.266591e-01;3.807406e-01;2.536932e-01;4.388335e-02;9.426661e-03;3.061233e-02;4.957285e-03;2.569489e-02
7.418193e-02;1.205600e-02;5.080849e-02;3.068078e-02;1.138454e-01;3.075275e-01;2.381278e-01;6.583241e-02;2.007150e-02;5.543189e-02;1.181645e-02;1.961983e-02
6.228825e-02;2.305919e-02;1.149672e-01;5.623438e-02;1.571423e-01;2.043629e-01;1.152520e-01;6.347717e-02;4.587311e-02;7.059432e-02;2.771034e-02;5.903878e-02
3.317838e-02;3.196382e-02;1.680956e-01;5.979989e-02;1.892999e-01;1.079370e-01;1.230333e-01;4.020583e-02;5.426816e-02;5.565808e-02;3.451749e-02;1.020426e-01
1.304491e-02;5.276932e-02;2.531554e-01;9.423482e-02;2.008148e-01;7.437100e-02;9.993158e-02;2.667903e-02;2.972974e-02;3.211015e-02;3.955748e-02;8.360180e-02
2.112894e-02;5.938377e-02;3.609031e-01;1.405509e-01;1.417639e-01;7.606591e-02;2.632476e-02;3.523861e-02;1.325753e-02;2.506170e-02;6.805754e-02;3.226341e-02
5.856808e-02;3.906956e-02;4.563180e-01;1.271759e-01;7.710771e-02;6.550910e-02;2.190289e-02;2.515878e-02;2.789225e-02;2.679382e-02;6.122652e-02;1.327751e-02
8.978219e-02;2.590255e-02;5.426888e-01;6.714113e-02;5.498923e-02;3.303247e-02;3.242252e-02;1.706483e-02;3.598925e-02;6.131039e-02;2.213117e-02;1.754552e-02
6.707890e-02;3.737192e-02;5.416071e-01;5.216962e-02;6.385663e-02;1.878516e-02;5.172527e-02;2.596525e-02;3.147261e-02;7.470702e-02;1.115682e-02;2.410366e-02
2.947749e-02;6.633109e-02;5.459830e-01;5.187198e-02;6.415749e-02;1.721746e-02;5.547477e-02;2.418149e-02;3.959972e-02;7.049752e-02;1.300281e-02;2.220520e-02
2.248145e-02;1.017780e-01;5.576929e-01;3.952442e-02;3.694558e-02;3.846159e-02;4.373522e-02;1.362796e-02;5.926571e-02;6.229215e-02;1.389031e-02;1.030464e-02
4.661166e-02;1.862089e-01;4.515446e-01;3.084657e-02;1.341252e-02;8.861725e-02;3.233126e-02;1.338279e-02;8.721664e-02;3.389483e-02;9.693141e-03;6.239771e-03
9.679508e-02;2.709498e-01;3.204294e-01;2.935931e-02;1.525402e-02;1.080621e-01;2.693401e-02;1.190433e-02;9.405583e-02;1.372513e-02;6.073228e-03;6.457803e-03
1.812722e-01;3.188623e-01;2.368907e-01;2.335278e-02;4.403572e-02;6.301899e-02;1.747585e-02;1.238875e-02;8.451499e-02;6.592125e-03;4.156613e-03;7.439017e-03
2.661447e-01;3.212075e-01;1.845879e-01;1.830896e-02;5.663656e-02;1.462054e-02;1.614405e-02;1.632114e-02;7.918503e-02;8.426829e-03;7.526263e-03;1.089048e-02
3.141921e-01;3.162766e-01;1.716663e-01;1.468211e-02;3.260598e-02;1.348452e-02;1.153471e-02;1.720029e-02;8.138674e-02;1.001099e-02;6.974230e-03;9.985459e-03
3.394328e-01;2.895946e-01;1.926421e-01;1.552250e-02;2.486755e-02;1.455014e-02;1.178970e-02;2.331823e-02;5.935148e-02;7.381820e-03;6.097489e-03;1.545157e-02
3.805921e-01;2.340464e-01;1.635631e-01;2.173641e-02;4.670395e-02;1.107226e-02;2.255105e-02;2.750383e-02;3.460560e-02;9.434993e-03;1.207798e-02;3.611230e-02
3.823973e-01;1.855872e-01;1.447023e-01;1.924292e-02;5.015547e-02;1.418026e-02;4.614778e-02;2.972824e-02;1.774893e-02;1.732874e-02;2.412840e-02;6.865250e-02
2.687291e-01;1.525381e-01;1.780408e-01;3.784870e-02;4.229391e-02;2.246897e-02;6.197663e-02;4.148750e-02;1.443342e-02;3.290539e-02;5.369389e-02;9.358356e-02
1.223532e-01;1.457384e-01;1.770863e-01;5.061214e-02;5.952299e-02;4.097238e-02;5.905201e-02;4.774262e-02;4.038926e-02;6.282087e-02;1.044738e-01;8.923605e-02
8.797962e-02;9.412879e-02;9.010100e-02;1.375447e-01;1.217155e-01;5.251233e-02;5.623446e-02;5.467765e-02;9.365300e-02;8.355483e-02;8.606229e-02;4.183579e-02
9.652402e-02;6.301296e-02;1.395388e-01;1.890799e-01;1.450598e-01;3.501367e-02;5.616947e-02;4.555305e-02;1.033247e-01;4.175226e-02;5.164781e-02;3.332357e-02
1.584834e-01;1.302564e-01;1.690790e-01;1.015314e-01;9.576464e-02;3.931433e-02;6.831773e-02;3.609930e-02;8.984308e-02;2.727392e-02;3.713323e-02;4.690358e-02
2.267629e-01;1.896244e-01;1.313449e-01;5.609231e-02;9.715186e-02;3.333260e-02;5.835867e-02;3.141585e-02;6.751363e-02;3.063419e-02;3.738032e-02;4.038836e-02
2.206786e-01;1.919483e-01;1.604381e-01;5.306940e-02;8.480205e-02;4.993645e-02;4.377490e-02;3.832801e-02;6.746882e-02;3.569211e-02;2.354959e-02;3.031375e-02
1.566089e-01;1.607262e-01;1.661323e-01;7.878640e-02;6.277690e-02;5.609534e-02;5.858849e-02;4.634903e-02;7.664993e-02;5.168588e-02;2.199415e-02;6.360654e-02
1.101977e-01;1.302294e-01;1.676578e-01;1.094675e-01;5.394774e-02;8.181309e-02;6.438965e-02;5.777006e-02;5.770358e-02;6.194300e-02;3.221601e-02;7.266444e-02
9.023029e-02;1.196920e-01;1.305199e-01;1.033254e-01;6.556360e-02;1.232574e-01;8.153544e-02;6.442439e-02;4.573059e-02;5.565890e-02;4.989332e-02;7.016886e-02
9.704912e-02;1.027967e-01;1.463436e-01;6.883767e-02;6.453650e-02;1.109690e-01;7.795228e-02;7.142103e-02;6.484557e-02;8.123055e-02;5.099539e-02;6.302258e-02
