1.310117e-01;1.601142e-01;1.493479e-01;1.019588e-01;4.415991e-02;5.767058e-02;8.443928e-02;6.503154e-02;5.716981e-02;4.116087e-02;5.037607e-02;5.755933e-02
1.849456e-01;1.100109e-01;1.238084e-01;4.125569e-02;3.880439e-02;3.592011e-02;8.798907e-02;4.765319e-02;3.742241e-02;8.882888e-02;1.177675e-01;8.559386e-02
1.749745e-01;1.261179e-01;1.174439e-01;2.316758e-02;3.355116e-02;4.612285e-02;7.478335e-02;3.454923e-02;3.320194e-02;1.008968e-01;1.303943e-01;1.047963e-01
1.576079e-01;1.009268e-01;1.082658e-01;3.134080e-02;3.128594e-02;3.991077e-02;5.819284e-02;2.230950e-02;1.163547e-01;1.031467e-01;1.286715e-01;1.019867e-01
1.303879e-01;5.613266e-02;8.978490e-02;4.902695e-02;3.018778e-02;3.464593e-02;6.790590e-02;4.513739e-02;2.227399e-01;8.310901e-02;1.118032e-01;7.913835e-02
9.687302e-02;2.110494e-02;6.296406e-02;4.633508e-02;2.015078e-02;2.894529e-02;1.105838e-01;1.460251e-01;2.855528e-01;5.152310e-02;8.039837e-02;4.954373e-02
4.394415e-02;1.107591e-02;4.192028e-02;2.278897e-02;2.350451e-02;4.156104e-02;2.057165e-01;2.856646e-01;2.147824e-01;4.290035e-02;3.048320e-02;3.565807e-02
3.943878e-02;3.325269e-02;9.378830e-02;1.362849e-02;5.374037e-02;6.418610e-02;2.477754e-01;2.406664e-01;1.223467e-01;4.539544e-02;1.917922e-02;2.660213e-02
5.284115e-02;5.501026e-02;1.882168e-01;2.817083e-02;8.798745e-02;9.243490e-02;1.565658e-01;1.597801e-01;7.131761e-02;5.628463e-02;2.581901e-02;2.557146e-02
3.411561e-02;5.184688e-02;2.999694e-01;3.869717e-02;8.557163e-02;1.013282e-01;9.712715e-02;1.180089e-01;7.197378e-02;4.771195e-02;3.084333e-02;2.280598e-02
2.868531e-02;3.372481e-02;3.102005e-01;3.001299e-02;5.753566e-02;8.213416e-02;1.985211e-01;1.058743e-01;6.919270e-02;3.527351e-02;2.968688e-02;1.915803e-02
5.423191e-02;4.025347e-02;1.593561e-01;2.087711e-02;6.626265e-02;1.043340e-01;2.458390e-01;1.060539e-01;8.444901e-02;5.145977e-02;4.403092e-02;2.285222e-02
7.766698e-02;4.986345e-02;1.460449e-01;2.747428e-02;4.243888e-02;6.101175e-02;2.912444e-01;1.299617e-01;7.127401e-02;4.870050e-02;2.752262e-02;2.679664e-02
9.289212e-02;7.456470e-02;1.642238e-01;3.499088e-02;7.053807e-02;4.488536e-02;1.941625e-01;9.051569e-02;7.775658e-02;4.484862e-02;6.139031e-02;4.923130e-02
1.116919e-01;8.937594e-02;1.147302e-01;4.419206e-02;6.517673e-02;6.408495e-02;9.152065e-02;5.750842e-02;7.703692e-02;7.917622e-02;1.043845e-01;1.011215e-01
9.900815e-02;8.220324e-02;9.879158e-02;4.886463e-02;5.419765e-02;7.428132e-02;1.660734e-01;5.416028e-02;6.917022e-02;7.664626e-02;8.668605e-02;8.991722e-02
5.802955e-02;1.053033e-01;6.108199e-02;4.827403e-02;5.337628e-02;7.192004e-02;3.635923e-01;5.510002e-02;5.365446e-02;4.692952e-02;3.848397e-02;4.425443e-02
2.495062e-02;1.435232e-01;3.233131e-02;3.237684e-02;7.041554e-02;5.226940e-02;4.900173e-01;5.371932e-02;3.279240e-02;1.846805e-02;3.605849e-02;1.307755e-02
1.382890e-02;1.870829e-01;2.775789e-02;1.532413e-02;8.126349e-02;2.854151e-02;5.126311e-01;5.416163e-02;2.017405e-02;7.027741e-03;4.528158e-02;6.925056e-03
1.856176e-02;2.462838e-01;2.952690e-02;1.114820e-02;6.760684e-02;2.919891e-02;4.590110e-01;4.725229e-02;2.484411e-02;5.102441e-03;4.866790e-02;1.279587e-02
1.323257e-02;3.131393e-01;3.001483e-02;9.617634e-03;4.705337e-02;3.178084e-02;4.211654e-01;3.698891e-02;3.027441e-02;5.949874e-03;4.816161e-02;1.262130e-02
3.702903e-02;3.122176e-01;4.894883e-02;1.211598e-02;5.889536e-02;4.783677e-02;3.261662e-01;4.460542e-02;3.945631e-02;1.646904e-02;4.124229e-02;1.501715e-02
7.085148e-02;2.656219e-01;1.131645e-01;2.227702e-02;8.031193e-02;6.402584e-02;1.978729e-01;5.363844e-02;4.678123e-02;3.016625e-02;3.163983e-02;2.364867e-02
8.315758e-02;1.319139e-01;1.919741e-01;4.103357e-02;1.079078e-01;6.026176e-02;1.800023e-01;6.924455e-02;4.906297e-02;2.470454e-02;1.647852e-02;4.425840e-02
8.094496e-02;6.466894e-02;1.394877e-01;3.721656e-02;8.445739e-02;8.052503e-02;2.874791e-01;6.839296e-02;5.812785e-02;2.566323e-02;1.974826e-02;5.328795e-02
5.124439e-02;8.928376e-02;8.061256e-02;5.711706e-02;5.705356e-02;8.420432e-02;4.227850e-01;4.524445e-02;4.308625e-02;2.435130e-02;1.980573e-02;2.521154e-02
3.221425e-02;8.246017e-02;3.059094e-02;7.296320e-02;7.478132e-02;7.974992e-02;5.265097e-01;2.267674e-02;3.659985e-02;2.067208e-02;1.582629e-02;4.955492e-03
1.445722e-02;6.737295e-02;1.601982e-02;3.468768e-02;1.221517e-01;5.781897e-02;5.802675e-01;3.118818e-02;4.085001e-02;1.471180e-02;1.844543e-02;2.028756e-03
5.196829e-03;6.181710e-02;1.194735e-02;8.826019e-03;2.056927e-01;4.084513e-02;5.738053e-01;2.800334e-02;3.395737e-02;5.889279e-03;2.151327e-02;2.506252e-03
2.691417e-03;3.998655e-02;2.245397e-02;3.679909e-03;2.780874e-01;3.475161e-02;5.248572e-01;4.830578e-02;1.984431e-02;4.150495e-03;1.747076e-02;3.720638e-03
4.644903e-03;2.273043e-02;5.842040e-02;3.820212e-03;2.675056e-01;2.935821e-02;3.944229e-01;1.486377e-01;2.906961e-02;1.716585e-02;1.212025e-02;1.210393e-02
8.133588e-03;2.288984e-02;1.312777e-01;5.504256e-03;1.466757e-01;2.874975e-02;2.099138e-01;3.191506e-01;4.513802e-02;3.456181e-02;1.296757e-02;3.503736e-02
8.573195e-03;2.692515e-02;1.250473e-01;4.384559e-03;4.868533e-02;4.271647e-02;2.490681e-01;3.259455e-01;5.242417e-02;3.005037e-02;2.171076e-02;6.446914e-02
5.298742e-03;1.597289e-02;7.738223e-02;5.430207e-03;2.985547e-02;4.962123e-02;3.191756e-01;2.982794e-01;5.764886e-02;2.704840e-02;3.222252e-02;8.206441e-02
5.869493e-03;9.809951e-03;6.111435e-02;8.188121e-03;1.447069e-02;4.376765e-02;3.051821e-01;3.628902e-01;6.601094e-02;2.461328e-02;2.765184e-02;7.043135e-02
6.568595e-03;1.042581e-02;8.975974e-02;9.884112e-03;1.593674e-02;3.789189e-02;2.207092e-01;4.562884e-01;6.376065e-02;3.252459e-02;1.796928e-02;3.828104e-02
1.444504e-02;2.298722e-02;7.984915e-02;1.139643e-02;2.519859e-02;3.817471e-02;3.111805e-01;3.750419e-01;4.938119e-02;3.761435e-02;1.943441e-02;1.529651e-02
1.150675e-02;3.051368e-02;5.863310e-02;6.825303e-03;3.458719e-02;4.117285e-02;4.861114e-01;2.637422e-01;1.877675e-02;2.382482e-02;1.524231e-02;9.063640e-03
1.743097e-02;2.735484e-02;4.680732e-02;8.362972e-03;4.087713e-02;6.103579e-02;5.550285e-01;1.824914e-01;1.783904e-02;1.520537e-02;1.779447e-02;9.772199e-03
3.995888e-02;2.569460e-02;5.754228e-02;2.000218e-02;7.287324e-02;1.237872e-01;4.280664e-01;1.304117e-01;3.581600e-02;3.104580e-02;2.194959e-02;1.285218e-02
6.162718e-02;1.903224e-02;4.269033e-02;1.824518e-02;9.209979e-02;1.851175e-01;4.109536e-01;8.547135e-02;2.179094e-02;4.075763e-02;1.187202e-02;1.034226e-02
6.940387e-02;5.662968e-03;3.679278e-02;1.223799e-02;1.360054e-01;2.220204e-01;4.049798e-01;5.298125e-02;1.274984e-02;3.219733e-02;3.632838e-03;1.133548e-02
5.109178e-02;3.710643e-03;8.996203e-02;2.199457e-02;2.271943e-01;1.805300e-01;2.973510e-01;2.434339e-02;3.855402e-02;2.081246e-02;3.672926e-03;4.078301e-02
2.918819e-02;5.479897e-03;1.499144e-01;4.676938e-02;3.441867e-01;1.153869e-01;1.205282e-01;2.219555e-02;6.413159e-02;1.132917e-02;6.304395e-03;8.458566e-02
1.842186e-02;5.929415e-03;1.627379e-01;5.563681e-02;3.491397e-01;1.048974e-01;1.232154e-01;1.964344e-02;4.762642e-02;1.094497e-02;7.800577e-03;9.400613e-02
2.703465e-02;9.569858e-03;1.624212e-01;6.013026e-02;3.614938e-01;1.436010e-01;6.942801e-02;2.683072e-02;2.547174e-02;2.075405e-02;1.376907e-02;7.949561e-02
3.411268e-02;9.485484e-03;8.242317e-02;3.391458e-02;3.003626e-01;1.878628e-01;2.272482e-01;1.656528e-02;3.165537e-02;2.234354e-02;1.099892e-02;4.302737e-02
3.570374e-02;6.000038e-03;2.671370e-02;1.900889e-02;2.564739e-01;2.727894e-01;2.959305e-01;8.419582e-03;2.869308e-02;1.832048e-02;7.139973e-03;2.480677e-02
4.767483e-02;3.873650e-03;2.295851e-02;1.093507e-02;1.825362e-01;3.732446e-01;2.996673e-01;6.579443e-03;1.420520e-02;2.700702e-02;3.008805e-03;8.309439e-03
5.810395e-02;3.025268e-03;2.447842e-02;1.214476e-02;1.458767e-01;3.735900e-01;3.131389e-01;6.155070e-03;4.772747e-03;5.082795e-02;2.322616e-03;5.563644e-03
6.279709e-02;7.044294e-03;1.829647e-02;1.373451e-02;1.338477e-01;3.202570e-01;3.433707e-01;1.425060e-02;7.192065e-03;6.768454e-02;4.309430e-03;7.215563e-03
6.912866e-02;1.546937e-02;7.062709e-02;1.976959e-02;1.677603e-01;3.076419e-01;2.214781e-01;3.259540e-02;1.557882e-02;6.031587e-02;1.037699e-02;9.257979e-03
7.278525e-02;1.210111e-02;1.105391e-01;2.677850e-02;1.663689e-01;2.802931e-01;2.331689e-01;2.805810e-02;1.472658e-02;3.932492e-02;9.900911e-03;5.954663e-03
5.714462e-02;6.958920e-03;5.753579e-02;2.753496e-02;1.162253e-01;2.406157e-01;4.111574e-01;2.092451e-02;5.282473e-03;4.709240e-02;5.107417e-03;4.420614e-03
3.202039e-02;8.264036e-03;3.454651e-02;2.657304e-02;5.723014e-02;1.911176e-01;5.879995e-01;1.767103e-02;5.247487e-03;3.360903e-02;3.573252e-03;2.148002e-03
1.108806e-02;1.162518e-02;3.536968e-02;1.803452e-02;5.052064e-02;1.452807e-01;6.809448e-01;1.400660e-02;5.385373e-03;1.773010e-02;5.980855e-03;4.033436e-03
1.147685e-02;1.136497e-02;2.187151e-02;9.504544e-03;5.422477e-02;1.166724e-01;7.246823e-01;2.049441e-02;9.397822e-03;1.035339e-02;5.642239e-03;4.314862e-03
1.361586e-02;2.409369e-02;3.191992e-02;9.187908e-03;4.729603e-02;7.770598e-02;6.704931e-01;5.247150e-02;2.824410e-02;1.593208e-02;1.988788e-02;9.151933e-03
1.722785e-02;4.823447e-02;2.927903e-02;9.298350e-03;3.089771e-02;4.664603e-02;5.974087e-01;8.024235e-02;5.080778e-02;1.991710e-02;5.883611e-02;1.120455e-02
1.132900e-02;7.385084e-02;1.452499e-02;5.318121e-03;1.702230e-02;3.684697e-02;5.793611e-01;6.458990e-02;5.877991e-02;1.209175e-02;1.187280e-01;7.557055e-03
2.978755e-03;8.437062e-02;5.711990e-03;2.363988e-03;1.988020e-02;6.353270e-02;5.805186e-01;3.215031e-02;4.984046e-02;9.956188e-03;1.453783e-01;3.317867e-03
7.240930e-03;8.249857e-02;1.289287e-02;5.701528e-03;3.272092e-02;1.011410e-01;5.683892e-01;1.611029e-02;2.960234e-02;2.871135e-02;1.092759e-01;5.715075e-03
1.912645e-02;6.309547e-02;5.428427e-02;2.203771e-02;6.349057e-02;1.150721e-01;4.361977e-01;4.760552e-02;2.968405e-02;6.598733e-02;6.549596e-02;1.792281e-02
2.644260e-02;4.346226e-02;1.296279e-01;4.135752e-02;9.175504e-02;9.114689e-02;2.856498e-01;8.357383e-02;5.206147e-02;6.282363e-02;5.309059e-02;3.900845e-02
3.913678e-02;4.009193e-02;9.952515e-02;3.193614e-02;6.631214e-02;8.147713e-02;2.616746e-01;1.063025e-01;6.031641e-02;1.193933e-01;5.047667e-02;4.335719e-02
3.024362e-02;5.724991e-02;3.569358e-02;1.962950e-02;3.085804e-02;9.626585e-02;4.166933e-01;8.734271e-02;5.364829e-02;1.259284e-01;2.634014e-02;2.010671e-02
2.040707e-02;4.621166e-02;1.811212e-02;1.023234e-02;2.937349e-02;1.044483e-01;5.281482e-01;3.962046e-02;3.051500e-02;1.283537e-01;3.822610e-02;6.351572e-03
2.050582e-02;1.966917e-02;2.120121e-02;1.901231e-02;4.311242e-02;1.422352e-01;5.626203e-01;1.724901e-02;1.906429e-02;1.151910e-01;1.682711e-02;3.312062e-03
4.028700e-02;1.069064e-02;4.043074e-02;2.250091e-02;6.034871e-02;1.491426e-01;4.537231e-01;2.610909e-02;1.870279e-02;1.671053e-01;7.382432e-03;3.576702e-03
5.048233e-02;1.045054e-02;1.175873e-01;2.755979e-02;6.567940e-02;1.170013e-01;3.445351e-01;3.322468e-02;2.634534e-02;1.837270e-01;1.179020e-02;1.161716e-02
4.554241e-02;2.462822e-02;2.630796e-01;3.857400e-02;3.167081e-02;6.993198e-02;3.196910e-01;3.157916e-02;3.315684e-02;1.102989e-01;1.662078e-02;1.522625e-02
2.547858e-02;4.647389e-02;3.819989e-01;3.257325e-02;3.910521e-02;5.670609e-02;3.009020e-01;2.424704e-02;2.129757e-02;4.830094e-02;1.351970e-02;9.396762e-03
3.302843e-02;7.003595e-02;4.035623e-01;2.388128e-02;1.755693e-02;5.158345e-02;2.953027e-01;2.660268e-02;1.620393e-02;5.014743e-02;7.051228e-03;5.043767e-03
4.154386e-02;8.977425e-02;3.890028e-01;2.572091e-02;2.413017e-02;4.483490e-02;2.553588e-01;3.150070e-02;3.100373e-02;4.793520e-02;1.072137e-02;8.473401e-03
6.634995e-02;9.823075e-02;3.998753e-01;3.169365e-02;3.551482e-02;2.488028e-02;2.231972e-01;2.756553e-02;3.143733e-02;3.763915e-02;1.465937e-02;8.956718e-03
9.062239e-02;1.132967e-01;3.330104e-01;2.435657e-02;7.034903e-02;5.079365e-02;1.804438e-01;3.736705e-02;3.073948e-02;3.097837e-02;2.767234e-02;1.037019e-02
9.193821e-02;1.508439e-01;3.021356e-01;5.298540e-02;9.312741e-02;4.834831e-02;9.231431e-02;4.062099e-02;3.514627e-02;4.074128e-02;2.674359e-02;2.505467e-02
5.283463e-02;1.603509e-01;1.935663e-01;5.342615e-02;1.409529e-01;5.581214e-02;1.420601e-01;3.542702e-02;6.093295e-02;2.649026e-02;2.101126e-02;5.713537e-02
1.806994e-02;1.078496e-01;1.860405e-01;4.278359e-02;1.743796e-01;6.112777e-02;1.746298e-01;2.419327e-02;1.051364e-01;1.690811e-02;7.705513e-03;8.117587e-02
1.493763e-02;8.806056e-02;2.721779e-01;5.432079e-02;1.461705e-01;5.268613e-02;1.379427e-01;1.926224e-02;9.879865e-02;2.829802e-02;1.505067e-02;7.229433e-02
2.857712e-02;1.098402e-01;3.429947e-01;6.724567e-02;9.738923e-02;4.038640e-02;9.796029e-02;3.124074e-02;6.847207e-02;4.073486e-02;2.776293e-02;4.739583e-02
5.580906e-02;1.077196e-01;3.862418e-01;6.099724e-02;6.871324e-02;2.371669e-02;7.752804e-02;4.401471e-02;6.572385e-02;4.441766e-02;3.238191e-02;3.273619e-02
6.164698e-02;1.218517e-01;3.729667e-01;4.507893e-02;6.249720e-02;2.269814e-02;8.490486e-02;4.699377e-02;8.234643e-02;4.384436e-02;2.408981e-02;3.108113e-02
3.174334e-02;1.136381e-01;4.567663e-01;5.771580e-02;5.857652e-02;1.893977e-02;7.959356e-02;2.081407e-02;7.419549e-02;2.689098e-02;2.434374e-02;3.678232e-02
2.584628e-02;1.101983e-01;3.707434e-01;5.546673e-02;1.049855e-01;5.671009e-02;1.384270e-01;1.297798e-02;3.968921e-02;2.779772e-02;2.660148e-02;3.055635e-02
2.514645e-02;9.902368e-02;2.208941e-01;4.761589e-02;1.603767e-01;8.176163e-02;2.355255e-01;1.769995e-02;3.785458e-02;3.171618e-02;2.617728e-02;1.620798e-02
5.777643e-02;6.246062e-02;2.217861e-01;5.761947e-02;1.258307e-01;8.493065e-02;1.945259e-01;1.900934e-02;6.679691e-02;4.694830e-02;4.216365e-02;2.015188e-02
8.406585e-02;5.813176e-02;1.329143e-01;8.942125e-02;9.346902e-02;9.962611e-02;1.341989e-01;4.271617e-02;6.748223e-02;8.820079e-02;7.493895e-02;3.483465e-02
8.142558e-02;4.749268e-02;1.392854e-01;9.582013e-02;8.873855e-02;9.422912e-02;1.376353e-01;5.278577e-02;6.561940e-02;9.282900e-02;5.531447e-02;4.882459e-02
8.038906e-02;5.745346e-02;1.720278e-01;6.016748e-02;9.156592e-02;8.307400e-02;2.243943e-01;4.130769e-02;6.279026e-02;6.245052e-02;1.969020e-02;4.468931e-02
7.307051e-02;4.201765e-02;1.893759e-01;3.630462e-02;1.260540e-01;1.138654e-01;2.434055e-01;2.813933e-02;5.185880e-02;3.805486e-02;1.538265e-02;4.247073e-02
4.021615e-02;1.828762e-02;1.782337e-01;3.016249e-02;2.079623e-01;1.178038e-01;1.868367e-01;1.372215e-02;7.762091e-02;1.988133e-02;1.203141e-02;9.724142e-02
1.594841e-02;5.538512e-02;1.435712e-01;8.141107e-02;2.571965e-01;7.433947e-02;9.991473e-02;1.399186e-02;8.798873e-02;1.316146e-02;8.824961e-03;1.482664e-01
3.245019e-02;1.265075e-01;1.523302e-01;1.318319e-01;2.238904e-01;4.204078e-02;3.147833e-02;3.454398e-02;4.766897e-02;2.188921e-02;3.481978e-02;1.205488e-01
5.463039e-02;1.517261e-01;2.131831e-01;1.349581e-01;1.485949e-01;3.031670e-02;3.048351e-02;5.292604e-02;3.688605e-02;2.425225e-02;5.890355e-02;6.313931e-02
7.097278e-02;1.078603e-01;3.256698e-01;7.619803e-02;9.775779e-02;2.920872e-02;3.506599e-02;5.014717e-02;1.051950e-01;2.359837e-02;4.760863e-02;3.071742e-02
9.197737e-02;2.849821e-02;4.201452e-01;7.535902e-02;8.505018e-02;2.367879e-02;4.581394e-02;2.187552e-02;1.605464e-01;1.769486e-02;1.576825e-02;1.359223e-02
1.087482e-01;2.677303e-02;4.485228e-01;7.080626e-02;6.497964e-02;1.443787e-02;4.620785e-02;1.445211e-02;1.454223e-01;2.893747e-02;2.105821e-02;9.654256e-03
1.023171e-01;4.048818e-02;4.785531e-01;3.577723e-02;4.160612e-02;1.945111e-02;6.494582e-02;2.015243e-02;9.883230e-02;5.972347e-02;1.477649e-02;2.337656e-02
6.702790e-02;5.235868e-02;5.002570e-01;3.439740e-02;2.525565e-02;2.665646e-02;4.856539e-02;2.946557e-02;5.459252e-02;6.653576e-02;8.258718e-03;8.662893e-02
6.402609e-02;1.288548e-01;4.305044e-01;2.536936e-02;1.824244e-02;3.800574e-02;1.953182e-02;2.714864e-02;4.049077e-02;2.649952e-02;8.643422e-03;1.726830e-01
6.651083e-02;1.935564e-01;3.736454e-01;2.730379e-02;6.929131e-03;4.606945e-02;9.332944e-03;1.189378e-02;5.936483e-02;7.372267e-03;1.778656e-02;1.802346e-01
1.171413e-01;2.141964e-01;2.892451e-01;3.276879e-02;1.105089e-02;4.304016e-02;1.510768e-02;1.998255e-02;7.808933e-02;1.331198e-02;4.310510e-02;1.229607e-01
1.713538e-01;1.959197e-01;2.083271e-01;3.306980e-02;2.126410e-02;3.751921e-02;3.294852e-02;3.932390e-02;8.156873e-02;2.940206e-02;7.208920e-02;7.721400e-02
2.134051e-01;1.522783e-01;1.209147e-01;4.167642e-02;3.172682e-02;4.327019e-02;5.559626e-02;6.854291e-02;8.125661e-02;5.195905e-02;8.109986e-02;5.827371e-02
9.834433e-02;1.442411e-01;1.302837e-01;4.706683e-02;6.641404e-02;4.226839e-02;6.541307e-02;7.568918e-02;1.071999e-01;7.742781e-02;8.518950e-02;6.046211e-02
9.384893e-02;1.579706e-01;1.693718e-01;5.392455e-02;6.652649e-02;2.942955e-02;6.188719e-02;6.260987e-02;8.650634e-02;6.424260e-02;9.762143e-02;5.606058e-02
1.371968e-01;1.751921e-01;1.615234e-01;4.706230e-02;4.469249e-02;2.552829e-02;5.134149e-02;6.446289e-02;8.075456e-02;5.477895e-02;9.038214e-02;6.708473e-02
1.395832e-01;1.837941e-01;1.288844e-01;6.692272e-02;3.604539e-02;3.130710e-02;4.758178e-02;8.892140e-02;7.301646e-02;6.762335e-02;7.880796e-02;5.751215e-02
1.203056e-01;1.450315e-01;1.559235e-01;6.978943e-02;4.084576e-02;4.788787e-02;7.331084e-02;1.021913e-01;5.885837e-02;9.482415e-02;4.647757e-02;4.455406e-02
1.444021e-01;1.319248e-01;1.689413e-01;5.541016e-02;3.778548e-02;7.609119e-02;9.036317e-02;6.446921e-02;5.696052e-02;6.591816e-02;3.085190e-02;7.688205e-02
1.518603e-01;1.449829e-01;1.575802e-01;5.370072e-02;5.636770e-02;6.773097e-02;9.320742e-02;5.804551e-02;5.419081e-02;5.420809e-02;2.901297e-02;7.911240e-02
1.613764e-01;1.386631e-01;1.270532e-01;6.993663e-02;7.201930e-02;5.083101e-02;7.035501e-02;6.804790e-02;5.150651e-02;6.398668e-02;5.245819e-02;7.376596e-02
1.254040e-01;1.185533e-01;1.276129e-01;8.419807e-02;8.367348e-02;9.942810e-02;5.704945e-02;4.802967e-02;4.821786e-02;6.163288e-02;8.086104e-02;6.533935e-02
5.963485e-02;1.041649e-01;1.452990e-01;6.802868e-02;9.663838e-02;1.370614e-01;6.285939e-02;5.054630e-02;4.953720e-02;6.664109e-02;8.805940e-02;7.152936e-02
4.475012e-02;1.213940e-01;1.534372e-01;5.201431e-02;1.054916e-01;1.181799e-01;6.617397e-02;7.603158e-02;4.807422e-02;6.893397e-02;6.397072e-02;8.154849e-02
4.903764e-02;1.047079e-01;1.710811e-01;3.860920e-02;9.343381e-02;1.002484e-01;1.046156e-01;7.475217e-02;6.674111e-02;4.647468e-02;7.318436e-02;7.711392e-02
6.482249e-02;6.427599e-02;2.693452e-01;8.417313e-02;6.453492e-02;6.236901e-02;1.055417e-01;4.067896e-02;6.848255e-02;5.366759e-02;6.982433e-02;5.228406e-02
4.923122e-02;5.385474e-02;3.981322e-01;1.236260e-01;4.767411e-02;3.017772e-02;7.265211e-02;2.115857e-02;6.055551e-02;4.816049e-02;6.322929e-02;3.154813e-02
2.328012e-02;4.855251e-02;4.938605e-01;1.771411e-01;4.748724e-02;1.449292e-02;4.311749e-02;1.785998e-02;4.501132e-02;2.721475e-02;4.624972e-02;1.573237e-02
1.095746e-02;2.536325e-02;3.902870e-01;3.290287e-01;1.087470e-01;9.220374e-03;2.173099e-02;3.354257e-02;2.392312e-02;5.575341e-03;3.360236e-02;8.021838e-03
6.397784e-03;1.585476e-02;1.971165e-01;3.831757e-01;2.449637e-01;2.037893e-02;1.211610e-02;5.251869e-02;1.631611e-02;9.406868e-03;3.099900e-02;1.075586e-02
7.580710e-03;1.204341e-02;7.839122e-02;3.140794e-01;3.946284e-01;3.607324e-02;1.415735e-02;4.859807e-02;3.197852e-02;1.517110e-02;2.428377e-02;2.301476e-02
5.470781e-03;9.393803e-03;4.018378e-02;2.090187e-01;4.668191e-01;3.617971e-02;2.037895e-02;2.361867e-02;1.087602e-01;1.298740e-02;1.620464e-02;5.098428e-02
5.658916e-03;6.023857e-03;4.380665e-02;1.182046e-01;4.347131e-01;6.189604e-02;3.341912e-02;6.620476e-03;1.960543e-01;2.884787e-02;6.083869e-03;5.867109e-02
1.727560e-02;4.320878e-03;4.988502e-02;1.048177e-01;3.211727e-01;1.135167e-01;4.040365e-02;1.425001e-02;1.888694e-01;9.541893e-02;4.668070e-03;4.540143e-02
4.362099e-02;7.271188e-03;3.763416e-02;1.030651e-01;1.925598e-01;1.815138e-01;7.468043e-02;3.181927e-02;1.065207e-01;1.848820e-01;7.031355e-03;2.940118e-02
6.868784e-02;7.818515e-03;8.453697e-02;9.367865e-02;1.192144e-01;1.962709e-01;1.172486e-01;3.947365e-02;6.419683e-02;1.639988e-01;1.410708e-02;3.076785e-02
5.618525e-02;1.072843e-02;1.485125e-01;8.601590e-02;2.321820e-01;1.242946e-01;1.098758e-01;2.826401e-02;9.780189e-02;5.865125e-02;1.353242e-02;3.395601e-02
2.993274e-02;1.179253e-02;1.776135e-01;6.266426e-02;3.134561e-01;7.568912e-02;1.401536e-01;1.924664e-02;8.552517e-02;2.211198e-02;9.530288e-03;5.228397e-02
2.332607e-02;8.932851e-03;1.638695e-01;4.910386e-02;3.385930e-01;1.040206e-01;1.396507e-01;1.650532e-02;4.641982e-02;2.618232e-02;1.191704e-02;7.147908e-02
1.772133e-02;7.898539e-03;1.739204e-01;6.080471e-02;3.590175e-01;1.099777e-01;7.900727e-02;8.580999e-03;6.079177e-02;3.266046e-02;1.310809e-02;7.651121e-02
3.845488e-02;1.119671e-02;1.699097e-01;5.609227e-02;2.949130e-01;1.209859e-01;1.138085e-01;1.212789e-02;7.078630e-02;4.685561e-02;1.239567e-02;5.247362e-02
1.267306e-01;8.831873e-03;1.098838e-01;3.722085e-02;1.492859e-01;1.563272e-01;2.532481e-01;2.265300e-02;4.742060e-02;5.593074e-02;1.043657e-02;2.203060e-02
2.073439e-01;8.458820e-03;4.148836e-02;2.522567e-02;8.675295e-02;1.804137e-01;3.162521e-01;2.677383e-02;1.963407e-02;6.757175e-02;5.098424e-03;1.498645e-02
2.313531e-01;6.577695e-03;1.954763e-02;2.951031e-02;7.116709e-02;1.916984e-01;3.333713e-01;1.806492e-02;7.816037e-03;7.999001e-02;2.988777e-03;7.914686e-03
1.854930e-01;7.777234e-03;2.113729e-02;3.661837e-02;6.861577e-02;1.931631e-01;3.834517e-01;1.248072e-02;6.566048e-03;7.675501e-02;3.733732e-03;4.208077e-03
1.083286e-01;1.084470e-02;2.537637e-02;3.628295e-02;5.125235e-02;1.761812e-01;4.861001e-01;1.356576e-02;9.479418e-03;6.611434e-02;5.383121e-03;1.109112e-02
5.952494e-02;1.497041e-02;4.552403e-02;3.041985e-02;7.009266e-02;1.401246e-01;4.861400e-01;2.473838e-02;1.875280e-02;8.398738e-02;1.270856e-02;1.301639e-02
4.615806e-02;8.754011e-03;1.481901e-01;4.435374e-02;9.251950e-02;9.602773e-02;3.937793e-01;2.805948e-02;3.019784e-02;8.414459e-02;1.533649e-02;1.247921e-02
4.323127e-02;1.153878e-02;3.233985e-01;8.328093e-02;7.624213e-02;4.429219e-02;2.925690e-01;2.933968e-02;3.017550e-02;4.150947e-02;1.713055e-02;7.292022e-03
4.099394e-02;1.068902e-02;4.321992e-01;9.565526e-02;1.020061e-01;5.874887e-02;1.935006e-01;1.469225e-02;1.304222e-02;1.895344e-02;1.531569e-02;4.203303e-03
3.409343e-02;1.674672e-02;5.687565e-01;8.695056e-02;8.115676e-02;3.910343e-02;1.152959e-01;1.427567e-02;1.192233e-02;1.446125e-02;1.281480e-02;4.422637e-03
3.050751e-02;4.542834e-02;6.449451e-01;6.711271e-02;4.793774e-02;2.145787e-02;9.404220e-02;9.299453e-03;7.002067e-03;1.699212e-02;9.653064e-03;5.621796e-03
4.366907e-02;7.377259e-02;5.594501e-01;4.718868e-02;4.053609e-02;2.273719e-02;1.311866e-01;1.621350e-02;1.050583e-02;2.230703e-02;2.025405e-02;1.217924e-02
4.291863e-02;5.709215e-02;4.247316e-01;4.725829e-02;6.302253e-02;3.986372e-02;1.433391e-01;2.463560e-02;2.413034e-02;5.548950e-02;4.739633e-02;3.012220e-02
2.427994e-02;3.248399e-02;3.863018e-01;5.899519e-02;7.988471e-02;3.453667e-02;1.426799e-01;4.420427e-02;3.378835e-02;7.089943e-02;5.647646e-02;3.546927e-02
3.060594e-02;2.846100e-02;2.438421e-01;7.637089e-02;1.169589e-01;4.847898e-02;1.464216e-01;1.100840e-01;3.893170e-02;5.799789e-02;5.551885e-02;4.632823e-02
2.864337e-02;3.180066e-02;2.463005e-01;9.291290e-02;1.227543e-01;4.750300e-02;1.238671e-01;1.385496e-01;2.880419e-02;4.267567e-02;4.761748e-02;4.857128e-02
1.888703e-02;3.583819e-02;3.451543e-01;9.119601e-02;9.342575e-02;3.840135e-02;8.915143e-02;1.131275e-01;5.210718e-02;4.244111e-02;4.201991e-02;3.825033e-02
5.740307e-02;5.232994e-02;3.383473e-01;7.030547e-02;5.973830e-02;3.278743e-02;7.559200e-02;7.060238e-02;1.032755e-01;4.779066e-02;4.964635e-02;4.218162e-02
1.048661e-01;6.413309e-02;1.844490e-01;5.337021e-02;5.000095e-02;4.309181e-02;6.720100e-02;4.742594e-02;1.272803e-01;7.795274e-02;1.057182e-01;7.451061e-02
1.221499e-01;5.092315e-02;8.622456e-02;5.477516e-02;5.811582e-02;5.458949e-02;5.389816e-02;5.172823e-02;1.099756e-01;7.806849e-02;1.604585e-01;1.190930e-01
8.210821e-02;9.443350e-02;1.930897e-01;5.656987e-02;5.071865e-02;7.116052e-02;6.130744e-02;3.749134e-02;6.172998e-02;4.588627e-02;1.107753e-01;1.347292e-01
7.230975e-02;1.022521e-01;2.172900e-01;8.629851e-02;8.110962e-02;8.519937e-02;4.856263e-02;3.480928e-02;6.293654e-02;3.122763e-02;5.956879e-02;1.184357e-01
1.343152e-01;6.958657e-02;1.770874e-01;8.894005e-02;1.050950e-01;9.933445e-02;6.005880e-02;3.696303e-02;6.979912e-02;5.933543e-02;3.612690e-02;6.335806e-02
1.658333e-01;5.395154e-02;1.287165e-01;4.849271e-02;9.909776e-02;9.889974e-02;6.275596e-02;5.628849e-02;6.413472e-02;6.922393e-02;4.938562e-02;1.032198e-01
1.616555e-01;9.227041e-02;1.321923e-01;4.769383e-02;6.866275e-02;7.772670e-02;9.428981e-02;6.505068e-02;6.661633e-02;6.481683e-02;7.066972e-02;5.835514e-02
1.263009e-01;7.785186e-02;8.496402e-02;3.635692e-02;5.952808e-02;5.622265e-02;2.874889e-01;6.016745e-02;5.354670e-02;5.685332e-02;5.882730e-02;4.189192e-02
7.848430e-02;4.281954e-02;4.271717e-02;1.813150e-02;5.801084e-02;5.995075e-02;4.289554e-01;5.283629e-02;5.478835e-02;7.351544e-02;4.631732e-02;4.347312e-02
4.763400e-02;3.768491e-02;2.249485e-02;1.066051e-02;5.250085e-02;1.001903e-01;5.007218e-01;3.956478e-02;5.845418e-02;7.969861e-02;2.329718e-02;2.709808e-02
3.430623e-02;3.159498e-02;1.226479e-02;9.309095e-03;5.346190e-02;1.605358e-01;5.427345e-01;2.803714e-02;4.848738e-02;5.250039e-02;1.497221e-02;1.179552e-02
2.455997e-02;2.490668e-02;1.109758e-02;8.425988e-03;4.581404e-02;1.818310e-01;6.242807e-01;2.845689e-02;2.106645e-02;1.612020e-02;7.308075e-03;6.132498e-03
1.532655e-02;2.409831e-02;5.843526e-03;4.317289e-03;3.787371e-02;1.185744e-01;7.257058e-01;3.141773e-02;1.369606e-02;6.764047e-03;1.369197e-02;2.690565e-03
8.362881e-03;3.246352e-02;1.742145e-02;4.159282e-03;4.814147e-02;6.141791e-02;7.296003e-01;5.072294e-02;1.564251e-02;6.318773e-03;2.368609e-02;2.062881e-03
8.622540e-03;3.329803e-02;3.730170e-02;4.229355e-03;5.135304e-02;3.804479e-02;6.851708e-01;9.393245e-02;1.508054e-02;4.086709e-03;2.647647e-02;2.403514e-03
4.823592e-03;3.854840e-02;5.036968e-02;6.121473e-03;5.473498e-02;3.246694e-02;6.273484e-01;1.187938e-01;1.826331e-02;1.002119e-02;3.426474e-02;4.243530e-03
5.170804e-03;4.856688e-02;5.701769e-02;1.166904e-02;6.584743e-02;4.059691e-02;5.729728e-01;8.463979e-02;2.420564e-02;1.569377e-02;5.404932e-02;1.956991e-02
2.253750e-02;5.503925e-02;6.377965e-02;2.101717e-02;7.020921e-02;4.786408e-02;4.591317e-01;6.899062e-02;3.220980e-02;3.578351e-02;7.071427e-02;5.272324e-02
7.446758e-02;8.177360e-02;6.911150e-02;2.636421e-02;7.513698e-02;6.666222e-02;2.019922e-01;1.237054e-01;4.292659e-02;5.925232e-02;7.301681e-02;1.055906e-01
8.602434e-02;7.780443e-02;5.396442e-02;1.193795e-02;4.425684e-02;6.166546e-02;3.472046e-01;1.021127e-01;3.947614e-02;5.012567e-02;5.031082e-02;7.511659e-02
1.250776e-01;1.049523e-01;3.271490e-02;1.351574e-02;3.730503e-02;6.543416e-02;3.897481e-01;6.866390e-02;2.607243e-02;4.767909e-02;4.781728e-02;4.101941e-02
1.505512e-01;1.527985e-01;2.816602e-02;2.812730e-02;4.450056e-02;6.064870e-02;3.343144e-01;5.042480e-02;3.343640e-02;4.162528e-02;2.609705e-02;4.930988e-02
1.330765e-01;1.356248e-01;5.178094e-02;3.965075e-02;5.644120e-02;5.511592e-02;2.506311e-01;6.987380e-02;4.228473e-02;4.628888e-02;3.550571e-02;8.372565e-02
1.618322e-01;1.127008e-01;5.330138e-02;2.776108e-02;8.352114e-02;8.160136e-02;2.065103e-01;7.492106e-02;4.131527e-02;4.643092e-02;4.438141e-02;6.572311e-02
2.432430e-01;7.451419e-02;4.775036e-02;4.427302e-02;5.552579e-02;8.192151e-02;1.452829e-01;5.712717e-02;5.022509e-02;5.808600e-02;4.254188e-02;9.950905e-02
1.841695e-01;1.276523e-01;4.258191e-02;3.221468e-02;5.117574e-02;8.652869e-02;1.025452e-01;7.026056e-02;6.637538e-02;6.255013e-02;4.292222e-02;1.310237e-01
1.121730e-01;8.248814e-02;4.403605e-02;2.908998e-02;2.184187e-02;7.647582e-02;2.621105e-01;9.530500e-02;7.061246e-02;7.148521e-02;7.298466e-02;6.139726e-02
4.805183e-02;4.503258e-02;8.295608e-02;1.930332e-02;1.304895e-02;5.328122e-02;3.351392e-01;1.234648e-01;6.481533e-02;9.974056e-02;5.651702e-02;5.864905e-02
2.147908e-02;2.867378e-02;1.000296e-01;3.485371e-02;2.235684e-02;6.407230e-02;3.368810e-01;1.506763e-01;7.371720e-02;8.264713e-02;2.804821e-02;5.656489e-02
5.396396e-02;3.019105e-02;8.589241e-02;7.336947e-02;4.965854e-02;6.575206e-02;2.245527e-01;1.307957e-01;1.094840e-01;9.312458e-02;4.017317e-02;4.304239e-02
1.999756e-01;9.498139e-02;8.082304e-02;5.687323e-02;6.294984e-02;6.417449e-02;8.973716e-02;5.676022e-02;8.898848e-02;1.007632e-01;5.585142e-02;4.812192e-02
3.334644e-01;2.065893e-01;1.027508e-01;2.962759e-02;2.944694e-02;5.362115e-02;4.215894e-02;3.317154e-02;4.029503e-02;5.520283e-02;3.247121e-02;4.120031e-02
4.007669e-01;3.312179e-01;9.444492e-02;1.119743e-02;9.758224e-03;3.333366e-02;1.895486e-02;2.131736e-02;1.869611e-02;2.438926e-02;9.382295e-03;2.654110e-02
4.001066e-01;4.163546e-01;7.943863e-02;3.593025e-03;6.116552e-03;1.843289e-02;1.834657e-02;8.925118e-03;2.188142e-02;1.362275e-02;4.286075e-03;8.895787e-03
4.676012e-01;3.496872e-01;6.172552e-02;1.829095e-03;9.345614e-03;8.621410e-03;2.557822e-02;2.164039e-02;1.766525e-02;1.538349e-02;7.375354e-03;1.354734e-02
5.856694e-01;2.331975e-01;2.927958e-02;4.164485e-03;1.277792e-02;4.753000e-03;2.067852e-02;5.440175e-02;7.487645e-03;1.321928e-02;8.530000e-03;2.584102e-02
6.342172e-01;1.334537e-01;3.163744e-02;4.359541e-03;8.550137e-03;7.191688e-03;1.837135e-02;9.617007e-02;3.926417e-03;9.988644e-03;4.312889e-03;4.782092e-02
6.517997e-01;5.581603e-02;3.211399e-02;4.589730e-03;6.357552e-03;5.832027e-03;1.838487e-02;1.383834e-01;3.814258e-03;8.898404e-03;7.910055e-03;6.610000e-02
5.945166e-01;1.278208e-01;2.751007e-02;3.942589e-03;3.832636e-03;3.338662e-03;9.220967e-03;1.346420e-01;6.780637e-03;9.846495e-03;7.235003e-03;7.131350e-02
6.112921e-01;1.178478e-01;2.315189e-02;5.310623e-03;4.289024e-03;6.032683e-03;1.274960e-02;1.143763e-01;6.566490e-03;1.076113e-02;5.808871e-03;8.181349e-02
6.794327e-01;3.482462e-02;1.496259e-02;5.739659e-03;4.972677e-03;7.122448e-03;1.390824e-02;1.045245e-01;1.573777e-02;8.535382e-03;9.886471e-03;1.003529e-01
6.478910e-01;9.884962e-02;1.502591e-02;5.037002e-03;1.151977e-02;4.476780e-03;5.805109e-03;1.170157e-01;7.599996e-03;5.495754e-03;4.754995e-03;7.652832e-02
6.123293e-01;1.572917e-01;1.890051e-02;4.032529e-03;1.671354e-02;2.637178e-03;3.205179e-03;1.233893e-01;9.796325e-03;3.920804e-03;3.035418e-03;4.474819e-02
5.938126e-01;2.247987e-01;9.235744e-03;2.983074e-03;1.533669e-02;4.157234e-03;7.827689e-03;9.554604e-02;1.158509e-02;3.959092e-03;3.465260e-03;2.729273e-02
5.073308e-01;3.167646e-01;3.023848e-02;4.165135e-03;8.620506e-03;4.543988e-03;7.333502e-03;4.308102e-02;4.844530e-02;5.815235e-03;3.723218e-03;1.993823e-02
3.768770e-01;3.903790e-01;3.989710e-02;2.138861e-03;4.078799e-03;4.009104e-03;6.966722e-03;1.795556e-02;1.321846e-01;6.296369e-03;4.798859e-03;1.441804e-02
2.433896e-01;3.850102e-01;6.997570e-02;5.160702e-03;3.333370e-03;9.622555e-03;4.980741e-03;1.273549e-02;2.460178e-01;6.563739e-03;3.353598e-03;9.856526e-03
9.345719e-02;3.749366e-01;1.028047e-01;4.547606e-03;2.941451e-03;1.711202e-02;5.527128e-03;9.764847e-03;3.699747e-01;8.784492e-03;1.782771e-03;8.366385e-03
9.243660e-02;3.410698e-01;1.478846e-01;3.653456e-03;3.810719e-03;1.885519e-02;4.129421e-03;7.668809e-03;3.647280e-01;6.940984e-03;2.508839e-03;6.313550e-03
9.871509e-02;3.296342e-01;2.325363e-01;2.741584e-03;2.535418e-03;1.389430e-02;5.883277e-03;6.371796e-03;2.875775e-01;1.148384e-02;3.191538e-03;5.435212e-03
5.866177e-02;3.002720e-01;3.931174e-01;6.435995e-03;3.524792e-03;9.689735e-03;5.051031e-03;5.671192e-03;1.870793e-01;2.182362e-02;3.557338e-03;5.115792e-03
4.180183e-02;1.747344e-01;5.691133e-01;1.716752e-02;4.564253e-03;7.973568e-03;6.700951e-03;6.972807e-03;9.639571e-02;6.795418e-02;1.607856e-03;5.013659e-03
5.379226e-02;1.222460e-01;6.034725e-01;4.980183e-02;9.517437e-03;1.010573e-02;8.522131e-03;5.201677e-03;4.078643e-02;8.822514e-02;3.454880e-03;4.873988e-03
5.648326e-02;1.178687e-01;5.243348e-01;1.556026e-01;1.436940e-02;9.475530e-03;1.038992e-02;4.904293e-03;1.852543e-02;7.046684e-02;1.141906e-02;6.160241e-03
3.224103e-02;9.600741e-02;2.705706e-01;4.165191e-01;7.375328e-02;1.154657e-02;8.772992e-03;7.527100e-03;1.654191e-02;3.449485e-02;2.538392e-02;6.641218e-03
1.051037e-02;6.086475e-02;1.582261e-01;5.488472e-01;1.268958e-01;1.426373e-02;1.560311e-02;8.296838e-03;1.582241e-02;1.150612e-02;2.216581e-02;6.997748e-03
2.367113e-02;5.322472e-02;1.038108e-01;5.210530e-01;1.798106e-01;2.097761e-02;2.330276e-02;1.097194e-02;2.159295e-02;1.751058e-02;1.441271e-02;9.661165e-03
2.106714e-02;3.858991e-02;2.184026e-01;3.753647e-01;2.339281e-01;1.775970e-02;2.123385e-02;8.276472e-03;2.060180e-02;2.089583e-02;1.073704e-02;1.314293e-02
2.034180e-02;7.354641e-02;2.022206e-01;2.856078e-01;2.946566e-01;1.454607e-02;2.400816e-02;7.737705e-03;1.850147e-02;2.112005e-02;1.454879e-02;2.316460e-02
5.925382e-03;6.838220e-02;1.082137e-01;3.480818e-01;3.231588e-01;2.433270e-02;2.086443e-02;9.950641e-03;1.267555e-02;2.186132e-02;2.617244e-02;3.038103e-02
2.628117e-02;6.828076e-02;1.205876e-01;3.780566e-01;2.853206e-01;1.651172e-02;1.210611e-02;6.326130e-03;1.894720e-02;1.759344e-02;2.681912e-02;2.316968e-02
3.002591e-02;5.153326e-02;5.081649e-02;4.900840e-01;2.465071e-01;1.198892e-02;1.010814e-02;1.432739e-02;2.173244e-02;1.305331e-02;4.646281e-02;1.336020e-02
2.028410e-02;2.864126e-02;2.609013e-01;4.229284e-01;1.331649e-01;1.145444e-02;1.140499e-02;1.940488e-02;1.432997e-02;7.750290e-03;6.243214e-02;7.303306e-03
3.198837e-02;3.241962e-02;4.364930e-01;2.658632e-01;6.958118e-02;1.759573e-02;3.313980e-02;2.803815e-02;1.226284e-02;1.310400e-02;4.479714e-02;1.471703e-02
4.754676e-02;9.679439e-02;5.260031e-01;1.227187e-01;3.442819e-02;2.322297e-02;4.238781e-02;3.480942e-02;1.308437e-02;1.966554e-02;1.259107e-02;2.674773e-02
1.086042e-01;1.857753e-01;4.322684e-01;7.275914e-02;2.772688e-02;1.672931e-02;4.056645e-02;2.771473e-02;2.632548e-02;1.645402e-02;1.534361e-02;2.973253e-02
2.335003e-01;2.153972e-01;2.752681e-01;5.570078e-02;2.106945e-02;1.070775e-02;3.444874e-02;2.235950e-02;3.282278e-02;1.281539e-02;3.602658e-02;4.988337e-02
2.699651e-01;1.162532e-01;1.681461e-01;3.819521e-02;2.729208e-02;1.269519e-02;5.486006e-02;4.426036e-02;4.391291e-02;6.139850e-02;7.823828e-02;8.478308e-02
1.126918e-01;5.267428e-02;9.196404e-02;4.176941e-02;3.799201e-02;3.377768e-02;2.376688e-01;6.844900e-02;8.260939e-02;1.115370e-01;8.116198e-02;4.770461e-02
2.903835e-02;3.143091e-02;1.291723e-01;3.579475e-02;5.905565e-02;6.324568e-02;3.991300e-01;6.819148e-02;7.013848e-02;6.905740e-02;3.418455e-02;1.156044e-02
2.211544e-02;3.115715e-02;2.661549e-01;3.179451e-02;9.272825e-02;8.111348e-02;3.437832e-01;3.939828e-02;2.745422e-02;3.196352e-02;1.896841e-02;1.336861e-02
1.485152e-02;2.904004e-02;4.029711e-01;4.200998e-02;9.931153e-02;7.146899e-02;2.179671e-01;2.158708e-02;1.329158e-02;3.918165e-02;2.947506e-02;1.884443e-02
3.448853e-02;3.280652e-02;3.461910e-01;4.623199e-02;8.134624e-02;4.908730e-02;2.051593e-01;4.579581e-02;3.315765e-02;6.118847e-02;3.935437e-02;2.519286e-02
6.328452e-02;4.536065e-02;2.239377e-01;3.280882e-02;9.898604e-02;7.088485e-02;2.662646e-01;5.085018e-02;3.186028e-02;5.666392e-02;3.125373e-02;2.784470e-02
3.720309e-02;5.102716e-02;2.335242e-01;5.302395e-02;1.137640e-01;8.325092e-02;2.671766e-01;4.536073e-02;2.779503e-02;4.440659e-02;2.312871e-02;2.033891e-02
4.689845e-02;5.592619e-02;2.809749e-01;5.561122e-02;7.366911e-02;6.403916e-02;2.618411e-01;3.978460e-02;4.056072e-02;4.491805e-02;2.138980e-02;1.438665e-02
5.781803e-02;4.840988e-02;2.773067e-01;3.671204e-02;4.233957e-02;2.982727e-02;3.208403e-01;4.007589e-02;4.271549e-02;5.498617e-02;2.856008e-02;2.040856e-02
4.461664e-02;2.629295e-02;1.948448e-01;3.231813e-02;6.679261e-02;6.488280e-02;3.997293e-01;2.958067e-02;3.484584e-02;5.112853e-02;3.325678e-02;2.171100e-02
4.380255e-02;3.004977e-02;1.088704e-01;3.535945e-02;1.097084e-01;9.453944e-02;3.836535e-01;3.813738e-02;3.482778e-02;6.030698e-02;3.608501e-02;2.465941e-02
4.955769e-02;3.730669e-02;1.756207e-01;5.137931e-02;1.345779e-01;1.080208e-01;2.741053e-01;2.318253e-02;3.294852e-02;5.727953e-02;3.208404e-02;2.393692e-02
