1.154586e-01;5.007462e-02;6.867731e-02;5.390025e-02;1.135456e-01;8.737419e-02;1.598056e-01;6.279761e-02;1.227685e-01;8.068187e-02;4.311515e-02;4.180087e-02
9.250274e-02;6.542613e-02;1.811097e-01;7.167485e-02;1.034243e-01;8.415543e-02;1.033208e-01;5.189629e-02;1.171090e-01;6.064976e-02;3.533702e-02;3.339403e-02
6.910229e-02;5.882705e-02;2.306788e-01;5.390684e-02;9.361356e-02;8.678327e-02;2.181356e-01;4.061385e-02;3.495233e-02;5.167316e-02;3.660292e-02;2.511036e-02
8.753423e-02;4.026968e-02;2.266302e-01;6.336233e-02;1.037215e-01;8.766566e-02;1.875997e-01;3.247694e-02;3.104846e-02;5.909642e-02;4.719463e-02;3.340028e-02
1.267700e-01;4.414124e-02;2.470288e-01;5.383921e-02;9.983086e-02;7.362840e-02;1.396907e-01;3.531513e-02;3.778441e-02;5.883077e-02;5.088663e-02;3.225378e-02
1.389413e-01;1.082129e-01;2.640195e-01;4.006791e-02;8.340520e-02;4.634983e-02;9.824765e-02;5.829135e-02;4.831185e-02;4.650787e-02;3.811847e-02;2.952619e-02
8.112551e-02;1.527242e-01;3.412168e-01;3.951649e-02;6.172852e-02;3.207532e-02;7.390444e-02;6.893057e-02;5.150965e-02;4.166155e-02;2.594128e-02;2.966561e-02
4.430522e-02;1.319222e-01;4.356431e-01;4.785571e-02;3.175830e-02;2.053308e-02;6.397355e-02;6.325354e-02;4.665060e-02;5.868101e-02;1.940717e-02;3.601646e-02
5.216306e-02;7.034136e-02;4.237036e-01;8.239325e-02;4.691284e-02;1.535225e-02;5.987339e-02;6.228381e-02;3.601436e-02;6.718855e-02;4.680405e-02;3.696950e-02
4.202351e-02;2.471990e-02;3.438264e-01;1.294518e-01;7.666107e-02;4.091421e-02;7.236678e-02;7.031158e-02;2.503905e-02;4.830932e-02;9.619722e-02;3.017915e-02
4.477945e-02;4.682496e-02;2.497851e-01;1.288028e-01;9.615449e-02;5.682939e-02;9.777597e-02;5.560137e-02;2.711345e-02;5.510442e-02;1.084431e-01;3.278552e-02
7.070813e-02;5.005135e-02;2.799633e-01;8.290512e-02;1.057053e-01;5.374212e-02;1.052398e-01;4.000479e-02;3.797398e-02;6.247278e-02;7.521793e-02;3.601538e-02
9.201809e-02;5.414436e-02;2.040218e-01;8.192933e-02;9.159070e-02;3.974516e-02;9.807633e-02;4.477842e-02;5.579925e-02;7.737152e-02;1.007998e-01;5.972527e-02
5.104047e-02;9.038376e-02;3.457658e-01;1.103607e-01;6.138307e-02;3.591482e-02;5.743769e-02;3.914306e-02;2.512663e-02;7.080475e-02;6.975059e-02;4.288862e-02
4.568658e-02;8.008390e-02;4.232739e-01;1.299748e-01;6.295163e-02;3.079129e-02;3.791792e-02;2.975309e-02;2.031565e-02;4.711565e-02;6.489002e-02;2.724551e-02
6.108774e-02;5.255684e-02;3.437920e-01;1.646889e-01;8.428068e-02;3.453923e-02;4.254939e-02;3.738918e-02;2.269203e-02;4.917708e-02;7.597277e-02;3.127414e-02
7.065587e-02;4.460779e-02;2.641219e-01;1.747938e-01;7.574043e-02;4.340485e-02;8.488440e-02;4.785870e-02;2.603740e-02;5.533747e-02;8.636945e-02;2.618801e-02
7.008511e-02;4.359925e-02;2.984769e-01;1.279656e-01;6.234841e-02;5.172475e-02;7.992322e-02;4.753254e-02;4.051619e-02;5.661200e-02;9.910984e-02;2.210616e-02
7.210132e-02;6.736942e-02;1.767250e-01;1.045933e-01;1.229388e-01;9.629803e-02;6.632344e-02;3.536293e-02;6.910256e-02;7.962956e-02;8.688080e-02;2.267475e-02
8.536498e-02;5.589497e-02;1.557610e-01;1.041418e-01;7.879933e-02;1.244215e-01;9.163418e-02;4.260254e-02;7.391609e-02;8.775321e-02;8.256339e-02;1.714695e-02
8.266578e-02;4.835458e-02;1.553072e-01;6.817005e-02;6.606624e-02;1.276060e-01;9.933074e-02;8.271417e-02;9.019525e-02;8.297477e-02;7.134278e-02;2.527242e-02
7.060131e-02;5.281998e-02;1.245350e-01;3.948421e-02;8.928180e-02;1.527330e-01;9.611087e-02;1.225715e-01;1.017833e-01;7.711810e-02;4.950636e-02;2.345453e-02
5.033003e-02;5.769271e-02;9.270179e-02;5.231678e-02;7.776695e-02;1.707327e-01;9.855956e-02;1.704064e-01;1.008606e-01;7.477733e-02;3.419041e-02;1.966478e-02
2.330286e-02;4.408698e-02;7.592031e-02;6.397644e-02;6.544305e-02;1.732411e-01;1.483256e-01;1.979874e-01;8.980260e-02;7.348560e-02;2.686068e-02;1.756739e-02
3.563105e-02;2.465083e-02;5.911529e-02;3.840353e-02;8.919225e-02;1.244588e-01;3.907613e-01;1.086924e-01;4.946788e-02;4.019671e-02;2.636331e-02;1.306667e-02
2.782638e-02;1.647414e-02;7.236271e-02;1.663650e-02;1.141505e-01;1.117269e-01;5.014699e-01;6.141824e-02;2.794912e-02;2.245139e-02;1.356199e-02;1.397219e-02
2.059668e-02;1.048764e-02;1.536574e-01;2.807457e-02;1.291336e-01;1.168006e-01;4.365452e-01;3.798412e-02;2.528290e-02;2.064605e-02;8.029371e-03;1.276180e-02
1.312573e-02;1.207008e-02;3.201692e-01;4.798882e-02;1.354245e-01;9.864792e-02;2.865192e-01;2.916797e-02;1.848938e-02;1.873783e-02;1.144224e-02;8.217120e-03
1.101893e-02;1.097594e-02;5.454800e-01;6.152645e-02;9.071241e-02;5.589351e-02;1.527033e-01;1.583989e-02;2.010220e-02;2.237775e-02;9.212435e-03;4.157092e-03
1.321990e-02;1.156879e-02;6.636374e-01;5.197125e-02;2.445217e-02;2.748501e-02;1.202274e-01;1.821299e-02;3.380181e-02;2.550478e-02;6.549322e-03;3.369220e-03
1.381249e-02;1.295307e-02;6.444412e-01;4.830040e-02;5.687670e-02;2.671332e-02;1.170427e-01;1.563834e-02;3.571207e-02;1.830334e-02;7.032796e-03;3.173489e-03
1.061293e-02;1.256153e-02;6.811289e-01;5.652711e-02;8.187297e-02;2.207145e-02;6.315541e-02;1.332522e-02;2.436356e-02;1.628085e-02;1.235929e-02;5.740774e-03
5.823905e-03;1.096652e-02;6.498983e-01;6.670658e-02;9.694225e-02;3.885803e-02;5.414007e-02;2.663238e-02;1.424252e-02;1.067415e-02;2.017584e-02;4.939439e-03
4.682582e-03;8.346171e-03;5.513532e-01;7.704365e-02;1.163339e-01;7.221524e-02;3.073064e-02;8.143177e-02;1.520749e-02;1.143852e-02;2.885865e-02;2.358178e-03
5.894295e-03;1.106368e-02;4.203022e-01;8.242156e-02;1.353774e-01;1.077257e-01;4.173940e-02;1.280128e-01;2.596527e-02;9.373938e-03;2.707552e-02;5.048246e-03
8.611456e-03;1.920208e-02;3.425791e-01;9.566641e-02;1.687351e-01;1.233910e-01;4.641860e-02;1.262468e-01;2.148904e-02;1.228565e-02;2.471451e-02;1.066023e-02
1.280332e-02;2.496311e-02;3.397208e-01;1.053970e-01;1.943637e-01;1.019146e-01;6.442295e-02;8.412632e-02;1.062183e-02;1.223741e-02;3.186737e-02;1.756169e-02
9.310591e-03;2.234956e-02;4.211098e-01;9.042970e-02;1.737557e-01;6.845620e-02;6.704122e-02;5.132782e-02;1.091247e-02;1.309825e-02;5.359247e-02;1.861623e-02
1.655518e-02;2.103089e-02;5.555096e-01;7.214505e-02;1.124630e-01;4.549993e-02;3.576822e-02;3.469639e-02;1.563819e-02;2.270270e-02;4.940196e-02;1.858880e-02
3.100808e-02;2.171331e-02;6.254246e-01;7.520019e-02;5.694153e-02;1.855975e-02;4.227009e-02;1.873846e-02;2.041223e-02;3.522573e-02;3.994486e-02;1.456124e-02
2.191787e-02;1.697020e-02;5.917488e-01;7.393949e-02;4.957778e-02;1.851078e-02;7.503182e-02;2.229130e-02;1.773757e-02;4.834611e-02;5.426903e-02;9.659271e-03
1.822106e-02;2.133096e-02;6.106646e-01;5.564009e-02;3.838648e-02;2.084124e-02;8.300015e-02;1.893254e-02;2.664439e-02;5.270572e-02;4.143830e-02;1.219442e-02
2.839076e-02;5.081930e-02;6.436804e-01;3.796030e-02;1.941619e-02;2.108652e-02;5.910744e-02;1.780377e-02;5.281283e-02;3.047145e-02;1.756334e-02;2.088769e-02
5.518128e-02;9.174488e-02;6.027619e-01;3.142886e-02;1.502836e-02;1.805254e-02;2.988098e-02;1.230245e-02;9.334484e-02;1.437990e-02;1.413103e-02;2.176300e-02
9.154355e-02;1.178726e-01;5.259134e-01;2.397858e-02;1.176073e-02;1.346773e-02;4.593310e-02;1.449149e-02;9.527620e-02;1.531185e-02;2.723324e-02;1.721758e-02
1.325014e-01;1.336527e-01;4.153131e-01;2.274105e-02;2.492997e-02;1.660825e-02;6.292868e-02;3.343803e-02;4.993492e-02;2.203554e-02;4.566049e-02;4.025580e-02
1.297630e-01;1.546123e-01;3.218947e-01;2.894307e-02;3.239629e-02;2.117913e-02;7.291579e-02;3.581436e-02;6.503310e-02;3.407095e-02;4.158960e-02;6.178774e-02
1.260003e-01;1.711447e-01;3.642360e-01;3.571586e-02;1.924723e-02;3.214397e-02;5.899210e-02;2.080492e-02;6.952378e-02;2.586791e-02;2.441860e-02;5.190468e-02
9.795509e-02;1.487643e-01;4.839310e-01;3.492174e-02;1.501586e-02;3.758054e-02;3.883006e-02;1.851732e-02;7.037655e-02;2.173419e-02;8.491066e-03;2.388222e-02
4.691624e-02;8.718558e-02;6.419181e-01;3.371217e-02;2.263537e-02;2.483692e-02;2.354436e-02;1.416204e-02;4.174577e-02;4.749671e-02;5.386795e-03;1.045996e-02
2.549497e-02;2.704941e-02;7.328898e-01;4.409505e-02;2.531558e-02;1.032062e-02;2.286936e-02;6.878910e-03;1.890379e-02;7.136277e-02;9.469228e-03;5.350434e-03
2.578113e-02;3.126323e-02;6.994268e-01;5.665114e-02;3.080579e-02;1.093176e-02;2.139858e-02;4.303266e-03;1.628771e-02;7.113289e-02;2.774617e-02;4.271553e-03
1.554456e-02;3.161350e-02;6.792373e-01;6.327353e-02;2.490501e-02;1.080835e-02;2.491011e-02;7.715326e-03;2.033224e-02;6.561023e-02;5.072726e-02;5.322616e-03
1.068806e-02;2.293714e-02;6.597062e-01;6.996210e-02;4.345911e-02;2.096479e-02;3.212855e-02;7.822134e-03;2.044313e-02;4.680583e-02;5.526015e-02;9.822776e-03
1.187452e-02;1.917049e-02;6.144500e-01;7.795458e-02;8.483530e-02;3.324027e-02;2.735999e-02;1.333883e-02;1.395923e-02;2.914477e-02;6.976368e-02;4.908308e-03
8.978077e-03;2.222606e-02;5.415222e-01;9.319988e-02;1.163998e-01;4.895605e-02;1.123820e-02;2.796605e-02;9.820981e-03;1.799417e-02;8.662291e-02;1.507568e-02
1.117308e-02;3.420552e-02;4.480781e-01;9.674144e-02;1.510699e-01;6.201753e-02;2.117668e-02;4.687145e-02;1.845267e-02;7.065387e-03;6.996592e-02;3.318225e-02
2.135793e-02;3.862328e-02;3.525020e-01;7.913970e-02;2.026596e-01;8.870918e-02;5.442921e-02;4.528660e-02;2.199336e-02;9.838613e-03;4.210829e-02;4.335216e-02
3.771907e-02;2.302623e-02;1.781607e-01;3.969648e-02;1.846994e-01;1.439873e-01;2.666937e-01;3.014892e-02;1.613049e-02;2.097648e-02;2.166522e-02;3.709611e-02
4.571190e-02;1.251771e-02;5.822061e-02;1.951570e-02;1.193695e-01;1.599434e-01;4.498177e-01;3.861380e-02;2.084261e-02;3.342603e-02;1.998026e-02;2.204079e-02
5.091314e-02;2.549111e-02;7.306992e-02;2.552591e-02;8.742635e-02;1.218630e-01;4.392520e-01;5.829455e-02;3.559363e-02;4.946341e-02;2.233236e-02;1.077454e-02
6.012104e-02;4.537704e-02;1.664945e-01;4.116806e-02;8.820203e-02;7.382642e-02;3.175656e-01;7.251886e-02;3.948241e-02;5.125875e-02;2.528267e-02;1.870253e-02
6.781928e-02;4.459165e-02;1.683552e-01;5.354030e-02;1.046617e-01;8.263909e-02;2.805964e-01;7.396892e-02;4.213040e-02;3.374983e-02;2.390417e-02;2.404317e-02
6.529798e-02;2.637771e-02;7.483925e-02;4.033966e-02;1.062636e-01;1.268720e-01;3.421407e-01;6.806732e-02;3.467345e-02;5.639290e-02;2.247209e-02;3.626333e-02
6.676695e-02;1.122795e-02;3.492562e-02;2.414734e-02;1.144459e-01;1.621611e-01;3.554280e-01;6.392595e-02;1.925889e-02;8.007948e-02;1.432551e-02;5.330726e-02
9.146245e-02;1.237002e-02;4.304497e-02;1.768249e-02;1.698640e-01;1.903806e-01;2.905064e-01;4.360984e-02;2.391033e-02;5.904989e-02;1.469610e-02;4.342294e-02
1.055245e-01;1.144148e-02;8.926882e-02;2.218856e-02;2.186011e-01;1.779820e-01;2.402723e-01;2.036613e-02;4.524451e-02;2.236421e-02;1.049724e-02;3.624923e-02
6.975067e-02;8.670137e-03;1.494693e-01;2.804833e-02;2.429786e-01;1.509567e-01;1.907876e-01;1.381751e-02;7.014681e-02;1.673773e-02;6.136413e-03;5.250032e-02
2.676948e-02;1.613020e-02;2.191373e-01;3.801287e-02;2.291167e-01;1.160427e-01;1.786616e-01;1.006252e-02;8.350468e-02;1.191433e-02;8.985760e-03;6.166191e-02
3.031282e-02;4.005216e-02;3.086560e-01;5.062227e-02;1.673847e-01;7.795344e-02;1.489664e-01;1.647254e-02;5.748923e-02;2.451390e-02;2.535878e-02;5.221781e-02
5.119355e-02;6.410869e-02;3.742728e-01;4.760494e-02;1.331665e-01;5.575010e-02;9.040152e-02;1.788083e-02;3.534530e-02;4.304833e-02;4.095252e-02;4.627495e-02
7.852454e-02;6.417765e-02;3.034818e-01;2.329524e-02;1.608198e-01;8.263818e-02;9.271467e-02;1.641743e-02;3.624070e-02;5.299546e-02;4.263964e-02;4.605488e-02
6.470659e-02;2.354758e-02;3.011494e-01;3.064376e-02;1.590723e-01;1.040056e-01;1.243277e-01;1.427625e-02;2.868376e-02;3.114618e-02;5.141060e-02;6.703041e-02
6.958733e-02;4.783299e-02;2.101877e-01;1.931843e-02;1.845564e-01;1.320145e-01;9.134830e-02;2.474270e-02;3.296949e-02;4.415356e-02;5.538278e-02;8.790583e-02
6.170252e-02;4.527502e-02;2.935782e-01;3.605480e-02;1.441970e-01;1.137410e-01;1.416976e-01;2.244676e-02;3.467840e-02;3.017422e-02;3.676957e-02;3.968490e-02
5.005750e-02;4.229915e-02;2.531846e-01;4.725748e-02;1.304534e-01;1.086207e-01;1.544727e-01;3.795479e-02;5.440125e-02;3.471900e-02;2.451118e-02;6.206820e-02
5.338918e-02;4.098670e-02;1.666782e-01;5.444643e-02;1.100185e-01;1.027597e-01;1.422750e-01;8.692504e-02;1.019106e-01;5.297563e-02;2.610138e-02;6.153363e-02
6.506278e-02;4.805030e-02;1.483623e-01;7.891470e-02;7.747090e-02;9.212198e-02;1.360653e-01;1.146568e-01;1.111100e-01;5.159893e-02;3.134358e-02;4.524239e-02
7.642915e-02;7.864265e-02;1.148503e-01;7.135215e-02;5.704925e-02;9.305491e-02;1.438461e-01;9.792043e-02;9.510894e-02;7.606450e-02;5.158937e-02;4.409229e-02
7.254414e-02;8.507215e-02;1.439034e-01;8.720066e-02;7.778855e-02;9.073215e-02;1.660663e-01;5.965327e-02;5.352001e-02;8.036401e-02;3.708769e-02;4.606777e-02
4.618467e-02;5.732567e-02;2.190053e-01;1.102829e-01;1.138092e-01;8.489627e-02;1.984456e-01;4.398454e-02;2.905708e-02;4.640597e-02;1.948689e-02;3.111590e-02
2.282155e-02;3.694041e-02;2.469885e-01;1.319753e-01;1.346908e-01;7.354129e-02;1.577036e-01;3.368840e-02;3.244839e-02;4.059383e-02;5.313729e-02;3.547050e-02
2.035517e-02;3.882440e-02;3.092178e-01;1.978708e-01;1.102377e-01;5.961363e-02;6.111547e-02;2.956139e-02;2.809076e-02;4.142674e-02;7.767116e-02;2.601497e-02
3.249553e-02;2.885528e-02;4.263216e-01;1.640701e-01;6.598391e-02;4.240251e-02;4.190055e-02;2.658935e-02;4.621573e-02;4.436764e-02;6.436791e-02;1.642981e-02
4.462156e-02;4.912937e-02;4.788017e-01;7.050112e-02;3.885015e-02;3.447827e-02;6.987455e-02;5.407502e-02;4.984008e-02;4.502311e-02;3.864175e-02;2.616330e-02
2.804809e-02;7.745150e-02;5.098277e-01;3.709461e-02;3.120997e-02;3.383944e-02;6.469278e-02;8.028321e-02;4.769794e-02;2.017001e-02;2.689295e-02;4.279175e-02
6.036400e-02;1.198895e-01;4.908872e-01;2.337847e-02;2.343090e-02;3.543493e-02;2.658778e-02;6.211397e-02;7.453799e-02;2.029554e-02;1.813843e-02;4.494131e-02
1.171847e-01;1.517011e-01;4.028138e-01;2.171383e-02;1.459307e-02;2.971894e-02;4.939410e-02;4.688533e-02;8.464453e-02;2.288757e-02;2.570367e-02;3.275948e-02
2.392818e-01;1.662792e-01;2.766179e-01;2.291173e-02;2.080978e-02;1.999558e-02;7.186102e-02;5.111689e-02;3.832937e-02;2.653452e-02;3.377901e-02;3.248314e-02
3.302281e-01;1.757909e-01;1.592490e-01;1.908586e-02;2.428225e-02;2.530611e-02;6.648074e-02;6.242970e-02;3.189770e-02;2.672863e-02;2.400545e-02;5.451560e-02
4.546328e-01;1.793582e-01;5.578030e-02;1.305176e-02;2.514458e-02;2.027352e-02;4.923750e-02;6.761272e-02;3.261560e-02;1.886408e-02;1.752162e-02;6.590722e-02
4.991061e-01;1.642230e-01;4.321551e-02;1.439836e-02;2.763690e-02;1.545636e-02;3.573582e-02;5.821936e-02;2.720852e-02;1.763635e-02;1.638831e-02;8.077534e-02
3.984173e-01;1.699996e-01;5.321132e-02;2.428203e-02;1.828635e-02;1.971951e-02;5.695463e-02;4.523931e-02;2.427755e-02;3.803965e-02;4.475311e-02;1.068197e-01
2.391484e-01;1.687275e-01;5.950913e-02;3.411840e-02;1.953093e-02;2.274562e-02;9.837171e-02;6.825317e-02;3.330696e-02;6.934343e-02;6.888346e-02;1.180612e-01
1.562572e-01;1.417385e-01;9.579013e-02;5.352567e-02;3.596269e-02;3.194168e-02;1.205017e-01;8.647135e-02;5.634766e-02;7.272422e-02;5.090329e-02;9.783582e-02
5.112891e-02;1.560654e-01;1.981762e-01;6.106994e-02;4.809980e-02;4.223564e-02;1.216747e-01;8.819557e-02;5.026570e-02;6.293447e-02;3.377431e-02;8.637936e-02
2.464907e-01;1.357777e-01;1.617128e-01;4.569696e-02;4.173053e-02;3.468432e-02;7.684309e-02;6.128842e-02;4.812917e-02;4.239552e-02;2.308264e-02;8.216812e-02
3.434654e-01;1.325287e-01;1.032063e-01;3.560743e-02;4.032420e-02;3.531829e-02;7.904309e-02;5.668182e-02;4.885240e-02;2.532615e-02;2.124588e-02;7.840034e-02
3.692704e-01;1.294507e-01;5.769657e-02;2.903262e-02;3.178924e-02;3.281822e-02;9.091878e-02;5.351352e-02;5.341789e-02;2.992562e-02;3.249994e-02;8.966640e-02
3.040363e-01;1.042198e-01;9.927777e-02;2.843783e-02;1.994354e-02;4.384919e-02;8.860120e-02;6.533859e-02;6.093944e-02;4.548078e-02;6.452309e-02;7.535247e-02
2.374623e-01;6.522296e-02;1.174289e-01;2.700547e-02;5.779621e-02;5.945502e-02;9.851153e-02;6.835922e-02;5.389177e-02;6.088974e-02;6.859132e-02;8.538562e-02
2.700436e-01;8.157340e-02;9.491866e-02;3.404206e-02;7.371721e-02;6.905538e-02;9.171132e-02;5.369426e-02;3.501671e-02;6.625962e-02;3.536334e-02;9.460448e-02
2.599794e-01;8.948417e-02;4.862978e-02;4.697326e-02;6.712016e-02;8.605011e-02;8.625621e-02;5.975033e-02;5.999427e-02;7.539205e-02;3.970110e-02;8.066918e-02
2.212217e-01;1.350276e-01;4.604910e-02;7.228561e-02;6.284392e-02;5.502723e-02;7.722997e-02;5.739845e-02;9.493259e-02;6.054605e-02;5.482268e-02;6.261510e-02
1.806648e-01;1.063039e-01;8.634952e-02;8.598023e-02;4.760761e-02;5.639885e-02;5.370594e-02;5.376237e-02;1.004553e-01;7.393288e-02;9.706625e-02;5.777244e-02
1.492468e-01;4.762807e-02;7.317896e-02;6.146119e-02;6.718548e-02;7.039201e-02;5.795714e-02;9.719907e-02;8.295211e-02;1.093484e-01;1.144760e-01;6.897476e-02
7.112958e-02;9.824992e-02;1.816151e-01;5.109465e-02;7.050679e-02;6.047516e-02;9.912386e-02;8.375471e-02;5.084871e-02;1.013672e-01;8.827657e-02;4.355765e-02
1.799864e-01;1.275399e-01;1.927512e-01;3.861862e-02;3.909700e-02;2.982678e-02;1.034909e-01;7.550710e-02;5.987766e-02;5.497257e-02;5.957230e-02;3.875958e-02
2.873811e-01;1.297913e-01;1.464610e-01;2.173841e-02;2.384724e-02;1.072435e-02;9.461409e-02;8.649607e-02;5.123708e-02;3.803236e-02;4.921814e-02;6.045884e-02
4.324590e-01;1.048850e-01;6.645161e-02;1.067671e-02;1.019061e-02;8.869074e-03;8.958162e-02;1.051485e-01;3.029289e-02;2.530278e-02;3.462256e-02;8.151960e-02
5.470631e-01;1.196114e-01;2.966562e-02;3.623499e-03;9.649176e-03;4.325564e-03;6.731106e-02;1.253780e-01;1.126404e-02;1.092611e-02;1.197800e-02;5.920442e-02
4.904886e-01;1.773549e-01;6.252608e-02;9.195766e-03;2.106944e-02;4.653130e-03;2.890382e-02;1.219284e-01;2.898962e-02;5.005306e-03;8.183447e-03;4.170140e-02
3.840447e-01;2.121684e-01;9.809769e-02;2.250285e-02;2.400875e-02;2.148985e-02;1.615604e-02;1.095214e-01;7.507096e-02;5.483141e-03;9.337144e-03;2.211911e-02
2.486892e-01;2.333404e-01;1.202525e-01;2.736138e-02;1.320904e-02;5.445657e-02;4.313962e-02;9.025401e-02;1.342231e-01;1.358993e-02;5.786815e-03;1.569746e-02
1.483499e-01;2.558002e-01;1.606285e-01;2.004546e-02;1.346671e-02;6.122025e-02;5.809481e-02;6.238283e-02;1.515864e-01;3.945465e-02;1.072042e-02;1.824983e-02
1.111010e-01;2.219904e-01;2.593147e-01;1.760799e-02;1.877577e-02;4.350507e-02;6.265978e-02;4.661351e-02;1.050909e-01;7.205749e-02;2.143486e-02;1.984857e-02
1.625747e-01;1.692821e-01;3.102544e-01;2.512979e-02;3.011659e-02;2.987006e-02;6.009920e-02;4.083168e-02;6.410056e-02;5.756997e-02;1.994205e-02;3.022894e-02
1.669032e-01;1.001597e-01;4.371894e-01;3.245925e-02;4.682129e-02;2.164526e-02;5.151582e-02;2.717253e-02;4.645209e-02;3.350262e-02;1.025017e-02;2.592872e-02
1.131075e-01;6.630389e-02;6.138330e-01;3.379526e-02;3.828087e-02;8.984878e-03;3.212652e-02;1.310178e-02;2.442236e-02;3.974202e-02;6.827645e-03;9.474360e-03
5.477928e-02;5.865404e-02;6.865097e-01;4.600226e-02;3.327181e-02;7.573689e-03;2.217482e-02;1.107049e-02;2.509591e-02;4.007042e-02;6.717714e-03;8.079871e-03
1.919887e-02;2.629542e-02;7.084572e-01;6.657565e-02;4.573266e-02;1.423210e-02;2.931519e-02;1.221569e-02;2.499624e-02;2.535721e-02;1.902318e-02;8.600547e-03
3.050209e-02;2.157072e-02;5.925230e-01;8.403812e-02;8.142971e-02;4.069782e-02;3.314960e-02;1.992521e-02;2.000732e-02;1.619516e-02;4.513934e-02;1.482192e-02
3.952640e-02;2.991163e-02;4.028376e-01;9.263595e-02;1.362582e-01;9.509820e-02;4.770886e-02;3.410745e-02;1.591884e-02;2.149261e-02;5.909424e-02;2.541003e-02
3.916135e-02;3.028083e-02;3.301816e-01;8.815134e-02;1.786883e-01;1.228227e-01;5.168363e-02;3.727191e-02;2.077811e-02;3.265262e-02;3.498319e-02;3.334446e-02
3.395526e-02;3.120960e-02;3.839018e-01;7.780193e-02;1.803388e-01;9.284008e-02;6.245863e-02;3.131732e-02;1.754855e-02;3.412804e-02;2.309016e-02;3.140979e-02
3.060020e-02;2.537211e-02;4.534236e-01;6.809247e-02;1.330910e-01;8.905940e-02;6.691354e-02;3.803816e-02;2.300446e-02;2.528741e-02;2.757114e-02;1.954660e-02
3.353595e-02;3.268310e-02;4.870307e-01;5.082451e-02;1.108381e-01;7.736419e-02;4.680263e-02;4.026178e-02;3.382288e-02;2.531579e-02;3.710492e-02;2.441542e-02
4.609743e-02;4.173634e-02;3.640412e-01;3.921854e-02;1.100583e-01;8.082303e-02;7.516028e-02;4.837143e-02;6.477805e-02;2.725573e-02;5.633036e-02;4.612932e-02
4.336052e-02;3.071368e-02;2.896438e-01;6.320582e-02;1.065615e-01;9.259046e-02;1.111317e-01;7.247370e-02;7.615037e-02;2.898159e-02;5.226111e-02;3.292572e-02
4.412287e-02;4.299773e-02;1.718021e-01;7.187628e-02;1.077166e-01;9.139176e-02;1.489964e-01;9.575865e-02;8.594719e-02;5.321388e-02;4.446129e-02;4.171527e-02
5.218391e-02;5.141516e-02;1.415107e-01;7.334325e-02;1.032666e-01;8.773939e-02;1.324776e-01;1.057485e-01;6.990375e-02;6.709965e-02;5.224576e-02;6.306565e-02
5.161952e-02;4.990909e-02;2.676561e-01;9.355342e-02;4.721116e-02;7.289159e-02;9.972574e-02;9.666491e-02;7.254699e-02;8.028973e-02;3.921057e-02;2.872124e-02
6.843297e-02;4.796818e-02;2.294640e-01;1.052300e-01;5.325872e-02;8.505858e-02;9.167245e-02;9.766247e-02;7.763334e-02;6.462841e-02;4.414319e-02;3.484773e-02
7.237857e-02;4.684896e-02;2.446744e-01;1.127366e-01;7.987513e-02;8.090162e-02;8.632515e-02;8.982114e-02;8.125138e-02;4.148088e-02;3.614262e-02;2.756354e-02
5.534296e-02;6.198938e-02;2.408131e-01;1.459347e-01;1.223820e-01;4.105707e-02;7.562067e-02;6.322318e-02;8.037938e-02;5.554291e-02;2.916632e-02;2.854837e-02
3.360419e-02;5.589773e-02;2.534995e-01;1.520922e-01;9.274449e-02;3.112422e-02;9.993207e-02;6.358100e-02;7.947642e-02;8.358213e-02;3.101342e-02;2.345266e-02
4.347749e-02;2.979175e-02;2.241028e-01;1.186864e-01;5.681215e-02;8.590936e-02;1.141326e-01;7.897992e-02;1.105220e-01;8.480114e-02;2.368414e-02;2.910023e-02
4.809906e-02;4.672614e-02;1.844488e-01;1.268701e-01;5.474606e-02;1.309230e-01;1.002114e-01;8.859886e-02;1.034805e-01;4.278002e-02;1.790888e-02;5.520700e-02
6.699881e-02;5.992309e-02;1.954414e-01;7.599566e-02;4.908654e-02;1.068619e-01;1.057517e-01;1.135154e-01;8.170415e-02;4.139433e-02;2.486894e-02;7.845800e-02
9.856383e-02;4.512965e-02;1.086523e-01;1.276475e-01;7.384110e-02;7.331527e-02;1.183757e-01;1.098414e-01;8.478330e-02;5.492672e-02;2.704569e-02;7.787757e-02
7.859942e-02;9.223873e-02;2.245367e-01;1.163046e-01;6.980516e-02;8.389739e-02;8.618884e-02;6.078677e-02;6.420129e-02;5.664290e-02;2.239337e-02;4.440484e-02
3.848589e-02;8.975553e-02;3.580015e-01;8.618797e-02;7.226757e-02;4.983712e-02;1.076121e-01;5.332144e-02;5.930366e-02;3.626079e-02;1.879137e-02;3.017508e-02
4.082419e-02;5.534426e-02;3.018041e-01;9.436963e-02;6.106136e-02;3.808691e-02;2.010767e-01;5.453801e-02;6.768291e-02;4.587874e-02;1.686280e-02;2.247026e-02
7.210873e-02;6.085308e-02;1.396288e-01;5.145541e-02;4.846463e-02;3.783637e-02;3.346552e-01;7.867517e-02;6.545479e-02;4.478325e-02;3.396059e-02;3.212402e-02
7.320032e-02;8.565020e-02;4.559789e-02;1.928778e-02;3.891475e-02;3.609298e-02;4.510451e-01;7.954786e-02;6.329349e-02;3.283137e-02;4.646812e-02;2.807012e-02
4.612365e-02;8.225585e-02;2.128425e-02;7.340263e-03;2.472773e-02;3.294099e-02;5.549808e-01;5.630596e-02;7.014122e-02;1.844072e-02;7.178295e-02;1.367560e-02
1.132178e-02;4.642340e-02;3.178943e-02;5.449813e-03;2.713682e-02;2.788204e-02;5.505598e-01;1.188789e-01;6.384912e-02;1.926731e-02;8.339074e-02;1.405084e-02
1.226808e-02;1.898374e-02;6.674804e-02;7.736068e-03;2.211682e-02;2.571486e-02;4.322451e-01;2.633912e-01;4.733247e-02;2.064576e-02;5.509220e-02;2.772570e-02
1.182545e-02;1.759286e-02;9.531617e-02;1.078414e-02;1.174516e-02;3.723339e-02;2.766224e-01;3.743026e-01;7.272416e-02;2.763584e-02;1.977230e-02;4.444559e-02
1.265305e-02;1.662459e-02;9.487836e-02;1.613162e-02;8.459332e-03;5.958832e-02;1.904824e-01;4.062506e-01;1.117357e-01;2.832239e-02;9.598913e-03;4.527472e-02
1.664222e-02;1.257600e-02;7.506207e-02;1.475002e-02;8.994686e-03;7.537052e-02;2.815402e-01;3.412252e-01;1.066616e-01;3.060654e-02;1.565518e-02;2.091566e-02
1.489753e-02;1.373551e-02;9.351473e-02;1.104157e-02;8.440249e-03;7.035757e-02;3.513719e-01;2.789773e-01;8.833604e-02;2.674172e-02;1.095183e-02;3.163405e-02
9.864051e-03;1.747007e-02;1.015212e-01;7.495365e-03;8.007886e-03;4.681774e-02;3.862734e-01;2.823425e-01;5.489058e-02;2.535866e-02;5.083241e-03;5.487528e-02
4.718748e-03;2.361495e-02;8.121698e-02;5.778713e-03;2.186091e-02;3.028986e-02;4.662534e-01;2.406034e-01;4.254108e-02;2.273422e-02;1.101046e-02;4.937727e-02
1.232174e-02;6.292246e-02;4.025890e-02;1.128883e-02;5.021003e-02;4.487856e-02;5.312024e-01;1.274229e-01;5.127694e-02;1.778209e-02;2.363594e-02;2.679924e-02
2.982908e-02;6.734941e-02;4.134982e-02;3.117179e-02;6.443497e-02;8.955174e-02;5.028022e-01;6.197866e-02;4.942735e-02;2.706031e-02;1.940796e-02;1.563669e-02
6.473713e-02;2.985515e-02;7.396483e-02;3.597250e-02;7.454000e-02;1.161909e-01;4.247957e-01;6.770519e-02;4.312450e-02;4.159425e-02;7.457558e-03;2.006235e-02
7.147299e-02;3.407443e-02;1.051356e-01;3.198892e-02;9.368342e-02;1.326712e-01;3.237416e-01;8.652437e-02;3.851004e-02;5.065617e-02;1.483958e-02;1.670173e-02
5.820158e-02;3.963035e-02;1.392773e-01;6.413666e-02;1.163210e-01;1.976404e-01;1.383128e-01;1.210039e-01;4.417200e-02;4.318467e-02;2.670909e-02;1.141026e-02
7.750241e-02;5.879595e-02;9.135693e-02;2.827056e-02;1.086133e-01;1.730949e-01;2.620802e-01;9.929252e-02;2.968797e-02;3.695341e-02;2.402210e-02;1.032971e-02
8.862510e-02;4.822259e-02;6.667759e-02;3.143311e-02;1.117609e-01;1.543338e-01;3.589232e-01;4.740876e-02;2.770443e-02;3.036732e-02;1.908117e-02;1.546203e-02
5.612830e-02;2.472700e-02;6.548499e-02;3.908356e-02;1.394968e-01;1.497151e-01;3.666188e-01;4.518974e-02;4.563000e-02;2.934698e-02;1.398450e-02;2.459430e-02
2.200225e-02;1.848128e-02;1.657887e-01;5.167693e-02;1.785023e-01;1.177707e-01;2.664045e-01;3.513145e-02;5.075141e-02;1.698525e-02;3.906613e-02;3.743912e-02
1.465343e-02;1.806051e-02;4.020705e-01;6.887800e-02;1.534460e-01;7.365867e-02;1.001375e-01;1.948453e-02;3.566470e-02;2.659426e-02;6.215723e-02;2.519464e-02
1.597477e-02;1.992450e-02;6.015183e-01;5.784772e-02;8.680360e-02;3.946260e-02;2.738778e-02;1.059908e-02;2.751326e-02;5.619090e-02;4.274029e-02;1.403719e-02
1.682436e-02;3.858168e-02;6.713865e-01;3.485411e-02;3.152538e-02;1.596094e-02;4.632715e-02;8.663846e-03;4.043765e-02;6.080483e-02;1.485649e-02;1.977700e-02
2.674041e-02;1.020297e-01;6.643264e-01;2.858391e-02;5.185930e-03;7.800202e-03;3.823418e-02;7.465568e-03;6.115729e-02;2.993247e-02;1.820789e-02;1.033608e-02
5.198727e-02;1.750497e-01;5.843670e-01;2.441267e-02;1.578408e-02;1.430553e-02;1.862158e-02;3.831111e-03;7.969310e-02;1.806666e-02;7.230398e-03;6.650954e-03
8.605471e-02;2.433369e-01;4.942343e-01;2.190056e-02;1.107522e-02;1.355728e-02;1.440817e-02;7.972525e-03;7.946485e-02;9.922936e-03;8.370732e-03;9.701711e-03
1.470535e-01;2.995317e-01;3.933524e-01;2.147523e-02;1.242154e-02;2.124266e-02;8.300026e-03;1.786091e-02;5.993880e-02;5.142206e-03;6.583537e-03;7.097370e-03
2.077856e-01;3.331095e-01;2.612861e-01;1.476111e-02;1.282982e-02;4.115888e-02;1.010084e-02;2.701435e-02;6.702022e-02;8.292521e-03;8.763215e-03;7.877871e-03
2.395556e-01;3.545310e-01;1.448423e-01;1.158198e-02;1.055581e-02;4.585277e-02;6.570099e-03;3.079496e-02;1.308990e-01;6.855000e-03;9.018339e-03;8.943126e-03
2.133005e-01;3.322048e-01;1.504653e-01;1.328160e-02;1.328826e-02;3.320897e-02;7.443803e-03;2.549855e-02;1.893191e-01;7.719120e-03;5.034802e-03;9.235154e-03
1.545584e-01;2.950974e-01;2.149235e-01;1.840574e-02;9.529336e-03;3.756529e-02;7.275717e-03;1.468386e-02;2.147304e-01;1.729434e-02;5.545548e-03;1.039044e-02
1.031614e-01;2.388814e-01;3.010789e-01;1.967376e-02;7.752110e-03;4.042726e-02;1.394055e-02;1.318996e-02;2.020618e-01;4.214363e-02;5.722031e-03;1.196727e-02
5.348149e-02;1.505345e-01;4.196011e-01;2.791244e-02;1.779297e-02;3.167384e-02;1.057423e-02;1.075494e-02;1.681141e-01;9.322326e-02;6.094945e-03;1.024209e-02
2.354011e-02;8.507211e-02;5.211817e-01;3.367617e-02;2.607345e-02;1.616539e-02;8.779237e-03;8.346757e-03;1.254986e-01;1.400283e-01;3.930317e-03;7.707915e-03
3.272673e-02;9.247120e-02;5.482198e-01;3.141034e-02;3.251287e-02;7.851707e-03;1.815976e-02;7.971682e-03;7.367798e-02;1.445204e-01;5.735987e-03;4.741592e-03
3.565547e-02;7.923502e-02;5.999190e-01;2.991032e-02;3.238018e-02;6.836620e-03;2.088971e-02;6.822743e-03;3.684023e-02;1.366023e-01;1.263119e-02;2.277235e-03
3.386078e-02;6.604142e-02;6.163871e-01;3.067336e-02;2.593249e-02;1.090098e-02;1.461484e-02;6.309324e-03;6.617841e-02;1.077240e-01;1.568278e-02;5.694529e-03
4.770889e-02;1.004797e-01;5.885167e-01;2.951935e-02;1.486272e-02;1.594374e-02;1.687434e-02;1.443427e-02;9.677862e-02;5.123960e-02;1.242427e-02;1.121792e-02
7.256874e-02;9.691656e-02;5.747181e-01;2.955636e-02;1.357322e-02;2.046104e-02;2.006332e-02;2.122976e-02;7.833564e-02;4.134516e-02;1.676947e-02;1.446262e-02
9.640974e-02;4.214671e-02;5.874296e-01;3.181515e-02;1.867314e-02;2.250145e-02;3.169129e-02;3.326376e-02;6.950387e-02;3.093431e-02;2.218754e-02;1.344338e-02
8.153365e-02;7.528794e-02;5.494201e-01;2.790287e-02;2.500054e-02;2.456219e-02;3.744367e-02;4.058905e-02;6.127249e-02;3.661355e-02;2.454303e-02;1.583097e-02
4.301613e-02;7.054992e-02;5.539629e-01;3.335213e-02;4.155087e-02;2.289662e-02;2.802897e-02;3.789449e-02;6.875935e-02;4.735943e-02;3.545977e-02;1.716939e-02
4.308786e-02;2.646257e-02;5.189821e-01;3.248345e-02;4.713972e-02;3.723039e-02;3.360124e-02;3.863066e-02;1.062207e-01;5.613347e-02;3.408810e-02;2.593978e-02
4.426323e-02;6.359859e-02;4.601824e-01;3.080589e-02;4.314924e-02;3.812619e-02;5.380004e-02;3.257395e-02;1.005669e-01;6.352428e-02;3.498453e-02;3.442471e-02
5.706448e-02;1.417266e-01;4.360711e-01;3.933977e-02;2.946967e-02;2.272189e-02;3.365805e-02;3.236566e-02;6.994431e-02;3.734585e-02;5.339351e-02;4.689912e-02
8.342604e-02;1.466348e-01;3.298199e-01;5.035923e-02;5.866728e-02;3.519238e-02;5.410578e-02;2.871466e-02;5.564899e-02;3.401559e-02;5.651628e-02;6.689899e-02
1.169981e-01;9.578948e-02;1.966115e-01;7.067756e-02;8.822502e-02;4.386364e-02;1.006307e-01;2.359790e-02;4.822486e-02;5.233736e-02;8.143809e-02;8.160579e-02
