8.372056e-02;8.985782e-02;1.714813e-01;8.039754e-02;5.155218e-02;5.144661e-02;9.131402e-02;7.525936e-02;8.966028e-02;9.205481e-02;5.010797e-02;7.314761e-02
9.329319e-02;9.071885e-02;1.514808e-01;9.581018e-02;4.493090e-02;4.722181e-02;1.512616e-01;7.718127e-02;9.981922e-02;4.923214e-02;3.879917e-02;6.025091e-02
1.014686e-01;1.407951e-01;1.748077e-01;8.089539e-02;6.167631e-02;3.171342e-02;1.548098e-01;4.866213e-02;5.156537e-02;6.437546e-02;5.576976e-02;3.346100e-02
1.099895e-01;1.230864e-01;1.503209e-01;7.859450e-02;6.551518e-02;3.599607e-02;1.199546e-01;5.054501e-02;7.594226e-02;7.902107e-02;6.728208e-02;4.375249e-02
8.299115e-02;7.682008e-02;1.504362e-01;5.632542e-02;5.600069e-02;6.480775e-02;1.004084e-01;4.892606e-02;8.527877e-02;1.067003e-01;9.161438e-02;7.969076e-02
6.914832e-02;6.196301e-02;1.137038e-01;4.822728e-02;6.368969e-02;7.462494e-02;9.847020e-02;6.698800e-02;6.824479e-02;1.416747e-01;8.855390e-02;1.047114e-01
6.933092e-02;6.352676e-02;1.012038e-01;4.314501e-02;6.950697e-02;7.633060e-02;9.802555e-02;6.887267e-02;4.786128e-02;1.691074e-01;7.108267e-02;1.220064e-01
9.769750e-02;6.401355e-02;8.778601e-02;5.166363e-02;4.840612e-02;7.846626e-02;8.975762e-02;6.903154e-02;8.159828e-02;1.485436e-01;4.438704e-02;1.386488e-01
9.929853e-02;7.706814e-02;8.815726e-02;5.265289e-02;5.685928e-02;8.315384e-02;1.105056e-01;6.122436e-02;1.172834e-01;7.585821e-02;7.962221e-02;9.831624e-02
1.157549e-01;8.898473e-02;8.651701e-02;3.799481e-02;9.024873e-02;7.901567e-02;1.338618e-01;3.748093e-02;1.057324e-01;3.384898e-02;1.065604e-01;8.399964e-02
1.193496e-01;6.549556e-02;9.676294e-02;5.080751e-02;1.267055e-01;6.886064e-02;1.602355e-01;2.754455e-02;8.384304e-02;4.632461e-02;7.166405e-02;8.240645e-02
8.785889e-02;5.089120e-02;1.318870e-01;7.083932e-02;1.109575e-01;8.490635e-02;1.550881e-01;6.297867e-02;7.000218e-02;8.666517e-02;5.147397e-02;3.645172e-02
4.991324e-02;5.970043e-02;1.625430e-01;5.229692e-02;6.322142e-02;1.211787e-01;1.069678e-01;9.902095e-02;8.274712e-02;9.917352e-02;6.747390e-02;3.576293e-02
7.232934e-02;3.738431e-02;1.337045e-01;5.999149e-02;3.234518e-02;8.673915e-02;1.367448e-01;1.065501e-01;8.626430e-02;9.837086e-02;6.536242e-02;8.421361e-02
4.484392e-02;5.564334e-02;6.383507e-02;6.979229e-02;4.855725e-02;1.034438e-01;1.232501e-01;1.490860e-01;8.766011e-02;1.150928e-01;5.308300e-02;8.571231e-02
5.527412e-02;9.530468e-02;6.473240e-02;6.866676e-02;6.147453e-02;1.229355e-01;7.501367e-02;1.100991e-01;8.988148e-02;1.505129e-01;5.070967e-02;5.539522e-02
6.697364e-02;1.008075e-01;5.008546e-02;8.675153e-02;9.724893e-02;9.759445e-02;1.099522e-01;5.864048e-02;7.310350e-02;1.110585e-01;5.862629e-02;8.915757e-02
5.556924e-02;6.582436e-02;7.106026e-02;7.698645e-02;9.944927e-02;7.242040e-02;1.426293e-01;1.057517e-01;8.662052e-02;5.568549e-02;7.925244e-02;8.875057e-02
5.737273e-02;6.449588e-02;1.026820e-01;3.351872e-02;7.466127e-02;8.683863e-02;8.129105e-02;1.252098e-01;1.354874e-01;7.727755e-02;8.354884e-02;7.761611e-02
5.214504e-02;5.818044e-02;1.283160e-01;5.021193e-02;5.774531e-02;8.946098e-02;7.261080e-02;1.081880e-01;1.321158e-01;1.041113e-01;7.052030e-02;7.639418e-02
3.928031e-02;4.959195e-02;1.865743e-01;8.149818e-02;6.981368e-02;7.293225e-02;6.652395e-02;7.779046e-02;1.149461e-01;1.203159e-01;6.797799e-02;5.275501e-02
3.085876e-02;3.588598e-02;2.865980e-01;8.426854e-02;5.562331e-02;4.913260e-02;7.722238e-02;2.827685e-02;8.645127e-02;1.799057e-01;5.971742e-02;2.605926e-02
1.790390e-02;3.099456e-02;3.225106e-01;5.575404e-02;2.891025e-02;3.065943e-02;5.445667e-02;1.859053e-02;1.023793e-01;2.601541e-01;4.682709e-02;3.085960e-02
1.755082e-02;8.001829e-02;2.615345e-01;2.863765e-02;1.323521e-02;3.966573e-02;2.732516e-02;2.966281e-02;1.928758e-01;2.420633e-01;2.521726e-02;4.221347e-02
3.609932e-02;1.481144e-01;1.471575e-01;2.029946e-02;1.362485e-02;6.229781e-02;2.226730e-02;4.135617e-02;3.203301e-01;1.402159e-01;1.238355e-02;3.585374e-02
7.853593e-02;1.747918e-01;1.024214e-01;2.286215e-02;2.661789e-02;6.093047e-02;4.386192e-02;7.168833e-02;3.237601e-01;6.661715e-02;9.008217e-03;1.890471e-02
1.206346e-01;1.794058e-01;1.005675e-01;1.977924e-02;4.034845e-02;3.851476e-02;7.034354e-02;1.079792e-01;2.342180e-01;4.529310e-02;2.454248e-02;1.837339e-02
1.126496e-01;1.859802e-01;7.841547e-02;1.835022e-02;6.750386e-02;6.039191e-02;5.085137e-02;9.576880e-02;2.542440e-01;3.784642e-02;2.272110e-02;1.527709e-02
1.480504e-01;1.740596e-01;6.179421e-02;1.615215e-02;9.514271e-02;4.705121e-02;4.086990e-02;1.128832e-01;2.320095e-01;3.145904e-02;1.704845e-02;2.347958e-02
1.444352e-01;1.836274e-01;8.826711e-02;1.707014e-02;6.142910e-02;1.869975e-02;2.659209e-02;1.003389e-01;2.818623e-01;3.854796e-02;1.992728e-02;1.920278e-02
8.573467e-02;2.225450e-01;8.185112e-02;1.798354e-02;1.645539e-02;4.319755e-02;1.536385e-02;6.551886e-02;4.010600e-01;3.134183e-02;1.051076e-02;8.437390e-03
7.216509e-02;2.180068e-01;8.767581e-02;1.606706e-02;1.738474e-02;6.195645e-02;1.446063e-02;6.150959e-02;4.192608e-01;2.006454e-02;5.759351e-03;5.689123e-03
5.406791e-02;2.021188e-01;1.164973e-01;1.302753e-02;1.636405e-02;9.665691e-02;1.801068e-02;3.760625e-02;3.793249e-01;4.759840e-02;6.944147e-03;1.178314e-02
3.106326e-02;1.757049e-01;1.705355e-01;1.906300e-02;1.190759e-02;1.162670e-01;2.549485e-02;2.112957e-02;2.969524e-01;9.554461e-02;1.850965e-02;1.782774e-02
2.871082e-02;1.392079e-01;1.686224e-01;2.554139e-02;1.684584e-02;1.282627e-01;4.114612e-02;2.858598e-02;2.827961e-01;9.109027e-02;2.016744e-02;2.902296e-02
3.878515e-02;1.119974e-01;1.414400e-01;3.672998e-02;2.794147e-02;1.226431e-01;5.961351e-02;4.754684e-02;2.777997e-01;7.288235e-02;2.447701e-02;3.814338e-02
6.291991e-02;7.203677e-02;1.644589e-01;6.609971e-02;3.117200e-02;9.812923e-02;1.081465e-01;5.502664e-02;1.502795e-01;1.003675e-01;5.289016e-02;3.847320e-02
1.011998e-01;4.331347e-02;1.184474e-01;8.790677e-02;3.673369e-02;9.217908e-02;1.308217e-01;1.073877e-01;1.017486e-01;6.287981e-02;6.241678e-02;5.496516e-02
1.032495e-01;4.897763e-02;9.313409e-02;7.573812e-02;8.253320e-02;7.368795e-02;1.446520e-01;1.058503e-01;6.450973e-02;7.308439e-02;5.720475e-02;7.737835e-02
7.917420e-02;6.819990e-02;9.847312e-02;5.655486e-02;1.207811e-01;5.778297e-02;1.824121e-01;8.956260e-02;2.296517e-02;5.726885e-02;8.700670e-02;7.981851e-02
6.799264e-02;8.782113e-02;8.251055e-02;2.448555e-02;9.577300e-02;6.731667e-02;1.588561e-01;8.680730e-02;6.344064e-02;7.450750e-02;8.511228e-02;1.053766e-01
5.723678e-02;1.266567e-01;4.234250e-02;4.506524e-02;5.465774e-02;7.210314e-02;1.788206e-01;6.238890e-02;8.810926e-02;1.102811e-01;7.076579e-02;9.157217e-02
5.800246e-02;1.606570e-01;3.231576e-02;4.013295e-02;3.309366e-02;6.401970e-02;2.498917e-01;3.382416e-02;8.901840e-02;8.844598e-02;1.043014e-01;4.629684e-02
2.597368e-02;1.538852e-01;3.597913e-02;1.930289e-02;2.696699e-02;6.668249e-02;3.301870e-01;5.124904e-02;8.048183e-02;5.186141e-02;1.410968e-01;1.633356e-02
3.236035e-02;1.019544e-01;4.776878e-02;1.557643e-02;5.775883e-02;9.299645e-02;3.183854e-01;6.241935e-02;6.841942e-02;4.837666e-02;1.312917e-01;2.269221e-02
3.108345e-02;6.537659e-02;7.509233e-02;3.045743e-02;9.248137e-02;1.227883e-01;2.346521e-01;4.767922e-02;7.947791e-02;7.107196e-02;1.286268e-01;2.121252e-02
4.574624e-02;6.742568e-02;1.063167e-01;3.145860e-02;1.064627e-01;1.022236e-01;1.837610e-01;4.683259e-02;7.217341e-02;7.640558e-02;1.207285e-01;4.046548e-02
4.923565e-02;6.261960e-02;9.646758e-02;2.899022e-02;9.406772e-02;1.044834e-01;2.985566e-01;3.132969e-02;4.583582e-02;6.454162e-02;7.115439e-02;5.271778e-02
6.479406e-02;5.420966e-02;7.387662e-02;3.959783e-02;5.556541e-02;8.745568e-02;3.754210e-01;3.606213e-02;4.612708e-02;4.510779e-02;5.555667e-02;6.622610e-02
4.342508e-02;4.891167e-02;5.292580e-02;2.997103e-02;1.629149e-02;5.732832e-02;4.831769e-01;5.115548e-02;3.779440e-02;3.442463e-02;8.345789e-02;6.113734e-02
3.633847e-02;3.893415e-02;3.135357e-02;1.095934e-02;4.243202e-02;6.595894e-02;5.633890e-01;4.782202e-02;2.324703e-02;1.712220e-02;8.560862e-02;3.683470e-02
4.723655e-02;3.399811e-02;4.979400e-02;1.469537e-02;7.588644e-02;8.737805e-02;5.358508e-01;3.439217e-02;1.681805e-02;2.740075e-02;5.431968e-02;2.223004e-02
4.189846e-02;2.132891e-02;1.870606e-01;3.352037e-02;1.084548e-01;8.116169e-02;4.028665e-01;2.360614e-02;2.250551e-02;3.525176e-02;2.878815e-02;1.355711e-02
2.691737e-02;2.577191e-02;3.866261e-01;4.856025e-02;8.496025e-02;3.790923e-02;2.940417e-01;1.904854e-02;2.382811e-02;2.316525e-02;2.189516e-02;7.276130e-03
4.103715e-02;4.101965e-02;4.503146e-01;3.330907e-02;5.939969e-02;3.047877e-02;2.661179e-01;1.623966e-02;1.725759e-02;1.768576e-02;1.327530e-02;1.386488e-02
4.653203e-02;4.111817e-02;4.697078e-01;2.197594e-02;4.298753e-02;2.552883e-02;2.730232e-01;1.769178e-02;1.450172e-02;1.281535e-02;1.914083e-02;1.497675e-02
4.366439e-02;3.299608e-02;4.526328e-01;3.089272e-02;5.225180e-02;4.471796e-02;2.444072e-01;1.666989e-02;1.874548e-02;1.831899e-02;2.617921e-02;1.852348e-02
5.075386e-02;3.647557e-02;3.783163e-01;3.359641e-02;7.050382e-02;7.168233e-02;1.911459e-01;3.256981e-02;2.848732e-02;3.568245e-02;4.470120e-02;2.608499e-02
2.667220e-02;2.968242e-02;5.240682e-01;5.430314e-02;7.010082e-02;5.176269e-02;8.745760e-02;3.166813e-02;2.928519e-02;3.936430e-02;3.002791e-02;2.560748e-02
1.538266e-02;2.066607e-02;5.680944e-01;5.994480e-02;9.379209e-02;7.349183e-02;5.641268e-02;3.089282e-02;2.127936e-02;2.516666e-02;2.254758e-02;1.232908e-02
1.565647e-02;1.343099e-02;5.542272e-01;6.056755e-02;1.212029e-01;1.017802e-01;3.786543e-02;2.967070e-02;1.235255e-02;2.071518e-02;2.531630e-02;7.214505e-03
2.347028e-02;2.565338e-02;5.261127e-01;5.512794e-02;1.241873e-01;9.039783e-02;5.554144e-02;2.180431e-02;1.410619e-02;2.931385e-02;2.375368e-02;1.053112e-02
4.273555e-02;4.935177e-02;3.836418e-01;4.855763e-02;1.155580e-01;8.979273e-02;1.116823e-01;2.698420e-02;3.793137e-02;4.186313e-02;2.973109e-02;2.217045e-02
5.121173e-02;4.603335e-02;2.470966e-01;3.758749e-02;7.381916e-02;7.600520e-02;1.908409e-01;7.694005e-02;6.471100e-02;4.961489e-02;4.784238e-02;3.829723e-02
9.100524e-02;5.017815e-02;2.372251e-01;2.534594e-02;5.866812e-02;5.638524e-02;1.588380e-01;1.315295e-01;4.774544e-02;3.833435e-02;5.761932e-02;4.712569e-02
1.596823e-01;4.413453e-02;2.583547e-01;2.587255e-02;5.281706e-02;3.922915e-02;1.088473e-01;1.380855e-01;2.607660e-02;2.873526e-02;5.811045e-02;6.005463e-02
1.861841e-01;3.999545e-02;2.164452e-01;4.830367e-02;2.939688e-02;3.249913e-02;1.181534e-01;8.696192e-02;2.447155e-02;5.286645e-02;6.931316e-02;9.540909e-02
1.555832e-01;3.055711e-02;1.142263e-01;6.615380e-02;2.264936e-02;3.271859e-02;1.597452e-01;6.159107e-02;3.893776e-02;6.647951e-02;1.077387e-01;1.436194e-01
1.053497e-01;1.878875e-02;8.295994e-02;5.138340e-02;3.652019e-02;4.666874e-02;1.543591e-01;5.123913e-02;7.720540e-02;7.324076e-02;1.549023e-01;1.473826e-01
4.282563e-02;1.550815e-02;1.654850e-01;2.422529e-02;4.452867e-02;6.901357e-02;1.008305e-01;4.387952e-02;1.298130e-01;8.651898e-02;1.821650e-01;9.520674e-02
1.691497e-02;1.461032e-02;1.551729e-01;1.309790e-02;4.442009e-02;9.585521e-02;5.607405e-02;3.435934e-02;1.952524e-01;9.522285e-02;1.950179e-01;8.400211e-02
2.438763e-02;2.634503e-02;1.576038e-01;1.156530e-02;3.731036e-02;9.363513e-02;4.823438e-02;3.593989e-02;2.198195e-01;8.978769e-02;1.802324e-01;7.513890e-02
9.325971e-02;4.849587e-02;1.340437e-01;4.296875e-02;4.712047e-02;4.815548e-02;8.407233e-02;1.012888e-01;1.390772e-01;7.286315e-02;9.940118e-02;8.925332e-02
1.169518e-01;4.879306e-02;9.913520e-02;6.646574e-02;3.670791e-02;4.065488e-02;1.471025e-01;1.337665e-01;7.781942e-02;7.808850e-02;4.980334e-02;1.047112e-01
1.425228e-01;3.252068e-02;4.737166e-02;7.108300e-02;2.645258e-02;3.468996e-02;1.892626e-01;1.471062e-01;6.456047e-02;9.963694e-02;2.821783e-02;1.165753e-01
2.319604e-01;2.838260e-02;3.324017e-02;5.426282e-02;5.356039e-02;1.209111e-02;1.569809e-01;1.706704e-01;3.363537e-02;9.941122e-02;2.863354e-02;9.717107e-02
2.915316e-01;4.949272e-02;3.926062e-02;2.536045e-02;1.009666e-01;1.462211e-02;6.946207e-02;2.030583e-01;5.261322e-02;5.500756e-02;5.032551e-02;4.829923e-02
2.193567e-01;1.204053e-01;5.695402e-02;2.278297e-02;9.063036e-02;5.788514e-02;3.842729e-02;1.282786e-01;1.439372e-01;3.182961e-02;5.607151e-02;3.344131e-02
9.276181e-02;1.669891e-01;1.170066e-01;2.446337e-02;3.853539e-02;1.100568e-01;3.979398e-02;4.535975e-02;2.280998e-01;6.795823e-02;3.323128e-02;3.574388e-02
3.599675e-02;1.059162e-01;2.016069e-01;3.814894e-02;1.618853e-02;8.510088e-02;9.278639e-02;3.667909e-02;1.630798e-01;1.585409e-01;3.399855e-02;3.195709e-02
3.862679e-02;3.186072e-02;2.016845e-01;1.033848e-01;3.256233e-02;2.747192e-02;1.155602e-01;6.822041e-02;6.377384e-02;1.632930e-01;1.211336e-01;3.242774e-02
2.791541e-02;1.882264e-02;1.113157e-01;1.515524e-01;8.768454e-02;1.120258e-02;7.018305e-02;1.050954e-01;6.843808e-02;7.160425e-02;1.712669e-01;1.049190e-01
5.907511e-02;2.267941e-02;5.550919e-02;1.061479e-01;1.623627e-01;4.124931e-02;3.417976e-02;7.242215e-02;1.204537e-01;3.684717e-02;9.527870e-02;1.937949e-01
1.752926e-01;1.686615e-02;3.834938e-02;4.118149e-02;1.336675e-01;1.136458e-01;4.635539e-02;4.034373e-02;1.286845e-01;9.767359e-02;1.570109e-02;1.522387e-01
2.632876e-01;4.389192e-02;2.355780e-02;3.481671e-02;5.146103e-02;1.513480e-01;1.084284e-01;3.997510e-02;6.702982e-02;1.546104e-01;2.667003e-02;3.492334e-02
1.823192e-01;1.097505e-01;1.587377e-02;3.937011e-02;3.205340e-02;1.122254e-01;2.294087e-01;3.265260e-02;3.422087e-02;1.417004e-01;2.750985e-02;4.291528e-02
7.486077e-02;1.577638e-01;1.342390e-02;3.201941e-02;3.897639e-02;9.245212e-02;3.640872e-01;2.739646e-02;4.517839e-02;6.974567e-02;3.484835e-02;4.924754e-02
3.773835e-02;1.205174e-01;2.218576e-02;3.136451e-02;6.173596e-02;1.170470e-01;3.726224e-01;3.686837e-02;5.289163e-02;7.570495e-02;4.469479e-02;2.662886e-02
6.277941e-02;6.333115e-02;6.760403e-02;3.991991e-02;8.400945e-02;1.055545e-01;2.808285e-01;3.882092e-02;6.702293e-02;1.069061e-01;4.500559e-02;3.821744e-02
8.371115e-02;4.281792e-02;1.223957e-01;4.622204e-02;7.219225e-02;7.666413e-02;2.388402e-01;3.291829e-02;6.708356e-02;1.133246e-01;4.666108e-02;5.716905e-02
1.406685e-01;8.077544e-02;7.943651e-02;2.726492e-02;7.038347e-02;7.272654e-02;2.103273e-01;2.546762e-02;4.331502e-02;9.548978e-02;5.018621e-02;1.039587e-01
8.086094e-02;9.083110e-02;4.229223e-02;3.025334e-02;8.173949e-02;8.626970e-02;2.389102e-01;2.460363e-02;5.003777e-02;8.711796e-02;5.922891e-02;1.278547e-01
6.761012e-02;8.992881e-02;8.092412e-02;4.503142e-02;5.273020e-02;7.600337e-02;2.623495e-01;4.525195e-02;6.140226e-02;8.655888e-02;6.037124e-02;7.183812e-02
7.322779e-02;7.182622e-02;8.737802e-02;6.115725e-02;6.299081e-02;9.734546e-02;2.378399e-01;5.773397e-02;5.300345e-02;8.678929e-02;3.755785e-02;7.314997e-02
6.379858e-02;6.423581e-02;7.056461e-02;5.555149e-02;8.699881e-02;9.988761e-02;1.986511e-01;5.903951e-02;5.622386e-02;1.009955e-01;3.365499e-02;1.103981e-01
8.332120e-02;5.688837e-02;6.798708e-02;7.586039e-02;8.698331e-02;6.315634e-02;1.865777e-01;4.544656e-02;4.790520e-02;1.189279e-01;5.376464e-02;1.131812e-01
1.044630e-01;9.067222e-02;1.064380e-01;7.594988e-02;6.388190e-02;7.671521e-02;1.189176e-01;7.425011e-02;6.476138e-02;8.749980e-02;6.296442e-02;7.348645e-02
1.024080e-01;9.693421e-02;9.930938e-02;4.362386e-02;6.844880e-02;6.653392e-02;7.164583e-02;8.508595e-02;9.484231e-02;1.043265e-01;7.481723e-02;9.202404e-02
8.381579e-02;6.507503e-02;8.922768e-02;3.039696e-02;7.209799e-02;7.701650e-02;6.778653e-02;7.824423e-02;1.356267e-01;1.118780e-01;8.118290e-02;1.076516e-01
9.034774e-02;2.331338e-02;1.034610e-01;3.622869e-02;9.075130e-02;8.472268e-02;1.666902e-01;6.060091e-02;1.160052e-01;8.496311e-02;6.392881e-02;7.898698e-02
6.034118e-02;2.395405e-02;1.464287e-01;6.038108e-02;1.099616e-01;9.042906e-02;1.771358e-01;5.280360e-02;3.983619e-02;7.203746e-02;1.032612e-01;6.343015e-02
3.116729e-02;2.301365e-02;1.975273e-01;8.484931e-02;1.008073e-01;8.060148e-02;1.172604e-01;3.756031e-02;2.943088e-02;8.350290e-02;1.467639e-01;6.751529e-02
3.245911e-02;2.899336e-02;2.876037e-01;9.041783e-02;6.641410e-02;5.364310e-02;7.000577e-02;2.199564e-02;2.791054e-02;1.416262e-01;1.391647e-01;3.976599e-02
5.837135e-02;4.818807e-02;3.096129e-01;6.395332e-02;4.043435e-02;3.977372e-02;6.943927e-02;2.192745e-02;4.731732e-02;1.807872e-01;9.684484e-02;2.335016e-02
8.063888e-02;5.245917e-02;2.358208e-01;4.157582e-02;4.901893e-02;4.047409e-02;8.895639e-02;2.286393e-02;7.058448e-02;1.648797e-01;1.138552e-01;3.887264e-02
7.415683e-02;1.984441e-02;2.746484e-01;5.413985e-02;5.883927e-02;4.381070e-02;9.062062e-02;2.013833e-02;4.834848e-02;1.550770e-01;1.197220e-01;4.065404e-02
5.767291e-02;2.152247e-02;2.896102e-01;9.151369e-02;8.310506e-02;5.876506e-02;8.427054e-02;2.319031e-02;3.417072e-02;1.198129e-01;9.482572e-02;4.154042e-02
2.640322e-02;1.737555e-02;2.211379e-01;1.397668e-01;1.193584e-01;7.932122e-02;1.049287e-01;3.376958e-02;5.979263e-02;6.500342e-02;7.688791e-02;5.625471e-02
5.966465e-02;4.292335e-02;2.056538e-01;1.336377e-01;8.690246e-02;7.413384e-02;1.050509e-01;6.117549e-02;8.352809e-02;4.739954e-02;3.016868e-02;6.976143e-02
1.020978e-01;3.821016e-02;1.446293e-01;1.117412e-01;7.228445e-02;8.030308e-02;1.049897e-01;7.662309e-02;8.614115e-02;7.167904e-02;2.030206e-02;9.099893e-02
1.004363e-01;5.334178e-02;1.183756e-01;7.395106e-02;6.979819e-02;9.136458e-02;1.250487e-01;6.364197e-02;7.719217e-02;9.868230e-02;4.654149e-02;8.162592e-02
7.104544e-02;6.612302e-02;1.580471e-01;5.063121e-02;7.821160e-02;8.152134e-02;1.637907e-01;5.886349e-02;5.757504e-02;1.042454e-01;6.263320e-02;4.731248e-02
5.351201e-02;5.098186e-02;1.739854e-01;9.244357e-02;7.889684e-02;7.205576e-02;1.712327e-01;6.701829e-02;3.946196e-02;1.261854e-01;3.036489e-02;4.386127e-02
4.071892e-02;4.139912e-02;2.351287e-01;1.148846e-01;5.376177e-02;6.330381e-02;1.062871e-01;5.344207e-02;3.100660e-02;1.670841e-01;2.708163e-02;6.590153e-02
3.842825e-02;2.693515e-02;2.550298e-01;1.282861e-01;5.660817e-02;7.736386e-02;6.750626e-02;4.235047e-02;4.920783e-02;1.556748e-01;3.781901e-02;6.479031e-02
6.857473e-02;4.396325e-02;1.507774e-01;8.475450e-02;9.987157e-02;8.922309e-02;1.046319e-01;7.099771e-02;7.792875e-02;1.184411e-01;5.317008e-02;3.766588e-02
9.929312e-02;8.634517e-02;1.828464e-01;4.024323e-02;7.537204e-02;7.001437e-02;1.344416e-01;6.209203e-02;6.771772e-02;6.261364e-02;5.658225e-02;6.243832e-02
6.435508e-02;7.250288e-02;2.113003e-01;5.362698e-02;4.476818e-02;7.487541e-02;1.295958e-01;5.058385e-02;7.435208e-02;9.647375e-02;6.759799e-02;5.996767e-02
3.982284e-02;6.130389e-02;2.474632e-01;5.749820e-02;3.584525e-02;6.879754e-02;1.145220e-01;4.124919e-02;9.579740e-02;1.288998e-01;6.320743e-02;4.559326e-02
2.499231e-02;4.966484e-02;3.055454e-01;4.173163e-02;2.828980e-02;4.983409e-02;9.715197e-02;3.686870e-02;1.139365e-01;1.775770e-01;4.522529e-02;2.918247e-02
1.463471e-02;3.436853e-02;3.599174e-01;5.020004e-02;2.289375e-02;2.241067e-02;1.046990e-01;1.640723e-02;9.425321e-02;2.149313e-01;5.268340e-02;1.260072e-02
7.178975e-03;2.386880e-02;2.696311e-01;1.510278e-01;3.758388e-02;3.794090e-02;8.725642e-02;5.443708e-02;5.980518e-02;1.387941e-01;1.199933e-01;1.248259e-02
2.300670e-02;2.635383e-02;1.321986e-01;1.952420e-01;1.078922e-01;5.325511e-02;5.014117e-02;8.643503e-02;7.580962e-02;3.491458e-02;1.397197e-01;7.503142e-02
7.418104e-02;2.208275e-02;5.162831e-02;1.142496e-01;1.501392e-01;7.683313e-02;6.833160e-02;6.371154e-02;1.170759e-01;6.010152e-02;6.943116e-02;1.322343e-01
1.593051e-01;2.990647e-02;4.161438e-02;4.970255e-02;9.732892e-02;1.383993e-01;1.103554e-01;4.679225e-02;9.990261e-02;1.197213e-01;1.789757e-02;8.907419e-02
1.633458e-01;7.925549e-02;2.447535e-02;4.335800e-02;3.000915e-02;1.385928e-01;2.161424e-01;4.185800e-02;6.623257e-02;1.269618e-01;5.158658e-02;1.818203e-02
6.233663e-02;1.303303e-01;2.559551e-02;3.159196e-02;2.391911e-02;7.981407e-02;3.637693e-01;3.448676e-02;6.224791e-02;7.294649e-02;8.830928e-02;2.465268e-02
1.748990e-02;1.232351e-01;3.944561e-02;2.117187e-02;4.125023e-02;8.101799e-02;4.068663e-01;4.516859e-02;7.039525e-02;3.939924e-02;9.461859e-02;1.994136e-02
3.449859e-02;8.566795e-02;6.476964e-02;3.035528e-02;7.204890e-02;1.006301e-01;3.569726e-01;4.793910e-02;7.137414e-02;2.502468e-02;9.632096e-02;1.439797e-02
4.307787e-02;4.883209e-02;7.486608e-02;5.320660e-02;9.248969e-02;8.622316e-02;3.105670e-01;3.903528e-02;6.034554e-02;6.101666e-02;8.727085e-02;4.306919e-02
1.112986e-01;3.949166e-02;4.314732e-02;3.831292e-02;5.736950e-02;7.772108e-02;3.095926e-01;4.331532e-02;4.624882e-02;9.075903e-02;7.840785e-02;6.433529e-02
1.049862e-01;4.649043e-02;5.056145e-02;2.037686e-02;4.560950e-02;5.678222e-02;3.249096e-01;4.065739e-02;4.536833e-02;7.702868e-02;8.709832e-02;1.001311e-01
7.148828e-02;6.765942e-02;5.821301e-02;4.426603e-02;7.781319e-02;5.253036e-02;2.928994e-01;4.154878e-02;6.447623e-02;7.544179e-02;6.490529e-02;8.875829e-02
1.341774e-01;8.561949e-02;7.303826e-02;5.073113e-02;9.252536e-02;9.901965e-02;1.470372e-01;5.532249e-02;9.750933e-02;6.171187e-02;5.158065e-02;5.172728e-02
1.320279e-01;1.027570e-01;9.669940e-02;5.373359e-02;8.417255e-02;8.846937e-02;1.196802e-01;6.057409e-02;1.151130e-01;6.710351e-02;4.266705e-02;3.700233e-02
1.083889e-01;6.629638e-02;6.936923e-02;3.254203e-02;4.899840e-02;6.113148e-02;2.770265e-01;6.364533e-02;1.022083e-01;7.709417e-02;4.415213e-02;4.914707e-02
1.043315e-01;5.124401e-02;4.113582e-02;2.254569e-02;3.692205e-02;5.463760e-02;3.698871e-01;6.604349e-02;6.536571e-02;7.928924e-02;5.995959e-02;4.863828e-02
1.076649e-01;4.780870e-02;7.065468e-02;1.915512e-02;5.625669e-02;6.502265e-02;3.988263e-01;5.295809e-02;3.821697e-02;5.154344e-02;5.205956e-02;3.983291e-02
9.702470e-02;4.315183e-02;1.807819e-01;2.466612e-02;9.546632e-02;7.168791e-02;3.401344e-01;3.206484e-02;1.823563e-02;2.457220e-02;3.929747e-02;3.291671e-02
8.137992e-02;2.834355e-02;3.217624e-01;4.396692e-02;1.170341e-01;4.748034e-02;2.265439e-01;3.226925e-02;2.555455e-02;1.864551e-02;3.187897e-02;2.514066e-02
4.000005e-02;2.428013e-02;2.572397e-01;4.858143e-02;1.285029e-01;7.798219e-02;2.835109e-01;3.122554e-02;2.867275e-02;2.429501e-02;2.953815e-02;2.617122e-02
3.610590e-02;2.818079e-02;1.964495e-01;4.555555e-02;1.623347e-01;8.816598e-02;2.650853e-01;4.232413e-02;4.092490e-02;3.687276e-02;3.433456e-02;2.366589e-02
5.932212e-02;5.259283e-02;1.569123e-01;5.581559e-02;1.818710e-01;1.253749e-01;1.540715e-01;5.852696e-02;5.805499e-02;2.821951e-02;3.888368e-02;3.035458e-02
3.972125e-02;3.590682e-02;9.064601e-02;3.389975e-02;1.203360e-01;1.383778e-01;3.768294e-01;5.642373e-02;4.056762e-02;2.316597e-02;2.378426e-02;2.034141e-02
2.547233e-02;1.351234e-02;5.862968e-02;2.063745e-02;9.723502e-02;1.456009e-01;5.072922e-01;5.153991e-02;2.690176e-02;3.079729e-02;1.088243e-02;1.149872e-02
1.372058e-02;6.163548e-03;4.829983e-02;2.089284e-02;1.383959e-01;1.735524e-01;4.980963e-01;4.440622e-02;1.747387e-02;2.392763e-02;6.175827e-03;8.895000e-03
6.001977e-03;5.206767e-03;1.204864e-01;3.124578e-02;2.154355e-01;1.736604e-01;3.563929e-01;2.716631e-02;2.212019e-02;2.122773e-02;6.145771e-03;1.491019e-02
1.353633e-02;1.401162e-02;2.547027e-01;4.581246e-02;1.804297e-01;1.182888e-01;2.122792e-01;3.309511e-02;5.117536e-02;4.633700e-02;1.516468e-02;1.516702e-02
1.983724e-02;3.387307e-02;2.948449e-01;5.890673e-02;1.450132e-01;1.008852e-01;8.572663e-02;5.711608e-02;9.114522e-02;5.809575e-02;2.913282e-02;2.542317e-02
3.500291e-02;5.314772e-02;1.503033e-01;5.909000e-02;1.445411e-01;1.141895e-01;1.155577e-01;1.043567e-01;1.234085e-01;4.480091e-02;2.702116e-02;2.858051e-02
3.696396e-02;4.014334e-02;1.935387e-01;5.062236e-02;1.343950e-01;1.200687e-01;1.900511e-01;7.793543e-02;8.960076e-02;3.751523e-02;1.654063e-02;1.262479e-02
3.025040e-02;1.849762e-02;2.746556e-01;3.657686e-02;1.448177e-01;1.156291e-01;2.308376e-01;4.349877e-02;4.255233e-02;2.464206e-02;1.848540e-02;1.955661e-02
2.078232e-02;1.447105e-02;1.756791e-01;3.599768e-02;1.636979e-01;1.362886e-01;3.163742e-01;4.189011e-02;3.602777e-02;2.093137e-02;1.489673e-02;2.296331e-02
2.218268e-02;1.660706e-02;1.515518e-01;5.426555e-02;1.346330e-01;1.248811e-01;3.494475e-01;4.147657e-02;4.877850e-02;2.330915e-02;1.577937e-02;1.708768e-02
2.024802e-02;1.884200e-02;1.623294e-01;7.534069e-02;1.310034e-01;1.174180e-01;2.881226e-01;3.542075e-02;7.256559e-02;2.977395e-02;2.665562e-02;2.228000e-02
8.103509e-02;9.189064e-02;1.611147e-01;7.796032e-02;1.040302e-01;8.481793e-02;1.618128e-01;3.570173e-02;5.585297e-02;4.492297e-02;3.844815e-02;6.241253e-02
1.314861e-01;6.448196e-02;2.462406e-01;4.205562e-02;8.897056e-02;4.600294e-02;6.721863e-02;6.330320e-02;5.075243e-02;8.218978e-02;7.553421e-02;4.176398e-02
1.055201e-01;6.807924e-02;2.607752e-01;5.865641e-02;8.328903e-02;4.575012e-02;5.529297e-02;7.044592e-02;4.934471e-02;8.776563e-02;7.083192e-02;4.424879e-02
8.968912e-02;8.283209e-02;2.353674e-01;7.214288e-02;8.377703e-02;5.239559e-02;5.450983e-02;8.220566e-02;4.637496e-02;8.248809e-02;6.305981e-02;5.515746e-02
9.098278e-02;8.840750e-02;2.045693e-01;8.920705e-02;9.867555e-02;6.471100e-02;5.826226e-02;9.407101e-02;4.682241e-02;7.805560e-02;3.854829e-02;4.768724e-02
7.050334e-02;6.545097e-02;2.616305e-01;1.027855e-01;1.178182e-01;4.581345e-02;8.231509e-02;5.829310e-02;4.573310e-02;5.934082e-02;3.455505e-02;5.576081e-02
4.993177e-02;6.191320e-02;3.420010e-01;7.731309e-02;1.028905e-01;3.721220e-02;7.216702e-02;3.215832e-02;3.660630e-02;8.251283e-02;3.374200e-02;7.155179e-02
3.951811e-02;1.353522e-01;2.963060e-01;6.373178e-02;6.645319e-02;6.167033e-02;3.532783e-02;2.659040e-02;1.075463e-01;7.307929e-02;1.584163e-02;7.858291e-02
6.300632e-02;2.231396e-01;1.830113e-01;5.905141e-02;2.651550e-02;8.067928e-02;2.073330e-02;3.702530e-02;1.895574e-01;4.044636e-02;1.956861e-02;5.726559e-02
1.255776e-01;2.217386e-01;1.343271e-01;4.584794e-02;3.317763e-02;5.700192e-02;2.557934e-02;6.996033e-02;1.811293e-01;2.922339e-02;5.007165e-02;2.636520e-02
2.535412e-01;1.213395e-01;1.226155e-01;2.579593e-02;7.635067e-02;2.593886e-02;3.383596e-02;1.453015e-01;7.918431e-02;2.064192e-02;7.224022e-02;2.321436e-02
3.171124e-01;4.669774e-02;1.143878e-01;2.137542e-02;8.651755e-02;1.422269e-02;6.237007e-02;1.909648e-01;5.416194e-02;9.288530e-03;5.400236e-02;2.889868e-02
3.216649e-01;4.019304e-02;1.130764e-01;1.817761e-02;6.189980e-02;2.907700e-02;1.002366e-01;1.697737e-01;6.744366e-02;1.381498e-02;3.063855e-02;3.400381e-02
2.606589e-01;4.991980e-02;1.169114e-01;4.433816e-02;2.290073e-02;4.384119e-02;1.414409e-01;1.211494e-01;8.035422e-02;3.573008e-02;2.088706e-02;6.186820e-02
1.752408e-01;7.011452e-02;8.800278e-02;8.094856e-02;1.021546e-02;5.049413e-02;1.753735e-01;9.789736e-02;6.621433e-02;5.424054e-02;3.368581e-02;9.757226e-02
1.272310e-01;1.204347e-01;6.598599e-02;9.267753e-02;1.135910e-02;4.062028e-02;1.771323e-01;7.497583e-02;5.384302e-02;6.572407e-02;5.938185e-02;1.106343e-01
7.365044e-02;1.356920e-01;1.074326e-01;8.774284e-02;1.637249e-02;2.883797e-02;1.449210e-01;5.790143e-02;4.967996e-02;8.069199e-02;1.063989e-01;1.106783e-01
1.383729e-01;5.543125e-02;1.078084e-01;6.134314e-02;2.526971e-02;3.882043e-02;1.290019e-01;4.087759e-02;5.154593e-02;7.636879e-02;1.399007e-01;1.352592e-01
1.392926e-01;6.174904e-02;4.536828e-02;4.288225e-02;1.557894e-02;4.523517e-02;1.808253e-01;6.795166e-02;4.945106e-02;6.890240e-02;1.351144e-01;1.476489e-01
8.548813e-02;4.812780e-02;7.767808e-02;4.343659e-02;1.665195e-02;5.113889e-02;1.880680e-01;8.499128e-02;4.106809e-02;6.473686e-02;1.378879e-01;1.607265e-01
1.521486e-01;6.759565e-02;6.977958e-02;6.833351e-02;2.878409e-02;3.513975e-02;1.622164e-01;7.020933e-02;3.439326e-02;6.598499e-02;9.355520e-02;1.518596e-01
2.225413e-01;6.539755e-02;1.055050e-01;6.961501e-02;3.807837e-02;4.960592e-02;1.593726e-01;5.775699e-02;1.967539e-02;6.986511e-02;3.444409e-02;1.081427e-01
3.214145e-01;4.291725e-02;4.539564e-02;4.892921e-02;3.017559e-02;6.628487e-02;1.550622e-01;6.820168e-02;2.704170e-02;6.574141e-02;3.374293e-02;9.509300e-02
3.898053e-01;9.767587e-02;7.870541e-02;1.873788e-02;2.708661e-02;4.420748e-02;1.046937e-01;8.327971e-02;3.445144e-02;3.287197e-02;1.956500e-02;6.891961e-02
3.394290e-01;1.681819e-01;1.432152e-01;1.605979e-02;2.429047e-02;3.186577e-02;9.059715e-02;5.826028e-02;5.917601e-02;1.906111e-02;8.969544e-03;4.089367e-02
1.871179e-01;1.700113e-01;2.929161e-01;2.545814e-02;2.241022e-02;4.463023e-02;5.697931e-02;6.504376e-02;7.244191e-02;2.884989e-02;8.229376e-03;2.591181e-02
5.226203e-02;9.191737e-02;4.497785e-01;3.803458e-02;3.805758e-02;3.041225e-02;8.553226e-02;7.042613e-02;6.061862e-02;5.694527e-02;1.038172e-02;1.563368e-02
1.635954e-02;3.989412e-02;4.436566e-01;7.143971e-02;5.008901e-02;4.225599e-02;1.064162e-01;7.192535e-02;6.507616e-02;5.707413e-02;2.753847e-02;8.274714e-03
7.610751e-03;2.770781e-02;2.888476e-01;1.081455e-01;7.568777e-02;8.338350e-02;7.565241e-02;1.718181e-01;5.437427e-02;5.019829e-02;3.967014e-02;1.690379e-02
1.651083e-02;1.757594e-02;1.382834e-01;9.017507e-02;1.456102e-01;8.517276e-02;1.501310e-01;1.622108e-01;5.605415e-02;7.155424e-02;2.784334e-02;3.887824e-02
2.218546e-02;9.717182e-03;9.737664e-02;4.640603e-02;1.920632e-01;9.488207e-02;2.657793e-01;6.641309e-02;9.223446e-02;5.386348e-02;7.346258e-03;5.173284e-02
5.624999e-02;5.604201e-03;9.212924e-02;2.007109e-02;1.601671e-01;1.853902e-01;2.770490e-01;6.283502e-02;7.022946e-02;3.159549e-02;6.260008e-03;3.241929e-02
1.079175e-01;9.655136e-03;4.312881e-02;2.249757e-02;9.764286e-02;2.705003e-01;2.201907e-01;1.012619e-01;2.299891e-02;8.944125e-02;6.465548e-03;8.299457e-03
1.064740e-01;1.985999e-02;4.160029e-02;3.663462e-02;6.884553e-02;2.577195e-01;2.167102e-01;8.017072e-02;1.010036e-02;1.406234e-01;7.620943e-03;1.364040e-02
9.330963e-02;2.970831e-02;6.576087e-02;4.923306e-02;8.969884e-02;2.164578e-01;1.957242e-01;5.081242e-02;2.539064e-02;1.382318e-01;1.003128e-02;3.564125e-02
9.348045e-02;4.095135e-02;7.655974e-02;4.449375e-02;1.063996e-01;1.775277e-01;2.370951e-01;4.703497e-02;4.698609e-02;6.751421e-02;9.165757e-03;5.279130e-02
8.090754e-02;4.239849e-02;3.448705e-02;3.320877e-02;5.927557e-02;1.455123e-01;4.387629e-01;4.247162e-02;2.982496e-02;5.526128e-02;1.644166e-02;2.144787e-02
5.572923e-02;3.904668e-02;1.546370e-02;2.045910e-02;3.417122e-02;1.350849e-01;5.370381e-01;3.431396e-02;1.766181e-02;8.729675e-02;9.793096e-03;1.394155e-02
4.925171e-02;3.944285e-02;8.521694e-03;2.150403e-02;2.361242e-02;1.364767e-01;5.089712e-01;3.247070e-02;1.149188e-02;1.540732e-01;7.710120e-03;6.473490e-03
4.972300e-02;5.019064e-02;4.145386e-03;2.174265e-02;2.282551e-02;1.699935e-01;4.495904e-01;1.860079e-02;1.246040e-02;1.867051e-01;7.270317e-03;6.752328e-03
3.843804e-02;6.294423e-02;1.117362e-02;2.018140e-02;4.412819e-02;2.008975e-01;4.254666e-01;1.837735e-02;2.013689e-02;1.449519e-01;7.107095e-03;6.197257e-03
2.485014e-02;7.410022e-02;3.696322e-02;2.057016e-02;9.264304e-02;2.296176e-01;3.657851e-01;3.602997e-02;3.486698e-02;5.895465e-02;1.674368e-02;8.875200e-03
4.578959e-02;4.709192e-02;7.540096e-02;2.727250e-02;1.379756e-01;2.585672e-01;1.828587e-01;3.879622e-02;4.330228e-02;1.187767e-01;1.546791e-02;8.700355e-03
2.404898e-02;1.528133e-02;5.749171e-02;1.759470e-02;1.476651e-01;2.173057e-01;3.402789e-01;2.391201e-02;2.873178e-02;1.100706e-01;9.740992e-03;7.878299e-03
4.696855e-02;1.756401e-02;4.044825e-02;1.177594e-02;1.604024e-01;2.031590e-01;4.137076e-01;1.173847e-02;1.582952e-02;6.670801e-02;7.162699e-03;4.535521e-03
4.384426e-02;1.486487e-02;1.882185e-02;1.433174e-02;1.327417e-01;2.233341e-01;4.361274e-01;1.416981e-02;8.473607e-03;8.248944e-02;6.514212e-03;4.286970e-03
2.916207e-02;2.323237e-02;3.469967e-02;2.243854e-02;9.351888e-02;1.881191e-01;4.682193e-01;2.058198e-02;9.711219e-03;8.811498e-02;1.361836e-02;8.583576e-03
3.496188e-02;3.685506e-02;5.189224e-02;2.229146e-02;5.472818e-02;1.053238e-01;5.291045e-01;3.964706e-02;1.982262e-02;6.443792e-02;2.491622e-02;1.601908e-02
3.025555e-02;4.030444e-02;4.646465e-02;1.581722e-02;4.666208e-02;5.262051e-02;6.113550e-01;6.042799e-02;2.525373e-02;3.255969e-02;2.461048e-02;1.366867e-02
1.739773e-02;3.485704e-02;2.507560e-02;1.222829e-02;8.439142e-02;3.500873e-02;6.640043e-01;6.880846e-02;1.969154e-02;1.696560e-02;1.478575e-02;6.785581e-03
5.912044e-03;3.211064e-02;1.904193e-02;9.007894e-03;1.118108e-01;3.774307e-02;6.587325e-01;6.705586e-02;1.815263e-02;2.135179e-02;1.544699e-02;3.633937e-03
1.126063e-02;3.294837e-02;2.015576e-02;7.580092e-03;1.068014e-01;5.798284e-02;6.534581e-01;4.196979e-02;2.350097e-02;2.206326e-02;1.903929e-02;3.239553e-03
1.066216e-02;2.989340e-02;1.903778e-02;7.559306e-03;7.444564e-02;8.205272e-02;6.997016e-01;2.027139e-02;1.758566e-02;1.552301e-02;1.849242e-02;4.774902e-03
1.067190e-02;2.313848e-02;1.213729e-02;1.580799e-02;5.127493e-02;9.258763e-02;7.312521e-01;2.591009e-02;8.996705e-03;1.385267e-02;9.160780e-03;5.209370e-03
1.375411e-02;1.164673e-02;1.622763e-02;2.003523e-02;6.056350e-02;9.974680e-02;7.190193e-01;2.036362e-02;7.535218e-03;2.141872e-02;3.672233e-03;6.016913e-03
2.186622e-02;5.571714e-03;1.017375e-02;2.410819e-02;8.937787e-02;1.240952e-01;6.488477e-01;1.680625e-02;8.816517e-03;3.960673e-02;5.478264e-03;5.251578e-03
2.571997e-02;9.241384e-03;5.927508e-02;2.597236e-02;1.427535e-01;1.491319e-01;4.969749e-01;1.268444e-02;1.407446e-02;4.887247e-02;6.023335e-03;9.276223e-03
1.999279e-02;9.160258e-03;1.991367e-01;3.751624e-02;2.011955e-01;1.406742e-01;2.774512e-01;1.935175e-02;2.837176e-02;3.390804e-02;1.189108e-02;2.135047e-02
2.467442e-02;2.473643e-02;3.543296e-01;5.404858e-02;1.897368e-01;1.040779e-01;1.134619e-01;2.632164e-02;3.141784e-02;2.066888e-02;2.535546e-02;3.117059e-02
3.286520e-02;3.930217e-02;2.651899e-01;5.710668e-02;1.394952e-01;5.718074e-02;2.180212e-01;4.065973e-02;2.692026e-02;3.220198e-02;4.385447e-02;4.720236e-02
2.941249e-02;3.836354e-02;1.178682e-01;4.175742e-02;1.433465e-01;8.528651e-02;3.206707e-01;4.412976e-02;2.653127e-02;4.592405e-02;5.426286e-02;5.244675e-02
2.031409e-02;2.305436e-02;7.995621e-02;3.063808e-02;1.733827e-01;1.117843e-01;3.837119e-01;3.151862e-02;1.727114e-02;3.924243e-02;3.882521e-02;5.030101e-02
1.341309e-02;8.886646e-03;1.751043e-01;7.460582e-02;2.168197e-01;1.099782e-01;2.540049e-01;1.977622e-02;1.781415e-02;2.022943e-02;3.268823e-02;5.667919e-02
1.419447e-02;1.210454e-02;3.218327e-01;1.630496e-01;1.797010e-01;7.166628e-02;8.139105e-02;2.058147e-02;1.471300e-02;1.165578e-02;6.351014e-02;4.559994e-02
9.630132e-03;1.795392e-02;3.917537e-01;2.074677e-01;1.263374e-01;3.884937e-02;4.603308e-02;4.038858e-02;8.918808e-03;1.247755e-02;7.611433e-02;2.407537e-02
5.214387e-03;1.900291e-02;4.449555e-01;2.092688e-01;1.096313e-01;2.731045e-02;4.060743e-02;4.053872e-02;7.372067e-03;1.362558e-02;6.841721e-02;1.405567e-02
4.656346e-03;1.340889e-02;5.162824e-01;1.739664e-01;1.027231e-01;2.959430e-02;4.783838e-02;2.165662e-02;1.263389e-02;1.168791e-02;6.036119e-02;5.190623e-03
9.149699e-03;1.515881e-02;5.391626e-01;1.370029e-01;1.004610e-01;2.759153e-02;2.615840e-02;5.148242e-02;1.348717e-02;8.091092e-03;6.337598e-02;8.878361e-03
1.228599e-02;2.477945e-02;5.060298e-01;1.174464e-01;1.118264e-01;3.785310e-02;4.994927e-02;5.186216e-02;8.522037e-03;1.045558e-02;5.920846e-02;9.781361e-03
1.297374e-02;2.322821e-02;5.209877e-01;1.200083e-01;1.176806e-01;4.863552e-02;3.283182e-02;5.147878e-02;5.913449e-03;9.829419e-03;4.684239e-02;9.590020e-03
1.253914e-02;1.860661e-02;5.341877e-01;1.177636e-01;1.129000e-01;4.969431e-02;3.110984e-02;7.258458e-02;7.973834e-03;1.177223e-02;2.756072e-02;3.307448e-03
1.864080e-02;1.923750e-02;5.050310e-01;1.078330e-01;1.084812e-01;4.109499e-02;4.692832e-02;8.659868e-02;1.022824e-02;1.711839e-02;2.680139e-02;1.200638e-02
1.981973e-02;2.047551e-02;3.351957e-01;8.261676e-02;1.525065e-01;7.764161e-02;1.556646e-01;7.294319e-02;1.698017e-02;2.247562e-02;2.078180e-02;2.289875e-02
2.666458e-02;9.042249e-03;1.501749e-01;4.129072e-02;1.687308e-01;1.369262e-01;3.442342e-01;4.428648e-02;2.054708e-02;3.097854e-02;1.182708e-02;1.529722e-02
2.167370e-02;1.032650e-02;8.568915e-02;2.290731e-02;1.077949e-01;1.338347e-01;5.251253e-01;2.722142e-02;1.464116e-02;3.614610e-02;1.086782e-02;3.771857e-03
8.112324e-03;1.601327e-02;5.425711e-02;1.622149e-02;3.982659e-02;9.009340e-02;6.909513e-01;2.430782e-02;1.566519e-02;1.889382e-02;2.213658e-02;3.521107e-03
6.212608e-03;2.288097e-02;2.378114e-02;1.130540e-02;3.967172e-02;6.735531e-02;7.354695e-01;2.336590e-02;1.655481e-02;9.821590e-03;3.879072e-02;4.790349e-03
3.918838e-03;2.443010e-02;1.750026e-02;8.030567e-03;3.992812e-02;5.713074e-02;7.467177e-01;2.664575e-02;1.321381e-02;1.107204e-02;4.734735e-02;4.064715e-03
8.126850e-03;1.434498e-02;1.629062e-02;4.194856e-03;3.590557e-02;4.473410e-02;7.617096e-01;3.914925e-02;1.527482e-02;1.411328e-02;4.217968e-02;3.976441e-03
6.644919e-03;6.905349e-03;1.479750e-02;3.593508e-03;3.636698e-02;4.401677e-02;7.845262e-01;4.403488e-02;1.344751e-02;1.216078e-02;2.826958e-02;5.236075e-03
7.081904e-03;9.071743e-03;1.482350e-02;6.315640e-03;4.292176e-02;5.508089e-02;7.681577e-01;4.159245e-02;1.539778e-02;1.195347e-02;2.205023e-02;5.552905e-03
1.700458e-02;1.117407e-02;3.291421e-02;1.088268e-02;4.213582e-02;6.762315e-02;6.841046e-01;4.427972e-02;2.470181e-02;3.114882e-02;2.710736e-02;6.923157e-03
2.284991e-02;1.377329e-02;5.175430e-02;1.447879e-02;4.451415e-02;7.462793e-02;6.356555e-01;3.394297e-02;2.638497e-02;3.963726e-02;3.184938e-02;1.053157e-02
1.206139e-02;1.392744e-02;3.413314e-02;9.268907e-03;3.310383e-02;6.109566e-02;7.021607e-01;4.944519e-02;3.176133e-02;2.975882e-02;1.807373e-02;5.209864e-03
1.365577e-02;1.379033e-02;2.646505e-02;7.233304e-03;3.477991e-02;5.642103e-02;7.030380e-01;5.781363e-02;3.541734e-02;2.318604e-02;1.692278e-02;1.127685e-02
1.265975e-02;1.588804e-02;3.128383e-02;1.119723e-02;5.454546e-02;7.115700e-02;6.251087e-01;6.165161e-02;3.671486e-02;2.688524e-02;3.581551e-02;1.709275e-02
2.192138e-02;2.264846e-02;1.002629e-01;3.086919e-02;1.095401e-01;1.038931e-01;3.174301e-01;1.038288e-01;6.500509e-02;3.694869e-02;6.665050e-02;2.100167e-02
2.137300e-02;2.389363e-02;8.310995e-02;3.853329e-02;6.371519e-02;5.829589e-02;4.659496e-01;8.661504e-02;4.839788e-02;4.409064e-02;4.640204e-02;1.962388e-02
