1.293572e-01;7.493917e-02;8.480420e-02;7.074033e-02;5.932219e-02;9.212772e-02;5.771692e-02;3.928247e-02;7.407799e-02;7.305796e-02;7.458106e-02;1.699928e-01
1.095074e-01;9.306489e-02;9.221080e-02;4.937146e-02;5.882057e-02;7.686194e-02;1.118768e-01;3.445735e-02;7.222150e-02;1.132119e-01;1.054749e-01;8.292051e-02
7.595870e-02;6.521699e-02;9.300276e-02;2.960909e-02;6.183926e-02;4.365140e-02;1.177019e-01;3.647629e-02;1.033652e-01;1.430006e-01;1.536261e-01;7.655178e-02
5.956675e-02;6.968037e-02;9.462112e-02;5.487298e-02;4.340978e-02;5.750052e-02;8.329316e-02;1.635510e-02;1.404272e-01;1.101657e-01;1.525538e-01;1.175535e-01
1.299496e-01;8.837283e-02;1.126535e-01;6.407170e-02;3.865872e-02;6.265283e-02;7.380505e-02;4.221033e-02;1.066282e-01;8.424855e-02;9.460343e-02;1.021453e-01
1.956411e-01;9.133841e-02;1.248043e-01;8.171477e-02;4.379442e-02;5.641161e-02;9.017498e-02;5.308101e-02;4.218994e-02;6.223273e-02;9.429901e-02;6.431763e-02
1.677050e-01;5.789698e-02;1.413541e-01;1.020364e-01;4.480706e-02;4.720642e-02;8.888886e-02;4.956895e-02;4.791050e-02;9.330779e-02;1.236004e-01;3.571763e-02
1.179605e-01;7.570981e-02;1.319265e-01;1.052277e-01;7.058199e-02;7.643007e-02;7.616985e-02;2.832054e-02;5.171785e-02;1.057639e-01;1.241534e-01;3.603790e-02
8.575452e-02;9.949212e-02;1.075365e-01;7.549181e-02;4.855616e-02;8.820782e-02;1.151155e-01;7.357267e-02;6.665616e-02;9.188829e-02;9.840310e-02;4.932527e-02
4.376174e-02;1.064362e-01;1.010465e-01;4.546029e-02;5.067635e-02;7.514218e-02;1.656752e-01;8.654465e-02;8.126795e-02;9.619857e-02;6.802432e-02;7.976602e-02
8.136023e-02;1.372995e-01;1.412242e-01;5.608087e-02;4.884247e-02;5.917670e-02;1.109073e-01;6.577506e-02;6.971031e-02;8.108136e-02;8.555441e-02;6.298760e-02
6.758456e-02;1.178983e-01;1.904497e-01;8.832035e-02;4.884640e-02;4.117376e-02;1.288560e-01;6.030427e-02;5.974538e-02;7.652800e-02;8.656532e-02;3.372797e-02
4.023193e-02;9.558493e-02;1.622135e-01;1.000177e-01;4.963331e-02;5.527246e-02;2.074855e-01;4.603156e-02;6.767610e-02;7.393830e-02;6.654748e-02;3.536716e-02
5.009341e-02;1.024265e-01;1.034083e-01;9.078972e-02;7.571755e-02;9.591217e-02;2.267957e-01;4.317012e-02;5.336735e-02;5.175788e-02;5.211603e-02;5.444527e-02
5.754859e-02;7.920159e-02;1.404171e-01;8.999527e-02;1.130287e-01;1.017773e-01;1.873715e-01;3.843394e-02;3.992634e-02;3.407351e-02;4.014074e-02;7.808529e-02
8.135822e-02;3.754750e-02;1.610448e-01;1.001116e-01;1.688086e-01;1.002895e-01;1.227525e-01;2.695901e-02;5.412171e-02;2.946127e-02;2.483149e-02;9.271385e-02
6.239736e-02;8.884081e-02;1.989097e-01;1.322596e-01;1.666117e-01;6.983837e-02;7.171223e-02;1.824056e-02;6.045632e-02;2.238820e-02;2.840938e-02;7.993579e-02
8.672044e-02;1.268027e-01;2.600655e-01;1.273552e-01;1.223039e-01;4.186443e-02;6.441990e-02;1.149868e-02;5.311703e-02;3.100367e-02;3.736892e-02;3.747958e-02
9.964570e-02;1.483656e-01;2.635736e-01;7.162257e-02;9.006927e-02;4.433947e-02;7.797910e-02;1.746684e-02;4.006929e-02;3.792609e-02;4.446771e-02;6.447478e-02
7.143109e-02;8.396722e-02;1.965140e-01;6.843642e-02;5.861443e-02;5.278191e-02;1.496098e-01;4.529757e-02;2.747313e-02;7.785346e-02;8.939353e-02;7.862744e-02
1.524599e-01;6.114082e-02;1.348899e-01;3.029568e-02;4.345518e-02;5.137112e-02;1.106734e-01;5.333407e-02;6.694145e-02;7.113147e-02;1.227610e-01;1.015460e-01
1.578707e-01;7.777335e-02;8.852600e-02;3.174423e-02;4.791177e-02;5.234198e-02;1.652598e-01;1.770171e-02;9.684410e-02;8.509143e-02;1.026237e-01;7.631122e-02
1.172419e-01;8.794516e-02;1.098656e-01;3.405579e-02;4.068721e-02;4.041284e-02;2.211419e-01;5.755764e-02;9.697271e-02;7.726055e-02;7.425382e-02;4.260493e-02
6.410149e-02;8.350892e-02;1.646567e-01;2.849713e-02;3.086778e-02;2.459259e-02;2.896495e-01;1.032851e-01;8.140156e-02;4.902135e-02;5.327776e-02;2.714002e-02
3.402438e-02;5.870529e-02;2.038413e-01;1.992050e-02;2.653017e-02;2.216321e-02;3.557921e-01;1.281137e-01;7.892959e-02;1.956859e-02;2.922815e-02;2.318294e-02
3.841123e-02;2.573499e-02;1.876572e-01;5.246790e-02;3.034618e-02;1.868599e-02;3.434821e-01;1.046585e-01;1.218951e-01;4.339288e-02;1.657973e-02;1.668820e-02
4.944100e-02;1.724411e-02;1.459028e-01;9.553567e-02;3.905210e-02;2.406965e-02;2.747030e-01;4.805830e-02;1.666493e-01;8.864861e-02;3.889709e-02;1.179843e-02
4.215891e-02;4.751527e-02;5.118436e-02;8.310997e-02;9.999934e-02;3.673239e-02;1.552746e-01;7.009836e-02;1.217210e-01;1.857598e-01;8.395432e-02;2.249158e-02
3.370899e-02;5.996462e-02;3.593177e-02;3.554066e-02;1.395177e-01;7.304068e-02;6.552239e-02;5.049379e-02;8.302406e-02;2.560513e-01;1.385023e-01;2.870169e-02
5.278838e-02;4.827913e-02;5.862228e-02;3.380329e-02;1.038638e-01;1.186938e-01;4.084240e-02;6.055245e-02;5.422241e-02;1.829944e-01;2.064265e-01;3.891121e-02
8.578024e-02;6.420684e-02;6.950787e-02;2.842066e-02;6.690579e-02;1.710463e-01;1.069624e-01;3.137740e-02;4.537917e-02;8.768444e-02;1.879489e-01;5.478000e-02
6.404429e-02;3.235513e-02;7.533234e-02;1.811757e-02;5.869094e-02;2.252938e-01;1.815246e-01;1.445287e-02;4.580728e-02;8.301098e-02;1.447204e-01;5.664981e-02
3.612807e-02;1.190427e-02;6.584116e-02;9.429595e-03;3.995248e-02;2.583421e-01;2.844100e-01;3.044077e-02;4.461046e-02;5.477086e-02;1.146905e-01;4.947971e-02
1.846509e-02;8.579664e-03;6.341940e-02;8.927606e-03;1.959847e-02;2.731162e-01;3.357627e-01;4.328103e-02;3.432941e-02;3.599315e-02;1.063891e-01;5.213818e-02
2.194826e-02;1.014472e-02;5.079558e-02;9.508239e-03;2.184163e-02;3.238922e-01;2.396550e-01;3.039005e-02;2.628298e-02;5.160581e-02;1.517101e-01;6.222532e-02
1.804046e-02;7.606158e-03;4.562072e-02;5.174798e-03;4.503372e-02;3.689166e-01;1.258862e-01;1.697944e-02;1.607054e-02;8.462987e-02;2.114968e-01;5.454468e-02
1.119743e-02;1.411674e-02;3.465345e-02;9.467082e-03;9.355017e-02;3.509593e-01;8.936797e-02;1.083182e-02;1.191424e-02;1.122811e-01;2.269153e-01;3.474544e-02
6.964688e-03;2.307602e-02;2.318634e-02;3.425618e-02;1.722975e-01;2.793214e-01;3.330435e-02;1.385996e-02;2.114358e-02;1.743415e-01;1.983830e-01;1.986551e-02
5.241829e-03;2.983362e-02;3.717216e-02;6.446713e-02;1.979075e-01;1.709353e-01;4.932029e-02;2.397318e-02;4.078843e-02;2.395466e-01;1.210648e-01;1.974925e-02
2.253853e-02;3.715055e-02;7.012572e-02;7.149149e-02;1.574066e-01;1.233544e-01;1.043997e-01;2.707605e-02;4.732130e-02;2.555756e-01;5.708212e-02;2.647800e-02
2.191253e-02;6.229168e-02;7.787602e-02;4.393424e-02;1.050981e-01;9.754647e-02;9.399331e-02;3.494084e-02;6.888940e-02;2.934178e-01;5.272147e-02;4.737817e-02
2.015428e-02;1.007397e-01;6.383710e-02;1.642770e-02;8.513933e-02;6.451664e-02;6.424850e-02;4.944141e-02;6.968094e-02;2.952203e-01;1.328255e-01;3.776864e-02
1.164090e-02;1.079166e-01;9.082913e-02;2.663758e-02;7.354850e-02;7.845724e-02;4.361200e-02;7.306447e-02;4.908391e-02;2.165653e-01;1.821322e-01;4.651215e-02
3.931603e-02;8.150831e-02;1.587241e-01;4.136829e-02;4.580018e-02;9.074855e-02;9.282736e-02;5.933829e-02;3.635211e-02;1.219915e-01;1.714756e-01;6.054962e-02
1.221760e-01;6.894509e-02;1.403203e-01;5.778125e-02;4.777076e-02;4.316698e-02;1.619664e-01;8.579838e-02;3.971703e-02;6.709329e-02;8.005128e-02;8.521316e-02
1.920608e-01;7.959503e-02;7.949318e-02;4.580536e-02;4.893890e-02;4.106060e-02;1.467132e-01;1.274904e-01;4.400023e-02;5.533553e-02;5.828949e-02;8.121731e-02
2.162780e-01;1.223421e-01;6.495965e-02;2.669863e-02;3.734604e-02;3.419430e-02;1.066096e-01;1.236909e-01;9.086318e-02;4.613945e-02;5.906320e-02;7.181501e-02
1.584100e-01;2.008958e-01;1.489519e-01;1.591643e-02;2.328455e-02;3.973373e-02;5.153826e-02;7.283822e-02;1.488245e-01;4.245482e-02;3.796279e-02;5.918888e-02
7.374045e-02;1.942958e-01;3.083147e-01;2.038127e-02;1.326650e-02;3.922888e-02;3.534053e-02;4.126099e-02;1.423936e-01;6.773324e-02;1.458979e-02;4.945420e-02
6.687076e-02;1.042948e-01;4.413299e-01;4.771652e-02;1.725478e-02;1.985960e-02;5.035285e-02;3.215320e-02;7.085691e-02;1.027321e-01;1.999102e-02;2.658755e-02
6.815574e-02;2.867706e-02;4.860943e-01;9.951511e-02;3.025682e-02;1.201054e-02;5.939983e-02;2.068211e-02;4.377295e-02;9.292747e-02;4.894854e-02;9.559515e-03
5.724853e-02;2.894074e-02;4.664721e-01;1.313676e-01;3.680350e-02;1.602076e-02;5.331097e-02;2.791450e-02;3.650364e-02;6.599021e-02;7.092367e-02;8.503785e-03
4.491974e-02;3.560825e-02;4.972377e-01;1.074870e-01;4.462879e-02;2.852503e-02;5.342139e-02;2.845283e-02;2.878253e-02;4.906500e-02;7.080518e-02;1.106653e-02
3.673118e-02;2.207141e-02;5.595472e-01;6.178451e-02;6.775457e-02;4.029743e-02;4.065321e-02;1.843964e-02;4.391368e-02;4.605566e-02;4.813361e-02;1.461786e-02
3.990816e-02;4.085745e-02;4.479259e-01;5.302212e-02;7.410388e-02;4.261965e-02;1.089813e-01;2.767146e-02;6.848344e-02;4.991336e-02;2.923770e-02;1.727557e-02
5.386088e-02;8.871684e-02;2.395435e-01;5.556374e-02;5.741531e-02;4.866929e-02;1.609318e-01;5.748810e-02;1.029259e-01;7.952917e-02;3.515756e-02;2.019794e-02
6.562352e-02;8.657204e-02;1.756234e-01;6.214475e-02;8.112737e-02;5.778215e-02;1.465328e-01;5.111700e-02;1.139164e-01;9.386911e-02;4.243045e-02;2.326103e-02
5.583993e-02;4.109573e-02;2.738104e-01;7.682271e-02;9.852599e-02;6.524533e-02;1.632621e-01;3.454650e-02;4.470881e-02;7.326072e-02;4.411997e-02;2.876186e-02
8.396402e-02;9.059473e-02;3.155253e-01;6.096094e-02;7.227284e-02;6.882404e-02;9.441090e-02;2.183977e-02;6.191188e-02;6.475709e-02;3.639270e-02;2.854577e-02
1.364441e-01;1.269105e-01;2.911374e-01;3.997039e-02;6.053398e-02;7.220552e-02;5.148204e-02;4.044389e-02;8.130644e-02;4.808175e-02;2.536130e-02;2.612270e-02
1.857578e-01;1.239550e-01;2.138729e-01;3.973183e-02;7.241122e-02;6.269689e-02;3.737291e-02;6.008423e-02;8.662213e-02;4.029759e-02;3.192662e-02;4.527079e-02
1.496733e-01;8.099362e-02;1.488362e-01;4.810754e-02;6.935032e-02;5.962000e-02;6.947797e-02;6.330717e-02;8.266857e-02;6.543701e-02;7.544227e-02;8.708612e-02
9.520978e-02;7.346761e-02;1.565652e-01;3.783285e-02;4.211601e-02;6.440996e-02;7.553919e-02;5.980549e-02;8.803810e-02;1.219892e-01;9.871648e-02;8.631016e-02
1.061455e-01;7.196962e-02;1.340360e-01;3.281920e-02;5.880589e-02;5.607474e-02;3.365772e-02;5.705575e-02;1.208110e-01;1.670007e-01;1.082920e-01;5.333193e-02
4.028970e-02;3.749199e-02;9.809433e-02;5.234827e-02;7.761120e-02;4.420495e-02;7.742479e-02;5.090901e-02;1.187278e-01;2.391324e-01;1.167220e-01;4.704347e-02
5.871525e-02;7.370369e-02;7.780263e-02;5.326341e-02;5.836149e-02;3.226621e-02;1.200288e-01;7.487015e-02;9.804040e-02;1.697561e-01;1.259169e-01;5.727499e-02
9.230917e-02;7.112007e-02;6.677165e-02;3.314549e-02;5.523677e-02;5.990722e-02;1.167746e-01;6.037774e-02;6.191074e-02;1.420675e-01;1.722729e-01;6.810621e-02
1.120292e-01;8.016080e-02;5.800818e-02;1.951530e-02;6.553712e-02;7.099642e-02;7.048286e-02;4.574517e-02;5.497169e-02;1.598148e-01;1.770535e-01;8.568498e-02
7.799296e-02;8.612991e-02;3.953494e-02;3.868360e-02;9.492391e-02;5.772134e-02;4.843439e-02;6.221692e-02;4.922768e-02;2.115354e-01;1.381564e-01;9.544247e-02
5.761454e-02;7.822362e-02;3.852654e-02;5.686232e-02;1.079231e-01;4.342503e-02;6.699706e-02;4.963379e-02;7.310176e-02;2.321079e-01;1.081422e-01;8.744206e-02
5.331273e-02;5.037337e-02;8.784863e-02;7.936557e-02;9.285595e-02;3.997669e-02;1.433476e-01;3.549780e-02;9.471071e-02;1.770437e-01;8.318876e-02;6.247847e-02
5.810641e-02;3.987894e-02;1.607865e-01;8.577140e-02;8.900604e-02;4.838388e-02;1.894311e-01;2.112765e-02;8.881111e-02;1.152243e-01;6.224202e-02;4.123060e-02
6.110529e-02;4.533998e-02;1.928893e-01;7.687969e-02;1.059206e-01;5.411978e-02;1.839839e-01;3.833806e-02;7.914402e-02;8.712633e-02;3.891038e-02;3.624266e-02
5.350859e-02;3.971640e-02;1.466199e-01;6.872072e-02;1.038379e-01;7.606714e-02;1.753593e-01;7.897167e-02;8.068600e-02;4.866228e-02;6.467808e-02;6.317203e-02
8.144370e-02;5.826480e-02;1.838227e-01;4.184193e-02;6.768140e-02;7.069658e-02;1.719474e-01;7.177042e-02;7.773211e-02;6.206666e-02;6.564797e-02;4.708429e-02
9.319962e-02;6.560548e-02;1.971274e-01;5.045513e-02;9.456772e-02;7.720536e-02;9.608964e-02;6.334104e-02;4.860912e-02;9.271715e-02;8.139519e-02;3.968713e-02
8.163365e-02;3.775233e-02;1.400799e-01;5.484020e-02;9.249146e-02;8.576565e-02;1.431202e-01;4.198451e-02;8.692256e-02;9.431052e-02;8.733371e-02;5.376534e-02
6.471632e-02;6.932507e-02;1.425155e-01;5.455171e-02;6.323995e-02;9.277770e-02;1.421928e-01;3.879481e-02;9.993048e-02;1.010116e-01;7.437275e-02;5.657129e-02
6.455734e-02;5.199614e-02;1.288770e-01;8.611880e-02;1.037168e-01;9.062606e-02;1.224483e-01;3.691658e-02;9.989829e-02;1.001657e-01;6.948774e-02;4.519122e-02
8.136004e-02;6.021900e-02;1.099371e-01;1.011531e-01;1.225047e-01;5.156838e-02;1.149799e-01;4.095600e-02;9.241474e-02;8.921474e-02;8.122841e-02;5.446401e-02
1.343965e-01;4.937694e-02;2.260495e-01;7.293306e-02;6.097388e-02;2.491299e-02;7.069784e-02;5.146542e-02;8.519157e-02;6.845412e-02;7.473014e-02;8.081796e-02
1.988698e-01;8.424100e-02;1.720600e-01;4.447586e-02;3.778445e-02;2.229122e-02;7.349578e-02;4.717230e-02;9.565690e-02;6.438626e-02;8.374368e-02;7.582273e-02
2.679571e-01;9.458338e-02;1.196768e-01;2.206019e-02;2.506015e-02;1.761813e-02;5.445145e-02;5.588578e-02;8.577138e-02;6.062271e-02;9.089911e-02;1.054138e-01
2.727101e-01;1.370522e-01;1.549457e-01;1.027216e-02;1.342176e-02;9.836367e-03;3.279805e-02;4.553971e-02;7.363580e-02;6.261003e-02;7.477656e-02;1.124016e-01
1.618450e-01;1.536098e-01;3.097834e-01;5.585766e-02;1.855974e-02;8.848429e-03;1.453876e-02;2.519300e-02;7.778150e-02;7.991128e-02;2.441642e-02;6.965502e-02
3.500570e-02;9.592839e-02;3.690899e-01;1.303465e-01;8.615994e-02;2.825928e-02;1.238186e-02;1.443082e-02;4.916553e-02;7.414196e-02;6.805043e-02;3.703962e-02
3.814208e-02;2.837938e-02;2.201623e-01;1.442073e-01;1.935806e-01;1.190569e-01;4.121037e-02;1.179289e-02;2.172850e-02;3.637441e-02;7.312504e-02;7.224023e-02
5.049556e-02;1.099226e-02;7.498670e-02;7.828557e-02;2.063321e-01;2.670661e-01;1.341003e-01;1.758965e-02;1.940422e-02;2.127846e-02;3.675386e-02;8.271528e-02
5.876576e-02;2.055863e-02;1.290880e-02;2.621371e-02;1.112462e-01;3.097498e-01;2.962565e-01;3.727275e-02;1.535000e-02;2.866981e-02;3.744000e-02;4.556805e-02
3.932948e-02;2.978954e-02;1.391711e-02;2.067896e-02;5.030714e-02;1.984131e-01;4.555579e-01;4.132698e-02;1.727660e-02;2.218608e-02;9.510857e-02;1.610862e-02
2.582260e-02;3.527180e-02;3.887593e-02;1.684565e-02;5.721584e-02;1.163620e-01;4.825891e-01;3.794857e-02;2.468591e-02;2.415512e-02;1.112626e-01;2.896487e-02
4.707586e-02;2.666902e-02;1.226622e-01;3.571116e-02;8.604700e-02;1.186461e-01;3.427074e-01;3.781528e-02;3.736955e-02;3.450182e-02;7.096618e-02;3.982840e-02
4.829233e-02;2.146034e-02;2.538364e-01;5.339453e-02;1.012102e-01;1.116402e-01;1.736866e-01;4.703845e-02;6.130375e-02;3.438162e-02;4.516644e-02;4.858910e-02
3.744472e-02;2.734317e-02;3.598635e-01;6.229042e-02;8.503377e-02;7.009306e-02;7.085008e-02;5.327497e-02;8.107401e-02;3.791640e-02;6.075921e-02;5.405670e-02
5.126578e-02;4.678646e-02;2.930773e-01;6.769430e-02;7.848146e-02;8.393612e-02;7.052426e-02;3.101986e-02;8.519349e-02;5.930482e-02;5.299625e-02;7.971987e-02
4.039624e-02;4.358112e-02;2.002352e-01;7.654879e-02;6.939357e-02;1.067994e-01;1.790062e-01;5.885210e-02;5.463619e-02;5.286932e-02;6.427343e-02;5.340847e-02
3.113557e-02;3.433868e-02;2.518485e-01;4.663355e-02;6.610925e-02;1.050209e-01;2.004352e-01;7.744677e-02;5.568486e-02;3.661824e-02;7.174153e-02;2.298686e-02
4.220970e-02;4.491732e-02;2.007282e-01;4.807683e-02;6.849400e-02;8.456298e-02;1.789943e-01;9.670071e-02;7.957915e-02;6.602848e-02;4.954796e-02;4.016036e-02
6.143151e-02;6.099974e-02;1.697205e-01;4.812890e-02;5.964933e-02;7.895619e-02;1.302590e-01;1.115163e-01;9.002050e-02;6.975591e-02;3.417677e-02;8.538534e-02
5.018442e-02;6.102004e-02;1.596435e-01;4.820029e-02;6.778882e-02;8.420315e-02;1.049796e-01;1.233119e-01;8.573826e-02;8.399344e-02;3.414435e-02;9.679221e-02
1.230573e-01;6.392021e-02;7.644641e-02;6.069607e-02;9.088185e-02;7.898017e-02;1.136201e-01;9.431175e-02;1.017808e-01;6.507835e-02;4.754559e-02;8.368142e-02
1.514350e-01;5.802446e-02;1.724188e-01;6.744308e-02;6.921145e-02;5.060375e-02;7.148363e-02;8.839464e-02;8.673117e-02;5.118310e-02;6.057231e-02;7.249857e-02
1.194106e-01;7.457490e-02;2.394808e-01;6.187946e-02;4.792089e-02;3.124329e-02;9.762684e-02;5.786666e-02;8.400015e-02;3.908883e-02;5.249050e-02;9.441704e-02
9.871987e-02;1.144260e-01;2.864759e-01;5.052046e-02;3.877743e-02;3.729764e-02;7.810950e-02;2.721475e-02;8.924211e-02;4.070213e-02;4.653801e-02;9.197620e-02
5.750339e-02;1.173107e-01;3.332375e-01;5.806108e-02;4.617167e-02;5.090491e-02;6.431779e-02;1.712186e-02;1.019765e-01;4.013036e-02;3.419069e-02;7.907347e-02
5.292557e-02;8.598213e-02;2.886181e-01;7.942232e-02;6.847286e-02;5.855740e-02;7.940429e-02;2.971321e-02;9.254355e-02;6.796753e-02;4.174311e-02;5.464989e-02
7.835680e-02;8.219124e-02;1.683590e-01;8.098312e-02;9.546605e-02;7.538600e-02;7.487103e-02;3.784236e-02;1.019512e-01;8.801222e-02;6.804542e-02;4.853550e-02
9.250481e-02;8.807673e-02;1.253195e-01;7.196373e-02;1.157483e-01;7.688858e-02;8.849334e-02;3.065888e-02;9.888007e-02;7.424262e-02;5.926241e-02;7.796105e-02
8.620764e-02;9.691795e-02;1.440610e-01;7.162360e-02;1.186331e-01;8.350021e-02;7.274754e-02;4.219293e-02;7.446364e-02;5.379365e-02;4.687901e-02;1.089797e-01
6.937164e-02;9.365799e-02;1.380301e-01;6.099965e-02;1.044609e-01;6.950697e-02;1.021110e-01;3.711848e-02;5.626684e-02;6.425414e-02;9.127273e-02;1.129495e-01
8.281989e-02;7.102582e-02;1.887185e-01;7.280055e-02;9.850056e-02;6.353437e-02;8.341055e-02;3.849237e-02;3.379516e-02;6.278190e-02;9.999347e-02;1.041269e-01
9.192788e-02;6.471072e-02;2.304323e-01;8.798514e-02;9.813699e-02;6.163181e-02;6.845192e-02;4.607341e-02;2.926211e-02;7.714847e-02;7.794968e-02;6.628963e-02
8.640066e-02;8.265140e-02;3.396074e-01;7.394630e-02;7.183051e-02;4.305129e-02;6.123183e-02;3.959048e-02;3.259015e-02;7.057445e-02;4.887808e-02;4.964743e-02
9.188385e-02;1.447483e-01;3.687302e-01;4.547304e-02;3.814708e-02;2.693342e-02;5.675530e-02;3.891174e-02;3.839863e-02;5.453248e-02;4.091534e-02;5.457053e-02
1.545757e-01;1.689362e-01;2.918549e-01;3.128653e-02;2.692540e-02;2.567016e-02;6.726222e-02;4.741325e-02;4.852033e-02;4.545532e-02;3.651701e-02;5.558290e-02
2.628438e-01;1.511579e-01;1.907608e-01;3.037428e-02;2.577006e-02;2.384076e-02;8.636119e-02;3.961144e-02;3.471565e-02;4.678564e-02;5.001884e-02;5.775961e-02
2.641709e-01;1.311357e-01;1.483304e-01;3.283122e-02;2.798743e-02;2.708692e-02;8.878323e-02;2.808898e-02;3.090310e-02;5.364127e-02;7.016113e-02;9.687961e-02
1.748829e-01;1.350278e-01;7.957152e-02;2.803684e-02;4.247012e-02;3.579528e-02;1.194980e-01;4.673993e-02;5.217787e-02;8.528428e-02;7.603118e-02;1.244842e-01
1.676282e-01;1.191202e-01;9.615281e-02;2.638927e-02;3.927179e-02;2.933201e-02;9.530149e-02;6.779282e-02;6.049842e-02;1.048815e-01;7.191475e-02;1.217168e-01
9.487449e-02;7.201434e-02;1.126956e-01;2.775615e-02;4.154768e-02;2.595804e-02;1.017108e-01;6.131453e-02;7.354385e-02;1.206841e-01;1.340000e-01;1.339004e-01
7.320531e-02;6.348976e-02;1.571731e-01;3.225002e-02;4.658641e-02;3.131987e-02;1.257538e-01;4.346285e-02;7.555253e-02;9.828149e-02;1.091376e-01;1.437872e-01
1.176057e-01;7.288212e-02;2.008276e-01;3.493856e-02;4.873608e-02;3.216812e-02;1.035413e-01;5.308118e-02;7.228296e-02;5.377617e-02;7.244249e-02;1.377178e-01
8.367082e-02;6.536531e-02;2.217096e-01;4.653225e-02;5.751755e-02;4.810594e-02;2.479584e-01;4.560966e-02;4.621197e-02;5.006263e-02;4.365292e-02;4.360290e-02
9.318580e-02;8.657653e-02;1.756318e-01;4.240774e-02;4.586782e-02;3.562424e-02;2.481055e-01;5.571800e-02;4.111328e-02;6.967570e-02;5.087719e-02;5.521636e-02
1.816852e-01;7.167172e-02;1.300263e-01;3.767547e-02;2.939144e-02;2.491578e-02;1.966524e-01;5.183439e-02;3.302910e-02;7.978263e-02;6.831218e-02;9.502335e-02
3.356431e-01;6.311727e-02;5.842459e-02;2.797803e-02;1.695599e-02;1.623834e-02;1.168658e-01;6.939025e-02;3.221554e-02;6.596338e-02;6.851466e-02;1.286930e-01
3.856422e-01;1.339681e-01;1.202763e-01;1.253390e-02;1.514871e-02;1.096350e-02;5.352693e-02;6.519455e-02;5.187994e-02;2.359438e-02;4.099253e-02;8.627905e-02
2.788341e-01;2.129200e-01;2.399356e-01;1.064657e-02;1.691953e-02;1.187591e-02;2.548148e-02;3.810723e-02;8.109119e-02;2.080597e-02;2.312753e-02;4.025478e-02
1.029326e-01;2.220418e-01;4.328173e-01;1.877075e-02;1.244887e-02;1.347795e-02;1.277205e-02;1.984331e-02;9.316115e-02;3.580499e-02;1.246079e-02;2.346843e-02
5.290687e-02;1.401352e-01;5.935148e-01;3.025153e-02;1.064180e-02;8.873818e-03;1.334246e-02;1.478190e-02;5.249748e-02;5.818307e-02;8.666705e-03;1.620442e-02
4.035761e-02;5.417479e-02;6.695215e-01;6.398136e-02;2.121595e-02;7.489620e-03;1.300816e-02;8.116945e-03;2.065928e-02;7.059381e-02;2.142095e-02;9.460009e-03
2.463965e-02;1.703447e-02;6.229057e-01;1.273506e-01;4.243269e-02;1.141331e-02;1.356428e-02;1.479401e-02;1.074664e-02;5.238089e-02;5.612442e-02;6.613233e-03
1.483231e-02;2.709450e-02;4.855590e-01;2.005754e-01;6.900527e-02;2.034183e-02;1.433949e-02;2.954083e-02;1.027518e-02;2.063496e-02;1.034041e-01;4.397170e-03
2.094028e-02;4.048439e-02;3.363020e-01;2.408016e-01;9.284297e-02;3.185027e-02;2.353916e-02;4.982604e-02;1.564373e-02;1.615336e-02;1.231247e-01;8.491458e-03
4.806013e-02;4.742841e-02;3.044776e-01;2.011364e-01;8.396536e-02;3.840487e-02;6.323712e-02;5.168740e-02;2.864367e-02;2.049642e-02;9.341671e-02;1.904597e-02
7.060924e-02;3.933235e-02;4.111519e-01;1.465499e-01;4.265793e-02;2.994399e-02;8.670121e-02;3.522581e-02;2.349932e-02;3.438914e-02;5.469948e-02;2.523976e-02
9.841333e-02;2.102079e-02;5.451802e-01;8.175510e-02;3.579602e-02;1.796597e-02;8.734948e-02;1.773496e-02;1.333020e-02;4.967250e-02;1.174551e-02;2.003589e-02
1.112330e-01;1.680632e-02;6.075193e-01;6.457136e-02;2.995108e-02;7.782906e-03;5.317451e-02;1.148817e-02;2.103416e-02;5.201449e-02;1.181029e-02;1.261435e-02
9.693707e-02;6.731150e-03;6.343217e-01;8.765778e-02;3.107145e-02;6.472511e-03;3.040500e-02;4.879975e-03;2.728232e-02;4.299737e-02;2.449425e-02;6.749427e-03
8.057037e-02;8.793549e-03;6.246435e-01;8.538405e-02;3.164346e-02;8.560349e-03;4.262024e-02;5.179795e-03;3.312835e-02;5.005951e-02;2.611312e-02;3.303699e-03
6.555182e-02;1.796293e-02;6.025949e-01;6.742551e-02;2.789798e-02;1.434038e-02;6.416706e-02;5.555667e-03;3.374247e-02;7.911012e-02;1.407144e-02;7.579651e-03
5.217149e-02;4.770901e-02;5.328615e-01;5.981871e-02;3.085301e-02;3.375528e-02;6.056242e-02;2.156918e-02;4.771587e-02;8.135425e-02;1.609018e-02;1.553909e-02
4.210685e-02;5.949085e-02;4.925092e-01;6.341815e-02;4.488745e-02;4.219708e-02;3.394431e-02;3.789051e-02;7.325075e-02;6.175523e-02;3.061684e-02;1.793273e-02
2.678395e-02;2.682158e-02;5.435939e-01;6.418899e-02;5.405457e-02;2.740477e-02;6.186740e-02;1.930428e-02;6.928098e-02;7.240607e-02;2.348339e-02;1.081009e-02
1.744625e-02;1.826976e-02;6.005669e-01;5.694733e-02;6.128879e-02;1.398568e-02;6.755123e-02;8.465474e-03;3.758369e-02;1.029863e-01;9.456053e-03;5.452610e-03
1.173056e-02;3.618882e-02;6.183527e-01;4.256405e-02;7.126388e-02;8.037943e-03;5.095990e-02;1.081223e-02;2.077999e-02;1.195895e-01;4.042295e-03;5.678173e-03
1.896548e-02;7.712334e-02;5.668484e-01;3.092807e-02;7.070496e-02;2.565487e-02;3.377455e-02;2.070543e-02;5.221957e-02;8.948045e-02;2.253188e-03;1.134170e-02
5.435242e-02;1.213162e-01;4.667915e-01;2.593210e-02;5.004788e-02;4.599957e-02;2.318986e-02;2.903100e-02;1.035677e-01;5.459822e-02;8.237741e-03;1.693578e-02
1.080483e-01;1.197738e-01;3.514796e-01;3.069385e-02;5.805981e-02;3.966296e-02;3.566392e-02;4.985362e-02;1.032209e-01;5.431988e-02;2.271912e-02;2.650418e-02
1.239755e-01;8.208187e-02;2.716982e-01;3.659884e-02;1.147710e-01;3.363675e-02;4.482655e-02;7.025807e-02;6.299771e-02;6.481729e-02;4.632448e-02;4.801371e-02
6.352813e-02;6.312229e-02;2.867539e-01;5.225387e-02;1.328986e-01;4.539776e-02;6.407405e-02;4.825718e-02;3.481384e-02;7.346116e-02;7.301684e-02;6.242243e-02
6.567330e-02;6.304902e-02;3.092897e-01;6.635086e-02;8.737345e-02;3.702772e-02;7.345890e-02;5.646474e-02;7.089314e-02;7.846172e-02;5.596738e-02;3.599014e-02
6.329128e-02;7.799551e-02;3.594378e-01;5.235174e-02;1.007603e-01;4.172254e-02;5.943459e-02;6.236314e-02;7.070602e-02;6.655875e-02;2.690223e-02;1.847615e-02
2.972336e-02;8.002892e-02;3.679052e-01;5.444316e-02;1.220673e-01;4.435911e-02;6.019170e-02;6.078405e-02;7.914141e-02;5.128064e-02;2.721768e-02;2.285744e-02
4.254800e-02;5.587282e-02;2.080593e-01;6.036605e-02;1.502929e-01;6.091356e-02;1.012359e-01;3.754499e-02;1.340791e-01;6.728113e-02;4.907548e-02;3.273078e-02
2.828648e-02;5.574598e-02;1.839029e-01;6.521407e-02;1.209885e-01;6.202320e-02;1.201149e-01;3.626809e-02;1.104000e-01;1.117163e-01;4.888162e-02;5.645789e-02
5.118473e-02;5.791063e-02;2.740226e-01;5.173777e-02;1.408219e-01;9.340886e-02;8.184159e-02;3.417811e-02;4.720693e-02;8.623921e-02;3.511252e-02;4.633522e-02
7.095946e-02;4.800542e-02;2.757236e-01;5.635669e-02;9.520501e-02;6.689876e-02;8.125191e-02;6.358390e-02;8.357339e-02;1.032260e-01;3.826565e-02;1.695020e-02
1.067008e-01;9.363396e-02;1.463536e-01;5.682720e-02;4.638492e-02;4.389831e-02;8.707985e-02;3.996896e-02;9.373850e-02;1.348489e-01;9.354147e-02;5.702359e-02
1.269587e-01;1.068703e-01;1.382735e-01;6.705539e-02;4.918670e-02;4.104586e-02;8.358163e-02;3.686566e-02;7.802723e-02;1.199467e-01;1.135693e-01;3.861896e-02
1.284263e-01;8.492515e-02;1.994981e-01;5.777110e-02;6.820604e-02;4.308946e-02;8.067732e-02;4.676543e-02;6.812856e-02;8.705539e-02;8.059468e-02;5.486240e-02
8.974326e-02;9.378310e-02;2.363335e-01;5.099395e-02;6.883756e-02;5.629763e-02;6.633232e-02;3.409680e-02;9.991120e-02;7.302708e-02;6.988513e-02;6.075840e-02
1.038803e-01;1.311926e-01;2.076954e-01;3.670003e-02;6.074369e-02;4.502852e-02;4.629583e-02;4.252565e-02;1.333385e-01;5.717725e-02;1.015315e-01;3.389079e-02
1.804987e-01;1.263726e-01;1.350867e-01;2.786216e-02;6.681573e-02;2.983617e-02;3.323119e-02;7.814414e-02;1.119577e-01;4.843047e-02;1.323368e-01;2.942762e-02
1.970951e-01;1.003474e-01;9.110454e-02;4.269605e-02;7.000306e-02;5.191303e-02;6.309764e-02;1.085651e-01;4.320385e-02;4.435127e-02;1.336315e-01;5.399139e-02
1.394389e-01;1.446974e-01;9.479884e-02;4.317968e-02;4.643334e-02;6.325377e-02;5.603020e-02;9.508173e-02;1.295644e-01;3.652817e-02;8.617810e-02;6.481554e-02
6.852148e-02;2.156937e-01;1.153342e-01;3.263162e-02;2.138422e-02;7.471992e-02;4.139277e-02;6.008118e-02;2.363888e-01;2.574687e-02;3.149725e-02;7.660794e-02
3.361523e-02;2.361979e-01;1.551867e-01;1.992455e-02;1.495911e-02;6.922164e-02;2.197543e-02;2.725915e-02;2.771724e-01;2.620754e-02;2.886257e-02;8.941782e-02
4.603459e-02;2.212104e-01;1.865229e-01;1.258265e-02;9.557236e-03;5.251095e-02;9.900367e-03;1.836529e-02;2.714093e-01;4.505472e-02;2.297495e-02;1.038766e-01
6.988004e-02;2.182069e-01;2.102141e-01;1.052433e-02;7.860481e-03;4.871815e-02;8.328376e-03;1.889502e-02;2.484422e-01;3.772066e-02;1.411097e-02;1.070988e-01
1.007170e-01;2.225280e-01;2.174462e-01;1.195250e-02;5.055733e-03;5.579815e-02;6.187986e-03;1.503635e-02;2.370557e-01;2.248455e-02;1.356404e-02;9.217378e-02
1.208837e-01;2.298928e-01;2.039283e-01;1.540632e-02;1.290793e-02;5.537856e-02;1.104793e-02;1.287757e-02;2.381102e-01;1.624281e-02;2.096153e-02;6.236229e-02
1.153239e-01;2.390936e-01;2.027413e-01;1.257015e-02;2.344345e-02;4.996664e-02;2.936135e-02;2.036965e-02;2.331041e-01;1.581015e-02;2.662406e-02;3.159162e-02
1.438220e-01;2.214402e-01;2.769040e-01;1.256994e-02;2.249056e-02;3.727465e-02;3.554671e-02;1.976428e-02;1.617113e-01;2.831866e-02;1.743095e-02;2.272684e-02
1.996383e-01;1.986827e-01;3.782562e-01;1.712707e-02;2.401718e-02;1.274830e-02;1.834016e-02;3.678940e-02;5.155184e-02;2.195841e-02;1.949371e-02;2.139670e-02
2.341718e-01;1.631716e-01;3.381372e-01;1.096898e-02;4.179473e-02;1.217499e-02;8.449964e-03;5.523907e-02;7.853427e-02;9.572160e-03;2.978286e-02;1.800234e-02
2.725959e-01;1.196002e-01;2.838989e-01;7.422663e-03;7.514420e-02;1.087414e-02;7.049777e-03;8.130114e-02;7.268697e-02;7.193395e-03;3.892816e-02;2.330448e-02
3.174152e-01;9.252553e-02;2.460590e-01;7.550864e-03;1.090377e-01;9.552993e-03;1.624933e-02;1.037565e-01;2.055284e-02;7.564956e-03;4.148566e-02;2.824936e-02
3.400171e-01;8.284376e-02;2.044040e-01;1.086372e-02;1.207004e-01;6.795767e-03;1.869115e-02;1.129516e-01;2.361761e-02;1.001672e-02;3.673477e-02;3.236334e-02
3.466244e-01;9.027394e-02;2.091774e-01;1.928920e-02;1.067364e-01;1.667956e-02;1.583405e-02;1.056744e-01;1.525216e-02;1.196036e-02;3.287372e-02;2.962438e-02
3.523872e-01;9.675016e-02;2.071989e-01;2.142785e-02;8.089647e-02;1.386254e-02;4.089977e-02;1.010237e-01;1.045346e-02;1.541491e-02;2.671092e-02;3.297408e-02
3.826406e-01;8.844459e-02;1.736594e-01;1.351338e-02;9.145951e-02;8.115324e-03;2.835959e-02;1.105163e-01;1.675601e-02;1.959213e-02;2.632062e-02;4.062261e-02
4.020070e-01;7.156064e-02;1.692493e-01;9.771388e-03;8.817121e-02;8.113613e-03;2.797194e-02;1.124176e-01;2.128495e-02;1.577920e-02;2.758395e-02;4.608923e-02
4.199320e-01;6.110897e-02;1.611934e-01;6.872368e-03;6.240438e-02;5.829017e-03;2.578543e-02;1.111986e-01;5.264657e-02;1.345768e-02;2.425837e-02;5.531322e-02
4.161117e-01;6.734322e-02;1.371923e-01;9.067209e-03;4.466272e-02;8.804291e-03;2.689887e-02;1.109161e-01;9.263308e-02;1.444045e-02;2.066272e-02;5.126727e-02
4.202388e-01;9.077839e-02;1.249805e-01;6.671715e-03;4.425333e-02;7.247057e-03;2.154763e-02;1.217741e-01;9.394707e-02;1.006524e-02;1.758413e-02;4.091213e-02
4.145616e-01;1.399824e-01;1.265740e-01;5.909619e-03;5.078646e-02;5.757031e-03;2.343433e-02;1.272286e-01;5.215024e-02;7.888847e-03;1.677322e-02;2.895371e-02
3.453504e-01;2.257827e-01;1.470702e-01;8.714440e-03;3.811457e-02;1.093231e-02;3.668186e-02;9.103303e-02;5.023552e-02;1.481457e-02;1.371092e-02;1.755936e-02
2.231387e-01;2.842136e-01;2.255862e-01;1.124492e-02;1.589619e-02;3.151431e-02;3.197486e-02;4.905672e-02;8.261358e-02;2.291702e-02;1.227825e-02;9.565677e-03
1.191673e-01;2.407897e-01;3.629127e-01;2.204252e-02;7.951631e-03;5.181536e-02;2.327452e-02;2.953873e-02;8.530468e-02;3.652871e-02;1.238089e-02;8.293320e-03
5.149581e-02;1.347968e-01;5.082527e-01;6.851017e-02;2.130169e-02;5.043956e-02;2.617579e-02;1.622201e-02;4.603839e-02;4.677119e-02;2.334035e-02;6.655528e-03
2.082605e-02;4.590303e-02;5.152454e-01;1.592561e-01;5.632106e-02;3.550240e-02;2.735358e-02;1.256880e-02;1.838577e-02;3.709834e-02;4.779173e-02;2.374774e-02
3.531898e-02;2.677566e-02;3.686643e-01;1.970823e-01;1.211084e-01;5.650299e-02;3.389106e-02;9.563194e-03;1.262871e-02;1.533718e-02;4.994344e-02;7.318386e-02
1.295204e-01;3.937414e-02;1.804190e-01;1.244021e-01;1.455421e-01;1.381902e-01;9.055465e-02;1.002831e-02;1.247314e-02;8.929326e-03;1.922752e-02;1.013391e-01
3.030750e-01;3.247271e-02;4.249929e-02;3.506479e-02;8.226097e-02;2.153200e-01;2.003118e-01;1.514592e-02;8.279299e-03;1.677936e-02;8.211005e-03;4.057994e-02
3.254741e-01;5.516778e-02;2.404229e-02;1.212574e-02;3.859691e-02;1.816206e-01;2.998589e-01;1.171456e-02;4.865728e-03;1.106135e-02;5.849742e-03;2.962227e-02
2.195315e-01;1.248509e-01;2.239113e-02;8.279799e-03;3.093938e-02;1.388489e-01;4.155278e-01;1.117147e-02;6.138588e-03;5.737103e-03;3.094460e-03;1.348898e-02
8.270515e-02;2.176409e-01;3.916257e-02;7.781228e-03;3.055704e-02;1.127141e-01;4.727507e-01;1.420488e-02;7.366264e-03;5.127339e-03;4.061909e-03;5.927908e-03
3.322939e-02;2.530284e-01;7.309081e-02;1.754020e-02;3.250392e-02;1.166043e-01;4.367579e-01;1.080999e-02;6.877568e-03;3.791810e-03;3.932442e-03;1.183318e-02
4.004923e-02;1.690374e-01;7.977846e-02;3.835806e-02;4.423477e-02;1.408049e-01;4.433226e-01;1.712257e-02;6.398526e-03;8.627975e-03;2.290022e-03;9.975621e-03
7.180941e-02;4.742279e-02;3.181118e-02;3.245862e-02;6.263910e-02;2.087926e-01;4.608649e-01;4.535906e-02;8.922030e-03;2.303354e-02;2.795987e-03;4.090757e-03
1.039891e-01;1.417690e-02;1.473431e-02;1.486309e-02;8.232895e-02;2.671170e-01;3.585989e-01;7.120267e-02;2.001975e-02;4.082071e-02;3.879452e-03;8.269183e-03
9.893078e-02;1.529009e-02;3.062839e-02;9.789851e-03;1.440511e-01;2.836424e-01;2.231950e-01;6.115388e-02;4.199666e-02;6.671918e-02;3.612945e-03;2.098970e-02
5.029295e-02;1.828420e-02;8.246249e-02;2.167157e-02;2.356455e-01;1.972037e-01;1.743981e-01;2.712417e-02;7.288531e-02;5.885276e-02;4.039724e-03;5.713952e-02
1.493003e-02;1.754276e-02;1.596828e-01;5.080785e-02;2.434380e-01;1.128892e-01;1.338997e-01;2.960442e-02;1.070126e-01;3.239141e-02;1.573317e-02;8.206800e-02
7.733711e-03;2.073249e-02;2.711739e-01;8.353098e-02;1.835743e-01;7.512914e-02;7.702045e-02;6.796511e-02;7.327334e-02;3.244124e-02;3.761894e-02;6.980639e-02
1.530271e-02;2.768052e-02;3.586760e-01;9.426033e-02;1.182924e-01;5.696456e-02;7.303346e-02;9.221400e-02;3.116285e-02;3.385462e-02;4.996323e-02;4.859534e-02
3.768046e-02;3.648215e-02;3.430799e-01;7.718976e-02;9.613189e-02;6.579710e-02;9.810071e-02;8.144474e-02;3.733247e-02;3.353633e-02;5.126794e-02;4.195657e-02
6.515538e-02;5.207304e-02;1.410391e-01;8.770449e-02;1.215449e-01;1.008441e-01;1.236015e-01;6.780706e-02;7.296427e-02;5.605515e-02;5.904776e-02;5.216323e-02
3.327449e-02;4.851402e-02;2.411092e-01;7.990606e-02;1.135971e-01;7.851653e-02;1.474901e-01;8.461194e-02;4.310700e-02;4.518566e-02;3.273787e-02;5.195003e-02
4.566699e-02;6.100718e-02;1.976445e-01;6.917612e-02;1.336409e-01;1.062575e-01;1.443531e-01;6.837599e-02;4.306108e-02;1.928797e-02;1.522562e-02;9.630308e-02
8.443794e-02;4.072606e-02;1.519493e-01;7.037168e-02;1.359669e-01;1.174357e-01;1.308557e-01;6.332449e-02;5.266810e-02;2.278214e-02;1.668490e-02;1.127971e-01
8.698365e-02;3.196391e-02;1.993034e-01;4.465438e-02;1.220804e-01;1.075694e-01;1.190593e-01;6.567328e-02;5.843682e-02;2.797493e-02;3.915171e-02;9.714892e-02
6.280703e-02;4.032602e-02;2.039665e-01;5.184349e-02;1.252626e-01;1.160546e-01;1.677509e-01;6.523659e-02;5.508754e-02;2.645934e-02;3.125931e-02;5.394615e-02
4.160362e-02;4.777896e-02;1.911167e-01;6.942043e-02;1.269383e-01;1.080429e-01;1.855192e-01;6.587270e-02;6.275997e-02;3.215115e-02;3.570313e-02;3.309295e-02
3.651425e-02;5.607622e-02;1.657349e-01;7.312319e-02;1.249884e-01;1.192878e-01;1.658165e-01;8.099523e-02;5.871852e-02;5.212495e-02;4.010031e-02;2.651979e-02
5.760230e-02;5.214609e-02;1.248134e-01;7.902609e-02;1.084357e-01;1.190165e-01;1.680562e-01;7.641349e-02;7.580937e-02;6.085463e-02;3.588052e-02;4.194580e-02
7.102921e-02;5.117188e-02;1.729797e-01;6.878053e-02;9.959532e-02;1.087542e-01;1.273339e-01;7.930738e-02;8.814354e-02;6.538801e-02;2.741659e-02;4.009978e-02
6.866665e-02;7.267184e-02;6.928856e-02;4.503174e-02;1.048085e-01;1.240497e-01;1.414665e-01;9.527022e-02;6.385358e-02;8.629253e-02;8.184515e-02;4.675512e-02
7.216969e-02;4.694019e-02;9.295546e-02;4.913416e-02;7.189830e-02;1.134597e-01;1.369754e-01;1.050201e-01;7.030975e-02;8.906449e-02;8.037964e-02;7.169319e-02
6.715320e-02;2.993188e-02;1.160851e-01;5.313364e-02;8.230262e-02;8.870637e-02;2.130643e-01;8.858632e-02;6.758619e-02;6.282538e-02;4.266175e-02;8.796322e-02
6.621809e-02;3.815474e-02;1.366351e-01;6.268413e-02;1.266123e-01;1.215845e-01;2.310114e-01;5.332480e-02;4.113934e-02;3.123586e-02;1.846119e-02;7.293859e-02
5.835315e-02;3.870252e-02;1.435963e-01;7.363801e-02;1.435321e-01;1.360171e-01;2.102457e-01;5.386990e-02;3.333490e-02;2.880769e-02;3.346143e-02;4.644126e-02
8.229128e-02;4.649691e-02;9.286972e-02;5.701289e-02;1.277831e-01;1.775038e-01;2.741090e-01;4.414123e-02;1.954983e-02;2.738342e-02;3.277960e-02;1.807925e-02
1.192820e-01;5.338882e-02;3.514450e-02;2.643804e-02;8.790892e-02;2.065751e-01;3.659460e-01;2.554261e-02;1.903565e-02;2.658491e-02;1.989273e-02;1.426080e-02
1.925800e-01;6.123601e-02;1.755730e-02;2.660358e-02;5.298125e-02;1.860614e-01;3.837359e-01;1.717519e-02;1.220547e-02;2.752320e-02;5.348816e-03;1.699190e-02
2.465748e-01;7.857484e-02;5.127658e-02;2.821663e-02;5.468151e-02;1.478385e-01;2.987847e-01;1.585522e-02;1.054866e-02;2.204981e-02;6.320867e-03;3.927790e-02
2.260236e-01;8.560970e-02;1.094454e-01;3.129237e-02;6.665668e-02;1.096195e-01;2.241467e-01;2.069404e-02;1.971948e-02;2.164841e-02;1.684854e-02;6.829553e-02
1.474487e-01;7.023023e-02;2.264033e-01;4.427329e-02;7.845921e-02;6.665700e-02;1.922709e-01;2.561731e-02;2.828101e-02;1.460669e-02;3.309245e-02;7.265998e-02
9.252693e-02;6.149061e-02;3.423714e-01;5.365651e-02;1.137695e-01;1.067556e-01;1.178254e-01;1.445923e-02;1.788023e-02;2.241853e-02;3.958631e-02;1.725976e-02
1.249229e-01;7.132117e-02;1.457557e-01;4.899527e-02;1.408897e-01;1.811607e-01;1.419529e-01;2.788618e-02;2.922327e-02;2.265343e-02;2.602120e-02;3.921753e-02
1.039810e-01;6.663693e-02;1.491259e-01;4.055922e-02;9.512547e-02;8.677454e-02;2.746164e-01;4.624297e-02;3.226999e-02;2.402634e-02;2.928945e-02;5.135186e-02
6.698332e-02;6.250177e-02;1.198146e-01;2.155100e-02;9.072921e-02;1.573681e-01;3.154160e-01;2.706516e-02;1.424300e-02;1.645447e-02;1.512991e-02;9.274335e-02
9.154197e-02;7.558896e-02;9.185041e-02;1.852122e-02;7.997213e-02;1.644337e-01;2.792811e-01;1.749237e-02;1.764090e-02;1.904787e-02;2.035408e-02;1.242753e-01
7.541827e-02;9.940881e-02;1.125816e-01;2.753222e-02;6.437188e-02;1.421046e-01;2.279295e-01;3.070957e-02;2.407012e-02;3.143338e-02;2.349664e-02;1.409435e-01
2.234896e-01;1.051364e-01;9.781712e-02;3.887111e-02;5.957180e-02;1.813793e-01;1.235026e-01;2.183531e-02;2.018046e-02;3.754753e-02;2.306614e-02;6.760278e-02
1.220483e-01;5.229053e-02;1.374098e-01;3.711387e-02;7.939196e-02;8.092207e-02;2.128481e-01;5.692305e-02;6.690173e-02;7.739079e-02;5.454353e-02;2.221629e-02
7.449270e-02;3.524966e-02;1.028954e-01;3.157515e-02;7.855029e-02;7.619698e-02;3.070011e-01;5.664454e-02;7.356430e-02;5.368856e-02;6.283224e-02;4.730908e-02
7.554767e-02;3.524240e-02;8.035441e-02;4.116731e-02;7.765017e-02;7.849994e-02;3.259086e-01;3.968902e-02;5.900302e-02;6.920091e-02;5.567041e-02;6.206619e-02
7.065430e-02;4.407590e-02;7.112180e-02;3.444590e-02;8.261979e-02;7.006566e-02;2.931401e-01;4.053086e-02;7.618199e-02;8.578704e-02;8.143858e-02;4.993809e-02
7.106936e-02;4.786925e-02;6.538748e-02;1.854575e-02;9.380696e-02;7.088557e-02;2.175019e-01;5.263585e-02;9.333899e-02;1.001494e-01;1.085763e-01;6.023329e-02
6.258444e-02;3.917934e-02;1.121657e-01;6.071629e-02;1.179728e-01;6.850960e-02;1.026227e-01;4.097896e-02;7.821096e-02;8.275814e-02;1.116007e-01;1.227003e-01
2.548107e-02;4.352857e-02;3.256650e-01;9.525498e-02;9.044684e-02;4.434701e-02;5.015254e-02;2.349828e-02;3.839406e-02;3.869599e-02;1.242043e-01;1.003313e-01
1.249351e-02;6.767339e-02;4.844336e-01;8.061212e-02;5.455046e-02;2.202398e-02;2.540427e-02;2.138485e-02;2.473366e-02;5.065650e-02;1.109340e-01;4.509966e-02
6.935801e-02;1.235182e-01;4.970628e-01;5.363916e-02;3.737228e-02;1.450255e-02;2.969563e-02;1.814825e-02;2.395012e-02;5.458774e-02;4.698826e-02;3.117701e-02
1.548451e-01;1.662208e-01;3.412946e-01;3.794017e-02;2.662238e-02;1.419012e-02;2.820560e-02;2.804018e-02;3.404675e-02;6.493118e-02;4.913134e-02;5.453184e-02
1.837059e-01;1.354146e-01;2.134548e-01;4.944357e-02;3.521321e-02;4.275295e-02;5.729409e-02;4.216676e-02;4.689882e-02;6.617693e-02;7.064790e-02;5.683048e-02
9.437383e-02;7.547328e-02;1.842029e-01;7.656432e-02;5.622344e-02;8.332868e-02;1.103654e-01;6.379335e-02;6.366421e-02;9.851274e-02;4.985555e-02;4.364229e-02
7.974908e-02;7.023999e-02;1.239374e-01;6.057442e-02;6.589630e-02;7.953398e-02;1.381467e-01;6.652162e-02;1.015921e-01;1.360141e-01;2.968943e-02;4.810489e-02
5.607979e-02;9.077222e-02;1.001451e-01;6.034699e-02;7.337216e-02;6.067117e-02;1.218068e-01;7.977188e-02;1.396127e-01;1.069790e-01;5.761405e-02;5.282814e-02
6.191700e-02;9.504785e-02;1.127741e-01;7.954021e-02;5.202552e-02;5.533366e-02;9.430476e-02;8.255907e-02;1.200079e-01;1.068913e-01;9.142324e-02;4.817542e-02
6.166639e-02;9.693313e-02;6.379404e-02;8.393128e-02;5.508231e-02;7.033699e-02;5.866595e-02;9.905855e-02;1.480453e-01;1.008231e-01;1.164034e-01;4.525954e-02
3.470690e-02;1.184058e-01;8.455850e-02;7.070733e-02;6.647567e-02;6.197751e-02;6.295983e-02;9.730651e-02;1.475103e-01;1.302697e-01;6.933887e-02;5.578313e-02
2.693859e-02;8.231382e-02;9.022307e-02;7.149393e-02;6.492438e-02;6.123763e-02;7.225236e-02;5.961065e-02;1.332794e-01;2.143633e-01;3.797991e-02;8.538301e-02
2.835349e-02;4.396727e-02;1.182513e-01;6.530860e-02;4.098893e-02;4.580271e-02;7.791543e-02;6.934782e-02;1.492768e-01;2.185744e-01;7.440609e-02;6.780713e-02
4.350841e-02;2.930124e-02;1.362458e-01;8.531044e-02;5.136390e-02;7.169323e-02;8.343972e-02;8.727792e-02;1.114419e-01;1.561482e-01;7.538086e-02;6.888836e-02
