2.160929e-01;6.212070e-02;2.425310e-01;4.255238e-02;1.698800e-02;2.223866e-02;7.954172e-02;5.264200e-02;3.637484e-02;6.036880e-02;8.385026e-02;8.469877e-02
2.514036e-01;4.464759e-02;1.845505e-01;4.051263e-02;2.866323e-02;2.429529e-02;6.636372e-02;5.672149e-02;4.981708e-02;6.106915e-02;9.953179e-02;9.242402e-02
2.443178e-01;4.362355e-02;2.614172e-01;2.323073e-02;2.956242e-02;2.102572e-02;5.017970e-02;6.622835e-02;3.291370e-02;5.126775e-02;8.862936e-02;8.760370e-02
2.479247e-01;5.914318e-02;3.005604e-01;2.311028e-02;2.688555e-02;2.265800e-02;3.943652e-02;8.546794e-02;2.009317e-02;4.449020e-02;7.038445e-02;5.984565e-02
2.201745e-01;7.873072e-02;2.672178e-01;3.743897e-02;2.642304e-02;4.028055e-02;3.625553e-02;7.780212e-02;6.233937e-02;4.772510e-02;5.707313e-02;4.853911e-02
1.760031e-01;1.044821e-01;2.400597e-01;4.434358e-02;4.475015e-02;4.631681e-02;4.709001e-02;8.403286e-02;9.647204e-02;4.182494e-02;4.041716e-02;3.420762e-02
2.126238e-01;1.175771e-01;2.111810e-01;3.170766e-02;4.918033e-02;2.998491e-02;3.992547e-02;1.154881e-01;1.201320e-01;2.390509e-02;2.304635e-02;2.524815e-02
3.034476e-01;1.172284e-01;1.471082e-01;1.591296e-02;5.349449e-02;1.145752e-02;1.549962e-02;1.744803e-01;1.101940e-01;1.443050e-02;1.290664e-02;2.383986e-02
3.606695e-01;1.026194e-01;1.176140e-01;1.150785e-02;6.498145e-02;5.214961e-03;1.965254e-02;1.995867e-01;5.148864e-02;9.535844e-03;2.720901e-02;2.992010e-02
3.826767e-01;8.797440e-02;9.813738e-02;1.214578e-02;7.786673e-02;4.524228e-03;3.680965e-02;1.951807e-01;2.262668e-02;1.385443e-02;2.861673e-02;3.958656e-02
3.755462e-01;7.067109e-02;8.728703e-02;2.008749e-02;8.380579e-02;6.623976e-03;6.487720e-02;1.676685e-01;2.347725e-02;1.884475e-02;2.299233e-02;5.811841e-02
3.371989e-01;4.666712e-02;8.732183e-02;4.042591e-02;8.090042e-02;1.506182e-02;8.733056e-02;1.279429e-01;2.531960e-02;3.834742e-02;2.987946e-02;8.360402e-02
2.545196e-01;3.818716e-02;6.781485e-02;7.542823e-02;6.845264e-02;1.788920e-02;1.074282e-01;9.169902e-02;2.992170e-02;7.999469e-02;5.354976e-02;1.151149e-01
1.407482e-01;4.852565e-02;1.036597e-01;1.350364e-01;4.221411e-02;1.653936e-02;1.272991e-01;4.930529e-02;2.689293e-02;1.034433e-01;6.595951e-02;1.403764e-01
1.365425e-01;3.890372e-02;7.098569e-02;1.504605e-01;2.493039e-02;1.252368e-02;1.653215e-01;2.834047e-02;2.372091e-02;8.727870e-02;8.671193e-02;1.742801e-01
1.129796e-01;3.747420e-02;5.474280e-02;1.248023e-01;1.822377e-02;1.257448e-02;2.167922e-01;2.939425e-02;2.439603e-02;7.175680e-02;9.899279e-02;1.978708e-01
9.310322e-02;4.015846e-02;8.831232e-02;9.391073e-02;2.396439e-02;2.628764e-02;2.182238e-01;2.875297e-02;2.812214e-02;6.737676e-02;9.864210e-02;1.931455e-01
1.020219e-01;4.300845e-02;7.676926e-02;7.340395e-02;3.953753e-02;6.225472e-02;1.956064e-01;5.398225e-02;5.959830e-02;6.062107e-02;8.459014e-02;1.486060e-01
1.326182e-01;4.027438e-02;9.516986e-02;7.327323e-02;4.212304e-02;6.694681e-02;1.800760e-01;4.329683e-02;6.116173e-02;6.467854e-02;7.060857e-02;1.297728e-01
1.586091e-01;5.101468e-02;6.346199e-02;9.450064e-02;3.058192e-02;4.855862e-02;1.759712e-01;5.988983e-02;4.621818e-02;8.454503e-02;5.415036e-02;1.324985e-01
1.912001e-01;3.819103e-02;7.977331e-02;1.046175e-01;3.579153e-02;3.626549e-02;1.506257e-01;8.523350e-02;3.248880e-02;9.023629e-02;3.252265e-02;1.230541e-01
2.462893e-01;7.190809e-02;1.271757e-01;6.157488e-02;7.314924e-02;2.615165e-02;7.063615e-02;1.271732e-01;3.068230e-02;5.617213e-02;3.681382e-02;7.227351e-02
3.115417e-01;9.309502e-02;1.515437e-01;2.352813e-02;1.051066e-01;1.271875e-02;2.323283e-02;1.511419e-01;1.898538e-02;3.003184e-02;4.235464e-02;3.671949e-02
3.276840e-01;1.141999e-01;1.438696e-01;9.710521e-03;1.121323e-01;8.045647e-03;2.031812e-02;1.308216e-01;4.037733e-02;1.630022e-02;5.543043e-02;2.111028e-02
3.055608e-01;1.408529e-01;1.471078e-01;1.063554e-02;8.828419e-02;1.125505e-02;2.601592e-02;9.150408e-02;6.393434e-02;2.200564e-02;7.411075e-02;1.873305e-02
2.870634e-01;1.376616e-01;1.477744e-01;1.064892e-02;7.031444e-02;1.380839e-02;3.280648e-02;9.162183e-02;7.639360e-02;3.588267e-02;7.918989e-02;1.683437e-02
2.897975e-01;1.145855e-01;1.528077e-01;1.067325e-02;6.752417e-02;1.272369e-02;3.963170e-02;9.799146e-02;7.429934e-02;3.610545e-02;7.919025e-02;2.466994e-02
3.108848e-01;8.625457e-02;1.334902e-01;1.420150e-02;6.731614e-02;1.414550e-02;4.646926e-02;9.409037e-02;7.205711e-02;3.180583e-02;8.666115e-02;4.262363e-02
2.688636e-01;8.479329e-02;1.856593e-01;2.125760e-02;5.772010e-02;1.600352e-02;4.130690e-02;5.901247e-02;6.667293e-02;6.015451e-02;8.505738e-02;5.349836e-02
1.391667e-01;6.913926e-02;3.259211e-01;3.650352e-02;3.651000e-02;2.688569e-02;5.277961e-02;3.854582e-02;4.729757e-02;9.714752e-02;5.388192e-02;7.622124e-02
4.976076e-02;4.810555e-02;2.775267e-01;6.758628e-02;4.064756e-02;3.509102e-02;1.052815e-01;6.887738e-02;6.763423e-02;8.219998e-02;5.363922e-02;1.036499e-01
7.351506e-02;6.822321e-02;2.161772e-01;6.890123e-02;5.369951e-02;2.870879e-02;1.008544e-01;6.615078e-02;7.767761e-02;9.677248e-02;5.542768e-02;9.389213e-02
1.039588e-01;8.390109e-02;1.597646e-01;5.312763e-02;5.933398e-02;4.237346e-02;1.008743e-01;1.028847e-01;6.237941e-02;1.075256e-01;7.335588e-02;5.052052e-02
9.020536e-02;6.739224e-02;1.294649e-01;4.607293e-02;4.932741e-02;6.388538e-02;1.711534e-01;1.050804e-01;7.643583e-02;8.158483e-02;6.121483e-02;5.818250e-02
6.865935e-02;5.794619e-02;1.506276e-01;4.372355e-02;6.376507e-02;7.173229e-02;1.748027e-01;7.942880e-02;8.404793e-02;8.055798e-02;5.387181e-02;7.083675e-02
4.627908e-02;5.113677e-02;1.853805e-01;4.636516e-02;8.112449e-02;7.186888e-02;1.266309e-01;7.648399e-02;7.374744e-02;1.012403e-01;6.532606e-02;7.441637e-02
7.071108e-02;5.297239e-02;2.110217e-01;5.499675e-02;6.897728e-02;7.402914e-02;6.676169e-02;7.079846e-02;6.037217e-02;9.648767e-02;7.566009e-02;9.721159e-02
9.885322e-02;4.624317e-02;2.232592e-01;6.490010e-02;6.159061e-02;7.377101e-02;5.762928e-02;7.151473e-02;7.005300e-02;5.995601e-02;7.248971e-02;9.974000e-02
7.777727e-02;4.755084e-02;4.086865e-01;4.502662e-02;7.092843e-02;5.150659e-02;8.124112e-02;3.429582e-02;3.387703e-02;5.048679e-02;2.935267e-02;6.927034e-02
7.706858e-02;5.328284e-02;3.765080e-01;5.298525e-02;6.043897e-02;5.063061e-02;1.103565e-01;3.609992e-02;4.454345e-02;5.369852e-02;4.445278e-02;3.993464e-02
9.328548e-02;6.419102e-02;2.418105e-01;5.597170e-02;6.609634e-02;5.867176e-02;1.300350e-01;5.367347e-02;5.983055e-02;6.056290e-02;5.827509e-02;5.759618e-02
1.923631e-01;1.191990e-01;1.215061e-01;5.038099e-02;5.335442e-02;5.508413e-02;1.027370e-01;5.524952e-02;5.700042e-02;6.263678e-02;5.149820e-02;7.899033e-02
3.349375e-01;1.795969e-01;8.379339e-02;4.266634e-02;2.745880e-02;2.961374e-02;6.356519e-02;4.571918e-02;3.335588e-02;4.374372e-02;4.250801e-02;7.304137e-02
3.435998e-01;1.855414e-01;8.734681e-02;3.373347e-02;2.571470e-02;2.185157e-02;8.371544e-02;4.157700e-02;2.517718e-02;3.558472e-02;4.018611e-02;7.597182e-02
3.237652e-01;1.978616e-01;1.257256e-01;2.649229e-02;2.730990e-02;1.478994e-02;8.469999e-02;3.882669e-02;2.470516e-02;2.734870e-02;3.687193e-02;7.160302e-02
2.852592e-01;1.869274e-01;1.556879e-01;3.268802e-02;3.312568e-02;1.208076e-02;8.875484e-02;3.800177e-02;2.796985e-02;2.737739e-02;4.552070e-02;6.660644e-02
2.402236e-01;1.616839e-01;1.449254e-01;4.030076e-02;5.178142e-02;2.629369e-02;9.177896e-02;4.766684e-02;4.000821e-02;3.529507e-02;6.087836e-02;5.916375e-02
1.521146e-01;1.087861e-01;1.804677e-01;3.296570e-02;6.089507e-02;4.042149e-02;1.636972e-01;5.212447e-02;4.424548e-02;4.524302e-02;6.323779e-02;5.580140e-02
7.579733e-02;5.968075e-02;1.663532e-01;3.102147e-02;6.838527e-02;5.478555e-02;2.747346e-01;4.370515e-02;4.194909e-02;6.008263e-02;7.548447e-02;4.802057e-02
4.929855e-02;6.065722e-02;8.608343e-02;4.633926e-02;1.011067e-01;5.916547e-02;3.078752e-01;3.769820e-02;7.195953e-02;7.553269e-02;7.332983e-02;3.095397e-02
6.272513e-02;4.990884e-02;1.793105e-01;7.074022e-02;1.008758e-01;6.920790e-02;2.337266e-01;4.303736e-02;4.354190e-02;3.941264e-02;6.649017e-02;4.102293e-02
9.754784e-02;7.137139e-02;1.770596e-01;6.209517e-02;8.731055e-02;7.034346e-02;1.324148e-01;6.816456e-02;7.399007e-02;5.504129e-02;4.204534e-02;6.261586e-02
1.100530e-01;5.897529e-02;2.151135e-01;5.387220e-02;9.749424e-02;6.545532e-02;1.079652e-01;5.019849e-02;6.521469e-02;8.312889e-02;4.852293e-02;4.400629e-02
1.133714e-01;3.842237e-02;1.849657e-01;4.386333e-02;6.864911e-02;6.290787e-02;1.238684e-01;4.929298e-02;7.652332e-02;7.531556e-02;9.724305e-02;6.557693e-02
1.246541e-01;3.866044e-02;1.402700e-01;4.410015e-02;5.820040e-02;7.304917e-02;7.591045e-02;5.828297e-02;9.750646e-02;9.470662e-02;1.008268e-01;9.383242e-02
1.308483e-01;2.217876e-02;9.732680e-02;4.197267e-02;5.622189e-02;8.118717e-02;1.141437e-01;7.709704e-02;1.033841e-01;9.801015e-02;7.596727e-02;1.016622e-01
1.281780e-01;4.337258e-02;1.043033e-01;3.741723e-02;5.715176e-02;6.479114e-02;1.813988e-01;8.893948e-02;9.395503e-02;7.756473e-02;4.585037e-02;7.707755e-02
1.301971e-01;6.719813e-02;1.229393e-01;3.319393e-02;5.674222e-02;5.079558e-02;1.777910e-01;9.520495e-02;1.000996e-01;5.155702e-02;6.761359e-02;4.666758e-02
1.386939e-01;8.349168e-02;2.071211e-01;4.896662e-02;6.181633e-02;4.325862e-02;1.230989e-01;7.711540e-02;5.656927e-02;5.961835e-02;7.515059e-02;2.509920e-02
2.597496e-01;1.188538e-01;1.428442e-01;4.324667e-02;4.156410e-02;2.898342e-02;1.130971e-01;5.125325e-02;5.424522e-02;4.483083e-02;6.555504e-02;3.577682e-02
3.750831e-01;1.530708e-01;9.345176e-02;1.590667e-02;2.918628e-02;2.205486e-02;7.256010e-02;8.144115e-02;4.060952e-02;3.057393e-02;4.317671e-02;4.288508e-02
4.393081e-01;1.845175e-01;5.228793e-02;1.987452e-02;2.222336e-02;1.674974e-02;4.905186e-02;9.981941e-02;3.162678e-02;2.167170e-02;2.856673e-02;3.430232e-02
3.383074e-01;2.147901e-01;6.843834e-02;5.109867e-02;2.748960e-02;3.335223e-02;3.229214e-02;8.368709e-02;5.594017e-02;2.095161e-02;4.479286e-02;2.885986e-02
1.822716e-01;2.325045e-01;9.659135e-02;9.594134e-02;3.765746e-02;6.803208e-02;3.550899e-02;4.885140e-02;8.765372e-02;1.655636e-02;5.169707e-02;4.673407e-02
6.969514e-02;2.198503e-01;1.226463e-01;1.346686e-01;6.160926e-02;1.247955e-01;2.699239e-02;2.024239e-02;9.557706e-02;2.149926e-02;4.101973e-02;6.140405e-02
6.542024e-02;1.825439e-01;1.123347e-01;1.241882e-01;6.592010e-02;1.668758e-01;5.106334e-02;3.231901e-02;8.872361e-02;1.972568e-02;4.008228e-02;5.080312e-02
6.786204e-02;1.681798e-01;1.144645e-01;9.362327e-02;5.247973e-02;1.840701e-01;4.869187e-02;6.460369e-02;1.011986e-01;2.516683e-02;2.594349e-02;5.371603e-02
5.810259e-02;1.649729e-01;1.483611e-01;6.034427e-02;2.741189e-02;1.760769e-01;5.020545e-02;7.171901e-02;1.075658e-01;3.329607e-02;2.509564e-02;7.684835e-02
5.900256e-02;1.654251e-01;1.761204e-01;4.030156e-02;2.640700e-02;1.564406e-01;4.126333e-02;5.341053e-02;9.388617e-02;4.644889e-02;4.751410e-02;9.377982e-02
4.584163e-02;1.511588e-01;2.546910e-01;2.888154e-02;2.975572e-02;1.215613e-01;6.821509e-02;4.140674e-02;7.397988e-02;4.775392e-02;5.157952e-02;8.517479e-02
3.201849e-02;1.277951e-01;3.588451e-01;2.644363e-02;3.773405e-02;7.914296e-02;1.016944e-01;3.287337e-02;4.765086e-02;6.297826e-02;4.119055e-02;5.163324e-02
2.223413e-02;1.063935e-01;4.551432e-01;3.463091e-02;4.825008e-02;5.044458e-02;1.176470e-01;1.939475e-02;2.123474e-02;7.612339e-02;2.503347e-02;2.347031e-02
3.523686e-02;8.251902e-02;5.036104e-01;3.959297e-02;4.360133e-02;3.318629e-02;1.109275e-01;2.453328e-02;2.133535e-02;7.111061e-02;2.172368e-02;1.262265e-02
3.381205e-02;5.490168e-02;5.526539e-01;5.295249e-02;3.681798e-02;1.812151e-02;9.393705e-02;3.797648e-02;2.408634e-02;5.799711e-02;2.900573e-02;7.737669e-03
2.874814e-02;2.728283e-02;5.495012e-01;7.866369e-02;4.254359e-02;2.372162e-02;7.166123e-02;3.977684e-02;2.697231e-02;5.318646e-02;4.702650e-02;1.091560e-02
2.482225e-02;1.480844e-02;4.767477e-01;1.183849e-01;7.295915e-02;5.381212e-02;5.389915e-02;3.450198e-02;1.987185e-02;4.482746e-02;7.192240e-02;1.344255e-02
1.338286e-02;2.012338e-02;4.137521e-01;1.400533e-01;1.084803e-01;6.668605e-02;2.976829e-02;3.928867e-02;2.193721e-02;3.357843e-02;9.139424e-02;2.155514e-02
1.420779e-02;1.646789e-02;4.043941e-01;1.321103e-01;1.203770e-01;5.958840e-02;5.014612e-02;3.750385e-02;3.258365e-02;3.123300e-02;7.962041e-02;2.176755e-02
8.160673e-03;2.050833e-02;4.702582e-01;1.104226e-01;1.129217e-01;6.646503e-02;3.179513e-02;3.922445e-02;3.228094e-02;2.849778e-02;6.153311e-02;1.793211e-02
1.548490e-02;2.288993e-02;4.846712e-01;9.757333e-02;1.156452e-01;6.825122e-02;4.819539e-02;2.777259e-02;2.861764e-02;2.790353e-02;4.635093e-02;1.664411e-02
3.883511e-02;2.610334e-02;4.416085e-01;1.063385e-01;1.243416e-01;6.482826e-02;7.132602e-02;2.078790e-02;4.171260e-02;2.055436e-02;2.782021e-02;1.574362e-02
4.259819e-02;4.259066e-02;3.134288e-01;9.670977e-02;1.302401e-01;5.398457e-02;8.066943e-02;3.936299e-02;7.110786e-02;5.327036e-02;3.681553e-02;3.922169e-02
3.227528e-02;2.641379e-02;2.279817e-01;6.641257e-02;1.532745e-01;8.145125e-02;7.280471e-02;5.438514e-02;8.828751e-02;8.831166e-02;5.156126e-02;5.684072e-02
3.068895e-02;4.576908e-02;1.974631e-01;6.110996e-02;1.371651e-01;1.324295e-01;6.520578e-02;6.056745e-02;6.143000e-02;9.927711e-02;5.030699e-02;5.858697e-02
4.984836e-02;6.528844e-02;1.268391e-01;5.356629e-02;9.942176e-02;1.433732e-01;1.056395e-01;7.108703e-02;5.647861e-02;1.058172e-01;7.195392e-02;5.068662e-02
4.319065e-02;1.127852e-01;1.182321e-01;6.371565e-02;7.745238e-02;7.356458e-02;1.086254e-01;7.193907e-02;7.116280e-02;1.272604e-01;7.527185e-02;5.679988e-02
2.903050e-02;1.562963e-01;1.036831e-01;7.036988e-02;4.558553e-02;5.136161e-02;1.192802e-01;9.000629e-02;7.416537e-02;1.548095e-01;6.710396e-02;3.830777e-02
3.813588e-02;1.269144e-01;1.000896e-01;7.175016e-02;5.261445e-02;4.176289e-02;1.237643e-01;7.909878e-02;7.712051e-02;1.886457e-01;5.720060e-02;4.290283e-02
2.295634e-02;1.320628e-01;1.644524e-01;4.813529e-02;8.444665e-02;3.309898e-02;1.399665e-01;4.494506e-02;7.871018e-02;1.652539e-01;4.333008e-02;4.264179e-02
1.891852e-02;1.365485e-01;1.568519e-01;4.312884e-02;8.998083e-02;4.655242e-02;1.566982e-01;5.586922e-02;9.770019e-02;1.186611e-01;4.705122e-02;3.203912e-02
4.177965e-02;1.372702e-01;1.072445e-01;4.839986e-02;8.496071e-02;5.987975e-02;1.422766e-01;7.694317e-02;1.013320e-01;1.114711e-01;4.520425e-02;4.323835e-02
6.294084e-02;1.739447e-01;8.788391e-02;5.622470e-02;5.971280e-02;6.098406e-02;1.171945e-01;9.849966e-02;7.068770e-02;1.236716e-01;3.318325e-02;5.507231e-02
6.222599e-02;1.439934e-01;1.098372e-01;5.225102e-02;6.595290e-02;6.963663e-02;1.168658e-01;1.003603e-01;8.708122e-02;1.010097e-01;4.433744e-02;4.644831e-02
5.927342e-02;9.667058e-02;1.048267e-01;8.887003e-02;6.104700e-02;6.141669e-02;1.094226e-01;8.297481e-02;1.184240e-01;9.762466e-02;5.329559e-02;6.615396e-02
8.805517e-02;5.408981e-02;6.284479e-02;9.498205e-02;6.885005e-02;6.440657e-02;6.105364e-02;1.411611e-01;1.496728e-01;1.062463e-01;4.763515e-02;6.100259e-02
8.442062e-02;5.589288e-02;7.000552e-02;5.963539e-02;6.887659e-02;7.385266e-02;1.332071e-01;1.442142e-01;1.538182e-01;8.140009e-02;3.825835e-02;3.641846e-02
6.459446e-02;7.507790e-02;8.750797e-02;3.817752e-02;6.801075e-02;1.022921e-01;1.693513e-01;1.155514e-01;1.253446e-01;8.717345e-02;3.915162e-02;2.776692e-02
5.410756e-02;8.465804e-02;8.945426e-02;5.831748e-02;7.252529e-02;1.051317e-01;1.465613e-01;9.943551e-02;1.046667e-01;1.089391e-01;4.833626e-02;2.786684e-02
5.276487e-02;6.259366e-02;1.412482e-01;1.101217e-01;6.691808e-02;9.269867e-02;1.129313e-01;7.715303e-02;8.654661e-02;1.039666e-01;5.182088e-02;4.123640e-02
5.396833e-02;9.088941e-02;1.267277e-01;1.325495e-01;4.979289e-02;1.051740e-01;1.415366e-01;5.492648e-02;6.102211e-02;8.426460e-02;7.438844e-02;2.475998e-02
5.030128e-02;9.061065e-02;1.077638e-01;1.039552e-01;7.905889e-02;9.575386e-02;1.700985e-01;4.882136e-02;6.796350e-02;6.278808e-02;8.296981e-02;3.991511e-02
7.183743e-02;1.062013e-01;1.124910e-01;4.220643e-02;7.637941e-02;7.221904e-02;1.708207e-01;8.380182e-02;8.559901e-02;5.772136e-02;6.296486e-02;5.775766e-02
1.290492e-01;1.491140e-01;8.971594e-02;3.784011e-02;4.823476e-02;4.700618e-02;1.506958e-01;9.558726e-02;7.943369e-02;8.038875e-02;4.919735e-02;4.373702e-02
1.960435e-01;1.228831e-01;7.378908e-02;3.874458e-02;6.409454e-02;4.084954e-02;9.661158e-02;8.556802e-02;7.709963e-02;1.140289e-01;4.698049e-02;4.330704e-02
1.911485e-01;1.569079e-01;8.992209e-02;4.813819e-02;6.555075e-02;3.870627e-02;9.175252e-02;7.433495e-02;6.650316e-02;9.560288e-02;3.629562e-02;4.513717e-02
1.933335e-01;2.230190e-01;1.354607e-01;4.554275e-02;5.556835e-02;3.881354e-02;9.860367e-02;4.812281e-02;4.265540e-02;6.711468e-02;2.440553e-02;2.735996e-02
1.774281e-01;1.703432e-01;1.419955e-01;4.050420e-02;5.210450e-02;4.442456e-02;1.168239e-01;3.731726e-02;5.641069e-02;7.453550e-02;2.801920e-02;6.009336e-02
1.333263e-01;7.104216e-02;1.548310e-01;5.550706e-02;6.133748e-02;5.802683e-02;1.150609e-01;4.789423e-02;8.545723e-02;7.496529e-02;5.271291e-02;8.983863e-02
1.321564e-01;5.092994e-02;1.630719e-01;4.990222e-02;6.871335e-02;6.224825e-02;6.970939e-02;5.881648e-02;1.006178e-01;7.992613e-02;7.038520e-02;9.352284e-02
1.122081e-01;5.795779e-02;1.790762e-01;8.108486e-02;6.822167e-02;7.989021e-02;7.179046e-02;7.201239e-02;5.630096e-02;7.170244e-02;6.474022e-02;8.501463e-02
6.981897e-02;5.025618e-02;1.641300e-01;1.248965e-01;8.412493e-02;9.525625e-02;1.393214e-01;4.338721e-02;3.865751e-02;7.118026e-02;3.945641e-02;7.951438e-02
4.463342e-02;4.940688e-02;1.569814e-01;1.174371e-01;1.093587e-01;6.879415e-02;1.583246e-01;5.883955e-02;4.726478e-02;7.216233e-02;4.267974e-02;7.411738e-02
3.478066e-02;2.877839e-02;1.940311e-01;6.823864e-02;1.254671e-01;5.681194e-02;2.168667e-01;4.672126e-02;5.234589e-02;7.863161e-02;6.450967e-02;3.281699e-02
3.940927e-02;2.165126e-02;1.906693e-01;5.367151e-02;1.218607e-01;5.242206e-02;2.171777e-01;4.171344e-02;6.007585e-02;8.489003e-02;8.150378e-02;3.495515e-02
5.326149e-02;3.297419e-02;1.671387e-01;6.273255e-02;1.068774e-01;3.465438e-02;1.893919e-01;4.291041e-02;7.735407e-02;9.129265e-02;9.863465e-02;4.277762e-02
8.347756e-02;6.408311e-02;9.206923e-02;8.965431e-02;9.951154e-02;4.660475e-02;1.667428e-01;4.078701e-02;8.890571e-02;6.251852e-02;1.102823e-01;5.536321e-02
8.512970e-02;4.788870e-02;8.684393e-02;1.017506e-01;8.923431e-02;4.706273e-02;1.842106e-01;4.725603e-02;7.577460e-02;6.058993e-02;8.812015e-02;8.613871e-02
5.977398e-02;3.776291e-02;1.464182e-01;6.797944e-02;7.957337e-02;6.444852e-02;1.753818e-01;5.847601e-02;6.770185e-02;8.941346e-02;6.161915e-02;9.145126e-02
5.907696e-02;6.263287e-02;2.040980e-01;5.420031e-02;9.842758e-02;8.737177e-02;1.147966e-01;4.394466e-02;7.564372e-02;7.122505e-02;5.405763e-02;7.452488e-02
8.552309e-02;7.066306e-02;1.735283e-01;8.301974e-02;9.084330e-02;6.732935e-02;8.996131e-02;4.858248e-02;9.647784e-02;4.916745e-02;5.782167e-02;8.708241e-02
7.527320e-02;6.051727e-02;1.204811e-01;1.141057e-01;6.589995e-02;4.225013e-02;1.025019e-01;8.269883e-02;1.099505e-01;5.892450e-02;8.979472e-02;7.760208e-02
5.189868e-02;4.303909e-02;1.455930e-01;1.144086e-01;7.071514e-02;3.997656e-02;1.100048e-01;9.874398e-02;9.014135e-02;6.315097e-02;1.122178e-01;6.011003e-02
6.661896e-02;7.098693e-02;1.572657e-01;7.337462e-02;8.550612e-02;3.441447e-02;1.008725e-01;6.881879e-02;7.251711e-02;9.692919e-02;9.282097e-02;7.987454e-02
9.113513e-02;8.402933e-02;1.041361e-01;7.067183e-02;5.532151e-02;5.661552e-02;1.612185e-01;5.245214e-02;7.847734e-02;9.052838e-02;7.346147e-02;8.195273e-02
8.976656e-02;7.136581e-02;1.188669e-01;7.942671e-02;7.472271e-02;9.803621e-02;1.468317e-01;7.223930e-02;7.467655e-02;1.161546e-01;2.877708e-02;2.913589e-02
6.943665e-02;6.362472e-02;1.500044e-01;7.912140e-02;7.593899e-02;1.039409e-01;1.411415e-01;6.042093e-02;7.791643e-02;1.088188e-01;3.331061e-02;3.632454e-02
1.206458e-01;8.287684e-02;1.559775e-01;6.273544e-02;5.070325e-02;9.017012e-02;1.615400e-01;4.868652e-02;7.188679e-02;7.500350e-02;3.735925e-02;4.241493e-02
1.914046e-01;8.924314e-02;1.736446e-01;4.582938e-02;2.533340e-02;6.753391e-02;1.464623e-01;6.238086e-02;7.202505e-02;4.207452e-02;3.382738e-02;5.024083e-02
1.858709e-01;7.740150e-02;1.601746e-01;3.666748e-02;2.260592e-02;5.601610e-02;1.272678e-01;8.772544e-02;6.446201e-02;5.301272e-02;5.223893e-02;7.655656e-02
1.256516e-01;5.194574e-02;1.135611e-01;3.249581e-02;4.787131e-02;4.995307e-02;1.399803e-01;8.829094e-02;6.778178e-02;6.543998e-02;1.108942e-01;1.061341e-01
1.262243e-01;5.181167e-02;1.361251e-01;4.713988e-02;8.386667e-02;4.446659e-02;6.605547e-02;6.953046e-02;6.736923e-02;9.035296e-02;1.285350e-01;8.852267e-02
6.278617e-02;5.147992e-02;1.253864e-01;6.087594e-02;1.242943e-01;6.110938e-02;1.117878e-01;7.893629e-02;3.925253e-02;1.030865e-01;1.154570e-01;6.554788e-02
3.267961e-02;6.007874e-02;2.175866e-01;6.885206e-02;1.062914e-01;6.271097e-02;1.556568e-01;6.289212e-02;4.742496e-02;9.005737e-02;6.066361e-02;3.510576e-02
5.757533e-02;9.643146e-02;1.825534e-01;6.627461e-02;8.109362e-02;8.763451e-02;1.382051e-01;7.589332e-02;5.276132e-02;8.116417e-02;5.113424e-02;2.927891e-02
7.050548e-02;8.641041e-02;2.146984e-01;6.036194e-02;7.665884e-02;7.527891e-02;1.466652e-01;6.257168e-02;4.897574e-02;5.910207e-02;5.833510e-02;4.043628e-02
6.921733e-02;8.414638e-02;1.911321e-01;5.997854e-02;8.080000e-02;7.029319e-02;1.553087e-01;6.590392e-02;6.067590e-02;5.040239e-02;6.149404e-02;5.064746e-02
8.473235e-02;1.022448e-01;1.880299e-01;6.396628e-02;8.045696e-02;5.479435e-02;1.351728e-01;6.567965e-02;5.036708e-02;5.635005e-02;6.384302e-02;5.436277e-02
1.820790e-01;1.480010e-01;2.504417e-01;4.359631e-02;5.988944e-02;4.182403e-02;8.375581e-02;5.016921e-02;2.662656e-02;4.477990e-02;4.710657e-02;2.173050e-02
2.797596e-01;1.991245e-01;2.326887e-01;2.674580e-02;4.785768e-02;2.381779e-02;4.699336e-02;3.561943e-02;1.146288e-02;2.688275e-02;3.482852e-02;3.421904e-02
3.606241e-01;2.060982e-01;2.033438e-01;1.504881e-02;3.698031e-02;1.164017e-02;2.899280e-02;3.220844e-02;1.793280e-02;2.093137e-02;2.762194e-02;3.857731e-02
3.636835e-01;1.760470e-01;1.842428e-01;1.856931e-02;3.515840e-02;1.407528e-02;3.822605e-02;3.222460e-02;3.405174e-02;2.755642e-02;3.170471e-02;4.446004e-02
3.428486e-01;1.409552e-01;1.853757e-01;1.760817e-02;2.869333e-02;1.898943e-02;5.791274e-02;4.334000e-02;4.527370e-02;3.187670e-02;3.353639e-02;5.359001e-02
2.460315e-01;1.046208e-01;1.798455e-01;2.430211e-02;3.960807e-02;3.170801e-02;7.841156e-02;6.966542e-02;7.203332e-02;4.578596e-02;4.486022e-02;6.312740e-02
1.392116e-01;9.486591e-02;1.221605e-01;4.369432e-02;6.011363e-02;4.376062e-02;8.704577e-02;7.660852e-02;1.125562e-01;8.231205e-02;6.220492e-02;7.546594e-02
9.945282e-02;7.042637e-02;1.169337e-01;4.180952e-02;5.907128e-02;3.773646e-02;9.613352e-02;8.634033e-02;1.393911e-01;1.030253e-01;6.185172e-02;8.782784e-02
1.054134e-01;6.829906e-02;8.168039e-02;4.252560e-02;4.450519e-02;5.505773e-02;7.577824e-02;9.823415e-02;1.752315e-01;1.103240e-01;7.187581e-02;7.107492e-02
1.326349e-01;1.032327e-01;6.725128e-02;4.118065e-02;5.193112e-02;6.261517e-02;8.012073e-02;1.040247e-01;1.042404e-01;8.745578e-02;7.269085e-02;9.262163e-02
1.250280e-01;8.823410e-02;1.068290e-01;3.460950e-02;5.849637e-02;6.560340e-02;7.755395e-02;7.511038e-02;1.188393e-01;9.448381e-02;5.957220e-02;9.564001e-02
1.044701e-01;7.644008e-02;1.373031e-01;5.971473e-02;6.671803e-02;6.895940e-02;6.408364e-02;5.173426e-02;1.088182e-01;9.461650e-02;9.034073e-02;7.680128e-02
8.457411e-02;7.442752e-02;1.624193e-01;8.273106e-02;7.436833e-02;6.415758e-02;5.230373e-02;4.907624e-02;8.272188e-02;8.072437e-02;9.958387e-02;9.291203e-02
1.078292e-01;7.167298e-02;1.936932e-01;7.914121e-02;7.607812e-02;4.320797e-02;7.003013e-02;5.232809e-02;6.493620e-02;6.827036e-02;6.824782e-02;1.045647e-01
1.944941e-01;9.623268e-02;1.487474e-01;4.104134e-02;4.869509e-02;3.102885e-02;4.541878e-02;9.362612e-02;1.009295e-01;8.568925e-02;4.280661e-02;7.129030e-02
2.025399e-01;1.052204e-01;1.359189e-01;2.753636e-02;3.578910e-02;2.234054e-02;7.171576e-02;1.130952e-01;1.061185e-01;7.320526e-02;2.844875e-02;7.807123e-02
2.136665e-01;8.238365e-02;8.892596e-02;4.464332e-02;2.847241e-02;1.976381e-02;1.073609e-01;1.207902e-01;7.362572e-02;6.373044e-02;2.427191e-02;1.323652e-01
1.876185e-01;6.303418e-02;3.734608e-02;9.286363e-02;2.845991e-02;1.973507e-02;1.532971e-01;1.051181e-01;2.832629e-02;6.208149e-02;3.536248e-02;1.867573e-01
1.165203e-01;5.214979e-02;4.828821e-02;1.539918e-01;2.472257e-02;2.008243e-02;1.854562e-01;5.790944e-02;2.618597e-02;6.621339e-02;3.717709e-02;2.113027e-01
8.812851e-02;5.521395e-02;4.406451e-02;1.744535e-01;1.731872e-02;2.328244e-02;2.059155e-01;3.433027e-02;2.193042e-02;6.725284e-02;2.769278e-02;2.404165e-01
8.113768e-02;4.360032e-02;6.852333e-02;1.504634e-01;2.320078e-02;3.370144e-02;2.110955e-01;2.077376e-02;1.919867e-02;5.825932e-02;5.301060e-02;2.370352e-01
8.028371e-02;2.889966e-02;1.564651e-01;9.286625e-02;4.415002e-02;5.104179e-02;1.921355e-01;4.361853e-02;3.000166e-02;5.189141e-02;6.973252e-02;1.589138e-01
6.696535e-02;3.376593e-02;2.287765e-01;5.743441e-02;6.417203e-02;5.568853e-02;1.988867e-01;4.193512e-02;4.106480e-02;5.062239e-02;6.945712e-02;9.123109e-02
7.035698e-02;3.911303e-02;1.993541e-01;3.676527e-02;6.949346e-02;4.447405e-02;1.945370e-01;3.456312e-02;3.975389e-02;6.889753e-02;9.739134e-02;1.053003e-01
5.960106e-02;2.626394e-02;9.564858e-02;3.615769e-02;4.865046e-02;4.483028e-02;1.414630e-01;3.987837e-02;3.279516e-02;1.011472e-01;1.764949e-01;1.970694e-01
7.188580e-02;2.644805e-02;7.179514e-02;4.090821e-02;2.689621e-02;2.906886e-02;1.339908e-01;3.359394e-02;3.200467e-02;1.125601e-01;2.040530e-01;2.167953e-01
7.709363e-02;1.520271e-02;4.066658e-02;3.273059e-02;2.852341e-02;2.788745e-02;1.353881e-01;1.926881e-02;4.117525e-02;1.166324e-01;2.356675e-01;2.297635e-01
9.356045e-02;1.911481e-02;8.171985e-02;1.693831e-02;2.286994e-02;2.522468e-02;1.170216e-01;2.370311e-02;3.721724e-02;9.946902e-02;2.232876e-01;2.398734e-01
8.223912e-02;2.553426e-02;6.767563e-02;2.454700e-02;2.408268e-02;3.245076e-02;1.166738e-01;3.578490e-02;3.106652e-02;9.757982e-02;2.120330e-01;2.503325e-01
1.057597e-01;4.010621e-02;6.735527e-02;2.899130e-02;1.870079e-02;2.326195e-02;1.450534e-01;3.436771e-02;3.019684e-02;9.363785e-02;1.687836e-01;2.437854e-01
1.411174e-01;5.645775e-02;1.077922e-01;2.496865e-02;2.874175e-02;3.240083e-02;1.337540e-01;2.948748e-02;2.727515e-02;7.750881e-02;1.371635e-01;2.033325e-01
1.522210e-01;3.726298e-02;7.142561e-02;2.677448e-02;2.633967e-02;2.910481e-02;1.298393e-01;1.556649e-02;2.836849e-02;9.854841e-02;1.424856e-01;2.420633e-01
1.624459e-01;1.929750e-02;1.059332e-01;3.003711e-02;1.124522e-02;1.474658e-02;1.446516e-01;1.575366e-02;1.853547e-02;1.086749e-01;1.134665e-01;2.552125e-01
1.727023e-01;2.232936e-02;7.514684e-02;2.581008e-02;1.445833e-02;1.173751e-02;1.651857e-01;1.797807e-02;2.302284e-02;9.824406e-02;1.113776e-01;2.620073e-01
1.774203e-01;1.530721e-02;6.101584e-02;2.978037e-02;1.494824e-02;1.263426e-02;1.620175e-01;3.428250e-02;3.163312e-02;9.530015e-02;1.096660e-01;2.559946e-01
2.054097e-01;2.761349e-02;8.846620e-02;2.740614e-02;1.158267e-02;1.359020e-02;1.347793e-01;3.118816e-02;2.808727e-02;9.600141e-02;9.933950e-02;2.365360e-01
2.427007e-01;1.759803e-02;1.008730e-01;2.046352e-02;1.240141e-02;1.761361e-02;1.134193e-01;4.301850e-02;2.958740e-02;1.045857e-01;8.474333e-02;2.129956e-01
2.807915e-01;3.769099e-02;1.253272e-01;1.744827e-02;8.689850e-03;2.609623e-02;7.647960e-02;7.996281e-02;4.020621e-02;9.866294e-02;6.014677e-02;1.484977e-01
3.132848e-01;3.677619e-02;1.133147e-01;1.269435e-02;1.713311e-02;3.597791e-02;8.142862e-02;1.100683e-01;5.382868e-02;7.423086e-02;5.154493e-02;9.971742e-02
3.148388e-01;5.937482e-02;1.479718e-01;2.235596e-02;3.163351e-02;3.729258e-02;7.850693e-02;1.037119e-01;4.454818e-02;5.204322e-02;4.052626e-02;6.719602e-02
2.586807e-01;1.091311e-01;1.717017e-01;4.363455e-02;5.143234e-02;2.786478e-02;8.079323e-02;8.977219e-02;3.613934e-02;3.587228e-02;5.320301e-02;4.177484e-02
2.256431e-01;1.263029e-01;1.495426e-01;4.578297e-02;7.006158e-02;2.823110e-02;8.285683e-02;1.026540e-01;3.629979e-02;2.871300e-02;6.992381e-02;3.398832e-02
2.222795e-01;1.090286e-01;1.336129e-01;3.306521e-02;8.008652e-02;1.706541e-02;6.451393e-02;1.271122e-01;4.527522e-02;3.548326e-02;9.458916e-02;3.788810e-02
2.004951e-01;8.394577e-02;1.297150e-01;2.233722e-02;8.825974e-02;2.200015e-02;6.206084e-02;1.443067e-01;5.700682e-02;3.740432e-02;1.073426e-01;4.512561e-02
1.773881e-01;6.222802e-02;1.398211e-01;2.427755e-02;1.028496e-01;3.313898e-02;6.732526e-02;1.544949e-01;5.682950e-02;3.376328e-02;1.130341e-01;3.484969e-02
1.867342e-01;5.900420e-02;1.518119e-01;2.560971e-02;1.214856e-01;4.125951e-02;7.187859e-02;1.599561e-01;2.834083e-02;1.278148e-02;1.117354e-01;2.940251e-02
1.894860e-01;5.462465e-02;1.628722e-01;3.609614e-02;1.264542e-01;3.761122e-02;8.628333e-02;1.396183e-01;2.460543e-02;2.521512e-02;8.992906e-02;2.720431e-02
2.064720e-01;4.951804e-02;1.705203e-01;4.988106e-02;1.336692e-01;2.164766e-02;8.537950e-02;1.322396e-01;1.454549e-02;3.442683e-02;7.406566e-02;2.763464e-02
2.254332e-01;5.007746e-02;1.799203e-01;5.162837e-02;1.389404e-01;1.979422e-02;7.987127e-02;1.216905e-01;1.329566e-02;3.246631e-02;6.082220e-02;2.606007e-02
2.435931e-01;5.061252e-02;1.737894e-01;5.906739e-02;1.470585e-01;1.302688e-02;9.215418e-02;1.007308e-01;1.807097e-02;1.927963e-02;5.562069e-02;2.699592e-02
2.603916e-01;6.157341e-02;1.490763e-01;5.404798e-02;1.536435e-01;1.475278e-02;1.181598e-01;7.240220e-02;1.114954e-02;1.854263e-02;5.900271e-02;2.725751e-02
2.660048e-01;7.404730e-02;1.545543e-01;3.974253e-02;1.443406e-01;2.439799e-02;1.291472e-01;5.036561e-02;1.449003e-02;1.427315e-02;6.193168e-02;2.670489e-02
2.852243e-01;1.044027e-01;1.629506e-01;2.487822e-02;1.207333e-01;2.920811e-02;9.008849e-02;4.082667e-02;3.358901e-02;2.141271e-02;6.168465e-02;2.500124e-02
2.544024e-01;1.164442e-01;1.485252e-01;2.606564e-02;7.620174e-02;3.042626e-02;1.511055e-01;3.782944e-02;4.681097e-02;3.590688e-02;5.632137e-02;1.996044e-02
2.536105e-01;1.370909e-01;1.213933e-01;2.131492e-02;4.771699e-02;2.840842e-02;1.729845e-01;4.492525e-02;5.182523e-02;4.056279e-02;5.546318e-02;2.470410e-02
2.638503e-01;1.392469e-01;1.499883e-01;2.083266e-02;4.955259e-02;2.591865e-02;1.405308e-01;4.730977e-02;4.345350e-02;3.879466e-02;5.601265e-02;2.450931e-02
2.606827e-01;1.367457e-01;1.887468e-01;1.841809e-02;4.520794e-02;2.177827e-02;1.455373e-01;4.391050e-02;3.213106e-02;3.443914e-02;4.732305e-02;2.507943e-02
2.315955e-01;1.151321e-01;1.850626e-01;2.518853e-02;5.052996e-02;2.306379e-02;1.828997e-01;3.928994e-02;3.383138e-02;3.503755e-02;4.550951e-02;3.285939e-02
2.053575e-01;8.852489e-02;2.272595e-01;4.599855e-02;5.442490e-02;2.508099e-02;1.717707e-01;3.065890e-02;3.868210e-02;4.046157e-02;3.759116e-02;3.418924e-02
1.799112e-01;9.926542e-02;2.447254e-01;6.667177e-02;4.960702e-02;2.967135e-02;1.282916e-01;2.514394e-02;4.944804e-02;4.900110e-02;3.916956e-02;3.909364e-02
1.284327e-01;9.468731e-02;2.539180e-01;7.319958e-02;6.144210e-02;4.201580e-02;6.235971e-02;4.176156e-02;5.631120e-02;8.021258e-02;5.561215e-02;5.004732e-02
5.950401e-02;5.833156e-02;2.900583e-01;6.578672e-02;7.460798e-02;4.413263e-02;5.902632e-02;4.601299e-02;7.104837e-02;8.784384e-02;9.377898e-02;4.986823e-02
4.301923e-02;5.828731e-02;1.691423e-01;5.396253e-02;7.010887e-02;5.258178e-02;1.575871e-01;9.054559e-02;1.004976e-01;9.464926e-02;5.579932e-02;5.381910e-02
9.343694e-02;8.700181e-02;1.568946e-01;1.030745e-01;7.264278e-02;6.922021e-02;1.348443e-01;9.130983e-02;7.134034e-02;6.323756e-02;2.942593e-02;2.757121e-02
1.087873e-01;1.137304e-01;1.690998e-01;1.059376e-01;6.312940e-02;7.517009e-02;1.243007e-01;7.835164e-02;5.900932e-02;5.056857e-02;2.361792e-02;2.829733e-02
7.599397e-02;1.559850e-01;1.895876e-01;1.062519e-01;5.123519e-02;7.699133e-02;1.340349e-01;4.992795e-02;4.447267e-02;5.137505e-02;2.504878e-02;3.909557e-02
1.241416e-01;1.394847e-01;2.923068e-01;6.331699e-02;4.661963e-02;4.791452e-02;9.857371e-02;3.020045e-02;4.514855e-02;4.317752e-02;2.958140e-02;3.953417e-02
1.485516e-01;1.244252e-01;3.095529e-01;5.296257e-02;5.580623e-02;4.409339e-02;7.704373e-02;3.155952e-02;4.298814e-02;3.669417e-02;3.401938e-02;4.230307e-02
1.031657e-01;1.343548e-01;2.410796e-01;7.530905e-02;7.437287e-02;5.420559e-02;1.134751e-01;3.374662e-02;4.372711e-02;4.146190e-02;2.892746e-02;5.617416e-02
9.898222e-02;1.085448e-01;1.883245e-01;7.365881e-02;7.066929e-02;5.883092e-02;1.140158e-01;3.041502e-02;7.365222e-02;6.813027e-02;4.212156e-02;7.265457e-02
1.511991e-01;1.001231e-01;1.881840e-01;5.810079e-02;5.430915e-02;5.340485e-02;4.965257e-02;3.285040e-02;9.197672e-02;8.103944e-02;6.725213e-02;7.190769e-02
1.264280e-01;7.199413e-02;2.430507e-01;7.180755e-02;5.110719e-02;5.287181e-02;6.976482e-02;3.582931e-02;8.647175e-02;7.969793e-02;6.143212e-02;4.954465e-02
5.227053e-02;7.565604e-02;2.860376e-01;7.780378e-02;6.202191e-02;5.546245e-02;9.879573e-02;4.353049e-02;8.743644e-02;6.748547e-02;5.486395e-02;3.863569e-02
1.045047e-01;6.251566e-02;2.375111e-01;4.840496e-02;7.800108e-02;5.673054e-02;6.352629e-02;5.092625e-02;9.740841e-02;8.458304e-02;7.759314e-02;3.829480e-02
1.257022e-01;3.521271e-02;2.406000e-01;4.663977e-02;9.015954e-02;4.103341e-02;6.164106e-02;5.138553e-02;6.311560e-02;9.145996e-02;9.093302e-02;6.211719e-02
1.134974e-01;4.943667e-02;2.214376e-01;4.289429e-02;8.519822e-02;3.296489e-02;1.450549e-01;4.519471e-02;3.611333e-02;8.088184e-02;8.349499e-02;6.383115e-02
1.230913e-01;5.416470e-02;1.932445e-01;4.430227e-02;8.129983e-02;4.837368e-02;1.457403e-01;4.911735e-02;6.114275e-02;8.748997e-02;6.822243e-02;4.381097e-02
9.084314e-02;1.132326e-01;1.491623e-01;4.533444e-02;3.957026e-02;4.542555e-02;2.124534e-01;4.883026e-02;9.182239e-02;7.491768e-02;5.416872e-02;3.423921e-02
8.858176e-02;6.127474e-02;1.450202e-01;4.907179e-02;7.652813e-02;6.156684e-02;2.053855e-01;3.204555e-02;6.891412e-02;8.932607e-02;7.557697e-02;4.670833e-02
8.355562e-02;5.800794e-02;1.842420e-01;6.119276e-02;8.160117e-02;7.518095e-02;1.813362e-01;2.379360e-02;4.134874e-02;6.382018e-02;8.096123e-02;6.495958e-02
1.067797e-01;6.546409e-02;2.460879e-01;7.150328e-02;7.346302e-02;7.075826e-02;1.530733e-01;2.786943e-02;2.234080e-02;3.038934e-02;7.869150e-02;5.357942e-02
1.138062e-01;4.400934e-02;2.737598e-01;7.169335e-02;5.035934e-02;5.487270e-02;1.313093e-01;3.732983e-02;4.118656e-02;3.717612e-02;9.186736e-02;5.263009e-02
7.477387e-02;7.716767e-02;2.724974e-01;6.504662e-02;4.249712e-02;3.503942e-02;1.163556e-01;3.252880e-02;4.659793e-02;6.086581e-02;1.033561e-01;7.327367e-02
1.420762e-01;1.025381e-01;2.298190e-01;6.659948e-02;3.540075e-02;2.442920e-02;1.233030e-01;2.944459e-02;3.329857e-02;5.449316e-02;8.149623e-02;7.710160e-02
2.583166e-01;8.574560e-02;1.254151e-01;7.840765e-02;3.365599e-02;3.793554e-02;1.205448e-01;3.967270e-02;2.678116e-02;4.925849e-02;6.150525e-02;8.276114e-02
2.424324e-01;1.312198e-01;1.796535e-01;5.892523e-02;4.179151e-02;2.971264e-02;1.172981e-01;3.285855e-02;5.170995e-02;4.118877e-02;3.133007e-02;4.187948e-02
2.277452e-01;1.752500e-01;1.942387e-01;4.591347e-02;3.904235e-02;3.028230e-02;1.038769e-01;3.693869e-02;5.156311e-02;3.705154e-02;2.869425e-02;2.940354e-02
2.657922e-01;1.359360e-01;1.805542e-01;5.396587e-02;4.856049e-02;3.575444e-02;8.321778e-02;5.813767e-02;2.622664e-02;3.557935e-02;3.671973e-02;3.955565e-02
2.812164e-01;8.116282e-02;2.065307e-01;3.702951e-02;5.017836e-02;3.414501e-02;8.073229e-02;6.276473e-02;4.680769e-02;2.822497e-02;4.752235e-02;4.368527e-02
2.662730e-01;1.090164e-01;1.830267e-01;2.803607e-02;4.330628e-02;3.207927e-02;9.300854e-02;5.767097e-02;4.312084e-02;2.751791e-02;5.971031e-02;5.723375e-02
2.143592e-01;1.269836e-01;1.920263e-01;6.189235e-02;4.383064e-02;3.166562e-02;5.511345e-02;5.053515e-02;4.898791e-02;4.044554e-02;7.132276e-02;6.283751e-02
1.193365e-01;1.364125e-01;1.884725e-01;6.884284e-02;6.589925e-02;4.381949e-02;5.802599e-02;4.685951e-02;5.590467e-02;7.773899e-02;7.092305e-02;6.776478e-02
6.289929e-02;1.113972e-01;1.501040e-01;4.625925e-02;8.083335e-02;7.772987e-02;1.078375e-01;6.281579e-02;7.993215e-02;9.591041e-02;3.969709e-02;8.458408e-02
7.139618e-02;8.924568e-02;1.010493e-01;9.067616e-02;8.784586e-02;9.515113e-02;1.088540e-01;3.848452e-02;1.100972e-01;8.650935e-02;4.103191e-02;7.965863e-02
7.132795e-02;5.783927e-02;1.494328e-01;1.085028e-01;1.180922e-01;6.550471e-02;7.886022e-02;4.924840e-02;7.475199e-02;1.099033e-01;5.121715e-02;6.531929e-02
5.158083e-02;8.197987e-02;1.492853e-01;7.944787e-02;1.265235e-01;6.763393e-02;8.517476e-02;6.259264e-02;6.843521e-02;1.418259e-01;1.931808e-02;6.620212e-02
5.601202e-02;7.683053e-02;1.023554e-01;8.494482e-02;9.840621e-02;6.616833e-02;8.522879e-02;5.582931e-02;8.236884e-02;1.641921e-01;4.406110e-02;8.360263e-02
5.080247e-02;6.104565e-02;6.240261e-02;9.091534e-02;8.889437e-02;6.264256e-02;9.139711e-02;7.080027e-02;9.290373e-02;1.718079e-01;6.759572e-02;8.879235e-02
6.323973e-02;5.698013e-02;6.217206e-02;7.985133e-02;7.474943e-02;7.836501e-02;1.110159e-01;8.546925e-02;7.384560e-02;1.441594e-01;1.011318e-01;6.902035e-02
9.387691e-02;4.577557e-02;9.601548e-02;7.168622e-02;5.443792e-02;1.083377e-01;7.479627e-02;7.391018e-02;9.574225e-02;1.209864e-01;9.278888e-02;7.164626e-02
6.872083e-02;4.511564e-02;1.015245e-01;8.471702e-02;5.137580e-02;9.876941e-02;6.125986e-02;7.534819e-02;8.648048e-02;1.312697e-01;9.830017e-02;9.711835e-02
3.875119e-02;7.357085e-02;8.652228e-02;6.701585e-02;6.057503e-02;1.014098e-01;8.514266e-02;6.913170e-02;7.478594e-02;1.046569e-01;1.388335e-01;9.960417e-02
5.020325e-02;5.864160e-02;1.293917e-01;7.629658e-02;7.108744e-02;7.939638e-02;9.904188e-02;5.910888e-02;7.836503e-02;1.187060e-01;1.103383e-01;6.942300e-02
6.975992e-02;6.225917e-02;1.998179e-01;6.427113e-02;7.653560e-02;5.222780e-02;1.177201e-01;5.241325e-02;9.436674e-02;1.085496e-01;7.912162e-02;2.295725e-02
7.787403e-02;5.946814e-02;2.150838e-01;5.263877e-02;8.434929e-02;4.375910e-02;1.386777e-01;5.037320e-02;9.444043e-02;9.775952e-02;5.442147e-02;3.115452e-02
6.238515e-02;5.003562e-02;1.486918e-01;5.660385e-02;1.186171e-01;9.387123e-02;2.122639e-01;5.259797e-02;7.295820e-02;5.245111e-02;3.463256e-02;4.489152e-02
6.377010e-02;6.529301e-02;1.690987e-01;5.493664e-02;9.329102e-02;8.541359e-02;2.475937e-01;5.629312e-02;5.748875e-02;3.615319e-02;4.023469e-02;3.043346e-02
5.333123e-02;9.942677e-02;1.926472e-01;3.854930e-02;8.710755e-02;6.534566e-02;2.518389e-01;5.138771e-02;6.196246e-02;3.163588e-02;4.973123e-02;1.703610e-02
7.607484e-02;1.229702e-01;1.413302e-01;4.685921e-02;8.893722e-02;6.407732e-02;2.030605e-01;6.814788e-02;6.710725e-02;4.793277e-02;4.860033e-02;2.490226e-02
6.177434e-02;1.050432e-01;2.608751e-01;7.190835e-02;8.297727e-02;5.302567e-02;1.242292e-01;4.506564e-02;5.177468e-02;8.077861e-02;3.844956e-02;2.409844e-02
1.801223e-02;7.590331e-02;4.731627e-01;5.269092e-02;6.207536e-02;3.393631e-02;8.427145e-02;1.617386e-02;3.232222e-02;1.271048e-01;1.685074e-02;7.496168e-03
1.897678e-02;6.389709e-02;5.542547e-01;2.220178e-02;4.572272e-02;1.910068e-02;7.092419e-02;8.619788e-03;2.448316e-02;1.437312e-01;1.075977e-02;1.732814e-02
2.900377e-02;5.153557e-02;4.548071e-01;5.738007e-02;5.750515e-02;4.444734e-02;8.656567e-02;1.350061e-02;1.804861e-02;1.144419e-01;3.707382e-02;3.569040e-02
3.244486e-02;6.955093e-02;3.330614e-01;9.687115e-02;5.670102e-02;5.753311e-02;9.976277e-02;1.838555e-02;4.923295e-02;8.412206e-02;6.427091e-02;3.806322e-02
8.121466e-02;8.843179e-02;2.989590e-01;1.046034e-01;6.267361e-02;4.020286e-02;1.064048e-01;1.530748e-02;4.177119e-02;7.668449e-02;5.391010e-02;2.983665e-02
1.111810e-01;1.140242e-01;2.649371e-01;1.066303e-01;5.602666e-02;2.976271e-02;1.128697e-01;1.029580e-02;4.420150e-02;8.016214e-02;1.816981e-02;5.173917e-02
5.935247e-02;1.223004e-01;4.124092e-01;5.881431e-02;4.241507e-02;2.749077e-02;6.104981e-02;1.300207e-02;5.286176e-02;8.183018e-02;2.054332e-02;4.793067e-02
2.939791e-02;1.121853e-01;5.557911e-01;2.730208e-02;3.696400e-02;2.151605e-02;2.258676e-02;1.395045e-02;5.139543e-02;8.379671e-02;1.763012e-02;2.748404e-02
2.848279e-02;1.016063e-01;6.090086e-01;3.120893e-02;3.464682e-02;1.278457e-02;3.252053e-02;6.826539e-03;3.582599e-02;8.820982e-02;1.183582e-02;7.043245e-03
