7.431151e-02;5.843334e-02;1.061407e-01;6.288118e-02;1.067412e-01;6.163194e-02;1.715299e-01;7.908861e-02;8.133081e-02;6.984308e-02;5.953028e-02;6.853744e-02
1.051782e-01;3.879537e-02;5.837150e-02;4.818946e-02;9.444062e-02;8.546168e-02;2.184607e-01;8.952103e-02;6.279385e-02;7.885431e-02;6.329644e-02;5.663688e-02
9.198564e-02;5.450788e-02;5.705991e-02;3.968253e-02;7.448640e-02;8.496648e-02;1.726942e-01;1.136282e-01;9.445273e-02;8.139054e-02;7.988109e-02;5.526438e-02
9.916888e-02;6.360245e-02;1.379251e-01;3.057299e-02;5.582792e-02;6.183137e-02;1.013168e-01;1.114900e-01;1.178756e-01;7.107064e-02;8.926310e-02;6.005518e-02
9.777028e-02;4.543341e-02;1.101737e-01;4.872798e-02;6.726720e-02;6.778838e-02;1.483845e-01;9.088311e-02;1.144900e-01;7.007632e-02;6.717441e-02;7.183066e-02
4.158221e-02;4.072909e-02;3.380330e-01;6.342911e-02;8.893488e-02;5.751059e-02;1.749036e-01;5.994685e-02;4.432482e-02;4.370458e-02;2.327102e-02;2.363031e-02
5.701702e-02;5.190485e-02;3.653163e-01;6.169079e-02;7.733601e-02;4.746636e-02;1.675203e-01;3.929119e-02;4.992739e-02;3.441514e-02;2.444667e-02;2.366790e-02
8.117299e-02;6.645153e-02;3.640669e-01;5.410554e-02;6.605584e-02;4.345838e-02;1.388088e-01;3.156587e-02;5.861378e-02;4.003326e-02;2.969377e-02;2.597337e-02
1.090704e-01;8.959955e-02;3.859929e-01;3.883780e-02;4.290996e-02;3.745911e-02;9.260186e-02;2.864799e-02;7.260684e-02;4.365698e-02;3.113710e-02;2.747947e-02
1.166004e-01;1.257179e-01;4.430685e-01;2.677937e-02;2.592461e-02;2.751365e-02;4.852068e-02;2.009233e-02;9.274345e-02;3.545476e-02;2.451191e-02;1.307240e-02
1.172200e-01;1.562175e-01;4.800963e-01;3.132810e-02;2.117166e-02;1.355385e-02;2.184620e-02;1.470651e-02;8.706461e-02;2.274375e-02;1.824546e-02;1.580606e-02
1.077244e-01;1.707835e-01;5.157038e-01;3.032856e-02;1.164232e-02;1.860145e-02;2.158735e-02;1.368168e-02;5.891275e-02;1.959742e-02;1.570275e-02;1.573407e-02
1.244418e-01;1.733169e-01;5.222551e-01;2.446495e-02;1.514875e-02;1.628441e-02;2.659735e-02;1.542045e-02;3.497582e-02;1.497712e-02;1.781217e-02;1.430521e-02
1.683921e-01;1.699429e-01;5.003867e-01;1.594741e-02;1.968132e-02;1.346574e-02;2.062925e-02;9.314637e-03;3.209548e-02;1.437109e-02;2.185822e-02;1.391513e-02
1.800960e-01;1.627986e-01;5.006195e-01;1.654718e-02;2.316598e-02;1.012223e-02;1.782075e-02;1.745050e-02;2.332290e-02;1.104566e-02;1.906511e-02;1.794557e-02
1.290530e-01;1.691089e-01;4.798645e-01;2.831688e-02;2.689825e-02;2.056478e-02;3.602185e-02;1.795116e-02;3.598251e-02;2.036419e-02;1.847776e-02;1.739622e-02
9.439134e-02;1.469330e-01;4.334859e-01;4.104372e-02;3.835481e-02;2.772174e-02;5.535248e-02;2.869677e-02;6.953222e-02;2.530586e-02;2.038790e-02;1.879426e-02
1.391808e-01;1.539880e-01;3.614923e-01;2.973670e-02;3.651761e-02;2.038205e-02;4.433358e-02;5.463734e-02;1.062070e-01;1.804373e-02;1.597851e-02;1.950240e-02
1.999422e-01;1.776406e-01;2.873013e-01;1.341394e-02;3.697764e-02;1.116150e-02;2.101520e-02;6.965754e-02;1.353882e-01;1.061819e-02;1.773946e-02;1.914432e-02
2.418413e-01;1.626985e-01;2.467976e-01;1.293847e-02;5.547309e-02;9.224291e-03;1.561119e-02;9.641214e-02;1.064877e-01;1.151162e-02;1.940080e-02;2.160335e-02
2.826223e-01;1.150746e-01;2.096660e-01;8.950788e-03;6.406400e-02;8.562971e-03;1.899547e-02;1.498326e-01;7.802250e-02;1.358450e-02;2.207287e-02;2.855147e-02
2.933364e-01;8.950996e-02;1.915978e-01;1.083720e-02;5.366424e-02;9.131197e-03;4.489487e-02;1.816971e-01;5.573872e-02;1.116543e-02;2.376757e-02;3.465960e-02
2.985254e-01;6.371692e-02;1.577467e-01;1.446482e-02;5.730885e-02;1.342674e-02;8.057974e-02;1.861428e-01;3.412256e-02;1.485944e-02;3.107180e-02;4.803424e-02
3.426313e-01;1.925047e-02;3.750439e-02;2.106474e-02;6.995303e-02;2.804875e-02;1.212201e-01;1.670125e-01;4.381741e-02;2.723591e-02;4.793122e-02;7.433023e-02
2.969817e-01;5.045245e-02;2.377095e-01;1.746388e-02;4.528732e-02;1.740156e-02;5.569202e-02;1.050474e-01;3.209275e-02;2.841372e-02;4.939315e-02;6.406455e-02
3.298371e-01;6.594195e-02;2.518047e-01;1.709020e-02;2.328828e-02;1.377960e-02;3.486460e-02;1.152024e-01;2.651397e-02;2.197741e-02;4.549642e-02;5.420337e-02
3.214189e-01;7.251016e-02;2.733398e-01;1.097800e-02;1.703782e-02;8.228232e-03;4.767234e-02;1.152876e-01;1.833473e-02;1.668467e-02;4.197112e-02;5.653668e-02
2.893895e-01;7.864148e-02;2.623858e-01;1.764955e-02;2.128389e-02;1.342950e-02;5.333432e-02;1.101783e-01;4.398425e-02;2.114636e-02;4.099571e-02;4.758121e-02
2.249141e-01;1.221887e-01;2.659256e-01;2.336588e-02;3.543234e-02;1.714949e-02;5.127328e-02;9.397008e-02;8.249602e-02;2.232738e-02;3.338713e-02;2.756994e-02
1.993269e-01;1.204003e-01;2.705578e-01;2.291801e-02;5.092642e-02;1.747269e-02;3.964695e-02;1.018660e-01;1.027813e-01;1.450753e-02;3.713642e-02;2.245975e-02
2.417745e-01;1.059244e-01;2.065165e-01;1.334088e-02;4.858164e-02;1.094434e-02;3.480596e-02;1.557844e-01;9.439878e-02;1.251724e-02;4.573794e-02;2.967347e-02
2.828974e-01;9.910926e-02;1.858024e-01;7.010173e-03;4.941372e-02;7.430722e-03;2.098361e-02;2.098791e-01;4.657206e-02;2.058333e-02;3.850241e-02;3.181582e-02
2.812033e-01;9.738662e-02;1.836932e-01;1.020192e-02;4.714774e-02;5.769758e-03;1.007342e-02;2.317744e-01;5.949380e-02;1.724178e-02;2.781774e-02;2.819625e-02
2.750165e-01;9.432452e-02;1.812654e-01;1.293409e-02;4.921830e-02;7.076919e-03;2.596268e-02;2.360401e-01;5.705872e-02;1.131102e-02;2.478010e-02;2.501168e-02
2.979840e-01;9.490905e-02;1.805980e-01;1.571661e-02;5.116942e-02;1.257656e-02;2.076003e-02;2.377530e-01;2.786392e-02;9.905456e-03;2.442670e-02;2.633723e-02
3.142804e-01;1.004812e-01;1.744059e-01;1.478728e-02;4.897439e-02;1.154600e-02;2.998887e-02;2.104888e-01;2.563144e-02;1.253477e-02;2.363301e-02;3.324798e-02
3.158849e-01;1.017864e-01;1.940381e-01;1.103656e-02;3.426263e-02;9.460608e-03;3.742417e-02;1.817802e-01;2.385195e-02;2.099580e-02;2.698899e-02;4.248962e-02
2.857697e-01;8.497439e-02;1.997615e-01;1.437917e-02;2.396047e-02;1.228848e-02;7.674361e-02;1.534867e-01;2.727122e-02;2.447431e-02;3.951443e-02;5.737610e-02
2.750085e-01;6.172093e-02;5.448502e-02;2.472662e-02;2.908656e-02;2.715660e-02;1.317200e-01;1.372166e-01;3.897460e-02;4.725893e-02;9.000511e-02;8.264050e-02
1.476256e-01;5.654522e-02;3.160411e-01;2.955038e-02;3.270308e-02;1.832850e-02;8.029944e-02;4.195576e-02;4.073690e-02;6.976097e-02;1.111435e-01;5.530949e-02
9.995092e-02;7.157277e-02;3.070325e-01;4.062583e-02;3.934046e-02;2.665843e-02;6.063461e-02;8.689404e-02;4.376263e-02;8.584006e-02;9.945839e-02;3.822938e-02
7.592359e-02;7.387342e-02;1.945915e-01;5.204948e-02;4.861962e-02;4.147143e-02;6.507968e-02;1.776467e-01;6.243870e-02;1.006184e-01;6.271674e-02;4.497078e-02
6.797209e-02;7.491647e-02;1.265731e-01;4.737970e-02;6.252874e-02;6.587509e-02;8.409466e-02;1.652909e-01;8.678903e-02;1.058053e-01;4.994793e-02;6.282701e-02
6.329849e-02;7.196280e-02;1.159694e-01;4.210102e-02;7.205810e-02;7.483000e-02;1.033018e-01;1.338312e-01;1.092852e-01;1.108802e-01;3.874639e-02;6.373540e-02
6.891052e-02;7.849276e-02;1.737045e-01;5.163530e-02;7.023310e-02;6.445107e-02;1.281334e-01;9.459621e-02;9.752032e-02;1.044012e-01;3.202763e-02;3.589404e-02
5.359786e-02;8.894056e-02;1.699332e-01;4.489666e-02;7.125016e-02;6.415439e-02;1.194821e-01;9.293659e-02;1.248676e-01;9.975998e-02;4.348278e-02;2.669818e-02
5.212657e-02;9.959006e-02;1.333001e-01;5.196363e-02;8.632465e-02;7.675153e-02;7.624749e-02;1.152929e-01;1.541872e-01;6.998253e-02;4.647470e-02;3.775874e-02
6.715500e-02;4.959952e-02;3.151905e-01;7.109229e-02;6.751189e-02;4.623439e-02;1.131754e-01;5.756184e-02;8.079553e-02;4.425331e-02;4.068847e-02;4.674184e-02
9.928443e-02;8.108774e-02;3.863010e-01;5.845256e-02;6.440330e-02;3.950420e-02;1.193287e-01;2.811809e-02;2.411660e-02;3.458937e-02;2.723539e-02;3.757858e-02
1.079978e-01;8.357959e-02;3.560275e-01;5.726715e-02;7.587200e-02;4.558424e-02;1.139793e-01;2.430716e-02;2.002115e-02;3.300859e-02;4.104434e-02;4.131119e-02
7.356736e-02;6.070302e-02;2.813605e-01;5.201051e-02;7.591086e-02;4.738701e-02;1.622365e-01;3.103022e-02;2.897114e-02;5.391018e-02;7.174282e-02;6.116983e-02
2.655978e-02;3.295333e-02;2.298266e-01;3.234138e-02;4.839794e-02;5.650005e-02;1.997613e-01;3.473368e-02;3.800989e-02;8.405537e-02;1.311853e-01;8.567539e-02
1.508765e-02;2.673279e-02;7.214596e-02;2.182566e-02;3.661618e-02;8.899529e-02;1.693081e-01;4.376047e-02;3.359991e-02;1.378234e-01;2.492121e-01;1.048925e-01
3.329083e-02;2.586152e-02;6.369577e-02;2.797760e-02;5.881354e-02;7.121654e-02;1.164615e-01;3.879108e-02;4.730016e-02;1.747361e-01;2.649903e-01;7.686498e-02
9.056404e-02;7.688947e-02;1.822247e-01;4.062645e-02;8.288946e-02;5.539028e-02;9.378296e-02;4.069414e-02;3.753289e-02;1.130070e-01;1.364594e-01;4.993930e-02
1.842350e-01;1.142123e-01;2.415514e-01;3.712881e-02;6.853930e-02;5.973319e-02;5.109866e-02;4.593366e-02;2.310203e-02;5.460867e-02;6.760754e-02;5.224939e-02
2.873550e-01;1.141165e-01;2.081891e-01;2.086329e-02;4.263551e-02;3.789357e-02;7.883598e-02;6.274527e-02;1.703306e-02;3.108472e-02;4.165877e-02;5.758925e-02
3.701181e-01;9.731402e-02;1.145252e-01;2.549480e-02;2.310419e-02;2.068745e-02;1.266600e-01;9.063271e-02;8.892709e-03;2.189719e-02;2.792067e-02;7.275299e-02
3.550514e-01;7.485217e-02;7.133155e-02;3.795395e-02;2.804849e-02;2.470657e-02;1.571438e-01;1.110179e-01;9.143990e-03;3.184048e-02;2.409379e-02;7.481597e-02
2.707509e-01;4.907377e-02;7.929998e-02;5.495946e-02;3.515395e-02;2.702805e-02;1.918624e-01;1.155191e-01;1.745602e-02;4.443691e-02;2.754952e-02;8.690998e-02
2.093828e-01;3.851688e-02;7.402333e-02;5.791537e-02;2.158741e-02;3.160495e-02;2.409567e-01;1.144361e-01;2.085974e-02;6.096181e-02;3.041232e-02;9.934259e-02
1.935977e-01;7.565163e-02;9.970535e-02;4.754596e-02;1.273933e-02;2.516357e-02;2.197955e-01;1.020431e-01;1.956381e-02;6.151929e-02;5.008931e-02;9.258545e-02
1.578682e-01;7.555044e-02;1.153528e-01;4.277224e-02;2.624334e-02;4.061845e-02;2.241595e-01;8.017047e-02;1.357114e-02;7.041226e-02;7.570898e-02;7.757214e-02
1.278985e-01;4.892650e-02;1.068014e-01;3.840035e-02;4.367283e-02;4.265822e-02;2.652154e-01;5.630393e-02;2.999843e-02;9.099126e-02;8.397621e-02;6.515703e-02
1.383812e-01;3.794617e-02;9.439993e-02;4.966725e-02;4.044647e-02;3.432852e-02;2.412110e-01;6.156299e-02;5.785020e-02;9.178559e-02;7.452630e-02;7.789446e-02
1.801261e-01;3.709864e-02;8.091751e-02;4.403044e-02;3.531190e-02;3.909519e-02;2.225318e-01;8.766076e-02;4.890748e-02;5.862766e-02;7.268858e-02;9.300399e-02
1.682504e-01;3.971172e-02;6.212903e-02;4.119463e-02;3.601943e-02;5.461722e-02;2.303238e-01;1.026755e-01;4.691668e-02;6.963034e-02;5.715023e-02;9.138104e-02
2.015402e-01;6.620800e-02;1.154027e-01;3.231371e-02;5.051513e-02;4.820962e-02;1.517031e-01;9.530049e-02;3.958727e-02;6.842332e-02;4.687268e-02;8.392372e-02
2.301018e-01;5.900111e-02;1.217486e-01;2.804797e-02;6.534536e-02;4.302453e-02;1.113766e-01;9.727785e-02;5.134161e-02;6.362783e-02;5.667258e-02;7.243415e-02
1.708929e-01;5.353573e-02;9.014791e-02;3.616367e-02;7.968651e-02;4.609491e-02;1.767380e-01;8.373449e-02;6.115455e-02;6.744491e-02;6.551120e-02;6.889515e-02
1.052110e-01;5.730131e-02;1.019737e-01;4.026525e-02;8.189376e-02;5.540068e-02;2.039678e-01;7.455935e-02;9.184151e-02;7.654272e-02;5.208465e-02;5.895829e-02
1.283738e-01;6.671651e-02;1.248397e-01;3.904755e-02;5.431753e-02;6.295692e-02;2.129403e-01;7.745543e-02;7.199772e-02;5.525317e-02;5.893664e-02;4.716471e-02
1.182588e-01;7.028851e-02;1.322071e-01;5.201194e-02;4.704083e-02;6.207589e-02;1.824397e-01;9.868092e-02;6.382217e-02;6.126471e-02;6.813567e-02;4.377380e-02
1.074885e-01;7.401817e-02;1.316694e-01;5.538620e-02;4.246504e-02;6.300434e-02;1.570515e-01;1.064181e-01;7.781202e-02;7.829429e-02;6.642474e-02;3.996760e-02
8.780927e-02;8.813515e-02;1.761738e-01;5.750790e-02;6.915759e-02;5.864966e-02;8.732823e-02;9.710984e-02;9.627925e-02;1.014284e-01;5.482386e-02;2.559713e-02
8.347363e-02;7.610843e-02;3.326262e-01;7.464169e-02;1.042653e-01;5.223064e-02;8.394866e-02;4.413728e-02;2.117719e-02;6.639663e-02;4.348703e-02;1.750732e-02
1.242172e-01;1.135202e-01;3.100052e-01;7.421937e-02;7.374132e-02;3.765093e-02;9.480423e-02;4.323272e-02;3.791657e-02;3.515841e-02;3.584652e-02;1.968721e-02
2.029967e-01;1.473273e-01;2.449341e-01;6.317145e-02;5.437049e-02;2.580356e-02;7.925177e-02;6.273326e-02;4.408871e-02;2.039823e-02;3.206470e-02;2.285974e-02
3.010050e-01;1.764566e-01;1.380022e-01;4.450845e-02;6.030881e-02;2.302520e-02;4.855663e-02;8.633164e-02;6.213097e-02;1.099208e-02;2.977578e-02;1.890663e-02
3.450074e-01;1.961998e-01;1.147745e-01;1.813796e-02;6.924450e-02;1.606826e-02;2.907204e-02;8.820084e-02;7.649445e-02;5.549988e-03;2.516250e-02;1.608766e-02
3.213544e-01;2.431551e-01;1.232568e-01;1.091951e-02;5.776946e-02;2.483303e-02;9.833350e-03;6.411871e-02;1.036623e-01;6.291202e-03;2.008894e-02;1.471708e-02
2.142014e-01;2.636424e-01;1.740904e-01;1.354553e-02;3.276581e-02;6.109387e-02;1.233880e-02;3.853091e-02;1.620302e-01;6.756406e-03;1.101195e-02;9.992295e-03
1.145851e-01;2.638901e-01;2.268523e-01;1.224901e-02;1.339893e-02;9.359901e-02;2.299230e-02;2.148057e-02;1.956015e-01;1.895793e-02;8.015222e-03;8.378060e-03
3.830618e-02;2.188936e-01;3.414859e-01;1.704179e-02;1.986470e-02;7.697456e-02;3.465046e-02;1.531131e-02;1.739736e-01;4.286691e-02;5.958820e-03;1.467220e-02
3.107192e-02;1.539021e-01;4.277369e-01;2.692255e-02;1.983911e-02;3.625691e-02;3.450049e-02;2.774079e-02;1.371801e-01;7.722601e-02;8.544567e-03;1.907851e-02
3.331339e-02;1.126493e-01;4.779895e-01;2.185850e-02;1.426811e-02;3.129487e-02;2.701394e-02;1.877235e-02;9.671421e-02;1.365722e-01;1.114310e-02;1.841056e-02
4.168081e-02;8.831353e-02;5.361605e-01;2.535082e-02;1.923172e-02;2.472690e-02;2.227333e-02;9.599176e-03;4.829748e-02;1.565042e-01;1.309160e-02;1.476990e-02
5.721396e-02;6.973647e-02;5.708555e-01;2.684095e-02;2.456008e-02;2.437119e-02;3.073926e-02;1.169828e-02;3.216155e-02;1.210781e-01;1.503492e-02;1.570975e-02
4.963785e-02;4.719673e-02;6.473119e-01;4.177088e-02;2.664790e-02;2.194099e-02;3.574291e-02;1.343241e-02;1.311711e-02;8.478845e-02;8.828549e-03;9.584416e-03
3.796370e-02;2.766823e-02;6.965184e-01;6.436283e-02;3.418031e-02;1.173800e-02;3.099252e-02;7.688939e-03;2.473796e-02;4.829642e-02;1.106303e-02;4.789668e-03
2.862406e-02;1.996436e-02;6.868011e-01;1.054154e-01;4.300947e-02;2.082281e-02;2.150560e-02;4.428388e-03;2.324312e-02;2.436636e-02;1.753272e-02;4.286519e-03
1.737193e-02;1.929406e-02;6.376924e-01;1.503680e-01;5.179697e-02;3.554629e-02;1.367891e-02;1.073190e-02;1.669210e-02;2.007155e-02;2.173486e-02;5.021099e-03
1.227455e-02;1.774406e-02;5.757473e-01;1.850334e-01;7.353176e-02;4.306181e-02;1.795274e-02;1.672926e-02;1.440695e-02;1.668922e-02;2.219452e-02;4.634424e-03
7.646565e-03;1.834214e-02;5.207292e-01;2.096175e-01;1.047404e-01;4.031399e-02;2.032100e-02;2.412441e-02;1.291764e-02;1.524257e-02;2.198991e-02;4.014760e-03
7.958746e-03;1.826698e-02;4.704399e-01;2.223090e-01;1.438591e-01;4.174940e-02;1.327280e-02;2.506179e-02;1.114831e-02;1.560316e-02;2.562262e-02;4.708176e-03
6.630225e-03;1.680156e-02;4.842425e-01;1.898009e-01;1.493140e-01;4.524729e-02;3.967493e-02;1.747692e-02;1.045724e-02;1.759778e-02;1.780711e-02;4.949442e-03
5.735453e-03;1.672050e-02;5.238488e-01;1.807624e-01;1.521442e-01;4.958955e-02;1.331667e-02;1.549709e-02;1.097422e-02;1.474800e-02;1.458458e-02;2.078500e-03
1.031511e-02;1.447232e-02;5.472295e-01;1.554897e-01;1.418958e-01;4.631871e-02;3.101460e-02;1.822112e-02;6.682183e-03;1.124798e-02;1.156462e-02;5.548282e-03
1.443040e-02;1.869200e-02;5.954810e-01;1.227176e-01;1.289881e-01;4.183969e-02;1.600863e-02;1.679646e-02;1.326023e-02;1.650525e-02;1.006499e-02;5.215676e-03
1.799250e-02;2.264836e-02;6.061242e-01;7.934766e-02;1.109869e-01;4.327930e-02;4.458447e-02;8.390359e-03;1.796087e-02;1.927777e-02;1.972093e-02;9.686683e-03
3.615933e-02;3.186179e-02;5.134097e-01;5.675786e-02;1.009108e-01;5.310480e-02;8.310878e-02;2.359199e-02;1.896619e-02;4.898879e-02;2.240144e-02;1.073861e-02
4.840628e-02;2.694574e-02;3.695211e-01;5.919921e-02;8.977114e-02;6.579015e-02;1.077997e-01;5.875632e-02;5.860576e-02;8.086906e-02;1.691481e-02;1.742076e-02
6.493763e-02;3.830153e-02;2.155766e-01;8.188421e-02;9.955359e-02;9.310252e-02;8.706947e-02;7.277036e-02;9.172639e-02;1.075475e-01;3.184883e-02;1.568143e-02
7.355565e-02;3.415566e-02;1.537698e-01;8.365904e-02;1.153037e-01;1.157953e-01;6.894420e-02;7.349033e-02;8.323705e-02;1.366794e-01;4.520021e-02;1.620973e-02
5.868623e-02;4.687790e-02;1.367653e-01;5.460502e-02;9.143148e-02;1.251570e-01;1.042506e-01;9.733704e-02;8.850235e-02;1.121032e-01;5.572518e-02;2.855868e-02
5.858409e-02;4.910082e-02;1.243544e-01;5.866969e-02;7.758849e-02;1.046690e-01;1.171655e-01;8.286728e-02;1.216222e-01;1.135985e-01;5.291770e-02;3.886234e-02
6.437519e-02;4.232123e-02;1.244548e-01;7.409517e-02;8.969231e-02;9.965602e-02;1.072904e-01;5.911619e-02;1.399278e-01;1.074591e-01;3.963451e-02;5.197717e-02
7.549995e-02;4.649531e-02;1.292544e-01;6.507434e-02;1.219572e-01;6.590241e-02;9.998810e-02;6.076414e-02;1.458737e-01;7.820023e-02;3.717487e-02;7.381535e-02
7.644120e-02;5.771188e-02;1.129204e-01;6.161669e-02;1.550042e-01;5.455428e-02;9.631310e-02;5.382270e-02;1.392604e-01;9.793359e-02;2.445671e-02;6.996490e-02
7.284246e-02;6.304459e-02;9.374801e-02;6.214087e-02;1.439649e-01;7.638728e-02;8.143178e-02;6.460484e-02;1.165265e-01;1.084868e-01;3.374999e-02;8.307209e-02
8.167833e-02;5.176130e-02;1.318593e-01;6.701300e-02;1.043204e-01;5.306798e-02;7.643078e-02;6.946052e-02;1.336432e-01;1.109120e-01;6.578242e-02;5.407077e-02
7.098934e-02;5.637901e-02;1.338779e-01;7.372160e-02;8.483470e-02;5.949309e-02;1.122009e-01;8.592424e-02;1.070255e-01;1.103176e-01;7.521976e-02;3.001643e-02
6.601950e-02;5.316867e-02;1.313312e-01;6.671778e-02;6.741554e-02;8.070836e-02;1.242074e-01;8.854111e-02;1.111159e-01;8.621511e-02;7.046308e-02;5.409630e-02
6.045569e-02;4.275044e-02;7.864670e-02;4.758916e-02;6.967090e-02;7.828385e-02;1.261361e-01;1.279790e-01;1.179490e-01;1.084910e-01;7.358605e-02;6.846219e-02
6.378737e-02;3.354483e-02;7.149655e-02;5.192144e-02;6.739594e-02;3.852774e-02;1.431051e-01;1.251128e-01;1.476156e-01;1.279968e-01;7.874472e-02;5.075103e-02
1.070083e-01;3.303041e-02;9.434444e-02;7.356982e-02;7.939922e-02;3.514488e-02;1.280042e-01;1.425176e-01;9.908418e-02;9.516568e-02;8.049898e-02;3.223236e-02
1.268242e-01;4.520107e-02;1.113022e-01;9.548659e-02;8.330949e-02;2.556968e-02;5.917672e-02;1.601352e-01;1.036953e-01;6.545603e-02;9.025557e-02;3.358796e-02
9.714368e-02;2.815990e-02;1.235252e-01;9.266102e-02;6.095700e-02;3.821147e-02;1.035360e-01;1.524461e-01;1.045355e-01;5.890004e-02;1.004472e-01;3.947686e-02
8.024221e-02;3.828490e-02;1.571368e-01;5.582368e-02;5.440763e-02;3.760817e-02;1.049126e-01;1.272666e-01;8.781105e-02;7.643332e-02;1.284207e-01;5.165238e-02
8.757583e-02;7.374829e-02;1.324700e-01;5.853377e-02;4.442223e-02;4.926725e-02;9.836839e-02;1.011664e-01;7.703779e-02;9.653460e-02;1.176649e-01;6.321055e-02
6.280058e-02;7.294636e-02;1.128153e-01;7.418569e-02;8.021560e-02;7.112813e-02;1.543057e-01;7.874915e-02;6.399453e-02;8.281239e-02;8.016285e-02;6.588367e-02
6.800513e-02;4.744011e-02;1.038544e-01;6.967288e-02;7.963520e-02;5.797732e-02;1.535602e-01;1.011100e-01;1.127907e-01;7.367571e-02;9.202337e-02;4.025498e-02
1.011405e-01;5.090155e-02;1.359767e-01;6.042713e-02;7.255702e-02;5.826997e-02;1.300420e-01;1.020544e-01;8.844341e-02;7.069708e-02;1.017392e-01;2.775105e-02
8.125586e-02;5.271562e-02;1.434280e-01;8.321557e-02;5.794500e-02;4.552776e-02;1.438538e-01;9.104906e-02;7.573602e-02;7.170898e-02;1.041443e-01;4.941995e-02
6.885809e-02;9.663036e-02;1.552286e-01;8.263731e-02;4.019520e-02;4.157300e-02;1.189875e-01;7.012831e-02;7.504237e-02;5.264177e-02;1.125926e-01;8.548487e-02
8.125447e-02;8.809596e-02;1.370742e-01;5.444860e-02;5.800634e-02;3.989419e-02;9.023990e-02;5.139720e-02;1.201771e-01;9.125197e-02;1.113585e-01;7.680160e-02
9.039082e-02;7.599767e-02;1.025953e-01;3.073808e-02;8.031438e-02;5.911433e-02;1.391491e-01;4.171881e-02;1.196395e-01;1.046921e-01;1.108604e-01;4.478953e-02
8.256141e-02;4.351399e-02;1.111073e-01;5.237700e-02;9.436332e-02;8.321088e-02;1.833237e-01;6.682937e-02;1.009427e-01;7.196210e-02;5.806195e-02;5.174632e-02
6.578978e-02;3.085706e-02;1.209689e-01;6.211629e-02;8.758294e-02;7.578415e-02;1.406203e-01;9.401549e-02;1.384708e-01;8.502015e-02;4.282096e-02;5.595313e-02
4.610931e-02;4.187493e-02;1.321701e-01;4.862548e-02;9.290000e-02;6.930097e-02;1.110357e-01;1.047766e-01;1.269869e-01;1.147309e-01;4.782960e-02;6.365957e-02
3.886076e-02;4.384875e-02;1.526439e-01;3.893696e-02;9.003042e-02;7.186980e-02;1.363403e-01;1.068571e-01;9.998861e-02;1.172452e-01;5.929344e-02;4.408483e-02
7.846404e-02;5.413886e-02;1.218368e-01;4.796774e-02;8.798724e-02;8.895738e-02;1.285722e-01;9.594423e-02;9.143367e-02;9.199166e-02;8.372223e-02;2.898399e-02
8.883520e-02;7.535054e-02;8.932203e-02;5.844872e-02;8.354397e-02;1.006833e-01;1.287707e-01;7.388120e-02;7.318370e-02;1.010354e-01;9.225122e-02;3.469403e-02
7.528432e-02;8.386197e-02;1.078043e-01;7.579993e-02;7.281758e-02;9.937509e-02;1.015116e-01;1.147262e-01;2.974648e-02;9.225520e-02;9.133848e-02;5.547890e-02
5.925646e-02;6.566568e-02;1.150855e-01;6.380221e-02;6.715811e-02;7.090389e-02;1.386255e-01;1.286177e-01;9.446160e-02;7.125219e-02;8.242524e-02;4.274588e-02
7.633308e-02;4.172986e-02;1.206542e-01;4.823289e-02;7.613961e-02;4.736112e-02;1.790436e-01;6.651486e-02;1.180616e-01;6.845453e-02;9.930325e-02;5.817138e-02
7.445718e-02;5.851388e-02;8.598542e-02;6.588521e-02;7.522143e-02;4.671513e-02;1.098569e-01;6.772536e-02;1.495160e-01;9.894395e-02;1.186032e-01;4.857635e-02
2.936988e-02;6.457338e-02;9.207940e-02;6.832156e-02;5.464229e-02;5.054856e-02;1.415403e-01;5.150577e-02;1.588701e-01;9.417959e-02;1.371101e-01;5.725909e-02
2.733007e-02;8.301254e-02;1.071782e-01;7.978453e-02;4.599151e-02;6.546994e-02;1.488566e-01;5.568312e-02;1.127304e-01;7.031054e-02;1.179483e-01;8.570425e-02
4.515456e-02;7.333726e-02;1.768603e-01;8.654485e-02;7.532324e-02;4.943660e-02;1.301570e-01;5.191959e-02;9.949690e-02;5.235136e-02;7.772341e-02;8.169495e-02
9.260862e-02;7.138702e-02;2.585798e-01;6.827964e-02;7.529209e-02;6.861485e-02;1.372814e-01;6.481253e-02;5.917775e-02;3.976067e-02;3.308896e-02;3.111661e-02
1.412400e-01;9.957907e-02;2.394141e-01;6.262980e-02;6.237686e-02;5.618741e-02;1.157029e-01;7.819936e-02;5.703532e-02;3.176012e-02;2.650058e-02;2.937456e-02
2.130910e-01;1.180035e-01;2.099821e-01;5.429818e-02;5.332636e-02;4.688322e-02;7.495783e-02;9.233365e-02;5.507747e-02;2.564701e-02;2.375386e-02;3.264587e-02
3.266008e-01;1.326274e-01;1.609839e-01;3.453233e-02;3.250178e-02;3.751811e-02;6.113646e-02;1.044675e-01;3.723864e-02;1.634875e-02;1.978344e-02;3.626087e-02
3.640492e-01;1.756813e-01;1.752920e-01;1.853017e-02;1.896433e-02;2.270214e-02;5.053944e-02;7.785624e-02;3.337087e-02;8.771500e-03;1.649855e-02;3.774421e-02
2.878692e-01;1.805357e-01;2.014641e-01;2.585016e-02;2.721262e-02;2.076419e-02;7.450918e-02;5.661200e-02;3.383962e-02;1.973947e-02;2.635424e-02;4.524957e-02
1.416861e-01;1.394248e-01;2.338914e-01;4.413825e-02;4.123047e-02;3.111117e-02;1.593924e-01;5.104666e-02;3.399539e-02;4.013075e-02;3.536479e-02;4.858791e-02
1.559336e-01;5.951025e-02;2.359520e-01;3.697353e-02;4.699902e-02;4.820291e-02;2.192819e-01;3.956392e-02;2.576242e-02;4.628199e-02;3.871054e-02;4.682789e-02
2.628155e-01;5.024351e-02;1.533534e-01;2.068379e-02;3.339054e-02;3.698443e-02;2.163255e-01;5.347157e-02;3.698794e-02;4.497098e-02;3.165153e-02;5.912138e-02
3.528647e-01;4.399968e-02;1.246296e-01;2.208918e-02;4.127211e-02;3.278437e-02;1.518142e-01;4.665369e-02;3.266738e-02;4.726921e-02;4.739321e-02;5.656256e-02
3.294470e-01;1.176682e-01;1.556824e-01;2.851007e-02;3.804198e-02;2.952322e-02;8.486775e-02;3.406492e-02;3.162493e-02;4.337507e-02;4.629213e-02;6.090235e-02
2.981949e-01;1.253305e-01;1.741459e-01;2.723244e-02;2.780401e-02;2.904706e-02;1.019150e-01;1.996722e-02;3.567328e-02;4.105081e-02;5.314715e-02;6.649187e-02
2.794955e-01;1.105643e-01;1.091916e-01;2.842595e-02;3.973670e-02;2.719908e-02;1.286128e-01;4.706339e-02;4.587156e-02;5.576698e-02;6.635055e-02;6.172168e-02
2.263067e-01;7.232937e-02;1.305940e-01;2.711281e-02;5.939534e-02;3.434601e-02;1.394695e-01;7.695533e-02;4.598282e-02;8.037964e-02;7.338654e-02;3.374200e-02
1.252959e-01;8.454393e-02;1.539728e-01;4.622601e-02;4.985153e-02;4.540700e-02;1.439147e-01;9.500860e-02;6.950598e-02;6.361241e-02;7.620480e-02;4.645634e-02
1.151775e-01;8.497737e-02;1.517453e-01;5.728979e-02;4.195403e-02;6.488082e-02;1.490350e-01;6.881908e-02;8.090250e-02;6.147489e-02;8.294823e-02;4.079551e-02
2.144843e-01;9.384294e-02;1.328121e-01;5.345903e-02;4.403047e-02;5.271871e-02;1.029865e-01;4.810052e-02;7.097229e-02;6.044848e-02;6.221393e-02;6.393066e-02
1.006452e-01;5.035687e-02;1.026495e-01;9.530956e-02;1.044851e-01;5.911747e-02;8.917847e-02;5.741004e-02;9.568343e-02;1.153031e-01;6.425420e-02;6.560715e-02
9.118460e-02;3.312220e-02;1.051521e-01;1.113431e-01;1.165788e-01;4.989741e-02;8.497752e-02;5.731616e-02;1.071745e-01;1.320260e-01;6.121903e-02;5.000859e-02
1.067491e-01;3.465977e-02;1.099468e-01;1.211979e-01;1.256123e-01;4.737233e-02;7.546955e-02;4.962922e-02;1.074478e-01;1.328998e-01;5.545879e-02;3.355655e-02
1.152387e-01;5.635531e-02;1.296525e-01;1.222399e-01;1.252296e-01;5.145973e-02;8.309925e-02;3.628123e-02;9.605989e-02;1.101787e-01;4.705160e-02;2.715361e-02
7.665992e-02;8.060355e-02;1.478336e-01;9.086055e-02;1.022872e-01;7.903362e-02;1.490930e-01;4.589327e-02;7.452738e-02;7.672542e-02;4.584413e-02;3.063835e-02
5.886204e-02;7.145401e-02;2.532980e-01;6.724747e-02;5.835936e-02;4.762882e-02;1.715216e-01;4.729750e-02;5.928573e-02;7.660343e-02;5.282591e-02;3.561607e-02
8.846512e-02;7.726853e-02;2.974309e-01;5.062381e-02;5.099412e-02;2.882494e-02;9.374099e-02;7.847762e-02;9.756373e-02;6.328947e-02;4.992314e-02;2.339765e-02
1.321883e-01;7.692451e-02;2.350481e-01;2.701649e-02;3.764188e-02;1.694361e-02;1.115017e-01;1.234862e-01;1.130486e-01;4.733464e-02;4.860241e-02;3.026365e-02
1.477900e-01;6.506689e-02;1.620244e-01;1.731931e-02;2.944810e-02;1.924580e-02;1.699746e-01;1.674530e-01;8.454069e-02;3.367618e-02;4.715948e-02;5.630160e-02
5.938081e-02;7.390656e-02;1.358551e-01;2.659171e-02;3.161276e-02;4.422319e-02;2.564878e-01;1.621979e-01;2.950241e-02;4.447490e-02;5.690661e-02;7.886027e-02
1.759804e-01;7.105481e-02;1.895819e-01;1.792486e-02;2.164698e-02;3.665558e-02;2.047209e-01;8.342830e-02;3.819212e-02;3.741010e-02;5.289725e-02;7.050675e-02
2.644973e-01;4.719056e-02;1.680956e-01;1.504015e-02;1.225869e-02;2.347764e-02;1.465488e-01;1.188074e-01;3.815552e-02;3.900726e-02;4.532657e-02;8.159442e-02
2.726875e-01;3.168225e-02;1.256487e-01;1.795048e-02;1.419315e-02;1.778173e-02;1.710199e-01;1.313766e-01;2.634676e-02;4.645510e-02;5.291965e-02;9.193812e-02
2.479395e-01;3.172330e-02;1.099050e-01;2.263509e-02;1.559121e-02;1.820011e-02;2.159579e-01;1.204437e-01;1.668791e-02;4.571653e-02;5.834841e-02;9.685137e-02
1.975140e-01;2.859200e-02;1.051442e-01;3.502525e-02;1.602257e-02;1.707236e-02;2.628435e-01;9.952535e-02;2.308170e-02;4.471366e-02;6.149721e-02;1.089681e-01
1.536286e-01;2.552456e-02;8.703507e-02;3.914715e-02;1.402795e-02;1.842708e-02;3.098971e-01;8.524245e-02;2.778842e-02;4.203904e-02;7.462866e-02;1.226140e-01
1.525509e-01;2.751419e-02;7.743400e-02;4.467054e-02;1.581068e-02;1.207351e-02;3.471202e-01;5.607527e-02;1.050819e-02;5.024351e-02;8.149491e-02;1.245041e-01
1.460008e-01;2.920158e-02;6.245276e-02;4.514689e-02;1.225536e-02;2.185960e-02;3.427001e-01;9.231826e-02;2.081191e-02;4.504151e-02;7.594305e-02;1.062682e-01
1.345209e-01;2.815658e-02;8.428778e-02;4.656647e-02;1.523974e-02;3.260973e-02;3.359569e-01;7.553440e-02;1.932952e-02;4.637014e-02;7.647540e-02;1.049524e-01
1.524592e-01;4.003602e-02;4.933375e-02;4.000516e-02;2.205842e-02;3.007523e-02;3.061098e-01;6.667048e-02;2.262538e-02;5.447114e-02;9.571752e-02;1.204379e-01
1.301328e-01;2.231976e-02;1.369882e-01;3.363558e-02;2.503309e-02;3.325617e-02;2.576769e-01;4.928169e-02;3.094837e-02;6.006553e-02;1.032352e-01;1.174267e-01
1.339378e-01;2.218820e-02;9.039865e-02;2.259441e-02;2.474796e-02;2.563212e-02;2.851645e-01;5.168499e-02;2.822897e-02;7.592466e-02;1.177275e-01;1.217702e-01
1.413466e-01;2.336631e-02;1.068113e-01;2.542277e-02;1.013827e-02;1.964825e-02;3.021316e-01;4.165697e-02;1.808161e-02;6.863129e-02;1.177311e-01;1.250339e-01
1.624567e-01;1.726411e-02;7.120264e-02;2.814970e-02;1.376956e-02;2.614365e-02;3.344155e-01;2.438186e-02;1.557145e-02;6.079288e-02;1.180434e-01;1.278086e-01
1.553029e-01;2.153954e-02;9.112117e-02;2.458095e-02;1.469977e-02;2.865621e-02;3.257252e-01;4.612983e-02;1.639052e-02;4.860199e-02;9.934895e-02;1.279030e-01
1.414369e-01;2.220274e-02;8.201854e-02;1.846891e-02;1.565426e-02;2.320930e-02;3.431360e-01;3.707564e-02;1.395306e-02;5.256986e-02;1.048223e-01;1.454525e-01
1.597910e-01;3.675476e-02;6.969909e-02;1.439913e-02;1.767293e-02;2.401678e-02;3.325315e-01;2.868610e-02;1.780527e-02;5.125463e-02;9.719406e-02;1.501947e-01
1.482429e-01;1.968028e-02;9.583627e-02;1.784725e-02;2.949123e-02;2.063619e-02;3.356227e-01;4.257061e-02;1.990695e-02;4.715047e-02;8.317614e-02;1.398391e-01
1.082976e-01;3.255430e-02;8.937416e-02;2.658226e-02;4.801523e-02;3.122277e-02;3.535727e-01;2.517039e-02;1.893609e-02;4.417622e-02;7.788812e-02;1.442101e-01
9.962671e-02;6.211578e-02;4.574244e-02;3.751217e-02;3.870146e-02;2.620806e-02;3.544918e-01;5.297980e-02;1.581709e-02;4.403395e-02;7.025723e-02;1.525134e-01
1.301347e-01;8.595751e-02;4.601834e-02;4.010645e-02;1.433744e-02;1.229482e-02;3.395433e-01;7.454636e-02;1.893962e-02;3.579547e-02;4.598146e-02;1.563445e-01
1.286313e-01;7.014234e-02;3.254861e-02;4.138677e-02;7.018599e-03;2.038797e-02;3.542827e-01;8.095646e-02;1.862869e-02;4.603587e-02;3.928376e-02;1.606969e-01
1.244190e-01;3.637085e-02;3.772637e-02;4.246803e-02;7.644785e-03;2.041995e-02;3.516202e-01;1.273639e-01;1.332358e-02;5.955092e-02;4.257836e-02;1.365140e-01
1.466098e-01;2.655365e-02;5.712694e-02;3.304378e-02;5.945613e-03;1.605526e-02;3.213293e-01;1.795623e-01;1.540090e-02;6.729326e-02;4.472665e-02;8.635256e-02
1.669144e-01;1.910345e-02;5.977672e-02;3.179818e-02;1.421908e-02;1.765943e-02;3.037703e-01;2.074794e-01;2.408466e-02;5.130903e-02;3.948784e-02;6.439747e-02
2.000984e-01;2.678497e-02;7.658937e-02;3.585974e-02;2.125218e-02;1.896501e-02;2.424216e-01;2.296806e-01;2.062429e-02;3.067150e-02;3.001161e-02;6.704069e-02
2.470039e-01;4.771711e-02;9.737600e-02;2.954524e-02;4.518782e-02;1.730363e-02;1.290085e-01;2.875237e-01;6.642430e-03;1.698022e-02;2.398928e-02;5.172224e-02
2.743536e-01;5.862757e-02;1.001972e-01;9.461363e-03;9.430684e-02;1.502802e-02;7.188418e-02;2.889521e-01;2.458715e-02;8.158808e-03;2.171658e-02;3.272643e-02
2.830062e-01;8.359889e-02;1.062290e-01;1.131010e-02;1.318387e-01;1.228876e-02;5.105762e-02;2.385622e-01;2.251151e-02;8.493210e-03;2.649044e-02;2.461341e-02
2.763689e-01;1.136282e-01;1.368478e-01;1.909370e-02;1.369149e-01;1.635108e-02;2.217021e-02;1.734377e-01;5.201414e-02;1.130388e-02;2.105814e-02;2.081140e-02
2.649788e-01;1.493597e-01;1.493861e-01;1.944911e-02;1.134314e-01;1.762852e-02;2.971769e-02;1.274830e-01;8.756631e-02;9.287621e-03;1.516105e-02;1.655075e-02
2.339278e-01;2.012126e-01;1.934462e-01;1.345437e-02;7.310884e-02;2.148823e-02;2.440521e-02;6.683537e-02;1.443936e-01;3.398411e-03;1.103085e-02;1.329846e-02
1.957047e-01;2.373214e-01;2.125104e-01;1.109322e-02;3.105838e-02;2.927591e-02;9.729896e-03;5.100572e-02;1.947604e-01;8.233493e-03;9.201254e-03;1.010519e-02
1.272748e-01;2.601825e-01;2.458324e-01;1.263507e-02;1.368100e-02;4.208506e-02;2.471218e-02;3.634708e-02;2.116193e-01;9.837829e-03;5.521215e-03;1.027146e-02
7.748374e-02;2.678275e-01;2.917985e-01;1.783964e-02;9.928826e-03;5.679923e-02;1.665333e-02;1.135504e-02;2.090533e-01;2.152356e-02;7.531121e-03;1.220621e-02
5.032571e-02;2.189707e-01;4.022372e-01;2.214227e-02;6.065994e-03;4.316259e-02;1.741458e-02;1.240859e-02;1.707732e-01;4.215378e-02;4.491036e-03;9.854315e-03
1.595205e-02;1.414649e-01;5.593272e-01;2.856779e-02;1.137380e-02;1.967719e-02;2.414655e-02;1.275906e-02;1.068087e-01;6.786665e-02;4.170340e-03;7.885857e-03
1.373232e-02;8.236773e-02;6.801819e-01;2.696268e-02;1.246790e-02;7.703829e-03;2.828238e-02;8.053119e-03;3.833400e-02;8.988846e-02;5.322380e-03;6.703283e-03
8.791324e-03;5.427226e-02;7.285539e-01;3.853365e-02;1.621830e-02;6.267963e-03;3.221513e-02;6.536067e-03;4.950569e-03;9.259324e-02;7.288777e-03;3.778815e-03
1.250689e-02;3.333801e-02;7.255673e-01;5.774428e-02;1.447650e-02;5.641916e-03;3.310151e-02;9.527393e-03;5.414151e-03;8.077385e-02;1.602642e-02;5.881705e-03
9.645223e-03;1.601125e-02;7.371619e-01;7.530901e-02;1.957737e-02;6.131149e-03;2.853755e-02;6.793886e-03;9.718034e-03;6.964807e-02;1.462765e-02;6.838910e-03
6.513619e-03;1.958289e-02;7.453986e-01;8.610488e-02;1.973189e-02;5.491256e-03;2.190514e-02;2.602435e-03;6.880260e-03;6.642930e-02;1.541710e-02;3.942673e-03
1.423721e-02;2.305894e-02;7.173110e-01;9.680998e-02;2.461459e-02;4.923145e-03;1.627030e-02;6.414302e-03;1.140838e-02;5.954425e-02;2.020840e-02;5.199454e-03
1.061958e-02;9.942277e-03;7.286891e-01;9.521820e-02;1.971983e-02;5.880859e-03;1.345161e-02;1.097311e-02;1.780921e-02;6.006450e-02;2.198233e-02;5.649393e-03
1.532576e-02;1.644544e-02;7.195664e-01;9.542538e-02;2.128246e-02;6.123737e-03;1.336405e-02;8.061982e-03;1.803090e-02;5.617141e-02;2.279416e-02;7.408326e-03
1.719098e-02;1.175583e-02;6.886548e-01;1.095985e-01;2.070971e-02;6.253233e-03;1.858696e-02;1.198674e-02;1.909108e-02;4.830013e-02;4.092353e-02;6.948456e-03
1.434149e-02;1.229664e-02;6.052829e-01;1.434748e-01;4.882136e-02;1.528096e-02;1.651603e-02;1.411200e-02;8.767630e-03;3.649696e-02;7.810771e-02;6.501549e-03
8.567395e-03;9.388966e-03;5.034673e-01;1.679740e-01;8.912050e-02;3.199109e-02;3.230153e-02;1.687984e-02;8.062099e-03;1.623815e-02;1.063121e-01;9.697020e-03
1.288385e-02;1.244800e-02;4.530654e-01;1.754113e-01;1.126335e-01;3.871275e-02;2.500311e-02;2.286361e-02;1.163783e-02;8.046273e-03;1.136306e-01;1.366367e-02
1.074954e-02;1.795013e-02;4.682325e-01;1.616100e-01;1.280525e-01;3.704039e-02;2.223496e-02;1.695845e-02;8.122312e-03;1.619507e-02;9.651053e-02;1.634363e-02
1.076231e-02;1.799010e-02;5.054629e-01;1.463394e-01;1.384385e-01;4.446434e-02;1.841053e-02;2.049976e-02;1.053622e-02;1.249000e-02;6.510726e-02;9.498715e-03
1.125219e-02;1.744218e-02;5.385247e-01;1.218190e-01;1.264933e-01;4.586213e-02;5.003403e-02;1.889593e-02;1.457209e-02;1.700249e-02;2.712642e-02;1.097544e-02
1.513579e-02;1.626429e-02;6.056897e-01;1.001389e-01;1.056799e-01;3.784893e-02;3.336298e-02;1.852744e-02;1.852700e-02;2.358673e-02;1.533485e-02;9.903467e-03
2.731112e-02;2.236461e-02;6.401001e-01;8.162434e-02;6.990682e-02;2.834526e-02;2.685564e-02;1.466828e-02;1.547062e-02;2.958629e-02;2.997249e-02;1.379451e-02
2.976681e-02;1.950915e-02;6.335909e-01;6.966324e-02;5.351207e-02;2.962190e-02;3.832145e-02;1.100140e-02;2.101059e-02;3.183341e-02;4.164585e-02;2.052320e-02
2.996755e-02;1.922964e-02;5.247141e-01;6.992298e-02;5.610426e-02;4.752662e-02;8.545772e-02;2.517245e-02;4.260062e-02;2.595126e-02;4.751019e-02;2.584261e-02
4.699823e-02;2.159704e-02;3.238008e-01;8.677574e-02;6.081025e-02;6.597202e-02;1.155649e-01;5.011000e-02;8.146615e-02;7.610719e-02;3.285474e-02;3.794284e-02
7.745736e-02;4.911740e-02;2.015767e-01;7.267396e-02;5.557225e-02;6.052480e-02;1.438863e-01;4.865234e-02;1.143286e-01;1.029109e-01;4.512383e-02;2.817557e-02
9.059879e-02;6.565703e-02;1.697259e-01;4.485103e-02;6.795555e-02;5.953435e-02;1.751396e-01;4.934150e-02;1.089028e-01;9.450983e-02;4.358358e-02;3.020002e-02
7.078972e-02;6.713536e-02;1.145061e-01;6.176232e-02;7.895342e-02;6.477563e-02;1.252707e-01;4.750659e-02;1.042645e-01;1.262119e-01;8.353061e-02;5.529315e-02
4.063158e-02;4.944003e-02;2.312886e-01;6.423887e-02;9.168846e-02;6.184604e-02;1.684745e-01;5.299297e-02;4.645577e-02;7.568043e-02;6.783838e-02;4.942448e-02
3.873114e-02;3.146435e-02;2.449847e-01;5.960017e-02;1.146418e-01;5.634319e-02;2.249824e-01;4.468134e-02;4.329857e-02;5.789233e-02;5.337773e-02;3.000221e-02
4.810881e-02;3.216214e-02;2.065001e-01;5.425426e-02;1.403186e-01;5.329025e-02;1.984024e-01;4.682227e-02;5.242685e-02;7.646357e-02;6.574392e-02;2.550679e-02
6.049905e-02;5.439162e-02;2.068089e-01;7.464313e-02;1.615434e-01;4.718862e-02;1.026606e-01;5.061538e-02;6.800794e-02;9.158284e-02;6.124738e-02;2.081124e-02
8.506948e-02;6.164721e-02;1.972053e-01;1.036231e-01;1.304987e-01;5.974188e-02;6.676515e-02;4.636771e-02;7.976013e-02;9.383485e-02;4.650483e-02;2.898161e-02
9.071914e-02;4.595054e-02;1.634073e-01;9.946972e-02;9.880690e-02;7.733870e-02;9.767975e-02;6.241480e-02;7.820293e-02;8.975793e-02;5.675745e-02;3.949489e-02
5.420635e-02;3.646067e-02;1.987481e-01;9.737794e-02;1.290771e-01;8.612245e-02;9.500374e-02;2.881410e-02;8.134095e-02;9.181859e-02;4.626564e-02;5.476442e-02
4.911155e-02;4.241581e-02;1.333424e-01;7.808704e-02;1.311040e-01;5.597181e-02;1.146578e-01;2.950121e-02;1.023276e-01;1.098290e-01;9.226964e-02;6.138213e-02
5.670989e-02;4.227446e-02;1.016934e-01;6.768609e-02;1.264435e-01;5.534520e-02;1.116100e-01;4.449553e-02;1.014597e-01;1.063929e-01;1.159461e-01;6.994314e-02
5.787889e-02;6.119001e-02;1.087567e-01;5.089717e-02;1.086975e-01;5.845410e-02;9.168780e-02;8.401066e-02;8.290645e-02;1.055599e-01;1.307029e-01;5.925793e-02
4.348850e-02;6.264398e-02;1.413258e-01;5.356220e-02;8.778322e-02;4.650471e-02;1.170298e-01;1.017883e-01;8.992247e-02;9.706612e-02;1.160536e-01;4.283131e-02
5.771354e-02;5.151107e-02;1.843013e-01;6.676294e-02;1.212638e-01;4.545477e-02;1.155997e-01;7.891101e-02;7.080123e-02;8.296546e-02;7.837347e-02;4.634165e-02
7.691008e-02;5.594091e-02;1.099642e-01;7.915219e-02;1.337004e-01;6.551477e-02;1.082641e-01;7.833047e-02;6.647729e-02;8.862661e-02;8.826692e-02;4.885210e-02
8.486236e-02;5.189126e-02;1.411478e-01;7.861975e-02;1.146475e-01;6.982946e-02;7.215723e-02;9.713652e-02;7.582205e-02;1.046522e-01;8.092648e-02;2.830746e-02
6.399689e-02;5.375113e-02;1.400412e-01;4.731284e-02;9.292842e-02;8.790411e-02;1.167486e-01;1.045627e-01;8.792082e-02;1.064555e-01;5.603595e-02;4.234175e-02
6.970288e-02;4.483057e-02;1.322548e-01;3.710287e-02;7.474529e-02;7.427122e-02;1.934590e-01;6.794019e-02;8.802860e-02;9.042746e-02;5.805932e-02;6.917778e-02
7.088017e-02;3.579463e-02;1.448078e-01;5.039351e-02;6.901053e-02;4.263232e-02;1.885083e-01;5.212706e-02;1.241312e-01;7.601682e-02;6.916863e-02;7.652906e-02
9.804758e-02;4.877092e-02;1.565776e-01;7.061061e-02;7.370355e-02;5.023312e-02;1.196409e-01;6.422369e-02;1.101532e-01;7.312664e-02;5.890508e-02;7.600711e-02
1.254815e-01;6.042981e-02;1.200969e-01;6.949283e-02;8.944058e-02;8.392823e-02;1.007335e-01;4.680862e-02;9.335626e-02;6.577379e-02;6.649484e-02;7.796313e-02
1.017211e-01;4.455252e-02;9.762375e-02;5.633214e-02;9.706477e-02;9.868250e-02;1.336956e-01;4.267158e-02;1.214177e-01;7.351387e-02;6.869593e-02;6.402848e-02
7.645774e-02;5.098467e-02;1.914833e-01;5.158080e-02;1.006502e-01;6.854569e-02;1.174142e-01;3.520656e-02;1.275186e-01;6.324700e-02;4.892068e-02;6.799053e-02
7.500311e-02;4.559674e-02;2.158049e-01;6.777450e-02;1.283699e-01;4.393183e-02;1.024422e-01;3.842959e-02;1.189804e-01;6.521573e-02;4.085245e-02;5.759863e-02
6.758367e-02;6.407142e-02;1.944201e-01;7.001454e-02;1.062527e-01;5.349233e-02;1.120734e-01;2.138791e-02;1.055537e-01;8.794979e-02;5.863814e-02;5.856232e-02
8.133123e-02;8.064044e-02;1.725113e-01;4.193319e-02;7.517041e-02;4.095084e-02;1.816601e-01;4.999552e-02;6.971589e-02;7.899788e-02;8.312272e-02;4.397037e-02
8.290928e-02;6.533334e-02;1.698059e-01;4.609538e-02;6.758421e-02;3.801151e-02;2.016871e-01;3.853031e-02;7.365223e-02;7.909323e-02;8.986263e-02;4.743490e-02
7.624134e-02;3.811954e-02;1.730403e-01;4.949927e-02;6.390559e-02;5.072292e-02;1.793573e-01;5.491886e-02;6.530134e-02;9.902720e-02;9.569585e-02;5.417047e-02
6.667531e-02;4.096465e-02;1.314832e-01;5.066560e-02;8.695931e-02;6.006538e-02;1.643659e-01;5.053855e-02;9.247153e-02;1.220176e-01;8.998431e-02;4.380863e-02
8.988790e-02;6.011181e-02;1.217866e-01;5.866467e-02;9.830640e-02;5.615452e-02;1.439126e-01;4.655397e-02;8.513594e-02;1.265207e-01;6.272889e-02;5.023598e-02
9.451910e-02;8.083270e-02;1.427869e-01;5.364805e-02;8.984322e-02;7.920205e-02;1.170715e-01;4.995979e-02;5.513803e-02;1.075327e-01;5.821281e-02;7.125319e-02
