5.105857e-02;1.133384e-01;1.269546e-01;4.925239e-02;5.626667e-02;1.028244e-01;5.916062e-02;9.299795e-02;4.921382e-02;1.032901e-01;1.058494e-01;8.979303e-02
6.134862e-02;1.066708e-01;9.180858e-02;6.198500e-02;3.990524e-02;6.383493e-02;8.586548e-02;8.547154e-02;4.423616e-02;1.108272e-01;9.047939e-02;1.575670e-01
1.183442e-01;8.448315e-02;5.168379e-02;7.033463e-02;2.408399e-02;4.718972e-02;1.097067e-01;8.567049e-02;3.902265e-02;1.111317e-01;3.852388e-02;2.198250e-01
2.194926e-01;6.960625e-02;4.538183e-02;5.312341e-02;3.887445e-02;3.450925e-02;7.653555e-02;1.363293e-01;1.991188e-02;8.303761e-02;3.676073e-02;1.864371e-01
2.980178e-01;1.013964e-01;5.771920e-02;2.491756e-02;5.593543e-02;1.727080e-02;4.007223e-02;1.947681e-01;2.976692e-02;4.731100e-02;5.204241e-02;8.078216e-02
2.552920e-01;1.676557e-01;7.478165e-02;2.334706e-02;4.192892e-02;1.845417e-02;6.249883e-02;1.712331e-01;6.048184e-02;2.461800e-02;5.836177e-02;4.134704e-02
1.697365e-01;2.578214e-01;1.029049e-01;3.319515e-02;2.315668e-02;4.106840e-02;4.991058e-02;1.020739e-01;1.082528e-01;1.590809e-02;4.743666e-02;4.853487e-02
7.865876e-02;3.053887e-01;1.559201e-01;3.415522e-02;2.512556e-02;5.686508e-02;2.421866e-02;4.551495e-02;1.481804e-01;3.769335e-02;3.463787e-02;5.364132e-02
3.769220e-02;3.169158e-01;1.917380e-01;2.623539e-02;1.769066e-02;5.330297e-02;1.715860e-02;5.625767e-02;1.610249e-01;5.091034e-02;3.676995e-02;3.430348e-02
6.788805e-02;2.731757e-01;1.935991e-01;2.238965e-02;1.633961e-02;4.135802e-02;3.705228e-02;7.652856e-02;1.452646e-01;3.480112e-02;4.172001e-02;4.988334e-02
8.423291e-02;1.535464e-01;2.073811e-01;4.032721e-02;3.179867e-02;4.521229e-02;6.024140e-02;8.357840e-02;1.332265e-01;5.085213e-02;4.545309e-02;6.414992e-02
6.300885e-02;1.889255e-01;1.951740e-01;5.399164e-02;3.006189e-02;4.891589e-02;6.180994e-02;7.804163e-02;1.122718e-01;8.269607e-02;2.956543e-02;5.553737e-02
8.045287e-02;2.270532e-01;1.943161e-01;4.838910e-02;2.348432e-02;3.345736e-02;6.806690e-02;5.772863e-02;1.026401e-01;7.062244e-02;3.076796e-02;6.302108e-02
9.109904e-02;2.324844e-01;1.872704e-01;3.347682e-02;2.082266e-02;4.342378e-02;6.319500e-02;6.573059e-02;1.063468e-01;4.480872e-02;3.253128e-02;7.881048e-02
7.524729e-02;2.333434e-01;1.687326e-01;3.888836e-02;2.833013e-02;3.863113e-02;5.633800e-02;7.669989e-02;1.012733e-01;4.486777e-02;3.911889e-02;9.852932e-02
1.307002e-01;2.076420e-01;1.247742e-01;3.968969e-02;4.396165e-02;4.204089e-02;4.142522e-02;9.415289e-02;9.278072e-02;3.317712e-02;4.833105e-02;1.013244e-01
1.614693e-01;1.727329e-01;1.168689e-01;3.552701e-02;4.360465e-02;3.089393e-02;2.857281e-02;1.007260e-01;9.497205e-02;5.401790e-02;6.501753e-02;9.559690e-02
1.104841e-01;1.402372e-01;1.438549e-01;4.651491e-02;4.264956e-02;4.570272e-02;4.179382e-02;1.124263e-01;1.066226e-01;7.022420e-02;5.455870e-02;8.493111e-02
1.817346e-01;1.482598e-01;1.148777e-01;3.630416e-02;3.221947e-02;5.945788e-02;5.306689e-02;1.056019e-01;1.006029e-01;7.684285e-02;3.566828e-02;5.536354e-02
1.710320e-01;1.600205e-01;8.804229e-02;2.895726e-02;3.858870e-02;7.733558e-02;6.462612e-02;9.921119e-02;9.597854e-02;6.339189e-02;4.310239e-02;6.971355e-02
1.215260e-01;1.941822e-01;9.413675e-02;4.560620e-02;6.163760e-02;8.658527e-02;5.795307e-02;8.461858e-02;7.932115e-02;4.274919e-02;4.427835e-02;8.740565e-02
5.534244e-02;1.273497e-01;1.410763e-01;5.102812e-02;7.978741e-02;1.675614e-01;5.634850e-02;9.425891e-02;5.338799e-02;4.712833e-02;4.786434e-02;7.886653e-02
4.238752e-02;5.723037e-02;1.099633e-01;1.017111e-01;1.117622e-01;2.077446e-01;6.647925e-02;1.046276e-01;4.854993e-02;2.871344e-02;6.306842e-02;5.776224e-02
3.505608e-02;7.377577e-02;1.255715e-01;1.528672e-01;1.454746e-01;1.744780e-01;4.196541e-02;6.581414e-02;3.654436e-02;2.193682e-02;8.427654e-02;4.223958e-02
3.641933e-02;5.260741e-02;1.047486e-01;2.399451e-01;1.958634e-01;1.034032e-01;2.035255e-02;3.381704e-02;2.204262e-02;1.383122e-02;1.432773e-01;3.369234e-02
2.332938e-02;3.719042e-02;9.178851e-02;2.848679e-01;1.770216e-01;8.807744e-02;9.243424e-03;3.022471e-02;1.298885e-02;1.584244e-02;1.966275e-01;3.279785e-02
9.085840e-03;4.174655e-02;1.445086e-01;3.097644e-01;1.212429e-01;5.766791e-02;7.060986e-03;2.856469e-02;1.053424e-02;9.557758e-03;2.360432e-01;2.422309e-02
1.499934e-02;3.547082e-02;2.071249e-01;3.131631e-01;6.986585e-02;2.945187e-02;1.302870e-02;1.913255e-02;9.813417e-03;1.851321e-02;2.522075e-01;1.722872e-02
2.357157e-02;5.198601e-02;3.152277e-01;2.381699e-01;2.864633e-02;3.033575e-02;2.586474e-02;1.459143e-02;1.196304e-02;5.673099e-02;1.873240e-01;1.558856e-02
2.001652e-02;8.873717e-02;4.293798e-01;1.557247e-01;1.207768e-02;1.953898e-02;4.558894e-02;1.921038e-02;1.086609e-02;1.096267e-01;8.303492e-02;6.198153e-03
6.438263e-03;1.294507e-01;4.669273e-01;9.609820e-02;1.476484e-02;1.822956e-02;5.969501e-02;1.555238e-02;1.850119e-02;1.481200e-01;1.783688e-02;8.385669e-03
8.154803e-03;1.697828e-01;4.171535e-01;6.433170e-02;2.790391e-02;3.436707e-02;6.163403e-02;1.409865e-02;3.000590e-02;1.470663e-01;1.935564e-02;6.145719e-03
1.584449e-02;2.376223e-01;3.553889e-01;6.332064e-02;3.752042e-02;3.714456e-02;4.298780e-02;2.175896e-02;5.387584e-02;1.061363e-01;1.280398e-02;1.559571e-02
2.234796e-02;3.124557e-01;3.087436e-01;6.568972e-02;3.435650e-02;4.274491e-02;1.880729e-02;2.238256e-02;7.882184e-02;5.900451e-02;1.129311e-02;2.335236e-02
1.883195e-02;3.515339e-01;2.777454e-01;5.580993e-02;1.700505e-02;5.024571e-02;1.143817e-02;1.232938e-02;8.851139e-02;6.485147e-02;1.779403e-02;3.390366e-02
2.421733e-02;3.540817e-01;2.905799e-01;4.594730e-02;4.341157e-03;3.907311e-02;1.679069e-02;1.452082e-02;7.581697e-02;5.363190e-02;3.878643e-02;4.221266e-02
2.745747e-02;3.457777e-01;2.989209e-01;5.677059e-02;2.408044e-02;4.677412e-02;1.265242e-02;1.337599e-02;5.157709e-02;2.383620e-02;5.159542e-02;4.718167e-02
3.027161e-02;3.538276e-01;2.501097e-01;8.578144e-02;4.022236e-02;4.234001e-02;7.021104e-03;2.000744e-02;3.053267e-02;5.232144e-02;3.507421e-02;5.249042e-02
3.685678e-02;3.392461e-01;3.213823e-01;1.003636e-01;4.372260e-02;3.724684e-02;9.770215e-03;2.418005e-02;1.320194e-02;2.633302e-02;1.433537e-02;3.336109e-02
4.880091e-02;3.212593e-01;3.277253e-01;9.000385e-02;3.879748e-02;3.810424e-02;1.131794e-02;2.715591e-02;2.638745e-02;1.672522e-02;2.654511e-02;2.717732e-02
4.773815e-02;2.814972e-01;2.980502e-01;7.782729e-02;3.301409e-02;3.631206e-02;2.227993e-02;3.319093e-02;5.035863e-02;4.112022e-02;5.568970e-02;2.292166e-02
2.981126e-02;2.038710e-01;3.052185e-01;1.057087e-01;5.148272e-02;5.009645e-02;3.553852e-02;3.859073e-02;5.744985e-02;3.533684e-02;6.953058e-02;1.736493e-02
3.013928e-02;2.146830e-01;2.546051e-01;1.374007e-01;6.899109e-02;5.959666e-02;4.027306e-02;3.434220e-02;4.662266e-02;3.547032e-02;5.582191e-02;2.205399e-02
3.837536e-02;2.767373e-01;1.851491e-01;1.362775e-01;7.136476e-02;7.086845e-02;3.585288e-02;3.810055e-02;4.549405e-02;5.024441e-02;2.311380e-02;2.842188e-02
3.619334e-02;2.775125e-01;1.960929e-01;1.071596e-01;5.362948e-02;9.276610e-02;3.823970e-02;4.118358e-02;4.522142e-02;3.159476e-02;5.310524e-02;2.730130e-02
4.345506e-02;2.593552e-01;2.537432e-01;8.815081e-02;2.388760e-02;5.847925e-02;4.842306e-02;2.888580e-02;3.081957e-02;2.599692e-02;1.058808e-01;3.292271e-02
3.493765e-02;3.037392e-01;1.830433e-01;1.224975e-01;3.533340e-02;4.912062e-02;5.231430e-02;2.764141e-02;3.189310e-02;2.286862e-02;1.059646e-01;3.064618e-02
3.669443e-02;3.168870e-01;2.760873e-01;1.099560e-01;4.634267e-02;4.198812e-02;2.689466e-02;2.938432e-02;3.317226e-02;1.394115e-02;5.582560e-02;1.282644e-02
5.265003e-02;3.208630e-01;2.643839e-01;8.575707e-02;4.946013e-02;3.354004e-02;2.518858e-02;3.144498e-02;3.875814e-02;3.093538e-02;4.738058e-02;1.963815e-02
7.799849e-02;2.422761e-01;2.744782e-01;8.657511e-02;4.281391e-02;3.251217e-02;2.776423e-02;5.335458e-02;3.620034e-02;2.703854e-02;7.579482e-02;2.319357e-02
9.438855e-02;2.322584e-01;2.513609e-01;7.176154e-02;3.416696e-02;6.702202e-02;1.184257e-02;7.347588e-02;3.909590e-02;2.838035e-02;7.553157e-02;2.071533e-02
9.195725e-02;2.058714e-01;1.790403e-01;5.614511e-02;7.149039e-02;9.889941e-02;2.329731e-02;7.870599e-02;4.462327e-02;6.381143e-02;6.027693e-02;2.588116e-02
4.431861e-02;2.173605e-01;2.751493e-01;1.167231e-01;6.951194e-02;5.951408e-02;2.998871e-02;5.416782e-02;3.316227e-02;5.624459e-02;2.173743e-02;2.212168e-02
3.719918e-02;2.634435e-01;2.582490e-01;1.353684e-01;4.775662e-02;6.985804e-02;3.560093e-02;3.279761e-02;3.245988e-02;4.737307e-02;1.936259e-02;2.053125e-02
4.084091e-02;2.543751e-01;1.614757e-01;1.214688e-01;6.081050e-02;1.139460e-01;3.366230e-02;4.311768e-02;5.138118e-02;2.823155e-02;6.630626e-02;2.438400e-02
3.039446e-02;2.545486e-01;1.993178e-01;9.221498e-02;6.956197e-02;9.595992e-02;2.533652e-02;3.494494e-02;5.514359e-02;2.017765e-02;9.583799e-02;2.656158e-02
3.845340e-02;2.986452e-01;1.892637e-01;9.242600e-02;5.631345e-02;7.561769e-02;2.396416e-02;2.744530e-02;6.282498e-02;3.111627e-02;8.498190e-02;1.894799e-02
4.125628e-02;3.468224e-01;1.852445e-01;6.721123e-02;3.895986e-02;6.980886e-02;2.218745e-02;3.987660e-02;6.141717e-02;4.772902e-02;6.704477e-02;1.244178e-02
3.568593e-02;3.282359e-01;2.719701e-01;4.619803e-02;3.506427e-02;5.406347e-02;2.629679e-02;5.336612e-02;3.828102e-02;2.413608e-02;6.811024e-02;1.859203e-02
4.355882e-02;1.738108e-01;2.857094e-01;2.884141e-02;3.031306e-02;7.133058e-02;3.655854e-02;6.676427e-02;6.400370e-02;8.602212e-02;7.230213e-02;4.078507e-02
3.800641e-02;1.762102e-01;2.710667e-01;2.263117e-02;2.008098e-02;5.753922e-02;2.836293e-02;6.802570e-02;7.501899e-02;1.375759e-01;4.839825e-02;5.708358e-02
2.609263e-02;2.277436e-01;2.663814e-01;2.422973e-02;1.626234e-02;3.274753e-02;1.998258e-02;5.580289e-02;8.987527e-02;1.423082e-01;2.061990e-02;7.795396e-02
2.234398e-02;2.853017e-01;2.332888e-01;3.012044e-02;1.574662e-02;3.420339e-02;2.080272e-02;3.557140e-02;1.329151e-01;9.346127e-02;1.278407e-02;8.346052e-02
2.673607e-02;3.429532e-01;2.103282e-01;2.198406e-02;1.086249e-02;4.600632e-02;1.426044e-02;2.790614e-02;1.707782e-01;4.709227e-02;1.296401e-02;6.812865e-02
2.763704e-02;3.302611e-01;2.136388e-01;2.421540e-02;7.782536e-03;4.384394e-02;2.300418e-02;5.848502e-02;1.580348e-01;4.542930e-02;2.002572e-02;4.764221e-02
3.443696e-02;2.687688e-01;2.356519e-01;2.389307e-02;6.524490e-03;6.196864e-02;4.452281e-02;9.443311e-02;1.307413e-01;4.239810e-02;2.191912e-02;3.474177e-02
2.876455e-02;1.729535e-01;2.697134e-01;3.005938e-02;1.418309e-02;7.290006e-02;5.131600e-02;1.141670e-01;1.403930e-01;5.215009e-02;2.335128e-02;3.004844e-02
3.116372e-02;2.752668e-01;2.748424e-01;4.353400e-02;3.101098e-02;4.564591e-02;2.278265e-02;6.358518e-02;1.473099e-01;3.585343e-02;1.210700e-02;1.689804e-02
2.269544e-02;2.807082e-01;3.346098e-01;7.623906e-02;3.472812e-02;4.631527e-02;1.564040e-02;2.496625e-02;1.075080e-01;1.986761e-02;2.677977e-02;9.942058e-03
1.531797e-02;2.069001e-01;3.637017e-01;8.673482e-02;3.865351e-02;5.011058e-02;1.828116e-02;2.015198e-02;1.008669e-01;5.233844e-02;2.892369e-02;1.801917e-02
1.471700e-02;1.986281e-01;3.746629e-01;6.123066e-02;4.653531e-02;3.994373e-02;1.871355e-02;2.686404e-02;1.044174e-01;5.341902e-02;2.546820e-02;3.540009e-02
3.193994e-02;2.452143e-01;3.275970e-01;6.443902e-02;5.018991e-02;4.970920e-02;1.478100e-02;3.716537e-02;8.480351e-02;3.295763e-02;1.167682e-02;4.952624e-02
3.701621e-02;2.052624e-01;2.870755e-01;9.369683e-02;5.145718e-02;5.939947e-02;2.888558e-02;5.612887e-02;7.417319e-02;2.221813e-02;2.939798e-02;5.528864e-02
4.767363e-02;1.210756e-01;2.819591e-01;2.636554e-02;5.113767e-02;7.862945e-02;4.392178e-02;1.341209e-01;7.971915e-02;5.329118e-02;3.683858e-02;4.526740e-02
6.571470e-02;1.620950e-01;1.892680e-01;3.966502e-02;4.162381e-02;7.322464e-02;6.471071e-02;1.516905e-01;8.126040e-02;5.217833e-02;4.375462e-02;3.481425e-02
9.789124e-02;1.927429e-01;1.328857e-01;3.009143e-02;4.085781e-02;4.663088e-02;7.841600e-02;1.853681e-01;7.853119e-02;3.511778e-02;4.832529e-02;3.314162e-02
1.261642e-01;1.770974e-01;1.108882e-01;1.223261e-02;4.475609e-02;4.938240e-02;9.382755e-02;2.366056e-01;5.520990e-02;1.597010e-02;4.356140e-02;3.430454e-02
1.173911e-01;1.076958e-01;1.050467e-01;1.182896e-02;3.914709e-02;7.673883e-02;1.484372e-01;2.613607e-01;4.078283e-02;2.110715e-02;2.831372e-02;4.214989e-02
7.289892e-02;5.902652e-02;7.753520e-02;2.660087e-02;3.306470e-02;1.198445e-01;2.328509e-01;2.238681e-01;4.045676e-02;3.379150e-02;2.560706e-02;5.445499e-02
4.291315e-02;1.046859e-01;6.820390e-02;2.982162e-02;2.781031e-02;1.156290e-01;2.361323e-01;1.691581e-01;5.179835e-02;3.083640e-02;3.816405e-02;8.484697e-02
4.229825e-02;9.790409e-02;6.699253e-02;3.642708e-02;2.610285e-02;6.016368e-02;2.863623e-01;1.165063e-01;5.870742e-02;3.151130e-02;4.262010e-02;1.344040e-01
3.506350e-02;8.926497e-02;4.935288e-02;3.464427e-02;1.896479e-02;7.269819e-02;4.019399e-01;6.837250e-02;4.207611e-02;2.180731e-02;1.848196e-02;1.473336e-01
2.978509e-02;1.115168e-01;3.373395e-02;2.639828e-02;1.519965e-02;1.106102e-01;4.323745e-01;4.713050e-02;3.535851e-02;1.160092e-02;1.594624e-02;1.303452e-01
2.688891e-02;1.204982e-01;2.320205e-02;2.747406e-02;1.419760e-02;1.407060e-01;4.377385e-01;3.181253e-02;2.829135e-02;1.447200e-02;1.909153e-02;1.156273e-01
3.205949e-02;1.346303e-01;2.201702e-02;2.600973e-02;1.184596e-02;1.694987e-01;3.971653e-01;3.492605e-02;2.472900e-02;1.275585e-02;1.992152e-02;1.144411e-01
4.947344e-02;1.429943e-01;1.690064e-02;3.175322e-02;1.424245e-02;1.686578e-01;3.193805e-01;6.365645e-02;2.485629e-02;1.913700e-02;1.304526e-02;1.359027e-01
6.494278e-02;1.851301e-01;6.986397e-02;3.876701e-02;1.199314e-02;1.457229e-01;1.745223e-01;6.743407e-02;3.856850e-02;3.696159e-02;2.488212e-02;1.412116e-01
7.082382e-02;2.072189e-01;1.293055e-01;2.915369e-02;1.941092e-02;1.396145e-01;1.347666e-01;5.964559e-02;5.974915e-02;4.509624e-02;3.167636e-02;7.353870e-02
4.902343e-02;8.488809e-02;1.281092e-01;2.108594e-02;1.943375e-02;1.158209e-01;2.758590e-01;1.061260e-01;6.637497e-02;3.704265e-02;3.639210e-02;5.984392e-02
4.237288e-02;1.153365e-01;1.198808e-01;2.986521e-02;2.074602e-02;9.001647e-02;2.715506e-01;1.131862e-01;5.150258e-02;3.637236e-02;4.677955e-02;6.239079e-02
3.111586e-02;1.461026e-01;1.139071e-01;3.063030e-02;1.736589e-02;1.198977e-01;2.175424e-01;1.633698e-01;4.240572e-02;3.129466e-02;4.382574e-02;4.254219e-02
3.248679e-02;1.576675e-01;1.320064e-01;2.798863e-02;2.564756e-02;1.263624e-01;1.480027e-01;1.630814e-01;6.274103e-02;3.997704e-02;4.273726e-02;4.130136e-02
2.854617e-02;1.536887e-01;1.144738e-01;2.139127e-02;2.077514e-02;1.479671e-01;1.648000e-01;1.528180e-01;7.063580e-02;4.635576e-02;3.337236e-02;4.517595e-02
2.656242e-02;1.399338e-01;1.223823e-01;2.453898e-02;1.443659e-02;1.137716e-01;2.433719e-01;1.134678e-01;1.002813e-01;3.719682e-02;1.708534e-02;4.697120e-02
5.461465e-02;1.257981e-01;1.353060e-01;3.075064e-02;2.427279e-02;6.107846e-02;2.512457e-01;1.300073e-01;9.528434e-02;4.467671e-02;1.641055e-02;3.055476e-02
7.326943e-02;1.345113e-01;1.196170e-01;2.505157e-02;2.160337e-02;1.180892e-01;2.395058e-01;1.266817e-01;5.785650e-02;4.541160e-02;2.006219e-02;1.834042e-02
7.058223e-02;1.511022e-01;1.132036e-01;1.754506e-02;1.689927e-02;1.405528e-01;2.240075e-01;1.382928e-01;3.311219e-02;3.236036e-02;2.214792e-02;4.019414e-02
6.782525e-02;1.788302e-01;1.385456e-01;2.526478e-02;2.356839e-02;1.283495e-01;1.274775e-01;1.628190e-01;4.574392e-02;1.696729e-02;2.250200e-02;6.210654e-02
5.775030e-02;1.202379e-01;1.608075e-01;3.226294e-02;2.918092e-02;1.294831e-01;1.946950e-01;1.280293e-01;4.260065e-02;3.117426e-02;1.774080e-02;5.603730e-02
5.683810e-02;1.387309e-01;1.562152e-01;4.320225e-02;2.326520e-02;9.646560e-02;2.804027e-01;7.379684e-02;3.479372e-02;3.294713e-02;1.291985e-02;5.042252e-02
5.393055e-02;1.653845e-01;1.476414e-01;4.243601e-02;3.986494e-02;2.612182e-02;2.820852e-01;9.698150e-02;3.814318e-02;3.787993e-02;1.328174e-02;5.624926e-02
4.394090e-02;1.071957e-01;1.284357e-01;3.938726e-02;7.732259e-02;6.556931e-02;2.811676e-01;1.094520e-01;4.242269e-02;3.917017e-02;2.253298e-02;4.340304e-02
3.356649e-02;1.059907e-01;1.195852e-01;4.144421e-02;7.109728e-02;1.430756e-01;2.433490e-01;9.535564e-02;3.939162e-02;4.916787e-02;2.547753e-02;3.249893e-02
4.513582e-02;1.384700e-01;1.962618e-01;3.418806e-02;2.879007e-02;2.040224e-01;1.244736e-01;9.386177e-02;4.610797e-02;4.342495e-02;1.734888e-02;2.791466e-02
5.188666e-02;2.661722e-01;2.363252e-01;2.128118e-02;2.448218e-02;1.479224e-01;6.126500e-02;8.219315e-02;4.003655e-02;3.861270e-02;9.368672e-03;2.045415e-02
6.212152e-02;3.473595e-01;2.271885e-01;1.170760e-02;2.263462e-02;8.138848e-02;7.041896e-02;6.911784e-02;3.273458e-02;4.410878e-02;1.334067e-02;1.787907e-02
6.838965e-02;3.448966e-01;2.247564e-01;1.164730e-02;2.646357e-02;6.476548e-02;8.145153e-02;7.764078e-02;4.296967e-02;2.851471e-02;1.115800e-02;1.734634e-02
6.781464e-02;3.151155e-01;2.050524e-01;2.598385e-02;4.355913e-02;9.078825e-02;5.296623e-02;9.629387e-02;4.980594e-02;2.201499e-02;9.464196e-03;2.114100e-02
7.877918e-02;2.894312e-01;1.281203e-01;4.061740e-02;5.736358e-02;8.043723e-02;5.506584e-02;1.483989e-01;6.055745e-02;3.032866e-02;6.780414e-03;2.411986e-02
1.053063e-01;2.672246e-01;7.591828e-02;3.297344e-02;6.293322e-02;7.020380e-02;1.015570e-01;1.700724e-01;4.206538e-02;3.386405e-02;7.411222e-03;3.047037e-02
1.053391e-01;2.925465e-01;1.837172e-01;1.466502e-02;4.745523e-02;4.212660e-02;1.174310e-01;1.375289e-01;1.560722e-02;1.389237e-02;8.549154e-03;2.114163e-02
1.060612e-01;2.994404e-01;1.854919e-01;1.284740e-02;3.668990e-02;3.786169e-02;1.114542e-01;1.559796e-01;1.155693e-02;1.238364e-02;9.042504e-03;2.119048e-02
1.252044e-01;2.705325e-01;1.542520e-01;8.448668e-03;2.965807e-02;5.647214e-02;8.010426e-02;1.890904e-01;2.314781e-02;1.731224e-02;1.323827e-02;3.253920e-02
1.513100e-01;2.459973e-01;9.579542e-02;1.686382e-02;3.294183e-02;4.990608e-02;8.501257e-02;2.061592e-01;5.047619e-02;2.111922e-02;1.172200e-02;3.269634e-02
1.327668e-01;2.640789e-01;1.458770e-01;3.409715e-02;2.805976e-02;9.154225e-02;4.927937e-02;1.513447e-01;4.410714e-02;1.090943e-02;1.012650e-02;3.781106e-02
1.276841e-01;2.255558e-01;1.425583e-01;5.205154e-02;3.224666e-02;1.295305e-01;4.484886e-02;1.313332e-01;5.491710e-02;1.188464e-02;4.895842e-03;4.249361e-02
1.227960e-01;2.272376e-01;1.369345e-01;6.768651e-02;2.460432e-02;1.035748e-01;7.585303e-02;1.207307e-01;4.558747e-02;1.427991e-02;1.005407e-02;5.066104e-02
9.908224e-02;2.184368e-01;1.465579e-01;5.331346e-02;1.397981e-02;9.936622e-02;5.604004e-02;1.076680e-01;5.161981e-02;2.632844e-02;2.097045e-02;1.066369e-01
7.020696e-02;2.800685e-01;1.688025e-01;2.592711e-02;1.355367e-02;6.374778e-02;8.973391e-02;8.579375e-02;5.829356e-02;2.105877e-02;1.206906e-02;1.107445e-01
7.530262e-02;2.037999e-01;1.082999e-01;2.048028e-02;1.486662e-02;8.170970e-02;1.888323e-01;1.031955e-01;5.119878e-02;3.086993e-02;1.879608e-02;1.026484e-01
7.536357e-02;1.833965e-01;1.077594e-01;2.391458e-02;1.319350e-02;7.621802e-02;2.219408e-01;1.127039e-01;5.180266e-02;4.057790e-02;1.708276e-02;7.604641e-02
8.257593e-02;2.690648e-01;1.846396e-01;2.339605e-02;9.132828e-03;5.498129e-02;1.655904e-01;5.753991e-02;3.971818e-02;3.578946e-02;1.656848e-02;6.100309e-02
9.910797e-02;2.898811e-01;1.675268e-01;2.569733e-02;1.336462e-02;3.764329e-02;1.372956e-01;5.790978e-02;3.793512e-02;3.063964e-02;2.130718e-02;8.169161e-02
1.050681e-01;2.795301e-01;7.329103e-02;3.422795e-02;1.908934e-02;5.866061e-02;1.462421e-01;9.645417e-02;4.521367e-02;4.006680e-02;2.014684e-02;8.200923e-02
8.839266e-02;3.183076e-01;1.114154e-01;4.285152e-02;1.485648e-02;7.048990e-02;1.084891e-01;8.858724e-02;4.252322e-02;3.940838e-02;1.644855e-02;5.823001e-02
6.639408e-02;2.532553e-01;1.085434e-01;5.622164e-02;3.722032e-02;1.117495e-01;1.057369e-01;1.039908e-01;4.152226e-02;3.229779e-02;2.763374e-02;5.543417e-02
7.367813e-02;1.568230e-01;1.137759e-01;4.976415e-02;4.177599e-02;1.252673e-01;1.514357e-01;1.323531e-01;3.492259e-02;3.718212e-02;2.362003e-02;5.940204e-02
1.236905e-01;1.098674e-01;7.380763e-02;3.533860e-02;4.811667e-02;8.866680e-02;1.650849e-01;2.036596e-01;2.730418e-02;4.475360e-02;1.275735e-02;6.695276e-02
1.656337e-01;1.428892e-01;1.032878e-01;2.148018e-02;8.231282e-02;4.131879e-02;8.214267e-02;2.418990e-01;2.380792e-02;3.438124e-02;2.014142e-02;4.070531e-02
1.336761e-01;2.051736e-01;1.252469e-01;3.046962e-02;9.308907e-02;5.052521e-02;7.406720e-02;1.862222e-01;3.481967e-02;2.321205e-02;1.884072e-02;2.465768e-02
8.393271e-02;2.882020e-01;1.591053e-01;3.458251e-02;5.269626e-02;7.750028e-02;5.055139e-02;1.099691e-01;8.199016e-02;2.765129e-02;1.367172e-02;2.014733e-02
3.963915e-02;3.144104e-01;2.739656e-01;2.483709e-02;2.803570e-02;7.163223e-02;2.785105e-02;6.962391e-02;8.525363e-02;4.286469e-02;8.048046e-03;1.383848e-02
3.285038e-02;3.027582e-01;3.812924e-01;2.506531e-02;2.421260e-02;3.619682e-02;5.192569e-02;4.007522e-02;3.719238e-02;4.443619e-02;1.075729e-02;1.323755e-02
3.040021e-02;2.452208e-01;4.306636e-01;6.283842e-02;2.813809e-02;4.539685e-02;4.968383e-02;2.353767e-02;2.274443e-02;3.097618e-02;1.917199e-02;1.122793e-02
2.065057e-02;1.346297e-01;3.921843e-01;1.388300e-01;4.082899e-02;9.447683e-02;4.161972e-02;3.901897e-02;3.343632e-02;1.678905e-02;3.796469e-02;9.570945e-03
2.125864e-02;1.154920e-01;2.497040e-01;1.890389e-01;5.459910e-02;1.583275e-01;3.398792e-02;5.121317e-02;2.835009e-02;3.058957e-02;5.017850e-02;1.726051e-02
2.641986e-02;1.059748e-01;1.438987e-01;1.815397e-01;1.069169e-01;2.003857e-01;2.707482e-02;5.373332e-02;2.663099e-02;5.277093e-02;4.495390e-02;2.970034e-02
2.623537e-02;1.217353e-01;2.181626e-01;1.177515e-01;1.354643e-01;2.032155e-01;1.389612e-02;3.908422e-02;2.221593e-02;5.482187e-02;2.737930e-02;2.003803e-02
2.172783e-02;7.963159e-02;2.047097e-01;8.530555e-02;1.772862e-01;2.558351e-01;2.750057e-02;3.139912e-02;1.464468e-02;5.782966e-02;1.277399e-02;3.135604e-02
2.633841e-02;1.184089e-01;8.247910e-02;8.372374e-02;2.128487e-01;2.834095e-01;2.590694e-02;3.749930e-02;2.024732e-02;4.517379e-02;9.371153e-03;5.459329e-02
2.255837e-02;1.007939e-01;1.256897e-01;9.549431e-02;2.079663e-01;2.663591e-01;1.793748e-02;3.340438e-02;2.221670e-02;2.976305e-02;2.430338e-02;5.351333e-02
1.902554e-02;4.365971e-02;1.481608e-01;1.418469e-01;1.871144e-01;2.223899e-01;9.550603e-03;5.902649e-02;1.715160e-02;2.861017e-02;6.917498e-02;5.428893e-02
1.931131e-02;1.042048e-01;1.572643e-01;1.883235e-01;1.200564e-01;1.340345e-01;9.316020e-03;6.183485e-02;1.270488e-02;1.169259e-02;1.333232e-01;4.793359e-02
4.069782e-02;5.937457e-02;1.187748e-01;2.084608e-01;7.553860e-02;1.041961e-01;1.908774e-02;5.596708e-02;1.473446e-02;2.073987e-02;2.447345e-01;3.769359e-02
8.580671e-02;7.877381e-02;1.863055e-01;1.233181e-01;3.763418e-02;6.456284e-02;3.493311e-02;3.813461e-02;1.587225e-02;6.637045e-02;2.403799e-01;2.790856e-02
9.505293e-02;7.318959e-02;2.778597e-01;5.411861e-02;5.356541e-02;3.520767e-02;4.414730e-02;2.453807e-02;2.301818e-02;1.378402e-01;1.491528e-01;3.230961e-02
5.754595e-02;1.636497e-01;2.857637e-01;3.250783e-02;5.632634e-02;2.999963e-02;2.891210e-02;1.658994e-02;5.643374e-02;1.471671e-01;6.797971e-02;5.712421e-02
2.709103e-02;2.786518e-01;2.093639e-01;5.653211e-02;2.993732e-02;4.879557e-02;1.535995e-02;1.821421e-02;9.993338e-02;9.276348e-02;4.311511e-02;8.024217e-02
8.024801e-02;2.930318e-01;1.419868e-01;6.689286e-02;3.477509e-02;3.821357e-02;1.847751e-02;5.613572e-02;1.030570e-01;3.504697e-02;7.181460e-02;6.032015e-02
1.996687e-01;1.755716e-01;1.066180e-01;4.744879e-02;8.410812e-02;2.259179e-02;2.671320e-02;1.156046e-01;5.810128e-02;2.432213e-02;1.013611e-01;3.789054e-02
2.458369e-01;8.114150e-02;7.501725e-02;3.362268e-02;1.052511e-01;4.627112e-02;5.811853e-02;1.547325e-01;3.674350e-02;5.096075e-02;6.737597e-02;4.492825e-02
1.649670e-01;6.614838e-02;6.254633e-02;5.739929e-02;7.094613e-02;4.864765e-02;1.051150e-01;1.409852e-01;3.550608e-02;1.015276e-01;3.775144e-02;1.084599e-01
6.909285e-02;7.816029e-02;6.574535e-02;8.899942e-02;4.107843e-02;4.914141e-02;1.410982e-01;9.364414e-02;2.483071e-02;1.058636e-01;4.124602e-02;2.010996e-01
4.157093e-02;7.921109e-02;6.144658e-02;1.084765e-01;3.980392e-02;3.120277e-02;1.740701e-01;5.122172e-02;1.941303e-02;7.566499e-02;3.352646e-02;2.843919e-01
3.297575e-02;5.874098e-02;5.550465e-02;1.097856e-01;3.538306e-02;2.840928e-02;2.132308e-01;1.417215e-02;1.619965e-02;5.426158e-02;2.718069e-02;3.541558e-01
5.222331e-02;8.429124e-02;6.424665e-02;8.209514e-02;2.055756e-02;4.375539e-02;2.261944e-01;2.998922e-02;1.286239e-02;2.250731e-02;3.537655e-02;3.259008e-01
6.400642e-02;1.094815e-01;6.929594e-02;4.358028e-02;2.168379e-02;7.822469e-02;2.392186e-01;3.128489e-02;1.570836e-02;3.221586e-02;6.069252e-02;2.346072e-01
6.262302e-02;9.730368e-02;6.916582e-02;2.211966e-02;3.647035e-02;1.317694e-01;2.303762e-01;3.507845e-02;2.037796e-02;3.585488e-02;8.971924e-02;1.691414e-01
6.413122e-02;9.892821e-02;7.564833e-02;1.316043e-02;3.707373e-02;1.806223e-01;1.953599e-01;3.768561e-02;2.226090e-02;2.641465e-02;1.150900e-01;1.336246e-01
4.555424e-02;5.618310e-02;5.475292e-02;2.436956e-02;5.570028e-02;2.562798e-01;1.883951e-01;5.286487e-02;3.250119e-02;2.726852e-02;9.971409e-02;1.064164e-01
3.980651e-02;6.457698e-02;6.691597e-02;3.970020e-02;7.190183e-02;2.647400e-01;1.694944e-01;6.919467e-02;5.167969e-02;2.290342e-02;5.538894e-02;8.369752e-02
3.648253e-02;8.985531e-02;5.031608e-02;4.719100e-02;7.270727e-02;2.326276e-01;1.570964e-01;7.723224e-02;7.613799e-02;3.166576e-02;5.130176e-02;7.738609e-02
2.551451e-02;1.016070e-01;6.648377e-02;3.410530e-02;3.816482e-02;1.183225e-01;2.191287e-01;1.038908e-01;7.909396e-02;4.992947e-02;6.782565e-02;9.593341e-02
7.461233e-02;8.673893e-02;1.005500e-01;3.431596e-02;2.515282e-02;8.504640e-02;1.872731e-01;7.816738e-02;8.637906e-02;5.573914e-02;8.575643e-02;1.002685e-01
9.603514e-02;8.499300e-02;1.039916e-01;4.632783e-02;2.848638e-02;7.610206e-02;1.435597e-01;8.081522e-02;1.027606e-01;7.056479e-02;6.167394e-02;1.046897e-01
6.268423e-02;1.594623e-01;1.183015e-01;3.942631e-02;2.543275e-02;9.302492e-02;9.468155e-02;9.040913e-02;1.152543e-01;5.984831e-02;2.951324e-02;1.119615e-01
5.070863e-02;1.462556e-01;8.085330e-02;4.251751e-02;3.231970e-02;1.375828e-01;9.488355e-02;8.420005e-02;1.197990e-01;5.949774e-02;4.053815e-02;1.108439e-01
6.047075e-02;1.479970e-01;1.199751e-01;4.118067e-02;4.686423e-02;1.447577e-01;8.832464e-02;8.148177e-02;8.719043e-02;4.746728e-02;5.648087e-02;7.780958e-02
6.816039e-02;1.196530e-01;1.216620e-01;3.238914e-02;6.408258e-02;1.233581e-01;1.212378e-01;7.603189e-02;7.601374e-02;4.702264e-02;8.429963e-02;6.608904e-02
7.925199e-02;1.102820e-01;5.876952e-02;2.338999e-02;6.701963e-02;1.729635e-01;1.056658e-01;8.026696e-02;7.902065e-02;4.540513e-02;9.800477e-02;7.996008e-02
7.873918e-02;1.172359e-01;1.142737e-01;1.346428e-02;4.467153e-02;2.148344e-01;6.317321e-02;8.446336e-02;8.875690e-02;4.453367e-02;7.436693e-02;6.148690e-02
6.969089e-02;8.842216e-02;6.899533e-02;2.776994e-02;5.938170e-02;1.585523e-01;1.495802e-01;9.580790e-02;1.001486e-01;4.373384e-02;6.228307e-02;7.563402e-02
4.424400e-02;1.178693e-01;1.223724e-01;3.955311e-02;7.828970e-02;1.120564e-01;1.330120e-01;8.407086e-02;1.163958e-01;2.876646e-02;3.006689e-02;9.330311e-02
3.985626e-02;9.609028e-02;1.070617e-01;3.736500e-02;6.076130e-02;1.434395e-01;1.270351e-01;9.874119e-02;1.292894e-01;4.040385e-02;4.472886e-02;7.522753e-02
4.655921e-02;6.425086e-02;9.455352e-02;2.294413e-02;4.871740e-02;6.798293e-02;1.312861e-01;1.229649e-01;1.776737e-01;7.212415e-02;7.228202e-02;7.866111e-02
5.905347e-02;1.001498e-01;9.111571e-02;3.192657e-02;3.931859e-02;4.617560e-02;1.117327e-01;9.500723e-02;1.850408e-01;7.236575e-02;6.303629e-02;1.050774e-01
6.717157e-02;7.394619e-02;7.495445e-02;3.524057e-02;6.046329e-02;4.694001e-02;1.145266e-01;1.154190e-01;1.915975e-01;6.477970e-02;5.879799e-02;9.616309e-02
6.058720e-02;6.052828e-02;6.261569e-02;2.452446e-02;6.137380e-02;9.894699e-02;9.656817e-02;1.044358e-01;2.210588e-01;6.763148e-02;5.099018e-02;9.073907e-02
3.400267e-02;9.153618e-02;8.813459e-02;4.170372e-02;6.370258e-02;9.000605e-02;4.010409e-02;1.153567e-01;2.232745e-01;6.414413e-02;4.790327e-02;1.001315e-01
2.910290e-02;1.112454e-01;1.041272e-01;4.239468e-02;8.832252e-02;7.092397e-02;3.184821e-02;1.176017e-01;2.324740e-01;7.419159e-02;3.625348e-02;6.151436e-02
4.317081e-02;9.569921e-02;5.605111e-02;5.090949e-02;1.314974e-01;9.047509e-02;5.180107e-02;1.082194e-01;2.198788e-01;8.369007e-02;3.555119e-02;3.305638e-02
3.745498e-02;9.841079e-02;3.451021e-02;6.363709e-02;1.732593e-01;7.832659e-02;3.125424e-02;9.426947e-02;2.013756e-01;8.396186e-02;5.008335e-02;5.345648e-02
3.007720e-02;1.061994e-01;4.707612e-02;6.511711e-02;1.545779e-01;1.323470e-01;3.180378e-02;1.016411e-01;1.618983e-01;8.322389e-02;4.309218e-02;4.294601e-02
2.283728e-02;7.778688e-02;3.542833e-02;7.830521e-02;1.031049e-01;2.404534e-01;7.774713e-02;9.160694e-02;1.196567e-01;6.689122e-02;5.804816e-02;2.813374e-02
2.919286e-02;7.189531e-02;3.417360e-02;1.004650e-01;7.586693e-02;2.480570e-01;8.369721e-02;7.145217e-02;1.094125e-01;5.177700e-02;8.140106e-02;4.260943e-02
2.785062e-02;9.256822e-02;4.925206e-02;1.186648e-01;1.100123e-01;1.652878e-01;6.587853e-02;6.476343e-02;1.172789e-01;6.777775e-02;5.942201e-02;6.124356e-02
1.938562e-02;9.096408e-02;3.860508e-02;9.251469e-02;1.162049e-01;2.563670e-01;4.294477e-02;6.169583e-02;1.101729e-01;7.530528e-02;3.353253e-02;6.230735e-02
2.112541e-02;1.314562e-01;6.053429e-02;6.808209e-02;1.220597e-01;2.697250e-01;2.196532e-02;5.696440e-02;9.710698e-02;7.121605e-02;3.620012e-02;4.356446e-02
2.553498e-02;1.652033e-01;5.530728e-02;4.604872e-02;1.584397e-01;1.995507e-01;2.042531e-02;5.787291e-02;1.023840e-01;8.515891e-02;3.987785e-02;4.419641e-02
2.515079e-02;1.657366e-01;3.391014e-02;5.043812e-02;1.955295e-01;1.427904e-01;2.043190e-02;6.307766e-02;1.207303e-01;1.011857e-01;2.640742e-02;5.461138e-02
2.285431e-02;1.284061e-01;3.760699e-02;3.721225e-02;1.960320e-01;1.645949e-01;1.420039e-02;6.640727e-02;1.253022e-01;1.007592e-01;3.779667e-02;6.882771e-02
2.919334e-02;1.097915e-01;4.367483e-02;5.573008e-02;1.783848e-01;1.569529e-01;3.645214e-02;6.608710e-02;1.313607e-01;9.909334e-02;2.332551e-02;6.995385e-02
2.654584e-02;1.120932e-01;8.334434e-02;5.074723e-02;1.227761e-01;1.347983e-01;4.657902e-02;9.638918e-02;1.470853e-01;9.373619e-02;2.322319e-02;6.268198e-02
3.336124e-02;9.682765e-02;1.035157e-01;3.128447e-02;6.115660e-02;1.686705e-01;6.206231e-02;1.050268e-01;1.698337e-01;9.014913e-02;2.702285e-02;5.108920e-02
4.664252e-02;6.661681e-02;7.749523e-02;2.077632e-02;6.880733e-02;1.601429e-01;4.850627e-02;1.156355e-01;2.056083e-01;1.141330e-01;4.450918e-02;3.112668e-02
3.351782e-02;1.084263e-01;8.754456e-02;2.115383e-02;9.052648e-02;1.355336e-01;2.471498e-02;1.123068e-01;1.902640e-01;1.157649e-01;3.290582e-02;4.734099e-02
2.366056e-02;6.430101e-02;6.800113e-02;3.532342e-02;1.133113e-01;1.897139e-01;1.201281e-02;1.131368e-01;1.876238e-01;1.044525e-01;3.613562e-02;5.232716e-02
1.844142e-02;5.503937e-02;5.165925e-02;2.951701e-02;1.246273e-01;1.620968e-01;4.793610e-02;1.285720e-01;2.006945e-01;9.430895e-02;3.870849e-02;4.839892e-02
2.167458e-02;5.211563e-02;6.015699e-02;2.686881e-02;1.357493e-01;1.006885e-01;5.119387e-02;1.447631e-01;2.337655e-01;9.612915e-02;3.395957e-02;4.293507e-02
3.274938e-02;6.905785e-02;6.835122e-02;2.062949e-02;1.302045e-01;1.247998e-01;3.242060e-02;1.361635e-01;2.330341e-01;8.805747e-02;2.403050e-02;4.050160e-02
3.337540e-02;8.685813e-02;4.360526e-02;3.565857e-02;1.196872e-01;8.933192e-02;3.837661e-02;1.583230e-01;2.456086e-01;7.805448e-02;2.024006e-02;5.088082e-02
5.222431e-02;1.028643e-01;1.334699e-01;2.850650e-02;8.690517e-02;6.837005e-02;4.245038e-02;1.579197e-01;1.807837e-01;6.233362e-02;3.168664e-02;5.248565e-02
5.233933e-02;9.431003e-02;1.455520e-01;8.863848e-02;9.873045e-02;8.488579e-02;1.918346e-02;1.448021e-01;1.544755e-01;4.890865e-02;2.541982e-02;4.275443e-02
3.429058e-02;5.196133e-02;1.028568e-01;1.342514e-01;1.570618e-01;6.738747e-02;4.102057e-02;1.354775e-01;1.897078e-01;4.031260e-02;1.597369e-02;2.969849e-02
2.507281e-02;2.632198e-02;6.466206e-02;1.378828e-01;1.816942e-01;1.092592e-01;5.436654e-02;1.180674e-01;2.024334e-01;3.391000e-02;1.969734e-02;2.663220e-02
2.817369e-02;2.674256e-02;5.748849e-02;1.409583e-01;1.650154e-01;9.685438e-02;4.051105e-02;1.285087e-01;2.174065e-01;4.234354e-02;2.898959e-02;2.700770e-02
4.261121e-02;3.173680e-02;6.213857e-02;1.766853e-01;1.230240e-01;5.040100e-02;3.227096e-02;1.534808e-01;2.424830e-01;3.630930e-02;2.599063e-02;2.286837e-02
4.415544e-02;3.079972e-02;4.578302e-02;1.913617e-01;1.360137e-01;5.349048e-02;4.496628e-02;1.559477e-01;2.208814e-01;3.007978e-02;2.080642e-02;2.571435e-02
4.031309e-02;3.488826e-02;3.166252e-02;2.108910e-01;1.423514e-01;3.696373e-02;4.933684e-02;1.688863e-01;2.238399e-01;2.867514e-02;8.239936e-03;2.395189e-02
3.386774e-02;3.682544e-02;4.425982e-02;2.073287e-01;1.201319e-01;4.260561e-02;4.601593e-02;1.705348e-01;2.288797e-01;2.905949e-02;1.538445e-02;2.510643e-02
3.644238e-02;3.885770e-02;3.644902e-02;2.175300e-01;1.054607e-01;3.687622e-02;4.625456e-02;1.715315e-01;2.487373e-01;2.210281e-02;1.752767e-02;2.223004e-02
3.549181e-02;4.162621e-02;4.291962e-02;2.212150e-01;1.240609e-01;3.508077e-02;3.532911e-02;1.572416e-01;2.484950e-01;2.739177e-02;1.311122e-02;1.803692e-02
3.380533e-02;4.506044e-02;8.588083e-02;2.200956e-01;1.316109e-01;2.699769e-02;2.714083e-02;1.588957e-01;2.278118e-01;2.071002e-02;9.632753e-03;1.235809e-02
3.351784e-02;3.359056e-02;7.045036e-02;2.231346e-01;1.175278e-01;3.527186e-02;2.707429e-02;1.928591e-01;2.225155e-01;2.264000e-02;8.524715e-03;1.289338e-02
2.782728e-02;4.443005e-02;9.411752e-02;1.787201e-01;7.518291e-02;5.911716e-02;2.367604e-02;2.258321e-01;2.132589e-01;2.164390e-02;1.752660e-02;1.866743e-02
2.511442e-02;6.783181e-02;1.317025e-01;1.087021e-01;3.585793e-02;7.857884e-02;2.705909e-02;1.987910e-01;2.490055e-01;2.999116e-02;2.681270e-02;2.055293e-02
2.570796e-02;3.418578e-02;9.107869e-02;6.495653e-02;7.690506e-02;8.697557e-02;3.144452e-02;1.568622e-01;3.074553e-01;4.998407e-02;4.167242e-02;3.277189e-02
2.522960e-02;4.195388e-02;4.914277e-02;9.193277e-02;6.576849e-02;7.498629e-02;2.001128e-02;1.783990e-01;3.298493e-01;5.453817e-02;4.235565e-02;2.583277e-02
1.048994e-02;4.177711e-02;4.866353e-02;1.095495e-01;6.512810e-02;8.466594e-02;1.555715e-02;2.066664e-01;3.393402e-01;3.997971e-02;2.505405e-02;1.312838e-02
2.622196e-02;6.015192e-02;7.131362e-02;1.189307e-01;7.343753e-02;6.718324e-02;2.356685e-02;1.887798e-01;2.970707e-01;4.056137e-02;1.636340e-02;1.641905e-02
3.087523e-02;4.508631e-02;7.413901e-02;1.307869e-01;7.167491e-02;8.330699e-02;4.023292e-02;1.681312e-01;2.687426e-01;4.265444e-02;1.921964e-02;2.514977e-02
2.751748e-02;6.151237e-02;6.302229e-02;1.256382e-01;9.809069e-02;1.065926e-01;3.933387e-02;1.382748e-01;2.439851e-01;4.529484e-02;2.142804e-02;2.930981e-02
2.914265e-02;1.102982e-01;7.463802e-02;9.450606e-02;8.084219e-02;1.322017e-01;2.707459e-02;1.006440e-01;2.325717e-01;5.809261e-02;3.006684e-02;2.992146e-02
2.615022e-02;1.023859e-01;8.542901e-02;8.199704e-02;5.701237e-02;1.051064e-01;2.904279e-02;1.262583e-01;2.559736e-01;6.747959e-02;3.333354e-02;2.983117e-02
1.803309e-02;8.867323e-02;7.052776e-02;9.515186e-02;1.144563e-01;7.240035e-02;3.379222e-02;1.085481e-01;2.619524e-01;6.880815e-02;3.977574e-02;2.788080e-02
2.173528e-02;1.048578e-01;5.622976e-02;9.455699e-02;1.313365e-01;1.098859e-01;3.150802e-02;7.633732e-02;2.412338e-01;6.807545e-02;3.641670e-02;2.782646e-02
2.790172e-02;8.676876e-02;4.816554e-02;1.011041e-01;8.835350e-02;9.901255e-02;2.209518e-02;1.017649e-01;2.810505e-01;8.249259e-02;3.871907e-02;2.257168e-02
