1.218695e-01;1.280994e-01;1.673669e-01;5.814134e-02;5.140179e-02;4.632455e-02;2.011080e-01;4.552194e-02;4.908041e-02;4.524639e-02;5.951827e-02;2.632144e-02
9.685538e-02;1.700301e-01;2.294457e-01;7.112710e-02;2.804875e-02;5.478861e-02;1.185493e-01;2.730285e-02;6.338459e-02;5.226382e-02;4.329266e-02;4.491117e-02
7.615521e-02;1.857392e-01;2.998811e-01;7.153410e-02;2.602053e-02;7.387485e-02;3.723470e-02;2.989947e-02;6.781831e-02;5.202529e-02;2.101935e-02;5.879796e-02
6.409106e-02;1.471701e-01;3.227855e-01;5.857681e-02;4.846906e-02;6.559110e-02;6.325188e-02;3.297285e-02;5.117407e-02;6.456948e-02;2.652558e-02;5.482259e-02
8.294074e-02;1.267036e-01;3.178433e-01;3.945933e-02;4.724006e-02;6.633426e-02;9.250405e-02;3.964670e-02;4.982191e-02;6.565379e-02;2.156465e-02;5.028758e-02
5.187134e-02;1.291816e-01;2.780265e-01;4.055677e-02;3.320360e-02;6.917431e-02;1.329744e-01;6.623986e-02;5.393249e-02;6.786703e-02;2.269105e-02;5.428107e-02
9.985831e-02;9.443635e-02;2.086503e-01;5.161167e-02;4.357867e-02;5.140271e-02;1.639695e-01;9.972395e-02;4.025418e-02;6.212216e-02;3.447317e-02;4.991896e-02
8.658509e-02;7.501207e-02;2.017749e-01;6.462365e-02;4.914979e-02;4.774843e-02;1.439424e-01;1.164498e-01;6.517158e-02;7.011499e-02;4.301296e-02;3.641449e-02
4.731486e-02;9.649144e-02;1.980303e-01;7.137012e-02;9.729944e-02;6.543413e-02;1.016547e-01;1.025211e-01;1.092361e-01;6.373869e-02;2.269071e-02;2.421835e-02
3.244399e-02;8.980667e-02;1.806110e-01;5.477176e-02;9.940677e-02;8.148073e-02;1.000757e-01;9.346913e-02;1.356558e-01;7.581486e-02;3.996830e-02;1.649528e-02
3.836215e-02;7.123625e-02;1.315272e-01;7.413480e-02;7.195450e-02;8.789733e-02;1.332722e-01;7.315895e-02;1.446306e-01;1.148463e-01;3.227633e-02;2.670332e-02
5.455772e-02;4.976240e-02;1.036785e-01;8.012464e-02;6.608243e-02;8.473770e-02;1.683333e-01;8.361892e-02;9.385967e-02;1.561678e-01;3.276896e-02;2.630790e-02
4.386235e-02;4.139853e-02;7.216276e-02;7.316168e-02;7.119158e-02;5.321066e-02;1.472680e-01;1.619157e-01;9.122110e-02;1.829979e-01;3.133758e-02;3.027211e-02
3.341775e-02;4.676381e-02;1.077181e-01;7.001738e-02;5.822210e-02;5.995160e-02;1.105936e-01;1.910392e-01;6.784035e-02;1.676250e-01;4.102988e-02;4.578112e-02
3.747953e-02;5.611080e-02;1.213299e-01;7.091228e-02;5.330829e-02;7.332047e-02;1.472721e-01;1.193998e-01;1.284396e-01;1.002759e-01;4.458467e-02;4.756662e-02
3.670714e-02;6.355420e-02;1.310850e-01;6.392192e-02;6.206106e-02;5.730243e-02;1.401251e-01;8.455820e-02;1.761076e-01;1.006454e-01;5.048129e-02;3.345070e-02
5.777876e-02;5.857901e-02;1.043857e-01;7.101169e-02;5.272838e-02;6.635334e-02;1.529794e-01;1.254974e-01;9.991078e-02;9.980673e-02;6.827424e-02;4.269462e-02
3.551538e-02;4.935810e-02;1.597132e-01;5.700508e-02;5.619047e-02;6.459624e-02;2.076117e-01;7.819235e-02;7.290157e-02;1.084288e-01;7.338072e-02;3.710638e-02
4.943398e-02;4.250303e-02;1.661871e-01;4.840630e-02;5.748383e-02;7.044518e-02;2.151585e-01;5.970354e-02;5.939044e-02;1.174867e-01;7.311085e-02;4.069051e-02
7.822547e-02;5.437028e-02;1.711996e-01;4.173546e-02;5.430330e-02;6.672735e-02;1.884940e-01;5.155804e-02;4.332658e-02;1.338856e-01;6.868433e-02;4.749000e-02
1.324552e-01;6.544722e-02;1.538931e-01;4.846835e-02;4.935695e-02;6.162321e-02;1.927928e-01;4.076906e-02;4.195295e-02;1.083494e-01;6.143579e-02;4.345599e-02
1.545729e-01;6.975310e-02;2.073215e-01;4.387780e-02;3.677730e-02;5.508019e-02;1.934609e-01;2.121299e-02;3.210576e-02;9.585862e-02;6.141796e-02;2.856102e-02
1.128798e-01;6.452196e-02;3.094397e-01;2.954508e-02;5.745834e-02;4.746270e-02;1.812270e-01;3.295353e-02;3.509929e-02;7.514132e-02;3.099004e-02;2.328124e-02
8.669771e-02;3.579295e-02;2.772962e-01;6.322086e-02;8.448157e-02;7.608613e-02;1.407873e-01;3.328587e-02;5.707222e-02;5.313562e-02;4.076807e-02;5.137550e-02
1.083582e-01;3.608304e-02;1.960982e-01;7.740032e-02;1.037739e-01;1.037146e-01;1.268362e-01;4.016387e-02;6.809074e-02;3.465528e-02;4.628949e-02;5.853604e-02
6.945724e-02;5.632884e-02;2.628571e-01;6.110584e-02;8.373660e-02;9.530661e-02;1.308276e-01;5.024828e-02;3.724702e-02;4.626273e-02;5.385184e-02;5.277030e-02
9.907661e-02;6.535109e-02;2.203631e-01;5.649978e-02;6.574584e-02;7.407838e-02;1.922691e-01;4.691629e-02;4.635855e-02;4.499120e-02;5.037692e-02;3.797320e-02
1.416197e-01;8.853573e-02;2.184017e-01;5.660491e-02;5.283961e-02;5.643023e-02;1.509344e-01;3.769783e-02;5.907226e-02;4.815603e-02;6.205034e-02;2.765714e-02
1.419126e-01;9.001930e-02;2.716105e-01;3.968514e-02;5.448994e-02;4.500519e-02;1.423019e-01;3.878003e-02;3.367687e-02;5.672927e-02;5.358534e-02;3.220393e-02
1.273791e-01;6.074163e-02;3.429714e-01;4.752987e-02;4.429583e-02;3.632105e-02;1.473648e-01;3.316591e-02;2.137503e-02;5.445945e-02;4.764028e-02;3.675563e-02
1.025852e-01;1.138105e-01;3.694547e-01;3.862958e-02;2.722834e-02;3.730517e-02;1.253694e-01;2.909273e-02;3.060695e-02;5.434311e-02;3.425213e-02;3.732215e-02
1.654790e-02;1.330802e-01;4.765253e-01;3.097647e-02;3.324021e-02;3.793375e-02;8.181652e-02;1.887080e-02;4.164911e-02;7.050287e-02;2.450888e-02;3.434799e-02
9.750593e-02;5.719925e-02;4.946328e-01;3.786010e-02;4.266466e-02;2.380735e-02;6.258108e-02;1.303453e-02;3.926737e-02;6.987997e-02;3.156817e-02;2.999883e-02
8.923154e-02;7.292791e-02;4.909020e-01;4.895418e-02;4.459707e-02;2.195035e-02;5.725595e-02;1.650031e-02;2.732164e-02;7.112530e-02;2.752485e-02;3.170890e-02
3.530977e-02;9.432018e-02;4.424937e-01;5.724654e-02;5.401221e-02;3.294783e-02;7.585613e-02;4.026445e-02;3.143099e-02;7.798146e-02;3.507007e-02;2.306665e-02
5.811866e-02;7.309338e-02;3.513444e-01;6.546913e-02;6.424486e-02;4.111951e-02;9.997430e-02;4.963844e-02;3.306949e-02;8.132422e-02;6.053572e-02;2.206786e-02
5.233748e-02;6.618921e-02;3.523001e-01;5.856950e-02;5.929928e-02;3.882878e-02;1.016322e-01;4.894629e-02;3.489277e-02;9.559438e-02;6.980559e-02;2.160444e-02
7.007521e-02;7.223421e-02;3.296468e-01;4.759011e-02;4.947991e-02;3.573554e-02;1.270558e-01;3.518216e-02;4.260799e-02;1.001058e-01;6.949282e-02;2.079353e-02
6.561842e-02;7.722689e-02;2.572549e-01;3.915517e-02;6.097980e-02;4.351759e-02;1.678697e-01;5.742597e-02;3.698570e-02;8.832929e-02;7.208727e-02;3.354929e-02
9.851138e-02;5.293312e-02;2.630423e-01;3.288983e-02;4.911046e-02;4.929990e-02;1.783868e-01;4.992031e-02;2.927339e-02;7.416773e-02;7.969300e-02;4.277187e-02
9.840098e-02;4.736311e-02;2.827262e-01;4.773393e-02;4.800330e-02;4.909085e-02;1.026265e-01;7.508066e-02;4.993932e-02;6.848840e-02;8.039998e-02;5.014677e-02
1.306828e-01;5.445501e-02;1.542309e-01;6.068759e-02;8.222133e-02;6.907593e-02;1.133577e-01;1.016059e-01;5.936532e-02;6.220800e-02;5.178580e-02;6.032364e-02
1.189230e-01;6.578965e-02;9.481408e-02;5.892611e-02;9.700149e-02;8.780947e-02;1.320426e-01;8.819061e-02;6.713910e-02;6.137062e-02;6.059470e-02;6.739862e-02
1.189748e-01;6.284764e-02;9.303145e-02;6.447933e-02;8.279128e-02;8.367821e-02;1.536314e-01;1.003145e-01;7.469524e-02;5.031541e-02;4.903757e-02;6.620313e-02
1.374759e-01;6.845268e-02;7.239174e-02;7.753187e-02;7.147130e-02;7.642212e-02;1.506299e-01;1.082464e-01;8.902670e-02;5.910986e-02;2.810955e-02;6.113200e-02
1.269406e-01;7.044585e-02;9.200234e-02;8.122991e-02;6.361046e-02;8.665039e-02;1.340347e-01;1.075045e-01;1.048715e-01;5.576306e-02;2.675329e-02;5.019333e-02
7.040349e-02;8.208277e-02;1.149848e-01;7.567269e-02;5.592355e-02;1.199712e-01;1.528697e-01;9.843852e-02;1.037198e-01;5.852964e-02;2.860457e-02;3.879920e-02
5.269534e-02;7.258072e-02;1.048036e-01;6.847259e-02;6.747385e-02;1.445476e-01;1.626793e-01;1.030715e-01;7.476506e-02;7.753829e-02;2.744305e-02;4.392921e-02
7.201198e-02;4.768154e-02;1.267729e-01;4.678405e-02;8.923305e-02;8.160649e-02;1.311167e-01;1.262814e-01;9.042354e-02;1.087617e-01;2.644285e-02;5.288395e-02
6.863374e-02;4.185413e-02;1.496594e-01;3.616581e-02;8.745253e-02;7.739607e-02;1.103123e-01;1.149089e-01;7.633755e-02;1.575619e-01;3.907698e-02;4.064060e-02
1.286229e-01;8.319633e-02;1.882176e-01;5.949121e-02;5.288008e-02;6.083095e-02;9.680016e-02;7.293048e-02;5.399807e-02;8.950872e-02;6.393625e-02;4.958727e-02
1.351661e-01;9.537759e-02;2.718794e-01;4.724470e-02;3.527553e-02;4.013557e-02;1.027865e-01;4.682375e-02;4.621940e-02;6.498851e-02;6.695560e-02;4.714730e-02
1.182736e-01;6.222184e-02;3.938340e-01;4.920344e-02;2.949379e-02;2.678122e-02;1.175058e-01;3.106312e-02;2.837001e-02;5.938267e-02;5.936860e-02;2.450186e-02
8.645608e-02;4.425317e-02;4.848302e-01;4.957426e-02;2.651459e-02;1.976830e-02;1.049406e-01;3.322095e-02;3.018871e-02;6.233634e-02;3.869548e-02;1.922128e-02
4.441656e-02;8.451078e-02;5.271264e-01;3.528181e-02;2.174464e-02;2.566405e-02;7.640612e-02;3.803590e-02;3.334696e-02;6.996968e-02;2.206498e-02;2.143203e-02
2.631593e-02;6.733718e-02;5.827383e-01;2.750293e-02;2.910769e-02;2.328221e-02;6.615808e-02;2.743848e-02;2.876251e-02;7.992397e-02;2.896987e-02;1.246289e-02
3.810784e-02;7.597014e-02;5.601205e-01;3.598838e-02;2.854043e-02;1.821872e-02;7.314597e-02;2.249647e-02;2.975953e-02;8.628386e-02;2.309950e-02;8.268737e-03
1.460336e-02;6.653319e-02;5.465727e-01;3.798190e-02;3.642206e-02;2.972756e-02;8.289305e-02;2.753671e-02;2.717889e-02;9.347513e-02;2.193605e-02;1.513947e-02
3.448833e-02;3.646887e-02;5.321904e-01;3.238555e-02;4.117608e-02;3.198138e-02;1.061589e-01;3.190498e-02;2.251549e-02;9.899440e-02;2.051228e-02;1.122330e-02
3.094603e-02;3.165153e-02;4.996216e-01;3.795791e-02;4.230368e-02;3.948588e-02;9.467357e-02;2.793760e-02;3.994260e-02;1.060380e-01;2.821964e-02;2.122202e-02
5.949681e-02;9.485079e-02;4.110955e-01;3.460804e-02;2.399346e-02;4.980944e-02;6.341089e-02;4.624250e-02;6.367647e-02;9.865527e-02;2.372131e-02;3.043951e-02
8.135264e-02;1.459344e-01;2.974643e-01;4.181525e-02;2.855429e-02;6.665664e-02;6.345668e-02;5.179974e-02;8.389031e-02;7.876021e-02;2.505234e-02;3.526324e-02
9.524003e-02;1.442653e-01;2.818159e-01;3.268919e-02;3.689500e-02;6.144731e-02;9.620237e-02;5.449101e-02;7.467274e-02;6.412867e-02;2.070008e-02;3.745237e-02
9.471616e-02;1.002658e-01;3.151641e-01;3.167276e-02;4.592139e-02;4.844800e-02;1.545835e-01;6.262318e-02;5.413665e-02;5.442687e-02;1.464271e-02;2.339888e-02
4.447571e-02;4.371420e-02;3.916056e-01;4.183379e-02;4.683521e-02;5.028969e-02;1.416449e-01;4.660507e-02;6.319982e-02;6.203074e-02;3.555096e-02;3.221437e-02
3.014843e-02;4.170455e-02;4.007143e-01;4.369386e-02;6.917112e-02;4.953352e-02;9.054681e-02;5.317776e-02;7.924704e-02;8.208651e-02;2.712231e-02;3.285378e-02
3.945992e-02;4.306455e-02;3.333212e-01;3.609428e-02;7.127041e-02;3.329109e-02;1.311330e-01;8.880440e-02;9.146888e-02;7.512894e-02;3.103743e-02;2.592594e-02
3.710900e-02;6.084596e-02;2.239650e-01;4.645120e-02;7.796448e-02;5.028499e-02;1.285911e-01;1.565274e-01;8.193472e-02;5.782513e-02;4.614736e-02;3.235359e-02
4.305041e-02;6.504595e-02;1.428876e-01;6.619307e-02;1.141617e-01;6.558970e-02;1.529035e-01;1.330538e-01;4.973986e-02;6.892318e-02;5.574229e-02;4.270893e-02
5.587396e-02;3.391913e-02;2.648516e-01;6.314491e-02;9.004685e-02;5.151979e-02;1.815763e-01;6.796221e-02;3.303346e-02;6.486510e-02;5.731506e-02;3.589163e-02
2.799213e-02;4.842451e-02;3.850733e-01;5.884353e-02;6.591447e-02;4.736969e-02;1.076386e-01;5.702602e-02;3.100995e-02;8.047391e-02;5.838816e-02;3.184567e-02
3.422837e-02;6.581616e-02;3.712760e-01;4.595512e-02;5.402399e-02;5.373387e-02;1.095087e-01;4.205078e-02;4.421825e-02;1.050930e-01;4.492238e-02;2.917338e-02
3.782272e-02;7.059363e-02;3.623385e-01;4.754918e-02;5.256227e-02;6.664853e-02;5.788866e-02;3.482312e-02;5.387408e-02;1.361622e-01;5.200914e-02;2.772807e-02
8.495560e-02;4.731056e-02;2.928128e-01;4.436494e-02;6.227154e-02;5.281108e-02;1.027117e-01;4.007358e-02;5.304005e-02;1.179036e-01;6.584976e-02;3.589481e-02
1.883976e-01;8.541095e-02;2.131570e-01;2.784554e-02;4.978443e-02;5.427211e-02;1.541049e-01;2.985320e-02;3.822343e-02;6.863970e-02;5.614631e-02;3.416474e-02
2.455253e-01;1.147373e-01;1.590212e-01;3.248708e-02;3.851522e-02;4.195521e-02;1.587738e-01;2.704961e-02;3.257902e-02;5.050587e-02;4.573921e-02;5.311126e-02
2.727529e-01;1.132526e-01;1.438963e-01;3.899366e-02;2.705945e-02;3.533596e-02;1.486807e-01;2.733651e-02;2.916762e-02;4.923414e-02;5.402521e-02;6.026493e-02
2.373949e-01;1.185894e-01;1.596652e-01;4.153326e-02;3.349796e-02;4.270340e-02;1.429546e-01;3.954525e-02;2.576992e-02;5.057703e-02;5.912201e-02;4.864712e-02
1.037699e-01;1.032184e-01;2.082784e-01;3.967133e-02;7.789512e-02;4.935729e-02;1.762986e-01;4.750159e-02;3.380180e-02;4.490901e-02;6.034292e-02;5.495552e-02
7.919386e-02;7.002010e-02;2.746276e-01;4.661814e-02;7.622130e-02;6.058514e-02;1.619568e-01;3.854151e-02;2.787156e-02;6.029612e-02;4.982068e-02;5.424713e-02
1.291317e-01;1.205740e-01;1.871723e-01;5.608204e-02;4.695049e-02;6.198573e-02;1.993400e-01;4.196847e-02;2.681656e-02;6.565733e-02;2.278600e-02;4.153542e-02
1.885173e-01;1.247551e-01;1.760797e-01;4.671119e-02;6.247256e-02;5.505760e-02;1.711962e-01;3.581597e-02;2.515857e-02;5.338220e-02;2.786570e-02;3.298787e-02
2.508823e-01;1.010922e-01;1.825144e-01;3.426714e-02;7.711434e-02;4.365835e-02;1.193296e-01;3.698786e-02;3.311614e-02;4.380688e-02;2.594839e-02;5.128234e-02
2.179542e-01;1.034126e-01;1.501582e-01;4.372972e-02;7.915372e-02;3.758908e-02;1.488262e-01;5.225812e-02;4.347745e-02;3.513822e-02;2.932975e-02;5.897268e-02
1.414777e-01;1.404919e-01;1.656423e-01;5.732010e-02;6.571350e-02;4.773891e-02;1.483863e-01;5.384897e-02;5.849080e-02;4.276339e-02;3.555099e-02;4.257516e-02
1.553689e-01;1.375949e-01;2.299385e-01;5.053852e-02;4.884638e-02;3.945296e-02;1.193898e-01;4.569305e-02;6.064409e-02;3.708311e-02;3.619629e-02;3.925354e-02
1.298863e-01;1.371949e-01;2.925040e-01;4.588407e-02;3.575939e-02;3.428262e-02;1.014164e-01;4.297199e-02;5.754763e-02;4.475177e-02;2.843240e-02;4.936848e-02
8.528828e-02;1.137257e-01;2.668526e-01;6.994269e-02;4.219155e-02;4.463946e-02;1.129925e-01;7.533658e-02;3.606451e-02;5.815908e-02;3.430297e-02;6.050405e-02
9.788200e-02;1.186153e-01;1.778792e-01;8.075021e-02;6.666875e-02;4.633656e-02;7.632574e-02;7.726860e-02;1.073141e-01;7.106656e-02;3.634228e-02;4.355071e-02
8.028869e-02;1.370197e-01;1.595393e-01;9.162460e-02;9.935824e-02;4.270563e-02;6.365854e-02;8.883092e-02;1.013286e-01;6.499303e-02;3.280658e-02;3.784627e-02
1.056898e-01;1.107720e-01;1.607280e-01;8.727051e-02;9.924415e-02;4.119686e-02;9.676489e-02;9.471956e-02;8.594838e-02;4.431463e-02;3.483580e-02;3.851541e-02
9.839974e-02;8.426406e-02;1.663171e-01;6.088248e-02;7.559268e-02;5.239742e-02;8.865386e-02;1.146454e-01;1.001481e-01;7.365488e-02;4.147322e-02;4.357103e-02
5.830764e-02;5.816687e-02;1.393178e-01;5.393551e-02;6.957070e-02;6.933128e-02;1.145863e-01;1.562909e-01;9.212789e-02;1.049215e-01;4.704176e-02;3.640173e-02
8.288927e-02;6.924775e-02;1.180244e-01;3.734941e-02;7.399613e-02;1.029381e-01;1.255230e-01;1.551387e-01;8.269911e-02;7.012208e-02;3.906699e-02;4.300497e-02
6.823334e-02;1.033592e-01;1.519960e-01;5.309444e-02;7.372458e-02;8.419073e-02;1.203597e-01;1.217879e-01;5.849756e-02;6.089009e-02;4.540726e-02;5.845927e-02
7.750222e-02;1.019110e-01;1.938840e-01;8.022632e-02;5.204929e-02;3.789642e-02;1.432564e-01;7.180532e-02;9.282605e-02;6.160848e-02;4.372189e-02;4.331256e-02
6.781128e-02;9.861441e-02;2.504239e-01;8.244160e-02;5.559608e-02;3.442251e-02;1.153574e-01;6.227142e-02;9.780809e-02;6.077933e-02;4.397523e-02;3.049872e-02
9.103555e-02;1.088095e-01;2.926891e-01;8.473005e-02;5.051717e-02;3.307936e-02;7.459807e-02;4.491073e-02;1.002467e-01;4.965421e-02;4.809939e-02;2.163006e-02
1.297981e-01;8.170508e-02;2.523523e-01;8.665060e-02;5.318322e-02;4.703936e-02;1.132397e-01;3.778165e-02;8.838641e-02;3.228253e-02;4.681067e-02;3.077045e-02
1.423705e-01;5.170536e-02;2.171682e-01;7.704204e-02;6.311491e-02;5.357488e-02;1.754046e-01;3.718818e-02;6.650306e-02;4.458997e-02;2.739333e-02;4.394502e-02
1.135028e-01;3.884986e-02;2.268451e-01;6.459577e-02;5.854647e-02;6.367234e-02;2.046679e-01;3.473017e-02;4.641644e-02;5.016651e-02;4.367073e-02;5.433593e-02
1.397849e-01;7.020265e-02;2.132880e-01;5.136294e-02;3.827183e-02;5.970152e-02;2.272298e-01;3.351901e-02;1.711883e-02;4.968050e-02;5.883952e-02;4.100052e-02
1.842947e-01;7.799038e-02;1.973875e-01;4.077409e-02;2.285272e-02;4.439561e-02;2.397704e-01;2.865709e-02;2.611129e-02;4.879585e-02;3.782143e-02;5.114898e-02
1.891973e-01;7.881711e-02;1.857843e-01;3.950659e-02;3.079944e-02;2.937452e-02;2.584696e-01;2.906881e-02;3.518160e-02;5.080407e-02;3.573851e-02;3.725811e-02
2.002233e-01;8.347658e-02;1.781557e-01;3.192837e-02;3.570853e-02;3.039386e-02;2.683543e-01;2.221467e-02;3.132906e-02;5.531247e-02;1.997985e-02;4.292336e-02
2.004765e-01;6.724338e-02;2.032901e-01;2.057612e-02;4.815977e-02;4.100954e-02;2.399167e-01;2.538540e-02;2.683564e-02;6.200765e-02;3.409020e-02;3.100912e-02
1.686458e-01;8.039653e-02;2.219211e-01;3.760150e-02;7.545044e-02;5.926276e-02;1.748196e-01;2.281179e-02;3.483739e-02;5.926795e-02;3.812414e-02;2.686097e-02
1.411345e-01;6.962463e-02;2.668653e-01;4.668333e-02;8.252877e-02;6.667071e-02;1.452234e-01;2.188441e-02;3.759904e-02;5.726567e-02;4.113499e-02;2.338523e-02
1.100837e-01;4.134625e-02;2.727678e-01;5.497394e-02;8.322477e-02;8.038325e-02;1.388118e-01;4.249552e-02;5.360540e-02;4.995370e-02;3.302823e-02;3.932562e-02
1.063344e-01;4.803187e-02;2.649652e-01;5.823324e-02;7.057936e-02;8.838906e-02;1.472265e-01;4.187361e-02;7.075237e-02;3.960343e-02;1.866613e-02;4.534484e-02
1.036884e-01;4.357925e-02;2.778051e-01;4.029740e-02;7.171399e-02;8.960324e-02;1.480754e-01;2.840139e-02;7.046302e-02;4.672335e-02;3.399976e-02;4.564976e-02
8.018027e-02;7.031282e-02;2.377724e-01;7.828530e-02;9.741577e-02;1.013225e-01;1.141370e-01;4.934945e-02;3.963797e-02;5.696671e-02;3.944092e-02;3.517891e-02
1.079364e-01;5.675038e-02;1.962099e-01;7.462168e-02;1.292253e-01;8.887855e-02;1.143252e-01;3.706707e-02;3.658425e-02;7.578835e-02;5.002844e-02;3.258450e-02
9.221211e-02;5.643725e-02;1.896702e-01;9.041070e-02;1.106447e-01;7.025258e-02;1.257820e-01;5.153185e-02;3.776753e-02;5.743881e-02;8.537471e-02;3.247752e-02
7.522355e-02;3.366720e-02;2.417433e-01;1.227733e-01;8.876331e-02;6.357303e-02;9.109014e-02;4.846697e-02;4.236401e-02;4.302153e-02;9.353404e-02;5.577957e-02
6.563046e-02;2.609926e-02;2.514601e-01;7.668419e-02;6.637367e-02;6.462897e-02;1.368615e-01;5.324656e-02;6.935793e-02;5.353524e-02;7.823797e-02;5.788407e-02
5.893543e-02;4.441436e-02;2.531883e-01;3.575272e-02;6.937370e-02;4.814187e-02;1.470441e-01;9.913152e-02;4.285510e-02;6.808241e-02;8.039373e-02;5.268678e-02
5.872969e-02;3.381307e-02;2.311520e-01;4.684431e-02;8.157608e-02;4.766625e-02;1.012354e-01;1.169987e-01;3.199265e-02;7.763556e-02;7.142983e-02;1.009265e-01
7.173285e-02;5.988526e-02;1.810532e-01;5.912470e-02;7.452446e-02;6.178963e-02;1.432724e-01;6.843073e-02;9.604384e-02;7.778472e-02;5.690198e-02;4.945622e-02
7.465827e-02;5.722914e-02;1.500039e-01;6.195021e-02;5.782359e-02;6.987488e-02;1.677805e-01;1.002477e-01;1.147608e-01;6.504524e-02;4.129954e-02;3.932627e-02
9.133063e-02;3.857670e-02;1.680074e-01;5.660659e-02;4.396514e-02;6.349116e-02;1.870697e-01;1.015225e-01;1.158232e-01;4.006210e-02;4.989182e-02;4.365306e-02
9.919413e-02;6.625076e-02;1.894714e-01;5.302907e-02;3.803596e-02;4.615798e-02;1.635144e-01;8.057892e-02;1.086877e-01;3.821761e-02;6.938810e-02;4.747400e-02
8.398673e-02;7.850776e-02;1.934806e-01;5.891503e-02;3.786038e-02;4.982814e-02;1.492398e-01;5.062372e-02;1.051907e-01;6.578721e-02;7.806724e-02;4.851259e-02
4.906007e-02;5.318056e-02;1.931453e-01;5.951719e-02;4.476230e-02;5.102894e-02;1.649985e-01;5.780589e-02;8.637501e-02;8.840674e-02;9.306037e-02;5.865909e-02
1.054262e-01;4.563048e-02;1.649679e-01;2.790141e-02;5.071490e-02;4.045761e-02;1.382283e-01;6.623244e-02;9.108720e-02;9.895096e-02;1.059095e-01;6.449309e-02
1.102545e-01;8.117252e-02;1.886127e-01;2.607977e-02;3.279776e-02;4.528666e-02;1.153448e-01;4.883098e-02;1.038805e-01;7.614209e-02;8.544569e-02;8.615202e-02
1.006253e-01;9.024578e-02;2.562795e-01;1.823777e-02;2.530203e-02;5.102051e-02;1.232796e-01;2.667037e-02;8.958431e-02;7.050464e-02;4.535378e-02;1.028964e-01
1.088004e-01;1.157771e-01;2.986889e-01;2.215871e-02;2.145045e-02;5.474095e-02;9.579115e-02;2.134535e-02;5.604844e-02;8.060235e-02;3.736012e-02;8.723608e-02
1.042313e-01;1.529701e-01;3.123663e-01;3.078064e-02;3.832682e-02;5.871761e-02;6.674962e-02;2.545916e-02;5.246564e-02;6.209981e-02;2.409538e-02;7.173768e-02
3.846359e-02;1.342473e-01;3.909482e-01;3.149710e-02;6.550951e-02;5.605948e-02;6.820181e-02;1.941111e-02;4.742743e-02;7.818587e-02;1.809845e-02;5.195011e-02
3.473957e-02;8.132661e-02;4.316913e-01;3.179037e-02;7.329126e-02;4.962065e-02;9.425192e-02;1.834502e-02;3.597013e-02;9.578050e-02;2.741160e-02;2.578102e-02
4.327362e-02;3.894011e-02;4.473271e-01;4.435009e-02;5.792795e-02;3.458646e-02;1.071758e-01;3.369355e-02;3.155097e-02;9.910819e-02;4.737044e-02;1.469573e-02
4.669219e-02;2.898075e-02;4.210041e-01;7.530472e-02;5.732676e-02;3.027205e-02;8.564756e-02;4.694322e-02;3.485373e-02;8.931739e-02;7.659749e-02;7.059984e-03
3.144667e-02;4.255605e-02;3.361578e-01;1.104931e-01;8.217246e-02;4.882544e-02;6.076843e-02;6.907170e-02;2.671345e-02;6.840175e-02;1.016425e-01;2.175060e-02
3.924462e-02;5.157806e-02;2.872528e-01;1.141896e-01;9.466802e-02;4.871490e-02;4.383473e-02;8.216261e-02;2.792813e-02;5.626376e-02;1.137976e-01;4.036523e-02
4.094078e-02;4.594016e-02;3.307074e-01;9.632488e-02;9.052023e-02;4.894081e-02;3.546626e-02;6.604605e-02;2.742166e-02;5.805828e-02;1.136273e-01;4.600613e-02
2.615853e-02;3.600289e-02;4.152730e-01;8.216558e-02;8.000502e-02;5.119999e-02;4.843858e-02;4.146563e-02;1.972161e-02;6.072124e-02;1.002226e-01;3.862541e-02
2.906209e-02;4.624813e-02;4.703059e-01;6.447990e-02;6.728368e-02;3.269837e-02;3.534368e-02;3.326937e-02;2.377882e-02;6.932381e-02;1.037264e-01;2.447988e-02
4.093233e-02;3.803876e-02;3.847720e-01;7.453407e-02;8.431775e-02;4.492683e-02;3.716424e-02;5.502865e-02;3.127554e-02;5.166874e-02;1.089181e-01;4.842291e-02
3.962648e-02;2.278333e-02;2.841635e-01;1.007340e-01;1.189454e-01;4.937515e-02;6.394731e-02;8.007362e-02;4.258227e-02;4.474119e-02;9.551308e-02;5.751472e-02
4.338246e-02;3.301076e-02;2.098102e-01;8.831116e-02;1.335882e-01;5.357248e-02;1.537457e-01;7.575068e-02;5.152114e-02;3.408000e-02;5.779289e-02;6.543434e-02
2.820011e-02;3.246126e-02;1.919261e-01;7.546065e-02;1.250033e-01;6.117286e-02;2.143410e-01;6.573687e-02;4.559906e-02;5.019847e-02;4.394175e-02;6.595860e-02
2.499090e-02;3.123544e-02;1.420892e-01;6.389227e-02;1.201786e-01;9.539355e-02;2.332443e-01;4.511981e-02;7.410857e-02;5.545253e-02;4.579206e-02;6.850273e-02
1.080760e-01;3.626637e-02;1.150568e-01;4.172105e-02;1.348813e-01;9.798816e-02;1.837747e-01;7.131610e-02;6.465793e-02;3.790132e-02;3.190891e-02;7.645140e-02
1.628637e-01;3.833939e-02;1.600013e-01;3.715251e-02;1.270655e-01;7.667229e-02;1.137087e-01;6.892422e-02;5.960853e-02;4.253463e-02;3.309470e-02;8.003461e-02
1.618224e-01;4.156109e-02;2.044088e-01;4.148238e-02;1.033747e-01;6.893181e-02;9.093934e-02;5.939654e-02;5.343636e-02;4.930640e-02;5.133159e-02;7.400852e-02
1.174158e-01;5.337453e-02;2.727967e-01;5.440049e-02;9.557896e-02;5.065057e-02;7.974106e-02;4.387982e-02;3.985023e-02;6.516696e-02;6.717184e-02;5.997299e-02
8.460235e-02;5.352366e-02;2.910399e-01;5.973480e-02;8.763501e-02;5.071121e-02;5.834087e-02;3.778192e-02;5.247314e-02;8.335719e-02;8.272686e-02;5.807313e-02
6.929109e-02;6.837413e-02;2.049621e-01;6.976261e-02;7.752214e-02;7.700948e-02;1.077571e-01;5.590450e-02;6.099937e-02;7.490093e-02;6.015777e-02;7.335890e-02
3.973622e-02;7.091741e-02;1.538084e-01;9.403831e-02;6.900089e-02;1.048548e-01;1.463453e-01;6.067961e-02;4.548637e-02;7.874883e-02;5.038696e-02;8.599688e-02
6.783586e-02;7.009102e-02;1.334519e-01;7.242203e-02;6.405246e-02;9.422568e-02;1.915864e-01;5.951407e-02;6.928109e-02;6.251479e-02;6.015844e-02;5.486631e-02
7.072695e-02;8.200744e-02;1.768790e-01;6.380483e-02;5.684207e-02;9.167241e-02;1.768593e-01;4.482773e-02;7.340068e-02;5.832512e-02;6.202945e-02;4.262505e-02
6.767721e-02;7.683804e-02;1.874609e-01;6.531817e-02;5.306807e-02;7.558690e-02;1.366460e-01;5.287580e-02;9.120442e-02;6.700035e-02;7.659034e-02;4.973382e-02
7.875203e-02;7.035526e-02;1.437122e-01;6.928647e-02;6.799472e-02;6.000016e-02;1.906980e-01;6.842886e-02;8.137551e-02;6.654511e-02;5.783943e-02;4.501223e-02
6.219306e-02;4.798269e-02;1.997758e-01;6.831312e-02;9.062241e-02;6.051123e-02;1.891572e-01;7.834271e-02;7.633089e-02;5.495515e-02;3.983049e-02;3.198521e-02
4.093611e-02;3.914977e-02;2.705578e-01;9.374989e-02;9.141652e-02;5.561567e-02;1.581210e-01;8.636095e-02;6.036567e-02;4.251098e-02;4.316822e-02;1.804752e-02
3.613832e-02;2.530272e-02;3.768024e-01;1.141690e-01;6.728448e-02;4.184230e-02;1.264838e-01;7.777103e-02;2.849608e-02;3.451794e-02;5.764245e-02;1.354953e-02
3.545452e-02;1.778105e-02;4.227453e-01;9.831325e-02;4.790006e-02;2.865856e-02;1.238149e-01;5.790535e-02;3.504610e-02;5.400947e-02;6.157603e-02;1.679551e-02
2.803095e-02;1.592000e-02;4.398025e-01;7.391223e-02;4.944817e-02;2.259587e-02;1.376217e-01;5.723295e-02;2.963181e-02;6.866609e-02;5.975024e-02;1.738745e-02
1.947819e-02;2.542065e-02;4.691768e-01;5.992763e-02;5.049650e-02;2.044873e-02;1.205111e-01;6.217328e-02;1.997157e-02;8.396413e-02;5.205727e-02;1.637406e-02
1.883073e-02;3.775010e-02;4.812685e-01;5.122839e-02;4.640891e-02;2.755802e-02;1.168102e-01;3.306596e-02;2.842350e-02;9.141812e-02;4.230994e-02;2.492763e-02
1.900903e-02;5.329644e-02;4.546908e-01;4.802378e-02;3.877888e-02;3.256155e-02;9.780031e-02;3.930661e-02;3.140146e-02;1.011578e-01;4.222964e-02;4.174379e-02
3.578513e-02;4.843650e-02;4.248522e-01;5.566823e-02;4.473026e-02;3.791717e-02;8.823837e-02;5.874358e-02;3.013113e-02;1.044340e-01;2.643067e-02;4.463280e-02
3.831116e-02;4.137801e-02;3.956399e-01;5.983752e-02;5.153723e-02;6.398296e-02;8.826184e-02;6.681193e-02;4.716958e-02;8.480324e-02;3.629844e-02;2.596814e-02
3.590186e-02;4.686052e-02;3.944301e-01;6.370632e-02;5.323415e-02;8.336592e-02;7.880185e-02;6.238671e-02;3.670468e-02;7.166922e-02;4.422197e-02;2.871679e-02
4.028953e-02;4.025575e-02;4.038240e-01;6.811151e-02;6.099060e-02;8.114704e-02;9.018791e-02;4.682505e-02;2.756090e-02;6.144040e-02;4.407958e-02;3.528778e-02
5.764394e-02;4.565059e-02;3.988428e-01;5.605092e-02;6.284285e-02;7.748830e-02;8.127515e-02;4.266616e-02;3.914849e-02;6.470069e-02;4.607235e-02;2.761776e-02
5.906539e-02;3.058972e-02;4.049357e-01;4.997027e-02;6.815477e-02;6.053168e-02;1.014508e-01;3.003379e-02;4.461772e-02;7.983929e-02;5.014048e-02;2.067032e-02
3.685488e-02;5.026189e-02;4.022551e-01;5.728430e-02;7.713333e-02;5.023974e-02;8.703206e-02;2.920947e-02;4.254512e-02;9.989173e-02;3.838621e-02;2.890611e-02
5.530111e-02;7.601802e-02;3.713747e-01;6.458702e-02;7.159886e-02;5.670879e-02;5.332278e-02;3.823898e-02;3.787943e-02;1.024575e-01;3.382489e-02;3.868791e-02
7.298505e-02;6.909832e-02;2.332658e-01;6.974944e-02;8.037920e-02;8.166087e-02;1.011122e-01;6.883356e-02;8.534565e-02;7.222047e-02;3.000719e-02;3.534220e-02
6.327385e-02;5.310810e-02;1.343044e-01;6.791319e-02;9.560934e-02;8.967366e-02;1.252155e-01;1.185394e-01;9.717352e-02;7.957385e-02;4.464967e-02;3.096542e-02
5.641443e-02;5.042496e-02;1.110409e-01;5.282968e-02;9.700019e-02;9.629347e-02;9.850744e-02;1.792641e-01;5.061395e-02;9.617393e-02;6.719637e-02;4.424055e-02
6.477098e-02;5.495288e-02;9.089950e-02;5.517201e-02;7.845246e-02;5.809664e-02;1.056522e-01;2.272056e-01;6.535184e-02;9.278752e-02;5.913645e-02;4.752194e-02
3.490158e-02;6.446163e-02;9.230722e-02;7.146581e-02;7.537711e-02;5.750021e-02;1.090062e-01;1.805562e-01;1.283210e-01;1.007064e-01;5.273949e-02;3.265722e-02
3.338613e-02;6.446397e-02;1.515248e-01;6.864806e-02;7.077774e-02;5.922561e-02;1.123404e-01;1.432004e-01;1.076854e-01;8.524574e-02;6.706085e-02;3.644099e-02
7.188892e-02;6.912619e-02;1.071368e-01;6.398941e-02;6.355995e-02;5.196582e-02;8.501565e-02;1.887089e-01;7.477909e-02;9.391999e-02;6.768191e-02;6.222734e-02
6.626050e-02;5.956574e-02;1.183287e-01;4.945530e-02;6.294765e-02;2.921434e-02;8.759040e-02;2.357321e-01;7.814617e-02;8.937092e-02;6.062142e-02;6.276673e-02
7.442206e-02;6.693243e-02;1.412392e-01;2.637143e-02;4.158207e-02;3.380481e-02;7.582298e-02;2.545428e-01;1.141651e-01;6.960687e-02;4.002913e-02;6.148109e-02
5.911740e-02;7.126147e-02;1.224358e-01;3.514850e-02;3.248573e-02;7.424602e-02;1.074288e-01;2.319759e-01;1.277843e-01;5.172131e-02;3.912289e-02;4.727199e-02
7.758609e-02;3.049891e-02;1.266390e-01;4.657444e-02;3.342050e-02;7.652519e-02;6.841897e-02;2.419057e-01;1.350351e-01;7.345310e-02;4.505555e-02;4.488746e-02
1.204508e-01;8.912887e-02;1.574709e-01;4.334306e-02;5.315533e-02;4.785718e-02;2.047268e-01;8.711326e-02;5.558093e-02;6.024364e-02;4.487245e-02;3.605675e-02
1.134304e-01;8.740939e-02;2.266787e-01;3.902210e-02;5.766801e-02;4.694000e-02;2.074669e-01;6.065631e-02;3.106832e-02;5.821500e-02;3.304435e-02;3.840049e-02
8.139881e-02;5.950624e-02;3.197794e-01;4.591196e-02;4.999848e-02;4.193403e-02;1.623764e-01;6.733590e-02;2.842709e-02;6.796664e-02;4.028379e-02;3.508118e-02
4.455296e-02;3.151018e-02;3.613629e-01;7.254601e-02;4.910927e-02;3.755935e-02;1.229511e-01;7.992637e-02;2.716592e-02;6.949800e-02;7.443091e-02;2.938708e-02
3.858889e-02;2.542287e-02;3.094535e-01;1.132493e-01;6.882863e-02;5.661156e-02;8.874114e-02;8.532783e-02;1.591165e-02;4.990267e-02;1.101744e-01;3.778756e-02
4.893214e-02;4.032702e-02;2.518651e-01;1.274482e-01;8.853732e-02;6.170186e-02;8.588127e-02;7.883064e-02;1.179608e-02;4.434702e-02;1.115252e-01;4.880811e-02
4.768488e-02;5.371670e-02;2.272118e-01;1.260338e-01;1.125794e-01;5.948209e-02;9.761637e-02;7.521246e-02;2.863725e-02;3.926377e-02;9.267877e-02;3.988262e-02
4.560510e-02;5.397973e-02;2.404139e-01;1.273677e-01;1.373268e-01;6.276494e-02;8.790059e-02;6.776737e-02;3.638102e-02;2.225081e-02;7.292832e-02;4.531372e-02
6.664854e-02;3.546980e-02;1.894050e-01;9.746785e-02;1.590848e-01;8.290740e-02;9.560079e-02;4.983237e-02;8.437923e-02;2.513976e-02;4.168050e-02;7.238399e-02
1.084798e-01;4.671185e-02;1.265882e-01;4.532709e-02;1.547942e-01;1.063049e-01;1.256592e-01;3.584534e-02;1.171234e-01;5.171821e-02;1.356525e-02;6.788254e-02
1.145271e-01;5.615471e-02;9.823018e-02;4.261754e-02;1.171691e-01;1.213456e-01;1.810699e-01;2.473279e-02;9.257997e-02;7.395819e-02;3.495441e-02;4.266055e-02
8.632925e-02;6.847099e-02;9.997319e-02;4.285371e-02;8.636982e-02;1.257530e-01;2.358997e-01;3.514639e-02;7.154658e-02;7.937268e-02;3.981254e-02;2.847220e-02
4.551998e-02;5.841889e-02;1.165060e-01;4.521447e-02;1.137417e-01;1.090313e-01;2.501728e-01;3.654911e-02;6.433180e-02;8.707824e-02;2.844252e-02;4.499311e-02
5.053169e-02;5.204115e-02;1.666873e-01;5.974462e-02;1.426783e-01;5.171254e-02;1.891940e-01;3.943114e-02;6.411321e-02;7.424287e-02;5.613689e-02;5.348624e-02
7.456263e-02;6.712355e-02;2.235772e-01;4.729294e-02;1.147940e-01;5.376843e-02;1.470072e-01;5.856305e-02;5.812946e-02;5.407008e-02;4.906257e-02;5.204891e-02
9.230077e-02;9.165577e-02;2.140164e-01;5.626977e-02;8.441593e-02;7.025620e-02;8.198873e-02;7.510820e-02;7.083438e-02;6.256744e-02;4.501496e-02;5.557143e-02
