8.411563e-02;5.068502e-02;9.502126e-02;4.973046e-02;1.276956e-01;1.278528e-01;1.022116e-01;6.831267e-02;9.298015e-02;1.297727e-01;4.646111e-02;2.516097e-02
9.368081e-02;6.045593e-02;9.077881e-02;5.689553e-02;9.813154e-02;1.067758e-01;9.410666e-02;8.555547e-02;1.021357e-01;1.140122e-01;6.123736e-02;3.623411e-02
1.029523e-01;6.603204e-02;1.035294e-01;4.988173e-02;8.999466e-02;6.621354e-02;9.334819e-02;9.911261e-02;1.174074e-01;1.051337e-01;5.602258e-02;5.037178e-02
1.061327e-01;1.015656e-01;1.431866e-01;4.858452e-02;9.984629e-02;4.378408e-02;9.772956e-02;9.403430e-02;1.039198e-01;8.033752e-02;2.924186e-02;5.163718e-02
1.058425e-01;1.049582e-01;2.076719e-01;5.538064e-02;9.345454e-02;4.438778e-02;8.213303e-02;6.260865e-02;6.223682e-02;7.590940e-02;4.845607e-02;5.696050e-02
7.400519e-02;1.007893e-01;2.180764e-01;7.655805e-02;7.767294e-02;3.930837e-02;1.033480e-01;3.719379e-02;6.636215e-02;7.441750e-02;7.641359e-02;5.585464e-02
6.345402e-02;7.385615e-02;1.350711e-01;7.632128e-02;5.246761e-02;7.208883e-02;9.745134e-02;6.215749e-02;1.386596e-01;9.179831e-02;6.113581e-02;7.553846e-02
9.010367e-02;7.138109e-02;1.205655e-01;5.972090e-02;6.529190e-02;5.970675e-02;1.150352e-01;7.952527e-02;9.503776e-02;9.554351e-02;7.124339e-02;7.684509e-02
9.157134e-02;7.024688e-02;1.214187e-01;5.846256e-02;6.949512e-02;5.842822e-02;1.177783e-01;8.105523e-02;9.329956e-02;9.362956e-02;7.254300e-02;7.207150e-02
9.470933e-02;6.971524e-02;1.253697e-01;5.710729e-02;7.421216e-02;5.596865e-02;1.187911e-01;8.072100e-02;9.073526e-02;9.077018e-02;7.315022e-02;6.874990e-02
1.050661e-01;7.160715e-02;1.315949e-01;5.608708e-02;7.935687e-02;5.650876e-02;1.220618e-01;7.228049e-02;8.938821e-02;8.732229e-02;7.223433e-02;5.649199e-02
9.864383e-02;7.438672e-02;2.142854e-01;6.833974e-02;7.440463e-02;7.076796e-02;1.590662e-01;4.858244e-02;5.434345e-02;6.771821e-02;4.762034e-02;2.184100e-02
6.884398e-02;6.535369e-02;2.996230e-01;5.820860e-02;7.279390e-02;5.963964e-02;1.945095e-01;4.386271e-02;3.011210e-02;4.546836e-02;4.003272e-02;2.155183e-02
7.190917e-02;6.095843e-02;3.075737e-01;3.670758e-02;7.815877e-02;6.192302e-02;2.095540e-01;3.971812e-02;3.777584e-02;3.951775e-02;3.308683e-02;2.311669e-02
7.737600e-02;6.772629e-02;3.020414e-01;3.087191e-02;7.004901e-02;6.979962e-02;1.558567e-01;4.940312e-02;7.079712e-02;4.643721e-02;2.792631e-02;3.171533e-02
8.536627e-02;6.394382e-02;2.461761e-01;3.110463e-02;6.248611e-02;6.784295e-02;1.249212e-01;4.289338e-02;9.618522e-02;7.007241e-02;5.571413e-02;5.329385e-02
8.974579e-02;7.584581e-02;1.287377e-01;3.571307e-02;6.331969e-02;9.686960e-02;1.339727e-01;4.237599e-02;1.180629e-01;7.232855e-02;7.697665e-02;6.605159e-02
5.616301e-02;4.259931e-02;2.928165e-01;4.465025e-02;7.861614e-02;1.046458e-01;6.891323e-02;4.524660e-02;7.258045e-02;4.837810e-02;8.098403e-02;6.440663e-02
5.544494e-02;6.864490e-02;2.106854e-01;7.424104e-02;8.823629e-02;8.892438e-02;1.210601e-01;7.969031e-02;8.393698e-02;4.983330e-02;1.805403e-02;6.124832e-02
6.266169e-02;7.902103e-02;1.409001e-01;7.014138e-02;9.905495e-02;7.517472e-02;9.680731e-02;1.073270e-01;1.027616e-01;4.588600e-02;5.264868e-02;6.761549e-02
7.114831e-02;8.580057e-02;1.227308e-01;6.572469e-02;8.943506e-02;7.137139e-02;1.020300e-01;1.013968e-01;1.015571e-01;5.983573e-02;6.185684e-02;6.711262e-02
8.065053e-02;9.320435e-02;1.038771e-01;7.109822e-02;8.121622e-02;7.015522e-02;9.947979e-02;9.912020e-02;9.385154e-02;7.514796e-02;6.596794e-02;6.623092e-02
9.481630e-02;9.341989e-02;1.592654e-01;1.015768e-01;6.949174e-02;5.913031e-02;9.686811e-02;7.254435e-02;7.731348e-02;5.836413e-02;6.815989e-02;4.904955e-02
9.853593e-02;7.786032e-02;2.346886e-01;6.431400e-02;7.702593e-02;6.166699e-02;1.478990e-01;3.267801e-02;5.262825e-02;5.330471e-02;5.290126e-02;4.649702e-02
9.707144e-02;8.272891e-02;2.252954e-01;4.995936e-02;7.605389e-02;6.947774e-02;1.268716e-01;3.897831e-02;5.128310e-02;7.314038e-02;5.527037e-02;5.386950e-02
8.099264e-02;6.826978e-02;1.987942e-01;6.597757e-02;8.869675e-02;8.378911e-02;8.819436e-02;4.177618e-02;7.329840e-02;7.649863e-02;6.609806e-02;6.761437e-02
1.324926e-01;6.947143e-02;1.440522e-01;7.166222e-02;8.083261e-02;6.809752e-02;1.094532e-01;9.590111e-02;9.375917e-02;3.978751e-02;5.940172e-02;3.508880e-02
1.462652e-01;6.781400e-02;8.941425e-02;4.946229e-02;5.188956e-02;4.531252e-02;1.417289e-01;1.668760e-01;6.272211e-02;6.728426e-02;6.176984e-02;4.946098e-02
1.818357e-01;4.043059e-02;4.720562e-02;3.070429e-02;4.189220e-02;3.601030e-02;1.439009e-01;2.675384e-01;4.066077e-02;7.725389e-02;4.579403e-02;4.677324e-02
2.214899e-01;2.679077e-02;4.453858e-02;1.459595e-02;3.900398e-02;2.368676e-02;9.925902e-02;3.909007e-01;3.587094e-02;5.631360e-02;2.193188e-02;2.561796e-02
2.266378e-01;2.379937e-02;3.743143e-02;8.989286e-03;5.002594e-02;1.445266e-02;6.418477e-02;4.471941e-01;5.553298e-02;2.772526e-02;1.906850e-02;2.495799e-02
2.239515e-01;1.734690e-02;2.886110e-02;1.481048e-02;5.903994e-02;1.280400e-02;8.593234e-02;4.581357e-01;2.210835e-02;2.700110e-02;1.592587e-02;3.408280e-02
2.370068e-01;1.849465e-02;2.997282e-02;9.670191e-03;7.576107e-02;1.022724e-02;7.444025e-02;4.582608e-01;1.862288e-02;2.028832e-02;2.690559e-02;2.034939e-02
2.356662e-01;3.358370e-02;3.274281e-02;6.461707e-03;9.103233e-02;1.119970e-02;5.442249e-02;4.241527e-01;4.372881e-02;1.555501e-02;3.966853e-02;1.178605e-02
1.855926e-01;7.747100e-02;4.808661e-02;6.952732e-03;7.541149e-02;2.009279e-02;4.198598e-02;3.179009e-01;1.501216e-01;1.895231e-02;4.532443e-02;1.210753e-02
1.181353e-01;1.365862e-01;8.553236e-02;9.768101e-03;4.117834e-02;4.124478e-02;2.308647e-02;1.777436e-01;2.775958e-01;3.057139e-02;3.932825e-02;1.922945e-02
7.288551e-02;1.586069e-01;1.578969e-01;1.078150e-02;2.081671e-02;4.885432e-02;2.513360e-02;7.935649e-02;3.011495e-01;7.448355e-02;2.713243e-02;2.290256e-02
5.207679e-02;1.435807e-01;2.421535e-01;1.687476e-02;1.819496e-02;3.517277e-02;2.998851e-02;7.638425e-02;2.424374e-01;1.064506e-01;2.066899e-02;1.601680e-02
5.395713e-02;9.083670e-02;2.712768e-01;2.912037e-02;4.747534e-02;2.576274e-02;2.817347e-02;1.423149e-01;1.418689e-01;1.240147e-01;2.647764e-02;1.872132e-02
7.516465e-02;7.282857e-02;2.205386e-01;4.341034e-02;6.415755e-02;3.753025e-02;6.163402e-02;1.859009e-01;9.143496e-02;7.670511e-02;4.169521e-02;2.899990e-02
9.115224e-02;7.369631e-02;2.125036e-01;5.012521e-02;5.142769e-02;5.131827e-02;7.357044e-02;1.719725e-01;9.958344e-02;5.404051e-02;4.221792e-02;2.839181e-02
1.063397e-01;1.223053e-01;1.968311e-01;4.988618e-02;3.746191e-02;6.322667e-02;5.916225e-02;1.291541e-01;1.067460e-01;6.076450e-02;4.172832e-02;2.639395e-02
9.634639e-02;8.801982e-02;2.028205e-01;7.308189e-02;6.304204e-02;6.378219e-02;5.301385e-02;9.715372e-02;1.095813e-01;7.291911e-02;4.726470e-02;3.297459e-02
8.661479e-02;3.381194e-02;2.390439e-01;7.123191e-02;8.973726e-02;5.897564e-02;5.499952e-02;1.242709e-01;9.533568e-02;8.253130e-02;4.009956e-02;2.334758e-02
7.752706e-02;5.921014e-02;1.586547e-01;3.577284e-02;9.496026e-02;5.025090e-02;4.710704e-02;1.383479e-01;1.816058e-01;8.886962e-02;3.852841e-02;2.916528e-02
8.105640e-02;6.587174e-02;1.307639e-01;4.185305e-02;8.371554e-02;9.111218e-02;7.690804e-02;1.265064e-01;1.342568e-01;7.761384e-02;7.332291e-02;1.701922e-02
6.910010e-02;7.457978e-02;1.249443e-01;7.401318e-02;5.955949e-02;1.096692e-01;9.289019e-02;6.646980e-02;1.026359e-01;7.520450e-02;9.320805e-02;5.772547e-02
5.033364e-02;8.202872e-02;1.342639e-01;8.003555e-02;6.889592e-02;8.920259e-02;9.255629e-02;7.801395e-02;1.158345e-01;7.135747e-02;7.557891e-02;6.189857e-02
4.071685e-02;8.447973e-02;1.632505e-01;8.823270e-02;6.480697e-02;6.073233e-02;9.950239e-02;1.081825e-01;1.137289e-01;6.918553e-02;5.564140e-02;5.154018e-02
6.415977e-02;9.526952e-02;1.861372e-01;8.819693e-02;5.313576e-02;3.730387e-02;9.440422e-02;1.181362e-01;9.079631e-02;6.976034e-02;5.114890e-02;5.155097e-02
1.232955e-01;1.126773e-01;1.325034e-01;5.574669e-02;4.836980e-02;6.229027e-02;9.267196e-02;8.236644e-02;7.835767e-02;9.377594e-02;7.803480e-02;3.991019e-02
1.169695e-01;9.546086e-02;1.348735e-01;5.294176e-02;5.809220e-02;8.054966e-02;9.045541e-02;6.922472e-02;1.122181e-01;8.266573e-02;7.608607e-02;3.046252e-02
1.007099e-01;7.792080e-02;1.717591e-01;6.700750e-02;5.453714e-02;6.439731e-02;5.966486e-02;4.725402e-02;1.529595e-01;8.408687e-02;6.741651e-02;5.228651e-02
6.875350e-02;1.040452e-01;2.055441e-01;5.366656e-02;6.440446e-02;5.967249e-02;1.168128e-01;4.023280e-02;9.248349e-02;7.489391e-02;4.784137e-02;7.164930e-02
8.010187e-02;6.597441e-02;2.735625e-01;5.334607e-02;6.217787e-02;4.132584e-02;1.654892e-01;3.228844e-02;5.334906e-02;6.048013e-02;4.599691e-02;6.590767e-02
1.007885e-01;5.637159e-02;2.314064e-01;6.499340e-02;5.173818e-02;3.563919e-02;1.810835e-01;3.663606e-02;3.851308e-02;6.958313e-02;4.514153e-02;8.810546e-02
1.004887e-01;4.407078e-02;1.187655e-01;8.833108e-02;3.899349e-02;3.997328e-02;2.088881e-01;3.345326e-02;2.841751e-02;9.098361e-02;4.795732e-02;1.596774e-01
1.057809e-01;4.712518e-02;6.874262e-02;9.288538e-02;2.435664e-02;4.497843e-02;1.775704e-01;4.676407e-02;3.837106e-02;9.099029e-02;8.761185e-02;1.748232e-01
1.559642e-01;6.622875e-02;1.182702e-01;5.247679e-02;2.603995e-02;5.359573e-02;1.335871e-01;6.401121e-02;5.010867e-02;8.110867e-02;8.811925e-02;1.104895e-01
1.035728e-01;5.263841e-02;8.812579e-02;3.188627e-02;2.018774e-02;5.518033e-02;1.823583e-01;5.289486e-02;3.754865e-02;6.415173e-02;8.444212e-02;2.270130e-01
2.607170e-02;2.376850e-02;4.440963e-02;2.869852e-02;1.391431e-02;5.088829e-02;2.033088e-01;3.343330e-02;3.852209e-02;4.347738e-02;1.428543e-01;3.506531e-01
2.133431e-02;1.829697e-02;7.113064e-02;2.499465e-02;2.297821e-02;6.199134e-02;1.655613e-01;2.830094e-02;4.956843e-02;4.232655e-02;1.677883e-01;3.257284e-01
2.190504e-02;1.118325e-02;8.763374e-02;2.117811e-02;2.403537e-02;9.692360e-02;1.358644e-01;2.505373e-02;6.114720e-02;3.865601e-02;2.459314e-01;2.304881e-01
2.132534e-02;1.449679e-02;1.001354e-01;1.520006e-02;1.495636e-02;1.326859e-01;1.033942e-01;2.017251e-02;6.942366e-02;4.001296e-02;3.463737e-01;1.218232e-01
3.862266e-02;2.135058e-02;1.304561e-01;2.121067e-02;2.138898e-02;1.343056e-01;7.866206e-02;1.835362e-02;7.325322e-02;4.397766e-02;3.419390e-01;7.647987e-02
2.712816e-02;1.728606e-02;1.521846e-01;9.951988e-03;2.327775e-02;1.494868e-01;6.163128e-02;1.101341e-02;6.466769e-02;5.678189e-02;3.513283e-01;7.526199e-02
4.799913e-02;2.623437e-02;1.425986e-01;1.565071e-02;2.193739e-02;1.409605e-01;4.346029e-02;1.405811e-02;4.720057e-02;7.800118e-02;3.606991e-01;6.120008e-02
5.020600e-02;4.704319e-02;1.135235e-01;2.649963e-02;3.280976e-02;1.034278e-01;4.495132e-02;2.981629e-02;4.323900e-02;9.115601e-02;3.070901e-01;1.102375e-01
5.170523e-02;6.842259e-02;9.621821e-02;3.985881e-02;5.820921e-02;7.868059e-02;5.168935e-02;4.655204e-02;3.078232e-02;1.236643e-01;2.320631e-01;1.221542e-01
3.878525e-02;6.642784e-02;1.212573e-01;4.575467e-02;6.883533e-02;6.182173e-02;9.603179e-02;6.528744e-02;4.700616e-02;1.349433e-01;1.776942e-01;7.615492e-02
3.984342e-02;5.846131e-02;1.766230e-01;4.303133e-02;4.901400e-02;6.771848e-02;9.303448e-02;5.621289e-02;4.457668e-02;1.267975e-01;2.069101e-01;3.777692e-02
4.187215e-02;4.309591e-02;1.743388e-01;3.631460e-02;4.899381e-02;8.414015e-02;1.136403e-01;1.923124e-02;5.345041e-02;1.163247e-01;2.178094e-01;5.078851e-02
5.519296e-02;2.148273e-02;1.349281e-01;3.746880e-02;4.030197e-02;1.007627e-01;1.599623e-01;4.636699e-02;7.272311e-02;1.148030e-01;1.824614e-01;3.354590e-02
4.183010e-02;2.446779e-02;1.177506e-01;4.587829e-02;5.598499e-02;1.135203e-01;1.748209e-01;7.832529e-02;7.991646e-02;9.570918e-02;1.062350e-01;6.556120e-02
3.578706e-02;3.521772e-02;1.171508e-01;4.445658e-02;1.110670e-01;1.013955e-01;1.402280e-01;8.160675e-02;7.710301e-02;8.358587e-02;7.128655e-02;1.011152e-01
3.676981e-02;5.130562e-02;1.472859e-01;4.539848e-02;9.184697e-02;7.112380e-02;1.484718e-01;7.839403e-02;5.850418e-02;1.062515e-01;8.346456e-02;8.118328e-02
5.504574e-02;4.875237e-02;1.372090e-01;7.450187e-02;6.937116e-02;1.040174e-01;1.110338e-01;7.514928e-02;5.609054e-02;1.070364e-01;8.485275e-02;7.693978e-02
7.689799e-02;5.613512e-02;1.562175e-01;5.865318e-02;6.306364e-02;1.027858e-01;9.848087e-02;6.241409e-02;8.810440e-02;9.144479e-02;8.763000e-02;5.817263e-02
7.579284e-02;5.618334e-02;1.537527e-01;4.038401e-02;4.675730e-02;8.580941e-02;1.335332e-01;7.076384e-02;1.048008e-01;7.323487e-02;8.565442e-02;7.333317e-02
6.080334e-02;6.053624e-02;1.403437e-01;3.593686e-02;5.772832e-02;6.829462e-02;1.416332e-01;9.535512e-02;1.035637e-01;6.924137e-02;9.956529e-02;6.699821e-02
9.152611e-02;6.125074e-02;1.225654e-01;5.015397e-02;5.285610e-02;4.985108e-02;1.064799e-01;8.743515e-02;1.176108e-01;1.356931e-01;7.416346e-02;5.041420e-02
9.398492e-02;8.937519e-02;1.484495e-01;6.926791e-02;4.745649e-02;5.341198e-02;9.732597e-02;6.981412e-02;8.981489e-02;1.424572e-01;5.288522e-02;4.575656e-02
9.457874e-02;9.081382e-02;1.489359e-01;7.303844e-02;4.749656e-02;5.157663e-02;9.990158e-02;7.240520e-02;9.227974e-02;1.410752e-01;4.530355e-02;4.259457e-02
6.695350e-02;1.048462e-01;1.743581e-01;6.652438e-02;5.465451e-02;4.418063e-02;1.160842e-01;6.026099e-02;8.639715e-02;1.355168e-01;5.237594e-02;3.784755e-02
9.540381e-02;9.588650e-02;2.307499e-01;5.054799e-02;7.052611e-02;3.479464e-02;9.594503e-02;7.341479e-02;9.820963e-02;7.118438e-02;5.601908e-02;2.731813e-02
1.475760e-01;8.088000e-02;1.769062e-01;4.889688e-02;6.516992e-02;2.992992e-02;9.422659e-02;1.332394e-01;8.938111e-02;3.927273e-02;4.658370e-02;4.793759e-02
1.878922e-01;6.009008e-02;9.620965e-02;5.573647e-02;5.368153e-02;1.777606e-02;1.316335e-01;2.014615e-01;6.341100e-02;2.740864e-02;2.807633e-02;7.662309e-02
1.560277e-01;3.665360e-02;4.404026e-02;8.348904e-02;2.516243e-02;3.020920e-02;1.927943e-01;2.093229e-01;1.986161e-02;5.903713e-02;1.374973e-02;1.296521e-01
9.386311e-02;5.471371e-02;3.125634e-02;9.928360e-02;9.204572e-03;3.744082e-02;2.365603e-01;1.548527e-01;1.173185e-02;8.145604e-02;1.794618e-02;1.716908e-01
7.873011e-02;7.126358e-02;3.126775e-02;9.441110e-02;1.199104e-02;4.484768e-02;2.406386e-01;1.176715e-01;1.023555e-02;1.000999e-01;1.718412e-02;1.816591e-01
8.958533e-02;8.524204e-02;3.586761e-02;7.193880e-02;1.430791e-02;5.106641e-02;2.150070e-01;1.133171e-01;2.400965e-02;1.299565e-01;2.266715e-02;1.470345e-01
1.120363e-01;8.078370e-02;6.223614e-02;4.970312e-02;3.006536e-02;4.837175e-02;1.708476e-01;1.398975e-01;2.490199e-02;1.634788e-01;3.642806e-02;8.124969e-02
1.420489e-01;4.694201e-02;1.011556e-01;4.235470e-02;4.732643e-02;3.370782e-02;1.254533e-01;1.677845e-01;1.813837e-02;1.778968e-01;6.256352e-02;3.462797e-02
1.554613e-01;2.448463e-02;1.333335e-01;4.943554e-02;5.217296e-02;2.293199e-02;1.061729e-01;1.720504e-01;9.510825e-03;1.690201e-01;7.263976e-02;3.278600e-02
1.621485e-01;3.120480e-02;1.465801e-01;4.420603e-02;4.807518e-02;2.260533e-02;1.047496e-01;1.695371e-01;1.314952e-02;1.515759e-01;6.831858e-02;3.784938e-02
1.728678e-01;3.794449e-02;1.724412e-01;3.780045e-02;5.433365e-02;1.281091e-02;8.295844e-02;1.712430e-01;1.031981e-02;1.110599e-01;1.063785e-01;2.984192e-02
2.017974e-01;3.182835e-02;1.892518e-01;2.404391e-02;6.430406e-02;1.089371e-02;6.028528e-02;1.772035e-01;1.530117e-02;6.465553e-02;1.473569e-01;1.307845e-02
2.204340e-01;3.583207e-02;1.828841e-01;1.655617e-02;7.124111e-02;1.299518e-02;4.487622e-02;1.672757e-01;2.974518e-02;2.638370e-02;1.771966e-01;1.458003e-02
2.038866e-01;5.124699e-02;1.523004e-01;2.541919e-02;7.149354e-02;1.567703e-02;4.287102e-02;1.412696e-01;6.369267e-02;1.773698e-02;2.001342e-01;1.427179e-02
1.661524e-01;9.075426e-02;1.193789e-01;5.058583e-02;6.049202e-02;2.327050e-02;4.141407e-02;9.967370e-02;1.066113e-01;1.798165e-02;1.981967e-01;2.548867e-02
1.188062e-01;1.489185e-01;1.008056e-01;8.257189e-02;3.448241e-02;3.908334e-02;3.748700e-02;5.442662e-02;1.711332e-01;1.443789e-02;1.466032e-01;5.124415e-02
7.262818e-02;1.941394e-01;1.143582e-01;1.033307e-01;1.832472e-02;5.705510e-02;2.501735e-02;2.751157e-02;2.241453e-01;1.250135e-02;7.291342e-02;7.807469e-02
3.716320e-02;2.009699e-01;1.426294e-01;9.242511e-02;1.319317e-02;7.209309e-02;1.763886e-02;2.140388e-02;2.327224e-01;1.487689e-02;4.606502e-02;1.088190e-01
1.257269e-02;1.648903e-01;1.994354e-01;6.423889e-02;2.559928e-02;7.247864e-02;1.278976e-02;2.887398e-02;2.085259e-01;4.888805e-02;3.663325e-02;1.250739e-01
2.299527e-02;1.026167e-01;2.729260e-01;3.809083e-02;5.692984e-02;5.870274e-02;4.191919e-02;3.433307e-02;1.562221e-01;9.569237e-02;1.162693e-02;1.079449e-01
6.307705e-02;4.919064e-02;3.159476e-01;2.574759e-02;7.534629e-02;3.150303e-02;9.454738e-02;3.709336e-02;7.281668e-02;1.327432e-01;3.487784e-02;6.710932e-02
7.339171e-02;3.673666e-02;2.760301e-01;6.604137e-02;6.440713e-02;5.480952e-02;1.209441e-01;6.534225e-02;3.755713e-02;8.913869e-02;8.024842e-02;3.535281e-02
5.197850e-02;4.822517e-02;2.055845e-01;1.127438e-01;8.015057e-02;8.040542e-02;9.004401e-02;1.315716e-01;3.285671e-02;3.324328e-02;9.304119e-02;4.015522e-02
2.968292e-02;3.418633e-02;1.384178e-01;8.456291e-02;1.508117e-01;6.187395e-02;9.477788e-02;1.137612e-01;1.253985e-01;2.215479e-02;5.144114e-02;9.293082e-02
5.330747e-02;1.764672e-02;1.230630e-01;2.754707e-02;1.751259e-01;5.853506e-02;1.116115e-01;6.335452e-02;1.948317e-01;3.081741e-02;2.739447e-02;1.167650e-01
1.039278e-01;2.324209e-02;1.089949e-01;1.620319e-02;1.302203e-01;1.046678e-01;1.187004e-01;4.246160e-02;1.818005e-01;5.476043e-02;2.237838e-02;9.264256e-02
1.401422e-01;3.353234e-02;6.493885e-02;1.846638e-02;8.363988e-02;1.484797e-01;1.584873e-01;5.636467e-02;1.204897e-01;9.435536e-02;2.334636e-02;5.775731e-02
1.269382e-01;3.859242e-02;4.949184e-02;1.012552e-02;8.099230e-02;1.472835e-01;2.403540e-01;5.784584e-02;6.741833e-02;1.147818e-01;3.002552e-02;3.615072e-02
8.614352e-02;3.902963e-02;6.085028e-02;2.625268e-02;8.317070e-02;1.198702e-01;3.114429e-01;5.137302e-02;5.095973e-02;1.061431e-01;3.299479e-02;3.176937e-02
6.251998e-02;3.553644e-02;3.817116e-02;4.055838e-02;7.061811e-02;8.462372e-02;4.506315e-01;3.838570e-02;5.522857e-02;6.322499e-02;2.709111e-02;3.341035e-02
5.820559e-02;3.160882e-02;4.680172e-02;2.647163e-02;4.973516e-02;4.533615e-02;6.182706e-01;2.383571e-02;2.267823e-02;3.182914e-02;1.903954e-02;2.618771e-02
2.682574e-02;1.929472e-02;1.733236e-02;9.269643e-03;5.661903e-02;7.205766e-02;6.935222e-01;3.389339e-02;1.878795e-02;2.300919e-02;8.912333e-03;2.047584e-02
1.711708e-02;1.236248e-02;1.953705e-02;6.911461e-03;6.672958e-02;9.823003e-02;6.960075e-01;2.399542e-02;2.281985e-02;1.507859e-02;6.467586e-03;1.474337e-02
2.266646e-02;1.231983e-02;3.577873e-02;1.156161e-02;1.055037e-01;1.336702e-01;6.044612e-01;1.507291e-02;2.600543e-02;1.736490e-02;8.384803e-03;7.210276e-03
2.262003e-02;1.043565e-02;9.410272e-02;2.433921e-02;1.749357e-01;1.513113e-01;4.599789e-01;1.854742e-02;1.746179e-02;1.291014e-02;8.242087e-03;5.115149e-03
1.416878e-02;2.119280e-02;2.977662e-01;4.345740e-02;1.641076e-01;1.034071e-01;2.700411e-01;2.159042e-02;2.115711e-02;2.235623e-02;1.643732e-02;4.317904e-03
2.658248e-02;4.182575e-02;4.583254e-01;4.815986e-02;9.200568e-02;5.547457e-02;1.371515e-01;2.783709e-02;3.729062e-02;3.933571e-02;2.422776e-02;1.178363e-02
8.388685e-02;1.043952e-01;4.629046e-01;3.788866e-02;3.705562e-02;3.417635e-02;6.723656e-02;2.656890e-02;5.326947e-02;4.477198e-02;2.433075e-02;2.351509e-02
1.896757e-01;1.566239e-01;3.367563e-01;2.246662e-02;1.692506e-02;2.688313e-02;5.485349e-02;4.350957e-02;5.045959e-02;2.861863e-02;2.981661e-02;4.341137e-02
2.408549e-01;1.061042e-01;2.307672e-01;1.682108e-02;2.958076e-02;2.500279e-02;1.284989e-01;5.821975e-02;2.517530e-02;3.371620e-02;3.737041e-02;6.788844e-02
2.076950e-01;5.936527e-02;1.424232e-01;2.175372e-02;4.141286e-02;3.939719e-02;1.993492e-01;5.356739e-02;2.027246e-02;4.851728e-02;6.106751e-02;1.051790e-01
9.779105e-02;7.733209e-02;1.136092e-01;2.672412e-02;5.746774e-02;5.902994e-02;1.931531e-01;3.228409e-02;3.387373e-02;6.009220e-02;1.129228e-01;1.357201e-01
3.225777e-02;4.459651e-02;1.847059e-01;1.806417e-02;5.646504e-02;8.901586e-02;1.209805e-01;2.296908e-02;4.931703e-02;9.437076e-02;1.766006e-01;1.106568e-01
2.768958e-02;2.403420e-02;1.945733e-01;1.942530e-02;3.987305e-02;1.127057e-01;7.418374e-02;2.086517e-02;3.644049e-02;1.241427e-01;2.456701e-01;8.039662e-02
3.900453e-02;3.906604e-02;1.568109e-01;8.902133e-03;3.575512e-02;1.203117e-01;3.770829e-02;2.805140e-02;3.818179e-02;1.498571e-01;2.623998e-01;8.395117e-02
4.169559e-02;2.059772e-02;1.147467e-01;1.698994e-02;4.676298e-02;1.092541e-01;6.145311e-02;3.062416e-02;6.273648e-02;1.647409e-01;2.425885e-01;8.780982e-02
4.258905e-02;3.192080e-02;1.034037e-01;2.254778e-02;6.668267e-02;8.947209e-02;7.816848e-02;2.671791e-02;7.809810e-02;1.707820e-01;2.021218e-01;8.749572e-02
5.193104e-02;4.625732e-02;1.368434e-01;2.783308e-02;5.659805e-02;6.934085e-02;7.571141e-02;2.637954e-02;7.708630e-02;1.409075e-01;1.951828e-01;9.592873e-02
5.298430e-02;3.889908e-02;2.031535e-01;2.386325e-02;5.386983e-02;6.372737e-02;5.533475e-02;3.879922e-02;7.095987e-02;1.130674e-01;2.034293e-01;8.191212e-02
4.642272e-02;4.797689e-02;2.162476e-01;3.319637e-02;6.440930e-02;7.215303e-02;4.050451e-02;5.015025e-02;7.002501e-02;1.074149e-01;1.747730e-01;7.672631e-02
8.455809e-02;6.395063e-02;1.981996e-01;3.089215e-02;8.042467e-02;6.368668e-02;7.605112e-02;3.216465e-02;7.857196e-02;9.651161e-02;1.224414e-01;7.254738e-02
8.098417e-02;6.716759e-02;1.538156e-01;4.671742e-02;7.193355e-02;5.244045e-02;9.193204e-02;2.964668e-02;6.932095e-02;1.505538e-01;1.046299e-01;8.085780e-02
1.054382e-01;6.779692e-02;1.472668e-01;5.724674e-02;5.182762e-02;5.219668e-02;7.877781e-02;3.013593e-02;4.441127e-02;1.495738e-01;1.107130e-01;1.046151e-01
9.502839e-02;9.415060e-02;1.406169e-01;5.785277e-02;9.381565e-02;5.476635e-02;8.251081e-02;4.268515e-02;5.912787e-02;1.150492e-01;8.008201e-02;8.431429e-02
5.329543e-02;8.493054e-02;1.821626e-01;7.135626e-02;9.502454e-02;5.485867e-02;9.059304e-02;5.151169e-02;7.710053e-02;8.508310e-02;8.653677e-02;6.754678e-02
4.718317e-02;5.787537e-02;2.032609e-01;6.367244e-02;7.381161e-02;8.910864e-02;8.042932e-02;5.077580e-02;7.665376e-02;9.363315e-02;1.026414e-01;6.095442e-02
8.723384e-02;4.310529e-02;1.701915e-01;3.485783e-02;6.832176e-02;9.999280e-02;1.189403e-01;6.505775e-02;4.997300e-02;9.497492e-02;1.027177e-01;6.463334e-02
7.504164e-02;7.785381e-02;1.276479e-01;4.637279e-02;4.499155e-02;6.684607e-02;1.103500e-01;5.921267e-02;1.019376e-01;7.042509e-02;1.309040e-01;8.841704e-02
5.820025e-02;1.140340e-01;1.252907e-01;4.032480e-02;5.400848e-02;5.763368e-02;9.902790e-02;3.737975e-02;1.225506e-01;8.766739e-02;1.116737e-01;9.220877e-02
4.799621e-02;9.999222e-02;7.487780e-02;6.259667e-02;6.968497e-02;6.208174e-02;9.826571e-02;8.242530e-02;1.000083e-01;1.433596e-01;9.178001e-02;6.693142e-02
4.652535e-02;7.417667e-02;5.586067e-02;6.832261e-02;5.789088e-02;6.645160e-02;1.147080e-01;1.431747e-01;1.288784e-01;1.220694e-01;7.337639e-02;4.856535e-02
7.607984e-02;9.301356e-02;7.843196e-02;3.394648e-02;6.374784e-02;5.350988e-02;1.403706e-01;1.325639e-01;1.061162e-01;1.048027e-01;6.966158e-02;4.775532e-02
7.063585e-02;1.124116e-01;1.026240e-01;4.168252e-02;8.338589e-02;3.351999e-02;1.351072e-01;6.547516e-02;9.049175e-02;1.232207e-01;7.045671e-02;7.098863e-02
5.965057e-02;1.204070e-01;9.889469e-02;7.187502e-02;7.591881e-02;4.573089e-02;1.287728e-01;4.644575e-02;9.379844e-02;1.241711e-01;4.652322e-02;8.781163e-02
3.998052e-02;1.432888e-01;1.023621e-01;7.125521e-02;5.978347e-02;6.799658e-02;1.225130e-01;7.138847e-02;1.032048e-01;7.015954e-02;6.730136e-02;8.076616e-02
5.005036e-02;9.921195e-02;8.988383e-02;6.738366e-02;5.609076e-02;6.605353e-02;1.063530e-01;8.360393e-02;1.061366e-01;6.260401e-02;1.145272e-01;9.810110e-02
5.735677e-02;9.147625e-02;8.245003e-02;6.856649e-02;5.393594e-02;4.782761e-02;9.601363e-02;8.271924e-02;1.018216e-01;8.210213e-02;1.440419e-01;9.168841e-02
6.193818e-02;8.582865e-02;1.064187e-01;8.598345e-02;7.850423e-02;3.642267e-02;1.113028e-01;8.581502e-02;8.631825e-02;7.149964e-02;1.228513e-01;6.711719e-02
9.215444e-02;8.101258e-02;1.341956e-01;8.697836e-02;7.700700e-02;4.918469e-02;1.014827e-01;1.002110e-01;8.749036e-02;6.818459e-02;7.770913e-02;4.438957e-02
1.100697e-01;4.875053e-02;1.160978e-01;7.800658e-02;6.360659e-02;6.477488e-02;9.175146e-02;8.739860e-02;1.392498e-01;7.234555e-02;8.443777e-02;4.351071e-02
1.051116e-01;3.126514e-02;1.328667e-01;4.218855e-02;6.922335e-02;5.610726e-02;6.404185e-02;6.067419e-02;1.183081e-01;1.114999e-01;1.603470e-01;4.836642e-02
7.612634e-02;5.041523e-02;1.190308e-01;6.392917e-02;7.051593e-02;5.223421e-02;4.768137e-02;5.565385e-02;7.883323e-02;1.554389e-01;1.826980e-01;4.744290e-02
5.450432e-02;6.155189e-02;7.941909e-02;6.687846e-02;6.183766e-02;5.706460e-02;9.394512e-02;7.953091e-02;9.918053e-02;1.372450e-01;1.617868e-01;4.705557e-02
5.874233e-02;4.317305e-02;1.088609e-01;7.330601e-02;5.172846e-02;6.356825e-02;1.155191e-01;9.156061e-02;9.443355e-02;7.402799e-02;1.207048e-01;1.043750e-01
4.648374e-02;5.091785e-02;1.320969e-01;7.106597e-02;6.166549e-02;6.380699e-02;1.124465e-01;1.079686e-01;7.609806e-02;6.447194e-02;1.115087e-01;1.014693e-01
5.478524e-02;7.960742e-02;1.143014e-01;1.125599e-01;6.163790e-02;6.595595e-02;1.071206e-01;1.005004e-01;1.293545e-01;6.773717e-02;6.098564e-02;4.545388e-02
4.882032e-02;7.637434e-02;1.034433e-01;1.495718e-01;8.012164e-02;5.716664e-02;1.191647e-01;3.465285e-02;1.436463e-01;7.377202e-02;4.983632e-02;6.342973e-02
3.728681e-02;7.108343e-02;1.037658e-01;1.168580e-01;6.858689e-02;3.969847e-02;1.227929e-01;4.392524e-02;1.067198e-01;7.438410e-02;1.209669e-01;9.393159e-02
3.826897e-02;9.429728e-02;8.333448e-02;8.764488e-02;5.058078e-02;4.943985e-02;1.049796e-01;5.782524e-02;8.232813e-02;8.714747e-02;1.490572e-01;1.150962e-01
3.601196e-02;1.364613e-01;4.666922e-02;9.448098e-02;6.069455e-02;5.434990e-02;7.307961e-02;4.606839e-02;7.931916e-02;1.084733e-01;1.390970e-01;1.252946e-01
4.288787e-02;1.211352e-01;6.839518e-02;8.859613e-02;6.372025e-02;6.401324e-02;8.794881e-02;6.528493e-02;7.439306e-02;1.238969e-01;9.217830e-02;1.075501e-01
7.458293e-02;8.855222e-02;9.645459e-02;7.098287e-02;4.934658e-02;7.652001e-02;1.194677e-01;6.428293e-02;9.805202e-02;1.311062e-01;7.525328e-02;5.539871e-02
8.250242e-02;6.565143e-02;1.398583e-01;5.244669e-02;5.210602e-02;5.301733e-02;1.058813e-01;6.227488e-02;1.050204e-01;1.372910e-01;8.347685e-02;6.047341e-02
8.689906e-02;4.530551e-02;1.057108e-01;3.650112e-02;3.180278e-02;5.096029e-02;1.051762e-01;7.448688e-02;1.164732e-01;1.674880e-01;9.558277e-02;8.361343e-02
8.413377e-02;6.819265e-02;4.999108e-02;5.799856e-02;3.563867e-02;3.843702e-02;1.126971e-01;6.471615e-02;1.515764e-01;1.548985e-01;1.039220e-01;7.779811e-02
9.375677e-02;1.144866e-01;6.505917e-02;6.666247e-02;6.411136e-02;3.207381e-02;8.095860e-02;5.117775e-02;1.604684e-01;1.086179e-01;1.068578e-01;5.576953e-02
1.003728e-01;1.445014e-01;9.699757e-02;5.335896e-02;5.412911e-02;4.211294e-02;6.889119e-02;3.806292e-02;1.347201e-01;9.641388e-02;1.066504e-01;6.378875e-02
1.137917e-01;1.236030e-01;1.136767e-01;4.530919e-02;4.123162e-02;4.389320e-02;9.735864e-02;3.415921e-02;8.635011e-02;9.678914e-02;1.049981e-01;9.883932e-02
1.548998e-01;9.938290e-02;1.067645e-01;4.701426e-02;2.972851e-02;5.338475e-02;1.010262e-01;5.368083e-02;5.983705e-02;1.079691e-01;8.832453e-02;9.798747e-02
1.143953e-01;9.888674e-02;1.190678e-01;3.519633e-02;6.746929e-02;4.196803e-02;7.771755e-02;6.355629e-02;1.093619e-01;1.230936e-01;8.964560e-02;5.964160e-02
8.707479e-02;1.193374e-01;1.683115e-01;5.836485e-02;9.693249e-02;3.026852e-02;1.085926e-01;5.119652e-02;8.635734e-02;8.950078e-02;5.811450e-02;4.594877e-02
9.210227e-02;1.054773e-01;1.710730e-01;4.907619e-02;9.269544e-02;3.430098e-02;1.435209e-01;5.594165e-02;6.850122e-02;9.754131e-02;4.543873e-02;4.433108e-02
7.778749e-02;6.113953e-02;1.041728e-01;6.798196e-02;7.976962e-02;6.053086e-02;1.578135e-01;6.206296e-02;8.742906e-02;8.900444e-02;8.251214e-02;6.979569e-02
6.000680e-02;5.766198e-02;1.148932e-01;4.834858e-02;5.874588e-02;7.352647e-02;1.972934e-01;1.037200e-01;1.044029e-01;7.823449e-02;5.723732e-02;4.592906e-02
6.505971e-02;5.598197e-02;1.055187e-01;4.368520e-02;5.450292e-02;6.546452e-02;1.807764e-01;1.134367e-01;1.190848e-01;8.493061e-02;6.232989e-02;4.922859e-02
6.459413e-02;5.741241e-02;9.803408e-02;4.025935e-02;5.455231e-02;6.198889e-02;1.729872e-01;1.246678e-01;1.253265e-01;8.638986e-02;6.270877e-02;5.107867e-02
9.441145e-02;4.056142e-02;1.238930e-01;2.588382e-02;5.948956e-02;5.860559e-02;1.745491e-01;1.312944e-01;7.490753e-02;7.731128e-02;8.513722e-02;5.395565e-02
7.577724e-02;6.016994e-02;1.392640e-01;4.921481e-02;6.119614e-02;4.951761e-02;1.688596e-01;8.064236e-02;1.074476e-01;8.094282e-02;8.027514e-02;4.669281e-02
5.937592e-02;7.058452e-02;1.274050e-01;4.280424e-02;6.176919e-02;3.716657e-02;1.962505e-01;8.911645e-02;1.382585e-01;6.467384e-02;8.311683e-02;2.947846e-02
7.740758e-02;9.187281e-02;1.086547e-01;3.919178e-02;4.369855e-02;4.644440e-02;1.580193e-01;9.664628e-02;1.714445e-01;6.402566e-02;6.460278e-02;3.799162e-02
1.227411e-01;1.277606e-01;1.202581e-01;3.610913e-02;4.785585e-02;5.147804e-02;7.799666e-02;8.801935e-02;2.048637e-01;5.313763e-02;3.330192e-02;3.647784e-02
1.424607e-01;1.418304e-01;1.250428e-01;3.554715e-02;4.354662e-02;3.294018e-02;4.461874e-02;9.570519e-02;1.967206e-01;4.816818e-02;5.481790e-02;3.860153e-02
1.490030e-01;1.725321e-01;1.598714e-01;3.351325e-02;3.339301e-02;4.657247e-02;2.545363e-02;5.696379e-02;2.028867e-01;4.373837e-02;4.131987e-02;3.475247e-02
1.737545e-01;1.899698e-01;2.095431e-01;3.168680e-02;2.158236e-02;4.933124e-02;1.903431e-02;3.120500e-02;1.800726e-01;3.364794e-02;2.289439e-02;3.727798e-02
1.570259e-01;1.795561e-01;3.477344e-01;2.764808e-02;2.563216e-02;4.385443e-02;1.989778e-02;1.951816e-02;1.122713e-01;2.437764e-02;1.187424e-02;3.060981e-02
8.140401e-02;1.454005e-01;4.950494e-01;2.878855e-02;1.832747e-02;3.722542e-02;2.250477e-02;1.598518e-02;9.791017e-02;1.695157e-02;1.266455e-02;2.778848e-02
2.346773e-02;1.382688e-01;5.809868e-01;3.028316e-02;1.668566e-02;2.705166e-02;1.153658e-02;2.240559e-02;9.836292e-02;1.831717e-02;8.818869e-03;2.381501e-02
9.835399e-02;1.503817e-01;5.171003e-01;3.620834e-02;2.409977e-02;2.351748e-02;9.840330e-03;2.022022e-02;7.736689e-02;1.295774e-02;1.151094e-02;1.844236e-02
1.624682e-01;1.187603e-01;3.852924e-01;4.024540e-02;4.182759e-02;3.869507e-02;3.247334e-02;2.298757e-02;5.249913e-02;3.681112e-02;2.634199e-02;4.159780e-02
1.644222e-01;3.490451e-02;2.148352e-01;4.128291e-02;6.827685e-02;6.250592e-02;9.854192e-02;3.129555e-02;5.408170e-02;8.438288e-02;6.144629e-02;8.402409e-02
9.563056e-02;7.949813e-02;1.196382e-01;4.785340e-02;6.986357e-02;4.023885e-02;1.274404e-01;7.657876e-02;9.284726e-02;9.503715e-02;6.578914e-02;8.958469e-02
6.777783e-02;9.766462e-02;1.715458e-01;5.048593e-02;6.627408e-02;4.497310e-02;9.732791e-02;9.722627e-02;1.015671e-01;8.619633e-02;3.600450e-02;8.295652e-02
1.056166e-01;9.832779e-02;1.718828e-01;4.257909e-02;6.567859e-02;7.201286e-02;6.420646e-02;8.101844e-02;6.385919e-02;7.989512e-02;6.505571e-02;8.986738e-02
9.744958e-02;6.071147e-02;1.222949e-01;7.080638e-02;1.017497e-01;7.560372e-02;9.003446e-02;5.403395e-02;5.862146e-02;8.393496e-02;1.019694e-01;8.279002e-02
8.617847e-02;5.233685e-02;1.197963e-01;7.673818e-02;1.246919e-01;6.569413e-02;8.961345e-02;5.224539e-02;4.212788e-02;8.993568e-02;1.128973e-01;8.774436e-02
4.589453e-02;3.533136e-02;1.901311e-01;8.254505e-02;9.855378e-02;5.425650e-02;9.143918e-02;5.845793e-02;4.527202e-02;1.173285e-01;1.200753e-01;6.071471e-02
4.304705e-02;2.405863e-02;3.028689e-01;6.937579e-02;5.891207e-02;3.911853e-02;1.162601e-01;2.998349e-02;4.336272e-02;1.653101e-01;8.545722e-02;2.224548e-02
4.371578e-02;2.733148e-02;3.419788e-01;4.601742e-02;5.132906e-02;1.919455e-02;1.120770e-01;1.721006e-02;5.032421e-02;2.210872e-01;5.139383e-02;1.834060e-02
5.870049e-02;3.732778e-02;2.962236e-01;3.145193e-02;4.025022e-02;2.497547e-02;1.261325e-01;3.817161e-02;7.171826e-02;2.076919e-01;2.843940e-02;3.891685e-02
8.107051e-02;2.665260e-02;2.156198e-01;4.321323e-02;2.792554e-02;1.782952e-02;1.473746e-01;7.400565e-02;1.071606e-01;1.395922e-01;6.053163e-02;5.902417e-02
9.525000e-02;2.270124e-02;2.013844e-01;3.408097e-02;2.628784e-02;2.246316e-02;1.785790e-01;7.633208e-02;1.110735e-01;1.201784e-01;5.063285e-02;6.103656e-02
9.666741e-02;2.633575e-02;2.632564e-01;3.060683e-02;3.877874e-02;3.529942e-02;1.855113e-01;3.959543e-02;5.327830e-02;1.456162e-01;4.575487e-02;3.929925e-02
8.095583e-02;5.674531e-02;3.466343e-01;3.795207e-02;4.927351e-02;4.084693e-02;1.458167e-01;3.012193e-02;4.197593e-02;1.409025e-01;1.787286e-02;1.090208e-02
8.619362e-02;8.294110e-02;4.216403e-01;3.638016e-02;3.603495e-02;3.766447e-02;1.055031e-01;1.750450e-02;3.040773e-02;1.057856e-01;2.504667e-02;1.489791e-02
5.793849e-02;7.195634e-02;5.358248e-01;4.123857e-02;4.384052e-02;2.621705e-02;7.252880e-02;1.766777e-02;2.618448e-02;7.698003e-02;1.269634e-02;1.692686e-02
2.003202e-02;5.047894e-02;6.625618e-01;3.722264e-02;3.535612e-02;1.174380e-02;5.743840e-02;9.555850e-03;1.879758e-02;7.683568e-02;5.452897e-03;1.452429e-02
8.724798e-03;4.230310e-02;6.897685e-01;3.292213e-02;2.845732e-02;1.010063e-02;6.625658e-02;4.461047e-03;1.550328e-02;8.537655e-02;3.514731e-03;1.261135e-02
7.839390e-03;3.572016e-02;6.839531e-01;3.786306e-02;3.378917e-02;5.731312e-03;6.065528e-02;7.474983e-03;2.182585e-02;8.265453e-02;1.108269e-02;1.141044e-02
2.115758e-02;2.817990e-02;6.166303e-01;6.441216e-02;4.416256e-02;1.088042e-02;6.200599e-02;1.285301e-02;3.339318e-02;6.959414e-02;2.268274e-02;1.404810e-02
2.325317e-02;1.975739e-02;5.271655e-01;1.151746e-01;6.884241e-02;1.732160e-02;3.813711e-02;1.540346e-02;4.742462e-02;6.169591e-02;5.102448e-02;1.479965e-02
1.354141e-02;9.813674e-03;4.683668e-01;1.680301e-01;8.609515e-02;2.428860e-02;2.163067e-02;1.941830e-02;3.945482e-02;4.450282e-02;9.158783e-02;1.326982e-02
1.820399e-02;8.069203e-03;4.534644e-01;1.888303e-01;8.522055e-02;3.014499e-02;2.640463e-02;1.732551e-02;2.161786e-02;3.339500e-02;1.103415e-01;6.982125e-03
2.216743e-02;9.450328e-03;4.942773e-01;1.736428e-01;6.938441e-02;2.533902e-02;2.214015e-02;1.161148e-02;1.416573e-02;3.728797e-02;1.114973e-01;9.036132e-03
2.441230e-02;2.188192e-02;5.403457e-01;1.270587e-01;5.111131e-02;1.666213e-02;2.598209e-02;9.939654e-03;1.736694e-02;6.056074e-02;8.789055e-02;1.678794e-02
2.650233e-02;2.381968e-02;5.887316e-01;8.737937e-02;3.697825e-02;1.169732e-02;3.707103e-02;1.617045e-02;2.349347e-02;7.735112e-02;5.992090e-02;1.088449e-02
3.259734e-02;3.310891e-02;5.665352e-01;7.301827e-02;2.913447e-02;1.213295e-02;5.968243e-02;1.574508e-02;4.675645e-02;7.804143e-02;4.116747e-02;1.208002e-02
3.366506e-02;4.369902e-02;4.640509e-01;7.290890e-02;4.580572e-02;3.456197e-02;9.598269e-02;2.918584e-02;5.086963e-02;6.234274e-02;3.670191e-02;3.022550e-02
3.765391e-02;4.024280e-02;4.041169e-01;7.532161e-02;7.943548e-02;4.875925e-02;1.086733e-01;3.335767e-02;4.284548e-02;6.576561e-02;3.200126e-02;3.182670e-02
3.931800e-02;3.725128e-02;3.658655e-01;7.565974e-02;6.978246e-02;2.885169e-02;1.133917e-01;4.604591e-02;7.230926e-02;7.395379e-02;4.766260e-02;2.990809e-02
1.723283e-02;5.177072e-02;3.130696e-01;8.551256e-02;9.553991e-02;2.855438e-02;9.487888e-02;7.339387e-02;8.670066e-02;7.114994e-02;4.524478e-02;3.695189e-02
2.948911e-02;4.419740e-02;3.276018e-01;8.070173e-02;1.007976e-01;5.020257e-02;9.835796e-02;4.867449e-02;3.746126e-02;8.582819e-02;6.299743e-02;3.369045e-02
3.786847e-02;3.206728e-02;2.884999e-01;9.817623e-02;7.920335e-02;5.211597e-02;5.750324e-02;9.486979e-02;2.598003e-02;8.524781e-02;1.202632e-01;2.820475e-02
3.559096e-02;3.745798e-02;2.247866e-01;9.885417e-02;5.808624e-02;4.964830e-02;6.782012e-02;1.317065e-01;4.101844e-02;6.614380e-02;1.674848e-01;2.140217e-02
5.474724e-02;4.394084e-02;1.876076e-01;8.424351e-02;4.198802e-02;3.986962e-02;7.506318e-02;1.603189e-01;6.204841e-02;3.944265e-02;1.839742e-01;2.675572e-02
9.030242e-02;3.509983e-02;1.873354e-01;6.439038e-02;2.979877e-02;2.574989e-02;1.047237e-01;1.577740e-01;5.430819e-02;6.367566e-02;1.565359e-01;3.030593e-02
1.210176e-01;2.377371e-02;1.978888e-01;5.410704e-02;2.382671e-02;1.264617e-02;1.506972e-01;1.286377e-01;4.183556e-02;9.999073e-02;1.183046e-01;2.727416e-02
1.302668e-01;1.766723e-02;2.228002e-01;5.303137e-02;2.180593e-02;1.622385e-02;1.935089e-01;9.484830e-02;4.770813e-02;1.080894e-01;8.004028e-02;1.400970e-02
1.202142e-01;1.911038e-02;2.199795e-01;5.163595e-02;2.853258e-02;2.038785e-02;2.238669e-01;8.019523e-02;3.493681e-02;1.109733e-01;7.828227e-02;1.188494e-02
1.055900e-01;1.482347e-02;2.121881e-01;4.732684e-02;2.934901e-02;2.018358e-02;2.505068e-01;8.722311e-02;4.692220e-02;8.713275e-02;8.031749e-02;1.843663e-02
8.022052e-02;2.257020e-02;2.005371e-01;4.406788e-02;3.698615e-02;2.147603e-02;2.324392e-01;1.165983e-01;7.551574e-02;5.912011e-02;8.264740e-02;2.782140e-02
5.602396e-02;2.910357e-02;1.882164e-01;4.745327e-02;4.695358e-02;2.450897e-02;2.006841e-01;1.595946e-01;8.161258e-02;3.745328e-02;9.714623e-02;3.124946e-02
6.132067e-02;1.663185e-02;1.896022e-01;5.771178e-02;3.367998e-02;2.895295e-02;2.004288e-01;1.670952e-01;6.360725e-02;4.717634e-02;1.009307e-01;3.286238e-02
5.819350e-02;1.937700e-02;1.870566e-01;5.725342e-02;3.303152e-02;2.561587e-02;1.930657e-01;1.811728e-01;6.283034e-02;5.049955e-02;9.624588e-02;3.565781e-02
5.879531e-02;2.252501e-02;1.870871e-01;4.373458e-02;3.974551e-02;2.882743e-02;1.668500e-01;1.761062e-01;8.432136e-02;6.691271e-02;7.973225e-02;4.536260e-02
6.754660e-02;1.676096e-02;1.848430e-01;4.562947e-02;4.150427e-02;3.159897e-02;1.664518e-01;1.637456e-01;8.902282e-02;5.882255e-02;8.385006e-02;5.022377e-02
6.414223e-02;2.184587e-02;1.819516e-01;4.738908e-02;3.474971e-02;2.484353e-02;1.845043e-01;1.694110e-01;7.919641e-02;4.699548e-02;9.611976e-02;4.885092e-02
6.676314e-02;2.050063e-02;1.825105e-01;4.446297e-02;2.473709e-02;2.110382e-02;2.000225e-01;1.567592e-01;6.845111e-02;6.379813e-02;1.002180e-01;5.067288e-02
7.714638e-02;2.503808e-02;1.907863e-01;4.210233e-02;2.117554e-02;1.889724e-02;2.265119e-01;1.268257e-01;6.692910e-02;7.253531e-02;8.334291e-02;4.870920e-02
8.376493e-02;1.828055e-02;2.200940e-01;2.942500e-02;2.768753e-02;2.034185e-02;2.422701e-01;9.811348e-02;6.536053e-02;1.016613e-01;4.523401e-02;4.776672e-02
8.798921e-02;2.710643e-02;2.564064e-01;2.522396e-02;3.055934e-02;4.082130e-02;2.366554e-01;4.935993e-02;4.722849e-02;1.232752e-01;3.730615e-02;3.806813e-02
9.288594e-02;6.944435e-02;2.970566e-01;2.425626e-02;3.652132e-02;5.414875e-02;1.728331e-01;5.388505e-02;4.425205e-02;1.167868e-01;2.266531e-02;1.526447e-02
8.662558e-02;9.687149e-02;4.298205e-01;2.820274e-02;4.097986e-02;4.272887e-02;8.508673e-02;4.542792e-02;3.166324e-02;8.202088e-02;1.418629e-02;1.638583e-02
4.129428e-02;7.597817e-02;5.976442e-01;3.771459e-02;3.529934e-02;2.787308e-02;3.763640e-02;3.509669e-02;3.713029e-02;3.753589e-02;1.353510e-02;2.326194e-02
1.992130e-02;5.900795e-02;6.723660e-01;3.476321e-02;1.632647e-02;1.139985e-02;4.317059e-02;2.849054e-02;3.170075e-02;5.406600e-02;8.712968e-03;2.007432e-02
1.688707e-02;6.227411e-02;7.154928e-01;3.522322e-02;1.863395e-02;8.429334e-03;3.146026e-02;1.535231e-02;1.707940e-02;5.839127e-02;8.035501e-03;1.274084e-02
7.280561e-03;5.823960e-02;7.506898e-01;3.449284e-02;1.859694e-02;7.915914e-03;2.145109e-02;1.434651e-02;1.682168e-02;4.964702e-02;6.601762e-03;1.391626e-02
1.464698e-02;5.684017e-02;7.573705e-01;3.314951e-02;1.768077e-02;7.114371e-03;2.384093e-02;1.683400e-02;1.640275e-02;3.979748e-02;7.074460e-03;9.248015e-03
8.823050e-03;5.296181e-02;7.695621e-01;3.242733e-02;1.412649e-02;7.363801e-03;3.247393e-02;1.472824e-02;1.397333e-02;4.052712e-02;7.712587e-03;5.320254e-03
1.826884e-02;3.943255e-02;7.292544e-01;3.431802e-02;2.802303e-02;9.729869e-03;4.172861e-02;1.302932e-02;1.380193e-02;5.920676e-02;6.702527e-03;6.504120e-03
2.095838e-02;2.826105e-02;6.620377e-01;4.138126e-02;3.677526e-02;1.637188e-02;4.927745e-02;1.726853e-02;2.598105e-02;8.781140e-02;7.454620e-03;6.421422e-03
2.082093e-02;3.677458e-02;6.326774e-01;3.699308e-02;2.091305e-02;1.241581e-02;5.566326e-02;1.711909e-02;3.377997e-02;1.223412e-01;6.630803e-03;3.870836e-03
