8.572945e-02;7.886080e-02;6.571823e-02;9.208903e-02;4.629601e-02;5.436169e-02;8.157591e-02;1.176635e-01;1.008761e-01;5.803352e-02;6.728230e-02;1.515135e-01
1.087993e-01;7.191574e-02;6.945725e-02;7.229135e-02;6.512248e-02;3.739555e-02;7.314610e-02;1.291503e-01;1.306557e-01;5.654948e-02;5.248271e-02;1.330342e-01
9.074538e-02;5.836002e-02;5.658514e-02;4.495232e-02;6.835632e-02;3.602425e-02;6.569602e-02;1.106436e-01;1.667204e-01;9.261901e-02;9.663100e-02;1.126666e-01
6.442500e-02;4.556204e-02;8.190764e-02;4.093256e-02;8.740497e-02;5.611255e-02;6.292125e-02;1.027316e-01;1.553143e-01;9.381600e-02;1.404390e-01;6.843306e-02
6.116357e-02;4.205696e-02;1.970012e-01;4.250913e-02;6.762373e-02;6.073717e-02;6.676254e-02;8.704620e-02;8.365806e-02;1.141818e-01;8.412185e-02;9.313777e-02
7.656588e-02;5.656466e-02;3.131533e-01;7.316887e-02;4.362746e-02;4.297949e-02;7.364339e-02;4.087962e-02;5.076594e-02;5.785809e-02;8.052532e-02;9.026796e-02
1.006463e-01;6.771903e-02;3.079748e-01;7.534494e-02;6.658187e-02;3.476317e-02;9.950428e-02;3.159915e-02;5.446434e-02;3.996160e-02;5.430671e-02;6.713384e-02
1.211244e-01;7.276937e-02;2.589890e-01;7.200110e-02;7.241365e-02;3.413936e-02;1.061510e-01;3.366096e-02;5.554438e-02;5.784542e-02;5.725766e-02;5.810373e-02
1.481913e-01;8.457531e-02;1.931760e-01;7.169313e-02;6.930654e-02;3.317722e-02;1.076790e-01;3.572677e-02;5.661680e-02;7.717088e-02;7.188042e-02;5.080665e-02
1.753541e-01;9.811378e-02;1.485151e-01;7.278997e-02;6.174200e-02;3.255228e-02;1.067280e-01;3.237131e-02;5.722031e-02;9.536128e-02;7.860493e-02;4.064693e-02
1.008855e-01;1.261855e-01;2.061522e-01;8.792061e-02;8.275323e-02;4.138925e-02;9.891444e-02;3.930854e-02;5.846981e-02;8.049290e-02;3.218881e-02;4.533916e-02
1.191988e-01;1.306773e-01;1.691521e-01;6.136551e-02;5.680363e-02;5.559782e-02;5.504270e-02;6.353729e-02;7.319580e-02;6.002758e-02;6.463362e-02;9.076792e-02
1.190047e-01;1.240807e-01;1.287702e-01;3.174577e-02;5.510810e-02;5.963011e-02;8.214361e-02;5.417394e-02;5.972376e-02;8.857157e-02;3.856297e-02;1.584846e-01
1.287157e-01;1.160541e-01;1.165977e-01;1.659290e-02;5.645148e-02;6.281445e-02;8.589769e-02;4.372470e-02;4.351149e-02;8.788679e-02;4.511154e-02;1.966416e-01
1.474645e-01;9.801508e-02;1.102020e-01;2.484326e-02;5.441089e-02;6.828202e-02;7.799792e-02;4.297094e-02;3.122234e-02;6.982447e-02;5.691630e-02;2.178503e-01
1.093294e-01;7.626154e-02;1.394414e-01;6.828342e-02;6.101529e-02;7.165175e-02;7.298671e-02;4.846431e-02;5.502180e-02;6.314536e-02;7.396208e-02;1.604369e-01
7.626601e-02;5.070091e-02;2.638393e-01;9.728008e-02;8.555768e-02;4.830504e-02;7.012058e-02;2.775820e-02;3.506647e-02;1.251601e-01;7.158237e-02;4.836334e-02
7.068549e-02;4.119714e-02;3.376146e-01;7.786343e-02;8.022672e-02;3.190752e-02;4.582141e-02;8.579157e-03;3.842827e-02;1.908043e-01;4.822789e-02;2.864413e-02
4.335532e-02;5.838936e-02;3.681296e-01;4.264986e-02;5.288729e-02;2.171012e-02;3.672722e-02;1.049699e-02;8.976270e-02;2.277535e-01;2.366256e-02;2.447549e-02
4.916704e-02;1.030350e-01;3.885878e-01;2.834118e-02;3.515970e-02;1.608768e-02;4.339437e-02;1.712924e-02;1.011902e-01;1.834591e-01;1.625666e-02;1.819202e-02
1.131617e-01;1.649838e-01;3.506716e-01;2.300660e-02;3.052329e-02;1.442844e-02;3.690515e-02;1.493159e-02;8.862265e-02;1.136459e-01;1.191510e-02;3.720428e-02
1.528529e-01;2.119304e-01;3.391891e-01;1.832129e-02;2.609087e-02;1.238845e-02;2.460438e-02;1.306817e-02;6.682626e-02;8.880935e-02;8.545958e-03;3.737283e-02
1.878644e-01;2.230653e-01;3.466623e-01;2.784702e-02;3.245189e-02;1.369683e-02;1.811451e-02;5.367693e-03;3.196947e-02;8.014084e-02;1.351515e-02;1.930459e-02
2.299199e-01;2.146568e-01;3.033138e-01;3.811077e-02;3.015151e-02;1.622456e-02;1.660771e-02;1.361592e-02;2.754602e-02;7.129955e-02;1.656861e-02;2.198488e-02
2.045740e-01;1.896330e-01;2.469109e-01;3.809712e-02;2.080166e-02;1.553571e-02;2.558489e-02;2.463512e-02;8.579515e-02;6.795666e-02;3.319027e-02;4.728557e-02
8.266264e-02;1.397350e-01;1.707626e-01;5.520358e-02;2.610371e-02;3.802643e-02;4.376391e-02;6.170508e-02;1.766926e-01;1.129443e-01;5.171980e-02;4.068026e-02
3.809034e-02;1.030500e-01;1.546447e-01;6.980946e-02;3.881199e-02;5.455612e-02;5.418551e-02;1.037113e-01;1.917905e-01;1.346892e-01;3.508468e-02;2.157631e-02
1.832667e-02;9.178218e-02;1.355789e-01;6.198684e-02;4.847051e-02;5.460182e-02;5.450762e-02;1.463179e-01;1.575225e-01;1.751512e-01;1.941300e-02;3.634088e-02
2.672570e-02;8.713499e-02;9.183180e-02;3.963703e-02;6.189735e-02;5.542749e-02;5.028180e-02;1.301672e-01;2.328221e-01;1.476434e-01;2.735929e-02;4.907184e-02
3.996160e-02;7.566390e-02;5.548197e-02;3.341617e-02;4.250367e-02;3.227877e-02;7.952701e-02;7.429289e-02;3.537198e-01;1.547905e-01;1.650263e-02;4.186102e-02
3.665703e-02;6.987516e-02;6.029977e-02;2.007852e-02;5.633141e-02;1.739990e-02;7.623006e-02;1.061113e-01;3.401386e-01;1.667050e-01;1.841868e-02;3.175452e-02
5.246599e-02;6.696247e-02;5.801845e-02;4.735311e-02;8.048362e-02;4.529672e-02;8.089866e-02;1.168346e-01;2.854104e-01;1.185324e-01;1.465080e-02;3.309275e-02
7.582775e-02;4.235004e-02;3.619259e-02;6.522122e-02;1.134353e-01;6.684683e-02;8.136514e-02;2.001763e-01;1.888981e-01;9.767068e-02;1.013611e-02;2.187991e-02
7.748719e-02;3.181588e-02;3.361905e-02;6.995144e-02;1.322062e-01;4.964179e-02;6.432621e-02;2.274757e-01;1.844964e-01;9.428823e-02;1.195656e-02;2.273522e-02
5.436226e-02;3.017819e-02;5.203590e-02;1.189822e-01;1.069214e-01;4.648638e-02;1.240555e-01;1.649214e-01;1.792739e-01;8.035938e-02;1.509104e-02;2.733254e-02
3.648598e-02;4.310326e-02;7.917554e-02;1.628969e-01;7.342416e-02;7.754874e-02;1.508210e-01;1.290106e-01;1.110853e-01;4.777880e-02;3.772432e-02;5.094539e-02
4.520365e-02;7.464045e-02;1.659044e-01;1.179433e-01;6.864633e-02;6.739262e-02;1.432310e-01;9.508152e-02;4.830116e-02;6.384008e-02;4.196301e-02;6.785250e-02
2.932562e-02;6.436700e-02;3.441879e-01;6.648900e-02;6.814985e-02;6.104199e-02;1.263188e-01;6.715181e-02;4.030373e-02;5.608936e-02;2.818389e-02;4.839096e-02
2.534567e-02;6.075235e-02;4.631466e-01;4.635721e-02;5.586529e-02;1.121872e-01;8.461648e-02;2.970882e-02;5.292416e-02;4.242110e-02;1.247562e-02;1.419947e-02
3.701565e-02;1.148306e-01;4.382192e-01;4.850444e-02;4.804207e-02;1.283215e-01;3.041789e-02;2.234168e-02;9.041100e-02;2.145022e-02;8.281292e-03;1.216441e-02
9.151816e-02;1.983177e-01;3.406784e-01;4.707842e-02;4.176210e-02;1.057623e-01;9.803156e-03;1.776094e-02;1.159435e-01;1.415045e-02;8.239631e-03;8.985195e-03
1.876565e-01;2.370611e-01;2.420826e-01;3.547252e-02;2.898683e-02;9.812971e-02;1.520282e-02;3.201598e-02;9.293155e-02;1.009486e-02;8.359122e-03;1.200654e-02
2.799400e-01;1.837581e-01;1.537680e-01;2.183686e-02;7.986720e-02;9.413803e-02;2.814853e-02;5.661802e-02;4.992583e-02;1.430125e-02;9.881753e-03;2.781646e-02
3.325678e-01;1.264072e-01;8.586694e-02;3.703311e-02;8.579364e-02;5.942027e-02;4.991211e-02;6.649350e-02;2.760739e-02;3.287022e-02;1.968782e-02;7.634008e-02
3.526040e-01;1.030819e-01;3.407064e-02;5.642933e-02;4.905442e-02;2.245904e-02;5.355629e-02;5.346382e-02;1.285009e-02;5.515045e-02;4.011092e-02;1.671691e-01
3.038749e-01;1.260585e-01;3.485015e-02;4.164737e-02;7.202454e-02;1.712887e-02;4.168955e-02;3.076681e-02;1.238442e-02;4.430959e-02;5.270199e-02;2.225632e-01
1.855213e-01;1.381296e-01;9.243671e-02;1.705675e-02;1.598993e-01;3.042324e-02;4.711363e-02;3.310647e-02;3.064497e-02;2.176307e-02;7.022367e-02;1.736813e-01
6.040555e-02;8.501273e-02;2.066219e-01;9.900710e-03;2.132297e-01;4.442003e-02;4.496579e-02;3.175338e-02;5.539556e-02;2.333495e-02;1.168012e-01;1.081585e-01
3.685570e-02;2.117813e-02;2.750990e-01;1.099887e-02;1.964465e-01;6.020281e-02;4.400071e-02;4.429332e-02;6.949721e-02;2.920507e-02;1.414591e-01;7.076361e-02
5.064999e-02;1.498675e-02;2.158750e-01;1.189479e-02;2.159854e-01;5.686203e-02;5.000348e-02;7.669406e-02;6.526921e-02;3.083262e-02;1.336342e-01;7.731245e-02
7.277489e-02;5.916041e-02;1.094094e-01;5.044235e-02;1.897288e-01;3.742473e-02;7.540242e-02;8.601388e-02;4.527860e-02;2.885275e-02;1.111001e-01;1.344116e-01
1.181629e-01;9.860865e-02;4.137766e-02;1.379693e-01;9.671811e-02;2.745320e-02;9.629728e-02;6.411786e-02;2.499357e-02;4.081037e-02;7.998630e-02;1.735049e-01
2.624231e-01;9.335883e-02;7.145966e-02;1.362796e-01;5.757337e-02;2.636906e-02;6.206095e-02;5.089179e-02;1.879727e-02;3.664058e-02;4.737180e-02;1.367739e-01
3.827045e-01;8.247454e-02;1.117504e-01;6.173852e-02;9.835463e-02;2.006060e-02;3.711734e-02;7.130987e-02;9.882619e-03;1.965864e-02;2.355470e-02;8.139364e-02
4.212929e-01;9.487285e-02;1.223799e-01;1.729030e-02;1.565645e-01;1.258535e-02;1.938029e-02;7.413840e-02;1.002084e-02;1.006721e-02;1.886148e-02;4.254585e-02
4.020769e-01;1.292180e-01;1.061823e-01;1.803800e-02;1.832079e-01;5.234432e-03;2.101842e-02;5.965915e-02;2.042028e-02;8.934654e-03;2.432848e-02;2.168143e-02
4.002936e-01;1.831405e-01;9.169596e-02;1.111487e-02;1.478319e-01;5.974927e-03;3.113145e-02;3.872284e-02;2.644787e-02;1.170069e-02;3.273679e-02;1.920861e-02
4.149062e-01;2.339298e-01;9.565818e-02;7.706027e-03;9.044363e-02;4.665915e-03;2.665121e-02;2.698755e-02;2.684394e-02;1.665166e-02;3.477937e-02;2.077663e-02
3.730439e-01;2.338220e-01;1.460236e-01;1.699558e-02;4.676380e-02;7.546716e-03;3.224895e-02;3.356632e-02;3.006914e-02;1.820167e-02;3.099031e-02;3.072805e-02
2.652386e-01;2.200961e-01;2.029203e-01;3.532535e-02;4.549448e-02;1.392433e-02;3.572480e-02;3.909577e-02;4.063479e-02;2.661532e-02;3.083795e-02;4.409217e-02
1.519057e-01;2.609625e-01;1.633361e-01;5.165074e-02;2.823881e-02;2.705086e-02;5.667722e-02;4.475836e-02;4.445139e-02;5.209042e-02;4.205555e-02;7.682249e-02
2.816617e-01;2.503047e-01;1.579123e-01;2.446295e-02;1.665165e-02;2.127491e-02;4.463173e-02;3.267119e-02;3.467691e-02;3.611477e-02;5.357897e-02;4.605830e-02
2.849426e-01;2.772802e-01;1.796862e-01;1.998922e-02;1.453516e-02;1.389710e-02;3.148312e-02;2.229453e-02;4.893248e-02;2.385352e-02;6.703788e-02;1.606801e-02
2.689299e-01;2.978163e-01;1.669092e-01;1.864786e-02;1.885174e-02;1.788176e-02;2.379637e-02;2.535476e-02;6.486313e-02;2.057482e-02;5.889452e-02;1.747966e-02
2.938249e-01;2.818584e-01;1.391260e-01;1.787149e-02;3.658461e-02;3.242513e-02;1.891351e-02;3.313413e-02;7.073092e-02;1.729627e-02;3.255610e-02;2.567859e-02
2.453035e-01;2.836128e-01;1.615157e-01;3.222408e-02;4.339956e-02;3.172307e-02;2.104628e-02;3.737566e-02;4.831857e-02;2.852893e-02;3.754309e-02;2.940869e-02
6.604927e-02;3.140565e-01;2.503272e-01;3.731344e-02;3.600188e-02;2.279604e-02;3.420975e-02;3.490415e-02;7.632305e-02;3.396394e-02;5.884002e-02;3.521477e-02
9.620119e-02;3.082594e-01;2.413391e-01;3.935309e-02;3.879867e-02;2.144569e-02;2.299752e-02;3.547659e-02;8.165557e-02;3.462564e-02;5.183598e-02;2.801156e-02
1.034879e-01;2.972235e-01;2.587049e-01;4.587516e-02;2.478167e-02;2.147925e-02;4.233227e-02;3.499559e-02;5.872956e-02;3.886149e-02;3.270256e-02;4.082622e-02
1.380436e-01;2.677463e-01;2.288766e-01;4.949779e-02;5.384595e-02;2.227457e-02;5.609879e-02;3.294546e-02;5.234272e-02;3.438454e-02;2.239812e-02;4.154559e-02
1.852627e-01;2.806492e-01;1.172095e-01;5.546049e-02;7.183062e-02;2.934956e-02;4.625119e-02;4.006903e-02;5.890081e-02;4.163698e-02;2.954768e-02;4.383225e-02
1.368122e-01;2.745730e-01;1.029644e-01;4.250466e-02;5.100675e-02;4.487266e-02;5.714776e-02;6.192287e-02;8.317488e-02;5.818070e-02;4.298585e-02;4.385433e-02
1.042215e-01;2.135659e-01;1.715331e-01;3.586140e-02;3.985708e-02;4.071108e-02;8.056459e-02;8.161910e-02;7.311000e-02;5.310863e-02;4.712678e-02;5.872085e-02
7.098097e-02;1.026539e-01;1.941247e-01;6.568830e-02;7.727470e-02;6.445496e-02;1.326011e-01;8.347399e-02;6.125568e-02;3.131816e-02;4.729868e-02;6.887479e-02
3.544365e-02;4.387808e-02;2.246086e-01;9.521024e-02;9.083233e-02;6.834096e-02;1.258621e-01;7.014607e-02;6.788538e-02;5.276823e-02;7.512923e-02;4.989509e-02
5.275059e-02;3.030968e-02;2.933776e-01;1.224241e-01;7.354495e-02;4.419620e-02;8.496760e-02;4.972215e-02;6.154276e-02;7.699674e-02;8.215888e-02;2.800880e-02
6.029823e-02;2.283137e-02;4.510373e-01;1.105708e-01;4.176251e-02;1.693352e-02;6.897743e-02;2.147446e-02;3.187361e-02;1.077025e-01;5.714150e-02;9.396761e-03
6.383817e-02;6.032058e-02;5.432718e-01;5.180049e-02;2.819628e-02;4.907616e-03;6.747046e-02;4.961196e-03;1.774331e-02;1.180198e-01;3.543412e-02;4.036245e-03
1.064086e-01;1.215006e-01;5.219777e-01;1.632134e-02;3.457111e-02;4.188298e-03;4.987162e-02;4.727572e-03;2.335123e-02;9.138971e-02;1.817641e-02;7.515790e-03
1.888992e-01;1.475796e-01;4.682940e-01;2.562618e-02;2.801328e-02;7.527546e-03;2.324237e-02;4.498991e-03;2.979416e-02;4.915080e-02;1.459953e-02;1.277434e-02
2.223555e-01;9.839849e-02;4.737264e-01;4.136684e-02;2.044121e-02;9.645101e-03;1.127622e-02;5.434153e-03;3.629607e-02;3.802801e-02;2.444174e-02;1.859017e-02
2.104567e-01;4.130763e-02;4.958530e-01;4.629893e-02;1.909989e-02;9.996040e-03;1.243348e-02;9.072136e-03;3.121549e-02;6.559309e-02;2.743775e-02;3.123582e-02
1.716925e-01;1.123013e-01;4.105299e-01;4.228669e-02;3.057777e-02;1.587911e-02;1.775435e-02;1.543647e-02;2.529257e-02;7.111428e-02;3.589644e-02;5.123856e-02
1.315235e-01;1.461266e-01;3.336271e-01;5.888927e-02;4.714124e-02;2.216892e-02;2.158865e-02;2.634127e-02;2.871727e-02;7.792554e-02;5.449712e-02;5.145347e-02
1.017307e-01;1.600313e-01;1.749023e-01;8.672725e-02;7.198936e-02;3.023168e-02;5.426416e-02;4.354009e-02;3.604482e-02;9.879807e-02;7.565569e-02;6.608460e-02
5.282962e-02;1.257151e-01;3.322515e-01;5.451683e-02;5.352573e-02;2.450504e-02;5.154501e-02;3.496358e-02;4.223544e-02;9.001950e-02;7.099095e-02;6.690177e-02
1.046811e-01;7.490820e-02;3.756948e-01;6.370515e-02;4.449206e-02;3.417878e-02;5.432864e-02;2.545888e-02;4.763411e-02;6.836165e-02;5.910505e-02;4.745163e-02
1.179206e-01;2.221700e-02;4.955173e-01;6.210728e-02;3.267628e-02;3.335711e-02;5.993084e-02;2.432950e-02;4.001537e-02;3.990165e-02;3.983506e-02;3.219203e-02
8.145604e-02;5.837559e-02;5.770997e-01;3.787504e-02;2.628549e-02;3.506692e-02;4.121793e-02;1.915849e-02;4.887609e-02;3.006126e-02;2.389397e-02;2.063343e-02
5.534802e-02;7.562730e-02;6.176692e-01;3.291665e-02;2.596427e-02;4.068925e-02;2.891913e-02;1.600379e-02;3.502410e-02;4.239580e-02;1.320697e-02;1.623551e-02
3.161788e-02;4.305503e-02;6.488167e-01;4.243645e-02;3.830909e-02;3.449574e-02;3.017808e-02;1.119391e-02;2.387974e-02;7.130356e-02;1.379791e-02;1.091586e-02
2.052717e-02;3.026797e-02;6.707577e-01;5.393241e-02;3.674921e-02;1.521238e-02;4.191133e-02;6.690200e-03;1.355466e-02;8.444805e-02;2.051432e-02;5.434611e-03
1.555421e-02;2.503274e-02;6.948649e-01;7.498714e-02;3.493861e-02;4.792153e-03;4.201111e-02;3.159573e-03;4.427354e-03;8.010879e-02;1.661309e-02;3.510356e-03
1.295666e-02;3.645593e-02;6.777127e-01;9.394492e-02;4.681438e-02;4.492781e-03;3.667656e-02;2.804334e-03;4.991543e-03;7.386037e-02;7.932282e-03;1.357514e-03
8.855256e-03;4.814400e-02;6.710361e-01;7.970661e-02;6.081002e-02;8.700779e-03;3.685189e-02;5.388907e-03;6.644750e-03;6.806351e-02;4.083886e-03;1.714306e-03
1.051046e-02;6.378324e-02;6.760346e-01;4.636122e-02;5.474181e-02;1.051410e-02;4.471876e-02;1.180722e-02;1.050835e-02;6.602122e-02;3.080326e-03;1.918697e-03
9.133635e-03;6.505229e-02;6.820765e-01;3.944759e-02;4.283123e-02;6.246680e-03;4.549664e-02;1.593730e-02;1.195681e-02;7.400853e-02;4.925026e-03;2.887791e-03
1.439118e-02;6.815565e-02;6.737613e-01;4.674430e-02;4.401366e-02;5.575024e-03;3.019014e-02;1.737778e-02;1.386791e-02;7.550941e-02;7.417244e-03;2.996414e-03
2.970213e-02;7.239690e-02;5.995842e-01;5.083223e-02;5.549536e-02;1.580962e-02;4.434837e-02;2.595701e-02;2.449407e-02;6.065535e-02;1.288626e-02;7.838557e-03
4.779453e-02;5.913458e-02;5.039864e-01;4.572484e-02;5.315547e-02;2.361061e-02;8.882707e-02;3.432783e-02;3.107749e-02;6.194847e-02;3.094644e-02;1.946632e-02
4.828665e-02;5.338138e-02;4.418668e-01;3.213197e-02;5.467675e-02;2.321685e-02;9.702850e-02;2.938833e-02;3.409624e-02;9.111067e-02;6.657405e-02;2.824184e-02
4.645224e-02;1.142210e-01;3.226741e-01;4.297982e-02;1.028104e-01;2.266503e-02;1.114141e-01;1.723727e-02;3.228693e-02;9.293271e-02;6.955743e-02;2.476896e-02
3.171831e-02;1.206332e-01;3.901465e-01;4.492889e-02;1.230317e-01;2.304635e-02;1.091094e-01;2.206508e-02;3.431039e-02;5.593131e-02;3.227814e-02;1.280075e-02
6.752378e-02;1.237743e-01;3.477844e-01;4.311233e-02;9.278595e-02;4.003967e-02;4.622931e-02;6.298642e-02;5.183297e-02;4.014835e-02;4.384780e-02;3.993468e-02
8.980260e-02;1.148706e-01;2.292997e-01;5.712998e-02;7.684575e-02;5.183423e-02;6.646425e-02;8.863214e-02;6.416114e-02;4.767274e-02;5.534227e-02;5.794457e-02
7.719511e-02;9.981669e-02;2.497113e-01;6.397134e-02;7.279166e-02;5.232155e-02;9.939588e-02;7.913344e-02;5.571725e-02;5.078660e-02;4.943943e-02;4.971976e-02
5.516265e-02;7.089669e-02;3.555472e-01;7.343452e-02;6.433371e-02;4.824553e-02;1.200409e-01;4.300547e-02;3.698973e-02;5.552630e-02;4.589429e-02;3.092300e-02
4.556580e-02;5.782232e-02;4.801887e-01;7.244276e-02;5.325578e-02;3.373094e-02;9.941796e-02;1.463434e-02;2.200314e-02;5.765768e-02;4.502373e-02;1.825689e-02
6.244693e-02;8.725435e-02;4.241491e-01;6.152002e-02;5.250469e-02;3.387587e-02;9.800931e-02;1.458695e-02;3.001979e-02;5.793298e-02;5.270086e-02;2.499913e-02
1.195756e-01;1.155193e-01;2.051654e-01;5.934768e-02;4.543233e-02;4.035386e-02;1.290700e-01;2.500778e-02;3.589882e-02;7.016329e-02;9.754995e-02;5.691583e-02
7.889686e-02;4.234448e-02;2.459754e-01;4.878908e-02;3.243295e-02;4.938949e-02;1.231829e-01;1.755681e-02;3.387258e-02;1.088191e-01;1.422123e-01;7.652810e-02
3.514436e-02;8.342079e-02;2.180517e-01;2.854730e-02;2.989992e-02;6.275373e-02;9.090990e-02;1.206279e-02;3.709388e-02;1.433524e-01;1.962412e-01;6.252205e-02
2.305548e-02;6.321938e-02;2.122236e-01;3.935812e-02;4.004511e-02;6.957514e-02;7.814858e-02;1.624951e-02;4.079741e-02;1.507123e-01;2.194380e-01;4.717736e-02
9.117676e-02;8.602180e-02;1.595529e-01;7.772933e-02;3.601956e-02;6.199405e-02;7.388052e-02;3.348842e-02;4.344235e-02;1.098218e-01;1.753569e-01;5.151561e-02
1.175796e-01;1.322268e-01;2.793424e-01;7.662996e-02;4.338519e-02;3.197344e-02;8.630730e-02;4.190805e-02;3.754581e-02;4.952347e-02;6.109378e-02;4.248427e-02
9.307389e-02;1.575717e-01;3.235981e-01;7.658109e-02;4.765115e-02;5.653485e-02;5.387451e-02;2.941879e-02;7.445781e-02;3.485030e-02;2.484856e-02;2.753926e-02
3.326462e-02;1.737355e-01;2.854499e-01;7.043797e-02;4.761573e-02;1.129244e-01;4.304037e-02;1.935616e-02;1.574128e-01;3.282220e-02;1.228684e-02;1.165356e-02
2.333574e-02;1.750601e-01;1.524386e-01;5.303065e-02;2.703308e-02;1.597844e-01;5.155196e-02;2.393293e-02;2.899064e-01;3.001397e-02;5.888114e-03;8.024011e-03
6.052166e-02;1.529170e-01;9.034218e-02;3.445957e-02;1.654991e-02;1.196641e-01;5.054580e-02;4.861052e-02;3.821077e-01;2.653026e-02;9.888025e-03;7.863268e-03
1.180235e-01;1.355342e-01;6.422219e-02;2.145331e-02;4.639607e-02;4.814598e-02;4.184165e-02;1.252206e-01;3.485789e-01;1.868598e-02;2.528735e-02;6.610201e-03
1.674310e-01;1.237304e-01;6.201201e-02;1.235753e-02;7.500476e-02;1.990794e-02;5.193536e-02;2.419464e-01;1.883002e-01;1.113816e-02;3.804990e-02;8.186263e-03
2.111811e-01;8.526033e-02;4.397744e-02;1.152209e-02;8.605739e-02;1.015828e-02;7.202057e-02;3.633594e-01;6.165783e-02;6.974581e-03;3.657556e-02;1.125554e-02
2.378201e-01;2.718654e-02;6.178727e-02;1.295382e-02;6.062783e-02;1.378745e-02;7.942401e-02;3.982523e-01;5.155731e-02;9.059012e-03;2.861773e-02;1.892664e-02
2.885958e-01;4.792874e-02;5.841219e-02;1.375056e-02;3.575848e-02;1.360150e-02;8.001599e-02;3.464287e-01;4.838663e-02;1.187604e-02;2.427622e-02;3.096913e-02
3.307600e-01;5.560577e-02;5.432046e-02;1.220798e-02;3.901363e-02;9.771318e-03;7.585319e-02;2.721614e-01;4.266065e-02;2.401290e-02;3.901009e-02;4.462261e-02
3.053521e-01;2.158804e-02;7.369652e-02;1.302620e-02;3.221555e-02;1.794197e-02;8.848210e-02;1.941199e-01;4.878070e-02;7.440999e-02;6.378837e-02;6.659855e-02
2.303819e-01;7.207172e-02;1.011965e-01;2.693031e-02;2.012426e-02;3.158837e-02;1.027584e-01;1.200125e-01;5.609301e-02;1.282666e-01;4.791223e-02;6.266420e-02
1.756770e-01;1.026098e-01;1.184660e-01;2.986569e-02;4.550854e-02;4.600006e-02;9.140738e-02;1.032271e-01;9.893358e-02;1.188307e-01;3.914239e-02;3.033172e-02
1.670107e-01;8.188649e-02;9.015061e-02;3.297325e-02;6.196821e-02;5.779771e-02;7.322639e-02;1.301249e-01;1.475558e-01;7.494230e-02;3.294606e-02;4.941760e-02
2.393235e-01;9.817592e-02;8.810309e-02;2.984581e-02;6.778920e-02;3.794082e-02;6.152498e-02;1.483499e-01;9.145387e-02;5.346616e-02;3.552792e-02;4.849882e-02
3.420143e-01;1.205049e-01;8.100659e-02;1.502491e-02;8.746328e-02;2.028899e-02;2.727345e-02;1.681406e-01;4.072217e-02;2.766033e-02;3.257790e-02;3.732252e-02
4.028630e-01;1.274524e-01;9.063676e-02;2.327935e-02;1.032042e-01;7.888837e-03;1.967072e-02;1.518674e-01;6.799378e-03;8.060452e-03;2.955747e-02;2.871995e-02
4.336864e-01;1.168422e-01;9.965497e-02;3.670614e-02;9.320470e-02;7.338383e-03;1.657356e-02;1.165007e-01;1.934186e-02;7.668635e-03;2.201501e-02;3.046753e-02
4.735293e-01;1.142120e-01;1.096334e-01;2.426812e-02;6.973793e-02;1.022405e-02;1.419927e-02;1.017166e-01;2.008747e-02;8.483202e-03;1.715975e-02;3.674897e-02
5.258053e-01;1.151654e-01;1.045032e-01;1.147153e-02;5.194884e-02;7.282792e-03;6.627927e-03;1.010816e-01;9.780806e-03;6.318636e-03;1.622719e-02;4.378679e-02
5.606698e-01;9.862662e-02;9.488212e-02;6.388014e-03;3.638663e-02;4.397878e-03;1.397414e-02;1.008350e-01;6.292084e-03;6.305330e-03;1.702802e-02;5.421437e-02
5.833609e-01;8.602121e-02;9.010727e-02;5.780786e-03;3.150459e-02;3.163117e-03;1.876212e-02;1.008504e-01;4.557447e-03;5.884975e-03;1.567052e-02;5.433674e-02
5.742640e-01;1.053497e-01;9.068719e-02;5.415175e-03;3.755347e-02;3.121910e-03;1.458927e-02;9.709742e-02;4.376730e-03;5.380781e-03;1.526621e-02;4.689807e-02
5.362469e-01;1.312972e-01;1.033550e-01;5.047423e-03;5.303932e-02;3.865267e-03;8.575978e-03;8.914717e-02;9.798622e-03;4.682626e-03;1.756467e-02;3.737987e-02
4.962016e-01;1.535620e-01;1.109400e-01;4.479000e-03;6.663305e-02;4.872777e-03;9.201648e-03;7.768870e-02;1.654494e-02;4.502052e-03;2.352159e-02;3.185267e-02
4.427905e-01;1.859362e-01;1.235573e-01;7.445911e-03;6.235093e-02;2.301882e-02;1.067564e-02;5.823703e-02;2.572704e-02;6.589816e-03;2.920061e-02;2.447014e-02
3.747345e-01;2.169579e-01;1.281178e-01;9.743857e-03;5.016426e-02;5.441163e-02;1.940140e-02;4.022004e-02;4.992447e-02;9.336249e-03;2.777503e-02;1.921282e-02
2.880877e-01;2.343417e-01;1.501373e-01;2.139978e-02;3.036233e-02;4.780662e-02;2.380421e-02;3.501346e-02;1.002369e-01;2.506835e-02;2.147698e-02;2.226463e-02
2.239788e-01;2.388334e-01;1.732197e-01;4.197492e-02;1.320955e-02;1.938634e-02;2.185088e-02;3.009014e-02;1.279446e-01;4.284463e-02;1.480844e-02;5.185855e-02
1.872600e-01;2.163044e-01;1.585189e-01;5.093862e-02;2.275664e-02;2.796412e-02;4.713336e-02;2.812573e-02;9.108324e-02;4.535038e-02;3.928763e-02;8.527692e-02
2.051830e-01;1.965871e-01;9.829960e-02;5.476251e-02;4.142272e-02;3.864531e-02;8.692337e-02;3.161558e-02;4.777116e-02;3.737968e-02;6.197765e-02;9.943230e-02
1.525622e-01;1.424284e-01;1.564653e-01;5.227325e-02;3.799915e-02;4.158141e-02;1.043492e-01;3.454210e-02;3.030216e-02;6.028668e-02;7.190029e-02;1.153099e-01
7.134052e-02;1.590507e-01;1.396415e-01;4.696134e-02;2.827451e-02;3.122951e-02;1.004544e-01;4.446283e-02;5.503142e-02;8.587682e-02;8.134798e-02;1.563285e-01
6.905825e-02;1.727192e-01;1.501883e-01;4.977743e-02;5.803151e-02;4.111666e-02;8.987583e-02;4.247542e-02;5.586471e-02;8.344439e-02;8.962485e-02;9.782355e-02
7.372949e-02;1.335729e-01;9.847586e-02;5.779565e-02;9.684428e-02;8.164725e-02;1.090297e-01;6.753956e-02;6.534765e-02;7.727511e-02;8.143021e-02;5.731241e-02
1.452731e-01;1.186725e-01;1.885016e-01;4.692153e-02;7.356906e-02;7.887229e-02;7.543809e-02;5.029101e-02;5.316403e-02;4.728866e-02;6.503830e-02;5.696981e-02
2.363533e-01;1.252294e-01;2.633259e-01;2.661179e-02;6.346305e-02;5.173470e-02;2.868204e-02;3.204918e-02;2.892154e-02;2.728325e-02;6.956590e-02;4.677996e-02
3.018244e-01;1.342487e-01;2.370519e-01;1.835391e-02;5.730755e-02;2.206989e-02;2.441372e-02;3.482628e-02;2.309718e-02;4.257873e-02;6.741498e-02;3.681272e-02
3.009446e-01;1.305857e-01;1.812592e-01;2.156522e-02;3.817503e-02;1.986406e-02;4.222389e-02;4.839464e-02;3.901440e-02;7.587158e-02;5.077200e-02;5.132971e-02
2.208541e-01;1.251634e-01;1.357644e-01;3.169262e-02;2.761001e-02;4.318764e-02;7.224108e-02;6.787802e-02;5.110006e-02;8.438492e-02;5.859148e-02;8.153237e-02
9.263466e-02;1.183931e-01;1.195125e-01;3.391598e-02;3.344430e-02;1.033610e-01;1.127654e-01;7.439612e-02;3.545448e-02;9.220871e-02;9.851167e-02;8.540206e-02
6.975691e-02;6.188098e-02;1.228491e-01;1.861092e-02;4.757820e-02;1.803258e-01;1.111427e-01;6.369811e-02;5.520594e-02;9.473790e-02;1.130096e-01;6.120386e-02
3.778625e-02;4.993721e-02;1.314934e-01;2.373865e-02;7.146383e-02;1.990807e-01;1.290862e-01;5.915097e-02;6.922972e-02;1.014857e-01;9.751199e-02;3.003539e-02
8.783607e-02;5.644259e-02;1.103888e-01;4.801992e-02;8.112799e-02;1.413366e-01;1.628092e-01;4.834243e-02;5.794648e-02;9.240804e-02;7.279219e-02;4.054964e-02
1.130388e-01;6.886278e-02;2.098131e-01;4.432117e-02;1.154486e-01;9.648100e-02;1.633159e-01;3.255077e-02;3.996960e-02;3.834428e-02;4.412518e-02;3.372895e-02
1.241767e-01;6.678048e-02;2.011677e-01;4.368230e-02;1.169019e-01;9.543815e-02;1.612879e-01;4.196638e-02;3.853731e-02;4.079343e-02;4.364865e-02;2.561906e-02
1.176762e-01;9.182712e-02;1.041759e-01;5.806145e-02;1.187273e-01;5.626665e-02;2.128744e-01;3.908851e-02;4.028739e-02;5.548875e-02;6.631532e-02;3.921101e-02
4.986081e-02;7.221857e-02;1.153154e-01;5.528761e-02;8.611014e-02;9.081292e-02;2.416836e-01;4.068825e-02;4.662849e-02;7.773799e-02;7.562019e-02;4.803592e-02
5.532128e-02;6.347448e-02;1.276353e-01;6.743082e-02;6.587379e-02;9.149793e-02;1.988154e-01;6.729323e-02;5.585369e-02;8.371901e-02;7.505672e-02;4.802839e-02
4.478200e-02;7.436212e-02;1.901540e-01;7.542586e-02;7.803056e-02;8.594809e-02;1.265248e-01;7.142527e-02;7.557289e-02;6.505147e-02;6.792366e-02;4.479922e-02
4.430296e-02;5.812796e-02;1.762284e-01;5.788241e-02;9.490570e-02;8.897767e-02;1.848180e-01;6.819903e-02;5.971836e-02;5.812943e-02;6.843629e-02;4.027381e-02
