5.300161e-02;1.693010e-01;7.809816e-02;8.638324e-02;6.825165e-02;9.994982e-02;8.649103e-02;1.477545e-01;8.552602e-02;7.167761e-02;2.150136e-02;3.206399e-02
5.882976e-02;1.374477e-01;1.291552e-01;4.508655e-02;4.408535e-02;1.669184e-01;5.877875e-02;8.920640e-02;8.322503e-02;7.783595e-02;7.357872e-02;3.585223e-02
8.729775e-02;1.266537e-01;1.371235e-01;3.161590e-02;5.021228e-02;1.205041e-01;7.700007e-02;9.047552e-02;7.954311e-02;7.925557e-02;6.588043e-02;5.443816e-02
1.137142e-01;1.198546e-01;1.066855e-01;4.542313e-02;3.829682e-02;7.774043e-02;1.074431e-01;1.312876e-01;7.326785e-02;6.656346e-02;4.674702e-02;7.297634e-02
1.043666e-01;9.576722e-02;6.054306e-02;7.624979e-02;1.931672e-02;4.714512e-02;1.657385e-01;1.336971e-01;5.275340e-02;4.681858e-02;1.933549e-02;1.782683e-01
4.810716e-02;6.420255e-02;4.430551e-02;1.020951e-01;1.594345e-02;4.574669e-02;2.076184e-01;8.418199e-02;4.262859e-02;3.712534e-02;3.881870e-02;2.692266e-01
3.756301e-02;4.527213e-02;8.065865e-02;9.075478e-02;2.801856e-02;7.341818e-02;1.644801e-01;4.652216e-02;6.282435e-02;4.249258e-02;1.064488e-01;2.215466e-01
1.450059e-02;5.031031e-02;1.276330e-01;5.547160e-02;4.483259e-02;9.563676e-02;1.263972e-01;4.675858e-02;8.773345e-02;4.423384e-02;1.472627e-01;1.592294e-01
3.479911e-02;3.829110e-02;1.426158e-01;3.657878e-02;4.255798e-02;1.069348e-01;1.166140e-01;3.807142e-02;1.139089e-01;3.793461e-02;1.602610e-01;1.314325e-01
2.924996e-02;2.795330e-02;1.699567e-01;3.004443e-02;2.579081e-02;1.367235e-01;8.385538e-02;2.830131e-02;1.314922e-01;2.678931e-02;2.162324e-01;9.361056e-02
1.209944e-02;2.573520e-02;1.859499e-01;1.473703e-02;1.381551e-02;1.800648e-01;7.674993e-02;2.473615e-02;1.352379e-01;2.336340e-02;2.482032e-01;5.930743e-02
1.332520e-02;1.661104e-02;1.753374e-01;1.232152e-02;1.393099e-02;2.604037e-01;6.589644e-02;2.091482e-02;1.198635e-01;3.373958e-02;2.397413e-01;2.791460e-02
2.522026e-02;2.020523e-02;1.389682e-01;5.184820e-03;1.266084e-02;3.429331e-01;9.329712e-02;2.386483e-02;8.176518e-02;3.186027e-02;1.870655e-01;3.697471e-02
2.687111e-02;1.699184e-02;1.232632e-01;1.106861e-02;1.473156e-02;4.212787e-01;1.200804e-01;2.106241e-02;5.402593e-02;1.465881e-02;1.281982e-01;4.776922e-02
1.580581e-02;1.206385e-02;1.097486e-01;1.816161e-02;1.581073e-02;4.292653e-01;1.687424e-01;1.621902e-02;4.120845e-02;2.700448e-02;1.162249e-01;2.974473e-02
7.455004e-03;1.818860e-02;1.024856e-01;1.404952e-02;2.355137e-02;3.791885e-01;1.956440e-01;1.984208e-02;4.210507e-02;2.507180e-02;1.465530e-01;2.586546e-02
1.045325e-02;1.637736e-02;1.054104e-01;1.842314e-02;1.659800e-02;3.064382e-01;2.174866e-01;2.229875e-02;6.343924e-02;2.733427e-02;1.460601e-01;4.968066e-02
1.986100e-02;1.222513e-02;1.224852e-01;1.346133e-02;1.596355e-02;2.308753e-01;1.963660e-01;2.403495e-02;9.181175e-02;2.038642e-02;1.390493e-01;1.134800e-01
2.145134e-02;1.888813e-02;1.735789e-01;1.536505e-02;1.387919e-02;1.962147e-01;1.257001e-01;1.819564e-02;1.187092e-01;2.104392e-02;1.827291e-01;9.424472e-02
1.813957e-02;2.296346e-02;2.232326e-01;2.173767e-02;1.803894e-02;1.905681e-01;8.110463e-02;1.720016e-02;1.391180e-01;2.353674e-02;2.082836e-01;3.607648e-02
2.134254e-02;1.832168e-02;2.054523e-01;3.287024e-02;1.691279e-02;1.642663e-01;1.320106e-01;1.793088e-02;1.163021e-01;2.189869e-02;1.619735e-01;9.071839e-02
2.386614e-02;2.825853e-02;1.012056e-01;7.155903e-02;1.420625e-02;1.057856e-01;2.310192e-01;2.981924e-02;6.484095e-02;1.614232e-02;9.052138e-02;2.227758e-01
8.876096e-03;2.991760e-02;4.055278e-02;1.042388e-01;1.227535e-02;5.546582e-02;2.513047e-01;1.231285e-02;3.988098e-02;2.476747e-02;1.188193e-01;3.015883e-01
9.885250e-03;2.427993e-02;3.622970e-02;1.075809e-01;1.032458e-02;1.875942e-02;2.636953e-01;1.932484e-02;2.098435e-02;3.991225e-02;1.278663e-01;3.211571e-01
2.122921e-02;2.765363e-02;3.209878e-02;8.720026e-02;1.558568e-02;6.584188e-02;2.422495e-01;3.472173e-02;1.331025e-02;5.236438e-02;1.274877e-01;2.802570e-01
2.841944e-02;3.320155e-02;3.695852e-02;7.478476e-02;3.132169e-02;1.246476e-01;1.949995e-01;5.144921e-02;2.272567e-02;5.070541e-02;1.418889e-01;2.088978e-01
3.973645e-02;2.572224e-02;6.200579e-02;6.892905e-02;3.995189e-02;1.682006e-01;1.076124e-01;6.434811e-02;4.706066e-02;4.172832e-02;1.514632e-01;1.832414e-01
2.945676e-02;4.816761e-02;1.279241e-01;8.797030e-02;2.515295e-02;1.640511e-01;3.050462e-02;3.455612e-02;6.974749e-02;3.025543e-02;9.112696e-02;2.610865e-01
3.333160e-02;3.743280e-02;1.383131e-01;5.032405e-02;1.753083e-02;1.628610e-01;8.014786e-02;4.174416e-02;6.239435e-02;2.848449e-02;1.520389e-01;1.953969e-01
4.127787e-02;5.031268e-02;1.192321e-01;2.093501e-02;1.658848e-02;1.700226e-01;1.402621e-01;6.834036e-02;5.572424e-02;3.814218e-02;1.816994e-01;9.746297e-02
7.273139e-02;9.933332e-02;1.051473e-01;4.940629e-02;3.002049e-02;1.206236e-01;1.261861e-01;1.022211e-01;6.293921e-02;4.438861e-02;1.219829e-01;6.501973e-02
1.132337e-01;1.401961e-01;9.189292e-02;3.956092e-02;3.235815e-02;8.931451e-02;9.539475e-02;1.492392e-01;5.836435e-02;4.714322e-02;7.989120e-02;6.341098e-02
1.465717e-01;1.711509e-01;9.226327e-02;2.519699e-02;5.268115e-02;6.496939e-02;7.210930e-02;1.869439e-01;5.068069e-02;3.384034e-02;6.373779e-02;3.985464e-02
1.298769e-01;1.948741e-01;1.327681e-01;2.618298e-02;6.025033e-02;4.615434e-02;2.846146e-02;1.751931e-01;5.615803e-02;2.042270e-02;7.325032e-02;5.640766e-02
1.253799e-01;1.734988e-01;1.493164e-01;4.056268e-02;5.847659e-02;5.685315e-02;4.522885e-02;1.393068e-01;5.177861e-02;3.722535e-02;7.282521e-02;4.954761e-02
9.963699e-02;1.530608e-01;1.563250e-01;5.060597e-02;3.787788e-02;7.126682e-02;8.179471e-02;1.212920e-01;4.815674e-02;4.356614e-02;7.896386e-02;5.745308e-02
7.742213e-02;1.362421e-01;1.503025e-01;6.858335e-02;2.270893e-02;1.145373e-01;8.763123e-02;1.210004e-01;4.572745e-02;3.964206e-02;8.319816e-02;5.300442e-02
7.685006e-02;8.828679e-02;1.168537e-01;7.210065e-02;2.476222e-02;1.606268e-01;6.583404e-02;1.370865e-01;7.626126e-02;4.349620e-02;5.654128e-02;8.130052e-02
4.185816e-02;4.443074e-02;1.353635e-01;5.577358e-02;3.195188e-02;1.141973e-01;1.011464e-01;1.502332e-01;1.064205e-01;4.775203e-02;6.688966e-02;1.039831e-01
3.463585e-02;6.260463e-02;1.049996e-01;3.919353e-02;4.109321e-02;1.155420e-01;1.114072e-01;1.328401e-01;1.050606e-01;3.751709e-02;1.327786e-01;8.232750e-02
5.491462e-02;6.836224e-02;6.910450e-02;6.121105e-02;4.424965e-02;1.133630e-01;1.035100e-01;1.073797e-01;1.106033e-01;4.100446e-02;1.495480e-01;7.674943e-02
9.229326e-02;1.156631e-01;1.147703e-01;7.675614e-02;4.299847e-02;7.487081e-02;6.174118e-02;8.796459e-02;1.170940e-01;3.645010e-02;8.043136e-02;9.896673e-02
8.763370e-02;1.273693e-01;1.281177e-01;4.838627e-02;6.250639e-02;1.023537e-01;7.649671e-02;9.775969e-02;8.398854e-02;4.022368e-02;4.594542e-02;9.921897e-02
6.412732e-02;1.225107e-01;1.187717e-01;7.727938e-02;4.436740e-02;1.028642e-01;8.970688e-02;1.065017e-01;5.236622e-02;3.917137e-02;7.642683e-02;1.059063e-01
4.940389e-02;1.310031e-01;1.371722e-01;6.779972e-02;3.245492e-02;1.133632e-01;9.936514e-02;1.145350e-01;7.712826e-02;3.050776e-02;1.061758e-01;4.109102e-02
5.301980e-02;9.046265e-02;9.080773e-02;4.281734e-02;3.884755e-02;1.065087e-01;1.208349e-01;1.143617e-01;8.391333e-02;4.691419e-02;1.200376e-01;9.147459e-02
4.364794e-02;8.620819e-02;1.004312e-01;4.346254e-02;3.317869e-02;9.728330e-02;1.068406e-01;1.206325e-01;8.916618e-02;5.909582e-02;8.309898e-02;1.369541e-01
3.716870e-02;9.145527e-02;1.086857e-01;3.882876e-02;1.987420e-02;1.136545e-01;7.574546e-02;1.436959e-01;1.037027e-01;4.844642e-02;8.794044e-02;1.308020e-01
3.716704e-02;1.061118e-01;9.098081e-02;3.147835e-02;2.800033e-02;1.440154e-01;9.919974e-02;1.218082e-01;7.199641e-02;2.440250e-02;1.301707e-01;1.146688e-01
5.794933e-02;1.264889e-01;1.026904e-01;3.417007e-02;4.162608e-02;1.665912e-01;1.390823e-01;8.893351e-02;3.907405e-02;4.503997e-02;8.762370e-02;7.073053e-02
6.887598e-02;1.109714e-01;1.151915e-01;4.652436e-02;6.358188e-02;1.843713e-01;1.076216e-01;8.484793e-02;4.990454e-02;5.476191e-02;9.316918e-02;2.017850e-02
5.172302e-02;7.903919e-02;8.572398e-02;3.834845e-02;4.991886e-02;1.719865e-01;8.281833e-02;8.757183e-02;1.186867e-01;3.756993e-02;1.176980e-01;7.891529e-02
2.200687e-02;5.283519e-02;5.448228e-02;2.573514e-02;3.206290e-02;1.662631e-01;1.081662e-01;1.172193e-01;1.210637e-01;4.766983e-02;1.391817e-01;1.133137e-01
3.509156e-02;9.160887e-02;5.334878e-02;3.630791e-02;5.356511e-02;1.120412e-01;1.305747e-01;1.743135e-01;9.621204e-02;3.954300e-02;7.248806e-02;1.049054e-01
3.717555e-02;1.236377e-01;3.826945e-02;3.707333e-02;9.335130e-02;1.308331e-01;8.975906e-02;1.501699e-01;1.045125e-01;7.218811e-02;5.605907e-02;6.697098e-02
3.214863e-02;1.185830e-01;2.159974e-02;3.949354e-02;1.159926e-01;1.232189e-01;4.354719e-02;1.408859e-01;1.437773e-01;1.066443e-01;5.837851e-02;5.573029e-02
6.905181e-02;5.561758e-02;5.075090e-02;5.355179e-02;8.279354e-02;1.304446e-01;8.404119e-02;1.049560e-01;1.645124e-01;5.988212e-02;7.763284e-02;6.676533e-02
8.551961e-02;3.666849e-02;4.891748e-02;1.174837e-01;5.952748e-02;1.313554e-01;1.094741e-01;8.436072e-02;1.770411e-01;4.472368e-02;6.595248e-02;3.897582e-02
9.001822e-02;2.674368e-02;2.850194e-02;1.856826e-01;6.379978e-02;7.919568e-02;8.697233e-02;9.165549e-02;2.127181e-01;4.533772e-02;6.145189e-02;2.792260e-02
8.635841e-02;3.719462e-02;3.321214e-02;2.266637e-01;6.375761e-02;7.046050e-02;5.469493e-02;6.184098e-02;2.273088e-01;3.814020e-02;8.075637e-02;1.961173e-02
6.005378e-02;6.530230e-02;5.775411e-02;1.654816e-01;5.304482e-02;1.191038e-01;2.069334e-02;9.790813e-02;1.897878e-01;3.397863e-02;7.630412e-02;6.058771e-02
4.143384e-02;7.693316e-02;7.686196e-02;5.888879e-02;5.528099e-02;1.789196e-01;2.519274e-02;1.484866e-01;1.491974e-01;4.711850e-02;4.497581e-02;9.671065e-02
2.907068e-02;7.678131e-02;8.489566e-02;3.195318e-02;5.229845e-02;2.219020e-01;3.464312e-02;1.948524e-01;9.445643e-02;5.890362e-02;1.712425e-02;1.031189e-01
3.483840e-02;7.804819e-02;7.582308e-02;6.154400e-02;4.988980e-02;2.098544e-01;2.944919e-02;1.947027e-01;8.448503e-02;5.561234e-02;3.196463e-02;9.378826e-02
5.628085e-02;6.297288e-02;5.165458e-02;8.980992e-02;5.261785e-02;1.483379e-01;3.871751e-02;1.430555e-01;1.650671e-01;5.345555e-02;7.323598e-02;6.479438e-02
7.700628e-02;3.544237e-02;3.041861e-02;1.409112e-01;4.444211e-02;6.796140e-02;5.532627e-02;6.514172e-02;2.540479e-01;5.678402e-02;1.313904e-01;4.112772e-02
9.492131e-02;1.983858e-02;2.556516e-02;1.755427e-01;2.725139e-02;2.868625e-02;7.718395e-02;5.431873e-02;2.953666e-01;4.479660e-02;1.476540e-01;8.874752e-03
1.017902e-01;2.082318e-02;3.200022e-02;1.671762e-01;1.933358e-02;2.493640e-02;1.297028e-01;5.465081e-02;2.608645e-01;4.614959e-02;1.184298e-01;2.414287e-02
1.033898e-01;2.791827e-02;4.915245e-02;1.484635e-01;4.248098e-02;3.273766e-02;1.846218e-01;4.488262e-02;1.977080e-01;6.612388e-02;7.634842e-02;2.617263e-02
9.408046e-02;3.050637e-02;5.875278e-02;1.475414e-01;9.318554e-02;5.307201e-02;1.906655e-01;4.144163e-02;1.381188e-01;1.043742e-01;2.464113e-02;2.362016e-02
5.410160e-02;4.832045e-02;4.883114e-02;1.140068e-01;1.654882e-01;5.690407e-02;1.250178e-01;4.366095e-02;1.094705e-01;1.665979e-01;1.231371e-02;5.528682e-02
3.079161e-02;6.881708e-02;4.031758e-02;7.665991e-02;2.332947e-01;3.915696e-02;5.940793e-02;4.182889e-02;9.847818e-02;2.217002e-01;1.288487e-02;7.666209e-02
4.235751e-02;8.489591e-02;1.635214e-02;7.276986e-02;2.333538e-01;3.663466e-02;4.402794e-02;9.099825e-02;7.991171e-02;2.183686e-01;2.040951e-02;5.992011e-02
3.093184e-02;1.125927e-01;2.739626e-02;4.901787e-02;1.686480e-01;1.088513e-01;2.128340e-02;1.139228e-01;7.787763e-02;1.851482e-01;5.947761e-02;4.485248e-02
3.148172e-02;1.040630e-01;4.323203e-02;1.423754e-02;7.549312e-02;1.833431e-01;4.474902e-02;9.276107e-02;1.124508e-01;1.398900e-01;1.222285e-01;3.607007e-02
5.269377e-02;6.809980e-02;6.279925e-02;2.018099e-02;3.046601e-02;1.930371e-01;1.021041e-01;6.898778e-02;1.298286e-01;7.047876e-02;1.446843e-01;5.663945e-02
7.922875e-02;6.411865e-02;6.647070e-02;4.657175e-02;4.937151e-02;1.651700e-01;1.407934e-01;5.429272e-02;9.522025e-02;6.305189e-02;7.202701e-02;1.036834e-01
8.206281e-02;8.444718e-02;4.965966e-02;1.072526e-01;9.948646e-02;9.524646e-02;1.049105e-01;5.926864e-02;1.050681e-01;6.697156e-02;4.227346e-02;1.033525e-01
6.580336e-02;7.121890e-02;4.726703e-02;9.363753e-02;1.290709e-01;1.050834e-01;6.595303e-02;9.653322e-02;1.269161e-01;5.891550e-02;8.013313e-02;5.946790e-02
5.609475e-02;6.593522e-02;5.358018e-02;6.012783e-02;1.512500e-01;9.655418e-02;5.521806e-02;1.138926e-01;1.155895e-01;6.351113e-02;8.568141e-02;8.256511e-02
4.126765e-02;5.143336e-02;5.098890e-02;7.511474e-02;1.532989e-01;1.140214e-01;9.103393e-02;1.147513e-01;1.047958e-01;8.869624e-02;6.593132e-02;4.866647e-02
6.333960e-02;4.850925e-02;6.066094e-02;6.257837e-02;1.415362e-01;1.140452e-01;8.863074e-02;1.107787e-01;9.398485e-02;1.053368e-01;5.542777e-02;5.517158e-02
8.169507e-02;6.632958e-02;5.053690e-02;8.559328e-02;1.061906e-01;6.951979e-02;1.256441e-01;8.649904e-02;8.926041e-02;9.061423e-02;4.003393e-02;1.080830e-01
4.976430e-02;7.642473e-02;3.123997e-02;1.149091e-01;1.046659e-01;6.941697e-02;1.394699e-01;1.026642e-01;8.911171e-02;1.178969e-01;3.434222e-02;7.009412e-02
4.595424e-02;9.224685e-02;4.829938e-02;1.243037e-01;1.118876e-01;8.613518e-02;7.337683e-02;9.822202e-02;8.806445e-02;1.513272e-01;3.198424e-02;4.819825e-02
4.240210e-02;9.838176e-02;4.608348e-02;1.400402e-01;1.183560e-01;7.861451e-02;6.653050e-02;6.865560e-02;9.534078e-02;1.390407e-01;5.494410e-02;5.161029e-02
5.356057e-02;9.794632e-02;4.759127e-02;1.662909e-01;1.145353e-01;6.079735e-02;9.248703e-02;6.836731e-02;1.345561e-01;8.531578e-02;5.240323e-02;2.614883e-02
6.276903e-02;6.992812e-02;5.134744e-02;1.255165e-01;1.336635e-01;1.040736e-01;5.991999e-02;7.140879e-02;1.472303e-01;5.809516e-02;7.525843e-02;4.078912e-02
3.765338e-02;6.678126e-02;7.338712e-02;7.844605e-02;1.270846e-01;1.520630e-01;1.962821e-02;9.046488e-02;1.805842e-01;6.134543e-02;5.332144e-02;5.924045e-02
4.552554e-02;6.940654e-02;5.092990e-02;8.029361e-02;7.139293e-02;1.779073e-01;5.563434e-02;9.826621e-02;1.661685e-01;1.014984e-01;1.986549e-02;6.311115e-02
4.881884e-02;1.240524e-01;1.045957e-01;4.455152e-02;4.388405e-02;1.623265e-01;9.998685e-02;8.031213e-02;1.235579e-01;8.087413e-02;5.057565e-02;3.646443e-02
6.369819e-02;1.371385e-01;1.294978e-01;3.676718e-02;4.660571e-02;1.328376e-01;1.027833e-01;1.099233e-01;7.973131e-02;5.668466e-02;5.273983e-02;5.159258e-02
5.701058e-02;9.770099e-02;9.932390e-02;6.491634e-02;2.385639e-02;8.854235e-02;1.792570e-01;1.208272e-01;6.173657e-02;3.840407e-02;4.259411e-02;1.258305e-01
2.819758e-02;5.171936e-02;5.447868e-02;6.905559e-02;2.232001e-02;5.795208e-02;2.596368e-01;1.016763e-01;4.406726e-02;3.253547e-02;8.691449e-02;1.914463e-01
4.283133e-02;2.622838e-02;4.530825e-02;6.122448e-02;2.531130e-02;9.148536e-02;2.694378e-01;6.661224e-02;6.309964e-02;3.832746e-02;1.004760e-01;1.696578e-01
5.095594e-02;4.356427e-02;4.716308e-02;3.789491e-02;2.252198e-02;1.358415e-01;2.511117e-01;4.080929e-02;7.978603e-02;4.719129e-02;9.279963e-02;1.503604e-01
3.166919e-02;7.394625e-02;3.406631e-02;7.680975e-02;1.888897e-02;1.247346e-01;2.129809e-01;7.175943e-02;6.253520e-02;3.639622e-02;8.129244e-02;1.749208e-01
5.266524e-02;1.122381e-01;6.778272e-02;7.269640e-02;3.263048e-02;9.385052e-02;1.470613e-01;1.311934e-01;5.858327e-02;5.034693e-02;5.980040e-02;1.211511e-01
7.400592e-02;1.422465e-01;9.257845e-02;6.666010e-02;5.219711e-02;5.767010e-02;5.609357e-02;1.332032e-01;8.627946e-02;7.511609e-02;6.679390e-02;9.715559e-02
8.019405e-02;1.238900e-01;1.406410e-01;7.208778e-02;7.450052e-02;4.934757e-02;5.498260e-02;1.028786e-01;9.332512e-02;6.142558e-02;6.250048e-02;8.422668e-02
6.163812e-02;1.253486e-01;6.182326e-02;8.572797e-02;5.823012e-02;7.699170e-02;7.430443e-02;1.092495e-01;8.552703e-02;7.797256e-02;1.002420e-01;8.294471e-02
9.274536e-02;9.165938e-02;8.180779e-02;9.203971e-02;3.558674e-02;7.893842e-02;8.549142e-02;9.768131e-02;6.205378e-02;8.464668e-02;7.317512e-02;1.241743e-01
1.070719e-01;6.907479e-02;4.337912e-02;1.215279e-01;2.793573e-02;5.837692e-02;1.299803e-01;8.847885e-02;4.853522e-02;8.484031e-02;4.362568e-02;1.771733e-01
7.891278e-02;4.590698e-02;1.315339e-02;2.006274e-01;2.287756e-02;2.180938e-02;1.993955e-01;5.911219e-02;2.996064e-02;1.017988e-01;1.190537e-02;2.145400e-01
1.560455e-02;4.220990e-02;1.067817e-02;2.869130e-01;1.712792e-02;1.346774e-02;2.407226e-01;2.653715e-02;1.529795e-02;1.124677e-01;5.275062e-03;2.136983e-01
1.619104e-02;3.949053e-02;1.709408e-02;3.102914e-01;7.560446e-03;2.224750e-02;2.398528e-01;2.192908e-02;1.348625e-02;8.594425e-02;1.161682e-02;2.142958e-01
1.348375e-02;3.931179e-02;2.792851e-02;3.151541e-01;9.445809e-03;2.451856e-02;2.316869e-01;1.409797e-02;1.912232e-02;5.837235e-02;2.120237e-02;2.256756e-01
2.297728e-02;3.582589e-02;1.918343e-02;3.146335e-01;1.222626e-02;2.120403e-02;1.925029e-01;3.366226e-02;1.736374e-02;9.626509e-02;2.185913e-02;2.122965e-01
5.327037e-02;4.110850e-02;2.910335e-02;2.905772e-01;1.532537e-02;2.068328e-02;1.349420e-01;7.267994e-02;2.442450e-02;1.368798e-01;1.710087e-02;1.639048e-01
1.465457e-01;4.290642e-02;4.530213e-02;2.078267e-01;5.560789e-02;2.372963e-02;7.048366e-02;1.483768e-01;3.319940e-02;1.089959e-01;1.131738e-02;1.057084e-01
2.157103e-01;5.510637e-02;6.075451e-02;1.142500e-01;9.055226e-02;2.728462e-02;4.942251e-02;2.190595e-01;2.511266e-02;3.788077e-02;1.994152e-02;8.492484e-02
2.041435e-01;7.128979e-02;6.089020e-02;4.263782e-02;8.859036e-02;2.989924e-02;1.049075e-01;2.378443e-01;2.696748e-02;4.361089e-02;3.676531e-02;5.245367e-02
1.555852e-01;9.253961e-02;6.323605e-02;2.381282e-02;6.521302e-02;5.859218e-02;1.619018e-01;1.965784e-01;4.918637e-02;5.916214e-02;3.463197e-02;3.956044e-02
1.208925e-01;9.701452e-02;8.356808e-02;6.408305e-02;4.046380e-02;4.391972e-02;1.725251e-01;1.387085e-01;6.223981e-02;7.675683e-02;1.810342e-02;8.172470e-02
9.208856e-02;6.583464e-02;6.263620e-02;1.499339e-01;3.677515e-02;3.905512e-02;1.045258e-01;1.542815e-01;4.588303e-02;6.571557e-02;9.630735e-03;1.736398e-01
1.013885e-01;4.522086e-02;5.681562e-02;1.359096e-01;3.883734e-02;5.855513e-02;7.041375e-02;1.818187e-01;3.752863e-02;8.184576e-02;1.946924e-02;1.721969e-01
8.272708e-02;7.499244e-02;3.099766e-02;1.280677e-01;5.847987e-02;4.535675e-02;8.546961e-02;1.854942e-01;3.145288e-02;1.290132e-01;3.737066e-02;1.105780e-01
4.932202e-02;7.248043e-02;5.454611e-02;1.663795e-01;6.358360e-02;5.404728e-02;1.022723e-01;1.513650e-01;2.710629e-02;1.320974e-01;4.275449e-02;8.404557e-02
4.811741e-02;6.828155e-02;1.282334e-01;1.387917e-01;3.999776e-02;1.274129e-01;8.264103e-02;1.330781e-01;4.989617e-02;1.001765e-01;2.706993e-02;5.630361e-02
6.549946e-02;1.587707e-01;1.968549e-01;8.894644e-02;4.515315e-02;1.425839e-01;3.613729e-02;1.000289e-01;7.045242e-02;7.320880e-02;7.155805e-03;1.520830e-02
6.888834e-02;2.276743e-01;1.833058e-01;9.453168e-02;3.065820e-02;1.069798e-01;3.522903e-02;8.016058e-02;8.221492e-02;6.663045e-02;1.474717e-02;8.979770e-03
7.695112e-02;2.864284e-01;1.423075e-01;8.630873e-02;2.853950e-02;5.511342e-02;3.523839e-02;7.953528e-02;8.076047e-02;7.506937e-02;3.397045e-02;1.977737e-02
1.036520e-01;2.658326e-01;1.452716e-01;8.709278e-02;3.365932e-02;3.378946e-02;4.660825e-02;7.501467e-02;5.332492e-02;7.808125e-02;4.862782e-02;2.904519e-02
1.198951e-01;2.306537e-01;1.383689e-01;1.310113e-01;5.335317e-02;4.156385e-02;4.627481e-02;5.285928e-02;4.440923e-02;6.331074e-02;4.415782e-02;3.414207e-02
1.195500e-01;1.987531e-01;1.263348e-01;1.921165e-01;6.338038e-02;4.431655e-02;3.390863e-02;5.792041e-02;4.080356e-02;4.673989e-02;3.555178e-02;4.062440e-02
1.261366e-01;1.860207e-01;8.323693e-02;2.455540e-01;4.133919e-02;4.361457e-02;2.154198e-02;7.053870e-02;4.334176e-02;5.288121e-02;3.244046e-02;5.335378e-02
1.198716e-01;1.656920e-01;1.258194e-01;2.267483e-01;2.125281e-02;4.565894e-02;2.700906e-02;6.173407e-02;3.295037e-02;6.646486e-02;2.851408e-02;7.828449e-02
1.081462e-01;1.267814e-01;1.319013e-01;2.102716e-01;2.891642e-02;4.882735e-02;5.657465e-02;9.335160e-02;3.892542e-02;5.221171e-02;2.367169e-02;8.042077e-02
1.047916e-01;1.067957e-01;1.440688e-01;1.687657e-01;2.025715e-02;6.897753e-02;9.253590e-02;1.123800e-01;5.472068e-02;5.036387e-02;3.175193e-02;4.459114e-02
5.919788e-02;1.402665e-01;1.809007e-01;1.118566e-01;3.596763e-02;5.704223e-02;7.370868e-02;1.024090e-01;5.445863e-02;5.766544e-02;4.242202e-02;8.410462e-02
4.447046e-02;1.213460e-01;1.625450e-01;1.119455e-01;4.956544e-02;5.820333e-02;6.541892e-02;1.026128e-01;4.708528e-02;5.150770e-02;4.587616e-02;1.394234e-01
6.343824e-02;1.146017e-01;9.738030e-02;1.337348e-01;4.807076e-02;6.190901e-02;6.547739e-02;8.644725e-02;6.038864e-02;5.798935e-02;3.536627e-02;1.751962e-01
9.210692e-02;1.255390e-01;6.568731e-02;1.390883e-01;4.168149e-02;7.230330e-02;1.018789e-01;3.932510e-02;6.820318e-02;7.061684e-02;1.996944e-02;1.636002e-01
8.668263e-02;1.148434e-01;6.473047e-02;1.394123e-01;3.638996e-02;7.004012e-02;1.227401e-01;8.445930e-02;6.726418e-02;7.404014e-02;1.724125e-02;1.221562e-01
6.215696e-02;9.846278e-02;8.665742e-02;1.435018e-01;4.166472e-02;6.868970e-02;1.046208e-01;1.057787e-01;8.051670e-02;5.780072e-02;1.798885e-02;1.321609e-01
4.137718e-02;9.974135e-02;1.154675e-01;1.390458e-01;7.425588e-02;6.363045e-02;7.599699e-02;8.352172e-02;7.050291e-02;4.948088e-02;2.019050e-02;1.667888e-01
4.562884e-02;1.710545e-01;1.455742e-01;9.615054e-02;6.705736e-02;6.816021e-02;6.773650e-02;6.339352e-02;5.045992e-02;4.428295e-02;1.218379e-02;1.683177e-01
9.230392e-02;2.148016e-01;1.739343e-01;4.053281e-02;4.636281e-02;6.031692e-02;6.660870e-02;7.469144e-02;3.963301e-02;3.965684e-02;1.315796e-02;1.379997e-01
9.262858e-02;1.721268e-01;1.873931e-01;5.700251e-02;4.654856e-02;5.606096e-02;7.824460e-02;7.666717e-02;4.521818e-02;3.494497e-02;3.027679e-02;1.228878e-01
5.591614e-02;1.324448e-01;1.688596e-01;8.071208e-02;5.153393e-02;7.480905e-02;9.096287e-02;5.806083e-02;7.552712e-02;4.053259e-02;5.503291e-02;1.156082e-01
6.799874e-02;1.342147e-01;1.507561e-01;8.808447e-02;5.060959e-02;8.617318e-02;9.389793e-02;7.849745e-02;7.488202e-02;4.069470e-02;6.035019e-02;7.384095e-02
8.118189e-02;1.231525e-01;1.350293e-01;1.159045e-01;6.446891e-02;9.712154e-02;1.082198e-01;8.481481e-02;6.714020e-02;3.462771e-02;5.202531e-02;3.631353e-02
5.037470e-02;9.329221e-02;1.198492e-01;1.090354e-01;7.537968e-02;8.915137e-02;1.188113e-01;1.162128e-01;7.984125e-02;3.755436e-02;4.286616e-02;6.763156e-02
3.441015e-02;1.169866e-01;1.387124e-01;5.937875e-02;7.021965e-02;1.218059e-01;1.271559e-01;7.958361e-02;6.256554e-02;3.898372e-02;4.318766e-02;1.070102e-01
3.136088e-02;1.193950e-01;1.528721e-01;4.091513e-02;5.340027e-02;1.575640e-01;1.321245e-01;1.011663e-01;5.795885e-02;5.046844e-02;3.897685e-02;6.379759e-02
3.628216e-02;1.053067e-01;1.298945e-01;4.292515e-02;4.736886e-02;1.639938e-01;1.467165e-01;8.052473e-02;4.730259e-02;4.016786e-02;7.098872e-02;8.852850e-02
3.653250e-02;8.358040e-02;1.430726e-01;3.925198e-02;4.564188e-02;1.649411e-01;1.515808e-01;4.919634e-02;4.133880e-02;3.287889e-02;1.294402e-01;8.254457e-02
5.489366e-02;4.972634e-02;1.822150e-01;2.657594e-02;3.133789e-02;2.183769e-01;1.192465e-01;2.586834e-02;4.449414e-02;3.214880e-02;1.804916e-01;3.462480e-02
5.200912e-02;4.742905e-02;1.700576e-01;3.591662e-02;4.793151e-02;2.594340e-01;7.716913e-02;2.952346e-02;4.137190e-02;4.202792e-02;1.577507e-01;3.937900e-02
3.522519e-02;7.267245e-02;1.170264e-01;5.292777e-02;6.110226e-02;2.721479e-01;5.891302e-02;4.716339e-02;3.386218e-02;6.292845e-02;1.337031e-01;5.232785e-02
2.602484e-02;9.880050e-02;7.380265e-02;1.088314e-01;7.086866e-02;2.104767e-01;9.611385e-02;6.571107e-02;3.422004e-02;6.661164e-02;1.066585e-01;4.188010e-02
2.205033e-02;1.145636e-01;5.184333e-02;1.596724e-01;9.222668e-02;1.515065e-01;1.056177e-01;7.460632e-02;3.829377e-02;9.693585e-02;6.688895e-02;2.579458e-02
1.593876e-02;1.138941e-01;4.763690e-02;1.673699e-01;1.161795e-01;1.391784e-01;9.493950e-02;7.206285e-02;5.225071e-02;1.153119e-01;5.615695e-02;9.080438e-03
1.903806e-02;1.070474e-01;4.529307e-02;1.412358e-01;1.430920e-01;1.317152e-01;8.684669e-02;8.050521e-02;6.558406e-02;1.105620e-01;4.807320e-02;2.100736e-02
1.908264e-02;1.228227e-01;4.960932e-02;1.155714e-01;1.498157e-01;1.084494e-01;6.106460e-02;7.708055e-02;9.044691e-02;1.054404e-01;6.835090e-02;3.226556e-02
1.068429e-02;1.424284e-01;5.336421e-02;1.116509e-01;1.423732e-01;7.281955e-02;4.762919e-02;9.645125e-02;1.149938e-01;1.017175e-01;7.038752e-02;3.550012e-02
2.562586e-02;1.468877e-01;7.734585e-02;8.492953e-02;1.173513e-01;7.805087e-02;7.005112e-02;1.047447e-01;1.177263e-01;9.332479e-02;5.191666e-02;3.204536e-02
3.204852e-02;1.498242e-01;7.140426e-02;3.631563e-02;7.570165e-02;6.686597e-02;7.330675e-02;1.127660e-01;1.404229e-01;9.763540e-02;1.044335e-01;3.927527e-02
3.339504e-02;1.632477e-01;8.055504e-02;4.606599e-02;9.071983e-02;4.016258e-02;6.057540e-02;8.852607e-02;1.673081e-01;1.136666e-01;9.082438e-02;2.495332e-02
2.745359e-02;1.417307e-01;6.886540e-02;7.118636e-02;1.306916e-01;5.677756e-02;4.082158e-02;8.726779e-02;1.667267e-01;1.373561e-01;5.661443e-02;1.450834e-02
2.784472e-02;1.056262e-01;5.897307e-02;7.782757e-02;1.584187e-01;5.178741e-02;4.080714e-02;7.884883e-02;1.787720e-01;1.605507e-01;2.459519e-02;3.594857e-02
2.995914e-02;8.134822e-02;5.665461e-02;7.443549e-02;1.825444e-01;5.346475e-02;4.124085e-02;6.871495e-02;1.887745e-01;1.540383e-01;2.848572e-02;4.033914e-02
3.085290e-02;4.763879e-02;6.212693e-02;6.840811e-02;2.132851e-01;8.434262e-02;3.961037e-02;8.847905e-02;1.802438e-01;1.012129e-01;4.987415e-02;3.392517e-02
2.464548e-02;5.560378e-02;5.066961e-02;8.550647e-02;2.335037e-01;7.660627e-02;3.913770e-02;8.669201e-02;1.651521e-01;1.066161e-01;4.339353e-02;3.247329e-02
5.817114e-02;5.054158e-02;5.075582e-02;1.244598e-01;2.242631e-01;3.913424e-02;3.825434e-02;9.831983e-02;1.565123e-01;1.172503e-01;2.245566e-02;1.988183e-02
6.481358e-02;5.113211e-02;4.612512e-02;1.614369e-01;2.347482e-01;7.399088e-02;2.770983e-02;7.467540e-02;1.590667e-01;6.888802e-02;2.209162e-02;1.532160e-02
5.223966e-02;6.389955e-02;4.124484e-02;1.756326e-01;2.194616e-01;7.744557e-02;1.802409e-02;7.294779e-02;1.536961e-01;8.471411e-02;2.887749e-02;1.181654e-02
4.510623e-02;4.429752e-02;4.389712e-02;1.563953e-01;2.237108e-01;7.992086e-02;2.456180e-02;7.321291e-02;1.444492e-01;1.389346e-01;7.792452e-03;1.772129e-02
3.404504e-02;7.620180e-02;3.528781e-02;1.218598e-01;2.297663e-01;8.966866e-02;2.016885e-02;4.750526e-02;1.350796e-01;1.556120e-01;3.449371e-02;2.031124e-02
1.443748e-02;9.655237e-02;3.328153e-02;9.184507e-02;2.071469e-01;7.609895e-02;1.310349e-02;5.642913e-02;1.637456e-01;1.821575e-01;4.660111e-02;1.860087e-02
1.963716e-02;8.665814e-02;3.680489e-02;4.542020e-02;1.534916e-01;7.322666e-02;1.602204e-02;9.874546e-02;1.884592e-01;2.088729e-01;5.075068e-02;2.191112e-02
1.805570e-02;8.754396e-02;3.617286e-02;1.957546e-02;1.329952e-01;8.410220e-02;3.012657e-02;1.613060e-01;1.808422e-01;1.889492e-01;3.203954e-02;2.829105e-02
1.172830e-02;7.557636e-02;2.546769e-02;3.176516e-02;1.338540e-01;1.563762e-01;5.139998e-02;2.051017e-01;1.401652e-01;1.015770e-01;4.609082e-02;2.089754e-02
1.497984e-02;5.181639e-02;3.485341e-02;3.272858e-02;1.093950e-01;2.581454e-01;7.577203e-02;1.659020e-01;9.943034e-02;8.696213e-02;4.346364e-02;2.655120e-02
1.217440e-02;4.188037e-02;5.551973e-02;2.521223e-02;6.635600e-02;3.183533e-01;1.138802e-01;8.857073e-02;7.132084e-02;8.640238e-02;9.143718e-02;2.889263e-02
1.314150e-02;4.760830e-02;5.973779e-02;2.818201e-02;7.867230e-02;3.477037e-01;1.111905e-01;5.124139e-02;7.039431e-02;6.013722e-02;1.043447e-01;2.764630e-02
1.483902e-02;4.104145e-02;6.827359e-02;4.674144e-02;1.200920e-01;3.302946e-01;8.093881e-02;5.427408e-02;6.600438e-02;6.759769e-02;8.125597e-02;2.864706e-02
1.129178e-02;4.579356e-02;7.666186e-02;7.296523e-02;1.498735e-01;2.316027e-01;8.050337e-02;8.802905e-02;1.015687e-01;7.620013e-02;3.766076e-02;2.784945e-02
2.902305e-02;4.785568e-02;9.242748e-02;1.191371e-01;1.749477e-01;1.268481e-01;7.347406e-02;1.152900e-01;1.102268e-01;7.083783e-02;1.426752e-02;2.566460e-02
6.382240e-02;9.838435e-02;1.083253e-01;1.043117e-01;1.337772e-01;1.069985e-01;1.013692e-01;6.682745e-02;7.547857e-02;5.013241e-02;3.581329e-02;5.475972e-02
5.878636e-02;8.237780e-02;9.367986e-02;6.798193e-02;8.532718e-02;1.669012e-01;1.506241e-01;5.233372e-02;7.253740e-02;4.220321e-02;5.999295e-02;6.725435e-02
4.290421e-02;3.501502e-02;7.375906e-02;3.405151e-02;5.348207e-02;2.069502e-01;2.201273e-01;4.670728e-02;8.483416e-02;5.073551e-02;1.083021e-01;4.313155e-02
2.178681e-02;2.880189e-02;7.684024e-02;1.600949e-02;2.600851e-02;1.691930e-01;2.996735e-01;4.107285e-02;9.659234e-02;5.500742e-02;1.158388e-01;5.317513e-02
1.696451e-02;2.503481e-02;6.585984e-02;1.791411e-02;2.210736e-02;1.887968e-01;3.264114e-01;3.904444e-02;8.466576e-02;4.077530e-02;1.149169e-01;5.750872e-02
1.173040e-02;1.086590e-02;6.986169e-02;1.059601e-02;2.138425e-02;2.506959e-01;3.168546e-01;3.395425e-02;8.436902e-02;2.041083e-02;1.297285e-01;3.954857e-02
1.028617e-02;1.180089e-02;8.068699e-02;1.413612e-02;1.664246e-02;2.995992e-01;2.642042e-01;3.281590e-02;7.888673e-02;1.566055e-02;1.396402e-01;3.564063e-02
1.249493e-02;1.667799e-02;8.537544e-02;1.169716e-02;2.172625e-02;3.659137e-01;1.781103e-01;2.733729e-02;6.850610e-02;2.831286e-02;1.414319e-01;4.241611e-02
1.382911e-02;2.425922e-02;8.051948e-02;2.328815e-02;6.405714e-02;3.937916e-01;1.110282e-01;2.630402e-02;7.380471e-02;3.195561e-02;1.201761e-01;3.698668e-02
1.369924e-02;3.044210e-02;7.595172e-02;5.045272e-02;9.870729e-02;3.186781e-01;1.360476e-01;3.340093e-02;6.868161e-02;3.338009e-02;9.543695e-02;4.512163e-02
2.271377e-02;6.565366e-02;7.449152e-02;6.514014e-02;1.015029e-01;1.506650e-01;1.818929e-01;6.097511e-02;7.705799e-02;3.975517e-02;7.505367e-02;8.509815e-02
4.760687e-02;8.385024e-02;7.426758e-02;7.567039e-02;1.103056e-01;7.077418e-02;1.639731e-01;7.274476e-02;1.032942e-01;2.351823e-02;2.696168e-02;1.470331e-01
5.053099e-02;5.533678e-02;6.307086e-02;5.387267e-02;9.054668e-02;1.320484e-01;1.163283e-01;6.107838e-02;1.198374e-01;3.999076e-02;6.656869e-02;1.507900e-01
4.090546e-02;7.648548e-02;8.098706e-02;3.580010e-02;5.603237e-02;1.113561e-01;9.290313e-02;7.487562e-02;1.204043e-01;3.512009e-02;1.150768e-01;1.600535e-01
4.077691e-02;6.654790e-02;9.885390e-02;2.240406e-02;4.076812e-02;9.899211e-02;5.631179e-02;7.303568e-02;1.123847e-01;4.642854e-02;1.652353e-01;1.782610e-01
3.481618e-02;6.578087e-02;1.565897e-01;4.332587e-02;4.911998e-02;5.868060e-02;1.519323e-02;5.616409e-02;1.119495e-01;6.819519e-02;1.718695e-01;1.683152e-01
3.420951e-02;8.656479e-02;1.719412e-01;5.624751e-02;3.352373e-02;9.973691e-02;5.348775e-02;3.811420e-02;8.709377e-02;4.163909e-02;1.774462e-01;1.199954e-01
2.285123e-02;4.992031e-02;1.767447e-01;5.325603e-02;3.745806e-02;1.254249e-01;9.213402e-02;8.305372e-02;9.647164e-02;3.428742e-02;1.566238e-01;7.177418e-02
2.478948e-02;5.446043e-02;1.512314e-01;5.340932e-02;4.331101e-02;1.122870e-01;1.176202e-01;1.106887e-01;8.317865e-02;3.571712e-02;1.265711e-01;8.673548e-02
3.185336e-02;5.036194e-02;1.147786e-01;5.832494e-02;5.127858e-02;1.107437e-01;1.219045e-01;1.243366e-01;6.629859e-02;3.154994e-02;1.054379e-01;1.331314e-01
2.890351e-02;4.098691e-02;8.656798e-02;7.173205e-02;6.949936e-02;1.302549e-01;1.302224e-01;9.777150e-02;8.108635e-02;4.802974e-02;9.101506e-02;1.239302e-01
3.003056e-02;5.441388e-02;6.695538e-02;8.169618e-02;7.564777e-02;1.266536e-01;1.381304e-01;6.740838e-02;9.964825e-02;3.817265e-02;8.140017e-02;1.398427e-01
3.130243e-02;4.266692e-02;4.210735e-02;9.259027e-02;7.290825e-02;1.751056e-01;1.508906e-01;3.640582e-02;8.153038e-02;2.375805e-02;6.787842e-02;1.828560e-01
3.177250e-02;6.590482e-02;5.573324e-02;8.678211e-02;5.259056e-02;1.436553e-01;1.432733e-01;3.545954e-02;6.130000e-02;2.982149e-02;8.457428e-02;2.091328e-01
4.129099e-02;9.218748e-02;7.299640e-02;8.146499e-02;5.121781e-02;8.806956e-02;1.231094e-01;5.318418e-02;3.432244e-02;3.799602e-02;9.248064e-02;2.316802e-01
6.205687e-02;9.491459e-02;6.011263e-02;8.045562e-02;5.612689e-02;3.936490e-02;1.149998e-01;6.371594e-02;5.246375e-02;3.638544e-02;6.205996e-02;2.773436e-01
5.540552e-02;1.035165e-01;5.633274e-02;6.220518e-02;4.763019e-02;6.565376e-02;1.102251e-01;5.782047e-02;8.203872e-02;3.534727e-02;6.525642e-02;2.585681e-01
5.529812e-02;1.176340e-01;8.082330e-02;3.662208e-02;4.150444e-02;8.591571e-02;8.872510e-02;5.740052e-02;9.342751e-02;3.440906e-02;8.995588e-02;2.182842e-01
6.111628e-02;1.216955e-01;8.857048e-02;2.612645e-02;3.046045e-02;9.548077e-02;4.309839e-02;7.331263e-02;1.209000e-01;5.528234e-02;8.431966e-02;1.996372e-01
8.549935e-02;7.393283e-02;6.084821e-02;3.689225e-02;3.407671e-02;1.357550e-01;9.770060e-02;9.440322e-02;1.309517e-01;6.472370e-02;6.219969e-02;1.230168e-01
7.598048e-02;6.589183e-02;7.586302e-02;2.538686e-02;3.163155e-02;1.810183e-01;1.322148e-01;7.921151e-02;1.112151e-01;5.316401e-02;8.500548e-02;8.341712e-02
5.369765e-02;8.090726e-02;7.770796e-02;2.086996e-02;3.231082e-02;1.926122e-01;1.711763e-01;6.907070e-02;9.240503e-02;4.273967e-02;8.957957e-02;7.692285e-02
4.492553e-02;7.315310e-02;7.261732e-02;2.326669e-02;3.100408e-02;1.795740e-01;2.011595e-01;4.908593e-02;1.082268e-01;3.627257e-02;1.078284e-01;7.288612e-02
4.028837e-02;5.041813e-02;7.365093e-02;2.021357e-02;3.439482e-02;1.658941e-01;1.794052e-01;6.511505e-02;1.341490e-01;4.110501e-02;8.768949e-02;1.076763e-01
4.519555e-02;8.568473e-02;1.006503e-01;3.575668e-02;3.826949e-02;9.563738e-02;1.338182e-01;6.150018e-02;1.495792e-01;4.925281e-02;8.835503e-02;1.163006e-01
2.878943e-02;6.805736e-02;8.890411e-02;3.503936e-02;4.170772e-02;1.162996e-01;1.250722e-01;5.047330e-02;1.632227e-01;4.091451e-02;1.512477e-01;9.027209e-02
2.266693e-02;3.876582e-02;1.015466e-01;1.716233e-02;4.676557e-02;1.912693e-01;1.008215e-01;4.350469e-02;1.614821e-01;4.288460e-02;1.708603e-01;6.227012e-02
2.565764e-02;4.835985e-02;1.008174e-01;1.854816e-02;3.414457e-02;1.926055e-01;9.451094e-02;3.240434e-02;1.334078e-01;6.742759e-02;1.815967e-01;7.051958e-02
2.511620e-02;5.626874e-02;7.597519e-02;1.741985e-02;1.591264e-02;2.418011e-01;9.306293e-02;6.429454e-02;1.054708e-01;7.477095e-02;1.710396e-01;5.886744e-02
2.587760e-02;5.920447e-02;5.839004e-02;2.596933e-02;3.717185e-02;3.058164e-01;1.010547e-01;5.947513e-02;7.359897e-02;6.256232e-02;1.339156e-01;5.696363e-02
1.707115e-02;5.398662e-02;6.168303e-02;4.085785e-02;8.053488e-02;2.693369e-01;9.143675e-02;7.717747e-02;8.398823e-02;6.917053e-02;1.122796e-01;4.247707e-02
9.499311e-03;5.372757e-02;4.810274e-02;4.195682e-02;1.106955e-01;1.711448e-01;7.102821e-02;9.606710e-02;1.526890e-01;1.272488e-01;9.455484e-02;2.328546e-02
1.757939e-02;6.847219e-02;3.245281e-02;6.009004e-02;1.369152e-01;1.138294e-01;7.053599e-02;7.072326e-02;2.083767e-01;1.658141e-01;3.100405e-02;2.420687e-02
3.884768e-02;5.288292e-02;3.958463e-02;9.584633e-02;1.240703e-01;4.266321e-02;6.167547e-02;1.363433e-01;2.386311e-01;1.273384e-01;2.596667e-02;1.614996e-02
4.782576e-02;2.501985e-02;7.648108e-02;1.203608e-01;9.162933e-02;4.491212e-02;4.796571e-02;1.943308e-01;2.310438e-01;7.501705e-02;1.821699e-02;2.719670e-02
2.736781e-02;3.903003e-02;1.279053e-01;9.890681e-02;6.179168e-02;5.870137e-02;3.389302e-02;2.597269e-01;1.801459e-01;3.966850e-02;1.854591e-02;5.431671e-02
1.522944e-02;6.775124e-02;1.851699e-01;4.268254e-02;2.273179e-02;8.350880e-02;3.651161e-02;3.246493e-01;1.076635e-01;3.003334e-02;3.179691e-02;5.227168e-02
1.288093e-02;1.042232e-01;1.571964e-01;3.037025e-02;3.688911e-02;1.141669e-01;2.233424e-02;3.259017e-01;9.826590e-02;2.501931e-02;5.248366e-02;2.026834e-02
1.272265e-02;1.219831e-01;8.320377e-02;3.470321e-02;5.956590e-02;1.294374e-01;2.606984e-02;3.273003e-01;7.244193e-02;2.932361e-02;7.677783e-02;2.647042e-02
1.009252e-02;1.181053e-01;5.371834e-02;2.148110e-02;6.438650e-02;1.504115e-01;2.968580e-02;3.313526e-01;8.031598e-02;2.696812e-02;8.891910e-02;2.456324e-02
7.963370e-03;1.281929e-01;8.646190e-02;1.307405e-02;6.325064e-02;1.888791e-01;2.743397e-02;3.281838e-01;5.232216e-02;1.681885e-02;7.171489e-02;1.570435e-02
8.585183e-03;1.150197e-01;9.867803e-02;3.372597e-02;5.791033e-02;1.730432e-01;2.061464e-02;3.558821e-01;6.860933e-02;1.690008e-02;3.988066e-02;1.115070e-02
8.904968e-03;1.009820e-01;7.804661e-02;3.155577e-02;5.361203e-02;1.633144e-01;1.822451e-02;3.926357e-01;7.847925e-02;3.083064e-02;2.666016e-02;1.675392e-02
1.479946e-02;8.283988e-02;6.082259e-02;1.300202e-02;5.687906e-02;1.898263e-01;2.730795e-02;4.072832e-01;6.267881e-02;4.358342e-02;2.393607e-02;1.704121e-02
1.375009e-02;5.461759e-02;6.535098e-02;3.082044e-02;5.152142e-02;1.499947e-01;2.619634e-02;4.191614e-01;1.057904e-01;3.375229e-02;2.902204e-02;2.002226e-02
1.224577e-02;3.270405e-02;5.756949e-02;2.824568e-02;3.826150e-02;1.206934e-01;2.799549e-02;4.275483e-01;1.698239e-01;3.940283e-02;2.080800e-02;2.470162e-02
1.567419e-02;5.189983e-02;4.540944e-02;1.397166e-02;4.204718e-02;1.846990e-01;4.573821e-02;2.913910e-01;2.023087e-01;5.165934e-02;1.921175e-02;3.598965e-02
3.100036e-02;6.808484e-02;2.733345e-02;3.401282e-02;6.333184e-02;2.330181e-01;7.207334e-02;1.168324e-01;2.303571e-01;4.804841e-02;3.194124e-02;4.396602e-02
2.869959e-02;7.364812e-02;5.969747e-02;3.581037e-02;5.272320e-02;1.665516e-01;4.817342e-02;2.681978e-01;1.658677e-01;3.368470e-02;3.761802e-02;2.932793e-02
1.960131e-02;6.354241e-02;8.698992e-02;2.430934e-02;3.261933e-02;1.528612e-01;5.049156e-02;3.115786e-01;1.017451e-01;4.080393e-02;7.006577e-02;4.539154e-02
2.743808e-02;5.737137e-02;7.818148e-02;1.358634e-02;1.569942e-02;1.182188e-01;6.016583e-02;2.837355e-01;1.655713e-01;3.441567e-02;8.203199e-02;6.358425e-02
