9.365077e-02;8.733959e-02;9.219680e-02;8.705333e-02;6.553221e-02;9.912015e-02;1.017138e-01;5.872248e-02;6.596286e-02;6.220625e-02;8.704198e-02;9.945982e-02
7.188086e-02;7.089184e-02;7.372582e-02;8.044368e-02;6.580703e-02;1.097097e-01;8.939183e-02;5.390979e-02;7.656456e-02;1.039946e-01;1.088133e-01;9.486695e-02
9.936963e-02;4.022768e-02;1.053579e-01;5.901853e-02;5.978412e-02;6.765204e-02;1.261123e-01;8.002306e-02;1.109944e-01;9.698743e-02;7.992039e-02;7.455251e-02
5.967936e-02;5.591451e-02;1.259351e-01;6.191596e-02;7.091052e-02;5.933985e-02;1.337209e-01;1.010545e-01;1.060949e-01;7.179062e-02;8.475600e-02;6.888780e-02
4.613600e-02;6.493275e-02;1.392446e-01;6.180871e-02;7.341203e-02;4.944853e-02;1.423597e-01;1.065280e-01;9.969828e-02;5.948681e-02;8.550071e-02;7.144389e-02
3.315910e-02;7.868055e-02;1.831061e-01;5.836960e-02;6.804403e-02;6.340677e-02;1.544642e-01;9.612396e-02;8.790413e-02;5.410861e-02;6.538974e-02;5.724319e-02
4.615589e-02;8.501983e-02;2.300020e-01;7.914720e-02;6.268581e-02;8.527429e-02;1.510773e-01;8.137269e-02;5.116310e-02;5.678228e-02;4.924507e-02;2.207451e-02
8.119442e-02;8.819909e-02;2.183669e-01;9.053534e-02;6.500927e-02;8.346204e-02;1.267907e-01;8.167743e-02;4.456824e-02;4.287677e-02;4.910457e-02;2.821527e-02
1.112064e-01;9.967407e-02;2.050863e-01;8.272528e-02;6.688358e-02;9.893110e-02;1.090493e-01;6.286570e-02;5.781251e-02;3.763220e-02;2.138168e-02;4.675189e-02
1.051002e-01;9.431537e-02;1.826825e-01;5.868336e-02;5.673611e-02;1.051017e-01;1.853855e-01;4.188861e-02;3.930440e-02;3.870078e-02;4.091115e-02;5.119026e-02
7.891217e-02;8.723184e-02;1.229699e-01;4.420497e-02;6.107481e-02;9.245463e-02;3.028610e-01;4.688461e-02;2.791879e-02;3.595978e-02;4.922548e-02;5.030196e-02
7.682134e-02;8.525167e-02;1.282790e-01;1.030591e-01;7.236695e-02;6.816237e-02;2.513956e-01;2.588531e-02;2.713570e-02;4.274807e-02;6.724685e-02;5.164804e-02
9.507152e-02;1.078473e-01;1.680800e-01;1.405218e-01;8.318453e-02;5.168525e-02;1.375444e-01;2.819613e-02;4.503082e-02;3.345039e-02;6.724627e-02;4.214159e-02
1.127651e-01;8.768898e-02;2.260429e-01;1.541487e-01;6.856775e-02;4.759150e-02;1.327567e-01;1.698032e-02;2.310624e-02;4.091037e-02;5.845834e-02;3.098314e-02
1.021908e-01;9.083714e-02;3.242638e-01;8.381096e-02;7.531567e-02;3.087321e-02;9.733653e-02;1.687411e-02;2.774918e-02;6.906535e-02;4.354520e-02;3.813800e-02
9.501650e-02;6.364378e-02;3.880414e-01;1.012596e-01;6.732583e-02;1.583214e-02;7.524016e-02;2.437453e-02;2.832406e-02;7.382873e-02;4.526084e-02;2.185243e-02
9.460358e-02;2.479906e-02;4.359387e-01;1.314513e-01;4.145710e-02;1.639114e-02;7.418153e-02;9.059923e-03;3.131836e-02;7.734443e-02;4.309662e-02;2.035833e-02
8.351749e-02;2.218014e-02;4.462693e-01;1.417185e-01;3.320673e-02;2.744930e-02;7.894084e-02;1.567110e-02;3.229208e-02;6.772245e-02;2.983618e-02;2.119580e-02
7.092483e-02;1.730880e-02;4.463423e-01;1.402793e-01;3.325599e-02;4.249934e-02;8.800443e-02;2.843155e-02;2.556721e-02;5.650994e-02;3.337008e-02;1.750625e-02
6.091016e-02;1.243794e-02;4.540831e-01;1.326531e-01;3.131877e-02;4.177534e-02;1.148424e-01;3.778448e-02;1.407837e-02;5.449927e-02;3.429268e-02;1.132448e-02
5.113316e-02;1.838668e-02;4.752952e-01;9.805936e-02;3.569520e-02;2.525610e-02;1.604283e-01;3.719077e-02;9.488904e-03;6.037457e-02;2.296629e-02;5.725503e-03
4.952681e-02;1.843304e-02;4.941532e-01;6.795425e-02;3.561449e-02;1.490412e-02;1.825832e-01;4.202818e-02;8.941353e-03;6.048531e-02;2.235858e-02;3.017419e-03
4.772105e-02;4.532906e-02;4.783127e-01;6.034163e-02;3.342731e-02;1.440956e-02;1.719777e-01;4.492788e-02;1.039441e-02;6.000768e-02;2.749677e-02;5.654252e-03
6.033440e-02;7.457442e-02;4.079912e-01;6.663719e-02;3.925866e-02;2.620665e-02;1.588866e-01;4.345136e-02;1.606117e-02;6.194769e-02;3.091447e-02;1.373622e-02
4.925001e-02;7.965335e-02;3.845961e-01;8.182456e-02;4.648293e-02;3.939963e-02;1.530520e-01;3.494006e-02;1.292972e-02;6.623588e-02;2.642888e-02;2.520696e-02
7.226024e-02;3.078421e-02;4.152612e-01;1.222424e-01;5.522450e-02;2.737322e-02;9.999970e-02;2.708804e-02;1.146110e-02;5.582323e-02;5.377061e-02;2.871151e-02
6.582698e-02;3.182667e-02;3.953106e-01;1.576637e-01;7.030831e-02;2.429821e-02;7.317314e-02;3.795558e-02;1.289136e-02;4.350886e-02;6.337944e-02;2.385706e-02
6.211659e-02;5.050214e-02;4.387745e-01;1.345681e-01;5.949132e-02;2.525953e-02;7.476381e-02;3.444140e-02;1.347652e-02;5.220564e-02;4.314194e-02;1.125842e-02
6.861681e-02;5.167254e-02;4.828501e-01;1.027732e-01;5.733828e-02;2.188476e-02;6.624813e-02;2.630729e-02;1.101432e-02;6.480002e-02;3.760580e-02;8.888854e-03
5.743960e-02;6.740880e-02;4.839797e-01;8.667450e-02;5.598607e-02;1.856327e-02;6.282578e-02;1.688156e-02;2.193390e-02;7.468887e-02;2.510688e-02;2.851112e-02
7.320954e-02;1.144235e-01;3.939506e-01;7.662540e-02;3.745917e-02;2.310769e-02;6.790621e-02;2.440484e-02;3.720627e-02;7.076590e-02;3.677659e-02;4.416431e-02
7.722688e-02;1.194691e-01;3.068854e-01;8.877804e-02;3.557340e-02;4.192850e-02;1.067183e-01;2.923992e-02;4.540842e-02;6.154821e-02;3.421164e-02;5.301218e-02
5.323762e-02;3.766315e-02;3.714414e-01;1.011602e-01;4.303626e-02;5.976190e-02;1.105012e-01;4.706638e-02;3.930099e-02;4.392536e-02;5.144074e-02;4.146487e-02
8.920723e-02;7.213550e-02;3.779775e-01;8.885814e-02;6.181183e-02;6.255884e-02;6.512512e-02;2.506913e-02;5.942961e-02;3.976076e-02;2.638699e-02;3.167941e-02
1.163737e-01;6.416591e-02;2.580293e-01;1.065492e-01;8.250173e-02;5.208931e-02;7.495219e-02;5.041292e-02;4.433822e-02;5.177660e-02;6.810642e-02;3.070446e-02
9.457415e-02;6.785672e-02;1.778820e-01;1.151399e-01;8.884278e-02;4.314802e-02;6.819300e-02;7.432465e-02;2.438798e-02;5.840696e-02;1.479080e-01;3.933575e-02
4.232166e-02;6.888457e-02;2.161458e-01;1.150490e-01;8.380568e-02;3.196864e-02;5.324323e-02;8.434232e-02;9.647210e-03;4.131224e-02;2.034635e-01;4.981617e-02
5.739050e-02;5.975388e-02;2.055551e-01;1.009173e-01;7.793748e-02;2.845075e-02;4.312347e-02;8.613884e-02;2.215150e-02;3.518043e-02;2.207594e-01;6.264125e-02
6.795472e-02;5.772402e-02;1.843632e-01;9.516224e-02;6.969665e-02;2.786576e-02;4.658972e-02;8.710783e-02;2.843969e-02;3.309368e-02;2.295243e-01;7.247823e-02
5.657560e-02;3.951543e-02;2.780489e-01;8.338381e-02;5.472869e-02;1.981328e-02;5.948789e-02;6.129900e-02;1.413574e-02;8.655218e-02;1.965190e-01;4.994045e-02
5.750919e-02;2.987181e-02;3.633782e-01;6.118113e-02;3.856047e-02;2.111998e-02;8.286746e-02;2.772457e-02;2.535480e-02;1.403538e-01;1.213316e-01;3.074704e-02
3.549606e-02;3.767072e-02;3.743585e-01;5.248964e-02;3.225329e-02;2.700283e-02;1.014245e-01;2.862130e-02;6.163424e-02;1.524410e-01;7.418428e-02;2.242367e-02
4.773907e-02;6.114114e-02;3.007586e-01;4.640286e-02;4.069671e-02;3.703498e-02;1.109164e-01;4.268622e-02;8.357096e-02;1.261543e-01;6.217530e-02;4.072354e-02
5.595187e-02;6.600347e-02;2.910870e-01;4.502064e-02;5.425688e-02;4.932742e-02;1.245137e-01;3.883521e-02;8.381407e-02;7.256314e-02;7.254546e-02;4.608113e-02
3.859037e-02;3.989897e-02;3.243059e-01;5.846711e-02;5.942722e-02;5.481846e-02;1.738829e-01;5.309026e-02;5.383635e-02;4.405043e-02;7.281044e-02;2.682167e-02
3.572052e-02;5.451233e-02;2.741771e-01;7.101841e-02;5.359326e-02;4.941860e-02;1.236997e-01;8.030921e-02;6.591001e-02;6.995728e-02;6.504128e-02;5.664235e-02
4.557274e-02;5.016573e-02;2.247862e-01;9.554259e-02;5.828990e-02;4.314019e-02;1.313762e-01;6.478286e-02;5.738419e-02;7.830175e-02;9.541876e-02;5.523883e-02
3.437702e-02;5.113574e-02;2.464157e-01;9.712611e-02;6.612376e-02;4.336606e-02;1.236486e-01;8.146097e-02;4.763528e-02;6.280960e-02;8.691371e-02;5.898751e-02
4.382461e-02;6.282432e-02;2.012251e-01;7.991274e-02;8.411202e-02;7.521060e-02;9.833881e-02;7.772972e-02;7.553545e-02;7.797355e-02;7.055300e-02;5.276009e-02
9.371260e-02;9.120831e-02;1.645695e-01;7.604446e-02;9.969848e-02;8.872394e-02;1.169919e-01;2.525968e-02;5.057152e-02;6.918433e-02;5.905389e-02;6.498138e-02
1.092908e-01;1.077625e-01;1.488979e-01;8.322495e-02;8.644661e-02;8.543056e-02;1.145759e-01;4.324493e-02;4.390356e-02;5.752835e-02;5.515588e-02;6.453803e-02
5.242324e-02;1.446505e-01;1.769507e-01;8.236831e-02;7.348206e-02;8.578362e-02;1.105444e-01;6.973493e-02;3.736744e-02;4.584283e-02;5.724375e-02;6.360822e-02
1.219923e-01;9.857902e-02;2.439396e-01;4.742311e-02;4.922177e-02;3.408143e-02;1.756626e-01;4.732954e-02;2.456027e-02;4.510484e-02;6.194226e-02;5.016333e-02
1.435965e-01;9.545597e-02;3.155569e-01;4.453871e-02;4.220248e-02;2.334069e-02;1.245971e-01;2.896286e-02;1.822033e-02;4.787931e-02;6.200471e-02;5.364448e-02
1.094642e-01;1.152119e-01;4.239616e-01;3.501573e-02;2.548485e-02;1.787589e-02;8.768403e-02;1.421304e-02;1.778735e-02;5.554891e-02;4.956709e-02;4.818537e-02
4.565195e-02;8.526463e-02;5.619195e-01;4.076853e-02;3.197983e-02;2.042781e-02;5.308639e-02;1.556895e-02;1.265018e-02;7.115644e-02;3.330493e-02;2.822088e-02
1.411800e-02;9.514280e-02;5.906377e-01;3.054719e-02;4.266569e-02;1.848329e-02;2.979185e-02;2.150070e-02;2.565218e-02;7.768462e-02;2.975879e-02;2.401725e-02
3.266580e-02;1.253252e-01;5.675456e-01;2.532932e-02;3.818788e-02;1.651203e-02;2.570978e-02;1.927621e-02;2.403335e-02;7.147013e-02;2.313709e-02;3.080763e-02
4.098525e-02;1.365020e-01;4.796552e-01;2.716236e-02;3.460705e-02;3.131880e-02;8.221728e-02;2.305674e-02;2.436258e-02;6.415103e-02;2.733127e-02;2.865047e-02
1.116497e-01;1.097062e-01;3.272175e-01;3.117335e-02;5.272325e-02;5.423407e-02;1.429737e-01;2.397940e-02;2.499075e-02;5.181424e-02;4.273587e-02;2.680193e-02
1.692258e-01;2.948532e-02;1.624344e-01;5.716088e-02;8.200906e-02;8.833087e-02;2.230521e-01;3.098391e-02;3.121184e-02;3.455549e-02;5.823025e-02;3.332004e-02
1.470475e-01;5.078107e-02;2.227714e-01;4.080938e-02;6.803105e-02;6.026271e-02;2.046517e-01;3.402623e-02;2.665722e-02;6.717148e-02;4.975096e-02;2.803939e-02
1.423190e-01;7.335092e-02;2.571208e-01;3.896550e-02;7.332139e-02;5.274553e-02;1.412538e-01;2.743323e-02;3.359633e-02;7.092386e-02;5.511149e-02;3.385806e-02
1.084144e-01;1.197632e-01;2.565958e-01;5.934459e-02;6.924669e-02;5.712233e-02;9.371658e-02;2.804671e-02;3.386053e-02;7.265558e-02;5.366361e-02;4.756990e-02
5.375999e-02;9.319203e-02;2.925485e-01;6.662327e-02;5.966489e-02;5.315111e-02;1.754200e-01;2.847866e-02;2.537787e-02;6.665934e-02;4.035072e-02;4.477360e-02
8.407577e-02;3.070085e-02;3.329054e-01;6.446617e-02;3.799229e-02;2.984538e-02;2.632010e-01;2.100682e-02;1.801569e-02;5.363179e-02;3.451049e-02;2.964840e-02
6.660724e-02;3.272888e-02;3.796758e-01;6.118204e-02;4.951882e-02;3.762353e-02;2.168720e-01;2.303357e-02;1.809527e-02;4.577603e-02;2.878032e-02;4.010645e-02
4.119788e-02;3.993383e-02;4.768749e-01;5.810235e-02;4.391748e-02;3.891205e-02;1.443860e-01;2.354815e-02;1.928707e-02;4.367982e-02;2.541330e-02;4.474710e-02
4.556213e-02;4.014004e-02;5.515998e-01;5.249903e-02;2.974569e-02;2.525381e-02;7.567205e-02;2.040453e-02;2.863962e-02;4.721480e-02;3.503554e-02;4.823298e-02
5.963739e-02;4.913118e-02;4.470114e-01;5.414835e-02;4.027064e-02;2.877299e-02;7.993024e-02;4.177965e-02;5.001931e-02;6.150434e-02;3.829144e-02;4.950310e-02
7.160933e-02;5.471381e-02;3.466636e-01;7.254615e-02;5.976629e-02;4.056424e-02;1.231476e-01;3.886738e-02;4.082515e-02;7.727418e-02;2.919893e-02;4.482336e-02
6.354592e-02;3.372090e-02;3.341329e-01;7.409374e-02;9.386136e-02;5.638118e-02;1.354432e-01;2.495608e-02;3.266735e-02;9.715124e-02;1.556887e-02;3.847738e-02
4.258033e-02;2.174619e-02;3.386869e-01;4.210826e-02;1.228728e-01;8.129327e-02;1.289058e-01;1.294149e-02;3.547101e-02;1.124395e-01;2.617877e-02;3.477569e-02
5.045043e-02;2.773227e-02;3.372345e-01;4.012398e-02;9.786619e-02;8.045034e-02;1.251919e-01;3.194247e-02;4.108001e-02;1.150616e-01;3.175091e-02;2.111536e-02
4.205435e-02;3.986492e-02;3.144985e-01;6.339588e-02;6.537518e-02;7.632996e-02;1.149410e-01;5.912673e-02;4.583875e-02;8.550683e-02;5.388645e-02;3.918150e-02
3.056463e-02;3.990355e-02;3.420901e-01;8.633278e-02;7.365856e-02;8.754601e-02;1.274601e-01;5.959937e-02;2.430810e-02;5.650975e-02;5.335869e-02;1.866845e-02
6.160490e-02;2.282893e-02;2.759952e-01;7.787942e-02;8.648733e-02;9.887097e-02;9.809405e-02;3.797448e-02;4.413856e-02;6.890029e-02;5.658475e-02;7.064115e-02
5.072588e-02;2.737921e-02;1.997918e-01;4.228352e-02;1.349148e-01;8.373821e-02;1.758760e-01;7.067217e-02;4.735964e-02;6.099025e-02;3.376560e-02;7.250292e-02
1.213911e-01;5.460280e-02;1.530204e-01;6.500564e-02;8.234288e-02;6.344454e-02;1.604288e-01;6.624636e-02;6.332299e-02;6.751240e-02;4.334838e-02;5.933368e-02
1.070127e-01;7.551671e-02;1.859670e-01;5.709036e-02;6.475653e-02;6.731392e-02;1.052788e-01;7.400471e-02;7.862969e-02;6.575378e-02;6.752668e-02;5.114915e-02
8.035382e-02;8.768447e-02;2.260886e-01;4.431323e-02;7.035662e-02;7.967392e-02;6.639574e-02;7.925552e-02;8.658526e-02;6.071986e-02;7.882327e-02;3.974970e-02
5.766223e-02;1.071725e-01;2.074087e-01;6.547262e-02;7.321314e-02;7.942394e-02;1.338831e-01;4.743001e-02;6.212279e-02;6.560370e-02;7.694186e-02;2.366541e-02
8.091757e-02;1.002641e-01;1.889880e-01;6.997376e-02;5.874852e-02;5.676946e-02;1.663299e-01;5.300042e-02;6.744519e-02;5.440585e-02;5.856289e-02;4.459445e-02
7.804122e-02;6.220130e-02;3.032142e-01;7.221408e-02;4.863225e-02;3.232484e-02;1.480164e-01;4.924268e-02;4.841030e-02;6.797200e-02;5.582907e-02;3.390172e-02
5.593207e-02;4.007513e-02;3.909539e-01;8.953536e-02;4.953515e-02;2.137877e-02;1.310380e-01;3.552924e-02;2.987307e-02;7.951181e-02;5.499670e-02;2.164084e-02
5.610513e-02;2.150132e-02;4.187650e-01;1.006403e-01;5.811115e-02;3.497698e-02;1.145961e-01;2.154075e-02;2.465206e-02;7.935293e-02;4.998985e-02;1.976840e-02
4.217466e-02;4.113718e-02;4.405994e-01;9.251868e-02;4.842371e-02;4.430701e-02;1.219460e-01;2.354974e-02;2.906270e-02;7.426818e-02;2.846450e-02;1.354822e-02
4.536767e-02;5.665682e-02;4.864769e-01;8.669394e-02;5.349148e-02;4.381650e-02;6.457089e-02;3.044177e-02;3.035654e-02;6.873836e-02;1.710081e-02;1.628831e-02
3.489250e-02;4.586042e-02;5.529490e-01;7.225464e-02;5.729360e-02;3.707327e-02;6.030351e-02;1.391931e-02;2.200569e-02;5.638769e-02;3.022577e-02;1.683459e-02
2.839131e-02;3.067852e-02;5.914631e-01;5.334728e-02;4.626933e-02;2.428511e-02;8.561221e-02;1.823457e-02;1.535358e-02;6.175314e-02;3.697262e-02;7.639272e-03
2.551253e-02;3.572238e-02;5.899091e-01;4.657545e-02;5.457351e-02;3.046839e-02;8.064996e-02;1.320293e-02;1.069235e-02;6.981388e-02;3.271690e-02;1.016266e-02
1.800632e-02;3.114049e-02;6.103487e-01;4.100708e-02;5.489835e-02;2.806311e-02;8.033721e-02;1.156496e-02;6.796717e-03;7.837004e-02;2.828799e-02;1.117906e-02
2.067721e-02;2.963903e-02;6.275707e-01;4.451995e-02;5.413805e-02;2.167517e-02;6.293778e-02;9.019773e-03;1.230109e-02;8.403812e-02;2.643042e-02;7.052690e-03
1.937235e-02;3.347870e-02;6.261150e-01;4.722690e-02;4.888688e-02;2.355524e-02;5.540046e-02;1.249057e-02;1.664069e-02;8.579479e-02;2.359132e-02;7.447119e-03
2.546448e-02;5.511530e-02;5.721408e-01;4.849709e-02;4.703920e-02;3.335218e-02;5.136492e-02;2.310580e-02;3.134776e-02;7.585339e-02;2.161000e-02;1.510911e-02
3.665297e-02;7.381181e-02;4.731467e-01;3.980845e-02;3.507028e-02;4.398595e-02;1.161890e-01;4.009594e-02;4.755156e-02;5.459387e-02;2.301975e-02;1.607366e-02
5.627254e-02;6.996399e-02;3.339019e-01;2.518871e-02;3.044695e-02;5.141311e-02;2.276895e-01;7.594320e-02;4.981314e-02;4.112799e-02;2.242217e-02;1.581677e-02
8.238363e-02;4.977661e-02;2.309064e-01;2.466081e-02;3.292572e-02;5.447913e-02;2.672490e-01;1.087711e-01;4.864845e-02;5.530606e-02;2.580099e-02;1.909210e-02
9.874555e-02;5.789777e-02;1.439077e-01;3.166456e-02;3.295103e-02;3.934597e-02;2.522447e-01;1.510436e-01;5.138014e-02;8.863389e-02;2.765309e-02;2.453196e-02
1.003071e-01;5.889093e-02;1.043973e-01;2.637067e-02;4.554555e-02;4.492370e-02;2.313502e-01;1.691684e-01;5.386544e-02;1.003800e-01;3.434020e-02;3.046044e-02
6.800935e-02;4.616424e-02;1.656685e-01;2.756024e-02;5.156175e-02;5.495282e-02;2.755176e-01;1.196503e-01;3.195927e-02;7.673915e-02;4.043377e-02;4.178286e-02
7.489166e-02;5.267514e-02;1.567511e-01;3.574862e-02;6.136644e-02;9.102122e-02;2.819183e-01;8.039495e-02;2.745054e-02;6.364340e-02;3.137121e-02;4.276741e-02
5.316234e-02;7.459592e-02;1.946487e-01;4.818745e-02;6.263958e-02;1.090369e-01;2.009923e-01;6.949636e-02;3.208649e-02;8.024091e-02;2.953268e-02;4.538031e-02
6.479394e-02;6.514287e-02;1.890147e-01;4.870493e-02;5.593425e-02;8.522896e-02;2.647051e-01;4.195222e-02;4.371151e-02;7.436417e-02;2.700055e-02;3.944681e-02
8.504070e-02;4.497325e-02;2.019506e-01;3.935968e-02;4.795543e-02;6.021542e-02;2.847578e-01;5.945383e-02;5.262212e-02;5.987376e-02;2.631372e-02;3.748366e-02
8.156765e-02;6.395195e-02;2.186376e-01;4.439618e-02;4.912728e-02;5.662986e-02;2.448173e-01;6.532041e-02;4.886520e-02;6.128646e-02;2.298673e-02;4.241345e-02
6.482175e-02;6.834676e-02;2.302911e-01;5.105617e-02;5.551084e-02;6.558430e-02;2.119265e-01;5.716559e-02;4.524998e-02;7.559542e-02;3.334991e-02;4.110171e-02
1.107357e-01;7.399061e-02;2.021881e-01;3.525500e-02;4.989472e-02;5.221672e-02;2.183127e-01;7.019066e-02;4.405952e-02;7.134660e-02;3.373477e-02;3.807485e-02
7.249781e-02;1.195600e-01;2.856338e-01;3.104974e-02;4.354509e-02;5.009437e-02;1.226612e-01;5.883780e-02;7.208042e-02;7.710737e-02;2.982075e-02;3.711164e-02
9.936358e-02;1.358097e-01;2.761500e-01;2.845591e-02;3.616262e-02;4.437013e-02;9.470177e-02;5.604799e-02;8.751052e-02;7.867381e-02;3.051235e-02;3.224151e-02
9.479275e-02;1.522362e-01;2.865458e-01;2.393604e-02;2.426303e-02;4.649660e-02;8.993115e-02;5.373910e-02;9.049562e-02;9.272084e-02;1.873116e-02;2.611169e-02
8.613721e-02;1.499922e-01;3.495155e-01;2.787819e-02;2.967256e-02;5.156592e-02;4.053026e-02;4.123072e-02;6.988719e-02;9.923847e-02;2.412788e-02;3.022389e-02
7.838792e-02;9.366393e-02;3.825968e-01;4.279989e-02;4.082846e-02;3.741148e-02;9.395643e-02;3.900399e-02;4.199526e-02;8.791996e-02;3.502992e-02;2.640594e-02
9.861363e-02;9.606877e-02;3.418073e-01;5.520653e-02;4.068298e-02;3.062942e-02;1.153474e-01;3.901876e-02;4.455617e-02;6.679052e-02;5.178620e-02;1.949229e-02
1.369951e-01;1.153888e-01;2.088466e-01;5.132157e-02;5.260172e-02;4.655766e-02;1.613515e-01;4.534304e-02;4.401197e-02;5.188106e-02;5.658862e-02;2.911234e-02
1.259185e-01;1.431933e-01;1.883780e-01;4.312815e-02;4.812282e-02;3.848789e-02;1.891630e-01;4.809890e-02;3.719570e-02;5.319291e-02;5.454495e-02;3.057587e-02
1.108615e-01;1.406575e-01;1.875761e-01;4.687473e-02;5.134475e-02;4.746897e-02;2.063480e-01;4.786137e-02;3.053434e-02;4.443079e-02;4.697142e-02;3.907067e-02
1.283112e-01;1.142605e-01;2.145235e-01;4.872360e-02;3.935946e-02;5.018463e-02;1.840367e-01;4.425541e-02;3.512919e-02;5.290161e-02;3.951820e-02;4.879589e-02
7.292209e-02;1.336287e-01;2.635402e-01;4.242667e-02;5.672183e-02;5.077552e-02;1.292549e-01;3.656903e-02;4.035034e-02;6.715133e-02;4.467735e-02;6.198214e-02
1.806575e-01;1.411571e-01;2.013067e-01;4.693712e-02;5.555969e-02;4.237882e-02;6.934384e-02;4.382468e-02;4.009303e-02;7.245800e-02;4.204996e-02;6.423357e-02
1.629562e-01;1.366825e-01;1.545139e-01;6.911693e-02;5.382081e-02;4.145228e-02;9.228370e-02;5.354349e-02;3.954497e-02;7.473920e-02;4.948538e-02;7.186054e-02
1.257879e-01;1.059342e-01;1.758759e-01;5.703982e-02;5.976797e-02;5.874493e-02;1.049947e-01;8.320491e-02;8.662248e-02;5.446453e-02;3.918220e-02;4.838060e-02
9.370963e-02;6.882989e-02;1.832565e-01;7.293908e-02;8.606702e-02;5.968793e-02;1.197720e-01;9.785850e-02;9.244447e-02;3.620080e-02;5.099066e-02;3.824348e-02
1.356285e-01;1.163574e-01;1.010974e-01;6.524588e-02;6.572738e-02;4.303844e-02;1.501846e-01;9.666339e-02;7.223326e-02;4.934461e-02;6.213864e-02;4.234051e-02
1.289457e-01;1.101248e-01;1.468838e-01;7.386024e-02;6.518363e-02;4.900344e-02;1.485654e-01;9.842228e-02;4.866627e-02;3.938329e-02;5.155289e-02;3.940830e-02
1.158889e-01;8.605869e-02;1.683694e-01;8.335167e-02;6.385852e-02;3.721483e-02;1.555141e-01;9.140243e-02;6.720064e-02;5.314610e-02;4.310842e-02;3.488628e-02
8.815902e-02;7.031264e-02;1.319446e-01;6.995232e-02;6.308228e-02;4.172868e-02;1.343770e-01;6.410338e-02;1.202598e-01;1.068622e-01;3.926171e-02;6.995627e-02
1.381850e-01;8.146764e-02;1.905059e-01;5.786835e-02;6.615485e-02;4.361951e-02;1.383545e-01;5.391770e-02;5.317587e-02;6.045270e-02;5.241447e-02;6.388359e-02
1.519693e-01;8.406149e-02;1.805998e-01;6.010079e-02;7.361864e-02;4.177534e-02;1.295509e-01;5.344116e-02;4.089165e-02;4.860436e-02;6.311785e-02;7.226869e-02
1.084289e-01;1.004952e-01;1.526411e-01;8.070386e-02;9.155899e-02;4.113012e-02;1.217715e-01;7.061981e-02;3.171338e-02;3.904564e-02;8.388703e-02;7.800433e-02
5.152787e-02;9.455853e-02;2.015297e-01;7.435047e-02;1.049846e-01;3.820123e-02;1.054051e-01;8.527403e-02;4.819193e-02;3.913296e-02;9.519123e-02;6.165236e-02
4.986589e-02;6.717774e-02;2.532300e-01;7.155353e-02;1.005143e-01;4.251483e-02;5.652681e-02;7.653403e-02;5.135670e-02;6.039862e-02;1.146587e-01;5.566894e-02
7.746053e-02;6.175394e-02;1.944780e-01;6.848142e-02;9.982547e-02;4.709445e-02;1.162982e-01;6.789822e-02;4.075897e-02;6.263109e-02;1.082907e-01;5.502895e-02
9.035651e-02;6.316223e-02;2.068452e-01;5.886833e-02;9.414580e-02;3.567360e-02;1.629864e-01;7.735132e-02;2.922511e-02;6.593874e-02;9.095656e-02;2.449015e-02
7.942835e-02;5.772481e-02;2.294848e-01;3.484447e-02;8.966152e-02;4.421264e-02;1.847822e-01;5.294855e-02;5.144609e-02;7.958796e-02;6.644198e-02;2.943664e-02
6.072335e-02;4.449185e-02;2.264511e-01;5.505872e-02;7.588071e-02;3.846243e-02;1.545176e-01;8.976809e-02;8.377390e-02;9.655797e-02;4.485442e-02;2.945987e-02
6.260941e-02;4.190690e-02;1.473135e-01;7.088285e-02;6.335155e-02;4.330441e-02;1.022133e-01;1.884031e-01;1.658557e-01;7.634682e-02;2.444634e-02;1.336608e-02
3.056089e-02;5.100602e-02;1.038941e-01;5.419708e-02;4.095261e-02;3.242231e-02;6.690212e-02;3.698058e-01;1.542030e-01;6.633996e-02;1.895639e-02;1.075982e-02
1.427632e-02;5.757804e-02;9.243697e-02;4.273660e-02;3.182875e-02;2.084408e-02;1.080433e-01;4.517447e-01;9.596512e-02;5.349630e-02;1.823149e-02;1.281833e-02
4.440530e-02;5.471255e-02;9.824436e-02;3.461558e-02;3.784021e-02;2.676345e-02;1.680638e-01;3.393804e-01;8.641721e-02;7.008023e-02;1.446344e-02;2.501345e-02
3.849373e-02;3.205750e-02;5.195292e-02;2.013074e-02;2.624597e-02;2.988634e-02;1.197944e-01;4.727057e-01;1.131814e-01;5.896725e-02;1.183077e-02;2.475327e-02
1.841982e-02;2.955739e-02;4.291793e-02;1.488569e-02;1.607297e-02;2.164699e-02;5.941362e-02;6.837649e-01;5.111677e-02;4.564679e-02;6.057951e-03;1.049923e-02
2.242340e-02;2.287262e-02;5.561262e-02;1.710076e-02;1.768147e-02;3.096285e-02;4.009945e-02;7.123702e-01;1.827106e-02;3.169775e-02;1.210741e-02;1.880039e-02
3.341775e-02;2.161586e-02;6.371739e-02;3.071402e-02;2.431642e-02;3.812527e-02;3.727863e-02;6.230279e-01;4.001804e-02;4.418195e-02;1.490461e-02;2.868222e-02
4.170972e-02;4.161889e-02;6.145386e-02;3.791678e-02;4.004320e-02;4.591948e-02;9.420922e-02;4.183316e-01;8.031586e-02;8.895735e-02;1.691802e-02;3.260605e-02
8.948864e-02;4.537471e-02;8.421120e-02;3.493022e-02;5.580886e-02;6.343848e-02;1.682975e-01;1.949415e-01;9.490995e-02;9.264837e-02;2.096715e-02;5.498346e-02
5.586388e-02;8.042802e-02;1.918545e-01;5.212764e-02;6.005348e-02;4.112644e-02;1.671191e-01;8.885299e-02;8.780756e-02;7.481435e-02;5.617640e-02;4.377560e-02
8.440963e-02;7.705321e-02;2.520970e-01;5.305777e-02;5.416861e-02;4.015611e-02;1.479035e-01;6.047526e-02;6.356442e-02;8.116931e-02;5.552334e-02;3.042184e-02
9.975594e-02;6.397483e-02;3.234343e-01;5.615667e-02;4.575068e-02;3.237501e-02;1.131236e-01;4.983654e-02;4.625634e-02;8.633221e-02;6.240496e-02;2.059892e-02
8.965260e-02;5.279129e-02;3.765461e-01;5.712336e-02;4.311436e-02;2.871591e-02;9.609282e-02;3.233060e-02;4.156867e-02;9.342053e-02;6.334924e-02;2.529451e-02
4.535503e-02;7.904106e-02;4.473839e-01;4.154082e-02;3.064526e-02;3.212519e-02;7.624368e-02;2.581793e-02;4.937053e-02;1.034336e-01;4.443110e-02;2.461191e-02
1.903284e-02;9.390845e-02;4.927716e-01;2.315979e-02;2.006217e-02;3.806667e-02;5.214064e-02;4.700175e-02;5.673774e-02;1.028054e-01;2.842580e-02;2.588718e-02
2.995187e-02;1.203944e-01;4.276424e-01;2.493588e-02;2.137109e-02;5.296914e-02;5.291520e-02;5.355091e-02;6.152181e-02;9.402984e-02;2.635841e-02;3.435906e-02
6.158581e-02;1.581308e-01;3.459615e-01;2.971586e-02;3.251446e-02;7.434673e-02;5.526010e-02;4.045446e-02;6.647683e-02;8.535212e-02;1.321604e-02;3.698538e-02
7.623993e-02;1.833687e-01;2.951061e-01;4.481539e-02;4.833384e-02;8.562518e-02;5.118596e-02;3.014933e-02;7.108578e-02;7.226117e-02;1.011526e-02;3.171342e-02
7.796516e-02;1.767598e-01;3.018597e-01;5.454081e-02;4.358502e-02;7.738283e-02;5.818652e-02;3.293866e-02;8.015700e-02;5.916857e-02;8.373387e-03;2.908252e-02
7.704528e-02;1.444833e-01;2.818100e-01;5.214579e-02;4.368085e-02;6.384744e-02;1.119945e-01;3.106828e-02;7.999451e-02;5.856058e-02;2.171348e-02;3.365588e-02
9.865361e-02;1.133210e-01;2.160632e-01;4.148158e-02;4.633997e-02;5.931369e-02;1.966279e-01;3.769492e-02;5.945046e-02;5.708024e-02;4.138273e-02;3.259069e-02
1.243554e-01;1.045215e-01;1.328894e-01;2.935545e-02;5.406481e-02;6.532492e-02;2.737291e-01;3.818687e-02;3.368393e-02;4.971265e-02;5.744376e-02;3.673219e-02
7.580867e-02;1.335018e-01;1.222068e-01;3.906969e-02;7.495204e-02;7.201111e-02;2.525308e-01;3.530730e-02;3.949567e-02;5.526162e-02;4.928876e-02;5.056584e-02
1.173933e-01;1.234265e-01;1.606078e-01;4.673850e-02;1.004352e-01;4.823927e-02;1.421426e-01;7.002932e-02;5.928715e-02;4.291540e-02;4.574953e-02;4.303552e-02
1.295459e-01;1.230158e-01;1.188348e-01;6.917524e-02;1.059136e-01;4.907798e-02;1.053865e-01;7.941864e-02;5.614063e-02;6.852642e-02;5.373232e-02;4.123222e-02
1.418987e-01;9.495042e-02;1.563061e-01;6.752025e-02;7.676284e-02;5.356741e-02;6.837858e-02;7.683174e-02;8.108513e-02;9.568994e-02;5.387472e-02;3.313418e-02
1.492456e-01;6.391577e-02;1.275575e-01;3.900737e-02;7.384192e-02;7.583253e-02;1.209657e-01;5.910691e-02;9.159862e-02;9.294938e-02;5.809127e-02;4.788736e-02
1.032164e-01;6.651557e-02;1.776722e-01;6.022650e-02;6.803292e-02;1.012496e-01;1.248992e-01;7.103939e-02;7.720082e-02;7.279185e-02;4.723398e-02;2.992152e-02
8.660461e-02;7.218545e-02;1.480084e-01;7.251660e-02;8.638205e-02;1.151034e-01;1.059345e-01;8.765225e-02;7.620045e-02;6.189561e-02;4.750970e-02;4.000697e-02
8.441599e-02;6.859744e-02;1.129110e-01;7.220563e-02;8.978786e-02;1.446579e-01;9.499847e-02;1.130299e-01;8.095939e-02;5.449862e-02;4.168505e-02;4.225259e-02
1.154490e-01;7.485854e-02;1.468043e-01;5.207090e-02;6.468717e-02;1.161639e-01;1.793108e-01;7.477763e-02;5.293772e-02;5.144503e-02;3.473945e-02;3.675564e-02
1.169728e-01;1.164427e-01;1.965927e-01;4.781112e-02;5.285157e-02;8.638418e-02;1.570689e-01;4.759194e-02;5.691444e-02;4.359927e-02;3.605100e-02;4.171943e-02
1.023039e-01;1.304943e-01;2.669691e-01;3.946156e-02;3.027004e-02;7.489227e-02;1.185164e-01;4.063100e-02;5.730739e-02;5.830560e-02;3.511280e-02;4.573562e-02
6.239006e-02;1.311637e-01;3.271393e-01;3.033082e-02;3.473328e-02;5.707859e-02;1.114352e-01;3.672797e-02;5.286791e-02;7.043792e-02;3.669934e-02;4.899589e-02
1.193032e-01;1.551151e-01;2.539862e-01;3.678516e-02;2.688007e-02;7.224920e-02;1.153737e-01;3.521367e-02;6.207638e-02;5.181491e-02;2.959832e-02;4.160411e-02
1.244119e-01;1.474844e-01;1.939523e-01;3.989393e-02;3.586891e-02;8.453836e-02;1.618962e-01;4.261995e-02;6.354725e-02;4.229634e-02;2.926631e-02;3.422413e-02
9.554167e-02;9.610052e-02;1.850528e-01;3.596891e-02;5.317140e-02;1.039822e-01;2.178819e-01;5.440981e-02;4.830753e-02;3.738646e-02;4.014215e-02;3.205471e-02
4.262129e-02;6.391276e-02;2.847506e-01;3.894341e-02;6.812148e-02;9.780615e-02;1.748025e-01;5.514028e-02;4.867971e-02;6.734028e-02;3.802607e-02;1.985542e-02
4.388537e-02;7.592347e-02;3.917426e-01;6.537533e-02;6.155128e-02;3.788560e-02;1.200074e-01;3.833395e-02;3.127602e-02;7.782494e-02;3.583160e-02;2.036248e-02
2.494461e-02;8.390959e-02;4.276135e-01;7.538160e-02;6.453194e-02;3.717863e-02;8.376285e-02;1.613436e-02;4.133280e-02;7.539868e-02;3.250618e-02;3.730524e-02
4.104090e-02;1.021277e-01;3.687268e-01;7.433683e-02;5.080746e-02;5.799783e-02;7.253027e-02;1.998941e-02;6.599281e-02;6.091113e-02;2.931366e-02;5.622515e-02
6.022509e-02;1.053041e-01;3.116420e-01;7.388616e-02;4.448472e-02;6.524459e-02;8.752343e-02;3.520178e-02;8.938427e-02;3.647801e-02;2.969004e-02;6.093576e-02
4.484966e-02;1.021654e-01;3.599186e-01;8.004344e-02;4.994065e-02;5.943674e-02;6.960434e-02;3.499364e-02;8.079322e-02;3.876535e-02;2.365877e-02;5.583026e-02
4.346704e-02;1.071429e-01;3.898269e-01;8.176403e-02;4.640789e-02;4.132853e-02;3.778180e-02;4.287798e-02;6.976663e-02;4.854399e-02;4.398027e-02;4.711200e-02
6.971035e-02;9.890154e-02;3.422616e-01;6.672586e-02;3.771462e-02;3.140416e-02;8.660195e-02;7.329759e-02;5.935546e-02;4.602383e-02;6.237653e-02;2.562650e-02
6.842042e-02;9.612952e-02;3.490643e-01;5.875546e-02;3.018076e-02;2.552041e-02;8.955291e-02;8.379485e-02;6.140798e-02;4.103352e-02;7.538373e-02;2.075621e-02
6.129770e-02;9.023786e-02;3.447586e-01;5.435853e-02;2.580734e-02;2.021443e-02;1.049462e-01;8.977989e-02;4.125097e-02;5.427029e-02;7.091931e-02;4.215891e-02
6.553270e-02;6.953433e-02;2.712671e-01;3.930839e-02;4.820987e-02;2.840253e-02;1.078291e-01;9.261522e-02;7.927220e-02;7.414129e-02;6.698804e-02;5.689918e-02
7.916742e-02;6.102902e-02;1.731464e-01;3.120080e-02;5.000243e-02;2.975402e-02;1.724614e-01;7.736663e-02;8.557440e-02;9.957339e-02;7.293575e-02;6.778827e-02
8.514991e-02;6.433033e-02;1.782733e-01;4.204240e-02;5.836916e-02;2.413192e-02;1.840202e-01;4.703243e-02;4.753171e-02;1.345503e-01;7.363170e-02;6.093664e-02
5.845617e-02;4.956010e-02;2.047292e-01;6.947026e-02;8.391281e-02;7.336619e-02;1.345313e-01;4.393819e-02;2.820960e-02;1.338890e-01;5.914908e-02;6.078815e-02
2.767385e-02;4.941957e-02;1.951051e-01;6.179832e-02;8.932490e-02;1.245889e-01;1.412636e-01;6.028509e-02;3.607282e-02;8.548716e-02;6.342404e-02;6.555658e-02
3.757416e-02;4.266717e-02;1.712178e-01;4.618945e-02;8.255076e-02;1.017984e-01;2.308479e-01;5.672961e-02;2.965952e-02;8.008833e-02;6.166837e-02;5.900857e-02
5.844703e-02;4.521746e-02;1.482686e-01;4.816744e-02;8.209833e-02;5.923336e-02;2.329548e-01;6.469593e-02;4.329298e-02;1.021462e-01;7.180680e-02;4.367096e-02
7.183355e-02;4.617783e-02;1.863866e-01;3.951639e-02;6.047474e-02;5.450443e-02;2.141040e-01;6.849320e-02;6.721766e-02;9.977834e-02;5.993124e-02;3.158209e-02
6.693140e-02;2.955144e-02;1.188132e-01;7.437118e-02;8.995496e-02;8.754033e-02;1.024527e-01;1.095953e-01;1.220487e-01;1.039618e-01;6.485309e-02;2.992585e-02
1.077407e-01;4.813919e-02;1.547340e-01;8.723209e-02;7.216143e-02;6.404439e-02;9.286488e-02;9.086032e-02;1.080965e-01;7.985261e-02;5.326414e-02;4.100972e-02
1.306162e-01;9.424116e-02;2.016988e-01;9.577131e-02;6.014362e-02;6.354181e-02;9.010125e-02;5.668497e-02;6.826615e-02;5.334265e-02;4.187031e-02;4.372185e-02
1.328422e-01;1.144706e-01;2.165749e-01;1.102153e-01;6.836257e-02;6.755363e-02;8.459149e-02;3.753151e-02;4.701446e-02;3.955090e-02;3.773841e-02;4.355394e-02
1.001248e-01;5.959128e-02;1.924836e-01;1.163838e-01;6.076925e-02;5.953962e-02;1.539076e-01;6.054616e-02;4.882208e-02;5.815230e-02;5.301315e-02;3.666640e-02
7.019778e-02;5.376906e-02;2.809650e-01;1.060307e-01;6.127150e-02;4.316474e-02;1.348657e-01;6.742013e-02;3.635424e-02;6.018671e-02;5.723465e-02;2.853984e-02
8.726356e-02;7.927972e-02;2.732041e-01;1.198644e-01;5.938723e-02;4.778852e-02;9.883359e-02;5.562208e-02;4.942184e-02;5.304646e-02;4.412920e-02;3.215935e-02
8.082992e-02;1.293121e-01;1.838946e-01;1.498896e-01;5.383630e-02;7.773612e-02;7.697873e-02;5.910429e-02;7.797521e-02;4.939476e-02;2.425086e-02;3.679756e-02
9.400473e-02;1.059674e-01;2.218760e-01;1.081757e-01;5.088542e-02;7.677500e-02;1.060858e-01;5.512772e-02;6.515639e-02;3.771157e-02;4.335716e-02;3.487708e-02
1.128381e-01;7.022430e-02;2.862533e-01;8.912662e-02;4.217773e-02;7.591862e-02;1.379512e-01;3.693616e-02;5.729559e-02;4.083190e-02;2.736205e-02;2.308435e-02
7.889237e-02;2.339859e-02;3.248072e-01;6.296227e-02;5.361473e-02;5.877651e-02;2.177400e-01;2.574458e-02;3.213315e-02;6.095689e-02;4.454026e-02;1.643350e-02
4.539641e-02;1.665342e-02;3.739569e-01;5.273242e-02;7.803738e-02;4.503486e-02;1.916637e-01;2.790455e-02;2.166925e-02;5.341673e-02;5.943704e-02;3.409727e-02
2.964129e-02;2.301216e-02;5.061851e-01;4.762170e-02;6.348240e-02;3.860400e-02;8.917193e-02;2.701765e-02;3.105600e-02;7.839642e-02;4.334896e-02;2.246244e-02
4.066352e-02;5.092824e-02;4.882369e-01;4.831647e-02;5.579425e-02;3.636416e-02;9.001287e-02;2.134394e-02;3.590344e-02;7.179150e-02;3.824078e-02;2.240397e-02
7.463786e-02;7.959814e-02;4.108138e-01;5.360115e-02;5.097983e-02;4.936959e-02;9.616141e-02;2.624873e-02;4.547133e-02;5.300619e-02;3.862435e-02;2.148757e-02
7.797335e-02;8.862954e-02;3.706889e-01;6.832194e-02;5.700858e-02;5.244306e-02;9.211627e-02;3.988568e-02;5.255365e-02;3.908015e-02;3.768234e-02;2.361653e-02
9.696947e-02;7.676902e-02;3.593096e-01;5.439635e-02;6.231295e-02;4.019470e-02;1.262268e-01;4.998597e-02;3.995548e-02;3.208021e-02;3.867158e-02;2.312781e-02
8.143201e-02;7.701312e-02;3.853493e-01;2.417673e-02;6.075726e-02;3.835097e-02;1.377163e-01;5.282992e-02;4.461354e-02;3.814520e-02;3.841159e-02;2.120409e-02
7.531594e-02;6.188987e-02;4.163998e-01;4.387695e-02;5.749772e-02;4.349602e-02;1.024049e-01;4.317546e-02;6.027999e-02;5.481429e-02;2.056563e-02;2.028341e-02
6.252044e-02;2.767636e-02;3.293896e-01;3.961154e-02;6.417838e-02;5.233698e-02;2.189970e-01;4.120197e-02;4.219261e-02;6.746284e-02;3.094980e-02;2.348241e-02
5.043314e-02;2.777880e-02;2.568843e-01;4.693028e-02;8.999550e-02;6.758582e-02;2.379953e-01;3.997279e-02;4.577582e-02;7.501283e-02;3.412127e-02;2.751420e-02
5.474902e-02;3.490834e-02;2.239801e-01;5.924160e-02;1.018265e-01;7.921783e-02;1.913211e-01;4.938413e-02;5.497349e-02;8.020744e-02;3.867020e-02;3.152035e-02
4.934289e-02;6.320844e-02;1.990088e-01;5.657646e-02;1.045771e-01;6.281251e-02;1.086676e-01;7.035182e-02;6.554269e-02;1.145459e-01;6.360393e-02;4.176187e-02
3.657218e-02;4.390268e-02;6.610618e-02;3.921372e-02;6.553578e-02;6.933860e-02;2.756364e-01;1.145178e-01;8.838157e-02;1.101074e-01;5.334727e-02;3.734037e-02
3.218604e-02;2.356099e-02;9.656825e-02;3.997199e-02;4.938862e-02;7.342018e-02;3.002532e-01;1.203137e-01;8.542798e-02;8.385827e-02;5.810369e-02;3.694705e-02
4.944573e-02;2.839355e-02;9.328058e-02;3.633726e-02;4.210209e-02;7.162373e-02;3.101743e-01;1.101620e-01;7.131699e-02;8.194892e-02;5.679215e-02;4.842276e-02
6.364820e-02;4.593547e-02;8.094121e-02;2.928050e-02;3.628001e-02;5.296671e-02;2.856487e-01;9.460912e-02;1.294136e-01;7.541735e-02;5.417431e-02;5.168485e-02
4.965610e-02;4.071838e-02;9.286110e-02;3.492231e-02;4.583604e-02;5.405994e-02;2.492310e-01;1.183210e-01;1.218234e-01;9.022959e-02;6.563760e-02;3.670359e-02
4.206823e-02;3.731576e-02;1.188933e-01;3.707488e-02;4.626973e-02;6.026616e-02;2.388546e-01;1.167422e-01;6.879833e-02;1.155051e-01;7.294206e-02;4.526975e-02
6.708249e-02;4.463279e-02;1.221497e-01;3.479189e-02;4.611166e-02;5.012216e-02;2.606387e-01;4.685039e-02;9.787332e-02;1.241280e-01;5.244926e-02;5.316965e-02
7.283732e-02;5.297188e-02;1.059951e-01;3.392257e-02;5.503596e-02;4.311103e-02;2.305560e-01;8.665645e-02;1.185756e-01;9.775492e-02;7.276607e-02;2.981721e-02
7.585053e-02;4.362972e-02;8.686899e-02;4.082590e-02;5.866553e-02;4.644916e-02;1.922599e-01;1.318061e-01;1.119039e-01;7.852327e-02;9.917430e-02;3.404274e-02
1.005535e-01;3.495288e-02;1.305054e-01;5.087787e-02;4.592864e-02;4.429337e-02;1.679353e-01;8.641747e-02;7.962891e-02;1.353091e-01;7.396907e-02;4.962855e-02
7.447455e-02;4.657389e-02;1.216265e-01;4.279948e-02;3.941191e-02;4.140676e-02;1.955920e-01;7.305318e-02;1.083899e-01;1.390429e-01;9.915715e-02;1.847193e-02
6.761559e-02;5.005259e-02;1.041801e-01;3.325422e-02;4.189540e-02;4.261915e-02;2.284277e-01;4.190437e-02;1.386487e-01;1.331527e-01;7.026890e-02;4.798063e-02
6.595668e-02;4.454388e-02;1.018423e-01;3.994044e-02;4.886654e-02;3.681507e-02;2.371319e-01;5.529475e-02;1.015423e-01;1.280402e-01;8.775819e-02;5.226762e-02
6.318111e-02;4.821460e-02;1.214869e-01;3.439390e-02;4.765934e-02;4.366235e-02;2.486057e-01;5.140101e-02;8.592802e-02;1.313540e-01;8.979101e-02;3.432201e-02
5.429137e-02;4.982204e-02;1.014963e-01;3.678872e-02;4.356094e-02;5.859012e-02;1.813280e-01;8.643499e-02;1.216912e-01;1.032107e-01;9.347542e-02;6.931017e-02
7.779652e-02;4.995065e-02;6.045904e-02;3.320369e-02;4.510139e-02;7.800949e-02;1.460778e-01;1.048032e-01;1.482682e-01;8.947661e-02;7.322526e-02;9.362807e-02
5.656256e-02;2.818195e-02;1.161022e-01;2.654370e-02;4.685277e-02;5.437906e-02;2.491472e-01;4.241866e-02;1.332213e-01;1.080343e-01;7.197632e-02;6.658003e-02
3.419707e-02;3.179829e-02;1.473354e-01;3.385706e-02;7.009955e-02;4.632021e-02;2.588544e-01;6.944588e-02;1.134148e-01;9.398849e-02;4.903199e-02;5.165687e-02
3.115300e-02;3.674021e-02;2.082579e-01;4.770903e-02;7.671222e-02;7.131691e-02;1.925103e-01;7.093863e-02;8.867066e-02;9.747407e-02;3.618329e-02;4.233375e-02
4.538358e-02;3.045454e-02;3.017256e-01;4.794385e-02;8.956087e-02;7.592629e-02;1.534060e-01;2.898802e-02;3.403514e-02;8.930832e-02;6.213980e-02;4.112803e-02
4.773885e-02;2.494380e-02;3.230629e-01;4.287981e-02;7.724563e-02;5.395915e-02;1.865578e-01;3.446378e-02;3.900943e-02;7.873663e-02;5.454710e-02;3.685513e-02
4.302583e-02;3.472440e-02;3.482423e-01;5.651231e-02;7.358309e-02;3.824344e-02;1.725539e-01;3.315398e-02;3.699990e-02;7.733333e-02;5.793424e-02;2.769318e-02
4.790322e-02;5.523195e-02;2.582934e-01;8.933579e-02;6.897541e-02;4.615504e-02;1.113098e-01;6.161411e-02;6.481043e-02;9.097689e-02;6.757384e-02;3.782012e-02
4.529156e-02;7.106792e-02;2.044677e-01;1.036256e-01;8.777434e-02;4.917961e-02;9.228750e-02;6.832979e-02;7.378464e-02;8.908175e-02;7.057836e-02;4.453126e-02
6.294340e-02;9.195305e-02;1.949249e-01;1.018684e-01;9.106644e-02;5.794022e-02;9.033851e-02;5.460051e-02;6.152216e-02;7.868339e-02;6.044658e-02;5.371246e-02
9.542038e-02;1.209753e-01;2.009466e-01;8.643002e-02;8.067338e-02;9.683797e-02;7.565241e-02;3.395182e-02;4.566963e-02;5.362098e-02;4.425954e-02;6.556198e-02
3.380314e-02;1.362060e-01;1.675591e-01;7.118526e-02;6.793077e-02;1.127349e-01;1.275760e-01;5.223051e-02;5.038531e-02;8.156808e-02;4.272207e-02;5.609889e-02
1.099382e-01;1.364158e-01;1.829243e-01;6.023248e-02;5.398310e-02;7.247795e-02;9.991799e-02;6.545365e-02;3.825724e-02;9.056892e-02;3.601785e-02;5.381250e-02
