5.034795e-02;8.679248e-02;1.443332e-01;6.529605e-02;7.724710e-02;7.754016e-02;8.339562e-02;8.940277e-02;1.234633e-01;6.428499e-02;8.539242e-02;5.250399e-02
5.879634e-02;7.719754e-02;1.129248e-01;4.810543e-02;5.762537e-02;7.821555e-02;1.531484e-01;1.253209e-01;1.210167e-01;5.748943e-02;6.217874e-02;4.798077e-02
5.020332e-02;8.884336e-02;1.008546e-01;6.071840e-02;5.803794e-02;7.235637e-02;1.970403e-01;1.042782e-01;1.120532e-01;7.513060e-02;3.703801e-02;4.344580e-02
4.035726e-02;9.707254e-02;1.151788e-01;5.353082e-02;5.374188e-02;7.846205e-02;2.027024e-01;9.844071e-02;9.260505e-02;8.836016e-02;3.748583e-02;4.206254e-02
5.303679e-02;8.797483e-02;1.286694e-01;6.260718e-02;6.568845e-02;6.473746e-02;1.514207e-01;8.641175e-02;1.001047e-01;1.041211e-01;4.876605e-02;4.646149e-02
5.678811e-02;5.831642e-02;1.022702e-01;5.681740e-02;5.578697e-02;4.748062e-02;1.169217e-01;1.336408e-01;1.571399e-01;1.144650e-01;4.852268e-02;5.185027e-02
7.336458e-02;5.348627e-02;7.895855e-02;3.909809e-02;4.966587e-02;5.004471e-02;1.637750e-01;1.454184e-01;1.180006e-01;1.048087e-01;6.379670e-02;5.958255e-02
8.304887e-02;8.848600e-02;9.655358e-02;5.895036e-02;5.601976e-02;5.204009e-02;1.744528e-01;1.080621e-01;8.099300e-02;9.758215e-02;5.085504e-02;5.295621e-02
8.531694e-02;9.655548e-02;1.564993e-01;6.592730e-02;4.142457e-02;3.861522e-02;1.473303e-01;5.143531e-02;1.341409e-01;8.782072e-02;4.783562e-02;4.709839e-02
6.514038e-02;5.928419e-02;1.252185e-01;4.416044e-02;5.798443e-02;3.809205e-02;2.170565e-01;6.641185e-02;1.571790e-01;9.023996e-02;5.064530e-02;2.858747e-02
3.987952e-02;3.932845e-02;1.369257e-01;4.226818e-02;6.888030e-02;5.033786e-02;2.463328e-01;7.125930e-02;1.401333e-01;7.157451e-02;6.233565e-02;3.074443e-02
4.409292e-02;6.734781e-02;1.463368e-01;6.889687e-02;1.020214e-01;6.557981e-02;1.759141e-01;3.606262e-02;1.244159e-01;6.169574e-02;5.941999e-02;4.821610e-02
8.732640e-02;1.258927e-01;3.393555e-01;8.272278e-02;6.487722e-02;5.554096e-02;6.606925e-02;4.061408e-02;6.550640e-02;2.638793e-02;1.660045e-02;2.910639e-02
9.673139e-02;2.084251e-01;4.027033e-01;4.988397e-02;3.429729e-02;3.209526e-02;5.021732e-02;2.526888e-02;4.794909e-02;2.598948e-02;8.267087e-03;1.817177e-02
1.025825e-01;2.856219e-01;3.883259e-01;3.196551e-02;1.698181e-02;2.172600e-02;2.770568e-02;1.851723e-02;6.658933e-02;1.995660e-02;6.398899e-03;1.362874e-02
9.083173e-02;3.598062e-01;3.356259e-01;2.134121e-02;1.109018e-02;2.401133e-02;1.376511e-02;1.139120e-02;1.045634e-01;1.406994e-02;4.750079e-03;8.753685e-03
8.783018e-02;4.114126e-01;2.719786e-01;1.338132e-02;5.116770e-03;2.653981e-02;1.217914e-02;3.596127e-03;1.483870e-01;9.099454e-03;3.342401e-03;7.136683e-03
9.190421e-02;4.230728e-01;2.302295e-01;1.144639e-02;5.220528e-03;3.028540e-02;5.895743e-03;5.586288e-03;1.794778e-01;6.231128e-03;2.904292e-03;7.745849e-03
8.442462e-02;4.246890e-01;2.017256e-01;1.154055e-02;5.119706e-03;3.395696e-02;8.475794e-03;4.490013e-03;2.068244e-01;8.923404e-03;1.778982e-03;8.050927e-03
8.024834e-02;4.167648e-01;1.868621e-01;1.045515e-02;5.472617e-03;3.789680e-02;6.790026e-03;3.914876e-03;2.326001e-01;1.089429e-02;1.282819e-03;6.818189e-03
8.430298e-02;3.981290e-01;1.817348e-01;1.288130e-02;3.184149e-03;4.107629e-02;4.154958e-03;5.905733e-03;2.472756e-01;1.244638e-02;1.400103e-03;7.508638e-03
8.631573e-02;3.762767e-01;2.027993e-01;1.356852e-02;2.839508e-03;4.345077e-02;3.237909e-03;3.860035e-03;2.427696e-01;1.098797e-02;3.945817e-03;9.948230e-03
1.049146e-01;3.590685e-01;2.101119e-01;1.181482e-02;3.933012e-03;4.494255e-02;6.902109e-03;6.649772e-03;2.262576e-01;1.213599e-02;3.214464e-03;1.005467e-02
1.397852e-01;3.499786e-01;2.034237e-01;1.287039e-02;5.746561e-03;4.834225e-02;4.255839e-03;7.723494e-03;2.009106e-01;1.263906e-02;2.519822e-03;1.180453e-02
1.730968e-01;3.271503e-01;2.129739e-01;1.436051e-02;6.230601e-03;4.264034e-02;1.188968e-02;1.006000e-02;1.690720e-01;7.379880e-03;5.044216e-03;2.010168e-02
1.573153e-01;2.823326e-01;2.774487e-01;2.128689e-02;7.177576e-03;3.623215e-02;1.717278e-02;1.613541e-02;1.403493e-01;9.590391e-03;5.177944e-03;2.978090e-02
1.094312e-01;2.732616e-01;3.445030e-01;2.026551e-02;8.241605e-03;4.914469e-02;1.547780e-02;1.667257e-02;1.165161e-01;1.219485e-02;4.148438e-03;3.014270e-02
6.740898e-02;2.464433e-01;4.264922e-01;2.440873e-02;5.324862e-03;5.544698e-02;1.749296e-02;1.257413e-02;1.041127e-01;1.598257e-02;2.651266e-03;2.166147e-02
5.749849e-02;2.158811e-01;4.234411e-01;2.966214e-02;9.824742e-03;4.661762e-02;2.360925e-02;1.677304e-02;1.422458e-01;1.413418e-02;5.093234e-03;1.521924e-02
1.251811e-01;1.807372e-01;3.457997e-01;2.328051e-02;1.407758e-02;4.162174e-02;4.754229e-02;3.049531e-02;1.518974e-01;7.691075e-03;8.382745e-03;2.329348e-02
2.022998e-01;1.794945e-01;2.049427e-01;1.371965e-02;1.752337e-02;6.013185e-02;7.432023e-02;6.008609e-02;1.253895e-01;1.508462e-02;1.593896e-02;3.106885e-02
1.937460e-01;1.618370e-01;1.006809e-01;2.007650e-02;2.100197e-02;8.727377e-02;1.021430e-01;8.806085e-02;1.331303e-01;1.711243e-02;3.106460e-02;4.387280e-02
6.968146e-02;1.435722e-01;2.024741e-01;2.725842e-02;2.542318e-02;1.032032e-01;1.265221e-01;4.937984e-02;1.220528e-01;2.648105e-02;4.674265e-02;5.720887e-02
4.301675e-02;1.716822e-01;2.449703e-01;2.574577e-02;2.265339e-02;7.794249e-02;1.422311e-01;3.724718e-02;8.218123e-02;3.152896e-02;4.492394e-02;7.587676e-02
1.783923e-01;1.700851e-01;2.052302e-01;2.361101e-02;3.401799e-02;3.605912e-02;1.158965e-01;4.368606e-02;4.810712e-02;3.379239e-02;3.294858e-02;7.817364e-02
2.939608e-01;1.855927e-01;1.711340e-01;2.038494e-02;3.626131e-02;1.561886e-02;7.017820e-02;5.442704e-02;4.700152e-02;2.832747e-02;2.409166e-02;5.302151e-02
3.261644e-01;2.436206e-01;1.327357e-01;2.506408e-02;3.479639e-02;1.230529e-02;5.678592e-02;4.012562e-02;5.900960e-02;2.486982e-02;1.711421e-02;2.740846e-02
2.679649e-01;3.122414e-01;1.090584e-01;4.803643e-02;2.012907e-02;1.950222e-02;3.895011e-02;2.151114e-02;1.208927e-01;2.334167e-02;9.128562e-03;9.243340e-03
1.735781e-01;3.300534e-01;1.172472e-01;6.707800e-02;9.837350e-03;4.071021e-02;2.028410e-02;1.261850e-02;1.961323e-01;1.421592e-02;6.810162e-03;1.143478e-02
1.271225e-01;3.220029e-01;1.532715e-01;6.191283e-02;7.972948e-03;6.075378e-02;1.335895e-02;1.950341e-02;2.055557e-01;1.227037e-02;3.968290e-03;1.230675e-02
1.124984e-01;2.962381e-01;2.525089e-01;3.374324e-02;8.306498e-03;5.155745e-02;1.618863e-02;4.456815e-02;1.384413e-01;2.212790e-02;4.548780e-03;1.927276e-02
7.816087e-02;2.391556e-01;4.071869e-01;1.613298e-02;3.399311e-02;2.841031e-02;9.511366e-03;5.548152e-02;7.149915e-02;3.922385e-02;4.121854e-03;1.712247e-02
2.540124e-02;1.480006e-01;5.167964e-01;1.874087e-02;9.855689e-02;1.162417e-02;2.402614e-02;3.447335e-02;3.757299e-02;7.254951e-02;3.569801e-03;8.688045e-03
2.566647e-02;9.534265e-02;5.114945e-01;2.942999e-02;1.351079e-01;9.941298e-03;5.022535e-02;1.176884e-02;3.234197e-02;8.847953e-02;3.309755e-03;6.891698e-03
3.297918e-02;6.225883e-02;4.801302e-01;5.210590e-02;1.147361e-01;1.510673e-02;6.912185e-02;1.214153e-02;7.435243e-02;7.202727e-02;8.590432e-03;6.449562e-03
3.862902e-02;4.383669e-02;3.767074e-01;1.334629e-01;7.907575e-02;5.334006e-02;5.975740e-02;1.945389e-02;1.313976e-01;3.809183e-02;2.136266e-02;4.884736e-03
2.832930e-02;4.388626e-02;2.113218e-01;2.663463e-01;8.535825e-02;1.234368e-01;2.495875e-02;4.813802e-02;9.860655e-02;1.707237e-02;4.595196e-02;6.593574e-03
9.844627e-03;4.012895e-02;1.884807e-01;3.349599e-01;1.068485e-01;1.221262e-01;1.215003e-02;8.158776e-02;3.032501e-02;1.901547e-02;4.850634e-02;6.026439e-03
8.243045e-03;6.268746e-02;1.044245e-01;3.930457e-01;1.413349e-01;7.312806e-02;1.593396e-02;9.488800e-02;2.717118e-02;2.101067e-02;5.034022e-02;7.792290e-03
1.342790e-02;6.007573e-02;2.029997e-01;3.740272e-01;1.400681e-01;3.748322e-02;9.324641e-03;7.560751e-02;2.110953e-02;2.329617e-02;3.715455e-02;5.425685e-03
1.687216e-02;6.897225e-02;1.991372e-01;3.665187e-01;1.249345e-01;4.602475e-02;1.482008e-02;7.557762e-02;1.552733e-02;2.880128e-02;3.671087e-02;6.103285e-03
1.811569e-02;7.648268e-02;1.130506e-01;4.174849e-01;1.053930e-01;6.645842e-02;1.070830e-02;9.480838e-02;1.368492e-02;2.619976e-02;5.140768e-02;6.205635e-03
1.366950e-02;4.633233e-02;1.688512e-01;4.128408e-01;7.730383e-02;7.820862e-02;1.656727e-02;8.512140e-02;1.770245e-02;1.772813e-02;6.131977e-02;4.354735e-03
8.241236e-03;2.160639e-02;2.119604e-01;4.032141e-01;5.092923e-02;9.821118e-02;1.411456e-02;6.419971e-02;2.090895e-02;2.235766e-02;8.009430e-02;4.162265e-03
6.555922e-03;2.195491e-02;2.999024e-01;3.500924e-01;4.942294e-02;8.663707e-02;1.616940e-02;3.113616e-02;1.838531e-02;1.905986e-02;9.254976e-02;8.133826e-03
2.670175e-02;5.077976e-02;3.149428e-01;2.728624e-01;7.113799e-02;5.867564e-02;3.015275e-02;4.449357e-02;1.909580e-02;2.064460e-02;7.773983e-02;1.277313e-02
4.394986e-02;8.601838e-02;2.132282e-01;2.706984e-01;9.795763e-02;4.390446e-02;6.043213e-02;5.610115e-02;2.504660e-02;2.199158e-02;7.067276e-02;9.998805e-03
2.455654e-02;1.051011e-01;2.450392e-01;2.429995e-01;9.352284e-02;4.858005e-02;6.660742e-02;5.205857e-02;2.369420e-02;2.349560e-02;6.550825e-02;8.836714e-03
3.789980e-02;1.171432e-01;2.974551e-01;1.837495e-01;8.390306e-02;6.977264e-02;4.455731e-02;5.024638e-02;2.184689e-02;2.493052e-02;6.063714e-02;7.858492e-03
6.019383e-02;1.422832e-01;3.034287e-01;1.414723e-01;8.537348e-02;6.398415e-02;2.894037e-02;4.901579e-02;3.754411e-02;2.270839e-02;4.814479e-02;1.691090e-02
4.395796e-02;1.702816e-01;3.746383e-01;1.376063e-01;6.623397e-02;3.226288e-02;1.263845e-02;5.179470e-02;3.906653e-02;1.858711e-02;3.212543e-02;2.080683e-02
6.801783e-02;2.122099e-01;3.535233e-01;1.263848e-01;5.494000e-02;2.192566e-02;1.348790e-02;4.043985e-02;5.040216e-02;1.454894e-02;2.494203e-02;1.917764e-02
1.479443e-01;2.497189e-01;3.067476e-01;1.065125e-01;4.053563e-02;1.440437e-02;1.481842e-02;2.200952e-02;4.992836e-02;1.418236e-02;1.987297e-02;1.332504e-02
2.543263e-01;2.436496e-01;2.116153e-01;1.041980e-01;3.863400e-02;1.652095e-02;1.361877e-02;2.426521e-02;2.922205e-02;2.404997e-02;2.041986e-02;1.947999e-02
3.032527e-01;1.703146e-01;1.989709e-01;1.155226e-01;3.891719e-02;2.182318e-02;2.371446e-02;2.459088e-02;1.624816e-02;2.259094e-02;2.957094e-02;3.448347e-02
2.584957e-01;1.181489e-01;1.482104e-01;1.496026e-01;4.664312e-02;3.229746e-02;3.476433e-02;4.378734e-02;3.094048e-02;2.872250e-02;5.542545e-02;5.296182e-02
9.229353e-02;1.072880e-01;1.746690e-01;1.727653e-01;4.841406e-02;4.007665e-02;5.996506e-02;7.520392e-02;4.984260e-02;5.059353e-02;7.383034e-02;5.505801e-02
1.382243e-01;9.621005e-02;1.998891e-01;1.674794e-01;5.799319e-02;4.150594e-02;6.830800e-02;6.226833e-02;3.890839e-02;3.521726e-02;5.873166e-02;3.526432e-02
1.714120e-01;1.121423e-01;1.994725e-01;1.667481e-01;6.784473e-02;4.133390e-02;5.229458e-02;4.321901e-02;2.989233e-02;3.449979e-02;4.434965e-02;3.679108e-02
1.532871e-01;1.026407e-01;2.343685e-01;1.840675e-01;6.356405e-02;2.978471e-02;4.926324e-02;5.359126e-02;2.857448e-02;3.390167e-02;4.688148e-02;2.007531e-02
1.091233e-01;3.524505e-02;2.656388e-01;1.988572e-01;5.909742e-02;4.293014e-02;7.811828e-02;5.850580e-02;3.340919e-02;3.367659e-02;6.574263e-02;1.965550e-02
8.091900e-02;8.202121e-02;2.591427e-01;1.610730e-01;7.448786e-02;3.213843e-02;1.017101e-01;4.629814e-02;3.221615e-02;3.153232e-02;7.442408e-02;2.403710e-02
9.200530e-02;8.932983e-02;2.516165e-01;1.710864e-01;7.085354e-02;2.913159e-02;9.784384e-02;2.817570e-02;2.115961e-02;4.357380e-02;7.448403e-02;3.073984e-02
1.701422e-01;4.487529e-02;1.740772e-01;2.070722e-01;5.768095e-02;4.223800e-02;7.602327e-02;3.879210e-02;2.990426e-02;5.070218e-02;6.452323e-02;4.396897e-02
2.321468e-01;8.020157e-02;1.491819e-01;1.544570e-01;6.186291e-02;2.983892e-02;6.592635e-02;3.937500e-02;3.384667e-02;4.939628e-02;5.178697e-02;5.197963e-02
2.249102e-01;9.884271e-02;2.143134e-01;8.232357e-02;5.647623e-02;3.491968e-02;6.897489e-02;2.343008e-02;3.475558e-02;5.007425e-02;5.206276e-02;5.891672e-02
1.198203e-01;1.176258e-01;2.603374e-01;1.044664e-01;4.812209e-02;3.918198e-02;7.951123e-02;3.270036e-02;3.611740e-02;4.673292e-02;5.518286e-02;6.020130e-02
7.055628e-02;9.287615e-02;2.781946e-01;1.378644e-01;4.672760e-02;3.205412e-02;8.390002e-02;4.744280e-02;4.010464e-02;5.464365e-02;6.218656e-02;5.344916e-02
1.005326e-01;8.882017e-02;2.414774e-01;1.447701e-01;4.428551e-02;5.642521e-02;8.694324e-02;5.965939e-02;4.446075e-02;5.154867e-02;4.566959e-02;3.540732e-02
1.139133e-01;8.899003e-02;2.587777e-01;1.328660e-01;5.889109e-02;7.245832e-02;8.801464e-02;4.693409e-02;4.037166e-02;4.793602e-02;2.359205e-02;2.725510e-02
1.372178e-01;1.089108e-01;2.114325e-01;1.290595e-01;5.722982e-02;6.974056e-02;5.861780e-02;4.429970e-02;5.493809e-02;5.755110e-02;3.462007e-02;3.638228e-02
1.382584e-01;1.260920e-01;1.669744e-01;1.078830e-01;5.328336e-02;6.708233e-02;8.232366e-02;5.517285e-02;6.632649e-02;5.052683e-02;4.269214e-02;4.338453e-02
1.065476e-01;1.193644e-01;1.482896e-01;9.609820e-02;6.424204e-02;6.921197e-02;1.177733e-01;6.376503e-02;7.315382e-02;6.613525e-02;3.422600e-02;4.119295e-02
1.360367e-01;8.555904e-02;1.984490e-01;1.248442e-01;7.421904e-02;6.994952e-02;8.030817e-02;2.780740e-02;7.327975e-02;5.797452e-02;3.475363e-02;3.681897e-02
1.676256e-01;1.083593e-01;1.972134e-01;1.142870e-01;6.110225e-02;5.531378e-02;5.977941e-02;4.433522e-02;7.532360e-02;4.221522e-02;3.262007e-02;4.182516e-02
2.059483e-01;1.398397e-01;1.128771e-01;1.008085e-01;6.378301e-02;4.736628e-02;5.657428e-02;6.371101e-02;9.491429e-02;3.309799e-02;3.537260e-02;4.570692e-02
1.766623e-01;1.242280e-01;1.124336e-01;1.090779e-01;5.215278e-02;6.708691e-02;5.855003e-02;6.178678e-02;1.059667e-01;4.100520e-02;5.242297e-02;3.862695e-02
1.032884e-01;1.015739e-01;1.447469e-01;1.074952e-01;4.249675e-02;9.047683e-02;8.317351e-02;6.006332e-02;1.211839e-01;4.967783e-02;4.919435e-02;4.662903e-02
7.636917e-02;1.056159e-01;1.683902e-01;1.009353e-01;6.886609e-02;7.110222e-02;1.279032e-01;3.620191e-02;9.649093e-02;5.071294e-02;5.902539e-02;3.838680e-02
8.022808e-02;1.007719e-01;1.662512e-01;9.614025e-02;8.686224e-02;4.509189e-02;1.530867e-01;4.331070e-02;8.473028e-02;5.529328e-02;6.665522e-02;2.157819e-02
8.626384e-02;6.210675e-02;2.129414e-01;8.137630e-02;1.025770e-01;5.414517e-02;1.156411e-01;6.501388e-02;5.844480e-02;4.788252e-02;6.031524e-02;5.329208e-02
7.660100e-02;6.446313e-02;2.392835e-01;6.360093e-02;7.381387e-02;7.059001e-02;1.490054e-01;5.399523e-02;6.024845e-02;5.109099e-02;3.688625e-02;6.042125e-02
7.739517e-02;1.124880e-01;2.427178e-01;4.554459e-02;4.294327e-02;6.215535e-02;1.279495e-01;3.330028e-02;1.126958e-01;5.713278e-02;2.654405e-02;5.913346e-02
9.173261e-02;1.802290e-01;2.173562e-01;3.116763e-02;1.594856e-02;4.493668e-02;8.402757e-02;2.305026e-02;1.833497e-01;5.179062e-02;1.934651e-02;5.706465e-02
1.396454e-01;2.295028e-01;1.708549e-01;2.156321e-02;2.156811e-02;2.931031e-02;3.807033e-02;3.562707e-02;2.318218e-01;2.830663e-02;1.555495e-02;3.817452e-02
2.054630e-01;2.232325e-01;1.301565e-01;1.585493e-02;2.645446e-02;1.769966e-02;3.927313e-02;6.188421e-02;2.202438e-01;2.478581e-02;1.638823e-02;1.856376e-02
2.562191e-01;2.169316e-01;9.831801e-02;1.470600e-02;3.165344e-02;1.148171e-02;6.619286e-02;9.051307e-02;1.534468e-01;2.248171e-02;1.229182e-02;2.576398e-02
2.882111e-01;2.425223e-01;1.017347e-01;1.490519e-02;3.293179e-02;1.645554e-02;9.298758e-02;7.571151e-02;6.782661e-02;2.486024e-02;1.503471e-02;2.681870e-02
2.573998e-01;2.372611e-01;8.299683e-02;1.320977e-02;2.862884e-02;1.740736e-02;7.020041e-02;5.308251e-02;1.746511e-01;2.169202e-02;1.864297e-02;2.482731e-02
2.448400e-01;2.435423e-01;8.414689e-02;1.585449e-02;2.283703e-02;1.402540e-02;4.237701e-02;5.655071e-02;2.162708e-01;2.471998e-02;1.152309e-02;2.331236e-02
2.233501e-01;2.795708e-01;1.106585e-01;3.479459e-02;1.175404e-02;2.042409e-02;2.331972e-02;3.830690e-02;2.137103e-01;2.024131e-02;1.088467e-02;1.298498e-02
1.851429e-01;2.970831e-01;1.229464e-01;5.402036e-02;1.347080e-02;4.278717e-02;1.651053e-02;2.066534e-02;2.201949e-01;1.428007e-02;6.303072e-03;6.595305e-03
1.628603e-01;2.946219e-01;1.284587e-01;5.111885e-02;1.602827e-02;6.287558e-02;1.773482e-02;1.729121e-02;2.219076e-01;1.356473e-02;8.420398e-03;5.117507e-03
1.654216e-01;2.798110e-01;2.013747e-01;2.725144e-02;1.823450e-02;6.160074e-02;2.632514e-02;2.409397e-02;1.699930e-01;1.268883e-02;5.609369e-03;7.595797e-03
1.694806e-01;2.746314e-01;2.550702e-01;1.811737e-02;2.400362e-02;4.480926e-02;3.471749e-02;3.703945e-02;1.123282e-01;1.798171e-02;6.356251e-03;5.464262e-03
1.855447e-01;2.563338e-01;2.654703e-01;2.291643e-02;1.932288e-02;2.616506e-02;2.425639e-02;3.540202e-02;1.181805e-01;1.966066e-02;1.289458e-02;1.385266e-02
1.865576e-01;2.023574e-01;2.353960e-01;3.779360e-02;2.055202e-02;3.310598e-02;3.509442e-02;3.721503e-02;1.414978e-01;1.702685e-02;2.562755e-02;2.777574e-02
1.337587e-01;1.851050e-01;1.681449e-01;4.897359e-02;2.839567e-02;5.255451e-02;4.945026e-02;5.836657e-02;1.602514e-01;2.271084e-02;4.446114e-02;4.782750e-02
1.281636e-01;2.239085e-01;1.590123e-01;4.383736e-02;1.976781e-02;5.531699e-02;7.059152e-02;4.754935e-02;1.196129e-01;4.371787e-02;4.280550e-02;4.571629e-02
1.556379e-01;1.945176e-01;1.673785e-01;5.128029e-02;2.997463e-02;5.492210e-02;5.595249e-02;6.784601e-02;1.102826e-01;6.334219e-02;2.251345e-02;2.635236e-02
1.512553e-01;1.232449e-01;1.660737e-01;6.356931e-02;4.736278e-02;6.815979e-02;4.046202e-02;4.949456e-02;1.500050e-01;9.848913e-02;1.923303e-02;2.265051e-02
1.156235e-01;8.048463e-02;1.780736e-01;6.866904e-02;5.839859e-02;8.520056e-02;5.920861e-02;4.261822e-02;1.822243e-01;7.911523e-02;1.782831e-02;3.255549e-02
9.359372e-02;8.185766e-02;1.982810e-01;5.952774e-02;5.665158e-02;6.997851e-02;8.341116e-02;5.554522e-02;1.937269e-01;4.908168e-02;2.507039e-02;3.327440e-02
8.500199e-02;1.260131e-01;2.282375e-01;4.398771e-02;4.771442e-02;3.845945e-02;7.881523e-02;4.464636e-02;1.940333e-01;5.028883e-02;3.074695e-02;3.205514e-02
6.755850e-02;1.397438e-01;2.197816e-01;3.307868e-02;4.309088e-02;4.484071e-02;6.278512e-02;4.540127e-02;2.159857e-01;5.979434e-02;3.625470e-02;3.168468e-02
5.619570e-02;1.241309e-01;2.204257e-01;5.888399e-02;3.972061e-02;7.561424e-02;4.512795e-02;5.069847e-02;2.097217e-01;6.335274e-02;2.526151e-02;3.086644e-02
5.585837e-02;8.974355e-02;2.195521e-01;1.159288e-01;4.552333e-02;7.911190e-02;5.510366e-02;5.164022e-02;1.895206e-01;4.520982e-02;2.279795e-02;3.000973e-02
4.864292e-02;1.046524e-01;2.101673e-01;1.519792e-01;3.862889e-02;6.308416e-02;7.925331e-02;4.527086e-02;1.717237e-01;3.889663e-02;2.861116e-02;1.908941e-02
7.302436e-02;1.515820e-01;2.070378e-01;9.077813e-02;4.252645e-02;5.694415e-02;9.554557e-02;6.291602e-02;1.169275e-01;4.926792e-02;2.176489e-02;3.168521e-02
1.008689e-01;1.606216e-01;2.378160e-01;5.224814e-02;3.987109e-02;4.986054e-02;9.488542e-02;5.209909e-02;9.199490e-02;4.449097e-02;2.405696e-02;5.118646e-02
7.782628e-02;1.277547e-01;1.855454e-01;8.969928e-02;3.843724e-02;7.130829e-02;8.592372e-02;7.417476e-02;1.234576e-01;4.605192e-02;4.428144e-02;3.553944e-02
5.955942e-02;1.112057e-01;8.640642e-02;9.891460e-02;4.855182e-02;9.989066e-02;7.510333e-02;6.428719e-02;1.876695e-01;6.113724e-02;5.935097e-02;4.792318e-02
8.473373e-02;9.416917e-02;1.411543e-01;7.480454e-02;5.371927e-02;7.638305e-02;8.980513e-02;6.747924e-02;1.667372e-01;5.973411e-02;4.251225e-02;4.876802e-02
1.059285e-01;8.323524e-02;1.678158e-01;8.850788e-02;4.206078e-02;6.104789e-02;7.718730e-02;7.071977e-02;1.359319e-01;6.841265e-02;4.352716e-02;5.562515e-02
1.084094e-01;8.089445e-02;1.489009e-01;9.527410e-02;3.831750e-02;5.951118e-02;6.097895e-02;6.428553e-02;1.724799e-01;5.887326e-02;5.842987e-02;5.364494e-02
5.446037e-02;7.687696e-02;1.650032e-01;7.832098e-02;4.624776e-02;5.915461e-02;7.505735e-02;4.536175e-02;2.183754e-01;6.251927e-02;8.190835e-02;3.671410e-02
7.412352e-02;9.051485e-02;1.753197e-01;7.672159e-02;3.312274e-02;4.191611e-02;6.756561e-02;5.575596e-02;1.966205e-01;7.001750e-02;7.578846e-02;4.253346e-02
1.129344e-01;1.219446e-01;1.388315e-01;7.337076e-02;6.757201e-02;5.886008e-02;5.757073e-02;7.761972e-02;1.596777e-01;5.116161e-02;4.398164e-02;3.647527e-02
1.051044e-01;1.146629e-01;1.581724e-01;7.885323e-02;8.775707e-02;8.571765e-02;9.055136e-02;5.551083e-02;1.136964e-01;5.266329e-02;3.176107e-02;2.554927e-02
4.208313e-02;9.507939e-02;2.827948e-01;8.673517e-02;7.681837e-02;6.474304e-02;5.652485e-02;3.765120e-02;9.388848e-02;8.907323e-02;4.359933e-02;3.100904e-02
4.380697e-02;1.041421e-01;2.945625e-01;6.278574e-02;5.314380e-02;5.008708e-02;5.545516e-02;2.420934e-02;1.361843e-01;1.201928e-01;3.506010e-02;2.037003e-02
5.241361e-02;1.491662e-01;2.218177e-01;3.202694e-02;2.976145e-02;4.917137e-02;3.678691e-02;1.552721e-02;2.599148e-01;1.216623e-01;1.994042e-02;1.181111e-02
7.657500e-02;1.675125e-01;1.273926e-01;1.512345e-02;3.426018e-02;3.832930e-02;2.227987e-02;3.222882e-02;3.482616e-01;1.066818e-01;2.143191e-02;9.923036e-03
1.486139e-01;1.345178e-01;8.390369e-02;1.126307e-02;8.350265e-02;2.048560e-02;2.213960e-02;8.903577e-02;2.897913e-01;7.302397e-02;3.195249e-02;1.177024e-02
2.570164e-01;7.005973e-02;6.079688e-02;1.537091e-02;1.329721e-01;1.059991e-02;2.007750e-02;1.647800e-01;1.713903e-01;4.673697e-02;3.437103e-02;1.582834e-02
3.020137e-01;3.337158e-02;4.062250e-02;2.824844e-02;1.137833e-01;1.216425e-02;4.321129e-02;1.987997e-01;1.313146e-01;3.436866e-02;3.108686e-02;3.101511e-02
2.874525e-01;1.371387e-02;3.356379e-02;3.581113e-02;6.565639e-02;1.996876e-02;6.505299e-02;2.040683e-01;1.744358e-01;2.986825e-02;1.857167e-02;5.183666e-02
2.414625e-01;2.086161e-02;4.381044e-02;6.458147e-02;7.526198e-02;1.763601e-02;8.542944e-02;1.620634e-01;1.764971e-01;4.868729e-02;7.901885e-03;5.580686e-02
2.524240e-01;3.497229e-02;4.967473e-02;6.562140e-02;6.587576e-02;1.895792e-02;8.975779e-02;1.444631e-01;1.636153e-01;3.990548e-02;9.883428e-03;6.484880e-02
3.048124e-01;3.134700e-02;3.453162e-02;3.750188e-02;5.684508e-02;1.463987e-02;7.924287e-02;1.625534e-01;1.286047e-01;4.745242e-02;1.106329e-02;9.140539e-02
3.312241e-01;2.505832e-02;4.059732e-02;3.090360e-02;6.098627e-02;1.502337e-02;6.073200e-02;1.949205e-01;9.341706e-02;4.878696e-02;6.985805e-03;9.136466e-02
3.091014e-01;2.963741e-02;5.015613e-02;2.217451e-02;9.592908e-02;1.685720e-02;5.841384e-02;2.119053e-01;6.114660e-02;4.855168e-02;1.512373e-02;8.100305e-02
2.571744e-01;2.206566e-02;3.610770e-02;2.168112e-02;9.994008e-02;1.999255e-02;1.312206e-01;2.098491e-01;4.728586e-02;3.842283e-02;3.353858e-02;8.272152e-02
1.855162e-01;2.346577e-02;2.680638e-02;2.465868e-02;5.062365e-02;3.867364e-02;2.499210e-01;1.748739e-01;5.421108e-02;6.754258e-02;2.093989e-02;8.276729e-02
1.549079e-01;2.154035e-02;3.014366e-02;2.972011e-02;3.250376e-02;6.155359e-02;3.148942e-01;1.437154e-01;6.069536e-02;6.708553e-02;2.018494e-02;6.305519e-02
1.364025e-01;2.027496e-02;3.521971e-02;3.630038e-02;6.305337e-02;6.442247e-02;2.918895e-01;1.539984e-01;6.177267e-02;8.125018e-02;2.237337e-02;3.304251e-02
1.208668e-01;1.659337e-02;3.746339e-02;2.510680e-02;7.266094e-02;4.118851e-02;1.668388e-01;2.650604e-01;8.923462e-02;7.564121e-02;3.515957e-02;5.418558e-02
1.399639e-01;3.624483e-02;3.029044e-02;1.849031e-02;3.377759e-02;2.346120e-02;7.821773e-02;3.298643e-01;1.138461e-01;8.118687e-02;5.940648e-02;5.525024e-02
1.177318e-01;2.996215e-02;2.646333e-02;3.912764e-02;4.587278e-02;2.904695e-02;1.266721e-01;2.819375e-01;1.137675e-01;9.828315e-02;4.569159e-02;4.544351e-02
1.092331e-01;2.986774e-02;3.045231e-02;4.168702e-02;6.620369e-02;2.655361e-02;1.133857e-01;3.122012e-01;7.917044e-02;8.004315e-02;5.391426e-02;5.728777e-02
1.617645e-01;3.408287e-02;2.851866e-02;2.700075e-02;7.471968e-02;2.670515e-02;8.064126e-02;3.127970e-01;6.122588e-02;8.137673e-02;5.652498e-02;5.464253e-02
1.935876e-01;3.482437e-02;3.834966e-02;1.605257e-02;4.289810e-02;4.190416e-02;1.322147e-01;2.967526e-01;3.437056e-02;8.081514e-02;3.952300e-02;4.870756e-02
1.529524e-01;3.499265e-02;4.088265e-02;3.391768e-02;6.411477e-02;4.362417e-02;1.401892e-01;3.155804e-01;2.475294e-02;6.983700e-02;3.815752e-02;4.099862e-02
1.195305e-01;4.073816e-02;4.123006e-02;4.348732e-02;6.764958e-02;3.587777e-02;1.313478e-01;3.173189e-01;6.665456e-02;6.199235e-02;3.264616e-02;4.152692e-02
1.460207e-01;4.559511e-02;3.591681e-02;2.404477e-02;5.363496e-02;3.127550e-02;1.047207e-01;3.115800e-01;1.066300e-01;8.649563e-02;2.478299e-02;2.930272e-02
1.695473e-01;4.633766e-02;5.385389e-02;3.802074e-02;2.806151e-02;2.494778e-02;3.568368e-02;2.902740e-01;1.268734e-01;1.193826e-01;2.787597e-02;3.914159e-02
1.363060e-01;4.827597e-02;4.410699e-02;5.165010e-02;5.533305e-02;2.477630e-02;1.141936e-01;2.421432e-01;1.060062e-01;1.163268e-01;1.761504e-02;4.326688e-02
1.895233e-01;3.533125e-02;5.174421e-02;4.885712e-02;6.903452e-02;4.108356e-02;1.402592e-01;1.598112e-01;1.274441e-01;8.206210e-02;2.531403e-02;2.953540e-02
2.301269e-01;1.846572e-02;4.863084e-02;3.114987e-02;5.578040e-02;3.675025e-02;1.473116e-01;1.456139e-01;1.506791e-01;4.582321e-02;4.386850e-02;4.579972e-02
2.162607e-01;1.903463e-02;3.185087e-02;4.859803e-02;5.283770e-02;3.853057e-02;1.573586e-01;1.841993e-01;1.057309e-01;3.043851e-02;4.961283e-02;6.554733e-02
2.018370e-01;2.914525e-02;4.472476e-02;5.734771e-02;7.118399e-02;4.856125e-02;1.318080e-01;1.750369e-01;8.711453e-02;5.317024e-02;4.424106e-02;5.582931e-02
1.713894e-01;4.753610e-02;6.742132e-02;3.647364e-02;4.671915e-02;5.429193e-02;1.114351e-01;1.803516e-01;7.825080e-02;9.867037e-02;3.689008e-02;7.057048e-02
1.548467e-01;5.110852e-02;8.118623e-02;3.637021e-02;2.793169e-02;5.433401e-02;1.369503e-01;1.399046e-01;1.008632e-01;1.036019e-01;4.980509e-02;6.309751e-02
1.611155e-01;6.127419e-02;8.507506e-02;5.047247e-02;3.642268e-02;4.674823e-02;1.836438e-01;8.393895e-02;1.169607e-01;7.209681e-02;3.715229e-02;6.509929e-02
1.172189e-01;7.518586e-02;9.078326e-02;5.481112e-02;5.042543e-02;3.719525e-02;2.027386e-01;9.937285e-02;8.530726e-02;9.242731e-02;4.388336e-02;5.065082e-02
6.311157e-02;7.559931e-02;6.604410e-02;4.524291e-02;7.515463e-02;4.331373e-02;1.845779e-01;1.545066e-01;9.508716e-02;1.007521e-01;5.284949e-02;4.376053e-02
8.476704e-02;5.134927e-02;6.364459e-02;5.462209e-02;6.563702e-02;4.587755e-02;1.651415e-01;1.454904e-01;1.104855e-01;1.091774e-01;5.299595e-02;5.081162e-02
1.493170e-01;4.155414e-02;6.802478e-02;6.739099e-02;5.856715e-02;4.838464e-02;1.272846e-01;1.599315e-01;1.010705e-01;5.562220e-02;4.626866e-02;7.658392e-02
1.523711e-01;6.973729e-02;9.177718e-02;5.042625e-02;7.325052e-02;4.224438e-02;1.184165e-01;1.407039e-01;8.921796e-02;6.579892e-02;2.985001e-02;7.620591e-02
5.976696e-02;9.018677e-02;1.352169e-01;7.977336e-02;6.535634e-02;2.869782e-02;1.264939e-01;7.509273e-02;1.244199e-01;1.216498e-01;6.717081e-02;2.617460e-02
7.895568e-02;6.384958e-02;1.376905e-01;9.746629e-02;5.784325e-02;2.256001e-02;1.101103e-01;8.827331e-02;1.156865e-01;1.121140e-01;7.667538e-02;3.877527e-02
1.111605e-01;8.001307e-02;1.262681e-01;1.024266e-01;5.968265e-02;2.731235e-02;1.130835e-01;7.969852e-02;1.106093e-01;9.893236e-02;6.699546e-02;2.381749e-02
1.215754e-01;1.200461e-01;1.091740e-01;7.568288e-02;6.310841e-02;2.910678e-02;1.163090e-01;9.203039e-02;9.973848e-02;8.029199e-02;4.853823e-02;4.439834e-02
8.924608e-02;1.373782e-01;1.326832e-01;4.295013e-02;4.253740e-02;5.240291e-02;1.373755e-01;1.195776e-01;8.724758e-02;6.968753e-02;4.193329e-02;4.698054e-02
5.884999e-02;9.845995e-02;1.483089e-01;5.109293e-02;4.558644e-02;3.986829e-02;1.690602e-01;9.635352e-02;1.141113e-01;6.727067e-02;5.659531e-02;5.444255e-02
6.679221e-02;7.437295e-02;1.493331e-01;5.346013e-02;6.671779e-02;3.553768e-02;1.722696e-01;9.897855e-02;1.113739e-01;5.848243e-02;5.390295e-02;5.877867e-02
1.113883e-01;9.558863e-02;2.879461e-01;8.054655e-02;6.986573e-02;2.485906e-02;1.275783e-01;5.855562e-02;4.288536e-02;4.333457e-02;3.389343e-02;2.355836e-02
1.297946e-01;1.001869e-01;3.180535e-01;7.940038e-02;6.820089e-02;3.602354e-02;1.022419e-01;3.647861e-02;3.081998e-02;3.537472e-02;3.392347e-02;2.950149e-02
1.512002e-01;9.942991e-02;2.457573e-01;7.838229e-02;7.028231e-02;4.036592e-02;1.406809e-01;3.438438e-02;2.433520e-02;3.586778e-02;3.353722e-02;4.577658e-02
1.522074e-01;8.887140e-02;1.312088e-01;1.020663e-01;6.132914e-02;3.768579e-02;2.173339e-01;3.404510e-02;2.020386e-02;3.996382e-02;3.652484e-02;7.855968e-02
6.665104e-02;4.999287e-02;7.364383e-02;1.494485e-01;3.229044e-02;2.593152e-02;3.124120e-01;3.095012e-02;2.093576e-02;4.480150e-02;5.985570e-02;1.330867e-01
4.645897e-02;2.810423e-02;8.548312e-02;1.285762e-01;3.147088e-02;5.456767e-02;3.179159e-01;3.211740e-02;2.329401e-02;3.950274e-02;6.929620e-02;1.432127e-01
7.565855e-02;4.027876e-02;7.742352e-02;7.721372e-02;3.384083e-02;6.612628e-02;3.085924e-01;2.333061e-02;3.114239e-02;4.553773e-02;8.875030e-02;1.321049e-01
1.150767e-01;4.539655e-02;8.424740e-02;8.482137e-02;3.247903e-02;6.513081e-02;2.480003e-01;3.343454e-02;4.058581e-02;5.159647e-02;9.400864e-02;1.052224e-01
5.850568e-02;5.230968e-02;1.415011e-01;8.122898e-02;5.082795e-02;6.951997e-02;2.321160e-01;2.271684e-02;4.416280e-02;5.532665e-02;1.071917e-01;8.459260e-02
7.277302e-02;5.313785e-02;1.757025e-01;3.786482e-02;4.591985e-02;6.545970e-02;2.289649e-01;3.185801e-02;3.930587e-02;6.775592e-02;1.208645e-01;6.039301e-02
1.078812e-01;3.367939e-02;1.748439e-01;8.523504e-02;3.865917e-02;5.146459e-02;2.029112e-01;4.786351e-02;3.040629e-02;7.827951e-02;1.067388e-01;4.203731e-02
1.585326e-01;7.850349e-02;1.030754e-01;1.337573e-01;4.272118e-02;4.182772e-02;1.510240e-01;2.633021e-02;1.815825e-02;7.807399e-02;9.140212e-02;7.659370e-02
2.017379e-01;7.897712e-02;8.837019e-02;1.454005e-01;5.148878e-02;2.624653e-02;9.706740e-02;1.940526e-02;2.322172e-02;6.987388e-02;8.486058e-02;1.133501e-01
2.034370e-01;4.580348e-02;1.317499e-01;1.319063e-01;5.703291e-02;3.573991e-02;7.894699e-02;2.594608e-02;2.533596e-02;6.650277e-02;7.648237e-02;1.211163e-01
2.307247e-01;3.876660e-02;1.205413e-01;1.097399e-01;5.469646e-02;6.240769e-02;8.765050e-02;3.799849e-02;3.240907e-02;5.004271e-02;6.413884e-02;1.108837e-01
2.603639e-01;3.312920e-02;9.598624e-02;9.550287e-02;5.949702e-02;8.422627e-02;8.579706e-02;5.549986e-02;3.103716e-02;3.800192e-02;6.368727e-02;9.727124e-02
2.574386e-01;4.871764e-02;1.328180e-01;8.353806e-02;4.820953e-02;7.583984e-02;7.947558e-02;5.358272e-02;3.841709e-02;3.586331e-02;5.302379e-02;9.307586e-02
2.491067e-01;7.496290e-02;1.383450e-01;8.716203e-02;4.708356e-02;6.616326e-02;8.660308e-02;5.820279e-02;5.714783e-02;2.994551e-02;3.822181e-02;6.705549e-02
2.258829e-01;1.142572e-01;1.411428e-01;6.517636e-02;6.284574e-02;5.965560e-02;7.292572e-02;9.218650e-02;5.466153e-02;3.083443e-02;3.019968e-02;5.023149e-02
2.074641e-01;1.015883e-01;6.833129e-02;4.558660e-02;5.561469e-02;6.018470e-02;1.322246e-01;1.629733e-01;6.029281e-02;2.653128e-02;2.570253e-02;5.350576e-02
1.526869e-01;4.348864e-02;7.050664e-02;6.980766e-02;3.896463e-02;4.941997e-02;1.847392e-01;2.070401e-01;5.762618e-02;3.299905e-02;2.247558e-02;7.024544e-02
1.335233e-01;4.533575e-02;7.672411e-02;1.165535e-01;3.139514e-02;3.497602e-02;2.188140e-01;1.402095e-01;3.383308e-02;4.799230e-02;2.720229e-02;9.344114e-02
1.090741e-01;6.429605e-02;5.972102e-02;1.572208e-01;2.217028e-02;2.234805e-02;2.425875e-01;6.233737e-02;3.352333e-02;7.541022e-02;2.626601e-02;1.250454e-01
3.509914e-02;5.576577e-02;3.370141e-02;1.781517e-01;1.826140e-02;1.880874e-02;2.618372e-01;9.307837e-02;4.364677e-02;9.371033e-02;2.718875e-02;1.407503e-01
3.197693e-02;6.436355e-02;3.206578e-02;1.727858e-01;1.741923e-02;2.366116e-02;2.575977e-01;7.824225e-02;4.967136e-02;8.917233e-02;2.644291e-02;1.566011e-01
4.705184e-02;7.006689e-02;2.608427e-02;1.450143e-01;2.393163e-02;3.521895e-02;2.338091e-01;3.564377e-02;6.250539e-02;8.957268e-02;4.182219e-02;1.892790e-01
5.328073e-02;6.764403e-02;7.740521e-02;1.090123e-01;2.141636e-02;4.708428e-02;1.984003e-01;1.754306e-02;6.486814e-02;9.971499e-02;6.198052e-02;1.816500e-01
8.281916e-02;5.039123e-02;1.486539e-01;1.039422e-01;3.920955e-02;5.119393e-02;1.563119e-01;2.026018e-02;7.803018e-02;8.511925e-02;8.257578e-02;1.014927e-01
8.526263e-02;3.482439e-02;2.146465e-01;6.427886e-02;4.627990e-02;6.093220e-02;1.228824e-01;1.937217e-02;1.049894e-01;7.132164e-02;1.155581e-01;5.965190e-02
7.376920e-02;5.537658e-02;2.850673e-01;2.473024e-02;3.568578e-02;6.773376e-02;9.308086e-02;3.253867e-02;9.900700e-02;5.588611e-02;1.282819e-01;4.884255e-02
7.121225e-02;5.084524e-02;3.110474e-01;3.590086e-02;3.485563e-02;7.804801e-02;3.212430e-02;2.244261e-02;8.872581e-02;6.646033e-02;1.276797e-01;8.065798e-02
8.641226e-02;3.620580e-02;2.586289e-01;2.164587e-02;3.437793e-02;7.000940e-02;4.943089e-02;1.645421e-02;9.810342e-02;1.013924e-01;1.555138e-01;7.182510e-02
9.019487e-02;5.925689e-02;1.852863e-01;2.405484e-02;2.967377e-02;5.940116e-02;3.917149e-02;2.733484e-02;1.007452e-01;1.155063e-01;1.902624e-01;7.911191e-02
7.699966e-02;7.389373e-02;1.460161e-01;4.026311e-02;3.906786e-02;6.329527e-02;4.499505e-02;3.783814e-02;8.034986e-02;1.255620e-01;1.999750e-01;7.174414e-02
9.439922e-02;6.295729e-02;1.636535e-01;2.576758e-02;4.106716e-02;6.773351e-02;4.594130e-02;3.166389e-02;5.927967e-02;1.153777e-01;2.351745e-01;5.698472e-02
1.269940e-01;3.026379e-02;1.955501e-01;2.830091e-02;3.264639e-02;6.157350e-02;3.501569e-02;2.283672e-02;6.034862e-02;9.863871e-02;2.340748e-01;7.375684e-02
1.316707e-01;4.080886e-02;1.510434e-01;4.233315e-02;3.170374e-02;6.709117e-02;4.905103e-02;1.285877e-02;6.665070e-02;9.080557e-02;2.244155e-01;9.156752e-02
1.026657e-01;5.664368e-02;1.573645e-01;3.638364e-02;2.752006e-02;8.889582e-02;5.314367e-02;1.357314e-02;6.184789e-02;9.187675e-02;2.213006e-01;8.878458e-02
7.592498e-02;5.902837e-02;2.153838e-01;3.856182e-02;2.771927e-02;9.137259e-02;8.203882e-02;2.870854e-02;4.627347e-02;9.768359e-02;1.924972e-01;4.480767e-02
8.220087e-02;5.557860e-02;2.168245e-01;4.120934e-02;2.145170e-02;7.872620e-02;9.469966e-02;3.605536e-02;4.909002e-02;8.635099e-02;1.563970e-01;8.141575e-02
6.589060e-02;5.742034e-02;2.073373e-01;2.481369e-02;3.010363e-02;7.806115e-02;1.190581e-01;3.176327e-02;1.035660e-01;9.294090e-02;9.744303e-02;9.160200e-02
6.560916e-02;6.586444e-02;1.686146e-01;5.569034e-02;3.848262e-02;6.698047e-02;1.341514e-01;2.637470e-02;1.168584e-01;8.411042e-02;1.122813e-01;6.498209e-02
9.366253e-02;4.927805e-02;1.669789e-01;2.843667e-02;3.738471e-02;8.344716e-02;9.301151e-02;2.518445e-02;1.180056e-01;6.431191e-02;1.763443e-01;6.395429e-02
1.031321e-01;2.778991e-02;1.790588e-01;1.344401e-02;3.308597e-02;7.621207e-02;5.879135e-02;2.593989e-02;1.235844e-01;6.651220e-02;1.977553e-01;9.469404e-02
6.415352e-02;4.330363e-02;1.652843e-01;2.487792e-02;3.066575e-02;6.340056e-02;8.759625e-02;3.578703e-02;1.291697e-01;8.960907e-02;1.676975e-01;9.845469e-02
7.438764e-02;5.636581e-02;1.392197e-01;4.524771e-02;3.027697e-02;7.310802e-02;1.348154e-01;3.218678e-02;1.317327e-01;9.853154e-02;1.131682e-01;7.095949e-02
1.052257e-01;6.431428e-02;1.079198e-01;3.765578e-02;3.089741e-02;9.112637e-02;1.892038e-01;2.968847e-02;7.779385e-02;7.476661e-02;1.287348e-01;6.267315e-02
8.932668e-02;6.652103e-02;1.078947e-01;4.735112e-02;2.879450e-02;1.041902e-01;1.533485e-01;3.751854e-02;5.079268e-02;6.480739e-02;1.742821e-01;7.517257e-02
8.883744e-02;6.787921e-02;1.401690e-01;3.420460e-02;4.974908e-02;1.116087e-01;1.107661e-01;4.387312e-02;5.765775e-02;6.391019e-02;1.524082e-01;7.893657e-02
1.132696e-01;4.659861e-02;1.693991e-01;3.549736e-02;6.225355e-02;9.858446e-02;1.232856e-01;4.732905e-02;4.635356e-02;7.274087e-02;1.316609e-01;5.302743e-02
1.213271e-01;6.006856e-02;1.936844e-01;5.543714e-02;4.903999e-02;6.963752e-02;1.486328e-01;2.622867e-02;4.775946e-02;8.454932e-02;8.594033e-02;5.769469e-02
1.172707e-01;8.527306e-02;1.632429e-01;5.116736e-02;4.138923e-02;5.430885e-02;1.567622e-01;2.637316e-02;8.067285e-02;5.844679e-02;8.834455e-02;7.674824e-02
1.177992e-01;6.368897e-02;1.377187e-01;3.394550e-02;3.790098e-02;8.283282e-02;1.932104e-01;3.751189e-02;7.440547e-02;3.689894e-02;1.134819e-01;7.060529e-02
8.755607e-02;7.301441e-02;1.159902e-01;3.827025e-02;3.678277e-02;1.185084e-01;1.912049e-01;4.286162e-02;6.494872e-02;4.732843e-02;1.109187e-01;7.261553e-02
8.254449e-02;5.189761e-02;1.378426e-01;3.950717e-02;5.699021e-02;1.175526e-01;1.432212e-01;4.759502e-02;6.584660e-02;6.418046e-02;1.149943e-01;7.782780e-02
9.866585e-02;4.600500e-02;1.500503e-01;3.411457e-02;6.148981e-02;1.230915e-01;8.296479e-02;6.505713e-02;6.548201e-02;7.893172e-02;1.250799e-01;6.906746e-02
1.164055e-01;6.634080e-02;1.124883e-01;5.858720e-02;3.579681e-02;9.403527e-02;1.261699e-01;8.726174e-02;6.639598e-02;7.867835e-02;8.887716e-02;6.896283e-02
1.077142e-01;6.330411e-02;9.764785e-02;7.070249e-02;2.998602e-02;7.287782e-02;1.508572e-01;6.662933e-02;1.045467e-01;7.222407e-02;1.087725e-01;5.473772e-02
1.219077e-01;6.954638e-02;1.556755e-01;5.173156e-02;3.695656e-02;5.311761e-02;1.225979e-01;4.539879e-02;1.105158e-01;7.249152e-02;9.482471e-02;6.523593e-02
1.124662e-01;7.155293e-02;1.983886e-01;3.059397e-02;3.715069e-02;5.453753e-02;1.158939e-01;5.495474e-02;9.825246e-02;7.480662e-02;8.249862e-02;6.890367e-02
1.235326e-01;6.960662e-02;1.472174e-01;4.028986e-02;5.602761e-02;8.170133e-02;1.183007e-01;5.320432e-02;6.761372e-02;9.197956e-02;6.938973e-02;8.113670e-02
1.254491e-01;7.594877e-02;1.117211e-01;6.727388e-02;9.516893e-02;7.806256e-02;9.821299e-02;6.632215e-02;6.229376e-02;6.793835e-02;5.788391e-02;9.372455e-02
7.561363e-02;1.073131e-01;1.125565e-01;7.517581e-02;9.421106e-02;6.972010e-02;8.443433e-02;8.731945e-02;8.029967e-02;4.248511e-02;7.181907e-02;9.905227e-02
6.445511e-02;1.207645e-01;1.303581e-01;8.378183e-02;7.947664e-02;8.109874e-02;8.820217e-02;6.299411e-02;1.053756e-01;5.749667e-02;5.324061e-02;7.275590e-02
9.964060e-02;8.924478e-02;1.628144e-01;8.161066e-02;6.021297e-02;8.705743e-02;1.116794e-01;6.292767e-02;1.036365e-01;5.234307e-02;2.360602e-02;6.522650e-02
