4.164205e-02;5.509542e-02;1.216104e-01;8.546340e-02;7.896639e-02;6.446473e-02;1.525526e-01;7.869140e-02;1.012768e-01;7.202163e-02;6.621432e-02;8.200084e-02
7.051977e-02;7.954398e-02;1.145419e-01;6.428801e-02;9.323585e-02;6.249601e-02;1.891379e-01;4.412895e-02;7.779391e-02;4.565543e-02;6.547497e-02;9.318332e-02
1.016358e-01;7.600444e-02;8.770526e-02;5.181023e-02;7.995927e-02;4.817609e-02;1.864784e-01;8.751255e-02;9.715238e-02;6.876756e-02;5.061395e-02;6.418411e-02
9.508082e-02;7.249740e-02;1.316233e-01;6.684405e-02;5.604064e-02;4.635320e-02;1.558343e-01;9.939737e-02;9.446886e-02;8.668993e-02;5.542552e-02;3.974463e-02
8.485940e-02;6.933630e-02;1.174549e-01;6.375185e-02;7.707115e-02;4.555461e-02;1.047829e-01;1.020489e-01;8.237927e-02;9.644491e-02;8.267601e-02;7.363973e-02
8.518105e-02;7.852820e-02;1.261445e-01;5.631929e-02;9.501910e-02;4.313487e-02;1.210680e-01;8.489003e-02;8.532916e-02;8.571655e-02;7.729258e-02;6.137674e-02
1.071386e-01;8.362029e-02;1.470870e-01;6.137575e-02;8.246535e-02;5.815741e-02;1.384818e-01;7.109895e-02;8.548108e-02;6.411823e-02;4.329146e-02;5.768412e-02
1.107861e-01;8.724731e-02;1.994736e-01;6.005432e-02;5.659261e-02;8.685881e-02;1.216731e-01;5.547116e-02;9.237070e-02;3.847205e-02;5.895165e-02;3.204850e-02
7.263828e-02;8.947410e-02;2.304502e-01;6.033130e-02;5.206113e-02;1.018563e-01;1.092807e-01;5.276039e-02;9.985287e-02;3.528589e-02;6.805375e-02;2.795506e-02
6.488299e-02;9.156212e-02;2.565638e-01;6.412005e-02;5.629887e-02;8.829173e-02;8.151766e-02;4.550835e-02;8.471834e-02;5.722216e-02;6.809577e-02;4.121819e-02
5.486502e-02;9.052479e-02;3.419536e-01;5.377242e-02;6.011845e-02;6.315099e-02;8.652915e-02;3.937452e-02;5.038019e-02;5.553708e-02;5.689284e-02;4.690088e-02
6.352366e-02;9.600624e-02;5.361412e-01;3.149313e-02;3.523248e-02;2.801647e-02;4.602602e-02;2.616876e-02;4.444731e-02;3.702522e-02;2.322686e-02;3.269266e-02
4.115794e-02;1.025694e-01;6.182231e-01;4.569094e-02;3.653181e-02;1.769290e-02;3.175196e-02;1.086063e-02;2.951396e-02;3.455489e-02;1.683389e-02;1.461858e-02
3.035125e-02;9.013817e-02;6.055228e-01;5.054750e-02;5.274216e-02;2.393544e-02;5.692554e-02;8.423810e-03;1.800216e-02;3.113976e-02;1.995695e-02;1.231453e-02
3.968818e-02;8.319169e-02;5.750360e-01;3.623554e-02;4.745879e-02;2.896897e-02;9.409308e-02;1.166682e-02;2.130454e-02;2.742584e-02;2.027803e-02;1.465247e-02
4.368844e-02;8.633094e-02;5.707763e-01;2.762908e-02;3.105706e-02;3.059522e-02;1.108844e-01;1.593541e-02;2.461749e-02;1.566772e-02;2.762659e-02;1.519133e-02
8.124865e-02;1.147774e-01;4.895156e-01;2.977927e-02;2.264329e-02;2.558840e-02;6.955167e-02;3.327870e-02;6.058998e-02;2.774977e-02;2.891758e-02;1.635968e-02
8.608422e-02;1.171935e-01;4.634486e-01;2.052141e-02;2.808349e-02;2.780587e-02;6.356708e-02;4.109861e-02;8.867025e-02;2.186812e-02;2.219180e-02;1.946704e-02
4.998554e-02;9.414101e-02;5.066627e-01;2.472889e-02;3.268080e-02;2.251295e-02;5.131978e-02;3.299206e-02;1.023802e-01;2.735462e-02;3.200525e-02;2.323615e-02
5.147039e-02;7.938921e-02;5.041336e-01;2.614163e-02;2.935157e-02;2.597621e-02;5.578591e-02;3.604691e-02;9.405735e-02;3.621108e-02;3.615871e-02;2.527749e-02
9.029064e-02;8.427216e-02;3.781666e-01;2.766409e-02;4.624504e-02;4.252223e-02;1.019904e-01;5.600945e-02;7.768604e-02;4.591302e-02;2.233489e-02;2.690538e-02
4.491948e-02;8.089907e-02;1.856347e-01;5.507701e-02;8.373206e-02;6.733213e-02;1.107815e-01;9.483553e-02;9.891229e-02;7.980686e-02;5.561712e-02;4.245220e-02
7.090743e-02;5.059052e-02;1.734334e-01;5.853167e-02;7.975867e-02;7.595610e-02;1.070878e-01;9.246003e-02;1.069643e-01;8.344679e-02;5.461840e-02;4.624484e-02
3.961436e-02;7.905835e-02;3.263005e-01;6.141891e-02;8.150368e-02;7.611655e-02;5.948865e-02;6.635064e-02;8.632907e-02;5.685624e-02;3.727888e-02;2.968410e-02
1.138838e-01;1.233403e-01;3.249814e-01;6.610369e-02;7.009188e-02;4.545464e-02;6.459396e-02;2.976313e-02;7.864281e-02;2.568877e-02;2.145907e-02;3.599658e-02
1.459332e-01;1.360730e-01;2.394007e-01;5.407855e-02;5.723592e-02;2.814969e-02;8.128427e-02;5.451522e-02;1.090365e-01;3.270060e-02;2.185026e-02;3.974204e-02
1.604273e-01;9.917006e-02;1.431468e-01;3.598717e-02;4.992854e-02;3.176597e-02;1.116329e-01;1.013782e-01;1.537223e-01;4.276033e-02;4.144096e-02;2.863951e-02
2.033332e-01;6.130871e-02;1.234324e-01;3.738137e-02;5.274738e-02;3.081937e-02;1.027386e-01;8.939408e-02;1.840675e-01;4.274004e-02;5.055295e-02;2.148448e-02
2.701491e-01;6.771825e-02;9.125479e-02;1.587750e-02;4.921508e-02;1.144942e-02;6.393216e-02;1.463996e-01;1.639322e-01;3.003305e-02;6.474812e-02;2.529077e-02
2.893802e-01;6.482290e-02;9.897166e-02;2.049305e-02;4.522615e-02;7.597814e-03;3.236140e-02;1.969460e-01;1.104283e-01;3.107918e-02;7.516738e-02;2.752585e-02
2.945521e-01;5.163449e-02;1.211627e-01;3.039606e-02;4.672251e-02;1.481758e-02;4.424754e-02;2.151855e-01;4.238783e-02;3.403984e-02;6.822594e-02;3.662803e-02
2.681513e-01;4.653436e-02;1.379502e-01;3.576960e-02;6.362563e-02;2.180237e-02;5.927499e-02;2.098232e-01;3.592579e-02;3.083909e-02;4.885369e-02;4.144982e-02
2.475737e-01;5.545590e-02;1.359360e-01;3.442281e-02;6.994833e-02;2.335845e-02;5.269723e-02;1.962541e-01;4.928660e-02;2.847322e-02;4.385829e-02;6.273531e-02
2.425684e-01;6.784862e-02;1.429443e-01;3.306433e-02;5.039446e-02;1.352545e-02;4.996771e-02;1.973206e-01;7.527766e-02;2.852416e-02;3.951364e-02;5.905070e-02
2.325820e-01;6.249421e-02;1.550125e-01;2.244942e-02;3.663966e-02;2.209140e-02;1.198067e-01;1.840174e-01;8.422122e-02;2.115780e-02;2.308509e-02;3.644263e-02
2.089077e-01;7.298112e-02;1.856942e-01;2.218839e-02;3.390085e-02;2.337395e-02;1.478555e-01;1.424970e-01;7.098266e-02;3.077432e-02;2.761801e-02;3.322635e-02
1.957193e-01;8.800789e-02;1.965236e-01;2.772242e-02;2.766793e-02;2.902658e-02;1.540743e-01;1.079293e-01;4.928580e-02;4.068457e-02;4.645621e-02;3.690203e-02
1.697476e-01;6.768792e-02;1.346740e-01;3.975197e-02;4.990855e-02;2.555685e-02;1.188151e-01;2.037135e-01;5.471856e-02;5.802423e-02;4.519396e-02;3.220766e-02
9.280878e-02;8.624992e-02;9.151147e-02;3.570730e-02;4.838961e-02;4.021671e-02;6.693316e-02;1.870648e-01;1.270531e-01;1.129323e-01;6.456798e-02;4.656486e-02
5.716606e-02;8.486709e-02;1.276143e-01;4.301297e-02;6.326625e-02;6.342744e-02;7.956145e-02;1.249036e-01;1.117015e-01;1.224075e-01;7.127613e-02;5.079573e-02
4.812808e-02;8.810888e-02;1.264801e-01;4.042361e-02;7.791097e-02;8.420014e-02;1.074259e-01;8.661224e-02;1.047934e-01;1.238032e-01;6.298999e-02;4.912350e-02
7.142746e-02;7.198852e-02;9.743655e-02;5.577384e-02;9.739325e-02;8.485050e-02;1.214668e-01;9.650297e-02;7.561365e-02;1.339453e-01;4.725441e-02;4.634681e-02
6.782588e-02;6.737314e-02;1.028487e-01;5.592910e-02;9.606445e-02;4.121451e-02;8.059176e-02;1.166632e-01;1.029672e-01;1.963458e-01;2.696505e-02;4.521127e-02
5.812434e-02;9.264580e-02;1.059797e-01;6.272311e-02;8.371101e-02;4.355384e-02;8.890103e-02;1.049298e-01;9.197293e-02;1.900768e-01;3.462582e-02;4.275571e-02
5.753820e-02;8.640350e-02;1.203224e-01;6.735611e-02;8.006632e-02;5.500480e-02;1.157485e-01;9.273446e-02;8.248894e-02;1.475858e-01;4.149340e-02;5.325755e-02
5.834938e-02;4.481023e-02;1.072492e-01;6.188986e-02;8.061127e-02;6.299271e-02;1.152728e-01;9.879066e-02;1.036209e-01;1.713815e-01;5.243637e-02;4.259504e-02
4.781334e-02;4.494651e-02;1.312512e-01;6.087273e-02;6.043135e-02;6.259374e-02;9.035806e-02;1.123879e-01;1.463587e-01;1.754799e-01;4.656808e-02;2.093842e-02
2.884848e-02;6.349406e-02;1.485085e-01;8.751155e-02;7.490530e-02;5.711882e-02;7.071140e-02;9.619090e-02;1.583146e-01;1.388141e-01;3.620930e-02;3.937307e-02
5.945021e-02;5.783438e-02;1.255927e-01;8.906919e-02;9.932575e-02;6.863016e-02;8.585302e-02;8.332948e-02;1.157950e-01;1.071966e-01;6.038855e-02;4.753496e-02
6.625760e-02;4.185892e-02;1.199817e-01;7.196765e-02;1.071054e-01;7.597161e-02;8.195208e-02;9.377243e-02;1.002688e-01;1.145724e-01;7.212123e-02;5.417017e-02
4.716665e-02;3.469347e-02;1.148687e-01;6.325328e-02;9.585901e-02;5.315859e-02;1.197468e-01;9.132347e-02;1.281073e-01;1.310712e-01;6.586137e-02;5.489018e-02
7.959468e-02;5.944282e-02;1.250816e-01;5.832574e-02;9.218551e-02;6.834267e-02;1.187781e-01;6.416603e-02;1.335888e-01;9.513972e-02;5.671821e-02;4.863616e-02
7.069920e-02;8.563356e-02;7.735242e-02;6.068309e-02;9.344389e-02;9.893580e-02;1.515019e-01;1.156090e-01;8.882763e-02;6.014884e-02;3.906397e-02;5.810069e-02
7.736141e-02;7.529178e-02;1.018112e-01;5.583397e-02;9.909143e-02;9.834585e-02;1.511548e-01;1.182213e-01;7.986160e-02;4.898843e-02;3.164132e-02;6.239686e-02
8.704832e-02;5.959312e-02;1.502259e-01;5.090395e-02;9.694012e-02;8.339967e-02;1.456299e-01;1.167944e-01;7.731937e-02;4.882023e-02;2.368755e-02;5.963750e-02
6.091835e-02;4.104001e-02;1.735759e-01;5.416701e-02;8.757821e-02;8.868442e-02;1.812646e-01;1.187084e-01;8.033083e-02;4.377415e-02;3.717572e-02;3.278236e-02
7.010492e-02;4.288845e-02;1.357068e-01;4.944976e-02;7.723394e-02;7.656132e-02;2.041333e-01;1.450177e-01;9.008954e-02;3.697821e-02;5.180136e-02;2.003479e-02
1.205827e-01;4.715978e-02;7.696625e-02;2.271891e-02;7.825019e-02;5.645534e-02;1.644085e-01;2.051645e-01;9.181789e-02;4.310630e-02;7.631864e-02;1.705102e-02
1.704685e-01;4.917427e-02;6.399609e-02;3.174464e-02;7.074326e-02;3.619104e-02;9.282156e-02;2.273324e-01;7.590441e-02;6.686859e-02;9.061884e-02;2.413638e-02
1.779933e-01;4.887724e-02;6.197203e-02;3.758745e-02;6.192202e-02;3.177985e-02;1.359204e-01;2.168460e-01;4.869782e-02;6.552906e-02;7.624637e-02;3.662843e-02
1.712571e-01;5.373212e-02;6.164511e-02;3.421374e-02;5.640849e-02;2.678590e-02;1.764897e-01;2.117320e-01;5.052159e-02;4.438781e-02;5.595908e-02;5.686733e-02
1.413533e-01;5.006967e-02;1.171078e-01;2.487619e-02;4.608442e-02;2.138175e-02;2.154246e-01;1.850230e-01;5.728323e-02;4.250450e-02;4.561716e-02;5.327436e-02
1.044293e-01;4.125506e-02;1.752006e-01;2.218873e-02;2.880217e-02;4.751002e-02;2.221842e-01;1.502462e-01;6.491502e-02;4.683184e-02;5.510933e-02;4.132751e-02
6.715509e-02;4.702017e-02;1.443119e-01;3.021152e-02;4.729485e-02;7.721424e-02;2.222920e-01;9.625557e-02;7.163447e-02;7.713274e-02;8.231467e-02;3.716274e-02
4.105427e-02;5.725770e-02;1.082627e-01;7.248707e-02;7.211467e-02;6.687020e-02;1.689994e-01;7.856866e-02;9.210984e-02;1.012060e-01;9.176456e-02;4.930500e-02
5.753244e-02;6.391528e-02;1.247652e-01;5.927593e-02;1.072266e-01;7.393495e-02;5.777119e-02;9.172666e-02;1.219124e-01;1.037431e-01;8.443228e-02;5.376405e-02
8.217265e-02;3.993297e-02;1.371867e-01;4.242596e-02;1.088087e-01;9.265868e-02;5.576032e-02;1.145621e-01;1.209740e-01;8.776657e-02;6.886182e-02;4.888960e-02
7.084331e-02;2.459596e-02;1.355803e-01;6.400620e-02;4.870372e-02;7.433363e-02;1.297915e-01;1.367733e-01;9.529308e-02;7.465416e-02;8.026767e-02;6.515727e-02
7.142883e-02;3.295070e-02;1.677425e-01;7.440479e-02;6.332347e-02;5.859668e-02;1.608078e-01;9.903529e-02;5.992015e-02;5.893706e-02;7.975639e-02;7.309630e-02
1.139248e-01;9.398077e-02;3.233037e-01;6.006924e-02;4.767098e-02;2.590178e-02;1.092616e-01;4.091993e-02;5.608774e-02;2.896922e-02;5.025877e-02;4.965153e-02
1.454239e-01;1.811204e-01;4.067388e-01;4.066233e-02;2.145174e-02;2.644042e-02;3.919910e-02;1.561788e-02;7.654900e-02;1.465625e-02;1.507556e-02;1.706461e-02
1.725144e-01;2.233420e-01;3.509747e-01;2.829486e-02;1.493704e-02;2.625103e-02;1.537193e-02;4.114129e-02;9.588951e-02;1.017936e-02;1.007801e-02;1.102584e-02
2.335723e-01;2.170407e-01;2.523561e-01;2.044018e-02;2.072478e-02;1.941454e-02;1.927711e-02;7.966585e-02;9.741571e-02;9.035991e-03;1.473708e-02;1.631978e-02
3.246349e-01;1.589426e-01;1.625198e-01;2.543649e-02;4.081919e-02;1.572694e-02;2.774845e-02;1.245592e-01;5.929909e-02;1.138166e-02;2.002691e-02;2.890474e-02
3.511677e-01;9.515858e-02;1.202324e-01;2.765112e-02;5.107215e-02;2.115071e-02;7.264474e-02;1.566037e-01;2.284956e-02;1.309224e-02;1.699088e-02;5.138626e-02
3.477439e-01;5.507454e-02;7.936631e-02;2.665470e-02;4.905206e-02;2.594245e-02;1.253610e-01;1.728604e-01;1.484666e-02;1.209210e-02;1.595042e-02;7.505545e-02
2.784894e-01;5.110466e-02;7.836384e-02;3.635553e-02;3.219420e-02;3.062790e-02;1.914982e-01;1.421761e-01;1.888995e-02;1.838256e-02;2.567667e-02;9.624097e-02
2.133919e-01;3.233238e-02;5.119858e-02;4.594702e-02;2.735869e-02;3.546214e-02;2.811110e-01;9.730786e-02;2.141198e-02;3.229585e-02;4.001441e-02;1.221681e-01
1.870710e-01;2.648546e-02;7.310140e-02;5.627538e-02;2.788005e-02;2.352713e-02;2.969654e-01;4.407843e-02;2.187855e-02;4.638676e-02;4.951007e-02;1.468404e-01
2.572990e-01;3.395427e-02;5.055283e-02;6.171372e-02;2.285875e-02;2.737985e-02;2.521262e-01;5.462652e-02;1.075693e-02;4.533825e-02;3.977999e-02;1.436136e-01
2.669657e-01;2.532723e-02;5.290502e-02;7.037017e-02;1.669968e-02;2.183222e-02;2.419005e-01;6.998397e-02;1.161681e-02;4.213578e-02;4.854978e-02;1.317132e-01
2.443492e-01;1.731588e-02;4.831047e-02;7.164676e-02;1.261718e-02;1.674356e-02;2.628319e-01;9.544521e-02;1.454882e-02;3.847097e-02;4.958833e-02;1.281317e-01
2.259322e-01;2.791076e-02;5.796437e-02;5.834923e-02;2.276616e-02;2.290298e-02;2.257185e-01;1.421074e-01;1.282097e-02;4.150160e-02;4.003855e-02;1.219874e-01
2.138552e-01;4.621813e-02;6.327890e-02;3.827844e-02;3.086090e-02;2.455016e-02;1.945818e-01;2.005343e-01;1.473308e-02;3.620028e-02;3.521679e-02;1.016920e-01
1.696816e-01;2.316286e-02;5.710321e-02;2.823047e-02;2.603301e-02;2.476110e-02;2.396901e-01;2.533068e-01;1.342584e-02;3.831851e-02;3.675626e-02;8.953021e-02
1.324051e-01;1.480124e-02;7.576001e-02;3.551068e-02;1.637286e-02;1.698380e-02;2.863541e-01;2.654707e-01;1.881052e-02;3.808274e-02;3.435177e-02;6.509649e-02
1.196080e-01;1.419686e-02;7.451346e-02;5.533060e-02;1.274167e-02;1.690204e-02;3.116032e-01;2.139051e-01;1.417900e-02;3.804674e-02;3.396105e-02;9.501224e-02
9.617662e-02;1.592687e-02;5.065886e-02;7.625329e-02;2.396945e-02;3.356272e-02;3.356568e-01;1.431564e-01;2.011688e-02;4.679653e-02;4.190193e-02;1.158236e-01
8.635025e-02;2.108397e-02;6.812686e-02;7.937990e-02;3.143824e-02;3.472028e-02;3.453920e-01;1.126224e-01;2.217191e-02;4.824030e-02;4.394288e-02;1.065309e-01
8.325399e-02;4.390854e-02;1.012557e-01;6.373350e-02;3.218575e-02;5.113996e-02;3.099856e-01;6.572790e-02;4.335494e-02;5.629238e-02;6.328388e-02;8.587782e-02
1.843286e-01;5.694250e-02;1.927322e-01;3.402017e-02;1.401721e-02;3.479975e-02;1.717862e-01;8.431515e-02;4.450884e-02;4.804673e-02;6.100820e-02;7.349434e-02
2.605000e-01;4.777749e-02;1.763788e-01;1.522656e-02;8.949322e-03;1.733780e-02;1.171823e-01;1.216980e-01;3.740323e-02;4.904936e-02;6.500231e-02;8.349480e-02
2.707021e-01;3.770008e-02;1.490547e-01;1.337893e-02;1.146508e-02;2.074370e-02;1.294870e-01;1.268823e-01;2.868178e-02;6.256552e-02;6.478681e-02;8.455186e-02
2.777587e-01;4.165748e-02;1.449167e-01;1.138777e-02;1.298162e-02;2.369611e-02;1.180917e-01;1.198813e-01;3.284578e-02;6.224173e-02;6.600521e-02;8.853586e-02
2.804412e-01;3.458526e-02;1.555502e-01;1.837296e-02;1.513683e-02;2.720862e-02;1.061956e-01;1.051854e-01;3.887625e-02;5.595830e-02;7.397068e-02;8.851855e-02
2.929078e-01;3.687527e-02;1.445350e-01;1.588777e-02;1.366978e-02;2.291068e-02;1.144944e-01;1.046192e-01;3.605573e-02;6.115291e-02;7.375769e-02;8.313371e-02
2.792540e-01;4.876725e-02;1.756013e-01;1.960020e-02;1.689196e-02;2.579952e-02;1.137286e-01;9.580209e-02;2.809794e-02;5.598762e-02;6.761617e-02;7.285341e-02
2.425590e-01;6.425818e-02;2.601566e-01;2.467875e-02;2.421118e-02;2.379846e-02;7.231284e-02;6.964700e-02;3.182187e-02;4.434109e-02;7.036181e-02;7.185326e-02
2.290360e-01;4.842700e-02;2.043360e-01;2.723272e-02;1.966677e-02;1.862198e-02;9.689646e-02;5.616815e-02;4.037667e-02;6.690857e-02;9.474950e-02;9.758011e-02
1.967264e-01;3.921773e-02;1.171440e-01;2.576357e-02;1.777234e-02;2.140857e-02;1.494615e-01;4.441483e-02;3.781021e-02;9.446789e-02;1.195569e-01;1.362561e-01
1.358777e-01;3.522163e-02;1.027138e-01;2.353622e-02;1.840955e-02;2.519151e-02;2.011835e-01;1.722991e-02;3.404953e-02;1.042142e-01;1.538799e-01;1.484927e-01
1.237240e-01;4.834916e-02;1.498296e-01;2.262346e-02;1.457072e-02;1.837773e-02;2.030823e-01;2.537053e-02;2.559317e-02;8.463787e-02;1.475123e-01;1.363292e-01
1.388832e-01;3.975833e-02;1.336011e-01;1.876927e-02;2.524982e-02;1.852295e-02;2.059098e-01;3.840442e-02;3.376073e-02;8.856705e-02;1.340192e-01;1.245540e-01
1.416383e-01;3.683555e-02;6.822178e-02;3.438991e-02;2.991652e-02;3.978838e-02;2.265573e-01;4.340140e-02;3.176615e-02;9.091239e-02;1.364634e-01;1.201090e-01
1.451904e-01;5.218546e-02;1.009012e-01;3.337448e-02;5.277334e-02;4.390517e-02;1.685243e-01;7.738636e-02;6.921536e-02;7.571179e-02;9.213272e-02;8.869940e-02
1.416399e-01;4.353352e-02;1.855504e-01;3.266378e-02;4.942036e-02;3.891214e-02;1.090615e-01;1.343937e-01;8.384324e-02;5.875820e-02;5.310361e-02;6.911966e-02
1.429527e-01;4.257741e-02;1.538902e-01;5.454229e-02;2.299838e-02;2.504540e-02;1.109029e-01;1.618025e-01;8.308034e-02;6.971068e-02;5.059369e-02;8.190344e-02
1.357339e-01;2.763375e-02;9.625928e-02;8.003567e-02;2.579509e-02;1.405530e-02;1.428956e-01;1.333292e-01;7.098680e-02;1.061886e-01;7.788231e-02;8.920455e-02
1.191129e-01;2.894781e-02;8.549025e-02;8.967347e-02;3.086203e-02;2.660937e-02;1.366377e-01;9.229259e-02;6.615630e-02;1.419446e-01;9.175238e-02;9.052058e-02
1.334159e-01;2.181910e-02;5.732170e-02;1.078834e-01;1.367889e-02;2.582109e-02;1.475035e-01;7.981016e-02;6.307429e-02;1.777702e-01;7.722584e-02;9.467582e-02
1.301889e-01;2.361331e-02;7.516762e-02;1.062802e-01;1.779876e-02;2.443436e-02;1.588680e-01;7.543376e-02;5.292475e-02;1.706546e-01;6.128915e-02;1.033466e-01
1.158796e-01;3.962683e-02;1.565073e-01;8.567138e-02;3.278028e-02;2.349970e-02;1.430539e-01;8.602268e-02;5.826276e-02;1.242849e-01;6.209487e-02;7.231583e-02
9.502932e-02;5.761437e-02;1.952349e-01;7.670380e-02;4.741098e-02;4.004329e-02;1.427399e-01;7.387754e-02;5.694981e-02;9.412438e-02;7.785489e-02;4.241687e-02
8.652180e-02;4.944827e-02;1.808977e-01;7.674225e-02;5.410209e-02;5.259865e-02;1.631986e-01;5.787463e-02;5.083022e-02;1.007304e-01;8.601242e-02;4.104301e-02
7.538772e-02;6.169213e-02;1.926837e-01;5.595319e-02;5.360487e-02;4.439712e-02;1.655244e-01;4.903061e-02;6.556457e-02;1.204147e-01;6.698549e-02;4.876148e-02
6.865288e-02;8.846384e-02;1.292105e-01;3.493442e-02;5.926045e-02;5.058711e-02;1.438087e-01;7.669048e-02;1.047136e-01;1.204399e-01;8.088510e-02;4.235293e-02
6.640437e-02;8.954096e-02;9.503727e-02;5.315185e-02;5.636280e-02;4.983207e-02;1.357766e-01;9.489737e-02;1.268126e-01;7.345036e-02;9.293117e-02;6.580267e-02
1.176787e-01;6.805995e-02;9.886988e-02;4.760743e-02;6.903516e-02;5.835507e-02;1.118145e-01;8.204117e-02;1.126832e-01;7.456024e-02;9.811795e-02;6.117668e-02
1.281794e-01;6.229024e-02;9.279057e-02;2.948732e-02;5.381989e-02;7.181431e-02;1.516596e-01;6.599871e-02;1.177124e-01;8.549894e-02;9.641552e-02;4.433309e-02
1.072731e-01;7.506096e-02;8.015613e-02;3.655305e-02;5.821399e-02;9.520225e-02;1.424868e-01;5.323355e-02;1.355694e-01;8.821201e-02;8.687271e-02;4.116602e-02
9.559569e-02;5.608337e-02;1.064651e-01;3.052503e-02;7.531369e-02;9.369475e-02;1.279576e-01;7.063015e-02;1.289834e-01;8.791454e-02;7.937073e-02;4.746599e-02
7.980238e-02;6.143916e-02;1.251747e-01;2.711692e-02;9.506170e-02;6.180556e-02;1.101558e-01;6.228692e-02;1.078481e-01;8.179473e-02;1.294927e-01;5.802138e-02
6.109279e-02;6.153833e-02;1.239968e-01;5.077789e-02;1.119960e-01;4.307620e-02;9.462184e-02;3.855401e-02;1.034949e-01;1.097477e-01;1.471016e-01;5.400179e-02
3.644009e-02;5.093861e-02;1.493400e-01;5.076702e-02;1.220072e-01;5.348589e-02;9.778818e-02;5.692228e-02;1.108340e-01;1.106426e-01;1.231491e-01;3.768503e-02
4.907317e-02;5.103817e-02;1.525664e-01;5.260753e-02;9.669689e-02;5.238957e-02;9.149896e-02;9.813787e-02;1.065467e-01;1.020000e-01;9.950445e-02;4.794021e-02
1.046407e-01;7.953283e-02;1.160667e-01;7.227759e-02;6.522837e-02;6.226122e-02;1.474103e-01;5.808711e-02;6.008677e-02;8.563542e-02;7.762983e-02;7.114311e-02
6.986412e-02;8.131064e-02;2.341500e-01;5.165835e-02;5.652916e-02;6.072491e-02;1.561722e-01;6.467094e-02;6.329732e-02;4.286762e-02;5.648160e-02;6.227301e-02
7.488000e-02;7.490126e-02;3.070609e-01;6.779078e-02;8.094489e-02;3.514806e-02;1.940915e-01;2.425928e-02;3.571106e-02;4.320627e-02;2.936648e-02;3.263950e-02
1.232373e-01;7.665435e-02;2.529595e-01;8.276365e-02;7.535805e-02;3.916559e-02;2.116443e-01;3.392699e-02;2.475130e-02;3.110841e-02;2.208283e-02;2.634776e-02
2.037574e-01;5.683606e-02;1.520146e-01;8.889668e-02;7.271749e-02;2.708465e-02;2.450069e-01;4.949054e-02;1.879427e-02;2.155790e-02;2.189617e-02;4.194738e-02
3.094619e-01;4.516204e-02;1.000103e-01;6.414758e-02;7.044717e-02;1.574570e-02;2.256465e-01;6.088446e-02;2.251865e-02;1.890195e-02;1.130670e-02;5.576706e-02
3.914549e-01;8.308361e-02;1.027791e-01;3.624775e-02;6.508126e-02;1.590362e-02;1.587168e-01;5.217326e-02;1.629547e-02;1.353422e-02;1.224566e-02;5.248435e-02
4.635203e-01;1.109721e-01;8.070854e-02;3.017037e-02;5.403475e-02;1.262960e-02;1.020231e-01;3.854930e-02;1.505524e-02;1.621006e-02;1.899504e-02;5.713153e-02
4.772998e-01;1.173071e-01;9.798598e-02;2.521200e-02;3.499576e-02;1.538759e-02;6.284100e-02;3.271674e-02;1.716574e-02;2.469573e-02;2.166446e-02;7.272810e-02
4.661266e-01;1.014199e-01;7.676696e-02;1.394730e-02;2.700612e-02;2.274343e-02;6.186851e-02;2.696029e-02;1.918195e-02;3.244236e-02;3.817071e-02;1.133659e-01
3.770080e-01;5.403450e-02;6.444613e-02;2.027074e-02;2.261807e-02;2.355584e-02;1.037938e-01;2.317168e-02;2.180050e-02;4.914827e-02;7.034309e-02;1.698094e-01
2.218121e-01;2.522180e-02;5.710427e-02;2.304045e-02;1.203128e-02;3.791971e-02;1.462305e-01;2.371361e-02;3.234072e-02;7.137200e-02;1.257284e-01;2.234851e-01
1.474419e-01;2.841051e-02;8.438084e-02;1.374979e-02;1.282099e-02;2.983352e-02;1.796645e-01;2.310720e-02;4.320251e-02;7.569858e-02;1.479606e-01;2.137290e-01
1.944245e-01;2.530858e-02;6.084965e-02;1.497865e-02;1.974405e-02;3.546845e-02;2.090276e-01;3.104522e-02;2.800075e-02;6.401126e-02;1.221160e-01;1.950252e-01
2.524117e-01;3.130599e-02;1.045908e-01;2.283049e-02;2.698022e-02;3.606208e-02;1.865765e-01;4.555295e-02;2.056574e-02;4.047585e-02;7.136615e-02;1.612815e-01
3.035361e-01;3.406715e-02;8.618302e-02;4.117331e-02;4.984230e-02;3.401049e-02;1.440627e-01;6.494466e-02;2.225092e-02;4.579384e-02;5.026375e-02;1.238718e-01
3.329389e-01;6.292664e-02;1.255297e-01;4.447387e-02;4.000967e-02;2.883977e-02;8.908143e-02;7.915818e-02;2.930041e-02;4.958573e-02;3.494467e-02;8.321106e-02
3.657971e-01;5.561373e-02;1.376331e-01;2.867981e-02;2.872174e-02;2.973146e-02;7.479911e-02;1.161154e-01;3.081236e-02;4.140678e-02;2.863568e-02;6.205368e-02
3.729815e-01;7.100426e-02;1.468713e-01;1.852955e-02;3.816731e-02;1.944784e-02;5.097369e-02;1.372465e-01;3.003801e-02;2.769848e-02;2.912250e-02;5.791897e-02
3.222423e-01;9.097513e-02;1.860524e-01;3.107976e-02;4.063186e-02;1.236291e-02;5.222221e-02;1.133104e-01;1.593429e-02;2.769027e-02;3.736039e-02;7.013815e-02
2.520671e-01;9.140210e-02;2.197110e-01;4.062864e-02;3.296649e-02;1.385709e-02;6.911080e-02;8.573428e-02;1.925834e-02;5.026412e-02;5.640393e-02;6.859608e-02
1.984894e-01;8.081548e-02;1.551807e-01;4.502984e-02;2.790399e-02;1.982339e-02;9.473723e-02;7.448903e-02;3.512720e-02;1.102331e-01;9.579717e-02;6.237353e-02
9.423327e-02;1.022812e-01;2.437877e-01;3.941189e-02;4.371163e-02;3.618060e-02;5.684381e-02;4.194330e-02;4.757076e-02;1.612280e-01;8.078464e-02;5.202331e-02
1.747478e-01;8.482687e-02;2.705215e-01;2.744425e-02;5.208041e-02;2.794802e-02;6.839587e-02;4.795074e-02;3.920561e-02;1.018634e-01;5.243991e-02;5.257561e-02
2.289607e-01;7.311275e-02;1.854755e-01;4.672953e-02;6.793480e-02;3.381069e-02;8.070756e-02;7.091880e-02;3.955483e-02;6.110789e-02;4.666251e-02;6.502444e-02
2.275079e-01;1.110476e-01;1.326705e-01;5.950956e-02;8.173606e-02;3.941787e-02;6.161001e-02;8.976825e-02;4.807268e-02;4.686181e-02;4.713478e-02;5.466295e-02
1.587040e-01;1.076628e-01;2.119380e-01;4.569190e-02;7.524807e-02;3.869740e-02;1.115914e-01;8.121538e-02;5.698707e-02;3.758747e-02;3.832943e-02;3.634705e-02
1.373179e-01;1.003887e-01;2.485197e-01;3.239339e-02;7.165270e-02;4.336419e-02;1.403133e-01;5.755089e-02;6.477386e-02;3.917235e-02;3.416766e-02;3.038532e-02
1.581894e-01;1.101065e-01;2.820110e-01;2.200289e-02;6.893791e-02;4.160682e-02;8.235360e-02;5.202539e-02;6.597064e-02;4.956600e-02;3.503195e-02;3.219796e-02
1.564006e-01;1.019235e-01;2.953414e-01;3.209015e-02;4.915912e-02;2.999434e-02;1.018296e-01;6.561452e-02;5.818962e-02;3.640280e-02;4.373535e-02;2.931908e-02
1.589355e-01;1.183431e-01;2.502822e-01;3.043552e-02;5.135432e-02;2.206668e-02;1.337071e-01;5.211278e-02;5.727564e-02;3.325175e-02;5.260528e-02;3.963014e-02
1.604625e-01;1.394144e-01;1.963833e-01;3.913285e-02;6.089316e-02;2.675857e-02;1.144668e-01;2.939109e-02;3.893323e-02;5.389646e-02;7.544670e-02;6.482088e-02
1.569207e-01;9.232584e-02;2.603990e-01;4.335051e-02;3.592687e-02;3.174235e-02;5.528659e-02;4.021300e-02;4.516521e-02;6.672601e-02;8.708833e-02;8.485551e-02
1.136880e-01;9.200266e-02;2.130539e-01;3.473207e-02;2.685960e-02;3.841727e-02;3.183949e-02;5.168092e-02;6.033774e-02;1.082130e-01;1.078558e-01;1.213195e-01
9.304509e-02;9.274073e-02;1.521804e-01;3.519519e-02;3.783048e-02;2.740435e-02;3.888540e-02;3.701482e-02;8.870754e-02;1.315092e-01;1.338759e-01;1.316109e-01
8.946349e-02;1.061909e-01;1.083679e-01;3.089081e-02;3.907897e-02;3.834169e-02;5.652065e-02;5.528082e-02;8.462548e-02;1.220052e-01;1.306543e-01;1.385796e-01
8.977684e-02;1.092791e-01;1.023220e-01;3.302686e-02;4.396185e-02;5.386506e-02;8.273697e-02;7.549368e-02;5.230159e-02;1.241494e-01;1.189300e-01;1.141566e-01
7.061172e-02;8.404995e-02;6.321608e-02;4.764756e-02;6.617267e-02;6.455278e-02;1.489818e-01;5.851412e-02;9.562578e-02;1.119197e-01;1.316373e-01;5.707044e-02
7.435309e-02;7.111262e-02;9.349609e-02;6.908888e-02;7.440136e-02;4.418260e-02;1.458456e-01;7.121903e-02;1.292813e-01;8.890297e-02;9.697796e-02;4.113846e-02
6.391857e-02;7.937994e-02;1.140217e-01;8.252905e-02;8.205225e-02;7.380050e-02;1.277093e-01;8.963625e-02;1.053259e-01;6.721897e-02;7.701426e-02;3.739335e-02
5.611916e-02;5.714829e-02;1.214192e-01;6.703629e-02;8.932156e-02;1.161750e-01;1.280818e-01;1.026420e-01;6.955156e-02;9.306575e-02;6.854153e-02;3.089787e-02
6.702235e-02;7.834794e-02;1.228925e-01;5.256837e-02;6.300074e-02;9.733289e-02;1.207930e-01;7.147337e-02;5.654521e-02;1.483807e-01;7.360681e-02;4.803620e-02
6.814837e-02;9.295592e-02;1.281965e-01;6.458430e-02;5.406300e-02;8.008540e-02;1.121294e-01;7.991453e-02;3.824099e-02;1.320055e-01;9.631298e-02;5.336306e-02
1.014106e-01;7.231939e-02;1.102769e-01;7.364585e-02;8.753440e-02;9.450574e-02;7.932941e-02;8.080135e-02;5.679580e-02;9.843511e-02;7.343365e-02;7.151178e-02
1.077795e-01;4.705325e-02;1.957236e-01;6.307214e-02;1.000190e-01;6.549710e-02;9.776189e-02;8.538065e-02;6.025627e-02;5.528290e-02;6.823428e-02;5.393936e-02
1.115392e-01;5.167386e-02;1.709393e-01;6.499066e-02;1.074357e-01;4.970230e-02;1.354832e-01;8.801153e-02;6.240974e-02;5.869080e-02;6.226595e-02;3.685768e-02
8.405276e-02;6.670076e-02;1.560518e-01;6.712183e-02;8.901190e-02;5.040912e-02;1.448422e-01;7.093456e-02;8.911615e-02;8.984701e-02;3.959744e-02;5.231450e-02
7.158184e-02;8.227808e-02;1.564391e-01;5.986434e-02;8.379606e-02;5.751424e-02;1.212497e-01;3.721063e-02;9.096754e-02;1.047274e-01;6.109507e-02;7.327593e-02
4.980461e-02;9.806337e-02;1.166923e-01;5.673373e-02;7.827324e-02;5.208589e-02;1.334323e-01;4.737471e-02;9.000968e-02;1.221467e-01;8.059309e-02;7.479042e-02
4.667297e-02;1.027142e-01;9.998688e-02;4.614382e-02;6.042400e-02;8.818448e-02;1.956451e-01;8.035214e-02;8.842069e-02;8.602967e-02;5.402673e-02;5.139935e-02
6.337909e-02;9.218094e-02;7.514370e-02;3.898498e-02;4.827226e-02;8.074851e-02;1.800906e-01;8.757620e-02;1.151620e-01;7.830985e-02;6.865776e-02;7.149400e-02
