6.072870e-02;6.918769e-02;1.164583e-01;9.869484e-02;5.398215e-02;8.806562e-02;8.149152e-02;1.506272e-01;1.261002e-01;4.065667e-02;6.470273e-02;4.930444e-02
8.047962e-02;6.375424e-02;4.975761e-02;6.408913e-02;4.302052e-02;1.192003e-01;1.145567e-01;1.038400e-01;1.007686e-01;9.728559e-02;8.824249e-02;7.500523e-02
8.991974e-02;1.036668e-01;1.050180e-01;7.239509e-02;6.564569e-02;6.581382e-02;5.976999e-02;1.221540e-01;1.039385e-01;1.158729e-01;6.163687e-02;3.416857e-02
8.069808e-02;9.817146e-02;1.019619e-01;7.719374e-02;6.440015e-02;7.149060e-02;7.002691e-02;1.229269e-01;1.013195e-01;1.048968e-01;6.238717e-02;4.452685e-02
7.560841e-02;8.972367e-02;9.419402e-02;7.800413e-02;6.114744e-02;7.581172e-02;8.197673e-02;1.300251e-01;1.042330e-01;9.817164e-02;6.063196e-02;5.047220e-02
6.751166e-02;8.143023e-02;7.713823e-02;7.583752e-02;5.607105e-02;8.616696e-02;9.729579e-02;1.390405e-01;1.114637e-01;9.753852e-02;6.166269e-02;4.884326e-02
6.711286e-02;9.088777e-02;6.175369e-02;5.715729e-02;6.334474e-02;1.426824e-01;1.355903e-01;7.682279e-02;7.484765e-02;1.046359e-01;8.831333e-02;3.685120e-02
5.252922e-02;6.118476e-02;7.405616e-02;6.151066e-02;6.681632e-02;1.151210e-01;1.087174e-01;1.291135e-01;9.052216e-02;9.754544e-02;7.547019e-02;6.741317e-02
6.215906e-02;5.647538e-02;7.912301e-02;6.655426e-02;6.621904e-02;9.665155e-02;9.780551e-02;1.391460e-01;9.490087e-02;1.032843e-01;8.041160e-02;5.726942e-02
7.295418e-02;4.975992e-02;8.789892e-02;7.454262e-02;6.563391e-02;8.584070e-02;8.037902e-02;1.521470e-01;9.706336e-02;1.143543e-01;7.947068e-02;3.995539e-02
7.683300e-02;4.120032e-02;8.281419e-02;8.005086e-02;7.068337e-02;1.092834e-01;9.716780e-02;1.531855e-01;8.043269e-02;1.025632e-01;7.228091e-02;3.350477e-02
7.471943e-02;6.296713e-02;7.628600e-02;7.857361e-02;6.702255e-02;1.233131e-01;9.386306e-02;1.493366e-01;7.161451e-02;6.532738e-02;8.735324e-02;4.962345e-02
2.850977e-02;6.640553e-02;7.540963e-02;7.148758e-02;7.968231e-02;1.673852e-01;7.892591e-02;1.545386e-01;9.135170e-02;3.429113e-02;9.472492e-02;5.728766e-02
3.002952e-02;6.643981e-02;6.208641e-02;5.617972e-02;6.706198e-02;1.855723e-01;8.501596e-02;1.769242e-01;8.641323e-02;4.548115e-02;7.649730e-02;6.229837e-02
3.403159e-02;7.905910e-02;7.432053e-02;3.728367e-02;7.595024e-02;1.910846e-01;1.166026e-01;1.520744e-01;6.102070e-02;5.231169e-02;7.261268e-02;5.364821e-02
3.814977e-02;8.308531e-02;1.294451e-01;4.761320e-02;9.579869e-02;1.928344e-01;1.172749e-01;1.051188e-01;3.788004e-02;5.461647e-02;6.115423e-02;3.702913e-02
5.713174e-02;9.210406e-02;1.194070e-01;5.797660e-02;7.172211e-02;1.644250e-01;1.086177e-01;1.222156e-01;6.919543e-02;3.716953e-02;5.410174e-02;4.593354e-02
5.913291e-02;7.145850e-02;5.614789e-02;3.017829e-02;6.428492e-02;1.309789e-01;8.631232e-02;1.828125e-01;1.083206e-01;1.012123e-01;7.082954e-02;3.833134e-02
4.702232e-02;5.452046e-02;5.107029e-02;2.785756e-02;8.232388e-02;8.732520e-02;8.096912e-02;2.273396e-01;1.048464e-01;1.411554e-01;6.714828e-02;2.842148e-02
4.607338e-02;7.502785e-02;6.035537e-02;5.290831e-02;8.011340e-02;1.650304e-01;5.283595e-02;1.880655e-01;1.214176e-01;9.878985e-02;4.090371e-02;1.847870e-02
3.062087e-02;7.351453e-02;4.944094e-02;5.724381e-02;6.351294e-02;2.247040e-01;5.189330e-02;1.441087e-01;1.599453e-01;7.835677e-02;3.549957e-02;3.115930e-02
1.388950e-02;5.293692e-02;5.074141e-02;6.678770e-02;6.554797e-02;1.878589e-01;5.806831e-02;1.351743e-01;1.789951e-01;1.132986e-01;3.875234e-02;3.794901e-02
2.165424e-02;3.549312e-02;5.689736e-02;5.571186e-02;6.868652e-02;1.066214e-01;6.778304e-02;1.953851e-01;1.852698e-01;1.381106e-01;4.276968e-02;2.561726e-02
2.423488e-02;4.796829e-02;4.910879e-02;4.997441e-02;8.337399e-02;1.015464e-01;8.146064e-02;1.896724e-01;1.915467e-01;1.408005e-01;2.288820e-02;1.742480e-02
2.679909e-02;4.770458e-02;4.849902e-02;3.704740e-02;5.716064e-02;1.785690e-01;1.138739e-01;1.460590e-01;1.517959e-01;1.180890e-01;3.772872e-02;3.667375e-02
2.327152e-02;4.541778e-02;4.782489e-02;4.323101e-02;9.766315e-02;1.452846e-01;1.211724e-01;1.614094e-01;1.373534e-01;9.211998e-02;3.215199e-02;5.309987e-02
2.561275e-02;5.270579e-02;7.525302e-02;8.397493e-02;1.155259e-01;1.272180e-01;1.347543e-01;1.192755e-01;1.196348e-01;6.557361e-02;2.968675e-02;5.078467e-02
6.693289e-02;8.220788e-02;1.217736e-01;1.144868e-01;7.052604e-02;1.121653e-01;8.990225e-02;1.550770e-01;9.213642e-02;2.979219e-02;2.642890e-02;3.857065e-02
6.213634e-02;1.404634e-01;1.862808e-01;6.851397e-02;4.998682e-02;7.301297e-02;4.608509e-02;1.627845e-01;7.177725e-02;2.200887e-02;4.592608e-02;7.102399e-02
4.264756e-02;1.586510e-01;2.637697e-01;2.991882e-02;3.173460e-02;4.818929e-02;3.890270e-02;1.908522e-01;5.195146e-02;1.589242e-02;4.413496e-02;8.335526e-02
1.845552e-02;1.185030e-01;3.089952e-01;4.497655e-02;1.254080e-02;6.035086e-02;2.402947e-02;2.212152e-01;5.546499e-02;9.156072e-03;2.633116e-02;9.998117e-02
1.713342e-02;6.111755e-02;2.623349e-01;1.428112e-01;2.409943e-02;6.932586e-02;1.556796e-02;2.111874e-01;8.246799e-02;7.294612e-03;1.097336e-02;9.568637e-02
4.726195e-02;2.738913e-02;1.729597e-01;2.729306e-01;4.686467e-02;5.631480e-02;2.158948e-02;1.556988e-01;1.188220e-01;9.008066e-03;1.014488e-02;6.101588e-02
7.416042e-02;8.477476e-03;1.007211e-01;3.261266e-01;8.545489e-02;3.029922e-02;5.748383e-02;1.042624e-01;1.456022e-01;1.562124e-02;1.768933e-02;3.410133e-02
8.221252e-02;1.089285e-02;6.358646e-02;2.952896e-01;1.133959e-01;2.492850e-02;1.085898e-01;8.455476e-02;1.539889e-01;2.559820e-02;1.684412e-02;2.011836e-02
7.852651e-02;1.536776e-02;4.502418e-02;2.595050e-01;1.481138e-01;1.533048e-02;1.358352e-01;8.877022e-02;1.543151e-01;3.316027e-02;1.131213e-02;1.473933e-02
7.490839e-02;1.570190e-02;5.347312e-02;2.172704e-01;1.537504e-01;2.844933e-02;1.132724e-01;1.051886e-01;1.643735e-01;3.902122e-02;1.732531e-02;1.726542e-02
9.439263e-02;6.794511e-03;4.569501e-02;2.265003e-01;1.114503e-01;2.310568e-02;8.910772e-02;1.013359e-01;1.919418e-01;5.151983e-02;3.774456e-02;2.041176e-02
1.099342e-01;8.980632e-03;4.769374e-02;2.317999e-01;8.375481e-02;1.775596e-02;5.859145e-02;1.062013e-01;2.094305e-01;4.924215e-02;6.120053e-02;1.541477e-02
1.010735e-01;1.864024e-02;7.697810e-02;2.049282e-01;7.111538e-02;2.598025e-02;3.664400e-02;1.453019e-01;1.893968e-01;3.305157e-02;7.341053e-02;2.347960e-02
7.486928e-02;4.081734e-02;1.138910e-01;1.513024e-01;6.917515e-02;2.959065e-02;4.507005e-02;2.042351e-01;1.482397e-01;2.507546e-02;6.403145e-02;3.370251e-02
6.717006e-02;5.827913e-02;1.232132e-01;8.527335e-02;8.139363e-02;8.076033e-02;6.336029e-02;2.452789e-01;8.683638e-02;4.263100e-02;3.824985e-02;2.755390e-02
8.193890e-02;8.232095e-02;7.828484e-02;4.916848e-02;6.541566e-02;1.177465e-01;1.026286e-01;1.839053e-01;1.056032e-01;6.921413e-02;2.895227e-02;3.482120e-02
6.811184e-02;1.467632e-01;6.294920e-02;6.565186e-02;6.057315e-02;8.945981e-02;1.348635e-01;1.398455e-01;9.809773e-02;6.322794e-02;2.667099e-02;4.378529e-02
4.510017e-02;1.765598e-01;9.068181e-02;1.510745e-01;8.608244e-02;7.608985e-02;9.824390e-02;1.089258e-01;6.836729e-02;4.536809e-02;1.386809e-02;3.963828e-02
3.143916e-02;1.076137e-01;1.340341e-01;1.614277e-01;9.605369e-02;8.774842e-02;5.979399e-02;1.121761e-01;7.939438e-02;5.567023e-02;3.271641e-02;4.193223e-02
2.671831e-02;5.631511e-02;1.293585e-01;1.450594e-01;1.157777e-01;1.074987e-01;6.867670e-02;1.193243e-01;9.005693e-02;6.842782e-02;3.902893e-02;3.375754e-02
1.797072e-02;6.470769e-02;9.169422e-02;1.495486e-01;9.915165e-02;1.264895e-01;6.718656e-02;1.446060e-01;1.088167e-01;7.746664e-02;2.780843e-02;2.455333e-02
2.400083e-02;4.989518e-02;8.967125e-02;2.026285e-01;1.192389e-01;1.228503e-01;7.899471e-02;1.099071e-01;1.036120e-01;5.449152e-02;2.500821e-02;1.970161e-02
2.026651e-02;5.304567e-02;8.906496e-02;2.570487e-01;1.363425e-01;8.181353e-02;9.176843e-02;1.085020e-01;9.620823e-02;3.549773e-02;2.400047e-02;6.441261e-03
9.726189e-03;5.869477e-02;8.627415e-02;2.306371e-01;1.322610e-01;1.123104e-01;7.959477e-02;1.453693e-01;8.669709e-02;2.857044e-02;1.877422e-02;1.109062e-02
1.631937e-02;8.933621e-02;1.052157e-01;1.339812e-01;9.633894e-02;1.738112e-01;5.201695e-02;1.874461e-01;9.994221e-02;1.766480e-02;1.714385e-02;1.078352e-02
1.594863e-02;9.880184e-02;9.147348e-02;7.698391e-02;7.375665e-02;2.552868e-01;3.394939e-02;2.162860e-01;1.007927e-01;1.962292e-02;9.008359e-03;8.089406e-03
2.344543e-02;7.623606e-02;8.455167e-02;7.433651e-02;6.171188e-02;3.426927e-01;3.247653e-02;1.947068e-01;7.536067e-02;1.900802e-02;5.857236e-03;9.616519e-03
2.654993e-02;8.032170e-02;9.771150e-02;7.009283e-02;4.435545e-02;4.025097e-01;4.276887e-02;1.596561e-01;3.995805e-02;1.877203e-02;5.536430e-03;1.176738e-02
2.991304e-02;4.227597e-02;1.361643e-01;6.997445e-02;3.633972e-02;3.439473e-01;3.446782e-02;2.106551e-01;5.679686e-02;2.017131e-02;9.220655e-03;1.007358e-02
3.395369e-02;9.705801e-02;1.620348e-01;9.249576e-02;5.577901e-02;2.193269e-01;3.482325e-02;1.828924e-01;7.501756e-02;2.051052e-02;1.364789e-02;1.246024e-02
2.501274e-02;9.030463e-02;1.865010e-01;1.696527e-01;1.109749e-01;9.252886e-02;4.129346e-02;1.473103e-01;9.087525e-02;2.079886e-02;1.064465e-02;1.410268e-02
2.164504e-02;5.482786e-02;1.252366e-01;1.946748e-01;1.286472e-01;1.030739e-01;2.756255e-02;2.090852e-01;1.051405e-01;1.415149e-02;7.005787e-03;8.948956e-03
1.923969e-02;5.687046e-02;9.624173e-02;2.296616e-01;1.459753e-01;1.108135e-01;3.743359e-02;1.369649e-01;1.273863e-01;2.161362e-02;9.573811e-03;8.225468e-03
1.226497e-02;5.191050e-02;1.402042e-01;2.513426e-01;1.324241e-01;9.401327e-02;3.518884e-02;1.086880e-01;1.270110e-01;2.793669e-02;1.152184e-02;7.493990e-03
1.086465e-02;4.499156e-02;1.722280e-01;1.981253e-01;9.740577e-02;9.849617e-02;4.437067e-02;1.308531e-01;1.455516e-01;2.331395e-02;2.300574e-02;1.079344e-02
1.012598e-02;6.813738e-02;1.602142e-01;1.066953e-01;7.062946e-02;1.206406e-01;7.431059e-02;1.411458e-01;1.477987e-01;2.860963e-02;4.465866e-02;2.703364e-02
1.308409e-02;1.128322e-01;1.991748e-01;5.868113e-02;4.489968e-02;1.106531e-01;9.853149e-02;1.204680e-01;1.070118e-01;4.132325e-02;5.457060e-02;3.876990e-02
1.786222e-02;1.123172e-01;2.022600e-01;6.206246e-02;4.898443e-02;1.030974e-01;7.890023e-02;1.621905e-01;7.458053e-02;4.964919e-02;4.996438e-02;3.813156e-02
1.644688e-02;1.225376e-01;1.647200e-01;6.696026e-02;5.026998e-02;1.053711e-01;1.096596e-01;1.388521e-01;8.279915e-02;3.596516e-02;6.838504e-02;3.803313e-02
2.368773e-02;1.381407e-01;1.248849e-01;5.581536e-02;4.252036e-02;1.281680e-01;1.643809e-01;1.073341e-01;6.233563e-02;4.149541e-02;6.764124e-02;4.359568e-02
3.891610e-02;1.113977e-01;6.720733e-02;4.710755e-02;2.581307e-02;2.183919e-01;1.923699e-01;8.072403e-02;3.009271e-02;1.045223e-01;3.559171e-02;4.786565e-02
5.873698e-02;5.281063e-02;2.007270e-02;4.606304e-02;2.325472e-02;3.350843e-01;1.486930e-01;6.736159e-02;1.992012e-02;1.708226e-01;2.011372e-02;3.706660e-02
7.243061e-02;2.960693e-02;1.025652e-02;4.572136e-02;3.704058e-02;4.105101e-01;7.221478e-02;9.018892e-02;2.508197e-02;1.699632e-01;1.630875e-02;2.067628e-02
7.243424e-02;3.773674e-02;1.643940e-02;4.773547e-02;7.062808e-02;4.162588e-01;5.952564e-02;9.654996e-02;2.444384e-02;1.308601e-01;7.712102e-03;1.967563e-02
6.371860e-02;5.728466e-02;3.934778e-02;5.201865e-02;8.347668e-02;3.812993e-01;3.519846e-02;1.123856e-01;4.483916e-02;9.157218e-02;1.280386e-02;2.605501e-02
5.177759e-02;8.212652e-02;6.974419e-02;4.999258e-02;5.254607e-02;3.598416e-01;4.807038e-02;1.363007e-01;5.068782e-02;5.677713e-02;1.378306e-02;2.835236e-02
4.921014e-02;5.377723e-02;9.663969e-02;5.124155e-02;4.515511e-02;3.627572e-01;4.227696e-02;1.315446e-01;4.326525e-02;6.833174e-02;2.273342e-02;3.306718e-02
3.549022e-02;6.941252e-02;7.497678e-02;5.961734e-02;1.987607e-02;2.878562e-01;3.878067e-02;1.767226e-01;5.816187e-02;1.168130e-01;3.859561e-02;2.369722e-02
3.420878e-02;1.005235e-01;8.783202e-02;4.451866e-02;2.755170e-02;2.171721e-01;6.159856e-02;2.182485e-01;5.934448e-02;1.064360e-01;2.377217e-02;1.879356e-02
3.105441e-02;1.315194e-01;1.102595e-01;4.764010e-02;5.484085e-02;2.078828e-01;8.290739e-02;1.544028e-01;6.195607e-02;7.900234e-02;1.764097e-02;2.089333e-02
1.914884e-02;7.553877e-02;1.039271e-01;4.037425e-02;4.881486e-02;2.777862e-01;1.472553e-01;1.169452e-01;6.320399e-02;7.592755e-02;1.537625e-02;1.570175e-02
1.829486e-02;6.282149e-02;9.724590e-02;3.706769e-02;4.772732e-02;2.126829e-01;1.913628e-01;1.523530e-01;6.473982e-02;8.036818e-02;1.471333e-02;2.062273e-02
1.168658e-02;4.846534e-02;1.016399e-01;8.305153e-02;4.879981e-02;1.371090e-01;2.448557e-01;1.018950e-01;8.343693e-02;7.372760e-02;3.501308e-02;3.031943e-02
1.066663e-02;3.231590e-02;8.811501e-02;7.339500e-02;2.663978e-02;2.519289e-01;1.940875e-01;1.271880e-01;7.756356e-02;5.101999e-02;4.332006e-02;2.375964e-02
8.507214e-03;5.280684e-02;1.170407e-01;6.521290e-02;6.852395e-02;2.587294e-01;1.401575e-01;1.358447e-01;5.798446e-02;4.478745e-02;3.394509e-02;1.645982e-02
2.721291e-02;1.102364e-01;1.131332e-01;6.021082e-02;8.683331e-02;1.870851e-01;7.749572e-02;1.402835e-01;7.440419e-02;5.461428e-02;4.769625e-02;2.079429e-02
5.181440e-02;1.085176e-01;6.150651e-02;5.273994e-02;6.714544e-02;2.688251e-01;5.120566e-02;1.309438e-01;6.193410e-02;6.367373e-02;5.765605e-02;2.403763e-02
6.861828e-02;9.121591e-02;3.560205e-02;3.833771e-02;4.790761e-02;3.530842e-01;3.714160e-02;9.644856e-02;4.478087e-02;7.026095e-02;8.842966e-02;2.817257e-02
6.154004e-02;6.647422e-02;4.977501e-02;3.717297e-02;7.609876e-02;3.432904e-01;4.804699e-02;4.352060e-02;6.221197e-02;5.622356e-02;1.124370e-01;4.320841e-02
3.711173e-02;5.162854e-02;5.881958e-02;5.096365e-02;1.453430e-01;2.790366e-01;4.882396e-02;3.781456e-02;8.307959e-02;3.364525e-02;1.003117e-01;7.342181e-02
2.180604e-02;4.161197e-02;7.269679e-02;7.768439e-02;1.813232e-01;1.962908e-01;5.328298e-02;6.747420e-02;8.429767e-02;4.143621e-02;6.706408e-02;9.503167e-02
2.208607e-02;5.234233e-02;1.124646e-01;1.139187e-01;1.463190e-01;1.998557e-01;3.695133e-02;7.645789e-02;4.681440e-02;5.781616e-02;5.579641e-02;7.917735e-02
3.283979e-02;7.265322e-02;1.691993e-01;1.210737e-01;9.124852e-02;1.939482e-01;4.259804e-02;8.942862e-02;4.507603e-02;4.801769e-02;4.135901e-02;5.255790e-02
3.536847e-02;1.288009e-01;1.915766e-01;7.022978e-02;7.878039e-02;1.923248e-01;5.683997e-02;6.979139e-02;7.067497e-02;3.410788e-02;4.166162e-02;2.984315e-02
3.639940e-02;7.717304e-02;1.703940e-01;7.610551e-02;3.787120e-02;2.349870e-01;4.629647e-02;1.295869e-01;8.271174e-02;2.840025e-02;5.249026e-02;2.758434e-02
2.643701e-02;7.306915e-02;1.150955e-01;8.736432e-02;7.705612e-02;2.791653e-01;6.272387e-02;1.398661e-01;6.792779e-02;2.171165e-02;3.422958e-02;1.535355e-02
1.964675e-02;7.136151e-02;5.581602e-02;6.574891e-02;5.497072e-02;3.626030e-01;1.073971e-01;1.281821e-01;6.029529e-02;3.387431e-02;2.896391e-02;1.114037e-02
2.081456e-02;6.171389e-02;3.508159e-02;6.093087e-02;9.065821e-02;3.537850e-01;1.564133e-01;1.177531e-01;4.686438e-02;2.426478e-02;1.926287e-02;1.245747e-02
1.227685e-02;5.634484e-02;4.926444e-02;7.787109e-02;1.105867e-01;2.854409e-01;1.907750e-01;1.011726e-01;5.029983e-02;2.460843e-02;2.464352e-02;1.671585e-02
1.740276e-02;5.900174e-02;8.746537e-02;9.374097e-02;9.263977e-02;2.885171e-01;1.241800e-01;1.000535e-01;5.742444e-02;3.101530e-02;3.153102e-02;1.702799e-02
2.790380e-02;6.330905e-02;1.535272e-01;9.459782e-02;3.529292e-02;2.896124e-01;7.438795e-02;1.193449e-01;5.908852e-02;2.942744e-02;3.181795e-02;2.169012e-02
3.223898e-02;4.658315e-02;1.439513e-01;9.486044e-02;7.315975e-02;1.991377e-01;1.294226e-01;1.561030e-01;4.571412e-02;3.064157e-02;2.362406e-02;2.456327e-02
2.748463e-02;5.588442e-02;1.207751e-01;1.090616e-01;7.889466e-02;2.232571e-01;1.148585e-01;1.328831e-01;7.588457e-02;2.808531e-02;1.649189e-02;1.643919e-02
2.470385e-02;8.059256e-02;9.868530e-02;1.338492e-01;1.026632e-01;1.637770e-01;1.077294e-01;1.430481e-01;9.515306e-02;2.433778e-02;1.447076e-02;1.098975e-02
3.567733e-02;1.042742e-01;9.413041e-02;1.030796e-01;5.345986e-02;1.675143e-01;1.598065e-01;1.431049e-01;8.083925e-02;2.690729e-02;1.424585e-02;1.696056e-02
2.828819e-02;1.186843e-01;8.209212e-02;7.066149e-02;4.802720e-02;2.202422e-01;1.553309e-01;1.687347e-01;5.423855e-02;2.104119e-02;1.542097e-02;1.723808e-02
1.993990e-02;1.167947e-01;1.027441e-01;6.182737e-02;8.639991e-02;2.684472e-01;1.011063e-01;1.587579e-01;3.104261e-02;2.047670e-02;1.613458e-02;1.632870e-02
1.923221e-02;8.283804e-02;1.413592e-01;5.991324e-02;4.505652e-02;3.076561e-01;8.471812e-02;1.281980e-01;7.556486e-02;3.030663e-02;1.523946e-02;9.917547e-03
1.595455e-02;5.160369e-02;1.197322e-01;5.445516e-02;8.463963e-02;3.185709e-01;9.521291e-02;1.350910e-01;6.592084e-02;3.729105e-02;1.075518e-02;1.077285e-02
1.688837e-02;8.493247e-02;9.812416e-02;8.906142e-02;6.204748e-02;2.280775e-01;6.799701e-02;1.607746e-01;1.247268e-01;4.007417e-02;1.290024e-02;1.439577e-02
1.595536e-02;1.020222e-01;1.220039e-01;7.229030e-02;3.271626e-02;1.492934e-01;3.326014e-02;2.469148e-01;1.854253e-01;2.290036e-02;7.521928e-03;9.696045e-03
1.101016e-02;7.194062e-02;1.081794e-01;3.156278e-02;3.114543e-02;2.111365e-01;2.235606e-02;3.141165e-01;1.712488e-01;1.779798e-02;4.789588e-03;4.716162e-03
6.640675e-03;3.333497e-02;6.502140e-02;2.575961e-02;3.716151e-02;2.258063e-01;1.586998e-02;4.127449e-01;1.547485e-01;1.806244e-02;2.483440e-03;2.366163e-03
4.631070e-03;1.957247e-02;5.137321e-02;2.475992e-02;5.029005e-02;1.419145e-01;1.555981e-02;4.775415e-01;1.804157e-01;3.000398e-02;1.733815e-03;2.203989e-03
4.070339e-03;2.023806e-02;4.935119e-02;4.755843e-02;5.207840e-02;4.731425e-02;1.461876e-02;4.526010e-01;2.467946e-01;6.086693e-02;2.475410e-03;2.032630e-03
5.806926e-03;7.721814e-03;3.935587e-02;7.231372e-02;3.985230e-02;7.178242e-02;2.627695e-02;3.552120e-01;2.934073e-01;7.941471e-02;5.749472e-03;3.106559e-03
6.313891e-03;1.646482e-02;5.138052e-02;5.991950e-02;8.351842e-02;9.866522e-02;4.550048e-02;2.596905e-01;2.954711e-01;6.879832e-02;9.888529e-03;4.388759e-03
4.919818e-03;1.249487e-02;4.477504e-02;3.741088e-02;2.084591e-01;1.284715e-01;3.144936e-02;1.594968e-01;2.451107e-01;1.091961e-01;1.358486e-02;4.630999e-03
6.304584e-03;2.556568e-02;1.797201e-02;2.994818e-02;2.363276e-01;9.901295e-02;1.528095e-02;1.674315e-01;2.588238e-01;1.238263e-01;1.404423e-02;5.462260e-03
9.154449e-03;4.203442e-02;2.040145e-02;5.220808e-02;1.832232e-01;5.925355e-02;1.274105e-02;2.058041e-01;2.787750e-01;1.092474e-01;2.013923e-02;7.018087e-03
1.210115e-02;5.821714e-02;2.466207e-02;8.065064e-02;1.506768e-01;6.852561e-02;1.560466e-02;2.070050e-01;2.404964e-01;1.016705e-01;3.029670e-02;1.009337e-02
1.111148e-02;4.653227e-02;2.092127e-02;1.122572e-01;9.725378e-02;1.020993e-01;1.250288e-02;2.237199e-01;2.348334e-01;9.712005e-02;2.995626e-02;1.169240e-02
7.610358e-03;4.833493e-02;1.240062e-02;1.043527e-01;9.971378e-02;1.135273e-01;1.281096e-02;2.070530e-01;2.194324e-01;1.366246e-01;2.856531e-02;9.574013e-03
6.931068e-03;5.350622e-02;1.158057e-02;7.230815e-02;1.993407e-01;7.713524e-02;1.791671e-02;1.213729e-01;2.495735e-01;1.523001e-01;2.813968e-02;9.895094e-03
9.286743e-03;3.255711e-02;4.096734e-02;5.086004e-02;2.438886e-01;5.838696e-02;2.345972e-02;1.014953e-01;2.741047e-01;1.305541e-01;2.483195e-02;9.607407e-03
1.314874e-02;1.840192e-02;6.864444e-02;7.011906e-02;1.415672e-01;8.520433e-02;4.715049e-02;1.586951e-01;2.846797e-01;8.205460e-02;2.143192e-02;8.902446e-03
1.984099e-02;3.831505e-02;6.465064e-02;8.249959e-02;5.260561e-02;8.321290e-02;5.190052e-02;2.213680e-01;2.981868e-01;5.562334e-02;1.961013e-02;1.218644e-02
1.902157e-02;5.516700e-02;6.957054e-02;5.620588e-02;4.595512e-02;9.783747e-02;5.060722e-02;2.938223e-01;2.474690e-01;3.788664e-02;1.376683e-02;1.269051e-02
1.024439e-02;3.381997e-02;1.000694e-01;3.604836e-02;5.582885e-02;1.319872e-01;5.078867e-02;3.819186e-01;1.480458e-01;2.748940e-02;8.889714e-03;1.486953e-02
3.308737e-03;2.252739e-02;8.684184e-02;3.234777e-02;4.464628e-02;1.541457e-01;4.127027e-02;3.989289e-01;1.643377e-01;2.779799e-02;5.462741e-03;1.838461e-02
3.770086e-03;2.899876e-02;7.776225e-02;5.054329e-02;5.727773e-02;9.880169e-02;3.682362e-02;4.283016e-01;1.623017e-01;2.601341e-02;1.049522e-02;1.891056e-02
4.677960e-03;4.268644e-02;5.891183e-02;5.456483e-02;9.265143e-02;8.726051e-02;5.852699e-02;4.149817e-01;1.285152e-01;2.373307e-02;2.254305e-02;1.094695e-02
7.154509e-03;6.509428e-02;4.354166e-02;4.465126e-02;9.572510e-02;1.515452e-01;9.545533e-02;3.153995e-01;1.299475e-01;1.793851e-02;2.976133e-02;3.785710e-03
1.217529e-02;8.481579e-02;4.953250e-02;7.559380e-02;7.181202e-02;2.196529e-01;9.764113e-02;2.316363e-01;9.729299e-02;2.541085e-02;2.847015e-02;5.966190e-03
1.794522e-02;6.142390e-02;2.373216e-02;1.212006e-01;4.433505e-02;2.860771e-01;5.059094e-02;2.418580e-01;8.897161e-02;3.832027e-02;1.833466e-02;7.210562e-03
2.588909e-02;3.708446e-02;2.555715e-02;1.019972e-01;4.077648e-02;3.586365e-01;1.825255e-02;2.497738e-01;7.295944e-02;4.591344e-02;1.616362e-02;6.996365e-03
3.242188e-02;5.683737e-02;8.883742e-02;4.713475e-02;5.882811e-02;3.791660e-01;4.751767e-02;1.609556e-01;5.427907e-02;3.713996e-02;2.254165e-02;1.434053e-02
2.953768e-02;8.445301e-02;1.086290e-01;5.575890e-02;1.009334e-01;2.959121e-01;6.505620e-02;1.256706e-01;5.043168e-02;2.655625e-02;1.697680e-02;4.008440e-02
2.546017e-02;7.075026e-02;9.830122e-02;6.885946e-02;1.433859e-01;2.411642e-01;5.585065e-02;1.155144e-01;5.867815e-02;2.865139e-02;2.298699e-02;7.039730e-02
2.387095e-02;5.229668e-02;7.501362e-02;1.128551e-01;1.979848e-01;1.810959e-01;3.757695e-02;6.297220e-02;7.183279e-02;4.547958e-02;3.899664e-02;1.000249e-01
3.260807e-02;7.416582e-02;7.737688e-02;1.244355e-01;1.917079e-01;1.297746e-01;3.165336e-02;9.649426e-02;5.849018e-02;6.665490e-02;4.060865e-02;7.602993e-02
4.761172e-02;8.600730e-02;9.567032e-02;1.351042e-01;1.463339e-01;1.304452e-01;1.899466e-02;1.317973e-01;3.536488e-02;6.724896e-02;4.937318e-02;5.604828e-02
7.175291e-02;9.559044e-02;9.572753e-02;1.700871e-01;1.251059e-01;7.188076e-02;1.359345e-02;1.391443e-01;3.707345e-02;5.265085e-02;7.203737e-02;5.535590e-02
6.560544e-02;1.237373e-01;1.214877e-01;1.929435e-01;1.141857e-01;9.292002e-02;1.368786e-02;1.138371e-01;1.983473e-02;3.297263e-02;7.929495e-02;2.949315e-02
3.139308e-02;1.362254e-01;1.579778e-01;1.796445e-01;9.710452e-02;8.699198e-02;3.243346e-02;1.123644e-01;4.625044e-02;2.157328e-02;7.269752e-02;2.534373e-02
1.102415e-02;1.500611e-01;1.956833e-01;1.755657e-01;9.961523e-02;4.936115e-02;4.061602e-02;1.150255e-01;5.510398e-02;1.772743e-02;6.489875e-02;2.531769e-02
8.409142e-03;1.461435e-01;2.465921e-01;1.736567e-01;8.968013e-02;9.487052e-02;3.053786e-02;8.980460e-02;3.190255e-02;1.624410e-02;5.386143e-02;1.829742e-02
1.109453e-02;1.150374e-01;2.485869e-01;1.471380e-01;9.527869e-02;9.297466e-02;3.683721e-02;1.130834e-01;6.244944e-02;1.792102e-02;4.316809e-02;1.643062e-02
8.796347e-03;1.077546e-01;2.677337e-01;9.129938e-02;5.787116e-02;1.506014e-01;3.813398e-02;1.029812e-01;9.290821e-02;2.516492e-02;3.730452e-02;1.945069e-02
5.589825e-03;8.096717e-02;2.426194e-01;7.565475e-02;5.189751e-02;1.702286e-01;1.649311e-02;1.691738e-01;9.330263e-02;3.609512e-02;3.276234e-02;2.521577e-02
1.055921e-02;9.080863e-02;2.278427e-01;8.084261e-02;5.695039e-02;7.069348e-02;1.378967e-02;2.158055e-01;1.240067e-01;5.199236e-02;3.028702e-02;2.642174e-02
1.038425e-02;8.286220e-02;2.059447e-01;5.109486e-02;5.000070e-02;1.499394e-01;1.359170e-02;1.573935e-01;1.633154e-01;5.787730e-02;3.007460e-02;2.752139e-02
6.915960e-03;7.133314e-02;1.874637e-01;4.957160e-02;5.268202e-02;2.689772e-01;2.058022e-02;9.516530e-02;1.476623e-01;5.454902e-02;2.010210e-02;2.499749e-02
5.562017e-03;6.241841e-02;1.885241e-01;6.861629e-02;6.279458e-02;2.560087e-01;1.798073e-02;1.321176e-01;1.079691e-01;5.676524e-02;1.498539e-02;2.625779e-02
5.254958e-03;7.114584e-02;2.087494e-01;6.410910e-02;6.082523e-02;2.430278e-01;8.834142e-03;1.383687e-01;9.717160e-02;6.476644e-02;1.471523e-02;2.303161e-02
1.086082e-02;6.231827e-02;2.110280e-01;6.396537e-02;6.905428e-02;3.158759e-01;1.484618e-02;9.136921e-02;6.651683e-02;5.663197e-02;9.169774e-03;2.836335e-02
1.013994e-02;7.070670e-02;1.694008e-01;6.141187e-02;7.916396e-02;4.098539e-01;1.404009e-02;7.783391e-02;3.238285e-02;3.232279e-02;9.976749e-03;3.276641e-02
1.123655e-02;5.896898e-02;1.214826e-01;7.199676e-02;9.693542e-02;4.167614e-01;1.657350e-02;7.842512e-02;5.071286e-02;2.977185e-02;1.122608e-02;3.590889e-02
1.334833e-02;4.618897e-02;9.769464e-02;9.089411e-02;1.141882e-01;4.194695e-01;2.336481e-02;8.673041e-02;5.063020e-02;1.724307e-02;4.221399e-03;3.602641e-02
2.194596e-02;3.726364e-02;5.145954e-02;1.039016e-01;1.115204e-01;4.232536e-01;2.046171e-02;1.082563e-01;5.832612e-02;1.550777e-02;6.212262e-03;4.189103e-02
3.410757e-02;6.622551e-02;6.808519e-02;1.265078e-01;8.595055e-02;3.680757e-01;3.152383e-02;7.277586e-02;7.294054e-02;2.106353e-02;6.944420e-03;4.579944e-02
4.573921e-02;9.773858e-02;1.118046e-01;1.081221e-01;8.633633e-02;3.108329e-01;3.582815e-02;6.226425e-02;6.022223e-02;2.596851e-02;8.060226e-03;4.708289e-02
4.554913e-02;1.041359e-01;1.384631e-01;6.698152e-02;1.043015e-01;3.206708e-01;3.657430e-02;4.312311e-02;5.740682e-02;2.515090e-02;9.786732e-03;4.785610e-02
2.987764e-02;4.824031e-02;1.208902e-01;5.744340e-02;1.094770e-01;3.916838e-01;4.605223e-02;3.890837e-02;6.676065e-02;1.862112e-02;1.642723e-02;5.561807e-02
2.440862e-02;2.206044e-02;1.039745e-01;5.561126e-02;9.579977e-02;3.974587e-01;7.533919e-02;2.898422e-02;7.095211e-02;3.863264e-02;2.677580e-02;6.000280e-02
2.077885e-02;2.956399e-02;8.676144e-02;4.305839e-02;8.944674e-02;3.485413e-01;6.677492e-02;2.053005e-02;8.682244e-02;8.003695e-02;4.404780e-02;8.363709e-02
1.643859e-02;3.728598e-02;7.483833e-02;3.744552e-02;8.545595e-02;2.770570e-01;3.101498e-02;2.976019e-02;1.141191e-01;1.196446e-01;7.820428e-02;9.873550e-02
3.050339e-02;5.263811e-02;7.617575e-02;2.363754e-02;6.598323e-02;2.225651e-01;2.622129e-02;2.048775e-02;1.307742e-01;1.424191e-01;1.279965e-01;8.059800e-02
5.680650e-02;6.760161e-02;6.731807e-02;2.748156e-02;5.344459e-02;1.958174e-01;1.848735e-02;3.195383e-02;1.115218e-01;1.559923e-01;1.555413e-01;5.803372e-02
8.423869e-02;5.727566e-02;4.705067e-02;3.154463e-02;3.489413e-02;2.234784e-01;1.585452e-02;4.600296e-02;9.774321e-02;1.790579e-01;1.382769e-01;4.458226e-02
1.050809e-01;3.772182e-02;3.531337e-02;3.572042e-02;3.744719e-02;2.570774e-01;1.896950e-02;5.915199e-02;7.848172e-02;2.144008e-01;8.868095e-02;3.195390e-02
9.743743e-02;2.369681e-02;1.610733e-02;5.639904e-02;4.478240e-02;2.549286e-01;2.444254e-02;6.156817e-02;4.925610e-02;2.614008e-01;5.719212e-02;5.278859e-02
6.926324e-02;1.577892e-02;1.158056e-02;7.772203e-02;5.268220e-02;2.565499e-01;3.175928e-02;4.894837e-02;3.570302e-02;2.780783e-01;3.488545e-02;8.704878e-02
6.504884e-02;1.174485e-02;1.039250e-02;8.741566e-02;5.471197e-02;2.961555e-01;3.983041e-02;4.105567e-02;2.250411e-02;2.447246e-01;2.516800e-02;1.012480e-01
8.916356e-02;1.721996e-02;1.718121e-02;7.388368e-02;7.532877e-02;3.467950e-01;4.001362e-02;4.208933e-02;2.545951e-02;1.809145e-01;2.126066e-02;7.069017e-02
9.928271e-02;2.656347e-02;2.679709e-02;5.862479e-02;9.697805e-02;3.802722e-01;5.707857e-02;5.128553e-02;3.226610e-02;1.114530e-01;1.779693e-02;4.160158e-02
8.868148e-02;4.003878e-02;3.459513e-02;5.841975e-02;9.556526e-02;3.886065e-01;6.727303e-02;4.990049e-02;3.698162e-02;4.654151e-02;4.634747e-02;4.704897e-02
6.214913e-02;4.923199e-02;4.570842e-02;5.163594e-02;5.053413e-02;4.302504e-01;5.197353e-02;5.531486e-02;3.966807e-02;4.837854e-02;5.800370e-02;5.715132e-02
3.058670e-02;2.667235e-02;3.303199e-02;3.929267e-02;3.782919e-02;5.030938e-01;2.404529e-02;7.230433e-02;5.254406e-02;8.941823e-02;5.824251e-02;3.293885e-02
2.854660e-02;6.501480e-02;5.301646e-02;2.685469e-02;3.962937e-02;4.656375e-01;2.352152e-02;8.880990e-02;5.092371e-02;5.573566e-02;7.550400e-02;2.680580e-02
6.725758e-02;1.051014e-01;5.071748e-02;2.575731e-02;3.329793e-02;3.940933e-01;3.028534e-02;1.301129e-01;5.461457e-02;4.544073e-02;2.482805e-02;3.849335e-02
1.076267e-01;1.200685e-01;4.233953e-02;2.656737e-02;2.742445e-02;3.688386e-01;4.417696e-02;1.177278e-01;5.327243e-02;4.344013e-02;1.734620e-02;3.117131e-02
1.168805e-01;1.313014e-01;5.642803e-02;2.996961e-02;4.621402e-02;3.290615e-01;4.263440e-02;6.638835e-02;4.348170e-02;4.337526e-02;6.518963e-02;2.907551e-02
7.025795e-02;1.108042e-01;8.597950e-02;4.646100e-02;5.658126e-02;2.202028e-01;3.922448e-02;7.748832e-02;7.277174e-02;7.476610e-02;8.990755e-02;5.555518e-02
5.693008e-02;7.894439e-02;9.841865e-02;6.095095e-02;7.523020e-02;1.548605e-01;5.951122e-02;6.243363e-02;9.112816e-02;1.327267e-01;5.897189e-02;6.989370e-02
4.787694e-02;6.954152e-02;9.106158e-02;6.529797e-02;1.047749e-01;1.249850e-01;7.310090e-02;6.253188e-02;6.563909e-02;1.856705e-01;3.675760e-02;7.276218e-02
3.235833e-02;8.443354e-02;8.962413e-02;6.493179e-02;9.162531e-02;2.093213e-01;3.507758e-02;1.019291e-01;5.701673e-02;1.478675e-01;3.094612e-02;5.486861e-02
3.533016e-02;6.716448e-02;7.874170e-02;8.504630e-02;9.227143e-02;2.484798e-01;4.116265e-02;7.287114e-02;5.377673e-02;1.298152e-01;5.340202e-02;4.193842e-02
4.009084e-02;5.596874e-02;7.009112e-02;1.024157e-01;1.019362e-01;2.315984e-01;5.085517e-02;4.171673e-02;3.759269e-02;1.690345e-01;5.942395e-02;3.927602e-02
3.618480e-02;7.200243e-02;5.802852e-02;9.308590e-02;5.296351e-02;2.237124e-01;4.776843e-02;5.543275e-02;5.199349e-02;2.122838e-01;5.713023e-02;3.941380e-02
3.046865e-02;8.260366e-02;6.291363e-02;7.955186e-02;7.198807e-02;2.076804e-01;4.083885e-02;3.367734e-02;5.225189e-02;2.420636e-01;5.464133e-02;4.132065e-02
3.055806e-02;6.062017e-02;6.812560e-02;5.420671e-02;4.066623e-02;3.069453e-01;2.060422e-02;6.794503e-02;5.109650e-02;1.837869e-01;6.287958e-02;5.256570e-02
4.280077e-02;9.283955e-02;7.598247e-02;3.959875e-02;5.433271e-02;3.608895e-01;2.222001e-02;4.280819e-02;4.295181e-02;8.076057e-02;8.334929e-02;6.146645e-02
9.083436e-02;1.290121e-01;6.384414e-02;4.272718e-02;4.056787e-02;3.520489e-01;2.102323e-02;6.237346e-02;3.456248e-02;1.771558e-02;9.737900e-02;4.791170e-02
1.022566e-01;1.259736e-01;7.244011e-02;5.104437e-02;4.169633e-02;2.935156e-01;1.829007e-02;6.454157e-02;3.541738e-02;3.579773e-02;1.133981e-01;4.562843e-02
7.863053e-02;9.982712e-02;1.104871e-01;8.468270e-02;6.721587e-02;2.415291e-01;2.754811e-02;3.484262e-02;4.038887e-02;2.967475e-02;1.075509e-01;7.762234e-02
5.505595e-02;5.027556e-02;1.146068e-01;9.837100e-02;1.152639e-01;2.188985e-01;2.834463e-02;4.089722e-02;4.894735e-02;3.092709e-02;6.238222e-02;1.360298e-01
3.461557e-02;3.785121e-02;8.078505e-02;9.402868e-02;1.617619e-01;2.204648e-01;3.405150e-02;3.600372e-02;6.390951e-02;3.396656e-02;3.669874e-02;1.658628e-01
5.571633e-02;3.857289e-02;6.723427e-02;9.091365e-02;1.558332e-01;2.357110e-01;3.231867e-02;4.361868e-02;5.987355e-02;3.410832e-02;3.448046e-02;1.516190e-01
9.156698e-02;5.696684e-02;7.738701e-02;7.908620e-02;1.179664e-01;2.578551e-01;3.196013e-02;6.033663e-02;4.389567e-02;4.325848e-02;4.076843e-02;9.895214e-02
9.627836e-02;9.820423e-02;1.274960e-01;7.112873e-02;9.611411e-02;2.192409e-01;1.530722e-02;7.332700e-02;3.207193e-02;4.591503e-02;4.980787e-02;7.510863e-02
5.941408e-02;1.138365e-01;1.801155e-01;7.823792e-02;6.174092e-02;1.674116e-01;3.418058e-02;8.150581e-02;5.010409e-02;3.557095e-02;4.707293e-02;9.080914e-02
4.120340e-02;1.041671e-01;2.064192e-01;8.680040e-02;4.694806e-02;1.654239e-01;3.627778e-02;5.263334e-02;8.598728e-02;6.233182e-02;4.515514e-02;6.665247e-02
2.652261e-02;8.654246e-02;1.550578e-01;7.387097e-02;5.750282e-02;1.748986e-01;2.932153e-02;9.525479e-02;1.001955e-01;1.067932e-01;3.781349e-02;5.622619e-02
3.124714e-02;6.382770e-02;9.432974e-02;5.978983e-02;1.045322e-01;2.190296e-01;3.392344e-02;9.189083e-02;7.640149e-02;1.507687e-01;3.332216e-02;4.093708e-02
3.473742e-02;5.031413e-02;8.863714e-02;4.119001e-02;9.870949e-02;3.142015e-01;4.111317e-02;8.081400e-02;4.690780e-02;1.490673e-01;3.101459e-02;2.329349e-02
2.833852e-02;3.329791e-02;7.714009e-02;3.781151e-02;9.230881e-02;3.995377e-01;5.647035e-02;5.680198e-02;5.828285e-02;8.786870e-02;3.152469e-02;4.061690e-02
1.904811e-02;2.696440e-02;6.626302e-02;3.534145e-02;1.042023e-01;4.334975e-01;7.463399e-02;6.634575e-02;6.053504e-02;3.389400e-02;2.272371e-02;5.655073e-02
1.817681e-02;2.923954e-02;8.236710e-02;4.815694e-02;1.106277e-01;4.099449e-01;7.578202e-02;5.066391e-02;4.879821e-02;4.753573e-02;1.635147e-02;6.235566e-02
2.208720e-02;4.203963e-02;1.128027e-01;5.208093e-02;1.206637e-01;3.769659e-01;6.948762e-02;3.469501e-02;4.291884e-02;4.235392e-02;2.231381e-02;6.159074e-02
2.152318e-02;4.157397e-02;1.222417e-01;6.556461e-02;1.181062e-01;3.556175e-01;5.496250e-02;6.285426e-02;7.466130e-02;3.029883e-02;7.436467e-03;4.515949e-02
1.951579e-02;4.545986e-02;9.714267e-02;7.317124e-02;1.136584e-01;3.420421e-01;4.340609e-02;9.110984e-02;6.988037e-02;4.360606e-02;1.756530e-02;4.344217e-02
1.960784e-02;6.152530e-02;8.511377e-02;8.392823e-02;1.234798e-01;3.333442e-01;5.038850e-02;8.396942e-02;4.314011e-02;4.282060e-02;1.670247e-02;5.597978e-02
1.839793e-02;5.018336e-02;1.159644e-01;7.777894e-02;1.351116e-01;3.317539e-01;6.490290e-02;5.922967e-02;2.405979e-02;3.271711e-02;2.153798e-02;6.836230e-02
1.781739e-02;3.713156e-02;9.365062e-02;6.748725e-02;1.437269e-01;3.323796e-01;7.039117e-02;5.868799e-02;5.482773e-02;2.107994e-02;2.261018e-02;8.020968e-02
1.459240e-02;3.192926e-02;8.863977e-02;1.066517e-01;1.298691e-01;3.210629e-01;6.084805e-02;7.998014e-02;5.999811e-02;8.838153e-03;1.570983e-02;8.188064e-02
1.065223e-02;2.203242e-02;7.449798e-02;1.494074e-01;1.348031e-01;2.989031e-01;7.273223e-02;9.442465e-02;3.740548e-02;1.489530e-02;1.965293e-02;7.059328e-02
1.692375e-02;2.052084e-02;6.729698e-02;1.647753e-01;1.418733e-01;2.710099e-01;6.829894e-02;1.064153e-01;3.731044e-02;2.633740e-02;1.463013e-02;6.460781e-02
1.836800e-02;1.913063e-02;5.200149e-02;1.791172e-01;1.361234e-01;2.486691e-01;6.529497e-02;1.066853e-01;6.087100e-02;3.383363e-02;1.260257e-02;6.730276e-02
1.735782e-02;2.402898e-02;5.496328e-02;1.439312e-01;1.289499e-01;2.571653e-01;7.826056e-02;1.192003e-01;6.159198e-02;3.015489e-02;1.195591e-02;7.244000e-02
2.555481e-02;2.906258e-02;4.770872e-02;8.958423e-02;1.379567e-01;2.801061e-01;8.215651e-02;1.182943e-01;5.582604e-02;3.645102e-02;1.353364e-02;8.376528e-02
3.172518e-02;3.168602e-02;6.271341e-02;8.293400e-02;1.091678e-01;3.057351e-01;5.603697e-02;1.063836e-01;7.286854e-02;3.767297e-02;1.532165e-02;8.775474e-02
3.023859e-02;3.840622e-02;1.111469e-01;6.070092e-02;6.773757e-02;3.469908e-01;4.211265e-02;1.007352e-01;7.874963e-02;2.941371e-02;1.662204e-02;7.714580e-02
2.617448e-02;6.827948e-02;1.589579e-01;4.811779e-02;4.073460e-02;3.505226e-01;3.362836e-02;8.951651e-02;7.321724e-02;2.826559e-02;2.075591e-02;6.182946e-02
2.493008e-02;8.971395e-02;1.531190e-01;3.631360e-02;2.075749e-02;3.434937e-01;2.603758e-02;1.254430e-01;8.190484e-02;3.139136e-02;2.391214e-02;4.298320e-02
1.965426e-02;5.875706e-02;9.420762e-02;2.773432e-02;3.701760e-02;4.654791e-01;2.239712e-02;9.626125e-02;8.525521e-02;4.575622e-02;1.716691e-02;3.031328e-02
1.217334e-02;3.946472e-02;9.552301e-02;2.544187e-02;3.591466e-02;4.924786e-01;4.387832e-02;1.150268e-01;6.131160e-02;3.966439e-02;1.521538e-02;2.390734e-02
1.462872e-02;5.089159e-02;1.415874e-01;3.318837e-02;4.150593e-02;4.604272e-01;2.997466e-02;1.010998e-01;5.411435e-02;3.269524e-02;1.522060e-02;2.466615e-02
2.453530e-02;5.548730e-02;1.639480e-01;4.016170e-02;4.352272e-02;3.887703e-01;3.828539e-02;1.126088e-01;7.551164e-02;2.930631e-02;7.741683e-03;2.012090e-02
2.921405e-02;7.722045e-02;1.829153e-01;5.545586e-02;3.025724e-02;2.844074e-01;6.270558e-02;1.067370e-01;7.335128e-02;6.491040e-02;1.239871e-02;2.042680e-02
2.709072e-02;7.928427e-02;1.191245e-01;5.095126e-02;3.124029e-02;2.993626e-01;6.162165e-02;1.070642e-01;9.909563e-02;7.182528e-02;1.871534e-02;3.462431e-02
4.586259e-02;9.336730e-02;9.176738e-02;3.966136e-02;4.304307e-02;3.438746e-01;4.276452e-02;1.074369e-01;7.870838e-02;4.632118e-02;2.368574e-02;4.350701e-02
6.608287e-02;9.556559e-02;1.164911e-01;4.030236e-02;6.221046e-02;3.463145e-01;1.638042e-02;7.935733e-02;6.562237e-02;3.461248e-02;2.472495e-02;5.233553e-02
7.432587e-02;8.841360e-02;1.257664e-01;3.996690e-02;1.010878e-01;2.903843e-01;3.076003e-02;7.467262e-02;5.428029e-02;3.092285e-02;2.658054e-02;6.283890e-02
6.992912e-02;1.219236e-01;1.468278e-01;4.974894e-02;1.090579e-01;1.787192e-01;4.602640e-02;7.571138e-02;6.823666e-02;3.353846e-02;3.548129e-02;6.479918e-02
6.172259e-02;1.385384e-01;1.480599e-01;5.531288e-02;8.688235e-02;1.402519e-01;5.330638e-02;1.020504e-01;7.287447e-02;4.175935e-02;3.741110e-02;6.183019e-02
4.855033e-02;1.416510e-01;1.250793e-01;7.359421e-02;4.992765e-02;1.563391e-01;6.421186e-02;1.074932e-01;6.473681e-02;5.266879e-02;5.788676e-02;5.786107e-02
3.781736e-02;1.565412e-01;1.826107e-01;3.377774e-02;3.981479e-02;1.683819e-01;2.395514e-02;1.560715e-01;8.836802e-02;3.409247e-02;3.021399e-02;4.835516e-02
4.307111e-02;1.743105e-01;1.581611e-01;2.558879e-02;2.344643e-02;1.800818e-01;1.382035e-02;1.663694e-01;1.075066e-01;3.290501e-02;3.545817e-02;3.928068e-02
4.082976e-02;1.898272e-01;1.324861e-01;1.865492e-02;2.051546e-02;1.957688e-01;1.166550e-02;1.614289e-01;1.290356e-01;3.277773e-02;2.911718e-02;3.789274e-02
4.007219e-02;1.871122e-01;7.917212e-02;1.525779e-02;2.437188e-02;2.361535e-01;2.491663e-02;1.328372e-01;1.478785e-01;4.940560e-02;2.196865e-02;4.085384e-02
3.728971e-02;1.503545e-01;8.112545e-02;2.529924e-02;3.775670e-02;2.277000e-01;3.492624e-02;1.429193e-01;1.058242e-01;7.599909e-02;3.398630e-02;4.681922e-02
3.556680e-02;1.333635e-01;1.010629e-01;3.355785e-02;3.825055e-02;1.544875e-01;3.811316e-02;1.784218e-01;1.220610e-01;4.488605e-02;6.192214e-02;5.830679e-02
5.343862e-02;9.510157e-02;1.470944e-01;3.257129e-02;3.987874e-02;7.382304e-02;2.150340e-02;2.579903e-01;1.307587e-01;4.275695e-02;4.401880e-02;6.106412e-02
