1.381543e-01;8.194245e-02;5.521281e-02;6.557906e-02;3.901526e-02;7.555729e-02;5.989034e-02;1.067993e-01;7.917850e-02;5.844410e-02;2.867573e-02;2.115508e-01
1.044407e-01;6.252505e-02;4.564487e-02;5.420182e-02;4.300270e-02;8.159478e-02;8.576363e-02;8.118661e-02;6.137637e-02;4.108130e-02;1.008175e-01;2.383646e-01
7.006936e-02;6.338660e-02;5.994281e-02;5.241962e-02;4.872772e-02;1.048807e-01;7.424085e-02;6.062340e-02;6.288074e-02;2.690227e-02;1.676375e-01;2.082884e-01
7.470757e-02;9.073663e-02;9.565520e-02;5.767618e-02;3.912831e-02;1.392127e-01;2.649179e-02;5.787423e-02;6.731946e-02;3.144360e-02;1.866014e-01;1.331530e-01
4.199986e-02;9.000900e-02;1.255228e-01;5.508268e-02;2.973158e-02;1.541565e-01;7.120965e-02;4.814202e-02;6.171829e-02;3.036524e-02;1.839558e-01;1.081065e-01
8.669131e-02;8.651116e-02;1.195354e-01;3.953032e-02;4.885474e-02;1.320437e-01;5.928534e-02;5.283782e-02;7.698638e-02;3.665670e-02;1.592261e-01;1.018409e-01
9.125447e-02;1.091329e-01;9.016973e-02;2.911829e-02;5.241824e-02;7.757820e-02;5.795124e-02;7.948142e-02;1.166755e-01;4.903258e-02;1.459787e-01;1.012088e-01
7.138687e-02;1.190527e-01;5.785068e-02;4.166728e-02;3.617244e-02;7.954717e-02;7.444393e-02;6.783974e-02;1.380650e-01;3.826684e-02;1.545238e-01;1.211836e-01
8.218127e-02;1.219879e-01;9.270047e-02;3.054383e-02;4.560490e-02;8.429509e-02;4.675728e-02;6.016374e-02;1.144877e-01;6.316666e-02;1.484019e-01;1.097093e-01
8.274175e-02;1.102015e-01;5.704230e-02;3.404975e-02;3.967207e-02;8.167663e-02;5.904593e-02;5.936892e-02;8.949719e-02;7.538257e-02;1.817984e-01;1.295230e-01
5.845799e-02;9.567446e-02;4.727713e-02;3.750844e-02;3.916216e-02;9.468652e-02;7.303153e-02;7.107447e-02;6.769822e-02;6.036082e-02;2.345765e-01;1.204917e-01
7.806803e-02;1.439423e-01;8.165496e-02;4.704954e-02;3.627930e-02;9.087960e-02;9.037035e-02;8.639304e-02;6.473974e-02;5.504371e-02;1.395510e-01;8.602838e-02
8.302039e-02;2.136981e-01;1.347394e-01;6.251151e-02;3.756218e-02;7.416407e-02;7.554831e-02;1.066951e-01;4.986650e-02;5.585365e-02;2.644172e-02;7.989909e-02
7.580294e-02;2.048035e-01;1.016568e-01;7.243079e-02;2.989097e-02;7.012587e-02;1.077656e-01;1.034601e-01;3.801866e-02;4.065953e-02;4.656254e-02;1.088228e-01
6.124602e-02;1.831160e-01;5.261359e-02;9.358846e-02;2.145816e-02;6.852548e-02;1.845367e-01;9.131430e-02;2.540591e-02;2.535828e-02;4.061285e-02;1.522242e-01
4.116833e-02;1.583132e-01;1.541437e-02;1.078675e-01;1.717596e-02;7.559328e-02;2.748321e-01;6.423952e-02;1.982933e-02;1.826697e-02;2.453492e-02;1.827645e-01
4.665864e-02;1.641089e-01;3.963932e-02;7.246359e-02;1.617843e-02;1.195035e-01;2.800410e-01;3.113530e-02;2.321803e-02;2.869850e-02;2.382397e-02;1.545308e-01
7.468239e-02;1.828606e-01;8.460458e-02;3.310366e-02;2.044835e-02;1.264387e-01;2.022298e-01;7.235419e-02;3.799376e-02;3.509405e-02;1.948027e-02;1.107097e-01
9.539644e-02;1.917858e-01;1.174262e-01;2.902092e-02;1.792922e-02;8.674330e-02;1.421600e-01;9.302960e-02;4.886091e-02;3.873575e-02;1.367223e-02;1.252396e-01
6.344457e-02;1.559035e-01;9.952286e-02;2.441102e-02;4.477509e-02;7.070222e-02;1.618413e-01;8.717004e-02;8.312365e-02;4.247111e-02;3.170119e-02;1.349335e-01
7.402316e-02;1.496411e-01;9.416452e-02;4.615604e-02;8.633035e-02;5.274567e-02;1.243011e-01;7.284889e-02;1.154670e-01;5.503441e-02;2.707380e-02;1.022140e-01
6.761315e-02;1.566912e-01;9.546617e-02;6.494037e-02;9.222018e-02;7.766879e-02;9.718328e-02;7.421833e-02;1.131497e-01;5.443674e-02;2.912446e-02;7.728754e-02
6.231301e-02;1.150938e-01;8.591720e-02;6.213067e-02;9.620433e-02;6.967190e-02;1.345803e-01;7.435477e-02;1.272519e-01;6.587186e-02;3.358883e-02;7.302142e-02
5.300089e-02;1.143601e-01;1.036165e-01;6.214954e-02;9.357613e-02;4.877948e-02;1.645259e-01;9.016674e-02;1.075985e-01;6.585432e-02;2.980265e-02;6.656916e-02
5.252608e-02;1.201040e-01;9.854608e-02;6.709448e-02;7.978646e-02;5.363884e-02;2.193061e-01;1.225669e-01;6.736609e-02;4.437876e-02;2.927607e-02;4.541004e-02
5.443278e-02;1.192680e-01;4.842351e-02;6.565750e-02;4.980749e-02;8.542045e-02;2.865249e-01;1.109667e-01;7.098223e-02;3.472576e-02;3.846600e-02;3.532466e-02
5.340376e-02;1.244105e-01;7.160584e-02;8.270624e-02;4.289548e-02;6.048068e-02;2.825933e-01;5.169597e-02;8.386449e-02;4.270186e-02;5.136525e-02;5.227666e-02
5.136026e-02;9.996618e-02;9.579349e-02;9.369455e-02;5.761192e-02;5.607497e-02;2.466563e-01;8.906467e-02;9.317921e-02;3.606232e-02;4.626713e-02;3.426899e-02
4.154869e-02;1.036882e-01;1.006552e-01;6.343988e-02;5.550941e-02;7.771776e-02;2.102776e-01;1.005962e-01;1.213866e-01;3.587751e-02;4.375774e-02;4.554532e-02
3.078546e-02;1.589193e-01;9.271467e-02;5.386483e-02;5.308421e-02;1.037949e-01;1.841615e-01;8.881997e-02;9.794787e-02;3.080731e-02;4.198641e-02;6.311365e-02
5.281984e-02;2.108728e-01;9.098540e-02;5.132688e-02;3.423921e-02;9.084916e-02;1.520017e-01;1.100281e-01;6.802395e-02;3.523472e-02;2.408501e-02;7.953313e-02
7.988713e-02;1.764548e-01;6.580991e-02;5.286190e-02;1.778090e-02;7.005246e-02;2.168526e-01;1.244511e-01;5.889760e-02;3.446968e-02;2.451192e-02;7.797006e-02
6.631236e-02;2.222640e-01;1.865777e-01;4.937162e-02;1.650497e-02;7.864680e-02;1.387620e-01;9.849253e-02;4.183925e-02;1.228130e-02;3.300332e-02;5.594410e-02
6.971741e-02;3.190555e-01;2.548456e-01;3.731212e-02;1.923257e-02;7.373288e-02;6.067103e-02;5.164362e-02;3.009325e-02;8.798177e-03;3.863532e-02;3.626253e-02
1.103015e-01;3.754369e-01;2.553745e-01;1.836609e-02;2.097463e-02;4.545150e-02;3.327623e-02;6.041056e-02;1.978315e-02;6.171158e-03;3.287259e-02;2.158115e-02
1.479551e-01;3.362878e-01;1.918182e-01;1.152300e-02;1.971110e-02;3.563413e-02;6.813290e-02;1.103593e-01;1.336272e-02;1.192378e-02;2.636645e-02;2.692555e-02
1.622635e-01;2.021847e-01;1.108119e-01;1.085736e-02;1.320286e-02;6.794451e-02;1.240828e-01;1.858161e-01;2.932032e-02;2.021693e-02;1.774210e-02;5.555680e-02
1.131939e-01;1.014627e-01;1.092302e-01;2.518793e-02;2.113401e-02;7.718180e-02;1.607879e-01;2.311574e-01;3.705626e-02;3.261160e-02;1.821782e-02;7.277836e-02
8.785610e-02;1.063029e-01;1.081164e-01;3.127564e-02;2.380990e-02;8.777585e-02;1.863435e-01;2.175678e-01;3.450867e-02;3.510991e-02;1.036515e-02;7.096832e-02
8.087724e-02;1.263328e-01;8.695103e-02;3.216439e-02;1.876002e-02;8.908793e-02;1.937186e-01;2.253460e-01;3.740535e-02;3.812043e-02;1.279658e-02;5.843969e-02
7.716771e-02;9.775945e-02;5.384789e-02;2.953972e-02;1.872818e-02;1.005218e-01;2.414860e-01;2.378017e-01;3.533209e-02;3.905475e-02;9.550223e-03;5.921050e-02
7.762545e-02;1.023793e-01;7.420290e-02;2.650158e-02;1.747948e-02;9.148936e-02;2.323072e-01;2.042576e-01;4.496900e-02;3.808486e-02;1.452269e-02;7.618050e-02
6.771738e-02;1.087196e-01;1.120582e-01;3.617682e-02;2.442485e-02;1.047343e-01;1.704879e-01;1.682879e-01;5.673881e-02;4.449574e-02;1.989711e-02;8.626144e-02
7.843803e-02;2.307358e-01;1.104776e-01;4.884533e-02;2.805516e-02;7.266540e-02;9.460638e-02;1.244324e-01;7.261993e-02;4.192881e-02;3.185274e-02;6.534238e-02
1.119296e-01;2.569203e-01;1.099560e-01;2.996118e-02;2.399725e-02;5.150982e-02;1.028345e-01;1.488520e-01;5.259734e-02;1.971637e-02;2.723178e-02;6.449392e-02
1.648801e-01;2.349288e-01;1.052916e-01;2.066379e-02;2.156049e-02;4.916961e-02;7.219807e-02;1.900244e-01;4.290378e-02;1.885242e-02;1.794655e-02;6.158045e-02
1.834460e-01;2.383710e-01;1.005524e-01;2.245962e-02;1.820105e-02;3.647779e-02;6.091484e-02;1.932983e-01;3.975709e-02;3.266784e-02;1.531689e-02;5.853724e-02
1.529084e-01;2.664941e-01;1.171691e-01;2.248698e-02;2.097231e-02;3.579799e-02;8.000011e-02;1.390926e-01;3.719644e-02;4.378952e-02;1.939027e-02;6.470220e-02
1.324981e-01;2.549749e-01;1.429818e-01;1.973261e-02;2.000825e-02;4.056511e-02;8.058717e-02;1.062650e-01;6.264704e-02;4.442225e-02;3.086493e-02;6.445287e-02
1.410710e-01;1.903046e-01;1.239390e-01;4.032775e-02;2.875214e-02;6.488028e-02;8.251211e-02;1.111759e-01;7.560717e-02;3.743160e-02;3.021665e-02;7.378179e-02
1.173115e-01;2.274462e-01;1.529069e-01;4.103510e-02;3.135611e-02;5.886664e-02;1.073346e-01;8.058573e-02;5.570957e-02;3.222853e-02;2.271072e-02;7.250849e-02
1.105183e-01;2.398250e-01;1.318077e-01;5.526904e-02;4.282160e-02;3.811814e-02;1.066443e-01;5.914186e-02;4.811557e-02;5.412010e-02;3.025708e-02;8.336135e-02
9.115924e-02;2.699881e-01;1.322797e-01;4.892569e-02;3.355464e-02;5.353064e-02;8.093234e-02;7.923234e-02;5.829180e-02;6.364378e-02;2.302303e-02;6.543863e-02
8.002964e-02;2.977501e-01;1.851115e-01;3.003273e-02;2.863623e-02;4.855526e-02;6.854833e-02;7.921503e-02;4.716302e-02;5.878552e-02;2.635452e-02;4.981818e-02
9.789447e-02;3.132514e-01;1.388126e-01;3.692807e-02;2.537229e-02;4.475357e-02;7.364363e-02;8.855650e-02;4.101652e-02;4.653505e-02;4.650594e-02;4.673001e-02
9.749802e-02;3.089505e-01;9.993499e-02;3.814811e-02;2.889869e-02;6.974068e-02;8.454338e-02;1.227687e-01;3.346477e-02;3.481900e-02;4.655902e-02;3.467410e-02
5.849773e-02;2.760169e-01;1.591478e-01;4.683786e-02;3.741227e-02;9.220320e-02;5.987187e-02;9.218030e-02;6.335524e-02;6.617237e-02;2.816917e-02;2.013526e-02
4.949085e-02;2.523906e-01;2.034659e-01;4.728064e-02;2.909580e-02;7.904116e-02;5.368017e-02;7.289202e-02;9.968240e-02;6.243050e-02;2.897274e-02;2.157713e-02
5.435902e-02;2.897888e-01;1.865555e-01;3.696982e-02;1.764266e-02;4.647963e-02;3.691742e-02;9.827919e-02;1.440121e-01;5.128022e-02;1.830010e-02;1.941555e-02
6.107581e-02;3.371197e-01;1.370986e-01;3.594772e-02;1.325106e-02;2.415603e-02;2.505857e-02;1.000322e-01;1.829305e-01;2.777580e-02;2.066084e-02;3.489321e-02
5.268192e-02;3.663124e-01;1.290011e-01;5.227732e-02;1.820883e-02;3.164963e-02;1.502695e-02;7.814775e-02;1.774423e-01;2.212803e-02;1.331606e-02;4.380769e-02
5.844493e-02;4.244941e-01;1.282880e-01;5.523618e-02;1.940805e-02;2.784069e-02;1.416091e-02;5.542714e-02;1.671442e-01;1.518612e-02;1.159060e-02;2.277900e-02
6.627429e-02;4.576954e-01;1.338166e-01;4.855075e-02;1.776844e-02;2.922116e-02;1.325949e-02;4.468253e-02;1.449438e-01;2.351449e-02;1.190691e-02;8.366059e-03
5.790584e-02;4.754137e-01;1.303909e-01;7.508919e-02;1.759384e-02;2.619828e-02;1.556068e-02;4.976323e-02;1.214620e-01;1.278447e-02;1.039139e-02;7.446534e-03
4.881206e-02;4.943461e-01;1.345859e-01;8.576462e-02;1.607705e-02;3.066662e-02;1.338237e-02;4.178833e-02;1.091024e-01;7.601846e-03;8.326554e-03;9.546205e-03
5.087060e-02;5.070708e-01;1.996155e-01;6.216453e-02;1.114586e-02;2.539803e-02;1.315878e-02;1.552191e-02;7.497005e-02;1.361144e-02;9.332908e-03;1.713952e-02
5.155246e-02;4.815153e-01;2.899895e-01;3.390485e-02;8.367013e-03;1.596848e-02;1.148452e-02;2.638878e-02;3.817142e-02;1.692311e-02;5.680106e-03;2.005441e-02
5.199947e-02;4.740461e-01;3.179801e-01;1.916364e-02;4.523914e-03;1.120827e-02;8.138183e-03;2.993800e-02;3.334748e-02;2.207915e-02;6.345894e-03;2.122972e-02
5.308216e-02;4.349069e-01;3.214056e-01;2.492524e-02;7.918409e-03;1.174009e-02;1.359847e-02;3.145365e-02;4.197077e-02;2.519972e-02;1.498478e-02;1.881426e-02
1.028514e-01;2.885101e-01;3.152637e-01;2.756494e-02;1.903777e-02;2.713630e-02;3.672981e-02;4.219857e-02;6.510361e-02;2.865722e-02;2.314404e-02;2.380250e-02
1.242617e-01;2.230538e-01;2.489554e-01;3.401042e-02;2.121090e-02;5.056350e-02;3.243236e-02;4.476593e-02;1.030774e-01;3.916553e-02;1.842026e-02;6.008283e-02
8.447830e-02;3.774518e-01;2.079192e-01;2.980043e-02;1.440218e-02;2.392453e-02;1.057377e-02;3.991375e-02;1.027863e-01;3.817708e-02;1.632783e-02;5.424488e-02
7.897082e-02;3.762172e-01;2.155862e-01;1.956886e-02;1.079280e-02;2.079172e-02;3.319889e-02;4.763933e-02;1.041719e-01;2.860042e-02;1.896012e-02;4.550169e-02
7.857326e-02;3.214544e-01;2.011226e-01;1.682582e-02;1.953214e-02;5.579752e-02;2.649575e-02;8.322793e-02;1.110122e-01;2.846145e-02;2.070739e-02;3.678955e-02
5.504115e-02;3.857812e-01;2.009608e-01;1.748960e-02;2.051581e-02;5.604187e-02;3.424123e-02;5.801081e-02;9.069755e-02;2.187982e-02;2.284477e-02;3.649536e-02
7.804681e-02;3.636356e-01;1.658474e-01;2.662219e-02;1.883242e-02;3.782052e-02;4.508472e-02;6.478816e-02;8.059028e-02;3.361654e-02;2.392547e-02;6.118989e-02
9.514738e-02;3.518135e-01;1.788555e-01;1.970449e-02;1.403950e-02;4.735697e-02;3.509992e-02;5.409531e-02;8.551856e-02;3.668104e-02;1.539592e-02;6.629194e-02
8.513793e-02;3.551929e-01;1.599842e-01;2.076622e-02;1.260115e-02;3.235343e-02;5.157807e-02;6.777668e-02;1.101356e-01;3.024192e-02;1.936828e-02;5.486358e-02
6.114555e-02;3.107395e-01;1.540470e-01;3.992950e-02;1.725905e-02;2.780220e-02;6.852587e-02;7.949986e-02;1.247904e-01;2.786272e-02;2.008225e-02;6.831610e-02
6.721043e-02;3.912017e-01;1.645164e-01;4.857029e-02;1.493943e-02;3.623404e-02;5.573444e-02;2.038665e-02;7.466845e-02;2.346526e-02;2.053135e-02;8.254158e-02
7.323147e-02;3.963967e-01;1.246362e-01;5.371361e-02;1.159193e-02;4.055637e-02;4.553193e-02;4.714875e-02;5.574353e-02;2.597032e-02;2.390034e-02;1.015788e-01
6.980737e-02;3.712720e-01;1.773958e-01;4.318371e-02;6.838527e-03;2.893359e-02;4.542816e-02;4.145018e-02;5.116201e-02;3.270607e-02;2.109906e-02;1.107235e-01
7.871356e-02;3.419029e-01;1.572569e-01;3.270074e-02;4.062370e-03;3.464358e-02;8.607766e-02;3.466618e-02;5.792502e-02;3.013030e-02;1.296640e-02;1.289544e-01
6.137564e-02;2.880028e-01;7.772384e-02;2.868280e-02;3.121676e-03;5.474551e-02;1.635812e-01;8.198624e-02;5.972128e-02;3.117663e-02;1.558847e-02;1.342939e-01
6.207353e-02;2.605843e-01;8.865220e-02;3.453393e-02;5.628459e-03;4.428044e-02;2.296156e-01;6.281475e-02;4.738889e-02;2.938310e-02;1.365798e-02;1.213868e-01
5.209094e-02;2.549803e-01;5.394891e-02;4.234849e-02;1.026358e-02;3.665862e-02;2.800084e-01;7.353447e-02;3.328109e-02;2.624481e-02;1.165130e-02;1.249890e-01
4.956510e-02;2.479959e-01;5.832769e-02;4.080227e-02;1.223634e-02;3.334198e-02;2.700400e-01;8.602352e-02;3.172749e-02;2.421773e-02;1.424424e-02;1.314777e-01
6.073612e-02;2.358955e-01;9.320021e-02;4.164313e-02;9.278490e-03;2.762583e-02;2.504615e-01;6.777371e-02;3.533460e-02;1.827227e-02;1.904623e-02;1.407324e-01
5.673166e-02;2.176232e-01;6.852299e-02;3.931890e-02;1.618815e-02;6.982625e-02;2.639192e-01;4.747684e-02;4.333650e-02;2.115001e-02;2.398416e-02;1.319221e-01
5.797738e-02;1.816750e-01;1.041208e-01;3.743257e-02;1.421234e-02;9.184626e-02;2.711610e-01;5.369397e-02;3.270162e-02;1.678143e-02;2.539682e-02;1.130009e-01
5.446029e-02;1.713141e-01;1.086536e-01;4.030007e-02;8.983712e-03;6.820198e-02;3.052566e-01;6.553499e-02;2.604746e-02;1.931551e-02;2.057254e-02;1.113592e-01
4.546350e-02;2.230261e-01;8.875493e-02;4.686804e-02;1.211895e-02;2.144868e-02;3.058648e-01;6.853742e-02;3.235881e-02;3.005279e-02;1.578102e-02;1.097250e-01
5.381751e-02;2.706974e-01;9.694955e-02;4.877269e-02;1.272785e-02;2.016835e-02;2.810788e-01;2.732616e-02;2.962260e-02;4.135266e-02;1.590099e-02;1.015855e-01
4.817422e-02;2.599699e-01;9.296935e-02;4.422448e-02;1.498368e-02;4.689489e-02;2.702716e-01;2.752217e-02;3.750217e-02;3.626747e-02;2.605174e-02;9.516831e-02
4.540252e-02;2.316162e-01;6.188510e-02;5.353963e-02;1.979584e-02;8.486834e-02;2.769042e-01;4.288432e-02;3.652943e-02;2.072081e-02;2.713869e-02;9.871501e-02
4.392608e-02;2.183744e-01;7.782491e-02;8.014627e-02;2.761496e-02;9.281887e-02;2.440430e-01;4.030585e-02;3.656465e-02;1.755477e-02;2.504759e-02;9.577866e-02
3.941883e-02;1.936209e-01;7.373163e-02;8.450505e-02;3.484269e-02;8.947044e-02;2.264719e-01;5.280175e-02;5.500465e-02;2.622987e-02;2.431782e-02;9.958440e-02
4.277020e-02;1.701003e-01;7.137176e-02;5.638951e-02;1.963423e-02;1.246492e-01;2.119520e-01;4.567143e-02;6.906406e-02;3.567511e-02;2.482616e-02;1.278960e-01
6.241365e-02;2.180778e-01;7.897665e-02;2.871405e-02;2.093098e-02;6.877822e-02;1.564745e-01;4.247373e-02;9.481395e-02;3.453314e-02;3.037465e-02;1.634387e-01
6.775565e-02;2.447548e-01;7.158115e-02;1.819151e-02;2.397194e-02;8.727060e-02;1.055371e-01;7.018008e-02;8.684355e-02;3.743438e-02;4.952003e-02;1.369593e-01
6.379946e-02;2.505622e-01;1.074041e-01;1.629968e-02;2.312190e-02;1.117576e-01;1.558098e-01;4.417920e-02;6.753457e-02;2.468630e-02;4.702801e-02;8.781719e-02
5.792967e-02;2.177428e-01;6.677920e-02;1.336761e-02;1.794441e-02;1.315951e-01;2.201789e-01;5.432109e-02;7.590999e-02;2.612188e-02;4.841685e-02;6.969246e-02
7.126167e-02;2.373466e-01;7.696549e-02;9.742352e-03;1.169020e-02;1.203183e-01;2.130830e-01;5.163859e-02;8.435410e-02;3.236744e-02;4.459523e-02;4.663708e-02
7.597105e-02;2.779179e-01;1.039300e-01;1.131823e-02;1.086017e-02;1.034802e-01;1.514533e-01;6.953447e-02;8.241148e-02;3.279410e-02;4.132812e-02;3.900110e-02
7.683429e-02;2.852502e-01;9.046871e-02;1.157269e-02;1.489016e-02;8.776373e-02;9.073326e-02;7.520519e-02;1.152326e-01;3.833593e-02;4.395061e-02;6.976258e-02
8.657792e-02;2.893528e-01;8.273676e-02;1.384400e-02;1.312502e-02;6.456761e-02;5.290226e-02;8.850702e-02;1.322741e-01;4.298079e-02;3.266782e-02;1.004640e-01
8.166815e-02;3.047157e-01;1.236579e-01;2.332450e-02;1.587642e-02;5.435687e-02;7.297586e-02;1.050826e-01;9.610485e-02;1.199416e-02;1.833917e-02;9.190383e-02
6.862762e-02;2.786193e-01;1.483704e-01;3.216609e-02;1.301242e-02;5.531535e-02;7.727939e-02;9.318392e-02;9.523461e-02;2.972068e-02;2.044483e-02;8.802544e-02
5.561467e-02;2.095956e-01;8.508325e-02;4.417207e-02;1.467144e-02;5.652861e-02;1.334190e-01;9.676915e-02;1.047019e-01;3.865657e-02;4.759525e-02;1.131924e-01
3.491702e-02;1.767710e-01;1.321151e-01;4.014843e-02;1.411979e-02;5.835279e-02;1.877560e-01;6.215523e-02;7.342096e-02;2.603485e-02;5.812251e-02;1.360862e-01
4.208082e-02;2.197293e-01;1.949174e-01;3.250043e-02;1.171633e-02;4.354421e-02;1.416419e-01;6.520081e-02;5.610446e-02;3.809848e-02;5.592306e-02;9.854290e-02
7.839145e-02;2.268132e-01;1.768476e-01;4.725311e-02;3.598788e-02;4.737148e-02;7.782657e-02;7.601441e-02;5.288437e-02;5.778726e-02;6.275179e-02;6.007082e-02
8.926584e-02;2.112600e-01;1.633543e-01;4.833871e-02;4.812858e-02;7.247824e-02;6.065206e-02;6.487417e-02;5.839010e-02;6.029383e-02;6.444964e-02;5.851449e-02
9.215000e-02;2.570249e-01;1.597417e-01;3.786150e-02;4.670816e-02;5.331286e-02;7.255460e-02;6.622493e-02;5.882716e-02;4.953877e-02;4.940531e-02;5.665020e-02
7.926338e-02;3.520335e-01;1.437157e-01;3.633129e-02;2.260035e-02;6.243936e-02;5.337761e-02;5.779100e-02;7.683331e-02;3.984188e-02;2.316572e-02;5.260689e-02
7.760852e-02;2.934209e-01;1.479325e-01;2.999366e-02;1.917041e-02;8.830144e-02;4.743143e-02;7.682177e-02;1.084512e-01;4.434619e-02;2.645925e-02;4.006274e-02
4.970297e-02;1.965733e-01;1.388935e-01;3.220391e-02;2.585379e-02;1.291586e-01;6.836468e-02;1.121955e-01;1.319886e-01;5.076205e-02;3.069841e-02;3.360474e-02
3.184823e-02;1.475024e-01;8.789361e-02;3.695730e-02;3.943392e-02;1.361079e-01;6.557027e-02;1.383771e-01;1.923936e-01;5.689016e-02;3.749221e-02;2.953332e-02
3.020311e-02;1.985708e-01;1.740854e-02;3.202879e-02;4.049109e-02;7.522951e-02;6.066683e-02;1.191779e-01;2.758465e-01;6.522913e-02;5.018635e-02;3.496137e-02
3.675129e-02;2.164029e-01;6.241925e-02;2.130077e-02;3.727301e-02;4.138655e-02;5.846352e-02;1.337153e-01;2.633136e-01;5.942583e-02;2.949745e-02;4.005048e-02
3.516294e-02;2.239800e-01;6.709423e-02;2.095754e-02;4.375488e-02;5.065214e-02;6.996154e-02;1.191467e-01;2.657501e-01;4.794566e-02;2.118183e-02;3.441252e-02
3.268621e-02;2.152309e-01;5.656870e-02;3.439793e-02;3.688443e-02;4.347109e-02;8.039945e-02;1.443745e-01;2.640954e-01;3.971901e-02;2.421502e-02;2.795729e-02
2.783991e-02;1.916874e-01;8.814488e-02;4.408696e-02;2.764850e-02;1.503731e-02;7.439331e-02;1.691312e-01;2.691935e-01;3.849790e-02;2.564461e-02;2.869450e-02
3.137090e-02;1.453955e-01;1.077262e-01;5.715904e-02;1.675557e-02;5.134620e-02;7.615885e-02;1.696892e-01;2.375257e-01;4.093223e-02;3.224259e-02;3.369792e-02
4.136791e-02;6.371740e-02;9.674703e-02;7.981043e-02;1.027198e-01;1.469392e-01;5.126438e-02;1.116733e-01;1.672120e-01;4.611303e-02;5.068982e-02;4.174565e-02
3.200964e-02;4.823580e-02;5.286910e-02;7.442798e-02;1.814878e-01;1.965451e-01;2.481573e-02;9.584398e-02;1.440871e-01;7.325674e-02;4.243541e-02;3.398570e-02
1.790116e-02;6.305242e-02;4.105324e-02;5.448649e-02;2.241504e-01;2.103987e-01;2.168424e-02;7.153568e-02;1.286963e-01;1.171710e-01;2.796763e-02;2.190281e-02
1.736007e-02;7.302949e-02;3.050178e-02;5.373190e-02;2.391227e-01;1.815828e-01;2.247841e-02;5.425472e-02;1.352096e-01;1.506785e-01;2.211680e-02;1.993310e-02
2.201510e-02;6.162046e-02;2.264096e-02;8.564799e-02;2.430127e-01;9.521936e-02;3.246499e-02;6.049404e-02;1.664487e-01;1.777074e-01;1.396162e-02;1.876670e-02
1.850572e-02;6.475551e-02;3.427983e-02;1.073140e-01;2.317150e-01;5.008121e-02;2.585428e-02;6.498878e-02;1.888887e-01;1.900149e-01;6.793177e-03;1.680896e-02
3.056379e-02;6.777016e-02;3.138098e-02;1.173985e-01;2.137759e-01;4.227451e-02;2.651486e-02;6.588823e-02;2.041513e-01;1.739791e-01;9.496361e-03;1.680635e-02
2.878962e-02;6.513622e-02;3.401569e-02;1.259437e-01;2.019172e-01;5.792158e-02;3.462972e-02;5.746476e-02;2.185910e-01;1.532034e-01;9.810681e-03;1.257629e-02
2.336947e-02;5.589835e-02;3.736136e-02;1.406665e-01;1.727834e-01;5.515626e-02;4.593459e-02;7.200256e-02;2.204668e-01;1.425526e-01;1.472706e-02;1.908106e-02
2.263556e-02;4.555865e-02;3.347824e-02;1.705499e-01;1.554989e-01;4.099338e-02;4.527910e-02;7.993005e-02;2.328933e-01;1.200719e-01;2.026794e-02;3.284302e-02
2.557212e-02;3.908313e-02;6.735687e-02;1.805300e-01;1.543245e-01;3.990771e-02;4.737419e-02;9.517483e-02;2.240142e-01;8.929580e-02;1.425636e-02;2.311027e-02
2.667669e-02;3.733912e-02;1.027093e-01;1.498274e-01;1.349885e-01;7.427855e-02;4.875934e-02;1.275955e-01;1.850206e-01;7.855374e-02;1.483672e-02;1.941463e-02
2.661091e-02;6.666644e-02;1.225011e-01;1.170883e-01;8.669858e-02;1.139334e-01;3.868199e-02;1.620854e-01;1.418580e-01;7.054567e-02;3.242430e-02;2.090592e-02
3.763093e-02;9.111348e-02;1.019109e-01;1.108739e-01;1.189023e-01;1.023587e-01;3.447183e-02;1.691536e-01;1.073319e-01;5.767354e-02;3.490636e-02;3.367244e-02
4.319981e-02;8.109130e-02;7.566124e-02;8.091789e-02;1.471788e-01;1.172663e-01;5.863841e-02;1.300571e-01;1.285650e-01;3.746811e-02;5.227959e-02;4.767656e-02
3.250327e-02;7.454032e-02;4.443578e-02;5.091566e-02;1.254209e-01;1.252798e-01;6.075873e-02;1.600697e-01;1.930940e-01;4.404600e-02;4.725431e-02;4.168152e-02
2.168310e-02;5.616444e-02;3.083584e-02;3.760298e-02;1.093715e-01;8.541556e-02;3.723447e-02;1.634273e-01;3.204852e-01;7.417999e-02;2.985372e-02;3.374594e-02
2.588844e-02;6.120639e-02;4.128408e-02;1.896547e-02;9.105349e-02;6.865694e-02;3.269271e-02;1.464200e-01;3.702444e-01;8.467989e-02;3.152807e-02;2.738008e-02
1.771358e-02;5.461070e-02;3.551082e-02;5.352672e-02;1.055988e-01;5.261427e-02;3.553263e-02;1.281747e-01;3.903563e-01;7.945017e-02;2.783068e-02;1.908061e-02
1.856115e-02;4.072776e-02;3.829529e-02;8.500238e-02;1.110358e-01;6.711218e-02;3.810772e-02;1.281761e-01;3.840766e-01;5.908521e-02;2.066599e-02;9.153881e-03
2.525136e-02;5.023155e-02;4.532755e-02;9.989846e-02;9.440654e-02;5.073584e-02;3.318580e-02;1.363443e-01;3.831243e-01;5.292642e-02;1.684476e-02;1.172304e-02
2.489805e-02;4.166452e-02;4.344695e-02;9.592980e-02;8.164364e-02;4.169027e-02;4.002472e-02;1.578961e-01;3.909528e-01;5.613521e-02;1.615538e-02;9.562568e-03
2.265811e-02;4.344357e-02;3.052045e-02;7.458161e-02;8.610663e-02;3.992267e-02;4.889427e-02;1.642848e-01;4.000698e-01;6.207829e-02;1.760422e-02;9.835599e-03
2.484081e-02;5.582942e-02;3.862259e-02;5.974972e-02;8.827869e-02;4.399467e-02;5.485990e-02;1.560746e-01;3.894370e-01;6.579120e-02;1.669410e-02;5.827319e-03
2.184997e-02;5.205236e-02;2.451008e-02;5.601422e-02;9.325175e-02;1.993650e-02;6.097392e-02;1.520579e-01;4.199907e-01;7.534575e-02;1.743823e-02;6.578624e-03
1.480903e-02;4.094182e-02;2.985733e-02;5.619068e-02;8.207537e-02;2.976390e-02;5.533850e-02;1.771129e-01;4.156563e-01;7.749476e-02;1.065249e-02;1.010695e-02
1.366933e-02;3.291151e-02;4.325213e-02;7.019871e-02;7.207692e-02;3.106125e-02;4.852559e-02;1.870414e-01;4.033201e-01;7.363924e-02;1.408319e-02;1.022058e-02
8.767219e-03;2.493570e-02;5.678164e-02;7.432697e-02;6.608669e-02;5.479142e-02;4.295962e-02;2.139335e-01;3.647869e-01;6.691694e-02;1.961859e-02;6.094821e-03
1.542763e-02;5.390495e-02;7.480595e-02;6.903357e-02;5.462014e-02;8.117396e-02;3.160248e-02;2.433635e-01;2.814921e-01;5.754562e-02;2.293586e-02;1.409410e-02
2.463899e-02;7.711051e-02;9.587087e-02;7.169362e-02;4.983734e-02;1.078292e-01;4.000167e-02;2.210335e-01;2.119398e-01;4.898380e-02;3.126626e-02;1.979444e-02
2.593566e-02;1.118743e-01;1.083569e-01;6.457102e-02;3.917317e-02;9.639133e-02;3.743174e-02;1.726858e-01;2.271747e-01;6.299148e-02;3.298928e-02;2.042458e-02
2.530357e-02;1.025055e-01;8.675533e-02;3.752787e-02;6.042851e-02;4.648824e-02;3.464924e-02;1.632530e-01;3.209665e-01;6.949374e-02;2.071013e-02;3.191843e-02
2.295000e-02;5.459681e-02;5.260710e-02;4.509206e-02;9.258402e-02;5.345122e-02;2.241896e-02;1.680925e-01;3.636005e-01;7.122767e-02;2.574437e-02;2.763486e-02
2.042359e-02;6.829695e-02;6.535377e-02;5.776684e-02;1.033658e-01;4.896831e-02;1.579387e-02;1.645701e-01;3.579803e-01;5.804623e-02;2.556656e-02;1.386760e-02
2.096484e-02;5.628085e-02;5.963100e-02;6.704352e-02;9.968293e-02;3.520628e-02;1.900196e-02;1.747905e-01;3.697504e-01;5.998674e-02;2.510939e-02;1.255159e-02
2.220175e-02;3.987478e-02;4.881039e-02;6.648607e-02;8.356269e-02;6.050101e-02;3.106998e-02;1.600854e-01;3.687095e-01;6.508736e-02;2.657923e-02;2.703178e-02
2.622202e-02;9.332900e-02;6.444058e-02;5.559276e-02;6.931434e-02;7.053106e-02;2.508744e-02;1.393569e-01;3.238669e-01;6.106991e-02;2.939953e-02;4.178956e-02
3.413036e-02;9.067308e-02;9.398214e-02;4.933281e-02;6.523088e-02;9.262302e-02;3.253816e-02;1.578223e-01;2.276331e-01;7.003380e-02;3.229854e-02;5.370181e-02
2.953843e-02;9.967435e-02;9.402350e-02;3.800960e-02;1.047876e-01;8.894292e-02;2.661315e-02;1.676068e-01;1.841003e-01;7.847219e-02;2.579786e-02;6.243327e-02
2.345934e-02;9.277882e-02;5.707409e-02;4.361224e-02;1.134853e-01;6.321795e-02;1.979854e-02;1.756261e-01;2.328359e-01;7.526886e-02;4.220612e-02;6.063677e-02
2.459696e-02;8.411071e-02;5.761329e-02;6.292692e-02;9.198730e-02;6.558836e-02;2.655331e-02;1.569424e-01;2.566595e-01;7.220287e-02;5.653122e-02;4.428717e-02
3.829676e-02;8.246704e-02;5.153469e-02;5.837391e-02;4.719942e-02;7.995532e-02;2.787422e-02;1.397644e-01;2.892535e-01;8.916119e-02;7.326543e-02;2.285413e-02
4.177326e-02;8.128606e-02;5.786598e-02;4.341584e-02;4.331744e-02;5.602463e-02;2.049368e-02;1.600024e-01;3.176198e-01;8.324043e-02;6.815112e-02;2.680941e-02
2.980552e-02;5.959581e-02;6.465416e-02;4.988145e-02;5.631625e-02;3.509554e-02;3.771155e-02;1.868295e-01;3.521947e-01;5.506684e-02;3.900081e-02;3.384789e-02
3.196871e-02;6.703436e-02;5.874379e-02;7.744139e-02;7.216798e-02;5.932802e-02;3.394810e-02;1.522017e-01;3.130840e-01;7.123139e-02;2.771953e-02;3.513090e-02
3.456352e-02;4.941607e-02;6.669578e-02;1.047141e-01;1.009502e-01;8.920207e-02;2.646577e-02;1.228686e-01;2.770998e-01;7.829727e-02;2.738800e-02;2.233877e-02
3.851800e-02;9.762938e-02;9.848595e-02;7.396898e-02;6.847290e-02;1.124849e-01;3.197134e-02;1.678987e-01;1.971174e-01;4.658376e-02;3.200586e-02;3.486291e-02
5.173789e-02;1.286900e-01;1.246194e-01;5.494714e-02;3.840657e-02;1.347920e-01;4.382177e-02;1.606026e-01;1.368876e-01;3.865027e-02;3.527137e-02;5.157340e-02
