4.596796e-02;4.531488e-02;1.556523e-01;8.790231e-02;8.466078e-02;1.005964e-01;6.508496e-02;7.057062e-02;1.357993e-01;1.154060e-01;6.993104e-02;2.311339e-02
6.149954e-02;3.824567e-02;1.823436e-01;5.971451e-02;5.597345e-02;9.189329e-02;1.226596e-01;6.990334e-02;8.298072e-02;1.123544e-01;5.643889e-02;6.599291e-02
5.020440e-02;3.330038e-02;1.517816e-01;4.232354e-02;6.200055e-02;1.096872e-01;1.468831e-01;5.660261e-02;8.639359e-02;1.469298e-01;4.780998e-02;6.608313e-02
5.344284e-02;4.550649e-02;2.802784e-01;5.898496e-02;9.246077e-02;1.031497e-01;1.378927e-01;4.024542e-02;7.382073e-02;6.692114e-02;2.073184e-02;2.656489e-02
4.403191e-02;5.958686e-02;3.654133e-01;8.531317e-02;9.505702e-02;7.714665e-02;1.344085e-01;2.152140e-02;3.182035e-02;4.640808e-02;1.351753e-02;2.577517e-02
6.265716e-02;9.990886e-02;3.604554e-01;7.172723e-02;7.506403e-02;6.353436e-02;1.159163e-01;1.982572e-02;5.603511e-02;3.834374e-02;1.558136e-02;2.095069e-02
1.227354e-01;1.664617e-01;2.917862e-01;4.507940e-02;4.742030e-02;4.382454e-02;7.761517e-02;4.298776e-02;8.747866e-02;3.384987e-02;1.501451e-02;2.574655e-02
2.174815e-01;2.357497e-01;2.032496e-01;1.992384e-02;2.239949e-02;1.998044e-02;3.840721e-02;5.580492e-02;1.185710e-01;2.708393e-02;1.768045e-02;2.366790e-02
2.869962e-01;2.642914e-01;1.787302e-01;1.065962e-02;1.427474e-02;9.515761e-03;2.119592e-02;4.045253e-02;1.231407e-01;1.788444e-02;1.671222e-02;1.614632e-02
3.380624e-01;2.619632e-01;1.717945e-01;1.129288e-02;9.047884e-03;8.222605e-03;1.015746e-02;2.641340e-02;1.142501e-01;1.288356e-02;2.098007e-02;1.493197e-02
3.652102e-01;2.412056e-01;1.905800e-01;1.163615e-02;6.694284e-03;1.060125e-02;5.372262e-03;1.793407e-02;9.409799e-02;1.202718e-02;2.034621e-02;2.429468e-02
3.833596e-01;2.073424e-01;1.842949e-01;1.069913e-02;1.546906e-02;1.393324e-02;1.330459e-02;1.383737e-02;7.707750e-02;1.577099e-02;2.549791e-02;3.941322e-02
3.810909e-01;1.602020e-01;1.332880e-01;1.199120e-02;2.963441e-02;2.416321e-02;2.744842e-02;2.983522e-02;7.486033e-02;3.466930e-02;4.238605e-02;5.043091e-02
3.708815e-01;1.435573e-01;1.112462e-01;2.150699e-02;4.213304e-02;3.433034e-02;4.780525e-02;3.768145e-02;6.584918e-02;4.660466e-02;4.392306e-02;3.448111e-02
3.572464e-01;1.697169e-01;1.937047e-01;2.114312e-02;2.552358e-02;3.177155e-02;3.757326e-02;3.115725e-02;5.924983e-02;2.339270e-02;3.093890e-02;1.858177e-02
3.766100e-01;1.502893e-01;2.347169e-01;1.821889e-02;1.436112e-02;1.749537e-02;3.235554e-02;2.208220e-02;4.589878e-02;1.840509e-02;3.469424e-02;3.487261e-02
3.219125e-01;1.399237e-01;2.076451e-01;4.960423e-02;3.159326e-02;2.605170e-02;3.991462e-02;2.379161e-02;4.494496e-02;3.877423e-02;2.847357e-02;4.737049e-02
1.758192e-01;1.144008e-01;1.740103e-01;9.804190e-02;6.347395e-02;5.299944e-02;6.468104e-02;4.848257e-02;6.195863e-02;5.755747e-02;4.160598e-02;4.696870e-02
1.251798e-01;1.077560e-01;1.670921e-01;1.176910e-01;6.706966e-02;5.830650e-02;8.350769e-02;5.620608e-02;6.796963e-02;5.797922e-02;4.758259e-02;4.365975e-02
1.391830e-01;1.105639e-01;1.506746e-01;9.548613e-02;5.598380e-02;4.789912e-02;9.258366e-02;7.435658e-02;6.913025e-02;7.733587e-02;4.529827e-02;4.150485e-02
1.178646e-01;8.280707e-02;1.380379e-01;3.209094e-02;4.127004e-02;3.187630e-02;8.459121e-02;1.273334e-01;1.023668e-01;1.788328e-01;3.472573e-02;2.820304e-02
4.925447e-02;5.587669e-02;1.328449e-01;3.298626e-02;2.631275e-02;4.106352e-02;1.003324e-01;1.208340e-01;1.282769e-01;2.609628e-01;3.287787e-02;1.837740e-02
3.489704e-02;3.836547e-02;1.009528e-01;3.805007e-02;4.271697e-02;4.374099e-02;1.161567e-01;1.154250e-01;1.298658e-01;2.839490e-01;3.173964e-02;2.414043e-02
5.938273e-02;3.429843e-02;1.024035e-01;3.456930e-02;6.844423e-02;4.844166e-02;9.650558e-02;1.546669e-01;1.586491e-01;1.722383e-01;3.272242e-02;3.767788e-02
4.064804e-02;5.833314e-02;3.083999e-01;4.815564e-02;6.104366e-02;4.074449e-02;1.582530e-01;5.624453e-02;1.082469e-01;6.500755e-02;2.728252e-02;2.764054e-02
1.088241e-01;9.093955e-02;3.369559e-01;3.546659e-02;5.638694e-02;3.326529e-02;1.337526e-01;3.579469e-02;6.702748e-02;5.943502e-02;2.156746e-02;2.058441e-02
1.794823e-01;1.284726e-01;2.916424e-01;2.260623e-02;4.621697e-02;2.484640e-02;8.988162e-02;5.363634e-02;6.481086e-02;6.307498e-02;1.575961e-02;1.956966e-02
2.992729e-01;1.644809e-01;1.947105e-01;8.981844e-03;3.567227e-02;1.569933e-02;3.221440e-02;9.999561e-02;6.096860e-02;4.705203e-02;1.374631e-02;2.720529e-02
3.565236e-01;1.431615e-01;1.624568e-01;9.309313e-03;2.513567e-02;1.154413e-02;3.205746e-02;1.263883e-01;3.834689e-02;3.268375e-02;1.845452e-02;4.393807e-02
3.253531e-01;1.198144e-01;1.417334e-01;1.446644e-02;2.208874e-02;1.780787e-02;6.139876e-02;9.801402e-02;4.482707e-02;5.319101e-02;4.278874e-02;5.851644e-02
2.997947e-01;1.388966e-01;4.405656e-02;2.007999e-02;2.558660e-02;3.502132e-02;7.901976e-02;5.936173e-02;5.023658e-02;9.486476e-02;9.760302e-02;5.547836e-02
1.137164e-01;1.349445e-01;2.218068e-01;2.011973e-02;2.884976e-02;3.417094e-02;7.854091e-02;6.729273e-02;4.619804e-02;9.055541e-02;1.056461e-01;5.815867e-02
1.971726e-01;1.358057e-01;2.305959e-01;1.363707e-02;3.295949e-02;3.661960e-02;7.986735e-02;8.311082e-02;4.574243e-02;5.379407e-02;3.676702e-02;5.392801e-02
2.820551e-01;1.587888e-01;2.248404e-01;1.107878e-02;3.460123e-02;3.231233e-02;4.355723e-02;7.683001e-02;4.097828e-02;4.106602e-02;2.027754e-02;3.361426e-02
3.654796e-01;1.856040e-01;2.056260e-01;1.206868e-02;3.341819e-02;2.033152e-02;2.164199e-02;6.913263e-02;2.649879e-02;2.060980e-02;1.372122e-02;2.586767e-02
4.429744e-01;1.830528e-01;1.498748e-01;8.710419e-03;2.918160e-02;9.362855e-03;1.730298e-02;7.387550e-02;1.312571e-02;1.469702e-02;2.171441e-02;3.612753e-02
4.716132e-01;1.682984e-01;1.185901e-01;7.174239e-03;2.904055e-02;5.213773e-03;1.692703e-02;8.228119e-02;1.002835e-02;2.512702e-02;3.014052e-02;3.556555e-02
4.657624e-01;1.702579e-01;1.237765e-01;7.727921e-03;2.902643e-02;5.380814e-03;1.163103e-02;9.085929e-02;8.893025e-03;2.274510e-02;2.930636e-02;3.463328e-02
4.563744e-01;1.882092e-01;1.203773e-01;4.906554e-03;3.331534e-02;4.286275e-03;6.542462e-03;9.704074e-02;2.237798e-02;1.476321e-02;2.252340e-02;2.928316e-02
4.230827e-01;2.126532e-01;1.466939e-01;8.120354e-03;3.332617e-02;5.911466e-03;7.055745e-03;7.777183e-02;3.404168e-02;1.157519e-02;1.826905e-02;2.149867e-02
4.043669e-01;2.401859e-01;1.632380e-01;8.040813e-03;2.674779e-02;4.424728e-03;1.244623e-02;5.858425e-02;3.567578e-02;1.058893e-02;1.639278e-02;1.930791e-02
3.794900e-01;2.514959e-01;1.751861e-01;7.724992e-03;2.087319e-02;9.107240e-03;1.872144e-02;3.421346e-02;5.155820e-02;1.272853e-02;1.774084e-02;2.116016e-02
3.289526e-01;2.400952e-01;1.938703e-01;7.650008e-03;1.788889e-02;6.571215e-03;2.401451e-02;3.576285e-02;8.513192e-02;1.793943e-02;2.282963e-02;1.929357e-02
3.068407e-01;2.152880e-01;2.221689e-01;1.139077e-02;1.412992e-02;6.212885e-03;2.500617e-02;3.695260e-02;9.734248e-02;2.544688e-02;2.091424e-02;1.830647e-02
3.263249e-01;1.724588e-01;2.131895e-01;2.021747e-02;2.226973e-02;1.549357e-02;2.809357e-02;4.516191e-02;7.437263e-02;3.168754e-02;1.767973e-02;3.305060e-02
2.063254e-01;1.113352e-01;3.507316e-01;3.579490e-02;4.610490e-02;3.473160e-02;7.567850e-02;2.470141e-02;4.265322e-02;2.694931e-02;1.698253e-02;2.801132e-02
6.996999e-02;1.179715e-01;5.331238e-01;3.415828e-02;4.116228e-02;3.096357e-02;5.926498e-02;1.590064e-02;5.404200e-02;1.903658e-02;1.207868e-02;1.232775e-02
2.079154e-02;1.369915e-01;6.150654e-01;2.428852e-02;9.820611e-03;1.965000e-02;3.215705e-02;1.546802e-02;8.480088e-02;1.652643e-02;9.809637e-03;1.463049e-02
6.026110e-02;1.718916e-01;5.528113e-01;2.396257e-02;8.687780e-03;2.076546e-02;1.431153e-02;1.200207e-02;1.037780e-01;1.166654e-02;5.112268e-03;1.474981e-02
7.866988e-02;2.006946e-01;4.832011e-01;2.832907e-02;8.131552e-03;2.496389e-02;1.532978e-02;7.681005e-03;1.221144e-01;1.115381e-02;7.056408e-03;1.267447e-02
9.217019e-02;2.241387e-01;4.202547e-01;2.836152e-02;1.038176e-02;2.777674e-02;1.841371e-02;7.278901e-03;1.367335e-01;1.622334e-02;9.494893e-03;8.772009e-03
1.191405e-01;2.353881e-01;3.761633e-01;2.615259e-02;1.035261e-02;2.791121e-02;1.661978e-02;9.278675e-03;1.407114e-01;1.806300e-02;1.012767e-02;1.009122e-02
8.641311e-02;2.221949e-01;3.816474e-01;2.392513e-02;1.476577e-02;1.953003e-02;2.627511e-02;1.441154e-02;1.382629e-01;3.369615e-02;1.581612e-02;2.306177e-02
8.899787e-02;2.162098e-01;3.504138e-01;2.114540e-02;1.909211e-02;2.488295e-02;3.745697e-02;2.341710e-02;1.262973e-01;4.484596e-02;1.907574e-02;2.816505e-02
1.689281e-01;2.527820e-01;3.063786e-01;1.620155e-02;1.333706e-02;2.190443e-02;2.247819e-02;1.832134e-02;1.094300e-01;3.550068e-02;1.705023e-02;1.768769e-02
2.239767e-01;2.824971e-01;2.735880e-01;1.563114e-02;1.246809e-02;1.445300e-02;9.325318e-03;2.069306e-02;9.661563e-02;2.563601e-02;1.367396e-02;1.144194e-02
2.889182e-01;2.633357e-01;2.266599e-01;1.173984e-02;1.794737e-02;1.496069e-02;1.689650e-02;2.564063e-02;7.929949e-02;2.576869e-02;1.377287e-02;1.506012e-02
3.519939e-01;2.300685e-01;2.021477e-01;6.607617e-03;2.755891e-02;1.024626e-02;1.531847e-02;3.606669e-02;6.013885e-02;2.206260e-02;1.788567e-02;1.990484e-02
3.969951e-01;1.990513e-01;1.838383e-01;6.943841e-03;3.632718e-02;5.934730e-03;2.124634e-02;4.656294e-02;3.511376e-02;1.979617e-02;2.240685e-02;2.578351e-02
4.251435e-01;1.576536e-01;2.136076e-01;7.552462e-03;3.443481e-02;6.676266e-03;2.073831e-02;4.585963e-02;1.155378e-02;1.752506e-02;2.653248e-02;3.272263e-02
3.856613e-01;1.253399e-01;2.641170e-01;9.786474e-03;3.456962e-02;6.600866e-03;2.613494e-02;5.403553e-02;1.984605e-02;1.707817e-02;2.650600e-02;3.032410e-02
3.637374e-01;1.418379e-01;2.752502e-01;1.008406e-02;3.057341e-02;3.397035e-03;1.893436e-02;5.596111e-02;2.315326e-02;2.016645e-02;2.862134e-02;2.828357e-02
3.617255e-01;1.393986e-01;2.697211e-01;9.379724e-03;2.719791e-02;6.643688e-03;1.342623e-02;6.191667e-02;2.803387e-02;2.040923e-02;2.841887e-02;3.372860e-02
3.548498e-01;1.312607e-01;2.885883e-01;1.108562e-02;3.569929e-02;9.268749e-03;2.222446e-02;5.704312e-02;1.430604e-02;1.614535e-02;2.606352e-02;3.346508e-02
3.461140e-01;1.540823e-01;2.977090e-01;1.105303e-02;2.704495e-02;9.250665e-03;1.698803e-02;4.604648e-02;2.481041e-02;1.614523e-02;2.257866e-02;2.817716e-02
3.261304e-01;1.684969e-01;3.100082e-01;1.237421e-02;2.382307e-02;4.802786e-03;1.866989e-02;3.935745e-02;3.503494e-02;1.533351e-02;2.218638e-02;2.378237e-02
3.102520e-01;1.821254e-01;3.093926e-01;1.500089e-02;2.792442e-02;6.850632e-03;1.874519e-02;3.284262e-02;3.314229e-02;1.603873e-02;2.402402e-02;2.366125e-02
2.486166e-01;2.069891e-01;3.225048e-01;1.987266e-02;3.748332e-02;9.898409e-03;2.791535e-02;3.529549e-02;2.055972e-02;1.799539e-02;2.559545e-02;2.727365e-02
1.843998e-01;2.280102e-01;3.359880e-01;2.983581e-02;4.431765e-02;1.398867e-02;3.047070e-02;3.402527e-02;4.672816e-02;1.245228e-02;2.175525e-02;1.802819e-02
2.097988e-01;2.477472e-01;3.044225e-01;2.848977e-02;3.101568e-02;1.143277e-02;2.640506e-02;3.360528e-02;6.525807e-02;1.195907e-02;1.699107e-02;1.287476e-02
2.482012e-01;2.510132e-01;2.751969e-01;2.300708e-02;2.070256e-02;9.654858e-03;2.672348e-02;3.357624e-02;6.950467e-02;1.528621e-02;1.463838e-02;1.249513e-02
2.748901e-01;2.498215e-01;2.565688e-01;1.998685e-02;1.817380e-02;5.411272e-03;2.234935e-02;3.228555e-02;7.591262e-02;1.892949e-02;1.197876e-02;1.369185e-02
2.622361e-01;2.413793e-01;2.495569e-01;2.928280e-02;1.827138e-02;8.967655e-03;2.274309e-02;3.770632e-02;7.817222e-02;2.440605e-02;1.178161e-02;1.549659e-02
2.823617e-01;2.345825e-01;2.440312e-01;2.316991e-02;1.932045e-02;1.023750e-02;2.460189e-02;3.037005e-02;7.660509e-02;2.527793e-02;1.340412e-02;1.603772e-02
3.064422e-01;2.059500e-01;2.540358e-01;1.413712e-02;1.680250e-02;9.057854e-03;2.488764e-02;3.243218e-02;6.875878e-02;2.571965e-02;1.508386e-02;2.669239e-02
3.272334e-01;1.664057e-01;2.406001e-01;1.418686e-02;1.537298e-02;1.163181e-02;3.570146e-02;4.425287e-02;4.184677e-02;2.760890e-02;2.816764e-02;4.699149e-02
2.989361e-01;1.072129e-01;2.310074e-01;1.721528e-02;1.635939e-02;1.582069e-02;8.288401e-02;5.296633e-02;2.331932e-02;4.328543e-02;5.447963e-02;5.651351e-02
1.346003e-01;9.278104e-02;3.547366e-01;2.672291e-02;3.326955e-02;2.516270e-02;1.089781e-01;4.645194e-02;4.716888e-02;5.418452e-02;5.278983e-02;2.315359e-02
7.340341e-02;7.218263e-02;3.045467e-01;3.923903e-02;4.218590e-02;3.897304e-02;7.563746e-02;8.235162e-02;1.013134e-01;8.856799e-02;4.597827e-02;3.562052e-02
7.684675e-02;4.102961e-02;1.829529e-01;5.655516e-02;5.534713e-02;5.666428e-02;9.606156e-02;1.116413e-01;1.250210e-01;1.072858e-01;4.585248e-02;4.474195e-02
8.040892e-02;4.562989e-02;2.352419e-01;8.469890e-02;4.938561e-02;6.164622e-02;7.862963e-02;1.025179e-01;1.030699e-01;7.801801e-02;3.679654e-02;4.395654e-02
5.094935e-02;6.154846e-02;3.701957e-01;1.012286e-01;7.317052e-02;6.159858e-02;1.173961e-01;4.459970e-02;4.640435e-02;3.780138e-02;1.329125e-02;2.181599e-02
2.789477e-02;6.487734e-02;4.232442e-01;6.954169e-02;7.754346e-02;5.614159e-02;1.512574e-01;2.293914e-02;3.888107e-02;4.135820e-02;1.822310e-02;8.098005e-03
6.088045e-02;8.005212e-02;4.537018e-01;4.833879e-02;7.107591e-02;5.586242e-02;8.836838e-02;2.274498e-02;4.776574e-02;3.854299e-02;1.950174e-02;1.316467e-02
6.587841e-02;6.779043e-02;4.520030e-01;4.401441e-02;8.221785e-02;7.620206e-02;2.560215e-02;2.781700e-02;4.815209e-02;6.840189e-02;2.287146e-02;1.904933e-02
5.346690e-02;2.796445e-02;4.066942e-01;5.646869e-02;8.293722e-02;8.907270e-02;3.758347e-02;4.431188e-02;3.923345e-02;1.255237e-01;1.895720e-02;1.778611e-02
5.250037e-02;5.469738e-02;2.664930e-01;6.249869e-02;7.272650e-02;1.052422e-01;7.162505e-02;6.310344e-02;4.099968e-02;1.779698e-01;1.709857e-02;1.504536e-02
3.384180e-02;6.976726e-02;1.344296e-01;4.494577e-02;6.301717e-02;2.267195e-01;8.300788e-02;5.942023e-02;8.324524e-02;1.706892e-01;1.432296e-02;1.659337e-02
1.998912e-02;4.262201e-02;1.225742e-01;4.051317e-02;4.587510e-02;2.299871e-01;1.101140e-01;6.287953e-02;1.611432e-01;1.245954e-01;1.893508e-02;2.077203e-02
2.648955e-02;1.653995e-02;9.877235e-02;3.561254e-02;5.581398e-02;1.287693e-01;1.359880e-01;5.621425e-02;1.914033e-01;2.189244e-01;1.535306e-02;2.011940e-02
3.069518e-02;1.832822e-02;6.824625e-02;3.290254e-02;4.463595e-02;9.585566e-02;1.441706e-01;5.779893e-02;1.617960e-01;3.163716e-01;7.690637e-03;2.150854e-02
2.937962e-02;2.679513e-02;5.908503e-02;3.133594e-02;5.117625e-02;9.406731e-02;1.391950e-01;8.007266e-02;1.721632e-01;2.880659e-01;1.097927e-02;1.768462e-02
3.811485e-02;4.203157e-02;5.339020e-02;6.159884e-02;5.529607e-02;1.086227e-01;1.646436e-01;7.381057e-02;1.290542e-01;2.305269e-01;1.666271e-02;2.624785e-02
5.770656e-02;4.752852e-02;5.954703e-02;8.031826e-02;4.912352e-02;1.244774e-01;1.386719e-01;6.631477e-02;1.168563e-01;1.765812e-01;3.753450e-02;4.534003e-02
6.420618e-02;6.741402e-02;8.774906e-02;5.555231e-02;6.720049e-02;1.113133e-01;1.295842e-01;9.850026e-02;1.286006e-01;1.177204e-01;3.096597e-02;4.119317e-02
4.828701e-02;6.824556e-02;9.209407e-02;1.805986e-02;6.965050e-02;1.410743e-01;1.131797e-01;9.442545e-02;1.785787e-01;1.132732e-01;3.173380e-02;3.139786e-02
3.881669e-02;5.667218e-02;9.863927e-02;3.497368e-02;5.197635e-02;1.669638e-01;7.226633e-02;7.194357e-02;1.755430e-01;1.384056e-01;4.437973e-02;4.941986e-02
4.950351e-02;5.059185e-02;1.018975e-01;6.176053e-02;3.733998e-02;1.523235e-01;7.293244e-02;7.399748e-02;1.628399e-01;1.377254e-01;5.488869e-02;4.419918e-02
7.554565e-02;5.949014e-02;1.341045e-01;7.100405e-02;4.286392e-02;9.926704e-02;8.375099e-02;5.861992e-02;1.795336e-01;9.764860e-02;5.733397e-02;4.083762e-02
6.953329e-02;6.147984e-02;1.360361e-01;8.699225e-02;5.346533e-02;8.736439e-02;1.385375e-01;6.761357e-02;1.138987e-01;1.250221e-01;3.371559e-02;2.634128e-02
5.224986e-02;4.903085e-02;1.678429e-01;9.000366e-02;8.902058e-02;8.308375e-02;1.550439e-01;7.067826e-02;7.381878e-02;9.297626e-02;4.220112e-02;3.405004e-02
4.257795e-02;4.368056e-02;1.443923e-01;6.511074e-02;1.850597e-01;8.987389e-02;1.387069e-01;4.627367e-02;7.506862e-02;7.760506e-02;4.150709e-02;5.014347e-02
2.438800e-02;3.432114e-02;1.047990e-01;7.608592e-02;2.632549e-01;6.343083e-02;1.472106e-01;4.281156e-02;8.818506e-02;7.119811e-02;2.490975e-02;5.940519e-02
4.480268e-02;2.201585e-02;1.064644e-01;9.540240e-02;2.340687e-01;5.610015e-02;1.230363e-01;7.051358e-02;7.812822e-02;8.409268e-02;3.325668e-02;5.211835e-02
6.171175e-02;3.652300e-02;1.108869e-01;7.753933e-02;1.730852e-01;1.305707e-01;9.407090e-02;8.079969e-02;7.795384e-02;8.683299e-02;3.708494e-02;3.294079e-02
5.473038e-02;5.430945e-02;8.175723e-02;7.255956e-02;1.332534e-01;1.563497e-01;9.192580e-02;9.717114e-02;8.837800e-02;9.550795e-02;3.703942e-02;3.701795e-02
3.565833e-02;5.240854e-02;9.742312e-02;1.397389e-01;1.312463e-01;1.013100e-01;1.113695e-01;6.736579e-02;6.150819e-02;1.127321e-01;4.320436e-02;4.603478e-02
4.282564e-02;4.861613e-02;1.562674e-01;1.513162e-01;1.427888e-01;6.895196e-02;1.132129e-01;4.436664e-02;7.354503e-02;9.850429e-02;3.636343e-02;2.324149e-02
5.244817e-02;4.315473e-02;3.205634e-01;1.009640e-01;1.246420e-01;6.509849e-02;1.267425e-01;2.249325e-02;5.121429e-02;5.925481e-02;2.114701e-02;1.227741e-02
4.936743e-02;5.349723e-02;3.751459e-01;8.316616e-02;9.885172e-02;5.804854e-02;1.319162e-01;1.622315e-02;3.654774e-02;4.585930e-02;2.667127e-02;2.470539e-02
4.542602e-02;4.488758e-02;4.248271e-01;7.200857e-02;8.127365e-02;5.152693e-02;1.164595e-01;2.425145e-02;3.460274e-02;5.200561e-02;1.701644e-02;3.571440e-02
7.504865e-02;7.429611e-02;4.101463e-01;4.947075e-02;5.784685e-02;4.786384e-02;9.278718e-02;2.771548e-02;4.619053e-02;5.597654e-02;2.614919e-02;3.650858e-02
1.532825e-01;1.451700e-01;3.132483e-01;3.595005e-02;4.433809e-02;4.124617e-02;5.311437e-02;3.408724e-02;7.034561e-02;3.934789e-02;3.171987e-02;3.814991e-02
2.296470e-01;1.285004e-01;3.045712e-01;2.534005e-02;3.473860e-02;2.156648e-02;7.090864e-02;3.650998e-02;5.767674e-02;2.385439e-02;3.185443e-02;3.483209e-02
3.006332e-01;1.011686e-01;2.962829e-01;2.235986e-02;3.440241e-02;1.740200e-02;6.400520e-02;3.079380e-02;3.225352e-02;2.661871e-02;4.888643e-02;2.519338e-02
3.146967e-01;1.343083e-01;2.127183e-01;1.160018e-02;2.518308e-02;1.735621e-02;1.094923e-01;3.962993e-02;2.826961e-02;2.332789e-02;4.291933e-02;4.049824e-02
3.512170e-01;1.062362e-01;2.098255e-01;1.514015e-02;2.181976e-02;1.100972e-02;1.125218e-01;4.892667e-02;1.876667e-02;2.532217e-02;3.860013e-02;4.061434e-02
3.886672e-01;1.148072e-01;2.023535e-01;1.514906e-02;1.864360e-02;7.089648e-03;9.529050e-02;4.931929e-02;1.351654e-02;2.121338e-02;3.069498e-02;4.325512e-02
4.197734e-01;1.367997e-01;1.791539e-01;1.401617e-02;2.019857e-02;9.053221e-03;7.048465e-02;4.803472e-02;9.548421e-03;1.710079e-02;2.949991e-02;4.633661e-02
4.291322e-01;1.558412e-01;1.991461e-01;1.010556e-02;2.485358e-02;8.578504e-03;4.063220e-02;3.905806e-02;1.176324e-02;1.447628e-02;2.519616e-02;4.121694e-02
3.305813e-01;2.057895e-01;2.592661e-01;2.023073e-02;2.434428e-02;1.188776e-02;2.778571e-02;2.892035e-02;2.059844e-02;1.474009e-02;2.605102e-02;2.980474e-02
1.898383e-01;2.385933e-01;3.422078e-01;3.378579e-02;2.305683e-02;1.486850e-02;2.193365e-02;2.341029e-02;6.056840e-02;1.748167e-02;1.820765e-02;1.604790e-02
1.195391e-01;2.537284e-01;3.955221e-01;3.721831e-02;1.726034e-02;1.548690e-02;1.206474e-02;6.937623e-03;1.014990e-01;2.090124e-02;1.168927e-02;8.152990e-03
1.177171e-01;2.258990e-01;4.129697e-01;3.699883e-02;9.586823e-03;1.566264e-02;1.215262e-02;1.411750e-02;1.113381e-01;2.301428e-02;1.057198e-02;9.971441e-03
1.348839e-01;1.560330e-01;4.484179e-01;3.369025e-02;1.005577e-02;1.347109e-02;2.036269e-02;2.443646e-02;9.621520e-02;2.311115e-02;2.424872e-02;1.507395e-02
1.314615e-01;6.006487e-02;4.999576e-01;2.939477e-02;2.074869e-02;1.684300e-02;2.900147e-02;2.774493e-02;8.051717e-02;2.570075e-02;4.932268e-02;2.924252e-02
5.940567e-02;1.068467e-01;4.044858e-01;3.676643e-02;4.295107e-02;3.974396e-02;5.991539e-02;3.597159e-02;6.068453e-02;4.851046e-02;6.130841e-02;4.341001e-02
7.237941e-02;1.107811e-01;3.066340e-01;2.995024e-02;4.608158e-02;7.695540e-02;7.669085e-02;5.159456e-02;6.286192e-02;7.477642e-02;5.272207e-02;3.857241e-02
6.453934e-02;1.320095e-01;2.562769e-01;4.795990e-02;4.148952e-02;9.146336e-02;5.126271e-02;5.326271e-02;8.290450e-02;8.889633e-02;3.962831e-02;5.030698e-02
4.795242e-02;1.216437e-01;2.014915e-01;6.761292e-02;5.706636e-02;1.000113e-01;6.454491e-02;7.065518e-02;7.496102e-02;1.220440e-01;2.249962e-02;4.951707e-02
7.541106e-02;8.269598e-02;1.745733e-01;7.170682e-02;7.319316e-02;8.368686e-02;7.349593e-02;7.824900e-02;6.897575e-02;1.351412e-01;4.046159e-02;4.240939e-02
5.395765e-02;5.906881e-02;1.511721e-01;6.827123e-02;6.090382e-02;6.164541e-02;8.937862e-02;1.100159e-01;1.336925e-01;1.180269e-01;4.866700e-02;4.520005e-02
5.451027e-02;7.528060e-02;1.608955e-01;3.789343e-02;6.811216e-02;5.505195e-02;1.004880e-01;1.097870e-01;1.302312e-01;1.116851e-01;6.044796e-02;3.561675e-02
6.382173e-02;7.149144e-02;1.352378e-01;4.482341e-02;5.212538e-02;5.071713e-02;1.122887e-01;8.049871e-02;1.526339e-01;1.272297e-01;7.798924e-02;3.114292e-02
5.290971e-02;3.906422e-02;1.215553e-01;5.725162e-02;6.762625e-02;3.562338e-02;1.036543e-01;1.137181e-01;1.557438e-01;1.380600e-01;8.132685e-02;3.346648e-02
5.448141e-02;4.341469e-02;9.676614e-02;7.965620e-02;8.399091e-02;3.859348e-02;1.178069e-01;1.322294e-01;1.243633e-01;1.391013e-01;6.413959e-02;2.545658e-02
4.820007e-02;6.482597e-02;9.301776e-02;7.886969e-02;7.605951e-02;4.625358e-02;1.322128e-01;1.172380e-01;1.033823e-01;1.613465e-01;6.062592e-02;1.796783e-02
5.651433e-02;6.182241e-02;1.098814e-01;4.028250e-02;4.748821e-02;8.500768e-02;1.295031e-01;1.128006e-01;1.237966e-01;1.488888e-01;4.360849e-02;4.040585e-02
6.763896e-02;5.075421e-02;1.158174e-01;4.394725e-02;7.073609e-02;6.377029e-02;9.991981e-02;1.066299e-01;1.522993e-01;1.265067e-01;3.624682e-02;6.573331e-02
7.376605e-02;6.824344e-02;1.102650e-01;4.794671e-02;7.978771e-02;4.233006e-02;1.029869e-01;9.336661e-02;1.623235e-01;1.224436e-01;4.182652e-02;5.471398e-02
6.781073e-02;5.949557e-02;9.257905e-02;4.259280e-02;6.025149e-02;4.933118e-02;1.193934e-01;1.168090e-01;1.789474e-01;1.452388e-01;3.315555e-02;3.439489e-02
9.698081e-02;5.474813e-02;7.279759e-02;6.658340e-02;4.541198e-02;6.891489e-02;1.452528e-01;1.250334e-01;1.491279e-01;1.121706e-01;2.017440e-02;4.280414e-02
1.021711e-01;7.358232e-02;7.445507e-02;6.303398e-02;6.679539e-02;1.032037e-01;1.299215e-01;1.137998e-01;1.193727e-01;8.262071e-02;4.507032e-02;2.597349e-02
8.098283e-02;9.467299e-02;9.372784e-02;5.074936e-02;8.383787e-02;1.387562e-01;1.101331e-01;9.522576e-02;7.777885e-02;8.269474e-02;5.054307e-02;4.089744e-02
1.017673e-01;6.623343e-02;1.469933e-01;5.035216e-02;8.809894e-02;1.232132e-01;1.183871e-01;4.522867e-02;5.711289e-02;8.516593e-02;5.872913e-02;5.871790e-02
1.003397e-01;8.118057e-02;1.966486e-01;5.105841e-02;5.464141e-02;6.001427e-02;1.310246e-01;6.801175e-02;9.128819e-02;8.753794e-02;5.640038e-02;2.185423e-02
9.279306e-02;8.806567e-02;1.493354e-01;4.967049e-02;3.974031e-02;6.011686e-02;1.617395e-01;7.691371e-02;7.532129e-02;1.144915e-01;4.081282e-02;5.099929e-02
7.293968e-02;8.524691e-02;6.322907e-02;4.538772e-02;6.028917e-02;6.021020e-02;2.250353e-01;6.808630e-02;7.544439e-02;1.303004e-01;2.986803e-02;8.396287e-02
3.813605e-02;6.898444e-02;6.899036e-02;3.831503e-02;8.165884e-02;4.433388e-02;2.444674e-01;3.716811e-02;1.525211e-01;9.075799e-02;3.828619e-02;9.638065e-02
2.114069e-02;6.913690e-02;9.849495e-02;4.155713e-02;1.004301e-01;3.435554e-02;2.256661e-01;2.216049e-02;2.080453e-01;6.141588e-02;2.703481e-02;9.056216e-02
3.676962e-02;5.754526e-02;1.044611e-01;4.593055e-02;1.008793e-01;5.292416e-02;1.619626e-01;2.719891e-02;2.363249e-01;6.139870e-02;6.386029e-02;5.074470e-02
8.648494e-02;3.841412e-02;1.039035e-01;3.174540e-02;8.753278e-02;8.942732e-02;1.023259e-01;3.841453e-02;2.621518e-01;4.644955e-02;9.297318e-02;2.017693e-02
1.023301e-01;1.232718e-02;1.010525e-01;2.195588e-02;7.453030e-02;1.101044e-01;1.048026e-01;1.975575e-02;2.730119e-01;4.585989e-02;1.020063e-01;3.226314e-02
1.124727e-01;2.262315e-02;7.984810e-02;1.681134e-02;6.635901e-02;9.313990e-02;1.050085e-01;5.135414e-02;2.707467e-01;5.078720e-02;9.262434e-02;3.822485e-02
9.052613e-02;5.659941e-02;6.377402e-02;1.971306e-02;5.279466e-02;5.687226e-02;1.454610e-01;7.821883e-02;2.573600e-01;5.842314e-02;5.626795e-02;6.398954e-02
4.490384e-02;8.424710e-02;3.456258e-02;3.981406e-02;3.867852e-02;4.318026e-02;1.942366e-01;9.586798e-02;2.197691e-01;7.808678e-02;2.310941e-02;1.035437e-01
5.146918e-02;9.199492e-02;4.238092e-02;4.163525e-02;2.909432e-02;3.545654e-02;1.870474e-01;8.032241e-02;1.764243e-01;9.880147e-02;5.898739e-02;1.063859e-01
3.909443e-02;7.999166e-02;4.492270e-02;4.963745e-02;3.734521e-02;3.395042e-02;2.246989e-01;7.531213e-02;1.102343e-01;1.287093e-01;7.662173e-02;9.948178e-02
6.393328e-02;5.004957e-02;8.198842e-02;5.517714e-02;3.662095e-02;3.165137e-02;2.459742e-01;8.641257e-02;5.958791e-02;1.535490e-01;5.539341e-02;7.966219e-02
8.055855e-02;4.691751e-02;9.694993e-02;5.104632e-02;4.648334e-02;4.906695e-02;2.103295e-01;1.269711e-01;6.679067e-02;1.267655e-01;3.115047e-02;6.697007e-02
1.186803e-01;6.589188e-02;1.232688e-01;5.172252e-02;7.279814e-02;3.988307e-02;1.419393e-01;1.246681e-01;8.044203e-02;7.337916e-02;6.227554e-02;4.505111e-02
1.835828e-01;8.796246e-02;1.386112e-01;5.638475e-02;7.899667e-02;3.759376e-02;9.627254e-02;9.541584e-02;5.763470e-02;5.883067e-02;7.249579e-02;3.621885e-02
2.323604e-01;1.116877e-01;1.557439e-01;4.195361e-02;6.002673e-02;3.761101e-02;1.019520e-01;5.938964e-02;5.299827e-02;5.604795e-02;5.887439e-02;3.135443e-02
2.808245e-01;1.038629e-01;2.155766e-01;2.701790e-02;4.841047e-02;3.381866e-02;1.028592e-01;2.179855e-02;3.558542e-02;4.493342e-02;4.529466e-02;4.001775e-02
3.048396e-01;1.244397e-01;2.259022e-01;2.087703e-02;3.431845e-02;2.853972e-02;6.532990e-02;3.795838e-02;5.426849e-02;3.187906e-02;3.446005e-02;3.718731e-02
2.947242e-01;1.779623e-01;2.473556e-01;1.877015e-02;2.652930e-02;2.404729e-02;4.505614e-02;5.175701e-02;4.149291e-02;2.442391e-02;2.227904e-02;2.560222e-02
2.681204e-01;2.330408e-01;2.865716e-01;1.200022e-02;2.378700e-02;1.605017e-02;4.010091e-02;3.849845e-02;3.031622e-02;1.684745e-02;1.477833e-02;1.988841e-02
2.494722e-01;2.739400e-01;2.983818e-01;1.540150e-02;1.649790e-02;8.872369e-03;2.504387e-02;3.005046e-02;4.408140e-02;1.464505e-02;9.214823e-03;1.439868e-02
2.140186e-01;2.793331e-01;3.232377e-01;2.185604e-02;1.491137e-02;1.627661e-02;1.927732e-02;2.308399e-02;4.828224e-02;1.848969e-02;1.098025e-02;1.025310e-02
1.647597e-01;2.249685e-01;3.496003e-01;2.856349e-02;1.814331e-02;3.101222e-02;5.167520e-02;1.317645e-02;4.869399e-02;3.155239e-02;1.857251e-02;1.928186e-02
9.313080e-02;1.337696e-01;4.105959e-01;2.941342e-02;2.592855e-02;4.199686e-02;9.274345e-02;2.847115e-02;3.639096e-02;5.389452e-02;2.123841e-02;3.242638e-02
3.040792e-02;7.198610e-02;4.485386e-01;2.836934e-02;3.570089e-02;4.030026e-02;1.410095e-01;3.875492e-02;3.147892e-02;6.788947e-02;2.772955e-02;3.783445e-02
3.127385e-02;7.599256e-02;4.044123e-01;3.606145e-02;5.959811e-02;3.603119e-02;1.641242e-01;3.279533e-02;2.898279e-02;5.478016e-02;3.824314e-02;3.770494e-02
5.066138e-02;6.930090e-02;4.335028e-01;3.326133e-02;6.730250e-02;4.533076e-02;1.150706e-01;2.474911e-02;3.541554e-02;4.591492e-02;4.440294e-02;3.508720e-02
7.612143e-02;8.628502e-02;4.775499e-01;2.312827e-02;5.055235e-02;4.127855e-02;5.417792e-02;2.161926e-02;4.511092e-02;4.543645e-02;3.914070e-02;3.959918e-02
7.995266e-02;1.089699e-01;4.462946e-01;2.926048e-02;1.890503e-02;3.479543e-02;1.244971e-01;2.371152e-02;3.580390e-02;3.851832e-02;2.023411e-02;3.905697e-02
5.235733e-02;7.628192e-02;4.567816e-01;3.696922e-02;2.217244e-02;4.192141e-02;1.379992e-01;3.993921e-02;4.054533e-02;3.543323e-02;1.961302e-02;3.998609e-02
7.857055e-02;1.003666e-01;3.927441e-01;3.409621e-02;4.162373e-02;3.767535e-02;1.138384e-01;5.284242e-02;3.327730e-02;4.015964e-02;2.087958e-02;5.392603e-02
1.366558e-01;1.470297e-01;2.145725e-01;4.105598e-02;7.694712e-02;3.485902e-02;1.016546e-01;4.298445e-02;4.590652e-02;6.205374e-02;4.329363e-02;5.298687e-02
7.792782e-02;1.157608e-01;3.024370e-01;4.999009e-02;7.792421e-02;4.712158e-02;1.124494e-01;3.746835e-02;5.890181e-02;5.483412e-02;4.098951e-02;2.419537e-02
3.044492e-02;1.026184e-01;2.379484e-01;5.530244e-02;7.707322e-02;6.999382e-02;1.003883e-01;6.621362e-02;1.021215e-01;6.450625e-02;4.890921e-02;4.447999e-02
5.994648e-02;7.719598e-02;1.740223e-01;5.010374e-02;7.910404e-02;7.315906e-02;1.052707e-01;8.412329e-02;1.065060e-01;7.207580e-02;5.846770e-02;6.002495e-02
6.418267e-02;6.024393e-02;1.631158e-01;4.899482e-02;9.516418e-02;6.764819e-02;1.057230e-01;1.128078e-01;9.695879e-02;7.179146e-02;4.827298e-02;6.509639e-02
9.457789e-02;3.437193e-02;1.290005e-01;7.937015e-02;1.172081e-01;5.376854e-02;1.123465e-01;1.364891e-01;7.560454e-02;7.734501e-02;3.870340e-02;5.121422e-02
1.193106e-01;6.221170e-02;1.679654e-01;6.790514e-02;8.464690e-02;6.396129e-02;1.043412e-01;9.492636e-02;7.732284e-02;7.726406e-02;6.154489e-02;1.859971e-02
1.024186e-01;6.040015e-02;1.267388e-01;6.658048e-02;1.003729e-01;6.507106e-02;8.468923e-02;1.058168e-01;6.784197e-02;1.103983e-01;7.049385e-02;3.917789e-02
5.424874e-02;3.521912e-02;9.420201e-02;5.645910e-02;1.521693e-01;5.495845e-02;9.749021e-02;1.037806e-01;6.395569e-02;1.348133e-01;7.628518e-02;7.641821e-02
4.387598e-02;3.168638e-02;9.808403e-02;6.496809e-02;1.405078e-01;6.337132e-02;1.096767e-01;8.493444e-02;4.563649e-02;1.365016e-01;7.049674e-02;1.102604e-01
5.163937e-02;5.999063e-02;1.187472e-01;4.480265e-02;1.595271e-01;7.528497e-02;1.139259e-01;8.923657e-02;8.134708e-02;9.999420e-02;1.855432e-02;8.694999e-02
6.099713e-02;7.729132e-02;1.220388e-01;6.113739e-02;1.852801e-01;5.591831e-02;7.382969e-02;9.899212e-02;9.332211e-02;5.946883e-02;5.091175e-02;6.081250e-02
7.123183e-02;6.265938e-02;1.179629e-01;8.015179e-02;1.129590e-01;7.775588e-02;8.623075e-02;9.356301e-02;1.011456e-01;7.767841e-02;5.387490e-02;6.478652e-02
7.819546e-02;6.060353e-02;1.730127e-01;7.255906e-02;9.001124e-02;9.319227e-02;8.178069e-02;4.868722e-02;1.283048e-01;9.027328e-02;2.623742e-02;5.714235e-02
6.679649e-02;7.980856e-02;2.968245e-01;6.028945e-02;8.803669e-02;6.243195e-02;1.189553e-01;4.618424e-02;6.139608e-02;6.495230e-02;2.497741e-02;2.934698e-02
6.069924e-02;9.285561e-02;3.806726e-01;4.604402e-02;5.980324e-02;4.798643e-02;1.111558e-01;3.573854e-02;5.349539e-02;5.974988e-02;2.663435e-02;2.516491e-02
1.848638e-02;1.221626e-01;4.289618e-01;3.890904e-02;4.681512e-02;4.866200e-02;8.130016e-02;2.622705e-02;6.482128e-02;6.620274e-02;3.131410e-02;2.613780e-02
9.821010e-02;1.509165e-01;3.301487e-01;3.875988e-02;3.537144e-02;4.918843e-02;7.522303e-02;4.054636e-02;6.874608e-02;4.586497e-02;3.517353e-02;3.185099e-02
1.518556e-01;1.320878e-01;2.686598e-01;4.562311e-02;4.426687e-02;5.634823e-02;9.754181e-02;4.626830e-02;5.270100e-02;4.879616e-02;2.921652e-02;2.663476e-02
1.733407e-01;6.854787e-02;2.899450e-01;3.552394e-02;4.555636e-02;6.142716e-02;1.426022e-01;4.303579e-02;4.610500e-02;5.625952e-02;1.667556e-02;2.098087e-02
1.376631e-01;1.465035e-01;2.324027e-01;2.859580e-02;4.264162e-02;4.347728e-02;1.654219e-01;3.363808e-02;6.831395e-02;4.170705e-02;2.878285e-02;3.085222e-02
1.080295e-01;1.626570e-01;1.891286e-01;4.152550e-02;5.952184e-02;4.473172e-02;1.850627e-01;4.059865e-02;6.555659e-02;3.995603e-02;3.943517e-02;2.379671e-02
8.129097e-02;1.394832e-01;2.009552e-01;6.180734e-02;9.929595e-02;5.914570e-02;1.096712e-01;5.934390e-02;5.409332e-02;4.932910e-02;4.729269e-02;3.829149e-02
4.631055e-02;5.461360e-02;2.821661e-01;4.055531e-02;7.510331e-02;4.883765e-02;2.439663e-01;3.787889e-02;3.882552e-02;5.751023e-02;4.566024e-02;2.857234e-02
6.332271e-02;4.867466e-02;3.072421e-01;4.655061e-02;6.047120e-02;4.597243e-02;2.648341e-01;2.858432e-02;2.521570e-02;5.330500e-02;2.979072e-02;2.603642e-02
4.828602e-02;7.734649e-02;2.265908e-01;6.245372e-02;7.582022e-02;4.410386e-02;2.613952e-01;4.888134e-02;4.164448e-02;5.273721e-02;3.031794e-02;3.042274e-02
7.034127e-02;8.962025e-02;2.612880e-01;4.952777e-02;7.418144e-02;4.917670e-02;1.934535e-01;5.394096e-02;5.216203e-02;5.263239e-02;2.708801e-02;2.658766e-02
7.746048e-02;1.099946e-01;2.370149e-01;4.726647e-02;1.108874e-01;7.661505e-02;1.040749e-01;6.914681e-02;6.714937e-02;5.411272e-02;2.438455e-02;2.189278e-02
7.325558e-02;7.735367e-02;2.402626e-01;4.487475e-02;1.069468e-01;7.210869e-02;1.809627e-01;6.098746e-02;5.904397e-02;3.990088e-02;2.465983e-02;1.964306e-02
1.257081e-01;6.647047e-02;2.886283e-01;4.670056e-02;1.142108e-01;7.869226e-02;8.928049e-02;5.091666e-02;5.996953e-02;3.243270e-02;2.948213e-02;1.750803e-02
1.623843e-01;7.518621e-02;1.909585e-01;5.621111e-02;1.169185e-01;9.756060e-02;9.485831e-02;6.230768e-02;5.974217e-02;2.824402e-02;2.955210e-02;2.607649e-02
1.955933e-01;6.486320e-02;1.228039e-01;7.945221e-02;7.775799e-02;9.727094e-02;1.369184e-01;6.748320e-02;6.234450e-02;3.198319e-02;3.324623e-02;3.028294e-02
1.967519e-01;4.024445e-02;1.471155e-01;9.201097e-02;5.101502e-02;6.819186e-02;1.728267e-01;6.878594e-02;5.911129e-02;3.044078e-02;3.434967e-02;3.915602e-02
2.024717e-01;4.877884e-02;1.355455e-01;6.095937e-02;5.056459e-02;4.019982e-02;1.993017e-01;7.864579e-02;4.040243e-02;4.793771e-02;4.331519e-02;5.187743e-02
1.853642e-01;4.232038e-02;1.439176e-01;3.091220e-02;5.518957e-02;4.028263e-02;2.514572e-01;6.756867e-02;2.896180e-02;4.814410e-02;4.316618e-02;6.271538e-02
1.793469e-01;4.253832e-02;1.382163e-01;4.044687e-02;6.408679e-02;3.967519e-02;2.635854e-01;4.716323e-02;2.930775e-02;4.583069e-02;4.205076e-02;6.775178e-02
2.008029e-01;3.463208e-02;1.016120e-01;4.752135e-02;6.410410e-02;4.259015e-02;2.046924e-01;3.303117e-02;2.732854e-02;7.439461e-02;8.020336e-02;8.908740e-02
1.692288e-01;6.323320e-02;1.939779e-01;4.477688e-02;6.434453e-02;4.745387e-02;1.451050e-01;4.476121e-02;3.612736e-02;6.353888e-02;7.227633e-02;5.517597e-02
1.189786e-01;1.001856e-01;2.354296e-01;5.195380e-02;5.968559e-02;3.481146e-02;1.753996e-01;4.031799e-02;3.724591e-02;5.692259e-02;4.918031e-02;3.988894e-02
5.701488e-02;1.075749e-01;2.809832e-01;5.737827e-02;7.821292e-02;4.051337e-02;1.821856e-01;2.916889e-02;3.692950e-02;4.935367e-02;4.408662e-02;3.659814e-02
1.057794e-01;7.623522e-02;2.629795e-01;4.730378e-02;1.177769e-01;6.735437e-02;1.250662e-01;2.551904e-02;4.575618e-02;3.931034e-02;3.850047e-02;4.841868e-02
1.269647e-01;7.679220e-02;1.415695e-01;7.532484e-02;8.022463e-02;5.366224e-02;2.391903e-01;3.083636e-02;2.633520e-02;4.999303e-02;3.268011e-02;6.642692e-02
1.288966e-01;9.477559e-02;1.047386e-01;7.992483e-02;4.318340e-02;4.277442e-02;2.643740e-01;3.403309e-02;1.907225e-02;5.897752e-02;4.164704e-02;8.760272e-02
8.448230e-02;9.116610e-02;1.022875e-01;5.102655e-02;5.184474e-02;4.444621e-02;2.389557e-01;3.643439e-02;4.469982e-02;5.803939e-02;8.594586e-02;1.106715e-01
1.048851e-01;8.245523e-02;1.021609e-01;9.278759e-02;3.971551e-02;2.628910e-02;2.109031e-01;3.986894e-02;4.605500e-02;5.959386e-02;7.873513e-02;1.165505e-01
6.854409e-02;8.191505e-02;1.447904e-01;1.322358e-01;5.095768e-02;3.241026e-02;1.959769e-01;2.011636e-02;6.805950e-02;6.251232e-02;5.052201e-02;9.195965e-02
6.395458e-02;6.058234e-02;2.168225e-01;1.076658e-01;7.314610e-02;7.341710e-02;1.400793e-01;8.947264e-03;8.400970e-02;4.830204e-02;7.360207e-02;4.947118e-02
8.670607e-02;2.487808e-02;1.924348e-01;5.734085e-02;1.002498e-01;1.291786e-01;9.975459e-02;3.486965e-02;7.205887e-02;5.196428e-02;1.129326e-01;3.763177e-02
6.772583e-02;3.521508e-02;1.295115e-01;8.260036e-02;8.502440e-02;1.646439e-01;1.344223e-01;5.955091e-02;4.505881e-02;4.922782e-02;1.141663e-01;3.285273e-02
4.726842e-02;6.005380e-02;1.327602e-01;6.924418e-02;7.075764e-02;1.620001e-01;1.429491e-01;8.820617e-02;5.278636e-02;5.991183e-02;8.541169e-02;2.865047e-02
4.372819e-02;8.133839e-02;1.207492e-01;6.256907e-02;9.697752e-02;1.305548e-01;1.219347e-01;1.251731e-01;2.718242e-02;7.845687e-02;7.845374e-02;3.288192e-02
2.588717e-02;8.872399e-02;1.055780e-01;6.695889e-02;1.032250e-01;1.077349e-01;1.313599e-01;1.391815e-01;3.717210e-02;9.692978e-02;7.017317e-02;2.707556e-02
4.010034e-02;9.098237e-02;9.316706e-02;7.944869e-02;9.404084e-02;9.152762e-02;1.406609e-01;1.464129e-01;1.485922e-02;1.077738e-01;5.251515e-02;4.851116e-02
3.870230e-02;8.624862e-02;1.096794e-01;7.076673e-02;1.183397e-01;8.170986e-02;1.307217e-01;1.143747e-01;5.590057e-02;1.115923e-01;4.990739e-02;3.205683e-02
3.713742e-02;9.431770e-02;9.106942e-02;5.180816e-02;1.501666e-01;8.829447e-02;6.629806e-02;1.082804e-01;8.432709e-02;1.367023e-01;4.930319e-02;4.229518e-02
4.412901e-02;9.121513e-02;8.302360e-02;8.265559e-02;1.163292e-01;8.496041e-02;7.854368e-02;1.342403e-01;5.957131e-02;1.189249e-01;6.125902e-02;4.514779e-02
4.661648e-02;1.153925e-01;7.022668e-02;1.025792e-01;1.142211e-01;6.709453e-02;7.920149e-02;1.583991e-01;2.708613e-02;1.091700e-01;6.070590e-02;4.930688e-02
3.233948e-02;1.356179e-01;7.632343e-02;8.340804e-02;1.500133e-01;5.832512e-02;7.323840e-02;1.529953e-01;1.539822e-02;1.205715e-01;4.548303e-02;5.628632e-02
3.485583e-02;1.504962e-01;6.275303e-02;9.023176e-02;1.409925e-01;4.824046e-02;5.390931e-02;1.461291e-01;1.993376e-02;1.365302e-01;5.177945e-02;6.414847e-02
3.768712e-02;1.523774e-01;7.645883e-02;1.032366e-01;1.306602e-01;4.199298e-02;3.417806e-02;1.298089e-01;2.297697e-02;1.488402e-01;4.861798e-02;7.316478e-02
3.598902e-02;1.462700e-01;5.235027e-02;1.045945e-01;1.361530e-01;4.846533e-02;6.248703e-02;1.100300e-01;2.552780e-02;1.532502e-01;4.762823e-02;7.725462e-02
4.846930e-02;1.393266e-01;6.077095e-02;9.442098e-02;1.195876e-01;5.329117e-02;5.158137e-02;1.012416e-01;3.549878e-02;1.573389e-01;5.147631e-02;8.699642e-02
4.796928e-02;1.313850e-01;1.061791e-01;6.460126e-02;9.828842e-02;4.989766e-02;7.291285e-02;9.702764e-02;2.844536e-02;1.546878e-01;5.682921e-02;9.177648e-02
5.290521e-02;1.263504e-01;8.700524e-02;4.256022e-02;1.078662e-01;5.357801e-02;7.297286e-02;9.389852e-02;3.631110e-02;1.578691e-01;7.010908e-02;9.857407e-02
8.136977e-02;9.386252e-02;1.307599e-01;3.621450e-02;8.859020e-02;4.976655e-02;8.231495e-02;7.203975e-02;4.320100e-02;1.455275e-01;6.804068e-02;1.083126e-01
9.850947e-02;5.845893e-02;1.578369e-01;2.391696e-02;6.059264e-02;4.115327e-02;1.105536e-01;4.549007e-02;3.960362e-02;1.236628e-01;1.161489e-01;1.240729e-01
9.504662e-02;4.119305e-02;1.510041e-01;2.495568e-02;4.373641e-02;4.053194e-02;9.655544e-02;3.837768e-02;5.235841e-02;1.187532e-01;1.729694e-01;1.245180e-01
7.737906e-02;5.995084e-02;1.915517e-01;3.182102e-02;4.491822e-02;4.871831e-02;4.749673e-02;3.706945e-02;7.589752e-02;1.089252e-01;1.762052e-01;1.000668e-01
7.615135e-02;6.597044e-02;2.335562e-01;3.362303e-02;3.344718e-02;4.509763e-02;6.504390e-02;2.898038e-02;7.624134e-02;1.035217e-01;1.353785e-01;1.029883e-01
5.102437e-02;7.420163e-02;1.436191e-01;3.795646e-02;4.591641e-02;4.522325e-02;1.064590e-01;3.845746e-02;9.070888e-02;1.042674e-01;1.365466e-01;1.256195e-01
1.392992e-01;6.790885e-02;1.459016e-01;3.640746e-02;3.998558e-02;3.045004e-02;1.048254e-01;5.482455e-02;5.738622e-02;8.737421e-02;1.125701e-01;1.230667e-01
2.147862e-01;4.935364e-02;1.376993e-01;3.232050e-02;4.356115e-02;2.709857e-02;8.878481e-02;5.543547e-02;3.120527e-02;9.317060e-02;1.068283e-01;1.197562e-01
2.363327e-01;9.977487e-02;1.776078e-01;3.049121e-02;4.053131e-02;2.728515e-02;4.827946e-02;4.832573e-02;4.480382e-02;6.307676e-02;8.512445e-02;9.836680e-02
1.922355e-01;1.244620e-01;2.790177e-01;2.730626e-02;2.876944e-02;2.529488e-02;3.559521e-02;3.889782e-02;3.691825e-02;4.758984e-02;5.925468e-02;1.046584e-01
1.088909e-01;9.879394e-02;3.212729e-01;3.451855e-02;3.050314e-02;3.226954e-02;6.410196e-02;5.271072e-02;4.375496e-02;6.817248e-02;5.743775e-02;8.757311e-02
