1.291371e-01;7.601240e-02;1.638831e-01;6.726090e-02;5.620591e-02;9.336630e-02;1.081871e-01;5.521072e-02;3.915848e-02;6.031064e-02;7.621372e-02;7.505360e-02
1.598766e-01;9.879690e-02;1.575608e-01;5.285250e-02;3.560748e-02;3.395717e-02;1.469560e-01;4.679911e-02;5.224068e-02;6.141239e-02;7.991470e-02;7.402571e-02
2.418740e-01;6.872186e-02;1.536934e-01;5.517511e-02;3.011374e-02;3.363825e-02;1.574836e-01;4.825587e-02;3.709263e-02;3.780249e-02;5.385230e-02;8.229673e-02
2.047198e-01;3.806842e-02;7.990084e-02;3.167747e-02;4.464392e-02;3.324936e-02;1.005887e-01;5.130232e-02;7.477608e-02;1.026522e-01;1.393551e-01;9.906577e-02
2.166288e-01;6.198486e-02;5.478681e-02;1.244860e-02;5.889416e-02;2.500390e-02;1.139449e-01;3.494593e-02;1.029947e-01;6.523001e-02;1.542175e-01;9.891972e-02
1.592924e-01;8.356045e-02;8.739491e-02;2.813636e-02;6.153616e-02;4.256965e-02;1.125445e-01;4.405808e-02;9.492225e-02;9.631628e-02;1.093908e-01;8.027815e-02
7.126469e-02;1.036052e-01;8.097588e-02;2.711803e-02;5.989183e-02;4.431005e-02;1.117887e-01;9.316130e-02;4.026270e-02;1.483310e-01;1.428408e-01;7.644976e-02
1.862445e-01;8.432841e-02;6.487768e-02;2.324160e-02;4.330755e-02;3.178781e-02;1.340553e-01;1.143123e-01;3.733164e-02;3.814173e-02;1.796587e-01;6.271281e-02
2.155619e-01;7.168545e-02;4.286991e-02;2.119799e-02;3.975514e-02;1.597524e-02;1.333324e-01;1.003030e-01;5.925932e-02;6.745906e-02;1.960206e-01;3.658007e-02
1.862108e-01;9.724378e-02;8.251262e-02;1.932419e-02;3.594644e-02;1.997249e-02;1.220343e-01;7.489967e-02;6.521961e-02;4.297962e-02;2.212204e-01;3.243607e-02
1.246900e-01;9.804954e-02;1.094505e-01;1.588750e-02;3.390716e-02;3.510763e-02;1.233564e-01;6.225763e-02;9.952009e-02;4.792014e-02;2.218831e-01;2.797025e-02
9.674700e-02;7.606407e-02;7.590047e-02;1.013022e-02;3.285760e-02;4.434178e-02;1.314721e-01;8.955527e-02;1.691961e-01;3.381124e-02;2.101155e-01;2.980862e-02
1.198987e-01;4.032111e-02;1.544447e-01;1.421632e-02;2.065382e-02;3.769362e-02;1.049316e-01;8.961101e-02;1.231032e-01;6.830873e-02;1.285540e-01;9.826327e-02
1.550030e-01;8.182464e-02;2.691677e-01;1.684005e-02;2.991761e-02;3.459975e-02;4.259029e-02;8.145186e-02;2.922685e-02;7.289210e-02;6.852698e-02;1.179592e-01
1.463125e-01;1.011279e-01;2.917413e-01;2.464683e-02;4.278043e-02;2.730549e-02;8.013108e-02;7.142841e-02;3.089515e-02;4.612923e-02;7.938845e-02;5.811324e-02
1.690814e-01;8.219729e-02;2.750872e-01;3.760536e-02;4.958362e-02;2.111434e-02;1.218109e-01;6.101590e-02;4.910713e-02;3.024559e-02;6.119430e-02;4.195696e-02
1.718247e-01;6.970050e-02;1.953186e-01;4.719000e-02;6.685900e-02;4.279202e-02;1.673226e-01;6.520583e-02;5.738237e-02;3.644227e-02;3.668585e-02;4.327617e-02
9.878907e-02;5.338721e-02;1.144743e-01;5.211185e-02;7.578446e-02;8.361106e-02;1.683326e-01;9.916174e-02;8.319857e-02;4.729198e-02;7.203628e-02;5.182092e-02
5.781925e-02;6.025144e-02;1.119862e-01;5.856839e-02;7.378002e-02;9.886479e-02;1.340605e-01;1.054978e-01;7.989488e-02;8.066982e-02;8.145005e-02;5.715686e-02
6.457722e-02;4.468108e-02;1.622554e-01;7.946656e-02;7.563185e-02;7.936546e-02;1.042540e-01;7.817554e-02;7.912149e-02;1.059915e-01;7.695232e-02;4.952767e-02
5.880358e-02;3.070040e-02;2.940350e-01;9.164239e-02;7.210190e-02;5.090762e-02;8.213569e-02;5.090219e-02;7.410200e-02;1.073217e-01;5.615402e-02;3.119344e-02
4.315220e-02;4.838225e-02;3.622885e-01;8.872100e-02;5.546407e-02;4.352961e-02;9.264902e-02;5.454115e-02;6.363422e-02;9.180822e-02;3.988998e-02;1.593984e-02
1.433484e-02;4.228717e-02;3.663870e-01;7.570767e-02;5.273492e-02;3.878132e-02;1.401330e-01;6.989723e-02;5.006015e-02;8.043080e-02;3.618231e-02;3.306364e-02
2.518705e-02;3.932545e-02;3.082210e-01;4.339087e-02;5.143421e-02;5.006337e-02;2.093321e-01;6.466525e-02;4.612411e-02;9.976476e-02;2.734444e-02;3.514739e-02
4.973363e-02;2.565301e-02;2.277428e-01;1.969073e-02;5.860024e-02;4.533984e-02;2.620292e-01;7.877854e-02;4.386327e-02;1.445077e-01;2.358944e-02;2.047164e-02
7.854068e-02;1.316736e-02;1.805865e-01;2.245548e-02;6.183270e-02;3.045256e-02;2.907694e-01;5.392329e-02;4.081209e-02;1.788622e-01;4.170890e-02;6.888850e-03
9.756269e-02;1.109023e-02;1.478721e-01;1.417545e-02;5.274798e-02;2.135624e-02;2.927804e-01;4.802014e-02;5.483062e-02;1.841276e-01;6.866723e-02;6.769259e-03
1.060500e-01;1.072340e-02;1.340406e-01;2.185857e-02;3.740714e-02;1.354470e-02;2.703291e-01;6.049325e-02;7.904688e-02;1.547836e-01;9.777141e-02;1.395131e-02
1.053597e-01;1.431451e-02;1.158824e-01;3.683447e-02;2.730435e-02;2.733289e-02;2.337283e-01;7.883484e-02;8.859400e-02;1.210993e-01;1.327272e-01;1.798802e-02
9.391061e-02;1.312306e-02;9.694821e-02;5.141117e-02;1.291494e-02;3.575215e-02;1.924927e-01;1.116157e-01;7.739268e-02;9.671640e-02;1.956545e-01;2.206787e-02
7.124689e-02;2.132669e-02;7.686088e-02;6.500459e-02;1.616819e-02;5.284333e-02;1.513015e-01;1.379625e-01;5.639447e-02;8.261096e-02;2.477194e-01;2.056060e-02
4.320735e-02;2.796708e-02;7.786197e-02;7.956395e-02;1.909334e-02;6.972189e-02;1.185064e-01;1.577433e-01;3.081729e-02;6.733791e-02;2.932752e-01;1.490428e-02
2.675837e-02;3.443989e-02;7.653387e-02;8.837539e-02;1.940127e-02;6.948348e-02;9.776630e-02;1.652715e-01;1.378975e-02;6.412555e-02;3.276149e-01;1.643977e-02
2.559524e-02;3.010099e-02;7.113817e-02;9.105984e-02;1.996497e-02;5.590899e-02;1.009670e-01;1.611822e-01;1.371540e-02;7.036291e-02;3.414727e-01;1.853173e-02
2.792787e-02;3.302393e-02;6.053156e-02;9.879139e-02;2.382018e-02;4.403187e-02;9.019241e-02;1.748049e-01;1.810337e-02;5.191763e-02;3.503890e-01;2.646589e-02
2.381044e-02;4.051292e-02;1.292906e-01;1.037722e-01;3.324590e-02;3.511154e-02;8.141088e-02;1.646612e-01;1.735950e-02;3.680151e-02;3.196614e-01;1.436181e-02
2.863238e-02;4.488035e-02;1.869757e-01;9.245166e-02;3.787248e-02;3.832007e-02;9.119253e-02;1.319291e-01;2.116158e-02;4.266105e-02;2.539059e-01;3.001717e-02
4.641210e-02;5.114271e-02;1.867697e-01;8.312922e-02;4.026064e-02;4.052988e-02;1.216631e-01;1.076371e-01;2.241201e-02;4.395523e-02;2.288866e-01;2.720167e-02
5.232358e-02;6.091326e-02;1.107562e-01;7.939447e-02;4.756654e-02;5.143713e-02;1.679908e-01;5.966409e-02;3.466456e-02;4.782182e-02;2.481268e-01;3.934067e-02
6.369256e-02;4.952855e-02;1.297321e-01;9.096780e-02;4.730141e-02;5.014788e-02;1.458360e-01;9.055135e-02;4.991409e-02;4.950976e-02;1.987218e-01;3.409663e-02
5.909536e-02;4.034202e-02;1.556880e-01;1.356531e-01;3.368586e-02;3.032351e-02;1.428727e-01;1.420971e-01;3.429470e-02;8.921798e-02;1.157539e-01;2.097569e-02
3.691722e-02;4.549713e-02;1.333562e-01;1.480049e-01;2.233775e-02;3.717201e-02;1.429402e-01;1.890068e-01;3.778937e-02;8.831724e-02;1.013483e-01;1.731281e-02
4.023475e-02;3.738096e-02;8.850761e-02;1.161090e-01;2.646037e-02;5.479100e-02;1.411190e-01;1.664117e-01;7.091233e-02;5.368545e-02;1.864996e-01;1.788822e-02
7.314749e-02;3.248958e-02;7.629088e-02;7.270244e-02;3.223065e-02;8.863746e-02;1.170047e-01;1.385555e-01;6.996552e-02;5.932312e-02;2.038653e-01;3.578721e-02
1.008607e-01;5.118806e-02;8.687198e-02;5.733584e-02;4.015573e-02;8.236211e-02;1.054960e-01;1.232322e-01;8.158859e-02;8.569041e-02;1.525971e-01;3.262128e-02
1.086622e-01;6.002037e-02;8.477280e-02;5.459659e-02;4.574533e-02;7.215896e-02;1.375374e-01;9.445301e-02;9.233856e-02;9.666153e-02;1.191043e-01;3.394896e-02
9.564247e-02;7.481067e-02;1.033221e-01;6.379427e-02;4.639905e-02;8.255213e-02;1.560896e-01;5.877627e-02;8.764313e-02;8.968529e-02;1.095289e-01;3.175601e-02
9.849072e-02;7.099108e-02;1.580952e-01;7.089676e-02;7.418108e-02;1.015123e-01;1.175784e-01;4.812401e-02;5.159261e-02;6.789196e-02;1.070425e-01;3.360327e-02
1.019224e-01;5.055662e-02;2.157660e-01;6.294603e-02;7.883319e-02;9.203326e-02;1.299625e-01;3.852038e-02;2.847329e-02;5.828637e-02;1.049746e-01;3.772536e-02
8.387253e-02;4.678337e-02;2.823116e-01;5.256573e-02;5.930593e-02;7.549774e-02;1.255366e-01;3.438433e-02;3.584868e-02;7.217882e-02;9.122873e-02;4.048593e-02
9.915955e-02;7.041817e-02;2.774546e-01;3.696108e-02;3.927801e-02;5.090763e-02;1.265165e-01;4.257233e-02;6.326009e-02;6.876412e-02;6.336883e-02;6.133908e-02
1.255170e-01;1.017499e-01;2.078990e-01;3.342210e-02;4.584096e-02;3.862884e-02;1.434339e-01;3.679219e-02;8.135000e-02;6.702489e-02;4.206420e-02;7.627698e-02
1.068682e-01;9.685117e-02;1.490652e-01;3.206071e-02;5.677861e-02;5.869905e-02;1.736414e-01;5.751397e-02;9.266055e-02;8.325011e-02;4.294142e-02;4.966951e-02
5.566447e-02;9.460088e-02;1.433497e-01;6.283257e-02;5.948888e-02;8.445522e-02;1.437746e-01;8.193178e-02;9.315723e-02;8.597851e-02;4.388395e-02;5.088225e-02
6.315494e-02;1.026791e-01;1.164363e-01;1.091539e-01;5.219942e-02;8.039290e-02;1.139131e-01;9.950731e-02;1.311546e-01;6.034359e-02;1.699617e-02;5.406862e-02
6.713998e-02;9.105573e-02;1.146863e-01;1.195311e-01;6.152558e-02;4.801856e-02;5.043399e-02;1.411587e-01;1.305013e-01;6.645418e-02;3.090004e-02;7.859460e-02
6.249725e-02;8.647351e-02;1.323913e-01;1.006757e-01;5.226741e-02;8.141413e-02;5.849607e-02;1.042999e-01;1.026422e-01;8.073514e-02;5.512495e-02;8.298251e-02
8.042719e-02;7.939123e-02;1.486041e-01;8.806688e-02;6.213558e-02;8.427659e-02;8.096606e-02;8.468264e-02;7.901393e-02;7.820364e-02;7.027930e-02;6.395285e-02
9.591872e-02;5.803949e-02;1.390738e-01;9.762438e-02;7.757773e-02;4.917476e-02;9.243977e-02;9.471665e-02;7.164246e-02;7.994407e-02;8.975941e-02;5.408879e-02
7.349776e-02;6.178026e-02;1.184874e-01;1.111856e-01;6.453522e-02;4.382687e-02;1.363570e-01;7.917775e-02;7.160091e-02;8.428352e-02;1.109069e-01;4.436068e-02
7.689198e-02;8.175701e-02;1.468163e-01;8.848412e-02;6.470334e-02;5.244067e-02;1.272731e-01;5.347518e-02;7.188090e-02;7.006373e-02;1.183612e-01;4.785248e-02
4.352773e-02;9.604673e-02;1.185218e-01;6.105242e-02;8.059059e-02;5.077118e-02;7.495349e-02;9.355682e-02;8.075805e-02;1.125181e-01;1.150407e-01;7.266239e-02
4.121395e-02;9.152447e-02;1.152549e-01;8.234937e-02;8.145569e-02;6.385280e-02;6.333184e-02;8.273200e-02;6.313571e-02;1.154588e-01;1.321943e-01;6.749620e-02
8.722374e-02;7.233210e-02;1.420357e-01;9.703834e-02;8.387535e-02;5.760024e-02;8.005176e-02;7.088674e-02;6.049076e-02;1.004106e-01;1.050267e-01;4.302792e-02
7.101773e-02;5.809974e-02;9.839421e-02;6.435152e-02;4.512727e-02;3.302401e-02;9.834655e-02;9.701367e-02;1.203971e-01;1.477223e-01;9.834754e-02;6.815830e-02
5.032025e-02;5.657171e-02;1.320786e-01;7.654811e-02;4.777862e-02;3.009747e-02;8.233318e-02;1.151270e-01;1.177092e-01;1.101944e-01;1.094331e-01;7.180843e-02
7.719107e-02;5.888225e-02;1.523211e-01;6.739397e-02;5.487340e-02;6.323405e-02;1.447870e-01;1.064029e-01;7.956301e-02;6.666571e-02;8.456801e-02;4.411756e-02
1.022998e-01;6.875306e-02;1.589129e-01;3.765035e-02;5.949093e-02;9.180570e-02;2.199704e-01;1.025443e-01;5.096897e-02;6.381329e-02;2.604409e-02;1.774615e-02
8.288081e-02;4.589530e-02;1.913386e-01;4.698407e-02;6.412699e-02;5.838104e-02;2.512731e-01;9.694812e-02;6.340566e-02;5.887641e-02;2.026625e-02;1.962371e-02
5.205043e-02;2.929625e-02;1.976270e-01;4.146462e-02;5.426276e-02;5.015736e-02;2.653244e-01;9.907169e-02;7.238645e-02;7.020944e-02;2.545697e-02;4.269263e-02
3.845041e-02;3.809938e-02;1.553628e-01;2.579243e-02;2.864084e-02;1.051091e-01;2.365888e-01;9.741056e-02;7.126225e-02;1.020526e-01;2.557812e-02;7.565265e-02
3.246704e-02;5.589948e-02;1.039483e-01;2.802534e-02;1.535128e-02;1.540842e-01;1.601474e-01;9.485637e-02;1.121991e-01;1.206326e-01;1.105156e-02;1.113374e-01
2.789751e-02;8.883391e-02;8.781864e-02;4.663993e-02;2.016862e-02;1.805664e-01;6.544614e-02;7.278369e-02;1.787229e-01;1.034219e-01;8.179810e-03;1.195205e-01
3.940957e-02;1.157252e-01;7.781944e-02;7.303213e-02;4.193748e-02;1.641534e-01;4.721026e-02;4.414059e-02;2.084342e-01;7.642634e-02;3.521742e-02;7.649395e-02
5.861625e-02;1.411950e-01;6.529673e-02;8.612242e-02;6.929493e-02;1.492389e-01;4.277102e-02;3.968389e-02;1.890851e-01;6.336829e-02;7.127813e-02;2.404932e-02
1.085231e-01;1.112462e-01;8.498403e-02;7.751523e-02;8.520359e-02;1.303213e-01;4.656865e-02;5.349718e-02;8.646841e-02;4.915841e-02;1.193200e-01;4.719386e-02
1.244150e-01;5.980436e-02;8.570077e-02;5.517725e-02;9.136542e-02;1.097861e-01;5.905997e-02;7.709527e-02;1.068905e-01;4.219687e-02;1.596517e-01;2.885681e-02
1.408580e-01;4.912959e-02;6.161835e-02;8.583114e-02;8.284002e-02;9.431784e-02;7.766303e-02;1.011405e-01;6.211613e-02;3.390802e-02;1.715939e-01;3.898348e-02
1.235624e-01;1.022391e-01;9.787868e-02;9.568520e-02;7.886254e-02;8.355865e-02;8.236910e-02;6.266810e-02;3.730254e-02;5.368060e-02;1.109905e-01;7.120258e-02
1.390941e-01;1.708018e-01;1.246762e-01;7.412219e-02;5.644900e-02;7.942725e-02;4.437171e-02;4.016364e-02;1.024824e-01;3.199274e-02;5.311751e-02;8.330151e-02
8.316630e-02;1.782387e-01;1.396525e-01;3.831163e-02;5.146741e-02;9.487695e-02;5.377900e-02;2.849504e-02;1.706881e-01;4.935870e-02;2.587032e-02;8.609533e-02
4.981160e-02;1.789206e-01;1.912076e-01;3.059897e-02;2.609605e-02;9.371330e-02;4.432910e-02;1.905227e-02;1.758842e-01;5.259973e-02;2.954106e-02;1.082455e-01
2.174889e-02;1.924909e-01;2.415882e-01;2.393672e-02;1.153279e-02;8.942910e-02;3.797560e-02;2.231855e-02;1.385427e-01;5.129428e-02;3.475113e-02;1.343911e-01
6.281443e-02;2.034024e-01;2.260484e-01;1.807231e-02;1.880375e-02;8.494650e-02;4.190610e-02;1.969166e-02;1.051031e-01;5.134178e-02;3.290388e-02;1.349657e-01
9.850051e-02;2.409928e-01;1.667542e-01;1.990429e-02;2.174130e-02;7.376339e-02;2.726354e-02;2.708206e-02;1.516504e-01;4.174875e-02;1.192976e-02;1.186691e-01
1.367359e-01;2.812112e-01;1.173150e-01;2.434527e-02;1.798517e-02;5.876043e-02;1.358850e-02;2.224770e-02;1.741512e-01;1.886168e-02;2.840964e-02;1.063883e-01
1.492781e-01;2.936049e-01;9.256953e-02;2.438804e-02;1.232290e-02;4.114276e-02;2.332737e-02;2.421612e-02;1.600845e-01;2.386907e-02;6.788199e-02;8.731467e-02
1.654058e-01;2.940575e-01;7.801419e-02;2.394658e-02;1.465398e-02;2.910419e-02;2.184216e-02;4.510254e-02;1.384256e-01;2.652608e-02;9.933224e-02;6.358899e-02
1.748115e-01;2.903335e-01;8.005720e-02;1.769517e-02;1.497458e-02;1.986473e-02;2.689932e-02;5.586821e-02;1.110946e-01;2.681742e-02;1.185217e-01;6.306215e-02
2.039945e-01;2.965478e-01;7.459339e-02;1.460840e-02;1.612540e-02;1.257797e-02;3.325268e-02;6.534672e-02;8.448727e-02;2.772251e-02;1.279920e-01;4.275130e-02
2.091531e-01;2.976713e-01;7.268868e-02;1.362905e-02;1.951830e-02;1.462203e-02;3.267685e-02;6.935957e-02;6.996927e-02;2.547564e-02;1.295604e-01;4.567594e-02
2.418873e-01;2.794677e-01;6.045424e-02;9.037578e-03;2.915499e-02;2.055090e-02;3.230421e-02;6.336970e-02;6.294951e-02;1.912102e-02;1.401851e-01;4.151781e-02
2.834393e-01;2.015938e-01;8.326174e-02;1.325985e-02;3.841159e-02;2.241614e-02;3.681596e-02;6.588081e-02;5.332121e-02;1.824981e-02;1.477704e-01;3.557935e-02
3.250543e-01;1.013511e-01;1.094376e-01;2.616710e-02;4.072237e-02;2.098553e-02;5.073342e-02;8.123503e-02;3.917548e-02;2.209198e-02;1.462680e-01;3.677815e-02
3.277536e-01;6.620468e-02;1.159559e-01;3.188100e-02;3.362412e-02;1.957138e-02;7.545215e-02;7.688651e-02;3.129921e-02;3.005664e-02;1.364137e-01;5.490108e-02
3.151320e-01;5.249751e-02;1.406399e-01;2.889012e-02;2.682262e-02;1.606466e-02;1.082414e-01;6.665079e-02;3.457599e-02;2.458238e-02;1.307315e-01;5.517109e-02
2.862939e-01;7.463249e-02;1.574072e-01;3.205748e-02;3.495465e-02;1.400482e-02;1.109527e-01;5.911973e-02;4.536093e-02;1.683474e-02;1.357181e-01;3.266332e-02
2.685343e-01;9.574640e-02;1.500679e-01;1.788209e-02;4.298964e-02;1.425089e-02;9.659674e-02;6.561597e-02;6.477002e-02;2.136073e-02;1.449808e-01;1.720446e-02
2.563166e-01;1.084907e-01;1.523281e-01;9.788168e-03;4.103819e-02;1.893085e-02;9.728485e-02;6.578416e-02;7.476780e-02;2.017039e-02;1.372789e-01;1.782126e-02
2.290564e-01;1.247305e-01;1.473583e-01;2.955367e-02;3.845854e-02;2.062463e-02;9.988780e-02;6.580994e-02;6.569435e-02;2.799069e-02;1.317482e-01;1.908700e-02
1.821727e-01;1.508944e-01;1.451665e-01;5.362143e-02;3.373178e-02;2.577645e-02;1.013557e-01;5.736359e-02;6.723814e-02;4.403779e-02;1.231567e-01;1.548475e-02
1.439445e-01;1.716785e-01;1.433212e-01;9.064214e-02;3.078404e-02;2.833350e-02;8.737142e-02;5.507329e-02;7.043284e-02;5.165671e-02;1.006763e-01;2.608561e-02
6.283475e-02;1.919751e-01;1.884110e-01;1.374374e-01;3.408504e-02;3.324703e-02;4.913192e-02;6.224513e-02;9.255070e-02;4.512968e-02;6.717057e-02;3.578172e-02
6.533100e-02;1.985417e-01;2.405348e-01;1.120930e-01;2.376131e-02;5.451339e-02;2.520004e-02;5.252301e-02;1.199511e-01;3.037801e-02;3.861603e-02;3.855668e-02
6.199714e-02;1.870013e-01;2.686591e-01;7.204491e-02;2.251779e-02;9.412105e-02;5.135800e-02;4.141989e-02;1.215501e-01;2.384326e-02;1.363277e-02;4.185471e-02
2.726149e-02;1.753906e-01;2.745663e-01;6.204648e-02;3.016822e-02;1.316260e-01;6.692968e-02;2.912517e-02;1.127749e-01;3.620379e-02;8.383292e-03;4.552426e-02
3.495470e-02;1.695304e-01;2.677674e-01;5.501327e-02;1.529125e-02;1.489233e-01;6.200218e-02;4.167837e-02;9.373715e-02;5.132073e-02;9.646326e-03;5.013495e-02
3.120456e-02;1.209684e-01;3.200107e-01;4.922147e-02;4.020103e-02;1.093052e-01;7.663654e-02;4.349577e-02;6.816633e-02;8.304455e-02;1.763201e-02;4.011351e-02
1.717492e-02;5.960240e-02;3.926809e-01;3.498603e-02;8.981886e-02;5.637041e-02;1.184028e-01;2.315105e-02;5.315884e-02;1.175956e-01;1.609166e-02;2.096651e-02
2.521851e-02;3.449660e-02;4.131212e-01;3.557258e-02;1.249539e-01;1.819346e-02;1.412227e-01;2.002954e-02;3.894522e-02;1.166182e-01;2.371611e-02;7.911990e-03
4.975998e-02;3.615536e-02;4.017343e-01;5.207503e-02;1.199735e-01;3.072074e-02;1.397378e-01;3.628593e-02;2.828150e-02;7.852644e-02;1.661607e-02;1.013343e-02
5.975429e-02;2.416642e-02;3.978140e-01;7.235941e-02;9.443039e-02;4.068095e-02;1.289325e-01;5.023383e-02;2.990150e-02;5.189048e-02;3.968291e-02;1.015321e-02
5.629737e-02;1.806596e-02;3.814701e-01;8.685425e-02;7.095829e-02;3.506832e-02;1.263919e-01;5.371706e-02;3.424342e-02;6.000865e-02;5.978129e-02;1.714345e-02
5.227214e-02;2.756168e-02;3.948743e-01;8.599014e-02;5.556624e-02;5.629184e-02;1.076112e-01;5.656134e-02;3.546494e-02;4.938719e-02;6.208035e-02;1.633863e-02
3.002184e-02;2.902326e-02;3.890638e-01;9.232337e-02;1.078004e-01;7.431939e-02;6.946469e-02;6.715952e-02;3.590875e-02;2.887612e-02;5.687811e-02;1.916076e-02
1.327926e-02;2.512063e-02;3.244026e-01;1.329083e-01;1.430757e-01;6.003463e-02;6.934874e-02;8.586949e-02;3.844533e-02;4.436658e-02;4.919849e-02;1.395035e-02
2.486494e-02;2.474136e-02;3.825971e-01;1.119450e-01;1.171445e-01;4.851025e-02;6.461696e-02;8.376984e-02;2.860494e-02;4.590666e-02;5.432301e-02;1.297536e-02
2.509308e-02;2.778191e-02;4.511890e-01;8.189247e-02;9.240939e-02;5.391011e-02;7.316245e-02;7.073487e-02;1.258942e-02;4.080595e-02;5.288045e-02;1.755088e-02
4.284531e-02;2.935906e-02;4.382212e-01;7.218210e-02;7.131652e-02;4.170209e-02;8.089735e-02;7.161582e-02;2.984640e-02;5.611030e-02;4.295952e-02;2.294436e-02
6.069173e-02;3.487478e-02;3.643579e-01;6.389862e-02;5.654952e-02;4.852267e-02;7.007533e-02;8.597534e-02;5.977194e-02;6.495325e-02;5.661237e-02;3.371660e-02
6.367047e-02;2.805179e-02;3.664128e-01;5.752652e-02;6.080270e-02;5.399653e-02;8.458252e-02;7.710592e-02;5.524268e-02;5.999535e-02;5.753912e-02;3.507362e-02
5.908184e-02;1.825633e-02;4.069347e-01;5.335716e-02;7.122567e-02;3.862682e-02;1.110627e-01;6.826866e-02;2.816365e-02;7.005215e-02;4.639662e-02;2.857376e-02
4.587973e-02;2.337176e-02;4.247445e-01;4.506200e-02;8.328012e-02;2.932600e-02;1.163027e-01;5.713836e-02;2.968123e-02;9.112682e-02;4.255838e-02;1.152845e-02
3.853802e-02;4.532531e-02;4.289402e-01;3.873577e-02;8.795665e-02;2.688809e-02;1.106077e-01;4.133664e-02;3.774499e-02;1.004276e-01;3.358984e-02;9.909203e-03
5.265810e-02;6.649381e-02;4.205391e-01;3.921917e-02;6.927258e-02;3.995558e-02;8.218447e-02;4.880557e-02;3.833501e-02;9.706583e-02;2.430243e-02;2.116837e-02
5.091241e-02;7.166008e-02;4.776435e-01;3.834723e-02;4.145525e-02;4.110059e-02;7.823030e-02;4.013222e-02;3.463942e-02;7.227038e-02;2.684536e-02;2.676332e-02
3.154260e-02;3.737615e-02;5.585184e-01;4.582003e-02;5.968475e-02;1.768323e-02;9.970613e-02;3.239554e-02;2.008581e-02;5.334954e-02;3.089878e-02;1.293912e-02
2.481106e-02;1.625894e-02;5.695112e-01;6.077279e-02;4.942311e-02;1.806442e-02;9.167213e-02;5.215036e-02;2.429487e-02;4.728989e-02;3.145193e-02;1.429930e-02
2.141174e-02;1.562171e-02;5.526171e-01;6.882853e-02;5.629288e-02;1.932006e-02;8.028665e-02;5.983049e-02;3.229757e-02;4.175821e-02;3.618868e-02;1.554639e-02
2.136609e-02;1.384026e-02;5.458965e-01;6.453507e-02;5.441298e-02;1.951428e-02;8.602716e-02;7.533142e-02;3.328796e-02;3.793675e-02;3.033167e-02;1.751984e-02
2.563005e-02;2.476447e-02;4.363547e-01;7.099957e-02;6.062880e-02;2.530647e-02;1.179693e-01;8.847643e-02;6.177839e-02;2.781281e-02;4.483377e-02;1.544528e-02
3.044490e-02;3.121881e-02;2.460348e-01;9.049963e-02;9.514676e-02;3.757503e-02;2.050375e-01;7.237349e-02;6.461649e-02;7.288623e-02;3.129989e-02;2.286649e-02
2.820956e-02;2.770974e-02;2.755450e-01;8.737847e-02;9.934076e-02;2.264369e-02;2.355019e-01;3.854291e-02;3.228651e-02;1.119101e-01;2.323096e-02;1.770031e-02
2.472770e-02;2.064738e-02;3.037451e-01;6.937349e-02;8.157108e-02;2.149393e-02;2.360915e-01;4.456638e-02;3.008336e-02;1.390373e-01;2.139392e-02;7.268858e-03
2.295677e-02;1.887996e-02;3.000425e-01;4.381999e-02;7.339559e-02;3.196745e-02;2.507298e-01;3.386751e-02;1.882787e-02;1.687007e-01;2.206574e-02;1.474607e-02
2.377443e-02;1.890453e-02;2.792880e-01;3.032447e-02;6.972045e-02;3.459485e-02;2.692065e-01;3.221610e-02;2.230458e-02;1.833064e-01;2.384841e-02;1.251135e-02
2.390087e-02;2.454541e-02;2.659352e-01;2.535263e-02;7.212901e-02;4.633590e-02;2.562911e-01;2.516443e-02;4.346158e-02;1.779481e-01;9.629384e-03;2.930634e-02
3.102754e-02;3.027280e-02;2.615536e-01;2.316418e-02;7.238524e-02;6.619279e-02;2.356211e-01;2.900010e-02;3.252861e-02;1.699978e-01;9.928229e-03;3.832799e-02
4.441671e-02;5.305741e-02;2.318524e-01;3.060966e-02;6.553357e-02;9.179159e-02;1.839241e-01;2.187313e-02;6.291044e-02;1.329493e-01;2.384992e-02;5.723174e-02
6.523316e-02;6.968023e-02;2.030833e-01;3.939772e-02;6.021863e-02;1.092445e-01;1.323264e-01;2.378484e-02;7.764141e-02;8.575322e-02;5.374436e-02;7.989220e-02
7.764038e-02;5.870701e-02;2.235077e-01;4.781426e-02;6.206855e-02;1.046717e-01;1.196810e-01;5.379462e-02;3.480537e-02;7.948416e-02;7.100530e-02;6.682000e-02
7.216703e-02;4.386926e-02;2.537593e-01;5.615627e-02;7.376280e-02;6.279757e-02;1.431959e-01;5.807149e-02;6.487581e-02;8.807338e-02;5.396828e-02;2.930290e-02
7.584973e-02;3.958280e-02;2.451201e-01;5.898158e-02;8.773652e-02;3.989078e-02;1.770767e-01;5.003271e-02;7.501823e-02;7.363820e-02;4.149208e-02;3.558055e-02
4.640848e-02;4.588433e-02;2.509396e-01;6.081080e-02;6.753452e-02;7.811313e-02;2.094587e-01;5.465418e-02;3.869322e-02;7.456053e-02;2.250444e-02;5.043801e-02
3.866088e-02;5.715332e-02;2.893887e-01;5.165505e-02;8.663250e-02;9.455306e-02;1.804701e-01;3.142351e-02;2.769668e-02;9.039768e-02;2.000519e-02;3.196331e-02
5.871879e-02;5.258990e-02;2.910323e-01;3.873298e-02;9.587351e-02;7.976517e-02;1.378214e-01;5.521996e-02;2.799862e-02;9.677704e-02;2.915374e-02;3.631654e-02
4.918002e-02;6.279926e-02;2.748826e-01;5.604596e-02;1.118987e-01;3.982695e-02;1.125116e-01;7.977399e-02;4.156352e-02;7.434914e-02;5.096399e-02;4.620421e-02
5.006818e-02;6.717086e-02;2.547030e-01;5.334315e-02;1.144556e-01;5.966915e-02;1.154080e-01;7.353196e-02;3.689467e-02;6.381682e-02;6.260656e-02;4.833207e-02
5.772869e-02;8.034983e-02;2.274756e-01;3.563704e-02;9.047344e-02;7.230119e-02;1.335439e-01;5.766388e-02;4.638416e-02;9.265111e-02;6.657282e-02;3.921831e-02
5.483502e-02;6.940436e-02;1.971562e-01;5.417465e-02;7.201623e-02;7.623462e-02;1.013723e-01;6.948892e-02;6.149066e-02;1.037150e-01;6.826176e-02;7.185026e-02
6.394715e-02;7.368092e-02;1.998109e-01;5.443916e-02;5.998011e-02;7.339359e-02;5.478200e-02;9.794780e-02;6.355486e-02;1.254718e-01;7.126393e-02;6.172766e-02
9.213781e-02;9.577395e-02;1.361531e-01;5.911524e-02;5.559027e-02;4.653545e-02;7.128207e-02;8.781368e-02;8.919247e-02;1.114657e-01;7.987818e-02;7.506211e-02
9.352646e-02;7.008240e-02;1.014414e-01;6.019553e-02;6.708103e-02;5.563961e-02;9.734084e-02;8.926290e-02;1.033573e-01;9.382810e-02;8.619286e-02;8.205150e-02
8.585560e-02;6.316192e-02;1.065831e-01;5.784525e-02;6.974208e-02;5.555348e-02;1.014391e-01;8.877640e-02;1.044959e-01;8.831451e-02;9.706217e-02;8.117059e-02
1.108859e-01;5.684679e-02;1.201154e-01;5.412818e-02;8.908337e-02;6.181831e-02;1.187474e-01;6.658532e-02;8.871635e-02;7.218522e-02;9.206293e-02;6.882488e-02
1.592496e-01;5.996177e-02;1.192349e-01;5.345830e-02;1.075498e-01;8.027761e-02;1.471881e-01;3.990022e-02;5.354140e-02;5.008690e-02;5.013188e-02;7.941968e-02
2.001469e-01;6.435876e-02;1.056936e-01;5.252076e-02;9.240066e-02;8.140291e-02;1.331339e-01;5.578633e-02;3.962511e-02;4.942489e-02;5.163335e-02;7.387292e-02
2.559740e-01;7.628015e-02;6.841496e-02;4.728730e-02;6.591856e-02;6.489158e-02;1.629718e-01;7.506178e-02;3.364679e-02;4.701451e-02;4.496953e-02;5.756906e-02
2.822972e-01;7.863501e-02;4.214372e-02;4.084956e-02;3.686715e-02;3.780086e-02;2.313457e-01;7.855722e-02;4.393843e-02;4.417340e-02;3.231965e-02;5.107215e-02
2.460894e-01;6.974366e-02;3.334953e-02;4.641990e-02;5.033732e-02;5.360716e-02;2.513175e-01;6.530888e-02;3.979439e-02;6.149290e-02;1.828242e-02;6.425707e-02
2.420308e-01;6.515109e-02;1.558984e-02;5.668955e-02;5.831822e-02;4.916306e-02;2.344410e-01;7.544778e-02;3.076082e-02;8.222361e-02;1.822550e-02;7.195872e-02
2.179465e-01;4.905527e-02;4.064612e-02;5.989350e-02;5.207906e-02;3.439741e-02;2.607484e-01;7.386206e-02;2.366566e-02;7.981174e-02;2.329700e-02;8.459728e-02
2.177059e-01;3.095526e-02;4.376885e-02;7.238665e-02;4.534157e-02;3.318613e-02;2.741983e-01;6.249257e-02;2.837760e-02;7.409668e-02;2.911441e-02;8.837608e-02
2.534990e-01;3.542815e-02;4.180012e-02;7.055679e-02;3.453287e-02;3.445559e-02;2.483749e-01;7.268476e-02;1.636766e-02;7.487845e-02;2.618998e-02;9.123179e-02
2.878962e-01;4.765881e-02;4.164610e-02;6.105037e-02;2.104142e-02;2.096881e-02;2.279739e-01;8.113837e-02;1.631421e-02;6.572016e-02;2.532011e-02;1.032715e-01
3.090278e-01;5.604332e-02;3.424972e-02;5.358032e-02;2.210524e-02;2.974183e-02;2.018944e-01;7.993256e-02;1.910388e-02;5.728440e-02;2.822745e-02;1.088090e-01
3.095942e-01;5.234368e-02;3.391168e-02;5.830825e-02;3.540273e-02;3.402015e-02;1.862948e-01;6.956110e-02;1.347596e-02;5.799398e-02;3.107888e-02;1.180146e-01
2.611273e-01;4.053112e-02;4.343652e-02;6.805714e-02;4.412475e-02;2.556678e-02;1.997589e-01;5.743841e-02;8.228168e-03;6.789798e-02;4.160745e-02;1.422255e-01
1.937860e-01;2.910211e-02;5.576614e-02;7.208176e-02;4.324959e-02;2.540193e-02;2.181410e-01;5.777023e-02;2.087617e-02;7.115959e-02;5.365980e-02;1.590057e-01
1.560628e-01;2.905337e-02;9.377160e-02;6.224584e-02;4.698519e-02;4.241714e-02;2.096057e-01;5.490879e-02;2.608632e-02;7.264753e-02;6.904224e-02;1.371736e-01
1.452012e-01;4.500676e-02;1.261585e-01;4.157619e-02;4.097849e-02;5.889579e-02;1.834424e-01;5.680388e-02;4.048076e-02;8.238403e-02;8.688419e-02;9.218786e-02
1.247412e-01;5.855877e-02;1.411862e-01;2.958940e-02;5.006151e-02;5.932650e-02;1.533105e-01;5.883805e-02;4.395445e-02;8.284152e-02;1.103289e-01;8.726311e-02
1.108179e-01;6.902047e-02;7.342412e-02;5.177850e-02;7.032195e-02;4.213117e-02;1.483914e-01;8.991143e-02;8.122762e-02;8.820549e-02;9.457392e-02;8.019599e-02
1.599244e-01;6.078174e-02;1.110635e-01;5.113925e-02;5.070992e-02;4.011605e-02;1.276005e-01;8.579139e-02;6.679654e-02;8.376989e-02;6.702093e-02;9.528601e-02
2.134113e-01;8.834302e-02;1.759880e-01;5.711398e-02;4.747722e-02;5.383124e-02;8.393907e-02;6.789795e-02;4.795517e-02;4.523544e-02;5.702040e-02;6.178715e-02
1.896410e-01;1.114360e-01;1.292699e-01;7.349575e-02;6.782547e-02;5.727146e-02;1.156509e-01;5.847952e-02;5.921154e-02;6.366751e-02;3.172858e-02;4.232243e-02
1.514446e-01;8.365670e-02;1.127451e-01;1.104741e-01;6.774467e-02;4.115397e-02;1.559228e-01;3.816086e-02;4.821436e-02;6.646031e-02;5.469923e-02;6.932326e-02
9.398922e-02;4.713913e-02;1.534564e-01;1.467695e-01;5.360783e-02;2.720192e-02;1.725045e-01;3.482044e-02;3.925615e-02;4.978294e-02;9.121293e-02;9.025896e-02
7.408208e-02;5.386472e-02;1.470716e-01;1.632086e-01;4.538513e-02;4.121416e-02;1.789576e-01;3.265963e-02;3.734252e-02;3.505523e-02;9.928092e-02;9.187774e-02
4.353316e-02;4.229990e-02;2.070672e-01;1.466106e-01;4.661897e-02;5.160918e-02;1.525095e-01;3.539394e-02;7.035482e-02;3.821951e-02;8.196690e-02;8.381645e-02
2.454534e-02;4.710813e-02;2.544486e-01;1.152913e-01;5.136643e-02;6.031114e-02;1.062331e-01;3.451945e-02;9.264161e-02;5.205894e-02;8.390521e-02;7.757074e-02
1.842185e-02;5.282501e-02;2.679329e-01;7.757424e-02;4.378636e-02;7.604159e-02;8.454087e-02;3.398680e-02;8.701446e-02;7.828980e-02;1.242327e-01;5.535346e-02
2.094487e-02;5.687647e-02;2.196535e-01;4.153490e-02;5.229768e-02;1.050095e-01;1.160764e-01;2.842514e-02;7.280329e-02;7.036843e-02;1.649282e-01;5.108161e-02
5.251700e-02;6.965221e-02;1.429058e-01;3.441569e-02;5.654464e-02;9.821729e-02;1.060696e-01;2.933414e-02;1.199064e-01;9.636539e-02;1.359751e-01;5.809671e-02
6.724837e-02;8.670509e-02;1.466846e-01;4.558756e-02;5.130535e-02;8.427264e-02;9.315594e-02;4.462037e-02;1.420501e-01;7.847724e-02;7.582440e-02;8.406835e-02
7.057716e-02;7.830219e-02;1.453212e-01;6.790922e-02;3.575741e-02;7.717352e-02;9.038810e-02;5.006028e-02;8.307247e-02;8.642133e-02;1.413386e-01;7.367856e-02
1.025505e-01;7.489075e-02;7.015744e-02;6.963182e-02;3.674493e-02;7.983319e-02;1.213235e-01;4.024281e-02;6.919366e-02;1.161315e-01;1.614286e-01;5.787136e-02
8.261222e-02;6.688807e-02;6.211266e-02;4.377202e-02;4.917729e-02;6.191589e-02;1.006432e-01;5.610523e-02;8.983525e-02;1.282630e-01;1.611458e-01;9.752934e-02
6.684129e-02;7.111888e-02;9.686270e-02;5.415226e-02;4.411463e-02;5.243456e-02;9.566940e-02;6.059723e-02;1.024140e-01;8.353545e-02;1.608459e-01;1.114137e-01
7.882278e-02;7.707784e-02;1.239941e-01;5.741778e-02;4.221549e-02;4.673456e-02;9.404811e-02;6.412414e-02;8.249963e-02;1.166215e-01;1.203430e-01;9.610102e-02
8.126639e-02;6.923214e-02;1.407836e-01;6.101694e-02;5.591302e-02;4.682114e-02;6.647030e-02;6.220978e-02;8.012643e-02;1.152984e-01;1.157002e-01;1.051617e-01
