9.957014e-02;1.561159e-01;7.440048e-02;5.969986e-02;4.485385e-02;6.168670e-02;1.092732e-01;1.209218e-01;5.002487e-02;6.382055e-02;1.037664e-01;5.586626e-02
1.390451e-01;9.913183e-02;6.080326e-02;5.352072e-02;4.684099e-02;5.946872e-02;1.297124e-01;1.290665e-01;3.882577e-02;5.887423e-02;1.187987e-01;6.591185e-02
1.558144e-01;1.044661e-01;5.567715e-02;4.505102e-02;2.644187e-02;6.742509e-02;1.524917e-01;1.233687e-01;2.981101e-02;5.422756e-02;1.289133e-01;5.631197e-02
1.487716e-01;1.335319e-01;4.732306e-02;3.153986e-02;3.539580e-02;6.597342e-02;1.420003e-01;1.359356e-01;4.590262e-02;4.959777e-02;1.159156e-01;4.811237e-02
1.583016e-01;1.321606e-01;4.703435e-02;1.622877e-02;3.813853e-02;7.288300e-02;1.376617e-01;1.566606e-01;7.396588e-02;4.492711e-02;6.990621e-02;5.213169e-02
1.829337e-01;8.252252e-02;4.719874e-02;4.864904e-02;4.364043e-02;9.226061e-02;1.425704e-01;1.492414e-01;7.805525e-02;4.062672e-02;4.766851e-02;4.463277e-02
1.815272e-01;5.768488e-02;4.600221e-02;7.187530e-02;6.825860e-02;8.762930e-02;1.100044e-01;1.308377e-01;7.900593e-02;4.845610e-02;8.897861e-02;2.973973e-02
1.544677e-01;8.871625e-02;4.564910e-02;8.290689e-02;9.565733e-02;6.060072e-02;1.016269e-01;1.103801e-01;7.560088e-02;4.679108e-02;1.025130e-01;3.508994e-02
7.250535e-02;9.129433e-02;3.813205e-02;7.303187e-02;1.053807e-01;6.199818e-02;7.496573e-02;1.760270e-01;5.805948e-02;4.810387e-02;1.544619e-01;4.603953e-02
9.822405e-02;8.719586e-02;3.741111e-02;4.063974e-02;7.873932e-02;6.269895e-02;8.016299e-02;2.513807e-01;8.022396e-02;5.592130e-02;8.477233e-02;4.262970e-02
1.088202e-01;1.071324e-01;5.578677e-02;2.901761e-02;3.466572e-02;5.187571e-02;1.062212e-01;2.093719e-01;8.197571e-02;6.116585e-02;1.368786e-01;1.708830e-02
6.259341e-02;1.247072e-01;4.087175e-02;2.842903e-02;3.226193e-02;5.815078e-02;1.506526e-01;1.888554e-01;6.844582e-02;5.591405e-02;1.484303e-01;4.068783e-02
1.094094e-01;8.599199e-02;2.367869e-02;2.956380e-02;2.894740e-02;4.254685e-02;2.296588e-01;2.244934e-01;5.773190e-02;2.907585e-02;1.079637e-01;3.093829e-02
9.177526e-02;7.821006e-02;1.954390e-02;2.355036e-02;3.779071e-02;4.476668e-02;2.309745e-01;2.363197e-01;7.244795e-02;3.864179e-02;1.036949e-01;2.228416e-02
5.749125e-02;6.682945e-02;1.756788e-02;1.890601e-02;7.566028e-02;4.895403e-02;2.033416e-01;2.298907e-01;7.003078e-02;9.551671e-02;9.570373e-02;2.010766e-02
4.209403e-02;6.580326e-02;1.156914e-02;8.659390e-03;1.512226e-01;4.207454e-02;1.252895e-01;1.665453e-01;3.620956e-02;2.119540e-01;1.173517e-01;2.122702e-02
2.961621e-02;4.272237e-02;1.106439e-02;1.409352e-02;1.662267e-01;3.709276e-02;1.163254e-01;8.804898e-02;7.587997e-02;2.537086e-01;1.294298e-01;3.579132e-02
4.223730e-02;6.918213e-02;2.475238e-02;2.891413e-02;1.285344e-01;5.033732e-02;2.221848e-01;6.549014e-02;5.577949e-02;1.879950e-01;8.777157e-02;3.682137e-02
7.782403e-02;1.013093e-01;3.729335e-02;2.739570e-02;5.391800e-02;4.700854e-02;2.538693e-01;1.426770e-01;3.134646e-02;9.104760e-02;1.090377e-01;2.727295e-02
1.162951e-01;1.382824e-01;3.975788e-02;1.835672e-02;2.309201e-02;3.317928e-02;2.483941e-01;1.571508e-01;3.587662e-02;4.478111e-02;1.230974e-01;2.173650e-02
1.493935e-01;1.454666e-01;2.925631e-02;2.667278e-02;5.281630e-02;2.797647e-02;2.221678e-01;1.420424e-01;3.119276e-02;3.333689e-02;1.253459e-01;1.433227e-02
1.249925e-01;5.891369e-02;1.795664e-02;1.670013e-02;5.179492e-02;2.097380e-02;3.500074e-01;2.190776e-01;1.891778e-02;4.386880e-02;6.218343e-02;1.461341e-02
7.690673e-02;5.310430e-02;2.252515e-02;1.243220e-02;2.406645e-02;1.228854e-02;4.372396e-01;2.663729e-01;1.531131e-02;4.290075e-02;2.113195e-02;1.571996e-02
6.854764e-02;6.252143e-02;2.760660e-02;9.671163e-03;1.674551e-02;1.560462e-02;4.271158e-01;2.740590e-01;1.605949e-02;3.983760e-02;2.935785e-02;1.287335e-02
9.357403e-02;4.350003e-02;2.104981e-02;1.377552e-02;2.228472e-02;2.287928e-02;3.686869e-01;2.596029e-01;1.871858e-02;2.838263e-02;8.987179e-02;1.767373e-02
1.597903e-01;1.159864e-01;3.940243e-02;2.990473e-02;1.797703e-02;3.178496e-02;1.779174e-01;1.754438e-01;1.513142e-02;1.901292e-02;2.033507e-01;1.429799e-02
1.444094e-01;1.476574e-01;5.052342e-02;3.006361e-02;9.034794e-03;4.928095e-02;1.644492e-01;1.850860e-01;1.092384e-02;1.734412e-02;1.734492e-01;1.777810e-02
8.543030e-02;1.286937e-01;6.668041e-02;2.900864e-02;1.043734e-02;9.063036e-02;1.835689e-01;2.428882e-01;1.387732e-02;1.313300e-02;1.129283e-01;2.272359e-02
4.285312e-02;6.783160e-02;7.819504e-02;4.444856e-02;1.835451e-02;1.375543e-01;1.984110e-01;3.054478e-01;2.424890e-02;1.093083e-02;4.687056e-02;2.485372e-02
2.681847e-02;7.901287e-02;7.024623e-02;3.750034e-02;1.536804e-02;1.143468e-01;2.452687e-01;3.319637e-01;2.633752e-02;1.255975e-02;2.426115e-02;1.631646e-02
3.135278e-02;1.385208e-01;6.241924e-02;1.914665e-02;5.592197e-03;7.558683e-02;2.471812e-01;3.519365e-01;1.913048e-02;1.636267e-02;1.641103e-02;1.635962e-02
5.308636e-02;1.826281e-01;4.397856e-02;1.082907e-02;8.717177e-03;5.596257e-02;2.734884e-01;3.173655e-01;1.516325e-02;1.679780e-02;8.104336e-03;1.387889e-02
8.890982e-02;2.004777e-01;3.349147e-02;1.045677e-02;1.432247e-02;4.993951e-02;2.861212e-01;2.521579e-01;1.340420e-02;1.444126e-02;2.773417e-02;8.543462e-03
1.322436e-01;2.194173e-01;3.750386e-02;1.364177e-02;1.834896e-02;6.712339e-02;2.546740e-01;1.946618e-01;1.134079e-02;1.119792e-02;3.327015e-02;6.576311e-03
1.291579e-01;1.336402e-01;3.967725e-02;1.189765e-02;1.956405e-02;8.417099e-02;3.270787e-01;1.603099e-01;1.038447e-02;1.770518e-02;5.715341e-02;9.260302e-03
6.953990e-02;1.061709e-01;4.183340e-02;1.468794e-02;3.056597e-02;8.170161e-02;3.757463e-01;1.725793e-01;1.293016e-02;1.517666e-02;6.281243e-02;1.625559e-02
1.319768e-01;1.438259e-01;3.720166e-02;1.734156e-02;3.149174e-02;7.577794e-02;2.664102e-01;1.930868e-01;1.057211e-02;1.752276e-02;5.829284e-02;1.649976e-02
2.105098e-01;1.294760e-01;2.186118e-02;1.349680e-02;2.232895e-02;6.799560e-02;2.765228e-01;1.566418e-01;1.312788e-02;1.401468e-02;5.799022e-02;1.603429e-02
2.623140e-01;1.680004e-01;1.964860e-02;9.829825e-03;2.310549e-02;7.129603e-02;2.167179e-01;1.185793e-01;2.000741e-02;1.234533e-02;6.538362e-02;1.277216e-02
3.119719e-01;1.760784e-01;2.666385e-02;9.028619e-03;2.553900e-02;7.255140e-02;1.796176e-01;8.488426e-02;2.896453e-02;1.378417e-02;5.698455e-02;1.393180e-02
3.183001e-01;1.033132e-01;3.829009e-02;2.046638e-02;4.822377e-02;7.485054e-02;1.922550e-01;4.602566e-02;4.984340e-02;2.187247e-02;6.463154e-02;2.192784e-02
1.935764e-01;3.989248e-02;4.383338e-02;2.595909e-02;8.666641e-02;7.439277e-02;2.227770e-01;7.552123e-02;7.063323e-02;1.985462e-02;9.595212e-02;5.094125e-02
7.258578e-02;4.492276e-02;4.888654e-02;2.445264e-02;1.346627e-01;4.736565e-02;2.223636e-01;9.115039e-02;8.525123e-02;9.387782e-03;1.452810e-01;7.368987e-02
7.289191e-02;2.789997e-02;4.262980e-02;2.514034e-02;1.277364e-01;4.124454e-02;2.259533e-01;8.337580e-02;7.099275e-02;9.639665e-03;2.025576e-01;6.993791e-02
8.146721e-02;8.727331e-02;3.296625e-02;3.715394e-02;8.364853e-02;4.382788e-02;1.784145e-01;7.730883e-02;4.780920e-02;2.071819e-02;2.596602e-01;4.975193e-02
1.196017e-01;1.021934e-01;2.910333e-02;3.729611e-02;6.961440e-02;5.346541e-02;1.329318e-01;7.223640e-02;3.787007e-02;1.746167e-02;2.881899e-01;4.003579e-02
1.479713e-01;9.482476e-02;3.272025e-02;2.015876e-02;6.521203e-02;3.971817e-02;1.569642e-01;3.775075e-02;3.345268e-02;1.979317e-02;3.242208e-01;2.721317e-02
1.233646e-01;6.119032e-02;3.399195e-02;2.296608e-02;8.090084e-02;3.698895e-02;2.049464e-01;7.000550e-02;3.700933e-02;1.869788e-02;2.914533e-01;1.848485e-02
1.701850e-01;5.284020e-02;2.863478e-02;2.384935e-02;1.050065e-01;8.177184e-02;2.724147e-01;5.917288e-02;4.477854e-02;1.300580e-02;1.256723e-01;2.266812e-02
1.517600e-01;2.981060e-02;2.687107e-02;2.336146e-02;1.070360e-01;9.785910e-02;2.501352e-01;5.154394e-02;3.625128e-02;1.694097e-02;1.812456e-01;2.718478e-02
1.426710e-01;3.322727e-02;3.587517e-02;2.461965e-02;9.126242e-02;1.133746e-01;2.666236e-01;2.458915e-02;3.294832e-02;1.596048e-02;2.003081e-01;1.854025e-02
1.255305e-01;6.276770e-02;2.281005e-02;1.850986e-02;3.977261e-02;1.137300e-01;3.265151e-01;9.194544e-02;1.738093e-02;1.860918e-02;1.550345e-01;7.394088e-03
1.128189e-01;7.337297e-02;1.300805e-02;2.170693e-02;2.532864e-02;1.065183e-01;3.797562e-01;1.365677e-01;1.120077e-02;1.973999e-02;9.546247e-02;4.519031e-03
1.251653e-01;9.935988e-02;9.053283e-03;2.300150e-02;2.449656e-02;8.800555e-02;4.366896e-01;1.217946e-01;1.346723e-02;1.540087e-02;3.855053e-02;5.015129e-03
7.248715e-02;1.362043e-01;9.494320e-03;1.585272e-02;2.453129e-02;5.267629e-02;4.438247e-01;1.828646e-01;1.587541e-02;7.913341e-03;3.478653e-02;3.489322e-03
3.818243e-02;1.494348e-01;1.329102e-02;1.197190e-02;2.569539e-02;3.063216e-02;4.116760e-01;2.485727e-01;1.224642e-02;1.077089e-02;3.947430e-02;8.052032e-03
1.170043e-02;1.404575e-01;2.307161e-02;1.242120e-02;1.542317e-02;2.122268e-02;3.723475e-01;3.292030e-01;1.242687e-02;1.985063e-02;2.815047e-02;1.372492e-02
1.910693e-02;9.633872e-02;3.272201e-02;1.306814e-02;6.838293e-03;1.856415e-02;3.402500e-01;3.986335e-01;1.329780e-02;2.430485e-02;1.494248e-02;2.193313e-02
1.957181e-02;6.372119e-02;3.032559e-02;9.816156e-03;1.034966e-02;2.345294e-02;3.319490e-01;4.339553e-01;1.609130e-02;1.835115e-02;1.810339e-02;2.431262e-02
2.386096e-02;4.978199e-02;2.467057e-02;6.592059e-03;7.779505e-03;2.755081e-02;3.384840e-01;4.649946e-01;1.655234e-02;1.326706e-02;9.045344e-03;1.742076e-02
1.607308e-02;3.767462e-02;2.178923e-02;8.758985e-03;5.347623e-03;2.973341e-02;3.598488e-01;4.707063e-01;1.627964e-02;1.426349e-02;1.090869e-02;8.616178e-03
2.059621e-02;5.443102e-02;2.236944e-02;6.808307e-03;8.408061e-03;3.892454e-02;3.809359e-01;3.884209e-01;1.894532e-02;1.573888e-02;3.522773e-02;9.193728e-03
3.822001e-02;5.490112e-02;2.654005e-02;7.789502e-03;1.228836e-02;4.854711e-02;4.003578e-01;3.145059e-01;2.122452e-02;1.946448e-02;4.630499e-02;9.856188e-03
5.056980e-02;4.871000e-02;2.814654e-02;1.494907e-02;1.533825e-02;5.221473e-02;3.536422e-01;2.817140e-01;2.198726e-02;2.303032e-02;9.223867e-02;1.745922e-02
8.220242e-02;9.521087e-02;2.547379e-02;3.108162e-02;1.462810e-02;5.129008e-02;3.198347e-01;2.373125e-01;1.828327e-02;2.310842e-02;7.768737e-02;2.388679e-02
5.231817e-02;6.482069e-02;2.463220e-02;3.614143e-02;1.547216e-02;5.337039e-02;3.867610e-01;2.140448e-01;2.434989e-02;2.598436e-02;8.052927e-02;2.157563e-02
4.484541e-02;6.267649e-02;2.572954e-02;4.208596e-02;3.410105e-02;5.461060e-02;3.055353e-01;2.213428e-01;5.249555e-02;7.343882e-02;5.666800e-02;2.647039e-02
4.333587e-02;4.772244e-02;3.384734e-02;6.567828e-02;4.544731e-02;7.764144e-02;1.893781e-01;2.130325e-01;5.445382e-02;1.207113e-01;7.234635e-02;3.640526e-02
3.631585e-02;2.691567e-02;2.409294e-02;8.467772e-02;4.123007e-02;7.983235e-02;1.415558e-01;1.952713e-01;8.944135e-02;1.654758e-01;7.346724e-02;4.172383e-02
3.211978e-02;2.319927e-02;2.520171e-02;7.460878e-02;3.835884e-02;4.574360e-02;1.273361e-01;2.304444e-01;1.206989e-01;2.085557e-01;4.157710e-02;3.215580e-02
2.186798e-02;2.078577e-02;2.994572e-02;7.278754e-02;3.343147e-02;2.479010e-02;1.091798e-01;2.950777e-01;1.081858e-01;2.275111e-01;3.865277e-02;1.778414e-02
2.886666e-02;2.319747e-02;3.454650e-02;1.216104e-01;1.953187e-02;2.836904e-02;9.515339e-02;3.261440e-01;9.711378e-02;1.816827e-01;3.700220e-02;6.781903e-03
3.287334e-02;2.489335e-02;4.575419e-02;1.503101e-01;2.127345e-02;5.767673e-02;1.493810e-01;2.546430e-01;1.115182e-01;1.121371e-01;3.448476e-02;5.054791e-03
4.100271e-02;4.910549e-02;9.102178e-02;1.296624e-01;3.250075e-02;9.405792e-02;1.281592e-01;1.829556e-01;1.077503e-01;7.576586e-02;5.619307e-02;1.182496e-02
6.210053e-02;9.424187e-02;1.068142e-01;9.887040e-02;3.718251e-02;8.352812e-02;1.150446e-01;1.607398e-01;7.765886e-02;4.713200e-02;9.523012e-02;2.145694e-02
7.946922e-02;9.026139e-02;5.637867e-02;1.032028e-01;3.141735e-02;6.528203e-02;1.401022e-01;1.721196e-01;6.191556e-02;6.153462e-02;1.147795e-01;2.353714e-02
8.615684e-02;9.603560e-02;7.268266e-02;8.702739e-02;4.039128e-02;4.362388e-02;1.291782e-01;1.956964e-01;5.033512e-02;6.804366e-02;1.106717e-01;2.015721e-02
8.460923e-02;1.098263e-01;4.720680e-02;8.481100e-02;7.397407e-02;9.561785e-02;1.335321e-01;1.669935e-01;6.016403e-02;6.077068e-02;4.463072e-02;3.786368e-02
7.283118e-02;9.428346e-02;4.771565e-02;5.537580e-02;8.013503e-02;1.244385e-01;1.642735e-01;1.063674e-01;6.177215e-02;4.848916e-02;9.748834e-02;4.682981e-02
6.750900e-02;7.652017e-02;5.483593e-02;6.228084e-02;4.108007e-02;1.109610e-01;1.881250e-01;1.436140e-01;6.203393e-02;4.823968e-02;9.591413e-02;4.888623e-02
6.358390e-02;6.634301e-02;6.072452e-02;1.174459e-01;5.041190e-02;7.509463e-02;1.679675e-01;1.557569e-01;5.810754e-02;5.473602e-02;8.813432e-02;4.169383e-02
4.208989e-02;7.427920e-02;5.756679e-02;1.187932e-01;5.243688e-02;6.935588e-02;1.793011e-01;1.605979e-01;6.669851e-02;6.152014e-02;7.964341e-02;3.771706e-02
7.401299e-02;8.588661e-02;6.549128e-02;5.083178e-02;3.322265e-02;1.264530e-01;1.735822e-01;1.427218e-01;8.076731e-02;7.231544e-02;6.699044e-02;2.772453e-02
1.087055e-01;5.337416e-02;6.826991e-02;7.736364e-02;8.400312e-02;1.098730e-01;9.525779e-02;1.313605e-01;7.554846e-02;6.741086e-02;1.025816e-01;2.625139e-02
1.045140e-01;7.058838e-02;6.886033e-02;6.524298e-02;8.716182e-02;7.510360e-02;1.208807e-01;1.697340e-01;6.155981e-02;5.749793e-02;9.269825e-02;2.615819e-02
1.809667e-01;1.762440e-01;4.727223e-02;2.593162e-02;2.499078e-02;5.460879e-02;1.665554e-01;1.473733e-01;2.088629e-02;1.875497e-02;1.141546e-01;2.226129e-02
1.763073e-01;1.835711e-01;3.849492e-02;2.193859e-02;3.673008e-02;4.416174e-02;1.781972e-01;1.314417e-01;1.498975e-02;2.450242e-02;1.231387e-01;2.652658e-02
1.503908e-01;1.963706e-01;3.179001e-02;1.670334e-02;4.826092e-02;4.073060e-02;1.711519e-01;1.500690e-01;1.346833e-02;3.023757e-02;1.193727e-01;3.145417e-02
1.449376e-01;1.671148e-01;2.016187e-02;2.391483e-02;6.193449e-02;4.395872e-02;1.658665e-01;1.659202e-01;3.795965e-02;4.820860e-02;9.618549e-02;2.383739e-02
1.552236e-01;6.294759e-02;3.070334e-02;3.429210e-02;5.195168e-02;7.930928e-02;2.190769e-01;1.127125e-01;7.502394e-02;4.867742e-02;1.051974e-01;2.488422e-02
1.301576e-01;3.827165e-02;3.528430e-02;4.932486e-02;3.592435e-02;9.374864e-02;2.407382e-01;1.485855e-01;9.626214e-02;4.071395e-02;6.863037e-02;2.235841e-02
1.092375e-01;4.075731e-02;3.113808e-02;6.730334e-02;2.387165e-02;6.476962e-02;2.081323e-01;1.679133e-01;1.076477e-01;4.929217e-02;1.163985e-01;1.353859e-02
1.220853e-01;3.440902e-02;2.921440e-02;6.158042e-02;3.729242e-02;3.768740e-02;2.124248e-01;2.143911e-01;9.729484e-02;5.571033e-02;8.955508e-02;8.354994e-03
9.012178e-02;5.585243e-02;3.480340e-02;4.217060e-02;4.002735e-02;6.480481e-02;2.846026e-01;2.002775e-01;5.541010e-02;4.295773e-02;7.407249e-02;1.489917e-02
6.410747e-02;8.713587e-02;3.157855e-02;4.959837e-02;4.235234e-02;7.174228e-02;3.288993e-01;1.796269e-01;3.705065e-02;4.595306e-02;4.025759e-02;2.169760e-02
7.003469e-02;9.587675e-02;2.848962e-02;5.505716e-02;2.712427e-02;6.403538e-02;2.367833e-01;1.735005e-01;6.739485e-02;5.143914e-02;1.047340e-01;2.553049e-02
1.142095e-01;1.179434e-01;2.687848e-02;4.946546e-02;3.123108e-02;6.746861e-02;1.930300e-01;1.544731e-01;8.722774e-02;4.383273e-02;6.187817e-02;5.236167e-02
1.370064e-01;1.211776e-01;3.107353e-02;3.960210e-02;3.215048e-02;5.483538e-02;1.928346e-01;1.133428e-01;1.015873e-01;5.348555e-02;7.897979e-02;4.392454e-02
1.608722e-01;5.343610e-02;3.614295e-02;4.809715e-02;4.078256e-02;5.377837e-02;1.680817e-01;1.688484e-01;9.973159e-02;6.522938e-02;7.083248e-02;3.416705e-02
8.706325e-02;6.094224e-02;6.517363e-02;6.829105e-02;5.273246e-02;6.702530e-02;1.471283e-01;1.420348e-01;1.197160e-01;8.903551e-02;7.547108e-02;2.538638e-02
5.618858e-02;5.124420e-02;9.013634e-02;7.073184e-02;6.571233e-02;5.810517e-02;1.543151e-01;1.677607e-01;8.250996e-02;8.157404e-02;9.842766e-02;2.329409e-02
9.489691e-02;3.036652e-02;9.414591e-02;5.582431e-02;7.685327e-02;8.074921e-02;1.035405e-01;2.067033e-01;5.606184e-02;6.580606e-02;1.082796e-01;2.677254e-02
1.071806e-01;4.400294e-02;7.851110e-02;4.788715e-02;5.386345e-02;8.559421e-02;1.300439e-01;1.842069e-01;5.930511e-02;6.066138e-02;1.139915e-01;3.475175e-02
1.008010e-01;6.496903e-02;6.237469e-02;4.975906e-02;2.716145e-02;7.048302e-02;1.626798e-01;2.001736e-01;6.428165e-02;6.546281e-02;9.496947e-02;3.688452e-02
1.092466e-01;7.234670e-02;4.637533e-02;3.066771e-02;5.321575e-02;5.906627e-02;1.967412e-01;1.834645e-01;6.080498e-02;6.785375e-02;7.929618e-02;4.092116e-02
1.087404e-01;1.400346e-01;3.269455e-02;2.047462e-02;3.104056e-02;7.328344e-02;2.104350e-01;1.603984e-01;5.760269e-02;6.796343e-02;6.980013e-02;2.753217e-02
1.012453e-01;1.124129e-01;2.501880e-02;1.992661e-02;4.365530e-02;6.656526e-02;1.956606e-01;1.441916e-01;4.585759e-02;4.840825e-02;1.802876e-01;1.677021e-02
8.847638e-02;1.211695e-01;2.547478e-02;2.007374e-02;5.376369e-02;6.400086e-02;2.134681e-01;1.297170e-01;3.445992e-02;4.259203e-02;1.885050e-01;1.829901e-02
1.588034e-01;1.633401e-01;3.101739e-02;2.231445e-02;4.857166e-02;6.255247e-02;2.130652e-01;9.006061e-02;2.760897e-02;3.291374e-02;1.306581e-01;1.909387e-02
2.220062e-01;1.606932e-01;2.851324e-02;2.276811e-02;2.757842e-02;6.101099e-02;1.826983e-01;8.653110e-02;1.905783e-02;1.989641e-02;1.537423e-01;1.550396e-02
1.875741e-01;1.240472e-01;3.050323e-02;2.168045e-02;2.657232e-02;5.890934e-02;1.665616e-01;5.121051e-02;2.244543e-02;2.332635e-02;2.696172e-01;1.755229e-02
5.544733e-02;7.626756e-02;4.265983e-02;1.728839e-02;4.516807e-02;5.779928e-02;1.843806e-01;6.552842e-02;2.685531e-02;3.435862e-02;3.703506e-01;2.389600e-02
1.540046e-01;6.201242e-02;4.863862e-02;3.154809e-02;3.195937e-02;3.908400e-02;1.055215e-01;3.899503e-02;2.114672e-02;3.457201e-02;4.076018e-01;2.491581e-02
1.270686e-01;9.272263e-02;4.520814e-02;2.959908e-02;1.554903e-02;2.565625e-02;7.986551e-02;6.077779e-02;1.896061e-02;3.782371e-02;4.511596e-01;1.560895e-02
5.636876e-02;1.190971e-01;5.155546e-02;2.743118e-02;1.729194e-02;2.482595e-02;1.044485e-01;6.957587e-02;1.646575e-02;3.986280e-02;4.538587e-01;1.921792e-02
1.025859e-01;1.704877e-01;5.971669e-02;2.630418e-02;2.264844e-02;3.267027e-02;1.003579e-01;5.949671e-02;1.556669e-02;4.671591e-02;3.436677e-01;1.978178e-02
9.566689e-02;2.067221e-01;6.757908e-02;2.765979e-02;1.667801e-02;2.869646e-02;6.794628e-02;4.177709e-02;2.148640e-02;4.597416e-02;3.648601e-01;1.495367e-02
8.512755e-02;2.747695e-01;6.821755e-02;3.862754e-02;2.678963e-02;4.140745e-02;7.169534e-02;6.488830e-02;3.681485e-02;4.347396e-02;2.317998e-01;1.638854e-02
9.600352e-02;2.967741e-01;6.423964e-02;4.663339e-02;2.722649e-02;3.680575e-02;6.090738e-02;4.689678e-02;5.022958e-02;5.331416e-02;1.939560e-01;2.701328e-02
4.801274e-02;2.095042e-01;5.627964e-02;2.579427e-02;2.019170e-02;2.659330e-02;5.329452e-02;5.205751e-02;3.267964e-02;6.031508e-02;4.012552e-01;1.402215e-02
6.509759e-02;1.353513e-01;5.674373e-02;1.832592e-02;1.682254e-02;1.719088e-02;6.339560e-02;4.960293e-02;2.251625e-02;5.999405e-02;4.864025e-01;8.556785e-03
5.936262e-02;1.504974e-01;5.921340e-02;1.487292e-02;1.347914e-02;1.269915e-02;6.084080e-02;2.830942e-02;2.440161e-02;5.677453e-02;5.144236e-01;5.125393e-03
6.747749e-02;1.927532e-01;6.330065e-02;1.581774e-02;9.713301e-03;1.279298e-02;5.274545e-02;5.032291e-02;2.698085e-02;5.404091e-02;4.480786e-01;5.975958e-03
7.788224e-02;2.762091e-01;6.810260e-02;2.474301e-02;1.239031e-02;1.770266e-02;4.646382e-02;7.637589e-02;2.999333e-02;4.833762e-02;3.114971e-01;1.030236e-02
9.355433e-02;3.488915e-01;6.162015e-02;2.822976e-02;2.071306e-02;2.571616e-02;6.515889e-02;1.375179e-01;4.356961e-02;3.952420e-02;1.221932e-01;1.331137e-02
1.019321e-01;3.428769e-01;4.516319e-02;1.629600e-02;2.542987e-02;3.327644e-02;6.820165e-02;1.658201e-01;4.828027e-02;3.429298e-02;1.034448e-01;1.498566e-02
1.018413e-01;3.554571e-01;5.426564e-02;3.211400e-02;1.576058e-02;4.454058e-02;9.028014e-02;1.500484e-01;4.333711e-02;3.699168e-02;5.263071e-02;2.273270e-02
7.414523e-02;3.045970e-01;6.783035e-02;3.067115e-02;1.435519e-02;3.751924e-02;8.727784e-02;1.746950e-01;4.863262e-02;3.570147e-02;1.049614e-01;1.961360e-02
9.971613e-02;2.651501e-01;5.396331e-02;2.087081e-02;2.059937e-02;2.639046e-02;9.449083e-02;2.014166e-01;4.572477e-02;2.736606e-02;1.335182e-01;1.079346e-02
1.074575e-01;2.535993e-01;4.000351e-02;2.628276e-02;2.663192e-02;2.119786e-02;9.050904e-02;1.905155e-01;4.991008e-02;2.755986e-02;1.428119e-01;2.352070e-02
1.578642e-01;2.065588e-01;5.577040e-02;3.858137e-02;3.263372e-02;3.375000e-02;1.029915e-01;1.897072e-01;6.293643e-02;3.045102e-02;5.661170e-02;3.214370e-02
1.206683e-01;1.423038e-01;9.757782e-02;5.600069e-02;3.273739e-02;3.318330e-02;9.701598e-02;2.616219e-01;5.660648e-02;3.609701e-02;3.243196e-02;3.375540e-02
1.257398e-01;1.188435e-01;8.584265e-02;5.998130e-02;3.813587e-02;5.170557e-02;1.371516e-01;2.003147e-01;4.285788e-02;4.364958e-02;6.814433e-02;2.763312e-02
1.172328e-01;1.247974e-01;4.981659e-02;5.316220e-02;4.571221e-02;7.630212e-02;1.495975e-01;1.776869e-01;4.299357e-02;5.309230e-02;8.851128e-02;2.109517e-02
9.177168e-02;1.209894e-01;4.218562e-02;4.710617e-02;5.966538e-02;8.400422e-02;1.491655e-01;1.420876e-01;5.126057e-02;5.112129e-02;1.437149e-01;1.692763e-02
9.421209e-02;1.042130e-01;4.051280e-02;3.689706e-02;5.167529e-02;7.272419e-02;1.727841e-01;1.552405e-01;4.238361e-02;5.126485e-02;1.621154e-01;1.597714e-02
8.391416e-02;9.960578e-02;5.525440e-02;3.882084e-02;7.090107e-02;4.262082e-02;1.822459e-01;1.986103e-01;5.932046e-02;6.512000e-02;8.010080e-02;2.348550e-02
1.213290e-01;1.371063e-01;4.783818e-02;5.551609e-02;7.663783e-02;5.216626e-02;1.126909e-01;1.409374e-01;4.315024e-02;6.204703e-02;1.161760e-01;3.440479e-02
