7.656538e-02;4.898901e-02;6.900316e-02;5.906978e-02;5.833770e-02;7.839027e-02;7.327636e-02;5.779507e-02;7.548888e-02;1.111627e-01;1.476966e-01;1.442251e-01
7.361794e-02;4.958617e-02;6.912498e-02;5.829626e-02;5.737061e-02;6.820779e-02;6.940331e-02;5.138211e-02;6.753572e-02;1.235177e-01;1.717519e-01;1.402055e-01
9.317811e-02;6.870887e-02;8.908019e-02;6.495810e-02;5.850514e-02;6.170361e-02;6.297585e-02;4.853223e-02;4.964532e-02;1.235048e-01;1.611366e-01;1.180711e-01
1.310944e-01;8.531185e-02;1.060649e-01;6.468745e-02;6.672698e-02;6.127328e-02;5.408929e-02;5.009662e-02;4.907447e-02;8.879814e-02;1.088722e-01;1.339103e-01
1.435588e-01;8.368180e-02;1.019996e-01;4.961238e-02;7.937384e-02;5.547580e-02;4.395402e-02;5.825626e-02;4.409016e-02;6.637446e-02;1.021468e-01;1.714760e-01
8.513016e-02;8.329942e-02;8.182551e-02;5.017620e-02;7.246277e-02;9.227650e-02;6.148097e-02;8.675815e-02;7.346228e-02;1.198082e-01;8.905058e-02;1.042692e-01
1.163863e-01;7.122839e-02;1.112324e-01;3.708769e-02;4.291451e-02;7.937441e-02;5.552378e-02;7.300512e-02;6.605364e-02;1.288338e-01;1.037866e-01;1.145734e-01
1.450676e-01;7.185501e-02;9.354343e-02;1.868018e-02;6.436114e-02;6.640720e-02;9.652757e-02;7.110195e-02;4.878654e-02;1.083213e-01;9.104976e-02;1.242983e-01
1.375701e-01;9.840760e-02;9.541446e-02;4.583151e-02;7.854951e-02;5.083261e-02;1.177195e-01;6.920042e-02;6.229708e-02;7.682817e-02;8.370750e-02;8.364160e-02
1.871378e-01;1.190377e-01;8.344366e-02;5.927174e-02;6.036022e-02;4.037949e-02;9.653859e-02;6.596879e-02;6.778793e-02;3.889548e-02;8.310507e-02;9.807353e-02
2.279176e-01;1.174622e-01;7.821438e-02;6.047606e-02;5.122463e-02;4.986434e-02;5.083346e-02;5.769060e-02;7.155211e-02;4.142497e-02;7.944437e-02;1.138953e-01
1.786075e-01;9.394938e-02;1.203366e-01;4.942350e-02;5.564047e-02;5.035604e-02;7.148723e-02;5.677396e-02;7.522029e-02;6.204386e-02;7.389022e-02;1.122709e-01
9.233026e-02;9.835286e-02;1.107499e-01;4.402251e-02;4.963926e-02;6.699187e-02;7.614726e-02;8.135202e-02;7.318603e-02;9.274895e-02;1.196659e-01;9.481325e-02
1.659504e-01;1.070530e-01;8.107626e-02;4.439786e-02;4.120516e-02;5.430846e-02;9.640012e-02;6.832917e-02;6.919069e-02;5.826116e-02;1.017600e-01;1.120676e-01
1.415045e-01;1.254261e-01;9.135530e-02;3.615376e-02;4.222845e-02;5.587519e-02;9.792539e-02;7.245452e-02;9.055496e-02;4.962767e-02;9.403708e-02;1.028570e-01
1.100687e-01;1.315221e-01;1.005171e-01;3.143762e-02;4.916586e-02;6.711575e-02;8.985950e-02;7.997177e-02;1.055542e-01;6.493390e-02;8.084366e-02;8.900975e-02
1.115429e-01;1.107078e-01;1.223166e-01;4.133612e-02;5.064346e-02;7.744568e-02;8.609363e-02;9.110970e-02;1.053625e-01;7.201660e-02;5.849616e-02;7.292890e-02
1.054728e-01;7.182629e-02;2.045741e-01;6.198796e-02;5.844338e-02;3.979110e-02;1.250746e-01;8.189970e-02;9.789062e-02;5.263885e-02;4.553688e-02;5.486375e-02
1.096690e-01;7.795891e-02;1.911775e-01;5.030463e-02;5.749379e-02;3.299358e-02;9.924632e-02;1.188418e-01;1.321450e-01;4.646544e-02;4.468164e-02;3.902226e-02
1.725019e-01;6.678284e-02;1.289189e-01;3.161287e-02;5.050495e-02;2.578132e-02;7.545018e-02;1.937908e-01;1.391854e-01;3.456118e-02;4.227217e-02;3.863759e-02
2.591203e-01;5.607253e-02;6.871095e-02;1.438243e-02;4.542109e-02;1.829884e-02;5.153006e-02;2.936070e-01;7.987133e-02;2.229611e-02;4.984511e-02;4.084424e-02
2.648645e-01;6.770348e-02;6.672693e-02;1.088000e-02;4.305211e-02;1.196340e-02;5.416663e-02;3.221790e-01;5.173855e-02;1.707592e-02;5.127116e-02;3.837832e-02
2.379981e-01;6.791870e-02;5.976930e-02;1.259798e-02;3.744533e-02;7.726174e-03;1.222960e-01;2.905800e-01;5.748786e-02;2.445527e-02;4.654486e-02;3.518037e-02
2.140485e-01;6.809591e-02;7.088746e-02;9.899838e-03;2.476695e-02;2.412829e-02;2.081626e-01;2.327877e-01;3.217086e-02;2.452884e-02;4.256751e-02;4.795550e-02
1.883694e-01;6.244170e-02;1.205894e-01;1.776705e-02;1.539367e-02;2.979220e-02;2.152224e-01;1.707042e-01;3.209381e-02;4.495222e-02;4.410778e-02;5.856622e-02
1.581817e-01;5.119267e-02;1.288675e-01;2.911015e-02;3.824614e-02;4.148241e-02;1.366353e-01;1.250790e-01;7.936506e-02;8.986343e-02;5.897938e-02;6.299724e-02
1.446888e-01;4.485347e-02;6.840497e-02;3.053702e-02;7.142821e-02;6.113647e-02;9.382733e-02;9.121022e-02;1.012788e-01;1.741963e-01;7.310677e-02;4.533171e-02
1.031906e-01;5.036136e-02;4.132694e-02;3.408154e-02;5.854288e-02;6.244721e-02;1.005839e-01;8.983226e-02;9.903175e-02;2.897869e-01;5.151552e-02;1.929914e-02
5.595609e-02;4.867306e-02;5.887721e-02;4.509082e-02;3.688703e-02;6.819312e-02;9.082518e-02;7.370026e-02;1.158573e-01;3.482723e-01;3.614831e-02;2.151930e-02
5.186043e-02;5.163903e-02;5.978975e-02;6.447758e-02;5.693956e-02;7.271817e-02;7.299569e-02;7.180651e-02;1.576966e-01;2.841292e-01;2.133760e-02;3.460994e-02
6.640049e-02;6.135352e-02;1.001474e-01;6.709725e-02;8.350974e-02;6.153135e-02;6.553990e-02;1.156548e-01;1.547233e-01;1.405285e-01;2.715268e-02;5.636119e-02
6.634316e-02;5.741508e-02;1.065534e-01;4.295206e-02;6.046426e-02;6.436434e-02;8.683423e-02;1.366861e-01;1.093707e-01;1.459527e-01;5.176165e-02;7.130227e-02
5.402687e-02;5.279231e-02;6.672051e-02;4.021025e-02;6.193751e-02;6.583852e-02;1.333003e-01;1.122754e-01;1.094016e-01;1.862155e-01;5.053317e-02;6.674812e-02
5.867096e-02;8.342008e-02;4.996489e-02;4.570441e-02;6.353654e-02;5.568885e-02;1.182790e-01;8.585569e-02;1.887924e-01;1.901204e-01;3.640739e-02;2.355930e-02
8.526016e-02;1.182939e-01;5.798640e-02;4.954254e-02;5.472228e-02;5.776065e-02;1.059877e-01;7.882445e-02;1.855099e-01;1.339566e-01;2.639639e-02;4.575900e-02
1.062298e-01;1.209817e-01;8.706689e-02;4.581326e-02;4.981139e-02;6.746604e-02;1.116346e-01;6.889854e-02;1.701723e-01;9.506303e-02;2.563713e-02;5.122537e-02
1.286299e-01;7.820484e-02;1.217911e-01;6.071893e-02;4.317851e-02;5.822446e-02;1.018819e-01;6.916045e-02;1.422537e-01;5.717111e-02;5.589248e-02;8.289257e-02
9.831639e-02;7.484649e-02;1.050728e-01;6.940978e-02;3.478871e-02;6.382802e-02;1.217575e-01;9.980460e-02;7.131200e-02;4.569379e-02;9.469650e-02;1.204733e-01
1.119101e-01;9.512794e-02;1.300434e-01;6.052528e-02;3.546759e-02;5.474762e-02;1.035510e-01;9.704147e-02;3.225964e-02;7.070545e-02;9.894454e-02;1.096760e-01
1.089080e-01;9.112937e-02;3.250778e-01;6.858526e-02;5.196039e-02;3.341354e-02;1.127804e-01;3.484986e-02;4.247927e-02;4.622250e-02;4.648703e-02;3.810666e-02
1.255507e-01;1.127033e-01;3.395512e-01;6.064387e-02;5.076650e-02;3.140322e-02;1.046012e-01;2.701572e-02;5.414611e-02;3.863169e-02;2.807979e-02;2.690668e-02
1.458064e-01;1.529870e-01;2.912647e-01;4.994522e-02;4.284123e-02;2.488257e-02;1.153465e-01;1.910649e-02;7.025173e-02;3.586658e-02;3.042715e-02;2.127437e-02
1.562958e-01;1.975885e-01;1.760661e-01;3.095368e-02;3.236500e-02;3.122620e-02;1.716100e-01;3.406916e-02;8.940571e-02;2.911715e-02;4.065743e-02;1.064535e-02
1.819379e-01;2.004691e-01;1.110774e-01;1.481984e-02;3.491724e-02;5.305426e-02;2.067946e-01;2.441241e-02;6.736152e-02;4.260489e-02;3.818716e-02;2.436364e-02
2.399001e-01;1.443111e-01;1.100478e-01;3.027789e-02;3.756751e-02;6.814954e-02;1.793210e-01;4.152815e-02;3.764667e-02;4.051711e-02;4.071385e-02;3.001918e-02
3.064238e-01;8.229862e-02;1.328545e-01;2.696166e-02;3.794372e-02;5.130132e-02;1.317295e-01;8.404297e-02;3.934637e-02;2.940870e-02;3.725921e-02;4.042957e-02
3.690141e-01;1.257050e-01;1.602036e-01;1.209974e-02;2.593224e-02;2.048553e-02;5.058825e-02;1.179176e-01;3.921129e-02;1.467057e-02;2.901880e-02;3.515324e-02
4.120570e-01;1.224618e-01;1.364221e-01;1.013963e-02;2.042333e-02;9.406950e-03;4.128139e-02;1.547643e-01;1.966074e-02;1.035684e-02;2.167285e-02;4.135312e-02
3.979412e-01;8.763034e-02;1.205843e-01;8.866644e-03;1.891175e-02;1.603384e-02;5.375027e-02;1.988837e-01;1.785132e-02;1.182786e-02;1.922490e-02;4.849394e-02
3.483849e-01;6.372098e-02;9.552562e-02;9.696584e-03;1.140128e-02;1.845180e-02;1.024439e-01;2.452500e-01;2.051123e-02;1.468753e-02;1.913448e-02;5.079170e-02
3.079003e-01;4.691495e-02;8.493832e-02;8.665658e-03;1.303394e-02;2.010494e-02;1.187485e-01;2.918709e-01;3.047878e-02;1.308925e-02;1.641178e-02;4.784278e-02
2.775724e-01;4.172516e-02;8.031157e-02;1.160474e-02;1.284822e-02;1.170658e-02;1.186042e-01;3.232485e-01;4.377066e-02;1.297174e-02;2.098523e-02;4.465101e-02
2.305480e-01;4.308225e-02;8.179280e-02;1.086943e-02;1.633545e-02;1.439764e-02;1.582646e-01;3.178650e-01;4.289795e-02;1.741031e-02;2.128455e-02;4.525203e-02
2.067531e-01;3.092639e-02;6.494389e-02;1.277467e-02;1.676881e-02;2.224724e-02;1.944796e-01;3.176125e-01;3.887000e-02;2.648991e-02;2.256035e-02;4.557343e-02
1.849552e-01;4.991157e-02;9.475017e-02;2.114177e-02;1.891515e-02;2.438135e-02;2.031372e-01;2.613692e-01;3.893927e-02;2.846031e-02;2.584049e-02;4.819823e-02
1.575472e-01;6.231445e-02;1.527222e-01;2.958224e-02;2.440205e-02;3.508381e-02;1.920898e-01;1.930101e-01;3.107343e-02;3.072521e-02;3.825431e-02;5.319521e-02
1.330682e-01;6.515618e-02;1.699534e-01;4.836379e-02;6.333683e-02;4.838189e-02;1.140799e-01;9.604765e-02;9.158956e-02;6.012107e-02;5.479547e-02;5.510611e-02
6.227618e-02;9.811145e-02;2.783816e-01;5.679604e-02;6.661161e-02;3.402868e-02;1.105542e-01;6.552733e-02;8.363172e-02;6.190806e-02;4.212271e-02;4.005038e-02
1.230185e-01;1.241467e-01;3.601934e-01;4.696727e-02;4.911931e-02;3.235634e-02;7.443163e-02;4.404088e-02;4.661196e-02;4.796533e-02;2.539222e-02;2.575646e-02
1.965523e-01;1.528928e-01;2.940776e-01;2.078142e-02;3.067745e-02;2.678576e-02;4.989346e-02;7.267956e-02;8.027126e-02;2.918173e-02;2.090974e-02;2.529695e-02
2.648491e-01;1.326012e-01;1.755413e-01;8.580267e-03;2.470124e-02;1.816110e-02;8.261667e-02;1.655921e-01;5.740883e-02;2.014906e-02;2.457344e-02;2.522572e-02
3.023265e-01;8.823596e-02;1.150483e-01;1.042554e-02;2.468780e-02;1.653800e-02;6.422728e-02;2.343030e-01;5.110328e-02;2.427344e-02;1.758019e-02;5.125070e-02
2.761228e-01;7.292857e-02;1.203104e-01;1.409134e-02;2.956279e-02;2.434774e-02;6.948757e-02;2.082113e-01;6.756347e-02;3.203344e-02;2.265836e-02;6.268215e-02
2.174802e-01;7.167177e-02;1.830904e-01;3.017231e-02;3.208429e-02;2.441321e-02;1.144123e-01;1.512399e-01;4.679071e-02;3.763379e-02;3.542544e-02;5.558564e-02
1.840908e-01;6.578277e-02;2.038180e-01;4.124612e-02;2.857303e-02;3.125748e-02;1.085142e-01;1.324375e-01;4.191527e-02;5.950042e-02;5.246036e-02;5.040394e-02
1.794074e-01;6.649417e-02;1.603331e-01;2.796910e-02;6.093923e-02;5.831381e-02;4.740375e-02;1.309237e-01;7.078678e-02;8.332343e-02;4.587150e-02;6.823394e-02
1.897989e-01;4.844514e-02;1.304272e-01;2.725505e-02;6.042658e-02;8.093776e-02;6.704409e-02;8.286245e-02;1.073887e-01;7.781202e-02;5.421835e-02;7.338374e-02
1.510761e-01;6.696358e-02;1.447474e-01;3.539741e-02;5.278397e-02;6.760080e-02;1.039859e-01;1.074052e-01;1.090309e-01;8.330551e-02;4.877679e-02;2.892646e-02
1.222031e-01;6.611915e-02;1.155442e-01;4.108093e-02;4.942279e-02;5.937277e-02;1.291058e-01;1.361661e-01;9.593453e-02;9.349769e-02;5.600563e-02;3.554733e-02
1.183278e-01;7.550617e-02;1.330805e-01;4.565190e-02;6.625406e-02;5.373766e-02;1.102111e-01;1.323450e-01;6.646001e-02;8.503743e-02;6.326193e-02;5.012661e-02
9.071367e-02;8.337636e-02;1.173588e-01;4.083316e-02;5.398491e-02;8.754607e-02;8.732134e-02;9.569374e-02;8.944026e-02;1.196563e-01;5.059891e-02;8.347654e-02
8.718245e-02;9.297720e-02;8.060986e-02;5.718056e-02;5.284145e-02;8.938486e-02;1.245001e-01;6.148963e-02;1.314801e-01;1.228007e-01;3.640687e-02;6.314624e-02
8.137187e-02;8.356287e-02;1.042336e-01;6.382904e-02;3.759602e-02;8.094481e-02;1.207904e-01;6.688295e-02;1.733660e-01;9.731086e-02;4.055895e-02;4.955259e-02
5.825500e-02;5.835335e-02;9.521272e-02;7.699256e-02;3.841442e-02;9.265839e-02;1.197515e-01;6.203463e-02;1.861782e-01;9.182931e-02;5.786843e-02;6.245142e-02
6.233523e-02;7.889529e-02;2.355333e-01;5.201551e-02;5.187010e-02;6.978115e-02;8.568675e-02;6.106037e-02;8.084466e-02;9.825581e-02;7.877480e-02;4.494704e-02
6.940465e-02;5.959132e-02;2.640133e-01;5.020089e-02;4.016855e-02;4.854773e-02;1.278124e-01;7.302879e-02;9.930465e-02;7.933816e-02;4.085987e-02;4.772959e-02
8.284269e-02;6.242833e-02;2.154336e-01;4.234478e-02;3.573392e-02;5.194770e-02;1.143027e-01;1.102513e-01;1.235632e-01;6.392683e-02;4.076175e-02;5.646329e-02
1.042218e-01;6.728475e-02;1.306758e-01;3.715082e-02;3.892266e-02;5.676031e-02;9.035233e-02;1.621702e-01;1.332421e-01;4.716424e-02;6.499171e-02;6.706335e-02
1.204291e-01;5.853891e-02;7.469817e-02;3.558021e-02;4.119762e-02;4.179030e-02;1.789857e-01;1.815094e-01;9.455790e-02;4.608974e-02;6.344825e-02;6.317479e-02
1.203050e-01;8.114064e-02;7.865420e-02;2.836863e-02;4.521147e-02;4.097566e-02;2.203202e-01;2.019043e-01;4.990595e-02;5.601455e-02;3.800857e-02;3.919077e-02
8.273375e-02;1.037418e-01;1.068083e-01;1.968507e-02;5.152291e-02;7.118320e-02;1.742841e-01;1.613342e-01;9.936818e-02;5.382545e-02;3.848944e-02;3.702358e-02
9.130813e-02;1.148996e-01;1.477626e-01;2.924361e-02;7.321618e-02;9.409391e-02;8.134610e-02;9.042740e-02;1.450607e-01;5.865442e-02;4.387329e-02;3.011405e-02
1.236807e-01;8.013132e-02;1.796803e-01;2.677675e-02;7.399218e-02;9.662519e-02;1.002666e-01;5.454047e-02;1.241650e-01;6.210491e-02;4.379719e-02;3.423935e-02
1.616820e-01;2.303400e-02;1.641042e-01;4.347833e-02;6.237384e-02;9.505661e-02;1.578801e-01;8.051190e-02;7.621829e-02;4.838731e-02;3.972790e-02;4.754551e-02
1.956334e-01;5.786676e-02;1.703262e-01;3.747347e-02;3.637894e-02;7.122339e-02;1.340746e-01;7.531542e-02;5.741670e-02;4.774206e-02;6.042884e-02;5.612026e-02
1.825824e-01;6.663615e-02;1.406194e-01;3.992453e-02;4.061422e-02;7.117599e-02;1.020451e-01;5.271532e-02;6.151693e-02;8.267014e-02;8.938932e-02;7.011054e-02
1.162326e-01;4.664718e-02;8.938177e-02;5.275120e-02;5.749897e-02;1.030001e-01;9.387362e-02;7.812922e-02;8.632394e-02;1.144983e-01;1.021804e-01;5.948272e-02
9.899624e-02;5.267094e-02;1.172555e-01;4.995988e-02;4.792458e-02;9.132155e-02;1.367983e-01;1.012426e-01;7.146712e-02;9.902129e-02;8.315039e-02;5.019164e-02
1.063416e-01;4.449962e-02;1.248396e-01;4.099682e-02;4.958975e-02;7.167326e-02;1.564003e-01;1.400815e-01;8.747070e-02;6.118520e-02;6.166791e-02;5.525371e-02
1.440390e-01;3.977284e-02;1.140706e-01;6.148594e-02;4.407928e-02;7.344511e-02;1.251959e-01;1.502974e-01;1.134393e-01;4.965386e-02;3.249487e-02;5.202588e-02
1.815582e-01;5.732159e-02;1.138866e-01;6.355893e-02;4.172248e-02;8.246124e-02;8.861288e-02;1.124940e-01;9.643390e-02;7.001689e-02;2.439493e-02;6.753840e-02
1.717851e-01;7.290769e-02;8.378635e-02;5.520516e-02;6.715703e-02;7.828806e-02;9.792795e-02;9.304726e-02;1.042618e-01;8.024948e-02;2.797322e-02;6.741097e-02
1.200405e-01;8.053777e-02;7.178801e-02;5.590989e-02;8.680273e-02;5.541377e-02;1.266711e-01;1.049140e-01;1.282409e-01;7.345317e-02;5.022130e-02;4.600685e-02
5.288665e-02;7.376001e-02;1.491874e-01;4.406894e-02;8.525821e-02;6.564633e-02;1.613663e-01;1.296847e-01;6.235003e-02;7.420773e-02;6.867628e-02;3.290734e-02
4.410737e-02;7.007117e-02;1.323507e-01;3.410735e-02;6.991570e-02;5.900126e-02;1.510097e-01;1.358577e-01;1.214947e-01;8.636840e-02;6.315330e-02;3.256268e-02
7.443054e-02;5.238318e-02;1.303142e-01;3.877241e-02;6.175170e-02;4.384540e-02;1.225116e-01;1.209788e-01;1.302496e-01;1.032431e-01;7.369301e-02;4.782649e-02
7.015196e-02;5.233740e-02;1.417762e-01;4.092230e-02;7.282036e-02;5.116060e-02;1.122909e-01;1.043271e-01;8.726214e-02;1.001298e-01;1.142991e-01;5.252210e-02
7.511266e-02;6.454846e-02;3.873099e-01;3.607398e-02;5.133855e-02;2.249151e-02;7.873639e-02;4.032391e-02;3.832836e-02;8.257361e-02;8.427072e-02;3.889199e-02
1.102262e-01;7.744603e-02;5.350605e-01;2.627773e-02;3.459932e-02;2.153816e-02;3.793399e-02;1.956456e-02;2.401945e-02;4.755923e-02;4.202249e-02;2.375244e-02
1.562262e-01;8.181593e-02;5.311932e-01;2.394531e-02;3.047479e-02;1.415399e-02;2.495871e-02;3.373056e-02;2.166583e-02;2.095912e-02;3.210215e-02;2.877419e-02
1.905672e-01;7.473249e-02;4.091993e-01;2.247643e-02;3.607175e-02;1.902732e-02;6.089740e-02;4.481312e-02;3.406951e-02;2.426571e-02;4.073221e-02;4.314758e-02
1.850560e-01;4.809888e-02;3.166702e-01;3.116069e-02;4.471980e-02;3.040165e-02;1.085571e-01;7.091528e-02;4.203039e-02;2.673224e-02;4.981327e-02;4.584448e-02
2.240226e-01;5.386765e-02;1.984196e-01;2.636563e-02;4.203012e-02;2.852773e-02;1.077818e-01;1.285188e-01;4.519637e-02;2.456983e-02;6.432467e-02;5.637524e-02
2.389845e-01;6.578694e-02;2.109555e-01;2.237420e-02;2.668837e-02;2.246409e-02;9.555317e-02;1.410865e-01;3.007652e-02;2.829730e-02;5.526752e-02;6.246541e-02
2.705851e-01;4.927526e-02;1.213473e-01;1.844555e-02;3.211399e-02;2.049376e-02;1.304286e-01;1.460773e-01;2.396159e-02;3.129992e-02;7.115888e-02;8.481272e-02
2.369160e-01;1.337559e-02;2.119026e-01;1.968248e-02;3.317086e-02;2.309122e-02;9.304065e-02;1.201558e-01;2.681173e-02;4.008523e-02;8.967957e-02;9.208836e-02
2.222239e-01;3.388156e-02;2.317133e-01;1.489810e-02;2.659084e-02;2.303791e-02;1.075602e-01;9.193988e-02;1.914851e-02;4.840060e-02;8.685129e-02;9.375390e-02
2.169235e-01;4.828424e-02;1.933902e-01;1.772744e-02;2.963592e-02;1.514688e-02;1.103870e-01;6.903749e-02;2.302344e-02;6.457089e-02;1.101910e-01;1.016819e-01
1.619143e-01;5.567121e-02;2.183741e-01;2.036753e-02;3.728955e-02;2.530960e-02;9.398784e-02;2.446643e-02;3.519287e-02;9.265103e-02;1.364966e-01;9.827895e-02
8.716899e-02;4.220071e-02;3.342497e-01;3.449850e-02;3.839622e-02;2.509207e-02;6.852858e-02;1.902248e-02;4.469376e-02;1.044865e-01;1.408037e-01;6.085878e-02
5.657786e-02;4.990793e-02;3.285605e-01;4.120746e-02;3.624338e-02;1.846730e-02;7.508945e-02;4.220213e-02;7.674353e-02;1.150604e-01;1.171667e-01;4.277344e-02
9.678219e-02;6.408715e-02;2.444437e-01;4.857480e-02;5.917611e-02;4.475933e-02;7.562860e-02;4.169977e-02;9.180679e-02;9.417830e-02;8.134171e-02;5.752153e-02
1.384612e-01;6.801508e-02;1.088448e-01;6.964163e-02;4.872775e-02;5.455866e-02;8.827360e-02;8.512959e-02;1.001835e-01;9.350080e-02;6.709483e-02;7.756854e-02
1.263552e-01;8.756111e-02;7.226241e-02;7.022953e-02;5.531963e-02;5.611803e-02;9.334847e-02;9.639822e-02;1.115804e-01;8.929230e-02;6.163419e-02;7.990058e-02
1.287141e-01;9.489246e-02;6.490588e-02;7.404069e-02;5.159095e-02;5.066749e-02;9.521873e-02;9.196465e-02;1.141744e-01;8.682664e-02;6.150342e-02;8.550061e-02
1.222127e-01;8.395256e-02;1.338603e-01;7.089753e-02;3.967050e-02;4.975110e-02;9.363959e-02;7.785406e-02;8.715782e-02;8.189896e-02;6.960408e-02;8.950087e-02
1.361893e-01;6.160855e-02;1.599924e-01;6.095011e-02;3.679977e-02;5.830394e-02;1.123403e-01;7.994406e-02;3.235225e-02;8.147823e-02;8.612170e-02;9.391941e-02
1.006678e-01;5.674519e-02;3.214943e-01;3.375163e-02;6.063982e-02;4.208058e-02;1.135725e-01;6.680115e-02;5.436202e-02;5.329631e-02;4.964893e-02;4.693983e-02
1.062750e-01;4.750438e-02;3.989390e-01;3.080255e-02;6.474619e-02;3.013310e-02;9.427780e-02;5.546031e-02;5.597531e-02;4.269223e-02;3.825711e-02;3.493701e-02
1.453321e-01;5.350094e-02;3.220156e-01;2.243958e-02;6.957735e-02;3.457396e-02;9.756289e-02;7.762486e-02;4.503843e-02;2.776459e-02;5.738927e-02;4.718050e-02
1.182715e-01;4.600430e-02;2.323273e-01;3.186907e-02;5.108153e-02;3.382605e-02;1.952373e-01;7.450076e-02;3.268133e-02;5.607222e-02;7.634844e-02;5.178021e-02
7.396030e-02;3.309495e-02;1.707496e-01;3.846870e-02;4.327173e-02;3.393479e-02;3.038672e-01;5.310301e-02;3.288524e-02;7.426995e-02;8.444591e-02;5.794863e-02
5.124903e-02;3.421103e-02;1.105714e-01;4.463394e-02;4.061396e-02;4.387875e-02;3.541766e-01;2.251001e-02;2.795364e-02;8.857034e-02;1.183675e-01;6.326383e-02
5.459103e-02;4.763723e-02;2.299763e-01;4.882328e-02;4.198259e-02;5.623661e-02;1.862856e-01;3.769256e-02;3.830937e-02;9.000722e-02;1.212038e-01;4.725438e-02
1.251991e-01;1.007520e-01;2.981471e-01;5.353824e-02;4.196443e-02;4.505792e-02;7.115211e-02;5.524252e-02;9.228673e-02;4.449147e-02;3.717705e-02;3.499139e-02
1.411451e-01;9.927688e-02;2.599308e-01;4.381603e-02;3.119446e-02;4.860171e-02;8.894987e-02;9.959734e-02;1.037471e-01;3.365462e-02;1.886494e-02;3.122110e-02
1.550852e-01;7.671963e-02;1.849019e-01;3.451310e-02;2.721798e-02;5.139294e-02;8.394199e-02;1.647247e-01;1.156786e-01;3.404648e-02;3.711213e-02;3.466531e-02
1.876208e-01;4.018658e-02;8.137361e-02;3.128984e-02;4.691735e-02;4.441357e-02;4.810728e-02;2.727993e-01;1.242885e-01;3.985650e-02;4.615976e-02;3.698686e-02
2.194051e-01;3.486309e-02;5.759508e-02;2.237297e-02;5.355458e-02;2.269115e-02;6.519819e-02;3.385029e-01;7.866877e-02;3.250006e-02;4.165869e-02;3.298940e-02
2.529608e-01;3.979890e-02;6.308988e-02;1.323615e-02;5.407559e-02;1.413569e-02;7.055622e-02;3.474358e-01;3.817657e-02;3.526296e-02;3.612898e-02;3.514248e-02
2.704301e-01;4.235775e-02;6.082630e-02;1.449099e-02;4.783782e-02;1.156405e-02;7.703382e-02;3.211395e-01;3.755172e-02;4.030892e-02;3.424098e-02;4.221812e-02
2.619862e-01;3.251743e-02;5.420962e-02;3.023327e-02;3.433542e-02;1.057351e-02;9.780646e-02;3.082272e-01;4.687914e-02;5.077906e-02;2.876251e-02;4.369020e-02
2.614600e-01;2.691631e-02;5.788975e-02;2.037148e-02;4.481056e-02;6.923364e-03;8.071677e-02;3.282990e-01;6.068909e-02;3.745362e-02;2.908531e-02;4.538475e-02
2.535149e-01;2.918705e-02;5.787433e-02;1.626100e-02;4.612150e-02;7.389317e-03;9.544193e-02;3.228270e-01;6.297743e-02;3.517189e-02;2.980773e-02;4.342597e-02
2.249862e-01;3.208205e-02;5.472726e-02;2.083907e-02;3.328988e-02;1.090869e-02;1.748178e-01;2.754479e-01;5.659838e-02;2.553760e-02;3.978746e-02;5.097766e-02
1.885526e-01;3.050844e-02;5.756527e-02;1.933450e-02;2.154623e-02;2.084284e-02;2.720867e-01;1.946540e-01;5.486997e-02;2.712831e-02;3.715643e-02;7.575460e-02
1.753514e-01;4.318589e-02;7.245009e-02;1.711534e-02;2.636734e-02;4.936833e-02;2.925434e-01;1.100473e-01;5.003254e-02;4.790872e-02;4.492470e-02;7.070497e-02
1.632482e-01;5.390847e-02;1.320806e-01;2.835812e-02;3.991793e-02;6.727809e-02;2.497889e-01;6.348581e-02;4.111392e-02;6.002734e-02;5.519004e-02;4.560267e-02
1.315574e-01;6.092540e-02;1.690470e-01;3.715467e-02;4.502998e-02;6.524570e-02;2.136496e-01;5.396109e-02;5.717212e-02;8.127053e-02;5.120694e-02;3.377967e-02
7.691042e-02;6.571149e-02;1.017215e-01;7.081460e-02;6.245275e-02;5.150107e-02;1.143011e-01;1.197969e-01;1.142321e-01;1.046997e-01;5.730847e-02;6.054998e-02
6.968796e-02;6.550979e-02;1.367564e-01;6.807555e-02;6.055920e-02;5.873687e-02;1.127322e-01;1.259963e-01;8.345132e-02;8.936738e-02;6.606746e-02;6.305953e-02
1.151030e-01;9.229510e-02;1.898932e-01;5.984166e-02;4.277520e-02;4.867461e-02;8.865491e-02;8.910634e-02;5.429966e-02;7.768606e-02;7.007405e-02;7.159616e-02
2.226908e-01;1.177544e-01;2.812708e-01;3.856087e-02;2.796472e-02;2.219196e-02;4.300829e-02;3.058091e-02;3.138150e-02;5.775790e-02;6.467977e-02;6.215814e-02
2.715203e-01;1.092508e-01;2.304467e-01;2.490851e-02;2.507500e-02;2.638582e-02;7.839680e-02;3.914526e-02;3.171804e-02;5.015742e-02;5.673587e-02;5.625956e-02
2.358989e-01;6.410126e-02;1.580939e-01;4.133102e-02;1.970246e-02;4.493172e-02;1.294577e-01;7.216254e-02;4.120431e-02;4.672122e-02;6.651287e-02;7.988215e-02
2.377206e-01;3.769068e-02;1.257655e-01;5.093498e-02;3.089868e-02;4.700924e-02;1.325867e-01;6.805835e-02;2.584297e-02;5.913308e-02;8.080184e-02;1.035574e-01
2.882512e-01;5.372864e-02;2.322292e-01;3.445744e-02;2.740594e-02;3.422933e-02;7.164609e-02;2.941503e-02;2.522834e-02;4.426578e-02;6.708290e-02;9.206010e-02
3.327914e-01;9.543195e-02;3.082995e-01;3.214191e-02;1.459095e-02;1.935208e-02;4.513409e-02;1.537634e-02;1.940479e-02;2.039157e-02;4.255025e-02;5.453514e-02
3.539790e-01;1.260828e-01;2.990854e-01;2.320007e-02;2.190943e-02;1.682917e-02;2.777503e-02;3.244650e-02;1.510271e-02;1.516950e-02;2.940024e-02;3.902007e-02
3.656283e-01;1.445929e-01;2.688515e-01;1.202711e-02;4.636407e-02;1.219475e-02;2.402747e-02;4.250118e-02;9.653558e-03;1.259923e-02;2.249836e-02;3.906156e-02
3.523758e-01;1.337450e-01;2.428324e-01;1.345333e-02;6.483623e-02;2.452004e-02;3.661498e-02;4.991890e-02;8.931879e-03;1.236194e-02;2.268978e-02;3.771964e-02
3.290009e-01;1.535508e-01;2.298203e-01;1.675163e-02;5.905597e-02;3.683137e-02;3.941216e-02;4.882991e-02;2.804859e-02;1.198491e-02;1.838402e-02;2.832949e-02
2.504362e-01;2.272478e-01;2.760717e-01;1.753053e-02;3.482884e-02;3.954547e-02;3.191547e-02;3.473430e-02;5.298948e-02;8.471202e-03;1.011128e-02;1.611757e-02
1.563579e-01;2.710739e-01;3.761865e-01;1.489751e-02;1.021505e-02;3.963151e-02;1.664642e-02;1.829550e-02;6.825092e-02;1.097613e-02;7.309662e-03;1.015896e-02
9.824126e-02;2.641692e-01;4.664201e-01;1.878440e-02;1.058560e-02;3.112650e-02;1.082432e-02;9.932048e-03;5.935842e-02;1.699223e-02;5.743673e-03;7.822258e-03
1.110608e-01;2.321102e-01;4.876979e-01;2.130060e-02;1.975800e-02;2.263258e-02;3.153725e-02;7.130737e-03;3.426900e-02;1.601659e-02;5.576349e-03;1.091000e-02
1.343064e-01;1.965523e-01;4.420496e-01;2.913155e-02;3.134111e-02;2.743074e-02;6.151625e-02;1.227891e-02;2.929881e-02;1.475576e-02;1.210528e-02;9.233247e-03
1.968722e-01;1.403816e-01;3.771488e-01;2.609577e-02;3.423912e-02;3.320671e-02;7.118203e-02;2.366228e-02;2.960693e-02;2.026522e-02;2.986992e-02;1.746937e-02
2.431949e-01;9.563283e-02;2.980665e-01;4.028695e-02;2.221240e-02;3.839801e-02;6.192708e-02;3.781275e-02;4.423029e-02;2.722088e-02;5.642848e-02;3.458894e-02
1.858466e-01;8.706950e-02;2.734726e-01;4.730652e-02;4.507761e-02;4.346100e-02;9.831960e-02;3.589049e-02;4.620929e-02;4.718800e-02;5.679603e-02;3.336279e-02
1.505152e-01;1.216591e-01;4.383945e-01;3.754921e-02;3.638290e-02;2.790134e-02;5.581426e-02;1.984712e-02;2.889338e-02;3.174192e-02;2.840339e-02;2.289764e-02
1.879138e-01;1.714566e-01;4.615737e-01;2.952295e-02;1.606985e-02;1.527980e-02;2.335861e-02;1.367380e-02;2.145247e-02;2.098039e-02;2.041380e-02;1.830428e-02
1.838152e-01;1.926101e-01;4.630179e-01;2.409206e-02;1.530121e-02;9.347656e-03;3.034274e-02;2.118326e-02;2.241817e-02;1.067954e-02;1.323935e-02;1.395275e-02
1.199837e-01;1.975028e-01;5.222087e-01;2.710604e-02;1.265310e-02;1.108898e-02;2.523887e-02;2.037281e-02;2.901995e-02;8.357300e-03;1.368262e-02;1.278502e-02
6.223751e-02;1.836109e-01;5.653872e-01;3.202910e-02;2.197209e-02;1.976687e-02;2.129164e-02;2.079556e-02;3.900383e-02;1.348787e-02;8.695850e-03;1.172152e-02
1.002179e-01;1.840216e-01;5.299799e-01;3.116266e-02;1.754992e-02;2.053059e-02;1.779584e-02;1.884521e-02;4.438294e-02;1.531978e-02;8.391894e-03;1.180175e-02
1.545795e-01;1.970320e-01;4.672670e-01;2.569582e-02;9.303544e-03;1.815729e-02;2.003008e-02;1.620889e-02;5.096781e-02;1.817623e-02;1.164755e-02;1.093431e-02
2.145302e-01;1.745401e-01;3.895474e-01;2.271491e-02;1.037714e-02;1.526801e-02;2.367081e-02;3.268587e-02;5.254127e-02;1.876578e-02;1.907344e-02;2.628507e-02
2.371024e-01;1.499449e-01;3.629032e-01;1.742352e-02;1.609837e-02;1.391369e-02;3.970049e-02;3.770299e-02;4.376492e-02;2.200815e-02;2.592663e-02;3.351063e-02
1.790010e-01;1.252082e-01;4.208480e-01;2.782024e-02;2.783887e-02;1.920646e-02;5.718285e-02;3.271834e-02;3.140631e-02;1.973743e-02;3.039831e-02;2.863406e-02
1.363903e-01;1.013355e-01;4.389804e-01;4.040920e-02;2.613025e-02;2.548683e-02;5.317424e-02;2.972799e-02;2.784818e-02;2.807658e-02;4.371656e-02;4.872402e-02
1.054435e-01;6.756199e-02;3.424604e-01;4.925152e-02;2.108561e-02;2.706544e-02;5.552019e-02;3.153951e-02;3.565719e-02;5.256758e-02;8.898135e-02;1.228658e-01
7.500736e-02;4.957599e-02;1.460357e-01;4.751912e-02;3.563578e-02;4.757281e-02;1.062207e-01;4.509401e-02;5.964249e-02;8.588877e-02;1.381582e-01;1.636490e-01
4.344706e-02;4.556113e-02;8.015874e-02;4.048893e-02;4.881166e-02;6.887095e-02;1.146664e-01;8.720319e-02;1.079258e-01;1.212311e-01;1.287535e-01;1.128815e-01
5.580725e-02;4.050891e-02;1.126616e-01;4.614985e-02;3.263685e-02;5.885264e-02;1.213318e-01;1.083879e-01;1.409699e-01;1.034630e-01;1.066347e-01;7.259565e-02
5.612374e-02;5.513800e-02;1.477228e-01;5.169181e-02;3.913584e-02;3.880244e-02;1.533101e-01;1.060209e-01;1.212937e-01;8.009924e-02;9.859414e-02;5.206726e-02
3.821502e-02;4.588988e-02;2.022837e-01;7.478871e-02;9.635652e-02;5.114259e-02;1.337246e-01;7.866672e-02;6.976473e-02;8.414783e-02;8.997817e-02;3.504151e-02
5.382106e-02;4.959577e-02;1.517732e-01;7.296462e-02;1.286125e-01;4.725480e-02;1.108265e-01;6.194598e-02;8.153098e-02;1.055712e-01;7.619558e-02;5.990781e-02
7.610356e-02;5.288785e-02;1.971796e-01;6.287968e-02;1.174036e-01;6.242249e-02;8.262948e-02;6.978554e-02;7.545945e-02;9.199774e-02;6.467426e-02;4.657675e-02
9.447732e-02;6.994338e-02;3.121825e-01;5.282770e-02;8.253107e-02;4.474258e-02;7.325327e-02;4.436469e-02;4.573569e-02;7.961287e-02;6.596903e-02;3.435989e-02
9.023171e-02;6.307960e-02;3.187165e-01;5.072590e-02;8.673206e-02;3.824031e-02;1.219760e-01;3.405981e-02;4.541646e-02;6.489645e-02;5.709176e-02;2.883347e-02
6.657057e-02;5.281252e-02;2.947835e-01;4.071809e-02;9.619074e-02;4.383289e-02;1.765699e-01;3.818872e-02;4.979803e-02;6.067434e-02;5.274200e-02;2.711870e-02
4.767279e-02;4.349936e-02;1.659300e-01;4.801657e-02;9.851726e-02;5.947120e-02;2.134892e-01;4.703678e-02;7.285823e-02;7.714766e-02;8.438886e-02;4.197209e-02
7.838880e-02;6.608819e-02;1.167140e-01;8.433313e-02;1.112486e-01;3.987399e-02;1.710989e-01;4.354022e-02;7.842495e-02;8.387236e-02;7.960139e-02;4.681549e-02
1.049771e-01;6.644913e-02;1.683280e-01;6.468492e-02;9.797533e-02;3.743422e-02;1.187731e-01;5.909850e-02;5.146167e-02;7.707784e-02;8.195958e-02;7.178059e-02
