4.987713e-02;2.385374e-01;2.925589e-01;3.442337e-02;1.458589e-02;7.004515e-02;5.978574e-02;8.273163e-02;5.474631e-02;2.370266e-02;3.064775e-02;4.835804e-02
4.710761e-02;2.389492e-01;2.119931e-01;2.513966e-02;3.175037e-02;1.249006e-01;7.497991e-02;9.179296e-02;5.982911e-02;1.545883e-02;3.008762e-02;4.801105e-02
3.330193e-02;9.899440e-02;1.355256e-01;7.500164e-02;1.008887e-01;2.186835e-01;6.172996e-02;1.062830e-01;4.964267e-02;1.554417e-02;5.359056e-02;5.081391e-02
1.981253e-02;5.123148e-02;1.158136e-01;1.235865e-01;1.471635e-01;2.162019e-01;5.374807e-02;9.807568e-02;3.235442e-02;1.440573e-02;7.888039e-02;4.872610e-02
1.181856e-02;3.004019e-02;1.143019e-01;1.845523e-01;2.035643e-01;1.648592e-01;3.525278e-02;7.214966e-02;2.206904e-02;7.149438e-03;1.038830e-01;5.035967e-02
1.115936e-02;2.830048e-02;9.420650e-02;1.751441e-01;2.515219e-01;1.667905e-01;1.691445e-02;3.748777e-02;4.123507e-02;1.326734e-02;7.730082e-02;8.667158e-02
1.455330e-02;1.920846e-02;7.718428e-02;1.236411e-01;2.642017e-01;2.297759e-01;3.667439e-02;2.167054e-02;5.000434e-02;1.515078e-02;1.978154e-02;1.281537e-01
1.871942e-02;2.097000e-02;9.769352e-02;1.254981e-01;2.370504e-01;2.571936e-01;2.998124e-02;2.110145e-02;3.405260e-02;1.480902e-02;2.992518e-02;1.130055e-01
1.789835e-02;5.023310e-02;1.532263e-01;1.492905e-01;1.873570e-01;2.643117e-01;2.450640e-02;2.706044e-02;1.601079e-02;1.223327e-02;5.221887e-02;4.565332e-02
1.363048e-02;5.908147e-02;1.823807e-01;1.437404e-01;1.168095e-01;2.807438e-01;2.407610e-02;2.144517e-02;2.897831e-02;1.702876e-02;6.091195e-02;5.117325e-02
2.757428e-02;7.781765e-02;1.350289e-01;1.390927e-01;7.428934e-02;2.652315e-01;2.344450e-02;4.408594e-02;3.627691e-02;2.751709e-02;6.813543e-02;8.150580e-02
5.578427e-02;1.194962e-01;1.386490e-01;5.821843e-02;6.638116e-02;2.094303e-01;4.973227e-02;1.043740e-01;5.820642e-02;3.479131e-02;5.807756e-02;4.685904e-02
5.790324e-02;1.245100e-01;1.428742e-01;4.892941e-02;4.632580e-02;1.571845e-01;6.655138e-02;1.276364e-01;6.471771e-02;4.356077e-02;6.463530e-02;5.517125e-02
5.566069e-02;1.197207e-01;1.407787e-01;5.316579e-02;4.452966e-02;1.352553e-01;7.091293e-02;1.403399e-01;6.727064e-02;5.039449e-02;6.661265e-02;5.535855e-02
4.622412e-02;1.269807e-01;1.325119e-01;6.137772e-02;7.293520e-02;1.206984e-01;7.477120e-02;1.598561e-01;5.893204e-02;4.806108e-02;5.202065e-02;4.563094e-02
3.177316e-02;1.486744e-01;1.666957e-01;6.180841e-02;9.137700e-02;1.455750e-01;6.788362e-02;1.453435e-01;5.876713e-02;3.199860e-02;2.447688e-02;2.562669e-02
2.302596e-02;1.372691e-01;1.830538e-01;4.133307e-02;1.095090e-01;1.093200e-01;7.441812e-02;1.485139e-01;8.642164e-02;3.745472e-02;2.616376e-02;2.351690e-02
3.964581e-02;6.409878e-02;8.207535e-02;4.428939e-02;1.263075e-01;2.189711e-01;1.147390e-01;1.252258e-01;7.881889e-02;4.479993e-02;3.165222e-02;2.937622e-02
5.540354e-02;5.539874e-02;4.085039e-02;4.582718e-02;9.043332e-02;3.468423e-01;1.210237e-01;1.229387e-01;3.864470e-02;3.852883e-02;2.175148e-02;2.235707e-02
5.858770e-02;3.789866e-02;3.388329e-02;3.557639e-02;8.050928e-02;4.277667e-01;1.085591e-01;1.111489e-01;3.576117e-02;3.663794e-02;1.357814e-02;2.009263e-02
4.196851e-02;1.999608e-02;4.587100e-02;5.708254e-02;1.279801e-01;3.648505e-01;9.865740e-02;9.987213e-02;5.323639e-02;2.507450e-02;2.088731e-02;4.452365e-02
1.304062e-02;4.429218e-02;9.864322e-02;1.047757e-01;2.080719e-01;2.215155e-01;7.677056e-02;9.316928e-02;5.155476e-02;1.724799e-02;2.382462e-02;4.709375e-02
7.753079e-03;3.010238e-02;6.651317e-02;8.177954e-02;2.318632e-01;3.521259e-01;3.436219e-02;4.538312e-02;3.350787e-02;1.564982e-02;6.989357e-03;9.397037e-02
1.385499e-02;1.858438e-02;6.113712e-02;9.678151e-02;2.362051e-01;3.031288e-01;2.181386e-02;2.664806e-02;3.405057e-02;2.240174e-02;4.574229e-02;1.196515e-01
1.137621e-02;3.490436e-02;8.128849e-02;1.544376e-01;1.934743e-01;2.066809e-01;1.349720e-02;3.631492e-02;2.316381e-02;2.414637e-02;1.301156e-01;9.060014e-02
7.500625e-03;4.396471e-02;1.439457e-01;1.978564e-01;1.183383e-01;1.307079e-01;1.316919e-02;4.035130e-02;9.288074e-03;2.566892e-02;2.222366e-01;4.697223e-02
2.773010e-02;4.712761e-02;2.413239e-01;1.906074e-01;4.445012e-02;7.672928e-02;1.400516e-02;2.946067e-02;1.488397e-02;4.155668e-02;2.432192e-01;2.890596e-02
5.887171e-02;6.892801e-02;3.462062e-01;1.359269e-01;2.713463e-02;6.175575e-02;1.516539e-02;1.770645e-02;2.181671e-02;7.719076e-02;1.510599e-01;1.823766e-02
7.831351e-02;1.078225e-01;4.220421e-01;8.528243e-02;8.749560e-03;4.879179e-02;3.706052e-02;2.311040e-02;1.922209e-02;1.088569e-01;4.787860e-02;1.286961e-02
7.098758e-02;1.639680e-01;4.279675e-01;5.098541e-02;2.225598e-02;3.718363e-02;3.761935e-02;2.321749e-02;1.912687e-02;1.045802e-01;2.598771e-02;1.612023e-02
5.608664e-02;2.171782e-01;3.599028e-01;5.016398e-02;3.355612e-02;4.964069e-02;3.048898e-02;2.402110e-02;2.863969e-02;7.439139e-02;5.760770e-02;1.832271e-02
5.169965e-02;2.421185e-01;2.560686e-01;5.145181e-02;4.048797e-02;9.518827e-02;2.482225e-02;3.738039e-02;3.703709e-02;5.441942e-02;8.325000e-02;2.607606e-02
5.307825e-02;1.550941e-01;1.263916e-01;1.009654e-01;1.263100e-01;1.601656e-01;3.494140e-02;4.039702e-02;3.020659e-02;5.549975e-02;8.611945e-02;3.083085e-02
2.805122e-02;1.111832e-01;2.080069e-01;8.395450e-02;1.553104e-01;1.606131e-01;2.367662e-02;1.872405e-02;2.660476e-02;6.824078e-02;9.227873e-02;2.335562e-02
2.837370e-02;1.400228e-01;2.854052e-01;4.484088e-02;1.288593e-01;9.170474e-02;2.752951e-02;1.766214e-02;1.835226e-02;7.010525e-02;1.254656e-01;2.167859e-02
2.419166e-02;1.283909e-01;3.217512e-01;4.525032e-02;1.037669e-01;1.043174e-01;3.147442e-02;2.860192e-02;1.175157e-02;5.321922e-02;1.182274e-01;2.905709e-02
3.227516e-02;1.168717e-01;2.539963e-01;1.371280e-01;1.116429e-01;1.223641e-01;3.673796e-02;3.896838e-02;2.616804e-02;3.426246e-02;6.275768e-02;2.682725e-02
3.271784e-02;1.221343e-01;2.105280e-01;1.525202e-01;1.195605e-01;1.807432e-01;4.822448e-02;3.266097e-02;3.654148e-02;1.637786e-02;3.249178e-02;1.549945e-02
4.106891e-02;1.084548e-01;2.366117e-01;9.507870e-02;6.695365e-02;2.237977e-01;2.461296e-02;4.535710e-02;3.382776e-02;3.530167e-02;5.856533e-02;3.036969e-02
5.238126e-02;1.588303e-01;1.993411e-01;7.480845e-02;4.457224e-02;1.451190e-01;3.290408e-02;9.056263e-02;4.987806e-02;5.173894e-02;6.744821e-02;3.241578e-02
5.416434e-02;1.609136e-01;1.734786e-01;8.253928e-02;5.016431e-02;1.283069e-01;4.638105e-02;9.895346e-02;6.206565e-02;3.996027e-02;6.520910e-02;3.786353e-02
6.169548e-02;9.256507e-02;1.264657e-01;1.045147e-01;3.686921e-02;1.711277e-01;8.237291e-02;1.188622e-01;6.644257e-02;2.961207e-02;6.127964e-02;4.819268e-02
5.312675e-02;9.665679e-02;1.018932e-01;7.541406e-02;3.651231e-02;1.058158e-01;1.931818e-01;1.044008e-01;5.411567e-02;2.833089e-02;5.926901e-02;9.128302e-02
6.385265e-02;1.178642e-01;7.065019e-02;5.223780e-02;2.492593e-02;7.212587e-02;2.518308e-01;7.033562e-02;3.658399e-02;2.518685e-02;5.179600e-02;1.626101e-01
5.202603e-02;1.089702e-01;4.540503e-02;3.618511e-02;1.307905e-02;9.486514e-02;2.932203e-01;6.182790e-02;2.553794e-02;2.896095e-02;3.259778e-02;2.073247e-01
4.562413e-02;1.112919e-01;7.226132e-02;3.784285e-02;1.410708e-02;9.832154e-02;3.084821e-01;4.273533e-02;2.713996e-02;1.592053e-02;3.287479e-02;1.933985e-01
4.803320e-02;1.363651e-01;7.403614e-02;3.488031e-02;1.294423e-02;9.479353e-02;3.224315e-01;3.900288e-02;2.785316e-02;1.264932e-02;1.966523e-02;1.773454e-01
5.212566e-02;1.206913e-01;4.419379e-02;3.373194e-02;2.308184e-02;1.408694e-01;2.743733e-01;7.113012e-02;3.561087e-02;2.624540e-02;2.904858e-02;1.488977e-01
5.442787e-02;1.207133e-01;7.030999e-02;4.670760e-02;3.406841e-02;1.518746e-01;1.808027e-01;7.429437e-02;4.054065e-02;3.022054e-02;7.107966e-02;1.249604e-01
4.971331e-02;1.196996e-01;9.397361e-02;4.438120e-02;5.299320e-02;1.716987e-01;9.104874e-02;7.961900e-02;6.240334e-02;3.569615e-02;1.098629e-01;8.891024e-02
4.623608e-02;6.797919e-02;8.848496e-02;3.135681e-02;6.057052e-02;2.265645e-01;1.063607e-01;6.691393e-02;1.007779e-01;5.018202e-02;8.836653e-02;6.620678e-02
3.166990e-02;1.002635e-01;9.541362e-02;4.636779e-02;2.085102e-02;2.093247e-01;1.378194e-01;6.493931e-02;1.263396e-01;5.783643e-02;4.334859e-02;6.582615e-02
1.973224e-02;1.073095e-01;1.470275e-01;6.003629e-02;5.784724e-02;1.461494e-01;1.340019e-01;7.687329e-02;1.170804e-01;4.421483e-02;4.317255e-02;4.655483e-02
2.418921e-02;9.421331e-02;1.470154e-01;6.431183e-02;6.780457e-02;1.611904e-01;1.200717e-01;7.027411e-02;1.097603e-01;3.432631e-02;5.499019e-02;5.185261e-02
3.570006e-02;1.216150e-01;1.378372e-01;6.952722e-02;4.357013e-02;1.091017e-01;1.217157e-01;6.587066e-02;1.161188e-01;4.168851e-02;8.208211e-02;5.517288e-02
4.129436e-02;1.319983e-01;1.156020e-01;6.648511e-02;4.843130e-02;9.948173e-02;1.736371e-01;6.033157e-02;9.709846e-02;4.413136e-02;7.373972e-02;4.776896e-02
4.926207e-02;1.413499e-01;1.083615e-01;4.489612e-02;3.113305e-02;1.211452e-01;2.047673e-01;8.233576e-02;6.559047e-02;3.547472e-02;3.776637e-02;7.791757e-02
6.978941e-02;1.922767e-01;7.049813e-02;3.346462e-02;1.917939e-02;7.247268e-02;2.027486e-01;9.270976e-02;4.013898e-02;3.594907e-02;3.447690e-02;1.362957e-01
8.865844e-02;1.737690e-01;4.859500e-02;3.476506e-02;1.796311e-02;7.181713e-02;1.815033e-01;1.409924e-01;3.693205e-02;3.660285e-02;2.419505e-02;1.442065e-01
1.293876e-01;1.118802e-01;6.750864e-02;3.646334e-02;3.184938e-02;7.315977e-02;1.337040e-01;2.313801e-01;4.178833e-02;3.242953e-02;1.737067e-02;9.307840e-02
1.680250e-01;1.471622e-01;8.744954e-02;2.256061e-02;4.414752e-02;5.254440e-02;9.956787e-02;2.470723e-01;3.946506e-02;2.307301e-02;1.988869e-02;4.904379e-02
1.579793e-01;2.425833e-01;9.364942e-02;1.813719e-02;4.031999e-02;4.526976e-02;7.542177e-02;1.876024e-01;5.893699e-02;1.549874e-02;3.315172e-02;3.144943e-02
9.007290e-02;3.227659e-01;1.476334e-01;1.951611e-02;2.763429e-02;5.782624e-02;5.072933e-02;9.236954e-02;9.744100e-02;2.504002e-02;3.463144e-02;3.433983e-02
3.982452e-02;3.221997e-01;1.858778e-01;2.306357e-02;1.880316e-02;9.039380e-02;3.857343e-02;4.638631e-02;1.112941e-01;5.435012e-02;2.554809e-02;4.368546e-02
4.330879e-02;2.540523e-01;1.791402e-01;2.723393e-02;2.723289e-02;1.060093e-01;2.444841e-02;8.175748e-02;1.046621e-01;6.090800e-02;2.864903e-02;6.259754e-02
4.103672e-02;1.482912e-01;1.432683e-01;7.573387e-02;9.898728e-02;1.563472e-01;5.554292e-02;7.453524e-02;5.055172e-02;3.328675e-02;5.388023e-02;6.853854e-02
3.192164e-02;9.708615e-02;1.197420e-01;1.270337e-01;1.577316e-01;1.890273e-01;4.686138e-02;6.507047e-02;2.849922e-02;1.412885e-02;6.426349e-02;5.863422e-02
2.296978e-02;8.231913e-02;1.183552e-01;1.400210e-01;2.182678e-01;1.309939e-01;3.261420e-02;4.649893e-02;3.113041e-02;1.571272e-02;6.868985e-02;9.242703e-02
1.923155e-02;6.986289e-02;7.507852e-02;1.211042e-01;2.678997e-01;1.565315e-01;2.901733e-02;2.217174e-02;3.600217e-02;1.675523e-02;3.996973e-02;1.463754e-01
1.822884e-02;7.326841e-02;1.147650e-01;1.160776e-01;2.491890e-01;1.523187e-01;3.881618e-02;1.868501e-02;2.579158e-02;8.033059e-03;2.356231e-02;1.612643e-01
2.419602e-02;7.272646e-02;1.085428e-01;1.207501e-01;2.215412e-01;1.675610e-01;3.681499e-02;3.392884e-02;2.719210e-02;5.461907e-03;3.259242e-02;1.486922e-01
3.317329e-02;1.145898e-01;1.375121e-01;1.212118e-01;1.583183e-01;1.723800e-01;3.707437e-02;3.741356e-02;1.691345e-02;1.435162e-02;5.913013e-02;9.793156e-02
3.738943e-02;1.093034e-01;1.709100e-01;1.073346e-01;9.187204e-02;2.232593e-01;4.797762e-02;5.491765e-02;1.814853e-02;2.647007e-02;7.081477e-02;4.160248e-02
3.584768e-02;8.144246e-02;1.418680e-01;9.820911e-02;6.554595e-02;2.360422e-01;1.072550e-01;7.621677e-02;2.983980e-02;3.224312e-02;4.133659e-02;5.415333e-02
5.452577e-02;1.064727e-01;1.400778e-01;8.908352e-02;8.380463e-02;1.890602e-01;1.056925e-01;7.003549e-02;3.930942e-02;2.496472e-02;2.422978e-02;7.274343e-02
6.138903e-02;1.517868e-01;1.010515e-01;7.854465e-02;1.020142e-01;2.127828e-01;6.280699e-02;9.239798e-02;3.879495e-02;1.806438e-02;2.295837e-02;5.740833e-02
5.965044e-02;1.092609e-01;1.277312e-01;7.980952e-02;1.647705e-01;1.705673e-01;4.577326e-02;8.690926e-02;4.172475e-02;1.842138e-02;3.072601e-02;6.465551e-02
5.095693e-02;1.728814e-01;2.040966e-01;8.470487e-02;1.478977e-01;6.785273e-02;7.078695e-02;4.514582e-02;4.312965e-02;3.318043e-02;3.957028e-02;3.979659e-02
5.402090e-02;1.672666e-01;1.818846e-01;1.048689e-01;1.443373e-01;8.583261e-02;4.903867e-02;6.368912e-02;4.522208e-02;4.104188e-02;3.564307e-02;2.715434e-02
6.248828e-02;1.164912e-01;1.197396e-01;9.246483e-02;1.992491e-01;1.029278e-01;3.391366e-02;7.892793e-02;5.221704e-02;4.801925e-02;4.336004e-02;5.020127e-02
5.341735e-02;1.832535e-01;1.688178e-01;6.415299e-02;1.361976e-01;6.895734e-02;5.622493e-02;7.827104e-02;6.658228e-02;4.587207e-02;4.058226e-02;3.767084e-02
8.111503e-02;1.799266e-01;1.779282e-01;4.859934e-02;6.540062e-02;4.961694e-02;7.719848e-02;1.237432e-01;6.888784e-02;4.269515e-02;3.323601e-02;5.165264e-02
9.851428e-02;1.485960e-01;1.213596e-01;3.119086e-02;3.974199e-02;6.526829e-02;1.352728e-01;1.540106e-01;5.586505e-02;3.996310e-02;2.519102e-02;8.502639e-02
8.287585e-02;9.945130e-02;6.697888e-02;3.213627e-02;3.649052e-02;1.184219e-01;2.069457e-01;1.401951e-01;3.669056e-02;2.721947e-02;3.968160e-02;1.129129e-01
4.652690e-02;4.934963e-02;6.071778e-02;4.096492e-02;5.846154e-02;2.345777e-01;1.803520e-01;9.554160e-02;4.207689e-02;2.239120e-02;6.727512e-02;1.017648e-01
3.285678e-02;5.729872e-02;1.111333e-01;3.064766e-02;5.130786e-02;3.410056e-01;8.211052e-02;4.699825e-02;4.959265e-02;2.259735e-02;1.266881e-01;4.776328e-02
2.997125e-02;3.511754e-02;1.074029e-01;2.158105e-02;2.619066e-02;3.889436e-01;4.683375e-02;2.593099e-02;4.940255e-02;2.360162e-02;1.803323e-01;6.469180e-02
2.354650e-02;3.783070e-02;7.291964e-02;2.308604e-02;1.843282e-02;3.493849e-01;1.088520e-01;3.509209e-02;3.611048e-02;3.524863e-02;2.119775e-01;4.751867e-02
2.022751e-02;4.638426e-02;4.979567e-02;2.507716e-02;4.342431e-02;3.319938e-01;8.540551e-02;5.045009e-02;3.629170e-02;4.228670e-02;2.359739e-01;3.268940e-02
1.914318e-02;4.649467e-02;3.686985e-02;2.627753e-02;5.657714e-02;3.353183e-01;3.788990e-02;5.290806e-02;4.108981e-02;7.127986e-02;2.574935e-01;1.865812e-02
2.374107e-02;6.777645e-02;5.587389e-02;2.642371e-02;6.796075e-02;3.041540e-01;3.558755e-02;4.434524e-02;5.120477e-02;7.675987e-02;2.336774e-01;1.249519e-02
2.772753e-02;9.082741e-02;7.429176e-02;2.524154e-02;9.670848e-02;2.823288e-01;3.072719e-02;5.463516e-02;7.284448e-02;5.185674e-02;1.689316e-01;2.387924e-02
3.527877e-02;1.088703e-01;7.581966e-02;3.851388e-02;1.050810e-01;2.058181e-01;4.760645e-02;9.858663e-02;1.058892e-01;5.550728e-02;9.329496e-02;2.973370e-02
4.926729e-02;1.261103e-01;6.083219e-02;5.552090e-02;7.342422e-02;9.415597e-02;1.605560e-01;1.274797e-01;1.147207e-01;4.803575e-02;6.059895e-02;2.929798e-02
4.840138e-02;1.248764e-01;6.272148e-02;2.387468e-02;3.206242e-02;2.226000e-01;1.779002e-01;6.090756e-02;7.799581e-02;4.290264e-02;8.274212e-02;4.301529e-02
6.102209e-02;9.389496e-02;9.659246e-02;2.259706e-02;6.611651e-02;1.720258e-01;1.059574e-01;5.343177e-02;6.235228e-02;6.584469e-02;1.443017e-01;5.586329e-02
6.299373e-02;6.674428e-02;9.895264e-02;2.733976e-02;8.356471e-02;1.713521e-01;8.390304e-02;7.539692e-02;5.452229e-02;5.270214e-02;1.967036e-01;2.582481e-02
4.131257e-02;1.175772e-01;7.299997e-02;1.897798e-02;8.548824e-02;2.349282e-01;6.502959e-02;6.373228e-02;4.567673e-02;3.538147e-02;1.822682e-01;3.662750e-02
3.716595e-02;1.273937e-01;5.863322e-02;3.297837e-02;6.772711e-02;2.869458e-01;2.868370e-02;7.127066e-02;4.942028e-02;4.196646e-02;1.578892e-01;3.992557e-02
5.277080e-02;1.247058e-01;5.046554e-02;4.516115e-02;6.079636e-02;2.227305e-01;1.091797e-01;9.184743e-02;6.452316e-02;3.060314e-02;9.621616e-02;5.100024e-02
7.117809e-02;1.525395e-01;1.038565e-01;5.806900e-02;9.101250e-02;1.589764e-01;6.956182e-02;8.717728e-02;5.663648e-02;4.095748e-02;4.040280e-02;6.963211e-02
6.060139e-02;1.631559e-01;1.100423e-01;3.169216e-02;5.928236e-02;2.158628e-01;5.557452e-02;5.514329e-02;5.210312e-02;6.470975e-02;7.088793e-02;6.094447e-02
6.309851e-02;1.454530e-01;9.093587e-02;2.657958e-02;3.917735e-02;2.276621e-01;5.414871e-02;8.326147e-02;5.312577e-02;7.037792e-02;9.110069e-02;5.507905e-02
6.236254e-02;1.023700e-01;5.417632e-02;1.551994e-02;2.560354e-02;2.581623e-01;1.091192e-01;9.704012e-02;4.904848e-02;4.740409e-02;1.217669e-01;5.742663e-02
6.396813e-02;1.394963e-01;1.513575e-01;4.245930e-02;3.141759e-02;1.541077e-01;6.927581e-02;1.162047e-01;7.734273e-02;3.192251e-02;7.445887e-02;4.798893e-02
5.234627e-02;1.334225e-01;1.424895e-01;4.993443e-02;3.252096e-02;1.596838e-01;1.428875e-01;1.104029e-01;6.085191e-02;1.828193e-02;5.374727e-02;4.343097e-02
3.658744e-02;7.636975e-02;1.036593e-01;4.181930e-02;2.242149e-02;2.560648e-01;1.677305e-01;8.713483e-02;5.549503e-02;2.676594e-02;7.217394e-02;5.377771e-02
2.203634e-02;3.599004e-02;5.982491e-02;2.458680e-02;4.856586e-02;3.776650e-01;1.197967e-01;5.314050e-02;8.048452e-02;3.366466e-02;1.028437e-01;4.140100e-02
3.105163e-02;4.395279e-02;5.203244e-02;1.461764e-02;4.267344e-02;4.152161e-01;8.126696e-02;3.316089e-02;1.000853e-01;4.272045e-02;1.121967e-01;3.102565e-02
5.979279e-02;3.100740e-02;2.741543e-02;2.495443e-02;6.668730e-02;3.748105e-01;6.058199e-02;5.762576e-02;9.714524e-02;4.904381e-02;1.131578e-01;3.777756e-02
8.030353e-02;6.608656e-02;4.148810e-02;3.348523e-02;9.132437e-02;2.958858e-01;7.437281e-02;4.441979e-02;7.394934e-02;5.091632e-02;1.099913e-01;3.777687e-02
9.035855e-02;8.391443e-02;4.595428e-02;3.369223e-02;7.027756e-02;2.746659e-01;8.288273e-02;5.940142e-02;8.352067e-02;5.045114e-02;9.814434e-02;2.673682e-02
7.172842e-02;8.114752e-02;5.456634e-02;4.091164e-02;7.046567e-02;3.001471e-01;6.616666e-02;5.923443e-02;8.739336e-02;4.984297e-02;8.695336e-02;3.144249e-02
4.629952e-02;7.249400e-02;3.660827e-02;3.919283e-02;7.701229e-02;2.782031e-01;6.521748e-02;6.709188e-02;1.224842e-01;5.069458e-02;9.294705e-02;5.175487e-02
7.365340e-02;7.069692e-02;3.160182e-02;2.187452e-02;4.638905e-02;2.173810e-01;7.365845e-02;7.819802e-02;1.526640e-01;5.586084e-02;1.132600e-01;6.476197e-02
8.408143e-02;8.295882e-02;4.792390e-02;1.246023e-02;3.538787e-02;1.358677e-01;6.692995e-02;7.745761e-02;1.654023e-01;6.272893e-02;1.518510e-01;7.695030e-02
6.272034e-02;8.859267e-02;8.977867e-02;3.884420e-02;5.989983e-02;8.125798e-02;4.052891e-02;7.817188e-02;1.645709e-01;6.521540e-02;1.467288e-01;8.369046e-02
4.171778e-02;1.364014e-01;1.071451e-01;4.269781e-02;6.306969e-02;1.095438e-01;2.831670e-02;8.556932e-02;1.671278e-01;6.204188e-02;9.526114e-02;6.110756e-02
4.616689e-02;1.463694e-01;8.239609e-02;4.150492e-02;2.769432e-02;1.719572e-01;6.868438e-02;7.870060e-02;1.618780e-01;6.136883e-02;6.320491e-02;5.007440e-02
4.610213e-02;1.232580e-01;7.339826e-02;5.358285e-02;7.143611e-02;1.729222e-01;8.952682e-02;9.612577e-02;1.498810e-01;5.109254e-02;3.436352e-02;3.831079e-02
4.139727e-02;1.341017e-01;9.122724e-02;4.036469e-02;7.230766e-02;2.042932e-01;9.327964e-02;7.384875e-02;1.109171e-01;4.814470e-02;4.352280e-02;4.659535e-02
3.277908e-02;8.869401e-02;7.385433e-02;2.515830e-02;3.316296e-02;2.664003e-01;1.181533e-01;5.530461e-02;9.967955e-02;5.040655e-02;8.977335e-02;6.663371e-02
2.970738e-02;4.575262e-02;6.193957e-02;2.340396e-02;2.858530e-02;2.977700e-01;1.300880e-01;3.919505e-02;9.293006e-02;5.460542e-02;1.276938e-01;6.832882e-02
3.491854e-02;5.648108e-02;5.744709e-02;2.126768e-02;3.628822e-02;3.047219e-01;1.095470e-01;5.193513e-02;9.734277e-02;4.801719e-02;1.219924e-01;6.004094e-02
2.848142e-02;7.135387e-02;4.555317e-02;1.894053e-02;2.937061e-02;3.172027e-01;8.283462e-02;1.088900e-01;1.137055e-01;3.789018e-02;9.872729e-02;4.704995e-02
3.290961e-02;9.065893e-02;5.584366e-02;1.468494e-02;2.140507e-02;3.314889e-01;5.628199e-02;1.310002e-01;1.121649e-01;3.553804e-02;7.889506e-02;3.912869e-02
3.199654e-02;1.076313e-01;4.713580e-02;9.026643e-03;5.603968e-02;2.953731e-01;8.607660e-02;1.153477e-01;1.134581e-01;5.476098e-02;4.145962e-02;4.169402e-02
2.763880e-02;6.507314e-02;6.470549e-02;1.733299e-02;8.237915e-02;2.095193e-01;1.132582e-01;6.386894e-02;1.405181e-01;6.757500e-02;9.026462e-02;5.786633e-02
2.638656e-02;7.357326e-02;8.629034e-02;3.477234e-02;9.542717e-02;7.215455e-02;8.361620e-02;8.531079e-02;1.568705e-01;7.166141e-02;1.248694e-01;8.906744e-02
2.306231e-02;9.924255e-02;1.122297e-01;3.695202e-02;4.544042e-02;1.881992e-01;7.223962e-02;7.630783e-02;1.162305e-01;5.643427e-02;1.057823e-01;6.787924e-02
2.153264e-02;9.490635e-02;1.209685e-01;4.462963e-02;2.730941e-02;2.327800e-01;4.889211e-02;9.727861e-02;1.293664e-01;5.782772e-02;8.546923e-02;3.903942e-02
2.222885e-02;1.067015e-01;8.918370e-02;4.031575e-02;3.998222e-02;2.386419e-01;9.984792e-02;1.191633e-01;1.262310e-01;4.836418e-02;5.279509e-02;1.654459e-02
2.762517e-02;1.127745e-01;8.253541e-02;4.076064e-02;1.920293e-02;2.232264e-01;1.040606e-01;1.229705e-01;1.266576e-01;5.532134e-02;4.297105e-02;4.189389e-02
2.761168e-02;1.227798e-01;1.407916e-01;3.432019e-02;5.049666e-02;1.462847e-01;7.457400e-02;1.038091e-01;1.437171e-01;5.063930e-02;5.494814e-02;5.002765e-02
2.528988e-02;1.174101e-01;1.260539e-01;3.147737e-02;7.202464e-02;1.312328e-01;7.040870e-02;1.224139e-01;1.500736e-01;5.031050e-02;6.064398e-02;4.266058e-02
2.094666e-02;8.412685e-02;6.580294e-02;2.084195e-02;9.166981e-02;1.644303e-01;6.640218e-02;1.155081e-01;1.970827e-01;7.625033e-02;6.106645e-02;3.587177e-02
2.310563e-02;9.951580e-02;4.832833e-02;2.632571e-02;1.223401e-01;1.206021e-01;2.604880e-02;1.256446e-01;2.479743e-01;9.181920e-02;3.487498e-02;3.342048e-02
1.700711e-02;8.096216e-02;2.731580e-02;3.763173e-02;1.422258e-01;1.176627e-01;1.957498e-02;1.455448e-01;2.578274e-01;9.445331e-02;3.383866e-02;2.595560e-02
1.169275e-02;6.447040e-02;3.936061e-02;3.967478e-02;1.338202e-01;1.202189e-01;2.226605e-02;1.379479e-01;2.665464e-01;9.116741e-02;4.783776e-02;2.499674e-02
1.864888e-02;5.416328e-02;6.103020e-02;5.867255e-02;1.131808e-01;8.751856e-02;3.967717e-02;1.432604e-01;2.889594e-01;7.472417e-02;3.609782e-02;2.406683e-02
3.198380e-02;6.456796e-02;6.906127e-02;7.586854e-02;9.239745e-02;8.783220e-02;3.033089e-02;1.582633e-01;2.986332e-01;4.828130e-02;2.096896e-02;2.181119e-02
4.769571e-02;6.799049e-02;5.687561e-02;9.345949e-02;7.146433e-02;7.510798e-02;3.211937e-02;1.727718e-01;3.156388e-01;3.447409e-02;1.259112e-02;1.981122e-02
5.285317e-02;4.652304e-02;7.407174e-02;1.047460e-01;4.376331e-02;5.220406e-02;3.964490e-02;2.001979e-01;3.024802e-01;3.771300e-02;2.534280e-02;2.045989e-02
4.683894e-02;3.748045e-02;6.247937e-02;1.185555e-01;3.003629e-02;8.306902e-02;4.107656e-02;2.091326e-01;2.823513e-01;3.334694e-02;3.533848e-02;2.029464e-02
3.795965e-02;5.980752e-02;5.824464e-02;1.291213e-01;4.426260e-02;1.267177e-01;3.327418e-02;1.959456e-01;2.410587e-01;1.814247e-02;3.144317e-02;2.402250e-02
3.809035e-02;4.898315e-02;6.189781e-02;1.479568e-01;5.548513e-02;1.056719e-01;1.967086e-02;1.892205e-01;2.605294e-01;2.760817e-02;2.753831e-02;1.734767e-02
4.067381e-02;2.794364e-02;4.072900e-02;1.583019e-01;1.277605e-01;3.961057e-02;4.882132e-02;1.759359e-01;2.861425e-01;2.040233e-02;2.073684e-02;1.294177e-02
3.368641e-02;2.960094e-02;2.943906e-02;1.425170e-01;1.291697e-01;4.849351e-02;4.887984e-02;1.638968e-01;3.050359e-01;4.027081e-02;1.513359e-02;1.387648e-02
2.561894e-02;2.714588e-02;2.474997e-02;1.107377e-01;1.233853e-01;8.671074e-02;3.320254e-02;1.721990e-01;3.114948e-01;4.689233e-02;2.155955e-02;1.630330e-02
2.292959e-02;3.727141e-02;2.986203e-02;8.360251e-02;9.809618e-02;1.045742e-01;1.838100e-02;1.861944e-01;3.096028e-01;5.004032e-02;4.315590e-02;1.628973e-02
1.995767e-02;4.396544e-02;6.183987e-02;6.765788e-02;3.262221e-02;1.077957e-01;1.225302e-02;2.161059e-01;2.917204e-01;5.430131e-02;6.572859e-02;2.605199e-02
3.101320e-02;6.473283e-02;9.578261e-02;7.264489e-02;7.889690e-02;8.854877e-02;2.910336e-02;1.877321e-01;2.020680e-01;5.402265e-02;6.116905e-02;3.428568e-02
4.931403e-02;8.338522e-02;8.981693e-02;1.771240e-01;1.313516e-01;9.248820e-02;5.082664e-02;9.991426e-02;9.711424e-02;4.465118e-02;4.517465e-02;3.883910e-02
4.115985e-02;1.144919e-01;1.246383e-01;2.328938e-01;1.142533e-01;1.072503e-01;5.183337e-02;8.087064e-02;3.323470e-02;4.369789e-02;2.158381e-02;3.409200e-02
3.280564e-02;9.605610e-02;1.065900e-01;2.361222e-01;1.384529e-01;8.094484e-02;2.938839e-02;6.339626e-02;8.855284e-02;5.067673e-02;4.413360e-02;3.288059e-02
3.412623e-02;8.923508e-02;9.508033e-02;2.234898e-01;1.148702e-01;4.754041e-02;4.241853e-02;7.642873e-02;1.368761e-01;4.683703e-02;5.141164e-02;4.168599e-02
5.642372e-02;6.614231e-02;1.265394e-01;1.976137e-01;1.134028e-01;7.790276e-02;3.208788e-02;5.989550e-02;1.325309e-01;4.305451e-02;4.249295e-02;5.191367e-02
8.043150e-02;8.669949e-02;1.425350e-01;1.528685e-01;8.231644e-02;9.053002e-02;3.449430e-02;5.472376e-02;1.403059e-01;4.253165e-02;4.707939e-02;4.548399e-02
5.558938e-02;1.018156e-01;1.082451e-01;1.111850e-01;7.326446e-02;1.107816e-01;5.437062e-02;9.149526e-02;1.405213e-01;5.336364e-02;6.689084e-02;3.247727e-02
4.234158e-02;7.177678e-02;9.055609e-02;1.375315e-01;1.309347e-01;7.100672e-02;6.660923e-02;1.275898e-01;1.196585e-01;4.748949e-02;6.761768e-02;2.688785e-02
6.570203e-02;1.114066e-01;1.155620e-01;1.456441e-01;1.074252e-01;8.274198e-02;2.954807e-02;1.314544e-01;8.574728e-02;2.869473e-02;5.168624e-02;4.438729e-02
4.357449e-02;1.167083e-01;1.476883e-01;8.267279e-02;5.891238e-02;1.778728e-01;3.869780e-02;1.807286e-01;6.914131e-02;2.203635e-02;3.913987e-02;2.282710e-02
5.479893e-02;1.316069e-01;1.298615e-01;3.779693e-02;3.622540e-02;1.581157e-01;1.113054e-01;1.937404e-01;5.548204e-02;3.050931e-02;2.484037e-02;3.571709e-02
6.403671e-02;1.517695e-01;1.211996e-01;3.884955e-02;1.875048e-02;9.792257e-02;1.768696e-01;1.533769e-01;5.346562e-02;3.102853e-02;2.453980e-02;6.819116e-02
6.039027e-02;1.448820e-01;7.417031e-02;4.597088e-02;1.141349e-02;4.481235e-02;3.012036e-01;1.095941e-01;3.523587e-02;2.280142e-02;2.644761e-02;1.230781e-01
4.087050e-02;1.109156e-01;2.660285e-02;4.322612e-02;1.670372e-02;5.372100e-02;4.253598e-01;6.655620e-02;2.168571e-02;1.265335e-02;1.472156e-02;1.669836e-01
3.032335e-02;1.113181e-01;3.335102e-02;3.926384e-02;9.570307e-03;5.534877e-02;4.340487e-01;6.931433e-02;2.540126e-02;1.629024e-02;1.430073e-02;1.614694e-01
3.695482e-02;1.082305e-01;4.968223e-02;4.248211e-02;5.627378e-03;3.362869e-02;4.079589e-01;9.245738e-02;2.991171e-02;2.914294e-02;1.531555e-02;1.486077e-01
5.376960e-02;8.925219e-02;2.754192e-02;4.106475e-02;1.478774e-02;4.917433e-02;3.604551e-01;1.569820e-01;2.676938e-02;4.017871e-02;1.455750e-02;1.254668e-01
9.784326e-02;1.431739e-01;6.075420e-02;3.026072e-02;2.187353e-02;5.996624e-02;2.222143e-01;2.027307e-01;2.767739e-02;3.343813e-02;1.428619e-02;8.578140e-02
1.337555e-01;2.239913e-01;1.022238e-01;2.326364e-02;3.478376e-02;4.286341e-02;1.023500e-01;1.885778e-01;2.949740e-02;2.185182e-02;3.078153e-02;6.605992e-02
1.295696e-01;3.064078e-01;1.725063e-01;1.873918e-02;3.149452e-02;3.280295e-02;3.393870e-02;1.380618e-01;3.527697e-02;1.818584e-02;3.612337e-02;4.689291e-02
1.089284e-01;3.506679e-01;1.807802e-01;2.108236e-02;1.780242e-02;2.494652e-02;4.958151e-02;9.634466e-02;4.834386e-02;1.894442e-02;3.535255e-02;4.722521e-02
6.910757e-02;3.384666e-01;1.918854e-01;3.617624e-02;2.470172e-02;5.628406e-02;1.035319e-01;3.771241e-02;5.271966e-02;1.707122e-02;2.040332e-02;5.193991e-02
4.377124e-02;2.645334e-01;1.730970e-01;4.522255e-02;1.540020e-02;3.092360e-02;2.066751e-01;7.684844e-02;5.257897e-02;2.135615e-02;2.464674e-02;4.494660e-02
