3.729514e-02;3.549463e-02;8.430260e-02;6.099679e-02;7.487788e-02;1.014587e-01;1.331266e-01;6.214592e-02;6.496844e-02;1.719979e-01;1.153127e-01;5.802263e-02
4.638338e-02;3.896287e-02;9.263836e-02;7.970275e-02;9.242390e-02;1.058436e-01;1.388936e-01;5.776978e-02;9.088073e-02;1.241518e-01;8.619285e-02;4.615642e-02
7.238113e-02;6.583204e-02;8.345827e-02;6.406280e-02;8.598357e-02;7.444375e-02;1.414264e-01;8.287076e-02;1.355859e-01;8.139452e-02;6.149659e-02;5.106430e-02
1.071886e-01;6.847846e-02;1.103143e-01;4.505158e-02;7.782362e-02;4.476085e-02;1.512543e-01;8.366214e-02;9.254355e-02;9.081177e-02;8.805489e-02;4.005602e-02
7.517298e-02;6.799380e-02;1.295177e-01;6.697532e-02;7.536524e-02;3.521758e-02;1.369690e-01;5.565650e-02;1.215944e-01;9.733024e-02;8.981483e-02;4.839232e-02
4.519437e-02;4.864800e-02;1.283411e-01;6.819239e-02;6.651626e-02;7.288133e-02;1.404037e-01;9.254200e-02;1.095378e-01;6.805167e-02;9.340216e-02;6.628926e-02
6.423528e-02;3.870855e-02;1.194263e-01;7.033321e-02;6.066709e-02;9.809978e-02;1.619658e-01;9.558526e-02;8.689415e-02;7.400722e-02;8.545581e-02;4.462156e-02
4.523506e-02;4.733366e-02;1.159288e-01;7.262088e-02;7.323147e-02;8.578351e-02;1.906910e-01;1.050045e-01;1.002623e-01;6.318522e-02;6.306271e-02;3.766084e-02
7.317759e-02;6.342763e-02;8.327646e-02;6.876425e-02;1.006320e-01;8.190919e-02;1.698824e-01;1.043484e-01;9.344327e-02;6.574727e-02;5.258935e-02;4.280222e-02
8.352858e-02;5.215473e-02;7.403239e-02;5.737692e-02;1.099963e-01;7.923637e-02;1.459692e-01;1.016100e-01;7.545555e-02;1.146322e-01;7.197922e-02;3.402845e-02
8.638973e-02;4.333616e-02;8.293923e-02;5.532444e-02;9.006246e-02;7.253931e-02;1.094751e-01;1.139277e-01;1.060809e-01;1.465089e-01;5.985914e-02;3.355687e-02
7.708272e-02;4.444470e-02;1.023696e-01;5.530743e-02;6.895459e-02;5.464134e-02;9.911998e-02;1.199492e-01;1.592836e-01;1.092990e-01;5.479394e-02;5.475389e-02
5.923605e-02;4.791789e-02;1.059966e-01;7.463112e-02;7.748205e-02;3.611077e-02;1.043278e-01;7.273623e-02;2.044515e-01;7.084870e-02;6.955417e-02;7.670720e-02
2.988025e-02;8.634799e-02;9.875836e-02;9.533929e-02;7.308559e-02;6.161996e-02;5.797497e-02;1.110216e-01;1.883158e-01;6.937441e-02;6.574801e-02;6.253381e-02
4.878346e-02;6.757401e-02;1.035686e-01;9.077024e-02;4.692489e-02;7.521530e-02;5.865473e-02;1.324937e-01;1.426790e-01;1.088966e-01;7.310331e-02;5.133618e-02
6.770514e-02;4.337925e-02;1.105953e-01;7.476078e-02;3.895750e-02;7.636521e-02;7.175720e-02;1.146892e-01;1.222200e-01;1.308506e-01;9.821890e-02;5.050107e-02
7.065041e-02;5.089363e-02;1.480131e-01;6.589253e-02;4.645623e-02;7.596625e-02;7.205695e-02;8.441807e-02;1.129473e-01;1.078332e-01;1.077369e-01;5.713543e-02
4.239323e-02;3.731096e-02;2.278807e-01;6.125062e-02;5.229166e-02;5.018496e-02;1.652333e-01;6.710686e-02;5.223275e-02;1.021400e-01;7.116979e-02;7.080520e-02
6.255043e-02;4.570067e-02;2.122090e-01;4.748739e-02;5.117419e-02;5.020841e-02;1.921501e-01;8.128921e-02;6.516771e-02;8.541826e-02;6.749423e-02;3.915040e-02
8.684772e-02;6.299428e-02;1.758274e-01;4.406577e-02;4.043230e-02;3.699719e-02;1.851643e-01;1.197582e-01;1.023279e-01;6.881826e-02;5.289373e-02;2.387298e-02
1.059932e-01;8.019577e-02;1.284408e-01;3.889816e-02;2.662292e-02;2.009449e-02;1.877519e-01;1.620231e-01;1.379190e-01;4.919016e-02;3.819183e-02;2.467865e-02
1.023511e-01;8.823440e-02;1.078316e-01;3.238552e-02;2.288326e-02;1.967563e-02;1.946398e-01;1.679676e-01;1.539211e-01;4.165537e-02;3.672156e-02;3.173314e-02
9.938428e-02;7.562561e-02;1.136916e-01;2.012736e-02;3.177901e-02;3.092077e-02;2.089297e-01;1.237029e-01;1.513032e-01;6.296141e-02;4.700162e-02;3.457253e-02
1.161373e-01;2.029680e-02;8.257569e-02;4.072815e-02;3.173475e-02;4.208907e-02;2.160540e-01;7.129775e-02;1.144483e-01;8.147271e-02;1.028260e-01;8.033952e-02
9.053595e-02;2.850233e-02;8.184819e-02;4.305736e-02;3.534331e-02;4.375463e-02;2.156803e-01;1.094069e-01;1.034911e-01;7.033379e-02;1.155997e-01;6.244641e-02
5.397455e-02;3.448190e-02;9.259225e-02;3.249562e-02;4.361966e-02;4.238191e-02;2.344826e-01;1.273745e-01;9.621368e-02;6.260063e-02;1.238922e-01;5.589045e-02
7.318915e-02;6.324882e-02;1.119414e-01;2.711630e-02;5.792883e-02;3.957389e-02;1.967146e-01;9.713414e-02;9.889357e-02;7.337255e-02;1.126732e-01;4.821349e-02
8.134606e-02;6.491607e-02;2.534351e-01;6.484113e-02;8.517791e-02;5.297787e-02;1.091059e-01;7.200191e-02;1.010904e-01;3.878386e-02;5.084746e-02;2.547628e-02
1.086515e-01;8.948077e-02;2.702052e-01;6.732967e-02;8.190662e-02;5.436563e-02;1.026754e-01;7.337112e-02;8.354405e-02;2.550654e-02;2.541262e-02;1.755090e-02
1.599290e-01;1.008385e-01;1.982069e-01;4.693969e-02;7.578199e-02;4.926126e-02;1.041097e-01;1.101225e-01;8.409341e-02;1.978922e-02;2.949573e-02;2.143201e-02
2.561019e-01;1.116815e-01;1.106567e-01;1.643219e-02;8.342413e-02;2.873008e-02;5.765352e-02;1.743194e-01;6.862145e-02;2.392333e-02;3.425526e-02;3.420062e-02
3.081928e-01;9.328084e-02;8.735840e-02;2.289862e-02;8.300725e-02;1.240322e-02;4.625021e-02;2.247683e-01;2.842505e-02;2.173904e-02;3.115180e-02;4.052448e-02
2.983567e-01;6.656309e-02;9.047597e-02;2.827510e-02;6.377976e-02;1.169880e-02;6.932686e-02;2.318389e-01;3.978941e-02;2.374230e-02;2.938742e-02;4.676568e-02
2.702148e-01;5.180852e-02;1.236756e-01;2.225267e-02;3.918127e-02;1.950180e-02;1.254367e-01;1.914053e-01;3.741672e-02;2.667455e-02;3.092694e-02;6.150515e-02
2.238986e-01;8.843839e-02;1.823064e-01;2.286292e-02;3.711851e-02;2.027511e-02;1.319786e-01;1.297669e-01;2.296678e-02;3.826717e-02;4.540738e-02;5.671323e-02
1.717366e-01;9.157531e-02;2.387270e-01;3.865432e-02;4.309843e-02;2.149087e-02;9.428250e-02;9.606620e-02;3.488446e-02;6.213700e-02;6.984994e-02;3.749731e-02
1.529670e-01;3.770533e-02;2.549319e-01;3.960728e-02;5.229992e-02;3.727046e-02;4.642284e-02;5.696569e-02;5.555235e-02;9.930103e-02;1.075737e-01;5.940245e-02
1.431898e-01;4.678085e-02;8.097122e-02;3.274942e-02;4.736101e-02;4.207750e-02;3.261868e-02;8.662892e-02;7.614667e-02;1.615193e-01;1.493742e-01;1.005825e-01
5.594378e-02;7.545482e-02;1.660327e-01;4.393785e-02;5.801351e-02;5.046924e-02;9.029599e-02;1.071980e-01;7.738480e-02;1.016477e-01;9.684386e-02;7.677780e-02
8.715335e-02;1.032766e-01;1.596894e-01;8.340117e-02;6.604303e-02;6.083509e-02;1.108653e-01;7.583960e-02;5.075195e-02;6.645476e-02;7.608286e-02;5.960688e-02
8.582668e-02;1.038774e-01;1.656873e-01;8.583201e-02;7.158527e-02;6.119913e-02;1.146542e-01;5.930785e-02;5.241020e-02;6.739793e-02;8.287765e-02;4.934445e-02
8.460760e-02;9.672309e-02;1.651877e-01;7.519843e-02;7.052980e-02;5.952139e-02;1.196252e-01;5.029916e-02;6.090579e-02;7.643937e-02;9.503168e-02;4.593084e-02
4.802271e-02;9.301574e-02;1.898677e-01;4.688209e-02;8.526981e-02;7.042948e-02;1.716367e-01;4.120149e-02;5.936020e-02;8.561724e-02;5.931202e-02;4.938475e-02
5.923134e-02;6.981843e-02;2.941979e-01;7.005378e-02;7.166410e-02;6.862213e-02;1.593926e-01;5.324635e-02;6.030029e-02;4.046211e-02;2.680397e-02;2.620706e-02
8.526254e-02;6.658882e-02;2.403111e-01;5.393817e-02;5.509183e-02;6.652089e-02;1.713916e-01;1.076843e-01;6.169465e-02;3.193648e-02;2.814464e-02;3.143492e-02
1.335560e-01;5.356244e-02;1.573070e-01;3.556437e-02;3.404507e-02;5.552055e-02;1.532559e-01;2.133542e-01;6.117968e-02;3.153084e-02;3.512264e-02;3.600138e-02
2.116607e-01;4.460550e-02;9.030916e-02;2.484251e-02;3.209294e-02;3.212565e-02;2.811461e-02;3.695753e-01;3.378820e-02;4.354641e-02;4.242673e-02;4.691225e-02
1.990683e-01;3.144571e-02;6.517390e-02;1.608854e-02;2.787451e-02;1.052623e-02;1.392090e-01;3.586092e-01;3.313187e-02;3.393242e-02;3.576680e-02;4.917354e-02
1.663122e-01;1.702778e-02;7.591330e-02;2.830898e-02;2.033511e-02;1.268163e-02;2.175085e-01;3.073172e-01;2.371362e-02;4.224855e-02;3.650532e-02;5.212789e-02
1.288398e-01;2.515162e-02;1.132665e-01;3.118134e-02;3.100840e-02;2.148457e-02;2.360430e-01;2.199686e-01;3.724455e-02;5.295712e-02;5.098808e-02;5.186643e-02
1.506375e-01;4.662619e-02;1.023744e-01;3.160924e-02;4.488207e-02;3.962775e-02;2.039254e-01;1.588148e-01;5.360510e-02;5.747100e-02;5.535375e-02;5.507274e-02
1.564498e-01;1.080441e-01;2.875679e-01;2.499186e-02;3.970321e-02;3.849229e-02;1.059343e-01;8.157426e-02;6.111350e-02;3.767028e-02;3.630348e-02;2.215502e-02
1.509397e-01;1.339217e-01;3.085641e-01;2.028247e-02;4.500658e-02;4.784044e-02;1.133080e-01;5.321230e-02;4.369210e-02;3.402418e-02;2.858045e-02;2.062798e-02
1.806184e-01;1.423719e-01;3.243003e-01;1.654323e-02;4.499882e-02;3.946090e-02;7.853632e-02;5.202274e-02;4.191067e-02;3.018070e-02;2.999346e-02;1.906254e-02
2.248195e-01;1.211838e-01;3.185978e-01;2.289446e-02;4.022716e-02;2.718081e-02;7.040898e-02;6.173851e-02;3.931456e-02;2.066440e-02;3.089037e-02;2.207974e-02
2.720160e-01;9.317575e-02;2.407262e-01;2.734732e-02;3.977304e-02;1.898444e-02;1.012430e-01;7.533596e-02;3.185410e-02;2.493591e-02;3.684024e-02;3.776792e-02
3.183309e-01;8.550513e-02;1.825465e-01;2.282342e-02;4.096873e-02;1.910557e-02;8.619370e-02;1.007984e-01;3.919859e-02;2.150469e-02;3.613920e-02;4.688513e-02
3.163558e-01;8.934508e-02;2.075075e-01;1.429511e-02;3.703415e-02;3.141031e-02;2.846320e-02;1.277072e-01;3.430122e-02;2.781025e-02;3.942807e-02;4.634210e-02
2.341316e-01;1.091749e-01;2.396579e-01;2.758383e-02;3.087684e-02;2.677108e-02;6.029040e-02;1.002687e-01;5.924357e-02;3.529692e-02;4.295296e-02;3.375128e-02
2.358129e-01;1.135310e-01;2.312930e-01;2.399973e-02;5.104779e-02;2.465651e-02;6.745297e-02;9.607562e-02;5.809022e-02;2.737327e-02;4.368060e-02;2.698640e-02
2.674218e-01;1.231347e-01;2.103541e-01;1.227540e-02;7.228326e-02;1.441564e-02;5.015264e-02;1.292282e-01;5.103050e-02;1.458021e-02;3.288135e-02;2.224223e-02
2.439518e-01;1.550713e-01;2.262337e-01;1.926932e-02;6.688806e-02;1.039862e-02;3.070912e-02;1.141049e-01;7.725929e-02;1.540216e-02;2.181332e-02;1.889851e-02
2.150819e-01;1.867661e-01;2.554352e-01;2.347531e-02;4.833960e-02;1.399770e-02;3.068806e-02;6.399673e-02;1.065109e-01;1.915356e-02;1.993391e-02;1.662104e-02
1.804300e-01;1.908865e-01;2.584335e-01;2.053169e-02;2.183110e-02;3.160338e-02;3.346568e-02;3.691135e-02;1.829097e-01;2.357111e-02;1.081573e-02;8.610312e-03
1.658365e-01;1.851524e-01;2.363538e-01;1.694205e-02;1.209253e-02;3.462883e-02;2.880181e-02;4.276062e-02;2.255200e-01;2.593292e-02;1.172631e-02;1.425218e-02
1.734656e-01;1.845487e-01;2.537877e-01;9.420358e-03;1.332083e-02;1.947830e-02;2.833888e-02;5.107217e-02;2.014608e-01;3.023681e-02;1.366532e-02;2.120458e-02
2.222233e-01;1.865094e-01;2.531025e-01;9.132004e-03;1.927070e-02;1.445149e-02;2.369890e-02;5.824365e-02;1.386689e-01;2.654089e-02;1.902752e-02;2.913071e-02
2.631463e-01;1.864461e-01;2.393957e-01;1.579775e-02;2.607977e-02;1.708326e-02;1.807911e-02;6.466904e-02;1.001957e-01;1.609975e-02;2.471824e-02;2.828932e-02
2.801226e-01;1.857931e-01;2.516939e-01;2.142471e-02;2.808393e-02;1.386850e-02;2.224025e-02;6.989796e-02;6.387782e-02;1.383567e-02;2.405095e-02;2.511062e-02
3.014155e-01;1.612984e-01;2.520077e-01;2.232044e-02;2.472798e-02;1.222252e-02;3.966729e-02;8.764607e-02;3.994592e-02;1.472059e-02;2.169946e-02;2.232813e-02
3.025325e-01;1.483605e-01;2.546979e-01;1.701533e-02;3.333343e-02;1.071151e-02;3.492006e-02;8.364431e-02;5.345236e-02;1.910191e-02;2.055372e-02;2.167659e-02
3.055076e-01;1.541701e-01;2.394492e-01;1.220584e-02;5.227253e-02;1.235883e-02;3.045958e-02;9.085698e-02;5.043609e-02;1.447087e-02;1.767532e-02;2.013709e-02
2.993233e-01;1.546175e-01;2.382638e-01;1.349909e-02;6.751038e-02;1.024701e-02;3.061082e-02;8.985770e-02;4.258981e-02;1.922838e-02;1.530130e-02;1.895086e-02
3.079653e-01;1.510865e-01;2.191896e-01;1.767847e-02;5.710270e-02;1.754653e-02;4.013861e-02;8.114167e-02;3.612113e-02;3.630710e-02;1.503769e-02;2.068468e-02
3.372525e-01;1.352351e-01;2.087224e-01;1.911185e-02;4.586675e-02;1.866637e-02;3.963510e-02;8.417449e-02;2.435077e-02;3.730445e-02;1.816504e-02;3.151518e-02
3.832318e-01;9.616891e-02;1.885977e-01;1.264818e-02;4.154278e-02;1.410999e-02;4.451356e-02;1.016950e-01;1.388773e-02;2.547669e-02;2.880578e-02;4.932190e-02
3.966400e-01;7.670633e-02;1.505319e-01;7.727033e-03;3.198144e-02;1.631035e-02;6.220007e-02;1.168186e-01;1.404038e-02;2.827350e-02;3.382637e-02;6.494407e-02
3.370382e-01;8.017633e-02;1.262527e-01;1.086780e-02;1.954577e-02;1.730566e-02;1.042138e-01;1.126572e-01;2.482976e-02;3.640396e-02;5.546720e-02;7.524157e-02
2.555694e-01;7.152626e-02;1.339531e-01;1.236517e-02;1.835434e-02;2.379166e-02;1.220143e-01;8.620696e-02;4.087668e-02;6.165470e-02;9.051981e-02;8.316762e-02
1.355790e-01;6.316375e-02;1.468211e-01;2.406162e-02;2.140905e-02;3.769032e-02;1.684023e-01;4.159279e-02;4.552955e-02;9.083270e-02;1.446106e-01;8.030743e-02
4.204061e-02;4.666628e-02;2.985678e-01;2.845665e-02;4.196909e-02;3.181405e-02;1.168763e-01;5.902003e-02;4.475376e-02;1.001973e-01;1.326891e-01;5.694910e-02
6.500871e-02;3.237707e-02;2.307495e-01;2.748405e-02;4.368445e-02;3.123852e-02;7.337283e-02;9.547501e-02;8.240364e-02;1.359943e-01;1.346383e-01;4.757354e-02
7.869846e-02;5.005820e-02;1.936385e-01;2.766860e-02;4.334035e-02;3.366129e-02;6.403628e-02;9.896301e-02;1.134835e-01;1.324944e-01;1.162583e-01;4.769918e-02
1.303034e-01;4.244719e-02;2.021048e-01;3.644965e-02;2.781533e-02;3.574784e-02;1.083902e-01;7.589381e-02;1.216152e-01;9.374248e-02;7.540736e-02;5.008280e-02
1.359298e-01;4.975586e-02;1.343712e-01;3.014265e-02;4.877349e-02;5.264290e-02;1.668066e-01;8.445309e-02;1.235747e-01;6.548593e-02;5.940249e-02;4.866127e-02
7.603642e-02;5.907557e-02;1.252085e-01;3.028516e-02;7.815332e-02;5.282353e-02;1.836895e-01;8.750067e-02;9.886299e-02;7.100394e-02;7.917117e-02;5.818924e-02
1.424613e-01;6.421905e-02;1.022334e-01;4.244762e-02;7.911678e-02;5.999039e-02;1.268456e-01;7.099941e-02;7.181893e-02;1.114768e-01;7.680125e-02;5.158944e-02
9.612321e-02;4.979891e-02;1.149498e-01;6.006373e-02;1.001242e-01;1.048189e-01;1.015224e-01;6.936221e-02;9.921154e-02;1.113640e-01;3.014979e-02;6.251118e-02
8.405074e-02;3.412794e-02;1.001542e-01;7.343475e-02;1.044458e-01;1.218529e-01;1.103702e-01;8.829259e-02;1.052478e-01;8.640592e-02;3.006862e-02;6.154856e-02
8.339562e-02;3.168650e-02;9.751691e-02;7.320273e-02;1.113691e-01;1.241691e-01;1.118818e-01;9.767707e-02;1.058599e-01;7.594112e-02;3.201145e-02;5.528876e-02
7.351338e-02;4.512761e-02;9.184813e-02;5.720451e-02;1.177503e-01;1.052970e-01;1.424690e-01;9.230862e-02;9.814328e-02;1.002791e-01;3.446010e-02;4.159898e-02
4.904630e-02;6.194933e-02;6.043264e-02;7.060461e-02;1.102055e-01;5.544290e-02;1.631082e-01;9.146296e-02;1.227322e-01;1.482853e-01;3.972920e-02;2.700087e-02
4.639352e-02;5.755743e-02;9.725645e-02;9.490570e-02;9.553188e-02;3.942316e-02;1.524046e-01;9.341390e-02;1.101162e-01;1.453107e-01;4.360494e-02;2.408153e-02
7.811180e-02;6.273891e-02;9.222849e-02;8.636817e-02;1.003327e-01;6.853709e-02;1.380372e-01;8.562231e-02;6.607006e-02;1.440018e-01;4.916846e-02;2.878302e-02
1.032034e-01;9.233002e-02;5.645111e-02;5.213905e-02;7.899604e-02;8.258156e-02;1.160644e-01;8.309700e-02;7.338988e-02;1.890849e-01;4.427271e-02;2.838985e-02
6.579258e-02;8.291971e-02;1.091584e-01;3.574274e-02;4.747227e-02;7.139874e-02;1.040683e-01;7.019635e-02;6.486316e-02;2.851059e-01;4.759530e-02;1.568666e-02
3.425993e-02;5.505254e-02;1.349538e-01;4.919203e-02;4.101200e-02;7.383696e-02;1.099951e-01;8.908857e-02;7.203815e-02;2.626587e-01;5.477708e-02;2.313500e-02
3.635729e-02;4.594316e-02;9.778234e-02;6.794184e-02;7.463349e-02;9.057406e-02;1.255144e-01;8.966009e-02;1.192967e-01;1.200877e-01;8.744229e-02;4.476670e-02
4.817323e-02;4.050687e-02;1.779956e-01;4.755628e-02;7.449780e-02;7.675312e-02;1.571973e-01;7.508063e-02;1.076193e-01;5.822141e-02;8.634342e-02;5.005500e-02
6.084909e-02;4.804614e-02;1.873185e-01;4.367185e-02;6.233544e-02;7.084227e-02;1.095980e-01;7.695272e-02;9.936257e-02;9.287353e-02;8.474362e-02;6.340629e-02
7.617159e-02;3.852991e-02;1.705743e-01;4.052719e-02;4.879574e-02;5.745564e-02;1.461233e-01;4.747612e-02;6.716514e-02;1.294345e-01;1.059498e-01;7.179676e-02
5.848502e-02;3.025255e-02;2.298865e-01;3.187875e-02;4.464423e-02;5.473536e-02;1.433169e-01;3.909254e-02;7.887883e-02;1.139234e-01;1.188089e-01;5.609700e-02
4.409467e-02;3.167806e-02;1.357330e-01;2.026557e-02;6.748338e-02;5.807270e-02;1.476398e-01;7.327456e-02;7.951503e-02;1.289279e-01;1.594669e-01;5.384839e-02
4.280941e-02;3.136886e-02;8.569587e-02;2.853444e-02;7.914500e-02;5.576624e-02;1.145178e-01;9.153552e-02;7.671182e-02;1.606036e-01;1.800214e-01;5.329000e-02
4.944554e-02;3.487115e-02;9.068601e-02;4.510765e-02;8.701880e-02;6.253060e-02;9.720583e-02;1.042267e-01;8.142846e-02;1.471851e-01;1.435933e-01;5.670080e-02
7.159597e-02;4.518881e-02;8.059183e-02;6.713878e-02;9.578142e-02;5.603211e-02;1.162587e-01;1.011967e-01;7.722633e-02;1.307756e-01;1.138090e-01;4.440469e-02
6.227481e-02;3.573599e-02;1.282279e-01;6.412999e-02;1.143207e-01;4.675590e-02;1.435858e-01;7.977396e-02;6.351757e-02;1.346848e-01;7.916620e-02;4.782625e-02
7.129423e-02;4.804370e-02;1.312356e-01;6.270079e-02;9.965737e-02;6.767748e-02;1.161026e-01;5.296997e-02;8.576380e-02;1.427037e-01;5.528791e-02;6.656282e-02
6.914128e-02;5.280326e-02;1.679061e-01;6.524891e-02;7.517073e-02;8.228016e-02;6.184674e-02;4.803790e-02;8.575157e-02;1.618275e-01;7.187106e-02;5.811479e-02
5.518282e-02;8.229419e-02;1.894422e-01;4.692705e-02;6.923218e-02;6.376685e-02;7.399786e-02;6.865190e-02;7.226451e-02;1.491037e-01;6.673375e-02;6.240293e-02
6.238399e-02;1.007624e-01;1.979617e-01;4.670065e-02;8.213984e-02;5.713264e-02;8.266658e-02;7.601914e-02;6.164479e-02;1.139341e-01;5.285800e-02;6.579617e-02
7.699984e-02;9.052923e-02;1.691543e-01;4.311794e-02;8.188815e-02;7.274910e-02;9.695304e-02;7.136626e-02;7.007395e-02;1.094095e-01;5.058495e-02;6.717379e-02
7.353114e-02;8.914385e-02;1.053857e-01;6.738435e-02;6.328490e-02;9.445797e-02;1.164060e-01;8.018779e-02;1.176778e-01;9.215783e-02;4.692415e-02;5.345850e-02
9.973659e-02;8.625752e-02;8.450519e-02;7.548700e-02;6.983085e-02;8.249544e-02;1.291573e-01;7.884860e-02;1.115337e-01;7.341430e-02;5.628649e-02;5.244705e-02
8.051632e-02;6.112880e-02;9.466900e-02;9.577923e-02;7.589839e-02;5.414072e-02;1.406810e-01;9.990295e-02;7.799133e-02;4.852572e-02;1.031434e-01;6.762313e-02
8.349589e-02;5.016599e-02;1.134315e-01;8.964281e-02;1.044331e-01;3.885252e-02;1.582456e-01;8.941223e-02;5.361041e-02;5.779654e-02;1.108554e-01;5.005804e-02
8.059467e-02;7.690401e-02;1.576037e-01;5.404057e-02;9.253273e-02;4.268743e-02;1.473866e-01;6.761903e-02;6.754805e-02;5.882448e-02;1.025001e-01;5.175866e-02
9.639122e-02;8.879232e-02;1.756986e-01;3.127782e-02;7.727445e-02;5.186212e-02;1.273753e-01;5.877981e-02;6.712949e-02;6.893343e-02;8.470148e-02;7.178400e-02
9.391104e-02;7.878377e-02;1.576158e-01;5.886746e-02;7.649630e-02;5.522887e-02;1.555632e-01;5.769208e-02;4.992347e-02;5.809098e-02;8.491395e-02;7.291314e-02
9.107174e-02;7.491584e-02;1.171393e-01;7.262605e-02;5.073678e-02;5.706698e-02;1.484386e-01;9.076725e-02;6.311689e-02;6.857961e-02;1.015402e-01;6.400070e-02
9.203446e-02;5.895055e-02;1.417796e-01;5.240514e-02;7.055524e-02;5.054406e-02;9.057088e-02;1.237044e-01;8.406585e-02;1.083961e-01;7.746357e-02;4.953016e-02
8.358800e-02;4.656368e-02;2.131611e-01;5.903823e-02;9.490916e-02;5.130191e-02;1.316070e-01;6.605483e-02;1.078442e-01;7.471505e-02;4.676311e-02;2.445382e-02
8.710426e-02;6.218808e-02;2.334573e-01;5.555886e-02;1.200205e-01;5.056790e-02;1.293990e-01;5.101776e-02;9.120194e-02;4.526388e-02;2.984739e-02;4.437307e-02
8.932894e-02;5.172091e-02;2.238224e-01;6.456188e-02;1.352862e-01;3.752564e-02;1.249581e-01;4.556948e-02;8.823308e-02;5.171655e-02;3.190022e-02;5.537660e-02
7.030083e-02;4.333156e-02;1.829125e-01;5.459800e-02;1.146270e-01;6.411866e-02;1.333602e-01;7.133000e-02;8.666626e-02;6.485374e-02;5.393176e-02;5.996957e-02
6.059993e-02;5.740602e-02;1.644882e-01;4.950166e-02;8.918113e-02;7.612599e-02;1.037217e-01;9.279139e-02;8.309788e-02;9.303287e-02;7.595722e-02;5.409606e-02
7.135376e-02;4.201296e-02;1.522254e-01;7.141323e-02;8.666005e-02;6.263819e-02;1.262972e-01;9.178535e-02;5.730565e-02;8.391654e-02;8.907661e-02;6.531513e-02
6.405766e-02;6.624511e-02;1.179985e-01;5.604981e-02;7.128682e-02;3.700209e-02;1.218607e-01;1.320523e-01;5.628867e-02;6.761958e-02;1.316227e-01;7.791612e-02
6.367384e-02;6.300069e-02;8.367879e-02;4.260464e-02;7.684676e-02;5.977296e-02;1.108785e-01;9.426457e-02;9.369316e-02;1.286631e-01;1.105069e-01;7.241613e-02
8.129892e-02;7.411998e-02;7.994960e-02;8.090391e-02;1.145934e-01;1.019551e-01;6.671324e-02;8.309316e-02;1.159031e-01;1.189795e-01;4.277201e-02;3.971803e-02
8.931911e-02;7.888706e-02;8.358436e-02;7.883725e-02;1.019126e-01;1.020056e-01;6.144929e-02;7.771752e-02;1.172585e-01;1.183064e-01;4.389869e-02;4.682357e-02
1.017367e-01;7.839792e-02;9.298108e-02;7.282829e-02;8.776905e-02;9.646112e-02;6.174993e-02;7.416081e-02;1.243078e-01;1.131764e-01;4.014581e-02;5.628514e-02
1.072096e-01;7.157788e-02;9.899852e-02;6.714474e-02;7.821836e-02;9.287577e-02;7.007886e-02;6.940427e-02;1.419381e-01;9.794199e-02;3.955694e-02;6.505498e-02
7.272632e-02;6.500170e-02;1.922678e-01;8.313700e-02;6.563123e-02;9.075675e-02;8.246043e-02;7.505741e-02;1.033591e-01;9.393617e-02;3.580813e-02;3.985789e-02
7.466961e-02;4.458411e-02;3.388534e-01;5.817834e-02;9.830691e-02;6.229177e-02;1.678692e-01;3.199648e-02;2.961078e-02;5.793398e-02;1.663068e-02;1.907475e-02
8.617456e-02;6.862956e-02;3.576533e-01;6.143273e-02;9.063962e-02;5.378518e-02;1.684612e-01;1.877463e-02;2.329595e-02;3.588857e-02;1.645582e-02;1.880886e-02
8.645453e-02;9.207804e-02;3.867785e-01;5.945514e-02;7.412763e-02;5.065241e-02;1.442207e-01;1.862547e-02;2.646081e-02;2.559354e-02;1.402475e-02;2.152846e-02
5.952229e-02;1.174646e-01;4.195204e-01;4.813708e-02;4.645157e-02;5.427538e-02;1.067417e-01;2.111213e-02;4.882742e-02;3.866027e-02;1.102478e-02;2.826238e-02
3.102541e-02;1.292206e-01;3.699034e-01;3.328655e-02;3.871435e-02;7.069115e-02;9.898563e-02;2.834683e-02;8.949311e-02;5.006465e-02;2.331781e-02;3.695050e-02
6.355341e-02;1.104622e-01;3.436720e-01;3.396741e-02;2.689336e-02;5.668912e-02;1.180239e-01;3.418475e-02;9.769391e-02;4.193567e-02;2.651772e-02;4.640655e-02
4.656639e-02;9.198869e-02;4.458822e-01;3.845994e-02;2.791401e-02;3.980693e-02;9.394626e-02;3.907758e-02;8.693306e-02;3.428258e-02;3.068476e-02;2.445759e-02
4.026271e-02;3.735600e-02;4.407312e-01;7.064184e-02;5.912219e-02;4.247349e-02;8.306582e-02;4.138878e-02;6.843545e-02;2.926277e-02;4.851063e-02;3.874917e-02
2.995035e-02;3.610686e-02;4.580120e-01;1.042013e-01;8.547819e-02;3.656419e-02;8.547038e-02;2.867641e-02;4.900097e-02;2.593999e-02;4.099377e-02;1.960566e-02
2.764172e-02;3.368806e-02;5.183210e-01;1.232892e-01;7.788274e-02;3.483216e-02;5.502609e-02;1.560855e-02;3.889561e-02;3.209850e-02;3.230913e-02;1.040723e-02
4.023355e-02;3.088746e-02;5.574440e-01;1.222356e-01;6.095765e-02;2.696013e-02;3.466354e-02;1.541426e-02;3.552268e-02;3.976319e-02;2.662190e-02;9.296036e-03
5.679063e-02;2.171084e-02;5.984011e-01;1.024417e-01;4.211966e-02;2.137846e-02;3.787147e-02;1.174346e-02;3.057334e-02;5.142860e-02;1.687813e-02;8.662647e-03
5.303849e-02;2.433014e-02;6.117961e-01;9.084824e-02;3.473782e-02;1.025489e-02;4.692115e-02;1.286092e-02;2.193841e-02;5.805649e-02;2.902972e-02;6.187523e-03
4.973809e-02;2.762087e-02;6.265454e-01;8.234373e-02;3.199588e-02;9.231936e-03;3.904974e-02;8.909597e-03;1.585147e-02;6.787901e-02;3.141463e-02;9.419632e-03
3.496026e-02;1.941942e-02;6.690043e-01;7.276896e-02;2.686212e-02;8.884975e-03;3.269140e-02;8.385804e-03;2.133558e-02;6.608626e-02;2.367109e-02;1.592985e-02
2.351674e-02;4.438822e-02;6.147875e-01;6.022785e-02;4.290497e-02;1.997675e-02;6.090694e-02;1.091697e-02;2.866586e-02;5.708700e-02;1.726261e-02;1.935865e-02
1.160378e-02;5.582876e-02;5.364259e-01;6.468835e-02;6.169615e-02;3.091579e-02;8.326437e-02;2.869137e-02;2.797883e-02;5.115278e-02;2.409564e-02;2.365818e-02
2.631508e-02;6.799956e-02;4.462523e-01;7.878806e-02;7.145185e-02;4.024537e-02;5.505368e-02;5.279735e-02;3.655268e-02;5.137447e-02;4.072064e-02;3.244889e-02
4.502437e-02;9.445056e-02;2.723940e-01;1.114696e-01;6.427991e-02;4.904566e-02;7.792426e-02;6.916244e-02;6.439898e-02;5.757445e-02;5.909694e-02;3.517882e-02
3.986866e-02;8.294638e-02;1.803916e-01;7.846912e-02;5.726870e-02;6.923954e-02;1.041646e-01;6.458928e-02;6.966324e-02;8.463579e-02;1.057485e-01;6.301469e-02
5.320277e-02;6.043272e-02;1.812337e-01;7.648506e-02;7.731050e-02;7.187222e-02;1.053205e-01;4.866064e-02;8.941495e-02;7.368182e-02;9.693880e-02;6.544619e-02
7.938057e-02;4.154139e-02;2.001722e-01;8.512055e-02;7.356587e-02;5.538190e-02;1.075792e-01;5.306463e-02;9.362481e-02;8.298831e-02;9.709617e-02;3.048444e-02
6.456288e-02;2.932378e-02;1.875777e-01;8.802181e-02;5.396675e-02;4.989910e-02;1.190104e-01;6.669183e-02;8.982747e-02;1.083871e-01;1.189256e-01;2.380566e-02
4.756663e-02;5.060489e-02;1.603275e-01;8.683760e-02;4.886184e-02;7.954755e-02;1.268205e-01;7.540259e-02;5.359128e-02;1.508109e-01;9.674842e-02;2.288037e-02
8.481719e-02;5.857050e-02;1.353994e-01;4.015917e-02;6.320770e-02;7.493348e-02;1.018877e-01;6.209604e-02;1.134978e-01;1.193661e-01;5.485958e-02;9.120548e-02
8.218416e-02;5.466422e-02;1.239222e-01;6.522064e-02;5.635711e-02;6.158909e-02;9.393486e-02;6.615572e-02;1.369487e-01;6.645937e-02;6.232715e-02;1.302368e-01
7.790777e-02;7.957098e-02;1.370453e-01;4.953942e-02;4.801217e-02;4.507171e-02;9.523776e-02;8.302099e-02;1.473069e-01;6.323394e-02;7.100418e-02;1.030489e-01
8.108715e-02;8.817442e-02;1.765826e-01;5.383920e-02;5.295074e-02;6.047225e-02;7.833419e-02;8.051687e-02;1.287069e-01;8.038020e-02;5.032646e-02;6.862901e-02
8.904748e-02;6.093442e-02;1.659788e-01;7.586173e-02;4.130325e-02;7.951297e-02;8.945262e-02;7.173817e-02;8.740908e-02;1.113150e-01;6.390785e-02;6.353870e-02
1.025026e-01;3.501967e-02;1.867171e-01;7.129876e-02;2.339445e-02;7.136559e-02;7.854398e-02;6.745275e-02;7.633021e-02;1.154326e-01;9.453296e-02;7.740930e-02
6.132950e-02;4.224446e-02;3.552545e-01;6.927880e-02;6.333654e-02;4.265660e-02;7.758003e-02;3.135490e-02;4.389954e-02;7.584447e-02;7.462607e-02;6.259457e-02
2.160515e-02;4.193744e-02;4.879985e-01;8.363664e-02;8.591232e-02;4.128466e-02;8.781999e-02;1.219600e-02;1.888754e-02;4.227028e-02;3.457163e-02;4.187988e-02
1.669507e-02;5.316962e-02;5.654564e-01;8.057883e-02;7.306954e-02;3.752536e-02;7.264465e-02;1.467468e-02;1.486050e-02;3.525394e-02;1.859316e-02;1.747825e-02
4.228565e-02;8.671048e-02;6.163571e-01;5.842911e-02;4.603750e-02;2.345061e-02;3.758309e-02;2.001742e-02;1.170858e-02;3.299564e-02;1.093104e-02;1.349372e-02
7.924937e-02;1.405739e-01;5.674270e-01;3.133979e-02;3.193094e-02;1.617249e-02;2.645221e-02;2.331784e-02;2.329465e-02;3.437186e-02;9.633274e-03;1.623662e-02
1.440064e-01;1.832122e-01;4.319357e-01;2.738827e-02;2.405461e-02;1.844823e-02;2.793284e-02;1.849378e-02;5.342079e-02;3.012388e-02;1.969565e-02;2.128763e-02
1.914687e-01;1.707898e-01;3.061512e-01;3.584144e-02;2.348995e-02;1.809508e-02;3.510949e-02;2.492274e-02;9.025734e-02;4.295399e-02;3.708274e-02;2.383746e-02
2.097517e-01;1.654338e-01;2.684069e-01;3.138180e-02;2.946367e-02;2.308718e-02;4.559541e-02;3.583481e-02;7.699139e-02;4.379382e-02;4.323111e-02;2.702843e-02
2.059862e-01;1.630325e-01;2.735567e-01;2.559825e-02;3.481171e-02;2.805435e-02;6.272737e-02;4.263756e-02;5.144180e-02;4.198769e-02;4.418514e-02;2.598077e-02
2.186995e-01;1.748917e-01;2.667965e-01;2.279488e-02;4.090441e-02;2.721395e-02;5.466013e-02;2.634582e-02;5.373091e-02;5.100216e-02;3.470903e-02;2.825104e-02
1.643625e-01;2.110636e-01;2.943979e-01;3.392951e-02;3.155145e-02;2.706210e-02;5.440449e-02;3.417514e-02;4.472605e-02;5.113241e-02;2.642307e-02;2.677171e-02
9.841549e-02;2.062804e-01;3.991869e-01;4.040406e-02;2.168459e-02;2.600470e-02;3.855942e-02;4.067991e-02;5.492383e-02;3.694009e-02;1.587851e-02;2.104207e-02
9.781213e-02;1.888212e-01;4.292448e-01;2.500653e-02;1.845392e-02;3.527833e-02;4.535123e-02;3.290777e-02;5.274519e-02;3.518240e-02;1.628316e-02;2.291336e-02
3.372432e-02;1.677056e-01;5.066893e-01;2.950002e-02;1.997953e-02;3.484415e-02;6.709558e-02;2.934364e-02;3.406687e-02;3.644853e-02;2.105577e-02;1.954675e-02
3.988834e-02;1.222559e-01;5.788259e-01;4.376357e-02;2.244181e-02;2.289703e-02;5.021656e-02;2.981286e-02;2.084364e-02;3.800550e-02;2.006307e-02;1.098588e-02
2.279378e-02;8.297183e-02;6.660936e-01;5.580752e-02;2.350344e-02;1.619212e-02;2.308507e-02;2.006937e-02;1.819524e-02;4.676342e-02;1.685421e-02;7.670462e-03
1.618268e-02;8.392314e-02;7.037459e-01;5.081975e-02;2.412673e-02;9.535084e-03;1.496158e-02;1.400377e-02;1.553674e-02;5.075392e-02;1.238787e-02;4.022858e-03
1.455075e-02;1.037802e-01;6.977422e-01;3.880553e-02;2.359769e-02;1.162045e-02;1.403948e-02;1.191267e-02;1.348702e-02;5.142543e-02;7.939923e-03;1.109863e-02
3.669285e-02;1.573675e-01;6.304653e-01;2.974442e-02;1.556084e-02;1.621889e-02;1.322972e-02;1.166229e-02;2.409476e-02;3.865682e-02;3.956352e-03;2.235032e-02
6.458870e-02;2.203251e-01;5.063669e-01;3.890890e-02;1.318349e-02;2.425716e-02;1.482908e-02;1.026740e-02;5.632965e-02;2.171084e-02;2.092365e-03;2.714045e-02
1.117540e-01;2.408781e-01;3.640090e-01;5.839760e-02;1.657089e-02;2.610198e-02;1.657002e-02;1.898494e-02;9.153854e-02;2.274373e-02;1.014337e-02;2.230783e-02
1.967379e-01;1.977482e-01;2.310387e-01;5.420084e-02;2.983456e-02;1.591770e-02;2.900014e-02;7.233584e-02;9.616660e-02;3.290102e-02;2.246845e-02;2.165006e-02
2.725476e-01;1.004175e-01;1.273579e-01;3.365459e-02;4.139738e-02;1.616386e-02;7.925155e-02;1.467790e-01;7.112548e-02;3.735618e-02;3.300712e-02;4.094186e-02
2.296553e-01;4.376489e-02;1.101573e-01;4.554765e-02;2.525114e-02;2.966983e-02;1.531153e-01;1.539425e-01;4.181837e-02;6.131094e-02;3.986606e-02;6.590071e-02
1.534239e-01;3.338921e-02;7.797060e-02;7.782058e-02;2.470321e-02;4.061491e-02;2.084181e-01;1.108712e-01;4.613681e-02;8.973359e-02;5.849735e-02;7.842055e-02
1.120435e-01;4.028993e-02;1.811139e-01;8.016507e-02;1.809071e-02;3.205327e-02;1.662071e-01;9.289218e-02;4.668801e-02;9.218754e-02;6.501535e-02;7.325342e-02
7.178709e-02;5.398459e-02;2.399567e-01;6.731623e-02;3.194688e-02;2.391464e-02;1.057772e-01;8.374802e-02;3.396061e-02;9.889536e-02;1.114552e-01;7.725753e-02
2.506046e-02;4.296045e-02;2.079683e-01;5.244562e-02;3.713808e-02;2.764935e-02;8.580039e-02;5.913560e-02;3.267198e-02;1.523584e-01;1.863736e-01;9.043784e-02
5.681457e-02;4.732647e-02;6.829556e-02;3.979519e-02;3.623205e-02;3.917404e-02;1.234121e-01;7.155538e-02;4.473455e-02;1.740832e-01;2.194684e-01;7.910849e-02
4.909591e-02;4.599509e-02;8.328643e-02;3.702793e-02;4.504975e-02;4.685239e-02;1.402865e-01;6.530689e-02;3.253014e-02;1.761742e-01;2.185286e-01;5.986617e-02
7.788063e-02;1.920513e-02;8.708054e-02;4.719973e-02;4.214888e-02;4.022846e-02;1.021360e-01;3.622273e-02;4.904806e-02;2.029474e-01;2.246341e-01;7.126825e-02
5.648423e-02;3.973842e-02;9.262166e-02;5.040333e-02;5.015326e-02;2.274572e-02;7.168423e-02;4.993174e-02;7.499266e-02;2.321960e-01;2.003756e-01;5.867316e-02
2.856662e-02;3.566244e-02;1.185559e-01;5.576668e-02;7.607568e-02;2.529103e-02;7.031953e-02;7.414330e-02;8.445911e-02;2.202648e-01;1.535729e-01;5.732188e-02
6.695743e-02;6.092706e-02;1.347113e-01;7.206782e-02;6.146112e-02;4.295396e-02;1.139543e-01;9.560551e-02;6.938472e-02;1.445825e-01;9.053779e-02;4.685640e-02
7.878751e-02;9.621701e-02;1.590008e-01;5.949111e-02;6.096226e-02;5.284997e-02;1.507184e-01;9.643976e-02;7.468111e-02;9.892646e-02;4.907145e-02;2.285424e-02
7.637963e-02;7.675628e-02;1.299886e-01;6.481849e-02;7.911498e-02;5.545217e-02;1.247234e-01;1.062157e-01;1.001631e-01;7.368585e-02;8.455244e-02;2.814942e-02
7.779143e-02;5.695675e-02;1.477643e-01;5.928268e-02;7.189740e-02;4.497406e-02;1.047046e-01;8.472211e-02;1.276316e-01;8.192297e-02;8.608668e-02;5.626531e-02
9.180056e-02;7.984326e-02;1.371934e-01;6.126108e-02;6.020602e-02;5.315062e-02;6.965385e-02;4.294366e-02;1.438631e-01;1.098220e-01;7.983601e-02;7.042639e-02
8.691918e-02;8.568273e-02;1.171296e-01;4.151452e-02;4.185869e-02;7.549313e-02;8.987307e-02;3.344811e-02;1.347932e-01;1.287151e-01;8.048117e-02;8.409149e-02
6.656425e-02;6.408752e-02;1.280899e-01;4.618165e-02;6.015702e-02;6.168254e-02;9.277723e-02;6.733676e-02;1.307330e-01;1.063654e-01;8.752303e-02;8.850163e-02
5.855210e-02;5.511466e-02;1.357018e-01;6.996579e-02;7.724597e-02;3.500371e-02;8.682579e-02;8.852457e-02;1.377528e-01;8.945964e-02;9.665636e-02;6.919686e-02
9.182955e-02;6.233280e-02;1.223031e-01;6.288983e-02;5.941422e-02;5.954654e-02;1.062530e-01;7.332272e-02;1.474030e-01;8.630878e-02;8.468121e-02;4.371526e-02
9.153731e-02;6.089364e-02;7.356837e-02;5.399081e-02;7.387273e-02;9.433624e-02;1.391537e-01;6.754270e-02;9.543838e-02;1.304094e-01;9.560695e-02;2.364977e-02
6.260605e-02;7.679380e-02;8.387775e-02;6.564470e-02;8.561886e-02;6.682380e-02;1.687642e-01;5.686968e-02;9.186673e-02;1.233480e-01;8.686154e-02;3.092491e-02
4.090975e-02;7.776654e-02;1.175634e-01;5.055408e-02;6.810853e-02;5.621060e-02;1.620627e-01;6.222327e-02;1.318810e-01;1.016681e-01;6.402434e-02;6.702758e-02
