1.965014e-01;1.402313e-01;3.478629e-02;2.992702e-02;2.541779e-02;4.872829e-02;1.425427e-01;1.679428e-01;1.976477e-02;2.023268e-02;1.658639e-01;8.060958e-03
1.623408e-01;1.280383e-01;2.268715e-02;2.032227e-02;2.474281e-02;5.425145e-02;1.996689e-01;2.528049e-01;1.648601e-02;2.564389e-02;7.164515e-02;2.136841e-02
1.034574e-01;8.253605e-02;1.408311e-02;1.314625e-02;1.940537e-02;6.033351e-02;2.855607e-01;2.911351e-01;1.641943e-02;2.353018e-02;6.841885e-02;2.197406e-02
8.210444e-02;9.033072e-02;1.372006e-02;1.046692e-02;1.611737e-02;5.211465e-02;3.352763e-01;2.779194e-01;1.713005e-02;1.622244e-02;6.988026e-02;1.871742e-02
7.241786e-02;1.292829e-01;1.503134e-02;8.805903e-03;1.927803e-02;4.554713e-02;3.698008e-01;2.565569e-01;1.972456e-02;1.051864e-02;4.044310e-02;1.259285e-02
1.042636e-01;1.500465e-01;1.887852e-02;1.124625e-02;2.795521e-02;6.066798e-02;3.283592e-01;2.114218e-01;2.297561e-02;1.403038e-02;3.824104e-02;1.191390e-02
1.172386e-01;9.624511e-02;2.374127e-02;2.006197e-02;4.094045e-02;8.897079e-02;3.046252e-01;1.678208e-01;2.348372e-02;2.298489e-02;6.859437e-02;2.529296e-02
1.165885e-01;4.979107e-02;3.780165e-02;2.790956e-02;7.337983e-02;7.269382e-02;3.566594e-01;1.468423e-01;2.303720e-02;2.347086e-02;4.153513e-02;3.029068e-02
9.930767e-02;6.579623e-02;3.930503e-02;5.039368e-02;9.250087e-02;6.040755e-02;3.033518e-01;1.703178e-01;2.040426e-02;1.926692e-02;4.839161e-02;3.055661e-02
9.409206e-02;8.567121e-02;3.799071e-02;9.252620e-02;8.781186e-02;5.948909e-02;2.690232e-01;1.506919e-01;2.319614e-02;2.160495e-02;5.909603e-02;1.880667e-02
9.453453e-02;1.227431e-01;3.285773e-02;1.002608e-01;8.088696e-02;7.038832e-02;2.576996e-01;1.388979e-01;2.285747e-02;2.072688e-02;4.972195e-02;8.424809e-03
1.316193e-01;1.415745e-01;2.794969e-02;3.620633e-02;4.450486e-02;8.937147e-02;2.938768e-01;4.265718e-02;2.448258e-02;2.805236e-02;1.160633e-01;2.364158e-02
1.518600e-01;1.483486e-01;1.885381e-02;3.801775e-02;5.207898e-02;5.603784e-02;2.197815e-01;9.511716e-02;1.503158e-02;2.509342e-02;1.580851e-01;2.169427e-02
6.768034e-02;8.565872e-02;3.896276e-02;9.716610e-02;1.121242e-01;7.834905e-02;1.461384e-01;1.308782e-01;5.431394e-02;3.466900e-02;1.068552e-01;4.720413e-02
6.152322e-02;4.695925e-02;4.603669e-02;1.434475e-01;1.151779e-01;1.117212e-01;8.945865e-02;1.451291e-01;5.806114e-02;5.530363e-02;8.611025e-02;4.107152e-02
6.440789e-02;5.858399e-02;5.121526e-02;1.427670e-01;9.521329e-02;1.162759e-01;9.937958e-02;1.542055e-01;4.445403e-02;5.829065e-02;8.869389e-02;2.651290e-02
6.649087e-02;6.111921e-02;5.238127e-02;1.211480e-01;7.574888e-02;1.180842e-01;1.102693e-01;1.890453e-01;3.607533e-02;5.493146e-02;1.008272e-01;1.387904e-02
8.702996e-02;3.539562e-02;2.671205e-02;3.457716e-02;4.303372e-02;7.686947e-02;2.243657e-01;3.042501e-01;3.380735e-02;3.507353e-02;8.269751e-02;1.618786e-02
4.951866e-02;4.628811e-02;1.070460e-02;1.036793e-02;1.191068e-02;3.729295e-02;3.382007e-01;3.711316e-01;1.843094e-02;1.614353e-02;8.457272e-02;5.437635e-03
1.436520e-02;4.010359e-02;7.606282e-03;8.391188e-03;5.788144e-03;4.026695e-02;4.116387e-01;4.115065e-01;1.581645e-02;9.332992e-03;3.304540e-02;2.138548e-03
3.240151e-02;4.821916e-02;5.505406e-03;8.005894e-03;1.031741e-02;5.111064e-02;4.396144e-01;3.789074e-01;1.326006e-02;7.285846e-03;4.646778e-03;7.255063e-04
7.983911e-02;7.754008e-02;9.869914e-03;1.276367e-02;1.385553e-02;5.824950e-02;3.788164e-01;3.156926e-01;1.108262e-02;9.766572e-03;2.891541e-02;3.608584e-03
1.403551e-01;1.103882e-01;1.887662e-02;1.813309e-02;1.910940e-02;6.041000e-02;2.285398e-01;3.014994e-01;1.071496e-02;1.459452e-02;7.112731e-02;6.251601e-03
1.115018e-01;5.724908e-02;2.013787e-02;9.296467e-03;2.136714e-02;5.766485e-02;3.323555e-01;2.664475e-01;1.457558e-02;2.187670e-02;7.798044e-02;9.547165e-03
6.598987e-02;7.593733e-02;2.206776e-02;3.573127e-02;2.152001e-02;4.545704e-02;3.934822e-01;2.228118e-01;4.770373e-02;2.403863e-02;3.608352e-02;9.176875e-03
7.365713e-02;6.310487e-02;2.029036e-02;3.212889e-02;2.068265e-02;6.781209e-02;3.491473e-01;2.181514e-01;7.347015e-02;2.501685e-02;4.515617e-02;1.138218e-02
1.204050e-01;5.236905e-02;1.469232e-02;2.286193e-02;2.097788e-02;9.393583e-02;4.062648e-01;1.488516e-01;5.239376e-02;1.673694e-02;4.429107e-02;6.219720e-03
1.332433e-01;4.822655e-02;5.478446e-03;2.044140e-02;2.604366e-02;1.186057e-01;4.311670e-01;1.533222e-01;1.780788e-02;9.462463e-03;3.343669e-02;2.764737e-03
1.613547e-01;5.819739e-02;4.715417e-03;2.228633e-02;2.844232e-02;1.269654e-01;4.072342e-01;1.470249e-01;7.045386e-03;6.558885e-03;2.743746e-02;2.737583e-03
2.280739e-01;6.950315e-02;9.008707e-03;1.589070e-02;3.115835e-02;1.309932e-01;3.543754e-01;1.102135e-01;6.176348e-03;9.152964e-03;3.104268e-02;4.411140e-03
3.460607e-01;7.438684e-02;1.075522e-02;1.093276e-02;2.688735e-02;1.152773e-01;2.714107e-01;6.978346e-02;1.085245e-02;1.080507e-02;3.759702e-02;1.525115e-02
4.494436e-01;8.475208e-02;2.003393e-02;1.447686e-02;2.675907e-02;7.732837e-02;1.850392e-01;3.742189e-02;1.931182e-02;1.264412e-02;4.090293e-02;3.188614e-02
4.259935e-01;6.873725e-02;2.531847e-02;2.447210e-02;4.854627e-02;5.157690e-02;1.179213e-01;4.029644e-02;3.083136e-02;2.164729e-02;9.983109e-02;4.482794e-02
3.084243e-01;5.399769e-02;2.568906e-02;2.530342e-02;7.535373e-02;5.448666e-02;8.335829e-02;7.080740e-02;3.825979e-02;3.186877e-02;1.819209e-01;5.053005e-02
7.355960e-02;6.290215e-02;2.119550e-02;2.478998e-02;6.722143e-02;8.337699e-02;1.593178e-01;1.023377e-01;2.506980e-02;2.542895e-02;3.177681e-01;3.703208e-02
1.244830e-01;4.984672e-02;1.805960e-02;2.523134e-02;2.888810e-02;6.813101e-02;1.180546e-01;8.799350e-02;1.373750e-02;1.933095e-02;4.197382e-01;2.650535e-02
1.104579e-01;4.005613e-02;1.954463e-02;2.969858e-02;3.241926e-02;4.594287e-02;8.847824e-02;7.430281e-02;1.541028e-02;2.007815e-02;4.963718e-01;2.723934e-02
7.844242e-02;4.323845e-02;2.563120e-02;4.863221e-02;2.783707e-02;6.994808e-02;7.347657e-02;6.407116e-02;1.235487e-02;2.438323e-02;5.136074e-01;1.837720e-02
7.658535e-02;8.338518e-02;3.297656e-02;6.289878e-02;1.873806e-02;8.939056e-02;6.560006e-02;6.251045e-02;8.788773e-03;3.084508e-02;4.538729e-01;1.440824e-02
1.131556e-01;1.496489e-01;4.671214e-02;5.431736e-02;2.140410e-02;9.095716e-02;9.642061e-02;8.501425e-02;1.385036e-02;3.319791e-02;2.785988e-01;1.672272e-02
1.334648e-01;1.217050e-01;3.644000e-02;2.657317e-02;4.881723e-02;7.314182e-02;1.149117e-01;4.572201e-02;3.249432e-02;2.800616e-02;3.215303e-01;1.719349e-02
1.658431e-01;8.568887e-02;3.040488e-02;5.120069e-02;6.592158e-02;8.035894e-02;1.747303e-01;9.254973e-02;3.125217e-02;1.833096e-02;1.867830e-01;1.693572e-02
1.153658e-01;8.933964e-02;4.871840e-02;6.597461e-02;5.274105e-02;7.580406e-02;1.243138e-01;8.734120e-02;1.800648e-02;2.531956e-02;2.850494e-01;1.202601e-02
4.371278e-02;9.834326e-02;6.175028e-02;8.113077e-02;3.358155e-02;6.548811e-02;6.338534e-02;8.164693e-02;1.994423e-02;2.797653e-02;4.124077e-01;1.063247e-02
5.345224e-02;1.127950e-01;6.112760e-02;7.638799e-02;3.018031e-02;5.726334e-02;7.259711e-02;7.954071e-02;2.219934e-02;2.314192e-02;4.024895e-01;8.824898e-03
6.263664e-02;1.059427e-01;5.292900e-02;6.926491e-02;4.333898e-02;7.083317e-02;1.357970e-01;6.427491e-02;3.214168e-02;2.718139e-02;3.150903e-01;2.056941e-02
1.653586e-01;1.094306e-01;4.892068e-02;5.389247e-02;5.003503e-02;8.486900e-02;2.190997e-01;6.694402e-02;3.422683e-02;2.752393e-02;1.134102e-01;2.628891e-02
2.116580e-01;7.689240e-02;4.342416e-02;3.778291e-02;5.048697e-02;8.129560e-02;2.199136e-01;8.991428e-02;3.222641e-02;2.249052e-02;1.087730e-01;2.514223e-02
2.462380e-01;3.793949e-02;4.932549e-02;2.341510e-02;5.376984e-02;9.472642e-02;2.139485e-01;4.303082e-02;3.329024e-02;2.426533e-02;1.644175e-01;1.563323e-02
2.492488e-01;4.896790e-02;3.396441e-02;2.399086e-02;3.873532e-02;1.168136e-01;3.038092e-01;5.968524e-02;2.021361e-02;2.413972e-02;7.396124e-02;6.470045e-03
2.354318e-01;5.477459e-02;1.899097e-02;2.372075e-02;4.171719e-02;1.184506e-01;3.705551e-01;7.386190e-02;1.015813e-02;2.396214e-02;2.387544e-02;4.501326e-03
2.330556e-01;6.457049e-02;1.006901e-02;2.108260e-02;3.602815e-02;1.020944e-01;4.053364e-01;7.932808e-02;7.262244e-03;2.013641e-02;1.434680e-02;6.689988e-03
2.129039e-01;8.388329e-02;9.462297e-03;1.293663e-02;2.403251e-02;8.615605e-02;4.261663e-01;9.261422e-02;4.651748e-03;1.735346e-02;2.155851e-02;8.281082e-03
1.721338e-01;8.498260e-02;9.632834e-03;1.246524e-02;1.398252e-02;8.055800e-02;4.454674e-01;1.210752e-01;5.245257e-03;1.296660e-02;3.402735e-02;7.463157e-03
1.580201e-01;9.116909e-02;1.047727e-02;1.674399e-02;1.352452e-02;8.294198e-02;4.463773e-01;1.094846e-01;4.130458e-03;1.290471e-02;4.713150e-02;7.094516e-03
1.324522e-01;7.081799e-02;1.467009e-02;1.388892e-02;1.585342e-02;9.906335e-02;5.046910e-01;9.029502e-02;9.348582e-03;7.517239e-03;3.245423e-02;8.947984e-03
8.391189e-02;4.430901e-02;1.140839e-02;1.580899e-02;1.790105e-02;9.401041e-02;5.317529e-01;1.602044e-01;7.769471e-03;7.273553e-03;1.754599e-02;8.103884e-03
7.355399e-02;5.422625e-02;8.881005e-03;2.087100e-02;1.741445e-02;9.553600e-02;5.430837e-01;1.481328e-01;6.793504e-03;9.473593e-03;1.545295e-02;6.580679e-03
7.794734e-02;4.737800e-02;8.716763e-03;2.702893e-02;2.417218e-02;1.087294e-01;5.378147e-01;1.312426e-01;5.917007e-03;1.111663e-02;1.461248e-02;5.324021e-03
9.851319e-02;2.689392e-02;8.302916e-03;2.476422e-02;3.390731e-02;1.373722e-01;5.209293e-01;1.111019e-01;7.283008e-03;1.599242e-02;1.070779e-02;4.231837e-03
1.264080e-01;2.317423e-02;1.088038e-02;1.920072e-02;3.848903e-02;1.514425e-01;4.856734e-01;8.811723e-02;8.142699e-03;1.459440e-02;2.918326e-02;4.694072e-03
1.463224e-01;3.333460e-02;2.315843e-02;2.384515e-02;3.777990e-02;1.365082e-01;4.150213e-01;7.165818e-02;1.676189e-02;1.153269e-02;7.962541e-02;4.451918e-03
1.625095e-01;4.615244e-02;1.952189e-02;2.001389e-02;4.519559e-02;9.726432e-02;3.359846e-01;1.342543e-01;2.258338e-02;8.428231e-03;9.901939e-02;9.072426e-03
2.304575e-01;6.111550e-02;2.418338e-02;2.125824e-02;5.969551e-02;8.778774e-02;2.224355e-01;8.275394e-02;3.676215e-02;1.102113e-02;1.431905e-01;1.933885e-02
1.906834e-01;2.842781e-02;2.909423e-02;2.230889e-02;6.937788e-02;8.381227e-02;1.766686e-01;5.223706e-02;4.133668e-02;1.166756e-02;2.626930e-01;3.169258e-02
8.168373e-02;3.987521e-02;2.724425e-02;2.174289e-02;4.951438e-02;6.496072e-02;1.404215e-01;4.244573e-02;2.000147e-02;2.745604e-02;4.621103e-01;2.254378e-02
8.703165e-02;3.843744e-02;2.565736e-02;1.710685e-02;3.129389e-02;3.731842e-02;7.798392e-02;4.396595e-02;1.309241e-02;2.712200e-02;5.880131e-01;1.297705e-02
8.928405e-02;4.826482e-02;2.485079e-02;2.406650e-02;2.318527e-02;3.182454e-02;5.228838e-02;5.535662e-02;8.766267e-03;2.590864e-02;6.053545e-01;1.084957e-02
4.893095e-02;3.926931e-02;2.691158e-02;3.469766e-02;2.736397e-02;3.937408e-02;5.805470e-02;6.056915e-02;6.787209e-03;2.871638e-02;6.184071e-01;1.091793e-02
4.827399e-02;5.718531e-02;3.063977e-02;3.768649e-02;3.419948e-02;4.957607e-02;4.932549e-02;6.491961e-02;7.819103e-03;3.958866e-02;5.709221e-01;9.864007e-03
6.887701e-02;1.065362e-01;3.910996e-02;2.468770e-02;2.476354e-02;4.309058e-02;6.681558e-02;7.124821e-02;1.495818e-02;4.605127e-02;4.840490e-01;9.812774e-03
5.685066e-02;9.795367e-02;4.536058e-02;3.082524e-02;2.599965e-02;4.114311e-02;8.338862e-02;1.055285e-01;2.175939e-02;3.542558e-02;4.455706e-01;1.019442e-02
3.230361e-02;6.795524e-02;3.961959e-02;3.601187e-02;2.677221e-02;4.583478e-02;9.059795e-02;1.001889e-01;2.881474e-02;3.041197e-02;4.941693e-01;7.319793e-03
5.683891e-02;9.976508e-02;3.647234e-02;2.972108e-02;1.993414e-02;3.163067e-02;6.834289e-02;6.969909e-02;2.325645e-02;3.059858e-02;5.274619e-01;6.278816e-03
3.785621e-02;1.274641e-01;4.204394e-02;1.957425e-02;1.778052e-02;1.694277e-02;6.251920e-02;6.257746e-02;1.448004e-02;3.629580e-02;5.563470e-01;6.118619e-03
4.652259e-02;1.463602e-01;4.674983e-02;2.170652e-02;1.957251e-02;1.641807e-02;6.594632e-02;3.733966e-02;9.116828e-03;3.984996e-02;5.413645e-01;9.052995e-03
4.927109e-02;1.467923e-01;5.250551e-02;2.471969e-02;1.881752e-02;2.977739e-02;8.085608e-02;3.322114e-02;1.166718e-02;3.523844e-02;5.073230e-01;9.810763e-03
5.621118e-02;1.242652e-01;5.603578e-02;2.861329e-02;1.771298e-02;3.098476e-02;6.504266e-02;5.978857e-02;1.034244e-02;3.683929e-02;5.060733e-01;8.090504e-03
6.603912e-02;9.759273e-02;5.076654e-02;3.495552e-02;1.923154e-02;1.935103e-02;1.154761e-01;6.765839e-02;1.166112e-02;3.614510e-02;4.706676e-01;1.045517e-02
8.355521e-02;9.813004e-02;3.959946e-02;2.794063e-02;2.685785e-02;3.837706e-02;1.519660e-01;9.539427e-02;1.445580e-02;2.939391e-02;3.794872e-01;1.484265e-02
5.668639e-02;1.194129e-01;3.708142e-02;1.870407e-02;3.273063e-02;4.768625e-02;1.684293e-01;9.123742e-02;2.101182e-02;2.315057e-02;3.658731e-01;1.799615e-02
1.019482e-01;1.388830e-01;4.880706e-02;3.855152e-02;4.859816e-02;5.284628e-02;1.812816e-01;6.035672e-02;3.080912e-02;2.526230e-02;2.526647e-01;1.999126e-02
4.992565e-02;1.395740e-01;5.662041e-02;6.525929e-02;6.125975e-02;4.656032e-02;2.094832e-01;9.110764e-02;4.388972e-02;3.955474e-02;1.765287e-01;2.023658e-02
1.106360e-01;1.464252e-01;5.381002e-02;8.150692e-02;6.978205e-02;4.627541e-02;1.463857e-01;1.279014e-01;5.056512e-02;4.944211e-02;1.061709e-01;1.109907e-02
1.002179e-01;1.201720e-01;4.694533e-02;7.625918e-02;6.032464e-02;6.489490e-02;1.569196e-01;1.278491e-01;5.585741e-02;3.824222e-02;1.339110e-01;1.840681e-02
1.018586e-01;1.166708e-01;3.498826e-02;6.463356e-02;4.119033e-02;7.380347e-02;1.439238e-01;1.292896e-01;4.445074e-02;3.489805e-02;1.847596e-01;2.953314e-02
1.375341e-01;1.556613e-01;2.568612e-02;4.613003e-02;4.697548e-02;9.481599e-02;1.076171e-01;1.013380e-01;4.709546e-02;2.994342e-02;1.671622e-01;4.004081e-02
1.483323e-01;1.073233e-01;3.787405e-02;4.881239e-02;7.275541e-02;1.010990e-01;1.307637e-01;7.513703e-02;5.422674e-02;4.012740e-02;1.441003e-01;3.944835e-02
1.415572e-01;6.955591e-02;3.952181e-02;5.522323e-02;6.416665e-02;6.016176e-02;1.436232e-01;1.176945e-01;3.508968e-02;6.143615e-02;1.906096e-01;2.136029e-02
1.468010e-01;8.704264e-02;3.950835e-02;4.856442e-02;3.304359e-02;6.263971e-02;1.381520e-01;1.839190e-01;4.834452e-02;7.290637e-02;1.098530e-01;2.922550e-02
1.316407e-01;1.004829e-01;4.997960e-02;4.548375e-02;3.428064e-02;4.653857e-02;6.572353e-02;1.967152e-01;6.446913e-02;8.634228e-02;1.437937e-01;3.455006e-02
1.146207e-01;1.388806e-01;3.872626e-02;3.675905e-02;3.084152e-02;4.768581e-02;1.163437e-01;1.399072e-01;3.697167e-02;5.638167e-02;2.001337e-01;4.274813e-02
1.077446e-01;1.118246e-01;3.522906e-02;5.266651e-02;1.663804e-02;4.900154e-02;1.577965e-01;1.736575e-01;2.758667e-02;4.223806e-02;1.885007e-01;3.711620e-02
8.335893e-02;5.204722e-02;3.337834e-02;6.151615e-02;1.515995e-02;4.810743e-02;1.805923e-01;2.177895e-01;2.733798e-02;4.679846e-02;2.123446e-01;2.156908e-02
7.831965e-02;1.117910e-01;5.349768e-02;5.938539e-02;1.931560e-02;4.519586e-02;1.687976e-01;1.821973e-01;3.021777e-02;4.017567e-02;1.828241e-01;2.828241e-02
1.001874e-01;1.212574e-01;5.217512e-02;4.425704e-02;1.645466e-02;5.372251e-02;2.363954e-01;2.182806e-01;2.454820e-02;3.186220e-02;7.728253e-02;2.357691e-02
1.096333e-01;1.190439e-01;3.718565e-02;2.519397e-02;1.635646e-02;4.445711e-02;2.013889e-01;2.332515e-01;2.831625e-02;3.259935e-02;1.323022e-01;2.027145e-02
1.812105e-01;2.644285e-01;3.375548e-02;2.385525e-02;1.499474e-02;3.624405e-02;1.165936e-01;1.147143e-01;1.651285e-02;3.301989e-02;1.488936e-01;1.577725e-02
3.298258e-01;3.377654e-01;3.681996e-02;2.143666e-02;1.548611e-02;2.170663e-02;6.212810e-02;3.667711e-02;1.459702e-02;2.397189e-02;7.719190e-02;2.239338e-02
3.808435e-01;2.863214e-01;3.115343e-02;2.122780e-02;1.450001e-02;2.473002e-02;7.756565e-02;6.915896e-02;1.751194e-02;2.492765e-02;2.944950e-02;2.261011e-02
2.952781e-01;1.339477e-01;2.276522e-02;2.068969e-02;2.945814e-02;4.398890e-02;2.098865e-01;7.589181e-02;2.740996e-02;4.334132e-02;8.192494e-02;1.541774e-02
1.453938e-01;1.478387e-01;4.068818e-02;3.017200e-02;3.957046e-02;5.344687e-02;1.820127e-01;9.169545e-02;4.470174e-02;5.527386e-02;1.464511e-01;2.275519e-02
1.940957e-01;1.395120e-01;2.716525e-02;3.035134e-02;3.365497e-02;4.724797e-02;1.817105e-01;1.240390e-01;3.589905e-02;4.330182e-02;1.258792e-01;1.714325e-02
2.158277e-01;1.178953e-01;1.615808e-02;2.052837e-02;2.484601e-02;5.645700e-02;2.527545e-01;1.352294e-01;2.182648e-02;2.964498e-02;9.870394e-02;1.012817e-02
2.440188e-01;7.361147e-02;1.093863e-02;9.398333e-03;2.277667e-02;8.254001e-02;3.238830e-01;1.207387e-01;8.116993e-03;1.779531e-02;7.771657e-02;8.465481e-03
2.338697e-01;6.435942e-02;2.117817e-02;1.487498e-02;2.283720e-02;8.845977e-02;3.276447e-01;8.831169e-02;1.067604e-02;1.325564e-02;1.011622e-01;1.337056e-02
1.943469e-01;1.092009e-01;2.811555e-02;2.099225e-02;2.053721e-02;7.007860e-02;2.894785e-01;8.968016e-02;1.052786e-02;1.257866e-02;1.403577e-01;1.410567e-02
1.808291e-01;1.236798e-01;3.706785e-02;1.433462e-02;2.321873e-02;6.048501e-02;2.808095e-01;9.242529e-02;7.756702e-03;1.721281e-02;1.524770e-01;9.703489e-03
2.483208e-01;1.192126e-01;4.713171e-02;3.215266e-02;2.803853e-02;5.953575e-02;2.567759e-01;8.740679e-02;1.231323e-02;2.215591e-02;7.320470e-02;1.375136e-02
1.727834e-01;1.228746e-01;5.406896e-02;4.695965e-02;2.554460e-02;6.171348e-02;2.162398e-01;1.665858e-01;1.949013e-02;2.838887e-02;7.338995e-02;1.196074e-02
1.351946e-01;1.613222e-01;5.522301e-02;2.695437e-02;1.927845e-02;7.203334e-02;2.321085e-01;1.000073e-01;2.050163e-02;3.330989e-02;1.114889e-01;3.257781e-02
1.636010e-01;7.426423e-02;4.708343e-02;1.783534e-02;2.009346e-02;6.080526e-02;2.445247e-01;1.404328e-01;2.008733e-02;2.506377e-02;1.533643e-01;3.284442e-02
1.327160e-01;1.062435e-01;4.574541e-02;2.076921e-02;3.098374e-02;6.359641e-02;1.665380e-01;1.533819e-01;2.846594e-02;2.671800e-02;1.927844e-01;3.205747e-02
7.296644e-02;1.252592e-01;3.585043e-02;4.728052e-02;3.030751e-02;6.557541e-02;1.030606e-01;1.303233e-01;9.145483e-02;5.498473e-02;2.123115e-01;3.062562e-02
7.974492e-02;1.141522e-01;5.346220e-02;5.281084e-02;3.877147e-02;6.288902e-02;9.856670e-02;1.430180e-01;1.075825e-01;6.028523e-02;1.467627e-01;4.195421e-02
8.885088e-02;9.375121e-02;5.317985e-02;5.499241e-02;4.151182e-02;5.605916e-02;1.205797e-01;1.668951e-01;9.514946e-02;5.181947e-02;1.311091e-01;4.610179e-02
1.136764e-01;5.316951e-02;3.840657e-02;3.452629e-02;2.855022e-02;4.008040e-02;2.356113e-01;2.357959e-01;5.722250e-02;3.528085e-02;9.671600e-02;3.096392e-02
6.091705e-02;1.123433e-01;2.505871e-02;1.140082e-02;8.722942e-03;4.384611e-02;3.052581e-01;2.517268e-01;1.876918e-02;2.074111e-02;1.313747e-01;9.841153e-03
1.247641e-01;1.328180e-01;1.830441e-02;1.140017e-02;9.969156e-03;4.390620e-02;3.088520e-01;2.124392e-01;1.366401e-02;1.229268e-02;1.034907e-01;8.099454e-03
1.891810e-01;1.575918e-01;1.199330e-02;6.005784e-03;1.028910e-02;5.448478e-02;3.358276e-01;1.606507e-01;9.602281e-03;7.710902e-03;5.002302e-02;6.639825e-03
2.285816e-01;1.614787e-01;1.034819e-02;1.335585e-02;1.305785e-02;6.790711e-02;3.241329e-01;1.266627e-01;6.273100e-03;7.793281e-03;3.332685e-02;7.082009e-03
2.313417e-01;1.543330e-01;1.537337e-02;1.744889e-02;2.033867e-02;7.425728e-02;2.894579e-01;1.096652e-01;1.349021e-02;1.075195e-02;5.497684e-02;8.565007e-03
2.374301e-01;1.483624e-01;2.794220e-02;1.697891e-02;2.559364e-02;6.713868e-02;2.791142e-01;8.857956e-02;1.921115e-02;1.457955e-02;6.711440e-02;7.955252e-03
1.945874e-01;1.010557e-01;3.185720e-02;1.351157e-02;2.884276e-02;1.973365e-02;3.488796e-01;1.067192e-01;3.079101e-02;1.908853e-02;9.140699e-02;1.352636e-02
1.133788e-01;8.867261e-02;2.652183e-02;1.748369e-02;2.444128e-02;7.156607e-02;3.404105e-01;1.959142e-01;3.436330e-02;1.674594e-02;5.994823e-02;1.055364e-02
9.557500e-02;6.783920e-02;2.663271e-02;1.818553e-02;3.367914e-02;1.192790e-01;3.888301e-01;1.571369e-01;2.863774e-02;2.046856e-02;3.207739e-02;1.165874e-02
1.278707e-01;4.578838e-02;1.580509e-02;1.276948e-02;2.510548e-02;1.045058e-01;3.525357e-01;1.637347e-01;1.792951e-02;2.109702e-02;1.041244e-01;8.733787e-03
1.720430e-01;7.892703e-02;1.595637e-02;1.089231e-02;1.563778e-02;7.491075e-02;3.163527e-01;1.955186e-01;1.113257e-02;1.543322e-02;8.670349e-02;6.492149e-03
2.391948e-01;1.094409e-01;2.485865e-02;1.644666e-02;1.814599e-02;8.131903e-02;2.994324e-01;1.432032e-01;1.723088e-02;1.793339e-02;2.588895e-02;6.905225e-03
2.696737e-01;1.187553e-01;2.420969e-02;2.242788e-02;2.052307e-02;8.914099e-02;2.896870e-01;7.978636e-02;2.586557e-02;2.096985e-02;2.874664e-02;1.021397e-02
2.268651e-01;7.598750e-02;2.960089e-02;2.090238e-02;2.171742e-02;8.444368e-02;3.326740e-01;1.018374e-01;3.192043e-02;1.721544e-02;4.747912e-02;9.356582e-03
1.984458e-01;4.647494e-02;2.591037e-02;1.853209e-02;2.409740e-02;6.808367e-02;3.738761e-01;1.150845e-01;3.489327e-02;1.679367e-02;6.607256e-02;1.173566e-02
1.714288e-01;6.415473e-02;2.229876e-02;1.237985e-02;2.708339e-02;5.705044e-02;3.347328e-01;1.123436e-01;2.635106e-02;2.285586e-02;1.304965e-01;1.882416e-02
1.570995e-01;7.633925e-02;2.730377e-02;3.677054e-02;2.806607e-02;8.007507e-02;2.468482e-01;1.072075e-01;2.711467e-02;3.071935e-02;1.508792e-01;3.157685e-02
1.448267e-01;5.700105e-02;4.705646e-02;5.004569e-02;4.847274e-02;9.004380e-02;2.147636e-01;1.330746e-01;4.824232e-02;3.870407e-02;9.577909e-02;3.198988e-02
6.519300e-02;6.349407e-02;3.994472e-02;7.730410e-02;5.576591e-02;8.171238e-02;2.334275e-01;1.808553e-01;4.521925e-02;5.304779e-02;6.069340e-02;4.334258e-02
5.623254e-02;7.064042e-02;3.349280e-02;8.014158e-02;6.790560e-02;8.029182e-02;2.344990e-01;1.554398e-01;4.237994e-02;8.210391e-02;4.340438e-02;5.346813e-02
6.125622e-02;7.619339e-02;3.844775e-02;7.581902e-02;7.195885e-02;6.167773e-02;2.249390e-01;1.519212e-01;4.822096e-02;8.221677e-02;6.352565e-02;4.382349e-02
5.085426e-02;8.376168e-02;4.261796e-02;1.026016e-01;5.337550e-02;6.060154e-02;2.175655e-01;1.371482e-01;6.346020e-02;8.076848e-02;6.765598e-02;3.958905e-02
5.899935e-02;8.031878e-02;4.518570e-02;1.015436e-01;7.750723e-02;7.684204e-02;1.609845e-01;1.234705e-01;1.085461e-01;9.637257e-02;2.825820e-02;4.197146e-02
6.681058e-02;7.941750e-02;4.786192e-02;8.379351e-02;8.820867e-02;1.231784e-01;1.117075e-01;1.315920e-01;9.154707e-02;8.035263e-02;5.992797e-02;3.560225e-02
6.567557e-02;5.938814e-02;4.170015e-02;7.352546e-02;1.071290e-01;1.469948e-01;1.413087e-01;1.575044e-01;6.774214e-02;5.450805e-02;4.478487e-02;3.973871e-02
7.941892e-02;3.969498e-02;3.956098e-02;6.895458e-02;9.628813e-02;1.355356e-01;1.525103e-01;1.839831e-01;5.807144e-02;5.300269e-02;6.896034e-02;2.401897e-02
8.030215e-02;5.926250e-02;5.719391e-02;7.127555e-02;6.264871e-02;1.277158e-01;1.100649e-01;1.821191e-01;9.277090e-02;7.673123e-02;5.649873e-02;2.341654e-02
5.032087e-02;6.497662e-02;6.168507e-02;4.049627e-02;4.767700e-02;1.301343e-01;1.290607e-01;1.367913e-01;1.359857e-01;8.860365e-02;8.570280e-02;2.856580e-02
7.201816e-02;5.499142e-02;5.361608e-02;5.179917e-02;5.298040e-02;1.558599e-01;1.142885e-01;1.112349e-01;1.226547e-01;9.225030e-02;8.115053e-02;3.715577e-02
7.379737e-02;6.804773e-02;4.623187e-02;7.250065e-02;7.101889e-02;1.144285e-01;1.088358e-01;1.629517e-01;8.238419e-02;8.864546e-02;7.464358e-02;3.651426e-02
6.302051e-02;9.927880e-02;4.034247e-02;1.158928e-01;6.232420e-02;4.840076e-02;1.281906e-01;1.744902e-01;7.000452e-02;8.559126e-02;1.000382e-01;1.242575e-02
7.676746e-02;1.093102e-01;3.775397e-02;1.060213e-01;8.404633e-02;4.986099e-02;1.151981e-01;1.497757e-01;6.959643e-02;6.164505e-02;1.122825e-01;2.774197e-02
1.113324e-01;9.956687e-02;3.159309e-02;6.115265e-02;7.091966e-02;6.579789e-02;1.472150e-01;1.502228e-01;8.995637e-02;5.086827e-02;7.432754e-02;4.704750e-02
1.859991e-01;1.222499e-01;4.944766e-02;6.811606e-02;3.155665e-02;4.740959e-02;1.600367e-01;1.297476e-01;5.949335e-02;3.545244e-02;7.151014e-02;3.898081e-02
2.009984e-01;1.406664e-01;1.858318e-02;3.681060e-02;2.350261e-02;3.998533e-02;1.689772e-01;7.892598e-02;2.123095e-02;3.296187e-02;2.094190e-01;2.793863e-02
1.550050e-01;1.566358e-01;2.541174e-02;1.254032e-02;2.034368e-02;4.051820e-02;2.295976e-01;1.388669e-01;1.571368e-02;1.947623e-02;1.522682e-01;3.362262e-02
1.458522e-01;1.697816e-01;2.976818e-02;2.133587e-02;1.753612e-02;5.072626e-02;2.663299e-01;1.472005e-01;1.238529e-02;1.439684e-02;9.819046e-02;2.649678e-02
1.775912e-01;1.734935e-01;3.053323e-02;5.257396e-02;2.446821e-02;6.933485e-02;2.720648e-01;9.745134e-02;7.354906e-03;1.979236e-02;5.976105e-02;1.558058e-02
2.364965e-01;1.344591e-01;2.109827e-02;9.180482e-02;4.436386e-02;9.908421e-02;2.625198e-01;5.107701e-02;3.744030e-03;2.328012e-02;2.530955e-02;6.762588e-03
2.834132e-01;6.099084e-02;8.065667e-03;8.512896e-02;5.399452e-02;1.305491e-01;2.768158e-01;5.442270e-02;8.356822e-03;2.530561e-02;7.748621e-03;5.208128e-03
3.002420e-01;3.654668e-02;6.365393e-03;3.160634e-02;3.358694e-02;1.301122e-01;3.084180e-01;7.788920e-02;1.604022e-02;3.007861e-02;2.386837e-02;5.246072e-03
3.343057e-01;3.974744e-02;5.801199e-03;2.092148e-02;2.718165e-02;1.186684e-01;2.914333e-01;7.378144e-02;1.909263e-02;3.566673e-02;2.373987e-02;9.660109e-03
3.321784e-01;4.175029e-02;6.611471e-03;3.130715e-02;2.707515e-02;1.061797e-01;2.616234e-01;6.066835e-02;1.557687e-02;3.124095e-02;6.979603e-02;1.599216e-02
2.698192e-01;7.101551e-02;1.414659e-02;2.405401e-02;2.465333e-02;8.970724e-02;2.189433e-01;8.833925e-02;1.683520e-02;2.655133e-02;1.425739e-01;1.336119e-02
1.803839e-01;1.075606e-01;1.784086e-02;2.914556e-02;2.839564e-02;9.383431e-02;1.152792e-01;1.571340e-01;1.853632e-02;3.388535e-02;2.061629e-01;1.184133e-02
5.215917e-02;5.845168e-02;1.367779e-02;1.589580e-02;2.999387e-02;1.171539e-01;4.078530e-01;1.550707e-01;1.666037e-02;3.960722e-02;8.760828e-02;5.868140e-03
7.965202e-02;5.344154e-02;1.204641e-02;1.648675e-02;2.557458e-02;1.301598e-01;5.052053e-01;9.317394e-02;1.303092e-02;2.991522e-02;3.466585e-02;6.647653e-03
8.884557e-02;6.618989e-02;1.297779e-02;1.998764e-02;1.856445e-02;1.046272e-01;5.031668e-01;1.252624e-01;7.939480e-03;1.499524e-02;3.077747e-02;6.666082e-03
4.419089e-02;4.935144e-02;1.479116e-02;1.114805e-02;1.299053e-02;9.497695e-02;5.520643e-01;1.702452e-01;7.248158e-03;9.145298e-03;2.764329e-02;6.204660e-03
4.355044e-02;4.217037e-02;1.384329e-02;1.107770e-02;1.170816e-02;9.024381e-02;5.648043e-01;1.783899e-01;6.299137e-03;9.293021e-03;2.176543e-02;6.854448e-03
5.451350e-02;4.354744e-02;1.260053e-02;7.827576e-03;1.325459e-02;9.376714e-02;5.739920e-01;1.675797e-01;7.129780e-03;7.108025e-03;1.501237e-02;3.667447e-03
5.880870e-02;3.973480e-02;1.253039e-02;9.140064e-03;1.395987e-02;9.521833e-02;5.811590e-01;1.630148e-01;4.484266e-03;9.155589e-03;7.846613e-03;4.947566e-03
6.767924e-02;2.600251e-02;1.000282e-02;8.186777e-03;1.310548e-02;9.299618e-02;5.692014e-01;1.674317e-01;6.883150e-03;1.362271e-02;2.093793e-02;3.950134e-03
7.908390e-02;2.893442e-02;1.035496e-02;3.045662e-03;1.681160e-02;8.849955e-02;5.188072e-01;1.779673e-01;1.100968e-02;1.626456e-02;4.336130e-02;5.859784e-03
1.032064e-01;3.630709e-02;1.231754e-02;1.173803e-02;2.246972e-02;8.872578e-02;4.768257e-01;1.491690e-01;1.165686e-02;1.734952e-02;6.108478e-02;9.149476e-03
1.297123e-01;4.587026e-02;2.030247e-02;2.618240e-02;3.110190e-02;7.869638e-02;4.408727e-01;1.221421e-01;1.170581e-02;1.245548e-02;7.180078e-02;9.157467e-03
1.192119e-01;8.138093e-02;3.020984e-02;3.550715e-02;4.390160e-02;5.462931e-02;4.118400e-01;1.043066e-01;2.376057e-02;2.079874e-02;5.053109e-02;2.392224e-02
8.398834e-02;8.997628e-02;2.183696e-02;2.050757e-02;4.065214e-02;6.652022e-02;3.968944e-01;1.974549e-01;2.622218e-02;1.779848e-02;1.904110e-02;1.910745e-02
9.374870e-02;9.776701e-02;2.705731e-02;1.149929e-02;1.859924e-02;6.599265e-02;3.759644e-01;2.147504e-01;2.545287e-02;1.276010e-02;4.889605e-02;7.511959e-03
7.907207e-02;5.913935e-02;4.723300e-02;3.284418e-02;3.507788e-02;9.000602e-02;2.921602e-01;2.018614e-01;4.985580e-02;2.406948e-02;5.982398e-02;2.885669e-02
6.700180e-02;5.783703e-02;6.905495e-02;5.671968e-02;5.852306e-02;1.169692e-01;2.028862e-01;1.453947e-01;7.161954e-02;4.243043e-02;6.935145e-02;4.221194e-02
6.447680e-02;6.668609e-02;6.132882e-02;7.532454e-02;5.693861e-02;1.154070e-01;1.924303e-01;1.385227e-01;5.413139e-02;6.077288e-02;8.006730e-02;3.391362e-02
5.497650e-02;7.641434e-02;4.656095e-02;8.322167e-02;5.963385e-02;1.002665e-01;1.638901e-01;1.226139e-01;7.447820e-02;7.873113e-02;1.129211e-01;2.629163e-02
7.203750e-02;8.541293e-02;3.982106e-02;7.177899e-02;4.516881e-02;6.762014e-02;1.494716e-01;1.175294e-01;9.397823e-02;8.317406e-02;1.540939e-01;1.991337e-02
8.810806e-02;8.764538e-02;4.998894e-02;3.264514e-02;6.363257e-02;9.806482e-02;1.369483e-01;1.552476e-01;6.185712e-02;6.237543e-02;1.400860e-01;2.340054e-02
8.075532e-02;7.368761e-02;5.704353e-02;3.804859e-02;4.309621e-02;1.072308e-01;1.414277e-01;2.077737e-01;6.454155e-02;5.304099e-02;1.066209e-01;2.673319e-02
9.415115e-02;5.700969e-02;5.468061e-02;4.538243e-02;2.774421e-02;9.295426e-02;1.289624e-01;2.047773e-01;8.619100e-02;8.665029e-02;9.124063e-02;3.025606e-02
1.015879e-01;4.327944e-02;4.930441e-02;6.346361e-02;4.089796e-02;9.066825e-02;9.563998e-02;2.345785e-01;8.165646e-02;9.594335e-02;7.417767e-02;2.880247e-02
9.602378e-02;4.458125e-02;4.826419e-02;5.480466e-02;4.673830e-02;9.249815e-02;9.658782e-02;3.254205e-01;6.144862e-02;6.783105e-02;4.994189e-02;1.585976e-02
9.176593e-02;3.755404e-02;5.257884e-02;3.838054e-02;5.239509e-02;9.911498e-02;8.787085e-02;3.904668e-01;6.098583e-02;5.214765e-02;2.183817e-02;1.490125e-02
9.760218e-02;7.819627e-02;3.694192e-02;3.608408e-02;5.824599e-02;9.213332e-02;9.562481e-02;3.181258e-01;4.949322e-02;3.686793e-02;7.721795e-02;2.346658e-02
1.168534e-01;1.098159e-01;3.254300e-02;4.245082e-02;6.749911e-02;7.863274e-02;9.883998e-02;2.356488e-01;4.878967e-02;4.093103e-02;7.649041e-02;5.150520e-02
6.804781e-02;1.272113e-01;6.384212e-02;5.869309e-02;4.696398e-02;5.623998e-02;1.335573e-01;1.998243e-01;5.472045e-02;4.730940e-02;3.839925e-02;1.051910e-01
2.114920e-01;9.941538e-02;3.058886e-02;1.922742e-02;3.037449e-02;3.273195e-02;1.820549e-01;1.014546e-01;1.679950e-02;2.882341e-02;1.942540e-01;5.278352e-02
2.028947e-01;1.243639e-01;1.327208e-02;1.282074e-02;1.928194e-02;2.848316e-02;1.719940e-01;1.492456e-01;9.622555e-03;2.279582e-02;2.239809e-01;2.124467e-02
1.288821e-01;1.365346e-01;1.093712e-02;1.740270e-02;1.346053e-02;2.813683e-02;2.214778e-01;1.735122e-01;9.799795e-03;1.663083e-02;2.292643e-01;1.396117e-02
1.322005e-01;1.435782e-01;9.378910e-03;2.328242e-02;1.361947e-02;4.242662e-02;2.679411e-01;1.335038e-01;8.750964e-03;1.802458e-02;1.997083e-01;7.585031e-03
2.565876e-01;1.325910e-01;8.679313e-03;2.458394e-02;1.607888e-02;6.323053e-02;2.636791e-01;8.154159e-02;6.913242e-03;2.396566e-02;1.151437e-01;7.005391e-03
3.438831e-01;1.143703e-01;9.907547e-03;2.078914e-02;1.554483e-02;8.855970e-02;2.767956e-01;5.575554e-02;7.048208e-03;2.529075e-02;3.489869e-02;7.156627e-03
3.530321e-01;5.536182e-02;1.101222e-02;6.608351e-03;2.260085e-02;1.024050e-01;2.874376e-01;6.665272e-02;9.057113e-03;2.647945e-02;5.231203e-02;7.040735e-03
3.041461e-01;3.246027e-02;1.599107e-02;1.313580e-02;2.850781e-02;1.083922e-01;2.946059e-01;6.279115e-02;1.388435e-02;2.401550e-02;9.133553e-02;1.073435e-02
2.364864e-01;2.831397e-02;2.908402e-02;1.877663e-02;4.174284e-02;1.244042e-01;2.983402e-01;4.283938e-02;1.960440e-02;2.140706e-02;1.278928e-01;1.110813e-02
1.123491e-01;4.490702e-02;4.581135e-02;3.919396e-02;5.120147e-02;1.444799e-01;3.383572e-01;4.031748e-02;2.116167e-02;2.450313e-02;1.212637e-01;1.645405e-02
1.094524e-01;6.174507e-02;4.462016e-02;5.522344e-02;7.137056e-02;1.195625e-01;3.000705e-01;5.665246e-02;2.820325e-02;1.962212e-02;8.912299e-02;4.435457e-02
1.384092e-01;4.734506e-02;3.348250e-02;6.530655e-02;7.906742e-02;9.195977e-02;2.614458e-01;5.733892e-02;3.669450e-02;1.785002e-02;9.863383e-02;7.246643e-02
9.637777e-02;3.350538e-02;2.699149e-02;6.864790e-02;8.309972e-02;8.606140e-02;2.520663e-01;5.160026e-02;4.335019e-02;5.265846e-02;1.125757e-01;9.306538e-02
7.324666e-02;3.650738e-02;4.978948e-02;4.818809e-02;6.263277e-02;6.811067e-02;2.035515e-01;4.995213e-02;5.640432e-02;8.984315e-02;1.972544e-01;6.451939e-02
1.309451e-01;3.568877e-02;5.774489e-02;4.837643e-02;3.773630e-02;7.165966e-02;1.575321e-01;4.044231e-02;9.143632e-02;7.968535e-02;2.105577e-01;3.819510e-02
1.432578e-01;4.819738e-02;5.052293e-02;7.583360e-02;3.990779e-02;9.831394e-02;1.337657e-01;4.563334e-02;7.599503e-02;5.457152e-02;1.905039e-01;4.349705e-02
1.096965e-01;4.883935e-02;4.988525e-02;6.745598e-02;3.346805e-02;1.263107e-01;1.677212e-01;8.941614e-02;6.136796e-02;5.654256e-02;1.546377e-01;3.465858e-02
1.604843e-01;6.350686e-02;3.236833e-02;3.275982e-02;2.754611e-02;9.522322e-02;2.294977e-01;6.674732e-02;5.357235e-02;7.609160e-02;1.231612e-01;3.904116e-02
2.309267e-01;7.383050e-02;1.607438e-02;3.136897e-02;2.780384e-02;7.030719e-02;2.714269e-01;9.754893e-02;3.597586e-02;5.206477e-02;5.987015e-02;3.280177e-02
2.713791e-01;5.994751e-02;1.347193e-02;2.650670e-02;1.973867e-02;8.919670e-02;3.064718e-01;8.927655e-02;2.181502e-02;2.835459e-02;5.733077e-02;1.651062e-02
2.883386e-01;7.358509e-02;7.741537e-03;2.525116e-02;2.706859e-02;1.075349e-01;3.154714e-01;8.064555e-02;1.200142e-02;2.294455e-02;3.230887e-02;7.108303e-03
2.953505e-01;7.622676e-02;6.774632e-03;2.168043e-02;3.162507e-02;1.208398e-01;3.157617e-01;7.166923e-02;8.151252e-03;2.744681e-02;1.825833e-02;6.215496e-03
2.979873e-01;5.660516e-02;1.276998e-02;1.782387e-02;3.622061e-02;1.356574e-01;3.156673e-01;6.520715e-02;1.016054e-02;2.860281e-02;1.566465e-02;7.633258e-03
2.827637e-01;6.104973e-02;1.212626e-02;2.515443e-02;3.401806e-02;1.403191e-01;3.251114e-01;7.092958e-02;1.214248e-02;2.736885e-02;3.887850e-03;5.128549e-03
2.696536e-01;7.306585e-02;2.479603e-02;3.181156e-02;3.348782e-02;1.219169e-01;3.066425e-01;7.031403e-02;1.911215e-02;2.849093e-02;1.167888e-02;9.029794e-03
2.446779e-01;5.845963e-02;4.636334e-02;3.945029e-02;5.993375e-02;1.102352e-01;2.860022e-01;4.482823e-02;3.630038e-02;2.863907e-02;2.256651e-02;2.254349e-02
1.823557e-01;3.158587e-02;6.840489e-02;4.580488e-02;9.076052e-02;1.215489e-01;2.856931e-01;2.611799e-02;6.150060e-02;2.446646e-02;2.744710e-02;3.431397e-02
9.153147e-02;3.723259e-02;7.406697e-02;5.389973e-02;1.172339e-01;1.203928e-01;2.703348e-01;2.745326e-02;8.156636e-02;2.233758e-02;4.662756e-02;5.732289e-02
4.053757e-02;3.073139e-02;5.825462e-02;5.230077e-02;1.520444e-01;9.899336e-02;2.539470e-01;5.359277e-02;8.149232e-02;1.935508e-02;7.570639e-02;8.304442e-02
7.445816e-02;5.431646e-02;7.484020e-02;3.925181e-02;1.621151e-01;7.426858e-02;1.937273e-01;6.807858e-02;5.975687e-02;1.658295e-02;8.957965e-02;9.302440e-02
4.472937e-02;8.927885e-02;7.495073e-02;4.941782e-02;9.802203e-02;4.917912e-02;1.441889e-01;1.272991e-01;4.645823e-02;2.433261e-02;1.885741e-01;6.356913e-02
5.390926e-02;9.614265e-02;5.378406e-02;6.702668e-02;4.898018e-02;2.961207e-02;9.298456e-02;1.564471e-01;3.632168e-02;2.849079e-02;2.900771e-01;4.622397e-02
6.037586e-02;9.747273e-02;5.913648e-02;5.983139e-02;5.578045e-02;3.284337e-02;7.467990e-02;1.444973e-01;2.159157e-02;2.606707e-02;3.398306e-01;2.789328e-02
5.727920e-02;1.149553e-01;6.345589e-02;4.947491e-02;4.328478e-02;3.979015e-02;8.348446e-02;1.066528e-01;1.644054e-02;3.172898e-02;3.763523e-01;1.710066e-02
6.964752e-02;1.364953e-01;6.298535e-02;4.556495e-02;3.210076e-02;3.039595e-02;1.140293e-01;7.803684e-02;2.202054e-02;4.133527e-02;3.596847e-01;7.703593e-03
6.361349e-02;1.201053e-01;6.228174e-02;4.431607e-02;2.948310e-02;2.712888e-02;1.509547e-01;5.743812e-02;2.656942e-02;4.241102e-02;3.647243e-01;1.097385e-02
4.095131e-02;1.233336e-01;6.385653e-02;4.355405e-02;2.726088e-02;3.427767e-02;1.428760e-01;8.950705e-02;2.813883e-02;4.480455e-02;3.506056e-01;1.083386e-02
5.674391e-02;1.551006e-01;6.075520e-02;4.488821e-02;2.822279e-02;4.469730e-02;1.389990e-01;1.109017e-01;2.728314e-02;4.245898e-02;2.765319e-01;1.341724e-02
7.240076e-02;1.746448e-01;6.446446e-02;4.610388e-02;4.118421e-02;4.704385e-02;1.514449e-01;8.812030e-02;4.075393e-02;3.297761e-02;2.239480e-01;1.691336e-02
7.122821e-02;1.630619e-01;6.782968e-02;5.206947e-02;6.420591e-02;6.089905e-02;1.438843e-01;7.381418e-02;4.820432e-02;3.121479e-02;2.108272e-01;1.276098e-02
9.386194e-02;1.480351e-01;7.081091e-02;3.786201e-02;6.345265e-02;7.270473e-02;1.178890e-01;1.099906e-01;3.403845e-02;3.614777e-02;1.909743e-01;2.423250e-02
8.471587e-02;1.172718e-01;8.221869e-02;4.370245e-02;4.527695e-02;8.387201e-02;1.477465e-01;1.313076e-01;3.492298e-02;7.339401e-02;1.224345e-01;3.313670e-02
1.217391e-01;1.097327e-01;6.658512e-02;4.827897e-02;3.743852e-02;9.075196e-02;1.118373e-01;1.103846e-01;3.966607e-02;9.078155e-02;1.389563e-01;3.384779e-02
1.125197e-01;1.019579e-01;4.024558e-02;5.389639e-02;3.413667e-02;8.530131e-02;1.118973e-01;1.157765e-01;3.759778e-02;6.887698e-02;1.996051e-01;3.818866e-02
6.769581e-02;6.165784e-02;3.149819e-02;7.427163e-02;5.390774e-02;5.763341e-02;1.361729e-01;1.450284e-01;4.851112e-02;5.753374e-02;2.155107e-01;5.057850e-02
9.745301e-02;4.746664e-02;3.755593e-02;9.486035e-02;7.842833e-02;6.229699e-02;1.085598e-01;1.072287e-01;5.388847e-02;7.742175e-02;1.826617e-01;5.217840e-02
1.276084e-01;9.835821e-02;6.869406e-02;7.462825e-02;6.432126e-02;7.863676e-02;1.197248e-01;1.064095e-01;4.198445e-02;7.349856e-02;1.043603e-01;4.177532e-02
7.861257e-02;1.432074e-01;6.686291e-02;3.652663e-02;3.414659e-02;5.886847e-02;1.597327e-01;1.250988e-01;3.841801e-02;5.603810e-02;1.603041e-01;4.218386e-02
1.113428e-01;1.664198e-01;5.686011e-02;1.810053e-02;3.988416e-02;3.381504e-02;1.000349e-01;1.227133e-01;5.880742e-02;6.700626e-02;1.844305e-01;4.058519e-02
