1.082950e-01;6.107819e-02;6.852560e-02;4.014268e-02;8.238894e-02;6.253217e-02;1.435576e-01;6.347796e-02;1.046928e-01;9.754793e-02;5.924125e-02;1.085199e-01
1.082358e-01;7.986198e-02;8.455856e-02;4.173446e-02;6.982677e-02;7.917330e-02;9.485127e-02;5.514194e-02;1.240501e-01;8.653400e-02;6.950092e-02;1.065308e-01
1.096257e-01;8.503092e-02;9.503728e-02;5.482436e-02;6.791185e-02;8.329812e-02;7.734951e-02;5.265418e-02;1.227069e-01;9.523853e-02;7.383898e-02;8.248371e-02
8.206987e-02;8.278298e-02;1.005053e-01;6.753808e-02;8.886884e-02;8.177911e-02;1.594210e-01;6.831322e-02;8.593418e-02;8.609976e-02;6.871324e-02;2.797432e-02
8.131118e-02;5.853589e-02;9.048963e-02;6.757385e-02;8.098625e-02;7.161234e-02;1.794647e-01;9.714603e-02;7.376689e-02;9.198914e-02;6.231952e-02;4.480462e-02
8.534724e-02;5.908780e-02;5.540464e-02;6.868128e-02;5.588675e-02;7.757138e-02;1.311012e-01;1.284247e-01;8.112054e-02;1.262524e-01;4.354362e-02;8.757854e-02
9.064788e-02;6.073445e-02;9.214380e-02;5.523359e-02;5.476031e-02;6.231848e-02;7.442948e-02;1.325632e-01;5.237539e-02;1.362040e-01;8.436745e-02;1.042220e-01
9.362876e-02;7.138202e-02;1.257485e-01;4.529093e-02;7.451420e-02;6.166532e-02;1.117161e-01;5.265855e-02;8.966073e-02;1.150657e-01;1.095776e-01;4.909158e-02
8.120881e-02;7.299415e-02;1.167579e-01;4.440843e-02;7.204107e-02;8.360207e-02;1.294077e-01;3.408130e-02;9.876499e-02;8.969148e-02;1.331618e-01;4.388024e-02
5.476349e-02;6.215721e-02;1.263317e-01;5.876931e-02;8.445898e-02;6.800658e-02;1.161888e-01;5.115090e-02;1.093806e-01;1.122134e-01;1.188026e-01;3.777643e-02
5.653595e-02;6.041133e-02;1.074672e-01;8.392360e-02;1.186083e-01;7.794753e-02;6.806528e-02;8.509342e-02;9.961443e-02;1.262860e-01;7.449598e-02;4.155088e-02
5.198908e-02;7.552854e-02;1.800939e-01;1.126183e-01;1.070203e-01;7.654381e-02;7.790902e-02;6.459535e-02;7.896946e-02;1.072498e-01;4.737657e-02;2.010584e-02
4.597449e-02;7.540771e-02;2.546832e-01;1.027315e-01;9.549341e-02;5.829392e-02;1.012473e-01;6.242482e-02;5.146301e-02;8.007600e-02;4.579594e-02;2.640865e-02
5.256866e-02;6.434096e-02;2.763433e-01;8.941651e-02;1.147369e-01;7.751361e-02;1.355999e-01;5.689185e-02;4.002053e-02;2.767192e-02;3.551295e-02;2.938307e-02
5.484491e-02;5.997695e-02;3.045948e-01;9.600499e-02;1.101840e-01;8.986568e-02;1.267454e-01;4.301276e-02;2.992887e-02;3.011182e-02;3.292575e-02;2.180401e-02
4.891356e-02;5.276434e-02;3.674748e-01;1.270858e-01;9.183290e-02;7.977352e-02;9.369177e-02;2.926081e-02;2.183552e-02;3.013019e-02;4.613836e-02;1.109847e-02
3.997041e-02;3.527981e-02;4.283685e-01;1.689033e-01;6.902508e-02;5.720883e-02;5.029495e-02;2.507504e-02;1.716220e-02;1.736076e-02;7.695776e-02;1.439331e-02
2.950326e-02;3.012437e-02;4.426375e-01;1.793403e-01;1.077700e-01;4.279050e-02;2.448664e-02;2.992508e-02;1.283905e-02;9.435669e-03;7.432622e-02;1.682143e-02
1.517433e-02;2.992454e-02;4.836966e-01;1.504020e-01;1.197763e-01;4.263293e-02;2.696718e-02;3.216107e-02;1.572377e-02;2.308950e-02;4.641893e-02;1.403282e-02
3.490480e-02;1.944718e-02;4.610936e-01;1.029145e-01;1.072435e-01;4.532158e-02;3.209213e-02;4.353959e-02;4.647063e-02;6.340390e-02;2.224672e-02;2.132187e-02
5.993300e-02;3.167408e-02;2.989767e-01;4.616284e-02;8.146924e-02;4.769755e-02;5.520587e-02;5.903999e-02;1.310612e-01;1.079096e-01;3.860162e-02;4.226827e-02
6.848017e-02;4.754337e-02;1.444542e-01;3.956866e-02;7.038447e-02;4.726126e-02;8.256929e-02;8.079166e-02;1.971776e-01;1.103594e-01;5.683760e-02;5.457233e-02
5.977279e-02;5.139193e-02;1.897428e-01;5.252716e-02;8.053809e-02;6.188753e-02;1.049675e-01;7.329000e-02;1.328648e-01;7.499548e-02;7.429074e-02;4.373110e-02
5.848268e-02;5.188726e-02;2.730050e-01;9.686004e-02;8.079218e-02;7.191675e-02;9.078419e-02;5.522758e-02;4.584572e-02;4.897898e-02;8.304336e-02;4.317625e-02
8.758328e-02;4.338102e-02;2.485960e-01;1.391498e-01;8.166318e-02;4.816705e-02;6.540573e-02;7.215774e-02;5.243620e-02;3.136925e-02;8.330286e-02;4.678790e-02
7.267696e-02;3.973710e-02;2.468601e-01;1.306165e-01;6.852284e-02;4.641356e-02;1.080532e-01;6.582175e-02;6.526265e-02;6.238776e-02;6.181786e-02;3.182973e-02
1.099472e-01;9.569039e-02;8.370676e-02;9.718115e-02;8.324086e-02;5.221646e-02;1.047091e-01;7.780513e-02;9.533816e-02;5.260668e-02;7.301141e-02;7.454678e-02
1.041896e-01;8.981420e-02;1.006893e-01;8.094999e-02;7.957443e-02;5.354810e-02;1.070759e-01;7.640518e-02;9.298578e-02;6.576235e-02;6.862810e-02;8.037712e-02
9.843175e-02;8.131435e-02;1.221167e-01;7.880039e-02;7.875517e-02;6.225582e-02;1.025081e-01;7.217865e-02;8.583152e-02;7.343303e-02;6.275067e-02;8.162387e-02
8.596324e-02;5.417372e-02;1.179637e-01;6.747047e-02;9.236608e-02;8.074271e-02;1.820624e-01;5.577555e-02;7.982477e-02;6.701874e-02;5.112505e-02;6.551357e-02
3.136383e-02;1.651968e-02;8.122580e-02;2.266929e-02;1.155250e-01;1.258881e-01;4.652169e-01;3.208239e-02;2.911379e-02;3.941288e-02;2.326789e-02;1.771440e-02
1.532236e-02;6.728038e-03;6.727742e-02;2.423071e-02;1.502169e-01;1.597468e-01;5.015526e-01;2.107172e-02;1.476458e-02;2.137544e-02;1.206991e-02;5.643557e-03
7.896483e-03;5.474267e-03;6.370889e-02;2.808773e-02;2.280441e-01;2.012182e-01;4.061270e-01;1.495908e-02;1.619216e-02;1.289633e-02;9.901858e-03;5.493863e-03
9.107414e-03;8.660634e-03;9.336790e-02;3.451351e-02;3.267440e-01;2.141505e-01;2.412609e-01;1.007340e-02;2.804666e-02;9.510452e-03;1.181033e-02;1.275437e-02
1.689097e-02;1.293831e-02;1.806849e-01;5.472399e-02;2.781855e-01;1.498641e-01;2.191518e-01;1.461750e-02;2.783717e-02;1.143030e-02;1.315938e-02;2.051612e-02
1.622204e-02;2.085012e-02;2.944491e-01;6.297073e-02;1.762593e-01;9.772182e-02;2.347502e-01;2.264600e-02;2.338060e-02;1.406129e-02;1.529403e-02;2.139484e-02
2.244448e-02;3.054267e-02;4.040315e-01;6.164101e-02;7.957248e-02;8.212761e-02;2.075105e-01;2.918844e-02;2.383265e-02;2.236767e-02;1.646055e-02;2.028043e-02
4.112819e-02;4.148513e-02;2.619036e-01;5.287556e-02;9.541330e-02;1.124148e-01;1.443794e-01;5.241622e-02;6.176480e-02;5.969364e-02;4.501479e-02;3.151066e-02
6.820431e-02;4.819551e-02;1.486567e-01;4.950912e-02;1.107190e-01;1.265139e-01;1.203740e-01;7.074001e-02;8.267307e-02;7.898122e-02;5.619599e-02;3.923717e-02
4.715338e-02;3.396138e-02;1.327121e-01;4.879346e-02;1.591985e-01;1.365240e-01;2.172659e-01;4.453145e-02;6.334022e-02;5.280115e-02;3.565669e-02;2.806168e-02
2.442271e-02;1.231603e-02;1.380995e-01;4.021800e-02;1.964767e-01;1.343807e-01;3.414229e-01;2.039731e-02;2.186895e-02;3.812782e-02;1.891293e-02;1.335655e-02
3.430566e-02;1.106537e-02;1.570375e-01;4.862393e-02;2.520394e-01;1.407529e-01;2.539449e-01;1.444030e-02;1.589488e-02;3.763835e-02;1.834575e-02;1.591104e-02
2.822468e-02;2.011321e-02;1.372241e-01;5.577018e-02;3.482072e-01;1.670604e-01;1.324831e-01;1.522002e-02;2.082581e-02;3.398596e-02;2.159588e-02;1.928940e-02
1.374867e-02;2.031295e-02;1.515680e-01;3.769328e-02;3.016304e-01;1.594162e-01;2.055143e-01;1.869471e-02;2.352148e-02;2.621359e-02;2.409929e-02;1.758705e-02
1.724679e-02;1.754646e-02;1.387585e-01;3.196539e-02;2.783442e-01;1.861033e-01;2.333010e-01;1.703938e-02;2.333588e-02;2.396856e-02;1.950014e-02;1.289053e-02
2.771644e-02;2.287689e-02;9.626856e-02;3.160846e-02;2.394537e-01;2.276281e-01;2.734354e-01;1.985539e-02;2.075830e-02;1.779991e-02;9.608304e-03;1.299054e-02
2.835382e-02;2.441739e-02;1.466490e-01;3.255531e-02;2.028817e-01;2.534431e-01;2.203242e-01;1.551159e-02;1.476295e-02;2.439162e-02;1.209832e-02;2.461102e-02
3.971278e-02;1.410110e-02;7.325147e-02;1.878029e-02;1.841545e-01;3.099153e-01;2.567570e-01;1.391639e-02;1.647766e-02;3.441289e-02;1.008163e-02;2.843898e-02
4.286710e-02;1.073386e-02;2.887692e-02;1.208578e-02;1.269753e-01;2.854335e-01;3.948180e-01;1.283596e-02;2.402052e-02;3.844222e-02;8.981696e-03;1.392912e-02
3.795944e-02;7.508146e-03;1.897737e-02;1.368512e-02;1.076014e-01;2.481035e-01;4.829702e-01;1.241849e-02;1.798858e-02;3.315471e-02;1.401828e-02;5.614763e-03
3.030448e-02;1.222395e-02;2.047047e-02;1.659349e-02;9.328286e-02;2.127211e-01;5.501148e-01;1.161160e-02;1.051472e-02;2.703699e-02;1.181295e-02;3.312528e-03
2.546981e-02;1.397300e-02;2.211579e-02;1.165060e-02;7.054760e-02;1.811597e-01;6.191027e-01;1.180231e-02;1.075946e-02;2.318196e-02;7.509607e-03;2.727473e-03
2.894914e-02;2.479349e-02;2.918396e-02;1.909454e-02;6.596234e-02;1.586118e-01;6.100101e-01;1.698369e-02;1.475796e-02;1.907592e-02;7.520957e-03;5.056109e-03
3.727131e-02;3.142724e-02;6.005333e-02;2.909520e-02;9.920482e-02;1.703682e-01;4.750089e-01;1.688685e-02;2.122212e-02;3.554102e-02;1.383511e-02;1.008596e-02
2.208787e-02;2.108090e-02;4.208901e-02;2.237533e-02;1.156732e-01;1.948728e-01;4.695423e-01;2.239715e-02;2.357657e-02;4.603323e-02;1.239292e-02;7.878722e-03
1.240515e-02;6.660052e-03;3.796314e-02;1.185734e-02;1.639111e-01;2.191915e-01;4.599878e-01;2.013308e-02;1.725607e-02;3.646915e-02;7.704441e-03;6.461188e-03
1.209563e-02;6.319192e-03;7.318516e-02;2.385824e-02;2.498850e-01;2.260260e-01;3.167131e-01;1.967655e-02;3.104408e-02;2.164912e-02;7.361326e-03;1.218658e-02
9.536679e-03;5.626922e-03;1.351371e-01;4.707508e-02;3.055191e-01;1.852826e-01;2.046224e-01;1.436229e-02;5.162605e-02;1.042081e-02;5.671550e-03;2.511937e-02
1.105197e-02;1.213558e-02;2.333871e-01;7.811562e-02;2.729993e-01;1.272314e-01;1.539577e-01;2.464725e-02;4.048135e-02;8.512003e-03;9.752463e-03;2.772821e-02
5.882543e-03;1.911354e-02;3.693383e-01;1.170801e-01;2.057037e-01;7.926857e-02;8.571925e-02;4.010674e-02;1.327057e-02;1.395026e-02;2.965249e-02;2.091388e-02
6.107863e-03;1.248608e-02;5.046775e-01;1.382769e-01;1.347250e-01;4.494546e-02;4.104151e-02;3.673936e-02;9.633950e-03;1.296848e-02;4.718447e-02;1.121350e-02
1.769253e-02;1.300007e-02;5.828684e-01;1.285453e-01;9.122014e-02;3.379113e-02;4.473953e-02;1.563920e-02;1.015990e-02;1.404103e-02;4.113967e-02;7.163147e-03
2.276905e-02;1.458536e-02;6.192304e-01;1.058549e-01;7.796150e-02;2.961780e-02;4.640356e-02;4.952825e-03;1.179043e-02;3.292448e-02;2.829853e-02;5.611204e-03
2.140701e-02;2.327146e-02;6.794205e-01;8.051702e-02;4.202579e-02;2.031193e-02;4.682795e-02;5.215073e-03;9.480275e-03;4.687473e-02;2.017682e-02;4.471451e-03
1.520542e-02;3.669738e-02;7.353770e-01;5.928183e-02;1.549003e-02;1.041301e-02;4.060897e-02;5.635586e-03;1.214838e-02;5.762741e-02;8.069667e-03;3.445325e-03
1.836542e-02;5.584960e-02;7.361113e-01;4.751758e-02;2.339644e-02;1.025819e-02;2.462911e-02;4.779534e-03;1.229635e-02;5.457780e-02;4.998993e-03;7.219628e-03
1.861837e-02;6.597491e-02;7.499819e-01;3.445500e-02;1.287982e-02;8.436108e-03;2.357972e-02;5.946858e-03;2.096586e-02;4.547572e-02;9.277405e-03;4.408307e-03
9.318253e-03;6.017437e-02;7.763001e-01;3.408163e-02;2.086886e-02;1.013570e-02;1.824796e-02;4.845890e-03;1.399022e-02;3.983757e-02;8.742092e-03;3.457354e-03
1.083266e-02;5.532601e-02;7.829780e-01;3.550261e-02;2.403057e-02;7.416016e-03;2.026264e-02;6.032387e-03;4.441534e-03;4.421363e-02;5.002872e-03;3.961106e-03
1.082899e-02;4.386819e-02;7.897915e-01;3.575595e-02;2.605194e-02;6.494898e-03;1.626688e-02;6.103100e-03;1.273851e-02;4.415826e-02;3.508597e-03;4.433121e-03
1.121782e-02;1.657885e-02;7.994149e-01;4.501527e-02;1.980808e-02;6.268108e-03;2.265734e-02;6.431970e-03;1.462569e-02;4.315453e-02;6.102772e-03;8.724700e-03
8.689362e-03;2.889057e-02;7.426669e-01;5.704800e-02;2.659388e-02;8.365936e-03;3.310206e-02;7.285965e-03;1.493742e-02;5.757773e-02;5.859289e-03;8.982920e-03
1.591022e-02;4.138849e-02;7.012551e-01;5.462095e-02;2.678441e-02;7.206453e-03;3.035303e-02;9.219099e-03;1.827530e-02;8.110593e-02;7.757460e-03;6.123562e-03
2.224179e-02;4.620741e-02;7.090906e-01;3.549867e-02;1.998501e-02;3.649670e-03;2.249586e-02;9.221140e-03;4.773300e-03;1.031404e-01;1.091722e-02;1.277895e-02
2.949928e-02;5.760787e-02;6.680567e-01;3.408461e-02;2.153579e-02;7.508203e-03;2.118585e-02;8.653400e-03;2.218688e-02;9.320488e-02;6.957385e-03;2.951914e-02
5.786012e-02;1.008553e-01;5.762157e-01;2.477078e-02;2.412372e-02;1.071131e-02;2.992731e-02;1.028476e-02;4.446774e-02;6.711596e-02;5.705583e-03;4.796173e-02
9.941476e-02;1.217125e-01;4.236575e-01;3.673664e-02;3.794062e-02;2.294282e-02;5.885380e-02;1.658291e-02;6.722944e-02;4.389621e-02;1.179137e-02;5.924141e-02
1.222123e-01;1.129422e-01;3.770851e-01;3.934562e-02;4.050021e-02;2.766648e-02;7.113433e-02;1.745609e-02;8.666462e-02;2.880443e-02;1.890004e-02;5.728864e-02
8.853585e-02;8.935415e-02;4.124789e-01;3.603972e-02;3.651626e-02;3.792461e-02;5.962083e-02;4.615154e-02;8.184902e-02;4.641354e-02;3.208910e-02;3.302645e-02
4.391000e-02;9.667768e-02;3.559717e-01;3.935359e-02;4.127836e-02;4.578782e-02;1.029241e-01;7.328178e-02;5.797990e-02;5.689254e-02;3.669031e-02;4.925222e-02
1.091877e-01;1.325889e-01;3.517959e-01;3.849996e-02;4.433598e-02;3.109775e-02;1.083764e-01;5.597204e-02;3.088456e-02;4.321908e-02;2.258504e-02;3.145674e-02
1.728202e-01;1.953873e-01;3.136348e-01;3.916339e-02;3.887211e-02;2.310481e-02;8.181693e-02;2.515384e-02;4.665032e-02;2.964432e-02;1.277206e-02;2.097986e-02
2.461287e-01;2.389642e-01;2.507415e-01;2.417435e-02;2.663960e-02;2.125572e-02;4.536816e-02;1.994759e-02;5.078030e-02;2.921652e-02;1.210447e-02;3.467885e-02
2.921063e-01;2.016508e-01;2.372071e-01;2.064786e-02;2.664557e-02;2.325645e-02;2.753110e-02;3.791166e-02;3.858872e-02;3.626466e-02;2.226071e-02;3.592895e-02
3.312180e-01;1.407838e-01;2.057839e-01;1.991120e-02;3.507112e-02;2.350772e-02;3.798293e-02;6.239637e-02;2.496837e-02;3.688919e-02;3.746924e-02;4.401813e-02
3.041678e-01;1.138356e-01;2.012593e-01;1.903436e-02;3.417925e-02;2.708806e-02;6.428830e-02;6.347216e-02;3.092748e-02;3.770147e-02;4.990202e-02;5.414415e-02
2.620527e-01;5.299866e-02;1.475356e-01;1.973994e-02;3.530034e-02;3.143007e-02;1.074029e-01;4.472024e-02;4.687364e-02;7.219110e-02;9.920815e-02;8.054663e-02
1.654516e-01;6.931804e-02;9.911827e-02;2.474508e-02;4.272405e-02;3.250608e-02;1.495183e-01;5.121793e-02;4.278278e-02;1.074894e-01;1.179053e-01;9.722320e-02
6.871939e-02;4.669996e-02;2.016044e-01;3.165994e-02;4.645138e-02;2.507170e-02;1.376322e-01;7.012125e-02;4.431540e-02;1.341580e-01;1.087071e-01;8.485926e-02
8.311381e-02;4.167228e-02;1.906168e-01;2.597828e-02;4.462350e-02;3.383777e-02;1.303393e-01;5.496364e-02;5.837597e-02;1.577615e-01;9.512548e-02;8.359177e-02
1.117153e-01;3.548827e-02;1.303333e-01;1.972049e-02;3.880460e-02;3.812131e-02;1.224275e-01;7.341875e-02;6.877644e-02;1.848975e-01;8.868574e-02;8.761077e-02
1.102472e-01;4.557291e-02;1.940516e-01;2.926397e-02;2.372442e-02;2.365549e-02;1.022025e-01;6.793043e-02;8.307400e-02;1.598434e-01;7.911251e-02;8.132152e-02
1.604182e-01;8.308371e-02;2.067319e-01;2.797204e-02;3.010772e-02;3.101836e-02;7.777057e-02;4.830970e-02;7.138819e-02;9.963165e-02;7.754204e-02;8.602599e-02
2.159479e-01;8.132488e-02;2.460930e-01;2.655489e-02;3.325575e-02;2.703392e-02;4.085146e-02;3.576313e-02;5.122506e-02;7.251132e-02;8.267150e-02;8.676731e-02
2.259637e-01;6.684355e-02;2.540604e-01;2.405207e-02;2.855882e-02;3.152688e-02;3.166675e-02;4.348990e-02;5.580433e-02;7.035167e-02;7.816534e-02;8.951660e-02
2.130537e-01;6.936927e-02;1.744922e-01;1.904551e-02;3.785365e-02;3.862685e-02;6.055947e-02;5.212673e-02;6.046149e-02;9.429012e-02;9.988892e-02;8.023216e-02
1.670216e-01;6.404488e-02;1.312248e-01;2.760072e-02;3.942509e-02;4.414441e-02;9.646398e-02;5.232665e-02;6.739583e-02;1.146325e-01;1.274234e-01;6.829616e-02
1.217098e-01;5.745022e-02;1.516110e-01;2.778100e-02;2.467174e-02;4.457133e-02;1.089902e-01;6.946135e-02;7.785975e-02;1.227446e-01;1.364945e-01;5.665446e-02
9.030490e-02;4.331255e-02;1.450384e-01;4.556155e-02;4.304921e-02;4.863217e-02;1.328785e-01;1.009946e-01;1.034365e-01;1.133036e-01;9.418645e-02;3.930162e-02
6.881779e-02;4.976526e-02;8.836247e-02;4.651160e-02;5.339335e-02;7.273269e-02;2.019836e-01;1.151831e-01;9.832623e-02;9.377299e-02;6.920663e-02;4.194430e-02
9.633902e-02;4.799535e-02;1.317682e-01;4.135721e-02;5.776761e-02;5.140629e-02;2.087708e-01;1.420563e-01;6.903596e-02;5.078659e-02;6.183195e-02;4.088477e-02
6.714753e-02;6.507000e-02;1.635140e-01;4.862306e-02;6.090366e-02;6.431951e-02;1.458949e-01;1.069729e-01;8.192557e-02;8.186034e-02;7.007430e-02;4.369416e-02
8.410124e-02;6.539584e-02;1.231684e-01;7.766237e-02;6.947451e-02;6.949560e-02;1.295419e-01;9.779476e-02;8.238372e-02;9.992522e-02;5.587708e-02;4.517933e-02
9.586720e-02;6.417511e-02;9.437270e-02;8.663648e-02;7.408430e-02;5.800453e-02;1.537732e-01;1.116448e-01;7.672049e-02;8.811000e-02;4.921050e-02;4.740065e-02
1.064053e-01;7.270658e-02;1.177688e-01;8.262993e-02;7.083049e-02;5.526539e-02;1.594664e-01;1.164135e-01;6.182269e-02;6.877946e-02;4.565995e-02;4.225154e-02
9.721044e-02;8.138780e-02;1.680504e-01;4.736630e-02;6.741323e-02;5.868058e-02;1.612929e-01;1.064085e-01;5.831355e-02;7.603679e-02;4.893988e-02;2.889959e-02
5.812779e-02;7.693292e-02;3.556984e-01;8.325551e-02;7.106067e-02;4.684830e-02;1.400720e-01;5.103157e-02;4.289405e-02;3.318974e-02;2.794594e-02;1.294303e-02
7.967314e-02;9.639039e-02;4.014966e-01;8.342207e-02;6.922153e-02;4.429811e-02;1.149011e-01;3.831021e-02;2.254738e-02;1.788165e-02;1.523181e-02;1.662606e-02
1.442371e-01;1.339700e-01;3.634567e-01;6.886813e-02;6.057325e-02;3.040766e-02;7.922050e-02;4.291200e-02;3.147481e-02;1.289378e-02;1.334212e-02;1.864393e-02
2.432646e-01;1.629727e-01;2.555725e-01;4.317645e-02;4.609464e-02;1.492640e-02;6.736974e-02;6.671957e-02;4.529788e-02;1.387744e-02;1.819131e-02;2.253678e-02
2.805814e-01;1.408778e-01;1.847429e-01;1.623081e-02;3.359202e-02;1.555645e-02;9.732269e-02;8.483548e-02;4.829843e-02;2.577569e-02;3.637645e-02;3.580992e-02
2.391765e-01;1.024595e-01;1.636224e-01;1.744826e-02;3.776385e-02;3.020848e-02;1.420447e-01;6.578842e-02;5.010131e-02;5.030024e-02;6.698118e-02;3.410510e-02
2.117277e-01;4.328086e-02;1.409535e-01;3.413967e-02;5.699792e-02;3.704418e-02;1.725079e-01;5.115020e-02;5.192769e-02;7.382498e-02;7.984155e-02;4.660387e-02
1.598313e-01;3.858532e-02;2.402588e-01;3.465952e-02;5.917563e-02;4.742451e-02;1.317858e-01;5.358658e-02;4.400289e-02;5.876218e-02;6.628219e-02;6.564544e-02
1.757481e-01;5.626416e-02;1.271397e-01;6.220517e-02;6.904428e-02;5.099927e-02;9.527355e-02;5.853101e-02;5.663347e-02;8.202940e-02;8.560957e-02;8.052228e-02
1.288983e-01;7.563984e-02;2.071697e-01;6.870990e-02;6.045801e-02;5.419446e-02;8.402902e-02;7.157713e-02;6.481681e-02;7.044490e-02;7.100529e-02;4.305662e-02
1.681557e-01;1.212659e-01;2.970208e-01;5.303363e-02;4.347569e-02;3.519755e-02;5.464532e-02;6.033600e-02;4.038046e-02;4.587858e-02;4.471264e-02;3.589772e-02
2.985674e-01;1.573392e-01;2.793062e-01;2.393510e-02;2.636371e-02;1.310587e-02;3.769049e-02;5.366140e-02;2.144604e-02;2.484949e-02;2.854412e-02;3.519098e-02
3.582411e-01;1.422797e-01;2.399066e-01;1.656734e-02;2.858429e-02;1.125032e-02;3.806096e-02;6.151808e-02;2.467015e-02;1.530994e-02;2.294461e-02;4.066693e-02
3.405297e-01;1.014250e-01;1.984189e-01;2.854794e-02;2.736113e-02;1.662483e-02;7.912092e-02;6.636409e-02;1.985774e-02;2.464050e-02;3.034689e-02;6.676242e-02
2.984633e-01;7.219805e-02;1.080318e-01;3.539244e-02;1.964099e-02;2.592411e-02;1.519673e-01;6.621949e-02;1.285541e-02;4.049395e-02;6.462649e-02;1.041867e-01
1.900088e-01;6.504466e-02;1.287255e-01;2.563857e-02;1.619941e-02;3.489375e-02;1.937639e-01;5.393299e-02;2.803844e-02;5.784541e-02;1.004416e-01;1.054670e-01
1.160077e-01;6.180764e-02;1.580084e-01;3.116268e-02;1.954477e-02;4.845959e-02;1.727657e-01;4.218293e-02;2.559063e-02;9.735431e-02;1.386048e-01;8.851078e-02
1.639800e-01;6.087149e-02;1.021198e-01;3.338228e-02;5.633235e-02;4.494871e-02;8.450646e-02;4.742254e-02;5.945840e-02;1.410378e-01;1.306733e-01;7.526686e-02
1.204994e-01;5.709771e-02;9.950626e-02;4.394510e-02;8.846712e-02;4.229494e-02;8.350778e-02;4.662790e-02;1.301803e-01;1.420749e-01;9.503105e-02;5.076754e-02
4.360341e-02;7.101076e-02;8.782434e-02;5.348437e-02;7.593703e-02;6.381663e-02;8.935227e-02;4.906961e-02;1.710952e-01;1.155818e-01;9.694494e-02;8.227967e-02
8.423194e-02;7.977889e-02;7.028797e-02;4.469407e-02;5.901967e-02;6.638532e-02;9.697909e-02;4.616666e-02;1.763864e-01;1.017777e-01;6.581822e-02;1.084740e-01
1.138857e-01;6.292832e-02;8.447198e-02;4.340025e-02;5.131494e-02;6.780391e-02;1.203320e-01;6.241434e-02;1.325528e-01;1.044737e-01;4.696982e-02;1.094523e-01
8.709484e-02;5.079263e-02;7.386746e-02;3.660943e-02;4.074150e-02;1.100413e-01;1.135602e-01;1.313489e-01;1.161429e-01;9.129177e-02;5.258988e-02;9.591928e-02
6.148404e-02;2.838348e-02;1.048970e-01;4.667265e-02;2.922778e-02;1.129902e-01;1.139203e-01;1.569040e-01;1.027187e-01;1.117943e-01;4.893509e-02;8.207253e-02
7.696299e-02;3.558657e-02;8.857169e-02;3.649076e-02;5.024053e-02;6.219950e-02;1.040171e-01;1.333022e-01;1.218573e-01;1.344904e-01;5.062420e-02;1.056568e-01
9.822778e-02;4.008861e-02;9.185063e-02;4.287124e-02;5.050105e-02;4.307332e-02;9.931690e-02;9.784473e-02;1.137799e-01;1.245996e-01;8.438342e-02;1.134628e-01
1.142936e-01;3.025055e-02;1.313895e-01;3.706069e-02;5.224565e-02;7.564807e-02;1.010700e-01;7.076619e-02;1.002237e-01;1.182202e-01;7.009742e-02;9.873436e-02
8.575144e-02;3.520590e-02;1.064692e-01;4.359671e-02;1.032514e-01;6.906029e-02;9.783100e-02;9.743860e-02;1.046307e-01;1.074435e-01;5.441080e-02;9.491041e-02
6.144761e-02;3.742519e-02;1.075658e-01;6.203495e-02;1.252479e-01;4.953811e-02;9.417348e-02;1.042981e-01;1.214781e-01;8.882821e-02;5.412544e-02;9.383702e-02
5.253026e-02;4.576119e-02;1.164693e-01;7.375291e-02;1.352854e-01;5.551786e-02;8.454915e-02;7.586485e-02;1.177531e-01;8.625740e-02;6.548768e-02;9.077094e-02
5.804394e-02;7.353213e-02;1.968213e-01;5.736894e-02;1.039650e-01;5.349446e-02;1.325067e-01;6.474668e-02;8.262245e-02;7.162748e-02;5.091177e-02;5.435916e-02
5.758989e-02;5.243869e-02;2.371671e-01;6.390962e-02;7.618363e-02;6.829172e-02;2.063275e-01;4.634059e-02;4.220575e-02;4.703535e-02;4.650643e-02;5.600372e-02
9.669582e-02;5.256628e-02;1.958773e-01;4.828127e-02;6.449200e-02;6.057803e-02;2.051610e-01;9.039345e-02;5.021440e-02;3.825619e-02;4.968391e-02;4.780046e-02
1.680927e-01;5.946388e-02;1.373829e-01;2.897271e-02;5.496006e-02;4.547268e-02;1.730800e-01;1.676061e-01;5.747707e-02;2.662029e-02;4.525312e-02;3.561850e-02
2.575518e-01;5.408684e-02;9.134109e-02;1.080149e-02;4.787955e-02;2.554590e-02;1.050928e-01;2.792135e-01;4.439934e-02;1.956269e-02;3.401109e-02;3.051393e-02
2.548410e-01;3.100269e-02;8.087934e-02;1.053937e-02;4.751453e-02;1.655387e-02;1.300653e-01;3.280500e-01;2.409682e-02;1.498288e-02;2.597716e-02;3.549698e-02
2.207864e-01;2.990357e-02;6.501451e-02;1.666938e-02;9.045168e-02;1.926844e-02;1.244382e-01;3.451312e-01;1.362944e-02;1.696172e-02;2.218501e-02;3.556048e-02
2.035463e-01;2.646794e-02;6.810474e-02;1.239981e-02;1.162945e-01;1.143066e-02;1.073766e-01;3.616544e-01;2.174757e-02;1.181315e-02;2.638450e-02;3.277995e-02
1.968135e-01;3.004096e-02;8.589181e-02;1.116472e-02;8.885577e-02;8.827312e-03;1.055048e-01;3.509045e-01;3.244874e-02;2.766993e-02;3.102500e-02;3.085302e-02
2.108720e-01;4.130829e-02;9.898163e-02;9.633040e-03;6.414385e-02;1.290977e-02;6.708798e-02;3.282755e-01;5.361202e-02;3.333069e-02;4.517930e-02;3.466595e-02
2.211971e-01;4.166770e-02;1.223651e-01;1.009493e-02;5.454620e-02;1.029450e-02;7.025325e-02;2.995845e-01;3.303035e-02;2.520737e-02;7.357874e-02;3.818023e-02
2.078996e-01;3.587633e-02;1.209846e-01;1.732000e-02;4.757368e-02;1.185212e-02;1.275771e-01;2.391503e-01;2.822767e-02;1.944257e-02;9.397011e-02;5.012601e-02
2.161370e-01;1.546570e-02;1.074809e-01;2.012912e-02;3.997226e-02;2.215882e-02;1.594552e-01;1.944438e-01;4.006929e-02;3.389455e-02;9.151619e-02;5.927714e-02
2.328577e-01;5.299601e-02;2.755247e-01;1.674494e-02;2.028030e-02;1.310441e-02;7.977830e-02;1.421735e-01;2.429771e-02;2.662692e-02;5.919953e-02;5.641592e-02
2.851484e-01;7.314917e-02;2.793438e-01;1.445565e-02;2.539957e-02;1.189290e-02;3.796521e-02;1.354478e-01;1.960952e-02;1.669232e-02;4.594430e-02;5.495133e-02
2.822535e-01;6.961821e-02;2.811806e-01;1.598352e-02;2.393773e-02;9.244426e-03;5.521106e-02;1.159162e-01;2.210403e-02;1.940365e-02;5.099137e-02;5.415569e-02
2.973677e-01;4.902445e-02;2.654242e-01;7.979872e-03;2.441089e-02;1.517411e-02;5.565526e-02;1.143262e-01;1.483377e-02;2.446260e-02;6.347972e-02;6.786124e-02
2.856928e-01;4.646914e-02;2.342038e-01;9.661824e-03;2.596979e-02;1.272105e-02;7.929946e-02;1.033965e-01;2.182411e-02;4.014812e-02;6.898981e-02;7.162360e-02
2.951365e-01;4.325685e-02;2.166012e-01;1.147435e-02;2.206344e-02;8.561654e-03;8.792123e-02;9.442324e-02;1.944767e-02;3.960696e-02;8.001302e-02;8.149390e-02
2.938652e-01;4.353607e-02;1.918027e-01;1.258057e-02;2.095646e-02;1.611598e-02;1.082664e-01;9.899630e-02;2.748366e-02;3.186556e-02;7.009603e-02;8.443506e-02
2.587116e-01;4.055648e-02;2.018485e-01;1.277537e-02;1.478093e-02;1.618517e-02;1.320696e-01;1.157575e-01;1.904107e-02;3.572004e-02;6.805879e-02;8.449496e-02
2.236124e-01;3.646714e-02;2.090321e-01;1.411856e-02;1.279786e-02;1.298411e-02;1.432714e-01;1.221281e-01;1.793877e-02;4.156807e-02;7.046241e-02;9.561908e-02
1.885782e-01;3.285269e-02;1.540370e-01;1.637431e-02;1.755795e-02;1.747832e-02;1.667451e-01;1.080596e-01;1.633470e-02;5.602355e-02;9.070452e-02;1.352540e-01
1.628813e-01;3.108472e-02;1.146650e-01;1.890820e-02;1.985035e-02;1.603531e-02;2.049846e-01;5.718001e-02;2.238936e-02;6.768249e-02;1.159354e-01;1.684033e-01
1.097357e-01;3.323291e-02;1.444013e-01;1.550513e-02;2.450070e-02;3.077334e-02;1.935665e-01;2.303671e-02;3.240984e-02;8.543794e-02;1.468060e-01;1.605939e-01
6.067700e-02;3.298553e-02;5.952249e-02;2.169827e-02;3.509009e-02;4.126595e-02;2.055402e-01;3.947663e-02;4.274523e-02;1.015492e-01;1.991266e-01;1.603229e-01
4.894274e-02;2.096476e-02;7.063973e-02;2.090273e-02;4.004455e-02;6.524885e-02;1.869458e-01;2.204292e-02;4.121967e-02;1.113518e-01;2.398962e-01;1.318002e-01
5.717720e-02;4.200480e-02;5.298749e-02;4.000060e-02;5.189596e-02;8.636201e-02;1.805629e-01;5.030614e-02;6.471240e-02;1.344441e-01;1.551885e-01;8.435784e-02
6.280506e-02;6.039534e-02;1.113540e-01;3.774067e-02;6.035690e-02;6.235379e-02;1.983614e-01;7.348379e-02;8.404077e-02;1.072834e-01;8.465021e-02;5.717469e-02
5.813082e-02;6.380714e-02;1.283550e-01;3.421580e-02;5.443488e-02;3.503148e-02;2.726234e-01;6.976648e-02;7.532271e-02;8.606540e-02;7.003178e-02;5.221508e-02
1.134574e-01;5.412395e-02;1.800639e-01;4.520165e-02;4.453541e-02;2.225533e-02;2.961945e-01;4.022708e-02;5.135008e-02;3.828751e-02;4.655511e-02;6.774808e-02
1.510138e-01;2.505742e-02;1.234536e-01;4.732383e-02;5.151918e-02;3.833740e-02;3.191271e-01;2.584073e-02;4.183441e-02;3.353912e-02;5.077374e-02;9.217975e-02
2.005293e-01;2.834092e-02;1.102472e-01;3.670803e-02;4.412291e-02;4.121231e-02;2.520887e-01;3.101331e-02;3.462118e-02;3.643775e-02;6.313887e-02;1.215395e-01
2.709208e-01;5.872932e-02;9.389651e-02;2.845282e-02;2.751614e-02;2.417105e-02;1.673347e-01;3.689473e-02;2.682118e-02;3.550950e-02;7.920727e-02;1.505459e-01
2.405980e-01;6.553792e-02;1.505353e-01;3.383537e-02;2.334630e-02;3.322944e-02;1.214091e-01;3.601454e-02;2.843866e-02;5.244415e-02;9.209058e-02;1.225206e-01
1.441083e-01;7.188255e-02;1.608709e-01;3.764159e-02;3.368104e-02;5.876138e-02;1.349447e-01;6.314524e-02;3.529958e-02;8.841175e-02;9.211999e-02;7.913309e-02
1.407622e-01;4.641993e-02;1.354121e-01;3.141131e-02;3.661858e-02;7.228986e-02;1.171587e-01;7.291558e-02;2.979830e-02;1.298706e-01;8.342824e-02;1.039146e-01
1.464270e-01;5.155065e-02;1.239718e-01;3.713589e-02;4.801587e-02;6.033859e-02;1.167845e-01;7.112957e-02;5.153574e-02;1.242336e-01;8.305456e-02;8.582225e-02
1.475861e-01;8.241571e-02;1.185173e-01;6.398969e-02;7.606121e-02;5.887548e-02;1.058322e-01;5.912418e-02;5.782817e-02;9.376770e-02;8.688875e-02;4.911351e-02
1.043788e-01;9.456422e-02;1.009463e-01;7.943449e-02;9.048406e-02;7.541964e-02;1.287734e-01;5.711710e-02;7.027876e-02;7.407088e-02;8.889925e-02;3.563313e-02
9.459200e-02;6.274942e-02;9.336787e-02;8.085206e-02;6.501717e-02;6.121036e-02;1.231936e-01;6.994440e-02;1.026623e-01;1.058733e-01;6.271649e-02;7.782108e-02
8.753417e-02;4.986037e-02;8.155129e-02;7.423729e-02;6.885798e-02;6.477873e-02;1.075011e-01;8.765685e-02;1.178694e-01;1.345652e-01;3.748956e-02;8.809806e-02
8.195265e-02;5.124056e-02;8.157874e-02;6.937301e-02;8.562340e-02;5.631798e-02;1.012884e-01;1.303315e-01;1.191185e-01;1.088979e-01;5.226282e-02;6.201459e-02
6.665211e-02;6.359641e-02;1.197655e-01;6.071121e-02;6.834421e-02;7.028390e-02;1.084101e-01;1.171347e-01;1.160892e-01;9.228966e-02;5.727221e-02;5.945083e-02
8.386239e-02;9.197386e-02;1.163371e-01;8.208597e-02;8.457443e-02;7.449545e-02;1.178088e-01;4.851125e-02;9.972841e-02;1.150836e-01;3.267984e-02;5.285887e-02
9.642623e-02;9.777433e-02;1.069347e-01;8.421171e-02;9.263788e-02;6.082131e-02;1.452916e-01;6.468114e-02;5.043469e-02;9.840251e-02;4.707216e-02;5.531171e-02
1.080074e-01;7.483121e-02;1.066907e-01;8.340895e-02;7.488871e-02;6.175276e-02;1.728757e-01;8.345048e-02;3.856994e-02;9.339536e-02;4.299541e-02;5.913332e-02
1.011032e-01;6.535845e-02;1.645478e-01;7.834385e-02;5.459235e-02;7.494502e-02;1.469318e-01;9.009432e-02;6.630708e-02;8.252681e-02;3.001396e-02;4.523536e-02
5.526445e-02;9.352058e-02;3.366588e-01;7.556501e-02;7.617483e-02;5.233911e-02;1.519407e-01;4.382254e-02;3.745295e-02;3.607412e-02;2.194549e-02;1.924142e-02
9.842928e-02;7.967380e-02;3.161483e-01;7.935844e-02;8.187807e-02;5.619848e-02;1.734812e-01;2.014685e-02;2.124844e-02;2.519851e-02;2.252201e-02;2.571662e-02
1.181517e-01;5.749643e-02;2.640184e-01;8.204507e-02;7.107976e-02;5.492314e-02;2.045758e-01;2.178854e-02;2.308926e-02;2.967341e-02;3.051949e-02;4.263888e-02
1.509556e-01;2.798402e-02;1.713881e-01;8.178151e-02;4.922970e-02;4.041930e-02;2.624044e-01;3.652741e-02;3.263876e-02;3.489482e-02;3.682191e-02;7.495443e-02
2.259815e-01;2.807017e-02;7.182440e-02;5.610352e-02;2.419540e-02;1.961764e-02;2.652758e-01;7.141475e-02;3.877860e-02;5.249880e-02;4.069050e-02;1.055489e-01
2.721246e-01;3.705342e-02;6.329206e-02;3.781324e-02;1.925950e-02;1.955985e-02;2.112170e-01;1.000082e-01;3.355127e-02;6.679644e-02;3.262585e-02;1.066986e-01
2.901154e-01;2.810059e-02;5.538836e-02;4.139552e-02;1.924231e-02;2.616420e-02;2.143748e-01;9.629580e-02;1.708677e-02;6.922068e-02;3.535071e-02;1.072649e-01
3.108898e-01;3.460933e-02;8.226369e-02;3.139294e-02;1.214346e-02;2.787246e-02;1.837521e-01;1.058949e-01;1.777608e-02;5.646696e-02;3.114758e-02;1.057906e-01
3.435668e-01;5.845322e-02;8.279959e-02;1.992024e-02;6.836792e-03;2.236714e-02;1.407589e-01;1.113334e-01;1.945644e-02;5.112968e-02;3.465681e-02;1.087210e-01
3.732574e-01;2.126078e-02;3.161174e-02;1.876630e-02;1.330578e-02;2.198675e-02;1.568937e-01;9.998988e-02;1.426075e-02;5.722332e-02;4.525467e-02;1.461890e-01
3.570296e-01;4.972162e-02;9.583175e-02;2.032789e-02;1.366179e-02;1.298424e-02;1.354182e-01;6.618313e-02;1.739390e-02;4.991986e-02;5.623779e-02;1.252902e-01
3.389137e-01;3.336476e-02;2.006657e-01;1.930113e-02;1.658292e-02;2.135091e-02;1.122866e-01;2.548494e-02;3.347311e-02;4.392413e-02;5.453168e-02;1.001204e-01
2.746557e-01;6.424554e-02;1.839083e-01;1.806212e-02;1.855076e-02;2.800238e-02;1.216602e-01;6.516190e-02;3.583265e-02;4.118500e-02;6.186305e-02;8.687238e-02
2.110321e-01;7.479962e-02;9.320197e-02;3.093011e-02;3.025692e-02;3.759761e-02;1.465546e-01;8.135242e-02;6.486547e-02;8.166727e-02;8.591673e-02;6.182522e-02
1.284907e-01;4.095057e-02;8.290150e-02;4.644313e-02;3.987915e-02;6.279074e-02;1.615463e-01;5.406823e-02;9.432217e-02;1.179822e-01;1.027496e-01;6.787568e-02
9.411768e-02;2.712911e-02;6.400235e-02;3.719591e-02;3.218381e-02;6.121656e-02;1.495541e-01;1.023744e-01;9.960130e-02;1.363608e-01;9.961943e-02;9.664462e-02
6.299574e-02;1.926443e-02;7.756916e-02;2.751689e-02;6.449763e-02;4.537445e-02;1.295968e-01;1.108694e-01;1.187250e-01;1.563086e-01;1.076145e-01;7.966744e-02
6.626311e-02;2.779089e-02;8.720807e-02;3.170722e-02;7.818193e-02;6.421349e-02;1.781410e-01;6.767522e-02;1.177203e-01;1.348678e-01;9.891309e-02;4.731799e-02
6.189055e-02;4.161789e-02;6.872871e-02;3.166599e-02;5.648692e-02;1.093328e-01;1.818578e-01;6.219626e-02;9.995508e-02;1.242570e-01;1.085998e-01;5.341111e-02
9.041019e-02;7.162937e-02;1.886380e-01;2.883223e-02;2.741784e-02;6.783630e-02;1.186650e-01;3.251060e-02;8.200899e-02;9.245077e-02;1.170557e-01;8.254499e-02
1.764303e-01;9.983310e-02;2.432116e-01;2.799433e-02;2.981936e-02;1.855175e-02;7.377869e-02;2.841356e-02;4.086566e-02;5.344559e-02;1.053478e-01;1.023083e-01
2.588489e-01;1.106120e-01;2.114043e-01;2.252522e-02;3.035976e-02;1.526838e-02;6.646813e-02;3.319813e-02;2.608301e-02;3.700157e-02;9.353632e-02;9.469431e-02
3.205338e-01;9.735934e-02;1.362814e-01;2.476092e-02;2.375036e-02;1.847997e-02;9.132110e-02;5.135424e-02;2.447313e-02;3.367605e-02;8.217610e-02;9.583362e-02
2.732424e-01;4.768758e-02;4.142916e-02;4.008120e-02;2.686785e-02;2.861475e-02;1.812508e-01;7.220689e-02;3.578478e-02;3.894762e-02;7.088897e-02;1.429981e-01
1.879394e-01;3.274911e-02;8.750387e-02;3.854563e-02;1.924977e-02;2.767865e-02;2.195991e-01;8.961517e-02;4.792643e-02;3.886826e-02;7.203819e-02;1.382864e-01
1.277507e-01;2.698916e-02;7.355583e-02;3.492361e-02;1.368255e-02;2.066624e-02;2.376339e-01;9.031434e-02;4.989663e-02;6.924433e-02;1.031883e-01;1.521545e-01
1.456259e-01;3.585755e-02;6.699318e-02;5.312604e-02;2.788006e-02;2.345566e-02;1.987117e-01;5.713215e-02;4.311176e-02;7.427726e-02;1.216877e-01;1.521411e-01
1.151974e-01;3.561629e-02;5.093281e-02;5.657997e-02;6.158635e-02;5.202676e-02;1.755624e-01;6.434213e-02;4.224181e-02;6.540006e-02;1.289024e-01;1.516115e-01
7.513653e-02;2.407664e-02;8.203240e-02;4.067668e-02;6.811066e-02;5.942066e-02;1.702155e-01;5.497318e-02;3.263204e-02;7.447654e-02;1.527205e-01;1.655287e-01
1.428730e-01;3.350847e-02;7.332566e-02;5.843808e-02;4.672319e-02;5.027464e-02;1.644784e-01;2.614869e-02;3.693468e-02;7.664122e-02;1.397639e-01;1.508901e-01
1.863034e-01;2.557736e-02;9.871724e-02;5.391507e-02;2.681495e-02;4.172907e-02;1.928319e-01;2.755755e-02;2.267164e-02;6.012059e-02;1.074674e-01;1.562938e-01
1.654233e-01;4.305986e-02;1.369505e-01;4.093684e-02;1.786562e-02;8.461789e-02;1.837411e-01;3.493136e-02;1.959717e-02;5.760561e-02;1.023377e-01;1.129330e-01
8.312185e-02;4.120308e-02;1.350105e-01;2.670255e-02;3.432854e-02;1.695601e-01;1.604414e-01;3.488934e-02;2.943490e-02;6.533365e-02;1.446704e-01;7.530364e-02
1.249753e-02;3.037593e-02;1.246194e-01;2.272327e-02;3.175341e-02;2.586209e-01;1.703728e-01;2.791899e-02;3.801810e-02;6.361879e-02;1.722838e-01;4.719708e-02
1.990953e-02;1.254695e-02;1.192175e-01;1.791595e-02;3.710579e-02;2.782406e-01;2.191806e-01;1.005844e-02;3.892381e-02;4.816710e-02;1.639594e-01;3.477432e-02
1.696692e-02;1.771007e-02;1.203177e-01;1.362181e-02;1.994095e-02;2.602042e-01;2.445460e-01;1.529016e-02;4.284199e-02;4.172791e-02;1.614837e-01;4.534869e-02
1.272706e-02;2.894375e-02;1.315416e-01;1.881834e-02;3.315879e-02;2.315163e-01;2.156577e-01;2.792457e-02;5.342777e-02;4.546876e-02;1.565551e-01;4.426041e-02
4.881957e-02;3.505248e-02;1.365391e-01;1.340950e-02;7.356708e-02;1.950578e-01;1.516803e-01;2.366907e-02;7.426488e-02;4.279228e-02;1.469943e-01;5.815365e-02
3.480887e-02;2.402330e-02;1.603632e-01;1.899177e-02;1.076778e-01;1.465423e-01;1.321705e-01;2.327685e-02;1.000255e-01;5.182882e-02;1.489952e-01;5.129595e-02
1.978694e-02;1.896328e-02;1.716172e-01;2.337061e-02;1.112669e-01;1.285487e-01;1.265313e-01;3.600987e-02;9.698598e-02;4.944166e-02;1.633278e-01;5.414975e-02
4.924115e-02;2.959356e-02;1.614194e-01;3.904469e-02;8.611563e-02;1.215973e-01;1.238979e-01;3.244980e-02;7.163912e-02;4.998177e-02;1.556282e-01;7.939157e-02
5.398973e-02;2.200264e-02;1.716264e-01;4.410836e-02;4.513703e-02;1.140471e-01;1.469894e-01;2.177570e-02;5.939905e-02;6.899494e-02;1.501820e-01;1.017477e-01
2.623333e-02;2.123202e-02;1.350890e-01;2.545414e-02;1.328313e-02;1.177211e-01;1.985775e-01;2.007189e-02;5.564355e-02;8.701319e-02;1.933886e-01;1.062927e-01
5.085034e-02;1.923141e-02;8.985023e-02;1.682368e-02;1.985493e-02;1.235898e-01;1.965671e-01;1.841928e-02;4.215132e-02;8.993571e-02;2.309915e-01;1.017346e-01
4.417833e-02;1.586879e-02;9.069365e-02;2.056133e-02;2.515078e-02;1.328593e-01;1.538261e-01;3.259142e-02;5.161991e-02;1.090362e-01;2.353382e-01;8.827592e-02
3.926952e-02;1.583655e-02;5.626703e-02;1.549704e-02;3.567596e-02;1.434791e-01;1.121415e-01;3.371451e-02;5.790863e-02;1.453251e-01;2.535101e-01;9.137491e-02
4.085725e-02;2.673800e-02;7.476803e-02;2.752204e-02;3.182260e-02;1.057009e-01;1.172292e-01;2.911462e-02;5.322543e-02;1.435700e-01;2.410274e-01;1.084244e-01
5.150522e-02;2.749573e-02;9.208453e-02;2.516295e-02;3.299954e-02;8.079239e-02;1.498959e-01;2.549990e-02;4.815746e-02;1.384384e-01;2.263431e-01;1.016249e-01
9.084645e-02;4.123933e-02;1.556251e-01;1.716367e-02;3.089377e-02;5.565709e-02;1.424796e-01;2.532711e-02;4.282536e-02;1.158455e-01;2.038418e-01;7.825516e-02
8.246011e-02;5.131600e-02;1.985084e-01;2.498312e-02;3.148767e-02;4.744282e-02;1.030789e-01;2.866828e-02;4.791412e-02;1.268090e-01;1.940722e-01;6.325945e-02
4.300864e-02;5.355688e-02;1.593309e-01;3.662027e-02;3.654556e-02;3.543414e-02;7.915776e-02;3.589425e-02;5.729799e-02;1.676109e-01;2.260790e-01;6.946369e-02
4.250360e-02;3.629971e-02;1.058507e-01;4.667098e-02;5.415512e-02;3.807908e-02;7.924754e-02;3.185385e-02;7.808307e-02;1.982449e-01;2.376526e-01;5.135885e-02
3.892294e-02;3.625404e-02;9.381714e-02;4.784748e-02;6.475925e-02;5.111343e-02;9.354771e-02;3.741918e-02;1.011281e-01;1.719399e-01;1.879772e-01;7.527369e-02
4.938177e-02;5.071148e-02;1.000886e-01;4.857546e-02;6.460748e-02;5.787120e-02;1.128568e-01;5.913093e-02;7.240550e-02;1.367282e-01;1.573303e-01;9.031221e-02
6.541425e-02;5.796580e-02;1.277487e-01;5.532415e-02;6.402692e-02;7.106572e-02;1.236981e-01;1.008254e-01;6.519189e-02;1.057526e-01;1.146875e-01;4.829908e-02
5.151180e-02;4.737516e-02;2.061668e-01;7.668260e-02;8.058511e-02;6.852613e-02;9.910902e-02;9.675543e-02;8.429562e-02;9.140787e-02;7.893509e-02;1.864934e-02
6.946114e-02;6.042050e-02;2.802339e-01;6.922844e-02;7.249188e-02;4.352649e-02;6.707907e-02;7.005572e-02;6.491596e-02;9.208933e-02;6.538323e-02;4.511439e-02
4.230630e-02;4.504051e-02;1.763438e-01;6.191733e-02;1.055735e-01;5.063343e-02;1.752151e-01;7.808176e-02;8.527255e-02;8.802420e-02;6.309169e-02;2.849987e-02
5.663727e-02;3.916664e-02;6.757029e-02;5.621058e-02;1.098696e-01;6.191584e-02;2.412239e-01;7.216406e-02;1.019222e-01;9.400377e-02;6.954832e-02;2.976754e-02
5.605371e-02;4.710210e-02;1.132624e-01;4.959784e-02;1.002376e-01;6.058790e-02;2.237175e-01;6.296977e-02;9.633320e-02;9.123191e-02;6.958876e-02;2.931740e-02
7.194668e-02;5.493938e-02;2.399010e-01;4.830392e-02;7.387355e-02;4.495040e-02;1.681330e-01;5.754295e-02;8.318820e-02;6.266638e-02;6.362934e-02;3.092521e-02
7.188763e-02;5.729273e-02;2.971287e-01;5.481962e-02;9.716201e-02;3.532423e-02;1.228111e-01;2.640115e-02;4.137186e-02;8.605161e-02;7.608957e-02;3.365977e-02
8.645672e-02;6.286465e-02;1.620372e-01;6.444447e-02;1.421850e-01;4.818932e-02;9.990246e-02;3.143109e-02;5.118328e-02;1.046085e-01;1.023093e-01;4.438800e-02
4.129302e-02;3.766358e-02;2.671644e-01;4.677679e-02;1.049793e-01;6.017825e-02;1.803117e-01;4.450625e-02;3.305972e-02;6.594324e-02;7.819894e-02;3.992477e-02
4.420817e-02;2.797241e-02;3.218875e-01;4.845447e-02;1.071383e-01;6.031048e-02;1.520060e-01;3.279695e-02;3.897487e-02;6.008847e-02;7.044214e-02;3.572029e-02
4.340795e-02;3.767068e-02;2.598803e-01;6.527606e-02;1.205450e-01;7.123271e-02;1.058262e-01;4.711172e-02;5.459934e-02;5.761088e-02;9.117337e-02;4.566583e-02
6.289644e-02;5.581435e-02;2.050591e-01;8.256522e-02;1.104562e-01;8.755329e-02;6.673269e-02;4.740095e-02;8.917431e-02;8.165050e-02;6.538553e-02;4.531136e-02
1.074172e-01;6.049760e-02;1.753507e-01;8.689323e-02;6.609554e-02;7.441081e-02;5.909800e-02;6.853756e-02;1.186600e-01;6.844755e-02;7.183865e-02;4.275316e-02
9.749330e-02;4.412272e-02;1.568131e-01;4.896051e-02;5.252430e-02;9.283161e-02;1.063466e-01;7.948197e-02;9.766547e-02;8.745086e-02;8.107561e-02;5.523382e-02
8.789372e-02;3.749117e-02;1.597072e-01;4.373558e-02;7.518355e-02;8.498947e-02;1.484095e-01;9.949323e-02;7.186094e-02;8.774357e-02;6.694306e-02;3.654896e-02
7.411081e-02;3.338197e-02;1.691677e-01;8.122386e-02;1.011325e-01;6.660464e-02;1.406095e-01;9.958384e-02;6.866777e-02;7.775500e-02;5.554084e-02;3.222154e-02
6.912029e-02;5.341392e-02;1.204204e-01;1.005434e-01;9.394576e-02;4.309095e-02;1.205966e-01;9.849516e-02;8.847272e-02;9.693559e-02;5.317236e-02;6.179281e-02
