4.899975e-02;8.301095e-02;1.615629e-01;4.688489e-02;5.851550e-02;1.663458e-01;6.953409e-02;8.700193e-02;9.932446e-02;6.615190e-02;4.641254e-02;6.625529e-02
5.932367e-02;1.494271e-01;1.649114e-01;3.378406e-02;7.104323e-02;1.210031e-01;3.375560e-02;1.110265e-01;1.012844e-01;5.746912e-02;2.581704e-02;7.115477e-02
5.786423e-02;1.602477e-01;1.950248e-01;3.806434e-02;5.202002e-02;7.910191e-02;7.019322e-02;1.007800e-01;7.820492e-02;4.896228e-02;3.940641e-02;8.013012e-02
4.507273e-02;1.357347e-01;2.193043e-01;4.103183e-02;3.611562e-02;8.829182e-02;6.819700e-02;9.385952e-02;6.972487e-02;5.629624e-02;5.245209e-02;9.391930e-02
5.666055e-02;1.564842e-01;1.855241e-01;3.384214e-02;2.999014e-02;1.138566e-01;7.450666e-02;9.368446e-02;7.927746e-02;4.796348e-02;4.649393e-02;8.171628e-02
4.843874e-02;1.015231e-01;1.763812e-01;2.910248e-02;3.678893e-02;1.640925e-01;7.513130e-02;1.438799e-01;1.162265e-01;3.961239e-02;2.082267e-02;4.800024e-02
4.164376e-02;1.532457e-01;1.717755e-01;2.644788e-02;3.771494e-02;1.594733e-01;4.665808e-02;1.642258e-01;1.006675e-01;3.985694e-02;3.799690e-02;2.029367e-02
3.184568e-02;1.617968e-01;1.805836e-01;3.655263e-02;4.077406e-02;1.572927e-01;3.303001e-02;1.369590e-01;7.019492e-02;4.675969e-02;6.406762e-02;4.014321e-02
2.197564e-02;9.529433e-02;1.626566e-01;8.548434e-02;5.486463e-02;1.275116e-01;3.219998e-02;9.183098e-02;3.906194e-02;6.519118e-02;1.682762e-01;5.565252e-02
2.163531e-02;6.237409e-02;1.635509e-01;1.164070e-01;4.825709e-02;9.506795e-02;3.417293e-02;5.685087e-02;3.070367e-02;7.674250e-02;2.514059e-01;4.283183e-02
1.653810e-02;4.682099e-02;1.801798e-01;1.505093e-01;2.758641e-02;5.982377e-02;2.761715e-02;3.857815e-02;2.886757e-02;7.764628e-02;3.330488e-01;1.278375e-02
1.088735e-02;4.369572e-02;2.192387e-01;1.723758e-01;1.184145e-02;4.072344e-02;2.813794e-02;3.490024e-02;2.100970e-02;8.295077e-02;3.208573e-01;1.338162e-02
1.195672e-02;5.864938e-02;2.959342e-01;1.797008e-01;2.150886e-02;3.971321e-02;2.584799e-02;3.091554e-02;1.167469e-02;8.628402e-02;2.185836e-01;1.923103e-02
1.442284e-02;1.183042e-01;3.928472e-01;1.558313e-01;2.974663e-02;3.481266e-02;2.582818e-02;2.750601e-02;1.251887e-02;6.650256e-02;1.024526e-01;1.922687e-02
1.521061e-02;1.532027e-01;4.898020e-01;1.052697e-01;2.346070e-02;4.289400e-02;3.775253e-02;2.381125e-02;1.530636e-02;4.223575e-02;3.224280e-02;1.881156e-02
1.612007e-02;1.511761e-01;5.111355e-01;7.302935e-02;2.347574e-02;3.229578e-02;6.235112e-02;2.403607e-02;1.299841e-02;4.430111e-02;4.382784e-02;5.252989e-03
1.545691e-02;1.393216e-01;4.854083e-01;1.058351e-01;2.951803e-02;3.118738e-02;6.639483e-02;2.131291e-02;1.204194e-02;5.246771e-02;3.266067e-02;8.394698e-03
1.885169e-02;1.057668e-01;4.669251e-01;1.662269e-01;1.859847e-02;4.789466e-02;5.539631e-02;1.293509e-02;1.031413e-02;5.977315e-02;2.817069e-02;9.147073e-03
1.573393e-02;6.799994e-02;3.737980e-01;2.425376e-01;4.553065e-02;5.271259e-02;3.488375e-02;2.917456e-02;8.256260e-03;4.914581e-02;7.102542e-02;9.201460e-03
8.262157e-03;5.330206e-02;2.860000e-01;3.158251e-01;8.519993e-02;6.165448e-02;1.668029e-02;4.911075e-02;6.431289e-03;2.597491e-02;8.644363e-02;5.115384e-03
6.048621e-03;4.567255e-02;2.312187e-01;3.413763e-01;9.826986e-02;7.152915e-02;1.114055e-02;6.180377e-02;5.727498e-03;1.053297e-02;1.080221e-01;8.657905e-03
4.640533e-03;5.416377e-02;2.325465e-01;3.310233e-01;7.635867e-02;6.262360e-02;9.716110e-03;6.002863e-02;3.039796e-03;1.505338e-02;1.394375e-01;1.136825e-02
3.265868e-03;6.179652e-02;2.985777e-01;2.952764e-01;5.412711e-02;5.508418e-02;8.693534e-03;5.500858e-02;2.707067e-03;1.738775e-02;1.400462e-01;8.029029e-03
3.760317e-03;6.767239e-02;3.519340e-01;2.508706e-01;5.573509e-02;7.224162e-02;8.255718e-03;5.230020e-02;3.989098e-03;1.447526e-02;1.045715e-01;1.419416e-02
9.643841e-03;1.200845e-01;3.747434e-01;2.074886e-01;4.352168e-02;9.807896e-02;1.506505e-02;5.018901e-02;6.293680e-03;1.603536e-02;4.387242e-02;1.498352e-02
2.811214e-02;1.876165e-01;2.948413e-01;1.732371e-01;2.128196e-02;1.065226e-01;2.600372e-02;4.923760e-02;1.773934e-02;2.329552e-02;5.755362e-02;1.455855e-02
4.305333e-02;2.166079e-01;2.313160e-01;1.912221e-01;5.525728e-02;7.982687e-02;1.952285e-02;3.886140e-02;2.085914e-02;2.391162e-02;6.574631e-02;1.381531e-02
4.974730e-02;2.314462e-01;1.537971e-01;2.165443e-01;7.876679e-02;6.685507e-02;1.407706e-02;4.969799e-02;2.477328e-02;3.972279e-02;5.762777e-02;1.694431e-02
3.575815e-02;1.886690e-01;3.040113e-01;1.681552e-01;5.349838e-02;8.328336e-02;2.420233e-02;4.881574e-02;2.488843e-02;3.134539e-02;2.375860e-02;1.361409e-02
2.102453e-02;1.192596e-01;3.978117e-01;1.516972e-01;4.285135e-02;8.660290e-02;3.027789e-02;3.440339e-02;1.798624e-02;3.176780e-02;5.446462e-02;1.185266e-02
2.725352e-02;1.025568e-01;3.867278e-01;1.660444e-01;6.178243e-02;5.796737e-02;3.480545e-02;2.479405e-02;1.376704e-02;4.432082e-02;7.071162e-02;9.268677e-03
3.142741e-02;1.122811e-01;4.151255e-01;1.282436e-01;5.277047e-02;3.652241e-02;4.043661e-02;1.389621e-02;1.365390e-02;8.179961e-02;6.693390e-02;6.909273e-03
2.736541e-02;1.335157e-01;4.826198e-01;7.189973e-02;2.881642e-02;1.454254e-02;5.126604e-02;1.584538e-02;9.366078e-03;1.246985e-01;3.586875e-02;4.195589e-03
1.734453e-02;1.298875e-01;4.785231e-01;7.646386e-02;3.024582e-02;1.739748e-02;5.540662e-02;1.547003e-02;1.120386e-02;1.504312e-01;1.261578e-02;5.010138e-03
1.229141e-02;1.387558e-01;4.683925e-01;6.739345e-02;2.541624e-02;2.004812e-02;4.488282e-02;1.704458e-02;9.216942e-03;1.642374e-01;2.639169e-02;5.929144e-03
1.422195e-02;1.828464e-01;4.640086e-01;5.733256e-02;3.165917e-02;1.947692e-02;3.085398e-02;1.195512e-02;1.200140e-02;1.481953e-01;2.215206e-02;5.296608e-03
1.436414e-02;2.315668e-01;4.459399e-01;8.615551e-02;3.670693e-02;8.443836e-03;1.538966e-02;9.958352e-03;1.825467e-02;1.085300e-01;2.049464e-02;4.195596e-03
2.059267e-02;3.148507e-01;3.672811e-01;1.018827e-01;4.046627e-02;2.087524e-02;1.161927e-02;1.071210e-02;2.555468e-02;4.932549e-02;3.044076e-02;6.399046e-03
2.721301e-02;3.639635e-01;3.360559e-01;8.454479e-02;3.470117e-02;2.447459e-02;1.176616e-02;1.589890e-02;2.369466e-02;3.646237e-02;3.203362e-02;9.191281e-03
2.786289e-02;3.594423e-01;3.654011e-01;5.796387e-02;1.825791e-02;3.993807e-02;1.245294e-02;1.527693e-02;2.313767e-02;4.729062e-02;2.474089e-02;8.234808e-03
3.112808e-02;3.950812e-01;3.969974e-01;4.971955e-02;6.609794e-03;3.254623e-02;8.030149e-03;1.371097e-02;2.761304e-02;1.765342e-02;1.408848e-02;6.821769e-03
3.335808e-02;3.917678e-01;4.150483e-01;4.609580e-02;1.052165e-02;2.499330e-02;8.008732e-03;1.454962e-02;3.123320e-02;1.393720e-02;3.945141e-03;6.541169e-03
3.773528e-02;3.764339e-01;4.342944e-01;4.378941e-02;9.336103e-03;1.341104e-02;1.238382e-02;1.346583e-02;2.696382e-02;1.669425e-02;9.858795e-03;5.633386e-03
4.864596e-02;3.633925e-01;3.822053e-01;5.327938e-02;1.584377e-02;3.423418e-02;2.330472e-02;9.164425e-03;2.072554e-02;2.478178e-02;1.757963e-02;6.842785e-03
6.418392e-02;3.103975e-01;3.178728e-01;7.479107e-02;3.721442e-02;4.451637e-02;3.468500e-02;3.886019e-02;1.670229e-02;3.440291e-02;1.517036e-02;1.120311e-02
1.148179e-01;2.652849e-01;2.289304e-01;7.200997e-02;3.761051e-02;3.042876e-02;2.839009e-02;1.333511e-01;2.440246e-02;2.454430e-02;1.830673e-02;2.192285e-02
1.402857e-01;2.603142e-01;1.855119e-01;4.684561e-02;3.119948e-02;2.280075e-02;2.006067e-02;1.954595e-01;3.839492e-02;2.240298e-02;1.507082e-02;2.165346e-02
1.529239e-01;2.359909e-01;1.237303e-01;3.867967e-02;2.474468e-02;2.643595e-02;3.797195e-02;2.394788e-01;3.010951e-02;3.409537e-02;2.712558e-02;2.871331e-02
1.310747e-01;1.970848e-01;1.485814e-01;4.567682e-02;1.729909e-02;3.695967e-02;6.150103e-02;2.448401e-01;1.960576e-02;3.506669e-02;3.335268e-02;2.895722e-02
1.274122e-01;1.722609e-01;7.158247e-02;5.793102e-02;2.086449e-02;5.221881e-02;1.085157e-01;2.665273e-01;2.145548e-02;2.851982e-02;2.834683e-02;4.436498e-02
9.965252e-02;1.988576e-01;1.292305e-01;5.826313e-02;1.771506e-02;4.394205e-02;1.273197e-01;2.176123e-01;1.353293e-02;2.744084e-02;1.454974e-02;5.188366e-02
8.071294e-02;2.095488e-01;1.389536e-01;5.923970e-02;1.608305e-02;4.850134e-02;1.407575e-01;1.858938e-01;1.579274e-02;3.325388e-02;2.094091e-02;5.032179e-02
7.656250e-02;9.352536e-02;1.325729e-01;6.355213e-02;1.963412e-02;5.976636e-02;1.740368e-01;1.783551e-01;2.131703e-02;5.890235e-02;3.984511e-02;8.193026e-02
7.759395e-02;1.057824e-01;1.592277e-01;5.636436e-02;1.013586e-02;4.713102e-02;1.855274e-01;1.562682e-01;1.509899e-02;5.018776e-02;4.176981e-02;9.491263e-02
1.113986e-01;1.234968e-01;1.303324e-01;4.419176e-02;1.161177e-02;4.972515e-02;1.810208e-01;1.511423e-01;1.457845e-02;3.708108e-02;4.193799e-02;1.034829e-01
1.760784e-01;9.297726e-02;8.922863e-02;3.484446e-02;1.093420e-02;6.676014e-02;1.858821e-01;1.637742e-01;2.088933e-02;2.801627e-02;2.611610e-02;1.044989e-01
1.460955e-01;1.354981e-01;1.729775e-01;3.668517e-02;1.611129e-02;7.478750e-02;1.422427e-01;1.383594e-01;2.658778e-02;2.340260e-02;1.277470e-02;7.447781e-02
9.885240e-02;1.305437e-01;1.819339e-01;4.964287e-02;2.599743e-02;8.584403e-02;1.300402e-01;1.357086e-01;4.619547e-02;3.234528e-02;1.476314e-02;6.813300e-02
9.729281e-02;1.535897e-01;1.692334e-01;5.752615e-02;3.368586e-02;7.941426e-02;1.065475e-01;1.343737e-01;5.669155e-02;3.882999e-02;1.311023e-02;5.970486e-02
1.082236e-01;2.040259e-01;1.466892e-01;4.737749e-02;4.725946e-02;6.909271e-02;8.151388e-02;1.362308e-01;5.995612e-02;3.534695e-02;1.143138e-02;5.285249e-02
1.364751e-01;1.978872e-01;1.416681e-01;4.102550e-02;4.989498e-02;5.847982e-02;6.501004e-02;1.511714e-01;6.548952e-02;3.053781e-02;5.659474e-03;5.670103e-02
1.401174e-01;2.547466e-01;1.652063e-01;3.198457e-02;3.139205e-02;5.225653e-02;6.442685e-02;1.248533e-01;5.283359e-02;2.136841e-02;1.319977e-02;4.761476e-02
1.458055e-01;2.995625e-01;1.613549e-01;4.115720e-02;4.855701e-02;4.159445e-02;5.111054e-02;9.991212e-02;3.534552e-02;1.852545e-02;1.514422e-02;4.193059e-02
1.298568e-01;2.971635e-01;2.200029e-01;5.243607e-02;5.893911e-02;3.088515e-02;4.391030e-02;6.593028e-02;2.184810e-02;1.808959e-02;1.813862e-02;4.279954e-02
9.568197e-02;3.132244e-01;2.848428e-01;5.410326e-02;3.701915e-02;2.066780e-02;4.160662e-02;4.371260e-02;2.599371e-02;1.966480e-02;1.792904e-02;4.555379e-02
8.669908e-02;2.864359e-01;2.423812e-01;6.091355e-02;3.504955e-02;2.984778e-02;3.738457e-02;7.095756e-02;3.869892e-02;2.825211e-02;2.193803e-02;6.144182e-02
1.060232e-01;2.388399e-01;1.301890e-01;5.361084e-02;4.166919e-02;5.330206e-02;4.486092e-02;1.445146e-01;5.621515e-02;3.645311e-02;1.996721e-02;7.435487e-02
8.722010e-02;2.556792e-01;2.681153e-01;3.401249e-02;3.524668e-02;3.246181e-02;5.383859e-02;1.122354e-01;4.402939e-02;2.370141e-02;1.015394e-02;4.330555e-02
9.179313e-02;3.100089e-01;2.536497e-01;2.829421e-02;2.368927e-02;3.567099e-02;4.591994e-02;9.021358e-02;2.644728e-02;3.670719e-02;1.062143e-02;4.698438e-02
9.473357e-02;3.254053e-01;2.499128e-01;1.669567e-02;1.296137e-02;2.074979e-02;4.741254e-02;9.583423e-02;2.723128e-02;4.917571e-02;1.789701e-02;4.199080e-02
9.808977e-02;2.564799e-01;2.734285e-01;3.473981e-02;1.649129e-02;2.102999e-02;6.399330e-02;1.098935e-01;2.647391e-02;4.803755e-02;2.092850e-02;3.041392e-02
1.188833e-01;1.992692e-01;1.566020e-01;4.671630e-02;2.069531e-02;4.857723e-02;1.033072e-01;1.479116e-01;3.233111e-02;6.656669e-02;2.234660e-02;3.679335e-02
1.128700e-01;1.860911e-01;2.383443e-01;3.845612e-02;2.450757e-02;6.036592e-02;8.607887e-02;1.126636e-01;2.875676e-02;6.059598e-02;1.898303e-02;3.228667e-02
1.015107e-01;1.816366e-01;3.104756e-01;4.686260e-02;3.853595e-02;5.367349e-02;6.449331e-02;6.166168e-02;3.340377e-02;4.824291e-02;1.861727e-02;4.088609e-02
9.160670e-02;7.892682e-02;3.143913e-01;8.046764e-02;5.170241e-02;6.460231e-02;8.411320e-02;8.396737e-02;3.956233e-02;4.227642e-02;1.461085e-02;5.377266e-02
8.781363e-02;1.895995e-01;2.514092e-01;8.144486e-02;4.130124e-02;4.792419e-02;7.642657e-02;9.886650e-02;3.707237e-02;3.585621e-02;1.640431e-02;3.588144e-02
9.396915e-02;2.394482e-01;1.759413e-01;9.128357e-02;4.778235e-02;4.939815e-02;8.065394e-02;1.042885e-01;3.408484e-02;3.972431e-02;1.712523e-02;2.630044e-02
7.887862e-02;2.484089e-01;1.546809e-01;8.626505e-02;5.631303e-02;5.544588e-02;7.605632e-02;9.035415e-02;6.269208e-02;5.088365e-02;1.252622e-02;2.749526e-02
6.954763e-02;2.705112e-01;2.190500e-01;5.368933e-02;5.076722e-02;6.151744e-02;6.023887e-02;7.689936e-02;6.163380e-02;4.331648e-02;1.072396e-02;2.210469e-02
6.693778e-02;2.951505e-01;3.107965e-01;3.711928e-02;2.897408e-02;3.880636e-02;3.715831e-02;6.847390e-02;5.678245e-02;3.618059e-02;6.024216e-03;1.759603e-02
7.255186e-02;2.936442e-01;3.118554e-01;2.287943e-02;4.165519e-02;4.778153e-02;2.577734e-02;6.572385e-02;3.481269e-02;5.069357e-02;7.777395e-03;2.484764e-02
9.727213e-02;2.470428e-01;2.229123e-01;4.051640e-02;5.141323e-02;7.252844e-02;3.235559e-02;8.273471e-02;4.926533e-02;5.485506e-02;1.735229e-02;3.175167e-02
7.285903e-02;2.692098e-01;2.842037e-01;4.329316e-02;2.914473e-02;6.740347e-02;3.474708e-02;6.409317e-02;6.327643e-02;3.108885e-02;2.209529e-02;1.858529e-02
5.336098e-02;2.378725e-01;2.900645e-01;4.496097e-02;3.601145e-02;6.607836e-02;4.506143e-02;7.563700e-02;6.227920e-02;3.911951e-02;2.545114e-02;2.410297e-02
6.570898e-02;1.127338e-01;2.605329e-01;8.604812e-02;4.116551e-02;8.121071e-02;7.085799e-02;1.112278e-01;6.141589e-02;5.610486e-02;2.965296e-02;2.334049e-02
9.428332e-02;2.717265e-01;1.826131e-01;7.965066e-02;3.710099e-02;5.108459e-02;4.417329e-02;8.679400e-02;5.212253e-02;4.299613e-02;2.548398e-02;3.197093e-02
9.948082e-02;3.364128e-01;1.252110e-01;6.699446e-02;3.840561e-02;6.063653e-02;5.908464e-02;6.920941e-02;5.123381e-02;3.396441e-02;1.778333e-02;4.158331e-02
1.013066e-01;3.238001e-01;2.130725e-01;6.727704e-02;2.739415e-02;4.760638e-02;4.921388e-02;6.434683e-02;3.516325e-02;2.393052e-02;1.628105e-02;3.060768e-02
1.047905e-01;3.650435e-01;2.080641e-01;4.436471e-02;2.379910e-02;3.055814e-02;5.113829e-02;6.759615e-02;2.961559e-02;2.836239e-02;2.464939e-02;2.201823e-02
9.173174e-02;3.707513e-01;2.493229e-01;3.865350e-02;1.757432e-02;2.403052e-02;5.738040e-02;6.691156e-02;1.899171e-02;2.591337e-02;1.540515e-02;2.333354e-02
9.402666e-02;3.379465e-01;2.667023e-01;4.556220e-02;1.726151e-02;2.041870e-02;4.607816e-02;8.054543e-02;1.612784e-02;2.747325e-02;1.838478e-02;2.947262e-02
1.214956e-01;3.569829e-01;1.053894e-01;5.714330e-02;2.032874e-02;3.949465e-02;5.593824e-02;1.106699e-01;3.401276e-02;3.530451e-02;2.104119e-02;4.219883e-02
8.280544e-02;3.338187e-01;3.234967e-01;3.909101e-02;8.308633e-03;3.878772e-02;3.979002e-02;5.669264e-02;2.388491e-02;1.303204e-02;1.112166e-02;2.917055e-02
6.786906e-02;3.101481e-01;3.541313e-01;4.049229e-02;1.293873e-02;3.551174e-02;4.500721e-02;5.630919e-02;1.920369e-02;1.660770e-02;1.527519e-02;2.650589e-02
6.260488e-02;2.023096e-01;3.699623e-01;5.559127e-02;1.057829e-02;3.969679e-02;5.765011e-02;9.657672e-02;2.103651e-02;2.664137e-02;2.929297e-02;2.805929e-02
4.276861e-02;2.895696e-01;3.098164e-01;5.058698e-02;1.511565e-02;3.251674e-02;3.981649e-02;1.147978e-01;3.130110e-02;2.718960e-02;2.799013e-02;1.853081e-02
4.987316e-02;2.513851e-01;2.569453e-01;5.451881e-02;2.231027e-02;5.108040e-02;7.139657e-02;1.280170e-01;4.117566e-02;2.486474e-02;2.654740e-02;2.188569e-02
4.448900e-02;1.659453e-01;2.680445e-01;5.752828e-02;3.544051e-02;7.424084e-02;1.148521e-01;1.257211e-01;3.581950e-02;1.927563e-02;3.334435e-02;2.529886e-02
6.172369e-02;2.646053e-01;2.516269e-01;2.999887e-02;3.000965e-02;3.877266e-02;8.349143e-02;1.190534e-01;1.924455e-02;2.603503e-02;4.341211e-02;3.202644e-02
7.735946e-02;3.070607e-01;2.589385e-01;1.244370e-02;1.700990e-02;3.962719e-02;6.610889e-02;1.192954e-01;2.562701e-02;2.091150e-02;3.299665e-02;2.262113e-02
6.636554e-02;2.109575e-01;2.675319e-01;3.476664e-02;2.345227e-02;6.089647e-02;9.303115e-02;1.395873e-01;3.114730e-02;2.359645e-02;2.184601e-02;2.682144e-02
4.278116e-02;9.798326e-02;2.233115e-01;5.845622e-02;6.465841e-02;2.147595e-01;5.216087e-02;1.090173e-01;4.954984e-02;3.229922e-02;1.399285e-02;4.102998e-02
4.176585e-02;1.625337e-01;1.858339e-01;2.736863e-02;7.809594e-02;2.889827e-01;2.947955e-02;3.823160e-02;5.094947e-02;2.597269e-02;1.353384e-02;5.725203e-02
4.339047e-02;1.449237e-01;1.210035e-01;1.931465e-02;9.032457e-02;3.750457e-01;1.559780e-02;3.389500e-02;3.894071e-02;9.470473e-03;1.442529e-02;9.366806e-02
4.619265e-02;9.222888e-02;7.343481e-02;2.467872e-02;7.392360e-02;4.744624e-01;1.483070e-02;4.737844e-02;1.434041e-02;1.236639e-02;1.382975e-02;1.123332e-01
6.770031e-02;4.647861e-02;2.333998e-02;1.595579e-02;2.983644e-02;5.202943e-01;6.527095e-02;8.863552e-02;9.326188e-03;1.719964e-02;2.259560e-02;9.336667e-02
5.429972e-02;4.165564e-02;2.026553e-02;1.514696e-02;4.069773e-02;5.071666e-01;8.173130e-02;1.241386e-01;1.466105e-02;1.820373e-02;2.493705e-02;5.709612e-02
5.062702e-02;1.045225e-01;1.308824e-01;2.383338e-02;6.010183e-02;3.433402e-01;3.759479e-02;1.377419e-01;2.587329e-02;1.630359e-02;2.831145e-02;4.086769e-02
6.668769e-02;1.593509e-01;1.670861e-01;3.500557e-02;5.688827e-02;2.322113e-01;3.869297e-02;1.206371e-01;2.564839e-02;1.241371e-02;2.534666e-02;6.003137e-02
8.109982e-02;1.834141e-01;1.132254e-01;3.303766e-02;3.206653e-02;3.279074e-01;4.708554e-02;6.610154e-02;2.344355e-02;1.794278e-02;3.107111e-02;4.360453e-02
1.016511e-01;1.961233e-01;1.566115e-01;2.468472e-02;3.775139e-02;2.798413e-01;3.469341e-02;5.348273e-02;3.806727e-02;2.183563e-02;1.689907e-02;3.835855e-02
8.564462e-02;2.716242e-01;2.224026e-01;1.280534e-02;5.584232e-02;1.632043e-01;3.112254e-02;6.305480e-02;2.335340e-02;2.152673e-02;1.694557e-02;3.247365e-02
4.954533e-02;2.382318e-01;2.154550e-01;3.646826e-02;7.750420e-02;1.797693e-01;3.766073e-02;6.445304e-02;2.813210e-02;2.438669e-02;1.720223e-02;3.119136e-02
4.231617e-02;1.393676e-01;1.637206e-01;5.100260e-02;7.281586e-02;2.191324e-01;5.834306e-02;7.716762e-02;5.723111e-02;5.251237e-02;3.070215e-02;3.568850e-02
2.834979e-02;9.495371e-02;1.360900e-01;5.887355e-02;8.320701e-02;2.404860e-01;5.976675e-02;7.787864e-02;8.328272e-02;6.367239e-02;2.325980e-02;5.017971e-02
3.082521e-02;8.855072e-02;1.146075e-01;5.875264e-02;8.137634e-02;2.091142e-01;7.794145e-02;1.043241e-01;8.587280e-02;5.292493e-02;3.235094e-02;6.335925e-02
3.726709e-02;4.837148e-02;9.920288e-02;4.154341e-02;7.606387e-02;2.226345e-01;7.895237e-02;1.581578e-01;7.282634e-02;5.494440e-02;3.378749e-02;7.624839e-02
4.833158e-02;1.372838e-01;1.176628e-01;2.755821e-02;9.739037e-02;1.921843e-01;5.861280e-02;1.476986e-01;5.488355e-02;5.090748e-02;2.180324e-02;4.568327e-02
3.953099e-02;1.200969e-01;1.187073e-01;3.280332e-02;4.537239e-02;2.582131e-01;8.207150e-02;1.385120e-01;5.727974e-02;4.121761e-02;2.162562e-02;4.456956e-02
2.201457e-02;7.595156e-02;8.026052e-02;4.946702e-02;7.616220e-02;3.496941e-01;5.816679e-02;1.751003e-01;5.758261e-02;1.917406e-02;1.229792e-02;2.412837e-02
1.707610e-02;7.493797e-02;1.169806e-01;6.240924e-02;9.790318e-02;3.491415e-01;5.121039e-02;1.420700e-01;4.559248e-02;1.132663e-02;8.286789e-03;2.306507e-02
1.849858e-02;9.671628e-02;1.771667e-01;8.195277e-02;1.132578e-01;3.048486e-01;4.255721e-02;9.400335e-02;2.521348e-02;1.076783e-02;9.690858e-03;2.532648e-02
3.315448e-02;2.134235e-01;2.871938e-01;7.451112e-02;7.687403e-02;1.488362e-01;2.594474e-02;6.498005e-02;2.498233e-02;1.625295e-02;1.069889e-02;2.314788e-02
4.886679e-02;3.226728e-01;3.164761e-01;3.979037e-02;2.008900e-02;8.721107e-02;2.798175e-02;5.320782e-02;3.812774e-02;1.729610e-02;6.995134e-03;2.128536e-02
7.726423e-02;3.292806e-01;2.352496e-01;4.252536e-02;3.370586e-02;8.915629e-02;3.902548e-02;5.938961e-02;3.362432e-02;1.689803e-02;1.404152e-02;2.983912e-02
9.573702e-02;2.501369e-01;1.873026e-01;5.715316e-02;3.760976e-02;1.318624e-01;5.447789e-02;7.388274e-02;2.683070e-02;1.602421e-02;2.310103e-02;4.588161e-02
1.030690e-01;1.773294e-01;7.489007e-02;5.863744e-02;5.694779e-02;1.989307e-01;5.026645e-02;1.438406e-01;3.847020e-02;2.350372e-02;2.108334e-02;5.303130e-02
1.024311e-01;2.757881e-01;1.448837e-01;3.651145e-02;6.063610e-02;9.739617e-02;2.464737e-02;1.513033e-01;3.643585e-02;2.035524e-02;1.671855e-02;3.289317e-02
1.069255e-01;3.317510e-01;2.073192e-01;2.413387e-02;4.879585e-02;4.482893e-02;2.209757e-02;1.261687e-01;3.931524e-02;1.463933e-02;2.026995e-02;1.375494e-02
1.279017e-01;2.909265e-01;1.719414e-01;1.623176e-02;5.432370e-02;4.769087e-02;2.906196e-02;1.480691e-01;4.996086e-02;1.497223e-02;3.652490e-02;1.239513e-02
1.690243e-01;2.207310e-01;1.183308e-01;1.127223e-02;4.723283e-02;3.250875e-02;3.979913e-02;2.351175e-01;5.234507e-02;1.385504e-02;4.197714e-02;1.780616e-02
1.699241e-01;1.279269e-01;5.996251e-02;1.695661e-02;3.286396e-02;3.654827e-02;1.043813e-01;3.101558e-01;3.992771e-02;3.079304e-02;3.791324e-02;3.264654e-02
1.087522e-01;7.229480e-02;2.635142e-02;3.284369e-02;1.709317e-02;6.486044e-02;2.359693e-01;2.611451e-01;2.645394e-02;5.232361e-02;2.180245e-02;8.010979e-02
4.992821e-02;6.908954e-02;4.265190e-02;4.789681e-02;1.721986e-02;7.686602e-02;3.271647e-01;1.455052e-01;2.060748e-02;5.537657e-02;1.329877e-02;1.343948e-01
3.796938e-02;8.298036e-02;3.099533e-02;4.761988e-02;2.138351e-02;8.418196e-02;3.879143e-01;6.974141e-02;1.317741e-02;4.026930e-02;1.394264e-02;1.698246e-01
3.989501e-02;9.095505e-02;2.870274e-02;3.712483e-02;1.950562e-02;1.092338e-01;4.082946e-01;3.987179e-02;1.930463e-02;2.292049e-02;1.301708e-02;1.711743e-01
4.255860e-02;9.997738e-02;4.226582e-02;2.947422e-02;1.966048e-02;1.256378e-01;3.794400e-01;4.268200e-02;2.973866e-02;2.671496e-02;2.065180e-02;1.411983e-01
4.543598e-02;1.418368e-01;7.928875e-02;3.480417e-02;2.032884e-02;1.750389e-01;2.600958e-01;4.145467e-02;4.896403e-02;2.982903e-02;4.397699e-02;7.894608e-02
5.105606e-02;1.823769e-01;5.548728e-02;3.589978e-02;2.392516e-02;2.258515e-01;9.454571e-02;8.912984e-02;8.109635e-02;4.877602e-02;6.988923e-02;4.196618e-02
5.649886e-02;1.968711e-01;8.173927e-02;1.826770e-02;2.671125e-02;1.657938e-01;1.177275e-01;1.177765e-01;7.200406e-02;6.313609e-02;4.552798e-02;3.794600e-02
6.608175e-02;1.653559e-01;1.175374e-01;1.882179e-02;2.840278e-02;1.677224e-01;1.612944e-01;9.368712e-02;4.271000e-02;4.339662e-02;3.950800e-02;5.548184e-02
5.773430e-02;1.634863e-01;9.667064e-02;2.698040e-02;2.404386e-02;1.764528e-01;1.561453e-01;1.428140e-01;4.706790e-02;3.487330e-02;2.832414e-02;4.540712e-02
6.345175e-02;1.520020e-01;9.298912e-02;3.931526e-02;3.402344e-02;6.997094e-02;2.119507e-01;1.789866e-01;4.152289e-02;2.912482e-02;2.386831e-02;6.279413e-02
5.839008e-02;1.253973e-01;1.041390e-01;3.924687e-02;3.591582e-02;4.387343e-02;2.567749e-01;1.627710e-01;3.941505e-02;3.025295e-02;2.972393e-02;7.409957e-02
8.074995e-02;1.049783e-01;1.025329e-01;3.784880e-02;2.966486e-02;7.421813e-02;3.023579e-01;1.032644e-01;4.666714e-02;3.207169e-02;2.031063e-02;6.533528e-02
5.719675e-02;1.262717e-01;8.951827e-02;4.820396e-02;2.347879e-02;1.179865e-01;2.654234e-01;1.266376e-01;4.256395e-02;2.679480e-02;1.522344e-02;6.070094e-02
4.984033e-02;1.791437e-01;1.010990e-01;4.184996e-02;2.116087e-02;1.068455e-01;2.504931e-01;1.047000e-01;4.332062e-02;2.003749e-02;1.584297e-02;6.566645e-02
7.132706e-02;2.414213e-01;1.016361e-01;3.503566e-02;2.370501e-02;7.253358e-02;2.499689e-01;6.241616e-02;4.848605e-02;2.186048e-02;2.138496e-02;5.022478e-02
5.597263e-02;2.125618e-01;1.296597e-01;4.130968e-02;4.014881e-02;1.830919e-01;9.684382e-02;8.817560e-02;5.111372e-02;4.132091e-02;3.527483e-02;2.452658e-02
4.898528e-02;1.508956e-01;1.329122e-01;3.427922e-02;5.699236e-02;2.280391e-01;8.678608e-02;6.189029e-02;6.299137e-02;4.222517e-02;6.596569e-02;2.803773e-02
4.399629e-02;8.998917e-02;7.160497e-02;2.157646e-02;5.390655e-02;3.035265e-01;1.405775e-01;5.807791e-02;5.960213e-02;2.940885e-02;9.196582e-02;3.576794e-02
4.386315e-02;5.659193e-02;5.077785e-02;1.403119e-02;4.759723e-02;3.887084e-01;1.162089e-01;5.653495e-02;5.074982e-02;2.322687e-02;1.162029e-01;3.550673e-02
4.326987e-02;5.797423e-02;4.447402e-02;1.436385e-02;6.409189e-02;4.188943e-01;2.576471e-02;6.002352e-02;6.227919e-02;3.289918e-02;1.350278e-01;4.093739e-02
3.442468e-02;6.258015e-02;7.631128e-02;9.813231e-03;5.832711e-02;3.530818e-01;2.569288e-02;6.349604e-02;8.409931e-02;4.472289e-02;1.374355e-01;5.001520e-02
5.265618e-02;6.546230e-02;8.412258e-02;1.358256e-02;5.143774e-02;2.514684e-01;6.099807e-02;8.546398e-02;1.030289e-01;5.806658e-02;1.180791e-01;5.563362e-02
6.249430e-02;1.106815e-01;8.991712e-02;1.884605e-02;5.789030e-02;1.867155e-01;8.247423e-02;8.431650e-02;1.273367e-01;6.451213e-02;7.784347e-02;3.697223e-02
6.227976e-02;1.220516e-01;7.395035e-02;1.451136e-02;6.600568e-02;1.268678e-01;8.211323e-02;9.816266e-02;1.778654e-01;7.251284e-02;4.946170e-02;5.421770e-02
5.582274e-02;9.962784e-02;3.902051e-02;1.868097e-02;7.502314e-02;9.647153e-02;8.867700e-02;1.127008e-01;2.157160e-01;7.742312e-02;6.168443e-02;5.915190e-02
4.445913e-02;1.179662e-01;4.310535e-02;1.679887e-02;8.170444e-02;4.416635e-02;9.186731e-02;1.207081e-01;2.396525e-01;7.453188e-02;5.755595e-02;6.748394e-02
4.122683e-02;1.243911e-01;7.445955e-02;1.739320e-02;7.128204e-02;8.530855e-02;7.010596e-02;1.517643e-01;2.051586e-01;5.065292e-02;3.881035e-02;6.944649e-02
4.483696e-02;1.286319e-01;9.740268e-02;1.652399e-02;5.977348e-02;1.449864e-01;6.169771e-02;1.188229e-01;1.659949e-01;4.895226e-02;5.529712e-02;5.707966e-02
4.360748e-02;9.835488e-02;6.736804e-02;1.130833e-02;4.493286e-02;2.140458e-01;1.020716e-01;1.103981e-01;1.609348e-01;5.825388e-02;5.919269e-02;2.953153e-02
3.752070e-02;8.156079e-02;3.953928e-02;1.537564e-02;4.752994e-02;1.809200e-01;1.909803e-01;1.004113e-01;1.391975e-01;5.166129e-02;4.951082e-02;6.579242e-02
4.085481e-02;1.069655e-01;4.841372e-02;2.102179e-02;4.831571e-02;1.297142e-01;2.211559e-01;1.086433e-01;9.313101e-02;4.758271e-02;4.574864e-02;8.845263e-02
5.078816e-02;1.393584e-01;6.087629e-02;1.944471e-02;3.628936e-02;1.029454e-01;2.487980e-01;9.145340e-02;6.374004e-02;3.925279e-02;3.998391e-02;1.070695e-01
4.661958e-02;1.143130e-01;3.572631e-02;1.931049e-02;4.701805e-02;1.562805e-01;2.653932e-01;9.145342e-02;4.375158e-02;2.952559e-02;3.345066e-02;1.171578e-01
3.325656e-02;1.143439e-01;4.482215e-02;1.203730e-02;3.077888e-02;1.575142e-01;2.795597e-01;1.206182e-01;3.797157e-02;2.249959e-02;3.870291e-02;1.078951e-01
3.277562e-02;1.417899e-01;4.448280e-02;1.440037e-02;1.946917e-02;1.255284e-01;2.962648e-01;1.264145e-01;3.390423e-02;1.942916e-02;3.884564e-02;1.066954e-01
3.093916e-02;1.465987e-01;3.098784e-02;3.631486e-02;2.012792e-02;1.037457e-01;3.208505e-01;9.746146e-02;3.047713e-02;2.173493e-02;3.108620e-02;1.296756e-01
3.048726e-02;1.600401e-01;2.881346e-02;6.298587e-02;1.634959e-02;5.721806e-02;3.421590e-01;7.679509e-02;2.689139e-02;2.618777e-02;2.134872e-02;1.507238e-01
4.567609e-02;1.404645e-01;2.340635e-02;7.780806e-02;1.506922e-02;3.902034e-02;3.477516e-01;6.805854e-02;3.733962e-02;3.918742e-02;1.376983e-02;1.524483e-01
8.003160e-02;9.777689e-02;4.466847e-02;5.545913e-02;1.275514e-02;6.558010e-02;3.039610e-01;1.113735e-01;3.575222e-02;5.084231e-02;1.514861e-02;1.266510e-01
1.243391e-01;1.303842e-01;1.117143e-01;1.698070e-02;2.065292e-02;6.295940e-02;1.988887e-01;1.634979e-01;3.246317e-02;3.497281e-02;1.489982e-02;8.824693e-02
1.541665e-01;1.693949e-01;1.713552e-01;7.947312e-03;3.529882e-02;4.966472e-02;1.132202e-01;1.738415e-01;3.422722e-02;1.833384e-02;1.736848e-02;5.518121e-02
1.587829e-01;2.157420e-01;1.892954e-01;9.026946e-03;6.005682e-02;2.028711e-02;7.159198e-02;1.550215e-01;3.789619e-02;1.452928e-02;3.361118e-02;3.415877e-02
1.101429e-01;2.762820e-01;1.787206e-01;1.782405e-02;5.366225e-02;4.919283e-02;8.608370e-02;1.042646e-01;5.789410e-02;2.157860e-02;2.983349e-02;1.452082e-02
6.187095e-02;3.506885e-01;1.775225e-01;3.623088e-02;2.595877e-02;4.745912e-02;9.132226e-02;6.370927e-02;8.280077e-02;2.271958e-02;2.615445e-02;1.356297e-02
4.364715e-02;3.665565e-01;2.171862e-01;4.663117e-02;1.338275e-02;3.991796e-02;9.039143e-02;4.067846e-02;7.826628e-02;2.382657e-02;1.823111e-02;2.128436e-02
3.147374e-02;2.891453e-01;3.144753e-01;3.662178e-02;1.819523e-02;4.455351e-02;9.388503e-02;3.763751e-02;4.837306e-02;4.867139e-02;1.351237e-02;2.345579e-02
2.855425e-02;2.237034e-01;4.105136e-01;3.839809e-02;1.921032e-02;4.384295e-02;9.715505e-02;1.807659e-02;2.413625e-02;6.518582e-02;1.641711e-02;1.480659e-02
3.684602e-02;1.642485e-01;4.446250e-01;5.520844e-02;2.095138e-02;5.124999e-02;8.968190e-02;2.315872e-02;2.144720e-02;4.992500e-02;2.423284e-02;1.842510e-02
3.420883e-02;1.733605e-01;4.340028e-01;8.259846e-02;1.091065e-02;4.047605e-02;8.141690e-02;3.310604e-02;3.713120e-02;2.786483e-02;2.352498e-02;2.139883e-02
4.191882e-02;1.778168e-01;3.293103e-01;9.740631e-02;2.999794e-02;9.123054e-02;4.774520e-02;5.350026e-02;4.128066e-02;4.328234e-02;2.670084e-02;1.980999e-02
5.257164e-02;1.640439e-01;1.694190e-01;1.098877e-01;4.137439e-02;1.500870e-01;6.973200e-02;9.023915e-02;5.691058e-02;3.524637e-02;2.034462e-02;4.014370e-02
6.384250e-02;1.635955e-01;2.159608e-01;6.695981e-02;3.480125e-02;8.311690e-02;1.414904e-01;7.394639e-02;5.202349e-02;2.556428e-02;1.965705e-02;5.904157e-02
8.291551e-02;1.247382e-01;2.094507e-01;3.741900e-02;3.390986e-02;9.958631e-02;1.742100e-01;5.422492e-02;6.717928e-02;3.762209e-02;2.457114e-02;5.417299e-02
