5.080549e-02;2.512277e-01;2.641017e-01;4.032919e-02;2.744638e-02;1.083441e-01;3.565785e-02;1.109826e-01;4.540014e-02;2.466138e-02;1.712164e-02;2.392185e-02
5.983984e-02;2.449756e-01;2.238201e-01;3.585440e-02;2.733779e-02;1.261472e-01;5.515493e-02;9.319998e-02;3.772235e-02;2.174287e-02;2.804261e-02;4.616233e-02
7.990806e-02;2.177923e-01;1.424930e-01;3.716395e-02;2.668468e-02;1.290924e-01;9.544863e-02;7.322104e-02;4.629110e-02;2.187862e-02;3.811285e-02;9.191333e-02
1.069564e-01;1.562571e-01;4.526932e-02;3.382681e-02;2.059910e-02;1.067298e-01;1.666063e-01;5.885368e-02;5.085918e-02;2.996519e-02;4.326987e-02;1.808072e-01
9.176811e-02;1.787460e-01;8.817459e-02;3.011039e-02;1.054229e-02;5.065553e-02;1.745321e-01;4.649943e-02;6.356919e-02;3.697269e-02;4.083851e-02;1.875912e-01
7.052352e-02;1.748561e-01;1.101975e-01;2.931155e-02;1.567021e-02;4.375625e-02;1.699481e-01;5.697129e-02;7.733137e-02;3.185153e-02;5.201972e-02;1.675629e-01
5.583429e-02;1.088911e-01;8.181178e-02;2.821390e-02;2.321286e-02;9.033279e-02;1.549008e-01;8.590389e-02;1.134493e-01;4.191197e-02;6.950650e-02;1.460309e-01
5.204281e-02;1.191286e-01;1.070652e-01;2.924460e-02;2.672737e-02;1.011296e-01;1.177024e-01;7.079519e-02;1.365822e-01;4.488129e-02;9.665302e-02;9.804768e-02
3.831147e-02;1.365675e-01;1.239729e-01;2.440770e-02;2.285943e-02;1.055082e-01;9.394368e-02;1.009115e-01;1.402684e-01;4.438484e-02;9.726623e-02;7.159820e-02
3.186752e-02;9.382343e-02;6.884276e-02;1.367503e-02;2.281096e-02;1.564636e-01;8.093295e-02;1.288206e-01;1.847554e-01;5.907456e-02;8.099536e-02;7.793786e-02
2.187396e-02;7.067273e-02;6.980136e-02;1.547342e-02;2.609072e-02;1.485746e-01;7.794606e-02;1.539259e-01;2.208399e-01;6.562537e-02;5.104884e-02;7.812704e-02
3.990436e-02;1.061101e-01;1.309168e-01;1.338829e-02;4.721899e-02;8.339893e-02;7.282996e-02;1.450581e-01;2.078975e-01;5.145071e-02;3.618941e-02;6.563678e-02
3.025194e-02;1.061169e-01;1.391313e-01;2.712635e-02;4.523213e-02;1.496652e-01;3.479560e-02;1.237450e-01;1.651035e-01;4.209390e-02;5.657858e-02;8.015963e-02
4.158865e-02;1.268130e-01;1.133132e-01;3.158969e-02;2.545503e-02;1.659680e-01;1.501081e-01;9.989917e-02;7.032979e-02;2.698820e-02;5.667926e-02;9.126786e-02
6.650952e-02;1.512070e-01;1.031468e-01;5.104749e-02;1.002334e-02;8.910212e-02;2.181412e-01;9.514701e-02;2.851833e-02;2.367962e-02;3.638065e-02;1.270970e-01
7.345543e-02;1.333527e-01;6.347660e-02;6.606564e-02;9.600204e-03;3.084978e-02;2.754335e-01;1.088000e-01;1.670605e-02;2.097170e-02;8.118549e-03;1.931698e-01
4.701824e-02;6.870724e-02;3.276373e-02;5.994599e-02;3.885686e-03;4.214508e-02;3.137082e-01;1.291167e-01;1.757816e-02;1.434931e-02;3.609060e-02;2.346910e-01
7.487625e-02;5.679928e-02;2.805940e-02;4.501165e-02;3.084548e-03;3.709368e-02;3.082414e-01;1.382429e-01;1.753868e-02;1.465448e-02;3.609399e-02;2.403038e-01
1.085842e-01;8.443308e-02;4.215145e-02;2.293014e-02;5.957995e-03;1.887828e-02;2.451739e-01;1.697228e-01;1.656153e-02;1.306236e-02;2.399962e-02;2.485446e-01
1.513017e-01;8.818477e-02;5.666726e-02;1.288311e-02;5.040588e-03;1.317734e-02;1.836593e-01;2.044344e-01;1.716525e-02;8.451126e-03;9.616364e-03;2.494188e-01
1.890497e-01;1.103234e-01;6.198872e-02;1.459618e-02;6.628679e-03;2.198016e-02;1.372955e-01;2.075344e-01;1.653893e-02;1.302238e-02;1.539108e-02;2.056509e-01
2.178648e-01;1.107622e-01;6.124800e-02;2.265008e-02;9.526260e-03;3.237491e-02;1.101326e-01;1.887524e-01;2.785033e-02;1.591033e-02;1.989851e-02;1.830295e-01
1.817079e-01;1.891459e-01;1.261161e-01;2.745615e-02;1.846974e-02;5.464655e-02;7.932117e-02;1.144067e-01;3.616381e-02;2.165340e-02;1.930060e-02;1.316120e-01
1.797319e-01;3.083668e-01;1.599075e-01;2.020694e-02;2.180398e-02;5.228421e-02;4.494070e-02;5.622850e-02;2.913007e-02;1.978220e-02;1.858154e-02;8.903559e-02
1.967680e-01;3.358079e-01;1.662794e-01;2.173448e-02;2.969262e-02;2.739446e-02;4.709062e-02;7.412311e-02;2.236952e-02;1.808857e-02;1.785203e-02;4.279938e-02
1.449491e-01;3.130143e-01;1.419714e-01;2.323956e-02;3.073522e-02;3.752485e-02;9.948456e-02;9.783509e-02;3.000037e-02;1.868078e-02;1.544740e-02;4.711739e-02
1.127869e-01;2.969038e-01;1.316269e-01;2.312095e-02;2.938862e-02;4.072333e-02;1.296278e-01;9.370818e-02;3.638723e-02;2.762187e-02;1.159037e-02;6.651403e-02
8.629971e-02;3.052363e-01;1.134634e-01;3.615380e-02;3.467587e-02;7.422563e-02;9.208767e-02;3.989566e-02;4.490811e-02;3.884073e-02;2.703767e-02;1.071755e-01
8.087332e-02;2.410060e-01;1.370284e-01;4.079558e-02;4.127384e-02;8.933517e-02;7.592738e-02;7.899333e-02;4.848149e-02;3.698313e-02;2.681628e-02;1.024860e-01
1.122050e-01;2.035843e-01;1.068816e-01;3.588799e-02;3.672813e-02;8.024465e-02;1.028955e-01;1.119983e-01;4.095281e-02;3.769623e-02;3.384972e-02;9.707569e-02
1.525080e-01;1.600922e-01;1.466543e-01;2.888307e-02;2.994401e-02;4.728540e-02;8.552866e-02;1.602552e-01;4.544923e-02;3.112688e-02;2.658600e-02;8.568709e-02
1.399302e-01;1.233684e-01;1.866122e-01;3.449377e-02;2.106217e-02;6.565945e-02;5.287660e-02;1.992958e-01;6.390483e-02;1.882849e-02;2.401529e-02;6.995282e-02
1.409398e-01;1.065076e-01;1.497907e-01;5.314464e-02;1.748505e-02;5.763242e-02;9.419732e-02;2.114992e-01;7.509951e-02;1.582792e-02;2.087371e-02;5.700215e-02
1.320401e-01;1.168379e-01;8.358552e-02;4.721801e-02;3.201165e-02;7.277472e-02;1.165942e-01;2.303054e-01;7.716446e-02;1.307007e-02;1.466884e-02;6.372905e-02
1.224925e-01;1.250166e-01;6.567541e-02;2.282383e-02;2.062633e-02;7.466494e-02;1.535907e-01;2.510196e-01;8.585238e-02;1.842830e-02;6.643933e-03;5.316554e-02
9.591080e-02;1.255196e-01;5.910102e-02;2.664818e-02;1.179273e-02;8.766679e-02;1.885976e-01;2.316570e-01;9.616663e-02;1.968985e-02;1.198184e-02;4.526801e-02
8.135068e-02;1.044919e-01;5.221429e-02;3.899992e-02;1.345858e-02;7.000055e-02;2.081486e-01;2.290947e-01;9.673289e-02;2.459857e-02;9.373498e-03;7.153578e-02
8.634941e-02;1.133911e-01;4.946181e-02;3.221272e-02;1.583234e-02;7.515832e-02;1.907471e-01;2.064337e-01;1.008884e-01;2.199531e-02;9.466155e-03;9.806363e-02
8.572096e-02;1.362465e-01;4.483927e-02;2.783563e-02;1.338142e-02;6.896412e-02;2.081043e-01;1.669683e-01;9.119083e-02;2.042011e-02;9.542523e-03;1.267860e-01
7.521871e-02;1.567390e-01;5.108229e-02;3.656261e-02;1.114172e-02;8.182439e-02;2.059036e-01;1.276485e-01;7.116589e-02;2.709422e-02;2.054397e-02;1.350752e-01
6.422648e-02;1.946456e-01;1.020116e-01;3.126728e-02;1.639817e-02;1.027153e-01;1.493664e-01;8.903652e-02;7.120883e-02;3.377048e-02;2.270113e-02;1.226522e-01
8.941137e-02;2.237373e-01;1.390014e-01;3.941140e-02;1.917407e-02;8.935698e-02;8.683191e-02;5.647817e-02;6.219497e-02;3.962180e-02;2.109819e-02;1.336824e-01
1.484805e-01;2.990380e-01;1.060301e-01;3.169092e-02;2.658006e-02;3.838068e-02;6.076092e-02;8.440888e-02;4.097940e-02;3.332624e-02;1.823982e-02;1.120844e-01
2.097171e-01;3.170279e-01;1.414830e-01;9.950032e-03;2.702352e-02;3.726383e-02;3.077353e-02;9.065720e-02;2.593019e-02;2.009487e-02;1.677739e-02;7.330140e-02
2.565796e-01;2.952656e-01;1.341719e-01;1.241395e-02;2.641040e-02;3.104850e-02;2.881963e-02;1.007792e-01;1.846075e-02;1.321827e-02;2.809310e-02;5.473915e-02
2.703026e-01;2.951031e-01;1.372956e-01;1.200849e-02;2.834628e-02;1.690963e-02;3.034394e-02;8.194692e-02;2.430874e-02;1.140609e-02;4.638149e-02;4.564707e-02
2.208464e-01;3.082411e-01;1.414648e-01;1.596393e-02;4.064356e-02;3.123876e-02;2.949963e-02;7.388439e-02;2.534308e-02;1.385710e-02;5.462574e-02;4.439149e-02
2.076028e-01;2.567515e-01;1.457424e-01;1.996182e-02;4.240331e-02;2.950363e-02;3.566478e-02;1.236867e-01;3.335072e-02;1.616776e-02;5.238038e-02;3.678425e-02
2.464855e-01;2.044620e-01;1.061427e-01;2.209302e-02;4.210523e-02;4.459121e-02;6.218452e-02;1.432714e-01;2.895442e-02;1.670919e-02;3.026048e-02;5.274037e-02
2.135961e-01;2.320821e-01;1.138775e-01;1.796973e-02;3.071560e-02;5.068763e-02;8.442777e-02;1.083789e-01;3.702193e-02;1.767763e-02;1.204603e-02;8.151900e-02
1.707404e-01;2.788253e-01;1.198515e-01;1.705641e-02;2.469498e-02;4.887978e-02;7.285559e-02;8.861474e-02;4.078511e-02;2.914273e-02;2.281738e-02;8.573604e-02
1.120237e-01;2.974560e-01;1.498339e-01;2.394214e-02;2.550298e-02;4.184424e-02;4.584350e-02;9.181140e-02;4.120266e-02;3.295764e-02;3.125665e-02;1.063251e-01
9.300187e-02;2.793713e-01;1.149880e-01;2.759633e-02;2.548211e-02;3.663416e-02;6.987894e-02;1.242555e-01;4.096649e-02;3.426533e-02;2.166745e-02;1.318926e-01
9.525535e-02;2.485526e-01;1.286816e-01;1.975836e-02;2.026930e-02;4.272273e-02;1.206654e-01;1.423279e-01;4.326503e-02;2.482682e-02;1.292804e-02;1.007468e-01
9.732526e-02;2.298084e-01;1.432902e-01;1.971993e-02;1.636598e-02;3.913953e-02;1.219279e-01;1.676758e-01;6.630169e-02;2.122474e-02;1.536070e-02;6.185991e-02
1.183048e-01;2.417388e-01;1.157798e-01;2.123065e-02;1.245101e-02;3.817542e-02;9.881762e-02;1.832652e-01;7.140984e-02;2.830060e-02;1.864461e-02;5.188159e-02
1.360556e-01;2.637718e-01;1.181931e-01;2.057282e-02;1.711945e-02;4.883728e-02;9.274395e-02;1.502356e-01;4.430237e-02;2.877342e-02;2.293479e-02;5.645971e-02
1.663395e-01;3.009039e-01;9.586446e-02;2.027792e-02;2.276102e-02;5.874268e-02;4.047098e-02;1.174685e-01;3.047402e-02;3.171759e-02;2.775902e-02;8.722034e-02
1.663279e-01;3.279642e-01;1.073180e-01;1.688465e-02;2.004358e-02;5.292714e-02;5.204826e-02;8.378034e-02;3.559737e-02;3.539284e-02;2.459171e-02;7.712402e-02
1.757593e-01;3.298291e-01;1.021589e-01;2.344115e-02;1.907700e-02;4.140384e-02;6.825451e-02;8.042971e-02;4.259148e-02;3.676283e-02;1.561261e-02;6.467948e-02
1.460836e-01;3.268611e-01;1.150014e-01;1.327846e-02;1.604626e-02;5.388552e-02;8.644767e-02;9.631826e-02;4.228381e-02;2.425996e-02;1.920551e-02;6.032848e-02
1.280270e-01;3.606511e-01;1.349492e-01;1.553030e-02;1.218545e-02;3.689387e-02;9.324151e-02;1.154874e-01;2.641906e-02;2.241299e-02;1.232260e-02;4.187952e-02
1.354850e-01;3.166787e-01;1.542334e-01;2.153619e-02;1.620732e-02;3.333271e-02;8.573411e-02;1.254540e-01;3.927101e-02;1.984316e-02;1.401483e-02;3.820951e-02
1.150563e-01;3.008013e-01;1.547555e-01;3.602232e-02;3.609802e-02;7.269915e-02;4.398614e-02;7.789239e-02;5.982516e-02;3.817546e-02;2.860115e-02;3.608718e-02
7.043806e-02;2.516575e-01;1.966165e-01;4.678205e-02;4.164164e-02;8.549251e-02;1.544574e-02;9.513588e-02;7.819068e-02;4.529741e-02;4.181116e-02;3.149080e-02
7.084005e-02;2.570496e-01;1.995892e-01;3.928953e-02;3.492531e-02;6.089984e-02;3.519152e-02;1.180750e-01;7.553299e-02;3.707122e-02;4.594490e-02;2.559084e-02
9.999201e-02;2.662143e-01;1.549362e-01;2.713660e-02;3.331550e-02;3.587581e-02;4.527780e-02;1.666440e-01;7.029961e-02;1.882181e-02;6.154364e-02;1.994267e-02
1.466901e-01;2.021834e-01;1.123282e-01;1.478343e-02;4.051825e-02;2.963145e-02;5.023738e-02;2.490960e-01;4.544877e-02;1.985453e-02;7.481897e-02;1.440937e-02
1.619458e-01;1.368136e-01;7.425985e-02;1.468856e-02;3.249947e-02;4.389045e-02;7.646913e-02;3.065858e-01;2.070718e-02;2.800266e-02;7.673019e-02;2.740736e-02
1.634404e-01;9.568549e-02;5.083174e-02;2.152044e-02;2.001070e-02;7.566314e-02;1.167282e-01;2.883290e-01;3.178741e-02;1.820516e-02;6.996183e-02;4.783648e-02
1.780044e-01;1.170179e-01;8.672956e-02;2.443443e-02;2.096990e-02;9.093376e-02;1.311985e-01;2.145580e-01;3.866730e-02;1.391800e-02;3.354083e-02;5.002730e-02
1.450682e-01;1.293505e-01;1.326513e-01;2.851588e-02;2.733072e-02;9.894581e-02;1.458772e-01;1.698072e-01;4.516673e-02;1.639372e-02;1.283295e-02;4.805977e-02
8.226494e-02;1.269461e-01;1.517832e-01;2.968127e-02;2.787860e-02;1.104963e-01;1.754309e-01;1.589857e-01;5.180107e-02;1.870015e-02;1.141878e-02;5.461304e-02
6.157411e-02;1.017973e-01;8.265187e-02;5.338088e-02;5.571056e-02;1.317379e-01;1.839918e-01;1.799054e-01;6.186306e-02;1.712776e-02;8.942233e-03;6.131709e-02
9.571351e-02;1.145942e-01;7.162398e-02;5.367054e-02;1.023716e-01;7.580556e-02;1.250475e-01;2.235846e-01;5.401190e-02;1.630741e-02;1.072606e-02;5.654323e-02
1.185688e-01;1.604953e-01;8.621092e-02;3.268751e-02;1.057971e-01;4.152440e-02;8.567958e-02;2.557018e-01;4.546551e-02;1.601772e-02;8.979684e-03;4.287175e-02
1.037432e-01;2.343776e-01;1.088351e-01;2.647511e-02;7.462110e-02;5.824709e-02;7.228388e-02;1.944750e-01;5.294408e-02;2.687033e-02;1.532144e-02;3.180610e-02
8.645418e-02;2.947935e-01;1.789437e-01;2.197506e-02;4.200388e-02;6.353146e-02;8.697963e-02;1.110831e-01;5.280224e-02;3.013750e-02;1.190801e-02;1.938775e-02
7.914017e-02;3.154406e-01;2.252867e-01;2.211711e-02;3.424623e-02;5.125767e-02;6.144845e-02;9.087213e-02;6.199455e-02;2.729112e-02;1.825653e-02;1.264867e-02
8.427112e-02;1.768972e-01;2.373011e-01;2.671998e-02;3.435131e-02;8.058283e-02;6.456544e-02;1.577522e-01;7.085750e-02;2.889708e-02;1.906158e-02;1.874265e-02
8.044409e-02;1.566792e-01;1.979153e-01;3.167528e-02;2.703451e-02;4.909029e-02;8.739159e-02;2.355318e-01;5.673783e-02;3.146419e-02;1.716254e-02;2.887334e-02
1.001155e-01;1.782257e-01;1.816517e-01;3.791758e-02;2.883309e-02;3.839562e-02;8.662675e-02;2.071380e-01;6.497339e-02;3.000215e-02;2.120560e-02;2.491490e-02
1.005518e-01;1.737610e-01;1.493096e-01;3.665559e-02;3.275138e-02;7.394621e-02;1.102438e-01;1.253908e-01;9.997988e-02;4.574372e-02;2.096868e-02;3.069754e-02
8.847331e-02;1.928502e-01;1.064196e-01;3.380617e-02;4.203876e-02;8.564924e-02;1.048541e-01;1.043602e-01;1.132820e-01;5.406963e-02;2.556627e-02;4.863053e-02
1.011849e-01;2.433217e-01;1.414779e-01;2.901037e-02;2.742692e-02;8.432257e-02;7.243241e-02;9.771670e-02;9.338493e-02;4.003267e-02;2.760523e-02;4.208367e-02
1.139611e-01;2.877001e-01;1.893474e-01;2.481769e-02;1.958913e-02;7.050674e-02;4.189004e-02;5.928187e-02;5.246795e-02;6.354568e-02;2.703260e-02;4.985972e-02
6.560165e-02;2.320668e-01;1.351456e-01;3.585401e-02;3.315081e-02;1.602041e-01;4.803226e-02;1.298889e-01;6.138305e-02;4.875797e-02;2.640175e-02;2.351302e-02
2.705386e-02;9.101824e-02;1.829345e-01;7.141101e-02;4.567762e-02;2.583529e-01;3.759655e-02;1.458857e-01;5.443010e-02;3.118864e-02;2.835554e-02;2.609522e-02
2.201431e-02;7.975536e-02;2.285818e-01;9.847050e-02;4.987934e-02;2.457304e-01;3.250751e-02;1.193623e-01;3.656086e-02;2.850470e-02;3.768766e-02;2.094531e-02
2.595314e-02;1.473443e-01;3.033374e-01;1.050746e-01;4.873215e-02;1.677352e-01;3.076069e-02;7.723603e-02;1.764187e-02;2.312101e-02;4.321403e-02;9.849545e-03
3.188999e-02;1.915185e-01;2.737297e-01;8.564226e-02;4.800412e-02;1.491807e-01;3.796826e-02;8.893187e-02;2.729936e-02;1.600135e-02;3.978972e-02;1.004425e-02
4.235620e-02;2.044359e-01;2.119391e-01;5.545101e-02;4.451021e-02;1.524833e-01;4.324596e-02;1.310346e-01;4.027697e-02;1.486537e-02;3.954880e-02;1.985258e-02
5.163691e-02;1.439611e-01;2.533677e-01;5.851531e-02;2.633435e-02;8.989991e-02;6.075324e-02;1.651633e-01;5.153368e-02;2.248365e-02;3.868395e-02;3.766690e-02
7.004686e-02;2.398035e-01;2.698554e-01;5.715685e-02;1.443172e-02;7.921147e-02;5.981449e-02;9.806638e-02;3.467251e-02;2.425166e-02;2.836042e-02;2.432878e-02
8.570877e-02;2.332124e-01;2.909660e-01;7.173961e-02;3.857267e-02;5.257676e-02;5.263804e-02;7.578389e-02;3.218772e-02;1.880117e-02;1.736782e-02;3.044519e-02
7.561027e-02;1.276921e-01;3.510951e-01;9.978417e-02;5.095790e-02;3.357681e-02;3.624944e-02;1.307489e-01;3.798214e-02;1.323031e-02;1.268929e-02;3.038365e-02
5.396084e-02;2.013478e-01;3.243954e-01;7.870184e-02;6.137111e-02;6.130827e-02;1.144946e-02;1.051984e-01;3.597561e-02;1.710287e-02;1.822001e-02;3.096844e-02
5.336878e-02;2.302826e-01;2.963102e-01;6.520960e-02;6.745594e-02;3.319403e-02;1.642037e-02;8.908150e-02;5.112276e-02;3.123640e-02;2.746852e-02;3.884925e-02
7.381155e-02;8.229148e-02;3.353954e-01;1.040828e-01;6.383885e-02;5.369412e-02;2.702981e-02;8.972675e-02;3.807813e-02;3.975809e-02;3.993346e-02;5.235964e-02
6.211292e-02;2.008743e-01;2.799423e-01;7.588038e-02;3.263719e-02;7.880253e-02;2.655146e-02;1.085216e-01;4.858743e-02;2.887362e-02;2.462731e-02;3.258894e-02
6.827425e-02;1.851265e-01;2.269113e-01;5.538558e-02;5.335226e-02;9.170563e-02;5.234222e-02;8.495861e-02;3.517620e-02;5.026376e-02;4.415261e-02;5.235106e-02
1.044230e-01;1.028039e-01;1.694750e-01;3.420610e-02;6.621358e-02;9.126682e-02;7.587069e-02;9.302677e-02;6.462771e-02;6.954784e-02;8.098344e-02;4.755521e-02
1.608999e-01;1.518983e-01;1.213974e-01;3.583306e-02;5.322570e-02;7.511951e-02;6.038181e-02;1.294049e-01;6.448045e-02;5.803637e-02;7.030249e-02;1.902019e-02
2.506667e-01;1.391123e-01;7.889210e-02;2.589370e-02;3.989407e-02;4.467053e-02;4.953238e-02;1.712477e-01;5.401574e-02;3.969866e-02;5.099377e-02;5.538230e-02
2.748618e-01;8.117939e-02;3.015870e-02;4.572281e-02;1.936745e-02;3.975040e-02;1.002352e-01;1.818266e-01;2.911899e-02;4.778194e-02;2.574177e-02;1.242549e-01
1.342337e-01;5.431714e-02;2.141275e-02;8.949480e-02;1.350179e-02;3.095618e-02;1.699880e-01;1.156740e-01;1.551406e-02;6.642912e-02;2.737327e-02;2.611051e-01
3.426836e-02;5.325403e-02;3.579937e-02;9.484580e-02;1.541189e-02;4.849549e-02;2.012460e-01;5.991815e-02;2.715144e-02;4.524224e-02;5.781664e-02;3.265506e-01
1.793221e-02;6.402910e-02;9.512498e-02;7.136665e-02;2.159200e-02;8.984351e-02;1.665137e-01;4.495693e-02;5.640823e-02;2.403866e-02;1.169489e-01;2.312452e-01
2.430955e-02;4.632355e-02;1.373757e-01;4.559944e-02;2.191670e-02;1.324615e-01;1.202515e-01;5.778610e-02;9.799692e-02;1.753248e-02;2.264060e-01;7.204057e-02
3.465901e-02;2.868961e-02;1.314923e-01;1.521434e-02;1.367682e-02;1.381357e-01;8.535609e-02;4.063666e-02;9.651951e-02;2.365071e-02;2.895710e-01;1.023983e-01
3.416388e-02;3.017822e-02;1.413865e-01;1.551876e-02;1.334641e-02;1.744029e-01;5.624280e-02;2.504425e-02;6.849077e-02;2.467784e-02;3.474204e-01;6.912726e-02
3.410857e-02;3.342519e-02;1.244838e-01;1.699141e-02;1.442718e-02;2.049598e-01;4.456465e-02;2.832929e-02;3.928899e-02;3.759544e-02;3.733957e-01;4.842984e-02
2.799904e-02;3.881347e-02;9.473504e-02;1.380956e-02;2.079364e-02;2.155618e-01;3.944551e-02;3.073910e-02;3.330172e-02;7.301486e-02;3.804489e-01;3.133731e-02
2.805334e-02;4.278749e-02;7.083504e-02;1.448922e-02;4.161491e-02;2.433002e-01;4.353487e-02;2.887466e-02;4.560339e-02;1.046988e-01;3.035844e-01;3.262364e-02
3.249252e-02;3.147685e-02;5.925440e-02;3.193917e-02;9.120368e-02;2.918065e-01;4.078129e-02;3.897606e-02;3.916921e-02;1.132044e-01;1.978705e-01;3.182546e-02
3.127882e-02;3.302610e-02;6.450467e-02;5.473190e-02;1.329895e-01;2.912883e-01;6.165318e-02;5.975030e-02;5.602905e-02;7.657264e-02;1.105751e-01;2.760049e-02
2.392006e-02;5.733311e-02;8.695658e-02;5.635358e-02;1.186365e-01;2.213023e-01;1.061687e-01;9.216350e-02;1.131892e-01;4.398223e-02;5.215191e-02;2.784240e-02
8.321339e-02;8.166317e-02;7.630540e-02;2.782375e-02;4.853046e-02;8.166538e-02;1.486795e-01;8.683501e-02;1.296894e-01;4.460537e-02;1.011041e-01;8.988506e-02
8.727707e-02;6.373038e-02;4.800927e-02;2.159402e-02;2.582265e-02;1.426891e-01;1.228384e-01;7.838737e-02;1.288414e-01;5.921799e-02;1.393480e-01;8.224430e-02
4.399820e-02;6.702165e-02;5.069404e-02;2.323158e-02;3.549072e-02;1.235136e-01;8.302010e-02;7.845888e-02;1.398414e-01;8.190715e-02;2.506113e-01;2.221148e-02
2.400215e-02;8.892506e-02;8.015440e-02;3.040191e-02;4.071639e-02;9.949899e-02;5.514532e-02;8.495677e-02;1.073358e-01;7.043821e-02;2.486757e-01;6.974927e-02
3.640983e-02;8.186683e-02;8.204968e-02;3.446460e-02;5.534315e-02;1.703962e-01;2.939451e-02;1.272239e-01;9.109834e-02;6.312948e-02;1.711289e-01;5.749459e-02
6.129744e-02;5.769993e-02;7.230608e-02;2.480902e-02;5.408473e-02;2.002407e-01;1.195909e-01;1.478646e-01;6.673253e-02;3.230675e-02;1.098139e-01;5.325334e-02
7.962819e-02;8.981178e-02;1.142833e-01;2.992806e-02;6.329082e-02;1.478391e-01;1.214818e-01;1.321447e-01;4.123592e-02;2.965142e-02;6.855258e-02;8.215241e-02
7.310374e-02;9.548728e-02;9.681030e-02;3.768045e-02;8.427247e-02;1.766535e-01;5.382949e-02;1.002276e-01;4.270239e-02;3.049398e-02;1.307593e-01;7.797947e-02
4.304148e-02;8.443226e-02;8.683211e-02;2.635748e-02;6.490708e-02;1.682003e-01;6.668644e-02;8.897343e-02;6.106728e-02;3.696734e-02;1.825611e-01;8.997368e-02
3.807880e-02;8.941889e-02;9.075473e-02;2.079908e-02;3.411745e-02;1.924388e-01;9.865846e-02;9.597625e-02;7.302555e-02;3.851835e-02;1.500809e-01;7.813267e-02
8.229227e-02;9.790718e-02;8.830553e-02;4.275936e-02;6.402134e-02;2.151041e-01;7.596613e-02;9.522124e-02;7.126436e-02;4.062258e-02;9.991214e-02;2.662379e-02
9.989601e-02;9.039044e-02;1.246393e-01;6.194093e-02;9.016614e-02;1.180092e-01;4.133657e-02;9.280145e-02;6.806339e-02;5.196930e-02;8.983563e-02;7.095154e-02
9.330101e-02;7.805157e-02;1.209293e-01;4.710941e-02;7.363944e-02;1.216593e-01;3.867432e-02;7.409050e-02;5.738980e-02;3.688933e-02;1.161522e-01;1.421138e-01
7.685620e-02;6.491662e-02;9.111648e-02;2.669892e-02;5.645094e-02;1.469798e-01;5.873754e-02;6.671207e-02;6.279928e-02;5.136652e-02;1.698143e-01;1.275513e-01
4.518303e-02;6.347925e-02;6.067525e-02;3.297089e-02;5.927264e-02;1.040914e-01;4.199776e-02;1.420525e-01;9.033597e-02;7.316592e-02;2.027026e-01;8.407281e-02
3.523516e-02;4.595312e-02;6.833801e-02;2.357791e-02;5.656528e-02;1.717728e-01;1.061882e-01;1.347457e-01;8.160051e-02;4.223601e-02;1.470452e-01;8.674206e-02
4.170516e-02;6.632075e-02;8.215779e-02;2.834366e-02;3.063696e-02;1.975407e-01;1.544166e-01;5.512578e-02;4.478056e-02;5.658601e-02;1.579325e-01;8.445354e-02
5.277464e-02;7.743079e-02;8.484538e-02;3.597454e-02;2.410224e-02;1.861714e-01;1.760889e-01;4.505088e-02;5.601298e-02;5.861631e-02;1.588485e-01;4.408338e-02
6.663331e-02;7.290079e-02;6.869033e-02;4.241518e-02;2.619285e-02;2.059483e-01;1.738087e-01;7.710865e-02;5.383992e-02;3.660071e-02;1.227773e-01;5.308389e-02
7.982260e-02;5.752913e-02;5.484019e-02;5.645235e-02;4.227009e-02;2.344774e-01;1.011309e-01;8.780586e-02;6.320637e-02;4.004319e-02;1.073986e-01;7.502338e-02
7.007848e-02;8.053941e-02;8.302124e-02;6.496942e-02;5.402569e-02;2.124709e-01;5.975143e-02;8.547392e-02;6.309165e-02;3.446662e-02;8.429942e-02;1.078118e-01
6.815112e-02;1.072778e-01;7.517728e-02;7.200076e-02;6.382141e-02;1.347724e-01;3.936389e-02;6.469377e-02;6.520008e-02;3.795776e-02;9.024140e-02;1.813422e-01
6.153202e-02;8.375142e-02;6.849106e-02;6.732835e-02;5.658757e-02;6.905752e-02;5.221729e-02;4.316202e-02;6.480050e-02;7.015181e-02;2.036752e-01;1.592453e-01
4.596549e-02;5.470572e-02;7.620718e-02;4.653148e-02;4.077516e-02;1.215511e-01;4.956406e-02;4.970470e-02;6.143459e-02;7.696154e-02;2.432428e-01;1.333562e-01
4.825246e-02;9.321917e-02;3.124876e-02;4.104464e-02;2.990520e-02;1.612296e-01;4.881840e-02;8.776718e-02;9.609084e-02;3.201110e-02;2.177847e-01;1.126279e-01
7.228288e-02;1.299128e-01;1.020993e-01;4.731405e-02;4.369713e-02;1.694583e-01;9.722596e-02;1.043138e-01;8.246742e-02;4.811722e-02;1.588964e-02;8.722147e-02
6.085533e-02;9.516007e-02;9.862375e-02;3.429148e-02;5.319475e-02;1.836346e-01;8.261494e-02;7.259387e-02;6.695460e-02;5.212070e-02;1.016725e-01;9.828340e-02
4.259291e-02;4.539312e-02;6.105656e-02;2.246790e-02;7.045692e-02;2.284598e-01;8.901067e-02;6.390219e-02;7.212757e-02;8.001498e-02;1.350226e-01;8.949480e-02
2.464477e-02;4.358882e-02;3.251464e-02;2.711278e-02;1.157580e-01;2.032116e-01;5.872897e-02;7.942422e-02;1.056354e-01;1.563728e-01;9.858519e-02;5.442273e-02
1.058599e-02;5.742266e-02;4.206622e-02;4.297930e-02;1.692562e-01;1.337981e-01;2.686480e-02;7.972218e-02;1.470873e-01;2.184441e-01;4.212695e-02;2.964622e-02
2.201892e-02;3.620632e-02;3.750296e-02;6.795638e-02;1.416836e-01;1.452346e-01;3.316316e-02;8.960745e-02;1.753971e-01;1.763261e-01;3.339960e-02;4.150385e-02
2.449408e-02;3.306441e-02;6.199146e-02;1.058005e-01;1.056476e-01;1.266107e-01;1.778638e-02;1.026777e-01;2.295545e-01;1.033403e-01;4.470434e-02;4.432794e-02
3.508539e-02;5.476934e-02;1.011239e-01;1.122577e-01;8.340965e-02;9.514672e-02;4.377064e-02;1.235313e-01;2.345818e-01;4.160005e-02;4.356015e-02;3.116337e-02
4.133559e-02;7.107547e-02;8.962276e-02;9.497708e-02;2.942430e-02;1.625912e-01;5.338870e-02;1.212664e-01;1.949657e-01;7.757069e-02;2.210115e-02;4.168095e-02
3.090153e-02;6.302949e-02;9.637424e-02;4.941364e-02;9.978503e-02;1.673790e-01;7.749590e-02;1.394223e-01;1.607753e-01;3.132664e-02;2.766762e-02;5.642927e-02
2.840953e-02;8.858744e-02;9.462906e-02;3.988334e-02;1.554721e-01;1.022089e-01;7.955837e-02;1.283854e-01;1.561759e-01;6.291496e-02;2.151711e-02;4.225787e-02
2.853002e-02;9.439335e-02;6.757028e-02;3.530978e-02;2.023368e-01;1.791243e-01;2.098037e-02;8.081607e-02;1.278339e-01;9.497358e-02;5.352236e-02;1.460920e-02
2.426771e-02;7.980555e-02;4.942127e-02;5.686486e-02;2.217715e-01;1.625362e-01;2.290203e-02;8.936772e-02;1.166665e-01;9.082723e-02;4.979525e-02;3.577421e-02
2.772021e-02;5.834840e-02;2.932309e-02;6.626234e-02;2.285288e-01;1.694917e-01;2.773257e-02;8.923347e-02;1.243785e-01;9.268131e-02;4.616246e-02;4.013718e-02
3.166572e-02;7.734559e-02;4.610424e-02;5.410399e-02;1.778285e-01;1.979080e-01;2.417584e-02;9.048054e-02;1.262190e-01;9.855393e-02;3.726038e-02;3.835431e-02
2.802250e-02;1.064104e-01;5.096596e-02;4.048283e-02;9.750846e-02;2.187213e-01;1.608856e-02;9.292613e-02;1.414236e-01;1.146321e-01;4.295025e-02;4.986790e-02
1.942953e-02;1.008923e-01;4.496198e-02;3.609554e-02;5.457437e-02;1.975140e-01;1.872600e-02;1.179975e-01;1.785564e-01;1.282229e-01;5.210270e-02;5.092678e-02
2.272396e-02;7.896383e-02;3.844963e-02;4.513713e-02;1.036798e-01;1.933550e-01;2.234385e-02;1.308445e-01;1.656967e-01;1.295881e-01;2.944817e-02;3.976940e-02
2.692623e-02;8.244273e-02;3.665367e-02;4.413757e-02;1.384828e-01;2.145116e-01;2.884286e-02;9.873661e-02;1.254913e-01;1.340400e-01;4.775361e-02;2.198094e-02
2.563521e-02;8.823867e-02;3.573259e-02;4.201955e-02;1.273348e-01;2.163707e-01;1.411107e-02;8.738031e-02;1.294369e-01;1.559944e-01;5.206667e-02;2.567919e-02
1.911199e-02;8.396209e-02;2.855880e-02;3.225332e-02;1.054171e-01;1.868196e-01;1.869996e-02;9.492076e-02;1.397250e-01;1.807570e-01;6.090096e-02;4.887344e-02
2.653168e-02;9.499741e-02;2.771085e-02;3.089119e-02;1.142928e-01;1.254905e-01;1.774120e-02;1.180513e-01;1.519956e-01;1.881485e-01;4.740237e-02;5.674669e-02
3.238986e-02;1.297421e-01;3.145206e-02;2.586772e-02;9.088998e-02;8.212062e-02;2.179696e-02;1.219623e-01;1.813546e-01;1.720341e-01;7.856479e-02;3.182495e-02
2.104988e-02;1.462113e-01;5.659175e-02;2.460733e-02;6.076594e-02;1.107910e-01;4.580818e-02;1.041812e-01;1.738787e-01;1.624438e-01;5.350029e-02;4.017058e-02
4.004367e-02;1.401100e-01;8.104521e-02;3.920185e-02;6.962749e-02;1.351453e-01;6.616562e-02;8.974195e-02;1.204278e-01;1.385858e-01;3.455281e-02;4.535251e-02
4.835416e-02;1.220756e-01;7.061488e-02;6.634555e-02;1.252913e-01;1.295094e-01;6.324293e-02;7.056548e-02;1.006133e-01;1.438732e-01;2.843165e-02;3.108261e-02
3.985274e-02;1.062031e-01;4.926882e-02;8.930614e-02;2.092922e-01;8.639310e-02;5.732137e-02;6.372115e-02;9.394346e-02;1.794803e-01;8.007643e-03;1.720995e-02
3.425550e-02;1.000010e-01;4.084778e-02;7.537830e-02;2.166474e-01;7.630355e-02;3.934215e-02;8.260805e-02;1.178467e-01;1.969391e-01;3.329637e-03;1.650090e-02
5.872564e-02;9.381254e-02;5.122017e-02;6.716914e-02;1.527596e-01;6.391966e-02;3.640928e-02;8.295111e-02;1.498081e-01;2.073388e-01;1.296834e-02;2.291756e-02
8.334637e-02;7.594478e-02;5.584616e-02;7.433890e-02;1.181507e-01;5.724107e-02;4.378937e-02;6.422478e-02;1.678605e-01;2.127585e-01;1.805494e-02;2.844389e-02
1.051424e-01;6.284694e-02;7.188012e-02;8.183721e-02;1.152064e-01;6.192933e-02;4.101276e-02;5.675012e-02;1.709465e-01;1.923926e-01;2.098233e-02;1.907331e-02
1.295100e-01;6.393966e-02;7.345928e-02;7.839139e-02;9.606361e-02;4.587879e-02;4.021532e-02;6.252050e-02;1.769904e-01;1.842813e-01;2.550103e-02;2.324866e-02
1.261967e-01;7.172824e-02;8.464114e-02;6.957534e-02;8.804854e-02;4.540750e-02;4.406017e-02;4.912764e-02;1.828509e-01;1.695382e-01;3.544777e-02;3.337786e-02
1.245345e-01;7.125086e-02;9.312070e-02;6.758428e-02;8.761488e-02;3.603265e-02;4.223914e-02;6.917876e-02;1.780821e-01;1.710437e-01;2.383315e-02;3.548530e-02
1.484484e-01;4.727367e-02;9.612724e-02;7.036401e-02;8.771093e-02;3.415581e-02;5.733695e-02;6.755766e-02;1.767433e-01;1.570716e-01;2.718534e-02;3.002510e-02
1.814880e-01;4.265950e-02;8.838120e-02;8.980244e-02;7.175700e-02;5.042098e-02;6.443959e-02;6.225474e-02;1.882395e-01;1.109428e-01;3.449785e-02;1.511642e-02
2.188887e-01;2.847535e-02;6.422130e-02;1.124278e-01;4.227595e-02;4.387025e-02;5.754217e-02;7.787517e-02;1.953735e-01;6.596852e-02;7.083698e-02;2.224422e-02
2.420313e-01;3.392274e-02;5.648969e-02;1.128877e-01;5.463925e-02;3.365815e-02;5.349364e-02;8.628249e-02;1.968298e-01;3.647060e-02;6.725787e-02;2.603681e-02
2.344180e-01;3.382528e-02;4.980953e-02;1.297952e-01;8.148957e-02;2.385290e-02;4.948715e-02;7.425407e-02;1.973432e-01;5.591800e-02;4.232140e-02;2.748570e-02
2.413692e-01;2.683493e-02;4.386438e-02;1.442054e-01;1.002444e-01;2.459706e-02;3.840326e-02;7.518404e-02;1.821610e-01;4.863127e-02;5.872742e-02;1.577759e-02
2.762499e-01;2.568123e-02;2.936496e-02;1.562257e-01;8.696594e-02;2.134921e-02;3.896008e-02;8.934555e-02;1.772352e-01;2.262724e-02;6.702036e-02;8.974619e-03
2.870870e-01;2.164308e-02;3.990845e-02;1.684869e-01;4.921488e-02;2.243178e-02;3.863043e-02;9.379098e-02;1.830346e-01;2.011868e-02;6.641928e-02;9.233963e-03
2.450019e-01;3.779700e-02;3.940493e-02;1.796459e-01;3.786573e-02;2.439807e-02;3.481217e-02;1.038633e-01;2.001764e-01;2.911458e-02;5.914969e-02;8.770331e-03
1.930809e-01;3.618319e-02;4.288744e-02;1.967025e-01;2.939940e-02;1.864542e-02;2.816240e-02;1.101368e-01;2.359228e-01;2.865951e-02;6.091093e-02;1.930857e-02
1.703010e-01;2.692001e-02;6.413876e-02;1.974402e-01;3.726685e-02;1.446222e-02;2.592378e-02;1.245531e-01;2.426086e-01;2.947329e-02;5.903154e-02;7.880688e-03
1.726911e-01;3.572122e-02;5.894715e-02;1.961145e-01;4.634659e-02;1.500382e-02;2.045118e-02;1.166480e-01;2.456342e-01;2.061253e-02;5.910330e-02;1.272645e-02
1.472950e-01;3.780955e-02;6.136287e-02;1.900573e-01;3.955355e-02;1.929097e-02;1.956321e-02;1.232703e-01;2.519791e-01;3.848766e-02;5.343696e-02;1.789350e-02
1.077597e-01;4.178859e-02;7.569639e-02;1.858082e-01;3.778587e-02;2.553836e-02;2.757893e-02;1.229905e-01;2.366041e-01;4.893898e-02;7.542694e-02;1.408343e-02
1.176178e-01;4.452282e-02;7.684589e-02;2.059001e-01;4.610271e-02;3.670776e-02;2.278021e-02;1.287739e-01;1.952922e-01;2.456623e-02;8.487108e-02;1.601932e-02
1.083125e-01;4.084299e-02;8.301956e-02;2.306185e-01;5.073626e-02;2.513365e-02;8.632311e-03;1.393961e-01;2.052251e-01;2.114020e-02;6.658500e-02;2.035793e-02
5.767646e-02;3.945157e-02;9.246775e-02;2.317977e-01;5.430770e-02;1.660367e-02;1.831667e-02;1.401695e-01;2.298222e-01;3.717702e-02;6.148489e-02;2.072490e-02
5.390719e-02;2.983938e-02;9.565212e-02;2.346470e-01;6.637727e-02;3.627825e-02;1.440031e-02;1.468422e-01;2.133469e-01;3.195610e-02;5.352909e-02;2.322419e-02
7.025015e-02;4.616281e-02;1.482264e-01;2.069581e-01;5.610864e-02;5.010043e-02;1.917473e-02;1.654219e-01;1.646075e-01;2.197907e-02;3.576346e-02;1.524685e-02
7.709497e-02;5.676596e-02;1.630246e-01;1.670126e-01;7.056420e-02;7.365312e-02;1.509599e-02;1.728975e-01;1.389761e-01;1.597703e-02;3.477594e-02;1.416203e-02
7.906757e-02;5.116145e-02;1.073484e-01;1.263786e-01;6.043526e-02;6.112915e-02;2.436769e-02;1.626392e-01;2.068382e-01;4.036681e-02;5.422250e-02;2.604507e-02
6.291424e-02;6.741207e-02;5.239861e-02;8.848293e-02;2.649196e-02;8.666039e-02;3.949197e-02;1.286534e-01;2.819687e-01;6.095068e-02;7.760870e-02;2.696640e-02
6.222455e-02;5.017155e-02;5.709041e-02;7.271802e-02;2.191642e-02;8.207575e-02;4.929019e-02;1.602160e-01;3.046484e-01;6.796457e-02;5.914618e-02;1.253797e-02
9.118356e-02;2.713721e-02;6.003872e-02;7.221099e-02;4.243306e-02;4.653269e-02;3.323723e-02;1.750173e-01;3.335845e-01;7.470491e-02;3.005765e-02;1.386220e-02
1.102221e-01;3.201074e-02;5.081443e-02;7.480599e-02;5.830229e-02;4.888508e-02;3.529281e-02;1.592602e-01;3.314587e-01;6.962465e-02;1.643374e-02;1.288935e-02
1.374384e-01;5.022123e-02;8.316589e-02;7.205874e-02;3.285667e-02;4.871399e-02;2.404167e-02;1.519597e-01;3.152412e-01;5.299391e-02;1.862000e-02;1.268855e-02
1.381466e-01;5.128028e-02;9.466828e-02;7.090633e-02;1.579282e-02;4.866032e-02;1.517999e-02;1.451812e-01;3.313151e-01;5.459537e-02;1.717285e-02;1.710082e-02
9.853230e-02;3.642036e-02;9.957260e-02;8.945947e-02;4.364174e-02;6.599248e-02;3.657372e-02;1.237839e-01;3.062234e-01;6.742165e-02;1.830757e-02;1.407085e-02
8.454391e-02;4.142573e-02;7.753175e-02;8.415993e-02;4.181129e-02;1.038612e-01;5.092987e-02;1.511550e-01;2.392478e-01;5.822437e-02;5.299650e-02;1.411270e-02
5.786477e-02;5.560983e-02;5.704809e-02;5.986831e-02;9.824613e-02;1.481774e-01;6.489649e-02;1.285428e-01;1.769980e-01;8.279354e-02;5.069464e-02;1.926001e-02
4.166387e-02;7.208358e-02;6.380492e-02;4.635235e-02;1.386314e-01;1.338644e-01;5.401314e-02;1.069534e-01;1.639892e-01;1.242948e-01;2.785272e-02;2.649616e-02
3.057653e-02;8.113605e-02;5.155539e-02;3.889396e-02;1.742008e-01;9.618113e-02;3.390346e-02;1.191856e-01;1.765411e-01;1.353212e-01;3.408387e-02;2.842098e-02
4.059227e-02;7.671258e-02;3.273670e-02;9.422036e-02;1.874402e-01;7.390560e-02;3.002039e-02;1.247895e-01;1.845119e-01;1.067827e-01;2.614308e-02;2.214473e-02
4.434863e-02;7.070953e-02;4.683570e-02;1.017205e-01;1.786445e-01;5.802448e-02;2.860977e-02;1.169424e-01;2.101806e-01;9.018921e-02;3.299986e-02;2.079486e-02
2.814162e-02;7.143518e-02;4.739080e-02;6.336685e-02;1.799009e-01;3.655212e-02;2.479687e-02;1.387439e-01;2.686024e-01;8.380113e-02;3.610692e-02;2.116130e-02
4.524109e-02;7.901638e-02;6.616481e-02;8.749560e-02;1.509692e-01;5.795968e-02;2.292265e-02;1.020309e-01;2.536360e-01;8.935966e-02;3.116713e-02;1.403687e-02
5.279821e-02;8.222155e-02;7.054047e-02;1.278495e-01;1.186218e-01;3.226608e-02;2.773606e-02;9.539925e-02;2.270801e-01;9.757962e-02;4.821119e-02;1.969612e-02
3.949895e-02;6.993356e-02;7.797889e-02;1.130818e-01;7.868985e-02;5.628470e-02;2.483524e-02;1.162125e-01;2.455510e-01;8.904283e-02;6.189859e-02;2.699205e-02
5.629909e-02;4.967006e-02;8.107354e-02;4.738124e-02;3.616617e-02;1.009787e-01;2.104891e-02;1.446861e-01;2.914789e-01;7.976568e-02;6.393149e-02;2.752014e-02
5.523902e-02;5.551318e-02;7.740419e-02;7.201005e-02;8.158902e-02;1.166154e-01;3.232326e-02;1.167390e-01;2.636535e-01;5.488348e-02;4.405904e-02;2.997094e-02
9.676785e-02;4.232015e-02;6.223463e-02;8.796414e-02;1.128849e-01;1.049478e-01;3.532664e-02;1.272587e-01;2.137898e-01;4.774313e-02;4.692945e-02;2.183284e-02
1.318980e-01;4.203542e-02;6.017104e-02;5.369065e-02;1.046703e-01;1.117833e-01;4.500115e-02;1.434270e-01;1.875377e-01;4.315285e-02;5.402650e-02;2.260601e-02
1.002812e-01;6.681637e-02;1.100904e-01;4.832376e-02;8.667184e-02;1.267116e-01;6.202937e-02;1.534128e-01;1.302503e-01;2.645219e-02;5.631532e-02;3.264480e-02
4.161770e-02;7.942372e-02;1.338609e-01;4.585301e-02;7.912707e-02;1.358639e-01;7.396765e-02;1.780354e-01;1.005808e-01;3.508498e-02;5.659937e-02;3.998537e-02
6.050998e-02;9.806374e-02;8.275681e-02;4.637215e-02;8.360303e-02;8.764503e-02;5.694881e-02;1.705490e-01;1.499152e-01;7.239965e-02;4.113502e-02;5.010155e-02
