4.406582e-02;3.401735e-02;1.111795e-01;5.439558e-02;5.934709e-02;3.440803e-02;1.245311e-01;1.503460e-01;1.785960e-01;1.293962e-01;3.837657e-02;4.134070e-02
4.180617e-02;4.234241e-02;7.217133e-02;6.210887e-02;5.603347e-02;6.801571e-02;1.574387e-01;1.494384e-01;1.319194e-01;1.022834e-01;7.770299e-02;3.873919e-02
7.076395e-02;5.257862e-02;7.857318e-02;3.741925e-02;4.365470e-02;7.126500e-02;1.490298e-01;9.347289e-02;1.176423e-01;1.103532e-01;1.195463e-01;5.570086e-02
1.013574e-01;7.112740e-02;7.926936e-02;5.720462e-02;6.602169e-02;5.120160e-02;1.277075e-01;7.671004e-02;1.005663e-01;1.170604e-01;1.042041e-01;4.756972e-02
8.381596e-02;7.378255e-02;1.030330e-01;7.156911e-02;9.527616e-02;5.298059e-02;1.312473e-01;1.071408e-01;4.885537e-02;1.203981e-01;6.863940e-02;4.326158e-02
6.040210e-02;7.255440e-02;1.168398e-01;6.660404e-02;1.064718e-01;5.103378e-02;1.305557e-01;1.256522e-01;9.103121e-02;1.101572e-01;4.054158e-02;2.815629e-02
6.509465e-02;5.744360e-02;1.316091e-01;4.208461e-02;8.767595e-02;5.788074e-02;1.552576e-01;1.366602e-01;1.374675e-01;7.089496e-02;4.575559e-02;1.217546e-02
9.185874e-02;9.672884e-02;1.833371e-01;3.122797e-02;5.767940e-02;6.654601e-02;1.338848e-01;9.809459e-02;1.325260e-01;4.037259e-02;4.610526e-02;2.163872e-02
1.161128e-01;1.339855e-01;1.993838e-01;3.146344e-02;5.959290e-02;7.840980e-02;8.609255e-02;5.269821e-02;1.381538e-01;5.237111e-02;2.885972e-02;2.287639e-02
1.389452e-01;1.267346e-01;2.108624e-01;3.984821e-02;5.067042e-02;6.933879e-02;7.577040e-02;4.417075e-02;1.436164e-01;4.341734e-02;2.214116e-02;3.448430e-02
1.020641e-01;1.259644e-01;2.347276e-01;5.940454e-02;4.261021e-02;4.658012e-02;9.373236e-02;8.753407e-02;1.047861e-01;3.645527e-02;3.334626e-02;3.279496e-02
3.944541e-02;1.511572e-01;2.150659e-01;6.046812e-02;3.763914e-02;2.999733e-02;1.155563e-01;9.411909e-02;1.050515e-01;7.735194e-02;4.215584e-02;3.199226e-02
8.242781e-02;1.395327e-01;1.566296e-01;4.483858e-02;5.706915e-02;5.272765e-02;1.260637e-01;6.687240e-02;1.059667e-01;8.648434e-02;4.822703e-02;3.316036e-02
9.261689e-02;1.280393e-01;1.033152e-01;6.810483e-02;8.514222e-02;7.749068e-02;1.537837e-01;4.351801e-02;7.276952e-02;7.142755e-02;5.405381e-02;4.973829e-02
5.429688e-02;1.068713e-01;1.580472e-01;9.423481e-02;1.002097e-01;5.002491e-02;1.574106e-01;7.078572e-02;5.247774e-02;6.381235e-02;4.644334e-02;4.538545e-02
5.868592e-02;1.004328e-01;1.744705e-01;8.244720e-02;8.707176e-02;5.480038e-02;1.580579e-01;1.133509e-01;4.582731e-02;5.317526e-02;4.545374e-02;2.622649e-02
6.981669e-02;1.167329e-01;1.784133e-01;6.452633e-02;7.057440e-02;4.200724e-02;1.479596e-01;1.106836e-01;4.723905e-02;5.528972e-02;6.482924e-02;3.192799e-02
6.325924e-02;1.256446e-01;1.993035e-01;6.608529e-02;6.325113e-02;4.822547e-02;1.123296e-01;7.266223e-02;8.613187e-02;6.507742e-02;5.953418e-02;3.849548e-02
3.348041e-02;1.215537e-01;2.330638e-01;6.613544e-02;7.257360e-02;5.527462e-02;1.089183e-01;7.807656e-02;8.260370e-02;5.388626e-02;5.069158e-02;4.374197e-02
8.252998e-02;1.063238e-01;1.688603e-01;5.155074e-02;6.608556e-02;7.780354e-02;1.020394e-01;9.223330e-02;1.172938e-01;6.853530e-02;3.416086e-02;3.258340e-02
8.052083e-02;1.036068e-01;1.428243e-01;4.602336e-02;7.568710e-02;7.856004e-02;1.030625e-01;9.853360e-02;1.179157e-01;1.001632e-01;1.571137e-02;3.739117e-02
8.100286e-02;9.217933e-02;1.645994e-01;4.645531e-02;6.413423e-02;5.491387e-02;1.022929e-01;7.975750e-02;8.837985e-02;9.611908e-02;2.875776e-02;1.014078e-01
8.849964e-02;7.358847e-02;1.349151e-01;7.681113e-02;5.821821e-02;5.891176e-02;5.404197e-02;7.929152e-02;7.568807e-02;1.272160e-01;6.278644e-02;1.100317e-01
7.477837e-02;6.602599e-02;1.666379e-01;9.445410e-02;6.190593e-02;4.339221e-02;8.582716e-02;5.403270e-02;8.018610e-02;1.137652e-01;7.524972e-02;8.374456e-02
6.483026e-02;6.882100e-02;2.740007e-01;8.674308e-02;6.184689e-02;3.497398e-02;9.794926e-02;3.381760e-02;5.491596e-02;8.223438e-02;8.220530e-02;5.766165e-02
5.071468e-02;6.468370e-02;3.667440e-01;8.139331e-02;5.224021e-02;2.864742e-02;7.708853e-02;2.229183e-02;3.550239e-02;9.010703e-02;9.074205e-02;3.984482e-02
3.392738e-02;5.539360e-02;4.912122e-01;6.891531e-02;2.681027e-02;1.540303e-02;4.035669e-02;1.816592e-02;2.432578e-02;1.133503e-01;8.903144e-02;2.310809e-02
1.706799e-02;3.804818e-02;6.296133e-01;5.069445e-02;1.010366e-02;5.191620e-03;1.934043e-02;9.091722e-03;1.254622e-02;1.281771e-01;6.570731e-02;1.441809e-02
1.955621e-02;3.238124e-02;6.945034e-01;4.998147e-02;8.397272e-03;3.261277e-03;2.010708e-02;5.241082e-03;3.791829e-03;1.230724e-01;3.414853e-02;5.558176e-03
1.432246e-02;2.958142e-02;7.249026e-01;6.741325e-02;1.197264e-02;4.308458e-03;2.078095e-02;3.555627e-03;8.362761e-03;9.686182e-02;1.308648e-02;4.851495e-03
1.868751e-02;2.467707e-02;7.236668e-01;8.937158e-02;1.719443e-02;3.661308e-03;2.125752e-02;4.726997e-03;8.162028e-03;7.330088e-02;1.264178e-02;2.652031e-03
1.759314e-02;2.244695e-02;6.902499e-01;1.032234e-01;2.258899e-02;6.090664e-03;3.951743e-02;7.055260e-03;8.714071e-03;6.121516e-02;1.763240e-02;3.672741e-03
1.842911e-02;3.829884e-02;6.643049e-01;8.557284e-02;3.101895e-02;1.075265e-02;5.340602e-02;1.303736e-02;6.813347e-03;6.367341e-02;9.941867e-03;4.750712e-03
1.628511e-02;6.041489e-02;5.817480e-01;9.474511e-02;3.618302e-02;1.480594e-02;4.698692e-02;4.642861e-02;2.005279e-02;5.640072e-02;2.076534e-02;5.183535e-03
1.746179e-02;6.401803e-02;4.200147e-01;1.822322e-01;4.020640e-02;1.691878e-02;2.673767e-02;8.248526e-02;3.660949e-02;4.157338e-02;6.370613e-02;8.036206e-03
1.498293e-02;7.165542e-02;2.394740e-01;2.939397e-01;5.770810e-02;1.822546e-02;1.617675e-02;8.089063e-02;4.556024e-02;3.233314e-02;1.215711e-01;7.482498e-03
1.680965e-02;1.019354e-01;2.620172e-01;2.680642e-01;7.386827e-02;1.906217e-02;2.716588e-02;3.972250e-02;2.591550e-02;3.204336e-02;1.212130e-01;1.218288e-02
1.429620e-02;1.077891e-01;3.464821e-01;1.821060e-01;7.495809e-02;2.359285e-02;4.338005e-02;2.016177e-02;1.604969e-02;2.827344e-02;1.203435e-01;2.256713e-02
2.868687e-02;8.148350e-02;3.844055e-01;1.395998e-01;6.570794e-02;2.477401e-02;5.610613e-02;1.274537e-02;2.055939e-02;3.505354e-02;1.273894e-01;2.348863e-02
3.655003e-02;5.885521e-02;3.983642e-01;1.323925e-01;6.762810e-02;2.748586e-02;5.824297e-02;3.031355e-02;2.738538e-02;4.095328e-02;8.721329e-02;3.461573e-02
4.177571e-02;7.154717e-02;3.210963e-01;1.587727e-01;6.723515e-02;5.596479e-02;5.084365e-02;4.878980e-02;6.270482e-02;5.043717e-02;4.300578e-02;2.782694e-02
3.141935e-02;7.929913e-02;3.034984e-01;1.663095e-01;6.286425e-02;6.384365e-02;6.002277e-02;5.058627e-02;7.095088e-02;5.018948e-02;4.517066e-02;1.584568e-02
2.612141e-02;6.800158e-02;3.831972e-01;1.838287e-01;6.409016e-02;3.760891e-02;5.316428e-02;5.294193e-02;4.522433e-02;3.595717e-02;3.806302e-02;1.180129e-02
3.102129e-02;6.045409e-02;4.537539e-01;1.924378e-01;7.451209e-02;1.849077e-02;3.893115e-02;3.668531e-02;2.342555e-02;2.389436e-02;3.333265e-02;1.306096e-02
4.063424e-02;6.696118e-02;3.942557e-01;1.738810e-01;8.638892e-02;2.159130e-02;4.631241e-02;2.610333e-02;2.618587e-02;3.330231e-02;5.892593e-02;2.545785e-02
4.995864e-02;6.550879e-02;3.380081e-01;1.492303e-01;9.778284e-02;2.390090e-02;5.965790e-02;3.189540e-02;3.152195e-02;4.824925e-02;6.979378e-02;3.449213e-02
7.081421e-02;4.367111e-02;3.598828e-01;1.428398e-01;1.014076e-01;2.652800e-02;4.903475e-02;3.376497e-02;3.719104e-02;4.882048e-02;6.143740e-02;2.460779e-02
6.542861e-02;1.125697e-01;2.734164e-01;9.043521e-02;8.097246e-02;4.291579e-02;4.543338e-02;7.316276e-02;6.369039e-02;6.301236e-02;6.493791e-02;2.402499e-02
8.739782e-02;1.518297e-01;2.105635e-01;8.567759e-02;7.980070e-02;5.032470e-02;6.276555e-02;7.283232e-02;7.279191e-02;5.844747e-02;3.607045e-02;3.149823e-02
1.406204e-01;1.551380e-01;1.773380e-01;8.437616e-02;7.444515e-02;6.948687e-02;7.445738e-02;5.473317e-02;6.906220e-02;5.467936e-02;1.838959e-02;2.727369e-02
1.536273e-01;1.108010e-01;1.949592e-01;5.819328e-02;9.250657e-02;7.542294e-02;1.388120e-01;5.613613e-02;3.707523e-02;3.932336e-02;1.829013e-02;2.485291e-02
8.679444e-02;4.780553e-02;2.945391e-01;5.779694e-02;1.074647e-01;7.145541e-02;1.758620e-01;3.946820e-02;1.999292e-02;3.427992e-02;3.381149e-02;3.072925e-02
6.692920e-02;4.126906e-02;4.337850e-01;6.283113e-02;8.518787e-02;4.618509e-02;1.059112e-01;2.670988e-02;1.346091e-02;3.795960e-02;3.001073e-02;4.976038e-02
7.119115e-02;5.904423e-02;5.140079e-01;4.990466e-02;4.306695e-02;2.226146e-02;3.855515e-02;1.991442e-02;2.393730e-02;3.767042e-02;1.337598e-02;1.070703e-01
7.303426e-02;7.948608e-02;4.564973e-01;3.291070e-02;2.225403e-02;2.411689e-02;2.834409e-02;1.976008e-02;4.548103e-02;2.247931e-02;2.059615e-02;1.750402e-01
1.232903e-01;7.706167e-02;3.531341e-01;2.503414e-02;4.062806e-02;2.914097e-02;3.444326e-02;3.069290e-02;4.766186e-02;3.181555e-02;4.369363e-02;1.634037e-01
1.405232e-01;8.757704e-02;2.737350e-01;1.967920e-02;6.293636e-02;3.186425e-02;4.786812e-02;4.593068e-02;4.544667e-02;5.664863e-02;7.725146e-02;1.105393e-01
1.396540e-01;1.330993e-01;2.111386e-01;3.537119e-02;5.736005e-02;2.939929e-02;4.369700e-02;4.939619e-02;6.342101e-02;7.971927e-02;9.478325e-02;6.296092e-02
1.179943e-01;1.327690e-01;1.774824e-01;7.383702e-02;5.883566e-02;4.514873e-02;4.865331e-02;4.615807e-02;5.569855e-02;7.302684e-02;6.747122e-02;1.029250e-01
5.428438e-02;1.321175e-01;1.860840e-01;8.410697e-02;8.001377e-02;5.499605e-02;8.228521e-02;4.190509e-02;6.903113e-02;7.039175e-02;4.466457e-02;1.001197e-01
3.373665e-02;1.203725e-01;1.888450e-01;8.287308e-02;7.847735e-02;6.588812e-02;1.080942e-01;4.641844e-02;1.008568e-01;5.528866e-02;3.208328e-02;8.706586e-02
6.305003e-02;1.108837e-01;2.200340e-01;6.549870e-02;6.608816e-02;6.935730e-02;9.623361e-02;5.318176e-02;8.621631e-02;6.236011e-02;5.985979e-02;4.723659e-02
8.167661e-02;1.028188e-01;1.498421e-01;5.695323e-02;8.096655e-02;5.772430e-02;9.436856e-02;4.336431e-02;7.539408e-02;7.992847e-02;1.066540e-01;7.030901e-02
1.233317e-01;9.946892e-02;1.269023e-01;6.741427e-02;5.805267e-02;7.716425e-02;7.373398e-02;4.618075e-02;9.028295e-02;7.693312e-02;8.693893e-02;7.359613e-02
1.163922e-01;7.538671e-02;1.716660e-01;5.983451e-02;6.976840e-02;8.378449e-02;8.407702e-02;3.528841e-02;7.768326e-02;7.756539e-02;8.613949e-02;6.241421e-02
9.351765e-02;4.800728e-02;1.650389e-01;7.981338e-02;1.043079e-01;7.583320e-02;1.225995e-01;4.034301e-02;7.028884e-02;5.989959e-02;1.035594e-01;3.679137e-02
5.938057e-02;3.099404e-02;1.805763e-01;1.206974e-01;1.082704e-01;4.937296e-02;1.103617e-01;3.712085e-02;4.490486e-02;9.870942e-02;1.307568e-01;2.885460e-02
2.950907e-02;4.060540e-02;2.615549e-01;1.214457e-01;8.342434e-02;3.501555e-02;6.718143e-02;3.115090e-02;4.149626e-02;1.594273e-01;1.033942e-01;2.579493e-02
2.289523e-02;5.503371e-02;3.350461e-01;8.580895e-02;4.521726e-02;3.253394e-02;4.769622e-02;4.461970e-02;4.928547e-02;2.065976e-01;4.424199e-02;3.102391e-02
1.560086e-02;5.608180e-02;3.963823e-01;5.177586e-02;3.018460e-02;3.107819e-02;5.179130e-02;3.068750e-02;7.164086e-02;2.114132e-01;3.509805e-02;1.826547e-02
4.433481e-02;9.797768e-02;3.917308e-01;3.293947e-02;3.284222e-02;4.806612e-02;4.357302e-02;1.833669e-02;8.972169e-02;1.694264e-01;2.242445e-02;8.626675e-03
8.111552e-02;1.243458e-01;3.386817e-01;2.395572e-02;3.779269e-02;6.476174e-02;4.818987e-02;2.443784e-02;1.023710e-01;1.039090e-01;2.874638e-02;2.169271e-02
9.874856e-02;8.962739e-02;3.091188e-01;5.408229e-02;4.169168e-02;6.073467e-02;5.785468e-02;2.574851e-02;8.996923e-02;1.074597e-01;3.928466e-02;2.567986e-02
8.031160e-02;9.545022e-02;2.605942e-01;9.798797e-02;5.221753e-02;3.139795e-02;6.104947e-02;2.336379e-02;2.396672e-02;2.277458e-01;3.119223e-02;1.472242e-02
3.872601e-02;1.285044e-01;2.451182e-01;1.059002e-01;6.727181e-02;3.835825e-02;5.592444e-02;1.867630e-02;8.131853e-02;1.830067e-01;2.013950e-02;1.705558e-02
3.525939e-02;1.232789e-01;1.860908e-01;1.138224e-01;7.723165e-02;5.315408e-02;6.886020e-02;4.068117e-02;1.088266e-01;1.310963e-01;4.120878e-02;2.048968e-02
4.624569e-02;1.075123e-01;2.455136e-01;9.694371e-02;6.906218e-02;6.298095e-02;8.961644e-02;3.380512e-02;7.582197e-02;9.695364e-02;5.185985e-02;2.368460e-02
1.926668e-02;9.964779e-02;4.041737e-01;5.430020e-02;4.214422e-02;5.257926e-02;1.175082e-01;2.548345e-02;3.121351e-02;9.904826e-02;3.431382e-02;2.032095e-02
5.529214e-02;5.296810e-02;3.831640e-01;7.938763e-02;5.686682e-02;4.157241e-02;1.086630e-01;3.845259e-02;3.599707e-02;8.829936e-02;3.299256e-02;2.634434e-02
5.306822e-02;4.100213e-02;2.725258e-01;8.185504e-02;5.015397e-02;7.384729e-02;9.686223e-02;6.214874e-02;7.377625e-02;7.414104e-02;7.835221e-02;4.226709e-02
5.248440e-02;4.839078e-02;2.317810e-01;9.866209e-02;6.720428e-02;7.430442e-02;8.615268e-02;8.517374e-02;8.295124e-02;7.390187e-02;6.611229e-02;3.288126e-02
3.587952e-02;5.464380e-02;2.714074e-01;9.508387e-02;6.356779e-02;6.016359e-02;7.820484e-02;9.101412e-02;8.108056e-02;1.067326e-01;4.224893e-02;1.997308e-02
1.573970e-02;6.495038e-02;3.188428e-01;7.132495e-02;4.283562e-02;4.612488e-02;5.250766e-02;9.193715e-02;1.078735e-01;1.552246e-01;1.888540e-02;1.375339e-02
1.736004e-02;9.677172e-02;3.325779e-01;3.431331e-02;2.202812e-02;2.431951e-02;2.520540e-02;6.900890e-02;1.390437e-01;2.038042e-01;1.573785e-02;1.982925e-02
7.657758e-02;1.533108e-01;2.829997e-01;1.991821e-02;1.391160e-02;2.484696e-02;1.632960e-02;5.018229e-02;1.639323e-01;1.442052e-01;1.963049e-02;3.415530e-02
1.332131e-01;1.530227e-01;2.615713e-01;2.048638e-02;1.133723e-02;3.174741e-02;2.503706e-02;5.930208e-02;1.727122e-01;7.692061e-02;1.734956e-02;3.730048e-02
1.264850e-01;1.479544e-01;3.311788e-01;2.551443e-02;1.489387e-02;2.180323e-02;2.413584e-02;5.217652e-02;1.250947e-01;8.243613e-02;1.549661e-02;3.283039e-02
6.359779e-02;2.196391e-01;3.493705e-01;3.056747e-02;1.092291e-02;3.260322e-02;1.533122e-02;2.449398e-02;1.437172e-01;5.235444e-02;1.393477e-02;4.346735e-02
4.485740e-02;2.439470e-01;3.396316e-01;3.920770e-02;6.416491e-03;4.310913e-02;8.605042e-03;5.694455e-03;1.869878e-01;2.159606e-02;7.306390e-03;5.264084e-02
4.604917e-02;2.631134e-01;2.600374e-01;4.118268e-02;9.228502e-03;5.150051e-02;6.318676e-03;6.623435e-03;2.331627e-01;1.775376e-02;7.250153e-03;5.777959e-02
4.846931e-02;2.817170e-01;1.557146e-01;3.585336e-02;9.272410e-03;5.518705e-02;6.934849e-03;8.033920e-03;2.904616e-01;2.125462e-02;8.054313e-03;7.904696e-02
5.965865e-02;2.827840e-01;1.080957e-01;2.783145e-02;6.615692e-03;4.946759e-02;5.940772e-03;1.113247e-02;3.084389e-01;2.433939e-02;7.942402e-03;1.077530e-01
9.611598e-02;2.887587e-01;9.587418e-02;2.838738e-02;5.039869e-03;3.527025e-02;7.131313e-03;1.147382e-02;2.861065e-01;2.441398e-02;7.940756e-03;1.134873e-01
1.611331e-01;2.998284e-01;1.067951e-01;2.534057e-02;5.961908e-03;2.124381e-02;6.485695e-03;1.751161e-02;2.509392e-01;1.590536e-02;9.650171e-03;7.920508e-02
2.377792e-01;3.005833e-01;1.252644e-01;1.790953e-02;6.558844e-03;1.557422e-02;6.594459e-03;1.730566e-02;2.016626e-01;1.208204e-02;1.127788e-02;4.740784e-02
2.661695e-01;2.710815e-01;1.535843e-01;1.279183e-02;1.352398e-02;1.593341e-02;1.309843e-02;2.178277e-02;1.438700e-01;1.955731e-02;3.245741e-02;3.614955e-02
2.270121e-01;2.572809e-01;1.392181e-01;1.427685e-02;2.351561e-02;1.511157e-02;1.598167e-02;3.060937e-02;1.347081e-01;3.680991e-02;5.012865e-02;5.534714e-02
1.022366e-01;2.735583e-01;1.180697e-01;2.580343e-02;3.501954e-02;2.235750e-02;2.711797e-02;2.987263e-02;1.775051e-01;5.719135e-02;4.351089e-02;8.775686e-02
8.146127e-02;2.489899e-01;2.153551e-01;3.528927e-02;2.811441e-02;3.343679e-02;2.448000e-02;3.387067e-02;1.551023e-01;5.453540e-02;1.773794e-02;7.162686e-02
1.471872e-01;2.596036e-01;2.204113e-01;2.828806e-02;1.800593e-02;3.780637e-02;2.210658e-02;4.293028e-02;1.185703e-01;3.991960e-02;1.292453e-02;5.224625e-02
1.535253e-01;2.905170e-01;1.690076e-01;2.881489e-02;3.609527e-02;4.839216e-02;3.641545e-02;4.552931e-02;9.842484e-02;4.514580e-02;2.100892e-02;2.712351e-02
2.098893e-01;2.861818e-01;1.042744e-01;2.925564e-02;3.502241e-02;3.888233e-02;4.850050e-02;3.338393e-02;1.047925e-01;5.748179e-02;2.415631e-02;2.817908e-02
1.915663e-01;2.202539e-01;1.310860e-01;3.310005e-02;4.595790e-02;3.345387e-02;5.666600e-02;2.684604e-02;1.240747e-01;5.558689e-02;4.088461e-02;4.052367e-02
1.243474e-01;2.234054e-01;1.432638e-01;4.359742e-02;6.818423e-02;2.868408e-02;6.940800e-02;3.521297e-02;1.327714e-01;4.217204e-02;6.091582e-02;2.803735e-02
9.382190e-02;2.329185e-01;1.439504e-01;4.548634e-02;7.410548e-02;4.826814e-02;5.719889e-02;3.574438e-02;1.225952e-01;4.659488e-02;6.162089e-02;3.769502e-02
8.412533e-02;2.173728e-01;1.549967e-01;3.393292e-02;4.508434e-02;7.249326e-02;5.556953e-02;3.247091e-02;1.358799e-01;8.166334e-02;4.773693e-02;3.867404e-02
7.289366e-02;1.877421e-01;1.297249e-01;6.101585e-02;3.843611e-02;7.596099e-02;5.317947e-02;5.584573e-02;1.417599e-01;1.210652e-01;3.208279e-02;3.029327e-02
5.872029e-02;1.370336e-01;1.833877e-01;7.651852e-02;4.336882e-02;5.819260e-02;7.137223e-02;6.071252e-02;1.410695e-01;1.271484e-01;2.830999e-02;1.416584e-02
6.947856e-02;1.208685e-01;1.463519e-01;6.248584e-02;5.613920e-02;3.070272e-02;7.455350e-02;9.175501e-02;1.608975e-01;1.228845e-01;2.331364e-02;4.056920e-02
6.686477e-02;9.190781e-02;9.114940e-02;6.169195e-02;6.661633e-02;3.844076e-02;6.688979e-02;1.163011e-01;1.794790e-01;1.487080e-01;2.370960e-02;4.824154e-02
6.889698e-02;6.044456e-02;6.043320e-02;6.558347e-02;5.589359e-02;4.914035e-02;4.660130e-02;1.119455e-01;2.108434e-01;1.826373e-01;3.955184e-02;4.802846e-02
4.648491e-02;6.037206e-02;1.473255e-01;6.058645e-02;6.423452e-02;5.137819e-02;1.042575e-01;9.047823e-02;1.493541e-01;1.410031e-01;3.968188e-02;4.484367e-02
3.997216e-02;2.629730e-02;3.185511e-01;5.086683e-02;9.968463e-02;5.146777e-02;1.353840e-01;4.289900e-02;7.621682e-02;1.003585e-01;2.796004e-02;3.034176e-02
4.330843e-02;3.882094e-02;4.467602e-01;5.321062e-02;1.151540e-01;4.122807e-02;1.288225e-01;1.817814e-02;3.573261e-02;3.711118e-02;1.587798e-02;2.579527e-02
5.581009e-02;7.687613e-02;5.019079e-01;7.405643e-02;9.316956e-02;3.832426e-02;7.061654e-02;1.330789e-02;2.452919e-02;1.903382e-02;1.085236e-02;2.151583e-02
6.069151e-02;1.196600e-01;5.282284e-01;9.999084e-02;4.488603e-02;5.359955e-02;1.796364e-02;9.045784e-03;2.880513e-02;1.314502e-02;7.824237e-03;1.615978e-02
4.326094e-02;1.218385e-01;5.628048e-01;9.503505e-02;1.965474e-02;6.094726e-02;1.212690e-02;1.835625e-02;3.161149e-02;1.104705e-02;6.361078e-03;1.695592e-02
2.656374e-02;9.180663e-02;6.320832e-01;6.037162e-02;2.566533e-02;4.259052e-02;1.240798e-02;3.544925e-02;2.817395e-02;2.115663e-02;4.573552e-03;1.915763e-02
1.340287e-02;4.698601e-02;6.280370e-01;3.513652e-02;1.072794e-01;1.925222e-02;2.145639e-02;3.097586e-02;1.658099e-02;6.442878e-02;3.552637e-03;1.291129e-02
1.551283e-02;1.476515e-02;5.321190e-01;3.436824e-02;1.866610e-01;1.394410e-02;5.014050e-02;1.794276e-02;1.379878e-02;1.075833e-01;5.963667e-03;7.200646e-03
2.043308e-02;1.787243e-02;4.731131e-01;5.097085e-02;1.758184e-01;2.107323e-02;6.522800e-02;1.274696e-02;3.570904e-02;1.098272e-01;1.390491e-02;3.302879e-03
2.777228e-02;2.741925e-02;4.594420e-01;1.035499e-01;1.163271e-01;5.021731e-02;5.194294e-02;1.019518e-02;4.604104e-02;6.442942e-02;3.476680e-02;7.896755e-03
3.796237e-02;3.454830e-02;4.422931e-01;1.378536e-01;6.427060e-02;7.467665e-02;6.069226e-02;1.512431e-02;3.322064e-02;3.215379e-02;4.528188e-02;2.192258e-02
4.250617e-02;2.744220e-02;5.058296e-01;1.227131e-01;4.060744e-02;5.755506e-02;7.641692e-02;1.336806e-02;1.639737e-02;3.352168e-02;3.679843e-02;2.684401e-02
3.304458e-02;2.264811e-02;6.339784e-01;7.247180e-02;5.578668e-02;2.911653e-02;6.570856e-02;8.960545e-03;1.159238e-02;3.347801e-02;1.831876e-02;1.489567e-02
2.161446e-02;1.625856e-02;6.933357e-01;4.423283e-02;6.779110e-02;1.772172e-02;6.587096e-02;6.004648e-03;9.704676e-03;4.368641e-02;9.608441e-03;4.170479e-03
1.404200e-02;2.188077e-02;7.028849e-01;4.679997e-02;7.439251e-02;1.189194e-02;5.771859e-02;5.426028e-03;9.347345e-03;4.856426e-02;3.951587e-03;3.100133e-03
9.386456e-03;3.615760e-02;7.307446e-01;3.690726e-02;6.378661e-02;6.990573e-03;3.475676e-02;1.376913e-02;9.505072e-03;4.899959e-02;2.902182e-03;6.094145e-03
1.301061e-02;5.067699e-02;7.068021e-01;3.932610e-02;4.077122e-02;1.899636e-02;2.179287e-02;3.389415e-02;1.758787e-02;3.422997e-02;9.729801e-03;1.318193e-02
3.258831e-02;4.712909e-02;5.656663e-01;7.566279e-02;3.901825e-02;2.420333e-02;5.696702e-02;4.070158e-02;3.940864e-02;4.065169e-02;1.883574e-02;1.916732e-02
3.363711e-02;4.076737e-02;4.282826e-01;1.109158e-01;6.892294e-02;3.181471e-02;9.390269e-02;4.518698e-02;3.951237e-02;7.461043e-02;1.596729e-02;1.647969e-02
2.483244e-02;3.391781e-02;3.789436e-01;1.018381e-01;6.525847e-02;3.909403e-02;1.139036e-01;6.617714e-02;2.897062e-02;1.113186e-01;2.148779e-02;1.425786e-02
2.165761e-02;5.395478e-02;3.407790e-01;6.174058e-02;3.326323e-02;5.693980e-02;1.023812e-01;7.743579e-02;8.961984e-02;1.252697e-01;1.841695e-02;1.854149e-02
2.881029e-02;1.192058e-01;2.777778e-01;4.106663e-02;1.205016e-02;9.670337e-02;4.393457e-02;4.689998e-02;2.194230e-01;7.736520e-02;1.031192e-02;2.645130e-02
4.192953e-02;1.545500e-01;2.025158e-01;4.046870e-02;1.311182e-02;1.038993e-01;1.235772e-02;1.902838e-02;3.223611e-01;6.101627e-02;1.007036e-02;1.869104e-02
7.609785e-02;1.723148e-01;1.631745e-01;3.655522e-02;1.445041e-02;7.725483e-02;1.447996e-02;2.598361e-02;3.438184e-01;5.826546e-02;8.651464e-03;8.953573e-03
1.156396e-01;1.905740e-01;1.765489e-01;3.486727e-02;2.086197e-02;4.537184e-02;1.090285e-02;3.565519e-02;2.891372e-01;4.728000e-02;1.222103e-02;2.094010e-02
1.505112e-01;2.513686e-01;1.539066e-01;4.100797e-02;1.773045e-02;3.315450e-02;9.419215e-03;3.178534e-02;2.152008e-01;2.442029e-02;1.239056e-02;5.910452e-02
1.700692e-01;2.952781e-01;1.631653e-01;4.433605e-02;1.213404e-02;2.790373e-02;1.475741e-02;2.848631e-02;1.569604e-01;7.622472e-03;1.385905e-02;6.542794e-02
2.001960e-01;3.142868e-01;1.728853e-01;5.756590e-02;1.277803e-02;2.472057e-02;1.912195e-02;2.458083e-02;1.225870e-01;1.156345e-02;7.255844e-03;3.245833e-02
2.628328e-01;3.078822e-01;1.639341e-01;7.423951e-02;1.322626e-02;1.440507e-02;2.017769e-02;1.989220e-02;7.784648e-02;2.035750e-02;8.837901e-03;1.636839e-02
3.504677e-01;2.537042e-01;1.575770e-01;9.052576e-02;1.053652e-02;8.897915e-03;2.431128e-02;2.149886e-02;2.670429e-02;1.924949e-02;9.583429e-03;2.694346e-02
3.345607e-01;1.920297e-01;1.831496e-01;1.114514e-01;1.108168e-02;1.230662e-02;2.606512e-02;1.916927e-02;6.574638e-02;1.025500e-02;9.406386e-03;2.477825e-02
2.492177e-01;2.145408e-01;2.515453e-01;1.152704e-01;1.314826e-02;1.697015e-02;1.990533e-02;9.709533e-03;7.139730e-02;1.303931e-02;7.244125e-03;1.801181e-02
1.772494e-01;2.407124e-01;3.164421e-01;1.110979e-01;1.297429e-02;2.546783e-02;9.329176e-03;1.212163e-02;6.070504e-02;1.415048e-02;6.909084e-03;1.284057e-02
1.492580e-01;2.237046e-01;3.349522e-01;8.259189e-02;3.605071e-02;3.236975e-02;2.046522e-02;1.885827e-02;4.887696e-02;1.876879e-02;1.612455e-02;1.797905e-02
2.390346e-01;1.796320e-01;2.500124e-01;4.756415e-02;5.789675e-02;3.939632e-02;2.398492e-02;3.027542e-02;4.140159e-02;2.738033e-02;2.852328e-02;3.489836e-02
2.715765e-01;1.355271e-01;1.099165e-01;3.577640e-02;5.557980e-02;6.498945e-02;3.906623e-02;3.071983e-02;5.848717e-02;6.931206e-02;5.284214e-02;7.620679e-02
1.762727e-01;9.234526e-02;1.388621e-01;4.157013e-02;3.321752e-02;1.037675e-01;5.080225e-02;2.768275e-02;5.211589e-02;1.142146e-01;6.476980e-02;1.043795e-01
2.740457e-01;5.680243e-02;1.688477e-01;3.465887e-02;1.508555e-02;1.035257e-01;3.891243e-02;4.528546e-02;6.262983e-02;8.204613e-02;3.914528e-02;7.901487e-02
3.541282e-01;8.542362e-02;1.639505e-01;2.590790e-02;1.013722e-02;6.682016e-02;3.872352e-02;6.057218e-02;7.291739e-02;4.564540e-02;2.198653e-02;5.378743e-02
4.007291e-01;1.425215e-01;1.162414e-01;4.778633e-02;1.096462e-02;3.997672e-02;3.303194e-02;5.342139e-02;6.349844e-02;3.324207e-02;1.646696e-02;4.211952e-02
3.616622e-01;1.901545e-01;1.177594e-01;6.818556e-02;1.721819e-02;4.195437e-02;3.894497e-02;4.540018e-02;3.576586e-02;3.575707e-02;1.242025e-02;3.477734e-02
2.869138e-01;1.797275e-01;1.366809e-01;5.885819e-02;1.721466e-02;4.644018e-02;5.808691e-02;8.110951e-02;3.571928e-02;4.548534e-02;1.113768e-02;4.262615e-02
1.937413e-01;1.146579e-01;9.755572e-02;4.145839e-02;1.754157e-02;4.958772e-02;1.081311e-01;1.592489e-01;4.482320e-02;7.673714e-02;1.016850e-02;8.634853e-02
8.206969e-02;3.591300e-02;4.163304e-02;4.011262e-02;1.217979e-02;4.068046e-02;1.737600e-01;2.273157e-01;4.026750e-02;1.115455e-01;1.002340e-02;1.844993e-01
4.173582e-02;2.998150e-02;2.105780e-02;5.213373e-02;8.483650e-03;2.115338e-02;2.190612e-01;1.856744e-01;2.550695e-02;9.977374e-02;1.399274e-02;2.814451e-01
1.799040e-02;5.125216e-02;2.585568e-02;6.193530e-02;1.128208e-02;1.880486e-02;2.659083e-01;1.085527e-01;1.622489e-02;6.384271e-02;2.799284e-02;3.303580e-01
2.814599e-02;5.605318e-02;2.506311e-02;5.324920e-02;2.097873e-02;3.960598e-02;2.969490e-01;5.772712e-02;1.692006e-02;2.543785e-02;4.678348e-02;3.330863e-01
2.509999e-02;4.583466e-02;3.609690e-02;3.397706e-02;3.460624e-02;7.629772e-02;2.884530e-01;6.890476e-02;3.062260e-02;1.790944e-02;6.889505e-02;2.733026e-01
2.016074e-02;2.810729e-02;6.116968e-02;1.631761e-02;4.677200e-02;1.183157e-01;1.979531e-01;1.125225e-01;5.944115e-02;1.233842e-02;9.443638e-02;2.324654e-01
2.041144e-02;5.707333e-02;5.124515e-02;3.688785e-02;4.186532e-02;1.451369e-01;1.756470e-01;1.080693e-01;5.665253e-02;1.815195e-02;8.451292e-02;2.043463e-01
4.912907e-02;7.803135e-02;4.290755e-02;5.335586e-02;4.011219e-02;1.358951e-01;2.462526e-01;6.156896e-02;4.732724e-02;3.267989e-02;3.316867e-02;1.795716e-01
8.622276e-02;6.720005e-02;6.031172e-02;6.036732e-02;3.747404e-02;1.079782e-01;2.299917e-01;6.580498e-02;6.907165e-02;5.291021e-02;2.487700e-02;1.377904e-01
1.278967e-01;8.490012e-02;8.133458e-02;6.208898e-02;2.980246e-02;6.295464e-02;1.485957e-01;8.887551e-02;9.725634e-02;7.864985e-02;4.433312e-02;9.331198e-02
2.140363e-01;1.009746e-01;8.233340e-02;3.880063e-02;3.033038e-02;3.102500e-02;1.247933e-01;9.941011e-02;7.691400e-02;5.346058e-02;5.737201e-02;9.054966e-02
2.704269e-01;1.068972e-01;9.310030e-02;2.408374e-02;2.936265e-02;2.096815e-02;1.563150e-01;9.273548e-02;3.755044e-02;2.586665e-02;6.114890e-02;8.154459e-02
3.231687e-01;8.791411e-02;9.472318e-02;1.674938e-02;2.371505e-02;3.730516e-02;1.387405e-01;1.090769e-01;2.406778e-02;1.676232e-02;5.775358e-02;7.002331e-02
3.253318e-01;9.436495e-02;1.329149e-01;3.158849e-02;2.014289e-02;4.708707e-02;1.188572e-01;5.362311e-02;4.178524e-02;3.204747e-02;4.184087e-02;6.041602e-02
2.814541e-01;1.622593e-01;1.587733e-01;3.451728e-02;2.257946e-02;3.095532e-02;9.052476e-02;4.224563e-02;5.085399e-02;3.639264e-02;4.430421e-02;4.514011e-02
2.723070e-01;1.816851e-01;1.896851e-01;2.757268e-02;2.576793e-02;1.899645e-02;8.329962e-02;3.299951e-02;4.993348e-02;2.667520e-02;6.000062e-02;3.107728e-02
2.926988e-01;1.727033e-01;1.632425e-01;2.156304e-02;2.787545e-02;2.145985e-02;8.590251e-02;3.824733e-02;4.329606e-02;2.603332e-02;7.741384e-02;2.956402e-02
2.956389e-01;1.569624e-01;9.628189e-02;3.800113e-02;3.203968e-02;3.400159e-02;8.000015e-02;8.536108e-02;2.654087e-02;2.997615e-02;7.564520e-02;4.955095e-02
2.028346e-01;1.253405e-01;7.038295e-02;8.589107e-02;2.141600e-02;4.770656e-02;1.191853e-01;8.904707e-02;2.175978e-02;3.867198e-02;9.211102e-02;8.565313e-02
1.033522e-01;7.496707e-02;1.328273e-01;8.544198e-02;4.857246e-02;4.550797e-02;1.668045e-01;4.321644e-02;4.632198e-02;6.244610e-02;1.156553e-01;7.488663e-02
1.137035e-01;7.894718e-02;1.617695e-01;3.764638e-02;5.436510e-02;5.012119e-02;1.260846e-01;5.210356e-02;5.205338e-02;8.330826e-02;1.218676e-01;6.802966e-02
1.201461e-01;7.307252e-02;1.336302e-01;3.747872e-02;6.128740e-02;4.226475e-02;1.046150e-01;5.644192e-02;5.049902e-02;1.060730e-01;1.368402e-01;7.765126e-02
9.342377e-02;8.750494e-02;1.289791e-01;5.871167e-02;7.144885e-02;4.131720e-02;1.189034e-01;6.475946e-02;5.387217e-02;9.295469e-02;1.115949e-01;7.652987e-02
1.448028e-01;1.073763e-01;1.392748e-01;1.040717e-01;4.589916e-02;2.753853e-02;1.000680e-01;8.038377e-02;3.396008e-02;8.175747e-02;6.797266e-02;6.689477e-02
2.315724e-01;1.150457e-01;1.722967e-01;6.971155e-02;3.509063e-02;1.650953e-02;5.666262e-02;8.945998e-02;4.398025e-02;6.167746e-02;7.025857e-02;3.773454e-02
2.402013e-01;1.763372e-01;1.832533e-01;2.816935e-02;3.810912e-02;2.803467e-02;2.104718e-02;6.837800e-02;8.432754e-02;2.420891e-02;6.730697e-02;4.062647e-02
2.077828e-01;2.618919e-01;1.853053e-01;3.346955e-02;2.095477e-02;3.461049e-02;9.148303e-03;3.442901e-02;1.019707e-01;1.225375e-02;4.833990e-02;4.984351e-02
2.077319e-01;3.236760e-01;1.720160e-01;3.055618e-02;2.027045e-02;3.035972e-02;1.191840e-02;1.093546e-02;7.951555e-02;9.956176e-03;5.228667e-02;5.077752e-02
3.165867e-01;2.909760e-01;1.124016e-01;1.500792e-02;4.477010e-02;1.298913e-02;1.285704e-02;2.611922e-02;3.277812e-02;6.405534e-03;9.200275e-02;3.710585e-02
4.574124e-01;2.258520e-01;7.079127e-02;4.610777e-03;6.261881e-02;4.085496e-03;9.487700e-03;4.325355e-02;8.905817e-03;3.523853e-03;8.328447e-02;2.617382e-02
5.423948e-01;1.556388e-01;7.199623e-02;3.028437e-03;6.020783e-02;2.850861e-03;1.028409e-02;5.397053e-02;8.881224e-03;5.635517e-03;4.402078e-02;4.109091e-02
5.167148e-01;8.085322e-02;9.637022e-02;8.955364e-03;4.937420e-02;6.049602e-03;1.830208e-02;4.709698e-02;1.251736e-02;1.554023e-02;9.553977e-02;5.268627e-02
4.062637e-01;1.302986e-01;9.805109e-02;1.600650e-02;3.062242e-02;1.461106e-02;2.606264e-02;3.004080e-02;3.194240e-02;3.130097e-02;1.397704e-01;4.502939e-02
3.303972e-01;1.718045e-01;8.267174e-02;1.256139e-02;5.577618e-02;1.416772e-02;2.745967e-02;4.277764e-02;3.452992e-02;3.100921e-02;1.698993e-01;2.694556e-02
3.203863e-01;1.389509e-01;9.910237e-02;5.535707e-03;8.074956e-02;5.544410e-03;2.736060e-02;6.726231e-02;1.874841e-02;2.503984e-02;1.828222e-01;2.849741e-02
3.536336e-01;8.554789e-02;1.314293e-01;4.585220e-03;6.120824e-02;4.074369e-03;1.996802e-02;8.524874e-02;2.632349e-02;6.398949e-02;1.338301e-01;3.016147e-02
3.725354e-01;4.762774e-02;1.291937e-01;9.444880e-03;3.142901e-02;7.219686e-03;2.662934e-02;8.983117e-02;5.274431e-02;1.228596e-01;8.126361e-02;2.922151e-02
3.743003e-01;8.339074e-02;8.421552e-02;1.810304e-02;1.661448e-02;2.135489e-02;4.932611e-02;7.722408e-02;5.825379e-02;1.103602e-01;6.970135e-02;3.715548e-02
3.501391e-01;7.644940e-02;1.370252e-01;2.212111e-02;3.851111e-02;4.112342e-02;5.759982e-02;7.033080e-02;3.223031e-02;6.231977e-02;5.972838e-02;5.242150e-02
3.143116e-01;3.860970e-02;2.027349e-01;1.651812e-02;5.424424e-02;5.017345e-02;4.186141e-02;8.784953e-02;2.296027e-02;5.226675e-02;5.257246e-02;6.589757e-02
3.129135e-01;6.770014e-02;1.607590e-01;2.048051e-02;3.813946e-02;4.322446e-02;3.711238e-02;7.046630e-02;1.882682e-02;7.003173e-02;7.721797e-02;8.312770e-02
2.788260e-01;3.897438e-02;1.580979e-01;3.810134e-02;2.188129e-02;5.516274e-02;4.827049e-02;4.773964e-02;1.818062e-02;9.766604e-02;9.656193e-02;1.005376e-01
2.769164e-01;4.834894e-02;1.279754e-01;5.498908e-02;1.501362e-02;5.690791e-02;6.333379e-02;3.164880e-02;1.333360e-02;1.088415e-01;8.519331e-02;1.174976e-01
2.629173e-01;5.266393e-02;1.145785e-01;8.288741e-02;1.291039e-02;4.536108e-02;7.199956e-02;1.719676e-02;9.884464e-03;1.082738e-01;7.660077e-02;1.447260e-01
1.867644e-01;3.921757e-02;8.902981e-02;1.177634e-01;2.193031e-02;3.753402e-02;1.079887e-01;1.731603e-02;1.987861e-02;9.590864e-02;8.091501e-02;1.857534e-01
1.842673e-01;6.586581e-02;8.366880e-02;1.066014e-01;2.859235e-02;3.838648e-02;1.112633e-01;2.542751e-02;3.396879e-02;7.909564e-02;7.602229e-02;1.668404e-01
2.188795e-01;6.708194e-02;1.086675e-01;8.483656e-02;2.217734e-02;8.025295e-02;9.020753e-02;2.850245e-02;2.983806e-02;7.254729e-02;6.313353e-02;1.338753e-01
2.311528e-01;4.521437e-02;1.021058e-01;9.534879e-02;1.934009e-02;1.138868e-01;8.987068e-02;3.415908e-02;2.905104e-02;6.832007e-02;4.535660e-02;1.261938e-01
2.333563e-01;3.397565e-02;7.882245e-02;1.321273e-01;1.314174e-02;1.001433e-01;8.968857e-02;3.493235e-02;4.743133e-02;8.079810e-02;3.104502e-02;1.245379e-01
2.397712e-01;4.130721e-02;5.265163e-02;1.689353e-01;9.333761e-03;4.264843e-02;8.607066e-02;2.719568e-02;4.982063e-02;9.990999e-02;3.426135e-02;1.480942e-01
2.476693e-01;3.231785e-02;3.855298e-02;1.804233e-01;1.419633e-02;1.626821e-02;1.134779e-01;1.966666e-02;2.251226e-02;9.041252e-02;4.183614e-02;1.826665e-01
2.630749e-01;4.515415e-02;3.513981e-02;1.714857e-01;2.080789e-02;2.271135e-02;1.116944e-01;2.276605e-02;1.612403e-02;6.019415e-02;4.026474e-02;1.905828e-01
2.832496e-01;3.174496e-02;2.880223e-02;1.793772e-01;2.299372e-02;1.854989e-02;1.089542e-01;2.096307e-02;1.508714e-02;5.626643e-02;4.275919e-02;1.912524e-01
3.093036e-01;3.467203e-02;2.897686e-02;1.913514e-01;2.129014e-02;2.546309e-02;9.163141e-02;1.807758e-02;1.138944e-02;5.048851e-02;3.809922e-02;1.792567e-01
3.463541e-01;2.997552e-02;3.487540e-02;1.893497e-01;1.802579e-02;3.231486e-02;7.372829e-02;1.769237e-02;7.695357e-03;5.261430e-02;3.155221e-02;1.658221e-01
3.729115e-01;3.276271e-02;3.296278e-02;1.750167e-01;1.599194e-02;4.364980e-02;5.605995e-02;1.686432e-02;1.079559e-02;6.485380e-02;2.630494e-02;1.518259e-01
4.051177e-01;3.863621e-02;3.427184e-02;1.385613e-01;9.086041e-03;5.813026e-02;4.260814e-02;2.169545e-02;2.350223e-02;6.600247e-02;2.465887e-02;1.377295e-01
4.376306e-01;3.894471e-02;4.370812e-02;9.083725e-02;1.048054e-02;6.290399e-02;3.198450e-02;2.982689e-02;4.486604e-02;5.684856e-02;2.274573e-02;1.292231e-01
4.724401e-01;5.098761e-02;5.336318e-02;6.091826e-02;1.447520e-02;4.938415e-02;1.857895e-02;4.921711e-02;5.144341e-02;4.490862e-02;2.002998e-02;1.142535e-01
4.668401e-01;7.078668e-02;1.103531e-01;2.494839e-02;3.016604e-02;2.183707e-02;8.666620e-03;8.086629e-02;3.704306e-02;2.848112e-02;3.182204e-02;8.818951e-02
3.960685e-01;1.135641e-01;1.617248e-01;1.848104e-02;4.283039e-02;9.145291e-03;2.250530e-02;9.867828e-02;2.848065e-02;1.546099e-02;3.753597e-02;5.552473e-02
2.991714e-01;1.452066e-01;1.422039e-01;2.580298e-02;4.797525e-02;1.334140e-02;6.044323e-02;1.033672e-01;5.038347e-02;2.450833e-02;4.904305e-02;3.855318e-02
1.745154e-01;1.272117e-01;1.976278e-01;3.941647e-02;3.204009e-02;1.950270e-02;9.699499e-02;7.524038e-02;8.849526e-02;5.080057e-02;6.517941e-02;3.297518e-02
1.411612e-01;1.132956e-01;1.867366e-01;5.102007e-02;2.556689e-02;2.253530e-02;8.916506e-02;5.525378e-02;9.419519e-02;7.971522e-02;7.927271e-02;6.208233e-02
1.288555e-01;1.221070e-01;1.627431e-01;5.309312e-02;2.798826e-02;1.885376e-02;7.530765e-02;6.242869e-02;5.288167e-02;9.124740e-02;1.020265e-01;1.024673e-01
9.783725e-02;1.004354e-01;1.421769e-01;7.559378e-02;4.565823e-02;3.575916e-02;8.350240e-02;7.800669e-02;4.794937e-02;8.567560e-02;1.157120e-01;9.169318e-02
9.078699e-02;5.115495e-02;1.485221e-01;9.551268e-02;5.547477e-02;4.746201e-02;1.187090e-01;7.124799e-02;5.849586e-02;8.913144e-02;1.074249e-01;6.607738e-02
7.838514e-02;7.675272e-02;2.205034e-01;6.984443e-02;4.662805e-02;3.892671e-02;1.092692e-01;5.754823e-02;5.169823e-02;8.638086e-02;1.027604e-01;6.130269e-02
6.619386e-02;1.064465e-01;2.748831e-01;5.773522e-02;3.391836e-02;3.161745e-02;8.218233e-02;3.953343e-02;4.643368e-02;8.197227e-02;1.022169e-01;7.686704e-02
8.778173e-02;1.172390e-01;2.022849e-01;6.117595e-02;3.701673e-02;3.365755e-02;7.369974e-02;3.519325e-02;4.718887e-02;1.025123e-01;1.092222e-01;9.302771e-02
6.891722e-02;1.017123e-01;1.199997e-01;4.692271e-02;3.524223e-02;3.706937e-02;5.661045e-02;4.917499e-02;7.673316e-02;1.648568e-01;1.206531e-01;1.221080e-01
4.137397e-02;6.593835e-02;7.525118e-02;4.019458e-02;3.993682e-02;3.868976e-02;7.818864e-02;5.359209e-02;1.117276e-01;2.326751e-01;1.360965e-01;8.633547e-02
6.709188e-02;4.270649e-02;9.233922e-02;3.491235e-02;4.824740e-02;4.312712e-02;8.546852e-02;8.490688e-02;1.439136e-01;1.986608e-01;9.844486e-02;6.018078e-02
7.061185e-02;2.827525e-02;8.963638e-02;4.465445e-02;4.568090e-02;6.734028e-02;5.965890e-02;2.397327e-01;1.133609e-01;9.607849e-02;7.598734e-02;6.898251e-02
