1.285326e-01;6.170626e-02;1.006968e-01;6.804045e-02;3.990427e-02;7.741605e-02;1.067159e-01;6.477906e-02;1.227259e-01;9.812084e-02;7.328469e-02;5.807715e-02
1.394803e-01;4.251710e-02;7.076862e-02;6.760854e-02;3.045562e-02;8.456490e-02;1.144494e-01;6.010220e-02;1.275326e-01;6.177242e-02;1.128317e-01;8.791659e-02
5.686729e-02;5.726067e-02;9.749091e-02;4.003791e-02;5.820388e-02;6.153370e-02;1.540905e-01;9.054179e-02;1.047410e-01;1.175953e-01;1.098245e-01;5.181253e-02
4.421597e-02;5.282971e-02;7.892244e-02;5.388446e-02;4.335953e-02;5.569313e-02;1.651351e-01;7.668684e-02;1.054689e-01;1.325083e-01;1.069787e-01;8.431692e-02
5.430383e-02;4.251130e-02;5.969348e-02;6.057210e-02;4.551902e-02;5.439748e-02;1.671426e-01;7.428615e-02;1.210716e-01;1.438336e-01;7.882408e-02;9.784468e-02
9.129597e-02;3.849772e-02;7.741975e-02;5.235169e-02;6.929329e-02;5.085009e-02;9.501445e-02;1.372953e-01;8.304345e-02;1.179688e-01;1.198706e-01;6.709895e-02
9.877063e-02;2.964922e-02;7.236975e-02;5.209421e-02;6.738251e-02;6.530932e-02;9.158967e-02;1.861188e-01;3.236653e-02;1.261674e-01;1.478687e-01;3.031318e-02
8.754469e-02;1.155150e-02;4.270244e-02;6.250035e-02;4.255623e-02;7.197761e-02;1.496688e-01;1.544877e-01;6.796299e-02;1.343238e-01;1.110494e-01;6.367458e-02
7.592270e-02;2.654571e-02;4.528257e-02;8.097225e-02;4.029141e-02;6.878021e-02;1.714494e-01;1.028168e-01;6.218442e-02;1.301763e-01;1.107529e-01;8.482536e-02
6.099761e-02;4.758406e-02;9.596065e-02;8.596331e-02;6.062898e-02;5.222046e-02;1.375123e-01;1.088012e-01;6.164896e-02;1.302015e-01;1.093244e-01;4.915655e-02
4.354266e-02;5.722794e-02;1.349612e-01;1.045292e-01;5.821899e-02;5.408482e-02;1.367626e-01;7.589122e-02;7.561104e-02;1.335824e-01;9.538656e-02;3.020131e-02
3.725267e-02;5.522960e-02;1.663944e-01;1.235268e-01;6.833032e-02;8.481183e-02;1.258537e-01;3.661006e-02;7.203508e-02;1.175517e-01;8.211177e-02;3.029210e-02
4.418459e-02;7.049252e-02;1.368492e-01;1.185918e-01;9.603740e-02;9.352006e-02;9.153593e-02;8.919921e-02;5.358294e-02;8.414017e-02;8.824760e-02;3.361851e-02
6.971762e-02;6.052998e-02;6.756462e-02;1.088780e-01;1.071561e-01;6.607078e-02;7.218284e-02;8.485742e-02;7.454913e-02;1.700642e-01;8.356094e-02;3.486828e-02
4.909011e-02;5.896273e-02;1.184452e-01;1.235738e-01;9.426541e-02;2.518808e-02;9.048076e-02;9.688740e-02;6.821089e-02;2.004345e-01;3.711747e-02;3.734372e-02
4.749229e-02;3.706234e-02;1.188538e-01;8.876891e-02;5.545822e-02;6.087458e-02;1.191689e-01;1.310291e-01;7.917029e-02;1.573433e-01;7.560036e-02;2.917788e-02
6.615684e-02;3.158568e-02;9.837387e-02;3.615473e-02;4.808974e-02;8.422186e-02;1.221186e-01;1.593297e-01;8.285447e-02;1.317042e-01;7.514184e-02;6.426859e-02
6.623105e-02;5.159683e-02;8.890894e-02;6.249337e-02;6.174149e-02;9.687804e-02;1.234334e-01;1.033671e-01;5.396078e-02;1.053455e-01;1.273226e-01;5.872091e-02
8.023043e-02;5.321983e-02;7.149173e-02;5.354610e-02;6.741852e-02;7.505130e-02;1.022482e-01;1.051612e-01;5.048910e-02;9.309085e-02;1.525265e-01;9.552617e-02
7.683526e-02;5.096018e-02;6.358436e-02;5.809951e-02;7.583053e-02;6.603789e-02;7.699079e-02;1.070335e-01;5.999453e-02;1.048832e-01;1.604320e-01;9.931824e-02
6.078451e-02;4.732957e-02;3.716554e-02;7.813239e-02;9.026257e-02;6.085370e-02;9.233577e-02;8.240178e-02;7.713655e-02;1.148737e-01;1.755956e-01;8.312837e-02
8.847043e-02;5.668905e-02;9.303896e-02;7.184234e-02;6.849693e-02;4.852115e-02;9.316362e-02;5.254019e-02;1.759148e-01;1.031781e-01;1.032918e-01;4.485264e-02
9.207448e-02;7.787745e-02;6.961334e-02;5.796831e-02;6.339629e-02;7.381167e-02;9.097739e-02;4.851704e-02;2.024766e-01;9.554706e-02;6.803542e-02;5.970503e-02
6.997114e-02;8.118044e-02;7.367329e-02;5.231630e-02;5.379499e-02;9.414865e-02;8.937566e-02;4.665431e-02;2.065538e-01;7.438367e-02;1.105274e-01;4.742034e-02
6.376143e-02;7.040562e-02;4.805152e-02;4.517317e-02;6.287557e-02;1.000853e-01;7.682324e-02;6.271022e-02;2.249995e-01;7.175043e-02;1.427936e-01;3.057031e-02
6.344967e-02;5.871192e-02;3.593474e-02;4.055108e-02;7.472598e-02;9.038720e-02;8.342671e-02;8.923059e-02;2.310850e-01;5.842697e-02;1.563965e-01;1.767361e-02
6.220886e-02;5.151078e-02;4.126458e-02;3.760171e-02;8.433606e-02;7.575919e-02;9.105580e-02;1.207020e-01;2.080422e-01;4.591437e-02;1.635255e-01;1.807884e-02
6.353701e-02;4.999372e-02;4.085017e-02;3.887356e-02;9.958152e-02;5.945500e-02;9.452621e-02;1.513107e-01;1.687676e-01;4.344857e-02;1.740329e-01;1.562307e-02
7.411107e-02;5.702454e-02;4.884868e-02;4.724410e-02;1.067258e-01;4.277041e-02;9.537512e-02;1.446849e-01;1.334516e-01;4.850912e-02;1.779713e-01;2.328331e-02
1.142256e-01;7.373152e-02;5.730870e-02;6.599984e-02;9.126616e-02;4.199756e-02;8.649990e-02;9.862851e-02;1.324200e-01;5.090305e-02;1.494613e-01;3.755785e-02
1.739784e-01;8.941358e-02;6.749316e-02;7.326416e-02;6.804281e-02;4.436482e-02;1.077721e-01;5.758843e-02;1.221679e-01;3.533187e-02;1.192073e-01;4.137554e-02
2.249951e-01;7.253126e-02;8.038911e-02;5.779914e-02;6.094977e-02;4.237290e-02;1.284880e-01;9.551378e-02;8.539170e-02;2.816585e-02;8.113895e-02;4.226447e-02
2.758271e-01;2.564345e-02;8.064638e-02;4.135138e-02;9.213385e-02;4.812437e-02;1.593962e-01;8.843324e-02;7.250529e-02;2.604005e-02;4.016870e-02;4.973011e-02
2.605076e-01;5.403295e-02;7.027713e-02;4.954584e-02;9.248129e-02;3.804268e-02;1.539806e-01;7.254878e-02;6.737326e-02;3.016391e-02;6.939405e-02;4.165199e-02
2.427184e-01;6.565151e-02;9.022723e-02;4.594512e-02;9.284425e-02;1.740198e-02;1.270051e-01;1.205811e-01;5.870710e-02;2.497788e-02;8.871039e-02;2.522991e-02
2.205308e-01;7.536652e-02;9.165695e-02;3.744094e-02;1.002048e-01;3.355362e-02;1.187200e-01;1.176037e-01;5.379285e-02;4.060587e-02;8.556246e-02;2.496146e-02
2.184132e-01;1.075134e-01;7.616554e-02;2.521692e-02;1.121964e-01;4.081579e-02;1.130946e-01;9.609810e-02;5.277193e-02;4.478121e-02;8.186959e-02;3.106332e-02
1.976080e-01;1.538790e-01;9.445546e-02;2.865695e-02;1.005260e-01;3.507240e-02;1.038939e-01;7.583003e-02;8.124205e-02;4.336427e-02;6.239809e-02;2.307381e-02
1.677043e-01;1.919918e-01;1.242779e-01;2.637162e-02;6.604014e-02;4.254216e-02;9.533134e-02;8.128838e-02;1.166065e-01;4.515640e-02;2.478599e-02;1.790348e-02
1.645486e-01;2.023083e-01;1.276803e-01;2.322851e-02;3.387821e-02;4.625035e-02;9.518876e-02;8.779535e-02;1.037073e-01;4.347923e-02;4.484015e-02;2.709492e-02
1.478882e-01;1.821785e-01;1.312547e-01;2.462949e-02;3.361841e-02;5.449355e-02;1.129838e-01;7.751255e-02;8.859336e-02;3.522763e-02;8.879311e-02;2.282674e-02
1.445744e-01;1.531087e-01;1.090015e-01;1.483848e-02;6.326745e-02;6.576722e-02;1.281668e-01;7.431832e-02;7.761730e-02;2.833666e-02;1.309276e-01;1.007555e-02
1.650539e-01;1.077909e-01;7.787898e-02;2.147979e-02;9.528919e-02;7.214110e-02;1.062125e-01;7.531795e-02;7.805834e-02;2.132478e-02;1.565801e-01;2.287252e-02
1.760590e-01;7.304002e-02;6.809379e-02;2.517539e-02;1.123339e-01;6.073430e-02;9.316107e-02;9.279952e-02;1.006830e-01;2.527477e-02;1.430159e-01;2.962937e-02
1.873937e-01;5.699000e-02;7.047582e-02;2.901605e-02;1.155124e-01;4.643630e-02;1.106322e-01;1.229958e-01;1.056526e-01;2.414111e-02;9.758047e-02;3.317351e-02
1.773728e-01;4.665650e-02;8.726040e-02;5.634035e-02;9.846231e-02;4.539618e-02;1.311898e-01;1.182252e-01;1.018518e-01;4.651666e-02;5.791468e-02;3.281329e-02
1.320903e-01;4.019435e-02;1.227123e-01;9.460278e-02;7.211401e-02;5.100749e-02;1.624149e-01;7.763472e-02;6.671882e-02;5.900642e-02;8.277665e-02;3.872724e-02
1.008599e-01;5.272592e-02;1.113928e-01;1.149323e-01;8.408991e-02;6.416059e-02;1.690128e-01;7.044166e-02;3.927730e-02;4.327053e-02;1.097494e-01;4.008687e-02
1.056156e-01;7.636173e-02;9.759665e-02;1.099911e-01;9.764297e-02;6.746155e-02;9.528283e-02;8.446002e-02;7.604246e-02;6.507888e-02;9.729563e-02;2.717055e-02
7.204010e-02;6.805592e-02;6.926370e-02;7.918595e-02;1.270750e-01;6.508230e-02;1.113417e-01;1.185972e-01;6.760309e-02;8.823647e-02;9.476998e-02;3.874859e-02
8.131778e-02;5.594216e-02;7.048235e-02;6.457487e-02;1.147050e-01;6.924205e-02;1.372533e-01;1.055297e-01;5.919508e-02;8.861780e-02;1.061678e-01;4.697204e-02
7.347186e-02;5.327379e-02;4.934978e-02;5.537818e-02;6.781143e-02;9.004016e-02;1.533949e-01;7.698200e-02;9.354605e-02;1.106289e-01;9.374718e-02;8.237577e-02
6.482355e-02;6.023618e-02;5.042464e-02;5.369172e-02;7.030678e-02;9.985612e-02;1.184884e-01;1.154911e-01;8.401380e-02;1.456634e-01;6.151407e-02;7.549018e-02
9.588919e-02;6.562784e-02;6.976099e-02;5.641462e-02;8.096977e-02;7.519980e-02;8.291714e-02;1.158514e-01;7.541267e-02;1.294018e-01;1.061040e-01;4.645080e-02
1.158141e-01;7.499066e-02;5.766837e-02;4.197709e-02;1.071239e-01;5.716699e-02;1.090195e-01;1.053833e-01;6.262616e-02;1.028423e-01;1.081590e-01;5.722858e-02
9.577852e-02;6.625231e-02;6.938428e-02;5.405700e-02;8.122612e-02;7.548903e-02;1.038053e-01;9.255600e-02;7.191733e-02;1.308085e-01;8.370862e-02;7.501710e-02
6.268241e-02;5.642145e-02;7.133100e-02;5.618135e-02;6.283560e-02;7.342783e-02;8.054727e-02;8.933021e-02;1.394370e-01;1.376942e-01;1.021453e-01;6.796639e-02
6.579596e-02;5.420991e-02;6.160961e-02;9.106809e-02;3.800154e-02;5.238052e-02;9.260988e-02;1.330703e-01;9.975274e-02;1.335787e-01;1.268830e-01;5.103968e-02
6.070334e-02;5.537853e-02;1.052267e-01;1.044255e-01;6.769852e-02;4.618729e-02;9.024282e-02;1.083340e-01;1.028063e-01;1.017711e-01;1.145962e-01;4.262971e-02
4.388319e-02;4.538274e-02;1.037261e-01;7.515996e-02;8.808118e-02;8.027355e-02;6.665002e-02;1.122237e-01;1.073637e-01;9.816346e-02;1.335356e-01;4.555677e-02
6.898523e-02;6.333247e-02;6.110624e-02;9.992349e-02;8.772558e-02;7.096137e-02;6.515580e-02;8.227031e-02;9.091364e-02;1.272949e-01;1.331292e-01;4.920179e-02
8.271962e-02;8.262394e-02;9.052642e-02;1.379656e-01;9.796987e-02;4.416898e-02;9.439214e-02;3.310454e-02;9.729829e-02;9.860676e-02;6.378414e-02;7.683966e-02
8.111050e-02;9.632351e-02;1.999465e-01;8.643053e-02;5.746707e-02;4.047963e-02;1.068647e-01;3.194329e-02;1.084557e-01;5.951183e-02;4.854214e-02;8.292463e-02
8.986687e-02;1.464735e-01;2.285493e-01;6.129738e-02;4.295208e-02;5.962290e-02;6.775418e-02;1.539842e-02;1.062476e-01;5.783802e-02;3.907458e-02;8.492520e-02
9.508502e-02;2.148526e-01;2.184134e-01;4.622195e-02;2.508716e-02;8.098940e-02;3.879488e-02;1.822840e-02;1.239657e-01;3.912612e-02;1.044583e-02;8.878957e-02
1.263468e-01;2.540608e-01;1.363626e-01;2.789406e-02;3.999501e-02;9.028408e-02;3.377815e-02;2.591502e-02;1.147741e-01;2.351664e-02;5.714279e-02;6.992989e-02
1.576254e-01;2.568640e-01;6.604564e-02;2.728982e-02;7.051076e-02;1.011108e-01;2.630200e-02;3.597018e-02;9.543391e-02;2.433157e-02;1.076667e-01;3.084937e-02
1.734014e-01;2.072420e-01;5.814653e-02;3.563605e-02;9.122880e-02;1.085679e-01;3.476525e-02;4.912120e-02;8.148373e-02;1.743880e-02;1.307459e-01;1.222248e-02
1.854103e-01;1.657578e-01;4.659326e-02;4.399795e-02;1.096710e-01;1.177089e-01;3.676350e-02;5.260451e-02;6.038808e-02;1.765937e-02;1.503680e-01;1.307734e-02
1.587709e-01;1.595984e-01;4.470745e-02;7.389289e-02;1.064558e-01;1.208798e-01;3.353412e-02;4.739453e-02;6.280631e-02;2.043187e-02;1.482898e-01;2.323812e-02
1.126316e-01;1.704678e-01;5.953893e-02;1.094954e-01;9.282195e-02;1.275734e-01;4.236304e-02;3.374615e-02;7.428706e-02;1.943594e-02;1.320479e-01;2.559075e-02
8.521126e-02;1.629844e-01;5.045928e-02;1.444250e-01;9.673765e-02;1.391120e-01;3.409856e-02;3.773451e-02;9.203899e-02;1.994748e-02;1.179317e-01;1.931919e-02
8.364055e-02;1.412342e-01;4.701518e-02;1.369596e-01;9.601969e-02;1.638289e-01;3.352003e-02;3.246072e-02;1.173763e-01;1.737541e-02;1.018231e-01;2.874636e-02
7.135787e-02;1.132021e-01;5.101107e-02;1.189229e-01;9.885646e-02;1.893647e-01;4.256261e-02;3.515454e-02;1.389330e-01;1.882446e-02;8.158839e-02;4.022193e-02
7.327145e-02;9.779369e-02;4.815151e-02;9.431228e-02;1.028266e-01;1.990211e-01;5.025929e-02;4.388424e-02;1.497509e-01;2.162084e-02;7.934486e-02;3.976333e-02
8.402711e-02;1.018253e-01;4.732572e-02;7.748067e-02;1.159852e-01;1.901740e-01;4.791389e-02;4.759660e-02;1.597603e-01;2.151776e-02;8.033177e-02;2.606178e-02
8.707312e-02;1.189055e-01;5.260691e-02;6.956175e-02;1.280002e-01;1.710267e-01;5.218878e-02;4.161668e-02;1.601484e-01;2.276117e-02;7.124563e-02;2.486533e-02
9.538961e-02;1.385871e-01;7.594376e-02;5.827950e-02;1.244079e-01;1.601604e-01;5.591451e-02;2.988247e-02;1.579254e-01;2.548717e-02;4.977621e-02;2.824592e-02
1.112155e-01;1.629660e-01;7.558620e-02;5.881639e-02;1.129002e-01;1.597712e-01;5.280565e-02;1.890744e-02;1.637311e-01;2.193415e-02;3.221936e-02;2.914685e-02
1.239270e-01;1.786015e-01;1.220462e-01;5.097557e-02;8.613368e-02;1.454585e-01;4.067015e-02;2.216011e-02;1.695685e-01;2.035533e-02;1.063746e-02;2.946605e-02
1.421857e-01;1.772154e-01;1.371568e-01;4.514145e-02;5.975431e-02;1.335784e-01;4.203305e-02;2.399327e-02;1.599246e-01;2.294089e-02;2.004510e-02;3.603105e-02
1.543393e-01;1.655357e-01;1.247701e-01;4.962634e-02;4.776304e-02;1.130235e-01;6.500995e-02;3.669762e-02;1.336785e-01;3.801604e-02;3.593343e-02;3.560647e-02
1.376922e-01;1.324281e-01;1.773570e-01;6.167389e-02;4.464041e-02;7.798053e-02;9.217627e-02;4.920930e-02;9.330509e-02;5.451706e-02;3.482093e-02;4.419912e-02
1.192752e-01;9.068860e-02;2.019155e-01;8.490088e-02;5.614612e-02;5.982515e-02;9.933376e-02;6.359760e-02;6.800048e-02;6.220841e-02;4.301411e-02;5.109417e-02
1.187738e-01;1.312466e-01;1.340108e-01;8.715796e-02;5.536701e-02;5.370579e-02;7.204995e-02;6.961165e-02;1.049964e-01;6.801379e-02;5.613322e-02;4.893299e-02
7.068901e-02;2.229078e-01;9.207132e-02;8.480772e-02;4.514337e-02;7.097188e-02;3.702329e-02;6.086832e-02;1.508038e-01;6.181602e-02;6.788211e-02;3.501536e-02
5.427617e-02;1.925910e-01;1.307808e-01;8.758675e-02;4.979679e-02;7.605131e-02;5.974501e-02;5.079536e-02;1.577064e-01;5.937703e-02;5.019591e-02;3.109737e-02
9.880176e-02;1.252131e-01;1.338911e-01;7.528426e-02;5.412680e-02;7.934083e-02;6.716193e-02;5.609646e-02;1.430195e-01;9.584936e-02;4.252192e-02;2.869302e-02
1.063616e-01;1.158098e-01;1.076913e-01;9.061673e-02;6.298508e-02;8.156732e-02;5.064139e-02;5.878961e-02;1.498427e-01;8.909368e-02;4.374949e-02;4.285128e-02
7.343385e-02;9.903829e-02;9.287552e-02;8.906314e-02;5.107619e-02;6.897421e-02;1.297663e-01;1.240020e-01;1.007286e-01;1.061279e-01;2.756500e-02;3.734903e-02
5.472205e-02;4.977376e-02;6.226157e-02;5.308754e-02;3.242264e-02;7.219949e-02;2.557653e-01;1.418011e-01;1.212645e-01;1.002099e-01;2.969586e-02;2.679621e-02
5.840247e-02;4.290296e-02;7.649828e-02;5.222477e-02;4.612796e-02;1.037455e-01;2.194960e-01;1.463830e-01;1.261079e-01;5.693220e-02;4.141175e-02;2.976723e-02
5.336747e-02;4.851500e-02;7.375874e-02;6.479582e-02;5.432726e-02;1.054712e-01;1.541053e-01;2.164808e-01;9.311964e-02;6.555162e-02;4.427619e-02;2.623105e-02
4.099390e-02;3.832750e-02;6.261350e-02;6.349170e-02;6.324863e-02;9.318381e-02;1.399805e-01;2.730042e-01;7.466517e-02;8.676514e-02;4.080862e-02;2.291735e-02
6.550358e-02;3.238443e-02;6.191527e-02;5.374360e-02;9.399232e-02;1.137986e-01;9.322521e-02;2.535828e-01;7.690787e-02;8.641852e-02;3.602486e-02;3.250294e-02
7.124526e-02;4.154769e-02;5.670153e-02;4.131455e-02;1.294946e-01;1.579150e-01;8.801305e-02;1.612851e-01;1.047840e-01;8.390719e-02;2.379116e-02;4.000090e-02
3.407621e-02;4.285742e-02;8.930394e-02;4.326113e-02;9.894395e-02;1.693974e-01;1.488467e-01;1.390667e-01;1.033533e-01;5.744534e-02;3.961795e-02;3.382992e-02
6.983332e-02;4.703604e-02;1.748842e-01;5.581253e-02;6.692827e-02;1.407080e-01;1.597201e-01;6.834530e-02;5.815443e-02;5.317134e-02;5.336724e-02;5.203924e-02
6.719369e-02;4.537356e-02;2.455845e-01;6.582118e-02;6.661247e-02;1.152534e-01;1.344643e-01;5.563730e-02;3.920858e-02;5.496910e-02;5.932499e-02;5.055687e-02
4.509857e-02;5.123729e-02;2.934135e-01;7.425741e-02;7.041947e-02;7.883903e-02;1.469136e-01;5.176383e-02;3.657518e-02;6.219422e-02;5.105108e-02;3.823688e-02
5.037324e-02;5.794404e-02;2.686278e-01;8.047417e-02;7.603059e-02;7.549055e-02;1.628548e-01;5.433779e-02;3.155679e-02;6.362285e-02;4.166607e-02;3.702133e-02
7.261569e-02;7.938023e-02;2.286892e-01;8.171283e-02;6.105800e-02;7.973829e-02;1.598587e-01;8.266758e-02;3.601004e-02;5.161881e-02;4.621115e-02;2.043946e-02
5.207080e-02;6.259493e-02;2.787420e-01;8.466604e-02;6.778859e-02;9.039780e-02;8.934187e-02;9.647471e-02;4.546711e-02;5.588968e-02;5.515918e-02;2.140726e-02
4.908503e-02;4.698693e-02;2.871161e-01;6.861308e-02;9.594148e-02;7.487044e-02;9.569398e-02;6.660812e-02;5.772429e-02;7.723869e-02;5.529780e-02;2.482401e-02
4.401025e-02;9.576876e-02;3.012495e-01;5.735112e-02;8.069274e-02;7.832540e-02;6.814267e-02;5.119776e-02;6.320875e-02;9.089033e-02;4.812814e-02;2.103461e-02
2.864148e-02;9.626446e-02;3.203280e-01;5.496246e-02;6.875414e-02;9.084284e-02;7.407846e-02;4.690868e-02;6.269303e-02;8.273489e-02;3.966415e-02;3.412733e-02
3.519736e-02;4.261971e-02;1.497526e-01;6.554326e-02;5.610929e-02;8.409945e-02;1.307209e-01;1.216376e-01;1.235026e-01;1.062865e-01;4.293090e-02;4.159991e-02
3.951940e-02;5.270054e-02;7.349928e-02;6.129662e-02;5.904881e-02;5.057061e-02;1.548824e-01;1.641360e-01;1.198790e-01;1.718728e-01;2.596007e-02;2.663445e-02
3.776173e-02;4.748786e-02;6.910446e-02;5.413807e-02;5.074305e-02;6.980266e-02;1.443931e-01;1.360764e-01;1.674779e-01;1.775449e-01;2.488359e-02;2.058621e-02
2.844089e-02;3.981985e-02;7.436392e-02;4.950876e-02;4.161871e-02;8.093207e-02;1.351893e-01;1.032362e-01;2.286387e-01;1.659388e-01;3.224652e-02;2.006635e-02
6.102841e-02;4.262080e-02;9.566204e-02;5.899154e-02;4.018621e-02;6.905603e-02;1.131142e-01;8.002356e-02;2.374225e-01;1.270461e-01;4.301545e-02;3.183326e-02
1.500310e-01;5.946128e-02;1.662154e-01;7.158662e-02;5.734123e-02;6.456462e-02;1.336178e-01;7.690812e-02;8.739322e-02;3.742691e-02;3.898906e-02;5.646466e-02
1.467308e-01;1.076591e-01;2.150121e-01;6.030026e-02;4.185414e-02;7.847717e-02;1.064946e-01;4.268341e-02;6.504503e-02;3.593731e-02;3.950973e-02;6.029640e-02
1.000541e-01;1.549738e-01;2.506234e-01;5.116562e-02;3.961334e-02;8.797458e-02;6.443896e-02;3.341861e-02;8.358295e-02;3.644643e-02;4.797364e-02;4.973455e-02
7.533255e-02;1.769391e-01;2.118762e-01;3.884086e-02;5.148011e-02;9.585153e-02;5.890276e-02;4.183074e-02;8.504546e-02;4.727322e-02;7.962731e-02;3.700009e-02
9.664419e-02;1.512098e-01;1.077905e-01;3.588597e-02;6.731784e-02;1.218438e-01;7.043868e-02;5.244807e-02;7.590208e-02;6.183381e-02;1.313841e-01;2.730116e-02
1.049698e-01;1.026885e-01;4.918060e-02;3.747636e-02;8.519378e-02;1.209732e-01;7.297913e-02;6.204624e-02;9.343170e-02;6.512495e-02;1.770931e-01;2.884263e-02
1.034974e-01;6.811416e-02;4.642102e-02;2.899780e-02;1.021676e-01;1.153099e-01;6.713567e-02;6.690645e-02;1.027051e-01;6.577369e-02;2.040765e-01;2.889457e-02
1.031676e-01;5.474938e-02;6.058823e-02;2.240175e-02;1.138176e-01;9.467691e-02;7.219063e-02;7.287882e-02;1.156165e-01;6.074839e-02;2.025495e-01;2.661463e-02
1.088812e-01;6.001024e-02;6.820535e-02;2.848116e-02;1.171470e-01;7.057244e-02;7.608436e-02;7.062103e-02;1.265971e-01;7.006303e-02;1.828069e-01;2.053029e-02
1.332209e-01;7.199885e-02;7.428666e-02;3.072112e-02;1.104439e-01;5.717215e-02;7.609145e-02;6.459381e-02;1.391501e-01;6.916765e-02;1.568580e-01;1.629545e-02
1.563597e-01;8.044347e-02;7.182970e-02;3.573748e-02;9.610222e-02;4.720244e-02;6.831691e-02;7.804327e-02;1.348698e-01;5.818369e-02;1.352208e-01;3.769051e-02
1.630613e-01;8.661774e-02;7.722700e-02;3.913677e-02;8.639450e-02;3.949067e-02;6.210754e-02;7.364502e-02;1.235090e-01;5.164327e-02;1.388218e-01;5.834540e-02
1.573005e-01;7.310730e-02;9.164518e-02;6.204196e-02;7.449402e-02;3.288085e-02;8.260810e-02;5.918960e-02;9.761024e-02;4.082901e-02;1.657025e-01;6.259067e-02
1.167364e-01;4.196495e-02;1.075642e-01;8.684698e-02;6.659886e-02;3.943467e-02;1.183796e-01;7.078563e-02;5.657103e-02;4.723588e-02;1.894809e-01;5.840081e-02
1.192200e-01;6.055177e-02;1.067021e-01;5.830264e-02;7.597438e-02;3.725778e-02;1.138586e-01;9.687253e-02;4.731015e-02;4.590046e-02;1.830016e-01;5.504798e-02
1.531453e-01;7.113910e-02;8.670904e-02;4.080952e-02;9.185425e-02;5.424907e-02;7.094684e-02;9.051656e-02;7.054356e-02;6.856879e-02;1.750405e-01;2.647750e-02
1.546747e-01;7.526354e-02;8.594424e-02;4.184936e-02;1.085689e-01;7.584803e-02;5.063703e-02;9.144196e-02;6.803499e-02;4.951898e-02;1.517445e-01;4.647380e-02
1.370504e-01;8.911243e-02;8.061539e-02;4.056204e-02;1.253311e-01;6.968879e-02;7.200654e-02;8.246367e-02;5.119609e-02;4.961124e-02;1.411892e-01;6.117316e-02
1.038564e-01;8.429532e-02;8.258697e-02;6.586408e-02;1.187841e-01;5.359013e-02;9.358188e-02;8.688550e-02;5.551228e-02;6.653504e-02;1.361868e-01;5.232152e-02
8.897020e-02;8.221620e-02;7.260436e-02;7.993492e-02;9.876008e-02;5.345416e-02;9.258825e-02;6.797126e-02;7.542445e-02;6.943583e-02;1.733529e-01;4.528738e-02
1.313877e-01;1.151096e-01;7.929082e-02;5.453910e-02;6.686250e-02;4.480348e-02;9.626882e-02;5.148097e-02;8.364446e-02;6.212872e-02;1.557620e-01;5.872187e-02
1.324295e-01;1.635018e-01;1.045900e-01;6.408330e-02;7.356873e-02;6.548566e-02;8.500885e-02;4.904542e-02;2.352179e-02;6.205847e-02;1.025612e-01;7.414524e-02
1.418335e-01;1.296686e-01;1.339667e-01;4.740604e-02;7.200602e-02;6.384389e-02;7.656931e-02;4.006688e-02;5.810159e-02;5.954750e-02;1.451194e-01;3.187048e-02
1.026032e-01;6.768841e-02;1.774627e-01;5.304355e-02;5.453221e-02;5.607478e-02;9.786335e-02;4.461664e-02;5.376827e-02;7.585216e-02;1.201793e-01;9.631544e-02
7.661182e-02;5.759425e-02;2.366158e-01;5.081333e-02;4.353114e-02;5.360970e-02;9.753443e-02;3.452155e-02;3.858172e-02;8.205377e-02;9.789592e-02;1.306365e-01
4.556661e-02;6.091666e-02;2.970935e-01;3.419659e-02;2.551880e-02;5.743362e-02;8.513190e-02;1.791623e-02;9.844550e-02;7.582974e-02;6.577893e-02;1.361720e-01
2.817004e-02;8.608217e-02;3.054580e-01;1.318332e-02;1.364682e-02;7.311694e-02;6.846273e-02;2.655313e-02;1.829507e-01;7.169080e-02;3.107228e-02;9.961304e-02
2.785185e-02;1.121964e-01;2.873293e-01;1.881888e-02;1.712079e-02;1.021045e-01;5.114233e-02;4.594414e-02;2.065045e-01;5.816712e-02;1.491917e-02;5.790114e-02
5.053742e-02;1.291963e-01;3.053688e-01;2.601706e-02;3.023055e-02;1.228127e-01;5.826067e-02;4.717804e-02;1.426536e-01;4.755674e-02;1.116352e-02;2.902458e-02
6.511857e-02;1.469931e-01;3.313933e-01;3.533644e-02;3.473976e-02;1.272642e-01;6.714203e-02;4.416742e-02;6.936416e-02;4.537864e-02;1.311884e-02;1.998356e-02
6.772038e-02;1.442344e-01;3.347317e-01;4.295037e-02;2.521696e-02;1.083452e-01;8.463801e-02;4.322062e-02;5.294181e-02;4.469503e-02;1.126127e-02;4.004424e-02
5.300580e-02;1.163752e-01;3.894820e-01;4.926692e-02;2.428782e-02;6.429265e-02;8.428362e-02;4.802126e-02;5.238243e-02;3.735270e-02;7.105179e-03;7.414450e-02
4.231010e-02;9.300236e-02;3.952218e-01;4.967630e-02;2.651830e-02;4.166963e-02;7.509973e-02;6.348263e-02;5.746608e-02;3.960413e-02;1.784180e-02;9.810714e-02
4.834973e-02;9.368806e-02;3.934797e-01;5.476606e-02;2.018000e-02;3.275601e-02;7.082205e-02;4.791108e-02;7.048396e-02;4.251357e-02;2.614554e-02;9.890427e-02
5.983558e-02;1.013918e-01;3.675684e-01;4.957266e-02;3.795880e-02;5.031415e-02;8.007027e-02;4.150637e-02;6.499088e-02;3.730601e-02;4.307536e-02;6.640971e-02
7.718815e-02;9.884680e-02;2.663308e-01;4.173800e-02;4.376716e-02;5.609651e-02;1.643641e-01;6.323390e-02;4.464265e-02;5.525194e-02;5.029188e-02;3.824820e-02
4.663109e-02;8.692674e-02;1.065688e-01;6.305552e-02;7.828247e-02;6.767335e-02;1.633753e-01;7.348392e-02;8.997649e-02;8.132698e-02;5.965351e-02;8.304583e-02
4.733678e-02;8.686208e-02;2.561185e-01;5.981890e-02;6.677353e-02;8.379233e-02;1.025658e-01;4.727937e-02;9.146383e-02;5.099027e-02;4.205651e-02;6.494217e-02
6.885578e-02;7.480703e-02;2.711499e-01;5.257842e-02;5.783090e-02;9.811131e-02;1.337611e-01;3.792896e-02;4.568212e-02;5.552260e-02;5.603555e-02;4.773628e-02
7.187555e-02;3.025497e-02;1.473607e-01;5.787631e-02;9.501679e-02;1.176314e-01;1.154284e-01;6.282110e-02;9.065253e-02;9.389123e-02;7.313023e-02;4.406072e-02
6.889785e-02;4.293124e-02;1.026612e-01;7.051991e-02;1.066484e-01;1.011539e-01;1.206049e-01;5.623873e-02;1.053146e-01;1.002274e-01;7.964051e-02;4.516124e-02
5.220799e-02;4.949217e-02;1.227667e-01;9.986676e-02;1.105715e-01;7.130100e-02;9.974446e-02;5.939357e-02;8.614110e-02;9.261341e-02;1.098195e-01;4.608186e-02
5.158171e-02;6.979318e-02;1.586768e-01;8.973808e-02;1.028042e-01;6.018313e-02;5.464936e-02;6.809241e-02;8.272786e-02;6.140562e-02;1.466754e-01;5.367222e-02
1.060136e-01;1.141984e-01;8.384512e-02;5.010144e-02;8.459751e-02;3.811077e-02;1.098973e-01;8.088080e-02;7.315265e-02;4.956502e-02;1.460579e-01;6.357954e-02
1.523227e-01;7.433047e-02;1.608567e-01;7.987314e-02;7.236721e-02;3.998160e-02;1.124045e-01;9.065903e-02;5.950636e-02;3.620858e-02;6.510103e-02;5.638871e-02
1.885460e-01;8.570676e-02;1.673829e-01;7.380231e-02;7.853501e-02;3.791433e-02;9.607131e-02;8.502431e-02;4.362560e-02;4.333477e-02;5.105721e-02;4.899945e-02
2.144916e-01;8.061493e-02;1.506595e-01;6.317297e-02;8.689255e-02;4.073648e-02;1.120196e-01;8.138257e-02;3.474300e-02;6.162329e-02;4.036912e-02;3.329441e-02
1.799621e-01;5.859714e-02;1.001570e-01;1.185579e-01;8.941119e-02;4.521167e-02;1.438011e-01;7.869880e-02;2.362618e-02;8.783042e-02;2.996585e-02;4.418062e-02
1.184264e-01;5.361401e-02;5.123835e-02;1.862594e-01;9.124564e-02;4.676117e-02;1.700162e-01;9.098013e-02;2.318214e-02;1.039703e-01;1.119814e-02;5.310818e-02
7.397581e-02;7.357977e-02;5.102130e-02;2.131820e-01;8.268984e-02;3.756809e-02;1.837975e-01;8.624514e-02;3.300577e-02;1.021366e-01;1.353359e-02;4.926458e-02
4.443388e-02;7.129664e-02;6.258643e-02;2.333831e-01;5.969332e-02;3.172953e-02;1.974613e-01;8.603876e-02;2.935488e-02;1.053574e-01;2.251575e-02;5.614896e-02
3.415645e-02;9.598214e-02;2.684618e-02;2.326378e-01;4.654203e-02;3.232152e-02;2.250857e-01;6.995484e-02;2.919147e-02;1.153974e-01;2.407701e-02;6.780740e-02
3.827473e-02;1.315318e-01;5.344976e-02;1.738375e-01;3.590053e-02;2.081062e-02;2.440617e-01;4.394266e-02;3.984479e-02;1.082135e-01;2.267648e-02;8.745594e-02
5.343415e-02;1.455526e-01;6.735063e-02;1.218691e-01;3.063035e-02;1.971980e-02;2.394566e-01;4.831750e-02;2.411969e-02;1.015967e-01;2.990268e-02;1.180501e-01
6.161111e-02;1.312319e-01;5.347925e-02;1.046044e-01;2.636479e-02;2.116931e-02;2.430268e-01;3.637841e-02;3.525351e-02;1.056396e-01;2.243716e-02;1.588038e-01
4.978765e-02;8.946008e-02;6.393865e-02;9.900353e-02;1.899846e-02;1.676002e-02;2.413157e-01;3.089762e-02;6.364911e-02;1.017666e-01;5.161463e-02;1.728079e-01
2.949146e-02;5.082970e-02;6.634150e-02;9.110070e-02;2.163084e-02;2.719634e-02;2.625893e-01;2.218895e-02;8.623807e-02;1.043506e-01;7.597525e-02;1.620672e-01
2.552007e-02;3.046832e-02;7.067852e-02;7.405457e-02;2.417615e-02;3.184102e-02;3.140734e-01;1.839312e-02;1.318042e-01;9.167068e-02;6.663176e-02;1.206882e-01
2.976233e-02;2.346606e-02;8.908673e-02;7.273909e-02;2.597689e-02;4.340170e-02;3.610629e-01;5.956855e-02;1.178112e-01;5.741452e-02;4.440341e-02;7.530661e-02
2.774677e-02;1.839226e-02;1.214254e-01;1.017904e-01;3.359750e-02;7.360478e-02;3.894053e-01;6.112707e-02;5.998911e-02;3.188589e-02;3.702530e-02;4.401030e-02
4.291795e-02;3.033260e-02;1.738508e-01;1.166142e-01;3.361099e-02;6.063124e-02;3.048792e-01;4.793020e-02;6.520157e-02;5.854446e-02;3.183171e-02;3.365499e-02
4.012453e-02;3.705817e-02;1.493250e-01;1.434484e-01;4.290342e-02;5.343592e-02;2.412696e-01;4.895787e-02;5.691059e-02;9.508023e-02;4.173530e-02;4.975107e-02
4.175527e-02;3.369512e-02;1.633443e-01;1.498209e-01;6.549111e-02;3.985479e-02;2.293768e-01;4.660905e-02;4.284568e-02;9.929840e-02;3.736397e-02;5.054461e-02
3.805323e-02;2.689583e-02;1.403889e-01;1.362613e-01;8.028299e-02;3.784526e-02;2.766247e-01;5.224297e-02;3.187933e-02;7.297554e-02;4.029328e-02;6.625672e-02
4.496003e-02;3.613340e-02;1.082641e-01;7.570028e-02;7.800531e-02;4.672075e-02;3.080608e-01;6.324564e-02;6.454659e-02;4.229074e-02;4.131643e-02;9.075591e-02
6.086179e-02;3.297753e-02;1.365578e-01;3.749970e-02;9.051494e-02;7.959494e-02;2.098024e-01;7.560776e-02;7.732796e-02;7.157274e-02;4.526871e-02;8.241373e-02
5.538857e-02;2.031714e-02;1.615386e-01;8.272813e-02;8.932221e-02;7.889949e-02;1.266181e-01;8.328625e-02;1.112102e-01;7.081962e-02;5.615031e-02;6.372136e-02
3.003941e-02;2.386097e-02;1.758483e-01;6.492740e-02;8.591077e-02;8.771273e-02;1.793931e-01;6.841999e-02;9.499097e-02;9.178244e-02;3.777315e-02;5.934080e-02
