2.087099e-01;7.130929e-02;2.093840e-01;6.762825e-02;5.081524e-02;2.887264e-02;7.978611e-02;8.043214e-02;7.542400e-02;4.102855e-02;4.567235e-02;4.093746e-02
1.257579e-01;8.138386e-02;1.603715e-01;7.375035e-02;1.059230e-01;4.140672e-02;1.572295e-01;7.084778e-02;5.831204e-02;3.493460e-02;4.614798e-02;4.393469e-02
1.015949e-01;9.065055e-02;2.234920e-01;7.584359e-02;1.006120e-01;5.577021e-02;1.019317e-01;5.397969e-02;5.704221e-02;4.944036e-02;3.499363e-02;5.464920e-02
1.609448e-01;1.307105e-01;2.066444e-01;5.275831e-02;6.019050e-02;4.957404e-02;9.889852e-02;3.893616e-02;5.172634e-02;4.033531e-02;5.356070e-02;5.572046e-02
2.177025e-01;1.760935e-01;1.847399e-01;4.425800e-02;4.411767e-02;4.253481e-02;6.881940e-02;2.628937e-02;5.555720e-02;3.002817e-02;6.282555e-02;4.703382e-02
2.714323e-01;2.503264e-01;1.375701e-01;3.432648e-02;2.635177e-02;2.973651e-02;3.162315e-02;1.358056e-02;7.501782e-02;2.836833e-02;6.748193e-02;3.418474e-02
2.297857e-01;2.858955e-01;1.971023e-01;2.130352e-02;1.162588e-02;2.697671e-02;1.238833e-02;1.287352e-02;9.404819e-02;3.212887e-02;4.592634e-02;2.994525e-02
1.308796e-01;2.331824e-01;3.768424e-01;1.532779e-02;1.805918e-02;3.710783e-02;1.346862e-02;1.579644e-02;8.124998e-02;4.209583e-02;1.534693e-02;2.064305e-02
6.173247e-02;1.476116e-01;5.267816e-01;3.198982e-02;3.551417e-02;3.848000e-02;1.712389e-02;1.140933e-02;4.794522e-02;6.055275e-02;7.785220e-03;1.307394e-02
5.765684e-02;1.437233e-01;5.327816e-01;3.309987e-02;2.933518e-02;2.573978e-02;1.878747e-02;7.000069e-03;5.562507e-02;6.431643e-02;1.481049e-02;1.712389e-02
9.650280e-02;1.028434e-01;4.760057e-01;2.549461e-02;1.966971e-02;2.038570e-02;2.210813e-02;1.633134e-02;9.245399e-02;6.039666e-02;2.765982e-02;4.014805e-02
1.176469e-01;1.345522e-01;3.840577e-01;2.096483e-02;2.263996e-02;1.560367e-02;2.639538e-02;2.202304e-02;8.084273e-02;7.156375e-02;4.900267e-02;5.470725e-02
1.168924e-01;2.911280e-01;2.974464e-01;1.844831e-02;2.393871e-02;2.296273e-02;2.418843e-02;1.873988e-02;3.040240e-02;7.445506e-02;5.597784e-02;2.541984e-02
1.457230e-01;3.485511e-01;2.388473e-01;2.660588e-02;2.226019e-02;2.082026e-02;2.182082e-02;1.600378e-02;3.714895e-02;5.246793e-02;5.282576e-02;1.692508e-02
2.008180e-01;3.480838e-01;1.550011e-01;3.489263e-02;1.990922e-02;1.459880e-02;3.357191e-02;1.974863e-02;6.238099e-02;3.080525e-02;4.776600e-02;3.242359e-02
2.371562e-01;3.090146e-01;1.684181e-01;3.441099e-02;3.629730e-02;3.727664e-02;2.633621e-02;1.626128e-02;3.868292e-02;3.799088e-02;2.958873e-02;2.856618e-02
1.569190e-01;2.123345e-01;2.214116e-01;6.477154e-02;4.774830e-02;3.892043e-02;2.501181e-02;2.595539e-02;4.603505e-02;5.210249e-02;4.630883e-02;6.248096e-02
7.225634e-02;1.448177e-01;2.075455e-01;1.037042e-01;8.981795e-02;3.181785e-02;3.954818e-02;3.708838e-02;6.079064e-02;5.578322e-02;7.707950e-02;7.975054e-02
5.530589e-02;1.353212e-01;2.076758e-01;1.126704e-01;1.061379e-01;2.899823e-02;3.762864e-02;3.900040e-02;5.943596e-02;5.591776e-02;8.218260e-02;7.972521e-02
8.501981e-02;1.265409e-01;1.983468e-01;1.070562e-01;1.125551e-01;4.831854e-02;3.673157e-02;5.006175e-02;4.674096e-02;5.005472e-02;6.561244e-02;7.296123e-02
9.994608e-02;7.307076e-02;2.068768e-01;9.654687e-02;1.230885e-01;7.205396e-02;6.271734e-02;8.983710e-02;3.973816e-02;5.375207e-02;2.737417e-02;5.499807e-02
5.277763e-02;4.525400e-02;3.248956e-01;7.946820e-02;9.919006e-02;6.072281e-02;1.172507e-01;8.124692e-02;5.562456e-02;4.470708e-02;2.123063e-02;1.763180e-02
3.494499e-02;4.537523e-02;4.512690e-01;6.296960e-02;1.378521e-01;5.351476e-02;7.194027e-02;3.301796e-02;4.009762e-02;3.989002e-02;1.986653e-02;9.261962e-03
2.618008e-02;3.839980e-02;5.080460e-01;4.719881e-02;2.108754e-01;2.265013e-02;3.712155e-02;1.819828e-02;2.287391e-02;5.270312e-02;1.212385e-02;3.629141e-03
1.813493e-02;4.574083e-02;4.693920e-01;5.645053e-02;2.346980e-01;1.950992e-02;3.796810e-02;2.799020e-02;1.847805e-02;5.816563e-02;7.099593e-03;6.372286e-03
4.300495e-02;7.045521e-02;3.666107e-01;9.204751e-02;1.783390e-01;3.526779e-02;6.925515e-02;4.746090e-02;2.026866e-02;4.310598e-02;1.544223e-02;1.874195e-02
7.309350e-02;7.565238e-02;2.784882e-01;1.213299e-01;1.062592e-01;4.727145e-02;1.223645e-01;4.572820e-02;2.282698e-02;3.147592e-02;3.330056e-02;4.220925e-02
6.662983e-02;6.850552e-02;2.357741e-01;1.353579e-01;9.892768e-02;6.415094e-02;1.055931e-01;4.333702e-02;3.879989e-02;4.397287e-02;3.909991e-02;5.985119e-02
1.372963e-01;7.829483e-02;2.880640e-01;8.743656e-02;1.147759e-01;5.051557e-02;4.344272e-02;6.167278e-02;2.673657e-02;3.622299e-02;3.086878e-02;4.467308e-02
1.852262e-01;6.141636e-02;3.375685e-01;3.106343e-02;1.902202e-01;2.119219e-02;1.973705e-02;6.978719e-02;9.788630e-03;2.095032e-02;2.390646e-02;2.914350e-02
2.000412e-01;3.975223e-02;2.781624e-01;1.665379e-02;2.833923e-01;1.025800e-02;2.779995e-02;7.056062e-02;8.709781e-03;1.495051e-02;2.623331e-02;2.348591e-02
1.621968e-01;6.058480e-02;2.662980e-01;1.464060e-02;3.469178e-01;8.396435e-03;3.557052e-02;4.196571e-02;8.533038e-03;1.615456e-02;2.300822e-02;1.573355e-02
1.303857e-01;7.594959e-02;2.651883e-01;1.609708e-02;3.444360e-01;6.632791e-03;6.890932e-02;1.966331e-02;2.004015e-02;2.419442e-02;1.901616e-02;9.487117e-03
1.154649e-01;1.067041e-01;2.585960e-01;2.642986e-02;2.692867e-01;1.312547e-02;1.042895e-01;2.105797e-02;3.568384e-02;2.951432e-02;1.136656e-02;8.480616e-03
1.193934e-01;1.581480e-01;2.852082e-01;4.689259e-02;1.240814e-01;3.536199e-02;1.052736e-01;1.806913e-02;6.506134e-02;2.653669e-02;6.773493e-03;9.200184e-03
1.242615e-01;1.958295e-01;2.986395e-01;6.655741e-02;3.684393e-02;6.414957e-02;5.234210e-02;8.869387e-03;9.443786e-02;1.389742e-02;2.973596e-02;1.443588e-02
1.291537e-01;2.219866e-01;2.711850e-01;5.426824e-02;3.367291e-02;7.795456e-02;1.876343e-02;1.377862e-02;1.107446e-01;1.368480e-02;4.453782e-02;1.026975e-02
1.456537e-01;2.448809e-01;2.448942e-01;3.257351e-02;3.880982e-02;7.202066e-02;1.640179e-02;2.552172e-02;1.291786e-01;1.632857e-02;2.729337e-02;6.443233e-03
1.993451e-01;2.367902e-01;1.996969e-01;1.991679e-02;4.984938e-02;4.654914e-02;4.005006e-02;4.832295e-02;1.055212e-01;1.959631e-02;2.134831e-02;1.301375e-02
2.696527e-01;2.182609e-01;1.514444e-01;1.736130e-02;5.305995e-02;2.616915e-02;6.207436e-02;7.666522e-02;5.472822e-02;1.671633e-02;3.366624e-02;2.020120e-02
2.656416e-01;1.767058e-01;1.434665e-01;2.332501e-02;6.940632e-02;3.159966e-02;9.354990e-02;6.529930e-02;5.028076e-02;1.717240e-02;3.864799e-02;2.490480e-02
2.572016e-01;1.106474e-01;1.355285e-01;3.336051e-02;1.072056e-01;5.322561e-02;1.156857e-01;5.652753e-02;3.036752e-02;2.807542e-02;4.296752e-02;2.920708e-02
2.766416e-01;5.094314e-02;2.243543e-01;2.722160e-02;9.861011e-02;5.252609e-02;9.012522e-02;5.762016e-02;2.060297e-02;2.180832e-02;3.819341e-02;4.135299e-02
3.446743e-01;7.016686e-02;1.695918e-01;1.147986e-02;5.721205e-02;6.926466e-02;5.107342e-02;6.448687e-02;3.055294e-02;2.743731e-02;4.194704e-02;6.211284e-02
3.276718e-01;5.632738e-02;1.786094e-01;1.535878e-02;4.264529e-02;8.255173e-02;4.061076e-02;7.411274e-02;3.473273e-02;3.386026e-02;4.220048e-02;7.131861e-02
3.334469e-01;4.217808e-02;1.933942e-01;1.194488e-02;3.283653e-02;9.660115e-02;4.655030e-02;6.590179e-02;2.904752e-02;3.550853e-02;4.268748e-02;6.990265e-02
3.361877e-01;6.389784e-02;1.822579e-01;1.728236e-02;2.109233e-02;9.952860e-02;4.730578e-02;5.908727e-02;2.105567e-02;3.918553e-02;4.324186e-02;6.987723e-02
3.281846e-01;3.718967e-02;1.957142e-01;2.341306e-02;4.265424e-02;8.917891e-02;3.267254e-02;7.921386e-02;2.820762e-02;3.445429e-02;4.789593e-02;6.122111e-02
2.579424e-01;9.792525e-02;2.143404e-01;3.034301e-02;5.819844e-02;5.029792e-02;4.428895e-02;8.238468e-02;4.734507e-02;3.670199e-02;4.340418e-02;3.682771e-02
2.455834e-01;1.652745e-01;2.105279e-01;2.513259e-02;6.066136e-02;3.954578e-02;4.320929e-02;6.793857e-02;4.859068e-02;3.080706e-02;3.599367e-02;2.673530e-02
2.452530e-01;2.484170e-01;2.201814e-01;1.895574e-02;4.531645e-02;3.647826e-02;3.454919e-02;3.377735e-02;6.258669e-02;2.111313e-02;2.184211e-02;1.152973e-02
2.557541e-01;3.174242e-01;2.224766e-01;1.378180e-02;2.500908e-02;1.894530e-02;2.485157e-02;1.838582e-02;7.449947e-02;1.329030e-02;8.342056e-03;7.239679e-03
2.747692e-01;3.374884e-01;2.047390e-01;1.226833e-02;1.595311e-02;8.568958e-03;2.198683e-02;1.588471e-02;8.160131e-02;7.266006e-03;7.469744e-03;1.200438e-02
2.904522e-01;3.326712e-01;2.096203e-01;1.150334e-02;9.287305e-03;1.254321e-02;1.541627e-02;5.314785e-03;8.593792e-02;6.632208e-03;6.215690e-03;1.440557e-02
3.031699e-01;2.989518e-01;2.015290e-01;1.065049e-02;8.592596e-03;1.123529e-02;2.530041e-02;2.073077e-02;7.957949e-02;6.785647e-03;6.963221e-03;2.651134e-02
2.966913e-01;2.427613e-01;1.549509e-01;1.052074e-02;1.670882e-02;2.077037e-02;6.372117e-02;4.437210e-02;7.430001e-02;1.428080e-02;2.576871e-02;3.515372e-02
2.809486e-01;1.682623e-01;1.597822e-01;1.410208e-02;3.851087e-02;2.626971e-02;7.301707e-02;7.407340e-02;6.065535e-02;1.972270e-02;5.317039e-02;3.148537e-02
2.673556e-01;6.635725e-02;2.795543e-01;1.758608e-02;5.562244e-02;1.940756e-02;3.993174e-02;1.141620e-01;3.458043e-02;1.684557e-02;5.584635e-02;3.275066e-02
2.746768e-01;7.122652e-02;2.738260e-01;1.519285e-02;4.836446e-02;1.602195e-02;2.794354e-02;1.307673e-01;3.920858e-02;2.004445e-02;4.273011e-02;3.999739e-02
2.859053e-01;9.581098e-02;2.161336e-01;2.532306e-02;4.315702e-02;2.958529e-02;2.801099e-02;1.048679e-01;2.953775e-02;3.249422e-02;5.005136e-02;5.912256e-02
2.987245e-01;7.910138e-02;1.014941e-01;2.908037e-02;4.251229e-02;5.550542e-02;4.488390e-02;6.795783e-02;4.306193e-02;6.714141e-02;6.738657e-02;1.031502e-01
2.762405e-01;1.064933e-01;1.542216e-01;5.072204e-02;7.140370e-02;3.558065e-02;5.542452e-02;3.885780e-02;4.070210e-02;5.145610e-02;4.380848e-02;7.508925e-02
2.312519e-01;1.578890e-01;2.266364e-01;4.119207e-02;6.715714e-02;4.361638e-02;6.107485e-02;2.930076e-02;5.347560e-02;2.568152e-02;2.477576e-02;3.794865e-02
1.587283e-01;1.919320e-01;3.166704e-01;2.922978e-02;3.810427e-02;5.271197e-02;5.582327e-02;2.795916e-02;7.165847e-02;2.541113e-02;9.450669e-03;2.232058e-02
9.731138e-02;1.699860e-01;3.605423e-01;3.210802e-02;3.499607e-02;5.666278e-02;7.285624e-02;2.557859e-02;7.216715e-02;4.570359e-02;1.282115e-02;1.926672e-02
9.512420e-02;1.139108e-01;3.035742e-01;4.972611e-02;5.527421e-02;7.727698e-02;9.547000e-02;4.183054e-02;5.335122e-02;6.016479e-02;2.536851e-02;2.892849e-02
7.264868e-02;9.468769e-02;2.472534e-01;4.913804e-02;6.662524e-02;5.717680e-02;1.026373e-01;4.707563e-02;5.182551e-02;9.807696e-02;5.900285e-02;5.385183e-02
1.463205e-01;1.311451e-01;2.029732e-01;3.687559e-02;5.042638e-02;2.649388e-02;9.226315e-02;3.634247e-02;6.660485e-02;8.781350e-02;7.437963e-02;4.836168e-02
1.470048e-01;1.888304e-01;2.230932e-01;3.435043e-02;3.206395e-02;4.307245e-02;7.007238e-02;2.915776e-02;8.252406e-02;4.310215e-02;5.902555e-02;4.770286e-02
1.137173e-01;2.452250e-01;2.509473e-01;3.791558e-02;1.393306e-02;7.066343e-02;3.479062e-02;1.582067e-02;1.032680e-01;1.545279e-02;3.420646e-02;6.405970e-02
9.782059e-02;2.537093e-01;2.831034e-01;3.789674e-02;9.535846e-03;7.559022e-02;1.570264e-02;1.153007e-02;1.125456e-01;9.056914e-03;1.919862e-02;7.431006e-02
1.309192e-01;2.234063e-01;2.600775e-01;3.575181e-02;2.137266e-02;5.575710e-02;2.382326e-02;1.676406e-02;1.025928e-01;2.311479e-02;4.905795e-02;5.736257e-02
1.739131e-01;1.922204e-01;1.778982e-01;3.527307e-02;3.305253e-02;3.342587e-02;3.562143e-02;3.357465e-02;7.950218e-02;7.065674e-02;8.705287e-02;4.780905e-02
1.073060e-01;1.720680e-01;1.414660e-01;4.014755e-02;2.764952e-02;3.449498e-02;5.405663e-02;3.727231e-02;1.000369e-01;1.216199e-01;1.047176e-01;5.916469e-02
6.083288e-02;1.325228e-01;1.739825e-01;3.171353e-02;2.466908e-02;4.812807e-02;5.957164e-02;4.105201e-02;1.196681e-01;1.046045e-01;1.487975e-01;5.445751e-02
2.825604e-02;1.237662e-01;1.443878e-01;2.685237e-02;3.019757e-02;7.116225e-02;6.229065e-02;4.978119e-02;9.737032e-02;1.076607e-01;2.077734e-01;5.050147e-02
6.020263e-02;1.287701e-01;7.810005e-02;3.625888e-02;4.394475e-02;6.713209e-02;6.912059e-02;6.320892e-02;6.090458e-02;1.627961e-01;1.905627e-01;3.899867e-02
3.162071e-02;1.425113e-01;6.221324e-02;3.638589e-02;6.565870e-02;6.294127e-02;6.067487e-02;7.928120e-02;6.097904e-02;1.849133e-01;1.552621e-01;5.755840e-02
7.802954e-02;1.508250e-01;8.800189e-02;3.222026e-02;5.984668e-02;6.012304e-02;3.562316e-02;6.419040e-02;7.823148e-02;1.771013e-01;1.340478e-01;4.175953e-02
1.136014e-01;1.550393e-01;1.363644e-01;3.806132e-02;4.626449e-02;6.172388e-02;5.024106e-02;4.494088e-02;8.203043e-02;1.303196e-01;9.525551e-02;4.615781e-02
9.698573e-02;1.454206e-01;2.168490e-01;4.483920e-02;4.796599e-02;5.121417e-02;8.353564e-02;3.616207e-02;6.302487e-02;1.034064e-01;7.523139e-02;3.536484e-02
8.573601e-02;1.281685e-01;2.268260e-01;5.709101e-02;5.615094e-02;5.323992e-02;7.008827e-02;5.836106e-02;5.175697e-02;9.060173e-02;6.982707e-02;5.215253e-02
1.025487e-01;1.175250e-01;1.726955e-01;6.003895e-02;6.451830e-02;4.431497e-02;7.011341e-02;8.257539e-02;7.407943e-02;8.397610e-02;6.917436e-02;5.843998e-02
1.063139e-01;9.837936e-02;1.389051e-01;4.856069e-02;7.523950e-02;3.876523e-02;8.500487e-02;9.506161e-02;7.300600e-02;8.857239e-02;7.202633e-02;8.016492e-02
9.772050e-02;1.031294e-01;1.094565e-01;5.410439e-02;8.055746e-02;4.735157e-02;8.265602e-02;8.994983e-02;7.139371e-02;7.256404e-02;9.092108e-02;1.001955e-01
7.790086e-02;1.202476e-01;1.244635e-01;7.111163e-02;6.036513e-02;5.126472e-02;9.551770e-02;8.517735e-02;8.487248e-02;5.129750e-02;8.821145e-02;8.957010e-02
7.067811e-02;1.156106e-01;1.411559e-01;7.145267e-02;6.590951e-02;5.902319e-02;2.480815e-01;4.498091e-02;4.835517e-02;4.338565e-02;3.479646e-02;5.657030e-02
9.337167e-02;1.039712e-01;2.225009e-01;4.681738e-02;6.602213e-02;6.170802e-02;2.217831e-01;3.706196e-02;3.877479e-02;4.950675e-02;2.261403e-02;3.586808e-02
9.932452e-02;1.037156e-01;3.023837e-01;4.160907e-02;6.030463e-02;4.987363e-02;1.577027e-01;3.829156e-02;3.553781e-02;5.380927e-02;2.566244e-02;3.178502e-02
1.041883e-01;1.484429e-01;3.556367e-01;3.850710e-02;4.546533e-02;3.858979e-02;6.530450e-02;3.534492e-02;4.359989e-02;4.967883e-02;3.613521e-02;3.910656e-02
1.063705e-01;2.355875e-01;3.177768e-01;2.839031e-02;2.963718e-02;2.739016e-02;3.881094e-02;3.080112e-02;5.778963e-02;3.414130e-02;4.739014e-02;4.591444e-02
2.415358e-01;2.644228e-01;1.841549e-01;2.859026e-02;1.795207e-02;1.881617e-02;5.052641e-02;3.327451e-02;4.914356e-02;2.629576e-02;4.690772e-02;3.838013e-02
3.062716e-01;2.235379e-01;1.613434e-01;2.571877e-02;2.395734e-02;3.380443e-02;4.746376e-02;2.377841e-02;4.898735e-02;3.389219e-02;4.310698e-02;2.813782e-02
2.537620e-01;2.119112e-01;2.016121e-01;2.142525e-02;2.586666e-02;3.975027e-02;6.693693e-02;1.932087e-02;6.221474e-02;5.417164e-02;2.923940e-02;1.378889e-02
2.155119e-01;2.388338e-01;2.070296e-01;1.574101e-02;1.384469e-02;2.270897e-02;6.302498e-02;1.921440e-02;8.047667e-02;5.723998e-02;4.713482e-02;1.923923e-02
1.620507e-01;2.613608e-01;2.380787e-01;1.325874e-02;1.030254e-02;3.905544e-02;3.405494e-02;1.418198e-02;1.180644e-01;4.248049e-02;4.029695e-02;2.681439e-02
5.761812e-02;2.882181e-01;2.537112e-01;2.721415e-02;2.718196e-02;4.460659e-02;5.339804e-02;2.376424e-02;1.074893e-01;2.385442e-02;3.249194e-02;6.045192e-02
1.238968e-01;3.072570e-01;2.339668e-01;3.119510e-02;2.648373e-02;2.454769e-02;5.143223e-02;3.128339e-02;6.519288e-02;1.585405e-02;3.191229e-02;5.697808e-02
1.509744e-01;3.222410e-01;2.471156e-01;2.217892e-02;1.458251e-02;2.049691e-02;2.664925e-02;2.995834e-02;5.669082e-02;1.879580e-02;1.985723e-02;7.045922e-02
1.010879e-01;2.528435e-01;3.525561e-01;2.004589e-02;1.453403e-02;1.777900e-02;1.096782e-02;2.488306e-02;4.390321e-02;2.191590e-02;1.721827e-02;1.222653e-01
5.339605e-02;1.534064e-01;4.012693e-01;3.624750e-02;2.868429e-02;2.374849e-02;1.185601e-02;2.473024e-02;4.487233e-02;3.389984e-02;3.812410e-02;1.497655e-01
9.519676e-02;1.256875e-01;3.595865e-01;5.305989e-02;3.493927e-02;2.694849e-02;1.602043e-02;2.984498e-02;4.880254e-02;3.660328e-02;4.716501e-02;1.261454e-01
1.432512e-01;2.189998e-01;3.130676e-01;4.854115e-02;2.947900e-02;2.601103e-02;2.897734e-02;2.964537e-02;2.925003e-02;4.056052e-02;3.617973e-02;5.603729e-02
1.119318e-01;2.695839e-01;3.038529e-01;3.645960e-02;2.636697e-02;3.232241e-02;3.277198e-02;2.296860e-02;3.996886e-02;5.110925e-02;3.420008e-02;3.846360e-02
6.267477e-02;2.542123e-01;2.839910e-01;4.329545e-02;3.799636e-02;3.748363e-02;4.306973e-02;2.827046e-02;6.410033e-02;5.075601e-02;3.529578e-02;5.885406e-02
1.277998e-01;2.437640e-01;1.700947e-01;4.729763e-02;5.879030e-02;2.772859e-02;5.706866e-02;2.939726e-02;7.173856e-02;5.138391e-02;3.158194e-02;8.335463e-02
1.491560e-01;1.679210e-01;1.750139e-01;5.407292e-02;7.031990e-02;2.521599e-02;5.828799e-02;4.699984e-02;5.044272e-02;7.687909e-02;5.478551e-02;7.090504e-02
1.400255e-01;1.162748e-01;2.126330e-01;5.397492e-02;8.035123e-02;2.039305e-02;8.130021e-02;5.338889e-02;4.462555e-02;7.895113e-02;7.144904e-02;4.663267e-02
1.500460e-01;1.364700e-01;2.375164e-01;4.550060e-02;7.111560e-02;2.162673e-02;6.981687e-02;4.068720e-02;6.084507e-02;6.309914e-02;6.450249e-02;3.877386e-02
1.324019e-01;1.756628e-01;2.703484e-01;5.935086e-02;4.874751e-02;4.151446e-02;4.823938e-02;2.690401e-02;7.235785e-02;4.974873e-02;4.426336e-02;3.046069e-02
9.731169e-02;1.442634e-01;2.673391e-01;3.760837e-02;7.099184e-02;7.209958e-02;4.127837e-02;4.460824e-02;8.741011e-02;5.230118e-02;4.147642e-02;4.331161e-02
7.964426e-02;1.126831e-01;2.028671e-01;4.281868e-02;7.143709e-02;8.627255e-02;5.086523e-02;7.242419e-02;8.827417e-02;7.056005e-02;4.940630e-02;7.274733e-02
9.178067e-02;1.210921e-01;1.539471e-01;6.719872e-02;4.669082e-02;6.353822e-02;4.770290e-02;1.047719e-01;6.333957e-02;8.835375e-02;6.666178e-02;8.492249e-02
1.101191e-01;6.613326e-02;2.024748e-01;5.648802e-02;6.070838e-02;6.252046e-02;8.054686e-02;8.958036e-02;3.712418e-02;8.724546e-02;6.758925e-02;7.946985e-02
1.194705e-01;9.200227e-02;2.396601e-01;5.118024e-02;5.466903e-02;3.858346e-02;9.616470e-02;4.929876e-02;7.676581e-02;6.701545e-02;5.517935e-02;6.001038e-02
1.496736e-01;1.668702e-01;2.457700e-01;4.029593e-02;3.658319e-02;2.337205e-02;6.054922e-02;2.601323e-02;9.333733e-02;5.963175e-02;5.086398e-02;4.703949e-02
2.032177e-01;2.821726e-01;2.050622e-01;2.252355e-02;2.135431e-02;1.367271e-02;3.327870e-02;1.955272e-02;8.967836e-02;4.028195e-02;3.739325e-02;3.181200e-02
2.974918e-01;4.016980e-01;1.195810e-01;1.099779e-02;1.967733e-02;4.136618e-03;1.901989e-02;3.482759e-02;4.271904e-02;1.209951e-02;1.834942e-02;1.940205e-02
3.825824e-01;3.651677e-01;6.353085e-02;1.173329e-02;2.969548e-02;1.790432e-02;1.847465e-02;5.092615e-02;1.995131e-02;8.523772e-03;1.526203e-02;1.624798e-02
3.666280e-01;2.668255e-01;7.362296e-02;1.075998e-02;3.686960e-02;5.422198e-02;2.940736e-02;5.897156e-02;5.666420e-02;9.429846e-03;2.256238e-02;1.403669e-02
3.201359e-01;2.047488e-01;7.001892e-02;9.613609e-03;3.942177e-02;5.861204e-02;4.415781e-02;8.245093e-02;1.062292e-01;1.217428e-02;4.196950e-02;1.046729e-02
3.118636e-01;1.389908e-01;6.578952e-02;9.274675e-03;4.417412e-02;2.215370e-02;3.974652e-02;9.524263e-02;1.445035e-01;2.527073e-02;7.571331e-02;2.727685e-02
2.842442e-01;1.050696e-01;8.992698e-02;1.604086e-02;5.228350e-02;1.165664e-02;3.538952e-02;7.753862e-02;1.197731e-01;3.280120e-02;1.213531e-01;5.392280e-02
2.699997e-01;1.022930e-01;7.671558e-02;2.223030e-02;4.514525e-02;2.520299e-02;5.796649e-02;6.782161e-02;8.338563e-02;3.577639e-02;1.511797e-01;6.228346e-02
2.430754e-01;7.023154e-02;1.922591e-01;2.543976e-02;4.066470e-02;3.752746e-02;7.273669e-02;6.709284e-02;5.881603e-02;3.088792e-02;1.120182e-01;4.925023e-02
3.112620e-01;9.337588e-02;2.237030e-01;2.213435e-02;4.600891e-02;2.884052e-02;4.258950e-02;7.163968e-02;4.912558e-02;1.922158e-02;4.617243e-02;4.592663e-02
3.562226e-01;1.413152e-01;1.721993e-01;1.311950e-02;4.158550e-02;1.909349e-02;3.256064e-02;1.000110e-01;3.320355e-02;9.988093e-03;3.979247e-02;4.090855e-02
3.564270e-01;1.371094e-01;1.658305e-01;1.617586e-02;1.979499e-02;2.738256e-02;3.595145e-02;1.154099e-01;3.807944e-02;1.443836e-02;2.788855e-02;4.551201e-02
3.123827e-01;7.505707e-02;2.052592e-01;2.914228e-02;3.858098e-02;4.220784e-02;3.751461e-02;9.961523e-02;4.530168e-02;2.860607e-02;4.016257e-02;4.616966e-02
2.782905e-01;8.411576e-02;2.248157e-01;3.315364e-02;4.590539e-02;5.352839e-02;3.545370e-02;8.940108e-02;4.512106e-02;2.326375e-02;4.042738e-02;4.652364e-02
2.792415e-01;1.060789e-01;2.421991e-01;2.054032e-02;6.430469e-02;3.356430e-02;3.892964e-02;9.612486e-02;3.906840e-02;1.200900e-02;3.491038e-02;3.302891e-02
2.763487e-01;1.189255e-01;2.881342e-01;1.353427e-02;6.389557e-02;1.357779e-02;4.737650e-02;6.778185e-02;3.427674e-02;1.143606e-02;4.249712e-02;2.221575e-02
2.361917e-01;1.201721e-01;2.816074e-01;2.559814e-02;5.935575e-02;1.399879e-02;4.916010e-02;6.063631e-02;4.126434e-02;2.496796e-02;4.703772e-02;4.000961e-02
1.832710e-01;1.250690e-01;2.053499e-01;3.812698e-02;5.486415e-02;2.746777e-02;5.827270e-02;7.734430e-02;4.306884e-02;4.975442e-02;6.487396e-02;7.253709e-02
1.378921e-01;1.217583e-01;1.481959e-01;3.940786e-02;5.648199e-02;3.814457e-02;6.740274e-02;6.489974e-02;5.005210e-02;9.345774e-02;1.223193e-01;5.998766e-02
1.138341e-01;7.913280e-02;1.629223e-01;2.814203e-02;8.117446e-02;4.695275e-02;5.045640e-02;5.812345e-02;7.668360e-02;1.198137e-01;1.303018e-01;5.246258e-02
1.467318e-01;7.185952e-02;1.241925e-01;2.635132e-02;9.129841e-02;4.390045e-02;7.253952e-02;4.997471e-02;7.965939e-02;1.191198e-01;1.113652e-01;6.300750e-02
1.788996e-01;6.941178e-02;9.028253e-02;3.015311e-02;8.599276e-02;4.315956e-02;8.621909e-02;3.998712e-02;8.656396e-02;1.234308e-01;1.022396e-01;6.366010e-02
1.843155e-01;8.859032e-02;1.347828e-01;4.052098e-02;5.375728e-02;6.397747e-02;6.565528e-02;7.064398e-02;7.447753e-02;7.991467e-02;7.041700e-02;7.294723e-02
1.629725e-01;1.296459e-01;1.805711e-01;5.582773e-02;4.399325e-02;5.755119e-02;4.378669e-02;8.530807e-02;7.463077e-02;6.680688e-02;4.560147e-02;5.330441e-02
1.478245e-01;1.488606e-01;2.004599e-01;4.273008e-02;4.537607e-02;4.481171e-02;4.546543e-02;9.274343e-02;5.905722e-02;7.121114e-02;3.520904e-02;6.625089e-02
1.539130e-01;9.831431e-02;1.000696e-01;5.485706e-02;9.625879e-02;4.411032e-02;5.664546e-02;9.058334e-02;8.362708e-02;7.870336e-02;4.514042e-02;9.777723e-02
1.422452e-01;1.130943e-01;6.025938e-02;4.903856e-02;9.654424e-02;3.923361e-02;8.710984e-02;6.673618e-02;1.499933e-01;6.531397e-02;4.351515e-02;8.691631e-02
1.078628e-01;1.118032e-01;9.385090e-02;5.320192e-02;6.943741e-02;3.125028e-02;1.083832e-01;6.734788e-02;1.556833e-01;8.461588e-02;3.820266e-02;7.836070e-02
7.597812e-02;1.001988e-01;1.046738e-01;6.177453e-02;4.663014e-02;3.886627e-02;1.296390e-01;9.764334e-02;1.023419e-01;8.146808e-02;5.464247e-02;1.061435e-01
8.248327e-02;8.914915e-02;8.647581e-02;5.289809e-02;5.423367e-02;5.251504e-02;1.251487e-01;9.168956e-02;9.984820e-02;7.041259e-02;9.004744e-02;1.050984e-01
8.302126e-02;8.131307e-02;8.780249e-02;8.047225e-02;6.332598e-02;6.209965e-02;1.202380e-01;6.042194e-02;9.352418e-02;7.518462e-02;1.050019e-01;8.759467e-02
1.206769e-01;7.606048e-02;6.601846e-02;1.156380e-01;7.209188e-02;6.520702e-02;1.019588e-01;4.402726e-02;8.165574e-02;8.139274e-02;1.010599e-01;7.421289e-02
9.649806e-02;6.223619e-02;1.170575e-01;8.023906e-02;6.436239e-02;6.427554e-02;9.185635e-02;7.017072e-02;8.125841e-02;8.607718e-02;1.325606e-01;5.340801e-02
6.358633e-02;9.422496e-02;1.000482e-01;6.509943e-02;5.388608e-02;7.167929e-02;1.194009e-01;7.421288e-02;1.011710e-01;1.036264e-01;1.044145e-01;4.864995e-02
5.158903e-02;1.070218e-01;1.437831e-01;6.324559e-02;5.525538e-02;5.453483e-02;1.532176e-01;4.188172e-02;6.101405e-02;8.466344e-02;7.678428e-02;1.070092e-01
9.674579e-02;1.020455e-01;1.832008e-01;3.491074e-02;5.512967e-02;5.366001e-02;1.712944e-01;2.931339e-02;4.200871e-02;5.943751e-02;6.554516e-02;1.067083e-01
1.315980e-01;1.187877e-01;1.995695e-01;3.593113e-02;4.557286e-02;5.777321e-02;1.353162e-01;2.944703e-02;5.768666e-02;5.013482e-02;5.209623e-02;8.608668e-02
1.749117e-01;1.573762e-01;1.960234e-01;3.331722e-02;3.244056e-02;5.457163e-02;9.508855e-02;3.043425e-02;6.903666e-02;3.869291e-02;5.439465e-02;6.371222e-02
2.567909e-01;1.945450e-01;1.275691e-01;2.703459e-02;3.224712e-02;4.240660e-02;7.710421e-02;5.741522e-02;5.565166e-02;2.650046e-02;6.398337e-02;3.875171e-02
2.973831e-01;1.957783e-01;8.542365e-02;1.446321e-02;7.751986e-02;3.975160e-02;6.930197e-02;9.668253e-02;4.787571e-02;2.219963e-02;4.029778e-02;1.332257e-02
3.028696e-01;1.636633e-01;1.009591e-01;1.724098e-02;1.229593e-01;4.643238e-02;7.141859e-02;8.481462e-02;4.267180e-02;1.462771e-02;1.736750e-02;1.497515e-02
3.487883e-01;1.278891e-01;7.817166e-02;2.013639e-02;1.588933e-01;3.693863e-02;7.722171e-02;7.678692e-02;2.482604e-02;1.213951e-02;1.151574e-02;2.669278e-02
3.774000e-01;1.092445e-01;8.845910e-02;1.646801e-02;1.779133e-01;1.837973e-02;5.554010e-02;8.672432e-02;2.320360e-02;7.687590e-03;1.113165e-02;2.784822e-02
3.810122e-01;1.049912e-01;1.024441e-01;1.101599e-02;1.584335e-01;2.402356e-02;3.722643e-02;9.719421e-02;2.358475e-02;8.936751e-03;1.827829e-02;3.285894e-02
3.546709e-01;8.293591e-02;1.045428e-01;2.942558e-02;1.239504e-01;5.202095e-02;3.038101e-02;9.788357e-02;3.259954e-02;2.302308e-02;2.302753e-02;4.553868e-02
2.967186e-01;6.044655e-02;1.012852e-01;5.523350e-02;5.772959e-02;7.512433e-02;6.754292e-02;1.255154e-01;3.270045e-02;4.024199e-02;2.760063e-02;5.986085e-02
2.281401e-01;5.355166e-02;9.412391e-02;7.517628e-02;3.355074e-02;6.288511e-02;6.573895e-02;1.588112e-01;3.600826e-02;7.113987e-02;4.893161e-02;7.194232e-02
1.408874e-01;7.406452e-02;7.889857e-02;1.355212e-01;3.825406e-02;3.665701e-02;6.396279e-02;1.130942e-01;3.302745e-02;1.188489e-01;7.173187e-02;9.505212e-02
5.807170e-02;1.213501e-01;8.794408e-02;1.620881e-01;3.414381e-02;3.247553e-02;5.943257e-02;5.390454e-02;3.321275e-02;1.334167e-01;8.433226e-02;1.396277e-01
1.113989e-01;1.243203e-01;9.697844e-02;8.178242e-02;8.013177e-02;5.062183e-02;4.729879e-02;6.403551e-02;4.772240e-02;9.903879e-02;9.226019e-02;1.044107e-01
1.128897e-01;7.857791e-02;9.722865e-02;7.933617e-02;1.022299e-01;1.004312e-01;7.811665e-02;8.451084e-02;7.332830e-02;8.062827e-02;7.719325e-02;3.552915e-02
1.048555e-01;3.793639e-02;7.455339e-02;5.718996e-02;7.323699e-02;1.195406e-01;1.258369e-01;9.578744e-02;1.033669e-01;1.132460e-01;5.034526e-02;4.410478e-02
1.132977e-01;5.859641e-02;7.708987e-02;3.937037e-02;1.512455e-01;7.652360e-02;9.203075e-02;8.560424e-02;9.591211e-02;9.227171e-02;3.717211e-02;8.088563e-02
9.533711e-02;7.511932e-02;6.494969e-02;2.534831e-02;1.705224e-01;1.030212e-01;7.584634e-02;1.237351e-01;6.503109e-02;8.525986e-02;2.866686e-02;8.716279e-02
1.001378e-01;1.864984e-01;3.302227e-02;1.661938e-02;1.085002e-01;1.622599e-01;6.192620e-02;1.301263e-01;5.289280e-02;8.529767e-02;1.783844e-02;4.488060e-02
9.155578e-02;2.251502e-01;4.442369e-02;4.877112e-02;4.504582e-02;1.399791e-01;6.148422e-02;1.080267e-01;6.009706e-02;7.591973e-02;7.108150e-02;2.846502e-02
9.226886e-02;1.415423e-01;8.513056e-02;5.370517e-02;3.776290e-02;8.372412e-02;7.181309e-02;7.914080e-02;8.954335e-02;8.033348e-02;1.317566e-01;5.327872e-02
9.715078e-02;8.947567e-02;1.752572e-01;4.688600e-02;3.734440e-02;4.554524e-02;8.314071e-02;7.039016e-02;1.085167e-01;7.952885e-02;1.151099e-01;5.165442e-02
1.501649e-01;9.501360e-02;2.220571e-01;4.904693e-02;5.513895e-02;3.567215e-02;8.090626e-02;9.175999e-02;9.344992e-02;4.194560e-02;4.858826e-02;3.625638e-02
2.825882e-01;9.735954e-02;1.672398e-01;4.923251e-02;6.918321e-02;3.319601e-02;6.947237e-02;1.094076e-01;5.308263e-02;1.592142e-02;2.177084e-02;3.154579e-02
4.209770e-01;6.043860e-02;1.275560e-01;3.457325e-02;5.344736e-02;1.891960e-02;4.800924e-02;1.205508e-01;2.491887e-02;1.799537e-02;2.084736e-02;5.176661e-02
4.894564e-01;5.698084e-02;1.309842e-01;1.832320e-02;2.424941e-02;6.228187e-03;4.914028e-02;1.160024e-01;1.358457e-02;1.398365e-02;1.986850e-02;6.119836e-02
5.008003e-01;8.195929e-02;8.969916e-02;1.886026e-02;3.339268e-02;9.172729e-03;4.901828e-02;9.703479e-02;1.540736e-02;1.473714e-02;1.396741e-02;7.595061e-02
4.773676e-01;6.695401e-02;6.190462e-02;4.728938e-02;2.965976e-02;1.370478e-02;6.580164e-02;7.132129e-02;1.133805e-02;2.782136e-02;1.580218e-02;1.110353e-01
4.482545e-01;4.844327e-02;4.635962e-02;9.191924e-02;2.004879e-02;1.521473e-02;9.118877e-02;4.079081e-02;6.407814e-03;2.948306e-02;1.490472e-02;1.469847e-01
3.918786e-01;8.635319e-02;3.329997e-02;1.173641e-01;3.063350e-02;1.733868e-02;1.051849e-01;2.914733e-02;4.725180e-03;1.709726e-02;1.116795e-02;1.558093e-01
2.835859e-01;1.048954e-01;3.845085e-02;1.163725e-01;4.529778e-02;2.878485e-02;1.610897e-01;2.921431e-02;9.771143e-03;8.188574e-03;2.327707e-02;1.510719e-01
1.068122e-01;9.457150e-02;5.789690e-02;9.327535e-02;4.054854e-02;6.065981e-02;2.779354e-01;3.558921e-02;2.042282e-02;1.363552e-02;4.949706e-02;1.491557e-01
7.439976e-02;5.584678e-02;6.855955e-02;3.907384e-02;4.743463e-02;8.456892e-02;3.319374e-01;3.810826e-02;4.205397e-02;1.390016e-02;7.110275e-02;1.330140e-01
6.165051e-02;1.519788e-02;8.929376e-02;1.444290e-02;5.323972e-02;1.769037e-01;2.734870e-01;4.034410e-02;6.173159e-02;1.464044e-02;8.679119e-02;1.122771e-01
4.468188e-02;1.211389e-02;1.290179e-01;3.370845e-02;4.705606e-02;2.367746e-01;1.935045e-01;3.009878e-02;7.954354e-02;2.353080e-02;1.071159e-01;6.285362e-02
4.109898e-02;1.640810e-02;1.788893e-01;1.861060e-02;5.401216e-02;2.485822e-01;1.523266e-01;2.653675e-02;7.905574e-02;3.283054e-02;1.273101e-01;2.433901e-02
3.196550e-02;1.895644e-02;2.025603e-01;1.685476e-02;6.623451e-02;2.406463e-01;1.303416e-01;1.332934e-02;7.201577e-02;3.855966e-02;1.307713e-01;3.776449e-02
3.031614e-02;2.336234e-02;2.533819e-01;3.302656e-02;6.171386e-02;1.733298e-01;1.514044e-01;1.359439e-02;6.037103e-02;3.298689e-02;1.083242e-01;5.818851e-02
4.740763e-02;2.744495e-02;2.965108e-01;6.683503e-02;3.854679e-02;1.026244e-01;1.889674e-01;2.831177e-02;3.688248e-02;2.319862e-02;6.970901e-02;7.356120e-02
2.707909e-02;6.005879e-02;2.634988e-01;8.672141e-02;2.659512e-02;6.071050e-02;2.114323e-01;2.461257e-02;2.438824e-02;2.240804e-02;8.651362e-02;1.059816e-01
2.964467e-02;7.190091e-02;1.315929e-01;6.704915e-02;2.176072e-02;4.889176e-02;2.230899e-01;1.380854e-02;2.031782e-02;3.584895e-02;1.685348e-01;1.675599e-01
2.899582e-02;3.702845e-02;8.536193e-02;2.746711e-02;2.371748e-02;6.208353e-02;2.279259e-01;1.636360e-02;1.915135e-02;6.421651e-02;2.101022e-01;1.975861e-01
5.413515e-02;3.833823e-02;9.529951e-02;3.445144e-02;2.504700e-02;8.956116e-02;2.214100e-01;2.124804e-02;3.172462e-02;7.041466e-02;1.276238e-01;1.907464e-01
5.900150e-02;3.650869e-02;1.149233e-01;4.771298e-02;2.228557e-02;1.232101e-01;2.199502e-01;2.990375e-02;3.056286e-02;5.922768e-02;9.534094e-02;1.613724e-01
5.131699e-02;3.216596e-02;1.024347e-01;4.700400e-02;3.036659e-02;1.425177e-01;2.235974e-01;1.553363e-02;2.771583e-02;6.304408e-02;1.316784e-01;1.326247e-01
6.897282e-02;1.593269e-02;7.144412e-02;4.385345e-02;4.051336e-02;1.463485e-01;2.193634e-01;1.961502e-02;3.515413e-02;8.465655e-02;1.304857e-01;1.236603e-01
5.338084e-02;1.932973e-02;1.459049e-01;4.160244e-02;2.998684e-02;1.263311e-01;2.008476e-01;1.880538e-02;2.692642e-02;8.742451e-02;1.374014e-01;1.120589e-01
3.123339e-02;2.555800e-02;2.068491e-01;4.822753e-02;2.909041e-02;1.018668e-01;1.796166e-01;3.622475e-02;2.354436e-02;7.553975e-02;1.393036e-01;1.029458e-01
3.391455e-02;3.667196e-02;2.409139e-01;4.518734e-02;3.789500e-02;7.906170e-02;1.398309e-01;3.397676e-02;3.334345e-02;7.397840e-02;1.309149e-01;1.143112e-01
3.033211e-02;5.247530e-02;2.562805e-01;4.389644e-02;3.808251e-02;6.034937e-02;1.069527e-01;2.971438e-02;4.069616e-02;7.025479e-02;1.281841e-01;1.427816e-01
5.620150e-02;4.997348e-02;2.770414e-01;3.514205e-02;3.858722e-02;4.354783e-02;1.193127e-01;3.273872e-02;4.194691e-02;5.278683e-02;1.068645e-01;1.458569e-01
4.224477e-02;6.112666e-02;2.502796e-01;5.408001e-02;6.083100e-02;7.134753e-02;1.191988e-01;4.398545e-02;4.129838e-02;4.953072e-02;8.711192e-02;1.189651e-01
