5.709277e-02;4.586234e-02;1.822192e-01;4.427078e-02;5.476335e-02;4.165702e-02;1.691463e-01;8.751697e-02;1.201947e-01;7.534589e-02;8.400915e-02;3.792155e-02
5.515177e-02;5.118420e-02;2.050122e-01;6.715102e-02;5.713641e-02;7.330877e-02;9.804633e-02;5.503825e-02;1.433480e-01;8.244977e-02;5.099347e-02;6.117985e-02
5.450230e-02;4.994076e-02;1.741543e-01;5.649901e-02;7.018388e-02;8.327079e-02;1.027808e-01;6.854912e-02;1.235547e-01;9.214868e-02;6.814274e-02;5.627291e-02
5.272346e-02;5.263295e-02;1.333054e-01;3.666412e-02;7.773087e-02;8.828611e-02;1.427760e-01;6.203588e-02;9.481672e-02;1.190354e-01;8.857261e-02;5.142041e-02
5.732676e-02;4.792908e-02;1.352258e-01;3.660559e-02;7.311902e-02;8.195463e-02;1.378826e-01;6.671358e-02;7.814206e-02;1.317485e-01;8.519703e-02;6.815534e-02
5.840525e-02;3.989471e-02;1.901500e-01;4.529199e-02;5.686006e-02;6.087456e-02;1.181168e-01;5.840157e-02;9.670066e-02;1.243575e-01;9.050437e-02;6.044246e-02
5.631401e-02;4.645946e-02;1.964718e-01;3.590569e-02;4.432857e-02;6.752117e-02;1.143553e-01;5.044227e-02;1.167458e-01;1.235084e-01;7.515245e-02;7.279506e-02
4.859193e-02;6.547212e-02;1.432610e-01;2.842577e-02;3.585640e-02;7.786728e-02;1.336557e-01;8.558086e-02;9.960801e-02;1.394423e-01;6.196622e-02;8.027235e-02
5.302290e-02;6.830645e-02;1.600353e-01;3.141250e-02;3.966203e-02;7.279509e-02;1.370304e-01;6.497317e-02;9.465703e-02;1.220441e-01;9.910463e-02;5.695643e-02
5.609423e-02;6.269174e-02;1.735006e-01;2.821689e-02;5.195978e-02;8.112535e-02;1.695574e-01;4.102960e-02;8.589171e-02;1.053518e-01;9.822953e-02;4.635140e-02
6.020013e-02;6.015284e-02;1.167680e-01;4.439093e-02;5.588760e-02;8.247095e-02;1.825277e-01;1.013352e-01;7.278772e-02;1.041364e-01;5.780051e-02;6.154208e-02
8.502416e-02;5.113239e-02;5.594432e-02;4.008409e-02;5.972535e-02;5.602098e-02;1.408001e-01;1.327386e-01;8.385235e-02;1.189035e-01;9.806207e-02;7.771204e-02
8.780318e-02;3.931209e-02;6.053685e-02;3.850596e-02;6.149020e-02;6.845558e-02;1.209019e-01;9.867206e-02;5.478249e-02;1.204335e-01;1.583790e-01;9.072717e-02
8.443496e-02;3.651665e-02;9.269868e-02;4.725758e-02;7.076956e-02;7.560976e-02;9.474614e-02;7.061736e-02;3.626564e-02;8.805271e-02;2.114088e-01;9.162215e-02
9.066625e-02;5.288696e-02;1.175479e-01;5.457921e-02;7.949702e-02;6.177623e-02;8.651322e-02;9.650537e-02;5.457975e-02;4.223130e-02;1.773616e-01;8.585524e-02
9.595866e-02;6.063410e-02;1.088018e-01;5.440155e-02;6.882912e-02;5.981664e-02;1.141931e-01;9.157588e-02;6.710526e-02;4.251568e-02;1.394865e-01;9.668164e-02
7.494495e-02;4.523766e-02;1.226525e-01;5.755807e-02;5.163505e-02;7.528462e-02;1.561343e-01;6.139278e-02;7.081722e-02;5.388903e-02;1.331786e-01;9.727518e-02
5.421683e-02;5.539478e-02;1.512404e-01;4.038477e-02;5.427018e-02;8.003047e-02;1.560224e-01;4.595875e-02;7.831122e-02;7.185308e-02;1.366799e-01;7.563716e-02
9.039319e-02;6.474888e-02;1.395810e-01;4.183230e-02;5.400503e-02;5.319670e-02;1.469340e-01;4.847253e-02;7.247119e-02;7.239454e-02;1.242506e-01;9.172001e-02
1.182719e-01;6.849811e-02;1.144462e-01;3.665293e-02;4.599637e-02;6.435384e-02;1.519618e-01;6.237525e-02;6.199886e-02;6.534702e-02;1.057794e-01;1.043185e-01
7.446111e-02;1.008957e-01;9.614294e-02;2.239494e-02;3.104518e-02;8.861627e-02;1.526804e-01;8.640067e-02;5.729376e-02;1.233433e-01;8.685805e-02;7.986768e-02
6.112705e-02;1.680440e-01;7.616155e-02;2.541260e-02;3.720095e-02;6.843028e-02;9.495885e-02;9.035110e-02;1.159370e-01;1.651515e-01;5.297842e-02;4.424668e-02
5.578016e-02;1.542985e-01;5.065935e-02;2.702653e-02;3.304933e-02;6.313677e-02;1.048164e-01;9.147715e-02;2.541873e-01;1.043653e-01;3.820318e-02;2.300004e-02
7.532585e-02;1.125881e-01;3.593376e-02;1.829535e-02;2.772795e-02;6.755474e-02;9.509529e-02;7.323650e-02;3.401816e-01;1.006600e-01;3.610579e-02;1.729507e-02
7.045709e-02;1.331324e-01;3.762040e-02;1.243706e-02;3.850332e-02;6.146724e-02;1.121717e-01;8.169143e-02;2.320703e-01;1.626061e-01;4.418823e-02;1.365468e-02
5.811712e-02;1.016763e-01;3.482661e-02;8.507221e-03;4.793850e-02;5.803065e-02;1.956043e-01;1.256072e-01;2.100387e-01;1.186156e-01;2.617144e-02;1.486632e-02
7.155179e-02;7.895838e-02;3.807575e-02;1.997111e-02;5.008387e-02;4.755686e-02;2.628887e-01;1.190419e-01;1.704725e-01;8.219619e-02;2.674696e-02;3.245602e-02
8.316454e-02;1.094994e-01;3.612972e-02;3.093584e-02;4.911776e-02;3.964482e-02;2.498680e-01;1.562628e-01;1.054321e-01;5.283652e-02;2.708465e-02;6.002378e-02
7.151902e-02;1.720644e-01;4.805411e-02;3.965488e-02;4.084345e-02;9.347873e-02;1.691890e-01;1.323437e-01;7.026512e-02;6.348685e-02;4.356487e-02;5.553589e-02
7.928053e-02;1.669544e-01;8.298624e-02;3.753811e-02;2.313752e-02;1.288345e-01;9.387615e-02;7.452207e-02;8.660602e-02;7.961525e-02;7.854873e-02;6.810053e-02
1.636104e-01;1.855349e-01;5.312029e-02;2.061740e-02;3.007179e-02;7.336721e-02;6.324676e-02;4.102085e-02;7.810324e-02;9.655674e-02;1.140912e-01;8.065919e-02
1.899469e-01;2.149930e-01;6.676190e-02;3.160254e-02;4.216969e-02;3.106949e-02;8.819303e-02;3.649132e-02;5.683873e-02;7.828045e-02;1.088457e-01;5.480725e-02
1.339206e-01;1.678944e-01;7.961598e-02;4.113678e-02;4.082252e-02;4.598822e-02;1.072855e-01;4.097091e-02;5.835859e-02;1.039703e-01;4.608462e-02;1.339517e-01
1.113469e-01;7.185859e-02;9.016419e-02;3.317511e-02;4.913205e-02;5.681659e-02;1.399145e-01;5.699374e-02;5.803477e-02;1.399889e-01;4.309407e-02;1.494806e-01
1.091343e-01;2.388066e-02;1.331890e-01;3.469447e-02;7.387760e-02;5.751445e-02;2.185351e-01;5.321015e-02;4.277832e-02;9.883870e-02;6.576896e-02;8.857833e-02
1.096860e-01;3.325987e-02;1.281439e-01;4.932748e-02;6.982459e-02;6.659473e-02;2.752760e-01;4.899072e-02;3.655355e-02;6.876406e-02;4.779492e-02;6.578422e-02
9.255949e-02;6.125382e-02;1.121543e-01;5.564247e-02;9.581348e-02;6.758555e-02;2.455319e-01;3.661020e-02;3.947925e-02;7.861659e-02;6.239371e-02;5.235926e-02
4.366285e-02;9.030940e-02;9.938785e-02;5.435611e-02;1.375636e-01;6.545310e-02;1.676442e-01;2.884211e-02;4.222522e-02;1.302519e-01;8.944756e-02;5.085615e-02
9.603924e-02;9.682140e-02;1.993271e-01;3.225061e-02;1.159125e-01;5.405889e-02;7.839753e-02;2.895273e-02;4.060560e-02;1.504664e-01;7.099587e-02;3.617203e-02
1.376401e-01;8.682367e-02;2.408315e-01;3.170925e-02;8.128667e-02;4.255721e-02;7.808268e-02;2.772252e-02;5.014711e-02;1.360935e-01;5.594233e-02;3.116347e-02
1.580843e-01;9.819766e-02;2.177580e-01;3.907135e-02;8.056416e-02;5.225692e-02;6.995507e-02;2.740891e-02;4.643018e-02;1.307899e-01;4.748436e-02;3.199921e-02
1.155832e-01;8.833273e-02;1.843215e-01;8.197495e-02;1.101317e-01;7.467291e-02;5.768052e-02;2.460059e-02;4.414272e-02;1.365536e-01;5.622446e-02;2.578120e-02
9.655974e-02;8.114350e-02;1.159232e-01;9.454744e-02;1.558815e-01;8.621215e-02;5.926913e-02;3.353803e-02;5.592304e-02;1.403356e-01;5.957393e-02;2.109274e-02
7.919259e-02;8.499505e-02;8.416172e-02;6.370372e-02;1.564747e-01;5.039470e-02;7.800623e-02;7.789614e-02;6.959026e-02;1.547207e-01;7.420534e-02;2.665888e-02
6.815475e-02;8.818956e-02;7.178280e-02;2.826863e-02;1.134081e-01;6.233289e-02;8.224517e-02;1.013707e-01;8.059110e-02;1.698640e-01;9.500685e-02;3.878551e-02
5.109027e-02;9.016566e-02;6.985695e-02;2.591682e-02;8.858776e-02;6.972526e-02;7.956754e-02;8.695273e-02;1.009343e-01;1.832052e-01;1.003260e-01;5.367142e-02
4.994249e-02;9.228300e-02;9.817541e-02;3.502536e-02;8.429094e-02;8.886316e-02;7.804146e-02;7.467754e-02;8.741475e-02;1.698293e-01;8.735457e-02;5.410204e-02
3.908721e-02;9.568530e-02;1.534104e-01;4.840637e-02;7.525927e-02;1.155317e-01;7.176407e-02;6.500126e-02;6.270074e-02;1.524587e-01;9.118453e-02;2.951041e-02
2.780362e-02;9.245577e-02;1.892977e-01;7.807754e-02;6.436717e-02;1.217817e-01;4.942877e-02;6.668980e-02;5.459742e-02;1.404505e-01;9.001689e-02;2.503313e-02
4.010583e-02;8.217581e-02;1.814876e-01;9.298266e-02;6.167384e-02;1.010452e-01;8.629558e-02;7.385246e-02;5.022760e-02;1.179485e-01;8.917402e-02;2.303081e-02
4.811434e-02;6.628108e-02;1.406132e-01;8.644575e-02;7.163368e-02;9.170447e-02;1.293755e-01;7.939078e-02;5.691208e-02;9.823562e-02;1.039829e-01;2.731065e-02
5.175630e-02;5.637463e-02;1.407104e-01;5.886966e-02;6.976505e-02;1.058674e-01;1.452121e-01;7.552477e-02;5.228932e-02;7.707928e-02;1.179047e-01;4.864639e-02
5.857345e-02;6.359222e-02;1.915754e-01;4.772880e-02;4.773545e-02;9.330384e-02;1.676696e-01;5.697355e-02;5.640247e-02;5.817720e-02;1.026003e-01;5.566770e-02
4.872840e-02;5.907584e-02;1.968798e-01;4.923271e-02;5.042117e-02;6.307819e-02;1.871294e-01;7.949789e-02;7.008105e-02;5.338173e-02;8.514928e-02;5.734444e-02
8.834123e-02;7.698629e-02;1.446915e-01;5.809582e-02;4.597343e-02;4.191256e-02;1.891914e-01;9.422461e-02;5.897587e-02;4.907557e-02;6.630705e-02;8.622470e-02
1.399336e-01;8.737634e-02;9.322073e-02;6.935117e-02;3.277094e-02;3.624889e-02;1.788741e-01;9.085914e-02;3.983825e-02;6.385408e-02;5.396426e-02;1.137085e-01
1.825984e-01;8.136792e-02;3.455898e-02;7.464476e-02;3.241538e-02;2.914483e-02;1.495079e-01;1.017788e-01;2.352522e-02;8.589023e-02;6.777082e-02;1.367968e-01
1.576747e-01;3.891466e-02;4.479015e-02;7.679244e-02;3.761531e-02;3.132739e-02;1.256454e-01;9.991471e-02;2.964785e-02;1.000888e-01;9.055663e-02;1.670319e-01
1.088521e-01;4.274798e-02;6.450665e-02;7.337184e-02;3.596083e-02;3.392197e-02;1.427531e-01;8.215911e-02;3.139545e-02;9.804729e-02;1.170153e-01;1.692685e-01
1.033941e-01;4.978745e-02;1.023024e-01;6.561679e-02;3.388132e-02;3.687788e-02;1.515141e-01;6.092148e-02;3.306526e-02;9.391729e-02;1.194958e-01;1.492261e-01
1.136920e-01;5.099724e-02;1.620407e-01;5.129645e-02;2.813174e-02;3.485176e-02;1.309736e-01;4.714631e-02;4.303653e-02;9.183142e-02;1.101302e-01;1.358720e-01
9.898426e-02;4.660177e-02;1.522489e-01;2.456244e-02;4.767686e-02;5.526655e-02;1.204192e-01;6.775267e-02;5.053658e-02;7.628150e-02;1.152277e-01;1.444415e-01
1.267235e-01;7.316314e-02;1.086142e-01;4.265491e-02;6.223551e-02;5.758200e-02;7.285127e-02;6.733479e-02;8.296619e-02;7.366497e-02;1.186864e-01;1.135232e-01
1.493865e-01;8.114407e-02;1.020051e-01;5.932245e-02;4.626909e-02;3.844960e-02;1.101409e-01;6.538795e-02;6.660402e-02;5.843654e-02;1.081214e-01;1.147324e-01
1.147018e-01;6.501881e-02;1.166864e-01;5.979853e-02;3.979304e-02;3.736214e-02;1.451638e-01;6.100887e-02;4.626061e-02;6.788900e-02;1.134319e-01;1.328851e-01
6.546068e-02;5.196366e-02;1.284071e-01;4.905948e-02;4.175890e-02;5.175721e-02;1.414869e-01;4.319273e-02;7.443780e-02;9.097748e-02;1.375296e-01;1.239686e-01
7.618394e-02;5.687863e-02;1.365888e-01;4.222213e-02;4.312160e-02;5.150488e-02;1.057913e-01;4.846108e-02;8.220039e-02;1.200782e-01;1.374981e-01;9.947085e-02
9.012210e-02;6.693733e-02;1.418850e-01;4.453986e-02;3.440296e-02;3.638764e-02;9.034735e-02;4.342926e-02;9.355880e-02;1.408358e-01;1.201843e-01;9.736953e-02
9.620437e-02;6.952565e-02;1.322748e-01;5.571071e-02;2.985964e-02;4.936790e-02;1.074806e-01;3.358805e-02;1.075466e-01;1.195236e-01;8.070414e-02;1.182139e-01
1.110113e-01;8.550062e-02;1.182730e-01;4.379413e-02;4.193174e-02;7.243270e-02;1.207883e-01;5.678393e-02;6.811240e-02;8.877231e-02;8.592623e-02;1.066734e-01
8.838855e-02;8.440214e-02;1.101414e-01;3.621621e-02;2.446333e-02;6.289744e-02;1.400880e-01;5.643315e-02;6.142666e-02;1.398918e-01;9.014527e-02;1.055061e-01
8.226753e-02;6.982996e-02;8.960892e-02;3.278514e-02;3.471822e-02;6.098153e-02;1.361272e-01;7.149183e-02;5.463252e-02;1.579480e-01;1.124987e-01;9.711045e-02
1.135573e-01;7.796720e-02;7.268286e-02;3.706060e-02;4.498771e-02;9.289814e-02;1.128087e-01;9.165391e-02;6.655464e-02;1.241416e-01;9.772186e-02;6.796544e-02
1.345403e-01;8.245385e-02;5.509324e-02;5.762320e-02;4.066251e-02;8.409753e-02;1.402567e-01;8.015691e-02;7.476369e-02;1.103551e-01;8.973692e-02;5.026008e-02
9.967653e-02;7.411892e-02;6.271490e-02;6.718120e-02;3.201920e-02;6.629210e-02;1.494027e-01;8.661472e-02;9.783664e-02;1.109582e-01;9.028618e-02;6.289867e-02
5.338886e-02;8.655389e-02;1.002846e-01;6.096595e-02;3.346482e-02;6.420213e-02;1.112797e-01;1.023323e-01;1.602110e-01;7.033771e-02;9.440921e-02;6.256988e-02
3.996718e-02;9.388086e-02;1.108664e-01;5.099538e-02;3.697511e-02;8.563075e-02;9.115665e-02;7.671126e-02;1.530634e-01;6.269766e-02;9.860625e-02;9.944907e-02
5.814812e-02;7.949792e-02;1.037986e-01;3.514783e-02;4.445048e-02;9.215705e-02;1.350489e-01;8.481479e-02;1.093352e-01;7.680164e-02;8.212859e-02;9.867085e-02
8.703303e-02;4.651687e-02;5.561029e-02;2.580712e-02;6.500298e-02;7.759854e-02;1.291456e-01;1.060250e-01;1.297107e-01;1.036710e-01;8.209231e-02;9.178642e-02
8.633068e-02;3.668965e-02;4.539826e-02;4.190654e-02;5.640489e-02;8.077616e-02;1.090013e-01;1.029643e-01;1.772108e-01;8.231716e-02;7.332379e-02;1.076764e-01
7.475768e-02;6.636827e-02;9.821765e-02;4.403769e-02;4.864253e-02;7.684346e-02;1.401860e-01;7.530771e-02;1.861068e-01;6.280712e-02;5.091335e-02;7.581175e-02
3.971643e-02;6.862266e-02;1.912730e-01;5.247356e-02;4.975587e-02;9.153449e-02;1.490601e-01;8.016361e-02;1.428343e-01;6.518593e-02;2.573019e-02;4.364989e-02
4.046997e-02;6.698604e-02;1.872215e-01;6.129134e-02;6.327444e-02;9.213234e-02;1.290993e-01;7.252834e-02;1.331713e-01;8.263633e-02;3.014146e-02;4.104767e-02
5.815744e-02;6.194292e-02;1.454769e-01;6.774240e-02;8.761253e-02;8.363602e-02;1.188448e-01;7.740758e-02;1.235439e-01;1.076716e-01;3.062267e-02;3.734129e-02
7.767846e-02;6.013672e-02;8.788589e-02;7.380731e-02;1.013558e-01;7.317501e-02;1.322329e-01;5.843429e-02;1.318367e-01;1.374312e-01;3.209945e-02;3.392634e-02
1.003336e-01;6.256534e-02;9.353477e-02;9.479313e-02;8.524249e-02;6.096616e-02;1.662291e-01;4.237209e-02;9.939977e-02;1.179076e-01;5.451985e-02;2.213607e-02
1.178598e-01;4.468188e-02;1.152746e-01;1.147174e-01;6.195155e-02;4.364160e-02;1.734078e-01;5.471526e-02;8.242960e-02;8.069757e-02;8.601188e-02;2.461098e-02
1.299730e-01;5.489603e-02;1.013740e-01;1.057060e-01;4.612741e-02;5.458433e-02;1.464393e-01;6.051369e-02;8.170494e-02;8.396176e-02;8.422738e-02;5.049216e-02
1.480063e-01;7.172076e-02;1.077419e-01;8.887177e-02;4.698431e-02;5.384605e-02;1.181656e-01;5.520768e-02;7.519364e-02;8.703042e-02;7.365853e-02;7.357302e-02
1.904647e-01;8.480565e-02;1.186644e-01;7.785594e-02;5.298221e-02;4.002754e-02;1.017217e-01;5.081225e-02;7.675473e-02;8.239480e-02;5.589085e-02;6.762523e-02
2.399270e-01;1.081464e-01;1.183169e-01;7.387732e-02;5.817339e-02;2.532753e-02;1.115188e-01;4.535156e-02;7.183350e-02;6.498285e-02;3.166080e-02;5.088407e-02
2.380995e-01;1.088233e-01;1.355026e-01;5.567895e-02;5.666064e-02;3.575365e-02;9.342854e-02;4.576384e-02;7.515499e-02;7.395722e-02;3.740001e-02;4.377679e-02
1.752944e-01;1.193450e-01;1.445296e-01;4.407122e-02;5.087507e-02;3.375396e-02;1.160471e-01;6.962688e-02;8.712946e-02;7.109801e-02;3.796047e-02;5.026899e-02
1.215124e-01;1.059919e-01;1.809647e-01;4.257422e-02;4.675538e-02;2.808170e-02;1.466672e-01;8.505370e-02;8.786602e-02;7.019611e-02;3.771302e-02;4.662355e-02
7.238115e-02;7.815322e-02;2.319561e-01;3.411251e-02;3.327037e-02;2.385686e-02;2.292367e-01;7.715847e-02;7.168993e-02;4.944227e-02;4.294814e-02;5.579431e-02
6.409065e-02;7.099131e-02;2.002146e-01;2.351649e-02;4.101623e-02;2.892674e-02;2.562714e-01;8.260123e-02;7.044826e-02;5.767068e-02;4.542334e-02;5.882907e-02
5.304901e-02;8.266994e-02;2.234350e-01;4.656662e-02;5.976752e-02;4.886718e-02;1.763862e-01;9.635708e-02;7.726634e-02;6.094721e-02;2.992421e-02;4.476381e-02
6.597982e-02;9.739437e-02;2.554143e-01;5.563771e-02;3.668829e-02;3.993946e-02;1.024925e-01;1.246629e-01;9.386893e-02;6.838319e-02;1.665272e-02;4.288591e-02
6.883482e-02;1.173452e-01;2.438540e-01;5.159873e-02;4.401726e-02;2.305112e-02;1.175426e-01;1.145012e-01;8.807018e-02;6.016340e-02;2.143976e-02;4.958191e-02
9.451087e-02;1.582925e-01;1.763123e-01;4.155472e-02;6.506939e-02;4.965416e-02;1.037307e-01;1.127314e-01;8.202648e-02;4.513766e-02;3.933910e-02;3.164076e-02
1.071491e-01;1.413151e-01;1.268926e-01;3.648381e-02;7.447554e-02;7.237177e-02;1.007211e-01;1.169336e-01;8.726276e-02;7.197974e-02;4.600652e-02;1.840836e-02
1.002854e-01;1.483490e-01;1.063253e-01;3.826386e-02;6.318527e-02;6.277200e-02;1.122757e-01;1.164862e-01;9.895686e-02;7.874653e-02;3.377410e-02;4.057972e-02
8.259007e-02;1.342268e-01;8.150856e-02;5.434386e-02;5.250528e-02;5.500128e-02;1.422176e-01;1.292019e-01;1.182225e-01;6.031316e-02;3.388930e-02;5.597972e-02
1.220275e-01;7.836389e-02;5.876534e-02;6.116302e-02;5.896264e-02;7.487081e-02;1.373051e-01;1.185214e-01;1.147860e-01;6.736823e-02;7.352354e-02;3.434248e-02
1.221650e-01;9.941742e-02;5.871486e-02;6.789372e-02;6.938688e-02;8.198058e-02;9.950045e-02;9.553910e-02;8.879100e-02;7.851535e-02;9.999897e-02;3.809667e-02
1.845373e-01;9.876893e-02;8.495585e-02;4.871791e-02;6.653535e-02;6.576963e-02;7.163493e-02;8.859178e-02;5.660767e-02;9.647328e-02;7.929919e-02;5.810818e-02
2.543626e-01;7.771817e-02;1.038416e-01;4.495378e-02;3.637241e-02;7.414318e-02;5.015989e-02;1.312031e-01;5.641270e-02;8.972627e-02;2.345386e-02;5.765243e-02
1.537375e-01;5.762164e-02;1.152741e-01;3.442910e-02;6.166749e-02;8.131682e-02;1.268483e-01;1.314767e-01;5.086831e-02;8.467558e-02;4.895078e-02;5.313371e-02
1.247852e-01;7.707809e-02;9.655241e-02;4.161132e-02;6.669596e-02;5.935508e-02;1.472266e-01;1.046768e-01;4.633425e-02;8.715868e-02;5.637302e-02;9.215268e-02
1.578194e-01;9.820963e-02;5.434094e-02;5.582108e-02;5.211582e-02;4.150178e-02;1.291274e-01;7.666834e-02;7.130918e-02;7.510167e-02;5.704241e-02;1.309423e-01
1.662723e-01;9.947032e-02;6.647041e-02;4.606321e-02;5.095419e-02;3.876217e-02;1.081140e-01;8.175178e-02;7.866862e-02;6.887359e-02;5.958659e-02;1.350128e-01
1.129165e-01;9.195346e-02;9.608589e-02;3.082273e-02;7.939706e-02;8.338289e-02;8.444539e-02;1.044676e-01;6.486244e-02;6.219363e-02;6.041274e-02;1.290597e-01
7.818644e-02;7.725101e-02;1.053498e-01;4.300441e-02;9.925714e-02;1.037377e-01;1.559730e-01;6.256486e-02;5.889785e-02;5.277025e-02;6.426434e-02;9.874320e-02
8.544494e-02;5.137385e-02;2.025512e-01;4.511924e-02;1.118845e-01;7.628985e-02;1.927213e-01;3.741430e-02;3.336539e-02;4.416247e-02;6.474307e-02;5.492985e-02
6.230471e-02;3.646960e-02;2.799145e-01;4.081339e-02;1.124106e-01;8.629472e-02;2.075201e-01;2.588268e-02;2.354858e-02;4.249508e-02;5.334508e-02;2.900102e-02
6.213139e-02;2.627839e-02;2.402601e-01;3.211448e-02;1.036999e-01;9.944903e-02;2.262295e-01;3.910862e-02;2.760605e-02;5.237664e-02;6.352473e-02;2.722117e-02
5.187558e-02;4.021042e-02;1.646546e-01;2.229294e-02;1.105664e-01;1.178036e-01;2.309156e-01;5.101262e-02;2.880820e-02;7.217551e-02;8.348127e-02;2.620321e-02
3.594956e-02;6.158332e-02;1.057270e-01;2.433347e-02;1.548872e-01;1.211544e-01;1.658583e-01;7.018523e-02;4.528311e-02;9.652574e-02;9.387247e-02;2.464026e-02
3.646594e-02;8.323715e-02;1.254016e-01;2.963907e-02;1.728693e-01;1.099508e-01;8.201668e-02;6.470032e-02;6.302091e-02;1.093707e-01;9.154107e-02;3.178642e-02
4.584567e-02;9.535889e-02;1.442566e-01;3.303056e-02;1.752195e-01;9.485655e-02;7.677460e-02;3.473840e-02;7.022145e-02;1.054367e-01;8.354315e-02;4.071800e-02
5.196513e-02;9.879337e-02;9.309366e-02;3.558293e-02;1.886064e-01;8.912522e-02;9.441587e-02;2.761991e-02;7.236166e-02;1.081798e-01;8.185408e-02;5.840201e-02
5.166141e-02;8.789156e-02;1.192828e-01;3.663368e-02;1.767218e-01;1.019200e-01;9.261461e-02;3.139168e-02;6.394719e-02;9.786398e-02;7.555291e-02;6.451837e-02
4.843118e-02;9.258206e-02;1.096703e-01;3.442024e-02;1.826083e-01;1.123293e-01;6.973645e-02;3.340241e-02;6.233043e-02;1.056273e-01;8.113036e-02;6.773170e-02
4.393262e-02;8.935872e-02;7.626969e-02;3.544221e-02;1.699582e-01;1.131514e-01;1.441110e-01;4.723939e-02;4.717571e-02;1.053782e-01;7.603832e-02;5.194458e-02
2.411340e-02;8.581840e-02;7.325945e-02;3.896485e-02;1.635397e-01;1.292140e-01;1.549248e-01;6.714626e-02;3.537805e-02;1.080715e-01;7.243759e-02;4.713196e-02
2.501436e-02;7.631603e-02;6.459063e-02;4.114744e-02;1.674671e-01;1.344033e-01;1.606271e-01;7.774020e-02;3.644101e-02;1.019048e-01;7.280039e-02;4.154779e-02
1.902807e-02;6.389461e-02;7.521274e-02;4.018443e-02;1.672985e-01;1.389730e-01;1.706065e-01;7.233980e-02;4.227801e-02;9.845542e-02;7.740591e-02;3.432290e-02
2.835825e-02;6.178556e-02;8.537947e-02;3.941223e-02;1.676691e-01;1.364945e-01;1.615814e-01;6.683054e-02;4.538003e-02;9.403871e-02;7.706732e-02;3.600294e-02
2.055707e-02;6.106877e-02;7.668664e-02;4.023562e-02;1.870562e-01;1.373807e-01;1.472136e-01;6.718223e-02;4.071068e-02;9.403669e-02;8.111282e-02;4.675896e-02
1.063536e-02;5.884451e-02;9.932549e-02;4.863181e-02;1.867075e-01;1.308926e-01;1.421342e-01;6.484692e-02;3.692285e-02;9.566928e-02;8.328747e-02;4.210190e-02
2.718277e-02;5.155351e-02;8.520688e-02;4.792333e-02;1.668722e-01;1.246825e-01;1.978403e-01;5.050825e-02;3.431672e-02;9.273560e-02;8.577721e-02;3.540079e-02
3.134207e-02;4.453275e-02;6.437693e-02;3.886434e-02;1.633376e-01;1.327040e-01;2.255383e-01;3.784380e-02;3.416006e-02;9.965178e-02;9.945609e-02;2.819228e-02
3.419323e-02;5.224016e-02;7.000946e-02;3.268714e-02;1.391843e-01;1.253046e-01;2.665449e-01;3.625818e-02;3.742658e-02;8.593293e-02;9.208475e-02;2.813375e-02
4.172276e-02;4.448913e-02;1.182284e-01;3.405081e-02;9.775101e-02;1.056272e-01;3.278447e-01;3.180189e-02;3.898509e-02;6.264184e-02;6.921413e-02;2.764301e-02
3.045598e-02;4.589026e-02;1.551826e-01;3.095656e-02;8.641117e-02;9.728242e-02;3.067085e-01;1.592102e-02;7.407649e-02;6.604917e-02;6.627752e-02;2.478839e-02
1.978807e-02;3.679647e-02;1.472464e-01;2.432013e-02;9.179392e-02;1.007132e-01;2.501023e-01;3.526910e-02;1.083459e-01;7.047867e-02;8.470525e-02;3.044060e-02
5.733847e-02;4.222682e-02;1.333999e-01;2.105226e-02;9.667036e-02;1.110355e-01;2.171818e-01;4.841178e-02;8.498212e-02;5.719601e-02;1.004647e-01;3.004032e-02
8.811330e-02;5.563373e-02;1.568907e-01;2.810363e-02;8.298366e-02;1.174259e-01;2.191666e-01;3.725050e-02;3.618551e-02;5.002316e-02;9.619028e-02;3.203301e-02
7.445349e-02;5.268639e-02;1.710686e-01;4.490744e-02;8.468051e-02;1.113924e-01;2.379645e-01;2.765050e-02;4.995567e-02;4.610613e-02;8.043852e-02;1.869585e-02
4.657640e-02;2.940585e-02;1.676625e-01;5.951886e-02;1.095702e-01;9.373882e-02;2.761428e-01;3.042974e-02;5.544673e-02;4.133294e-02;6.860635e-02;2.156872e-02
2.186941e-02;2.344423e-02;1.430049e-01;5.071295e-02;1.155611e-01;8.792955e-02;3.357842e-01;4.066174e-02;4.680304e-02;4.540684e-02;6.640204e-02;2.241993e-02
2.410796e-02;2.450546e-02;1.578739e-01;3.157420e-02;1.041980e-01;8.157697e-02;3.482777e-01;3.173918e-02;3.503319e-02;5.546630e-02;7.794079e-02;2.770641e-02
2.568563e-02;2.147329e-02;1.376367e-01;3.256534e-02;1.043075e-01;8.426049e-02;3.579645e-01;1.615991e-02;5.027085e-02;5.760163e-02;8.526874e-02;2.680536e-02
2.994715e-02;1.918903e-02;1.261124e-01;4.639897e-02;9.937228e-02;9.809496e-02;3.560307e-01;2.094848e-02;5.392379e-02;5.004974e-02;7.670089e-02;2.323161e-02
4.292305e-02;2.270960e-02;1.151761e-01;4.650134e-02;9.054819e-02;1.085152e-01;3.543668e-01;2.712398e-02;3.908142e-02;5.606810e-02;7.683816e-02;2.014804e-02
3.964771e-02;3.751229e-02;1.145052e-01;3.842854e-02;1.032486e-01;1.171332e-01;3.387421e-01;2.266205e-02;2.939597e-02;6.040191e-02;7.403096e-02;2.429141e-02
3.827975e-02;3.486777e-02;1.306782e-01;4.108698e-02;1.340942e-01;1.184209e-01;3.096595e-01;1.745504e-02;2.586914e-02;5.488027e-02;6.862742e-02;2.608094e-02
3.941286e-02;3.206646e-02;2.113810e-01;5.175047e-02;1.153985e-01;9.557598e-02;2.712938e-01;2.069335e-02;2.355894e-02;3.680842e-02;6.342956e-02;3.863063e-02
5.224116e-02;2.588203e-02;2.106697e-01;8.042162e-02;4.929712e-02;8.092354e-02;2.489061e-01;2.412323e-02;4.539593e-02;3.435454e-02;8.850902e-02;5.927610e-02
6.159157e-02;3.649326e-02;7.134125e-02;7.641108e-02;7.612278e-02;9.487879e-02;2.725950e-01;3.010399e-02;6.083411e-02;4.612936e-02;1.384925e-01;3.500624e-02
4.023432e-02;2.738352e-02;1.107782e-01;7.022607e-02;9.422463e-02;9.817716e-02;2.719564e-01;2.831501e-02;7.194667e-02;3.827567e-02;1.205941e-01;2.788817e-02
4.669524e-02;3.350006e-02;6.990843e-02;7.315292e-02;1.008349e-01;1.089227e-01;2.524274e-01;4.187061e-02;7.433882e-02;5.019165e-02;1.091551e-01;3.900214e-02
8.289240e-02;6.062384e-02;7.143495e-02;5.486209e-02;6.083761e-02;9.347750e-02;1.567942e-01;9.101033e-02;9.537529e-02;1.062072e-01;9.368590e-02;3.279865e-02
9.101965e-02;6.528195e-02;9.580043e-02;4.684409e-02;4.688436e-02;7.968678e-02;1.515947e-01;9.678104e-02;1.084062e-01;1.153559e-01;7.704423e-02;2.530077e-02
1.189256e-01;5.461478e-02;1.114159e-01;3.241659e-02;4.604214e-02;7.496110e-02;1.410383e-01;8.999880e-02;1.190838e-01;1.043089e-01;6.263390e-02;4.456015e-02
1.240562e-01;4.461858e-02;1.357624e-01;2.968420e-02;6.784436e-02;7.904177e-02;1.597166e-01;6.061083e-02;8.957564e-02;8.586927e-02;6.286746e-02;6.035263e-02
1.066708e-01;2.941504e-02;1.213504e-01;2.790047e-02;7.362686e-02;1.045080e-01;2.243535e-01;3.316994e-02;6.897692e-02;8.029769e-02;7.436033e-02;5.537004e-02
6.813930e-02;1.621135e-02;1.079111e-01;3.534148e-02;8.461712e-02;1.074530e-01;2.845178e-01;2.254000e-02;6.218603e-02;8.055678e-02;8.664022e-02;4.388585e-02
4.159319e-02;1.599544e-02;1.591437e-01;4.202203e-02;8.665560e-02;8.744638e-02;3.027580e-01;2.737345e-02;5.319536e-02;8.084257e-02;7.631744e-02;2.665684e-02
3.606277e-02;3.144630e-02;2.324632e-01;4.324993e-02;1.017494e-01;7.190759e-02;2.408302e-01;2.401638e-02;4.630948e-02;8.510972e-02;6.470979e-02;2.214522e-02
3.008879e-02;4.340376e-02;3.074207e-01;5.673054e-02;7.944857e-02;4.884848e-02;1.568760e-01;2.974671e-02;3.943264e-02;1.091772e-01;7.123455e-02;2.759208e-02
5.474355e-02;3.905694e-02;4.108353e-01;5.449906e-02;6.483417e-02;4.916542e-02;1.020797e-01;1.611756e-02;3.272985e-02;8.539965e-02;5.912043e-02;3.141832e-02
5.369867e-02;2.557584e-02;4.549789e-01;4.599814e-02;6.920412e-02;5.064063e-02;9.558047e-02;2.176526e-02;3.310537e-02;6.732944e-02;4.818820e-02;3.393498e-02
5.117649e-02;2.006597e-02;4.985432e-01;4.508944e-02;5.035979e-02;4.007601e-02;1.164507e-01;1.934805e-02;3.049533e-02;5.879841e-02;3.365241e-02;3.594421e-02
6.085473e-02;2.781944e-02;4.776233e-01;4.985994e-02;4.855951e-02;4.055805e-02;1.251343e-01;2.652002e-02;3.220676e-02;3.862007e-02;3.597488e-02;3.626897e-02
1.086537e-01;8.611678e-02;2.338253e-01;4.373917e-02;8.663344e-02;8.696604e-02;1.303664e-01;4.078650e-02;4.939130e-02;4.332618e-02;4.323670e-02;4.695842e-02
1.397370e-01;7.873836e-02;1.366187e-01;5.356210e-02;6.030686e-02;1.033038e-01;2.098011e-01;3.858512e-02;4.317952e-02;4.007958e-02;4.508688e-02;5.100093e-02
1.391280e-01;6.808181e-02;1.574482e-01;5.082219e-02;6.400837e-02;1.045027e-01;1.918814e-01;4.278049e-02;3.955956e-02;4.403775e-02;4.700837e-02;5.074110e-02
1.120238e-01;9.640103e-02;1.572474e-01;3.538756e-02;9.400219e-02;8.329912e-02;1.778604e-01;3.994072e-02;5.520285e-02;6.407551e-02;4.715117e-02;3.740813e-02
1.120373e-01;9.330637e-02;1.217657e-01;6.202242e-02;9.573311e-02;8.634729e-02;1.788129e-01;5.046844e-02;6.556456e-02;6.879954e-02;3.920548e-02;2.593693e-02
1.367698e-01;5.470585e-02;9.858460e-02;1.029779e-01;6.429822e-02;6.391855e-02;1.733177e-01;8.245100e-02;1.102718e-01;5.666523e-02;3.925235e-02;1.678702e-02
1.366935e-01;2.277162e-02;1.317309e-01;1.276880e-01;4.790074e-02;3.087164e-02;1.253525e-01;9.522946e-02;1.621330e-01;5.758528e-02;4.257040e-02;1.947290e-02
1.325833e-01;2.952629e-02;1.625873e-01;1.264358e-01;5.021755e-02;2.787694e-02;7.919195e-02;8.844583e-02;1.899953e-01;4.548300e-02;3.820508e-02;2.945171e-02
1.211281e-01;4.607253e-02;2.070264e-01;1.097056e-01;5.058539e-02;4.630591e-02;6.698435e-02;6.788528e-02;1.798108e-01;3.290948e-02;3.611268e-02;3.547347e-02
6.332979e-02;4.852621e-02;2.927782e-01;8.147519e-02;4.767718e-02;5.916386e-02;8.929420e-02;5.972133e-02;1.310887e-01;4.236510e-02;3.785653e-02;4.672373e-02
8.445601e-02;3.346028e-02;3.139737e-01;5.260086e-02;3.971304e-02;7.482763e-02;1.044620e-01;6.734697e-02;6.680486e-02;7.027040e-02;2.868997e-02;6.339420e-02
8.509194e-02;2.744417e-02;2.575499e-01;4.456997e-02;3.194484e-02;5.988504e-02;1.963592e-01;7.529092e-02;5.450156e-02;7.650529e-02;3.144741e-02;5.940976e-02
7.700173e-02;1.893820e-02;2.054475e-01;3.568501e-02;6.403711e-02;4.773162e-02;2.381623e-01;8.640907e-02;6.768771e-02;7.074413e-02;4.228571e-02;4.586993e-02
8.051538e-02;2.877434e-02;1.946956e-01;4.295257e-02;8.363149e-02;6.241474e-02;1.842213e-01;9.620722e-02;8.688308e-02;6.643865e-02;4.584310e-02;2.742257e-02
9.302475e-02;2.954824e-02;2.312695e-01;3.633418e-02;1.068861e-01;5.736912e-02;1.011429e-01;1.032659e-01;1.091015e-01;4.641688e-02;5.278770e-02;3.285322e-02
1.068465e-01;6.726380e-02;1.906761e-01;4.916578e-02;7.635552e-02;4.506897e-02;1.203001e-01;7.608628e-02;7.585730e-02;5.713619e-02;6.578099e-02;6.946253e-02
6.907263e-02;6.769586e-02;1.479313e-01;5.639178e-02;5.481282e-02;4.292271e-02;1.313570e-01;9.476948e-02;7.956994e-02;9.250031e-02;8.451591e-02;7.846033e-02
8.386916e-02;5.816136e-02;1.227629e-01;5.621505e-02;4.892188e-02;6.024030e-02;1.402144e-01;9.594261e-02;8.052016e-02;9.361979e-02;8.466741e-02;7.486494e-02
7.483117e-02;3.727946e-02;6.985652e-02;5.029915e-02;6.934768e-02;1.059714e-01;1.999748e-01;9.360945e-02;6.579502e-02;8.474579e-02;9.162040e-02;5.666918e-02
2.424604e-02;2.880307e-02;1.363777e-01;4.610544e-02;1.121211e-01;1.252324e-01;2.041235e-01;7.054245e-02;5.905565e-02;7.781914e-02;6.840246e-02;4.717103e-02
6.387270e-02;3.391922e-02;2.484559e-01;5.841528e-02;1.224649e-01;8.039980e-02;1.182869e-01;5.381911e-02;5.653226e-02;6.669354e-02;5.111947e-02;4.602080e-02
1.125251e-01;3.826564e-02;3.733856e-01;6.137682e-02;1.098132e-01;4.684097e-02;3.367144e-02;4.028912e-02;4.066697e-02;5.943384e-02;4.114816e-02;4.258305e-02
1.187209e-01;3.715776e-02;4.261186e-01;5.522155e-02;8.371148e-02;4.070188e-02;4.472790e-02;3.080504e-02;3.412169e-02;4.989165e-02;2.601768e-02;5.280388e-02
9.262150e-02;2.548902e-02;4.501130e-01;5.433010e-02;6.810337e-02;6.120635e-02;5.375185e-02;2.315969e-02;3.473548e-02;4.660404e-02;3.239448e-02;5.749111e-02
6.324408e-02;1.856388e-02;4.559531e-01;5.458231e-02;7.809547e-02;6.357525e-02;7.068455e-02;2.721884e-02;3.833409e-02;4.053949e-02;2.892095e-02;6.028799e-02
5.749457e-02;1.376232e-02;4.912206e-01;5.325582e-02;7.133482e-02;4.598283e-02;5.349760e-02;3.250793e-02;3.677167e-02;4.783641e-02;3.614136e-02;6.019411e-02
6.110469e-02;2.409129e-02;4.891514e-01;4.869802e-02;5.062580e-02;4.443624e-02;6.868251e-02;3.655487e-02;3.637000e-02;5.050282e-02;3.977329e-02;5.000909e-02
4.680537e-02;1.145874e-02;4.618188e-01;3.930775e-02;4.638455e-02;4.570316e-02;1.620853e-01;3.796296e-02;3.533508e-02;4.295273e-02;3.890744e-02;3.127809e-02
3.741939e-02;1.743699e-02;4.755476e-01;3.021681e-02;4.494585e-02;4.681545e-02;1.978824e-01;2.695812e-02;3.466367e-02;3.609892e-02;3.247075e-02;1.954416e-02
3.848635e-02;1.527038e-02;5.290852e-01;4.627533e-02;7.249934e-02;4.326757e-02;1.095943e-01;2.292887e-02;2.687224e-02;3.506897e-02;2.856420e-02;3.208729e-02
5.261905e-02;2.437662e-02;4.942368e-01;6.447069e-02;9.369000e-02;4.001450e-02;6.475660e-02;1.749021e-02;3.007993e-02;4.513132e-02;3.320365e-02;3.993060e-02
7.506616e-02;3.520760e-02;4.172871e-01;7.050137e-02;1.199738e-01;4.754938e-02;2.909235e-02;1.298104e-02;3.732877e-02;6.277223e-02;4.767439e-02;4.456585e-02
8.414794e-02;2.650828e-02;3.681855e-01;6.596458e-02;1.102178e-01;4.737520e-02;5.490372e-02;2.517161e-02;5.889499e-02;5.733052e-02;6.941495e-02;3.188490e-02
5.752987e-02;2.312419e-02;3.665948e-01;6.164005e-02;9.899005e-02;5.591216e-02;9.771612e-02;3.254445e-02;5.882605e-02;5.003501e-02;6.318580e-02;3.390145e-02
4.667155e-02;4.090588e-02;3.254397e-01;5.410847e-02;1.161544e-01;7.071928e-02;1.156617e-01;3.081203e-02;5.191771e-02;5.388507e-02;5.481363e-02;3.891061e-02
4.474577e-02;7.430962e-02;1.254767e-01;5.051913e-02;1.421540e-01;8.290517e-02;1.563633e-01;5.666548e-02;6.443893e-02;8.347292e-02;6.889118e-02;5.005771e-02
5.481378e-02;6.972281e-02;2.270371e-01;4.981411e-02;7.862022e-02;7.157417e-02;1.321639e-01;6.252985e-02;7.846918e-02;6.183154e-02;4.654522e-02;6.687811e-02
6.147434e-02;7.385669e-02;2.326046e-01;4.926861e-02;5.520525e-02;6.215954e-02;1.626462e-01;6.827034e-02;7.271703e-02;4.402783e-02;5.243829e-02;6.533124e-02
6.536935e-02;7.876127e-02;2.041784e-01;5.019164e-02;5.849573e-02;5.801472e-02;2.044214e-01;7.770899e-02;5.484643e-02;4.260101e-02;5.289207e-02;5.251895e-02
8.531444e-02;7.945374e-02;1.816205e-01;5.312752e-02;4.272838e-02;6.081251e-02;2.043871e-01;8.807014e-02;3.748392e-02;4.590701e-02;5.269477e-02;6.840000e-02
1.094929e-01;6.262223e-02;1.361666e-01;5.110592e-02;6.322961e-02;7.268895e-02;1.455527e-01;7.895365e-02;4.215274e-02;5.018974e-02;6.807911e-02;1.197659e-01
7.312758e-02;6.981409e-02;1.371444e-01;3.767081e-02;8.237386e-02;6.148905e-02;1.567162e-01;6.798001e-02;5.695161e-02;4.893887e-02;7.673169e-02;1.310618e-01
5.607374e-02;7.407813e-02;1.365598e-01;4.325512e-02;6.558175e-02;5.793523e-02;1.190848e-01;1.047239e-01;6.252410e-02;6.854992e-02;9.737982e-02;1.142536e-01
8.494323e-02;7.309812e-02;1.363357e-01;3.012888e-02;5.669590e-02;5.992788e-02;9.505671e-02;1.712403e-01;6.897713e-02;6.048315e-02;7.433143e-02;8.878161e-02
1.172362e-01;7.597434e-02;1.318608e-01;2.973951e-02;8.011659e-02;6.634539e-02;1.020123e-01;1.644629e-01;5.222614e-02;4.830320e-02;6.002190e-02;7.170071e-02
