4.254106e-02;1.374297e-01;1.272295e-01;6.998022e-02;4.262763e-02;1.427336e-01;7.266250e-02;1.999236e-01;5.212617e-02;5.101357e-02;2.769637e-02;3.403608e-02
5.841853e-02;8.664696e-02;4.849610e-02;9.803778e-02;5.388889e-02;1.737626e-01;1.013782e-01;1.814952e-01;4.838722e-02;5.105211e-02;1.615919e-02;8.227725e-02
8.131497e-02;1.114378e-01;4.930962e-02;1.073227e-01;5.005601e-02;1.101775e-01;1.043934e-01;1.703913e-01;4.602417e-02;4.439873e-02;1.773597e-02;1.074378e-01
1.176466e-01;1.841193e-01;1.101840e-01;9.368918e-02;2.944877e-02;4.272843e-02;7.934433e-02;1.577656e-01;4.655374e-02;3.749370e-02;2.270051e-02;7.832590e-02
1.475131e-01;2.002671e-01;1.207845e-01;6.596165e-02;5.065302e-02;3.842783e-02;3.475350e-02;2.020920e-01;4.127610e-02;2.625802e-02;1.653248e-02;5.548066e-02
1.625261e-01;1.815495e-01;1.108755e-01;4.464735e-02;7.053292e-02;3.504629e-02;3.801769e-02;2.503243e-01;3.446114e-02;2.225786e-02;8.806119e-03;4.095510e-02
1.897118e-01;1.952026e-01;1.114442e-01;2.491471e-02;7.667780e-02;1.986471e-02;2.333800e-02;2.867275e-01;2.943399e-02;1.618756e-02;8.882169e-03;1.761494e-02
1.967461e-01;2.038121e-01;1.177368e-01;1.558516e-02;7.842936e-02;1.998461e-02;1.398648e-02;2.768922e-01;3.597474e-02;1.450919e-02;8.176805e-03;1.816647e-02
1.831756e-01;2.011034e-01;1.189854e-01;2.296402e-02;7.392368e-02;2.377768e-02;1.941849e-02;2.430890e-01;4.140433e-02;2.649817e-02;1.757543e-02;2.808476e-02
1.402933e-01;1.941723e-01;1.339548e-01;3.970652e-02;7.040172e-02;5.085598e-02;5.169856e-02;1.984082e-01;4.216029e-02;3.102365e-02;2.243185e-02;2.489277e-02
1.427350e-01;1.809900e-01;9.898817e-02;4.419928e-02;9.205385e-02;6.192985e-02;5.593801e-02;2.236549e-01;3.662139e-02;2.015722e-02;1.774535e-02;2.498690e-02
1.764041e-01;1.752703e-01;5.878746e-02;2.208655e-02;1.431820e-01;3.846407e-02;1.815946e-02;2.941217e-01;3.424446e-02;1.295125e-02;1.217579e-02;1.415297e-02
1.951362e-01;1.365427e-01;6.307199e-02;1.776707e-02;1.725948e-01;1.850380e-02;2.579018e-02;3.105877e-01;2.528517e-02;1.235326e-02;1.335598e-02;9.011074e-03
2.281349e-01;1.113923e-01;5.454546e-02;1.442072e-02;1.802181e-01;1.150043e-02;1.887725e-02;3.207965e-01;2.780862e-02;1.044195e-02;1.467344e-02;7.190283e-03
2.474153e-01;1.098287e-01;5.003786e-02;1.389691e-02;1.633427e-01;1.351337e-02;2.352091e-02;3.228486e-01;3.013868e-02;4.681490e-03;1.569042e-02;5.084961e-03
2.677802e-01;1.063660e-01;4.414598e-02;1.574716e-02;1.445264e-01;1.354426e-02;1.348184e-02;3.368236e-01;3.081758e-02;5.209349e-03;1.097129e-02;1.058632e-02
2.812010e-01;1.019692e-01;3.726578e-02;1.244275e-02;1.247178e-01;1.492210e-02;3.812074e-02;3.367213e-01;2.042834e-02;1.041385e-02;1.064963e-02;1.114748e-02
3.006350e-01;9.184115e-02;3.327493e-02;9.641131e-03;1.094481e-01;9.687363e-03;5.056497e-02;3.318663e-01;1.934503e-02;1.008409e-02;1.233972e-02;2.127218e-02
3.093671e-01;9.978228e-02;3.416299e-02;1.529813e-02;9.457172e-02;2.154887e-02;4.821172e-02;3.065467e-01;1.709267e-02;1.068759e-02;1.140578e-02;3.132449e-02
2.900790e-01;1.236392e-01;7.492099e-02;1.063096e-02;8.781039e-02;3.543430e-02;3.873174e-02;2.569357e-01;2.897390e-02;1.343066e-02;1.240762e-02;2.700556e-02
2.849486e-01;1.398985e-01;7.541262e-02;1.441905e-02;1.176105e-01;2.230591e-02;3.861803e-02;2.340584e-01;2.994572e-02;8.648517e-03;1.040314e-02;2.373100e-02
2.685089e-01;1.519993e-01;7.114644e-02;1.189249e-02;1.712047e-01;1.370766e-02;3.585079e-02;2.197871e-01;2.593494e-02;8.588461e-03;5.284432e-03;1.609482e-02
2.101191e-01;1.672326e-01;7.023840e-02;1.604622e-02;1.884503e-01;3.409040e-02;3.392876e-02;2.105432e-01;2.569708e-02;1.066565e-02;9.192787e-03;2.379556e-02
1.421113e-01;1.754101e-01;7.827318e-02;3.247828e-02;1.640183e-01;4.948238e-02;4.257480e-02;2.277262e-01;2.364676e-02;1.484791e-02;1.580964e-02;3.362110e-02
1.151179e-01;1.597063e-01;6.502497e-02;5.431541e-02;1.015267e-01;8.377467e-02;5.912101e-02;2.268046e-01;3.109589e-02;2.660785e-02;2.195789e-02;5.494678e-02
9.233195e-02;9.193985e-02;9.172361e-02;7.501439e-02;5.790418e-02;1.245087e-01;6.566928e-02;2.121829e-01;5.735215e-02;3.741831e-02;5.386848e-02;4.008617e-02
8.616038e-02;9.103949e-02;8.301031e-02;6.700264e-02;5.071156e-02;1.066780e-01;1.242072e-01;1.948847e-01;6.632814e-02;2.961061e-02;4.587444e-02;5.449246e-02
9.135654e-02;6.727915e-02;6.189677e-02;5.551148e-02;4.895293e-02;9.361042e-02;1.505718e-01;2.219942e-01;8.465712e-02;2.652922e-02;3.099834e-02;6.664202e-02
8.614709e-02;5.532369e-02;5.402328e-02;4.255984e-02;6.023155e-02;8.944857e-02;1.519465e-01;2.314688e-01;1.270714e-01;2.841299e-02;1.510531e-02;5.826105e-02
1.064248e-01;6.577904e-02;3.950853e-02;3.109868e-02;5.615206e-02;8.997358e-02;1.769024e-01;1.748333e-01;1.355350e-01;4.029869e-02;1.415939e-02;6.933460e-02
1.602195e-01;1.045839e-01;4.366028e-02;2.331907e-02;4.324548e-02;5.532601e-02;1.646873e-01;1.708120e-01;1.129343e-01;4.598615e-02;1.040098e-02;6.482501e-02
1.761722e-01;1.164007e-01;5.447049e-02;1.943645e-02;5.249520e-02;4.657611e-02;9.499826e-02;2.800048e-01;7.116451e-02;4.223480e-02;1.015576e-02;3.589076e-02
1.985089e-01;1.419461e-01;6.519740e-02;1.215258e-02;5.392013e-02;3.378883e-02;3.569254e-02;3.122648e-01;5.137375e-02;4.132081e-02;1.925460e-02;3.457958e-02
1.862217e-01;2.156145e-01;1.018107e-01;8.484517e-03;4.388564e-02;2.944132e-02;3.330943e-02;2.265219e-01;5.994191e-02;4.333422e-02;2.946196e-02;2.197218e-02
1.534111e-01;3.231031e-01;1.341437e-01;1.519544e-02;2.501695e-02;1.837670e-02;5.061321e-02;1.197828e-01;7.352738e-02;3.888777e-02;2.235904e-02;2.558282e-02
7.977819e-02;3.960977e-01;1.775490e-01;9.835008e-03;1.644348e-02;2.514325e-02;3.437055e-02;1.111190e-01;8.321832e-02;2.381888e-02;1.906165e-02;2.356491e-02
7.968144e-02;4.133532e-01;2.050304e-01;1.410179e-02;1.938619e-02;3.170087e-02;2.510185e-02;7.319382e-02;9.222227e-02;1.339986e-02;1.778969e-02;1.503866e-02
7.015228e-02;3.793187e-01;2.140436e-01;2.220548e-02;2.404124e-02;5.054170e-02;3.411224e-02;6.557222e-02;9.199968e-02;2.738050e-02;7.520044e-03;1.311234e-02
8.175925e-02;3.332446e-01;2.226793e-01;2.167503e-02;2.688917e-02;6.343886e-02;4.426886e-02;7.625066e-02;8.901217e-02;2.710393e-02;3.840318e-03;9.837792e-03
1.080411e-01;2.823439e-01;2.203846e-01;1.655571e-02;3.246499e-02;6.591469e-02;4.911578e-02;9.409243e-02;7.910119e-02;2.363741e-02;9.931440e-03;1.841674e-02
1.212392e-01;2.398863e-01;1.667972e-01;2.594378e-02;4.397597e-02;6.259708e-02;5.690203e-02;1.171039e-01;7.874240e-02;3.160507e-02;2.644198e-02;2.876514e-02
1.190898e-01;1.641421e-01;8.617233e-02;6.487278e-02;5.073823e-02;8.643634e-02;9.439705e-02;1.216198e-01;8.441713e-02;5.085796e-02;4.200450e-02;3.525199e-02
1.226900e-01;1.532273e-01;9.937013e-02;7.571568e-02;6.611425e-02;7.672453e-02;7.686764e-02;1.028874e-01;6.254502e-02;6.148927e-02;4.240382e-02;5.996500e-02
1.230882e-01;1.960773e-01;1.465877e-01;5.771774e-02;7.598747e-02;6.552794e-02;4.645436e-02;7.297617e-02;4.227713e-02;6.626664e-02;3.439917e-02;7.264019e-02
1.039870e-01;2.165630e-01;1.609538e-01;5.028365e-02;5.893958e-02;1.252888e-01;2.514953e-02;9.040610e-02;5.591569e-02;4.056014e-02;1.679339e-02;5.515935e-02
6.981158e-02;2.316151e-01;2.428018e-01;3.282159e-02;4.020418e-02;1.165073e-01;2.143922e-02;9.836073e-02;6.541047e-02;2.954734e-02;9.700714e-03;4.178007e-02
4.943984e-02;2.186185e-01;2.483865e-01;3.022385e-02;3.679929e-02;9.548321e-02;1.454651e-02;1.236342e-01;9.123737e-02;4.033571e-02;1.206580e-02;3.922919e-02
3.915608e-02;2.091347e-01;2.000258e-01;3.633858e-02;4.524152e-02;8.356083e-02;1.083085e-02;1.641820e-01;1.146663e-01;4.562387e-02;1.753996e-02;3.369957e-02
5.621497e-02;2.018974e-01;1.849365e-01;3.462774e-02;4.093819e-02;7.229272e-02;1.741317e-02;1.889568e-01;1.111155e-01;3.956683e-02;1.648461e-02;3.555556e-02
7.933343e-02;2.272259e-01;1.713722e-01;3.535002e-02;4.622298e-02;5.719937e-02;4.871517e-02;1.744025e-01;7.611188e-02;2.425689e-02;1.835166e-02;4.145811e-02
9.214903e-02;2.249887e-01;1.585256e-01;2.516872e-02;4.926253e-02;7.200129e-02;8.637995e-02;1.244872e-01;6.646944e-02;3.768915e-02;2.932738e-02;3.355104e-02
8.238807e-02;1.922547e-01;1.585769e-01;2.230396e-02;4.384604e-02;8.006751e-02;1.017156e-01;1.242082e-01;6.036002e-02;5.281134e-02;5.297455e-02;2.849298e-02
8.023253e-02;1.459885e-01;9.506065e-02;2.903223e-02;5.642419e-02;1.347722e-01;8.582357e-02;1.582822e-01;6.511585e-02;6.657923e-02;4.738517e-02;3.530372e-02
7.554408e-02;1.553743e-01;1.286643e-01;4.023326e-02;4.186718e-02;1.186204e-01;6.870686e-02;1.476031e-01;6.536001e-02;6.646445e-02;3.102719e-02;6.053490e-02
8.470957e-02;1.519947e-01;9.778851e-02;6.889305e-02;2.640700e-02;8.767008e-02;1.113707e-01;1.268127e-01;5.350771e-02;9.567942e-02;1.062609e-02;8.454043e-02
7.852393e-02;1.075371e-01;2.939994e-02;1.387602e-01;2.448476e-02;3.299172e-02;1.898785e-01;9.779275e-02;4.396634e-02;1.275703e-01;1.690717e-02;1.121873e-01
3.742945e-02;8.689032e-02;2.500527e-02;1.894207e-01;2.445016e-02;3.670264e-02;2.421432e-01;7.607491e-02;2.885444e-02;1.046212e-01;1.364906e-02;1.347587e-01
4.960646e-02;9.380139e-02;3.708158e-02;1.793165e-01;1.916150e-02;4.029266e-02;2.585639e-01;5.780683e-02;3.817371e-02;6.281374e-02;1.790620e-02;1.454754e-01
6.071637e-02;1.068761e-01;5.264313e-02;1.195759e-01;1.390796e-02;8.032998e-02;1.981361e-01;9.135879e-02;6.498417e-02;3.901786e-02;4.096584e-02;1.314880e-01
4.391299e-02;1.112508e-01;9.007031e-02;6.346360e-02;1.925826e-02;1.305332e-01;7.337603e-02;1.773259e-01;1.111309e-01;2.817076e-02;5.166700e-02;9.984018e-02
4.815746e-02;1.550954e-01;1.309824e-01;4.284862e-02;3.270772e-02;1.093184e-01;9.507237e-02;1.678466e-01;1.096676e-01;3.451591e-02;3.358999e-02;4.019750e-02
8.470708e-02;1.694027e-01;1.500374e-01;5.102915e-02;4.543716e-02;5.562104e-02;1.139525e-01;1.370406e-01;7.510500e-02;4.400341e-02;1.136225e-02;6.230174e-02
7.855729e-02;1.447948e-01;1.671753e-01;6.014623e-02;3.387590e-02;5.224972e-02;1.263045e-01;1.489097e-01;7.763932e-02;4.406819e-02;2.317743e-02;4.310166e-02
5.364802e-02;1.584223e-01;1.560610e-01;6.327775e-02;3.951205e-02;6.992520e-02;1.291362e-01;1.487661e-01;9.282093e-02;4.405502e-02;1.310195e-02;3.127352e-02
5.391359e-02;1.378426e-01;8.984443e-02;5.694027e-02;3.719609e-02;7.559383e-02;1.361773e-01;2.004290e-01;8.802053e-02;3.544591e-02;3.344841e-02;5.514809e-02
9.483921e-02;1.418091e-01;7.137533e-02;5.186455e-02;3.332467e-02;7.786124e-02;8.619986e-02;2.079249e-01;9.651256e-02;2.728854e-02;3.196139e-02;7.903865e-02
8.998873e-02;2.002059e-01;1.090788e-01;4.186123e-02;3.710146e-02;8.434268e-02;4.788460e-02;1.514822e-01;7.793672e-02;4.415992e-02;3.056237e-02;8.539544e-02
5.404904e-02;1.646502e-01;9.286486e-02;4.480082e-02;4.043538e-02;1.069014e-01;1.248097e-01;1.704153e-01;5.813413e-02;5.429700e-02;3.676556e-02;5.187665e-02
8.283344e-02;1.441484e-01;1.229631e-01;4.712668e-02;2.707366e-02;1.043817e-01;1.382686e-01;1.818805e-01;5.448820e-02;3.490003e-02;4.132729e-02;2.060851e-02
7.878294e-02;2.057330e-01;1.783986e-01;4.476086e-02;1.989763e-02;9.777610e-02;7.191785e-02;1.485766e-01;4.805057e-02;2.852290e-02;3.384743e-02;4.373557e-02
6.659591e-02;1.913790e-01;1.932534e-01;7.337384e-02;2.234379e-02;7.348511e-02;6.145629e-02;1.228366e-01;5.863046e-02;3.709206e-02;4.369992e-02;5.585359e-02
6.207718e-02;1.339847e-01;1.957839e-01;6.571410e-02;3.734293e-02;7.815171e-02;1.315877e-01;9.329819e-02;7.306683e-02;4.475879e-02;4.157386e-02;4.266017e-02
5.359719e-02;1.231082e-01;1.808012e-01;3.143922e-02;2.013974e-02;1.282360e-01;1.562680e-01;9.300476e-02;4.693524e-02;2.781720e-02;6.289580e-02;7.575749e-02
3.921450e-02;9.051815e-02;1.642359e-01;4.187073e-02;1.551367e-02;1.870741e-01;1.305524e-01;6.781643e-02;3.570530e-02;2.640615e-02;1.156449e-01;8.544774e-02
2.354431e-02;5.378968e-02;2.089018e-01;2.670990e-02;1.231233e-02;2.413627e-01;7.991070e-02;3.851104e-02;3.565805e-02;2.797890e-02;1.734657e-01;7.785480e-02
2.049199e-02;2.953658e-02;2.610308e-01;1.270843e-02;1.676804e-02;2.904998e-01;5.163816e-02;2.787458e-02;3.802578e-02;1.820051e-02;1.877236e-01;4.550169e-02
2.830848e-02;5.609285e-02;2.792947e-01;1.110915e-02;2.795786e-02;3.085176e-01;4.144838e-02;2.324366e-02;3.170640e-02;2.434880e-02;1.472275e-01;2.074472e-02
3.189553e-02;9.548478e-02;2.506333e-01;9.372924e-03;5.067817e-02;3.051547e-01;3.164881e-02;2.759523e-02;3.607882e-02;3.556524e-02;1.146840e-01;1.120856e-02
2.574756e-02;1.190848e-01;1.709595e-01;1.147047e-02;7.914622e-02;3.278634e-01;2.326525e-02;3.801034e-02;4.157182e-02;4.846237e-02;9.822033e-02;1.619794e-02
1.954419e-02;1.330513e-01;6.877387e-02;1.419481e-02;1.169231e-01;3.717905e-01;2.605285e-02;5.645532e-02;5.067715e-02;4.930512e-02;8.327999e-02;9.951757e-03
1.577050e-02;1.073272e-01;5.038363e-02;2.072432e-02;1.165663e-01;3.964542e-01;3.537788e-02;5.960940e-02;5.692742e-02;6.382795e-02;5.897904e-02;1.805215e-02
8.343757e-03;1.112794e-01;3.273032e-02;2.131006e-02;1.123908e-01;4.096434e-01;4.223659e-02;6.162527e-02;6.101621e-02;6.720005e-02;5.294129e-02;1.928286e-02
9.253410e-03;9.104155e-02;4.650227e-02;1.972079e-02;1.162918e-01;4.240471e-01;3.904984e-02;4.702267e-02;5.214566e-02;5.572077e-02;7.853012e-02;2.067399e-02
7.303727e-03;6.673440e-02;5.500913e-02;1.441887e-02;8.822589e-02;4.783444e-01;2.828322e-02;3.445257e-02;6.352423e-02;3.871516e-02;1.094094e-01;1.557908e-02
1.556769e-02;4.175732e-02;6.219369e-02;1.010159e-02;4.782590e-02;4.666034e-01;5.255616e-02;3.566976e-02;9.370343e-02;3.748466e-02;1.219098e-01;1.462663e-02
2.045598e-02;2.736316e-02;7.520600e-02;1.287315e-02;4.203182e-02;4.570669e-01;3.347367e-02;2.982961e-02;1.129938e-01;3.675958e-02;1.339681e-01;1.797818e-02
2.199379e-02;2.586616e-02;8.092919e-02;8.185888e-03;4.594154e-02;4.027250e-01;7.505674e-02;2.777430e-02;1.074801e-01;3.502704e-02;1.308359e-01;3.818445e-02
2.929090e-02;4.383111e-02;9.989875e-02;7.607469e-03;5.014519e-02;3.137636e-01;9.878329e-02;6.414823e-02;9.239738e-02;3.472157e-02;1.143566e-01;5.105583e-02
3.360379e-02;6.747068e-02;1.100429e-01;1.848656e-02;6.902084e-02;1.879587e-01;1.507016e-01;9.939433e-02;8.482275e-02;3.600917e-02;7.300473e-02;6.948395e-02
3.236831e-02;4.367233e-02;6.951312e-02;1.815440e-02;1.044218e-01;1.690802e-01;1.669125e-01;1.328184e-01;7.682930e-02;4.524232e-02;6.194470e-02;7.904258e-02
2.026524e-02;6.465279e-02;4.069228e-02;2.174035e-02;1.408859e-01;2.182869e-01;1.012950e-01;1.120130e-01;7.805643e-02;3.578416e-02;8.779690e-02;7.853106e-02
2.540873e-02;4.811180e-02;3.489736e-02;1.282931e-02;1.713593e-01;2.009956e-01;6.537435e-02;1.010035e-01;1.087375e-01;3.458312e-02;1.015375e-01;9.516175e-02
2.759987e-02;4.669495e-02;6.896248e-02;2.403898e-02;1.605105e-01;1.082312e-01;1.058292e-01;1.013296e-01;9.632797e-02;5.369524e-02;8.007067e-02;1.267093e-01
2.749389e-02;4.904909e-02;6.546691e-02;2.416056e-02;1.337571e-01;2.027427e-01;9.718271e-02;7.932322e-02;7.363986e-02;4.860978e-02;9.265469e-02;1.059194e-01
2.400885e-02;7.642189e-02;4.605272e-02;2.210051e-02;1.523007e-01;2.551940e-01;7.612570e-02;5.759156e-02;6.708450e-02;4.617515e-02;7.476100e-02;1.021833e-01
3.647942e-02;8.883087e-02;8.009441e-02;2.903434e-02;1.547287e-01;2.462052e-01;5.834660e-02;5.396375e-02;6.815501e-02;4.037905e-02;5.899677e-02;8.478586e-02
2.757822e-02;6.461445e-02;6.533568e-02;4.827601e-02;1.482944e-01;2.711686e-01;6.198639e-02;5.354650e-02;6.364270e-02;4.761319e-02;8.083795e-02;6.710596e-02
2.811059e-02;5.369166e-02;4.816048e-02;5.724430e-02;1.196711e-01;3.394351e-01;6.828580e-02;5.249517e-02;6.993516e-02;4.422327e-02;8.161328e-02;3.713405e-02
2.810870e-02;8.143308e-02;6.038616e-02;4.525902e-02;9.636664e-02;3.203424e-01;7.006314e-02;7.158475e-02;8.047989e-02;4.220010e-02;7.043393e-02;3.334220e-02
2.755215e-02;9.237831e-02;7.620801e-02;3.209442e-02;1.068770e-01;2.962836e-01;9.066677e-02;8.268526e-02;7.544765e-02;4.142193e-02;4.670413e-02;3.168086e-02
2.964585e-02;5.379168e-02;4.214955e-02;2.325506e-02;8.233179e-02;3.754038e-01;9.858534e-02;6.155959e-02;8.488569e-02;4.295919e-02;6.580391e-02;3.962857e-02
2.837661e-02;7.558079e-02;5.786458e-02;2.316639e-02;4.828101e-02;3.564894e-01;1.019688e-01;5.594777e-02;8.396456e-02;4.664562e-02;7.772746e-02;4.398708e-02
3.393100e-02;9.734926e-02;9.096647e-02;3.080288e-02;4.681064e-02;3.066987e-01;9.428665e-02;5.715315e-02;8.236215e-02;3.378241e-02;7.880290e-02;4.705372e-02
3.581553e-02;9.018228e-02;1.233692e-01;2.802120e-02;5.253329e-02;2.123233e-01;1.055486e-01;6.222381e-02;1.022974e-01;6.119859e-02;6.633627e-02;6.015053e-02
4.252477e-02;4.742667e-02;1.271375e-01;4.504343e-02;5.944343e-02;1.964114e-01;9.472606e-02;6.867460e-02;8.906968e-02;7.409126e-02;1.071773e-01;4.827387e-02
4.570288e-02;6.881391e-02;1.366601e-01;5.451242e-02;6.333084e-02;2.137327e-01;6.557073e-02;3.881399e-02;5.873520e-02;6.942164e-02;1.500682e-01;3.463748e-02
4.632042e-02;1.051981e-01;1.607576e-01;4.503915e-02;7.148926e-02;2.217984e-01;6.161620e-02;3.514452e-02;3.936228e-02;4.156450e-02;1.270282e-01;4.468131e-02
6.022682e-02;1.338979e-01;1.345830e-01;2.681314e-02;7.495983e-02;2.046854e-01;8.085959e-02;4.604510e-02;5.578626e-02;4.071443e-02;8.516911e-02;5.625941e-02
6.995516e-02;1.042377e-01;1.170188e-01;3.480468e-02;8.412504e-02;1.530645e-01;7.874236e-02;7.754864e-02;6.502997e-02;5.213685e-02;8.554291e-02;7.779329e-02
5.416398e-02;9.427377e-02;9.816874e-02;4.312062e-02;7.138689e-02;2.763791e-01;5.149538e-02;7.037171e-02;7.216467e-02;4.310243e-02;6.292181e-02;6.245091e-02
3.234844e-02;1.061326e-01;1.047410e-01;4.058484e-02;6.844468e-02;3.079070e-01;8.922240e-02;5.104085e-02;7.684346e-02;3.803581e-02;4.449581e-02;4.020314e-02
2.125777e-02;9.523011e-02;8.527699e-02;3.625526e-02;8.745731e-02;3.070416e-01;8.217201e-02;5.492486e-02;8.010446e-02;5.053726e-02;5.870554e-02;4.103681e-02
1.881835e-02;5.712216e-02;7.498114e-02;3.020980e-02;1.086577e-01;2.642455e-01;3.558598e-02;9.192343e-02;1.050939e-01;6.648098e-02;8.004641e-02;6.683462e-02
1.605129e-02;6.695294e-02;7.242684e-02;2.566627e-02;1.079645e-01;1.349834e-01;1.139665e-01;1.052429e-01;1.433998e-01;4.974681e-02;9.532501e-02;6.827381e-02
2.909120e-02;5.354782e-02;8.461405e-02;1.842045e-02;7.877568e-02;2.504041e-01;6.200240e-02;9.606318e-02;1.086668e-01;5.561518e-02;9.740726e-02;6.539195e-02
3.673203e-02;8.446626e-02;7.906562e-02;2.298331e-02;5.028938e-02;2.359223e-01;7.627743e-02;1.123718e-01;1.116919e-01;5.884463e-02;6.433510e-02;6.702023e-02
3.507494e-02;9.428098e-02;9.735513e-02;2.922288e-02;4.288189e-02;1.578722e-01;8.180701e-02;1.195467e-01;1.519331e-01;6.735005e-02;4.812001e-02;7.455503e-02
2.262745e-02;5.914556e-02;1.186527e-01;2.500653e-02;6.685930e-02;8.087276e-02;1.071912e-01;1.037562e-01;1.744491e-01;6.564142e-02;8.601048e-02;8.978725e-02
2.971331e-02;1.213133e-01;1.298340e-01;1.681713e-02;4.521812e-02;1.113921e-01;1.029844e-01;7.973468e-02;1.436800e-01;5.352800e-02;9.133984e-02;7.444517e-02
4.254245e-02;1.472826e-01;1.383330e-01;1.503141e-02;3.835971e-02;6.828410e-02;1.096528e-01;7.400418e-02;1.498408e-01;6.166793e-02;8.778075e-02;6.722032e-02
2.510093e-02;1.130786e-01;1.044070e-01;1.971692e-02;3.075311e-02;1.964995e-01;1.276454e-01;8.980022e-02;1.243340e-01;5.053071e-02;6.197215e-02;5.616144e-02
3.160628e-02;7.412811e-02;8.082528e-02;2.372649e-02;4.176291e-02;3.260872e-01;9.930413e-02;7.513509e-02;9.746489e-02;5.589539e-02;5.580017e-02;3.826408e-02
3.010767e-02;5.277634e-02;4.338127e-02;1.915304e-02;5.263948e-02;3.734589e-01;9.164427e-02;7.887379e-02;9.682129e-02;6.300464e-02;7.486229e-02;2.327708e-02
3.027678e-02;4.405653e-02;5.957680e-02;2.270925e-02;4.303187e-02;3.395081e-01;1.004398e-01;9.621698e-02;1.082472e-01;4.521225e-02;8.055384e-02;3.017048e-02
3.760761e-02;8.803327e-02;1.081715e-01;3.626335e-02;6.096932e-02;2.999067e-01;7.984224e-02;6.320231e-02;8.686928e-02;3.763738e-02;6.437888e-02;3.711815e-02
3.382282e-02;7.022906e-02;1.003889e-01;4.076544e-02;7.208832e-02;3.350425e-01;6.559709e-02;7.093103e-02;7.936295e-02;5.628989e-02;4.951921e-02;2.596270e-02
2.608876e-02;3.019514e-02;5.230395e-02;3.670096e-02;4.792859e-02;3.035682e-01;9.614636e-02;1.279670e-01;1.001893e-01;8.083922e-02;6.922319e-02;2.884940e-02
2.487987e-02;3.774884e-02;3.673387e-02;2.945660e-02;6.640027e-02;2.665114e-01;1.071698e-01;1.207227e-01;1.074390e-01;8.842599e-02;7.839766e-02;3.611402e-02
2.354527e-02;4.392734e-02;3.766098e-02;1.884828e-02;7.163300e-02;3.057318e-01;7.996928e-02;9.189060e-02;1.280395e-01;7.291591e-02;9.337495e-02;3.246308e-02
1.986290e-02;4.413939e-02;2.912436e-02;3.537555e-02;8.095436e-02;2.796784e-01;5.932271e-02;9.610320e-02;1.748541e-01;7.747997e-02;8.036557e-02;2.273959e-02
1.431612e-02;4.621021e-02;5.087170e-02;4.046402e-02;9.775127e-02;1.856179e-01;5.509324e-02;1.397125e-01;2.167066e-01;8.273841e-02;5.018489e-02;2.033298e-02
1.912964e-02;6.133899e-02;7.273094e-02;3.763261e-02;1.115252e-01;9.261259e-02;2.941493e-02;1.620537e-01;2.632775e-01;8.925349e-02;3.816459e-02;2.286584e-02
2.661196e-02;6.880727e-02;5.390567e-02;3.037516e-02;1.382265e-01;5.287829e-02;2.477148e-02;1.701690e-01;2.662797e-01;1.103665e-01;4.060674e-02;1.700175e-02
1.874955e-02;6.019257e-02;3.778247e-02;2.809249e-02;1.596950e-01;8.991429e-02;4.106833e-02;1.365042e-01;2.249236e-01;1.281881e-01;4.146633e-02;3.342302e-02
1.577119e-02;6.041260e-02;4.407908e-02;4.271092e-02;1.100672e-01;1.501370e-01;1.050995e-01;1.065380e-01;1.726068e-01;1.068844e-01;5.337700e-02;3.231627e-02
1.670394e-02;4.835891e-02;4.262991e-02;4.933193e-02;6.338865e-02;1.880091e-01;1.610968e-01;1.075190e-01;1.349624e-01;9.513102e-02;6.443831e-02;2.843008e-02
1.656772e-02;4.945333e-02;4.209599e-02;4.281295e-02;3.692153e-02;2.314762e-01;1.921746e-01;8.395308e-02;1.137423e-01;9.640092e-02;6.794757e-02;2.645383e-02
1.248566e-02;3.305270e-02;3.400343e-02;4.200359e-02;4.161331e-02;2.369725e-01;2.184622e-01;7.804579e-02;1.399520e-01;7.615668e-02;6.768768e-02;1.956461e-02
1.600940e-02;4.617477e-02;4.147542e-02;4.140783e-02;6.785041e-02;1.790252e-01;1.631234e-01;1.482809e-01;1.682470e-01;6.128158e-02;5.234416e-02;1.477985e-02
1.217356e-02;5.583670e-02;5.926121e-02;3.469577e-02;7.849481e-02;1.934397e-01;8.434804e-02;1.968869e-01;1.751500e-01;5.799860e-02;4.178500e-02;9.929700e-03
2.031277e-02;4.600317e-02;7.177541e-02;3.342804e-02;5.813469e-02;2.457411e-01;4.164973e-02;1.823066e-01;1.529123e-01;6.650162e-02;5.573700e-02;2.549748e-02
2.961449e-02;5.929824e-02;7.498820e-02;3.828564e-02;6.631655e-02;1.892753e-01;4.790896e-02;1.172282e-01;1.974657e-01;7.112270e-02;7.157113e-02;3.692484e-02
3.669281e-02;9.555203e-02;1.075452e-01;5.030108e-02;4.007299e-02;1.555083e-01;7.548086e-02;1.507297e-01;1.449980e-01;6.408340e-02;4.429163e-02;3.474401e-02
5.897287e-02;1.004092e-01;1.196694e-01;7.730068e-02;5.468426e-02;1.500387e-01;1.025718e-01;1.094493e-01;9.464739e-02;5.868357e-02;3.449893e-02;3.907391e-02
6.532474e-02;7.514548e-02;8.679050e-02;1.234280e-01;8.576158e-02;1.457522e-01;9.767636e-02;8.478023e-02;8.904986e-02;5.485510e-02;5.317442e-02;3.826149e-02
5.533215e-02;6.526178e-02;8.302672e-02;1.322829e-01;1.042156e-01;1.517084e-01;8.543277e-02;8.887175e-02;7.785465e-02;4.732843e-02;6.298795e-02;4.569693e-02
3.248466e-02;1.024842e-01;1.160163e-01;1.093201e-01;7.433669e-02;1.628277e-01;7.671893e-02;9.778311e-02;7.571196e-02;4.762824e-02;5.219539e-02;5.249279e-02
3.744293e-02;1.301797e-01;1.311308e-01;9.863561e-02;5.621651e-02;1.402557e-01;1.024555e-01;1.052965e-01;4.935290e-02;5.104407e-02;5.029085e-02;4.769893e-02
4.800183e-02;9.689394e-02;9.506258e-02;6.729954e-02;3.857984e-02;1.469425e-01;1.918817e-01;6.762064e-02;3.550471e-02;3.965033e-02;6.068882e-02;1.118735e-01
3.294994e-02;5.446104e-02;8.936983e-02;4.275829e-02;2.938074e-02;1.442100e-01;2.468684e-01;5.274435e-02;3.157632e-02;3.738157e-02;9.710720e-02;1.411923e-01
3.275716e-02;2.509700e-02;1.185149e-01;1.758014e-02;4.520499e-02;1.690643e-01;1.894849e-01;3.373358e-02;4.988249e-02;2.878936e-02;1.695301e-01;1.203610e-01
5.039240e-02;1.630501e-02;1.314286e-01;1.574932e-02;3.854020e-02;2.241161e-01;1.008468e-01;2.220402e-02;5.613014e-02;2.513254e-02;2.524943e-01;6.666065e-02
6.250113e-02;1.788251e-02;1.307728e-01;6.483585e-03;2.111098e-02;2.787389e-01;5.264031e-02;1.609855e-02;5.129660e-02;2.424148e-02;3.105350e-01;2.769817e-02
7.033246e-02;1.479775e-02;1.123828e-01;7.602017e-03;1.991487e-02;3.056550e-01;4.129969e-02;1.626935e-02;3.849142e-02;4.740823e-02;2.987618e-01;2.708457e-02
6.315831e-02;1.688883e-02;9.924412e-02;1.721703e-02;4.562403e-02;3.151292e-01;2.642238e-02;2.742262e-02;3.288033e-02;7.402237e-02;2.671633e-01;1.482748e-02
3.467697e-02;3.055435e-02;8.476535e-02;3.742596e-02;8.580314e-02;2.790594e-01;4.585698e-02;5.368806e-02;4.746924e-02;8.404481e-02;1.916017e-01;2.505407e-02
2.465748e-02;4.786773e-02;5.390295e-02;5.959373e-02;1.116626e-01;2.188309e-01;7.641126e-02;9.980222e-02;7.539933e-02;8.130302e-02;1.054978e-01;4.507095e-02
4.155311e-02;5.961806e-02;6.218182e-02;4.825512e-02;5.993591e-02;1.746877e-01;4.755751e-02;9.892984e-02;1.034396e-01;6.154991e-02;1.976580e-01;4.463342e-02
4.276985e-02;4.129300e-02;7.145436e-02;2.991350e-02;3.712928e-02;2.393062e-01;4.942408e-02;6.694221e-02;1.083292e-01;4.565484e-02;2.340060e-01;3.377742e-02
3.639829e-02;4.038271e-02;5.722859e-02;2.321246e-02;4.196472e-02;2.451033e-01;6.822894e-02;6.557107e-02;1.028824e-01;4.319362e-02;2.425486e-01;3.328525e-02
3.023965e-02;4.724630e-02;7.403001e-02;2.191125e-02;5.095742e-02;2.066921e-01;6.805977e-02;8.523478e-02;1.136508e-01;6.123157e-02;2.121931e-01;2.855323e-02
2.771486e-02;5.009631e-02;6.771582e-02;2.023554e-02;5.305482e-02;1.756139e-01;6.479879e-02;8.150967e-02;1.192388e-01;7.853527e-02;2.413356e-01;2.015056e-02
5.312081e-02;5.647134e-02;4.114975e-02;1.341245e-02;4.691212e-02;1.620976e-01;5.844386e-02;6.712610e-02;1.162193e-01;9.124564e-02;2.725713e-01;2.122982e-02
6.985904e-02;7.889284e-02;4.297325e-02;3.043240e-02;8.301166e-02;1.316829e-01;3.376992e-02;7.188747e-02;1.192197e-01;1.088465e-01;2.050309e-01;2.439338e-02
5.568937e-02;9.248186e-02;4.339071e-02;3.469182e-02;1.048197e-01;1.120117e-01;4.166214e-02;9.609621e-02;1.437680e-01;1.291191e-01;1.227044e-01;2.356488e-02
3.258865e-02;9.658711e-02;4.515753e-02;3.227527e-02;1.082624e-01;8.114863e-02;3.267159e-02;1.205029e-01;1.865193e-01;1.513646e-01;8.714986e-02;2.577225e-02
2.476036e-02;1.109237e-01;4.576366e-02;3.472769e-02;1.182417e-01;6.306323e-02;2.607630e-02;1.086285e-01;2.188676e-01;1.883010e-01;4.156417e-02;1.908213e-02
1.577396e-02;1.173732e-01;4.223465e-02;2.768769e-02;1.292181e-01;7.358098e-02;2.205179e-02;7.673191e-02;2.116982e-01;1.862165e-01;8.042655e-02;1.700652e-02
1.837108e-02;1.075439e-01;4.439279e-02;2.689084e-02;1.360781e-01;1.236258e-01;1.869833e-02;6.783584e-02;1.825588e-01;1.632575e-01;8.929610e-02;2.145085e-02
1.747550e-02;9.067059e-02;4.241363e-02;4.345602e-02;1.587921e-01;1.361445e-01;1.467212e-02;6.476256e-02;1.833019e-01;1.611557e-01;6.922128e-02;1.793413e-02
3.031673e-02;7.624025e-02;4.065715e-02;6.321152e-02;1.699345e-01;1.101019e-01;1.818870e-02;8.117288e-02;1.862264e-01;1.570946e-01;5.669960e-02;1.015584e-02
3.793949e-02;5.637462e-02;2.489788e-02;6.795791e-02;1.928292e-01;1.255360e-01;3.221302e-02;7.395902e-02;1.784374e-01;1.398268e-01;5.936879e-02;1.065985e-02
2.600619e-02;4.306599e-02;2.470049e-02;6.463850e-02;2.018205e-01;1.131685e-01;3.064990e-02;8.405212e-02;1.828141e-01;1.137329e-01;9.715523e-02;1.819558e-02
3.392714e-02;4.247135e-02;1.746436e-02;6.681302e-02;1.860560e-01;8.212089e-02;4.367708e-02;7.758183e-02;1.825783e-01;1.054172e-01;1.353882e-01;2.650463e-02
5.057781e-02;5.605086e-02;3.293130e-02;8.005194e-02;1.695190e-01;6.881788e-02;3.077940e-02;6.049543e-02;1.778236e-01;9.557585e-02;1.516690e-01;2.570796e-02
4.878062e-02;4.016376e-02;3.963865e-02;9.817863e-02;1.649348e-01;7.507221e-02;3.097848e-02;5.800365e-02;1.580442e-01;1.362479e-01;1.315666e-01;1.839053e-02
5.126382e-02;3.575031e-02;4.858795e-02;1.127207e-01;2.076848e-01;1.102528e-01;2.554891e-02;4.368279e-02;1.415630e-01;1.350641e-01;7.352161e-02;1.435910e-02
6.053033e-02;6.288995e-02;4.034014e-02;1.104029e-01;2.497711e-01;8.324578e-02;3.368940e-02;4.761282e-02;1.265566e-01;1.070327e-01;4.485477e-02;3.307352e-02
5.933192e-02;6.482254e-02;2.744174e-02;1.085166e-01;2.592694e-01;4.649254e-02;4.265309e-02;4.814889e-02;1.260925e-01;1.223877e-01;6.720412e-02;2.763892e-02
3.809364e-02;7.116613e-02;1.885865e-02;1.064156e-01;2.760128e-01;4.034229e-02;4.894429e-02;3.890800e-02;1.234319e-01;1.624972e-01;5.547969e-02;1.984968e-02
2.806374e-02;6.239285e-02;1.903173e-02;8.462680e-02;2.717590e-01;6.244079e-02;5.293449e-02;4.492940e-02;1.217942e-01;1.910006e-01;4.318064e-02;1.784570e-02
2.622701e-02;5.486698e-02;1.976010e-02;7.419266e-02;2.839192e-01;4.299030e-02;8.495358e-02;3.917178e-02;1.120317e-01;2.105011e-01;3.622839e-02;1.515717e-02
1.450997e-02;6.815583e-02;2.011150e-02;6.405613e-02;3.085798e-01;4.096207e-02;7.648613e-02;3.861306e-02;9.515122e-02;2.272399e-01;3.368339e-02;1.245098e-02
1.291117e-02;8.198263e-02;1.649554e-02;6.642184e-02;3.432305e-01;3.987109e-02;3.595927e-02;3.696516e-02;8.850616e-02;2.403274e-01;2.479411e-02;1.253516e-02
1.267534e-02;1.033105e-01;1.691711e-02;7.074869e-02;3.440609e-01;6.362398e-02;1.086421e-02;4.544805e-02;7.369090e-02;2.369533e-01;1.193148e-02;9.775606e-03
1.870776e-02;1.414857e-01;2.346648e-02;6.170487e-02;3.125207e-01;6.480882e-02;1.037311e-02;4.923926e-02;6.682523e-02;2.171025e-01;2.668659e-02;7.079082e-03
1.610268e-02;1.830917e-01;2.422888e-02;5.772053e-02;2.747056e-01;1.128384e-01;1.758357e-02;4.296311e-02;6.445392e-02;1.716369e-01;2.929661e-02;5.378167e-03
1.102089e-02;2.235135e-01;1.706593e-02;5.125043e-02;2.609333e-01;1.399284e-01;3.038217e-02;4.279287e-02;6.101492e-02;1.276856e-01;2.509679e-02;9.315148e-03
1.285455e-02;2.162620e-01;2.229685e-02;4.811204e-02;2.314434e-01;1.558981e-01;2.452351e-02;3.328927e-02;5.740761e-02;1.158497e-01;6.799708e-02;1.406584e-02
1.260237e-02;1.691037e-01;3.940560e-02;4.732615e-02;1.708424e-01;2.066117e-01;2.661740e-02;3.412233e-02;5.067912e-02;1.027261e-01;1.230538e-01;1.690923e-02
1.553222e-02;1.042575e-01;6.925271e-02;5.077495e-02;1.121852e-01;2.692419e-01;1.646059e-02;4.980216e-02;6.362212e-02;6.588631e-02;1.588390e-01;2.414530e-02
1.539708e-02;6.521563e-02;1.229109e-01;4.430693e-02;1.456366e-01;2.952560e-01;2.483511e-02;4.534163e-02;5.627806e-02;2.689994e-02;1.381239e-01;1.979815e-02
1.373627e-02;3.779667e-02;1.534142e-01;4.412907e-02;1.710206e-01;3.027810e-01;1.078336e-02;3.391318e-02;5.756459e-02;5.039369e-02;1.110391e-01;1.342831e-02
1.492259e-02;2.579290e-02;1.582953e-01;4.188672e-02;1.638732e-01;2.937779e-01;2.468205e-02;3.465097e-02;6.789706e-02;6.769016e-02;9.021339e-02;1.631772e-02
1.743311e-02;3.946082e-02;1.754008e-01;4.198273e-02;1.394737e-01;2.403446e-01;3.626602e-02;4.470172e-02;8.152460e-02;7.966600e-02;8.709720e-02;1.664873e-02
1.872636e-02;3.954790e-02;1.596131e-01;4.326367e-02;1.392772e-01;2.029116e-01;3.723129e-02;4.533518e-02;9.230429e-02;9.680396e-02;1.076875e-01;1.729796e-02
1.970193e-02;7.903127e-02;1.198239e-01;3.641843e-02;1.469859e-01;1.461648e-01;4.386529e-02;4.032054e-02;9.309217e-02;1.449306e-01;1.063469e-01;2.331834e-02
2.665704e-02;1.244070e-01;9.421943e-02;3.031728e-02;1.315342e-01;9.604396e-02;3.751556e-02;6.377975e-02;9.564458e-02;1.977301e-01;5.820724e-02;4.394384e-02
2.620215e-02;1.493759e-01;9.496659e-02;2.184200e-02;1.060761e-01;1.307356e-01;3.534684e-02;8.860040e-02;7.592051e-02;1.566385e-01;6.133256e-02;5.296290e-02
1.970116e-02;1.827597e-01;1.327891e-01;2.590786e-02;1.189497e-01;1.611854e-01;2.373625e-02;1.193536e-01;5.978591e-02;8.347639e-02;3.471974e-02;3.763513e-02
2.609309e-02;1.517763e-01;1.234534e-01;3.860900e-02;1.528632e-01;1.354423e-01;4.282966e-02;1.333496e-01;9.236618e-02;3.604967e-02;4.173686e-02;2.543084e-02
3.450211e-02;1.015151e-01;6.053260e-02;5.382420e-02;1.771328e-01;1.683093e-01;5.292660e-02;6.171535e-02;9.560311e-02;9.647215e-02;6.528459e-02;3.218203e-02
3.017945e-02;7.241369e-02;4.173121e-02;6.789458e-02;1.792270e-01;1.691668e-01;4.292618e-02;6.680715e-02;1.250135e-01;1.172808e-01;5.307851e-02;3.428115e-02
3.343968e-02;5.369757e-02;8.136451e-02;8.098521e-02;2.051273e-01;1.916425e-01;3.711599e-02;5.072107e-02;1.360656e-01;5.830365e-02;4.051316e-02;3.102365e-02
3.667437e-02;4.395970e-02;1.064172e-01;6.788257e-02;2.239295e-01;2.142789e-01;2.369431e-02;3.458218e-02;1.239366e-01;6.381506e-02;3.488949e-02;2.594012e-02
3.088461e-02;6.931767e-02;9.258460e-02;4.479880e-02;1.987948e-01;2.291420e-01;2.420952e-02;5.277007e-02;1.234125e-01;8.292819e-02;3.206257e-02;1.909471e-02
2.706088e-02;9.407712e-02;8.168451e-02;3.895182e-02;1.457101e-01;2.485074e-01;3.579203e-02;5.056719e-02;1.213068e-01;1.008407e-01;3.417811e-02;2.132329e-02
1.553824e-02;1.188905e-01;6.436253e-02;4.632720e-02;1.147903e-01;2.696733e-01;3.243716e-02;3.038751e-02;1.274411e-01;9.628691e-02;6.600057e-02;1.786457e-02
1.380969e-02;1.012620e-01;6.237026e-02;4.117069e-02;1.578922e-01;2.968005e-01;4.296811e-02;4.027098e-02;1.287327e-01;4.366537e-02;4.783937e-02;2.321808e-02
1.419089e-02;6.654042e-02;7.702956e-02;2.702893e-02;1.535751e-01;2.869918e-01;4.541233e-02;5.842431e-02;1.143327e-01;9.028751e-02;4.211031e-02;2.407610e-02
1.896023e-02;7.290218e-02;9.057410e-02;2.272241e-02;1.420541e-01;2.581936e-01;3.366590e-02;5.697437e-02;1.225352e-01;1.144851e-01;3.868071e-02;2.825207e-02
2.945630e-02;1.146866e-01;9.131495e-02;4.029148e-02;1.409197e-01;1.582340e-01;3.059647e-02;6.176226e-02;1.397761e-01;1.014402e-01;6.598983e-02;2.553226e-02
2.563622e-02;1.337035e-01;6.857629e-02;6.816123e-02;1.658207e-01;1.189408e-01;3.295348e-02;7.124570e-02;1.396912e-01;9.534550e-02;6.180903e-02;1.811639e-02
4.611736e-02;1.259137e-01;4.093121e-02;7.013973e-02;2.187760e-01;9.992822e-02;3.250365e-02;6.138686e-02;1.462215e-01;1.021630e-01;3.644839e-02;1.947041e-02
4.587224e-02;1.217210e-01;4.647220e-02;6.881529e-02;2.528735e-01;5.946259e-02;1.641116e-02;7.811107e-02;1.536610e-01;1.187826e-01;1.653688e-02;2.128037e-02
1.729313e-02;1.117205e-01;3.599773e-02;6.864640e-02;2.351333e-01;1.529371e-01;2.479962e-02;6.956413e-02;1.139486e-01;9.957149e-02;4.490206e-02;2.548592e-02
3.162742e-02;9.968439e-02;6.204217e-02;5.183927e-02;2.211878e-01;1.880786e-01;3.690527e-02;6.863840e-02;9.677620e-02;4.701164e-02;7.667809e-02;1.953079e-02
2.778284e-02;7.663174e-02;9.044368e-02;5.728374e-02;2.168000e-01;1.000454e-01;4.299568e-02;8.672903e-02;1.091252e-01;9.444813e-02;7.647884e-02;2.123575e-02
2.611174e-02;9.270091e-02;8.003651e-02;5.595716e-02;1.888325e-01;1.440967e-01;2.600100e-02;5.315940e-02;1.011735e-01;1.538233e-01;6.327891e-02;1.482825e-02
3.369797e-02;1.372637e-01;5.735593e-02;4.860529e-02;1.334409e-01;1.924734e-01;4.268399e-02;3.419365e-02;8.890956e-02;1.386765e-01;6.034369e-02;3.235542e-02
5.025773e-02;1.496712e-01;5.705243e-02;3.996171e-02;1.091553e-01;2.101834e-01;3.435486e-02;5.908726e-02;9.326228e-02;7.334133e-02;9.956185e-02;2.411065e-02
3.607892e-02;1.289850e-01;1.300094e-01;5.129924e-02;1.278855e-01;2.044946e-01;1.537334e-02;6.855003e-02;8.158324e-02;6.708959e-02;6.547511e-02;2.317609e-02
2.965538e-02;1.183170e-01;1.630016e-01;4.831040e-02;9.725822e-02;2.154919e-01;2.694736e-02;7.768329e-02;6.374329e-02;7.806163e-02;5.483054e-02;2.669939e-02
3.433754e-02;1.217494e-01;1.343265e-01;2.474906e-02;6.679805e-02;2.640930e-01;3.675385e-02;7.312406e-02;9.172776e-02;6.896368e-02;5.796152e-02;2.541559e-02
2.902523e-02;1.097689e-01;1.303673e-01;3.367954e-02;5.080977e-02;2.439511e-01;3.000251e-02;1.219860e-01;1.216497e-01;7.040228e-02;3.149367e-02;2.686410e-02
2.448083e-02;8.894099e-02;9.147150e-02;1.588327e-02;5.753985e-02;2.558380e-01;6.143532e-02;1.041114e-01;1.259372e-01;9.028300e-02;5.019977e-02;3.387887e-02
2.732484e-02;6.497314e-02;5.118885e-02;1.539580e-02;6.588915e-02;2.624538e-01;4.459646e-02;8.262172e-02;1.477574e-01;1.108046e-01;8.671776e-02;4.027649e-02
2.949754e-02;6.756492e-02;7.847798e-02;2.211165e-02;6.450451e-02;2.268924e-01;3.614126e-02;7.763311e-02;1.411820e-01;1.221663e-01;8.753230e-02;4.629603e-02
3.015687e-02;4.995294e-02;7.568015e-02;3.478901e-02;5.403905e-02;1.814436e-01;4.402797e-02;1.228921e-01;1.744244e-01;1.203612e-01;7.296346e-02;3.926921e-02
2.805114e-02;5.389950e-02;8.235615e-02;2.792686e-02;5.611055e-02;1.512331e-01;3.950660e-02;1.641724e-01;1.725501e-01;1.133224e-01;8.062039e-02;3.025081e-02
3.912849e-02;1.197833e-01;1.117945e-01;2.722154e-02;7.883523e-02;1.772576e-01;3.307247e-02;1.340101e-01;8.258552e-02;8.546252e-02;7.984851e-02;3.100012e-02
4.135077e-02;1.094185e-01;1.086608e-01;4.495224e-02;1.034346e-01;2.350188e-01;4.693026e-02;6.352700e-02;7.840051e-02;5.717440e-02;7.376148e-02;3.737060e-02
3.196939e-02;7.074703e-02;8.247218e-02;4.416758e-02;9.816323e-02;2.123803e-01;4.712486e-02;1.162880e-01;1.206744e-01;5.829920e-02;8.403769e-02;3.367621e-02
3.736345e-02;9.804903e-02;5.718480e-02;5.451117e-02;9.069914e-02;1.782391e-01;6.593297e-02;1.093075e-01;1.229627e-01;8.733770e-02;6.692687e-02;3.148549e-02
3.785853e-02;9.952156e-02;8.483659e-02;6.330881e-02;7.651420e-02;1.213824e-01;9.751583e-02;1.121814e-01;1.128804e-01;1.114257e-01;5.267137e-02;2.990323e-02
5.648086e-02;1.035677e-01;7.162683e-02;6.537122e-02;6.166071e-02;1.166751e-01;9.871746e-02;9.325477e-02;1.021043e-01;1.304258e-01;6.863384e-02;3.148150e-02
6.269038e-02;1.480076e-01;1.367455e-01;4.525631e-02;4.142096e-02;9.493841e-02;8.318208e-02;8.418092e-02;1.022861e-01;9.451310e-02;6.316547e-02;4.361321e-02
5.052204e-02;1.493162e-01;1.488273e-01;3.676772e-02;5.289137e-02;1.078359e-01;9.306962e-02;7.814258e-02;7.943491e-02;6.169150e-02;8.090384e-02;6.059711e-02
4.838279e-02;1.086216e-01;1.147879e-01;2.787923e-02;6.097030e-02;1.301047e-01;1.058146e-01;7.314888e-02;1.045089e-01;5.946457e-02;9.994459e-02;6.637193e-02
4.390887e-02;1.038822e-01;1.129857e-01;5.410840e-02;5.925180e-02;9.584440e-02;9.120036e-02;1.009289e-01;1.158884e-01;5.679630e-02;8.548269e-02;7.972202e-02
2.899436e-02;8.359773e-02;1.058093e-01;4.600810e-02;3.281275e-02;2.089050e-01;9.135905e-02;7.137152e-02;8.540551e-02;4.611252e-02;1.343855e-01;6.523868e-02
3.606425e-02;3.226867e-02;8.924778e-02;2.441229e-02;4.740483e-02;3.023313e-01;9.824689e-02;4.462302e-02;7.931656e-02;3.591799e-02;1.692730e-01;4.089341e-02
2.827237e-02;3.274788e-02;8.883153e-02;1.673630e-02;4.598819e-02;3.569299e-01;6.961735e-02;5.940485e-02;8.323514e-02;2.756315e-02;1.558942e-01;3.477911e-02
2.111359e-02;4.185062e-02;5.680088e-02;2.985741e-02;9.242713e-02;3.141173e-01;7.203066e-02;1.067047e-01;9.644070e-02;3.452978e-02;1.017517e-01;3.237552e-02
2.147859e-02;4.817571e-02;4.172629e-02;5.341220e-02;1.243538e-01;2.258775e-01;7.271750e-02;1.520227e-01;1.071514e-01;4.949172e-02;6.598780e-02;3.760467e-02
2.215583e-02;5.879489e-02;6.227679e-02;5.601015e-02;1.039651e-01;2.095631e-01;7.324943e-02;1.557219e-01;9.423589e-02;5.253700e-02;6.841613e-02;4.307384e-02
3.419415e-02;1.121543e-01;9.523544e-02;2.714741e-02;4.221230e-02;2.676915e-01;1.036834e-01;1.019460e-01;9.420913e-02;4.412210e-02;5.080542e-02;2.659884e-02
3.066438e-02;1.077752e-01;8.080278e-02;2.936010e-02;5.784257e-02;2.220699e-01;9.081300e-02;9.767655e-02;9.534740e-02;4.724559e-02;9.268466e-02;4.771783e-02
3.428368e-02;1.117683e-01;6.572304e-02;5.482967e-02;8.117428e-02;1.686654e-01;8.372055e-02;1.067930e-01;9.632789e-02;4.872416e-02;1.180809e-01;2.990918e-02
4.006626e-02;1.151774e-01;7.625321e-02;6.480388e-02;9.621026e-02;1.730936e-01;7.639048e-02;1.086294e-01;7.078920e-02;5.348565e-02;1.017718e-01;2.332893e-02
2.996396e-02;8.051037e-02;8.744383e-02;3.498129e-02;1.023597e-01;2.244511e-01;5.146883e-02;1.629576e-01;1.141348e-01;4.775853e-02;4.147181e-02;2.249825e-02
3.770391e-02;1.260423e-01;1.211518e-01;3.455868e-02;8.464660e-02;1.368495e-01;1.069932e-01;1.235608e-01;9.601217e-02;3.537245e-02;6.951627e-02;2.759230e-02
4.156553e-02;1.711306e-01;1.480717e-01;4.457800e-02;3.960033e-02;1.295219e-01;9.990196e-02;1.062062e-01;6.076907e-02;3.306829e-02;7.375072e-02;5.183567e-02
4.010872e-02;1.478070e-01;1.155450e-01;5.111621e-02;4.588009e-02;1.466005e-01;1.142957e-01;9.771121e-02;6.659600e-02;2.391593e-02;7.261046e-02;7.781317e-02
3.084034e-02;1.024471e-01;7.661030e-02;5.126760e-02;7.344192e-02;1.393768e-01;1.826489e-01;8.986612e-02;6.571253e-02;2.005239e-02;6.172147e-02;1.060146e-01
2.861861e-02;8.554169e-02;5.655342e-02;5.542463e-02;6.854426e-02;1.035803e-01;2.558156e-01;1.012594e-01;5.616178e-02;1.818596e-02;4.246484e-02;1.278495e-01
