1.831983e-01;1.384807e-01;1.181102e-01;3.990837e-02;2.427123e-02;4.119486e-02;5.797085e-02;4.321310e-02;9.989773e-02;6.142143e-02;4.853690e-02;1.437963e-01
1.824646e-01;8.110215e-02;1.155536e-01;3.827072e-02;4.323961e-02;4.090675e-02;6.559019e-02;5.463622e-02;7.926948e-02;8.758626e-02;5.892800e-02;1.524525e-01
1.695500e-01;6.611326e-02;1.246768e-01;7.673428e-02;7.269667e-02;4.532981e-02;5.523741e-02;5.902724e-02;6.855148e-02;9.223803e-02;6.832685e-02;1.015182e-01
1.315262e-01;7.617895e-02;9.891212e-02;6.845252e-02;9.402514e-02;3.511491e-02;4.413367e-02;6.875622e-02;1.009024e-01;8.853661e-02;1.158497e-01;7.761159e-02
1.304681e-01;6.718775e-02;1.101403e-01;6.496988e-02;8.472155e-02;2.777351e-02;4.349860e-02;4.091657e-02;1.157373e-01;9.244931e-02;1.212249e-01;1.009122e-01
1.114322e-01;4.303421e-02;1.070065e-01;7.591643e-02;5.791947e-02;4.474406e-02;4.146992e-02;2.837582e-02;1.454856e-01;1.421361e-01;1.009243e-01;1.015554e-01
6.691553e-02;6.037082e-02;1.007504e-01;8.087628e-02;5.047427e-02;4.283880e-02;4.047041e-02;3.741162e-02;1.420259e-01;1.843170e-01;1.178934e-01;7.565558e-02
1.005386e-01;8.491188e-02;9.850340e-02;8.973169e-02;5.065180e-02;4.695150e-02;4.504595e-02;4.298615e-02;1.007534e-01;1.364973e-01;1.211700e-01;8.225830e-02
9.312724e-02;5.867635e-02;7.901762e-02;8.783760e-02;5.821157e-02;3.850436e-02;4.326258e-02;4.211240e-02;9.875054e-02;1.411254e-01;7.534344e-02;1.840309e-01
7.824729e-02;6.335240e-02;9.676392e-02;8.086334e-02;6.712320e-02;2.815077e-02;7.530911e-02;3.060090e-02;1.328165e-01;1.283345e-01;6.173269e-02;1.567054e-01
5.842266e-02;7.594480e-02;6.736103e-02;9.387019e-02;6.172548e-02;4.808458e-02;8.666797e-02;4.361122e-02;1.466507e-01;1.404214e-01;8.617492e-02;9.106503e-02
1.046887e-01;5.873714e-02;6.530537e-02;1.152814e-01;6.984734e-02;3.327955e-02;7.074685e-02;5.999776e-02;1.438523e-01;1.379213e-01;9.037146e-02;4.997085e-02
1.496642e-01;7.898484e-02;6.502788e-02;7.709985e-02;8.249390e-02;5.130250e-02;7.078228e-02;5.618694e-02;1.217935e-01;8.636215e-02;1.015884e-01;5.871356e-02
1.086026e-01;9.980412e-02;6.262386e-02;3.430865e-02;6.469394e-02;6.351247e-02;5.635816e-02;3.756046e-02;1.108187e-01;1.883560e-01;1.075365e-01;6.582447e-02
7.408652e-02;7.386527e-02;7.329774e-02;4.319660e-02;4.048283e-02;4.971834e-02;4.434127e-02;3.310901e-02;1.155402e-01;2.710404e-01;7.871740e-02;1.026044e-01
7.723954e-02;4.321375e-02;9.226792e-02;5.064219e-02;4.282913e-02;3.476253e-02;4.066522e-02;3.838544e-02;1.326883e-01;2.291147e-01;8.362146e-02;1.345699e-01
5.070303e-02;6.330711e-02;1.869681e-01;6.700143e-02;5.811552e-02;6.105948e-02;1.069672e-01;7.319382e-02;8.768358e-02;1.155178e-01;6.733622e-02;6.214682e-02
6.034504e-02;8.776918e-02;2.262917e-01;7.126246e-02;5.575730e-02;5.670184e-02;1.098602e-01;8.003199e-02;9.861128e-02;6.817921e-02;5.776123e-02;2.742856e-02
8.329736e-02;1.207888e-01;2.258629e-01;6.560676e-02;3.902262e-02;3.919861e-02;6.820808e-02;7.345656e-02;1.756770e-01;5.865254e-02;2.971841e-02;2.051030e-02
1.304218e-01;1.385261e-01;1.710332e-01;4.636382e-02;4.160944e-02;1.857493e-02;3.329210e-02;1.031447e-01;2.183612e-01;4.078996e-02;4.400476e-02;1.387803e-02
1.966630e-01;9.851940e-02;7.911246e-02;2.455850e-02;6.637808e-02;6.784054e-03;3.183884e-02;2.322581e-01;1.474266e-01;2.909437e-02;7.133913e-02;1.602749e-02
2.063707e-01;5.775145e-02;5.853473e-02;2.091271e-02;7.290556e-02;1.107044e-02;7.646231e-02;3.292058e-01;6.066928e-02;2.525521e-02;5.432933e-02;2.653241e-02
1.549345e-01;3.304937e-02;4.640001e-02;3.886859e-02;4.376781e-02;1.971694e-02;2.074538e-01;2.871976e-01;3.678735e-02;5.441261e-02;2.714713e-02;5.026431e-02
8.106722e-02;1.461038e-02;3.312784e-02;7.450337e-02;1.689908e-02;4.603503e-02;3.657912e-01;1.641566e-01;4.019904e-02;6.253689e-02;1.606391e-02;8.500946e-02
1.925532e-02;2.586753e-02;4.553236e-02;8.792157e-02;1.740025e-02;8.648392e-02;3.944086e-01;1.098174e-01;3.884267e-02;4.886500e-02;1.736297e-02;1.082425e-01
6.068979e-02;3.679776e-02;6.938457e-02;6.465466e-02;1.856520e-02;9.064984e-02;3.291307e-01;9.953637e-02;3.300779e-02;2.969191e-02;3.989935e-02;1.279921e-01
7.736818e-02;2.638419e-02;7.364424e-02;4.738233e-02;2.538896e-02;6.145211e-02;3.324300e-01;1.036970e-01;2.722559e-02;1.810327e-02;6.317347e-02;1.437506e-01
5.217791e-02;3.010440e-02;7.719575e-02;7.847600e-02;3.427421e-02;8.981579e-02;2.934525e-01;8.502581e-02;1.598389e-02;2.580340e-02;7.597732e-02;1.417129e-01
3.391608e-02;2.668143e-02;6.600437e-02;8.253803e-02;3.257486e-02;8.027050e-02;3.673630e-01;7.925214e-02;3.767210e-02;2.136727e-02;7.273719e-02;9.962299e-02
3.510847e-02;1.881212e-02;5.519178e-02;6.218596e-02;2.739455e-02;8.306257e-02;4.190949e-01;6.817082e-02;6.553389e-02;1.923788e-02;8.141343e-02;6.479369e-02
1.833585e-02;1.176678e-02;7.768652e-02;2.760197e-02;2.715346e-02;1.143298e-01;3.988242e-01;3.454872e-02;1.025994e-01;1.329381e-02;9.397473e-02;7.988480e-02
1.084806e-02;6.973037e-03;9.867954e-02;9.027435e-03;2.874899e-02;1.330644e-01;2.754196e-01;2.483609e-02;1.643942e-01;1.905988e-02;1.284667e-01;1.004821e-01
8.517932e-03;6.574039e-03;9.558167e-02;9.102105e-03;3.298893e-02;1.311429e-01;2.125255e-01;2.692833e-02;1.921235e-01;1.740282e-02;1.442026e-01;1.229097e-01
1.643236e-02;1.792438e-02;5.776585e-02;3.477694e-02;1.819727e-02;8.497286e-02;2.952180e-01;3.224585e-02;1.311860e-01;4.310398e-02;9.670530e-02;1.714712e-01
3.277617e-02;2.362281e-02;2.460612e-02;5.934484e-02;1.237672e-02;4.485027e-02;3.426660e-01;6.266744e-02;6.593899e-02;9.820179e-02;5.180589e-02;1.811430e-01
6.656145e-02;2.044411e-02;1.609469e-02;5.722580e-02;1.367259e-02;1.822090e-02;3.461072e-01;1.342944e-01;4.987040e-02;1.150468e-01;2.308999e-02;1.393716e-01
1.231083e-01;1.146440e-02;2.602448e-02;3.967959e-02;1.801634e-02;3.000482e-02;3.225572e-01;2.143241e-01;4.045589e-02;7.894193e-02;1.665607e-02;7.876684e-02
1.877388e-01;3.289349e-02;5.438292e-02;2.938007e-02;2.658256e-02;3.224404e-02;2.485530e-01;2.134660e-01;3.734861e-02;3.916351e-02;3.404650e-02;6.420048e-02
1.831166e-01;6.520545e-02;8.333124e-02;3.630512e-02;3.842866e-02;3.162104e-02;1.645982e-01;1.387837e-01;6.365248e-02;6.799101e-02;5.475015e-02;7.221637e-02
1.145197e-01;6.539632e-02;9.384061e-02;4.615419e-02;4.181680e-02;4.240841e-02;2.075043e-01;1.359139e-01;5.875047e-02;7.617494e-02;5.904892e-02;5.847143e-02
6.740465e-02;3.778732e-02;6.993577e-02;4.319014e-02;2.876818e-02;4.347420e-02;2.558063e-01;1.800866e-01;5.443783e-02;7.197860e-02;7.361290e-02;7.351750e-02
8.554647e-02;3.823904e-02;6.815542e-02;3.904295e-02;3.208996e-02;3.211878e-02;1.943452e-01;1.677260e-01;4.498740e-02;8.415728e-02;8.493191e-02;1.286596e-01
1.350986e-01;7.409514e-02;1.027814e-01;3.459655e-02;3.952812e-02;4.111975e-02;1.715838e-01;9.312900e-02;4.870057e-02;6.250098e-02;6.008539e-02;1.367807e-01
2.050599e-01;8.906221e-02;1.311811e-01;3.523114e-02;3.195048e-02;3.636133e-02;1.214448e-01;5.167351e-02;4.592003e-02;6.181595e-02;6.539146e-02;1.249080e-01
2.456738e-01;1.116187e-01;1.650314e-01;3.339932e-02;2.552602e-02;1.568124e-02;7.388214e-02;3.545929e-02;5.049976e-02;4.791568e-02;1.120403e-01;8.327229e-02
2.174457e-01;1.305357e-01;1.767147e-01;2.413332e-02;1.613183e-02;1.064750e-02;6.540518e-02;6.403331e-02;6.476565e-02;4.090894e-02;1.377164e-01;5.156180e-02
1.950445e-01;1.203899e-01;1.597466e-01;2.098527e-02;1.348739e-02;1.231315e-02;7.782000e-02;6.881262e-02;6.168050e-02;6.466723e-02;1.349538e-01;7.009906e-02
1.463721e-01;1.021558e-01;1.431217e-01;2.283370e-02;3.043273e-02;2.325279e-02;1.063170e-01;3.463379e-02;5.159622e-02;1.168461e-01;1.241971e-01;9.824093e-02
8.039164e-02;7.532302e-02;1.185437e-01;2.482790e-02;5.405725e-02;3.999104e-02;1.384086e-01;2.523004e-02;5.855084e-02;1.669829e-01;1.321887e-01;8.550434e-02
5.846632e-02;5.730048e-02;9.104969e-02;4.507520e-02;6.356421e-02;3.041946e-02;1.455920e-01;4.130733e-02;8.051214e-02;2.016440e-01;1.280415e-01;5.702759e-02
8.561562e-02;5.839057e-02;7.268123e-02;6.449544e-02;6.711897e-02;1.637367e-02;1.375427e-01;6.050017e-02;6.539676e-02;2.135085e-01;1.097837e-01;4.859276e-02
7.100301e-02;4.604547e-02;1.348809e-01;8.059295e-02;7.116516e-02;2.110471e-02;1.328306e-01;3.572293e-02;9.852725e-02;1.828389e-01;8.827589e-02;3.701224e-02
7.543645e-02;7.269914e-02;1.772283e-01;8.780798e-02;5.530681e-02;2.440588e-02;1.192189e-01;4.695761e-02;9.178792e-02;1.261155e-01;8.103424e-02;4.200126e-02
9.827181e-02;6.764727e-02;1.862016e-01;1.223582e-01;6.150905e-02;2.763014e-02;1.090450e-01;4.521055e-02;6.396295e-02;1.057608e-01;6.089346e-02;5.150925e-02
1.460379e-01;4.982654e-02;1.849803e-01;1.280305e-01;6.893042e-02;3.814553e-02;7.345315e-02;4.245044e-02;5.483177e-02;1.069201e-01;4.595804e-02;6.043514e-02
1.946935e-01;7.506852e-02;2.061422e-01;1.178152e-01;5.380437e-02;4.216776e-02;4.097877e-02;4.754008e-02;5.807883e-02;6.948407e-02;3.128045e-02;6.294624e-02
1.612315e-01;1.072954e-01;1.688940e-01;1.744999e-01;4.922899e-02;4.725854e-02;4.406226e-02;3.657296e-02;5.225232e-02;4.797138e-02;4.923608e-02;6.149671e-02
9.427328e-02;1.191931e-01;1.618325e-01;1.491961e-01;7.318477e-02;4.987632e-02;4.930414e-02;4.712671e-02;4.144772e-02;7.345815e-02;8.126599e-02;5.984111e-02
6.680273e-02;1.044075e-01;1.181114e-01;8.407429e-02;8.734205e-02;5.626521e-02;6.330582e-02;6.199393e-02;4.215873e-02;1.268260e-01;1.291831e-01;5.952926e-02
5.589724e-02;5.423929e-02;1.357948e-01;7.259709e-02;8.008776e-02;8.521197e-02;5.690647e-02;5.421877e-02;6.061352e-02;1.183436e-01;1.645770e-01;6.151255e-02
7.672329e-02;3.736563e-02;1.780605e-01;4.485111e-02;7.402661e-02;7.493754e-02;8.269407e-02;5.514010e-02;5.416764e-02;8.190183e-02;1.524219e-01;8.770971e-02
7.110810e-02;3.132020e-02;1.237409e-01;3.130262e-02;7.370905e-02;4.307839e-02;1.395000e-01;7.486569e-02;4.456444e-02;8.186705e-02;1.533025e-01;1.316411e-01
4.479907e-02;2.511169e-02;1.159844e-01;3.952913e-02;6.707576e-02;3.519848e-02;1.183649e-01;1.034379e-01;1.001250e-01;7.664078e-02;1.568511e-01;1.168817e-01
5.280008e-02;1.174929e-02;1.810440e-01;2.904364e-02;5.779754e-02;4.893051e-02;5.679997e-02;8.031978e-02;1.468788e-01;7.935133e-02;1.825821e-01;7.270304e-02
6.319644e-02;1.959940e-02;2.312388e-01;1.444193e-02;3.265114e-02;1.087569e-01;2.741179e-02;3.585272e-02;1.333269e-01;7.776051e-02;2.124798e-01;4.328360e-02
8.675943e-02;7.561415e-02;1.677895e-01;3.574242e-02;4.411976e-02;1.299945e-01;7.131744e-02;2.062150e-02;9.376597e-02;9.181160e-02;1.465276e-01;3.593607e-02
8.800788e-02;1.108427e-01;9.879678e-02;4.443499e-02;6.889190e-02;1.243871e-01;1.240980e-01;3.089436e-02;7.528464e-02;8.731545e-02;9.277638e-02;5.426987e-02
5.319262e-02;8.435240e-02;1.103419e-01;3.454828e-02;6.569505e-02;1.370237e-01;1.656543e-01;3.436697e-02;7.565384e-02;7.630967e-02;1.014582e-01;6.140301e-02
2.206214e-02;4.711743e-02;1.261669e-01;2.871114e-02;5.338403e-02;1.378446e-01;2.212821e-01;4.445260e-02;8.337900e-02;4.839512e-02;1.220468e-01;6.515808e-02
1.879415e-02;2.527007e-02;1.418196e-01;1.740545e-02;4.502669e-02;1.116640e-01;1.992711e-01;5.023007e-02;1.146213e-01;2.918097e-02;1.523537e-01;9.436281e-02
2.302588e-02;3.284608e-02;1.594504e-01;1.996784e-02;4.949370e-02;1.059759e-01;1.180093e-01;3.459328e-02;1.519670e-01;2.100511e-02;1.823175e-01;1.013480e-01
2.374520e-02;2.070838e-02;1.644336e-01;1.717990e-02;6.108811e-02;8.593372e-02;1.174293e-01;2.618996e-02;1.694929e-01;2.204938e-02;1.931945e-01;9.855507e-02
2.411219e-02;8.780562e-03;1.615432e-01;2.266953e-02;5.909744e-02;9.393068e-02;1.119960e-01;2.738963e-02;1.689567e-01;2.886941e-02;1.989189e-01;9.373584e-02
2.578030e-02;1.162662e-02;1.553188e-01;1.705172e-02;6.357647e-02;9.160849e-02;9.720705e-02;3.404406e-02;1.657210e-01;3.206601e-02;2.043791e-01;1.016204e-01
1.868685e-02;2.295196e-02;1.195158e-01;2.958842e-02;6.990080e-02;7.347801e-02;1.255759e-01;4.040650e-02;1.335775e-01;3.180046e-02;1.681758e-01;1.663421e-01
1.947739e-02;2.658457e-02;9.999189e-02;3.490124e-02;6.768914e-02;6.147766e-02;1.478088e-01;3.048411e-02;1.126552e-01;2.996998e-02;1.591669e-01;2.097931e-01
1.601152e-02;2.503702e-02;7.497203e-02;4.629516e-02;5.130240e-02;4.991711e-02;1.721862e-01;3.120096e-02;9.676538e-02;2.002613e-02;1.454763e-01;2.708098e-01
2.014012e-02;2.517455e-02;4.684671e-02;5.257666e-02;3.723153e-02;5.265282e-02;1.893587e-01;2.791491e-02;8.968385e-02;1.598668e-02;1.410573e-01;3.013762e-01
1.688407e-02;2.340600e-02;6.280067e-02;5.143222e-02;3.827575e-02;5.668107e-02;1.950518e-01;2.362532e-02;7.872242e-02;2.943332e-02;1.285565e-01;2.951309e-01
1.309188e-02;3.920826e-02;5.518370e-02;6.747920e-02;2.285639e-02;3.786675e-02;2.209335e-01;3.307334e-02;5.546035e-02;8.251692e-02;7.600807e-02;2.963217e-01
2.443665e-02;4.445475e-02;2.709016e-02;6.947464e-02;8.767359e-03;2.376331e-02;2.558050e-01;4.367115e-02;2.676976e-02;1.704233e-01;2.745678e-02;2.778871e-01
4.102872e-02;3.328285e-02;1.418798e-02;6.154783e-02;4.642393e-03;1.336856e-02;2.502640e-01;6.304694e-02;1.770749e-02;2.473985e-01;2.375276e-02;2.297720e-01
6.049713e-02;2.370454e-02;2.041009e-02;6.981689e-02;9.452933e-03;1.889633e-02;2.158779e-01;8.135269e-02;2.701460e-02;2.746086e-01;2.646280e-02;1.719055e-01
6.590176e-02;3.204018e-02;4.148749e-02;9.275777e-02;1.887435e-02;3.451082e-02;1.946611e-01;6.929587e-02;3.882488e-02;2.349973e-01;4.186574e-02;1.347827e-01
4.410806e-02;3.974384e-02;7.531735e-02;1.018011e-01;2.551907e-02;3.128539e-02;1.763353e-01;3.962065e-02;5.270527e-02;1.719854e-01;1.019811e-01;1.395974e-01
2.440922e-02;4.918543e-02;7.467771e-02;8.904915e-02;3.075053e-02;3.832463e-02;1.808362e-01;5.982413e-02;4.806724e-02;1.094687e-01;1.244598e-01;1.709473e-01
4.822104e-02;3.617696e-02;7.011864e-02;8.888730e-02;4.825275e-02;3.454817e-02;1.898901e-01;8.646352e-02;5.827409e-02;6.419180e-02;8.688612e-02;1.880895e-01
4.338576e-02;3.522782e-02;6.375620e-02;9.018574e-02;4.959226e-02;2.229778e-02;1.741794e-01;9.414115e-02;5.044143e-02;6.949653e-02;6.611498e-02;2.411810e-01
3.886509e-02;5.637987e-02;8.607902e-02;5.088952e-02;4.745684e-02;3.263447e-02;1.775209e-01;8.690167e-02;5.185638e-02;7.618916e-02;5.327348e-02;2.419537e-01
3.595934e-02;6.976140e-02;9.386200e-02;6.771403e-02;2.939712e-02;3.765526e-02;1.679808e-01;5.125295e-02;7.757429e-02;9.918889e-02;7.140201e-02;1.982519e-01
4.422789e-02;4.317033e-02;7.209507e-02;6.611839e-02;3.148552e-02;3.246255e-02;1.728287e-01;9.720571e-02;7.746436e-02;1.237595e-01;7.571588e-02;1.634661e-01
4.902190e-02;6.728178e-02;6.283117e-02;8.723761e-02;4.539429e-02;4.162995e-02;1.725806e-01;1.177132e-01;5.282620e-02;1.118236e-01;6.068986e-02;1.309698e-01
4.743747e-02;7.542031e-02;7.280491e-02;9.533888e-02;4.975693e-02;4.434706e-02;1.574737e-01;1.122109e-01;6.582885e-02;8.190772e-02;5.071861e-02;1.467547e-01
5.239455e-02;5.338358e-02;1.647179e-01;4.898687e-02;4.491616e-02;5.564497e-02;1.388580e-01;7.811952e-02;1.090850e-01;7.903910e-02;5.391577e-02;1.209385e-01
8.002753e-02;8.319867e-02;3.068040e-01;5.895820e-02;5.901768e-02;4.120033e-02;1.066999e-01;5.302147e-02;5.198701e-02;7.579046e-02;5.442503e-02;2.886962e-02
1.262229e-01;1.037484e-01;2.572170e-01;5.556902e-02;5.346166e-02;3.065730e-02;8.311216e-02;8.954425e-02;6.564423e-02;4.644960e-02;6.559586e-02;2.277762e-02
1.849942e-01;1.091321e-01;1.880358e-01;4.621511e-02;4.156552e-02;2.271819e-02;6.592416e-02;1.241082e-01;7.478274e-02;4.634533e-02;7.058956e-02;2.558914e-02
2.308891e-01;8.999835e-02;1.138174e-01;4.230659e-02;2.383233e-02;2.057363e-02;9.165971e-02;1.449889e-01;6.023700e-02;7.163769e-02;6.531880e-02;4.474058e-02
1.885811e-01;8.445991e-02;1.308543e-01;5.420297e-02;2.142756e-02;4.437700e-02;1.402015e-01;1.136864e-01;3.327464e-02;8.423834e-02;4.959605e-02;5.510021e-02
1.185032e-01;9.817875e-02;1.770418e-01;7.043549e-02;2.274499e-02;6.074107e-02;1.383943e-01;7.994121e-02;4.341296e-02;9.150511e-02;5.227174e-02;4.682931e-02
8.881323e-02;6.979930e-02;2.102967e-01;8.098035e-02;3.907895e-02;4.178466e-02;1.047981e-01;1.203029e-01;7.848991e-02;7.390340e-02;5.409314e-02;3.765934e-02
1.407147e-01;7.980636e-02;1.122672e-01;9.594677e-02;4.697201e-02;1.836858e-02;1.250439e-01;1.736058e-01;8.133212e-02;4.513032e-02;3.729934e-02;4.351289e-02
1.505656e-01;4.818127e-02;9.467696e-02;1.176067e-01;5.735650e-02;2.933590e-02;1.659477e-01;1.477182e-01;6.297312e-02;4.511932e-02;4.343498e-02;3.708387e-02
1.826821e-01;6.800988e-02;1.347858e-01;9.719824e-02;6.657327e-02;2.663659e-02;1.381009e-01;9.223920e-02;5.519745e-02;4.830322e-02;5.543107e-02;3.484225e-02
1.767772e-01;1.058446e-01;1.228960e-01;7.820906e-02;5.692630e-02;1.976160e-02;1.261968e-01;1.177008e-01;4.974633e-02;3.698932e-02;6.957632e-02;3.937561e-02
1.271506e-01;1.326997e-01;1.696474e-01;6.244801e-02;4.884304e-02;1.883925e-02;1.181363e-01;1.637578e-01;4.331275e-02;2.717231e-02;5.387643e-02;3.411634e-02
1.355747e-01;7.246664e-02;1.806627e-01;4.270326e-02;5.067305e-02;3.933512e-02;1.856542e-01;1.319419e-01;5.417629e-02;3.039704e-02;3.517528e-02;4.123984e-02
8.055467e-02;5.985873e-02;2.157833e-01;7.688278e-02;6.139933e-02;4.962114e-02;1.955477e-01;6.247477e-02;4.701058e-02;4.060365e-02;6.268346e-02;4.757993e-02
3.743175e-02;4.829439e-02;1.795465e-01;6.749432e-02;7.832361e-02;6.025356e-02;1.995145e-01;1.235082e-01;7.599881e-02;3.615730e-02;4.751518e-02;4.596185e-02
5.658226e-02;4.108486e-02;1.232008e-01;5.183044e-02;9.206003e-02;6.357682e-02;1.771148e-01;2.062265e-01;8.579030e-02;3.328526e-02;3.224003e-02;3.700786e-02
1.208814e-01;3.756444e-02;6.822986e-02;3.186999e-02;9.959112e-02;4.646615e-02;1.120167e-01;3.361085e-01;7.746708e-02;2.470550e-02;1.861844e-02;2.648074e-02
1.755565e-01;2.451519e-02;2.707993e-02;2.230811e-02;8.393192e-02;2.438353e-02;5.791381e-02;4.714545e-01;5.413253e-02;2.105416e-02;1.166213e-02;2.600774e-02
1.756669e-01;1.093215e-02;3.163045e-02;2.527270e-02;4.187943e-02;1.270841e-02;1.150103e-01;4.661903e-01;4.381691e-02;3.208003e-02;7.904544e-03;3.690799e-02
1.611070e-01;1.210327e-02;2.460629e-02;2.805458e-02;2.546712e-02;1.833030e-02;1.984913e-01;3.625995e-01;3.736943e-02;5.389926e-02;1.331132e-02;6.466063e-02
1.568613e-01;8.523703e-03;2.695622e-02;3.201355e-02;1.140954e-02;2.044777e-02;2.522408e-01;3.118840e-01;3.228743e-02;5.450967e-02;1.717906e-02;7.568696e-02
1.863073e-01;1.611757e-02;3.898518e-02;1.997808e-02;1.828598e-02;1.148313e-02;2.247133e-01;3.226927e-01;3.773266e-02;3.418022e-02;3.717262e-02;5.235124e-02
2.238319e-01;2.601464e-02;5.748151e-02;1.131963e-02;2.258329e-02;1.285461e-02;1.618861e-01;3.138514e-01;2.805811e-02;1.652406e-02;8.867758e-02;3.691721e-02
2.332083e-01;4.596739e-02;8.423482e-02;9.314151e-03;2.986422e-02;1.235442e-02;8.384208e-02;2.702346e-01;4.044436e-02;2.349770e-02;1.326996e-01;3.433839e-02
2.088622e-01;7.074757e-02;1.146873e-01;1.167186e-02;3.504434e-02;1.822856e-02;4.160693e-02;2.174565e-01;4.985937e-02;5.628945e-02;1.427168e-01;3.282905e-02
1.784994e-01;7.727297e-02;1.007910e-01;1.600229e-02;2.665403e-02;1.968169e-02;1.218717e-01;2.021043e-01;4.909525e-02;6.871533e-02;1.168211e-01;2.249087e-02
1.923671e-01;6.081528e-02;6.660113e-02;2.293435e-02;2.410132e-02;8.898796e-03;2.213160e-01;2.076416e-01;3.234237e-02;4.947982e-02;7.972544e-02;3.377676e-02
2.120745e-01;3.608563e-02;8.022948e-02;2.540619e-02;5.244634e-02;1.704519e-02;2.951269e-01;1.111944e-01;3.138362e-02;2.304004e-02;7.707809e-02;3.888964e-02
1.946147e-01;4.249267e-02;8.347844e-02;1.843266e-02;5.531855e-02;3.076183e-02;2.630344e-01;1.354149e-01;5.328945e-02;2.737179e-02;4.461227e-02;5.117837e-02
1.626052e-01;3.235456e-02;9.391663e-02;2.220525e-02;6.436490e-02;4.967560e-02;1.911187e-01;1.824498e-01;5.433677e-02;4.689297e-02;4.513557e-02;5.494405e-02
1.215937e-01;4.363304e-02;1.043583e-01;2.743281e-02;7.824361e-02;4.810367e-02;1.641099e-01;1.428641e-01;3.699765e-02;6.262349e-02;8.479328e-02;8.524656e-02
9.900569e-02;5.102462e-02;1.578474e-01;4.949551e-02;6.880423e-02;4.355501e-02;1.142402e-01;1.027801e-01;5.496571e-02;5.528698e-02;9.287193e-02;1.101226e-01
1.121863e-01;6.942382e-02;2.694756e-01;4.678432e-02;5.199704e-02;3.989331e-02;1.043843e-01;5.516784e-02;6.512751e-02;5.513803e-02;5.388729e-02;7.653467e-02
1.251734e-01;9.999391e-02;2.858081e-01;3.082479e-02;3.458979e-02;3.602838e-02;9.950697e-02;3.395538e-02;7.415260e-02;5.282485e-02;5.278641e-02;7.435548e-02
1.326766e-01;1.396818e-01;2.969519e-01;2.466425e-02;1.808220e-02;3.081130e-02;6.470531e-02;2.750742e-02;8.466938e-02;4.837970e-02;4.345848e-02;8.841172e-02
1.507735e-01;1.615838e-01;2.697597e-01;2.634069e-02;2.110729e-02;3.052584e-02;4.727049e-02;1.670350e-02;8.557346e-02;5.162070e-02;6.337049e-02;7.537060e-02
1.539634e-01;1.324515e-01;1.912750e-01;2.219398e-02;4.902207e-02;3.969786e-02;5.677085e-02;1.508213e-02;6.762102e-02;9.213056e-02;1.301512e-01;4.964044e-02
6.803158e-02;1.282462e-01;1.235387e-01;3.649907e-02;7.719377e-02;5.393799e-02;4.720900e-02;2.436270e-02;6.538967e-02;1.645464e-01;1.604802e-01;5.056460e-02
4.604515e-02;1.037419e-01;1.152897e-01;7.091932e-02;7.975394e-02;3.883548e-02;4.683385e-02;3.712994e-02;8.744153e-02;1.933207e-01;1.162338e-01;6.445473e-02
5.420998e-02;8.399317e-02;1.083357e-01;8.827612e-02;8.420461e-02;3.652250e-02;1.147499e-01;4.230596e-02;1.012842e-01;1.576197e-01;7.535294e-02;5.314514e-02
7.003625e-02;6.203886e-02;2.239106e-01;9.473241e-02;8.718328e-02;4.197457e-02;1.502949e-01;3.751755e-02;6.001331e-02;7.408769e-02;5.598905e-02;4.222145e-02
7.584227e-02;5.481752e-02;2.544587e-01;1.006299e-01;9.355853e-02;3.657854e-02;1.447580e-01;4.672767e-02;6.353347e-02;4.895774e-02;4.148597e-02;3.865180e-02
1.432655e-01;7.547207e-02;2.072953e-01;8.841880e-02;1.104911e-01;3.027335e-02;1.138915e-01;5.484072e-02;6.960750e-02;4.472275e-02;2.962110e-02;3.210034e-02
1.768574e-01;1.014731e-01;1.937824e-01;6.938089e-02;1.137167e-01;2.377320e-02;1.183700e-01;4.815109e-02;5.264065e-02;5.063207e-02;3.035807e-02;2.086440e-02
1.937532e-01;1.242394e-01;2.365462e-01;5.071712e-02;8.662763e-02;1.693794e-02;1.054697e-01;4.015333e-02;3.794927e-02;6.095848e-02;3.092979e-02;1.571791e-02
1.749728e-01;1.051663e-01;2.680609e-01;3.570148e-02;1.586761e-01;3.151384e-02;5.617812e-02;3.499697e-02;2.895022e-02;5.160134e-02;3.016007e-02;2.402182e-02
1.501567e-01;8.006994e-02;2.486089e-01;4.270622e-02;2.014799e-01;7.018858e-02;3.162247e-02;3.036585e-02;2.005419e-02;4.765806e-02;4.012040e-02;3.696887e-02
1.162829e-01;6.188190e-02;2.076807e-01;4.020442e-02;1.629799e-01;1.000524e-01;7.268893e-02;2.418257e-02;3.017200e-02;7.568441e-02;6.528542e-02;4.290441e-02
8.605745e-02;3.697804e-02;2.609296e-01;6.746490e-02;8.161858e-02;8.028521e-02;9.890826e-02;3.868742e-02;5.690202e-02;9.038426e-02;7.355864e-02;2.822560e-02
8.293878e-02;5.358144e-02;3.140358e-01;6.144558e-02;1.074605e-01;3.783403e-02;1.037731e-01;5.585347e-02;5.890074e-02;6.277476e-02;3.718009e-02;2.422181e-02
9.608901e-02;4.537266e-02;2.352434e-01;5.395861e-02;2.120616e-01;4.090625e-02;1.345718e-01;5.039628e-02;5.270566e-02;3.260392e-02;2.146154e-02;2.462934e-02
5.220120e-02;7.227905e-02;1.383609e-01;1.453517e-01;1.420944e-01;9.055057e-02;8.789515e-02;5.738773e-02;6.431842e-02;5.310565e-02;4.692363e-02;4.953155e-02
6.187417e-02;7.946632e-02;1.444754e-01;1.448333e-01;1.095342e-01;1.004973e-01;8.954424e-02;5.461749e-02;7.065250e-02;4.683546e-02;5.366502e-02;4.400468e-02
6.578276e-02;7.570216e-02;1.469457e-01;1.153324e-01;9.053136e-02;9.221522e-02;9.817532e-02;6.086884e-02;6.651646e-02;5.496426e-02;7.899397e-02;5.397162e-02
6.455084e-02;5.591825e-02;1.652316e-01;8.901651e-02;6.873559e-02;8.319339e-02;1.185403e-01;6.800014e-02;6.019394e-02;5.571948e-02;9.162391e-02;7.927604e-02
1.187437e-01;3.761484e-02;1.843596e-01;8.655580e-02;4.903524e-02;7.002798e-02;1.243645e-01;6.499823e-02;5.480062e-02;4.196499e-02;7.357623e-02;9.395817e-02
1.999829e-01;1.285098e-01;2.531679e-01;4.357936e-02;5.948393e-02;3.070249e-02;6.282802e-02;4.406728e-02;4.703308e-02;2.494463e-02;5.312560e-02;5.257505e-02
2.753491e-01;1.642835e-01;2.192077e-01;2.308254e-02;6.304442e-02;1.446196e-02;3.201504e-02;6.740643e-02;2.853080e-02;1.463036e-02;5.599969e-02;4.198842e-02
3.464277e-01;1.386264e-01;1.427678e-01;1.658215e-02;5.468742e-02;1.793715e-02;4.094974e-02;1.019125e-01;2.108612e-02;3.124246e-02;4.586791e-02;4.191279e-02
3.339889e-01;8.404716e-02;8.135491e-02;1.629446e-02;2.965306e-02;4.538409e-02;8.568023e-02;1.245712e-01;1.713314e-02;9.283612e-02;2.369468e-02;6.536201e-02
1.965840e-01;4.766309e-02;5.385910e-02;3.954643e-02;1.184092e-02;7.393070e-02;1.517601e-01;1.138709e-01;1.730167e-02;1.724886e-01;2.175722e-02;9.939730e-02
1.377108e-01;6.357183e-02;4.750426e-02;8.002216e-02;1.101619e-02;6.066349e-02;1.552486e-01;7.838396e-02;1.050057e-02;1.766524e-01;2.423525e-02;1.544906e-01
1.295648e-01;7.254413e-02;3.791856e-02;1.088562e-01;1.469913e-02;3.824493e-02;1.468526e-01;4.589225e-02;4.330545e-03;1.630218e-01;2.371264e-02;2.143624e-01
1.567433e-01;8.354671e-02;2.492221e-02;1.137848e-01;1.847168e-02;3.781049e-02;1.388875e-01;1.265508e-02;1.189696e-02;1.494126e-01;2.570329e-02;2.261653e-01
1.716145e-01;6.148243e-02;3.036992e-02;1.023731e-01;1.374862e-02;5.775360e-02;1.277730e-01;3.959133e-02;1.782563e-02;1.453386e-01;2.971342e-02;2.024158e-01
1.786161e-01;6.302169e-02;4.487981e-02;8.744784e-02;8.010271e-03;8.376147e-02;1.170362e-01;5.271049e-02;2.413305e-02;1.502780e-01;3.108569e-02;1.590195e-01
1.888770e-01;5.561316e-02;7.118152e-02;7.398542e-02;1.226894e-02;8.984149e-02;1.053668e-01;4.893740e-02;3.354724e-02;1.396407e-01;4.358707e-02;1.371534e-01
1.526178e-01;1.084253e-01;7.489201e-02;6.661998e-02;1.469677e-02;7.277463e-02;1.022027e-01;2.813373e-02;4.554823e-02;1.078472e-01;6.375442e-02;1.624872e-01
7.531095e-02;1.127732e-01;1.424594e-01;6.908625e-02;1.846035e-02;4.256259e-02;1.370155e-01;3.936518e-02;2.669106e-02;8.526564e-02;7.722658e-02;1.737832e-01
1.479143e-01;6.466413e-02;1.333137e-01;6.855601e-02;1.509210e-02;2.110297e-02;1.656852e-01;5.163543e-02;1.581688e-02;8.021953e-02;7.736629e-02;1.586335e-01
1.144816e-01;5.580001e-02;6.010509e-02;8.114614e-02;9.744859e-03;1.748857e-02;1.998597e-01;6.347044e-02;2.468399e-02;8.387852e-02;1.161638e-01;1.731773e-01
7.451820e-02;4.641652e-02;6.602430e-02;8.144700e-02;1.455330e-02;2.440250e-02;1.706211e-01;7.958512e-02;3.062242e-02;8.239105e-02;1.560437e-01;1.733749e-01
6.309707e-02;4.759976e-02;8.105084e-02;4.324460e-02;2.345480e-02;3.587748e-02;1.067932e-01;7.306664e-02;4.326730e-02;1.044253e-01;1.938421e-01;1.842810e-01
6.463335e-02;3.463419e-02;7.287264e-02;3.127923e-02;2.907044e-02;4.882984e-02;1.156547e-01;5.469394e-02;6.599097e-02;1.059875e-01;2.081664e-01;1.681868e-01
6.061786e-02;5.711361e-02;7.914671e-02;5.743858e-02;4.366826e-02;4.972778e-02;1.626586e-01;4.672171e-02;7.462754e-02;1.046353e-01;1.380472e-01;1.255968e-01
1.237462e-01;5.936989e-02;1.422389e-01;6.699114e-02;6.665407e-02;5.526906e-02;1.463278e-01;3.799582e-02;6.147641e-02;7.573347e-02;7.299119e-02;9.120610e-02
1.189177e-01;5.983816e-02;1.073260e-01;9.635533e-02;6.538694e-02;5.025379e-02;1.541277e-01;4.420920e-02;5.668338e-02;7.972369e-02;6.347418e-02;1.037039e-01
1.526833e-01;5.227293e-02;5.285307e-02;1.421662e-01;2.811684e-02;3.267071e-02;1.626496e-01;4.938569e-02;3.493379e-02;1.099313e-01;4.695880e-02;1.353778e-01
2.268845e-01;4.092076e-02;6.083980e-02;1.280679e-01;1.964101e-02;3.968650e-02;1.269453e-01;4.546411e-02;1.650788e-02;1.334960e-01;3.576815e-02;1.257780e-01
2.512969e-01;3.370172e-02;5.538119e-02;1.147544e-01;1.979260e-02;4.434323e-02;1.260823e-01;4.226546e-02;1.969123e-02;1.359495e-01;3.601556e-02;1.207259e-01
2.486923e-01;4.386352e-02;4.211732e-02;1.180903e-01;1.937705e-02;3.222875e-02;1.529159e-01;2.921498e-02;1.604142e-02;1.179415e-01;4.021903e-02;1.392979e-01
2.313545e-01;5.216020e-02;4.164556e-02;1.159646e-01;2.098494e-02;2.148455e-02;1.730218e-01;2.174067e-02;1.953994e-02;8.915765e-02;4.491751e-02;1.680280e-01
1.926462e-01;6.098536e-02;3.764093e-02;1.248527e-01;2.517546e-02;2.019318e-02;1.917721e-01;2.088271e-02;2.711948e-02;5.843022e-02;5.163387e-02;1.886677e-01
1.752301e-01;5.944580e-02;3.168185e-02;1.496186e-01;2.075023e-02;1.455424e-02;1.915449e-01;2.350531e-02;2.142313e-02;6.205327e-02;5.130472e-02;1.988878e-01
1.937841e-01;5.193123e-02;3.388132e-02;1.617312e-01;1.657260e-02;2.296894e-02;1.534567e-01;3.169571e-02;1.781600e-02;9.123717e-02;4.361279e-02;1.813123e-01
2.419118e-01;3.416853e-02;4.016735e-02;1.406081e-01;1.426526e-02;5.341663e-02;1.018579e-01;4.037628e-02;4.378786e-02;1.025364e-01;3.406281e-02;1.528411e-01
3.198000e-01;4.307959e-02;5.611959e-02;8.352157e-02;1.325005e-02;7.429486e-02;6.500868e-02;5.430225e-02;7.171142e-02;7.532393e-02;2.469888e-02;1.188892e-01
4.129975e-01;5.606009e-02;7.696122e-02;3.784026e-02;1.736597e-02;5.830378e-02;4.391204e-02;7.575650e-02;7.299921e-02;3.585607e-02;1.685098e-02;9.509641e-02
4.538798e-01;6.961494e-02;1.148134e-01;1.894523e-02;2.881388e-02;2.686271e-02;2.182133e-02;1.171698e-01;4.401040e-02;1.479389e-02;1.561989e-02;7.365481e-02
4.058260e-01;8.904178e-02;1.688722e-01;1.813093e-02;5.222141e-02;8.964322e-03;2.458458e-02;1.267750e-01;2.010599e-02;1.139036e-02;1.781520e-02;5.627226e-02
2.954519e-01;1.243843e-01;2.139492e-01;2.664912e-02;5.593856e-02;1.013412e-02;4.373831e-02;1.037783e-01;2.140285e-02;2.066197e-02;3.323524e-02;5.067608e-02
2.072700e-01;1.514575e-01;2.162564e-01;2.916458e-02;5.208937e-02;1.735721e-02;5.989072e-02;7.340667e-02;3.615549e-02;3.855791e-02;6.795855e-02;5.043557e-02
1.859108e-01;9.983369e-02;2.002184e-01;3.624640e-02;5.404678e-02;3.186952e-02;7.046016e-02;4.598463e-02;3.829010e-02;7.576725e-02;1.113624e-01;5.000988e-02
2.063082e-01;4.698787e-02;1.961977e-01;3.568128e-02;6.223752e-02;4.827439e-02;8.503874e-02;3.805579e-02;6.649242e-02;7.948556e-02;7.438459e-02;6.085594e-02
2.552761e-01;1.166176e-01;1.663589e-01;2.694183e-02;4.548225e-02;3.544570e-02;6.061426e-02;4.793279e-02;4.985239e-02;5.357437e-02;7.231776e-02;6.958599e-02
3.101962e-01;1.783487e-01;1.395313e-01;1.932997e-02;3.474158e-02;2.492115e-02;3.529210e-02;6.099305e-02;3.043849e-02;3.108056e-02;8.690914e-02;4.821778e-02
3.558877e-01;2.063918e-01;1.287237e-01;1.306485e-02;3.290991e-02;1.506652e-02;3.101389e-02;8.930299e-02;1.258557e-02;1.860094e-02;6.930651e-02;2.714562e-02
4.118692e-01;1.777950e-01;7.576109e-02;9.288798e-03;2.613171e-02;1.813147e-02;6.059997e-02;1.216025e-01;1.286515e-02;1.227498e-02;3.351494e-02;4.016517e-02
3.580923e-01;9.902265e-02;6.220962e-02;2.057163e-02;2.050051e-02;4.283812e-02;1.316195e-01;1.347312e-01;1.564033e-02;2.655996e-02;2.437796e-02;6.383623e-02
2.474558e-01;3.441864e-02;8.068255e-02;5.605484e-02;1.857597e-02;6.999569e-02;1.556915e-01;1.555310e-01;1.793382e-02;3.988531e-02;3.818161e-02;8.559334e-02
1.437207e-01;6.289992e-02;1.202254e-01;7.979171e-02;5.376022e-02;6.921274e-02;1.090470e-01;1.463897e-01;1.858775e-02;4.842617e-02;5.913000e-02;8.880874e-02
1.138531e-01;8.685524e-02;2.559364e-01;6.310916e-02;6.876349e-02;4.551644e-02;7.234572e-02;9.127207e-02;2.313851e-02;4.309896e-02;6.371609e-02;7.239477e-02
1.470856e-01;7.271856e-02;2.217704e-01;7.424948e-02;5.106709e-02;6.406555e-02;6.826249e-02;5.526575e-02;3.025008e-02;6.138395e-02;6.682836e-02;8.705272e-02
1.029619e-01;4.217574e-02;1.255501e-01;9.075710e-02;8.615708e-02;6.603497e-02;6.536639e-02;8.095665e-02;3.845056e-02;7.390011e-02;1.069776e-01;1.207118e-01
7.277258e-02;5.289159e-02;8.624657e-02;6.996086e-02;1.398961e-01;3.842638e-02;9.652419e-02;8.936057e-02;3.824527e-02;6.722286e-02;1.238383e-01;1.246146e-01
4.285745e-02;6.348742e-02;7.148731e-02;3.131166e-02;1.481365e-01;3.388844e-02;1.408322e-01;6.421093e-02;3.950971e-02;7.714842e-02;1.236480e-01;1.634820e-01
9.925462e-02;9.263751e-02;1.263877e-01;3.568708e-02;7.202159e-02;3.286196e-02;1.418462e-01;4.271536e-02;3.566136e-02;7.108004e-02;8.254223e-02;1.673044e-01
1.466022e-01;1.036915e-01;1.230444e-01;6.881978e-02;4.191154e-02;5.976699e-02;1.173250e-01;2.913494e-02;3.380783e-02;5.219781e-02;6.621680e-02;1.574813e-01
2.026503e-01;7.145368e-02;8.514205e-02;9.743943e-02;2.768170e-02;1.049862e-01;9.318624e-02;3.690125e-02;3.322342e-02;5.495875e-02;4.272303e-02;1.496539e-01
2.700406e-01;2.985792e-02;1.080026e-01;7.468519e-02;1.497727e-02;1.167474e-01;7.276753e-02;5.923535e-02;4.641067e-02;6.480117e-02;2.859095e-02;1.138834e-01
3.529301e-01;3.884937e-02;9.252602e-02;3.024741e-02;1.390647e-02;8.627991e-02;6.708341e-02;8.320152e-02;5.673350e-02;5.175376e-02;2.763989e-02;9.884858e-02
3.697893e-01;6.876989e-02;1.531673e-01;1.850024e-02;1.785937e-02;3.997122e-02;4.822737e-02;1.010293e-01;4.559251e-02;2.689454e-02;2.668313e-02;8.351572e-02
2.930331e-01;1.129823e-01;1.719658e-01;2.168158e-02;2.936697e-02;4.851900e-02;6.099500e-02;8.839516e-02;3.546070e-02;2.451996e-02;3.603564e-02;7.704483e-02
1.624798e-01;1.120887e-01;1.392693e-01;3.216821e-02;4.491399e-02;9.460301e-02;1.097331e-01;6.004394e-02;3.042732e-02;6.458633e-02;5.249642e-02;9.718993e-02
9.541757e-02;6.068595e-02;1.715876e-01;5.671500e-02;3.393087e-02;9.302615e-02;1.401664e-01;2.642963e-02;2.626502e-02;9.075265e-02;7.445853e-02;1.305647e-01
1.406319e-01;4.254503e-02;6.670476e-02;6.159550e-02;1.530952e-02;4.307739e-02;2.048708e-01;3.149582e-02;1.885559e-02;8.331067e-02;1.015152e-01;1.900878e-01
1.255471e-01;4.176198e-02;8.806146e-02;4.442501e-02;2.294951e-02;3.344199e-02;2.151988e-01;3.183143e-02;2.699076e-02;7.211859e-02;1.234016e-01;1.742718e-01
1.248227e-01;4.052062e-02;1.251310e-01;2.304559e-02;3.569901e-02;7.995350e-02;1.277324e-01;3.884827e-02;3.706007e-02;9.210051e-02;1.620525e-01;1.130338e-01
1.046840e-01;4.215046e-02;1.085600e-01;3.041087e-02;5.431770e-02;1.206077e-01;5.353617e-02;3.743668e-02;4.480087e-02;1.541179e-01;1.867418e-01;6.263598e-02
3.759608e-02;4.785500e-02;1.088445e-01;6.375829e-02;5.955808e-02;9.724256e-02;8.239612e-02;4.029950e-02;8.244302e-02;2.034539e-01;1.288086e-01;4.774433e-02
4.557196e-02;5.177616e-02;1.759391e-01;6.442034e-02;6.920349e-02;4.686049e-02;1.130125e-01;2.975311e-02;1.040361e-01;1.716162e-01;6.265326e-02;6.515729e-02
5.064012e-02;5.651717e-02;2.010370e-01;4.821147e-02;7.685364e-02;4.597407e-02;1.121995e-01;3.254666e-02;6.893761e-02;1.272115e-01;7.879015e-02;1.010811e-01
4.087449e-02;3.918429e-02;1.946693e-01;4.549241e-02;7.579946e-02;6.340819e-02;1.315855e-01;3.366806e-02;3.915056e-02;1.094637e-01;1.048224e-01;1.218816e-01
7.793777e-02;4.067818e-02;9.990948e-02;7.688621e-02;8.260808e-02;6.797403e-02;1.572083e-01;4.824509e-02;2.055002e-02;8.922149e-02;1.128499e-01;1.259314e-01
9.274624e-02;4.360128e-02;1.007330e-01;1.490522e-01;6.302644e-02;3.332556e-02;1.783447e-01;3.929148e-02;2.017587e-02;5.627184e-02;9.096566e-02;1.324658e-01
8.963178e-02;3.395091e-02;5.396957e-02;2.002672e-01;3.821832e-02;2.609232e-02;2.050671e-01;2.557616e-02;1.855526e-02;5.019724e-02;9.300180e-02;1.654724e-01
9.091789e-02;3.752588e-02;3.976091e-02;1.900689e-01;2.585549e-02;3.299895e-02;2.381025e-01;1.704972e-02;1.150228e-02;4.842861e-02;9.331889e-02;1.744700e-01
9.791216e-02;5.102507e-02;4.247382e-02;1.609578e-01;2.391070e-02;3.086889e-02;2.465003e-01;3.270382e-02;1.084800e-02;5.605271e-02;7.375462e-02;1.729921e-01
8.998710e-02;6.404892e-02;5.316010e-02;1.328604e-01;2.719299e-02;1.990473e-02;2.196427e-01;5.286668e-02;1.650633e-02;8.003750e-02;7.206179e-02;1.717308e-01
6.769589e-02;1.021730e-01;4.416920e-02;9.004720e-02;6.941755e-02;1.872692e-02;1.785765e-01;4.399326e-02;2.190296e-02;1.021759e-01;8.357999e-02;1.775417e-01
4.824691e-02;1.152125e-01;4.810025e-02;8.784877e-02;1.465791e-01;3.055863e-02;1.200112e-01;3.538631e-02;2.793023e-02;8.703061e-02;9.396715e-02;1.591284e-01
5.353939e-02;8.003833e-02;4.655120e-02;1.542591e-01;1.872122e-01;4.909642e-02;9.758205e-02;4.830914e-02;3.556667e-02;5.041960e-02;8.600159e-02;1.114243e-01
4.070204e-02;3.856251e-02;4.258636e-02;1.147722e-01;2.288089e-01;5.979864e-02;1.142876e-01;9.039285e-02;5.239063e-02;4.382662e-02;9.456285e-02;7.930882e-02
2.658536e-02;1.272684e-02;5.385181e-02;3.633425e-02;2.278177e-01;5.577648e-02;9.875867e-02;1.202393e-01;1.175762e-01;5.270032e-02;1.218348e-01;7.579824e-02
3.176282e-02;1.398821e-02;5.358106e-02;2.467287e-02;1.767468e-01;5.344063e-02;7.140981e-02;7.806133e-02;1.978564e-01;7.257666e-02;1.503373e-01;7.556610e-02
2.493905e-02;2.141068e-02;8.658775e-02;2.578887e-02;1.176303e-01;6.379981e-02;6.268032e-02;2.905894e-02;2.324838e-01;9.585438e-02;1.725717e-01;6.719437e-02
3.288001e-02;1.691031e-02;1.087337e-01;1.912575e-02;6.505170e-02;8.986268e-02;4.757190e-02;2.552682e-02;2.231140e-01;1.069626e-01;2.037085e-01;6.055204e-02
2.966911e-02;9.498206e-03;1.304079e-01;8.353829e-03;3.751897e-02;1.095459e-01;4.524150e-02;2.199208e-02;1.871127e-01;1.289815e-01;2.309688e-01;6.070942e-02
2.933940e-02;1.960107e-02;1.302563e-01;1.367459e-02;3.873471e-02;1.024453e-01;1.137605e-01;3.873519e-02;1.343543e-01;1.227726e-01;1.905164e-01;6.580953e-02
7.666331e-02;3.180432e-02;1.282625e-01;2.698813e-02;3.845724e-02;7.919348e-02;1.703814e-01;5.309276e-02;8.535083e-02;9.147382e-02;1.264380e-01;9.189416e-02
1.412224e-01;5.891247e-02;8.031603e-02;4.558156e-02;3.585781e-02;4.626679e-02;1.798921e-01;4.279215e-02;5.195688e-02;7.168415e-02;1.102879e-01;1.352297e-01
1.633298e-01;4.179762e-02;1.070646e-01;6.260527e-02;2.974099e-02;2.066674e-02;1.391935e-01;2.067255e-02;2.979610e-02;7.922152e-02;1.320232e-01;1.738882e-01
1.996359e-01;4.364375e-02;1.080510e-01;5.896714e-02;2.201921e-02;3.264751e-02;9.040670e-02;1.921846e-02;2.451174e-02;7.887413e-02;1.482608e-01;1.737637e-01
2.115923e-01;4.867790e-02;1.850190e-01;5.140466e-02;2.408444e-02;3.159871e-02;6.074924e-02;1.811205e-02;2.458317e-02;7.785843e-02;1.339894e-01;1.323307e-01
1.789432e-01;4.684913e-02;2.914320e-01;3.427351e-02;1.957795e-02;2.664765e-02;8.670581e-02;2.637220e-02;1.834599e-02;5.665807e-02;1.229573e-01;9.123720e-02
1.113220e-01;4.415476e-02;4.291310e-01;3.433626e-02;2.329187e-02;1.761379e-02;8.718552e-02;2.283134e-02;1.271387e-02;3.989103e-02;1.130247e-01;6.450386e-02
6.236104e-02;3.352837e-02;4.830668e-01;2.784676e-02;3.463906e-02;1.719808e-02;6.340758e-02;2.349162e-02;1.929578e-02;5.131185e-02;1.205620e-01;6.329114e-02
4.106814e-02;5.655125e-02;3.977368e-01;2.202854e-02;3.022031e-02;3.181951e-02;5.001843e-02;2.643829e-02;3.092824e-02;8.966541e-02;1.472495e-01;7.627560e-02
