1.722263e-01;1.057329e-01;1.769915e-02;3.017694e-02;2.724996e-02;2.528312e-02;1.398239e-01;1.305351e-01;1.384105e-02;3.102528e-02;2.674597e-01;3.894662e-02
1.245349e-01;1.291776e-01;3.609643e-02;3.469809e-02;2.946261e-02;3.752443e-02;1.189850e-01;1.728056e-01;2.715852e-02;3.310685e-02;2.207872e-01;3.566276e-02
1.308582e-01;1.493650e-01;5.406874e-02;2.421325e-02;3.629792e-02;3.386671e-02;6.707811e-02;1.858764e-01;3.856234e-02;3.381578e-02;2.182229e-01;2.777462e-02
8.825028e-02;1.090609e-01;4.614387e-02;3.771070e-02;3.380219e-02;4.060460e-02;1.322766e-01;2.205072e-01;3.083135e-02;3.513970e-02;1.987364e-01;2.693611e-02
2.102036e-01;1.597580e-01;3.015460e-02;1.988842e-02;2.224021e-02;4.298582e-02;2.040224e-01;9.758624e-02;1.732829e-02;2.236726e-02;1.597858e-01;1.367944e-02
2.465824e-01;1.171802e-01;1.520139e-02;8.731459e-03;9.304610e-03;3.842742e-02;2.367203e-01;1.582418e-01;1.150075e-02;1.893875e-02;1.310736e-01;8.097321e-03
2.360496e-01;1.104366e-01;1.228553e-02;1.156304e-02;1.435713e-02;4.514042e-02;2.747175e-01;1.616304e-01;6.551162e-03;1.481379e-02;1.075720e-01;4.882785e-03
2.111982e-01;1.165011e-01;9.662053e-03;1.557162e-02;2.176077e-02;5.538085e-02;3.248116e-01;1.491640e-01;5.600401e-03;1.141068e-02;7.437098e-02;4.567740e-03
2.280510e-01;1.212736e-01;5.619667e-03;1.219423e-02;1.849743e-02;5.966621e-02;3.584479e-01;1.290251e-01;4.614060e-03;6.657790e-03;5.159858e-02;4.354456e-03
2.299871e-01;1.445666e-01;6.058531e-03;6.268463e-03;1.205468e-02;6.733268e-02;3.954601e-01;9.747152e-02;6.122692e-03;6.492035e-03;2.314468e-02;5.040928e-03
1.552384e-01;1.588435e-01;5.591763e-03;6.128451e-03;1.108292e-02;6.925581e-02;4.245777e-01;1.283083e-01;1.196360e-02;4.710285e-03;2.007284e-02;4.226415e-03
6.561158e-02;1.623752e-01;6.046034e-03;6.156503e-03;1.270280e-02;6.766941e-02;4.606035e-01;1.702353e-01;2.473116e-02;5.570070e-03;1.567422e-02;2.624156e-03
1.600819e-02;1.654600e-01;6.881738e-03;3.876009e-03;1.791928e-02;6.326259e-02;4.706735e-01;1.894716e-01;2.821047e-02;1.010644e-02;2.380230e-02;4.327826e-03
3.258654e-02;1.757648e-01;1.042027e-02;4.653824e-03;2.360865e-02;4.838896e-02;4.570755e-01;1.886029e-01;1.746806e-02;1.190095e-02;2.753893e-02;1.990668e-03
3.270740e-02;1.901367e-01;1.709779e-02;7.232362e-03;3.167040e-02;3.310582e-02;4.543844e-01;1.873005e-01;8.639045e-03;1.194433e-02;2.470455e-02;1.076705e-03
1.289241e-02;1.795736e-01;2.027544e-02;1.207930e-02;3.732738e-02;2.807732e-02;4.490394e-01;2.014734e-01;1.128053e-02;9.505986e-03;3.357418e-02;4.900997e-03
1.896497e-02;1.600457e-01;1.492835e-02;1.255275e-02;4.147839e-02;1.893735e-02;4.149736e-01;2.740390e-01;1.200962e-02;8.200172e-03;2.082017e-02;3.049964e-03
1.819388e-02;1.299816e-01;1.073598e-02;1.543643e-02;2.887901e-02;3.395693e-02;3.976238e-01;3.113917e-01;1.718613e-02;1.130569e-02;1.830737e-02;7.001517e-03
3.399469e-02;1.376063e-01;1.038272e-02;1.119092e-02;1.371713e-02;4.305416e-02;4.020278e-01;2.885970e-01;2.312010e-02;1.149521e-02;2.267508e-02;2.138932e-03
3.559304e-02;1.755382e-01;1.166955e-02;6.566903e-03;1.143603e-02;4.514784e-02;4.016486e-01;2.497082e-01;2.448585e-02;1.015000e-02;2.597224e-02;2.083570e-03
3.058231e-02;2.181688e-01;1.059160e-02;3.065212e-03;1.301156e-02;4.332204e-02;3.963217e-01;2.104082e-01;2.605320e-02;1.033658e-02;3.499421e-02;3.144627e-03
5.414104e-02;2.410396e-01;9.326392e-03;1.722208e-03;1.057937e-02;4.222532e-02;3.812648e-01;1.726198e-01;2.667047e-02;1.042378e-02;4.479748e-02;5.189602e-03
1.145360e-01;2.249797e-01;8.308057e-03;3.062000e-03;1.119026e-02;4.622471e-02;3.603706e-01;1.410710e-01;2.198931e-02;1.008317e-02;5.068823e-02;7.496929e-03
1.872911e-01;1.798041e-01;1.439731e-02;1.424856e-02;1.562955e-02;6.110242e-02;3.318820e-01;1.040360e-01;1.511572e-02;1.186874e-02;5.558648e-02;9.038139e-03
2.087710e-01;1.122507e-01;1.939447e-02;2.940228e-02;2.827416e-02;8.715812e-02;3.491856e-01;4.342909e-02;9.164042e-03;1.304747e-02;8.470700e-02;1.521608e-02
1.135224e-01;3.005797e-02;1.659139e-02;3.159540e-02;2.952764e-02;9.233661e-02;4.496742e-01;1.400903e-01;9.007179e-03;1.330440e-02;6.185621e-02;1.243636e-02
7.065294e-02;2.636634e-02;1.182237e-02;3.068407e-02;3.844129e-02;9.972657e-02;4.942622e-01;1.644754e-01;6.123922e-03;1.649399e-02;2.998432e-02;1.096664e-02
6.876188e-02;2.862318e-02;7.529608e-03;3.339250e-02;5.430696e-02;1.172186e-01;5.020160e-01;1.341333e-01;5.867159e-03;2.043162e-02;2.126685e-02;6.452367e-03
7.027975e-02;2.886394e-02;8.282091e-03;2.983546e-02;6.260995e-02;1.430287e-01;5.064983e-01;9.203357e-02;6.559942e-03;2.300898e-02;2.477357e-02;4.225668e-03
7.056670e-02;5.956583e-02;1.289795e-02;2.202810e-02;4.814658e-02;1.248831e-01;4.427487e-01;1.306834e-01;8.105676e-03;1.938973e-02;5.552993e-02;5.454367e-03
1.401846e-01;9.048443e-02;1.738483e-02;1.384265e-02;3.315865e-02;9.634135e-02;3.532827e-01;1.614162e-01;7.234325e-03;1.484448e-02;6.598054e-02;5.845216e-03
2.381828e-01;9.526450e-02;2.107165e-02;2.262704e-02;3.272903e-02;9.646570e-02;2.972680e-01;1.319784e-01;9.577959e-03;1.034263e-02;3.693738e-02;7.554991e-03
3.032268e-01;5.735006e-02;1.439873e-02;3.424439e-02;4.032053e-02;1.000713e-01;2.621863e-01;1.210771e-01;2.856952e-02;1.247793e-02;2.044517e-02;5.632220e-03
3.130431e-01;3.615372e-02;8.541890e-03;2.431225e-02;4.556926e-02;1.081368e-01;2.668431e-01;1.038979e-01;5.836118e-02;1.780505e-02;1.178579e-02;5.550001e-03
3.047096e-01;2.436417e-02;6.751309e-03;1.640326e-02;5.664957e-02;1.205001e-01;2.782902e-01;7.708915e-02;6.084401e-02;3.178090e-02;1.603292e-02;6.584847e-03
2.750975e-01;2.731054e-02;5.960204e-03;1.317021e-02;6.948128e-02;1.305715e-01;2.976307e-01;7.049546e-02;3.836834e-02;3.839888e-02;2.864882e-02;4.866667e-03
2.314352e-01;3.288594e-02;6.137238e-03;1.490446e-02;7.360391e-02;1.297585e-01;3.361446e-01;8.990701e-02;2.183757e-02;3.637948e-02;2.286913e-02;4.136925e-03
1.940054e-01;3.775473e-02;5.578595e-03;1.553314e-02;6.519829e-02;1.238103e-01;3.760448e-01;1.005480e-01;1.452041e-02;3.456591e-02;2.938650e-02;3.053959e-03
1.717344e-01;3.069794e-02;8.687180e-03;1.714466e-02;5.657626e-02;1.163904e-01;3.967100e-01;1.370621e-01;1.034700e-02;2.918324e-02;2.026015e-02;5.206578e-03
1.429802e-01;6.685498e-02;1.908022e-02;2.690506e-02;5.735945e-02;1.034044e-01;3.551860e-01;1.317510e-01;1.477446e-02;2.614299e-02;4.417477e-02;1.138650e-02
1.584954e-01;8.213905e-02;3.102057e-02;4.659601e-02;6.151705e-02;8.410835e-02;2.842528e-01;7.945565e-02;2.454495e-02;2.997135e-02;1.039892e-01;1.390962e-02
1.742446e-01;1.216898e-01;3.078081e-02;6.028544e-02;5.314672e-02;6.970415e-02;2.002336e-01;1.179728e-01;4.279141e-02;2.980317e-02;8.397358e-02;1.537405e-02
1.733344e-01;1.388245e-01;3.903157e-02;6.316694e-02;4.050213e-02;6.852315e-02;2.146716e-01;9.437295e-02;5.573209e-02;3.411719e-02;6.029209e-02;1.743142e-02
1.104912e-01;8.981025e-02;7.534365e-02;1.013891e-01;3.823120e-02;6.073172e-02;1.712119e-01;1.925367e-01;6.908470e-02;4.781044e-02;1.238393e-02;3.097527e-02
1.207398e-01;1.224616e-01;8.132429e-02;8.690970e-02;2.564831e-02;4.960570e-02;1.393047e-01;1.799347e-01;6.819230e-02;4.068043e-02;4.858578e-02;3.661260e-02
1.454013e-01;1.007314e-01;8.346497e-02;6.777903e-02;3.188468e-02;4.341175e-02;1.433160e-01;1.698011e-01;8.618002e-02;2.937698e-02;5.303291e-02;4.561988e-02
1.972900e-01;5.542836e-02;6.616697e-02;4.657163e-02;3.406626e-02;5.180082e-02;1.304476e-01;2.298244e-01;7.792297e-02;2.779002e-02;4.548813e-02;3.720279e-02
1.189486e-01;6.282848e-02;1.807664e-02;8.079257e-03;2.039691e-02;4.875412e-02;2.974992e-01;2.714785e-01;2.705763e-02;2.451595e-02;8.276135e-02;1.960335e-02
7.270447e-02;5.505187e-02;8.477457e-03;6.312040e-03;1.802154e-02;5.365557e-02;3.794708e-01;2.886285e-01;2.086897e-02;1.660383e-02;7.031398e-02;9.890925e-03
5.943111e-02;5.809540e-02;1.261617e-02;9.972298e-03;2.152574e-02;6.601024e-02;3.773248e-01;2.810760e-01;1.817524e-02;1.634031e-02;7.241231e-02;7.020358e-03
8.494239e-02;6.889103e-02;2.174613e-02;1.269248e-02;3.141771e-02;8.837539e-02;2.877098e-01;2.618140e-01;1.949122e-02;2.435265e-02;8.748461e-02;1.108263e-02
1.344914e-01;4.247360e-02;2.206570e-02;1.184772e-02;4.222626e-02;1.161279e-01;3.191974e-01;1.937596e-01;1.619177e-02;2.378154e-02;6.112115e-02;1.671589e-02
1.216762e-01;5.852289e-02;2.662933e-02;1.996329e-02;4.650865e-02;1.019318e-01;3.751188e-01;1.107301e-01;2.114818e-02;1.732220e-02;9.128831e-02;9.160293e-03
7.864640e-02;4.992856e-02;2.598182e-02;3.274046e-02;5.381813e-02;9.273043e-02;2.953237e-01;1.965557e-01;3.006084e-02;2.739122e-02;9.598254e-02;2.084011e-02
6.370214e-02;4.745059e-02;1.786778e-02;2.336000e-02;3.190032e-02;7.251574e-02;2.760579e-01;2.349695e-01;2.088974e-02;2.491370e-02;1.672219e-01;1.915068e-02
6.963801e-02;5.528754e-02;1.985114e-02;1.606864e-02;1.749155e-02;4.402198e-02;1.868917e-01;1.937608e-01;1.380271e-02;2.643183e-02;3.393251e-01;1.742904e-02
8.798019e-02;5.765469e-02;2.457722e-02;1.869235e-02;1.008943e-02;2.822678e-02;7.207797e-02;1.104912e-01;8.823803e-03;2.603850e-02;5.350156e-01;2.033226e-02
9.883344e-02;6.739609e-02;2.888217e-02;1.768617e-02;8.350923e-03;2.131697e-02;3.746229e-02;5.887135e-02;1.324260e-02;2.722870e-02;5.985562e-01;2.217303e-02
6.959491e-02;1.103035e-01;3.688739e-02;1.774259e-02;1.180515e-02;2.812456e-02;5.975047e-02;6.812792e-02;1.831338e-02;3.268485e-02;5.252987e-01;2.136651e-02
9.605056e-02;1.368881e-01;4.223994e-02;2.417396e-02;1.958423e-02;3.664596e-02;1.142995e-01;1.123203e-01;1.580660e-02;3.232640e-02;3.451222e-01;2.454206e-02
1.478507e-01;1.277234e-01;3.906482e-02;2.380959e-02;1.955975e-02;3.391842e-02;1.060341e-01;1.160666e-01;1.296045e-02;2.918829e-02;3.139938e-01;2.983012e-02
1.286043e-01;8.316283e-02;4.573366e-02;2.464299e-02;2.016545e-02;3.127286e-02;8.734722e-02;1.137949e-01;1.110769e-02;2.284825e-02;3.896840e-01;4.163589e-02
1.227848e-01;1.100294e-01;4.487931e-02;2.904479e-02;1.902652e-02;1.908125e-02;1.555283e-01;5.972388e-02;1.039558e-02;1.967905e-02;3.785936e-01;3.123350e-02
1.514059e-01;7.190811e-02;4.025354e-02;2.383343e-02;1.497626e-02;2.498739e-02;1.441736e-01;8.140672e-02;1.989132e-02;2.596253e-02;3.827480e-01;1.845324e-02
1.232874e-01;6.601470e-02;3.782786e-02;2.524849e-02;3.034338e-02;3.621572e-02;1.102084e-01;3.618065e-02;2.411193e-02;3.792090e-02;4.497258e-01;2.291486e-02
9.238901e-02;6.780350e-02;3.188292e-02;3.300037e-02;3.686954e-02;2.813872e-02;7.618796e-02;6.896770e-02;2.107954e-02;3.764714e-02;4.762882e-01;2.974536e-02
1.567523e-01;8.323174e-02;4.146231e-02;3.550075e-02;2.860810e-02;3.587035e-02;1.118690e-01;6.728835e-02;2.011804e-02;2.880112e-02;3.601322e-01;3.036573e-02
1.380926e-01;9.904740e-02;4.380802e-02;6.142522e-02;4.158168e-02;4.126481e-02;1.689255e-01;1.560415e-01;3.088113e-02;2.554649e-02;1.608692e-01;3.251653e-02
1.340930e-01;1.346744e-01;4.962011e-02;7.849450e-02;5.007968e-02;5.830674e-02;1.523405e-01;1.508331e-01;3.727438e-02;3.182250e-02;8.906303e-02;3.339812e-02
1.193729e-01;1.377151e-01;4.484748e-02;7.919927e-02;5.063153e-02;7.386919e-02;1.572791e-01;1.429757e-01;4.014716e-02;2.622056e-02;9.229723e-02;3.544495e-02
1.205365e-01;1.208711e-01;5.935362e-02;5.432979e-02;5.299869e-02;1.020456e-01;1.347344e-01;1.260068e-01;4.684028e-02;2.717337e-02;1.280707e-01;2.703922e-02
1.237545e-01;8.287569e-02;6.422953e-02;8.580200e-02;7.058813e-02;1.282216e-01;1.141537e-01;1.012141e-01;3.705124e-02;2.861634e-02;1.341195e-01;2.937364e-02
1.363002e-01;8.116266e-02;5.322929e-02;7.205671e-02;5.699732e-02;1.141002e-01;1.235827e-01;9.556915e-02;3.189303e-02;3.384488e-02;1.513966e-01;4.986725e-02
1.259453e-01;9.735648e-02;5.592867e-02;6.479454e-02;5.847235e-02;1.131693e-01;7.441199e-02;1.409775e-01;6.577913e-02;3.987079e-02;1.143644e-01;4.892958e-02
9.635735e-02;1.200859e-01;5.395961e-02;3.330224e-02;6.371412e-02;1.045196e-01;5.685788e-02;1.434509e-01;1.096373e-01;3.892270e-02;1.435257e-01;3.566664e-02
1.284071e-01;1.105895e-01;2.295329e-02;2.736198e-02;4.342324e-02;7.485251e-02;8.942671e-02;1.713288e-01;9.188144e-02;2.940685e-02;1.842109e-01;2.615762e-02
2.138016e-01;9.577425e-02;1.905942e-02;3.147445e-02;1.843565e-02;6.237660e-02;2.102275e-01;9.770889e-02;3.473292e-02;2.490768e-02;1.813979e-01;1.010314e-02
2.665593e-01;1.035476e-01;1.824917e-02;1.789589e-02;1.487018e-02;7.102615e-02;2.259359e-01;8.713970e-02;1.438122e-02;2.386289e-02;1.436651e-01;1.286687e-02
3.282244e-01;1.048509e-01;1.462780e-02;1.644999e-02;1.586256e-02;7.961851e-02;2.378301e-01;9.702029e-02;1.026490e-02;2.352965e-02;6.232575e-02;9.395160e-03
3.649533e-01;9.157429e-02;1.668063e-02;1.409494e-02;2.523506e-02;7.233135e-02;1.895941e-01;6.475490e-02;1.510982e-02;2.061984e-02;1.089698e-01;1.608197e-02
3.289805e-01;4.994617e-02;2.766457e-02;1.031302e-02;4.277038e-02;8.265620e-02;1.472562e-01;2.597269e-02;2.061828e-02;1.237955e-02;2.225639e-01;2.887842e-02
1.676566e-01;3.286000e-02;2.795887e-02;1.668731e-02;5.498611e-02;9.845220e-02;1.463820e-01;3.759434e-02;1.994053e-02;7.367622e-03;3.497887e-01;4.032568e-02
1.129399e-01;5.580819e-02;2.946209e-02;1.662707e-02;4.667735e-02;8.945046e-02;7.510652e-02;2.630752e-02;1.274753e-02;1.118965e-02;4.817723e-01;4.191134e-02
1.474591e-01;4.792648e-02;2.374241e-02;1.844697e-02;3.361034e-02;5.939626e-02;6.345508e-02;2.601557e-02;1.153418e-02;1.367507e-02;5.282778e-01;2.646077e-02
1.328266e-01;5.094992e-02;2.276545e-02;1.986692e-02;2.668807e-02;2.918550e-02;6.537382e-02;2.425671e-02;1.106881e-02;1.484665e-02;5.826430e-01;1.952856e-02
9.878320e-02;5.766597e-02;2.398751e-02;1.529742e-02;2.273492e-02;3.022550e-02;6.322438e-02;2.894941e-02;8.052284e-03;1.640232e-02;6.188192e-01;1.585792e-02
9.357543e-02;6.042059e-02;2.639925e-02;1.845578e-02;1.984403e-02;2.749343e-02;7.357627e-02;5.115690e-02;9.453625e-03;1.640050e-02;5.933325e-01;9.891626e-03
3.429733e-02;6.829067e-02;3.647328e-02;3.183723e-02;2.922226e-02;1.903831e-02;7.527260e-02;6.237045e-02;1.457006e-02;2.213306e-02;5.993784e-01;7.116331e-03
7.739647e-02;8.901962e-02;5.108190e-02;3.886379e-02;3.050073e-02;4.273977e-02;8.277774e-02;6.049318e-02;2.034463e-02;2.165758e-02;4.759495e-01;9.175165e-03
6.071711e-02;1.127464e-01;5.665621e-02;4.271191e-02;5.024151e-02;5.795280e-02;1.282815e-01;8.219904e-02;3.118739e-02;2.736464e-02;3.397278e-01;1.021368e-02
7.593170e-02;1.338603e-01;5.055965e-02;3.444009e-02;4.619937e-02;4.935519e-02;1.522377e-01;8.365767e-02;4.162958e-02;4.011161e-02;2.803285e-01;1.168856e-02
4.857543e-02;1.043386e-01;4.047324e-02;4.514628e-02;4.325405e-02;3.928685e-02;1.563146e-01;7.953232e-02;1.122199e-01;5.252837e-02;2.642932e-01;1.403721e-02
4.699808e-02;9.165422e-02;5.181231e-02;8.260954e-02;4.477451e-02;4.031507e-02;1.154467e-01;1.158000e-01;1.653839e-01;4.812138e-02;1.867620e-01;1.032220e-02
3.917851e-02;1.032948e-01;9.745160e-02;1.257592e-01;3.971173e-02;4.114943e-02;9.294613e-02;1.190237e-01;1.380630e-01;4.061518e-02;1.505356e-01;1.227116e-02
5.725708e-02;1.117413e-01;1.386759e-01;1.021428e-01;5.603455e-02;3.375031e-02;7.877501e-02;1.027036e-01;8.788138e-02;5.390768e-02;1.587462e-01;1.838412e-02
7.472756e-02;1.028696e-01;1.117441e-01;8.270418e-02;9.241371e-02;3.191147e-02;6.471724e-02;1.419791e-01;9.311817e-02;4.050064e-02;1.522535e-01;1.106067e-02
1.039901e-01;1.026404e-01;9.832482e-02;7.093182e-02;9.763894e-02;3.730968e-02;8.417406e-02;1.477689e-01;7.716828e-02;4.111090e-02;1.200782e-01;1.886396e-02
1.388091e-01;6.983048e-02;9.968833e-02;8.230641e-02;8.820209e-02;5.243228e-02;7.250610e-02;1.571374e-01;7.881456e-02;5.060193e-02;1.020464e-01;7.624923e-03
1.480352e-01;6.271251e-02;7.735249e-02;8.146062e-02;5.536349e-02;6.169093e-02;8.761280e-02;1.779566e-01;8.909131e-02;6.254841e-02;7.699124e-02;1.918436e-02
1.295952e-01;3.609445e-02;5.081517e-02;7.025682e-02;4.881570e-02;7.546152e-02;1.227067e-01;2.499291e-01;7.487194e-02;5.720894e-02;5.163773e-02;3.260658e-02
1.087488e-01;8.269951e-02;5.957676e-02;5.470297e-02;5.855401e-02;8.411048e-02;1.039845e-01;2.146216e-01;8.873308e-02;4.534857e-02;5.755602e-02;4.136360e-02
8.199956e-02;9.308209e-02;5.927175e-02;4.542375e-02;6.376475e-02;9.113582e-02;1.092666e-01;1.676122e-01;8.908122e-02;5.878331e-02;1.061176e-01;3.446137e-02
9.173259e-02;7.225963e-02;6.109330e-02;3.547550e-02;4.426328e-02;8.146055e-02;1.111861e-01;2.063881e-01;1.040436e-01;5.434006e-02;1.056000e-01;3.215730e-02
1.225501e-01;5.788032e-02;7.748912e-02;3.358564e-02;7.055703e-02;5.381243e-02;8.378288e-02;2.405968e-01;1.062483e-01;4.903695e-02;7.619470e-02;2.826577e-02
1.015233e-01;6.781539e-02;7.728824e-02;6.527893e-02;6.884006e-02;5.268370e-02;1.072034e-01;2.268796e-01;8.194055e-02;5.216800e-02;6.803220e-02;3.034666e-02
7.034271e-02;7.692001e-02;6.429906e-02;8.763286e-02;5.352180e-02;6.168133e-02;1.399017e-01;2.202144e-01;6.416608e-02;4.593938e-02;8.012194e-02;3.525871e-02
1.113527e-01;1.012656e-01;6.359387e-02;8.709307e-02;8.265411e-02;5.165819e-02;1.253096e-01;1.916917e-01;4.102672e-02;4.909484e-02;6.184851e-02;3.341112e-02
1.092515e-01;1.149520e-01;6.352839e-02;4.681432e-02;8.580695e-02;5.349853e-02;1.034569e-01;1.869960e-01;4.604810e-02;4.404622e-02;1.176220e-01;2.797904e-02
1.163143e-01;1.184459e-01;5.753690e-02;3.446662e-02;8.770462e-02;5.592474e-02;9.740701e-02;1.847908e-01;4.971823e-02;4.052079e-02;1.325465e-01;2.462371e-02
1.136452e-01;1.367751e-01;5.759222e-02;4.251731e-02;7.853240e-02;6.594358e-02;1.065390e-01;1.324104e-01;5.411794e-02;4.219000e-02;1.331730e-01;3.656375e-02
1.439058e-01;1.132699e-01;4.211538e-02;3.927156e-02;4.977767e-02;5.444713e-02;1.115156e-01;8.533128e-02;3.769519e-02;5.213947e-02;2.214992e-01;4.903184e-02
1.483267e-01;1.227021e-01;3.896398e-02;4.118342e-02;4.071112e-02;3.611205e-02;7.747116e-02;1.228263e-01;3.015498e-02;4.446290e-02;2.552415e-01;4.184382e-02
1.401928e-01;1.132640e-01;2.951763e-02;3.547310e-02;4.488130e-02;4.275664e-02;1.133121e-01;1.563600e-01;3.663767e-02;3.009445e-02;2.244140e-01;3.309630e-02
9.958885e-02;1.242798e-01;2.058131e-02;1.919262e-02;3.764252e-02;6.350814e-02;1.765931e-01;2.032845e-01;7.920681e-02;4.647228e-02;1.166922e-01;1.295801e-02
1.570492e-01;8.865886e-02;1.429173e-02;1.491845e-02;2.689420e-02;5.163417e-02;1.927357e-01;1.959583e-01;6.412342e-02;3.734066e-02;1.525106e-01;3.884717e-03
1.866044e-01;9.172781e-02;1.609977e-02;1.084995e-02;2.950612e-02;5.492091e-02;2.387753e-01;1.614100e-01;5.209851e-02;2.772456e-02;1.240842e-01;6.198505e-03
2.021218e-01;7.874461e-02;2.270869e-02;1.283186e-02;4.033991e-02;7.349046e-02;2.508708e-01;8.168496e-02;4.054801e-02;2.731237e-02;1.612018e-01;8.144712e-03
2.115301e-01;5.867914e-02;1.677662e-02;1.568017e-02;3.524677e-02;9.329884e-02;2.206130e-01;5.653044e-02;2.968852e-02;3.313820e-02;2.220251e-01;6.793088e-03
2.032765e-01;4.663526e-02;1.390372e-02;1.691913e-02;3.740334e-02;1.080025e-01;2.180177e-01;9.229071e-02;3.267150e-02;4.429888e-02;1.795793e-01;7.001542e-03
1.730053e-01;3.042765e-02;2.804556e-02;3.433926e-02;7.002631e-02;1.193021e-01;1.924102e-01;2.409030e-02;4.349982e-02;6.159872e-02;2.105192e-01;1.273564e-02
1.107697e-01;2.900771e-02;3.680773e-02;4.175594e-02;8.218043e-02;1.258198e-01;2.584785e-01;5.728609e-02;5.710994e-02;5.275866e-02;1.354217e-01;1.260393e-02
4.584137e-02;5.778890e-02;3.350207e-02;2.619682e-02;5.102575e-02;1.055635e-01;3.185138e-01;1.497220e-01;4.531397e-02;3.124109e-02;1.280925e-01;7.198193e-03
7.264422e-02;6.811177e-02;2.982382e-02;2.954099e-02;3.165477e-02;8.369461e-02;3.201209e-01;1.608646e-01;2.857129e-02;2.569545e-02;1.405217e-01;8.755832e-03
1.543955e-01;8.800450e-02;2.570827e-02;5.595150e-02;2.770189e-02;8.770906e-02;2.843069e-01;1.241850e-01;5.199186e-02;3.721912e-02;5.331629e-02;9.510087e-03
9.000835e-02;7.212441e-02;2.485359e-02;4.349906e-02;3.609042e-02;8.479658e-02;3.142469e-01;1.397945e-01;7.154627e-02;3.123886e-02;8.575111e-02;6.049932e-03
8.894727e-02;5.649237e-02;2.091299e-02;2.908381e-02;4.161075e-02;9.640298e-02;3.113055e-01;1.337416e-01;6.768777e-02;2.138877e-02;1.250015e-01;7.424766e-03
8.047381e-02;8.012790e-02;3.214586e-02;4.614229e-02;5.971096e-02;7.541286e-02;2.568963e-01;1.815735e-01;3.865867e-02;4.099037e-02;1.001496e-01;7.717857e-03
9.428322e-02;6.833754e-02;2.628100e-02;4.571105e-02;4.307186e-02;8.122055e-02;2.943296e-01;2.073244e-01;1.517436e-02;3.280944e-02;8.465641e-02;6.800603e-03
9.209345e-02;6.636307e-02;2.848830e-02;4.772461e-02;4.218717e-02;9.535833e-02;2.978154e-01;1.700389e-01;1.675046e-02;1.842978e-02;1.159846e-01;8.765914e-03
8.279645e-02;8.522090e-02;3.861233e-02;5.115026e-02;5.028801e-02;9.678118e-02;2.279759e-01;9.864353e-02;2.400292e-02;1.566628e-02;2.209338e-01;7.928454e-03
6.510279e-02;1.276327e-01;4.830746e-02;3.570548e-02;4.810774e-02;8.347543e-02;1.755772e-01;7.622159e-02;2.806364e-02;2.447673e-02;2.761816e-01;1.114761e-02
8.180017e-02;1.381841e-01;6.937317e-02;6.060669e-02;7.857998e-02;5.472077e-02;1.526444e-01;1.318721e-01;3.079101e-02;2.831717e-02;1.505482e-01;2.256215e-02
1.114782e-01;1.203657e-01;9.007303e-02;1.045375e-01;1.136483e-01;4.934912e-02;1.572426e-01;1.315447e-01;3.380119e-02;2.835957e-02;2.851411e-02;3.108608e-02
9.813461e-02;1.078082e-01;7.008220e-02;7.047705e-02;8.073922e-02;6.475855e-02;1.940565e-01;1.087202e-01;2.024934e-02;2.139884e-02;1.438443e-01;1.973107e-02
7.807193e-02;6.679136e-02;5.341126e-02;3.567235e-02;4.781782e-02;5.437492e-02;2.254616e-01;1.000783e-01;2.392428e-02;1.831275e-02;2.713338e-01;2.474960e-02
1.146075e-01;9.628231e-02;4.752894e-02;4.044140e-02;3.950227e-02;6.029478e-02;2.010772e-01;7.622395e-02;1.722361e-02;2.791006e-02;2.512560e-01;2.765193e-02
1.019205e-01;9.228763e-02;4.695496e-02;4.767795e-02;5.030968e-02;8.227684e-02;1.578129e-01;1.002722e-01;3.312190e-02;5.855670e-02;1.897887e-01;3.902010e-02
7.407637e-02;4.984492e-02;6.447815e-02;7.182751e-02;3.097953e-02;7.434923e-02;1.230936e-01;1.076411e-01;1.032793e-01;5.690688e-02;1.908675e-01;5.265588e-02
6.958650e-02;3.807338e-02;6.725609e-02;6.793831e-02;1.153151e-02;5.692542e-02;1.210429e-01;1.212817e-01;1.141014e-01;7.976586e-02;1.975805e-01;5.491640e-02
6.527499e-02;4.518413e-02;6.465373e-02;7.026577e-02;3.151121e-02;4.558646e-02;9.596001e-02;1.264866e-01;1.054380e-01;1.047249e-01;1.941955e-01;5.071872e-02
6.871683e-02;6.243008e-02;5.002876e-02;6.375177e-02;4.592891e-02;3.522835e-02;1.179934e-01;1.455207e-01;7.171259e-02;1.005944e-01;1.820828e-01;5.601145e-02
9.770492e-02;1.302671e-01;3.473376e-02;3.360517e-02;2.953159e-02;5.230210e-02;1.131698e-01;1.046367e-01;6.491872e-02;6.367470e-02;2.256777e-01;4.977770e-02
1.887461e-01;1.513569e-01;2.641205e-02;2.445833e-02;2.858293e-02;3.408109e-02;1.041624e-01;8.735418e-02;4.520237e-02;4.534147e-02;2.293093e-01;3.499287e-02
1.877101e-01;6.844333e-02;2.318654e-02;3.043425e-02;3.741813e-02;5.812559e-02;2.288700e-01;1.557061e-01;2.728561e-02;3.394732e-02;1.217263e-01;2.714675e-02
1.820315e-01;8.178783e-02;2.429834e-02;3.103874e-02;3.535887e-02;8.361632e-02;2.545406e-01;1.466452e-01;3.004470e-02;2.559089e-02;8.276810e-02;2.227885e-02
2.296048e-01;8.332169e-02;2.611047e-02;2.602998e-02;3.757543e-02;9.965072e-02;2.550060e-01;1.008923e-01;3.206507e-02;2.356583e-02;6.399040e-02;2.218737e-02
2.065223e-01;3.697556e-02;3.386486e-02;2.349054e-02;7.115451e-02;9.227554e-02;2.705511e-01;6.220662e-02;3.712267e-02;2.129523e-02;1.167044e-01;2.783674e-02
1.200537e-01;9.244339e-02;4.037397e-02;4.695482e-02;6.110043e-02;9.097962e-02;2.497005e-01;4.313275e-02;3.039173e-02;2.046855e-02;1.806304e-01;2.377016e-02
9.897257e-02;1.212566e-01;5.252421e-02;5.943783e-02;4.188612e-02;8.262717e-02;2.108301e-01;6.690631e-02;2.350306e-02;2.186477e-02;2.063870e-01;1.380423e-02
8.781358e-02;7.877695e-02;6.756687e-02;5.770944e-02;8.197629e-02;9.511285e-02;2.087747e-01;6.467510e-02;2.358816e-02;2.800986e-02;1.920823e-01;1.391392e-02
8.892026e-02;4.552740e-02;7.544503e-02;4.062803e-02;1.119599e-01;1.126516e-01;1.679808e-01;7.583035e-02;2.063752e-02;4.539406e-02;1.982410e-01;1.678396e-02
5.413550e-02;7.178263e-02;7.093316e-02;4.894520e-02;8.017617e-02;1.008471e-01;1.719265e-01;8.227947e-02;2.002826e-02;5.289068e-02;2.369093e-01;9.146002e-03
8.019573e-02;9.315746e-02;6.994202e-02;7.305074e-02;6.143552e-02;6.575858e-02;1.406901e-01;7.808223e-02;1.855080e-02;4.027995e-02;2.626610e-01;1.619582e-02
5.271406e-02;9.500435e-02;7.241408e-02;8.884445e-02;9.798176e-02;6.657155e-02;1.161866e-01;7.185484e-02;1.062803e-02;2.231908e-02;2.920115e-01;1.346977e-02
3.538839e-02;9.534266e-02;6.973298e-02;9.666748e-02;1.038038e-01;8.156527e-02;1.095182e-01;6.217648e-02;5.679131e-03;1.845750e-02;3.135099e-01;8.158245e-03
3.601978e-02;9.334806e-02;6.473074e-02;8.638473e-02;8.643471e-02;8.877455e-02;1.111907e-01;8.367955e-02;7.420911e-03;2.046132e-02;3.139093e-01;7.645618e-03
4.675826e-02;9.945345e-02;5.903059e-02;6.957045e-02;7.542243e-02;8.423126e-02;1.235233e-01;8.918076e-02;1.714610e-02;2.083138e-02;3.077632e-01;7.088791e-03
4.362686e-02;1.449520e-01;6.952208e-02;6.158562e-02;7.290454e-02;5.943684e-02;8.467558e-02;8.398362e-02;1.602846e-02;1.920844e-02;3.315850e-01;1.249096e-02
5.818089e-02;2.005100e-01;8.221011e-02;4.668745e-02;5.913373e-02;4.195182e-02;6.209323e-02;6.255782e-02;2.040339e-02;2.271535e-02;3.276445e-01;1.591169e-02
6.167984e-02;2.461517e-01;9.074372e-02;3.562719e-02;3.966142e-02;2.466648e-02;7.462522e-02;3.578959e-02;2.047108e-02;2.644853e-02;3.312156e-01;1.291971e-02
7.381754e-02;2.586324e-01;9.085168e-02;3.798484e-02;4.327430e-02;1.873368e-02;6.988610e-02;4.208523e-02;1.912652e-02;2.898576e-02;3.075066e-01;9.115362e-03
8.257826e-02;2.787646e-01;9.623011e-02;3.646468e-02;3.417598e-02;2.897073e-02;8.976926e-02;2.751980e-02;1.881253e-02;2.767131e-02;2.698383e-01;9.204474e-03
7.518569e-02;2.823653e-01;9.426050e-02;3.933374e-02;3.486219e-02;2.923863e-02;1.035882e-01;2.790305e-02;2.178960e-02;3.164683e-02;2.529217e-01;6.904575e-03
7.633096e-02;2.607404e-01;9.058677e-02;3.027888e-02;3.165150e-02;2.124294e-02;7.584671e-02;5.102650e-02;3.100638e-02;2.981341e-02;2.965132e-01;4.962401e-03
6.387893e-02;2.081639e-01;8.100877e-02;3.775357e-02;3.115443e-02;3.552056e-02;8.573920e-02;6.617181e-02;2.753355e-02;3.344456e-02;3.248729e-01;4.757787e-03
4.732114e-02;1.793582e-01;8.321612e-02;4.609277e-02;3.524502e-02;5.141236e-02;9.519142e-02;6.343702e-02;1.832263e-02;2.411017e-02;3.501812e-01;6.111968e-03
6.266119e-02;1.824421e-01;8.395351e-02;4.641803e-02;2.636455e-02;3.815492e-02;7.657538e-02;6.658397e-02;1.326684e-02;1.970157e-02;3.747160e-01;9.162013e-03
5.275982e-02;1.633586e-01;7.033925e-02;3.900071e-02;2.410550e-02;3.409625e-02;8.265279e-02;5.900979e-02;1.729293e-02;3.372921e-02;4.107177e-01;1.293752e-02
3.699427e-02;1.400495e-01;5.895595e-02;3.614447e-02;2.545281e-02;3.060956e-02;7.077134e-02;6.967913e-02;3.224649e-02;4.703855e-02;4.324759e-01;1.958211e-02
3.742415e-02;1.331937e-01;5.604089e-02;3.494698e-02;2.427909e-02;2.929219e-02;1.104680e-01;7.221045e-02;3.540515e-02;3.771142e-02;4.122434e-01;1.678469e-02
4.829537e-02;1.225436e-01;5.913790e-02;3.497077e-02;2.615157e-02;3.565863e-02;1.242052e-01;7.706380e-02;2.656920e-02;3.024884e-02;3.948498e-01;2.030521e-02
5.792952e-02;9.233376e-02;5.650702e-02;6.718024e-02;3.010827e-02;5.503386e-02;9.500882e-02;9.417509e-02;1.270175e-02;2.773884e-02;3.889731e-01;2.230967e-02
6.757215e-02;9.095753e-02;4.402000e-02;9.521183e-02;2.940967e-02;7.169967e-02;6.149408e-02;1.032749e-01;5.306298e-03;2.023449e-02;3.992964e-01;1.152292e-02
8.093189e-02;8.759895e-02;4.253750e-02;9.132535e-02;4.655007e-02;5.894484e-02;7.416539e-02;7.347140e-02;1.494699e-02;1.743630e-02;3.927643e-01;1.932710e-02
1.763098e-01;7.429007e-02;6.891116e-02;5.138850e-02;6.072911e-02;4.682561e-02;1.061430e-01;3.108666e-02;3.461431e-02;1.424766e-02;2.931904e-01;4.226377e-02
3.002803e-01;4.916768e-02;8.241650e-02;3.446569e-02;4.801636e-02;6.419621e-02;1.540764e-01;2.825079e-02;3.822004e-02;1.745052e-02;1.454767e-01;3.798280e-02
3.817544e-01;5.772089e-02;6.545621e-02;2.228138e-02;2.618246e-02;8.135033e-02;2.030269e-01;3.604382e-02;2.143877e-02;2.455955e-02;5.787436e-02;2.231101e-02
3.623666e-01;1.114931e-01;2.735392e-02;2.238967e-02;2.114241e-02;8.251236e-02;2.295650e-01;4.789471e-02;8.353524e-03;2.062321e-02;5.979815e-02;6.507428e-03
3.329937e-01;1.652893e-01;1.633140e-02;2.633651e-02;1.555087e-02;6.327209e-02;2.238454e-01;5.207708e-02;3.382191e-03;1.255368e-02;7.943468e-02;8.933133e-03
2.920447e-01;2.161833e-01;1.694411e-02;1.681487e-02;1.451354e-02;4.575738e-02;2.501495e-01;5.841578e-02;6.088143e-03;8.132143e-03;6.362969e-02;1.132680e-02
1.876184e-01;2.305291e-01;2.680672e-02;1.548423e-02;1.141925e-02;4.073907e-02;3.201305e-01;1.166860e-01;5.018574e-03;6.453347e-03;3.290632e-02;6.208444e-03
1.312173e-01;1.835785e-01;3.705835e-02;2.591664e-02;1.047459e-02;3.770985e-02;3.572994e-01;1.704520e-01;1.003852e-02;7.074350e-03;1.753821e-02;1.164232e-02
1.054315e-01;1.514023e-01;3.845662e-02;3.337599e-02;1.178383e-02;3.942221e-02;3.575428e-01;1.698515e-01;1.582200e-02;1.404070e-02;5.034934e-02;1.252126e-02
6.895071e-02;1.762882e-01;4.801398e-02;4.722425e-02;2.110406e-02;5.081957e-02;3.627187e-01;1.154978e-01;1.771655e-02;1.954761e-02;3.494417e-02;3.717436e-02
1.190935e-01;1.517013e-01;3.274896e-02;6.126694e-02;2.790694e-02;4.670299e-02;3.371359e-01;1.082463e-01;1.040775e-02;2.099287e-02;3.648014e-02;4.731648e-02
1.341903e-01;1.120442e-01;5.481721e-02;6.062675e-02;3.419752e-02;5.915407e-02;3.085476e-01;1.252991e-01;1.036610e-02;2.087773e-02;3.179391e-02;4.808557e-02
1.330181e-01;6.688952e-02;7.180773e-02;4.034622e-02;6.067345e-02;6.891134e-02;3.083261e-01;1.256975e-01;1.630911e-02;1.844536e-02;4.913742e-02;4.043817e-02
1.090861e-01;5.768995e-02;6.127294e-02;8.226905e-02;5.169015e-02;8.230769e-02;2.388096e-01;7.730963e-02;2.605688e-02;2.666846e-02;1.285757e-01;5.826378e-02
1.198492e-01;9.241464e-02;2.477596e-02;6.400840e-02;4.601119e-02;8.229240e-02;2.080643e-01;6.219008e-02;3.321227e-02;2.845593e-02;1.548180e-01;8.390751e-02
9.699518e-02;1.220163e-01;3.142135e-02;7.059600e-02;7.790945e-02;5.367468e-02;1.388869e-01;1.247898e-01;4.193252e-02;2.506895e-02;1.465980e-01;7.011082e-02
1.400271e-01;1.270789e-01;3.394854e-02;2.615928e-02;6.361523e-02;4.439019e-02;1.564782e-01;1.638428e-01;4.040660e-02;4.284819e-02;1.243720e-01;3.683290e-02
1.149766e-01;1.290301e-01;3.547198e-02;3.263073e-02;4.277605e-02;4.376967e-02;2.015881e-01;1.769508e-01;3.558522e-02;3.953763e-02;1.160725e-01;3.161063e-02
1.060134e-01;1.330572e-01;3.064295e-02;2.562709e-02;2.913901e-02;4.525101e-02;2.726292e-01;2.014425e-01;2.559260e-02;2.663228e-02;8.405997e-02;1.991279e-02
1.118423e-01;1.071444e-01;3.692364e-02;1.843646e-02;1.996420e-02;4.098323e-02;3.837687e-01;2.273581e-01;1.385660e-02;1.371571e-02;1.713874e-02;8.867908e-03
9.192216e-02;1.100272e-01;4.136103e-02;2.155770e-02;2.619802e-02;5.901068e-02;3.833422e-01;2.104922e-01;1.377549e-02;1.126195e-02;2.408675e-02;6.964577e-03
7.636569e-02;8.384922e-02;5.195608e-02;4.574579e-02;3.736453e-02;8.014473e-02;3.526914e-01;1.574331e-01;2.704166e-02;2.876244e-02;4.147752e-02;1.716785e-02
7.148478e-02;4.692667e-02;5.148169e-02;6.851112e-02;6.101915e-02;6.103554e-02;2.177277e-01;1.702336e-01;3.994663e-02;5.671707e-02;1.118639e-01;4.305208e-02
5.404181e-02;6.174717e-02;4.651025e-02;6.702746e-02;6.226955e-02;5.558258e-02;1.765155e-01;1.799361e-01;4.350339e-02;5.692475e-02;1.429017e-01;5.303967e-02
7.297726e-02;6.950675e-02;3.808928e-02;6.029870e-02;5.099536e-02;6.101424e-02;2.059875e-01;1.166076e-01;5.155943e-02;4.921881e-02;1.563866e-01;6.735846e-02
1.188970e-01;9.132519e-02;1.579708e-02;2.314248e-02;3.789072e-02;4.481810e-02;2.394869e-01;1.894835e-01;2.736353e-02;3.737300e-02;1.456653e-01;2.875720e-02
8.383528e-02;1.011539e-01;7.567579e-03;1.466129e-02;3.604122e-02;4.884825e-02;2.863188e-01;2.055082e-01;1.252555e-02;2.941418e-02;1.598775e-01;1.424828e-02
2.565200e-02;1.383661e-01;6.528612e-03;7.919201e-03;3.181796e-02;4.655125e-02;3.607242e-01;1.993078e-01;1.153864e-02;1.925750e-02;1.454336e-01;6.902996e-03
4.714876e-02;1.682686e-01;9.287680e-03;1.012218e-02;2.212017e-02;3.655744e-02;3.800399e-01;2.261733e-01;1.464162e-02;7.929780e-03;7.231722e-02;5.393434e-03
5.135497e-02;2.008947e-01;8.913348e-03;8.281933e-03;3.327688e-02;4.264892e-02;3.786860e-01;2.288571e-01;1.060002e-02;2.884338e-03;2.992434e-02;3.677502e-03
4.794469e-02;2.087334e-01;1.423544e-02;2.779632e-02;4.041761e-02;4.494997e-02;3.583220e-01;2.159085e-01;7.030519e-03;4.688288e-03;2.557573e-02;4.397529e-03
9.363160e-02;1.972124e-01;1.861602e-02;5.461546e-02;4.063174e-02;5.191541e-02;3.030606e-01;1.921143e-01;7.579921e-03;6.950179e-03;2.918231e-02;4.490133e-03
1.601132e-01;1.942744e-01;2.612768e-02;6.416711e-02;3.851628e-02;6.174346e-02;2.381719e-01;1.535811e-01;8.791003e-03;7.987518e-03;4.130188e-02;5.224509e-03
1.910491e-01;1.954312e-01;3.013886e-02;3.826619e-02;4.265803e-02;6.913482e-02;2.296316e-01;1.386954e-01;1.100315e-02;1.288265e-02;3.312076e-02;7.988137e-03
8.554189e-02;9.548938e-02;2.599116e-02;4.442209e-02;4.939142e-02;4.873893e-02;3.914305e-01;1.894695e-01;1.095061e-02;1.317591e-02;3.273101e-02;1.266761e-02
6.550182e-02;6.298765e-02;2.775895e-02;3.302547e-02;3.964477e-02;3.291869e-02;4.047619e-01;2.482588e-01;1.046262e-02;1.450559e-02;4.430301e-02;1.587076e-02
1.076022e-01;8.451278e-02;2.278297e-02;3.742863e-02;1.602778e-02;5.480029e-02;3.678301e-01;2.194991e-01;1.689987e-02;1.698668e-02;3.957538e-02;1.605420e-02
1.135179e-01;9.025542e-02;2.094693e-02;3.585470e-02;3.180662e-02;8.529413e-02;2.646138e-01;1.645801e-01;3.427048e-02;3.276845e-02;1.009988e-01;2.509270e-02
9.671408e-02;8.124566e-02;2.710203e-02;3.261651e-02;4.331506e-02;1.073557e-01;2.027938e-01;1.414688e-01;5.456647e-02;4.867644e-02;1.282903e-01;3.585510e-02
1.106093e-01;8.520123e-02;2.281584e-02;2.623165e-02;3.930470e-02;1.007994e-01;1.814272e-01;1.718033e-01;5.032799e-02;4.510404e-02;1.332300e-01;3.314533e-02
3.074669e-01;1.711752e-01;1.637113e-02;1.333882e-02;1.567736e-02;5.925142e-02;1.103122e-01;1.198417e-01;1.789511e-02;3.204943e-02;1.161126e-01;2.050803e-02
3.098572e-01;1.576432e-01;1.826685e-02;7.734648e-03;7.773019e-03;2.889297e-02;1.279655e-01;8.776832e-02;6.939765e-03;2.431776e-02;2.115807e-01;1.126005e-02
3.566885e-01;9.992106e-02;2.057554e-02;8.824237e-03;8.729669e-03;2.807509e-02;1.356310e-01;5.855910e-02;7.107861e-03;2.139268e-02;2.406485e-01;1.384677e-02
4.109784e-01;9.397286e-02;2.045148e-02;1.194665e-02;1.097216e-02;2.890214e-02;1.417846e-01;4.764707e-02;1.094644e-02;1.631600e-02;1.922831e-01;1.379912e-02
3.711297e-01;1.501649e-01;1.805661e-02;9.305136e-03;9.609841e-03;2.578154e-02;8.641735e-02;8.059555e-02;1.158323e-02;1.415507e-02;2.112222e-01;1.197887e-02
2.476146e-01;9.676941e-02;1.462374e-02;1.182206e-02;5.386156e-03;2.258179e-02;1.225690e-01;1.342200e-01;1.539908e-02;2.641503e-02;2.938012e-01;8.797900e-03
1.808778e-01;6.243746e-02;2.039063e-02;1.722987e-02;1.470613e-02;1.887823e-02;1.642617e-01;1.707685e-01;3.316075e-02;3.374902e-02;2.753837e-01;8.156142e-03
2.182715e-01;1.062300e-01;3.091838e-02;2.342928e-02;2.507094e-02;1.941012e-02;1.581948e-01;1.355395e-01;4.273606e-02;3.822433e-02;1.863406e-01;1.563456e-02
2.485831e-01;1.329686e-01;3.899517e-02;2.904502e-02;3.054518e-02;2.769279e-02;1.503199e-01;9.423880e-02;4.757303e-02;5.277459e-02;1.169352e-01;3.032863e-02
1.414414e-01;6.167660e-02;4.594310e-02;4.757819e-02;2.430063e-02;3.561670e-02;1.406798e-01;1.324685e-01;8.247493e-02;4.868860e-02;1.969994e-01;4.213218e-02
1.498377e-01;6.091902e-02;3.786165e-02;5.655978e-02;2.078700e-02;3.895497e-02;1.078803e-01;1.373496e-01;6.797668e-02;4.824472e-02;2.221513e-01;5.147723e-02
1.034707e-01;1.103759e-01;4.157701e-02;3.799675e-02;3.439084e-02;4.568052e-02;1.268602e-01;1.274539e-01;6.455600e-02;6.416316e-02;1.996661e-01;4.380888e-02
6.070394e-02;1.049208e-01;3.762784e-02;6.822366e-02;3.942472e-02;5.301855e-02;1.253188e-01;8.253669e-02;9.444379e-02;8.285390e-02;2.081142e-01;4.281318e-02
1.144033e-01;1.052768e-01;3.438117e-02;7.959436e-02;3.805450e-02;5.058429e-02;1.185086e-01;7.686124e-02;9.449355e-02;8.132114e-02;1.524557e-01;5.406540e-02
1.058052e-01;7.245654e-02;3.162906e-02;6.297280e-02;4.529917e-02;5.472108e-02;1.118311e-01;1.075743e-01;1.071010e-01;7.029321e-02;1.713593e-01;5.895727e-02
1.025168e-01;4.971300e-02;3.776790e-02;4.143388e-02;3.093233e-02;5.439413e-02;1.259523e-01;1.159260e-01;1.200511e-01;9.926815e-02;1.581821e-01;6.386233e-02
7.158992e-02;7.099026e-02;4.820783e-02;7.251540e-02;1.771404e-02;6.831316e-02;1.512575e-01;7.508331e-02;1.013379e-01;1.470401e-01;1.221477e-01;5.380290e-02
8.715045e-02;6.737752e-02;3.559123e-02;7.354976e-02;2.534641e-02;6.006055e-02;1.544842e-01;1.175801e-01;8.510917e-02;1.308165e-01;1.038519e-01;5.908229e-02
1.259528e-01;5.861480e-02;2.383209e-02;4.863914e-02;3.074671e-02;5.097868e-02;1.390087e-01;1.650835e-01;8.066906e-02;8.251151e-02;1.173844e-01;7.657858e-02
1.463930e-01;7.046267e-02;2.110458e-02;4.043584e-02;4.840212e-02;4.374106e-02;1.407833e-01;1.383513e-01;7.399511e-02;6.134422e-02;1.228215e-01;9.216537e-02
1.393466e-01;1.236371e-01;3.962114e-02;3.426227e-02;4.147393e-02;5.924729e-02;1.383381e-01;1.840313e-01;4.180585e-02;5.128031e-02;8.080135e-02;6.615473e-02
1.593988e-01;1.490147e-01;4.528895e-02;2.420134e-02;3.308587e-02;5.551133e-02;1.423046e-01;1.372629e-01;2.592134e-02;4.201425e-02;1.491024e-01;3.689360e-02
2.539319e-01;1.607088e-01;3.676978e-02;3.769672e-02;2.274195e-02;3.734631e-02;1.096763e-01;7.236421e-02;2.333963e-02;4.377743e-02;1.776422e-01;2.400468e-02
3.197680e-01;1.340789e-01;1.833415e-02;3.651562e-02;2.393660e-02;4.056335e-02;1.015846e-01;1.141627e-01;1.749449e-02;3.091333e-02;1.375535e-01;2.509472e-02
2.811755e-01;1.483981e-01;2.856809e-02;3.259943e-02;3.062233e-02;4.585795e-02;1.441057e-01;1.067566e-01;1.201755e-02;2.280787e-02;1.251093e-01;2.198156e-02
2.732497e-01;2.204243e-01;3.316100e-02;3.383150e-02;3.394842e-02;5.499637e-02;1.476327e-01;6.912009e-02;1.373990e-02;2.276722e-02;8.156238e-02;1.556643e-02
2.379270e-01;2.453265e-01;3.402338e-02;4.489858e-02;2.784585e-02;5.561478e-02;1.363751e-01;7.832224e-02;1.193829e-02;2.509099e-02;9.099335e-02;1.164391e-02
2.037436e-01;1.939579e-01;2.995730e-02;6.544180e-02;3.310238e-02;4.221186e-02;1.084424e-01;1.031000e-01;1.715871e-02;3.636188e-02;1.591016e-01;7.420600e-03
1.758925e-01;1.114387e-01;1.967282e-02;7.573368e-02;3.786724e-02;2.924851e-02;1.312122e-01;1.311930e-01;3.414760e-02;6.125610e-02;1.821418e-01;1.019587e-02
1.179166e-01;5.350807e-02;2.074391e-02;8.196668e-02;4.117715e-02;2.039458e-02;1.655491e-01;1.688452e-01;4.635045e-02;7.242306e-02;2.050288e-01;6.096366e-03
9.029866e-02;5.477853e-02;2.492774e-02;5.225240e-02;4.242526e-02;1.920630e-02;2.339571e-01;2.142318e-01;4.702402e-02;6.702174e-02;1.473297e-01;6.546810e-03
1.323590e-01;6.373484e-02;4.250376e-02;6.993232e-02;2.257545e-02;2.382115e-02;2.719477e-01;2.077014e-01;3.367715e-02;6.651529e-02;4.788299e-02;1.734896e-02
1.028102e-01;7.666305e-02;4.340438e-02;5.334881e-02;5.193607e-02;1.773782e-02;2.860599e-01;1.683248e-01;3.177968e-02;5.721762e-02;9.861307e-02;1.210475e-02
6.575622e-02;7.552107e-02;4.607222e-02;5.364554e-02;8.120455e-02;3.398656e-02;2.589516e-01;1.308614e-01;3.700621e-02;4.855045e-02;1.554188e-01;1.302541e-02
4.652284e-02;9.045168e-02;4.879574e-02;1.046481e-01;1.027771e-01;4.755148e-02;2.571949e-01;6.388753e-02;4.270155e-02;4.465809e-02;1.411562e-01;9.654846e-03
