7.023963e-02;5.965737e-02;2.210362e-01;5.792062e-02;1.006612e-01;6.580412e-02;2.690524e-01;3.980905e-02;3.389406e-02;3.072806e-02;3.233408e-02;1.886319e-02
5.200744e-02;7.051139e-02;1.843937e-01;6.864441e-02;9.998745e-02;5.938732e-02;3.074553e-01;4.244889e-02;3.519230e-02;3.408626e-02;3.376329e-02;1.212226e-02
5.504921e-02;7.296262e-02;2.292989e-01;7.427171e-02;7.137498e-02;4.810210e-02;2.724232e-01;5.366299e-02;3.626709e-02;4.092363e-02;3.236903e-02;1.329447e-02
4.833305e-02;8.271163e-02;3.548986e-01;7.452200e-02;4.154883e-02;5.282139e-02;2.000434e-01;4.887939e-02;2.777780e-02;2.573628e-02;2.460000e-02;1.812773e-02
8.539126e-02;7.843889e-02;3.627160e-01;4.663789e-02;7.766297e-02;6.021914e-02;1.102683e-01;5.598772e-02;3.016145e-02;3.639625e-02;3.262565e-02;2.349447e-02
7.653061e-02;8.619130e-02;2.797422e-01;5.991456e-02;9.265833e-02;5.403810e-02;1.592565e-01;6.688070e-02;3.233035e-02;4.311467e-02;2.804790e-02;2.129482e-02
8.985458e-02;7.560854e-02;2.897725e-01;5.561183e-02;8.890219e-02;5.211169e-02;1.496088e-01;6.960360e-02;3.398845e-02;4.328594e-02;2.650643e-02;2.514546e-02
1.062667e-01;5.484327e-02;2.748705e-01;5.786336e-02;8.246130e-02;5.874576e-02;1.725034e-01;6.489684e-02;2.811922e-02;4.026925e-02;3.107980e-02;2.808061e-02
1.186660e-01;5.650382e-02;2.552095e-01;4.923999e-02;9.199734e-02;5.185093e-02;1.456236e-01;5.417234e-02;3.587479e-02;6.059354e-02;4.083540e-02;3.943274e-02
1.072536e-01;4.458308e-02;2.859910e-01;4.782509e-02;1.072248e-01;6.394383e-02;7.074134e-02;6.191635e-02;4.257473e-02;7.629237e-02;4.755660e-02;4.409718e-02
2.444940e-02;3.748072e-02;3.297317e-01;7.573839e-02;1.000620e-01;6.579790e-02;1.600925e-01;4.398799e-02;2.607359e-02;5.710587e-02;4.868022e-02;3.079977e-02
5.140129e-02;5.386362e-02;3.023306e-01;7.786623e-02;8.769418e-02;6.148879e-02;2.059630e-01;3.244036e-02;2.297473e-02;4.351298e-02;3.602557e-02;2.443863e-02
5.905865e-02;5.549089e-02;1.836466e-01;7.361124e-02;7.217547e-02;5.445790e-02;3.314551e-01;3.296360e-02;3.353666e-02;5.073182e-02;3.251608e-02;2.035606e-02
3.383584e-02;4.539686e-02;9.527355e-02;7.391235e-02;6.734661e-02;4.864505e-02;4.332183e-01;3.042008e-02;3.811019e-02;6.472072e-02;4.891459e-02;2.020581e-02
5.342218e-02;4.186651e-02;1.641592e-01;6.913413e-02;6.593078e-02;4.472984e-02;3.545104e-01;4.933530e-02;3.216924e-02;5.245495e-02;5.062230e-02;2.166518e-02
4.793666e-02;5.942732e-02;1.867317e-01;6.786582e-02;5.129822e-02;4.593937e-02;2.902932e-01;6.905229e-02;3.993997e-02;5.848590e-02;4.681357e-02;3.621604e-02
7.470668e-02;6.222225e-02;1.594831e-01;6.720582e-02;7.319921e-02;5.788818e-02;1.705004e-01;9.704429e-02;6.074518e-02;9.947839e-02;3.601398e-02;4.151252e-02
4.689478e-02;3.178626e-02;2.344499e-01;6.911695e-02;9.960979e-02;8.307069e-02;1.379471e-01;7.026944e-02;5.899897e-02;7.874246e-02;4.152958e-02;4.758404e-02
6.435218e-02;3.736175e-02;1.955579e-01;6.387244e-02;9.328939e-02;5.645385e-02;1.673357e-01;4.534268e-02;6.912269e-02;7.767577e-02;6.010437e-02;6.953130e-02
1.022192e-01;9.234370e-02;1.689912e-01;7.374782e-02;7.017639e-02;8.499230e-02;1.692208e-01;7.084715e-02;4.217764e-02;5.164085e-02;2.727548e-02;4.636744e-02
1.117903e-01;8.383609e-02;1.640729e-01;7.783411e-02;6.335373e-02;1.019321e-01;1.817085e-01;8.043157e-02;2.781253e-02;4.299622e-02;2.672870e-02;3.750317e-02
1.225801e-01;5.959577e-02;1.586872e-01;7.785849e-02;4.146215e-02;1.139757e-01;1.623343e-01;6.407861e-02;6.208161e-02;5.750583e-02;4.049676e-02;3.934350e-02
1.360784e-01;7.574622e-02;1.805236e-01;7.184634e-02;2.793648e-02;1.093629e-01;8.724925e-02;3.405383e-02;9.189281e-02;7.606193e-02;6.628670e-02;4.296163e-02
9.782805e-02;9.456118e-02;2.054900e-01;7.957014e-02;3.540736e-02;1.074873e-01;5.528262e-02;5.919467e-02;7.086866e-02;7.382625e-02;7.004528e-02;5.043851e-02
1.012025e-01;1.179424e-01;2.247707e-01;7.284510e-02;7.027942e-02;3.235499e-02;1.126021e-01;3.867283e-02;6.386044e-02;6.133847e-02;4.058228e-02;6.354871e-02
7.729696e-02;9.794322e-02;2.109403e-01;8.609935e-02;1.231056e-01;3.775179e-02;1.002109e-01;3.108750e-02;6.113774e-02;5.897232e-02;5.618956e-02;5.926475e-02
1.049693e-01;7.604424e-02;2.176282e-01;7.425947e-02;1.551276e-01;5.674479e-02;9.501696e-02;2.702626e-02;5.216098e-02;3.720039e-02;3.980879e-02;6.401297e-02
1.007873e-01;6.305788e-02;2.478225e-01;8.651102e-02;1.414132e-01;8.920639e-02;8.412735e-02;3.369946e-02;3.837780e-02;2.948931e-02;3.359514e-02;5.191261e-02
4.421214e-02;5.792113e-02;3.001894e-01;1.651694e-01;9.859315e-02;8.845683e-02;7.171173e-02;4.389992e-02;2.168398e-02;2.723866e-02;5.376517e-02;2.715846e-02
3.073291e-02;3.358513e-02;3.530523e-01;2.143201e-01;7.727051e-02;6.326411e-02;7.134163e-02;5.390707e-02;1.180503e-02;2.413050e-02;5.237167e-02;1.421895e-02
2.043674e-02;1.402584e-02;4.757437e-01;1.703865e-01;4.613481e-02;3.444314e-02;9.803566e-02;4.518091e-02;2.555075e-02;2.954242e-02;3.457259e-02;5.946921e-03
1.723041e-02;4.068196e-02;5.590274e-01;8.734958e-02;3.128977e-02;3.649708e-02;1.096070e-01;2.152610e-02;3.178090e-02;3.385295e-02;2.659420e-02;4.562671e-03
3.196116e-02;3.317905e-02;6.224080e-01;3.122414e-02;2.618785e-02;2.386285e-02;1.124871e-01;1.253401e-02;2.771354e-02;4.645098e-02;2.821314e-02;3.778173e-03
3.113547e-02;7.008436e-02;6.014916e-01;3.824485e-02;2.500695e-02;2.473579e-02;9.559011e-02;1.119265e-02;1.943376e-02;5.602738e-02;2.051914e-02;6.537901e-03
3.733888e-02;1.076053e-01;5.615230e-01;4.145691e-02;2.058071e-02;2.117044e-02;7.884037e-02;2.273792e-02;1.268801e-02;5.854733e-02;2.668104e-02;1.083011e-02
8.559872e-02;1.284066e-01;4.610426e-01;5.055827e-02;2.584675e-02;1.975931e-02;7.294761e-02;3.396427e-02;2.112131e-02;4.866088e-02;3.355921e-02;1.853444e-02
1.215592e-01;1.212766e-01;3.962111e-01;6.034691e-02;2.814729e-02;1.862867e-02;7.697666e-02;3.430182e-02;2.864012e-02;4.055174e-02;3.850264e-02;3.485725e-02
8.762128e-02;7.198666e-02;4.154928e-01;7.202594e-02;4.398285e-02;2.746757e-02;9.715065e-02;3.264200e-02;3.108059e-02;4.518801e-02;2.918273e-02;4.617890e-02
8.886336e-02;1.039559e-01;2.605264e-01;3.891116e-02;5.608639e-02;3.567744e-02;2.213511e-01;4.255193e-02;4.487766e-02;3.381108e-02;3.348129e-02;3.990623e-02
1.510948e-01;1.064677e-01;1.577403e-01;3.406525e-02;4.809464e-02;4.673239e-02;2.650190e-01;5.099438e-02;3.424282e-02;4.381861e-02;3.202084e-02;2.970936e-02
1.295000e-01;8.846764e-02;2.079719e-01;6.101011e-02;5.610552e-02;4.523227e-02;2.265278e-01;5.049604e-02;3.460309e-02;4.630962e-02;2.994877e-02;2.382723e-02
7.532257e-02;8.092092e-02;2.996227e-01;1.037764e-01;5.907377e-02;5.644850e-02;1.451713e-01;5.457470e-02;3.418286e-02;4.165158e-02;3.357245e-02;1.568223e-02
3.590425e-02;5.964894e-02;3.558806e-01;1.498858e-01;6.531830e-02;6.272269e-02;9.165397e-02;5.868137e-02;2.272259e-02;4.036090e-02;4.667843e-02;1.054213e-02
2.403522e-02;3.516592e-02;3.355514e-01;1.837653e-01;9.156234e-02;5.605117e-02;7.505839e-02;7.115655e-02;1.789276e-02;3.631116e-02;6.214919e-02;1.130067e-02
1.399679e-02;3.609310e-02;2.927950e-01;1.915265e-01;1.141919e-01;5.781453e-02;7.451268e-02;9.764676e-02;2.166520e-02;1.966715e-02;6.442979e-02;1.566067e-02
1.305264e-02;5.258958e-02;2.702427e-01;1.739504e-01;1.338943e-01;5.223489e-02;6.313472e-02;1.005059e-01;4.302041e-02;1.956982e-02;5.331663e-02;2.448798e-02
2.464266e-02;6.148876e-02;2.193563e-01;1.500735e-01;1.719966e-01;5.084793e-02;6.725056e-02;7.912273e-02;6.227431e-02;1.684373e-02;4.363510e-02;5.246788e-02
2.718857e-02;4.974953e-02;2.443736e-01;1.177870e-01;1.901117e-01;5.832423e-02;5.938355e-02;4.574862e-02;7.019930e-02;2.412603e-02;4.242564e-02;7.058230e-02
3.885152e-02;3.144252e-02;2.351688e-01;8.271379e-02;1.882201e-01;7.297131e-02;1.048793e-01;2.838580e-02;6.759832e-02;3.039796e-02;4.574912e-02;7.362150e-02
6.211545e-02;2.452117e-02;2.268884e-01;6.872986e-02;1.654379e-01;7.775395e-02;1.753758e-01;2.381716e-02;3.674247e-02;2.735100e-02;4.513721e-02;6.612969e-02
6.374778e-02;2.763436e-02;3.204022e-01;6.913622e-02;1.288446e-01;6.444579e-02;1.453491e-01;2.239486e-02;1.837990e-02;3.636774e-02;4.958259e-02;5.371483e-02
6.379610e-02;3.747110e-02;3.552477e-01;7.983800e-02;9.693383e-02;4.876927e-02;7.207746e-02;3.320882e-02;4.676685e-02;5.492492e-02;5.683491e-02;5.413102e-02
8.287251e-02;2.532927e-02;2.043006e-01;9.660100e-02;9.995274e-02;7.001701e-02;1.102803e-01;5.999937e-02;6.681883e-02;6.303629e-02;5.734198e-02;6.345011e-02
4.980993e-02;3.176791e-02;2.081981e-01;6.789665e-02;1.183398e-01;1.008955e-01;1.106570e-01;4.063090e-02;8.066760e-02;8.381299e-02;6.408205e-02;4.324153e-02
5.331968e-02;3.071378e-02;2.454011e-01;5.484700e-02;1.051270e-01;7.157087e-02;1.425683e-01;5.352725e-02;9.866924e-02;6.276513e-02;5.780485e-02;2.368581e-02
8.450481e-02;7.742029e-02;2.136229e-01;6.043566e-02;9.668988e-02;8.178586e-02;4.967980e-02;5.806236e-02;1.164731e-01;6.900673e-02;5.251000e-02;3.980853e-02
8.842187e-02;9.754703e-02;1.716405e-01;6.518029e-02;7.723432e-02;7.763790e-02;8.693971e-02;5.241175e-02;1.169121e-01;7.157878e-02;4.826736e-02;4.622831e-02
5.618748e-02;8.611620e-02;1.787634e-01;6.830123e-02;7.276449e-02;7.539529e-02;1.165949e-01;6.471056e-02;1.113009e-01;7.028987e-02;5.407754e-02;4.549815e-02
1.482976e-01;8.549182e-02;2.387465e-01;3.790773e-02;6.148864e-02;4.636295e-02;1.026787e-01;7.489748e-02;5.526810e-02;5.286409e-02;4.556600e-02;5.043032e-02
1.567839e-01;8.309700e-02;2.518313e-01;4.100030e-02;7.183201e-02;4.557631e-02;1.071825e-01;5.709537e-02;3.266225e-02;4.496154e-02;5.096146e-02;5.701603e-02
1.354736e-01;5.903553e-02;2.578459e-01;4.980553e-02;9.581230e-02;5.366036e-02;9.744295e-02;5.451935e-02;3.468767e-02;4.207079e-02;5.400434e-02;6.564169e-02
9.483030e-02;4.648314e-02;2.346405e-01;5.255633e-02;8.129765e-02;4.332115e-02;2.333207e-01;5.012329e-02;3.759821e-02;3.150028e-02;4.624493e-02;4.808356e-02
4.957928e-02;4.579994e-02;2.097030e-01;4.832667e-02;6.892766e-02;4.793431e-02;3.252412e-01;4.674665e-02;4.001991e-02;5.238162e-02;4.184621e-02;2.349354e-02
3.151695e-02;4.026743e-02;1.398115e-01;4.001028e-02;7.898637e-02;5.724515e-02;3.963309e-01;5.021852e-02;5.134980e-02;5.678619e-02;3.075337e-02;2.672358e-02
2.285721e-02;4.541622e-02;1.697637e-01;3.976281e-02;7.003114e-02;3.226060e-02;3.822924e-01;5.760846e-02;6.127487e-02;5.421936e-02;3.541541e-02;2.909780e-02
1.219087e-02;5.717476e-02;2.599994e-01;5.192874e-02;6.393259e-02;4.332238e-02;2.869557e-01;5.185684e-02;5.673888e-02;4.547638e-02;4.796293e-02;2.246062e-02
5.001042e-02;7.385809e-02;3.919428e-01;6.438253e-02;6.847388e-02;4.862822e-02;7.689888e-02;3.844378e-02;5.785535e-02;6.617860e-02;4.774229e-02;1.558513e-02
5.932070e-02;6.123409e-02;3.157662e-01;5.297609e-02;8.827603e-02;5.592938e-02;1.818346e-01;3.553447e-02;5.267533e-02;4.650971e-02;3.576554e-02;1.417789e-02
6.509264e-02;4.583614e-02;3.389845e-01;4.922282e-02;7.149280e-02;3.186273e-02;2.044532e-01;3.626725e-02;5.102889e-02;5.252367e-02;3.506640e-02;1.816898e-02
4.062468e-02;2.898170e-02;3.214180e-01;5.879964e-02;7.948478e-02;4.073433e-02;2.285958e-01;3.866301e-02;4.644651e-02;4.715561e-02;3.760691e-02;3.148905e-02
4.913905e-02;4.167262e-02;1.692540e-01;6.893303e-02;1.138234e-01;6.859334e-02;2.672873e-01;3.577921e-02;3.940053e-02;6.040227e-02;4.297152e-02;4.274369e-02
4.826005e-02;6.562275e-02;2.655308e-01;5.504393e-02;9.124687e-02;6.345855e-02;1.657134e-01;5.192713e-02;6.161698e-02;6.016978e-02;2.928571e-02;4.212401e-02
5.551187e-02;7.891870e-02;2.710167e-01;5.786640e-02;7.608234e-02;5.231248e-02;1.488832e-01;5.553380e-02;8.129328e-02;4.736400e-02;2.861417e-02;4.660309e-02
9.621838e-02;1.093841e-01;1.944812e-01;4.266343e-02;8.695808e-02;6.232635e-02;8.924310e-02;7.108882e-02;5.917663e-02;7.502323e-02;4.299180e-02;7.044494e-02
9.003095e-02;1.138116e-01;1.561492e-01;3.082418e-02;9.405982e-02;7.977607e-02;1.316157e-01;4.918411e-02;7.181048e-02;7.770887e-02;4.477676e-02;6.025232e-02
5.134550e-02;8.613199e-02;2.407352e-01;4.198518e-02;6.060781e-02;8.176123e-02;1.549873e-01;7.076669e-02;7.968607e-02;5.462574e-02;4.602531e-02;3.134199e-02
4.414980e-02;9.991214e-02;2.700792e-01;4.995668e-02;6.175745e-02;6.835572e-02;1.325244e-01;7.378778e-02;4.831229e-02;5.315052e-02;5.180535e-02;4.620871e-02
7.136077e-02;1.238355e-01;2.222425e-01;6.283320e-02;7.909074e-02;5.221366e-02;9.384638e-02;5.888880e-02;6.936283e-02;5.179524e-02;5.564640e-02;5.888387e-02
9.264699e-02;1.206158e-01;1.798233e-01;8.436515e-02;1.109058e-01;5.878694e-02;7.939386e-02;4.087121e-02;7.407305e-02;4.829903e-02;5.687016e-02;5.334870e-02
5.010030e-02;8.005469e-02;1.916018e-01;1.189518e-01;9.851326e-02;6.286792e-02;1.022903e-01;5.802555e-02;6.830117e-02;6.853770e-02;5.803343e-02;4.272208e-02
6.961052e-02;5.403118e-02;1.421246e-01;8.879349e-02;7.883397e-02;4.839367e-02;1.325139e-01;8.186246e-02;9.644849e-02;1.051325e-01;6.205695e-02;4.019826e-02
9.040710e-02;4.946198e-02;1.227095e-01;6.993669e-02;8.715618e-02;5.319034e-02;1.471686e-01;7.474889e-02;9.494946e-02;1.144947e-01;6.120543e-02;3.457117e-02
1.268901e-01;8.547027e-02;1.642008e-01;6.248351e-02;7.059283e-02;6.121353e-02;1.489057e-01;4.661093e-02;6.736278e-02;9.805074e-02;4.768423e-02;2.053455e-02
1.627559e-01;8.014935e-02;2.025082e-01;4.166963e-02;5.284132e-02;4.773545e-02;1.610842e-01;3.815365e-02;4.075573e-02;6.778082e-02;5.019569e-02;5.437003e-02
1.448085e-01;5.425389e-02;2.345612e-01;4.356683e-02;5.195812e-02;4.618605e-02;1.487770e-01;5.014518e-02;3.524693e-02;7.175434e-02;6.006238e-02;5.867963e-02
1.308222e-01;2.852117e-02;2.871989e-01;5.601309e-02;5.516577e-02;4.790627e-02;1.050089e-01;5.130225e-02;3.597045e-02;7.938007e-02;6.286285e-02;5.984803e-02
1.204825e-01;4.140152e-02;2.709176e-01;6.153556e-02;5.033975e-02;6.212242e-02;1.449954e-01;4.546234e-02;2.462215e-02;7.427534e-02;5.648477e-02;4.736065e-02
1.111235e-01;3.845559e-02;1.967796e-01;7.632197e-02;5.077980e-02;8.266913e-02;1.826913e-01;5.133188e-02;5.038305e-02;8.571542e-02;4.413906e-02;2.960970e-02
1.156174e-01;6.344002e-02;2.046417e-01;3.596227e-02;7.522731e-02;5.845575e-02;1.892569e-01;6.258612e-02;4.324141e-02;7.136543e-02;5.659471e-02;2.361096e-02
1.205787e-01;1.201281e-01;1.700426e-01;3.502406e-02;5.380565e-02;5.444406e-02;2.281533e-01;6.099155e-02;4.290169e-02;5.553595e-02;4.406501e-02;1.432934e-02
1.665887e-01;1.236937e-01;1.452080e-01;2.813022e-02;5.616527e-02;5.733223e-02;2.057024e-01;4.427842e-02;5.206712e-02;4.979117e-02;3.825032e-02;3.279253e-02
1.962184e-01;1.204412e-01;1.867151e-01;2.369239e-02;6.263524e-02;4.841069e-02;1.529468e-01;2.869942e-02;4.500448e-02;5.151615e-02;3.533784e-02;4.838226e-02
1.073795e-01;8.673661e-02;2.868469e-01;5.618249e-02;5.384472e-02;3.860604e-02;1.023644e-01;4.819373e-02;3.749599e-02;7.301012e-02;6.563608e-02;4.370340e-02
2.416966e-02;4.399787e-02;3.406942e-01;9.527513e-02;6.547195e-02;4.747360e-02;8.834866e-02;5.480311e-02;2.984755e-02;8.443349e-02;1.005188e-01;2.496601e-02
5.026854e-02;4.079157e-02;3.126216e-01;9.757853e-02;7.186025e-02;4.534802e-02;9.888311e-02;5.413709e-02;4.088246e-02;6.538732e-02;9.970549e-02;2.253602e-02
4.233706e-02;4.441515e-02;3.428756e-01;9.630755e-02;6.786598e-02;3.060201e-02;1.133511e-01;4.535431e-02;5.683963e-02;5.441604e-02;8.806013e-02;1.757548e-02
3.154055e-02;2.906635e-02;3.639500e-01;1.029767e-01;7.886913e-02;3.991830e-02;1.272812e-01;4.308055e-02;4.827778e-02;4.371201e-02;7.654924e-02;1.477824e-02
1.078324e-02;2.483908e-02;3.937278e-01;1.115555e-01;9.386737e-02;3.580063e-02;9.591238e-02;5.326080e-02;6.113091e-02;3.384557e-02;6.991424e-02;1.536238e-02
1.555945e-02;3.244031e-02;3.763532e-01;1.021684e-01;1.122669e-01;3.634213e-02;5.758736e-02;6.261621e-02;9.683617e-02;2.895833e-02;5.692728e-02;2.194414e-02
1.762351e-02;3.479634e-02;3.713373e-01;9.951515e-02;1.305731e-01;4.160093e-02;4.272463e-02;5.477737e-02;9.108953e-02;4.407746e-02;4.640409e-02;2.548051e-02
1.651838e-02;3.600704e-02;3.733432e-01;1.010553e-01;1.611047e-01;4.981603e-02;3.504502e-02;3.950950e-02;6.774809e-02;5.698508e-02;3.853874e-02;2.432894e-02
1.336711e-02;3.214775e-02;3.644152e-01;9.140841e-02;1.857588e-01;6.422678e-02;4.595789e-02;4.041907e-02;4.895113e-02;5.739403e-02;2.782105e-02;2.813276e-02
2.787426e-02;1.965589e-02;3.155512e-01;8.498497e-02;2.181571e-01;9.184486e-02;6.211367e-02;4.469607e-02;4.919740e-02;3.325476e-02;1.862897e-02;3.404084e-02
5.451804e-02;2.028924e-02;2.026983e-01;7.525706e-02;2.106706e-01;1.153669e-01;1.598507e-01;3.574333e-02;6.006357e-02;2.667164e-02;1.398414e-02;2.488654e-02
8.015075e-02;2.383649e-02;1.214787e-01;5.435130e-02;1.994955e-01;1.484484e-01;2.613611e-01;2.892003e-02;4.162619e-02;2.121073e-02;4.117748e-03;1.500319e-02
8.380246e-02;2.860258e-02;6.481977e-02;2.699983e-02;1.882594e-01;1.678249e-01;3.403575e-01;3.385281e-02;2.859395e-02;2.061374e-02;5.203681e-03;1.106940e-02
8.257289e-02;2.519597e-02;9.668256e-02;2.246813e-02;1.911318e-01;1.639616e-01;3.284189e-01;3.041910e-02;2.065386e-02;2.279140e-02;5.373504e-03;1.033022e-02
7.462352e-02;2.583757e-02;9.714440e-02;2.603566e-02;1.858573e-01;1.631175e-01;3.264545e-01;4.429759e-02;1.791082e-02;2.333917e-02;6.075607e-03;9.306304e-03
7.708263e-02;2.084099e-02;4.912521e-02;2.553962e-02;1.591766e-01;1.664550e-01;3.701439e-01;5.439995e-02;2.413374e-02;3.522915e-02;9.294102e-03;8.579069e-03
5.778659e-02;2.422586e-02;9.315518e-02;2.483128e-02;1.567774e-01;1.556414e-01;3.497866e-01;4.994437e-02;2.057517e-02;3.603679e-02;1.141281e-02;1.982657e-02
5.263457e-02;2.730541e-02;1.052512e-01;2.530398e-02;1.984922e-01;1.632405e-01;2.989839e-01;3.342791e-02;2.269330e-02;3.446825e-02;9.804863e-03;2.839394e-02
7.575546e-02;2.445440e-02;8.796142e-02;3.094371e-02;2.249237e-01;1.482837e-01;2.530876e-01;2.194448e-02;4.680325e-02;4.044830e-02;1.636686e-02;2.902722e-02
7.437379e-02;1.853062e-02;1.524203e-01;4.125724e-02;2.318291e-01;1.254128e-01;1.840564e-01;2.738391e-02;6.323695e-02;3.364689e-02;1.474045e-02;3.311151e-02
7.875619e-02;1.847656e-02;1.778816e-01;6.209908e-02;2.408083e-01;1.119615e-01;1.348505e-01;2.582896e-02;4.819739e-02;2.530034e-02;2.334616e-02;5.249342e-02
8.997568e-02;1.782057e-02;1.841027e-01;6.982546e-02;2.341507e-01;9.635665e-02;1.239294e-01;2.534183e-02;3.069336e-02;3.945414e-02;3.102838e-02;5.732107e-02
1.113976e-01;2.459939e-02;1.388861e-01;5.458064e-02;2.449425e-01;1.077734e-01;9.216001e-02;3.558991e-02;4.368638e-02;4.934233e-02;3.172656e-02;6.531519e-02
1.027695e-01;3.223165e-02;7.029357e-02;4.716419e-02;2.433039e-01;1.168991e-01;1.572022e-01;5.254730e-02;6.312955e-02;4.042671e-02;2.022004e-02;5.381237e-02
7.679415e-02;3.364178e-02;1.178789e-01;5.373849e-02;1.897677e-01;8.315472e-02;1.851635e-01;5.856794e-02;7.378016e-02;6.342989e-02;2.284256e-02;4.124011e-02
4.982053e-02;6.148185e-02;1.428237e-01;6.325814e-02;1.378652e-01;6.263532e-02;1.434037e-01;5.120154e-02;1.353843e-01;7.894535e-02;4.415059e-02;2.902983e-02
4.705737e-02;7.914767e-02;1.418844e-01;7.243814e-02;9.572986e-02;6.405246e-02;1.142621e-01;6.224099e-02;1.369120e-01;9.205046e-02;4.925659e-02;4.496792e-02
7.553200e-02;7.458197e-02;1.634423e-01;4.886160e-02;8.920848e-02;6.843273e-02;1.961107e-01;5.562279e-02;8.242583e-02;7.432643e-02;2.700821e-02;4.444701e-02
6.873806e-02;4.958491e-02;1.927109e-01;4.473611e-02;1.086865e-01;9.471026e-02;2.384265e-01;3.277017e-02;4.456461e-02;5.173314e-02;4.165462e-02;3.168424e-02
3.787910e-02;2.877102e-02;2.830550e-01;6.284752e-02;1.505637e-01;9.001940e-02;1.547366e-01;2.456635e-02;4.617291e-02;4.586574e-02;4.285453e-02;3.266811e-02
1.455550e-02;3.598753e-02;3.530411e-01;9.707563e-02;2.027003e-01;8.229447e-02;3.569360e-02;3.558721e-02;3.274122e-02;2.387129e-02;4.712948e-02;3.932267e-02
1.370104e-02;3.327628e-02;3.669592e-01;9.711933e-02;1.983907e-01;7.601590e-02;4.282926e-02;3.705144e-02;1.594928e-02;2.049760e-02;5.686624e-02;4.134373e-02
3.386920e-02;4.022340e-02;3.546236e-01;9.527176e-02;1.993823e-01;7.166529e-02;4.234226e-02;3.564548e-02;1.411342e-02;1.394842e-02;5.410519e-02;4.480968e-02
4.555313e-02;3.462062e-02;3.328352e-01;9.005454e-02;2.153304e-01;7.803967e-02;3.430432e-02;3.856242e-02;1.906868e-02;1.359321e-02;4.422839e-02;5.380943e-02
5.309941e-02;2.749875e-02;2.799197e-01;7.476020e-02;2.301124e-01;9.004228e-02;7.175237e-02;3.790951e-02;2.912804e-02;1.017028e-02;3.118731e-02;6.441975e-02
5.742084e-02;2.432923e-02;2.750326e-01;6.965197e-02;2.457175e-01;8.757759e-02;6.445706e-02;3.519111e-02;3.185582e-02;1.325523e-02;2.703975e-02;6.847131e-02
4.266321e-02;3.506911e-02;2.890541e-01;7.510342e-02;2.402266e-01;8.548565e-02;4.752708e-02;2.615771e-02;4.088074e-02;2.528530e-02;2.728878e-02;6.525832e-02
4.053292e-02;3.600766e-02;3.125108e-01;8.185484e-02;2.377750e-01;7.889793e-02;3.251322e-02;2.261542e-02;3.645955e-02;3.127389e-02;2.796652e-02;6.159229e-02
4.054685e-02;3.788712e-02;3.197423e-01;7.820159e-02;2.285789e-01;7.687262e-02;4.469721e-02;2.671184e-02;2.743933e-02;3.947559e-02;2.531531e-02;5.453128e-02
3.666201e-02;3.832475e-02;3.501356e-01;8.568050e-02;1.888171e-01;7.341280e-02;5.846844e-02;3.375445e-02;2.013052e-02;3.765488e-02;3.723066e-02;3.972827e-02
2.288418e-02;2.638888e-02;4.207827e-01;1.047750e-01;1.682214e-01;6.362212e-02;4.808745e-02;3.966216e-02;1.323192e-02;2.836871e-02;4.123175e-02;2.274382e-02
2.221098e-02;1.989557e-02;4.442041e-01;1.100066e-01;1.699239e-01;5.438116e-02;4.882452e-02;3.682451e-02;1.355060e-02;1.516136e-02;4.264200e-02;2.237459e-02
1.594854e-02;1.824072e-02;4.534265e-01;1.049056e-01;1.913385e-01;5.012551e-02;3.038091e-02;3.447286e-02;1.362746e-02;2.013729e-02;4.525845e-02;2.213769e-02
1.587661e-02;2.044989e-02;4.558730e-01;1.017911e-01;1.976277e-01;5.584550e-02;2.089812e-02;2.796954e-02;1.138617e-02;2.780218e-02;4.869126e-02;1.578894e-02
1.587815e-02;2.349663e-02;3.911116e-01;8.933358e-02;1.935780e-01;6.659727e-02;7.794720e-02;2.503454e-02;1.391857e-02;3.429689e-02;4.877659e-02;2.003095e-02
2.121576e-02;2.403907e-02;3.648900e-01;6.619129e-02;1.976825e-01;7.347187e-02;1.004264e-01;2.255549e-02;1.930062e-02;4.118999e-02;3.970146e-02;2.933561e-02
3.134149e-02;2.572132e-02;4.017673e-01;5.989248e-02;2.147848e-01;7.684393e-02;2.471622e-02;3.017048e-02;2.620317e-02;5.458443e-02;2.751878e-02;2.645564e-02
4.128014e-02;4.152242e-02;2.744153e-01;6.681502e-02;1.939513e-01;7.252893e-02;7.849052e-02;5.137441e-02;5.936785e-02;6.716223e-02;2.589324e-02;2.719876e-02
6.308396e-02;5.101999e-02;2.110053e-01;6.869150e-02;1.072443e-01;4.436388e-02;1.278106e-01;5.075691e-02;9.986465e-02;7.870371e-02;5.241180e-02;4.504340e-02
1.000065e-01;5.756464e-02;2.702476e-01;5.605479e-02;1.008083e-01;4.276697e-02;7.831672e-02;3.076143e-02;9.524769e-02;8.283020e-02;3.688737e-02;4.850777e-02
7.928614e-02;5.876108e-02;2.114091e-01;6.812822e-02;1.120033e-01;6.525944e-02;6.058907e-02;5.223077e-02;9.080031e-02;9.829783e-02;5.589532e-02;4.733940e-02
6.079143e-02;4.287377e-02;1.185800e-01;7.738474e-02;8.301666e-02;5.873093e-02;1.203147e-01;7.913209e-02;1.194661e-01;1.512039e-01;4.910097e-02;3.940472e-02
4.809329e-02;3.110570e-02;6.632487e-02;6.485976e-02;6.761934e-02;4.186204e-02;1.355403e-01;1.012848e-01;1.047758e-01;2.710733e-01;4.121739e-02;2.624345e-02
2.726357e-02;2.041139e-02;5.645562e-02;3.226333e-02;6.790399e-02;1.840635e-02;1.060695e-01;1.072070e-01;1.018290e-01;4.189606e-01;2.306192e-02;2.016773e-02
2.313177e-02;2.264899e-02;5.617271e-02;3.515251e-02;8.994178e-02;1.756215e-02;9.202121e-02;1.147544e-01;1.438942e-01;3.789225e-01;1.195388e-02;1.384387e-02
2.327703e-02;3.356828e-02;7.109689e-02;3.779911e-02;1.050938e-01;5.088498e-02;1.227104e-01;1.313807e-01;1.705359e-01;2.250024e-01;1.328891e-02;1.536150e-02
3.057048e-02;3.280219e-02;1.094036e-01;4.554592e-02;8.828051e-02;1.027846e-01;1.234460e-01;1.112920e-01;1.365046e-01;1.881816e-01;1.476199e-02;1.642650e-02
4.895639e-02;2.769855e-02;1.481872e-01;6.248655e-02;7.752933e-02;9.476848e-02;6.157221e-02;1.240819e-01;1.473649e-01;1.606917e-01;3.062815e-02;1.603472e-02
5.649668e-02;3.751736e-02;1.255344e-01;5.359776e-02;7.663282e-02;5.674824e-02;1.142289e-01;1.233814e-01;2.036957e-01;7.168507e-02;4.898500e-02;3.149663e-02
6.490652e-02;3.309055e-02;9.229104e-02;5.162416e-02;6.888125e-02;4.250919e-02;8.949117e-02;2.264240e-01;1.619744e-01;6.711497e-02;3.574383e-02;6.594891e-02
6.156655e-02;3.074962e-02;7.706799e-02;6.122196e-02;6.355726e-02;6.801595e-02;7.127897e-02;2.813478e-01;9.188686e-02;8.544482e-02;4.784952e-02;6.001267e-02
5.452135e-02;4.866168e-02;7.795455e-02;5.628210e-02;8.207919e-02;8.349451e-02;1.200670e-01;1.908923e-01;6.555536e-02;1.094976e-01;6.287564e-02;4.811877e-02
4.415206e-02;5.653808e-02;9.876394e-02;5.742098e-02;5.776656e-02;5.354087e-02;1.817375e-01;2.142070e-01;4.371592e-02;1.080818e-01;4.012641e-02;4.394885e-02
4.533957e-02;5.320529e-02;1.137054e-01;8.217882e-02;4.849716e-02;3.181973e-02;1.657366e-01;2.169780e-01;1.018058e-01;7.498998e-02;2.682028e-02;3.892332e-02
5.068446e-02;5.629931e-02;1.387182e-01;7.900443e-02;5.424751e-02;3.888132e-02;1.330777e-01;1.993167e-01;1.299658e-01;7.237727e-02;2.055794e-02;2.686949e-02
6.342445e-02;5.516189e-02;1.659806e-01;4.779764e-02;7.309754e-02;4.392554e-02;1.199737e-01;1.786501e-01;1.366633e-01;4.874546e-02;3.551085e-02;3.106891e-02
8.357037e-02;4.741053e-02;1.609770e-01;4.671352e-02;8.471038e-02;4.084039e-02;7.482178e-02;1.721700e-01;1.314867e-01;6.638315e-02;3.373817e-02;5.717795e-02
7.249326e-02;5.743365e-02;1.399838e-01;5.584284e-02;8.871751e-02;4.949063e-02;9.103001e-02;1.317924e-01;1.187840e-01;7.542100e-02;3.793484e-02;8.107603e-02
6.681783e-02;9.867080e-02;1.155513e-01;4.870498e-02;7.236277e-02;5.491386e-02;1.089029e-01;1.148161e-01;1.167652e-01;9.091162e-02;4.117373e-02;7.040891e-02
1.167751e-01;9.477562e-02;1.106219e-01;3.091394e-02;5.489028e-02;8.175999e-02;9.180740e-02;1.252887e-01;1.145880e-01;8.014762e-02;4.220100e-02;5.623045e-02
1.081122e-01;7.372648e-02;1.444364e-01;4.033729e-02;5.528141e-02;9.285082e-02;8.577490e-02;1.124057e-01;1.427506e-01;5.139793e-02;3.352189e-02;5.940438e-02
1.076103e-01;5.827757e-02;1.588250e-01;4.450658e-02;7.454062e-02;7.460201e-02;8.226275e-02;1.001699e-01;1.381532e-01;5.480887e-02;4.666814e-02;5.957503e-02
1.127571e-01;7.022537e-02;1.901243e-01;2.247049e-02;5.953535e-02;7.376649e-02;9.272759e-02;8.887748e-02;8.789974e-02;6.848359e-02;7.058717e-02;6.254539e-02
8.674647e-02;6.528676e-02;2.362806e-01;3.990559e-02;6.255668e-02;7.611720e-02;7.140870e-02;9.960973e-02;7.478339e-02;7.484415e-02;6.169631e-02;5.076442e-02
7.246173e-02;7.336196e-02;2.163402e-01;6.649269e-02;4.993547e-02;7.106116e-02;7.920147e-02;1.165235e-01;6.952172e-02;7.234299e-02;5.937363e-02;5.338352e-02
8.464562e-02;8.308318e-02;1.479676e-01;7.724498e-02;6.404494e-02;4.333483e-02;7.083225e-02;1.588712e-01;1.272035e-01;4.046146e-02;4.308375e-02;5.922672e-02
8.051999e-02;7.383026e-02;1.448195e-01;5.620906e-02;6.869484e-02;4.114904e-02;5.556627e-02;1.669329e-01;1.863985e-01;5.941539e-02;3.252859e-02;3.393567e-02
3.091556e-02;5.300179e-02;1.687461e-01;5.356464e-02;5.391947e-02;6.149843e-02;1.001751e-01;1.927245e-01;1.492487e-01;7.176354e-02;3.810053e-02;2.634165e-02
3.745188e-02;3.509611e-02;1.650667e-01;6.935926e-02;4.373302e-02;5.575584e-02;1.351774e-01;2.457919e-01;7.508983e-02;6.454659e-02;4.227305e-02;3.065839e-02
1.424132e-01;9.199351e-02;1.873292e-01;5.641716e-02;3.711632e-02;4.217919e-02;1.150094e-01;1.239104e-01;5.389230e-02;4.973653e-02;5.340704e-02;4.659574e-02
2.334988e-01;1.435425e-01;1.777909e-01;3.691482e-02;4.586616e-02;4.501798e-02;1.141611e-01;2.883693e-02;5.386063e-02;4.032844e-02;3.227003e-02;4.791171e-02
2.329137e-01;1.677400e-01;1.896472e-01;3.291366e-02;4.383899e-02;4.108590e-02;1.119855e-01;3.053508e-02;4.930814e-02;3.635098e-02;2.542247e-02;3.825831e-02
1.888034e-01;1.468059e-01;2.972020e-01;4.972032e-02;2.973586e-02;2.458138e-02;9.687784e-02;3.727208e-02;3.597321e-02;4.288973e-02;2.401343e-02;2.612484e-02
1.428654e-01;6.172403e-02;3.949247e-01;8.477930e-02;3.150342e-02;1.623338e-02;1.032009e-01;4.236965e-02;2.804167e-02;4.207620e-02;3.569506e-02;1.658636e-02
1.689048e-01;1.043197e-01;2.776982e-01;8.967429e-02;2.767948e-02;2.286790e-02;1.418751e-01;4.431956e-02;3.258118e-02;3.174492e-02;2.878446e-02;2.955027e-02
1.844969e-01;1.229948e-01;2.746203e-01;8.064767e-02;4.001150e-02;3.068688e-02;1.230436e-01;3.215085e-02;3.311166e-02;3.133229e-02;2.472865e-02;2.217480e-02
2.038451e-01;7.188216e-02;3.398113e-01;7.895032e-02;3.820073e-02;2.847517e-02;1.139539e-01;2.635024e-02;2.581314e-02;2.644132e-02;1.801907e-02;2.825754e-02
1.941558e-01;1.287578e-01;1.536757e-01;1.219220e-01;5.128846e-02;3.510460e-02;1.425952e-01;6.161996e-02;2.518978e-02;2.731766e-02;3.660079e-02;2.177218e-02
1.548250e-01;1.427692e-01;2.377032e-01;1.023322e-01;5.471097e-02;2.882756e-02;1.176708e-01;4.169286e-02;3.056147e-02;3.363939e-02;3.119179e-02;2.407557e-02
1.449068e-01;7.508116e-02;4.108605e-01;7.585550e-02;4.501233e-02;1.925218e-02;9.184944e-02;2.796720e-02;2.527623e-02;3.567277e-02;1.892836e-02;2.933758e-02
8.532561e-02;1.238578e-01;3.965002e-01;3.531783e-02;4.732832e-02;3.243575e-02;1.212810e-01;3.425081e-02;2.794411e-02;3.491547e-02;2.320124e-02;3.764186e-02
1.379636e-01;1.902447e-01;2.668601e-01;4.489934e-02;4.524283e-02;2.467762e-02;1.259950e-01;4.860714e-02;2.447157e-02;3.215658e-02;2.555380e-02;3.332768e-02
1.393046e-01;2.313213e-01;1.307025e-01;7.171639e-02;5.666064e-02;2.691970e-02;1.194016e-01;6.096067e-02;4.697743e-02;4.639499e-02;3.495116e-02;3.468898e-02
1.398413e-01;1.927971e-01;1.822015e-01;5.970618e-02;5.662289e-02;4.453617e-02;7.187148e-02;6.542093e-02;6.674458e-02;4.864942e-02;3.194185e-02;3.966662e-02
9.290453e-02;1.040707e-01;2.998216e-01;5.539035e-02;5.401735e-02;4.948757e-02;8.952856e-02;6.176952e-02;6.113729e-02;5.739420e-02;3.850041e-02;3.597797e-02
9.517635e-02;8.275783e-02;2.790736e-01;6.117654e-02;5.026736e-02;4.982976e-02;1.197795e-01;6.221646e-02;4.950645e-02;6.908492e-02;3.310689e-02;4.802429e-02
1.435913e-01;9.306668e-02;2.722578e-01;6.034286e-02;5.138528e-02;4.115933e-02;9.775606e-02;4.411677e-02;5.181805e-02;5.845165e-02;3.138919e-02;5.466500e-02
1.220952e-01;9.570292e-02;2.273423e-01;8.641116e-02;8.205732e-02;5.137596e-02;3.921987e-02;3.322664e-02;6.288060e-02;7.244337e-02;5.590102e-02;7.134361e-02
1.058820e-01;7.034095e-02;5.967843e-02;9.552900e-02;1.013908e-01;6.942106e-02;1.336938e-01;8.530883e-02;5.816044e-02;8.493771e-02;5.700765e-02;7.864933e-02
8.622601e-02;5.771341e-02;1.266125e-01;7.419837e-02;4.149777e-02;7.049091e-02;1.684532e-01;8.064524e-02;8.425891e-02;1.095396e-01;4.531119e-02;5.505276e-02
6.805339e-02;5.131430e-02;2.774684e-01;8.839922e-02;5.300986e-02;5.122764e-02;1.361891e-01;6.944441e-02;3.910447e-02;8.580171e-02;3.800685e-02;4.198064e-02
5.524258e-02;5.118375e-02;2.910405e-01;7.362334e-02;6.314406e-02;5.307354e-02;1.203222e-01;7.534450e-02;5.632095e-02;9.678515e-02;3.974598e-02;2.417346e-02
3.253368e-02;4.844797e-02;1.887020e-01;6.279615e-02;7.930509e-02;5.767778e-02;1.291712e-01;1.104198e-01;1.152939e-01;1.238556e-01;2.909910e-02;2.269778e-02
1.643648e-02;4.038511e-02;1.186876e-01;4.880752e-02;7.456024e-02;8.451376e-02;1.055827e-01;1.343597e-01;2.731683e-01;7.042939e-02;1.828150e-02;1.478774e-02
2.102733e-02;2.470029e-02;7.582664e-02;3.735978e-02;4.538455e-02;9.762692e-02;1.074632e-01;1.338896e-01;3.771541e-01;5.458221e-02;1.196806e-02;1.301725e-02
1.948379e-02;2.759991e-02;6.258779e-02;3.292302e-02;2.293906e-02;8.498551e-02;1.109265e-01;1.505057e-01;4.015675e-01;6.426211e-02;1.318133e-02;9.037811e-03
2.471980e-02;4.299384e-02;8.855708e-02;2.349042e-02;4.526873e-02;8.077831e-02;1.031084e-01;1.779337e-01;3.130703e-01;6.753244e-02;1.715619e-02;1.539089e-02
2.185505e-02;4.496576e-02;1.128125e-01;2.484618e-02;9.104883e-02;6.334009e-02;7.255602e-02;1.559298e-01;2.851303e-01;8.515079e-02;1.959175e-02;2.277298e-02
3.231256e-02;4.817796e-02;1.115862e-01;2.987411e-02;1.158808e-01;7.241723e-02;4.296647e-02;1.285237e-01;2.891085e-01;7.602936e-02;2.934661e-02;2.377652e-02
6.208775e-02;3.712253e-02;1.826817e-01;5.302215e-02;6.308446e-02;6.701665e-02;1.478944e-01;7.913642e-02;1.212355e-01;8.510200e-02;7.394134e-02;2.767511e-02
5.241014e-02;2.896695e-02;1.981034e-01;6.333215e-02;7.760651e-02;6.574282e-02;2.228950e-01;3.268243e-02;5.893167e-02;8.830623e-02;7.928980e-02;3.173295e-02
4.336804e-02;3.669481e-02;2.672386e-01;7.000054e-02;8.838216e-02;6.455123e-02;1.913889e-01;3.415415e-02;4.088618e-02;7.376711e-02;6.599299e-02;2.357528e-02
4.715828e-02;4.156017e-02;3.611221e-01;7.775167e-02;9.804715e-02;5.752356e-02;1.266538e-01;4.962077e-02;2.699127e-02;5.004217e-02;4.521188e-02;1.831722e-02
4.650773e-02;1.434825e-02;3.668723e-01;8.958156e-02;1.208138e-01;5.663443e-02;1.466283e-01;5.561252e-02;2.127482e-02;3.188244e-02;2.908285e-02;2.076104e-02
2.231827e-02;2.260460e-02;4.505970e-01;9.905552e-02;1.087432e-01;4.076088e-02;8.783980e-02;5.899414e-02;3.221085e-02;2.368482e-02;3.859150e-02;1.459939e-02
1.216662e-02;2.045642e-02;4.696023e-01;1.111940e-01;1.096307e-01;4.415299e-02;6.928727e-02;5.530859e-02;3.025371e-02;2.202333e-02;4.331131e-02;1.261269e-02
1.547739e-02;1.425059e-02;5.227625e-01;1.060859e-01;8.679643e-02;3.965549e-02;5.731286e-02;4.140326e-02;3.001442e-02;2.734393e-02;4.386159e-02;1.503565e-02
2.084764e-02;1.740016e-02;5.606993e-01;7.923685e-02;6.868165e-02;2.767733e-02;5.817147e-02;4.935489e-02;3.331979e-02;2.971233e-02;4.082858e-02;1.407007e-02
2.939953e-02;1.603640e-02;5.547600e-01;8.850843e-02;6.681830e-02;2.213559e-02;7.047683e-02;4.889005e-02;2.889080e-02;2.916808e-02;3.391109e-02;1.100484e-02
4.388558e-02;4.367190e-02;4.789703e-01;9.105942e-02;9.376805e-02;2.859594e-02;6.617144e-02;6.744640e-02;2.503738e-02;2.138946e-02;3.246144e-02;7.542740e-03
5.471565e-02;4.605215e-02;3.645630e-01;9.621093e-02;9.663975e-02;5.152919e-02;1.502031e-01;4.706193e-02;2.174198e-02;2.864615e-02;3.155953e-02;1.107669e-02
3.911835e-02;2.748776e-02;4.681341e-01;8.240383e-02;6.233365e-02;3.262473e-02;1.504935e-01;3.183150e-02;1.712183e-02;4.768838e-02;2.956637e-02;1.119603e-02
2.742347e-02;2.919916e-02;5.736049e-01;6.416896e-02;3.485487e-02;1.462735e-02;1.268983e-01;2.430546e-02;1.459601e-02;5.658475e-02;2.693427e-02;6.802526e-03
2.713098e-02;3.811751e-02;6.266183e-01;4.683676e-02;2.917416e-02;1.856326e-02;1.027840e-01;1.308709e-02;7.955058e-03;6.042884e-02;2.427552e-02;5.028565e-03
3.948078e-02;5.444346e-02;6.279479e-01;3.363141e-02;3.226430e-02;1.558519e-02;9.103120e-02;8.890404e-03;8.276665e-03;5.971593e-02;2.493385e-02;3.798950e-03
3.898244e-02;5.930908e-02;6.151480e-01;3.947829e-02;3.193917e-02;1.592235e-02;8.353727e-02;8.761548e-03;1.244816e-02;6.212820e-02;2.758052e-02;4.764951e-03
3.921270e-02;6.619196e-02;5.785376e-01;4.154899e-02;3.915260e-02;2.462295e-02;8.643060e-02;1.070955e-02;1.519774e-02;6.315944e-02;2.670482e-02;8.531055e-03
3.207806e-02;7.559417e-02;5.209825e-01;5.046976e-02;3.959558e-02;3.738746e-02;8.772156e-02;1.816165e-02;2.697883e-02;6.359517e-02;2.439752e-02;2.303774e-02
3.820664e-02;7.605918e-02;4.847628e-01;4.551063e-02;4.308512e-02;4.816932e-02;7.861315e-02;3.115668e-02;3.266768e-02;6.657057e-02;2.086311e-02;3.433510e-02
4.163526e-02;6.881709e-02;4.999240e-01;3.706848e-02;6.319190e-02;4.324199e-02;5.088967e-02;2.642339e-02;2.472715e-02;8.915210e-02;2.339983e-02;3.152914e-02
1.821383e-02;7.412015e-02;5.185513e-01;3.210305e-02;6.490514e-02;4.226582e-02;6.478374e-02;2.457511e-02;2.764838e-02;8.482439e-02;2.344747e-02;2.456166e-02
5.370168e-02;4.748056e-02;4.438131e-01;4.881947e-02;7.708968e-02;4.579853e-02;9.684317e-02;2.561546e-02;3.024685e-02;7.018583e-02;3.508356e-02;2.532213e-02
8.967471e-02;4.710977e-02;2.627337e-01;6.362785e-02;1.257509e-01;7.272228e-02;1.184820e-01;3.947002e-02;3.519309e-02;5.991380e-02;4.427861e-02;4.104321e-02
5.015021e-02;7.267025e-02;2.571662e-01;8.600164e-02;1.395087e-01;6.268963e-02;5.967026e-02;7.401823e-02;3.260320e-02;4.885834e-02;6.452781e-02;5.213552e-02
5.127193e-02;5.042744e-02;3.036375e-01;8.774605e-02;9.366158e-02;4.943993e-02;9.868042e-02;5.424500e-02;3.805125e-02;6.880835e-02;7.065798e-02;3.337253e-02
8.216296e-02;7.262488e-02;3.034327e-01;5.802099e-02;6.677959e-02;5.593113e-02;1.273013e-01;4.368673e-02;4.693433e-02;7.772347e-02;4.692378e-02;1.847811e-02
9.872724e-02;9.233582e-02;2.010286e-01;3.746193e-02;5.766466e-02;6.090288e-02;2.020063e-01;5.167395e-02;6.076046e-02;7.650061e-02;3.461054e-02;2.632700e-02
4.644964e-02;1.041519e-01;2.767336e-01;3.041219e-02;3.956342e-02;5.868781e-02;1.931565e-01;5.888877e-02;6.840828e-02;6.679478e-02;2.546183e-02;3.129129e-02
6.809382e-02;1.182501e-01;3.917884e-01;5.232346e-02;3.780940e-02;5.503678e-02;6.385918e-02;4.964605e-02;6.808604e-02;5.333545e-02;1.281427e-02;2.895699e-02
6.505329e-02;1.165901e-01;3.680477e-01;4.310294e-02;4.009902e-02;5.117824e-02;1.103413e-01;4.941526e-02;7.494611e-02;4.385323e-02;1.462904e-02;2.274376e-02
5.473383e-02;9.039549e-02;3.405423e-01;3.234783e-02;4.044472e-02;6.235741e-02;1.834835e-01;4.579146e-02;6.453817e-02;4.931798e-02;1.987841e-02;1.616896e-02
1.989037e-02;6.154042e-02;3.806462e-01;4.837747e-02;5.612913e-02;6.292754e-02;2.004298e-01;3.472756e-02;3.790878e-02;5.388040e-02;2.506681e-02;1.847551e-02
5.204954e-02;5.466171e-02;3.976414e-01;6.200182e-02;4.873603e-02;5.751958e-02;1.594930e-01;2.249604e-02;3.578594e-02;5.742265e-02;2.439716e-02;2.779518e-02
4.207192e-02;3.436056e-02;3.892758e-01;5.277072e-02;7.160098e-02;5.196334e-02;1.784731e-01;2.522727e-02;3.422725e-02;4.946023e-02;3.475161e-02;3.581725e-02
1.580258e-02;3.839731e-02;3.517116e-01;5.471887e-02;1.122668e-01;4.237937e-02;1.957236e-01;3.150829e-02;2.585808e-02;4.915078e-02;4.230562e-02;4.017702e-02
4.279679e-02;4.094989e-02;1.207147e-01;4.615533e-02;1.556148e-01;7.614783e-02;3.065400e-01;3.087047e-02;2.780941e-02;6.484234e-02;4.231083e-02;4.524763e-02
3.859382e-02;2.725303e-02;2.306698e-01;4.226189e-02;1.161503e-01;6.956442e-02;2.635410e-01;4.026121e-02;4.095238e-02;5.854919e-02;3.780649e-02;3.439652e-02
7.361426e-02;1.359218e-02;2.455547e-01;4.806629e-02;9.024468e-02;5.613851e-02;1.814036e-01;7.208145e-02;7.408364e-02;6.761245e-02;4.440099e-02;3.320726e-02
9.812693e-02;5.681186e-02;1.291214e-01;4.162861e-02;4.924396e-02;7.190531e-02;1.815632e-01;8.591767e-02;9.259543e-02;9.083504e-02;4.237090e-02;5.987971e-02
8.397553e-02;8.968140e-02;1.565660e-01;9.038778e-02;6.080676e-02;6.910542e-02;1.262270e-01;6.991571e-02;1.174229e-01;6.591235e-02;5.094384e-02;1.905522e-02
6.774884e-02;1.014669e-01;1.700218e-01;1.005030e-01;6.369220e-02;7.233203e-02;1.169877e-01;8.282115e-02;9.229386e-02;5.414340e-02;5.361686e-02;2.437234e-02
4.813422e-02;1.073636e-01;1.594874e-01;9.859630e-02;6.736469e-02;8.428370e-02;1.430102e-01;9.235556e-02;7.990130e-02;4.696874e-02;5.266687e-02;1.986751e-02
9.009832e-02;8.711395e-02;1.361964e-01;8.210953e-02;7.336228e-02;9.168956e-02;1.384607e-01;8.875085e-02;6.390874e-02;4.701890e-02;6.344211e-02;3.784863e-02
1.079107e-01;6.947313e-02;1.334313e-01;4.699253e-02;5.582190e-02;5.205151e-02;2.561226e-01;5.648749e-02;5.330024e-02;7.522365e-02;5.151938e-02;4.166552e-02
8.892324e-02;6.749872e-02;1.433007e-01;3.592435e-02;7.174995e-02;5.273577e-02;3.063857e-01;5.409257e-02;5.048228e-02;6.581027e-02;4.273615e-02;2.036031e-02
1.032401e-01;6.240789e-02;1.649500e-01;3.797067e-02;9.834484e-02;7.753462e-02;2.488602e-01;5.022254e-02;4.622975e-02;4.780100e-02;3.628316e-02;2.615527e-02
9.484867e-02;5.511529e-02;1.784645e-01;4.461119e-02;1.031562e-01;7.969621e-02;2.630754e-01;4.796558e-02;4.787607e-02;4.090804e-02;2.289251e-02;2.139030e-02
6.066563e-02;3.697452e-02;2.455659e-01;5.335642e-02;6.146304e-02;4.768162e-02;3.401528e-01;3.905447e-02;4.060992e-02;3.697886e-02;2.293088e-02;1.456591e-02
2.807658e-02;2.646192e-02;3.762923e-01;6.300946e-02;9.489738e-02;4.671356e-02;2.447822e-01;2.453758e-02;2.610363e-02;3.580084e-02;2.029365e-02;1.303083e-02
1.377321e-02;2.294959e-02;5.046405e-01;8.620846e-02;1.072844e-01;3.396942e-02;1.185760e-01;2.570514e-02;1.641821e-02;3.785725e-02;2.502433e-02;7.593580e-03
2.662036e-02;2.316593e-02;4.717161e-01;9.038407e-02;1.269220e-01;4.877749e-02;8.871626e-02;2.458119e-02;1.843327e-02;3.939741e-02;2.954679e-02;1.173914e-02
4.568646e-02;4.175497e-02;2.692815e-01;6.972471e-02;1.400838e-01;7.424558e-02;1.817835e-01;3.126501e-02;4.415514e-02;4.917790e-02;3.211305e-02;2.072839e-02
4.210931e-02;4.157827e-02;2.387129e-01;5.136777e-02;1.303662e-01;8.287665e-02;2.005921e-01;3.521105e-02;5.984112e-02;5.293219e-02;3.324931e-02;3.116317e-02
