7.274816e-02;7.270664e-02;9.319508e-02;7.093178e-02;5.863247e-02;6.836952e-02;1.507135e-01;1.087965e-01;1.128436e-01;6.945394e-02;7.057251e-02;5.103633e-02
1.066025e-01;8.612312e-02;1.045569e-01;4.888282e-02;4.761109e-02;5.148171e-02;1.164809e-01;9.298567e-02;1.136561e-01;8.944568e-02;9.319645e-02;4.897710e-02
1.457119e-01;9.690904e-02;6.363127e-02;4.695217e-02;3.229796e-02;4.900470e-02;1.423962e-01;6.147951e-02;1.191812e-01;9.108980e-02;1.023532e-01;4.899315e-02
1.480220e-01;7.476889e-02;1.174660e-01;5.112902e-02;3.873529e-02;4.652464e-02;1.378186e-01;5.583794e-02;9.347781e-02;6.400826e-02;1.162503e-01;5.596136e-02
1.084262e-01;6.040569e-02;1.565284e-01;5.999166e-02;4.007601e-02;5.004405e-02;1.832204e-01;6.134421e-02;5.492361e-02;7.668357e-02;9.131425e-02;5.704191e-02
1.241398e-01;4.990146e-02;1.032194e-01;6.143573e-02;6.470829e-02;7.763172e-02;2.003980e-01;2.835122e-02;9.002764e-02;8.093882e-02;7.373279e-02;4.551512e-02
1.430060e-01;9.410916e-02;1.695846e-01;3.961642e-02;6.723277e-02;7.959765e-02;1.323852e-01;4.649282e-02;8.645599e-02;5.861585e-02;5.000277e-02;3.290088e-02
1.900890e-01;1.362307e-01;1.644949e-01;2.209066e-02;6.715173e-02;7.361104e-02;9.736113e-02;6.946328e-02;9.534261e-02;3.345681e-02;3.138086e-02;1.932732e-02
2.239120e-01;1.625750e-01;1.162304e-01;2.440135e-02;7.412209e-02;5.173250e-02;9.822880e-02;8.647937e-02;9.250466e-02;1.949777e-02;2.913550e-02;2.118064e-02
1.955128e-01;1.905365e-01;1.516285e-01;3.167046e-02;7.423890e-02;4.673222e-02;6.097696e-02;6.161562e-02;1.102786e-01;3.260289e-02;2.811239e-02;1.609423e-02
1.356377e-01;2.172667e-01;2.129357e-01;2.726010e-02;6.666764e-02;5.918391e-02;3.993734e-02;3.991154e-02;1.284241e-01;3.272352e-02;2.464149e-02;1.541025e-02
9.381948e-02;2.324430e-01;2.886719e-01;3.712722e-02;4.506147e-02;7.508522e-02;1.348053e-02;2.474624e-02;1.129742e-01;3.971267e-02;2.292936e-02;1.394868e-02
8.993670e-02;2.411056e-01;3.160379e-01;3.273405e-02;2.740220e-02;7.583120e-02;3.069213e-02;2.379540e-02;8.738949e-02;3.143453e-02;2.426059e-02;1.938017e-02
9.455498e-02;2.344427e-01;3.541434e-01;2.730146e-02;2.647383e-02;5.863407e-02;3.243697e-02;2.829596e-02;6.040946e-02;3.745129e-02;2.345924e-02;2.239664e-02
5.801251e-02;1.795354e-01;4.582214e-01;3.094928e-02;3.030846e-02;2.767587e-02;4.773165e-02;2.849383e-02;4.251966e-02;6.467963e-02;1.596741e-02;1.590487e-02
4.692876e-02;1.117775e-01;5.229803e-01;3.650057e-02;4.270330e-02;1.927852e-02;6.678388e-02;1.811942e-02;2.238136e-02;8.221502e-02;1.750963e-02;1.282179e-02
3.834223e-02;5.736793e-02;5.080080e-01;5.164855e-02;4.857907e-02;1.934739e-02;7.633989e-02;4.923287e-02;3.569591e-02;6.937734e-02;3.217830e-02;1.388252e-02
3.884934e-02;3.874678e-02;4.381689e-01;9.828579e-02;6.254738e-02;2.519055e-02;6.817338e-02;7.864367e-02;2.546746e-02;5.326899e-02;5.580951e-02;1.684819e-02
2.213037e-02;4.799948e-02;3.425800e-01;1.325355e-01;8.811165e-02;3.327665e-02;5.217864e-02;9.889010e-02;2.672021e-02;5.393831e-02;7.705877e-02;2.458022e-02
2.104963e-02;5.835404e-02;2.668083e-01;1.331014e-01;1.258856e-01;3.909498e-02;3.788733e-02;9.951142e-02;4.585750e-02;5.216982e-02;8.180925e-02;3.847076e-02
2.921540e-02;5.963055e-02;2.369206e-01;1.128134e-01;1.620686e-01;4.907374e-02;2.604579e-02;7.065385e-02;5.937991e-02;6.362137e-02;7.298826e-02;5.758855e-02
4.276112e-02;5.292702e-02;2.775839e-01;9.575389e-02;1.721310e-01;4.757458e-02;3.010353e-02;4.881769e-02;5.701293e-02;5.295538e-02;5.154241e-02;7.083648e-02
4.840430e-02;4.132611e-02;2.673424e-01;8.207192e-02;1.991280e-01;5.135601e-02;2.779378e-02;4.165487e-02;6.794874e-02;4.245642e-02;4.604682e-02;8.447070e-02
7.113434e-02;3.476679e-02;1.772973e-01;5.692203e-02;2.325838e-01;6.408001e-02;4.810834e-02;4.294784e-02;9.438383e-02;3.072238e-02;4.599016e-02;1.010632e-01
7.841848e-02;2.659639e-02;1.434059e-01;5.583120e-02;2.576012e-01;7.277554e-02;4.481772e-02;3.550871e-02;1.147966e-01;1.577131e-02;3.917171e-02;1.153051e-01
6.588783e-02;2.840115e-02;1.556964e-01;5.525180e-02;2.520530e-01;7.949602e-02;5.461897e-02;3.073675e-02;1.162799e-01;1.924946e-02;3.437645e-02;1.079522e-01
5.238356e-02;2.520026e-02;1.466255e-01;6.615123e-02;2.514232e-01;7.536269e-02;6.295126e-02;4.249574e-02;1.150254e-01;2.409807e-02;3.666227e-02;1.016208e-01
5.572968e-02;3.512833e-02;1.594536e-01;7.389652e-02;2.536098e-01;6.823610e-02;5.821269e-02;4.051555e-02;1.009788e-01;2.664846e-02;3.238093e-02;9.520940e-02
4.977068e-02;4.039982e-02;1.923973e-01;8.649244e-02;2.446993e-01;6.094221e-02;2.622230e-02;5.630553e-02;7.863284e-02;3.675709e-02;4.673807e-02;8.064239e-02
3.080493e-02;4.826613e-02;2.388702e-01;1.006951e-01;2.028684e-01;5.125895e-02;4.325678e-02;6.239729e-02;5.740253e-02;4.828680e-02;5.956294e-02;5.633001e-02
2.023727e-02;5.009492e-02;2.608650e-01;1.403071e-01;1.658750e-01;5.217188e-02;2.588474e-02;7.636833e-02;4.460657e-02;4.324529e-02;7.561400e-02;4.472991e-02
1.649171e-02;4.074020e-02;3.024209e-01;1.517856e-01;1.298301e-01;4.802444e-02;4.859803e-02;6.580126e-02;4.306661e-02;3.835114e-02;8.692148e-02;2.796858e-02
1.889902e-02;3.691451e-02;3.664954e-01;1.384520e-01;9.875128e-02;3.579698e-02;5.480074e-02;4.787961e-02;2.994951e-02;3.807114e-02;1.070474e-01;2.694242e-02
2.512798e-02;2.907402e-02;3.986805e-01;1.009120e-01;9.688148e-02;3.533398e-02;8.136930e-02;4.308235e-02;2.288420e-02;4.328293e-02;1.001333e-01;2.323798e-02
2.984952e-02;1.894025e-02;4.340408e-01;8.224256e-02;1.024276e-01;3.524195e-02;8.236448e-02;3.059653e-02;2.088440e-02;4.896598e-02;8.691156e-02;2.753435e-02
4.695072e-02;2.676361e-02;4.097439e-01;6.489582e-02;1.054413e-01;3.763074e-02;1.041984e-01;2.150827e-02;2.169535e-02;4.467436e-02;8.057354e-02;3.592404e-02
6.448008e-02;3.660715e-02;2.422953e-01;6.941039e-02;1.171164e-01;6.652089e-02;1.553697e-01;4.349008e-02;3.049371e-02;4.400886e-02;7.892508e-02;5.128230e-02
7.105917e-02;5.776494e-02;1.644113e-01;7.963121e-02;8.938562e-02;6.774924e-02;1.331275e-01;4.171240e-02;7.044551e-02;6.833576e-02;7.518283e-02;8.119462e-02
9.118385e-02;6.769354e-02;1.290019e-01;6.593610e-02;6.616542e-02;6.439818e-02;1.042662e-01;6.538977e-02;6.444497e-02;6.867556e-02;1.342482e-01;7.859635e-02
7.722424e-02;9.268574e-02;1.500221e-01;7.704286e-02;8.759367e-02;3.318075e-02;7.073390e-02;8.912951e-02;4.450953e-02;2.898880e-02;1.360193e-01;1.128696e-01
7.093417e-02;9.471780e-02;1.714529e-01;8.606336e-02;6.668656e-02;4.939523e-02;8.609569e-02;3.958374e-02;7.847566e-02;4.802323e-02;8.442413e-02;1.241475e-01
7.601915e-02;1.173620e-01;1.828689e-01;9.660990e-02;3.235399e-02;7.517368e-02;9.283359e-02;2.870427e-02;1.002768e-01;4.607834e-02;4.612259e-02;1.055969e-01
7.202939e-02;1.241551e-01;1.263470e-01;1.143204e-01;4.321666e-02;9.487382e-02;7.933912e-02;4.058327e-02;1.160135e-01;3.360164e-02;9.022439e-02;6.529576e-02
6.798319e-02;8.784711e-02;5.726181e-02;1.047338e-01;8.772555e-02;1.111031e-01;5.054944e-02;4.675142e-02;1.482071e-01;3.292926e-02;1.636378e-01;4.127034e-02
8.587623e-02;3.231524e-02;5.574761e-02;6.011291e-02;1.153098e-01;8.124341e-02;6.799108e-02;9.615155e-02;1.422728e-01;2.571268e-02;2.122028e-01;2.506389e-02
9.900018e-02;2.573978e-02;5.843486e-02;2.743494e-02;1.364089e-01;3.893323e-02;9.887922e-02;1.352912e-01;9.308632e-02;5.299528e-03;2.523217e-01;2.917007e-02
9.076577e-02;1.568928e-02;6.334795e-02;1.787370e-02;1.306390e-01;2.123398e-02;1.022103e-01;1.578938e-01;5.643190e-02;3.011980e-02;2.818870e-01;3.190758e-02
8.394442e-02;1.936488e-02;6.941117e-02;2.066278e-02;1.189552e-01;2.298780e-02;8.463929e-02;1.822215e-01;1.827521e-02;5.278564e-02;2.959339e-01;3.081817e-02
7.686561e-02;2.062100e-02;6.567101e-02;3.337295e-02;1.137542e-01;2.378501e-02;6.327098e-02;1.987830e-01;4.198417e-02;4.588044e-02;2.862293e-01;2.978238e-02
6.587651e-02;2.541934e-02;7.134328e-02;5.452562e-02;1.082040e-01;3.372891e-02;1.092568e-01;1.905127e-01;2.580415e-02;4.020312e-02;2.498682e-01;2.525726e-02
5.182995e-02;3.604180e-02;9.905463e-02;7.207510e-02;9.410081e-02;3.681511e-02;1.217554e-01;1.527022e-01;3.201922e-02;5.547851e-02;2.138438e-01;3.428354e-02
4.542546e-02;3.868051e-02;1.253408e-01;7.914793e-02;9.031478e-02;3.601459e-02;1.104462e-01;1.300148e-01;2.863579e-02;5.865199e-02;2.216521e-01;3.567500e-02
5.548745e-02;2.126827e-02;1.304622e-01;8.226752e-02;9.311721e-02;4.314645e-02;7.825138e-02;1.074759e-01;5.659302e-02;5.229766e-02;2.320898e-01;4.754315e-02
8.680623e-02;5.719996e-02;1.204039e-01;6.658720e-02;1.042303e-01;5.366666e-02;8.589407e-02;1.260559e-01;6.037445e-02;5.669468e-02;1.336928e-01;4.839395e-02
1.064151e-01;1.135004e-01;1.419367e-01;4.189311e-02;8.090107e-02;5.775563e-02;8.867236e-02;9.937825e-02;6.820115e-02;6.148856e-02;8.353815e-02;5.631948e-02
1.008579e-01;1.653664e-01;2.058093e-01;4.287118e-02;6.883212e-02;5.925047e-02;4.613458e-02;5.524632e-02;8.177681e-02;2.741848e-02;8.798181e-02;5.845461e-02
8.048610e-02;1.741583e-01;2.447792e-01;4.234022e-02;5.968930e-02;7.218269e-02;5.343233e-02;3.163169e-02;6.624515e-02;3.376440e-02;7.569883e-02;6.559180e-02
8.220619e-02;1.672703e-01;2.867624e-01;3.475882e-02;4.848935e-02;7.374638e-02;6.314468e-02;3.327388e-02;5.168262e-02;3.598491e-02;5.423369e-02;6.844669e-02
7.290363e-02;1.193250e-01;3.464399e-01;4.769183e-02;4.651842e-02;6.569244e-02;7.536152e-02;3.200014e-02;4.285406e-02;5.655188e-02;4.430084e-02;5.036043e-02
6.206414e-02;7.187269e-02;4.325784e-01;6.172238e-02;5.236473e-02;5.788941e-02;9.159828e-02;1.977233e-02;1.380047e-02;7.026075e-02;4.358819e-02;2.248826e-02
6.939537e-02;3.056409e-02;4.810492e-01;5.706657e-02;5.023016e-02;4.913411e-02;9.491217e-02;2.262366e-02;1.725105e-02;8.074578e-02;3.945138e-02;7.576502e-03
8.792408e-02;4.214346e-02;4.515929e-01;7.339676e-02;5.108001e-02;4.858625e-02;7.919650e-02;2.978298e-02;2.339376e-02;5.973314e-02;3.235532e-02;2.081486e-02
9.055673e-02;4.773654e-02;4.140042e-01;8.442243e-02;4.259278e-02;5.548273e-02;6.646789e-02;4.144936e-02;3.068048e-02;4.266921e-02;4.932025e-02;3.461736e-02
7.985307e-02;4.549594e-02;4.042996e-01;8.940696e-02;4.294519e-02;5.327245e-02;7.176036e-02;4.747144e-02;2.161001e-02;3.489349e-02;6.016979e-02;4.882174e-02
6.434062e-02;6.707186e-02;4.060161e-01;9.103445e-02;4.878543e-02;4.308740e-02;8.989464e-02;4.695303e-02;2.074966e-02;2.338143e-02;5.656874e-02;4.211665e-02
6.137693e-02;1.119487e-01;3.627570e-01;9.070417e-02;6.378318e-02;3.936839e-02;1.020048e-01;4.942698e-02;2.122575e-02;2.390057e-02;4.682022e-02;2.668322e-02
6.107471e-02;1.198573e-01;3.647845e-01;7.469360e-02;6.778823e-02;3.732001e-02;1.042708e-01;4.777182e-02;1.909654e-02;3.788288e-02;5.010745e-02;1.535218e-02
6.937461e-02;7.816672e-02;3.642691e-01;6.882394e-02;7.850134e-02;4.090103e-02;1.117935e-01;4.308091e-02;2.949464e-02;3.561297e-02;4.456603e-02;3.541524e-02
1.163364e-01;5.337761e-02;2.793946e-01;7.062308e-02;1.034240e-01;5.818043e-02;1.092930e-01;3.123289e-02;4.091180e-02;4.402287e-02;4.154479e-02;5.165856e-02
1.159296e-01;7.994468e-02;3.527803e-01;5.336576e-02;8.777137e-02;6.706370e-02;7.102796e-02;2.818709e-02;3.137073e-02;4.596828e-02;3.477553e-02;3.181501e-02
1.025021e-01;8.154062e-02;2.863688e-01;5.439961e-02;6.287488e-02;8.014551e-02;6.810324e-02;6.804799e-02;5.415956e-02;6.100738e-02;5.188672e-02;2.896363e-02
7.294841e-02;8.479238e-02;1.658791e-01;4.371836e-02;5.224862e-02;7.222510e-02;1.576507e-01;1.009808e-01;7.948355e-02;7.315347e-02;5.342713e-02;4.349224e-02
8.861960e-02;7.574958e-02;1.778211e-01;3.587396e-02;6.876791e-02;6.657141e-02;1.693038e-01;1.010375e-01;5.127091e-02;8.135777e-02;3.061796e-02;5.300856e-02
9.500030e-02;3.415859e-02;2.362740e-01;5.423994e-02;6.751506e-02;5.554914e-02;1.363095e-01;8.742897e-02;3.563938e-02;7.954350e-02;6.837735e-02;4.996424e-02
7.168955e-02;4.994653e-02;2.724439e-01;5.114714e-02;5.442416e-02;5.478309e-02;1.092518e-01;7.935705e-02;4.118074e-02;9.129656e-02;7.315136e-02;5.132818e-02
2.456432e-02;7.813289e-02;3.135686e-01;3.299640e-02;3.512054e-02;6.212285e-02;8.350495e-02;7.058392e-02;6.718947e-02;1.123662e-01;6.206940e-02;5.778048e-02
5.134583e-02;1.046540e-01;2.690645e-01;2.529873e-02;2.636982e-02;7.735687e-02;1.074995e-01;6.899324e-02;8.435316e-02;9.645247e-02;2.894893e-02;5.966295e-02
4.321030e-02;1.149907e-01;2.381110e-01;3.848213e-02;3.701969e-02;8.404811e-02;1.089685e-01;5.282228e-02;1.326209e-01;7.391068e-02;1.859377e-02;5.722197e-02
6.417352e-02;9.455916e-02;2.199810e-01;4.426305e-02;4.566710e-02;6.014414e-02;1.258580e-01;5.261670e-02;1.384784e-01;7.240389e-02;3.878926e-02;4.306576e-02
1.109795e-01;7.787737e-02;1.783597e-01;3.085035e-02;4.867399e-02;3.710327e-02;1.598307e-01;6.002058e-02;1.167040e-01;9.207243e-02;5.275688e-02;3.477130e-02
1.401940e-01;6.638341e-02;1.348855e-01;4.151192e-02;5.543670e-02;2.565184e-02;1.710288e-01;7.895539e-02;8.983944e-02;1.064957e-01;5.902226e-02;3.059515e-02
1.448282e-01;2.821025e-02;1.774971e-01;6.430944e-02;4.668583e-02;2.704731e-02;1.555105e-01;8.853748e-02;5.821605e-02;1.209437e-01;5.430056e-02;3.391359e-02
1.593122e-01;6.162298e-02;1.870035e-01;6.373358e-02;3.111335e-02;2.385907e-02;1.403023e-01;7.599691e-02;6.589674e-02;8.984742e-02;4.499264e-02;5.631930e-02
1.444889e-01;7.601026e-02;1.789766e-01;6.444530e-02;3.273426e-02;2.379086e-02;1.786794e-01;7.453902e-02;6.146046e-02;6.342807e-02;3.996102e-02;6.148588e-02
1.196649e-01;4.554849e-02;1.719359e-01;7.346975e-02;4.558685e-02;3.334387e-02;2.280316e-01;5.543881e-02;7.563882e-02;5.329518e-02;4.765216e-02;5.039372e-02
1.196195e-01;6.966541e-02;1.401590e-01;6.870310e-02;6.748115e-02;3.742514e-02;2.206503e-01;5.249612e-02;8.479414e-02;6.610343e-02;3.772653e-02;3.517612e-02
1.002312e-01;8.509682e-02;1.916474e-01;4.962752e-02;6.247738e-02;5.054804e-02;1.679923e-01;5.789949e-02;8.378880e-02;7.598795e-02;5.232519e-02;2.237784e-02
8.339499e-02;9.153758e-02;2.089564e-01;6.346212e-02;5.342313e-02;5.918108e-02;1.471685e-01;5.345998e-02;6.917106e-02;8.910329e-02;5.378696e-02;2.735485e-02
9.537713e-02;6.897913e-02;1.772370e-01;7.413767e-02;4.691047e-02;7.429663e-02;1.753874e-01;5.113427e-02;6.489588e-02;1.001595e-01;2.440080e-02;4.708407e-02
8.578137e-02;6.006051e-02;1.250448e-01;6.699684e-02;6.920894e-02;7.102233e-02;1.824966e-01;4.960751e-02;7.907251e-02;9.044382e-02;5.922936e-02;6.103538e-02
6.843904e-02;5.902780e-02;1.716157e-01;5.369786e-02;7.164950e-02;5.477559e-02;1.654264e-01;9.038931e-02;6.613570e-02;9.736259e-02;6.373415e-02;3.774645e-02
7.062247e-02;3.986132e-02;1.411988e-01;5.776085e-02;7.012413e-02;6.878727e-02;1.535541e-01;8.795980e-02;8.585382e-02;9.859923e-02;4.299694e-02;8.268130e-02
5.541404e-02;6.202477e-02;1.209029e-01;4.656697e-02;6.477240e-02;5.091723e-02;1.076272e-01;9.047261e-02;1.077400e-01;1.068370e-01;8.527207e-02;1.014527e-01
4.963994e-02;5.445616e-02;1.353337e-01;5.076006e-02;6.556638e-02;3.863952e-02;1.089590e-01;1.265474e-01;1.029500e-01;1.026487e-01;8.263995e-02;8.185927e-02
6.058712e-02;5.532324e-02;1.484441e-01;6.562205e-02;5.816155e-02;5.192620e-02;1.497462e-01;1.156679e-01;6.236259e-02;1.010650e-01;5.383799e-02;7.725608e-02
9.799465e-02;5.083370e-02;2.160780e-01;5.889591e-02;4.537297e-02;6.413509e-02;1.384338e-01;7.386737e-02;6.727844e-02;8.279645e-02;4.116293e-02;6.315070e-02
8.552609e-02;9.093989e-02;2.696055e-01;5.945119e-02;6.309237e-02;7.308215e-02;9.067959e-02;3.742562e-02;3.735156e-02;7.861760e-02;7.281850e-02;4.140994e-02
1.466748e-01;8.933096e-02;1.755546e-01;6.134623e-02;5.471725e-02;6.300803e-02;1.243216e-01;4.783138e-02;2.132651e-02;7.428039e-02;7.170918e-02;6.989909e-02
1.978438e-01;7.565918e-02;1.015852e-01;5.414208e-02;4.981801e-02;5.865430e-02;1.560152e-01;4.276527e-02;3.185562e-02;6.624472e-02;6.711542e-02;9.830125e-02
2.136585e-01;5.771126e-02;9.731260e-02;4.374089e-02;4.756402e-02;6.761578e-02;1.456204e-01;3.706998e-02;3.990209e-02;8.398899e-02;7.132537e-02;9.449012e-02
2.380303e-01;4.711054e-02;1.310481e-01;4.691098e-02;4.267719e-02;5.652495e-02;1.325265e-01;4.637059e-02;2.751101e-02;7.815722e-02;6.785072e-02;8.528189e-02
2.958888e-01;1.092358e-01;9.839117e-02;2.289483e-02;4.795232e-02;3.891749e-02;1.279914e-01;7.703425e-02;2.210110e-02;5.552153e-02;2.715816e-02;7.691304e-02
3.436928e-01;1.231761e-01;7.002515e-02;4.086845e-02;4.552328e-02;2.353935e-02;9.607179e-02;8.451571e-02;2.472901e-02;4.469230e-02;3.788030e-02;6.528576e-02
3.765174e-01;1.280784e-01;5.770943e-02;4.937930e-02;5.222325e-02;1.137142e-02;7.948627e-02;7.893894e-02;1.802121e-02;3.336546e-02;4.678512e-02;6.812382e-02
3.814720e-01;1.324418e-01;6.890997e-02;4.145930e-02;5.267290e-02;1.869542e-02;7.603248e-02;6.401653e-02;3.004508e-02;2.407041e-02;5.075816e-02;5.942595e-02
3.638166e-01;1.489497e-01;6.983049e-02;3.358703e-02;4.826632e-02;3.053794e-02;8.505031e-02;5.462630e-02;3.924312e-02;2.233189e-02;5.949542e-02;4.426484e-02
2.838408e-01;1.772543e-01;1.138844e-01;3.436416e-02;4.356105e-02;3.510025e-02;7.406215e-02;6.108127e-02;5.322308e-02;3.226480e-02;6.006673e-02;3.129708e-02
1.785093e-01;2.128220e-01;1.352553e-01;4.975613e-02;4.828548e-02;4.906579e-02;6.814865e-02;6.907560e-02;7.938369e-02;3.880069e-02;4.654498e-02;2.435240e-02
9.294295e-02;2.029383e-01;1.891953e-01;5.903172e-02;4.781106e-02;7.189427e-02;7.987704e-02;5.946021e-02;9.657755e-02;4.102661e-02;2.534282e-02;3.390213e-02
8.338371e-02;1.802748e-01;2.465514e-01;5.210543e-02;3.482268e-02;8.384201e-02;7.087546e-02;4.478013e-02;9.060790e-02;5.771818e-02;1.354370e-02;4.149461e-02
9.320910e-02;1.583689e-01;2.676602e-01;3.690771e-02;3.205888e-02;7.160623e-02;8.947115e-02;7.127088e-02;6.954385e-02;6.245327e-02;7.549307e-03;3.990052e-02
5.353587e-02;1.281095e-01;3.384676e-01;2.572274e-02;1.876424e-02;5.717322e-02;9.133820e-02;8.915934e-02;6.922711e-02;7.403839e-02;1.793356e-02;3.653025e-02
3.588354e-02;1.060584e-01;3.873785e-01;3.473936e-02;2.103011e-02;4.661715e-02;6.721047e-02;8.470144e-02;7.876530e-02;8.495211e-02;2.257252e-02;3.009110e-02
4.186986e-02;9.329852e-02;3.739693e-01;4.115492e-02;3.239919e-02;3.694995e-02;7.904247e-02;6.581903e-02;8.640058e-02;1.028129e-01;2.447376e-02;2.180961e-02
2.654789e-02;5.453558e-02;3.888339e-01;6.111478e-02;3.529317e-02;3.671914e-02;7.677429e-02;6.243470e-02;9.274404e-02;1.195514e-01;2.316691e-02;2.228427e-02
2.057697e-02;2.848217e-02;4.109460e-01;6.041657e-02;4.066891e-02;2.659340e-02;8.486032e-02;6.756640e-02;1.013476e-01;1.159560e-01;2.015707e-02;2.242853e-02
2.514336e-02;4.591563e-02;4.327522e-01;7.331648e-02;4.268606e-02;2.305813e-02;6.450938e-02;4.618035e-02;1.046536e-01;1.037522e-01;2.080378e-02;1.722878e-02
2.493868e-02;5.217709e-02;4.530497e-01;6.846171e-02;2.692712e-02;2.310184e-02;5.750875e-02;6.185291e-02;9.592935e-02;9.393091e-02;2.287539e-02;1.924662e-02
2.014328e-02;5.334064e-02;4.638808e-01;5.090604e-02;2.546827e-02;2.412981e-02;5.621854e-02;9.342929e-02;8.311140e-02;8.346707e-02;1.969917e-02;2.620574e-02
2.319640e-02;6.754722e-02;4.497430e-01;4.919409e-02;3.201165e-02;2.488892e-02;6.446845e-02;1.096778e-01;5.864001e-02;7.187433e-02;1.957682e-02;2.918135e-02
2.063184e-02;8.147406e-02;4.431804e-01;4.928242e-02;2.330281e-02;3.886380e-02;9.221402e-02;8.256185e-02;6.229620e-02;6.320904e-02;1.551287e-02;2.747063e-02
2.912854e-02;9.458636e-02;4.520189e-01;4.626522e-02;3.073396e-02;5.702526e-02;7.391825e-02;4.455941e-02;7.808022e-02;5.781935e-02;1.255728e-02;2.330730e-02
2.955991e-02;9.872932e-02;4.462199e-01;6.207654e-02;5.057003e-02;6.345234e-02;6.147083e-02;3.105255e-02;8.963463e-02;4.186971e-02;6.639546e-03;1.872469e-02
4.097727e-02;1.086678e-01;4.373864e-01;7.877080e-02;5.763329e-02;5.691801e-02;3.651695e-02;2.543269e-02;9.951473e-02;3.078975e-02;1.460883e-02;1.278346e-02
5.644304e-02;1.074073e-01;3.871008e-01;6.980575e-02;5.394659e-02;4.690274e-02;5.279970e-02;5.670112e-02;8.088406e-02;4.154567e-02;2.721880e-02;1.924443e-02
5.484638e-02;8.284874e-02;3.235008e-01;5.124685e-02;3.731107e-02;3.820651e-02;1.386516e-01;7.569311e-02;5.423519e-02;5.952448e-02;3.904359e-02;4.489166e-02
4.906438e-02;7.488474e-02;2.088235e-01;6.335781e-02;4.179627e-02;4.218807e-02;1.675892e-01;9.507426e-02;7.042219e-02;7.687096e-02;4.318052e-02;6.674800e-02
4.675997e-02;8.449782e-02;1.679615e-01;8.573689e-02;4.852371e-02;5.843912e-02;6.181917e-02;1.329516e-01;1.046358e-01;9.067991e-02;4.151567e-02;7.647885e-02
5.188460e-02;7.537395e-02;2.827320e-01;6.983098e-02;3.798970e-02;4.346354e-02;1.107033e-01;8.958746e-02;7.020736e-02;6.999689e-02;3.842879e-02;5.980136e-02
5.998374e-02;7.291226e-02;3.148247e-01;8.414724e-02;4.565310e-02;4.002242e-02;7.540109e-02;7.651028e-02;5.482376e-02;7.579416e-02;4.229038e-02;5.763686e-02
6.790736e-02;6.116350e-02;2.899695e-01;7.631357e-02;5.080628e-02;6.310184e-02;6.962611e-02;6.977031e-02;6.658854e-02;8.473422e-02;6.417263e-02;3.584615e-02
9.333432e-02;6.677259e-02;2.355622e-01;6.408046e-02;4.340113e-02;7.337698e-02;8.331721e-02;8.196825e-02;8.227845e-02;7.350686e-02;6.043036e-02;4.197120e-02
9.113277e-02;5.010179e-02;1.928154e-01;6.960503e-02;4.645998e-02;6.363455e-02;6.368545e-02;1.099717e-01;7.446481e-02;1.078549e-01;6.257220e-02;6.770140e-02
6.891427e-02;4.474152e-02;1.408343e-01;8.298402e-02;6.155173e-02;5.790231e-02;6.317213e-02;1.024537e-01;9.608345e-02;1.545439e-01;5.436672e-02;7.245201e-02
2.854553e-02;4.814182e-02;6.986884e-02;8.474271e-02;9.559133e-02;6.266993e-02;1.224635e-01;8.529871e-02;7.774387e-02;1.426208e-01;9.851384e-02;8.379906e-02
5.564830e-02;5.602428e-02;4.916861e-02;6.637252e-02;7.944603e-02;7.689806e-02;1.034384e-01;1.134470e-01;8.596537e-02;9.107358e-02;1.246963e-01;9.782151e-02
8.287083e-02;4.954847e-02;7.112475e-02;3.836583e-02;6.220127e-02;7.957999e-02;8.633568e-02;1.083003e-01;1.477112e-01;7.712024e-02;1.111170e-01;8.572438e-02
8.801138e-02;7.639930e-02;9.563338e-02;4.858626e-02;5.137012e-02;6.384733e-02;1.063657e-01;1.070463e-01;1.533578e-01;9.778932e-02;7.674880e-02;3.484436e-02
9.705241e-02;7.267977e-02;1.077136e-01;6.351613e-02;5.434788e-02;5.342721e-02;1.208597e-01;8.159865e-02;6.710293e-02;1.007518e-01;1.042184e-01;7.673156e-02
1.046712e-01;5.400610e-02;1.094881e-01;7.670211e-02;6.194542e-02;5.968527e-02;8.225850e-02;9.749465e-02;6.266205e-02;9.520440e-02;1.214333e-01;7.444900e-02
1.348231e-01;5.068954e-02;8.299004e-02;1.121676e-01;6.082660e-02;7.903384e-02;7.592290e-02;1.412836e-01;6.245037e-02;5.312696e-02;1.070301e-01;3.965526e-02
1.222247e-01;6.921142e-02;7.644027e-02;1.093721e-01;6.404694e-02;6.672414e-02;8.605735e-02;1.430869e-01;9.831820e-02;5.668249e-02;7.332045e-02;3.451499e-02
9.327713e-02;8.036069e-02;8.939931e-02;1.073123e-01;9.003814e-02;4.385369e-02;1.197036e-01;1.024995e-01;8.517681e-02;7.967762e-02;7.653047e-02;3.217063e-02
8.165170e-02;7.459603e-02;1.062688e-01;1.235621e-01;8.611888e-02;4.142918e-02;1.242995e-01;1.085129e-01;3.501804e-02;8.002332e-02;6.744026e-02;7.107934e-02
7.169446e-02;6.943392e-02;7.119174e-02;1.192935e-01;6.450320e-02;3.454777e-02;1.066566e-01;1.395208e-01;1.065018e-01;5.702788e-02;6.098315e-02;9.864518e-02
5.060347e-02;7.557522e-02;1.164335e-01;7.787684e-02;4.948255e-02;5.597679e-02;1.450657e-01;8.959001e-02;1.470720e-01;7.633884e-02;5.118414e-02;6.480098e-02
4.781406e-02;7.648956e-02;1.321839e-01;8.457764e-02;7.064690e-02;7.848408e-02;1.564445e-01;3.486133e-02;1.136334e-01;1.001845e-01;4.188005e-02;6.280004e-02
6.287421e-02;5.750449e-02;1.236931e-01;9.487317e-02;6.330340e-02;1.014136e-01;1.480462e-01;5.465849e-02;7.406522e-02;7.553016e-02;4.448494e-02;9.955303e-02
5.875942e-02;6.226908e-02;1.178530e-01;8.454364e-02;5.581810e-02;1.146858e-01;1.092570e-01;5.247099e-02;1.095271e-01;5.186148e-02;5.927112e-02;1.236832e-01
1.096592e-01;6.434871e-02;9.588119e-02;7.870441e-02;5.968574e-02;8.517176e-02;5.687766e-02;7.911918e-02;1.289338e-01;6.706987e-02;6.157034e-02;1.129781e-01
1.256825e-01;7.270888e-02;7.605393e-02;6.975845e-02;5.349673e-02;3.604382e-02;7.556559e-02;1.134393e-01;1.182799e-01;8.279175e-02;9.157947e-02;8.459961e-02
1.231819e-01;7.592706e-02;1.030075e-01;5.165063e-02;4.530643e-02;6.176640e-02;8.401552e-02;1.179879e-01;8.541530e-02;5.592325e-02;8.286504e-02;1.129530e-01
9.957663e-02;6.147548e-02;1.248887e-01;4.720644e-02;6.536090e-02;8.844098e-02;1.075837e-01;1.192952e-01;6.461647e-02;5.145221e-02;5.746743e-02;1.126359e-01
5.717071e-02;6.254476e-02;1.983504e-01;9.083875e-02;9.470532e-02;6.671418e-02;9.733102e-02;7.130422e-02;7.501893e-02;7.318366e-02;4.303977e-02;6.979835e-02
9.584092e-02;8.278408e-02;2.383164e-01;9.407511e-02;8.607854e-02;4.713083e-02;9.555494e-02;2.147022e-02;6.479198e-02;7.771686e-02;4.845143e-02;4.778869e-02
1.373408e-01;8.888048e-02;2.864925e-01;7.499178e-02;7.301400e-02;4.894770e-02;7.210603e-02;3.151122e-02;4.670488e-02;4.867018e-02;4.361163e-02;4.772877e-02
1.832267e-01;7.075597e-02;2.611867e-01;6.601953e-02;7.412221e-02;3.079329e-02;1.001310e-01;4.852631e-02;2.443139e-02;3.601491e-02;5.252065e-02;5.227134e-02
2.089743e-01;7.385203e-02;2.242259e-01;7.661709e-02;7.863776e-02;2.620801e-02;1.023724e-01;3.885331e-02;2.813788e-02;2.547318e-02;6.274127e-02;5.390680e-02
2.003598e-01;8.078855e-02;2.305946e-01;7.218465e-02;8.309270e-02;2.898166e-02;8.859075e-02;2.211748e-02;3.745879e-02;2.428737e-02;7.791477e-02;5.362885e-02
1.778908e-01;7.021756e-02;2.343098e-01;8.629496e-02;9.563281e-02;2.829835e-02;6.357900e-02;4.822323e-02;3.263526e-02;2.788250e-02;7.430340e-02;6.073229e-02
1.420580e-01;8.735012e-02;2.493569e-01;8.242030e-02;9.207349e-02;3.242398e-02;8.201119e-02;4.856830e-02;5.056280e-02;3.114705e-02;5.081558e-02;5.121236e-02
8.854030e-02;1.138086e-01;2.598360e-01;9.625128e-02;1.126335e-01;6.527184e-02;7.181482e-02;3.192716e-02;8.169828e-02;3.255165e-02;2.791114e-02;1.775540e-02
5.084023e-02;1.098230e-01;3.432775e-01;8.232803e-02;9.030877e-02;8.367733e-02;5.012794e-02;3.173542e-02;8.143359e-02;3.961479e-02;2.010990e-02;1.672354e-02
2.676708e-02;9.916969e-02;4.426781e-01;4.757943e-02;5.490712e-02;5.883193e-02;6.586806e-02;3.683392e-02;7.114401e-02;6.129352e-02;1.752738e-02;1.739980e-02
2.168639e-02;6.487601e-02;4.785303e-01;5.553473e-02;5.720222e-02;2.846754e-02;7.087447e-02;6.692304e-02;4.628864e-02;8.060468e-02;1.324596e-02;1.576601e-02
1.316307e-02;3.369974e-02;4.665346e-01;6.151015e-02;5.676175e-02;2.764911e-02;8.094472e-02;8.497816e-02;7.153006e-02;7.834356e-02;1.510971e-02;9.775402e-03
1.453962e-02;2.113763e-02;4.440608e-01;6.919584e-02;5.999771e-02;2.190149e-02;7.170536e-02;8.505486e-02;9.995478e-02;7.685318e-02;2.967513e-02;5.923604e-03
1.462325e-02;2.512249e-02;3.868828e-01;1.118646e-01;8.928955e-02;3.951805e-02;5.257206e-02;8.260063e-02;6.219936e-02;8.041292e-02;4.822212e-02;6.692144e-03
1.385154e-02;3.232820e-02;3.198934e-01;1.408734e-01;1.089799e-01;5.296937e-02;4.514769e-02;1.100795e-01;4.510576e-02;5.315137e-02;6.464367e-02;1.297627e-02
1.356798e-02;4.222526e-02;2.375492e-01;1.321798e-01;1.325499e-01;4.973052e-02;4.036668e-02;1.164775e-01;6.165387e-02;8.272161e-02;7.194950e-02;1.902819e-02
1.600868e-02;4.480702e-02;2.888868e-01;1.077975e-01;1.503910e-01;4.435649e-02;3.615796e-02;9.223739e-02;5.516527e-02;8.602835e-02;6.014731e-02;1.801620e-02
1.591888e-02;3.856914e-02;3.865314e-01;9.572790e-02;1.457514e-01;4.231428e-02;4.141017e-02;7.289299e-02;4.930671e-02;4.733072e-02;3.566385e-02;2.858257e-02
1.321096e-02;4.145491e-02;4.246802e-01;1.026982e-01;1.483507e-01;4.608084e-02;3.559290e-02;5.566568e-02;4.055621e-02;3.045611e-02;3.295231e-02;2.830094e-02
2.384075e-02;5.296756e-02;3.513649e-01;1.146830e-01;1.463003e-01;5.115186e-02;3.080426e-02;5.654392e-02;5.922777e-02;2.529066e-02;5.403886e-02;3.378618e-02
2.660698e-02;5.188629e-02;2.844489e-01;1.148258e-01;1.460432e-01;7.243245e-02;4.371016e-02;5.736183e-02;5.983398e-02;2.869034e-02;7.956038e-02;3.459964e-02
2.354677e-02;3.854306e-02;3.040181e-01;9.803034e-02;1.321291e-01;9.255748e-02;5.670386e-02;4.398168e-02;4.200720e-02;4.729302e-02;8.124350e-02;3.994593e-02
3.403661e-02;2.746554e-02;2.666873e-01;9.362435e-02;1.239229e-01;9.663378e-02;8.260529e-02;6.596733e-02;4.239858e-02;9.084660e-02;3.924244e-02;3.656926e-02
6.178085e-02;4.075960e-02;2.317041e-01;6.801288e-02;8.966234e-02;6.328678e-02;1.222543e-01;7.864265e-02;6.050935e-02;1.181507e-01;3.201689e-02;3.321965e-02
6.084577e-02;3.928218e-02;1.648514e-01;3.486665e-02;8.530939e-02;6.715476e-02;1.530935e-01;9.848031e-02;1.036377e-01;1.208517e-01;3.411025e-02;3.751641e-02
3.395000e-02;2.924762e-02;1.112819e-01;3.636135e-02;6.453568e-02;6.950390e-02;1.178867e-01;1.757773e-01;1.739846e-01;1.182358e-01;3.122506e-02;3.801002e-02
2.327052e-02;2.385136e-02;5.758434e-02;3.495646e-02;5.102095e-02;6.806295e-02;9.699638e-02;2.472940e-01;1.943111e-01;1.352860e-01;3.003586e-02;3.733006e-02
2.736787e-02;1.503600e-02;4.017640e-02;2.958468e-02;3.789077e-02;8.637642e-02;1.164990e-01;3.400135e-01;1.099101e-01;1.364111e-01;4.002221e-02;2.071179e-02
2.888849e-02;1.317480e-02;4.740972e-02;3.218361e-02;4.425711e-02;1.129955e-01;1.582777e-01;2.750376e-01;1.271937e-01;1.056465e-01;4.368458e-02;1.125070e-02
3.182349e-02;2.673976e-02;5.583994e-02;2.842198e-02;4.910351e-02;9.341148e-02;1.639857e-01;2.637838e-01;1.193641e-01;1.151894e-01;3.149896e-02;2.083790e-02
4.772534e-02;4.872005e-02;4.656074e-02;4.220494e-02;5.869112e-02;5.629143e-02;1.224309e-01;3.506448e-01;8.915713e-02;8.628146e-02;1.672176e-02;3.457037e-02
6.349694e-02;6.209026e-02;2.701648e-02;6.404800e-02;6.282776e-02;4.645595e-02;1.126874e-01;3.846027e-01;6.209948e-02;6.711408e-02;1.512130e-02;3.243975e-02
9.368151e-02;5.319526e-02;5.724041e-02;9.855905e-02;4.488000e-02;6.522115e-02;1.178282e-01;2.689487e-01;5.941134e-02;6.161092e-02;3.492117e-02;4.450229e-02
1.044264e-01;4.884487e-02;5.649313e-02;8.962358e-02;3.468166e-02;6.779119e-02;1.432271e-01;1.916933e-01;6.558143e-02;6.388783e-02;6.611358e-02;6.763605e-02
1.083773e-01;3.863545e-02;8.012759e-02;6.825393e-02;5.459161e-02;6.676095e-02;1.321802e-01;1.998488e-01;5.937458e-02;3.590523e-02;7.530736e-02;8.063693e-02
1.113848e-01;5.504251e-02;8.852157e-02;5.360122e-02;5.162124e-02;6.910006e-02;7.640974e-02;2.339444e-01;8.570907e-02;2.106562e-02;7.492869e-02;7.867114e-02
8.967713e-02;6.644554e-02;8.449290e-02;4.921099e-02;4.279060e-02;6.924488e-02;1.331836e-01;1.540035e-01;1.151443e-01;4.732095e-02;8.505160e-02;6.343412e-02
7.148509e-02;5.784029e-02;1.038160e-01;6.151887e-02;7.872418e-02;5.273223e-02;1.305651e-01;1.487680e-01;7.470613e-02;7.106409e-02;7.413599e-02;7.464401e-02
5.979702e-02;5.331495e-02;6.871288e-02;5.096748e-02;8.666065e-02;3.259539e-02;9.545954e-02;2.523565e-01;1.286102e-01;6.935135e-02;4.640201e-02;5.577200e-02
4.770728e-02;5.187103e-02;4.962698e-02;2.431845e-02;7.958812e-02;5.050884e-02;1.108886e-01;2.430317e-01;1.367412e-01;1.191200e-01;5.417104e-02;3.242675e-02
2.625108e-02;3.578403e-02;7.018276e-02;3.626483e-02;5.688694e-02;7.118154e-02;1.251573e-01;1.579312e-01;1.306157e-01;1.548313e-01;8.514456e-02;4.976878e-02
2.821992e-02;3.834062e-02;8.478177e-02;5.520483e-02;3.416227e-02;7.952256e-02;1.004012e-01;1.574562e-01;1.340616e-01;1.372681e-01;1.053430e-01;4.523795e-02
2.512363e-02;4.043050e-02;1.036843e-01;7.277203e-02;6.159586e-02;7.917874e-02;8.096346e-02;1.435202e-01;1.104694e-01;1.037515e-01;8.726194e-02;9.124833e-02
3.475843e-02;5.757341e-02;9.336133e-02;6.186861e-02;7.654084e-02;9.250776e-02;1.022203e-01;1.173243e-01;7.212696e-02;8.698083e-02;8.042830e-02;1.243090e-01
3.369844e-02;4.911608e-02;7.642001e-02;9.255824e-02;8.320611e-02;1.008966e-01;1.254515e-01;1.069891e-01;6.744643e-02;1.080551e-01;8.320969e-02;7.295277e-02
5.609977e-02;4.818343e-02;6.428541e-02;1.072336e-01;9.530631e-02;8.207918e-02;8.368149e-02;1.054224e-01;8.539643e-02;1.114544e-01;1.071051e-01;5.375234e-02
8.633313e-02;7.673989e-02;4.763129e-02;6.313038e-02;1.061415e-01;4.812999e-02;8.169121e-02;1.110096e-01;8.617684e-02;1.181845e-01;9.078868e-02;8.404294e-02
6.581798e-02;1.168435e-01;6.543386e-02;5.164881e-02;1.149074e-01;4.549111e-02;1.237687e-01;9.744290e-02;8.472204e-02;1.158165e-01;3.651281e-02;8.159442e-02
3.718892e-02;7.685716e-02;9.998991e-02;5.460650e-02;8.026163e-02;6.512953e-02;1.454941e-01;1.151528e-01;5.403822e-02;8.203100e-02;1.052131e-01;8.403713e-02
6.165701e-02;3.812908e-02;1.067125e-01;6.091117e-02;6.236214e-02;6.674083e-02;1.543541e-01;8.960471e-02;9.302852e-02;6.080613e-02;1.483947e-01;5.729925e-02
7.198137e-02;8.255238e-02;8.829839e-02;6.629752e-02;6.717732e-02;7.703988e-02;1.370282e-01;1.016379e-01;8.784483e-02;6.227380e-02;1.084166e-01;4.945181e-02
6.844150e-02;1.197878e-01;5.605400e-02;8.532976e-02;8.602490e-02;7.364260e-02;1.385942e-01;1.239861e-01;4.105251e-02;6.998096e-02;7.816079e-02;5.894487e-02
8.170651e-02;8.952448e-02;1.504865e-01;6.936282e-02;6.712282e-02;7.658394e-02;1.434907e-01;7.605024e-02;7.095641e-02;7.093530e-02;3.855728e-02;6.522305e-02
1.531542e-01;1.151514e-01;1.799191e-01;5.288274e-02;5.080335e-02;7.814567e-02;1.305044e-01;5.174798e-02;5.499674e-02;4.155717e-02;3.108895e-02;6.004827e-02
1.512404e-01;1.529117e-01;2.045728e-01;4.118523e-02;4.067424e-02;7.490079e-02;1.050588e-01;4.380172e-02;5.391020e-02;3.299752e-02;3.817715e-02;6.056941e-02
1.314538e-01;1.858104e-01;2.254911e-01;3.642181e-02;4.783735e-02;6.801840e-02;7.678916e-02;4.160765e-02;5.806118e-02;2.880078e-02;5.186276e-02;4.784559e-02
1.402771e-01;1.711231e-01;1.807381e-01;2.007666e-02;7.928982e-02;8.158091e-02;9.786094e-02;4.501878e-02;4.911313e-02;2.504467e-02;7.746594e-02;3.241086e-02
1.527511e-01;1.179708e-01;1.093248e-01;3.505255e-02;1.249533e-01;1.152004e-01;1.057471e-01;4.325234e-02;3.435290e-02;2.050196e-02;1.055388e-01;3.535398e-02
1.334005e-01;8.352263e-02;6.546911e-02;3.164234e-02;1.429853e-01;1.541958e-01;1.281336e-01;4.885222e-02;2.242693e-02;2.970556e-02;1.280962e-01;3.156985e-02
1.084825e-01;5.819764e-02;6.016154e-02;3.409842e-02;1.531550e-01;1.768599e-01;1.359336e-01;6.232985e-02;3.686458e-02;2.230288e-02;1.288261e-01;2.278805e-02
9.183746e-02;4.479547e-02;5.079954e-02;2.635409e-02;1.698607e-01;1.818577e-01;1.101081e-01;5.957808e-02;6.417003e-02;2.298131e-02;1.419137e-01;3.574394e-02
7.727019e-02;5.411326e-02;3.982462e-02;1.801904e-02;1.656993e-01;1.728853e-01;1.176237e-01;7.286113e-02;8.132303e-02;2.956175e-02;1.476404e-01;2.317823e-02
6.392077e-02;7.018833e-02;5.465744e-02;4.309240e-02;1.471703e-01;1.621533e-01;1.069001e-01;8.306846e-02;9.577992e-02;2.729436e-02;1.154662e-01;3.030844e-02
6.942857e-02;9.656567e-02;7.797401e-02;5.604905e-02;1.290732e-01;1.942175e-01;7.579264e-02;4.942041e-02;1.100210e-01;2.076077e-02;6.974401e-02;5.095328e-02
7.252701e-02;1.041851e-01;8.533127e-02;6.118055e-02;9.986746e-02;2.464994e-01;6.560263e-02;5.313744e-02;9.032014e-02;2.647714e-02;3.169868e-02;6.317312e-02
6.912758e-02;1.039876e-01;1.154196e-01;4.127630e-02;7.256494e-02;2.779483e-01;1.163703e-01;3.401469e-02;5.499997e-02;2.653416e-02;1.471379e-02;7.304277e-02
5.450274e-02;1.194795e-01;1.542429e-01;3.108218e-02;6.483088e-02;2.712747e-01;1.065779e-01;4.305293e-02;3.334972e-02;3.274839e-02;1.063600e-02;7.822219e-02
3.859505e-02;1.340253e-01;2.121443e-01;1.954677e-02;3.268313e-02;1.941686e-01;1.172809e-01;6.078987e-02;5.583915e-02;5.056229e-02;1.322461e-02;7.114003e-02
3.685351e-02;1.600773e-01;2.622084e-01;2.158105e-02;1.937390e-02;1.258356e-01;8.484293e-02;8.427133e-02;6.829584e-02;5.787501e-02;2.067637e-02;5.810874e-02
6.044358e-02;1.820431e-01;2.852477e-01;2.078201e-02;2.391102e-02;8.652923e-02;5.852639e-02;7.057066e-02;8.060089e-02;6.211124e-02;2.720921e-02;4.202491e-02
7.608833e-02;1.720657e-01;2.985331e-01;3.199964e-02;3.424265e-02;7.127478e-02;8.264969e-02;4.915312e-02;6.446927e-02;6.641645e-02;2.429532e-02;2.881200e-02
7.934795e-02;1.365417e-01;3.012170e-01;3.897870e-02;4.029620e-02;6.582070e-02;1.039984e-01;5.632053e-02;4.893916e-02;6.286103e-02;2.558793e-02;4.009074e-02
1.134887e-01;9.353849e-02;2.579205e-01;4.319071e-02;4.257695e-02;7.270268e-02;1.033717e-01;9.134889e-02;3.491144e-02;4.643713e-02;4.210721e-02;5.840554e-02
1.350326e-01;6.275718e-02;1.937545e-01;4.604315e-02;5.566558e-02;1.144074e-01;7.804206e-02;1.165932e-01;4.564404e-02;3.116789e-02;5.371383e-02;6.717860e-02
1.085460e-01;8.318392e-02;1.942738e-01;4.380956e-02;6.357813e-02;1.736209e-01;7.317116e-02;7.514001e-02;3.161487e-02;5.180087e-02;5.071279e-02;5.054789e-02
9.095106e-02;1.004907e-01;2.276984e-01;3.811658e-02;6.561288e-02;1.684444e-01;5.956715e-02;5.573488e-02;6.141650e-02;5.494455e-02;4.426426e-02;3.275856e-02
1.146337e-01;1.308852e-01;2.273720e-01;3.685928e-02;5.931029e-02;1.507864e-01;5.826230e-02;4.750385e-02;5.207359e-02;5.008668e-02;4.201212e-02;3.021470e-02
1.218320e-01;1.330047e-01;2.473333e-01;3.639130e-02;2.796128e-02;1.412518e-01;5.753681e-02;5.730087e-02;1.692210e-02;5.799557e-02;5.771458e-02;4.475561e-02
1.165745e-01;1.143391e-01;2.345279e-01;3.028126e-02;2.578419e-02;1.351890e-01;6.633726e-02;5.692621e-02;4.509190e-02;5.344499e-02;5.967378e-02;6.182993e-02
1.067116e-01;8.983031e-02;1.934509e-01;2.999558e-02;6.024612e-02;1.709469e-01;5.109464e-02;6.661057e-02;6.715591e-02;4.197564e-02;5.325603e-02;6.872587e-02
9.325250e-02;7.104939e-02;1.989643e-01;3.800955e-02;7.690873e-02;1.422597e-01;6.142783e-02;6.845038e-02;7.819235e-02;6.755829e-02;4.943245e-02;5.449456e-02
7.148169e-02;6.284863e-02;2.115116e-01;5.387114e-02;7.604706e-02;8.941770e-02;8.365519e-02;7.778307e-02;6.839582e-02;9.146477e-02;5.021539e-02;6.330799e-02
2.684515e-02;4.663453e-02;1.654458e-01;4.570191e-02;7.956934e-02;7.180878e-02;8.153844e-02;1.622274e-01;1.398113e-01;8.946381e-02;3.365679e-02;5.729671e-02
5.485670e-02;3.641914e-02;7.589410e-02;3.522548e-02;6.041621e-02;7.747341e-02;1.033737e-01;2.675126e-01;1.381219e-01;1.114564e-01;1.475749e-02;2.449276e-02
6.098861e-02;2.314985e-02;5.809343e-02;5.009602e-02;5.155401e-02;7.686620e-02;8.656882e-02;2.153018e-01;1.100234e-01;2.078352e-01;3.526174e-02;2.426096e-02
5.715981e-02;3.553392e-02;4.946609e-02;5.489446e-02;4.479286e-02;6.883001e-02;1.236044e-01;1.419881e-01;1.053876e-01;2.408559e-01;3.758008e-02;3.990679e-02
4.682274e-02;4.640936e-02;5.637053e-02;3.929104e-02;3.989150e-02;6.911849e-02;1.551927e-01;1.609512e-01;1.109381e-01;2.061100e-01;2.243612e-02;4.646815e-02
3.653546e-02;4.181119e-02;5.735392e-02;3.425495e-02;4.328624e-02;6.774097e-02;1.851885e-01;2.431176e-01;8.539226e-02;1.413658e-01;1.984104e-02;4.411202e-02
4.562030e-02;3.200904e-02;3.944979e-02;5.030648e-02;6.789906e-02;7.331780e-02;1.909695e-01;1.799651e-01;6.945626e-02;1.937801e-01;1.256870e-02;4.465787e-02
4.660156e-02;4.075691e-02;3.950994e-02;5.317677e-02;8.186079e-02;6.983504e-02;1.516208e-01;9.591001e-02;8.587139e-02;2.536954e-01;3.823281e-02;4.292858e-02
3.680032e-02;4.632771e-02;3.313775e-02;5.558320e-02;1.062552e-01;1.139256e-01;1.627385e-01;7.989003e-02;9.624469e-02;2.019979e-01;4.644824e-02;2.065098e-02
4.328049e-02;2.679722e-02;5.669856e-02;5.090700e-02;7.688850e-02;1.875446e-01;1.846339e-01;1.387090e-01;5.887274e-02;1.161370e-01;2.735819e-02;3.217277e-02
5.546001e-02;2.452603e-02;5.288298e-02;4.811439e-02;4.653949e-02;1.691866e-01;1.448268e-01;2.188751e-01;7.135459e-02;7.124901e-02;3.453558e-02;6.244957e-02
4.934608e-02;2.860411e-02;4.653786e-02;5.570938e-02;6.672950e-02;1.088942e-01;1.406789e-01;2.140176e-01;7.750042e-02;1.003088e-01;5.766718e-02;5.400597e-02
6.694243e-02;4.476196e-02;6.943640e-02;5.954048e-02;7.526514e-02;7.808664e-02;1.619837e-01;1.688286e-01;7.206084e-02;1.043573e-01;6.739587e-02;3.134060e-02
9.307022e-02;5.247574e-02;8.757867e-02;6.628243e-02;5.256923e-02;7.269870e-02;1.934956e-01;1.389067e-01;6.611478e-02;8.314830e-02;5.424272e-02;3.941689e-02
7.842255e-02;4.170174e-02;9.332199e-02;5.464682e-02;5.457030e-02;1.004643e-01;2.320347e-01;1.261868e-01;6.937610e-02;7.267567e-02;2.504541e-02;5.155357e-02
8.103465e-02;4.250269e-02;1.154383e-01;5.420355e-02;6.214266e-02;9.338646e-02;2.838567e-01;7.875785e-02;7.288421e-02;6.003799e-02;2.709467e-02;2.866033e-02
9.875094e-02;4.205461e-02;1.770780e-01;6.174234e-02;6.586178e-02;8.434097e-02;2.228607e-01;6.324565e-02;6.018179e-02;4.990409e-02;4.854218e-02;2.543695e-02
1.180768e-01;6.909356e-02;1.935965e-01;4.899615e-02;9.787588e-02;8.626988e-02;1.187312e-01;6.159992e-02;6.998194e-02;5.281698e-02;5.752129e-02;2.543991e-02
1.469667e-01;1.003859e-01;2.106611e-01;5.138579e-02;1.378701e-01;5.041414e-02;4.383598e-02;8.586118e-02;5.666402e-02;3.283077e-02;6.284761e-02;2.027668e-02
1.614529e-01;1.027032e-01;1.805303e-01;2.594932e-02;1.675227e-01;4.133833e-02;5.290962e-02;9.398396e-02;5.620300e-02;2.412646e-02;7.598637e-02;1.729383e-02
