2.197834e-01;1.031772e-01;5.071041e-02;5.036849e-02;4.922974e-02;4.275974e-02;6.492405e-02;7.968219e-02;4.052700e-02;6.311583e-02;2.062146e-01;2.950741e-02
1.846926e-01;9.417065e-02;5.240354e-02;3.909225e-02;3.631242e-02;7.041522e-02;1.233002e-01;9.518354e-02;6.085552e-02;5.589693e-02;1.688312e-01;1.884588e-02
1.106897e-01;6.576067e-02;4.273603e-02;5.050316e-02;3.887384e-02;7.533208e-02;1.764292e-01;1.559979e-01;5.821321e-02;5.087511e-02;1.144186e-01;6.017046e-02
1.071355e-01;5.989196e-02;2.909182e-02;4.689099e-02;3.819702e-02;5.814469e-02;1.618049e-01;1.692539e-01;5.274680e-02;5.056901e-02;1.688879e-01;5.738544e-02
7.634761e-02;4.795690e-02;2.444415e-02;7.793310e-02;4.678902e-02;2.750277e-02;1.193892e-01;2.306736e-01;7.895343e-02;6.558398e-02;1.484589e-01;5.596731e-02
5.490224e-02;3.153983e-02;3.923099e-02;8.253079e-02;6.548030e-02;3.960653e-02;1.974010e-01;1.829683e-01;6.249686e-02;6.549878e-02;1.246318e-01;5.371256e-02
4.956186e-02;3.532409e-02;4.376004e-02;8.538473e-02;7.772510e-02;7.844835e-02;2.078981e-01;1.393604e-01;5.427053e-02;5.974573e-02;1.283915e-01;4.012964e-02
6.276852e-02;4.594112e-02;3.408137e-02;7.089990e-02;7.469515e-02;1.008787e-01;2.048270e-01;1.358765e-01;5.609434e-02;5.377756e-02;1.193658e-01;4.079404e-02
9.410370e-02;4.428139e-02;2.003021e-02;5.202473e-02;5.173923e-02;1.025565e-01;2.234945e-01;1.491794e-01;4.288922e-02;5.116580e-02;1.137622e-01;5.477319e-02
1.211784e-01;3.784145e-02;3.325754e-02;6.860017e-02;3.492931e-02;7.864936e-02;2.742212e-01;1.074451e-01;3.294845e-02;4.792830e-02;1.090474e-01;5.395340e-02
1.095916e-01;8.162562e-02;3.986905e-02;6.416057e-02;6.642721e-02;7.012904e-02;2.486180e-01;9.592734e-02;3.291388e-02;3.712398e-02;1.290032e-01;2.461056e-02
9.028470e-02;1.069797e-01;5.972107e-02;5.263512e-02;8.659868e-02;7.836400e-02;2.108938e-01;7.717335e-02;4.231192e-02;4.068495e-02;1.288063e-01;2.554647e-02
1.180293e-01;7.993805e-02;6.811801e-02;4.209127e-02;6.475275e-02;4.941183e-02;1.812933e-01;8.510743e-02;6.704906e-02;5.687486e-02;1.414232e-01;4.591100e-02
9.186138e-02;5.091767e-02;4.757884e-02;4.758953e-02;4.243113e-02;7.375317e-02;1.838358e-01;1.355939e-01;4.519223e-02;5.325637e-02;1.697556e-01;5.823440e-02
8.624127e-02;5.612847e-02;4.225763e-02;4.324428e-02;3.792533e-02;8.148400e-02;1.917011e-01;1.532886e-01;2.666216e-02;4.854687e-02;1.671798e-01;6.534047e-02
1.094813e-01;4.918686e-02;5.449031e-02;3.585408e-02;4.862241e-02;1.014007e-01;2.171400e-01;1.593073e-01;2.897944e-02;5.167233e-02;8.339473e-02;6.047064e-02
1.145927e-01;5.287533e-02;4.630766e-02;6.319574e-02;6.902323e-02;1.239769e-01;1.049390e-01;1.629986e-01;5.427847e-02;5.633334e-02;9.886149e-02;5.261760e-02
8.902031e-02;6.260835e-02;3.263733e-02;6.306411e-02;6.629436e-02;7.599239e-02;1.445005e-01;1.754499e-01;6.407973e-02;6.272705e-02;1.218791e-01;4.174685e-02
7.376836e-02;5.360682e-02;3.323386e-02;6.572536e-02;5.588670e-02;6.542405e-02;1.892080e-01;2.020774e-01;6.465355e-02;5.803347e-02;1.121576e-01;2.622483e-02
6.681791e-02;1.532265e-02;4.574937e-02;4.929264e-02;4.558086e-02;7.769939e-02;2.443665e-01;1.792330e-01;6.534212e-02;1.002594e-01;8.621928e-02;2.411704e-02
6.663129e-02;3.101305e-02;5.347382e-02;7.867106e-02;6.382287e-02;6.931435e-02;1.803475e-01;1.989989e-01;5.647730e-02;1.057176e-01;6.762239e-02;2.790992e-02
5.469360e-02;2.688588e-02;6.241311e-02;8.610658e-02;9.538897e-02;5.932967e-02;1.580944e-01;1.777415e-01;7.340341e-02;6.121901e-02;1.143682e-01;3.035567e-02
4.746567e-02;3.572738e-02;6.002326e-02;9.751887e-02;1.051354e-01;7.476714e-02;1.780763e-01;1.390301e-01;9.508042e-02;5.683119e-02;8.376909e-02;2.657522e-02
5.935863e-02;7.203694e-02;5.092928e-02;5.531827e-02;7.859071e-02;6.089197e-02;1.685427e-01;1.433068e-01;9.430262e-02;6.238537e-02;1.083378e-01;4.599902e-02
9.968483e-02;1.066000e-01;4.596473e-02;6.430310e-02;5.877365e-02;4.546523e-02;1.609837e-01;1.146344e-01;6.904180e-02;6.385632e-02;1.361105e-01;3.458175e-02
1.479727e-01;9.661900e-02;4.767410e-02;6.597078e-02;5.121878e-02;5.727843e-02;1.701757e-01;1.244199e-01;6.100439e-02;5.142688e-02;1.056839e-01;2.055543e-02
2.074555e-01;7.744871e-02;2.442555e-02;1.877309e-02;1.126151e-02;4.124064e-02;1.990399e-01;1.298088e-01;3.201381e-02;4.144753e-02;1.917418e-01;2.534315e-02
1.696076e-01;9.101996e-02;2.048553e-02;7.924801e-03;7.896955e-03;1.326351e-02;1.782345e-01;1.963242e-01;1.184830e-02;2.734969e-02;2.591075e-01;1.693742e-02
1.256107e-01;1.088858e-01;2.729564e-02;7.390799e-03;4.884279e-03;1.764080e-02;2.026521e-01;2.566396e-01;1.155253e-02;2.121156e-02;1.931281e-01;2.310812e-02
7.691620e-02;1.056956e-01;4.481080e-02;1.011025e-02;5.102380e-03;1.859333e-02;2.546979e-01;3.424616e-01;1.160106e-02;1.365183e-02;9.041294e-02;2.594612e-02
4.149311e-02;1.152714e-01;6.697471e-02;2.301132e-02;6.418416e-03;1.868006e-02;2.923901e-01;3.900450e-01;8.980684e-03;8.043852e-03;9.160974e-03;1.953043e-02
3.828118e-02;1.464594e-01;6.478205e-02;2.750632e-02;1.526009e-02;3.921947e-02;2.711490e-01;3.464829e-01;6.684218e-03;6.642907e-03;2.884837e-02;8.684139e-03
2.049467e-02;1.208754e-01;5.271040e-02;1.699053e-02;1.347477e-02;6.672360e-02;2.816325e-01;3.722049e-01;9.562613e-03;7.913788e-03;2.489371e-02;1.252304e-02
1.544107e-02;1.014521e-01;4.135150e-02;6.172982e-03;8.820160e-03;6.149563e-02;3.055631e-01;3.995101e-01;1.684395e-02;1.026874e-02;2.210815e-02;1.097254e-02
1.260218e-02;1.087558e-01;3.544731e-02;9.233789e-03;4.823952e-03;2.513274e-02;3.115158e-01;4.024749e-01;2.590368e-02;1.795058e-02;2.631438e-02;1.984492e-02
1.091650e-02;1.033527e-01;2.968643e-02;1.150854e-02;7.107061e-03;3.352779e-02;3.223428e-01;3.682841e-01;2.294218e-02;2.972437e-02;3.114170e-02;2.946587e-02
5.207469e-02;1.088035e-01;2.583526e-02;1.031669e-02;9.466189e-03;4.082626e-02;3.272718e-01;3.044964e-01;1.623066e-02;5.309469e-02;2.129245e-02;3.029136e-02
1.009469e-01;1.265597e-01;2.221633e-02;8.815378e-03;1.893467e-02;2.265466e-02;3.050558e-01;2.396977e-01;2.041445e-02;8.341032e-02;2.442743e-02;2.686675e-02
9.889197e-02;1.085920e-01;2.630117e-02;2.803575e-02;2.395667e-02;4.658892e-02;2.430850e-01;1.910188e-01;4.255611e-02;7.364533e-02;8.144572e-02;3.588254e-02
8.958001e-02;1.097360e-01;2.378372e-02;3.541018e-02;2.726152e-02;5.851008e-02;2.059239e-01;2.255820e-01;5.442119e-02;4.532262e-02;9.210619e-02;3.236263e-02
8.124829e-02;1.243993e-01;2.437538e-02;4.319299e-02;2.135812e-02;2.602530e-02;2.242795e-01;2.870317e-01;6.468100e-02;4.292265e-02;5.034971e-02;1.013612e-02
7.988866e-02;7.736274e-02;2.542711e-02;4.365710e-02;3.118969e-02;6.034542e-02;2.393118e-01;3.025942e-01;5.674888e-02;3.061517e-02;3.161868e-02;2.124055e-02
5.063901e-02;9.772298e-02;4.846887e-02;2.033049e-02;4.083395e-02;8.053888e-02;1.871867e-01;3.176813e-01;4.859684e-02;2.998789e-02;5.377914e-02;2.423395e-02
6.170264e-02;1.140457e-01;6.313326e-02;3.709726e-02;5.178876e-02;8.399005e-02;1.237021e-01;2.763175e-01;7.899787e-02;3.670608e-02;3.383259e-02;3.868625e-02
6.988835e-02;1.000194e-01;6.216648e-02;4.798664e-02;6.317102e-02;7.319114e-02;8.298069e-02;2.010569e-01;1.447159e-01;6.966957e-02;3.399540e-02;5.115850e-02
5.724437e-02;5.283715e-02;7.360856e-02;3.081453e-02;4.234219e-02;4.832248e-02;9.100661e-02;2.641024e-01;1.924999e-01;6.271910e-02;4.454759e-02;3.995508e-02
4.030363e-02;3.857666e-02;4.434200e-02;2.099516e-02;1.901339e-02;2.905381e-02;1.287204e-01;3.847758e-01;1.751669e-01;5.023459e-02;4.185325e-02;2.696446e-02
8.021131e-02;5.681103e-02;3.418607e-02;2.000381e-02;1.392319e-02;2.367191e-02;1.857016e-01;2.771888e-01;1.311686e-01;4.333788e-02;1.169601e-01;1.683568e-02
8.989136e-02;7.171236e-02;2.763659e-02;1.799478e-02;1.047184e-02;3.202391e-02;2.519995e-01;2.551236e-01;4.074486e-02;3.528043e-02;1.563739e-01;1.074681e-02
4.673630e-02;5.190385e-02;1.986986e-02;1.581098e-02;7.663237e-03;2.855308e-02;2.941260e-01;3.399668e-01;3.010476e-02;3.782651e-02;1.197150e-01;7.723640e-03
2.281927e-02;6.458378e-02;1.945189e-02;1.396086e-02;6.971019e-03;2.438088e-02;3.305386e-01;3.835160e-01;5.234285e-02;3.532516e-02;3.983844e-02;6.271317e-03
5.434148e-02;9.353539e-02;1.789855e-02;1.464528e-02;1.699467e-02;3.159839e-02;3.179144e-01;3.285582e-01;7.864960e-02;3.046080e-02;7.696593e-03;7.706730e-03
7.697044e-02;1.003502e-01;1.547365e-02;2.877828e-02;3.209773e-02;2.917405e-02;2.550616e-01;2.819862e-01;1.117673e-01;3.053537e-02;2.672113e-02;1.108405e-02
5.554445e-02;1.057884e-01;2.488834e-02;4.266242e-02;3.574328e-02;3.387738e-02;2.119364e-01;2.607088e-01;1.081604e-01;5.747021e-02;4.841374e-02;1.480623e-02
7.204038e-02;1.069068e-01;3.328199e-02;3.672656e-02;3.733203e-02;4.022327e-02;2.072145e-01;2.319228e-01;7.650466e-02;7.601227e-02;7.020582e-02;1.162894e-02
9.339389e-02;7.772525e-02;2.554519e-02;7.219766e-02;4.598503e-02;3.661740e-02;1.959553e-01;2.251988e-01;7.610504e-02;5.869423e-02;7.900312e-02;1.357916e-02
9.575295e-02;8.622458e-02;2.460138e-02;8.972795e-02;4.212050e-02;4.535222e-02;1.933411e-01;2.123519e-01;8.384131e-02;3.631708e-02;7.416130e-02;1.620771e-02
8.457758e-02;1.207080e-01;2.457234e-02;6.966557e-02;3.507684e-02;3.617525e-02;1.959500e-01;1.891050e-01;1.019852e-01;5.565678e-02;6.937803e-02;1.714932e-02
1.030333e-01;1.077801e-01;3.998509e-02;4.785775e-02;2.380262e-02;3.312933e-02;1.917389e-01;1.562805e-01;9.167040e-02;5.971067e-02;1.020918e-01;4.291956e-02
8.579922e-02;1.050812e-01;3.299617e-02;5.249566e-02;4.752494e-02;6.527618e-02;1.314651e-01;1.292947e-01;8.098719e-02;6.326219e-02;1.408449e-01;6.497253e-02
1.026210e-01;9.742606e-02;4.162233e-02;7.847685e-02;6.021244e-02;9.147550e-02;1.424291e-01;9.444487e-02;1.114930e-01;6.983539e-02;3.604198e-02;7.392152e-02
1.062021e-01;8.055510e-02;5.844919e-02;7.769616e-02;6.360018e-02;6.948876e-02;1.113085e-01;9.189419e-02;1.140204e-01;6.264768e-02;9.313229e-02;7.100540e-02
1.103504e-01;8.992976e-02;5.427489e-02;5.494732e-02;5.785866e-02;5.387550e-02;1.035734e-01;1.026586e-01;9.636465e-02;7.594974e-02;1.343837e-01;6.583332e-02
1.320256e-01;1.196119e-01;2.863044e-02;3.311289e-02;3.663218e-02;5.544843e-02;1.645728e-01;1.794287e-01;4.535071e-02;7.216947e-02;8.416150e-02;4.885534e-02
9.176587e-02;1.117378e-01;2.704442e-02;2.642237e-02;2.271248e-02;5.506784e-02;2.326258e-01;2.354666e-01;3.808954e-02;5.816902e-02;6.617426e-02;3.472397e-02
4.970832e-02;1.030327e-01;2.676422e-02;1.421105e-02;2.025540e-02;5.257151e-02;2.897036e-01;2.660453e-01;3.988967e-02;4.974203e-02;6.197111e-02;2.610516e-02
6.351208e-02;1.098666e-01;1.744358e-02;1.715148e-02;2.289646e-02;4.963333e-02;3.426568e-01;2.170781e-01;4.408821e-02;3.306442e-02;7.025705e-02;1.235192e-02
9.971772e-02;1.090531e-01;9.855559e-03;3.850967e-02;1.739417e-02;7.323228e-02;3.608877e-01;1.569085e-01;3.059582e-02;2.444294e-02;6.752717e-02;1.187534e-02
1.437065e-01;9.490771e-02;7.201770e-03;5.918321e-02;1.559013e-02;9.828778e-02;3.236498e-01;1.363017e-01;2.733650e-02;3.183325e-02;4.773797e-02;1.426373e-02
1.382535e-01;9.081353e-02;1.522815e-02;4.972937e-02;2.582234e-02;9.203243e-02;2.590858e-01;1.564475e-01;2.728962e-02;3.588871e-02;9.485575e-02;1.455333e-02
1.417782e-01;8.700968e-02;2.420858e-02;2.453925e-02;3.347839e-02;8.113173e-02;2.437585e-01;1.288097e-01;2.108819e-02;3.827596e-02;1.582787e-01;1.764308e-02
1.725485e-01;8.045296e-02;3.413333e-02;3.666533e-02;3.034763e-02;6.667592e-02;3.101639e-01;1.155150e-01;1.913661e-02;3.560712e-02;8.182599e-02;1.692774e-02
1.437275e-01;9.878783e-02;3.446727e-02;3.504134e-02;9.259257e-03;5.607292e-02;3.182895e-01;1.443608e-01;1.418963e-02;2.971648e-02;1.002043e-01;1.588314e-02
8.221444e-02;6.638596e-02;2.924104e-02;2.503353e-02;1.344018e-02;7.136752e-02;3.353741e-01;1.961498e-01;2.725284e-02;2.546966e-02;1.094679e-01;1.860303e-02
1.244518e-01;6.088068e-02;2.496296e-02;3.188576e-02;1.494495e-02;8.542114e-02;3.461116e-01;1.693079e-01;2.715008e-02;2.578759e-02;6.495210e-02;2.414351e-02
1.709829e-01;9.064475e-02;3.593345e-02;3.121086e-02;2.598987e-02;8.101568e-02;2.725346e-01;1.373852e-01;3.091167e-02;3.337645e-02;6.018480e-02;2.982975e-02
1.181037e-01;5.028154e-02;7.469412e-02;7.626881e-02;5.504131e-02;7.902344e-02;1.528671e-01;1.725551e-01;7.506181e-02;5.829329e-02;4.872289e-02;3.908689e-02
8.597391e-02;8.437088e-02;6.398759e-02;8.120928e-02;5.893362e-02;6.910147e-02;1.827241e-01;1.603279e-01;7.349946e-02;5.654939e-02;4.334006e-02;3.998238e-02
9.359643e-02;8.143007e-02;5.118615e-02;6.979050e-02;5.625829e-02;8.382896e-02;2.052464e-01;1.540282e-01;6.684210e-02;4.761463e-02;5.187205e-02;3.830619e-02
1.159392e-01;8.307358e-02;3.179384e-02;3.402098e-02;3.688100e-02;1.366165e-01;2.342081e-01;1.391768e-01;6.254413e-02;4.442703e-02;4.492899e-02;3.638989e-02
1.084091e-01;6.015592e-02;1.814282e-02;4.960099e-02;3.323597e-02;1.015600e-01;1.955437e-01;1.967271e-01;6.527990e-02;5.488012e-02;9.520179e-02;2.126256e-02
1.161725e-01;3.355994e-02;1.632975e-02;3.644407e-02;3.345552e-02;7.475191e-02;2.289872e-01;2.255032e-01;5.181737e-02;6.628719e-02;9.841734e-02;1.827400e-02
1.326124e-01;5.958785e-02;1.318363e-02;5.377666e-02;2.470508e-02;7.845929e-02;2.647476e-01;1.798778e-01;2.925640e-02;7.549053e-02;6.984270e-02;1.845996e-02
1.740489e-01;5.591071e-02;9.262947e-03;6.503174e-02;2.073924e-02;1.062201e-01;2.800877e-01;1.067930e-01;2.746976e-02;1.072983e-01;3.016249e-02;1.697507e-02
2.013211e-01;3.203515e-02;2.643582e-02;4.141731e-02;3.454833e-02;1.104875e-01;2.195009e-01;7.859437e-02;5.101544e-02;1.013369e-01;8.156285e-02;2.174429e-02
1.675485e-01;3.238806e-02;4.348505e-02;2.457283e-02;5.192453e-02;7.015245e-02;2.164041e-01;6.258333e-02;7.444261e-02;5.993835e-02;1.661756e-01;3.038460e-02
1.394975e-01;4.743928e-02;3.702905e-02;3.167164e-02;4.849775e-02;6.418508e-02;2.002515e-01;9.305971e-02;6.039939e-02;5.417196e-02;1.976454e-01;2.615175e-02
2.112789e-01;9.382360e-02;2.630153e-02;3.589381e-02;4.644835e-02;5.601844e-02;1.883948e-01;1.008322e-01;5.513196e-02;4.043890e-02;1.197929e-01;2.564463e-02
2.284248e-01;1.126872e-01;3.870494e-02;3.306575e-02;7.065621e-02;5.550999e-02;1.743961e-01;6.873459e-02;7.602622e-02;3.353707e-02;6.667934e-02;4.157776e-02
1.587199e-01;7.330967e-02;4.775762e-02;3.625429e-02;9.934494e-02;6.604510e-02;1.685275e-01;4.184394e-02;9.831335e-02;2.515648e-02;1.119176e-01;7.280955e-02
6.229665e-02;2.520482e-02;5.945811e-02;4.134776e-02;1.132406e-01;7.981128e-02;1.935639e-01;6.841585e-02;1.081919e-01;1.743497e-02;1.208859e-01;1.101484e-01
8.258886e-02;2.634216e-02;6.529033e-02;2.977204e-02;1.006662e-01;7.836036e-02;1.937634e-01;7.450333e-02;9.034295e-02;2.527451e-02;1.129448e-01;1.201510e-01
1.251959e-01;2.915734e-02;4.591011e-02;2.473888e-02;7.591370e-02;7.996044e-02;2.379641e-01;6.947983e-02;4.118150e-02;3.601326e-02;1.383699e-01;9.611508e-02
1.011188e-01;5.344763e-02;2.600301e-02;3.878318e-02;5.238450e-02;7.994359e-02;2.570454e-01;1.117812e-01;3.446393e-02;3.620899e-02;1.571647e-01;5.165510e-02
8.465316e-02;8.189169e-02;3.715389e-02;3.977882e-02;3.804996e-02;7.237412e-02;2.373423e-01;1.516602e-01;5.926804e-02;3.502786e-02;1.248158e-01;3.798423e-02
1.611445e-01;8.296966e-02;6.251636e-02;6.804226e-02;5.723042e-02;5.084002e-02;1.552087e-01;1.325423e-01;6.949183e-02;4.660048e-02;3.918872e-02;7.422474e-02
1.329334e-01;7.859132e-02;5.056100e-02;6.956328e-02;5.454670e-02;4.417444e-02;1.133843e-01;1.229601e-01;9.697066e-02;6.074100e-02;1.051274e-01;7.044628e-02
1.133264e-01;7.362235e-02;4.092083e-02;4.716470e-02;4.802465e-02;5.335743e-02;1.130865e-01;1.058670e-01;1.173795e-01;8.146077e-02;1.335088e-01;7.228108e-02
1.637705e-01;6.686741e-02;3.657014e-02;2.208272e-02;3.928974e-02;5.761661e-02;1.215473e-01;1.176462e-01;8.604265e-02;9.707925e-02;1.136070e-01;7.788058e-02
1.428584e-01;4.440632e-02;4.576525e-02;3.902191e-02;4.430408e-02;7.815994e-02;1.101385e-01;1.749589e-01;1.167395e-01;7.889283e-02;6.695329e-02;5.780108e-02
1.088811e-01;6.890419e-02;5.414387e-02;7.322696e-02;5.494228e-02;5.718589e-02;1.288710e-01;1.515396e-01;1.251096e-01;6.319140e-02;7.269679e-02;4.130732e-02
1.433241e-01;1.049515e-01;5.867058e-02;8.284563e-02;2.727557e-02;7.563715e-02;1.177843e-01;1.220798e-01;1.002107e-01;7.675769e-02;6.429536e-02;2.616746e-02
1.437975e-01;7.580901e-02;7.919077e-02;4.549614e-02;4.929564e-02;6.967435e-02;7.315769e-02;1.739843e-01;1.208599e-01;8.411022e-02;6.258040e-02;2.204407e-02
1.023197e-01;5.967780e-02;5.893643e-02;2.980208e-02;6.178741e-02;6.732893e-02;1.211647e-01;1.737753e-01;1.409904e-01;8.854794e-02;7.326687e-02;2.240237e-02
7.845986e-02;6.964538e-02;5.028998e-02;4.931719e-02;5.903809e-02;9.791388e-02;1.131025e-01;1.334377e-01;1.383535e-01;1.072968e-01;7.368647e-02;2.945871e-02
5.649290e-02;8.328363e-02;5.160231e-02;4.645489e-02;6.675643e-02;1.050865e-01;8.176798e-02;1.439280e-01;1.739751e-01;9.485824e-02;7.042562e-02;2.536843e-02
3.818844e-02;8.833450e-02;5.615400e-02;4.563622e-02;7.961211e-02;5.648378e-02;8.669043e-02;1.182526e-01;2.241575e-01;9.873181e-02;7.394594e-02;3.381265e-02
6.087007e-02;9.115935e-02;7.420987e-02;6.511670e-02;6.559520e-02;4.127347e-02;8.355051e-02;1.538262e-01;1.849161e-01;8.847065e-02;5.900991e-02;3.200199e-02
7.359175e-02;7.773203e-02;7.102033e-02;6.978754e-02;9.516553e-02;6.060496e-02;7.443881e-02;1.717009e-01;1.323674e-01;7.790811e-02;7.143855e-02;2.424409e-02
6.597978e-02;8.507914e-02;5.795493e-02;4.915671e-02;9.877480e-02;6.759880e-02;9.987229e-02;1.402286e-01;1.575081e-01;8.360971e-02;7.315294e-02;2.108416e-02
5.715842e-02;8.743420e-02;6.527207e-02;6.824248e-02;7.407823e-02;3.824262e-02;9.956287e-02;1.306448e-01;2.394467e-01;5.268889e-02;7.010565e-02;1.712311e-02
3.419208e-02;9.636878e-02;5.685292e-02;7.744431e-02;6.921592e-02;3.752550e-02;9.622791e-02;1.270411e-01;2.952959e-01;4.775783e-02;4.845163e-02;1.362613e-02
5.626791e-02;1.035130e-01;5.089180e-02;6.286352e-02;5.753589e-02;3.851978e-02;1.215090e-01;1.113149e-01;1.731643e-01;1.057276e-01;9.097712e-02;2.771522e-02
7.510667e-02;9.443827e-02;5.919533e-02;3.189494e-02;4.487612e-02;3.095852e-02;1.270831e-01;1.048765e-01;8.034632e-02;1.466046e-01;1.565323e-01;4.808729e-02
1.215941e-01;9.102406e-02;5.525086e-02;4.370609e-02;4.648013e-02;3.462140e-02;9.483536e-02;1.153993e-01;9.047526e-02;8.786394e-02;1.745937e-01;4.415566e-02
1.904825e-01;9.193783e-02;4.076374e-02;4.191981e-02;7.028652e-02;5.058780e-02;1.034796e-01;9.532684e-02;6.140128e-02;8.404414e-02;1.131618e-01;5.660825e-02
1.422568e-01;9.629100e-02;3.342848e-02;3.301758e-02;7.847276e-02;6.993834e-02;1.371427e-01;9.568302e-02;3.941045e-02;9.013960e-02;1.370109e-01;4.720835e-02
7.935835e-02;8.592448e-02;3.636953e-02;4.314862e-02;7.559513e-02;8.979362e-02;1.919144e-01;8.755187e-02;7.056795e-02;8.272779e-02;1.179741e-01;3.907413e-02
9.185790e-02;1.254722e-01;3.244693e-02;3.979533e-02;6.887113e-02;7.293762e-02;2.186535e-01;7.033132e-02;8.848909e-02;9.799163e-02;6.475665e-02;2.839665e-02
8.417705e-02;1.563464e-01;1.645597e-02;1.164515e-02;5.120374e-02;4.784584e-02;2.289841e-01;1.005618e-01;5.815483e-02;5.997443e-02;1.611228e-01;2.352794e-02
1.179759e-01;1.171425e-01;1.634691e-02;1.319406e-02;2.013406e-02;4.391183e-02;2.726608e-01;1.368203e-01;3.131648e-02;3.731816e-02;1.817880e-01;1.139101e-02
8.632012e-02;8.233407e-02;1.404053e-02;1.793797e-02;2.350864e-02;3.420369e-02;2.862960e-01;2.326048e-01;2.842733e-02;3.298158e-02;1.524173e-01;8.928061e-03
2.045367e-02;5.193694e-02;1.541553e-02;2.618099e-02;4.260600e-02;2.522051e-02;2.922196e-01;3.567106e-01;3.814654e-02;2.845305e-02;9.440789e-02;8.248753e-03
3.769336e-02;2.145090e-02;1.174128e-02;2.788211e-02;4.700527e-02;1.369175e-02;2.633342e-01;4.226214e-01;4.820633e-02;3.471197e-02;6.163014e-02;1.003128e-02
3.330442e-02;1.748376e-02;1.136772e-02;3.320165e-02;2.942350e-02;1.326610e-02;2.700878e-01;4.210929e-01;5.256147e-02;4.154659e-02;7.015175e-02;6.512213e-03
4.057001e-02;2.261268e-02;1.593758e-02;3.604451e-02;1.910266e-02;1.242932e-02;2.543036e-01;4.304946e-01;5.578462e-02;4.245482e-02;6.526696e-02;4.998633e-03
4.630411e-02;2.119852e-02;1.441098e-02;3.265537e-02;3.611896e-02;1.788297e-02;2.500122e-01;4.300332e-01;4.420622e-02;3.892331e-02;5.767688e-02;1.057719e-02
3.473863e-02;1.552960e-02;1.488604e-02;2.183531e-02;3.789034e-02;1.878184e-02;2.902543e-01;4.435801e-01;2.644379e-02;3.331991e-02;4.486566e-02;1.787450e-02
2.054279e-02;1.736900e-02;2.079333e-02;1.081269e-02;2.663103e-02;1.603503e-02;3.210512e-01;4.439971e-01;2.514228e-02;3.139028e-02;3.160910e-02;3.462610e-02
2.132492e-02;1.375474e-02;2.391692e-02;1.897753e-02;1.443534e-02;1.896477e-02;3.491889e-01;4.211249e-01;2.096668e-02;2.569793e-02;3.102323e-02;4.062412e-02
6.015184e-02;4.116940e-02;2.223504e-02;3.781557e-02;1.163837e-02;2.631614e-02;3.273773e-01;3.549805e-01;1.797229e-02;2.081956e-02;5.925306e-02;2.027098e-02
8.687461e-02;7.682231e-02;2.439198e-02;5.153066e-02;1.675101e-02;3.707992e-02;2.966733e-01;2.748118e-01;1.580765e-02;1.524268e-02;9.303577e-02;1.097832e-02
8.663588e-02;8.999053e-02;2.842886e-02;4.502423e-02;2.852123e-02;5.278608e-02;3.311640e-01;2.201621e-01;1.650958e-02;1.420489e-02;7.132297e-02;1.524969e-02
1.016722e-01;8.516923e-02;2.596428e-02;3.313663e-02;3.511326e-02;7.079741e-02;3.614309e-01;1.790974e-01;1.651504e-02;1.569695e-02;5.556383e-02;1.984286e-02
1.302818e-01;8.499340e-02;2.290563e-02;4.706084e-02;2.903403e-02;5.257234e-02;3.135402e-01;1.666685e-01;2.481720e-02;3.297421e-02;7.947757e-02;1.567430e-02
1.201441e-01;5.080485e-02;2.624219e-02;6.408240e-02;3.434391e-02;2.685322e-02;3.355050e-01;1.416132e-01;2.984284e-02;4.648129e-02;1.061935e-01;1.789344e-02
8.054243e-02;5.977432e-02;3.521223e-02;7.903264e-02;4.172310e-02;3.823681e-02;3.238448e-01;1.749495e-01;2.654770e-02;5.721334e-02;5.430945e-02;2.861376e-02
7.202852e-02;8.233280e-02;5.624891e-02;7.896671e-02;3.136429e-02;4.865894e-02;1.932370e-01;1.690088e-01;3.728978e-02;5.848110e-02;1.459024e-01;2.648073e-02
1.538722e-01;1.117661e-01;4.565100e-02;9.232815e-02;3.193898e-02;4.508084e-02;1.414693e-01;8.191884e-02;5.538219e-02;4.774351e-02;1.556039e-01;3.724506e-02
1.490955e-01;1.281152e-01;2.968147e-02;8.126058e-02;4.140700e-02;4.790363e-02;1.363652e-01;1.099199e-01;4.358032e-02;3.102922e-02;1.446327e-01;5.700929e-02
1.187678e-01;1.009040e-01;3.966469e-02;5.670758e-02;4.576850e-02;5.458819e-02;1.387036e-01;1.538456e-01;4.371703e-02;4.231050e-02;1.386545e-01;6.636805e-02
1.081333e-01;8.672967e-02;5.995602e-02;4.538717e-02;8.115990e-02;7.297380e-02;9.302469e-02;1.441317e-01;4.540795e-02;5.226101e-02;1.276933e-01;8.314146e-02
8.509805e-02;9.764100e-02;6.147445e-02;8.139133e-02;5.401375e-02;4.044177e-02;1.307402e-01;1.373201e-01;3.283169e-02;5.447873e-02;1.396011e-01;8.496772e-02
9.486561e-02;9.187126e-02;6.326381e-02;8.702124e-02;4.494095e-02;4.549829e-02;1.405637e-01;1.140743e-01;3.154797e-02;4.823600e-02;1.396397e-01;9.847724e-02
1.324685e-01;1.058325e-01;9.077632e-02;8.487881e-02;4.690741e-02;6.427730e-02;1.153961e-01;8.917144e-02;3.115129e-02;6.762158e-02;1.036807e-01;6.783807e-02
1.208386e-01;1.327574e-01;9.769926e-02;7.664701e-02;5.844040e-02;6.092900e-02;8.079296e-02;1.316002e-01;3.558100e-02;7.666358e-02;1.122204e-01;1.583022e-02
7.506038e-02;1.252147e-01;5.963658e-02;4.152993e-02;7.152849e-02;4.369978e-02;1.128706e-01;1.623193e-01;3.101615e-02;6.357162e-02;1.765012e-01;3.705125e-02
6.398588e-02;7.201612e-02;2.431483e-02;3.157252e-02;5.399323e-02;5.027351e-02;1.888262e-01;2.244892e-01;3.691789e-02;3.711301e-02;2.023000e-01;1.419765e-02
4.478516e-02;3.847200e-02;2.875876e-02;4.189850e-02;5.204030e-02;5.773889e-02;1.915173e-01;2.858712e-01;4.421221e-02;2.443039e-02;1.744747e-01;1.580057e-02
8.802330e-02;7.689330e-02;2.580251e-02;5.009914e-02;5.623246e-02;5.283941e-02;2.032920e-01;3.075449e-01;3.765082e-02;2.525434e-02;5.899887e-02;1.736905e-02
6.474332e-02;1.064700e-01;2.043360e-02;4.387070e-02;4.830227e-02;3.484129e-02;2.345840e-01;2.762464e-01;2.879678e-02;2.954777e-02;8.481303e-02;2.735081e-02
1.153447e-01;1.038296e-01;2.515359e-02;2.905079e-02;4.631369e-02;5.750692e-02;2.080652e-01;1.332749e-01;2.988882e-02;3.543538e-02;1.756799e-01;4.045644e-02
1.135109e-01;7.234582e-02;2.884244e-02;2.469180e-02;2.973477e-02;5.289461e-02;1.761060e-01;1.610871e-01;2.516541e-02;3.535488e-02;2.470845e-01;3.318185e-02
6.994733e-02;7.190544e-02;3.028593e-02;2.395769e-02;2.881645e-02;4.172304e-02;1.491312e-01;2.723900e-01;3.640080e-02;2.674432e-02;2.175198e-01;3.117792e-02
1.388967e-01;1.424487e-01;2.509836e-02;2.737486e-02;1.912367e-02;5.324224e-02;2.236086e-01;1.827238e-01;3.364738e-02;3.102611e-02;1.084645e-01;1.434525e-02
1.794677e-01;1.714138e-01;2.805012e-02;1.791161e-02;2.289404e-02;4.604587e-02;2.482779e-01;1.471014e-01;2.548647e-02;3.246550e-02;7.624082e-02;4.644747e-03
1.676254e-01;1.664858e-01;3.102741e-02;1.540248e-02;2.163215e-02;6.644397e-02;2.729205e-01;1.403275e-01;2.602934e-02;3.619694e-02;4.915835e-02;6.750253e-03
1.759682e-01;5.730786e-02;3.584585e-02;1.918491e-02;3.205970e-02;9.209505e-02;2.409908e-01;7.574908e-02;1.956222e-02;3.141490e-02;2.088479e-01;1.097351e-02
1.849825e-01;7.944540e-02;3.476178e-02;1.959449e-02;3.391698e-02;7.411055e-02;2.914313e-01;7.220905e-02;1.744298e-02;1.950662e-02;1.636094e-01;8.988888e-03
2.055483e-01;4.947130e-02;3.983526e-02;2.272911e-02;3.911852e-02;8.563674e-02;3.077245e-01;1.178970e-01;1.919286e-02;2.958197e-02;6.925372e-02;1.401070e-02
2.317262e-01;5.646596e-02;2.728815e-02;1.327847e-02;4.423420e-02;8.819447e-02;2.380195e-01;9.365495e-02;1.507046e-02;4.057674e-02;1.361725e-01;1.531832e-02
2.660913e-01;2.780447e-02;1.946994e-02;1.554342e-02;4.800361e-02;8.798090e-02;2.698733e-01;7.583960e-02;2.161239e-02;2.165784e-02;1.315723e-01;1.455096e-02
3.192567e-01;2.661247e-02;1.997277e-02;1.526018e-02;7.180937e-02;9.805230e-02;2.570854e-01;6.972792e-02;2.714939e-02;1.828779e-02;6.018789e-02;1.659774e-02
3.619181e-01;6.584320e-02;1.852351e-02;1.353529e-02;7.985286e-02;8.984590e-02;2.146369e-01;5.770622e-02;2.544432e-02;1.840741e-02;4.223727e-02;1.204909e-02
3.443038e-01;1.084797e-01;2.626261e-02;2.465254e-02;6.418537e-02;8.202312e-02;1.971361e-01;4.079532e-02;4.491044e-02;2.220930e-02;3.584888e-02;9.192843e-03
2.684471e-01;9.704996e-02;4.410538e-02;3.228761e-02;5.263368e-02;8.948787e-02;2.138567e-01;7.243603e-02;7.570689e-02;2.254674e-02;1.731337e-02;1.412871e-02
1.866377e-01;4.700543e-02;6.533458e-02;3.042395e-02;5.988564e-02;1.165802e-01;2.231245e-01;6.301507e-02;1.200345e-01;1.853420e-02;4.292925e-02;2.649498e-02
9.415963e-02;5.264398e-02;5.499656e-02;3.089911e-02;5.854058e-02;1.160565e-01;2.157659e-01;8.662613e-02;1.629995e-01;2.483853e-02;3.379206e-02;6.868157e-02
4.219609e-02;3.947744e-02;4.451832e-02;2.487811e-02;6.119560e-02;9.842203e-02;1.930049e-01;1.190083e-01;2.080005e-01;2.767844e-02;3.670053e-02;1.049197e-01
3.975261e-02;2.561505e-02;4.267923e-02;2.586128e-02;6.960609e-02;6.817551e-02;1.612734e-01;1.042573e-01;2.431050e-01;4.134806e-02;5.256131e-02;1.257652e-01
2.055271e-02;2.320599e-02;4.143696e-02;2.359619e-02;8.294465e-02;6.500927e-02;1.392685e-01;1.197062e-01;2.607637e-01;2.616871e-02;5.066669e-02;1.466804e-01
3.420905e-02;1.840924e-02;5.152892e-02;2.190847e-02;9.109839e-02;7.454041e-02;1.625229e-01;1.054704e-01;2.369183e-01;3.166457e-02;1.884932e-02;1.528801e-01
4.341292e-02;1.953550e-02;5.695193e-02;2.160492e-02;1.082344e-01;7.802773e-02;1.536644e-01;8.951695e-02;2.080871e-01;2.422758e-02;3.416921e-02;1.625673e-01
3.494806e-02;2.638827e-02;5.265368e-02;2.821958e-02;1.283572e-01;9.060457e-02;1.353825e-01;7.735114e-02;1.789009e-01;1.944869e-02;5.320209e-02;1.745433e-01
2.960844e-02;3.967376e-02;4.523538e-02;3.106118e-02;1.358703e-01;1.183499e-01;1.133068e-01;5.905931e-02;1.669203e-01;2.659370e-02;6.599116e-02;1.683298e-01
3.696985e-02;3.035985e-02;4.226586e-02;3.662805e-02;1.225270e-01;1.194573e-01;1.321439e-01;1.309817e-01;1.585853e-01;1.373819e-02;5.178675e-02;1.245562e-01
5.930786e-02;1.371193e-02;5.137601e-02;4.824237e-02;1.115241e-01;9.896263e-02;1.615268e-01;1.527947e-01;1.515708e-01;1.267640e-02;5.491820e-02;8.338822e-02
9.855019e-02;2.314012e-02;6.445716e-02;5.835141e-02;9.547781e-02;8.218822e-02;2.042712e-01;9.491217e-02;1.366828e-01;1.736476e-02;6.813714e-02;5.646706e-02
1.245583e-01;3.349691e-02;6.110565e-02;4.249369e-02;8.141931e-02;9.392344e-02;2.448647e-01;9.376841e-02;8.545150e-02;2.435393e-02;7.105706e-02;4.350708e-02
1.126570e-01;3.336470e-02;4.803427e-02;1.879025e-02;6.327752e-02;8.879170e-02;2.607118e-01;1.201664e-01;2.922951e-02;2.721021e-02;1.662768e-01;3.148983e-02
8.255489e-02;8.332913e-02;4.104548e-02;2.105379e-02;4.095218e-02;5.820245e-02;2.697540e-01;1.317935e-01;2.225126e-02;2.215005e-02;1.946711e-01;3.224216e-02
1.323962e-01;9.836725e-02;4.055845e-02;2.791817e-02;3.373905e-02;2.752217e-02;2.860030e-01;1.240768e-01;3.008986e-02;2.016342e-02;1.384832e-01;4.068252e-02
1.458241e-01;2.801816e-02;2.745268e-02;1.654079e-02;3.554216e-02;8.965550e-02;2.958977e-01;1.132289e-01;6.204548e-02;2.562200e-02;1.334546e-01;2.671784e-02
1.334334e-01;3.572755e-02;2.667156e-02;1.452937e-02;3.739765e-02;8.970644e-02;2.695732e-01;1.336668e-01;8.353426e-02;2.925096e-02;1.208724e-01;2.563637e-02
1.482623e-01;5.488713e-02;2.378738e-02;1.792060e-02;3.933859e-02;6.207083e-02;2.747248e-01;2.560080e-01;4.617831e-02;2.787080e-02;3.052113e-02;1.843012e-02
1.553634e-01;3.411165e-02;1.757387e-02;1.757966e-02;4.435458e-02;8.509938e-02;3.108081e-01;2.028131e-01;2.796480e-02;1.572991e-02;7.639339e-02;1.220821e-02
1.708966e-01;3.908279e-02;2.903840e-02;3.117352e-02;6.010448e-02;1.149403e-01;3.303635e-01;1.396228e-01;2.698950e-02;1.209753e-02;2.184357e-02;2.384705e-02
1.649499e-01;3.427064e-02;3.862472e-02;4.327583e-02;8.656311e-02;1.247847e-01;2.759100e-01;3.873870e-02;2.373684e-02;1.132498e-02;1.256627e-01;3.215802e-02
8.626109e-02;5.111455e-02;3.772425e-02;4.278262e-02;7.593261e-02;8.580869e-02;2.371383e-01;7.841081e-02;1.679771e-02;2.041531e-02;2.409721e-01;2.664205e-02
6.723753e-02;8.438700e-02;3.617188e-02;2.990612e-02;4.619633e-02;4.071348e-02;1.607784e-01;1.145475e-01;1.279107e-02;2.229430e-02;3.676661e-01;1.731022e-02
9.347785e-02;9.327763e-02;4.266382e-02;3.869894e-02;4.642709e-02;3.252477e-02;9.768742e-02;1.121726e-01;1.489771e-02;2.635658e-02;3.831720e-01;1.864353e-02
1.075650e-01;1.049923e-01;4.446599e-02;5.590236e-02;4.901010e-02;5.670181e-02;1.252390e-01;1.176456e-01;2.063463e-02;2.904209e-02;2.662184e-01;2.258260e-02
1.238438e-01;1.129372e-01;5.391748e-02;5.968748e-02;4.893806e-02;6.249144e-02;1.451758e-01;1.382352e-01;2.426405e-02;4.189771e-02;1.673721e-01;2.123968e-02
1.685136e-01;1.082734e-01;5.590840e-02;4.995907e-02;6.285369e-02;4.132722e-02;1.618214e-01;1.567833e-01;2.731650e-02;7.261617e-02;8.313520e-02;1.149202e-02
2.062217e-01;6.860298e-02;4.294283e-02;4.109127e-02;6.215532e-02;7.707839e-02;2.597092e-01;1.031815e-01;4.100341e-02;5.144836e-02;2.508205e-02;2.148306e-02
2.380694e-01;5.043480e-02;2.868055e-02;2.720708e-02;5.277965e-02;8.488406e-02;2.826596e-01;7.007977e-02;3.637021e-02;2.382146e-02;8.877385e-02;1.623962e-02
2.708790e-01;5.535051e-02;1.666134e-02;1.266160e-02;3.217203e-02;1.017853e-01;2.923063e-01;7.562841e-02;1.984016e-02;1.799845e-02;9.330471e-02;1.141225e-02
2.923573e-01;7.863414e-02;7.711944e-03;1.081720e-02;2.708852e-02;1.128480e-01;2.860434e-01;7.492769e-02;9.532004e-03;1.948402e-02;6.644598e-02;1.410991e-02
3.500333e-01;9.602932e-02;6.980706e-03;8.900008e-03;2.459737e-02;1.145935e-01;2.526285e-01;5.854636e-02;5.128923e-03;1.635419e-02;4.925436e-02;1.695346e-02
4.386979e-01;9.535843e-02;5.933045e-03;7.530260e-03;2.023566e-02;1.112372e-01;2.303943e-01;3.258011e-02;6.753757e-03;1.330200e-02;2.220862e-02;1.576866e-02
4.647821e-01;8.112130e-02;6.804813e-03;1.153293e-02;1.803193e-02;9.708873e-02;2.326410e-01;3.672811e-02;7.680782e-03;1.115931e-02;2.114569e-02;1.128328e-02
4.492835e-01;7.326184e-02;5.507715e-03;1.484171e-02;1.889140e-02;9.239280e-02;2.548920e-01;4.760450e-02;5.422970e-03;1.028911e-02;1.835070e-02;9.261770e-03
3.927799e-01;7.163196e-02;7.608568e-03;1.283895e-02;2.434784e-02;9.724213e-02;2.677353e-01;4.097980e-02;9.114211e-03;1.211409e-02;5.361449e-02;9.992628e-03
2.478412e-01;7.321776e-02;1.821721e-02;1.515505e-02;3.124439e-02;9.487397e-02;3.005373e-01;8.781847e-02;1.534928e-02;1.341123e-02;8.940113e-02;1.293297e-02
1.048023e-01;5.440609e-02;3.536356e-02;3.141456e-02;4.486573e-02;9.653258e-02;3.024131e-01;1.728671e-01;2.443890e-02;1.826280e-02;9.843192e-02;1.620129e-02
1.620478e-01;7.015296e-02;3.854382e-02;3.852949e-02;5.589257e-02;8.547983e-02;2.334506e-01;1.597616e-01;3.066243e-02;2.314150e-02;7.513171e-02;2.720563e-02
1.590526e-01;7.743268e-02;4.038201e-02;4.614148e-02;6.701203e-02;8.182716e-02;2.416805e-01;9.963094e-02;3.351312e-02;2.080537e-02;1.015963e-01;3.092575e-02
5.977498e-02;1.100552e-01;5.363055e-02;8.305115e-02;8.316497e-02;7.574890e-02;1.867019e-01;5.207469e-02;5.090702e-02;2.258100e-02;1.803485e-01;4.196114e-02
1.674330e-01;5.578510e-02;4.326335e-02;8.633744e-02;9.161715e-02;8.743796e-02;2.150549e-01;3.501545e-02;5.330754e-02;1.743695e-02;1.196366e-01;2.767459e-02
1.717217e-01;3.325484e-02;3.676147e-02;6.695526e-02;1.052761e-01;1.072374e-01;2.376769e-01;2.866158e-02;4.446240e-02;2.251057e-02;1.211355e-01;2.434630e-02
1.107551e-01;5.382248e-02;4.413514e-02;4.460476e-02;7.937507e-02;9.351397e-02;2.187903e-01;5.831962e-02;2.766452e-02;3.283396e-02;2.108461e-01;2.533900e-02
6.499422e-02;7.710963e-02;5.144356e-02;3.951721e-02;4.847309e-02;6.789640e-02;1.594072e-01;7.445316e-02;1.669174e-02;4.089470e-02;3.397790e-01;1.934013e-02
9.446655e-02;7.697298e-02;5.150332e-02;4.627331e-02;3.834751e-02;5.715090e-02;1.099797e-01;8.769654e-02;1.725541e-02;2.790325e-02;3.853185e-01;7.132044e-03
6.128036e-02;8.690828e-02;5.343501e-02;4.765486e-02;3.668669e-02;6.290286e-02;1.104399e-01;7.832042e-02;1.138232e-02;2.705455e-02;4.151467e-01;8.788059e-03
1.004644e-01;1.174587e-01;5.336111e-02;3.151308e-02;3.133219e-02;5.695640e-02;7.668908e-02;6.439463e-02;1.556253e-02;2.131846e-02;4.153404e-01;1.560904e-02
1.412580e-01;9.564384e-02;5.005836e-02;2.520117e-02;2.954244e-02;4.155932e-02;9.363389e-02;4.402497e-02;1.163561e-02;2.421648e-02;4.254730e-01;1.775295e-02
9.478144e-02;1.075311e-01;5.859267e-02;2.594244e-02;2.144461e-02;2.075002e-02;7.987598e-02;6.118259e-02;1.233800e-02;2.963189e-02;4.775367e-01;1.039251e-02
6.953780e-02;1.239727e-01;6.401455e-02;2.981796e-02;1.490610e-02;1.415120e-02;6.990612e-02;6.747676e-02;2.949173e-02;3.096833e-02;4.772266e-01;8.530234e-03
6.369646e-02;1.564619e-01;7.078207e-02;2.911532e-02;1.596140e-02;1.620420e-02;7.264345e-02;6.630287e-02;4.644994e-02;3.052988e-02;4.216543e-01;1.019817e-02
6.650781e-02;1.528954e-01;7.409106e-02;3.163636e-02;2.758426e-02;2.128922e-02;7.095468e-02;4.531420e-02;4.217020e-02;3.535428e-02;4.261243e-01;6.078142e-03
4.447192e-02;1.615184e-01;6.877382e-02;2.988013e-02;2.679204e-02;1.824473e-02;7.375423e-02;5.572452e-02;4.359316e-02;3.731089e-02;4.328449e-01;7.091235e-03
5.407703e-02;1.688896e-01;7.466942e-02;3.417343e-02;1.746098e-02;1.919518e-02;7.752151e-02;7.692757e-02;5.047845e-02;3.766822e-02;3.832441e-01;5.694574e-03
5.146036e-02;1.798377e-01;7.916833e-02;3.056218e-02;1.691864e-02;2.209883e-02;8.672776e-02;7.997307e-02;4.102171e-02;4.556150e-02;3.602359e-01;6.433977e-03
5.180013e-02;1.620337e-01;6.634583e-02;3.374526e-02;2.678628e-02;3.206608e-02;7.907959e-02;6.057908e-02;2.763011e-02;4.665057e-02;4.040612e-01;9.222203e-03
4.892426e-02;1.308995e-01;5.960746e-02;2.911795e-02;1.963110e-02;2.440559e-02;7.947215e-02;6.782985e-02;4.023936e-02;4.738485e-02;4.413673e-01;1.112060e-02
6.191704e-02;1.432118e-01;5.011528e-02;3.583643e-02;1.364797e-02;1.802889e-02;7.630768e-02;8.804379e-02;4.668271e-02;4.541293e-02;4.101453e-01;1.065022e-02
7.489936e-02;1.228571e-01;3.743675e-02;2.992481e-02;1.511738e-02;2.315203e-02;9.507535e-02;1.057601e-01;4.813408e-02;4.209910e-02;3.974080e-01;8.135936e-03
8.823188e-02;6.621203e-02;3.105796e-02;3.068368e-02;2.294870e-02;3.093117e-02;1.380096e-01;1.548645e-01;4.402066e-02;4.683930e-02;3.404201e-01;5.780443e-03
1.109487e-01;8.324995e-02;2.978354e-02;3.004501e-02;3.739395e-02;5.833924e-02;1.567985e-01;1.489116e-01;4.131834e-02;6.151835e-02;2.317008e-01;9.992044e-03
1.118313e-01;7.848348e-02;4.138727e-02;9.745356e-03;4.271046e-02;9.050909e-02;1.780350e-01;1.228027e-01;1.413995e-01;9.021977e-02;7.552380e-02;1.735228e-02
7.267678e-02;6.057676e-02;4.220282e-02;1.642416e-02;2.404084e-02;9.130127e-02;1.606408e-01;1.092398e-01;1.635422e-01;1.329374e-01;1.052092e-01;2.120799e-02
5.042462e-02;5.136461e-02;3.420578e-02;4.050247e-02;2.346089e-02;1.466017e-01;1.474881e-01;9.855646e-02;1.246006e-01;1.848439e-01;8.243057e-02;1.552037e-02
4.152394e-02;5.293915e-02;2.427394e-02;5.214237e-02;4.961781e-02;1.547709e-01;1.433056e-01;1.407398e-01;1.132884e-01;1.333061e-01;8.549188e-02;8.600092e-03
2.758911e-02;7.617538e-02;3.565772e-02;5.220003e-02;6.612729e-02;1.314719e-01;1.339022e-01;1.865809e-01;8.277434e-02;5.720880e-02;1.374986e-01;1.281380e-02
6.355421e-02;1.002879e-01;4.828434e-02;4.929215e-02;5.650331e-02;1.097623e-01;1.453278e-01;1.585923e-01;4.925128e-02;3.690206e-02;1.601640e-01;2.207841e-02
