9.670662e-02;7.324086e-02;2.331814e-01;3.349841e-02;8.309895e-02;6.931025e-02;1.559571e-01;3.051707e-02;3.470227e-02;7.426791e-02;6.166050e-02;5.385862e-02
3.952255e-02;6.632932e-02;3.106183e-01;4.566900e-02;7.007131e-02;6.081301e-02;1.135221e-01;2.449346e-02;3.826173e-02;9.654115e-02;7.494490e-02;5.921315e-02
2.939656e-02;5.373877e-02;3.467864e-01;6.191824e-02;6.472604e-02;4.712924e-02;8.750120e-02;2.353805e-02;3.636395e-02;1.017741e-01;7.714786e-02;6.997953e-02
1.471389e-02;5.163707e-02;3.848125e-01;6.912877e-02;6.431471e-02;3.949291e-02;7.480302e-02;2.874308e-02;3.278524e-02;1.084441e-01;7.163981e-02;5.948483e-02
1.048712e-02;4.879182e-02;3.927593e-01;6.548779e-02;6.705669e-02;3.796251e-02;7.789953e-02;4.552463e-02;3.830450e-02;1.183658e-01;6.451122e-02;3.284914e-02
3.292635e-02;3.674095e-02;3.718498e-01;5.594856e-02;5.999823e-02;3.421257e-02;9.182044e-02;7.095431e-02;3.839292e-02;1.144147e-01;5.718736e-02;3.555376e-02
4.935989e-02;2.111367e-02;3.385291e-01;7.687104e-02;4.999501e-02;4.895815e-02;8.103729e-02;9.369278e-02;3.414828e-02;9.920088e-02;5.211155e-02;5.498227e-02
4.142033e-02;2.999192e-02;2.839395e-01;9.254129e-02;3.873704e-02;5.509654e-02;1.375176e-01;8.400686e-02;4.400407e-02;7.686087e-02;5.318140e-02;6.270262e-02
5.008641e-02;3.573604e-02;2.332300e-01;9.269089e-02;5.180455e-02;5.604448e-02;1.973494e-01;7.981001e-02;3.526755e-02;5.653498e-02;5.632135e-02;5.512431e-02
5.178692e-02;3.362931e-02;2.505119e-01;7.291748e-02;4.512663e-02;6.460594e-02;1.985090e-01;7.067345e-02;3.977218e-02;3.967306e-02;7.401420e-02;5.877986e-02
6.033064e-02;2.238222e-02;3.444532e-01;6.326319e-02;3.336599e-02;4.581369e-02;6.808233e-02;5.947113e-02;5.487509e-02;9.439871e-02;8.068115e-02;7.288270e-02
4.376272e-02;3.059213e-02;3.930584e-01;7.321466e-02;4.313501e-02;3.090313e-02;1.099185e-01;4.382388e-02;4.745346e-02;1.136714e-01;4.236475e-02;2.810187e-02
4.763843e-02;5.019353e-02;4.065460e-01;6.366771e-02;4.640216e-02;3.715501e-02;8.026727e-02;4.447668e-02;4.012045e-02;1.139981e-01;4.547644e-02;2.405817e-02
4.046447e-02;3.538869e-02;3.937417e-01;5.879134e-02;4.581952e-02;5.344687e-02;6.546008e-02;4.404185e-02;5.772340e-02;1.212195e-01;4.194682e-02;4.195577e-02
4.194507e-02;2.924846e-02;3.532295e-01;6.549337e-02;4.327085e-02;5.891853e-02;7.355927e-02;6.992333e-02;6.949969e-02;9.862763e-02;4.742564e-02;4.885869e-02
4.530886e-02;3.633434e-02;2.017637e-01;7.403269e-02;2.718763e-02;7.618077e-02;1.299735e-01;6.221466e-02;1.476367e-01;9.609325e-02;6.367125e-02;3.960260e-02
3.945692e-02;3.410067e-02;7.481378e-02;5.685140e-02;2.656877e-02;8.588515e-02;1.673277e-01;4.057129e-02;1.920329e-01;1.703501e-01;6.337104e-02;4.867030e-02
4.021637e-02;3.462766e-02;5.091819e-02;4.876962e-02;4.289673e-02;7.225522e-02;1.611599e-01;4.919566e-02;2.033985e-01;1.900251e-01;5.993456e-02;4.660239e-02
4.367955e-02;3.878433e-02;4.453878e-02;4.305873e-02;6.017381e-02;5.312530e-02;1.493869e-01;5.403229e-02;2.021900e-01;2.033474e-01;6.370482e-02;4.397807e-02
4.873008e-02;4.979427e-02;5.017878e-02;3.940085e-02;7.541629e-02;4.518514e-02;1.445171e-01;5.548273e-02;1.638236e-01;2.099018e-01;8.665779e-02;3.091157e-02
5.671157e-02;5.249963e-02;1.156984e-01;6.314880e-02;5.745178e-02;5.472025e-02;1.102737e-01;8.150786e-02;1.035881e-01;1.596544e-01;1.026246e-01;4.212090e-02
4.987255e-02;3.946645e-02;2.372021e-01;5.579729e-02;7.321766e-02;4.015738e-02;1.370104e-01;6.653279e-02;9.297348e-02;1.118491e-01;5.960095e-02;3.631983e-02
3.227712e-02;2.858268e-02;2.983785e-01;6.477725e-02;7.261784e-02;4.278430e-02;1.083694e-01;8.645818e-02;8.080935e-02;1.055695e-01;5.140474e-02;2.797106e-02
1.755033e-02;2.262143e-02;3.425988e-01;6.924251e-02;5.149351e-02;4.612097e-02;7.618815e-02;1.464049e-01;6.927397e-02;9.362230e-02;4.638151e-02;1.850164e-02
1.767359e-02;1.905345e-02;3.816140e-01;6.894469e-02;4.110644e-02;4.973569e-02;8.311620e-02;1.563310e-01;4.024640e-02;1.013546e-01;3.309397e-02;7.730055e-03
1.764024e-02;2.687343e-02;4.115954e-01;7.468308e-02;4.333502e-02;5.536018e-02;7.862177e-02;9.736119e-02;4.161698e-02;1.216741e-01;2.553579e-02;5.702844e-03
1.510652e-02;4.050848e-02;4.017323e-01;8.157680e-02;4.729639e-02;6.677580e-02;7.015853e-02;4.257854e-02;7.918441e-02;1.204768e-01;2.445099e-02;1.015441e-02
3.230251e-02;5.485980e-02;3.008224e-01;6.601902e-02;5.464970e-02;7.360605e-02;1.230718e-01;7.687417e-02;8.859269e-02;8.951671e-02;2.490929e-02;1.477578e-02
4.271358e-02;6.719647e-02;3.256826e-01;4.596203e-02;6.000593e-02;8.217344e-02;9.908816e-02;9.883785e-02;6.753056e-02;6.406259e-02;2.517719e-02;2.156960e-02
2.835668e-02;3.236304e-02;4.240097e-01;3.784486e-02;3.878054e-02;5.695518e-02;1.220344e-01;9.626462e-02;4.334876e-02;7.364092e-02;2.659455e-02;1.980671e-02
2.279795e-02;3.164387e-02;4.871041e-01;4.825793e-02;3.317983e-02;4.695811e-02;1.188786e-01;6.747652e-02;3.131699e-02;7.846130e-02;2.219426e-02;1.173054e-02
2.374127e-02;3.209620e-02;4.613209e-01;5.392924e-02;4.286971e-02;5.228540e-02;1.494331e-01;4.838512e-02;2.577723e-02;7.515765e-02;2.752781e-02;7.476412e-03
3.113919e-02;2.097816e-02;4.588559e-01;5.417385e-02;4.822133e-02;5.749401e-02;1.418589e-01;5.121404e-02;3.302693e-02;5.803441e-02;3.536740e-02;9.635831e-03
3.003553e-02;2.808555e-02;4.529433e-01;6.701359e-02;6.086739e-02;6.204361e-02;8.096680e-02;5.172205e-02;3.333797e-02;6.399957e-02;5.007805e-02;1.890662e-02
1.856074e-02;2.321782e-02;3.979382e-01;1.083054e-01;1.119765e-01;4.385910e-02;4.997508e-02;4.949075e-02;2.242371e-02;6.668532e-02;7.404125e-02;3.352607e-02
2.656115e-02;1.624347e-02;3.042792e-01;1.415951e-01;1.485805e-01;4.824087e-02;4.870044e-02;5.554137e-02;1.287469e-02;5.356627e-02;9.326914e-02;5.054779e-02
1.553726e-02;2.371174e-02;2.749588e-01;1.584302e-01;1.607653e-01;5.394635e-02;4.234305e-02;6.039926e-02;1.420639e-02;3.713235e-02;1.007579e-01;5.781144e-02
1.568531e-02;3.734400e-02;2.913397e-01;1.560547e-01;1.366870e-01;5.738201e-02;3.024969e-02;8.154666e-02;1.647479e-02;2.545441e-02;9.928022e-02;5.250160e-02
2.400133e-02;5.664106e-02;2.992519e-01;1.425424e-01;1.209554e-01;6.432148e-02;2.379590e-02;9.370567e-02;2.042080e-02;1.977842e-02;8.861206e-02;4.597374e-02
6.444457e-02;7.473896e-02;2.993853e-01;1.276028e-01;1.088049e-01;5.858733e-02;2.259887e-02;8.662860e-02;2.083579e-02;1.572922e-02;6.883058e-02;5.181305e-02
5.820515e-02;8.782565e-02;2.610068e-01;1.464992e-01;1.114640e-01;4.819393e-02;3.702728e-02;8.622035e-02;2.658829e-02;1.422357e-02;6.848449e-02;5.426118e-02
2.037502e-02;1.022276e-01;2.524647e-01;1.688942e-01;1.157802e-01;4.132314e-02;1.676402e-02;9.691411e-02;2.755457e-02;1.914445e-02;8.775856e-02;5.079943e-02
2.837543e-02;1.064828e-01;2.530046e-01;1.573161e-01;9.831049e-02;4.389723e-02;2.894688e-02;1.022701e-01;2.300470e-02;1.970536e-02;9.226765e-02;4.641875e-02
3.187825e-02;8.406777e-02;2.748970e-01;1.475363e-01;8.718383e-02;5.011827e-02;5.233040e-02;1.140207e-01;1.525082e-02;2.016874e-02;9.058047e-02;3.196738e-02
3.484136e-02;5.837647e-02;2.996868e-01;1.344145e-01;8.012792e-02;5.036909e-02;6.745211e-02;1.263767e-01;1.351086e-02;2.288051e-02;9.594318e-02;1.602035e-02
3.462816e-02;2.799122e-02;3.217421e-01;1.146000e-01;7.813095e-02;5.564984e-02;8.825044e-02;1.245682e-01;1.554036e-02;2.695814e-02;1.000163e-01;1.192429e-02
4.164933e-02;2.943619e-02;3.309633e-01;1.075931e-01;8.964366e-02;5.868689e-02;8.312647e-02;1.077838e-01;1.517500e-02;2.093758e-02;9.798957e-02;1.701501e-02
4.012429e-02;3.179298e-02;3.513129e-01;9.339778e-02;8.233438e-02;5.460693e-02;8.211831e-02;9.579157e-02;2.623911e-02;3.410786e-02;8.834503e-02;1.982883e-02
2.839285e-02;2.179111e-02;4.056922e-01;7.832149e-02;7.955670e-02;4.909946e-02;7.335484e-02;8.560258e-02;3.170887e-02;4.468719e-02;8.210852e-02;1.968415e-02
4.387322e-02;1.754738e-02;4.280839e-01;7.104613e-02;6.848478e-02;3.100520e-02;8.014696e-02;7.710363e-02;6.940307e-02;4.228398e-02;5.436704e-02;1.665468e-02
5.532004e-02;1.514703e-02;4.370910e-01;6.358700e-02;5.871348e-02;1.998237e-02;1.013798e-01;7.747533e-02;8.881517e-02;4.128012e-02;3.035655e-02;1.085210e-02
7.182094e-02;2.268547e-02;4.280000e-01;5.102482e-02;5.098791e-02;2.080586e-02;1.216207e-01;7.917502e-02;8.059052e-02;3.845054e-02;2.076507e-02;1.407316e-02
1.085931e-01;3.309623e-02;3.658632e-01;5.916229e-02;4.045398e-02;2.543970e-02;1.354634e-01;7.018776e-02;5.774784e-02;3.756168e-02;4.522563e-02;2.120520e-02
1.424440e-01;2.919586e-02;3.355761e-01;5.950931e-02;4.649815e-02;2.503848e-02;1.384945e-01;6.397993e-02;4.600509e-02;4.262729e-02;5.175214e-02;1.887909e-02
1.749754e-01;1.753845e-02;3.648141e-01;6.289342e-02;3.781498e-02;1.540340e-02;1.184101e-01;6.089629e-02;4.389726e-02;4.197855e-02;4.622028e-02;1.515782e-02
1.796287e-01;1.952895e-02;3.748796e-01;7.213333e-02;3.378590e-02;1.315978e-02;1.030811e-01;6.018678e-02;4.085459e-02;4.267283e-02;4.616460e-02;1.392384e-02
1.371220e-01;3.697428e-02;3.603868e-01;8.318596e-02;4.180424e-02;2.411424e-02;8.199975e-02;7.074913e-02;3.240141e-02;4.926013e-02;6.695399e-02;1.504814e-02
8.464548e-02;5.481541e-02;3.414339e-01;1.042536e-01;5.485247e-02;3.276056e-02;6.346428e-02;9.086014e-02;1.911273e-02;4.259161e-02;9.415875e-02;1.705114e-02
5.009222e-02;8.592076e-02;3.073639e-01;1.183419e-01;6.610385e-02;4.340804e-02;5.143160e-02;1.072100e-01;1.181438e-02;2.925958e-02;1.179915e-01;1.106228e-02
4.603486e-02;9.176727e-02;2.858858e-01;1.153700e-01;7.242470e-02;4.703034e-02;5.395541e-02;1.146873e-01;1.094848e-02;2.262550e-02;1.281150e-01;1.115542e-02
4.657522e-02;7.956227e-02;2.951315e-01;1.097462e-01;7.381165e-02;4.874562e-02;5.883209e-02;1.127897e-01;1.532627e-02;1.638834e-02;1.267441e-01;1.634700e-02
3.554272e-02;6.134690e-02;3.235468e-01;1.141860e-01;8.446379e-02;4.571423e-02;5.938555e-02;1.098972e-01;1.839164e-02;2.119350e-02;1.153079e-01;1.102380e-02
2.819217e-02;4.951375e-02;3.333600e-01;1.098653e-01;1.132899e-01;4.976887e-02;6.991801e-02;9.854952e-02;3.204615e-02;2.023230e-02;8.125822e-02;1.400581e-02
2.424201e-02;6.323423e-02;2.841804e-01;1.130401e-01;1.365223e-01;6.790767e-02;6.453779e-02;8.751229e-02;3.005492e-02;2.576438e-02;7.173172e-02;3.127217e-02
2.915426e-02;6.179706e-02;2.406684e-01;1.500205e-01;1.205845e-01;7.489838e-02;6.037276e-02;8.554134e-02;1.743761e-02;2.155820e-02;1.060326e-01;3.193438e-02
2.226657e-02;3.725376e-02;2.599881e-01;1.767443e-01;1.130558e-01;7.554610e-02;5.354545e-02;8.058494e-02;1.180797e-02;2.297184e-02;1.223617e-01;2.387357e-02
7.202245e-03;2.506382e-02;2.769767e-01;1.856435e-01;1.074486e-01;8.299571e-02;3.720014e-02;8.073065e-02;8.979190e-03;3.014030e-02;1.360872e-01;2.153193e-02
1.021676e-02;1.790049e-02;2.729426e-01;1.722389e-01;9.811980e-02;9.286886e-02;5.553151e-02;7.157841e-02;8.193076e-03;3.766715e-02;1.435448e-01;1.919760e-02
1.070192e-02;1.480938e-02;2.619977e-01;1.589777e-01;9.834883e-02;1.050513e-01;5.253670e-02;6.554419e-02;1.423164e-02;4.084109e-02;1.577787e-01;1.918085e-02
1.444322e-02;1.435643e-02;2.562461e-01;1.318915e-01;9.207410e-02;1.057424e-01;5.244929e-02;5.775709e-02;3.219220e-02;6.197671e-02;1.543293e-01;2.654161e-02
2.567360e-02;1.809336e-02;2.870964e-01;9.143960e-02;6.068736e-02;7.692492e-02;6.746434e-02;6.274727e-02;7.226289e-02;7.539221e-02;1.223850e-01;3.983317e-02
3.612211e-02;1.698618e-02;3.427895e-01;5.503118e-02;3.676730e-02;3.465565e-02;8.861430e-02;7.298689e-02;1.040768e-01;7.833233e-02;7.290982e-02;6.072803e-02
4.211814e-02;1.262729e-02;3.751461e-01;4.962032e-02;4.583113e-02;3.229853e-02;7.134999e-02;6.844906e-02;8.071927e-02;9.224669e-02;4.114710e-02;8.844642e-02
4.805566e-02;1.490451e-02;4.119974e-01;5.711240e-02;3.947525e-02;1.592184e-02;5.281292e-02;6.050463e-02;5.771758e-02;9.385384e-02;5.269454e-02;9.494941e-02
5.023966e-02;1.524640e-02;4.418202e-01;5.966252e-02;4.011544e-02;1.178609e-02;5.599120e-02;6.714647e-02;5.227211e-02;8.287807e-02;6.383722e-02;5.900465e-02
5.507080e-02;1.897438e-02;4.386513e-01;5.767565e-02;5.340616e-02;3.392075e-02;8.192830e-02;6.828811e-02;3.290993e-02;8.411809e-02;5.803059e-02;1.702589e-02
5.643870e-02;3.389507e-02;3.836487e-01;6.237336e-02;6.389508e-02;7.959120e-02;9.114493e-02;4.495628e-02;2.291163e-02;1.078447e-01;3.792974e-02;1.537057e-02
4.753483e-02;4.280796e-02;3.212991e-01;7.639533e-02;7.040083e-02;1.075825e-01;8.957348e-02;2.761125e-02;3.428758e-02;1.276912e-01;3.593459e-02;1.888130e-02
4.691702e-02;4.845434e-02;2.238775e-01;8.206765e-02;8.194545e-02;8.222619e-02;1.025623e-01;6.438999e-02;7.451653e-02;1.318505e-01;3.483590e-02;2.635659e-02
3.823611e-02;6.780293e-02;2.128182e-01;5.337390e-02;5.237453e-02;5.296871e-02;1.532414e-01;9.824061e-02;8.348033e-02;1.262364e-01;3.042655e-02;3.080030e-02
4.577717e-02;5.578114e-02;1.641571e-01;3.214379e-02;3.493480e-02;9.890124e-02;1.708937e-01;1.145257e-01;1.167344e-01;1.236246e-01;2.037363e-02;2.215267e-02
3.590525e-02;2.817326e-02;1.053233e-01;2.785173e-02;4.941283e-02;1.384407e-01;1.757030e-01;1.497101e-01;1.141789e-01;1.542826e-01;1.176945e-02;9.248757e-03
2.072613e-02;1.538185e-02;7.757348e-02;4.633372e-02;4.613212e-02;8.516426e-02;1.975384e-01;1.543980e-01;6.509593e-02;2.709666e-01;7.965924e-03;1.272359e-02
2.159085e-02;2.399535e-02;8.737213e-02;4.541542e-02;4.164885e-02;9.583919e-02;1.984053e-01;1.027850e-01;6.482158e-02;3.008281e-01;6.627846e-03;1.067038e-02
3.205605e-02;3.553398e-02;1.114742e-01;2.865634e-02;5.319378e-02;1.215234e-01;1.546723e-01;8.607787e-02;1.195394e-01;2.207948e-01;1.195761e-02;2.452029e-02
4.914645e-02;2.080180e-02;9.925174e-02;2.259847e-02;6.674062e-02;1.104276e-01;2.054448e-01;1.523806e-01;1.300275e-01;7.650307e-02;2.519556e-02;4.148173e-02
6.851889e-02;1.749032e-02;1.035764e-01;2.262110e-02;6.820095e-02;6.594031e-02;2.272005e-01;1.622957e-01;1.120172e-01;5.587857e-02;4.548509e-02;5.077497e-02
8.254315e-02;3.777290e-02;1.256197e-01;4.301956e-02;6.432074e-02;6.064972e-02;1.673116e-01;1.072452e-01;1.051969e-01;7.080350e-02;6.367807e-02;7.183896e-02
1.093980e-01;3.921628e-02;1.303028e-01;6.975818e-02;5.756750e-02;5.717334e-02;9.360749e-02;7.578864e-02;9.885019e-02;1.092795e-01;4.999940e-02;1.090586e-01
6.691682e-02;3.132477e-02;1.109311e-01;6.450008e-02;4.626351e-02;8.067042e-02;9.595229e-02;1.223804e-01;7.759056e-02;1.307315e-01;4.752827e-02;1.252103e-01
4.456655e-02;5.773363e-02;1.076976e-01;4.904803e-02;5.592237e-02;6.168423e-02;9.720280e-02;1.510109e-01;6.991546e-02;1.385704e-01;7.444017e-02;9.220781e-02
5.350506e-02;5.831352e-02;1.074133e-01;4.523507e-02;4.194270e-02;7.470765e-02;1.370090e-01;1.761745e-01;6.154284e-02;1.004558e-01;7.654435e-02;6.715623e-02
6.396392e-02;6.015594e-02;8.552094e-02;4.496961e-02;3.939132e-02;8.291867e-02;1.643124e-01;1.785444e-01;8.805986e-02;8.572447e-02;4.390881e-02;6.252963e-02
4.397306e-02;5.438504e-02;8.734661e-02;4.362867e-02;5.789523e-02;7.497622e-02;1.943607e-01;1.508967e-01;1.141149e-01;9.866064e-02;3.727452e-02;4.248776e-02
3.978761e-02;8.036390e-02;9.958375e-02;3.435475e-02;6.073588e-02;7.099418e-02;1.693293e-01;1.042160e-01;1.187197e-01;9.082825e-02;6.706963e-02;6.401698e-02
1.067883e-01;3.094460e-02;1.145222e-01;6.320485e-02;6.739210e-02;7.542654e-02;1.422196e-01;7.947659e-02;8.632846e-02;9.575158e-02;8.538418e-02;5.256101e-02
8.725766e-02;3.122615e-02;1.565616e-01;7.233521e-02;5.591110e-02;6.420875e-02;1.710728e-01;9.099569e-02;5.661804e-02;6.914265e-02;9.026466e-02;5.440570e-02
9.356908e-02;3.813887e-02;2.166686e-01;7.231630e-02;4.878534e-02;4.876839e-02;1.281721e-01;9.372970e-02;5.453902e-02;6.696147e-02;8.861361e-02;4.973752e-02
8.314843e-02;3.190520e-02;2.982638e-01;6.883915e-02;4.428404e-02;5.139050e-02;1.219165e-01;7.173179e-02;4.310682e-02;8.365161e-02;6.973913e-02;3.202312e-02
6.557006e-02;5.431486e-02;3.344426e-01;5.628324e-02;4.023913e-02;6.196542e-02;1.439162e-01;4.807474e-02;3.098655e-02;9.069669e-02;4.816013e-02;2.535028e-02
5.291338e-02;7.531407e-02;3.381673e-01;4.082822e-02;3.931597e-02;6.371456e-02;1.196092e-01;4.786199e-02;5.428033e-02;8.106748e-02;4.235597e-02;4.457159e-02
5.331879e-02;6.949155e-02;2.993305e-01;5.273047e-02;4.010350e-02;9.093545e-02;8.497689e-02;7.069522e-02;7.701916e-02;7.106356e-02;2.727548e-02;6.305945e-02
5.334861e-02;7.582995e-02;2.827938e-01;5.528801e-02;4.364965e-02;1.109196e-01;1.067354e-01;6.064520e-02;6.280645e-02;7.273801e-02;2.744694e-02;4.779839e-02
4.083597e-02;7.291529e-02;3.032097e-01;3.099214e-02;2.712652e-02;1.329212e-01;1.435282e-01;4.543236e-02;5.512846e-02;6.909813e-02;3.710623e-02;4.170576e-02
1.693630e-02;6.874441e-02;2.990824e-01;2.442408e-02;1.857062e-02;1.480846e-01;1.498779e-01;4.919827e-02;5.354085e-02;8.018396e-02;3.882859e-02;5.252814e-02
2.083837e-02;7.352684e-02;2.751672e-01;3.091477e-02;2.550951e-02;1.380345e-01;1.461378e-01;7.007319e-02;5.356311e-02;7.501985e-02;2.752598e-02;6.368892e-02
4.773850e-02;7.835805e-02;2.601255e-01;3.495808e-02;3.651631e-02;1.247651e-01;1.099894e-01;5.703999e-02;5.199419e-02;7.204679e-02;4.314179e-02;8.332635e-02
3.881264e-02;8.098939e-02;2.919501e-01;2.886348e-02;2.571380e-02;1.014818e-01;1.110156e-01;4.094414e-02;3.705819e-02;7.775177e-02;5.912785e-02;1.062913e-01
3.891229e-02;1.026409e-01;3.109141e-01;2.507269e-02;2.063848e-02;7.620618e-02;9.891201e-02;4.172631e-02;4.537579e-02;6.835075e-02;5.469950e-02;1.165510e-01
3.191063e-02;1.302398e-01;3.521828e-01;1.971610e-02;1.885892e-02;5.199467e-02;6.188703e-02;5.166273e-02;5.030011e-02;6.578179e-02;4.732320e-02;1.181421e-01
3.758530e-02;1.409991e-01;3.673416e-01;2.578869e-02;2.254366e-02;4.201116e-02;4.300341e-02;4.443588e-02;5.380524e-02;7.069875e-02;5.889935e-02;9.288783e-02
6.503354e-02;1.556424e-01;3.448032e-01;2.941912e-02;2.202381e-02;4.134964e-02;4.535254e-02;4.048402e-02;6.628974e-02;7.595510e-02;6.180071e-02;5.184606e-02
1.147552e-01;1.486221e-01;2.801425e-01;4.349770e-02;3.087028e-02;4.423145e-02;7.704097e-02;4.203616e-02;5.297731e-02;7.940161e-02;5.785057e-02;2.857418e-02
1.061308e-01;1.092126e-01;1.970897e-01;5.261847e-02;3.864711e-02;5.686302e-02;1.232559e-01;5.104486e-02;6.482553e-02;6.807651e-02;6.247130e-02;6.976423e-02
4.127326e-02;7.311997e-02;1.585950e-01;3.814420e-02;4.124634e-02;7.644338e-02;1.095131e-01;6.378651e-02;1.160047e-01;7.437168e-02;7.702676e-02;1.304751e-01
5.336445e-02;6.723783e-02;2.033263e-01;3.977455e-02;3.841086e-02;8.182163e-02;8.180547e-02;8.771227e-02;6.624477e-02;8.144685e-02;5.754712e-02;1.413079e-01
6.745709e-02;6.117363e-02;1.963717e-01;4.342738e-02;4.428842e-02;9.163375e-02;5.442095e-02;6.414481e-02;9.709076e-02;1.141626e-01;6.533530e-02;1.004935e-01
6.894037e-02;6.832027e-02;1.767358e-01;4.595554e-02;4.344795e-02;9.481373e-02;5.525245e-02;7.382490e-02;9.636371e-02;1.484910e-01;6.538730e-02;6.246703e-02
5.856634e-02;8.610772e-02;1.940827e-01;5.776036e-02;3.732524e-02;8.273564e-02;7.597511e-02;7.284061e-02;6.207882e-02;1.749837e-01;6.533625e-02;3.220752e-02
5.318667e-02;7.839625e-02;1.616703e-01;5.608087e-02;3.294607e-02;5.610090e-02;9.688215e-02;7.984907e-02;1.055557e-01;1.799321e-01;5.763288e-02;4.176696e-02
4.379568e-02;5.765396e-02;1.438720e-01;8.856905e-02;4.855410e-02;5.192504e-02;1.116619e-01;8.675355e-02;1.445864e-01;1.207109e-01;6.036994e-02;4.154747e-02
7.242940e-02;3.441238e-02;1.335268e-01;9.703555e-02;5.037192e-02;6.618678e-02;1.461916e-01;1.125505e-01;1.090221e-01;9.087167e-02;5.988824e-02;2.751307e-02
8.291292e-02;3.558332e-02;1.057348e-01;8.854240e-02;5.244630e-02;8.254848e-02;1.424432e-01;8.553253e-02;1.169569e-01;1.024135e-01;8.435077e-02;2.053489e-02
7.947072e-02;4.949971e-02;1.098390e-01;1.090826e-01;7.853185e-02;5.412640e-02;1.128254e-01;7.403894e-02;1.070251e-01;8.252189e-02;1.016818e-01;4.135651e-02
1.542891e-01;8.122034e-02;1.037671e-01;8.043905e-02;7.896366e-02;4.226581e-02;1.081275e-01;5.340728e-02;7.918046e-02;8.907127e-02;5.896792e-02;7.030050e-02
1.781691e-01;9.859281e-02;1.785326e-01;4.845867e-02;6.995000e-02;5.229228e-02;9.694170e-02;3.841549e-02;5.743857e-02;8.650504e-02;3.038727e-02;6.431640e-02
1.412726e-01;7.677755e-02;3.036137e-01;5.978213e-02;5.331484e-02;3.634233e-02;1.004627e-01;2.830449e-02;3.609614e-02;9.384108e-02;2.942950e-02;4.076292e-02
9.063537e-02;4.666628e-02;4.223188e-01;6.873296e-02;4.418842e-02;1.464669e-02;1.035510e-01;1.678782e-02;3.586664e-02;9.408992e-02;2.123943e-02;4.127660e-02
5.816266e-02;4.258284e-02;4.291111e-01;6.413937e-02;6.825190e-02;3.079591e-02;1.039208e-01;1.788408e-02;3.441917e-02;8.497383e-02;1.492330e-02;5.083501e-02
2.482913e-02;4.931774e-02;3.724819e-01;4.598154e-02;1.179675e-01;5.269376e-02;1.086855e-01;2.125063e-02;5.482225e-02;8.444029e-02;1.083304e-02;5.669665e-02
2.526494e-02;6.406362e-02;3.178837e-01;2.327856e-02;1.350481e-01;6.596868e-02;1.175299e-01;2.483099e-02;6.272113e-02;9.413745e-02;1.457746e-02;5.469541e-02
2.451454e-02;7.222474e-02;3.365811e-01;1.649389e-02;9.954692e-02;6.390879e-02;1.019859e-01;2.956894e-02;7.532146e-02;1.120855e-01;1.946273e-02;4.830550e-02
3.157039e-02;8.262200e-02;3.729595e-01;2.688600e-02;4.765854e-02;4.851629e-02;7.219146e-02;3.538756e-02;8.666189e-02;1.298056e-01;2.743619e-02;3.830456e-02
3.272295e-02;1.029021e-01;3.646696e-01;3.344090e-02;3.405687e-02;4.046378e-02;5.748432e-02;4.839580e-02;8.629625e-02;1.219692e-01;4.189643e-02;3.570181e-02
2.049301e-02;1.023611e-01;3.928829e-01;3.482544e-02;5.047390e-02;3.617806e-02;5.393240e-02;3.706818e-02;8.780841e-02;9.637693e-02;4.682823e-02;4.077146e-02
2.677835e-02;8.059160e-02;4.684515e-01;3.872078e-02;5.405496e-02;3.871719e-02;4.348337e-02;2.506743e-02;6.433120e-02;9.019567e-02;3.308431e-02;3.652364e-02
2.550926e-02;7.363697e-02;5.136362e-01;3.989488e-02;4.288273e-02;3.696387e-02;4.513141e-02;2.983315e-02;5.250111e-02;7.229222e-02;3.599427e-02;3.172397e-02
4.037919e-02;8.254389e-02;5.065784e-01;4.238646e-02;4.555236e-02;3.895782e-02;5.118392e-02;1.989938e-02;4.818313e-02;5.766459e-02;3.294040e-02;3.373039e-02
3.778771e-02;9.050934e-02;5.258403e-01;3.967519e-02;4.494610e-02;3.516512e-02;5.031464e-02;1.880750e-02;4.661497e-02;5.802103e-02;2.352403e-02;2.879408e-02
1.626255e-02;8.040063e-02;5.545604e-01;3.929861e-02;4.481141e-02;3.296620e-02;7.365272e-02;2.053489e-02;4.304216e-02;6.242989e-02;1.285203e-02;1.918846e-02
8.870123e-03;6.868271e-02;5.568241e-01;4.395253e-02;4.781459e-02;3.732904e-02;8.476683e-02;2.415278e-02;3.139322e-02;6.890559e-02;1.130407e-02;1.600442e-02
9.616779e-03;6.976096e-02;5.315976e-01;4.333547e-02;3.961205e-02;3.700024e-02;8.415288e-02;5.099638e-02;3.817200e-02;6.627596e-02;1.453501e-02;1.494468e-02
2.417440e-02;8.642083e-02;4.919064e-01;3.560475e-02;2.103601e-02;4.561775e-02;8.477736e-02;5.321751e-02;5.703858e-02;6.590118e-02;1.980055e-02;1.450466e-02
2.591916e-02;8.722983e-02;4.532067e-01;3.308022e-02;2.670906e-02;6.028457e-02;9.576594e-02;3.341478e-02;6.289761e-02;7.206538e-02;2.461905e-02;2.480762e-02
2.984631e-02;9.321029e-02;4.682999e-01;3.595493e-02;3.138920e-02;5.740662e-02;6.793836e-02;3.893805e-02;4.323976e-02;6.996948e-02;2.142284e-02;4.238425e-02
3.243895e-02;1.004102e-01;4.267637e-01;3.696079e-02;3.441942e-02;6.806624e-02;6.085135e-02;4.462940e-02;3.658519e-02;7.434379e-02;4.082528e-02;4.370577e-02
6.510388e-02;1.278789e-01;2.373667e-01;3.682043e-02;5.488438e-02;7.986347e-02;5.999249e-02;1.043327e-01;6.883428e-02;8.265007e-02;5.201800e-02;3.025486e-02
6.808440e-02;1.155363e-01;8.791830e-02;2.973335e-02;7.349592e-02;8.868777e-02;1.090648e-01;1.731090e-01;9.267696e-02;1.118743e-01;3.655062e-02;1.326829e-02
5.540825e-02;6.428969e-02;1.615779e-01;2.858863e-02;6.374560e-02;7.641761e-02;1.746801e-01;1.896320e-01;8.535730e-02;6.865812e-02;1.945457e-02;1.219026e-02
6.176998e-02;5.470272e-02;1.976908e-01;3.076205e-02;4.923005e-02;6.560541e-02;1.910069e-01;1.925042e-01;7.352474e-02;5.125074e-02;2.015467e-02;1.179776e-02
7.114945e-02;5.735742e-02;2.121594e-01;3.148897e-02;3.681305e-02;4.493272e-02;1.383251e-01;1.507901e-01;7.925487e-02;1.345758e-01;2.389306e-02;1.926016e-02
8.923273e-02;4.957486e-02;1.560231e-01;4.315892e-02;4.074714e-02;4.600037e-02;1.003349e-01;1.478009e-01;7.516524e-02;1.874982e-01;4.008197e-02;2.438172e-02
1.021535e-01;3.888348e-02;1.052900e-01;4.592659e-02;3.543437e-02;5.878792e-02;1.493775e-01;1.867534e-01;4.985175e-02;1.501022e-01;4.201134e-02;3.542789e-02
8.773765e-02;2.260878e-02;7.544840e-02;4.858211e-02;4.969733e-02;6.005137e-02;1.293428e-01;1.783154e-01;7.959370e-02;1.410863e-01;6.281628e-02;6.471988e-02
7.965246e-02;2.055783e-02;8.565909e-02;6.023156e-02;5.938571e-02;4.478688e-02;1.043342e-01;1.268110e-01;8.367999e-02;1.295264e-01;9.821703e-02;1.071579e-01
7.431323e-02;2.691577e-02;8.105466e-02;6.829532e-02;5.752766e-02;3.536498e-02;1.059958e-01;1.969226e-01;8.608312e-02;9.229671e-02;8.639918e-02;8.883096e-02
5.396531e-02;3.807098e-02;8.557820e-02;6.866115e-02;5.519529e-02;2.372342e-02;8.220269e-02;2.621281e-01;1.232457e-01;1.219522e-01;4.575252e-02;3.952450e-02
4.976793e-02;4.003109e-02;1.077349e-01;5.341374e-02;6.103402e-02;4.633293e-02;7.853039e-02;2.088115e-01;6.974238e-02;1.338439e-01;7.477362e-02;7.598358e-02
5.252258e-02;3.297255e-02;1.093919e-01;5.289197e-02;5.810772e-02;5.525401e-02;8.948468e-02;1.869257e-01;7.620535e-02;1.047682e-01;9.205149e-02;8.942381e-02
4.703655e-02;2.158192e-02;7.710735e-02;6.790571e-02;6.159338e-02;5.147023e-02;9.869074e-02;2.246210e-01;7.730184e-02;9.204128e-02;1.223382e-01;5.831180e-02
3.710971e-02;2.878740e-02;7.262009e-02;8.777502e-02;8.111175e-02;8.891816e-02;1.037078e-01;1.518061e-01;7.165249e-02;9.706333e-02;1.288415e-01;5.060665e-02
2.981618e-02;2.977352e-02;8.609469e-02;9.154837e-02;8.559892e-02;9.535462e-02;1.265086e-01;1.413456e-01;7.034609e-02;7.425217e-02;1.292686e-01;4.009258e-02
4.897578e-02;2.695054e-02;9.241514e-02;7.514780e-02;1.055253e-01;7.749830e-02;1.093464e-01;1.626413e-01;6.277791e-02;6.865389e-02;1.350194e-01;3.504817e-02
8.188517e-02;4.798210e-02;1.188999e-01;8.235370e-02;8.999524e-02;5.374285e-02;9.183902e-02;1.423907e-01;8.067644e-02;7.469103e-02;9.298313e-02;4.256067e-02
1.020189e-01;3.396698e-02;1.147825e-01;6.857869e-02;4.930132e-02;5.600240e-02;1.046631e-01;2.390289e-01;6.720886e-02;7.682688e-02;3.096851e-02;5.665293e-02
8.330509e-02;2.478504e-02;9.212110e-02;4.864059e-02;4.001740e-02;5.796586e-02;1.039069e-01;3.158322e-01;8.408922e-02;5.735104e-02;3.268235e-02;5.930314e-02
7.409091e-02;2.870200e-02;6.172367e-02;5.677706e-02;6.199932e-02;5.561039e-02;1.271462e-01;2.712457e-01;9.605645e-02;4.199354e-02;5.167786e-02;7.297691e-02
7.883333e-02;3.958927e-02;5.653201e-02;5.337093e-02;6.562895e-02;4.447462e-02;1.797373e-01;2.096435e-01;8.636274e-02;6.474376e-02;6.036970e-02;6.071386e-02
1.009112e-01;6.112542e-02;6.770380e-02;3.923381e-02;5.837807e-02;3.513042e-02;1.969198e-01;1.497619e-01;8.915326e-02;7.094027e-02;6.741360e-02;6.332843e-02
1.325939e-01;6.462535e-02;1.337932e-01;4.667390e-02;7.371040e-02;7.348488e-02;1.950546e-01;5.686379e-02;5.198004e-02;5.702190e-02;6.454489e-02;4.965315e-02
9.140164e-02;4.172266e-02;1.922631e-01;5.750684e-02;7.238786e-02;8.770588e-02;1.644379e-01;5.599102e-02;2.522925e-02;5.804677e-02;7.596193e-02;7.734524e-02
7.106193e-02;1.759794e-02;2.563050e-01;6.371289e-02;5.653635e-02;7.631301e-02;1.195071e-01;5.819847e-02;3.532309e-02;6.202367e-02;8.743834e-02;9.598225e-02
5.241474e-02;1.375917e-02;3.246438e-01;7.588629e-02;3.774771e-02;4.160964e-02;9.198871e-02;6.264133e-02;5.158797e-02;7.241827e-02;8.880744e-02;8.649492e-02
4.765590e-02;1.572761e-02;3.154199e-01;1.089252e-01;5.031004e-02;3.716433e-02;7.526328e-02;6.180341e-02;4.882935e-02;7.831527e-02;1.051263e-01;5.545941e-02
3.242128e-02;2.177093e-02;2.627979e-01;1.452315e-01;7.642619e-02;5.551909e-02;6.508722e-02;7.123270e-02;3.724404e-02;6.830788e-02;1.325740e-01;3.138723e-02
1.902056e-02;3.380259e-02;2.177249e-01;1.655156e-01;8.888428e-02;7.141103e-02;5.629195e-02;8.417740e-02;2.689747e-02;5.327323e-02;1.523807e-01;3.062032e-02
1.935893e-02;4.958910e-02;2.038777e-01;1.647540e-01;9.556295e-02;7.448305e-02;3.749571e-02;8.216897e-02;1.906591e-02;4.807555e-02;1.631799e-01;4.238819e-02
1.676079e-02;6.357685e-02;2.278637e-01;1.604683e-01;9.101365e-02;6.202048e-02;4.651305e-02;5.774456e-02;1.934018e-02;4.899315e-02;1.584080e-01;4.729733e-02
2.441224e-02;6.728926e-02;2.628361e-01;1.865919e-01;8.858787e-02;3.538277e-02;3.537099e-02;4.528438e-02;1.573545e-02;3.764653e-02;1.578123e-01;4.305022e-02
2.519565e-02;6.958552e-02;2.652744e-01;2.016067e-01;9.077457e-02;3.590929e-02;3.501647e-02;3.393614e-02;1.871265e-02;2.912772e-02;1.612382e-01;3.362265e-02
2.474288e-02;6.311138e-02;2.456037e-01;2.009444e-01;1.072058e-01;5.052780e-02;1.994576e-02;3.854740e-02;1.367047e-02;2.409236e-02;1.768242e-01;3.478369e-02
1.850639e-02;5.298643e-02;2.427231e-01;1.950563e-01;1.040700e-01;5.430439e-02;2.427276e-02;5.720511e-02;6.971471e-03;2.712882e-02;1.862558e-01;3.051938e-02
1.166227e-02;4.037520e-02;2.451832e-01;1.789914e-01;9.746756e-02;4.400073e-02;1.785752e-02;6.606849e-02;2.685462e-02;4.343243e-02;1.784623e-01;4.964425e-02
2.987069e-02;2.635878e-02;2.338645e-01;1.569420e-01;1.033262e-01;3.596441e-02;2.011267e-02;6.766183e-02;4.920648e-02;5.899134e-02;1.565193e-01;6.118177e-02
3.381282e-02;2.146525e-02;2.315217e-01;1.297168e-01;1.051729e-01;3.489247e-02;3.076452e-02;8.056270e-02;6.429330e-02;7.614218e-02;1.368155e-01;5.483992e-02
3.081189e-02;2.382129e-02;2.311964e-01;1.210540e-01;1.056433e-01;3.809422e-02;2.768081e-02;7.037514e-02;9.731645e-02;7.611999e-02;1.152805e-01;6.260597e-02
3.044184e-02;3.358068e-02;2.483489e-01;9.976385e-02;1.040947e-01;3.866034e-02;3.386977e-02;6.636803e-02;1.023830e-01;8.243522e-02;9.694722e-02;6.310651e-02
3.505066e-02;4.368198e-02;2.575439e-01;9.428163e-02;9.592214e-02;3.726949e-02;3.983883e-02;7.951496e-02;6.726448e-02;8.224265e-02;9.619731e-02;7.119200e-02
3.138709e-02;4.181475e-02;2.637165e-01;9.355367e-02;9.318726e-02;3.110418e-02;3.162289e-02;9.716733e-02;4.889285e-02;6.796513e-02;1.235752e-01;7.601317e-02
2.661855e-02;3.191208e-02;2.609381e-01;1.048450e-01;9.706256e-02;2.713011e-02;5.047850e-02;9.542046e-02;6.493765e-02;5.782624e-02;1.303023e-01;5.252842e-02
1.624016e-02;2.393609e-02;2.361545e-01;1.162668e-01;9.969229e-02;3.061645e-02;5.328732e-02;1.015002e-01;5.903896e-02;6.192614e-02;1.468231e-01;5.451807e-02
2.274775e-02;3.304067e-02;2.095030e-01;1.164727e-01;1.074540e-01;3.391814e-02;5.064609e-02;1.162008e-01;4.362614e-02;7.321599e-02;1.399492e-01;5.322552e-02
3.018338e-02;3.378863e-02;2.058175e-01;9.894613e-02;1.133295e-01;4.880970e-02;5.114981e-02;1.152624e-01;4.383441e-02;8.206230e-02;1.194857e-01;5.733049e-02
3.178428e-02;3.901837e-02;2.121577e-01;8.544857e-02;1.122411e-01;6.037257e-02;4.702108e-02;9.646074e-02;4.500017e-02;1.012600e-01;1.057759e-01;6.345949e-02
3.898298e-02;4.211243e-02;2.036316e-01;9.349729e-02;1.146833e-01;4.777095e-02;3.606084e-02;1.265763e-01;2.668929e-02;8.777576e-02;1.071188e-01;7.510051e-02
3.999851e-02;4.386936e-02;1.703317e-01;9.425091e-02;1.153528e-01;4.910017e-02;4.640910e-02;1.505991e-01;5.380394e-02;5.577178e-02;9.611522e-02;8.439752e-02
4.383923e-02;5.595160e-02;1.389530e-01;9.855136e-02;1.149438e-01;6.274483e-02;3.215532e-02;1.725350e-01;6.251235e-02;5.115502e-02;8.764172e-02;7.901679e-02
5.541297e-02;7.150050e-02;1.496122e-01;9.377141e-02;1.044629e-01;8.454064e-02;5.202524e-02;1.542023e-01;5.274512e-02;4.865020e-02;6.756076e-02;6.551572e-02
2.644499e-02;7.504283e-02;1.797495e-01;1.427974e-01;9.390835e-02;7.867187e-02;3.744754e-02;1.326265e-01;4.319730e-02;3.265415e-02;1.066797e-01;5.077980e-02
3.174639e-02;6.144071e-02;1.960234e-01;1.709943e-01;7.935636e-02;4.792448e-02;4.181964e-02;1.181144e-01;4.020534e-02;3.035650e-02;1.418533e-01;4.016524e-02
5.972083e-02;4.080779e-02;2.570940e-01;1.472369e-01;6.695301e-02;3.304439e-02;4.854935e-02;9.051035e-02;1.997402e-02;5.377659e-02;1.498920e-01;3.244077e-02
1.095274e-01;1.721994e-02;3.179768e-01;9.837572e-02;4.716180e-02;2.449825e-02;7.505900e-02;5.829684e-02;2.172686e-02;8.269443e-02;1.224889e-01;2.497403e-02
1.237641e-01;3.271459e-02;3.670240e-01;5.727413e-02;3.434812e-02;1.875848e-02;9.361715e-02;3.859207e-02;3.025567e-02;9.402163e-02;7.719568e-02;3.243431e-02
1.079415e-01;7.716992e-02;3.640725e-01;4.019381e-02;2.581397e-02;2.681728e-02;7.796062e-02;2.282506e-02;5.277727e-02;7.246950e-02;5.007995e-02;8.187864e-02
8.935940e-02;1.784099e-01;2.775205e-01;3.290284e-02;1.904730e-02;3.711287e-02;4.616432e-02;1.856230e-02;8.170296e-02;4.364811e-02;5.574144e-02;1.198281e-01
1.275519e-01;2.332084e-01;1.900129e-01;2.929143e-02;3.604406e-02;3.260008e-02;3.510761e-02;3.058250e-02;7.297546e-02;3.007875e-02;9.758270e-02;8.496414e-02
1.954097e-01;1.834515e-01;1.695915e-01;2.978603e-02;6.857305e-02;3.044495e-02;3.835598e-02;4.654369e-02;4.759606e-02;4.100366e-02;1.087380e-01;4.050585e-02
2.234862e-01;8.751266e-02;1.528931e-01;6.676191e-02;1.046720e-01;2.620810e-02;5.751124e-02;5.933240e-02;2.870253e-02;7.912176e-02;8.493832e-02;2.885986e-02
1.762068e-01;3.529045e-02;1.189971e-01;1.291215e-01;1.213033e-01;2.083418e-02;9.872483e-02;6.434810e-02;2.023996e-02;1.262658e-01;4.048404e-02;4.818396e-02
9.691305e-02;7.056468e-02;1.080303e-01;1.647228e-01;9.046844e-02;1.895554e-02;1.266305e-01;6.139602e-02;2.668177e-02;1.306739e-01;2.325580e-02;8.170714e-02
4.352030e-02;1.006790e-01;8.432960e-02;1.811807e-01;5.820042e-02;1.523521e-02;1.699036e-01;5.431724e-02;4.483691e-02;1.245162e-01;1.676194e-02;1.065189e-01
2.475378e-02;1.145983e-01;9.108800e-02;1.595763e-01;3.342093e-02;1.806385e-02;2.100062e-01;3.468803e-02;7.657095e-02;1.176646e-01;9.732894e-03;1.098363e-01
3.000205e-02;1.064737e-01;1.118828e-01;1.127876e-01;2.168466e-02;3.212544e-02;2.186921e-01;2.612967e-02;1.175941e-01;9.566582e-02;3.337794e-02;9.358409e-02
5.631772e-02;9.589986e-02;1.298531e-01;7.128912e-02;2.326805e-02;4.220249e-02;2.103571e-01;1.502762e-02;1.312134e-01;9.145801e-02;6.443714e-02;6.867649e-02
7.033943e-02;6.958939e-02;1.368304e-01;4.702584e-02;2.125163e-02;5.248326e-02;2.233467e-01;1.936344e-02;1.516251e-01;8.487106e-02;7.524717e-02;4.802660e-02
3.910631e-02;4.191925e-02;1.471364e-01;4.161322e-02;2.471332e-02;5.667239e-02;2.198631e-01;2.034906e-02;2.068802e-01;4.415831e-02;9.901555e-02;5.857284e-02
1.648499e-02;2.803486e-02;1.705156e-01;4.605498e-02;3.979605e-02;6.667996e-02;1.849780e-01;3.270180e-02;2.261775e-01;4.442051e-02;1.054881e-01;3.866770e-02
1.798755e-02;1.414038e-02;1.934169e-01;4.297699e-02;4.643820e-02;8.529280e-02;1.868575e-01;4.972804e-02;1.857189e-01;5.843617e-02;9.670354e-02;2.230294e-02
2.244474e-02;1.166546e-02;2.463221e-01;5.769969e-02;6.082330e-02;9.787022e-02;2.027763e-01;4.451558e-02;1.147857e-01;4.135424e-02;6.544562e-02;3.429711e-02
4.045068e-02;2.827678e-02;2.870597e-01;1.111698e-01;5.726163e-02;7.359971e-02;2.130112e-01;3.100834e-02;5.569185e-02;2.804831e-02;3.799282e-02;3.642916e-02
2.435687e-02;4.200054e-02;3.114998e-01;1.246524e-01;4.172325e-02;4.783827e-02;2.387157e-01;2.344470e-02;3.478843e-02;3.063397e-02;3.344071e-02;4.690531e-02
5.196120e-02;4.213290e-02;2.756245e-01;9.951163e-02;3.143441e-02;4.050536e-02;2.565867e-01;2.756584e-02;5.384702e-02;3.411860e-02;3.624772e-02;5.046420e-02
4.681841e-02;4.813937e-02;2.528699e-01;8.675863e-02;4.164856e-02;3.721960e-02;2.629653e-01;3.908831e-02;6.894877e-02;3.529567e-02;3.279950e-02;4.744795e-02
1.379568e-02;4.977863e-02;2.266423e-01;8.124125e-02;5.354302e-02;4.804773e-02;2.519057e-01;5.407057e-02;8.049988e-02;6.010421e-02;3.525038e-02;4.512071e-02
4.377059e-02;3.768516e-02;2.073268e-01;6.419960e-02;4.674506e-02;6.698426e-02;2.253304e-01;7.157854e-02;7.308140e-02;7.810330e-02;4.071223e-02;4.448269e-02
