5.034511e-02;7.559409e-02;1.619799e-01;7.882687e-02;7.488250e-02;9.685800e-02;1.309458e-01;7.526245e-02;5.616601e-02;8.301559e-02;3.418661e-02;8.193703e-02
7.250268e-02;7.145622e-02;1.177271e-01;8.247288e-02;6.584860e-02;9.155668e-02;1.611876e-01;6.830188e-02;6.616645e-02;7.383539e-02;3.106942e-02;9.787516e-02
8.891102e-02;7.534762e-02;1.153198e-01;5.658664e-02;5.166047e-02;1.103964e-01;1.356212e-01;8.772323e-02;9.263034e-02;5.081393e-02;4.127172e-02;9.371761e-02
6.709371e-02;8.230042e-02;1.371505e-01;6.571393e-02;7.191508e-02;1.109295e-01;1.259249e-01;9.560445e-02;1.034684e-01;5.326072e-02;3.838873e-02;4.824973e-02
7.088162e-02;8.396058e-02;1.468732e-01;7.949361e-02;4.970211e-02;7.613476e-02;1.889464e-01;8.895367e-02;7.152727e-02;5.069670e-02;3.820370e-02;5.462646e-02
1.102974e-01;8.383647e-02;1.245395e-01;5.570813e-02;3.814437e-02;6.962515e-02;1.480036e-01;9.459707e-02;9.160432e-02;5.200882e-02;7.951128e-02;5.212394e-02
1.317884e-01;1.042037e-01;1.053155e-01;4.021287e-02;5.124278e-02;7.728001e-02;1.126824e-01;9.563807e-02;8.876854e-02;5.787619e-02;8.144310e-02;5.354838e-02
1.333809e-01;1.116391e-01;9.323201e-02;4.355870e-02;6.314158e-02;7.891267e-02;1.520171e-01;8.980258e-02;5.581155e-02;7.946526e-02;5.814862e-02;4.088994e-02
1.227941e-01;9.647382e-02;1.370036e-01;4.425233e-02;6.912962e-02;6.537241e-02;1.691919e-01;6.698588e-02;5.893135e-02;8.986893e-02;4.084077e-02;3.915533e-02
9.953092e-02;9.776013e-02;1.780617e-01;6.003864e-02;7.916445e-02;4.817149e-02;1.235186e-01;5.903707e-02;7.957955e-02;9.227400e-02;3.021558e-02;5.264788e-02
7.044588e-02;7.953760e-02;1.518137e-01;7.498974e-02;7.726094e-02;5.102642e-02;8.994035e-02;5.932246e-02;1.027002e-01;1.173237e-01;4.907603e-02;7.656302e-02
7.736202e-02;9.410930e-02;2.877659e-01;7.703162e-02;9.102291e-02;5.596901e-02;1.368828e-01;2.746209e-02;4.294194e-02;4.413930e-02;1.828688e-02;4.702630e-02
1.096505e-01;9.596974e-02;2.383664e-01;6.841938e-02;9.137618e-02;6.478841e-02;1.811769e-01;3.118637e-02;3.593803e-02;3.149765e-02;1.643899e-02;3.519140e-02
1.531203e-01;8.991698e-02;1.507973e-01;6.051424e-02;7.853931e-02;6.036964e-02;2.235525e-01;5.591384e-02;4.457124e-02;3.045519e-02;1.573781e-02;3.651159e-02
1.794619e-01;7.689019e-02;9.425346e-02;5.907849e-02;5.485085e-02;4.794191e-02;2.520477e-01;8.841152e-02;4.394285e-02;3.144098e-02;1.798353e-02;5.369660e-02
1.505688e-01;5.136779e-02;7.848018e-02;6.332375e-02;3.151965e-02;4.233986e-02;2.957464e-01;9.373466e-02;4.975040e-02;3.487176e-02;2.988441e-02;7.841243e-02
1.088224e-01;3.773210e-02;4.687219e-02;6.125608e-02;4.190767e-02;3.992410e-02;3.329020e-01;8.089034e-02;6.675229e-02;4.098093e-02;5.168566e-02;9.027423e-02
9.912944e-02;4.795691e-02;9.674759e-02;2.045493e-02;5.425347e-02;6.879914e-02;2.732936e-01;1.043552e-01;8.502485e-02;3.641334e-02;6.182832e-02;5.174322e-02
1.279413e-01;5.227924e-02;1.110944e-01;2.822001e-02;5.896633e-02;8.360378e-02;1.871043e-01;9.363611e-02;9.191505e-02;6.069152e-02;6.534517e-02;3.920280e-02
1.132984e-01;4.377542e-02;1.091668e-01;3.866518e-02;5.790907e-02;5.847870e-02;2.651698e-01;5.839918e-02;8.404875e-02;6.751934e-02;6.376638e-02;3.980307e-02
1.455091e-01;3.860104e-02;9.285115e-02;7.632194e-02;4.917246e-02;2.545098e-02;2.419358e-01;8.100834e-02;7.175880e-02;6.487334e-02;5.074178e-02;6.177536e-02
2.239610e-01;7.363184e-02;8.015460e-02;5.374570e-02;3.539246e-02;1.901592e-02;1.348907e-01;1.781467e-01;7.238823e-02;4.524058e-02;3.195138e-02;5.148086e-02
2.595398e-01;9.928688e-02;8.364571e-02;2.206596e-02;5.128369e-02;8.714891e-03;6.419258e-02;2.273154e-01;9.976807e-02;1.642837e-02;3.540771e-02;3.235086e-02
2.669336e-01;1.147847e-01;7.660680e-02;1.142818e-02;6.117100e-02;1.009576e-02;3.913303e-02;2.220582e-01;1.350656e-01;9.497120e-03;3.701623e-02;1.620967e-02
2.569062e-01;1.187237e-01;6.493407e-02;9.832965e-03;6.056364e-02;1.109354e-02;4.275731e-02;1.982112e-01;1.795708e-01;1.497191e-02;2.555161e-02;1.688302e-02
2.649201e-01;1.049044e-01;6.040509e-02;8.802299e-03;6.283256e-02;7.984430e-03;4.926098e-02;2.225612e-01;1.801657e-01;1.311359e-02;9.037133e-03;1.601245e-02
2.667204e-01;9.399462e-02;5.808701e-02;9.423023e-03;7.353164e-02;1.022369e-02;4.432718e-02;2.560054e-01;1.348663e-01;1.332834e-02;2.300012e-02;1.649225e-02
2.672310e-01;8.131611e-02;6.091066e-02;8.559540e-03;7.969837e-02;9.720172e-03;4.072050e-02;2.956800e-01;9.342473e-02;1.321468e-02;3.544172e-02;1.408244e-02
2.529659e-01;7.775965e-02;6.786670e-02;8.164873e-03;7.242814e-02;8.315367e-03;4.933752e-02;3.261147e-01;7.874718e-02;1.297886e-02;2.982708e-02;1.549405e-02
2.263844e-01;9.336761e-02;7.532067e-02;9.065537e-03;4.949199e-02;4.510280e-03;6.688793e-02;3.243087e-01;8.352254e-02;3.530710e-02;1.714171e-02;1.469150e-02
1.928359e-01;1.377395e-01;8.987033e-02;1.333054e-02;2.134351e-02;4.351533e-03;6.084911e-02;2.709701e-01;1.240178e-01;6.087127e-02;1.381447e-02;1.000589e-02
1.651252e-01;2.041849e-01;1.031652e-01;2.566278e-02;1.126384e-02;1.440462e-02;4.913048e-02;1.993483e-01;1.386171e-01;5.933094e-02;1.958461e-02;1.018196e-02
1.730413e-01;2.393015e-01;1.544671e-01;3.538141e-02;2.003958e-02;1.801361e-02;3.313731e-02;1.435432e-01;1.125588e-01;3.932858e-02;1.828789e-02;1.289988e-02
1.909075e-01;2.307385e-01;1.881909e-01;3.343048e-02;2.521168e-02;1.146318e-02;3.052817e-02;1.026616e-01;1.237196e-01;2.596204e-02;1.870149e-02;1.848477e-02
1.951291e-01;2.141781e-01;2.000416e-01;2.826209e-02;3.605962e-02;9.929379e-03;3.940942e-02;7.834573e-02;1.265316e-01;2.700733e-02;2.609526e-02;1.901073e-02
1.884032e-01;1.842552e-01;1.709045e-01;1.954638e-02;6.120420e-02;1.141443e-02;4.720947e-02;1.398374e-01;9.191466e-02;3.523479e-02;3.846631e-02;1.160954e-02
1.867663e-01;1.403448e-01;9.752574e-02;2.136452e-02;7.769302e-02;1.344260e-02;2.862703e-02;1.893766e-01;1.508112e-01;4.415684e-02;3.822133e-02;1.167005e-02
1.650597e-01;1.176553e-01;8.482372e-02;2.323672e-02;6.448914e-02;1.419162e-02;3.150834e-02;2.170792e-01;2.175684e-01;2.996375e-02;2.292469e-02;1.149944e-02
1.743073e-01;9.741557e-02;8.547195e-02;2.162039e-02;7.389968e-02;1.653848e-02;2.898293e-02;2.374690e-01;1.827380e-01;2.739413e-02;3.289587e-02;2.126661e-02
1.671601e-01;1.021796e-01;1.085088e-01;1.671679e-02;8.649661e-02;1.771696e-02;3.569695e-02;2.500935e-01;8.758890e-02;3.722229e-02;5.742314e-02;3.319627e-02
1.348514e-01;9.955047e-02;1.427316e-01;2.431463e-02;8.993775e-02;3.179753e-02;6.204461e-02;2.286212e-01;3.998137e-02;5.848163e-02;5.990361e-02;2.778423e-02
1.461336e-01;7.528316e-02;1.674701e-01;3.114343e-02;8.127522e-02;3.211085e-02;7.192840e-02;1.862742e-01;7.110000e-02;6.953253e-02;4.452055e-02;2.322789e-02
1.200247e-01;9.080509e-02;1.711211e-01;3.912068e-02;6.612136e-02;5.497865e-02;1.137962e-01;1.317910e-01;8.463977e-02;6.038806e-02;4.267708e-02;2.453626e-02
8.943735e-02;9.295139e-02;1.452413e-01;4.294163e-02;5.877541e-02;7.939094e-02;2.033515e-01;8.700767e-02;7.276312e-02;5.318080e-02;3.475633e-02;4.020263e-02
9.627207e-02;9.568631e-02;1.110147e-01;4.452310e-02;5.486902e-02;8.408970e-02;2.351911e-01;7.153743e-02;5.650344e-02;6.192096e-02;3.751286e-02;5.087929e-02
9.286457e-02;1.105255e-01;6.969246e-02;5.053968e-02;4.402828e-02;7.896464e-02;2.451243e-01;8.633260e-02;4.603258e-02;7.320334e-02;4.553182e-02;5.716023e-02
1.099899e-01;1.038520e-01;8.979265e-02;6.045480e-02;5.087141e-02;6.495988e-02;1.244696e-01;1.151166e-01;7.218765e-02;5.809882e-02;3.374580e-02;1.164609e-01
1.355510e-01;8.509754e-02;3.588812e-02;6.047439e-02;3.191421e-02;5.003609e-02;2.098233e-01;9.941070e-02;6.122303e-02;5.031537e-02;2.188449e-02;1.583818e-01
1.009365e-01;5.300908e-02;1.885290e-02;6.941987e-02;1.241390e-02;2.869585e-02;2.941429e-01;1.213347e-01;4.182917e-02;5.280452e-02;1.280592e-02;1.937547e-01
4.468921e-02;4.651770e-02;6.930442e-03;7.028946e-02;8.814207e-03;2.868008e-02;3.902184e-01;1.195162e-01;1.965824e-02;4.417130e-02;1.207535e-02;2.084394e-01
2.555843e-02;5.394356e-02;7.973092e-03;6.045295e-02;8.340001e-03;3.287916e-02;4.623055e-01;8.523871e-02;1.748064e-02;3.494293e-02;1.409958e-02;1.967855e-01
2.136825e-02;5.915635e-02;1.349196e-02;4.509657e-02;6.226201e-03;4.651345e-02;4.975617e-01;6.895022e-02;2.192784e-02;2.831879e-02;1.739457e-02;1.739941e-01
5.391283e-02;5.876711e-02;1.520313e-02;4.392156e-02;6.714555e-03;6.108524e-02;4.876606e-01;4.377815e-02;1.795723e-02;2.350181e-02;1.711396e-02;1.703839e-01
7.926776e-02;4.424917e-02;2.195421e-02;5.754221e-02;1.128316e-02;5.142756e-02;4.599375e-01;1.101244e-02;2.827159e-02;4.643358e-02;1.708959e-02;1.715312e-01
9.176113e-02;3.318504e-02;2.629054e-02;6.228509e-02;1.197027e-02;3.135597e-02;4.209054e-01;5.010984e-02;2.828379e-02;7.658550e-02;2.822846e-02;1.390390e-01
9.150874e-02;2.041948e-02;3.200433e-02;6.114932e-02;9.963089e-03;3.941707e-02;3.827037e-01;4.938281e-02;2.193803e-02;8.824763e-02;4.019497e-02;1.630708e-01
6.340779e-02;3.521847e-02;4.648130e-02;5.104066e-02;1.522378e-02;5.635923e-02;3.391105e-01;3.428190e-02;3.484733e-02;6.831853e-02;5.138104e-02;2.043295e-01
3.485892e-02;6.482026e-02;4.446127e-02;3.742020e-02;2.031927e-02;6.650129e-02;2.960433e-01;2.911534e-02;6.994417e-02;5.933359e-02;7.008545e-02;2.070969e-01
4.959409e-02;8.667236e-02;5.886299e-02;4.569938e-02;1.642278e-02;5.668417e-02;2.222779e-01;3.627020e-02;7.383555e-02;8.710663e-02;8.139940e-02;1.851745e-01
7.045659e-02;8.688152e-02;5.803765e-02;5.739292e-02;2.657213e-02;7.372542e-02;1.721683e-01;5.578774e-02;4.090630e-02;9.276562e-02;9.515708e-02;1.701487e-01
7.633029e-02;6.617682e-02;5.930665e-02;6.587033e-02;4.045829e-02;1.081234e-01;1.212856e-01;7.025072e-02;2.856447e-02;1.132584e-01;1.223126e-01;1.280624e-01
7.264794e-02;5.988546e-02;4.641114e-02;7.022228e-02;4.362993e-02;1.028906e-01;1.454477e-01;8.229118e-02;3.673566e-02;1.154333e-01;1.185470e-01;1.058578e-01
4.511176e-02;6.246632e-02;1.493542e-02;4.852247e-02;5.351781e-02;5.717378e-02;2.355605e-01;8.620413e-02;4.811128e-02;1.172255e-01;8.354021e-02;1.476307e-01
3.387415e-02;4.870263e-02;3.002969e-02;3.340967e-02;4.828424e-02;3.488955e-02;2.797017e-01;8.821367e-02;3.636976e-02;1.151497e-01;5.666010e-02;1.947152e-01
4.895553e-02;4.179123e-02;5.738584e-02;4.260321e-02;4.289860e-02;3.962129e-02;2.677636e-01;7.319496e-02;5.247920e-02;8.476485e-02;4.003454e-02;2.085073e-01
6.319807e-02;4.612034e-02;5.400379e-02;4.176462e-02;3.944740e-02;2.790974e-02;2.410071e-01;5.241475e-02;6.794178e-02;8.833059e-02;2.697552e-02;2.508863e-01
6.876615e-02;4.086356e-02;5.467660e-02;4.052762e-02;3.987801e-02;4.549062e-02;1.512783e-01;6.223859e-02;7.239043e-02;1.007404e-01;4.962233e-02;2.735274e-01
1.077965e-01;5.236612e-02;4.562654e-02;4.008971e-02;2.687523e-02;5.518348e-02;1.376226e-01;7.877218e-02;6.192774e-02;6.470065e-02;6.205804e-02;2.669812e-01
1.601835e-01;1.068806e-01;6.078356e-02;4.545662e-02;2.054589e-02;3.912107e-02;1.173547e-01;8.096540e-02;3.956698e-02;5.375858e-02;6.624720e-02;2.091359e-01
2.740205e-01;1.434792e-01;9.450423e-02;4.066772e-02;2.261859e-02;3.729693e-02;7.403436e-02;6.457512e-02;4.196497e-02;3.692535e-02;3.478950e-02;1.351236e-01
3.739825e-01;1.661038e-01;1.272640e-01;2.202136e-02;3.779311e-02;2.192760e-02;3.633641e-02;7.395175e-02;3.761026e-02;1.455302e-02;2.267521e-02;6.578095e-02
3.788778e-01;2.009395e-01;1.477548e-01;1.574109e-02;4.612681e-02;8.934313e-03;4.290608e-02;6.390107e-02;3.785476e-02;8.280188e-03;1.755391e-02;3.112968e-02
3.280588e-01;2.546935e-01;1.330102e-01;2.914180e-02;3.456260e-02;1.043007e-02;5.679072e-02;3.806031e-02;6.494918e-02;1.149921e-02;1.404214e-02;2.476146e-02
2.217443e-01;2.937909e-01;1.449904e-01;5.233684e-02;1.721005e-02;2.542941e-02;5.150139e-02;3.070802e-02;1.128879e-01;2.021825e-02;9.153930e-03;2.002853e-02
1.106586e-01;2.385649e-01;2.891630e-01;5.505688e-02;3.393621e-02;2.553208e-02;3.759138e-02;2.930558e-02;1.092903e-01;4.226001e-02;1.003984e-02;1.860134e-02
8.069803e-02;1.442519e-01;3.702043e-01;7.153832e-02;6.228100e-02;2.233486e-02;4.337658e-02;2.297743e-02;8.794042e-02;5.693383e-02;2.299440e-02;1.446898e-02
7.994096e-02;8.304140e-02;2.765163e-01;1.206879e-01;1.126545e-01;4.804803e-02;5.761418e-02;2.684424e-02;7.714322e-02;4.977622e-02;3.949822e-02;2.823476e-02
7.996459e-02;4.154190e-02;1.408180e-01;1.277887e-01;2.014062e-01;9.371862e-02;9.060126e-02;2.740529e-02;8.178740e-02;3.023064e-02;3.584479e-02;4.889261e-02
1.111419e-01;3.558439e-02;9.662788e-02;6.561428e-02;1.592117e-01;1.855728e-01;1.443367e-01;4.549720e-02;6.977513e-02;3.123951e-02;2.035313e-02;3.504550e-02
1.337094e-01;3.404547e-02;6.784207e-02;4.634628e-02;7.492748e-02;2.354112e-01;2.343344e-01;5.211814e-02;3.610911e-02;5.105800e-02;1.681585e-02;1.728266e-02
9.131654e-02;7.126879e-02;6.052024e-02;4.239086e-02;5.205635e-02;1.757326e-01;3.784258e-01;3.399966e-02;3.261599e-02;3.633790e-02;1.728808e-02;8.047185e-03
4.105335e-02;1.391801e-01;4.841398e-02;3.169537e-02;3.642983e-02;8.026372e-02;4.840899e-01;3.074938e-02;7.279316e-02;1.463902e-02;1.323575e-02;7.456385e-03
2.397615e-02;1.835380e-01;4.277765e-02;1.390739e-02;2.311361e-02;4.153791e-02;5.068333e-01;3.541238e-02;1.029900e-01;1.036949e-02;9.583572e-03;5.960482e-03
1.897005e-02;1.924725e-01;4.031383e-02;1.060376e-02;1.915157e-02;5.817654e-02;5.122800e-01;2.918855e-02;9.183985e-02;1.154676e-02;7.971184e-03;7.485413e-03
3.341136e-02;1.699021e-01;2.159403e-02;1.824090e-02;3.442796e-02;9.140103e-02;5.043406e-01;3.223775e-02;6.315741e-02;1.360271e-02;7.612986e-03;1.007123e-02
5.981983e-02;1.171606e-01;4.880958e-02;2.975397e-02;6.784986e-02;1.103166e-01;4.525484e-01;3.196410e-02;4.984348e-02;1.339349e-02;8.294711e-03;1.024538e-02
8.268808e-02;7.612742e-02;6.752482e-02;3.993224e-02;8.743718e-02;1.027887e-01;4.209279e-01;3.116636e-02;5.695211e-02;9.572304e-03;1.137560e-02;1.350727e-02
8.920411e-02;6.683844e-02;9.166789e-02;4.053664e-02;5.378853e-02;8.093139e-02;4.346628e-01;2.209794e-02;6.853988e-02;2.220610e-02;1.637079e-02;1.315556e-02
8.059361e-02;7.401694e-02;6.109428e-02;5.443379e-02;3.799442e-02;4.719577e-02;4.515173e-01;3.874597e-02;7.875830e-02;3.127003e-02;2.365787e-02;2.072169e-02
3.798465e-02;8.760902e-02;3.577986e-02;6.954066e-02;7.111374e-02;8.895742e-02;4.284034e-01;3.011083e-02;7.175823e-02;3.055396e-02;2.700254e-02;2.118570e-02
4.476984e-02;1.100430e-01;9.822468e-02;6.318625e-02;1.121407e-01;9.171355e-02;3.394163e-01;2.540690e-02;3.755230e-02;2.869177e-02;2.864175e-02;2.021301e-02
7.834546e-02;1.492645e-01;1.014779e-01;6.191240e-02;1.101438e-01;6.405141e-02;2.378701e-01;4.645952e-02;4.514322e-02;4.406399e-02;3.665722e-02;2.461050e-02
1.140203e-01;1.300547e-01;7.938417e-02;7.087426e-02;6.727523e-02;6.052351e-02;2.026920e-01;4.791291e-02;9.551109e-02;4.848121e-02;4.018427e-02;4.308635e-02
1.168368e-01;4.954219e-02;1.282849e-01;8.564251e-02;4.376408e-02;8.872444e-02;2.168011e-01;2.942552e-02;1.027801e-01;4.613996e-02;3.749266e-02;5.456570e-02
1.046607e-01;2.853893e-02;1.385368e-01;7.509691e-02;5.221168e-02;1.094911e-01;2.175930e-01;2.921745e-02;9.409140e-02;4.251088e-02;4.913948e-02;5.891162e-02
8.376195e-02;6.333923e-02;1.603242e-01;6.484559e-02;7.893854e-02;7.045799e-02;1.347981e-01;5.897415e-02;1.039499e-01;5.661417e-02;5.683513e-02;6.716095e-02
1.056601e-01;6.784820e-02;1.498044e-01;5.627050e-02;5.392144e-02;5.544988e-02;1.209129e-01;9.384310e-02;1.177986e-01;6.308714e-02;5.501689e-02;6.038688e-02
1.313574e-01;7.574347e-02;1.422895e-01;5.199821e-02;4.220359e-02;3.928604e-02;8.402016e-02;1.350564e-01;1.235405e-01;7.540490e-02;5.929213e-02;3.980764e-02
1.627605e-01;5.819002e-02;1.172426e-01;3.212744e-02;5.857999e-02;2.200094e-02;1.155815e-01;1.801507e-01;9.699818e-02;6.616233e-02;6.007867e-02;3.012723e-02
1.942344e-01;4.340519e-02;9.350687e-02;2.325116e-02;6.641338e-02;3.027835e-02;1.654140e-01;1.914776e-01;5.891222e-02;4.310043e-02;5.576821e-02;3.423823e-02
2.486331e-01;4.229571e-02;5.552325e-02;1.832048e-02;6.528842e-02;3.127791e-02;1.678612e-01;1.629682e-01;6.489038e-02;3.018768e-02;6.123399e-02;5.151959e-02
3.337256e-01;5.774800e-02;7.021470e-02;2.525552e-02;5.060617e-02;2.606875e-02;9.815168e-02;7.806639e-02;6.630564e-02;4.905387e-02;8.167423e-02;6.312946e-02
2.933342e-01;7.927770e-02;8.241977e-02;3.894643e-02;3.067864e-02;2.881451e-02;7.309219e-02;1.432837e-01;5.887729e-02;3.712355e-02;6.491634e-02;6.923570e-02
2.392591e-01;6.078118e-02;5.421433e-02;7.429092e-02;2.036109e-02;2.900965e-02;7.874977e-02;2.177908e-01;6.874571e-02;2.427796e-02;3.833281e-02;9.418672e-02
1.461119e-01;4.622082e-02;2.198807e-02;1.199523e-01;2.877876e-02;1.673163e-02;1.914100e-01;2.088809e-01;4.528018e-02;2.999995e-02;2.737075e-02;1.172747e-01
5.355255e-02;3.291860e-02;2.248430e-02;1.430839e-01;3.149037e-02;2.121378e-02;3.172662e-01;1.402048e-01;3.910565e-02;3.706107e-02;2.256819e-02;1.390506e-01
2.349532e-02;2.193137e-02;3.482340e-02;1.133793e-01;2.054330e-02;3.994624e-02;3.875185e-01;1.070054e-01;3.381206e-02;3.890479e-02;3.829907e-02;1.403413e-01
3.505867e-02;1.767570e-02;5.371224e-02;6.725140e-02;2.064431e-02;6.382721e-02;3.728733e-01;9.992680e-02;3.655866e-02;4.937626e-02;5.400309e-02;1.290923e-01
2.077072e-02;2.653343e-02;8.729701e-02;4.856174e-02;3.456074e-02;1.047613e-01;2.596365e-01;9.927151e-02;7.867822e-02;4.508894e-02;8.335408e-02;1.114858e-01
5.715457e-02;2.409287e-02;1.016980e-01;6.170411e-02;5.614754e-02;1.204710e-01;1.793776e-01;8.264367e-02;1.064940e-01;4.663316e-02;8.851070e-02;7.507271e-02
1.020430e-01;2.992295e-02;1.081615e-01;2.753234e-02;7.105332e-02;1.076595e-01;1.630209e-01;7.389492e-02;1.220702e-01;5.335237e-02;7.594810e-02;6.534102e-02
1.181674e-01;3.371584e-02;8.410887e-02;6.012711e-02;6.309088e-02;8.639798e-02;1.510595e-01;9.449917e-02;9.624231e-02;4.714558e-02;7.090564e-02;9.453971e-02
1.324204e-01;3.523042e-02;4.878262e-02;6.859782e-02;4.181903e-02;6.368084e-02;1.515146e-01;1.062364e-01;8.444128e-02;4.708553e-02;9.471366e-02;1.254773e-01
1.347134e-01;3.644861e-02;5.462473e-02;5.680043e-02;3.946383e-02;3.112547e-02;1.892797e-01;1.195094e-01;9.655384e-02;4.304248e-02;8.752348e-02;1.109146e-01
1.419887e-01;2.930261e-02;5.884396e-02;9.349690e-02;2.754085e-02;3.429020e-02;1.826304e-01;1.311217e-01;8.219955e-02;4.135289e-02;7.365815e-02;1.035742e-01
1.102211e-01;3.462182e-02;9.525124e-02;1.129130e-01;2.195958e-02;4.266014e-02;1.665360e-01;1.470071e-01;8.259913e-02;4.006471e-02;4.335948e-02;1.028067e-01
4.171351e-02;3.694767e-02;8.821703e-02;8.719933e-02;4.025825e-02;3.547967e-02;1.850874e-01;1.663423e-01;6.432561e-02;5.061333e-02;6.393924e-02;1.398766e-01
5.568600e-02;3.988605e-02;4.827429e-02;1.103884e-01;5.201579e-02;2.916376e-02;1.569937e-01;1.194029e-01;7.072133e-02;6.463011e-02;6.548314e-02;1.873545e-01
7.134084e-02;7.839882e-02;9.172991e-02;1.076492e-01;3.748575e-02;5.708560e-02;1.933099e-01;3.435495e-02;7.807481e-02;6.441791e-02;3.459018e-02;1.515622e-01
6.787641e-02;8.371364e-02;1.152291e-01;9.291028e-02;6.775029e-02;3.786702e-02;2.364780e-01;6.377055e-02;7.289689e-02;5.587013e-02;1.616377e-02;8.947395e-02
6.254210e-02;5.247163e-02;1.155034e-01;1.009529e-01;5.914024e-02;3.441079e-02;2.473812e-01;6.881822e-02;1.026459e-01;5.663340e-02;4.026243e-02;5.923769e-02
6.360716e-02;6.920086e-02;1.120809e-01;7.727710e-02;9.587633e-02;6.262475e-02;1.363598e-01;5.323543e-02;1.202322e-01;4.746739e-02;3.902762e-02;1.230104e-01
5.810907e-02;1.107718e-01;1.083417e-01;5.643795e-02;1.067453e-01;6.791053e-02;1.025012e-01;4.114737e-02;1.104305e-01;3.798077e-02;3.945284e-02;1.601710e-01
8.204018e-02;9.639571e-02;1.053037e-01;5.564365e-02;7.691945e-02;7.123696e-02;1.106429e-01;4.084460e-02;1.029444e-01;4.796126e-02;4.174575e-02;1.683215e-01
8.300196e-02;4.875920e-02;8.190852e-02;1.252283e-01;4.805940e-02;5.846575e-02;1.553938e-01;6.599630e-02;8.623304e-02;4.214138e-02;5.249933e-02;1.523130e-01
9.795845e-02;4.232436e-02;1.115781e-01;1.558378e-01;6.866433e-02;5.698157e-02;1.544316e-01;4.226042e-02;5.766844e-02;2.614948e-02;5.347409e-02;1.326713e-01
1.041928e-01;4.165842e-02;1.435657e-01;1.216148e-01;4.690475e-02;6.817964e-02;1.729175e-01;5.509815e-02;6.987552e-02;3.559529e-02;3.697484e-02;1.034226e-01
9.737264e-02;3.448778e-02;1.650432e-01;1.141332e-01;4.791063e-02;6.024642e-02;1.761670e-01;6.618308e-02;8.678278e-02;2.907664e-02;3.399558e-02;8.860113e-02
7.676290e-02;6.671341e-02;2.663729e-01;1.158654e-01;8.098375e-02;5.267163e-02;9.563369e-02;4.386077e-02;7.507469e-02;5.625569e-02;3.374571e-02;3.605948e-02
4.131599e-02;6.947022e-02;3.453182e-01;8.591864e-02;6.455873e-02;4.615696e-02;9.935414e-02;5.467397e-02;6.225877e-02;8.007973e-02;2.868058e-02;2.221406e-02
3.620677e-02;8.070502e-02;4.020259e-01;5.777548e-02;4.344393e-02;3.383983e-02;7.616434e-02;4.846615e-02;7.062595e-02;1.158127e-01;1.882019e-02;1.611375e-02
2.406566e-02;8.377980e-02;4.842326e-01;3.061855e-02;2.370096e-02;1.554074e-02;5.791297e-02;2.733221e-02;6.023303e-02;1.689741e-01;1.498727e-02;8.622047e-03
3.540673e-02;5.730950e-02;5.253521e-01;3.357628e-02;2.549297e-02;9.556238e-03;6.663596e-02;1.667953e-02;2.617902e-02;1.759825e-01;2.320388e-02;4.625235e-03
6.610080e-02;3.380115e-02;5.076414e-01;5.177236e-02;3.159626e-02;9.874611e-03;8.686641e-02;1.361742e-02;2.876674e-02;1.356205e-01;2.697250e-02;7.369801e-03
8.314455e-02;6.274890e-02;4.069417e-01;1.136689e-01;4.285052e-02;2.685719e-02;7.814091e-02;1.318067e-02;2.945809e-02;8.412654e-02;5.192678e-02;6.955230e-03
5.362247e-02;1.247962e-01;2.645718e-01;1.920175e-01;9.813691e-02;4.831658e-02;4.529158e-02;2.642635e-02;2.006214e-02;4.049607e-02;7.417360e-02;1.208887e-02
2.442836e-02;1.084513e-01;1.919822e-01;1.918702e-01;1.922742e-01;5.669707e-02;7.503221e-02;2.805619e-02;2.052978e-02;2.449695e-02;5.829594e-02;2.788574e-02
2.311010e-02;4.503577e-02;2.403956e-01;1.412761e-01;2.336279e-01;8.664793e-02;1.042941e-01;2.030585e-02;2.291200e-02;1.801404e-02;3.671423e-02;2.766631e-02
4.316782e-02;1.230171e-02;2.789387e-01;9.690947e-02;1.698108e-01;1.469868e-01;1.465839e-01;1.958910e-02;1.696154e-02;2.234210e-02;2.563496e-02;2.077305e-02
8.043226e-02;1.342759e-02;1.890758e-01;8.075842e-02;8.747189e-02;1.993281e-01;2.547967e-01;1.981599e-02;1.061997e-02;3.419567e-02;2.116133e-02;8.916270e-03
6.676956e-02;1.102859e-02;1.001637e-01;1.088299e-01;8.473498e-02;1.813789e-01;3.593916e-01;1.775799e-02;1.145615e-02;3.406019e-02;1.880448e-02;5.623929e-03
3.848288e-02;1.670918e-02;8.830918e-02;1.095520e-01;9.863935e-02;1.547872e-01;4.046263e-01;1.977384e-02;9.346231e-03;3.342313e-02;1.924230e-02;7.108442e-03
5.350085e-02;3.047672e-02;8.556861e-02;8.263224e-02;1.396982e-01;1.407994e-01;3.600861e-01;3.069038e-02;1.261118e-02;3.711871e-02;1.532945e-02;1.148808e-02
4.780704e-02;4.840167e-02;2.141208e-01;1.008977e-01;1.439269e-01;9.425079e-02;2.312449e-01;3.143382e-02;1.591120e-02;4.011208e-02;1.582898e-02;1.606408e-02
3.481327e-02;4.065373e-02;2.938212e-01;1.224620e-01;9.685235e-02;6.592128e-02;2.140893e-01;2.651170e-02;1.530384e-02;4.030842e-02;2.574426e-02;2.351874e-02
5.055132e-02;4.672407e-02;2.227743e-01;1.040578e-01;6.138266e-02;6.633209e-02;3.064390e-01;2.018187e-02;3.318194e-02;4.627850e-02;2.729556e-02;1.480094e-02
6.415071e-02;6.783162e-02;1.166788e-01;7.761002e-02;1.018052e-01;8.796792e-02;3.423596e-01;2.384816e-02;3.043667e-02;4.121054e-02;2.619375e-02;1.990702e-02
5.542569e-02;5.768099e-02;1.796507e-01;5.513824e-02;1.376778e-01;1.007830e-01;2.833601e-01;2.543871e-02;2.380629e-02;2.739979e-02;2.865477e-02;2.498387e-02
4.584261e-02;4.730395e-02;2.031682e-01;9.426018e-02;1.759295e-01;1.009173e-01;1.572709e-01;3.138698e-02;2.934528e-02;4.339406e-02;2.956463e-02;4.161642e-02
9.531901e-02;3.659860e-02;8.722761e-02;1.367072e-01;2.012684e-01;1.058249e-01;1.324724e-01;2.797284e-02;4.410074e-02;5.099626e-02;2.800816e-02;5.350389e-02
9.509732e-02;3.636273e-02;1.703534e-01;1.301434e-01;1.670406e-01;1.074954e-01;1.203366e-01;2.026002e-02;4.983004e-02;4.359950e-02;2.828528e-02;3.119578e-02
7.011975e-02;4.106664e-02;1.682369e-01;1.303704e-01;1.084987e-01;9.821641e-02;1.774718e-01;2.237268e-02;5.330865e-02;4.609531e-02;4.085086e-02;4.339183e-02
5.728331e-02;3.542844e-02;1.708440e-01;1.074515e-01;8.824440e-02;8.308043e-02;2.018652e-01;2.479067e-02;6.583203e-02;4.906550e-02;4.423598e-02;7.187854e-02
7.057969e-02;3.749724e-02;2.577371e-01;8.913796e-02;8.672404e-02;8.373601e-02;1.323624e-01;2.599052e-02;5.986011e-02;5.919809e-02;3.596044e-02;6.121644e-02
6.244688e-02;5.526816e-02;2.118777e-01;1.119793e-01;8.614398e-02;9.335931e-02;1.140240e-01;3.403722e-02;5.444243e-02;9.225197e-02;3.489945e-02;4.926964e-02
3.236679e-02;7.253060e-02;1.905980e-01;1.051120e-01;8.196073e-02;8.306096e-02;1.662507e-01;5.658552e-02;6.298144e-02;8.106039e-02;3.542638e-02;3.206643e-02
8.799589e-02;6.917090e-02;1.273347e-01;8.656999e-02;6.384175e-02;7.810970e-02;2.019786e-01;8.258309e-02;7.823872e-02;7.069319e-02;2.945065e-02;2.403278e-02
8.815064e-02;6.133418e-02;1.252680e-01;7.718644e-02;5.405340e-02;7.639879e-02;2.091880e-01;7.825080e-02;8.084674e-02;7.818546e-02;4.092710e-02;3.021044e-02
9.093432e-02;6.769145e-02;1.417909e-01;6.996226e-02;6.721403e-02;7.108932e-02;1.597017e-01;6.080798e-02;7.351416e-02;1.086471e-01;5.224716e-02;3.639960e-02
7.130401e-02;6.155019e-02;1.758987e-01;8.797114e-02;7.033129e-02;5.765923e-02;1.453033e-01;8.275579e-02;5.473216e-02;1.065426e-01;4.939855e-02;3.655306e-02
5.737667e-02;7.531753e-02;1.208421e-01;8.234243e-02;1.058994e-01;7.639099e-02;1.865255e-01;7.251626e-02;5.784562e-02;8.619031e-02;5.084661e-02;2.790668e-02
6.766258e-02;8.687647e-02;1.119919e-01;9.101747e-02;1.382570e-01;8.855129e-02;1.998663e-01;3.520140e-02;5.602860e-02;6.019351e-02;3.300704e-02;3.134641e-02
6.618024e-02;7.640733e-02;2.545374e-01;1.081291e-01;1.116828e-01;5.474034e-02;1.502075e-01;1.806269e-02;6.934960e-02;3.131840e-02;2.154904e-02;3.783563e-02
1.137142e-01;6.475165e-02;3.427473e-01;8.105411e-02;6.523137e-02;4.056567e-02;8.104414e-02;3.900808e-02;6.174005e-02;3.987435e-02;3.717870e-02;3.309038e-02
1.194011e-01;1.267429e-01;4.047713e-01;6.820875e-02;4.431470e-02;3.332140e-02;6.750215e-02;2.372611e-02;3.735968e-02;3.330890e-02;2.492188e-02;1.642115e-02
1.663591e-01;1.352818e-01;3.273077e-01;5.498625e-02;5.325224e-02;3.265395e-02;8.069568e-02;3.985468e-02;3.714573e-02;2.793607e-02;2.182934e-02;2.269750e-02
2.537419e-01;1.285525e-01;2.328638e-01;3.697428e-02;5.353360e-02;2.785563e-02;9.517905e-02;5.394948e-02;3.425054e-02;2.324830e-02;2.555434e-02;3.429656e-02
3.353475e-01;8.366097e-02;1.614438e-01;2.812325e-02;4.482809e-02;3.602793e-02;1.009931e-01;6.048086e-02;3.254450e-02;2.175792e-02;2.968745e-02;6.510466e-02
3.661466e-01;2.484172e-02;7.156271e-02;7.270031e-02;2.096416e-02;5.437337e-02;1.200117e-01;4.929507e-02;4.309790e-02;3.588520e-02;3.960288e-02;1.015184e-01
2.868939e-01;4.568855e-02;8.533983e-02;9.827765e-02;2.108263e-02;4.211570e-02;1.719838e-01;4.626612e-02;2.783981e-02;3.472318e-02;4.152014e-02;9.826878e-02
2.383263e-01;4.991524e-02;9.889168e-02;1.016035e-01;1.679005e-02;4.165654e-02;2.186226e-01;5.844920e-02;1.605784e-02;3.725396e-02;5.045051e-02;7.198253e-02
1.839008e-01;6.110729e-02;1.233048e-01;7.485484e-02;2.570199e-02;5.981093e-02;2.411530e-01;5.055406e-02;2.124620e-02;4.153355e-02;7.193640e-02;4.489610e-02
2.046644e-01;4.920849e-02;1.284513e-01;7.886949e-02;3.065104e-02;4.675618e-02;2.266632e-01;3.572955e-02;3.540912e-02;2.716346e-02;7.077284e-02;6.566096e-02
2.339368e-01;2.501696e-02;6.828371e-02;1.006732e-01;3.125910e-02;3.856712e-02;2.328407e-01;7.389423e-02;2.838136e-02;2.659660e-02;5.228120e-02;8.826899e-02
2.934155e-01;5.781830e-02;6.789638e-02;6.548164e-02;4.303579e-02;2.016896e-02;1.736904e-01;1.371632e-01;1.933853e-02;2.471508e-02;2.906048e-02;6.821574e-02
3.353635e-01;8.353440e-02;1.158331e-01;3.363413e-02;4.196922e-02;9.493172e-03;1.052186e-01;1.693983e-01;1.685105e-02;1.449893e-02;2.172103e-02;5.248450e-02
3.781395e-01;8.620876e-02;1.198528e-01;2.284518e-02;3.927204e-02;1.336499e-02;5.833909e-02;1.705433e-01;1.600469e-02;1.860407e-02;2.202538e-02;5.480023e-02
3.562465e-01;8.052388e-02;1.415092e-01;2.892364e-02;3.793778e-02;1.790280e-02;7.357321e-02;1.147910e-01;1.820808e-02;2.401289e-02;2.988333e-02;7.648757e-02
2.908189e-01;7.215517e-02;1.329260e-01;4.938483e-02;4.646474e-02;2.145832e-02;1.285300e-01;5.187749e-02;3.064344e-02;4.312737e-02;4.900966e-02;8.360410e-02
2.321533e-01;5.667995e-02;1.206479e-01;5.313581e-02;4.764657e-02;3.924148e-02;1.582803e-01;7.455610e-02;2.691669e-02;7.340467e-02;6.925310e-02;4.808411e-02
1.784190e-01;4.835623e-02;1.291068e-01;4.864633e-02;3.858817e-02;4.746116e-02;1.664132e-01;1.272746e-01;2.351614e-02;7.249688e-02;7.230249e-02;4.741892e-02
1.776093e-01;5.989629e-02;1.252137e-01;4.854107e-02;4.493028e-02;3.947595e-02;1.233347e-01;1.756683e-01;2.836442e-02;4.447718e-02;6.017271e-02;7.231603e-02
1.414628e-01;7.861973e-02;6.753167e-02;4.320945e-02;6.081945e-02;3.630377e-02;1.108111e-01;1.974955e-01;4.437876e-02;6.392335e-02;7.331283e-02;8.213155e-02
9.304079e-02;9.293961e-02;1.076644e-01;3.777104e-02;7.953633e-02;4.089135e-02;1.497872e-01;1.521744e-01;3.785443e-02;6.194353e-02;8.058054e-02;6.581642e-02
2.040298e-01;6.960385e-02;7.902057e-02;5.577280e-02;7.382300e-02;6.643217e-02;1.278167e-01;1.050159e-01;4.530457e-02;5.169286e-02;5.997309e-02;6.151459e-02
2.480407e-01;4.333986e-02;1.398263e-01;3.961740e-02;4.653559e-02;6.494398e-02;1.310896e-01;6.064125e-02;4.234961e-02;5.761803e-02;4.050369e-02;8.549397e-02
2.497330e-01;5.988701e-02;1.331877e-01;3.713839e-02;5.353274e-02;5.349988e-02;9.076499e-02;6.543677e-02;5.209992e-02;5.689044e-02;4.801515e-02;9.981397e-02
2.467089e-01;3.361899e-02;9.119673e-02;3.705604e-02;6.111229e-02;3.691401e-02;9.896736e-02;1.070236e-01;6.147071e-02;6.838791e-02;5.437974e-02;1.031637e-01
2.247412e-01;6.960793e-02;8.622184e-02;3.800273e-02;5.296644e-02;4.530159e-02;9.666586e-02;1.019533e-01;6.058808e-02;8.573437e-02;5.235920e-02;8.585753e-02
2.210243e-01;9.913303e-02;1.023828e-01;5.190893e-02;4.026857e-02;5.339348e-02;1.001087e-01;8.528144e-02;6.816368e-02;7.982774e-02;4.072405e-02;5.778329e-02
2.014459e-01;9.417093e-02;1.069511e-01;7.332823e-02;5.253110e-02;4.695472e-02;1.216589e-01;8.352132e-02;8.225951e-02;5.553810e-02;2.985692e-02;5.178325e-02
1.693200e-01;1.024024e-01;1.110765e-01;8.220311e-02;6.242460e-02;4.448816e-02;1.207361e-01;9.092779e-02;6.948191e-02;5.384370e-02;2.867510e-02;6.442057e-02
1.613409e-01;8.418455e-02;1.277072e-01;7.822160e-02;6.868453e-02;5.413436e-02;8.911975e-02;7.964810e-02;7.819042e-02;7.274649e-02;4.004974e-02;6.597226e-02
1.278429e-01;9.744888e-02;1.500639e-01;7.764871e-02;5.362565e-02;6.654923e-02;9.755762e-02;6.312361e-02;1.114833e-01;7.630023e-02;3.716942e-02;4.118661e-02
1.009611e-01;1.358779e-01;1.469662e-01;8.281555e-02;4.799930e-02;4.461849e-02;1.330937e-01;7.045391e-02;9.379040e-02;7.118336e-02;3.160597e-02;4.063414e-02
9.764259e-02;1.200977e-01;1.461036e-01;7.643704e-02;5.806109e-02;5.038996e-02;1.718689e-01;6.443737e-02;9.295150e-02;5.628232e-02;2.210253e-02;4.362545e-02
9.441345e-02;3.968533e-02;2.192508e-01;8.610763e-02;1.359822e-01;1.204636e-01;1.473399e-01;3.148363e-02;5.243563e-02;3.897218e-02;1.835098e-02;1.551466e-02
5.708092e-02;5.788860e-02;2.850042e-01;9.054314e-02;1.188663e-01;9.102849e-02;1.846204e-01;2.747943e-02;2.478397e-02;3.060238e-02;1.572215e-02;1.638002e-02
5.186581e-02;6.493684e-02;3.636478e-01;9.465697e-02;8.981103e-02;6.278200e-02;1.605456e-01;2.017059e-02;3.106835e-02;3.591624e-02;1.402365e-02;1.057515e-02
4.899240e-02;6.155551e-02;4.775231e-01;9.560613e-02;4.868465e-02;3.794014e-02;1.264787e-01;1.305523e-02;2.571757e-02;4.414383e-02;1.382936e-02;6.473282e-03
4.692072e-02;3.235786e-02;5.375071e-01;8.827712e-02;4.049438e-02;3.753687e-02;8.729678e-02;2.471067e-02;2.449689e-02;4.597199e-02;2.579176e-02;8.637815e-03
4.428053e-02;1.734118e-02;5.086265e-01;1.249716e-01;6.025676e-02;2.822227e-02;6.967872e-02;3.365412e-02;2.250687e-02;3.541631e-02;4.585563e-02;9.189461e-03
3.018552e-02;2.833745e-02;4.673465e-01;1.408887e-01;5.669053e-02;2.371913e-02;9.935102e-02;2.236934e-02;2.575153e-02;3.180267e-02;6.305621e-02;1.050135e-02
2.726518e-02;2.754297e-02;4.250575e-01;1.426130e-01;6.337170e-02;2.641153e-02;1.129006e-01;2.260000e-02;3.780531e-02;2.293654e-02;7.791714e-02;1.357853e-02
2.833490e-02;1.435853e-02;3.805019e-01;1.538252e-01;9.450375e-02;4.030275e-02;9.521763e-02;2.966341e-02;3.914977e-02;2.004226e-02;9.180576e-02;1.229413e-02
3.633589e-02;2.432079e-02;4.279050e-01;1.737905e-01;9.579448e-02;3.086349e-02;4.882703e-02;1.917465e-02;2.908896e-02;2.038734e-02;8.455661e-02;8.955223e-03
3.743656e-02;2.076619e-02;4.035184e-01;1.749534e-01;1.152263e-01;3.549073e-02;5.847538e-02;8.556805e-03;2.118457e-02;3.108555e-02;7.764733e-02;1.565878e-02
4.421154e-02;1.893458e-02;3.547054e-01;1.615842e-01;1.408955e-01;4.389340e-02;6.495441e-02;1.907985e-02;2.351407e-02;3.520990e-02;7.986704e-02;1.315016e-02
4.883600e-02;3.042674e-02;3.799735e-01;1.199340e-01;1.388132e-01;4.097615e-02;3.325745e-02;2.683939e-02;3.273530e-02;3.755147e-02;9.869115e-02;1.196576e-02
