3.584967e-02;1.066396e-01;1.129188e-01;4.366371e-02;4.360169e-02;1.593882e-01;5.555691e-02;1.702604e-01;1.366974e-01;5.734107e-02;4.820364e-02;2.987892e-02
3.152816e-02;1.045587e-01;1.163902e-01;3.474139e-02;5.192682e-02;1.532678e-01;6.071791e-02;1.781836e-01;1.418558e-01;5.630003e-02;3.452333e-02;3.600629e-02
3.911261e-02;6.319068e-02;9.614412e-02;6.729313e-02;6.922287e-02;1.196092e-01;7.138705e-02;2.287197e-01;8.862616e-02;5.776390e-02;6.061850e-02;3.831205e-02
4.847774e-02;5.491885e-02;6.841434e-02;9.197343e-02;4.449621e-02;1.022829e-01;8.683687e-02;2.376953e-01;8.701709e-02;8.038751e-02;6.785121e-02;2.964853e-02
4.373684e-02;5.331581e-02;9.145916e-02;9.917904e-02;5.360048e-02;8.929109e-02;9.492519e-02;2.068855e-01;1.045375e-01;8.844902e-02;5.159038e-02;2.302994e-02
3.531852e-02;6.620677e-02;1.004095e-01;8.314655e-02;8.928818e-02;1.183163e-01;8.599360e-02;1.650196e-01;1.181496e-01;7.991712e-02;4.122586e-02;1.700843e-02
3.789905e-02;6.281942e-02;9.926857e-02;5.459578e-02;9.973506e-02;1.489568e-01;7.484861e-02;1.538294e-01;1.118290e-01;7.577900e-02;5.323071e-02;2.720857e-02
5.688829e-02;6.194748e-02;8.627058e-02;7.512540e-02;9.417707e-02;1.125189e-01;1.011716e-01;1.625323e-01;8.804730e-02;8.299428e-02;4.585142e-02;3.247541e-02
5.579091e-02;8.319765e-02;7.505579e-02;9.103418e-02;1.005725e-01;8.610244e-02;1.035600e-01;1.350861e-01;8.664120e-02;8.013631e-02;6.336886e-02;3.945418e-02
2.166037e-02;1.067917e-01;1.580224e-01;7.275657e-02;7.214673e-02;1.425160e-01;8.715485e-02;1.045427e-01;5.771057e-02;4.766382e-02;7.889096e-02;5.014339e-02
2.211544e-02;1.601281e-01;2.474000e-01;5.007627e-02;4.127136e-02;1.308829e-01;3.896168e-02;7.712419e-02;5.373968e-02;6.838178e-02;6.021903e-02;4.969943e-02
2.587757e-02;2.256868e-01;2.547913e-01;2.853270e-02;2.610796e-02;1.002757e-01;2.368133e-02;4.792209e-02;8.339017e-02;9.679203e-02;3.856041e-02;4.838191e-02
2.763177e-02;3.041417e-01;2.182609e-01;2.455609e-02;1.769170e-02;7.523115e-02;1.596009e-02;3.039681e-02;1.267998e-01;9.418639e-02;1.680171e-02;4.834193e-02
2.574402e-02;3.845937e-01;1.504161e-01;2.678353e-02;1.908682e-02;8.092329e-02;1.442491e-02;2.645748e-02;1.684591e-01;5.263128e-02;1.817923e-02;3.230057e-02
3.065218e-02;4.154801e-01;9.873266e-02;3.018439e-02;1.832148e-02;8.557418e-02;2.001843e-02;3.338227e-02;1.796855e-01;3.289832e-02;3.973947e-02;1.533099e-02
3.600530e-02;3.773067e-01;1.110548e-01;3.390680e-02;1.700867e-02;8.176465e-02;1.705433e-02;4.961067e-02;1.653927e-01;4.360145e-02;5.029794e-02;1.699597e-02
8.783535e-02;3.040761e-01;1.200457e-01;4.414211e-02;1.901511e-02;7.291025e-02;2.370244e-02;5.697357e-02;1.796372e-01;4.041826e-02;3.266687e-02;1.857709e-02
1.013516e-01;2.390058e-01;1.047187e-01;3.274958e-02;3.049359e-02;9.759987e-02;4.651050e-02;9.659555e-02;1.888052e-01;3.833889e-02;1.006707e-02;1.376366e-02
9.363372e-02;1.807913e-01;6.899510e-02;2.786788e-02;4.698133e-02;1.318431e-01;7.374697e-02;1.230940e-01;1.719196e-01;5.779115e-02;9.608734e-03;1.372705e-02
8.421414e-02;2.007476e-01;6.581161e-02;3.279502e-02;4.939196e-02;1.335155e-01;7.882121e-02;1.107409e-01;1.433965e-01;6.027764e-02;1.884349e-02;2.144453e-02
5.894473e-02;3.034563e-01;1.600581e-01;5.672184e-02;2.740369e-02;6.058384e-02;5.512911e-02;8.623228e-02;1.037455e-01;3.932802e-02;1.734573e-02;3.105104e-02
5.945906e-02;2.532969e-01;2.043394e-01;6.972155e-02;2.452450e-02;6.449145e-02;6.858602e-02;5.209485e-02;1.051978e-01;4.893750e-02;1.359657e-02;3.575446e-02
3.056181e-02;2.252190e-01;1.875863e-01;7.683095e-02;2.026725e-02;7.434292e-02;1.066938e-01;5.797576e-02;8.801769e-02;5.862118e-02;1.807817e-02;5.580523e-02
5.007746e-02;2.402491e-01;1.572107e-01;7.622331e-02;3.068195e-02;4.017967e-02;1.302557e-01;7.575317e-02;5.071099e-02;5.304059e-02;2.633383e-02;6.928363e-02
8.478416e-02;2.179519e-01;1.165464e-01;5.390562e-02;6.935517e-02;4.329094e-02;9.823014e-02;1.818243e-01;4.009002e-02;2.705593e-02;2.309935e-02;4.386606e-02
1.111526e-01;2.091445e-01;7.903524e-02;3.388618e-02;1.041397e-01;4.063460e-02;5.394913e-02;2.601089e-01;4.479555e-02;1.518678e-02;2.456102e-02;2.340580e-02
1.399515e-01;2.162558e-01;6.077909e-02;2.316994e-02;1.177692e-01;2.993019e-02;2.058035e-02;2.970499e-01;4.268060e-02;1.505578e-02;2.346653e-02;1.331127e-02
1.665640e-01;1.979049e-01;6.758177e-02;1.281319e-02;1.024038e-01;2.232397e-02;1.386086e-02;3.131007e-01;5.076094e-02;1.496336e-02;2.365764e-02;1.406491e-02
1.754871e-01;1.783543e-01;8.315013e-02;5.169360e-03;7.393646e-02;2.143702e-02;4.068842e-02;3.202003e-01;4.606250e-02;1.698712e-02;2.268855e-02;1.583872e-02
1.666500e-01;1.563811e-01;7.611401e-02;1.310734e-02;4.847056e-02;2.948796e-02;7.588190e-02;3.181481e-01;4.476075e-02;2.020192e-02;1.597553e-02;3.482087e-02
1.310860e-01;1.134725e-01;5.316681e-02;3.831604e-02;2.776644e-02;4.772327e-02;1.128337e-01;2.724933e-01;5.500625e-02;6.384233e-02;1.596053e-02;6.833284e-02
9.590203e-02;1.084877e-01;5.897073e-02;5.409650e-02;2.105619e-02;6.118279e-02;1.067501e-01;2.132632e-01;6.932155e-02;1.062715e-01;2.326037e-02;8.143739e-02
7.251117e-02;1.277579e-01;1.044200e-01;4.503768e-02;3.261147e-02;8.531301e-02;4.332259e-02;1.832082e-01;9.217881e-02;1.038485e-01;4.250202e-02;6.728876e-02
4.849407e-02;1.288475e-01;1.326792e-01;2.141995e-02;3.333809e-02;9.685145e-02;5.111011e-02;1.870514e-01;1.202007e-01;8.679177e-02;4.873503e-02;4.448076e-02
4.115007e-02;9.179833e-02;1.216901e-01;3.000348e-02;6.028438e-02;1.452321e-01;8.268151e-02;1.547528e-01;1.295917e-01;4.939206e-02;4.507935e-02;4.834404e-02
4.049894e-02;9.048729e-02;7.471107e-02;3.476720e-02;4.937539e-02;1.504578e-01;1.921436e-01;9.994242e-02;8.647367e-02;3.409026e-02;6.690793e-02;8.014434e-02
3.808353e-02;8.558344e-02;4.901595e-02;3.562439e-02;2.670410e-02;1.142851e-01;3.239605e-01;9.502596e-02;5.388255e-02;2.854613e-02;4.719690e-02;1.020915e-01
2.484406e-02;6.564894e-02;3.164981e-02;2.937754e-02;1.504129e-02;9.378748e-02;4.254668e-01;6.000830e-02;5.866801e-02;3.094578e-02;5.973893e-02;1.048231e-01
2.214628e-02;4.810429e-02;5.232254e-02;1.666335e-02;1.410814e-02;1.796194e-01;3.507836e-01;4.410390e-02;7.278232e-02;3.004761e-02;1.026579e-01;6.666069e-02
2.622643e-02;3.227570e-02;8.089128e-02;8.552789e-03;1.676756e-02;2.709640e-01;2.439886e-01;4.907170e-02;7.470223e-02;2.535121e-02;1.329456e-01;3.826284e-02
3.162261e-02;3.917539e-02;9.082422e-02;1.221158e-02;1.623882e-02;3.405951e-01;1.686947e-01;4.078696e-02;5.316088e-02;2.553111e-02;1.582977e-01;2.286083e-02
3.901106e-02;4.094444e-02;8.627205e-02;1.835566e-02;2.806594e-02;3.814445e-01;9.874987e-02;3.698023e-02;3.801606e-02;4.572367e-02;1.655337e-01;2.090282e-02
4.351695e-02;3.824069e-02;8.710900e-02;2.112533e-02;5.768561e-02;3.759437e-01;1.329513e-02;5.382109e-02;4.451708e-02;5.088376e-02;1.926326e-01;2.122912e-02
3.851609e-02;4.630821e-02;8.614661e-02;2.374927e-02;7.736505e-02;3.027558e-01;5.582257e-02;6.860851e-02;5.000212e-02;4.549334e-02;1.966301e-01;8.602273e-03
3.456318e-02;9.220837e-02;7.339697e-02;4.281129e-02;1.058527e-01;2.333789e-01;5.959263e-02;8.407976e-02;6.891566e-02;4.298209e-02;1.506210e-01;1.159749e-02
3.702346e-02;1.105635e-01;6.421006e-02;5.016127e-02;6.970989e-02;1.888772e-01;9.202243e-02;1.006567e-01;9.077397e-02;4.872458e-02;1.286020e-01;1.867492e-02
4.158626e-02;8.887445e-02;4.888777e-02;4.721006e-02;3.254160e-02;1.892611e-01;1.170406e-01;9.693272e-02;1.001327e-01;5.359785e-02;1.580278e-01;2.590715e-02
3.135550e-02;7.177202e-02;5.088765e-02;2.875017e-02;6.167342e-02;2.325465e-01;1.172620e-01;1.072930e-01;1.025105e-01;5.026000e-02;1.175577e-01;2.813149e-02
3.356859e-02;7.360359e-02;5.291950e-02;2.126460e-02;5.087906e-02;2.354975e-01;1.548811e-01;1.018619e-01;1.002182e-01;4.778086e-02;1.031746e-01;2.435044e-02
3.903026e-02;7.468502e-02;7.715715e-02;2.278547e-02;5.144170e-02;1.940199e-01;1.621866e-01;7.322494e-02;1.050622e-01;4.706617e-02;1.315368e-01;2.180383e-02
3.047213e-02;7.062975e-02;6.443453e-02;1.661759e-02;7.187814e-02;2.239810e-01;1.254566e-01;9.412605e-02;8.091190e-02;6.846540e-02;1.340809e-01;1.894592e-02
3.113329e-02;7.779510e-02;5.810809e-02;2.317006e-02;9.033036e-02;2.871598e-01;7.615052e-02;8.577194e-02;5.359452e-02;7.285742e-02;1.316925e-01;1.223637e-02
2.484781e-02;7.502174e-02;5.980086e-02;2.189913e-02;8.410425e-02;3.740162e-01;4.929320e-02;6.062726e-02;3.710214e-02;6.378160e-02;1.342972e-01;1.520870e-02
1.868728e-02;6.419274e-02;4.882443e-02;1.018626e-02;6.646069e-02;4.328128e-01;3.779095e-02;6.535177e-02;5.268354e-02;5.180065e-02;1.358987e-01;1.531019e-02
2.837360e-02;3.896355e-02;4.568526e-02;9.214627e-03;5.952816e-02;4.337201e-01;3.684370e-02;6.271091e-02;6.452466e-02;4.521372e-02;1.567009e-01;1.852074e-02
3.279497e-02;2.565902e-02;6.892289e-02;1.527385e-02;6.490129e-02;4.248284e-01;4.892489e-02;4.775872e-02;5.045885e-02;3.018611e-02;1.748117e-01;1.547929e-02
3.334798e-02;2.179564e-02;9.300720e-02;7.855678e-03;5.807516e-02;4.276077e-01;1.782657e-02;3.861456e-02;4.003111e-02;4.164104e-02;2.054350e-01;1.476228e-02
3.001342e-02;3.414405e-02;1.163037e-01;7.130343e-03;3.050603e-02;3.903170e-01;3.988220e-02;3.688480e-02;4.666239e-02;4.142639e-02;2.078862e-01;1.884345e-02
2.759345e-02;3.509169e-02;1.214208e-01;1.356906e-02;4.703069e-02;3.474360e-01;2.507063e-02;5.305867e-02;6.247209e-02;4.009221e-02;2.035143e-01;2.365042e-02
3.305644e-02;4.290175e-02;1.137874e-01;1.845985e-02;6.614920e-02;2.848078e-01;3.506608e-02;4.196250e-02;7.418132e-02;5.682865e-02;2.061272e-01;2.667182e-02
4.049198e-02;4.853427e-02;1.038025e-01;2.412024e-02;6.048046e-02;2.640423e-01;3.927426e-02;4.176259e-02;6.559674e-02;6.669056e-02;2.231713e-01;2.203278e-02
4.055476e-02;4.160153e-02;9.209509e-02;1.981211e-02;5.078319e-02;2.772903e-01;2.642912e-02;4.842028e-02;6.511573e-02;9.411146e-02;2.273944e-01;1.639204e-02
3.967889e-02;3.570998e-02;9.271490e-02;1.429817e-02;2.753029e-02;2.402078e-01;5.746775e-02;5.387568e-02;9.010900e-02;1.193959e-01;2.039772e-01;2.503450e-02
3.612780e-02;3.586065e-02;7.763140e-02;1.358255e-02;2.779059e-02;1.812459e-01;6.054138e-02;6.689733e-02;1.447559e-01;1.484681e-01;1.660680e-01;4.103027e-02
5.735109e-02;5.726130e-02;6.223402e-02;6.963189e-03;5.306933e-02;1.310604e-01;5.287910e-02;1.049747e-01;2.016374e-01;1.403782e-01;8.171459e-02;5.047674e-02
6.891412e-02;6.334234e-02;2.671914e-02;7.086426e-03;6.659948e-02;1.014366e-01;4.767285e-02;1.178425e-01;1.735970e-01;8.857097e-02;1.501567e-01;8.806186e-02
5.977499e-02;6.712659e-02;6.203012e-02;2.353074e-02;5.862387e-02;1.311835e-01;5.234031e-02;1.118023e-01;1.169963e-01;6.726428e-02;1.441882e-01;1.051388e-01
4.513566e-02;8.770213e-02;8.398627e-02;2.885165e-02;7.139320e-02;1.683745e-01;7.953178e-02;1.100424e-01;9.272427e-02;7.109234e-02;8.556437e-02;7.560140e-02
3.193918e-02;7.687426e-02;1.019681e-01;2.176147e-02;7.246207e-02;1.701881e-01;7.379296e-02;9.780834e-02;7.701999e-02;6.624177e-02;1.420560e-01;6.788776e-02
2.935094e-02;6.722540e-02;1.016998e-01;1.173559e-02;4.138603e-02;2.522583e-01;1.071846e-01;7.145130e-02;6.663596e-02;5.939645e-02;1.344202e-01;5.725544e-02
2.141348e-02;5.090187e-02;9.105035e-02;1.501864e-02;4.100323e-02;3.372290e-01;1.296501e-01;6.023588e-02;4.900828e-02;5.180524e-02;1.174285e-01;3.525534e-02
1.273909e-02;6.349658e-02;6.995259e-02;9.276893e-03;6.849176e-02;3.571471e-01;7.570386e-02;8.659799e-02;6.678545e-02;4.723313e-02;1.228430e-01;1.973253e-02
2.681858e-02;8.108389e-02;5.166171e-02;8.824302e-03;6.920001e-02;3.652873e-01;5.330864e-02;8.469682e-02;8.733950e-02;4.661252e-02;1.038780e-01;2.128876e-02
3.941912e-02;8.342275e-02;4.589063e-02;1.804871e-02;7.254320e-02;3.835942e-01;4.256894e-02;6.804316e-02;9.330666e-02;5.390334e-02;6.905999e-02;3.019930e-02
5.117843e-02;7.661125e-02;3.816522e-02;2.232115e-02;6.234755e-02;3.532130e-01;4.782860e-02;7.190261e-02;1.169988e-01;8.073253e-02;4.144292e-02;3.725790e-02
3.985710e-02;6.891711e-02;6.092869e-02;3.317824e-02;5.419604e-02;2.940448e-01;4.809099e-02;9.029178e-02;1.195725e-01;7.148366e-02;7.653679e-02;4.290235e-02
4.010764e-02;4.811067e-02;6.937949e-02;3.461134e-02;6.053319e-02;2.649996e-01;8.504017e-02;1.134890e-01;9.915250e-02;6.767992e-02;7.638504e-02;4.051148e-02
4.674300e-02;8.628168e-02;8.951386e-02;2.973275e-02;6.465042e-02;2.080347e-01;8.822348e-02;1.054436e-01;1.162828e-01;1.007038e-01;3.900544e-02;2.538437e-02
3.260089e-02;6.744531e-02;8.420651e-02;2.961701e-02;8.242626e-02;1.959151e-01;9.332415e-02;1.039241e-01;1.257941e-01;1.163059e-01;4.327638e-02;2.516433e-02
3.081035e-02;9.144212e-02;1.065895e-01;6.507071e-02;7.298124e-02;1.575830e-01;9.741060e-02;8.911552e-02;1.032041e-01;1.253516e-01;3.377410e-02;2.666713e-02
2.557549e-02;9.108248e-02;1.226828e-01;9.187783e-02;6.870056e-02;1.108657e-01;7.676557e-02;8.506045e-02;1.086951e-01;1.105814e-01;8.164248e-02;2.647008e-02
1.989140e-02;8.067413e-02;1.122431e-01;7.852189e-02;4.673358e-02;1.275188e-01;4.919864e-02;7.406545e-02;1.696665e-01;1.109087e-01;1.059185e-01;2.465936e-02
2.199855e-02;5.847010e-02;9.712461e-02;7.922878e-02;6.152694e-02;1.080198e-01;4.118622e-02;7.920185e-02;1.833881e-01;1.485689e-01;9.826941e-02;2.301676e-02
2.946196e-02;6.418536e-02;9.692586e-02;5.816557e-02;7.614069e-02;9.895686e-02;4.718874e-02;7.489672e-02;1.878614e-01;1.427481e-01;9.467907e-02;2.878970e-02
3.431561e-02;7.175538e-02;1.421137e-01;5.495314e-02;5.885082e-02;1.008331e-01;3.709852e-02;1.151912e-01;1.806663e-01;7.513151e-02;8.486863e-02;4.422221e-02
2.508182e-02;7.577345e-02;2.100869e-01;7.664585e-02;2.468537e-02;9.227572e-02;3.708987e-02;1.494479e-01;1.533714e-01;5.572092e-02;5.910764e-02;4.071327e-02
2.085961e-02;1.390165e-01;2.135008e-01;4.101623e-02;2.087376e-02;1.095047e-01;4.949563e-02;1.497075e-01;1.316552e-01;5.167473e-02;3.576223e-02;3.693309e-02
3.045716e-02;1.770313e-01;1.646243e-01;2.244093e-02;1.938962e-02;1.686883e-01;4.704306e-02;1.087874e-01;1.227697e-01;4.867266e-02;4.481166e-02;4.528392e-02
3.286010e-02;1.491925e-01;1.481027e-01;2.184963e-02;2.474545e-02;1.724275e-01;3.316737e-02;1.417529e-01;1.347150e-01;3.938872e-02;6.888200e-02;3.291621e-02
2.826606e-02;9.332022e-02;1.231338e-01;2.463435e-02;2.211711e-02;2.199559e-01;5.455357e-02;1.469086e-01;1.290032e-01;4.194077e-02;9.304885e-02;2.311760e-02
3.506141e-02;1.136745e-01;1.214926e-01;2.148618e-02;3.206098e-02;2.487386e-01;7.980512e-02;1.189810e-01;9.547286e-02;4.557528e-02;5.996830e-02;2.768325e-02
3.061397e-02;1.002150e-01;9.422855e-02;1.674167e-02;3.879799e-02;2.511775e-01;5.121354e-02;1.492829e-01;1.457137e-01;5.259056e-02;3.694839e-02;3.247628e-02
4.042337e-02;7.216586e-02;8.965725e-02;3.619305e-02;6.136062e-02;2.353350e-01;8.010618e-02;1.145520e-01;1.389630e-01;6.144572e-02;2.968271e-02;4.011521e-02
4.088690e-02;5.238253e-02;6.466914e-02;5.466015e-02;5.544803e-02;1.904030e-01;8.569389e-02;1.407529e-01;1.287693e-01;1.001108e-01;3.686626e-02;4.935719e-02
4.067025e-02;4.951641e-02;4.999596e-02;5.476638e-02;7.139879e-02;1.981742e-01;8.916467e-02;1.212318e-01;1.104673e-01;1.252299e-01;4.228463e-02;4.709969e-02
2.947170e-02;4.530807e-02;6.308531e-02;3.725456e-02;6.492490e-02;2.605510e-01;9.161459e-02;8.351833e-02;1.246953e-01;1.184123e-01;4.993468e-02;3.122917e-02
2.257369e-02;8.058417e-02;7.360418e-02;2.405138e-02;3.399234e-02;2.570302e-01;7.753862e-02;1.054573e-01;1.368925e-01;1.029284e-01;6.349353e-02;2.185378e-02
2.261893e-02;7.427028e-02;9.465402e-02;3.401821e-02;4.960492e-02;2.504500e-01;5.271628e-02;1.106581e-01;1.388207e-01;8.889597e-02;5.710467e-02;2.618786e-02
2.246450e-02;5.865389e-02;9.838958e-02;4.736288e-02;6.368022e-02;3.046180e-01;3.440397e-02;1.355479e-01;1.099647e-01;5.974067e-02;4.110928e-02;2.406443e-02
1.766606e-02;3.834197e-02;6.922945e-02;5.030391e-02;6.275856e-02;3.862703e-01;4.643884e-02;1.619438e-01;7.782847e-02;3.329537e-02;2.616206e-02;2.976114e-02
1.484502e-02;3.960837e-02;7.762419e-02;4.915740e-02;9.568945e-02;4.160435e-01;4.625768e-02;1.147560e-01;6.052457e-02;2.571220e-02;2.228304e-02;3.749859e-02
2.718715e-02;6.284130e-02;1.097575e-01;4.575713e-02;1.195225e-01;3.638708e-01;4.903267e-02;5.875310e-02;4.915424e-02;2.908604e-02;4.060612e-02;4.443144e-02
4.124274e-02;4.855953e-02;1.049316e-01;4.397319e-02;1.139556e-01;3.058447e-01;4.972174e-02;8.393643e-02;6.817897e-02;4.359102e-02;5.192545e-02;4.413913e-02
4.855547e-02;6.610317e-02;1.235394e-01;6.242717e-02;9.056979e-02;1.655056e-01;5.935244e-02;1.301087e-01;1.012027e-01;4.262736e-02;6.776223e-02;4.224589e-02
3.416982e-02;5.806440e-02;1.390650e-01;7.390768e-02;7.364929e-02;2.298161e-01;6.821208e-02;1.187629e-01;7.926948e-02;4.562713e-02;5.024487e-02;2.921116e-02
2.437268e-02;8.110829e-02;2.177562e-01;1.334223e-01;3.412512e-02;1.569480e-01;6.201654e-02;1.103523e-01;4.941188e-02;4.095984e-02;5.766714e-02;3.185971e-02
1.948605e-02;5.505675e-02;1.904672e-01;1.817952e-01;5.375184e-02;1.122511e-01;5.028284e-02;1.173425e-01;4.263715e-02;3.226092e-02;1.257945e-01;1.887388e-02
2.271580e-02;2.187607e-02;1.669449e-01;1.783755e-01;5.544738e-02;1.136341e-01;4.234391e-02;9.992409e-02;3.559760e-02;6.324379e-02;1.873009e-01;1.259606e-02
3.159943e-02;5.833082e-02;1.803032e-01;1.207803e-01;4.564951e-02;7.711498e-02;8.102510e-02;4.932646e-02;3.852272e-02;1.262756e-01;1.754888e-01;1.558317e-02
3.996896e-02;8.065019e-02;2.121276e-01;6.293728e-02;4.068125e-02;4.358196e-02;1.037128e-01;3.770497e-02;4.389180e-02;2.089362e-01;1.164158e-01;9.391281e-03
3.653993e-02;1.441485e-01;2.055203e-01;2.456488e-02;2.680896e-02;5.680199e-02;7.836845e-02;4.631300e-02;8.183181e-02;2.387170e-01;4.688271e-02;1.350249e-02
2.239783e-02;2.350595e-01;1.413786e-01;2.736831e-02;1.715743e-02;8.806298e-02;3.655330e-02;6.428117e-02;1.454304e-01;1.686951e-01;2.431921e-02;2.929619e-02
5.964429e-02;2.656595e-01;9.047920e-02;3.127209e-02;3.415357e-02;7.687773e-02;3.251331e-02;1.146246e-01;1.501144e-01;7.664990e-02;3.855918e-02;2.945225e-02
1.183885e-01;1.991447e-01;1.060001e-01;1.889757e-02;5.664948e-02;4.099057e-02;5.293290e-02;2.109807e-01;9.791994e-02;3.495798e-02;4.598434e-02;1.715314e-02
1.454218e-01;1.164032e-01;1.201432e-01;2.047560e-02;5.736918e-02;2.815978e-02;9.937711e-02;2.635384e-01;5.709887e-02;2.855681e-02;3.193418e-02;3.152188e-02
1.085734e-01;8.259629e-02;8.862361e-02;3.007886e-02;3.881652e-02;6.051982e-02;1.683984e-01;2.339535e-01;5.301534e-02;4.165782e-02;1.913101e-02;7.463549e-02
4.646554e-02;7.344721e-02;6.290632e-02;3.974474e-02;2.467661e-02;1.013572e-01;1.931579e-01;1.751807e-01;7.733520e-02;7.121325e-02;2.686406e-02;1.076512e-01
3.720948e-02;1.040044e-01;1.028710e-01;3.618998e-02;2.992373e-02;1.100969e-01;1.146698e-01;1.298726e-01;1.085393e-01;9.874107e-02;4.736351e-02;8.051821e-02
8.399671e-02;1.003350e-01;1.395682e-01;3.556737e-02;4.204928e-02;6.719419e-02;4.018557e-02;1.546833e-01;9.751032e-02;1.068451e-01;8.175520e-02;5.030983e-02
8.496828e-02;1.324160e-01;1.621971e-01;3.469185e-02;4.571752e-02;5.997178e-02;5.741582e-02;1.511914e-01;5.483862e-02;9.300060e-02;7.200955e-02;5.158147e-02
6.060303e-02;1.267768e-01;1.614032e-01;3.843850e-02;5.791491e-02;6.621014e-02;5.348587e-02;1.522714e-01;6.270712e-02;1.371423e-01;4.503540e-02;3.801136e-02
5.910072e-02;1.536727e-01;1.490427e-01;4.245326e-02;5.948522e-02;7.065790e-02;3.399761e-02;1.167800e-01;5.170111e-02;1.848053e-01;5.521822e-02;2.308524e-02
5.955435e-02;1.832325e-01;1.684445e-01;3.648201e-02;3.959141e-02;4.652886e-02;6.011008e-02;1.146668e-01;5.344392e-02;1.498616e-01;5.480313e-02;3.328092e-02
6.902740e-02;2.040079e-01;1.705596e-01;2.953218e-02;2.082493e-02;7.421588e-02;3.774995e-02;1.629445e-01;6.928166e-02;1.014713e-01;3.091064e-02;2.947411e-02
7.857657e-02;2.005430e-01;1.467571e-01;2.646487e-02;1.691903e-02;8.131201e-02;6.385815e-02;1.908946e-01;9.025210e-02;5.786479e-02;1.268978e-02;3.386798e-02
6.855260e-02;1.555738e-01;1.227535e-01;5.393320e-02;2.075245e-02;9.625427e-02;1.041103e-01;1.994906e-01;6.200639e-02;3.391556e-02;2.575647e-02;5.690085e-02
5.656640e-02;1.033877e-01;1.007631e-01;7.671212e-02;2.263650e-02;8.327676e-02;1.871136e-01;1.562846e-01;3.253090e-02;3.427461e-02;4.010141e-02;1.063522e-01
3.324108e-02;4.611382e-02;6.423514e-02;8.691806e-02;1.936551e-02;7.321335e-02;3.098165e-01;9.861435e-02;3.168226e-02;2.828017e-02;3.550068e-02;1.730191e-01
4.145076e-02;5.506286e-02;5.987888e-02;6.456679e-02;1.324371e-02;1.046083e-01;3.326277e-01;4.875666e-02;3.490251e-02;3.086273e-02;5.246368e-02;1.615753e-01
2.411230e-02;5.929213e-02;8.455578e-02;3.324750e-02;2.025919e-02;1.897833e-01;2.390625e-01;5.798187e-02;5.133149e-02;2.814022e-02;1.169004e-01;9.533336e-02
2.079060e-02;4.162007e-02;1.047829e-01;1.332363e-02;3.252147e-02;3.018938e-01;1.480055e-01;4.104985e-02;7.022813e-02;1.178782e-02;1.355723e-01;7.842387e-02
3.727332e-02;3.623944e-02;1.074611e-01;1.496311e-02;4.086891e-02;3.367025e-01;8.290035e-02;4.084020e-02;7.449508e-02;3.133764e-02;1.271263e-01;6.979205e-02
5.056296e-02;4.003559e-02;1.209384e-01;1.837896e-02;5.457024e-02;2.898060e-01;5.689742e-02;6.371999e-02;8.501031e-02;5.380299e-02;1.040969e-01;6.218021e-02
3.160903e-02;6.166979e-02;1.066370e-01;3.047528e-02;9.792802e-02;1.473149e-01;6.391498e-02;1.044718e-01;1.177135e-01;4.761263e-02;1.076430e-01;8.301017e-02
2.745440e-02;6.691226e-02;5.682256e-02;5.116957e-02;1.098725e-01;1.326817e-01;9.053488e-02;1.238079e-01;1.523919e-01;5.800965e-02;7.179925e-02;5.854338e-02
5.324768e-02;7.831074e-02;6.074634e-02;8.221359e-02;9.024007e-02;1.218621e-01;9.340518e-02;1.180094e-01;1.904209e-01;4.939098e-02;2.367437e-02;3.847866e-02
5.812840e-02;7.193024e-02;6.761657e-02;8.271096e-02;9.424704e-02;8.301282e-02;8.272831e-02;1.327413e-01;1.872995e-01;5.568890e-02;3.664970e-02;4.724627e-02
2.875187e-02;5.862280e-02;8.495717e-02;5.722555e-02;8.225815e-02;1.289451e-01;9.489965e-02;1.707432e-01;1.646876e-01;5.753038e-02;2.613441e-02;4.524418e-02
1.968835e-02;6.434949e-02;1.177007e-01;4.130373e-02;4.631077e-02;1.144355e-01;9.916428e-02;2.430792e-01;1.167103e-01;3.695641e-02;5.186353e-02;4.843781e-02
1.961334e-02;9.587857e-02;1.206599e-01;3.802231e-02;4.211264e-02;8.210311e-02;6.862772e-02;2.258787e-01;1.513167e-01;5.114178e-02;3.763951e-02;6.700564e-02
2.295333e-02;1.182219e-01;1.283123e-01;4.584472e-02;6.645488e-02;7.329778e-02;6.852143e-02;2.181433e-01;1.213954e-01;2.679377e-02;4.388793e-02;6.617326e-02
3.275557e-02;1.167598e-01;1.310872e-01;5.854001e-02;6.750469e-02;6.045699e-02;4.431499e-02;2.178676e-01;1.337210e-01;4.037121e-02;4.642436e-02;5.019660e-02
4.248698e-02;9.606958e-02;1.074718e-01;1.167443e-01;4.578600e-02;2.840936e-02;2.797414e-02;2.478530e-01;1.863270e-01;3.133979e-02;2.896557e-02;4.057247e-02
3.798374e-02;6.107091e-02;1.067198e-01;1.467444e-01;2.387788e-02;4.869064e-02;3.161765e-02;2.381761e-01;2.003820e-01;3.358793e-02;2.860464e-02;4.254439e-02
2.706681e-02;3.164600e-02;1.146695e-01;1.674616e-01;4.581922e-02;6.755901e-02;3.254416e-02;2.383829e-01;1.940408e-01;4.306686e-02;1.603949e-02;2.170353e-02
1.799320e-02;4.777807e-02;1.604538e-01;1.256113e-01;5.390733e-02;8.444212e-02;2.712872e-02;2.462982e-01;1.573943e-01;2.688570e-02;1.572874e-02;3.637854e-02
9.457459e-03;4.358246e-02;2.055228e-01;5.515675e-02;4.294751e-02;1.008603e-01;3.253291e-02;2.820368e-01;1.320981e-01;3.200226e-02;1.925108e-02;4.455160e-02
8.369199e-03;7.332116e-02;2.409036e-01;4.487270e-02;2.546180e-02;8.575346e-02;3.079035e-02;2.870698e-01;1.069999e-01;4.503118e-02;1.886656e-02;3.256032e-02
1.540491e-02;1.152288e-01;2.543228e-01;4.769026e-02;2.846068e-02;7.176779e-02;3.074392e-02;2.789916e-01;8.006046e-02;3.973965e-02;1.942589e-02;1.816329e-02
2.526107e-02;1.436139e-01;2.236552e-01;3.651655e-02;6.095296e-02;8.974427e-02;3.215033e-02;2.586788e-01;5.456752e-02;3.093383e-02;2.340963e-02;2.051595e-02
2.985308e-02;1.652476e-01;1.648608e-01;3.581918e-02;7.269969e-02;1.193556e-01;4.234216e-02;2.221655e-01;6.750461e-02;3.158886e-02;2.627054e-02;2.229246e-02
2.843158e-02;1.766483e-01;1.037480e-01;3.467790e-02;5.533509e-02;1.716434e-01;4.795962e-02;2.117678e-01;5.839885e-02;5.019289e-02;3.852144e-02;2.267502e-02
2.341911e-02;1.624303e-01;1.425628e-01;3.150262e-02;3.731069e-02;1.688049e-01;4.028459e-02;2.144823e-01;6.174764e-02;6.243391e-02;3.211049e-02;2.291065e-02
2.900490e-02;1.318833e-01;1.647362e-01;3.008613e-02;3.012055e-02;1.770640e-01;5.801442e-02;1.831685e-01;8.147350e-02;5.290689e-02;2.726117e-02;3.428051e-02
3.055151e-02;6.736892e-02;1.280342e-01;2.887344e-02;3.331603e-02;1.788808e-01;8.440857e-02;2.262277e-01;1.006672e-01;3.489025e-02;5.921982e-02;2.756165e-02
2.234669e-02;3.120328e-02;9.130704e-02;3.248992e-02;1.714439e-02;1.711102e-01;7.905396e-02;3.176329e-01;1.219337e-01;3.696156e-02;4.159345e-02;3.722301e-02
1.753771e-02;5.951002e-02;9.306557e-02;2.809137e-02;2.828929e-02;1.112040e-01;4.200269e-02;3.493585e-01;1.422433e-01;4.122054e-02;3.729055e-02;5.018636e-02
4.164849e-02;1.080397e-01;7.835005e-02;3.073073e-02;3.348525e-02;1.419250e-01;1.007539e-01;2.431365e-01;1.145706e-01;3.571368e-02;3.193644e-02;3.970968e-02
5.568748e-02;1.046030e-01;9.915093e-02;5.662080e-02;2.735997e-02;1.347834e-01;1.232837e-01;1.599314e-01;1.167791e-01;2.301530e-02;4.312314e-02;5.566180e-02
