4.036072e-02;9.141845e-02;1.874988e-01;8.729125e-02;8.898168e-02;5.932341e-02;2.199785e-01;4.780002e-02;2.975804e-02;6.198947e-02;4.500265e-02;4.059703e-02
6.651039e-02;9.324051e-02;1.382395e-01;7.364024e-02;1.296000e-01;8.428196e-02;1.800473e-01;4.387116e-02;3.379549e-02;6.498010e-02;4.544139e-02;4.635192e-02
8.588228e-02;8.345103e-02;1.841604e-01;4.481828e-02;1.316753e-01;7.568434e-02;1.777832e-01;2.876001e-02;3.220420e-02;5.997363e-02;4.664937e-02;4.895798e-02
6.210246e-02;6.349197e-02;2.801595e-01;4.736760e-02;6.521429e-02;5.507760e-02;2.493680e-01;1.599534e-02;3.350494e-02;4.285642e-02;3.999379e-02;4.486820e-02
4.570430e-02;7.676364e-02;2.807885e-01;4.306153e-02;6.452070e-02;5.939252e-02;2.817158e-01;2.784208e-02;2.817215e-02;4.038190e-02;1.779310e-02;3.386382e-02
7.899473e-02;1.327668e-01;1.684274e-01;4.232512e-02;9.387174e-02;7.756729e-02;2.037261e-01;2.198083e-02;2.047210e-02;6.897020e-02;4.775118e-02;4.314654e-02
1.023723e-01;1.574813e-01;2.804573e-01;4.379855e-02;5.509657e-02;5.024956e-02;6.961295e-02;2.774728e-02;2.160549e-02;8.019385e-02;5.752245e-02;5.386241e-02
1.207346e-01;1.187006e-01;3.091292e-01;3.873716e-02;6.203371e-02;4.567802e-02;1.140098e-01;3.119249e-02;2.729566e-02;5.889907e-02;2.767761e-02;4.591210e-02
9.740932e-02;9.528132e-02;2.529442e-01;3.974083e-02;6.748711e-02;5.160690e-02;2.005067e-01;3.493830e-02;2.756609e-02;5.604950e-02;3.145280e-02;4.501690e-02
9.041473e-02;9.303531e-02;1.501895e-01;5.554389e-02;4.101934e-02;5.938851e-02;2.684395e-01;3.556143e-02;3.357132e-02;7.342463e-02;6.219494e-02;3.721699e-02
6.375466e-02;6.398641e-02;2.163306e-01;5.833663e-02;9.277321e-02;5.937501e-02;2.203441e-01;4.478145e-02;2.133734e-02;6.146502e-02;6.402968e-02;3.348593e-02
4.356859e-02;3.597457e-02;3.406760e-01;6.122181e-02;9.091319e-02;4.308664e-02;1.792540e-01;5.446060e-02;3.498789e-02;4.742746e-02;3.167063e-02;3.675869e-02
9.508671e-02;7.705724e-02;2.995293e-01;5.802024e-02;5.545288e-02;3.903683e-02;1.068686e-01;6.461922e-02;5.869920e-02;4.308875e-02;5.890064e-02;4.364038e-02
1.059572e-01;1.013132e-01;1.403845e-01;9.201717e-02;7.961677e-02;4.924908e-02;1.522349e-01;6.465750e-02;7.664699e-02;5.168274e-02;7.133063e-02;1.490941e-02
9.209758e-02;9.890951e-02;1.413776e-01;8.139608e-02;8.104422e-02;7.392479e-02;1.642642e-01;4.288904e-02;8.154687e-02;4.883934e-02;6.379637e-02;2.991434e-02
9.768376e-02;9.538222e-02;1.535254e-01;5.805851e-02;7.197061e-02;8.507375e-02;1.678531e-01;4.055753e-02;8.714936e-02;4.371574e-02;6.043557e-02;3.859444e-02
9.138240e-02;8.470760e-02;1.462687e-01;5.325845e-02;7.517502e-02;8.172386e-02;1.743463e-01;6.667349e-02;8.121754e-02;5.084221e-02;5.438613e-02;4.001835e-02
7.395229e-02;8.015079e-02;1.696411e-01;7.165655e-02;8.007291e-02;5.666927e-02;1.661322e-01;7.186408e-02;8.343106e-02;6.005630e-02;4.594404e-02;4.042942e-02
9.971166e-02;8.449668e-02;1.563266e-01;9.459173e-02;9.271104e-02;7.580009e-02;1.272105e-01;5.563448e-02;5.834555e-02;5.373383e-02;4.838263e-02;5.305517e-02
8.090723e-02;6.206612e-02;1.444695e-01;9.698799e-02;1.241981e-01;1.073200e-01;1.603609e-01;5.470588e-02;4.537644e-02;3.863308e-02;4.193130e-02;4.304352e-02
6.500037e-02;4.447706e-02;1.697005e-01;9.931592e-02;1.125273e-01;1.232759e-01;1.869231e-01;5.126094e-02;5.708911e-02;3.309868e-02;2.678045e-02;3.055063e-02
9.142670e-02;4.560353e-02;1.532063e-01;1.143039e-01;9.786761e-02;1.310016e-01;1.840300e-01;4.029955e-02;5.326283e-02;3.878498e-02;2.627755e-02;2.393549e-02
1.215182e-01;4.309849e-02;1.054326e-01;1.478996e-01;7.921003e-02;1.035770e-01;1.915841e-01;4.620290e-02;6.901251e-02;3.878587e-02;3.997472e-02;1.370398e-02
1.207837e-01;3.767842e-02;1.132254e-01;1.489238e-01;6.880171e-02;9.353182e-02;1.934231e-01;5.542274e-02;7.056484e-02;3.564722e-02;4.411304e-02;1.788419e-02
1.162571e-01;3.115156e-02;1.218650e-01;1.363408e-01;6.291632e-02;1.108409e-01;2.002800e-01;5.233283e-02;6.129298e-02;4.731251e-02;4.410621e-02;1.530374e-02
1.086116e-01;4.277722e-02;1.260827e-01;1.021118e-01;7.299028e-02;1.348818e-01;1.781184e-01;6.006346e-02;5.444988e-02;4.899648e-02;4.120493e-02;2.971138e-02
1.033566e-01;6.082736e-02;1.038525e-01;7.281914e-02;1.100569e-01;1.290630e-01;1.438990e-01;8.081452e-02;4.834452e-02;5.478318e-02;4.069285e-02;5.149050e-02
9.901550e-02;8.834032e-02;1.007035e-01;7.321845e-02;1.316752e-01;9.572825e-02;1.238508e-01;9.230569e-02;4.097956e-02;6.462162e-02;3.273891e-02;5.682216e-02
1.183516e-01;6.967238e-02;1.461959e-01;5.219673e-02;8.619238e-02;1.119214e-01;1.473724e-01;5.789622e-02;6.487184e-02;6.395826e-02;3.600887e-02;4.536202e-02
1.170314e-01;3.694506e-02;1.666761e-01;4.477021e-02;4.451837e-02;1.187774e-01;1.476052e-01;6.646007e-02;7.654189e-02;6.373738e-02;7.195057e-02;4.498633e-02
1.259561e-01;4.670297e-02;1.318018e-01;4.789400e-02;4.178169e-02;8.664207e-02;1.407833e-01;7.222095e-02;8.389934e-02;8.331484e-02;8.213305e-02;5.686988e-02
1.282550e-01;8.403291e-02;1.169911e-01;4.422368e-02;5.294882e-02;5.673610e-02;1.521354e-01;7.677679e-02;9.489394e-02;7.168646e-02;5.529307e-02;6.602679e-02
1.449689e-01;8.613095e-02;1.023083e-01;3.186430e-02;4.681094e-02;6.799032e-02;1.664759e-01;1.013023e-01;5.474792e-02;5.475294e-02;6.852415e-02;7.412310e-02
1.208072e-01;7.700151e-02;1.202940e-01;3.539975e-02;3.299780e-02;5.029410e-02;1.557778e-01;1.175899e-01;5.802674e-02;6.392235e-02;9.197903e-02;7.590991e-02
7.040894e-02;7.749271e-02;1.402853e-01;4.895060e-02;4.860898e-02;2.695704e-02;1.286995e-01;1.269835e-01;8.327658e-02;8.247020e-02;8.530966e-02;8.055705e-02
8.041765e-02;9.893235e-02;1.061189e-01;6.658772e-02;5.925962e-02;3.931731e-02;1.310286e-01;1.355438e-01;9.103691e-02;8.679501e-02;4.304841e-02;6.191365e-02
8.531632e-02;8.147573e-02;8.967154e-02;5.755364e-02;5.730976e-02;4.934547e-02;1.486173e-01;1.459422e-01;6.875881e-02;9.440050e-02;7.057385e-02;5.103490e-02
8.868058e-02;4.809900e-02;1.048813e-01;4.552586e-02;6.343045e-02;6.784432e-02;1.692624e-01;1.489270e-01;4.774031e-02;8.605988e-02;5.620722e-02;7.334172e-02
9.197528e-02;5.553260e-02;1.894783e-01;4.153337e-02;8.326431e-02;7.381141e-02;1.851475e-01;9.482740e-02;3.776874e-02;4.756136e-02;3.057899e-02;6.852075e-02
6.077424e-02;5.552129e-02;2.611348e-01;4.833890e-02;5.095623e-02;7.606182e-02;2.333610e-01;4.500159e-02;3.318913e-02;5.860394e-02;3.499070e-02;4.206634e-02
2.521453e-02;4.200146e-02;3.757395e-01;5.440674e-02;9.166267e-02;7.648449e-02;1.792306e-01;3.296993e-02;2.502780e-02;3.775585e-02;3.750638e-02;2.200007e-02
3.747804e-02;5.535882e-02;3.978758e-01;6.892028e-02;9.972627e-02;7.973073e-02;8.271933e-02;3.985782e-02;2.148645e-02;4.007469e-02;4.515043e-02;3.162136e-02
5.960292e-02;5.833099e-02;2.987366e-01;5.338195e-02;7.415931e-02;7.741578e-02;1.923018e-01;3.128317e-02;1.637207e-02;4.028274e-02;6.083729e-02;3.729531e-02
5.523368e-02;6.937638e-02;2.047163e-01;3.404608e-02;7.046408e-02;9.658269e-02;1.951472e-01;3.738413e-02;2.804083e-02;7.019085e-02;8.822177e-02;5.059601e-02
2.804163e-02;9.251911e-02;1.132938e-01;2.655640e-02;1.077746e-01;1.018350e-01;1.599387e-01;3.810149e-02;6.288461e-02;1.049956e-01;9.395275e-02;7.010614e-02
9.097828e-02;5.921494e-02;1.093174e-01;4.903525e-02;9.412794e-02;8.686031e-02;1.914742e-01;2.384005e-02;7.472574e-02;7.515216e-02;8.814491e-02;5.712883e-02
1.553933e-01;5.048471e-02;1.114928e-01;7.934502e-02;7.769840e-02;5.864130e-02;1.577326e-01;3.177953e-02;8.981217e-02;4.785085e-02;1.042010e-01;3.556838e-02
1.706348e-01;5.190158e-02;1.708037e-01;9.943677e-02;5.656422e-02;3.670041e-02;8.598415e-02;2.559288e-02;1.000199e-01;4.177689e-02;1.286046e-01;3.198007e-02
1.463034e-01;3.618469e-02;2.082781e-01;1.029033e-01;4.163497e-02;2.658852e-02;6.014296e-02;2.237843e-02;9.456903e-02;5.610964e-02;1.455479e-01;5.935906e-02
1.265043e-01;4.072409e-02;2.492108e-01;9.846177e-02;3.772057e-02;3.169449e-02;3.613021e-02;2.188492e-02;9.099185e-02;5.575354e-02;1.395594e-01;7.136402e-02
1.342692e-01;3.212983e-02;2.786262e-01;9.013774e-02;3.428263e-02;2.595877e-02;4.169701e-02;1.562294e-02;9.209666e-02;5.351598e-02;1.381447e-01;6.351835e-02
1.447091e-01;3.990743e-02;2.664012e-01;7.044225e-02;3.372964e-02;3.301774e-02;7.834597e-02;2.034187e-02;8.262824e-02;5.465332e-02;1.333654e-01;4.245790e-02
1.121502e-01;3.149599e-02;2.482188e-01;5.257516e-02;3.529615e-02;3.729647e-02;1.194268e-01;3.997234e-02;5.725403e-02;7.581971e-02;7.925317e-02;1.112412e-01
7.377758e-02;4.351050e-02;2.100607e-01;4.161629e-02;3.588371e-02;3.101542e-02;2.071200e-01;4.664503e-02;4.265636e-02;8.072006e-02;5.273679e-02;1.342575e-01
6.384394e-02;6.227048e-02;1.563634e-01;3.488192e-02;3.529862e-02;3.729662e-02;2.411224e-01;4.284945e-02;8.041685e-02;6.850398e-02;7.267249e-02;1.044798e-01
5.014962e-02;5.149505e-02;1.432306e-01;4.283581e-02;4.904264e-02;5.596323e-02;1.896006e-01;4.424505e-02;1.139645e-01;6.129996e-02;1.066424e-01;9.153057e-02
5.622319e-02;3.496422e-02;2.268273e-01;5.151654e-02;5.015500e-02;6.431975e-02;6.882231e-02;4.421971e-02;1.221523e-01;5.757684e-02;1.141328e-01;1.090901e-01
1.033679e-01;3.360231e-02;2.087408e-01;5.367491e-02;3.780490e-02;4.020678e-02;1.604351e-01;3.218151e-02;9.977511e-02;3.976399e-02;8.793055e-02;1.025162e-01
9.849715e-02;5.182616e-02;1.123762e-01;7.301785e-02;5.094087e-02;4.372310e-02;1.817195e-01;3.232054e-02;9.502837e-02;5.382890e-02;1.024066e-01;1.043147e-01
5.121258e-02;5.201937e-02;1.673971e-01;6.605510e-02;5.565021e-02;5.011966e-02;1.543480e-01;3.193243e-02;8.840527e-02;7.675873e-02;1.001684e-01;1.059332e-01
8.885119e-02;5.898056e-02;2.100970e-01;5.014385e-02;5.970074e-02;5.170214e-02;1.330802e-01;2.758816e-02;6.669588e-02;7.874975e-02;7.653891e-02;9.787153e-02
9.613091e-02;6.612103e-02;1.820137e-01;5.131001e-02;6.312103e-02;5.204678e-02;2.062978e-01;4.464844e-02;5.230309e-02;6.235116e-02;5.805714e-02;6.559887e-02
8.313587e-02;6.803048e-02;1.325691e-01;5.300675e-02;6.368511e-02;5.868916e-02;2.913675e-01;5.606455e-02;4.031673e-02;5.001840e-02;5.330920e-02;4.980715e-02
1.038566e-01;5.734896e-02;7.345539e-02;5.032615e-02;5.059615e-02;5.941042e-02;2.532847e-01;4.736346e-02;7.039391e-02;5.970260e-02;7.831823e-02;9.594346e-02
4.504095e-02;3.831541e-02;7.694237e-02;4.129202e-02;4.702446e-02;1.217352e-01;1.502436e-01;1.190129e-01;1.249910e-01;9.070387e-02;8.940484e-02;5.529338e-02
3.967088e-02;4.422430e-02;8.107301e-02;4.712351e-02;4.089565e-02;1.253274e-01;1.442225e-01;1.126031e-01;1.126390e-01;1.041333e-01;9.216302e-02;5.592425e-02
4.443283e-02;7.022737e-02;1.402742e-01;6.228513e-02;4.328463e-02;1.063105e-01;1.531741e-01;8.127412e-02;7.957119e-02;9.248814e-02;8.116066e-02;4.551707e-02
1.009703e-01;1.090082e-01;1.913542e-01;7.493160e-02;5.713046e-02;6.440300e-02;1.182580e-01;4.021231e-02;4.493630e-02;7.061364e-02;6.350740e-02;6.467457e-02
1.561106e-01;9.690032e-02;1.465567e-01;5.566252e-02;5.425794e-02;4.414675e-02;1.745679e-01;3.107579e-02;3.773373e-02;5.074988e-02;7.958946e-02;7.264829e-02
1.880801e-01;5.759058e-02;1.202023e-01;2.823635e-02;4.662922e-02;5.993127e-02;2.052205e-01;1.937599e-02;4.657569e-02;2.900701e-02;1.359908e-01;6.316019e-02
1.796105e-01;2.754124e-02;1.223041e-01;1.217031e-02;4.185188e-02;7.311659e-02;1.577780e-01;1.121984e-02;5.415100e-02;5.586771e-02;2.006218e-01;6.376709e-02
1.243908e-01;2.466072e-02;1.378555e-01;1.535850e-02;4.011379e-02;7.157639e-02;1.548260e-01;1.461152e-02;6.594061e-02;6.106063e-02;2.343329e-01;5.527263e-02
9.947377e-02;1.446442e-02;1.118567e-01;2.219516e-02;3.314746e-02;5.421971e-02;2.165060e-01;1.893603e-02;7.478669e-02;5.685824e-02;1.905359e-01;1.070199e-01
1.289382e-01;1.807918e-02;7.854310e-02;2.999609e-02;2.602476e-02;3.762096e-02;2.591803e-01;3.042566e-02;6.464339e-02;5.475371e-02;1.013432e-01;1.704515e-01
2.254419e-01;3.300115e-02;5.375059e-02;2.447846e-02;2.099305e-02;2.737002e-02;2.394596e-01;4.922347e-02;4.689432e-02;6.960523e-02;5.523179e-02;1.545503e-01
3.537400e-01;6.455978e-02;4.096220e-02;1.290588e-02;2.247386e-02;1.835898e-02;1.598107e-01;6.371190e-02;3.508325e-02;6.106219e-02;6.795489e-02;9.937634e-02
3.864954e-01;1.253287e-01;5.426065e-02;7.886516e-03;2.504287e-02;8.041183e-03;9.967692e-02;5.582772e-02;3.973564e-02;4.948026e-02;9.222798e-02;5.599618e-02
2.873850e-01;2.118330e-01;8.041815e-02;9.154459e-03;2.129924e-02;1.451001e-02;8.503596e-02;4.418382e-02;5.802517e-02;3.955846e-02;1.004028e-01;4.819384e-02
1.232594e-01;2.780307e-01;1.568485e-01;2.495151e-02;1.730524e-02;2.972153e-02;7.636736e-02;3.097987e-02;8.510565e-02;3.440215e-02;7.336895e-02;6.965917e-02
5.399353e-02;2.866387e-01;2.430887e-01;4.501624e-02;1.660442e-02;5.049619e-02;5.365014e-02;1.701351e-02;1.042716e-01;2.498023e-02;4.056707e-02;6.367972e-02
4.420549e-02;2.568409e-01;2.752264e-01;6.943499e-02;2.268576e-02;7.057416e-02;5.769715e-02;1.934961e-02;1.010979e-01;2.155275e-02;2.079217e-02;4.054275e-02
1.132902e-01;2.165667e-01;2.335523e-01;8.236180e-02;2.425733e-02;7.429027e-02;7.172001e-02;2.386188e-02;8.996849e-02;2.078683e-02;2.228889e-02;2.705523e-02
1.668024e-01;1.718246e-01;1.723876e-01;7.985798e-02;3.414325e-02;6.930692e-02;1.024858e-01;3.232411e-02;8.107381e-02;2.643104e-02;4.406992e-02;1.929270e-02
1.374958e-01;1.529665e-01;2.173824e-01;5.305503e-02;5.095490e-02;5.384926e-02;1.136762e-01;3.023764e-02;6.278939e-02;4.183347e-02;6.002270e-02;2.573667e-02
9.138870e-02;1.568630e-01;2.877403e-01;3.584409e-02;5.344344e-02;5.015887e-02;9.102417e-02;3.679127e-02;5.729585e-02;3.086124e-02;6.750578e-02;4.108335e-02
1.163639e-01;1.288251e-01;2.109429e-01;4.508805e-02;3.732188e-02;6.276894e-02;1.890475e-01;3.940948e-02;5.417571e-02;2.506696e-02;5.948750e-02;3.150209e-02
1.168522e-01;8.377089e-02;1.164098e-01;5.570083e-02;3.261400e-02;7.977786e-02;2.905616e-01;3.652366e-02;5.633125e-02;3.592790e-02;5.337572e-02;4.215432e-02
7.318403e-02;6.517446e-02;8.953945e-02;5.645854e-02;5.014414e-02;8.089188e-02;3.701978e-01;3.618918e-02;4.476849e-02;3.754274e-02;5.473897e-02;4.117033e-02
4.413066e-02;6.462162e-02;1.430846e-01;3.023858e-02;6.947847e-02;9.756045e-02;3.359059e-01;2.639360e-02;4.569872e-02;4.719240e-02;6.995574e-02;2.573932e-02
5.388575e-02;7.478847e-02;1.708285e-01;2.300193e-02;9.744906e-02;1.069267e-01;2.497172e-01;1.702688e-02;3.911200e-02;5.879933e-02;8.128607e-02;2.717802e-02
5.960812e-02;7.621516e-02;1.963155e-01;3.375274e-02;1.155847e-01;8.863710e-02;1.998567e-01;1.570956e-02;3.808346e-02;7.009948e-02;7.741221e-02;2.872525e-02
4.249036e-02;8.380768e-02;2.908881e-01;5.721733e-02;9.465599e-02;4.566872e-02;1.575636e-01;3.124274e-02;4.538243e-02;6.048801e-02;6.003316e-02;3.056184e-02
4.827580e-02;6.060777e-02;4.021871e-01;6.979086e-02;8.585779e-02;3.461210e-02;1.266569e-01;3.776165e-02;3.049692e-02;4.243204e-02;3.925024e-02;2.207085e-02
7.936976e-02;6.313647e-02;3.703896e-01;7.301354e-02;8.225121e-02;3.215425e-02;1.212069e-01;2.851409e-02;3.261104e-02;4.643048e-02;5.871903e-02;1.220363e-02
6.578154e-02;8.442840e-02;1.993059e-01;6.970652e-02;7.935930e-02;5.447267e-02;2.123378e-01;2.655300e-02;5.466137e-02;5.291631e-02;6.772735e-02;3.274979e-02
6.252166e-02;1.067820e-01;1.715486e-01;6.841807e-02;5.160357e-02;5.419599e-02;2.378571e-01;3.553503e-02;4.815072e-02;5.390533e-02;5.427302e-02;5.520890e-02
8.081336e-02;1.172310e-01;2.224861e-01;7.613204e-02;4.584906e-02;4.304462e-02;1.721632e-01;3.659607e-02;2.532407e-02;3.438340e-02;7.428482e-02;7.169211e-02
7.612988e-02;7.184732e-02;2.248143e-01;7.273364e-02;4.762439e-02;3.205574e-02;1.628537e-01;3.752456e-02;4.245022e-02;5.314724e-02;9.988298e-02;7.893606e-02
8.953210e-02;5.459154e-02;1.696761e-01;4.618317e-02;6.674008e-02;4.895251e-02;1.683165e-01;4.198122e-02;6.712054e-02;7.688353e-02;9.673328e-02;7.328943e-02
1.180517e-01;5.635527e-02;1.892376e-01;4.815017e-02;1.217655e-01;4.531534e-02;1.333705e-01;2.666765e-02;9.474014e-02;5.251622e-02;6.024140e-02;5.358854e-02
8.913700e-02;4.030732e-02;2.924040e-01;3.878237e-02;1.382488e-01;5.225375e-02;1.412023e-01;2.753989e-02;1.019817e-01;2.217903e-02;3.493566e-02;2.102813e-02
7.531017e-02;5.179331e-02;2.951375e-01;5.207399e-02;1.138063e-01;3.471561e-02;1.482976e-01;4.099489e-02;8.727358e-02;3.415448e-02;4.347077e-02;2.297185e-02
9.156609e-02;8.398531e-02;2.464959e-01;7.333913e-02;9.278584e-02;2.845522e-02;1.276247e-01;5.163620e-02;5.664393e-02;6.005931e-02;5.091072e-02;3.649766e-02
6.415289e-02;8.966017e-02;1.862696e-01;9.601369e-02;7.986918e-02;5.685197e-02;1.131959e-01;7.631517e-02;6.521414e-02;7.277989e-02;5.342465e-02;4.625276e-02
6.265432e-02;4.488319e-02;1.316804e-01;3.845890e-02;9.711039e-02;6.876691e-02;1.654432e-01;8.792540e-02;1.283066e-01;8.021207e-02;4.635251e-02;4.820605e-02
5.412952e-02;3.644502e-02;1.234877e-01;4.645241e-02;8.325287e-02;7.683498e-02;2.012589e-01;9.446695e-02;1.200496e-01;7.086139e-02;5.042529e-02;4.233532e-02
4.413126e-02;3.990787e-02;9.404165e-02;6.117719e-02;6.035659e-02;6.674397e-02;2.834795e-01;6.069628e-02;1.155466e-01;6.532669e-02;6.164259e-02;4.694985e-02
5.147557e-02;5.145426e-02;1.064376e-01;6.190707e-02;6.396858e-02;6.076023e-02;2.469118e-01;6.186303e-02;1.033893e-01;8.530750e-02;6.220611e-02;4.431894e-02
4.930018e-02;6.662241e-02;8.739075e-02;4.768850e-02;1.154579e-01;6.315569e-02;1.615161e-01;1.015588e-01;1.096105e-01;9.993530e-02;5.346869e-02;4.429519e-02
5.572640e-02;7.003032e-02;6.140574e-02;4.265171e-02;1.279452e-01;7.284026e-02;1.550523e-01;1.174305e-01;1.001657e-01;9.324864e-02;5.811505e-02;4.538816e-02
5.467945e-02;4.258193e-02;1.730853e-01;4.656709e-02;8.587628e-02;9.144398e-02;1.878215e-01;7.945800e-02;7.206062e-02;7.145658e-02;5.258529e-02;4.238398e-02
5.479676e-02;2.137282e-02;2.504838e-01;5.359495e-02;6.857708e-02;9.897030e-02;2.356985e-01;3.751015e-02;4.999276e-02;5.430174e-02;3.931087e-02;3.539026e-02
5.963075e-02;3.785958e-02;1.947545e-01;4.620923e-02;1.290215e-01;1.130033e-01;2.203112e-01;3.985555e-02;5.120578e-02;5.697072e-02;2.818116e-02;2.299676e-02
7.953069e-02;3.973479e-02;2.913392e-01;5.138940e-02;1.319519e-01;9.189862e-02;1.168153e-01;3.233983e-02;4.673509e-02;5.643456e-02;3.649911e-02;2.533151e-02
6.727476e-02;3.200892e-02;3.828285e-01;5.192020e-02;9.925671e-02;6.065262e-02;9.656653e-02;5.114102e-02;4.015150e-02;4.732342e-02;4.247028e-02;2.840555e-02
4.799296e-02;2.639925e-02;3.491795e-01;5.485910e-02;9.806967e-02;7.376543e-02;1.005981e-01;5.976321e-02;4.728454e-02;5.793278e-02;5.066616e-02;3.348931e-02
6.982162e-02;3.495740e-02;1.970320e-01;6.317828e-02;1.203051e-01;1.151004e-01;6.746416e-02;5.521044e-02;8.573499e-02;8.189502e-02;6.432515e-02;4.497545e-02
9.070541e-02;4.384197e-02;1.953865e-01;4.492436e-02;7.522415e-02;8.966603e-02;9.294722e-02;5.774090e-02;9.780505e-02;8.416459e-02;7.230464e-02;5.528915e-02
7.289191e-02;4.136949e-02;2.963914e-01;4.430051e-02;5.763102e-02;6.120708e-02;1.449577e-01;5.152973e-02;7.366292e-02;6.894627e-02;5.228771e-02;3.482429e-02
6.699719e-02;4.631558e-02;2.819985e-01;6.183260e-02;5.863284e-02;5.922826e-02;1.493683e-01;8.299364e-02;5.928782e-02;5.804080e-02;4.621330e-02;2.909107e-02
8.464820e-02;7.148636e-02;1.563337e-01;7.124448e-02;5.599879e-02;5.632505e-02;1.036957e-01;1.150503e-01;9.217983e-02;7.335813e-02;7.383011e-02;4.584938e-02
8.637472e-02;8.770987e-02;1.354911e-01;6.385908e-02;4.077172e-02;5.716056e-02;1.379567e-01;1.074510e-01;8.608483e-02;6.920552e-02;7.652488e-02;5.141002e-02
1.114081e-01;1.246314e-01;2.122396e-01;5.375299e-02;4.041742e-02;6.166350e-02;1.395334e-01;5.755489e-02;6.092228e-02;4.783301e-02;4.728323e-02;4.276017e-02
1.127068e-01;9.588686e-02;2.526091e-01;4.048130e-02;4.443821e-02;8.245190e-02;1.278889e-01;5.403296e-02;6.910639e-02;4.761853e-02;4.072832e-02;3.205079e-02
9.154744e-02;3.515713e-02;2.861346e-01;3.780530e-02;4.620840e-02;1.092389e-01;1.154381e-01;5.973330e-02;7.468819e-02;5.365694e-02;5.749606e-02;3.289565e-02
5.210995e-02;6.287150e-02;3.109489e-01;4.608770e-02;3.705091e-02;1.137647e-01;1.351174e-01;5.449783e-02;5.455846e-02;4.433293e-02;6.407470e-02;2.458504e-02
3.769583e-02;8.584166e-02;2.936888e-01;4.348329e-02;3.406878e-02;1.003694e-01;1.500604e-01;6.023488e-02;7.537021e-02;3.704297e-02;6.050022e-02;2.164351e-02
6.576243e-02;7.250407e-02;2.601401e-01;3.555214e-02;3.198909e-02;9.758894e-02;1.253589e-01;5.034116e-02;1.079908e-01;6.417276e-02;6.918601e-02;1.941363e-02
6.101730e-02;4.170142e-02;2.379201e-01;3.779580e-02;4.182241e-02;1.010473e-01;1.089670e-01;3.641262e-02;1.005302e-01;1.151081e-01;9.180481e-02;2.587302e-02
6.220335e-02;3.471500e-02;2.178271e-01;3.619678e-02;4.750782e-02;9.404342e-02;1.162644e-01;3.298282e-02;7.487711e-02;1.414229e-01;1.046458e-01;3.731365e-02
6.634054e-02;4.857685e-02;1.770093e-01;3.611266e-02;6.139142e-02;8.079686e-02;1.000592e-01;3.794474e-02;7.770268e-02;1.606650e-01;1.152833e-01;3.811745e-02
3.556634e-02;4.504815e-02;1.734934e-01;3.676788e-02;7.513632e-02;8.007352e-02;1.453574e-01;6.042781e-02;5.532741e-02;1.429113e-01;1.108556e-01;3.903474e-02
3.818211e-02;4.552992e-02;1.227276e-01;2.704628e-02;6.138493e-02;9.480616e-02;2.694993e-01;6.485319e-02;4.148269e-02;9.737995e-02;8.743688e-02;4.967096e-02
3.602438e-02;5.668873e-02;9.048376e-02;3.387771e-02;4.816467e-02;9.002618e-02;3.391521e-01;4.471914e-02;5.875134e-02;6.949413e-02;8.558406e-02;4.703377e-02
6.173540e-02;6.114028e-02;1.301309e-01;3.617952e-02;2.684634e-02;5.289055e-02;3.230454e-01;4.412162e-02;4.208034e-02;7.335316e-02;1.061375e-01;4.233897e-02
8.120294e-02;6.686433e-02;1.130153e-01;4.111590e-02;3.652673e-02;3.313832e-02;2.738020e-01;6.548901e-02;5.149365e-02;8.208121e-02;1.077595e-01;4.751113e-02
5.515276e-02;5.048651e-02;1.100213e-01;4.485761e-02;6.278777e-02;4.613673e-02;2.597686e-01;7.941575e-02;9.188706e-02;6.378098e-02;8.608968e-02;4.961528e-02
3.848659e-02;4.808152e-02;1.388564e-01;4.371250e-02;7.826739e-02;7.121927e-02;2.445786e-01;7.262047e-02;9.795655e-02;6.015582e-02;7.130127e-02;3.476360e-02
4.857285e-02;4.614521e-02;1.361493e-01;4.169647e-02;7.838072e-02;9.984064e-02;2.262927e-01;5.302534e-02;6.855691e-02;7.837307e-02;8.812016e-02;3.484656e-02
5.305276e-02;5.526409e-02;1.104343e-01;4.722843e-02;9.621090e-02;8.699532e-02;2.213229e-01;6.097148e-02;3.770825e-02;9.360596e-02;9.283574e-02;4.436977e-02
6.488820e-02;4.289539e-02;1.415918e-01;5.722398e-02;7.739039e-02;6.865974e-02;2.360538e-01;6.981555e-02;4.338126e-02;8.615920e-02;7.517888e-02;3.676181e-02
9.813449e-02;4.629595e-02;1.693355e-01;8.037473e-02;5.309556e-02;5.872526e-02;2.322626e-01;6.911163e-02;4.833048e-02;5.915002e-02;4.864345e-02;3.654025e-02
7.984430e-02;3.934382e-02;1.678156e-01;6.636535e-02;8.932838e-02;8.003836e-02;1.888734e-01;7.403844e-02;5.755745e-02;6.344146e-02;5.494480e-02;3.840864e-02
4.790876e-02;4.936459e-02;1.442545e-01;5.407459e-02;8.519994e-02;9.086216e-02;1.999603e-01;9.006362e-02;6.377181e-02;6.680155e-02;7.383528e-02;3.390288e-02
4.811684e-02;3.266716e-02;1.536771e-01;5.801181e-02;8.145086e-02;7.655066e-02;2.124507e-01;8.432721e-02;1.013753e-01;5.697320e-02;6.783240e-02;2.656671e-02
4.401102e-02;1.446035e-02;1.663286e-01;4.648446e-02;7.091322e-02;8.372340e-02;1.830482e-01;8.912863e-02;1.288147e-01;5.521645e-02;8.805270e-02;2.981814e-02
6.238288e-02;2.344447e-02;1.478842e-01;4.425142e-02;4.847651e-02;1.185872e-01;1.411067e-01;6.802964e-02;1.245130e-01;8.283555e-02;1.095800e-01;2.890847e-02
7.389289e-02;3.005569e-02;1.277394e-01;3.132368e-02;3.750340e-02;1.290575e-01;1.151720e-01;5.289937e-02;1.268381e-01;1.151735e-01;1.270146e-01;3.332992e-02
6.595115e-02;2.758260e-02;9.741440e-02;3.173336e-02;4.911345e-02;1.178853e-01;1.274167e-01;6.121938e-02;1.138882e-01;1.352547e-01;1.346812e-01;3.785960e-02
5.653209e-02;3.406838e-02;7.027347e-02;4.027348e-02;5.977826e-02;1.039595e-01;1.218585e-01;8.490060e-02;7.632678e-02;1.149523e-01;1.597172e-01;7.735949e-02
4.822321e-02;4.533875e-02;5.977856e-02;4.517850e-02;7.065725e-02;1.059051e-01;1.143940e-01;9.293611e-02;5.931972e-02;8.148429e-02;1.557340e-01;1.210506e-01
5.417634e-02;4.938257e-02;5.541829e-02;5.872453e-02;9.877893e-02;1.157900e-01;1.249771e-01;1.044552e-01;6.441344e-02;8.227323e-02;8.849382e-02;1.031166e-01
1.001895e-01;5.479017e-02;6.897014e-02;6.244925e-02;1.095898e-01;1.141730e-01;1.465144e-01;8.327534e-02;7.534135e-02;7.980441e-02;5.250961e-02;5.239306e-02
1.469363e-01;7.668973e-02;9.387644e-02;4.643950e-02;8.968370e-02;1.093335e-01;1.303048e-01;5.595725e-02;7.428353e-02;6.492296e-02;6.392056e-02;4.765177e-02
1.720445e-01;1.046671e-01;1.190813e-01;2.837251e-02;5.894139e-02;1.142319e-01;8.346308e-02;6.340564e-02;6.582531e-02;4.984372e-02;7.385786e-02;6.626566e-02
1.901648e-01;1.105059e-01;1.431666e-01;1.608913e-02;4.184446e-02;1.152270e-01;7.253350e-02;8.094084e-02;4.526602e-02;3.776303e-02;8.133069e-02;6.516804e-02
1.835893e-01;1.118146e-01;1.484407e-01;1.805717e-02;4.603541e-02;1.099092e-01;8.163240e-02;8.430982e-02;4.874275e-02;3.199216e-02;8.032409e-02;5.515243e-02
1.513236e-01;1.071888e-01;1.360301e-01;3.706640e-02;6.416883e-02;1.176613e-01;1.132912e-01;6.429605e-02;5.657893e-02;3.836356e-02;7.774141e-02;3.628979e-02
1.241156e-01;7.573164e-02;1.091238e-01;5.406425e-02;8.495414e-02;1.332471e-01;1.426765e-01;5.951942e-02;6.065724e-02;5.473945e-02;7.957643e-02;2.159443e-02
1.183686e-01;7.105989e-02;7.867357e-02;7.749515e-02;1.031956e-01;1.331609e-01;1.440003e-01;7.409462e-02;4.508862e-02;6.798879e-02;6.428526e-02;2.258861e-02
1.174552e-01;8.057784e-02;6.089085e-02;7.231873e-02;1.043725e-01;1.252151e-01;1.297909e-01;7.429907e-02;3.484524e-02;7.636710e-02;5.857955e-02;6.528798e-02
8.778427e-02;8.068393e-02;1.020682e-01;5.663468e-02;9.022029e-02;9.894004e-02;1.069866e-01;5.877143e-02;4.861899e-02;8.504838e-02;7.453641e-02;1.097067e-01
5.855312e-02;9.499498e-02;1.191926e-01;5.048925e-02;7.332877e-02;1.008301e-01;1.088833e-01;4.929023e-02;5.689233e-02;1.125309e-01;7.555170e-02;9.946279e-02
4.086198e-02;8.200786e-02;1.283389e-01;3.692695e-02;8.317284e-02;1.344807e-01;1.672228e-01;5.001402e-02;4.774589e-02;1.088172e-01;6.799538e-02;5.241548e-02
3.550357e-02;8.423825e-02;1.223343e-01;3.058701e-02;9.585690e-02;1.432827e-01;1.882585e-01;5.363373e-02;3.527315e-02;9.403526e-02;8.301286e-02;3.398369e-02
2.886085e-02;8.780406e-02;7.280079e-02;4.554642e-02;1.105838e-01;1.440141e-01;1.846147e-01;6.789370e-02;3.505272e-02;9.227978e-02;8.907039e-02;4.147867e-02
3.292664e-02;6.736313e-02;8.024472e-02;6.888788e-02;1.273611e-01;1.358267e-01;1.861782e-01;6.671442e-02;2.647237e-02;8.221272e-02;9.240387e-02;3.340828e-02
3.070164e-02;3.618707e-02;8.098157e-02;8.085819e-02;1.285087e-01;1.255995e-01;2.397195e-01;5.534974e-02;2.123622e-02;7.050063e-02;9.874658e-02;3.161072e-02
3.446935e-02;3.306933e-02;6.122445e-02;9.228044e-02;1.230478e-01;1.120806e-01;2.741726e-01;4.760465e-02;2.499119e-02;7.392073e-02;9.535083e-02;2.778802e-02
2.978845e-02;5.384011e-02;8.324555e-02;9.095749e-02;1.076145e-01;1.179281e-01;2.334075e-01;5.624238e-02;2.969687e-02;8.369797e-02;8.735418e-02;2.622700e-02
2.458286e-02;6.218587e-02;9.420386e-02;6.503735e-02;1.034783e-01;1.209912e-01;2.076073e-01;8.267492e-02;4.494075e-02;8.808734e-02;8.418415e-02;2.202601e-02
2.308085e-02;5.542086e-02;7.174247e-02;3.729492e-02;1.020345e-01;1.129041e-01;2.483297e-01;9.626339e-02;7.015169e-02;8.746208e-02;7.204042e-02;2.327499e-02
1.716289e-02;4.462405e-02;6.205274e-02;3.921419e-02;1.052923e-01;1.100006e-01;2.495711e-01;6.901830e-02;1.256327e-01;9.694909e-02;6.515557e-02;1.532646e-02
3.525100e-02;2.527714e-02;7.172431e-02;3.332954e-02;9.164845e-02;1.250427e-01;2.362230e-01;5.755067e-02;1.455243e-01;8.740418e-02;7.409651e-02;1.692814e-02
4.209504e-02;2.352774e-02;1.011186e-01;2.184037e-02;7.507873e-02;1.438275e-01;2.260149e-01;7.944536e-02;1.187025e-01;7.807504e-02;7.516448e-02;1.510965e-02
4.267756e-02;2.976420e-02;1.290859e-01;2.147432e-02;6.797795e-02;1.379863e-01;2.271897e-01;8.186822e-02;9.546883e-02;8.557867e-02;6.864617e-02;1.228217e-02
4.011570e-02;3.472088e-02;1.672276e-01;4.010335e-02;7.680426e-02;1.122314e-01;2.362675e-01;5.618564e-02;9.135739e-02;7.311218e-02;5.810345e-02;1.377072e-02
2.831289e-02;4.753353e-02;1.900433e-01;6.227692e-02;7.888903e-02;7.723692e-02;2.555014e-01;3.001391e-02;1.218412e-01;4.608485e-02;4.653298e-02;1.573314e-02
2.989207e-02;7.424204e-02;1.800271e-01;5.466025e-02;7.993874e-02;6.526630e-02;2.769434e-01;3.351021e-02;1.037586e-01;3.193684e-02;4.365906e-02;2.616554e-02
4.147514e-02;7.218701e-02;1.583106e-01;3.393249e-02;8.451486e-02;7.510805e-02;2.900062e-01;3.983470e-02;7.074432e-02;3.743191e-02;5.114336e-02;4.531140e-02
5.212712e-02;4.343620e-02;1.496336e-01;2.291397e-02;9.229339e-02;9.381115e-02;2.825839e-01;5.113396e-02;5.735646e-02;3.788562e-02;6.456471e-02;5.225990e-02
3.635415e-02;3.846377e-02;1.457884e-01;2.005903e-02;8.618033e-02;9.777630e-02;2.942146e-01;8.181030e-02;4.012728e-02;4.390036e-02;6.645603e-02;4.886939e-02
3.550859e-02;3.951325e-02;1.008524e-01;2.990080e-02;6.525274e-02;9.765995e-02;3.335757e-01;9.579869e-02;3.645652e-02;4.640889e-02;7.185731e-02;4.721522e-02
3.392654e-02;4.454260e-02;9.500743e-02;3.034547e-02;5.492165e-02;9.167220e-02;3.403466e-01;9.044780e-02;4.080012e-02;5.195611e-02;7.252778e-02;5.350563e-02
4.726914e-02;4.545816e-02;1.029464e-01;2.716201e-02;6.594042e-02;7.817341e-02;2.962082e-01;1.052647e-01;5.224659e-02;5.915917e-02;7.413808e-02;4.603364e-02
5.130335e-02;2.578007e-02;1.054575e-01;2.746366e-02;7.301638e-02;8.017156e-02;2.582084e-01;9.377313e-02;7.902770e-02;7.107976e-02;8.517256e-02;4.954595e-02
7.599900e-02;2.901937e-02;1.322889e-01;3.135779e-02;5.036568e-02;7.845497e-02;2.253429e-01;4.936156e-02;8.504137e-02;8.668732e-02;9.854761e-02;5.753348e-02
8.239169e-02;4.209003e-02;1.518971e-01;3.564879e-02;4.150803e-02;7.392814e-02;1.938838e-01;3.032233e-02;6.637231e-02;1.021926e-01;1.265114e-01;5.325375e-02
7.630614e-02;4.272751e-02;1.480460e-01;2.942992e-02;4.117224e-02;8.850634e-02;1.746764e-01;1.881074e-02;4.981418e-02;1.119433e-01;1.574117e-01;6.115549e-02
7.279608e-02;5.261899e-02;1.408931e-01;2.793711e-02;5.611488e-02;8.975288e-02;1.644842e-01;3.315572e-02;3.586402e-02;1.017847e-01;1.543745e-01;7.022387e-02
7.362777e-02;6.777079e-02;1.155850e-01;3.177725e-02;8.381516e-02;8.452570e-02;1.405201e-01;5.258600e-02;5.308126e-02;9.203126e-02;1.343093e-01;7.037044e-02
9.034508e-02;7.431252e-02;1.016463e-01;3.171517e-02;9.894088e-02;5.790776e-02;7.585874e-02;6.584431e-02;7.110859e-02;1.315103e-01;1.350632e-01;6.574713e-02
1.027511e-01;8.412998e-02;1.406302e-01;2.712908e-02;9.144218e-02;6.052711e-02;7.190768e-02;5.001638e-02;6.798813e-02;1.410018e-01;1.025789e-01;5.989742e-02
9.979566e-02;8.396402e-02;2.093987e-01;3.983212e-02;8.253051e-02;5.523938e-02;1.096821e-01;2.796224e-02;6.791762e-02;1.064167e-01;8.153797e-02;3.572311e-02
6.480993e-02;7.380499e-02;2.259406e-01;5.478089e-02;8.743270e-02;4.084852e-02;1.301212e-01;2.833799e-02;7.629689e-02;7.966802e-02;8.749599e-02;5.046233e-02
9.168395e-02;8.812833e-02;1.770384e-01;4.867769e-02;9.010991e-02;6.271233e-02;1.320211e-01;2.355970e-02;6.958582e-02;6.939626e-02;5.137695e-02;9.570960e-02
1.199965e-01;1.016628e-01;1.285887e-01;3.958461e-02;7.702862e-02;8.275265e-02;1.139288e-01;4.039375e-02;5.757201e-02;6.062441e-02;6.060075e-02;1.172664e-01
1.042352e-01;5.459679e-02;1.171557e-01;2.616260e-02;7.946277e-02;1.104767e-01;2.023101e-01;4.995306e-02;4.250116e-02;5.117667e-02;7.919281e-02;8.277640e-02
5.844836e-02;2.508537e-02;1.061726e-01;2.964399e-02;7.991254e-02;9.943737e-02;3.161069e-01;4.924951e-02;6.076674e-02;4.093637e-02;7.919867e-02;5.504161e-02
3.520104e-02;2.774044e-02;1.270318e-01;2.947810e-02;7.548855e-02;7.948886e-02;3.667241e-01;5.075640e-02;5.757279e-02;3.879783e-02;6.663687e-02;4.508319e-02
2.814286e-02;3.610034e-02;1.133011e-01;3.063455e-02;7.802097e-02;8.179139e-02;3.913126e-01;3.450739e-02;5.718209e-02;4.553111e-02;6.299050e-02;4.048502e-02
3.224953e-02;2.738358e-02;1.352034e-01;2.666795e-02;8.192787e-02;1.020314e-01;3.576885e-01;2.438367e-02;5.027675e-02;4.875781e-02;8.531360e-02;2.811597e-02
3.629521e-02;5.020545e-02;1.239859e-01;2.581771e-02;9.775593e-02;1.184937e-01;2.877672e-01;2.740139e-02;3.266966e-02;7.261670e-02;1.043551e-01;2.263608e-02
3.058290e-02;7.875286e-02;1.053192e-01;2.363773e-02;1.293841e-01;1.231026e-01;2.241749e-01;3.248989e-02;3.140038e-02;9.087598e-02;1.068279e-01;2.345154e-02
4.938065e-02;8.826594e-02;7.292177e-02;3.267826e-02;1.589193e-01;1.171118e-01;1.479098e-01;3.489862e-02;4.325019e-02;1.019294e-01;1.070999e-01;4.563424e-02
7.902399e-02;7.132111e-02;1.862997e-01;5.756076e-02;1.514202e-01;1.021425e-01;8.319743e-02;3.260477e-02;3.993742e-02;8.067399e-02;7.758009e-02;3.823807e-02
8.425878e-02;5.074611e-02;2.901603e-01;6.699795e-02;1.200019e-01;8.651383e-02;9.261509e-02;3.443031e-02;4.418106e-02;6.303021e-02;4.829099e-02;1.877342e-02
5.237436e-02;5.395553e-02;3.331951e-01;6.368680e-02;1.106913e-01;8.395851e-02;1.010137e-01;3.254176e-02;3.306242e-02;5.208375e-02;5.857059e-02;2.486618e-02
4.552244e-02;6.859415e-02;2.301010e-01;6.404608e-02;1.244241e-01;1.211439e-01;1.341683e-01;2.844740e-02;4.153562e-02;6.197783e-02;6.107998e-02;1.895921e-02
4.593330e-02;8.647523e-02;1.204535e-01;5.689832e-02;9.351428e-02;1.183781e-01;2.544408e-01;3.489356e-02;4.851234e-02;7.229155e-02;4.835032e-02;1.985876e-02
6.080177e-02;7.716001e-02;2.074043e-01;4.055016e-02;5.196094e-02;9.322415e-02;2.333704e-01;3.167008e-02;4.745374e-02;7.912780e-02;4.705257e-02;3.022401e-02
6.576876e-02;5.019813e-02;1.978189e-01;3.671664e-02;5.044218e-02;9.124172e-02;2.040608e-01;4.359818e-02;5.237756e-02;1.004189e-01;7.207983e-02;3.527841e-02
6.233631e-02;5.748224e-02;1.120803e-01;7.086826e-02;7.511517e-02;7.039032e-02;2.059121e-01;4.897369e-02;6.505039e-02;1.023294e-01;9.271015e-02;3.675164e-02
6.403719e-02;6.648970e-02;1.973211e-01;9.046222e-02;4.757461e-02;8.958270e-02;1.810008e-01;2.731136e-02;6.294844e-02;5.990679e-02;5.746537e-02;5.589972e-02
8.652016e-02;9.025715e-02;1.316500e-01;5.974390e-02;4.304376e-02;7.563033e-02;9.758059e-02;1.042301e-01;1.218956e-01;7.985267e-02;5.401871e-02;5.557703e-02
9.034966e-02;8.563700e-02;9.840538e-02;4.151544e-02;4.037907e-02;6.129521e-02;1.098162e-01;1.130718e-01;1.439613e-01;9.419810e-02;5.713185e-02;6.423902e-02
9.064049e-02;8.118227e-02;9.587556e-02;3.852729e-02;3.854752e-02;5.567017e-02;1.291616e-01;1.072848e-01;1.464776e-01;9.429360e-02;5.879488e-02;6.354424e-02
9.059554e-02;7.196648e-02;1.046012e-01;3.612229e-02;4.471785e-02;5.529409e-02;1.451458e-01;8.753301e-02;1.393847e-01;1.021882e-01;6.144653e-02;6.100432e-02
7.221978e-02;6.731150e-02;1.313149e-01;4.278602e-02;4.565356e-02;6.462279e-02;1.249554e-01;7.607774e-02;1.038276e-01;1.569093e-01;4.316659e-02;7.115465e-02
6.364717e-02;7.089319e-02;9.438497e-02;5.242015e-02;5.898054e-02;8.201388e-02;1.680790e-01;6.997401e-02;6.760185e-02;1.798044e-01;5.095569e-02;4.124511e-02
6.486616e-02;4.664224e-02;1.925567e-01;5.069664e-02;9.093382e-02;6.753777e-02;1.951945e-01;3.418569e-02;4.766618e-02;1.290972e-01;5.252581e-02;2.809738e-02
7.627369e-02;4.056794e-02;2.945555e-01;4.634079e-02;8.854278e-02;5.974039e-02;1.779535e-01;2.567098e-02;4.860261e-02;7.759906e-02;3.968929e-02;2.446345e-02
8.374022e-02;5.647690e-02;3.406409e-01;3.749639e-02;7.360333e-02;5.079822e-02;1.725724e-01;2.219696e-02;5.586022e-02;5.544763e-02;3.341935e-02;1.774745e-02
8.719175e-02;9.183534e-02;3.749675e-01;3.065765e-02;4.505292e-02;4.301065e-02;1.456681e-01;2.951895e-02;6.702494e-02;4.563694e-02;2.831315e-02;1.112213e-02
6.566875e-02;1.337036e-01;4.445691e-01;4.673566e-02;3.266865e-02;4.414623e-02;4.614468e-02;4.601148e-02;5.837215e-02;3.327083e-02;2.957294e-02;1.913600e-02
3.895153e-02;1.245470e-01;4.788251e-01;5.261604e-02;4.516174e-02;6.059801e-02;4.993511e-02;3.270399e-02;4.703543e-02;2.675255e-02;2.027773e-02;2.259576e-02
3.396934e-02;1.214606e-01;5.308733e-01;4.479954e-02;3.724680e-02;6.955145e-02;3.180912e-02;1.893624e-02;3.830466e-02;2.993450e-02;1.717968e-02;2.593473e-02
3.683551e-02;1.095246e-01;5.541946e-01;3.291361e-02;3.392043e-02;6.547739e-02;3.700922e-02;1.955858e-02;3.114053e-02;3.563770e-02;1.965204e-02;2.413588e-02
5.279340e-02;9.925572e-02;5.584355e-01;3.947911e-02;3.158811e-02;4.840181e-02;4.756170e-02;2.315660e-02;3.023963e-02;3.343382e-02;1.670675e-02;1.894786e-02
6.351493e-02;9.587569e-02;5.551109e-01;3.941014e-02;2.978586e-02;3.708470e-02;4.257366e-02;2.587448e-02;3.832250e-02;2.377753e-02;2.867147e-02;1.999809e-02
3.619531e-02;1.489412e-01;4.740812e-01;4.124292e-02;3.562991e-02;3.661137e-02;5.229579e-02;2.965130e-02;5.218416e-02;2.385250e-02;3.957202e-02;2.974224e-02
3.338020e-02;2.069571e-01;3.615150e-01;5.001620e-02;3.855385e-02;3.755977e-02;6.824924e-02;3.752856e-02;5.733021e-02;3.513707e-02;4.292223e-02;3.085064e-02
5.825671e-02;1.812950e-01;2.432087e-01;4.934564e-02;4.556846e-02;3.505468e-02;1.002349e-01;7.522595e-02;9.344711e-02;4.464861e-02;3.182427e-02;4.188990e-02
7.066402e-02;1.187638e-01;9.187413e-02;5.323071e-02;8.172818e-02;4.410723e-02;9.290636e-02;1.159124e-01;1.293534e-01;6.681372e-02;4.886574e-02;8.578037e-02
3.437723e-02;5.439682e-02;3.104660e-01;6.687103e-02;9.431081e-02;3.910096e-02;3.728318e-02;6.785259e-02;7.098091e-02;7.419542e-02;7.105880e-02;7.910619e-02
4.792784e-02;6.327752e-02;3.875017e-01;6.020503e-02;7.201488e-02;2.524716e-02;3.858259e-02;5.243988e-02;6.544703e-02;6.139348e-02;6.803507e-02;5.792779e-02
5.749759e-02;8.039001e-02;3.999861e-01;5.093709e-02;5.478517e-02;2.038944e-02;3.580770e-02;9.044757e-02;6.218461e-02;6.444235e-02;4.936323e-02;3.376909e-02
5.384884e-02;1.011398e-01;3.830288e-01;4.310542e-02;4.871091e-02;3.074509e-02;4.651252e-02;9.846281e-02;7.260643e-02;6.781180e-02;3.411186e-02;1.991575e-02
4.284418e-02;1.140511e-01;3.653816e-01;4.124999e-02;4.502305e-02;3.537477e-02;5.443004e-02;7.948697e-02;1.003334e-01;7.134020e-02;2.826165e-02;2.222303e-02
5.281989e-02;1.072134e-01;3.336359e-01;3.298183e-02;3.671766e-02;3.992822e-02;8.884580e-02;6.991770e-02;9.096277e-02;9.245778e-02;2.732925e-02;2.718984e-02
6.088626e-02;8.142228e-02;3.522671e-01;3.731440e-02;3.214826e-02;3.754644e-02;9.802167e-02;8.974984e-02;4.500962e-02;1.017345e-01;3.672837e-02;2.717122e-02
5.336424e-02;5.857512e-02;2.887702e-01;4.532626e-02;4.684386e-02;3.089743e-02;1.414425e-01;8.556686e-02;6.892558e-02;9.440985e-02;5.351700e-02;3.236109e-02
5.499883e-02;5.338766e-02;2.092560e-01;4.876586e-02;5.842451e-02;3.712581e-02;1.798625e-01;7.420020e-02;7.495183e-02;8.780167e-02;7.094436e-02;5.028075e-02
5.603553e-02;5.866442e-02;2.859536e-01;4.371634e-02;5.975169e-02;5.268914e-02;1.551932e-01;1.014140e-01;4.890185e-02;5.379558e-02;5.279176e-02;3.109282e-02
4.868124e-02;6.117083e-02;3.282385e-01;4.302333e-02;3.929490e-02;5.902321e-02;1.281256e-01;1.063683e-01;6.862749e-02;4.829976e-02;3.526986e-02;3.387706e-02
4.438115e-02;7.892641e-02;3.179883e-01;4.007276e-02;3.530057e-02;5.818494e-02;8.224820e-02;6.587707e-02;8.487615e-02;9.364336e-02;5.739076e-02;4.111029e-02
4.977479e-02;8.032411e-02;3.110369e-01;3.585961e-02;4.016160e-02;8.275004e-02;4.241493e-02;3.704749e-02;1.058271e-01;1.207382e-01;6.568471e-02;2.838053e-02
4.962913e-02;7.586480e-02;3.022254e-01;3.914934e-02;3.733414e-02;9.170511e-02;6.221944e-02;2.773814e-02;1.210833e-01;1.225645e-01;4.125531e-02;2.923136e-02
5.423233e-02;7.750656e-02;2.819953e-01;4.434603e-02;4.728551e-02;8.593377e-02;1.158929e-01;4.753314e-02;1.062702e-01;8.991179e-02;2.969602e-02;1.939641e-02
7.916110e-02;8.077887e-02;2.726102e-01;3.924582e-02;7.189063e-02;6.742470e-02;1.583839e-01;5.299728e-02;7.640579e-02;5.853910e-02;3.233741e-02;1.022508e-02
1.327877e-01;7.695835e-02;2.639500e-01;2.746438e-02;7.971051e-02;3.095050e-02;1.897671e-01;5.242544e-02;4.720998e-02;4.248040e-02;4.543852e-02;1.085714e-02
1.698256e-01;5.699676e-02;2.339978e-01;2.170270e-02;5.741672e-02;2.165724e-02;2.382855e-01;6.264953e-02;3.306946e-02;3.330296e-02;5.180886e-02;1.928685e-02
1.635851e-01;2.685002e-02;1.622989e-01;2.697652e-02;3.367583e-02;2.694488e-02;3.317435e-01;6.215599e-02;3.407759e-02;5.409100e-02;4.584629e-02;3.175440e-02
1.222468e-01;2.894686e-02;1.000294e-01;3.203332e-02;3.059231e-02;3.544112e-02;4.165556e-01;4.262789e-02;3.834009e-02;5.704442e-02;3.853264e-02;5.760954e-02
9.137870e-02;4.611445e-02;7.778747e-02;4.625148e-02;3.256635e-02;3.897913e-02;4.309577e-01;4.814608e-02;3.868868e-02;4.498915e-02;3.081479e-02;7.332604e-02
9.505824e-02;4.702177e-02;8.437952e-02;4.985910e-02;5.015085e-02;6.090546e-02;3.725922e-01;4.314661e-02;4.133967e-02;2.879198e-02;5.187825e-02;7.487638e-02
