7.956272e-02;1.235647e-01;1.015781e-01;4.859778e-02;4.277804e-02;1.370353e-01;6.819424e-02;9.422787e-02;5.616070e-02;6.829678e-02;8.855507e-02;9.144865e-02
9.273063e-02;1.220286e-01;9.048896e-02;5.097166e-02;4.648129e-02;1.016886e-01;6.476755e-02;6.744949e-02;6.213770e-02;7.844671e-02;1.136846e-01;1.091242e-01
8.284598e-02;1.444942e-01;8.987802e-02;3.575721e-02;4.288493e-02;8.057191e-02;5.966126e-02;6.576706e-02;7.479212e-02;7.651248e-02;1.207720e-01;1.260629e-01
5.434521e-02;1.368506e-01;7.350444e-02;3.806487e-02;4.104261e-02;8.406412e-02;5.597008e-02;8.497404e-02;9.271070e-02;8.181758e-02;1.190984e-01;1.375574e-01
5.621360e-02;1.007135e-01;6.056830e-02;2.755490e-02;4.643320e-02;8.192202e-02;9.694227e-02;1.037704e-01;8.968797e-02;8.332535e-02;1.296254e-01;1.232432e-01
8.992194e-02;1.012951e-01;6.422501e-02;2.681914e-02;4.631151e-02;7.251224e-02;9.883877e-02;1.509433e-01;7.326214e-02;7.280251e-02;1.073584e-01;9.571004e-02
1.353137e-01;1.430506e-01;7.937411e-02;2.857994e-02;4.024714e-02;6.007748e-02;6.015619e-02;2.269008e-01;6.332146e-02;5.972967e-02;6.586312e-02;3.738583e-02
1.173924e-01;1.888055e-01;8.240942e-02;2.056665e-02;2.990741e-02;5.878407e-02;8.594280e-02;2.345024e-01;4.310182e-02;4.768113e-02;3.009145e-02;6.081500e-02
9.345102e-02;2.380210e-01;8.498265e-02;2.061049e-02;2.984105e-02;6.157441e-02;6.216780e-02;1.947809e-01;3.742809e-02;6.840158e-02;3.496441e-02;7.377662e-02
7.555204e-02;2.731398e-01;1.365806e-01;3.702301e-02;4.274863e-02;5.975743e-02;6.899440e-02;1.232271e-01;7.738480e-02;5.996104e-02;2.157107e-02;2.406005e-02
3.612858e-02;2.757857e-01;2.398260e-01;2.328082e-02;3.645436e-02;8.183608e-02;4.722072e-02;5.789857e-02;8.879227e-02;8.305439e-02;1.620719e-02;1.351529e-02
1.918812e-02;2.027514e-01;3.187575e-01;2.808553e-02;2.696487e-02;5.048626e-02;4.582179e-02;2.445376e-02;5.446952e-02;1.644137e-01;4.886766e-02;1.573989e-02
1.895957e-02;1.142486e-01;3.262474e-01;5.016229e-02;2.237049e-02;2.951111e-02;6.391001e-02;1.945229e-02;2.404204e-02;1.992649e-01;1.207714e-01;1.105992e-02
2.616876e-02;6.860869e-02;2.886212e-01;6.868495e-02;1.611548e-02;3.631442e-02;7.336880e-02;2.871776e-02;1.192768e-02;1.830178e-01;1.883816e-01;1.007290e-02
3.976555e-02;6.362533e-02;2.526166e-01;7.515541e-02;1.733903e-02;3.151011e-02;7.062340e-02;1.979639e-02;1.433093e-02;1.958445e-01;2.113418e-01;8.051007e-03
5.218150e-02;5.342560e-02;2.394986e-01;5.482491e-02;1.659929e-02;2.466303e-02;9.155136e-02;2.287445e-02;1.930643e-02;2.578284e-01;1.590006e-01;8.245876e-03
5.887124e-02;4.196013e-02;2.340481e-01;4.199609e-02;1.214157e-02;1.547275e-02;9.314493e-02;2.642627e-02;3.875693e-02;3.370269e-01;9.207435e-02;8.080753e-03
5.011276e-02;7.770187e-02;1.966218e-01;4.539754e-02;2.552968e-02;3.416203e-02;7.511788e-02;2.674457e-02;6.214578e-02;3.011523e-01;8.865449e-02;1.665926e-02
3.867472e-02;1.282232e-01;1.678368e-01;4.521694e-02;4.158015e-02;6.016331e-02;5.996756e-02;4.338226e-02;6.854647e-02;2.223137e-01;1.011787e-01;2.291609e-02
2.821613e-02;1.386956e-01;2.512042e-01;8.804031e-02;7.464755e-02;5.060295e-02;5.769432e-02;4.497586e-02;3.457940e-02;1.007446e-01;1.093420e-01;2.125716e-02
2.189745e-02;6.224882e-02;1.644986e-01;1.575848e-01;7.312151e-02;7.667005e-02;6.777511e-02;4.699419e-02;2.172769e-02;6.450643e-02;2.273696e-01;1.560571e-02
1.065277e-02;2.100831e-02;1.009712e-01;1.902143e-01;4.583396e-02;1.001128e-01;3.734557e-02;6.649142e-02;1.928405e-02;6.850278e-02;3.226677e-01;1.691518e-02
4.749965e-03;2.862598e-02;1.503648e-01;1.906730e-01;4.205512e-02;9.589404e-02;1.605163e-02;6.718562e-02;1.613969e-02;5.577919e-02;3.241329e-01;8.348121e-03
6.808189e-03;5.532621e-02;2.341148e-01;1.778380e-01;5.010422e-02;8.815619e-02;1.765100e-02;5.537311e-02;1.166305e-02;4.683799e-02;2.403436e-01;1.578362e-02
1.443586e-02;9.810945e-02;3.206546e-01;1.413328e-01;4.430040e-02;7.235170e-02;1.894191e-02;5.067305e-02;8.186480e-03;5.204672e-02;1.524021e-01;2.656491e-02
2.226235e-02;1.532712e-01;3.819138e-01;7.864078e-02;2.670702e-02;5.538668e-02;3.585818e-02;3.163925e-02;1.459944e-02;5.956116e-02;1.195240e-01;2.063614e-02
2.392763e-02;2.296614e-01;3.769963e-01;5.739364e-02;1.771016e-02;4.244643e-02;3.120902e-02;2.255263e-02;1.925864e-02;5.080425e-02;1.205701e-01;7.469761e-03
2.599896e-02;2.125806e-01;3.793307e-01;7.939754e-02;1.554990e-02;3.036762e-02;2.414418e-02;2.495336e-02;2.184132e-02;3.383757e-02;1.320279e-01;1.997033e-02
1.970327e-02;1.171351e-01;3.206540e-01;1.323430e-01;4.135133e-02;7.860895e-02;2.085265e-02;2.729342e-02;1.866652e-02;3.499080e-02;1.473614e-01;4.103963e-02
1.383180e-02;6.340390e-02;1.633750e-01;1.680975e-01;1.452932e-01;1.333134e-01;1.632263e-02;2.373813e-02;1.029710e-02;3.600325e-02;1.306187e-01;9.570535e-02
1.372424e-02;3.079949e-02;6.087410e-02;1.348930e-01;2.360604e-01;1.958336e-01;2.532889e-02;9.581471e-03;1.080788e-02;2.779941e-02;1.043854e-01;1.499121e-01
9.271235e-03;2.748619e-02;9.158364e-02;1.364271e-01;2.713781e-01;1.977294e-01;2.526848e-02;1.237469e-02;8.235333e-03;1.996111e-02;3.565281e-02;1.646319e-01
5.989380e-03;1.935773e-02;6.576607e-02;1.652160e-01;2.751779e-01;1.617409e-01;1.600985e-02;9.218629e-03;6.237021e-03;1.786497e-02;9.658155e-02;1.608401e-01
8.006455e-03;2.960497e-02;8.815838e-02;1.754303e-01;2.303452e-01;1.468664e-01;1.232274e-02;1.654450e-02;9.775755e-03;1.942688e-02;1.180419e-01;1.454766e-01
1.068653e-02;6.629264e-02;1.791831e-01;1.289091e-01;1.475010e-01;1.635017e-01;1.031238e-02;3.496817e-02;7.502364e-03;3.594594e-02;1.091147e-01;1.060823e-01
1.755463e-02;1.179426e-01;1.969264e-01;6.943166e-02;1.020567e-01;1.433180e-01;2.194056e-02;3.956706e-02;1.452365e-02;5.654759e-02;1.372391e-01;8.295201e-02
3.815606e-02;1.665783e-01;7.099143e-02;9.375231e-02;1.092775e-01;9.837850e-02;2.694706e-02;3.501501e-02;2.617018e-02;7.767052e-02;1.602220e-01;9.684108e-02
3.562600e-02;1.555514e-01;1.806416e-01;6.511861e-02;7.292923e-02;1.093587e-01;2.466730e-02;3.554519e-02;1.964368e-02;7.443502e-02;1.536282e-01;7.285507e-02
2.528681e-02;1.065190e-01;1.916884e-01;1.179183e-01;7.482648e-02;1.053465e-01;3.789523e-02;4.130246e-02;2.630143e-02;8.707082e-02;1.439006e-01;4.194404e-02
1.922824e-02;7.181181e-02;2.126699e-01;1.915532e-01;1.079735e-01;1.010675e-01;2.922199e-02;4.448810e-02;2.418889e-02;7.847013e-02;8.701799e-02;3.230884e-02
1.505625e-02;1.031310e-01;2.247380e-01;1.765139e-01;1.734532e-01;9.016371e-02;1.158096e-02;3.190482e-02;1.792912e-02;5.137870e-02;6.791040e-02;3.624000e-02
2.145298e-02;1.184183e-01;1.888901e-01;1.111459e-01;2.149728e-01;7.384957e-02;1.758253e-02;3.041380e-02;2.446768e-02;4.987284e-02;1.042260e-01;4.470762e-02
2.601304e-02;9.646654e-02;1.398715e-01;7.399977e-02;2.331351e-01;7.462475e-02;4.325439e-02;5.373609e-02;2.768871e-02;5.455991e-02;1.390957e-01;3.755449e-02
2.385647e-02;6.179171e-02;1.329543e-01;1.228108e-01;2.083972e-01;1.038897e-01;4.887790e-02;7.261620e-02;3.845666e-02;4.172948e-02;1.149484e-01;2.967128e-02
1.512441e-02;8.432059e-02;1.971467e-01;1.160039e-01;1.712009e-01;1.033761e-01;4.019674e-02;8.868729e-02;3.912222e-02;2.821879e-02;6.561736e-02;5.098508e-02
2.908305e-02;9.454071e-02;3.041101e-01;7.598486e-02;1.280865e-01;7.966357e-02;3.306399e-02;5.868538e-02;2.348961e-02;3.921631e-02;8.002521e-02;5.405070e-02
2.841078e-02;9.737659e-02;3.615543e-01;1.341190e-01;8.192385e-02;5.300857e-02;4.328836e-02;2.508862e-02;1.362609e-02;8.082746e-02;6.291986e-02;1.785654e-02
1.811656e-02;9.564007e-02;4.007032e-01;1.267481e-01;4.318172e-02;2.626926e-02;6.542559e-02;1.651329e-02;1.514505e-02;1.378023e-01;3.460447e-02;1.985043e-02
2.022869e-02;1.086976e-01;3.955092e-01;8.050161e-02;2.077602e-02;3.622396e-02;6.974787e-02;1.709263e-02;2.079210e-02;1.998852e-01;1.405559e-02;1.648952e-02
2.284988e-02;1.411365e-01;3.485709e-01;5.065791e-02;1.690819e-02;3.093861e-02;5.713502e-02;1.467638e-02;3.346295e-02;2.315270e-01;3.479786e-02;1.733882e-02
2.015279e-02;1.780889e-01;2.974100e-01;4.447791e-02;2.414559e-02;4.196573e-02;3.982195e-02;2.672032e-02;5.283574e-02;2.071951e-01;4.099154e-02;2.619446e-02
2.304258e-02;1.817582e-01;2.365252e-01;6.019773e-02;3.688890e-02;9.265511e-02;4.052572e-02;4.897197e-02;6.705693e-02;1.381081e-01;3.891528e-02;3.535421e-02
4.207926e-02;1.685010e-01;1.972725e-01;7.216404e-02;5.456353e-02;1.328119e-01;4.894383e-02;6.868705e-02;7.236686e-02;6.767429e-02;3.857273e-02;3.636296e-02
3.718013e-02;1.839952e-01;2.303617e-01;6.312349e-02;4.783481e-02;9.538336e-02;4.947925e-02;5.416039e-02;7.837484e-02;6.308793e-02;3.014367e-02;6.687528e-02
1.877538e-02;1.954196e-01;2.043850e-01;5.411111e-02;2.544577e-02;1.192832e-01;3.081885e-02;3.888962e-02;1.136570e-01;8.217338e-02;1.728691e-02;9.975420e-02
1.349864e-02;2.251039e-01;1.530622e-01;4.472406e-02;8.642763e-03;1.387132e-01;1.314405e-02;2.000865e-02;1.475200e-01;9.450569e-02;1.419649e-02;1.268803e-01
1.733068e-02;2.433272e-01;1.119299e-01;4.551501e-02;1.181724e-02;1.344915e-01;9.950044e-03;1.865606e-02;1.684505e-01;6.153643e-02;1.800709e-02;1.589883e-01
1.808905e-02;2.302347e-01;1.689289e-01;3.961682e-02;1.075099e-02;8.625245e-02;1.375709e-02;2.373655e-02;1.395139e-01;8.312325e-02;2.611181e-02;1.598845e-01
2.494816e-02;2.321155e-01;2.853047e-01;3.209748e-02;2.030965e-02;3.678772e-02;1.931310e-02;2.218029e-02;7.290705e-02;1.244307e-01;1.573339e-02;1.138723e-01
3.828933e-02;2.242024e-01;3.041280e-01;3.753887e-02;2.751563e-02;3.782497e-02;3.066824e-02;2.420108e-02;2.900623e-02;1.198598e-01;3.139235e-02;9.537312e-02
4.741887e-02;1.949807e-01;2.777684e-01;5.542383e-02;3.047892e-02;4.332140e-02;3.113612e-02;3.224423e-02;6.677781e-02;9.013904e-02;4.367525e-02;8.663543e-02
2.638211e-02;1.857331e-01;2.905944e-01;6.674900e-02;1.128483e-02;7.690558e-02;2.333876e-02;4.220901e-02;1.156233e-01;7.552046e-02;2.796239e-02;5.769713e-02
2.763017e-02;2.141569e-01;2.893086e-01;7.205749e-02;3.125085e-02;8.331856e-02;2.267028e-02;4.246327e-02;1.209824e-01;4.094294e-02;2.289088e-02;3.232771e-02
3.092584e-02;2.225628e-01;2.534787e-01;8.636309e-02;4.035740e-02;7.946746e-02;2.509075e-02;3.194151e-02;9.671044e-02;3.658720e-02;2.270022e-02;7.381457e-02
3.339773e-02;2.077207e-01;3.196508e-01;7.408916e-02;2.384139e-02;7.819476e-02;2.433039e-02;2.526301e-02;5.455832e-02;3.789844e-02;2.814532e-02;9.290997e-02
3.521464e-02;1.906918e-01;3.307959e-01;6.994005e-02;2.287311e-02;9.598488e-02;2.705079e-02;2.335217e-02;4.094354e-02;3.351367e-02;4.341642e-02;8.622304e-02
6.199867e-02;1.535794e-01;2.505615e-01;7.359313e-02;3.281903e-02;1.029941e-01;3.450783e-02;3.019616e-02;6.604888e-02;7.932951e-02;4.203035e-02;7.234142e-02
4.917924e-02;1.924331e-01;1.901641e-01;5.711707e-02;4.166399e-02;7.752551e-02;5.277019e-02;2.992969e-02;7.714577e-02;6.446523e-02;6.037875e-02;1.072274e-01
5.316480e-02;2.592168e-01;1.414501e-01;4.298356e-02;3.581503e-02;5.299761e-02;4.811306e-02;4.672668e-02;9.323754e-02;7.216264e-02;5.320742e-02;1.009247e-01
6.426689e-02;2.606666e-01;1.770413e-01;4.128363e-02;2.434606e-02;5.537198e-02;1.925523e-02;4.635227e-02;1.059958e-01;7.929039e-02;5.492209e-02;7.120779e-02
6.054354e-02;3.014836e-01;1.714947e-01;5.124410e-02;1.612568e-02;4.441242e-02;2.371006e-02;4.263702e-02;1.181310e-01;5.702468e-02;5.207286e-02;6.112026e-02
4.664551e-02;3.247197e-01;1.712452e-01;4.511290e-02;1.807964e-02;3.042038e-02;4.073197e-02;8.620979e-02;1.100703e-01;3.084721e-02;4.287856e-02;5.303878e-02
5.987294e-02;2.918028e-01;1.838751e-01;3.808797e-02;3.020128e-02;4.077395e-02;4.341413e-02;1.264666e-01;9.288759e-02;1.907586e-02;2.595286e-02;4.758896e-02
8.157545e-02;2.496544e-01;1.484957e-01;4.948090e-02;5.817783e-02;5.009048e-02;4.098509e-02;1.164081e-01;9.987576e-02;3.720709e-02;3.018015e-02;3.786908e-02
9.432352e-02;3.175625e-01;1.324639e-01;5.237229e-02;8.325255e-02;4.687178e-02;4.440721e-02;6.018025e-02;8.564586e-02;2.917191e-02;2.960750e-02;2.414074e-02
8.040077e-02;3.501460e-01;1.978139e-01;1.857969e-02;6.219033e-02;4.876794e-02;2.987798e-02;4.325715e-02;7.676920e-02;2.418813e-02;4.172064e-02;2.628828e-02
7.981925e-02;3.285790e-01;2.574787e-01;4.457626e-02;5.113033e-02;3.303828e-02;2.100065e-02;5.529191e-02;6.211019e-02;1.675496e-02;3.019366e-02;2.002680e-02
9.459665e-02;3.141803e-01;2.516796e-01;5.461225e-02;4.230953e-02;2.786541e-02;2.433270e-02;5.641386e-02;5.481441e-02;1.995402e-02;3.261423e-02;2.662700e-02
1.278544e-01;2.893127e-01;1.346110e-01;4.573981e-02;4.099756e-02;6.731866e-02;4.447563e-02;8.187135e-02;6.917932e-02;1.953198e-02;5.298601e-02;2.612158e-02
1.267518e-01;2.893193e-01;1.714273e-01;1.814801e-02;4.123227e-02;7.493833e-02;3.865026e-02;8.007377e-02;6.021196e-02;2.295315e-02;4.253357e-02;3.376036e-02
9.796048e-02;3.114548e-01;2.456178e-01;4.250598e-02;2.898898e-02;6.680289e-02;2.960314e-02;5.904096e-02;3.795765e-02;3.787407e-02;1.976860e-02;2.242461e-02
8.909408e-02;2.479383e-01;2.217938e-01;7.463642e-02;3.209774e-02;6.959776e-02;8.300617e-02;5.146990e-02;3.294639e-02;3.581830e-02;1.725964e-02;4.434160e-02
7.910201e-02;2.267803e-01;1.769897e-01;7.827161e-02;3.021055e-02;6.590179e-02;1.047286e-01;3.896246e-02;5.730819e-02;3.956011e-02;1.420854e-02;8.797611e-02
7.824173e-02;2.297428e-01;1.515370e-01;5.983140e-02;1.595102e-02;8.163634e-02;8.813032e-02;4.105162e-02;6.441879e-02;5.395327e-02;3.210045e-02;1.034053e-01
7.995564e-02;2.225149e-01;1.394539e-01;8.266149e-02;1.276056e-02;6.688195e-02;8.695244e-02;5.613250e-02;6.666757e-02;4.521354e-02;4.164600e-02;9.915958e-02
7.821614e-02;1.978870e-01;7.507464e-02;9.028950e-02;3.508483e-02;8.229427e-02;1.145521e-01;5.070339e-02;7.033348e-02;4.981893e-02;4.510904e-02;1.106367e-01
7.021099e-02;2.010472e-01;1.083529e-01;5.530506e-02;3.716646e-02;7.941826e-02;1.035915e-01;4.688939e-02;7.818331e-02;6.292870e-02;4.323072e-02;1.136755e-01
8.006991e-02;2.237862e-01;2.378799e-01;3.309850e-02;2.661315e-02;7.688175e-02;5.581498e-02;3.780513e-02;7.079343e-02;4.944136e-02;3.875653e-02;6.905919e-02
6.655872e-02;2.670239e-01;2.706765e-01;4.610581e-02;2.211173e-02;5.756193e-02;1.718916e-02;5.791769e-02;9.098922e-02;3.765526e-02;4.011100e-02;2.609904e-02
5.814354e-02;2.629814e-01;1.453578e-01;5.264516e-02;3.713658e-02;8.336549e-02;4.077699e-02;8.091158e-02;1.205407e-01;3.821391e-02;4.482110e-02;3.510577e-02
5.667226e-02;2.385364e-01;1.377129e-01;3.505401e-02;5.127392e-02;8.432327e-02;4.060499e-02;8.504499e-02;1.177812e-01;5.855928e-02;5.268337e-02;4.175346e-02
5.663226e-02;2.264673e-01;1.977709e-01;5.264930e-02;5.538839e-02;5.748119e-02;2.035641e-02;6.398677e-02;1.005230e-01;6.697201e-02;4.846877e-02;5.330364e-02
5.760623e-02;2.155381e-01;1.948431e-01;5.109379e-02;6.625511e-02;6.743076e-02;3.369851e-02;7.085357e-02;9.600005e-02;5.465268e-02;3.822808e-02;5.380000e-02
5.566718e-02;2.241555e-01;2.100568e-01;6.046003e-02;6.952070e-02;6.437623e-02;4.453195e-02;5.938314e-02;8.181126e-02;4.550833e-02;2.057683e-02;6.395199e-02
6.668507e-02;2.340353e-01;2.379923e-01;7.005177e-02;5.178073e-02;3.981127e-02;5.399868e-02;6.601314e-02;6.188753e-02;3.645398e-02;1.747517e-02;6.381507e-02
8.490766e-02;3.457394e-01;2.260184e-01;3.358453e-02;2.284267e-02;4.199125e-02;4.739467e-02;5.984515e-02;3.254049e-02;2.328022e-02;2.523314e-02;5.662240e-02
7.496112e-02;3.862285e-01;2.946108e-01;3.926742e-02;1.608780e-02;1.552435e-02;3.375075e-02;3.298786e-02;2.675767e-02;2.191698e-02;2.131525e-02;3.659154e-02
5.191371e-02;4.330383e-01;2.981251e-01;6.006953e-02;1.179485e-02;2.542424e-02;2.303560e-02;1.472349e-02;3.754555e-02;1.662224e-02;8.850416e-03;1.885702e-02
3.734588e-02;4.597474e-01;2.811565e-01;8.452370e-02;9.616141e-03;2.314469e-02;1.310923e-02;1.092900e-02;5.547561e-02;8.973461e-03;4.459114e-03;1.151940e-02
3.332134e-02;4.569466e-01;2.553147e-01;1.073112e-01;1.050147e-02;1.771357e-02;7.795557e-03;9.238009e-03;7.566676e-02;1.708996e-02;4.023557e-03;5.077294e-03
3.265096e-02;4.458395e-01;2.021180e-01;1.168490e-01;1.416688e-02;1.989803e-02;9.244879e-03;2.511623e-02;9.945151e-02;2.517377e-02;3.543246e-03;5.948076e-03
3.729453e-02;4.383508e-01;1.342224e-01;1.124863e-01;1.866837e-02;2.582448e-02;1.918180e-02;3.912896e-02;1.181966e-01;4.247996e-02;6.655253e-03;7.510433e-03
5.194577e-02;4.368825e-01;1.120900e-01;8.163807e-02;2.793759e-02;3.480029e-02;3.532568e-02;2.979521e-02;1.100949e-01;6.056226e-02;8.170879e-03;1.075685e-02
6.154832e-02;4.000522e-01;1.208728e-01;5.583320e-02;2.889425e-02;2.423594e-02;4.843035e-02;4.932617e-02;1.093016e-01;7.760253e-02;1.277175e-02;1.113103e-02
7.208729e-02;3.744093e-01;1.022499e-01;2.760873e-02;3.215029e-02;3.056734e-02;7.078119e-02;7.489994e-02;9.132086e-02;9.374243e-02;1.794651e-02;1.223624e-02
7.520252e-02;3.377506e-01;8.664250e-02;2.557224e-02;4.748316e-02;3.893680e-02;9.435155e-02;8.083920e-02;8.013784e-02;1.025266e-01;2.349551e-02;7.061585e-03
9.635712e-02;3.091362e-01;5.655117e-02;1.647157e-02;6.855895e-02;4.533152e-02;1.044052e-01;1.068953e-01;6.734687e-02;8.907476e-02;2.844514e-02;1.142628e-02
1.072111e-01;3.199469e-01;9.172241e-02;2.125517e-02;8.008584e-02;3.182522e-02;7.163086e-02;1.373202e-01;5.695664e-02;4.846472e-02;2.151533e-02;1.206569e-02
1.083117e-01;3.483091e-01;1.152655e-01;2.542192e-02;8.272900e-02;2.385737e-02;6.258547e-02;1.273755e-01;5.309779e-02;2.120100e-02;2.084712e-02;1.099842e-02
1.054654e-01;4.000935e-01;1.303801e-01;2.833209e-02;5.739001e-02;2.020960e-02;5.620442e-02;8.585947e-02;5.604552e-02;3.197714e-02;1.581042e-02;1.223230e-02
8.867814e-02;4.354339e-01;1.995516e-01;2.937762e-02;2.784186e-02;1.068660e-02;3.414858e-02;5.260172e-02;5.551180e-02;3.412414e-02;1.131638e-02;2.072776e-02
6.109966e-02;4.120699e-01;2.586681e-01;2.199571e-02;1.924848e-02;3.030070e-02;1.340163e-02;5.475277e-02;5.098318e-02;2.905734e-02;2.080315e-02;2.761944e-02
4.434375e-02;2.651483e-01;2.709983e-01;2.883234e-02;4.215967e-02;4.337157e-02;2.348624e-02;7.789452e-02;9.398476e-02;3.634917e-02;3.511985e-02;3.831159e-02
7.543561e-02;2.363048e-01;2.323575e-01;3.932264e-02;5.489765e-02;6.255578e-02;4.552721e-02;4.761393e-02;8.816975e-02;4.353633e-02;3.929495e-02;3.498388e-02
7.299148e-02;3.627641e-01;2.263874e-01;4.536880e-02;3.205415e-02;6.160671e-02;1.974569e-02;4.249885e-02;4.160501e-02;4.066906e-02;2.019656e-02;3.411220e-02
8.290210e-02;3.089246e-01;2.061395e-01;4.559884e-02;1.610838e-02;5.097954e-02;3.188910e-02;6.379296e-02;7.299747e-02;5.106358e-02;3.397069e-02;3.563320e-02
9.257130e-02;3.436721e-01;1.761925e-01;3.621572e-02;2.315020e-02;3.668969e-02;4.239788e-02;5.831484e-02;7.701136e-02;4.486645e-02;3.456340e-02;3.435458e-02
8.321884e-02;4.443210e-01;1.998330e-01;3.388814e-02;1.829462e-02;3.196304e-02;2.861295e-02;3.583583e-02;5.313045e-02;3.226487e-02;1.816323e-02;2.047404e-02
7.634602e-02;5.165252e-01;1.895055e-01;3.871432e-02;2.267526e-02;2.859728e-02;2.108570e-02;1.358488e-02;4.426055e-02;1.837839e-02;1.224603e-02;1.808081e-02
7.181842e-02;4.845425e-01;2.203992e-01;3.461393e-02;1.323725e-02;1.926750e-02;2.169176e-02;3.245354e-02;3.288337e-02;2.102624e-02;1.727932e-02;3.078691e-02
4.736442e-02;3.069275e-01;2.038696e-01;3.018265e-02;1.305667e-02;8.846945e-02;4.090400e-02;1.029465e-01;6.191136e-02;3.433870e-02;3.452486e-02;3.550429e-02
4.567822e-02;2.055746e-01;1.293629e-01;3.405301e-02;1.162056e-02;1.273429e-01;4.947376e-02;1.667897e-01;1.005799e-01;4.139782e-02;4.584743e-02;4.227917e-02
4.379237e-02;1.974884e-01;1.379190e-01;3.095829e-02;1.580215e-02;1.426317e-01;4.307581e-02;1.834151e-01;1.034555e-01;2.434003e-02;3.960750e-02;3.751407e-02
4.874722e-02;1.694464e-01;1.877560e-01;2.881489e-02;3.495038e-02;1.572857e-01;3.651029e-02;1.716877e-01;8.780473e-02;2.568480e-02;2.603910e-02;2.527270e-02
5.540831e-02;2.061932e-01;1.247941e-01;2.500670e-02;3.071985e-02;1.672163e-01;3.181978e-02;1.723983e-01;1.135119e-01;2.657867e-02;1.922967e-02;2.712330e-02
4.852939e-02;2.997322e-01;1.831471e-01;2.219291e-02;1.653155e-02;1.210552e-01;2.085421e-02;1.288485e-01;1.035128e-01;2.104438e-02;1.371938e-02;2.083233e-02
4.478475e-02;3.685089e-01;2.415562e-01;2.476225e-02;2.307481e-02;7.569156e-02;1.272278e-02;9.195773e-02;6.517436e-02;2.947032e-02;4.443928e-03;1.785247e-02
4.695816e-02;3.679914e-01;2.117062e-01;2.845802e-02;2.942192e-02;5.672694e-02;3.682969e-02;6.750455e-02;7.142410e-02;5.424701e-02;8.664604e-03;2.006741e-02
5.849823e-02;3.847462e-01;2.171439e-01;4.081196e-02;1.725335e-02;5.001451e-02;4.825175e-02;4.437937e-02;7.781146e-02;3.808346e-02;1.425319e-02;8.752661e-03
5.773635e-02;4.002081e-01;1.964810e-01;3.991325e-02;1.791345e-02;3.986418e-02;5.203852e-02;5.363069e-02;6.585865e-02;3.646770e-02;2.051324e-02;1.937485e-02
5.376903e-02;3.549958e-01;2.439877e-01;3.231859e-02;2.690773e-02;3.090813e-02;4.772041e-02;5.866228e-02;6.355694e-02;3.454085e-02;2.129848e-02;3.133408e-02
5.637509e-02;2.858423e-01;1.791795e-01;3.638611e-02;4.073404e-02;7.919171e-02;4.802888e-02;9.785783e-02;8.406194e-02;3.984033e-02;1.930127e-02;3.320101e-02
8.145833e-02;1.728103e-01;7.211135e-02;2.269058e-02;3.999410e-02;2.390365e-01;1.260372e-01;1.287340e-01;4.239051e-02;1.975519e-02;2.251277e-02;3.246915e-02
1.064874e-01;1.084713e-01;4.317147e-02;2.701784e-02;2.824391e-02;2.820140e-01;1.515974e-01;1.485035e-01;3.496595e-02;2.761095e-02;2.371422e-02;1.820202e-02
1.389486e-01;7.946157e-02;3.596666e-02;2.648750e-02;2.305186e-02;3.353852e-01;1.362800e-01;1.326105e-01;2.524893e-02;2.916357e-02;1.598625e-02;2.140941e-02
1.686411e-01;5.507986e-02;2.535770e-02;2.189809e-02;2.176277e-02;4.356177e-01;9.309489e-02;9.930051e-02;1.831731e-02;2.999750e-02;5.323380e-03;2.560914e-02
1.537241e-01;4.903111e-02;3.065604e-02;1.495188e-02;1.559193e-02;5.055245e-01;6.183910e-02;7.418415e-02;2.452166e-02;3.969685e-02;1.133911e-02;1.893963e-02
1.326768e-01;6.089083e-02;3.841634e-02;1.490024e-02;4.182364e-02;5.277663e-01;3.491049e-02;4.849991e-02;2.486868e-02;4.083422e-02;1.633975e-02;1.807291e-02
1.208042e-01;6.619654e-02;3.221335e-02;2.206201e-02;9.903865e-02;5.335808e-01;2.452700e-02;2.511851e-02;2.091574e-02;2.248470e-02;1.254774e-02;2.051081e-02
8.439919e-02;6.073007e-02;4.745102e-02;3.726673e-02;1.739580e-01;4.801509e-01;1.979798e-02;2.401228e-02;1.854769e-02;1.292555e-02;9.360100e-03;3.140054e-02
4.504553e-02;6.030388e-02;4.883660e-02;5.173949e-02;2.715597e-01;3.861766e-01;3.351256e-02;1.324774e-02;2.919865e-02;8.404524e-03;6.761734e-03;4.521307e-02
2.214405e-02;4.831538e-02;9.375481e-02;8.537578e-02;2.952330e-01;2.764411e-01;5.286963e-02;2.777029e-02;3.216020e-02;1.359453e-02;6.805205e-03;4.553611e-02
1.541565e-02;4.700813e-02;1.227470e-01;1.808877e-01;2.320192e-01;2.121605e-01;4.809176e-02;4.538362e-02;2.851420e-02;1.737521e-02;1.981732e-02;3.057967e-02
1.194186e-02;7.405785e-02;2.184378e-01;2.199963e-01;1.128836e-01;2.021857e-01;3.070128e-02;6.155424e-02;2.206411e-02;1.138551e-02;2.584193e-02;8.949762e-03
1.418705e-02;6.120799e-02;3.127130e-01;1.795014e-01;7.176414e-02;1.806855e-01;4.010355e-02;6.220274e-02;3.233383e-02;1.261725e-02;2.364198e-02;9.041487e-03
1.767111e-02;9.979151e-02;4.095235e-01;1.122948e-01;6.481434e-02;9.582536e-02;7.574005e-02;4.066968e-02;3.940765e-02;2.191051e-02;1.391108e-02;8.440400e-03
1.212079e-02;1.384141e-01;4.322284e-01;5.560041e-02;1.319542e-01;4.781735e-02;7.729529e-02;4.081212e-02;2.205719e-02;3.138054e-02;4.669370e-03;5.650301e-03
1.370754e-02;1.951611e-01;4.328155e-01;3.440583e-02;1.382136e-01;5.027422e-02;5.107854e-02;3.152851e-02;1.383599e-02;3.002638e-02;4.182302e-03;4.770480e-03
2.191194e-02;2.551683e-01;4.476863e-01;2.691132e-02;7.685061e-02;6.103757e-02;2.516456e-02;2.932414e-02;1.712818e-02;2.119116e-02;6.456482e-03;1.116948e-02
2.650235e-02;2.775493e-01;4.160604e-01;4.599188e-02;5.100470e-02;8.300448e-02;1.579524e-02;2.805600e-02;1.140895e-02;1.889795e-02;7.105859e-03;1.862289e-02
3.951071e-02;3.029405e-01;3.521704e-01;2.784273e-02;5.859158e-02;1.094123e-01;1.541353e-02;2.588865e-02;1.539191e-02;1.537110e-02;1.226024e-02;2.520635e-02
4.572367e-02;2.956584e-01;2.929668e-01;3.805699e-02;6.631368e-02;1.263385e-01;1.137687e-02;4.067803e-02;2.815184e-02;1.139304e-02;1.882924e-02;2.451289e-02
3.390216e-02;1.818548e-01;3.674121e-01;5.317901e-02;8.597801e-02;1.198486e-01;2.961171e-02;3.374830e-02;4.017087e-02;1.182098e-02;2.295154e-02;1.952196e-02
5.165547e-02;2.075483e-01;3.706267e-01;5.396306e-02;9.738790e-02;8.915170e-02;4.689871e-02;2.160629e-02;2.527825e-02;9.973483e-03;1.408654e-02;1.182365e-02
5.107433e-02;2.299862e-01;2.908784e-01;1.017829e-01;1.052328e-01;1.295927e-01;4.262555e-02;1.649548e-02;1.093888e-02;9.406416e-03;4.440089e-03;7.546199e-03
5.656980e-02;2.366301e-01;2.720831e-01;1.000999e-01;9.437453e-02;1.517264e-01;3.028834e-02;1.995215e-02;1.353393e-02;1.080393e-02;6.642839e-03;7.294951e-03
5.158100e-02;2.328173e-01;3.909760e-01;5.620285e-02;2.369063e-02;1.218041e-01;1.839007e-02;4.402245e-02;1.924138e-02;1.646101e-02;1.276194e-02;1.205130e-02
3.847611e-02;1.729673e-01;3.788638e-01;6.845985e-02;7.775580e-02;1.347984e-01;1.430799e-02;4.934715e-02;1.884052e-02;1.757545e-02;1.717048e-02;1.143713e-02
4.725720e-02;1.361343e-01;2.812477e-01;6.018813e-02;7.022309e-02;1.806812e-01;5.697320e-02;5.391990e-02;3.880630e-02;2.850884e-02;2.350081e-02;2.255932e-02
6.366005e-02;7.284686e-02;1.933764e-01;4.836278e-02;4.228084e-02;2.331834e-01;8.065099e-02;8.204114e-02;5.359871e-02;6.954996e-02;3.224701e-02;2.820185e-02
7.454211e-02;1.454523e-01;1.650145e-01;4.503627e-02;4.089744e-02;1.421319e-01;3.142273e-02;1.487120e-01;6.839499e-02;5.610717e-02;6.192987e-02;2.035859e-02
1.114320e-01;1.574263e-01;1.221090e-01;3.265934e-02;3.517297e-02;7.707421e-02;5.894548e-02;2.247269e-01;5.444446e-02;2.677209e-02;7.370307e-02;2.553413e-02
1.351786e-01;1.146073e-01;7.035366e-02;2.372086e-02;2.528916e-02;6.866689e-02;1.246849e-01;2.878759e-01;2.777389e-02;3.089385e-02;5.907372e-02;3.188122e-02
9.084609e-02;7.411408e-02;5.819040e-02;2.917486e-02;1.760682e-02;6.809166e-02;2.458172e-01;2.543880e-01;1.736283e-02;5.326509e-02;2.369983e-02;6.744315e-02
5.264240e-02;6.178150e-02;5.231750e-02;3.573522e-02;3.252662e-02;1.168576e-01;2.769824e-01;1.963735e-01;3.171005e-02;5.736065e-02;1.279715e-02;7.291541e-02
4.394120e-02;7.624847e-02;4.549474e-02;4.199790e-02;3.716722e-02;1.531805e-01;2.357743e-01;1.701378e-01;5.921730e-02;5.205613e-02;1.845939e-02;6.632512e-02
4.016320e-02;1.007642e-01;1.056970e-01;5.006226e-02;2.523165e-02;1.739096e-01;1.170255e-01;1.280502e-01;8.078500e-02;5.301617e-02;5.415008e-02;7.114520e-02
4.727187e-02;8.745521e-02;7.732669e-02;4.883201e-02;3.011135e-02;1.570725e-01;1.791543e-01;1.193146e-01;6.239649e-02;5.904562e-02;5.799240e-02;7.402702e-02
5.203045e-02;6.344566e-02;5.320184e-02;5.321261e-02;1.673818e-02;1.206197e-01;2.541724e-01;1.428383e-01;4.177924e-02;7.809236e-02;4.119636e-02;8.267291e-02
5.250952e-02;6.805358e-02;3.680108e-02;5.980352e-02;2.782087e-02;9.304501e-02;2.849745e-01;1.547381e-01;2.541674e-02;8.008660e-02;2.738479e-02;8.936565e-02
4.846014e-02;8.019520e-02;6.771989e-02;6.921131e-02;3.321696e-02;7.946575e-02;2.606273e-01;1.594797e-01;3.512777e-02;5.024508e-02;3.026909e-02;8.598184e-02
4.606211e-02;6.434754e-02;1.059891e-01;7.367650e-02;2.743475e-02;1.689973e-01;1.871628e-01;1.525048e-01;4.901297e-02;2.484871e-02;3.217215e-02;6.779119e-02
6.229248e-02;1.803983e-01;1.427698e-01;8.341916e-02;4.095797e-02;1.801930e-01;6.686166e-02;1.078738e-01;2.649079e-02;3.287528e-02;2.444369e-02;5.142407e-02
7.909998e-02;1.978250e-01;8.780758e-02;9.150986e-02;3.635035e-02;1.643927e-01;9.232119e-02;1.007716e-01;3.039031e-02;3.789291e-02;2.373341e-02;5.790520e-02
7.103112e-02;2.259487e-01;1.688078e-01;7.288716e-02;1.951102e-02;1.362410e-01;1.129519e-01;5.610015e-02;2.478978e-02;2.945765e-02;1.702311e-02;6.525055e-02
8.028264e-02;2.203910e-01;1.619562e-01;7.555696e-02;1.855418e-02;1.309431e-01;1.128514e-01;4.714536e-02;3.794855e-02;2.040361e-02;1.626329e-02;7.770360e-02
9.399000e-02;2.183622e-01;9.616482e-02;9.138430e-02;3.185076e-02;1.013668e-01;9.354355e-02;9.482368e-02;5.138430e-02;1.999418e-02;3.083689e-02;7.629851e-02
8.283075e-02;1.860105e-01;1.308477e-01;1.153431e-01;3.816688e-02;6.979443e-02;7.271127e-02;1.082618e-01;6.462294e-02;2.506965e-02;3.014479e-02;7.619625e-02
7.248356e-02;1.949054e-01;9.579096e-02;1.091782e-01;2.342578e-02;7.111933e-02;8.780544e-02;7.666089e-02;7.112859e-02;4.364084e-02;5.579704e-02;9.806390e-02
6.123922e-02;1.646516e-01;1.367884e-01;6.540269e-02;3.768042e-02;7.225668e-02;1.299361e-01;5.133583e-02;5.927696e-02;3.261710e-02;9.821022e-02;9.060476e-02
4.394436e-02;9.367841e-02;1.209689e-01;4.823595e-02;4.556328e-02;1.151230e-01;2.218491e-01;3.391416e-02;4.689858e-02;2.738933e-02;1.015158e-01;1.009192e-01
3.539800e-02;6.093557e-02;7.977910e-02;5.022999e-02;2.922348e-02;1.120909e-01;3.114272e-01;5.558219e-02;3.986629e-02;3.407224e-02;5.399476e-02;1.374003e-01
2.768254e-02;5.746183e-02;3.368356e-02;4.837859e-02;2.042328e-02;1.150959e-01;3.461259e-01;8.088881e-02;3.773548e-02;2.690377e-02;4.022602e-02;1.653942e-01
3.717378e-02;6.233726e-02;2.863544e-02;5.003650e-02;2.222658e-02;1.722752e-01;2.937274e-01;7.539343e-02;4.147474e-02;2.234543e-02;3.724301e-02;1.571312e-01
3.575805e-02;7.892030e-02;8.364314e-02;4.556496e-02;3.889942e-02;2.405121e-01;1.444938e-01;1.002793e-01;6.832802e-02;2.284666e-02;6.429008e-02;7.646415e-02
3.965303e-02;7.251896e-02;1.421703e-01;5.710565e-02;3.852049e-02;2.293206e-01;8.642072e-02;1.290547e-01;7.085114e-02;2.475069e-02;4.855191e-02;6.108189e-02
3.737621e-02;1.049308e-01;1.498967e-01;4.260785e-02;2.711276e-02;1.790250e-01;1.901478e-01;1.303664e-01;3.654923e-02;1.707760e-02;2.182851e-02;6.308122e-02
5.196884e-02;7.081068e-02;1.482373e-01;3.092403e-02;2.159587e-02;1.590282e-01;2.126331e-01;1.184854e-01;3.014007e-02;1.964865e-02;5.359963e-02;8.292823e-02
6.583828e-02;1.051342e-01;1.512467e-01;5.861079e-02;3.258314e-02;1.054991e-01;1.519544e-01;6.504393e-02;4.977511e-02;3.179551e-02;9.107791e-02;9.144086e-02
4.292195e-02;1.015107e-01;1.040138e-01;5.206461e-02;3.061715e-02;1.023725e-01;1.782895e-01;8.948263e-02;6.911726e-02;5.605281e-02;9.654213e-02;7.701491e-02
3.542357e-02;7.773370e-02;1.126219e-01;2.067139e-02;3.051216e-02;1.380796e-01;2.232761e-01;1.182173e-01;5.312629e-02;6.453884e-02;7.094892e-02;5.485025e-02
4.253165e-02;1.326803e-01;1.509033e-01;2.592905e-02;3.787756e-02;1.266429e-01;1.954746e-01;8.904640e-02;3.122769e-02;5.624614e-02;5.904109e-02;5.239939e-02
6.953961e-02;1.463943e-01;1.497359e-01;4.758042e-02;3.975459e-02;1.082166e-01;1.807337e-01;6.379756e-02;4.436564e-02;5.359645e-02;4.824069e-02;4.804459e-02
7.556399e-02;8.715823e-02;8.550470e-02;5.870537e-02;3.546719e-02;1.403293e-01;1.787682e-01;7.325723e-02;4.087541e-02;4.951752e-02;7.049488e-02;1.043580e-01
6.352569e-02;6.453697e-02;5.875587e-02;4.679579e-02;2.937115e-02;1.527880e-01;1.866698e-01;8.083823e-02;3.464049e-02;4.200992e-02;1.048444e-01;1.352238e-01
4.441043e-02;4.098484e-02;5.676622e-02;3.512675e-02;4.264361e-02;2.024994e-01;1.745582e-01;6.019762e-02;3.988130e-02;3.138203e-02;1.429956e-01;1.285539e-01
3.486516e-02;2.300501e-02;6.172799e-02;3.225706e-02;7.620864e-02;2.808233e-01;1.305096e-01;4.928231e-02;5.994384e-02;2.132191e-02;1.666249e-01;6.343036e-02
3.245177e-02;3.459397e-02;5.814054e-02;4.183798e-02;8.370517e-02;2.733920e-01;1.172400e-01;6.536919e-02;7.878729e-02;2.288975e-02;1.403913e-01;5.120103e-02
3.548349e-02;7.693098e-02;5.507225e-02;3.793861e-02;6.392632e-02;1.879777e-01;1.387226e-01;8.000784e-02;8.608715e-02;3.655318e-02;1.163942e-01;8.490571e-02
4.900987e-02;9.478968e-02;6.637485e-02;2.829392e-02;3.646955e-02;1.424553e-01;1.246460e-01;8.090570e-02;1.053518e-01;5.182014e-02;1.515865e-01;6.829668e-02
5.429788e-02;6.672185e-02;7.901596e-02;2.736968e-02;1.696890e-02;1.926660e-01;8.610970e-02;7.862882e-02;1.249833e-01;6.081586e-02;1.703698e-01;4.205228e-02
5.453221e-02;7.201223e-02;7.394832e-02;2.257027e-02;1.719811e-02;2.067191e-01;5.224337e-02;8.003683e-02;1.404761e-01;5.428798e-02;1.652878e-01;6.068769e-02
5.628711e-02;7.972804e-02;8.301913e-02;2.266583e-02;1.450508e-02;1.946918e-01;4.432751e-02;1.036922e-01;1.436165e-01;5.755341e-02;1.562082e-01;4.370525e-02
4.980732e-02;9.972811e-02;1.033278e-01;3.563768e-02;3.307247e-02;1.556532e-01;5.125073e-02;1.078438e-01;1.448823e-01;5.792749e-02;1.201029e-01;4.076612e-02
3.830744e-02;1.305633e-01;1.465268e-01;2.721625e-02;3.448710e-02;1.347344e-01;7.904002e-02;1.011591e-01;1.197808e-01;5.477801e-02;8.658361e-02;4.682305e-02
2.693752e-02;1.059477e-01;1.418773e-01;2.717388e-02;3.495525e-02;1.671137e-01;1.037223e-01;1.077389e-01;1.126454e-01;6.247886e-02;6.520136e-02;4.420780e-02
3.070358e-02;7.136375e-02;9.741390e-02;2.914156e-02;5.985795e-02;1.505899e-01;1.377625e-01;1.120340e-01;1.253770e-01;7.853893e-02;8.139547e-02;2.582149e-02
3.502701e-02;1.126019e-01;1.069114e-01;1.956356e-02;6.154475e-02;1.238488e-01;1.533121e-01;1.036467e-01;1.422329e-01;7.454649e-02;5.374053e-02;1.302383e-02
3.202398e-02;6.786776e-02;1.030666e-01;2.426201e-02;6.871658e-02;1.284459e-01;1.580710e-01;1.257737e-01;1.603290e-01;6.952608e-02;3.616300e-02;2.575429e-02
2.488445e-02;8.880695e-02;1.111805e-01;2.817714e-02;8.235280e-02;5.877783e-02;1.239526e-01;1.497313e-01;1.624246e-01;7.438089e-02;6.444295e-02;3.088798e-02
1.098797e-02;6.398282e-02;8.885904e-02;2.236428e-02;6.686448e-02;1.596921e-01;1.184098e-01;1.500623e-01;1.359739e-01;7.378975e-02;7.804997e-02;3.096364e-02
2.429115e-02;8.205722e-02;7.751419e-02;2.609778e-02;6.459694e-02;1.256853e-01;8.862125e-02;1.612459e-01;1.594900e-01;9.522402e-02;6.141765e-02;3.375865e-02
2.645369e-02;8.683261e-02;5.687070e-02;3.704837e-02;9.761105e-02;6.477818e-02;7.894012e-02;1.406942e-01;2.130172e-01;1.274864e-01;4.533495e-02;2.493261e-02
1.387471e-02;6.816090e-02;5.391520e-02;1.956312e-02;1.168769e-01;1.465852e-01;7.825749e-02;1.330999e-01;1.856823e-01;1.311684e-01;3.173507e-02;2.108092e-02
1.547513e-02;6.955589e-02;5.818894e-02;2.630579e-02;1.407475e-01;1.580836e-01;7.564060e-02;1.252418e-01;1.624910e-01;1.206989e-01;2.772784e-02;1.984293e-02
1.413656e-02;6.796634e-02;7.268066e-02;5.115006e-02;1.731717e-01;1.393987e-01;4.532478e-02;1.032409e-01;1.725812e-01;1.045067e-01;2.951246e-02;2.632999e-02
1.646366e-02;4.089113e-02;1.085667e-01;6.352954e-02;1.800325e-01;1.817965e-01;2.402638e-02;7.770496e-02;1.622116e-01;8.315452e-02;2.778880e-02;3.383366e-02
3.454258e-02;3.676922e-02;1.389012e-01;7.367056e-02;1.672228e-01;1.293049e-01;4.486551e-02;8.567905e-02;1.682851e-01;7.094712e-02;1.744036e-02;3.237147e-02
6.108983e-02;4.868882e-02;1.356198e-01;9.708072e-02;1.370394e-01;9.648558e-02;5.299436e-02;8.827031e-02;1.783808e-01;6.018429e-02;1.901750e-02;2.514865e-02
1.056943e-01;3.513183e-02;1.081948e-01;1.356838e-01;1.125094e-01;5.667038e-02;5.069742e-02;9.269129e-02;1.940322e-01;5.675565e-02;3.398621e-02;1.795275e-02
1.379467e-01;4.477891e-02;6.567856e-02;1.722414e-01;8.107195e-02;4.309019e-02;4.730267e-02;1.047474e-01;2.045846e-01;3.992199e-02;4.330160e-02;1.533396e-02
1.319582e-01;4.111996e-02;5.016515e-02;1.862573e-01;4.543704e-02;4.794537e-02;5.118843e-02;1.252929e-01;2.040004e-01;2.743055e-02;7.109924e-02;1.810540e-02
1.290077e-01;3.818404e-02;3.352004e-02;1.900266e-01;5.012820e-02;6.885354e-02;3.438483e-02;1.250000e-01;1.944332e-01;2.336420e-02;9.758028e-02;1.551738e-02
8.971938e-02;5.022862e-02;6.382536e-02;1.502596e-01;4.436789e-02;5.974165e-02;3.104321e-02;1.484531e-01;1.987812e-01;2.931481e-02;9.910437e-02;3.516087e-02
6.613407e-02;4.673208e-02;8.066287e-02;1.344546e-01;2.954148e-02;3.872748e-02;2.611177e-02;1.628493e-01;2.468468e-01;3.030529e-02;9.640510e-02;4.122915e-02
6.257375e-02;4.615130e-02;8.721147e-02;1.393487e-01;4.625860e-02;2.862568e-02;2.777945e-02;1.650597e-01;2.591572e-01;1.845798e-02;9.096828e-02;2.840797e-02
4.592096e-02;5.398460e-02;1.167618e-01;1.478589e-01;7.589804e-02;5.203450e-02;2.479333e-02;1.921682e-01;2.019672e-01;1.946085e-02;4.331867e-02;2.583300e-02
1.629471e-02;4.439642e-02;1.295310e-01;1.654267e-01;9.903420e-02;5.224218e-02;8.097658e-03;1.941437e-01;1.798954e-01;2.236347e-02;3.328452e-02;5.529003e-02
2.884114e-02;5.343661e-02;1.264484e-01;1.536605e-01;8.601746e-02;4.122727e-02;1.080470e-02;1.882867e-01;1.852285e-01;2.721506e-02;4.737563e-02;5.145795e-02
3.459927e-02;4.863329e-02;1.114784e-01;1.403879e-01;8.718578e-02;5.068018e-02;1.712405e-02;2.151666e-01;1.915788e-01;2.464297e-02;4.548943e-02;3.303320e-02
4.165163e-02;3.872951e-02;9.992214e-02;1.322418e-01;9.329312e-02;4.439873e-02;1.910419e-02;2.201349e-01;2.074648e-01;2.373242e-02;5.097829e-02;2.834841e-02
3.729415e-02;4.490013e-02;1.220476e-01;8.613503e-02;6.628463e-02;5.445601e-02;2.581128e-02;2.181236e-01;2.206113e-01;2.656175e-02;7.595615e-02;2.181837e-02
2.431207e-02;5.466631e-02;1.702318e-01;7.690372e-02;3.417329e-02;6.812792e-02;3.216427e-02;2.120670e-01;1.913725e-01;3.501659e-02;6.762794e-02;3.333657e-02
2.414900e-02;9.399129e-02;1.903632e-01;9.443927e-02;2.740896e-02;7.285951e-02;1.738250e-02;2.150960e-01;1.395968e-01;3.394930e-02;4.834191e-02;4.242226e-02
4.929637e-02;9.261318e-02;1.304778e-01;1.104974e-01;1.616625e-02;9.116389e-02;2.881844e-02;1.897756e-01;1.922021e-01;4.007161e-02;3.061980e-02;2.829760e-02
6.148026e-02;7.403415e-02;5.522900e-02;1.283522e-01;5.227800e-02;8.552700e-02;3.067664e-02;1.294417e-01;2.877075e-01;4.795422e-02;2.056868e-02;2.675055e-02
5.306628e-02;4.362312e-02;5.329490e-02;1.064856e-01;6.232595e-02;6.676219e-02;1.466477e-02;1.696066e-01;3.336172e-01;4.979814e-02;1.772956e-02;2.902570e-02
3.219848e-02;5.172149e-02;3.936921e-02;7.186403e-02;5.290422e-02;6.482178e-02;1.520493e-02;2.171600e-01;3.598468e-01;5.149634e-02;2.504150e-02;1.837114e-02
3.165496e-02;6.077601e-02;5.847500e-02;4.962864e-02;3.155991e-02;5.827882e-02;1.945485e-02;2.577137e-01;3.455054e-01;4.008117e-02;2.980162e-02;1.706995e-02
3.925963e-02;6.979143e-02;8.431187e-02;5.003920e-02;2.746449e-02;8.111398e-02;1.610482e-02;2.491717e-01;2.980868e-01;3.024562e-02;3.093560e-02;2.347489e-02
3.044381e-02;8.129061e-02;9.070285e-02;8.324438e-02;6.854714e-02;1.267915e-01;2.529043e-02;1.872329e-01;2.282650e-01;3.974738e-02;2.205647e-02;1.638751e-02
3.929739e-02;6.323114e-02;8.415523e-02;1.287166e-01;1.174469e-01;7.743272e-02;3.247188e-02;1.466053e-01;1.889143e-01;4.117638e-02;4.184371e-02;3.870847e-02
3.175052e-02;5.429650e-02;7.424716e-02;1.537432e-01;1.729435e-01;4.929573e-02;3.204960e-02;1.062257e-01;2.166820e-01;4.568469e-02;2.624667e-02;3.683477e-02
2.501445e-02;2.643229e-02;7.095936e-02;1.478390e-01;1.934299e-01;8.047961e-02;2.817210e-02;1.387934e-01;2.160717e-01;4.591049e-02;1.320061e-02;1.369706e-02
2.285848e-02;4.737714e-02;4.162823e-02;1.244543e-01;2.127733e-01;6.076354e-02;3.934466e-02;1.375228e-01;2.257132e-01;4.896312e-02;1.852012e-02;2.008112e-02
