1.231709e-01;3.046183e-02;8.085617e-02;1.181046e-01;3.450064e-02;3.378630e-02;1.519773e-01;2.647420e-02;4.350901e-02;9.268387e-02;1.028528e-01;1.616225e-01
1.088304e-01;2.458102e-02;8.577138e-02;7.710436e-02;3.957579e-02;4.647933e-02;1.462483e-01;3.347015e-02;5.083499e-02;9.184505e-02;1.327501e-01;1.625090e-01
7.826792e-02;4.065554e-02;7.518321e-02;4.449245e-02;3.528849e-02;8.925813e-02;1.297216e-01;4.570028e-02;4.743027e-02;9.842835e-02;1.635083e-01;1.520655e-01
4.456438e-02;3.468145e-02;9.109323e-02;2.319468e-02;3.164845e-02;9.873036e-02;1.455459e-01;6.922542e-02;4.170037e-02;1.104882e-01;1.780280e-01;1.310996e-01
8.517826e-02;3.868641e-02;9.207518e-02;3.474939e-02;3.491006e-02;9.596308e-02;1.397177e-01;5.903957e-02;4.827977e-02;9.991243e-02;1.477242e-01;1.237640e-01
1.189974e-01;2.712799e-02;7.398789e-02;6.338330e-02;5.257652e-02;6.835685e-02;1.494958e-01;4.907382e-02;5.984806e-02;8.045052e-02;1.203708e-01;1.363310e-01
1.440149e-01;2.345143e-02;5.905154e-02;1.062781e-01;3.949177e-02;6.458391e-02;2.073938e-01;4.324920e-02;4.536116e-02;4.993959e-02;8.879584e-02;1.283888e-01
1.787619e-01;4.264187e-02;5.972695e-02;1.324561e-01;2.355746e-02;4.427049e-02;2.056462e-01;3.713019e-02;2.986557e-02;6.515850e-02;5.725895e-02;1.235259e-01
1.983564e-01;6.328119e-02;7.487975e-02;1.319758e-01;1.600984e-02;5.099094e-02;1.960086e-01;4.963215e-02;1.814560e-02;5.211307e-02;4.187803e-02;1.067286e-01
1.596829e-01;4.206969e-02;7.633019e-02;1.272356e-01;1.569564e-02;7.023121e-02;2.336035e-01;4.760646e-02;2.076864e-02;4.208513e-02;7.063280e-02;9.405825e-02
9.914094e-02;2.234864e-02;1.166264e-01;1.068610e-01;2.823954e-02;8.695967e-02;2.403785e-01;3.300544e-02;2.988091e-02;5.504781e-02;9.243253e-02;8.907851e-02
7.605708e-02;3.246624e-02;1.334350e-01;7.875013e-02;3.577352e-02;1.052876e-01;1.900978e-01;2.837253e-02;3.770878e-02;8.754847e-02;1.083818e-01;8.612107e-02
1.021249e-01;3.289449e-02;1.682405e-01;5.892105e-02;5.449364e-02;9.213644e-02;1.205219e-01;3.147289e-02;4.202173e-02;1.125528e-01;1.107548e-01;7.386485e-02
1.231257e-01;3.974096e-02;1.967561e-01;3.842487e-02;7.910746e-02;5.560423e-02;2.058820e-01;3.067968e-02;3.896815e-02;9.209973e-02;5.804877e-02;4.156236e-02
7.224855e-02;3.048903e-02;8.152039e-02;7.489857e-02;8.944503e-02;6.986266e-02;2.898471e-01;3.354074e-02;4.934659e-02;1.000690e-01;7.142605e-02;3.730633e-02
4.296922e-02;2.735879e-02;1.531643e-01;8.917726e-02;7.662021e-02;6.698760e-02;2.291298e-01;2.991678e-02;6.107936e-02;1.091758e-01;7.757745e-02;3.684334e-02
8.295345e-02;3.915600e-02;1.899084e-01;9.091308e-02;5.291545e-02;5.922737e-02;1.528339e-01;6.909417e-02;5.903175e-02;8.043572e-02;7.363370e-02;4.989691e-02
8.126102e-02;6.854816e-02;1.461299e-01;1.045739e-01;7.979641e-02;4.639868e-02;8.102036e-02;5.882457e-02;8.995378e-02;9.306769e-02;7.806712e-02;7.235833e-02
7.631077e-02;6.759448e-02;1.165219e-01;1.135394e-01;9.128997e-02;4.946007e-02;7.561107e-02;6.589726e-02;8.981744e-02;1.105195e-01;8.530211e-02;5.813598e-02
7.186230e-02;6.928235e-02;1.982613e-01;9.691674e-02;9.925938e-02;3.586303e-02;7.083457e-02;7.129236e-02;7.942145e-02;1.108027e-01;6.031419e-02;3.588967e-02
1.189301e-01;9.050194e-02;2.519186e-01;6.068683e-02;6.016781e-02;5.228657e-02;1.221760e-01;6.278703e-02;3.874946e-02;6.135606e-02;3.526734e-02;4.517216e-02
1.510614e-01;8.800881e-02;1.968415e-01;6.006173e-02;4.044518e-02;4.631244e-02;1.677402e-01;5.316318e-02;3.468201e-02;3.453508e-02;4.348526e-02;8.366315e-02
1.308748e-01;7.861632e-02;1.324465e-01;5.683131e-02;3.244884e-02;4.919035e-02;2.338809e-01;3.555860e-02;4.554534e-02;2.384317e-02;5.783939e-02;1.229246e-01
5.495049e-02;6.500233e-02;6.028088e-02;5.825340e-02;2.587271e-02;6.351642e-02;3.622337e-01;3.791871e-02;3.990440e-02;3.066005e-02;6.391472e-02;1.374922e-01
5.773017e-02;4.669931e-02;5.583406e-02;4.473250e-02;5.411424e-02;8.968341e-02;3.868866e-01;4.705238e-02;4.532569e-02;2.559202e-02;4.194752e-02;1.044021e-01
4.721995e-02;2.766000e-02;7.654546e-02;2.703288e-02;8.344264e-02;1.474616e-01;3.253254e-01;4.910259e-02;7.402501e-02;2.971148e-02;4.723607e-02;6.523692e-02
2.935279e-02;9.268737e-03;1.310695e-01;2.543574e-02;7.808773e-02;2.016470e-01;2.386642e-01;3.045305e-02;8.765792e-02;4.931836e-02;7.915319e-02;3.989186e-02
3.817968e-02;2.044455e-02;1.758962e-01;2.764131e-02;6.607329e-02;2.206297e-01;1.588551e-01;1.652994e-02;7.558439e-02;7.557793e-02;9.588908e-02;2.869891e-02
6.799793e-02;4.044584e-02;1.941646e-01;4.250834e-02;6.992207e-02;1.870448e-01;1.204489e-01;1.695842e-02;5.653819e-02;8.208169e-02;8.859822e-02;3.329095e-02
4.701331e-02;8.511247e-02;1.886488e-01;6.018632e-02;7.586385e-02;1.284347e-01;1.313312e-01;4.270438e-02;5.250275e-02;7.566832e-02;6.957893e-02;4.295499e-02
1.043172e-01;8.851040e-02;1.567956e-01;4.149088e-02;4.129181e-02;6.574608e-02;2.080077e-01;8.237898e-02;4.807295e-02;3.596348e-02;7.553200e-02;5.189294e-02
9.767026e-02;5.465106e-02;1.742274e-01;3.519305e-02;2.342908e-02;9.536032e-02;2.144121e-01;8.336285e-02;4.208247e-02;3.953582e-02;1.010852e-01;3.899045e-02
6.874177e-02;3.865238e-02;1.976270e-01;1.637674e-02;1.990764e-02;1.228464e-01;2.077310e-01;6.891134e-02;3.963213e-02;3.992026e-02;1.296493e-01;5.000412e-02
5.477871e-02;4.237105e-02;1.975979e-01;1.435408e-02;2.745621e-02;1.317912e-01;1.385961e-01;4.242487e-02;5.196426e-02;3.696858e-02;1.784284e-01;8.326863e-02
7.919979e-02;2.971881e-02;1.942494e-01;1.836907e-02;2.226991e-02;1.415667e-01;6.494253e-02;1.840562e-02;5.512552e-02;2.738954e-02;2.510148e-01;9.774836e-02
7.962723e-02;1.403190e-02;2.139950e-01;1.164994e-02;1.946798e-02;1.351058e-01;4.609155e-02;1.537656e-02;5.950696e-02;2.226513e-02;2.786766e-01;1.042053e-01
8.426477e-02;3.120843e-02;2.110474e-01;1.288795e-02;2.113563e-02;1.304421e-01;5.225025e-02;2.129861e-02;7.008401e-02;3.784374e-02;2.581071e-01;6.943007e-02
9.914123e-02;7.688096e-02;1.544218e-01;5.900066e-02;1.943221e-02;8.404404e-02;9.919553e-02;3.188033e-02;6.186392e-02;5.868162e-02;1.556356e-01;9.982203e-02
1.045226e-01;1.096013e-01;9.365690e-02;9.492730e-02;2.523028e-02;2.773724e-02;1.374109e-01;3.911791e-02;3.993731e-02;7.046627e-02;6.626690e-02;1.911251e-01
9.127864e-02;1.022136e-01;6.835663e-02;9.888319e-02;3.080538e-02;2.600386e-02;1.478402e-01;5.014744e-02;2.182677e-02;8.152802e-02;5.718524e-02;2.239310e-01
8.414865e-02;7.887325e-02;5.362928e-02;8.059703e-02;3.597804e-02;3.414539e-02;1.554538e-01;8.336559e-02;2.820797e-02;9.628370e-02;4.768419e-02;2.216332e-01
1.256950e-01;6.110409e-02;7.960162e-02;6.307153e-02;4.536979e-02;3.497899e-02;1.560391e-01;1.326223e-01;2.955607e-02;9.012445e-02;3.228304e-02;1.495541e-01
1.468190e-01;5.605181e-02;1.069227e-01;7.001466e-02;6.509616e-02;3.429127e-02;1.488897e-01;1.675081e-01;3.116565e-02;6.716125e-02;4.202802e-02;6.405164e-02
1.018621e-01;7.146852e-02;1.421725e-01;8.488289e-02;7.123562e-02;3.721697e-02;1.491478e-01;1.435695e-01;5.497563e-02;5.914176e-02;5.119999e-02;3.312674e-02
4.584441e-02;7.794252e-02;1.901777e-01;9.030133e-02;6.699088e-02;5.190494e-02;1.570189e-01;1.068457e-01;7.209145e-02;6.744766e-02;4.759737e-02;2.583712e-02
4.207662e-02;8.015792e-02;2.235588e-01;8.392346e-02;5.802948e-02;5.699753e-02;1.482355e-01;7.970914e-02;7.439275e-02;7.485189e-02;4.936885e-02;2.869810e-02
7.096895e-02;7.933211e-02;1.406494e-01;4.458812e-02;8.214352e-02;4.061572e-02;1.254643e-01;9.178225e-02;4.771885e-02;1.351392e-01;9.178608e-02;4.981143e-02
4.050845e-02;5.217174e-02;7.483390e-02;6.439023e-02;8.962789e-02;5.297641e-02;8.971637e-02;8.260507e-02;5.845245e-02;1.982605e-01;1.256759e-01;7.078096e-02
6.081253e-02;5.596321e-02;1.577015e-01;8.934695e-02;7.266353e-02;7.469313e-02;1.244430e-01;7.194183e-02;5.733907e-02;1.101379e-01;9.122133e-02;3.373598e-02
8.640550e-02;5.471972e-02;1.537064e-01;7.845896e-02;7.837084e-02;6.897393e-02;1.668819e-01;5.769818e-02;5.875156e-02;8.096478e-02;7.323067e-02;4.183752e-02
1.134157e-01;4.476469e-02;1.264036e-01;6.121046e-02;7.261138e-02;5.329231e-02;1.823228e-01;4.376778e-02;5.784966e-02;9.320980e-02;8.482204e-02;6.632981e-02
1.733509e-01;4.176647e-02;1.505873e-01;4.088744e-02;5.119618e-02;2.639628e-02;1.399775e-01;3.273960e-02;4.811738e-02;9.013327e-02;9.752576e-02;1.073219e-01
2.387075e-01;3.124653e-02;1.151692e-01;5.354523e-02;5.912228e-02;2.840097e-02;1.194478e-01;3.691443e-02;3.725592e-02;7.613550e-02;8.011170e-02;1.239430e-01
2.350127e-01;3.904817e-02;1.116773e-01;5.705591e-02;6.062042e-02;2.714834e-02;8.348776e-02;3.960004e-02;4.414034e-02;6.804468e-02;1.043167e-01;1.298476e-01
2.331928e-01;4.391001e-02;1.512821e-01;4.189526e-02;4.071415e-02;2.723235e-02;6.378336e-02;5.174249e-02;5.853538e-02;6.010208e-02;9.407312e-02;1.335369e-01
2.029050e-01;6.111926e-02;1.742057e-01;2.671149e-02;4.210928e-02;2.118044e-02;5.773677e-02;4.240488e-02;6.468727e-02;8.377439e-02;9.265840e-02;1.305072e-01
1.527267e-01;7.353494e-02;1.247613e-01;4.881925e-02;3.869126e-02;5.756795e-02;8.037325e-02;5.709457e-02;6.133867e-02;1.146551e-01;1.028956e-01;8.754138e-02
9.808394e-02;8.458013e-02;1.347577e-01;5.829514e-02;5.504964e-02;7.715990e-02;1.197656e-01;6.492220e-02;7.308709e-02;8.241863e-02;9.101402e-02;6.086605e-02
8.260719e-02;9.330365e-02;1.375680e-01;6.207573e-02;5.880099e-02;8.250920e-02;1.169688e-01;6.438340e-02;8.037412e-02;7.805071e-02;7.871482e-02;6.464338e-02
7.867627e-02;9.823739e-02;1.249865e-01;6.590775e-02;5.901179e-02;9.952490e-02;9.994451e-02;6.156459e-02;9.112903e-02;7.287763e-02;8.319373e-02;6.494590e-02
9.320942e-02;5.941185e-02;2.228124e-01;7.080521e-02;6.432016e-02;9.203438e-02;9.137119e-02;4.797441e-02;6.376515e-02;6.167551e-02;6.654629e-02;6.607405e-02
1.349602e-01;6.309051e-02;2.998818e-01;6.322484e-02;5.509870e-02;5.652263e-02;1.179046e-01;2.608424e-02;3.339914e-02;5.533548e-02;5.632329e-02;3.817459e-02
1.640927e-01;6.568900e-02;2.325595e-01;4.227538e-02;5.257928e-02;4.314149e-02;1.391866e-01;2.345341e-02;3.935010e-02;6.090432e-02;7.442016e-02;6.234803e-02
2.190805e-01;4.159518e-02;1.150598e-01;4.627522e-02;4.870044e-02;4.327340e-02;1.309509e-01;2.633624e-02;4.119159e-02;8.282279e-02;9.273563e-02;1.119784e-01
2.886872e-01;4.037802e-02;8.132691e-02;6.375560e-02;2.724795e-02;3.951538e-02;1.064707e-01;2.647363e-02;2.228330e-02;1.047643e-01;5.189814e-02;1.471989e-01
2.843818e-01;9.648353e-02;7.654433e-02;6.103614e-02;1.659034e-02;2.075182e-02;1.164255e-01;3.441278e-02;1.407402e-02;7.173584e-02;3.485656e-02;1.727074e-01
2.587894e-01;9.956624e-02;5.853368e-02;6.399952e-02;1.043949e-02;1.540404e-02;1.461694e-01;3.945410e-02;8.280879e-03;6.148580e-02;2.877561e-02;2.091019e-01
2.056170e-01;7.266064e-02;2.890893e-02;7.342339e-02;6.208885e-03;1.611377e-02;1.963098e-01;3.896734e-02;1.109027e-02;6.195284e-02;2.894422e-02;2.598029e-01
1.636875e-01;6.959837e-02;2.268689e-02;7.480092e-02;5.978896e-03;1.716068e-02;2.241516e-01;3.766376e-02;1.288629e-02;5.981804e-02;3.445225e-02;2.771148e-01
1.495962e-01;6.757693e-02;4.002796e-02;6.535003e-02;1.072447e-02;3.297264e-02;2.140822e-01;4.111239e-02;2.426107e-02;5.898395e-02;5.602088e-02;2.392913e-01
1.202279e-01;5.488233e-02;6.343894e-02;5.410190e-02;1.892280e-02;5.478755e-02;1.912731e-01;4.886544e-02;5.303874e-02;6.496039e-02;8.265381e-02;1.928472e-01
8.046448e-02;3.217065e-02;6.946591e-02;4.581924e-02;2.581223e-02;8.218049e-02;1.513174e-01;5.820699e-02;8.301418e-02;8.725190e-02;1.241938e-01;1.601027e-01
3.545299e-02;5.500291e-02;1.315363e-01;4.384434e-02;3.367326e-02;9.280786e-02;8.926508e-02;4.742810e-02;7.636293e-02;1.221609e-01;1.599328e-01;1.125325e-01
3.611239e-02;6.353270e-02;1.060317e-01;5.594409e-02;4.058325e-02;1.061510e-01;1.229266e-01;6.039554e-02;6.588680e-02;1.487807e-01;1.363452e-01;5.731009e-02
6.333119e-02;6.561402e-02;1.060105e-01;6.614057e-02;5.730556e-02;1.008636e-01;1.183813e-01;7.256901e-02;1.167675e-01;9.853294e-02;6.720594e-02;6.727776e-02
8.715271e-02;8.295608e-02;1.927033e-01;5.958187e-02;5.489121e-02;7.081916e-02;9.229998e-02;7.420677e-02;1.023640e-01;8.710170e-02;4.792510e-02;4.799808e-02
9.998477e-02;8.282557e-02;2.357536e-01;4.667742e-02;4.664134e-02;7.332043e-02;1.227697e-01;4.383754e-02;5.622664e-02;5.232639e-02;7.828182e-02;6.135476e-02
9.757858e-02;6.309468e-02;1.880561e-01;4.551149e-02;4.333506e-02;1.150037e-01;1.274525e-01;3.554118e-02;6.405969e-02;4.126718e-02;1.145556e-01;6.454423e-02
7.504494e-02;4.487685e-02;1.505757e-01;3.772789e-02;3.758718e-02;1.503995e-01;1.189773e-01;3.040788e-02;7.736150e-02;4.819504e-02;1.517431e-01;7.710300e-02
2.098270e-02;2.395004e-02;1.320070e-01;6.729051e-02;1.764826e-02;1.439764e-01;1.643474e-01;3.729615e-02;8.331016e-02;4.574159e-02;1.483988e-01;1.150510e-01
5.614025e-02;3.008893e-02;8.365051e-02;1.077784e-01;3.416048e-02;8.086025e-02;2.110106e-01;5.754138e-02;7.766314e-02;4.938302e-02;7.032963e-02;1.413934e-01
7.069502e-02;3.282820e-02;5.022542e-02;1.470538e-01;3.393581e-02;4.335864e-02;2.321433e-01;6.121534e-02;5.679331e-02;6.781320e-02;3.331349e-02;1.706245e-01
8.072931e-02;2.492258e-02;3.304978e-02;1.839477e-01;1.801740e-02;1.836455e-02;2.506934e-01;4.356543e-02;2.663182e-02;7.863145e-02;2.751890e-02;2.139277e-01
7.265238e-02;2.570346e-02;2.031696e-02;1.948815e-01;8.447986e-03;1.456801e-02;2.695391e-01;1.748788e-02;1.796190e-02;7.146910e-02;3.553253e-02;2.514392e-01
7.339665e-02;3.083430e-02;3.376758e-02;1.662250e-01;9.730868e-03;2.559468e-02;2.523856e-01;1.750135e-02;1.628300e-02;6.296044e-02;5.586712e-02;2.554534e-01
8.968241e-02;3.944013e-02;7.728650e-02;1.268229e-01;1.607666e-02;4.123741e-02;1.925627e-01;2.143237e-02;2.266948e-02;6.636443e-02;8.924206e-02;2.171829e-01
8.242708e-02;3.922425e-02;1.213356e-01;1.038729e-01;2.961785e-02;4.707421e-02;1.205091e-01;2.664704e-02;3.193182e-02;8.240630e-02;1.435019e-01;1.714520e-01
5.206571e-02;2.917867e-02;1.206512e-01;7.455309e-02;3.505323e-02;5.848365e-02;5.537003e-02;3.910120e-02;4.363327e-02;1.402880e-01;2.278083e-01;1.238137e-01
3.292447e-02;2.606508e-02;1.292221e-01;5.107160e-02;2.934859e-02;6.008397e-02;1.127448e-01;4.150044e-02;4.507031e-02;1.765185e-01;2.172830e-01;7.816717e-02
5.776309e-02;3.399781e-02;1.248776e-01;5.862554e-02;2.212963e-02;3.590037e-02;1.217951e-01;5.268175e-02;5.214244e-02;1.803790e-01;1.689889e-01;9.071885e-02
9.122768e-02;5.776313e-02;1.080371e-01;7.660675e-02;6.387463e-02;7.271127e-02;9.412969e-02;5.332483e-02;8.701246e-02;1.256553e-01;1.008727e-01;6.878445e-02
7.428112e-02;6.181848e-02;1.208740e-01;6.605209e-02;6.824247e-02;8.374099e-02;1.134519e-01;8.439527e-02;9.599576e-02;1.002458e-01;6.515965e-02;6.574250e-02
7.197260e-02;4.515881e-02;1.456133e-01;5.875342e-02;5.715102e-02;6.675813e-02;1.023776e-01;1.030440e-01;9.669463e-02;1.008858e-01;6.154688e-02;9.004389e-02
7.137514e-02;4.882398e-02;1.572643e-01;7.457880e-02;7.931802e-02;4.388152e-02;8.987417e-02;9.141706e-02;8.499281e-02;7.954180e-02;8.604138e-02;9.289102e-02
5.517513e-02;5.712803e-02;1.946974e-01;6.497210e-02;9.263945e-02;4.664465e-02;1.171572e-01;7.046691e-02;9.342295e-02;6.556196e-02;7.779662e-02;6.433756e-02
4.424275e-02;5.432937e-02;2.324284e-01;4.166177e-02;8.405401e-02;4.520754e-02;1.635418e-01;7.208501e-02;9.080669e-02;7.390223e-02;5.656202e-02;4.117837e-02
4.981034e-02;4.311696e-02;2.451999e-01;4.331576e-02;7.085953e-02;4.387333e-02;1.627560e-01;6.405900e-02;8.310913e-02;8.761441e-02;6.610782e-02;4.017777e-02
1.090703e-01;9.071986e-02;2.595116e-01;4.845406e-02;6.144297e-02;4.754303e-02;9.565184e-02;3.491292e-02;8.913070e-02;7.751895e-02;4.695033e-02;3.909338e-02
1.219223e-01;9.719238e-02;1.992084e-01;6.256010e-02;4.631224e-02;6.223396e-02;1.094697e-01;5.161583e-02;5.908854e-02;4.369116e-02;7.539407e-02;7.131133e-02
1.180531e-01;7.064364e-02;1.207321e-01;8.648282e-02;4.552779e-02;6.824434e-02;1.509227e-01;5.261637e-02;4.806736e-02;2.971995e-02;8.667509e-02;1.223147e-01
1.241648e-01;4.170650e-02;6.071858e-02;1.379811e-01;3.550880e-02;4.821397e-02;1.702292e-01;6.744451e-02;3.244549e-02;2.971801e-02;6.842019e-02;1.834489e-01
1.493696e-01;3.073657e-02;2.954040e-02;2.001834e-01;1.571514e-02;1.959571e-02;1.810406e-01;6.529807e-02;9.260974e-03;3.046201e-02;4.170395e-02;2.270936e-01
1.180547e-01;1.566205e-02;2.345765e-02;2.357896e-01;9.114428e-03;7.086875e-03;1.947238e-01;3.814420e-02;7.005171e-03;2.876493e-02;4.620465e-02;2.759920e-01
1.022839e-01;1.805018e-02;2.904360e-02;2.140150e-01;1.447183e-02;1.476548e-02;1.837810e-01;2.684396e-02;9.524289e-03;3.573480e-02;5.526701e-02;2.962191e-01
9.261291e-02;1.846124e-02;4.022716e-02;1.800774e-01;1.980975e-02;1.923991e-02;1.698644e-01;1.825242e-02;9.828355e-03;4.619206e-02;8.185786e-02;3.035765e-01
8.490870e-02;2.134938e-02;4.217569e-02;1.406594e-01;2.478992e-02;3.497976e-02;1.553050e-01;1.395078e-02;1.325154e-02;5.626651e-02;1.139316e-01;2.984317e-01
9.260833e-02;2.389829e-02;9.235545e-02;9.296972e-02;2.704357e-02;4.926234e-02;1.076606e-01;1.813183e-02;2.342498e-02;7.881847e-02;1.476995e-01;2.461270e-01
8.756524e-02;3.530940e-02;1.719979e-01;6.793636e-02;2.688036e-02;3.813363e-02;7.491013e-02;1.902062e-02;4.423206e-02;1.132964e-01;1.591699e-01;1.615480e-01
9.688472e-02;5.743789e-02;1.619736e-01;7.519335e-02;3.564890e-02;4.270116e-02;9.828377e-02;3.016484e-02;6.317956e-02;1.297081e-01;1.306522e-01;7.817193e-02
6.999818e-02;6.599624e-02;1.783973e-01;9.571722e-02;7.181778e-02;5.857476e-02;1.267486e-01;4.291550e-02;6.902258e-02;9.778785e-02;8.319230e-02;3.983167e-02
8.608468e-02;7.563106e-02;1.245727e-01;8.003548e-02;9.165418e-02;8.535462e-02;1.186300e-01;3.984349e-02;1.007069e-01;1.136991e-01;5.781936e-02;2.596842e-02
1.117611e-01;8.752698e-02;8.893514e-02;6.088927e-02;7.482905e-02;8.392310e-02;1.179917e-01;4.632785e-02;9.492283e-02;1.037717e-01;7.321340e-02;5.590793e-02
9.953225e-02;6.521917e-02;1.066405e-01;4.967257e-02;9.224246e-02;6.330519e-02;9.735222e-02;6.478647e-02;7.121889e-02;9.299797e-02;1.130265e-01;8.400585e-02
1.022716e-01;5.394931e-02;1.257650e-01;5.138427e-02;7.803790e-02;6.878933e-02;6.463233e-02;8.215946e-02;6.528678e-02;1.048716e-01;1.036683e-01;9.918407e-02
1.219240e-01;5.799237e-02;9.452903e-02;5.596200e-02;5.007388e-02;1.013021e-01;7.471916e-02;8.582432e-02;8.884244e-02;1.066207e-01;7.797351e-02;8.423635e-02
1.144364e-01;8.707963e-02;8.521196e-02;7.584906e-02;4.694599e-02;7.529899e-02;7.348149e-02;6.925782e-02;9.349613e-02;1.158172e-01;6.106149e-02;1.020639e-01
1.225140e-01;8.042073e-02;9.543241e-02;7.150113e-02;6.395128e-02;6.161714e-02;8.691625e-02;7.919325e-02;9.463101e-02;9.635819e-02;5.264071e-02;9.482385e-02
1.240080e-01;7.087850e-02;8.785022e-02;5.887438e-02;6.551275e-02;6.113825e-02;1.166314e-01;9.789854e-02;9.079664e-02;7.204398e-02;6.836777e-02;8.599963e-02
1.086635e-01;7.293224e-02;7.329865e-02;4.204111e-02;6.570614e-02;1.033834e-01;1.292095e-01;1.056206e-01;7.050979e-02;7.262588e-02;7.545649e-02;8.055271e-02
6.383465e-02;7.421343e-02;1.077557e-01;5.663516e-02;8.060431e-02;1.025218e-01;1.175059e-01;8.518643e-02;8.021285e-02;1.024146e-01;7.747882e-02;5.163649e-02
6.777449e-02;8.605164e-02;1.310432e-01;9.864143e-02;1.039117e-01;9.261430e-02;1.103759e-01;7.901773e-02;6.539018e-02;7.328286e-02;5.837809e-02;3.351850e-02
8.300057e-02;5.613738e-02;1.420134e-01;1.382211e-01;1.147449e-01;1.030628e-01;1.351211e-01;5.417034e-02;4.837238e-02;5.983303e-02;3.798745e-02;2.733557e-02
8.925007e-02;9.523920e-02;2.442171e-01;1.094660e-01;8.083264e-02;5.997584e-02;1.622381e-01;3.109415e-02;2.915548e-02;4.314863e-02;2.315398e-02;3.222885e-02
1.263698e-01;9.672511e-02;1.967081e-01;8.649250e-02;7.877624e-02;6.050413e-02;1.753170e-01;3.443951e-02;3.030358e-02;4.856065e-02;2.683709e-02;3.896624e-02
1.266369e-01;8.551598e-02;1.144881e-01;8.665419e-02;8.637053e-02;7.172651e-02;1.854829e-01;4.831793e-02;4.785325e-02;5.684724e-02;3.313413e-02;5.697246e-02
1.100206e-01;6.494960e-02;5.049819e-02;8.400019e-02;8.494508e-02;7.261312e-02;2.020800e-01;6.219511e-02;6.476685e-02;6.067207e-02;4.587775e-02;9.738140e-02
1.645047e-01;6.910822e-02;4.289207e-02;7.298716e-02;4.280370e-02;8.193541e-02;1.970073e-01;4.569864e-02;6.757066e-02;4.511900e-02;4.234632e-02;1.280268e-01
5.000769e-02;6.389085e-02;6.588818e-02;7.173677e-02;7.053887e-02;1.148976e-01;2.027712e-01;5.101501e-02;7.179368e-02;6.002164e-02;6.145854e-02;1.159799e-01
9.537437e-02;5.725786e-02;1.082093e-01;8.175717e-02;9.922127e-02;7.037736e-02;1.757797e-01;6.655207e-02;7.039847e-02;5.230068e-02;3.922536e-02;8.354641e-02
7.739516e-02;2.786842e-02;1.714623e-01;8.415752e-02;1.035903e-01;6.253617e-02;1.748393e-01;6.806929e-02;9.019648e-02;3.687639e-02;3.379684e-02;6.921183e-02
3.484037e-02;5.235827e-02;1.842846e-01;1.221183e-01;8.417892e-02;6.909760e-02;1.915992e-01;5.470407e-02;8.072552e-02;3.795622e-02;2.980310e-02;5.833392e-02
6.499811e-02;5.562890e-02;1.449669e-01;1.897933e-01;7.368189e-02;3.907437e-02;2.027826e-01;4.970320e-02;4.889928e-02;4.668076e-02;2.695954e-02;5.683115e-02
5.770093e-02;5.754331e-02;1.197254e-01;2.259406e-01;7.783441e-02;2.741644e-02;1.943132e-01;5.693718e-02;3.685058e-02;6.605084e-02;2.406640e-02;5.562070e-02
7.514378e-02;6.788832e-02;1.200246e-01;1.953718e-01;7.532278e-02;2.848727e-02;1.809648e-01;6.370158e-02;5.057506e-02;7.075787e-02;2.771251e-02;4.404951e-02
1.364827e-01;5.465053e-02;8.411027e-02;1.551808e-01;9.890076e-02;3.170835e-02;1.637585e-01;9.310559e-02;5.296206e-02;6.309695e-02;2.623432e-02;3.980915e-02
1.774769e-01;6.388270e-02;8.005715e-02;1.256661e-01;1.109695e-01;2.309027e-02;1.391844e-01;1.145422e-01;4.483897e-02;4.054236e-02;3.449519e-02;4.525432e-02
1.740980e-01;5.539034e-02;8.918606e-02;1.050743e-01;9.607249e-02;2.611087e-02;1.628942e-01;1.043711e-01;3.739858e-02;4.943860e-02;5.277388e-02;4.719161e-02
1.370525e-01;3.456230e-02;1.053188e-01;9.161398e-02;6.975777e-02;3.922382e-02;2.198824e-01;7.162119e-02;3.867969e-02;7.492071e-02;7.199714e-02;4.536967e-02
9.327772e-02;2.839465e-02;1.230809e-01;7.542571e-02;4.853992e-02;4.621211e-02;2.583396e-01;5.673360e-02;3.944688e-02;8.496197e-02;8.838545e-02;5.720148e-02
3.877799e-02;4.181575e-02;1.695572e-01;6.004141e-02;4.638010e-02;4.474837e-02;2.426806e-01;6.971724e-02;3.712818e-02;8.696208e-02;9.589258e-02;6.629851e-02
7.914872e-02;7.491900e-02;1.539537e-01;4.420960e-02;6.620320e-02;4.068815e-02;1.388918e-01;8.807336e-02;4.871003e-02;9.588537e-02;1.002113e-01;6.910586e-02
1.068540e-01;5.164483e-02;2.438036e-01;4.993876e-02;4.656141e-02;1.659834e-02;1.204215e-01;9.892482e-02;2.524260e-02;7.968245e-02;8.603236e-02;7.429525e-02
5.934796e-02;4.301232e-02;2.715385e-01;3.655553e-02;3.663807e-02;2.422392e-02;1.436067e-01;1.051443e-01;3.400229e-02;6.248713e-02;1.142691e-01;6.917422e-02
4.969747e-02;3.183968e-02;3.134618e-01;3.620742e-02;4.007510e-02;2.149654e-02;1.097659e-01;8.965211e-02;6.104575e-02;6.010998e-02;1.224707e-01;6.417765e-02
3.976334e-02;3.887960e-02;3.219547e-01;4.653540e-02;4.873345e-02;4.327906e-02;1.018752e-01;6.853473e-02;7.469068e-02;5.826332e-02;9.938844e-02;5.810213e-02
4.361944e-02;4.823934e-02;2.752857e-01;6.143315e-02;3.673070e-02;7.343618e-02;1.462304e-01;7.185415e-02;7.472821e-02;6.294711e-02;6.140741e-02;4.408830e-02
5.817373e-02;4.929196e-02;1.983303e-01;6.303752e-02;4.374438e-02;8.728342e-02;1.519420e-01;9.786690e-02;7.210838e-02;8.753889e-02;5.121358e-02;3.946890e-02
7.428718e-02;4.916747e-02;1.510718e-01;6.265057e-02;4.602696e-02;7.509446e-02;1.283826e-01;8.624682e-02;8.491104e-02;1.110563e-01;7.959470e-02;5.151014e-02
6.555465e-02;6.796811e-02;1.294744e-01;6.689428e-02;6.378353e-02;4.235326e-02;1.158599e-01;5.480379e-02;9.313489e-02;1.505230e-01;9.250542e-02;5.714477e-02
4.465950e-02;9.598086e-02;9.049527e-02;5.104113e-02;6.862980e-02;4.257235e-02;1.176248e-01;5.392947e-02;1.250372e-01;1.747541e-01;9.206740e-02;4.320813e-02
6.088433e-02;9.489148e-02;1.006740e-01;4.942237e-02;6.400178e-02;7.604768e-02;1.185970e-01;5.719351e-02;1.028260e-01;1.561021e-01;7.474481e-02;4.461502e-02
8.721609e-02;8.462536e-02;2.061541e-01;5.406458e-02;6.080449e-02;7.087710e-02;1.049751e-01;4.872546e-02;6.741610e-02;8.803757e-02;5.896683e-02;6.813726e-02
7.496176e-02;8.141316e-02;2.910814e-01;4.683353e-02;5.916019e-02;6.327332e-02;8.581646e-02;3.453795e-02;7.963480e-02;6.584433e-02;6.182517e-02;5.561790e-02
4.422739e-02;4.775477e-02;3.251385e-01;3.337700e-02;3.654359e-02;6.345285e-02;6.174118e-02;4.454447e-02;1.474454e-01;8.613064e-02;6.128940e-02;4.835468e-02
4.072277e-02;3.920373e-02;2.760892e-01;4.202230e-02;2.983283e-02;6.554281e-02;9.067376e-02;6.164778e-02;1.478043e-01;7.345132e-02;7.799380e-02;5.501539e-02
6.576015e-02;6.762162e-02;1.755618e-01;6.350009e-02;4.146774e-02;5.982855e-02;9.039589e-02;5.401646e-02;8.674365e-02;1.059506e-01;1.063282e-01;8.282527e-02
1.022688e-01;8.898167e-02;9.942932e-02;7.036399e-02;7.226569e-02;6.898907e-02;8.407267e-02;5.757777e-02;4.967286e-02;1.332134e-01;1.052332e-01;6.793150e-02
1.197456e-01;7.782724e-02;1.012712e-01;9.062691e-02;8.334057e-02;7.337913e-02;1.006833e-01;5.355657e-02;7.577118e-02;8.257980e-02;9.217909e-02;4.903952e-02
1.321474e-01;4.067746e-02;1.058073e-01;9.436415e-02;6.843908e-02;6.088491e-02;1.085662e-01;6.624538e-02;1.229711e-01;6.649975e-02;7.970411e-02;5.369326e-02
1.092387e-01;4.923203e-02;1.095005e-01;7.041705e-02;7.265683e-02;7.069631e-02;8.626927e-02;1.005371e-01;1.074102e-01;6.929853e-02;8.972701e-02;6.501644e-02
9.195699e-02;5.068233e-02;1.144639e-01;8.253200e-02;7.666055e-02;7.870091e-02;9.389587e-02;6.987981e-02;1.011343e-01;8.513337e-02;7.783129e-02;7.712864e-02
7.095189e-02;5.736908e-02;1.062200e-01;9.793795e-02;4.705508e-02;6.441341e-02;1.584469e-01;8.963714e-02;1.012213e-01;7.945589e-02;6.385677e-02;6.343462e-02
6.687274e-02;6.052344e-02;1.181112e-01;9.197716e-02;5.600226e-02;6.914482e-02;1.760357e-01;1.403086e-01;6.487099e-02;5.406977e-02;4.946811e-02;5.261521e-02
7.517783e-02;7.504039e-02;8.383942e-02;6.327450e-02;6.175586e-02;8.556180e-02;1.607026e-01;1.596005e-01;4.549247e-02;5.798694e-02;6.159317e-02;6.997447e-02
6.115574e-02;4.723518e-02;9.984947e-02;5.527806e-02;8.322993e-02;9.202176e-02;1.540153e-01;1.360938e-01;7.647379e-02;6.758177e-02;6.318667e-02;6.387845e-02
5.491289e-02;5.210087e-02;1.548229e-01;8.659682e-02;9.056056e-02;7.912645e-02;9.729201e-02;1.044098e-01;9.695243e-02;9.459800e-02;5.243558e-02;3.619165e-02
4.989585e-02;5.931215e-02;1.432423e-01;8.636723e-02;6.461855e-02;6.114107e-02;9.886015e-02;9.713206e-02;8.415660e-02;1.238382e-01;4.862763e-02;8.280828e-02
3.685971e-02;5.739124e-02;1.202564e-01;4.454932e-02;7.610547e-02;6.676240e-02;1.125500e-01;7.416781e-02;1.021559e-01;1.146342e-01;8.814907e-02;1.064184e-01
4.594284e-02;5.894204e-02;1.138369e-01;3.695962e-02;8.179674e-02;6.815324e-02;1.037517e-01;7.155988e-02;1.177222e-01;1.051688e-01;1.044674e-01;9.169879e-02
