1.136228e-01;4.913943e-02;1.213476e-01;5.185527e-02;4.963625e-02;6.923142e-02;1.322190e-01;8.228969e-02;5.903418e-02;1.283452e-01;1.016162e-01;4.166301e-02
1.059471e-01;5.528520e-02;1.506631e-01;4.882843e-02;6.761056e-02;6.258731e-02;1.871486e-01;6.760881e-02;4.786716e-02;8.800028e-02;8.666066e-02;3.179279e-02
9.186704e-02;6.099282e-02;1.565658e-01;6.047476e-02;5.698911e-02;7.294161e-02;2.344438e-01;4.695637e-02;5.141056e-02;7.248639e-02;6.330982e-02;3.156187e-02
6.741828e-02;6.532805e-02;1.210246e-01;8.040385e-02;6.794957e-02;5.693186e-02;2.231330e-01;5.251045e-02;9.306624e-02;6.862216e-02;5.768050e-02;4.593146e-02
6.833167e-02;5.966657e-02;1.130920e-01;4.839441e-02;7.253311e-02;5.630254e-02;1.526095e-01;7.658080e-02;1.210984e-01;9.177346e-02;8.242410e-02;5.719350e-02
8.560518e-02;4.676053e-02;1.232766e-01;2.240683e-02;7.344487e-02;8.438031e-02;9.924582e-02;8.648905e-02;1.414925e-01;9.803006e-02;9.108116e-02;4.778708e-02
8.473954e-02;3.562893e-02;1.459364e-01;4.703937e-02;5.364018e-02;7.334433e-02;1.036940e-01;8.316429e-02;1.459438e-01;7.973434e-02;6.375023e-02;8.338465e-02
9.908823e-02;4.275170e-02;1.290863e-01;5.997387e-02;7.176723e-02;3.902552e-02;1.063511e-01;7.717099e-02;1.507732e-01;9.939876e-02;3.979769e-02;8.481546e-02
1.282202e-01;6.628354e-02;1.083745e-01;4.769178e-02;9.839161e-02;3.087543e-02;1.198495e-01;5.608958e-02;1.411494e-01;9.585953e-02;5.379494e-02;5.342009e-02
1.027499e-01;8.572447e-02;1.370946e-01;3.949705e-02;9.562566e-02;5.173183e-02;1.149620e-01;4.160809e-02;1.273628e-01;9.895077e-02;4.267643e-02;6.201636e-02
8.065593e-02;7.690695e-02;1.315708e-01;2.082052e-02;7.469611e-02;3.503731e-02;1.512130e-01;5.859205e-02;1.225872e-01;8.253965e-02;8.667524e-02;7.870533e-02
8.940651e-02;6.208280e-02;1.278526e-01;3.093073e-02;7.459307e-02;3.492960e-02;1.724274e-01;9.990887e-02;8.844683e-02;6.803527e-02;8.127221e-02;7.011411e-02
1.029493e-01;4.508502e-02;1.545202e-01;4.557652e-02;8.191707e-02;3.823230e-02;1.208258e-01;9.475671e-02;1.067818e-01;7.891347e-02;5.580826e-02;7.463350e-02
9.350094e-02;5.099101e-02;1.228760e-01;6.912678e-02;9.422589e-02;4.571339e-02;1.107790e-01;1.012925e-01;1.074899e-01;6.014033e-02;6.288642e-02;8.097786e-02
8.191384e-02;8.086102e-02;1.454904e-01;7.524169e-02;8.935428e-02;6.229197e-02;1.391144e-01;7.813226e-02;6.213991e-02;6.590772e-02;6.626926e-02;5.328316e-02
4.885472e-02;7.182267e-02;3.372051e-01;8.134287e-02;9.354593e-02;5.985978e-02;9.634253e-02;4.355052e-02;3.755273e-02;5.258233e-02;4.379652e-02;3.354437e-02
2.846748e-02;5.129826e-02;4.107578e-01;8.546403e-02;1.017985e-01;6.197429e-02;1.372208e-01;2.087833e-02;2.554865e-02;3.417836e-02;2.365877e-02;1.875475e-02
3.361623e-02;5.390633e-02;4.512218e-01;7.986059e-02;8.459939e-02;5.120345e-02;1.240484e-01;2.501450e-02;2.753182e-02;3.638716e-02;1.831623e-02;1.429407e-02
2.710388e-02;5.482363e-02;5.530916e-01;5.928670e-02;5.404043e-02;3.805728e-02;8.928572e-02;3.371721e-02;2.820608e-02;3.903026e-02;1.178988e-02;1.156735e-02
3.180519e-02;6.977492e-02;6.214277e-01;4.262674e-02;1.864149e-02;3.051953e-02;6.016830e-02;3.084715e-02;2.955117e-02;3.914711e-02;1.360718e-02;1.188352e-02
4.742211e-02;1.011479e-01;5.702506e-01;4.407899e-02;2.022038e-02;3.181250e-02;3.891317e-02;2.757420e-02;3.180583e-02;4.593250e-02;2.038063e-02;2.046118e-02
5.662679e-02;1.040130e-01;4.609305e-01;5.778785e-02;2.868446e-02;3.294086e-02;5.524839e-02;3.183527e-02;3.057783e-02;7.079931e-02;3.435555e-02;3.620011e-02
6.833421e-02;1.018880e-01;2.710758e-01;7.157780e-02;5.440888e-02;3.004167e-02;7.073442e-02;4.019096e-02;6.837534e-02;1.098190e-01;4.057927e-02;7.297456e-02
7.093562e-02;7.407647e-02;1.652044e-01;4.150990e-02;6.009570e-02;6.706748e-02;8.440737e-02;5.825932e-02;8.039236e-02;1.406382e-01;5.225847e-02;1.051547e-01
5.918276e-02;5.351079e-02;1.272624e-01;4.551204e-02;7.154861e-02;1.024772e-01;9.201384e-02;8.485029e-02;7.616899e-02;1.282161e-01;6.309959e-02;9.615729e-02
4.676587e-02;6.093132e-02;1.329304e-01;5.267659e-02;7.552039e-02;8.577216e-02;6.579916e-02;9.535030e-02;7.372928e-02;9.497465e-02;1.066669e-01;1.088831e-01
5.408868e-02;6.830622e-02;1.382531e-01;4.526568e-02;5.446911e-02;5.103879e-02;7.737859e-02;8.391666e-02;9.327332e-02;7.893244e-02;1.340922e-01;1.209852e-01
5.071385e-02;4.809661e-02;1.292696e-01;6.897143e-02;6.397876e-02;6.059271e-02;1.056573e-01;8.700822e-02;1.182287e-01;8.395451e-02;1.100418e-01;7.348651e-02
7.709883e-02;4.491905e-02;8.760594e-02;8.086503e-02;6.105092e-02;7.496111e-02;8.944252e-02;6.860311e-02;1.348544e-01;1.220689e-01;8.349703e-02;7.503312e-02
9.580439e-02;5.903204e-02;6.052835e-02;7.193012e-02;5.820737e-02;4.880184e-02;7.878702e-02;7.617946e-02;1.196591e-01;1.398536e-01;8.915038e-02;1.020664e-01
9.192265e-02;6.866784e-02;7.020520e-02;6.443608e-02;5.559447e-02;5.822299e-02;9.466815e-02;7.769208e-02;1.115058e-01;1.496468e-01;8.120706e-02;7.623083e-02
6.405214e-02;7.763128e-02;7.541829e-02;7.360530e-02;7.292064e-02;9.005525e-02;1.374648e-01;7.498350e-02;8.556614e-02;1.376896e-01;5.578291e-02;5.483013e-02
5.152717e-02;7.235326e-02;9.498639e-02;4.356898e-02;7.662572e-02;8.409318e-02;2.857275e-01;6.307289e-02;7.454295e-02;6.135993e-02;4.673441e-02;4.540757e-02
4.535908e-02;4.674549e-02;1.133619e-01;4.343060e-02;7.983737e-02;1.092120e-01;3.241928e-01;7.702435e-02;5.360763e-02;3.791275e-02;3.923664e-02;3.007935e-02
5.169477e-02;4.439145e-02;1.236727e-01;4.673960e-02;9.350090e-02;1.341259e-01;2.915147e-01;7.067562e-02;4.181769e-02;3.568624e-02;3.805827e-02;2.812209e-02
7.430095e-02;4.855276e-02;1.375849e-01;3.267661e-02;1.020140e-01;1.560342e-01;2.544538e-01;5.921905e-02;3.706108e-02;3.264770e-02;3.746919e-02;2.798587e-02
7.956919e-02;3.607326e-02;1.784158e-01;3.671671e-02;1.040340e-01;1.402125e-01;2.360935e-01;6.658998e-02;3.410710e-02;2.497074e-02;2.671508e-02;3.650210e-02
6.226293e-02;2.441261e-02;2.534123e-01;6.645218e-02;1.175594e-01;1.100295e-01;1.856296e-01;6.346426e-02;2.198736e-02;3.025830e-02;2.111885e-02;4.341265e-02
4.106187e-02;2.690550e-02;2.309005e-01;3.896722e-02;1.114680e-01;1.147183e-01;1.704887e-01;3.615058e-02;5.296985e-02;5.675930e-02;6.064829e-02;5.896182e-02
3.536883e-02;4.483064e-02;1.339634e-01;4.154815e-02;7.543661e-02;1.195340e-01;2.754696e-01;1.996491e-02;7.163740e-02;5.958047e-02;6.865717e-02;5.400883e-02
6.167160e-02;6.168984e-02;1.055847e-01;6.009994e-02;9.603988e-02;1.108181e-01;2.713369e-01;3.774660e-02;6.338998e-02;4.684436e-02;3.989606e-02;4.488195e-02
5.604275e-02;5.759564e-02;8.278402e-02;5.676052e-02;8.706325e-02;1.313743e-01;2.192211e-01;5.182406e-02;6.134520e-02;8.179461e-02;4.234191e-02;7.185262e-02
5.676886e-02;6.324116e-02;1.201174e-01;5.322693e-02;8.062261e-02;1.238127e-01;1.468673e-01;7.483888e-02;6.891093e-02;9.069677e-02;5.677505e-02;6.412147e-02
1.006699e-01;8.740618e-02;1.236977e-01;7.149513e-02;7.701153e-02;8.844575e-02;9.314304e-02;7.947414e-02;8.453289e-02;8.276233e-02;5.734754e-02;5.401386e-02
1.148562e-01;1.230679e-01;1.070023e-01;7.576443e-02;8.655908e-02;5.450384e-02;8.340845e-02;7.519680e-02;1.147185e-01;5.231703e-02;3.662326e-02;7.598220e-02
6.965508e-02;1.191181e-01;1.023667e-01;1.031900e-01;8.814693e-02;2.915328e-02;7.381922e-02;7.683871e-02;1.311825e-01;1.020376e-01;3.728883e-02;6.720312e-02
3.469653e-02;8.251819e-02;1.057457e-01;7.629589e-02;5.830946e-02;5.221096e-02;1.678894e-01;7.030355e-02;1.078347e-01;1.259623e-01;6.573707e-02;5.249619e-02
1.003060e-01;6.872303e-02;1.055182e-01;3.001192e-02;5.835923e-02;6.960810e-02;1.754202e-01;9.307292e-02;7.142038e-02;1.137696e-01;5.382184e-02;5.996852e-02
1.577074e-01;1.065957e-01;1.458368e-01;2.995034e-02;7.166605e-02;5.860339e-02;1.041016e-01;7.841299e-02;4.047990e-02;9.286878e-02;5.717187e-02;5.660518e-02
1.340980e-01;1.032287e-01;1.931603e-01;4.050511e-02;6.536336e-02;5.835456e-02;9.976955e-02;5.034647e-02;7.308974e-02;8.109611e-02;6.927677e-02;3.171134e-02
9.548786e-02;6.691929e-02;1.633278e-01;4.531355e-02;6.384183e-02;4.786896e-02;1.324115e-01;8.807386e-02;9.210002e-02;9.709622e-02;7.131538e-02;3.624384e-02
7.699127e-02;2.800820e-02;1.146512e-01;3.871295e-02;7.846820e-02;6.441174e-02;1.516784e-01;1.358273e-01;9.767151e-02;1.046225e-01;4.722720e-02;6.172958e-02
9.161987e-02;4.295901e-02;1.063064e-01;4.705378e-02;8.669195e-02;6.691311e-02;1.781560e-01;8.537547e-02;8.087537e-02;7.425757e-02;5.863213e-02;8.115929e-02
1.062514e-01;7.204309e-02;1.079596e-01;4.211890e-02;8.787833e-02;6.209397e-02;1.572342e-01;7.375430e-02;6.244365e-02;6.988997e-02;8.496976e-02;7.336281e-02
7.994428e-02;6.646109e-02;8.219725e-02;7.246515e-02;8.702011e-02;4.806468e-02;1.369285e-01;7.950675e-02;1.045591e-01;1.075276e-01;7.731460e-02;5.801094e-02
6.822375e-02;6.751913e-02;9.857272e-02;6.275425e-02;6.850178e-02;7.791904e-02;1.221488e-01;1.098131e-01;1.033689e-01;9.040755e-02;5.892127e-02;7.184976e-02
8.328304e-02;7.227268e-02;1.150616e-01;6.020042e-02;6.963184e-02;8.511461e-02;1.232342e-01;1.171683e-01;9.048624e-02;6.079324e-02;5.612924e-02;6.662469e-02
8.057645e-02;6.996857e-02;1.346412e-01;7.921492e-02;6.935092e-02;7.345851e-02;1.416705e-01;1.021292e-01;1.001256e-01;4.954573e-02;5.543443e-02;4.388380e-02
7.592863e-02;6.493703e-02;1.878382e-01;8.860209e-02;8.031753e-02;8.390906e-02;1.193361e-01;7.269508e-02;9.677597e-02;5.200604e-02;5.147308e-02;2.618117e-02
5.247324e-02;3.207139e-02;2.629089e-01;6.362398e-02;9.602983e-02;8.656539e-02;2.342836e-01;1.666387e-02;5.692583e-02;3.943418e-02;3.643060e-02;2.258916e-02
4.083237e-02;3.609916e-02;2.856639e-01;4.823934e-02;8.748926e-02;7.882840e-02;2.447145e-01;3.503023e-02;4.905423e-02;3.725579e-02;2.879027e-02;2.800250e-02
7.971330e-02;2.718039e-02;2.725089e-01;3.245545e-02;8.564952e-02;5.093325e-02;2.031366e-01;4.218192e-02;6.012763e-02;5.914728e-02;3.540559e-02;5.156013e-02
8.418144e-02;7.504217e-02;3.860044e-01;6.198266e-02;7.720278e-02;4.994848e-02;1.014787e-01;4.864425e-02;1.615373e-02;4.814069e-02;2.150431e-02;2.971635e-02
6.673134e-02;1.204619e-01;4.390516e-01;4.509845e-02;5.029339e-02;4.115398e-02;6.504399e-02;2.704941e-02;6.372467e-02;3.868378e-02;1.051430e-02;3.219321e-02
5.709219e-02;1.676651e-01;4.386973e-01;2.103633e-02;2.333034e-02;3.405149e-02;3.063909e-02;1.477552e-02;1.305185e-01;2.978442e-02;1.079275e-02;4.161693e-02
6.862468e-02;2.004341e-01;3.547214e-01;2.057568e-02;1.813797e-02;3.425220e-02;9.751834e-03;9.795519e-03;1.980872e-01;2.158363e-02;1.818548e-02;4.585041e-02
8.436763e-02;2.034397e-01;2.664786e-01;2.432131e-02;2.149653e-02;2.720021e-02;3.144915e-02;1.895860e-02;2.374030e-01;2.700525e-02;2.214312e-02;3.573697e-02
1.055202e-01;2.059680e-01;2.252716e-01;2.252661e-02;2.646087e-02;2.329260e-02;4.159803e-02;2.161133e-02;2.603123e-01;2.830097e-02;2.247878e-02;1.665871e-02
1.598226e-01;1.870819e-01;2.214876e-01;2.010463e-02;2.392890e-02;1.531226e-02;2.162938e-02;4.995538e-02;2.253922e-01;2.989002e-02;2.152358e-02;2.387165e-02
2.221265e-01;1.574320e-01;1.981501e-01;1.507001e-02;2.608792e-02;1.176728e-02;1.834455e-02;7.950421e-02;1.481912e-01;3.637272e-02;4.639297e-02;4.056067e-02
2.786763e-01;1.389205e-01;1.822759e-01;1.158146e-02;3.927157e-02;1.113359e-02;2.496124e-02;1.114961e-01;6.726556e-02;2.701311e-02;6.173169e-02;4.567286e-02
3.254811e-01;1.311868e-01;1.662903e-01;1.127046e-02;4.577377e-02;1.200039e-02;2.201467e-02;1.349856e-01;8.798896e-03;2.790093e-02;6.388438e-02;5.041261e-02
3.179103e-01;9.018128e-02;1.353954e-01;1.559995e-02;3.979633e-02;1.588660e-02;6.913935e-02;1.286543e-01;3.439843e-02;2.635927e-02;6.601863e-02;6.066012e-02
2.853968e-01;5.956244e-02;1.042109e-01;2.539089e-02;2.055213e-02;2.796913e-02;1.211673e-01;8.991243e-02;6.414784e-02;4.851272e-02;7.766058e-02;7.551675e-02
1.866560e-01;6.818394e-02;9.925184e-02;2.848134e-02;3.247998e-02;3.032443e-02;1.232852e-01;7.396132e-02;1.155294e-01;8.369572e-02;8.158813e-02;7.656268e-02
1.215238e-01;7.754634e-02;1.099102e-01;4.020484e-02;3.167595e-02;3.510137e-02;1.101524e-01;7.285963e-02;1.178173e-01;1.020875e-01;1.042508e-01;7.686972e-02
1.168177e-01;5.553785e-02;1.713409e-01;5.014900e-02;2.940315e-02;3.070450e-02;9.244109e-02;7.552554e-02;7.422737e-02;1.119961e-01;1.170685e-01;7.478829e-02
9.966782e-02;7.174062e-02;1.440201e-01;3.349700e-02;3.302339e-02;5.645493e-02;8.359511e-02;8.543894e-02;8.338894e-02;1.098859e-01;1.406034e-01;5.868396e-02
1.017288e-01;7.015520e-02;1.165987e-01;3.279406e-02;5.625879e-02;7.188128e-02;1.056253e-01;8.130604e-02;7.090036e-02;8.959978e-02;1.318227e-01;7.132890e-02
1.316317e-01;5.063656e-02;1.482341e-01;4.022827e-02;6.635727e-02;6.454202e-02;9.472837e-02;6.432072e-02;5.061585e-02;8.171210e-02;1.208167e-01;8.617638e-02
1.582900e-01;5.616465e-02;1.956536e-01;4.425148e-02;6.290614e-02;4.954303e-02;1.060793e-01;4.867617e-02;5.964895e-02;5.592517e-02;8.876396e-02;7.409754e-02
2.021046e-01;7.251762e-02;2.059698e-01;3.200039e-02;5.246242e-02;4.227453e-02;7.548772e-02;7.520404e-02;5.126411e-02;5.638664e-02;6.516183e-02;6.916630e-02
2.376110e-01;7.086083e-02;2.064775e-01;3.531877e-02;3.964324e-02;3.861124e-02;6.731413e-02;6.949586e-02;4.457814e-02;5.801049e-02;5.442253e-02;7.765620e-02
2.745626e-01;5.133709e-02;1.456921e-01;5.596803e-02;3.625969e-02;3.657467e-02;9.465066e-02;5.692689e-02;4.321238e-02;5.451341e-02;5.423818e-02;9.606438e-02
3.254598e-01;1.058545e-01;1.458748e-01;4.883841e-02;3.607208e-02;2.400690e-02;6.578901e-02;8.323121e-02;2.205036e-02;3.799138e-02;3.888239e-02;6.594919e-02
3.344459e-01;1.887194e-01;2.126167e-01;2.633210e-02;2.590077e-02;1.257671e-02;3.292594e-02;6.565665e-02;2.962970e-02;1.775511e-02;2.189312e-02;3.154795e-02
3.554959e-01;2.405794e-01;1.954731e-01;1.496948e-02;1.746921e-02;6.247772e-03;2.790150e-02;4.445424e-02;4.151643e-02;1.386644e-02;1.824594e-02;2.378070e-02
3.743593e-01;2.365649e-01;1.818804e-01;1.103374e-02;3.429973e-02;6.726999e-03;2.055976e-02;4.986854e-02;3.748005e-02;9.261779e-03;1.701926e-02;2.094556e-02
4.025333e-01;2.050998e-01;1.439622e-01;1.379046e-02;5.633818e-02;7.041332e-03;1.459287e-02;7.277983e-02;2.526671e-02;1.593493e-02;2.041432e-02;2.224606e-02
3.879454e-01;1.548287e-01;1.461138e-01;1.169687e-02;6.312748e-02;1.122995e-02;2.213418e-02;1.115378e-01;2.591352e-02;2.346809e-02;1.815949e-02;2.384473e-02
3.716853e-01;1.100591e-01;1.272026e-01;9.614997e-03;6.587465e-02;1.449984e-02;2.867101e-02;1.619447e-01;3.503314e-02;2.790994e-02;1.851250e-02;2.899221e-02
3.408661e-01;8.577330e-02;1.284697e-01;1.704797e-02;6.901157e-02;9.100701e-03;2.847944e-02;2.013023e-01;4.541809e-02;2.554887e-02;1.809331e-02;3.088867e-02
3.106178e-01;7.807178e-02;1.099654e-01;1.924913e-02;5.334762e-02;1.104607e-02;6.583739e-02;2.394183e-01;3.422646e-02;2.746542e-02;1.561631e-02;3.513835e-02
2.940439e-01;6.581387e-02;8.520528e-02;1.664499e-02;2.518274e-02;1.111545e-02;9.632004e-02;2.844433e-01;3.182328e-02;2.989230e-02;1.761198e-02;4.190297e-02
2.456145e-01;5.318730e-02;9.481061e-02;1.491248e-02;1.656717e-02;1.754311e-02;1.275746e-01;2.764035e-01;4.795580e-02;3.136897e-02;2.520460e-02;4.885730e-02
2.154267e-01;4.211627e-02;7.724782e-02;2.312849e-02;2.339713e-02;3.078593e-02;1.918940e-01;2.290042e-01;3.569694e-02;3.663851e-02;3.029430e-02;6.436967e-02
1.750649e-01;5.727278e-02;1.376455e-01;3.053564e-02;3.668639e-02;3.585067e-02;2.026684e-01;1.487906e-01;2.593081e-02;3.790249e-02;4.646652e-02;6.518532e-02
1.292730e-01;6.567398e-02;2.503124e-01;3.389728e-02;4.574362e-02;3.607624e-02;1.634393e-01;1.020031e-01;2.417757e-02;4.286109e-02;5.889577e-02;4.764656e-02
8.517447e-02;7.011856e-02;2.700824e-01;3.201059e-02;4.690567e-02;4.317810e-02;1.266679e-01;1.201773e-01;5.449659e-02;6.234595e-02;6.107737e-02;2.776503e-02
5.837104e-02;9.433260e-02;9.557700e-02;3.207676e-02;6.843033e-02;4.725225e-02;1.483579e-01;2.196444e-01;6.428019e-02;7.869250e-02;6.222922e-02;3.075577e-02
6.238332e-02;7.572135e-02;1.336588e-01;4.103228e-02;4.941941e-02;4.435878e-02;1.668743e-01;2.091159e-01;8.155090e-02;4.632097e-02;5.056134e-02;3.900262e-02
2.908598e-02;7.900587e-02;1.244487e-01;5.557109e-02;4.998221e-02;3.603651e-02;1.733376e-01;1.437209e-01;9.317696e-02;7.819278e-02;7.910378e-02;5.833759e-02
1.186537e-01;6.583976e-02;9.826546e-02;5.374641e-02;4.455924e-02;4.918577e-02;1.282848e-01;8.634172e-02;1.285658e-01;6.477806e-02;1.111191e-01;5.066020e-02
1.047667e-01;6.996398e-02;9.708962e-02;4.817557e-02;7.809767e-02;1.108149e-01;1.440728e-01;1.098725e-01;9.276035e-02;5.372127e-02;4.221674e-02;4.844790e-02
5.291257e-02;7.855927e-02;1.062837e-01;5.415098e-02;5.835546e-02;1.094697e-01;1.575488e-01;9.688082e-02;8.863129e-02;8.318081e-02;4.962649e-02;6.440020e-02
6.107825e-02;7.892431e-02;1.158502e-01;5.692621e-02;4.326020e-02;9.835389e-02;1.446577e-01;8.684060e-02;9.062882e-02;8.585611e-02;6.666025e-02;7.096343e-02
6.684721e-02;7.644167e-02;1.295329e-01;6.349425e-02;3.834185e-02;8.210814e-02;1.219755e-01;7.338051e-02;1.006593e-01;8.879299e-02;7.731823e-02;8.110742e-02
7.219295e-02;6.608564e-02;1.351293e-01;6.753381e-02;5.457932e-02;5.568168e-02;1.028117e-01;7.152826e-02;1.140240e-01;9.618472e-02;7.951678e-02;8.473192e-02
7.726264e-02;7.593658e-02;2.652417e-01;5.595508e-02;8.206504e-02;4.434418e-02;1.153817e-01;4.106637e-02;9.739636e-02;5.188704e-02;4.892025e-02;4.454306e-02
8.539949e-02;8.741543e-02;2.913854e-01;5.298001e-02;5.968450e-02;3.670691e-02;1.220335e-01;7.394812e-02;9.374143e-02;5.359102e-02;1.781672e-02;2.529742e-02
1.183859e-01;7.493787e-02;2.104856e-01;4.470719e-02;3.920794e-02;4.131348e-02;1.122391e-01;1.257097e-01;1.046264e-01;6.140950e-02;3.581915e-02;3.115823e-02
1.475330e-01;4.527935e-02;1.274760e-01;4.200831e-02;3.734474e-02;4.548516e-02;1.361098e-01;1.710307e-01;8.918855e-02;6.362902e-02;5.967519e-02;3.524023e-02
1.559461e-01;3.926739e-02;9.474676e-02;4.776619e-02;3.371262e-02;4.454024e-02;2.051404e-01;1.506667e-01;4.681143e-02;7.616543e-02;5.815291e-02;4.708387e-02
1.886620e-01;2.538701e-02;6.219776e-02;5.969286e-02;4.042026e-02;4.549025e-02;2.809241e-01;9.136315e-02;4.558342e-02;7.359108e-02;3.608353e-02;5.060467e-02
2.119832e-01;5.372049e-02;1.343723e-01;5.968568e-02;6.803708e-02;3.097157e-02;2.199602e-01;8.741482e-02;2.108097e-02;3.920167e-02;2.835283e-02;4.521909e-02
2.474121e-01;7.162777e-02;1.152480e-01;6.625533e-02;8.889632e-02;2.117554e-02;1.631911e-01;1.096582e-01;2.430271e-02;2.276829e-02;2.923233e-02;4.023221e-02
2.319604e-01;4.156458e-02;1.055574e-01;6.678242e-02;9.144125e-02;3.077566e-02;1.556645e-01;1.135746e-01;3.811189e-02;3.350645e-02;4.585116e-02;4.520971e-02
2.039170e-01;5.176804e-02;1.020188e-01;4.818225e-02;8.801130e-02;4.870849e-02;1.502322e-01;1.237939e-01;4.190334e-02;5.324710e-02;4.620801e-02;4.200953e-02
1.769288e-01;5.920188e-02;1.228909e-01;3.737750e-02;8.141743e-02;4.094651e-02;1.662102e-01;1.592106e-01;4.319176e-02;4.612228e-02;3.816062e-02;2.834151e-02
1.509875e-01;4.453189e-02;1.358170e-01;5.412474e-02;8.002242e-02;2.347181e-02;1.636502e-01;1.782738e-01;4.659439e-02;4.863425e-02;4.450560e-02;2.938642e-02
1.404948e-01;3.146740e-02;1.119120e-01;6.396631e-02;7.776266e-02;1.910858e-02;2.370613e-01;1.574162e-01;3.228113e-02;5.527557e-02;3.657683e-02;3.667720e-02
1.336730e-01;3.582352e-02;9.770966e-02;6.872956e-02;5.889427e-02;2.291207e-02;2.978745e-01;1.157197e-01;3.132009e-02;5.845852e-02;3.745998e-02;4.142508e-02
1.173949e-01;1.706844e-02;1.548781e-01;7.339473e-02;5.701578e-02;2.270528e-02;2.796239e-01;9.449927e-02;2.608319e-02;6.203916e-02;5.209292e-02;4.320433e-02
1.026498e-01;4.941430e-02;2.243901e-01;5.271784e-02;6.014963e-02;2.861267e-02;2.198291e-01;6.064892e-02;2.660356e-02;6.928520e-02;6.378946e-02;4.190946e-02
7.130039e-02;6.233881e-02;2.539672e-01;2.401916e-02;8.739736e-02;4.165207e-02;1.598252e-01;6.027465e-02;5.497346e-02;8.166979e-02;6.224514e-02;4.033675e-02
8.042486e-02;5.022703e-02;1.585646e-01;3.083990e-02;1.183707e-01;4.712992e-02;1.780233e-01;1.079268e-01;8.171982e-02;5.836509e-02;5.126252e-02;3.714548e-02
7.398091e-02;3.691820e-02;9.868684e-02;5.544054e-02;7.340209e-02;5.367571e-02;2.316587e-01;1.307616e-01;8.996581e-02;6.655909e-02;3.367123e-02;5.527932e-02
9.445368e-02;5.518794e-02;1.223255e-01;6.738181e-02;4.764111e-02;5.882291e-02;1.372799e-01;6.525789e-02;1.195991e-01;1.105637e-01;5.366936e-02;6.781705e-02
7.640645e-02;6.695459e-02;1.166779e-01;4.916553e-02;5.410347e-02;7.882021e-02;9.383509e-02;7.442242e-02;1.249205e-01;1.002322e-01;7.294046e-02;9.152129e-02
9.881981e-02;7.794586e-02;7.632153e-02;3.580329e-02;5.268684e-02;5.438451e-02;1.518527e-01;8.680896e-02;1.136130e-01;6.275347e-02;8.857671e-02;1.004333e-01
1.102711e-01;8.313122e-02;8.244707e-02;4.382011e-02;7.135435e-02;4.916043e-02;1.227519e-01;8.402319e-02;1.174141e-01;5.093904e-02;7.546378e-02;1.092237e-01
1.000760e-01;6.843454e-02;8.794025e-02;5.602640e-02;4.079012e-02;6.511448e-02;1.070241e-01;1.020462e-01;1.079770e-01;6.961639e-02;8.711197e-02;1.078424e-01
7.769667e-02;6.350475e-02;1.105464e-01;5.775591e-02;3.043369e-02;6.859116e-02;1.226848e-01;1.231984e-01;1.181632e-01;4.890952e-02;7.849836e-02;1.000172e-01
5.947473e-02;7.977840e-02;1.485695e-01;5.695051e-02;3.105586e-02;7.551903e-02;1.089743e-01;1.419483e-01;1.095566e-01;3.284534e-02;7.180014e-02;8.352737e-02
9.784049e-02;1.350000e-01;1.900777e-01;6.104611e-02;4.675075e-02;6.896873e-02;4.123369e-02;1.333045e-01;6.975555e-02;4.277381e-02;6.589142e-02;4.735728e-02
1.076083e-01;1.562941e-01;1.778573e-01;4.915251e-02;9.887795e-02;4.222828e-02;7.349601e-02;9.498954e-02;4.219409e-02;6.709170e-02;6.033850e-02;2.987168e-02
8.508429e-02;1.188363e-01;1.623941e-01;5.772430e-02;1.516884e-01;5.024216e-02;6.959784e-02;4.627192e-02;9.859884e-02;7.432202e-02;5.484574e-02;3.039405e-02
8.225538e-02;4.834219e-02;2.025882e-01;4.546848e-02;1.072736e-01;7.735635e-02;1.350385e-01;8.296584e-02;8.755529e-02;5.282747e-02;3.211896e-02;4.620980e-02
8.958987e-02;8.099461e-02;2.907789e-01;7.771540e-02;7.484160e-02;5.141502e-02;1.267373e-01;6.572755e-02;5.713490e-02;3.225876e-02;2.788430e-02;2.492182e-02
9.867909e-02;9.629545e-02;2.595728e-01;8.179450e-02;8.780522e-02;3.732413e-02;1.404265e-01;5.350465e-02;6.054092e-02;3.607750e-02;2.957466e-02;1.840456e-02
1.275090e-01;1.018511e-01;1.899754e-01;7.091780e-02;9.565323e-02;6.252550e-02;1.605199e-01;5.372167e-02;5.393117e-02;4.457886e-02;2.883090e-02;9.985640e-03
1.998619e-01;9.844916e-02;1.053826e-01;3.585745e-02;8.807083e-02;7.667276e-02;1.455726e-01;8.849873e-02;3.906516e-02;5.249155e-02;4.523120e-02;2.484603e-02
2.930489e-01;1.086252e-01;1.038414e-01;2.695887e-02;5.888995e-02;5.580649e-02;5.945122e-02;1.098217e-01;4.308308e-02;3.863760e-02;7.183360e-02;3.000207e-02
3.462606e-01;1.500034e-01;1.234951e-01;2.781586e-02;3.107282e-02;2.947450e-02;2.969939e-02;9.177619e-02;4.868163e-02;1.937562e-02;7.867342e-02;2.367148e-02
3.442869e-01;1.817939e-01;1.660795e-01;2.139911e-02;3.320203e-02;1.860471e-02;3.575540e-02;6.334522e-02;4.980160e-02;1.777698e-02;4.423346e-02;2.372122e-02
3.497351e-01;2.152872e-01;1.882880e-01;1.288683e-02;1.887224e-02;1.432988e-02;3.937940e-02;4.615224e-02;5.423730e-02;2.147772e-02;1.976608e-02;1.958807e-02
3.295279e-01;2.283951e-01;2.328171e-01;1.519346e-02;1.248998e-02;1.022496e-02;3.192096e-02;3.144196e-02;5.533806e-02;2.201374e-02;1.486788e-02;1.576897e-02
3.430171e-01;2.142655e-01;2.329556e-01;2.092269e-02;2.133799e-02;1.130859e-02;2.154733e-02;2.545314e-02;4.047095e-02;2.274729e-02;1.871729e-02;2.725647e-02
3.762986e-01;1.745335e-01;1.738719e-01;1.588037e-02;3.306418e-02;2.425520e-02;4.589501e-02;2.588805e-02;2.036459e-02;3.613569e-02;2.692775e-02;4.688511e-02
3.593444e-01;9.799486e-02;1.283674e-01;2.406648e-02;4.447246e-02;3.483197e-02;8.330424e-02;2.399094e-02;4.866926e-02;4.516517e-02;4.194884e-02;6.784397e-02
2.909563e-01;3.468161e-02;1.612915e-01;3.992191e-02;4.742300e-02;3.072544e-02;7.603244e-02;7.318646e-02;8.401096e-02;4.484609e-02;5.130430e-02;6.561998e-02
2.156187e-01;5.591008e-02;2.315592e-01;4.006881e-02;4.541790e-02;4.181536e-02;7.975271e-02;1.102419e-01;4.479972e-02;4.208627e-02;3.946665e-02;5.326260e-02
2.353170e-01;1.101383e-01;2.862966e-01;3.807857e-02;3.897275e-02;2.633045e-02;6.596539e-02;6.188207e-02;3.482369e-02;3.465081e-02;2.819069e-02;3.935360e-02
3.050875e-01;1.513154e-01;2.212996e-01;3.537378e-02;1.815177e-02;2.031391e-02;6.569193e-02;4.693501e-02;4.238822e-02;2.116066e-02;2.757657e-02;4.470561e-02
3.169192e-01;1.776968e-01;1.261008e-01;2.551247e-02;2.998978e-02;3.504411e-02;9.848178e-02;5.456964e-02;3.437925e-02;2.466758e-02;3.055984e-02;4.607873e-02
2.450608e-01;1.516244e-01;1.426572e-01;2.078632e-02;5.517367e-02;5.917387e-02;1.568062e-01;4.785987e-02;2.650998e-02;3.045849e-02;2.873669e-02;3.515254e-02
1.933184e-01;8.391003e-02;1.799571e-01;4.271584e-02;7.355358e-02;7.254788e-02;1.882876e-01;2.716300e-02;2.979033e-02;3.757513e-02;3.804998e-02;3.313105e-02
2.116919e-01;5.605098e-02;1.640756e-01;5.602574e-02;5.997764e-02;5.593020e-02;1.557317e-01;5.132974e-02;4.133791e-02;4.538082e-02;5.618110e-02;4.628675e-02
2.125073e-01;8.084673e-02;2.122356e-01;4.100551e-02;3.169782e-02;4.078043e-02;9.643940e-02;5.206285e-02;4.906735e-02;5.259233e-02;6.795295e-02;6.281179e-02
1.856796e-01;4.896261e-02;1.950765e-01;2.772057e-02;5.986455e-02;5.131280e-02;1.040750e-01;6.302861e-02;5.806449e-02;7.241265e-02;5.554798e-02;7.825473e-02
1.608309e-01;3.243008e-02;1.377460e-01;4.533423e-02;7.460650e-02;5.935853e-02;1.446750e-01;8.961917e-02;6.368776e-02;8.364069e-02;3.596734e-02;7.210378e-02
1.982228e-01;7.613924e-02;6.452645e-02;3.807641e-02;6.193278e-02;7.227397e-02;1.897925e-01;8.220976e-02;5.051863e-02;5.857787e-02;3.913562e-02;6.859396e-02
1.634218e-01;8.163323e-02;9.885106e-02;2.447926e-02;4.970318e-02;7.256063e-02;2.184538e-01;4.047834e-02;7.606568e-02;5.774972e-02;5.821932e-02;5.838398e-02
8.956330e-02;7.448981e-02;1.493494e-01;5.051572e-02;3.630802e-02;6.693397e-02;1.510102e-01;7.844310e-02;8.394451e-02;8.991330e-02;7.905732e-02;5.047131e-02
1.023864e-01;5.420008e-02;1.973151e-01;5.682852e-02;4.090433e-02;6.116186e-02;7.297215e-02;1.023268e-01;9.846854e-02;9.210568e-02;6.975301e-02;5.157748e-02
6.741080e-02;7.705102e-02;1.439413e-01;4.830175e-02;3.493832e-02;4.788723e-02;8.898493e-02;9.716653e-02;1.798508e-01;1.226823e-01;7.143465e-02;2.035044e-02
6.667124e-02;6.968386e-02;9.799309e-02;4.577726e-02;4.046147e-02;4.156598e-02;8.022633e-02;1.070734e-01;2.223338e-01;1.412479e-01;7.011535e-02;1.685030e-02
5.917138e-02;5.683642e-02;7.187293e-02;3.788846e-02;3.980545e-02;4.078751e-02;7.724717e-02;1.102265e-01;2.406808e-01;1.482527e-01;8.534590e-02;3.188479e-02
5.821776e-02;4.330834e-02;6.805222e-02;2.235232e-02;3.307391e-02;4.679392e-02;7.876625e-02;1.047147e-01;2.461963e-01;1.422485e-01;1.129897e-01;4.328612e-02
6.287748e-02;3.447022e-02;9.436799e-02;3.047443e-02;3.948446e-02;4.940670e-02;7.340499e-02;8.753300e-02;2.426423e-01;1.168061e-01;1.313351e-01;3.719723e-02
5.316880e-02;5.981081e-02;1.424136e-01;5.502972e-02;4.241537e-02;6.559051e-02;1.267023e-01;8.754638e-02;2.114576e-01;6.463473e-02;6.701237e-02;2.421784e-02
4.801139e-02;5.017245e-02;3.359869e-01;5.305367e-02;6.537192e-02;6.190951e-02;1.728301e-01;4.152643e-02;9.697844e-02;3.603574e-02;2.013918e-02;1.798423e-02
5.936607e-02;4.910780e-02;3.095696e-01;5.931263e-02;8.338898e-02;6.748618e-02;2.092354e-01;2.716830e-02;4.793217e-02;3.390278e-02;2.976594e-02;2.376416e-02
9.283053e-02;4.113869e-02;2.262415e-01;5.985530e-02;8.822633e-02;8.519522e-02;2.359399e-01;4.024219e-02;3.412941e-02;3.162366e-02;3.527376e-02;2.930351e-02
1.221924e-01;4.644395e-02;2.371537e-01;4.490263e-02;7.196673e-02;8.263810e-02;1.371836e-01;6.386002e-02;5.563921e-02;4.917543e-02;5.189344e-02;3.695072e-02
1.486402e-01;3.870021e-02;1.695197e-01;4.990860e-02;6.247524e-02;7.233458e-02;1.292809e-01;8.952733e-02;7.300039e-02;5.232458e-02;6.578252e-02;4.850572e-02
1.474338e-01;3.434275e-02;1.059333e-01;4.783057e-02;4.183020e-02;5.242379e-02;2.138736e-01;8.161679e-02;7.290538e-02;6.515159e-02;7.171717e-02;6.494107e-02
1.404727e-01;3.896101e-02;1.037838e-01;4.513772e-02;3.025269e-02;3.178595e-02;2.583404e-01;5.741711e-02;5.661679e-02;6.499017e-02;9.009020e-02;8.215145e-02
1.040764e-01;4.865603e-02;9.014329e-02;4.926143e-02;4.261782e-02;4.888787e-02;2.812031e-01;3.713022e-02;3.313669e-02;5.983204e-02;1.190457e-01;8.600938e-02
1.037530e-01;4.575203e-02;1.032016e-01;5.687042e-02;4.338321e-02;3.721717e-02;2.537925e-01;3.668510e-02;3.633802e-02;6.966585e-02;1.274096e-01;8.593144e-02
9.996554e-02;2.692295e-02;1.806035e-01;4.765725e-02;4.750236e-02;4.493148e-02;1.837360e-01;5.845452e-02;3.585169e-02;6.730846e-02;1.118469e-01;9.521944e-02
7.474098e-02;3.241401e-02;1.184855e-01;3.526502e-02;8.067500e-02;6.597336e-02;1.818272e-01;6.034558e-02;3.068453e-02;8.156037e-02;1.103600e-01;1.276685e-01
6.874193e-02;3.970849e-02;8.910548e-02;2.408964e-02;8.401886e-02;5.378307e-02;1.649170e-01;5.695133e-02;7.890919e-02;1.053393e-01;1.142329e-01;1.202028e-01
4.227000e-02;6.065601e-02;1.017471e-01;3.173333e-02;8.812349e-02;3.410789e-02;1.655732e-01;5.986627e-02;8.339083e-02;9.507022e-02;1.136905e-01;1.237713e-01
1.127892e-01;6.229850e-02;1.176653e-01;4.342707e-02;5.532054e-02;4.422232e-02;1.224961e-01;8.957461e-02;7.841620e-02;9.577712e-02;7.450540e-02;1.035076e-01
1.277776e-01;5.387330e-02;1.926900e-01;3.943710e-02;3.970410e-02;3.850904e-02;1.278626e-01;8.744547e-02;6.776232e-02;1.007912e-01;5.927906e-02;6.486812e-02
1.155154e-01;3.298867e-02;1.447076e-01;5.292520e-02;2.381407e-02;5.310463e-02;2.224355e-01;8.123713e-02;5.624959e-02;9.359912e-02;6.582085e-02;5.760224e-02
1.257730e-01;4.892412e-02;1.386266e-01;6.896594e-02;3.252474e-02;4.525217e-02;2.520957e-01;8.593991e-02;3.620675e-02;6.651790e-02;4.822475e-02;5.094850e-02
1.432899e-01;8.224052e-02;2.260008e-01;7.175619e-02;4.311430e-02;2.403282e-02;2.064606e-01;6.513999e-02;4.648833e-02;3.856311e-02;2.595031e-02;2.696310e-02
1.649608e-01;8.323821e-02;2.085043e-01;6.789467e-02;5.323450e-02;3.213213e-02;1.845435e-01;3.519716e-02;4.345125e-02;4.017188e-02;5.114467e-02;3.552683e-02
1.708754e-01;5.705414e-02;1.833501e-01;4.748533e-02;5.271861e-02;5.008064e-02;1.557880e-01;4.430667e-02;4.137667e-02;4.337598e-02;8.186880e-02;7.171976e-02
1.357616e-01;7.290284e-02;1.772016e-01;3.752505e-02;3.385880e-02;5.432670e-02;1.368161e-01;4.409398e-02;5.384543e-02;6.570437e-02;1.091068e-01;7.885666e-02
8.745542e-02;5.388524e-02;1.063781e-01;3.244937e-02;4.398724e-02;8.378202e-02;1.370563e-01;5.814327e-02;8.541995e-02;1.021918e-01;1.385601e-01;7.069111e-02
7.762791e-02;3.232247e-02;1.114820e-01;6.577574e-02;4.882277e-02;9.724546e-02;1.353923e-01;6.385598e-02;8.461004e-02;8.731066e-02;1.072989e-01;8.825567e-02
9.463619e-02;4.989677e-02;1.331008e-01;6.130240e-02;4.658037e-02;6.570784e-02;1.092767e-01;6.092200e-02;8.678674e-02;1.118361e-01;7.197703e-02;1.079770e-01
7.572713e-02;4.590022e-02;9.540198e-02;5.269808e-02;6.064031e-02;1.045876e-01;9.883636e-02;7.103343e-02;1.360230e-01;1.128741e-01;4.664564e-02;9.963217e-02
5.984508e-02;3.602626e-02;9.165185e-02;4.091797e-02;6.807145e-02;1.431156e-01;1.015176e-01;7.728542e-02;1.845068e-01;1.009174e-01;3.223852e-02;6.390611e-02
4.278094e-02;6.429139e-02;8.041394e-02;3.257260e-02;8.856308e-02;1.372651e-01;8.645835e-02;7.669664e-02;1.760353e-01;9.767805e-02;5.599051e-02;6.125411e-02
5.031008e-02;6.387881e-02;6.253917e-02;5.677545e-02;8.017324e-02;1.162921e-01;6.765339e-02;7.794598e-02;1.309475e-01;1.203735e-01;1.250716e-01;4.803922e-02
8.440316e-02;6.896248e-02;1.013783e-01;9.769151e-02;8.626327e-02;8.440781e-02;7.285812e-02;6.990820e-02;4.939926e-02;1.132340e-01;1.382008e-01;3.329310e-02
1.128206e-01;6.223727e-02;1.288088e-01;1.179989e-01;7.095139e-02;3.921030e-02;9.351794e-02;4.316825e-02;7.252837e-02;1.173798e-01;9.949189e-02;4.188639e-02
9.150385e-02;4.057874e-02;9.743074e-02;1.015679e-01;5.510259e-02;5.627624e-02;1.125851e-01;7.711277e-02;1.097158e-01;1.166338e-01;9.897482e-02;4.251764e-02
1.048836e-01;3.987659e-02;9.983509e-02;9.222627e-02;4.200180e-02;8.126697e-02;1.218873e-01;7.354345e-02;1.213255e-01;1.050304e-01;8.504570e-02;3.307733e-02
1.258895e-01;5.702475e-02;1.037572e-01;7.195831e-02;7.110247e-02;6.889570e-02;9.667569e-02;6.319762e-02;1.067154e-01;1.312361e-01;6.958350e-02;3.396373e-02
1.044634e-01;9.599099e-02;1.054369e-01;9.436448e-02;4.860462e-02;4.843793e-02;9.100614e-02;8.150195e-02;8.318906e-02;1.518533e-01;5.674996e-02;3.840123e-02
6.984466e-02;6.115340e-02;3.303552e-01;7.591888e-02;7.261088e-02;5.417603e-02;1.587822e-01;3.280372e-02;5.713267e-02;4.606578e-02;1.846549e-02;2.269108e-02
6.458481e-02;6.928746e-02;3.859704e-01;7.929628e-02;8.653294e-02;5.796071e-02;1.271283e-01;1.989271e-02;4.564993e-02;3.193852e-02;1.271354e-02;1.904436e-02
5.221679e-02;7.317507e-02;4.720230e-01;7.733282e-02;7.094712e-02;4.732723e-02;9.425477e-02;1.677855e-02;3.620371e-02;3.688698e-02;1.082402e-02;1.202992e-02
2.440451e-02;6.773368e-02;6.116746e-01;5.698716e-02;3.812557e-02;2.853858e-02;7.144012e-02;1.250634e-02;2.434954e-02;4.467602e-02;1.124866e-02;8.315219e-03
2.079379e-02;7.569335e-02;6.764977e-01;4.085046e-02;2.524009e-02;1.699447e-02;5.452583e-02;1.162528e-02;1.358563e-02;4.771357e-02;9.861374e-03;6.618473e-03
7.450391e-03;7.470892e-02;7.021447e-01;4.448948e-02;2.799446e-02;1.213680e-02;4.125410e-02;8.084388e-03;1.481745e-02;5.353621e-02;5.151530e-03;8.231638e-03
8.296130e-03;8.447594e-02;6.949190e-01;4.538734e-02;3.836671e-02;1.495333e-02;2.326497e-02;9.726882e-03;1.166287e-02;5.568205e-02;5.737754e-03;7.527031e-03
1.349453e-02;1.090110e-01;6.825777e-01;3.290350e-02;3.714362e-02;1.283799e-02;1.801288e-02;1.072810e-02;2.350409e-02;4.459498e-02;4.432317e-03;1.075924e-02
3.407132e-02;1.503114e-01;6.036009e-01;3.594263e-02;2.981015e-02;2.050293e-02;1.714115e-02;1.278149e-02;3.757888e-02;3.882883e-02;6.534040e-03;1.289631e-02
7.447884e-02;1.929236e-01;4.773972e-01;3.955909e-02;2.765538e-02;2.712959e-02;1.942030e-02;9.858865e-03;6.847455e-02;3.462535e-02;1.175947e-02;1.671780e-02
1.483289e-01;2.024567e-01;3.619702e-01;2.917466e-02;2.362376e-02;2.481534e-02;2.410973e-02;2.349977e-02;8.789565e-02;3.006541e-02;1.937515e-02;2.468469e-02
2.342530e-01;1.670492e-01;2.647751e-01;2.311912e-02;4.481319e-02;1.803983e-02;3.858319e-02;3.441183e-02;7.479756e-02;4.198509e-02;3.052599e-02;2.764691e-02
2.620945e-01;9.342530e-02;2.777033e-01;2.373313e-02;6.777053e-02;2.281734e-02;6.182205e-02;3.154366e-02;4.128571e-02;4.458774e-02;3.737899e-02;3.583782e-02
2.158289e-01;1.166699e-01;3.329781e-01;2.421735e-02;4.939910e-02;2.499969e-02;8.411786e-02;1.727277e-02;2.877006e-02;4.292304e-02;3.090857e-02;3.191466e-02
1.584368e-01;9.757569e-02;3.216383e-01;2.389359e-02;3.992552e-02;3.086840e-02;8.836731e-02;5.055882e-02;4.291613e-02;6.031051e-02;4.733314e-02;3.817578e-02
1.264731e-01;4.726873e-02;2.431064e-01;3.665715e-02;5.664983e-02;4.083657e-02;1.012749e-01;7.574871e-02;4.273443e-02;8.795955e-02;9.169768e-02;4.959298e-02
1.041842e-01;7.426742e-02;1.643804e-01;5.963932e-02;4.791292e-02;4.187519e-02;9.822880e-02;5.432865e-02;5.524663e-02;1.262983e-01;1.173178e-01;5.632039e-02
1.122235e-01;6.871236e-02;1.018391e-01;6.271672e-02;3.939433e-02;4.342851e-02;1.077022e-01;6.108543e-02;6.274502e-02;1.616314e-01;1.217697e-01;5.675169e-02
1.033977e-01;5.578731e-02;1.701116e-01;5.555918e-02;7.334223e-02;5.147108e-02;1.116152e-01;6.826437e-02;3.201198e-02;1.212067e-01;1.060727e-01;5.115997e-02
9.931239e-02;5.697279e-02;1.365605e-01;6.583408e-02;1.054618e-01;6.884057e-02;1.234987e-01;6.165315e-02;6.682547e-02;1.067921e-01;7.245409e-02;3.579432e-02
1.021518e-01;7.566461e-02;1.059460e-01;7.621408e-02;9.691386e-02;5.911984e-02;7.801642e-02;8.846347e-02;6.959485e-02;1.021807e-01;8.896273e-02;5.677173e-02
7.750618e-02;7.391800e-02;1.337643e-01;7.565008e-02;7.696845e-02;5.058808e-02;9.247865e-02;8.810260e-02;9.546472e-02;1.153242e-01;6.743971e-02;5.279502e-02
7.257982e-02;7.351998e-02;1.164590e-01;5.826490e-02;8.490916e-02;6.257808e-02;9.297530e-02;9.672944e-02;9.629507e-02;1.306059e-01;5.606496e-02;5.901844e-02
7.355705e-02;1.113031e-01;1.009039e-01;8.132497e-02;9.864686e-02;6.913558e-02;5.140498e-02;1.219975e-01;5.555490e-02;1.099270e-01;5.289518e-02;7.334905e-02
9.920620e-02;1.086796e-01;1.217637e-01;7.270517e-02;7.667987e-02;4.964177e-02;9.328063e-02;1.146627e-01;4.050542e-02;8.327846e-02;7.211883e-02;6.747776e-02
8.332887e-02;5.857525e-02;1.269603e-01;5.081655e-02;6.766964e-02;4.934463e-02;1.387724e-01;8.121076e-02;7.869892e-02;1.138064e-01;9.094268e-02;5.987352e-02
6.236465e-02;6.311415e-02;1.356985e-01;5.182156e-02;8.209220e-02;4.562015e-02;1.082279e-01;7.639893e-02;1.004977e-01;1.329380e-01;7.894494e-02;6.228129e-02
4.091246e-02;6.258269e-02;1.531977e-01;5.429607e-02;8.629230e-02;4.302210e-02;1.217614e-01;8.099533e-02;1.047199e-01;1.308571e-01;7.497493e-02;4.638812e-02
4.409629e-02;5.541415e-02;1.266647e-01;6.724701e-02;8.306812e-02;4.401651e-02;1.580486e-01;9.366290e-02;1.108334e-01;1.336035e-01;6.153039e-02;2.181438e-02
6.763262e-02;7.276359e-02;1.047540e-01;5.428567e-02;4.627927e-02;6.294065e-02;2.038777e-01;9.340093e-02;8.506587e-02;1.058208e-01;7.048316e-02;3.269578e-02
1.172576e-01;5.656432e-02;1.157504e-01;5.597700e-02;3.941803e-02;6.145511e-02;1.849967e-01;9.365869e-02;4.600615e-02;8.829456e-02;7.952467e-02;6.109680e-02
1.469283e-01;7.110593e-02;1.124958e-01;5.349151e-02;4.986558e-02;6.058821e-02;1.773932e-01;9.504204e-02;4.827369e-02;7.052452e-02;5.348343e-02;6.080770e-02
9.898966e-02;7.155265e-02;9.418596e-02;5.515742e-02;7.193433e-02;5.785710e-02;1.959264e-01;7.847854e-02;4.090284e-02;1.148214e-01;6.332123e-02;5.687248e-02
7.308849e-02;7.030399e-02;5.914370e-02;5.609939e-02;5.708471e-02;7.941646e-02;2.263212e-01;6.518611e-02;8.357229e-02;1.118654e-01;7.804406e-02;3.987421e-02
8.732659e-02;6.615315e-02;7.045890e-02;6.785826e-02;7.247349e-02;7.705911e-02;2.100600e-01;5.939193e-02;1.079861e-01;6.547568e-02;9.769785e-02;1.805886e-02
1.076731e-01;6.295612e-02;1.051341e-01;6.711514e-02;9.027654e-02;6.019323e-02;1.345911e-01;7.661184e-02;8.926047e-02;8.059160e-02;9.280137e-02;3.279532e-02
1.276100e-01;6.036116e-02;1.452689e-01;5.910056e-02;5.887717e-02;3.860550e-02;1.161144e-01;9.022316e-02;8.984617e-02;8.373030e-02;7.511976e-02;5.514285e-02
1.038808e-01;8.025338e-02;1.236455e-01;7.390583e-02;6.871919e-02;4.659529e-02;1.193954e-01;4.908059e-02;7.928989e-02;1.151288e-01;5.824925e-02;8.185605e-02
