5.997691e-02;9.626222e-02;7.872848e-02;4.578518e-02;6.316244e-02;1.389737e-01;7.351021e-02;1.360920e-01;1.551640e-01;5.667894e-02;4.400076e-02;5.166528e-02
4.836348e-02;1.073435e-01;8.212732e-02;3.636619e-02;4.675052e-02;1.157084e-01;7.569989e-02;1.763537e-01;1.467712e-01;6.539425e-02;5.399986e-02;4.512160e-02
3.860032e-02;1.087529e-01;1.179339e-01;3.807474e-02;5.263553e-02;1.309390e-01;7.392453e-02;1.765991e-01;1.372980e-01;5.948466e-02;3.981869e-02;2.593861e-02
3.882420e-02;1.215833e-01;1.262918e-01;3.009090e-02;4.455686e-02;1.729964e-01;9.023923e-02;1.575722e-01;1.015694e-01;5.507129e-02;3.931941e-02;2.188504e-02
3.524993e-02;1.164431e-01;1.199009e-01;2.196403e-02;4.526855e-02;2.150095e-01;1.030339e-01;1.560682e-01;7.619641e-02;4.812153e-02;4.317410e-02;1.956987e-02
2.324063e-02;6.687686e-02;8.384104e-02;1.551027e-02;6.475662e-02;1.963975e-01;1.102541e-01;2.654413e-01;8.378084e-02;3.587765e-02;4.441101e-02;9.612209e-03
8.731093e-03;4.877694e-02;6.632385e-02;1.217495e-02;1.119553e-01;1.080910e-01;1.352590e-01;3.572854e-01;8.198596e-02;1.536872e-02;4.526730e-02;8.780512e-03
5.447270e-03;5.386190e-02;5.391989e-02;9.662279e-03;1.200182e-01;1.208231e-01;1.522758e-01;3.458470e-01;6.832758e-02;4.698332e-03;6.079260e-02;4.325922e-03
2.761214e-03;4.873834e-02;4.102544e-02;1.361299e-02;1.355383e-01;1.404922e-01;1.364308e-01;3.391160e-01;6.257159e-02;9.941019e-03;6.467728e-02;5.094761e-03
1.388955e-02;5.791546e-02;5.045355e-02;2.819592e-02;1.299001e-01;1.235511e-01;1.306950e-01;3.129459e-01;6.612087e-02;1.571015e-02;5.031731e-02;2.030506e-02
3.483409e-02;1.099978e-01;9.541950e-02;3.763941e-02;7.414299e-02;9.621948e-02;1.351068e-01;2.038220e-01;7.803584e-02;4.981776e-02;5.615569e-02;2.880870e-02
3.604844e-02;1.824840e-01;1.017100e-01;3.347339e-02;3.320776e-02;1.238314e-01;1.078835e-01;1.496484e-01;5.399816e-02;5.981318e-02;9.755422e-02;2.034748e-02
2.562942e-02;2.731115e-01;8.261520e-02;2.596583e-02;1.824949e-02;1.344915e-01;1.010402e-01;1.093707e-01;2.998672e-02;4.839224e-02;1.426569e-01;8.490386e-03
3.792349e-02;3.173267e-01;5.722863e-02;2.139265e-02;1.352583e-02;1.279820e-01;1.123274e-01;1.011616e-01;2.515763e-02;4.491524e-02;1.355453e-01;5.513505e-03
3.892977e-02;3.456014e-01;4.675129e-02;1.341014e-02;1.577191e-02;1.258474e-01;1.404581e-01;1.038691e-01;2.722291e-02;2.263772e-02;1.181658e-01;1.334484e-03
3.669331e-02;3.325023e-01;5.489463e-02;8.347825e-03;1.562283e-02;1.432049e-01;1.323007e-01;1.126805e-01;2.953356e-02;2.597051e-02;1.014346e-01;6.814343e-03
5.765241e-02;2.935051e-01;5.584659e-02;2.194914e-02;1.853088e-02;1.661450e-01;1.045365e-01;1.091255e-01;3.018362e-02;4.934701e-02;8.322241e-02;9.955732e-03
5.294701e-02;2.131580e-01;5.309219e-02;3.814870e-02;4.250998e-02;2.191860e-01;1.118951e-01;9.706263e-02;4.174452e-02;4.594281e-02;6.881127e-02;1.550178e-02
3.100340e-02;1.107956e-01;5.142717e-02;3.860388e-02;1.035448e-01;2.231556e-01;1.094760e-01;1.943960e-01;6.515995e-02;2.172648e-02;4.144034e-02;9.270742e-03
1.836304e-02;5.353221e-02;7.260642e-02;6.285433e-02;1.234162e-01;1.555955e-01;6.366869e-02;3.277573e-01;8.823418e-02;1.392161e-02;1.469991e-02;5.350639e-03
7.746464e-03;1.514895e-02;1.242996e-01;7.374222e-02;6.922088e-02;8.427582e-02;4.188335e-02;4.253050e-01;1.146327e-01;2.404142e-02;5.979139e-03;1.372433e-02
1.687198e-02;3.498051e-02;1.388984e-01;4.136968e-02;3.088650e-02;1.009266e-01;5.654065e-02;3.796338e-01;1.247516e-01;2.649887e-02;1.438581e-02;3.425560e-02
2.211952e-02;3.191835e-02;1.425714e-01;6.341764e-02;4.595515e-02;1.275956e-01;7.352789e-02;2.242655e-01;1.160328e-01;4.096270e-02;4.226404e-02;6.936943e-02
2.578405e-02;9.600675e-02;1.755961e-01;6.692552e-02;4.709233e-02;8.743038e-02;6.134515e-02;1.512470e-01;9.155449e-02;4.588561e-02;5.695296e-02;9.417962e-02
2.723520e-02;1.520471e-01;2.071179e-01;6.177449e-02;5.328499e-02;7.096041e-02;3.243096e-02;1.539411e-01;6.405416e-02;3.388049e-02;4.635096e-02;9.692216e-02
2.096924e-02;1.616643e-01;2.029371e-01;1.004536e-01;1.068268e-01;8.288536e-02;1.777211e-02;1.526617e-01;5.739064e-02;1.814497e-02;1.954338e-02;5.875073e-02
1.231898e-02;1.114566e-01;1.616051e-01;1.660466e-01;1.610861e-01;6.806564e-02;3.349211e-02;1.402411e-01;8.832418e-02;1.868184e-02;1.155090e-02;2.713087e-02
1.928392e-02;5.168973e-02;1.177166e-01;1.774684e-01;1.496820e-01;5.562636e-02;4.033485e-02;1.434031e-01;1.432659e-01;3.617531e-02;2.635705e-02;3.899673e-02
2.396788e-02;3.528938e-02;9.985175e-02;1.591503e-01;1.147901e-01;4.454079e-02;3.707321e-02;2.061868e-01;1.772141e-01;4.561156e-02;2.628721e-02;3.003678e-02
2.554410e-02;5.332420e-02;1.001684e-01;1.429392e-01;7.951683e-02;4.434824e-02;3.335530e-02;2.704504e-01;1.780174e-01;3.629678e-02;1.827874e-02;1.776053e-02
2.645954e-02;6.969700e-02;8.643878e-02;9.427316e-02;6.860878e-02;6.353821e-02;5.097178e-02;3.165834e-01;1.636680e-01;2.599849e-02;1.536221e-02;1.840075e-02
1.325905e-02;6.721646e-02;1.225171e-01;6.139231e-02;5.517397e-02;8.013645e-02;6.844492e-02;3.218060e-01;1.639525e-01;2.228184e-02;1.340298e-02;1.041630e-02
1.266353e-02;6.662358e-02;1.480712e-01;6.226562e-02;4.073700e-02;1.262100e-01;7.187434e-02;2.733624e-01;1.469006e-01;3.089359e-02;1.448157e-02;5.916541e-03
2.244536e-02;7.719032e-02;1.548028e-01;9.420739e-02;5.390002e-02;1.301528e-01;6.542530e-02;2.012495e-01;1.296735e-01;3.343368e-02;2.507734e-02;1.244196e-02
4.021202e-02;7.708643e-02;1.470369e-01;1.194997e-01;6.492035e-02;8.274464e-02;7.145814e-02;1.938059e-01;1.278743e-01;2.798241e-02;2.767136e-02;1.970776e-02
6.089101e-02;1.147196e-01;1.480595e-01;8.375136e-02;6.112779e-02;4.528766e-02;8.783659e-02;2.190456e-01;1.099977e-01;2.790737e-02;2.727731e-02;1.409846e-02
5.910574e-02;1.425026e-01;1.339154e-01;4.289557e-02;5.305983e-02;7.413717e-02;8.667853e-02;2.472154e-01;8.653942e-02;2.750729e-02;2.817985e-02;1.826329e-02
4.981033e-02;1.373001e-01;1.327998e-01;5.009598e-02;7.140228e-02;1.061901e-01;4.589556e-02;2.276336e-01;1.096272e-01;1.965997e-02;2.691963e-02;2.266554e-02
2.953543e-02;9.981415e-02;1.105590e-01;5.755752e-02;5.247100e-02;1.258299e-01;6.089144e-02;2.559760e-01;1.371087e-01;2.389630e-02;2.141495e-02;2.494572e-02
1.745605e-02;7.727370e-02;9.485073e-02;5.172877e-02;2.970385e-02;1.013606e-01;9.569143e-02;2.892824e-01;1.715665e-01;3.426125e-02;1.656400e-02;2.026066e-02
1.925896e-02;8.817758e-02;1.009811e-01;4.812689e-02;2.806147e-02;5.480476e-02;9.685271e-02;2.990885e-01;1.966252e-01;3.988694e-02;1.582010e-02;1.231575e-02
1.793813e-02;1.019932e-01;8.826870e-02;3.826182e-02;4.171323e-02;9.951606e-02;4.718955e-02;2.958923e-01;1.737055e-01;4.498556e-02;2.505765e-02;2.547817e-02
4.230206e-02;1.029635e-01;8.159233e-02;6.546842e-02;8.913209e-02;9.310094e-02;7.013789e-02;1.539326e-01;1.316100e-01;4.628719e-02;7.667715e-02;4.679589e-02
9.224180e-02;1.026567e-01;6.026245e-02;4.222131e-02;8.952897e-02;1.344142e-01;5.299040e-02;1.785294e-01;9.719423e-02;1.798204e-02;6.972264e-02;6.225584e-02
1.064872e-01;9.782393e-02;7.395659e-02;2.784849e-02;5.182356e-02;1.567005e-01;5.806363e-02;2.108797e-01;9.212153e-02;1.469606e-02;7.530947e-02;3.428933e-02
1.134114e-01;1.291962e-01;8.878163e-02;3.176824e-02;6.608784e-02;1.420845e-01;5.498650e-02;1.974889e-01;6.791133e-02;1.829996e-02;6.856521e-02;2.141823e-02
9.403735e-02;1.834145e-01;9.936795e-02;2.700230e-02;6.367217e-02;1.498078e-01;6.160231e-02;1.693787e-01;5.204585e-02;1.868309e-02;5.307333e-02;2.791464e-02
7.180119e-02;2.339446e-01;1.076384e-01;2.222125e-02;4.185023e-02;1.810622e-01;6.599037e-02;1.436937e-01;3.670466e-02;1.578233e-02;2.878909e-02;5.052201e-02
8.807291e-02;2.116063e-01;1.040453e-01;3.769080e-02;3.536592e-02;2.050311e-01;5.065877e-02;1.045560e-01;2.712484e-02;2.562300e-02;3.284077e-02;7.738429e-02
1.077997e-01;1.535273e-01;9.902610e-02;4.630908e-02;5.410364e-02;1.905586e-01;4.039603e-02;9.750950e-02;2.935560e-02;4.856234e-02;5.810789e-02;7.474420e-02
8.968680e-02;1.285103e-01;1.149057e-01;4.682351e-02;5.396756e-02;1.556589e-01;5.511784e-02;1.317844e-01;4.856000e-02;5.965160e-02;6.550302e-02;4.983043e-02
6.406622e-02;1.031673e-01;9.235088e-02;4.014710e-02;4.089367e-02;1.716921e-01;6.868372e-02;2.227861e-01;7.453423e-02;5.060348e-02;5.081032e-02;2.026489e-02
4.571432e-02;1.444362e-01;9.344189e-02;3.244139e-02;2.912565e-02;1.038383e-01;7.871208e-02;3.105963e-01;8.878642e-02;2.705676e-02;2.155156e-02;2.429911e-02
1.870649e-02;9.929264e-02;9.911694e-02;1.908345e-02;2.850925e-02;2.484505e-01;5.798465e-02;2.899416e-01;8.508522e-02;1.703957e-02;1.911917e-02;1.767051e-02
3.225827e-02;1.492939e-01;1.493350e-01;2.317834e-02;4.105888e-02;2.757099e-01;3.965674e-02;1.635506e-01;6.884667e-02;2.257235e-02;2.005251e-02;1.448687e-02
4.364311e-02;1.771168e-01;1.693527e-01;4.605655e-02;2.943981e-02;2.299847e-01;2.616774e-02;1.630313e-01;5.353790e-02;2.051697e-02;2.249418e-02;1.865815e-02
4.024818e-02;1.701843e-01;1.554649e-01;4.889214e-02;3.797339e-02;2.283367e-01;2.497606e-02;1.983140e-01;4.788505e-02;1.560364e-02;1.988235e-02;1.223929e-02
3.436237e-02;1.855057e-01;1.651343e-01;3.708600e-02;4.587173e-02;2.890028e-01;2.768560e-02;1.002436e-01;5.575207e-02;1.723078e-02;2.374486e-02;1.838032e-02
3.211208e-02;1.703283e-01;1.823182e-01;4.667175e-02;4.463520e-02;1.508898e-01;5.434318e-02;1.915573e-01;4.218060e-02;3.395054e-02;3.235698e-02;1.865602e-02
3.490077e-02;1.204077e-01;1.756118e-01;6.107679e-02;5.022705e-02;1.802131e-01;5.617750e-02;1.737778e-01;7.994837e-02;2.193062e-02;2.282439e-02;2.290402e-02
3.323182e-02;1.179396e-01;1.526912e-01;6.158822e-02;5.373282e-02;2.034726e-01;6.339249e-02;1.603247e-01;8.561092e-02;2.041728e-02;1.686691e-02;3.073143e-02
2.731591e-02;9.462535e-02;1.351332e-01;6.048272e-02;5.098271e-02;2.099288e-01;7.428145e-02;1.605412e-01;9.388044e-02;2.057087e-02;3.478575e-02;3.747153e-02
4.337969e-02;1.770159e-01;1.461523e-01;3.135602e-02;2.921833e-02;1.685727e-01;5.232492e-02;1.616522e-01;8.043825e-02;1.320931e-02;7.335822e-02;2.332219e-02
4.225988e-02;2.326330e-01;1.386399e-01;1.132082e-02;3.783144e-02;1.466790e-01;6.277499e-02;1.875389e-01;4.879333e-02;1.168241e-02;6.687418e-02;1.297212e-02
2.306137e-02;1.929751e-01;1.980767e-01;1.306330e-02;4.302696e-02;1.068569e-01;7.191846e-02;2.332763e-01;3.971313e-02;1.110654e-02;4.958905e-02;1.733617e-02
5.159071e-03;1.334673e-01;2.983424e-01;3.268484e-02;3.558211e-02;5.703633e-02;6.039031e-02;2.709639e-01;3.536902e-02;1.290404e-02;3.603601e-02;2.206467e-02
7.300026e-03;8.742348e-02;3.174717e-01;3.910182e-02;1.615955e-02;8.158656e-02;4.456307e-02;2.826582e-01;4.964893e-02;1.593865e-02;2.056312e-02;3.758491e-02
8.873712e-03;5.127751e-02;2.539993e-01;5.528128e-02;2.577912e-02;1.054081e-01;4.958078e-02;2.740700e-01;9.104596e-02;1.355317e-02;1.393160e-02;5.719947e-02
2.461798e-02;3.556415e-02;1.729807e-01;1.017813e-01;6.360409e-02;8.348115e-02;5.431517e-02;2.235635e-01;1.570585e-01;7.867408e-03;2.923694e-02;4.592900e-02
6.988397e-02;2.553352e-02;1.120717e-01;1.615257e-01;8.269057e-02;4.574366e-02;2.412243e-02;1.503766e-01;2.176119e-01;1.622716e-02;7.434139e-02;1.987139e-02
1.330375e-01;1.026387e-02;7.511596e-02;2.116239e-01;5.860225e-02;2.594001e-02;3.177558e-02;1.047248e-01;2.146627e-01;1.987587e-02;1.003296e-01;1.404789e-02
1.709994e-01;1.505095e-02;7.159898e-02;2.261501e-01;4.695824e-02;2.207615e-02;3.580802e-02;8.904311e-02;1.897184e-01;2.255733e-02;8.818106e-02;2.185825e-02
1.741335e-01;1.306949e-02;7.871386e-02;2.355589e-01;4.365103e-02;4.091561e-02;4.000097e-02;8.824694e-02;1.793871e-01;2.449463e-02;6.724382e-02;1.458415e-02
1.371780e-01;1.459061e-02;9.414722e-02;2.507884e-01;4.641068e-02;5.470113e-02;5.444178e-02;1.019946e-01;1.631892e-01;2.440903e-02;5.184353e-02;6.305693e-03
9.581547e-02;1.774820e-02;7.720051e-02;2.800364e-01;5.446543e-02;3.603566e-02;6.735874e-02;1.307322e-01;1.666259e-01;2.151374e-02;4.709609e-02;5.371617e-03
6.214487e-02;5.570673e-02;6.953256e-02;2.578352e-01;6.966931e-02;3.089049e-02;5.821871e-02;1.696476e-01;1.620024e-01;2.040139e-02;3.880195e-02;5.148789e-03
3.995761e-02;1.175449e-01;8.702884e-02;1.753262e-01;6.894559e-02;4.684398e-02;3.464491e-02;2.177030e-01;1.461399e-01;1.289682e-02;2.548462e-02;2.748362e-02
1.624250e-02;1.275100e-01;1.236255e-01;8.680088e-02;3.947142e-02;7.598039e-02;4.975523e-02;2.854137e-01;1.240998e-01;1.552538e-02;6.309716e-03;4.926553e-02
1.980005e-02;8.801629e-02;1.718418e-01;4.412105e-02;1.730251e-02;7.933149e-02;8.756556e-02;3.244624e-01;9.625802e-02;1.535641e-02;5.368711e-03;5.057573e-02
3.005521e-02;5.540124e-02;2.010504e-01;3.980535e-02;1.509932e-02;6.748420e-02;8.169453e-02;3.695913e-01;8.183388e-02;1.433179e-02;1.097189e-02;3.268090e-02
3.916287e-02;5.963082e-02;1.477419e-01;5.915043e-02;3.125999e-02;1.177011e-01;4.603405e-02;3.852636e-01;7.512160e-02;1.134034e-02;1.480586e-02;1.278740e-02
4.031727e-02;6.963306e-02;9.784749e-02;6.174543e-02;3.819673e-02;2.017814e-01;2.928317e-02;3.247288e-01;1.011976e-01;8.726486e-03;1.852323e-02;8.019332e-03
4.393934e-02;3.911196e-02;1.234901e-01;7.951461e-02;3.342539e-02;2.382084e-01;4.932404e-02;1.991997e-01;1.499777e-01;1.144732e-02;1.451474e-02;1.784662e-02
5.260571e-02;4.944576e-02;1.127830e-01;4.923064e-02;2.956031e-02;2.197968e-01;4.346915e-02;2.603554e-01;1.428123e-01;1.376069e-02;7.793458e-03;1.838678e-02
5.311270e-02;5.286123e-02;1.157282e-01;5.099021e-02;3.091188e-02;2.138074e-01;4.093591e-02;2.712791e-01;1.260817e-01;1.043785e-02;1.259304e-02;2.126090e-02
3.416706e-02;7.521204e-02;1.569819e-01;9.106234e-02;3.931682e-02;1.970192e-01;3.258560e-02;2.181316e-01;1.185075e-01;1.230403e-02;1.139765e-02;1.331418e-02
3.312478e-02;1.005250e-01;1.419311e-01;9.398048e-02;6.623224e-02;2.015820e-01;3.667135e-02;1.679643e-01;1.061216e-01;2.304116e-02;1.802935e-02;1.079655e-02
3.493430e-02;1.261613e-01;1.327970e-01;6.631244e-02;4.294566e-02;2.113230e-01;3.408208e-02;1.992274e-01;1.144000e-01;1.640079e-02;1.248132e-02;8.934657e-03
2.526608e-02;8.938219e-02;1.219247e-01;4.739369e-02;2.819210e-02;2.972245e-01;2.746216e-02;2.471293e-01;8.703490e-02;1.383847e-02;5.955412e-03;9.196511e-03
1.493666e-02;4.818604e-02;9.241057e-02;3.075619e-02;2.463827e-02;3.961328e-01;2.838807e-02;2.626829e-01;7.582307e-02;1.053085e-02;3.216807e-03;1.229776e-02
1.126883e-02;3.621269e-02;1.040356e-01;2.675276e-02;3.076583e-02;4.211203e-01;3.180836e-02;2.515828e-01;5.242203e-02;9.431427e-03;4.973596e-03;1.962575e-02
1.419218e-02;3.552188e-02;1.307250e-01;3.815168e-02;3.485761e-02;3.439178e-01;3.091347e-02;2.253497e-01;9.027058e-02;1.348077e-02;1.093975e-02;3.167956e-02
1.930062e-02;8.541349e-02;1.882078e-01;2.906104e-02;3.226756e-02;2.801746e-01;1.896896e-02;1.831928e-01;1.051525e-01;8.380321e-03;1.516592e-02;3.471437e-02
1.458592e-02;1.133078e-01;2.313482e-01;3.151217e-02;2.690464e-02;2.485009e-01;2.778608e-02;1.629486e-01;8.169842e-02;8.772165e-03;2.333870e-02;2.929636e-02
9.540000e-03;1.181170e-01;2.692432e-01;5.592285e-02;2.797232e-02;1.637014e-01;3.147441e-02;1.784612e-01;8.080385e-02;1.259794e-02;2.675520e-02;2.541061e-02
1.121493e-02;8.239628e-02;2.240417e-01;6.686681e-02;3.432265e-02;1.665424e-01;3.375494e-02;2.271904e-01;1.153432e-01;1.100314e-02;1.148971e-02;1.583377e-02
1.286143e-02;6.126862e-02;1.602221e-01;5.615851e-02;3.475445e-02;3.506309e-01;2.529071e-02;1.680987e-01;1.012109e-01;6.157329e-03;8.298005e-03;1.504827e-02
1.589136e-02;8.841104e-02;1.500983e-01;7.024996e-02;4.557184e-02;3.687750e-01;1.819238e-02;1.003527e-01;8.899628e-02;1.138755e-02;1.430032e-02;2.777325e-02
2.309476e-02;8.274904e-02;1.540290e-01;9.166826e-02;4.367557e-02;2.969992e-01;4.146251e-02;1.198498e-01;7.620592e-02;8.673807e-03;1.252609e-02;4.906598e-02
2.051798e-02;5.693835e-02;1.410261e-01;1.082614e-01;4.538843e-02;3.685551e-01;6.750939e-02;5.496525e-02;4.818000e-02;1.238397e-02;1.656131e-02;5.971269e-02
2.106284e-02;6.238617e-02;1.671853e-01;8.555203e-02;5.910280e-02;3.518601e-01;6.418208e-02;7.117021e-02;4.269138e-02;8.698372e-03;1.471460e-02;5.139404e-02
2.052461e-02;8.370682e-02;2.079238e-01;5.437864e-02;4.450378e-02;3.167219e-01;4.438250e-02;1.096659e-01;4.655280e-02;1.108291e-02;1.783265e-02;4.272376e-02
1.699594e-02;8.560273e-02;2.467949e-01;4.941024e-02;5.417001e-02;1.831156e-01;3.520773e-02;1.751932e-01;8.187869e-02;1.913130e-02;1.798686e-02;3.451282e-02
1.028732e-02;7.067964e-02;1.508522e-01;2.224047e-02;4.651830e-02;1.818129e-01;2.143716e-02;3.175744e-01;1.467792e-01;1.109124e-02;5.819598e-03;1.490751e-02
7.526042e-03;2.684965e-02;1.068249e-01;2.180070e-02;2.265714e-02;2.646956e-01;1.058063e-02;3.486740e-01;1.677212e-01;6.050425e-03;7.972155e-03;8.647449e-03
4.919270e-03;5.967483e-02;1.289166e-01;3.459287e-02;2.540847e-02;2.330540e-01;8.353077e-03;3.008270e-01;1.764376e-01;8.409800e-03;1.155935e-02;7.847091e-03
1.348020e-02;7.137755e-02;1.356540e-01;5.638478e-02;3.149557e-02;2.044936e-01;1.654771e-02;2.293035e-01;2.021028e-01;1.220712e-02;9.980361e-03;1.697282e-02
3.419026e-02;5.341066e-02;1.024869e-01;8.737548e-02;3.405974e-02;1.161450e-01;3.020029e-02;2.465529e-01;1.798173e-01;4.047438e-02;3.268401e-02;4.260317e-02
9.193892e-02;6.588626e-02;8.039539e-02;9.269390e-02;5.108098e-02;6.395899e-02;3.657164e-02;1.685942e-01;1.249081e-01;8.089109e-02;7.112453e-02;7.195607e-02
1.210921e-01;8.825718e-02;8.968252e-02;1.023163e-01;5.777965e-02;9.717339e-02;3.741582e-02;8.916671e-02;9.595104e-02;7.816031e-02;7.241826e-02;7.058670e-02
1.253667e-01;1.011153e-01;8.897472e-02;1.019965e-01;6.561668e-02;1.141277e-01;3.473615e-02;1.099863e-01;7.341019e-02;7.034193e-02;5.787176e-02;5.645609e-02
7.625946e-02;1.022526e-01;6.018742e-02;1.098392e-01;7.684612e-02;1.819590e-01;8.070055e-02;9.055997e-02;5.653117e-02;6.704753e-02;4.959470e-02;4.822238e-02
5.151471e-02;7.927209e-02;4.496152e-02;6.598759e-02;5.463861e-02;2.722518e-01;1.061428e-01;1.133275e-01;5.146701e-02;6.414890e-02;4.085443e-02;5.543307e-02
5.505046e-02;7.013819e-02;5.580650e-02;4.237557e-02;5.185169e-02;3.094554e-01;8.593441e-02;8.944594e-02;6.398077e-02;6.706680e-02;5.457018e-02;5.432413e-02
4.847047e-02;5.070630e-02;5.770585e-02;2.327465e-02;7.437038e-02;3.551411e-01;5.097243e-02;4.967385e-02;8.939388e-02;6.070651e-02;9.499626e-02;4.458835e-02
3.326637e-02;3.558993e-02;6.692825e-02;1.364584e-02;9.921993e-02;3.637533e-01;2.239748e-02;4.678666e-02;1.142100e-01;6.125826e-02;1.026086e-01;4.033535e-02
3.464391e-02;3.847419e-02;6.682844e-02;3.693840e-02;1.419670e-01;3.227684e-01;3.355970e-02;4.024307e-02;1.214180e-01;5.413330e-02;7.274266e-02;3.628299e-02
3.360385e-02;4.726492e-02;8.166917e-02;7.180511e-02;1.558128e-01;2.741562e-01;4.581031e-02;5.987950e-02;1.007110e-01;4.588281e-02;4.842043e-02;3.498392e-02
2.585186e-02;5.379901e-02;1.018071e-01;9.618821e-02;1.296207e-01;2.260797e-01;6.469486e-02;1.045419e-01;8.126713e-02;4.114073e-02;3.601631e-02;3.899250e-02
2.231929e-02;7.514976e-02;9.888864e-02;9.967601e-02;6.904994e-02;3.223534e-01;4.266997e-02;1.106888e-01;7.724671e-02;3.650907e-02;1.332222e-02;3.212629e-02
3.307056e-02;5.658327e-02;4.174547e-02;8.054388e-02;5.485124e-02;4.053562e-01;3.227175e-02;1.736381e-01;6.366219e-02;2.286463e-02;1.910340e-02;1.630929e-02
3.109378e-02;4.179539e-02;2.923825e-02;7.428589e-02;7.817605e-02;4.092334e-01;2.655267e-02;1.794591e-01;6.168016e-02;4.022688e-02;1.896562e-02;9.292817e-03
3.081176e-02;3.185245e-02;1.949321e-02;7.820413e-02;1.072348e-01;4.064924e-01;3.434543e-02;1.305826e-01;6.217735e-02;7.341892e-02;1.379350e-02;1.159341e-02
2.471165e-02;3.273089e-02;2.445506e-02;6.635948e-02;1.060751e-01;3.309074e-01;3.586810e-02;2.024527e-01;6.963784e-02;7.968367e-02;1.590124e-02;1.121680e-02
2.585424e-02;4.382645e-02;3.805055e-02;7.256483e-02;1.164125e-01;3.581571e-01;2.809813e-02;1.547354e-01;7.161688e-02;6.036598e-02;1.860790e-02;1.171011e-02
2.895596e-02;4.441069e-02;4.888405e-02;8.109216e-02;1.166091e-01;3.795724e-01;3.413241e-02;1.576452e-01;4.680664e-02;3.569362e-02;1.165495e-02;1.454286e-02
3.399340e-02;5.165167e-02;6.061002e-02;5.582653e-02;9.530085e-02;4.218733e-01;3.299065e-02;1.578153e-01;3.784389e-02;2.935401e-02;8.511443e-03;1.422894e-02
3.729029e-02;4.589128e-02;6.347346e-02;4.116292e-02;6.628520e-02;4.763490e-01;2.456485e-02;1.304024e-01;5.319201e-02;3.329629e-02;9.588783e-03;1.850348e-02
3.312820e-02;4.858128e-02;5.674361e-02;4.798767e-02;7.443178e-02;5.033005e-01;2.244030e-02;1.086409e-01;4.490265e-02;3.177438e-02;6.416593e-03;2.165216e-02
2.435585e-02;3.975362e-02;7.175026e-02;3.823324e-02;5.112933e-02;5.265317e-01;1.666313e-02;1.162539e-01;5.219182e-02;3.705494e-02;7.326288e-03;1.875597e-02
1.797715e-02;4.080256e-02;7.140908e-02;2.893618e-02;7.351176e-02;5.179644e-01;1.980701e-02;1.017863e-01;5.916725e-02;2.774220e-02;9.930979e-03;3.096524e-02
2.236057e-02;3.754057e-02;6.108990e-02;5.428515e-02;8.221494e-02;5.020024e-01;2.797941e-02;1.033452e-01;6.063036e-02;7.630723e-03;9.113749e-03;3.180699e-02
1.822112e-02;3.103274e-02;6.022109e-02;8.002722e-02;8.992097e-02;4.796182e-01;3.694061e-02;1.084424e-01;5.541438e-02;1.024463e-02;7.836631e-03;2.207997e-02
2.646263e-02;3.796393e-02;8.665667e-02;8.699980e-02;6.285490e-02;4.474737e-01;2.928050e-02;1.145255e-01;5.090268e-02;2.123392e-02;1.136106e-02;2.428471e-02
3.711094e-02;4.099385e-02;1.043168e-01;5.507563e-02;5.964096e-02;4.278669e-01;4.831830e-02;1.161786e-01;4.591586e-02;2.137756e-02;1.614613e-02;2.705846e-02
2.625478e-02;5.416395e-02;1.017168e-01;4.899595e-02;1.194181e-01;4.223900e-01;5.768014e-02;6.581727e-02;4.257631e-02;1.760621e-02;1.960403e-02;2.377647e-02
3.227530e-02;4.054043e-02;1.331603e-01;5.419800e-02;1.329053e-01;4.033330e-01;5.632917e-02;4.974220e-02;3.864368e-02;1.288886e-02;1.856011e-02;2.742362e-02
4.552025e-02;4.975652e-02;1.346327e-01;5.493107e-02;1.131257e-01;3.762398e-01;5.560923e-02;6.070779e-02;4.544931e-02;2.491902e-02;1.580374e-02;2.330487e-02
5.948874e-02;6.107222e-02;1.134448e-01;5.969987e-02;1.103214e-01;3.601534e-01;4.458079e-02;8.265693e-02;3.770629e-02;4.669535e-02;1.152054e-02;1.265980e-02
8.100661e-02;6.030647e-02;9.626639e-02;7.342049e-02;8.733387e-02;3.526067e-01;4.194443e-02;8.258956e-02;3.424576e-02;6.815623e-02;9.883154e-03;1.224043e-02
1.014911e-01;6.731777e-02;8.935368e-02;1.124939e-01;7.041126e-02;3.274547e-01;3.640406e-02;6.417082e-02;2.845335e-02;8.086991e-02;9.264962e-03;1.231453e-02
9.674912e-02;1.125566e-01;8.836861e-02;1.393428e-01;6.084276e-02;2.412138e-01;6.048208e-02;6.808077e-02;1.912778e-02;7.161133e-02;2.968407e-02;1.194024e-02
6.495784e-02;2.319028e-01;9.894621e-02;1.124277e-01;4.486387e-02;1.477422e-01;8.368425e-02;7.344988e-02;2.187532e-02;4.440879e-02;6.264568e-02;1.309544e-02
2.936571e-02;3.396632e-01;1.271494e-01;5.150124e-02;5.783841e-02;8.636082e-02;8.104587e-02;9.184186e-02;2.166581e-02;1.587344e-02;8.328149e-02;1.441279e-02
2.270840e-02;3.278087e-01;1.925536e-01;3.436111e-02;6.512724e-02;3.799138e-02;5.576009e-02;1.342716e-01;2.494451e-02;5.262226e-03;7.577989e-02;2.343118e-02
1.487972e-02;2.387548e-01;2.912464e-01;2.896030e-02;4.392574e-02;3.716211e-02;2.493642e-02;1.951876e-01;3.398264e-02;6.825562e-03;4.194576e-02;4.219291e-02
1.055801e-02;1.401838e-01;3.281963e-01;2.835363e-02;1.989811e-02;5.600658e-02;2.842942e-02;2.559802e-01;4.440734e-02;1.105879e-02;1.177112e-02;6.515673e-02
4.499992e-03;8.885295e-02;3.225222e-01;2.048083e-02;1.613996e-02;4.198460e-02;1.800903e-02;3.130179e-01;5.600050e-02;1.023153e-02;1.404401e-02;9.421649e-02
4.946022e-03;6.413651e-02;2.865477e-01;1.743314e-02;1.551269e-02;6.938175e-02;1.531682e-02;3.360319e-01;6.322361e-02;8.134040e-03;1.053291e-02;1.088029e-01
6.188812e-03;4.264942e-02;2.788428e-01;3.077335e-02;1.217618e-02;5.502868e-02;1.343182e-02;3.537140e-01;7.090445e-02;7.935283e-03;1.122944e-02;1.171258e-01
3.318575e-03;5.912577e-02;2.692048e-01;2.014352e-02;1.269162e-02;5.014577e-02;2.477193e-02;3.562373e-01;6.491126e-02;9.794545e-03;1.530089e-02;1.143541e-01
1.011634e-02;4.092114e-02;2.692321e-01;1.761581e-02;1.090405e-02;2.779347e-02;1.543697e-02;3.879349e-01;6.495738e-02;1.059740e-02;2.023359e-02;1.242569e-01
1.623435e-02;8.543264e-02;2.204249e-01;1.956181e-02;1.674882e-02;6.514416e-02;3.641723e-02;3.501270e-01;5.272665e-02;8.258011e-03;4.022550e-02;8.869893e-02
1.260362e-02;1.443160e-01;1.746510e-01;1.796329e-02;4.147673e-02;7.053094e-02;5.734877e-02;3.063211e-01;4.193399e-02;3.329215e-03;9.060021e-02;3.892513e-02
1.315031e-02;2.006395e-01;1.248303e-01;1.164897e-02;6.394050e-02;6.817623e-02;8.102623e-02;2.396340e-01;2.982823e-02;3.304628e-03;1.464146e-01;1.740654e-02
1.829594e-02;2.471995e-01;9.516937e-02;9.379818e-03;5.616807e-02;1.333977e-01;9.893353e-02;1.515478e-01;1.657987e-02;1.583251e-02;1.516799e-01;5.815945e-03
2.558545e-02;2.656213e-01;7.284985e-02;2.815608e-02;3.185659e-02;1.853593e-01;8.495783e-02;1.393494e-01;1.600164e-02;3.565525e-02;9.662949e-02;1.797785e-02
3.918135e-02;2.292081e-01;6.184389e-02;7.436845e-02;3.214108e-02;2.354896e-01;5.016356e-02;1.444644e-01;2.868277e-02;5.107749e-02;3.830850e-02;1.507074e-02
8.713745e-02;1.403601e-01;6.368688e-02;1.301452e-01;5.389703e-02;2.914820e-01;2.901048e-02;8.806131e-02;3.053795e-02;5.445926e-02;2.215413e-02;9.068140e-03
1.014386e-01;4.365871e-02;1.061939e-01;1.637602e-01;6.800584e-02;3.424503e-01;1.905458e-02;5.649516e-02;2.814840e-02;3.607762e-02;1.178860e-02;2.292813e-02
6.518985e-02;5.971118e-02;1.484162e-01;1.261122e-01;7.239527e-02;3.705087e-01;2.140542e-02;4.133799e-02;2.161587e-02;1.802635e-02;9.427754e-03;4.585319e-02
3.655533e-02;4.257091e-02;1.816208e-01;7.721183e-02;1.137208e-01;3.332705e-01;4.941731e-02;5.569327e-02;2.728560e-02;7.888131e-03;1.519145e-02;5.957400e-02
2.014950e-02;1.015152e-01;2.118070e-01;6.257347e-02;1.256608e-01;1.582292e-01;6.077843e-02;1.323727e-01;3.260080e-02;9.696034e-03;2.162081e-02;6.299604e-02
1.775806e-02;6.746911e-02;2.195086e-01;7.092355e-02;8.917144e-02;2.432760e-01;2.976187e-02;1.556110e-01;2.451876e-02;1.096564e-02;2.329050e-02;4.774549e-02
1.465177e-02;1.044563e-01;2.563773e-01;1.245235e-01;5.633281e-02;1.790700e-01;3.571082e-02;1.240078e-01;2.508486e-02;1.170735e-02;2.946769e-02;3.860982e-02
1.392937e-02;1.105226e-01;2.481493e-01;1.480724e-01;4.608855e-02;1.892120e-01;5.603803e-02;5.747006e-02;4.203361e-02;1.926124e-02;3.259515e-02;3.662761e-02
1.341209e-02;1.408613e-01;2.566696e-01;1.397903e-01;3.177115e-02;1.862298e-01;4.843121e-02;5.591822e-02;3.274204e-02;3.149632e-02;2.753346e-02;3.514457e-02
1.633180e-02;1.673527e-01;3.190657e-01;9.550525e-02;3.268982e-02;1.140573e-01;5.031671e-02;5.754529e-02;4.876402e-02;3.041597e-02;3.466931e-02;3.328608e-02
1.921043e-02;1.401989e-01;3.547334e-01;4.578750e-02;3.355304e-02;1.123865e-01;7.418536e-02;7.105510e-02;7.292995e-02;3.435104e-02;1.999164e-02;2.161711e-02
2.079314e-02;1.584010e-01;3.350644e-01;7.145034e-02;4.040819e-02;4.435420e-02;7.355930e-02;1.104640e-01;8.433499e-02;3.176394e-02;1.755026e-02;1.185624e-02
2.108005e-02;1.676312e-01;2.471805e-01;7.391500e-02;3.399247e-02;1.367204e-01;4.077716e-02;1.170359e-01;1.029180e-01;2.478671e-02;1.730749e-02;1.665509e-02
1.969597e-02;1.525617e-01;2.380045e-01;6.214916e-02;2.494277e-02;2.314016e-01;2.364647e-02;9.852850e-02;9.387666e-02;2.282654e-02;1.643099e-02;1.593515e-02
1.650182e-02;1.286046e-01;2.128686e-01;4.859789e-02;2.062775e-02;2.680527e-01;1.976272e-02;1.631146e-01;6.840295e-02;2.388535e-02;1.961588e-02;9.965149e-03
1.522513e-02;1.315464e-01;1.682813e-01;2.911648e-02;2.146035e-02;2.446845e-01;2.108119e-02;2.393740e-01;7.700685e-02;2.472962e-02;1.975678e-02;7.737425e-03
1.117428e-02;7.771847e-02;1.384956e-01;2.669355e-02;2.435845e-02;2.972931e-01;2.709134e-02;3.048519e-01;4.638452e-02;1.636879e-02;1.715648e-02;1.241351e-02
1.132899e-02;5.844214e-02;8.355427e-02;2.798400e-02;2.488366e-02;3.434067e-01;3.178956e-02;3.356266e-01;3.814469e-02;1.413596e-02;1.227979e-02;1.842362e-02
9.902448e-03;9.940900e-02;7.551606e-02;3.469285e-02;2.567370e-02;1.970704e-01;3.282948e-02;4.109908e-01;5.736683e-02;2.212064e-02;1.072218e-02;2.370564e-02
1.187121e-02;1.491068e-01;2.025829e-01;4.733982e-02;2.347796e-02;1.055139e-01;8.983634e-03;3.257832e-01;6.502701e-02;2.537797e-02;1.353655e-02;2.139905e-02
1.260262e-02;1.653449e-01;2.351111e-01;2.922901e-02;1.804101e-02;1.445717e-01;9.357123e-03;2.360909e-01;7.687490e-02;2.480291e-02;2.571038e-02;2.226348e-02
2.129346e-02;1.186061e-01;1.623290e-01;2.320219e-02;3.137818e-02;1.734786e-01;4.843812e-02;2.735179e-01;5.553231e-02;2.585478e-02;3.472969e-02;3.163959e-02
1.496890e-02;8.899098e-02;1.699173e-01;3.333008e-02;1.921281e-02;1.631212e-01;5.934259e-02;2.805519e-01;8.640946e-02;1.611888e-02;3.805539e-02;2.998042e-02
2.226469e-02;8.522763e-02;1.867643e-01;2.415793e-02;3.108329e-02;9.687846e-02;6.545196e-02;2.889357e-01;9.170806e-02;3.538435e-02;3.757694e-02;3.456672e-02
2.678506e-02;1.205546e-01;1.003425e-01;2.994877e-02;3.955472e-02;1.429526e-01;6.178541e-02;2.863727e-01;7.439476e-02;4.932493e-02;3.736129e-02;3.062267e-02
2.712346e-02;1.543193e-01;1.354753e-01;4.268009e-02;3.783842e-02;9.733300e-02;2.964393e-02;2.398893e-01;1.238218e-01;4.344391e-02;4.035384e-02;2.807772e-02
3.475802e-02;1.552669e-01;1.484015e-01;4.947883e-02;3.627620e-02;1.538519e-01;2.263563e-02;1.692079e-01;1.254085e-01;3.405984e-02;4.192948e-02;2.872532e-02
4.245965e-02;1.501814e-01;1.251037e-01;5.728941e-02;4.766113e-02;1.702695e-01;4.554627e-02;1.323409e-01;1.137271e-01;3.799826e-02;3.822093e-02;3.920175e-02
3.308732e-02;9.005973e-02;9.352131e-02;5.547721e-02;9.185243e-02;2.099357e-01;6.056595e-02;1.287805e-01;1.107493e-01;3.826877e-02;2.483021e-02;6.287162e-02
2.997252e-02;6.677400e-02;8.229014e-02;6.790885e-02;1.141734e-01;2.361396e-01;7.014818e-02;9.464435e-02;1.079321e-01;2.801075e-02;2.431792e-02;7.768829e-02
3.212491e-02;6.955635e-02;7.541789e-02;7.896268e-02;1.350485e-01;2.233261e-01;7.702207e-02;7.656457e-02;9.382594e-02;2.708406e-02;1.855082e-02;9.251609e-02
2.644083e-02;8.731582e-02;8.936422e-02;9.021641e-02;1.118771e-01;2.045785e-01;6.719365e-02;1.059666e-01;7.569761e-02;3.634173e-02;2.912342e-02;7.588413e-02
2.038599e-02;1.002977e-01;1.255632e-01;9.562968e-02;7.679205e-02;1.825425e-01;7.274321e-02;1.385892e-01;7.156021e-02;3.489961e-02;3.836446e-02;4.263223e-02
2.473659e-02;1.247891e-01;1.774579e-01;9.604452e-02;5.506574e-02;1.597337e-01;7.213847e-02;1.254352e-01;7.340152e-02;3.319947e-02;3.444701e-02;2.355082e-02
2.669910e-02;1.506442e-01;1.884728e-01;7.186230e-02;4.329351e-02;1.473341e-01;5.610924e-02;1.654867e-01;8.690117e-02;3.108254e-02;1.533610e-02;1.677819e-02
2.353705e-02;1.365813e-01;1.029723e-01;6.068095e-02;5.434515e-02;1.652589e-01;2.273391e-02;2.124030e-01;1.272103e-01;3.270737e-02;2.637948e-02;3.519017e-02
2.673566e-02;1.136079e-01;7.108752e-02;5.785506e-02;6.832568e-02;2.003350e-01;4.428769e-02;2.256782e-01;9.458811e-02;3.261779e-02;2.667664e-02;3.820470e-02
2.940444e-02;1.002211e-01;1.347716e-01;6.122432e-02;6.617042e-02;1.193186e-01;6.326671e-02;2.368140e-01;7.424903e-02;3.731706e-02;3.297393e-02;4.426884e-02
2.467879e-02;1.669700e-01;2.302750e-01;1.921957e-02;5.674946e-02;1.404625e-01;3.885258e-02;1.488020e-01;8.710727e-02;2.801600e-02;2.267903e-02;3.618786e-02
4.491120e-02;1.906806e-01;1.667242e-01;5.215474e-02;3.624053e-02;1.513593e-01;3.180663e-02;1.348818e-01;7.926761e-02;3.082707e-02;3.262778e-02;4.851849e-02
4.739180e-02;1.147564e-01;1.220765e-01;3.678388e-02;2.931247e-02;1.835055e-01;3.666679e-02;1.908953e-01;1.089070e-01;4.896732e-02;2.222625e-02;5.851079e-02
4.560676e-02;1.262477e-01;1.181321e-01;3.304598e-02;3.024960e-02;2.079448e-01;3.196969e-02;1.504829e-01;1.131784e-01;4.700156e-02;2.445638e-02;7.168414e-02
7.188205e-02;1.167619e-01;1.162428e-01;3.577296e-02;5.369545e-02;2.159082e-01;2.584719e-02;9.088644e-02;8.049709e-02;4.869102e-02;2.493981e-02;1.188751e-01
9.619394e-02;8.661185e-02;8.760776e-02;5.915525e-02;6.858966e-02;1.944441e-01;3.099348e-02;9.871095e-02;3.384960e-02;5.225358e-02;5.054925e-02;1.410406e-01
9.156252e-02;7.765783e-02;1.226526e-01;8.133539e-02;6.056993e-02;1.304065e-01;3.636183e-02;1.034854e-01;3.855585e-02;4.757873e-02;1.127896e-01;9.704378e-02
4.777591e-02;1.031719e-01;1.673506e-01;8.702122e-02;6.200418e-02;9.759448e-02;3.200612e-02;1.107342e-01;3.667394e-02;3.727963e-02;1.471461e-01;7.124175e-02
1.711101e-02;1.160983e-01;1.797191e-01;7.214236e-02;5.901783e-02;1.517597e-01;4.207074e-02;1.051773e-01;3.209599e-02;4.143494e-02;1.262870e-01;5.708578e-02
1.306303e-02;1.199098e-01;2.380381e-01;5.834421e-02;5.114430e-02;1.650995e-01;4.843986e-02;7.672098e-02;3.447368e-02;3.901675e-02;9.880880e-02;5.694105e-02
3.470730e-02;1.262590e-01;2.129328e-01;4.867160e-02;5.714018e-02;1.525206e-01;3.625051e-02;6.815501e-02;6.194817e-02;4.233141e-02;7.001896e-02;8.906447e-02
6.167135e-02;1.170661e-01;1.569304e-01;4.039656e-02;6.552524e-02;1.078299e-01;7.284515e-02;1.179824e-01;8.990469e-02;4.285653e-02;4.758701e-02;7.940457e-02
6.147899e-02;7.226538e-02;1.184820e-01;2.369537e-02;6.902147e-02;1.400264e-01;1.179804e-01;1.711128e-01;8.857449e-02;4.940399e-02;3.583770e-02;5.212102e-02
3.566988e-02;8.779939e-02;1.383718e-01;3.307104e-02;6.576965e-02;1.209178e-01;1.242542e-01;1.610232e-01;1.047176e-01;4.495607e-02;2.238745e-02;6.106198e-02
3.367791e-02;9.675927e-02;8.091309e-02;2.525753e-02;7.623412e-02;1.378430e-01;1.335701e-01;1.584247e-01;1.222311e-01;5.658134e-02;2.556478e-02;5.294306e-02
3.095405e-02;7.932710e-02;7.849051e-02;2.279423e-02;8.049340e-02;1.674314e-01;1.017698e-01;1.833761e-01;1.229559e-01;6.825835e-02;2.390825e-02;4.024094e-02
4.249489e-02;7.269552e-02;3.184150e-02;3.455911e-02;6.482936e-02;1.994858e-01;1.124131e-01;2.059893e-01;9.230032e-02;7.215520e-02;2.510502e-02;4.613093e-02
3.447469e-02;6.855352e-02;8.446515e-02;4.999717e-02;4.296139e-02;1.917691e-01;1.062581e-01;1.867607e-01;8.696207e-02;7.422599e-02;2.780226e-02;4.576983e-02
2.526907e-02;8.496139e-02;1.368366e-01;4.882963e-02;3.059816e-02;1.601521e-01;6.396909e-02;1.889130e-01;1.024335e-01;5.963818e-02;5.277316e-02;4.562617e-02
3.740222e-02;1.013249e-01;1.413781e-01;3.219564e-02;2.744360e-02;1.574528e-01;6.267926e-02;1.687524e-01;9.177073e-02;5.890771e-02;6.839725e-02;5.229536e-02
4.891417e-02;1.100528e-01;1.336029e-01;4.153075e-02;3.841458e-02;1.345403e-01;8.220372e-02;1.449978e-01;5.838284e-02;6.954485e-02;7.556213e-02;6.225314e-02
5.475780e-02;1.010255e-01;1.535130e-01;5.220864e-02;4.376327e-02;8.664788e-02;1.020646e-01;1.440044e-01;7.265454e-02;6.917178e-02;6.940418e-02;5.078448e-02
4.514239e-02;1.115337e-01;1.786629e-01;7.595571e-02;5.639609e-02;1.112351e-01;1.060523e-01;1.255870e-01;6.152298e-02;5.926524e-02;4.082506e-02;2.782154e-02
2.996314e-02;7.973642e-02;1.027462e-01;7.646446e-02;3.891107e-02;1.448193e-01;1.089415e-01;1.586159e-01;9.782454e-02;2.670939e-02;6.853798e-02;6.673004e-02
3.887605e-02;6.945798e-02;7.774362e-02;4.714660e-02;3.924656e-02;1.523456e-01;7.785783e-02;1.842460e-01;1.144370e-01;6.971046e-02;6.962176e-02;5.931054e-02
4.314483e-02;6.388710e-02;8.052788e-02;3.855997e-02;3.687072e-02;1.744219e-01;5.812991e-02;1.971092e-01;1.123408e-01;7.660925e-02;6.270471e-02;5.569366e-02
4.059611e-02;9.828005e-02;9.136433e-02;2.168826e-02;5.667086e-02;2.121276e-01;7.499155e-02;1.857795e-01;8.426792e-02;4.806738e-02;3.776931e-02;4.839716e-02
3.180595e-02;1.048396e-01;8.213683e-02;4.095100e-02;1.070537e-01;2.367925e-01;1.008133e-01;1.398208e-01;5.755484e-02;2.218143e-02;1.651954e-02;5.953051e-02
2.435366e-02;9.689753e-02;7.071206e-02;7.649103e-02;1.528777e-01;2.335525e-01;1.015552e-01;8.626802e-02;3.814263e-02;1.116067e-02;2.519731e-02;8.279172e-02
1.519517e-02;9.857456e-02;7.677494e-02;1.184950e-01;1.517026e-01;1.917252e-01;6.990752e-02;8.660649e-02;4.153511e-02;1.450217e-02;5.281842e-02;8.216272e-02
1.143751e-02;1.143599e-01;7.754377e-02;1.610643e-01;1.333073e-01;1.758866e-01;4.080149e-02;1.104020e-01;2.231684e-02;1.436483e-02;6.964181e-02;6.887360e-02
1.240151e-02;1.332138e-01;7.988283e-02;1.862071e-01;1.425342e-01;1.724547e-01;2.372435e-02;9.189188e-02;3.094636e-02;9.700181e-03;3.706161e-02;7.998157e-02
1.418834e-02;1.647836e-01;7.922838e-02;1.862241e-01;1.248446e-01;1.149258e-01;4.068625e-02;9.065025e-02;3.513954e-02;1.910579e-02;4.808819e-02;8.213507e-02
1.189701e-02;1.942602e-01;8.472268e-02;1.438934e-01;1.046577e-01;1.092027e-01;2.837845e-02;1.076930e-01;3.101658e-02;2.298609e-02;7.567022e-02;8.562195e-02
7.571874e-03;2.362894e-01;1.081054e-01;9.987798e-02;8.803234e-02;1.067701e-01;2.077382e-02;1.170656e-01;3.059146e-02;1.667968e-02;9.134921e-02;7.689309e-02
1.354766e-02;2.775395e-01;1.303993e-01;1.170144e-01;7.401690e-02;6.092993e-02;1.665189e-02;1.037321e-01;3.186113e-02;1.002651e-02;9.024706e-02;7.403362e-02
1.584517e-02;2.355146e-01;1.063849e-01;1.081979e-01;8.609562e-02;1.237612e-01;1.543380e-02;1.156497e-01;3.431894e-02;1.338942e-02;7.252046e-02;7.288826e-02
2.198908e-02;2.241225e-01;1.191638e-01;9.525943e-02;8.985799e-02;1.095219e-01;1.941307e-02;1.206584e-01;3.494643e-02;2.084346e-02;8.217548e-02;6.204854e-02
1.394154e-02;2.192839e-01;1.429223e-01;1.258451e-01;7.234985e-02;1.188427e-01;1.138064e-02;1.037757e-01;1.952389e-02;2.261595e-02;1.022750e-01;4.724334e-02
1.433078e-02;1.692842e-01;1.856772e-01;1.247557e-01;5.798687e-02;1.793031e-01;2.866432e-02;5.953464e-02;3.033076e-02;2.303559e-02;9.053583e-02;3.656106e-02
1.865471e-02;1.463233e-01;2.221012e-01;9.130861e-02;8.935906e-02;1.631079e-01;1.473435e-02;8.510999e-02;4.705139e-02;2.087387e-02;5.999021e-02;4.138546e-02
2.945736e-02;1.229542e-01;1.639573e-01;1.109997e-01;9.342400e-02;1.265874e-01;3.784792e-02;1.639296e-01;5.140915e-02;2.164184e-02;4.035341e-02;3.743802e-02
2.724753e-02;8.032868e-02;1.296818e-01;1.261950e-01;9.853698e-02;1.970878e-01;3.938748e-02;1.932165e-01;4.234389e-02;1.937108e-02;2.314737e-02;2.345590e-02
2.703197e-02;9.059491e-02;1.495133e-01;1.061837e-01;8.391483e-02;1.599916e-01;3.026895e-02;2.092185e-01;6.697651e-02;1.013953e-02;2.521535e-02;4.095078e-02
2.387808e-02;7.438330e-02;1.028736e-01;1.074682e-01;1.015308e-01;9.419160e-02;4.353125e-02;2.123462e-01;9.396011e-02;2.298541e-02;6.007511e-02;6.277639e-02
1.946060e-02;3.050618e-02;3.192375e-02;1.215401e-01;1.130385e-01;2.201344e-01;3.065038e-02;2.077819e-01;9.116008e-02;2.296062e-02;6.078250e-02;5.006103e-02
3.021370e-02;7.794079e-02;1.219602e-01;1.282916e-01;9.367673e-02;1.913227e-01;5.160358e-02;1.450139e-01;3.945128e-02;2.390181e-02;3.843892e-02;5.818482e-02
3.630186e-02;1.275093e-01;1.869201e-01;1.391158e-01;1.134691e-01;1.083653e-01;5.363372e-02;8.794952e-02;4.037670e-02;2.035270e-02;3.784213e-02;4.816377e-02
3.377689e-02;1.008752e-01;1.248153e-01;1.550783e-01;1.576537e-01;1.548062e-01;2.954140e-02;7.576306e-02;4.936892e-02;2.766638e-02;3.867239e-02;5.198229e-02
2.968207e-02;1.184605e-01;1.415478e-01;1.414561e-01;1.286850e-01;1.378874e-01;1.812096e-02;1.107007e-01;6.561663e-02;3.551012e-02;3.613374e-02;3.619895e-02
1.924568e-02;1.140288e-01;1.160817e-01;1.167958e-01;1.124643e-01;1.579592e-01;2.206110e-02;1.580514e-01;8.983182e-02;3.113595e-02;2.512220e-02;3.722194e-02
1.534974e-02;1.021795e-01;1.067979e-01;1.119684e-01;1.157211e-01;1.745714e-01;3.420336e-02;1.902122e-01;7.058623e-02;2.506538e-02;2.102165e-02;3.232322e-02
1.848122e-02;1.161128e-01;1.535190e-01;1.451735e-01;1.305881e-01;9.253850e-02;2.868309e-02;1.764210e-01;5.174023e-02;2.455949e-02;1.925988e-02;4.292312e-02
1.513819e-02;6.476916e-02;1.774590e-01;1.396551e-01;1.301638e-01;1.930557e-01;2.417552e-02;9.164254e-02;6.198460e-02;3.231798e-02;2.717166e-02;4.246670e-02
1.418218e-02;6.016319e-02;1.781414e-01;1.343561e-01;1.151437e-01;1.618898e-01;3.969826e-02;1.169122e-01;5.341971e-02;4.054570e-02;3.668156e-02;4.886612e-02
3.412713e-02;1.039591e-01;1.449664e-01;9.693252e-02;8.753797e-02;1.472678e-01;4.555629e-02;1.394184e-01;7.279416e-02;4.530124e-02;3.154738e-02;5.059154e-02
