8.239889e-02;9.937467e-02;9.315853e-02;5.803472e-02;8.183310e-02;8.353004e-02;1.369983e-01;7.002542e-02;1.002332e-01;7.983406e-02;7.931942e-02;3.525972e-02
8.001863e-02;8.417092e-02;2.038120e-01;7.320131e-02;6.803178e-02;4.476152e-02;1.079148e-01;4.643095e-02;8.999892e-02;6.474765e-02;6.480586e-02;7.210561e-02
1.125460e-01;5.683158e-02;1.752773e-01;5.814979e-02;6.515729e-02;3.647559e-02;1.410275e-01;9.152979e-02;7.195009e-02;5.746435e-02;6.351428e-02;7.007654e-02
1.490093e-01;5.571183e-02;1.415813e-01;3.781103e-02;5.554683e-02;2.880832e-02;1.710238e-01;1.350869e-01;6.554216e-02;4.555960e-02;6.155131e-02;5.276763e-02
1.516861e-01;5.024764e-02;8.823761e-02;3.961989e-02;3.305361e-02;2.955155e-02;2.341074e-01;1.474472e-01;4.769548e-02;5.998529e-02;5.190833e-02;6.645986e-02
1.274353e-01;2.104024e-02;3.754220e-02;6.324612e-02;1.505321e-02;3.802416e-02;3.465830e-01;1.239909e-01;2.601820e-02;6.630103e-02;4.172730e-02;9.303831e-02
1.139674e-01;2.493856e-02;2.407356e-02;6.519635e-02;1.176667e-02;6.406834e-02;3.909589e-01;9.132113e-02;1.360298e-02;6.481361e-02;3.965920e-02;9.563334e-02
9.725934e-02;2.316870e-02;4.842055e-02;6.053380e-02;9.026701e-03;8.278416e-02;3.619648e-01;9.271728e-02;2.192695e-02;7.349268e-02;4.941742e-02;7.928760e-02
9.844141e-02;2.231878e-02;8.974778e-02;5.092258e-02;1.673749e-02;1.005784e-01;2.479470e-01;1.219786e-01;4.603914e-02;7.201272e-02;7.965549e-02;5.362062e-02
1.021251e-01;3.170150e-02;1.232425e-01;5.495272e-02;2.722174e-02;9.076752e-02;1.646747e-01;1.017610e-01;3.951196e-02;9.574625e-02;1.072550e-01;6.104007e-02
6.325046e-02;1.863430e-02;1.103281e-01;5.649199e-02;4.978010e-02;8.158479e-02;1.840441e-01;9.032436e-02;4.220873e-02;1.300153e-01;1.032702e-01;7.006771e-02
4.760154e-02;2.130363e-02;9.715421e-02;3.001731e-02;8.123764e-02;1.274243e-01;2.055294e-01;4.479178e-02;5.624242e-02;1.299107e-01;9.339520e-02;6.539179e-02
7.198339e-02;2.106668e-02;1.238623e-01;2.983923e-02;4.442669e-02;1.453097e-01;1.889064e-01;5.401075e-02;4.516015e-02;8.581338e-02;7.817425e-02;1.114471e-01
8.291397e-02;2.920201e-02;1.004886e-01;5.733977e-02;3.233803e-02;1.031940e-01;3.188685e-01;2.586280e-02;3.351726e-02;5.107519e-02;5.753149e-02;1.076683e-01
1.001476e-01;3.405675e-02;4.402332e-02;6.509699e-02;1.934109e-02;5.088023e-02;4.067178e-01;7.483245e-02;2.787341e-02;3.152629e-02;4.287936e-02;1.026247e-01
8.262946e-02;3.108812e-02;1.852849e-02;8.070076e-02;9.343211e-03;2.876109e-02;4.824200e-01;8.997481e-02;1.269267e-02;3.180394e-02;2.122837e-02;1.108291e-01
5.239606e-02;2.384841e-02;1.870505e-02;8.267947e-02;7.748562e-03;2.187389e-02;5.293423e-01;9.505393e-02;5.887173e-03;3.168770e-02;1.707738e-02;1.137001e-01
3.762610e-02;2.222660e-02;1.291257e-02;7.721369e-02;5.791321e-03;2.186310e-02;5.224564e-01;1.229096e-01;1.091318e-02;4.212715e-02;1.285104e-02;1.111092e-01
2.982867e-02;1.926699e-02;9.886035e-03;7.708222e-02;6.868050e-03;1.859920e-02;4.864787e-01;1.491174e-01;1.562023e-02;6.508531e-02;1.221291e-02;1.099542e-01
3.425434e-02;1.585526e-02;1.266221e-02;7.999586e-02;6.254848e-03;1.578310e-02;4.470036e-01;1.561610e-01;1.636713e-02;9.363313e-02;1.099775e-02;1.110318e-01
4.622070e-02;1.620869e-02;1.189110e-02;8.589901e-02;7.979658e-03;7.414324e-03;4.209477e-01;1.466241e-01;1.569791e-02;1.093041e-01;1.295636e-02;1.188564e-01
4.444785e-02;1.690175e-02;8.860484e-03;8.973258e-02;6.559372e-03;1.164876e-02;4.237303e-01;1.366448e-01;1.834929e-02;1.014323e-01;1.344738e-02;1.282452e-01
5.109635e-02;1.709005e-02;1.063752e-02;8.096869e-02;5.332958e-03;1.644270e-02;4.537183e-01;1.236302e-01;3.135999e-02;7.976451e-02;1.591393e-02;1.140448e-01
6.869420e-02;1.472641e-02;1.309419e-02;5.909892e-02;7.189475e-03;3.457849e-02;4.643503e-01;1.297467e-01;4.592285e-02;6.080622e-02;1.511821e-02;8.667403e-02
9.184965e-02;2.427958e-02;2.685661e-02;4.077667e-02;1.646543e-02;5.917952e-02;4.141433e-01;1.399828e-01;5.781453e-02;5.631445e-02;1.480752e-02;5.753002e-02
9.207542e-02;4.799340e-02;3.727630e-02;3.610577e-02;2.495532e-02;6.483599e-02;3.619978e-01;1.332190e-01;6.233829e-02;8.155362e-02;1.648541e-02;4.116375e-02
1.608719e-01;8.815966e-02;6.249791e-02;4.244610e-02;2.507459e-02;3.258749e-02;2.780978e-01;6.069599e-02;5.777972e-02;1.115485e-01;2.009945e-02;6.014084e-02
2.315072e-01;1.385233e-01;9.528188e-02;3.568216e-02;3.329686e-02;1.771048e-02;1.079032e-01;7.381172e-02;1.008930e-01;8.672491e-02;2.607500e-02;5.259033e-02
2.084121e-01;1.959175e-01;1.152735e-01;2.314821e-02;2.606621e-02;1.399891e-02;7.482310e-02;8.629780e-02;1.338207e-01;7.267370e-02;1.749897e-02;3.206939e-02
1.763432e-01;2.334164e-01;1.342048e-01;1.884924e-02;1.539551e-02;2.442031e-02;7.578511e-02;4.764237e-02;1.614868e-01;6.517019e-02;1.506032e-02;3.222581e-02
1.730674e-01;2.330351e-01;1.674598e-01;2.472203e-02;1.596252e-02;2.110761e-02;5.339968e-02;2.603130e-02;1.614907e-01;6.765064e-02;2.194164e-02;3.413154e-02
1.940475e-01;1.968285e-01;1.768808e-01;2.710357e-02;2.475796e-02;1.580530e-02;4.812083e-02;2.790936e-02;1.361977e-01;8.760470e-02;2.259012e-02;4.215351e-02
1.559069e-01;1.535665e-01;1.124690e-01;2.257626e-02;3.260159e-02;2.817079e-02;7.576549e-02;2.276520e-02;1.582552e-01;1.211247e-01;3.473162e-02;8.206676e-02
1.331843e-01;1.224377e-01;4.656963e-02;2.603922e-02;2.696219e-02;3.140372e-02;1.055685e-01;4.072860e-02;1.754051e-01;1.416072e-01;4.796387e-02;1.021299e-01
1.259831e-01;1.050386e-01;6.453922e-02;4.605309e-02;1.393731e-02;3.326893e-02;1.165696e-01;5.386607e-02;1.755576e-01;1.214693e-01;3.917920e-02;1.045381e-01
1.050159e-01;9.004957e-02;6.322490e-02;6.099998e-02;2.237104e-02;3.759321e-02;1.343974e-01;7.651991e-02;1.818434e-01;1.012548e-01;3.719154e-02;8.953827e-02
1.610594e-01;1.091374e-01;1.101770e-01;5.388791e-02;4.708024e-02;2.914736e-02;1.423269e-01;3.227263e-02;1.434593e-01;6.595109e-02;4.229457e-02;6.320633e-02
1.621363e-01;1.515115e-01;1.871693e-01;4.072576e-02;6.128176e-02;1.548577e-02;1.058799e-01;4.997125e-02;1.051090e-01;3.998590e-02;3.408386e-02;4.665968e-02
1.349234e-01;1.984947e-01;2.602711e-01;2.822147e-02;4.025773e-02;1.753129e-02;7.299879e-02;4.653328e-02;1.118164e-01;3.326599e-02;1.917217e-02;3.651372e-02
7.938614e-02;2.400946e-01;3.134233e-01;2.444110e-02;2.324420e-02;2.347588e-02;5.763699e-02;3.385329e-02;1.365455e-01;3.154387e-02;1.458959e-02;2.176553e-02
5.954123e-02;2.637255e-01;3.447846e-01;2.278575e-02;1.238440e-02;2.351269e-02;5.044564e-02;2.093090e-02;1.420430e-01;3.128511e-02;1.128790e-02;1.727328e-02
8.048213e-02;2.740876e-01;3.522657e-01;1.882906e-02;7.637232e-03;1.391904e-02;5.585999e-02;1.530003e-02;1.316564e-01;2.968605e-02;5.269716e-03;1.500703e-02
9.521128e-02;2.667096e-01;3.566554e-01;1.909579e-02;8.606346e-03;1.136873e-02;5.817606e-02;2.006850e-02;1.134074e-01;3.135103e-02;5.691565e-03;1.365837e-02
1.391777e-01;2.244337e-01;3.322631e-01;1.521974e-02;1.696174e-02;1.202253e-02;6.372154e-02;3.168651e-02;1.023393e-01;3.458448e-02;9.070078e-03;1.851961e-02
1.538087e-01;1.505280e-01;2.957540e-01;1.763960e-02;1.735863e-02;1.284820e-02;8.071702e-02;4.082462e-02;1.382204e-01;5.038070e-02;1.651726e-02;2.540286e-02
1.011209e-01;7.336514e-02;2.500150e-01;2.586976e-02;2.235667e-02;2.417385e-02;1.106777e-01;4.854271e-02;2.164186e-01;7.710136e-02;2.504909e-02;2.530922e-02
3.989692e-02;7.962362e-02;2.547424e-01;3.457424e-02;3.531455e-02;2.112757e-02;1.181582e-01;7.403422e-02;2.130286e-01;6.339422e-02;3.450534e-02;3.160017e-02
8.897396e-02;7.676034e-02;2.945202e-01;3.080128e-02;4.645690e-02;2.615034e-02;9.541102e-02;7.364062e-02;1.550579e-01;3.755261e-02;2.847491e-02;4.619986e-02
7.899018e-02;8.861690e-02;3.290824e-01;2.860743e-02;4.360886e-02;2.880182e-02;1.056180e-01;6.999011e-02;1.102146e-01;4.726509e-02;2.297501e-02;4.622963e-02
3.864656e-02;9.748325e-02;3.997808e-01;3.300086e-02;4.013414e-02;5.191941e-02;1.388389e-01;5.320723e-02;4.688563e-02;4.859668e-02;1.962311e-02;3.188341e-02
4.899531e-02;7.311850e-02;3.633013e-01;3.363880e-02;4.536982e-02;5.174996e-02;1.212938e-01;5.671801e-02;9.328234e-02;5.936969e-02;1.368645e-02;3.947609e-02
5.621942e-02;8.657727e-02;2.700560e-01;3.670406e-02;5.862853e-02;5.656401e-02;1.048457e-01;6.108467e-02;1.189700e-01;7.462808e-02;1.668147e-02;5.904081e-02
5.323938e-02;9.277339e-02;2.434480e-01;3.628147e-02;6.780542e-02;5.477011e-02;1.224101e-01;7.122687e-02;1.028601e-01;7.801221e-02;1.749226e-02;5.968075e-02
6.441179e-02;8.076234e-02;2.249595e-01;4.597846e-02;7.168927e-02;6.190775e-02;1.666344e-01;5.522884e-02;8.379353e-02;7.308049e-02;3.320391e-02;3.834975e-02
8.280461e-02;7.579505e-02;8.696507e-02;6.376834e-02;6.651168e-02;8.857857e-02;2.000682e-01;7.094580e-02;1.004139e-01;6.162064e-02;5.805127e-02;4.447674e-02
9.319992e-02;8.164669e-02;2.428869e-01;7.225756e-02;5.987363e-02;7.061537e-02;1.612165e-01;5.835624e-02;7.139107e-02;3.357469e-02;2.390622e-02;3.107527e-02
1.045016e-01;1.426008e-01;2.605431e-01;5.640348e-02;5.163415e-02;5.811438e-02;1.285076e-01;4.284945e-02;9.080432e-02;3.090978e-02;1.086292e-02;2.226842e-02
9.935408e-02;2.173909e-01;2.727366e-01;4.081275e-02;3.283756e-02;5.190572e-02;8.408307e-02;2.533738e-02;1.286554e-01;2.320256e-02;8.430787e-03;1.525323e-02
9.179431e-02;2.882415e-01;2.508528e-01;2.411411e-02;1.930715e-02;5.381481e-02;3.860556e-02;1.044106e-02;1.930141e-01;1.602251e-02;7.763973e-03;6.028096e-03
1.071731e-01;3.061051e-01;2.094705e-01;1.519173e-02;7.142252e-03;4.705795e-02;1.114553e-02;1.693110e-02;2.588350e-01;7.061352e-03;5.966496e-03;7.919799e-03
1.342647e-01;2.829168e-01;1.685561e-01;1.308276e-02;8.546096e-03;2.136958e-02;1.318287e-02;1.694717e-02;3.141910e-01;1.329152e-02;9.018053e-03;4.633257e-03
1.645688e-01;2.458947e-01;1.119023e-01;1.034584e-02;1.027471e-02;2.039900e-02;2.973188e-02;4.519212e-02;3.307903e-01;1.455718e-02;9.559709e-03;6.783528e-03
2.014248e-01;2.267289e-01;9.038268e-02;7.180297e-03;1.528713e-02;2.541135e-02;4.184741e-02;6.575566e-02;2.800404e-01;2.440437e-02;1.361653e-02;7.920466e-03
2.549585e-01;2.318308e-01;8.735369e-02;6.096834e-03;2.527256e-02;2.637916e-02;5.618505e-02;8.852381e-02;1.588571e-01;3.673719e-02;1.599977e-02;1.180558e-02
2.753290e-01;2.269834e-01;1.027300e-01;9.083654e-03;2.259200e-02;2.044605e-02;5.700856e-02;9.238758e-02;1.134160e-01;3.550632e-02;2.671519e-02;1.780217e-02
2.463010e-01;1.849163e-01;1.441479e-01;1.161210e-02;2.664578e-02;1.077128e-02;6.223965e-02;1.039607e-01;1.300237e-01;3.083653e-02;2.094851e-02;2.759651e-02
2.217898e-01;1.199918e-01;1.319402e-01;1.512689e-02;3.423147e-02;2.116091e-02;5.410881e-02;1.326177e-01;1.667931e-01;2.564397e-02;3.752441e-02;3.907094e-02
2.436877e-01;1.657349e-01;1.380609e-01;1.175859e-02;3.162368e-02;1.702209e-02;3.193271e-02;1.191404e-01;1.530677e-01;3.041945e-02;2.978388e-02;2.776795e-02
2.698500e-01;2.033264e-01;1.169265e-01;8.387337e-03;2.854685e-02;1.784266e-02;3.755459e-02;1.069386e-01;1.440012e-01;2.542232e-02;2.300542e-02;1.819798e-02
2.638238e-01;1.940272e-01;9.670100e-02;7.281215e-03;3.113301e-02;2.327380e-02;4.646505e-02;1.123149e-01;1.574636e-01;2.816906e-02;2.349497e-02;1.585243e-02
2.539983e-01;1.844982e-01;9.755006e-02;8.627235e-03;3.506617e-02;2.095825e-02;5.624323e-02;9.774822e-02;1.713362e-01;2.823173e-02;3.311896e-02;1.262342e-02
2.415243e-01;1.780882e-01;1.181879e-01;1.387983e-02;3.861082e-02;2.334172e-02;7.175656e-02;8.874858e-02;1.414989e-01;2.240620e-02;4.473364e-02;1.722325e-02
1.844782e-01;1.637470e-01;1.224441e-01;2.338372e-02;4.007941e-02;4.013903e-02;9.323734e-02;1.182674e-01;1.132328e-01;2.789324e-02;3.802941e-02;3.506850e-02
9.491251e-02;1.900416e-01;6.031189e-02;3.436247e-02;2.716098e-02;5.239975e-02;1.013099e-01;1.340526e-01;1.477568e-01;3.165280e-02;8.218975e-02;4.384894e-02
2.288113e-01;1.990180e-01;3.526788e-02;3.427744e-02;3.903376e-02;3.942633e-02;7.319082e-02;1.171084e-01;1.118657e-01;2.995477e-02;6.364242e-02;2.840324e-02
3.173508e-01;1.918808e-01;6.232947e-02;3.080607e-02;4.756974e-02;2.068912e-02;3.961416e-02;1.285271e-01;3.803304e-02;4.152566e-02;5.395307e-02;2.772108e-02
3.112609e-01;1.662761e-01;6.077220e-02;2.853854e-02;4.243575e-02;1.890731e-02;3.720812e-02;1.185219e-01;6.777275e-02;4.828707e-02;7.358083e-02;2.643854e-02
2.464805e-01;1.501046e-01;7.715658e-02;3.593176e-02;4.343712e-02;3.943599e-02;6.453466e-02;1.048798e-01;6.294034e-02;4.980009e-02;8.690263e-02;3.839608e-02
1.683154e-01;1.329535e-01;8.032232e-02;4.068551e-02;4.555633e-02;4.909051e-02;1.098413e-01;1.055253e-01;9.921796e-02;5.917554e-02;6.501343e-02;4.430296e-02
1.667286e-01;1.186804e-01;7.322344e-02;4.496154e-02;3.259674e-02;5.287094e-02;1.296072e-01;6.123561e-02;1.291681e-01;6.810228e-02;5.562199e-02;6.720313e-02
1.764535e-01;1.064864e-01;7.868420e-02;5.167791e-02;4.412870e-02;4.323408e-02;1.080296e-01;6.548948e-02;1.513192e-01;6.072224e-02;5.876522e-02;5.500947e-02
1.770209e-01;1.212810e-01;1.024892e-01;4.968995e-02;4.497981e-02;2.841357e-02;6.833582e-02;5.346901e-02;1.782263e-01;4.779872e-02;5.304618e-02;7.524948e-02
1.543646e-01;1.371664e-01;1.237809e-01;3.986661e-02;5.741018e-02;2.851794e-02;4.514713e-02;6.173307e-02;1.952180e-01;5.396677e-02;2.740679e-02;7.542168e-02
1.206594e-01;1.171471e-01;1.850988e-01;5.035391e-02;5.840739e-02;3.085701e-02;7.978108e-02;7.731672e-02;1.280224e-01;6.399012e-02;3.369487e-02;5.467108e-02
1.409076e-01;1.252810e-01;2.084496e-01;4.907893e-02;3.755749e-02;3.523055e-02;5.821234e-02;8.944201e-02;1.117493e-01;6.268577e-02;3.485206e-02;4.655338e-02
1.825597e-01;1.329885e-01;1.757627e-01;3.357957e-02;3.367717e-02;2.594786e-02;7.502613e-02;1.094772e-01;1.098506e-01;4.595188e-02;3.165673e-02;4.352197e-02
2.382441e-01;1.238965e-01;1.201322e-01;1.664935e-02;3.417036e-02;1.399488e-02;1.224701e-01;1.332217e-01;8.682087e-02;3.420660e-02;3.079398e-02;4.539928e-02
2.390852e-01;9.802490e-02;5.974451e-02;1.241309e-02;4.036463e-02;2.722055e-02;1.697064e-01;1.311292e-01;7.371213e-02;3.557285e-02;5.159142e-02;6.143507e-02
3.103276e-01;1.258557e-01;9.139170e-02;8.191993e-03;3.687573e-02;2.413066e-02;1.255614e-01;6.371392e-02;8.009922e-02;2.303786e-02;4.837535e-02;6.243891e-02
4.156954e-01;1.287179e-01;8.981264e-02;8.156946e-03;3.930316e-02;1.604892e-02;5.056246e-02;7.259618e-02;6.869771e-02;1.695101e-02;3.402624e-02;5.943150e-02
4.518673e-01;9.717998e-02;1.201373e-01;1.219857e-02;3.727255e-02;1.431927e-02;2.587893e-02;7.439490e-02;6.951613e-02;1.229634e-02;2.553069e-02;5.940804e-02
4.725921e-01;7.355990e-02;1.143502e-01;1.251689e-02;3.305257e-02;1.628612e-02;4.463801e-02;5.151786e-02;6.942313e-02;1.383038e-02;2.091717e-02;7.731569e-02
5.325643e-01;5.517437e-02;6.473643e-02;1.907339e-02;3.910198e-02;2.183123e-02;4.424900e-02;4.460938e-02;4.464098e-02;2.122340e-02;2.441608e-02;8.837938e-02
4.817646e-01;1.262502e-01;9.191577e-02;4.353088e-02;3.244822e-02;2.001210e-02;4.402985e-02;1.905927e-02;2.800199e-02;2.334058e-02;2.808735e-02;6.155917e-02
4.270588e-01;1.356977e-01;1.048117e-01;4.945866e-02;2.004560e-02;2.588262e-02;6.212221e-02;3.329172e-02;2.670177e-02;2.328262e-02;2.841395e-02;6.323258e-02
4.438744e-01;7.516840e-02;9.378061e-02;4.972129e-02;1.849375e-02;2.843721e-02;7.535385e-02;5.893864e-02;2.331279e-02;2.033391e-02;2.760139e-02;8.498376e-02
4.428613e-01;4.546932e-02;1.033955e-01;3.831453e-02;2.848278e-02;2.683591e-02;7.579096e-02;5.797910e-02;2.970241e-02;1.990733e-02;2.768646e-02;1.035744e-01
4.446483e-01;6.148646e-02;9.250034e-02;3.455376e-02;3.279369e-02;2.340870e-02;8.023118e-02;3.015853e-02;3.046232e-02;2.586857e-02;3.494970e-02;1.089384e-01
3.518186e-01;7.527004e-02;1.009184e-01;6.320922e-02;2.598540e-02;2.411882e-02;9.889695e-02;5.308814e-02;2.653676e-02;3.074712e-02;3.312937e-02;1.162811e-01
2.381731e-01;5.012655e-02;1.073060e-01;7.506706e-02;4.547633e-02;2.822923e-02;1.412505e-01;9.279928e-02;3.047146e-02;2.785814e-02;4.578289e-02;1.174594e-01
1.974545e-01;5.852765e-02;1.108480e-01;6.315514e-02;4.581290e-02;4.202517e-02;1.860733e-01;9.961005e-02;2.905894e-02;2.736686e-02;4.796893e-02;9.209856e-02
1.700119e-01;4.942128e-02;1.428363e-01;6.581999e-02;3.571499e-02;6.096607e-02;2.198934e-01;6.695814e-02;4.016258e-02;4.664473e-02;6.018238e-02;4.138825e-02
1.911763e-01;4.510493e-02;1.682689e-01;3.499943e-02;4.096195e-02;7.106498e-02;1.794940e-01;3.293259e-02;5.033204e-02;5.279388e-02;8.040987e-02;5.246120e-02
2.398384e-01;6.457226e-02;1.144572e-01;3.647186e-02;4.802370e-02;8.453366e-02;8.130462e-02;4.392104e-02;6.178161e-02;5.024995e-02;9.797008e-02;7.687555e-02
2.559543e-01;4.084203e-02;1.123490e-01;3.642917e-02;5.160979e-02;9.278093e-02;5.518375e-02;5.392129e-02;5.707005e-02;5.773872e-02;1.082809e-01;7.784013e-02
2.090633e-01;3.818811e-02;1.226577e-01;3.698098e-02;3.112819e-02;9.802961e-02;9.674703e-02;5.557849e-02;5.547193e-02;5.979071e-02;1.074753e-01;8.888870e-02
1.309864e-01;5.090623e-02;1.209798e-01;4.101044e-02;4.594820e-02;1.042146e-01;1.615914e-01;4.952739e-02;4.657547e-02;7.780399e-02;9.489587e-02;7.556011e-02
8.568146e-02;1.020217e-01;1.097000e-01;6.028121e-02;3.583650e-02;7.803264e-02;1.860976e-01;6.449412e-02;3.001093e-02;9.633294e-02;7.163192e-02;7.987896e-02
2.684246e-01;1.295434e-01;1.155523e-01;4.824406e-02;2.204991e-02;3.138758e-02;1.154877e-01;8.574771e-02;3.183130e-02;5.752521e-02;3.389850e-02;6.030765e-02
3.691337e-01;1.516280e-01;1.467150e-01;2.491476e-02;3.203240e-02;1.552184e-02;5.209070e-02;8.796166e-02;3.869113e-02;2.407213e-02;1.461247e-02;4.262606e-02
4.109122e-01;1.772922e-01;1.363521e-01;1.800458e-02;3.959661e-02;9.311121e-03;2.538476e-02;7.772420e-02;3.918519e-02;1.415861e-02;1.843129e-02;3.364714e-02
4.043538e-01;1.914494e-01;1.358742e-01;1.747682e-02;3.846254e-02;6.293659e-03;3.110856e-02;7.610395e-02;3.627647e-02;1.640995e-02;2.165157e-02;2.453913e-02
3.858313e-01;2.034231e-01;1.294612e-01;1.711227e-02;3.573789e-02;5.558811e-03;2.865354e-02;7.249002e-02;5.402495e-02;2.689662e-02;1.930763e-02;2.150268e-02
3.448347e-01;2.249834e-01;1.518414e-01;1.565557e-02;2.846983e-02;4.482102e-03;2.650261e-02;6.104216e-02;7.505243e-02;3.697586e-02;1.340116e-02;1.675881e-02
3.089776e-01;2.495607e-01;1.603370e-01;1.606719e-02;2.776099e-02;1.136492e-02;3.329665e-02;4.294239e-02;7.329728e-02;4.815435e-02;1.211596e-02;1.612497e-02
3.005206e-01;2.762207e-01;1.690748e-01;1.547748e-02;1.845100e-02;1.315870e-02;4.266830e-02;1.677093e-02;7.573557e-02;4.660020e-02;1.193130e-02;1.339045e-02
2.958265e-01;2.829212e-01;1.873234e-01;1.875214e-02;1.243727e-02;9.135880e-03;3.105821e-02;1.600686e-02;8.371272e-02;3.553755e-02;1.092497e-02;1.636326e-02
2.903765e-01;2.701949e-01;2.284899e-01;2.025287e-02;1.871715e-02;9.921246e-03;1.923505e-02;1.814652e-02;7.014817e-02;2.616918e-02;8.761734e-03;1.958676e-02
2.721564e-01;2.604856e-01;2.499720e-01;2.112245e-02;2.683156e-02;1.341358e-02;2.549246e-02;2.033760e-02;4.982529e-02;2.213511e-02;1.713310e-02;2.109477e-02
2.573186e-01;2.538329e-01;2.208294e-01;2.523747e-02;2.832551e-02;1.270577e-02;4.792421e-02;5.693297e-02;2.340691e-02;3.177701e-02;2.783071e-02;1.387867e-02
2.543160e-01;2.187981e-01;1.444352e-01;2.825712e-02;3.335717e-02;1.582359e-02;6.017815e-02;9.192421e-02;6.176237e-02;3.023563e-02;3.615836e-02;2.475409e-02
2.528767e-01;1.645212e-01;1.137502e-01;3.224241e-02;3.175765e-02;1.280645e-02;5.837526e-02;1.057779e-01;1.294184e-01;3.206279e-02;3.806077e-02;2.835029e-02
2.529112e-01;1.282422e-01;9.086435e-02;3.446984e-02;4.545722e-02;2.352363e-02;5.756980e-02;9.468763e-02;1.562286e-01;3.605270e-02;4.104577e-02;3.894701e-02
2.096458e-01;1.099053e-01;1.111535e-01;4.101595e-02;4.784054e-02;4.848941e-02;1.036410e-01;8.537310e-02;1.173802e-01;5.024580e-02;4.510860e-02;3.020084e-02
1.469892e-01;1.140345e-01;1.687423e-01;6.800433e-02;3.069761e-02;6.208520e-02;1.379328e-01;6.543583e-02;6.086306e-02;6.249914e-02;4.765506e-02;3.506097e-02
1.727001e-01;1.209515e-01;1.900137e-01;8.555648e-02;3.531408e-02;5.430072e-02;1.267362e-01;1.877980e-02;6.136579e-02;5.467617e-02;3.795848e-02;4.164700e-02
2.176235e-01;1.350606e-01;1.498026e-01;7.155117e-02;4.674731e-02;3.801969e-02;9.433265e-02;4.299363e-02;6.894910e-02;5.401044e-02;3.375641e-02;4.715291e-02
1.987142e-01;1.041161e-01;2.465120e-01;4.372784e-02;5.576971e-02;3.713918e-02;6.757376e-02;6.312466e-02;6.458902e-02;5.900307e-02;2.034033e-02;3.939017e-02
1.475106e-01;7.957974e-02;3.496323e-01;5.384826e-02;4.833033e-02;3.791755e-02;5.887874e-02;7.672866e-02;5.441295e-02;5.112678e-02;1.130210e-02;3.073209e-02
1.383953e-01;9.728357e-02;3.268272e-01;5.041533e-02;4.482435e-02;4.547006e-02;7.052927e-02;6.478195e-02;6.539570e-02;5.100245e-02;1.808197e-02;2.699289e-02
1.644456e-01;1.172422e-01;2.494389e-01;4.128555e-02;3.797744e-02;5.455297e-02;8.406123e-02;6.749918e-02;6.731160e-02;5.543182e-02;2.143495e-02;3.931864e-02
1.730786e-01;1.434908e-01;1.756969e-01;5.424618e-02;3.666052e-02;5.872751e-02;7.902036e-02;9.681647e-02;5.441497e-02;5.091798e-02;2.486099e-02;5.206872e-02
1.661282e-01;1.462052e-01;1.267448e-01;6.535968e-02;3.934319e-02;5.402432e-02;7.254991e-02;8.993959e-02;1.151156e-01;4.366232e-02;3.389402e-02;4.703313e-02
1.934402e-01;1.229442e-01;1.107481e-01;6.360410e-02;4.234671e-02;4.898072e-02;8.669791e-02;6.790996e-02;1.393939e-01;3.325614e-02;3.394578e-02;5.673222e-02
1.903147e-01;8.720168e-02;1.388320e-01;7.736042e-02;4.802977e-02;4.310253e-02;1.022422e-01;6.516787e-02;1.098451e-01;3.218156e-02;5.055234e-02;5.516976e-02
1.705148e-01;7.828353e-02;1.684871e-01;6.658079e-02;7.066729e-02;4.927570e-02;8.741859e-02;5.792660e-02;8.764640e-02;5.120515e-02;6.737854e-02;4.461553e-02
1.383112e-01;1.144664e-01;1.795178e-01;3.420645e-02;7.801078e-02;5.868902e-02;8.307644e-02;6.573556e-02;1.062567e-01;5.673105e-02;6.009569e-02;2.490296e-02
7.936936e-02;1.209581e-01;1.758893e-01;5.591119e-02;7.993706e-02;5.520268e-02;7.978217e-02;6.845121e-02;1.476532e-01;4.542849e-02;5.528228e-02;3.613508e-02
7.018816e-02;7.277445e-02;1.744026e-01;7.517313e-02;6.628864e-02;6.290090e-02;7.434094e-02;8.519907e-02;1.461341e-01;5.985698e-02;5.610079e-02;5.664018e-02
1.078530e-01;7.840054e-02;1.282369e-01;6.980841e-02;6.521602e-02;7.515620e-02;1.327721e-01;8.557848e-02;1.064485e-01;7.094871e-02;2.355469e-02;5.602652e-02
1.055980e-01;1.044025e-01;1.217900e-01;4.709936e-02;7.313877e-02;6.571946e-02;1.703965e-01;1.064946e-01;7.983261e-02;5.708322e-02;3.379836e-02;3.464662e-02
9.623179e-02;6.123656e-02;8.183978e-02;5.197800e-02;1.143204e-01;6.773755e-02;1.827037e-01;1.104591e-01;6.890245e-02;6.339577e-02;4.326720e-02;5.792769e-02
8.640279e-02;5.636944e-02;7.716957e-02;7.392494e-02;1.227049e-01;7.554080e-02;1.759797e-01;8.658188e-02;4.826741e-02;9.348819e-02;3.556961e-02;6.800089e-02
9.526350e-02;8.986421e-02;1.180464e-01;8.215869e-02;9.029970e-02;6.175898e-02;1.202517e-01;5.408524e-02;6.554804e-02;1.320862e-01;3.470981e-02;5.592759e-02
1.229096e-01;1.075361e-01;1.757764e-01;6.855983e-02;7.525626e-02;4.912439e-02;1.048557e-01;3.866914e-02;5.905152e-02;1.243790e-01;3.589587e-02;3.798613e-02
9.662365e-02;5.800832e-02;2.046056e-01;8.070228e-02;1.064280e-01;6.152071e-02;1.152293e-01;4.923006e-02;6.017595e-02;6.210484e-02;4.592336e-02;5.944796e-02
6.462082e-02;8.496305e-02;2.017069e-01;1.028559e-01;9.251384e-02;5.680877e-02;1.148010e-01;4.737362e-02;5.776087e-02;5.793973e-02;7.044294e-02;4.821257e-02
4.564377e-02;9.127972e-02;2.292270e-01;1.580140e-01;7.927439e-02;4.468194e-02;8.481702e-02;4.605275e-02;4.637693e-02;4.486094e-02;9.562589e-02;3.414565e-02
2.789172e-02;6.254388e-02;3.154241e-01;2.106717e-01;5.912845e-02;3.308811e-02;4.559463e-02;3.487867e-02;3.449830e-02;4.145070e-02;1.181152e-01;1.671458e-02
2.728444e-02;3.614171e-02;4.221806e-01;1.738458e-01;4.379562e-02;2.481139e-02;1.686032e-02;2.104930e-02;4.198750e-02;7.633893e-02;1.043639e-01;1.134050e-02
4.280269e-02;4.081967e-02;5.102097e-01;9.239956e-02;4.011135e-02;1.876581e-02;2.559453e-02;2.267082e-02;3.556371e-02;9.410904e-02;6.814445e-02;8.808648e-03
3.770989e-02;6.343813e-02;5.586882e-01;3.834177e-02;4.590635e-02;1.919549e-02;5.153264e-02;2.714754e-02;2.636979e-02;9.182896e-02;3.546028e-02;4.381028e-03
2.913342e-02;9.426466e-02;5.766677e-01;3.396252e-02;5.006877e-02;1.711053e-02;4.595641e-02;2.161915e-02;2.650399e-02;7.427986e-02;2.423587e-02;6.197049e-03
4.543972e-02;1.440621e-01;5.687892e-01;4.352047e-02;4.604906e-02;2.197230e-02;2.840425e-02;1.559102e-02;1.309191e-02;5.361324e-02;1.328590e-02;6.180786e-03
6.956027e-02;2.253351e-01;5.001544e-01;3.291966e-02;2.940433e-02;3.078548e-02;1.625773e-02;1.774068e-02;3.088502e-02;2.767423e-02;1.181348e-02;7.469650e-03
1.236936e-01;2.746447e-01;4.047925e-01;2.151892e-02;1.360552e-02;3.458656e-02;1.938775e-02;1.415140e-02;5.025290e-02;2.238869e-02;1.253545e-02;8.442133e-03
1.917009e-01;2.460539e-01;3.588589e-01;2.581909e-02;1.283435e-02;1.880551e-02;3.391239e-02;1.242879e-02;3.861380e-02;3.951948e-02;1.261983e-02;8.833120e-03
2.930752e-01;1.922965e-01;2.845270e-01;2.459392e-02;1.232894e-02;9.822205e-03;5.118960e-02;3.138322e-02;2.389302e-02;4.332869e-02;1.406823e-02;1.949347e-02
3.791714e-01;1.551307e-01;2.019974e-01;1.837971e-02;1.029752e-02;1.675834e-02;4.774318e-02;5.326097e-02;3.186408e-02;2.967115e-02;1.914478e-02;3.658075e-02
4.028696e-01;8.128078e-02;1.413701e-01;2.131604e-02;1.331529e-02;3.382789e-02;4.002402e-02;5.445992e-02;6.730896e-02;5.017356e-02;2.396709e-02;7.008666e-02
3.544060e-01;1.584678e-02;1.900443e-01;2.425618e-02;1.945329e-02;4.112658e-02;4.139215e-02;2.744679e-02;6.948700e-02;1.000296e-01;2.715529e-02;8.935607e-02
3.596753e-01;6.418103e-02;1.682192e-01;2.031207e-02;1.858166e-02;2.777283e-02;4.657209e-02;1.016021e-02;4.824369e-02;1.174788e-01;2.928915e-02;8.951388e-02
3.690198e-01;8.408959e-02;1.108174e-01;1.542915e-02;1.215199e-02;3.023473e-02;5.769895e-02;3.199594e-02;3.888874e-02;1.159950e-01;3.652382e-02;9.715484e-02
3.287772e-01;2.548834e-02;1.171040e-01;3.152265e-02;1.836828e-02;3.236676e-02;1.008080e-01;4.965568e-02;2.826406e-02;1.146238e-01;4.196344e-02;1.110578e-01
2.306110e-01;5.064392e-02;1.605701e-01;4.696709e-02;1.643047e-02;2.009186e-02;1.412721e-01;4.109316e-02;3.010891e-02;1.081950e-01;4.272921e-02;1.112872e-01
2.248246e-01;6.815430e-02;1.254891e-01;4.427205e-02;1.057426e-02;1.620650e-02;2.142399e-01;2.862471e-02;3.249828e-02;8.462448e-02;4.416147e-02;1.063303e-01
1.932461e-01;5.613304e-02;1.027324e-01;3.801166e-02;2.074073e-02;2.046878e-02;2.897767e-01;1.964498e-02;3.451169e-02;6.368804e-02;5.136717e-02;1.096787e-01
7.417224e-02;4.347264e-02;8.968740e-02;4.009718e-02;2.621038e-02;4.330003e-02;3.569829e-01;3.908565e-02;4.985872e-02;5.285734e-02;6.208271e-02;1.221929e-01
1.257504e-01;5.308868e-02;5.715045e-02;2.961884e-02;2.642299e-02;5.214005e-02;2.959579e-01;6.070691e-02;5.855560e-02;4.949522e-02;7.101654e-02;1.200965e-01
1.938344e-01;5.546126e-02;6.748984e-02;1.827328e-02;3.149553e-02;5.881626e-02;2.073696e-01;8.738623e-02;4.632013e-02;4.493238e-02;6.853176e-02;1.200893e-01
1.723113e-01;3.292289e-02;8.972872e-02;2.133261e-02;4.523434e-02;6.434339e-02;1.955041e-01;9.175655e-02;4.326864e-02;4.408467e-02;7.635623e-02;1.231566e-01
1.492351e-01;4.802837e-02;9.834021e-02;2.129066e-02;6.719366e-02;6.112551e-02;2.010777e-01;8.622240e-02;5.713640e-02;3.781791e-02;7.106975e-02;1.014623e-01
9.133313e-02;3.263167e-02;7.199460e-02;3.040091e-02;1.129085e-01;7.492228e-02;2.324066e-01;7.194930e-02;6.651383e-02;4.014536e-02;8.019491e-02;9.459888e-02
9.551398e-02;5.035450e-02;1.153584e-01;3.246485e-02;1.053896e-01;6.511323e-02;1.723308e-01;5.902490e-02;9.367333e-02;4.606555e-02;8.537199e-02;7.933888e-02
1.226651e-01;5.630842e-02;1.511086e-01;2.572517e-02;7.860117e-02;7.151300e-02;8.792305e-02;5.680068e-02;1.307133e-01;6.811800e-02;8.927266e-02;6.125085e-02
8.339010e-02;6.223997e-02;1.818049e-01;3.483086e-02;5.033693e-02;9.338174e-02;6.470115e-02;7.265625e-02;1.166018e-01;9.497085e-02;9.157273e-02;5.351274e-02
1.476198e-01;5.452157e-02;1.574517e-01;3.671089e-02;3.731320e-02;9.477329e-02;1.094932e-01;5.025290e-02;6.957617e-02;1.065805e-01;8.044368e-02;5.526304e-02
1.702769e-01;5.042198e-02;1.373465e-01;2.605123e-02;4.535618e-02;7.931875e-02;1.069139e-01;5.875840e-02;5.882733e-02;1.006320e-01;8.086185e-02;8.523499e-02
1.009567e-01;7.505132e-02;1.309570e-01;3.112550e-02;5.883887e-02;3.815895e-02;1.072633e-01;6.221725e-02;9.261337e-02;1.175635e-01;9.277848e-02;9.247583e-02
1.183689e-01;5.236078e-02;1.097701e-01;5.374031e-02;7.060228e-02;4.856341e-02;1.201558e-01;6.480359e-02;8.810030e-02;8.376794e-02;6.986898e-02;1.198976e-01
1.009571e-01;3.132559e-02;1.030562e-01;6.467749e-02;9.299215e-02;6.550099e-02;1.212839e-01;7.139073e-02;8.343410e-02;6.390808e-02;7.071629e-02;1.307574e-01
9.037071e-02;7.188583e-02;7.544640e-02;6.344245e-02;1.029994e-01;6.010220e-02;1.210379e-01;8.222906e-02;7.874707e-02;8.364204e-02;8.705661e-02;8.304023e-02
1.107352e-01;1.021744e-01;1.248789e-01;6.765769e-02;7.559948e-02;6.754901e-02;8.679183e-02;8.426653e-02;8.782364e-02;7.753018e-02;5.706440e-02;5.792869e-02
1.195222e-01;1.166599e-01;1.555320e-01;7.505456e-02;6.402002e-02;7.922045e-02;5.555646e-02;7.418116e-02;9.823540e-02;6.934566e-02;3.800817e-02;5.466401e-02
1.435065e-01;1.016647e-01;1.022923e-01;9.175088e-02;7.262386e-02;1.168295e-01;5.136734e-02;7.671870e-02;1.050688e-01;6.463572e-02;3.000610e-02;4.353559e-02
1.450366e-01;5.168607e-02;1.011318e-01;6.612808e-02;8.203125e-02;1.507038e-01;1.136912e-01;6.673517e-02;8.416456e-02;6.605154e-02;2.138065e-02;5.125932e-02
1.232885e-01;5.932399e-02;1.519323e-01;3.429819e-02;5.914497e-02;1.340719e-01;1.731875e-01;7.432610e-02;5.683434e-02;4.647152e-02;3.638620e-02;5.073443e-02
1.349681e-01;5.612390e-02;1.439197e-01;2.584755e-02;4.113699e-02;1.429776e-01;1.729447e-01;8.056241e-02;4.067065e-02;5.957866e-02;5.212297e-02;4.914687e-02
1.437824e-01;7.092675e-02;1.006495e-01;2.996901e-02;4.467481e-02;1.600897e-01;1.548459e-01;7.593302e-02;4.085030e-02;5.857214e-02;3.988161e-02;7.982483e-02
1.707204e-01;7.983417e-02;1.074535e-01;3.612185e-02;3.556167e-02;1.043116e-01;1.804695e-01;7.249557e-02;3.112742e-02;5.040014e-02;4.000551e-02;9.149869e-02
1.342163e-01;5.925312e-02;1.086643e-01;4.249446e-02;4.060443e-02;1.018041e-01;2.165615e-01;6.124492e-02;4.720267e-02;4.113548e-02;5.811755e-02;8.870126e-02
6.102775e-02;4.067315e-02;1.231796e-01;4.222969e-02;5.363402e-02;1.527724e-01;2.408148e-01;3.260132e-02;6.131481e-02;4.292958e-02;8.141847e-02;6.740438e-02
3.684767e-02;3.519864e-02;1.510213e-01;2.496315e-02;5.966443e-02;2.315189e-01;1.836707e-01;2.518603e-02;5.786673e-02;5.377595e-02;1.074789e-01;3.280764e-02
5.716010e-02;2.935670e-02;1.505085e-01;2.704144e-02;6.762471e-02;2.739299e-01;9.931497e-02;2.908633e-02;4.707557e-02;5.723635e-02;1.357708e-01;2.589464e-02
6.354482e-02;5.003339e-02;1.325053e-01;3.646651e-02;8.769354e-02;2.321259e-01;5.247439e-02;4.462181e-02;5.676355e-02;7.964937e-02;1.412077e-01;2.291373e-02
6.004198e-02;9.451079e-02;8.210520e-02;3.293533e-02;1.204749e-01;1.833859e-01;7.185666e-02;4.442821e-02;5.026786e-02;1.036293e-01;1.326337e-01;2.373024e-02
6.081175e-02;1.036292e-01;1.301664e-01;6.036495e-02;1.172305e-01;1.332024e-01;6.202922e-02;4.490435e-02;4.682616e-02;9.671050e-02;1.155374e-01;2.858717e-02
6.276924e-02;5.340193e-02;2.509496e-01;6.179241e-02;7.418995e-02;1.205718e-01;7.362725e-02;3.217642e-02;5.641934e-02;6.079548e-02;1.033888e-01;4.991777e-02
5.802619e-02;1.559276e-02;3.202415e-01;2.940923e-02;4.524836e-02;1.824649e-01;5.910590e-02;1.869319e-02;5.367296e-02;5.776539e-02;1.111804e-01;4.859925e-02
6.085405e-02;1.784833e-02;2.981412e-01;1.433276e-02;4.017252e-02;2.397387e-01;5.236803e-02;2.338316e-02;3.848324e-02;5.604493e-02;1.152475e-01;4.338559e-02
6.436763e-02;3.416244e-02;2.419392e-01;2.689040e-02;3.831672e-02;2.344832e-01;4.511627e-02;3.041741e-02;5.561041e-02;6.988608e-02;1.124041e-01;4.640612e-02
9.635048e-02;8.547340e-02;1.417569e-01;3.587583e-02;4.815950e-02;1.933704e-01;1.237684e-01;3.740174e-02;4.179984e-02;5.918055e-02;9.469775e-02;4.216529e-02
7.874704e-02;9.798634e-02;1.080319e-01;3.404786e-02;5.594277e-02;1.981402e-01;1.941067e-01;5.446655e-02;2.513915e-02;3.938948e-02;9.283476e-02;2.116716e-02
3.845582e-02;7.212901e-02;1.400296e-01;1.953063e-02;4.661817e-02;2.413646e-01;1.933127e-01;4.826834e-02;2.619545e-02;3.507134e-02;1.251142e-01;1.391024e-02
1.637146e-02;4.560040e-02;1.809118e-01;1.406051e-02;4.721984e-02;2.570803e-01;1.001989e-01;3.705968e-02;6.675388e-02;3.724606e-02;1.785555e-01;1.894178e-02
4.192418e-02;3.494112e-02;1.805478e-01;1.436807e-02;5.853831e-02;2.377340e-01;4.969573e-02;3.059974e-02;9.354996e-02;4.095159e-02;1.998183e-01;1.733124e-02
6.304023e-02;2.771640e-02;1.521159e-01;2.403970e-02;8.751724e-02;2.368447e-01;4.765233e-02;3.011993e-02;6.184329e-02;5.961800e-02;1.846542e-01;2.483813e-02
6.332573e-02;4.795671e-02;1.299693e-01;3.258308e-02;1.003905e-01;1.918523e-01;8.673396e-02;3.002604e-02;5.855737e-02;6.053538e-02;1.730345e-01;2.503517e-02
5.235814e-02;6.061094e-02;1.232924e-01;3.659455e-02;7.346222e-02;1.556224e-01;1.205779e-01;2.510851e-02;1.037421e-01;5.119509e-02;1.766399e-01;2.079592e-02
4.889825e-02;4.120341e-02;1.192945e-01;4.690870e-02;4.760997e-02;1.757197e-01;1.289938e-01;2.946524e-02;1.193581e-01;3.796093e-02;1.755974e-01;2.898995e-02
6.772041e-02;6.160222e-02;9.264038e-02;6.968086e-02;3.859492e-02;1.768829e-01;1.051085e-01;4.793625e-02;1.046099e-01;3.538849e-02;1.360570e-01;6.377810e-02
6.981352e-02;1.260954e-01;8.075258e-02;6.510613e-02;4.044313e-02;1.462145e-01;8.265840e-02;4.659571e-02;8.132905e-02;5.726794e-02;8.489255e-02;1.188310e-01
6.521764e-02;1.600137e-01;8.947496e-02;5.870630e-02;5.008017e-02;1.190143e-01;9.469876e-02;3.883433e-02;7.949502e-02;4.928651e-02;6.151848e-02;1.336598e-01
1.156501e-01;1.644591e-01;1.007011e-01;4.961554e-02;5.426306e-02;1.230842e-01;1.012659e-01;2.778473e-02;6.726515e-02;2.719754e-02;5.116522e-02;1.175483e-01
1.869546e-01;1.124993e-01;1.245535e-01;6.642324e-02;5.146642e-02;1.246569e-01;7.235150e-02;4.556578e-02;4.993604e-02;3.789256e-02;6.533958e-02;6.236058e-02
2.055772e-01;7.760656e-02;1.155677e-01;7.673790e-02;6.281362e-02;9.854711e-02;6.588513e-02;4.617809e-02;9.245377e-02;3.264189e-02;6.470659e-02;6.128444e-02
1.821266e-01;5.151094e-02;1.587731e-01;8.945458e-02;5.745867e-02;1.068274e-01;7.739261e-02;4.712699e-02;6.105476e-02;3.756152e-02;6.566724e-02;6.504562e-02
1.226189e-01;5.539284e-02;2.055291e-01;7.860486e-02;6.304427e-02;8.242014e-02;1.020455e-01;5.839169e-02;4.423427e-02;6.629689e-02;6.530435e-02;5.611715e-02
1.114407e-01;4.852635e-02;1.594470e-01;6.024307e-02;5.535276e-02;1.014230e-01;1.664807e-01;5.771855e-02;4.973762e-02;6.532807e-02;7.286672e-02;5.143548e-02
1.069732e-01;4.736594e-02;8.976474e-02;5.399196e-02;3.613992e-02;1.278193e-01;2.373759e-01;6.218234e-02;5.390380e-02;5.617601e-02;6.864166e-02;5.966529e-02
8.829191e-02;3.304120e-02;9.027510e-02;6.016969e-02;4.716174e-02;1.278043e-01;2.642232e-01;4.709700e-02;7.058592e-02;4.805546e-02;7.480078e-02;4.849366e-02
1.136510e-01;3.959683e-02;1.105370e-01;6.986321e-02;5.848928e-02;8.939063e-02;2.393699e-01;3.882498e-02;6.124517e-02;4.828377e-02;8.201787e-02;4.873038e-02
1.709706e-01;3.910579e-02;8.687564e-02;7.414107e-02;3.317149e-02;5.501898e-02;2.109083e-01;6.160848e-02;6.146396e-02;5.573015e-02;5.988992e-02;9.111557e-02
1.864444e-01;1.529453e-02;4.488479e-02;7.928635e-02;2.791353e-02;4.359229e-02;2.565153e-01;5.451081e-02;5.706359e-02;6.245918e-02;6.624249e-02;1.057927e-01
1.899270e-01;2.057358e-02;7.559957e-02;8.674648e-02;2.714756e-02;4.251307e-02;2.629686e-01;3.422085e-02;4.103800e-02;4.133745e-02;6.310897e-02;1.148189e-01
2.302653e-01;3.715920e-02;1.036223e-01;8.419582e-02;3.544603e-02;4.344390e-02;2.202210e-01;1.426438e-02;2.700430e-02;4.182507e-02;4.555255e-02;1.170001e-01
2.599577e-01;7.827859e-02;9.583976e-02;7.639049e-02;4.234053e-02;3.475255e-02;1.788840e-01;1.836833e-02;2.300789e-02;4.355615e-02;4.155007e-02;1.070739e-01
1.939625e-01;7.782852e-02;7.250860e-02;7.996868e-02;4.130802e-02;3.683460e-02;2.049030e-01;2.607134e-02;2.408612e-02;4.674321e-02;7.185974e-02;1.239256e-01
6.886050e-02;4.994155e-02;6.879135e-02;9.854466e-02;2.492619e-02;5.689526e-02;2.841232e-01;2.712466e-02;2.798763e-02;4.465345e-02;9.486628e-02;1.532852e-01
1.184691e-01;3.334380e-02;2.251381e-02;8.656456e-02;2.905120e-02;5.302684e-02;3.128797e-01;2.791754e-02;3.492615e-02;4.616990e-02;8.487349e-02;1.502640e-01
1.816869e-01;6.234819e-02;3.441086e-02;7.137918e-02;2.393501e-02;2.518372e-02;2.636855e-01;2.123436e-02;4.002899e-02;4.467849e-02;8.213148e-02;1.492973e-01
1.613137e-01;4.720244e-02;5.608680e-02;5.487116e-02;2.009884e-02;3.640973e-02;2.358787e-01;4.318246e-02;5.094361e-02;5.748316e-02;9.187464e-02;1.446547e-01
1.185405e-01;3.599599e-02;6.879913e-02;4.343115e-02;3.262435e-02;3.688306e-02;2.167830e-01;5.853444e-02;4.251078e-02;7.672462e-02;1.142098e-01;1.549632e-01
1.295924e-01;4.833085e-02;9.418402e-02;3.331416e-02;3.881958e-02;5.551561e-02;1.662025e-01;4.750461e-02;3.595381e-02;7.182407e-02;1.327707e-01;1.459877e-01
4.601585e-02;4.084312e-02;1.258480e-01;2.571007e-02;4.680689e-02;8.105391e-02;1.563532e-01;4.121842e-02;4.928911e-02;7.461791e-02;1.643629e-01;1.478806e-01
1.008674e-01;2.743666e-02;1.030029e-01;4.922137e-02;4.393578e-02;7.678856e-02;1.219329e-01;4.267481e-02;7.297587e-02;6.715958e-02;1.492631e-01;1.447411e-01
1.281254e-01;2.673728e-02;1.373131e-01;4.805983e-02;3.584929e-02;9.831464e-02;8.811662e-02;3.346256e-02;6.169590e-02;6.488835e-02;1.531893e-01;1.242477e-01
1.196943e-01;2.988725e-02;1.635365e-01;3.494091e-02;3.100276e-02;1.193675e-01;9.174524e-02;4.016925e-02;4.633426e-02;8.660079e-02;1.576257e-01;7.909556e-02
8.740026e-02;1.871679e-02;1.879178e-01;3.538216e-02;3.440725e-02;1.367082e-01;9.591781e-02;3.912439e-02;6.313218e-02;9.745318e-02;1.561826e-01;4.765727e-02
5.130788e-02;1.135768e-02;1.755922e-01;1.794037e-02;3.039683e-02;1.584894e-01;1.548700e-01;4.271774e-02;6.254161e-02;1.001886e-01;1.397535e-01;5.484417e-02
2.698784e-02;1.789309e-02;1.726614e-01;1.479694e-02;3.003904e-02;2.066777e-01;1.811850e-01;3.834253e-02;4.230944e-02;8.599066e-02;1.372639e-01;4.585236e-02
2.420690e-02;3.004606e-02;1.491134e-01;2.421275e-02;2.425369e-02;2.370405e-01;1.840396e-01;3.407099e-02;4.492000e-02;7.753038e-02;1.446695e-01;2.589624e-02
1.956730e-02;3.020382e-02;1.330342e-01;3.568815e-02;5.012019e-02;2.379184e-01;1.528038e-01;3.339297e-02;3.746409e-02;7.282794e-02;1.768821e-01;2.009705e-02
2.879652e-02;5.573624e-02;1.348542e-01;3.817448e-02;5.255909e-02;2.214888e-01;7.897031e-02;2.242497e-02;3.078103e-02;7.995199e-02;2.306559e-01;2.560657e-02
4.146924e-02;1.046112e-01;1.531186e-01;2.394191e-02;5.487286e-02;1.800038e-01;3.766072e-02;1.632256e-02;2.651553e-02;9.862348e-02;2.416254e-01;2.123468e-02
6.070700e-02;1.299905e-01;1.299132e-01;1.943118e-02;6.475089e-02;1.479570e-01;3.081211e-02;2.281716e-02;2.585733e-02;1.106396e-01;2.339335e-01;2.319065e-02
4.654811e-02;1.497505e-01;1.092044e-01;2.727060e-02;7.379541e-02;1.442512e-01;3.329990e-02;3.555233e-02;1.907221e-02;1.139520e-01;2.063836e-01;4.091971e-02
5.397866e-02;1.387444e-01;1.237533e-01;2.415841e-02;7.073157e-02;1.464607e-01;4.602656e-02;3.493812e-02;2.044290e-02;1.102172e-01;1.766000e-01;5.394816e-02
1.077563e-01;1.228177e-01;1.204068e-01;1.990172e-02;6.160626e-02;1.367389e-01;3.795190e-02;2.787127e-02;3.205021e-02;1.112040e-01;1.637006e-01;5.799453e-02
1.064432e-01;1.310206e-01;1.713821e-01;1.685824e-02;6.027608e-02;1.356366e-01;3.278231e-02;1.982847e-02;2.371946e-02;8.804923e-02;1.695553e-01;4.444848e-02
5.361267e-02;1.237044e-01;1.805702e-01;4.403676e-02;5.196943e-02;1.501355e-01;3.072922e-02;1.896979e-02;2.277936e-02;9.068013e-02;1.950919e-01;3.772057e-02
5.265740e-02;6.974487e-02;2.155725e-01;4.614371e-02;3.407918e-02;1.667982e-01;2.862931e-02;2.202295e-02;2.993162e-02;7.948601e-02;2.203694e-01;3.456487e-02
7.507811e-02;4.783519e-02;2.331502e-01;3.047274e-02;3.253635e-02;1.570067e-01;3.852887e-02;2.734320e-02;2.621339e-02;6.322540e-02;2.346020e-01;3.400790e-02
7.632327e-02;5.642869e-02;2.749991e-01;1.549434e-02;3.675208e-02;1.459778e-01;4.435911e-02;1.256766e-02;2.053160e-02;4.861559e-02;2.394585e-01;2.849226e-02
4.395775e-02;4.773614e-02;2.579389e-01;1.990275e-02;4.945123e-02;1.540102e-01;6.375836e-02;2.992189e-02;2.616667e-02;5.231105e-02;2.203144e-01;3.453068e-02
5.411367e-02;3.784862e-02;2.059503e-01;1.728448e-02;4.903331e-02;1.798579e-01;7.155778e-02;3.707352e-02;4.771435e-02;5.255966e-02;1.982802e-01;4.872613e-02
