1.177573e-01;6.445312e-02;1.635665e-01;6.669902e-02;8.623314e-02;7.645532e-02;1.539130e-01;6.718533e-02;4.400471e-02;6.225820e-02;5.265538e-02;4.481895e-02
1.277637e-01;7.634105e-02;1.354809e-01;8.128679e-02;1.051569e-01;1.004895e-01;1.183322e-01;7.112229e-02;5.803367e-02;6.233099e-02;4.073063e-02;2.293135e-02
1.143588e-01;6.279556e-02;1.347117e-01;7.893015e-02;9.875686e-02;1.007766e-01;1.593184e-01;9.082650e-02;5.378767e-02;4.218385e-02;3.516909e-02;2.838479e-02
1.014024e-01;4.670750e-02;2.252999e-01;7.171555e-02;6.008059e-02;6.379588e-02;1.661424e-01;9.248314e-02;5.637363e-02;4.179401e-02;3.511553e-02;3.908939e-02
8.687151e-02;6.185346e-02;2.498649e-01;9.718322e-02;8.020692e-02;3.409060e-02;1.265135e-01;7.753286e-02;5.258756e-02;4.222163e-02;4.430499e-02;4.676892e-02
6.198907e-02;5.803930e-02;1.809272e-01;1.680705e-01;1.577878e-01;4.181620e-02;1.176819e-01;4.295576e-02;3.825418e-02;3.828777e-02;4.968876e-02;4.450156e-02
3.022620e-02;2.944463e-02;3.254693e-01;1.812790e-01;1.515986e-01;4.712963e-02;8.167794e-02;3.656456e-02;2.677977e-02;2.085676e-02;4.047701e-02;2.849664e-02
6.524750e-02;6.896896e-02;4.270197e-01;1.398534e-01;9.108292e-02;3.237782e-02;2.785883e-02;5.609805e-02;3.135570e-02;1.560446e-02;2.554576e-02;1.898686e-02
1.242913e-01;1.253964e-01;3.330020e-01;9.909958e-02;6.985797e-02;2.616482e-02;4.078848e-02;6.888976e-02;3.573504e-02;2.372896e-02;3.158375e-02;2.146185e-02
1.133877e-01;1.514319e-01;2.434623e-01;4.969280e-02;1.023230e-01;2.956438e-02;8.793452e-02;6.570932e-02;4.315050e-02;2.761698e-02;5.219307e-02;3.353356e-02
4.429949e-02;8.931977e-02;3.175120e-01;8.586759e-02;1.385584e-01;5.720722e-02;6.455182e-02;4.753417e-02;4.119657e-02;3.587719e-02;4.690642e-02;3.116928e-02
5.110407e-02;8.432741e-02;1.880832e-01;9.696355e-02;1.482583e-01;1.122986e-01;9.394748e-02;5.364749e-02;6.476442e-02;4.462475e-02;2.952436e-02;3.245644e-02
5.566647e-02;7.002009e-02;1.286604e-01;8.615907e-02;1.184326e-01;1.296191e-01;7.625917e-02;6.831552e-02;1.068119e-01;7.318208e-02;3.871106e-02;4.816251e-02
6.095198e-02;4.365476e-02;1.560346e-01;8.948608e-02;9.841996e-02;7.776964e-02;7.441594e-02;7.490924e-02;1.566624e-01;9.613501e-02;3.122191e-02;4.033848e-02
5.504557e-02;4.621293e-02;1.610532e-01;8.295742e-02;9.398837e-02;5.455199e-02;9.579705e-02;7.721630e-02;1.753420e-01;1.081800e-01;2.299312e-02;2.666204e-02
3.777346e-02;4.672819e-02;1.260834e-01;6.867264e-02;9.158654e-02;7.560762e-02;1.228875e-01;9.030372e-02;1.344504e-01;1.383415e-01;4.089684e-02;2.666824e-02
6.617447e-02;4.020182e-02;1.201011e-01;4.835606e-02;8.743979e-02;1.110379e-01;2.508667e-01;5.828430e-02;5.411751e-02;1.116647e-01;3.475178e-02;1.700385e-02
4.605319e-02;3.335384e-02;8.014113e-02;3.756773e-02;8.047446e-02;1.077741e-01;4.282920e-01;4.994786e-02;6.149037e-02;4.470723e-02;1.770074e-02;1.249733e-02
3.340957e-02;2.490030e-02;3.338408e-02;3.875027e-02;6.928590e-02;1.304644e-01;4.943173e-01;4.256915e-02;5.891823e-02;5.466877e-02;1.246832e-02;6.863706e-03
2.944988e-02;1.488963e-02;1.084303e-02;4.046318e-02;5.723962e-02;2.344288e-01;4.290329e-01;4.433589e-02;3.267352e-02;9.490599e-02;8.342245e-03;3.395391e-03
3.512920e-02;9.512257e-03;2.830796e-02;3.579265e-02;8.263140e-02;3.393933e-01;2.587140e-01;5.162527e-02;1.979591e-02;1.275018e-01;4.860918e-03;6.735292e-03
4.257796e-02;6.416636e-03;6.735931e-02;2.473563e-02;1.565312e-01;3.167439e-01;1.885988e-01;4.739058e-02;3.975457e-02;8.779327e-02;4.601914e-03;1.749624e-02
4.223256e-02;1.239734e-02;9.714551e-02;3.746663e-02;2.310491e-01;2.139443e-01;1.644268e-01;3.264762e-02;9.095853e-02;3.371552e-02;7.267216e-03;3.674899e-02
3.568205e-02;1.549638e-02;1.414276e-01;3.939123e-02;2.295681e-01;1.377340e-01;1.748471e-01;3.750452e-02;1.098900e-01;3.185111e-02;7.997327e-03;3.861058e-02
2.653166e-02;1.740009e-02;1.644080e-01;5.886824e-02;1.693508e-01;1.341595e-01;2.078546e-01;4.887644e-02;7.073948e-02;5.892977e-02;2.320510e-02;1.967633e-02
2.317616e-02;1.683656e-02;1.620340e-01;8.281370e-02;1.173541e-01;8.978036e-02;2.056274e-01;6.480391e-02;3.590839e-02;1.425906e-01;3.964108e-02;1.943367e-02
1.248406e-02;9.612717e-03;9.724364e-02;6.610557e-02;1.812565e-01;8.742049e-02;2.101241e-01;3.897355e-02;9.136340e-02;1.371689e-01;2.888292e-02;3.936407e-02
1.346360e-02;7.838652e-03;1.068305e-01;4.028552e-02;2.017509e-01;1.172498e-01;2.500154e-01;2.280782e-02;1.348715e-01;5.250017e-02;1.063374e-02;4.175227e-02
1.524029e-02;8.540043e-03;1.137617e-01;3.175982e-02;2.137044e-01;1.616936e-01;2.061124e-01;2.475424e-02;1.461285e-01;3.215557e-02;9.420443e-03;3.672900e-02
3.263852e-02;1.154650e-02;7.057486e-02;3.294991e-02;2.146761e-01;1.778858e-01;2.635800e-01;2.765630e-02;7.780169e-02;4.996053e-02;8.565175e-03;3.216457e-02
3.703236e-02;1.293953e-02;4.401068e-02;2.616884e-02;2.081369e-01;1.995538e-01;3.302162e-01;2.871398e-02;3.964780e-02;4.246716e-02;7.769476e-03;2.334323e-02
4.182960e-02;6.563323e-03;4.879322e-02;2.259332e-02;1.991511e-01;2.176622e-01;3.510733e-01;3.602319e-02;2.811165e-02;3.185791e-02;7.885522e-03;8.455729e-03
3.720825e-02;5.844828e-03;4.637918e-02;1.892504e-02;1.864814e-01;2.179109e-01;3.825269e-01;3.376604e-02;3.482891e-02;2.101491e-02;6.029264e-03;9.084374e-03
5.001775e-02;5.892976e-03;4.386297e-02;2.310214e-02;1.921772e-01;2.331036e-01;3.369727e-01;5.162049e-02;2.304668e-02;2.627286e-02;7.088368e-03;6.842327e-03
5.585289e-02;7.752068e-03;6.373243e-02;1.354465e-02;1.526522e-01;2.599326e-01;2.816834e-01;1.008527e-01;1.339499e-02;3.543210e-02;6.348365e-03;8.821608e-03
5.869004e-02;7.391097e-03;5.832504e-02;6.286953e-03;1.165322e-01;2.730117e-01;2.892383e-01;1.296264e-01;1.203321e-02;3.838398e-02;3.522734e-03;6.958233e-03
5.167444e-02;1.063864e-02;4.846310e-02;1.192686e-02;1.209578e-01;2.900212e-01;2.808960e-01;1.132341e-01;2.112804e-02;4.350070e-02;3.242062e-03;4.316985e-03
4.666105e-02;1.718646e-02;4.578610e-02;2.541024e-02;1.407256e-01;2.952899e-01;2.572810e-01;7.546285e-02;3.335769e-02;4.678396e-02;6.299679e-03;9.755354e-03
4.519992e-02;2.298106e-02;4.539692e-02;3.737128e-02;1.976537e-01;2.779210e-01;2.173715e-01;4.543128e-02;4.621107e-02;3.115017e-02;1.131775e-02;2.199432e-02
2.855050e-02;1.787126e-02;6.353322e-02;3.672289e-02;2.690507e-01;2.716076e-01;1.259297e-01;5.780362e-02;6.643608e-02;1.761865e-02;1.251262e-02;3.236317e-02
2.497272e-02;1.291968e-02;1.105354e-01;5.755127e-02;2.815235e-01;1.932702e-01;1.545189e-01;4.465212e-02;6.376370e-02;1.398883e-02;1.251223e-02;2.979148e-02
3.632766e-02;1.701954e-02;2.063844e-01;1.027033e-01;2.443145e-01;1.285393e-01;1.045449e-01;4.480968e-02;4.628126e-02;2.371041e-02;2.359449e-02;2.177051e-02
4.494444e-02;1.976872e-02;3.213462e-01;1.539616e-01;1.319981e-01;7.725412e-02;7.242341e-02;6.597409e-02;2.292557e-02;3.118918e-02;3.402646e-02;2.418805e-02
2.332914e-02;9.479006e-03;4.004650e-01;1.638011e-01;1.002893e-01;5.982881e-02;7.342674e-02;7.557099e-02;1.512334e-02;2.351993e-02;4.743804e-02;7.728573e-03
1.269881e-02;6.785163e-03;4.131660e-01;1.464984e-01;1.317056e-01;7.456263e-02;7.678892e-02;5.619592e-02;1.232219e-02;1.776030e-02;4.591415e-02;5.601907e-03
7.842472e-03;9.467351e-03;4.338169e-01;1.398224e-01;1.294066e-01;7.658505e-02;7.680131e-02;3.972233e-02;1.510724e-02;1.162817e-02;4.875828e-02;1.104191e-02
9.232852e-03;1.115310e-02;4.626138e-01;1.527886e-01;1.179481e-01;6.583053e-02;4.256221e-02;3.548347e-02;1.494250e-02;1.303605e-02;6.170435e-02;1.270452e-02
9.274954e-03;2.038100e-02;4.367187e-01;1.707118e-01;1.056503e-01;4.955647e-02;4.953286e-02;4.633922e-02;1.071932e-02;1.742495e-02;7.221808e-02;1.147224e-02
2.142135e-02;3.509169e-02;2.944802e-01;1.655947e-01;1.673566e-01;6.895377e-02;8.466119e-02;5.821939e-02;1.672730e-02;1.414681e-02;5.355109e-02;1.979585e-02
2.554002e-02;3.048389e-02;2.134116e-01;1.496775e-01;2.797956e-01;7.639439e-02;5.244692e-02;6.453328e-02;1.661019e-02;1.650359e-02;3.410810e-02;4.049485e-02
1.316982e-02;1.795533e-02;1.641370e-01;1.321837e-01;3.704668e-01;7.610754e-02;5.537478e-02;5.971722e-02;2.526683e-02;9.108489e-03;1.022601e-02;6.628644e-02
7.170371e-03;7.824805e-03;1.530549e-01;1.471374e-01;3.807852e-01;8.613221e-02;4.867782e-02;4.034134e-02;2.724561e-02;8.018002e-03;2.223217e-02;7.138014e-02
4.599003e-03;7.699713e-03;1.728976e-01;1.918159e-01;3.708340e-01;7.394808e-02;4.463202e-02;2.210635e-02;2.501217e-02;8.021667e-03;1.679735e-02;6.163614e-02
7.859554e-03;1.657864e-02;2.547874e-01;2.312604e-01;3.005233e-01;4.867308e-02;3.142114e-02;2.121340e-02;2.294876e-02;9.491787e-03;1.316972e-02;4.207285e-02
7.563912e-03;1.720783e-02;3.357613e-01;2.461457e-01;2.024650e-01;3.981558e-02;3.261127e-02;2.754469e-02;1.758732e-02;1.287923e-02;3.854878e-02;2.186933e-02
9.118380e-03;1.571823e-02;3.506436e-01;2.355437e-01;1.572931e-01;5.511639e-02;5.418864e-02;3.291903e-02;1.731231e-02;1.195350e-02;5.372095e-02;6.472242e-03
8.666443e-03;1.187364e-02;3.753773e-01;2.157580e-01;1.523870e-01;6.412435e-02;4.932337e-02;3.186676e-02;1.139140e-02;1.125277e-02;6.120271e-02;6.776200e-03
1.171372e-02;1.034305e-02;4.498863e-01;1.899431e-01;1.296542e-01;5.168445e-02;2.372554e-02;3.021852e-02;6.877244e-03;1.057738e-02;7.460783e-02;1.076862e-02
1.186151e-02;1.008871e-02;4.601258e-01;2.071380e-01;1.021631e-01;3.647742e-02;1.448824e-02;3.743625e-02;1.013184e-02;1.661202e-02;7.952578e-02;1.395138e-02
1.885625e-02;2.752301e-02;4.261443e-01;2.251235e-01;9.227095e-02;2.464668e-02;1.944039e-02;2.909520e-02;1.450021e-02;1.996888e-02;8.989557e-02;1.253509e-02
2.500521e-02;4.019709e-02;3.409235e-01;1.948068e-01;1.165954e-01;3.856520e-02;4.610658e-02;3.353518e-02;1.631540e-02;2.728164e-02;1.076739e-01;1.299418e-02
2.026920e-02;4.208982e-02;2.727881e-01;2.550484e-01;1.434824e-01;4.183496e-02;3.635320e-02;3.009978e-02;1.146456e-02;2.297564e-02;1.109916e-01;1.260232e-02
1.460267e-02;4.395417e-02;2.359739e-01;3.086595e-01;1.503648e-01;3.220867e-02;3.466630e-02;2.431475e-02;8.855961e-03;1.134439e-02;1.206261e-01;1.442875e-02
8.307305e-03;3.719252e-02;3.034614e-01;2.930101e-01;1.378961e-01;2.933488e-02;1.278505e-02;2.738136e-02;1.528290e-02;1.249923e-02;1.065740e-01;1.627510e-02
1.627791e-02;4.524925e-02;3.397804e-01;2.254780e-01;1.376944e-01;3.800929e-02;4.407717e-02;2.580555e-02;1.908449e-02;1.851606e-02;7.306659e-02;1.696087e-02
4.000780e-02;7.479355e-02;3.042866e-01;1.644111e-01;1.368586e-01;4.036400e-02;8.304939e-02;2.171455e-02;2.322199e-02;3.201313e-02;6.055060e-02;1.872875e-02
7.429984e-02;1.369127e-01;1.696752e-01;1.055670e-01;1.419652e-01;2.396660e-02;1.076853e-01;3.259715e-02;4.724490e-02;5.272176e-02;8.539967e-02;2.196465e-02
6.057750e-02;1.068171e-01;3.379432e-01;9.810030e-02;9.323924e-02;2.598854e-02;5.745415e-02;2.829393e-02;5.380641e-02;6.640258e-02;5.089637e-02;2.048061e-02
5.450088e-02;6.400312e-02;5.026305e-01;1.056078e-01;5.389835e-02;1.147562e-02;4.798310e-02;2.033148e-02;4.139797e-02;4.380907e-02;3.929597e-02;1.506611e-02
5.641613e-02;2.963938e-02;5.698917e-01;7.408024e-02;3.963782e-02;4.496591e-03;4.414005e-02;2.602530e-02;6.725827e-02;3.927501e-02;3.418159e-02;1.495796e-02
6.810928e-02;1.288322e-02;5.900384e-01;5.593189e-02;4.468184e-02;1.027118e-02;4.295826e-02;2.575312e-02;7.900015e-02;4.310372e-02;1.546119e-02;1.180776e-02
6.894764e-02;1.214779e-02;5.765582e-01;8.902995e-02;4.604170e-02;1.222898e-02;3.903410e-02;1.861151e-02;7.776907e-02;4.002318e-02;1.158495e-02;8.022883e-03
7.181013e-02;5.535718e-02;5.235842e-01;8.979741e-02;4.139728e-02;1.411117e-02;4.598351e-02;1.318667e-02;6.434316e-02;4.536872e-02;2.945166e-02;5.608931e-03
9.625321e-02;1.043118e-01;4.282407e-01;7.625049e-02;5.257256e-02;1.791963e-02;5.531750e-02;1.238039e-02;6.585335e-02;4.043142e-02;4.121241e-02;9.256532e-03
1.115856e-01;1.082023e-01;3.698070e-01;9.990643e-02;6.662979e-02;1.637563e-02;5.759336e-02;1.696341e-02;6.771567e-02;2.802555e-02;4.346498e-02;1.373025e-02
7.371930e-02;7.258891e-02;4.160559e-01;1.103144e-01;6.956550e-02;2.125465e-02;6.589598e-02;1.894847e-02;6.247999e-02;3.387633e-02;3.969489e-02;1.560566e-02
4.737365e-02;2.830024e-02;4.294296e-01;8.286444e-02;6.387882e-02;2.640632e-02;7.189684e-02;3.553250e-02;8.720750e-02;6.238835e-02;3.515836e-02;2.956339e-02
5.093746e-02;4.438946e-02;4.383552e-01;1.019305e-01;6.011155e-02;2.206076e-02;5.044534e-02;4.164327e-02;6.018427e-02;5.622529e-02;3.966822e-02;3.404870e-02
6.272420e-02;5.605997e-02;3.239673e-01;1.291882e-01;6.762587e-02;2.685646e-02;4.550270e-02;6.274909e-02;1.002180e-01;5.620094e-02;3.687812e-02;3.202919e-02
7.800351e-02;1.204799e-01;3.427200e-01;1.028344e-01;4.230537e-02;2.538831e-02;2.942173e-02;6.236615e-02;7.137495e-02;7.605604e-02;2.434776e-02;2.470190e-02
5.017610e-02;1.197203e-01;5.536737e-01;4.980552e-02;2.981163e-02;2.194372e-02;2.748113e-02;3.093602e-02;2.963854e-02;6.355175e-02;6.874574e-03;1.638690e-02
3.327268e-02;1.279293e-01;6.093611e-01;4.053503e-02;2.842920e-02;1.486519e-02;2.119365e-02;1.638690e-02;3.702881e-02;4.577412e-02;6.650765e-03;1.857335e-02
6.449253e-02;1.457407e-01;5.735530e-01;4.569465e-02;2.139836e-02;1.198186e-02;1.921165e-02;1.347304e-02;3.666741e-02;3.262870e-02;8.650261e-03;2.650784e-02
9.512220e-02;1.575842e-01;5.118533e-01;3.679282e-02;2.374999e-02;1.375018e-02;3.054647e-02;2.103581e-02;3.443094e-02;2.878139e-02;1.461348e-02;3.173923e-02
8.023997e-02;1.168892e-01;4.800502e-01;4.382762e-02;4.156711e-02;2.427042e-02;4.124205e-02;2.916579e-02;4.874887e-02;3.846743e-02;2.602258e-02;2.950873e-02
4.501566e-02;3.684070e-02;4.587536e-01;6.584074e-02;5.927463e-02;3.293507e-02;7.948907e-02;4.651873e-02;7.572003e-02;4.812813e-02;2.319847e-02;2.828511e-02
7.009263e-02;8.465172e-02;3.820249e-01;8.190734e-02;5.829441e-02;3.398696e-02;9.009137e-02;3.991839e-02;5.331916e-02;4.450060e-02;3.065977e-02;3.055281e-02
1.013201e-01;7.814626e-02;4.339538e-01;6.634855e-02;4.582703e-02;3.430367e-02;7.406398e-02;3.859494e-02;2.238692e-02;3.506447e-02;3.679754e-02;3.319282e-02
6.320998e-02;9.843844e-02;3.874344e-01;4.386539e-02;5.943418e-02;5.878162e-02;6.828563e-02;5.079405e-02;5.468208e-02;6.706718e-02;2.885498e-02;1.915202e-02
4.083144e-02;1.301100e-01;2.890718e-01;3.955736e-02;8.358134e-02;8.752133e-02;6.521595e-02;5.776358e-02;7.240228e-02;9.570862e-02;1.691708e-02;2.131923e-02
5.610679e-02;1.349985e-01;2.602341e-01;3.356285e-02;8.908830e-02;9.518270e-02;6.967806e-02;5.252448e-02;6.553151e-02;1.066497e-01;1.218692e-02;2.425606e-02
6.488033e-02;1.177132e-01;2.977463e-01;4.342308e-02;7.470930e-02;7.032125e-02;6.146898e-02;5.213355e-02;7.677034e-02;9.616869e-02;2.696599e-02;1.769895e-02
1.004856e-01;6.147718e-02;2.452061e-01;6.135721e-02;7.461679e-02;6.819747e-02;1.087636e-01;3.150192e-02;9.024312e-02;8.406336e-02;3.407802e-02;4.000977e-02
4.961336e-02;5.817803e-02;2.419402e-01;1.172485e-01;1.058112e-01;7.042126e-02;1.416964e-01;3.020665e-02;5.309061e-02;6.151578e-02;4.553644e-02;2.474153e-02
3.243672e-02;4.732117e-02;3.039978e-01;1.414903e-01;9.547285e-02;6.417997e-02;1.135719e-01;2.590611e-02;5.693660e-02;5.059247e-02;5.251538e-02;1.557870e-02
3.043201e-02;1.905948e-02;4.142723e-01;1.542401e-01;7.072702e-02;4.477425e-02;6.529991e-02;1.479356e-02;6.804685e-02;5.151044e-02;5.988104e-02;6.963016e-03
6.186312e-02;5.445221e-02;4.691536e-01;1.213230e-01;3.005184e-02;2.095175e-02;4.396027e-02;9.135094e-03;7.018795e-02;5.620736e-02;5.583094e-02;6.882818e-03
9.573996e-02;9.037906e-02;4.493186e-01;8.625356e-02;2.584018e-02;1.406905e-02;7.364409e-02;1.667438e-02;4.987898e-02;4.801333e-02;4.114339e-02;9.045391e-03
7.160126e-02;7.554694e-02;5.267081e-01;6.524985e-02;2.933713e-02;1.809213e-02;8.381124e-02;1.815171e-02;2.423584e-02;4.623794e-02;3.181990e-02;9.207968e-03
5.376592e-02;2.602173e-02;6.095021e-01;6.331605e-02;2.845517e-02;1.776343e-02;7.021812e-02;1.271258e-02;2.752399e-02;5.723053e-02;2.891948e-02;4.570901e-03
3.831724e-02;3.118490e-02;6.121113e-01;6.305730e-02;5.075183e-02;2.427408e-02;4.723990e-02;1.584504e-02;3.215468e-02;5.941325e-02;1.936620e-02;6.284275e-03
3.411786e-02;4.424793e-02;6.084855e-01;8.471425e-02;4.595441e-02;1.557986e-02;3.333017e-02;1.375731e-02;3.197755e-02;7.177770e-02;1.208598e-02;3.971494e-03
3.412253e-02;3.924709e-02;5.517653e-01;1.264427e-01;5.098859e-02;1.477185e-02;2.973508e-02;9.184621e-03;5.070796e-02;6.773387e-02;2.043996e-02;4.860443e-03
3.272121e-02;1.944773e-02;5.270484e-01;1.574991e-01;4.715319e-02;1.194590e-02;3.069582e-02;5.146108e-03;6.584442e-02;5.636858e-02;3.914151e-02;6.988052e-03
2.360818e-02;8.773357e-03;5.211322e-01;1.766027e-01;4.232355e-02;1.090728e-02;2.263797e-02;6.070454e-03;7.667647e-02;4.754013e-02;5.801447e-02;5.713221e-03
2.874559e-02;2.789774e-02;4.808188e-01;1.548818e-01;6.011197e-02;2.185481e-02;2.739812e-02;8.151599e-03;8.050177e-02;4.188306e-02;6.143076e-02;6.323960e-03
6.183533e-02;7.045258e-02;4.228179e-01;1.230193e-01;6.127940e-02;2.182615e-02;3.393141e-02;1.074724e-02;7.713813e-02;4.761500e-02;5.459819e-02;1.473940e-02
8.193748e-02;1.147009e-01;4.062644e-01;1.043501e-01;4.105931e-02;2.378931e-02;3.110516e-02;2.111989e-02;5.840258e-02;4.067441e-02;4.947821e-02;2.711829e-02
6.651782e-02;1.002991e-01;3.742615e-01;1.327706e-01;4.856249e-02;3.971484e-02;4.049508e-02;3.187349e-02;4.479893e-02;3.868891e-02;4.691627e-02;3.510097e-02
4.969979e-02;8.808986e-02;3.724721e-01;1.454049e-01;4.394436e-02;5.370704e-02;4.510153e-02;2.999000e-02;4.977527e-02;5.673169e-02;4.076339e-02;2.432005e-02
9.351461e-02;5.815338e-02;3.538971e-01;1.005998e-01;5.248626e-02;7.135096e-02;3.849730e-02;2.413405e-02;6.260964e-02;8.075695e-02;3.888100e-02;2.511897e-02
1.257641e-01;5.131444e-02;3.139378e-01;9.244952e-02;6.348547e-02;5.087069e-02;4.828694e-02;2.602054e-02;8.226841e-02;5.841595e-02;5.200127e-02;3.518479e-02
1.350783e-01;4.909455e-02;2.790030e-01;9.312010e-02;6.282562e-02;6.104957e-02;6.211054e-02;4.262276e-02;6.873000e-02;4.400314e-02;6.698757e-02;3.537485e-02
1.540709e-01;3.680235e-02;2.388920e-01;5.361989e-02;5.011538e-02;9.597932e-02;6.515854e-02;5.861906e-02;8.420850e-02;5.159633e-02;6.738191e-02;4.355579e-02
1.554585e-01;3.240991e-02;2.081906e-01;3.864520e-02;6.431647e-02;7.435937e-02;8.439381e-02;6.929559e-02;8.968773e-02;6.342743e-02;7.460722e-02;4.520820e-02
1.125373e-01;3.458073e-02;2.417953e-01;5.205235e-02;6.707017e-02;5.172317e-02;7.930987e-02;6.979084e-02;9.698219e-02;8.695837e-02;6.757379e-02;3.962594e-02
6.387704e-02;6.723110e-02;2.851207e-01;7.510512e-02;4.574243e-02;4.691255e-02;5.095985e-02;5.457233e-02;7.670202e-02;1.229467e-01;7.177028e-02;3.905987e-02
5.391093e-02;5.375417e-02;2.425837e-01;8.302639e-02;4.512325e-02;5.136929e-02;6.817906e-02;7.468937e-02;9.633738e-02;1.130700e-01;6.302569e-02;5.493075e-02
6.492461e-02;7.259223e-02;1.746946e-01;9.650078e-02;6.068609e-02;5.127455e-02;9.817826e-02;7.038766e-02;1.019686e-01;9.310570e-02;4.731296e-02;6.837399e-02
5.804292e-02;9.270687e-02;1.472138e-01;1.179607e-01;9.196802e-02;4.623569e-02;1.391410e-01;3.637718e-02;8.178266e-02;6.971295e-02;5.015060e-02;6.870755e-02
4.515172e-02;5.225202e-02;1.820390e-01;1.306631e-01;8.345161e-02;6.877166e-02;1.489084e-01;6.489510e-02;6.254417e-02;5.984497e-02;4.710952e-02;5.436875e-02
7.202638e-02;4.179687e-02;2.230219e-01;1.204195e-01;4.586172e-02;6.636108e-02;1.510322e-01;6.556977e-02;7.199173e-02;6.693665e-02;5.392026e-02;2.106186e-02
1.099168e-01;6.832767e-02;1.984855e-01;7.593778e-02;7.003038e-02;6.691223e-02;1.907587e-01;6.159090e-02;2.999954e-02;4.059900e-02;4.706184e-02;4.037960e-02
1.581722e-01;9.176059e-02;2.054637e-01;5.067252e-02;6.912739e-02;5.499904e-02;1.544387e-01;6.716659e-02;2.604711e-02;3.742652e-02;4.440155e-02;4.032404e-02
2.378923e-01;1.172876e-01;1.665520e-01;4.265830e-02;6.526306e-02;3.811400e-02;8.315704e-02;9.657446e-02;3.328798e-02;3.941473e-02;4.399201e-02;3.580657e-02
3.128024e-01;1.085900e-01;8.833690e-02;3.168593e-02;7.254726e-02;2.601729e-02;1.008008e-01;1.451598e-01;2.132388e-02;2.352002e-02;3.540927e-02;3.380648e-02
2.974645e-01;6.353903e-02;5.299969e-02;4.757499e-02;7.527570e-02;2.099723e-02;1.400446e-01;1.903925e-01;2.290975e-02;1.337533e-02;2.010489e-02;5.532183e-02
2.131850e-01;1.700144e-02;3.272459e-02;1.121498e-01;4.842605e-02;2.062709e-02;2.326794e-01;1.868526e-01;2.036237e-02;1.918129e-02;1.598686e-02;8.082356e-02
1.734627e-01;2.696344e-02;3.663665e-02;1.484964e-01;2.087362e-02;2.230514e-02;2.830511e-01;1.434859e-01;1.392269e-02;2.364408e-02;1.529128e-02;9.186693e-02
1.278449e-01;2.517753e-02;2.714351e-02;1.808970e-01;1.066332e-02;1.907070e-02;3.265247e-01;1.342957e-01;9.559561e-03;2.914395e-02;1.540338e-02;9.427565e-02
5.944726e-02;1.731736e-02;1.020377e-02;2.182729e-01;1.916965e-02;1.670245e-02;3.862254e-01;1.328626e-01;8.556841e-03;2.748149e-02;1.609209e-02;8.766817e-02
3.266207e-02;1.405873e-02;1.369596e-02;2.262162e-01;4.016761e-02;1.479134e-02;4.194562e-01;1.244004e-01;5.828279e-03;2.483448e-02;9.924538e-03;7.396417e-02
4.067024e-02;1.383400e-02;1.503153e-02;2.061907e-01;3.040861e-02;1.495788e-02;4.461094e-01;1.119255e-01;5.597672e-03;2.704672e-02;1.238773e-02;7.584009e-02
2.840648e-02;1.290054e-02;1.408804e-02;1.742931e-01;1.195263e-02;2.970336e-02;4.852833e-01;9.096257e-02;1.131751e-02;4.582193e-02;1.173984e-02;8.353069e-02
1.913975e-02;1.398872e-02;1.022941e-02;1.333994e-01;9.287175e-03;3.937963e-02;5.009611e-01;8.032838e-02;1.096155e-02;7.997036e-02;1.564824e-02;8.670631e-02
3.774337e-02;2.254515e-02;1.404573e-02;8.985552e-02;1.027317e-02;5.143672e-02;4.858766e-01;6.024436e-02;8.275910e-03;9.997136e-02;2.440719e-02;9.532493e-02
6.074380e-02;3.517245e-02;9.049923e-03;7.282716e-02;1.295592e-02;6.517150e-02;4.624036e-01;2.665380e-02;1.409525e-02;8.564953e-02;3.530020e-02;1.199769e-01
7.549833e-02;4.046532e-02;1.961346e-02;1.050145e-01;1.340124e-02;6.268327e-02;4.107377e-01;1.753659e-02;1.757816e-02;5.907356e-02;4.060312e-02;1.377948e-01
8.674701e-02;5.519786e-02;4.826241e-02;1.044599e-01;2.109833e-02;5.200658e-02;3.698897e-01;2.859957e-02;1.953727e-02;5.616030e-02;5.019519e-02;1.078459e-01
8.551024e-02;6.742916e-02;9.599188e-02;6.623272e-02;3.585883e-02;4.396468e-02;3.530819e-01;4.686337e-02;1.616171e-02;7.982773e-02;4.580434e-02;6.327341e-02
1.362997e-01;6.710275e-02;8.296771e-02;4.701162e-02;3.564027e-02;3.928268e-02;3.382717e-01;6.301261e-02;1.239628e-02;7.126041e-02;3.892985e-02;6.782430e-02
1.638077e-01;4.984742e-02;5.529582e-02;8.155990e-02;2.089340e-02;5.047591e-02;2.740203e-01;7.346200e-02;1.701494e-02;5.850791e-02;5.000959e-02;1.051050e-01
1.777266e-01;4.483384e-02;3.986229e-02;1.569779e-01;2.007811e-02;4.887842e-02;1.505736e-01;6.937190e-02;2.143566e-02;5.439042e-02;6.885631e-02;1.470150e-01
1.208418e-01;4.443687e-02;6.625073e-02;1.613383e-01;2.409428e-02;3.544303e-02;1.564428e-01;6.858068e-02;2.685902e-02;6.289114e-02;7.609207e-02;1.567293e-01
3.469468e-02;4.623111e-02;6.086500e-02;1.008692e-01;2.658972e-02;3.963131e-02;2.266103e-01;9.032570e-02;2.894430e-02;8.167391e-02;7.710605e-02;1.864587e-01
7.684641e-02;4.532359e-02;6.816157e-02;6.251530e-02;2.364695e-02;4.607693e-02;2.691946e-01;8.800688e-02;1.566374e-02;6.724996e-02;8.400890e-02;1.533051e-01
7.819325e-02;3.256275e-02;9.960327e-02;9.439918e-02;2.514928e-02;4.944948e-02;2.674568e-01;8.285733e-02;1.247619e-02;5.968845e-02;8.652940e-02;1.116345e-01
6.330267e-02;2.838081e-02;1.128030e-01;7.658997e-02;2.095404e-02;5.816557e-02;2.757260e-01;7.375592e-02;2.028034e-02;6.743824e-02;1.044045e-01;9.819894e-02
6.719736e-02;3.345388e-02;1.211597e-01;7.656372e-02;2.549101e-02;5.969322e-02;1.957161e-01;7.075922e-02;2.628400e-02;7.026719e-02;1.258598e-01;1.275549e-01
7.724949e-02;4.174754e-02;9.835403e-02;8.103007e-02;3.684705e-02;5.329793e-02;1.118326e-01;8.026581e-02;3.360434e-02;9.347767e-02;1.208109e-01;1.714825e-01
6.834752e-02;4.905254e-02;7.285780e-02;7.596714e-02;5.394159e-02;4.672373e-02;1.334729e-01;7.610790e-02;4.075307e-02;1.101984e-01;1.026967e-01;1.698807e-01
5.920020e-02;4.837722e-02;6.945264e-02;5.194163e-02;4.257236e-02;2.900647e-02;2.435299e-01;6.346737e-02;4.382999e-02;9.804207e-02;9.167744e-02;1.589026e-01
4.591256e-02;3.779521e-02;4.574890e-02;3.598680e-02;2.701130e-02;6.009669e-02;3.449372e-01;6.313641e-02;4.530088e-02;8.376660e-02;6.464034e-02;1.456671e-01
6.226730e-02;5.750126e-02;5.184940e-02;5.196829e-02;2.920845e-02;5.312412e-02;3.553967e-01;7.358082e-02;4.845426e-02;6.651326e-02;2.735426e-02;1.227820e-01
7.084771e-02;6.821954e-02;3.406913e-02;5.499554e-02;3.276471e-02;3.485891e-02;3.253104e-01;6.780048e-02;4.279172e-02;9.862783e-02;6.039465e-02;1.093194e-01
6.336644e-02;5.946726e-02;6.760250e-02;5.931151e-02;3.843863e-02;3.458951e-02;2.592085e-01;5.803439e-02;4.417843e-02;1.205063e-01;9.088598e-02;1.044105e-01
9.425747e-02;6.311181e-02;9.413432e-02;4.700955e-02;5.542046e-02;5.259698e-02;1.785637e-01;5.376183e-02;6.801017e-02;1.243650e-01;7.240013e-02;9.636854e-02
9.072042e-02;7.778654e-02;1.132141e-01;5.722533e-02;5.293657e-02;6.651361e-02;1.529647e-01;4.676731e-02;8.631857e-02;1.121654e-01;6.132779e-02;8.205971e-02
8.826091e-02;5.926156e-02;1.197073e-01;7.860205e-02;5.087955e-02;5.968783e-02;1.557489e-01;4.799929e-02;1.062573e-01;9.466706e-02;5.063114e-02;8.829719e-02
1.072891e-01;7.938816e-02;1.287095e-01;7.012859e-02;6.122752e-02;2.764521e-02;1.250836e-01;6.941145e-02;1.200979e-01;8.878317e-02;5.992989e-02;6.230590e-02
7.765998e-02;8.943801e-02;1.348504e-01;5.315929e-02;5.365144e-02;2.536811e-02;1.575218e-01;7.736018e-02;1.127213e-01;8.959436e-02;7.203044e-02;5.664466e-02
5.182850e-02;8.468033e-02;1.147451e-01;5.046466e-02;6.738947e-02;4.687912e-02;2.085628e-01;6.034926e-02;8.781270e-02;1.046418e-01;5.664712e-02;6.599914e-02
6.510707e-02;7.770395e-02;1.043151e-01;5.836512e-02;8.899370e-02;5.915535e-02;2.268673e-01;4.178219e-02;5.864066e-02;1.132369e-01;5.656603e-02;4.926670e-02
4.309267e-02;6.632114e-02;1.368259e-01;9.859607e-02;9.360082e-02;5.094146e-02;2.338913e-01;6.319612e-02;4.049416e-02;8.964617e-02;5.370232e-02;2.969177e-02
7.208323e-02;8.724102e-02;1.238613e-01;7.964088e-02;6.238462e-02;4.923682e-02;2.044449e-01;7.439291e-02;5.385133e-02;9.528013e-02;4.329352e-02;5.428936e-02
1.189604e-01;7.867350e-02;1.225386e-01;6.868388e-02;5.069679e-02;5.638859e-02;1.789716e-01;5.920610e-02;4.755013e-02;1.133307e-01;4.569454e-02;5.930512e-02
1.099678e-01;9.216668e-02;1.379771e-01;1.084106e-01;8.439142e-02;5.311418e-02;9.959807e-02;4.399344e-02;5.837491e-02;1.031324e-01;4.607355e-02;6.279993e-02
5.607149e-02;1.059968e-01;1.703833e-01;1.077601e-01;8.954816e-02;3.705492e-02;9.838817e-02;5.175855e-02;6.907190e-02;1.135780e-01;4.064900e-02;5.973956e-02
9.341428e-02;8.698349e-02;2.047194e-01;7.690780e-02;6.720775e-02;4.479994e-02;7.415702e-02;6.405725e-02;7.155488e-02;1.287290e-01;3.304837e-02;5.442077e-02
9.593722e-02;8.444995e-02;2.005709e-01;5.495692e-02;5.058043e-02;7.571159e-02;1.069170e-01;5.327325e-02;6.972226e-02;1.379104e-01;2.590555e-02;4.406448e-02
4.755629e-02;5.977457e-02;1.559900e-01;3.894868e-02;7.170644e-02;9.339672e-02;1.649778e-01;4.471486e-02;9.753740e-02;1.580855e-01;2.963595e-02;3.767569e-02
4.007028e-02;5.152589e-02;1.130655e-01;4.526401e-02;6.746137e-02;6.262875e-02;1.898413e-01;6.899969e-02;1.500125e-01;1.311556e-01;3.875154e-02;4.122349e-02
9.921562e-02;1.176827e-01;7.825819e-02;4.632559e-02;8.201939e-02;5.242506e-02;1.314752e-01;4.428094e-02;1.660541e-01;9.499615e-02;3.462401e-02;5.264316e-02
1.087674e-01;1.380771e-01;1.342985e-01;6.068728e-02;8.102059e-02;5.702084e-02;1.085295e-01;3.172201e-02;1.445510e-01;5.749535e-02;3.082971e-02;4.700085e-02
8.037710e-02;1.091884e-01;1.902110e-01;6.686897e-02;9.852953e-02;4.043176e-02;8.225097e-02;4.258189e-02;1.563565e-01;4.934335e-02;3.886982e-02;4.499072e-02
6.069649e-02;7.780021e-02;1.726929e-01;6.130578e-02;8.856803e-02;3.520571e-02;1.077136e-01;6.954191e-02;1.249259e-01;8.905824e-02;4.855945e-02;6.393185e-02
1.405948e-01;1.121577e-01;1.582339e-01;5.936188e-02;7.057887e-02;4.028542e-02;1.230732e-01;4.868319e-02;4.419385e-02;8.581587e-02;6.057106e-02;5.645030e-02
1.875639e-01;1.322533e-01;2.174390e-01;5.297375e-02;4.990670e-02;4.225418e-02;1.085400e-01;3.296407e-02;3.008300e-02;4.936739e-02;4.273097e-02;5.392365e-02
2.152923e-01;1.174494e-01;1.837021e-01;5.196385e-02;4.476163e-02;3.356595e-02;1.361852e-01;3.596011e-02;2.762596e-02;4.689183e-02;3.277895e-02;7.382275e-02
2.210016e-01;1.016602e-01;1.098840e-01;5.314936e-02;3.095227e-02;1.875757e-02;1.863756e-01;3.858054e-02;2.749667e-02;5.722862e-02;3.548010e-02;1.194334e-01
1.567723e-01;8.061118e-02;5.054540e-02;5.947932e-02;1.823803e-02;2.016810e-02;2.462669e-01;3.750934e-02;2.508542e-02;7.079131e-02;4.407276e-02;1.904598e-01
1.540200e-01;7.555027e-02;5.864416e-02;5.576856e-02;1.905894e-02;1.847629e-02;2.306786e-01;5.144500e-02;2.242936e-02;5.978577e-02;4.870259e-02;2.054405e-01
1.109837e-01;7.678154e-02;5.289871e-02;4.988667e-02;2.241206e-02;2.545024e-02;2.410909e-01;4.738024e-02;1.817533e-02;7.480679e-02;6.021798e-02;2.199158e-01
1.521193e-01;7.768885e-02;5.293132e-02;4.011268e-02;2.372851e-02;3.157667e-02;2.120942e-01;5.100480e-02;3.113716e-02;7.302605e-02;6.934746e-02;1.852331e-01
1.531292e-01;7.191469e-02;9.524905e-02;3.550074e-02;3.286411e-02;5.128897e-02;1.332978e-01;5.352370e-02;8.649206e-02;6.191052e-02;8.788807e-02;1.369410e-01
5.386559e-02;5.730353e-02;1.170732e-01;2.893795e-02;3.601163e-02;6.682261e-02;1.245650e-01;5.040655e-02;1.893269e-01;7.734782e-02;1.025780e-01;9.576120e-02
9.963766e-02;5.489542e-02;7.362640e-02;3.316475e-02;3.043701e-02;6.558988e-02;1.337261e-01;8.525951e-02;1.836050e-01;7.447189e-02;8.892429e-02;7.666206e-02
1.198018e-01;4.591703e-02;3.992708e-02;3.683175e-02;3.838441e-02;6.616232e-02;1.314091e-01;1.154597e-01;1.427055e-01;9.114008e-02;8.713701e-02;8.512419e-02
8.986924e-02;4.752347e-02;5.239520e-02;4.890782e-02;5.027757e-02;5.393653e-02;1.538473e-01;1.023108e-01;1.386332e-01;1.099046e-01;7.309306e-02;7.930110e-02
8.831112e-02;6.031432e-02;6.723820e-02;4.686487e-02;5.292344e-02;6.228628e-02;1.339134e-01;9.656796e-02;1.292520e-01;1.288003e-01;5.183703e-02;8.169107e-02
7.341641e-02;8.371236e-02;6.353384e-02;2.905054e-02;5.447432e-02;6.963422e-02;1.347703e-01;9.226293e-02;1.285293e-01;1.413703e-01;6.056798e-02;6.867752e-02
6.147180e-02;1.182714e-01;5.753672e-02;1.987542e-02;6.302437e-02;6.020195e-02;1.629315e-01;8.333768e-02;1.341545e-01;1.293496e-01;5.639915e-02;5.344578e-02
8.177873e-02;1.024423e-01;6.907143e-02;3.548415e-02;6.910993e-02;5.588808e-02;1.724826e-01;5.765033e-02;1.466731e-01;9.755109e-02;5.688358e-02;5.498471e-02
9.657326e-02;5.983502e-02;1.085954e-01;3.656581e-02;5.830704e-02;9.077596e-02;1.711102e-01;3.907749e-02;1.038574e-01;6.631111e-02;9.230468e-02;7.668663e-02
1.121430e-01;5.866031e-02;1.037581e-01;2.767485e-02;3.200331e-02;1.079291e-01;1.810189e-01;3.526585e-02;6.966186e-02;4.586753e-02;1.137357e-01;1.122816e-01
1.101800e-01;5.298567e-02;1.341402e-01;2.852663e-02;2.898464e-02;9.272136e-02;1.440572e-01;3.724207e-02;6.278437e-02;5.118720e-02;1.265458e-01;1.306450e-01
5.080265e-02;3.204161e-02;1.631959e-01;2.409810e-02;3.777518e-02;8.860715e-02;1.654260e-01;5.088417e-02;5.487091e-02;6.525826e-02;1.474123e-01;1.196278e-01
5.692278e-02;1.942289e-02;1.741919e-01;2.574692e-02;4.468642e-02;1.088059e-01;1.641552e-01;3.882893e-02;6.334081e-02;6.523003e-02;1.574028e-01;8.126549e-02
5.481498e-02;2.404615e-02;1.652358e-01;1.978556e-02;5.517736e-02;1.513699e-01;1.431515e-01;2.812375e-02;6.200497e-02;7.657705e-02;1.603132e-01;5.939974e-02
6.503495e-02;4.410235e-02;1.468964e-01;2.432921e-02;4.427697e-02;1.791068e-01;8.845494e-02;4.076827e-02;4.515845e-02;7.635185e-02;1.730696e-01;7.245019e-02
7.165475e-02;4.110741e-02;1.323040e-01;2.152787e-02;4.583644e-02;1.912050e-01;8.849502e-02;3.571239e-02;4.064372e-02;6.445049e-02;1.905487e-01;7.651411e-02
5.351753e-02;1.959250e-02;1.504271e-01;3.307422e-02;4.329338e-02;2.127971e-01;9.300239e-02;2.861979e-02;4.475925e-02;5.811970e-02;2.101722e-01;5.262485e-02
3.947295e-02;2.725493e-02;1.842030e-01;3.882233e-02;4.257644e-02;2.073241e-01;9.018281e-02;2.514606e-02;4.840971e-02;7.136779e-02;1.930602e-01;3.217968e-02
5.493943e-02;3.429719e-02;1.812908e-01;3.131644e-02;3.548791e-02;2.120975e-01;1.168945e-01;2.703415e-02;4.006822e-02;4.916472e-02;1.845698e-01;3.283939e-02
4.713943e-02;4.093492e-02;1.642665e-01;2.707238e-02;3.026535e-02;2.261604e-01;1.464964e-01;2.515456e-02;3.786940e-02;3.959329e-02;1.815456e-01;3.350181e-02
3.131308e-02;3.151282e-02;1.354049e-01;2.797391e-02;4.231157e-02;2.622807e-01;1.361929e-01;2.541669e-02;4.661090e-02;4.021328e-02;1.938837e-01;2.688556e-02
3.476206e-02;2.766042e-02;1.205480e-01;2.360244e-02;5.875465e-02;2.717229e-01;8.321587e-02;4.518968e-02;4.200527e-02;6.096948e-02;2.006033e-01;3.096586e-02
3.722281e-02;3.860440e-02;1.220672e-01;3.150950e-02;6.894620e-02;2.701567e-01;5.565173e-02;4.879135e-02;3.600550e-02;7.028018e-02;1.946853e-01;2.607909e-02
3.554589e-02;6.614736e-02;1.282061e-01;3.746376e-02;1.005466e-01;2.359149e-01;4.859744e-02;3.603534e-02;3.645045e-02;7.639002e-02;1.696505e-01;2.905169e-02
4.355229e-02;6.285578e-02;9.527405e-02;4.833581e-02;1.176883e-01;2.225004e-01;8.099405e-02;3.021900e-02;3.668560e-02;8.290337e-02;1.463218e-01;3.266956e-02
4.230786e-02;7.665485e-02;1.258625e-01;4.986384e-02;8.326421e-02;2.100189e-01;8.600652e-02;4.009662e-02;4.827831e-02;8.678557e-02;1.138983e-01;3.696252e-02
3.313164e-02;9.900317e-02;1.127781e-01;4.362041e-02;1.017528e-01;1.964201e-01;6.872705e-02;5.236449e-02;4.687963e-02;8.315738e-02;1.268368e-01;3.532840e-02
3.550287e-02;9.846950e-02;5.858691e-02;4.489948e-02;1.232123e-01;2.095231e-01;4.771429e-02;6.654128e-02;4.736564e-02;7.705805e-02;1.538565e-01;3.727004e-02
3.366107e-02;9.340755e-02;7.665753e-02;3.314742e-02;1.245812e-01;1.945969e-01;6.289487e-02;5.072724e-02;3.441905e-02;9.657887e-02;1.565043e-01;4.282404e-02
4.144102e-02;7.715075e-02;1.019866e-01;5.298432e-02;1.144386e-01;1.769159e-01;7.174253e-02;5.222919e-02;2.497516e-02;8.377630e-02;1.530362e-01;4.932345e-02
5.089481e-02;5.878777e-02;9.759815e-02;8.445156e-02;1.091985e-01;1.544475e-01;8.846477e-02;6.115494e-02;3.818893e-02;6.565738e-02;1.380624e-01;5.309332e-02
4.050991e-02;6.899830e-02;1.254241e-01;8.266170e-02;8.101745e-02;1.689854e-01;8.928463e-02;6.258822e-02;5.867004e-02;5.639425e-02;1.142334e-01;5.123263e-02
5.801610e-02;4.476382e-02;1.674659e-01;5.317463e-02;1.026607e-01;1.864423e-01;5.628962e-02;5.439853e-02;6.766117e-02;7.154800e-02;9.753706e-02;4.004221e-02
6.885180e-02;2.865698e-02;1.898907e-01;5.379342e-02;1.108353e-01;1.578624e-01;8.816417e-02;3.859923e-02;7.464080e-02;6.438395e-02;9.354466e-02;3.077670e-02
8.667697e-02;6.538771e-02;1.776655e-01;6.746725e-02;8.949210e-02;1.354958e-01;7.983975e-02;3.507815e-02;9.209105e-02;4.497889e-02;8.945101e-02;3.637581e-02
5.503014e-02;7.936626e-02;1.915006e-01;6.213828e-02;9.021289e-02;1.156863e-01;7.963313e-02;2.956248e-02;9.435701e-02;6.352573e-02;9.223723e-02;4.674995e-02
3.413884e-02;6.749115e-02;1.487499e-01;6.044234e-02;9.305841e-02;9.132794e-02;9.267858e-02;6.199345e-02;8.308388e-02;8.601147e-02;1.123876e-01;6.863645e-02
6.237378e-02;8.184634e-02;1.296258e-01;5.988302e-02;8.708749e-02;9.348107e-02;1.115143e-01;8.882406e-02;7.590204e-02;6.713883e-02;8.727740e-02;5.504578e-02
6.605650e-02;8.122211e-02;1.305935e-01;6.939688e-02;7.211978e-02;1.025621e-01;1.252476e-01;9.759980e-02;7.885645e-02;6.440894e-02;6.523007e-02;4.670627e-02
6.490059e-02;5.554729e-02;1.551319e-01;6.674945e-02;5.294973e-02;9.097332e-02;1.691565e-01;6.795334e-02;8.918694e-02;8.413012e-02;4.859601e-02;5.472473e-02
1.130772e-01;4.355328e-02;1.501642e-01;5.406455e-02;5.669790e-02;8.469977e-02;2.118720e-01;5.979493e-02;7.305041e-02;5.994496e-02;3.882895e-02;5.425181e-02
1.024189e-01;5.836588e-02;1.594594e-01;4.066841e-02;5.581773e-02;1.005117e-01;2.468127e-01;5.011139e-02;6.026945e-02;4.046072e-02;3.281023e-02;5.229355e-02
9.414117e-02;7.046652e-02;1.669014e-01;3.537637e-02;6.228852e-02;8.547644e-02;2.382835e-01;5.490761e-02;6.536305e-02;4.061824e-02;2.775591e-02;5.842120e-02
1.068239e-01;6.975324e-02;1.369859e-01;3.419793e-02;4.038186e-02;5.331270e-02;1.774919e-01;8.807810e-02;1.056989e-01;4.820955e-02;4.562474e-02;9.344129e-02
8.603150e-02;8.025390e-02;8.182666e-02;4.722686e-02;6.828251e-02;6.497307e-02;1.312006e-01;1.162109e-01;1.136211e-01;5.067024e-02;5.584000e-02;1.038627e-01
6.966401e-02;7.972916e-02;7.592546e-02;5.632545e-02;7.341597e-02;9.174087e-02;1.450012e-01;9.047823e-02;1.131618e-01;6.410314e-02;4.132709e-02;9.912752e-02
6.447234e-02;6.891794e-02;1.049700e-01;5.780488e-02;8.456060e-02;1.103383e-01;1.483885e-01;7.657186e-02;8.901773e-02;7.059006e-02;4.205068e-02;8.231702e-02
6.834260e-02;9.062888e-02;8.873475e-02;3.540941e-02;7.658835e-02;1.069266e-01;1.859861e-01;1.015621e-01;4.348309e-02;9.106655e-02;5.831105e-02;5.296044e-02
