1.270593e-01;8.348516e-02;1.197952e-01;8.431105e-02;6.772211e-02;4.688548e-02;1.445899e-01;6.777751e-02;7.434702e-02;6.868549e-02;7.488456e-02;4.045724e-02
1.041306e-01;1.201520e-01;1.385957e-01;1.099931e-01;6.286220e-02;3.904185e-02;1.167568e-01;6.662367e-02;7.233469e-02;6.370410e-02;5.384013e-02;5.196526e-02
7.831442e-02;1.064305e-01;1.630558e-01;9.958413e-02;5.768696e-02;4.979450e-02;1.134601e-01;7.073097e-02;6.044377e-02;6.330003e-02;6.598050e-02;7.121839e-02
8.375414e-02;1.230290e-01;1.253686e-01;5.689711e-02;1.029140e-01;6.545238e-02;1.232444e-01;6.487261e-02;3.386804e-02;6.307009e-02;6.425429e-02;9.327535e-02
8.849382e-02;1.025358e-01;1.398078e-01;4.521558e-02;8.627132e-02;7.120758e-02;1.251709e-01;6.878904e-02;6.701852e-02;5.892963e-02;4.942299e-02;9.713709e-02
8.109884e-02;6.551255e-02;1.323794e-01;4.117772e-02;7.507521e-02;6.824540e-02;1.145454e-01;9.592805e-02;9.926708e-02;9.836117e-02;5.503897e-02;7.337015e-02
5.937282e-02;6.858939e-02;9.706765e-02;4.394785e-02;7.311716e-02;4.501615e-02;1.405742e-01;1.096187e-01;1.145689e-01;1.150250e-01;8.279096e-02;5.031117e-02
5.927597e-02;8.838603e-02;8.640874e-02;5.831467e-02;8.235605e-02;9.181935e-02;1.203474e-01;7.738105e-02;1.214266e-01;1.070133e-01;4.536645e-02;6.190440e-02
7.948479e-02;1.003825e-01;1.560736e-01;3.871188e-02;9.051388e-02;8.692491e-02;9.679064e-02;9.293906e-02;6.569419e-02;6.412084e-02;5.679572e-02;7.156795e-02
1.135010e-01;6.524880e-02;1.737262e-01;4.719992e-02;8.006668e-02;7.567112e-02;8.629057e-02;8.233662e-02;7.183807e-02;7.063655e-02;5.690269e-02;7.658185e-02
1.171190e-01;4.748786e-02;1.260051e-01;4.435947e-02;6.562547e-02;7.029266e-02;9.986001e-02;8.273223e-02;9.742103e-02;7.305776e-02;6.618711e-02;1.098523e-01
1.300434e-01;6.700531e-02;6.415042e-02;4.180019e-02;6.804224e-02;5.259566e-02;1.103050e-01;8.095843e-02;1.351071e-01;7.481878e-02;6.871781e-02;1.064557e-01
7.705997e-02;1.042708e-01;1.475835e-01;1.025606e-01;7.238432e-02;3.300082e-02;9.047356e-02;5.514223e-02;8.727743e-02;6.981723e-02;7.694364e-02;8.348589e-02
7.446121e-02;5.658081e-02;1.732073e-01;1.289013e-01;6.481760e-02;5.268852e-02;1.106392e-01;6.407996e-02;3.557152e-02;4.942569e-02;9.472220e-02;9.490469e-02
1.141565e-01;3.620752e-02;1.612796e-01;1.224663e-01;5.199419e-02;6.068569e-02;8.397201e-02;7.762399e-02;4.745061e-02;6.711814e-02;9.159395e-02;8.545145e-02
1.646795e-01;5.027191e-02;1.139663e-01;1.072168e-01;4.505014e-02;5.994628e-02;6.216842e-02;1.137020e-01;5.772791e-02;8.104730e-02;6.414890e-02;8.007465e-02
2.093572e-01;4.062017e-02;4.590014e-02;7.388593e-02;4.603257e-02;6.232534e-02;8.749424e-02;1.723816e-01;5.139380e-02;8.839135e-02;3.442324e-02;8.779448e-02
1.526280e-01;2.425058e-02;2.941822e-02;3.214816e-02;4.435320e-02;6.855118e-02;1.379636e-01;1.598438e-01;6.834762e-02;9.369680e-02;2.677406e-02;1.620248e-01
8.334053e-02;3.565604e-02;3.912152e-02;5.544589e-02;2.687848e-02;7.150099e-02;1.977163e-01;1.024684e-01;6.972787e-02;8.000337e-02;2.316833e-02;2.149723e-01
6.738064e-02;3.546850e-02;3.874960e-02;9.344480e-02;3.867195e-02;6.842193e-02;2.468567e-01;6.925251e-02;4.802594e-02;5.476129e-02;4.586669e-02;1.930995e-01
5.687842e-02;5.167028e-02;9.347793e-02;1.042367e-01;4.744633e-02;7.753088e-02;2.708271e-01;3.569537e-02;2.833376e-02;3.873689e-02;5.933702e-02;1.358293e-01
7.584247e-02;8.141318e-02;2.363844e-01;7.387722e-02;5.879738e-02;6.707603e-02;1.784781e-01;4.599047e-02;3.752372e-02;5.168099e-02;2.186348e-02;7.107252e-02
4.025309e-02;9.541444e-02;2.220094e-01;8.141974e-02;7.412886e-02;7.857084e-02;7.337599e-02;8.470109e-02;5.357698e-02;8.135293e-02;4.114743e-02;7.404918e-02
1.156945e-01;8.420774e-02;1.653902e-01;6.602661e-02;4.847648e-02;5.263818e-02;1.831314e-01;1.182040e-01;2.729565e-02;4.925867e-02;4.639515e-02;4.328142e-02
1.681989e-01;6.654791e-02;1.695742e-01;4.180156e-02;6.560547e-02;3.032708e-02;1.671277e-01;1.480534e-01;4.175935e-02;2.936737e-02;4.363344e-02;2.800353e-02
2.429470e-01;5.764426e-02;1.337073e-01;2.335143e-02;1.041833e-01;2.652377e-02;9.896118e-02;1.638737e-01;5.166099e-02;1.309575e-02;5.547178e-02;2.857955e-02
2.700760e-01;1.263313e-01;1.434956e-01;1.187217e-02;8.825053e-02;2.668122e-02;5.459492e-02;1.108296e-01;6.833793e-02;1.673759e-02;6.020749e-02;2.258571e-02
2.454016e-01;1.473417e-01;1.762629e-01;1.551495e-02;6.612647e-02;3.171556e-02;6.207693e-02;6.814097e-02;7.753216e-02;2.153724e-02;5.656718e-02;3.178230e-02
2.150188e-01;1.320150e-01;1.825218e-01;2.874028e-02;6.174584e-02;3.565704e-02;6.071598e-02;6.003711e-02;8.002298e-02;3.584057e-02;6.003806e-02;4.764653e-02
1.815000e-01;8.452231e-02;1.557253e-01;3.619658e-02;6.536345e-02;4.657408e-02;8.349122e-02;7.433798e-02;7.657903e-02;4.413497e-02;8.834407e-02;6.323107e-02
1.020222e-01;4.578257e-02;5.799354e-02;3.755285e-02;6.644981e-02;4.507726e-02;1.230425e-01;1.024671e-01;4.615773e-02;1.130338e-01;1.727007e-01;8.771991e-02
3.811639e-02;4.093953e-02;2.046582e-01;5.028450e-02;4.228388e-02;4.262568e-02;8.938229e-02;8.286315e-02;6.782904e-02;1.385831e-01;1.505410e-01;5.189328e-02
9.397474e-02;8.351854e-02;1.883149e-01;7.991529e-02;7.395152e-02;4.627279e-02;1.093175e-01;5.313016e-02;8.200385e-02;8.952104e-02;5.230070e-02;4.777891e-02
1.279876e-01;1.079918e-01;2.183652e-01;7.362020e-02;7.066217e-02;3.755909e-02;9.670531e-02;5.915632e-02;9.036861e-02;5.380839e-02;2.602033e-02;3.775498e-02
1.284078e-01;1.041303e-01;2.193278e-01;4.368095e-02;5.577841e-02;3.320130e-02;7.818585e-02;7.683045e-02;1.112384e-01;6.301931e-02;4.880797e-02;3.739146e-02
1.610543e-01;9.658464e-02;1.760638e-01;4.505689e-02;5.442578e-02;2.931197e-02;7.294178e-02;1.113923e-01;9.686124e-02;5.754763e-02;5.028830e-02;4.847129e-02
2.251468e-01;7.209925e-02;1.109048e-01;3.492945e-02;5.184994e-02;2.197432e-02;8.961900e-02;1.748182e-01;7.755854e-02;4.435113e-02;4.382223e-02;5.292633e-02
2.595638e-01;3.217136e-02;4.958426e-02;3.185808e-02;3.820040e-02;2.204470e-02;1.341280e-01;2.227812e-01;5.481214e-02;5.431230e-02;3.422062e-02;6.632318e-02
1.853968e-01;2.323078e-02;3.747109e-02;5.194900e-02;2.009603e-02;3.086109e-02;1.973790e-01;1.752154e-01;4.467717e-02;9.083582e-02;3.427147e-02;1.086164e-01
1.213837e-01;2.943840e-02;2.892085e-02;8.480573e-02;9.715337e-03;2.850239e-02;2.256109e-01;1.329460e-01;4.154777e-02;1.136060e-01;4.050877e-02;1.430142e-01
7.583465e-02;3.932332e-02;3.083844e-02;1.174131e-01;1.359517e-02;1.943321e-02;2.060508e-01;1.030136e-01;5.174682e-02;1.100807e-01;4.520113e-02;1.874691e-01
7.776932e-02;4.524984e-02;3.531731e-02;1.409893e-01;1.351674e-02;1.768889e-02;1.941874e-01;4.564676e-02;3.670071e-02;1.221176e-01;4.171769e-02;2.290985e-01
1.164195e-01;4.715478e-02;5.865782e-02;1.369995e-01;2.185931e-02;1.536704e-02;1.774180e-01;2.316294e-02;1.649380e-02;1.247469e-01;4.319261e-02;2.185277e-01
1.150826e-01;5.501087e-02;8.647265e-02;1.083502e-01;4.155716e-02;2.387879e-02;1.611193e-01;4.794969e-02;1.970931e-02;1.162611e-01;5.455795e-02;1.700504e-01
4.661723e-02;6.939169e-02;1.610757e-01;6.360711e-02;5.164428e-02;3.134742e-02;1.470844e-01;6.452847e-02;4.412817e-02;1.064326e-01;8.009837e-02;1.340447e-01
1.766714e-01;3.656561e-02;1.233878e-01;2.608212e-02;3.331336e-02;2.839817e-02;1.114592e-01;5.629766e-02;5.533744e-02;1.077309e-01;8.589850e-02;1.588579e-01
2.826293e-01;4.287629e-02;1.377656e-01;2.964679e-02;1.311372e-02;2.427466e-02;5.603912e-02;3.323873e-02;4.100830e-02;1.106303e-01;7.504252e-02;1.537347e-01
3.362831e-01;4.620032e-02;1.884989e-01;2.319055e-02;1.681015e-02;2.570988e-02;2.865370e-02;5.826462e-02;4.617855e-02;5.785023e-02;6.794640e-02;1.044136e-01
3.429334e-01;5.406541e-02;2.152835e-01;1.528539e-02;1.533941e-02;3.056478e-02;4.875351e-02;6.390209e-02;4.137681e-02;3.781474e-02;5.589917e-02;7.878183e-02
2.486848e-01;6.397466e-02;1.550243e-01;4.489380e-02;6.541269e-02;9.056134e-02;9.449727e-02;5.095260e-02;3.002115e-02;3.659826e-02;4.772054e-02;7.165862e-02
1.562031e-01;1.082097e-01;1.321964e-01;7.102554e-02;6.864113e-02;1.372669e-01;9.066615e-02;5.889756e-02;3.604615e-02;4.830028e-02;3.879539e-02;5.375174e-02
1.317576e-01;1.053666e-01;1.179497e-01;9.267206e-02;5.062952e-02;1.453339e-01;1.090685e-01;5.778299e-02;4.082099e-02;6.338193e-02;3.174546e-02;5.349080e-02
1.227722e-01;8.692622e-02;6.243476e-02;1.288981e-01;4.330534e-02;1.411984e-01;1.587170e-01;5.336331e-02;2.911447e-02;8.709138e-02;2.011708e-02;6.606171e-02
1.053481e-01;6.771355e-02;4.458456e-02;1.641784e-01;2.597833e-02;1.222004e-01;1.796948e-01;5.553330e-02;2.357627e-02;1.093315e-01;2.353460e-02;7.832627e-02
9.184035e-02;7.445925e-02;3.700691e-02;1.762768e-01;3.289514e-02;9.913021e-02;1.895719e-01;5.016885e-02;2.024573e-02;1.170983e-01;2.390622e-02;8.740038e-02
9.376109e-02;8.128637e-02;4.791509e-02;1.736966e-01;3.579833e-02;8.781254e-02;1.981059e-01;2.879713e-02;1.624819e-02;1.186520e-01;2.343952e-02;9.448720e-02
9.482199e-02;7.747689e-02;3.642711e-02;1.546006e-01;3.104089e-02;1.198259e-01;2.027979e-01;3.194905e-02;1.313276e-02;1.126248e-01;2.593998e-02;9.936214e-02
9.209059e-02;6.744608e-02;3.291870e-02;1.288791e-01;2.387371e-02;1.424387e-01;2.020836e-01;4.737046e-02;2.939396e-02;1.048469e-01;2.666235e-02;1.019960e-01
9.088834e-02;5.782800e-02;4.011188e-02;1.049210e-01;2.381423e-02;1.293986e-01;2.116988e-01;5.410324e-02;6.162152e-02;9.550006e-02;2.988862e-02;1.002257e-01
1.153786e-01;4.672414e-02;2.970794e-02;9.157698e-02;2.042644e-02;1.005686e-01;2.204455e-01;5.917786e-02;9.622901e-02;8.686336e-02;3.209622e-02;1.008054e-01
1.632385e-01;4.141966e-02;4.985265e-02;7.608149e-02;2.616426e-02;7.637525e-02;1.853550e-01;8.047097e-02;9.095370e-02;7.724883e-02;4.057192e-02;9.226784e-02
2.060166e-01;5.833273e-02;7.297116e-02;7.402486e-02;4.413060e-02;5.190070e-02;1.534681e-01;9.989741e-02;5.933208e-02;6.984687e-02;3.130263e-02;7.877630e-02
2.054491e-01;4.585098e-02;1.130775e-01;9.011398e-02;4.624952e-02;4.927227e-02;1.775198e-01;8.577789e-02;4.539854e-02;5.214699e-02;1.800721e-02;7.113610e-02
2.134671e-01;3.716863e-02;1.051323e-01;9.296563e-02;3.924936e-02;4.934931e-02;2.104777e-01;6.540912e-02;5.540546e-02;4.105163e-02;1.991024e-02;7.041355e-02
2.642161e-01;3.624567e-02;8.720336e-02;6.288663e-02;4.282515e-02;3.210171e-02;2.173516e-01;7.178859e-02;4.733158e-02;4.564352e-02;1.946082e-02;7.294529e-02
2.921778e-01;4.491182e-02;8.898545e-02;3.649925e-02;4.065461e-02;1.893442e-02;2.184910e-01;7.839743e-02;2.965082e-02;5.401857e-02;2.613288e-02;7.114597e-02
2.825942e-01;4.790091e-02;1.363043e-01;2.617120e-02;3.331723e-02;1.693944e-02;2.155854e-01;7.863803e-02;2.040946e-02;4.752954e-02;3.129717e-02;6.331307e-02
2.676508e-01;4.303967e-02;1.961986e-01;2.132841e-02;3.844728e-02;2.538924e-02;1.913013e-01;7.275221e-02;1.873587e-02;3.161083e-02;3.468672e-02;5.885912e-02
2.280530e-01;5.296922e-02;2.889334e-01;2.424848e-02;4.047998e-02;2.351546e-02;1.233937e-01;4.816062e-02;2.534161e-02;3.679018e-02;5.087952e-02;5.723488e-02
1.790589e-01;8.321735e-02;3.144142e-01;4.318575e-02;3.945976e-02;1.831578e-02;7.213947e-02;4.283625e-02;4.741171e-02;5.223483e-02;5.991515e-02;4.781085e-02
8.989691e-02;8.262873e-02;2.739282e-01;3.838247e-02;5.751522e-02;4.441991e-02;1.041014e-01;5.621758e-02;6.697020e-02;6.801472e-02;6.736898e-02;5.055567e-02
6.258141e-02;9.133909e-02;1.628749e-01;5.431654e-02;5.359789e-02;5.862988e-02;1.252595e-01;1.000057e-01;8.792451e-02;1.093703e-01;3.960734e-02;5.449295e-02
4.493519e-02;8.398781e-02;1.197043e-01;6.549316e-02;7.895247e-02;7.513880e-02;1.468104e-01;9.081599e-02;7.670469e-02;1.319690e-01;4.494861e-02;4.053959e-02
5.657567e-02;5.868480e-02;1.345033e-01;6.324011e-02;7.562941e-02;7.390161e-02;2.109760e-01;7.813006e-02;7.993638e-02;8.658252e-02;4.722447e-02;3.461556e-02
8.109913e-02;5.048120e-02;1.683393e-01;6.685925e-02;7.349885e-02;6.037078e-02;1.869052e-01;7.677033e-02;9.735040e-02;7.588915e-02;3.020012e-02;3.223636e-02
8.720466e-02;7.778445e-02;1.138723e-01;6.263069e-02;8.487590e-02;7.450546e-02;1.462560e-01;7.699177e-02;6.372160e-02;8.100358e-02;6.808089e-02;6.307265e-02
9.160417e-02;7.732338e-02;1.118089e-01;6.528059e-02;6.994516e-02;7.178535e-02;1.213957e-01;9.089760e-02;8.765532e-02;7.790900e-02;6.946226e-02;6.493269e-02
8.942195e-02;7.442731e-02;1.168879e-01;6.562285e-02;7.111441e-02;7.045493e-02;1.193071e-01;9.146588e-02;9.139701e-02;7.543736e-02;6.893770e-02;6.552566e-02
9.223370e-02;6.762086e-02;1.179237e-01;6.472274e-02;9.243816e-02;6.236550e-02;1.125127e-01;8.613614e-02;9.288102e-02;7.910444e-02;6.803970e-02;6.402133e-02
8.050340e-02;5.878790e-02;9.969762e-02;6.258893e-02;1.504133e-01;1.036813e-01;9.456715e-02;7.123429e-02;8.534506e-02;1.046798e-01;4.480906e-02;4.369222e-02
5.669545e-02;4.977925e-02;9.302271e-02;4.474408e-02;1.240246e-01;2.603072e-01;7.781219e-02;7.205269e-02;7.687549e-02;9.737225e-02;1.634718e-02;3.096700e-02
4.792431e-02;4.316896e-02;7.575111e-02;4.690105e-02;1.033377e-01;3.198933e-01;8.705462e-02;5.292023e-02;8.037210e-02;8.906449e-02;2.901247e-02;2.459957e-02
3.822254e-02;2.425472e-02;6.807736e-02;5.655951e-02;9.828856e-02;2.345871e-01;1.231694e-01;6.224089e-02;7.634655e-02;1.235359e-01;6.308381e-02;3.163373e-02
6.111266e-02;4.562619e-02;4.794963e-02;4.263215e-02;7.007117e-02;1.234611e-01;2.051849e-01;8.295590e-02;1.071332e-01;8.955924e-02;8.056783e-02;4.374600e-02
5.277146e-02;6.918589e-02;8.093143e-02;2.894760e-02;4.353824e-02;1.002675e-01;2.384395e-01;9.178814e-02;1.178571e-01;7.198764e-02;6.867741e-02;3.560800e-02
3.937907e-02;6.200426e-02;1.164322e-01;2.356381e-02;5.068352e-02;9.096999e-02;2.049243e-01;1.455026e-01;9.203037e-02;8.649320e-02;5.871761e-02;2.929915e-02
7.170302e-02;6.008959e-02;1.508965e-01;3.691265e-02;4.954018e-02;7.266714e-02;1.810454e-01;1.590549e-01;6.794001e-02;7.308085e-02;2.929304e-02;4.777666e-02
8.714368e-02;7.076458e-02;1.869385e-01;3.713048e-02;6.690250e-02;6.900751e-02;1.723686e-01;1.032666e-01;4.786426e-02;6.403112e-02;4.360883e-02;5.097342e-02
8.320855e-02;7.752141e-02;2.201420e-01;3.848914e-02;7.380912e-02;5.910496e-02;1.689630e-01;6.906471e-02;4.291525e-02;6.769031e-02;5.293722e-02;4.615434e-02
1.294630e-01;7.103559e-02;1.946761e-01;4.182991e-02;7.482886e-02;4.942281e-02;1.602699e-01;5.555257e-02;3.940860e-02;6.135480e-02;6.406308e-02;5.809479e-02
1.622708e-01;2.289366e-02;1.165641e-01;3.413837e-02;8.411521e-02;4.712556e-02;2.143732e-01;5.096839e-02;5.625478e-02;6.281763e-02;8.426389e-02;6.421448e-02
1.150448e-01;5.066516e-02;2.478305e-01;3.697935e-02;6.683891e-02;4.250539e-02;1.974817e-01;2.749104e-02;6.016447e-02;5.443529e-02;6.222213e-02;3.834134e-02
5.469823e-02;6.452847e-02;2.856671e-01;3.849141e-02;6.251959e-02;6.082875e-02;2.029057e-01;3.159602e-02;6.439031e-02;5.221117e-02;5.031467e-02;3.184856e-02
5.896337e-02;3.712023e-02;1.576841e-01;5.936857e-02;1.024704e-01;1.064306e-01;1.508600e-01;3.809884e-02;8.529499e-02;8.707862e-02;7.409912e-02;4.253127e-02
5.832841e-02;2.491810e-02;1.077739e-01;6.860927e-02;1.175326e-01;1.380515e-01;1.119400e-01;4.964017e-02;7.982171e-02;1.137668e-01;8.750888e-02;4.210860e-02
5.285486e-02;2.782647e-02;1.662657e-01;5.956506e-02;1.101364e-01;1.152931e-01;7.830649e-02;4.289335e-02;9.047221e-02;1.350075e-01;9.489105e-02;2.648785e-02
6.627775e-02;3.436833e-02;1.465106e-01;6.343062e-02;1.113047e-01;1.305528e-01;1.039402e-01;4.759227e-02;6.238376e-02;1.063030e-01;7.660644e-02;5.072949e-02
5.231005e-02;3.058906e-02;1.906856e-01;7.453485e-02;1.294672e-01;1.134425e-01;1.130497e-01;5.240489e-02;4.220481e-02;1.028006e-01;5.810706e-02;4.040373e-02
5.908775e-02;4.960468e-02;2.843891e-01;6.013307e-02;1.035030e-01;3.882734e-02;1.527055e-01;4.044589e-02;4.216665e-02;8.525185e-02;6.113955e-02;2.274563e-02
4.584069e-02;3.679264e-02;3.117470e-01;4.983288e-02;8.529194e-02;5.006184e-02;1.791569e-01;3.911120e-02;4.216545e-02;7.039755e-02;5.948924e-02;3.011267e-02
3.516679e-02;2.562471e-02;3.003173e-01;4.915167e-02;8.874635e-02;6.705095e-02;1.784262e-01;4.373058e-02;4.556054e-02;7.504457e-02;5.666268e-02;3.451765e-02
2.825905e-02;3.086333e-02;2.854543e-01;5.632624e-02;1.053395e-01;7.692170e-02;1.439806e-01;5.282139e-02;5.778645e-02;8.695791e-02;4.325259e-02;3.203698e-02
4.057417e-02;2.938722e-02;3.582439e-01;6.876944e-02;7.317758e-02;4.357985e-02;2.073235e-01;3.873210e-02;4.244963e-02;5.267204e-02;2.032546e-02;2.476517e-02
3.670002e-02;2.809655e-02;3.260753e-01;7.650812e-02;1.040969e-01;5.295192e-02;1.682871e-01;4.032221e-02;3.474018e-02;6.236573e-02;3.721491e-02;3.264112e-02
5.453348e-02;4.818980e-02;2.704731e-01;9.560141e-02;1.206740e-01;4.680720e-02;8.021685e-02;4.532309e-02;4.172179e-02;7.511148e-02;5.467451e-02;6.667320e-02
9.075414e-02;6.833659e-02;1.574751e-01;9.900901e-02;1.002366e-01;4.850264e-02;1.504662e-01;4.117328e-02;5.262212e-02;5.145720e-02;6.230352e-02;7.766356e-02
7.002188e-02;5.839265e-02;1.979937e-01;6.721029e-02;1.063198e-01;6.134301e-02;1.753758e-01;3.964533e-02;7.384217e-02;5.882851e-02;5.302227e-02;3.800461e-02
1.000729e-01;3.314012e-02;2.680624e-01;6.155678e-02;9.823651e-02;5.583456e-02;1.393963e-01;4.093853e-02;7.202847e-02;4.521392e-02;5.910989e-02;2.640956e-02
1.010402e-01;3.873046e-02;2.802233e-01;7.706908e-02;9.167070e-02;4.738677e-02;1.139380e-01;3.379016e-02;5.012386e-02;4.291043e-02;7.108995e-02;5.202705e-02
6.061251e-02;3.012716e-02;2.458356e-01;7.371904e-02;9.374531e-02;5.224244e-02;1.714912e-01;3.702790e-02;3.658868e-02;7.558570e-02;7.761016e-02;4.541438e-02
3.226827e-02;2.493876e-02;2.677125e-01;5.990126e-02;1.045788e-01;5.799348e-02;1.786989e-01;3.231489e-02;4.155404e-02;8.605319e-02;8.576084e-02;2.822510e-02
2.353469e-02;2.791667e-02;3.082747e-01;5.916752e-02;1.154983e-01;6.983677e-02;1.190767e-01;2.801698e-02;3.619699e-02;8.977494e-02;7.196407e-02;5.074158e-02
5.183923e-02;5.020859e-02;3.151581e-01;5.028867e-02;9.749117e-02;7.124921e-02;8.058369e-02;1.748635e-02;3.419234e-02;8.527861e-02;7.924839e-02;6.697571e-02
9.028888e-02;8.019610e-02;2.780111e-01;5.108916e-02;6.021707e-02;6.677149e-02;7.214396e-02;3.814370e-02;5.426711e-02;7.660133e-02;7.671731e-02;5.555277e-02
9.268311e-02;9.145954e-02;2.218188e-01;4.935283e-02;7.643393e-02;6.019736e-02;1.256665e-01;5.553489e-02;6.612072e-02;7.506663e-02;4.278207e-02;4.288359e-02
7.397825e-02;8.807090e-02;2.464837e-01;6.377459e-02;9.621281e-02;6.264932e-02;1.247045e-01;2.808325e-02;4.743865e-02;6.709655e-02;3.172170e-02;6.978583e-02
6.743521e-02;8.706107e-02;1.841681e-01;9.257931e-02;9.426833e-02;6.656502e-02;1.301403e-01;4.949559e-02;2.077972e-02;6.189681e-02;6.657273e-02;7.903772e-02
9.308837e-02;8.242786e-02;1.926267e-01;8.463291e-02;9.208468e-02;7.377560e-02;9.623868e-02;6.514515e-02;4.318300e-02;5.202654e-02;7.274815e-02;5.202236e-02
5.697289e-02;8.246612e-02;1.520799e-01;5.000965e-02;1.157124e-01;6.195327e-02;1.804278e-01;4.059746e-02;4.715670e-02;8.049505e-02;6.995758e-02;6.217121e-02
6.250745e-02;6.172394e-02;3.035404e-01;5.065595e-02;9.148320e-02;4.562661e-02;1.641275e-01;1.672678e-02;3.026693e-02;6.643103e-02;6.134182e-02;4.556832e-02
7.611579e-02;6.083488e-02;3.288417e-01;5.519334e-02;7.840098e-02;3.596876e-02;1.700200e-01;2.392546e-02;1.718886e-02;4.593175e-02;5.093662e-02;5.664179e-02
8.366240e-02;7.334214e-02;2.256112e-01;5.523934e-02;8.708084e-02;4.881340e-02;2.003935e-01;4.452218e-02;2.726867e-02;4.809279e-02;5.294653e-02;5.302702e-02
8.406052e-02;5.818156e-02;2.453291e-01;5.868368e-02;1.065203e-01;3.467184e-02;1.961755e-01;4.495995e-02;3.574692e-02;3.339814e-02;4.830166e-02;5.397080e-02
6.737761e-02;6.141863e-02;2.588744e-01;6.162660e-02;9.066670e-02;4.343324e-02;1.747068e-01;3.542511e-02;4.817082e-02;5.977318e-02;5.128888e-02;4.723801e-02
6.246738e-02;7.305756e-02;2.270315e-01;5.747636e-02;7.653318e-02;5.659524e-02;1.402701e-01;5.298515e-02;5.480576e-02;8.021257e-02;8.131315e-02;3.725204e-02
7.291826e-02;6.240962e-02;1.409604e-01;5.381840e-02;8.619608e-02;7.166938e-02;1.180349e-01;7.286377e-02;5.364919e-02;9.555132e-02;1.117674e-01;6.016131e-02
7.860829e-02;5.351487e-02;1.662210e-01;5.855395e-02;9.394197e-02;7.701933e-02;1.258262e-01;5.478597e-02;4.762972e-02;7.359965e-02;8.422052e-02;8.607851e-02
9.569405e-02;6.790160e-02;1.912719e-01;6.605221e-02;1.195404e-01;9.565917e-02;5.459381e-02;5.836432e-02;7.023757e-02;4.492525e-02;7.163770e-02;6.412196e-02
9.312876e-02;8.506934e-02;1.990888e-01;1.113225e-01;1.197763e-01;7.732736e-02;8.795752e-02;5.216914e-02;5.119884e-02;4.259241e-02;3.941556e-02;4.095341e-02
1.027385e-01;7.216901e-02;1.919061e-01;1.535078e-01;1.118976e-01;5.652349e-02;8.980958e-02;4.558035e-02;5.358748e-02;4.796749e-02;2.327544e-02;5.103728e-02
9.896352e-02;8.210981e-02;2.153918e-01;1.036522e-01;8.579487e-02;8.379898e-02;7.105441e-02;4.868888e-02;5.946018e-02;5.633146e-02;4.446638e-02;5.028757e-02
8.640772e-02;9.473357e-02;1.487726e-01;1.790598e-01;4.728504e-02;4.748742e-02;5.952633e-02;4.710465e-02;7.198433e-02;9.419530e-02;7.362050e-02;4.982269e-02
5.140221e-02;5.841276e-02;1.313682e-01;1.617571e-01;8.033854e-02;8.917461e-02;5.432340e-02;4.659691e-02;1.018302e-01;7.950089e-02;8.899744e-02;5.629781e-02
3.846952e-02;6.320828e-02;1.476995e-01;9.308558e-02;1.440898e-01;1.254196e-01;7.509540e-02;4.740202e-02;7.457349e-02;6.786585e-02;4.984443e-02;7.324644e-02
6.226042e-02;6.205483e-02;2.124130e-01;1.339874e-01;1.198807e-01;9.908679e-02;4.127608e-02;3.315195e-02;6.401299e-02;7.272770e-02;3.227539e-02;6.687278e-02
3.808893e-02;2.514866e-02;2.935655e-01;1.335388e-01;1.130770e-01;7.896160e-02;1.096657e-01;1.962229e-02;4.499391e-02;5.636394e-02;4.161783e-02;4.535582e-02
3.156615e-02;2.511426e-02;3.532978e-01;1.217818e-01;1.241299e-01;6.198946e-02;9.337209e-02;1.661971e-02;1.542018e-02;4.608134e-02;6.544317e-02;4.518415e-02
2.454680e-02;3.092272e-02;4.156682e-01;1.011176e-01;9.844707e-02;4.512390e-02;8.597464e-02;1.642551e-02;1.596193e-02;6.208390e-02;6.555038e-02;3.817742e-02
1.431186e-02;3.872640e-02;5.291602e-01;7.699591e-02;6.971820e-02;3.029380e-02;5.100598e-02;1.273805e-02;2.115199e-02;8.526253e-02;4.842338e-02;2.221170e-02
3.475362e-02;7.244214e-02;6.032788e-01;4.393491e-02;3.607292e-02;1.325676e-02;2.525298e-02;7.258920e-03;4.439587e-02;8.833635e-02;2.267480e-02;8.341870e-03
6.507322e-02;1.121765e-01;5.703709e-01;3.341511e-02;3.040860e-02;1.194344e-02;2.329899e-02;8.684605e-03;5.694578e-02;6.229458e-02;1.306818e-02;1.232016e-02
9.779785e-02;1.259598e-01;5.092363e-01;3.425396e-02;4.377163e-02;2.172379e-02;2.028659e-02;1.118868e-02;5.898765e-02;3.775073e-02;2.025376e-02;1.878931e-02
1.103147e-01;1.090940e-01;4.403970e-01;4.487769e-02;6.604353e-02;2.989288e-02;4.868077e-02;1.654779e-02;5.237418e-02;2.583424e-02;3.166479e-02;2.427841e-02
6.905735e-02;8.081692e-02;3.371587e-01;6.014449e-02;7.737560e-02;3.629605e-02;8.902659e-02;4.021439e-02;5.771045e-02;7.332834e-02;4.617912e-02;3.269203e-02
8.812718e-02;9.800256e-02;1.583254e-01;5.415607e-02;8.299995e-02;5.461761e-02;1.260285e-01;8.492953e-02;7.964907e-02;7.860842e-02;3.897154e-02;5.558415e-02
6.783661e-02;7.861121e-02;1.289685e-01;7.219847e-02;8.829357e-02;8.101741e-02;1.361995e-01;5.971957e-02;7.980020e-02;8.842813e-02;6.684048e-02;5.208630e-02
8.086839e-02;8.238384e-02;1.137062e-01;5.953494e-02;9.132900e-02;6.476883e-02;1.303720e-01;6.728180e-02;9.453916e-02;1.003195e-01;6.254403e-02;5.235230e-02
1.143528e-01;9.192027e-02;1.053632e-01;4.862009e-02;9.363188e-02;5.218667e-02;1.208993e-01;6.449197e-02;9.281041e-02;1.066370e-01;5.061872e-02;5.846765e-02
1.537891e-01;9.939468e-02;8.110455e-02;3.770212e-02;1.017408e-01;6.171114e-02;1.028393e-01;6.085905e-02;8.562844e-02;1.142351e-01;3.833970e-02;6.265599e-02
1.472291e-01;8.231378e-02;1.160014e-01;3.759391e-02;1.037651e-01;5.853187e-02;1.076414e-01;5.829274e-02;9.324463e-02;1.163157e-01;2.866940e-02;5.040105e-02
7.939792e-02;5.428670e-02;2.321911e-01;4.604950e-02;9.570897e-02;6.669992e-02;1.215804e-01;3.018232e-02;8.700455e-02;1.135479e-01;4.648062e-02;2.687012e-02
5.641009e-02;4.888070e-02;2.973486e-01;4.790535e-02;9.255759e-02;6.800124e-02;1.221995e-01;3.717363e-02;7.509847e-02;8.526719e-02;4.465045e-02;2.450713e-02
4.279777e-02;4.833310e-02;3.069652e-01;7.577061e-02;9.565650e-02;5.014976e-02;1.231975e-01;4.616240e-02;6.688008e-02;8.199689e-02;3.860227e-02;2.348798e-02
6.095977e-02;7.232480e-02;1.752667e-01;1.181027e-01;1.322093e-01;8.406203e-02;7.318948e-02;5.193026e-02;8.555315e-02;7.727605e-02;3.347086e-02;3.565497e-02
5.872407e-02;6.788617e-02;1.989040e-01;9.591388e-02;1.188750e-01;6.845208e-02;1.419904e-01;5.086913e-02;5.567326e-02;5.885452e-02;3.387726e-02;4.998022e-02
2.824343e-02;3.784154e-02;3.715023e-01;6.341420e-02;8.440821e-02;4.028865e-02;1.268924e-01;4.394080e-02;6.098048e-02;6.209945e-02;4.175231e-02;3.863628e-02
2.073625e-02;3.363429e-02;5.118780e-01;4.534169e-02;5.457141e-02;2.964309e-02;9.114173e-02;4.543379e-02;5.639631e-02;6.277518e-02;2.236075e-02;2.608752e-02
3.816207e-02;5.892873e-02;5.165170e-01;5.542291e-02;4.598914e-02;3.052538e-02;7.254245e-02;3.680781e-02;5.265778e-02;5.755290e-02;1.567313e-02;1.922068e-02
6.814598e-02;1.115603e-01;4.154443e-01;4.320035e-02;4.045172e-02;4.147371e-02;7.700383e-02;3.012489e-02;9.522058e-02;4.096993e-02;1.955331e-02;1.685120e-02
1.273785e-01;1.623313e-01;2.998187e-01;1.749344e-02;3.303088e-02;3.694903e-02;6.334654e-02;6.281455e-02;1.218629e-01;2.796355e-02;2.875257e-02;1.825800e-02
2.172727e-01;1.555699e-01;1.815522e-01;1.419501e-02;3.907697e-02;2.483038e-02;5.114910e-02;1.497390e-01;9.158820e-02;1.460683e-02;3.782967e-02;2.259020e-02
2.759678e-01;1.056421e-01;9.418715e-02;1.574459e-02;3.832421e-02;2.212247e-02;6.895743e-02;2.419963e-01;5.398474e-02;1.738036e-02;3.683445e-02;2.885837e-02
2.441389e-01;4.831007e-02;4.498851e-02;2.505137e-02;2.175914e-02;3.800222e-02;1.501191e-01;2.841177e-01;4.039628e-02;3.673945e-02;2.324571e-02;4.313149e-02
1.578248e-01;3.365607e-02;3.711745e-02;5.224609e-02;1.601451e-02;4.079127e-02;2.527933e-01;2.350775e-01;3.587404e-02;6.032855e-02;1.522034e-02;6.305613e-02
1.079020e-01;4.384407e-02;1.672994e-02;7.768381e-02;1.928546e-02;4.917238e-02;3.175332e-01;1.650675e-01;2.136050e-02;7.135712e-02;1.896956e-02;9.109449e-02
1.252824e-01;5.803808e-02;5.965752e-02;6.455585e-02;3.560338e-02;5.766238e-02;2.612365e-01;1.420280e-01;2.141049e-02;5.916004e-02;3.246419e-02;8.290111e-02
2.004952e-01;7.377125e-02;1.011929e-01;3.253938e-02;5.308530e-02;5.167257e-02;1.355804e-01;1.559638e-01;5.006779e-02;4.931889e-02;3.208797e-02;6.422457e-02
2.567542e-01;6.244370e-02;6.588678e-02;3.036363e-02;5.220399e-02;3.225483e-02;1.077032e-01;1.610641e-01;4.106737e-02;5.480263e-02;3.471461e-02;1.007410e-01
2.092450e-01;6.972520e-02;1.438599e-01;1.887770e-02;4.385504e-02;2.552923e-02;1.236250e-01;1.200232e-01;3.716356e-02;5.939560e-02;5.864351e-02;9.005702e-02
1.120024e-01;9.548398e-02;2.034401e-01;3.247624e-02;2.802476e-02;2.922887e-02;1.198883e-01;1.002429e-01;7.342081e-02;7.349203e-02;7.089511e-02;6.140448e-02
5.896762e-02;9.990817e-02;1.900517e-01;5.802896e-02;5.513172e-02;5.023718e-02;1.162889e-01;6.532279e-02;1.078847e-01;7.177375e-02;5.168853e-02;7.471596e-02
5.997773e-02;1.111345e-01;1.527781e-01;4.698611e-02;1.091061e-01;6.106034e-02;8.829416e-02;9.008638e-02;1.134136e-01;5.494563e-02;3.948765e-02;7.272981e-02
5.155497e-02;1.226745e-01;9.571544e-02;8.146705e-02;1.169120e-01;6.600711e-02;9.746122e-02;1.009627e-01;1.363579e-01;3.826121e-02;2.667363e-02;6.595226e-02
6.079268e-02;1.018779e-01;1.001385e-01;9.436202e-02;8.028234e-02;5.388853e-02;1.231391e-01;9.932116e-02;1.466913e-01;5.331882e-02;3.687949e-02;4.930808e-02
7.653762e-02;5.496347e-02;1.181150e-01;5.271589e-02;6.882882e-02;6.565692e-02;1.471408e-01;9.479509e-02;1.198773e-01;8.837938e-02;3.791281e-02;7.507704e-02
5.195007e-02;6.804170e-02;1.493535e-01;5.158922e-02;7.288411e-02;8.366748e-02;1.149823e-01;6.456716e-02;1.138515e-01;7.141652e-02;5.458712e-02;1.031092e-01
4.769545e-02;4.821572e-02;2.574320e-01;7.345261e-02;8.789131e-02;6.098555e-02;1.338515e-01;3.382820e-02;6.379803e-02;6.952865e-02;4.831228e-02;7.500868e-02
4.598338e-02;6.385087e-02;2.615496e-01;6.572388e-02;7.657655e-02;7.353890e-02;1.184632e-01;3.396788e-02;6.784161e-02;6.438038e-02;5.231312e-02;7.581061e-02
5.167066e-02;9.476043e-02;2.428157e-01;5.252251e-02;5.744489e-02;9.655654e-02;8.343625e-02;2.897458e-02;1.008417e-01;6.097343e-02;4.026467e-02;8.973867e-02
6.981346e-02;1.408362e-01;1.969283e-01;4.490739e-02;3.794933e-02;1.234733e-01;4.655410e-02;2.381427e-02;1.384475e-01;4.962864e-02;2.008805e-02;1.075594e-01
1.103427e-01;1.701700e-01;1.691162e-01;4.877360e-02;3.166505e-02;1.167218e-01;3.273270e-02;2.150451e-02;1.332323e-01;3.845241e-02;2.109813e-02;1.061905e-01
1.649209e-01;1.771117e-01;1.689227e-01;5.092834e-02;3.155024e-02;8.279590e-02;4.142926e-02;2.288749e-02;1.127613e-01;3.678625e-02;2.988175e-02;8.002421e-02
2.226127e-01;1.722604e-01;1.611282e-01;4.353925e-02;3.155920e-02;5.319904e-02;7.348162e-02;2.236737e-02;9.296480e-02;3.647494e-02;3.168112e-02;5.873138e-02
2.415390e-01;1.259216e-01;1.761258e-01;3.044353e-02;3.730420e-02;3.140030e-02;1.297250e-01;2.611044e-02;6.892592e-02;3.744484e-02;5.035110e-02;4.470824e-02
2.365014e-01;1.205223e-01;2.335169e-01;2.836304e-02;4.074383e-02;3.403241e-02;1.078076e-01;2.318993e-02;8.054586e-02;2.715761e-02;3.530400e-02;3.231520e-02
2.180156e-01;1.839269e-01;2.729656e-01;2.652626e-02;2.504009e-02;2.911363e-02;3.354557e-02;3.295298e-02;1.096876e-01;2.296614e-02;1.979505e-02;2.546457e-02
2.045803e-01;2.062713e-01;2.529735e-01;1.999423e-02;2.015595e-02;1.669707e-02;7.674636e-02;3.242551e-02;1.048449e-01;1.637901e-02;2.468056e-02;2.425126e-02
1.882142e-01;2.140053e-01;3.031629e-01;2.287615e-02;2.393287e-02;2.182895e-02;5.067019e-02;2.571147e-02;9.259573e-02;2.350068e-02;1.668983e-02;1.681170e-02
1.893163e-01;2.350606e-01;3.548279e-01;2.362893e-02;1.796933e-02;2.166496e-02;1.488730e-02;2.721662e-02;7.319082e-02;1.941899e-02;9.868057e-03;1.295023e-02
1.515738e-01;2.070056e-01;4.334573e-01;2.134180e-02;1.742630e-02;1.438240e-02;2.518150e-02;2.626292e-02;4.660127e-02;1.942083e-02;1.932199e-02;1.802432e-02
1.301441e-01;1.786530e-01;4.919534e-01;2.959703e-02;2.707757e-02;7.245777e-03;2.313714e-02;2.237500e-02;2.821214e-02;2.037957e-02;1.827308e-02;2.295218e-02
7.095940e-02;1.734043e-01;5.231708e-01;3.489960e-02;3.177439e-02;2.168042e-02;3.380398e-02;1.268478e-02;2.111343e-02;2.498079e-02;2.059149e-02;3.093662e-02
1.296320e-02;1.344024e-01;6.254716e-01;4.528933e-02;3.373231e-02;2.385047e-02;2.793550e-02;1.126789e-02;1.983544e-02;3.393240e-02;1.010465e-02;2.121481e-02
3.087607e-02;8.101087e-02;6.185797e-01;4.799854e-02;4.534217e-02;2.204839e-02;2.710035e-02;9.941991e-03;3.723307e-02;5.209639e-02;1.226018e-02;1.551233e-02
4.998198e-02;7.274654e-02;4.982207e-01;4.750984e-02;4.065485e-02;2.536519e-02;7.568897e-02;1.949678e-02;5.394022e-02;6.314906e-02;2.662565e-02;2.662022e-02
8.215979e-02;1.452588e-01;3.311211e-01;4.126591e-02;3.331017e-02;3.504061e-02;1.003129e-01;3.098123e-02;6.283390e-02;7.138579e-02;3.433296e-02;3.199685e-02
1.354404e-01;2.075552e-01;1.937186e-01;5.851634e-02;3.987052e-02;5.439665e-02;8.032941e-02;3.678960e-02;6.357092e-02;6.888381e-02;3.063454e-02;3.029397e-02
1.473481e-01;2.307966e-01;2.411307e-01;7.119448e-02;3.879980e-02;4.997870e-02;3.607421e-02;2.952078e-02;5.152515e-02;5.222641e-02;2.537137e-02;2.603375e-02
1.312399e-01;2.522633e-01;2.317000e-01;7.384221e-02;3.882867e-02;4.451676e-02;6.136224e-02;3.232101e-02;4.071597e-02;4.756701e-02;3.004544e-02;1.559745e-02
1.716312e-01;2.568353e-01;1.672294e-01;6.604890e-02;4.867424e-02;4.621973e-02;7.867406e-02;3.234455e-02;3.823102e-02;4.212468e-02;3.627849e-02;1.570852e-02
1.624896e-01;2.378239e-01;2.598989e-01;4.518223e-02;3.405275e-02;4.104104e-02;4.587866e-02;3.280833e-02;4.607059e-02;3.918377e-02;2.678785e-02;2.878236e-02
7.885466e-02;1.973286e-01;4.535953e-01;3.516140e-02;2.007520e-02;3.317956e-02;2.218644e-02;2.833991e-02;4.467172e-02;4.103092e-02;1.560008e-02;2.997611e-02
7.338241e-03;1.606571e-01;5.661753e-01;2.637660e-02;2.654672e-02;2.899859e-02;3.559072e-02;2.249650e-02;4.963348e-02;4.241885e-02;1.276461e-02;2.100326e-02
2.626750e-02;1.600643e-01;5.611866e-01;2.617392e-02;3.548522e-02;2.356807e-02;2.854803e-02;1.650434e-02;5.742032e-02;4.553430e-02;8.312191e-03;1.093527e-02
6.194865e-02;1.775139e-01;5.061953e-01;3.195761e-02;3.066453e-02;2.362753e-02;2.150722e-02;1.703413e-02;6.762494e-02;4.199329e-02;8.435415e-03;1.149747e-02
9.498727e-02;1.877640e-01;4.273088e-01;3.885960e-02;3.367409e-02;2.311101e-02;2.870332e-02;2.898520e-02;6.082883e-02;4.173025e-02;1.570558e-02;1.834207e-02
1.195221e-01;1.624694e-01;3.053970e-01;4.470551e-02;6.405179e-02;3.375893e-02;6.819117e-02;4.277349e-02;3.507892e-02;5.195391e-02;3.392429e-02;3.817347e-02
5.294869e-02;8.488698e-02;2.599637e-01;8.064905e-02;1.191387e-01;5.156599e-02;7.565203e-02;4.067039e-02;8.548176e-02;7.534891e-02;3.146273e-02;4.223098e-02
4.038850e-02;5.748006e-02;1.671343e-01;7.871672e-02;1.566312e-01;7.357232e-02;1.330899e-01;4.569877e-02;7.381060e-02;9.342746e-02;4.811925e-02;3.193082e-02
6.553569e-02;4.633631e-02;1.460144e-01;5.949077e-02;1.452027e-01;7.698835e-02;1.386443e-01;5.020477e-02;6.613420e-02;9.635855e-02;7.366399e-02;3.542596e-02
7.108435e-02;6.010023e-02;1.788482e-01;7.850067e-02;1.118181e-01;6.303341e-02;1.275242e-01;5.948213e-02;6.254488e-02;9.060884e-02;6.440467e-02;3.205034e-02
4.254347e-02;4.324209e-02;1.929744e-01;9.485605e-02;1.087469e-01;5.496635e-02;1.681933e-01;5.781104e-02;5.662877e-02;7.968581e-02;7.570764e-02;2.464428e-02
3.051313e-02;4.947989e-02;1.086637e-01;1.269307e-01;1.039528e-01;7.798569e-02;1.686599e-01;5.736451e-02;4.643988e-02;9.245223e-02;7.610817e-02;6.144946e-02
3.210234e-02;5.026299e-02;1.166191e-01;1.400446e-01;9.010423e-02;9.102131e-02;1.526898e-01;5.388890e-02;3.385837e-02;1.027860e-01;4.484050e-02;9.178185e-02
4.756660e-02;3.839062e-02;2.261629e-01;9.329281e-02;6.473362e-02;5.576479e-02;2.193784e-01;3.843407e-02;3.708002e-02;6.213350e-02;6.244041e-02;5.462227e-02
6.610295e-02;3.704168e-02;2.719032e-01;9.334610e-02;5.441771e-02;5.049639e-02;2.342076e-01;4.228279e-02;3.164357e-02;4.149507e-02;3.711523e-02;3.994764e-02
7.279629e-02;3.435888e-02;3.321383e-01;9.724198e-02;7.181906e-02;5.812058e-02;1.431022e-01;3.777177e-02;3.198956e-02;5.614991e-02;3.376507e-02;3.074639e-02
5.486979e-02;4.529616e-02;3.499057e-01;7.320390e-02;8.082203e-02;5.360523e-02;1.469901e-01;2.460239e-02;4.793235e-02;5.833789e-02;4.750147e-02;1.693299e-02
4.901948e-02;5.053166e-02;4.101079e-01;6.785659e-02;4.625349e-02;4.827495e-02;1.182877e-01;2.462999e-02;4.289425e-02;5.222956e-02;5.685290e-02;3.306151e-02
7.543520e-02;6.524047e-02;3.838833e-01;5.567203e-02;6.789088e-02;5.137008e-02;8.625344e-02;3.306139e-02;2.084285e-02;5.545618e-02;6.234583e-02;4.254833e-02
9.550480e-02;5.507514e-02;2.566390e-01;4.094274e-02;8.486693e-02;6.245433e-02;1.384526e-01;4.531968e-02;4.141411e-02;7.077581e-02;6.210063e-02;4.645428e-02
1.004497e-01;5.785274e-02;2.186063e-01;5.055852e-02;7.020472e-02;5.877271e-02;1.547679e-01;4.872175e-02;5.834141e-02;6.591713e-02;6.040271e-02;5.540431e-02
4.920993e-02;5.642066e-02;2.571324e-01;3.932691e-02;8.877452e-02;5.229673e-02;2.271860e-01;3.880578e-02;4.788459e-02;4.816691e-02;4.596011e-02;4.883544e-02
5.762982e-02;4.983864e-02;2.603310e-01;4.172924e-02;1.078049e-01;6.089953e-02;1.553628e-01;5.025421e-02;4.233707e-02;7.551375e-02;6.099019e-02;3.730888e-02
1.070906e-01;7.190518e-02;2.700952e-01;4.902412e-02;7.571971e-02;3.957067e-02;1.060672e-01;4.665668e-02;5.617123e-02;7.777568e-02;6.590445e-02;3.401930e-02
8.482708e-02;6.494489e-02;3.156236e-01;4.624655e-02;4.315429e-02;2.021849e-02;1.985924e-01;3.489634e-02;4.113916e-02;6.465089e-02;5.080510e-02;3.490131e-02
5.221942e-02;5.277630e-02;3.531766e-01;3.620868e-02;7.690458e-02;4.671016e-02;1.950897e-01;2.959473e-02;2.336824e-02;5.320903e-02;4.707638e-02;3.366622e-02
4.359518e-02;3.120949e-02;4.052839e-01;3.990186e-02;1.064065e-01;6.770499e-02;1.039207e-01;2.358658e-02;4.684120e-02;4.577756e-02;5.878257e-02;2.698943e-02
6.428689e-02;5.255855e-02;3.055612e-01;3.502280e-02;7.541274e-02;5.683958e-02;2.145797e-01;2.236434e-02;3.662249e-02;5.499129e-02;6.266383e-02;1.909654e-02
8.757990e-02;6.588098e-02;2.679107e-01;4.685137e-02;9.332529e-02;5.957261e-02;1.846763e-01;1.613953e-02;3.052935e-02;6.241332e-02;6.288564e-02;2.223496e-02
8.932532e-02;6.918106e-02;2.791594e-01;6.847080e-02;1.029625e-01;5.698391e-02;9.010389e-02;2.431335e-02;3.310009e-02;9.300504e-02;7.380572e-02;1.958896e-02
8.058424e-02;5.336709e-02;2.722184e-01;5.942464e-02;5.221274e-02;4.085014e-02;2.272523e-01;1.879586e-02;2.504999e-02;8.621712e-02;5.573260e-02;2.829482e-02
5.997458e-02;3.391263e-02;2.117718e-01;3.509442e-02;8.854698e-02;5.903378e-02;3.189225e-01;2.804731e-02;2.561872e-02;6.028745e-02;4.051545e-02;3.827434e-02
5.563305e-02;3.459530e-02;2.634428e-01;4.292183e-02;7.123758e-02;5.961386e-02;3.019353e-01;2.776776e-02;2.313564e-02;4.022263e-02;4.851175e-02;3.098251e-02
6.068108e-02;1.952661e-02;3.493437e-01;4.874721e-02;6.312246e-02;3.578211e-02;1.924594e-01;2.799347e-02;3.556407e-02;7.547994e-02;6.036264e-02;3.093735e-02
8.067880e-02;3.600177e-02;3.115711e-01;4.397635e-02;7.247376e-02;3.952157e-02;1.692165e-01;3.958071e-02;3.921692e-02;7.579777e-02;6.141026e-02;3.055452e-02
9.549987e-02;2.750974e-02;3.259228e-01;4.127152e-02;9.547760e-02;5.212835e-02;1.330970e-01;4.158669e-02;3.089844e-02;5.632833e-02;7.493414e-02;2.534547e-02
7.086822e-02;2.044829e-02;3.075211e-01;4.098319e-02;1.034025e-01;5.605958e-02;1.723758e-01;3.687555e-02;3.460981e-02;6.670924e-02;6.297208e-02;2.717447e-02
4.067475e-02;3.435137e-02;3.232873e-01;4.902833e-02;8.377586e-02;5.705761e-02;1.858651e-01;4.064386e-02;4.688438e-02;6.800114e-02;4.522309e-02;2.520718e-02
3.734450e-02;3.517239e-02;3.630120e-01;4.498720e-02;5.463411e-02;5.187942e-02;2.330953e-01;3.707742e-02;2.972799e-02;4.704053e-02;4.825030e-02;1.777885e-02
3.820687e-02;3.376035e-02;3.584301e-01;4.710710e-02;9.520745e-02;6.447083e-02;1.635462e-01;2.109687e-02;2.673058e-02;6.213027e-02;6.752846e-02;2.178494e-02
4.100719e-02;2.822748e-02;3.015545e-01;5.446852e-02;8.898090e-02;5.833554e-02;1.946096e-01;1.994231e-02;3.970177e-02;7.279425e-02;7.377488e-02;2.660303e-02
5.214911e-02;1.114508e-02;1.736538e-01;5.687407e-02;8.826566e-02;4.414445e-02;2.323934e-01;5.272832e-02;7.288712e-02;9.776099e-02;8.721606e-02;3.078186e-02
8.760737e-02;5.137368e-02;1.958544e-01;2.911600e-02;9.620816e-02;5.314609e-02;1.365138e-01;4.487336e-02;6.256917e-02;9.668292e-02;9.193737e-02;5.411766e-02
9.794747e-02;4.268184e-02;2.988934e-01;4.971563e-02;7.429501e-02;3.291432e-02;1.646831e-01;3.871160e-02;4.227631e-02;4.211608e-02;5.801425e-02;5.775090e-02
1.013888e-01;3.196615e-02;2.252108e-01;4.721093e-02;6.012811e-02;3.525715e-02;2.558663e-01;4.512937e-02;4.537806e-02;5.861652e-02;4.856813e-02;4.527958e-02
8.208112e-02;3.457306e-02;1.979254e-01;3.993539e-02;4.040104e-02;3.784216e-02;3.225594e-01;3.280440e-02;3.461717e-02;8.208752e-02;6.318993e-02;3.198335e-02
3.141770e-02;1.750366e-02;3.622352e-01;3.570443e-02;8.811221e-02;3.900944e-02;2.376159e-01;1.335220e-02;2.468975e-02;6.813609e-02;5.968591e-02;2.253748e-02
3.128505e-02;2.300226e-02;4.301308e-01;3.461931e-02;7.344817e-02;3.104024e-02;2.216725e-01;1.521383e-02;1.392530e-02;5.430484e-02;5.133186e-02;2.002583e-02
6.029876e-02;4.628133e-02;3.883270e-01;3.060423e-02;4.885886e-02;2.743476e-02;2.118735e-01;2.263537e-02;3.453844e-02;5.598652e-02;5.247491e-02;2.068630e-02
9.088056e-02;5.663943e-02;3.581410e-01;4.362184e-02;8.190871e-02;3.210398e-02;1.415779e-01;3.469283e-02;4.544562e-02;3.970466e-02;5.318720e-02;2.209632e-02
9.504378e-02;4.143007e-02;2.332180e-01;6.131337e-02;1.352763e-01;2.846635e-02;1.001192e-01;5.798376e-02;5.163530e-02;8.529480e-02;7.752775e-02;3.269138e-02
6.987237e-02;3.978280e-02;2.275916e-01;5.638668e-02;7.470942e-02;2.922523e-02;1.767838e-01;5.911534e-02;6.189133e-02;1.040859e-01;6.830800e-02;3.224748e-02
3.563419e-02;5.322801e-02;2.887114e-01;4.243826e-02;6.890791e-02;5.021884e-02;2.311866e-01;4.666552e-02;4.351762e-02;7.070182e-02;5.124860e-02;1.754119e-02
2.078993e-02;4.756411e-02;2.584657e-01;3.074977e-02;5.098035e-02;4.369704e-02;2.744476e-01;3.859023e-02;4.172804e-02;8.730716e-02;8.324486e-02;2.243519e-02
3.699945e-02;4.023207e-02;2.896387e-01;3.964072e-02;9.371538e-02;5.081861e-02;1.992042e-01;3.357125e-02;4.227847e-02;7.946415e-02;6.970289e-02;2.473406e-02
