4.196460e-02;2.050350e-01;2.466599e-01;3.284662e-02;1.478898e-02;1.239452e-01;5.438193e-02;1.356544e-01;6.686744e-02;3.661167e-02;1.708461e-02;2.415979e-02
4.825492e-02;2.556877e-01;2.401054e-01;2.529568e-02;1.518898e-02;9.816706e-02;4.311953e-02;1.418791e-01;6.718733e-02;2.911376e-02;1.585360e-02;2.014685e-02
5.255026e-02;3.241967e-01;2.127494e-01;2.606623e-02;2.051407e-02;5.695082e-02;3.624528e-02;1.308075e-01;8.441186e-02;2.072966e-02;1.467570e-02;2.010246e-02
3.808123e-02;3.819944e-01;2.279463e-01;2.451815e-02;1.763572e-02;4.325564e-02;2.289033e-02;6.947882e-02;9.825677e-02;4.546602e-02;1.271474e-02;1.776188e-02
2.332720e-02;3.531862e-01;3.373622e-01;1.923306e-02;1.090953e-02;4.550990e-02;2.132500e-02;2.250656e-02;7.406829e-02;6.818056e-02;1.177571e-02;1.261577e-02
2.143707e-02;3.334045e-01;4.003968e-01;2.350448e-02;1.147404e-02;4.746826e-02;2.171727e-02;1.326820e-02;3.941670e-02;6.408421e-02;1.525866e-02;8.569832e-03
3.392544e-02;3.329345e-01;4.057074e-01;3.291152e-02;1.400950e-02;5.376871e-02;2.008927e-02;2.991219e-02;1.878360e-02;3.790651e-02;1.051099e-02;9.540439e-03
4.311068e-02;3.225009e-01;4.007719e-01;3.428048e-02;9.074196e-03;5.791138e-02;1.584321e-02;3.206269e-02;4.181985e-02;2.543293e-02;7.736235e-03;9.455596e-03
4.362820e-02;2.902775e-01;4.268051e-01;2.490355e-02;8.344443e-03;2.981654e-02;1.043973e-02;3.251968e-02;6.525046e-02;4.558775e-02;1.270632e-02;9.720776e-03
3.094959e-02;2.596336e-01;4.480368e-01;2.554318e-02;7.520626e-03;2.009860e-02;1.609549e-02;4.233395e-02;7.419479e-02;3.890900e-02;2.439036e-02;1.229398e-02
3.541811e-02;2.698310e-01;3.380453e-01;4.947528e-02;1.900345e-02;4.785517e-02;3.571388e-02;6.447797e-02;5.328448e-02;2.734851e-02;4.251648e-02;1.703038e-02
3.152070e-02;2.254544e-01;2.087240e-01;6.356300e-02;3.585189e-02;7.616687e-02;5.760495e-02;1.141448e-01;6.225024e-02;4.016151e-02;6.341817e-02;2.113942e-02
1.588492e-02;1.593012e-01;1.175588e-01;4.042354e-02;8.364982e-02;1.965103e-01;6.733492e-02;1.175256e-01;6.975561e-02;3.680619e-02;6.584648e-02;2.940256e-02
3.125150e-02;8.862297e-02;1.440884e-01;7.057749e-02;1.102581e-01;2.674840e-01;6.507135e-02;8.495170e-02;4.405269e-02;1.995428e-02;4.364065e-02;3.004672e-02
3.701659e-02;6.583045e-02;1.437437e-01;9.376097e-02;1.152191e-01;2.782090e-01;7.463367e-02;7.402643e-02;3.273366e-02;9.867701e-03;4.047968e-02;3.447900e-02
4.818751e-02;6.050907e-02;1.360310e-01;1.117879e-01;6.288478e-02;2.163198e-01;1.146079e-01;7.456233e-02;3.825978e-02;1.015187e-02;4.389359e-02;8.280443e-02
4.215821e-02;3.298447e-02;5.756688e-02;6.421358e-02;1.399242e-01;2.593997e-01;1.094065e-01;4.313754e-02;5.603704e-02;1.182351e-02;1.975721e-02;1.635913e-01
2.906556e-02;1.768485e-02;3.351536e-02;4.234713e-02;1.843820e-01;2.374480e-01;8.927558e-02;2.588165e-02;6.090826e-02;1.067850e-02;2.181829e-02;2.469948e-01
6.253697e-03;1.785071e-02;4.654241e-02;5.340077e-02;2.123113e-01;1.472426e-01;7.696883e-02;1.495216e-02;4.651359e-02;6.134756e-03;2.825183e-02;3.435773e-01
7.516843e-03;1.741501e-02;3.335118e-02;5.612007e-02;2.110402e-01;1.330537e-01;6.590081e-02;1.283843e-02;2.851129e-02;4.454658e-03;3.510783e-02;3.946899e-01
1.072588e-02;1.431261e-02;3.557334e-02;6.200119e-02;2.035130e-01;1.283383e-01;4.484797e-02;2.043905e-02;2.928861e-02;7.526409e-03;4.494227e-02;3.984914e-01
6.689982e-03;1.918315e-02;5.539436e-02;8.267133e-02;1.987600e-01;1.321834e-01;2.408922e-02;1.678475e-02;3.981731e-02;9.239971e-03;5.194830e-02;3.632382e-01
1.071066e-02;3.357971e-02;5.104782e-02;1.038921e-01;2.087012e-01;1.533103e-01;2.247036e-02;1.658064e-02;3.299631e-02;6.893808e-03;6.019225e-02;2.996248e-01
1.661711e-02;4.305363e-02;4.413316e-02;1.293165e-01;2.281518e-01;1.899748e-01;1.890316e-02;2.428376e-02;2.381622e-02;5.732410e-03;4.401782e-02;2.319997e-01
1.953987e-02;6.058313e-02;1.087546e-01;1.353337e-01;1.755739e-01;1.881531e-01;2.499141e-02;2.971147e-02;2.322896e-02;1.462230e-02;6.736451e-02;1.521431e-01
1.965408e-02;9.189755e-02;2.068171e-01;1.215766e-01;9.845036e-02;1.801927e-01;2.472660e-02;2.966453e-02;2.331639e-02;1.382326e-02;8.679761e-02;1.030832e-01
2.195420e-02;1.474896e-01;2.640652e-01;6.880846e-02;8.918554e-02;1.836399e-01;2.159394e-02;3.642958e-02;2.610383e-02;1.314719e-02;5.373428e-02;7.384825e-02
3.960681e-02;1.610101e-01;1.780356e-01;8.317401e-02;1.415443e-01;1.781763e-01;4.537449e-02;3.259554e-02;2.611537e-02;9.449814e-03;1.006288e-02;9.485482e-02
2.729400e-02;1.242460e-01;1.537097e-01;9.915936e-02;1.839592e-01;1.550872e-01;4.688326e-02;3.862010e-02;2.424383e-02;9.689080e-03;3.144818e-02;1.056601e-01
3.198674e-02;1.450157e-01;1.263862e-01;6.663353e-02;2.050153e-01;1.269907e-01;4.123225e-02;5.844715e-02;3.129752e-02;1.204508e-02;3.604181e-02;1.189079e-01
3.002580e-02;1.539577e-01;8.062363e-02;8.931866e-02;2.417163e-01;1.076867e-01;4.209110e-02;6.417925e-02;5.396080e-02;1.081598e-02;2.911471e-02;9.650933e-02
2.111635e-02;1.441799e-01;1.651868e-01;1.274431e-01;2.386572e-01;1.127609e-01;2.271004e-02;4.906482e-02;4.244604e-02;7.769463e-03;1.181596e-02;5.684945e-02
1.638100e-02;1.324775e-01;1.681207e-01;1.181831e-01;2.376740e-01;1.448656e-01;3.402488e-02;4.201272e-02;2.245481e-02;5.915821e-03;1.822156e-02;5.966831e-02
2.217976e-02;1.334592e-01;1.567963e-01;8.461375e-02;2.416616e-01;1.299778e-01;6.108002e-02;3.230570e-02;3.456698e-02;7.444523e-03;2.397830e-02;7.193600e-02
3.243123e-02;1.331446e-01;1.608040e-01;6.655926e-02;2.006305e-01;1.202094e-01;6.951527e-02;4.489984e-02;4.477463e-02;1.028472e-02;2.099347e-02;9.575313e-02
2.494486e-02;8.869183e-02;9.885438e-02;1.262396e-01;1.654096e-01;1.594094e-01;5.100566e-02;5.011387e-02;3.589268e-02;1.753746e-02;4.573713e-02;1.361635e-01
2.295444e-02;7.702672e-02;6.017831e-02;1.483695e-01;1.553339e-01;1.501865e-01;4.744208e-02;5.120300e-02;3.593359e-02;2.167341e-02;4.663609e-02;1.830625e-01
1.673009e-02;7.556237e-02;1.225529e-01;1.173770e-01;1.115251e-01;1.971656e-01;3.493317e-02;4.826083e-02;2.431598e-02;2.409383e-02;3.013525e-02;1.973479e-01
2.074048e-02;1.098043e-01;1.485225e-01;8.665954e-02;5.498895e-02;2.375189e-01;2.837549e-02;6.044987e-02;3.404267e-02;1.965257e-02;1.872620e-02;1.805185e-01
3.044732e-02;2.103200e-01;2.262058e-01;6.683145e-02;2.032633e-02;1.742852e-01;2.004480e-02;6.105651e-02;3.704551e-02;1.488775e-02;2.294373e-02;1.156057e-01
5.518242e-02;2.871366e-01;2.721143e-01;5.166781e-02;4.244743e-02;1.293542e-01;2.316726e-02;5.238285e-02;2.335758e-02;1.392190e-02;1.929676e-02;2.997098e-02
1.047414e-01;3.036538e-01;2.252718e-01;3.606738e-02;4.737650e-02;1.033754e-01;3.121891e-02;6.067150e-02;1.977091e-02;1.054938e-02;2.372460e-02;3.357826e-02
1.478477e-01;2.623654e-01;1.982040e-01;2.931446e-02;4.348398e-02;7.079747e-02;2.736818e-02;1.129828e-01;2.170798e-02;8.878253e-03;2.342820e-02;5.362158e-02
1.704285e-01;1.916010e-01;1.319882e-01;2.726358e-02;3.718587e-02;4.541907e-02;7.449659e-02;1.543863e-01;1.426624e-02;1.145216e-02;2.294461e-02;1.185679e-01
1.333447e-01;1.404552e-01;4.546297e-02;2.555421e-02;2.858812e-02;7.906922e-02;1.914371e-01;1.632801e-01;1.825120e-02;2.350819e-02;1.367295e-02;1.373760e-01
6.803138e-02;1.161386e-01;5.658799e-02;3.380701e-02;2.973104e-02;8.738181e-02;2.666270e-01;1.419930e-01;1.734839e-02;2.972651e-02;1.560820e-02;1.370191e-01
5.283542e-02;1.084746e-01;8.241362e-02;3.636201e-02;2.028118e-02;5.588857e-02;2.951182e-01;1.065448e-01;1.381908e-02;2.403795e-02;1.567139e-02;1.885532e-01
5.115039e-02;9.170618e-02;4.050840e-02;4.257149e-02;1.129468e-02;2.768229e-02;3.528451e-01;9.606136e-02;1.751648e-02;1.592430e-02;1.596399e-02;2.367753e-01
3.329731e-02;5.137702e-02;3.293632e-02;4.914273e-02;2.470581e-02;5.653070e-02;3.833289e-01;6.866265e-02;1.341248e-02;1.265837e-02;1.765286e-02;2.562948e-01
2.146605e-02;6.543865e-02;4.001432e-02;5.157580e-02;2.007869e-02;6.771720e-02;3.910957e-01;3.274503e-02;1.633500e-02;1.508749e-02;2.576776e-02;2.526783e-01
4.451571e-02;7.673656e-02;2.331012e-02;5.464199e-02;1.268079e-02;9.873242e-02;3.780095e-01;2.243427e-02;2.292450e-02;1.528224e-02;2.416170e-02;2.265702e-01
5.692835e-02;1.004253e-01;4.163000e-02;5.006634e-02;1.396753e-02;1.177049e-01;3.135268e-01;5.239639e-02;2.620689e-02;2.313476e-02;1.073530e-02;1.932774e-01
6.784900e-02;1.379479e-01;9.717967e-02;3.018792e-02;2.517323e-02;1.021976e-01;1.852943e-01;6.998172e-02;5.271473e-02;2.638169e-02;2.289625e-02;1.821959e-01
6.501730e-02;1.305532e-01;8.022694e-02;1.601665e-02;3.946796e-02;1.534146e-01;8.308478e-02;8.530804e-02;8.042452e-02;2.323960e-02;2.464983e-02;2.185966e-01
5.150812e-02;1.182016e-01;1.413326e-01;4.009513e-02;3.372736e-02;1.472020e-01;5.453816e-02;5.451589e-02;6.151073e-02;1.680083e-02;4.395583e-02;2.366117e-01
5.035757e-02;1.232191e-01;9.787514e-02;3.700219e-02;2.729647e-02;1.449133e-01;1.232871e-01;5.104987e-02;4.848123e-02;8.796119e-03;2.457269e-02;2.631492e-01
5.875893e-02;9.891986e-02;5.410240e-02;2.106184e-02;3.426044e-02;1.503593e-01;2.334134e-01;3.875414e-02;3.047711e-02;1.017267e-02;4.007719e-02;2.296427e-01
4.486864e-02;7.409994e-02;8.394812e-02;2.910400e-02;4.592702e-02;1.114428e-01;2.536084e-01;7.026572e-02;2.702465e-02;1.027820e-02;3.707135e-02;2.123611e-01
3.970321e-02;9.620219e-02;1.073795e-01;2.741463e-02;6.412048e-02;6.362819e-02;2.771066e-01;6.779860e-02;2.478804e-02;9.630266e-03;3.613376e-02;1.860946e-01
5.274448e-02;1.728517e-01;1.056328e-01;4.450825e-02;7.610541e-02;5.461226e-02;2.788726e-01;4.333212e-02;1.945048e-02;1.453852e-02;4.685450e-02;9.049693e-02
5.506557e-02;2.007289e-01;8.850315e-02;5.433730e-02;6.873310e-02;8.360828e-02;2.719178e-01;2.947330e-02;3.138896e-02;1.918696e-02;3.145644e-02;6.560017e-02
5.359900e-02;2.093918e-01;1.169980e-01;3.185795e-02;6.069469e-02;5.508814e-02;2.348132e-01;6.066176e-02;2.489975e-02;2.233405e-02;1.764808e-02;1.120136e-01
6.003312e-02;2.124137e-01;1.139935e-01;2.643124e-02;6.667536e-02;6.463818e-02;1.935663e-01;8.198915e-02;2.635790e-02;2.022672e-02;2.728041e-02;1.063945e-01
7.012483e-02;1.978431e-01;1.484135e-01;6.200878e-02;7.404899e-02;5.724793e-02;1.044786e-01;1.002163e-01;4.769593e-02;2.953920e-02;2.639926e-02;8.198372e-02
6.365910e-02;1.756802e-01;1.100695e-01;8.133861e-02;7.064678e-02;1.139091e-01;4.121633e-02;1.186289e-01;7.248553e-02;4.159572e-02;2.987664e-02;8.089349e-02
4.510941e-02;1.424247e-01;1.368635e-01;7.488368e-02;6.447977e-02;1.301146e-01;6.922919e-02;1.196943e-01;6.878432e-02;3.012587e-02;2.790973e-02;9.038101e-02
4.099867e-02;2.028869e-01;2.397076e-01;4.732398e-02;5.143373e-02;1.335054e-01;3.691544e-02;1.024284e-01;5.740967e-02;1.697484e-02;1.964851e-02;5.076689e-02
7.054389e-02;2.978089e-01;2.364976e-01;3.535461e-02;5.243897e-02;7.349726e-02;1.170736e-02;1.156541e-01;4.473019e-02;1.211319e-02;1.792769e-02;3.172626e-02
1.210124e-01;3.336064e-01;1.769046e-01;1.876615e-02;6.174985e-02;2.276600e-02;2.574411e-02;1.571818e-01;3.111181e-02;1.079747e-02;1.369864e-02;2.666068e-02
1.671207e-01;2.447555e-01;9.971549e-02;1.973246e-02;6.163828e-02;3.242127e-02;3.735382e-02;2.316983e-01;3.370246e-02;1.123796e-02;9.838873e-03;5.078489e-02
1.541926e-01;1.435889e-01;3.987096e-02;3.958090e-02;5.128268e-02;3.986830e-02;8.703484e-02;2.884158e-01;4.204886e-02;2.073045e-02;1.582660e-02;7.755914e-02
1.190233e-01;1.128571e-01;5.117274e-02;5.832992e-02;4.346674e-02;3.143223e-02;1.509353e-01;2.884040e-01;4.726991e-02;2.727245e-02;1.560501e-02;5.423122e-02
1.034212e-01;1.295675e-01;7.379224e-02;6.600366e-02;2.414120e-02;3.283210e-02;1.778839e-01;2.446644e-01;4.101288e-02;1.787699e-02;1.146422e-02;7.733969e-02
9.456570e-02;1.294283e-01;6.588614e-02;7.544204e-02;2.548815e-02;3.491570e-02;2.032521e-01;2.282534e-01;3.497274e-02;2.047975e-02;8.029148e-03;7.928675e-02
8.682964e-02;1.182449e-01;2.886521e-02;8.795843e-02;1.167515e-02;4.598935e-02;2.413083e-01;2.439717e-01;3.857090e-02;2.544313e-02;1.216152e-02;5.898167e-02
6.627938e-02;1.022368e-01;4.382419e-02;1.013815e-01;2.295277e-02;5.479185e-02;2.485492e-01;2.098805e-01;3.496417e-02;2.362866e-02;1.376208e-02;7.774897e-02
4.774681e-02;9.652344e-02;5.707383e-02;1.073491e-01;1.831214e-02;4.924718e-02;2.816060e-01;1.733632e-01;2.544003e-02;2.398997e-02;1.366694e-02;1.056814e-01
6.330817e-02;6.385543e-02;2.466868e-02;1.227233e-01;1.064062e-02;3.362800e-02;3.445539e-01;1.603979e-01;1.730272e-02;2.518983e-02;1.138397e-02;1.223474e-01
5.166640e-02;5.937119e-02;4.854297e-02;1.203414e-01;1.194833e-02;3.210128e-02;3.720588e-01;1.392784e-01;1.759038e-02;2.011061e-02;2.473638e-02;1.022539e-01
3.483796e-02;7.719581e-02;6.241619e-02;1.070908e-01;1.620626e-02;2.586937e-02;3.956764e-01;1.185502e-01;2.215335e-02;1.629534e-02;2.668979e-02;9.701852e-02
4.561440e-02;9.687868e-02;4.071812e-02;8.640837e-02;1.562001e-02;2.784261e-02;3.911493e-01;1.248112e-01;2.430429e-02;2.110540e-02;2.133580e-02;1.042117e-01
4.533925e-02;9.198800e-02;4.198845e-02;7.254644e-02;1.486566e-02;3.238732e-02;4.130486e-01;9.809721e-02;2.834266e-02;2.615539e-02;1.213379e-02;1.231072e-01
4.702047e-02;7.817081e-02;3.229959e-02;5.572348e-02;1.675463e-02;3.841611e-02;4.203184e-01;1.019552e-01;3.549068e-02;2.485067e-02;1.544439e-02;1.335555e-01
4.403960e-02;6.451751e-02;4.839117e-02;4.581476e-02;1.460002e-02;4.132234e-02;4.175942e-01;1.159298e-01;3.111134e-02;3.806363e-02;1.355596e-02;1.250597e-01
4.474473e-02;6.912584e-02;4.572237e-02;5.456410e-02;1.096247e-02;7.486896e-02;4.222603e-01;6.894085e-02;3.062369e-02;3.896044e-02;2.342067e-02;1.158056e-01
4.506617e-02;1.216108e-01;5.477688e-02;5.832855e-02;2.167385e-02;1.368244e-01;3.315600e-01;5.379150e-02;3.630586e-02;2.498074e-02;2.418106e-02;9.090010e-02
4.479189e-02;1.675926e-01;8.073751e-02;6.404463e-02;3.655344e-02;1.547449e-01;2.143531e-01;6.149675e-02;5.059676e-02;2.497796e-02;2.199416e-02;7.811632e-02
5.964428e-02;2.790030e-01;1.387947e-01;5.776832e-02;3.296331e-02;9.487576e-02;9.567871e-02;6.987765e-02;4.900112e-02;2.661119e-02;2.110666e-02;7.467533e-02
6.587683e-02;2.780736e-01;1.310777e-01;6.692559e-02;3.274467e-02;6.620089e-02;1.149329e-01;8.830405e-02;6.084422e-02;3.097467e-02;1.200936e-02;5.203542e-02
7.290061e-02;2.100969e-01;5.653004e-02;6.256402e-02;4.009341e-02;7.554771e-02;1.989281e-01;9.362586e-02;5.892588e-02;3.325833e-02;2.264032e-02;7.488888e-02
7.757163e-02;1.411162e-01;8.029628e-02;5.559500e-02;3.375946e-02;7.903416e-02;2.632833e-01;8.519288e-02;3.970775e-02;3.026934e-02;1.349254e-02;1.006814e-01
6.204622e-02;1.027343e-01;7.494295e-02;4.162214e-02;2.691372e-02;8.104396e-02;3.131774e-01;8.782867e-02;3.379365e-02;2.665252e-02;2.899337e-02;1.202511e-01
3.730202e-02;9.455382e-02;6.986148e-02;2.959989e-02;2.313964e-02;8.861760e-02;3.410815e-01;1.103091e-01;3.554191e-02;2.648387e-02;3.424226e-02;1.092670e-01
4.706891e-02;1.102105e-01;9.348109e-02;2.396080e-02;2.475231e-02;8.545528e-02;3.330050e-01;9.834499e-02;4.748807e-02;2.739749e-02;4.396823e-02;6.486732e-02
3.930797e-02;9.027034e-02;6.444427e-02;2.436792e-02;3.374304e-02;1.273439e-01;3.786126e-01;6.006102e-02;4.073489e-02;1.702527e-02;5.462060e-02;6.946814e-02
2.809530e-02;7.239556e-02;5.659991e-02;4.074485e-02;2.848572e-02;1.197565e-01;4.168687e-01;2.992996e-02;3.109944e-02;1.876168e-02;4.745499e-02;1.098073e-01
3.379996e-02;7.390518e-02;3.822530e-02;6.495091e-02;1.820410e-02;7.142500e-02;4.248530e-01;4.347757e-02;2.368452e-02;3.667131e-02;2.741844e-02;1.433847e-01
3.462647e-02;8.025454e-02;2.829812e-02;8.366735e-02;2.545817e-02;3.419188e-02;4.071552e-01;6.039989e-02;3.245623e-02;4.987133e-02;1.967618e-02;1.439446e-01
6.139630e-02;1.177423e-01;5.009576e-02;7.491668e-02;3.509500e-02;5.561560e-02;3.223180e-01;7.995202e-02;3.791529e-02;3.886858e-02;2.845953e-02;9.762502e-02
7.442936e-02;1.747701e-01;7.553218e-02;4.995909e-02;3.697159e-02;1.064924e-01;2.191709e-01;8.738078e-02;4.318276e-02;2.899779e-02;2.679025e-02;7.632286e-02
6.305209e-02;2.489998e-01;1.610721e-01;2.476355e-02;3.213743e-02;9.270821e-02;1.391060e-01;8.782083e-02;3.386332e-02;2.318636e-02;1.370495e-02;7.958529e-02
7.584033e-02;2.805578e-01;1.769722e-01;3.170631e-02;2.570886e-02;5.839087e-02;1.305406e-01;7.569295e-02;3.757788e-02;2.088179e-02;1.932501e-02;6.680530e-02
7.583591e-02;3.128399e-01;1.646867e-01;2.831823e-02;2.217397e-02;3.029424e-02;1.593127e-01;7.226263e-02;3.399163e-02;2.078741e-02;2.496017e-02;5.453663e-02
9.147238e-02;2.855036e-01;1.071327e-01;1.925742e-02;2.845447e-02;4.522543e-02;1.783117e-01;8.103602e-02;3.676730e-02;3.458951e-02;4.218614e-02;5.006336e-02
8.779494e-02;2.192845e-01;7.773872e-02;3.094686e-02;4.385071e-02;8.735748e-02;1.856334e-01;9.610087e-02;4.849572e-02;3.555926e-02;4.038275e-02;4.685484e-02
5.942966e-02;1.941940e-01;1.512389e-01;4.762998e-02;3.861496e-02;4.829796e-02;2.138437e-01;9.835760e-02;3.999570e-02;3.318856e-02;3.005129e-02;4.515770e-02
4.489571e-02;1.219498e-01;1.565708e-01;7.294428e-02;2.464234e-02;6.235833e-02;2.451580e-01;8.055604e-02;4.168153e-02;3.368997e-02;4.017520e-02;7.537801e-02
5.544111e-02;1.186775e-01;1.391160e-01;6.987000e-02;3.794713e-02;7.727664e-02;1.621127e-01;7.068105e-02;4.571600e-02;4.268181e-02;6.836165e-02;1.121185e-01
8.538722e-02;1.540196e-01;1.342898e-01;5.252795e-02;4.180294e-02;1.184884e-01;9.273694e-02;6.000110e-02;3.851806e-02;3.895205e-02;7.266239e-02;1.106136e-01
8.974157e-02;1.752368e-01;1.283113e-01;6.466597e-02;3.702037e-02;1.192616e-01;7.747775e-02;5.405061e-02;2.947786e-02;6.222441e-02;7.203182e-02;9.049990e-02
4.362533e-02;1.398269e-01;2.372699e-01;5.976933e-02;3.441587e-02;9.133582e-02;4.702564e-02;5.759912e-02;7.654963e-02;1.192325e-01;4.704471e-02;4.630529e-02
2.482954e-02;2.130975e-01;2.638788e-01;3.724158e-02;2.546390e-02;6.885359e-02;2.189806e-02;4.821226e-02;1.006395e-01;1.353093e-01;3.074944e-02;2.982659e-02
2.674536e-02;2.611737e-01;2.294851e-01;2.469457e-02;1.624458e-02;4.699641e-02;2.491333e-02;5.092838e-02;1.423130e-01;1.271663e-01;2.871278e-02;2.062645e-02
2.463010e-02;2.830214e-01;1.564183e-01;3.074192e-02;1.679885e-02;6.207433e-02;4.418652e-02;5.054148e-02;2.085214e-01;7.386456e-02;3.179096e-02;1.741016e-02
3.143134e-02;2.714532e-01;1.232198e-01;2.580964e-02;2.511368e-02;6.378940e-02;7.161868e-02;7.101656e-02;2.431270e-01;2.037731e-02;3.228646e-02;2.075691e-02
7.169472e-02;1.964731e-01;9.535678e-02;1.449828e-02;4.100394e-02;5.533284e-02;6.949733e-02;1.576135e-01;1.881609e-01;3.251714e-02;5.700421e-02;2.084725e-02
9.026070e-02;1.681929e-01;9.137326e-02;1.777673e-02;3.999053e-02;3.583155e-02;1.023439e-01;2.012739e-01;1.288733e-01;2.389099e-02;8.581520e-02;1.437703e-02
8.868326e-02;1.690402e-01;7.859094e-02;2.500966e-02;4.397503e-02;6.070205e-02;1.045481e-01;2.004548e-01;9.925192e-02;2.294273e-02;6.860750e-02;3.819372e-02
7.681663e-02;1.472815e-01;1.192821e-01;2.272756e-02;4.566680e-02;8.941454e-02;1.108779e-01;1.820935e-01;7.032833e-02;1.981098e-02;6.147171e-02;5.422852e-02
3.632510e-02;2.171098e-01;2.560009e-01;3.510165e-02;2.390794e-02;8.127287e-02;5.654842e-02;1.147131e-01;8.605680e-02;2.501750e-02;2.995849e-02;3.798744e-02
2.217445e-02;2.730514e-01;3.258432e-01;3.498968e-02;1.209310e-02;5.587761e-02;4.011663e-02;6.463110e-02;8.807354e-02;4.882987e-02;1.324007e-02;2.107942e-02
2.893755e-02;2.951428e-01;3.548414e-01;2.213055e-02;1.072097e-02;5.060001e-02;4.264850e-02;4.148924e-02;7.209331e-02;4.709520e-02;1.699996e-02;1.730049e-02
3.632527e-02;2.937964e-01;3.908570e-01;1.848011e-02;2.078179e-02;5.339153e-02;4.326824e-02;3.062679e-02;4.689899e-02;3.984513e-02;1.150955e-02;1.421913e-02
3.524611e-02;2.074582e-01;3.753172e-01;3.981431e-02;2.925769e-02;6.043873e-02;4.446325e-02;4.325825e-02;5.198325e-02;7.822178e-02;2.267350e-02;1.186764e-02
3.059285e-02;1.687049e-01;3.512252e-01;5.910208e-02;3.204750e-02;7.398585e-02;5.022230e-02;3.912422e-02;4.900993e-02;9.964292e-02;3.409113e-02;1.225114e-02
3.982059e-02;1.711381e-01;3.829609e-01;6.201503e-02;3.088198e-02;3.271503e-02;5.053259e-02;3.026862e-02;3.708168e-02;1.064025e-01;4.550403e-02;1.067906e-02
4.475688e-02;2.188030e-01;3.965843e-01;4.461110e-02;2.769035e-02;2.297707e-02;3.942420e-02;3.198598e-02;3.360000e-02;9.310561e-02;3.765744e-02;8.804089e-03
3.505718e-02;2.856503e-01;4.009691e-01;2.673752e-02;2.022268e-02;4.612635e-02;2.866392e-02;2.953743e-02;3.137293e-02;5.314988e-02;3.257199e-02;9.940702e-03
2.665684e-02;3.555530e-01;3.998935e-01;2.193652e-02;1.112050e-02;2.401145e-02;1.755113e-02;3.662651e-02;2.843990e-02;3.334704e-02;2.887496e-02;1.598867e-02
5.208322e-02;3.664757e-01;3.681873e-01;1.762370e-02;8.000971e-03;2.174505e-02;1.331023e-02;4.133575e-02;2.446022e-02;4.699777e-02;2.012698e-02;1.965312e-02
6.112040e-02;3.253202e-01;3.663759e-01;2.043506e-02;1.076216e-02;2.270931e-02;2.260584e-02;5.813539e-02;3.733039e-02;4.542391e-02;1.161513e-02;1.816633e-02
5.259418e-02;2.688961e-01;3.288202e-01;3.445591e-02;2.291363e-02;5.315376e-02;3.775999e-02;6.222219e-02;7.943773e-02;3.000817e-02;1.575282e-02;1.398536e-02
3.274315e-02;1.929840e-01;2.804526e-01;5.132102e-02;4.165860e-02;9.161243e-02;4.028605e-02;5.073937e-02;6.616185e-02;6.479911e-02;5.540581e-02;3.183601e-02
4.072020e-02;1.489749e-01;2.708436e-01;7.518401e-02;5.878761e-02;8.142306e-02;6.396186e-02;5.211869e-02;2.191957e-02;9.640746e-02;6.999547e-02;1.966357e-02
6.271195e-02;1.138700e-01;2.783541e-01;1.052789e-01;5.017750e-02;4.672072e-02;7.187480e-02;3.287044e-02;2.263458e-02;1.083246e-01;9.334456e-02;1.383775e-02
8.332371e-02;8.240242e-02;2.816409e-01;1.220929e-01;2.446357e-02;4.139100e-02;5.958823e-02;1.705477e-02;2.984824e-02;1.174046e-01;1.190039e-01;2.178568e-02
1.027323e-01;8.714408e-02;3.151118e-01;1.083697e-01;1.584902e-02;3.104991e-02;3.942439e-02;1.616976e-02;2.739356e-02;1.173051e-01;1.175388e-01;2.191161e-02
1.131355e-01;7.273472e-02;3.032293e-01;1.042304e-01;2.520695e-02;2.425664e-02;3.776050e-02;3.389787e-02;2.275924e-02;1.047523e-01;1.342433e-01;2.379329e-02
7.858177e-02;7.022123e-02;2.636146e-01;1.187010e-01;2.027539e-02;3.027812e-02;4.773523e-02;4.837547e-02;3.118805e-02;7.456240e-02;1.896073e-01;2.685945e-02
3.466721e-02;8.779057e-02;2.397894e-01;1.494425e-01;1.633979e-02;5.057472e-02;3.738109e-02;5.584707e-02;3.134317e-02;3.972176e-02;2.304151e-01;2.668765e-02
2.918074e-02;7.360377e-02;1.688985e-01;1.855561e-01;2.956429e-02;7.976152e-02;4.437511e-02;7.918014e-02;1.707502e-02;1.742303e-02;2.612504e-01;1.413150e-02
2.101709e-02;1.200704e-01;1.299847e-01;1.704208e-01;4.951366e-02;8.293098e-02;4.304912e-02;8.266895e-02;1.503235e-02;2.106712e-02;2.345916e-01;2.965328e-02
1.790204e-02;1.502832e-01;8.932856e-02;1.317473e-01;1.004283e-01;9.623695e-02;3.125830e-02;6.224348e-02;1.828466e-02;2.256338e-02;1.835027e-01;9.622113e-02
1.400964e-02;9.565283e-02;9.383983e-02;7.083065e-02;1.684188e-01;1.141184e-01;5.318262e-02;2.969586e-02;2.594887e-02;3.394729e-02;1.124718e-01;1.878834e-01
9.971575e-03;4.045391e-02;1.006054e-01;4.993369e-02;1.940155e-01;1.569074e-01;7.525896e-02;2.452095e-02;4.692734e-02;1.911462e-02;4.765186e-02;2.346388e-01
2.321495e-02;2.741777e-02;1.362957e-01;4.947751e-02;1.649646e-01;2.164098e-01;5.876278e-02;2.804188e-02;5.312413e-02;1.566861e-02;3.370837e-02;1.929139e-01
4.374284e-02;4.508412e-02;1.822333e-01;2.317756e-02;1.264167e-01;3.100397e-01;3.077227e-02;1.903342e-02;4.286261e-02;9.909878e-03;2.423809e-02;1.424896e-01
7.818400e-02;4.815017e-02;1.216749e-01;2.404021e-02;8.810487e-02;3.870817e-01;2.818807e-02;2.483810e-02;2.564741e-02;1.364183e-02;5.368835e-02;1.067604e-01
1.141728e-01;4.631044e-02;6.891619e-02;3.594274e-02;4.438099e-02;4.512337e-01;1.651771e-02;4.133638e-02;2.313768e-02;1.443804e-02;5.973323e-02;8.388008e-02
1.038361e-01;5.124461e-02;6.470310e-02;4.450835e-02;6.079676e-02;4.531015e-01;2.545420e-02;6.114630e-02;1.294267e-02;2.516014e-02;5.126443e-02;4.584185e-02
9.325540e-02;5.021132e-02;5.102388e-02;4.019764e-02;8.308357e-02;4.570900e-01;4.252057e-02;6.877315e-02;1.603739e-02;3.174157e-02;4.132145e-02;2.474402e-02
8.094916e-02;6.490009e-02;7.674552e-02;2.913564e-02;7.938854e-02;4.325179e-01;4.482893e-02;9.338670e-02;3.651267e-02;2.893395e-02;1.491509e-02;1.778579e-02
4.188539e-02;5.887469e-02;8.167944e-02;3.457525e-02;7.383427e-02;4.434119e-01;2.794598e-02;9.842139e-02;3.126312e-02;2.002884e-02;6.501369e-02;2.306604e-02
3.262540e-02;2.720390e-02;4.159948e-02;3.189070e-02;7.816319e-02;5.523438e-01;2.152426e-02;6.883211e-02;2.674826e-02;2.186400e-02;7.505553e-02;2.214934e-02
2.914679e-02;2.454760e-02;7.741391e-02;3.967826e-02;1.297066e-01;5.443782e-01;2.454538e-02;2.393499e-02;2.325587e-02;2.612846e-02;4.169640e-02;1.556749e-02
1.458319e-02;4.438829e-02;1.217489e-01;6.711507e-02;1.378736e-01;4.562687e-01;3.588003e-02;3.123417e-02;2.720128e-02;2.379219e-02;1.816291e-02;2.175170e-02
1.550150e-02;4.816355e-02;1.273997e-01;7.756571e-02;1.066438e-01;4.719717e-01;3.285123e-02;4.463905e-02;2.231123e-02;1.267432e-02;1.215238e-02;2.812589e-02
1.962602e-02;1.027727e-01;2.089286e-01;6.485315e-02;6.107673e-02;4.029337e-01;2.485272e-02;4.233556e-02;1.268206e-02;1.476514e-02;2.112691e-02;2.404669e-02
2.395349e-02;1.461378e-01;3.363150e-01;4.812717e-02;5.506662e-02;2.609397e-01;1.841842e-02;2.759745e-02;1.652468e-02;2.166820e-02;1.504821e-02;3.020325e-02
1.935750e-02;1.816591e-01;3.960111e-01;2.878938e-02;4.384853e-02;1.722031e-01;2.600792e-02;2.397866e-02;2.494069e-02;2.897423e-02;2.366806e-02;3.056180e-02
2.663612e-02;2.511512e-01;3.987533e-01;1.772793e-02;4.016683e-02;1.138556e-01;1.818689e-02;3.905344e-02;2.819746e-02;2.940497e-02;1.933631e-02;1.752990e-02
3.680851e-02;2.979866e-01;3.677126e-01;2.667814e-02;3.152723e-02;8.575043e-02;1.649620e-02;4.471964e-02;4.792071e-02;2.166586e-02;1.177222e-02;1.096188e-02
3.666697e-02;3.199793e-01;3.314398e-01;2.813644e-02;1.620065e-02;6.702992e-02;2.258978e-02;4.644608e-02;7.403369e-02;2.781033e-02;1.413627e-02;1.553075e-02
3.344936e-02;3.347007e-01;3.119383e-01;2.309583e-02;2.031034e-02;5.530851e-02;2.758211e-02;4.181506e-02;7.992066e-02;3.731994e-02;1.611874e-02;1.844043e-02
5.259591e-02;3.394737e-01;3.216395e-01;2.274460e-02;2.083586e-02;3.732680e-02;3.481611e-02;3.769032e-02;5.452289e-02;4.284574e-02;1.753243e-02;1.797605e-02
7.799295e-02;3.038286e-01;3.107255e-01;2.584723e-02;1.944479e-02;5.672524e-02;3.080739e-02;8.049685e-02;2.585325e-02;2.866777e-02;2.091748e-02;1.869302e-02
8.969320e-02;2.087240e-01;2.821020e-01;2.260690e-02;2.691670e-02;9.240548e-02;2.041613e-02;1.521566e-01;3.003849e-02;2.297708e-02;1.357345e-02;3.838993e-02
1.051386e-01;1.544825e-01;2.536275e-01;1.498119e-02;1.603089e-02;1.185793e-01;2.086784e-02;1.657721e-01;6.316821e-02;2.117404e-02;1.706593e-02;4.911179e-02
9.281990e-02;2.405796e-01;2.665362e-01;2.016869e-02;1.901190e-02;1.197823e-01;2.213813e-02;9.174005e-02;6.816551e-02;2.424180e-02;8.597851e-03;2.621794e-02
8.466334e-02;2.102490e-01;2.460888e-01;3.178806e-02;2.036533e-02;1.545569e-01;3.761891e-02;8.454136e-02;6.447755e-02;2.474948e-02;1.155192e-02;2.934935e-02
9.354199e-02;1.255011e-01;1.726301e-01;4.771708e-02;2.009686e-02;2.279664e-01;5.735476e-02;1.045420e-01;6.080144e-02;2.771103e-02;1.317471e-02;4.896255e-02
8.702600e-02;1.963764e-01;1.964270e-01;4.844736e-02;2.285852e-02;2.000843e-01;4.326038e-02;9.875780e-02;3.419565e-02;1.720594e-02;1.155758e-02;4.380307e-02
9.167496e-02;2.285410e-01;2.112367e-01;3.550519e-02;1.692067e-02;1.637934e-01;3.921243e-02;1.110025e-01;2.525624e-02;1.672747e-02;1.614299e-02;4.398650e-02
1.119527e-01;1.550193e-01;1.621097e-01;2.372350e-02;1.550761e-02;1.957011e-01;4.729944e-02;1.869349e-01;2.734106e-02;1.569311e-02;1.763147e-02;4.108605e-02
1.203388e-01;1.832402e-01;1.715523e-01;2.786469e-02;2.897610e-02;1.495794e-01;1.912498e-02;1.962582e-01;2.695213e-02;1.609786e-02;2.871709e-02;3.129822e-02
1.422038e-01;2.442873e-01;1.589151e-01;2.165632e-02;2.618400e-02;1.159544e-01;1.036554e-02;1.893936e-01;1.504245e-02;2.015068e-02;2.249193e-02;3.335482e-02
1.431656e-01;2.516750e-01;1.727075e-01;1.896801e-02;1.760386e-02;7.477794e-02;3.927964e-02;1.821084e-01;2.810103e-02;2.410126e-02;1.431346e-02;3.319824e-02
1.436566e-01;1.922129e-01;1.648000e-01;2.143194e-02;1.527072e-02;8.676841e-02;3.448520e-02;1.817401e-01;4.146927e-02;2.302708e-02;4.079636e-02;5.434129e-02
1.181912e-01;1.348982e-01;1.445154e-01;1.558181e-02;3.351999e-02;1.488986e-01;7.310113e-02;1.502949e-01;6.022018e-02;2.044062e-02;4.447202e-02;5.586600e-02
8.289639e-02;2.002621e-01;1.708128e-01;2.742276e-02;3.330619e-02;1.508077e-01;6.218349e-02;1.066058e-01;5.496151e-02;2.845937e-02;2.163558e-02;6.064622e-02
8.357815e-02;1.612442e-01;1.429593e-01;3.433675e-02;2.402855e-02;1.586565e-01;6.450040e-02;1.141911e-01;7.539231e-02;3.517639e-02;3.084241e-02;7.509395e-02
8.841143e-02;1.634446e-01;1.039896e-01;2.641137e-02;3.303530e-02;2.003054e-01;7.951752e-02;1.168553e-01;8.281294e-02;2.104970e-02;3.314953e-02;5.101720e-02
8.291926e-02;2.652391e-01;1.595902e-01;1.483869e-02;1.937060e-02;1.953677e-01;5.402952e-02;8.170129e-02;5.279098e-02;1.427997e-02;2.455167e-02;3.532104e-02
9.229516e-02;2.942055e-01;1.665794e-01;1.712911e-02;2.111465e-02;1.838754e-01;3.300062e-02;7.086056e-02;4.537588e-02;1.522029e-02;1.724721e-02;4.309631e-02
1.018726e-01;2.569850e-01;9.916280e-02;1.790610e-02;3.350421e-02;1.807503e-01;8.724169e-02;8.727122e-02;3.967530e-02;2.993591e-02;2.225881e-02;4.343608e-02
8.834516e-02;2.195988e-01;1.836686e-01;3.170006e-02;3.385067e-02;1.633251e-01;1.060212e-01;6.693689e-02;2.773288e-02;2.652209e-02;1.646167e-02;3.583688e-02
7.716209e-02;2.226848e-01;9.631576e-02;5.367883e-02;3.561099e-02;2.159228e-01;9.648446e-02;6.290562e-02;4.159348e-02;2.075073e-02;1.647180e-02;6.041863e-02
5.555288e-02;1.954007e-01;1.610054e-01;5.083924e-02;3.634883e-02;2.090422e-01;6.746193e-02;6.699329e-02;4.181408e-02;2.269957e-02;1.778747e-02;7.505447e-02
3.413844e-02;1.544647e-01;1.793185e-01;3.873929e-02;4.709996e-02;2.391827e-01;6.475137e-02;5.713791e-02;4.498111e-02;3.106882e-02;3.619771e-02;7.291955e-02
4.108899e-02;1.360194e-01;1.463453e-01;3.896803e-02;4.173375e-02;2.715567e-01;7.594484e-02;5.920178e-02;6.322282e-02;3.871503e-02;3.102933e-02;5.617408e-02
6.334552e-02;1.610167e-01;1.083464e-01;5.183780e-02;2.238489e-02;2.883892e-01;3.622708e-02;7.031924e-02;6.834929e-02;3.606209e-02;3.228659e-02;6.143513e-02
5.786544e-02;1.887921e-01;1.644241e-01;4.889122e-02;4.124616e-02;2.215972e-01;4.490099e-02;5.403654e-02;5.135600e-02;2.772871e-02;3.222392e-02;6.693765e-02
6.715954e-02;1.629934e-01;8.270393e-02;5.538219e-02;4.572506e-02;2.095155e-01;8.344395e-02;6.613224e-02;5.042554e-02;2.600487e-02;4.781074e-02;1.027031e-01
6.577984e-02;1.430163e-01;6.489244e-02;6.953744e-02;3.176147e-02;2.213178e-01;8.209281e-02;7.127922e-02;5.714436e-02;2.434341e-02;4.303575e-02;1.257991e-01
7.163460e-02;1.509876e-01;1.211680e-01;6.982666e-02;2.230868e-02;1.859044e-01;5.865395e-02;7.871644e-02;5.789154e-02;3.989747e-02;3.379418e-02;1.092165e-01
8.893864e-02;1.845096e-01;1.078898e-01;3.346594e-02;1.148870e-02;1.955870e-01;8.624413e-02;8.758045e-02;4.587966e-02;4.130191e-02;3.231384e-02;8.480041e-02
1.079824e-01;1.961166e-01;8.216816e-02;2.069893e-02;1.334078e-02;1.973304e-01;9.570670e-02;9.121026e-02;4.366634e-02;2.866998e-02;4.509618e-02;7.801323e-02
1.143357e-01;1.961216e-01;1.315131e-01;2.015263e-02;2.235686e-02;1.778497e-01;9.802844e-02;6.373877e-02;3.342053e-02;1.893975e-02;2.888877e-02;9.465416e-02
9.906667e-02;1.834937e-01;1.002074e-01;3.628348e-02;3.298181e-02;1.599180e-01;9.195476e-02;4.573013e-02;4.600893e-02;4.019054e-02;4.273847e-02;1.214262e-01
8.278678e-02;2.140744e-01;1.513171e-01;3.077748e-02;3.705915e-02;1.142425e-01;7.741285e-02;4.284281e-02;5.104227e-02;4.106721e-02;5.510201e-02;1.022755e-01
8.501175e-02;2.384935e-01;2.091556e-01;3.282304e-02;3.304605e-02;1.080931e-01;6.463177e-02;4.384006e-02;6.066061e-02;3.143209e-02;3.273620e-02;6.007620e-02
7.294119e-02;1.718172e-01;2.212329e-01;3.578709e-02;3.083387e-02;1.587748e-01;5.176206e-02;6.875938e-02;9.272112e-02;3.360210e-02;3.015795e-02;3.161035e-02
6.923891e-02;1.426900e-01;1.637411e-01;3.130790e-02;3.405246e-02;1.961890e-01;4.507925e-02;9.251761e-02;7.796557e-02;4.811497e-02;4.760960e-02;5.149373e-02
5.935181e-02;8.961516e-02;1.466442e-01;2.614262e-02;4.525595e-02;3.017261e-01;6.184843e-02;7.566129e-02;5.232769e-02;4.073728e-02;3.076409e-02;6.992526e-02
6.633875e-02;1.961543e-01;1.689243e-01;2.233402e-02;3.634416e-02;2.679377e-01;5.015146e-02;6.452070e-02;3.227848e-02;2.830476e-02;2.150759e-02;4.520381e-02
5.026257e-02;1.457370e-01;1.550771e-01;3.567646e-02;4.217389e-02;2.666158e-01;5.042982e-02;9.635867e-02;4.868221e-02;4.830485e-02;1.846549e-02;4.221616e-02
2.594619e-02;1.055745e-01;1.512260e-01;3.714548e-02;5.270290e-02;2.977311e-01;4.636655e-02;9.805746e-02;5.807016e-02;7.167083e-02;1.687046e-02;3.863836e-02
3.467216e-02;1.564801e-01;1.477907e-01;2.467647e-02;4.580403e-02;3.007295e-01;4.070983e-02;8.438707e-02;4.440770e-02;5.975089e-02;2.651704e-02;3.407443e-02
4.639872e-02;1.814461e-01;2.039386e-01;2.179931e-02;3.844210e-02;2.849028e-01;3.924350e-02;5.624429e-02;2.973643e-02;3.081386e-02;2.928035e-02;3.775398e-02
6.545740e-02;1.631557e-01;1.604438e-01;2.198999e-02;4.033892e-02;3.084494e-01;4.104657e-02;6.469321e-02;3.855309e-02;2.897302e-02;2.235361e-02;4.454534e-02
6.238062e-02;1.844639e-01;2.232274e-01;2.319228e-02;3.656483e-02;1.884108e-01;4.057777e-02;9.194214e-02;6.255755e-02;3.193684e-02;1.667293e-02;3.807297e-02
2.660421e-02;1.988386e-01;3.324090e-01;4.300742e-02;2.669675e-02;9.672590e-02;4.232932e-02;1.061975e-01;5.987421e-02;4.222042e-02;9.594181e-03;1.550259e-02
1.562019e-02;1.878781e-01;3.703291e-01;4.575366e-02;2.783191e-02;1.120245e-01;3.359185e-02;8.836806e-02;4.822582e-02;4.948208e-02;1.388294e-02;7.011787e-03
2.444466e-02;2.713614e-01;4.135688e-01;3.093784e-02;1.536326e-02;4.664502e-02;2.256343e-02;7.769849e-02;3.689844e-02;4.615078e-02;7.299354e-03;7.068425e-03
2.808714e-02;3.113675e-01;4.261076e-01;1.704578e-02;8.244199e-03;1.393497e-02;1.366068e-02;8.838183e-02;3.362652e-02;5.072526e-02;3.301722e-03;5.516777e-03
2.202495e-02;2.682696e-01;4.459748e-01;1.788295e-02;1.237902e-02;2.126884e-02;2.309450e-02;6.942301e-02;2.826729e-02;7.878687e-02;4.645128e-03;7.982983e-03
8.250168e-03;2.056991e-01;4.762648e-01;2.223475e-02;1.602091e-02;2.828591e-02;4.813417e-02;5.336305e-02;3.593953e-02;8.932310e-02;9.382143e-03;7.102344e-03
2.567965e-02;2.351660e-01;4.500583e-01;3.765574e-02;1.359597e-02;3.129432e-02;4.478357e-02;3.767120e-02;5.123444e-02;4.871140e-02;1.362308e-02;1.052634e-02
2.999866e-02;2.205620e-01;4.197021e-01;5.793136e-02;1.086076e-02;3.714425e-02;2.887809e-02;3.040015e-02;6.370199e-02;4.571240e-02;4.127509e-02;1.383305e-02
2.624406e-02;1.800183e-01;2.444088e-01;1.120966e-01;4.090971e-02;9.039798e-02;2.378446e-02;6.095434e-02;6.322306e-02;5.498599e-02;8.777921e-02;1.519748e-02
1.475884e-02;1.265988e-01;1.663515e-01;9.833325e-02;7.058927e-02;2.370630e-01;3.114069e-02;8.723958e-02;4.077778e-02;3.348570e-02;6.973311e-02;2.392853e-02
2.124188e-02;1.402937e-01;2.405684e-01;4.181120e-02;6.337093e-02;3.242589e-01;2.272322e-02;4.230645e-02;2.776859e-02;2.186384e-02;2.380586e-02;2.998700e-02
1.827483e-02;1.374898e-01;2.285964e-01;1.366353e-02;5.388203e-02;4.497159e-01;1.824065e-02;9.953591e-03;1.936797e-02;1.036758e-02;1.056828e-02;2.987953e-02
1.288030e-02;8.830494e-02;1.600834e-01;1.422473e-02;4.319552e-02;5.743331e-01;1.911100e-02;3.706929e-02;1.502983e-02;8.981668e-03;9.851606e-03;1.693464e-02
1.700294e-02;9.008671e-02;1.976399e-01;2.140158e-02;3.771972e-02;5.413176e-01;1.640847e-02;3.038332e-02;1.341537e-02;1.095292e-02;7.162724e-03;1.650874e-02
2.353662e-02;1.241528e-01;2.173549e-01;1.950484e-02;4.581832e-02;4.669955e-01;1.587911e-02;3.540028e-02;1.405717e-02;9.942539e-03;6.577502e-03;2.078051e-02
1.654127e-02;1.221633e-01;2.575580e-01;2.761225e-02;6.775578e-02;4.098544e-01;2.129380e-02;2.045874e-02;1.241091e-02;7.410008e-03;1.233269e-02;2.460881e-02
1.636324e-02;1.335973e-01;3.229065e-01;4.901997e-02;6.936214e-02;3.287883e-01;1.525526e-02;1.761970e-02;1.193867e-02;7.000423e-03;1.258808e-02;1.556035e-02
2.532501e-02;1.700320e-01;3.174472e-01;6.572766e-02;4.732408e-02;2.941638e-01;5.649744e-03;1.970213e-02;1.180006e-02;7.817392e-03;8.838248e-03;2.617267e-02
2.470845e-02;1.520359e-01;1.888866e-01;9.249015e-02;6.680051e-02;3.504071e-01;1.805986e-02;3.194678e-02;2.411176e-02;1.300856e-02;9.184311e-03;2.835996e-02
2.302287e-02;1.583181e-01;2.506287e-01;7.673834e-02;6.180079e-02;2.844474e-01;2.177727e-02;4.120209e-02;3.086055e-02;1.968739e-02;1.769570e-02;1.382073e-02
2.613860e-02;1.780012e-01;3.824691e-01;3.455688e-02;5.127884e-02;1.713293e-01;1.570130e-02;3.316314e-02;2.761101e-02;2.293546e-02;2.522050e-02;3.159462e-02
1.241588e-02;1.198761e-01;2.975602e-01;8.611830e-02;9.575558e-02;2.212220e-01;1.601889e-02;6.000054e-02;2.878380e-02;1.461328e-02;1.707722e-02;3.055821e-02
1.936201e-02;1.227796e-01;2.786073e-01;1.377171e-01;9.185325e-02;2.165571e-01;1.090138e-02;5.473494e-02;1.647526e-02;1.661676e-02;1.533007e-02;1.906521e-02
2.132296e-02;8.570956e-02;2.247438e-01;2.153539e-01;8.304325e-02;1.913989e-01;1.300288e-02;6.588037e-02;1.443996e-02;2.157864e-02;4.547812e-02;1.804761e-02
1.627873e-02;9.610274e-02;1.887592e-01;2.548361e-01;7.577752e-02;1.621832e-01;1.550241e-02;6.915889e-02;2.013359e-02;2.019427e-02;5.994548e-02;2.112782e-02
1.595799e-02;1.041402e-01;2.994012e-01;2.367481e-01;4.668015e-02;7.126927e-02;3.411327e-02;6.050281e-02;2.996710e-02;2.703275e-02;5.607598e-02;1.811129e-02
2.020578e-02;1.347259e-01;4.008390e-01;1.450268e-01;2.262343e-02;1.057196e-01;4.381704e-02;2.267260e-02;3.594605e-02;2.084773e-02;3.437009e-02;1.320596e-02
1.939960e-02;1.694382e-01;4.303188e-01;8.049311e-02;2.393580e-02;1.260024e-01;3.087269e-02;3.531107e-02;3.444225e-02;2.801289e-02;1.294633e-02;8.826862e-03
1.627860e-02;2.224111e-01;4.444009e-01;4.996739e-02;2.594900e-02;1.245436e-01;9.536530e-03;3.766051e-02;2.563522e-02;2.982837e-02;4.058308e-03;9.730477e-03
1.446664e-02;2.132736e-01;4.217178e-01;4.677247e-02;3.280921e-02;1.559784e-01;1.358778e-02;3.795053e-02;2.613908e-02;2.353679e-02;4.881381e-03;8.886272e-03
2.300607e-02;1.766571e-01;4.027452e-01;7.096199e-02;3.025569e-02;1.566639e-01;2.373074e-02;3.207661e-02;3.027690e-02;3.550458e-02;1.137493e-02;6.746231e-03
2.655708e-02;1.013673e-01;3.181325e-01;1.508231e-01;5.546214e-02;1.912258e-01;2.935529e-02;2.723090e-02;2.418019e-02;3.012083e-02;3.574849e-02;9.796231e-03
2.117067e-02;4.984369e-02;1.491257e-01;2.222719e-01;1.080624e-01;2.354666e-01;2.262038e-02;5.527613e-02;1.626792e-02;1.323863e-02;9.411766e-02;1.253826e-02
2.033792e-02;5.817641e-02;1.180139e-01;2.212502e-01;1.281896e-01;2.202310e-01;2.035810e-02;5.021771e-02;1.433559e-02;5.028247e-03;1.304011e-01;1.346023e-02
1.895402e-02;8.573789e-02;1.572959e-01;2.112814e-01;1.184181e-01;1.766498e-01;1.671468e-02;3.848342e-02;1.054949e-02;8.035422e-03;1.499562e-01;7.923615e-03
1.317377e-02;7.621165e-02;2.349571e-01;2.159023e-01;8.627190e-02;1.222724e-01;1.761382e-02;2.529887e-02;9.829212e-03;2.072753e-02;1.670518e-01;1.068967e-02
1.188525e-02;9.259854e-02;3.123772e-01;1.917382e-01;4.878299e-02;6.835610e-02;2.963181e-02;2.485225e-02;1.311205e-02;3.325817e-02;1.664532e-01;6.954195e-03
2.355586e-02;8.921786e-02;3.666679e-01;1.731428e-01;2.341372e-02;5.955384e-02;3.357792e-02;2.773874e-02;8.208998e-03;3.665046e-02;1.494382e-01;8.833760e-03
3.521362e-02;6.439179e-02;3.912070e-01;2.253660e-01;3.204395e-02;3.287483e-02;2.162573e-02;2.766826e-02;9.585106e-03;2.274597e-02;1.325851e-01;4.692680e-03
3.746034e-02;5.239764e-02;3.726821e-01;2.650998e-01;4.058406e-02;4.291326e-02;9.796861e-03;1.437847e-02;1.024174e-02;3.435263e-02;1.158123e-01;4.280812e-03
3.933986e-02;3.630110e-02;3.578231e-01;2.637762e-01;6.487405e-02;6.291175e-02;9.119105e-03;9.818648e-03;1.122104e-02;3.823544e-02;1.035492e-01;3.030610e-03
4.345965e-02;7.850056e-02;4.086076e-01;1.851790e-01;4.693361e-02;5.952305e-02;1.499131e-02;1.351348e-02;1.400139e-02;3.437689e-02;9.194031e-02;8.973144e-03
2.911100e-02;1.250761e-01;4.430459e-01;8.386464e-02;4.155432e-02;1.088221e-01;1.788020e-02;1.280002e-02;2.233693e-02;2.838299e-02;7.695452e-02;1.017123e-02
2.105042e-02;1.620424e-01;3.600310e-01;8.045200e-02;4.350530e-02;1.659343e-01;1.688933e-02;2.664787e-02;2.719869e-02;3.241300e-02;4.908010e-02;1.475566e-02
3.107753e-02;1.966236e-01;1.701948e-01;1.096035e-01;3.593923e-02;2.560157e-01;1.895265e-02;5.901620e-02;2.254712e-02;2.509113e-02;5.900330e-02;1.593529e-02
