1.016622e-01;9.398974e-02;2.254803e-01;7.628561e-02;6.916961e-02;6.246210e-02;2.075220e-01;2.576038e-02;2.782923e-02;3.347806e-02;3.945374e-02;3.690700e-02
6.331130e-02;1.245712e-01;1.480310e-01;7.635646e-02;4.456475e-02;6.619668e-02;3.059047e-01;3.112032e-02;2.578252e-02;3.576303e-02;3.819447e-02;4.020347e-02
3.889437e-02;1.598142e-01;6.947367e-02;6.966224e-02;4.931391e-02;5.537628e-02;3.733234e-01;3.544992e-02;2.395892e-02;4.196904e-02;4.534538e-02;3.741860e-02
5.615591e-02;1.343162e-01;1.303875e-01;8.737390e-02;7.593344e-02;5.369980e-02;2.833896e-01;3.374577e-02;1.276797e-02;3.256322e-02;6.035294e-02;3.931372e-02
4.713851e-02;8.337254e-02;1.519513e-01;1.195258e-01;7.471684e-02;8.827186e-02;1.652061e-01;3.745823e-02;3.147321e-02;4.570017e-02;1.144512e-01;4.073426e-02
6.107144e-02;3.765202e-02;1.599576e-01;8.428168e-02;6.606834e-02;1.011807e-01;1.463257e-01;3.207471e-02;4.603500e-02;8.221904e-02;1.360830e-01;4.705075e-02
4.445896e-02;4.683005e-02;1.490998e-01;5.120580e-02;6.365761e-02;8.480605e-02;2.597898e-01;3.935459e-02;3.398566e-02;8.119969e-02;9.889708e-02;4.671491e-02
6.590393e-02;5.347290e-02;1.512093e-01;4.594631e-02;6.461001e-02;5.160166e-02;3.074463e-01;3.477733e-02;2.313951e-02;8.851013e-02;6.713071e-02;4.625189e-02
6.540135e-02;4.455549e-02;1.572485e-01;6.172035e-02;7.872514e-02;3.999524e-02;2.704064e-01;3.073057e-02;2.955257e-02;1.014073e-01;6.662049e-02;5.363664e-02
4.035310e-02;4.875929e-02;1.467350e-01;1.167602e-01;8.266014e-02;2.611810e-02;1.953928e-01;5.540442e-02;2.291137e-02;1.086388e-01;9.704641e-02;5.922024e-02
6.859569e-02;9.691938e-02;1.710432e-01;1.058006e-01;6.892393e-02;3.081578e-02;1.190334e-01;5.457696e-02;4.139772e-02;9.718052e-02;9.744575e-02;4.826719e-02
1.670580e-01;1.368438e-01;1.286398e-01;6.137337e-02;5.739414e-02;5.552574e-02;1.337962e-01;3.508803e-02;4.433571e-02;6.447712e-02;6.172426e-02;5.374394e-02
2.180907e-01;8.762208e-02;1.287216e-01;3.966397e-02;5.877636e-02;7.147224e-02;1.641562e-01;2.465879e-02;3.289647e-02;3.530862e-02;6.304854e-02;7.558446e-02
1.701646e-01;9.915821e-02;7.303335e-02;4.617428e-02;4.801394e-02;6.773212e-02;2.371305e-01;5.270240e-02;3.122756e-02;3.057126e-02;4.614075e-02;9.795101e-02
1.284046e-01;1.361830e-01;2.573902e-02;6.183095e-02;2.346602e-02;6.216766e-02;2.952894e-01;9.936507e-02;1.540171e-02;3.080712e-02;2.495259e-02;9.639289e-02
1.050127e-01;9.574208e-02;1.874317e-02;6.543550e-02;1.008675e-02;8.045785e-02;2.907272e-01;1.804578e-01;2.308130e-02;3.769921e-02;1.094706e-02;8.160941e-02
9.458237e-02;3.702513e-02;1.924692e-02;5.333995e-02;1.273884e-02;9.785017e-02;2.434059e-01;2.916358e-01;4.040825e-02;3.597245e-02;7.665130e-03;6.612907e-02
1.229225e-01;3.005722e-02;2.058355e-02;3.023137e-02;2.032074e-02;8.964258e-02;1.747814e-01;3.656646e-01;7.543443e-02;1.966465e-02;7.796053e-03;4.290088e-02
2.010070e-01;1.661182e-02;4.136181e-02;1.671306e-02;4.150523e-02;5.768771e-02;1.065764e-01;3.933093e-01;8.214595e-02;1.089616e-02;5.441677e-03;2.674386e-02
3.013042e-01;2.195424e-02;6.205964e-02;8.969249e-03;6.799407e-02;2.760325e-02;4.990819e-02;3.658913e-01;5.056803e-02;1.528183e-02;9.433178e-03;1.903280e-02
3.567096e-01;2.706023e-02;6.171898e-02;1.165391e-02;7.954603e-02;1.104247e-02;2.979060e-02;3.314892e-01;2.834002e-02;1.524541e-02;1.727594e-02;3.012763e-02
3.889371e-01;2.627929e-02;5.734422e-02;1.014242e-02;8.912166e-02;1.273386e-02;2.785044e-02;3.127973e-01;1.354863e-02;8.474607e-03;3.104156e-02;2.172887e-02
4.004170e-01;2.769490e-02;6.117678e-02;7.239898e-03;9.521753e-02;7.806675e-03;2.433900e-02;2.881940e-01;1.658846e-02;9.265765e-03;4.436652e-02;1.769350e-02
4.095719e-01;2.658430e-02;6.095683e-02;3.786343e-03;1.080259e-01;4.731367e-03;2.140882e-02;2.740960e-01;9.331019e-03;6.533850e-03;6.134889e-02;1.362477e-02
3.761694e-01;2.576255e-02;6.230159e-02;7.924506e-03;1.169978e-01;6.461702e-03;2.125142e-02;2.524978e-01;1.558991e-02;1.137643e-02;8.972715e-02;1.393973e-02
3.432288e-01;3.482390e-02;5.639175e-02;8.228512e-03;1.173834e-01;6.511602e-03;2.085945e-02;2.299759e-01;3.264509e-02;9.641809e-03;1.298545e-01;1.045530e-02
3.229148e-01;5.442594e-02;5.317434e-02;1.189046e-02;1.151155e-01;5.222704e-03;1.758999e-02;2.021679e-01;3.309770e-02;8.491213e-03;1.647158e-01;1.119374e-02
2.814215e-01;6.335894e-02;6.323039e-02;1.512725e-02;1.054546e-01;1.095928e-02;1.681304e-02;1.890296e-01;5.336896e-02;1.889559e-02;1.656250e-01;1.671585e-02
1.914088e-01;1.279925e-01;8.696304e-02;1.387467e-02;7.180680e-02;1.889843e-02;1.986000e-02;1.665642e-01;1.555608e-01;2.093678e-02;1.050534e-01;2.108063e-02
1.310687e-01;1.689520e-01;1.072328e-01;1.830403e-02;4.580457e-02;2.529684e-02;2.544910e-02;1.387246e-01;2.233308e-01;1.711279e-02;7.010207e-02;2.862165e-02
1.090074e-01;1.686301e-01;1.356334e-01;1.473182e-02;4.117605e-02;2.234697e-02;2.313255e-02;1.355107e-01;2.125732e-01;1.547147e-02;9.086891e-02;3.091737e-02
1.187848e-01;1.487370e-01;1.670543e-01;1.299228e-02;4.713408e-02;1.002176e-02;1.813357e-02;1.406136e-01;1.941142e-01;1.871259e-02;1.030888e-01;2.061292e-02
1.516793e-01;1.074049e-01;1.473479e-01;1.150560e-02;7.468196e-02;1.658659e-02;2.593766e-02;1.479437e-01;1.725427e-01;1.008346e-02;1.213832e-01;1.290300e-02
1.715582e-01;4.343971e-02;1.184190e-01;1.123380e-02;1.027384e-01;1.911981e-02;1.745257e-02;1.813707e-01;1.536025e-01;1.245952e-02;1.469778e-01;2.162805e-02
1.584840e-01;2.412957e-02;9.430251e-02;9.525954e-03;9.954985e-02;1.699954e-02;2.687999e-02;2.038788e-01;1.660417e-01;1.428983e-02;1.589818e-01;2.693641e-02
1.619242e-01;2.593780e-02;7.988337e-02;7.108836e-03;8.078811e-02;1.775425e-02;4.013241e-02;2.153214e-01;1.776387e-01;1.568649e-02;1.494290e-01;2.839535e-02
1.690893e-01;4.131559e-02;8.854765e-02;1.061605e-02;6.722873e-02;1.773293e-02;4.092218e-02;2.117513e-01;1.413771e-01;1.314181e-02;1.667037e-01;3.157370e-02
1.752673e-01;4.949221e-02;1.080343e-01;1.952904e-02;7.999468e-02;1.661097e-02;3.072499e-02;2.000860e-01;9.294626e-02;2.479214e-02;1.732865e-01;2.923566e-02
1.747990e-01;4.397879e-02;1.419717e-01;2.682231e-02;1.209299e-01;2.491810e-02;1.993410e-02;1.898275e-01;9.574103e-02;2.701645e-02;1.142751e-01;1.978591e-02
1.374495e-01;4.036841e-02;1.482355e-01;4.145772e-02;1.115625e-01;3.442099e-02;3.515034e-02;1.862242e-01;1.092382e-01;4.011870e-02;8.748933e-02;2.828458e-02
1.482790e-01;5.238971e-02;1.537561e-01;3.173977e-02;6.873930e-02;3.860116e-02;3.460942e-02;2.080866e-01;1.194044e-01;3.770961e-02;7.166259e-02;3.502230e-02
1.988594e-01;7.179807e-02;1.264226e-01;2.142502e-02;3.046726e-02;4.983057e-02;4.177805e-02;2.186619e-01;1.241850e-01;3.232918e-02;6.331585e-02;2.092715e-02
2.298413e-01;6.274885e-02;8.694703e-02;2.906908e-02;4.186088e-02;5.172187e-02;5.815619e-02;1.895786e-01;1.142154e-01;3.682840e-02;6.922270e-02;2.980982e-02
2.128829e-01;9.174284e-02;1.801123e-01;3.323490e-02;4.164707e-02;4.259050e-02;9.633967e-02;1.072278e-01;6.286073e-02;3.475837e-02;5.248462e-02;4.411826e-02
2.119157e-01;1.050656e-01;1.931935e-01;2.887028e-02;3.926525e-02;5.277934e-02;9.646786e-02;6.023760e-02;5.323875e-02;4.435310e-02;6.804768e-02;4.656534e-02
2.102386e-01;8.695260e-02;1.524679e-01;1.901794e-02;4.485054e-02;7.845421e-02;7.905058e-02;5.973063e-02;8.622514e-02;5.256695e-02;9.566933e-02;3.477558e-02
2.143663e-01;4.981432e-02;1.219518e-01;1.555427e-02;5.371784e-02;8.601373e-02;8.198586e-02;7.789528e-02;1.090086e-01;4.274755e-02;1.065189e-01;4.042557e-02
1.810616e-01;7.143793e-02;1.168809e-01;2.369559e-02;6.540572e-02;6.265622e-02;1.193250e-01;6.693643e-02;9.375309e-02;3.824838e-02;1.051098e-01;5.548935e-02
2.033671e-01;6.539734e-02;1.078993e-01;2.990815e-02;7.204409e-02;5.537920e-02;1.079722e-01;6.114008e-02;9.226502e-02;5.310638e-02;1.094086e-01;4.211248e-02
2.032357e-01;7.616600e-02;1.092434e-01;2.928447e-02;7.349189e-02;5.787669e-02;6.478976e-02;8.855810e-02;8.793883e-02;6.905168e-02;9.192941e-02;4.843404e-02
1.408954e-01;9.960052e-02;1.154035e-01;2.869403e-02;6.327370e-02;5.303640e-02;7.519981e-02;1.115849e-01;9.966429e-02;6.464371e-02;1.108325e-01;3.717122e-02
1.137750e-01;1.042774e-01;1.202576e-01;4.610264e-02;4.785370e-02;5.308692e-02;5.557306e-02;1.209950e-01;1.374967e-01;6.600472e-02;1.015196e-01;3.305765e-02
1.071709e-01;7.770580e-02;1.228453e-01;6.139947e-02;5.135158e-02;6.383565e-02;5.295322e-02;1.224211e-01;1.954140e-01;4.151892e-02;6.307586e-02;4.030824e-02
1.229354e-01;7.385725e-02;1.155214e-01;5.045110e-02;6.074973e-02;4.738548e-02;7.566323e-02;9.496260e-02;1.793751e-01;4.066022e-02;7.136269e-02;6.707586e-02
1.072552e-01;7.002850e-02;1.359171e-01;4.118656e-02;6.939702e-02;4.873750e-02;6.538898e-02;7.509463e-02;1.786339e-01;5.134644e-02;9.071351e-02;6.630078e-02
1.162018e-01;6.100400e-02;8.551187e-02;4.409362e-02;5.907757e-02;4.189614e-02;7.743046e-02;9.580639e-02;1.952067e-01;4.406192e-02;1.142554e-01;6.545413e-02
1.612239e-01;5.484275e-02;9.306415e-02;3.954261e-02;5.906284e-02;2.752711e-02;6.835338e-02;1.147184e-01;1.423779e-01;6.147347e-02;1.212683e-01;5.654521e-02
1.758796e-01;2.913492e-02;1.139717e-01;5.615543e-02;5.842960e-02;2.837193e-02;8.413853e-02;1.545060e-01;8.202045e-02;7.942536e-02;9.779026e-02;4.017624e-02
1.672743e-01;4.659348e-02;1.359370e-01;5.603874e-02;4.965509e-02;4.294182e-02;9.183839e-02;1.333937e-01;5.698715e-02;6.808267e-02;8.977314e-02;6.148450e-02
1.684556e-01;9.220301e-02;1.455998e-01;4.220313e-02;6.343667e-02;5.239581e-02;1.244980e-01;4.615454e-02;6.826334e-02;6.746043e-02;7.120487e-02;5.812474e-02
9.693684e-02;7.817342e-02;1.498177e-01;7.877196e-02;9.275752e-02;7.698222e-02;1.627589e-01;6.685567e-02;6.526890e-02;6.812549e-02;3.683658e-02;2.671472e-02
6.207493e-02;5.149701e-02;1.553126e-01;6.195216e-02;9.974651e-02;9.919746e-02;2.045220e-01;5.488965e-02;5.134467e-02;7.209352e-02;4.296864e-02;4.440089e-02
6.831080e-02;4.922495e-02;9.926520e-02;5.146262e-02;8.256768e-02;1.060583e-01;2.549269e-01;6.041146e-02;5.155014e-02;8.216815e-02;4.524935e-02;4.880446e-02
5.775917e-02;3.700672e-02;5.538516e-02;4.640275e-02;5.719365e-02;8.157622e-02;3.127013e-01;8.878400e-02;9.026556e-02;7.800667e-02;4.110011e-02;5.381865e-02
2.908433e-02;2.251432e-02;5.896191e-02;3.898548e-02;3.614390e-02;5.802608e-02;3.378552e-01;9.620664e-02;1.282571e-01;5.633910e-02;6.943816e-02;6.818774e-02
1.847105e-02;1.255358e-02;8.860946e-02;2.478411e-02;3.950426e-02;1.076392e-01;2.658684e-01;6.568235e-02;1.723757e-01;3.960086e-02;1.010143e-01;6.389678e-02
2.044878e-02;2.229635e-02;1.349411e-01;1.664001e-02;3.783783e-02;1.516832e-01;1.176445e-01;5.716655e-02;2.269777e-01;4.889798e-02;1.081932e-01;5.727287e-02
3.555267e-02;2.511389e-02;1.189122e-01;5.031427e-02;3.920949e-02;1.274210e-01;1.367911e-01;4.629619e-02;2.382074e-01;5.746568e-02;5.184142e-02;7.287468e-02
4.814870e-02;2.912710e-02;9.437287e-02;1.132526e-01;2.747285e-02;7.058709e-02;1.666717e-01;4.527887e-02;2.060162e-01;4.673126e-02;6.614041e-02;8.620033e-02
2.995714e-02;2.572764e-02;1.700412e-01;1.136446e-01;2.350265e-02;6.178892e-02;1.070940e-01;5.409509e-02;1.797862e-01;4.557049e-02;1.278077e-01;6.098433e-02
4.837060e-02;4.034334e-02;2.137943e-01;4.944247e-02;2.991103e-02;8.666833e-02;5.964394e-02;5.813243e-02;1.290059e-01;7.016172e-02;1.769657e-01;3.756011e-02
5.038256e-02;9.435729e-02;1.215935e-01;4.108643e-02;4.811661e-02;8.174482e-02;8.389242e-02;7.762516e-02;1.012824e-01;8.205970e-02;1.765922e-01;4.126690e-02
4.690329e-02;1.191573e-01;1.125441e-01;4.612166e-02;7.365904e-02;5.345765e-02;7.502467e-02;1.036153e-01;1.157263e-01;8.930260e-02;1.168181e-01;4.767005e-02
5.641002e-02;9.469175e-02;1.055049e-01;2.336143e-02;6.411983e-02;9.289436e-02;1.407264e-01;1.020957e-01;1.075937e-01;6.884307e-02;6.756712e-02;7.619178e-02
6.303547e-02;5.667888e-02;1.317804e-01;5.973108e-02;4.472097e-02;1.012038e-01;1.393923e-01;9.356318e-02;6.754024e-02;4.272475e-02;9.758383e-02;1.020450e-01
8.596265e-02;3.818553e-02;1.211658e-01;1.173659e-01;3.967294e-02;4.610597e-02;2.198159e-01;8.491112e-02;5.008388e-02;2.543231e-02;8.421262e-02;8.708536e-02
9.495962e-02;2.342188e-02;6.538309e-02;1.503453e-01;2.257146e-02;3.415384e-02;3.128780e-01;9.150673e-02;3.375463e-02;3.460424e-02;5.183098e-02;8.459019e-02
6.673596e-02;1.758026e-02;3.249488e-02;1.520986e-01;1.415106e-02;5.235193e-02;4.076010e-01;7.179199e-02;2.271705e-02;3.380434e-02;3.319766e-02;9.547534e-02
3.377927e-02;1.500262e-02;3.722854e-02;1.135151e-01;1.134473e-02;8.794285e-02;4.650926e-01;4.303662e-02;3.416630e-02;2.140857e-02;5.394818e-02;8.353457e-02
1.792044e-02;1.628466e-02;9.990915e-02;5.039288e-02;1.938005e-02;1.751319e-01;3.880394e-01;2.540217e-02;4.422162e-02;2.768835e-02;8.242694e-02;5.320245e-02
1.065930e-02;1.470277e-02;1.855975e-01;2.044851e-02;2.940126e-02;2.656962e-01;2.430102e-01;1.534572e-02;3.952834e-02;4.049104e-02;1.033719e-01;3.174727e-02
2.916260e-02;9.540644e-03;2.000878e-01;1.704516e-02;5.812243e-02;3.252781e-01;1.324016e-01;1.095086e-02;2.510347e-02;4.291640e-02;1.125157e-01;3.687524e-02
3.991099e-02;1.798272e-02;1.470734e-01;4.429953e-02;1.040776e-01;3.296109e-01;7.074684e-02;1.298658e-02;2.357221e-02;5.114680e-02;1.212000e-01;3.739238e-02
3.550506e-02;1.162029e-02;1.455552e-01;4.969840e-02;1.001898e-01;2.799501e-01;5.469308e-02;1.523810e-02;3.892884e-02;5.357894e-02;1.608247e-01;5.421754e-02
2.236892e-02;1.407685e-02;1.687376e-01;2.383029e-02;5.591750e-02;2.507004e-01;5.384352e-02;2.059530e-02;5.418285e-02;7.348982e-02;2.185068e-01;4.375011e-02
1.431502e-02;1.472928e-02;1.505780e-01;2.844463e-02;3.130619e-02;2.464492e-01;1.001229e-01;1.257783e-02;4.377350e-02;6.899066e-02;2.414578e-01;4.725502e-02
2.825611e-02;2.058346e-02;1.472651e-01;4.395562e-02;2.920194e-02;2.433586e-01;1.242190e-01;1.504525e-02;2.500799e-02;7.037222e-02;2.151918e-01;3.754300e-02
3.516843e-02;1.660742e-02;1.571361e-01;5.075974e-02;1.498511e-02;2.515583e-01;1.521244e-01;1.194753e-02;2.544051e-02;6.428549e-02;1.916969e-01;2.829009e-02
3.507281e-02;1.182367e-02;1.278430e-01;3.230242e-02;1.494236e-02;2.777783e-01;2.016893e-01;1.883751e-02;3.293115e-02;6.315343e-02;1.545910e-01;2.903504e-02
2.700953e-02;1.223625e-02;9.965114e-02;2.523817e-02;2.506032e-02;3.234355e-01;2.028440e-01;1.538230e-02;4.950234e-02;6.455515e-02;1.328404e-01;2.224495e-02
2.361574e-02;8.340571e-03;8.768580e-02;1.283677e-02;3.773118e-02;3.854191e-01;1.430469e-01;5.115963e-03;6.585468e-02;6.758889e-02;1.410544e-01;2.171002e-02
2.379632e-02;1.263890e-02;7.241707e-02;1.718734e-02;5.471681e-02;3.911966e-01;8.738606e-02;1.509182e-02;7.873525e-02;7.205644e-02;1.484005e-01;2.637694e-02
2.443907e-02;2.127748e-02;6.510660e-02;2.328169e-02;5.342097e-02;3.719698e-01;8.958454e-02;1.451591e-02;8.752276e-02;8.166910e-02;1.486348e-01;1.857727e-02
3.299421e-02;1.810155e-02;7.160471e-02;1.632390e-02;6.390385e-02;3.583563e-01;7.364619e-02;7.911921e-03;9.289768e-02;8.028056e-02;1.616526e-01;2.232651e-02
4.409596e-02;1.644109e-02;7.476579e-02;1.064117e-02;8.922273e-02;3.442438e-01;3.267878e-02;1.864197e-02;7.892758e-02;7.430549e-02;1.885472e-01;2.748852e-02
5.231307e-02;2.497118e-02;6.583333e-02;1.267117e-02;9.880000e-02;3.027902e-01;4.653731e-02;2.282014e-02;6.683252e-02;6.939083e-02;2.011717e-01;3.586852e-02
5.189715e-02;3.785395e-02;7.570131e-02;1.862141e-02;9.013470e-02;2.340027e-01;5.027103e-02;4.126108e-02;7.795205e-02;1.001355e-01;1.915997e-01;3.056940e-02
3.048031e-02;3.645562e-02;1.048284e-01;1.532635e-02;6.521415e-02;2.114884e-01;8.580435e-02;4.364328e-02;7.940398e-02;9.401368e-02;1.971044e-01;3.623702e-02
6.105884e-02;2.572776e-02;1.044089e-01;1.406409e-02;4.045848e-02;2.369215e-01;5.570755e-02;4.354333e-02;9.941763e-02;5.617746e-02;1.874905e-01;7.502398e-02
7.389303e-02;1.658266e-02;1.078818e-01;1.913476e-02;3.944311e-02;1.786217e-01;1.228277e-01;3.511161e-02;1.315548e-01;4.681103e-02;1.360630e-01;9.207469e-02
8.309221e-02;9.773234e-03;1.427675e-01;1.320056e-02;3.539410e-02;1.040253e-01;2.048693e-01;3.713555e-02;1.382853e-01;4.459824e-02;1.142407e-01;7.261807e-02
4.395191e-02;3.082619e-02;1.454212e-01;2.035597e-02;3.551984e-02;1.233395e-01;2.219656e-01;2.211698e-02;1.067166e-01;5.043289e-02;1.343090e-01;6.504437e-02
7.041819e-02;3.668461e-02;1.354928e-01;2.670435e-02;3.123096e-02;1.615503e-01;1.977846e-01;1.382652e-02;8.551779e-02;4.673394e-02;1.362149e-01;5.784107e-02
8.309887e-02;2.910561e-02;9.587760e-02;1.657712e-02;4.016265e-02;1.869557e-01;1.956246e-01;2.486096e-02;1.020971e-01;6.260430e-02;1.317929e-01;3.124254e-02
1.037482e-01;3.448806e-02;6.062622e-02;2.892404e-02;3.414572e-02;1.968711e-01;1.499307e-01;3.992298e-02;8.703295e-02;6.843572e-02;1.260321e-01;6.984224e-02
8.164477e-02;3.855203e-02;9.075886e-02;6.281002e-02;4.210148e-02;2.031259e-01;8.324877e-02;3.813854e-02;4.416825e-02;6.678274e-02;1.357699e-01;1.128988e-01
1.026892e-01;1.767431e-02;1.055991e-01;6.706415e-02;4.072109e-02;2.014434e-01;7.550422e-02;3.681028e-02;3.824061e-02;6.621362e-02;1.287889e-01;1.192510e-01
1.680057e-01;4.147749e-02;7.750046e-02;8.064152e-02;2.966630e-02;1.433411e-01;1.719366e-01;2.372849e-02;2.634125e-02;5.485405e-02;8.747759e-02;9.502957e-02
1.549984e-01;4.444939e-02;7.574295e-02;1.009797e-01;1.760391e-02;8.400846e-02;2.583025e-01;4.970796e-02;1.844184e-02;4.732580e-02;6.208993e-02;8.634913e-02
1.095364e-01;4.062990e-02;3.943873e-02;1.111737e-01;2.060269e-02;4.891798e-02;3.123860e-01;1.054414e-01;2.117457e-02;5.213147e-02;3.711548e-02;1.014517e-01
5.968408e-02;4.957898e-02;3.574195e-02;1.024688e-01;1.117494e-02;4.322873e-02;3.589260e-01;1.284056e-01;1.689663e-02;5.010630e-02;3.902569e-02;1.047623e-01
3.834311e-02;5.191341e-02;2.865263e-02;9.304198e-02;1.432081e-02;2.115058e-02;4.151724e-01;1.309716e-01;1.326085e-02;4.613360e-02;4.450293e-02;1.025361e-01
5.382899e-02;4.595994e-02;2.737555e-02;7.486113e-02;1.442458e-02;3.950987e-02;4.361393e-01;1.033996e-01;1.440046e-02;4.397149e-02;5.065849e-02;9.547057e-02
5.656580e-02;3.935763e-02;5.626189e-02;6.265573e-02;1.546879e-02;4.765832e-02;4.313433e-01;8.608536e-02;1.263400e-02;5.128133e-02;4.819476e-02;9.249306e-02
5.563267e-02;2.859261e-02;6.757678e-02;5.783718e-02;2.303735e-02;6.140988e-02;3.991606e-01;9.668037e-02;1.364383e-02;6.301422e-02;4.838949e-02;8.502503e-02
4.957557e-02;3.853951e-02;8.180445e-02;6.754795e-02;3.758547e-02;8.199523e-02;3.062756e-01;8.928300e-02;2.667720e-02;8.084540e-02;7.606238e-02;6.380824e-02
5.776776e-02;6.425846e-02;7.517217e-02;8.898494e-02;5.806802e-02;7.186180e-02;2.047001e-01;5.373762e-02;7.906193e-02;8.196661e-02;1.026991e-01;6.172157e-02
6.353353e-02;6.212442e-02;7.933410e-02;7.161555e-02;4.989524e-02;6.006325e-02;2.423845e-01;5.498879e-02;8.347692e-02;6.580600e-02;7.801983e-02;8.875795e-02
4.915861e-02;6.660404e-02;8.808006e-02;5.819768e-02;4.398229e-02;3.733312e-02;2.788242e-01;9.611429e-02;4.665927e-02;6.218614e-02;6.384896e-02;1.090113e-01
4.764986e-02;7.412549e-02;1.044476e-01;6.093614e-02;6.238056e-02;4.550628e-02;2.821913e-01;8.544840e-02;4.608880e-02;4.246851e-02;5.051231e-02;9.824481e-02
6.289457e-02;6.868345e-02;1.051566e-01;6.900238e-02;7.739804e-02;6.662725e-02;2.399355e-01;7.735176e-02;4.406073e-02;4.141818e-02;5.441982e-02;9.305179e-02
5.245403e-02;6.478249e-02;6.819139e-02;6.757706e-02;7.492669e-02;8.895814e-02;1.890638e-01;6.593377e-02;8.110245e-02;8.671160e-02;7.352252e-02;8.677598e-02
1.094072e-01;7.582684e-02;9.425596e-02;4.318431e-02;5.481337e-02;7.782401e-02;1.790100e-01;6.736899e-02;7.398710e-02;9.052339e-02;6.638326e-02;6.741553e-02
1.263082e-01;6.221620e-02;1.545220e-01;6.833192e-02;4.430744e-02;3.949200e-02;1.650693e-01;7.584431e-02;4.774257e-02;7.621453e-02;5.923335e-02;8.071825e-02
7.897090e-02;3.855269e-02;1.597808e-01;7.344274e-02;6.127673e-02;4.134193e-02;2.138460e-01;7.439296e-02;5.931379e-02;5.465951e-02;5.894855e-02;8.547343e-02
5.762516e-02;3.779012e-02;1.542246e-01;4.939663e-02;6.923570e-02;4.634977e-02;2.642751e-01;7.681500e-02;5.257806e-02;4.236525e-02;5.349781e-02;9.584676e-02
3.791252e-02;4.113422e-02;1.578645e-01;4.297020e-02;4.095087e-02;6.049975e-02;2.508273e-01;8.348875e-02;6.429716e-02;7.271525e-02;5.422097e-02;9.311861e-02
5.897358e-02;5.935462e-02;1.760216e-01;5.913844e-02;4.455342e-02;8.410950e-02;1.663105e-01;8.810742e-02;7.531826e-02;8.214475e-02;4.284230e-02;6.312566e-02
7.016587e-02;7.854001e-02;1.947969e-01;5.267759e-02;5.210376e-02;7.783873e-02;1.533618e-01;8.617869e-02;8.883474e-02;7.367050e-02;3.484407e-02;3.698730e-02
6.679229e-02;7.555972e-02;1.836083e-01;6.384007e-02;5.095708e-02;5.213961e-02;1.939920e-01;7.114135e-02;8.760846e-02;6.735783e-02;5.140431e-02;3.559895e-02
5.920871e-02;5.785992e-02;1.621676e-01;8.070011e-02;5.507132e-02;5.191127e-02;1.915628e-01;7.793421e-02;9.171151e-02;6.174971e-02;5.422023e-02;5.590264e-02
5.740795e-02;8.676419e-02;1.259101e-01;8.077258e-02;9.922445e-02;5.052063e-02;1.648124e-01;7.362702e-02;8.909592e-02;6.760913e-02;3.547947e-02;6.877618e-02
5.081224e-02;9.102740e-02;1.326844e-01;7.767014e-02;9.227065e-02;3.847710e-02;1.765925e-01;5.466637e-02;6.982276e-02;9.172472e-02;4.181208e-02;8.243956e-02
5.829937e-02;8.271936e-02;1.468258e-01;4.757270e-02;6.356251e-02;7.882167e-02;1.968280e-01;9.308586e-02;4.701217e-02;8.014321e-02;3.719755e-02;6.793174e-02
4.828539e-02;7.593771e-02;1.609776e-01;6.907529e-02;5.386859e-02;9.052717e-02;1.830037e-01;7.793657e-02;7.159238e-02;7.061226e-02;5.711983e-02;4.106353e-02
4.931011e-02;6.807540e-02;1.500984e-01;6.936919e-02;5.668050e-02;9.694181e-02;1.690284e-01;4.758270e-02;8.740171e-02;8.906869e-02;6.882551e-02;4.761764e-02
8.363190e-02;9.574388e-02;1.042802e-01;4.441675e-02;5.842144e-02;9.742466e-02;1.540478e-01;7.353565e-02;8.350974e-02;1.010591e-01;5.624903e-02;4.767982e-02
7.435822e-02;7.962171e-02;1.355431e-01;3.856422e-02;5.531606e-02;1.286592e-01;1.396440e-01;6.839765e-02;1.173821e-01;8.622096e-02;3.515683e-02;4.113601e-02
7.378291e-02;8.675998e-02;1.397605e-01;3.063045e-02;4.484612e-02;1.135602e-01;1.037078e-01;7.260368e-02;1.659009e-01;1.021693e-01;4.208689e-02;2.419123e-02
6.944879e-02;7.731366e-02;9.907145e-02;4.879663e-02;5.931762e-02;1.105717e-01;1.066754e-01;8.645886e-02;1.675234e-01;1.067491e-01;4.210372e-02;2.596966e-02
6.132498e-02;4.550235e-02;1.035041e-01;6.504589e-02;7.809483e-02;1.320409e-01;1.075041e-01;7.942415e-02;1.469864e-01;8.897038e-02;5.663633e-02;3.496574e-02
6.397235e-02;3.848920e-02;9.552139e-02;5.028462e-02;9.518564e-02;1.392537e-01;1.323097e-01;1.078866e-01;9.212130e-02;8.712976e-02;6.888883e-02;2.895682e-02
5.865455e-02;6.315726e-02;1.145940e-01;2.483279e-02;9.581765e-02;1.083821e-01;1.757288e-01;1.143376e-01;1.122144e-01;6.467675e-02;3.093245e-02;3.667162e-02
4.956379e-02;5.400014e-02;1.631473e-01;3.576182e-02;1.035915e-01;9.356537e-02;1.326644e-01;8.048380e-02;1.396839e-01;5.694865e-02;4.331642e-02;4.727277e-02
6.678183e-02;6.092868e-02;1.970989e-01;6.069322e-02;1.074310e-01;7.523120e-02;1.109482e-01;7.570329e-02;1.189165e-01;4.809238e-02;3.964453e-02;3.853021e-02
1.276018e-01;1.331636e-01;2.947711e-01;5.589951e-02;7.176077e-02;4.179054e-02;4.834820e-02;5.786202e-02;4.250757e-02;5.470512e-02;3.248859e-02;3.910118e-02
1.553322e-01;1.377186e-01;2.994228e-01;5.401034e-02;5.467708e-02;3.221752e-02;8.111849e-02;4.259857e-02;4.246333e-02;3.571175e-02;2.869997e-02;3.602935e-02
1.463239e-01;1.229668e-01;2.624817e-01;6.111226e-02;4.989137e-02;4.600281e-02;1.291384e-01;3.877191e-02;3.724266e-02;2.994970e-02;3.609071e-02;4.002783e-02
7.772311e-02;1.025113e-01;1.970705e-01;6.419092e-02;4.893604e-02;7.170955e-02;2.133282e-01;2.707372e-02;4.472965e-02;3.992046e-02;6.273347e-02;5.007299e-02
7.040027e-02;6.503340e-02;1.491587e-01;4.539259e-02;7.075115e-02;7.731473e-02;2.321629e-01;2.539595e-02;6.726415e-02;6.542423e-02;7.648414e-02;5.521774e-02
8.942320e-02;9.564166e-02;1.973798e-01;4.708504e-02;7.073836e-02;6.763906e-02;1.678800e-01;3.395119e-02;7.605828e-02;7.035812e-02;4.768295e-02;3.616233e-02
1.000775e-01;1.085326e-01;2.154986e-01;5.636171e-02;7.258472e-02;6.394906e-02;1.314072e-01;3.613523e-02;7.438476e-02;6.533272e-02;4.151111e-02;3.422480e-02
9.064583e-02;6.596007e-02;2.098831e-01;5.280337e-02;6.084730e-02;6.873983e-02;1.372392e-01;4.138314e-02;1.062755e-01;7.003038e-02;5.476227e-02;4.143000e-02
6.344446e-02;5.221140e-02;1.766788e-01;4.700776e-02;7.697712e-02;8.727562e-02;1.702128e-01;4.637076e-02;1.061673e-01;6.357386e-02;5.106149e-02;5.901870e-02
7.977403e-02;8.621678e-02;1.692445e-01;4.356454e-02;9.374204e-02;8.411951e-02;1.615981e-01;6.806208e-02;6.962202e-02;4.324296e-02;5.184892e-02;4.896444e-02
7.396014e-02;7.527176e-02;1.797672e-01;6.545942e-02;9.275838e-02;5.848722e-02;1.460024e-01;9.285390e-02;4.656459e-02;5.906531e-02;6.790865e-02;4.190099e-02
4.370444e-02;6.637309e-02;1.800205e-01;6.156822e-02;9.547088e-02;6.001765e-02;1.414043e-01;1.166980e-01;5.258561e-02;6.976948e-02;5.250623e-02;5.988162e-02
