7.718383e-02;8.737905e-02;3.195281e-02;5.532918e-02;2.495593e-02;3.865715e-02;2.554032e-01;1.552070e-01;2.805590e-02;5.122099e-02;1.385539e-01;5.610101e-02
1.722955e-01;1.557432e-01;3.391264e-02;3.035702e-02;2.517210e-02;5.162419e-02;2.534314e-01;1.294160e-01;2.613652e-02;1.535974e-02;6.717383e-02;3.937786e-02
1.571773e-01;1.605820e-01;2.014702e-02;1.963083e-02;1.820695e-02;5.213352e-02;2.792103e-01;1.648053e-01;1.736309e-02;1.295259e-02;6.246895e-02;3.532221e-02
1.723019e-01;1.530351e-01;9.954715e-03;1.114288e-02;1.463704e-02;5.882956e-02;3.171486e-01;1.519308e-01;8.734433e-03;1.492262e-02;6.047290e-02;2.688948e-02
2.104935e-01;1.395427e-01;5.334143e-03;9.303145e-03;1.318514e-02;6.841704e-02;3.319804e-01;1.241092e-01;3.765270e-03;1.355777e-02;5.569921e-02;2.461248e-02
2.138670e-01;1.227238e-01;7.030351e-03;7.339116e-03;1.461863e-02;7.847729e-02;3.382369e-01;1.203264e-01;4.785095e-03;1.906931e-02;5.037992e-02;2.314623e-02
2.310070e-01;9.402832e-02;1.300645e-02;8.556409e-03;2.044518e-02;1.008280e-01;3.487499e-01;8.505679e-02;1.017260e-02;2.655829e-02;4.453159e-02;1.705944e-02
1.615698e-01;5.449858e-02;1.471501e-02;1.334686e-02;1.902637e-02;9.998822e-02;4.488414e-01;1.123749e-01;1.633642e-02;1.651704e-02;3.735328e-02;5.432280e-03
8.677489e-02;5.293868e-02;9.838164e-03;1.167396e-02;1.839579e-02;8.871947e-02;4.944782e-01;1.542261e-01;7.741509e-03;1.224909e-02;4.975091e-02;1.321326e-02
8.582573e-02;3.884095e-02;1.246046e-02;1.155717e-02;2.675448e-02;9.929940e-02;4.625783e-01;1.345445e-01;1.296047e-02;1.530533e-02;8.306321e-02;1.681006e-02
1.469529e-01;5.078788e-02;2.804952e-02;1.293810e-02;3.817699e-02;1.129727e-01;4.135694e-01;8.887558e-02;2.428491e-02;1.846177e-02;4.963870e-02;1.529146e-02
1.172623e-01;7.804860e-02;3.343035e-02;1.601267e-02;3.219416e-02;9.364731e-02;3.830264e-01;1.159931e-01;1.802346e-02;1.851385e-02;8.167084e-02;1.217700e-02
1.390707e-01;1.145416e-01;1.868009e-02;2.409953e-02;4.494446e-02;9.742174e-02;2.987037e-01;9.439862e-02;1.923279e-02;1.897929e-02;1.117158e-01;1.821170e-02
1.087006e-01;1.149256e-01;5.170791e-02;7.231943e-02;7.238667e-02;1.186875e-01;1.979072e-01;1.157405e-01;3.668717e-02;4.184776e-02;4.038621e-02;2.870334e-02
5.841684e-02;8.460570e-02;5.438168e-02;8.649566e-02;7.460615e-02;1.136060e-01;1.552736e-01;1.324733e-01;4.492195e-02;5.533445e-02;1.155186e-01;2.436602e-02
8.252687e-02;9.801042e-02;4.534395e-02;6.676409e-02;5.457655e-02;9.066824e-02;1.604043e-01;1.414153e-01;4.313984e-02;5.771445e-02;1.466695e-01;1.276646e-02
1.202679e-01;1.366136e-01;3.857009e-02;2.918399e-02;3.518308e-02;6.520870e-02;1.606533e-01;1.387745e-01;4.025461e-02;4.996109e-02;1.798482e-01;5.480961e-03
1.328814e-01;1.522743e-01;3.637124e-02;6.428008e-02;5.004518e-02;7.295188e-02;9.535173e-02;1.066412e-01;3.885240e-02;3.404947e-02;2.024837e-01;1.381750e-02
1.063545e-01;8.097136e-02;3.213134e-02;7.350440e-02;4.627994e-02;8.670353e-02;1.810482e-01;1.248401e-01;3.713075e-02;2.623651e-02;1.868427e-01;1.795662e-02
1.122815e-01;8.344585e-02;4.243342e-02;4.261862e-02;3.774109e-02;5.248002e-02;1.674019e-01;1.963728e-01;3.976385e-02;3.831708e-02;1.708944e-01;1.624953e-02
9.120598e-02;7.546542e-02;5.851166e-02;4.266793e-02;4.441682e-02;6.930903e-02;1.715525e-01;1.487046e-01;8.211584e-02;7.080567e-02;1.252811e-01;1.996348e-02
1.182023e-01;5.506821e-02;5.217428e-02;5.460897e-02;3.050172e-02;6.077496e-02;2.288886e-01;9.336701e-02;1.120025e-01;6.030944e-02;9.959429e-02;3.450781e-02
9.896343e-02;3.102675e-02;2.138708e-02;5.423670e-02;3.147642e-02;4.396467e-02;2.326391e-01;1.620432e-01;1.083966e-01;7.267408e-02;9.845535e-02;4.473658e-02
9.565119e-02;2.750004e-02;1.742337e-02;5.637794e-02;2.897309e-02;5.011380e-02;2.506486e-01;1.749981e-01;8.523212e-02;9.347904e-02;8.019351e-02;3.940924e-02
1.132906e-01;3.027341e-02;2.020601e-02;5.994404e-02;3.135041e-02;9.503031e-02;2.763483e-01;1.089950e-01;6.977333e-02;1.012534e-01;6.103003e-02;3.250513e-02
1.349346e-01;2.405869e-02;1.629918e-02;5.231984e-02;3.543216e-02;1.103675e-01;2.585582e-01;1.149220e-01;7.781390e-02;8.309510e-02;6.636246e-02;2.583644e-02
1.545592e-01;6.238344e-02;1.448348e-02;4.160802e-02;3.179456e-02;1.046405e-01;2.752926e-01;1.348000e-01;4.642900e-02;5.821589e-02;5.198469e-02;2.380863e-02
1.585929e-01;7.565516e-02;1.089741e-02;3.189140e-02;2.468952e-02;9.419055e-02;3.138678e-01;1.542999e-01;2.200952e-02;4.356391e-02;4.722146e-02;2.312058e-02
1.484548e-01;8.313730e-02;1.396087e-02;1.675704e-02;2.068548e-02;7.633100e-02;3.054008e-01;1.792484e-01;2.172740e-02;3.753712e-02;6.678070e-02;2.997904e-02
1.404188e-01;7.439091e-02;2.699433e-02;2.690826e-02;3.624083e-02;8.618517e-02;2.729084e-01;1.264300e-01;2.862545e-02;3.456527e-02;1.015165e-01;4.481618e-02
7.716369e-02;9.829327e-02;6.273192e-02;1.000611e-01;5.622230e-02;7.856163e-02;2.172792e-01;1.306931e-01;3.365743e-02;3.675018e-02;7.991306e-02;2.867316e-02
4.694283e-02;9.249183e-02;8.389247e-02;1.262025e-01;6.593625e-02;6.425404e-02;2.149708e-01;1.627585e-01;2.181065e-02;3.689956e-02;6.914089e-02;1.469966e-02
5.163302e-02;8.272989e-02;7.628056e-02;8.906100e-02;5.889842e-02;7.335069e-02;3.007225e-01;1.338632e-01;2.317619e-02;3.199397e-02;5.802324e-02;2.026733e-02
7.565409e-02;6.219225e-02;4.746542e-02;6.556959e-02;3.476717e-02;8.458421e-02;2.736720e-01;2.102379e-01;3.172328e-02;4.514655e-02;4.768408e-02;2.130347e-02
8.834288e-02;6.246948e-02;7.222307e-02;1.125105e-01;3.786933e-02;5.945927e-02;1.550601e-01;1.803695e-01;5.802238e-02;7.729482e-02;7.311574e-02;2.326292e-02
9.846668e-02;7.257447e-02;7.566539e-02;1.063083e-01;2.816994e-02;4.913441e-02;1.494219e-01;1.530717e-01;7.137015e-02;7.807202e-02;9.699146e-02;2.075366e-02
9.987658e-02;7.367326e-02;5.596783e-02;7.585087e-02;3.031029e-02;5.410501e-02;1.669331e-01;1.627519e-01;6.534558e-02;7.386152e-02;1.240715e-01;1.725253e-02
1.036978e-01;7.737926e-02;3.879839e-02;5.345702e-02;4.071485e-02;5.778981e-02;1.402229e-01;2.230133e-01;5.072933e-02;7.426406e-02;1.204490e-01;1.948422e-02
1.412175e-01;6.825624e-02;3.940520e-02;1.016856e-01;6.972294e-02;5.520197e-02;1.176600e-01;1.932239e-01;5.601216e-02;6.320038e-02;7.057587e-02;2.383821e-02
1.502129e-01;7.559556e-02;3.708313e-02;7.538669e-02;8.611608e-02;4.113531e-02;1.161330e-01;1.649199e-01;6.597216e-02;8.392510e-02;7.996982e-02;2.355039e-02
1.301156e-01;6.197772e-02;3.334967e-02;8.625537e-02;8.421695e-02;3.416276e-02;1.220953e-01;1.744989e-01;5.268522e-02;9.559746e-02;1.006017e-01;2.444326e-02
8.026958e-02;6.114384e-02;2.626374e-02;1.068228e-01;7.984639e-02;5.339939e-02;1.353663e-01;2.311280e-01;6.726177e-02;5.502594e-02;6.930232e-02;3.416992e-02
1.004404e-01;7.825046e-02;3.486696e-02;1.000232e-01;6.512477e-02;5.778251e-02;1.318617e-01;2.593150e-01;6.496949e-02;3.867213e-02;3.883389e-02;2.985956e-02
1.055957e-01;7.183681e-02;4.124722e-02;6.372016e-02;3.550984e-02;7.822855e-02;1.493232e-01;1.783592e-01;6.129367e-02;7.522081e-02;9.348028e-02;4.618455e-02
1.008179e-01;7.202903e-02;4.589073e-02;2.143941e-02;3.629834e-02;1.031346e-01;1.673258e-01;1.302872e-01;7.188748e-02;9.029110e-02;1.148432e-01;4.575503e-02
1.097164e-01;1.265113e-01;4.913948e-02;4.117890e-02;5.085436e-02;7.840333e-02;1.094301e-01;1.414955e-01;5.486361e-02;7.902300e-02;1.251612e-01;3.422292e-02
1.587129e-01;1.277178e-01;4.752445e-02;4.240384e-02;6.543166e-02;5.849637e-02;9.503487e-02;1.472443e-01;3.334954e-02;5.310151e-02;1.366186e-01;3.436416e-02
1.241331e-01;8.989924e-02;4.226396e-02;5.355005e-02;3.880101e-02;6.522671e-02;1.579476e-01;1.646442e-01;4.121694e-02;3.855104e-02;1.484451e-01;3.532104e-02
8.623013e-02;7.982942e-02;4.912144e-02;7.528693e-02;6.038481e-02;1.022997e-01;1.735617e-01;1.150325e-01;8.753604e-02;5.873971e-02;7.064654e-02;4.133094e-02
7.640448e-02;6.604528e-02;4.549483e-02;6.527853e-02;6.188963e-02;9.981102e-02;1.618717e-01;1.292939e-01;9.961392e-02;6.514190e-02;9.428838e-02;3.486630e-02
5.376910e-02;9.046603e-02;3.412506e-02;5.725702e-02;5.956434e-02;7.057399e-02;2.063972e-01;1.850978e-01;9.441517e-02;6.021855e-02;5.100325e-02;3.711241e-02
6.464303e-02;1.046696e-01;2.628316e-02;3.001020e-02;4.160504e-02;8.067402e-02;2.170782e-01;2.249400e-01;6.293879e-02;2.823220e-02;8.607125e-02;3.285452e-02
5.639888e-02;7.379036e-02;3.145527e-02;1.400002e-02;2.493124e-02;8.152569e-02;2.641332e-01;2.502098e-01;7.387024e-02;1.713102e-02;8.288039e-02;2.967382e-02
4.702869e-02;7.110902e-02;1.957073e-02;1.427847e-02;2.293336e-02;4.708510e-02;3.114034e-01;2.433005e-01;9.391956e-02;2.025366e-02;9.332922e-02;1.578824e-02
7.385184e-02;5.114403e-02;1.723872e-02;1.872864e-02;3.261682e-02;5.439697e-02;2.959957e-01;2.096298e-01;1.098670e-01;3.434575e-02;8.217426e-02;2.001051e-02
1.006836e-01;5.149634e-02;1.965494e-02;3.965273e-02;3.392223e-02;9.974951e-02;2.244992e-01;1.956670e-01;1.094519e-01;4.715268e-02;4.491358e-02;3.315635e-02
9.638402e-02;6.708095e-02;1.612204e-02;4.921152e-02;3.138843e-02;1.010067e-01;2.246729e-01;2.169816e-01;5.589457e-02;5.570355e-02;4.700753e-02;3.854611e-02
7.811263e-02;5.997119e-02;4.191601e-02;5.418005e-02;5.728880e-02;7.169764e-02;2.437095e-01;1.737948e-01;5.131768e-02;5.520985e-02;6.699204e-02;4.580973e-02
6.117607e-02;5.534720e-02;7.375642e-02;5.232864e-02;6.933540e-02;9.819655e-02;2.603095e-01;9.919298e-02;9.175966e-02;3.121146e-02;5.972686e-02;4.765923e-02
7.444425e-02;5.557170e-02;7.946223e-02;6.533216e-02;1.042614e-01;1.237961e-01;1.976860e-01;8.377183e-02;7.355385e-02;2.893373e-02;4.989590e-02;6.329076e-02
6.247640e-02;5.100907e-02;5.855706e-02;8.397011e-02;1.623678e-01;1.289746e-01;1.699248e-01;9.860624e-02;4.772650e-02;2.710160e-02;6.594460e-02;4.334135e-02
5.229913e-02;6.713549e-02;3.820159e-02;9.292127e-02;1.673997e-01;1.236842e-01;1.935169e-01;9.565718e-02;3.067240e-02;3.601766e-02;8.033273e-02;2.216172e-02
5.670032e-02;8.287010e-02;3.571609e-02;7.736733e-02;7.191047e-02;1.114842e-01;1.799143e-01;1.490890e-01;3.095683e-02;4.473206e-02;1.317265e-01;2.753278e-02
8.951711e-02;6.402964e-02;6.403217e-02;1.160966e-01;3.398576e-02;8.176725e-02;1.919761e-01;1.219527e-01;4.151743e-02;3.385519e-02;1.310403e-01;3.022972e-02
1.493689e-01;9.025469e-02;5.789119e-02;9.192499e-02;7.330501e-02;6.547964e-02;2.154973e-01;6.089022e-02;2.894485e-02;3.014368e-02;9.819601e-02;3.810352e-02
1.711782e-01;1.193277e-01;3.797309e-02;3.881301e-02;5.375811e-02;5.236612e-02;2.684003e-01;9.329624e-02;2.308062e-02;4.100113e-02;9.215897e-02;8.646594e-03
1.396673e-01;1.836265e-01;1.789058e-02;2.311440e-02;1.866819e-02;4.704820e-02;2.824757e-01;1.180898e-01;2.590419e-02;3.102403e-02;9.190618e-02;2.058485e-02
8.951668e-02;2.055701e-01;9.926639e-03;1.032579e-02;1.124952e-02;4.941981e-02;3.337885e-01;1.592845e-01;1.428729e-02;1.283245e-02;8.547862e-02;1.832010e-02
4.168310e-02;2.319480e-01;8.044855e-03;1.210451e-02;1.183339e-02;5.750385e-02;3.778447e-01;1.621625e-01;1.002153e-02;9.106955e-03;7.044714e-02;7.299527e-03
1.370082e-01;2.589039e-01;9.277146e-03;4.631014e-03;9.329184e-03;5.404536e-02;3.355783e-01;1.200053e-01;6.918532e-03;8.863298e-03;5.087691e-02;4.562870e-03
2.255423e-01;2.746391e-01;1.146505e-02;1.589764e-02;6.899791e-03;5.000129e-02;2.880019e-01;7.928114e-02;6.239242e-03;1.229668e-02;2.726358e-02;2.472382e-03
2.915581e-01;2.360721e-01;1.079712e-02;3.989906e-02;1.221574e-02;4.878666e-02;2.486038e-01;6.558961e-02;5.429578e-03;1.251535e-02;2.523231e-02;3.300591e-03
3.383840e-01;1.451493e-01;8.102395e-03;5.758309e-02;2.005179e-02;5.954191e-02;2.435308e-01;4.878878e-02;9.728210e-03;1.476715e-02;4.896698e-02;5.405621e-03
3.456452e-01;3.107643e-02;1.121262e-02;4.350801e-02;2.202942e-02;6.885304e-02;2.866614e-01;8.176534e-02;8.989017e-03;1.570578e-02;7.943296e-02;5.120722e-03
3.511264e-01;8.453917e-02;7.965149e-03;1.699180e-02;1.827366e-02;7.860635e-02;2.898838e-01;8.508233e-02;5.733170e-03;1.530016e-02;4.184846e-02;4.649485e-03
4.141464e-01;8.528988e-02;5.450268e-03;2.559584e-02;1.903742e-02;8.846559e-02;2.623246e-01;5.555908e-02;5.347933e-03;1.712134e-02;1.622276e-02;5.438916e-03
4.777197e-01;6.872072e-02;1.260114e-02;2.154257e-02;1.840542e-02;9.148400e-02;2.209179e-01;3.179536e-02;8.585634e-03;1.607248e-02;2.449055e-02;7.664519e-03
4.981704e-01;5.874439e-02;2.573429e-02;1.597348e-02;1.781928e-02;9.241805e-02;2.090579e-01;2.665686e-02;1.437202e-02;1.635061e-02;1.581701e-02;8.885745e-03
4.667588e-01;4.811590e-02;2.867717e-02;2.269369e-02;2.585442e-02;9.276817e-02;1.965214e-01;2.404765e-02;2.104406e-02;1.955257e-02;4.358437e-02;1.038174e-02
3.778905e-01;4.385934e-02;1.365665e-02;3.666767e-02;3.988062e-02;1.131881e-01;2.103163e-01;5.006637e-02;1.957789e-02;1.877869e-02;6.682826e-02;9.289571e-03
3.177265e-01;8.693890e-02;2.171540e-02;3.321581e-02;4.744836e-02;1.291149e-01;1.931560e-01;5.053326e-02;1.741778e-02;1.654936e-02;7.744768e-02;8.735995e-03
3.239920e-01;7.656091e-02;3.386841e-02;1.683838e-02;4.738012e-02;1.372516e-01;2.229649e-01;3.393793e-02;2.294404e-02;1.624619e-02;5.881367e-02;9.201801e-03
3.098907e-01;3.243259e-02;2.952420e-02;1.769233e-02;4.547491e-02;1.245838e-01;2.713964e-01;5.839150e-02;2.407479e-02;2.123303e-02;5.740656e-02;7.899256e-03
3.019904e-01;2.162936e-02;1.640999e-02;2.169805e-02;4.055952e-02;1.704956e-01;2.768969e-01;5.105640e-02;1.999221e-02;2.232701e-02;4.876237e-02;8.182292e-03
2.746392e-01;3.225953e-02;1.032919e-02;2.909513e-02;5.454129e-02;1.652353e-01;2.889597e-01;6.317953e-02;1.767630e-02;2.842719e-02;2.899615e-02;6.661479e-03
2.450166e-01;3.796420e-02;1.050056e-02;5.057997e-02;4.932765e-02;1.300680e-01;3.192010e-01;8.784119e-02;1.459972e-02;3.107284e-02;1.706994e-02;6.758434e-03
2.253564e-01;7.002975e-02;8.003474e-03;6.175408e-02;3.314856e-02;8.990025e-02;3.517753e-01;1.000765e-01;9.615753e-03;2.324071e-02;2.010244e-02;6.996801e-03
2.141120e-01;9.388803e-02;1.283462e-02;4.912272e-02;2.120728e-02;8.247435e-02;3.722194e-01;1.070932e-01;8.113070e-03;1.498462e-02;1.576352e-02;8.187205e-03
2.071516e-01;9.732410e-02;1.736014e-02;1.361682e-02;2.180083e-02;9.484968e-02;3.885504e-01;7.191797e-02;1.584205e-02;1.244998e-02;4.745021e-02;1.168621e-02
1.542615e-01;4.526406e-02;1.431003e-02;3.203202e-02;2.899151e-02;9.364219e-02;4.009551e-01;1.255558e-01;2.109020e-02;1.466592e-02;5.966461e-02;9.567032e-03
1.175144e-01;5.015744e-02;1.376887e-02;2.284436e-02;3.062562e-02;7.457706e-02;4.259762e-01;2.057104e-01;2.394495e-02;1.661360e-02;1.505516e-02;3.211983e-03
1.408843e-01;8.704945e-02;1.869595e-02;2.426029e-02;2.543544e-02;4.636705e-02;3.397298e-01;2.114090e-01;1.990076e-02;1.229168e-02;6.875858e-02;5.217761e-03
1.635227e-01;1.462375e-01;2.459183e-02;2.894388e-02;2.729251e-02;3.567532e-02;2.618364e-01;1.745424e-01;1.755761e-02;1.585866e-02;9.845302e-02;5.488200e-03
1.350342e-01;1.319494e-01;3.105997e-02;3.406772e-02;4.601834e-02;7.052590e-02;2.566074e-01;1.450207e-01;2.218911e-02;2.677624e-02;9.044889e-02;1.030221e-02
8.886331e-02;4.580510e-02;2.535754e-02;2.407942e-02;5.455097e-02;9.275387e-02;3.367313e-01;1.920208e-01;3.570646e-02;4.374754e-02;3.766586e-02;2.271781e-02
6.251807e-02;5.564879e-02;2.878113e-02;3.653254e-02;5.477790e-02;9.584053e-02;3.085437e-01;1.833824e-01;4.097465e-02;5.778013e-02;4.642372e-02;2.879642e-02
6.277899e-02;4.367612e-02;2.986428e-02;4.558017e-02;5.414956e-02;9.427816e-02;2.993378e-01;1.615675e-01;3.982904e-02;6.959722e-02;6.920265e-02;3.013845e-02
9.063453e-02;5.366866e-02;2.805885e-02;3.872979e-02;5.291561e-02;7.555401e-02;3.199092e-01;1.394518e-01;2.898256e-02;6.933100e-02;7.784808e-02;2.491600e-02
8.990007e-02;9.527627e-02;1.805469e-02;3.419098e-02;3.137285e-02;7.120243e-02;3.523056e-01;1.332424e-01;3.492626e-02;3.551200e-02;9.366476e-02;1.035179e-02
1.152842e-01;9.704421e-02;1.371342e-02;2.481540e-02;2.842598e-02;4.452119e-02;3.826016e-01;1.622357e-01;2.828430e-02;1.749375e-02;7.414740e-02;1.143288e-02
1.538397e-01;9.739977e-02;1.185645e-02;1.444520e-02;1.936825e-02;5.735891e-02;4.182343e-01;1.721679e-01;1.205431e-02;9.986167e-03;2.407183e-02;9.217233e-03
1.242357e-01;1.035268e-01;7.844642e-03;1.572983e-02;1.006589e-02;5.699584e-02;4.044065e-01;2.112626e-01;9.437839e-03;8.571427e-03;4.104226e-02;6.880714e-03
7.760506e-02;1.279075e-01;1.001323e-02;1.941302e-02;1.079797e-02;5.668364e-02;4.109952e-01;2.159852e-01;8.663077e-03;7.021771e-03;4.627782e-02;8.636564e-03
2.659189e-02;1.614058e-01;1.615826e-02;1.763305e-02;1.211334e-02;5.378957e-02;4.376062e-01;2.084973e-01;9.294220e-03;8.306229e-03;4.231711e-02;6.287172e-03
7.472589e-02;1.908557e-01;2.153614e-02;2.753250e-02;1.252680e-02;5.376413e-02;4.130617e-01;1.538625e-01;8.770561e-03;9.980338e-03;2.867839e-02;4.705317e-03
1.347657e-01;1.893491e-01;1.857536e-02;4.566926e-02;1.073407e-02;6.535771e-02;3.829210e-01;8.727645e-02;9.644018e-03;1.774193e-02;3.332045e-02;4.644922e-03
1.767692e-01;1.137677e-01;1.148399e-02;6.351767e-02;1.404324e-02;9.828238e-02;3.786713e-01;6.404999e-02;8.527478e-03;3.322418e-02;3.237218e-02;5.290606e-03
1.798968e-01;4.776733e-02;6.170520e-03;6.101251e-02;1.390342e-02;1.199687e-01;3.890919e-01;1.059451e-01;4.749801e-03;4.117279e-02;2.218559e-02;8.135472e-03
1.590549e-01;8.517957e-02;8.363467e-03;4.080551e-02;1.253018e-02;1.119406e-01;3.968716e-01;1.157317e-01;8.899944e-03;3.250451e-02;1.893927e-02;9.178865e-03
1.356435e-01;1.094673e-01;1.073789e-02;2.663186e-02;9.812651e-03;8.502292e-02;4.089055e-01;1.377494e-01;1.327121e-02;1.948433e-02;3.784996e-02;5.423516e-03
1.242456e-01;9.448265e-02;1.037260e-02;2.699404e-02;1.609999e-02;7.362182e-02;4.107751e-01;1.540826e-01;1.869327e-02;1.246366e-02;5.191901e-02;6.249613e-03
1.178610e-01;7.344641e-02;1.362343e-02;4.152460e-02;2.730321e-02;6.560028e-02;3.946630e-01;1.369208e-01;2.109300e-02;1.608742e-02;8.239709e-02;9.479767e-03
1.084037e-01;9.995174e-02;2.649890e-02;5.160187e-02;4.323149e-02;7.608767e-02;3.727144e-01;7.873163e-02;2.198991e-02;2.051615e-02;8.889075e-02;1.138170e-02
1.359544e-01;1.126662e-01;3.213415e-02;3.522301e-02;4.332812e-02;9.258374e-02;3.358050e-01;7.092456e-02;2.013334e-02;3.029078e-02;7.592991e-02;1.502673e-02
1.618948e-01;8.602998e-02;2.059750e-02;2.514752e-02;2.237542e-02;1.013048e-01;3.273555e-01;1.631423e-01;1.529569e-02;2.883461e-02;3.461550e-02;1.340634e-02
9.147996e-02;6.893752e-02;2.829630e-02;3.510590e-02;4.024819e-02;9.528089e-02;3.340216e-01;1.559348e-01;1.527470e-02;2.423842e-02;1.027911e-01;8.390644e-03
6.292353e-02;9.564493e-02;3.626202e-02;3.801762e-02;2.702463e-02;7.653007e-02;3.294398e-01;1.576232e-01;1.513643e-02;2.152880e-02;1.250236e-01;1.484543e-02
1.097474e-01;9.098762e-02;3.408105e-02;4.869391e-02;2.395200e-02;6.864327e-02;2.825043e-01;1.504628e-01;2.710980e-02;2.240229e-02;1.163558e-01;2.505969e-02
9.430259e-02;7.506209e-02;2.348517e-02;4.684852e-02;4.576956e-02;6.479698e-02;2.773943e-01;1.671341e-01;3.672536e-02;3.014994e-02;1.117652e-01;2.656610e-02
1.199803e-01;5.665072e-02;4.732366e-02;1.591804e-02;5.822968e-02;5.563616e-02;2.512749e-01;2.124946e-01;2.464651e-02;4.746607e-02;9.894358e-02;1.143581e-02
1.133292e-01;6.049554e-02;5.315655e-02;4.455917e-02;3.755938e-02;6.979061e-02;1.801617e-01;1.915941e-01;2.882411e-02;5.567524e-02;1.293967e-01;3.545764e-02
8.570100e-02;5.130868e-02;4.087812e-02;6.054149e-02;2.645209e-02;7.825101e-02;2.293992e-01;1.601329e-01;3.660919e-02;5.526360e-02;1.352039e-01;4.025879e-02
5.735033e-02;3.991992e-02;3.397855e-02;5.196686e-02;1.851462e-02;7.016383e-02;3.175352e-01;1.513238e-01;4.867769e-02;5.380843e-02;1.219682e-01;3.479249e-02
5.449338e-02;5.402268e-02;4.069963e-02;4.250646e-02;2.294751e-02;5.590269e-02;3.101918e-01;1.789239e-01;6.566454e-02;4.248257e-02;1.045472e-01;2.761765e-02
8.068439e-02;6.842934e-02;7.000198e-02;3.858705e-02;4.745580e-02;5.202264e-02;2.260093e-01;1.888604e-01;5.770663e-02;3.594794e-02;1.155352e-01;1.875928e-02
4.806835e-02;6.303332e-02;9.558167e-02;8.055497e-02;8.359194e-02;8.472616e-02;1.597500e-01;1.686201e-01;5.105878e-02;3.483895e-02;1.116928e-01;1.848302e-02
7.291310e-02;7.385238e-02;7.275461e-02;1.162046e-01;5.784956e-02;6.736463e-02;1.864960e-01;1.501856e-01;7.703907e-02;4.673013e-02;6.813309e-02;1.047724e-02
8.242657e-02;9.396730e-02;4.192098e-02;7.674691e-02;4.786854e-02;4.227133e-02;2.282717e-01;6.069078e-02;1.254597e-01;4.421629e-02;1.350956e-01;2.106440e-02
6.215684e-02;9.979665e-02;3.834013e-02;6.639782e-02;5.480722e-02;5.819697e-02;2.139882e-01;1.163628e-01;1.297076e-01;2.565652e-02;1.076174e-01;2.697177e-02
7.686099e-02;9.035236e-02;4.797421e-02;4.880522e-02;4.457765e-02;6.978651e-02;1.780211e-01;2.062476e-01;9.725249e-02;3.987194e-02;9.140024e-02;8.849657e-03
1.164771e-01;7.179472e-02;3.833944e-02;3.260587e-02;5.274311e-02;5.670083e-02;2.280055e-01;2.214514e-01;6.472120e-02;3.457570e-02;6.789947e-02;1.468566e-02
1.646367e-01;7.797367e-02;3.941499e-02;4.561768e-02;6.259745e-02;7.978339e-02;2.392209e-01;1.671604e-01;4.300845e-02;3.334526e-02;3.399395e-02;1.324708e-02
1.381211e-01;6.593527e-02;5.977266e-02;7.754840e-02;5.505197e-02;6.550925e-02;1.954569e-01;1.342852e-01;4.094239e-02;5.587063e-02;8.506621e-02;2.644002e-02
5.238212e-02;5.255125e-02;8.145737e-02;6.786198e-02;5.189167e-02;8.462579e-02;1.721213e-01;1.022516e-01;4.135036e-02;8.348596e-02;1.757492e-01;3.427151e-02
1.265152e-01;7.754549e-02;3.761316e-02;2.438104e-02;3.797161e-02;8.491141e-02;2.043071e-01;1.213800e-01;3.347465e-02;4.059933e-02;1.993938e-01;1.190723e-02
1.532497e-01;9.104908e-02;1.927323e-02;1.231164e-02;2.107844e-02;6.358887e-02;2.055037e-01;1.612459e-01;2.407883e-02;2.938862e-02;2.084159e-01;1.081620e-02
1.487423e-01;1.013993e-01;1.929430e-02;1.576946e-02;1.758316e-02;5.527114e-02;1.978683e-01;1.702905e-01;2.004741e-02;3.038575e-02;2.089489e-01;1.439956e-02
1.216450e-01;1.256060e-01;4.680325e-02;4.824166e-02;3.117735e-02;6.535870e-02;1.953741e-01;1.348098e-01;6.745127e-02;6.827645e-02;7.750019e-02;1.775613e-02
1.192627e-01;8.821733e-02;4.711650e-02;5.435228e-02;3.659017e-02;8.683484e-02;1.345779e-01;1.745448e-01;7.880609e-02;7.254782e-02;9.087641e-02;1.627314e-02
1.392317e-01;8.948398e-02;4.497371e-02;5.101969e-02;2.797662e-02;8.023205e-02;1.309653e-01;1.740492e-01;7.458594e-02;7.118931e-02;1.043408e-01;1.195172e-02
1.411495e-01;9.177793e-02;5.301219e-02;5.143524e-02;3.556974e-02;6.982575e-02;1.784125e-01;1.194180e-01;6.760168e-02;6.783446e-02;9.190804e-02;3.205494e-02
1.753365e-01;6.764755e-02;4.936081e-02;3.651786e-02;5.161271e-02;5.424032e-02;2.096140e-01;7.442734e-02;4.573329e-02;4.530586e-02;1.293966e-01;6.080707e-02
1.977946e-01;7.032025e-02;3.810377e-02;2.748885e-02;3.454139e-02;4.306654e-02;2.087412e-01;6.588821e-02;3.560013e-02;3.392071e-02;1.918553e-01;5.267899e-02
1.624826e-01;6.667291e-02;4.704723e-02;4.424991e-02;5.081753e-02;3.528496e-02;1.963533e-01;1.071601e-01;3.625699e-02;3.407440e-02;1.772174e-01;4.238279e-02
1.104501e-01;7.538678e-02;6.312624e-02;6.314030e-02;5.830878e-02;3.427761e-02;1.821993e-01;1.560271e-01;4.682394e-02;5.369940e-02;1.241233e-01;3.243716e-02
1.843982e-01;8.599713e-02;4.371066e-02;4.978288e-02;4.525600e-02;5.008232e-02;9.420576e-02;1.368277e-01;4.087364e-02;4.502618e-02;1.951523e-01;2.868718e-02
1.954365e-01;9.405880e-02;3.476207e-02;5.341079e-02;4.155276e-02;4.401760e-02;1.442688e-01;1.053534e-01;4.807857e-02;5.758433e-02;1.063241e-01;7.515223e-02
1.300704e-01;6.858032e-02;3.767335e-02;7.403437e-02;3.714044e-02;3.426995e-02;1.234818e-01;1.253712e-01;6.924574e-02;5.655648e-02;1.596335e-01;8.394232e-02
1.349961e-01;9.191908e-02;4.610532e-02;8.014116e-02;4.410627e-02;4.042378e-02;1.050506e-01;1.198350e-01;4.863790e-02;4.202774e-02;1.886690e-01;5.808806e-02
1.108127e-01;8.055049e-02;4.368429e-02;7.578669e-02;5.783431e-02;6.278850e-02;1.792212e-01;1.145455e-01;3.106234e-02;4.803671e-02;1.519456e-01;4.373168e-02
