7.893640e-02;8.154681e-02;9.108116e-02;7.033937e-02;6.236317e-02;8.055406e-02;2.138435e-01;5.444162e-02;1.070779e-01;8.008168e-02;2.696797e-02;5.276638e-02
7.263014e-02;6.795939e-02;9.425601e-02;6.819882e-02;5.896890e-02;1.094506e-01;2.126521e-01;4.802516e-02;7.580476e-02;7.844052e-02;5.077238e-02;6.284115e-02
6.509412e-02;6.830684e-02;1.023214e-01;5.017143e-02;7.869498e-02;1.059067e-01;1.586339e-01;7.079057e-02;7.951545e-02;6.984644e-02;8.891875e-02;6.179937e-02
8.674477e-02;7.511595e-02;2.330685e-01;8.022027e-02;5.724888e-02;6.894183e-02;1.112137e-01;4.870783e-02;6.376347e-02;6.615446e-02;5.689409e-02;5.192629e-02
1.070806e-01;1.122312e-01;3.592490e-01;8.114026e-02;8.272338e-02;4.739357e-02;5.463046e-02;1.755526e-02;2.534181e-02;5.347970e-02;3.528609e-02;2.388867e-02
8.048451e-02;1.367747e-01;4.435126e-01;6.040370e-02;7.116452e-02;4.239187e-02;6.869768e-02;1.148163e-02;2.068918e-02;3.292101e-02;2.062883e-02;1.084980e-02
9.782148e-02;1.782855e-01;4.693906e-01;4.042637e-02;4.474173e-02;4.031171e-02;5.127798e-02;7.619808e-03;2.750047e-02;2.148286e-02;1.070794e-02;1.043352e-02
1.309925e-01;2.412169e-01;4.527082e-01;2.063943e-02;1.845548e-02;4.327119e-02;2.008270e-02;5.797701e-03;3.785640e-02;1.524583e-02;5.871921e-03;7.861705e-03
2.066460e-01;2.599962e-01;3.458039e-01;1.859361e-02;1.981432e-02;4.606923e-02;9.768760e-03;1.586524e-02;4.071370e-02;1.190947e-02;9.245954e-03;1.557351e-02
3.411342e-01;2.189698e-01;1.999044e-01;2.090152e-02;2.052963e-02;3.646445e-02;2.027397e-02;2.874709e-02;5.099160e-02;1.739361e-02;1.433459e-02;3.035517e-02
4.132170e-01;1.411361e-01;1.110297e-01;2.231882e-02;1.770453e-02;1.562090e-02;3.949993e-02;8.098255e-02;6.035242e-02;2.538686e-02;2.460285e-02;4.814832e-02
3.529222e-01;7.417178e-02;9.622732e-02;1.224410e-02;1.776421e-02;2.903314e-02;8.240884e-02;1.332598e-01;5.325440e-02;3.159321e-02;3.926039e-02;7.786054e-02
3.079080e-01;1.694129e-02;7.002663e-02;1.643388e-02;2.608436e-02;3.688461e-02;1.534363e-01;1.334355e-01;4.067800e-02;3.148744e-02;5.140870e-02;1.152754e-01
2.717744e-01;3.579473e-02;1.219682e-01;2.638194e-02;2.928447e-02;2.822500e-02;1.717558e-01;9.038401e-02;2.278200e-02;2.978898e-02;6.221621e-02;1.096442e-01
2.068402e-01;3.406511e-02;2.102114e-01;3.251765e-02;2.735484e-02;1.307343e-02;1.613193e-01;8.541933e-02;3.294860e-02;4.148097e-02;7.162593e-02;8.314326e-02
1.447473e-01;4.910903e-02;1.531237e-01;4.095620e-02;3.780939e-02;2.580788e-02;1.762827e-01;6.275309e-02;5.312674e-02;6.130161e-02;1.041570e-01;9.082543e-02
7.726848e-02;3.224859e-02;1.750120e-01;4.286638e-02;4.604393e-02;5.478205e-02;1.627360e-01;2.370856e-02;5.118144e-02;9.461362e-02;1.525114e-01;8.702768e-02
8.669143e-02;1.972834e-02;1.795624e-01;3.906471e-02;4.806144e-02;6.572870e-02;1.202488e-01;3.916077e-02;2.942323e-02;1.098051e-01;1.687186e-01;9.380656e-02
9.429508e-02;4.245621e-02;1.391725e-01;3.367403e-02;4.209467e-02;4.757837e-02;1.379896e-01;3.657385e-02;5.864201e-02;1.005460e-01;1.574463e-01;1.095313e-01
6.938253e-02;3.270828e-02;1.042305e-01;3.181483e-02;3.811083e-02;3.860261e-02;2.081338e-01;8.080207e-02;4.737625e-02;9.663860e-02;1.467418e-01;1.054580e-01
1.750459e-01;6.240566e-02;1.394650e-01;2.743629e-02;4.140995e-02;3.811913e-02;1.625368e-01;9.690580e-02;4.089916e-02;5.901071e-02;7.559776e-02;8.116780e-02
1.043795e-01;1.302502e-01;3.595864e-01;4.198113e-02;4.706605e-02;2.960619e-02;5.925482e-02;5.363257e-02;7.671740e-02;2.501864e-02;3.011603e-02;4.239103e-02
7.634631e-02;1.611978e-01;4.069257e-01;5.149650e-02;4.882692e-02;3.500044e-02;4.978146e-02;1.854130e-02;9.179674e-02;2.369030e-02;1.752064e-02;1.887584e-02
1.403381e-01;2.042385e-01;3.592789e-01;4.067691e-02;3.292356e-02;2.557421e-02;3.040546e-02;1.831967e-02;1.140284e-01;1.694829e-02;7.721925e-03;9.546032e-03
2.013723e-01;2.344282e-01;2.695840e-01;1.953963e-02;1.768705e-02;1.130236e-02;1.247045e-02;4.587990e-02;1.479409e-01;1.522452e-02;9.797201e-03;1.477342e-02
2.717145e-01;2.065892e-01;1.657080e-01;8.696535e-03;2.538627e-02;9.872067e-03;1.270172e-02;9.345058e-02;1.555216e-01;1.816646e-02;1.370895e-02;1.848411e-02
3.266995e-01;1.577968e-01;1.372907e-01;1.149947e-02;3.571473e-02;9.157763e-03;8.857768e-03;1.393586e-01;1.267321e-01;1.494936e-02;1.787459e-02;1.406853e-02
3.407577e-01;1.375827e-01;1.441786e-01;9.144470e-03;3.233876e-02;6.389584e-03;1.718557e-02;1.658249e-01;1.014054e-01;9.443964e-03;1.840217e-02;1.734616e-02
3.278352e-01;1.334715e-01;1.530097e-01;8.576076e-03;2.174459e-02;6.293957e-03;1.958054e-02;1.795718e-01;1.039577e-01;6.148789e-03;2.040361e-02;1.940648e-02
3.287109e-01;1.142659e-01;1.307359e-01;8.371510e-03;1.268871e-02;8.574373e-03;4.023484e-02;2.015773e-01;9.704932e-02;5.703146e-03;2.378529e-02;2.830282e-02
3.445677e-01;7.954569e-02;8.831538e-02;9.124666e-03;3.916466e-02;1.027874e-02;7.027463e-02;1.949060e-01;8.235408e-02;1.075232e-02;2.896350e-02;4.175257e-02
3.286584e-01;6.751143e-02;2.027188e-01;1.365033e-02;6.150599e-02;1.071253e-02;5.946473e-02;1.177747e-01;5.845574e-02;1.598118e-02;2.898970e-02;3.457650e-02
3.391692e-01;1.235608e-01;2.544716e-01;1.046186e-02;5.807406e-02;7.656863e-03;3.166632e-02;8.431051e-02;3.287174e-02;9.741799e-03;2.359185e-02;2.442338e-02
3.709515e-01;1.425234e-01;2.190192e-01;7.600350e-03;5.933204e-02;5.148167e-03;1.390113e-02;1.061144e-01;1.351672e-02;8.731305e-03;2.319418e-02;2.996750e-02
3.701602e-01;1.337755e-01;1.910221e-01;7.829463e-03;5.071655e-02;7.484126e-03;9.380631e-03;1.320201e-01;2.603830e-02;1.179932e-02;2.631387e-02;3.345994e-02
3.592874e-01;1.104703e-01;1.825886e-01;9.714592e-03;3.515825e-02;6.000199e-03;2.149146e-02;1.546636e-01;4.303587e-02;1.258057e-02;2.498912e-02;4.002009e-02
3.625079e-01;9.586364e-02;1.838287e-01;8.352858e-03;2.522728e-02;6.414321e-03;3.058496e-02;1.602577e-01;3.485287e-02;1.086903e-02;2.893709e-02;5.230363e-02
3.649250e-01;9.045006e-02;1.933061e-01;6.310381e-03;1.738044e-02;7.326294e-03;3.551808e-02;1.272618e-01;3.459725e-02;1.728540e-02;3.941676e-02;6.622241e-02
3.045109e-01;9.059096e-02;1.991248e-01;9.136772e-03;1.921231e-02;1.429633e-02;7.546285e-02;5.836945e-02;3.639348e-02;3.795784e-02;6.692573e-02;8.801855e-02
6.907091e-02;1.847475e-01;2.166229e-01;3.123929e-02;2.905036e-02;2.516721e-02;9.546845e-02;3.094346e-02;5.510664e-02;6.110012e-02;1.002750e-01;1.012081e-01
2.881525e-01;2.103604e-01;1.880448e-01;2.346094e-02;2.441497e-02;1.650948e-02;3.761421e-02;4.263198e-02;5.803256e-02;2.618526e-02;3.877623e-02;4.581670e-02
3.573035e-01;2.317549e-01;1.513560e-01;1.339855e-02;2.207308e-02;9.898835e-03;2.639966e-02;6.721687e-02;5.300138e-02;9.597484e-03;2.279777e-02;3.520200e-02
3.845629e-01;2.440404e-01;1.412652e-01;1.296991e-02;2.084234e-02;7.405089e-03;8.157465e-03;7.080193e-02;5.829961e-02;8.108813e-03;1.794740e-02;2.559889e-02
3.602882e-01;2.731379e-01;1.213055e-01;1.904254e-02;1.745578e-02;1.200625e-02;1.973693e-02;5.395215e-02;7.220776e-02;1.773917e-02;1.599203e-02;1.713572e-02
2.643609e-01;3.113448e-01;1.684301e-01;3.041520e-02;1.098844e-02;1.800579e-02;9.936331e-03;2.525780e-02;1.112841e-01;2.400742e-02;8.713767e-03;1.725532e-02
1.438510e-01;3.183929e-01;2.392926e-01;4.342178e-02;9.256784e-03;2.790185e-02;9.650909e-03;1.514736e-02;1.433759e-01;2.022077e-02;6.716410e-03;2.277171e-02
7.534635e-02;2.967589e-01;3.236484e-01;4.465949e-02;9.295115e-03;3.146486e-02;9.773850e-03;1.019409e-02;1.400416e-01;2.435198e-02;6.798223e-03;2.766715e-02
6.054593e-02;2.367711e-01;4.352921e-01;3.510765e-02;1.169218e-02;2.310971e-02;7.357154e-03;1.099329e-02;1.029955e-01;4.401763e-02;4.512478e-03;2.760538e-02
3.019664e-02;1.546675e-01;6.014228e-01;3.020438e-02;1.590892e-02;1.234649e-02;1.424695e-02;7.827374e-03;5.058489e-02;6.268499e-02;5.360216e-03;1.454889e-02
1.887176e-02;1.072878e-01;7.104343e-01;2.890131e-02;1.555562e-02;6.416492e-03;2.090543e-02;6.787894e-03;9.817462e-03;6.610706e-02;3.109633e-03;5.805195e-03
2.682928e-02;7.602777e-02;7.372293e-01;3.482485e-02;1.611431e-02;6.881249e-03;2.136908e-02;5.860371e-03;6.717793e-03;6.036033e-02;3.809281e-03;3.976277e-03
3.549752e-02;6.717592e-02;7.077022e-01;5.374080e-02;1.797070e-02;7.207336e-03;2.307311e-02;9.832651e-03;7.496714e-03;5.680898e-02;8.184718e-03;5.309374e-03
6.113980e-02;9.586165e-02;5.617961e-01;6.817455e-02;3.285320e-02;2.127482e-02;4.814833e-02;1.616334e-02;2.274788e-02;4.684652e-02;1.404111e-02;1.095266e-02
7.998284e-02;8.884582e-02;4.307878e-01;8.401003e-02;5.368889e-02;3.860313e-02;8.355130e-02;2.712587e-02;4.362247e-02;3.385280e-02;1.883546e-02;1.709358e-02
9.416488e-02;4.486461e-02;4.531020e-01;6.305473e-02;4.539471e-02;4.174604e-02;8.213998e-02;2.819705e-02;6.209617e-02;3.305240e-02;2.740381e-02;2.478360e-02
6.546822e-02;8.069266e-02;5.219089e-01;4.686285e-02;4.857628e-02;3.025403e-02;6.036777e-02;1.932754e-02;4.167277e-02;3.613968e-02;2.206269e-02;2.666657e-02
4.406499e-02;1.198120e-01;6.196023e-01;4.189867e-02;2.911487e-02;1.674905e-02;2.507939e-02;1.446200e-02;2.019099e-02;2.645688e-02;1.245992e-02;3.010896e-02
2.403173e-02;1.471425e-01;6.754773e-01;2.864417e-02;1.119495e-02;7.972693e-03;1.539818e-02;1.665416e-02;1.625799e-02;2.180368e-02;1.235809e-02;2.306455e-02
3.524409e-02;1.824560e-01;6.393429e-01;2.321221e-02;1.004593e-02;8.850348e-03;1.398128e-02;1.006636e-02;2.696072e-02;1.774569e-02;9.458143e-03;2.263633e-02
4.341773e-02;2.375797e-01;5.772699e-01;2.103175e-02;5.387423e-03;1.318595e-02;1.246685e-02;5.555353e-03;3.080288e-02;9.335906e-03;4.739008e-03;3.922751e-02
6.626235e-02;2.895348e-01;4.920438e-01;2.000659e-02;4.225670e-03;1.570725e-02;1.135134e-02;5.844226e-03;3.436339e-02;7.495437e-03;9.276893e-03;4.388826e-02
6.615429e-02;2.648860e-01;5.131661e-01;2.165703e-02;8.121280e-03;1.245633e-02;1.176550e-02;5.654878e-03;3.945675e-02;8.877717e-03;1.087663e-02;3.692753e-02
7.087392e-02;2.383817e-01;5.424926e-01;2.304435e-02;9.945805e-03;8.612090e-03;1.366716e-02;6.760556e-03;3.665019e-02;8.214798e-03;6.680265e-03;3.467654e-02
1.028331e-01;2.388997e-01;4.948433e-01;2.137582e-02;1.339275e-02;6.815624e-03;1.399866e-02;7.114523e-03;4.271859e-02;1.011594e-02;1.181181e-02;3.608015e-02
1.799306e-01;2.301777e-01;3.837956e-01;2.194469e-02;1.422855e-02;1.518612e-02;2.597556e-02;1.672573e-02;4.565933e-02;1.861597e-02;2.032686e-02;2.743333e-02
2.778313e-01;1.745344e-01;2.678950e-01;2.427665e-02;1.576331e-02;2.665640e-02;5.302938e-02;3.622037e-02;2.545133e-02;2.277379e-02;3.151292e-02;4.405506e-02
2.849036e-01;1.226485e-01;2.494086e-01;1.511059e-02;2.188553e-02;2.318285e-02;7.362363e-02;4.461290e-02;3.111752e-02;3.082879e-02;4.301574e-02;5.966178e-02
2.315796e-01;1.001603e-01;3.034447e-01;1.815352e-02;2.543839e-02;2.524357e-02;6.060389e-02;5.983246e-02;3.442375e-02;4.592931e-02;4.814814e-02;4.704231e-02
1.679356e-01;6.374137e-02;3.422309e-01;4.303160e-02;3.443631e-02;3.121399e-02;7.036006e-02;5.749284e-02;4.426869e-02;5.269568e-02;4.552233e-02;4.707063e-02
1.901703e-01;1.081414e-01;2.559095e-01;3.795696e-02;2.338523e-02;3.546670e-02;8.864468e-02;5.777030e-02;3.394487e-02;5.564354e-02;4.218885e-02;7.077768e-02
2.869666e-01;9.669231e-02;1.990487e-01;2.296008e-02;2.337565e-02;2.799061e-02;7.258151e-02;5.803142e-02;3.005755e-02;5.391164e-02;3.640386e-02;9.198009e-02
4.066682e-01;9.098013e-02;1.245719e-01;1.885496e-02;2.467024e-02;1.870677e-02;5.842185e-02;5.870653e-02;3.468104e-02;3.892999e-02;3.031341e-02;9.449491e-02
4.577530e-01;1.370865e-01;1.361134e-01;1.355478e-02;1.920364e-02;8.044600e-03;3.198566e-02;6.591588e-02;2.712776e-02;2.064584e-02;2.017288e-02;6.239608e-02
4.734880e-01;1.632996e-01;1.652029e-01;9.513360e-03;1.800734e-02;6.855994e-03;1.198916e-02;6.724796e-02;1.215429e-02;1.355033e-02;1.609917e-02;4.259185e-02
4.959599e-01;1.700995e-01;1.489130e-01;7.096631e-03;1.408759e-02;4.195863e-03;1.539536e-02;6.669220e-02;1.118863e-02;1.091327e-02;1.668850e-02;3.876954e-02
4.916509e-01;1.753610e-01;1.385330e-01;9.191310e-03;1.045949e-02;6.389238e-03;1.235938e-02;5.358608e-02;2.176055e-02;1.432702e-02;1.873607e-02;4.764598e-02
4.613493e-01;1.787041e-01;1.246615e-01;1.675545e-02;1.453716e-02;1.092223e-02;1.667150e-02;3.558210e-02;3.061024e-02;2.448226e-02;2.442536e-02;6.129872e-02
3.735891e-01;1.500109e-01;1.237493e-01;2.436543e-02;2.843600e-02;2.145063e-02;5.323180e-02;2.589334e-02;3.365973e-02;5.658321e-02;3.984248e-02;6.918804e-02
2.610409e-01;8.659106e-02;1.682125e-01;3.054910e-02;5.558498e-02;3.124227e-02;7.243665e-02;3.607139e-02;3.602176e-02;1.084614e-01;5.160636e-02;6.218159e-02
1.812661e-01;6.986801e-02;1.254798e-01;3.552308e-02;8.042631e-02;4.530140e-02;6.934079e-02;6.699779e-02;8.924799e-02;1.412735e-01;4.965979e-02;4.561540e-02
1.156298e-01;5.727812e-02;8.275169e-02;5.802166e-02;8.732965e-02;5.539877e-02;4.957131e-02;7.908466e-02;1.474857e-01;1.825729e-01;4.929611e-02;3.557956e-02
1.127004e-01;6.003183e-02;8.403480e-02;6.650447e-02;8.076768e-02;4.181477e-02;5.134993e-02;7.901467e-02;1.670461e-01;1.647784e-01;5.242259e-02;3.953434e-02
1.344067e-01;7.671175e-02;9.298543e-02;7.648201e-02;8.433339e-02;4.616118e-02;7.747653e-02;7.736522e-02;1.517010e-01;1.078058e-01;4.646584e-02;2.810518e-02
1.421511e-01;7.755926e-02;1.308443e-01;5.097087e-02;8.447205e-02;4.999784e-02;1.049668e-01;8.412196e-02;1.232372e-01;7.387055e-02;4.615851e-02;3.164943e-02
1.058486e-01;5.343967e-02;1.527491e-01;3.419927e-02;8.718266e-02;6.218292e-02;1.125257e-01;9.026012e-02;1.389380e-01;7.504831e-02;4.639737e-02;4.122828e-02
7.057859e-02;4.524371e-02;1.909123e-01;5.382434e-02;7.428119e-02;8.304872e-02;8.981754e-02;6.828989e-02;1.102481e-01;9.674766e-02;4.291604e-02;7.409191e-02
1.022205e-01;3.852826e-02;2.162835e-01;6.043392e-02;6.316128e-02;5.884460e-02;6.195559e-02;5.619943e-02;9.734230e-02;1.130184e-01;4.960299e-02;8.240922e-02
1.425822e-01;3.099002e-02;1.579972e-01;6.499273e-02;6.516210e-02;6.011914e-02;8.513690e-02;9.182235e-02;7.087670e-02;1.023377e-01;4.220394e-02;8.577899e-02
1.493537e-01;5.971009e-02;1.162549e-01;6.868096e-02;7.098181e-02;4.782203e-02;7.453394e-02;8.413697e-02;8.049656e-02;8.589801e-02;7.047129e-02;9.165972e-02
1.328215e-01;7.206414e-02;1.229247e-01;7.204194e-02;6.990053e-02;4.302210e-02;6.935514e-02;5.901892e-02;7.020645e-02;7.557418e-02;1.117805e-01;1.012899e-01
9.347869e-02;2.914516e-02;1.651058e-01;6.528886e-02;6.619254e-02;5.720547e-02;9.900727e-02;3.849676e-02;9.983633e-02;8.229113e-02;1.162036e-01;8.774839e-02
8.382981e-02;7.105399e-02;2.293883e-01;5.789432e-02;6.526904e-02;5.825743e-02;9.528784e-02;6.766430e-02;1.408888e-01;5.352445e-02;4.159609e-02;3.534564e-02
1.074687e-01;9.012102e-02;2.057267e-01;4.804652e-02;6.829091e-02;4.355011e-02;7.091141e-02;9.555417e-02;1.772900e-01;4.585169e-02;3.295017e-02;1.423858e-02
1.408383e-01;1.026449e-01;1.430053e-01;2.866887e-02;6.658456e-02;3.250263e-02;4.997295e-02;1.355958e-01;2.210622e-01;2.762507e-02;3.418024e-02;1.731928e-02
1.493142e-01;1.427693e-01;1.326128e-01;1.211149e-02;6.774534e-02;3.097986e-02;2.358131e-02;1.248268e-01;2.603072e-01;1.843869e-02;2.025025e-02;1.706276e-02
1.419855e-01;1.963911e-01;1.836633e-01;1.455208e-02;5.291272e-02;2.565872e-02;1.794255e-02;7.181723e-02;2.593636e-01;1.060962e-02;8.502691e-03;1.660090e-02
1.075946e-01;2.363339e-01;2.813796e-01;1.184805e-02;2.114077e-02;3.115047e-02;1.460143e-02;2.790289e-02;2.380751e-01;9.080691e-03;7.705913e-03;1.318659e-02
7.038106e-02;2.361023e-01;3.723163e-01;1.737257e-02;1.376031e-02;3.524849e-02;1.213520e-02;1.525518e-02;1.996431e-01;1.052721e-02;6.840388e-03;1.041778e-02
4.877343e-02;1.936427e-01;4.611585e-01;2.213620e-02;7.572404e-03;2.795986e-02;2.342154e-02;1.378444e-02;1.637292e-01;1.603323e-02;7.940475e-03;1.384798e-02
3.234639e-02;1.273277e-01;5.708530e-01;2.417120e-02;1.343089e-02;2.000089e-02;2.672289e-02;1.954817e-02;1.162769e-01;2.328846e-02;1.131296e-02;1.472057e-02
2.586578e-02;7.179581e-02;6.422227e-01;2.567409e-02;2.460723e-02;2.450518e-02;2.892274e-02;1.952073e-02;6.464922e-02;3.848034e-02;2.107922e-02;1.267696e-02
2.394716e-02;3.096914e-02;7.176791e-01;4.280227e-02;3.370676e-02;2.178998e-02;2.496521e-02;1.694111e-02;1.878117e-02;4.093172e-02;1.759519e-02;9.891170e-03
2.612494e-02;2.832357e-02;7.331530e-01;5.008272e-02;3.135638e-02;1.132124e-02;2.460955e-02;1.567485e-02;2.348825e-02;3.466235e-02;1.191505e-02;9.288089e-03
4.385652e-02;9.082476e-02;6.828872e-01;4.032036e-02;2.267884e-02;8.572799e-03;1.892247e-02;1.133457e-02;3.663873e-02;2.858200e-02;6.603309e-03;8.778443e-03
1.073669e-01;1.635826e-01;5.443370e-01;3.123993e-02;1.743938e-02;9.193744e-03;8.912769e-03;1.613572e-02;6.149694e-02;1.825195e-02;6.292579e-03;1.575033e-02
2.152337e-01;1.966909e-01;3.759046e-01;2.096695e-02;1.172694e-02;9.848098e-03;2.112828e-02;3.067579e-02;7.152071e-02;1.381438e-02;1.016516e-02;2.232447e-02
2.827254e-01;1.619915e-01;3.237968e-01;1.639344e-02;1.207345e-02;1.130501e-02;2.780232e-02;3.993006e-02;5.302111e-02;1.616191e-02;2.096001e-02;3.383891e-02
2.625632e-01;1.059885e-01;3.402632e-01;2.011201e-02;2.561691e-02;1.767619e-02;4.809351e-02;3.450847e-02;3.219478e-02;2.714105e-02;4.068870e-02;4.515351e-02
2.435533e-01;8.524413e-02;2.933239e-01;2.480630e-02;4.285958e-02;2.223407e-02;6.664854e-02;2.587079e-02;2.853236e-02;5.506056e-02;6.580405e-02;4.606252e-02
2.722450e-01;6.313881e-02;2.000824e-01;3.530200e-02;6.886134e-02;4.009079e-02;5.098435e-02;1.830819e-02;3.784605e-02;7.719583e-02;8.496908e-02;5.097621e-02
2.132752e-01;1.106385e-01;2.700334e-01;4.409899e-02;5.506366e-02;2.689307e-02;5.667429e-02;4.470727e-02;4.132531e-02;5.738656e-02;2.954002e-02;5.036377e-02
1.336580e-01;9.739856e-02;1.930226e-01;6.019931e-02;5.314518e-02;5.525714e-02;7.074108e-02;6.902818e-02;7.739625e-02;1.102639e-01;3.559792e-02;4.429188e-02
5.703600e-02;6.615806e-02;8.202989e-02;7.873236e-02;7.195885e-02;7.180974e-02;1.232100e-01;8.541011e-02;9.581835e-02;1.594703e-01;4.906162e-02;5.930460e-02
5.271086e-02;8.924228e-02;7.898968e-02;9.251808e-02;6.547983e-02;6.454510e-02;1.607854e-01;6.887686e-02;6.031986e-02;1.416502e-01;5.086040e-02;7.402144e-02
7.636833e-02;1.135547e-01;1.087691e-01;8.113161e-02;4.164010e-02;5.071026e-02;1.476035e-01;6.877226e-02;1.102055e-01;9.057423e-02;5.064258e-02;6.002784e-02
9.500822e-02;1.202912e-01;1.524284e-01;7.148323e-02;3.173801e-02;4.990622e-02;1.085085e-01;4.196563e-02;1.429397e-01;8.801404e-02;4.719583e-02;5.052095e-02
9.092055e-02;1.169360e-01;1.705942e-01;7.664955e-02;3.051692e-02;5.301709e-02;7.806157e-02;3.986817e-02;1.470257e-01;1.067140e-01;4.111468e-02;4.858156e-02
3.520564e-02;1.092560e-01;1.849758e-01;6.886248e-02;6.252874e-02;7.557485e-02;9.294990e-02;7.359774e-02;9.215958e-02;1.174002e-01;3.890339e-02;4.858575e-02
9.038371e-02;9.123384e-02;1.266580e-01;4.031489e-02;9.393305e-02;5.556791e-02;1.663706e-01;5.496977e-02;6.673770e-02;1.230911e-01;4.366555e-02;4.707382e-02
7.300932e-02;9.893200e-02;1.226007e-01;6.114466e-02;1.035652e-01;5.871030e-02;1.710028e-01;5.391759e-02;5.934297e-02;1.193828e-01;4.339850e-02;3.499321e-02
5.344378e-02;9.370157e-02;1.934399e-01;6.230994e-02;9.600854e-02;6.095317e-02;1.400416e-01;5.700230e-02;6.081619e-02;8.011330e-02;6.048998e-02;4.167966e-02
4.416764e-02;7.900718e-02;1.447445e-01;5.116123e-02;8.715425e-02;6.115661e-02;1.678147e-01;8.304909e-02;6.831770e-02;7.131790e-02;7.932590e-02;6.278330e-02
3.260923e-02;5.135515e-02;1.791199e-01;5.599304e-02;6.347147e-02;4.767177e-02;2.070312e-01;6.676223e-02;6.874832e-02;8.921442e-02;8.527321e-02;5.275014e-02
2.273257e-02;4.602266e-02;1.802211e-01;5.375915e-02;1.143407e-01;7.358100e-02;2.715751e-01;2.560820e-02;4.258776e-02;6.620026e-02;6.838357e-02;3.498795e-02
5.410456e-02;4.595884e-02;1.311715e-01;5.991985e-02;1.266848e-01;6.969146e-02;2.548971e-01;4.313654e-02;3.451063e-02;6.064269e-02;7.800050e-02;4.128155e-02
6.640980e-02;3.939283e-02;1.924624e-01;7.091878e-02;1.451806e-01;4.712177e-02;1.895315e-01;4.383847e-02;4.221000e-02;5.455565e-02;7.016530e-02;3.821275e-02
4.740199e-02;3.577984e-02;2.181977e-01;5.969235e-02;1.211281e-01;5.526119e-02;1.551894e-01;4.227686e-02;6.224445e-02;7.917405e-02;9.062560e-02;3.302842e-02
9.305164e-02;3.805578e-02;1.832072e-01;5.258159e-02;6.664317e-02;8.932507e-02;1.516817e-01;6.616466e-02;6.205633e-02;7.729732e-02;7.586838e-02;4.406721e-02
9.958801e-02;4.608924e-02;1.292726e-01;4.891790e-02;7.072043e-02;8.765354e-02;1.786272e-01;7.041632e-02;9.615304e-02;9.126528e-02;3.742357e-02;4.387290e-02
9.476210e-02;4.284482e-02;9.764412e-02;4.359845e-02;7.611293e-02;7.279243e-02;1.683317e-01;8.988658e-02;1.315918e-01;7.088999e-02;6.242798e-02;4.911712e-02
7.282260e-02;5.196299e-02;1.148979e-01;6.589872e-02;7.842374e-02;8.186476e-02;1.210530e-01;8.841114e-02;1.025237e-01;7.419417e-02;8.198297e-02;6.596433e-02
7.432958e-02;6.015174e-02;2.257892e-01;6.203266e-02;6.663632e-02;7.684640e-02;1.184312e-01;8.170341e-02;3.689181e-02;7.520112e-02;6.923822e-02;5.274832e-02
7.194280e-02;4.468500e-02;2.132783e-01;5.406064e-02;7.566990e-02;5.551682e-02;1.453314e-01;1.173069e-01;5.264748e-02;6.979755e-02;5.876833e-02;4.099483e-02
7.991131e-02;5.775568e-02;1.760480e-01;4.037732e-02;5.925025e-02;4.619421e-02;1.624264e-01;1.080675e-01;9.431545e-02;6.896298e-02;5.609883e-02;5.059214e-02
7.643846e-02;6.126905e-02;1.318285e-01;3.804173e-02;4.271773e-02;4.677104e-02;1.762498e-01;7.665416e-02;1.333122e-01;8.264139e-02;6.227802e-02;7.179796e-02
6.004531e-02;4.621938e-02;6.222983e-02;7.766435e-02;3.141811e-02;4.910748e-02;2.142131e-01;3.851096e-02;1.439214e-01;1.070130e-01;4.487302e-02;1.247840e-01
4.875444e-02;2.728120e-02;3.206700e-02;1.262792e-01;2.056907e-02;2.348046e-02;2.366395e-01;6.404409e-02;9.724779e-02;1.228155e-01;4.082988e-02;1.599918e-01
9.967529e-02;2.354316e-02;3.852472e-02;1.285280e-01;2.754658e-02;3.031990e-02;1.960071e-01;9.101333e-02;7.046295e-02;1.402223e-01;3.441175e-02;1.197449e-01
1.673366e-01;1.818693e-02;4.257099e-02;8.144646e-02;6.581105e-02;3.387142e-02;1.270934e-01;2.039952e-01;6.940456e-02;1.050437e-01;2.903171e-02;5.620803e-02
2.192945e-01;3.335875e-02;5.407600e-02;3.140619e-02;1.214736e-01;2.237698e-02;6.254764e-02;2.876283e-01;4.937683e-02;4.320675e-02;4.668794e-02;2.856663e-02
2.451008e-01;4.083972e-02;4.768093e-02;9.611369e-03;1.620860e-01;2.029921e-02;1.720672e-02;3.143116e-01;2.972620e-02;2.165872e-02;7.642700e-02;1.505171e-02
2.289682e-01;4.556905e-02;4.322587e-02;5.748785e-03;1.529215e-01;1.418789e-02;3.058817e-02;2.699539e-01;5.594851e-02;1.279391e-02;1.217183e-01;1.837596e-02
1.957845e-01;5.936428e-02;6.283065e-02;9.446567e-03;1.343702e-01;8.882666e-03;2.774056e-02;2.160226e-01;8.480927e-02;2.144227e-02;1.532469e-01;2.605962e-02
1.812893e-01;8.221620e-02;7.290862e-02;9.813520e-03;1.239954e-01;8.027880e-03;3.204919e-02;1.865233e-01;8.098002e-02;2.215480e-02;1.557604e-01;4.428134e-02
1.640520e-01;1.184844e-01;1.055048e-01;1.674977e-02;8.702755e-02;1.377042e-02;2.924286e-02;1.218926e-01;1.653744e-01;1.180132e-02;1.165493e-01;4.955065e-02
1.041186e-01;1.391021e-01;1.594694e-01;2.043293e-02;4.126164e-02;4.147382e-02;2.937216e-02;5.787513e-02;2.949122e-01;1.791896e-02;4.244827e-02;5.161478e-02
4.675338e-02;1.263625e-01;2.532338e-01;2.093682e-02;2.564432e-02;4.741796e-02;2.400170e-02;2.166269e-02;3.026675e-01;5.371169e-02;2.385074e-02;5.375684e-02
2.557295e-02;8.911924e-02;3.636514e-01;2.471123e-02;3.094586e-02;2.596234e-02;2.622048e-02;1.122534e-02;2.090389e-01;1.430234e-01;1.426374e-02;3.626509e-02
2.214346e-02;4.493468e-02;4.336023e-01;2.812206e-02;2.633293e-02;1.212892e-02;3.101303e-02;1.353628e-02;1.180586e-01;2.231463e-01;2.143112e-02;2.555033e-02
4.763995e-02;1.465930e-02;4.492679e-01;3.841600e-02;2.097638e-02;1.391000e-02;3.306177e-02;1.781915e-02;5.055280e-02;2.385776e-01;4.932003e-02;2.579902e-02
7.058415e-02;1.052001e-02;4.663149e-01;5.262329e-02;2.358461e-02;1.285515e-02;2.466849e-02;2.067967e-02;2.883629e-02;2.243634e-01;5.125344e-02;1.371654e-02
8.111352e-02;9.633467e-03;4.802782e-01;6.054513e-02;2.729076e-02;1.188702e-02;2.339155e-02;1.614389e-02;1.387412e-02;2.093877e-01;5.481933e-02;1.163528e-02
7.638224e-02;1.958318e-02;5.048864e-01;5.495989e-02;2.431623e-02;7.763496e-03;1.987873e-02;8.515303e-03;2.027415e-02;2.032308e-01;4.599283e-02;1.421672e-02
7.026456e-02;6.498011e-02;4.943119e-01;3.676378e-02;2.059913e-02;7.751057e-03;2.470643e-02;1.225187e-02;5.700091e-02;1.794952e-01;1.970813e-02;1.216690e-02
9.886936e-02;1.107750e-01;4.336197e-01;2.384979e-02;2.084087e-02;1.077640e-02;2.307960e-02;2.136239e-02;9.054618e-02;1.279768e-01;1.225987e-02;2.604408e-02
1.423091e-01;1.259057e-01;3.224606e-01;1.913902e-02;3.038228e-02;2.424306e-02;3.500646e-02;4.915550e-02;9.849371e-02;7.707483e-02;2.547218e-02;5.035760e-02
1.811284e-01;8.367112e-02;1.659027e-01;4.044393e-02;4.537731e-02;3.524218e-02;4.350363e-02;9.334401e-02;1.115181e-01;5.619157e-02;7.187325e-02;7.180382e-02
1.043396e-01;3.860467e-02;1.932407e-01;4.895208e-02;3.907663e-02;3.543189e-02;7.811561e-02;7.659158e-02;1.103851e-01;1.096250e-01;1.072720e-01;5.836511e-02
1.031382e-01;5.469996e-02;7.803007e-02;4.749777e-02;3.880088e-02;5.342608e-02;9.146486e-02;5.562531e-02;1.083941e-01;1.347962e-01;1.618792e-01;7.224739e-02
6.563487e-02;5.440291e-02;1.626151e-01;3.494730e-02;4.527474e-02;5.105284e-02;8.476838e-02;4.161991e-02;5.221885e-02;1.716454e-01;1.802559e-01;5.556387e-02
5.282351e-02;6.130904e-02;2.002564e-01;3.604092e-02;3.864145e-02;5.480505e-02;6.172739e-02;4.291310e-02;7.270453e-02;1.837322e-01;1.510199e-01;4.402655e-02
4.532304e-02;5.948208e-02;1.796164e-01;3.715594e-02;3.925772e-02;6.800444e-02;6.398953e-02;7.803054e-02;8.627643e-02;1.628669e-01;1.179105e-01;6.208643e-02
4.404721e-02;8.062885e-02;1.660478e-01;5.095975e-02;5.203985e-02;6.053784e-02;6.358181e-02;7.626113e-02;1.001810e-01;1.375838e-01;1.010474e-01;6.708359e-02
1.182736e-01;7.401772e-02;2.252745e-01;5.250006e-02;4.080001e-02;3.962534e-02;1.022551e-01;3.770490e-02;5.705087e-02;8.119416e-02;1.142938e-01;5.700987e-02
1.173886e-01;6.698522e-02;1.983651e-01;4.735141e-02;3.429369e-02;4.941112e-02;1.719085e-01;3.455138e-02;4.451494e-02;5.130904e-02;1.100330e-01;7.388797e-02
1.635410e-01;5.926364e-02;9.266074e-02;4.423025e-02;3.657089e-02;5.354690e-02;2.330879e-01;3.659946e-02;3.890476e-02;4.578146e-02;9.518901e-02;1.006240e-01
2.428024e-01;4.561442e-02;1.033866e-01;3.411664e-02;3.875584e-02;3.473224e-02;1.867544e-01;7.444354e-02;3.374231e-02;4.482122e-02;6.943719e-02;9.139319e-02
2.954663e-01;5.494076e-02;1.161938e-01;2.199253e-02;3.293857e-02;1.771985e-02;1.378878e-01;9.823649e-02;2.814122e-02;5.156038e-02;6.455677e-02;8.036552e-02
2.853774e-01;5.348867e-02;9.468558e-02;3.330774e-02;3.092342e-02;1.492100e-02;1.345805e-01;1.087035e-01;2.596237e-02;6.879141e-02;6.945042e-02;7.980806e-02
2.125156e-01;5.082538e-02;7.209977e-02;4.618062e-02;3.449366e-02;2.853846e-02;1.601932e-01;7.521995e-02;5.240620e-02;9.833072e-02;7.938036e-02;8.981606e-02
1.250708e-01;3.864179e-02;1.107793e-01;4.524082e-02;3.680528e-02;3.846841e-02;1.213477e-01;3.088076e-02;8.348421e-02;1.440562e-01;1.291081e-01;9.611653e-02
8.426017e-02;4.591251e-02;1.417738e-01;4.984207e-02;3.689589e-02;4.390059e-02;5.043722e-02;4.619743e-02;9.670979e-02;1.624149e-01;1.523035e-01;8.935206e-02
7.283390e-02;5.563328e-02;9.634147e-02;5.697534e-02;2.958446e-02;5.749995e-02;5.329768e-02;5.810950e-02;1.196713e-01;1.661069e-01;1.417187e-01;9.222757e-02
1.148003e-01;6.737226e-02;5.497077e-02;5.894920e-02;4.687296e-02;7.140222e-02;8.068438e-02;6.802709e-02;1.099063e-01;1.478853e-01;1.052037e-01;7.392550e-02
1.295818e-01;4.807283e-02;7.000048e-02;7.277557e-02;5.833485e-02;6.127149e-02;9.282495e-02;7.982645e-02;9.436150e-02;1.971086e-01;5.622140e-02;3.962009e-02
8.748875e-02;7.823732e-02;8.054028e-02;6.891704e-02;5.011931e-02;4.547807e-02;6.649626e-02;8.389276e-02;8.111669e-02;2.103595e-01;6.743874e-02;7.991529e-02
4.795647e-02;5.002007e-02;7.815717e-02;4.863814e-02;4.963716e-02;7.133664e-02;6.422822e-02;6.081664e-02;1.040140e-01;2.025336e-01;1.128282e-01;1.098338e-01
5.750682e-02;3.001657e-02;7.546107e-02;3.947587e-02;5.457146e-02;8.735394e-02;7.866461e-02;5.333602e-02;1.342419e-01;1.713635e-01;1.142433e-01;1.037649e-01
8.338773e-02;6.658177e-02;6.900194e-02;4.303850e-02;4.892310e-02;7.309324e-02;1.159427e-01;1.089509e-01;1.128227e-01;1.113599e-01;8.409765e-02;8.279981e-02
7.179284e-02;7.567371e-02;6.535085e-02;5.942979e-02;3.866947e-02;7.070868e-02;1.429323e-01;1.418548e-01;9.048869e-02;5.596759e-02;1.040435e-01;8.308772e-02
6.350030e-02;6.124589e-02;8.814490e-02;5.757412e-02;3.647637e-02;8.558071e-02;1.401731e-01;8.450925e-02;9.833378e-02;9.303471e-02;1.415870e-01;4.983979e-02
9.287722e-02;5.606985e-02;8.239140e-02;5.848154e-02;7.381456e-02;5.911316e-02;1.193403e-01;4.245593e-02;8.359241e-02;1.238671e-01;1.438595e-01;6.413707e-02
1.116122e-01;5.154917e-02;8.871242e-02;5.098655e-02;9.186859e-02;6.354403e-02;9.963165e-02;4.542379e-02;6.468403e-02;1.112505e-01;1.448503e-01;7.588676e-02
1.189337e-01;6.127058e-02;1.226420e-01;4.949206e-02;7.250568e-02;7.458889e-02;9.586673e-02;5.184035e-02;6.993585e-02;8.354610e-02;1.391079e-01;6.027015e-02
1.025341e-01;5.626814e-02;1.248884e-01;7.641263e-02;1.310141e-01;9.107424e-02;7.756574e-02;8.109424e-02;9.113227e-02;5.458609e-02;6.606340e-02;4.736670e-02
4.857770e-02;6.170260e-02;9.683270e-02;1.155409e-01;1.392356e-01;1.119402e-01;8.418313e-02;9.083590e-02;9.999000e-02;5.827393e-02;5.923089e-02;3.365643e-02
6.038456e-02;1.058768e-01;1.920477e-01;1.032337e-01;5.334217e-02;5.926722e-02;7.103682e-02;5.244234e-02;1.272042e-01;9.135789e-02;5.516520e-02;2.864155e-02
6.313014e-02;1.150216e-01;2.058031e-01;9.336872e-02;3.760310e-02;5.896995e-02;5.788200e-02;5.679147e-02;1.267343e-01;8.967305e-02;5.710505e-02;3.791751e-02
5.823289e-02;1.100714e-01;2.039152e-01;8.635949e-02;5.815557e-02;6.040116e-02;5.243095e-02;6.198924e-02;1.259090e-01;7.560596e-02;5.908787e-02;4.784125e-02
4.786529e-02;8.495891e-02;1.943189e-01;8.032033e-02;1.009104e-01;6.997021e-02;6.366823e-02;7.372869e-02;1.223910e-01;5.116679e-02;5.466573e-02;5.603551e-02
6.030443e-02;8.998680e-02;1.510306e-01;1.094109e-01;1.432046e-01;9.097196e-02;9.366667e-02;6.748763e-02;8.704473e-02;2.998397e-02;4.374816e-02;3.315955e-02
5.225921e-02;1.380600e-01;1.180901e-01;8.735924e-02;8.992366e-02;9.168971e-02;1.138681e-01;8.598721e-02;7.540899e-02;5.907446e-02;6.732757e-02;2.095174e-02
3.508585e-02;7.948597e-02;2.395343e-01;7.243102e-02;5.674003e-02;6.083179e-02;1.495305e-01;1.006874e-01;8.213180e-02;4.288915e-02;5.915258e-02;2.149957e-02
5.317844e-02;5.673927e-02;3.093764e-01;5.145237e-02;5.196065e-02;3.637811e-02;1.178042e-01;9.527189e-02;8.603204e-02;5.996147e-02;4.716007e-02;3.468507e-02
8.811182e-02;6.762261e-02;2.873479e-01;3.637725e-02;3.996806e-02;2.352158e-02;6.926448e-02;1.361924e-01;1.135566e-01;6.236536e-02;4.079637e-02;3.487555e-02
1.380286e-01;5.137776e-02;2.003433e-01;2.232812e-02;2.980350e-02;1.898419e-02;9.381597e-02;2.276727e-01;1.030334e-01;4.094204e-02;3.619364e-02;3.747683e-02
2.038616e-01;4.186619e-02;1.074079e-01;1.031569e-02;2.896667e-02;1.690968e-02;1.093700e-01;3.609732e-01;3.330218e-02;1.460750e-02;3.582846e-02;3.659083e-02
2.094252e-01;4.178916e-02;1.313586e-01;6.791207e-03;2.432978e-02;1.040664e-02;1.167814e-01;3.544408e-01;3.376924e-02;2.108850e-02;2.214078e-02;2.767869e-02
2.238924e-01;5.631536e-02;1.431118e-01;7.486724e-03;2.698975e-02;1.693497e-02;1.392611e-01;3.093433e-01;2.054635e-02;1.024934e-02;1.770771e-02;2.816127e-02
2.657436e-01;7.445761e-02;1.646519e-01;6.668931e-03;2.710907e-02;1.939292e-02;7.425893e-02;2.816009e-01;2.380257e-02;1.087081e-02;1.997647e-02;3.146629e-02
3.075500e-01;7.621308e-02;1.561403e-01;7.276907e-03;2.820509e-02;1.343975e-02;5.175096e-02;2.672479e-01;9.680619e-03;1.456204e-02;2.588353e-02;4.204985e-02
3.288654e-01;6.809813e-02;1.654080e-01;7.229751e-03;2.417018e-02;8.117949e-03;4.288393e-02;2.532666e-01;1.447005e-02;1.350288e-02;3.089658e-02;4.309054e-02
3.352288e-01;7.165451e-02;2.063246e-01;7.659719e-03;2.915194e-02;3.990262e-03;3.177607e-02;2.165969e-01;9.278538e-03;1.246757e-02;3.440495e-02;4.146612e-02
3.426506e-01;9.670077e-02;2.217822e-01;6.545154e-03;3.086532e-02;8.571059e-03;1.443874e-02;1.784617e-01;1.816238e-02;1.094127e-02;3.377678e-02;3.710396e-02
3.137290e-01;1.232191e-01;2.389390e-01;9.769692e-03;3.360916e-02;7.206048e-03;1.893563e-02;1.407722e-01;4.313237e-02;9.515373e-03;3.194554e-02;2.922680e-02
2.741243e-01;1.504671e-01;2.864066e-01;8.768819e-03;3.423906e-02;9.021945e-03;1.892539e-02;8.782762e-02;6.999021e-02;1.150580e-02;2.903249e-02;1.969077e-02
2.534898e-01;1.653865e-01;3.193894e-01;1.065333e-02;2.672475e-02;9.051036e-03;1.595617e-02;4.677805e-02;9.311718e-02;1.188339e-02;2.627549e-02;2.129483e-02
2.244523e-01;1.704465e-01;3.577968e-01;1.206351e-02;1.850782e-02;9.880190e-03;1.113141e-02;3.839732e-02;1.097863e-01;1.301000e-02;1.851717e-02;1.601064e-02
1.678471e-01;1.727586e-01;4.048091e-01;1.554518e-02;1.334982e-02;8.746043e-03;1.018829e-02;3.961740e-02;1.254951e-01;1.725853e-02;1.347858e-02;1.090632e-02
1.121293e-01;1.830818e-01;4.333386e-01;1.679257e-02;1.560492e-02;2.070678e-02;6.567006e-03;2.383355e-02;1.478267e-01;1.259070e-02;1.592444e-02;1.160355e-02
7.137626e-02;1.769429e-01;4.573647e-01;1.875588e-02;1.082755e-02;3.429091e-02;2.176595e-02;1.216775e-02;1.668093e-01;1.185169e-02;8.783700e-03;9.063445e-03
4.826515e-02;1.547972e-01;4.783431e-01;2.288758e-02;1.125965e-02;4.004338e-02;4.141832e-02;1.863420e-02;1.441609e-01;1.802280e-02;6.981833e-03;1.518588e-02
3.386993e-02;1.366476e-01;5.347864e-01;2.638955e-02;2.123419e-02;4.384952e-02;4.586892e-02;1.052779e-02;9.155174e-02;2.583092e-02;9.544521e-03;1.989886e-02
4.838933e-02;9.210131e-02;6.282166e-01;3.730946e-02;2.270312e-02;3.685968e-02;3.306476e-02;1.203056e-02;3.182455e-02;2.244531e-02;9.767312e-03;2.528797e-02
3.930185e-02;4.621790e-02;5.512714e-01;4.843026e-02;3.294194e-02;3.962321e-02;6.174199e-02;1.913518e-02;7.383510e-02;5.316216e-02;9.324498e-03;2.501451e-02
3.162133e-02;5.357478e-02;4.771335e-01;4.759999e-02;2.454825e-02;3.020696e-02;8.409354e-02;1.760731e-02;8.135579e-02;1.208054e-01;1.324603e-02;1.820717e-02
1.372570e-02;2.918123e-02;4.628318e-01;2.934724e-02;1.556414e-02;1.508062e-02;1.000933e-01;3.069642e-02;5.620068e-02;2.179798e-01;1.657963e-02;1.271942e-02
8.468380e-03;2.078193e-02;4.411612e-01;2.539768e-02;1.021621e-02;1.537941e-02;8.959927e-02;2.773689e-02;3.330152e-02;2.967224e-01;1.600150e-02;1.523374e-02
1.333451e-02;1.774820e-02;4.341163e-01;2.747793e-02;7.890518e-03;1.100450e-02;5.610216e-02;2.383975e-02;2.634756e-02;3.258801e-01;3.621684e-02;2.004156e-02
1.769306e-02;1.798983e-02;4.287511e-01;3.334967e-02;1.874495e-02;2.773692e-02;6.308933e-02;3.149698e-02;2.290610e-02;2.868933e-01;2.830593e-02;2.304283e-02
1.572245e-02;2.488033e-02;4.071226e-01;2.972630e-02;2.232944e-02;2.542605e-02;6.061503e-02;2.850168e-02;5.943261e-02;2.411690e-01;3.738491e-02;4.768967e-02
2.063365e-02;2.586725e-02;4.297310e-01;3.082906e-02;2.346382e-02;1.564841e-02;2.692872e-02;2.319319e-02;5.355765e-02;2.541233e-01;3.682449e-02;5.919951e-02
2.203623e-02;4.733991e-02;4.755846e-01;2.374987e-02;2.286313e-02;1.120002e-02;2.318688e-02;1.368893e-02;4.718751e-02;2.458440e-01;2.592344e-02;4.139540e-02
1.722014e-02;6.890610e-02;3.752557e-01;2.135040e-02;1.671099e-02;2.166840e-02;2.579944e-02;1.518080e-02;1.438315e-01;1.492230e-01;2.742837e-02;1.174251e-01
3.057960e-02;9.539805e-02;2.668718e-01;2.434667e-02;9.686693e-03;3.284529e-02;2.256422e-02;2.295106e-02;2.471680e-01;7.058064e-02;2.657698e-02;1.504310e-01
6.930131e-02;1.047737e-01;1.950802e-01;1.982542e-02;1.421748e-02;3.173557e-02;1.682799e-02;5.450315e-02;2.891540e-01;2.599882e-02;6.853539e-02;1.100470e-01
1.364366e-01;7.715926e-02;1.586653e-01;1.281119e-02;3.800124e-02;1.368701e-02;2.389203e-02;1.241671e-01;1.877704e-01;3.192328e-02;1.491390e-01;4.634764e-02
1.987848e-01;4.686916e-02;1.119453e-01;1.418772e-02;5.601547e-02;5.097232e-03;5.332320e-02;1.902055e-01;8.154520e-02;4.647844e-02;1.584303e-01;3.711770e-02
1.767628e-01;3.153946e-02;7.939441e-02;3.896833e-02;4.575590e-02;9.337448e-03;1.047585e-01;1.612385e-01;2.679543e-02;1.019390e-01;1.072669e-01;1.162434e-01
1.015447e-01;2.523435e-02;5.205628e-02;7.251529e-02;1.938846e-02;1.424790e-02;1.725472e-01;7.698400e-02;3.516082e-02;1.147064e-01;6.717829e-02;2.484364e-01
4.245747e-02;3.277531e-02;4.120437e-02;7.255949e-02;1.254037e-02;2.669688e-02;1.841701e-01;3.552264e-02;4.679995e-02;8.228984e-02;1.151468e-01;3.078368e-01
3.346745e-02;3.212317e-02;5.607703e-02;6.287823e-02;2.313797e-02;4.354744e-02;1.827720e-01;3.503004e-02;4.354126e-02;5.653511e-02;1.457951e-01;2.850952e-01
5.520868e-02;3.438559e-02;4.705435e-02;5.793907e-02;2.707538e-02;4.631041e-02;2.049718e-01;3.155982e-02;6.414791e-02;4.004693e-02;9.311552e-02;2.981845e-01
5.194329e-02;4.642761e-02;2.799549e-02;8.093812e-02;1.537964e-02;3.904396e-02;2.086128e-01;2.907997e-02;5.261434e-02;3.716038e-02;8.077789e-02;3.300265e-01
5.849263e-02;5.549428e-02;3.309070e-02;1.078929e-01;6.727872e-03;2.214141e-02;2.101404e-01;2.840533e-02;2.378120e-02;3.621135e-02;7.518945e-02;3.424325e-01
6.715969e-02;5.084994e-02;2.684782e-02;1.176186e-01;4.711482e-03;1.731540e-02;2.149766e-01;2.253409e-02;1.511790e-02;5.698534e-02;6.390131e-02;3.419818e-01
9.096554e-02;3.748692e-02;2.462812e-02;1.169290e-01;9.737735e-03;2.056442e-02;2.151415e-01;3.682297e-02;1.650752e-02;6.870955e-02;5.841643e-02;3.040903e-01
1.435912e-01;3.180871e-02;2.837017e-02;1.012392e-01;1.447087e-02;2.600857e-02;2.103724e-01;7.881706e-02;3.018927e-02;7.052026e-02;4.060768e-02;2.240045e-01
1.783998e-01;2.958371e-02;5.840949e-02;7.496846e-02;1.232046e-02;3.248835e-02;2.161667e-01;1.112857e-01;4.025860e-02;8.009532e-02;4.714939e-02;1.188741e-01
1.972992e-01;3.026525e-02;6.875038e-02;4.337232e-02;1.847654e-02;3.861916e-02;2.106199e-01;1.461058e-01;4.298056e-02;6.774050e-02;3.515709e-02;1.006133e-01
2.120268e-01;3.006299e-02;9.476888e-02;3.333735e-02;2.195785e-02;3.324303e-02;1.762639e-01;2.234562e-01;2.597608e-02;4.110677e-02;3.724729e-02;7.055286e-02
2.295280e-01;3.149388e-02;1.164452e-01;3.136566e-02;1.688824e-02;2.182723e-02;1.502158e-01;2.640545e-01;2.372797e-02;2.580245e-02;4.024523e-02;4.840590e-02
2.236860e-01;3.251148e-02;1.046096e-01;3.251956e-02;1.689303e-02;1.854593e-02;1.363823e-01;2.473719e-01;5.719400e-02;3.687639e-02;3.977490e-02;5.363498e-02
1.944863e-01;4.012725e-02;1.193119e-01;3.206084e-02;2.761838e-02;2.712750e-02;1.188032e-01;2.468074e-01;5.497308e-02;3.803646e-02;3.570640e-02;6.494132e-02
1.952836e-01;4.197436e-02;1.129747e-01;1.461858e-02;4.072682e-02;2.404658e-02;1.341927e-01;2.316545e-01;4.671484e-02;5.193117e-02;2.952171e-02;7.636047e-02
1.518796e-01;4.699478e-02;1.193246e-01;2.396524e-02;3.866662e-02;3.022367e-02;1.873364e-01;1.876913e-01;2.832218e-02;6.484561e-02;3.582035e-02;8.492956e-02
8.438010e-02;6.070796e-02;1.261991e-01;3.394968e-02;4.478116e-02;5.368771e-02;2.298598e-01;1.152656e-01;2.428250e-02;7.894442e-02;5.861410e-02;8.932789e-02
1.652709e-01;5.814045e-02;2.203842e-01;2.467629e-02;2.529355e-02;3.603131e-02;1.703517e-01;7.138211e-02;2.104244e-02;6.679375e-02;6.294348e-02;7.768989e-02
1.926337e-01;4.205251e-02;1.714367e-01;2.334831e-02;1.252821e-02;2.601135e-02;1.673145e-01;8.144601e-02;2.228752e-02;7.845326e-02;8.078612e-02;1.017019e-01
1.390574e-01;2.811728e-02;1.199934e-01;3.032404e-02;8.247379e-03;2.318008e-02;2.209761e-01;8.896033e-02;2.218742e-02;9.083343e-02;1.088974e-01;1.192257e-01
9.966654e-02;3.228689e-02;1.235979e-01;2.148057e-02;1.975168e-02;2.664580e-02;2.376775e-01;6.164278e-02;3.804336e-02;9.231610e-02;1.345446e-01;1.123463e-01
7.092366e-02;3.737841e-02;6.522980e-02;2.405824e-02;3.616299e-02;2.853289e-02;2.332388e-01;3.913480e-02;4.421844e-02;1.156525e-01;1.823513e-01;1.231182e-01
1.109462e-01;3.749073e-02;7.740938e-02;2.023340e-02;3.351535e-02;3.999638e-02;1.596296e-01;3.966925e-02;5.193343e-02;1.105840e-01;1.875985e-01;1.309938e-01
1.349540e-01;2.790523e-02;1.325087e-01;3.023269e-02;3.961435e-02;3.423749e-02;9.731269e-02;4.749583e-02;5.324794e-02;9.439976e-02;1.789597e-01;1.291316e-01
1.614431e-01;7.335170e-02;2.587344e-01;2.900190e-02;4.296806e-02;2.969293e-02;8.246688e-02;4.040906e-02;4.470928e-02;6.431624e-02;1.100548e-01;6.285167e-02
1.451594e-01;7.438731e-02;3.518870e-01;3.773088e-02;5.485985e-02;3.656141e-02;7.717037e-02;5.255548e-02;5.160315e-02;3.275936e-02;5.491948e-02;3.040630e-02
