5.409812e-02;3.334333e-02;1.606058e-01;5.556039e-02;5.128286e-02;3.797003e-02;1.239365e-01;9.285149e-02;1.017215e-01;1.027341e-01;1.270119e-01;5.888405e-02
4.924781e-02;2.385863e-02;1.646620e-01;4.744555e-02;5.981757e-02;4.598692e-02;1.325118e-01;1.070061e-01;7.711439e-02;8.497676e-02;1.580150e-01;4.935754e-02
6.717141e-02;2.409917e-02;1.312009e-01;4.044985e-02;7.352021e-02;4.494050e-02;1.114055e-01;1.117820e-01;6.992517e-02;8.533300e-02;1.904081e-01;4.976433e-02
7.780418e-02;4.875417e-02;9.921128e-02;4.354160e-02;8.791218e-02;5.193330e-02;7.557087e-02;1.225462e-01;8.007634e-02;8.157545e-02;1.690753e-01;6.199916e-02
5.625582e-02;5.706969e-02;8.329189e-02;3.544768e-02;6.503484e-02;5.184991e-02;9.680983e-02;1.260429e-01;1.121984e-01;1.321647e-01;1.134988e-01;7.033554e-02
4.763785e-02;6.468024e-02;5.500612e-02;3.151992e-02;5.602257e-02;3.991121e-02;8.535361e-02;1.178265e-01;1.068084e-01;1.886896e-01;1.224992e-01;8.404475e-02
6.252487e-02;6.752428e-02;5.315015e-02;3.156402e-02;4.855562e-02;3.626465e-02;9.593898e-02;7.052258e-02;1.062663e-01;2.125746e-01;1.358426e-01;7.927136e-02
9.687891e-02;5.578800e-02;8.180103e-02;3.958133e-02;5.749967e-02;4.834036e-02;1.299522e-01;3.849623e-02;1.041703e-01;1.846569e-01;1.094641e-01;5.337103e-02
1.319339e-01;4.827705e-02;9.477535e-02;2.702315e-02;5.378597e-02;5.250929e-02;9.682911e-02;6.491657e-02;1.095477e-01;1.262237e-01;1.019384e-01;9.223989e-02
1.292938e-01;5.489169e-02;9.894796e-02;3.765474e-02;5.079109e-02;5.074881e-02;7.060398e-02;7.791523e-02;1.010352e-01;1.036881e-01;9.252886e-02;1.319006e-01
1.296308e-01;7.589979e-02;8.917847e-02;3.259911e-02;4.960135e-02;4.400929e-02;1.022732e-01;8.606965e-02;7.924429e-02;1.221829e-01;5.442945e-02;1.348817e-01
1.210373e-01;8.141147e-02;6.941032e-02;3.067066e-02;4.744698e-02;3.987198e-02;9.477265e-02;1.193328e-01;5.920060e-02;1.699047e-01;5.015647e-02;1.167840e-01
9.778015e-02;6.610082e-02;7.492008e-02;2.923860e-02;4.574666e-02;5.471378e-02;8.276428e-02;1.154489e-01;7.718744e-02;1.793450e-01;6.859329e-02;1.081610e-01
1.013226e-01;8.894798e-02;9.779092e-02;3.036903e-02;3.787232e-02;6.481936e-02;1.071498e-01;7.950915e-02;7.093491e-02;1.541553e-01;6.809422e-02;9.903444e-02
1.080100e-01;9.037795e-02;1.096072e-01;2.789792e-02;2.699278e-02;4.820744e-02;1.315647e-01;5.951329e-02;1.059276e-01;1.176687e-01;6.825935e-02;1.059731e-01
8.598582e-02;4.953356e-02;6.164008e-02;4.267188e-02;4.238237e-02;4.377786e-02;7.474226e-02;7.312556e-02;1.005733e-01;1.197737e-01;1.587142e-01;1.470793e-01
8.547144e-02;4.821941e-02;5.732752e-02;3.778405e-02;3.931826e-02;4.201869e-02;6.981973e-02;6.787899e-02;9.678768e-02;1.334035e-01;1.764578e-01;1.455130e-01
9.138507e-02;4.824227e-02;5.180407e-02;3.734565e-02;3.766452e-02;4.118431e-02;6.468817e-02;6.072143e-02;8.790561e-02;1.407650e-01;1.937675e-01;1.445264e-01
1.230618e-01;6.424161e-02;6.466097e-02;4.798184e-02;5.354309e-02;5.380395e-02;7.009776e-02;5.156347e-02;9.297759e-02;1.015877e-01;1.669225e-01;1.095578e-01
1.058754e-01;6.682993e-02;1.071871e-01;4.090706e-02;6.376386e-02;4.542340e-02;1.025212e-01;8.696384e-02;9.081850e-02;1.000442e-01;1.220468e-01;6.761871e-02
7.784735e-02;6.237207e-02;9.779371e-02;5.722707e-02;5.483494e-02;5.911368e-02;1.597567e-01;9.925249e-02;7.466773e-02;8.413101e-02;1.003957e-01;7.260747e-02
4.646589e-02;4.225793e-02;1.203725e-01;5.447934e-02;6.193546e-02;7.811740e-02;1.684705e-01;9.566189e-02;1.390515e-01;5.896017e-02;7.814144e-02;5.608605e-02
2.676951e-02;2.528513e-02;1.695156e-01;3.231373e-02;7.163493e-02;1.022255e-01;1.423020e-01;8.445591e-02;1.953525e-01;4.979880e-02;7.296818e-02;2.737822e-02
3.785025e-02;4.069115e-02;1.886070e-01;2.651445e-02;6.738612e-02;1.128301e-01;1.255600e-01;4.871951e-02;1.753783e-01;5.380882e-02;8.585620e-02;3.679809e-02
6.560636e-02;5.897715e-02;1.767895e-01;1.749652e-02;5.671782e-02;1.140742e-01;1.151821e-01;3.547259e-02;1.411775e-01;7.012917e-02;1.092320e-01;3.914512e-02
7.410162e-02;8.383459e-02;1.425565e-01;3.416354e-02;5.156293e-02;8.772733e-02;1.292389e-01;6.180369e-02;9.558758e-02;8.519383e-02;1.191379e-01;3.509152e-02
9.343044e-02;1.006137e-01;1.112086e-01;4.951606e-02;6.616260e-02;7.371216e-02;1.504726e-01;7.826328e-02;5.505035e-02;9.822094e-02;9.146135e-02;3.188800e-02
9.693165e-02;1.142420e-01;1.640424e-01;4.074197e-02;7.833122e-02;9.567704e-02;1.092876e-01;6.178238e-02;6.073915e-02;8.888050e-02;4.889851e-02;4.044563e-02
1.057717e-01;1.330825e-01;2.062686e-01;4.262981e-02;5.358132e-02;7.470867e-02;8.399855e-02;5.158866e-02;7.077935e-02;7.567557e-02;5.619435e-02;4.572095e-02
8.027705e-02;1.264356e-01;1.615466e-01;4.311906e-02;8.233128e-02;5.530484e-02;1.365454e-01;3.529425e-02;8.228734e-02;8.962047e-02;6.853247e-02;3.870565e-02
7.110916e-02;9.804940e-02;1.074525e-01;3.778294e-02;8.808782e-02;6.908402e-02;1.684523e-01;6.389572e-02;9.565245e-02;8.955148e-02;6.834971e-02;4.253246e-02
1.178217e-01;5.325041e-02;1.061024e-01;5.082002e-02;5.271584e-02;6.060924e-02;2.549416e-01;6.398224e-02;5.966707e-02;7.223934e-02;5.336634e-02;5.448376e-02
1.630972e-01;6.210361e-02;7.701401e-02;5.866209e-02;4.009376e-02;5.588589e-02;2.521084e-01;6.456318e-02;7.034416e-02;6.890760e-02;3.195539e-02;5.526470e-02
1.746166e-01;6.967484e-02;5.493604e-02;6.015623e-02;3.640423e-02;4.262657e-02;2.102059e-01;9.059279e-02;7.408047e-02;6.837283e-02;4.403039e-02;7.430309e-02
1.480913e-01;7.583655e-02;1.076500e-01;5.575285e-02;3.695054e-02;4.725347e-02;1.654295e-01;8.500427e-02;8.471944e-02;7.231038e-02;5.094138e-02;7.006018e-02
8.875008e-02;6.155338e-02;1.690835e-01;5.758017e-02;4.647791e-02;5.587940e-02;1.141425e-01;8.416868e-02;1.168885e-01;8.764374e-02;6.619157e-02;5.164061e-02
9.748920e-02;7.188992e-02;1.800114e-01;4.978891e-02;5.365839e-02;4.472303e-02;1.057277e-01;1.080317e-01;1.053085e-01;7.516938e-02;7.550874e-02;3.269320e-02
1.033980e-01;6.733506e-02;1.929885e-01;3.763449e-02;4.244491e-02;4.547906e-02;1.329289e-01;1.102228e-01;7.935897e-02;7.265423e-02;8.141274e-02;3.414226e-02
7.780319e-02;7.263447e-02;2.360347e-01;5.377661e-02;2.484593e-02;3.695920e-02;1.428694e-01;9.950648e-02;5.453388e-02;8.934227e-02;7.441115e-02;3.728272e-02
9.073141e-02;1.010275e-01;1.715464e-01;3.551067e-02;4.411088e-02;5.715356e-02;1.222062e-01;1.162913e-01;5.794847e-02;1.114123e-01;4.620151e-02;4.585986e-02
8.160163e-02;1.010435e-01;1.257087e-01;3.156267e-02;4.007127e-02;6.539458e-02;1.344222e-01;1.196076e-01;9.007773e-02;9.788353e-02;6.103056e-02;5.159595e-02
8.322717e-02;9.285203e-02;1.118553e-01;4.067707e-02;3.463186e-02;7.094913e-02;1.474055e-01;1.079748e-01;9.374379e-02;9.162016e-02;6.248030e-02;6.258284e-02
1.195983e-01;7.419639e-02;1.370459e-01;3.771070e-02;2.962941e-02;7.644182e-02;1.347894e-01;8.156198e-02;6.782310e-02;1.106528e-01;5.341094e-02;7.713935e-02
1.297874e-01;5.883170e-02;9.193095e-02;4.841851e-02;4.421310e-02;1.036018e-01;1.156577e-01;5.752017e-02;1.017827e-01;1.012450e-01;5.490777e-02;9.210325e-02
9.932616e-02;6.635950e-02;7.784747e-02;4.747576e-02;4.765327e-02;1.071398e-01;1.027633e-01;5.569341e-02;9.955893e-02;9.253623e-02;1.149421e-01;8.870409e-02
5.085872e-02;8.889615e-02;1.156189e-01;3.138651e-02;3.861443e-02;8.802286e-02;9.997892e-02;5.886830e-02;1.048488e-01;9.293296e-02;1.628430e-01;6.713041e-02
6.012642e-02;7.983977e-02;1.209114e-01;4.084109e-02;2.956027e-02;6.135451e-02;7.052895e-02;7.357749e-02;1.480259e-01;9.909027e-02;1.516754e-01;6.446849e-02
9.875296e-02;9.283277e-02;1.334035e-01;6.161021e-02;4.003593e-02;4.562791e-02;8.105202e-02;6.608371e-02;1.279398e-01;9.189183e-02;9.188342e-02;6.888588e-02
1.293128e-01;1.610919e-01;1.414600e-01;7.865125e-02;3.701334e-02;3.909826e-02;7.248648e-02;5.901468e-02;9.975189e-02;7.173024e-02;4.969634e-02;6.069281e-02
1.271568e-01;1.514155e-01;1.494574e-01;5.488770e-02;2.664724e-02;3.876266e-02;5.279006e-02;6.302267e-02;1.393584e-01;6.078640e-02;8.066148e-02;5.505380e-02
1.134073e-01;8.863100e-02;1.211408e-01;5.979098e-02;4.059627e-02;4.664136e-02;4.071814e-02;8.033675e-02;1.680213e-01;6.348459e-02;7.964098e-02;9.759050e-02
1.362703e-01;7.964439e-02;8.598509e-02;6.897742e-02;5.888718e-02;3.851938e-02;3.442532e-02;9.542675e-02;1.307119e-01;6.970727e-02;7.540976e-02;1.260352e-01
1.305410e-01;1.210518e-01;8.177807e-02;5.329901e-02;6.020794e-02;4.818507e-02;3.927568e-02;9.531167e-02;1.025466e-01;9.000625e-02;6.382402e-02;1.139729e-01
1.424818e-01;1.249130e-01;8.406767e-02;7.334372e-02;3.187340e-02;4.785514e-02;5.930021e-02;8.413192e-02;1.071033e-01;8.745209e-02;5.639264e-02;1.010851e-01
1.494651e-01;1.559607e-01;9.218172e-02;7.028855e-02;4.851202e-02;3.739409e-02;8.838236e-02;5.833035e-02;8.498683e-02;7.180905e-02;6.126112e-02;8.142796e-02
1.076695e-01;1.718640e-01;8.402815e-02;4.540933e-02;4.722527e-02;5.882135e-02;9.938040e-02;4.292607e-02;1.071203e-01;8.010674e-02;9.718156e-02;5.826746e-02
7.249612e-02;1.494396e-01;7.693259e-02;5.354874e-02;3.046643e-02;5.405841e-02;1.285095e-01;5.145181e-02;1.291914e-01;9.703850e-02;9.854290e-02;5.832399e-02
1.699508e-01;1.276711e-01;1.507035e-01;4.493422e-02;5.494003e-02;3.701435e-02;1.017198e-01;4.352976e-02;6.489346e-02;6.192553e-02;8.366978e-02;5.904767e-02
2.306887e-01;1.381917e-01;1.355375e-01;5.135552e-02;6.286476e-02;2.990079e-02;8.524907e-02;5.472229e-02;3.851834e-02;4.808387e-02;8.507474e-02;3.981260e-02
1.948973e-01;1.561229e-01;1.440277e-01;4.604306e-02;5.989996e-02;3.076844e-02;8.530954e-02;6.689122e-02;2.788365e-02;4.492720e-02;7.958101e-02;6.364795e-02
1.103417e-01;2.079018e-01;1.547306e-01;4.121010e-02;6.673393e-02;3.334760e-02;7.550374e-02;8.184971e-02;2.850645e-02;7.320879e-02;5.088283e-02;7.578282e-02
9.731098e-02;2.436863e-01;1.404137e-01;2.828352e-02;8.506928e-02;3.172978e-02;5.061460e-02;8.473044e-02;3.104258e-02;8.732661e-02;3.699265e-02;8.279964e-02
9.538472e-02;2.699979e-01;8.230243e-02;2.403427e-02;1.100651e-01;4.176952e-02;2.779916e-02;8.554348e-02;2.741979e-02;8.121841e-02;4.083931e-02;1.136259e-01
1.053375e-01;2.680668e-01;6.178779e-02;3.005807e-02;1.280012e-01;4.199222e-02;3.698531e-02;8.200096e-02;1.752989e-02;6.416301e-02;3.587751e-02;1.281999e-01
1.167271e-01;2.498247e-01;8.403179e-02;5.113151e-02;1.217504e-01;4.044753e-02;3.857668e-02;7.744099e-02;2.045615e-02;4.694566e-02;3.120191e-02;1.214656e-01
1.118616e-01;2.203352e-01;1.423415e-01;6.899300e-02;9.873570e-02;6.017448e-02;3.761783e-02;7.662240e-02;2.091798e-02;4.005975e-02;3.432925e-02;8.801138e-02
1.215278e-01;1.561198e-01;2.256883e-01;6.094253e-02;8.108927e-02;9.567269e-02;5.167314e-02;6.160176e-02;3.475521e-02;2.854330e-02;4.139182e-02;4.099432e-02
1.171511e-01;6.791280e-02;2.858779e-01;5.154337e-02;7.961966e-02;1.236048e-01;8.541744e-02;3.978453e-02;6.942834e-02;2.262545e-02;4.238265e-02;1.465197e-02
9.113676e-02;2.982250e-02;2.904058e-01;6.053931e-02;1.093089e-01;1.077204e-01;1.223822e-01;2.384765e-02;8.868159e-02;1.864626e-02;3.533566e-02;2.217293e-02
4.715238e-02;3.983632e-02;2.716504e-01;5.898338e-02;1.421937e-01;9.573586e-02;1.561853e-01;3.222191e-02;8.812100e-02;2.054911e-02;3.216212e-02;1.520848e-02
2.733514e-02;3.229617e-02;2.280634e-01;6.246388e-02;1.324085e-01;9.998921e-02;2.139063e-01;5.696695e-02;6.825397e-02;2.869354e-02;2.367333e-02;2.594961e-02
1.378212e-02;2.764259e-02;1.908830e-01;6.308567e-02;1.121201e-01;9.757828e-02;2.733134e-01;7.973994e-02;7.228951e-02;2.423579e-02;2.004214e-02;2.528746e-02
1.906193e-02;2.179767e-02;1.911702e-01;4.799813e-02;1.036538e-01;9.349605e-02;2.448225e-01;1.206580e-01;9.987063e-02;2.374643e-02;2.092819e-02;1.279643e-02
2.999078e-02;2.340639e-02;2.142531e-01;4.007478e-02;8.158735e-02;7.793629e-02;1.757920e-01;1.386938e-01;1.296247e-01;4.333126e-02;2.951905e-02;1.579045e-02
4.492512e-02;4.844629e-02;2.169415e-01;3.217972e-02;6.125138e-02;6.446411e-02;1.281891e-01;1.233665e-01;1.471642e-01;6.088150e-02;4.904772e-02;2.314281e-02
7.120370e-02;6.764162e-02;2.063690e-01;3.536520e-02;4.675192e-02;4.378733e-02;1.205874e-01;9.339244e-02;1.409290e-01;8.076021e-02;5.992494e-02;3.328727e-02
6.915459e-02;5.956998e-02;2.168573e-01;4.629766e-02;4.510939e-02;4.900131e-02;1.219191e-01;8.698858e-02;1.301211e-01;9.477814e-02;5.209954e-02;2.810328e-02
2.917028e-02;4.744374e-02;2.178434e-01;3.480415e-02;6.417055e-02;9.562391e-02;1.182362e-01;1.213844e-01;1.139821e-01;8.496603e-02;3.397696e-02;3.839827e-02
5.418421e-02;6.607673e-02;1.336546e-01;3.092240e-02;7.895532e-02;8.072012e-02;1.299694e-01;1.455694e-01;9.956129e-02;1.090805e-01;4.571512e-02;2.559100e-02
7.643365e-02;8.173759e-02;7.145844e-02;3.821583e-02;7.608663e-02;5.154359e-02;1.309744e-01;1.595486e-01;1.093201e-01;1.277508e-01;4.675889e-02;3.017138e-02
1.070257e-01;7.648584e-02;7.321149e-02;4.469916e-02;6.155382e-02;6.278687e-02;1.461122e-01;1.574676e-01;1.032019e-01;1.045022e-01;2.909365e-02;3.385944e-02
1.044272e-01;6.712325e-02;8.820029e-02;4.257284e-02;6.080412e-02;8.832923e-02;1.585747e-01;1.594501e-01;9.035794e-02;7.798769e-02;2.712945e-02;3.504320e-02
7.423281e-02;3.732364e-02;1.520391e-01;4.348661e-02;6.667788e-02;8.692455e-02;1.929946e-01;1.216422e-01;1.008856e-01;5.040828e-02;4.486793e-02;2.851680e-02
4.916482e-02;6.178182e-02;1.881724e-01;3.638804e-02;5.157005e-02;6.459219e-02;2.007392e-01;1.022364e-01;1.193880e-01;3.784663e-02;6.051235e-02;2.760813e-02
6.577803e-02;5.839814e-02;1.895377e-01;2.953032e-02;5.807568e-02;4.809434e-02;1.990848e-01;8.595579e-02;1.203900e-01;5.054970e-02;6.573617e-02;2.886948e-02
5.155726e-02;4.531396e-02;1.776090e-01;2.591064e-02;1.054957e-01;6.075421e-02;1.977504e-01;6.375270e-02;1.047462e-01;6.914139e-02;6.160529e-02;3.636322e-02
3.513642e-02;4.812520e-02;1.448676e-01;3.768813e-02;1.103310e-01;9.209089e-02;1.663444e-01;6.364797e-02;1.196188e-01;9.076282e-02;5.387092e-02;3.751590e-02
2.094858e-02;3.534978e-02;1.234621e-01;6.385741e-02;6.504168e-02;7.646004e-02;9.755325e-02;1.011077e-01;1.757712e-01;1.628595e-01;4.284577e-02;3.474308e-02
2.248822e-02;2.481238e-02;1.021544e-01;5.734963e-02;5.127587e-02;7.092167e-02;8.805956e-02;1.088744e-01;2.065317e-01;1.915896e-01;3.830499e-02;3.763760e-02
3.785458e-02;2.691286e-02;9.051196e-02;6.143158e-02;4.583071e-02;5.873869e-02;8.258898e-02;1.097612e-01;2.312068e-01;1.711578e-01;3.749743e-02;4.650741e-02
5.686406e-02;4.271516e-02;1.072452e-01;8.116557e-02;4.553662e-02;4.609010e-02;1.048121e-01;1.899107e-01;1.549509e-01;9.368688e-02;3.451635e-02;4.250642e-02
5.664433e-02;3.465634e-02;9.572864e-02;6.724460e-02;3.548081e-02;5.548847e-02;1.114945e-01;1.845312e-01;1.882057e-01;1.060663e-01;2.872211e-02;3.573688e-02
4.992227e-02;5.622382e-02;5.851446e-02;4.742021e-02;2.416247e-02;4.101630e-02;1.690511e-01;2.614146e-01;1.894884e-01;6.651773e-02;1.893691e-02;1.733174e-02
3.712850e-02;7.032528e-02;1.220721e-01;2.681470e-02;3.958341e-02;4.662303e-02;2.758734e-01;2.376552e-01;8.648600e-02;3.871391e-02;1.161612e-02;7.108309e-03
4.111414e-02;6.413486e-02;2.441275e-01;2.665104e-02;5.445672e-02;3.890833e-02;2.840326e-01;1.070790e-01;7.665213e-02;3.619349e-02;1.690779e-02;9.742285e-03
6.181483e-02;4.665339e-02;3.442522e-01;3.271888e-02;5.268447e-02;6.194242e-02;1.931308e-01;6.533341e-02;3.675728e-02;5.305457e-02;3.510487e-02;1.655289e-02
5.158821e-02;7.035422e-02;3.234918e-01;6.178984e-02;5.681734e-02;6.734168e-02;1.425871e-01;5.638143e-02;3.106327e-02;7.105306e-02;4.244707e-02;2.508497e-02
3.336170e-02;8.808234e-02;2.558407e-01;8.933558e-02;7.338428e-02;7.403124e-02;1.389698e-01;5.873549e-02;2.809712e-02;8.238507e-02;4.759997e-02;3.017660e-02
5.748003e-02;8.754223e-02;2.040731e-01;9.756057e-02;7.527363e-02;7.553397e-02;1.206948e-01;5.702885e-02;3.100303e-02;9.492142e-02;5.981533e-02;3.907302e-02
3.807025e-02;5.856083e-02;1.624914e-01;1.000182e-01;7.461770e-02;6.962217e-02;1.865880e-01;4.816297e-02;4.808641e-02;1.024045e-01;5.985101e-02;5.152669e-02
5.392865e-02;7.371598e-02;1.927148e-01;8.662762e-02;5.605040e-02;4.986899e-02;2.220316e-01;4.886866e-02;5.321684e-02;8.743487e-02;4.959144e-02;2.595025e-02
7.205644e-02;7.177269e-02;1.559617e-01;5.334111e-02;5.140629e-02;6.067220e-02;2.384697e-01;4.514221e-02;5.649417e-02;1.070919e-01;5.215260e-02;3.543902e-02
8.431731e-02;7.500011e-02;9.307768e-02;3.460065e-02;4.491204e-02;9.241472e-02;2.447985e-01;4.900555e-02;7.259303e-02;1.039890e-01;6.191349e-02;4.337791e-02
1.087900e-01;7.041688e-02;1.695668e-01;5.204427e-02;3.677786e-02;8.838717e-02;1.975379e-01;4.507653e-02;6.845368e-02;6.737996e-02;6.110488e-02;3.446402e-02
1.115795e-01;6.452226e-02;1.673163e-01;6.031736e-02;4.446095e-02;8.049230e-02;2.253079e-01;4.340627e-02;4.707066e-02;5.849171e-02;4.368705e-02;5.334776e-02
1.006840e-01;7.524259e-02;1.094708e-01;4.573788e-02;6.627028e-02;4.944124e-02;2.115653e-01;1.082721e-01;6.195481e-02;8.283898e-02;4.909032e-02;3.943156e-02
8.022965e-02;6.150064e-02;1.211413e-01;2.956069e-02;6.800111e-02;4.583736e-02;1.646557e-01;1.460418e-01;1.038521e-01;1.066000e-01;4.318401e-02;2.939558e-02
8.380434e-02;4.438461e-02;8.891430e-02;5.346818e-02;6.170578e-02;5.042671e-02;1.110973e-01;1.838389e-01;1.547705e-01;1.213291e-01;2.584951e-02;2.041069e-02
4.320083e-02;4.690693e-02;1.958566e-01;7.686274e-02;7.507811e-02;5.171176e-02;1.157162e-01;1.220328e-01;1.178298e-01;8.579764e-02;4.384150e-02;2.516502e-02
7.030611e-02;8.751973e-02;2.872563e-01;6.471346e-02;7.714945e-02;4.853798e-02;1.178179e-01;4.881120e-02;5.570047e-02;6.372397e-02;4.436292e-02;3.410054e-02
1.710463e-01;1.245068e-01;2.042099e-01;4.861924e-02;4.869890e-02;3.904012e-02;1.392660e-01;4.729820e-02;4.028424e-02;5.406930e-02;3.712798e-02;4.583309e-02
1.866782e-01;1.401825e-01;1.860477e-01;4.863723e-02;3.012519e-02;3.264627e-02;1.592805e-01;4.205094e-02;4.227170e-02;4.738645e-02;3.242678e-02;5.226652e-02
1.092748e-01;1.331974e-01;1.360406e-01;6.327154e-02;5.066875e-02;4.565657e-02;1.529158e-01;4.794479e-02;5.232317e-02;5.949714e-02;6.291710e-02;8.629231e-02
1.307062e-01;1.192632e-01;1.070866e-01;6.086317e-02;6.831057e-02;5.136054e-02;9.934498e-02;5.082617e-02;6.548949e-02;6.453917e-02;7.495652e-02;1.072534e-01
1.283927e-01;7.132129e-02;1.190145e-01;6.585041e-02;6.972738e-02;6.243357e-02;1.101039e-01;3.953004e-02;6.092130e-02;8.922041e-02;9.126813e-02;9.221644e-02
8.216540e-02;5.287087e-02;1.631680e-01;5.447982e-02;5.539145e-02;7.599941e-02;1.142577e-01;3.628302e-02;5.780103e-02;1.115314e-01;1.503533e-01;4.569863e-02
4.568086e-02;6.575716e-02;1.910074e-01;2.926129e-02;3.719906e-02;7.271649e-02;8.160732e-02;3.021819e-02;1.008141e-01;1.422828e-01;1.594231e-01;4.403238e-02
3.887241e-02;6.474940e-02;1.957700e-01;2.768408e-02;3.704209e-02;5.750989e-02;8.081672e-02;3.023362e-02;1.357861e-01;1.725691e-01;1.225654e-01;3.640123e-02
4.817281e-02;6.702552e-02;1.893510e-01;4.788141e-02;4.694479e-02;4.045399e-02;8.379543e-02;5.267498e-02;1.367184e-01;1.648088e-01;8.910180e-02;3.307101e-02
1.002665e-01;5.787154e-02;1.831870e-01;5.915263e-02;5.560335e-02;3.879858e-02;5.796989e-02;6.334837e-02;1.300922e-01;1.472706e-01;7.190472e-02;3.453463e-02
1.128431e-01;6.883296e-02;1.986054e-01;3.746159e-02;4.246209e-02;6.282911e-02;1.257124e-01;3.864448e-02;9.775627e-02;1.182451e-01;4.836185e-02;4.824567e-02
6.244321e-02;7.852104e-02;1.803341e-01;5.410037e-02;4.978585e-02;6.551600e-02;9.769096e-02;5.178138e-02;6.038667e-02;1.465192e-01;9.581026e-02;5.711092e-02
7.799585e-02;7.725973e-02;1.077702e-01;5.424054e-02;6.611538e-02;7.316013e-02;7.608306e-02;2.986500e-02;9.112757e-02;1.647696e-01;1.335775e-01;4.803541e-02
8.640414e-02;8.007059e-02;1.050426e-01;4.367739e-02;4.745041e-02;6.707168e-02;1.331086e-01;2.242127e-02;7.842847e-02;1.338542e-01;1.246093e-01;7.786135e-02
1.216766e-01;1.015958e-01;1.242759e-01;2.208497e-02;3.616580e-02;6.165327e-02;1.429784e-01;5.131656e-02;6.979033e-02;9.006554e-02;9.678798e-02;8.160885e-02
1.121248e-01;1.216785e-01;1.119454e-01;2.678659e-02;7.567636e-02;6.436203e-02;1.367262e-01;5.407915e-02;8.469055e-02;7.548667e-02;7.795747e-02;5.848625e-02
1.098288e-01;1.121344e-01;1.106765e-01;3.716683e-02;9.724252e-02;6.614836e-02;1.092104e-01;4.489553e-02;1.140111e-01;9.074787e-02;7.603496e-02;3.190271e-02
1.059963e-01;9.285492e-02;1.567401e-01;4.620051e-02;8.665186e-02;9.965192e-02;9.466144e-02;4.302198e-02;7.384272e-02;8.433719e-02;8.646936e-02;2.957166e-02
7.307161e-02;7.694238e-02;1.292398e-01;4.774607e-02;5.568907e-02;9.932343e-02;1.210897e-01;3.212583e-02;7.599520e-02;8.506934e-02;1.239233e-01;7.978436e-02
9.156628e-02;6.214346e-02;1.137034e-01;4.627030e-02;5.384444e-02;6.772681e-02;1.163821e-01;4.985114e-02;8.332619e-02;8.570690e-02;1.292271e-01;1.002519e-01
1.106571e-01;5.861587e-02;9.427228e-02;4.950848e-02;5.672189e-02;5.748471e-02;1.104495e-01;5.726337e-02;8.830519e-02;8.701296e-02;1.287030e-01;1.010056e-01
1.527549e-01;6.311771e-02;9.920119e-02;4.801912e-02;6.935267e-02;6.486183e-02;1.450862e-01;4.092964e-02;7.560902e-02;7.184307e-02;8.831357e-02;8.091106e-02
8.181860e-02;8.510993e-02;2.102607e-01;3.134376e-02;7.646600e-02;6.383710e-02;1.907003e-01;3.917818e-02;6.385854e-02;3.861916e-02;5.807281e-02;6.073489e-02
5.602247e-02;1.021392e-01;2.982067e-01;4.091538e-02;6.412663e-02;6.805468e-02;1.244590e-01;2.546369e-02;8.011706e-02;3.957340e-02;5.333912e-02;4.758276e-02
6.806786e-02;1.323007e-01;3.563979e-01;5.158425e-02;4.477225e-02;7.125466e-02;5.788645e-02;2.348674e-02;9.660435e-02;3.153414e-02;2.838582e-02;3.772489e-02
5.250882e-02;1.328961e-01;3.851417e-01;4.626681e-02;3.473594e-02;6.115415e-02;8.375333e-02;2.660667e-02;8.863846e-02;3.802887e-02;2.547794e-02;2.479126e-02
3.495000e-02;9.908393e-02;4.711342e-01;3.709652e-02;4.834400e-02;4.638870e-02;4.881906e-02;2.963630e-02;6.271220e-02;5.705972e-02;3.905400e-02;2.572141e-02
2.935505e-02;7.628506e-02;4.990056e-01;3.092512e-02;4.541039e-02;4.063461e-02;5.860969e-02;2.557610e-02;3.971957e-02;6.979764e-02;5.239019e-02;3.229099e-02
3.383778e-02;7.169863e-02;5.041409e-01;2.972268e-02;3.791368e-02;3.729186e-02;7.162140e-02;2.918249e-02;3.592234e-02;7.057638e-02;5.431239e-02;2.377954e-02
3.195699e-02;7.076189e-02;5.109031e-01;3.009361e-02;3.571677e-02;3.487723e-02;8.586841e-02;3.007329e-02;4.168998e-02;5.939725e-02;5.429272e-02;1.436879e-02
4.185224e-02;5.132437e-02;4.879066e-01;3.061005e-02;4.392261e-02;4.072808e-02;7.001588e-02;3.516158e-02;5.256566e-02;4.321907e-02;7.215481e-02;3.053907e-02
6.041719e-02;5.120428e-02;3.977308e-01;2.997199e-02;4.953016e-02;4.172080e-02;1.448562e-01;3.489298e-02;4.874028e-02;2.947798e-02;8.258630e-02;2.887101e-02
8.876032e-02;6.185637e-02;3.085711e-01;3.153939e-02;4.558311e-02;3.008221e-02;2.133323e-01;3.587037e-02;4.606704e-02;3.742056e-02;7.292699e-02;2.799026e-02
9.707689e-02;4.742263e-02;2.673782e-01;3.805870e-02;7.224530e-02;4.551126e-02;2.293475e-01;3.130559e-02;3.788656e-02;4.197687e-02;5.748656e-02;3.430389e-02
9.305906e-02;4.893708e-02;2.363234e-01;4.956261e-02;8.303904e-02;5.246429e-02;2.043818e-01;3.363967e-02;6.031343e-02;4.504925e-02;6.790239e-02;2.532809e-02
8.055435e-02;1.037347e-01;1.815743e-01;6.162006e-02;6.625848e-02;5.738460e-02;9.980641e-02;4.159698e-02;8.362974e-02;4.574614e-02;1.254606e-01;5.263367e-02
7.104489e-02;8.498912e-02;1.583339e-01;4.384527e-02;7.259127e-02;5.566984e-02;1.576956e-01;4.980027e-02;7.335054e-02;5.371986e-02;1.224843e-01;5.647515e-02
7.611959e-02;8.745640e-02;1.984115e-01;4.071109e-02;6.916582e-02;3.857646e-02;1.434743e-01;5.671408e-02;7.122219e-02;6.183507e-02;1.080984e-01;4.821513e-02
8.628071e-02;8.280648e-02;2.964737e-01;4.118912e-02;5.111475e-02;2.682769e-02;6.666250e-02;4.857114e-02;8.738673e-02;5.024543e-02;8.501302e-02;7.742872e-02
9.317912e-02;6.909054e-02;2.932037e-01;4.577726e-02;4.039908e-02;3.909392e-02;6.697622e-02;4.147497e-02;1.123131e-01;4.606596e-02;7.570923e-02;7.671695e-02
9.023637e-02;4.524098e-02;2.079440e-01;4.619002e-02;7.029789e-02;4.288919e-02;1.192552e-01;5.393231e-02;1.019922e-01;6.342567e-02;1.027786e-01;5.581761e-02
7.237586e-02;5.975435e-02;1.711403e-01;4.198393e-02;9.075979e-02;4.243257e-02;1.272819e-01;4.991864e-02;6.650543e-02;9.770328e-02;1.124789e-01;6.766509e-02
7.222753e-02;6.784356e-02;1.151900e-01;5.372102e-02;8.838762e-02;7.116129e-02;1.080405e-01;4.518377e-02;4.843983e-02;9.943256e-02;1.080586e-01;1.223137e-01
7.194785e-02;1.111452e-01;1.156106e-01;4.269658e-02;5.640029e-02;6.735725e-02;5.948959e-02;7.487548e-02;8.897669e-02;8.003692e-02;1.099550e-01;1.215085e-01
6.954759e-02;1.370990e-01;1.656574e-01;4.949719e-02;4.010306e-02;5.072071e-02;4.672184e-02;7.449770e-02;1.330254e-01;6.224249e-02;8.699688e-02;8.389070e-02
7.158857e-02;1.363112e-01;1.634002e-01;8.242754e-02;6.187773e-02;5.867039e-02;7.239150e-02;5.104233e-02;1.149968e-01;7.766993e-02;4.898959e-02;6.063427e-02
8.650779e-02;1.131881e-01;1.824887e-01;7.925575e-02;7.517985e-02;5.250400e-02;7.527167e-02;6.804313e-02;7.384732e-02;1.043025e-01;3.517879e-02;5.423249e-02
4.925379e-02;7.903175e-02;1.559586e-01;4.723510e-02;8.975660e-02;7.184193e-02;8.583717e-02;7.552025e-02;9.741111e-02;1.340348e-01;5.098789e-02;6.313107e-02
9.244659e-02;6.425716e-02;1.689787e-01;6.172485e-02;7.190107e-02;8.042938e-02;1.790711e-01;5.819729e-02;8.304642e-02;5.063989e-02;3.132905e-02;5.797862e-02
1.393314e-01;8.821675e-02;1.801113e-01;7.133459e-02;7.986723e-02;6.679855e-02;1.640604e-01;4.488312e-02;4.293386e-02;4.079607e-02;3.280707e-02;4.885979e-02
1.717119e-01;8.757574e-02;1.595059e-01;8.344361e-02;7.602763e-02;7.778490e-02;1.539748e-01;4.372377e-02;2.585863e-02;4.240105e-02;2.895917e-02;4.903279e-02
1.985062e-01;8.584289e-02;1.489706e-01;8.814374e-02;7.512674e-02;8.503316e-02;1.262049e-01;3.884115e-02;3.485033e-02;4.228897e-02;3.134211e-02;4.484921e-02
2.169126e-01;1.101730e-01;1.558264e-01;7.821678e-02;8.615150e-02;9.253053e-02;7.193896e-02;2.269571e-02;4.294138e-02;5.283044e-02;3.584008e-02;3.394272e-02
1.783805e-01;1.331751e-01;1.590360e-01;5.152490e-02;9.037962e-02;9.544687e-02;7.989546e-02;3.151904e-02;5.083671e-02;7.475278e-02;3.556091e-02;1.949205e-02
1.382433e-01;7.833592e-02;2.224824e-01;1.112667e-01;8.107549e-02;7.413955e-02;7.062746e-02;3.225733e-02;7.606779e-02;5.802527e-02;3.995042e-02;1.752835e-02
1.266031e-01;2.421672e-02;2.059656e-01;1.651083e-01;1.142259e-01;4.740055e-02;8.068120e-02;2.393234e-02;9.363613e-02;4.848144e-02;4.724764e-02;2.250112e-02
1.265400e-01;3.005082e-02;2.157614e-01;1.659082e-01;1.166249e-01;3.329872e-02;8.765896e-02;1.152991e-02;9.043936e-02;4.383458e-02;5.058263e-02;2.777046e-02
1.348845e-01;6.353638e-02;2.622817e-01;1.424512e-01;7.803907e-02;3.647380e-02;6.048791e-02;1.845756e-02;8.830319e-02;4.464794e-02;4.891146e-02;2.152531e-02
1.166076e-01;6.976223e-02;2.471625e-01;1.393830e-01;5.781050e-02;3.624436e-02;9.059634e-02;1.966453e-02;9.799358e-02;4.461400e-02;5.680877e-02;2.335252e-02
9.047495e-02;5.784953e-02;2.526332e-01;1.161914e-01;4.717589e-02;4.017715e-02;9.735887e-02;2.419853e-02;1.139402e-01;4.697533e-02;6.616693e-02;4.685808e-02
1.079859e-01;3.782189e-02;2.541386e-01;9.293326e-02;5.277507e-02;3.261144e-02;9.737430e-02;2.370270e-02;1.227251e-01;5.573865e-02;7.446515e-02;4.772788e-02
1.030971e-01;2.629662e-02;2.574366e-01;8.339812e-02;5.983546e-02;3.067049e-02;1.086806e-01;3.073213e-02;1.205920e-01;6.759445e-02;7.989819e-02;3.176823e-02
8.967651e-02;2.109414e-02;2.950031e-01;8.074311e-02;7.177662e-02;3.242420e-02;1.152064e-01;3.082188e-02;1.104684e-01;6.988662e-02;6.852581e-02;1.437316e-02
7.319650e-02;3.520517e-02;3.094673e-01;7.772049e-02;8.304888e-02;3.971380e-02;1.313453e-01;3.744545e-02;8.190794e-02;6.902252e-02;4.637977e-02;1.554683e-02
6.411378e-02;5.245864e-02;3.384533e-01;7.570493e-02;9.917709e-02;4.920956e-02;1.257698e-01;2.835752e-02;4.892979e-02;6.416570e-02;3.487939e-02;1.878056e-02
6.205676e-02;4.247782e-02;3.330770e-01;6.853567e-02;1.015960e-01;6.496400e-02;1.228130e-01;4.132406e-02;4.381014e-02;5.177534e-02;4.359978e-02;2.397039e-02
6.518798e-02;3.513291e-02;3.256639e-01;6.587975e-02;1.077719e-01;6.211940e-02;1.098286e-01;3.902443e-02;4.910079e-02;5.601685e-02;6.092203e-02;2.335152e-02
5.979111e-02;2.546240e-02;3.538250e-01;7.531139e-02;1.132638e-01;4.948014e-02;8.437754e-02;3.754118e-02;5.163029e-02;5.803337e-02;6.144971e-02;2.983406e-02
4.860114e-02;2.792828e-02;3.750680e-01;7.237417e-02;9.953161e-02;4.868930e-02;7.983704e-02;4.819638e-02;5.436277e-02;7.181861e-02;4.837358e-02;2.521914e-02
4.525139e-02;4.442777e-02;3.912012e-01;5.768245e-02;9.780782e-02;3.970429e-02;8.425090e-02;3.891264e-02;4.925259e-02;8.080331e-02;5.320342e-02;1.750218e-02
4.745847e-02;3.759088e-02;3.337890e-01;6.520958e-02;9.733582e-02;5.621625e-02;9.737656e-02;3.194764e-02;5.215082e-02;9.347395e-02;6.700163e-02;2.044936e-02
5.752013e-02;4.550701e-02;2.389367e-01;7.419635e-02;8.198500e-02;4.241464e-02;1.153313e-01;3.084335e-02;9.791046e-02;1.043688e-01;8.815867e-02;2.282761e-02
4.744945e-02;4.924831e-02;2.182577e-01;6.697789e-02;4.730244e-02;7.108919e-02;1.126613e-01;2.965710e-02;8.614334e-02;1.303256e-01;1.028763e-01;3.801149e-02
4.569606e-02;3.017560e-02;2.119501e-01;5.618047e-02;5.341080e-02;7.446439e-02;1.255744e-01;3.339562e-02;7.721873e-02;1.228742e-01;1.115330e-01;5.752666e-02
5.747904e-02;3.999170e-02;1.833822e-01;4.153769e-02;6.523670e-02;6.780893e-02;1.435063e-01;4.764880e-02;1.017261e-01;7.893886e-02;1.117016e-01;6.104216e-02
5.203105e-02;7.913259e-02;1.596432e-01;4.333901e-02;8.084264e-02;6.048705e-02;1.354307e-01;5.882825e-02;7.499740e-02;5.987504e-02;1.082327e-01;8.716031e-02
6.030424e-02;8.411450e-02;1.613848e-01;5.134470e-02;7.360551e-02;3.601853e-02;8.820383e-02;3.680173e-02;1.147344e-01;8.269408e-02;9.668025e-02;1.141134e-01
6.621520e-02;6.582047e-02;1.867893e-01;5.359190e-02;6.661057e-02;4.259912e-02;5.860742e-02;2.744156e-02;1.127992e-01;9.891417e-02;1.050481e-01;1.155631e-01
