1.108531e-01;6.058911e-02;1.316805e-01;6.903969e-02;7.698023e-02;4.918234e-02;1.045108e-01;1.258803e-01;6.275294e-02;7.688091e-02;5.220110e-02;7.944898e-02
7.887580e-02;1.014544e-01;1.466035e-01;7.348057e-02;4.386557e-02;8.067180e-02;7.961541e-02;5.942897e-02;9.064328e-02;7.108364e-02;6.966240e-02;1.046146e-01
7.995123e-02;9.172411e-02;1.321355e-01;2.700940e-02;6.112528e-02;5.275556e-02;9.670011e-02;9.682018e-02;3.634816e-02;7.481302e-02;1.062331e-01;1.443844e-01
3.551821e-02;8.326723e-02;1.321705e-01;3.616583e-02;6.279518e-02;5.107874e-02;1.410534e-01;8.809873e-02;5.463218e-02;8.655235e-02;8.184391e-02;1.468238e-01
3.803141e-02;7.524332e-02;1.362116e-01;4.424819e-02;5.495313e-02;5.888404e-02;1.668981e-01;8.798395e-02;9.104407e-02;8.628204e-02;4.410900e-02;1.161111e-01
7.657266e-02;7.729471e-02;1.530216e-01;4.553134e-02;4.785652e-02;6.248583e-02;1.663160e-01;8.756764e-02;8.383921e-02;8.097929e-02;3.884365e-02;7.969158e-02
8.738205e-02;8.673518e-02;1.823497e-01;5.967383e-02;5.296807e-02;4.316017e-02;1.515340e-01;8.681194e-02;7.826995e-02;6.925873e-02;5.401833e-02;4.783806e-02
5.440712e-02;8.443462e-02;2.375599e-01;7.889535e-02;6.538353e-02;3.257525e-02;1.355110e-01;8.054666e-02;7.085668e-02;5.669470e-02;7.473997e-02;2.839526e-02
8.541378e-02;5.849856e-02;1.847758e-01;5.582566e-02;1.036517e-01;6.494944e-02;1.424753e-01;6.870360e-02;9.085301e-02;5.209823e-02;5.625882e-02;3.649608e-02
7.534531e-02;6.291749e-02;1.313189e-01;3.817774e-02;8.236188e-02;8.553539e-02;1.027745e-01;8.266247e-02;1.333783e-01;9.090275e-02;7.823882e-02;3.638643e-02
8.121992e-02;9.991500e-02;1.570170e-01;4.941616e-02;5.540719e-02;6.931999e-02;1.304219e-01;8.816249e-02;8.292545e-02;5.638348e-02;8.538703e-02;4.442438e-02
7.626983e-02;1.134957e-01;1.273891e-01;5.063705e-02;4.143720e-02;4.715723e-02;1.978495e-01;9.169914e-02;9.699220e-02;7.395492e-02;3.658138e-02;4.653672e-02
8.690631e-02;1.114058e-01;1.628828e-01;5.217880e-02;5.453682e-02;4.911779e-02;1.681209e-01;7.513326e-02;4.994276e-02;7.721368e-02;4.339668e-02;6.916437e-02
4.282635e-02;5.178275e-02;6.191485e-02;2.284080e-02;5.366658e-02;1.023777e-01;1.691389e-01;1.338080e-01;1.179464e-01;1.033050e-01;7.597733e-02;6.441537e-02
5.268177e-02;4.807336e-02;5.044615e-02;2.720210e-02;5.346262e-02;1.155715e-01;1.530211e-01;1.453928e-01;1.129845e-01;1.040623e-01;8.541140e-02;5.169036e-02
5.956003e-02;6.078724e-02;7.633170e-02;3.587715e-02;5.262008e-02;1.177156e-01;1.309725e-01;1.374184e-01;8.814615e-02;1.032554e-01;8.990006e-02;4.741566e-02
9.555040e-02;9.738936e-02;7.059103e-02;6.814355e-02;6.605133e-02;1.089218e-01;1.069171e-01;1.065332e-01;7.009436e-02;7.402181e-02;7.615921e-02;5.962686e-02
1.117136e-01;8.743411e-02;1.931621e-01;1.104803e-01;7.770137e-02;4.634510e-02;6.888456e-02;6.848700e-02;5.935511e-02;5.480364e-02;7.338519e-02;4.824796e-02
7.578257e-02;7.941286e-02;2.218881e-01;1.417414e-01;9.944806e-02;4.186759e-02;3.769697e-02;8.173690e-02;4.735550e-02;5.782481e-02;7.713440e-02;3.811085e-02
5.046409e-02;7.139620e-02;1.526749e-01;1.653161e-01;1.272191e-01;6.560235e-02;6.084446e-02;1.040721e-01;4.104157e-02;4.822529e-02;7.156134e-02;4.158255e-02
4.427879e-02;4.580324e-02;1.353586e-01;1.929871e-01;1.084582e-01;7.406227e-02;7.310645e-02;1.446836e-01;4.651409e-02;3.539144e-02;7.286394e-02;2.649234e-02
2.442970e-02;2.287966e-02;1.844684e-01;2.155961e-01;6.249363e-02;6.401130e-02;1.028016e-01;1.746719e-01;4.451535e-02;2.369422e-02;7.039018e-02;1.004791e-02
2.956303e-02;2.300711e-02;2.186239e-01;2.063406e-01;5.382515e-02;5.532655e-02;1.303728e-01;1.486961e-01;4.060827e-02;2.857395e-02;5.714199e-02;7.920575e-03
3.872627e-02;2.065411e-02;1.970068e-01;2.384184e-01;8.066352e-02;5.466523e-02;1.005632e-01;1.188561e-01;4.755710e-02;2.417208e-02;5.765462e-02;2.106258e-02
2.007730e-02;3.021759e-02;2.629505e-01;2.603191e-01;1.022644e-01;4.345722e-02;4.632414e-02;9.010836e-02;3.484958e-02;2.204355e-02;6.065201e-02;2.673622e-02
3.703822e-02;5.813301e-02;4.098735e-01;1.840232e-01;6.809658e-02;3.350243e-02;3.536857e-02;5.445192e-02;1.615043e-02;3.221868e-02;5.076234e-02;2.038118e-02
3.937315e-02;4.736011e-02;4.218319e-01;1.470487e-01;6.433925e-02;4.987215e-02;5.138040e-02;5.932657e-02;1.800693e-02;4.069441e-02;4.681881e-02;1.394771e-02
3.755481e-02;4.799412e-02;3.716550e-01;1.255552e-01;6.693930e-02;6.758630e-02;8.666640e-02;5.713774e-02;2.294822e-02;4.244997e-02;5.726265e-02;1.625030e-02
7.093719e-02;7.877727e-02;2.508504e-01;9.272118e-02;7.452369e-02;8.431868e-02;1.240710e-01;5.931859e-02;3.110986e-02;4.214887e-02;6.253005e-02;2.869320e-02
1.047396e-01;1.077135e-01;1.972227e-01;6.311981e-02;8.367217e-02;8.862483e-02;1.472018e-01;5.990369e-02;3.002162e-02;3.765012e-02;5.598918e-02;2.414099e-02
1.015272e-01;1.423622e-01;2.123594e-01;4.901540e-02;8.997408e-02;7.239760e-02;1.307451e-01;5.563485e-02;3.365746e-02;3.495865e-02;4.569731e-02;3.167070e-02
5.455902e-02;1.232928e-01;1.967595e-01;6.678827e-02;1.085521e-01;1.022989e-01;1.185807e-01;5.082037e-02;4.159084e-02;6.030780e-02;2.519031e-02;5.125928e-02
1.388726e-01;4.483969e-02;2.434546e-01;6.018503e-02;8.281861e-02;6.760200e-02;1.142805e-01;5.200445e-02;3.787748e-02;5.928385e-02;4.888318e-02;4.989802e-02
1.655155e-01;8.538378e-02;2.990996e-01;6.076218e-02;4.968525e-02;5.043946e-02;9.653678e-02;3.895347e-02;2.858452e-02;4.522916e-02;3.830775e-02;4.150258e-02
1.469909e-01;7.179775e-02;3.768296e-01;8.211635e-02;3.542245e-02;5.069257e-02;7.031713e-02;4.598788e-02;3.052153e-02;3.013549e-02;3.152527e-02;2.766311e-02
8.929104e-02;5.710750e-02;4.224499e-01;9.784385e-02;6.192110e-02;4.025028e-02;7.654583e-02;4.029545e-02;4.029194e-02;2.566624e-02;2.626773e-02;2.206908e-02
4.046337e-02;6.266688e-02;4.403301e-01;8.231413e-02;6.770402e-02;5.617927e-02;8.795792e-02;3.330308e-02;3.756450e-02;3.666106e-02;2.866836e-02;2.618726e-02
5.108033e-02;8.780195e-02;4.054683e-01;1.092926e-01;7.673787e-02;6.226158e-02;6.658170e-02;2.482686e-02;2.091628e-02;4.247005e-02;3.189389e-02;2.066860e-02
6.910194e-02;1.031792e-01;2.715366e-01;1.193354e-01;8.687812e-02;5.775482e-02;1.053176e-01;3.471757e-02;4.005853e-02;4.375398e-02;2.591451e-02;4.245175e-02
1.132610e-01;8.452301e-02;1.437475e-01;1.080054e-01;9.593499e-02;5.398814e-02;1.370409e-01;3.619029e-02;8.299853e-02;4.066743e-02;3.087008e-02;7.277266e-02
4.977491e-02;9.171106e-02;2.188616e-01;7.680701e-02;7.921167e-02;6.698701e-02;1.233656e-01;5.475143e-02;8.945615e-02;4.494405e-02;5.406852e-02;5.006098e-02
4.930170e-02;6.012613e-02;2.533938e-01;6.906284e-02;7.054909e-02;9.761108e-02;1.084974e-01;7.243793e-02;8.321118e-02;7.472701e-02;4.042968e-02;2.065208e-02
4.703594e-02;6.402876e-02;2.001686e-01;8.095957e-02;6.724498e-02;1.143767e-01;1.163794e-01;6.786616e-02;9.331448e-02;7.439218e-02;4.349960e-02;3.073370e-02
3.753287e-02;1.093319e-01;1.906417e-01;7.961420e-02;8.589046e-02;9.979192e-02;1.060110e-01;8.534557e-02;7.387099e-02;4.736198e-02;4.774911e-02;3.685833e-02
5.404073e-02;1.461362e-01;1.292178e-01;7.573351e-02;1.158336e-01;6.998181e-02;1.053709e-01;1.178258e-01;4.551614e-02;4.384695e-02;5.081762e-02;4.567885e-02
3.771400e-02;1.313191e-01;6.808146e-02;8.460022e-02;1.350235e-01;6.152104e-02;1.344654e-01;1.285857e-01;4.618264e-02;7.774168e-02;4.039173e-02;5.437353e-02
4.505640e-02;9.836757e-02;1.177823e-01;1.027861e-01;1.002918e-01;6.839174e-02;1.117436e-01;9.366847e-02;6.586280e-02;8.367234e-02;3.385720e-02;7.851975e-02
5.156091e-02;1.094115e-01;1.658863e-01;8.961555e-02;4.517820e-02;9.627639e-02;7.755932e-02;6.397092e-02;8.778980e-02;7.737506e-02;4.840233e-02;8.697379e-02
7.307092e-02;8.445830e-02;1.531825e-01;5.609577e-02;8.218396e-02;1.164480e-01;9.770704e-02;7.059783e-02;8.289317e-02;7.828963e-02;2.444596e-02;8.062694e-02
1.103005e-01;4.656594e-02;1.212794e-01;7.171631e-02;9.050815e-02;7.845399e-02;9.986451e-02;8.231582e-02;9.771116e-02;6.204770e-02;4.937668e-02;8.985973e-02
7.822099e-02;8.330610e-02;2.060935e-01;1.140952e-01;7.273187e-02;2.829790e-02;8.869558e-02;6.315720e-02;8.132987e-02;9.235305e-02;4.748856e-02;4.423006e-02
1.092467e-01;6.572758e-02;2.481420e-01;1.262330e-01;4.876061e-02;3.077798e-02;9.349652e-02;4.606443e-02;5.894564e-02;7.665630e-02;5.540830e-02;4.054106e-02
1.021785e-01;4.548296e-02;3.035456e-01;1.670542e-01;3.633220e-02;2.489571e-02;9.341390e-02;3.142951e-02;3.351814e-02;6.796802e-02;5.850474e-02;3.567653e-02
7.941591e-02;4.384340e-02;3.595399e-01;1.668094e-01;5.646443e-02;2.441949e-02;9.643265e-02;2.303502e-02;1.530550e-02;6.360973e-02;4.768063e-02;2.344394e-02
5.313529e-02;3.312406e-02;4.760782e-01;1.154795e-01;4.678206e-02;2.082754e-02;1.279432e-01;1.910721e-02;9.614622e-03;7.127359e-02;1.798326e-02;8.651499e-03
1.639597e-02;4.240166e-02;5.105568e-01;6.907137e-02;5.714502e-02;3.549019e-02;1.418357e-01;1.817326e-02;1.326187e-02;6.507222e-02;1.999655e-02;1.059931e-02
2.973626e-02;7.068829e-02;4.664375e-01;4.880743e-02;6.450415e-02;5.764263e-02;1.357584e-01;2.656779e-02;2.667953e-02;4.817848e-02;1.385796e-02;1.114153e-02
4.668431e-02;1.426147e-01;4.028175e-01;2.987645e-02;4.285202e-02;6.608951e-02;1.024512e-01;3.872902e-02;4.059058e-02;4.937748e-02;1.201838e-02;2.589876e-02
1.056100e-01;1.938501e-01;3.111819e-01;2.336262e-02;2.704758e-02;5.083211e-02;8.121491e-02;4.865346e-02;4.648124e-02;6.763177e-02;1.514854e-02;2.898582e-02
1.531674e-01;1.729464e-01;2.569467e-01;1.733959e-02;3.500662e-02;3.266197e-02;1.052947e-01;5.093322e-02;3.881558e-02;7.550245e-02;2.407552e-02;3.730996e-02
1.449598e-01;1.400554e-01;2.575762e-01;1.770128e-02;3.412621e-02;3.643224e-02;1.443423e-01;5.163820e-02;3.461726e-02;6.996901e-02;3.255283e-02;3.602926e-02
6.371079e-02;9.448682e-02;3.523897e-01;2.906652e-02;5.179823e-02;6.236180e-02;1.769478e-01;4.469537e-02;2.806494e-02;4.619772e-02;2.835094e-02;2.192932e-02
7.602386e-02;9.163142e-02;4.326013e-01;3.927896e-02;4.770032e-02;5.766654e-02;1.111002e-01;2.752766e-02;2.689927e-02;4.480998e-02;2.134570e-02;2.341490e-02
5.965577e-02;1.117902e-01;3.564452e-01;4.162154e-02;5.027455e-02;4.695661e-02;1.315579e-01;3.655893e-02;3.971138e-02;5.623772e-02;3.908944e-02;3.010084e-02
8.751833e-02;9.433375e-02;1.389888e-01;4.747098e-02;7.551473e-02;7.220281e-02;1.185110e-01;7.738524e-02;1.173400e-01;8.861840e-02;3.769373e-02;4.442232e-02
7.993510e-02;5.830150e-02;6.674039e-02;5.047816e-02;6.595350e-02;7.282996e-02;1.275593e-01;1.112029e-01;1.838481e-01;1.303069e-01;1.825281e-02;3.459146e-02
8.264066e-02;5.354951e-02;7.082031e-02;4.483726e-02;5.518043e-02;7.969683e-02;1.405336e-01;1.049814e-01;1.624649e-01;1.442220e-01;3.454329e-02;2.652976e-02
7.680571e-02;6.079101e-02;6.169646e-02;3.798411e-02;4.555176e-02;1.215262e-01;9.177136e-02;1.693646e-01;1.541980e-01;1.355983e-01;3.106495e-02;1.364761e-02
3.624007e-02;3.977223e-02;4.104725e-02;3.724241e-02;4.612180e-02;8.895741e-02;1.531210e-01;2.155246e-01;2.194448e-01;9.084994e-02;1.295348e-02;1.872496e-02
2.371905e-02;3.995244e-02;5.490761e-02;2.866552e-02;7.132688e-02;6.918116e-02;2.186761e-01;1.508081e-01;2.349530e-01;8.158150e-02;1.329157e-02;1.293705e-02
4.773976e-02;3.647799e-02;7.675546e-02;2.599235e-02;8.216526e-02;1.204032e-01;1.704842e-01;7.402233e-02;2.413680e-01;7.395338e-02;1.907096e-02;3.156725e-02
5.731532e-02;2.676068e-02;6.691874e-02;1.896330e-02;6.515200e-02;1.357655e-01;1.368221e-01;9.393983e-02;2.391124e-01;8.429230e-02;2.920532e-02;4.575256e-02
5.708193e-02;2.832813e-02;7.006246e-02;3.293483e-02;5.242620e-02;1.007624e-01;1.721939e-01;1.487313e-01;1.733395e-01;9.033784e-02;3.842751e-02;3.537395e-02
3.994818e-02;3.370792e-02;8.201049e-02;5.192502e-02;7.332734e-02;1.130852e-01;2.330711e-01;1.096766e-01;1.083557e-01;8.625125e-02;3.803425e-02;3.060694e-02
2.719156e-02;4.164113e-02;9.556013e-02;6.526460e-02;8.812054e-02;1.300671e-01;1.801555e-01;6.648036e-02;1.378895e-01;9.785027e-02;3.521948e-02;3.455988e-02
5.450359e-02;3.739950e-02;1.101393e-01;5.287678e-02;6.718560e-02;1.081118e-01;1.387460e-01;1.469362e-01;1.291788e-01;9.710766e-02;3.755458e-02;2.026008e-02
5.715636e-02;3.997203e-02;1.182533e-01;4.085671e-02;5.009285e-02;9.722047e-02;2.070680e-01;1.626486e-01;1.228976e-01;4.674182e-02;2.982009e-02;2.727225e-02
4.825726e-02;5.618269e-02;1.501256e-01;4.431417e-02;6.051693e-02;9.003893e-02;1.411123e-01;1.335103e-01;1.361486e-01;6.680988e-02;2.831139e-02;4.467196e-02
4.505925e-02;7.234301e-02;1.380070e-01;4.726318e-02;5.026363e-02;7.083793e-02;1.499683e-01;1.410991e-01;1.154503e-01;9.393074e-02;3.046637e-02;4.531113e-02
6.648231e-02;8.425558e-02;1.257950e-01;4.774245e-02;5.431928e-02;6.820541e-02;1.539364e-01;1.242501e-01;1.039007e-01;1.015058e-01;2.151795e-02;4.808907e-02
6.151200e-02;9.222732e-02;1.216042e-01;3.608560e-02;5.906836e-02;7.156266e-02;1.668505e-01;1.155072e-01;1.103792e-01;9.044855e-02;2.713719e-02;4.761726e-02
8.961537e-02;8.741599e-02;1.191854e-01;7.373397e-02;7.477169e-02;7.989889e-02;1.413932e-01;6.604224e-02;1.032807e-01;6.719894e-02;4.365283e-02;5.381069e-02
1.008408e-01;6.242144e-02;2.395158e-01;8.120718e-02;5.973704e-02;5.621500e-02;1.003505e-01;4.261125e-02;6.320132e-02;8.278454e-02;6.112256e-02;4.999261e-02
9.753440e-02;1.047908e-01;2.807238e-01;8.988775e-02;5.232045e-02;5.755392e-02;5.515748e-02;4.154991e-02;5.063943e-02;6.894954e-02;5.830469e-02;4.258779e-02
1.044327e-01;1.421357e-01;2.464606e-01;1.056439e-01;6.405208e-02;6.774549e-02;4.080487e-02;3.955235e-02;5.073446e-02;3.589149e-02;5.723510e-02;4.531120e-02
9.860588e-02;1.466561e-01;2.880816e-01;9.210157e-02;4.931030e-02;6.162935e-02;6.334469e-02;3.035458e-02;5.528862e-02;3.029408e-02;4.468495e-02;3.964830e-02
2.540714e-02;1.249175e-01;4.928640e-01;6.407830e-02;2.371344e-02;4.281507e-02;4.971205e-02;2.473131e-02;4.622905e-02;4.956906e-02;3.570298e-02;2.026004e-02
4.558269e-02;1.420896e-01;5.018602e-01;5.433754e-02;1.983333e-02;3.681664e-02;2.563184e-02;2.617678e-02;5.334222e-02;4.811371e-02;2.187224e-02;2.434314e-02
4.965150e-02;1.760068e-01;3.922898e-01;4.469761e-02;1.539074e-02;3.401642e-02;6.782822e-02;3.893787e-02;7.061936e-02;6.670829e-02;1.242796e-02;3.142542e-02
1.030266e-01;1.543229e-01;2.865169e-01;3.939520e-02;2.036264e-02;3.229265e-02;1.240460e-01;4.819960e-02;6.939041e-02;6.060336e-02;2.470930e-02;3.713438e-02
1.064619e-01;1.305608e-01;2.610304e-01;3.518393e-02;2.967874e-02;5.037400e-02;1.819318e-01;4.778882e-02;6.279073e-02;5.006183e-02;1.163454e-02;3.250248e-02
9.148258e-02;1.209287e-01;2.204577e-01;3.888329e-02;4.029234e-02;5.572344e-02;2.386808e-01;4.632065e-02;5.489767e-02;4.451975e-02;2.283825e-02;2.497488e-02
8.776300e-02;1.231617e-01;2.088710e-01;4.417202e-02;4.091752e-02;4.864715e-02;2.570285e-01;4.011215e-02;5.011623e-02;4.031100e-02;3.531691e-02;2.358286e-02
4.902618e-02;1.216812e-01;2.435102e-01;5.320986e-02;4.055338e-02;2.153263e-02;2.299047e-01;5.786336e-02;5.105065e-02;4.148439e-02;4.135486e-02;4.882863e-02
8.385089e-02;1.141562e-01;1.607620e-01;6.379247e-02;5.558636e-02;5.156828e-02;1.542571e-01;5.039851e-02;6.677575e-02;6.576617e-02;5.589375e-02;7.719245e-02
4.057039e-02;1.043044e-01;1.764547e-01;8.081023e-02;5.451872e-02;8.071970e-02;1.132169e-01;5.909104e-02;1.246412e-01;5.996036e-02;4.168071e-02;6.403164e-02
6.357493e-02;7.426377e-02;1.359730e-01;5.454016e-02;6.340236e-02;8.125283e-02;1.437932e-01;1.069417e-01;1.247061e-01;6.498301e-02;5.824943e-02;2.831947e-02
5.876083e-02;7.517367e-02;1.523567e-01;4.269411e-02;6.517235e-02;8.922052e-02;1.190666e-01;1.271232e-01;1.288840e-01;6.314487e-02;6.298591e-02;1.541730e-02
7.068392e-02;8.232187e-02;1.826691e-01;2.198618e-02;6.343327e-02;1.001767e-01;6.321904e-02;1.355818e-01;1.363838e-01;6.045441e-02;6.830167e-02;1.478823e-02
8.604746e-02;6.025168e-02;1.808739e-01;4.073188e-02;4.557845e-02;9.663761e-02;1.307290e-01;9.683470e-02;1.168787e-01;6.472960e-02;5.835376e-02;2.235322e-02
9.861127e-02;4.864201e-02;1.861655e-01;6.878722e-02;5.033287e-02;8.920646e-02;1.604889e-01;7.881723e-02;4.816332e-02;9.254876e-02;4.977261e-02;2.846375e-02
9.456222e-02;4.179452e-02;2.028363e-01;7.086530e-02;9.558330e-02;6.346220e-02;1.986074e-01;3.897334e-02;5.136501e-02;6.410743e-02;4.299891e-02;3.484407e-02
8.545886e-02;3.116043e-02;2.220258e-01;6.835081e-02;1.239957e-01;6.575350e-02;1.982184e-01;3.499915e-02;5.603494e-02;3.845810e-02;2.915970e-02;4.638464e-02
7.576337e-02;1.686445e-02;2.362064e-01;6.899863e-02;1.665964e-01;7.595516e-02;1.572949e-01;2.258538e-02;5.512932e-02;2.821706e-02;3.315445e-02;6.323452e-02
5.335702e-02;3.492570e-02;3.047477e-01;7.409101e-02;1.814659e-01;7.000320e-02;4.541129e-02;2.960838e-02;3.530556e-02;3.906505e-02;5.981508e-02;7.220408e-02
2.564645e-02;3.578146e-02;3.200549e-01;9.645215e-02;1.872818e-01;6.091608e-02;3.808280e-02;3.372794e-02;2.404383e-02;4.511977e-02;6.390332e-02;6.898943e-02
4.773960e-02;4.127194e-02;3.009395e-01;8.244999e-02;1.982882e-01;6.107934e-02;3.394175e-02;2.562422e-02;4.724419e-02;5.170465e-02;4.759657e-02;6.212007e-02
5.302385e-02;5.323394e-02;2.264622e-01;8.541431e-02;2.142662e-01;5.933439e-02;9.626506e-02;2.397075e-02;5.389889e-02;4.153140e-02;2.793499e-02;6.466398e-02
1.061269e-01;4.962015e-02;1.255894e-01;8.393802e-02;2.187953e-01;6.486845e-02;1.290783e-01;2.083739e-02;5.643382e-02;4.797768e-02;3.352201e-02;6.321253e-02
9.839106e-02;3.470778e-02;2.009103e-01;8.445668e-02;2.262884e-01;7.118142e-02;6.686782e-02;2.980391e-02;4.944448e-02;3.749832e-02;4.199531e-02;5.845456e-02
3.507699e-02;3.038827e-02;2.744769e-01;6.716446e-02;2.105287e-01;7.694584e-02;1.093520e-01;2.597010e-02;4.877095e-02;3.747632e-02;3.781701e-02;4.603249e-02
2.786321e-02;3.807968e-02;3.219972e-01;8.317273e-02;1.936832e-01;8.401551e-02;7.212295e-02;3.075573e-02;5.750941e-02;3.530816e-02;2.875219e-02;2.674015e-02
6.147854e-02;5.896075e-02;2.985778e-01;8.167486e-02;1.443216e-01;8.199211e-02;1.100025e-01;4.871231e-02;3.819912e-02;4.121188e-02;1.404241e-02;2.082608e-02
6.186882e-02;6.944106e-02;2.851209e-01;7.766107e-02;1.107277e-01;7.159315e-02;1.304148e-01;5.701447e-02;3.786483e-02;4.630303e-02;1.533896e-02;3.665119e-02
6.848319e-02;5.921519e-02;2.523869e-01;1.086453e-01;9.571239e-02;5.997285e-02;1.240162e-01;4.873580e-02;4.550516e-02;5.142279e-02;2.471022e-02;6.119407e-02
9.849130e-02;6.806507e-02;1.449450e-01;1.131297e-01;9.728404e-02;6.845810e-02;1.483749e-01;3.358452e-02;6.993260e-02;6.406065e-02;4.072689e-02;5.294728e-02
1.038107e-01;8.013719e-02;1.795320e-01;8.533195e-02;9.741757e-02;5.466159e-02;1.143185e-01;4.759134e-02;9.410011e-02;6.803738e-02;4.267102e-02;3.239067e-02
8.552521e-02;7.858536e-02;2.486020e-01;9.524076e-02;8.236488e-02;4.810214e-02;8.478870e-02;4.041285e-02;9.585952e-02;6.688780e-02;3.562993e-02;3.800078e-02
1.056655e-01;3.862473e-02;1.543980e-01;8.075669e-02;7.615659e-02;7.363187e-02;1.424811e-01;8.143740e-02;6.407180e-02;6.477370e-02;3.672263e-02;8.127990e-02
1.312798e-01;7.926310e-02;1.488370e-01;4.668852e-02;6.144674e-02;7.083731e-02;1.583652e-01;7.104079e-02;4.971181e-02;4.990125e-02;4.907954e-02;8.354881e-02
1.297403e-01;1.079726e-01;2.293655e-01;7.311805e-02;4.378778e-02;5.553748e-02;1.292001e-01;4.883790e-02;5.122423e-02;3.608527e-02;5.272572e-02;4.240512e-02
9.583639e-02;1.251741e-01;2.372572e-01;8.994293e-02;5.472707e-02;3.257292e-02;1.277878e-01;4.127692e-02;4.798483e-02;5.499416e-02;5.207866e-02;4.036703e-02
1.045219e-01;1.107409e-01;2.985776e-01;7.277714e-02;5.998332e-02;3.190041e-02;1.012019e-01;3.045525e-02;4.450373e-02;6.436958e-02;4.213072e-02;3.883753e-02
9.766292e-02;8.594131e-02;4.331754e-01;5.392578e-02;5.821283e-02;2.753328e-02;7.571344e-02;1.200701e-02;3.419201e-02;7.110793e-02;2.907991e-02;2.144815e-02
7.387482e-02;3.950153e-02;5.386519e-01;6.273435e-02;4.925751e-02;1.956196e-02;7.505095e-02;1.381218e-02;1.182354e-02;6.843580e-02;3.623404e-02;1.106141e-02
9.491807e-02;5.163324e-02;5.402613e-01;5.796670e-02;3.275820e-02;1.994992e-02;7.517991e-02;9.223239e-03;1.950506e-02;5.807947e-02;2.725215e-02;1.327275e-02
1.269962e-01;7.397190e-02;4.660300e-01;6.461534e-02;2.974434e-02;2.124684e-02;6.907371e-02;1.316753e-02;3.392480e-02;4.508618e-02;3.033997e-02;2.580315e-02
1.384982e-01;7.749660e-02;3.850922e-01;1.002763e-01;4.825848e-02;3.268508e-02;3.917912e-02;2.093635e-02;3.379378e-02;4.588775e-02;3.551431e-02;4.238179e-02
1.418551e-01;1.694510e-01;2.745572e-01;9.486577e-02;4.633909e-02;3.864593e-02;6.982116e-02;1.881274e-02;2.257498e-02;4.527992e-02;3.315432e-02;4.464289e-02
1.262683e-01;2.405401e-01;2.103698e-01;6.801601e-02;3.815139e-02;4.714774e-02;1.122856e-01;1.417016e-02;2.187578e-02;4.478097e-02;3.954800e-02;3.684628e-02
1.078167e-01;1.817232e-01;2.958781e-01;4.990757e-02;4.236954e-02;4.618061e-02;9.998919e-02;1.591802e-02;3.404485e-02;5.427422e-02;3.477458e-02;3.712339e-02
7.999894e-02;9.516347e-02;2.945668e-01;5.856828e-02;7.128688e-02;3.196604e-02;1.324365e-01;2.119773e-02;6.048669e-02;7.267776e-02;4.414231e-02;3.750851e-02
6.010856e-02;5.657002e-02;2.863421e-01;5.404895e-02;7.445162e-02;4.579638e-02;8.527619e-02;7.427204e-02;1.040068e-01;8.562881e-02;4.424586e-02;2.925265e-02
4.294158e-02;5.419857e-02;2.127506e-01;7.808758e-02;8.334351e-02;8.055206e-02;1.704382e-01;9.880888e-02;4.985399e-02;6.896473e-02;3.299085e-02;2.706951e-02
3.822966e-02;4.417735e-02;1.942891e-01;7.372719e-02;7.106651e-02;8.149417e-02;2.489365e-01;8.721746e-02;5.016147e-02;4.955582e-02;4.308485e-02;1.805991e-02
3.352503e-02;4.062485e-02;1.821666e-01;8.227426e-02;6.209821e-02;8.795717e-02;2.939545e-01;6.530799e-02;4.916379e-02;4.687004e-02;4.603167e-02;1.002595e-02
4.009082e-02;3.585650e-02;1.322528e-01;8.532482e-02;8.502147e-02;1.006833e-01;3.253760e-01;4.453887e-02;3.440119e-02;6.108342e-02;3.311520e-02;2.225562e-02
4.243764e-02;3.358367e-02;1.919235e-01;7.150433e-02;1.013111e-01;8.410186e-02;2.593969e-01;5.045600e-02;3.201636e-02;6.509855e-02;3.770262e-02;3.046749e-02
6.871714e-02;4.844707e-02;2.493682e-01;7.060436e-02;1.156965e-01;5.098649e-02;1.929702e-01;4.869687e-02;2.809548e-02;6.309302e-02;3.293869e-02;3.038599e-02
6.720214e-02;6.358863e-02;2.891761e-01;7.125898e-02;1.015948e-01;4.336490e-02;1.345919e-01;5.235282e-02;5.061936e-02;5.303849e-02;2.894764e-02;4.426431e-02
1.010953e-01;6.421342e-02;2.702022e-01;8.537907e-02;9.306284e-02;6.008521e-02;1.083573e-01;3.877348e-02;5.057601e-02;4.869232e-02;2.839385e-02;5.116895e-02
1.399532e-01;5.904781e-02;2.051923e-01;8.309432e-02;9.498652e-02;4.785422e-02;1.469190e-01;4.395800e-02;6.042500e-02;4.518500e-02;3.498198e-02;3.840268e-02
1.147702e-01;6.109876e-02;1.231003e-01;3.692828e-02;1.036760e-01;6.317563e-02;1.583200e-01;9.347308e-02;7.890193e-02;6.590565e-02;3.778489e-02;6.286543e-02
7.912315e-02;5.203436e-02;1.236013e-01;4.139047e-02;9.977967e-02;8.950442e-02;1.004671e-01;1.069975e-01;7.249244e-02;8.617245e-02;5.806688e-02;9.037017e-02
8.174584e-02;6.145604e-02;1.556471e-01;3.276110e-02;9.006032e-02;8.805778e-02;7.098737e-02;8.772828e-02;1.182698e-01;7.789715e-02;5.257967e-02;8.280951e-02
