7.057989e-02;7.115411e-02;1.106270e-01;4.778709e-02;7.445704e-02;7.013323e-02;1.525195e-01;8.879423e-02;1.045809e-01;9.574977e-02;5.339980e-02;6.021743e-02
4.841302e-02;5.494974e-02;8.280922e-02;3.939091e-02;8.359069e-02;9.786499e-02;1.839735e-01;1.091917e-01;8.557566e-02;9.818725e-02;4.910334e-02;6.694996e-02
5.019262e-02;5.457879e-02;8.477835e-02;5.861810e-02;7.456896e-02;1.056242e-01;1.826035e-01;9.639420e-02;6.171631e-02;1.066160e-01;5.244848e-02;7.186034e-02
7.758106e-02;6.496323e-02;1.072182e-01;3.667572e-02;5.688580e-02;7.410172e-02;1.747253e-01;6.780967e-02;8.322757e-02;1.099566e-01;8.495188e-02;6.190331e-02
9.462729e-02;6.656712e-02;1.044613e-01;2.864747e-02;6.515922e-02;4.560647e-02;1.623933e-01;5.750748e-02;1.232550e-01;1.132726e-01;9.318908e-02;4.531369e-02
6.959423e-02;8.541706e-02;1.034995e-01;4.419149e-02;7.881346e-02;6.129288e-02;1.402145e-01;5.720244e-02;1.369905e-01;9.658233e-02;9.751615e-02;2.868539e-02
9.010040e-02;6.513853e-02;1.195647e-01;4.227120e-02;5.277487e-02;7.001239e-02;1.895142e-01;7.309628e-02;9.270003e-02;6.288414e-02;9.503099e-02;4.691219e-02
7.209214e-02;6.906033e-02;2.032748e-01;5.179266e-02;7.418095e-02;4.244127e-02;2.426793e-01;6.645192e-02;5.254049e-02;4.910725e-02;4.543633e-02;3.094251e-02
7.489229e-02;5.378428e-02;3.367093e-01;5.237732e-02;3.981641e-02;3.167666e-02;2.042335e-01;5.920075e-02;5.082530e-02;4.050338e-02;3.447580e-02;2.150499e-02
1.315256e-01;1.085086e-01;3.712197e-01;4.466975e-02;3.917677e-02;2.847097e-02;1.386856e-01;3.344820e-02;3.226990e-02;3.046143e-02;2.393025e-02;1.763328e-02
2.195159e-01;1.557913e-01;3.530177e-01;2.889117e-02;3.205205e-02;1.938285e-02;8.340982e-02;1.674146e-02;2.008499e-02;2.211802e-02;2.421410e-02;2.478067e-02
3.256266e-01;1.612430e-01;2.696458e-01;1.787532e-02;2.209849e-02;1.304479e-02;4.208089e-02;2.960809e-02;2.630487e-02;1.997024e-02;3.129432e-02;4.120754e-02
3.223809e-01;1.137310e-01;1.903368e-01;2.029505e-02;2.267257e-02;2.326681e-02;5.500530e-02;5.681549e-02;5.178911e-02;3.033355e-02;4.967105e-02;6.370224e-02
2.515467e-01;9.040893e-02;1.191578e-01;2.392296e-02;1.768896e-02;3.412064e-02;9.236231e-02;8.365505e-02;6.342137e-02;6.565304e-02;8.286967e-02;7.519259e-02
1.797243e-01;6.330188e-02;7.984056e-02;3.377681e-02;3.461041e-02;3.807504e-02;1.084768e-01;8.838967e-02;7.058748e-02;1.173716e-01;1.218470e-01;6.399843e-02
1.062041e-01;6.877652e-02;6.166920e-02;5.866334e-02;7.226424e-02;4.333471e-02;9.433820e-02;8.455370e-02;9.587611e-02;1.444240e-01;8.364477e-02;8.625105e-02
4.952192e-02;5.715784e-02;6.943866e-02;7.814314e-02;8.184741e-02;6.095379e-02;1.309970e-01;1.004784e-01;1.282639e-01;1.255903e-01;5.397803e-02;6.362963e-02
5.264043e-02;6.560274e-02;8.846594e-02;6.908659e-02;7.156420e-02;5.408900e-02;1.479900e-01;1.037831e-01;1.203129e-01;1.002935e-01;3.555889e-02;9.061266e-02
5.358924e-02;7.757451e-02;2.037203e-01;5.960269e-02;6.089929e-02;5.515805e-02;1.557029e-01;7.856392e-02;8.395383e-02;6.257801e-02;3.529106e-02;7.336619e-02
2.966123e-02;8.132179e-02;4.307723e-01;7.046257e-02;6.238703e-02;3.870947e-02;1.035571e-01;3.194608e-02;5.650955e-02;4.367516e-02;1.982760e-02;3.117010e-02
4.915408e-02;1.112173e-01;4.756972e-01;6.752083e-02;4.974085e-02;2.833218e-02;6.166893e-02;3.761424e-02;5.620440e-02;3.507798e-02;1.073285e-02;1.703914e-02
1.361660e-01;1.484927e-01;3.969763e-01;5.007343e-02;3.665157e-02;2.124334e-02;3.641572e-02;5.650397e-02;6.134549e-02;2.299435e-02;1.254007e-02;2.059704e-02
2.330185e-01;1.521356e-01;2.720182e-01;3.387839e-02;3.668257e-02;1.811957e-02;4.361106e-02;9.205667e-02;4.316425e-02;1.823959e-02;2.335986e-02;3.371576e-02
2.577790e-01;1.043257e-01;1.798263e-01;3.273504e-02;4.037552e-02;2.357187e-02;9.301518e-02;1.199524e-01;1.818025e-02;4.066824e-02;4.385681e-02;4.571360e-02
1.920154e-01;5.706439e-02;1.665152e-01;3.582110e-02;3.644194e-02;3.758968e-02;1.326443e-01;1.009837e-01;4.296860e-02;8.300623e-02;7.014931e-02;4.480011e-02
1.632352e-01;5.531068e-02;2.088633e-01;3.686418e-02;4.685671e-02;4.366045e-02;1.185161e-01;7.700606e-02;4.363810e-02;9.882984e-02;7.655858e-02;3.066082e-02
1.837742e-01;5.518080e-02;2.017753e-01;4.089999e-02;5.219304e-02;3.812240e-02;8.232839e-02;9.479112e-02;5.346337e-02;8.298003e-02;6.164079e-02;5.285060e-02
1.509599e-01;1.469876e-01;9.195242e-02;5.347056e-02;5.059305e-02;5.004352e-02;1.501548e-01;9.856940e-02;6.438073e-02;4.732308e-02;4.978737e-02;4.577756e-02
1.258986e-01;1.195565e-01;2.008075e-01;5.307413e-02;3.702350e-02;4.290249e-02;1.527929e-01;7.717945e-02;7.015739e-02;3.912691e-02;3.901692e-02;4.246376e-02
1.619103e-01;3.290591e-02;2.232493e-01;5.165239e-02;2.789613e-02;4.771180e-02;1.085451e-01;9.724997e-02;6.481635e-02;7.077163e-02;5.285369e-02;6.043743e-02
1.127870e-01;5.767923e-02;1.811019e-01;5.600830e-02;5.457216e-02;5.880374e-02;8.715767e-02;8.992609e-02;1.051829e-01;7.899272e-02;6.009154e-02;5.769667e-02
8.925323e-02;6.587546e-02;1.356037e-01;6.039674e-02;7.125373e-02;6.009690e-02;1.284878e-01;7.446151e-02;1.094256e-01;7.799023e-02;6.306764e-02;6.408746e-02
7.987460e-02;7.351375e-02;2.196596e-01;7.062519e-02;7.862792e-02;5.689754e-02;1.233924e-01;6.846018e-02;6.331786e-02;6.918370e-02;5.376662e-02;4.268062e-02
5.343907e-02;1.002679e-01;3.676580e-01;7.264666e-02;6.936742e-02;4.752747e-02;1.331842e-01;4.404549e-02;2.562586e-02;3.670951e-02;2.594966e-02;2.357875e-02
1.407049e-01;1.477959e-01;3.374284e-01;5.707119e-02;4.935718e-02;2.967341e-02;8.955759e-02;3.560149e-02;4.680505e-02;2.090630e-02;1.635198e-02;2.874661e-02
2.437157e-01;1.720058e-01;2.414889e-01;3.088719e-02;4.010513e-02;1.182276e-02;5.714910e-02;8.539362e-02;6.175186e-02;1.253571e-02;1.065497e-02;3.248933e-02
2.983436e-01;1.117558e-01;1.140597e-01;1.564430e-02;3.865186e-02;8.963050e-03;1.010536e-01;1.976433e-01;4.661557e-02;1.548308e-02;1.348107e-02;3.830507e-02
2.724062e-01;4.687309e-02;6.179930e-02;1.410465e-02;2.230323e-02;1.462414e-02;1.542018e-01;3.053301e-01;3.807509e-02;1.742265e-02;1.155993e-02;4.129985e-02
2.270992e-01;3.488865e-02;4.923787e-02;1.294962e-02;1.561074e-02;1.703616e-02;1.644435e-01;3.604178e-01;5.109110e-02;1.851990e-02;9.235123e-03;3.947029e-02
2.057961e-01;2.451961e-02;4.343887e-02;1.360462e-02;1.532957e-02;1.621819e-02;2.168929e-01;3.605302e-01;3.539667e-02;1.924037e-02;1.106467e-02;3.796823e-02
1.859201e-01;3.813344e-02;6.101633e-02;1.163424e-02;1.674338e-02;1.612519e-02;2.509347e-01;3.009641e-01;4.052714e-02;2.100356e-02;1.699457e-02;4.000324e-02
1.669250e-01;5.886597e-02;1.050255e-01;9.018685e-03;2.058755e-02;2.253905e-02;2.463414e-01;2.447502e-01;2.864109e-02;3.018910e-02;2.825393e-02;3.886250e-02
1.854530e-01;5.135029e-02;1.113509e-01;2.120909e-02;2.592602e-02;2.715293e-02;2.140978e-01;2.168922e-01;3.872625e-02;4.177094e-02;4.481729e-02;2.125330e-02
2.212725e-01;8.390052e-02;1.226755e-01;2.313233e-02;1.660808e-02;1.374731e-02;1.564885e-01;2.107088e-01;6.156037e-02;2.580649e-02;2.294449e-02;4.115519e-02
2.225084e-01;8.118145e-02;1.059996e-01;1.500646e-02;1.129290e-02;9.096494e-03;9.588074e-02;3.060471e-01;8.780094e-02;2.149888e-02;1.374906e-02;2.993805e-02
2.018512e-01;5.210783e-02;5.330785e-02;9.992081e-03;1.008125e-02;7.450889e-03;8.019171e-02;3.954335e-01;1.379625e-01;1.774563e-02;8.040789e-03;2.583471e-02
1.861993e-01;3.333903e-02;4.631284e-02;6.139952e-03;1.858948e-02;6.313875e-03;6.542059e-02;4.247912e-01;1.602541e-01;2.061001e-02;8.632216e-03;2.339754e-02
2.260033e-01;3.317350e-02;6.175656e-02;7.317227e-03;3.974237e-02;8.612056e-03;7.323839e-02;3.978957e-01;9.821040e-02;2.372385e-02;9.641757e-03;2.068485e-02
3.012193e-01;3.549027e-02;7.231224e-02;1.300982e-02;6.769649e-02;1.138291e-02;4.587863e-02;3.480164e-01;4.219116e-02;1.768438e-02;2.004354e-02;2.507483e-02
3.411713e-01;2.928299e-02;6.470676e-02;1.708292e-02;8.032607e-02;9.898539e-03;3.857758e-02;3.183398e-01;1.918846e-02;2.552257e-02;2.861580e-02;2.728721e-02
3.277937e-01;3.134985e-02;6.786711e-02;1.205776e-02;7.550773e-02;1.593608e-02;4.665747e-02;3.092202e-01;2.070719e-02;2.958810e-02;2.859014e-02;3.472468e-02
3.061521e-01;3.352164e-02;7.074875e-02;1.444587e-02;5.651052e-02;1.459049e-02;7.409354e-02;3.177054e-01;1.904055e-02;2.584296e-02;3.025670e-02;3.709160e-02
2.998739e-01;3.531174e-02;6.539218e-02;1.182694e-02;5.049159e-02;1.007935e-02;7.794055e-02;3.310377e-01;2.456351e-02;2.547029e-02;3.225824e-02;3.575405e-02
2.756851e-01;3.221225e-02;5.783423e-02;1.870151e-02;4.109633e-02;1.198725e-02;1.203795e-01;3.163712e-01;1.538164e-02;3.497903e-02;3.179692e-02;4.357502e-02
2.501542e-01;3.095568e-02;5.309146e-02;1.835811e-02;2.180223e-02;1.185121e-02;2.091397e-01;2.856130e-01;1.950364e-02;2.821661e-02;2.616733e-02;4.514686e-02
2.190717e-01;3.720129e-02;5.321433e-02;9.694114e-03;1.080464e-02;2.051095e-02;2.879596e-01;2.487973e-01;1.715632e-02;1.426406e-02;2.530500e-02;5.602061e-02
1.745931e-01;5.573120e-02;9.440762e-02;1.278305e-02;1.749637e-02;4.327471e-02;2.989176e-01;1.614511e-01;2.902650e-02;2.465518e-02;3.351805e-02;5.414562e-02
1.446544e-01;7.945092e-02;1.449319e-01;1.950943e-02;3.114188e-02;5.334839e-02;2.660738e-01;9.257116e-02;3.442533e-02;3.986535e-02;4.874116e-02;4.528622e-02
1.839223e-01;6.369325e-02;1.407434e-01;2.613304e-02;4.096659e-02;3.874565e-02;2.109305e-01;4.255065e-02;5.336797e-02;6.636499e-02;7.248728e-02;6.009438e-02
2.211023e-01;7.957938e-02;1.168664e-01;3.131590e-02;3.119436e-02;2.206585e-02;1.450896e-01;4.498330e-02;4.825749e-02;6.570449e-02;6.910417e-02;1.247367e-01
1.731046e-01;1.198664e-01;8.205748e-02;2.705222e-02;1.934514e-02;3.169105e-02;1.639542e-01;5.171516e-02;2.585126e-02;5.744864e-02;7.523060e-02;1.726832e-01
1.731056e-01;1.311916e-01;5.833105e-02;2.156791e-02;1.776219e-02;3.125738e-02;2.131669e-01;1.807667e-02;2.063960e-02;4.437549e-02;7.248621e-02;1.980394e-01
3.687143e-01;1.301084e-01;7.473142e-02;1.084713e-02;1.253907e-02;1.262057e-02;1.220274e-01;7.206785e-02;2.499507e-02;2.871029e-02;3.021225e-02;1.124262e-01
4.538056e-01;1.475318e-01;9.249067e-02;1.010519e-02;1.243801e-02;9.159342e-03;7.312483e-02;9.397134e-02;2.321478e-02;1.157639e-02;1.483721e-02;5.774478e-02
4.735903e-01;1.816685e-01;1.138760e-01;8.612188e-03;8.123828e-03;5.712147e-03;4.743969e-02;7.942808e-02;1.731257e-02;6.001824e-03;1.635977e-02;4.187516e-02
4.801518e-01;1.975628e-01;1.290943e-01;5.734305e-03;5.772609e-03;3.581793e-03;2.995090e-02;5.947244e-02;2.656425e-02;6.600588e-03;1.745873e-02;3.805549e-02
4.885962e-01;1.790100e-01;1.100632e-01;7.415549e-03;7.305468e-03;5.372506e-03;2.845791e-02;6.595232e-02;3.189302e-02;1.151475e-02;1.552943e-02;4.888962e-02
4.628346e-01;1.519878e-01;1.080915e-01;9.221746e-03;1.334126e-02;1.120179e-02;3.166574e-02;6.222935e-02;3.370535e-02;1.898256e-02;2.713941e-02;6.959887e-02
3.810584e-01;1.177577e-01;8.445898e-02;1.961085e-02;2.018901e-02;2.102931e-02;8.464953e-02;7.398288e-02;3.617839e-02;3.014066e-02;4.818823e-02;8.275608e-02
2.652300e-01;6.855887e-02;6.104001e-02;4.166338e-02;3.566845e-02;2.819996e-02;1.307767e-01;1.024683e-01;4.086617e-02;6.991733e-02;8.884665e-02;6.676431e-02
1.936062e-01;6.320501e-02;8.807798e-02;5.442137e-02;3.791054e-02;3.493620e-02;9.553527e-02;9.043901e-02;7.169204e-02;9.602873e-02;1.118598e-01;6.228787e-02
1.919018e-01;6.737584e-02;1.027684e-01;5.510569e-02;3.149952e-02;3.140632e-02;6.385715e-02;8.227547e-02;9.816240e-02;1.076544e-01;1.018415e-01;6.615157e-02
1.610301e-01;8.243938e-02;8.838350e-02;5.513379e-02;4.125596e-02;3.289912e-02;8.607426e-02;8.903065e-02;9.262133e-02;1.269267e-01;9.906455e-02;4.514067e-02
1.610575e-01;8.456302e-02;1.865298e-01;4.469975e-02;5.142061e-02;5.900403e-02;6.573419e-02;7.634419e-02;3.930065e-02;1.008059e-01;8.424880e-02;4.629155e-02
1.888106e-01;7.279970e-02;2.860893e-01;4.046171e-02;4.793362e-02;4.560772e-02;5.341788e-02;6.130585e-02;4.035060e-02;5.469384e-02;5.674533e-02;5.178383e-02
2.424519e-01;7.944048e-02;2.871646e-01;2.204309e-02;3.694756e-02;2.543482e-02;7.183460e-02;6.474333e-02;3.061751e-02;3.973524e-02;4.343522e-02;5.615162e-02
3.213833e-01;1.074733e-01;2.060059e-01;2.431854e-02;2.581619e-02;2.067846e-02;5.246450e-02;7.710487e-02;3.483135e-02;2.770347e-02;4.781120e-02;5.440890e-02
3.906948e-01;1.554839e-01;1.616985e-01;1.602333e-02;2.884824e-02;1.073707e-02;2.456349e-02;8.585197e-02;2.629771e-02;1.363239e-02;4.509042e-02;4.107817e-02
4.549772e-01;1.839998e-01;1.214010e-01;5.681492e-03;2.934004e-02;4.342763e-03;1.251294e-02;9.082130e-02;1.202462e-02;9.098989e-03;4.114056e-02;3.465930e-02
4.556833e-01;1.811669e-01;1.196375e-01;7.897560e-03;2.205728e-02;8.545606e-03;2.249047e-02;1.014086e-01;1.090381e-02;1.363961e-02;2.888548e-02;2.768383e-02
4.375201e-01;1.622087e-01;1.392697e-01;1.249532e-02;1.664797e-02;1.086517e-02;2.359692e-02;1.175419e-01;2.047055e-02;9.260635e-03;1.635123e-02;3.377176e-02
4.479671e-01;1.132983e-01;1.125596e-01;1.501953e-02;1.367610e-02;1.308182e-02;4.608360e-02;1.477356e-01;9.315247e-03;9.875482e-03;1.842656e-02;5.296107e-02
4.272976e-01;7.372261e-02;8.305096e-02;1.525175e-02;1.594818e-02;1.090320e-02;8.609103e-02;1.669849e-01;1.125158e-02;1.703465e-02;2.042383e-02;7.203969e-02
3.251754e-01;8.613922e-02;1.045967e-01;1.460828e-02;1.029821e-02;1.161039e-02;1.495063e-01;1.413753e-01;1.524559e-02;2.596786e-02;3.095181e-02;8.452499e-02
2.288236e-01;8.558245e-02;8.985780e-02;1.406883e-02;1.313717e-02;3.351476e-02;2.183280e-01;1.164642e-01;2.572161e-02;3.827786e-02;6.017532e-02;7.604831e-02
1.510802e-01;7.900105e-02;6.734903e-02;1.486531e-02;1.875502e-02;6.647653e-02;2.390055e-01;9.478936e-02;4.615864e-02;5.684187e-02;1.101977e-01;5.547981e-02
1.368647e-01;6.663042e-02;9.152065e-02;1.823091e-02;2.813844e-02;7.606509e-02;1.462719e-01;6.607703e-02;6.371336e-02;1.093864e-01;1.246556e-01;7.244553e-02
1.122633e-01;5.272029e-02;1.177644e-01;3.709916e-02;2.956143e-02;8.276663e-02;7.230185e-02;7.970775e-02;6.618448e-02;1.424742e-01;1.405867e-01;6.656981e-02
1.320629e-01;4.247372e-02;1.070242e-01;5.162005e-02;4.563718e-02;8.096183e-02;6.926250e-02;7.085296e-02;6.417172e-02;1.386917e-01;1.397457e-01;5.749553e-02
1.725146e-01;3.444602e-02;1.178527e-01;4.370072e-02;4.092370e-02;5.786891e-02;9.440320e-02;4.690965e-02;9.218068e-02;1.163132e-01;1.155510e-01;6.733561e-02
1.895629e-01;8.058085e-02;2.275739e-01;3.316994e-02;2.720144e-02;2.549504e-02;5.801185e-02;1.074124e-01;1.134103e-01;4.015493e-02;6.408577e-02;3.334073e-02
1.965671e-01;9.106252e-02;2.268059e-01;3.194627e-02;2.961407e-02;2.533135e-02;6.467011e-02;1.412012e-01;1.075598e-01;1.478704e-02;4.255853e-02;2.789623e-02
1.762433e-01;5.638075e-02;1.263983e-01;3.138935e-02;3.276018e-02;2.275562e-02;1.574128e-01;1.836738e-01;9.616428e-02;2.213071e-02;4.301056e-02;5.168035e-02
1.246619e-01;2.212687e-02;6.281632e-02;4.587082e-02;2.520419e-02;2.055148e-02;2.865614e-01;1.722812e-01;7.460669e-02;2.979413e-02;4.751379e-02;8.801130e-02
9.815019e-02;1.204983e-02;4.107099e-02;6.840318e-02;1.067256e-02;3.612443e-02;3.641188e-01;9.929621e-02;4.252255e-02;4.891325e-02;5.883832e-02;1.198396e-01
1.283356e-01;9.766866e-03;4.745669e-02;7.746568e-02;1.691004e-02;2.923257e-02;3.497790e-01;1.144234e-01;2.219678e-02;5.195429e-02;4.298276e-02;1.094963e-01
1.603470e-01;1.693934e-02;6.502764e-02;6.389152e-02;1.611594e-02;1.600848e-02;2.680953e-01;1.848827e-01;3.349785e-02;5.718935e-02;3.953470e-02;7.847022e-02
1.792763e-01;2.204990e-02;8.122271e-02;3.894763e-02;2.319418e-02;2.005948e-02;1.863199e-01;2.674024e-01;3.892314e-02;3.958709e-02;3.449854e-02;6.851873e-02
1.695455e-01;3.780202e-02;1.095069e-01;2.362033e-02;4.589273e-02;1.996246e-02;1.589737e-01;3.032746e-01;1.874830e-02;2.760639e-02;3.874983e-02;4.631723e-02
1.176927e-01;3.791074e-02;1.101901e-01;3.021527e-02;5.738718e-02;1.884587e-02;1.728328e-01;2.447537e-01;5.404530e-02;3.591476e-02;5.537480e-02;6.483678e-02
1.359507e-01;5.756842e-02;1.317274e-01;2.935971e-02;4.904905e-02;2.872154e-02;1.660057e-01;1.289837e-01;5.978390e-02;4.100885e-02;8.813613e-02;8.370493e-02
2.163232e-01;7.268145e-02;1.788206e-01;1.453277e-02;3.158225e-02;2.483577e-02;1.215239e-01;3.132110e-02;5.502643e-02;5.802540e-02;1.145786e-01;8.074848e-02
1.898535e-01;5.798772e-02;1.888876e-01;1.897548e-02;1.931192e-02;2.663638e-02;1.092827e-01;6.594481e-02;3.023980e-02;6.360674e-02;1.486476e-01;8.062582e-02
1.101668e-01;4.564040e-02;2.431076e-01;3.276437e-02;3.231765e-02;1.951903e-02;1.035671e-01;7.710144e-02;3.958535e-02;1.028515e-01;1.394351e-01;5.394360e-02
1.027787e-01;3.539927e-02;1.578994e-01;2.955832e-02;4.831821e-02;1.915970e-02;1.025573e-01;7.602476e-02;6.272942e-02;1.663298e-01;1.255530e-01;7.369205e-02
1.014549e-01;3.704231e-02;1.160985e-01;3.753616e-02;5.321287e-02;2.983032e-02;8.051740e-02;1.147347e-01;6.312127e-02;1.443728e-01;1.403786e-01;8.170018e-02
7.192001e-02;5.948475e-02;6.928816e-02;3.250208e-02;4.117549e-02;3.632866e-02;9.288394e-02;1.388105e-01;7.953724e-02;1.518093e-01;1.343432e-01;9.191669e-02
1.063993e-01;7.527824e-02;1.092187e-01;5.700928e-02;6.604086e-02;6.255699e-02;7.597792e-02;7.346567e-02;6.923249e-02;1.035359e-01;9.374876e-02;1.075359e-01
1.102195e-01;9.773032e-02;9.592303e-02;6.152434e-02;7.630790e-02;7.739798e-02;8.793705e-02;7.670966e-02;1.037688e-01;6.188335e-02;5.309166e-02;9.750630e-02
9.151272e-02;1.084603e-01;7.689493e-02;5.916219e-02;7.659940e-02;7.388429e-02;9.899373e-02;7.745261e-02;1.154227e-01;7.576431e-02;5.343291e-02;9.241988e-02
6.319092e-02;9.342192e-02;8.379996e-02;5.730894e-02;6.657552e-02;7.701639e-02;1.058688e-01;9.700473e-02;9.833734e-02;1.074068e-01;7.019623e-02;7.987248e-02
7.854596e-02;6.350646e-02;2.548213e-01;2.612132e-02;5.833014e-02;5.299991e-02;1.011032e-01;1.108528e-01;1.137459e-01;4.313295e-02;5.537754e-02;4.146256e-02
1.092293e-01;7.747409e-02;2.956786e-01;4.980659e-02;4.720641e-02;2.883468e-02;1.150200e-01;8.459522e-02;8.412734e-02;3.727184e-02;3.800975e-02;3.274616e-02
1.309297e-01;6.565323e-02;2.127626e-01;6.278784e-02;3.468990e-02;3.143045e-02;1.698022e-01;9.560046e-02;6.038017e-02;4.379789e-02;4.100525e-02;5.116031e-02
1.131361e-01;3.738166e-02;8.950117e-02;7.411307e-02;1.776901e-02;2.620682e-02;2.946289e-01;9.509233e-02;5.164924e-02;4.033717e-02;6.875513e-02;9.142943e-02
3.564735e-02;1.588357e-02;4.279950e-02;5.839255e-02;1.990567e-02;6.041955e-02;4.004223e-01;3.015608e-02;3.881548e-02;5.661980e-02;1.105005e-01;1.304376e-01
8.224894e-02;2.178550e-02;4.692817e-02;4.500193e-02;1.865714e-02;5.811116e-02;3.718485e-01;5.353747e-02;1.779629e-02;5.130855e-02;9.522793e-02;1.375484e-01
1.198898e-01;2.565140e-02;6.192029e-02;5.448900e-02;1.183341e-02;2.372127e-02;3.594555e-01;8.905395e-02;1.561449e-02;3.773475e-02;5.751852e-02;1.431177e-01
1.059266e-01;2.151945e-02;5.707795e-02;4.607571e-02;1.313842e-02;1.705650e-02;3.755255e-01;8.901751e-02;1.636851e-02;4.093036e-02;6.674651e-02;1.506169e-01
8.434670e-02;2.636761e-02;6.680804e-02;3.603197e-02;2.266777e-02;3.924090e-02;3.443211e-01;6.523932e-02;2.650599e-02;5.325244e-02;9.564193e-02;1.395762e-01
1.110440e-01;3.518626e-02;1.724720e-01;3.347424e-02;2.913263e-02;3.917230e-02;2.531689e-01;3.479181e-02;3.801977e-02;5.471496e-02;9.489175e-02;1.039315e-01
7.868107e-02;3.301366e-02;2.113468e-01;3.007356e-02;2.734007e-02;2.148263e-02;1.912182e-01;7.999802e-02;4.691605e-02;6.801978e-02;1.214993e-01;9.041087e-02
4.626195e-02;3.078409e-02;1.407443e-01;2.228742e-02;2.529746e-02;3.861080e-02;1.395645e-01;7.493085e-02;7.712463e-02;1.364178e-01;1.744001e-01;9.357607e-02
5.397958e-02;2.082456e-02;1.078878e-01;1.506136e-02;3.216712e-02;5.499073e-02;1.337619e-01;3.802570e-02;1.121547e-01;1.784490e-01;1.760871e-01;7.661051e-02
3.948108e-02;1.384833e-02;7.736677e-02;4.381500e-02;4.241265e-02;5.350911e-02;1.485600e-01;3.450982e-02;1.308528e-01;1.898802e-01;1.564621e-01;6.930222e-02
7.305411e-02;4.563259e-02;2.746227e-02;5.986856e-02;4.509773e-02;5.201640e-02;1.444767e-01;8.389780e-02;1.277367e-01;1.550352e-01;1.360184e-01;4.970350e-02
1.118047e-01;6.552819e-02;6.630959e-02;5.286673e-02;6.571984e-02;5.946786e-02;1.234959e-01;1.046278e-01;1.271948e-01;9.910971e-02;8.185068e-02;4.202424e-02
1.022742e-01;7.999101e-02;1.059524e-01;4.050061e-02;6.624850e-02;7.053263e-02;1.351333e-01;8.583508e-02;1.255827e-01;1.007136e-01;3.900268e-02;4.823332e-02
1.064446e-01;9.635113e-02;1.051199e-01;4.371988e-02;4.341100e-02;7.996013e-02;1.298600e-01;6.994036e-02;1.140402e-01;1.002850e-01;4.657576e-02;6.429206e-02
7.868738e-02;1.027883e-01;7.889327e-02;6.573140e-02;4.833717e-02;1.000695e-01;9.295068e-02;9.540320e-02;1.095349e-01;9.995172e-02;6.326598e-02;6.438655e-02
4.492828e-02;8.904260e-02;7.400712e-02;6.341830e-02;6.888703e-02;1.059610e-01;1.103286e-01;1.069529e-01;1.574049e-01;7.675924e-02;5.786952e-02;4.444047e-02
7.488612e-02;7.604565e-02;6.786113e-02;5.111384e-02;7.563230e-02;5.468753e-02;1.071708e-01;1.217619e-01;1.671049e-01;1.030355e-01;5.045700e-02;5.024338e-02
6.343444e-02;8.342557e-02;6.621649e-02;8.897912e-02;6.756549e-02;8.406503e-02;6.993844e-02;1.247411e-01;1.064872e-01;1.261818e-01;5.598925e-02;6.297605e-02
3.962736e-02;8.624760e-02;1.013122e-01;8.232011e-02;5.637428e-02;9.395635e-02;8.329367e-02;1.123742e-01;1.074097e-01;1.044552e-01;5.007873e-02;8.255056e-02
5.583393e-02;8.267873e-02;1.036259e-01;5.281984e-02;4.189810e-02;7.419346e-02;7.025851e-02;1.493008e-01;1.435650e-01;8.791490e-02;5.124259e-02;8.666825e-02
5.878366e-02;6.806131e-02;6.535418e-02;3.353950e-02;5.912990e-02;8.002397e-02;8.079913e-02;1.769487e-01;1.265143e-01;1.264855e-01;4.479057e-02;7.956927e-02
7.352544e-02;7.909568e-02;8.245207e-02;2.606331e-02;6.648165e-02;1.109930e-01;8.082245e-02;1.181145e-01;1.284342e-01;1.306792e-01;2.947265e-02;7.386582e-02
1.036613e-01;9.529237e-02;9.508358e-02;4.735836e-02;6.940249e-02;1.007189e-01;1.003918e-01;8.961183e-02;1.388980e-01;7.444027e-02;2.141944e-02;6.372166e-02
1.131044e-01;1.411396e-01;8.952162e-02;6.404581e-02;7.323387e-02;6.949192e-02;8.967065e-02;6.008748e-02;1.393717e-01;7.094661e-02;2.431390e-02;6.507242e-02
1.073906e-01;1.150173e-01;1.299987e-01;8.439627e-02;7.234302e-02;4.895283e-02;9.739201e-02;7.991822e-02;9.895626e-02;6.701377e-02;3.566874e-02;6.295228e-02
7.644656e-02;1.117625e-01;3.074606e-01;8.152831e-02;7.648145e-02;4.643819e-02;1.209953e-01;3.385506e-02;3.829183e-02;4.859564e-02;2.889118e-02;2.925341e-02
1.080520e-01;1.268734e-01;3.696645e-01;7.023181e-02;6.439704e-02;3.379230e-02;1.066538e-01;3.027819e-02;2.637266e-02;2.567226e-02;1.812483e-02;1.988713e-02
1.918561e-01;1.365252e-01;3.281346e-01;6.183456e-02;5.220528e-02;1.928077e-02;7.437401e-02;4.816276e-02;2.796325e-02;1.775664e-02;1.482456e-02;2.708227e-02
3.155596e-01;1.097181e-01;2.188628e-01;4.831385e-02;3.908400e-02;1.240170e-02;6.466438e-02;9.119047e-02;2.429739e-02;1.607871e-02;1.412635e-02;4.570268e-02
4.302087e-01;4.940432e-02;1.184486e-01;2.654864e-02;3.424385e-02;1.358568e-02;7.512572e-02;1.498616e-01;1.306756e-02;1.360163e-02;1.194583e-02;6.395780e-02
4.597428e-01;7.343139e-02;1.076850e-01;9.089149e-03;2.872755e-02;1.216901e-02;4.563516e-02;1.666120e-01;9.629578e-03;1.377300e-02;1.249996e-02;6.100539e-02
4.762818e-01;8.766609e-02;9.265366e-02;9.564995e-03;2.592406e-02;7.788137e-03;2.917652e-02;1.663809e-01;1.869570e-02;1.372118e-02;1.443455e-02;5.771251e-02
4.860640e-01;9.810346e-02;9.798263e-02;9.867613e-03;2.535628e-02;6.943167e-03;2.423330e-02;1.607359e-01;1.349949e-02;8.637614e-03;1.397933e-02;5.459717e-02
5.082754e-01;1.058609e-01;7.560989e-02;4.902036e-03;2.281807e-02;4.746039e-03;2.757533e-02;1.580107e-01;1.010305e-02;8.204996e-03;1.585345e-02;5.804012e-02
4.829288e-01;1.168134e-01;9.304561e-02;9.881325e-03;2.884647e-02;5.838498e-03;2.845936e-02;1.541756e-01;8.685197e-03;1.227046e-02;9.273005e-03;4.978233e-02
4.458799e-01;1.103132e-01;1.072325e-01;1.329951e-02;3.232829e-02;8.263108e-03;3.723719e-02;1.617926e-01;9.446424e-03;1.715302e-02;1.275015e-02;4.430401e-02
4.544840e-01;7.921426e-02;9.300007e-02;1.149425e-02;3.777574e-02;8.103508e-03;3.598565e-02;1.829976e-01;2.137584e-02;1.558500e-02;1.393228e-02;4.605173e-02
4.450886e-01;1.050832e-01;1.052475e-01;7.428513e-03;3.747790e-02;6.169265e-03;1.830783e-02;1.742659e-01;2.741782e-02;1.158849e-02;1.721648e-02;4.470852e-02
4.022713e-01;1.212081e-01;1.301338e-01;1.083975e-02;3.374210e-02;6.609125e-03;3.533117e-02;1.534022e-01;2.070259e-02;1.096130e-02;2.345668e-02;5.134182e-02
3.249833e-01;1.193401e-01;9.749460e-02;1.890818e-02;3.711205e-02;1.048576e-02;9.239946e-02;1.472282e-01;1.176347e-02;2.722197e-02;4.314804e-02;6.991486e-02
1.407336e-01;8.942164e-02;1.565949e-01;2.683350e-02;4.178645e-02;1.548758e-02;1.526161e-01;1.216683e-01;3.541118e-02;5.217700e-02;7.223412e-02;9.503551e-02
1.245400e-01;3.242883e-02;1.927368e-01;2.094544e-02;3.452655e-02;2.167245e-02;1.469174e-01;7.480148e-02;4.162224e-02;6.961204e-02;1.106695e-01;1.295271e-01
1.637128e-01;3.934183e-02;5.207839e-02;2.393498e-02;2.669760e-02;2.913391e-02;1.333025e-01;5.484083e-02;3.050407e-02;9.278756e-02;1.845836e-01;1.690819e-01
1.004680e-01;2.785261e-02;5.807679e-02;2.283252e-02;3.367019e-02;3.422493e-02;1.380325e-01;6.087793e-02;3.440432e-02;1.166651e-01;2.278455e-01;1.450495e-01
3.276985e-02;3.299946e-02;4.293103e-02;1.452195e-02;2.750192e-02;5.760109e-02;1.194109e-01;5.589608e-02;4.576746e-02;1.584115e-01;2.827891e-01;1.293997e-01
8.207041e-02;3.870668e-02;5.850252e-02;1.681911e-02;2.395597e-02;6.054623e-02;7.143932e-02;4.979751e-02;4.926427e-02;1.687237e-01;2.762191e-01;1.039552e-01
8.545016e-02;4.776680e-02;7.190739e-02;1.888036e-02;3.430453e-02;5.443944e-02;2.011688e-02;6.484315e-02;6.122016e-02;1.891047e-01;2.792515e-01;7.271490e-02
1.963707e-01;5.629041e-02;7.957010e-02;1.537256e-02;1.505261e-02;4.115181e-02;8.892802e-02;5.809460e-02;5.619272e-02;1.247811e-01;1.649374e-01;1.032579e-01
2.588297e-01;6.663768e-02;1.387714e-01;1.262312e-02;1.698930e-02;2.801921e-02;1.364928e-01;3.094396e-02;3.664891e-02;6.527645e-02;9.596045e-02;1.128070e-01
2.436675e-01;6.754591e-02;1.668398e-01;1.378688e-02;1.097813e-02;1.176470e-02;1.644186e-01;5.339621e-02;2.167295e-02;5.094294e-02;8.120985e-02;1.137766e-01
1.800866e-01;4.335364e-02;1.224296e-01;1.314197e-02;1.579165e-02;2.307686e-02;1.999681e-01;8.219919e-02;3.100539e-02;6.917065e-02;1.060694e-01;1.137069e-01
1.577155e-01;5.229821e-02;7.966610e-02;1.241575e-02;2.202894e-02;3.855166e-02;2.028243e-01;7.876338e-02;2.434424e-02;7.894550e-02;1.310304e-01;1.214160e-01
1.825887e-01;6.209655e-02;1.900659e-01;1.179198e-02;2.238641e-02;4.208919e-02;1.474001e-01;6.378248e-02;2.838835e-02;5.554129e-02;9.933571e-02;9.453333e-02
1.484724e-01;4.461037e-02;2.601937e-01;3.109162e-02;2.882351e-02;4.241126e-02;1.149961e-01;6.944271e-02;4.941393e-02;5.174631e-02;8.450935e-02;7.428866e-02
6.507315e-02;4.233163e-02;2.025826e-01;5.815183e-02;4.024707e-02;3.509706e-02;1.681262e-01;8.386093e-02;6.020624e-02;6.418868e-02;1.175224e-01;6.261219e-02
4.190063e-02;3.383142e-02;1.108657e-01;7.624295e-02;4.103845e-02;4.642312e-02;1.779038e-01;1.120207e-01;8.127264e-02;8.593130e-02;1.375035e-01;5.506586e-02
5.805392e-02;3.614135e-02;8.111037e-02;5.247693e-02;4.282705e-02;6.230279e-02;1.324144e-01;9.626437e-02;1.077427e-01;1.186367e-01;1.593798e-01;5.264957e-02
6.139757e-02;3.295068e-02;5.598705e-02;4.348719e-02;4.723797e-02;7.956491e-02;9.118924e-02;6.367025e-02;9.728931e-02;1.697775e-01;1.925696e-01;6.487873e-02
6.216770e-02;2.319845e-02;1.045264e-01;3.285946e-02;6.263606e-02;8.654699e-02;8.885758e-02;6.404880e-02;8.516388e-02;1.497663e-01;1.732505e-01;6.697788e-02
5.883546e-02;2.104742e-02;1.456713e-01;2.462402e-02;6.008897e-02;8.472749e-02;1.326869e-01;6.658614e-02;7.899631e-02;1.248202e-01;1.404780e-01;6.143786e-02
6.336338e-02;3.157207e-02;1.109368e-01;2.913819e-02;8.339680e-02;7.793567e-02;1.755444e-01;8.548167e-02;6.687884e-02;9.628525e-02;1.130251e-01;6.644177e-02
3.576354e-02;8.615591e-02;1.338597e-01;6.496096e-02;7.571778e-02;5.525054e-02;1.504599e-01;9.464406e-02;1.069269e-01;9.189879e-02;6.849509e-02;3.586682e-02
6.253461e-02;1.016105e-01;1.387106e-01;7.879502e-02;4.168317e-02;5.526574e-02;1.397420e-01;6.006271e-02;9.294692e-02;8.666041e-02;7.542751e-02;6.656078e-02
1.121187e-01;7.731688e-02;1.397992e-01;5.639639e-02;4.485145e-02;7.368486e-02;1.168685e-01;7.186689e-02;5.663793e-02;9.409224e-02;7.670754e-02;7.965933e-02
1.285443e-01;4.445224e-02;1.321317e-01;3.629513e-02;5.429039e-02;1.020890e-01;8.654626e-02;8.184646e-02;7.129525e-02;8.653405e-02;9.284282e-02;8.313235e-02
1.047587e-01;4.405610e-02;1.064740e-01;7.192989e-02;5.451142e-02;9.088206e-02;1.245191e-01;6.061422e-02;1.077064e-01;7.300409e-02;9.999319e-02;6.155086e-02
9.732465e-02;7.155024e-02;1.263858e-01;8.835009e-02;7.620879e-02;5.963862e-02;1.331506e-01;4.822819e-02;9.830768e-02;6.341467e-02;7.595669e-02;6.148387e-02
9.551381e-02;8.226222e-02;1.106882e-01;8.649661e-02;6.995453e-02;6.104165e-02;1.386764e-01;7.767273e-02;9.927566e-02;6.984833e-02;6.567326e-02;4.289652e-02
7.818141e-02;6.262281e-02;1.435808e-01;8.867505e-02;7.577682e-02;7.166227e-02;1.247484e-01;8.348882e-02;8.074331e-02;7.616922e-02;6.779234e-02;4.655867e-02
8.543175e-02;6.114073e-02;1.503156e-01;5.160965e-02;6.980626e-02;7.988473e-02;1.055762e-01;7.793498e-02;9.190378e-02;9.509938e-02;5.522957e-02;7.606730e-02
