1.070542e-01;8.490464e-02;1.767101e-01;4.222622e-02;5.796868e-02;5.363952e-02;1.950905e-01;6.464742e-02;4.314415e-02;5.596887e-02;6.922065e-02;4.942503e-02
1.533593e-01;7.125866e-02;1.972885e-01;2.588130e-02;5.543512e-02;5.980249e-02;1.493718e-01;5.730120e-02;3.904321e-02;4.547837e-02;8.977091e-02;5.600912e-02
1.587234e-01;9.573884e-02;2.311979e-01;5.701476e-02;5.349560e-02;4.280801e-02;1.001036e-01;3.591835e-02;3.221864e-02;4.597797e-02;7.567974e-02;7.112311e-02
1.609302e-01;6.831862e-02;1.403897e-01;1.025089e-01;5.695792e-02;3.744596e-02;1.983401e-01;3.334080e-02;2.072755e-02;3.335310e-02;6.844894e-02;7.923818e-02
2.027201e-01;6.951956e-02;7.431884e-02;1.032676e-01;6.710286e-02;3.293037e-02;2.093087e-01;6.689445e-02;2.395717e-02;4.459316e-02;4.516575e-02;6.022154e-02
2.371712e-01;4.972509e-02;7.440300e-02;8.295969e-02;8.794548e-02;3.775931e-02;1.751090e-01;8.785027e-02;3.080587e-02;3.752474e-02;3.721681e-02;6.152957e-02
2.461770e-01;5.699767e-02;6.993289e-02;8.243942e-02;1.005345e-01;4.351027e-02;1.624370e-01;8.624868e-02;2.068600e-02;2.504948e-02;4.545231e-02;6.053480e-02
2.131206e-01;7.294270e-02;6.759568e-02;7.601915e-02;9.256044e-02;5.063620e-02;1.891508e-01;8.402315e-02;2.515465e-02;3.061864e-02;5.271325e-02;4.546474e-02
1.014425e-01;7.404043e-02;9.053255e-02;7.880496e-02;7.964914e-02;6.023224e-02;2.169248e-01;7.697370e-02;2.452891e-02;5.195451e-02;8.223077e-02;6.268543e-02
3.914435e-02;5.383588e-02;1.077205e-01;8.671685e-02;6.525599e-02;5.607275e-02;2.219808e-01;7.711735e-02;5.538278e-02;5.536381e-02;1.017725e-01;7.963645e-02
7.990930e-02;4.048042e-02;8.670537e-02;1.004044e-01;5.419934e-02;6.284168e-02;2.097230e-01;6.756566e-02;7.800797e-02;4.862219e-02;8.868621e-02;8.285442e-02
7.288600e-02;3.982460e-02;1.231029e-01;1.006487e-01;6.818822e-02;7.626821e-02;1.346586e-01;1.010448e-01;7.671005e-02;6.222424e-02;1.036993e-01;4.074434e-02
9.610205e-02;5.147919e-02;1.283094e-01;8.618943e-02;3.835659e-02;6.959075e-02;1.178668e-01;8.293071e-02;7.271568e-02;7.247042e-02;9.676087e-02;8.722821e-02
1.121480e-01;5.452222e-02;1.401855e-01;7.547989e-02;4.314925e-02;4.833154e-02;1.001064e-01;6.562845e-02;8.324589e-02;7.549573e-02;8.230458e-02;1.194025e-01
9.938908e-02;3.776952e-02;1.041443e-01;6.755240e-02;6.841768e-02;6.221213e-02;1.176263e-01;8.399463e-02;1.151272e-01;6.356484e-02;7.039704e-02;1.098049e-01
1.080699e-01;4.251940e-02;5.553230e-02;8.556616e-02;8.784745e-02;8.768100e-02;1.518599e-01;7.212560e-02;6.169091e-02;7.693585e-02;7.582977e-02;9.434169e-02
1.048617e-01;7.518204e-02;1.045973e-01;9.776992e-02;8.558683e-02;5.457896e-02;1.257949e-01;5.973494e-02;6.595127e-02;7.037206e-02;8.029532e-02;7.527475e-02
9.068874e-02;1.199805e-01;1.098573e-01;9.439810e-02;6.583406e-02;4.701967e-02;1.197447e-01;7.094780e-02;8.234092e-02;8.988550e-02;6.674159e-02;4.256115e-02
5.482612e-02;8.831849e-02;9.721827e-02;8.557278e-02;7.385375e-02;6.690005e-02;1.299408e-01;8.534852e-02;1.086134e-01;1.232126e-01;3.254074e-02;5.365444e-02
6.698458e-02;5.994044e-02;1.189280e-01;7.657701e-02;8.893570e-02;8.281355e-02;1.414149e-01;7.779159e-02;6.611996e-02;9.729765e-02;6.619811e-02;5.699850e-02
1.805099e-01;1.150305e-01;1.549297e-01;4.106256e-02;5.907813e-02;7.258671e-02;1.360597e-01;3.636337e-02;5.234808e-02;4.764189e-02;4.553711e-02;5.885226e-02
1.691209e-01;1.320971e-01;1.669779e-01;4.171310e-02;4.730649e-02;7.737213e-02;1.311972e-01;3.182238e-02;6.001883e-02;4.390808e-02;3.744948e-02;6.101638e-02
1.235150e-01;1.578322e-01;2.074562e-01;4.263710e-02;4.115601e-02;8.981353e-02;9.980851e-02;2.874560e-02;7.142460e-02;3.828533e-02;3.240970e-02;6.691616e-02
4.955529e-02;1.929740e-01;2.567826e-01;4.788367e-02;3.744421e-02;9.603577e-02;5.489332e-02;2.784172e-02;8.654819e-02;4.460497e-02;3.352996e-02;7.190634e-02
1.147570e-01;2.037660e-01;2.244090e-01;4.915128e-02;3.611507e-02;6.549867e-02;4.547712e-02;2.177151e-02;9.485865e-02;4.254869e-02;3.714854e-02;6.449837e-02
1.680312e-01;1.879514e-01;2.032635e-01;5.145782e-02;3.860695e-02;3.429915e-02;5.727618e-02;4.191994e-02;9.049257e-02;4.741140e-02;3.074209e-02;4.854776e-02
2.068503e-01;1.364144e-01;1.640230e-01;5.088940e-02;5.426030e-02;3.095376e-02;9.550542e-02;7.797467e-02;7.452163e-02;3.592657e-02;2.255731e-02;5.012324e-02
2.305842e-01;6.118172e-02;9.667145e-02;5.346501e-02;7.920804e-02;5.496423e-02;1.402313e-01;1.094226e-01;4.789876e-02;3.562596e-02;2.810833e-02;6.263845e-02
2.502427e-01;7.991963e-02;5.786749e-02;5.968059e-02;6.983054e-02;7.274594e-02;1.617592e-01;7.853946e-02;2.463985e-02;4.506441e-02;4.634678e-02;5.336337e-02
2.874942e-01;9.722455e-02;8.419576e-02;4.752504e-02;9.868801e-02;7.458367e-02;9.973396e-02;6.671010e-02;2.330387e-02;4.249113e-02;3.509738e-02;4.295232e-02
3.057917e-01;8.034877e-02;8.458480e-02;4.185228e-02;1.378029e-01;5.405256e-02;7.055122e-02;8.422128e-02;5.961021e-02;2.559246e-02;3.014718e-02;2.544453e-02
1.696109e-01;1.549684e-01;1.483237e-01;6.237066e-02;9.098974e-02;6.525005e-02;6.432442e-02;6.439204e-02;9.872750e-02;4.253753e-02;1.772431e-02;2.078073e-02
8.654427e-02;1.780131e-01;2.076362e-01;5.743136e-02;4.180457e-02;8.263254e-02;4.955949e-02;5.439510e-02;1.251906e-01;4.625288e-02;4.158986e-02;2.895001e-02
8.158591e-02;1.706258e-01;1.841814e-01;6.019649e-02;3.862830e-02;9.538569e-02;6.219321e-02;4.818781e-02;1.302012e-01;3.199321e-02;6.543127e-02;3.138970e-02
8.825638e-02;1.586967e-01;1.223477e-01;5.337377e-02;6.800926e-02;1.121866e-01;6.456469e-02;4.472541e-02;1.280535e-01;3.805386e-02;8.611088e-02;3.562126e-02
1.053135e-01;1.420387e-01;6.392703e-02;4.527827e-02;9.065629e-02;1.268312e-01;4.590481e-02;4.950792e-02;1.339558e-01;6.183543e-02;9.470421e-02;4.004677e-02
1.249888e-01;1.280855e-01;6.224734e-02;4.722325e-02;1.018436e-01;1.263061e-01;5.503836e-02;3.752822e-02;1.246795e-01;6.691570e-02;8.837242e-02;3.677120e-02
1.655177e-01;1.279035e-01;6.148481e-02;5.217420e-02;1.035082e-01;1.044747e-01;6.167658e-02;4.623881e-02;1.001186e-01;6.595118e-02;8.528325e-02;2.566841e-02
2.138353e-01;1.242457e-01;7.629498e-02;3.490730e-02;9.321883e-02;6.345072e-02;8.186581e-02;5.309583e-02;8.689906e-02;5.850941e-02;8.842634e-02;2.525074e-02
2.419038e-01;1.155736e-01;7.846426e-02;4.213918e-02;6.415588e-02;5.023358e-02;9.278295e-02;5.444704e-02;8.182034e-02;5.071926e-02;9.137359e-02;3.638657e-02
2.458794e-01;1.093515e-01;8.272453e-02;3.607005e-02;3.967581e-02;5.681991e-02;1.050617e-01;5.867229e-02;6.945038e-02;4.739103e-02;9.410031e-02;5.480308e-02
2.209109e-01;8.768930e-02;1.106633e-01;3.663205e-02;4.763434e-02;6.382900e-02;1.015883e-01;5.024602e-02;6.641630e-02;5.682117e-02;9.725288e-02;6.031644e-02
1.979205e-01;4.919437e-02;9.687517e-02;5.740877e-02;9.315673e-02;9.028225e-02;7.909476e-02;3.844643e-02;8.347818e-02;8.633069e-02;8.382053e-02;4.399159e-02
1.682789e-01;7.113013e-02;1.276013e-01;7.395832e-02;9.192183e-02;9.611870e-02;8.592986e-02;5.042467e-02;7.557575e-02;7.724713e-02;3.914490e-02;4.266858e-02
1.313290e-01;8.839290e-02;6.059126e-02;7.223368e-02;7.074784e-02;6.627568e-02;1.247044e-01;5.635704e-02;8.076517e-02;8.275121e-02;1.040035e-01;6.184838e-02
6.855518e-02;5.001513e-02;1.114210e-01;7.336717e-02;4.566907e-02;4.970727e-02;1.479338e-01;7.132138e-02;9.012810e-02;7.273261e-02;1.350018e-01;8.414751e-02
1.382000e-01;8.564786e-02;1.392180e-01;5.227984e-02;6.317896e-02;5.508891e-02;8.393586e-02;5.924539e-02;8.579282e-02;5.585952e-02;9.631738e-02;8.523540e-02
1.922758e-01;1.260798e-01;1.176748e-01;5.131415e-02;6.128887e-02;6.153864e-02;9.060083e-02;3.292394e-02;9.368624e-02;5.084170e-02;6.260554e-02;5.916959e-02
1.857579e-01;1.298685e-01;1.623652e-01;5.377833e-02;4.529063e-02;5.965144e-02;7.965934e-02;4.182317e-02;9.316097e-02;4.659139e-02;5.078169e-02;5.127142e-02
1.651026e-01;1.149496e-01;1.778491e-01;4.758493e-02;3.894391e-02;6.600792e-02;1.008339e-01;5.233341e-02;9.165242e-02;5.989774e-02;4.296651e-02;4.187791e-02
1.672439e-01;8.198261e-02;1.555956e-01;5.736700e-02;4.660653e-02;6.193050e-02;1.030018e-01;7.063661e-02;8.947124e-02;8.726075e-02;4.440046e-02;3.450303e-02
2.431606e-01;7.995579e-02;9.891143e-02;5.138956e-02;7.266369e-02;6.102515e-02;8.888954e-02;9.868705e-02;7.936325e-02;7.895195e-02;1.610459e-02;3.089738e-02
2.492820e-01;8.528458e-02;9.589685e-02;3.911074e-02;6.666525e-02;7.073134e-02;1.198319e-01;9.329482e-02;4.587348e-02;6.848456e-02;3.379125e-02;3.175330e-02
2.560418e-01;1.217910e-01;8.386397e-02;2.599904e-02;4.701868e-02;6.371117e-02;1.133254e-01;7.478907e-02;6.067227e-02;6.686291e-02;6.137041e-02;2.455432e-02
2.534510e-01;1.553808e-01;7.371960e-02;1.901243e-02;5.145408e-02;5.764381e-02;1.191534e-01;5.368038e-02;5.725936e-02;5.691884e-02;8.059929e-02;2.172698e-02
2.598046e-01;1.587450e-01;8.902412e-02;1.493964e-02;4.680466e-02;4.443740e-02;1.201646e-01;5.868248e-02;4.931545e-02;4.941182e-02;8.352162e-02;2.514854e-02
2.890482e-01;1.348704e-01;9.523776e-02;9.735352e-03;4.250929e-02;3.177540e-02;1.175485e-01;7.156631e-02;4.557904e-02;3.796213e-02;8.608177e-02;3.808597e-02
2.951218e-01;8.048778e-02;9.421623e-02;1.372725e-02;4.257492e-02;2.882662e-02;1.565588e-01;8.406775e-02;4.162858e-02;2.399370e-02;8.458668e-02;5.420991e-02
2.614104e-01;4.435635e-02;6.889224e-02;2.926863e-02;4.026275e-02;4.062742e-02;2.099701e-01;8.913677e-02;4.103786e-02;4.456468e-02;6.617906e-02;6.429381e-02
1.807303e-01;4.686295e-02;7.578949e-02;5.226187e-02;4.460542e-02;5.464754e-02;2.664905e-01;8.056621e-02;3.426778e-02;4.976624e-02;5.384346e-02;6.016823e-02
8.909486e-02;3.562868e-02;6.615309e-02;7.698880e-02;4.447315e-02;4.929334e-02;3.474039e-01;6.027600e-02;3.395437e-02;7.133865e-02;7.035560e-02;5.503949e-02
2.410188e-02;4.708053e-02;5.240760e-02;9.004329e-02;3.500655e-02;4.430191e-02;3.913089e-01;4.693547e-02;3.897464e-02;9.910842e-02;6.986861e-02;6.086211e-02
1.207701e-01;7.389966e-02;4.806484e-02;8.401237e-02;4.477072e-02;3.929452e-02;3.266897e-01;5.523029e-02;2.668527e-02;9.229272e-02;4.147189e-02;4.681792e-02
2.074164e-01;6.020276e-02;6.204995e-02;6.472956e-02;5.873595e-02;3.592900e-02;2.432915e-01;5.834140e-02;5.469219e-02;7.503071e-02;4.424412e-02;3.533655e-02
2.176820e-01;7.342929e-02;1.367913e-01;3.840041e-02;5.813801e-02;4.262273e-02;1.437714e-01;6.143036e-02;6.604052e-02;6.690671e-02;7.395576e-02;2.083149e-02
2.198943e-01;1.463693e-01;1.244792e-01;2.048376e-02;4.370588e-02;5.526913e-02;1.033916e-01;5.792866e-02;5.271638e-02;6.150214e-02;8.672449e-02;2.753515e-02
2.255234e-01;1.907207e-01;8.914185e-02;1.411580e-02;3.599791e-02;5.306713e-02;1.219236e-01;5.443791e-02;4.583971e-02;5.031214e-02;9.828832e-02;2.063142e-02
2.182185e-01;2.113583e-01;1.011313e-01;1.045217e-02;3.203934e-02;4.419470e-02;1.206863e-01;5.353384e-02;4.843524e-02;3.954323e-02;1.022523e-01;1.815472e-02
2.369652e-01;2.162687e-01;9.055468e-02;1.298097e-02;3.655046e-02;4.011310e-02;9.718966e-02;5.223351e-02;5.395835e-02;2.653573e-02;1.161218e-01;2.052785e-02
2.684249e-01;1.838742e-01;7.371766e-02;1.211991e-02;4.409321e-02;4.402449e-02;8.036113e-02;5.855225e-02;5.360149e-02;2.413860e-02;1.232641e-01;3.382793e-02
2.699794e-01;1.278894e-01;8.009230e-02;2.449148e-02;4.754973e-02;4.621863e-02;9.562428e-02;7.327998e-02;5.196265e-02;2.562225e-02;1.123704e-01;4.491946e-02
2.455413e-01;7.946357e-02;6.634266e-02;3.665111e-02;4.309328e-02;4.827412e-02;1.469103e-01;8.203293e-02;4.167323e-02;4.336758e-02;1.049519e-01;6.169803e-02
1.721750e-01;5.802617e-02;6.663608e-02;5.405767e-02;4.308007e-02;4.886368e-02;2.086036e-01;6.971074e-02;2.652234e-02;5.222378e-02;1.208243e-01;7.927659e-02
2.063580e-01;9.621806e-02;1.283350e-01;3.038133e-02;5.344232e-02;5.441097e-02;1.119756e-01;7.621185e-02;3.923730e-02;4.615553e-02;1.108709e-01;4.640308e-02
2.159865e-01;1.446253e-01;1.366372e-01;2.523871e-02;6.159316e-02;5.805600e-02;5.696548e-02;8.073516e-02;4.952548e-02;2.953999e-02;1.096252e-01;3.147180e-02
2.079850e-01;1.371780e-01;1.123872e-01;3.358659e-02;8.238558e-02;7.427717e-02;6.282580e-02;7.842526e-02;4.318729e-02;2.368166e-02;1.135297e-01;3.055074e-02
2.260807e-01;1.062508e-01;7.576686e-02;3.714991e-02;1.126498e-01;8.962195e-02;4.970374e-02;7.762375e-02;4.094052e-02;1.642015e-02;1.282224e-01;3.956937e-02
2.288298e-01;6.890237e-02;7.450069e-02;4.764261e-02;1.275391e-01;7.490177e-02;5.061148e-02;8.631342e-02;3.498227e-02;2.655275e-02;1.227808e-01;5.644298e-02
2.329510e-01;4.414503e-02;8.038320e-02;7.928533e-02;1.202051e-01;4.814655e-02;5.999072e-02;9.728376e-02;2.507361e-02;3.278592e-02;9.615873e-02;8.359099e-02
2.426830e-01;4.691511e-02;8.412966e-02;8.744203e-02;9.765775e-02;4.089017e-02;9.124459e-02;9.567247e-02;2.424273e-02;3.852073e-02;6.510012e-02;8.550155e-02
2.431162e-01;5.098385e-02;8.579917e-02;9.005630e-02;7.975325e-02;3.753129e-02;1.330589e-01;8.179382e-02;2.551239e-02;4.372276e-02;5.772068e-02;7.095134e-02
2.209302e-01;4.801083e-02;9.052165e-02;1.206499e-01;6.137136e-02;4.508295e-02;1.619388e-01;6.310858e-02;2.357363e-02;4.740397e-02;6.390776e-02;5.350031e-02
1.788952e-01;6.196927e-02;8.685596e-02;1.290350e-01;6.089216e-02;5.035983e-02;1.604290e-01;6.791616e-02;1.936432e-02;5.943440e-02;7.584996e-02;4.899872e-02
1.587376e-01;1.041602e-01;1.196172e-01;8.376021e-02;7.465751e-02;5.795426e-02;9.896710e-02;8.376942e-02;3.386736e-02;5.935057e-02;7.339002e-02;5.176862e-02
1.300641e-01;1.143123e-01;8.727420e-02;5.269131e-02;7.872817e-02;6.840209e-02;6.277379e-02;1.143901e-01;5.714951e-02;5.981065e-02;7.804872e-02;9.635510e-02
8.122250e-02;8.479222e-02;6.922429e-02;6.638301e-02;8.371055e-02;9.533518e-02;5.360902e-02;1.468412e-01;8.560684e-02;6.499211e-02;6.024410e-02;1.080390e-01
1.075702e-01;7.018833e-02;9.673260e-02;9.520021e-02;9.691003e-02;1.050405e-01;7.814363e-02;1.051054e-01;5.787062e-02;6.113584e-02;4.767105e-02;7.843149e-02
1.179869e-01;6.913172e-02;8.973339e-02;1.060797e-01;7.562135e-02;9.525204e-02;1.389183e-01;7.719699e-02;4.761451e-02;6.975901e-02;5.855588e-02;5.415014e-02
1.059102e-01;6.517795e-02;8.230268e-02;9.153318e-02;9.338494e-02;1.066040e-01;1.476786e-01;7.790713e-02;5.768440e-02;8.895402e-02;5.406262e-02;2.880031e-02
7.981031e-02;8.294854e-02;1.222554e-01;6.450828e-02;7.752303e-02;9.398293e-02;1.470985e-01;7.289281e-02;8.295684e-02;9.880149e-02;5.015182e-02;2.707011e-02
1.143579e-01;8.621398e-02;1.567521e-01;6.541375e-02;7.375138e-02;7.022743e-02;8.304322e-02;8.481934e-02;8.703380e-02;6.305321e-02;7.988599e-02;3.544785e-02
1.450579e-01;8.856788e-02;1.551488e-01;4.043375e-02;8.623138e-02;7.544869e-02;7.490328e-02;1.018340e-01;8.342893e-02;3.222255e-02;8.360382e-02;3.311903e-02
1.569045e-01;5.674067e-02;1.085884e-01;4.550009e-02;9.153716e-02;8.581436e-02;1.063884e-01;1.188642e-01;7.226323e-02;5.649412e-02;7.407308e-02;2.683179e-02
1.402919e-01;2.752266e-02;4.218040e-02;9.560767e-02;8.687803e-02;8.902492e-02;1.614022e-01;1.288990e-01;6.349201e-02;8.353753e-02;5.041322e-02;3.075038e-02
1.028566e-01;3.956983e-02;8.195283e-02;1.333538e-01;6.987503e-02;8.065743e-02;1.922894e-01;1.030609e-01;4.190854e-02;9.047528e-02;2.207812e-02;4.192220e-02
5.470927e-02;6.755158e-02;1.296710e-01;1.505550e-01;6.155764e-02;6.269495e-02;1.966378e-01;6.854649e-02;3.281203e-02;8.414353e-02;2.700656e-02;6.411414e-02
3.692796e-02;8.341390e-02;1.254083e-01;1.549524e-01;3.647988e-02;3.617042e-02;2.461674e-01;4.075881e-02;1.898436e-02;8.330247e-02;3.799367e-02;9.944038e-02
1.007888e-01;9.221435e-02;5.965970e-02;1.428872e-01;1.545430e-02;2.512714e-02;2.832268e-01;1.366957e-02;2.611181e-02;7.542239e-02;3.558831e-02;1.298496e-01
1.323117e-01;1.086353e-01;4.986911e-02;1.388339e-01;1.957316e-02;2.332360e-02;2.510134e-01;2.672690e-02;3.085650e-02;6.593610e-02;2.450048e-02;1.284199e-01
1.179622e-01;1.006581e-01;6.709146e-02;1.630276e-01;3.264623e-02;1.741209e-02;2.308297e-01;1.684482e-02;3.668641e-02;7.006852e-02;2.865323e-02;1.181196e-01
8.544031e-02;9.481350e-02;6.140148e-02;1.776980e-01;5.574085e-02;3.667334e-02;2.228578e-01;2.661525e-02;4.437079e-02;6.661617e-02;2.548915e-02;1.022833e-01
5.789242e-02;7.645469e-02;1.022841e-01;1.709919e-01;5.041989e-02;5.734060e-02;2.243486e-01;3.944164e-02;4.989302e-02;4.881847e-02;2.672407e-02;9.539069e-02
4.582979e-02;6.518506e-02;1.267491e-01;1.613654e-01;3.628233e-02;6.058677e-02;2.451537e-01;4.651578e-02;4.685685e-02;4.193388e-02;2.388444e-02;9.965695e-02
2.938512e-02;6.382798e-02;1.626435e-01;1.298596e-01;2.456935e-02;7.132439e-02;2.468588e-01;3.866342e-02;6.419539e-02;4.448188e-02;3.243364e-02;9.175696e-02
3.350600e-02;6.243015e-02;2.031626e-01;8.712265e-02;5.349355e-02;5.235025e-02;2.133110e-01;3.810132e-02;9.656033e-02;5.879609e-02;3.509165e-02;6.607434e-02
6.097484e-02;6.605168e-02;2.160504e-01;4.251019e-02;8.039830e-02;7.691182e-02;1.494447e-01;6.007849e-02;9.960198e-02;6.750495e-02;5.060601e-02;2.986667e-02
7.746543e-02;4.806803e-02;1.907224e-01;6.801391e-02;5.917697e-02;8.740910e-02;1.464477e-01;7.108320e-02;5.096855e-02;8.187538e-02;7.580721e-02;4.296219e-02
8.928186e-02;4.927475e-02;1.326670e-01;9.307169e-02;7.027407e-02;6.028990e-02;1.411338e-01;7.549168e-02;6.202376e-02;6.901485e-02;8.855984e-02;6.891686e-02
1.043592e-01;5.263912e-02;1.495319e-01;1.053672e-01;6.827109e-02;5.240875e-02;1.355247e-01;4.954360e-02;2.752278e-02;6.171440e-02;8.583305e-02;1.072842e-01
8.352485e-02;4.670952e-02;1.806294e-01;1.691916e-01;7.880616e-02;3.669372e-02;1.299910e-01;3.091799e-02;2.172982e-02;4.069571e-02;5.756334e-02;1.235469e-01
7.992917e-02;3.595429e-02;1.382261e-01;2.031684e-01;6.482931e-02;5.045015e-02;1.715695e-01;3.288734e-02;3.459105e-02;4.761347e-02;4.089953e-02;9.988173e-02
7.889086e-02;3.994728e-02;1.052595e-01;1.970924e-01;5.145270e-02;4.911986e-02;1.730580e-01;4.491319e-02;6.718943e-02;8.039785e-02;5.205277e-02;6.062612e-02
8.596525e-02;4.527873e-02;1.249712e-01;1.959337e-01;5.564835e-02;5.892627e-02;1.232207e-01;3.899541e-02;6.444225e-02;8.166564e-02;7.028165e-02;5.467088e-02
1.261100e-01;7.410119e-02;1.355318e-01;9.169214e-02;4.400597e-02;5.624485e-02;9.275586e-02;6.175062e-02;6.014957e-02;6.940453e-02;9.749065e-02;9.076293e-02
1.356598e-01;1.031773e-01;1.191087e-01;5.173943e-02;4.261202e-02;4.190550e-02;7.928169e-02;6.125194e-02;8.311016e-02;7.741238e-02;1.090836e-01;9.565748e-02
1.410169e-01;9.672980e-02;1.173991e-01;6.215139e-02;4.093177e-02;3.750839e-02;6.933164e-02;5.560732e-02;8.934135e-02;8.030275e-02;1.217494e-01;8.793027e-02
1.012016e-01;6.897437e-02;1.433290e-01;7.472689e-02;4.381587e-02;4.699569e-02;6.058112e-02;6.667332e-02;1.083604e-01;9.361011e-02;1.406481e-01;5.108356e-02
9.939642e-02;1.673383e-01;1.292355e-01;6.812832e-02;3.753174e-02;4.064099e-02;9.951014e-02;6.391022e-02;8.940265e-02;7.654522e-02;9.488055e-02;3.348000e-02
1.316405e-01;2.044819e-01;1.308292e-01;7.034046e-02;4.295484e-02;3.403699e-02;1.065828e-01;5.314428e-02;6.119804e-02;5.878923e-02;8.526014e-02;2.074167e-02
9.400045e-02;1.031135e-01;2.265699e-01;5.304963e-02;4.845605e-02;4.938438e-02;1.183958e-01;3.209424e-02;6.276500e-02;7.064303e-02;6.708696e-02;7.444099e-02
1.109756e-01;1.312907e-01;2.339502e-01;6.496915e-02;3.962416e-02;5.046475e-02;6.278447e-02;3.804552e-02;6.818818e-02;7.465786e-02;4.363285e-02;8.141657e-02
1.781455e-01;1.553199e-01;1.489899e-01;8.753368e-02;3.785572e-02;3.840278e-02;7.795875e-02;4.230935e-02;5.482960e-02;4.696051e-02;7.515587e-02;5.653846e-02
2.184440e-01;1.897021e-01;9.337745e-02;1.148929e-01;3.381731e-02;4.774678e-02;6.676596e-02;4.066680e-02;4.955608e-02;2.852740e-02;9.951881e-02;1.698434e-02
1.819197e-01;1.994493e-01;1.108462e-01;1.007985e-01;4.163184e-02;6.994049e-02;5.554420e-02;2.999402e-02;5.935595e-02;3.479089e-02;9.182074e-02;2.390809e-02
1.681529e-01;2.033086e-01;1.020253e-01;8.146534e-02;3.991620e-02;9.093881e-02;7.135458e-02;3.750684e-02;7.593222e-02;3.326721e-02;6.577023e-02;3.036178e-02
1.327979e-01;2.038798e-01;1.528434e-01;7.928618e-02;4.861115e-02;9.414665e-02;4.488284e-02;3.585301e-02;9.752997e-02;3.072681e-02;3.871923e-02;4.072305e-02
9.508391e-02;1.877383e-01;2.024714e-01;6.068840e-02;4.489112e-02;8.546950e-02;4.316134e-02;4.877436e-02;9.391005e-02;4.762885e-02;3.312976e-02;5.705306e-02
6.011732e-02;1.819832e-01;2.653218e-01;3.362149e-02;2.704254e-02;8.438040e-02;4.392239e-02;4.622776e-02;7.831682e-02;6.672361e-02;3.794694e-02;7.439580e-02
7.205087e-02;1.610765e-01;2.695744e-01;3.064034e-02;1.616683e-02;8.709525e-02;7.226644e-02;4.268108e-02;7.277623e-02;6.120648e-02;3.177414e-02;8.269151e-02
6.570544e-02;1.322404e-01;2.569004e-01;3.331279e-02;2.868611e-02;8.739113e-02;1.133838e-01;4.761455e-02;7.327538e-02;5.220541e-02;3.101866e-02;7.826602e-02
4.086050e-02;1.176373e-01;2.285019e-01;4.646882e-02;4.493580e-02;7.082383e-02;1.870969e-01;6.284761e-02;6.642828e-02;3.447971e-02;4.929280e-02;5.062651e-02
5.431034e-02;1.245812e-01;1.606690e-01;6.710809e-02;5.518036e-02;5.123633e-02;2.368344e-01;7.340511e-02;6.242971e-02;3.318148e-02;4.275880e-02;3.830509e-02
6.267320e-02;1.374537e-01;1.332332e-01;7.427013e-02;6.198332e-02;5.558363e-02;1.708341e-01;6.992128e-02;8.367999e-02;4.818193e-02;5.198955e-02;5.019592e-02
9.902178e-02;1.608952e-01;1.633979e-01;5.926615e-02;3.982851e-02;6.001265e-02;1.346201e-01;7.451071e-02;3.337108e-02;5.680870e-02;8.943798e-02;2.882919e-02
1.369455e-01;1.231116e-01;1.709782e-01;4.864316e-02;2.618650e-02;5.168892e-02;1.369008e-01;5.374219e-02;6.073467e-02;6.178629e-02;8.379547e-02;4.548670e-02
1.378694e-01;9.323207e-02;1.203938e-01;4.930123e-02;4.290110e-02;6.372516e-02;1.219843e-01;5.913693e-02;6.474685e-02;8.265136e-02;8.900895e-02;7.504880e-02
9.603301e-02;9.775268e-02;1.011491e-01;6.535494e-02;5.981896e-02;7.359965e-02;9.634943e-02;5.958765e-02;6.878460e-02;8.300298e-02;1.036677e-01;9.489933e-02
5.984410e-02;1.179327e-01;1.773378e-01;5.083955e-02;4.478505e-02;7.116609e-02;8.506940e-02;4.333875e-02;1.118375e-01;8.674635e-02;7.990544e-02;7.119729e-02
1.674310e-01;1.418855e-01;1.561287e-01;2.868431e-02;3.520672e-02;6.461082e-02;8.941825e-02;6.032207e-02;8.731166e-02;7.733190e-02;5.164520e-02;4.002396e-02
2.672429e-01;1.492493e-01;1.124351e-01;2.318284e-02;4.406915e-02;5.815345e-02;9.327982e-02;8.379309e-02;3.873321e-02;4.980801e-02;5.481466e-02;2.523837e-02
3.161182e-01;1.221428e-01;6.810877e-02;3.031850e-02;3.888461e-02;3.334243e-02;1.091761e-01;1.007126e-01;4.432541e-02;3.405072e-02;5.674515e-02;4.607475e-02
3.174607e-01;9.150258e-02;5.361810e-02;3.246523e-02;3.474114e-02;3.119752e-02;1.512707e-01;9.946202e-02;5.678399e-02;3.001041e-02;4.303518e-02;5.845242e-02
2.828496e-01;6.474938e-02;8.573288e-02;3.700742e-02;4.823683e-02;4.461220e-02;1.696635e-01;8.030219e-02;4.768612e-02;3.405286e-02;3.758772e-02;6.751934e-02
2.561860e-01;7.350073e-02;1.355677e-01;4.151602e-02;6.137277e-02;4.872522e-02;1.481093e-01;6.601013e-02;4.061991e-02;4.208780e-02;3.684869e-02;4.945570e-02
2.064866e-01;7.820468e-02;1.407831e-01;7.372777e-02;8.230287e-02;7.122777e-02;1.477170e-01;5.054619e-02;5.013528e-02;3.172900e-02;3.691915e-02;3.022057e-02
1.865143e-01;7.194456e-02;1.428837e-01;1.010318e-01;5.935563e-02;7.115890e-02;1.400703e-01;4.363894e-02;5.853586e-02;4.373096e-02;2.929213e-02;5.184293e-02
2.157059e-01;7.684395e-02;9.659036e-02;8.512361e-02;4.110758e-02;9.341316e-02;1.427762e-01;3.907171e-02;7.059696e-02;6.215392e-02;2.507443e-02;5.154223e-02
1.696812e-01;9.601182e-02;7.950754e-02;4.128560e-02;7.685260e-02;9.361806e-02;1.274465e-01;5.461785e-02;7.877757e-02;7.644526e-02;2.869230e-02;7.706367e-02
8.996180e-02;7.116269e-02;7.164457e-02;4.505653e-02;6.726240e-02;7.058070e-02;1.499563e-01;8.393528e-02;9.751813e-02;1.072489e-01;6.186482e-02;8.380798e-02
6.393012e-02;5.414709e-02;8.968379e-02;5.460048e-02;4.392709e-02;6.357149e-02;1.508120e-01;8.790698e-02;1.455702e-01;1.010816e-01;7.416395e-02;7.060515e-02
6.272794e-02;6.747303e-02;8.264430e-02;7.184321e-02;7.261820e-02;7.960298e-02;1.548178e-01;5.616870e-02;1.352599e-01;9.848779e-02;7.257552e-02;4.578070e-02
4.736411e-02;2.819102e-02;1.894240e-01;9.812621e-02;8.332995e-02;6.320519e-02;1.448771e-01;1.299309e-01;6.100236e-02;6.360716e-02;5.300882e-02;3.793320e-02
5.522415e-02;3.516211e-02;2.112778e-01;1.156822e-01;7.929356e-02;5.098043e-02;1.415824e-01;1.219776e-01;4.558541e-02;4.978310e-02;5.178666e-02;4.166454e-02
4.888548e-02;3.038323e-02;1.750475e-01;1.428742e-01;6.371398e-02;4.607870e-02;2.172628e-01;9.603487e-02;3.370310e-02;4.806034e-02;4.786233e-02;5.009344e-02
4.211441e-02;3.443453e-02;9.380839e-02;1.575867e-01;3.815067e-02;4.356408e-02;3.296119e-01;6.426331e-02;3.285893e-02;4.738575e-02;3.906242e-02;7.715896e-02
3.552212e-02;3.724848e-02;9.298716e-02;1.265817e-01;2.884533e-02;5.011404e-02;3.649956e-01;4.316739e-02;6.088689e-02;4.054841e-02;3.053791e-02;8.856506e-02
5.433920e-02;3.905685e-02;1.311253e-01;1.017135e-01;2.777159e-02;4.584396e-02;3.510598e-01;4.292323e-02;5.748419e-02;2.377378e-02;3.922103e-02;8.568753e-02
5.778244e-02;2.667614e-02;1.363055e-01;8.570257e-02;2.735371e-02;3.562093e-02;3.375255e-01;5.157242e-02;5.363620e-02;5.352509e-02;5.080323e-02;8.349627e-02
5.160981e-02;1.493190e-02;1.583827e-01;6.574039e-02;3.990332e-02;5.545089e-02;2.913986e-01;3.637244e-02;7.778707e-02;8.157780e-02;6.784701e-02;5.899800e-02
3.880630e-02;2.274640e-02;1.948017e-01;4.621048e-02;4.343153e-02;6.159785e-02;2.541178e-01;1.803669e-02;1.253947e-01;8.381508e-02;8.475784e-02;2.628359e-02
4.479211e-02;1.930159e-02;2.173522e-01;3.772151e-02;4.082412e-02;4.996217e-02;2.243151e-01;1.957989e-02;1.605000e-01;5.801909e-02;8.437069e-02;4.326154e-02
6.301925e-02;2.977923e-02;2.158595e-01;4.124138e-02;3.064148e-02;4.455535e-02;2.521147e-01;1.927998e-02;1.402918e-01;2.554179e-02;4.274243e-02;9.493309e-02
8.364341e-02;4.873955e-02;1.653709e-01;3.916483e-02;2.397258e-02;5.815435e-02;2.532554e-01;2.637383e-02;6.533479e-02;2.521887e-02;5.941212e-02;1.513594e-01
7.199627e-02;7.099737e-02;1.445116e-01;3.856542e-02;2.901493e-02;6.429788e-02;2.543522e-01;3.200759e-02;2.270063e-02;2.263765e-02;7.872324e-02;1.701952e-01
8.803472e-02;9.270381e-02;1.293963e-01;2.775639e-02;2.975120e-02;6.229656e-02;2.278929e-01;3.415284e-02;5.112012e-02;3.641615e-02;7.865697e-02;1.418220e-01
9.343450e-02;8.817718e-02;1.510787e-01;3.911826e-02;3.587727e-02;6.482547e-02;2.085343e-01;3.543738e-02;7.006761e-02;3.026836e-02;6.921557e-02;1.139653e-01
5.887415e-02;6.080063e-02;2.145773e-01;6.623534e-02;4.299957e-02;6.640112e-02;1.924023e-01;2.775397e-02;6.184248e-02;2.080933e-02;1.078380e-01;7.946572e-02
6.731092e-02;4.129466e-02;2.554199e-01;8.227265e-02;3.637487e-02;6.701392e-02;1.645738e-01;2.239168e-02;5.237807e-02;2.826091e-02;1.165913e-01;6.611736e-02
5.714092e-02;2.826959e-02;2.915497e-01;8.216514e-02;4.759630e-02;6.490528e-02;1.371824e-01;1.464242e-02;6.784850e-02;3.903834e-02;1.184470e-01;5.121438e-02
5.995423e-02;5.031053e-02;2.883593e-01;6.575111e-02;6.297879e-02;5.966068e-02;1.201634e-01;2.721869e-02;7.165725e-02;4.834929e-02;1.154499e-01;3.014677e-02
9.637751e-02;8.695035e-02;2.111216e-01;5.716167e-02;6.110688e-02;6.711772e-02;1.290502e-01;5.002736e-02;5.281046e-02;5.734261e-02;1.092616e-01;2.167204e-02
1.088311e-01;8.329558e-02;1.279971e-01;6.734867e-02;4.075111e-02;7.565317e-02;1.601073e-01;8.549836e-02;6.313398e-02;4.604853e-02;1.006886e-01;4.064657e-02
9.939549e-02;3.246694e-02;1.450138e-01;7.082352e-02;4.154037e-02;7.249485e-02;1.700239e-01;1.010400e-01;7.188824e-02;6.546115e-02;6.811611e-02;6.173568e-02
9.057727e-02;3.090642e-02;1.196974e-01;4.544978e-02;3.903621e-02;7.637218e-02;1.771925e-01;1.150085e-01;9.485476e-02;6.179662e-02;6.111079e-02;8.799753e-02
6.316132e-02;4.675534e-02;1.350738e-01;4.775291e-02;4.877217e-02;6.759255e-02;1.525522e-01;1.002682e-01;7.737327e-02;7.643055e-02;7.209723e-02;1.121705e-01
8.363589e-02;3.490314e-02;1.685955e-01;6.029022e-02;7.455893e-02;6.973014e-02;1.089651e-01;8.450272e-02;5.569587e-02;9.501118e-02;5.894509e-02;1.051662e-01
7.651828e-02;3.702880e-02;1.674352e-01;7.625145e-02;7.880175e-02;6.299274e-02;7.925969e-02;1.169413e-01;5.403527e-02;1.153503e-01;5.409170e-02;8.129361e-02
5.447927e-02;4.399621e-02;1.308355e-01;7.926957e-02;5.685490e-02;7.878292e-02;8.418659e-02;8.624010e-02;8.556139e-02;1.381349e-01;8.975668e-02;7.190201e-02
3.598116e-02;6.226720e-02;1.165349e-01;7.365677e-02;4.753306e-02;7.615396e-02;9.456827e-02;8.351974e-02;1.137040e-01;1.186984e-01;1.155100e-01;6.187262e-02
5.353652e-02;8.645581e-02;1.235050e-01;6.355798e-02;4.758268e-02;8.236440e-02;8.968952e-02;9.271912e-02;1.227513e-01;9.048616e-02;8.641534e-02;6.093626e-02
9.623918e-02;9.955927e-02;1.135358e-01;7.600214e-02;4.382255e-02;8.855060e-02;7.350744e-02;7.414662e-02;1.297162e-01;8.420886e-02;7.254455e-02;4.816680e-02
9.277440e-02;6.587071e-02;1.052390e-01;8.203163e-02;3.443111e-02;8.820837e-02;1.140436e-01;9.975782e-02;1.222351e-01;6.871602e-02;7.471707e-02;5.197512e-02
1.132414e-01;7.068814e-02;1.245495e-01;4.025633e-02;5.045374e-02;6.302991e-02;1.211048e-01;9.823907e-02;9.420404e-02;6.725210e-02;9.280854e-02;6.417251e-02
1.146660e-01;8.546383e-02;2.175187e-01;4.498909e-02;5.628661e-02;5.856429e-02;1.109060e-01;5.970212e-02;6.086619e-02;6.011169e-02;7.969236e-02;5.123306e-02
8.145916e-02;1.181985e-01;2.528583e-01;4.158998e-02;3.982614e-02;6.587581e-02;1.083694e-01;4.571510e-02;6.178307e-02;6.683233e-02;5.822498e-02;5.926734e-02
5.966631e-02;1.601744e-01;2.713212e-01;3.477919e-02;2.419589e-02;8.593962e-02;8.570059e-02;3.312352e-02;7.652725e-02;5.401904e-02;3.789979e-02;7.665313e-02
7.562382e-02;1.703985e-01;2.907737e-01;2.508608e-02;1.924070e-02;8.061717e-02;8.140049e-02;2.369670e-02;7.398058e-02;5.601990e-02;2.178442e-02;8.137782e-02
4.520787e-02;1.306999e-01;3.834869e-01;2.817869e-02;1.831232e-02;4.791735e-02;9.256089e-02;1.916189e-02;5.620606e-02;8.389179e-02;3.167342e-02;6.270284e-02
3.544189e-02;7.888746e-02;4.262089e-01;4.113490e-02;3.431135e-02;3.924005e-02;1.191669e-01;2.647214e-02;3.865251e-02;9.596612e-02;3.812218e-02;2.639559e-02
3.669894e-02;3.174579e-02;3.673421e-01;6.955195e-02;5.112796e-02;4.164722e-02;1.252210e-01;4.889326e-02;2.780239e-02;7.558740e-02;7.473911e-02;4.964291e-02
4.817372e-02;1.985674e-02;2.466053e-01;1.024340e-01;7.706971e-02;5.708994e-02;1.015504e-01;8.033580e-02;2.777315e-02;4.776079e-02;1.188540e-01;7.249630e-02
6.184936e-02;4.824619e-02;1.671690e-01;1.067817e-01;9.972569e-02;6.412430e-02;5.271596e-02;9.381462e-02;6.270395e-02;4.086277e-02;1.184827e-01;8.352368e-02
1.457557e-01;6.282984e-02;1.620011e-01;7.184830e-02;1.224791e-01;6.874724e-02;4.201272e-02;5.653360e-02;7.572320e-02;4.877022e-02;7.640734e-02;6.689166e-02
1.545692e-01;4.010682e-02;1.722263e-01;4.829650e-02;1.237887e-01;9.678467e-02;1.000593e-01;2.869734e-02;4.319770e-02;6.926357e-02;4.345794e-02;7.955203e-02
