3.112384e-02;7.829360e-02;8.246053e-02;5.148041e-02;5.187001e-02;8.904196e-02;9.416263e-02;1.050911e-01;2.408349e-01;7.121164e-02;4.707011e-02;5.735930e-02
3.409410e-02;8.260985e-02;7.729880e-02;4.647328e-02;4.192586e-02;1.233377e-01;8.629675e-02;8.888945e-02;2.807242e-01;4.578628e-02;4.980382e-02;4.275992e-02
3.254067e-02;8.134539e-02;7.312593e-02;4.722046e-02;3.714715e-02;1.513025e-01;7.454631e-02;6.667916e-02;3.041458e-01;4.048120e-02;5.708692e-02;3.437847e-02
3.184295e-02;7.631267e-02;5.528549e-02;6.377867e-02;4.718482e-02;1.593153e-01;7.721461e-02;5.497962e-02;2.961853e-01;4.863712e-02;5.635180e-02;3.291171e-02
2.623360e-02;9.553154e-02;4.456167e-02;8.163349e-02;5.331147e-02;1.860003e-01;5.573646e-02;5.079637e-02;3.023090e-01;3.449154e-02;3.664046e-02;3.275410e-02
3.583755e-02;9.605116e-02;5.387329e-02;7.554867e-02;6.254028e-02;1.914627e-01;6.811693e-02;4.192118e-02;2.504365e-01;4.595037e-02;4.017898e-02;3.808242e-02
5.092210e-02;8.346663e-02;6.100797e-02;5.655427e-02;7.700648e-02;1.771137e-01;6.177907e-02;3.102991e-02;2.045801e-01;5.303834e-02;1.145893e-01;2.891220e-02
5.926046e-02;6.057598e-02;7.673254e-02;4.367607e-02;8.939110e-02;1.445096e-01;5.419034e-02;5.290471e-02;1.566703e-01;3.333945e-02;1.736525e-01;5.509693e-02
5.503010e-02;5.461683e-02;9.352583e-02;5.509751e-02;7.617453e-02;1.105065e-01;5.809630e-02;3.569646e-02;1.388756e-01;5.040021e-02;1.993568e-01;7.262338e-02
7.107671e-02;7.467882e-02;6.488349e-02;1.077755e-01;5.826696e-02;7.368255e-02;8.727077e-02;3.367695e-02;1.488483e-01;4.012640e-02;1.547790e-01;8.493464e-02
7.752550e-02;7.180849e-02;7.741007e-02;1.056346e-01;6.077480e-02;9.594794e-02;9.058493e-02;5.370559e-02;1.296066e-01;7.166350e-02;7.291825e-02;9.241974e-02
8.536007e-02;5.819024e-02;1.101203e-01;8.757295e-02;7.998510e-02;1.371134e-01;7.814613e-02;8.078191e-02;8.490089e-02;6.977638e-02;6.341952e-02;6.463309e-02
9.803908e-02;7.039505e-02;1.236694e-01;6.966890e-02;7.326148e-02;1.542328e-01;6.564139e-02;1.012621e-01;6.465240e-02;8.801169e-02;4.928345e-02;4.188227e-02
7.682578e-02;9.107365e-02;1.021776e-01;6.385416e-02;4.250813e-02;1.411060e-01;6.920291e-02;7.564966e-02;1.146798e-01;1.127346e-01;4.447449e-02;6.571325e-02
7.030457e-02;9.341375e-02;8.638342e-02;6.740330e-02;2.996597e-02;1.186606e-01;9.048333e-02;8.067195e-02;1.391688e-01;1.116280e-01;5.030008e-02;6.161615e-02
8.816070e-02;9.361557e-02;7.119137e-02;4.805925e-02;4.996269e-02;1.164445e-01;7.010438e-02;1.032793e-01;1.816209e-01;9.805584e-02;5.395604e-02;2.554949e-02
8.035681e-02;6.253992e-02;7.452577e-02;6.442053e-02;5.767811e-02;1.131393e-01;7.865508e-02;8.602078e-02;2.030166e-01;8.621632e-02;6.727070e-02;2.616010e-02
6.943436e-02;3.115304e-02;1.033895e-01;9.714819e-02;4.619074e-02;1.189283e-01;7.003927e-02;1.135360e-01;1.732154e-01;5.968121e-02;8.186916e-02;3.541476e-02
6.475242e-02;5.513655e-02;1.022698e-01;1.086140e-01;3.777013e-02;1.207837e-01;4.440970e-02;1.201807e-01;1.188821e-01;7.026613e-02;8.798727e-02;6.894759e-02
1.157173e-01;4.914236e-02;8.864235e-02;8.431789e-02;3.505127e-02;7.759178e-02;6.801251e-02;1.145679e-01;1.162559e-01;6.797058e-02;8.648326e-02;9.624693e-02
1.532161e-01;7.392519e-02;1.307625e-01;6.919213e-02;4.622854e-02;5.317456e-02;1.023153e-01;6.617584e-02;1.013836e-01;5.876219e-02;5.407711e-02;9.078691e-02
1.391051e-01;7.458784e-02;1.184767e-01;5.912364e-02;5.701738e-02;3.906660e-02;9.352726e-02;6.768515e-02;1.208810e-01;5.567701e-02;7.701967e-02;9.783267e-02
1.166153e-01;6.842144e-02;7.173810e-02;6.666979e-02;5.885335e-02;2.968063e-02;6.304768e-02;7.508046e-02;1.045235e-01;5.955175e-02;1.635411e-01;1.222768e-01
6.855233e-02;5.149103e-02;1.028080e-01;8.497419e-02;6.393871e-02;2.084577e-02;3.730433e-02;9.002852e-02;3.977228e-02;6.056797e-02;2.822205e-01;9.749633e-02
3.408863e-02;3.629676e-02;7.923448e-02;9.195197e-02;8.095529e-02;1.530411e-02;2.091688e-02;7.977898e-02;4.643092e-02;3.288138e-02;3.305466e-01;1.516140e-01
5.868432e-02;2.975771e-02;6.074582e-02;6.756546e-02;9.110210e-02;2.130251e-02;1.449111e-02;5.520577e-02;8.788216e-02;2.924204e-02;2.226847e-01;2.613362e-01
1.088560e-01;2.388361e-02;3.745882e-02;4.232034e-02;9.754620e-02;3.692479e-02;2.533612e-02;4.065731e-02;1.451093e-01;2.216008e-02;8.952741e-02;3.302200e-01
2.555977e-01;2.768948e-02;2.820222e-02;2.078498e-02;7.935991e-02;4.822708e-02;3.920719e-02;1.648263e-02;1.500679e-01;3.808112e-02;2.260073e-02;2.736991e-01
4.138049e-01;5.336511e-02;1.630053e-02;1.878251e-02;5.909180e-02;6.162009e-02;4.461811e-02;4.851603e-03;9.962188e-02;5.536034e-02;1.098291e-02;1.616002e-01
4.754049e-01;7.673183e-02;3.279805e-02;4.246131e-02;5.452323e-02;7.195335e-02;5.191544e-02;7.613819e-03;5.997762e-02;4.445139e-02;1.199364e-02;7.017537e-02
3.731875e-01;6.319710e-02;6.038303e-02;7.657953e-02;8.021726e-02;7.731349e-02;4.832544e-02;1.218759e-02;8.073723e-02;3.827460e-02;1.674888e-02;7.284834e-02
2.413643e-01;4.336359e-02;7.955707e-02;8.998568e-02;1.275572e-01;9.728114e-02;5.517783e-02;1.296107e-02;9.574629e-02;4.280005e-02;1.594364e-02;9.826211e-02
1.442603e-01;4.346617e-02;7.555027e-02;7.837774e-02;1.716197e-01;1.001844e-01;7.475781e-02;3.256946e-02;8.381966e-02;4.041606e-02;3.457979e-02;1.203987e-01
9.356969e-02;5.919152e-02;9.092105e-02;7.635041e-02;1.674371e-01;6.707554e-02;8.478163e-02;5.612645e-02;1.055874e-01;4.075669e-02;6.339751e-02;9.480494e-02
1.282380e-01;5.345434e-02;1.213332e-01;1.093870e-01;1.087946e-01;3.347342e-02;4.854714e-02;6.123981e-02;1.111940e-01;5.238725e-02;8.633557e-02;8.561563e-02
1.156261e-01;4.522422e-02;1.478474e-01;1.087231e-01;8.781426e-02;3.256675e-02;6.841436e-02;5.696914e-02;6.911106e-02;5.864186e-02;1.283705e-01;8.069120e-02
1.243434e-01;6.048997e-02;1.327136e-01;7.912351e-02;6.886672e-02;4.680691e-02;8.459732e-02;5.069203e-02;5.670922e-02;8.107212e-02;1.478259e-01;6.675936e-02
1.183353e-01;5.817325e-02;5.843033e-02;8.551428e-02;5.488515e-02;4.261679e-02;7.168286e-02;6.511777e-02;8.639624e-02;1.150803e-01;1.289646e-01;1.148031e-01
1.425404e-01;4.042912e-02;6.148917e-02;8.255920e-02;6.286877e-02;4.786763e-02;7.311171e-02;5.788152e-02;1.250442e-01;8.645031e-02;1.152712e-01;1.044868e-01
1.858771e-01;4.626739e-02;1.119038e-01;7.866091e-02;6.671697e-02;4.862375e-02;5.464037e-02;7.139533e-02;1.100188e-01;5.808738e-02;1.011628e-01;6.664527e-02
1.848930e-01;3.267309e-02;8.306072e-02;1.045443e-01;7.362361e-02;4.101200e-02;7.344255e-02;8.683059e-02;7.317661e-02;5.774294e-02;8.688341e-02;1.021172e-01
1.775236e-01;5.020738e-02;7.405476e-02;1.056878e-01;8.826016e-02;3.207430e-02;6.497470e-02;7.057719e-02;6.922493e-02;7.579595e-02;6.692790e-02;1.246914e-01
1.576999e-01;7.519493e-02;1.039971e-01;7.532479e-02;8.472742e-02;3.534592e-02;7.571125e-02;7.819664e-02;4.181859e-02;1.197299e-01;4.935262e-02;1.029009e-01
8.016147e-02;5.486547e-02;1.230511e-01;7.563993e-02;5.927712e-02;4.003749e-02;1.406115e-01;6.564989e-02;9.320242e-02;1.005161e-01;8.578719e-02;8.120024e-02
8.772675e-02;2.894619e-02;1.038197e-01;5.445582e-02;4.461119e-02;2.765565e-02;1.695554e-01;7.111184e-02;1.157210e-01;9.506592e-02;9.571383e-02;1.056167e-01
1.089903e-01;4.061057e-02;1.155745e-01;5.169871e-02;4.866565e-02;2.852845e-02;1.740771e-01;8.445628e-02;9.001622e-02;7.413376e-02;8.086827e-02;1.023803e-01
1.282695e-01;6.961525e-02;1.516091e-01;4.671781e-02;6.416563e-02;5.181343e-02;1.871760e-01;7.673425e-02;5.013197e-02;6.534984e-02;3.583761e-02;7.257960e-02
1.468428e-01;6.741400e-02;1.352837e-01;3.799267e-02;6.209639e-02;4.994401e-02;2.065357e-01;5.402256e-02;5.010263e-02;4.888798e-02;6.200039e-02;7.887716e-02
1.403442e-01;5.912650e-02;1.300918e-01;4.136840e-02;6.918974e-02;5.154294e-02;2.021061e-01;4.914239e-02;5.297069e-02;3.909251e-02;7.020845e-02;9.481627e-02
9.349857e-02;4.130365e-02;1.868901e-01;5.580273e-02;7.876749e-02;5.303209e-02;1.411045e-01;5.725021e-02;4.210328e-02;4.635761e-02;1.055376e-01;9.835206e-02
4.316992e-02;2.429524e-02;2.749873e-01;5.561469e-02;6.726263e-02;4.180135e-02;1.110888e-01;6.444844e-02;3.203540e-02;6.365205e-02;1.444199e-01;7.722415e-02
5.255119e-02;3.818836e-02;3.122361e-01;5.593323e-02;6.194471e-02;3.323918e-02;8.911837e-02;5.376003e-02;3.435942e-02;7.930808e-02;1.270714e-01;6.228996e-02
6.809678e-02;5.477824e-02;2.525470e-01;8.096125e-02;6.333872e-02;4.226868e-02;1.271145e-01;3.691535e-02;5.698647e-02;7.416735e-02;9.596964e-02;4.685597e-02
8.649883e-02;6.959548e-02;1.303019e-01;8.488317e-02;6.952697e-02;6.653995e-02;1.138544e-01;5.568981e-02;1.051133e-01;7.598541e-02;9.634694e-02;4.566390e-02
9.145258e-02;6.750134e-02;1.807348e-01;6.914462e-02;5.319928e-02;6.748623e-02;4.505802e-02;5.893908e-02;1.159252e-01;1.099082e-01;7.926469e-02;6.138593e-02
8.760461e-02;7.098445e-02;1.714855e-01;8.954740e-02;6.517143e-02;5.276030e-02;8.012888e-02;5.198310e-02;8.762236e-02;8.521884e-02;5.149134e-02;1.060019e-01
8.778211e-02;7.682445e-02;1.682303e-01;9.625462e-02;6.202958e-02;3.783022e-02;1.092106e-01;6.109677e-02;5.252921e-02;7.633695e-02;4.973402e-02;1.221411e-01
9.050006e-02;7.399406e-02;1.753905e-01;8.563906e-02;4.695355e-02;3.480644e-02;9.905956e-02;6.907298e-02;2.903834e-02;1.005933e-01;6.511790e-02;1.298343e-01
6.049537e-02;5.934127e-02;1.835102e-01;8.480915e-02;4.163139e-02;5.998544e-02;7.448861e-02;6.737927e-02;8.225951e-02;9.515185e-02;9.147613e-02;9.947187e-02
9.540794e-02;5.642476e-02;1.801539e-01;1.136451e-01;6.958865e-02;4.999926e-02;5.431043e-02;5.140609e-02;8.761244e-02;7.631908e-02;9.260292e-02;7.252940e-02
7.808108e-02;4.080478e-02;2.066141e-01;9.180004e-02;7.137527e-02;4.572684e-02;6.903653e-02;4.702038e-02;6.126230e-02;8.003599e-02;7.903668e-02;1.292060e-01
4.968975e-02;6.366577e-02;2.053842e-01;4.836413e-02;5.560465e-02;8.332408e-02;9.334101e-02;6.972178e-02;4.585095e-02;8.431435e-02;9.750549e-02;1.032339e-01
8.377672e-02;8.451590e-02;1.395823e-01;8.318138e-02;3.101569e-02;9.055048e-02;1.341180e-01;8.675002e-02;4.400032e-02;6.066812e-02;8.117157e-02;8.066954e-02
7.879011e-02;6.812297e-02;1.209578e-01;1.061563e-01;6.059043e-02;8.445708e-02;1.100739e-01;8.479585e-02;7.427783e-02;9.086335e-02;7.686250e-02;4.405184e-02
7.425246e-02;7.251852e-02;1.262812e-01;6.854754e-02;6.380210e-02;5.840742e-02;8.587536e-02;6.451312e-02;1.207927e-01;1.384667e-01;8.694097e-02;3.960189e-02
5.290088e-02;7.984426e-02;1.433554e-01;6.269475e-02;7.166376e-02;4.924494e-02;1.021056e-01;8.107218e-02;1.184870e-01;1.117279e-01;1.027973e-01;2.410607e-02
6.881534e-02;6.623744e-02;1.290802e-01;5.301525e-02;8.987790e-02;7.375967e-02;1.418368e-01;8.012370e-02;1.191831e-01;4.747422e-02;8.804900e-02;4.254732e-02
9.228253e-02;5.397388e-02;7.058522e-02;5.981414e-02;9.147523e-02;8.337599e-02;1.839396e-01;9.000593e-02;1.237424e-01;2.691612e-02;6.914502e-02;5.474393e-02
8.867750e-02;3.126425e-02;1.099448e-01;6.762481e-02;6.453312e-02;5.626207e-02;2.218538e-01;1.319789e-01;1.167536e-01;3.906485e-02;3.260979e-02;3.943240e-02
9.439647e-02;1.222765e-02;1.451600e-01;5.048947e-02;4.147881e-02;3.373667e-02;2.931919e-01;1.338873e-01;7.270595e-02;7.909443e-02;2.884319e-02;1.478818e-02
9.780630e-02;1.155443e-02;1.416484e-01;2.638925e-02;4.236149e-02;3.489908e-02;3.318982e-01;8.571616e-02;3.808482e-02;1.324354e-01;4.239085e-02;1.481560e-02
8.968683e-02;1.417917e-02;1.346245e-01;1.565153e-02;6.027579e-02;5.262592e-02;3.197874e-01;5.293768e-02;2.645967e-02;1.926000e-01;2.509916e-02;1.607239e-02
7.630621e-02;1.802960e-02;1.354483e-01;1.983953e-02;7.913417e-02;6.578642e-02;2.951823e-01;1.836306e-02;2.911684e-02;2.289217e-01;1.960433e-02;1.426748e-02
6.773229e-02;1.895570e-02;1.395096e-01;1.648231e-02;9.014923e-02;7.811441e-02;2.693356e-01;1.476503e-02;4.302793e-02;2.234429e-01;7.550186e-03;3.093474e-02
6.644887e-02;4.092971e-02;1.518994e-01;2.647635e-02;9.270755e-02;8.602479e-02;2.403783e-01;2.645637e-02;4.549093e-02;1.876587e-01;1.633595e-02;1.919306e-02
8.118555e-02;7.833605e-02;1.488511e-01;3.623149e-02;8.584950e-02;8.117386e-02;1.875050e-01;4.470155e-02;6.212082e-02;1.284771e-01;2.413662e-02;4.143135e-02
1.044911e-01;9.196173e-02;1.345226e-01;4.803053e-02;8.516899e-02;7.718446e-02;1.479260e-01;5.212189e-02;8.185950e-02;8.352386e-02;3.719281e-02;5.601655e-02
1.046957e-01;5.802786e-02;1.413328e-01;4.090786e-02;1.031125e-01;7.464200e-02;1.416914e-01;5.381814e-02;8.201975e-02;1.228093e-01;3.199283e-02;4.494977e-02
1.099321e-01;3.893646e-02;1.475209e-01;4.555441e-02;9.775639e-02;4.066127e-02;1.492188e-01;6.916239e-02;7.257981e-02;1.826386e-01;2.792860e-02;1.811031e-02
9.545743e-02;4.125845e-02;1.411201e-01;5.354801e-02;8.841639e-02;5.529569e-02;2.034686e-01;6.619175e-02;3.172526e-02;1.757777e-01;2.574068e-02;2.199991e-02
7.589532e-02;4.999940e-02;1.443642e-01;5.050974e-02;8.213492e-02;7.488751e-02;1.932299e-01;4.158271e-02;4.752102e-02;1.963141e-01;1.665225e-02;2.690897e-02
7.501164e-02;4.401763e-02;1.789001e-01;5.882638e-02;6.069044e-02;9.995358e-02;1.359023e-01;5.293826e-02;4.592819e-02;1.996873e-01;2.262330e-02;2.552091e-02
7.681104e-02;4.538816e-02;1.988342e-01;5.967103e-02;7.960088e-02;8.173975e-02;1.678434e-01;7.213970e-02;3.770513e-02;1.254208e-01;2.491721e-02;2.992861e-02
8.563966e-02;4.853306e-02;1.899383e-01;5.325762e-02;8.327852e-02;9.596904e-02;1.700490e-01;8.013064e-02;4.166706e-02;6.867784e-02;3.332753e-02;4.953170e-02
1.090527e-01;7.076713e-02;1.532994e-01;6.255908e-02;3.978915e-02;9.339358e-02;1.303786e-01;7.093900e-02;7.972963e-02;9.798144e-02;4.739625e-02;4.471408e-02
1.188838e-01;8.347608e-02;1.671420e-01;6.320936e-02;7.504259e-02;8.912635e-02;8.781701e-02;6.079891e-02;8.161873e-02;7.613458e-02;4.504974e-02;5.170080e-02
9.881487e-02;9.811252e-02;1.326936e-01;1.061835e-01;1.399241e-01;7.977164e-02;6.897593e-02;5.403179e-02;6.742784e-02;2.371189e-02;6.193307e-02;6.841927e-02
7.000380e-02;7.372213e-02;2.009039e-01;1.063318e-01;1.310989e-01;6.955249e-02;1.164931e-01;4.495067e-02;4.453878e-02;4.718066e-02;5.265967e-02;4.256407e-02
2.542276e-02;5.365153e-02;2.454213e-01;8.649204e-02;1.132312e-01;5.736095e-02;1.875901e-01;4.097358e-02;4.819223e-02;5.161774e-02;4.300796e-02;4.703862e-02
1.776045e-02;4.434397e-02;2.020196e-01;3.808375e-02;7.962181e-02;8.119488e-02;2.479836e-01;5.880032e-02;6.531237e-02;5.806197e-02;2.936497e-02;7.745221e-02
1.631952e-02;4.831228e-02;1.148227e-01;2.170603e-02;3.938135e-02;1.349596e-01;2.017595e-01;8.147980e-02;1.325684e-01;7.878900e-02;1.136065e-02;1.185411e-01
1.429043e-02;5.890454e-02;6.984925e-02;2.919784e-02;2.819538e-02;1.706883e-01;9.608940e-02;9.038838e-02;2.128870e-01;7.855294e-02;9.063975e-03;1.418925e-01
2.714035e-02;6.640616e-02;6.423892e-02;4.513761e-02;5.082355e-02;1.755713e-01;4.749683e-02;7.821276e-02;2.318770e-01;5.693448e-02;2.502699e-02;1.311340e-01
3.939363e-02;6.394627e-02;9.239508e-02;6.151880e-02;7.786037e-02;1.529516e-01;7.135285e-02;7.815345e-02;1.613832e-01;4.243621e-02;5.457139e-02;1.040371e-01
3.152234e-02;6.376278e-02;1.151400e-01;6.596015e-02;7.748925e-02;1.248640e-01;1.215275e-01;8.998054e-02;9.348155e-02;5.689888e-02;7.888712e-02;8.048593e-02
6.524343e-02;9.507366e-02;1.870804e-01;6.940698e-02;3.792029e-02;1.004006e-01;8.605223e-02;6.051707e-02;1.245748e-01;4.503524e-02;7.899422e-02;4.970112e-02
5.009173e-02;1.010080e-01;1.965060e-01;7.553154e-02;4.637738e-02;1.035715e-01;7.257260e-02;6.570091e-02;1.237028e-01;4.381949e-02;8.820307e-02;3.291501e-02
6.851615e-02;1.044666e-01;1.423331e-01;6.447719e-02;6.922888e-02;1.173273e-01;1.064765e-01;4.941054e-02;1.025084e-01;4.296038e-02;1.105229e-01;2.177202e-02
6.961147e-02;8.787225e-02;6.866371e-02;4.447329e-02;7.251254e-02;1.329364e-01;1.190182e-01;6.960081e-02;1.231421e-01;3.911490e-02;1.385127e-01;3.454151e-02
7.059648e-02;5.417755e-02;5.038601e-02;2.538192e-02;1.056194e-01;1.186882e-01;1.117115e-01;9.721043e-02;1.295557e-01;3.930487e-02;1.758766e-01;2.149130e-02
7.909378e-02;3.967281e-02;4.246702e-02;1.834628e-02;1.297453e-01;8.655795e-02;1.003366e-01;1.093167e-01;1.262464e-01;3.577865e-02;2.138646e-01;1.857385e-02
8.863124e-02;3.401042e-02;4.430307e-02;2.634204e-02;1.268338e-01;5.150424e-02;9.932339e-02;1.199733e-01;1.175043e-01;3.718704e-02;2.312458e-01;2.314132e-02
1.136266e-01;4.018106e-02;5.952386e-02;3.484805e-02;1.206124e-01;4.592252e-02;8.758607e-02;1.134777e-01;9.349109e-02;2.951093e-02;2.404850e-01;2.073466e-02
1.424672e-01;5.173484e-02;7.011817e-02;3.876364e-02;1.010753e-01;4.733125e-02;8.539995e-02;9.054192e-02;9.752278e-02;3.497091e-02;2.193481e-01;2.072601e-02
1.651586e-01;5.901446e-02;9.746476e-02;5.089671e-02;8.252786e-02;4.103062e-02;8.140416e-02;7.840727e-02;9.340600e-02;3.869594e-02;1.827386e-01;2.925503e-02
1.773502e-01;4.691287e-02;1.043574e-01;5.398367e-02;8.993167e-02;5.158273e-02;9.943852e-02;8.273157e-02;7.901001e-02;2.306947e-02;1.548745e-01;3.675738e-02
1.481164e-01;2.554851e-02;9.986705e-02;5.058031e-02;9.926964e-02;5.359346e-02;1.049761e-01;9.471738e-02;1.002344e-01;3.384340e-02;1.550813e-01;3.417209e-02
1.167814e-01;3.701815e-02;8.995104e-02;4.419507e-02;9.275939e-02;4.194825e-02;9.131683e-02;1.401438e-01;8.610390e-02;4.064409e-02;1.719811e-01;4.715687e-02
1.026293e-01;3.686024e-02;8.618882e-02;5.830546e-02;1.116926e-01;5.728724e-02;9.155162e-02;1.314137e-01;5.774737e-02;5.678196e-02;1.724050e-01;3.713672e-02
8.416127e-02;5.978920e-02;5.668066e-02;4.327513e-02;1.119664e-01;7.936469e-02;8.098595e-02;1.245325e-01;1.044699e-01;5.536382e-02;1.453106e-01;5.409991e-02
5.665398e-02;6.965454e-02;7.636963e-02;3.925430e-02;1.038545e-01;7.420889e-02;6.841432e-02;1.465428e-01;7.970548e-02;6.218532e-02;1.590139e-01;6.414229e-02
3.864652e-02;4.284002e-02;1.080981e-01;5.372032e-02;6.663682e-02;6.609320e-02;7.244651e-02;1.272876e-01;1.260694e-01;5.822341e-02;1.752930e-01;6.464509e-02
7.907221e-02;3.950120e-02;1.142439e-01;5.303356e-02;3.593803e-02;4.458296e-02;8.092226e-02;1.222329e-01;1.288532e-01;7.532606e-02;1.563014e-01;6.999226e-02
8.973712e-02;4.383405e-02;1.114631e-01;4.273621e-02;5.023337e-02;4.882487e-02;9.310139e-02;1.314648e-01;8.732932e-02;1.065453e-01;1.471505e-01;4.757995e-02
6.856257e-02;4.876448e-02;1.230534e-01;4.333000e-02;7.454900e-02;7.041883e-02;7.708577e-02;9.205757e-02;1.050389e-01;9.147759e-02;1.541862e-01;5.147573e-02
4.996122e-02;4.958778e-02;1.347130e-01;6.627584e-02;7.854796e-02;6.703848e-02;1.067117e-01;7.448541e-02;9.940460e-02;6.152336e-02;1.248611e-01;8.688956e-02
6.156310e-02;4.513811e-02;1.481692e-01;6.189663e-02;7.215746e-02;8.166444e-02;1.325292e-01;7.820073e-02;5.224603e-02;6.458614e-02;7.190479e-02;1.299442e-01
7.239921e-02;7.943512e-02;1.240682e-01;3.439283e-02;5.687373e-02;8.720472e-02;1.089147e-01;8.550853e-02;7.470845e-02;8.369766e-02;9.187625e-02;1.009206e-01
8.270293e-02;1.009027e-01;1.175220e-01;5.090611e-02;4.914455e-02;7.372469e-02;1.025665e-01;8.413735e-02;8.839303e-02;1.148907e-01;5.992739e-02;7.518205e-02
8.207200e-02;7.536698e-02;1.203758e-01;6.580009e-02;6.656093e-02;4.579157e-02;1.431056e-01;9.591817e-02;8.256679e-02;9.698114e-02;3.100882e-02;9.445217e-02
5.777373e-02;6.422026e-02;1.016911e-01;6.559350e-02;7.102810e-02;5.165879e-02;1.299175e-01;1.265831e-01;6.730700e-02;6.129292e-02;7.712537e-02;1.258085e-01
5.062716e-02;4.354335e-02;7.578527e-02;6.165091e-02;9.196232e-02;7.905997e-02;9.975643e-02;1.403218e-01;9.547386e-02;7.742724e-02;7.267185e-02;1.117198e-01
5.637970e-02;4.977153e-02;1.054203e-01;6.656639e-02;5.972136e-02;1.079518e-01;7.755449e-02;1.149751e-01;1.136553e-01;9.420090e-02;7.556907e-02;7.823413e-02
5.172284e-02;4.702648e-02;9.546058e-02;6.673793e-02;5.967992e-02;8.007880e-02;1.078079e-01;1.455777e-01;1.091422e-01;9.262651e-02;7.121108e-02;7.292809e-02
8.194882e-02;6.264833e-02;1.203692e-01;5.008452e-02;5.885271e-02;5.120048e-02;1.415799e-01;1.689843e-01;7.551627e-02;7.577553e-02;4.362322e-02;6.941670e-02
8.897000e-02;3.808470e-02;2.157049e-01;5.829904e-02;5.931979e-02;4.382347e-02;1.499411e-01;1.133316e-01;7.282507e-02;6.178076e-02;3.266141e-02;6.525813e-02
9.534280e-02;6.380501e-02;2.731585e-01;5.477452e-02;4.962226e-02;3.666247e-02;1.514147e-01;6.470821e-02;6.198575e-02;6.534906e-02;3.841911e-02;4.475763e-02
8.103435e-02;9.974841e-02;2.991750e-01;4.604185e-02;3.212205e-02;5.298299e-02;1.335761e-01;5.185575e-02;7.426882e-02;6.292936e-02;2.467511e-02;4.159018e-02
5.856463e-02;1.320985e-01;3.111399e-01;4.585393e-02;2.824330e-02;7.087598e-02;9.367784e-02;5.310813e-02;8.041595e-02;7.393940e-02;1.076549e-02;4.131687e-02
3.582540e-02;1.174580e-01;3.169311e-01;4.079464e-02;2.204585e-02;6.817670e-02;1.243600e-01;6.314477e-02;6.532915e-02;1.003812e-01;1.024339e-02;3.530994e-02
2.621019e-02;8.551423e-02;3.589728e-01;3.438916e-02;2.401818e-02;4.986723e-02;1.085642e-01;1.054640e-01;6.505541e-02;1.038367e-01;8.728550e-03;2.937938e-02
1.948333e-02;5.696594e-02;4.184780e-01;5.309087e-02;4.749899e-02;4.636426e-02;8.520105e-02;9.425019e-02;6.127112e-02;8.686221e-02;9.229492e-03;2.130454e-02
2.153697e-02;2.604298e-02;4.235548e-01;7.973328e-02;6.150615e-02;5.036618e-02;1.228558e-01;5.860543e-02;3.809738e-02;9.217296e-02;1.197992e-02;1.354811e-02
2.793892e-02;1.340539e-02;4.151121e-01;9.586801e-02;5.841228e-02;3.999893e-02;1.404707e-01;8.033137e-02;2.521496e-02;7.602023e-02;2.172909e-02;5.498014e-03
2.895169e-02;2.467528e-02;3.746197e-01;1.086726e-01;6.684730e-02;5.644445e-02;1.151663e-01;7.902379e-02;3.259551e-02;6.942681e-02;3.835532e-02;5.221205e-03
1.924406e-02;2.903244e-02;2.878235e-01;1.643573e-01;1.100489e-01;8.850692e-02;8.380566e-02;7.064611e-02;2.258509e-02;5.802409e-02;5.794926e-02;7.976606e-03
1.069274e-02;3.899585e-02;2.156992e-01;1.923961e-01;1.384648e-01;9.205047e-02;6.957940e-02;8.397835e-02;3.075876e-02;3.791398e-02;7.241389e-02;1.705639e-02
2.760535e-02;5.313123e-02;1.875956e-01;1.725479e-01;1.577903e-01;6.657864e-02;4.819848e-02;6.523199e-02;3.768018e-02;7.068253e-02;6.988877e-02;4.306905e-02
3.870839e-02;5.274907e-02;2.083989e-01;1.300836e-01;1.724649e-01;5.637106e-02;5.899009e-02;4.251109e-02;4.955924e-02;8.127985e-02;4.383125e-02;6.505251e-02
3.742664e-02;3.895787e-02;2.371136e-01;1.130075e-01;1.679344e-01;5.755524e-02;8.686373e-02;5.060137e-02;4.625049e-02;6.735813e-02;3.924236e-02;5.768858e-02
3.618022e-02;3.214093e-02;2.120779e-01;9.498027e-02;1.892091e-01;7.886790e-02;1.324444e-01;4.350454e-02;3.597772e-02;4.917603e-02;4.169751e-02;5.374357e-02
4.967606e-02;1.883318e-02;1.337020e-01;5.492831e-02;2.399549e-01;1.102670e-01;1.787868e-01;2.788484e-02;6.924772e-02;2.324371e-02;3.216169e-02;6.131374e-02
5.078002e-02;2.633463e-02;1.212519e-01;5.064280e-02;2.512030e-01;1.104294e-01;1.589051e-01;3.437922e-02;8.856197e-02;2.468393e-02;1.700683e-02;6.582130e-02
5.348377e-02;2.664933e-02;1.131259e-01;6.815507e-02;2.589313e-01;9.830306e-02;1.477659e-01;4.376126e-02;9.142173e-02;2.092784e-02;1.126256e-02;6.621233e-02
6.229812e-02;1.596003e-02;7.896337e-02;6.359078e-02;2.694216e-01;9.741807e-02;1.527977e-01;5.710928e-02;9.443948e-02;1.767492e-02;1.927334e-02;7.105339e-02
5.101917e-02;1.345941e-02;1.173247e-01;5.486830e-02;2.579106e-01;9.845384e-02;1.441269e-01;6.938455e-02;8.256686e-02;1.316911e-02;1.638293e-02;8.133360e-02
4.519549e-02;2.348675e-02;1.415267e-01;6.585322e-02;2.348447e-01;8.999767e-02;1.252845e-01;8.073279e-02;7.002901e-02;1.853584e-02;1.680652e-02;8.770676e-02
4.111770e-02;3.747630e-02;1.710969e-01;5.913134e-02;2.019464e-01;8.304547e-02;1.216992e-01;6.714189e-02;6.911446e-02;3.716276e-02;3.746962e-02;7.359794e-02
7.731651e-02;5.216069e-02;1.119581e-01;6.630300e-02;1.455555e-01;7.646312e-02;1.667269e-01;6.388664e-02;5.882040e-02;3.085541e-02;5.609616e-02;9.385755e-02
6.347714e-02;5.405798e-02;9.359868e-02;8.830582e-02;1.735837e-01;6.132907e-02;1.334882e-01;6.147982e-02;8.530118e-02;2.199659e-02;5.202525e-02;1.113566e-01
4.640952e-02;4.842201e-02;8.758736e-02;9.835839e-02;2.493077e-01;4.902737e-02;8.123714e-02;4.558085e-02;1.187234e-01;2.538922e-02;2.874279e-02;1.212143e-01
3.885795e-02;4.542677e-02;9.966602e-02;1.153925e-01;2.571175e-01;3.634536e-02;4.326307e-02;6.921303e-02;1.076420e-01;3.662333e-02;4.735481e-02;1.030976e-01
2.618225e-02;5.267687e-02;1.192731e-01;1.408386e-01;1.929386e-01;3.700057e-02;4.841478e-02;1.020074e-01;8.633395e-02;3.476899e-02;8.899510e-02;7.056978e-02
1.951635e-02;6.182782e-02;1.282282e-01;1.594651e-01;1.377064e-01;4.486033e-02;5.852095e-02;1.199523e-01;7.645848e-02;3.485540e-02;1.170187e-01;4.158996e-02
1.936889e-02;6.310532e-02;1.555111e-01;1.636265e-01;1.104099e-01;4.870632e-02;5.826472e-02;1.137281e-01;5.573780e-02;3.477708e-02;1.398301e-01;3.693407e-02
3.224858e-02;6.531803e-02;1.710752e-01;1.434944e-01;8.008061e-02;4.921344e-02;7.297116e-02;8.336995e-02;6.303539e-02;4.197722e-02;1.500989e-01;4.711720e-02
5.036001e-02;6.943365e-02;1.714422e-01;1.198213e-01;6.476270e-02;3.677513e-02;7.909372e-02;6.756039e-02;8.099340e-02;4.225717e-02;1.689330e-01;4.856731e-02
6.359111e-02;5.398864e-02;1.423774e-01;1.076995e-01;9.195990e-02;4.594467e-02;9.950100e-02;8.637068e-02;5.429336e-02;4.268929e-02;1.580689e-01;5.351549e-02
6.041369e-02;4.235526e-02;1.763690e-01;1.288776e-01;1.062062e-01;5.724482e-02;7.989843e-02;9.845322e-02;4.657109e-02;3.610035e-02;1.106227e-01;5.688768e-02
4.741633e-02;5.236026e-02;1.556738e-01;1.639010e-01;1.426854e-01;5.157160e-02;6.690477e-02;1.066425e-01;7.221624e-02;3.833696e-02;7.541267e-02;2.687860e-02
4.858539e-02;5.041149e-02;1.302065e-01;1.507396e-01;1.623259e-01;4.256914e-02;7.796851e-02;9.886163e-02;8.591282e-02;4.335865e-02;6.930228e-02;3.975821e-02
4.372192e-02;4.439112e-02;1.115407e-01;1.293920e-01;1.664106e-01;6.533381e-02;6.802493e-02;1.034515e-01;9.750767e-02;4.393423e-02;6.148304e-02;6.480847e-02
4.588574e-02;4.255193e-02;1.322485e-01;1.222089e-01;1.744021e-01;5.965875e-02;6.469845e-02;1.006208e-01;8.324847e-02;3.304979e-02;6.079017e-02;8.063643e-02
7.982072e-02;6.281412e-02;1.153747e-01;1.011287e-01;1.553181e-01;7.195853e-02;6.316913e-02;1.026905e-01;6.536472e-02;4.534154e-02;7.690490e-02;6.011429e-02
9.527276e-02;5.666040e-02;1.045676e-01;1.011046e-01;1.255459e-01;8.006293e-02;5.944932e-02;8.293874e-02;8.278494e-02;4.501319e-02;1.285615e-01;3.803806e-02
1.103120e-01;4.453958e-02;9.456862e-02;8.977052e-02;1.249060e-01;8.513929e-02;6.952735e-02;5.943739e-02;3.465508e-02;4.881500e-02;1.893120e-01;4.901719e-02
8.429056e-02;5.686929e-02;1.082226e-01;4.631684e-02;1.232844e-01;8.729094e-02;9.516823e-02;9.118064e-02;6.379822e-02;5.027846e-02;1.644191e-01;2.888064e-02
7.926851e-02;7.249233e-02;7.682685e-02;3.991333e-02;1.283078e-01;8.348486e-02;7.381646e-02;1.122125e-01;6.220026e-02;6.824724e-02;1.317310e-01;7.149892e-02
7.899751e-02;7.919047e-02;6.554879e-02;7.031412e-02;1.198957e-01;5.770381e-02;8.446614e-02;9.063650e-02;4.707874e-02;1.019308e-01;9.370317e-02;1.105343e-01
1.150440e-01;6.997824e-02;1.076054e-01;8.310390e-02;9.055928e-02;5.094871e-02;6.656117e-02;7.050534e-02;9.002691e-02;1.071983e-01;3.293055e-02;1.155381e-01
1.267016e-01;5.943295e-02;6.597794e-02;6.357939e-02;8.344992e-02;4.398829e-02;7.052583e-02;6.511497e-02;1.404653e-01;1.238882e-01;9.037939e-02;6.649620e-02
9.661972e-02;5.578629e-02;6.895257e-02;4.546132e-02;6.870760e-02;6.835526e-02;5.343354e-02;9.495360e-02;1.268783e-01;1.270970e-01;1.204088e-01;7.334599e-02
9.717976e-02;5.345129e-02;7.311071e-02;4.320770e-02;6.243141e-02;9.258304e-02;7.458292e-02;9.374205e-02;9.634082e-02;9.973313e-02;1.104175e-01;1.032197e-01
1.006592e-01;6.443930e-02;1.083747e-01;5.246105e-02;5.265629e-02;9.933512e-02;1.251603e-01;6.872667e-02;8.377129e-02;7.529541e-02;7.782102e-02;9.129976e-02
1.174836e-01;7.478596e-02;1.917056e-01;4.678166e-02;8.467661e-02;6.811811e-02;2.006615e-01;3.509460e-02;5.142411e-02;5.305864e-02;3.768865e-02;3.852108e-02
1.347750e-01;5.469744e-02;2.190249e-01;4.211862e-02;7.646867e-02;5.097701e-02;2.084347e-01;2.717359e-02;4.606381e-02;5.592532e-02;4.378920e-02;4.055176e-02
1.368418e-01;3.794754e-02;2.410456e-01;4.723720e-02;5.401362e-02;3.859840e-02;2.176906e-01;2.529121e-02;5.666738e-02;7.181448e-02;4.215931e-02;3.069290e-02
1.146825e-01;4.693560e-02;2.293680e-01;5.558996e-02;4.541920e-02;3.894642e-02;2.069792e-01;5.863154e-02;8.059652e-02;6.468489e-02;4.157028e-02;1.659591e-02
1.078555e-01;6.340346e-02;2.237801e-01;6.059195e-02;4.964069e-02;3.735361e-02;1.792713e-01;8.188020e-02;7.851686e-02;5.924137e-02;4.551534e-02;1.294968e-02
1.180967e-01;6.058901e-02;2.297426e-01;6.209119e-02;5.791723e-02;2.410661e-02;1.518000e-01;1.028596e-01;7.049567e-02;5.785464e-02;4.520513e-02;1.924159e-02
1.169261e-01;5.994811e-02;2.017124e-01;5.269500e-02;5.865450e-02;2.952170e-02;1.507231e-01;8.445156e-02;1.408166e-01;4.951728e-02;3.901579e-02;1.601781e-02
1.130126e-01;6.248321e-02;2.133227e-01;3.144316e-02;5.287820e-02;3.600111e-02;1.073611e-01;7.043446e-02;1.972428e-01;6.223815e-02;4.019369e-02;1.338888e-02
1.118152e-01;5.817216e-02;2.080999e-01;2.169957e-02;5.384823e-02;3.796561e-02;1.061012e-01;8.351309e-02;1.797082e-01;8.596599e-02;4.108908e-02;1.202183e-02
1.136544e-01;7.207689e-02;2.001340e-01;3.095747e-02;4.042847e-02;3.987189e-02;1.341655e-01;6.817387e-02;1.231190e-01;1.160914e-01;4.908320e-02;1.224396e-02
1.456552e-01;1.163314e-01;1.519215e-01;2.334608e-02;4.397641e-02;4.180823e-02;1.090107e-01;7.873055e-02;1.284490e-01;7.814669e-02;5.995652e-02;2.266778e-02
1.994552e-01;1.852534e-01;1.033149e-01;1.818497e-02;5.495879e-02;4.236901e-02;7.616504e-02;8.486020e-02;9.696894e-02;4.314729e-02;7.157280e-02;2.374941e-02
2.098841e-01;2.070906e-01;1.588846e-01;2.327413e-02;5.355285e-02;3.630396e-02;5.949012e-02;7.312221e-02;6.088615e-02;2.287681e-02;6.148159e-02;3.315281e-02
2.003359e-01;1.783719e-01;1.978561e-01;3.926217e-02;6.144308e-02;3.978567e-02;5.759592e-02;8.752879e-02;3.470565e-02;2.349618e-02;4.903711e-02;3.058155e-02
1.848766e-01;1.088110e-01;1.831889e-01;3.919793e-02;8.408187e-02;4.998972e-02;7.135857e-02;1.155128e-01;3.750760e-02;2.556953e-02;6.561979e-02;3.428568e-02
1.519994e-01;3.565887e-02;1.182740e-01;4.059008e-02;1.140856e-01;7.594344e-02;7.346871e-02;1.369438e-01;7.537610e-02;2.634907e-02;1.091335e-01;4.217733e-02
1.244018e-01;3.983484e-02;7.038204e-02;2.008308e-02;1.177415e-01;8.483624e-02;6.951376e-02;1.566076e-01;1.320662e-01;2.692339e-02;1.150503e-01;4.255919e-02
1.208839e-01;4.952388e-02;5.786178e-02;2.026509e-02;1.113199e-01;7.517511e-02;6.938139e-02;1.678871e-01;1.642295e-01;2.319464e-02;1.112878e-01;2.898994e-02
1.084405e-01;5.174881e-02;5.679980e-02;1.304003e-02;9.732857e-02;6.590945e-02;8.616082e-02;1.564145e-01;1.862939e-01;5.148699e-02;1.083505e-01;1.802607e-02
1.039570e-01;5.132180e-02;6.777840e-02;1.381264e-02;8.415195e-02;5.781066e-02;1.028255e-01;1.399267e-01;1.735268e-01;6.390117e-02;1.242831e-01;1.670435e-02
7.801559e-02;6.660040e-02;6.540542e-02;2.463214e-02;6.637636e-02;4.890032e-02;1.283848e-01;1.070211e-01;1.743974e-01;7.773153e-02;1.491035e-01;1.343141e-02
6.505990e-02;7.482810e-02;4.584222e-02;3.529087e-02;5.142431e-02;4.611259e-02;1.211003e-01;8.847260e-02;2.260513e-01;6.230600e-02;1.408373e-01;4.267440e-02
6.719987e-02;7.987441e-02;5.257211e-02;4.515294e-02;5.120346e-02;4.887316e-02;9.903533e-02;9.511533e-02;2.538121e-01;5.262050e-02;1.222811e-01;3.225970e-02
4.092727e-02;1.043540e-01;4.432646e-02;5.004537e-02;4.797930e-02;6.875306e-02;8.281874e-02;7.901563e-02;3.314731e-01;4.646192e-02;9.003032e-02;1.381485e-02
3.627536e-02;1.093002e-01;5.496898e-02;6.102125e-02;4.964209e-02;8.666673e-02;6.715918e-02;7.158089e-02;3.580669e-01;3.164144e-02;4.736586e-02;2.631113e-02
3.048405e-02;1.148082e-01;6.361371e-02;6.973636e-02;4.784131e-02;1.067037e-01;4.989317e-02;6.169771e-02;3.833270e-01;2.483244e-02;2.070352e-02;2.635870e-02
3.226151e-02;1.190498e-01;7.375868e-02;6.332543e-02;4.429180e-02;1.395175e-01;4.100532e-02;5.610751e-02;3.592140e-01;2.198995e-02;2.217860e-02;2.729988e-02
3.866259e-02;1.233687e-01;9.616310e-02;5.124107e-02;5.089219e-02;1.673048e-01;2.882527e-02;5.609155e-02;2.861776e-01;3.829025e-02;2.806288e-02;3.491997e-02
4.931356e-02;1.274523e-01;1.272278e-01;3.663119e-02;6.281314e-02;1.629325e-01;6.993596e-02;5.438701e-02;1.863313e-01;5.331156e-02;2.726400e-02;4.239964e-02
9.726080e-02;1.333862e-01;1.348551e-01;4.033841e-02;6.874296e-02;1.425612e-01;8.627494e-02;5.168875e-02;1.094633e-01;6.138490e-02;2.986633e-02;4.417716e-02
1.184446e-01;1.265007e-01;1.556964e-01;4.888405e-02;5.469359e-02;1.102948e-01;7.690836e-02;7.240199e-02;8.399252e-02;5.911285e-02;5.007854e-02;4.299163e-02
6.158999e-02;1.060527e-01;2.704538e-01;3.475599e-02;2.913119e-02;7.823756e-02;1.065688e-01;9.466089e-02;5.708832e-02;5.028483e-02;7.066379e-02;4.051222e-02
5.576288e-02;1.019165e-01;2.629293e-01;2.669203e-02;3.306389e-02;8.342376e-02;1.262036e-01;6.626163e-02;9.363311e-02;4.821813e-02;7.017463e-02;3.172069e-02
8.791050e-02;9.879502e-02;2.483554e-01;3.764799e-02;4.132140e-02;9.229405e-02;7.683812e-02;4.325063e-02;9.185319e-02;5.875872e-02;7.173540e-02;5.123955e-02
6.091048e-02;4.805484e-02;2.712121e-01;5.579965e-02;4.847314e-02;7.251167e-02;1.092347e-01;4.904366e-02;6.123219e-02;9.104657e-02;8.019401e-02;5.228706e-02
3.250774e-02;2.452814e-02;3.275982e-01;6.047630e-02;5.827839e-02;5.627121e-02;1.199917e-01;4.061540e-02;4.489314e-02;1.184502e-01;8.327667e-02;3.311291e-02
1.918987e-02;4.415267e-02;3.957368e-01;5.293167e-02;5.779518e-02;3.427702e-02;9.191559e-02;2.916737e-02;6.390383e-02;1.304612e-01;6.436940e-02;1.609946e-02
2.452594e-02;6.754316e-02;3.574947e-01;4.278984e-02;4.496207e-02;6.120693e-02;7.822651e-02;4.791185e-02;7.141288e-02;1.282635e-01;4.514698e-02;3.051560e-02
3.157019e-02;9.858744e-02;2.909092e-01;3.802515e-02;3.148798e-02;9.034573e-02;8.225675e-02;5.931236e-02;7.378714e-02;1.095417e-01;3.617083e-02;5.800558e-02
5.574413e-02;1.228707e-01;2.696956e-01;5.150706e-02;3.727355e-02;9.518927e-02;6.835120e-02;4.824940e-02;8.254007e-02;7.035008e-02;3.131230e-02;6.691657e-02
7.354661e-02;1.505641e-01;2.637930e-01;5.854170e-02;3.384687e-02;8.938888e-02;5.446234e-02;3.880953e-02;1.009859e-01;4.641919e-02;3.339101e-02;5.625081e-02
7.347607e-02;1.664584e-01;1.974041e-01;5.134353e-02;4.572080e-02;7.884931e-02;8.073486e-02;4.357709e-02;1.292856e-01;4.004496e-02;4.405176e-02;4.905358e-02
8.130373e-02;1.753455e-01;9.398445e-02;4.523847e-02;8.221088e-02;6.709735e-02;7.146661e-02;6.607863e-02;1.723825e-01;4.637916e-02;5.734909e-02;4.116367e-02
7.678118e-02;1.406981e-01;1.641309e-01;4.893318e-02;8.083104e-02;6.247015e-02;8.136224e-02;7.678218e-02;1.341976e-01;5.715627e-02;4.528241e-02;3.137479e-02
7.273917e-02;1.339736e-01;2.218256e-01;5.046746e-02;7.504384e-02;7.953907e-02;7.816397e-02;6.203011e-02;1.134589e-01;6.082957e-02;2.724732e-02;2.468139e-02
3.883048e-02;1.425812e-01;2.462781e-01;5.695849e-02;6.281327e-02;9.299286e-02;6.231861e-02;4.610735e-02;1.233323e-01;6.055764e-02;3.429645e-02;3.293329e-02
4.147447e-02;1.416763e-01;2.549654e-01;5.632753e-02;5.898385e-02;9.775189e-02;4.331347e-02;4.413021e-02;1.186998e-01;6.120385e-02;3.634722e-02;4.512610e-02
4.677097e-02;1.395104e-01;2.593200e-01;7.206094e-02;7.546014e-02;1.065723e-01;4.324717e-02;2.888823e-02;1.159890e-01;4.529163e-02;2.480068e-02;4.208855e-02
4.849428e-02;1.480770e-01;2.297098e-01;8.034005e-02;9.269837e-02;1.002620e-01;3.867693e-02;2.964514e-02;1.206410e-01;4.071217e-02;2.730284e-02;4.344048e-02
8.611859e-02;1.669592e-01;1.978842e-01;8.520073e-02;9.680128e-02;8.264041e-02;2.261149e-02;3.520912e-02;1.204553e-01;3.786461e-02;3.301867e-02;3.523640e-02
1.075086e-01;1.859184e-01;2.024980e-01;8.393890e-02;8.027217e-02;7.104342e-02;3.164073e-02;2.632390e-02;1.258197e-01;4.215728e-02;2.006353e-02;2.281544e-02
1.097197e-01;1.987283e-01;2.068351e-01;7.702867e-02;7.890558e-02;6.303424e-02;2.930285e-02;2.529924e-02;1.316101e-01;4.399576e-02;1.409323e-02;2.144724e-02
1.039996e-01;2.101553e-01;1.947475e-01;7.633022e-02;8.720727e-02;6.303403e-02;2.418823e-02;2.501527e-02;1.305743e-01;4.082076e-02;2.378217e-02;2.014527e-02
1.276453e-01;2.167993e-01;1.725149e-01;7.120278e-02;7.364420e-02;5.672345e-02;3.373775e-02;1.971271e-02;1.205559e-01;4.933877e-02;2.897411e-02;2.915079e-02
1.554740e-01;2.205113e-01;1.696017e-01;5.612435e-02;5.532274e-02;4.410140e-02;3.722247e-02;3.045840e-02;1.088777e-01;6.760857e-02;2.535517e-02;2.934214e-02
1.738839e-01;1.942591e-01;1.543257e-01;3.418785e-02;4.829026e-02;3.073019e-02;7.619230e-02;4.399852e-02;9.581307e-02;8.720142e-02;3.540979e-02;2.570776e-02
1.896777e-01;1.403446e-01;1.483154e-01;3.491925e-02;5.672466e-02;3.175043e-02;9.180325e-02;6.449512e-02;7.537424e-02;8.039830e-02;5.854548e-02;2.765149e-02
2.339932e-01;7.858671e-02;1.252091e-01;6.457876e-02;9.485874e-02;3.036159e-02;9.614298e-02;9.211150e-02;3.320139e-02;4.591963e-02;6.706069e-02;3.797571e-02
2.657613e-01;7.723395e-02;1.073409e-01;7.686228e-02;9.832443e-02;3.068573e-02;7.547529e-02;1.095459e-01;3.238551e-02;3.607550e-02;4.844695e-02;4.186227e-02
2.710619e-01;1.000411e-01;1.095839e-01;7.500973e-02;7.770205e-02;2.008549e-02;6.065690e-02;1.131309e-01;3.661034e-02;4.064409e-02;5.924785e-02;3.622572e-02
2.775066e-01;9.374541e-02;9.370456e-02;8.212173e-02;6.278457e-02;1.922576e-02;7.685427e-02;1.087617e-01;4.134149e-02;5.198837e-02;5.041775e-02;4.154783e-02
2.682157e-01;7.597362e-02;7.723597e-02;9.199426e-02;5.058547e-02;2.362216e-02;1.195162e-01;8.990735e-02;5.389242e-02;6.060459e-02;3.183488e-02;5.661744e-02
2.209189e-01;5.460977e-02;8.614045e-02;9.661968e-02;4.778619e-02;3.028706e-02;1.691959e-01;7.114538e-02;5.217277e-02;6.934955e-02;3.664498e-02;6.512932e-02
1.618405e-01;6.011705e-02;7.096148e-02;1.258143e-01;4.252246e-02;3.117396e-02;2.297603e-01;5.346357e-02;4.256198e-02;7.021550e-02;4.320455e-02;6.836433e-02
1.089833e-01;8.406061e-02;7.106779e-02;1.336411e-01;3.923676e-02;3.302495e-02;2.883883e-01;3.813817e-02;3.590562e-02;6.822906e-02;3.577686e-02;6.354749e-02
1.117885e-01;7.418883e-02;6.489152e-02;1.117959e-01;4.352086e-02;4.181510e-02;3.101247e-01;3.808015e-02;3.738956e-02;6.312819e-02;4.437982e-02;5.889682e-02
8.761992e-02;5.013752e-02;6.711147e-02;1.194437e-01;3.764683e-02;3.107000e-02;3.450317e-01;4.512291e-02;3.255344e-02;6.858809e-02;4.968515e-02;6.598923e-02
6.398316e-02;3.839505e-02;4.732116e-02;1.341446e-01;5.148186e-02;3.487391e-02;3.539855e-01;2.904994e-02;2.993418e-02;8.913329e-02;5.363352e-02;7.406384e-02
6.976359e-02;2.415829e-02;5.606590e-02;1.391211e-01;4.855344e-02;4.035623e-02;3.270892e-01;3.346726e-02;3.214688e-02;8.448854e-02;6.071183e-02;8.407774e-02
5.807278e-02;2.655372e-02;6.220484e-02;1.575549e-01;4.163107e-02;3.894710e-02;3.268019e-01;4.355352e-02;2.368154e-02;7.903183e-02;4.816737e-02;9.379942e-02
7.495832e-02;3.406031e-02;5.025916e-02;1.561614e-01;3.384921e-02;3.272808e-02;3.245516e-01;4.358742e-02;3.957732e-02;7.614390e-02;4.070998e-02;9.341335e-02
8.924261e-02;4.700733e-02;5.980311e-02;1.416007e-01;4.219998e-02;4.801668e-02;2.931889e-01;4.472100e-02;3.523876e-02;6.177980e-02;5.557223e-02;8.162893e-02
1.009980e-01;6.331992e-02;1.004186e-01;1.327575e-01;5.133434e-02;3.449161e-02;2.349761e-01;4.073171e-02;3.416042e-02;6.098520e-02;6.936190e-02;7.646457e-02
9.729415e-02;5.679067e-02;1.673146e-01;1.181367e-01;5.165929e-02;3.813875e-02;1.988807e-01;2.429438e-02;4.091476e-02;5.360414e-02;7.352633e-02;7.944559e-02
9.469648e-02;3.685511e-02;1.808500e-01;1.063772e-01;4.435313e-02;4.611003e-02;2.237038e-01;1.830508e-02;2.769470e-02;5.138490e-02;7.270817e-02;9.696133e-02
8.430543e-02;4.046390e-02;2.110448e-01;9.157769e-02;3.746379e-02;5.168520e-02;2.461013e-01;2.066134e-02;3.356665e-02;4.228078e-02;4.567298e-02;9.517614e-02
7.406073e-02;4.730560e-02;2.556498e-01;7.869031e-02;5.290794e-02;7.154182e-02;2.220878e-01;2.323409e-02;3.431275e-02;3.540742e-02;4.192239e-02;6.287931e-02
4.047531e-02;4.106752e-02;2.914779e-01;6.305981e-02;6.063124e-02;9.624922e-02;2.178130e-01;2.654603e-02;3.422174e-02;3.182388e-02;4.790645e-02;4.872793e-02
5.281994e-02;5.122934e-02;2.932301e-01;5.335628e-02;5.144192e-02;8.655642e-02;2.152595e-01;2.983932e-02;3.998387e-02;3.147471e-02;4.928679e-02;4.552182e-02
4.397073e-02;6.274514e-02;2.490411e-01;6.561980e-02;3.964797e-02;7.379821e-02;2.492041e-01;3.128513e-02;4.725667e-02;3.014807e-02;5.573416e-02;5.154888e-02
3.405855e-02;3.729773e-02;1.701635e-01;6.208798e-02;4.243229e-02;7.534155e-02;3.153484e-01;3.477273e-02;5.611183e-02;3.941461e-02;7.482960e-02;5.814131e-02
5.469429e-02;3.478277e-02;1.193931e-01;4.064102e-02;5.468915e-02;6.960275e-02;3.513300e-01;3.731340e-02;5.052636e-02;3.462364e-02;8.177180e-02;7.063179e-02
