5.414299e-02;6.012992e-02;7.645617e-02;4.723035e-02;6.016885e-02;5.271794e-02;1.836885e-01;3.982143e-02;1.100659e-01;1.111894e-01;7.468946e-02;1.296991e-01
4.510817e-02;8.014951e-02;9.540265e-02;5.081350e-02;6.838612e-02;4.908450e-02;1.519762e-01;6.005408e-02;1.155884e-01;1.148013e-01;6.279604e-02;1.058395e-01
5.952069e-02;9.549056e-02;1.338258e-01;5.979821e-02;7.820859e-02;3.759893e-02;9.547807e-02;8.848230e-02;1.108556e-01;9.509622e-02;8.340064e-02;6.224436e-02
6.476586e-02;8.056983e-02;1.427026e-01;8.380888e-02;6.683951e-02;3.627453e-02;6.584776e-02;9.555233e-02;1.046880e-01;8.876278e-02;1.135173e-01;5.667058e-02
5.572063e-02;5.704976e-02;1.279561e-01;8.772515e-02;6.708550e-02;5.539009e-02;1.150087e-01;7.869039e-02;1.449400e-01;7.362855e-02;9.087743e-02;4.592763e-02
7.768053e-02;5.866040e-02;8.711876e-02;7.995047e-02;7.075171e-02;8.625741e-02;1.365027e-01;8.179365e-02;1.506367e-01;4.695090e-02;4.906178e-02;7.463507e-02
9.087335e-02;7.438503e-02;7.378133e-02;7.130551e-02;6.944308e-02;8.585158e-02;1.219044e-01;7.683863e-02;1.429736e-01;6.090005e-02;3.084786e-02;1.008955e-01
7.383288e-02;6.667794e-02;9.170227e-02;6.509834e-02;4.424731e-02;8.022328e-02;1.349036e-01;8.109917e-02;1.175379e-01;8.563143e-02;4.729860e-02;1.117473e-01
7.810656e-02;5.407607e-02;1.190180e-01;7.347753e-02;4.184886e-02;8.024715e-02;1.384292e-01;8.035727e-02;8.602373e-02;7.996240e-02;7.611558e-02;9.233770e-02
8.800946e-02;3.804684e-02;1.046520e-01;8.567385e-02;4.133283e-02;6.850659e-02;1.145054e-01;9.710732e-02;1.376090e-01;5.131819e-02;1.009823e-01;7.225627e-02
7.881600e-02;3.493989e-02;8.213311e-02;1.214379e-01;4.822491e-02;8.507270e-02;8.899698e-02;9.255229e-02;1.554110e-01;6.685174e-02;8.793882e-02;5.762457e-02
7.727711e-02;7.158608e-02;8.408089e-02;1.516899e-01;3.161893e-02;1.143724e-01;7.604863e-02;8.089276e-02;9.818467e-02;9.064741e-02;7.939939e-02;4.420184e-02
3.901605e-02;8.251350e-02;8.297522e-02;1.240920e-01;7.218000e-02;1.067897e-01;1.199095e-01;9.522491e-02;6.866015e-02;5.487407e-02;1.039113e-01;4.985362e-02
4.011974e-02;9.323577e-02;1.119756e-01;6.735251e-02;1.008123e-01;9.461746e-02;7.689875e-02;1.344364e-01;8.344895e-02;8.566166e-02;7.679687e-02;3.464390e-02
3.951894e-02;7.911076e-02;9.135418e-02;6.896651e-02;5.343914e-02;8.790758e-02;8.166548e-02;1.129804e-01;1.490100e-01;1.236806e-01;7.880124e-02;3.356528e-02
8.705045e-02;6.219026e-02;6.797294e-02;6.959781e-02;5.199843e-02;6.346653e-02;1.067071e-01;7.029893e-02;1.159652e-01;1.238549e-01;1.360037e-01;4.489376e-02
5.764895e-02;6.474580e-02;7.110652e-02;8.744842e-02;4.651649e-02;8.420587e-02;6.970597e-02;1.038801e-01;9.079502e-02;1.072241e-01;1.765446e-01;4.017811e-02
3.303367e-02;6.176565e-02;6.957325e-02;5.617575e-02;8.732638e-02;9.578410e-02;4.877313e-02;1.334432e-01;1.233383e-01;9.350107e-02;1.471609e-01;5.012475e-02
9.052464e-02;5.946516e-02;7.971223e-02;5.229377e-02;6.891687e-02;1.103384e-01;8.751713e-02;1.200824e-01;9.398402e-02;7.868719e-02;1.055897e-01;5.288861e-02
1.448648e-01;5.454048e-02;1.124251e-01;6.879144e-02;7.390118e-02;7.146523e-02;1.061419e-01;1.222327e-01;5.207940e-02;7.169086e-02;6.669743e-02;5.516959e-02
1.211790e-01;7.096555e-02;9.627775e-02;7.239164e-02;9.170698e-02;6.121378e-02;8.435795e-02;1.231515e-01;8.054253e-02;5.659043e-02;9.389739e-02;4.772540e-02
9.232856e-02;6.077401e-02;5.399750e-02;1.003663e-01;7.144960e-02;8.816193e-02;1.046340e-01;9.700764e-02;1.013360e-01;5.467079e-02;1.120532e-01;6.322051e-02
6.905727e-02;5.154594e-02;1.132269e-01;5.940221e-02;7.851174e-02;8.121050e-02;1.503965e-01;7.623765e-02;1.075578e-01;5.154696e-02;9.412194e-02;6.718463e-02
6.957980e-02;4.073294e-02;1.462939e-01;3.894674e-02;7.482607e-02;8.517188e-02;1.937315e-01;8.565687e-02;6.303119e-02;8.265761e-02;5.753767e-02;6.183379e-02
4.793064e-02;4.651896e-02;1.344697e-01;4.887861e-02;5.983058e-02;8.789394e-02;1.959320e-01;9.902959e-02;6.364202e-02;7.561340e-02;6.454347e-02;7.571705e-02
4.375787e-02;8.677188e-02;7.978241e-02;7.147229e-02;4.228825e-02;1.116452e-01;1.291478e-01;6.105532e-02;1.660710e-01;4.488162e-02;7.383018e-02;8.929618e-02
3.756431e-02;1.171874e-01;4.901073e-02;9.151527e-02;3.932131e-02;1.282539e-01;6.013144e-02;3.190371e-02;2.485128e-01;5.009546e-02;6.179117e-02;8.471243e-02
4.267869e-02;1.062265e-01;3.870708e-02;9.261429e-02;5.823375e-02;1.015456e-01;7.492389e-02;5.611272e-02;2.382222e-01;3.727720e-02;8.945923e-02;6.399903e-02
3.774884e-02;9.466792e-02;3.919353e-02;9.025037e-02;6.901609e-02;8.820435e-02;7.727573e-02;5.964174e-02;2.312618e-01;2.830316e-02;1.420790e-01;4.235751e-02
3.648918e-02;8.560785e-02;4.514676e-02;1.009703e-01;7.563706e-02;9.450929e-02;4.298456e-02;8.440261e-02;2.133259e-01;3.022538e-02;1.347219e-01;5.597913e-02
4.969034e-02;6.659684e-02;7.354306e-02;1.125343e-01;8.059816e-02;9.868717e-02;5.372661e-02;9.286765e-02;1.603480e-01;3.622553e-02;1.179368e-01;5.724555e-02
6.394004e-02;4.723474e-02;7.344154e-02;1.235311e-01;9.287831e-02;9.469877e-02;9.258697e-02;7.759801e-02;1.170202e-01;3.574075e-02;1.408484e-01;4.048111e-02
8.266667e-02;4.822762e-02;1.313881e-01;1.307801e-01;7.531717e-02;8.804640e-02;1.164248e-01;3.288125e-02;9.095355e-02;2.099766e-02;1.559162e-01;2.640047e-02
1.297601e-01;1.131093e-01;2.243299e-01;1.084663e-01;6.954192e-02;7.706018e-02;8.364797e-02;2.161536e-02;3.820671e-02;3.237648e-02;7.129163e-02;3.059410e-02
1.501247e-01;1.057033e-01;2.144858e-01;8.302758e-02;7.338390e-02;6.545316e-02;6.603155e-02;3.919568e-02;5.121798e-02;2.968486e-02;9.178486e-02;2.990660e-02
1.211101e-01;6.800968e-02;2.216425e-01;7.140271e-02;8.780375e-02;1.056556e-01;4.741083e-02;5.954524e-02;6.129168e-02;2.550306e-02;1.004789e-01;3.014597e-02
8.693355e-02;8.736667e-02;2.105962e-01;6.670555e-02;7.948960e-02;8.618595e-02;6.601218e-02;8.068815e-02;1.020744e-01;3.022196e-02;6.853120e-02;3.519458e-02
3.733192e-02;1.249229e-01;2.904863e-01;5.324841e-02;4.659076e-02;2.889901e-02;9.974162e-02;5.116693e-02;8.523343e-02;6.439989e-02;4.969425e-02;6.828461e-02
5.729517e-02;1.677933e-01;2.561596e-01;3.342717e-02;3.828974e-02;3.539556e-02;6.278953e-02;2.786870e-02;8.816113e-02;6.453480e-02;6.223451e-02;1.060508e-01
7.458780e-02;2.185755e-01;2.350877e-01;3.723771e-02;2.696607e-02;5.155488e-02;4.631164e-02;1.822643e-02;9.493418e-02;4.558959e-02;4.142007e-02;1.095084e-01
6.120718e-02;2.759998e-01;2.456674e-01;5.182245e-02;2.090221e-02;5.819480e-02;3.607338e-02;1.782201e-02;9.246026e-02;2.956368e-02;1.717836e-02;9.310838e-02
9.961399e-02;3.095851e-01;2.195879e-01;7.094335e-02;1.967672e-02;4.955563e-02;2.478010e-02;1.785623e-02;9.121615e-02;2.235938e-02;2.097197e-02;5.385347e-02
1.234365e-01;3.169374e-01;1.884169e-01;9.632728e-02;2.424984e-02;4.306978e-02;1.783958e-02;1.920269e-02;9.360696e-02;1.887938e-02;2.647088e-02;3.156279e-02
1.791392e-01;2.835675e-01;1.145213e-01;1.048881e-01;2.962163e-02;4.863257e-02;2.001448e-02;3.293757e-02;9.101395e-02;1.940685e-02;3.759021e-02;3.866675e-02
2.371539e-01;2.218334e-01;9.562121e-02;8.274215e-02;1.867878e-02;5.666706e-02;5.820580e-02;4.348636e-02;7.808485e-02;1.650870e-02;4.965851e-02;4.135922e-02
2.431442e-01;1.546689e-01;9.613302e-02;5.359852e-02;3.111599e-02;6.113929e-02;1.102769e-01;4.839494e-02;6.237428e-02;3.003884e-02;6.932475e-02;3.979042e-02
2.297573e-01;9.512746e-02;6.434389e-02;3.207304e-02;5.702543e-02;6.290068e-02;1.412460e-01;7.181439e-02;5.734888e-02;4.134544e-02;1.020057e-01;4.501187e-02
2.194393e-01;1.250597e-01;1.360238e-01;5.792155e-02;5.876268e-02;3.140820e-02;8.724022e-02;9.922478e-02;3.526714e-02;4.515499e-02;7.338298e-02;3.111468e-02
2.443285e-01;1.524681e-01;1.681367e-01;8.635864e-02;2.954867e-02;3.619977e-02;3.446862e-02;1.098379e-01;3.116048e-02;4.291999e-02;3.368590e-02;3.088668e-02
2.653222e-01;4.946708e-02;1.489611e-01;8.713716e-02;7.559304e-02;5.171904e-02;5.476506e-02;1.364589e-01;3.718877e-02;1.990674e-02;3.888345e-02;3.459753e-02
1.566491e-01;1.362170e-01;2.177275e-01;4.169363e-02;5.977529e-02;3.285973e-02;9.830804e-02;8.383618e-02;6.410919e-02;3.333206e-02;5.872747e-02;1.676486e-02
1.143104e-01;1.570739e-01;2.542120e-01;4.007697e-02;5.106743e-02;3.073259e-02;9.347039e-02;5.132080e-02;8.085316e-02;3.573764e-02;7.039163e-02;2.075300e-02
1.173341e-01;1.368993e-01;2.182324e-01;4.236057e-02;8.045740e-02;5.245316e-02;9.462322e-02;4.935905e-02;7.742090e-02;2.809402e-02;8.569992e-02;1.706590e-02
1.388741e-01;1.038712e-01;1.536795e-01;2.359586e-02;1.293950e-01;8.615369e-02;7.450435e-02;7.493532e-02;5.201484e-02;2.627751e-02;1.198813e-01;1.681743e-02
1.358045e-01;4.772471e-02;9.491302e-02;3.636970e-02;1.654583e-01;9.254546e-02;8.240218e-02;1.006034e-01;4.455854e-02;3.321610e-02;1.461464e-01;2.025764e-02
1.276868e-01;3.754695e-02;9.717128e-02;3.598631e-02;1.733658e-01;7.487424e-02;9.293588e-02;1.027965e-01;6.372885e-02;1.911444e-02;1.467872e-01;2.800575e-02
1.390995e-01;3.636665e-02;9.606180e-02;3.361538e-02;1.741740e-01;5.527397e-02;9.612264e-02;1.317262e-01;4.276627e-02;2.661944e-02;1.407807e-01;2.739348e-02
1.523773e-01;4.752617e-02;1.009931e-01;4.273810e-02;1.667280e-01;3.204894e-02;7.673005e-02;1.469325e-01;5.395306e-02;1.877734e-02;1.330247e-01;2.817083e-02
1.580910e-01;3.987731e-02;9.437282e-02;6.124697e-02;1.513010e-01;2.625188e-02;8.715378e-02;1.741475e-01;2.976670e-02;3.580138e-02;1.202074e-01;2.178215e-02
1.554010e-01;2.743830e-02;9.168889e-02;8.914503e-02;1.254936e-01;1.861469e-02;1.058417e-01;1.865295e-01;3.651937e-02;3.561538e-02;1.039342e-01;2.377836e-02
1.517487e-01;2.706544e-02;1.115675e-01;1.014734e-01;9.077701e-02;4.217225e-02;1.308849e-01;1.606010e-01;2.920324e-02;3.936496e-02;8.252514e-02;3.261634e-02
1.336811e-01;4.533262e-02;1.022879e-01;9.804273e-02;7.935577e-02;6.080383e-02;1.863521e-01;1.102635e-01;4.116018e-02;3.412823e-02;7.157183e-02;3.702024e-02
8.437591e-02;3.578291e-02;9.575380e-02;8.577268e-02;7.253681e-02;5.735042e-02;2.358575e-01;1.153414e-01;7.366013e-02;4.377883e-02;5.847280e-02;4.131674e-02
1.258691e-01;2.720377e-02;1.267721e-01;5.716556e-02;8.588299e-02;2.702585e-02;1.914581e-01;1.737134e-01;6.441119e-02;4.541669e-02;3.688575e-02;3.819548e-02
1.633006e-01;4.838059e-02;1.167201e-01;3.054770e-02;9.128197e-02;4.521718e-02;1.468974e-01;1.819829e-01;7.009456e-02;2.695234e-02;4.577609e-02;3.284862e-02
2.003892e-01;6.537193e-02;1.205859e-01;2.912789e-02;7.807251e-02;5.447780e-02;1.573750e-01;1.538882e-01;5.061924e-02;2.479558e-02;3.784408e-02;2.745268e-02
2.262532e-01;7.923350e-02;1.456126e-01;4.384137e-02;1.126724e-01;4.156239e-02;1.086025e-01;1.399020e-01;2.533473e-02;2.583689e-02;2.070543e-02;3.044295e-02
2.489258e-01;7.834414e-02;1.280799e-01;5.653272e-02;1.397449e-01;4.588911e-02;5.916209e-02;1.282723e-01;2.451430e-02;3.028321e-02;2.995790e-02;3.029356e-02
2.586458e-01;8.168810e-02;1.132757e-01;4.510374e-02;1.669451e-01;3.389811e-02;5.216031e-02;1.089366e-01;3.823509e-02;2.110992e-02;5.338455e-02;2.661702e-02
2.375769e-01;1.176730e-01;1.158368e-01;2.827610e-02;1.484219e-01;3.661663e-02;5.541378e-02;7.630095e-02;6.097395e-02;2.792604e-02;7.268075e-02;2.230335e-02
1.815785e-01;1.655834e-01;1.403980e-01;5.401852e-02;9.848342e-02;6.428680e-02;4.243254e-02;4.659611e-02;8.295477e-02;2.879247e-02;6.891479e-02;2.596070e-02
1.069080e-01;1.961033e-01;1.831196e-01;7.821420e-02;5.374585e-02;9.979181e-02;2.027107e-02;3.082907e-02;1.191795e-01;2.472136e-02;4.362526e-02;4.349108e-02
6.605939e-02;1.973137e-01;2.337064e-01;6.436004e-02;2.444203e-02;1.076765e-01;3.003573e-02;4.457483e-02;1.177534e-01;3.648937e-02;2.042386e-02;5.716470e-02
5.427516e-02;1.812102e-01;3.000701e-01;3.581578e-02;2.313159e-02;7.636670e-02;4.551831e-02;6.084146e-02;8.472562e-02;6.086325e-02;2.307298e-02;5.410890e-02
4.325342e-02;1.565382e-01;3.770237e-01;2.733318e-02;4.337666e-02;4.159335e-02;5.234978e-02;4.739975e-02;5.766371e-02;8.855093e-02;2.944044e-02;3.547684e-02
3.989847e-02;1.124347e-01;4.239696e-01;3.924016e-02;5.140219e-02;3.294138e-02;6.767364e-02;2.464054e-02;2.879271e-02;1.120846e-01;3.490467e-02;3.201740e-02
5.596197e-02;7.107543e-02;4.432733e-01;5.115099e-02;4.005876e-02;3.440400e-02;8.139975e-02;2.445883e-02;2.129818e-02;1.054494e-01;3.287807e-02;3.859128e-02
7.461312e-02;3.210983e-02;4.558391e-01;5.315905e-02;3.350667e-02;2.990198e-02;9.311175e-02;3.075058e-02;3.236368e-02;8.792666e-02;2.890714e-02;4.781047e-02
6.476558e-02;2.848543e-02;4.272615e-01;5.359890e-02;4.520518e-02;3.068827e-02;1.018493e-01;4.820979e-02;3.690254e-02;8.260432e-02;3.618851e-02;4.424063e-02
6.820138e-02;3.495383e-02;3.849605e-01;5.315159e-02;4.876895e-02;3.961019e-02;1.123857e-01;6.075988e-02;4.924933e-02;7.784411e-02;3.599001e-02;3.412456e-02
5.724318e-02;4.541507e-02;3.784337e-01;5.654357e-02;5.099285e-02;4.519118e-02;1.130989e-01;6.499515e-02;5.167133e-02;8.118035e-02;2.256886e-02;3.266586e-02
3.051063e-02;6.631356e-02;4.023418e-01;6.180087e-02;4.830300e-02;4.981573e-02;7.064370e-02;6.328960e-02;6.382763e-02;8.367420e-02;2.469430e-02;3.478503e-02
3.335200e-02;5.763868e-02;4.487619e-01;4.939993e-02;4.502524e-02;6.100076e-02;5.566452e-02;6.608489e-02;4.710676e-02;6.101897e-02;3.565096e-02;3.929539e-02
4.809045e-02;4.046448e-02;4.829656e-01;5.180964e-02;4.529328e-02;5.840509e-02;4.178858e-02;6.368165e-02;3.986932e-02;6.175699e-02;2.756939e-02;3.830550e-02
5.987987e-02;6.809739e-02;4.415540e-01;5.725975e-02;4.277155e-02;4.916579e-02;4.733528e-02;4.874669e-02;4.306242e-02;6.084751e-02;2.574934e-02;5.553039e-02
6.196589e-02;8.509767e-02;4.383970e-01;4.707260e-02;4.467994e-02;3.770150e-02;2.725123e-02;3.674278e-02;3.861828e-02;8.088538e-02;3.293246e-02;6.865530e-02
4.676942e-02;7.875507e-02;3.810220e-01;3.207430e-02;2.552500e-02;5.014537e-02;6.759900e-02;6.032192e-02;4.361888e-02;1.391105e-01;2.539275e-02;4.966586e-02
3.471221e-02;4.402290e-02;2.404163e-01;5.009120e-02;3.163401e-02;4.495838e-02;8.288482e-02;1.965240e-01;5.272742e-02;1.639253e-01;3.496082e-02;2.314252e-02
4.863155e-02;4.311534e-02;1.237114e-01;4.859146e-02;2.624411e-02;6.731941e-02;1.012359e-01;2.690883e-01;8.922341e-02;1.313729e-01;3.594610e-02;1.552027e-02
4.792494e-02;4.817642e-02;8.174473e-02;3.754673e-02;4.096235e-02;8.206528e-02;1.358530e-01;2.657968e-01;9.872065e-02;1.162417e-01;3.535168e-02;9.615672e-03
5.302780e-02;4.084082e-02;6.813847e-02;5.056112e-02;7.610015e-02;7.251631e-02;1.631910e-01;2.380421e-01;9.753793e-02;7.152482e-02;3.575599e-02;3.276343e-02
8.510976e-02;3.315315e-02;6.140156e-02;6.538215e-02;1.123316e-01;1.279714e-01;1.279136e-01;1.527697e-01;9.876058e-02;4.155061e-02;1.947710e-02;7.417877e-02
1.269990e-01;2.230520e-02;7.960912e-02;5.449764e-02;1.326708e-01;9.165207e-02;8.581742e-02;1.119191e-01;7.665069e-02;4.021803e-02;6.768032e-02;1.099806e-01
9.529365e-02;2.642412e-02;1.817918e-01;7.453338e-02;8.863211e-02;4.756101e-02;1.103519e-01;7.273860e-02;3.826686e-02;6.021193e-02;9.807540e-02;1.061192e-01
7.375681e-02;2.064557e-02;2.707829e-01;8.063552e-02;7.102823e-02;3.958695e-02;1.051769e-01;5.095546e-02;3.071943e-02;7.560275e-02;9.396608e-02;8.714345e-02
6.646325e-02;4.009782e-02;3.252721e-01;7.464734e-02;6.936428e-02;2.575456e-02;9.570415e-02;3.988653e-02;3.173911e-02;7.655495e-02;8.755644e-02;6.695952e-02
5.802445e-02;5.470501e-02;3.113660e-01;8.949083e-02;6.372865e-02;3.051252e-02;1.092654e-01;4.451452e-02;3.696984e-02;6.761189e-02;8.269776e-02;5.111311e-02
7.108558e-02;6.538408e-02;1.844328e-01;8.409568e-02;8.198123e-02;4.598602e-02;8.322159e-02;7.924516e-02;5.973570e-02;6.470087e-02;1.002540e-01;7.987728e-02
7.986042e-02;6.939111e-02;1.861498e-01;8.484101e-02;8.198424e-02;5.409614e-02;6.366702e-02;8.574611e-02;6.101282e-02;6.924289e-02;1.056114e-01;5.839705e-02
6.635499e-02;6.429114e-02;2.090074e-01;9.129648e-02;8.133189e-02;6.805509e-02;6.482333e-02;6.959890e-02;7.450980e-02;7.805272e-02;8.330895e-02;4.936930e-02
7.022785e-02;4.770141e-02;2.519508e-01;5.871219e-02;7.145851e-02;5.954839e-02;6.842981e-02;8.957074e-02;8.216259e-02;8.999134e-02;4.412753e-02;6.611878e-02
4.350860e-02;2.621108e-02;1.024294e-01;6.342440e-02;9.877678e-02;1.082033e-01;1.002185e-01;1.373625e-01;1.614145e-01;8.941825e-02;3.321638e-02;3.581639e-02
3.931389e-02;2.459459e-02;6.560044e-02;7.196928e-02;9.066097e-02;9.851155e-02;1.008204e-01;1.578590e-01;2.066066e-01;8.865894e-02;2.905542e-02;2.634887e-02
3.256901e-02;2.632186e-02;5.459673e-02;7.881524e-02;8.434195e-02;8.544575e-02;8.993234e-02;1.650127e-01;2.335848e-01;9.278386e-02;2.757650e-02;2.901931e-02
2.276753e-02;3.159402e-02;4.692863e-02;9.352366e-02;7.512385e-02;7.135956e-02;7.735009e-02;1.587444e-01;2.430283e-01;1.003872e-01;3.859036e-02;4.060233e-02
2.773304e-02;3.082007e-02;5.111352e-02;9.586870e-02;7.830523e-02;4.309501e-02;8.254473e-02;1.456331e-01;1.918415e-01;1.632249e-01;5.355751e-02;3.626268e-02
3.116976e-02;1.964530e-02;6.372920e-02;7.258018e-02;6.973437e-02;5.426074e-02;8.350345e-02;2.046926e-01;1.852531e-01;1.415726e-01;5.321131e-02;2.064738e-02
6.629390e-02;2.744833e-02;1.502612e-01;9.246238e-02;7.640370e-02;5.045886e-02;1.111100e-01;1.399465e-01;8.562435e-02;9.532983e-02;6.705683e-02;3.760412e-02
8.210286e-02;2.043170e-02;2.396923e-01;1.049832e-01;7.978968e-02;4.514129e-02;1.113706e-01;5.979723e-02;6.112620e-02;7.579145e-02;8.455512e-02;3.521840e-02
6.241939e-02;5.386009e-02;2.868984e-01;9.478603e-02;5.953403e-02;4.415398e-02;8.730494e-02;4.534648e-02;7.415114e-02;7.047204e-02;8.717096e-02;3.390247e-02
3.546328e-02;9.286700e-02;2.934021e-01;8.292035e-02;3.835026e-02;6.183303e-02;7.839188e-02;5.776538e-02;9.526037e-02;5.758078e-02;6.780557e-02;3.836002e-02
3.861918e-02;9.707517e-02;2.961555e-01;8.354383e-02;3.227785e-02;6.358613e-02;4.224666e-02;7.187121e-02;1.153833e-01;6.034336e-02;5.065980e-02;4.823806e-02
2.357637e-02;6.529001e-02;3.640810e-01;8.962934e-02;5.778074e-02;5.363710e-02;5.264916e-02;6.311956e-02;8.405964e-02;4.561732e-02;4.026119e-02;6.029861e-02
3.425100e-02;3.149158e-02;4.247606e-01;7.066593e-02;7.304763e-02;4.944444e-02;7.695440e-02;4.178579e-02;4.606861e-02;6.380834e-02;3.231025e-02;5.541141e-02
3.466931e-02;4.300713e-02;4.281226e-01;4.887427e-02;8.910532e-02;4.272130e-02;1.058216e-01;2.068485e-02;3.546362e-02;9.548124e-02;2.953958e-02;2.650922e-02
4.521349e-02;2.729606e-02;4.277953e-01;4.994575e-02;1.027686e-01;3.222118e-02;1.122310e-01;3.428685e-02;2.146801e-02;9.553682e-02;3.664735e-02;1.458958e-02
6.938571e-02;2.268234e-02;3.794692e-01;9.229358e-02;1.000375e-01;3.903454e-02;9.022351e-02;4.002833e-02;2.151721e-02;7.773737e-02;4.824138e-02;1.934938e-02
8.677935e-02;2.242188e-02;3.159640e-01;1.412378e-01;8.602438e-02;5.661184e-02;9.306169e-02;2.044179e-02;4.266758e-02;5.840046e-02;6.066329e-02;1.572590e-02
7.292063e-02;1.797325e-02;2.751586e-01;1.635612e-01;6.974605e-02;4.226195e-02;1.020276e-01;6.172320e-02;5.192685e-02;4.807086e-02;8.236600e-02;1.226381e-02
5.832913e-02;2.144502e-02;2.561764e-01;1.839860e-01;5.291168e-02;4.257604e-02;8.899452e-02;1.017803e-01;3.909622e-02;3.280910e-02;1.095373e-01;1.235830e-02
4.597123e-02;1.593179e-02;2.586825e-01;1.803488e-01;4.101655e-02;4.223367e-02;9.051540e-02;1.157857e-01;2.823170e-02;3.553268e-02;1.301215e-01;1.562846e-02
3.760963e-02;1.539393e-02;2.610173e-01;1.570105e-01;2.749275e-02;5.338258e-02;9.635585e-02;1.138033e-01;2.710635e-02;4.187037e-02;1.448579e-01;2.409957e-02
3.864567e-02;1.853720e-02;2.720553e-01;1.334331e-01;2.867614e-02;5.766547e-02;9.779910e-02;1.032427e-01;3.681576e-02;4.348216e-02;1.430753e-01;2.657209e-02
3.661688e-02;1.543349e-02;3.147047e-01;1.106459e-01;2.473347e-02;4.047318e-02;9.525166e-02;9.218883e-02;3.832568e-02;6.097762e-02;1.415019e-01;2.914669e-02
4.271239e-02;2.525705e-02;3.612248e-01;9.013063e-02;2.318585e-02;2.621849e-02;1.045407e-01;6.989048e-02;3.733737e-02;7.134046e-02;1.216007e-01;2.656113e-02
4.833825e-02;5.537098e-02;3.705646e-01;8.554723e-02;3.193614e-02;2.162716e-02;1.109023e-01;4.378227e-02;4.268338e-02;6.262498e-02;1.018975e-01;2.472514e-02
5.242972e-02;7.414641e-02;3.293707e-01;8.175604e-02;3.878322e-02;4.133144e-02;9.951015e-02;5.319759e-02;6.123687e-02;5.253890e-02;1.041495e-01;1.154936e-02
5.129521e-02;7.839908e-02;2.441445e-01;7.356317e-02;5.255258e-02;5.793187e-02;7.670859e-02;6.248707e-02;6.181785e-02;1.002686e-01;1.213772e-01;1.945417e-02
4.686919e-02;4.104319e-02;2.564203e-01;9.247882e-02;5.327553e-02;6.564431e-02;7.487035e-02;6.986523e-02;1.026263e-01;8.261601e-02;7.817225e-02;3.611850e-02
3.893150e-02;4.732429e-02;2.270722e-01;8.234298e-02;5.399302e-02;6.535737e-02;1.222813e-01;9.509898e-02;9.745725e-02;5.613589e-02;6.273131e-02;5.127396e-02
2.402590e-02;4.336597e-02;1.899077e-01;8.435060e-02;5.265376e-02;4.893632e-02;1.418878e-01;1.215353e-01;9.607072e-02;8.516271e-02;6.087648e-02;5.122682e-02
3.928678e-02;2.662141e-02;1.578309e-01;8.865843e-02;4.773412e-02;8.267265e-02;1.089400e-01;1.438025e-01;9.474794e-02;7.650120e-02;7.099045e-02;6.221360e-02
4.776586e-02;4.460287e-02;1.896470e-01;7.034604e-02;5.853245e-02;8.870029e-02;7.387628e-02;1.362750e-01;8.393567e-02;7.570644e-02;6.156921e-02;6.904286e-02
4.357937e-02;3.480227e-02;1.742547e-01;7.333504e-02;6.873477e-02;6.201854e-02;1.242752e-01;1.026908e-01;7.164024e-02;8.357406e-02;8.224053e-02;7.885440e-02
5.710963e-02;2.883137e-02;1.537008e-01;9.009311e-02;5.481065e-02;6.265491e-02;1.322643e-01;9.340519e-02;5.362899e-02;7.872109e-02;1.033171e-01;9.146284e-02
1.227282e-01;9.779068e-02;1.108443e-01;7.885516e-02;7.633676e-02;8.380024e-02;1.015841e-01;5.659631e-02;5.884985e-02;6.312953e-02;8.497852e-02;6.450634e-02
1.014491e-01;6.331682e-02;1.758150e-01;9.983440e-02;7.872126e-02;8.117894e-02;8.914141e-02;7.181340e-02;7.032600e-02;4.609094e-02;6.815143e-02;5.416128e-02
8.425128e-02;6.365779e-02;2.270050e-01;1.028301e-01;7.436172e-02;7.265736e-02;9.583668e-02;5.431739e-02;6.865967e-02;4.711707e-02;6.072017e-02;4.858581e-02
4.761757e-02;8.985613e-02;3.163695e-01;7.775962e-02;5.543681e-02;5.704658e-02;9.962820e-02;4.002807e-02;6.184710e-02;6.212991e-02;5.064934e-02;4.163110e-02
4.826882e-02;1.358369e-01;3.321805e-01;4.339976e-02;3.602894e-02;5.723573e-02;7.692429e-02;5.638864e-02;6.920960e-02;6.056140e-02;3.751322e-02;4.645213e-02
1.000112e-01;1.964887e-01;2.557582e-01;2.173696e-02;1.530711e-02;6.063968e-02;5.374031e-02;7.642751e-02;8.301026e-02;5.473328e-02;2.858548e-02;5.356120e-02
1.485668e-01;2.165120e-01;1.865001e-01;3.296221e-02;1.580141e-02;5.960026e-02;5.169799e-02;8.095550e-02;9.244322e-02;4.082500e-02;2.302154e-02;5.111398e-02
1.628702e-01;1.987319e-01;1.865915e-01;4.865297e-02;2.431655e-02;6.245134e-02;6.401101e-02;6.717353e-02;1.002416e-01;3.117453e-02;1.078995e-02;4.299496e-02
1.459691e-01;1.630866e-01;1.634186e-01;4.963408e-02;4.260451e-02;5.871674e-02;1.517677e-01;6.576719e-02;8.331966e-02;1.919201e-02;2.832412e-02;2.819974e-02
1.181086e-01;1.026977e-01;1.272943e-01;4.539904e-02;6.936458e-02;3.285783e-02;2.354096e-01;9.396433e-02;6.152283e-02;3.318568e-02;4.773442e-02;3.246098e-02
1.152048e-01;8.585147e-02;8.731499e-02;3.494177e-02;7.369182e-02;3.260015e-02;2.665794e-01;1.149980e-01;5.310931e-02;5.394800e-02;4.678535e-02;3.497499e-02
1.495899e-01;8.939010e-02;1.319081e-01;4.026802e-02;5.087502e-02;3.966369e-02;2.503157e-01;8.826477e-02;3.199838e-02;4.712996e-02;4.593210e-02;3.466430e-02
1.507942e-01;6.623796e-02;1.531960e-01;3.214843e-02;4.680987e-02;4.635861e-02;2.405154e-01;7.905155e-02;3.549495e-02;4.414737e-02;7.061817e-02;3.462738e-02
1.555663e-01;4.194148e-02;1.220903e-01;4.967335e-02;4.052331e-02;5.291114e-02;2.409618e-01;6.120804e-02;5.485386e-02;6.266959e-02;6.994756e-02;4.765330e-02
1.922265e-01;8.984556e-02;8.231173e-02;6.531101e-02;5.536067e-02;5.167968e-02;2.125518e-01;5.565780e-02;4.667846e-02;5.564206e-02;4.110662e-02;5.162804e-02
1.828810e-01;8.887355e-02;1.368059e-01;6.124545e-02;6.243271e-02;2.650800e-02;2.071786e-01;5.950629e-02;4.887298e-02;4.490054e-02;3.238818e-02;4.840672e-02
1.761559e-01;5.376850e-02;1.212687e-01;4.863475e-02;5.762653e-02;3.281117e-02;2.266964e-01;8.714791e-02;4.296912e-02;3.584805e-02;6.570201e-02;5.137098e-02
2.008815e-01;6.114072e-02;1.071569e-01;3.353098e-02;4.751844e-02;5.183911e-02;1.969806e-01;1.091674e-01;5.056873e-02;3.385064e-02;6.137097e-02;4.599399e-02
2.320457e-01;5.940874e-02;1.380377e-01;2.585218e-02;4.769119e-02;3.927762e-02;1.487651e-01;1.159786e-01;4.834517e-02;3.784734e-02;5.158314e-02;5.516762e-02
2.581504e-01;7.762716e-02;1.246931e-01;2.732708e-02;4.213707e-02;2.376063e-02;1.359053e-01;1.079248e-01;3.988818e-02;4.013034e-02;5.250408e-02;6.995182e-02
2.954386e-01;7.957254e-02;9.367933e-02;2.804898e-02;3.499375e-02;2.232150e-02;1.554446e-01;9.960341e-02;2.893214e-02;3.957625e-02;4.245764e-02;7.993136e-02
3.288107e-01;6.661677e-02;6.577793e-02;2.342528e-02;3.295165e-02;2.356608e-02;1.786732e-01;9.189887e-02;2.977750e-02;3.829045e-02;3.981736e-02;8.039420e-02
3.421851e-01;6.651093e-02;6.174513e-02;1.900901e-02;2.373370e-02;4.146869e-02;1.907840e-01;8.175191e-02;3.274093e-02;3.930929e-02;3.015872e-02;7.060260e-02
3.553460e-01;7.088376e-02;5.009409e-02;2.382496e-02;1.530727e-02;6.299588e-02;1.971204e-01;6.948846e-02;3.695845e-02;3.168979e-02;2.271451e-02;6.357641e-02
3.529797e-01;6.096373e-02;3.063271e-02;3.343669e-02;1.511810e-02;7.357959e-02;1.969208e-01;6.265141e-02;3.367003e-02;3.741254e-02;2.245082e-02;8.018390e-02
3.176816e-01;5.109901e-02;3.587054e-02;4.166990e-02;3.369224e-02;7.921791e-02;1.919013e-01;6.497207e-02;2.766252e-02;4.692729e-02;2.712589e-02;8.217972e-02
2.720436e-01;4.112215e-02;4.103043e-02;5.597438e-02;5.096009e-02;6.946467e-02;2.135648e-01;6.927687e-02;1.277712e-02;5.310467e-02;3.188140e-02;8.879983e-02
2.197007e-01;2.544581e-02;5.306059e-02;8.194493e-02;5.077719e-02;5.226600e-02;2.239991e-01;5.867495e-02;2.510886e-02;5.654190e-02;5.047750e-02;1.020025e-01
1.741170e-01;4.155741e-02;7.659630e-02;9.819585e-02;4.196161e-02;5.119350e-02;2.196578e-01;3.559923e-02;2.768400e-02;5.936268e-02;6.214140e-02;1.119333e-01
1.136587e-01;2.955829e-02;1.485102e-01;9.315552e-02;6.006833e-02;4.904848e-02;1.861866e-01;4.632210e-02;6.427280e-02;6.801256e-02;5.939076e-02;8.181569e-02
5.097624e-02;3.483114e-02;1.538194e-01;8.578469e-02;7.793137e-02;7.157375e-02;2.097276e-01;5.200480e-02;6.423949e-02;7.384055e-02;6.363113e-02;6.163977e-02
1.173553e-01;4.621988e-02;1.083805e-01;6.653292e-02;4.926713e-02;7.231200e-02;2.052207e-01;4.464121e-02;6.003375e-02;8.416586e-02;8.225898e-02;6.361183e-02
1.548017e-01;5.819361e-02;8.503398e-02;5.292710e-02;4.685679e-02;5.989689e-02;1.558967e-01;4.559981e-02;9.905803e-02;8.552977e-02;7.759892e-02;7.860663e-02
