1.017150e-01;2.454211e-01;2.426794e-01;5.732556e-02;2.443757e-02;4.009884e-02;3.294488e-02;2.408693e-02;1.228823e-01;3.802167e-02;1.770139e-02;5.268540e-02
4.925400e-02;2.361125e-01;2.262063e-01;5.428952e-02;3.892959e-02;3.903443e-02;6.693529e-02;4.601835e-02;1.434729e-01;5.374026e-02;1.804249e-02;2.796436e-02
1.187199e-01;1.728916e-01;1.451863e-01;9.374768e-02;4.177517e-02;5.410339e-02;8.740597e-02;3.812145e-02;1.254595e-01;4.810929e-02;2.654858e-02;4.793111e-02
1.976562e-01;1.627813e-01;9.832042e-02;9.688260e-02;3.369740e-02;5.151588e-02;9.326208e-02;3.347433e-02;1.052464e-01;4.538856e-02;3.570044e-02;4.607432e-02
2.202297e-01;1.476573e-01;1.315647e-01;6.632872e-02;3.905568e-02;2.338975e-02;1.063803e-01;4.899061e-02;7.867187e-02;3.937048e-02;6.559999e-02;3.276082e-02
2.296174e-01;8.014993e-02;1.478972e-01;4.313283e-02;8.763113e-02;1.334208e-02;1.354693e-01;5.839293e-02;4.865528e-02;2.340534e-02;9.311697e-02;3.918965e-02
2.271665e-01;5.441239e-02;1.355058e-01;3.073390e-02;1.329661e-01;1.964848e-02;1.562738e-01;5.306456e-02;1.792249e-02;3.321585e-02;9.709025e-02;4.199988e-02
2.139986e-01;7.127017e-02;1.031846e-01;4.333524e-02;1.264497e-01;2.924451e-02;1.701635e-01;4.133980e-02;2.602256e-02;4.952984e-02;8.500379e-02;4.045771e-02
2.205262e-01;6.791598e-02;4.438971e-02;7.352881e-02;9.641495e-02;6.467934e-02;1.875768e-01;3.673706e-02;3.712422e-02;6.450243e-02;6.557808e-02;4.102644e-02
1.831078e-01;3.989799e-02;5.918856e-02;1.002910e-01;8.529276e-02;1.033167e-01;1.667023e-01;5.380168e-02;4.632613e-02;5.810825e-02;4.349805e-02;6.046888e-02
1.747300e-01;2.211660e-02;4.669591e-02;9.508149e-02;6.360382e-02;1.289453e-01;1.434293e-01;7.518078e-02;6.056655e-02;7.770847e-02;4.298429e-02;6.895738e-02
1.933070e-01;4.532076e-02;8.035856e-02;7.459136e-02;6.517579e-02;1.070323e-01;1.191035e-01;1.023921e-01;4.273813e-02;7.011551e-02;2.389350e-02;7.597151e-02
2.024620e-01;9.188437e-02;8.905979e-02;3.856074e-02;7.610761e-02;6.820495e-02;1.299355e-01;9.671283e-02;4.756160e-02;5.326203e-02;5.759267e-02;4.865591e-02
1.924598e-01;1.427751e-01;1.278271e-01;5.419452e-02;3.395936e-02;4.762979e-02;1.061804e-01;6.816807e-02;8.838625e-02;5.600165e-02;5.547957e-02;2.693829e-02
1.373416e-01;1.719597e-01;1.236032e-01;6.170842e-02;7.929999e-02;6.614192e-02;6.614145e-02;5.465178e-02;1.047429e-01;5.425463e-02;5.796736e-02;2.218699e-02
9.464242e-02;1.946449e-01;1.256041e-01;6.958701e-02;9.903795e-02;7.977393e-02;4.926088e-02;3.942315e-02;1.089442e-01;4.055095e-02;7.141648e-02;2.711410e-02
1.119287e-01;2.053741e-01;1.316881e-01;7.799375e-02;8.190551e-02;5.899425e-02;5.381326e-02;2.938163e-02;9.556626e-02;3.770968e-02;8.334079e-02;3.230393e-02
1.663016e-01;2.100113e-01;9.933425e-02;8.855874e-02;6.506821e-02;4.833810e-02;5.448435e-02;3.362622e-02;7.879703e-02;3.187542e-02;8.866008e-02;3.494471e-02
1.911420e-01;1.995654e-01;1.153429e-01;8.137943e-02;4.907810e-02;4.398351e-02;5.934528e-02;3.772788e-02;6.905740e-02;2.535133e-02;9.924772e-02;2.877904e-02
2.383949e-01;1.820535e-01;1.127150e-01;4.712554e-02;4.559797e-02;3.754372e-02;6.638667e-02;4.090575e-02;6.704814e-02;2.655585e-02;1.068221e-01;2.885077e-02
2.806846e-01;1.569853e-01;1.160754e-01;2.438944e-02;4.496479e-02;3.156329e-02;7.121933e-02;5.939152e-02;6.687357e-02;2.560242e-02;9.487590e-02;2.737436e-02
2.815267e-01;1.218177e-01;1.331834e-01;3.862198e-02;3.534083e-02;3.138636e-02;9.397647e-02;6.693850e-02;6.665016e-02;3.811340e-02;6.138418e-02;3.106039e-02
2.329600e-01;1.020201e-01;1.387727e-01;6.683179e-02;2.756038e-02;4.535430e-02;1.240099e-01;5.648752e-02;6.641416e-02;5.493027e-02;2.118666e-02;6.347223e-02
1.687736e-01;7.752766e-02;1.299170e-01;7.582566e-02;7.262974e-02;5.414901e-02;1.271800e-01;3.548384e-02;4.478449e-02;5.637631e-02;7.487947e-02;8.247328e-02
1.715999e-01;7.415677e-02;1.220579e-01;5.506164e-02;8.618385e-02;5.323316e-02;9.691661e-02;3.653061e-02;5.630426e-02;5.250462e-02;1.284854e-01;6.696536e-02
1.909038e-01;1.120008e-01;1.058634e-01;4.377862e-02;8.341248e-02;4.258186e-02;8.937774e-02;4.873895e-02;5.799208e-02;5.881921e-02;1.219414e-01;4.458969e-02
2.316601e-01;1.280734e-01;1.566307e-01;5.371789e-02;6.410324e-02;3.043394e-02;6.323510e-02;6.107840e-02;3.326270e-02;6.222364e-02;8.454198e-02;3.103891e-02
2.073309e-01;1.347523e-01;2.072373e-01;7.228156e-02;6.119597e-02;2.275145e-02;4.597236e-02;6.247769e-02;3.297095e-02;5.306675e-02;7.447106e-02;2.549179e-02
1.410289e-01;1.101718e-01;1.847972e-01;9.819346e-02;5.812470e-02;3.586509e-02;6.605206e-02;6.600587e-02;6.971107e-02;6.705376e-02;7.467648e-02;2.831965e-02
7.691483e-02;9.161928e-02;1.470819e-01;5.865444e-02;5.074265e-02;4.601721e-02;1.342395e-01;6.474322e-02;9.115756e-02;8.904033e-02;7.609507e-02;7.369399e-02
8.835743e-02;8.724815e-02;1.374836e-01;4.300092e-02;4.999438e-02;4.068560e-02;1.349550e-01;7.695284e-02;7.772073e-02;8.969031e-02;9.167710e-02;8.223390e-02
9.712330e-02;8.380134e-02;1.354661e-01;3.896406e-02;4.855800e-02;3.269165e-02;1.402777e-01;8.024992e-02;5.667363e-02;8.756454e-02;1.119646e-01;8.666522e-02
1.755052e-01;9.249873e-02;1.047303e-01;6.837901e-02;5.200747e-02;2.720257e-02;1.231263e-01;4.563629e-02;4.459406e-02;6.001878e-02;1.177190e-01;8.858225e-02
1.843336e-01;7.821823e-02;1.648085e-01;7.484373e-02;5.754218e-02;4.061426e-02;9.641477e-02;3.277719e-02;3.336870e-02;7.081546e-02;9.236030e-02;7.390300e-02
1.997781e-01;1.158052e-01;1.584820e-01;5.995502e-02;5.298359e-02;4.110682e-02;8.685362e-02;2.553024e-02;4.056238e-02;6.122589e-02;7.628159e-02;8.143558e-02
2.263870e-01;1.803835e-01;1.193413e-01;3.942417e-02;5.457733e-02;2.946446e-02;5.731800e-02;4.704572e-02;4.410912e-02;4.408538e-02;7.237075e-02;8.549320e-02
2.974830e-01;1.806895e-01;8.051199e-02;2.761618e-02;6.311238e-02;1.899735e-02;5.375474e-02;6.634307e-02;2.789606e-02;2.449213e-02;6.246832e-02;9.663530e-02
3.513184e-01;1.413625e-01;5.072453e-02;3.689893e-02;6.597680e-02;2.197765e-02;6.737858e-02;7.704013e-02;2.777764e-02;2.748174e-02;4.029146e-02;9.177161e-02
3.527293e-01;8.255758e-02;5.008251e-02;6.392881e-02;6.349704e-02;3.165355e-02;8.943109e-02;7.649997e-02;3.622066e-02;4.497372e-02;2.481661e-02;8.360910e-02
2.954752e-01;4.350280e-02;3.217986e-02;1.096314e-01;6.602684e-02;4.070684e-02;1.242034e-01;6.190525e-02;3.922867e-02;7.183920e-02;2.966550e-02;8.563493e-02
1.906086e-01;6.131516e-02;7.960027e-02;1.243385e-01;6.105022e-02;3.812017e-02;1.410140e-01;4.108507e-02;3.797620e-02;7.926944e-02;4.312467e-02;1.024977e-01
1.256863e-01;6.152738e-02;1.390100e-01;1.179610e-01;5.176210e-02;3.531350e-02;1.345987e-01;4.174582e-02;4.510743e-02;6.938253e-02;5.998410e-02;1.179211e-01
9.927369e-02;5.878934e-02;2.182314e-01;8.589712e-02;5.052966e-02;4.274326e-02;9.505455e-02;4.364570e-02;7.165617e-02;5.775976e-02;7.473991e-02;1.016794e-01
7.408036e-02;7.553817e-02;1.628670e-01;4.714065e-02;8.695859e-02;5.414086e-02;1.346402e-01;4.904087e-02;6.880096e-02;8.963346e-02;7.806194e-02;7.909696e-02
7.965468e-02;8.750386e-02;7.358306e-02;1.281803e-01;8.419227e-02;3.141045e-02;1.478029e-01;4.432692e-02;7.090154e-02;1.198715e-01;4.967811e-02;8.289453e-02
7.048185e-02;8.250101e-02;8.273733e-02;1.483282e-01;7.201926e-02;2.132749e-02;1.564812e-01;4.306039e-02;7.332518e-02;1.066128e-01;4.165642e-02;1.014689e-01
5.061078e-02;8.899080e-02;7.696036e-02;1.459623e-01;6.149002e-02;1.408517e-02;1.816964e-01;6.023997e-02;7.780569e-02;1.055455e-01;3.335592e-02;1.032571e-01
4.648574e-02;9.535369e-02;6.886172e-02;1.261623e-01;4.050173e-02;2.085707e-02;1.986185e-01;4.684589e-02;7.807735e-02;1.443843e-01;4.461407e-02;8.923770e-02
4.316312e-02;9.597201e-02;5.231359e-02;1.076454e-01;3.006658e-02;2.002089e-02;2.021234e-01;4.983345e-02;8.741146e-02;1.914615e-01;4.370553e-02;7.628313e-02
3.622954e-02;9.007262e-02;3.816620e-02;9.845399e-02;2.006808e-02;3.867153e-02;1.977629e-01;5.222579e-02;6.306044e-02;2.543247e-01;4.917859e-02;6.178570e-02
5.007492e-02;6.754654e-02;3.283340e-02;8.329815e-02;2.078342e-02;6.032102e-02;1.671861e-01;8.153438e-02;8.625697e-02;2.735549e-01;3.458328e-02;4.202694e-02
6.121508e-02;4.012520e-02;3.977080e-02;6.503612e-02;2.626835e-02;8.054902e-02;1.224150e-01;1.072558e-01;1.264858e-01;2.385428e-01;6.455050e-02;2.778553e-02
9.077173e-02;1.596724e-02;4.156665e-02;4.989687e-02;4.902514e-02;7.517273e-02;8.907069e-02;1.702574e-01;1.362272e-01;1.839920e-01;6.345160e-02;3.460066e-02
1.148473e-01;2.394737e-02;4.855692e-02;2.813141e-02;7.170672e-02;4.658270e-02;8.355571e-02;2.104198e-01;1.056659e-01;1.034155e-01;1.426350e-01;2.053564e-02
1.107554e-01;3.351918e-02;3.821540e-02;1.586406e-02;8.136820e-02;2.892464e-02;8.869676e-02;1.709113e-01;9.447530e-02;5.260082e-02;2.650015e-01;1.966745e-02
7.763706e-02;6.003639e-02;3.402685e-02;1.784429e-02;7.258429e-02;3.275206e-02;9.365451e-02;9.268891e-02;1.230262e-01;3.616299e-02;3.284418e-01;3.114471e-02
3.808519e-02;8.984884e-02;3.637277e-02;2.865897e-02;4.613330e-02;6.361348e-02;6.836270e-02;4.580549e-02;2.132193e-01;3.340289e-02;2.616023e-01;7.489481e-02
2.719308e-02;1.154893e-01;4.109593e-02;3.391232e-02;2.792676e-02;1.038656e-01;3.698961e-02;4.472644e-02;2.984146e-01;2.714890e-02;1.340424e-01;1.091950e-01
1.983485e-02;1.142903e-01;5.894107e-02;2.602652e-02;2.037735e-02;1.233686e-01;4.340546e-02;7.877536e-02;3.007272e-01;3.807895e-02;4.372892e-02;1.324454e-01
1.521070e-02;9.105691e-02;9.328733e-02;1.422331e-02;1.474927e-02;1.178295e-01;4.905798e-02;1.079001e-01;2.457025e-01;1.052279e-01;1.297301e-02;1.327815e-01
1.751993e-02;6.001095e-02;1.304047e-01;1.115967e-02;1.467181e-02;9.557603e-02;6.481560e-02;1.119771e-01;2.038660e-01;1.699169e-01;2.042010e-02;9.966121e-02
2.147623e-02;2.926814e-02;1.688193e-01;1.450312e-02;3.037691e-02;8.007511e-02;1.263780e-01;6.990858e-02;1.574930e-01;2.299239e-01;2.006215e-02;5.171559e-02
2.891160e-02;3.924370e-02;2.074191e-01;1.907980e-02;3.886169e-02;8.873373e-02;1.717437e-01;3.627625e-02;9.162216e-02;2.400016e-01;1.261453e-02;2.549216e-02
5.322650e-02;6.829588e-02;2.312178e-01;2.165426e-02;4.661580e-02;9.034965e-02;1.768823e-01;1.840440e-02;4.158141e-02;2.006209e-01;2.739736e-02;2.375362e-02
8.664937e-02;9.048709e-02;2.156471e-01;3.477540e-02;4.171801e-02;7.845362e-02;1.493522e-01;2.204862e-02;7.162469e-02;1.495178e-01;3.841989e-02;2.130627e-02
8.270415e-02;9.899179e-02;2.030798e-01;4.455489e-02;4.505383e-02;8.153684e-02;1.003379e-01;4.953196e-02;9.740154e-02;1.086141e-01;5.404776e-02;3.414548e-02
2.149445e-02;8.821946e-02;2.642793e-01;3.057601e-02;3.323421e-02;7.411406e-02;9.167390e-02;8.219799e-02;4.492634e-02;1.325334e-01;9.295100e-02;4.379989e-02
2.609442e-02;8.851369e-02;3.176296e-01;2.552939e-02;3.071748e-02;5.978173e-02;6.164123e-02;7.884893e-02;6.214662e-02;1.022409e-01;1.004714e-01;4.638460e-02
2.831248e-02;1.065595e-01;3.324330e-01;2.273456e-02;2.576301e-02;5.780869e-02;4.148919e-02;7.734492e-02;5.915097e-02;9.689849e-02;8.552703e-02;6.597812e-02
5.102539e-02;1.370050e-01;2.878492e-01;2.799693e-02;1.924437e-02;6.678706e-02;3.316988e-02;6.184701e-02;8.148500e-02;9.965660e-02;5.686970e-02;7.706378e-02
9.354623e-02;1.654084e-01;2.260105e-01;4.005642e-02;1.939461e-02;7.817627e-02;4.572369e-02;3.955596e-02;8.571313e-02;7.957980e-02;4.618971e-02;8.064520e-02
1.250508e-01;1.388572e-01;1.802615e-01;4.738245e-02;3.659024e-02;7.121634e-02;1.167362e-01;3.384084e-02;6.193241e-02;6.269542e-02;7.278949e-02;5.264707e-02
1.485477e-01;7.393420e-02;1.414110e-01;3.892843e-02;5.831446e-02;5.089458e-02;1.872834e-01;5.873511e-02;3.942300e-02;5.665811e-02;1.103496e-01;3.552039e-02
1.654445e-01;2.075187e-02;7.531866e-02;2.949027e-02;5.806338e-02;2.874505e-02;2.548609e-01;8.230097e-02;5.803563e-02;6.687446e-02;1.213436e-01;3.877071e-02
1.710749e-01;4.060705e-02;7.967818e-02;2.561164e-02;3.251868e-02;2.260148e-02;2.789528e-01;8.543367e-02;7.359011e-02;6.619709e-02;8.275083e-02;4.098352e-02
1.730694e-01;5.305380e-02;7.821782e-02;1.932736e-02;3.134311e-02;3.435509e-02;2.825850e-01;7.297472e-02;7.041782e-02;7.295478e-02;6.246100e-02;4.924011e-02
1.467298e-01;3.790844e-02;1.095517e-01;3.170979e-02;4.274707e-02;4.891984e-02;2.574359e-01;5.009556e-02;7.004688e-02;7.909992e-02;6.233032e-02;6.342475e-02
1.142668e-01;5.867178e-02;1.459038e-01;4.665617e-02;5.305153e-02;6.095000e-02;1.991511e-01;3.370361e-02;8.571103e-02;8.120000e-02;6.474762e-02;5.598655e-02
8.373600e-02;7.178876e-02;1.686442e-01;6.040255e-02;5.480491e-02;6.126714e-02;1.599550e-01;6.247872e-02;6.282543e-02;8.735850e-02;5.521689e-02;7.152195e-02
1.027139e-01;8.559106e-02;1.605294e-01;8.712690e-02;3.328496e-02;5.031541e-02;1.187752e-01;6.707816e-02;5.536867e-02;8.431686e-02;8.369513e-02;7.120436e-02
6.784414e-02;7.836062e-02;1.380037e-01;1.038806e-01;5.074365e-02;5.927470e-02;1.136033e-01;7.396149e-02;6.600396e-02;1.038436e-01;9.321658e-02;5.126368e-02
5.863115e-02;5.826975e-02;1.178648e-01;6.934338e-02;9.136508e-02;5.878664e-02;1.152584e-01;7.201178e-02;7.049913e-02;1.642228e-01;8.245365e-02;4.129347e-02
1.068489e-01;4.570169e-02;1.067182e-01;5.963503e-02;6.972263e-02;6.563455e-02;1.013274e-01;6.952719e-02;8.654897e-02;1.418951e-01;8.094449e-02;6.549583e-02
1.254375e-01;7.240985e-02;1.165945e-01;4.937981e-02;5.301513e-02;5.199623e-02;1.535280e-01;4.910124e-02;8.923919e-02;1.086834e-01;7.644399e-02;5.417112e-02
8.707879e-02;7.729044e-02;1.471662e-01;4.298804e-02;4.605130e-02;4.994522e-02;2.025237e-01;4.994041e-02;1.119095e-01;8.197961e-02;6.485890e-02;3.826788e-02
8.619031e-02;5.057817e-02;1.311460e-01;4.344169e-02;4.903477e-02;5.104301e-02;2.585933e-01;7.121041e-02;1.112587e-01;7.420698e-02;4.946551e-02;2.383124e-02
1.234902e-01;1.784798e-02;5.847785e-02;6.078466e-02;3.718368e-02;4.527115e-02;3.234396e-01;8.017727e-02;1.104869e-01;7.125553e-02;3.005202e-02;4.153318e-02
1.425827e-01;3.977302e-02;5.464844e-02;7.093676e-02;3.056770e-02;3.372010e-02;2.787361e-01;6.012146e-02;9.950456e-02;7.701372e-02;4.549140e-02;6.690396e-02
2.068376e-01;3.599859e-02;3.445388e-02;7.634220e-02;3.227450e-02;3.434227e-02;2.271432e-01;5.292969e-02;6.053381e-02;9.273816e-02;5.420318e-02;9.220291e-02
2.726799e-01;5.736411e-02;4.190919e-02;6.984212e-02;3.023106e-02;4.015380e-02;1.624211e-01;5.570533e-02;4.864453e-02;9.673169e-02;3.802278e-02;8.629440e-02
2.894445e-01;5.660542e-02;4.016740e-02;6.689027e-02;3.143148e-02;3.763635e-02;1.557201e-01;5.919567e-02;4.255022e-02;9.368814e-02;4.063832e-02;8.603217e-02
2.508693e-01;5.619942e-02;4.731878e-02;7.304282e-02;3.775105e-02;3.151459e-02;1.583236e-01;5.918246e-02;3.828995e-02;9.533404e-02;6.157801e-02;9.059601e-02
1.923847e-01;6.174455e-02;8.508419e-02;7.605229e-02;4.224822e-02;3.770342e-02;1.471663e-01;6.140589e-02;4.771138e-02;9.422932e-02;6.612345e-02;8.814627e-02
1.332168e-01;5.272117e-02;1.308126e-01;7.211153e-02;5.786999e-02;6.151695e-02;1.362703e-01;6.626642e-02;6.470283e-02;8.873218e-02;7.321015e-02;6.256898e-02
7.617585e-02;6.986608e-02;1.086049e-01;4.983576e-02;6.605434e-02;7.038950e-02;1.701966e-01;6.661677e-02;6.648373e-02;1.172399e-01;8.292425e-02;5.561234e-02
1.048093e-01;4.601982e-02;7.919996e-02;5.146311e-02;8.774251e-02;6.070555e-02;1.504551e-01;6.627149e-02;1.102760e-01;1.277819e-01;7.043906e-02;4.483624e-02
1.132188e-01;5.812840e-02;9.843106e-02;7.251493e-02;9.126644e-02;6.638195e-02;8.290783e-02;5.415022e-02;1.148941e-01;9.448578e-02;8.705769e-02;6.656280e-02
1.086618e-01;6.373116e-02;1.070602e-01;7.614642e-02;7.230797e-02;5.954385e-02;1.454017e-01;7.513008e-02;8.516373e-02;6.316080e-02;7.095542e-02;7.273690e-02
1.237592e-01;8.015878e-02;1.132447e-01;7.154027e-02;6.382745e-02;5.058829e-02;1.831175e-01;9.736783e-02;4.348084e-02;3.325163e-02;7.079826e-02;6.886514e-02
1.358977e-01;8.822261e-02;1.189311e-01;8.259071e-02;1.211660e-01;3.488090e-02;1.213992e-01;5.899604e-02;3.277853e-02;5.810428e-02;8.725350e-02;5.977942e-02
1.609679e-01;9.414605e-02;1.498838e-01;6.703361e-02;1.616621e-01;3.332625e-02;6.215176e-02;3.418589e-02;4.051228e-02;6.489301e-02;9.364071e-02;3.759658e-02
1.927630e-01;7.941376e-02;1.393026e-01;4.980766e-02;2.070106e-01;3.696717e-02;3.509229e-02;5.370252e-02;2.250620e-02;4.087064e-02;1.114577e-01;3.110596e-02
1.983411e-01;6.032956e-02;1.252198e-01;3.079483e-02;2.533772e-01;3.415456e-02;4.057107e-02;5.880894e-02;2.029287e-02;1.761966e-02;1.384686e-01;2.202171e-02
1.737450e-01;4.131121e-02;1.089591e-01;2.294310e-02;2.679712e-01;2.664411e-02;6.060491e-02;5.108250e-02;2.351424e-02;2.058217e-02;1.778364e-01;2.480625e-02
1.316052e-01;4.134151e-02;9.882133e-02;4.371104e-02;2.454544e-01;3.378572e-02;8.114986e-02;3.234533e-02;1.664265e-02;2.120841e-02;2.205648e-01;3.336974e-02
9.666037e-02;5.344821e-02;9.009584e-02;5.424382e-02;2.086719e-01;6.265750e-02;9.325906e-02;1.820109e-02;1.008949e-02;3.381699e-02;2.551225e-01;2.373330e-02
7.487281e-02;6.220490e-02;9.636581e-02;7.962247e-02;1.546774e-01;8.437239e-02;8.525230e-02;1.603438e-02;1.770112e-02;3.023489e-02;2.350226e-01;6.363885e-02
7.121905e-02;7.128686e-02;1.327047e-01;1.046644e-01;9.224537e-02;1.083829e-01;7.602133e-02;2.144117e-02;3.662572e-02;2.782129e-02;1.729597e-01;8.462749e-02
7.979275e-02;5.324937e-02;1.333926e-01;1.151950e-01;9.990194e-02;1.028168e-01;1.170006e-01;4.003602e-02;2.974371e-02;3.036054e-02;1.247521e-01;7.375853e-02
8.831553e-02;6.067494e-02;2.248759e-01;9.037408e-02;1.127899e-01;7.781526e-02;1.148599e-01;3.982390e-02;5.039072e-02;4.108047e-02;6.960765e-02;2.939180e-02
7.854448e-02;8.829334e-02;2.710121e-01;5.263748e-02;1.139617e-01;9.015699e-02;6.939253e-02;3.985313e-02;9.075920e-02;4.376836e-02;1.370402e-02;4.791666e-02
3.578787e-02;8.545610e-02;2.493058e-01;5.360696e-02;1.269546e-01;8.665702e-02;8.498085e-02;4.225774e-02;1.020564e-01;3.900862e-02;5.506082e-02;3.886728e-02
5.162105e-02;9.482204e-02;2.725363e-01;5.269318e-02;1.283116e-01;6.095004e-02;5.832294e-02;4.770752e-02;9.206629e-02;3.593122e-02;7.192987e-02;3.310785e-02
7.927100e-02;9.802833e-02;2.761456e-01;5.662133e-02;9.241055e-02;4.089676e-02;8.624487e-02;4.503649e-02;6.553525e-02;3.912163e-02;9.433169e-02;2.635658e-02
6.510472e-02;8.638453e-02;2.247156e-01;6.308614e-02;7.413214e-02;5.220041e-02;1.181889e-01;4.085536e-02;5.512713e-02;4.382167e-02;1.420989e-01;3.428454e-02
7.406912e-02;9.803420e-02;1.374983e-01;7.590277e-02;7.104010e-02;4.308571e-02;9.084923e-02;8.185126e-02;8.468137e-02;8.295422e-02;1.156602e-01;4.437350e-02
9.997629e-02;9.515128e-02;1.450143e-01;6.692651e-02;4.995233e-02;3.969968e-02;7.976543e-02;8.004732e-02;1.192195e-01;9.088308e-02;8.422049e-02;4.914371e-02
1.072404e-01;9.089835e-02;1.478072e-01;7.019467e-02;4.342758e-02;5.507666e-02;8.618592e-02;6.781440e-02;1.068641e-01;8.898378e-02;8.803406e-02;4.747292e-02
1.261002e-01;7.787801e-02;4.693124e-02;9.482846e-02;7.881022e-02;9.246042e-02;8.471682e-02;6.726282e-02;9.125773e-02;5.923950e-02;1.165973e-01;6.391727e-02
1.074729e-01;8.199378e-02;1.695963e-01;1.388633e-01;9.926995e-02;3.814254e-02;5.771494e-02;5.192773e-02;4.577012e-02;5.064951e-02;8.690583e-02;7.169306e-02
9.958600e-02;6.632105e-02;2.261241e-01;1.430431e-01;8.509111e-02;5.090722e-02;8.179672e-02;4.336706e-02;2.305851e-02;3.573752e-02;8.050173e-02;6.446584e-02
8.642902e-02;5.801755e-02;3.376113e-01;1.149336e-01;7.460046e-02;4.298077e-02;1.063818e-01;3.122437e-02;1.246070e-02;4.320271e-02;5.868452e-02;3.347328e-02
5.092121e-02;7.540348e-02;4.113519e-01;6.258341e-02;5.709661e-02;3.702839e-02;1.121211e-01;1.885449e-02;2.151155e-02;5.416751e-02;3.031707e-02;6.864328e-02
2.622234e-02;1.179190e-01;3.779009e-01;1.995060e-02;3.891330e-02;5.331451e-02;9.191588e-02;1.651275e-02;2.832964e-02;4.954645e-02;3.064311e-02;1.488314e-01
4.837358e-02;1.456107e-01;2.638078e-01;2.666184e-02;2.398418e-02;6.985076e-02;6.807156e-02;2.060704e-02;4.503127e-02;3.020081e-02;4.769925e-02;2.101012e-01
6.750007e-02;1.792957e-01;2.104163e-01;3.129693e-02;2.328794e-02;8.453182e-02;2.729817e-02;2.269792e-02;7.122153e-02;1.442888e-02;3.857628e-02;2.294484e-01
7.986269e-02;1.856847e-01;1.934401e-01;2.513054e-02;3.694232e-02;8.228718e-02;2.918134e-02;1.170563e-02;1.048444e-01;1.499424e-02;4.645320e-02;1.894736e-01
1.050669e-01;1.424903e-01;1.601338e-01;3.872893e-02;3.525332e-02;6.022099e-02;4.574226e-02;3.003237e-02;1.290690e-01;2.739534e-02;9.887458e-02;1.269922e-01
1.656732e-01;8.645923e-02;1.435493e-01;5.487160e-02;3.833038e-02;4.275035e-02;5.343008e-02;3.249728e-02;1.231487e-01;5.934450e-02;1.160846e-01;8.386083e-02
1.858701e-01;6.094249e-02;1.229977e-01;6.041973e-02;6.112572e-02;2.747857e-02;6.448677e-02;2.575042e-02;1.090424e-01;7.986938e-02;1.415248e-01;6.049190e-02
1.511620e-01;7.631929e-02;1.626993e-01;4.464753e-02;8.448724e-02;6.520821e-02;6.049785e-02;3.781195e-02;5.087992e-02;5.602384e-02;1.381958e-01;7.206704e-02
1.061547e-01;8.880264e-02;1.987772e-01;3.753275e-02;8.477511e-02;5.567906e-02;6.015287e-02;3.617166e-02;3.660062e-02;6.531540e-02;1.309329e-01;9.910502e-02
5.815100e-02;5.857311e-02;2.135918e-01;5.231195e-02;1.025458e-01;6.001568e-02;8.061763e-02;3.843719e-02;8.786006e-02;9.978389e-02;8.929840e-02;5.881349e-02
1.036830e-01;6.438584e-02;1.887806e-01;6.012098e-02;8.410180e-02;9.342247e-02;1.024162e-01;2.132161e-02;9.216171e-02;8.989094e-02;4.516200e-02;5.455283e-02
1.451126e-01;7.789950e-02;1.398937e-01;4.358334e-02;4.630506e-02;1.019978e-01;1.239773e-01;3.984655e-02;6.618683e-02;9.344102e-02;3.696644e-02;8.478989e-02
1.294878e-01;6.911375e-02;8.913505e-02;3.567066e-02;3.897155e-02;7.138184e-02;1.192643e-01;9.511063e-02;8.013063e-02;1.125657e-01;3.507758e-02;1.240905e-01
7.682398e-02;6.381595e-02;9.083684e-02;4.505910e-02;5.110136e-02;7.563315e-02;1.158065e-01;1.135664e-01;8.617795e-02;8.910504e-02;6.180725e-02;1.302665e-01
6.872299e-02;8.859970e-02;7.877690e-02;5.511189e-02;6.032018e-02;7.624435e-02;1.144255e-01;1.091724e-01;6.215326e-02;1.072661e-01;7.433870e-02;1.048681e-01
8.093266e-02;1.251001e-01;7.772959e-02;4.231474e-02;5.746273e-02;4.533096e-02;7.219934e-02;1.066684e-01;7.595746e-02;1.557044e-01;6.333847e-02;9.726121e-02
9.380954e-02;1.121697e-01;7.734375e-02;2.486671e-02;5.590858e-02;4.207462e-02;5.346003e-02;1.070378e-01;1.219148e-01;1.508763e-01;4.845743e-02;1.120808e-01
5.368179e-02;8.288189e-02;8.916656e-02;5.844131e-02;3.829011e-02;4.108449e-02;6.293897e-02;1.208710e-01;1.215836e-01;1.286372e-01;9.699858e-02;1.054245e-01
6.622193e-02;7.602426e-02;1.141979e-01;5.808054e-02;2.652454e-02;4.386920e-02;8.707485e-02;1.176289e-01;1.022994e-01;1.216034e-01;1.059456e-01;8.052957e-02
1.563764e-01;6.732175e-02;1.294438e-01;5.302465e-02;3.713830e-02;4.561810e-02;8.702915e-02;1.002701e-01;5.829343e-02;1.366735e-01;9.367456e-02;3.513627e-02
1.814268e-01;8.912808e-02;1.151612e-01;6.247473e-02;5.435266e-02;5.434298e-02;6.500994e-02;9.254944e-02;6.010045e-02;1.490024e-01;3.022063e-02;4.623063e-02
1.234061e-01;1.075304e-01;7.438040e-02;6.509683e-02;4.315411e-02;4.051576e-02;1.050466e-01;7.363884e-02;7.497618e-02;1.192953e-01;9.995364e-02;7.300586e-02
1.034780e-01;1.036211e-01;7.331015e-02;5.337369e-02;6.276327e-02;3.101197e-02;8.776177e-02;6.774618e-02;1.015466e-01;1.208950e-01;1.183859e-01;7.610647e-02
1.107207e-01;9.572617e-02;7.115009e-02;7.626133e-02;5.698979e-02;3.878815e-02;9.426869e-02;6.297268e-02;1.050016e-01;1.503468e-01;8.893827e-02;4.883568e-02
1.164490e-01;7.083183e-02;4.970229e-02;9.334132e-02;3.240046e-02;5.179265e-02;8.178911e-02;9.333161e-02;8.370654e-02;1.816880e-01;9.004243e-02;5.492484e-02
1.000928e-01;4.617414e-02;5.641576e-02;9.427210e-02;3.625418e-02;4.950029e-02;1.074132e-01;9.260806e-02;1.116520e-01;1.515569e-01;7.543100e-02;7.862949e-02
8.327541e-02;7.079234e-02;5.671215e-02;5.837524e-02;3.827823e-02;4.620351e-02;1.694973e-01;8.943696e-02;1.217776e-01;9.532756e-02;6.943040e-02;1.008933e-01
1.257098e-01;6.211110e-02;8.304291e-02;4.763277e-02;3.653134e-02;5.599845e-02;1.623436e-01;8.293663e-02;1.126017e-01;8.264306e-02;7.426340e-02;7.418513e-02
1.539644e-01;8.698642e-02;1.499439e-01;5.610363e-02;5.021706e-02;4.906467e-02;1.358419e-01;5.820820e-02;7.002871e-02;6.628332e-02;6.214324e-02;6.121461e-02
2.009562e-01;9.325340e-02;1.389164e-01;4.301554e-02;4.834440e-02;4.004813e-02;1.493993e-01;6.147938e-02;5.703261e-02;5.033232e-02;5.707043e-02;6.015183e-02
2.366517e-01;7.706041e-02;9.137537e-02;3.142061e-02;3.906145e-02;4.543021e-02;1.939972e-01;6.916152e-02;3.884968e-02;5.560153e-02;5.259043e-02;6.879992e-02
2.414054e-01;5.431967e-02;3.845888e-02;4.192964e-02;2.559325e-02;4.288137e-02;2.566817e-01;6.875911e-02;2.424948e-02;6.744279e-02;4.906081e-02;8.921781e-02
2.136938e-01;5.951469e-02;3.419487e-02;5.644210e-02;1.794913e-02;3.322355e-02;2.890190e-01;5.465116e-02;1.951369e-02;6.435835e-02;4.141544e-02;1.160241e-01
1.704693e-01;6.381954e-02;3.112657e-02;6.482045e-02;2.042648e-02;2.464654e-02;3.359438e-01;4.453560e-02;2.552734e-02;5.273220e-02;3.936967e-02;1.265825e-01
1.606320e-01;7.226579e-02;3.958642e-02;6.661042e-02;1.861648e-02;2.632420e-02;3.346936e-01;4.336365e-02;2.694573e-02;4.933351e-02;3.960633e-02;1.220218e-01
2.092141e-01;6.206508e-02;3.579780e-02;6.427868e-02;1.750780e-02;2.806881e-02;3.017241e-01;5.097027e-02;1.906561e-02;5.933618e-02;3.786030e-02;1.141112e-01
2.569255e-01;5.013462e-02;3.374154e-02;5.782650e-02;1.901380e-02;3.652966e-02;2.727900e-01;5.536413e-02;1.856711e-02;6.596445e-02;2.742120e-02;1.057215e-01
3.087070e-01;6.668243e-02;3.481614e-02;4.834058e-02;1.376889e-02;3.935950e-02;2.269132e-01;5.019805e-02;2.126017e-02;6.161521e-02;2.358868e-02;1.047502e-01
3.497440e-01;6.116688e-02;2.773283e-02;3.774645e-02;1.062416e-02;3.605597e-02;1.959571e-01;4.800320e-02;2.483089e-02;6.160832e-02;2.520071e-02;1.213295e-01
3.453224e-01;4.570163e-02;2.367655e-02;4.098347e-02;1.122678e-02;3.781933e-02;1.830332e-01;4.701668e-02;2.703131e-02;6.314430e-02;3.992935e-02;1.351150e-01
3.020779e-01;4.922169e-02;3.485462e-02;5.195653e-02;1.845106e-02;4.170323e-02;1.804593e-01;4.789604e-02;2.303004e-02;6.819615e-02;5.460380e-02;1.275496e-01
2.543710e-01;3.816316e-02;4.197281e-02;6.263943e-02;2.288740e-02;4.065341e-02;2.179658e-01;5.345726e-02;2.670435e-02;6.980082e-02;5.472086e-02;1.166637e-01
1.806129e-01;4.066661e-02;3.703826e-02;6.412708e-02;3.024194e-02;4.197185e-02;2.679965e-01;6.658917e-02;3.274572e-02;5.900640e-02;5.598958e-02;1.230140e-01
1.260391e-01;4.616859e-02;3.050089e-02;5.789979e-02;4.832909e-02;4.527986e-02;2.946767e-01;8.888800e-02;2.797599e-02;5.355355e-02;6.524260e-02;1.154458e-01
1.328729e-01;3.432251e-02;1.106425e-01;4.669985e-02;5.695078e-02;5.707295e-02;2.333794e-01;9.985206e-02;2.449046e-02;5.424010e-02;7.283748e-02;7.663897e-02
1.545048e-01;3.102378e-02;1.421794e-01;4.206661e-02;6.696381e-02;5.014157e-02;1.652850e-01;9.770548e-02;3.412776e-02;5.309812e-02;1.094218e-01;5.348182e-02
1.506782e-01;3.951282e-02;8.272395e-02;5.147755e-02;7.027209e-02;3.578914e-02;1.911628e-01;6.096436e-02;6.673060e-02;6.794139e-02;1.058936e-01;7.685352e-02
1.365793e-01;2.551553e-02;9.843807e-02;5.287996e-02;5.762884e-02;5.106271e-02;2.440515e-01;4.135523e-02;5.434643e-02;5.990979e-02;8.114304e-02;9.708957e-02
1.348213e-01;1.990892e-02;9.404149e-02;3.832562e-02;3.923964e-02;7.026920e-02;2.521136e-01;3.772406e-02;6.437469e-02;6.044519e-02;9.659649e-02;9.213983e-02
1.398368e-01;2.477392e-02;9.260616e-02;2.992838e-02;2.439946e-02;6.973427e-02;2.265906e-01;4.056231e-02;7.819136e-02;7.944371e-02;9.991881e-02;9.401418e-02
1.122525e-01;4.313284e-02;1.248519e-01;3.916487e-02;1.967255e-02;6.645520e-02;2.047780e-01;4.965037e-02;7.484982e-02;1.064777e-01;7.728803e-02;8.142615e-02
7.495308e-02;4.672994e-02;1.030951e-01;4.863902e-02;3.927289e-02;6.677896e-02;2.487199e-01;4.878311e-02;7.428528e-02;1.159225e-01;6.365177e-02;6.916856e-02
6.124851e-02;5.368089e-02;1.207836e-01;4.406187e-02;5.942723e-02;6.938090e-02;2.254467e-01;4.817083e-02;7.436138e-02;1.286620e-01;5.938268e-02;5.539338e-02
1.235454e-01;8.124503e-02;1.121904e-01;4.574874e-02;4.480624e-02;6.604155e-02;1.912993e-01;6.013587e-02;6.618810e-02;1.102186e-01;5.663101e-02;4.194973e-02
1.598111e-01;8.984855e-02;1.123933e-01;4.253637e-02;3.226092e-02;5.773608e-02;1.925901e-01;6.224851e-02;6.260539e-02;8.264418e-02;5.451856e-02;5.080689e-02
1.532624e-01;7.437824e-02;1.518230e-01;5.331222e-02;4.598068e-02;6.218486e-02;1.606680e-01;7.040609e-02;5.961391e-02;6.034152e-02;6.062103e-02;4.740798e-02
9.449975e-02;6.714018e-02;1.959248e-01;6.320542e-02;6.531470e-02;1.147920e-01;1.381700e-01;7.152082e-02;4.746484e-02;6.024547e-02;4.808204e-02;3.363992e-02
7.976028e-02;7.073636e-02;1.942576e-01;4.292252e-02;7.878707e-02;1.274272e-01;1.520048e-01;4.153024e-02;3.729703e-02;7.405701e-02;6.415716e-02;3.706281e-02
3.735371e-02;7.666145e-02;1.887771e-01;7.799676e-02;7.907844e-02;1.199562e-01;1.285756e-01;4.160886e-02;2.814225e-02;9.220000e-02;6.434232e-02;6.530728e-02
6.085955e-02;6.385244e-02;1.371747e-01;8.947626e-02;4.128687e-02;1.402904e-01;1.102840e-01;3.872488e-02;5.154014e-02;1.258062e-01;8.229093e-02;5.841364e-02
