4.334760e-02;3.816078e-02;1.195957e-01;4.402733e-02;7.827509e-02;9.902383e-02;2.036360e-01;7.204406e-02;1.214495e-01;7.109690e-02;7.884307e-02;3.050009e-02
3.534294e-02;2.415881e-02;1.541972e-01;4.521658e-02;7.121817e-02;8.789021e-02;2.647147e-01;5.923064e-02;1.391763e-01;6.446543e-02;4.074494e-02;1.364408e-02
5.580376e-02;2.985173e-02;2.624994e-01;2.792316e-02;1.176993e-01;8.209581e-02;1.620601e-01;4.279441e-02;8.834755e-02;4.750522e-02;4.911603e-02;3.430360e-02
5.459198e-02;3.094406e-02;2.719073e-01;6.018014e-02;1.181398e-01;8.506476e-02;1.532352e-01;4.110872e-02;5.681994e-02;4.497070e-02;5.527831e-02;2.775905e-02
6.638927e-02;4.353653e-02;2.524550e-01;7.190357e-02;1.245180e-01;8.211005e-02;1.019769e-01;3.083893e-02;5.271713e-02;6.938428e-02;7.326399e-02;3.090640e-02
9.257788e-02;6.792174e-02;1.255592e-01;4.340499e-02;1.311874e-01;9.134764e-02;1.389927e-01;3.923690e-02;5.208829e-02;9.548656e-02;8.319610e-02;3.900064e-02
1.042477e-01;6.585617e-02;1.920580e-01;3.770800e-02;1.218039e-01;7.810533e-02;1.244539e-01;3.857577e-02;4.571674e-02;9.824934e-02;6.091929e-02;3.230587e-02
1.351135e-01;6.273364e-02;2.198599e-01;4.200200e-02;1.169512e-01;6.137650e-02;1.104995e-01;3.722353e-02;4.471071e-02;9.009969e-02;5.726957e-02;2.216037e-02
1.452395e-01;4.055808e-02;3.049420e-01;5.164173e-02;1.146774e-01;4.382422e-02;9.478257e-02;3.600437e-02;4.617553e-02;6.795490e-02;3.746748e-02;1.673229e-02
1.244175e-01;2.506589e-02;3.746998e-01;5.463838e-02;1.074779e-01;3.949807e-02;8.986792e-02;3.445744e-02;4.068327e-02;4.575794e-02;4.010368e-02;2.333224e-02
1.198849e-01;3.408293e-02;4.434719e-01;6.066538e-02;1.026012e-01;3.697976e-02;3.722910e-02;2.624360e-02;3.897918e-02;3.495570e-02;4.626014e-02;1.864620e-02
1.028588e-01;3.299968e-02;4.410672e-01;5.758518e-02;8.752993e-02;3.638290e-02;6.616475e-02;1.925326e-02;4.041458e-02;4.191383e-02;4.490820e-02;2.892175e-02
9.683527e-02;4.041354e-02;3.347143e-01;5.561435e-02;7.901084e-02;2.784932e-02;9.332966e-02;2.252287e-02;6.135742e-02;5.779049e-02;7.323670e-02;5.732528e-02
1.331576e-01;8.784118e-02;1.668288e-01;4.887756e-02;9.223565e-02;5.247244e-02;1.070383e-01;2.984371e-02;5.445159e-02;7.335726e-02;1.071321e-01;4.676382e-02
1.323249e-01;1.536726e-01;1.682779e-01;4.353148e-02;9.117927e-02;6.100777e-02;8.746313e-02;2.489859e-02;4.165192e-02;7.650935e-02;9.771821e-02;2.176481e-02
1.407366e-01;1.726209e-01;1.725204e-01;6.782802e-02;6.407702e-02;6.051656e-02;7.472811e-02;3.170355e-02;4.841294e-02;8.579214e-02;5.252051e-02;2.854325e-02
1.921054e-01;1.483480e-01;1.370320e-01;6.748326e-02;7.270899e-02;5.111298e-02;8.790246e-02;3.540679e-02;5.864526e-02;7.034249e-02;5.526468e-02;2.364770e-02
1.998423e-01;1.231682e-01;1.151251e-01;1.080724e-01;7.564079e-02;4.966153e-02;9.191036e-02;3.700991e-02;6.367531e-02;5.764806e-02;5.696619e-02;2.127972e-02
1.803192e-01;9.383639e-02;1.088263e-01;1.218389e-01;6.907785e-02;1.034095e-01;8.950707e-02;3.241031e-02;6.392124e-02;5.596149e-02;5.400804e-02;2.688362e-02
1.352640e-01;8.508261e-02;1.123452e-01;9.230080e-02;1.153898e-01;1.592283e-01;6.635215e-02;2.866096e-02;5.835783e-02;6.227211e-02;4.589366e-02;3.885251e-02
9.573923e-02;9.845804e-02;9.309815e-02;6.261700e-02;1.500746e-01;1.600889e-01;5.510362e-02;4.832379e-02;6.387373e-02;8.531886e-02;3.647503e-02;5.082899e-02
7.306318e-02;1.159754e-01;8.110103e-02;4.721872e-02;1.486818e-01;9.991214e-02;4.546786e-02;1.120732e-01;8.385842e-02;1.006145e-01;3.700507e-02;5.502873e-02
6.298108e-02;1.286106e-01;7.917292e-02;3.964771e-02;1.170933e-01;6.295671e-02;6.562737e-02;1.642491e-01;9.553887e-02;9.518059e-02;4.053674e-02;4.840503e-02
7.684347e-02;1.404421e-01;6.709217e-02;3.923203e-02;9.160081e-02;4.688377e-02;6.860314e-02;1.742901e-01;1.061010e-01;9.371991e-02;4.348854e-02;5.170298e-02
1.117945e-01;1.261409e-01;8.695815e-02;3.908200e-02;6.390006e-02;4.481877e-02;8.893160e-02;1.333661e-01;1.109160e-01;9.875871e-02;4.374946e-02;5.158367e-02
1.024365e-01;1.080276e-01;1.334385e-01;4.438563e-02;3.768973e-02;5.209520e-02;1.156654e-01;8.959188e-02;1.228407e-01;1.009365e-01;5.025413e-02;4.263828e-02
5.321329e-02;1.209860e-01;1.927684e-01;6.164332e-02;4.554983e-02;5.869440e-02;1.016375e-01;9.480077e-02;1.072134e-01;7.854194e-02;3.651883e-02;4.843230e-02
8.155106e-02;1.077847e-01;1.919543e-01;5.318733e-02;5.846668e-02;5.910097e-02;8.527002e-02;1.096779e-01;6.726248e-02;7.795784e-02;4.926726e-02;5.851953e-02
1.156676e-01;8.223288e-02;1.191071e-01;4.320335e-02;4.836094e-02;6.994770e-02;1.606178e-01;8.475132e-02;6.652001e-02;9.746124e-02;6.171174e-02;5.041841e-02
9.419762e-02;7.571127e-02;9.512260e-02;3.735511e-02;6.010360e-02;8.780794e-02;1.717501e-01;8.150312e-02;6.669891e-02;1.046840e-01;7.992236e-02;4.514338e-02
3.909720e-02;9.033488e-02;1.134087e-01;4.576304e-02;9.750738e-02;8.138309e-02;1.520017e-01;9.371857e-02;4.467338e-02;1.104857e-01;8.914865e-02;4.247767e-02
5.940687e-02;9.592651e-02;1.279889e-01;5.455771e-02;1.135585e-01;7.696576e-02;1.297939e-01;9.154355e-02;4.516866e-02;9.756923e-02;6.830664e-02;3.921381e-02
1.253012e-01;1.128079e-01;1.466255e-01;5.606766e-02;9.748416e-02;7.433040e-02;7.882629e-02;7.168627e-02;6.077588e-02;9.232852e-02;4.564757e-02;3.811862e-02
1.567385e-01;1.186184e-01;1.973703e-01;6.722175e-02;6.782407e-02;5.392353e-02;6.157587e-02;5.008045e-02;6.004191e-02;8.088384e-02;6.469798e-02;2.102335e-02
1.405231e-01;1.136527e-01;2.054333e-01;7.455651e-02;5.588934e-02;4.075316e-02;5.608877e-02;3.805297e-02;6.044916e-02;8.671606e-02;8.530559e-02;4.257935e-02
1.069469e-01;1.050315e-01;2.147737e-01;6.180049e-02;5.599120e-02;3.976337e-02;6.257807e-02;5.063094e-02;4.495572e-02;1.085738e-01;8.542714e-02;6.352717e-02
1.037647e-01;1.238795e-01;1.793843e-01;4.346478e-02;6.453434e-02;6.251426e-02;1.027212e-01;8.423670e-02;3.622896e-02;8.150514e-02;6.902066e-02;4.874554e-02
1.076259e-01;1.238950e-01;1.102744e-01;6.807585e-02;4.379166e-02;9.713756e-02;1.419010e-01;1.107535e-01;4.383434e-02;6.701797e-02;5.193507e-02;3.375774e-02
1.047898e-01;1.133867e-01;1.125513e-01;8.792906e-02;5.123922e-02;7.612532e-02;1.254867e-01;1.057597e-01;4.567900e-02;7.173045e-02;7.969111e-02;2.563160e-02
7.584745e-02;1.040227e-01;1.455063e-01;6.611831e-02;1.172300e-01;3.945184e-02;9.219845e-02;1.134570e-01;3.831851e-02;7.230677e-02;1.050042e-01;3.053842e-02
6.718018e-02;7.526083e-02;1.413596e-01;6.828539e-02;1.233423e-01;3.603498e-02;7.304998e-02;1.150736e-01;7.911789e-02;5.633097e-02;1.157283e-01;4.923595e-02
5.908635e-02;5.961081e-02;1.567025e-01;6.958079e-02;1.015671e-01;3.990074e-02;9.136453e-02;1.097574e-01;7.819284e-02;6.967527e-02;1.102757e-01;5.428598e-02
6.823677e-02;8.036167e-02;1.383229e-01;6.035170e-02;7.504191e-02;5.257565e-02;1.166035e-01;8.670468e-02;7.874947e-02;5.197043e-02;9.505343e-02;9.602788e-02
1.302740e-01;7.618887e-02;7.233310e-02;6.177360e-02;5.789732e-02;5.541531e-02;1.362541e-01;7.840809e-02;9.704428e-02;3.875927e-02;8.311493e-02;1.125371e-01
1.227918e-01;6.211497e-02;8.933482e-02;5.389624e-02;5.698655e-02;6.180336e-02;1.484808e-01;6.206696e-02;9.263165e-02;4.143087e-02;1.060166e-01;1.024454e-01
1.049754e-01;4.329816e-02;1.172067e-01;3.775254e-02;4.548180e-02;7.421326e-02;1.728607e-01;6.068643e-02;8.123051e-02;2.958314e-02;1.462713e-01;8.644016e-02
1.148475e-01;3.422209e-02;1.449615e-01;2.923447e-02;3.355396e-02;7.494312e-02;1.697328e-01;4.674446e-02;7.549487e-02;5.435219e-02;1.655832e-01;5.632987e-02
1.079105e-01;6.206963e-02;1.377922e-01;2.727561e-02;4.519984e-02;8.063503e-02;1.720140e-01;3.296520e-02;5.979577e-02;7.350980e-02;1.652349e-01;3.559755e-02
9.512670e-02;7.267796e-02;1.099914e-01;2.382158e-02;6.473348e-02;7.588232e-02;1.525237e-01;4.847910e-02;4.551756e-02;9.320975e-02;1.455112e-01;7.252520e-02
9.915429e-02;8.099084e-02;7.512241e-02;2.306300e-02;7.720099e-02;5.432473e-02;1.424710e-01;4.905834e-02;3.707123e-02;1.286173e-01;1.332233e-01;9.970250e-02
7.187628e-02;1.023780e-01;9.475604e-02;3.587952e-02;8.649062e-02;4.413513e-02;8.589368e-02;4.454905e-02;3.989118e-02;1.708127e-01;1.177475e-01;1.055903e-01
8.835281e-02;1.200893e-01;1.219001e-01;3.591329e-02;6.942991e-02;3.829295e-02;9.933484e-02;5.167077e-02;4.350475e-02;1.682632e-01;7.875999e-02;8.448809e-02
6.915046e-02;1.298244e-01;7.716930e-02;4.071477e-02;8.307135e-02;4.256948e-02;8.591295e-02;5.978763e-02;4.303259e-02;1.856131e-01;9.624238e-02;8.691165e-02
1.006804e-01;6.655248e-02;1.731021e-01;3.692634e-02;6.476644e-02;3.024537e-02;1.319191e-01;4.468886e-02;4.089022e-02;1.339785e-01;1.022281e-01;7.402205e-02
1.312713e-01;5.843491e-02;1.979544e-01;4.383314e-02;4.789089e-02;1.751418e-02;1.699271e-01;4.722127e-02;5.208493e-02;1.080917e-01;7.646354e-02;4.931271e-02
1.601917e-01;8.233584e-02;1.282570e-01;4.143869e-02;3.160232e-02;3.184441e-02;1.948902e-01;4.720226e-02;6.193862e-02;8.558351e-02;7.159455e-02;6.312094e-02
1.764878e-01;7.457845e-02;1.064333e-01;4.057733e-02;4.209141e-02;3.973276e-02;1.836632e-01;3.797591e-02;5.724137e-02;8.024292e-02;1.006210e-01;6.035445e-02
1.641389e-01;5.421224e-02;1.298357e-01;3.661790e-02;5.533149e-02;5.110250e-02;2.259964e-01;3.782595e-02;5.482024e-02;4.321821e-02;6.680012e-02;8.010036e-02
1.545758e-01;4.491095e-02;1.409882e-01;3.065549e-02;3.659138e-02;3.393687e-02;2.195917e-01;3.807701e-02;4.335230e-02;8.045913e-02;8.190294e-02;9.495829e-02
1.588911e-01;4.949665e-02;1.979246e-01;4.870303e-02;4.248795e-02;3.077170e-02;1.415410e-01;3.123345e-02;2.834709e-02;9.947541e-02;8.544207e-02;8.568591e-02
1.553790e-01;5.098744e-02;1.740494e-01;5.394244e-02;6.525233e-02;4.962667e-02;1.333515e-01;3.727692e-02;5.630988e-02;8.479413e-02;8.095379e-02;5.807649e-02
1.607875e-01;3.003492e-02;1.733490e-01;4.266136e-02;7.616526e-02;6.883103e-02;1.793554e-01;3.228188e-02;4.508874e-02;6.095792e-02;7.279450e-02;5.769250e-02
1.495902e-01;3.896646e-02;1.398832e-01;3.998454e-02;6.737611e-02;5.521258e-02;1.684290e-01;4.488162e-02;4.602806e-02;6.107227e-02;1.075685e-01;8.100753e-02
1.371665e-01;4.005393e-02;1.870777e-01;3.904265e-02;4.638547e-02;3.450335e-02;1.716216e-01;3.411503e-02;4.627218e-02;6.069646e-02;1.253128e-01;7.775228e-02
1.341032e-01;3.491582e-02;2.272071e-01;3.525465e-02;4.398334e-02;3.574203e-02;1.552214e-01;9.797898e-03;4.048162e-02;7.430372e-02;1.372811e-01;7.170811e-02
9.156947e-02;1.009938e-01;1.263474e-01;3.517064e-02;8.827822e-02;6.624788e-02;6.874865e-02;4.542784e-02;4.918477e-02;1.370529e-01;9.865553e-02;9.232296e-02
5.509316e-02;7.149729e-02;1.344945e-01;2.791279e-02;7.129302e-02;5.799351e-02;1.939732e-01;4.607902e-02;3.707983e-02;1.259128e-01;1.130986e-01;6.557227e-02
8.843046e-02;4.730871e-02;1.721281e-01;2.408860e-02;4.368456e-02;3.660219e-02;2.134347e-01;3.033252e-02;4.812934e-02;1.091905e-01;1.157524e-01;7.091795e-02
9.515021e-02;3.828301e-02;1.761943e-01;1.805746e-02;2.813321e-02;2.880364e-02;1.796805e-01;4.055815e-02;6.181835e-02;1.587093e-01;9.805651e-02;7.655539e-02
1.278850e-01;5.995436e-02;1.656438e-01;3.087829e-02;6.818047e-02;5.484527e-02;7.338883e-02;4.242275e-02;5.164974e-02;1.884630e-01;7.494895e-02;6.173963e-02
8.944222e-02;8.096422e-02;1.941545e-01;3.372214e-02;4.559376e-02;4.755475e-02;1.622446e-01;1.852422e-02;5.979522e-02;1.450119e-01;9.183764e-02;3.115483e-02
6.596981e-02;6.633201e-02;1.427177e-01;4.709842e-02;4.552532e-02;3.696189e-02;1.887700e-01;2.472459e-02;5.245277e-02;1.272649e-01;1.336276e-01;6.855498e-02
5.391472e-02;4.940775e-02;1.278812e-01;4.906366e-02;5.367239e-02;3.923763e-02;1.742700e-01;3.555200e-02;6.261608e-02;1.341242e-01;1.571110e-01;6.314933e-02
7.139383e-02;5.756400e-02;1.268557e-01;5.573412e-02;4.257694e-02;4.087725e-02;1.582822e-01;4.144681e-02;7.033031e-02;1.282590e-01;1.475121e-01;5.916782e-02
1.058052e-01;6.276384e-02;1.391689e-01;4.844620e-02;3.285938e-02;4.597781e-02;1.899645e-01;5.253457e-02;7.736723e-02;1.047722e-01;8.992907e-02;5.041115e-02
7.515177e-02;4.034849e-02;1.996264e-01;4.839192e-02;4.692729e-02;4.906539e-02;1.953519e-01;6.310429e-02;7.499378e-02;8.043771e-02;6.628361e-02;6.031736e-02
8.741511e-02;4.500267e-02;1.575522e-01;5.956508e-02;6.125497e-02;3.520159e-02;1.872369e-01;5.432801e-02;1.024701e-01;7.756492e-02;6.648874e-02;6.591965e-02
1.141568e-01;6.886176e-02;1.061621e-01;6.418987e-02;5.235125e-02;5.266894e-02;1.540444e-01;3.851719e-02;1.200964e-01;7.923142e-02;8.882249e-02;6.089737e-02
1.066016e-01;9.547457e-02;1.715107e-01;5.968603e-02;4.423983e-02;4.185306e-02;1.061550e-01;3.784769e-02;1.241755e-01;7.774249e-02;9.296408e-02;4.174957e-02
7.814198e-02;1.038420e-01;1.650230e-01;4.184051e-02;7.338648e-02;4.731223e-02;1.050458e-01;3.086014e-02;1.468761e-01;8.293737e-02;6.385863e-02;6.087574e-02
8.539568e-02;7.516225e-02;1.491406e-01;4.735273e-02;8.794923e-02;4.207766e-02;1.153985e-01;3.923054e-02;1.509050e-01;7.709970e-02;4.308821e-02;8.719986e-02
8.515633e-02;7.092504e-02;1.412531e-01;4.444413e-02;6.946696e-02;6.505243e-02;1.291085e-01;6.539824e-02;1.300854e-01;6.364222e-02;7.333975e-02;6.212790e-02
1.170796e-01;7.472157e-02;1.136679e-01;3.422854e-02;7.388382e-02;7.143861e-02;1.111095e-01;7.548914e-02;1.102624e-01;8.096965e-02;7.725741e-02;5.989184e-02
9.903611e-02;6.714519e-02;1.657817e-01;8.574069e-02;5.691441e-02;5.341044e-02;1.831531e-01;5.867236e-02;6.102106e-02;5.515348e-02;4.847429e-02;6.549714e-02
1.194845e-01;1.031124e-01;1.230067e-01;7.020817e-02;6.111365e-02;5.038786e-02;2.361311e-01;4.216878e-02;4.840118e-02;5.909154e-02;4.685633e-02;4.003791e-02
2.145491e-01;1.057425e-01;1.140239e-01;4.196159e-02;4.474932e-02;3.886602e-02;2.109903e-01;4.107020e-02;3.240026e-02;4.610642e-02;5.076413e-02;5.877629e-02
2.606918e-01;1.039631e-01;1.162649e-01;3.291544e-02;3.070046e-02;2.678997e-02;2.004648e-01;4.330301e-02;2.785382e-02;3.800294e-02;5.072028e-02;6.832951e-02
2.317691e-01;9.076008e-02;1.600904e-01;3.056506e-02;3.539168e-02;4.817840e-02;1.733651e-01;2.756687e-02;2.830023e-02;4.575662e-02;6.718061e-02;6.107577e-02
1.586982e-01;7.405635e-02;2.313001e-01;3.794659e-02;4.858642e-02;6.849882e-02;1.376086e-01;2.752968e-02;2.409919e-02;5.231269e-02;9.899430e-02;4.036896e-02
1.147116e-01;9.792634e-02;2.647856e-01;5.423542e-02;4.843541e-02;6.419173e-02;1.107437e-01;3.537932e-02;2.270522e-02;6.582318e-02;1.021638e-01;1.889864e-02
6.445282e-02;1.226028e-01;2.344687e-01;9.805873e-02;6.507363e-02;5.926038e-02;1.018402e-01;3.823000e-02;1.876436e-02;7.978418e-02;9.307577e-02;2.438842e-02
2.711707e-02;1.299166e-01;1.983929e-01;1.345106e-01;8.949603e-02;7.320156e-02;7.711700e-02;4.455167e-02;1.666130e-02;8.860652e-02;9.124070e-02;2.918801e-02
4.274771e-02;1.113486e-01;1.987482e-01;1.115532e-01;5.512071e-02;1.285340e-01;8.653743e-02;3.933918e-02;1.755023e-02;7.791355e-02;9.886809e-02;3.173915e-02
4.925339e-02;8.871017e-02;2.072666e-01;7.227677e-02;5.895494e-02;1.506318e-01;1.418597e-01;3.219958e-02;2.234533e-02;5.989664e-02;9.101954e-02;2.558552e-02
7.026064e-02;8.353765e-02;2.102124e-01;5.081238e-02;4.576663e-02;1.157600e-01;1.761726e-01;5.872812e-02;3.680457e-02;5.472213e-02;7.048047e-02;2.674240e-02
9.903152e-02;6.936423e-02;2.333089e-01;4.730149e-02;3.243476e-02;7.289026e-02;1.936268e-01;7.336491e-02;4.522553e-02;4.487786e-02;5.318790e-02;3.538584e-02
1.144765e-01;7.245576e-02;2.672157e-01;4.977138e-02;4.964139e-02;4.809020e-02;1.853772e-01;6.401369e-02;3.703067e-02;3.511154e-02;3.976214e-02;3.705382e-02
9.855209e-02;6.515811e-02;2.204427e-01;4.959461e-02;5.934930e-02;4.314435e-02;1.224692e-01;7.221084e-02;7.084938e-02;9.411408e-02;4.633198e-02;5.778326e-02
1.181382e-01;5.115815e-02;1.552234e-01;6.043897e-02;5.461204e-02;5.836671e-02;1.366504e-01;5.885131e-02;5.525566e-02;1.172895e-01;6.959496e-02;6.442074e-02
1.079890e-01;3.878685e-02;1.841761e-01;6.515890e-02;3.798134e-02;6.040660e-02;1.584298e-01;4.877156e-02;3.340038e-02;1.128527e-01;9.670799e-02;5.533875e-02
6.060219e-02;5.765212e-02;1.999648e-01;5.624362e-02;3.374644e-02;6.841974e-02;1.532514e-01;5.054748e-02;5.262290e-02;1.213514e-01;1.060016e-01;3.959628e-02
8.367448e-02;7.340700e-02;2.081544e-01;5.026054e-02;4.133729e-02;6.788906e-02;1.241695e-01;5.819640e-02;5.080812e-02;1.156813e-01;9.759555e-02;2.882631e-02
1.120908e-01;7.099283e-02;2.333354e-01;3.166323e-02;3.148366e-02;4.662977e-02;1.226796e-01;5.132639e-02;4.469463e-02;1.148519e-01;1.054202e-01;3.483158e-02
7.918629e-02;8.066905e-02;2.391928e-01;3.300066e-02;2.978529e-02;5.569428e-02;1.398648e-01;3.943998e-02;4.458932e-02;1.331194e-01;7.307900e-02;5.237906e-02
1.343783e-01;1.156042e-01;1.966165e-01;2.831618e-02;3.066644e-02;6.099006e-02;1.282799e-01;3.911925e-02;3.182838e-02;1.115593e-01;7.217471e-02;5.046679e-02
1.465376e-01;1.380626e-01;1.376426e-01;2.938681e-02;2.564952e-02;4.550972e-02;1.560310e-01;2.914869e-02;3.982094e-02;9.616686e-02;9.899088e-02;5.705278e-02
5.308601e-02;1.336755e-01;1.994202e-01;2.403057e-02;4.359797e-02;4.763341e-02;2.106459e-01;3.378943e-02;4.193682e-02;9.231428e-02;7.406545e-02;4.580449e-02
1.148777e-01;1.010599e-01;1.851670e-01;3.202029e-02;4.882389e-02;5.652190e-02;2.002382e-01;2.328032e-02;3.916214e-02;9.648830e-02;5.864384e-02;4.371643e-02
9.102019e-02;9.349605e-02;8.526130e-02;2.541314e-02;3.326872e-02;3.655783e-02;1.301350e-01;9.556899e-02;1.361277e-01;1.072262e-01;8.068141e-02;8.524343e-02
8.921589e-02;9.790502e-02;8.080369e-02;3.197533e-02;3.135657e-02;2.963817e-02;9.790731e-02;1.107528e-01;1.523520e-01;1.263971e-01;6.489689e-02;8.679927e-02
1.075611e-01;9.196585e-02;9.090222e-02;3.191062e-02;2.901054e-02;2.658597e-02;9.080950e-02;1.015819e-01;1.419489e-01;1.273982e-01;6.562095e-02;9.470434e-02
1.068869e-01;8.959813e-02;9.131740e-02;3.052562e-02;3.217001e-02;2.518973e-02;9.288542e-02;8.142762e-02;1.213679e-01;1.237111e-01;1.027782e-01;1.021419e-01
5.808479e-02;8.392681e-02;1.784771e-01;4.889155e-02;5.611772e-02;2.648221e-02;8.294177e-02;6.562363e-02;1.215819e-01;9.026200e-02;1.030809e-01;8.452961e-02
6.864401e-02;5.750954e-02;2.109447e-01;6.562702e-02;5.716198e-02;3.724670e-02;1.228404e-01;7.536369e-02;1.120984e-01;6.679568e-02;6.692972e-02;5.883810e-02
9.548824e-02;4.214988e-02;2.023800e-01;6.361677e-02;5.280106e-02;4.029676e-02;1.395560e-01;7.433347e-02;1.094205e-01;6.031001e-02;6.114753e-02;5.849973e-02
1.002382e-01;6.851495e-02;1.964505e-01;5.857650e-02;5.219800e-02;5.298839e-02;1.251280e-01;7.475159e-02;9.300122e-02;7.151247e-02;6.465860e-02;4.198142e-02
7.032583e-02;7.053681e-02;1.925849e-01;5.196251e-02;9.526271e-02;6.823418e-02;9.489594e-02;7.351647e-02;6.881851e-02;1.026877e-01;7.204825e-02;3.912627e-02
4.270496e-02;5.054142e-02;1.863625e-01;4.854497e-02;1.145854e-01;8.712073e-02;1.394618e-01;6.210164e-02;3.731417e-02;1.035068e-01;9.205391e-02;3.570174e-02
4.431325e-02;7.234927e-02;1.144472e-01;3.117394e-02;1.370437e-01;1.019067e-01;1.685906e-01;6.578474e-02;3.547736e-02;1.013008e-01;9.259927e-02;3.501306e-02
3.245884e-02;9.967022e-02;1.303891e-01;1.914355e-02;1.384114e-01;9.747314e-02;1.524927e-01;6.324843e-02;3.768657e-02;1.078974e-01;8.606272e-02;3.506594e-02
4.063588e-02;1.124822e-01;6.571377e-02;2.231374e-02;1.635114e-01;1.019783e-01;1.125508e-01;5.551396e-02;5.072436e-02;1.295333e-01;9.996692e-02;4.507534e-02
3.168293e-02;1.089351e-01;9.231604e-02;2.924435e-02;1.841301e-01;8.581801e-02;7.466707e-02;3.467987e-02;6.001660e-02;1.448531e-01;1.032621e-01;5.039477e-02
4.482087e-02;8.394616e-02;1.238914e-01;3.729787e-02;1.796925e-01;8.347999e-02;1.026334e-01;1.641484e-02;5.162327e-02;1.407250e-01;9.153606e-02;4.393863e-02
4.300381e-02;7.495101e-02;1.615928e-01;3.560441e-02;1.859943e-01;9.544095e-02;4.033943e-02;2.082398e-02;4.487433e-02;1.533428e-01;9.448870e-02;4.954346e-02
5.642645e-02;8.304622e-02;9.060892e-02;3.206952e-02;1.837311e-01;1.038120e-01;9.632088e-02;2.342681e-02;5.033774e-02;1.482359e-01;8.811601e-02;4.386849e-02
9.317756e-02;6.780065e-02;1.351710e-01;4.452154e-02;1.460785e-01;8.729501e-02;1.427270e-01;2.361423e-02;4.069665e-02;1.172510e-01;7.003019e-02;3.163663e-02
1.065243e-01;6.017987e-02;2.214340e-01;5.406984e-02;1.132513e-01;6.259470e-02;1.228400e-01;1.831073e-02;4.324212e-02;1.089979e-01;6.392327e-02;2.463192e-02
1.146818e-01;4.832704e-02;2.591248e-01;5.622303e-02;9.311343e-02;4.479546e-02;9.840482e-02;1.897226e-02;5.501720e-02;1.052906e-01;7.720710e-02;2.884245e-02
1.286039e-01;4.455183e-02;3.256770e-01;5.486859e-02;8.000863e-02;5.067287e-02;4.800028e-02;2.097976e-02;5.529413e-02;9.168270e-02;7.348190e-02;2.617843e-02
1.200365e-01;4.845183e-02;3.819456e-01;4.259653e-02;6.213852e-02;3.777980e-02;7.136681e-02;2.133374e-02;3.795756e-02;7.706009e-02;5.806442e-02;4.126864e-02
8.758046e-02;4.595027e-02;4.281825e-01;4.546767e-02;4.409150e-02;2.109785e-02;1.135143e-01;2.528135e-02;3.324158e-02;6.851121e-02;4.110800e-02;4.597333e-02
5.269602e-02;4.230539e-02;4.700668e-01;5.766359e-02;4.759218e-02;2.276904e-02;1.154217e-01;2.426581e-02;2.533871e-02;6.252394e-02;3.599419e-02;4.336267e-02
6.532487e-02;4.241487e-02;4.559039e-01;5.915312e-02;4.443825e-02;3.967562e-02;1.066580e-01;1.830858e-02;2.401128e-02;6.008096e-02;4.300508e-02;4.102554e-02
7.550813e-02;7.589658e-02;4.369142e-01;5.540415e-02;4.197892e-02;3.084992e-02;9.828620e-02;2.863956e-02;2.501183e-02;5.738881e-02;3.551907e-02;3.860261e-02
5.455319e-02;7.064787e-02;4.425259e-01;4.787366e-02;4.659404e-02;3.037479e-02;9.606809e-02;5.259962e-02;4.139810e-02;5.064081e-02;3.052349e-02;3.620045e-02
5.005283e-02;5.754334e-02;4.114505e-01;4.886215e-02;5.278588e-02;3.529571e-02;9.712285e-02;7.154068e-02;6.290100e-02;3.497338e-02;3.764910e-02;3.982256e-02
6.940904e-02;4.925105e-02;3.248407e-01;4.826721e-02;6.435712e-02;4.121668e-02;9.544014e-02;6.083211e-02;8.215458e-02;4.814666e-02;4.321208e-02;7.287268e-02
1.037624e-01;5.959304e-02;2.540650e-01;6.350664e-02;7.621640e-02;3.816932e-02;8.296647e-02;5.396172e-02;7.760755e-02;6.634674e-02;4.576318e-02;7.804155e-02
1.206122e-01;4.908746e-02;2.983746e-01;6.611150e-02;8.492322e-02;3.929093e-02;5.923871e-02;4.333147e-02;5.524638e-02;7.002913e-02;5.085829e-02;6.289607e-02
1.524319e-01;6.920911e-02;3.117063e-01;5.869876e-02;7.869753e-02;3.535116e-02;4.057152e-02;3.349127e-02;5.510876e-02;6.586429e-02;4.624646e-02;5.262289e-02
1.887530e-01;8.396193e-02;2.324171e-01;6.329314e-02;8.114787e-02;4.068250e-02;4.195866e-02;3.292702e-02;6.296638e-02;7.254615e-02;4.581132e-02;5.353497e-02
1.742418e-01;7.980429e-02;1.977867e-01;6.388987e-02;9.898980e-02;4.216039e-02;7.277219e-02;4.268660e-02;4.780184e-02;8.608185e-02;4.661225e-02;4.717235e-02
1.301493e-01;1.201221e-01;2.129123e-01;5.037379e-02;1.091998e-01;4.719447e-02;8.868250e-02;3.971609e-02;3.907437e-02;9.551097e-02;4.404381e-02;2.302052e-02
1.239971e-01;1.412539e-01;1.983867e-01;5.116230e-02;1.068224e-01;5.274302e-02;4.924489e-02;5.480398e-02;4.678272e-02;1.093962e-01;4.895173e-02;1.645510e-02
1.352622e-01;1.241407e-01;1.593116e-01;4.159790e-02;9.356189e-02;5.140661e-02;7.862328e-02;5.314686e-02;6.314623e-02;1.255367e-01;5.210040e-02;2.216565e-02
1.104087e-01;1.410948e-01;1.441024e-01;5.054155e-02;9.713929e-02;4.929661e-02;6.022039e-02;4.614401e-02;6.956690e-02;1.472574e-01;5.674006e-02;2.748803e-02
6.397247e-02;1.224556e-01;1.307972e-01;5.407313e-02;1.115224e-01;5.211579e-02;6.150876e-02;6.587133e-02;7.349096e-02;1.649896e-01;7.175916e-02;2.744357e-02
6.401879e-02;8.956710e-02;1.145412e-01;3.546682e-02;1.168133e-01;4.925612e-02;6.385499e-02;8.752888e-02;6.415557e-02;1.833189e-01;9.191332e-02;3.956503e-02
8.108594e-02;1.080672e-01;1.449646e-01;2.434943e-02;1.079970e-01;4.536455e-02;4.503439e-02;7.733728e-02;5.687883e-02;1.751831e-01;1.003777e-01;3.335992e-02
6.515200e-02;1.360431e-01;1.878425e-01;2.900208e-02;9.113276e-02;4.700306e-02;4.524846e-02;6.851360e-02;4.752741e-02;1.514327e-01;9.956370e-02;3.153852e-02
5.021567e-02;1.443411e-01;2.231696e-01;4.170593e-02;7.137660e-02;5.409724e-02;6.167559e-02;7.587115e-02;4.082014e-02;1.185902e-01;9.375719e-02;2.437954e-02
5.947930e-02;1.382772e-01;2.133698e-01;4.481697e-02;6.380268e-02;6.500009e-02;7.894211e-02;7.924375e-02;3.938890e-02;9.142727e-02;9.887738e-02;2.737456e-02
6.027427e-02;1.458967e-01;1.828895e-01;3.680558e-02;6.205000e-02;6.695337e-02;1.137002e-01;7.518931e-02;4.649641e-02;6.270061e-02;1.028535e-01;4.419051e-02
8.765872e-02;1.719212e-01;1.374947e-01;4.900495e-02;4.550703e-02;5.508173e-02;1.507992e-01;5.337667e-02;5.150174e-02;4.620364e-02;9.034038e-02;6.111008e-02
7.753748e-02;1.717559e-01;1.345883e-01;5.154758e-02;3.633138e-02;4.212075e-02;1.881894e-01;5.607303e-02;4.275964e-02;4.878384e-02;7.952875e-02;7.078391e-02
1.027200e-01;1.410763e-01;1.172025e-01;5.065436e-02;5.089321e-02;3.818476e-02;1.984545e-01;6.042860e-02;4.752629e-02;4.565918e-02;7.193349e-02;7.526676e-02
1.073826e-01;1.062395e-01;1.299527e-01;4.874282e-02;7.686149e-02;4.435227e-02;1.787833e-01;5.760765e-02;5.070855e-02;6.117434e-02;6.937702e-02;6.881780e-02
1.076320e-01;9.021591e-02;1.556995e-01;4.100104e-02;9.218201e-02;4.634770e-02;1.600880e-01;4.447011e-02;4.621247e-02;7.508294e-02;7.076459e-02;7.030370e-02
8.427774e-02;7.794419e-02;1.477036e-01;3.577748e-02;9.056444e-02;4.598292e-02;1.856745e-01;4.608458e-02;4.135623e-02;6.905481e-02;7.263713e-02;1.029424e-01
8.162188e-02;4.127894e-02;1.464574e-01;3.908659e-02;1.332948e-01;4.762015e-02;1.490160e-01;5.213057e-02;4.777839e-02;7.519057e-02;7.040755e-02;1.161172e-01
7.383946e-02;7.013498e-02;1.168255e-01;4.611665e-02;1.408287e-01;4.794569e-02;1.501945e-01;5.238340e-02;5.145442e-02;7.792030e-02;9.816348e-02;7.419293e-02
9.801688e-02;7.138249e-02;8.566560e-02;4.499897e-02;1.327017e-01;5.665367e-02;2.117223e-01;3.897649e-02;4.000976e-02;6.646822e-02;8.710483e-02;6.629916e-02
7.201775e-02;5.708697e-02;5.589077e-02;5.398230e-02;1.435754e-01;5.264536e-02;2.568265e-01;4.449227e-02;4.814963e-02;6.678750e-02;8.076234e-02;6.778318e-02
8.743859e-02;5.659423e-02;4.556048e-02;5.101645e-02;1.274016e-01;6.737869e-02;2.320455e-01;4.632110e-02;6.109965e-02;8.336297e-02;7.547829e-02;6.630239e-02
6.189510e-02;7.655059e-02;1.041851e-01;5.018254e-02;1.271505e-01;6.205109e-02;1.787309e-01;5.098761e-02;5.053936e-02;8.306193e-02;8.651797e-02;6.814732e-02
9.002798e-02;9.726380e-02;1.205072e-01;7.418622e-02;6.334221e-02;6.804731e-02;1.365745e-01;7.194324e-02;8.478383e-02;7.830435e-02;5.319888e-02;6.182042e-02
1.138765e-01;9.538899e-02;1.070662e-01;7.147429e-02;5.512791e-02;7.258889e-02;1.340603e-01;9.752899e-02;9.500099e-02;7.549980e-02;3.709363e-02;4.529345e-02
1.134875e-01;9.166621e-02;1.477841e-01;7.411075e-02;4.762412e-02;6.228079e-02;1.348035e-01;9.944150e-02;9.030998e-02;7.271006e-02;3.397057e-02;3.181090e-02
9.823818e-02;5.779181e-02;2.839036e-01;6.103721e-02;5.302770e-02;5.363429e-02;1.418203e-01;5.309070e-02;5.955454e-02;6.819648e-02;3.842684e-02;3.127835e-02
5.337778e-02;3.914053e-02;3.215007e-01;5.888529e-02;7.435353e-02;5.722022e-02;1.003124e-01;4.928286e-02;5.552155e-02;8.463477e-02;5.714312e-02;4.862730e-02
5.426441e-02;4.331278e-02;2.395499e-01;5.478760e-02;6.467228e-02;5.123039e-02;1.845790e-01;5.407590e-02;6.514852e-02;7.740477e-02;6.290591e-02;4.806847e-02
6.081720e-02;4.484724e-02;1.733627e-01;5.947706e-02;6.869837e-02;5.330877e-02;2.540596e-01;4.644870e-02;7.071307e-02;5.816548e-02;5.841364e-02;5.168812e-02
6.314894e-02;5.260859e-02;1.314476e-01;6.815857e-02;8.717656e-02;6.462828e-02;2.207704e-01;3.417377e-02;7.035051e-02;7.575221e-02;7.899918e-02;5.278539e-02
7.253823e-02;6.577507e-02;1.738703e-01;6.368114e-02;9.986939e-02;6.296875e-02;1.364780e-01;3.497790e-02;5.394854e-02;1.087047e-01;8.455942e-02;4.262855e-02
9.825694e-02;8.972879e-02;1.680062e-01;4.981801e-02;1.039665e-01;4.125211e-02;1.156023e-01;5.142384e-02;5.516388e-02;1.132015e-01;7.643714e-02;3.714278e-02
6.353079e-02;1.246152e-01;1.373489e-01;4.472696e-02;8.712208e-02;3.534320e-02;1.272862e-01;9.391282e-02;8.666847e-02;8.920324e-02;7.228885e-02;3.795325e-02
4.470386e-02;1.203021e-01;1.079375e-01;4.683302e-02;7.720154e-02;5.322663e-02;1.237676e-01;7.890993e-02;1.133716e-01;1.052697e-01;7.679546e-02;5.168103e-02
8.315443e-02;8.457268e-02;1.286824e-01;8.167072e-02;5.879245e-02;3.725043e-02;1.305743e-01;9.679254e-02;9.306654e-02;8.018058e-02;6.106014e-02;6.420279e-02
8.245832e-02;8.569885e-02;1.818753e-01;9.890895e-02;4.638022e-02;2.823608e-02;1.205145e-01;9.825636e-02;1.190668e-01;4.630126e-02;3.983061e-02;5.247271e-02
7.447016e-02;8.634827e-02;2.023862e-01;9.777869e-02;4.917412e-02;3.072768e-02;1.140236e-01;8.211190e-02;1.346557e-01;3.924485e-02;3.718713e-02;5.189176e-02
7.114591e-02;7.840094e-02;1.741721e-01;9.651113e-02;7.515980e-02;3.142359e-02;1.114896e-01;9.513143e-02;1.155028e-01;5.018310e-02;4.514915e-02;5.573048e-02
1.130920e-01;9.121715e-02;1.363981e-01;5.865248e-02;9.844714e-02;3.853352e-02;9.435799e-02;1.257369e-01;1.046721e-01;6.397862e-02;3.711203e-02;3.780197e-02
1.378791e-01;1.419554e-01;1.244304e-01;6.377859e-02;8.473506e-02;5.503657e-02;6.678872e-02;1.005835e-01;1.031615e-01;4.994350e-02;4.149010e-02;3.021760e-02
1.323276e-01;2.031651e-01;7.959431e-02;8.124042e-02;5.520105e-02;5.542010e-02;4.926783e-02;8.735397e-02;1.088545e-01;5.807228e-02;5.426665e-02;3.523626e-02
1.870378e-01;1.801318e-01;1.409727e-01;7.001087e-02;3.153096e-02;4.872217e-02;5.875063e-02;4.213505e-02;8.065225e-02;6.404699e-02;4.085522e-02;5.515361e-02
2.032336e-01;1.391120e-01;1.787561e-01;5.204005e-02;5.395750e-02;5.125577e-02;7.043873e-02;4.474892e-02;6.403482e-02;5.650587e-02;3.080706e-02;5.510961e-02
1.650758e-01;1.480735e-01;1.316967e-01;6.137302e-02;8.899083e-02;5.432204e-02;6.515541e-02;4.517014e-02;9.253865e-02;5.350678e-02;3.671179e-02;5.738528e-02
1.384557e-01;1.208769e-01;1.079691e-01;8.443295e-02;8.469148e-02;5.257906e-02;7.042107e-02;5.380876e-02;1.275991e-01;5.251530e-02;4.136920e-02;6.528144e-02
1.299058e-01;1.255851e-01;1.226183e-01;8.565821e-02;4.915582e-02;5.735498e-02;1.016378e-01;5.582078e-02;1.253373e-01;4.227184e-02;3.902014e-02;6.563400e-02
1.654529e-01;1.298854e-01;1.168420e-01;6.461209e-02;4.226744e-02;6.547494e-02;1.037253e-01;3.518384e-02;1.253675e-01;5.825271e-02;2.462956e-02;6.830624e-02
1.985714e-01;1.078498e-01;1.309244e-01;5.454949e-02;4.540524e-02;6.255587e-02;7.850918e-02;2.747612e-02;1.053215e-01;8.050136e-02;3.880837e-02;6.952719e-02
1.945088e-01;7.313712e-02;1.536671e-01;5.904114e-02;3.117888e-02;5.878853e-02;7.299568e-02;4.822710e-02;1.221866e-01;7.901409e-02;5.395513e-02;5.329990e-02
1.320977e-01;7.888079e-02;1.274401e-01;5.937701e-02;4.498452e-02;4.591653e-02;1.321610e-01;7.890253e-02;1.194335e-01;6.375854e-02;5.961865e-02;5.742921e-02
1.280296e-01;5.560555e-02;1.828474e-01;7.006490e-02;5.691120e-02;3.810907e-02;1.158097e-01;9.003071e-02;5.877145e-02;5.000501e-02;7.420024e-02;7.961527e-02
1.721817e-01;9.740462e-02;1.673407e-01;6.374953e-02;5.229380e-02;3.666857e-02;1.083346e-01;7.728861e-02;3.647957e-02;4.736562e-02;6.021098e-02;8.068178e-02
2.144716e-01;1.270576e-01;1.320832e-01;5.469859e-02;3.608549e-02;2.994148e-02;1.335583e-01;5.066149e-02;4.535617e-02;4.839224e-02;4.224597e-02;8.544786e-02
1.714091e-01;1.072500e-01;1.911928e-01;5.446564e-02;3.441643e-02;3.541575e-02;1.254258e-01;3.639406e-02;5.852157e-02;4.281849e-02;6.387821e-02;7.881213e-02
1.017891e-01;1.456952e-01;2.294730e-01;5.295834e-02;4.069266e-02;4.576495e-02;9.932724e-02;4.590279e-02;6.248239e-02;4.563203e-02;7.595707e-02;5.432521e-02
8.888916e-02;1.566235e-01;2.161774e-01;5.307633e-02;5.516813e-02;4.550932e-02;9.244049e-02;6.650234e-02;5.530227e-02;5.734881e-02;7.684842e-02;3.611375e-02
6.047968e-02;1.339118e-01;1.413882e-01;7.986302e-02;7.812483e-02;5.353939e-02;1.073362e-01;9.106236e-02;5.673466e-02;9.456270e-02;7.523707e-02;2.776004e-02
4.871129e-02;1.097116e-01;1.323861e-01;1.062123e-01;9.742790e-02;6.595738e-02;7.348906e-02;8.727228e-02;5.718708e-02;1.255130e-01;7.814529e-02;1.798667e-02
8.265991e-02;8.050667e-02;1.239457e-01;9.724963e-02;9.880408e-02;6.795087e-02;1.395160e-01;4.721359e-02;5.471098e-02;1.103316e-01;7.760116e-02;1.950973e-02
5.112555e-02;5.203694e-02;1.023635e-01;8.585543e-02;1.100565e-01;7.801088e-02;2.161382e-01;3.205344e-02;5.086790e-02;1.015987e-01;9.065568e-02;2.923730e-02
5.467451e-02;6.010676e-02;8.967320e-02;5.525705e-02;1.127781e-01;8.679754e-02;2.532575e-01;2.960801e-02;4.310299e-02;8.438997e-02;9.868757e-02;3.166688e-02
4.607025e-02;8.652741e-02;1.242365e-01;4.204001e-02;1.045550e-01;8.201108e-02;2.145229e-01;2.926840e-02;4.563455e-02;9.376235e-02;9.266657e-02;3.870503e-02
6.616486e-02;5.835639e-02;2.155831e-01;4.939485e-02;6.574113e-02;5.442004e-02;1.611451e-01;4.461237e-02;5.349443e-02;9.206706e-02;8.170606e-02;5.731460e-02
5.083445e-02;3.686159e-02;2.918754e-01;4.458004e-02;4.052954e-02;3.845387e-02;1.753246e-01;4.537928e-02;5.361313e-02;9.432626e-02;7.075701e-02;5.746493e-02
4.103103e-02;6.730188e-02;2.214876e-01;3.696575e-02;8.500209e-02;5.547841e-02;1.768584e-01;2.920940e-02;4.294271e-02;1.166059e-01;7.105108e-02;5.606576e-02
3.136259e-02;7.814646e-02;1.211680e-01;4.289578e-02;8.108878e-02;6.163071e-02;1.984291e-01;4.266715e-02;5.127256e-02;1.296054e-01;1.013407e-01;6.039279e-02
4.932220e-02;7.149185e-02;1.856849e-01;4.209496e-02;7.242195e-02;5.444784e-02;1.655101e-01;3.715714e-02;5.866154e-02;1.156507e-01;9.971805e-02;4.783868e-02
6.228979e-02;7.135177e-02;1.822892e-01;4.735676e-02;6.812529e-02;6.065379e-02;2.026597e-01;3.381637e-02;5.785561e-02;9.493195e-02;5.927564e-02;5.939421e-02
9.484035e-02;6.679790e-02;1.419749e-01;4.826272e-02;4.717987e-02;7.169152e-02;2.261944e-01;4.192507e-02;5.299631e-02;7.803828e-02;6.364661e-02;6.645208e-02
1.008334e-01;7.597789e-02;1.499172e-01;4.080848e-02;7.038595e-02;7.440179e-02;2.264155e-01;3.414200e-02;4.163415e-02;7.639806e-02;6.932301e-02;3.976256e-02
8.729667e-02;4.373053e-02;1.759012e-01;6.004289e-02;5.810777e-02;6.192103e-02;1.980325e-01;5.058873e-02;4.388823e-02;7.802153e-02;8.560929e-02;5.685962e-02
9.692728e-02;8.081015e-02;1.482339e-01;4.952418e-02;5.606069e-02;5.404660e-02;1.706471e-01;8.503180e-02;4.530814e-02;6.810879e-02;6.737287e-02;7.792848e-02
1.196429e-01;1.111634e-01;1.273855e-01;4.622190e-02;5.644807e-02;4.555073e-02;1.348145e-01;6.414571e-02;5.563831e-02;9.036195e-02;9.986461e-02;4.876236e-02
1.265607e-01;1.668762e-01;1.155650e-01;6.303148e-02;4.502391e-02;5.085415e-02;7.388606e-02;4.329887e-02;5.388806e-02;1.007416e-01;1.201620e-01;4.011199e-02
1.264985e-01;1.727025e-01;1.252008e-01;7.014480e-02;3.577945e-02;5.228815e-02;6.152024e-02;4.445150e-02;5.115205e-02;9.537474e-02;1.109835e-01;5.390381e-02
1.329177e-01;1.587667e-01;9.657358e-02;6.796304e-02;3.775670e-02;7.237069e-02;8.490451e-02;7.497458e-02;5.524081e-02;7.595967e-02;8.421868e-02;5.835331e-02
1.240880e-01;9.618592e-02;1.237462e-01;5.557811e-02;7.564172e-02;6.919165e-02;1.302842e-01;1.306437e-01;5.797365e-02;4.730595e-02;4.827813e-02;4.108277e-02
1.248743e-01;8.635183e-02;1.404475e-01;5.829431e-02;8.697776e-02;5.748506e-02;1.327877e-01;1.219707e-01;5.510088e-02;4.471180e-02;4.773054e-02;4.326759e-02
9.512989e-02;7.236447e-02;1.422554e-01;7.314996e-02;1.025828e-01;5.219314e-02;1.998342e-01;7.064383e-02;4.629815e-02;4.141618e-02;4.778141e-02;5.635052e-02
5.414892e-02;4.807258e-02;1.777384e-01;5.788017e-02;1.067031e-01;6.470992e-02;2.426319e-01;6.170009e-02;4.137682e-02;4.822946e-02;5.226695e-02;4.454171e-02
5.906637e-02;5.725686e-02;2.019651e-01;2.576602e-02;8.481906e-02;6.555193e-02;2.433263e-01;5.481076e-02;5.178176e-02;5.339742e-02;6.767795e-02;3.458045e-02
7.505177e-02;5.679641e-02;1.719307e-01;3.207028e-02;7.003372e-02;8.162359e-02;2.507788e-01;2.997463e-02;4.349190e-02;6.231557e-02;9.356077e-02;3.237180e-02
1.057939e-01;3.830841e-02;1.537049e-01;2.222825e-02;6.808257e-02;1.118074e-01;2.318187e-01;2.464154e-02;2.596851e-02;6.890352e-02;1.087118e-01;4.003049e-02
1.129425e-01;4.130752e-02;1.468231e-01;1.017137e-02;6.815884e-02;1.242513e-01;2.295285e-01;2.522714e-02;2.063174e-02;6.720843e-02;1.175125e-01;3.623700e-02
8.666493e-02;4.524257e-02;1.159322e-01;2.212472e-02;8.058865e-02;1.161903e-01;2.407900e-01;4.307599e-02;2.979394e-02;6.868261e-02;1.058426e-01;4.507140e-02
7.199848e-02;3.908003e-02;1.048753e-01;4.007211e-02;8.825711e-02;1.285922e-01;2.639117e-01;5.324543e-02;3.359344e-02;4.712293e-02;9.500149e-02;3.424982e-02
6.384770e-02;3.336502e-02;8.248993e-02;4.399684e-02;8.139003e-02;1.483026e-01;2.563245e-01;5.847655e-02;5.681085e-02;4.786038e-02;1.042345e-01;2.290118e-02
6.056262e-02;4.037364e-02;6.447063e-02;4.185720e-02;8.924896e-02;1.338244e-01;2.142161e-01;7.640056e-02;5.914354e-02;8.266220e-02;1.027580e-01;3.448216e-02
4.421348e-02;4.986963e-02;8.122287e-02;4.560882e-02;1.090502e-01;1.003971e-01;1.861942e-01;8.115425e-02;6.965439e-02;1.063630e-01;7.737354e-02;4.889864e-02
4.773214e-02;4.523100e-02;1.154122e-01;4.841413e-02;9.595668e-02;6.863128e-02;1.696405e-01;6.887497e-02;1.169698e-01;1.128350e-01;6.451210e-02;4.579037e-02
5.636885e-02;4.171037e-02;1.924321e-01;6.167995e-02;6.732763e-02;6.862456e-02;1.450621e-01;5.724061e-02;1.035927e-01;1.161636e-01;5.722564e-02;3.257196e-02
5.913990e-02;5.876321e-02;1.744625e-01;6.963228e-02;7.865252e-02;1.087933e-01;1.033985e-01;9.368576e-02;4.518552e-02;1.001831e-01;8.197112e-02;2.613235e-02
8.785159e-02;5.778113e-02;7.728186e-02;6.434957e-02;7.797638e-02;1.424243e-01;1.542202e-01;6.557553e-02;6.844587e-02;6.292889e-02;8.831868e-02;5.284605e-02
7.099623e-02;4.194568e-02;1.018358e-01;5.246826e-02;8.493965e-02;1.292931e-01;2.047946e-01;6.352426e-02;4.561834e-02;6.805974e-02;7.719764e-02;5.932672e-02
4.772843e-02;3.114662e-02;1.031808e-01;5.169193e-02;8.756968e-02;1.123091e-01;2.129123e-01;6.347350e-02;5.790889e-02;8.894972e-02;1.010252e-01;4.210373e-02
3.942824e-02;3.348083e-02;1.089430e-01;6.759422e-02;7.003509e-02;9.017304e-02;2.114652e-01;5.190486e-02;5.952614e-02;1.118971e-01;1.121928e-01;4.335952e-02
4.412735e-02;5.896622e-02;1.062096e-01;6.935575e-02;7.370989e-02;8.299575e-02;1.604712e-01;6.660063e-02;7.096684e-02;1.098219e-01;1.084474e-01;4.832742e-02
6.446835e-02;6.683139e-02;1.461231e-01;6.136725e-02;5.940248e-02;7.313857e-02;1.240182e-01;7.553922e-02;7.368508e-02;8.561742e-02;1.055838e-01;6.422513e-02
9.066872e-02;5.537708e-02;9.313301e-02;5.161197e-02;5.520662e-02;3.911628e-02;9.544076e-02;8.858596e-02;7.252011e-02;1.259925e-01;1.188037e-01;1.135433e-01
9.705818e-02;5.929275e-02;8.021241e-02;4.907013e-02;5.358234e-02;2.908429e-02;1.009371e-01;9.968769e-02;6.824058e-02;1.385294e-01;1.086429e-01;1.156622e-01
9.195213e-02;6.817895e-02;8.647540e-02;4.319996e-02;5.854268e-02;2.201756e-02;1.133473e-01;1.050650e-01;6.523832e-02;1.416859e-01;9.473498e-02;1.095618e-01
7.274316e-02;8.262435e-02;1.004773e-01;2.519342e-02;5.731372e-02;2.608463e-02;1.234521e-01;8.555004e-02;9.320340e-02;1.281988e-01;9.270381e-02;1.124552e-01
4.995715e-02;7.020550e-02;1.265123e-01;3.906270e-02;5.201700e-02;5.348501e-02;8.766814e-02;7.102459e-02;1.628527e-01;1.080596e-01;9.830429e-02;8.085112e-02
4.513185e-02;6.405885e-02;1.452013e-01;4.745141e-02;4.875343e-02;6.022672e-02;1.110028e-01;6.903393e-02;1.210791e-01;1.113952e-01;1.138217e-01;6.284370e-02
5.118750e-02;5.004339e-02;1.141111e-01;6.356773e-02;4.761076e-02;5.664576e-02;1.356553e-01;8.089719e-02;8.849661e-02;1.578137e-01;1.052586e-01;4.871232e-02
5.176788e-02;3.969787e-02;5.686423e-02;9.015407e-02;3.581042e-02;4.844724e-02;1.882693e-01;7.376954e-02;5.358057e-02;2.030329e-01;9.115385e-02;6.745217e-02
5.363308e-02;5.138867e-02;4.803531e-02;1.005724e-01;3.145810e-02;4.161330e-02;2.345364e-01;5.701760e-02;3.169021e-02;1.624784e-01;9.379487e-02;9.378166e-02
5.042902e-02;6.199088e-02;8.645286e-02;9.170058e-02;2.945287e-02;4.724222e-02;2.597303e-01;6.871308e-02;4.216249e-02;7.716078e-02;9.223955e-02;9.272532e-02
4.878412e-02;5.348650e-02;1.162875e-01;7.241384e-02;4.244970e-02;6.024698e-02;2.642900e-01;6.691787e-02;5.482515e-02;5.631362e-02;8.218878e-02;8.179595e-02
6.539318e-02;3.846787e-02;1.494862e-01;5.316100e-02;5.132908e-02;5.606223e-02;2.669497e-01;7.201536e-02;4.671077e-02;6.027905e-02;6.719291e-02;7.295256e-02
9.397820e-02;3.255323e-02;1.444217e-01;5.125251e-02;2.823733e-02;6.907614e-02;2.967148e-01;5.700414e-02;4.467871e-02;5.098739e-02;5.281334e-02;7.828254e-02
1.379314e-01;4.838649e-02;1.386565e-01;5.442889e-02;5.538526e-02;6.805477e-02;2.191781e-01;3.417327e-02;3.485674e-02;7.699620e-02;4.926475e-02;8.268756e-02
1.500168e-01;8.040063e-02;1.559114e-01;4.862471e-02;7.921501e-02;4.601029e-02;1.380804e-01;5.056356e-02;3.040003e-02;6.823699e-02;8.853959e-02;6.400046e-02
