8.887374e-02;6.752772e-02;8.562949e-02;2.704834e-02;9.031662e-02;6.746005e-02;9.580042e-02;8.023620e-02;1.722042e-01;4.559824e-02;9.158641e-02;8.771864e-02
4.284560e-02;7.359062e-02;7.919296e-02;5.423780e-02;1.074395e-01;5.965552e-02;1.457780e-01;8.113489e-02;1.550431e-01;3.800819e-02;9.525622e-02;6.781750e-02
5.687292e-02;7.053404e-02;7.641786e-02;1.005353e-01;7.812737e-02;4.978367e-02;1.929078e-01;5.567580e-02;1.411943e-01;7.256627e-02;6.682485e-02;3.855978e-02
5.585984e-02;4.703443e-02;1.007127e-01;9.261945e-02;6.403773e-02;5.538218e-02;1.732956e-01;7.834386e-02;1.310015e-01;7.999215e-02;6.881216e-02;5.290831e-02
8.820897e-02;5.490591e-02;1.040848e-01;3.615291e-02;4.888542e-02;7.926644e-02;1.563452e-01;1.167462e-01;1.012105e-01;8.740100e-02;5.841015e-02;6.838249e-02
1.097728e-01;6.238680e-02;9.166437e-02;3.787306e-02;5.599703e-02;5.823961e-02;1.326477e-01;1.380027e-01;8.437138e-02;7.800981e-02;8.075545e-02;7.027934e-02
1.284720e-01;6.611436e-02;6.941928e-02;3.026368e-02;6.463851e-02;3.874426e-02;1.167708e-01;1.560521e-01;8.713797e-02;7.343987e-02;9.822387e-02;7.072337e-02
1.398120e-01;8.564158e-02;4.194939e-02;1.488708e-02;6.017205e-02;2.704539e-02;8.298291e-02;1.595265e-01;1.775142e-01;6.157105e-02;9.605423e-02;5.284358e-02
1.391466e-01;1.211453e-01;4.105059e-02;7.879919e-03;4.354642e-02;2.078260e-02;5.493336e-02;1.653708e-01;2.876884e-01;3.280125e-02;6.104435e-02;2.461039e-02
1.145164e-01;1.408556e-01;4.252527e-02;1.680636e-02;4.536043e-02;2.815496e-02;5.407189e-02;1.893589e-01;2.872883e-01;2.212086e-02;4.148998e-02;1.745111e-02
1.347519e-01;1.691524e-01;6.312355e-02;2.458197e-02;2.374269e-02;4.836146e-02;3.147011e-02;1.565454e-01;2.744298e-01;2.912870e-02;2.001022e-02;2.470168e-02
2.201581e-01;1.800664e-01;5.836308e-02;2.280901e-02;2.421766e-02;3.687250e-02;2.754657e-02;1.021659e-01;2.213516e-01;3.179744e-02;4.536415e-02;2.928751e-02
2.597981e-01;1.770865e-01;7.837573e-02;1.833807e-02;4.382259e-02;1.474171e-02;3.765693e-02;8.584198e-02;1.252870e-01;3.879565e-02;8.106270e-02;3.919302e-02
1.736484e-01;1.602067e-01;7.054614e-02;2.550836e-02;4.003800e-02;2.608101e-02;5.269386e-02;1.323327e-01;1.385863e-01;6.967941e-02;7.057946e-02;4.009975e-02
8.358914e-02;1.010879e-01;6.172377e-02;2.002738e-02;4.944312e-02;6.264351e-02;4.826349e-02;1.316030e-01;2.722352e-01;6.484382e-02;4.918822e-02;5.535142e-02
7.929057e-02;4.379109e-02;2.940131e-02;1.869979e-02;5.583917e-02;9.561937e-02;4.546180e-02;1.173842e-01;3.167438e-01;5.994524e-02;7.293770e-02;6.488594e-02
8.902343e-02;5.595564e-02;4.912462e-02;2.470379e-02;7.301244e-02;6.891710e-02;3.949949e-02;1.457001e-01;2.530927e-01;7.702837e-02;7.455523e-02;4.938701e-02
1.287252e-01;7.562852e-02;5.486640e-02;4.406536e-02;6.493038e-02;6.887141e-02;5.853029e-02;1.514127e-01;1.805558e-01;7.641592e-02;5.949914e-02;3.649890e-02
1.004204e-01;6.447553e-02;4.434569e-02;1.077198e-01;1.644152e-01;7.840142e-02;8.671423e-02;8.018228e-02;1.001646e-01;7.854836e-02;3.971258e-02;5.489985e-02
9.844476e-02;6.103509e-02;7.491244e-02;1.291271e-01;2.004112e-01;7.587663e-02;1.006790e-01;3.169212e-02;6.270515e-02;7.465497e-02;3.392366e-02;5.653797e-02
1.546269e-01;5.795196e-02;8.618462e-02;1.080906e-01;1.623783e-01;6.787021e-02;1.120315e-01;3.010926e-02;5.083458e-02;6.193904e-02;3.879806e-02;6.918506e-02
2.960669e-01;7.967701e-02;9.517133e-02;7.358792e-02;7.451727e-02;2.888176e-02;9.858514e-02;3.735359e-02;4.132240e-02;4.089453e-02;4.960689e-02;8.433516e-02
4.287806e-01;1.531658e-01;1.010446e-01;5.074575e-02;3.292801e-02;1.076563e-02;3.862326e-02;6.810265e-02;2.270663e-02;1.446374e-02;2.202454e-02;5.664883e-02
4.853328e-01;1.828708e-01;8.365914e-02;2.210289e-02;4.092484e-02;4.861815e-03;1.189106e-02;1.094118e-01;2.200389e-02;5.445243e-03;6.333391e-03;2.516239e-02
5.185350e-01;1.393983e-01;4.178381e-02;9.622539e-03;5.328689e-02;4.551949e-03;1.530074e-02;1.633928e-01;2.198938e-02;2.439339e-03;5.820700e-03;2.387847e-02
5.089452e-01;9.515357e-02;4.053596e-02;4.842100e-03;6.276992e-02;3.018415e-03;2.022538e-02;2.130765e-01;1.184228e-02;3.928097e-03;7.483376e-03;2.817924e-02
4.654852e-01;6.265464e-02;3.882995e-02;6.464086e-03;7.236491e-02;4.672384e-03;3.904340e-02;2.515572e-01;1.228725e-02;3.323224e-03;8.360729e-03;3.495708e-02
4.086503e-01;4.889683e-02;3.479510e-02;8.404395e-03;8.937570e-02;5.101949e-03;6.086788e-02;2.870950e-01;4.581713e-03;4.138681e-03;8.594618e-03;3.949777e-02
3.277844e-01;3.696610e-02;3.070147e-02;1.126778e-02;1.485329e-01;7.276503e-03;6.747532e-02;3.087654e-01;8.607210e-03;6.047500e-03;7.177556e-03;3.939786e-02
2.503183e-01;2.627818e-02;3.036605e-02;1.117202e-02;2.490149e-01;5.056208e-03;5.744371e-02;3.105894e-01;1.798456e-02;5.550836e-03;7.126214e-03;2.909971e-02
2.028921e-01;2.721984e-02;2.723527e-02;6.313572e-03;3.229078e-01;8.512823e-03;4.121095e-02;3.234767e-01;1.140033e-02;3.855591e-03;7.394577e-03;1.758049e-02
1.831674e-01;2.572367e-02;2.922288e-02;3.554128e-03;3.086875e-01;9.883971e-03;2.902743e-02;3.645835e-01;1.979494e-02;4.093302e-03;8.299137e-03;1.396215e-02
1.824934e-01;2.410110e-02;3.353483e-02;6.407036e-03;2.206654e-01;1.320166e-02;4.125573e-02;4.188008e-01;2.503076e-02;4.583003e-03;1.475128e-02;1.517498e-02
1.930124e-01;3.126122e-02;4.133891e-02;3.704165e-03;1.592883e-01;8.249912e-03;4.274945e-02;4.548739e-01;2.747802e-02;4.819205e-03;2.030072e-02;1.292382e-02
2.113677e-01;3.977858e-02;4.319158e-02;2.553030e-03;1.329172e-01;4.987385e-03;4.532051e-02;4.361053e-01;3.571723e-02;5.197449e-03;2.978079e-02;1.308321e-02
2.471841e-01;5.315798e-02;4.877545e-02;6.552502e-03;1.029275e-01;5.531467e-03;4.955157e-02;3.615131e-01;4.992918e-02;8.793628e-03;4.689896e-02;1.918452e-02
2.822095e-01;7.785081e-02;7.388957e-02;9.251371e-03;6.885021e-02;7.213837e-03;5.093602e-02;2.550626e-01;5.968584e-02;1.605180e-02;6.757830e-02;3.142011e-02
2.429087e-01;1.005152e-01;9.374706e-02;1.841815e-02;5.105773e-02;1.718486e-02;7.661510e-02;1.512122e-01;9.298545e-02;4.518209e-02;7.129495e-02;3.887856e-02
1.275123e-01;1.119437e-01;9.462745e-02;4.192387e-02;5.404632e-02;1.620245e-02;7.012261e-02;2.144095e-01;9.015606e-02;8.324444e-02;5.345117e-02;4.236013e-02
2.083229e-01;1.330655e-01;1.296767e-01;3.953874e-02;4.262438e-02;1.029365e-02;5.022691e-02;2.026114e-01;3.370580e-02;6.160132e-02;5.669572e-02;3.163701e-02
2.474540e-01;1.354045e-01;1.508192e-01;2.598709e-02;5.689947e-02;7.351912e-03;4.051269e-02;1.785056e-01;2.816835e-02;2.705411e-02;8.065858e-02;2.118460e-02
2.906677e-01;1.098154e-01;1.294103e-01;2.396475e-02;7.064521e-02;8.859764e-03;3.429171e-02;1.926594e-01;1.382717e-02;1.152088e-02;8.576163e-02;2.857601e-02
2.994166e-01;1.047867e-01;9.828703e-02;2.030403e-02;7.878596e-02;1.604450e-02;3.007004e-02;1.845339e-01;3.035746e-02;2.232688e-02;7.556217e-02;3.952472e-02
2.414754e-01;1.226028e-01;9.609579e-02;2.799770e-02;7.743470e-02;2.549592e-02;5.555465e-02;1.321729e-01;4.773078e-02;4.744816e-02;7.912008e-02;4.687105e-02
1.681529e-01;1.529022e-01;1.604584e-01;4.323040e-02;5.972786e-02;3.235117e-02;6.826039e-02;7.402580e-02;7.944801e-02;6.375811e-02;5.496274e-02;4.272195e-02
1.368574e-01;1.978977e-01;2.113425e-01;4.334429e-02;4.085128e-02;3.656081e-02;3.306192e-02;6.042073e-02;1.015883e-01;7.752565e-02;2.047969e-02;4.006970e-02
1.443574e-01;2.363461e-01;1.742741e-01;4.024172e-02;3.898936e-02;3.811807e-02;3.322589e-02;5.063512e-02;1.115245e-01;6.109458e-02;2.946043e-02;4.173271e-02
2.142919e-01;2.339448e-01;1.921921e-01;2.899947e-02;2.611708e-02;2.988211e-02;5.407195e-02;3.920018e-02;8.231194e-02;3.064835e-02;2.991533e-02;3.842470e-02
2.874790e-01;2.151821e-01;1.540518e-01;2.025761e-02;4.063831e-02;2.727188e-02;7.579178e-02;4.984146e-02;4.202788e-02;1.755675e-02;3.752213e-02;3.237922e-02
3.354722e-01;1.884186e-01;1.320299e-01;1.459011e-02;5.406286e-02;2.299279e-02;9.984131e-02;5.580795e-02;1.221231e-02;1.290321e-02;4.427655e-02;2.739218e-02
3.160382e-01;1.443197e-01;1.258129e-01;1.982908e-02;5.496465e-02;2.193168e-02;1.314808e-01;6.064732e-02;2.468704e-02;2.235670e-02;4.303834e-02;3.489352e-02
2.482297e-01;8.403622e-02;1.045141e-01;1.956395e-02;5.777958e-02;2.528870e-02;1.783299e-01;6.658142e-02;4.961576e-02;3.144754e-02;5.460922e-02;8.000395e-02
8.917208e-02;5.228600e-02;5.484851e-02;5.045854e-02;9.310572e-02;2.248513e-02;1.882583e-01;7.480381e-02;6.586252e-02;5.134995e-02;1.088318e-01;1.485377e-01
7.086195e-02;6.687156e-02;1.218602e-01;5.482047e-02;7.224989e-02;2.819495e-02;9.010281e-02;6.123553e-02;4.927712e-02;7.580323e-02;1.618246e-01;1.468977e-01
3.860305e-02;6.878925e-02;1.314961e-01;3.543016e-02;5.140416e-02;4.105269e-02;6.273697e-02;5.057010e-02;4.118774e-02;9.660520e-02;2.608584e-01;1.212662e-01
7.498070e-02;6.127255e-02;1.061101e-01;2.242346e-02;2.987019e-02;4.590707e-02;5.567871e-02;3.565817e-02;3.729171e-02;1.183463e-01;3.311462e-01;8.131497e-02
5.854610e-02;5.045718e-02;1.006923e-01;1.742902e-02;2.281058e-02;5.270851e-02;4.878956e-02;2.691948e-02;4.198710e-02;1.544599e-01;3.673054e-01;5.789480e-02
2.397812e-02;4.207467e-02;8.776738e-02;1.043009e-02;1.644919e-02;5.833697e-02;3.440801e-02;1.952840e-02;5.595545e-02;2.065982e-01;3.789171e-01;6.555641e-02
2.524291e-02;4.182839e-02;7.155804e-02;2.007001e-02;2.602163e-02;5.330163e-02;3.275020e-02;2.157393e-02;6.360410e-02;2.182908e-01;3.697435e-01;5.601491e-02
5.056335e-02;2.900217e-02;6.916304e-02;2.757185e-02;2.269402e-02;4.630960e-02;3.040636e-02;2.411618e-02;6.876057e-02;2.357909e-01;3.477400e-01;4.788190e-02
3.326640e-02;3.951932e-02;7.629172e-02;5.506133e-02;2.827337e-02;6.270198e-02;3.996056e-02;4.988033e-02;7.315087e-02;2.088409e-01;2.854064e-01;4.764680e-02
4.431660e-02;5.207700e-02;1.072494e-01;5.675900e-02;4.385899e-02;6.073478e-02;5.550123e-02;4.418601e-02;7.590805e-02;1.459799e-01;2.586990e-01;5.473006e-02
1.258965e-01;4.614092e-02;1.255956e-01;4.924146e-02;3.891893e-02;4.998174e-02;9.677458e-02;6.174194e-02;5.497085e-02;9.514329e-02;1.529723e-01;1.026218e-01
2.295900e-01;8.358055e-02;1.543712e-01;3.946919e-02;2.503446e-02;2.771899e-02;9.130968e-02;8.595829e-02;6.669556e-02;4.714209e-02;4.801385e-02;1.011161e-01
2.822275e-01;1.568072e-01;1.545199e-01;2.676627e-02;1.589106e-02;1.384847e-02;6.042925e-02;7.769731e-02;8.887974e-02;2.483360e-02;2.126077e-02;7.683902e-02
3.114642e-01;2.482560e-01;1.521077e-01;1.256674e-02;6.489406e-03;6.192975e-03;2.869952e-02;4.061134e-02;1.090852e-01;2.414092e-02;1.127294e-02;4.911302e-02
3.694981e-01;2.914364e-01;1.222988e-01;1.016628e-02;1.137732e-02;5.487916e-03;1.302811e-02;2.798763e-02;8.783387e-02;2.021368e-02;1.598846e-02;2.468345e-02
5.150794e-01;2.579190e-01;4.822512e-02;5.174940e-03;1.504817e-02;3.477032e-03;1.068612e-02;6.002901e-02;3.099447e-02;7.761193e-03;1.074107e-02;3.486451e-02
5.258427e-01;2.238790e-01;4.813036e-02;4.277143e-03;1.162163e-02;3.587974e-03;1.343368e-02;5.863059e-02;5.102963e-02;7.615814e-03;6.765965e-03;4.518549e-02
3.892745e-01;2.423946e-01;9.585924e-02;5.535641e-03;4.782062e-03;7.812157e-03;2.778398e-02;7.196038e-02;1.105621e-01;8.923561e-03;9.189384e-03;2.592245e-02
2.802585e-01;2.280936e-01;1.443642e-01;1.129585e-02;5.883454e-03;1.239190e-02;4.948032e-02;9.532125e-02;1.240434e-01;1.455695e-02;1.678022e-02;1.753040e-02
2.442845e-01;1.992792e-01;1.831936e-01;2.100349e-02;1.542024e-02;1.455992e-02;6.363307e-02;8.498751e-02;8.892925e-02;2.982531e-02;2.713035e-02;2.775359e-02
1.573849e-01;2.442432e-01;2.348415e-01;3.202897e-02;2.994966e-02;1.244489e-02;7.071733e-02;3.693971e-02;3.220358e-02;5.452282e-02;4.451045e-02;5.021304e-02
1.734929e-01;2.260263e-01;1.321645e-01;1.918266e-02;1.777245e-02;1.572620e-02;3.957327e-02;8.327433e-02;1.339222e-01;5.711266e-02;5.269454e-02;4.905800e-02
2.468202e-01;1.925929e-01;1.321430e-01;1.551818e-02;1.689281e-02;1.129636e-02;4.472822e-02;7.289499e-02;1.565675e-01;4.367387e-02;3.021888e-02;3.665303e-02
3.277254e-01;1.716201e-01;1.200324e-01;1.078750e-02;1.611830e-02;1.093533e-02;7.304615e-02;1.821567e-02;1.462252e-01;3.292076e-02;3.475137e-02;3.762191e-02
3.526469e-01;1.668830e-01;5.301520e-02;1.369249e-02;2.154788e-02;1.568718e-02;5.966267e-02;1.053141e-01;1.195626e-01;2.534474e-02;3.442032e-02;3.222301e-02
3.293552e-01;1.894275e-01;6.968628e-02;2.933760e-02;2.119217e-02;2.084687e-02;2.129408e-02;1.072106e-01;1.137916e-01;2.388274e-02;3.619517e-02;3.778023e-02
1.774647e-01;1.372780e-01;1.490086e-01;5.800551e-02;5.246496e-02;5.141074e-02;6.805459e-02;7.709748e-02;6.624557e-02;6.331149e-02;5.905982e-02;4.059855e-02
1.099207e-01;7.153275e-02;1.936665e-01;7.365846e-02;6.248654e-02;6.021425e-02;9.975561e-02;6.528763e-02;6.183669e-02;7.850825e-02;8.478528e-02;3.834733e-02
1.003646e-01;9.974350e-02;2.966317e-01;7.032825e-02;5.741477e-02;4.179487e-02;9.228050e-02;4.245737e-02;3.328615e-02;6.457263e-02;8.102204e-02;2.010361e-02
1.015287e-01;1.469673e-01;3.708251e-01;4.836886e-02;4.326505e-02;2.407314e-02;5.950321e-02;1.982483e-02;5.030172e-02;6.168994e-02;4.878384e-02;2.486832e-02
7.727459e-02;1.653451e-01;3.880666e-01;3.448804e-02;3.385296e-02;3.054225e-02;3.579176e-02;3.216290e-02;7.871070e-02;7.034652e-02;2.093555e-02;3.248301e-02
2.850933e-02;1.690208e-01;4.107966e-01;4.006919e-02;2.390858e-02;4.055254e-02;4.835347e-02;4.450243e-02;8.766607e-02;5.275090e-02;2.606585e-02;2.780428e-02
3.004193e-02;2.074803e-01;4.776781e-01;3.545959e-02;1.558988e-02;2.585492e-02;2.195480e-02;2.795405e-02;9.375552e-02;3.115390e-02;1.934115e-02;1.373586e-02
3.455216e-02;2.618997e-01;4.788328e-01;2.379167e-02;9.030868e-03;2.630738e-02;1.091070e-02;1.170003e-02;1.012562e-01;1.890042e-02;8.950130e-03;1.386799e-02
5.121421e-02;3.199923e-01;4.077744e-01;2.227900e-02;5.937249e-03;4.468178e-02;1.252811e-02;5.467910e-03;1.091257e-01;5.587410e-03;3.802129e-03;1.160973e-02
7.051016e-02;3.484780e-01;3.105466e-01;2.020487e-02;3.321971e-03;6.828347e-02;3.050682e-02;5.748251e-03;1.202284e-01;8.931207e-03;1.934137e-03;1.130603e-02
1.192726e-01;3.497884e-01;2.088290e-01;2.084908e-02;4.276409e-03;8.131503e-02;4.462553e-02;7.080074e-03;1.337717e-01;1.188994e-02;1.963993e-03;1.633817e-02
2.083630e-01;3.025719e-01;1.391853e-01;2.912951e-02;8.930027e-03;6.819833e-02;3.218164e-02;1.500349e-02;1.381122e-01;2.095068e-02;8.054093e-03;2.931979e-02
2.288365e-01;2.622182e-01;1.435049e-01;3.512431e-02;1.649578e-02;4.869894e-02;2.937553e-02;2.026798e-02;1.389516e-01;2.581108e-02;1.419939e-02;3.651574e-02
1.295997e-01;2.608962e-01;2.638063e-01;3.015942e-02;1.246642e-02;2.743153e-02;1.602930e-02;1.940554e-02;1.425111e-01;2.474423e-02;1.597928e-02;5.697104e-02
3.651376e-02;2.018692e-01;3.717908e-01;4.176160e-02;1.122390e-02;2.904224e-02;7.051168e-03;1.615797e-02;1.312216e-01;3.129053e-02;1.140335e-02;1.106739e-01
2.015811e-02;1.786347e-01;3.641399e-01;4.150375e-02;7.832842e-03;3.452957e-02;5.670488e-03;1.753644e-02;1.217625e-01;3.501476e-02;7.626506e-03;1.655904e-01
6.616503e-02;2.327446e-01;2.307895e-01;3.821324e-02;5.134633e-03;4.225737e-02;7.791435e-03;1.572759e-02;1.278694e-01;2.367946e-02;4.713516e-03;2.049143e-01
1.453940e-01;2.791993e-01;1.183501e-01;3.736207e-02;4.978343e-03;4.684613e-02;7.735668e-03;1.218025e-02;1.320210e-01;1.593629e-02;3.323851e-03;1.966730e-01
2.237751e-01;2.765417e-01;1.215865e-01;3.238258e-02;9.536576e-03;3.960039e-02;9.495022e-03;1.072590e-02;9.807891e-02;1.984913e-02;7.673444e-03;1.507547e-01
2.410063e-01;2.683727e-01;1.739271e-01;2.309888e-02;1.551654e-02;2.450779e-02;1.461247e-02;1.164486e-02;5.809492e-02;3.170626e-02;2.128432e-02;1.162278e-01
2.289061e-01;3.390685e-01;8.977909e-02;2.075700e-02;1.878309e-02;2.776037e-02;1.707506e-02;1.250232e-02;7.013015e-02;3.112369e-02;3.442878e-02;1.096858e-01
1.186679e-01;3.357415e-01;1.821354e-01;2.998138e-02;1.607179e-02;3.388629e-02;1.466667e-02;1.269906e-02;1.037622e-01;3.248408e-02;2.249486e-02;9.740883e-02
1.080124e-01;3.070783e-01;1.879378e-01;4.767590e-02;2.248223e-02;3.420458e-02;1.944177e-02;1.289293e-02;1.043421e-01;4.498666e-02;1.577188e-02;9.517350e-02
1.810822e-01;2.592885e-01;1.506533e-01;6.394783e-02;2.610684e-02;3.844664e-02;1.962839e-02;2.081724e-02;7.050792e-02;7.276771e-02;3.251749e-02;6.423587e-02
1.844651e-01;1.408836e-01;9.374294e-02;5.204983e-02;4.431091e-02;4.078737e-02;6.057369e-02;2.854925e-02;6.980862e-02;1.152323e-01;4.684338e-02;1.227531e-01
2.075405e-01;1.027072e-01;7.247271e-02;3.771476e-02;5.665696e-02;4.744009e-02;8.255787e-02;3.905637e-02;6.738788e-02;1.133486e-01;4.945407e-02;1.236630e-01
2.067295e-01;9.634884e-02;7.299192e-02;3.373178e-02;5.920035e-02;6.027830e-02;9.828969e-02;4.937441e-02;5.213174e-02;1.022220e-01;6.715045e-02;1.015510e-01
1.580528e-01;6.341375e-02;1.941693e-01;6.308071e-02;5.259173e-02;7.153267e-02;1.017904e-01;4.841983e-02;4.286560e-02;8.040277e-02;6.376808e-02;5.991234e-02
6.461375e-02;7.139625e-02;2.781483e-01;7.427663e-02;4.869895e-02;5.844045e-02;5.967904e-02;2.624665e-02;1.213904e-01;5.676351e-02;3.991638e-02;1.004298e-01
5.084573e-02;1.516728e-01;2.435210e-01;6.248543e-02;3.105175e-02;5.711861e-02;3.089206e-02;1.246550e-02;1.774443e-01;4.579461e-02;2.716943e-02;1.095387e-01
7.761747e-02;2.342090e-01;1.525344e-01;5.375446e-02;1.164560e-02;7.291924e-02;1.420935e-02;1.777674e-02;2.369137e-01;2.554982e-02;2.567059e-02;7.719957e-02
1.239099e-01;2.663613e-01;1.158174e-01;4.974712e-02;9.466052e-03;6.418078e-02;1.644517e-02;1.248651e-02;2.547517e-01;1.975083e-02;3.520064e-02;3.188252e-02
1.754627e-01;2.518728e-01;8.286366e-02;4.718935e-02;1.358096e-02;4.131561e-02;2.492937e-02;2.677672e-02;2.300853e-01;2.028249e-02;4.732207e-02;3.831892e-02
2.023003e-01;2.300156e-01;1.070319e-01;3.855900e-02;1.178386e-02;5.135972e-02;4.373029e-02;2.554992e-02;1.925771e-01;2.292634e-02;3.818700e-02;3.597907e-02
1.871897e-01;2.029239e-01;2.081044e-01;3.191934e-02;2.320567e-02;6.705256e-02;3.361547e-02;2.217875e-02;1.589299e-01;1.376228e-02;3.115751e-02;1.996055e-02
2.096308e-01;1.522783e-01;2.679513e-01;2.982519e-02;3.948554e-02;4.570255e-02;3.820160e-02;3.521633e-02;9.501126e-02;1.316958e-02;5.078869e-02;2.273876e-02
2.557040e-01;1.153465e-01;2.535864e-01;2.743126e-02;6.271023e-02;1.993854e-02;3.667601e-02;5.584210e-02;6.234137e-02;1.619411e-02;7.035872e-02;2.387075e-02
2.682612e-01;1.404603e-01;2.305756e-01;1.931387e-02;6.907040e-02;1.104390e-02;1.977302e-02;5.757586e-02;5.339990e-02;1.871805e-02;9.058727e-02;2.122066e-02
2.718657e-01;1.806305e-01;2.323224e-01;1.523191e-02;6.258175e-02;1.101184e-02;1.294798e-02;4.836706e-02;3.773237e-02;1.677802e-02;8.225948e-02;2.827108e-02
2.641031e-01;2.226981e-01;2.551553e-01;1.654734e-02;3.817517e-02;1.140734e-02;9.677591e-03;3.433811e-02;5.729158e-02;1.235863e-02;4.498549e-02;3.326229e-02
2.656004e-01;2.491192e-01;2.572543e-01;1.730102e-02;2.498754e-02;1.427651e-02;5.690239e-03;2.472787e-02;8.537823e-02;1.448187e-02;1.698464e-02;2.419826e-02
2.708835e-01;2.469290e-01;2.702505e-01;1.435572e-02;2.144442e-02;1.013297e-02;1.301205e-02;1.929918e-02;8.662342e-02;2.242287e-02;8.390692e-03;1.625570e-02
2.689411e-01;2.303490e-01;2.954862e-01;1.936629e-02;2.230650e-02;7.241224e-03;1.931954e-02;1.480829e-02;7.232255e-02;2.507142e-02;1.126848e-02;1.351938e-02
2.635596e-01;2.088173e-01;3.297554e-01;2.015447e-02;2.245675e-02;8.714110e-03;2.803455e-02;2.112086e-02;4.536294e-02;1.949079e-02;1.868188e-02;1.385138e-02
2.615901e-01;1.702564e-01;3.283145e-01;2.482342e-02;2.567214e-02;9.602081e-03;3.072686e-02;5.318933e-02;2.092985e-02;2.048322e-02;2.801835e-02;2.639381e-02
2.025767e-01;1.232346e-01;2.795787e-01;4.920613e-02;3.986333e-02;1.808639e-02;3.204323e-02;8.513071e-02;3.152104e-02;4.009107e-02;4.833236e-02;5.033571e-02
8.151032e-02;1.100685e-01;1.923375e-01;7.822452e-02;4.514332e-02;2.822767e-02;5.135688e-02;7.924347e-02;7.263255e-02;7.221273e-02;1.057991e-01;8.324335e-02
1.059853e-01;1.079635e-01;1.976518e-01;6.645051e-02;3.790253e-02;4.757481e-02;3.889873e-02;2.510759e-02;6.750511e-02;9.493680e-02;1.352767e-01;7.474655e-02
8.421371e-02;1.025574e-01;1.813830e-01;5.681147e-02;3.090728e-02;5.212528e-02;5.200123e-02;4.427685e-02;5.010840e-02;1.389056e-01;1.474333e-01;5.927661e-02
1.113071e-01;1.179916e-01;1.110617e-01;4.850404e-02;3.457731e-02;2.994138e-02;6.498136e-02;4.422534e-02;5.853920e-02;1.764276e-01;1.355715e-01;6.687178e-02
1.177142e-01;1.227068e-01;1.465688e-01;4.423045e-02;4.277008e-02;2.119138e-02;4.278303e-02;4.472545e-02;8.320112e-02;1.563020e-01;1.087656e-01;6.904104e-02
1.060010e-01;1.743395e-01;1.287800e-01;5.284128e-02;4.585580e-02;4.294658e-02;4.641593e-02;8.076014e-02;7.117483e-02;1.252144e-01;9.185275e-02;3.381778e-02
1.053857e-01;1.944377e-01;2.209176e-01;4.600513e-02;4.337779e-02;2.911786e-02;5.304134e-02;6.532151e-02;4.771451e-02;7.741712e-02;7.469383e-02;4.256992e-02
1.358711e-01;1.497260e-01;3.107847e-01;8.319060e-02;3.956497e-02;1.925848e-02;3.620584e-02;6.452660e-02;4.934801e-02;3.479080e-02;4.677280e-02;2.996010e-02
1.083892e-01;1.420578e-01;3.010226e-01;1.754341e-01;2.709110e-02;3.222807e-02;2.224391e-02;5.382198e-02;7.493901e-02;1.674044e-02;2.483199e-02;2.119983e-02
8.703706e-02;1.943874e-01;2.483030e-01;2.484455e-01;1.830314e-02;3.912590e-02;1.214306e-02;2.322140e-02;9.787139e-02;8.874620e-03;9.991040e-03;1.229655e-02
1.223853e-01;2.247715e-01;1.882111e-01;2.352238e-01;1.802612e-02;3.269723e-02;3.125802e-02;1.241908e-02;1.031286e-01;1.657996e-02;6.300407e-03;8.998850e-03
2.175461e-01;2.660911e-01;1.437588e-01;1.249199e-01;1.433259e-02;1.710821e-02;6.604678e-02;2.250762e-02;8.176535e-02;2.588697e-02;1.105963e-02;8.976970e-03
3.042220e-01;3.116966e-01;1.227133e-01;2.666216e-02;1.942871e-02;4.796728e-03;8.205048e-02;2.605688e-02;5.031978e-02;2.468622e-02;1.784357e-02;9.523494e-03
3.377859e-01;3.331813e-01;1.060034e-01;2.223756e-02;2.463709e-02;4.656945e-03;6.520300e-02;2.392039e-02;3.583900e-02;1.456451e-02;2.203946e-02;9.931417e-03
3.507880e-01;3.528734e-01;9.615403e-02;1.905151e-02;2.440492e-02;7.108056e-03;5.341331e-02;2.053255e-02;3.333608e-02;1.357984e-02;1.816340e-02;1.059488e-02
3.466756e-01;3.613369e-01;7.828637e-02;2.947928e-02;1.364361e-02;1.691413e-02;4.166584e-02;2.237013e-02;4.112608e-02;1.670941e-02;1.191421e-02;1.987846e-02
2.678810e-01;3.160630e-01;1.816167e-01;3.839914e-02;1.730705e-02;2.150826e-02;2.428389e-02;4.040742e-02;3.681216e-02;1.864542e-02;7.681814e-03;2.939408e-02
1.483208e-01;2.933410e-01;3.071602e-01;3.641247e-02;1.824711e-02;1.466068e-02;1.787832e-02;6.570424e-02;3.245620e-02;2.269145e-02;7.638865e-03;3.548866e-02
6.621990e-02;2.629884e-01;3.525884e-01;2.986103e-02;2.445232e-02;2.040293e-02;2.640674e-02;7.742085e-02;4.592155e-02;3.205579e-02;1.294811e-02;4.873408e-02
1.074052e-01;2.082247e-01;3.127564e-01;4.559520e-02;3.271265e-02;2.399332e-02;5.237333e-02;6.687694e-02;3.147932e-02;3.787402e-02;2.598803e-02;5.472086e-02
1.263127e-01;2.380842e-01;3.169326e-01;5.332823e-02;3.178867e-02;2.106162e-02;4.943136e-02;3.143511e-02;2.890007e-02;3.520139e-02;2.776751e-02;3.975646e-02
3.694441e-02;2.968113e-01;3.468182e-01;6.519488e-02;3.977836e-02;2.169652e-02;4.049108e-02;1.275243e-02;3.156373e-02;5.295017e-02;2.644888e-02;2.855005e-02
1.456846e-01;3.307939e-01;2.701172e-01;4.964431e-02;3.229712e-02;1.692664e-02;2.491564e-02;2.243133e-02;3.260014e-02;3.739117e-02;1.581020e-02;2.138775e-02
2.281209e-01;3.824483e-01;1.623725e-01;3.654215e-02;3.328827e-02;2.073635e-02;2.339768e-02;3.085119e-02;3.497348e-02;1.878954e-02;1.074801e-02;1.773159e-02
1.824007e-01;2.796045e-01;1.563489e-01;5.165147e-02;3.675543e-02;3.949175e-02;5.246540e-02;4.585851e-02;6.086102e-02;4.362993e-02;2.596057e-02;2.497182e-02
1.128940e-01;1.681678e-01;1.722956e-01;5.830963e-02;4.302900e-02;5.106258e-02;9.901845e-02;6.272969e-02;9.704658e-02;6.076089e-02;3.778754e-02;3.689818e-02
5.914425e-02;1.046701e-01;2.571561e-01;7.474035e-02;5.828406e-02;5.813004e-02;1.402665e-01;5.191974e-02;8.303718e-02;5.200861e-02;2.903313e-02;3.160996e-02
3.691663e-02;6.086535e-02;3.671541e-01;7.847012e-02;8.290547e-02;5.324895e-02;1.513802e-01;3.119787e-02;4.485633e-02;5.238980e-02;1.999492e-02;2.062031e-02
4.043525e-02;8.242524e-02;4.222342e-01;5.892147e-02;7.818158e-02;4.474895e-02;1.089654e-01;2.376028e-02;4.920796e-02;5.215883e-02;1.444230e-02;2.451850e-02
6.043005e-02;1.354651e-01;4.245197e-01;5.718738e-02;4.739272e-02;6.169013e-02;5.336102e-02;1.845706e-02;6.903142e-02;3.446162e-02;8.139472e-03;2.986437e-02
1.081909e-01;1.702704e-01;3.821447e-01;6.939924e-02;2.606837e-02;6.879760e-02;1.804219e-02;1.710519e-02;7.120552e-02;2.987490e-02;1.269400e-02;2.620701e-02
1.896412e-01;1.471715e-01;3.387577e-01;5.203247e-02;3.414301e-02;3.984082e-02;2.055084e-02;3.336183e-02;5.275220e-02;3.676365e-02;2.526639e-02;2.971838e-02
1.782885e-01;1.367834e-01;2.965538e-01;3.794188e-02;4.728913e-02;5.534820e-02;2.986156e-02;4.010682e-02;5.252146e-02;4.029242e-02;3.823233e-02;4.678053e-02
9.329175e-02;1.392138e-01;2.924506e-01;4.862865e-02;4.018181e-02;5.434855e-02;5.155061e-02;4.706698e-02;5.874527e-02;6.516927e-02;5.765000e-02;5.170273e-02
4.914578e-02;1.515350e-01;2.857125e-01;4.071600e-02;4.421810e-02;4.269417e-02;5.653312e-02;4.879382e-02;9.348064e-02;8.038724e-02;5.671694e-02;5.006668e-02
7.836275e-02;1.901734e-01;1.732578e-01;4.367448e-02;8.535946e-02;5.111194e-02;5.045372e-02;5.808730e-02;1.181024e-01;6.130916e-02;4.027173e-02;4.983580e-02
8.282757e-02;2.133843e-01;1.624084e-01;6.171818e-02;8.303558e-02;7.565214e-02;6.230400e-02;5.360759e-02;7.235817e-02;7.989995e-02;2.062311e-02;3.218102e-02
1.098420e-01;2.208365e-01;1.673021e-01;9.020998e-02;5.456153e-02;7.151826e-02;6.047257e-02;4.640637e-02;3.951613e-02;8.793280e-02;2.850880e-02;2.289291e-02
1.109841e-01;1.679207e-01;1.378958e-01;6.680365e-02;5.416254e-02;6.231160e-02;6.257889e-02;6.569596e-02;6.365483e-02;1.275657e-01;4.147814e-02;3.894804e-02
8.180707e-02;1.120689e-01;1.592207e-01;2.633375e-02;9.032758e-02;3.522661e-02;7.883008e-02;7.991861e-02;8.673078e-02;1.241669e-01;5.825263e-02;6.711631e-02
6.834987e-02;1.691519e-01;1.166384e-01;2.904370e-02;9.165476e-02;4.819325e-02;6.548127e-02;7.265154e-02;1.006913e-01;8.419754e-02;4.830057e-02;1.056459e-01
7.900186e-02;1.612737e-01;1.228658e-01;5.589183e-02;6.752051e-02;6.577703e-02;7.277622e-02;6.476939e-02;9.101860e-02;6.687415e-02;2.881041e-02;1.234204e-01
8.446707e-02;1.223494e-01;2.827444e-01;6.614435e-02;6.510054e-02;6.034516e-02;1.040872e-01;2.589539e-02;4.174636e-02;5.934338e-02;4.326618e-02;4.451060e-02
6.643540e-02;1.254620e-01;3.619956e-01;6.280369e-02;5.353013e-02;3.276455e-02;9.311275e-02;2.752338e-02;4.031048e-02;5.556976e-02;4.327966e-02;3.721253e-02
6.259487e-02;1.380747e-01;4.527378e-01;5.443674e-02;3.773403e-02;1.848758e-02;5.900702e-02;2.105457e-02;3.846765e-02;5.498762e-02;2.842737e-02;3.398999e-02
6.458955e-02;2.218969e-01;4.621871e-01;4.852806e-02;1.694596e-02;1.726710e-02;2.276627e-02;1.514685e-02;4.525260e-02;3.710043e-02;1.101255e-02;3.730665e-02
1.362345e-01;3.466949e-01;2.918875e-01;7.103503e-02;5.531921e-03;2.014126e-02;8.941337e-03;1.136220e-02;5.928148e-02;1.297899e-02;4.482465e-03;3.142839e-02
2.487411e-01;3.776338e-01;1.516199e-01;8.122743e-02;1.259941e-02;1.720219e-02;1.062866e-02;1.161482e-02;5.989761e-02;6.735114e-03;6.093379e-03;1.600651e-02
3.873412e-01;3.311968e-01;8.327673e-02;5.297884e-02;2.130956e-02;8.822832e-03;1.734783e-02;1.842925e-02;3.911171e-02;7.119826e-03;1.497418e-02;1.809121e-02
4.660811e-01;2.963066e-01;7.267822e-02;1.602118e-02;2.441368e-02;4.921860e-03;2.373213e-02;2.216035e-02;1.973629e-02;9.983083e-03;2.012933e-02;2.383607e-02
4.740260e-01;2.773022e-01;6.654659e-02;1.356535e-02;3.671228e-02;4.448365e-03;2.405243e-02;3.861223e-02;1.259720e-02;1.029361e-02;2.211793e-02;1.972581e-02
4.452999e-01;2.138874e-01;1.287612e-01;1.414997e-02;5.467075e-02;4.431135e-03;1.958029e-02;5.822390e-02;1.592146e-02;7.865557e-03;1.826433e-02;1.894408e-02
4.646372e-01;1.667416e-01;1.408293e-01;1.083595e-02;5.735296e-02;3.991145e-03;2.226206e-02;5.874938e-02;1.229762e-02;9.409472e-03;1.969254e-02;3.320077e-02
4.361670e-01;1.998283e-01;1.252783e-01;2.769308e-02;3.684396e-02;8.447099e-03;2.884351e-02;3.761819e-02;3.099320e-02;1.463320e-02;1.964113e-02;3.401294e-02
3.253881e-01;2.958801e-01;1.334455e-01;5.598923e-02;1.232837e-02;2.193439e-02;2.249283e-02;2.292312e-02;6.735789e-02;1.192424e-02;9.383248e-03;2.095293e-02
1.901270e-01;3.713634e-01;1.603920e-01;8.010762e-02;1.076162e-02;3.591113e-02;1.230920e-02;2.185760e-02;8.834513e-02;8.023561e-03;6.203045e-03;1.459873e-02
1.158269e-01;4.211728e-01;1.718794e-01;8.751138e-02;1.197814e-02;3.328250e-02;2.039157e-02;1.261160e-02;9.338121e-02;1.090153e-02;5.831313e-03;1.523162e-02
1.200145e-01;3.946631e-01;1.755544e-01;7.852858e-02;1.668664e-02;2.342867e-02;3.908578e-02;9.214363e-03;8.335008e-02;1.832303e-02;3.089681e-02;1.025407e-02
1.515830e-01;2.921109e-01;2.104424e-01;6.070035e-02;2.930000e-02;2.533364e-02;4.446977e-02;8.408615e-03;7.304506e-02;3.458910e-02;5.667067e-02;1.334647e-02
1.677079e-01;2.378910e-01;2.097316e-01;5.650102e-02;3.324100e-02;2.351453e-02;5.675733e-02;1.011434e-02;7.259732e-02;4.970046e-02;6.548756e-02;1.675596e-02
1.643410e-01;2.219730e-01;1.729497e-01;7.443624e-02;4.595896e-02;2.389506e-02;5.731072e-02;1.687720e-02;8.363028e-02;5.675107e-02;6.612715e-02;1.574971e-02
1.189634e-01;2.069225e-01;1.614690e-01;9.029282e-02;4.529714e-02;2.901043e-02;6.458137e-02;3.301090e-02;1.070541e-01;6.068822e-02;6.157598e-02;2.113421e-02
1.208526e-01;2.340846e-01;2.140355e-01;5.855639e-02;4.034472e-02;2.938983e-02;4.149271e-02;4.592412e-02;1.059996e-01;4.821571e-02;4.594732e-02;1.515690e-02
1.937547e-01;3.123868e-01;1.630676e-01;3.741570e-02;3.259226e-02;2.338202e-02;4.696170e-02;3.965867e-02;7.181309e-02;3.034432e-02;3.647859e-02;1.214461e-02
2.250503e-01;2.765611e-01;1.675986e-01;5.158305e-02;3.447355e-02;3.898273e-02;6.566378e-02;2.649686e-02;3.256079e-02;3.280877e-02;2.863698e-02;1.958346e-02
1.139014e-01;1.209492e-01;2.780925e-01;5.930601e-02;7.258937e-02;7.789746e-02;6.269740e-02;3.848456e-02;4.137167e-02;4.739802e-02;4.595617e-02;4.135630e-02
5.032499e-02;8.693435e-02;3.341466e-01;8.951276e-02;8.205149e-02;5.998490e-02;8.511870e-02;4.314870e-02;5.144165e-02;4.520523e-02;4.007583e-02;3.205482e-02
3.128620e-02;9.738191e-02;3.788067e-01;9.284484e-02;5.883052e-02;4.053790e-02;1.021263e-01;4.371677e-02;6.570441e-02;4.336051e-02;2.481841e-02;2.058546e-02
4.112142e-02;1.484052e-01;4.031019e-01;7.967745e-02;2.512216e-02;4.394298e-02;7.515214e-02;3.282729e-02;9.184226e-02;3.350947e-02;1.176770e-02;1.353005e-02
8.419095e-02;2.418174e-01;2.800263e-01;5.711272e-02;9.967966e-03;5.342098e-02;4.803174e-02;2.032363e-02;1.611081e-01;2.290918e-02;8.402624e-03;1.268837e-02
1.546515e-01;3.165412e-01;9.488736e-02;3.880268e-02;1.075779e-02;5.464086e-02;3.842450e-02;1.736301e-02;2.296301e-01;1.867299e-02;1.018601e-02;1.544200e-02
2.605213e-01;2.921012e-01;6.488957e-02;1.965643e-02;1.155290e-02;3.569353e-02;4.119590e-02;2.400194e-02;1.996025e-01;1.717553e-02;1.227500e-02;2.133423e-02
3.076284e-01;2.491561e-01;8.581052e-02;2.101979e-02;2.177376e-02;2.194078e-02;5.767659e-02;3.205855e-02;1.226797e-01;2.664921e-02;2.219098e-02;3.141563e-02
2.997664e-01;2.088312e-01;1.084860e-01;4.074910e-02;4.348428e-02;2.428783e-02;6.182689e-02;4.019247e-02;8.186802e-02;3.161846e-02;2.862672e-02;3.026258e-02
3.136891e-01;4.676398e-02;1.666382e-01;5.091083e-02;7.873192e-02;2.525832e-02;5.013175e-02;1.040177e-01;9.411713e-02;2.607894e-02;2.902864e-02;1.463352e-02
2.794092e-01;1.470960e-01;1.796222e-01;3.115964e-02;8.065126e-02;1.398207e-02;3.187789e-02;9.581482e-02;7.385002e-02;1.538693e-02;3.127503e-02;1.987493e-02
3.493871e-01;1.771316e-01;1.238604e-01;3.227760e-02;9.178752e-02;1.165610e-02;1.664290e-02;7.409082e-02;5.401399e-02;1.265462e-02;3.059905e-02;2.589843e-02
4.464516e-01;1.500442e-01;9.061605e-02;3.479506e-02;1.002246e-01;9.574623e-03;1.349519e-02;7.151885e-02;2.017804e-02;6.990172e-03;2.908572e-02;2.702590e-02
4.911011e-01;1.011197e-01;1.087919e-01;1.927878e-02;8.584558e-02;6.325632e-03;1.955417e-02;1.026798e-01;7.624914e-03;4.971717e-03;2.398904e-02;2.871768e-02
5.129361e-01;8.405358e-02;9.388550e-02;6.476106e-03;6.829811e-02;5.224283e-03;2.437948e-02;1.360911e-01;7.087357e-03;7.495364e-03;1.947680e-02;3.459618e-02
5.024689e-01;1.176806e-01;6.878514e-02;6.448538e-03;6.016791e-02;6.395134e-03;2.316884e-02;1.586734e-01;1.123952e-02;5.290729e-03;1.125691e-02;2.842441e-02
4.637280e-01;1.095516e-01;5.803603e-02;9.212118e-03;8.638584e-02;1.057650e-02;3.043209e-02;1.787409e-01;1.774747e-02;4.911626e-03;7.115982e-03;2.356185e-02
3.922679e-01;7.285910e-02;5.369395e-02;1.072975e-02;1.277489e-01;4.343938e-02;4.062672e-02;1.812502e-01;3.295972e-02;5.064983e-03;1.617351e-02;2.318581e-02
3.447773e-01;6.545498e-02;6.052856e-02;9.754119e-03;1.306991e-01;7.450195e-02;5.222769e-02;1.662041e-01;4.011799e-02;5.921017e-03;2.381085e-02;2.600244e-02
3.164452e-01;8.778308e-02;8.827039e-02;1.343683e-02;8.731927e-02;5.594981e-02;6.871907e-02;1.345224e-01;4.865519e-02;2.509716e-02;3.130895e-02;4.249269e-02
2.722712e-01;1.081428e-01;1.133525e-01;2.884166e-02;4.591245e-02;3.675646e-02;7.349376e-02;1.020992e-01;6.862064e-02;6.183608e-02;4.144884e-02;4.722448e-02
2.157120e-01;9.897242e-02;1.013687e-01;3.286530e-02;4.493780e-02;5.477857e-02;4.796641e-02;1.550364e-01;7.789723e-02;9.204932e-02;4.477412e-02;3.364179e-02
1.885443e-01;4.945737e-02;1.160026e-01;2.113547e-02;6.387092e-02;6.723867e-02;8.800524e-02;1.801260e-01;8.351049e-02;7.304271e-02;3.633481e-02;3.273140e-02
2.128176e-01;7.200047e-02;1.167383e-01;2.078461e-02;1.056994e-01;5.994730e-02;7.039347e-02;1.798111e-01;6.593089e-02;3.210571e-02;2.759890e-02;3.617227e-02
2.107155e-01;9.877269e-02;8.789410e-02;2.478560e-02;1.481235e-01;4.563063e-02;6.396244e-02;1.930540e-01;5.907061e-02;1.734505e-02;2.038245e-02;3.026342e-02
1.298553e-01;8.257044e-02;7.462958e-02;3.621405e-02;8.217323e-02;4.774700e-02;4.414898e-02;1.399361e-01;5.975728e-02;8.249615e-02;9.701492e-02;1.234569e-01
1.048416e-01;7.583661e-02;6.801111e-02;3.132406e-02;6.219833e-02;3.755264e-02;5.595180e-02;7.995369e-02;5.802504e-02;1.093258e-01;1.396899e-01;1.772895e-01
8.153541e-02;7.886282e-02;7.247578e-02;2.819649e-02;8.156222e-02;3.219677e-02;5.216116e-02;5.739250e-02;4.258758e-02;1.194240e-01;1.499472e-01;2.036581e-01
5.508222e-02;7.489289e-02;1.267766e-01;3.691158e-02;9.108522e-02;3.641688e-02;4.123839e-02;2.682448e-02;4.407459e-02;1.204411e-01;1.384220e-01;2.078342e-01
7.438318e-02;8.428300e-02;2.154992e-01;6.807851e-02;6.739599e-02;4.040143e-02;3.536716e-02;3.458552e-02;9.229729e-02;9.689406e-02;5.698417e-02;1.338305e-01
1.049457e-01;1.272430e-01;1.943918e-01;6.392891e-02;4.236209e-02;3.088615e-02;2.731406e-02;5.507180e-02;1.476234e-01;7.490578e-02;7.568689e-02;5.564059e-02
1.493408e-01;1.515180e-01;1.121534e-01;3.527161e-02;3.520149e-02;1.825486e-02;1.836740e-02;9.195719e-02;2.077613e-01;5.102579e-02;1.034176e-01;2.573047e-02
1.767847e-01;1.400289e-01;5.102690e-02;1.970315e-02;4.867474e-02;1.317800e-02;2.619560e-02;1.460020e-01;2.429637e-01;2.559244e-02;9.803709e-02;1.181280e-02
1.837555e-01;1.326734e-01;5.367412e-02;1.127023e-02;4.621345e-02;1.591161e-02;4.576142e-02;1.749769e-01;2.186955e-01;2.244470e-02;8.327100e-02;1.135207e-02
2.249463e-01;1.402197e-01;4.790079e-02;7.325183e-03;3.248207e-02;1.344757e-02;6.265708e-02;1.679587e-01;1.772328e-01;2.598979e-02;8.019502e-02;1.964498e-02
2.579269e-01;1.446837e-01;6.200950e-02;8.076141e-03;3.095523e-02;1.278973e-02;6.335542e-02;1.413596e-01;1.478988e-01;2.502127e-02;7.951885e-02;2.640485e-02
2.485540e-01;1.362906e-01;5.412769e-02;1.263285e-02;4.310846e-02;1.510776e-02;7.274628e-02;1.333464e-01;1.422744e-01;2.932988e-02;7.698904e-02;3.549277e-02
1.965011e-01;9.051204e-02;1.561772e-01;2.153625e-02;5.525669e-02;2.019644e-02;5.587380e-02;1.392644e-01;1.308869e-01;2.880831e-02;6.383928e-02;4.114758e-02
2.484186e-01;9.015471e-02;1.977624e-01;1.813910e-02;5.595436e-02;1.878557e-02;3.766540e-02;1.249553e-01;1.076159e-01;2.417109e-02;4.270009e-02;3.367750e-02
3.391518e-01;1.062512e-01;1.891730e-01;1.501752e-02;6.763027e-02;1.258284e-02;2.147289e-02;8.962645e-02;7.728630e-02;1.757325e-02;3.255932e-02;3.167512e-02
3.662399e-01;1.026933e-01;1.820817e-01;7.744008e-03;7.653435e-02;9.569881e-03;1.848842e-02;8.222138e-02;5.576760e-02;2.207911e-02;4.382322e-02;3.275712e-02
3.767966e-01;9.627008e-02;1.834264e-01;5.159942e-03;9.212241e-02;7.259591e-03;1.657017e-02;9.678542e-02;3.265695e-02;1.790030e-02;4.240144e-02;3.265070e-02
3.740567e-01;1.122013e-01;1.954708e-01;8.816059e-03;8.558324e-02;1.557653e-02;1.433479e-02;9.450927e-02;1.316968e-02;1.185128e-02;4.084105e-02;3.358926e-02
3.833043e-01;1.185300e-01;1.925901e-01;9.514043e-03;7.680897e-02;1.502779e-02;1.391378e-02;9.361658e-02;4.524069e-03;1.378316e-02;4.562562e-02;3.276151e-02
3.917597e-01;1.086709e-01;1.936148e-01;7.632100e-03;7.502775e-02;8.010198e-03;1.502571e-02;9.588578e-02;9.271631e-03;1.617307e-02;4.693547e-02;3.199284e-02
3.928124e-01;1.130675e-01;1.937023e-01;6.091748e-03;6.490886e-02;4.388058e-03;1.452179e-02;9.944422e-02;1.855205e-02;1.191011e-02;5.049826e-02;3.010265e-02
3.997267e-01;1.242332e-01;1.811680e-01;5.852119e-03;5.144008e-02;4.848735e-03;1.791383e-02;1.135894e-01;1.658489e-02;1.033765e-02;4.481963e-02;2.948575e-02
4.075552e-01;1.355385e-01;1.475531e-01;6.150075e-03;3.832373e-02;6.898458e-03;1.557742e-02;1.311273e-01;1.629199e-02;2.470077e-02;4.116833e-02;2.911513e-02
3.870219e-01;1.344106e-01;1.271057e-01;1.004713e-02;4.285166e-02;1.862051e-02;1.884175e-02;1.396735e-01;2.337787e-02;3.639778e-02;3.241240e-02;2.923916e-02
3.548063e-01;1.140671e-01;1.043243e-01;2.210238e-02;4.831193e-02;4.569877e-02;3.885645e-02;1.455340e-01;4.621362e-02;2.922689e-02;1.719359e-02;3.366467e-02
2.773369e-01;9.096586e-02;5.486944e-02;7.717204e-02;3.240013e-02;6.916748e-02;8.854535e-02;1.405620e-01;5.055357e-02;4.586103e-02;1.127283e-02;6.129340e-02
1.549349e-01;1.043326e-01;2.919273e-02;1.409539e-01;1.083457e-02;5.784628e-02;1.655697e-01;1.190860e-01;2.616165e-02;6.331981e-02;1.771116e-02;1.100567e-01
7.920702e-02;1.193706e-01;2.744722e-02;1.287793e-01;1.647567e-02;3.741696e-02;2.438265e-01;9.293596e-02;1.857969e-02;4.946759e-02;3.256734e-02;1.539261e-01
5.252674e-02;9.244932e-02;3.698248e-02;6.883199e-02;3.223451e-02;3.791480e-02;2.799151e-01;6.714054e-02;4.653056e-02;3.636431e-02;6.122909e-02;1.878806e-01
4.329307e-02;4.985183e-02;6.811580e-02;2.648718e-02;4.366032e-02;5.986148e-02;1.977567e-01;3.552713e-02;9.951428e-02;2.879521e-02;1.811333e-01;1.660037e-01
3.642584e-02;1.654597e-02;9.176612e-02;1.016095e-02;3.542503e-02;9.640371e-02;9.480087e-02;1.236563e-02;1.295253e-01;2.191974e-02;3.462623e-01;1.083985e-01
5.179815e-02;9.826332e-03;9.529422e-02;5.616518e-03;1.807021e-02;1.199835e-01;2.973521e-02;1.650057e-02;1.237826e-01;3.561704e-02;4.457951e-01;4.798039e-02
5.755734e-02;8.476770e-03;1.019413e-01;7.333013e-03;1.274359e-02;1.252457e-01;3.396168e-02;1.611047e-02;1.263156e-01;3.296835e-02;4.578343e-01;1.951188e-02
5.829382e-02;4.712041e-03;1.163642e-01;4.284132e-03;8.937150e-03;1.412632e-01;2.254390e-02;7.095910e-03;1.278291e-01;3.263326e-02;4.552347e-01;2.080857e-02
5.587738e-02;8.332428e-03;1.195128e-01;4.114402e-03;9.608407e-03;1.447215e-01;1.291139e-02;9.464375e-03;1.302976e-01;3.493528e-02;4.568157e-01;1.340866e-02
5.020284e-02;8.736283e-03;1.141627e-01;4.032309e-03;9.708940e-03;1.319492e-01;2.463763e-02;1.099319e-02;1.486469e-01;2.786849e-02;4.423132e-01;2.674836e-02
4.066284e-02;8.535867e-03;1.081506e-01;3.139630e-03;1.250973e-02;1.214292e-01;2.250635e-02;1.620529e-02;1.727062e-01;3.608171e-02;4.355234e-01;2.254931e-02
2.448115e-02;4.223228e-03;1.008177e-01;2.675958e-03;1.951069e-02;1.108113e-01;4.715464e-02;1.839859e-02;1.886253e-01;3.168160e-02;4.064743e-01;4.514557e-02
1.511841e-02;6.732382e-03;1.015420e-01;8.112265e-03;3.016133e-02;1.220532e-01;7.801107e-02;2.784416e-02;1.855574e-01;3.244893e-02;3.286499e-01;6.376898e-02
1.414416e-02;2.001799e-02;8.947473e-02;1.844051e-02;4.913549e-02;1.738126e-01;1.305123e-01;4.457715e-02;1.303373e-01;2.396100e-02;1.860617e-01;1.195251e-01
3.912758e-02;4.352333e-02;6.524405e-02;4.741931e-02;6.053092e-02;1.676717e-01;1.850540e-01;4.273396e-02;4.381616e-02;5.325990e-02;7.790187e-02;1.737173e-01
7.306888e-02;6.317472e-02;5.631741e-02;5.947517e-02;4.726949e-02;1.137088e-01;1.712409e-01;4.682435e-02;3.647947e-02;8.246064e-02;8.593182e-02;1.640484e-01
