9.530074e-02;5.842119e-02;8.747692e-02;4.373045e-02;7.707916e-02;4.978703e-02;1.038195e-01;6.873856e-02;1.144129e-01;1.413762e-01;1.050332e-01;5.482413e-02
7.179975e-02;8.205348e-02;8.106633e-02;7.329012e-02;4.420687e-02;4.673562e-02;9.306880e-02;8.447248e-02;1.503465e-01;1.327677e-01;9.230909e-02;4.788320e-02
6.846515e-02;8.888923e-02;1.262348e-01;7.546017e-02;3.599662e-02;5.868394e-02;6.567048e-02;8.508997e-02;1.441031e-01;9.320201e-02;8.052105e-02;7.768349e-02
8.281336e-02;8.341499e-02;2.319164e-01;5.718388e-02;4.251205e-02;6.301867e-02;7.297774e-02;4.257396e-02;7.937908e-02;6.397118e-02;8.014800e-02;1.000907e-01
8.833012e-02;6.923288e-02;2.994238e-01;5.825217e-02;4.859582e-02;4.654144e-02;8.995929e-02;2.930160e-02;4.987200e-02;7.048146e-02;7.568802e-02;7.432137e-02
8.383176e-02;6.182495e-02;2.975788e-01;5.314785e-02;6.008907e-02;4.968202e-02;1.141715e-01;3.200744e-02;4.730139e-02;7.221172e-02;7.661706e-02;5.153637e-02
8.577110e-02;4.507595e-02;2.266660e-01;5.946372e-02;7.688256e-02;9.225085e-02;7.763905e-02;6.285635e-02;7.153341e-02;7.624920e-02;8.939792e-02;3.621387e-02
6.085801e-02;3.105723e-02;2.762159e-01;5.163763e-02;9.427158e-02;7.303414e-02;1.685389e-01;4.302017e-02;5.933793e-02;5.700055e-02;5.498686e-02;3.004111e-02
2.970587e-02;5.477913e-02;2.436510e-01;3.961490e-02;1.241491e-01;7.531520e-02;1.601194e-01;3.322279e-02;4.261084e-02;8.261596e-02;8.100378e-02;3.321210e-02
4.230912e-02;5.968866e-02;1.424362e-01;3.576714e-02;1.394480e-01;9.291621e-02;1.199943e-01;3.764395e-02;2.799298e-02;1.089718e-01;1.474925e-01;4.533919e-02
5.137733e-02;4.503964e-02;8.984423e-02;2.161196e-02;9.755673e-02;1.378634e-01;7.263647e-02;3.103998e-02;1.882273e-02;1.177726e-01;2.454510e-01;7.098394e-02
3.813944e-02;2.827151e-02;1.538694e-01;2.601499e-02;3.821998e-02;1.580088e-01;7.302520e-02;1.995784e-02;2.021109e-02;9.075996e-02;2.766519e-01;7.687002e-02
1.620827e-02;3.633407e-02;1.797696e-01;1.903211e-02;3.711686e-02;1.360181e-01;8.489843e-02;2.150724e-02;2.600270e-02;7.319856e-02;2.985085e-01;7.140555e-02
3.354160e-02;3.298506e-02;1.668375e-01;1.892378e-02;3.108552e-02;1.303456e-01;9.867665e-02;2.322616e-02;3.587171e-02;5.279494e-02;3.054895e-01;7.022203e-02
3.215969e-02;2.072420e-02;1.467634e-01;1.136740e-02;3.201452e-02;1.597823e-01;7.764940e-02;1.243530e-02;3.670662e-02;6.438547e-02;3.401519e-01;6.585986e-02
1.318755e-02;1.395308e-02;1.438201e-01;6.556567e-03;2.771867e-02;1.947232e-01;4.110555e-02;7.098914e-03;3.237006e-02;1.013877e-01;3.687924e-01;4.928618e-02
1.802969e-02;8.303717e-03;1.200450e-01;4.664655e-03;3.110791e-02;2.207710e-01;3.137778e-02;6.016735e-03;2.790309e-02;1.229220e-01;3.632829e-01;4.557547e-02
2.268897e-02;1.217936e-02;1.180517e-01;9.979337e-03;3.792493e-02;2.051363e-01;4.372827e-02;9.137877e-03;3.209252e-02;1.310714e-01;3.304962e-01;4.751311e-02
2.999916e-02;1.761210e-02;8.746599e-02;1.618695e-02;3.453550e-02;1.722457e-01;3.438754e-02;2.338001e-02;3.110910e-02;1.669963e-01;3.363139e-01;4.976768e-02
6.063787e-02;2.729374e-02;7.722940e-02;1.317709e-02;2.779173e-02;1.171423e-01;4.524682e-02;3.229256e-02;4.676766e-02;1.640635e-01;3.195564e-01;6.880098e-02
6.033050e-02;1.681382e-02;8.949488e-02;2.472500e-02;1.954370e-02;7.507781e-02;6.101718e-02;2.460305e-02;5.836336e-02;1.388894e-01;2.884026e-01;1.427388e-01
5.329223e-02;1.281177e-02;7.612504e-02;4.442808e-02;1.443287e-02;5.352202e-02;7.048673e-02;1.575382e-02;5.441659e-02;1.138582e-01;2.766849e-01;2.141878e-01
9.494808e-02;1.904844e-02;8.105800e-02;5.225524e-02;1.262189e-02;3.673612e-02;8.780847e-02;9.683179e-03;3.507175e-02;1.032351e-01;2.495032e-01;2.180305e-01
1.492332e-01;3.347470e-02;8.068029e-02;3.893949e-02;1.744821e-02;3.414740e-02;8.781713e-02;2.041440e-02;1.531063e-02;9.360228e-02;2.295419e-01;1.993903e-01
1.150461e-01;1.511698e-02;1.008989e-01;2.439298e-02;1.659824e-02;3.551729e-02;8.928692e-02;2.436495e-02;2.464272e-02;1.170161e-01;2.562482e-01;1.808707e-01
4.687504e-02;1.223737e-02;6.343871e-02;2.125034e-02;1.651916e-02;4.033552e-02;7.292406e-02;2.805807e-02;3.852924e-02;1.941156e-01;3.179205e-01;1.477964e-01
2.306139e-02;4.335929e-02;5.875943e-02;1.695263e-02;2.775446e-02;4.391425e-02;6.745405e-02;3.047040e-02;6.573795e-02;2.372097e-01;2.855486e-01;9.977788e-02
1.392943e-01;7.202428e-02;1.233898e-01;2.444386e-02;2.573252e-02;4.000279e-02;1.184927e-01;4.467805e-02;6.189487e-02;1.332641e-01;1.518671e-01;6.491561e-02
2.056614e-01;7.910132e-02;1.393351e-01;2.973419e-02;2.774648e-02;2.453064e-02;1.600568e-01;6.983964e-02;4.042245e-02;5.567588e-02;7.642753e-02;9.146867e-02
2.017090e-01;5.068753e-02;1.117836e-01;4.840543e-02;2.432969e-02;1.840788e-02;2.148101e-01;7.877972e-02;1.839334e-02;4.434646e-02;5.479492e-02;1.335524e-01
1.439359e-01;2.252412e-02;6.417204e-02;7.183912e-02;1.738239e-02;2.530553e-02;2.936215e-01;6.327892e-02;8.429158e-03;4.358747e-02;5.442620e-02;1.914977e-01
7.447173e-02;2.984550e-02;3.581366e-02;7.878433e-02;2.427815e-02;3.950024e-02;3.364344e-01;2.755137e-02;1.358900e-02;4.030439e-02;6.796133e-02;2.314659e-01
7.430705e-02;3.565722e-02;2.800752e-02;6.534906e-02;3.003833e-02;5.123658e-02;3.517514e-01;9.578896e-03;1.424648e-02;3.171973e-02;6.905181e-02;2.390559e-01
5.394592e-02;3.051232e-02;2.779404e-02;7.831784e-02;3.532517e-02;5.001861e-02;3.669970e-01;1.939337e-02;1.770921e-02;3.152359e-02;5.659880e-02;2.318641e-01
8.716369e-02;2.496005e-02;3.352571e-02;1.079675e-01;1.782946e-02;3.616023e-02;3.488494e-01;4.003492e-02;1.268929e-02;3.100986e-02;4.467861e-02;2.151312e-01
1.471689e-01;2.860655e-02;3.083191e-02;1.076282e-01;1.546092e-02;3.173096e-02;3.013004e-01;7.999433e-02;7.287764e-03;3.779616e-02;2.632753e-02;1.858664e-01
2.403841e-01;3.842349e-02;4.922847e-02;6.811609e-02;2.316801e-02;2.159843e-02;2.208921e-01;1.365724e-01;3.877228e-03;3.824361e-02;1.835453e-02;1.411415e-01
3.190350e-01;6.823577e-02;8.052556e-02;2.340412e-02;2.607028e-02;1.662351e-02;1.330762e-01;1.672168e-01;2.116739e-02;2.690483e-02;1.578205e-02;1.019585e-01
3.025224e-01;1.053901e-01;1.385945e-01;1.636487e-02;3.125131e-02;1.377588e-02;9.366862e-02;1.339371e-01;3.780180e-02;2.704147e-02;3.084210e-02;6.880987e-02
2.409105e-01;1.234392e-01;1.622754e-01;2.658496e-02;3.732024e-02;1.631000e-02;1.145928e-01;9.414885e-02;3.493917e-02;4.552154e-02;5.328435e-02;5.067306e-02
1.474484e-01;1.214716e-01;1.202550e-01;4.172630e-02;5.926928e-02;4.013082e-02;1.434693e-01;3.768408e-02;3.544113e-02;9.464702e-02;1.176259e-01;4.083127e-02
1.087026e-01;1.228914e-01;2.402651e-01;6.953096e-02;6.601491e-02;3.046990e-02;6.488283e-02;6.204097e-02;4.849308e-02;7.062545e-02;7.317688e-02;4.290596e-02
1.595903e-01;1.707774e-01;2.967974e-01;6.641210e-02;3.974387e-02;1.979529e-02;3.553737e-02;4.913747e-02;6.049314e-02;3.844026e-02;3.323251e-02;3.004285e-02
1.291508e-01;1.958234e-01;4.189003e-01;4.809009e-02;2.171995e-02;1.372197e-02;2.290069e-02;2.180995e-02;6.255271e-02;3.758035e-02;1.385536e-02;1.389454e-02
5.664793e-02;1.643216e-01;5.696175e-01;3.891770e-02;1.830000e-02;1.057519e-02;1.867129e-02;7.270374e-03;4.817729e-02;5.104762e-02;7.603615e-03;8.849928e-03
1.401776e-02;1.394210e-01;6.721857e-01;2.890098e-02;1.127563e-02;5.860040e-03;1.770043e-02;4.447284e-03;3.318810e-02;5.926877e-02;5.692994e-03;8.041358e-03
2.058939e-02;1.603663e-01;6.789837e-01;1.996109e-02;6.289465e-03;7.323237e-03;1.427860e-02;4.246848e-03;2.673345e-02;5.019157e-02;4.390014e-03;6.646286e-03
2.393575e-02;1.656999e-01;6.828440e-01;2.037643e-02;8.916941e-03;7.532262e-03;9.485425e-03;3.872306e-03;2.556454e-02;4.245916e-02;4.690377e-03;4.622863e-03
1.199942e-02;1.695212e-01;6.890330e-01;2.539700e-02;7.525484e-03;4.923139e-03;1.039340e-02;2.656596e-03;2.835821e-02;4.217781e-02;2.812613e-03;5.202179e-03
2.618979e-02;1.822867e-01;6.547936e-01;2.067501e-02;1.166447e-02;1.047787e-02;7.501935e-03;4.082365e-03;3.192551e-02;3.780462e-02;4.193997e-03;8.404091e-03
2.622211e-02;2.151738e-01;6.085978e-01;1.812053e-02;1.152231e-02;1.644993e-02;1.143434e-02;3.903194e-03;4.628084e-02;2.552183e-02;2.584872e-03;1.418843e-02
7.086813e-02;2.491225e-01;5.304338e-01;1.694138e-02;6.202373e-03;1.897146e-02;8.469160e-03;5.037690e-03;6.199731e-02;1.247743e-02;3.531142e-03;1.594761e-02
1.374018e-01;2.335946e-01;4.513012e-01;2.016478e-02;1.219391e-02;1.956473e-02;1.388034e-02;1.201060e-02;6.149426e-02;1.322281e-02;9.404638e-03;1.576630e-02
2.489799e-01;1.429098e-01;3.858716e-01;1.796255e-02;1.532243e-02;1.407696e-02;2.618399e-02;2.160539e-02;4.663137e-02;1.891594e-02;2.615205e-02;3.538802e-02
3.000869e-01;1.245419e-01;2.711116e-01;1.836115e-02;1.313137e-02;1.676104e-02;4.306812e-02;1.471546e-02;1.635412e-02;4.954656e-02;6.021269e-02;7.210904e-02
1.857150e-01;1.696693e-01;3.011120e-01;3.134350e-02;1.605384e-02;2.204385e-02;4.079637e-02;1.423566e-02;2.072834e-02;7.649040e-02;8.060608e-02;4.120573e-02
1.318678e-01;1.287449e-01;3.307747e-01;4.250765e-02;3.262255e-02;4.035494e-02;3.799655e-02;1.191454e-02;1.961415e-02;9.556788e-02;9.752620e-02;3.050811e-02
9.854151e-02;8.402161e-02;3.682944e-01;3.971918e-02;4.068446e-02;5.166966e-02;6.008248e-02;2.614584e-02;3.081792e-02;8.545030e-02;8.438431e-02;3.018826e-02
1.105189e-01;1.538996e-01;2.814792e-01;5.840479e-02;5.168485e-02;5.717968e-02;4.801621e-02;2.889339e-02;4.463335e-02;5.708010e-02;6.643363e-02;4.177629e-02
1.054523e-01;1.704179e-01;2.525244e-01;8.809791e-02;4.495898e-02;7.028893e-02;4.072718e-02;3.257624e-02;6.535011e-02;5.082557e-02;4.537104e-02;3.340948e-02
7.370609e-02;1.349999e-01;3.369533e-01;9.500068e-02;3.230448e-02;5.902924e-02;3.932340e-02;2.734474e-02;6.823484e-02;6.864610e-02;4.524758e-02;1.920969e-02
7.442098e-02;1.108034e-01;3.062227e-01;9.328785e-02;5.777385e-02;6.454376e-02;5.428610e-02;3.895268e-02;6.190130e-02;5.408295e-02;5.227910e-02;3.144538e-02
6.657260e-02;9.119050e-02;2.825833e-01;9.532078e-02;9.480555e-02;6.225476e-02;6.584738e-02;3.510794e-02;6.407687e-02;4.965742e-02;5.332252e-02;3.926045e-02
5.959912e-02;6.556329e-02;2.394035e-01;1.234842e-01;9.578948e-02;6.690235e-02;9.354125e-02;4.572402e-02;6.735557e-02;5.284648e-02;5.552774e-02;3.426309e-02
5.350609e-02;5.865990e-02;2.065041e-01;1.370822e-01;8.225161e-02;6.609380e-02;1.229639e-01;6.470983e-02;8.395158e-02;5.133915e-02;5.002603e-02;2.291185e-02
6.548930e-02;7.568539e-02;1.917202e-01;1.132993e-01;1.261378e-01;3.846064e-02;1.013475e-01;6.606491e-02;1.006914e-01;6.316610e-02;3.784318e-02;2.009419e-02
5.130318e-02;8.274586e-02;1.942818e-01;1.254952e-01;1.527891e-01;4.445846e-02;7.695869e-02;5.108316e-02;9.864462e-02;6.969827e-02;3.270737e-02;1.983427e-02
5.215847e-02;6.840111e-02;1.803195e-01;1.490473e-01;1.542623e-01;6.123349e-02;6.856276e-02;5.752471e-02;8.783094e-02;5.325278e-02;3.961279e-02;2.779373e-02
5.195520e-02;6.961117e-02;1.628813e-01;1.360785e-01;1.341122e-01;8.650208e-02;1.057784e-01;4.496527e-02;8.085413e-02;5.240506e-02;3.302401e-02;4.183266e-02
4.882449e-02;7.260479e-02;1.317258e-01;1.811935e-01;9.435330e-02;9.578410e-02;1.257117e-01;3.139682e-02;6.224436e-02;7.167061e-02;5.019736e-02;3.429306e-02
6.475328e-02;4.683375e-02;1.007122e-01;2.027047e-01;9.431909e-02;9.091186e-02;9.973779e-02;4.484462e-02;7.931426e-02;7.889729e-02;5.775347e-02;3.921767e-02
7.521182e-02;4.760065e-02;1.195458e-01;1.877127e-01;1.047533e-01;8.271694e-02;8.555026e-02;4.581310e-02;8.222864e-02;8.264460e-02;3.811777e-02;4.810449e-02
7.452693e-02;1.001083e-01;1.222259e-01;1.238984e-01;8.341464e-02;8.168450e-02;7.396130e-02;7.272890e-02;5.778648e-02;1.072220e-01;5.106473e-02;5.137784e-02
9.421872e-02;1.269832e-01;1.222361e-01;8.319484e-02;6.750949e-02;6.683911e-02;5.136232e-02;7.848211e-02;4.951425e-02;1.389393e-01;7.421944e-02;4.650115e-02
8.336447e-02;8.599083e-02;1.428525e-01;6.985281e-02;1.295282e-01;8.952531e-02;4.065983e-02;6.839897e-02;5.882069e-02;1.178611e-01;7.381605e-02;3.932917e-02
6.033435e-02;6.506058e-02;1.610416e-01;7.991445e-02;1.325851e-01;1.076035e-01;4.849295e-02;8.323120e-02;7.626716e-02;8.187670e-02;6.279057e-02;4.080177e-02
8.503638e-02;6.732956e-02;1.454078e-01;8.383149e-02;1.193206e-01;7.285748e-02;5.993167e-02;1.009536e-01;6.924756e-02;8.549970e-02;5.709680e-02;5.348741e-02
1.035195e-01;7.327672e-02;1.505676e-01;1.032284e-01;8.691531e-02;7.181659e-02;9.914695e-02;9.707712e-02;5.628196e-02;6.097970e-02;3.888154e-02;5.830856e-02
8.048943e-02;6.992689e-02;1.214447e-01;8.363122e-02;1.002498e-01;9.598425e-02;1.178869e-01;9.326681e-02;5.840875e-02;6.581216e-02;4.990356e-02;6.299544e-02
4.291147e-02;7.276982e-02;1.413656e-01;7.327604e-02;1.103674e-01;1.276899e-01;8.329203e-02;1.004353e-01;5.283505e-02;7.915314e-02;4.115145e-02;7.475283e-02
3.199434e-02;8.507087e-02;1.393522e-01;7.042420e-02;7.782979e-02;1.012748e-01;1.273016e-01;9.555607e-02;4.347935e-02;1.047706e-01;5.406910e-02;6.887706e-02
4.271165e-02;5.696030e-02;1.663957e-01;5.800616e-02;7.005596e-02;6.763680e-02;1.453498e-01;7.781952e-02;9.376131e-02;1.179362e-01;5.880212e-02;4.456445e-02
7.310692e-02;4.895683e-02;1.540426e-01;6.270690e-02;6.542560e-02;6.439088e-02;1.287446e-01;5.998714e-02;1.194614e-01;1.235162e-01;4.769430e-02;5.196680e-02
3.952843e-02;6.224192e-02;1.823846e-01;5.974298e-02;7.730134e-02;7.241508e-02;1.366826e-01;5.603626e-02;1.047287e-01;1.200427e-01;3.374113e-02;5.515421e-02
4.112483e-02;5.919608e-02;1.771003e-01;7.406595e-02;8.776337e-02;7.851432e-02;1.375236e-01;7.257886e-02;8.934603e-02;9.216135e-02;4.134709e-02;4.927817e-02
5.987714e-02;7.320111e-02;2.648425e-01;6.516980e-02;7.795462e-02;5.764474e-02;1.133414e-01;6.523976e-02;4.249390e-02;5.771714e-02;7.397810e-02;4.853982e-02
7.550640e-02;6.321785e-02;2.060558e-01;4.725422e-02;4.214498e-02;4.014670e-02;1.337918e-01;7.305337e-02;8.420167e-02;9.419552e-02;8.651899e-02;5.391270e-02
7.686522e-02;5.444625e-02;1.196906e-01;4.723047e-02;3.763755e-02;5.292512e-02;1.996063e-01;7.216933e-02;6.271654e-02;1.089780e-01;8.123635e-02;8.649826e-02
6.769128e-02;4.889117e-02;3.027969e-02;6.262302e-02;2.173613e-02;5.546813e-02;2.756068e-01;5.320530e-02;5.202773e-02;1.123257e-01;5.834926e-02;1.617958e-01
7.760879e-02;4.387604e-02;2.882595e-02;7.424175e-02;1.194073e-02;4.161727e-02;3.021277e-01;3.442129e-02;3.402213e-02;9.757952e-02;4.682307e-02;2.069158e-01
1.373007e-01;2.888329e-02;3.640419e-02;6.431181e-02;1.361550e-02;3.359107e-02;2.730678e-01;9.659152e-02;1.572919e-02;8.772038e-02;3.468800e-02;1.780965e-01
2.211377e-01;3.754820e-02;6.812719e-02;4.117447e-02;2.928198e-02;2.227823e-02;1.743748e-01;1.882733e-01;2.374700e-02;6.987812e-02;2.063770e-02;1.035414e-01
2.789604e-01;6.080507e-02;1.054168e-01;2.186791e-02;4.907426e-02;1.253122e-02;7.712790e-02;2.342220e-01;3.253327e-02;4.554818e-02;2.168842e-02;6.022453e-02
2.659363e-01;1.138372e-01;1.587765e-01;1.685678e-02;4.861649e-02;9.027960e-03;4.137037e-02;1.826665e-01;7.749947e-02;2.638928e-02;2.358793e-02;3.543515e-02
2.173412e-01;1.890481e-01;2.157383e-01;2.086522e-02;2.501108e-02;1.397390e-02;3.884880e-02;8.509883e-02;1.373668e-01;1.975436e-02;1.834940e-02;1.860398e-02
1.696770e-01;2.283979e-01;2.566111e-01;2.872416e-02;9.777634e-03;2.605287e-02;2.369596e-02;2.761903e-02;1.844469e-01;1.415318e-02;1.490463e-02;1.593964e-02
1.111156e-01;2.228633e-01;3.116494e-01;3.234014e-02;9.880026e-03;4.616096e-02;1.417762e-02;7.068569e-03;1.947826e-01;1.828383e-02;1.110090e-02;2.057697e-02
5.694061e-02;2.058094e-01;4.021293e-01;2.388115e-02;4.667026e-03;5.492859e-02;1.576942e-02;1.413995e-02;1.778856e-01;2.101784e-02;5.048277e-03;1.778282e-02
1.862997e-02;1.815969e-01;4.816860e-01;2.256602e-02;1.063181e-02;4.268815e-02;2.488930e-02;1.619847e-02;1.451162e-01;3.899071e-02;5.739813e-03;1.126653e-02
6.428777e-02;1.804796e-01;4.914046e-01;2.008429e-02;8.647908e-03;2.941050e-02;2.708339e-02;1.603821e-02;1.071282e-01;3.933323e-02;4.615111e-03;1.148726e-02
9.598810e-02;1.871976e-01;4.919442e-01;2.708681e-02;8.216219e-03;2.624691e-02;1.862070e-02;1.944330e-02;7.170981e-02;3.404078e-02;7.902827e-03;1.160274e-02
1.385212e-01;1.492240e-01;4.562423e-01;3.043473e-02;1.344219e-02;2.462534e-02;2.294094e-02;3.024223e-02;5.575114e-02;3.814418e-02;1.741998e-02;2.301184e-02
1.699738e-01;4.426565e-02;3.872894e-01;3.643298e-02;3.596592e-02;2.679059e-02;3.149525e-02;3.431971e-02;6.771623e-02;6.396046e-02;4.871672e-02;5.307324e-02
1.176824e-01;1.007004e-01;2.636271e-01;4.941912e-02;6.742904e-02;3.789966e-02;6.025249e-02;3.476299e-02;9.234390e-02;8.712848e-02;4.136423e-02;4.739020e-02
6.944087e-02;8.122268e-02;2.825640e-01;4.830144e-02;6.376497e-02;5.233455e-02;9.152433e-02;2.450302e-02;9.924118e-02;1.035281e-01;5.215353e-02;3.142129e-02
5.776753e-02;9.420232e-02;3.124066e-01;3.184496e-02;5.353276e-02;3.234499e-02;8.022070e-02;4.530327e-02;9.312494e-02;9.692558e-02;6.176499e-02;4.056142e-02
9.104032e-02;1.564039e-01;2.960117e-01;3.127377e-02;3.442501e-02;2.628173e-02;4.378699e-02;5.084612e-02;8.375998e-02;8.378728e-02;4.591188e-02;5.647132e-02
9.342558e-02;1.582772e-01;2.034385e-01;5.812684e-02;6.556456e-02;7.616173e-02;7.742981e-02;5.522670e-02;5.753461e-02;8.519959e-02;3.307156e-02;3.654329e-02
2.799770e-02;1.031035e-01;1.596528e-01;6.752412e-02;1.008486e-01;9.924002e-02;8.634767e-02;7.109778e-02;6.283244e-02;1.322486e-01;5.088832e-02;3.821847e-02
4.764167e-02;8.841605e-02;1.647179e-01;5.869708e-02;1.034330e-01;9.124029e-02;8.698274e-02;7.664637e-02;6.268799e-02;1.328026e-01;4.476293e-02;4.197135e-02
7.483787e-02;9.143668e-02;1.950880e-01;6.389898e-02;7.965715e-02;8.437659e-02;1.001392e-01;7.263327e-02;6.737518e-02;1.064840e-01;3.448001e-02;2.959309e-02
6.386825e-02;6.798039e-02;1.522522e-01;9.592425e-02;6.553199e-02;1.233375e-01;1.110943e-01;5.639860e-02;1.147099e-01;8.302500e-02;4.368219e-02;2.219540e-02
4.376968e-02;4.406448e-02;9.339408e-02;9.747881e-02;1.036396e-01;1.819380e-01;9.265657e-02;6.519770e-02;1.405552e-01;7.968980e-02;3.820561e-02;1.941036e-02
5.788588e-02;5.979866e-02;7.235906e-02;8.158384e-02;1.077811e-01;1.747441e-01;1.010769e-01;6.902387e-02;1.098376e-01;9.493107e-02;4.963087e-02;2.134707e-02
8.508654e-02;7.774374e-02;5.841885e-02;1.040131e-01;1.025909e-01;1.168285e-01;9.476049e-02;6.792106e-02;6.927601e-02;1.041585e-01;7.613534e-02;4.306691e-02
8.732812e-02;6.266949e-02;8.775842e-02;1.242305e-01;1.159311e-01;8.381549e-02;9.488417e-02;4.503403e-02;7.944036e-02;8.603635e-02;8.502758e-02;4.784445e-02
8.389661e-02;7.101370e-02;1.142712e-01;8.090134e-02;8.894133e-02;8.619884e-02;1.145863e-01;5.258071e-02;1.127553e-01;6.093576e-02;8.600652e-02;4.791237e-02
6.618968e-02;5.853948e-02;1.210356e-01;6.244233e-02;8.488528e-02;9.974691e-02;1.247346e-01;4.669207e-02;1.306674e-01;7.269583e-02;7.738999e-02;5.498082e-02
4.542546e-02;5.550926e-02;8.206344e-02;5.507590e-02;1.051111e-01;1.175538e-01;1.632230e-01;4.373264e-02;1.489882e-01;7.614945e-02;5.306135e-02;5.410635e-02
5.021357e-02;3.444080e-02;1.293659e-01;4.605268e-02;1.091862e-01;1.101989e-01;1.666575e-01;7.263228e-02;1.392668e-01;7.173903e-02;3.485188e-02;3.539442e-02
5.668474e-02;5.661849e-02;1.129484e-01;6.926249e-02;8.855700e-02;6.991367e-02;1.479104e-01;1.003304e-01;1.064496e-01;1.012056e-01;4.502608e-02;4.509323e-02
8.327419e-02;6.568593e-02;1.138953e-01;8.700003e-02;7.913670e-02;5.188237e-02;1.248663e-01;7.806946e-02;9.253040e-02;1.114924e-01;5.697718e-02;5.518985e-02
8.373492e-02;5.938191e-02;1.625766e-01;7.720707e-02;8.391687e-02;6.916996e-02;1.127996e-01;5.976269e-02;1.310993e-01;5.623191e-02;6.366432e-02;4.045482e-02
4.351981e-02;6.299040e-02;1.502652e-01;6.215539e-02;7.290897e-02;8.695702e-02;1.739610e-01;3.192142e-02;1.155204e-01;5.344082e-02;8.999633e-02;5.636329e-02
4.686427e-02;3.812591e-02;1.468594e-01;6.677090e-02;7.505725e-02;8.917633e-02;2.041842e-01;5.873369e-02;7.806077e-02;6.523871e-02;8.297781e-02;4.795080e-02
7.020764e-02;4.117754e-02;1.344122e-01;6.532843e-02;7.480823e-02;9.408185e-02;1.874422e-01;5.540429e-02;7.691612e-02;6.964622e-02;8.647268e-02;4.410248e-02
9.910481e-02;8.045334e-02;1.032168e-01;5.366641e-02;4.407970e-02;5.992398e-02;1.320070e-01;6.734485e-02;8.969608e-02;8.543497e-02;9.480021e-02;9.027191e-02
1.053456e-01;6.944510e-02;1.206973e-01;7.127909e-02;2.872934e-02;3.329257e-02;1.037318e-01;7.645223e-02;8.721086e-02;8.195885e-02;9.677698e-02;1.250803e-01
8.914576e-02;5.581498e-02;1.093732e-01;7.747131e-02;2.185271e-02;5.000683e-02;1.166054e-01;6.840278e-02;9.528649e-02;6.855402e-02;9.140161e-02;1.560849e-01
4.779213e-02;3.202929e-02;1.763058e-01;6.492824e-02;1.511012e-02;8.979359e-02;8.997937e-02;4.192948e-02;9.334131e-02;4.205292e-02;1.733947e-01;1.333431e-01
2.435879e-02;1.232097e-02;2.976841e-01;2.764033e-02;1.238210e-02;1.292525e-01;2.556674e-02;1.477172e-02;7.599945e-02;3.296746e-02;2.944064e-01;5.264956e-02
1.809987e-02;2.243271e-02;3.379814e-01;1.156378e-02;1.439301e-02;1.294518e-01;1.305489e-02;5.202428e-03;5.935678e-02;3.581890e-02;3.345931e-01;1.805132e-02
1.860733e-02;2.415711e-02;3.497018e-01;1.131643e-02;1.394422e-02;1.108361e-01;1.384205e-02;7.606034e-03;6.130347e-02;3.857245e-02;3.215740e-01;2.853900e-02
1.407894e-02;7.273792e-03;3.560317e-01;2.766867e-02;1.306552e-02;7.903907e-02;4.277783e-02;6.637772e-03;6.859218e-02;2.962334e-02;2.775514e-01;7.765978e-02
1.156154e-02;9.619676e-03;2.994656e-01;5.927539e-02;1.151328e-02;4.190448e-02;9.984516e-02;6.091499e-03;5.470705e-02;2.039990e-02;1.989017e-01;1.867148e-01
3.230483e-02;1.480375e-02;1.583817e-01;1.125405e-01;8.183869e-03;2.929491e-02;1.592663e-01;1.890141e-02;2.631048e-02;3.406793e-02;9.946924e-02;3.064751e-01
8.743276e-02;1.782106e-02;6.315879e-02;1.189568e-01;1.697145e-02;1.909964e-02;1.653735e-01;7.928070e-02;2.115252e-02;4.673875e-02;5.343889e-02;3.105751e-01
1.774304e-01;3.256485e-02;4.611068e-02;7.028785e-02;3.985972e-02;6.918014e-03;1.208864e-01;1.816867e-01;4.805487e-02;3.402318e-02;3.889021e-02;2.032872e-01
1.839403e-01;7.851166e-02;7.163957e-02;2.442472e-02;3.751250e-02;1.803686e-02;7.471976e-02;2.326099e-01;1.256945e-01;2.742177e-02;2.721012e-02;9.827851e-02
1.379430e-01;1.163566e-01;1.160136e-01;1.597370e-02;2.067100e-02;3.013181e-02;5.820436e-02;2.006027e-01;1.837833e-01;3.024690e-02;2.334321e-02;6.672988e-02
1.239573e-01;1.258641e-01;1.598330e-01;1.500417e-02;1.171997e-02;3.251407e-02;6.437995e-02;1.433907e-01;1.771814e-01;4.415648e-02;3.289390e-02;6.910498e-02
1.687199e-01;9.169707e-02;1.683650e-01;1.316355e-02;1.663403e-02;2.648430e-02;7.882750e-02;9.583983e-02;1.272151e-01;6.432345e-02;5.622263e-02;9.250764e-02
1.617239e-01;1.020956e-01;1.733142e-01;2.479091e-02;2.676316e-02;3.314407e-02;7.272503e-02;8.959829e-02;8.093096e-02;6.847634e-02;4.456497e-02;1.218725e-01
1.085490e-01;8.471915e-02;1.679900e-01;3.249236e-02;2.870790e-02;4.532588e-02;5.600680e-02;1.249213e-01;9.566953e-02;4.588607e-02;3.483194e-02;1.749001e-01
1.137994e-01;8.158889e-02;1.791347e-01;2.681252e-02;2.545794e-02;3.840398e-02;3.477642e-02;1.332413e-01;9.820235e-02;3.586326e-02;5.274228e-02;1.799769e-01
1.154909e-01;1.107710e-01;1.781643e-01;2.960458e-02;1.783159e-02;3.763931e-02;4.878323e-02;1.274856e-01;1.063010e-01;4.316805e-02;5.911832e-02;1.256422e-01
1.242650e-01;1.102669e-01;1.790578e-01;3.596288e-02;4.709658e-02;6.469899e-02;6.264824e-02;1.242559e-01;1.016051e-01;5.707295e-02;3.961936e-02;5.345041e-02
1.179407e-01;1.149223e-01;1.540335e-01;9.557023e-02;7.130508e-02;5.436305e-02;8.183101e-02;1.044403e-01;5.211167e-02;6.857041e-02;5.920788e-02;2.570386e-02
1.143700e-01;1.000458e-01;1.679970e-01;8.801976e-02;7.315589e-02;4.410881e-02;5.892605e-02;6.365723e-02;5.837213e-02;1.010873e-01;7.698488e-02;5.327521e-02
9.377657e-02;9.479956e-02;1.588290e-01;6.596110e-02;5.713480e-02;4.262866e-02;6.926806e-02;5.601958e-02;9.651750e-02;1.021181e-01;6.092107e-02;1.020261e-01
5.051869e-02;7.422514e-02;1.523218e-01;5.479958e-02;3.544707e-02;6.283832e-02;7.788990e-02;7.577605e-02;1.511546e-01;1.139693e-01;5.015120e-02;1.009084e-01
6.722965e-02;6.420757e-02;1.522757e-01;4.782733e-02;5.305488e-02;8.619526e-02;9.560329e-02;7.650895e-02;1.194495e-01;1.114718e-01;4.846747e-02;7.770868e-02
8.247332e-02;8.102184e-02;1.385564e-01;4.517515e-02;6.771963e-02;7.674040e-02;1.049210e-01;8.965273e-02;8.260221e-02;9.584209e-02;6.152492e-02;7.377036e-02
9.784178e-02;8.000574e-02;1.113053e-01;8.182771e-02;8.651821e-02;5.379171e-02;1.079960e-01;1.049202e-01;5.779141e-02;7.182155e-02;6.750891e-02;7.867145e-02
8.632118e-02;7.899705e-02;1.359442e-01;1.134391e-01;8.995930e-02;5.659590e-02;8.228163e-02;9.286612e-02;8.219159e-02;6.276588e-02;5.269960e-02;6.593844e-02
6.815684e-02;7.715602e-02;1.745361e-01;1.183361e-01;8.568246e-02;5.859797e-02;7.202078e-02;8.095204e-02;8.173767e-02;6.106069e-02;4.856681e-02;7.319656e-02
4.770157e-02;5.928693e-02;2.111610e-01;1.191139e-01;8.012624e-02;7.480962e-02;9.342874e-02;4.756720e-02;5.882050e-02;5.627520e-02;7.908214e-02;7.262703e-02
1.212678e-01;1.178953e-01;1.442173e-01;6.692435e-02;6.855697e-02;4.212745e-02;6.831849e-02;6.013111e-02;6.116945e-02;7.640845e-02;8.435234e-02;8.863104e-02
1.049015e-01;1.631365e-01;1.162371e-01;8.944569e-02;6.246300e-02;4.286426e-02;5.251649e-02;8.000582e-02;3.516012e-02;8.588836e-02;6.194128e-02;1.054399e-01
5.711762e-02;1.750039e-01;9.584893e-02;1.021244e-01;5.954155e-02;4.140217e-02;7.606337e-02;9.612279e-02;5.985494e-02;9.311454e-02;3.643694e-02;1.073688e-01
5.462683e-02;1.493592e-01;8.138859e-02;1.041598e-01;5.876280e-02;4.896804e-02;8.874875e-02;9.525734e-02;8.922439e-02;8.670418e-02;4.614709e-02;9.665301e-02
1.046258e-01;1.390374e-01;5.934369e-02;1.035998e-01;6.249647e-02;5.185690e-02;6.758209e-02;9.678742e-02;8.329815e-02;8.850463e-02;4.135592e-02;1.015117e-01
1.115117e-01;1.094216e-01;1.167127e-01;5.477236e-02;9.675358e-02;6.332927e-02;9.052332e-02;8.514982e-02;6.039523e-02;6.544483e-02;6.042305e-02;8.556260e-02
1.063247e-01;7.878558e-02;2.087100e-01;4.708982e-02;8.563050e-02;5.762010e-02;8.412272e-02;5.319624e-02;6.998304e-02;8.203434e-02;3.271350e-02;9.378952e-02
9.742267e-02;4.667748e-02;2.097796e-01;3.900068e-02;5.161083e-02;5.442195e-02;1.387869e-01;5.338928e-02;7.031249e-02;1.127591e-01;7.913492e-02;4.670413e-02
9.361152e-02;2.652616e-02;1.100442e-01;4.136696e-02;3.496926e-02;6.456563e-02;1.984236e-01;8.015808e-02;8.263240e-02;1.138978e-01;1.041903e-01;4.961410e-02
6.729177e-02;1.866132e-02;6.085476e-02;5.625526e-02;3.799620e-02;4.844307e-02;2.451037e-01;9.427838e-02;9.501681e-02;1.212375e-01;9.586089e-02;5.900036e-02
4.113739e-02;2.677803e-02;1.076408e-01;6.291243e-02;3.953493e-02;5.051581e-02;2.650180e-01;4.694817e-02;1.010797e-01;1.318104e-01;7.184663e-02;5.477768e-02
4.360363e-02;2.857197e-02;1.208195e-01;6.280328e-02;2.833773e-02;4.516690e-02;2.684797e-01;4.679355e-02;1.168286e-01;1.044420e-01;6.143038e-02;7.272280e-02
4.546410e-02;3.124658e-02;1.258075e-01;5.098105e-02;4.673753e-02;6.322614e-02;2.548093e-01;5.268434e-02;5.709646e-02;9.294891e-02;9.039714e-02;8.860099e-02
2.010174e-02;4.346831e-02;1.195464e-01;4.312858e-02;6.672170e-02;6.391262e-02;2.257349e-01;6.975555e-02;2.226243e-02;9.889209e-02;1.351842e-01;9.129152e-02
3.920549e-02;4.474821e-02;6.014082e-02;4.721526e-02;6.493334e-02;4.732733e-02;1.912569e-01;6.460606e-02;4.679929e-02;1.107049e-01;1.905400e-01;9.252238e-02
3.194244e-02;3.422281e-02;1.383368e-01;4.270223e-02;4.666415e-02;5.810205e-02;1.553530e-01;5.037453e-02;5.019170e-02;9.830803e-02;1.959494e-01;9.785287e-02
4.207980e-02;3.400603e-02;1.148737e-01;4.002809e-02;3.756224e-02;6.236574e-02;1.431009e-01;3.514111e-02;5.215152e-02;1.137153e-01;2.060499e-01;1.189257e-01
6.149745e-02;2.589891e-02;1.144361e-01;3.110267e-02;3.062881e-02;4.995568e-02;1.629718e-01;2.881902e-02;4.168687e-02;1.370167e-01;1.908011e-01;1.251849e-01
5.941037e-02;2.137369e-02;1.253979e-01;3.084996e-02;2.590076e-02;3.756655e-02;1.924555e-01;2.212760e-02;3.127751e-02;1.328588e-01;1.753161e-01;1.454652e-01
6.697400e-02;3.083110e-02;1.543705e-01;2.969191e-02;1.734532e-02;2.353663e-02;1.759834e-01;4.292891e-02;2.328702e-02;1.157054e-01;1.540170e-01;1.653289e-01
1.021868e-01;3.895646e-02;1.075616e-01;3.032099e-02;2.026844e-02;1.673874e-02;1.607881e-01;5.939019e-02;2.422128e-02;1.281767e-01;1.368310e-01;1.745596e-01
1.552236e-01;3.409223e-02;1.970975e-01;2.835942e-02;2.717119e-02;1.719644e-02;1.134910e-01;6.511664e-02;1.388049e-02;1.084130e-01;9.698811e-02;1.429704e-01
1.895982e-01;6.566266e-02;2.087156e-01;3.263664e-02;3.116474e-02;2.448771e-02;1.114890e-01;4.806412e-02;5.944506e-02;7.918604e-02;6.753439e-02;8.201582e-02
1.106018e-01;8.819973e-02;2.696877e-01;3.696372e-02;5.125989e-02;3.510728e-02;7.102707e-02;7.861924e-02;1.182661e-01;4.898404e-02;5.395492e-02;3.732849e-02
1.256782e-01;9.270478e-02;2.347742e-01;2.225682e-02;4.614338e-02;3.681513e-02;5.223750e-02;1.366987e-01;1.313743e-01;3.124867e-02;5.811305e-02;3.195532e-02
1.648567e-01;7.188813e-02;1.961982e-01;1.218693e-02;3.357861e-02;3.625334e-02;4.829695e-02;2.056090e-01;1.030606e-01;2.681753e-02;6.863168e-02;3.262240e-02
1.834958e-01;5.809160e-02;1.851400e-01;9.459548e-03;2.429538e-02;2.701921e-02;3.454931e-02;2.329929e-01;1.000235e-01;3.315350e-02;7.332145e-02;3.845780e-02
2.147299e-01;6.714167e-02;1.832419e-01;1.008486e-02;2.043213e-02;1.752316e-02;4.007987e-02;2.336368e-01;6.750444e-02;3.334104e-02;7.578440e-02;3.649971e-02
2.478097e-01;5.613962e-02;1.655518e-01;9.981364e-03;1.968996e-02;9.038089e-03;4.532395e-02;2.798224e-01;3.334482e-02;3.019163e-02;6.920476e-02;3.390195e-02
2.416418e-01;4.788873e-02;1.507399e-01;1.117978e-02;2.269825e-02;1.042364e-02;5.428143e-02;3.035427e-01;3.707619e-02;2.952319e-02;5.374239e-02;3.726196e-02
2.267564e-01;3.607970e-02;1.199183e-01;1.384072e-02;2.025673e-02;1.391506e-02;8.377029e-02;3.074261e-01;3.119803e-02;4.730317e-02;5.064272e-02;4.889276e-02
1.861459e-01;3.459924e-02;8.804587e-02;1.848008e-02;1.211469e-02;1.208825e-02;1.323310e-01;2.852088e-01;3.369183e-02;6.492284e-02;4.034600e-02;9.202549e-02
1.126579e-01;3.799769e-02;5.826068e-02;2.527394e-02;9.929975e-03;1.515687e-02;2.113525e-01;2.157374e-01;4.103690e-02;1.018560e-01;3.517823e-02;1.355620e-01
5.940406e-02;3.116142e-02;3.564942e-02;3.066063e-02;9.605419e-03;2.584161e-02;2.559287e-01;1.089764e-01;5.797943e-02;1.179364e-01;4.729297e-02;2.195635e-01
4.756448e-02;3.821213e-02;2.679473e-02;2.815053e-02;1.040264e-02;3.172718e-02;2.286824e-01;6.279420e-02;6.828929e-02;8.578073e-02;1.007720e-01;2.708297e-01
3.617602e-02;2.983886e-02;6.200711e-02;2.493568e-02;1.308547e-02;6.378543e-02;1.326320e-01;5.648206e-02;1.065493e-01;6.052006e-02;1.986299e-01;2.153582e-01
3.170943e-02;2.389432e-02;7.640313e-02;1.261698e-02;1.654514e-02;8.766122e-02;4.866565e-02;5.057657e-02;1.135868e-01;9.882112e-02;3.388217e-01;1.006979e-01
4.445770e-02;4.799924e-02;6.009735e-02;9.309215e-03;2.482346e-02;7.580086e-02;1.949735e-02;7.498056e-02;7.527243e-02;1.530129e-01;3.794314e-01;3.531757e-02
3.859597e-02;8.415575e-02;3.357284e-02;1.654846e-02;4.389086e-02;4.181238e-02;1.158667e-02;1.134109e-01;6.589279e-02;2.473327e-01;2.543299e-01;4.887076e-02
1.974363e-02;1.112593e-01;2.376294e-02;2.072087e-02;6.759752e-02;1.572250e-02;2.046298e-02;1.152929e-01;5.997571e-02;3.305410e-01;1.359863e-01;7.893431e-02
3.527325e-02;1.085625e-01;1.601048e-02;2.417717e-02;7.331976e-02;1.707353e-02;3.071852e-02;8.108803e-02;8.365077e-02;3.707422e-01;6.869118e-02;9.069256e-02
6.967058e-02;6.613321e-02;2.065060e-02;3.681783e-02;6.777496e-02;2.127457e-02;7.510924e-02;5.599459e-02;1.385191e-01;3.092377e-01;6.209427e-02;7.672330e-02
1.215654e-01;4.172838e-02;1.457812e-02;4.780180e-02;5.370147e-02;1.861028e-02;1.239376e-01;3.325450e-02;2.630323e-01;1.821516e-01;5.717351e-02;4.246511e-02
1.487900e-01;2.229585e-02;1.993182e-02;5.654839e-02;2.490159e-02;1.316501e-02;1.186857e-01;2.520988e-02;3.269188e-01;1.621646e-01;5.793490e-02;2.345344e-02
1.573097e-01;1.547539e-02;2.510701e-02;6.763007e-02;1.712212e-02;1.167432e-02;9.903169e-02;4.012965e-02;3.775578e-01;1.056146e-01;6.104536e-02;2.230228e-02
1.595959e-01;1.493725e-02;2.899520e-02;7.513025e-02;1.480496e-02;1.286080e-02;7.464539e-02;4.301317e-02;4.020005e-01;5.763298e-02;8.181635e-02;3.456733e-02
1.484490e-01;2.318354e-02;3.095728e-02;7.998692e-02;2.040847e-02;2.794199e-02;4.931520e-02;2.762078e-02;3.974011e-01;5.411169e-02;1.094484e-01;3.117552e-02
1.254437e-01;2.377933e-02;3.224428e-02;8.482178e-02;1.961365e-02;2.855523e-02;4.152460e-02;2.789829e-02;3.816390e-01;5.961696e-02;1.172858e-01;5.757739e-02
1.480038e-01;1.479328e-02;3.388642e-02;8.909262e-02;1.502290e-02;1.650399e-02;4.957581e-02;2.936204e-02;3.762233e-01;7.687512e-02;1.135486e-01;3.711214e-02
1.663070e-01;2.400189e-02;2.669660e-02;9.237781e-02;1.637001e-02;2.478482e-02;4.459124e-02;3.193315e-02;3.756741e-01;6.974109e-02;1.020541e-01;2.546823e-02
1.714213e-01;2.624002e-02;1.660126e-02;8.685991e-02;1.874312e-02;2.027779e-02;5.590779e-02;3.572246e-02;3.801932e-01;7.208747e-02;8.732754e-02;2.861827e-02
1.688491e-01;1.604737e-02;2.636653e-02;7.081786e-02;2.764571e-02;2.000403e-02;9.279812e-02;3.059461e-02;3.680206e-01;8.089232e-02;7.023317e-02;2.773058e-02
1.340791e-01;2.386214e-02;2.737637e-02;5.542963e-02;4.765866e-02;2.032106e-02;1.238921e-01;2.387561e-02;3.221028e-01;1.377245e-01;4.212970e-02;4.154832e-02
9.151307e-02;4.378384e-02;3.415754e-02;4.454740e-02;7.618050e-02;2.060412e-02;1.364422e-01;1.789883e-02;2.298737e-01;2.042114e-01;5.168417e-02;4.910318e-02
4.606807e-02;6.703832e-02;3.508888e-02;3.817777e-02;1.292302e-01;3.659010e-02;8.365384e-02;2.744543e-02;1.583095e-01;2.862257e-01;4.720934e-02;4.496283e-02
1.825403e-02;7.865977e-02;3.671354e-02;3.744402e-02;1.730990e-01;3.393459e-02;3.305202e-02;3.044878e-02;1.234296e-01;3.377932e-01;5.318083e-02;4.399056e-02
2.637446e-02;9.784251e-02;3.529946e-02;5.623344e-02;1.762369e-01;2.852249e-02;2.728042e-02;2.425800e-02;1.023957e-01;3.346961e-01;4.603806e-02;4.482250e-02
3.147044e-02;1.235923e-01;2.893488e-02;5.920619e-02;1.649325e-01;2.662971e-02;3.632237e-02;2.230679e-02;8.189633e-02;3.353433e-01;4.753445e-02;4.183080e-02
4.069549e-02;1.509466e-01;4.787046e-02;4.463012e-02;1.640937e-01;1.713436e-02;2.987040e-02;3.050274e-02;4.220939e-02;3.368627e-01;5.549262e-02;3.969140e-02
3.202380e-02;1.609237e-01;4.026628e-02;5.056232e-02;1.441729e-01;2.127459e-02;3.802185e-02;3.675739e-02;3.327887e-02;3.526567e-01;5.694843e-02;3.311311e-02
3.302932e-02;1.479775e-01;3.910201e-02;5.802850e-02;1.122885e-01;2.412639e-02;3.099765e-02;3.331727e-02;9.251169e-02;3.524372e-01;5.821282e-02;1.797115e-02
4.675548e-02;1.257360e-01;6.154786e-02;4.648509e-02;9.910187e-02;2.109147e-02;3.939523e-02;2.764089e-02;1.369614e-01;3.070708e-01;6.942546e-02;1.878846e-02
4.330865e-02;1.072295e-01;8.475646e-02;4.924056e-02;9.966316e-02;3.538132e-02;7.212738e-02;3.471979e-02;1.407962e-01;2.449851e-01;7.387614e-02;1.391576e-02
3.799580e-02;8.969007e-02;1.288171e-01;4.553299e-02;1.045650e-01;7.671855e-02;1.049439e-01;6.012155e-02;9.519173e-02;1.628219e-01;7.636639e-02;1.723495e-02
5.153903e-02;4.073754e-02;1.392675e-01;4.500884e-02;9.769374e-02;9.128743e-02;1.033658e-01;5.787972e-02;5.549740e-02;1.759036e-01;1.087221e-01;3.309725e-02
3.899585e-02;3.326212e-02;8.726843e-02;5.280425e-02;1.223554e-01;7.217722e-02;7.407327e-02;4.866713e-02;7.303002e-02;2.260069e-01;1.362672e-01;3.509221e-02
2.802165e-02;3.962995e-02;6.957945e-02;6.549384e-02;1.243435e-01;6.804262e-02;3.628160e-02;3.749928e-02;1.065178e-01;2.705599e-01;1.252078e-01;2.882262e-02
2.345528e-02;3.494778e-02;9.255727e-02;7.400443e-02;1.096897e-01;6.327543e-02;5.095037e-02;3.147150e-02;1.184662e-01;2.647236e-01;1.015568e-01;3.490157e-02
5.020128e-02;4.451118e-02;1.194822e-01;8.269842e-02;1.042384e-01;6.518948e-02;8.993728e-02;4.235263e-02;7.295436e-02;1.917479e-01;9.109124e-02;4.559562e-02
9.794385e-02;7.631447e-02;1.544296e-01;5.904131e-02;8.063125e-02;4.944574e-02;8.556292e-02;4.861338e-02;8.106854e-02;1.334692e-01;6.706444e-02;6.641542e-02
9.028498e-02;8.251000e-02;1.120966e-01;4.630876e-02;7.567672e-02;4.381584e-02;9.504274e-02;5.027054e-02;7.907569e-02;1.439439e-01;9.215008e-02;8.882417e-02
4.617214e-02;5.422683e-02;1.612772e-01;2.883973e-02;7.222737e-02;2.863788e-02;1.125500e-01;3.568498e-02;5.879308e-02;1.919363e-01;1.385840e-01;7.107049e-02
2.051814e-02;3.263568e-02;1.143529e-01;3.140460e-02;6.925453e-02;3.497004e-02;1.298564e-01;3.969673e-02;6.599038e-02;2.599888e-01;1.519078e-01;4.942406e-02
2.735098e-02;2.079602e-02;9.131448e-02;4.760043e-02;7.063509e-02;2.196636e-02;2.737958e-02;5.070027e-02;9.560315e-02;3.388191e-01;1.490373e-01;5.879726e-02
4.362050e-02;3.785163e-02;9.402636e-02;4.023642e-02;7.156797e-02;3.106112e-02;3.522385e-02;4.585762e-02;1.067631e-01;3.157800e-01;1.283363e-01;4.967521e-02
5.876624e-02;3.948963e-02;1.384173e-01;4.546990e-02;8.541220e-02;3.625206e-02;5.614585e-02;3.654556e-02;1.013816e-01;2.616179e-01;9.876740e-02;4.173440e-02
7.330543e-02;5.196254e-02;1.361375e-01;4.348557e-02;9.476645e-02;4.425362e-02;8.033254e-02;3.206354e-02;7.953791e-02;2.261426e-01;1.044772e-01;3.353508e-02
8.421464e-02;5.613241e-02;1.340815e-01;4.007604e-02;9.445531e-02;5.571846e-02;9.066333e-02;2.419483e-02;6.618106e-02;2.153961e-01;1.014232e-01;3.746314e-02
9.246989e-02;5.356761e-02;1.641178e-01;3.906270e-02;1.065918e-01;5.203028e-02;4.286686e-02;3.309401e-02;6.831460e-02;2.074609e-01;1.015177e-01;3.890579e-02
1.049429e-01;5.473186e-02;1.801241e-01;3.944337e-02;9.277228e-02;2.913998e-02;8.323714e-02;3.934334e-02;7.517073e-02;1.838282e-01;9.815900e-02;1.910721e-02
1.127043e-01;6.003533e-02;1.577286e-01;4.337960e-02;9.059035e-02;4.539397e-02;7.500125e-02;4.871956e-02;7.072061e-02;1.751204e-01;9.209545e-02;2.851062e-02
1.088497e-01;6.232112e-02;1.552721e-01;4.412806e-02;8.784503e-02;5.509607e-02;5.773244e-02;5.088629e-02;6.192002e-02;1.749832e-01;1.034171e-01;3.754890e-02
9.171890e-02;7.158031e-02;1.675066e-01;3.881649e-02;7.397338e-02;4.673258e-02;5.345713e-02;5.421283e-02;8.445359e-02;1.760485e-01;9.718251e-02;4.431719e-02
5.498666e-02;7.513313e-02;1.613297e-01;3.599321e-02;8.836322e-02;3.854749e-02;8.581021e-02;5.141144e-02;8.820134e-02;1.707233e-01;1.073246e-01;4.217571e-02
8.023018e-02;6.412497e-02;1.679443e-01;4.997145e-02;8.242361e-02;3.812366e-02;9.219485e-02;3.941950e-02;9.978783e-02;1.451589e-01;9.224952e-02;4.837121e-02
1.024231e-01;6.348778e-02;1.712739e-01;6.227624e-02;6.853733e-02;3.873731e-02;8.693399e-02;3.404596e-02;1.101717e-01;1.218807e-01;9.131870e-02;4.891325e-02
1.137231e-01;5.665008e-02;1.504944e-01;5.667530e-02;6.249791e-02;3.446401e-02;8.364014e-02;4.184202e-02;1.150036e-01;1.146626e-01;1.094260e-01;6.092091e-02
1.015163e-01;5.172598e-02;1.488309e-01;4.433740e-02;6.388038e-02;3.307033e-02;9.996894e-02;4.610411e-02;1.193001e-01;1.242464e-01;1.138061e-01;5.321291e-02
8.817896e-02;5.417564e-02;1.400984e-01;4.621292e-02;6.759665e-02;4.755697e-02;8.653866e-02;5.102979e-02;1.064569e-01;1.329256e-01;1.115812e-01;6.764833e-02
5.539395e-02;6.638134e-02;7.988230e-02;4.991633e-02;8.147481e-02;5.172564e-02;1.195074e-01;4.596861e-02;7.668895e-02;1.847752e-01;1.105819e-01;7.770357e-02
4.057159e-02;7.199024e-02;4.332050e-02;5.389629e-02;7.212453e-02;4.819683e-02;1.128741e-01;4.281114e-02;7.731815e-02;2.163533e-01;1.422530e-01;7.829037e-02
4.617561e-02;7.692823e-02;5.261340e-02;4.552018e-02;5.081837e-02;4.209376e-02;7.463333e-02;4.469429e-02;9.205469e-02;2.208947e-01;1.488981e-01;1.046753e-01
4.825637e-02;6.343945e-02;7.728920e-02;3.258083e-02;4.420340e-02;4.746300e-02;1.070776e-01;6.151122e-02;9.719851e-02;2.052011e-01;1.007028e-01;1.150765e-01
6.121398e-02;8.615986e-02;1.126866e-01;3.397310e-02;4.886326e-02;5.513944e-02;1.000758e-01;5.605260e-02;1.104532e-01;1.556141e-01;1.021511e-01;7.761698e-02
6.771181e-02;8.731224e-02;1.399870e-01;5.394784e-02;4.759532e-02;4.307922e-02;5.659568e-02;5.396987e-02;9.619037e-02;1.558924e-01;1.287989e-01;6.891926e-02
5.836272e-02;6.759679e-02;1.002251e-01;6.344078e-02;7.092232e-02;4.665763e-02;1.022279e-01;7.423366e-02;6.346862e-02;1.371495e-01;1.346358e-01;8.107926e-02
7.548037e-02;7.240181e-02;1.064291e-01;5.874121e-02;9.376585e-02;5.395192e-02;1.046451e-01;8.767466e-02;4.294401e-02;1.043862e-01;1.339426e-01;6.563719e-02
9.161840e-02;5.648512e-02;1.422981e-01;5.917350e-02;9.120605e-02;3.656841e-02;6.536295e-02;8.608007e-02;6.641214e-02;1.002308e-01;1.283737e-01;7.619070e-02
6.185258e-02;6.372731e-02;1.635483e-01;7.991769e-02;8.721143e-02;5.144627e-02;6.207848e-02;6.889845e-02;8.637980e-02;8.376174e-02;1.124079e-01;7.877011e-02
