5.842203e-02;8.412758e-02;1.115558e-01;6.748870e-02;7.036408e-02;9.583817e-02;4.070939e-02;2.034223e-01;5.448308e-02;9.406534e-02;4.637903e-02;7.314452e-02
5.507056e-02;5.725254e-02;8.159003e-02;1.072922e-01;5.214877e-02;9.018643e-02;2.616259e-02;2.119699e-01;6.957754e-02;9.736648e-02;7.749720e-02;7.388576e-02
4.253243e-02;6.487128e-02;9.980461e-02;1.253721e-01;7.734518e-02;6.785350e-02;4.639194e-02;1.405571e-01;8.471853e-02;4.590816e-02;1.160913e-01;8.855388e-02
6.802451e-02;4.885667e-02;1.021274e-01;8.080571e-02;8.292721e-02;7.605986e-02;7.451130e-02;1.135707e-01;8.399220e-02;1.000403e-01;7.161389e-02;9.747029e-02
6.813414e-02;6.839091e-02;8.752719e-02;7.059927e-02;7.302289e-02;9.758867e-02;8.734456e-02;1.033020e-01;7.931280e-02;1.067994e-01;8.311386e-02;7.486439e-02
6.542789e-02;7.171407e-02;8.191318e-02;6.628466e-02;6.733791e-02;1.029765e-01;9.212316e-02;1.013603e-01;7.983159e-02;1.108052e-01;9.069861e-02;6.952703e-02
6.904642e-02;6.560440e-02;7.228345e-02;5.985921e-02;5.442757e-02;1.211443e-01;9.503374e-02;9.965292e-02;8.045443e-02;1.082757e-01;9.730820e-02;7.690959e-02
7.669121e-02;5.097745e-02;9.702886e-02;7.549416e-02;4.024192e-02;1.285198e-01;1.123265e-01;9.477025e-02;7.512103e-02;7.553160e-02;9.418415e-02;7.911310e-02
8.754841e-02;5.432303e-02;1.060320e-01;6.847616e-02;5.290911e-02;8.617086e-02;1.092213e-01;8.448555e-02;8.569428e-02;7.477877e-02;1.114050e-01;7.895555e-02
1.017044e-01;8.185110e-02;1.037888e-01;4.602025e-02;6.225532e-02;8.298213e-02;8.534469e-02;1.027265e-01;7.736373e-02;8.814210e-02;1.000553e-01;6.776568e-02
1.141239e-01;1.009660e-01;1.226375e-01;5.680841e-02;6.296188e-02;9.746701e-02;6.920683e-02;1.158787e-01;5.606602e-02;8.555803e-02;6.253012e-02;5.579555e-02
1.029688e-01;1.047171e-01;1.131881e-01;6.171629e-02;4.724392e-02;1.121445e-01;9.676467e-02;8.621266e-02;5.871433e-02;6.938725e-02;9.051231e-02;5.643016e-02
8.870262e-02;9.628703e-02;8.816014e-02;4.227908e-02;5.566191e-02;1.110113e-01;9.525169e-02;1.186762e-01;6.851159e-02;7.373638e-02;7.901485e-02;8.270716e-02
7.657702e-02;6.060741e-02;9.244190e-02;3.000393e-02;7.200862e-02;1.164818e-01;4.737752e-02;1.624413e-01;1.007660e-01;5.170900e-02;8.328651e-02;1.062990e-01
5.882220e-02;6.423568e-02;8.377323e-02;3.389002e-02;6.335560e-02;9.712387e-02;5.989548e-02;1.394156e-01;1.216202e-01;8.918613e-02;1.331750e-01;5.550699e-02
6.997899e-02;7.085955e-02;1.092914e-01;5.529617e-02;5.816079e-02;4.850482e-02;7.650349e-02;1.428946e-01;9.497889e-02;9.138194e-02;1.332507e-01;4.889860e-02
6.157864e-02;6.729000e-02;1.094124e-01;8.087155e-02;6.770842e-02;8.314480e-02;8.038416e-02;1.003237e-01;1.121521e-01;8.205552e-02;1.008069e-01;5.427172e-02
1.233776e-01;1.067087e-01;8.710566e-02;9.087282e-02;1.027179e-01;1.128241e-01;8.516449e-02;7.058336e-02;3.945971e-02;3.192492e-02;6.317251e-02;8.608827e-02
1.049977e-01;1.209894e-01;8.908150e-02;7.517175e-02;1.087595e-01;1.214202e-01;7.079028e-02;6.103596e-02;4.985931e-02;4.001423e-02;5.498829e-02;1.028918e-01
8.880514e-02;1.262074e-01;9.646010e-02;6.573772e-02;9.761157e-02;1.107604e-01;5.692836e-02;7.683757e-02;5.918550e-02;5.742793e-02;6.318180e-02;1.008565e-01
6.445763e-02;1.246692e-01;1.175596e-01;6.731732e-02;7.593118e-02;1.214901e-01;4.072127e-02;9.904825e-02;6.838778e-02;6.800523e-02;6.935296e-02;8.305956e-02
5.855146e-02;1.070386e-01;1.334972e-01;6.684997e-02;8.864703e-02;1.781241e-01;2.012779e-02;7.642700e-02;6.637080e-02;5.946428e-02;6.233726e-02;8.256457e-02
5.852964e-02;7.620837e-02;1.246487e-01;4.791722e-02;9.683138e-02;2.445053e-01;1.365571e-02;4.798974e-02;6.308451e-02;5.124487e-02;7.325325e-02;1.021313e-01
5.881144e-02;7.547593e-02;1.125002e-01;3.218856e-02;9.282294e-02;2.960768e-01;1.939079e-02;3.473003e-02;6.509366e-02;3.515094e-02;9.754264e-02;8.021609e-02
4.802217e-02;7.024243e-02;9.775639e-02;2.479085e-02;1.095670e-01;3.039704e-01;1.886872e-02;4.674647e-02;6.692598e-02;2.590729e-02;1.065464e-01;8.065593e-02
3.966030e-02;5.933601e-02;8.080667e-02;4.215402e-02;1.237707e-01;2.944962e-01;2.387527e-02;4.181611e-02;6.743100e-02;1.639212e-02;9.192764e-02;1.183339e-01
3.262980e-02;5.622106e-02;7.355271e-02;5.881837e-02;1.101899e-01;2.770567e-01;2.743186e-02;5.591118e-02;7.313837e-02;2.261351e-02;7.347031e-02;1.389662e-01
2.898307e-02;7.507972e-02;1.005958e-01;8.567586e-02;7.389199e-02;2.362934e-01;3.855284e-02;9.498934e-02;6.855837e-02;2.960983e-02;5.949988e-02;1.082699e-01
2.889937e-02;9.209701e-02;1.214717e-01;1.153111e-01;6.996001e-02;1.665488e-01;4.242486e-02;1.356100e-01;7.864643e-02;6.180817e-02;4.533074e-02;4.189177e-02
3.167273e-02;6.596649e-02;7.522091e-02;1.058915e-01;6.426816e-02;1.638501e-01;9.433466e-02;1.294121e-01;8.705144e-02;1.063478e-01;2.903921e-02;4.694484e-02
2.824233e-02;4.014200e-02;6.144466e-02;7.322979e-02;6.437230e-02;1.496155e-01;2.569117e-01;8.929645e-02;6.230335e-02;1.067231e-01;2.430116e-02;4.341764e-02
1.921489e-02;4.024346e-02;5.930704e-02;5.560175e-02;7.837513e-02;1.575897e-01;3.147656e-01;9.296457e-02;5.928234e-02;9.593985e-02;8.895994e-03;1.781959e-02
1.191932e-02;4.680708e-02;4.719429e-02;3.060681e-02;8.745873e-02;1.883308e-01;3.220197e-01;9.222166e-02;5.977881e-02;9.793643e-02;7.889970e-03;7.836433e-03
1.096175e-02;7.377190e-02;5.284376e-02;2.502336e-02;8.246405e-02;1.520959e-01;3.773476e-01;7.677731e-02;6.100533e-02;6.565786e-02;9.468592e-03;1.258270e-02
7.545173e-03;1.061379e-01;5.051372e-02;2.658200e-02;5.929640e-02;1.374152e-01;3.582982e-01;6.262144e-02;7.262186e-02;9.026579e-02;1.170706e-02;1.699529e-02
2.356270e-02;1.036630e-01;4.191040e-02;3.611774e-02;6.472946e-02;2.572753e-01;2.042792e-01;6.689177e-02;7.907880e-02;9.102198e-02;1.667042e-02;1.479929e-02
3.253195e-02;8.123950e-02;5.422391e-02;3.199645e-02;5.875466e-02;3.209686e-01;1.315196e-01;9.455458e-02;9.759464e-02;5.442266e-02;2.158119e-02;2.061223e-02
5.228476e-02;1.096497e-01;8.014613e-02;3.269736e-02;5.422975e-02;2.586560e-01;1.243869e-01;1.078330e-01;7.555211e-02;5.883866e-02;2.521391e-02;2.051162e-02
6.853463e-02;1.350698e-01;8.271584e-02;3.145176e-02;6.999096e-02;2.199550e-01;7.723696e-02;1.041113e-01;7.634182e-02;7.097626e-02;3.267067e-02;3.094506e-02
5.080547e-02;1.255621e-01;1.083290e-01;2.554247e-02;5.414758e-02;1.658828e-01;8.344188e-02;1.195323e-01;6.211385e-02;6.251195e-02;6.445222e-02;7.767843e-02
5.063802e-02;1.259250e-01;1.056364e-01;3.367821e-02;5.014693e-02;1.298032e-01;9.381709e-02;1.326823e-01;4.907842e-02;4.958069e-02;8.601705e-02;9.299668e-02
4.550162e-02;1.395704e-01;1.221008e-01;4.032697e-02;5.334849e-02;1.596830e-01;7.458642e-02;1.225963e-01;4.549818e-02;4.290380e-02;8.065859e-02;7.322547e-02
6.263792e-02;1.197363e-01;8.859116e-02;4.291232e-02;4.581261e-02;3.214262e-01;2.979045e-02;1.228209e-01;4.921672e-02;4.381171e-02;3.837740e-02;3.486638e-02
1.208653e-01;8.241981e-02;3.195604e-02;2.469293e-02;5.007390e-02;4.188473e-01;2.023672e-02;1.230754e-01;3.876967e-02;5.151986e-02;1.509870e-02;2.244433e-02
1.592596e-01;5.634210e-02;2.180824e-02;3.148704e-02;8.487881e-02;3.946573e-01;2.297635e-02;1.078219e-01;2.905607e-02;5.506610e-02;1.038548e-02;2.626089e-02
1.538710e-01;6.239857e-02;3.320514e-02;7.139955e-02;1.046156e-01;3.414367e-01;2.405176e-02;8.967765e-02;2.360353e-02;5.642605e-02;8.242931e-03;3.107143e-02
1.169193e-01;9.437694e-02;5.217300e-02;1.107436e-01;8.972846e-02;2.905214e-01;2.926300e-02;7.719740e-02;2.496785e-02;4.878116e-02;9.224344e-03;5.610356e-02
6.615433e-02;1.496876e-01;1.127823e-01;1.075318e-01;4.519522e-02;2.365048e-01;4.793261e-02;8.680263e-02;2.450083e-02;2.971141e-02;1.069168e-02;8.250482e-02
3.648516e-02;2.497278e-01;1.136008e-01;4.903827e-02;2.092415e-02;2.090484e-01;7.774971e-02;1.117499e-01;3.024719e-02;1.847444e-02;2.302952e-02;5.992460e-02
2.075722e-02;3.126051e-01;9.468591e-02;1.836331e-02;3.891657e-02;1.954651e-01;8.371805e-02;1.293528e-01;3.534312e-02;1.615612e-02;3.939487e-02;1.524173e-02
4.147173e-02;2.997578e-01;1.097608e-01;1.639502e-02;6.569768e-02;1.638629e-01;7.314321e-02;1.347082e-01;2.926660e-02;1.202225e-02;4.719801e-02;6.715756e-03
7.409576e-02;2.493348e-01;1.295891e-01;3.118772e-02;7.893745e-02;1.212106e-01;5.759939e-02;1.416832e-01;3.592997e-02;1.677369e-02;4.369742e-02;1.996099e-02
7.973051e-02;2.051147e-01;1.328001e-01;3.841539e-02;6.836320e-02;1.323215e-01;5.775430e-02;1.347380e-01;4.997388e-02;2.293555e-02;3.898190e-02;3.887094e-02
5.869515e-02;1.565982e-01;1.317622e-01;4.172934e-02;5.060558e-02;1.735455e-01;5.323758e-02;1.375091e-01;5.253129e-02;4.295370e-02;4.201745e-02;5.881481e-02
3.177571e-02;1.478203e-01;1.058991e-01;5.115338e-02;3.769106e-02;1.385687e-01;4.258252e-02;1.508106e-01;4.882891e-02;6.977680e-02;7.075851e-02;1.043343e-01
3.197979e-02;1.945536e-01;1.031359e-01;2.389360e-02;4.832172e-02;1.271138e-01;7.921672e-02;1.223822e-01;5.008714e-02;4.222548e-02;1.052828e-01;7.180731e-02
4.877383e-02;2.238737e-01;1.078716e-01;1.324405e-02;5.268482e-02;1.408528e-01;9.061063e-02;1.019268e-01;4.512489e-02;2.148049e-02;1.322937e-01;2.126267e-02
5.042620e-02;2.317756e-01;1.252420e-01;1.696265e-02;4.975870e-02;1.218195e-01;8.622771e-02;8.996235e-02;4.729910e-02;1.612315e-02;1.439578e-01;2.044538e-02
4.572155e-02;2.314768e-01;1.326705e-01;3.185696e-02;5.703215e-02;9.188815e-02;7.170106e-02;9.364170e-02;5.524072e-02;2.332810e-02;1.392123e-01;2.623002e-02
5.746393e-02;2.135066e-01;1.290911e-01;5.471100e-02;6.963691e-02;8.824903e-02;5.155050e-02;1.001978e-01;5.494930e-02;3.265695e-02;1.248072e-01;2.317967e-02
7.171802e-02;1.709159e-01;1.115595e-01;7.171168e-02;7.123800e-02;1.044983e-01;4.037360e-02;1.174926e-01;4.498717e-02;3.811352e-02;1.006086e-01;5.678311e-02
2.972303e-02;1.500402e-01;1.107000e-01;8.257560e-02;6.285916e-02;1.028050e-01;7.257094e-02;1.468844e-01;9.218342e-02;5.167359e-02;4.903663e-02;4.894796e-02
3.349246e-02;1.848175e-01;1.029402e-01;6.164636e-02;3.914788e-02;9.407941e-02;7.216606e-02;1.582306e-01;1.022860e-01;5.227836e-02;5.634118e-02;4.257404e-02
3.359686e-02;1.740311e-01;1.225053e-01;7.090048e-02;8.387458e-02;1.329459e-01;6.906815e-02;1.283350e-01;7.805131e-02;2.915032e-02;4.702516e-02;3.051584e-02
2.786999e-02;1.730704e-01;1.214118e-01;6.968051e-02;1.098951e-01;1.433455e-01;6.017883e-02;1.135738e-01;7.874371e-02;3.730861e-02;3.455056e-02;3.037131e-02
3.772555e-02;1.671591e-01;1.309697e-01;6.982402e-02;8.612676e-02;1.113261e-01;5.900227e-02;1.434716e-01;7.276661e-02;4.783707e-02;3.141557e-02;4.237568e-02
5.691788e-02;1.103919e-01;1.050743e-01;6.810851e-02;1.008761e-01;9.577081e-02;7.113980e-02;1.871337e-01;6.385358e-02;5.045199e-02;4.826679e-02;4.201466e-02
7.680527e-02;1.358521e-01;1.064095e-01;5.147163e-02;5.389730e-02;1.087808e-01;5.186221e-02;1.753212e-01;8.022656e-02;6.766847e-02;5.139833e-02;4.030658e-02
7.122818e-02;1.082173e-01;1.169297e-01;3.361005e-02;3.007601e-02;1.030723e-01;7.118984e-02;1.598369e-01;1.049702e-01;7.728501e-02;5.622924e-02;6.735541e-02
6.029955e-02;1.535195e-01;1.285386e-01;3.295192e-02;2.312863e-02;8.927247e-02;7.710831e-02;1.466725e-01;1.105909e-01;7.129981e-02;4.428067e-02;6.233711e-02
4.254498e-02;2.096498e-01;1.250781e-01;2.648843e-02;1.886076e-02;1.000705e-01;9.184233e-02;1.181585e-01;9.081322e-02;5.037088e-02;8.039613e-02;4.572640e-02
3.063033e-02;2.525953e-01;9.412178e-02;1.397448e-02;2.444716e-02;1.430077e-01;1.087231e-01;1.226453e-01;5.890822e-02;1.735045e-02;1.134215e-01;2.017460e-02
3.260987e-02;2.781456e-01;7.682344e-02;1.371495e-02;2.483149e-02;1.544420e-01;1.057115e-01;1.341512e-01;5.579368e-02;1.130586e-02;9.637374e-02;1.609677e-02
3.196397e-02;3.080496e-01;5.373431e-02;1.457922e-02;2.043166e-02;1.680654e-01;1.082132e-01;1.442558e-01;4.694850e-02;1.112303e-02;7.632983e-02;1.630552e-02
3.751934e-02;3.095782e-01;3.399050e-02;1.422757e-02;2.106078e-02;1.825525e-01;1.045763e-01;1.605365e-01;4.948439e-02;1.671562e-02;6.065166e-02;9.106598e-03
3.741551e-02;2.945091e-01;4.754722e-02;1.202858e-02;1.998616e-02;2.076787e-01;9.804994e-02;1.717437e-01;4.359122e-02;1.242717e-02;4.078458e-02;1.423820e-02
3.729469e-02;2.525559e-01;4.735323e-02;1.520803e-02;1.705828e-02;2.646560e-01;8.435831e-02;1.843988e-01;4.223105e-02;7.888672e-03;2.141908e-02;2.557793e-02
3.618258e-02;1.995995e-01;2.622385e-02;2.081598e-02;1.538968e-02;3.270656e-01;7.867643e-02;1.841619e-01;4.756425e-02;1.441394e-02;1.543710e-02;3.446929e-02
3.689355e-02;1.361234e-01;5.211434e-02;2.897861e-02;1.998898e-02;3.928946e-01;5.637991e-02;1.551949e-01;5.152695e-02;2.308693e-02;1.770763e-02;2.911028e-02
4.872208e-02;8.434413e-02;4.746807e-02;2.810005e-02;2.707166e-02;4.605922e-01;3.280334e-02;1.562096e-01;5.311119e-02;3.072770e-02;1.555645e-02;1.529346e-02
4.433073e-02;1.032704e-01;4.322470e-02;2.596534e-02;2.280968e-02;4.389184e-01;2.641987e-02;1.982677e-01;5.107858e-02;2.919977e-02;8.069787e-03;8.445089e-03
1.851649e-02;1.105723e-01;2.982998e-02;2.597647e-02;2.857173e-02;4.728340e-01;3.328311e-02;1.858327e-01;4.351219e-02;2.812128e-02;1.513113e-02;7.818653e-03
2.477231e-02;1.508678e-01;6.569674e-02;2.447114e-02;3.041732e-02;4.552604e-01;2.977823e-02;1.185187e-01;3.857461e-02;2.938564e-02;1.551143e-02;1.674570e-02
2.803997e-02;1.679790e-01;6.733908e-02;1.577648e-02;3.283788e-02;4.320613e-01;2.180293e-02;1.404067e-01;3.453126e-02;3.079590e-02;1.240488e-02;1.602460e-02
3.050030e-02;1.539621e-01;5.997593e-02;1.598133e-02;3.862046e-02;4.267295e-01;2.949254e-02;1.562333e-01;3.245802e-02;3.275487e-02;1.220503e-02;1.108670e-02
3.274980e-02;1.491446e-01;9.192327e-02;1.712212e-02;2.774440e-02;3.770022e-01;3.510740e-02;1.654316e-01;4.347019e-02;3.005170e-02;2.121571e-02;9.036916e-03
2.335572e-02;1.338304e-01;7.975378e-02;1.984037e-02;2.618306e-02;2.805114e-01;4.906619e-02;2.217155e-01;9.418309e-02;2.453386e-02;3.074700e-02;1.627965e-02
1.593509e-02;9.468900e-02;4.629535e-02;2.510642e-02;2.323476e-02;1.862431e-01;7.821090e-02;3.313369e-01;1.284424e-01;2.137963e-02;3.836120e-02;1.076523e-02
1.082303e-02;5.976553e-02;5.710057e-02;2.644029e-02;2.224364e-02;1.677044e-01;1.125332e-01;3.628761e-01;1.157177e-01;1.484049e-02;4.402012e-02;5.934954e-03
1.706166e-02;5.396361e-02;5.033558e-02;2.598788e-02;3.733756e-02;2.199233e-01;1.167697e-01;3.241954e-01;9.773748e-02;1.009010e-02;3.826158e-02;8.336156e-03
1.688144e-02;6.914983e-02;3.388645e-02;2.024967e-02;4.378331e-02;2.395201e-01;1.206829e-01;3.093305e-01;9.062565e-02;1.183793e-02;3.637973e-02;7.672580e-03
1.363311e-02;7.347966e-02;3.257119e-02;1.877465e-02;3.621749e-02;2.211080e-01;1.235319e-01;3.203227e-01;9.142088e-02;2.233639e-02;3.911294e-02;7.491203e-03
2.222376e-02;6.891828e-02;6.041155e-02;2.344012e-02;3.668559e-02;2.447478e-01;9.950134e-02;2.855243e-01;7.562777e-02;3.119895e-02;4.070501e-02;1.101553e-02
5.481236e-02;5.133392e-02;8.254373e-02;2.839937e-02;4.455133e-02;2.600668e-01;8.471940e-02;2.423967e-01;7.039865e-02;3.474876e-02;9.807864e-03;3.622110e-02
7.078578e-02;7.345131e-02;1.016255e-01;8.342213e-02;6.365822e-02;1.555152e-01;4.482478e-02;1.860529e-01;6.345437e-02;2.296983e-02;6.911539e-02;6.512463e-02
5.354608e-02;8.649055e-02;8.213446e-02;1.114289e-01;1.005440e-01;1.277839e-01;8.916041e-02;1.450237e-01;6.055020e-02;1.673398e-02;7.007141e-02;5.653242e-02
2.858686e-02;9.459098e-02;4.499494e-02;7.754479e-02;9.537389e-02;1.706115e-01;1.632417e-01;1.373951e-01;6.880856e-02;2.581474e-02;6.349900e-02;2.953794e-02
2.529002e-02;1.123639e-01;3.168508e-02;4.063411e-02;5.192396e-02;1.787138e-01;1.836202e-01;1.529084e-01;8.536647e-02;3.131421e-02;9.220660e-02;1.397315e-02
3.664868e-02;1.169346e-01;3.382492e-02;3.611641e-02;1.157894e-01;1.455623e-01;1.351138e-01;1.521065e-01;7.923830e-02;2.230633e-02;1.062678e-01;2.009084e-02
4.697837e-02;1.115144e-01;3.526735e-02;3.361114e-02;1.770863e-01;1.283329e-01;1.075144e-01;1.469796e-01;6.529632e-02;1.334044e-02;9.427360e-02;3.980502e-02
3.659979e-02;9.888049e-02;4.660247e-02;4.677719e-02;1.935465e-01;1.389832e-01;1.079706e-01;1.395562e-01;5.414660e-02;8.874916e-03;8.202408e-02;4.603799e-02
1.784846e-02;6.633683e-02;4.793539e-02;6.093576e-02;2.441892e-01;1.202689e-01;9.642426e-02;1.669810e-01;6.423764e-02;9.825204e-03;7.662238e-02;2.839506e-02
1.577223e-02;5.404148e-02;4.774519e-02;6.809454e-02;2.448624e-01;9.719191e-02;7.225987e-02;2.139605e-01;9.400177e-02;9.087639e-03;7.238870e-02;1.059382e-02
1.987531e-02;6.158074e-02;5.620102e-02;5.383348e-02;1.759143e-01;1.619109e-01;5.731394e-02;2.380184e-01;9.738912e-02;1.512379e-02;4.919310e-02;1.364592e-02
1.681416e-02;4.533734e-02;4.433826e-02;3.507955e-02;1.336364e-01;2.749746e-01;5.941444e-02;2.381202e-01;8.165341e-02;2.563325e-02;2.709783e-02;1.790055e-02
1.112105e-02;6.212307e-02;4.146294e-02;3.799726e-02;9.724326e-02;3.232158e-01;4.365382e-02;2.176868e-01;1.015921e-01;1.597047e-02;2.945557e-02;1.847783e-02
2.749788e-02;4.484976e-02;4.649989e-02;2.953895e-02;4.185859e-02;2.691659e-01;5.522681e-02;2.568976e-01;1.030985e-01;3.723913e-02;2.497824e-02;6.314869e-02
5.762625e-02;4.034367e-02;4.454430e-02;2.879800e-02;4.562620e-02;1.541796e-01;5.450245e-02;2.236374e-01;1.213575e-01;9.832902e-02;4.353539e-02;8.752030e-02
7.674215e-02;4.784605e-02;4.410970e-02;3.510540e-02;7.557391e-02;9.210519e-02;6.355785e-02;1.771721e-01;1.281725e-01;1.158175e-01;4.560351e-02;9.819420e-02
7.384573e-02;6.071515e-02;3.754928e-02;3.272680e-02;9.284580e-02;1.048804e-01;6.827096e-02;1.332410e-01;1.291679e-01;7.953434e-02;4.374067e-02;1.434820e-01
4.887870e-02;1.056478e-01;6.839171e-02;1.833993e-02;9.255532e-02;1.443740e-01;4.997103e-02;1.191466e-01;1.280216e-01;3.190108e-02;6.153351e-02;1.312387e-01
2.133967e-02;1.413945e-01;9.649858e-02;1.577505e-02;6.888510e-02;1.650705e-01;2.724748e-02;2.148937e-01;1.047641e-01;3.174902e-02;4.878500e-02;6.359722e-02
1.373546e-02;1.157332e-01;7.939621e-02;1.808133e-02;6.638747e-02;2.357328e-01;2.498876e-02;2.521209e-01;9.504709e-02;2.090307e-02;4.389768e-02;3.397596e-02
1.275657e-02;9.134975e-02;2.552213e-02;2.016834e-02;8.840273e-02;2.931398e-01;3.317857e-02;2.827033e-01;7.932999e-02;7.442857e-03;4.950193e-02;1.650406e-02
2.052103e-02;9.475863e-02;3.636482e-02;2.756862e-02;7.615797e-02;2.443319e-01;4.955093e-02;2.858819e-01;8.046206e-02;2.131292e-02;4.401537e-02;1.907383e-02
2.846651e-02;9.807467e-02;5.230267e-02;3.487244e-02;6.448737e-02;2.075437e-01;2.792499e-02;3.190162e-01;1.036655e-01;1.769237e-02;2.745374e-02;1.849985e-02
2.676238e-02;8.932466e-02;7.303775e-02;2.288258e-02;6.248052e-02;2.766447e-01;5.552066e-02;2.226543e-01;7.635149e-02;3.774902e-02;2.414140e-02;3.245048e-02
3.791060e-02;1.058330e-01;1.120488e-01;5.389430e-02;4.463025e-02;2.418127e-01;6.349427e-02;1.603205e-01;6.769937e-02;5.327996e-02;3.539057e-02;2.368568e-02
4.959389e-02;1.289664e-01;1.039800e-01;5.787198e-02;4.605093e-02;2.467088e-01;6.993326e-02;1.568332e-01;4.763012e-02;5.444894e-02;2.235523e-02;1.562720e-02
5.932378e-02;1.418314e-01;9.758413e-02;4.007820e-02;4.558489e-02;2.797723e-01;5.595330e-02;1.717727e-01;2.609898e-02;4.755978e-02;1.609976e-02;1.834076e-02
6.631819e-02;1.283157e-01;8.908032e-02;3.060591e-02;4.203729e-02;3.251816e-01;3.938595e-02;1.837075e-01;1.858741e-02;3.408010e-02;2.819632e-02;1.450371e-02
5.619522e-02;6.826702e-02;9.492121e-02;3.744629e-02;6.968910e-02;3.262133e-01;4.495975e-02;1.463132e-01;4.878883e-02;2.368767e-02;4.564407e-02;3.787441e-02
4.459699e-02;3.827598e-02;1.117432e-01;2.945248e-02;1.086535e-01;3.218631e-01;2.863013e-02;8.161999e-02;6.982742e-02;3.545131e-02;6.658884e-02;6.329707e-02
3.963461e-02;3.870302e-02;1.132943e-01;3.839047e-02;1.409771e-01;2.710530e-01;3.070477e-02;3.102682e-02;1.169214e-01;3.097884e-02;6.405177e-02;8.426392e-02
2.105304e-02;2.917091e-02;8.925934e-02;6.997639e-02;1.846721e-01;1.899360e-01;4.152140e-02;3.489218e-02;1.570201e-01;3.130200e-02;4.483164e-02;1.063648e-01
1.528593e-02;2.471044e-02;7.670148e-02;8.647306e-02;2.184849e-01;1.508252e-01;4.181257e-02;3.718386e-02;1.681135e-01;2.400343e-02;3.392763e-02;1.224781e-01
1.717809e-02;1.948634e-02;7.415086e-02;9.714331e-02;2.199698e-01;1.468673e-01;5.508959e-02;2.420366e-02;1.455911e-01;1.277910e-02;6.363057e-02;1.239103e-01
1.910572e-02;2.523622e-02;6.691715e-02;1.163309e-01;2.086867e-01;1.487674e-01;6.594673e-02;3.667442e-02;1.171241e-01;2.007014e-02;5.441058e-02;1.207299e-01
1.685709e-02;4.174555e-02;6.409062e-02;1.218303e-01;1.968962e-01;1.375665e-01;6.787911e-02;5.556947e-02;1.023214e-01;2.338249e-02;4.832941e-02;1.235319e-01
2.358929e-02;7.345298e-02;8.513979e-02;9.599634e-02;1.594979e-01;1.507310e-01;5.674709e-02;5.006196e-02;8.419415e-02;5.325629e-02;6.729213e-02;1.000411e-01
2.800692e-02;8.219262e-02;1.044906e-01;7.812163e-02;1.200923e-01;1.890180e-01;4.354988e-02;9.491654e-02;8.899643e-02;6.970827e-02;3.749178e-02;6.341501e-02
2.828478e-02;7.404352e-02;9.731283e-02;6.413186e-02;8.384196e-02;2.384811e-01;3.191215e-02;1.340879e-01;9.967952e-02;5.747778e-02;5.872795e-02;3.201866e-02
3.236469e-02;6.235464e-02;1.101668e-01;5.234426e-02;4.811929e-02;3.060069e-01;3.718385e-02;1.415024e-01;5.875468e-02;4.059602e-02;8.836125e-02;2.224532e-02
3.014681e-02;7.695770e-02;1.155513e-01;5.808045e-02;6.864195e-02;2.479220e-01;6.012509e-02;1.579044e-01;3.537896e-02;4.339613e-02;5.751405e-02;4.838115e-02
2.512562e-02;6.143849e-02;1.040738e-01;4.879803e-02;9.253012e-02;2.395762e-01;6.303614e-02;1.271756e-01;7.527395e-02;4.411421e-02;4.254540e-02;7.631256e-02
1.955385e-02;5.933916e-02;1.278415e-01;4.256871e-02;8.683121e-02;3.015855e-01;6.690513e-02;9.405503e-02;6.421389e-02;2.950609e-02;2.529982e-02;8.230000e-02
1.537873e-02;7.031770e-02;1.444264e-01;4.305942e-02;7.502263e-02;3.579535e-01;6.958839e-02;5.253786e-02;3.424447e-02;1.719881e-02;3.777731e-02;8.249482e-02
1.346175e-02;5.341181e-02;1.343343e-01;4.126969e-02;9.339329e-02;3.753275e-01;8.426501e-02;4.076241e-02;4.070581e-02;1.232970e-02;3.344459e-02;7.729410e-02
1.589455e-02;4.658091e-02;1.085428e-01;3.611043e-02;1.159901e-01;3.466501e-01;1.130300e-01;6.660218e-02;4.547182e-02;1.258632e-02;1.687846e-02;7.566234e-02
1.397879e-02;4.498478e-02;1.071845e-01;3.778095e-02;1.190599e-01;2.850424e-01;1.535272e-01;6.366436e-02;7.712679e-02;1.055631e-02;1.449341e-02;7.260065e-02
1.323417e-02;2.866007e-02;8.663957e-02;4.107936e-02;1.194313e-01;3.112837e-01;1.600616e-01;6.336494e-02;9.019011e-02;6.853325e-03;1.206514e-02;6.713672e-02
1.733311e-02;1.962706e-02;8.630788e-02;4.577651e-02;1.192833e-01;3.293239e-01;1.466462e-01;5.788049e-02;8.464187e-02;1.222993e-02;1.042030e-02;7.052938e-02
1.441722e-02;1.631803e-02;9.196793e-02;4.762411e-02;1.168124e-01;3.497445e-01;1.158774e-01;5.955020e-02;9.833997e-02;1.032099e-02;1.318159e-02;6.584559e-02
1.419020e-02;2.371111e-02;1.180472e-01;4.344669e-02;9.912275e-02;4.027320e-01;7.457846e-02;4.245111e-02;9.049421e-02;1.765312e-02;1.674709e-02;5.682597e-02
1.533323e-02;2.934976e-02;1.366576e-01;3.021244e-02;7.749147e-02;4.109612e-01;5.556901e-02;7.386117e-02;8.533183e-02;1.699790e-02;1.890794e-02;4.932644e-02
2.551519e-02;4.706074e-02;1.435187e-01;3.488298e-02;5.041549e-02;2.754884e-01;6.683571e-02;1.606164e-01;1.089792e-01;2.361288e-02;2.386421e-02;3.921013e-02
2.512327e-02;6.468716e-02;1.206289e-01;4.771326e-02;5.081099e-02;2.094396e-01;6.546929e-02;2.101277e-01;1.269698e-01;3.261434e-02;2.169692e-02;2.471880e-02
1.108168e-02;3.279616e-02;6.091447e-02;2.927222e-02;5.830966e-02;5.263621e-01;4.015718e-02;1.056999e-01;8.185343e-02;2.705217e-02;1.568184e-02;1.081922e-02
7.784581e-03;2.120594e-02;4.991569e-02;1.997925e-02;6.211868e-02;6.073195e-01;2.503603e-02;1.094788e-01;4.611683e-02;2.724844e-02;1.251964e-02;1.127659e-02
1.101732e-02;2.402064e-02;7.187004e-02;2.154372e-02;6.376301e-02;5.716509e-01;2.603609e-02;9.498179e-02;4.192042e-02;4.210414e-02;1.128073e-02;1.981111e-02
1.681392e-02;4.782871e-02;1.073484e-01;2.873990e-02;4.993083e-02;4.341882e-01;6.669110e-02;7.262249e-02;8.124682e-02;6.369355e-02;8.612047e-03;2.228403e-02
1.045675e-02;4.899750e-02;8.724127e-02;2.315253e-02;3.997947e-02;3.345250e-01;1.026828e-01;9.523991e-02;1.459324e-01;8.187040e-02;9.001853e-03;2.092018e-02
1.162175e-02;3.470664e-02;5.681784e-02;2.930261e-02;6.971929e-02;3.205905e-01;7.582346e-02;9.992643e-02;1.564413e-01;1.046925e-01;1.484391e-02;2.551387e-02
2.997939e-02;3.514052e-02;6.948605e-02;4.977104e-02;8.601476e-02;3.387771e-01;3.678992e-02;1.188270e-01;1.266060e-01;6.480654e-02;2.122333e-02;2.257827e-02
3.180403e-02;4.558752e-02;9.610476e-02;4.207823e-02;5.550510e-02;4.507018e-01;2.318078e-02;1.413401e-01;6.612277e-02;1.544182e-02;1.528456e-02;1.684848e-02
1.406144e-02;4.522446e-02;1.126677e-01;6.007548e-02;4.584394e-02;4.346621e-01;3.119795e-02;1.516907e-01;6.125944e-02;1.272963e-02;9.877158e-03;2.071001e-02
1.918598e-02;5.882996e-02;1.067907e-01;4.547742e-02;5.782487e-02;3.557942e-01;5.973337e-02;1.765294e-01;6.129230e-02;1.660991e-02;1.915554e-02;2.277643e-02
2.488087e-02;9.298892e-02;9.988198e-02;2.631553e-02;6.582749e-02;2.900953e-01;7.469175e-02;1.920951e-01;6.323184e-02;2.339779e-02;2.542353e-02;2.117000e-02
3.770191e-02;7.170095e-02;1.054895e-01;4.721465e-02;7.182406e-02;2.525485e-01;5.992474e-02;1.902765e-01;7.958485e-02;2.949576e-02;2.039001e-02;3.384863e-02
3.668611e-02;5.411153e-02;1.046601e-01;5.276735e-02;6.312238e-02;3.376380e-01;2.851938e-02;1.591734e-01;7.631610e-02;2.832013e-02;1.288937e-02;4.579617e-02
2.622743e-02;5.160388e-02;8.644374e-02;7.348975e-02;2.923639e-02;3.487194e-01;3.387176e-02;2.046828e-01;6.220374e-02;3.221314e-02;1.608552e-02;3.522240e-02
2.055171e-02;4.420567e-02;9.501711e-02;7.357254e-02;4.016318e-02;3.404564e-01;2.920430e-02;1.940805e-01;6.471535e-02;3.495413e-02;1.780380e-02;4.527528e-02
2.342000e-02;4.922556e-02;7.136204e-02;6.089669e-02;7.540401e-02;2.567852e-01;4.341018e-02;2.206755e-01;6.732515e-02;2.635657e-02;3.680049e-02;6.833863e-02
2.948686e-02;6.105468e-02;8.823858e-02;3.789447e-02;7.183691e-02;2.021671e-01;6.987340e-02;2.313197e-01;9.510319e-02;3.226456e-02;3.861238e-02;4.214815e-02
3.582321e-02;7.708982e-02;8.862460e-02;3.611543e-02;5.706483e-02;2.619450e-01;4.262215e-02;2.126860e-01;1.197749e-01;2.733411e-02;1.926682e-02;2.165313e-02
4.493833e-02;8.989603e-02;7.185344e-02;3.752154e-02;6.576303e-02;3.014050e-01;2.420325e-02;1.937180e-01;9.706043e-02;1.872662e-02;2.584094e-02;2.907341e-02
4.368584e-02;9.644575e-02;7.165760e-02;5.826140e-02;8.380503e-02;2.718296e-01;3.487992e-02;1.578766e-01;7.284149e-02;2.397100e-02;3.725241e-02;4.749345e-02
