2.861227e-02;5.977555e-02;9.116557e-02;3.254456e-02;2.644854e-02;2.557128e-01;1.298963e-01;7.944644e-02;1.174666e-01;3.923322e-02;7.554413e-02;6.415396e-02
3.276863e-02;6.338120e-02;8.787561e-02;3.011488e-02;2.981772e-02;2.449866e-01;5.804262e-02;9.678767e-02;1.451720e-01;4.260143e-02;9.232779e-02;7.612389e-02
3.183964e-02;6.561172e-02;8.190370e-02;3.190565e-02;4.704530e-02;2.199078e-01;4.235659e-02;1.201034e-01;1.689183e-01;5.573720e-02;7.482259e-02;5.984810e-02
2.372118e-02;5.944401e-02;8.189876e-02;2.525065e-02;6.905861e-02;1.375321e-01;6.091115e-02;1.682360e-01;2.159009e-01;6.981122e-02;4.089529e-02;4.734018e-02
2.199339e-02;6.913706e-02;7.357503e-02;2.311233e-02;9.831661e-02;3.134507e-02;6.659113e-02;1.861291e-01;2.642180e-01;8.731222e-02;3.474191e-02;4.352821e-02
1.752279e-02;6.830297e-02;6.978699e-02;3.901349e-02;1.063016e-01;5.927901e-02;5.321660e-02;1.513733e-01;2.491502e-01;1.099823e-01;4.511289e-02;3.095786e-02
2.372125e-02;4.622310e-02;8.053837e-02;6.104184e-02;8.958656e-02;7.170438e-02;4.899826e-02;1.793827e-01;2.497149e-01;9.706312e-02;3.122842e-02;2.079714e-02
4.008237e-02;6.189297e-02;6.458187e-02;6.046918e-02;7.311404e-02;5.782105e-02;5.321614e-02;1.935114e-01;2.583608e-01;7.467294e-02;3.140921e-02;3.086800e-02
4.174345e-02;7.581085e-02;7.164747e-02;4.253099e-02;4.651598e-02;1.055518e-01;5.002194e-02;1.863758e-01;2.512971e-01;5.393235e-02;4.328490e-02;3.128737e-02
2.717927e-02;8.297440e-02;4.805575e-02;3.406063e-02;4.023546e-02;1.206068e-01;4.755871e-02;2.713149e-01;2.035466e-01;6.213073e-02;4.818897e-02;1.414771e-02
3.414283e-02;6.580342e-02;4.086972e-02;6.123582e-02;5.213924e-02;1.291559e-01;5.163248e-02;2.740885e-01;1.981611e-01;4.350046e-02;3.555916e-02;1.371142e-02
2.811231e-02;4.582183e-02;5.082629e-02;9.615690e-02;8.080950e-02;1.004000e-01;4.449159e-02;2.449904e-01;2.081087e-01;3.417768e-02;4.504084e-02;2.106402e-02
4.414926e-02;9.599262e-02;8.132467e-02;8.401828e-02;1.403678e-01;1.402852e-01;4.231882e-02;1.219521e-01;1.479559e-01;4.632844e-02;2.604130e-02;2.926560e-02
5.087752e-02;1.117758e-01;1.220296e-01;4.404236e-02;1.128994e-01;2.055246e-01;6.078362e-02;6.148511e-02;6.248704e-02;4.290517e-02;8.152635e-02;4.366347e-02
3.434001e-02;7.848493e-02;1.636666e-01;3.103747e-02;7.609353e-02;2.599214e-01;7.655314e-02;4.004178e-02;4.415096e-02;3.568737e-02;1.163362e-01;4.368665e-02
1.876157e-02;5.507605e-02;2.107534e-01;2.182050e-02;2.575595e-02;2.895584e-01;1.225424e-01;2.518476e-02;3.121768e-02;2.126371e-02;1.370911e-01;4.097446e-02
2.203104e-02;3.316854e-02;2.385961e-01;2.395834e-02;2.098417e-02;2.718992e-01;1.608873e-01;1.377433e-02;3.012935e-02;1.997302e-02;1.438566e-01;2.074194e-02
3.177994e-02;3.126202e-02;2.035912e-01;1.650200e-02;3.366578e-02;2.437440e-01;1.689685e-01;2.458479e-02;2.375853e-02;2.466875e-02;1.689600e-01;2.851447e-02
2.769984e-02;3.116780e-02;1.626963e-01;1.437346e-02;3.710924e-02;3.026954e-01;1.229217e-01;1.989815e-02;2.422941e-02;1.855119e-02;2.173554e-01;2.130206e-02
1.730974e-02;2.041880e-02;1.478331e-01;1.033251e-02;1.935885e-02;3.655781e-01;7.800586e-02;1.216810e-02;3.260515e-02;3.069022e-02;2.435499e-01;2.214959e-02
1.703545e-02;1.985828e-02;1.704246e-01;1.042064e-02;6.663323e-03;3.851407e-01;7.088470e-02;1.570165e-02;3.421620e-02;4.242717e-02;2.093091e-01;1.791811e-02
1.101282e-02;1.727512e-02;2.011436e-01;8.394391e-03;2.007806e-02;3.827655e-01;8.092251e-02;2.051212e-02;4.815786e-02;4.178467e-02;1.434706e-01;2.448272e-02
7.868095e-03;1.651336e-02;2.221061e-01;2.117734e-02;3.815202e-02;3.308816e-01;1.126075e-01;2.692296e-02;5.836727e-02;2.744126e-02;1.079829e-01;2.997968e-02
1.267123e-02;3.517029e-02;2.553059e-01;1.738920e-02;3.058151e-02;2.334050e-01;1.090403e-01;4.597544e-02;6.987230e-02;2.980374e-02;1.199299e-01;4.085512e-02
1.663020e-02;3.603607e-02;2.683110e-01;2.190043e-02;2.579487e-02;1.551994e-01;1.040602e-01;5.666858e-02;8.507209e-02;2.669219e-02;1.593868e-01;4.424816e-02
2.121273e-02;1.666315e-02;2.389357e-01;1.423830e-02;4.707759e-02;1.712735e-01;7.017123e-02;5.043337e-02;8.654305e-02;2.819530e-02;1.989078e-01;5.634829e-02
2.293850e-02;2.142440e-02;2.135522e-01;2.566356e-02;5.935733e-02;2.047443e-01;4.304399e-02;4.878094e-02;8.134373e-02;2.281255e-02;1.910162e-01;6.532227e-02
1.962667e-02;2.990812e-02;2.144004e-01;2.983556e-02;4.522552e-02;2.461560e-01;4.794729e-02;4.284419e-02;7.379144e-02;2.180406e-02;1.614546e-01;6.700613e-02
1.674474e-02;4.670242e-02;1.992923e-01;2.779522e-02;3.677546e-02;2.366751e-01;6.212977e-02;4.991689e-02;7.563552e-02;2.647848e-02;1.468270e-01;7.502714e-02
1.631107e-02;4.198106e-02;1.697776e-01;4.075576e-02;5.540952e-02;1.995648e-01;8.598670e-02;3.548534e-02;6.798767e-02;3.831786e-02;1.648439e-01;8.357874e-02
1.920918e-02;3.976604e-02;1.584506e-01;4.049489e-02;6.224705e-02;1.525241e-01;8.537704e-02;5.929289e-02;9.340424e-02;5.803942e-02;1.555562e-01;7.563838e-02
1.825883e-02;5.859224e-02;1.413902e-01;2.919002e-02;5.519367e-02;2.109637e-01;5.484571e-02;8.937221e-02;1.152945e-01;7.351705e-02;1.039837e-01;4.939810e-02
4.137056e-02;8.036951e-02;1.149531e-01;2.344004e-02;4.816476e-02;1.765484e-01;2.671783e-02;1.126359e-01;1.189366e-01;8.273593e-02;9.899192e-02;7.513541e-02
6.430528e-02;8.781514e-02;9.525310e-02;2.196754e-02;4.280837e-02;1.732546e-01;3.852333e-02;9.948597e-02;1.115558e-01;7.749690e-02;1.055220e-01;8.201193e-02
6.770413e-02;5.085219e-02;1.248292e-01;1.969286e-02;6.224017e-02;2.034648e-01;3.740520e-02;6.764212e-02;1.314075e-01;5.915144e-02;1.085628e-01;6.704761e-02
4.546462e-02;3.842659e-02;1.128938e-01;1.766939e-02;1.179112e-01;1.663047e-01;8.466089e-02;7.807145e-02;1.578536e-01;3.613453e-02;8.172741e-02;6.288179e-02
2.354749e-02;3.857337e-02;6.974735e-02;1.970665e-02;1.730515e-01;1.416708e-01;1.357907e-01;1.176975e-01;1.376192e-01;2.468312e-02;4.349997e-02;7.441230e-02
2.295168e-02;3.554387e-02;5.373631e-02;3.095960e-02;1.534694e-01;1.229289e-01;1.856545e-01;1.225773e-01;7.546961e-02;3.037497e-02;6.705198e-02;9.928192e-02
2.549097e-02;2.480835e-02;5.151907e-02;3.095992e-02;1.157658e-01;6.714538e-02;2.564181e-01;1.153207e-01;6.508937e-02;2.953055e-02;8.450595e-02;1.334459e-01
2.303196e-02;3.824496e-02;3.131352e-02;4.745331e-02;8.763295e-02;8.081483e-02;2.974939e-01;9.533764e-02;4.193056e-02;3.315081e-02;8.516686e-02;1.384287e-01
2.552200e-02;3.992338e-02;2.450242e-02;9.616502e-02;5.960952e-02;1.021332e-01;3.139175e-01;5.705620e-02;3.244362e-02;4.735928e-02;5.903532e-02;1.423325e-01
2.695353e-02;3.776169e-02;2.862224e-02;1.404348e-01;3.150563e-02;8.448318e-02;2.885047e-01;6.776642e-02;2.802949e-02;8.920313e-02;4.189582e-02;1.348394e-01
3.271966e-02;4.434649e-02;2.410940e-02;1.363804e-01;2.083095e-02;9.380990e-02;2.503275e-01;1.126669e-01;2.321330e-02;1.183063e-01;3.914244e-02;1.041468e-01
5.625205e-02;4.187161e-02;3.075820e-02;1.185847e-01;1.531247e-02;8.845427e-02;1.980374e-01;1.595723e-01;4.753524e-02;1.221779e-01;3.626063e-02;8.518332e-02
7.262301e-02;5.045221e-02;4.887670e-02;1.075865e-01;2.142346e-02;7.451607e-02;1.616288e-01;1.940402e-01;6.654773e-02;1.051085e-01;2.976193e-02;6.743497e-02
7.330918e-02;6.978182e-02;5.689888e-02;8.692551e-02;2.351313e-02;7.609565e-02;2.015576e-01;1.879260e-01;7.501040e-02;6.058021e-02;2.011503e-02;6.828658e-02
6.434333e-02;1.002903e-01;7.938453e-02;6.579301e-02;3.371795e-02;8.521506e-02;1.844541e-01;1.642102e-01;7.905393e-02;4.011180e-02;2.249661e-02;8.092920e-02
5.735998e-02;1.269240e-01;7.227585e-02;4.606067e-02;5.110111e-02;1.089339e-01;1.452036e-01;1.479643e-01;8.216763e-02;3.945407e-02;3.784484e-02;8.471002e-02
1.043693e-01;1.309436e-01;9.202430e-02;5.677574e-02;2.891704e-02;4.096753e-02;1.383376e-01;1.251417e-01;8.544458e-02;6.163076e-02;5.214745e-02;8.330031e-02
1.141923e-01;1.223848e-01;7.951295e-02;6.779516e-02;2.447440e-02;3.876695e-02;1.189110e-01;1.398980e-01;6.832709e-02;8.326931e-02;2.824244e-02;1.142257e-01
1.100634e-01;1.032267e-01;5.279866e-02;6.807022e-02;2.652705e-02;4.346832e-02;1.203239e-01;1.737639e-01;6.793718e-02;8.885804e-02;2.775965e-02;1.172030e-01
1.026575e-01;1.024338e-01;7.323576e-02;5.642546e-02;2.439107e-02;6.290394e-02;1.017723e-01;1.821648e-01;6.277994e-02;9.010848e-02;2.691069e-02;1.142161e-01
6.996825e-02;1.131328e-01;8.274870e-02;4.629677e-02;1.615529e-02;7.420091e-02;1.442804e-01;1.536308e-01;4.708672e-02;9.376727e-02;2.411561e-02;1.346165e-01
4.944415e-02;1.162920e-01;6.803149e-02;5.497325e-02;1.988512e-02;9.733800e-02;1.845519e-01;1.451825e-01;5.143157e-02;7.563677e-02;2.603697e-02;1.111963e-01
6.518324e-02;1.073311e-01;8.807501e-02;5.894442e-02;3.156762e-02;1.020114e-01;1.114322e-01;1.391497e-01;7.828372e-02;4.595453e-02;3.233593e-02;1.397311e-01
7.974458e-02;7.950000e-02;6.275736e-02;5.157618e-02;5.565693e-02;8.802952e-02;5.971729e-02;1.889026e-01;1.010203e-01;3.976247e-02;2.794453e-02;1.653882e-01
7.390303e-02;8.692161e-02;5.594477e-02;3.483985e-02;5.696516e-02;8.586173e-02;5.092949e-02;2.285146e-01;1.164670e-01;5.676198e-02;5.329935e-02;9.959141e-02
4.403936e-02;7.927264e-02;7.867862e-02;4.826596e-02;4.421436e-02;1.386561e-01;5.360484e-02;2.422560e-01;1.220214e-01;6.368228e-02;5.003120e-02;3.527734e-02
5.485169e-02;8.184443e-02;6.350708e-02;5.799216e-02;4.976935e-02;1.262088e-01;8.704287e-02;2.162293e-01;1.054648e-01;5.808113e-02;5.741488e-02;4.159348e-02
6.786141e-02;1.080533e-01;6.163383e-02;6.046685e-02;5.529469e-02;6.586964e-02;1.165653e-01;1.683589e-01;1.101049e-01;6.544685e-02;7.469022e-02;4.565410e-02
5.191601e-02;1.511372e-01;7.816920e-02;4.369807e-02;4.629619e-02;5.339918e-02;1.461872e-01;1.704837e-01;9.239149e-02;4.139831e-02;6.309594e-02;6.182752e-02
6.492428e-02;1.917625e-01;6.812805e-02;3.675397e-02;2.777644e-02;7.502930e-02;1.547760e-01;1.438517e-01;7.818742e-02;3.384014e-02;2.713166e-02;9.783855e-02
7.363752e-02;2.099900e-01;5.818990e-02;5.614945e-02;2.245777e-02;7.882655e-02;1.347593e-01;9.455423e-02;6.090830e-02;3.926040e-02;2.059866e-02;1.506679e-01
8.991124e-02;2.218932e-01;3.687326e-02;7.090042e-02;1.723854e-02;4.626727e-02;1.232214e-01;8.812961e-02;4.949251e-02;4.086157e-02;2.601372e-02;1.891973e-01
8.130752e-02;2.413867e-01;4.763781e-02;6.985106e-02;1.118067e-02;3.589485e-02;9.874254e-02;6.862471e-02;5.757447e-02;4.255113e-02;4.635318e-02;1.988953e-01
7.593454e-02;2.352274e-01;1.026659e-01;6.395014e-02;2.605121e-02;6.037394e-02;7.713836e-02;5.343145e-02;4.849955e-02;4.419223e-02;6.335302e-02;1.491823e-01
6.531027e-02;1.729345e-01;9.326202e-02;6.069660e-02;4.700125e-02;1.114716e-01;9.440259e-02;6.890609e-02;5.966445e-02;6.081033e-02;5.717029e-02;1.083700e-01
5.400155e-02;1.666757e-01;1.107696e-01;5.202349e-02;4.824582e-02;1.405035e-01;4.577149e-02;9.437698e-02;5.856134e-02;5.800246e-02;5.569343e-02;1.153746e-01
4.279818e-02;1.619693e-01;1.223728e-01;4.194457e-02;5.374460e-02;1.768900e-01;7.017416e-02;9.224701e-02;6.865886e-02;4.098206e-02;5.854574e-02;6.967264e-02
5.900253e-02;1.379875e-01;1.136464e-01;3.317674e-02;4.192115e-02;2.175492e-01;5.802390e-02;1.252833e-01;7.770560e-02;4.741336e-02;4.985948e-02;3.843081e-02
4.756540e-02;9.883567e-02;1.017392e-01;4.349132e-02;3.881259e-02;2.056366e-01;6.591295e-02;1.624506e-01;8.957686e-02;5.810656e-02;3.909950e-02;4.877271e-02
4.515560e-02;9.581675e-02;1.361604e-01;5.770903e-02;2.790683e-02;1.480424e-01;6.218404e-02;1.651825e-01;8.160904e-02;7.162901e-02;5.081687e-02;5.778756e-02
3.167619e-02;7.582294e-02;1.102525e-01;4.627233e-02;4.655212e-02;8.852497e-02;9.072918e-02;2.060148e-01;9.134011e-02;6.536258e-02;6.837387e-02;7.907843e-02
2.730222e-02;9.028199e-02;7.110889e-02;3.415034e-02;5.332851e-02;8.676865e-02;1.228134e-01;2.400646e-01;8.801194e-02;4.598595e-02;5.629187e-02;8.389162e-02
4.217130e-02;9.501138e-02;6.721635e-02;3.895387e-02;3.887441e-02;1.297179e-01;1.400160e-01;2.229349e-01;5.854980e-02;4.531572e-02;3.897761e-02;8.226073e-02
5.789563e-02;8.503958e-02;7.524908e-02;4.462053e-02;3.413431e-02;1.478148e-01;1.245122e-01;2.121717e-01;5.456202e-02;3.978424e-02;4.247306e-02;8.174288e-02
7.533195e-02;8.409967e-02;9.039380e-02;5.644027e-02;5.482232e-02;1.041282e-01;1.636452e-01;1.666720e-01;6.243494e-02;4.968137e-02;2.991218e-02;6.243810e-02
8.370701e-02;1.093196e-01;9.897856e-02;6.568668e-02;8.755368e-02;8.277777e-02;1.170380e-01;9.369455e-02;5.527015e-02;8.371463e-02;4.915972e-02;7.309970e-02
6.169210e-02;1.076830e-01;9.815142e-02;6.465506e-02;6.324981e-02;1.566063e-01;1.533983e-01;1.184303e-01;3.182511e-02;5.987412e-02;2.082136e-02;6.361306e-02
4.576863e-02;8.904894e-02;8.684902e-02;6.542195e-02;4.997833e-02;1.142869e-01;2.316114e-01;1.311011e-01;3.210698e-02;4.221258e-02;1.935806e-02;9.225611e-02
3.231945e-02;5.908893e-02;5.657848e-02;6.205861e-02;3.842890e-02;8.479255e-02;3.188637e-01;1.089929e-01;4.435428e-02;2.922759e-02;4.349211e-02;1.218026e-01
1.626121e-02;2.477156e-02;4.612394e-02;4.158727e-02;2.680884e-02;1.743382e-01;3.555816e-01;5.551724e-02;6.703477e-02;1.530011e-02;5.784968e-02;1.188256e-01
1.183795e-02;2.296587e-02;1.119290e-01;2.312249e-02;2.808989e-02;2.569104e-01;2.730179e-01;2.353687e-02;7.468840e-02;1.945293e-02;7.877227e-02;7.567607e-02
1.079598e-02;4.297461e-02;1.810274e-01;2.373154e-02;3.496513e-02;3.197304e-01;1.444778e-01;2.707072e-02;4.946606e-02;1.926264e-02;1.163858e-01;3.011193e-02
1.238814e-02;4.218125e-02;1.862727e-01;2.092333e-02;2.757882e-02;3.068324e-01;1.259000e-01;1.858130e-02;2.492796e-02;1.671405e-02;1.539522e-01;6.374802e-02
1.719860e-02;3.840372e-02;1.552282e-01;2.043103e-02;2.050951e-02;2.711192e-01;1.597951e-01;3.701741e-02;3.217088e-02;1.284559e-02;1.731160e-01;6.216478e-02
1.343410e-02;2.693077e-02;1.184885e-01;3.597513e-02;1.383950e-02;2.594985e-01;1.507213e-01;4.949540e-02;4.873477e-02;1.558099e-02;1.690318e-01;9.826919e-02
1.602146e-02;1.878569e-02;8.545269e-02;6.944565e-02;2.191474e-02;2.114793e-01;2.562788e-01;4.964602e-02;5.240998e-02;2.679011e-02;1.288934e-01;6.288206e-02
1.095127e-02;2.049586e-02;7.370986e-02;6.111112e-02;2.433847e-02;1.960433e-01;3.201208e-01;4.060595e-02;5.664247e-02;4.417881e-02;1.048535e-01;4.694866e-02
1.133957e-02;2.143418e-02;6.062609e-02;2.099531e-02;2.903549e-02;2.307153e-01;2.923668e-01;3.794733e-02;7.134771e-02;5.578350e-02;1.094836e-01;5.892513e-02
1.527485e-02;4.842340e-02;5.550548e-02;1.351679e-02;3.065428e-02;2.436718e-01;2.485739e-01;3.947047e-02;7.576286e-02;4.776409e-02;1.086877e-01;7.269437e-02
1.832767e-02;5.531505e-02;5.730439e-02;3.235710e-02;4.979902e-02;2.298033e-01;2.297829e-01;6.031750e-02;7.248276e-02;2.752247e-02;9.115873e-02;7.582918e-02
2.231061e-02;3.451455e-02;4.763009e-02;4.840816e-02;7.218646e-02;2.264893e-01;2.208710e-01;8.638362e-02;5.826602e-02;2.350289e-02;8.728883e-02;7.214850e-02
2.457921e-02;3.846877e-02;4.423007e-02;3.390456e-02;8.309888e-02;2.714051e-01;1.740483e-01;8.892850e-02;6.387146e-02;2.607745e-02;9.278504e-02;5.860256e-02
2.624579e-02;3.535061e-02;3.626034e-02;2.279874e-02;6.326890e-02;3.132306e-01;1.483746e-01;6.198436e-02;9.461620e-02;3.772121e-02;9.579420e-02;6.435440e-02
3.033307e-02;5.646505e-02;5.531591e-02;1.685472e-02;4.205890e-02;2.466380e-01;1.714457e-01;6.927703e-02;1.151411e-01;4.087879e-02;6.621794e-02;8.937383e-02
3.495829e-02;8.313777e-02;6.693399e-02;2.530480e-02;3.609707e-02;1.574416e-01;1.647833e-01;1.368895e-01;1.341665e-01;4.450316e-02;3.571604e-02;8.006793e-02
3.777303e-02;8.771987e-02;8.654108e-02;3.571182e-02;4.272712e-02;1.588707e-01;1.120995e-01;1.503509e-01;1.392873e-01;4.295949e-02;4.235465e-02;6.360449e-02
2.627940e-02;6.483727e-02;7.752687e-02;3.335521e-02;3.420571e-02;2.157696e-01;2.052298e-01;8.778955e-02;9.997941e-02;3.487206e-02;6.259041e-02;5.756467e-02
1.930309e-02;7.626101e-02;8.733080e-02;2.332832e-02;2.941858e-02;2.131915e-01;2.574279e-01;8.123353e-02;6.935424e-02;3.479968e-02;5.710355e-02;5.124782e-02
2.552124e-02;7.501730e-02;8.863077e-02;3.967564e-02;2.634645e-02;2.189575e-01;2.505723e-01;8.553825e-02;5.409125e-02;4.663689e-02;4.129680e-02;4.771563e-02
6.470211e-02;5.774738e-02;7.688128e-02;5.181191e-02;4.290798e-02;2.174339e-01;1.321187e-01;9.450851e-02;7.420290e-02;9.339671e-02;3.542580e-02;5.886287e-02
8.134837e-02;6.605858e-02;4.866332e-02;5.496375e-02;5.032723e-02;1.503655e-01;1.173975e-01;9.680589e-02;8.866152e-02;1.198614e-01;5.908716e-02;6.645975e-02
7.337879e-02;9.228661e-02;7.385819e-02;5.512511e-02;5.090759e-02;1.356943e-01;1.383319e-01;1.031423e-01;8.742950e-02;8.985528e-02;5.512628e-02;4.486419e-02
4.230588e-02;6.898501e-02;1.465464e-01;4.184462e-02;5.793111e-02;1.828126e-01;1.326719e-01;1.078762e-01;6.115060e-02;6.271107e-02;3.966150e-02;5.550307e-02
3.552511e-02;1.883734e-01;1.993554e-01;2.713212e-02;3.143594e-02;1.999207e-01;1.034525e-01;8.611137e-02;4.461840e-02;3.140618e-02;1.638716e-02;3.628170e-02
4.915468e-02;2.148124e-01;2.010005e-01;2.830927e-02;3.390617e-02;1.693076e-01;7.260064e-02;7.198684e-02;6.294233e-02;2.739707e-02;3.159370e-02;3.698873e-02
6.462818e-02;1.441825e-01;1.391727e-01;3.206588e-02;5.508422e-02;1.348601e-01;1.034894e-01;6.656527e-02;8.763240e-02;3.787269e-02;5.457574e-02;7.987091e-02
6.940301e-02;1.196943e-01;1.129558e-01;3.937225e-02;6.097234e-02;1.078441e-01;9.851979e-02;9.926519e-02;9.923108e-02;3.444735e-02;5.422582e-02;1.040691e-01
5.909819e-02;1.188161e-01;1.417955e-01;3.627848e-02;5.459533e-02;1.185157e-01;4.787384e-02;1.377788e-01;1.178569e-01;3.319228e-02;4.667254e-02;8.752622e-02
4.235454e-02;7.639582e-02;1.270789e-01;2.457957e-02;4.760987e-02;2.060917e-01;1.166652e-01;1.072827e-01;9.628911e-02;3.403906e-02;6.399649e-02;5.761707e-02
3.600778e-02;6.239504e-02;1.533933e-01;2.098499e-02;3.689555e-02;2.483005e-01;1.722339e-01;6.419159e-02;6.869283e-02;2.811988e-02;7.241663e-02;3.636806e-02
3.542877e-02;5.499890e-02;1.462869e-01;1.373990e-02;2.777198e-02;2.042745e-01;2.182508e-01;8.933225e-02;6.873652e-02;2.992719e-02;7.430292e-02;3.694931e-02
3.576738e-02;6.493983e-02;1.546241e-01;4.290905e-02;2.878966e-02;1.790743e-01;2.065377e-01;8.806144e-02;7.091627e-02;2.987597e-02;7.035755e-02;2.814670e-02
3.586783e-02;8.733147e-02;1.399582e-01;4.415136e-02;3.671071e-02;2.066176e-01;1.573827e-01;8.742692e-02;6.694815e-02;2.365596e-02;7.185883e-02;4.209025e-02
3.992730e-02;9.321637e-02;1.028159e-01;3.169360e-02;2.873799e-02;2.316715e-01;1.626271e-01;7.608008e-02;5.991831e-02;2.648175e-02;8.628036e-02;6.054961e-02
3.119101e-02;6.262509e-02;5.134859e-02;1.598860e-02;2.448026e-02;2.461203e-01;2.322968e-01;8.391681e-02;4.541392e-02;2.629973e-02;1.003246e-01;7.999425e-02
3.153741e-02;8.083577e-02;5.800172e-02;1.654356e-02;3.071007e-02;2.761140e-01;2.129004e-01;7.589327e-02;3.715188e-02;2.550422e-02;8.764182e-02;6.716588e-02
4.205386e-02;1.073905e-01;5.968716e-02;4.173883e-02;3.042632e-02;2.667064e-01;1.438501e-01;9.776207e-02;5.513756e-02;4.247278e-02;5.456979e-02;5.820461e-02
5.077129e-02;7.542296e-02;1.223435e-01;4.175934e-02;3.817840e-02;1.145286e-01;1.064169e-01;7.698771e-02;6.839014e-02;7.279011e-02;1.261891e-01;1.062219e-01
5.130254e-02;6.248762e-02;1.216952e-01;3.506559e-02;3.463412e-02;1.225907e-01;9.674462e-02;8.199187e-02;7.384205e-02;4.988773e-02;1.484227e-01;1.213352e-01
4.261062e-02;5.787872e-02;1.398516e-01;3.005478e-02;1.999101e-02;1.521186e-01;8.131633e-02;7.930196e-02;6.768131e-02;3.951510e-02;1.740371e-01;1.156429e-01
2.952154e-02;8.216440e-02;1.520160e-01;1.858845e-02;4.055345e-02;1.645960e-01;4.700058e-02;9.477250e-02;5.433653e-02;6.835897e-02;1.779212e-01;7.017043e-02
1.886992e-02;1.673872e-01;9.498177e-02;1.957284e-02;1.183560e-01;1.051956e-01;2.038283e-02;1.335083e-01;4.193425e-02;1.425155e-01;9.207049e-02;4.522533e-02
1.567440e-02;2.114416e-01;3.369457e-02;1.408230e-02;1.780971e-01;3.975894e-02;2.322811e-02;1.225991e-01;4.369200e-02;2.116110e-01;3.302074e-02;7.310023e-02
2.524771e-02;1.918497e-01;1.934954e-02;1.531301e-02;1.986260e-01;3.557307e-02;3.603635e-02;7.707346e-02;5.570967e-02;2.365654e-01;2.617903e-02;8.247703e-02
6.638034e-02;1.479903e-01;2.309683e-02;3.187814e-02;2.013707e-01;3.790994e-02;4.765282e-02;4.488486e-02;7.099450e-02;2.314316e-01;2.560206e-02;7.080798e-02
1.011345e-01;1.054015e-01;3.326121e-02;4.504383e-02;1.920407e-01;4.189795e-02;6.589448e-02;3.292351e-02;8.186772e-02;2.200572e-01;2.171725e-02;5.876014e-02
8.762844e-02;1.147616e-01;2.716485e-02;4.447705e-02;1.986374e-01;3.603475e-02;7.333138e-02;3.864153e-02;7.452807e-02;2.130260e-01;7.678853e-03;8.409020e-02
1.078926e-01;1.193373e-01;2.583345e-02;4.897591e-02;1.859074e-01;3.303548e-02;5.562513e-02;2.909993e-02;8.228843e-02;2.201596e-01;2.039836e-02;7.144646e-02
1.102762e-01;1.263395e-01;2.916394e-02;3.649883e-02;1.576438e-01;3.637262e-02;3.919912e-02;3.172700e-02;7.536077e-02;2.559679e-01;2.037116e-02;8.107913e-02
9.108827e-02;1.409693e-01;1.452756e-02;2.575852e-02;1.542211e-01;2.560549e-02;2.471765e-02;5.345508e-02;6.368628e-02;3.000059e-01;2.227370e-02;8.369120e-02
6.636312e-02;1.462474e-01;1.762590e-02;1.638614e-02;1.549670e-01;2.465611e-02;1.531620e-02;5.385932e-02;6.700937e-02;3.405758e-01;2.132914e-02;7.566445e-02
4.280333e-02;1.346182e-01;1.911569e-02;1.610108e-02;1.534498e-01;3.411363e-02;9.872572e-03;7.155938e-02;7.765470e-02;3.533248e-01;2.268086e-02;6.470592e-02
3.181421e-02;1.077973e-01;3.107241e-02;4.667574e-02;1.452607e-01;5.300904e-02;1.440977e-02;7.963961e-02;9.372936e-02;3.055647e-01;2.593231e-02;6.509480e-02
1.352951e-02;1.030543e-01;6.698773e-02;7.366112e-02;1.312219e-01;8.256077e-02;2.438740e-02;8.499826e-02;9.486723e-02;2.309089e-01;3.661314e-02;5.720971e-02
1.567482e-02;1.217050e-01;8.712574e-02;8.421687e-02;1.148518e-01;9.822220e-02;1.994089e-02;1.196787e-01;9.286025e-02;1.495320e-01;3.098189e-02;6.520990e-02
3.101021e-02;1.318085e-01;9.005974e-02;5.725449e-02;7.343037e-02;1.008273e-01;1.385605e-02;1.384762e-01;1.141703e-01;1.332311e-01;3.244319e-02;8.343247e-02
3.226548e-02;8.121412e-02;8.155480e-02;5.439410e-02;1.134164e-01;9.639893e-02;2.614731e-02;1.215284e-01;1.132286e-01;1.714869e-01;4.013217e-02;6.823286e-02
3.629069e-02;8.781738e-02;5.649773e-02;5.490960e-02;1.741939e-01;1.035106e-01;4.156436e-02;1.047665e-01;1.010485e-01;1.426564e-01;5.647104e-02;4.027324e-02
3.832082e-02;9.312425e-02;6.217019e-02;3.279760e-02;1.383023e-01;1.458822e-01;3.850434e-02;1.078347e-01;1.219250e-01;1.356728e-01;5.480661e-02;3.065908e-02
3.595969e-02;8.071001e-02;5.610359e-02;3.846010e-02;1.121691e-01;1.860453e-01;3.247103e-02;1.111662e-01;1.508463e-01;1.184485e-01;4.481549e-02;3.280471e-02
3.927504e-02;4.736069e-02;3.568799e-02;3.923518e-02;8.982611e-02;2.076735e-01;4.350075e-02;7.401608e-02;1.524085e-01;1.280704e-01;7.964660e-02;6.329919e-02
4.080372e-02;3.404004e-02;4.566747e-02;4.414079e-02;1.116034e-01;2.018646e-01;4.213143e-02;5.680430e-02;1.099601e-01;1.193788e-01;1.062369e-01;8.736841e-02
3.548471e-02;5.784864e-02;5.551775e-02;3.881801e-02;1.120906e-01;1.549385e-01;3.840208e-02;9.905022e-02;1.143595e-01;1.348747e-01;8.936810e-02;6.924726e-02
5.012384e-02;7.525482e-02;4.341319e-02;4.810753e-02;9.966607e-02;8.044609e-02;3.940151e-02;9.571473e-02;1.535300e-01;1.720178e-01;8.133022e-02;6.099426e-02
4.264022e-02;8.882351e-02;3.306561e-02;7.015415e-02;1.084118e-01;4.142750e-02;4.108887e-02;1.323791e-01;1.357026e-01;1.540666e-01;8.345810e-02;6.878195e-02
4.364232e-02;8.888268e-02;3.798807e-02;8.198849e-02;1.239460e-01;6.766088e-02;5.729397e-02;1.354281e-01;1.122733e-01;1.060015e-01;6.783338e-02;7.706134e-02
3.877934e-02;1.216759e-01;6.214604e-02;5.225961e-02;9.700938e-02;8.402476e-02;5.915447e-02;1.148336e-01;9.994018e-02;8.437908e-02;6.833471e-02;1.174629e-01
6.443454e-02;1.328667e-01;8.217005e-02;3.871444e-02;9.543546e-02;8.492146e-02;6.247033e-02;9.840599e-02;6.723130e-02;9.134287e-02;7.764789e-02;1.043590e-01
7.827499e-02;1.291752e-01;8.062076e-02;5.436924e-02;1.148636e-01;9.758934e-02;5.685453e-02;1.084861e-01;6.618009e-02;6.884637e-02;5.674810e-02;8.799160e-02
8.126226e-02;9.761862e-02;7.224136e-02;5.522775e-02;6.553549e-02;1.189399e-01;5.218205e-02;1.520892e-01;9.281120e-02;1.001424e-01;4.775543e-02;6.419434e-02
6.823526e-02;7.360274e-02;7.000955e-02;5.380096e-02;9.225809e-02;1.410667e-01;9.887139e-02;1.601182e-01;8.890827e-02;7.668004e-02;4.149267e-02;3.495620e-02
4.345338e-02;8.036239e-02;6.964891e-02;5.608094e-02;1.121903e-01;1.398265e-01;1.427877e-01;1.596612e-01;5.787843e-02;4.760563e-02;4.169552e-02;4.880903e-02
3.536784e-02;9.358670e-02;6.753001e-02;6.582376e-02;1.392823e-01;8.712339e-02;1.374262e-01;1.527223e-01;6.456216e-02;7.709694e-02;4.935364e-02;3.012474e-02
4.085913e-02;7.565628e-02;7.729398e-02;5.789584e-02;1.250826e-01;1.163508e-01;1.172621e-01;9.402584e-02;6.425712e-02;1.368011e-01;4.061836e-02;5.389694e-02
3.398787e-02;3.600370e-02;5.907185e-02;1.124272e-01;1.684663e-01;1.536629e-01;6.082100e-02;7.989106e-02;5.492828e-02;1.355737e-01;2.484056e-02;8.032557e-02
5.176652e-02;4.488759e-02;3.088412e-02;1.635149e-01;1.888439e-01;1.154213e-01;6.758377e-02;8.856880e-02;6.923030e-02;9.044845e-02;3.442486e-02;5.442538e-02
7.038415e-02;4.409066e-02;4.582400e-02;2.093608e-01;1.508681e-01;1.166308e-01;9.323543e-02;8.483627e-02;6.407893e-02;6.161284e-02;2.905075e-02;3.002721e-02
7.476962e-02;4.259533e-02;7.831529e-02;2.040607e-01;1.233883e-01;1.572933e-01;8.237761e-02;8.756447e-02;4.328708e-02;5.567494e-02;2.437525e-02;2.629811e-02
7.312870e-02;7.140430e-02;8.141880e-02;1.479643e-01;1.015288e-01;1.740588e-01;6.233741e-02;9.220093e-02;5.902499e-02;7.027320e-02;2.950023e-02;3.715954e-02
8.355303e-02;1.446550e-01;9.039353e-02;8.026615e-02;6.193013e-02;9.421798e-02;3.807746e-02;1.230237e-01;9.207522e-02;9.785343e-02;4.377319e-02;5.018115e-02
6.121702e-02;1.544380e-01;9.259389e-02;5.254247e-02;5.011191e-02;1.306919e-01;5.710246e-02;1.047406e-01;9.710960e-02;8.856332e-02;3.162466e-02;7.926422e-02
7.380375e-02;9.453656e-02;8.037012e-02;4.459084e-02;4.758007e-02;1.905542e-01;5.385125e-02;8.309609e-02;8.563375e-02;9.166887e-02;5.036046e-02;1.039541e-01
6.562479e-02;7.945745e-02;6.315695e-02;5.088032e-02;6.760544e-02;1.573358e-01;5.454375e-02;9.271679e-02;1.011822e-01;1.452721e-01;5.348157e-02;6.874286e-02
3.648792e-02;9.473741e-02;3.788026e-02;5.722872e-02;1.198371e-01;1.015613e-01;3.142014e-02;8.525500e-02;1.201930e-01;2.439689e-01;3.788751e-02;3.354272e-02
1.462620e-02;1.151132e-01;1.891868e-02;5.641731e-02;1.802516e-01;7.288065e-02;1.362356e-02;4.848139e-02;1.226547e-01;3.324639e-01;1.170191e-02;1.286679e-02
1.839565e-02;1.272068e-01;1.072869e-02;4.940975e-02;1.981968e-01;6.340688e-02;1.051018e-02;5.621643e-02;1.159214e-01;3.153033e-01;1.441297e-02;2.029119e-02
1.199692e-02;1.410074e-01;1.343702e-02;4.052483e-02;2.244772e-01;6.786380e-02;1.224613e-02;5.934825e-02;1.060829e-01;2.685966e-01;3.357568e-02;2.084332e-02
1.343544e-02;1.375566e-01;1.417384e-02;4.781071e-02;2.538658e-01;1.037901e-01;1.424752e-02;5.798062e-02;1.041458e-01;2.033599e-01;3.782124e-02;1.181241e-02
8.429121e-03;1.408945e-01;1.811655e-02;7.957101e-02;2.702138e-01;7.806396e-02;1.722760e-02;5.488694e-02;1.206545e-01;1.766780e-01;1.995155e-02;1.531236e-02
1.232508e-02;1.489504e-01;2.178503e-02;9.033308e-02;2.437274e-01;3.107523e-02;1.474938e-02;7.339865e-02;1.429596e-01;1.831190e-01;2.241924e-02;1.515789e-02
1.747506e-02;1.615605e-01;3.459014e-02;6.451301e-02;1.801758e-01;6.145282e-02;1.117624e-02;7.986138e-02;1.465701e-01;2.029084e-01;2.538002e-02;1.433657e-02
1.924416e-02;1.758813e-01;3.398006e-02;3.555420e-02;1.068494e-01;9.452414e-02;9.764535e-03;1.043576e-01;1.450400e-01;2.336755e-01;2.790364e-02;1.322554e-02
1.835841e-02;1.933359e-01;3.403899e-02;2.442405e-02;6.864539e-02;1.020145e-01;1.781379e-02;1.129056e-01;1.240766e-01;2.293280e-01;5.270197e-02;2.235679e-02
6.732311e-03;2.128097e-01;1.695052e-02;2.583593e-02;5.877209e-02;9.717225e-02;2.250793e-02;1.343465e-01;1.182764e-01;2.016740e-01;8.016401e-02;2.475829e-02
1.267534e-02;1.623789e-01;3.263526e-02;3.162487e-02;8.572768e-02;1.199637e-01;3.196895e-02;1.218224e-01;1.248181e-01;1.486021e-01;1.060347e-01;2.174809e-02
1.002356e-02;8.372740e-02;4.702187e-02;3.586584e-02;1.259167e-01;1.351311e-01;3.345455e-02;7.979354e-02;1.132004e-01;1.364339e-01;1.726306e-01;2.680039e-02
2.386126e-02;1.204076e-01;6.750129e-02;3.180406e-02;8.966573e-02;1.242165e-01;4.375156e-02;7.091194e-02;9.795728e-02;1.050071e-01;1.914490e-01;3.346675e-02
3.268311e-02;1.230772e-01;7.798567e-02;3.180421e-02;6.048357e-02;1.120566e-01;6.117738e-02;8.070511e-02;1.324687e-01;8.913254e-02;1.566923e-01;4.173362e-02
3.287432e-02;9.455748e-02;7.645129e-02;5.785769e-02;8.833926e-02;1.185962e-01;1.057885e-01;1.250539e-01;1.110005e-01;4.669000e-02;1.051858e-01;3.760510e-02
2.626380e-02;8.268640e-02;1.096580e-01;4.213760e-02;9.010934e-02;1.985690e-01;1.002796e-01;1.122424e-01;6.062137e-02;4.957081e-02;1.019948e-01;2.586684e-02
1.869762e-02;6.641635e-02;1.233310e-01;3.320752e-02;7.952294e-02;2.679661e-01;7.998491e-02;9.237910e-02;5.718981e-02;5.689115e-02;1.064836e-01;1.792994e-02
1.992086e-02;4.757987e-02;1.170942e-01;3.710235e-02;6.100374e-02;3.339142e-01;4.444905e-02;6.416464e-02;7.206976e-02;5.045366e-02;1.439130e-01;8.334741e-03
2.215557e-02;2.568267e-02;7.220827e-02;2.895744e-02;4.209531e-02;3.847488e-01;4.055080e-02;6.102221e-02;7.396670e-02;4.531852e-02;1.891705e-01;1.412317e-02
2.052626e-02;3.982406e-02;4.697213e-02;1.871807e-02;7.727285e-02;3.901343e-01;3.038633e-02;8.705337e-02;6.539579e-02;2.736546e-02;1.734965e-01;2.285486e-02
3.509743e-02;3.679403e-02;5.358880e-02;1.794100e-02;6.837248e-02;3.832390e-01;3.921621e-02;8.179866e-02;4.836265e-02;3.915986e-02;1.753299e-01;2.109996e-02
2.909426e-02;4.504419e-02;6.177834e-02;2.368037e-02;4.704775e-02;3.930770e-01;3.315236e-02;8.364397e-02;4.977795e-02;3.824778e-02;1.766888e-01;1.876710e-02
4.058778e-02;4.995771e-02;4.308441e-02;3.192148e-02;5.816427e-02;3.672116e-01;4.763305e-02;9.766725e-02;6.375354e-02;5.567772e-02;1.241800e-01;2.016114e-02
2.777119e-02;8.903183e-02;4.093313e-02;3.051364e-02;1.107469e-01;2.685031e-01;4.125612e-02;1.598145e-01;5.922703e-02;8.219255e-02;6.922702e-02;2.078304e-02
1.656207e-02;8.944727e-02;2.634184e-02;2.372013e-02;1.911258e-01;1.369575e-01;3.481989e-02;1.959053e-01;6.408961e-02;1.322353e-01;4.730401e-02;4.149133e-02
2.188839e-02;8.451106e-02;1.534855e-02;2.449175e-02;2.419528e-01;7.163555e-02;2.425073e-02;1.638205e-01;7.354034e-02;1.744398e-01;3.380328e-02;7.031725e-02
1.903959e-02;7.145751e-02;1.800300e-02;3.909570e-02;2.537024e-01;5.544919e-02;5.908554e-02;1.005354e-01;8.910712e-02;1.891409e-01;2.592668e-02;7.945692e-02
7.217509e-02;3.877869e-02;2.195213e-02;7.131554e-02;1.893095e-01;5.559953e-02;1.266942e-01;6.580509e-02;1.256986e-01;1.430566e-01;3.593357e-02;5.368155e-02
1.182992e-01;1.954898e-02;2.476026e-02;1.375949e-01;9.510271e-02;5.398817e-02;1.304567e-01;5.805624e-02;1.954135e-01;7.259119e-02;7.258325e-02;2.160484e-02
9.919306e-02;2.664272e-02;4.931829e-02;1.592363e-01;4.696812e-02;7.078205e-02;7.503074e-02;9.978122e-02;2.125161e-01;3.652971e-02;8.246576e-02;4.153595e-02
4.081369e-02;3.029575e-02;1.049370e-01;9.156442e-02;4.424241e-02;1.238658e-01;3.228730e-02;1.825365e-01;1.355487e-01;4.759528e-02;4.459710e-02;1.217161e-01
3.182125e-02;4.470165e-02;1.309829e-01;3.023990e-02;7.558901e-02;1.040401e-01;4.339193e-02;2.468341e-01;6.479295e-02;6.560341e-02;3.235528e-02;1.296474e-01
4.092728e-02;8.294164e-02;1.030818e-01;1.676779e-02;1.307663e-01;5.514451e-02;9.314745e-02;2.102051e-01;6.447201e-02;5.341909e-02;8.347447e-02;6.565270e-02
3.929017e-02;1.196392e-01;5.638469e-02;4.393518e-02;1.418227e-01;4.365228e-02;1.659373e-01;1.296745e-01;8.808510e-02;3.293560e-02;1.098539e-01;2.878930e-02
3.741635e-02;1.141270e-01;3.154241e-02;1.011577e-01;9.533723e-02;1.125491e-01;1.739279e-01;7.790290e-02;8.489643e-02;2.824354e-02;7.548697e-02;6.741246e-02
7.396293e-02;6.752848e-02;2.106040e-02;1.915158e-01;4.176018e-02;1.886647e-01;9.590812e-02;6.050582e-02;4.730725e-02;8.141414e-02;3.934693e-02;9.102514e-02
1.162163e-01;2.653447e-02;2.249770e-02;2.030968e-01;2.597970e-02;2.283089e-01;4.402078e-02;1.023086e-01;3.321953e-02;1.225374e-01;1.906051e-02;5.621935e-02
1.507398e-01;3.115007e-02;2.872647e-02;1.484840e-01;2.392409e-02;2.495605e-01;3.809306e-02;1.201572e-01;3.529778e-02;1.295547e-01;2.523986e-02;1.907245e-02
1.730844e-01;2.638488e-02;1.737832e-02;1.188294e-01;3.184616e-02;2.506767e-01;4.587694e-02;1.318873e-01;4.195212e-02;1.152253e-01;2.242651e-02;2.443186e-02
1.888914e-01;1.973122e-02;3.340804e-02;8.865749e-02;3.284341e-02;2.581315e-01;5.458718e-02;1.235961e-01;4.395045e-02;1.080698e-01;2.894063e-02;1.919274e-02
2.108899e-01;2.302593e-02;3.939407e-02;6.283899e-02;2.575966e-02;2.690276e-01;4.920463e-02;1.256880e-01;4.906751e-02;1.112734e-01;1.002239e-02;2.380791e-02
2.235350e-01;2.271727e-02;3.467385e-02;6.495529e-02;2.952424e-02;2.607775e-01;4.265817e-02;1.304278e-01;5.399814e-02;1.121424e-01;1.340178e-02;1.118855e-02
2.150201e-01;3.723981e-02;3.078990e-02;5.435662e-02;2.996968e-02;2.513240e-01;4.225454e-02;1.157387e-01;6.140541e-02;1.146359e-01;2.380421e-02;2.346108e-02
2.005577e-01;3.952436e-02;3.358704e-02;3.400727e-02;2.393211e-02;2.629506e-01;4.654660e-02;1.097776e-01;6.164430e-02;1.299888e-01;3.317840e-02;2.430510e-02
1.840678e-01;2.969395e-02;2.444788e-02;4.642176e-02;3.080447e-02;2.753049e-01;4.492441e-02;1.071195e-01;6.678816e-02;1.491587e-01;2.778174e-02;1.348669e-02
1.505674e-01;4.540912e-02;1.987450e-02;5.720489e-02;4.465804e-02;2.912981e-01;5.974644e-02;8.209752e-02;7.346819e-02;1.426466e-01;1.325865e-02;1.977065e-02
1.208745e-01;4.374389e-02;2.906838e-02;4.196687e-02;7.150890e-02;3.222286e-01;5.659514e-02;9.020385e-02;7.683903e-02;1.181595e-01;1.111658e-02;1.769470e-02
1.020250e-01;5.461991e-02;4.383290e-02;5.325191e-02;9.743581e-02;3.185411e-01;5.761395e-02;8.737927e-02;7.294616e-02;8.375553e-02;1.450016e-02;1.409815e-02
7.872935e-02;6.843036e-02;5.897704e-02;7.343351e-02;8.392169e-02;3.029102e-01;9.846638e-02;8.284353e-02;7.184881e-02;3.476645e-02;2.091737e-02;2.475531e-02
6.618655e-02;6.670285e-02;3.753183e-02;6.432260e-02;3.136006e-02;3.560135e-01;1.250491e-01;8.814894e-02;4.666463e-02;7.059187e-02;3.474323e-02;1.268477e-02
6.689168e-02;5.971286e-02;3.582544e-02;5.738170e-02;6.487724e-02;3.501765e-01;1.189191e-01;8.294268e-02;4.761654e-02;6.630883e-02;3.751938e-02;1.182803e-02
6.442759e-02;5.510816e-02;5.037868e-02;7.171866e-02;8.418254e-02;3.314924e-01;1.066414e-01;8.885977e-02;4.836807e-02;4.101926e-02;4.251932e-02;1.528420e-02
9.732918e-02;6.976453e-02;7.268465e-02;5.652984e-02;8.752918e-02;2.597826e-01;6.268343e-02;1.456822e-01;5.289559e-02;3.348242e-02;4.227078e-02;1.936564e-02
1.092473e-01;8.463479e-02;6.356965e-02;6.875667e-02;5.719699e-02;1.798029e-01;6.845319e-02;1.464113e-01;9.514802e-02;6.631830e-02;3.539353e-02;2.506733e-02
7.365185e-02;8.368409e-02;1.005966e-01;6.990484e-02;5.071697e-02;2.098556e-01;5.633428e-02;1.332872e-01;1.008895e-01;6.650629e-02;4.495075e-02;9.622105e-03
9.092172e-02;7.744497e-02;7.000837e-02;7.267687e-02;6.744000e-02;3.074265e-01;4.311879e-02;1.058324e-01;6.547811e-02;5.290214e-02;3.321324e-02;1.353690e-02
8.783314e-02;7.291732e-02;5.499116e-02;4.490700e-02;5.062212e-02;3.783884e-01;4.110523e-02;1.331840e-01;4.390476e-02;6.619515e-02;1.096647e-02;1.498525e-02
6.725707e-02;6.470490e-02;2.693604e-02;3.122861e-02;3.870493e-02;4.125705e-01;3.237003e-02;1.649350e-01;4.417079e-02;8.631332e-02;1.618844e-02;1.462031e-02
3.767175e-02;7.647441e-02;3.559437e-02;5.818782e-02;4.714601e-02;3.827672e-01;5.301806e-02;1.631269e-01;2.496764e-02;8.464374e-02;2.125436e-02;1.514776e-02
3.968355e-02;8.101927e-02;5.863388e-02;7.603844e-02;4.475776e-02;3.198339e-01;1.024089e-01;1.394219e-01;3.141097e-02;7.312284e-02;1.979922e-02;1.386928e-02
5.728683e-02;6.642477e-02;4.362353e-02;8.174910e-02;2.896715e-02;3.246186e-01;1.457396e-01;1.168437e-01;2.646563e-02;8.470623e-02;1.069726e-02;1.287761e-02
7.424579e-02;5.028576e-02;2.043085e-02;9.182726e-02;1.615827e-02;3.609973e-01;1.441890e-01;8.287609e-02;2.920447e-02;1.035620e-01;1.400114e-02;1.222205e-02
7.746373e-02;4.400872e-02;2.104473e-02;1.058593e-01;2.401051e-02;3.754650e-01;1.081479e-01;7.483958e-02;3.035884e-02;1.194488e-01;9.528205e-03;9.824735e-03
7.646036e-02;4.119524e-02;2.022272e-02;9.284610e-02;2.580989e-02;3.723543e-01;8.312566e-02;9.872442e-02;3.147313e-02;1.274750e-01;1.198041e-02;1.833278e-02
7.503771e-02;4.646748e-02;1.938956e-02;6.944477e-02;3.371985e-02;4.060235e-01;6.226737e-02;8.526643e-02;3.891035e-02;1.240958e-01;1.154226e-02;2.783493e-02
6.157381e-02;4.112715e-02;3.719427e-02;5.335135e-02;3.305506e-02;3.758793e-01;6.740283e-02;1.208799e-01;5.013038e-02;9.827912e-02;1.879560e-02;4.233129e-02
4.478754e-02;5.713139e-02;6.086964e-02;3.935111e-02;4.463482e-02;3.166263e-01;1.106427e-01;1.229273e-01;6.759202e-02;7.285217e-02;2.134112e-02;4.124387e-02
3.742828e-02;5.027651e-02;7.661945e-02;3.822953e-02;5.301334e-02;2.204955e-01;1.486185e-01;1.564242e-01;1.066639e-01;4.831804e-02;2.275790e-02;4.115477e-02
2.990696e-02;4.050130e-02;6.468901e-02;6.241265e-02;3.676767e-02;2.472169e-01;1.254556e-01;1.908358e-01;1.095180e-01;5.278936e-02;1.310314e-02;2.680363e-02
3.634030e-02;7.602918e-02;6.924833e-02;6.828199e-02;3.662444e-02;3.379994e-01;9.255546e-02;1.298856e-01;6.261574e-02;3.424192e-02;3.408896e-02;2.208866e-02
2.963353e-02;1.069286e-01;7.555270e-02;5.642291e-02;4.533136e-02;3.459827e-01;5.757941e-02;1.493382e-01;5.515864e-02;3.075026e-02;2.698040e-02;2.034129e-02
3.462353e-02;9.721711e-02;5.464036e-02;5.844320e-02;5.990479e-02;3.733335e-01;4.251370e-02;1.309568e-01;4.948876e-02;5.730001e-02;2.015087e-02;2.142735e-02
5.424954e-02;9.979516e-02;5.868209e-02;4.197836e-02;8.020312e-02;3.470912e-01;5.967939e-02;1.114711e-01;3.883652e-02;5.455907e-02;2.016445e-02;3.328997e-02
6.434103e-02;7.826899e-02;8.207787e-02;2.430325e-02;8.550998e-02;3.511932e-01;6.775574e-02;9.976476e-02;4.678272e-02;5.840378e-02;1.844525e-02;2.315342e-02
8.696304e-02;6.523813e-02;7.238602e-02;3.225163e-02;7.274899e-02;3.439754e-01;3.882956e-02;9.944528e-02;6.432355e-02;8.930437e-02;2.214476e-02;1.238930e-02
6.410993e-02;6.469696e-02;5.585093e-02;2.996344e-02;5.979682e-02;2.959888e-01;3.459928e-02;1.875126e-01;8.862924e-02;7.948744e-02;2.378010e-02;1.558448e-02
3.955918e-02;6.930549e-02;5.228601e-02;3.997488e-02;6.614605e-02;3.336843e-01;4.105227e-02;1.635864e-01;8.113717e-02;6.076154e-02;2.578346e-02;2.672316e-02
5.388064e-02;5.405836e-02;6.527283e-02;4.999200e-02;6.861238e-02;3.913188e-01;3.291270e-02;9.763788e-02;7.865936e-02;4.573766e-02;2.654731e-02;3.537007e-02
7.668400e-02;5.499212e-02;4.528821e-02;6.171659e-02;7.148733e-02;3.859046e-01;4.369738e-02;1.174087e-01;7.148795e-02;2.010730e-02;1.886240e-02;3.236345e-02
8.197550e-02;6.255380e-02;3.425789e-02;6.514911e-02;7.280498e-02;3.684284e-01;5.245272e-02;1.117669e-01;5.353502e-02;3.259415e-02;3.390297e-02;3.057859e-02
8.135102e-02;4.171209e-02;5.799379e-02;5.247215e-02;5.076358e-02;3.549625e-01;4.579049e-02;1.404807e-01;5.957648e-02;6.181099e-02;2.469605e-02;2.839018e-02
7.870347e-02;4.003373e-02;5.120721e-02;4.894332e-02;4.029051e-02;3.864542e-01;4.129317e-02;1.432089e-01;4.845201e-02;6.550138e-02;1.062717e-02;4.528499e-02
6.070029e-02;5.861150e-02;5.457439e-02;6.593206e-02;5.797136e-02;3.844843e-01;4.414091e-02;1.449555e-01;2.484506e-02;4.111213e-02;2.564514e-02;3.702739e-02
6.544606e-02;5.995657e-02;6.548252e-02;7.927570e-02;7.436237e-02;3.946297e-01;3.849267e-02;8.859422e-02;3.701807e-02;4.770877e-02;3.726501e-02;1.176840e-02
5.978360e-02;4.625440e-02;5.857344e-02;6.596345e-02;7.974301e-02;4.172893e-01;1.613533e-02;1.076913e-01;4.636357e-02;6.193414e-02;2.994120e-02;1.032721e-02
