7.801650e-02;1.078568e-01;1.264794e-01;7.753772e-02;9.795914e-02;1.020542e-01;8.443870e-02;1.016946e-01;8.041649e-02;3.621924e-02;4.148216e-02;6.584504e-02
8.192798e-02;1.173365e-01;1.000560e-01;6.625602e-02;1.015493e-01;1.272603e-01;6.701276e-02;1.287114e-01;8.651301e-02;3.372168e-02;3.190548e-02;5.774966e-02
7.072054e-02;1.298500e-01;1.424020e-01;5.149794e-02;6.933853e-02;8.968138e-02;4.705307e-02;1.803050e-01;9.598298e-02;3.965538e-02;3.725629e-02;4.625680e-02
4.060667e-02;1.335696e-01;2.259864e-01;2.555711e-02;1.923702e-02;8.644336e-02;3.395538e-02;1.612834e-01;1.126410e-01;7.966270e-02;4.941031e-02;3.164699e-02
3.296858e-02;1.881452e-01;2.431855e-01;2.634670e-02;1.580516e-02;7.208283e-02;1.914405e-02;9.063907e-02;1.093628e-01;1.236294e-01;4.248034e-02;3.621032e-02
3.085683e-02;2.264044e-01;2.266730e-01;2.892285e-02;1.032872e-02;6.902382e-02;1.960874e-02;5.517796e-02;1.312031e-01;1.342743e-01;2.823186e-02;3.929440e-02
2.863601e-02;3.000275e-01;1.855578e-01;2.828900e-02;6.787322e-03;5.064086e-02;1.971440e-02;4.008768e-02;1.913032e-01;9.982751e-02;1.981668e-02;2.931205e-02
2.572359e-02;3.681324e-01;1.533713e-01;2.460255e-02;7.144650e-03;5.076269e-02;1.529279e-02;1.470969e-02;2.393362e-01;6.262433e-02;1.127375e-02;2.702604e-02
3.193895e-02;3.981381e-01;1.168192e-01;2.451401e-02;6.925325e-03;5.414481e-02;1.583004e-02;2.327359e-02;2.351478e-01;4.981667e-02;1.839219e-02;2.505934e-02
3.140962e-02;4.150405e-01;1.084085e-01;2.344927e-02;7.121839e-03;4.687230e-02;1.557688e-02;5.905837e-02;2.236547e-01;2.375394e-02;2.691142e-02;1.874269e-02
5.599212e-02;3.438518e-01;1.056705e-01;1.618859e-02;9.176995e-03;4.766605e-02;3.305026e-02;1.252224e-01;1.887017e-01;2.592417e-02;2.304441e-02;2.551093e-02
6.035145e-02;3.387247e-01;9.718756e-02;1.830916e-02;1.533861e-02;4.119001e-02;5.947607e-02;1.347817e-01;1.611369e-01;2.409855e-02;1.957061e-02;2.983470e-02
4.348134e-02;3.467610e-01;1.588938e-01;3.271922e-02;1.598663e-02;4.933662e-02;3.066511e-02;4.365925e-02;1.445802e-01;9.069724e-02;1.588975e-02;2.732990e-02
2.057963e-02;2.902462e-01;2.075743e-01;2.547147e-02;1.094388e-02;5.867387e-02;1.512668e-02;2.053508e-02;1.308824e-01;1.672114e-01;3.074370e-02;2.201139e-02
1.383129e-02;2.572851e-01;2.488561e-01;1.585091e-02;6.892884e-03;4.659193e-02;1.232803e-02;3.455099e-02;1.199975e-01;1.797428e-01;3.710689e-02;2.696550e-02
9.571617e-03;2.342816e-01;3.106116e-01;1.395808e-02;8.556257e-03;3.045018e-02;1.086260e-02;3.985750e-02;1.028834e-01;1.895848e-01;3.122006e-02;1.816240e-02
1.411290e-02;1.823979e-01;3.776781e-01;8.809000e-03;1.155281e-02;1.463803e-02;2.025560e-02;3.174099e-02;5.922887e-02;2.521211e-01;1.721206e-02;1.025271e-02
1.548895e-02;1.386111e-01;3.876784e-01;1.301228e-02;1.575882e-02;1.275866e-02;2.247991e-02;1.750584e-02;5.515374e-02;3.019181e-01;8.587096e-03;1.104716e-02
1.984825e-02;1.084019e-01;3.784485e-01;1.238751e-02;2.027789e-02;1.004336e-02;3.400964e-02;9.233612e-03;5.722528e-02;3.266750e-01;1.069888e-02;1.275012e-02
1.742610e-02;1.405742e-01;3.712986e-01;1.497086e-02;1.866340e-02;1.112811e-02;4.172257e-02;1.056894e-02;5.189006e-02;3.048574e-01;6.506730e-03;1.039304e-02
1.559012e-02;2.064840e-01;3.533933e-01;1.695408e-02;1.586613e-02;1.578529e-02;4.120696e-02;1.393570e-02;6.552365e-02;2.316120e-01;1.890540e-02;4.743457e-03
3.295307e-02;2.844431e-01;3.298042e-01;1.989143e-02;1.843162e-02;2.636457e-02;3.671591e-02;2.442774e-02;6.984643e-02;1.292351e-01;1.657483e-02;1.131204e-02
4.702665e-02;3.103309e-01;2.974567e-01;1.649428e-02;1.319064e-02;4.485049e-02;2.061163e-02;3.090334e-02;6.157643e-02;1.077910e-01;2.728776e-02;2.248007e-02
4.685181e-02;2.716703e-01;2.635678e-01;1.474346e-02;1.162115e-02;5.679500e-02;1.379814e-02;4.729115e-02;5.514121e-02;1.807166e-01;1.867760e-02;1.912581e-02
5.098012e-02;2.347154e-01;1.687220e-01;2.332408e-02;1.972487e-02;1.005675e-01;2.147126e-02;9.355691e-02;8.635593e-02;1.468113e-01;2.788014e-02;2.589044e-02
4.537064e-02;2.552824e-01;3.103534e-01;4.041649e-02;1.462405e-02;5.663902e-02;2.280236e-02;7.317245e-02;6.724755e-02;7.007827e-02;2.291537e-02;2.109799e-02
5.657572e-02;1.955690e-01;4.319107e-01;5.783411e-02;2.244527e-02;3.792325e-02;2.852837e-02;4.214281e-02;3.628124e-02;6.521375e-02;1.156708e-02;1.400870e-02
6.505395e-02;1.475161e-01;4.888136e-01;5.756278e-02;1.958223e-02;2.936563e-02;3.611720e-02;1.459829e-02;3.964321e-02;8.047959e-02;1.386891e-02;7.398494e-03
5.008043e-02;2.056630e-01;4.912266e-01;4.393732e-02;1.212817e-02;2.001241e-02;2.828368e-02;1.205600e-02;4.321122e-02;8.438326e-02;4.882364e-03;4.135575e-03
3.278929e-02;2.489328e-01;4.762096e-01;3.955318e-02;2.269397e-02;2.718464e-02;1.698299e-02;1.614559e-02;3.300700e-02;7.291080e-02;8.784219e-03;4.805932e-03
3.571152e-02;3.327945e-01;4.199214e-01;4.352928e-02;2.062709e-02;2.590703e-02;1.191576e-02;1.478732e-02;2.543092e-02;4.923386e-02;1.048388e-02;9.657477e-03
4.898787e-02;3.880104e-01;3.597841e-01;4.085209e-02;1.325149e-02;1.125434e-02;1.376746e-02;2.131247e-02;3.488951e-02;4.966355e-02;9.517031e-03;8.709737e-03
5.916220e-02;3.514349e-01;3.537165e-01;3.261939e-02;1.856699e-02;2.607516e-02;1.744219e-02;2.309528e-02;4.120322e-02;5.633796e-02;1.217479e-02;8.171375e-03
7.359967e-02;2.802529e-01;3.737700e-01;2.763865e-02;2.465659e-02;2.574406e-02;2.656016e-02;3.636103e-02;4.068069e-02;6.026839e-02;1.489712e-02;1.557080e-02
6.749555e-02;9.792779e-02;4.456815e-01;3.181330e-02;1.793168e-02;4.227113e-02;3.944696e-02;4.771603e-02;6.296757e-02;1.137213e-01;1.462329e-02;1.840399e-02
5.848476e-02;2.345190e-01;4.128909e-01;3.191853e-02;7.568880e-03;3.457817e-02;2.514569e-02;3.087878e-02;4.017949e-02;1.049257e-01;4.041909e-03;1.486807e-02
6.226293e-02;2.730579e-01;3.877689e-01;3.321862e-02;1.104469e-02;3.619297e-02;1.385505e-02;2.771997e-02;3.575050e-02;9.665665e-02;5.813960e-03;1.665782e-02
8.235967e-02;2.057309e-01;3.372012e-01;3.953209e-02;2.178618e-02;5.646499e-02;1.209808e-02;3.793903e-02;7.599214e-02;9.926054e-02;1.093607e-02;2.069917e-02
1.019510e-01;2.816733e-01;2.484809e-01;3.405007e-02;3.629640e-02;4.847527e-02;2.414332e-02;2.899004e-02;9.454860e-02;6.653349e-02;1.061963e-02;2.423801e-02
9.107899e-02;3.924653e-01;2.655149e-01;2.341315e-02;3.602972e-02;1.713391e-02;2.154278e-02;2.938014e-02;5.499961e-02;4.310498e-02;9.005111e-03;1.633132e-02
8.929970e-02;4.346103e-01;2.805343e-01;2.233831e-02;2.939856e-02;6.079054e-03;2.621278e-02;2.546281e-02;3.434366e-02;2.613149e-02;1.523470e-02;1.035432e-02
9.644056e-02;4.019131e-01;2.483885e-01;2.001767e-02;1.878799e-02;2.954862e-02;4.001798e-02;5.212676e-02;2.920440e-02;2.175114e-02;2.235567e-02;1.944761e-02
9.745010e-02;3.079205e-01;1.969638e-01;2.507126e-02;1.250370e-02;3.844023e-02;7.249510e-02;9.676468e-02;3.504273e-02;5.402380e-02;2.172415e-02;4.159991e-02
6.529845e-02;2.892559e-01;2.337965e-01;2.648832e-02;8.858679e-03;4.670172e-02;6.890690e-02;8.070527e-02;4.509363e-02;6.806833e-02;1.749246e-02;4.933394e-02
9.958068e-02;3.282494e-01;2.274398e-01;2.108532e-02;1.154210e-02;4.515914e-02;3.106084e-02;5.911278e-02;4.700633e-02;7.824004e-02;1.361542e-02;3.790818e-02
1.157294e-01;3.454735e-01;1.642267e-01;1.788623e-02;1.407041e-02;4.957457e-02;3.020560e-02;7.630548e-02;6.397945e-02;8.169156e-02;1.264957e-02;2.820747e-02
1.088544e-01;3.485329e-01;2.028139e-01;1.517822e-02;1.959860e-02;4.755413e-02;2.272957e-02;7.864365e-02;5.253988e-02;7.711587e-02;8.249935e-03;1.818893e-02
1.082227e-01;3.442459e-01;2.543544e-01;1.426053e-02;2.463342e-02;3.693800e-02;2.191396e-02;7.713091e-02;2.199682e-02;6.860103e-02;1.034245e-02;1.735985e-02
1.069479e-01;3.906484e-01;2.168828e-01;1.628787e-02;3.278873e-02;2.879909e-02;1.646051e-02;8.038162e-02;2.202376e-02;5.671690e-02;1.192697e-02;2.013542e-02
1.165571e-01;3.919702e-01;1.707773e-01;1.373390e-02;4.919356e-02;2.263701e-02;1.783041e-02;1.051421e-01;2.352428e-02;4.758734e-02;1.824047e-02;2.280632e-02
9.974232e-02;3.556925e-01;2.073725e-01;2.438806e-02;5.307476e-02;3.201451e-02;3.918862e-02;6.712709e-02;3.026158e-02;4.133203e-02;2.592743e-02;2.387859e-02
9.704294e-02;2.350397e-01;1.960465e-01;3.697478e-02;5.272695e-02;5.321394e-02;5.953747e-02;1.234197e-01;4.802258e-02;3.523847e-02;2.248749e-02;4.024938e-02
1.380572e-01;1.491076e-01;1.497887e-01;3.488671e-02;5.464296e-02;3.915805e-02;5.857592e-02;2.257839e-01;5.421675e-02;3.317971e-02;2.952732e-02;3.307528e-02
2.155380e-01;7.493301e-02;9.745709e-02;2.035160e-02;5.705453e-02;1.661991e-02;4.622200e-02;3.467685e-01;4.689172e-02;2.575564e-02;3.658072e-02;1.582730e-02
2.504205e-01;6.085806e-02;8.967520e-02;1.189899e-02;4.363088e-02;2.089763e-02;3.745869e-02;3.660553e-01;3.185336e-02;3.229101e-02;2.380989e-02;3.115054e-02
2.386823e-01;9.271262e-02;1.035529e-01;1.669439e-02;3.732129e-02;2.609909e-02;5.911997e-02;2.974496e-01;3.212483e-02;4.391626e-02;1.908727e-02;3.323953e-02
2.084482e-01;1.274970e-01;1.146105e-01;2.000919e-02;4.539614e-02;3.844324e-02;8.116662e-02;2.362074e-01;2.982921e-02;3.291149e-02;2.358568e-02;4.189539e-02
1.787389e-01;9.785932e-02;8.113626e-02;3.262382e-02;3.849333e-02;5.649291e-02;1.085820e-01;2.196990e-01;3.368343e-02;5.235936e-02;2.173105e-02;7.860052e-02
1.376254e-01;7.186957e-02;5.771444e-02;4.857430e-02;1.775867e-02;7.036950e-02;1.363928e-01;2.104289e-01;3.314446e-02;7.686270e-02;2.633274e-02;1.129265e-01
8.182023e-02;1.198027e-01;7.649187e-02;4.606789e-02;1.802170e-02;7.908463e-02;1.454248e-01;1.833688e-01;3.260736e-02;7.532691e-02;1.890597e-02;1.230772e-01
8.653023e-02;1.320446e-01;8.146627e-02;5.488846e-02;1.934442e-02;7.979541e-02;1.292398e-01;1.610594e-01;3.074739e-02;8.485983e-02;2.038099e-02;1.196431e-01
1.160666e-01;9.523806e-02;5.527256e-02;6.959899e-02;1.933109e-02;7.768011e-02;1.367093e-01;1.511290e-01;3.061038e-02;1.006280e-01;1.239280e-02;1.353432e-01
1.022610e-01;1.054299e-01;6.499372e-02;7.570419e-02;1.060919e-02;6.707531e-02;1.393087e-01;1.441946e-01;2.978450e-02;1.208377e-01;9.586622e-03;1.302147e-01
1.399188e-01;1.132124e-01;7.361589e-02;6.576195e-02;8.313555e-03;5.243608e-02;1.173638e-01;1.610344e-01;2.885960e-02;1.133171e-01;1.064647e-02;1.155201e-01
2.012706e-01;1.045051e-01;6.567049e-02;3.294872e-02;1.345709e-02;4.700810e-02;9.966791e-02;2.089358e-01;3.089239e-02;8.308784e-02;1.333626e-02;9.921977e-02
2.248966e-01;1.012533e-01;1.016802e-01;1.658129e-02;2.518630e-02;3.729660e-02;8.139563e-02;2.469220e-01;2.396144e-02;4.173807e-02;1.030223e-02;8.878633e-02
2.096630e-01;1.368118e-01;1.418247e-01;1.006510e-02;3.098828e-02;2.423116e-02;4.581722e-02;2.609905e-01;2.464455e-02;2.274891e-02;2.355580e-02;6.865898e-02
1.867547e-01;1.439642e-01;1.329065e-01;1.643704e-02;3.217440e-02;1.359378e-02;7.769865e-02;2.596510e-01;2.612271e-02;2.547133e-02;2.621013e-02;5.901555e-02
1.648513e-01;1.700287e-01;8.985193e-02;2.528986e-02;2.088355e-02;1.281649e-02;1.392030e-01;2.211274e-01;2.577768e-02;3.397244e-02;2.767972e-02;6.851787e-02
1.476617e-01;1.713641e-01;1.162279e-01;3.417096e-02;1.705297e-02;4.637808e-02;1.279639e-01;1.238734e-01;4.465405e-02;4.807668e-02;3.383939e-02;8.873694e-02
1.543512e-01;1.848773e-01;1.695582e-01;3.342851e-02;2.140248e-02;7.240728e-02;7.193870e-02;7.836749e-02;5.416210e-02;4.576393e-02;4.019963e-02;7.354324e-02
1.371966e-01;1.990109e-01;2.009555e-01;3.514113e-02;2.487047e-02;8.091028e-02;4.444390e-02;9.937421e-02;4.267310e-02;4.167040e-02;2.702034e-02;6.673306e-02
8.088763e-02;2.169648e-01;1.620386e-01;3.274392e-02;3.847444e-02;5.437577e-02;6.657489e-02;1.494369e-01;4.254550e-02;5.214112e-02;2.222140e-02;8.159510e-02
1.364802e-01;1.985783e-01;1.238309e-01;3.090638e-02;3.771918e-02;4.263751e-02;3.766611e-02;1.837269e-01;4.432832e-02;4.860785e-02;2.653085e-02;8.898744e-02
1.420151e-01;2.469864e-01;2.180845e-01;2.246731e-02;2.247422e-02;2.007703e-02;5.330804e-02;1.242629e-01;2.058499e-02;4.679063e-02;1.074713e-02;7.220171e-02
1.216242e-01;2.500741e-01;2.513770e-01;2.463301e-02;2.270254e-02;1.795541e-02;5.924696e-02;1.037767e-01;2.527303e-02;4.376074e-02;1.094733e-02;6.862900e-02
9.728684e-02;2.492258e-01;2.455392e-01;2.468356e-02;2.561444e-02;1.862876e-02;4.179994e-02;1.456156e-01;2.541205e-02;4.811434e-02;1.043947e-02;6.764001e-02
1.354607e-01;2.385551e-01;1.389425e-01;3.246542e-02;2.481379e-02;2.682899e-02;4.684094e-02;1.940826e-01;2.482250e-02;6.136553e-02;2.107167e-02;5.475022e-02
1.130353e-01;2.377737e-01;1.780887e-01;3.553505e-02;2.863882e-02;5.800834e-02;8.602224e-02;1.303880e-01;3.020086e-02;5.249363e-02;2.907543e-02;2.073987e-02
7.474213e-02;2.366486e-01;1.955537e-01;3.994370e-02;3.868804e-02;8.878328e-02;7.880439e-02;7.332909e-02;5.580060e-02;4.051032e-02;4.442846e-02;3.276765e-02
5.376818e-02;2.264258e-01;1.879136e-01;2.903699e-02;3.646562e-02;7.907969e-02;1.005943e-01;1.264429e-01;6.296095e-02;3.463361e-02;4.043603e-02;2.224244e-02
7.451475e-02;2.345613e-01;1.714009e-01;1.279932e-02;3.068483e-02;4.544513e-02;1.112554e-01;1.556190e-01;7.193013e-02;2.622887e-02;3.711295e-02;2.844747e-02
9.064785e-02;1.649507e-01;1.215663e-01;1.841852e-02;2.722050e-02;5.650003e-02;8.934487e-02;2.076422e-01;9.019933e-02;4.380929e-02;3.510630e-02;5.459418e-02
5.142438e-02;1.364674e-01;1.190281e-01;2.450746e-02;2.537682e-02;9.001952e-02;8.175401e-02;2.220753e-01;1.067188e-01;7.209983e-02;2.510084e-02;4.542751e-02
8.708200e-02;2.054322e-01;1.566827e-01;2.175877e-02;2.542455e-02;5.261855e-02;3.767568e-02;1.911212e-01;9.835406e-02;6.623547e-02;2.049820e-02;3.711670e-02
1.181433e-01;1.872388e-01;1.423150e-01;2.911801e-02;1.972842e-02;4.801102e-02;9.074123e-02;1.660207e-01;6.662155e-02;6.675578e-02;1.736430e-02;4.794190e-02
1.160412e-01;2.287337e-01;1.060521e-01;3.718955e-02;2.270440e-02;3.924704e-02;7.593152e-02;1.679523e-01;5.083313e-02;8.087040e-02;1.895691e-02;5.548765e-02
8.898691e-02;2.724871e-01;1.689549e-01;3.710805e-02;1.349572e-02;2.453415e-02;1.106674e-02;1.681863e-01;4.429337e-02;8.007524e-02;2.639283e-02;6.441866e-02
8.079477e-02;1.955969e-01;1.504790e-01;4.208425e-02;2.102982e-02;3.271441e-02;6.983081e-02;1.793890e-01;4.978898e-02;6.694862e-02;3.777686e-02;7.356658e-02
1.046576e-01;8.495216e-02;1.353261e-01;5.179016e-02;3.878829e-02;5.134388e-02;9.620964e-02;2.090051e-01;5.716071e-02;6.059379e-02;4.214063e-02;6.803204e-02
7.119861e-02;1.128390e-01;1.348888e-01;6.958281e-02;5.709391e-02;8.496676e-02;4.194644e-02;1.001227e-01;7.349516e-02;7.589490e-02;9.495819e-02;8.301264e-02
4.887843e-02;1.257115e-01;1.366841e-01;6.174909e-02;4.353155e-02;9.186366e-02;4.536664e-02;6.343958e-02;1.041848e-01;1.095121e-01;9.950162e-02;6.957695e-02
6.368940e-02;1.919155e-01;1.305065e-01;4.081854e-02;3.402872e-02;8.087595e-02;4.417274e-02;7.688628e-02;1.183578e-01;9.488291e-02;6.692971e-02;5.693591e-02
7.531119e-02;2.794960e-01;1.165409e-01;2.967325e-02;2.735646e-02;6.347731e-02;3.786434e-02;7.306544e-02;1.463773e-01;6.487308e-02;3.762694e-02;4.833778e-02
8.619901e-02;3.694381e-01;1.070839e-01;2.287531e-02;2.390224e-02;3.456974e-02;4.110588e-02;7.560661e-02;1.430261e-01;2.728521e-02;3.179785e-02;3.710997e-02
1.041169e-01;3.737710e-01;1.083642e-01;2.469226e-02;2.329415e-02;1.866450e-02;4.440873e-02;9.251980e-02;1.214197e-01;3.203182e-02;3.068993e-02;2.602694e-02
1.068651e-01;3.811107e-01;1.070055e-01;1.522939e-02;1.621539e-02;1.962248e-02;3.573526e-02;9.421895e-02;1.383663e-01;3.338950e-02;2.651339e-02;2.572813e-02
1.435525e-01;3.825722e-01;8.927223e-02;9.659057e-03;1.850826e-02;2.176874e-02;2.956928e-02;1.201649e-01;1.258312e-01;2.172935e-02;1.579768e-02;2.157456e-02
1.309517e-01;3.919594e-01;8.436171e-02;1.402587e-02;1.665680e-02;1.869003e-02;2.561285e-02;1.353372e-01;1.247025e-01;2.050799e-02;2.197420e-02;1.521966e-02
9.478950e-02;3.717051e-01;1.104213e-01;1.296806e-02;1.673243e-02;1.879810e-02;3.666219e-02;1.473462e-01;1.274462e-01;2.387040e-02;2.402086e-02;1.523966e-02
7.966802e-02;3.038347e-01;1.461115e-01;1.071925e-02;1.859588e-02;4.255831e-02;6.271119e-02;1.475983e-01;1.185179e-01;3.168454e-02;2.110178e-02;1.689864e-02
6.212849e-02;2.871333e-01;1.852212e-01;1.189280e-02;1.894451e-02;7.050207e-02;6.218431e-02;1.091519e-01;1.146674e-01;3.709727e-02;2.082870e-02;2.024795e-02
4.656962e-02;3.162264e-01;1.896283e-01;2.075863e-02;2.787666e-02;5.080986e-02;4.523474e-02;8.047023e-02;1.335071e-01;4.823044e-02;2.140804e-02;1.928006e-02
7.493339e-02;3.083328e-01;1.911497e-01;2.732975e-02;2.897002e-02;2.521829e-02;6.094748e-02;8.208029e-02;1.106342e-01;1.899238e-02;3.730905e-02;3.410268e-02
8.490213e-02;2.809770e-01;2.229766e-01;3.715866e-02;2.962554e-02;2.495638e-02;6.741064e-02;7.004815e-02;7.202759e-02;3.211817e-02;3.458524e-02;4.321386e-02
8.628848e-02;2.682651e-01;2.267008e-01;4.093512e-02;2.905617e-02;4.226492e-02;3.218181e-02;1.013508e-01;7.619700e-02;4.384435e-02;3.759216e-02;1.532335e-02
1.065452e-01;2.589408e-01;1.844529e-01;2.818296e-02;2.729227e-02;5.410609e-02;4.222735e-02;8.433303e-02;7.885886e-02;3.337822e-02;6.217494e-02;3.950733e-02
6.482629e-02;2.572758e-01;2.406466e-01;3.386082e-02;3.095891e-02;7.170191e-02;5.182851e-02;8.849354e-02;4.923088e-02;2.795224e-02;4.694484e-02;3.627963e-02
6.138281e-02;3.206116e-01;2.962937e-01;3.573173e-02;2.649770e-02;7.293653e-02;2.432472e-02;6.332687e-02;3.835194e-02;2.203542e-02;1.882705e-02;1.967989e-02
6.567547e-02;3.984218e-01;3.097735e-01;2.730034e-02;1.615798e-02;4.545353e-02;1.502680e-02;4.688741e-02;3.241083e-02;1.399166e-02;1.304413e-02;1.585646e-02
7.663126e-02;4.364895e-01;2.657376e-01;1.948679e-02;9.511641e-03;2.684761e-02;2.719351e-02;6.497594e-02;3.076058e-02;1.181290e-02;1.500880e-02;1.554390e-02
1.158642e-01;3.847766e-01;2.264676e-01;2.331472e-02;2.213370e-02;2.587950e-02;3.980700e-02;6.550207e-02;4.481350e-02;7.076959e-03;2.239853e-02;2.196563e-02
1.628679e-01;2.535866e-01;1.399653e-01;2.243611e-02;4.006026e-02;3.969710e-02;4.180057e-02;1.312173e-01;8.169474e-02;1.328353e-02;2.616053e-02;4.722999e-02
1.197148e-01;2.700597e-01;1.237165e-01;3.633997e-02;2.429991e-02;4.764467e-02;3.894024e-02;1.651406e-01;7.095487e-02;2.759039e-02;1.755175e-02;5.804659e-02
8.621896e-02;3.207738e-01;1.680143e-01;4.553044e-02;1.606153e-02;4.190531e-02;4.961788e-02;9.136309e-02;6.661869e-02;4.012618e-02;1.788902e-02;5.588086e-02
9.618326e-02;3.377085e-01;1.584593e-01;3.823442e-02;1.229900e-02;3.645458e-02;5.240513e-02;5.613410e-02;1.006334e-01;3.615944e-02;1.843305e-02;5.689585e-02
1.369438e-01;2.714426e-01;1.383191e-01;2.686711e-02;2.624989e-02;2.886027e-02;3.426120e-02;1.165225e-01;1.115504e-01;3.385599e-02;2.701642e-02;4.811067e-02
1.499385e-01;2.946731e-01;1.874719e-01;3.226519e-02;4.550562e-02;2.976888e-02;2.477397e-02;1.157934e-01;5.295004e-02;1.855453e-02;1.741434e-02;3.089051e-02
1.399063e-01;3.137033e-01;1.963859e-01;3.444371e-02;5.467625e-02;2.130191e-02;3.102022e-02;1.196565e-01;3.975910e-02;1.179067e-02;1.205388e-02;2.530226e-02
1.252563e-01;3.602973e-01;1.987725e-01;2.839913e-02;5.229117e-02;1.513666e-02;3.534726e-02;9.307044e-02;3.483065e-02;1.103830e-02;2.192161e-02;2.363867e-02
1.063238e-01;4.096900e-01;2.212813e-01;2.187916e-02;2.908735e-02;1.241258e-02;4.587272e-02;5.377210e-02;3.353309e-02;1.488696e-02;2.930630e-02;2.195455e-02
8.356452e-02;3.758258e-01;2.477482e-01;2.305427e-02;2.469784e-02;3.225425e-02;4.539398e-02;5.700193e-02;3.312991e-02;1.961247e-02;3.247938e-02;2.523750e-02
6.662782e-02;2.674966e-01;2.819212e-01;1.932159e-02;3.167584e-02;6.109527e-02;3.631862e-02;9.402678e-02;5.176160e-02;2.518691e-02;3.255380e-02;3.201396e-02
1.000269e-01;2.171144e-01;2.773577e-01;1.714103e-02;2.673805e-02;3.882246e-02;2.330392e-02;1.170945e-01;1.021042e-01;3.163016e-02;1.996298e-02;2.870361e-02
1.310431e-01;2.736555e-01;2.102348e-01;1.685992e-02;2.432811e-02;5.761082e-02;3.478730e-02;7.407944e-02;8.627806e-02;3.516902e-02;2.140470e-02;3.454932e-02
1.361789e-01;2.810636e-01;1.999838e-01;2.247041e-02;2.823651e-02;5.674232e-02;4.518420e-02;7.409500e-02;4.813796e-02;3.753157e-02;1.889013e-02;5.148563e-02
1.247013e-01;3.230532e-01;2.196187e-01;1.892362e-02;1.522241e-02;2.960850e-02;3.516452e-02;7.892849e-02;4.866846e-02;2.780255e-02;3.235047e-02;4.595787e-02
7.192845e-02;3.642450e-01;2.375642e-01;1.460985e-02;1.616855e-02;4.364315e-02;3.953314e-02;5.404989e-02;4.781423e-02;1.940008e-02;3.599008e-02;5.505335e-02
5.771794e-02;3.344737e-01;1.852006e-01;3.692023e-02;2.211366e-02;6.186671e-02;5.248817e-02;7.573333e-02;4.999875e-02;3.093759e-02;3.026466e-02;6.228456e-02
6.997524e-02;2.956084e-01;1.412610e-01;4.789200e-02;2.707667e-02;7.871673e-02;7.832251e-02;9.205492e-02;5.768225e-02;2.951844e-02;2.641418e-02;5.547762e-02
8.693305e-02;2.694377e-01;1.181858e-01;3.657118e-02;4.754214e-02;6.255381e-02;9.085022e-02;1.166720e-01;6.832312e-02;3.025491e-02;3.417794e-02;3.849819e-02
1.247259e-01;2.295928e-01;1.722216e-01;3.257477e-02;5.078875e-02;5.265130e-02;6.594889e-02;1.329413e-01;5.127889e-02;2.355639e-02;3.288558e-02;3.083391e-02
1.928913e-01;2.046577e-01;1.836547e-01;2.939822e-02;5.383059e-02;2.965108e-02;2.929531e-02;1.724633e-01;3.586125e-02;1.245345e-02;3.193991e-02;2.390329e-02
2.370262e-01;1.676240e-01;1.684806e-01;1.861971e-02;4.936955e-02;2.998799e-02;3.468518e-02;2.213604e-01;2.300859e-02;6.091967e-03;2.563336e-02;1.811249e-02
2.045657e-01;1.589327e-01;1.543688e-01;2.780529e-02;3.178712e-02;4.684362e-02;4.213449e-02;2.415228e-01;2.488261e-02;1.070295e-02;1.537491e-02;4.107901e-02
1.066688e-01;1.331385e-01;9.421577e-02;5.746958e-02;2.758968e-02;6.492356e-02;1.609962e-01;2.027985e-01;2.763275e-02;2.305737e-02;1.718544e-02;8.432391e-02
5.131885e-02;1.362477e-01;5.469304e-02;1.109822e-01;2.325069e-02;5.178350e-02;2.551042e-01;1.323058e-01;2.390210e-02;2.576268e-02;1.134533e-02;1.233040e-01
5.288269e-02;1.537886e-01;4.384929e-02;1.555370e-01;1.187660e-02;4.509854e-02;3.003992e-01;5.926979e-02;1.658227e-02;1.897139e-02;9.046014e-03;1.326987e-01
3.923671e-02;1.607473e-01;4.247519e-02;1.710293e-01;1.048853e-02;3.093486e-02;3.305817e-01;4.666944e-02;1.218261e-02;1.390357e-02;7.409230e-03;1.343415e-01
4.664267e-02;1.661963e-01;4.174955e-02;1.649004e-01;9.167738e-03;4.505571e-02;3.198504e-01;3.979648e-02;1.767810e-02;1.453305e-02;1.065313e-02;1.237765e-01
4.582642e-02;1.606573e-01;5.153849e-02;1.335759e-01;1.700897e-02;9.013015e-02;2.775508e-01;4.416474e-02;2.894179e-02;2.147077e-02;2.356532e-02;1.055693e-01
7.686617e-02;2.079569e-01;1.045508e-01;7.734720e-02;1.958268e-02;1.091525e-01;1.786108e-01;4.459662e-02;4.303244e-02;2.534774e-02;2.603646e-02;8.691968e-02
1.159219e-01;2.866778e-01;1.455109e-01;3.548491e-02;1.833699e-02;7.942144e-02;9.674882e-02;3.728905e-02;3.969160e-02;3.567801e-02;2.188726e-02;8.735116e-02
9.672613e-02;2.482023e-01;1.074921e-01;4.070377e-02;2.628550e-02;5.144403e-02;1.492734e-01;7.184906e-02;2.715894e-02;3.218284e-02;2.010834e-02;1.285736e-01
7.125976e-02;1.800300e-01;7.262384e-02;8.157268e-02;2.711270e-02;5.671749e-02;2.149694e-01;8.262444e-02;2.023393e-02;2.275726e-02;3.275450e-02;1.373440e-01
5.689106e-02;1.352315e-01;4.616529e-02;1.245802e-01;1.940087e-02;5.985656e-02;2.831493e-01;6.746250e-02;2.812593e-02;1.819452e-02;2.034674e-02;1.405955e-01
5.242474e-02;1.137395e-01;4.075264e-02;1.027244e-01;2.242617e-02;7.139112e-02;3.303643e-01;6.110255e-02;3.801011e-02;2.132769e-02;2.098276e-02;1.247541e-01
6.648998e-02;1.139589e-01;3.494971e-02;3.498348e-02;2.749227e-02;7.698056e-02;3.760059e-01;7.299364e-02;5.121148e-02;1.705636e-02;2.180226e-02;1.060754e-01
4.786424e-02;1.109168e-01;3.491658e-02;1.269924e-02;3.957491e-02;6.817193e-02;3.816788e-01;8.254994e-02;4.656956e-02;1.676868e-02;2.720475e-02;1.310845e-01
4.133061e-02;1.038660e-01;3.224442e-02;2.509245e-02;6.009815e-02;7.242117e-02;3.749849e-01;9.743334e-02;3.621490e-02;1.789430e-02;2.020908e-02;1.182107e-01
3.574643e-02;9.306490e-02;4.340255e-02;2.416044e-02;9.219444e-02;7.536539e-02;3.543562e-01;1.130582e-01;3.554929e-02;1.723722e-02;1.845573e-02;9.740926e-02
3.140201e-02;7.178073e-02;3.607628e-02;1.563042e-02;1.067813e-01;9.343747e-02;3.571344e-01;1.158090e-01;4.167287e-02;1.750689e-02;2.259495e-02;9.017370e-02
3.320608e-02;6.389014e-02;3.468223e-02;2.173892e-02;7.079741e-02;9.782051e-02;3.779728e-01;1.231767e-01;3.983392e-02;1.129392e-02;1.275479e-02;1.128326e-01
3.503233e-02;6.274290e-02;5.465740e-02;3.525061e-02;4.343388e-02;1.403920e-01;3.166186e-01;1.148489e-01;3.456597e-02;1.272250e-02;2.990274e-02;1.198322e-01
5.162590e-02;8.378989e-02;6.196261e-02;4.455095e-02;3.882749e-02;1.899976e-01;2.070954e-01;1.027682e-01;4.908025e-02;2.179782e-02;5.739855e-02;9.110530e-02
5.661865e-02;1.271042e-01;1.043425e-01;4.442605e-02;4.964836e-02;2.013178e-01;1.557235e-01;7.033850e-02;5.576668e-02;2.546899e-02;5.840988e-02;5.083501e-02
6.698244e-02;1.700736e-01;1.246612e-01;3.437985e-02;4.385698e-02;1.443191e-01;1.892043e-01;4.895326e-02;5.634158e-02;2.410544e-02;3.949897e-02;5.762323e-02
8.458649e-02;1.421356e-01;9.355907e-02;1.243443e-02;3.280635e-02;7.177280e-02;2.212523e-01;1.090326e-01;8.616401e-02;3.116815e-02;4.087777e-02;7.421051e-02
7.319642e-02;1.597565e-01;1.092089e-01;3.185115e-02;2.809547e-02;7.262455e-02;1.794218e-01;1.059683e-01;6.393875e-02;2.559939e-02;3.974090e-02;1.105980e-01
5.282251e-02;1.475866e-01;8.399919e-02;4.836005e-02;1.594014e-02;7.928572e-02;2.372785e-01;9.614570e-02;4.147447e-02;1.706721e-02;2.850332e-02;1.515366e-01
4.077360e-02;1.088031e-01;2.789156e-02;6.441426e-02;6.369852e-03;5.716451e-02;3.492593e-01;8.324523e-02;2.300515e-02;1.451624e-02;1.225635e-02;2.123008e-01
2.920118e-02;1.036661e-01;2.219279e-02;6.150587e-02;5.752398e-03;3.473991e-02;3.980235e-01;6.565388e-02;2.280421e-02;1.655054e-02;1.909988e-02;2.208097e-01
2.541734e-02;1.089313e-01;3.523910e-02;4.790793e-02;6.282055e-03;8.176210e-02;3.900633e-01;4.714318e-02;3.416603e-02;1.691496e-02;1.703332e-02;1.891394e-01
3.420063e-02;9.711783e-02;3.646995e-02;3.468516e-02;1.159259e-02;1.498075e-01;3.652784e-01;2.965451e-02;3.682346e-02;2.047381e-02;2.908476e-02;1.548114e-01
3.879556e-02;8.549222e-02;7.650832e-02;2.201542e-02;1.836730e-02;1.681583e-01;2.928833e-01;5.583535e-02;5.704224e-02;3.094607e-02;4.147284e-02;1.124830e-01
7.158244e-02;2.212646e-01;1.517380e-01;2.179132e-02;1.382099e-02;1.150266e-01;1.320483e-01;6.923930e-02;6.699899e-02;2.599242e-02;3.106393e-02;7.943309e-02
9.230914e-02;3.134480e-01;1.452453e-01;1.754781e-02;1.238785e-02;8.199443e-02;9.994227e-02;5.918515e-02;4.999601e-02;2.274248e-02;2.622970e-02;7.897184e-02
1.116256e-01;3.109891e-01;1.238644e-01;1.572532e-02;1.170504e-02;5.363078e-02;1.536039e-01;4.936233e-02;4.496001e-02;2.380624e-02;1.989130e-02;8.083601e-02
1.142609e-01;2.919119e-01;9.085399e-02;1.643880e-02;5.767817e-03;6.556227e-02;1.815592e-01;5.723835e-02;3.883209e-02;2.625159e-02;1.580838e-02;9.551461e-02
1.074614e-01;2.830455e-01;9.465558e-02;2.354414e-02;8.408760e-03;5.490915e-02;1.732711e-01;5.675738e-02;3.736578e-02;2.576098e-02;1.750642e-02;1.173138e-01
1.301981e-01;3.005931e-01;9.451619e-02;2.863794e-02;1.615454e-02;3.853183e-02;1.235317e-01;6.090918e-02;3.215817e-02;3.326904e-02;2.017665e-02;1.213235e-01
1.079440e-01;2.698855e-01;1.175954e-01;3.433429e-02;1.505392e-02;8.914835e-02;1.194736e-01;6.924262e-02;3.874752e-02;2.506474e-02;2.150314e-02;9.200688e-02
8.791696e-02;2.363777e-01;1.013934e-01;3.333170e-02;1.101834e-02;1.110101e-01;1.850431e-01;6.358959e-02;2.884807e-02;2.145896e-02;1.669314e-02;1.033189e-01
8.626219e-02;2.098133e-01;8.135037e-02;3.522721e-02;9.656004e-03;1.125207e-01;2.272638e-01;6.650108e-02;2.364385e-02;1.876088e-02;1.207778e-02;1.169228e-01
8.547511e-02;2.226679e-01;8.902610e-02;6.032050e-02;7.520962e-03;9.294215e-02;1.942976e-01;8.317589e-02;2.533478e-02;1.419331e-02;1.029129e-02;1.147544e-01
9.753329e-02;2.529643e-01;1.030457e-01;7.663622e-02;7.826218e-03;4.117641e-02;1.322596e-01;8.449750e-02;2.556355e-02;2.347841e-02;1.654014e-02;1.384786e-01
9.461270e-02;2.351640e-01;9.655517e-02;6.307255e-02;1.070287e-02;4.339103e-02;1.311327e-01;8.453262e-02;3.159205e-02;2.659003e-02;1.848407e-02;1.641703e-01
8.307220e-02;2.331621e-01;4.566154e-02;3.856365e-02;9.886641e-03;6.496118e-02;2.173053e-01;7.219236e-02;3.354363e-02;2.564400e-02;1.902932e-02;1.569781e-01
8.452934e-02;2.570300e-01;1.257069e-01;2.087174e-02;6.192401e-03;5.901913e-02;2.017634e-01;9.338849e-02;3.462238e-02;2.283197e-02;1.015860e-02;8.388572e-02
9.312482e-02;2.803602e-01;1.360594e-01;1.454441e-02;6.152499e-03;6.579825e-02;1.577454e-01;9.044258e-02;3.664492e-02;2.089363e-02;1.064159e-02;8.759235e-02
1.004535e-01;2.922070e-01;1.157913e-01;1.134691e-02;5.139286e-03;8.630610e-02;1.295780e-01;7.004210e-02;3.706634e-02;2.150461e-02;1.723358e-02;1.133312e-01
1.051072e-01;2.601404e-01;8.363914e-02;1.297715e-02;1.235661e-02;8.724690e-02;1.388565e-01;7.695457e-02;5.759423e-02;2.813849e-02;2.131638e-02;1.156724e-01
1.025394e-01;2.774091e-01;1.023864e-01;1.565119e-02;1.113476e-02;8.062927e-02;9.236570e-02;8.194299e-02;6.877963e-02;3.541237e-02;3.496588e-02;9.678333e-02
1.073154e-01;2.763026e-01;1.369384e-01;2.220958e-02;2.416349e-02;7.927583e-02;4.784935e-02;7.533043e-02;7.593326e-02;3.419251e-02;4.286646e-02;7.762270e-02
1.039033e-01;2.317237e-01;1.334472e-01;2.970183e-02;3.107277e-02;8.689539e-02;5.290745e-02;1.006410e-01;6.608960e-02;3.587373e-02;5.686806e-02;7.087607e-02
1.258498e-01;2.633827e-01;1.406718e-01;2.439961e-02;2.685821e-02;5.714836e-02;2.536578e-02;1.239992e-01;4.436082e-02;2.893519e-02;7.782093e-02;6.120762e-02
1.212206e-01;3.804866e-01;1.633433e-01;9.327867e-03;1.769842e-02;1.899512e-02;4.909341e-02;8.171440e-02;2.674862e-02;1.316708e-02;7.729147e-02;4.091318e-02
1.154823e-01;4.366854e-01;1.608019e-01;6.852046e-03;1.250546e-02;1.937988e-02;5.409575e-02;4.209382e-02;2.110342e-02;1.519246e-02;7.673189e-02;3.907566e-02
1.150001e-01;4.401333e-01;1.700404e-01;6.594222e-03;1.573039e-02;1.782128e-02;5.296337e-02;5.121785e-02;2.054864e-02;1.394704e-02;6.459919e-02;3.140423e-02
1.327393e-01;4.164227e-01;1.301536e-01;1.068996e-02;1.962951e-02;3.364822e-02;6.150651e-02;7.636297e-02;2.012881e-02;1.380848e-02;5.499728e-02;2.991266e-02
1.385055e-01;3.857431e-01;1.082520e-01;7.936439e-03;2.396426e-02;4.607632e-02;6.589437e-02;1.100426e-01;2.558430e-02;1.182873e-02;5.069829e-02;2.547407e-02
1.401881e-01;3.768963e-01;1.578704e-01;8.828546e-03;2.307013e-02;3.153374e-02;4.566090e-02;9.747594e-02;1.853829e-02;1.222142e-02;4.860538e-02;3.911089e-02
1.326196e-01;3.522614e-01;1.894384e-01;9.763037e-03;2.738637e-02;2.374282e-02;3.981728e-02;9.747680e-02;1.721874e-02;1.020411e-02;6.466268e-02;3.540873e-02
1.491929e-01;2.893467e-01;1.934175e-01;9.014551e-03;2.887172e-02;1.742761e-02;4.319765e-02;1.119970e-01;1.757177e-02;9.753812e-03;8.742915e-02;4.277967e-02
1.949851e-01;2.181072e-01;1.828217e-01;9.796383e-03;2.087217e-02;3.160255e-02;4.973370e-02;1.427816e-01;2.650161e-02;1.016041e-02;6.765665e-02;4.498094e-02
2.096700e-01;2.562929e-01;1.919280e-01;1.939163e-02;1.233326e-02;3.980066e-02;1.457555e-02;1.418652e-01;3.680404e-02;1.231746e-02;2.679092e-02;3.823033e-02
1.539798e-01;2.393951e-01;1.600808e-01;3.987949e-02;1.797044e-02;7.967877e-02;5.957381e-02;1.182631e-01;4.858219e-02;1.974822e-02;1.426670e-02;4.858162e-02
9.531555e-02;1.907829e-01;1.096466e-01;5.119190e-02;3.222099e-02;1.326819e-01;1.427292e-01;9.063729e-02;4.685669e-02;2.902066e-02;1.612591e-02;6.279043e-02
6.214090e-02;1.488590e-01;8.606337e-02;3.772794e-02;3.101463e-02;1.451020e-01;2.346542e-01;7.476810e-02;4.380252e-02;3.320315e-02;1.743430e-02;8.522975e-02
3.551926e-02;1.247431e-01;1.016834e-01;2.460980e-02;3.614492e-02;1.376383e-01;2.278056e-01;9.264537e-02;7.129531e-02;3.534118e-02;3.493819e-02;7.763557e-02
5.160196e-02;1.502962e-01;9.293813e-02;1.375046e-02;3.447307e-02;1.497720e-01;1.017742e-01;1.054932e-01;1.159127e-01;6.101128e-02;6.454767e-02;5.842911e-02
5.569697e-02;1.533735e-01;1.078747e-01;7.436010e-03;2.226916e-02;1.834294e-01;5.757615e-02;8.176699e-02;1.268770e-01;6.980718e-02;7.411133e-02;5.978163e-02
5.892530e-02;1.862763e-01;9.815554e-02;8.399026e-03;2.355433e-02;1.739457e-01;9.379110e-02;7.035860e-02;1.222007e-01;5.665479e-02;6.527494e-02;4.246365e-02
6.163360e-02;2.077312e-01;7.866206e-02;1.137187e-02;3.416243e-02;1.132449e-01;9.192518e-02;9.278443e-02;1.510171e-01;5.621456e-02;6.045700e-02;4.079567e-02
5.003140e-02;2.083884e-01;8.421577e-02;1.589860e-02;4.906838e-02;7.939653e-02;6.508338e-02;1.314040e-01;1.734997e-01;6.768692e-02;3.641926e-02;3.890765e-02
4.245957e-02;1.934506e-01;6.111747e-02;9.527788e-03;6.513968e-02;8.664748e-02;3.653302e-02;1.543802e-01;2.024699e-01;8.097649e-02;2.799684e-02;3.930085e-02
4.536714e-02;1.592719e-01;7.430781e-02;1.919358e-02;7.263673e-02;6.700096e-02;3.108049e-02;1.432993e-01;2.149793e-01;9.422023e-02;3.010053e-02;4.854197e-02
5.256687e-02;1.706601e-01;9.206784e-02;2.244128e-02;6.930760e-02;4.164115e-02;3.444859e-02;1.465823e-01;2.236698e-01;8.758932e-02;2.240488e-02;3.662038e-02
5.604496e-02;1.783542e-01;1.207512e-01;2.133672e-02;6.570639e-02;3.411270e-02;1.822130e-02;1.414730e-01;2.352109e-01;7.974820e-02;1.813741e-02;3.090295e-02
5.663838e-02;2.017378e-01;1.370566e-01;7.276820e-03;5.187800e-02;4.535485e-02;5.801283e-03;1.183524e-01;2.210390e-01;8.140673e-02;2.506487e-02;4.839320e-02
6.033058e-02;2.417131e-01;1.467451e-01;1.232564e-02;4.182727e-02;3.517342e-02;9.733733e-03;1.155806e-01;1.945733e-01;6.979489e-02;2.980509e-02;4.239723e-02
6.098992e-02;2.807772e-01;1.602784e-01;1.658252e-02;4.442867e-02;1.967571e-02;1.002496e-02;1.069354e-01;1.906023e-01;5.686136e-02;2.232057e-02;3.052290e-02
6.352577e-02;2.777973e-01;1.346682e-01;6.749066e-03;4.433126e-02;4.168859e-02;1.801863e-02;1.218138e-01;1.925746e-01;5.274752e-02;1.907108e-02;2.701431e-02
7.135247e-02;2.638685e-01;1.336078e-01;1.058921e-02;4.634835e-02;3.830498e-02;1.046741e-02;1.316344e-01;1.951184e-01;5.216892e-02;1.817395e-02;2.836570e-02
7.365549e-02;2.582580e-01;1.236973e-01;8.640523e-03;4.986848e-02;4.183235e-02;2.688249e-02;1.246694e-01;1.889095e-01;4.984920e-02;1.822699e-02;3.551042e-02
6.793223e-02;2.409684e-01;9.001198e-02;1.394574e-02;4.981053e-02;7.159044e-02;4.909398e-02;1.304577e-01;1.862580e-01;4.293487e-02;2.259455e-02;3.440150e-02
5.949656e-02;2.216055e-01;1.174328e-01;1.973353e-02;3.948825e-02;6.848762e-02;3.682338e-02;1.297603e-01;2.001243e-01;4.457395e-02;2.397738e-02;3.849646e-02
6.134186e-02;1.020215e-01;1.023131e-01;1.709247e-02;2.983748e-02;7.187828e-02;2.181716e-02;1.813336e-01;2.655537e-01;5.753429e-02;3.423233e-02;5.504417e-02
7.021511e-02;1.348515e-01;9.287112e-02;1.148581e-02;3.308314e-02;5.732653e-02;1.378428e-02;1.846665e-01;2.577193e-01;6.404810e-02;3.031129e-02;4.963733e-02
9.366617e-02;2.243787e-01;1.088825e-01;1.898425e-02;4.127026e-02;6.204175e-02;1.303069e-02;1.241625e-01;1.911785e-01;5.215901e-02;2.874212e-02;4.150363e-02
9.247579e-02;2.771055e-01;1.465690e-01;1.446303e-02;4.110372e-02;8.366900e-02;2.549783e-02;8.938920e-02;1.376055e-01;2.904185e-02;2.782017e-02;3.525949e-02
7.869993e-02;3.194776e-01;1.583444e-01;1.244916e-02;3.237161e-02;6.526756e-02;4.149695e-02;5.765102e-02;1.136982e-01;2.907117e-02;4.333456e-02;4.813795e-02
