9.952343e-02;1.819299e-01;3.336546e-01;4.753955e-02;2.779623e-02;1.916178e-02;5.373340e-02;2.474735e-02;1.450564e-01;3.674942e-02;1.358580e-02;1.652209e-02
1.379589e-01;1.955166e-01;3.149103e-01;4.002777e-02;1.465520e-02;1.389910e-02;2.989365e-02;4.802854e-02;1.509509e-01;2.076874e-02;1.220467e-02;2.118571e-02
1.538226e-01;1.523096e-01;2.991196e-01;4.603893e-02;2.580619e-02;1.830776e-02;6.216747e-02;5.919666e-02;1.237626e-01;1.903204e-02;1.625384e-02;2.418272e-02
1.020171e-01;1.013448e-01;2.912185e-01;6.280909e-02;3.090050e-02;2.429090e-02;1.040362e-01;4.971795e-02;1.368581e-01;4.164895e-02;2.895534e-02;2.620249e-02
4.460379e-02;9.652363e-02;2.500941e-01;7.507937e-02;3.936754e-02;3.416142e-02;1.256780e-01;5.197808e-02;1.844180e-01;4.826821e-02;2.824637e-02;2.158132e-02
8.929976e-02;8.334860e-02;2.248580e-01;7.329918e-02;4.468982e-02;4.187945e-02;9.534919e-02;6.923965e-02;1.928255e-01;4.776848e-02;2.589366e-02;1.154867e-02
1.145227e-01;6.744989e-02;2.176536e-01;7.759322e-02;3.667402e-02;3.076915e-02;5.351472e-02;7.508452e-02;2.165659e-01;6.949098e-02;2.111799e-02;1.956343e-02
1.071460e-01;5.394819e-02;2.349652e-01;8.582785e-02;3.911225e-02;2.401192e-02;5.934188e-02;7.089718e-02;1.983188e-01;8.042741e-02;1.321226e-02;3.279105e-02
6.540725e-02;4.670144e-02;2.226089e-01;1.342053e-01;6.537854e-02;4.800791e-02;7.168352e-02;5.990050e-02;1.517431e-01;8.529375e-02;1.939209e-02;2.967760e-02
4.948660e-02;4.987151e-02;2.417674e-01;1.548822e-01;6.374995e-02;4.510746e-02;3.948772e-02;5.892820e-02;1.624236e-01;9.157401e-02;2.658554e-02;1.613573e-02
6.432191e-02;5.435291e-02;2.362763e-01;1.120835e-01;5.953052e-02;3.727518e-02;3.199211e-02;6.258395e-02;1.756960e-01;1.281393e-01;2.268334e-02;1.506497e-02
7.627673e-02;3.834910e-02;2.456905e-01;5.868447e-02;5.866488e-02;4.472215e-02;3.768523e-02;7.017161e-02;2.077524e-01;1.195012e-01;1.835657e-02;2.414513e-02
7.973286e-02;5.334014e-02;1.937137e-01;6.102142e-02;5.315512e-02;4.661593e-02;6.647433e-02;4.467954e-02;2.387485e-01;1.131000e-01;2.537075e-02;2.404772e-02
6.960552e-02;7.383668e-02;1.483648e-01;7.096764e-02;5.092364e-02;5.829959e-02;9.326987e-02;5.692216e-02;1.611203e-01;1.587962e-01;2.142512e-02;3.646847e-02
3.497439e-02;7.570500e-02;1.192403e-01;1.079883e-01;4.345204e-02;5.467637e-02;8.815605e-02;6.718810e-02;1.152299e-01;2.178279e-01;2.068247e-02;5.487917e-02
2.972375e-02;5.737104e-02;1.136876e-01;8.507750e-02;4.287657e-02;4.663718e-02;6.857213e-02;6.228074e-02;2.018629e-01;2.110768e-01;2.256048e-02;5.827340e-02
3.113704e-02;4.451223e-02;1.611593e-01;5.813538e-02;5.726032e-02;4.765121e-02;7.882742e-02;6.031147e-02;2.446303e-01;1.426183e-01;2.474554e-02;4.901157e-02
5.559250e-02;5.089987e-02;1.887208e-01;7.337701e-02;6.335846e-02;4.947711e-02;1.117827e-01;5.950907e-02;1.833959e-01;1.010878e-01;2.816566e-02;3.463309e-02
4.775849e-02;4.010317e-02;1.666336e-01;1.473100e-01;5.360609e-02;5.728912e-02;1.216874e-01;4.175973e-02;1.174870e-01;1.603951e-01;2.637113e-02;1.959918e-02
5.171356e-02;4.673672e-02;1.381129e-01;1.549544e-01;6.582118e-02;7.798199e-02;1.221625e-01;4.644746e-02;1.291679e-01;1.145595e-01;2.435792e-02;2.798400e-02
6.917147e-02;7.008769e-02;1.083981e-01;9.751946e-02;9.119592e-02;6.441207e-02;1.299709e-01;8.144678e-02;1.447153e-01;9.057376e-02;2.088145e-02;3.162709e-02
7.974835e-02;8.306670e-02;1.005798e-01;1.075327e-01;9.312133e-02;5.411584e-02;1.347582e-01;7.945387e-02;1.253309e-01;8.975498e-02;2.134645e-02;3.119088e-02
7.215305e-02;1.029602e-01;1.081999e-01;9.066300e-02;8.720166e-02;8.359818e-02;1.088591e-01;6.963899e-02;1.562561e-01;7.083054e-02;1.606753e-02;3.357168e-02
3.968726e-02;7.728228e-02;1.246135e-01;1.458103e-01;1.532670e-01;8.563974e-02;8.610833e-02;6.298606e-02;1.291982e-01;5.469991e-02;1.721609e-02;2.349140e-02
4.138887e-02;4.347009e-02;1.321058e-01;1.928610e-01;1.249334e-01;8.678047e-02;1.089927e-01;5.853723e-02;1.081112e-01;5.899692e-02;2.052560e-02;2.329669e-02
7.097239e-02;3.307907e-02;1.695327e-01;1.283952e-01;1.119040e-01;9.520674e-02;1.021288e-01;4.570112e-02;9.797688e-02;8.350357e-02;2.086578e-02;4.073377e-02
8.640306e-02;5.507130e-02;1.730454e-01;6.561263e-02;1.359642e-01;6.932772e-02;8.110782e-02;4.700811e-02;9.436601e-02;1.331550e-01;1.395195e-02;4.498676e-02
8.671045e-02;1.056187e-01;1.658970e-01;7.473895e-02;9.158584e-02;5.341579e-02;7.841646e-02;5.922125e-02;7.058720e-02;1.346367e-01;3.517720e-02;4.399453e-02
5.903635e-02;1.138799e-01;3.773963e-01;7.055887e-02;5.749971e-02;4.695507e-02;6.895886e-02;4.103924e-02;4.042981e-02;6.955982e-02;2.985577e-02;2.483029e-02
4.189515e-02;8.407033e-02;4.615449e-01;1.162036e-01;7.882335e-02;3.323543e-02;3.138053e-02;1.670970e-02;4.790633e-02;4.739102e-02;2.420602e-02;1.663367e-02
3.320258e-02;6.257031e-02;4.223531e-01;1.523174e-01;9.745400e-02;3.447913e-02;4.571684e-02;1.828165e-02;3.983659e-02;4.602489e-02;3.504803e-02;1.271557e-02
2.588885e-02;4.999702e-02;3.913744e-01;1.775985e-01;1.211568e-01;3.936599e-02;4.582053e-02;2.122083e-02;3.390137e-02;3.474186e-02;4.501592e-02;1.391803e-02
2.378883e-02;4.948764e-02;4.232041e-01;1.684200e-01;1.164402e-01;3.766592e-02;2.672824e-02;2.566118e-02;3.372131e-02;2.505493e-02;4.932117e-02;2.050647e-02
4.288805e-02;6.253670e-02;4.183721e-01;1.365248e-01;9.520771e-02;4.129753e-02;2.890038e-02;2.157037e-02;3.452590e-02;4.203060e-02;5.036829e-02;2.577757e-02
6.395095e-02;9.248527e-02;2.902602e-01;1.078900e-01;1.010894e-01;5.547347e-02;5.215717e-02;2.313082e-02;4.329221e-02;7.222454e-02;5.260083e-02;4.544508e-02
8.172038e-02;1.027540e-01;1.822827e-01;8.119559e-02;1.028653e-01;6.464021e-02;7.714348e-02;4.762885e-02;6.853640e-02;7.904247e-02;5.460061e-02;5.758997e-02
7.368803e-02;5.714990e-02;2.059952e-01;9.207643e-02;9.458938e-02;5.374686e-02;1.007465e-01;6.297641e-02;6.862019e-02;7.431187e-02;5.571171e-02;6.038759e-02
5.935003e-02;4.047141e-02;1.452001e-01;8.824755e-02;1.100164e-01;5.251149e-02;8.810520e-02;6.130107e-02;1.112671e-01;1.137788e-01;6.588215e-02;6.386867e-02
7.185164e-02;4.850717e-02;1.834253e-01;9.510913e-02;1.076348e-01;5.428756e-02;9.062190e-02;5.377965e-02;1.003104e-01;8.702663e-02;5.162683e-02;5.581890e-02
8.546516e-02;9.431597e-02;2.155014e-01;1.165204e-01;9.190354e-02;5.680558e-02;6.763607e-02;3.634575e-02;1.039545e-01;5.170999e-02;3.865795e-02;4.118367e-02
6.778160e-02;1.232336e-01;2.252265e-01;1.000473e-01;7.814510e-02;6.653193e-02;6.557642e-02;3.018210e-02;1.165879e-01;5.079829e-02;2.922508e-02;4.666413e-02
6.201168e-02;1.039748e-01;1.856259e-01;9.302056e-02;7.974274e-02;8.567513e-02;8.044863e-02;4.370889e-02;1.353233e-01;6.426898e-02;3.124953e-02;3.494991e-02
1.203991e-01;5.660224e-02;1.095085e-01;6.159115e-02;1.070030e-01;1.153782e-01;7.335524e-02;6.804701e-02;1.422204e-01;7.138062e-02;3.904914e-02;3.546538e-02
1.291640e-01;7.198395e-02;1.796725e-01;5.795732e-02;1.095735e-01;9.639470e-02;4.484643e-02;5.882728e-02;1.076857e-01;7.459673e-02;2.732366e-02;4.197431e-02
1.533589e-01;1.414885e-01;1.600848e-01;6.420869e-02;1.035168e-01;8.573626e-02;2.555122e-02;4.736976e-02;7.836998e-02;7.456966e-02;1.694778e-02;4.879775e-02
1.719939e-01;9.309394e-02;1.531605e-01;7.082827e-02;7.712396e-02;6.195538e-02;9.785128e-02;5.083172e-02;8.793123e-02;4.684158e-02;1.674111e-02;7.164718e-02
8.493201e-02;4.968616e-02;1.863407e-01;7.161947e-02;1.154709e-01;8.557729e-02;1.724530e-01;5.339610e-02;6.123943e-02;3.053256e-02;1.985635e-02;6.889595e-02
4.495814e-02;4.787882e-02;1.697486e-01;9.413204e-02;1.654077e-01;9.185951e-02;1.653082e-01;3.639545e-02;4.425027e-02;2.904292e-02;2.002276e-02;9.099559e-02
3.787360e-02;5.568551e-02;1.456229e-01;1.417321e-01;2.519958e-01;8.375957e-02;8.922460e-02;2.345764e-02;3.536756e-02;2.759987e-02;1.298759e-02;9.469324e-02
3.174686e-02;3.787936e-02;1.758793e-01;1.994907e-01;2.528236e-01;5.749840e-02;6.024090e-02;2.480371e-02;4.106437e-02;3.490805e-02;2.787389e-02;5.579096e-02
1.583182e-02;6.724605e-02;2.702837e-01;2.326941e-01;1.859177e-01;4.355000e-02;1.836967e-02;4.150800e-02;3.102974e-02;3.542732e-02;3.548945e-02;2.265240e-02
1.105276e-02;6.636357e-02;3.828364e-01;2.249658e-01;1.388068e-01;3.555692e-02;1.390465e-02;4.032347e-02;1.660850e-02;2.424759e-02;3.451360e-02;1.081992e-02
1.687652e-02;4.593954e-02;4.800677e-01;1.652541e-01;1.188267e-01;4.034255e-02;3.588422e-02;2.677110e-02;1.637090e-02;1.514018e-02;2.680786e-02;1.171853e-02
2.120795e-02;5.413792e-02;5.210711e-01;9.135076e-02;1.158512e-01;3.944378e-02;3.464634e-02;1.815308e-02;2.873010e-02;2.010152e-02;3.327223e-02;2.203405e-02
5.744157e-02;1.084867e-01;4.240613e-01;4.957639e-02;1.113319e-01;4.733931e-02;3.015156e-02;2.375967e-02;3.264638e-02;2.698004e-02;5.011584e-02;3.810931e-02
7.826652e-02;1.037136e-01;3.947378e-01;9.629106e-02;9.897519e-02;4.063524e-02;2.219660e-02;2.864817e-02;2.362930e-02;2.441545e-02;4.707403e-02;4.141706e-02
8.062448e-02;7.209220e-02;3.052354e-01;1.279166e-01;1.173808e-01;4.319140e-02;3.687153e-02;4.421078e-02;3.074616e-02;3.328951e-02;4.558994e-02;6.285118e-02
5.168281e-02;5.359375e-02;2.767225e-01;1.196410e-01;1.526077e-01;4.296137e-02;6.993543e-02;5.463607e-02;5.150997e-02;3.029595e-02;4.151648e-02;5.489706e-02
1.821891e-02;7.677105e-02;3.874438e-01;9.257945e-02;1.219999e-01;4.260863e-02;6.468482e-02;4.358112e-02;4.766239e-02;2.339775e-02;3.035202e-02;5.070023e-02
2.437207e-02;6.516894e-02;4.272241e-01;1.152879e-01;9.145868e-02;5.113671e-02;6.218037e-02;4.172196e-02;2.152301e-02;1.986200e-02;3.801446e-02;4.204988e-02
4.313584e-02;3.933692e-02;3.479521e-01;1.470478e-01;1.328128e-01;6.359263e-02;4.752977e-02;4.346584e-02;1.437248e-02;3.113673e-02;4.731157e-02;4.230550e-02
7.545890e-02;5.153975e-02;1.629491e-01;1.634785e-01;1.812874e-01;7.728706e-02;8.499867e-02;5.485083e-02;2.191511e-02;4.492450e-02;3.676749e-02;4.454270e-02
7.237939e-02;5.221963e-02;2.407618e-01;1.182339e-01;1.498167e-01;7.626594e-02;9.841005e-02;5.691838e-02;2.947679e-02;4.029499e-02;2.767660e-02;3.754582e-02
8.176031e-02;6.551323e-02;2.430521e-01;1.190287e-01;9.866969e-02;7.463517e-02;9.087765e-02;5.057826e-02;4.994709e-02;4.237301e-02;2.553010e-02;5.803466e-02
1.125474e-01;8.450475e-02;1.352770e-01;1.228847e-01;7.550683e-02;8.461563e-02;1.115572e-01;5.456332e-02;6.669719e-02;5.922255e-02;4.202262e-02;5.060079e-02
1.093207e-01;1.024067e-01;1.456140e-01;1.007544e-01;6.524479e-02;7.473640e-02;1.184184e-01;5.187248e-02;5.350371e-02;5.631336e-02;5.785974e-02;6.395518e-02
7.819526e-02;8.163264e-02;2.053115e-01;9.426904e-02;6.863661e-02;7.415099e-02;1.097748e-01;5.178720e-02;5.424536e-02;5.164954e-02;6.668355e-02;6.366351e-02
5.167795e-02;3.839149e-02;1.986867e-01;1.239164e-01;1.160792e-01;8.659782e-02;1.004532e-01;6.674195e-02;6.266512e-02;5.461554e-02;6.064847e-02;3.952615e-02
2.833882e-02;4.740891e-02;2.797172e-01;1.166433e-01;1.440645e-01;6.509295e-02;1.032037e-01;5.002601e-02;4.171015e-02;4.447762e-02;5.239338e-02;2.692359e-02
1.422400e-02;5.833109e-02;2.456806e-01;9.214083e-02;1.544459e-01;4.392742e-02;1.236232e-01;4.645204e-02;5.784605e-02;7.973374e-02;5.652874e-02;2.706642e-02
2.411834e-02;7.474500e-02;1.747918e-01;8.715571e-02;1.507295e-01;6.425584e-02;1.130858e-01;4.652663e-02;5.638891e-02;8.655770e-02;6.264582e-02;5.899893e-02
5.378089e-02;6.656002e-02;2.034293e-01;6.719967e-02;1.123532e-01;1.031119e-01;1.052072e-01;5.024276e-02;5.871822e-02;6.969950e-02;5.884767e-02;5.084964e-02
7.018328e-02;4.633242e-02;3.108640e-01;5.607552e-02;8.431502e-02;1.038923e-01;1.255969e-01;5.270370e-02;3.584075e-02;4.844363e-02;3.784450e-02;2.790802e-02
6.225708e-02;4.448213e-02;3.965949e-01;5.087302e-02;7.045119e-02;6.318478e-02;1.099441e-01;5.027278e-02;2.674358e-02;6.168370e-02;3.139999e-02;3.211275e-02
5.213411e-02;5.313239e-02;4.793235e-01;4.801218e-02;6.523035e-02;5.380111e-02;1.174245e-01;2.685294e-02;3.277926e-02;3.501171e-02;2.537275e-02;1.092522e-02
2.708211e-02;8.361790e-02;4.961358e-01;4.894160e-02;6.812505e-02;5.808133e-02;9.918126e-02;2.118132e-02;3.725408e-02;3.165953e-02;1.740041e-02;1.133965e-02
4.892245e-02;1.470574e-01;5.114254e-01;3.911066e-02;4.646324e-02;5.635820e-02;5.208024e-02;1.297221e-02;4.094316e-02;2.243137e-02;1.182870e-02;1.040696e-02
6.111201e-02;2.083115e-01;5.536927e-01;2.794909e-02;1.276271e-02;3.938868e-02;1.118670e-02;8.679355e-03;4.663938e-02;1.036631e-02;7.993660e-03;1.191784e-02
4.146767e-02;2.121996e-01;5.871311e-01;1.937381e-02;1.016551e-02;1.818641e-02;2.179512e-02;9.928810e-03;4.065767e-02;2.069370e-02;7.486645e-03;1.091397e-02
3.308963e-02;1.866826e-01;6.498635e-01;2.257407e-02;1.040034e-02;9.869284e-03;1.496443e-02;8.059253e-03;2.115042e-02;2.475228e-02;7.504863e-03;1.108944e-02
2.327020e-02;1.539232e-01;7.110326e-01;3.105010e-02;1.126087e-02;8.020089e-03;1.197969e-02;7.779699e-03;1.014170e-02;2.307472e-02;2.891093e-03;5.576063e-03
7.600400e-03;1.203200e-01;7.421425e-01;2.922928e-02;1.372450e-02;9.741486e-03;1.765597e-02;7.085392e-03;1.166239e-02;3.101429e-02;3.807113e-03;6.016605e-03
2.202291e-02;1.036524e-01;7.371911e-01;3.425641e-02;1.440041e-02;9.197746e-03;1.969380e-02;5.514762e-03;8.406428e-03;3.774747e-02;4.142235e-03;3.774275e-03
2.608531e-02;9.037451e-02;7.284768e-01;4.665033e-02;1.572226e-02;1.077124e-02;2.749985e-02;3.495821e-03;6.951637e-03;3.431525e-02;6.226688e-03;3.430377e-03
2.437969e-02;7.452791e-02;7.027844e-01;7.456157e-02;2.506436e-02;9.319422e-03;2.907407e-02;4.852842e-03;1.737405e-02;2.105973e-02;1.242636e-02;4.575535e-03
1.775319e-02;5.673299e-02;6.119569e-01;1.335283e-01;4.027299e-02;2.194474e-02;3.385252e-02;6.857926e-03;3.004126e-02;1.973851e-02;2.290706e-02;4.413598e-03
1.405458e-02;5.317189e-02;4.299739e-01;2.165514e-01;7.308074e-02;4.806279e-02;3.232249e-02;9.463426e-03;3.143434e-02;3.064300e-02;5.344031e-02;7.801082e-03
1.223772e-02;4.390155e-02;4.168940e-01;2.138035e-01;8.668301e-02;4.910593e-02;3.615785e-02;3.264159e-02;1.949261e-02;2.081158e-02;6.461992e-02;3.650778e-03
1.017842e-02;4.387301e-02;4.447975e-01;1.871489e-01;9.116431e-02;3.303410e-02;3.579891e-02;5.056284e-02;1.437608e-02;1.616081e-02;6.837706e-02;4.528082e-03
1.115780e-02;4.360129e-02;5.116494e-01;1.655974e-01;8.537652e-02;2.708958e-02;1.967378e-02;4.870008e-02;1.039201e-02;1.244085e-02;5.922488e-02;5.096300e-03
8.424379e-03;3.494827e-02;5.139030e-01;1.710247e-01;9.001677e-02;3.115011e-02;3.383854e-02;4.207897e-02;8.626310e-03;9.784490e-03;5.321315e-02;2.991359e-03
9.394122e-03;2.831300e-02;4.534328e-01;1.952068e-01;1.067929e-01;3.555091e-02;2.058037e-02;5.074548e-02;1.073885e-02;1.327532e-02;6.638941e-02;9.579927e-03
1.187345e-02;2.807700e-02;3.657022e-01;1.872003e-01;1.255127e-01;5.075020e-02;4.651796e-02;5.741549e-02;1.353549e-02;1.616735e-02;8.372594e-02;1.352185e-02
1.846501e-02;2.801727e-02;4.045229e-01;1.685865e-01;1.262268e-01;5.089029e-02;3.374932e-02;4.999806e-02;1.426145e-02;1.577989e-02;7.846038e-02;1.104215e-02
1.944690e-02;2.966359e-02;4.396489e-01;1.728984e-01;1.249714e-01;4.159447e-02;2.751708e-02;3.798758e-02;1.574566e-02;1.366978e-02;7.209227e-02;4.764035e-03
1.643437e-02;2.730484e-02;4.773351e-01;1.679050e-01;1.182287e-01;3.661019e-02;3.321927e-02;2.502457e-02;1.438530e-02;1.002516e-02;6.843869e-02;5.088862e-03
1.729833e-02;2.466955e-02;4.813183e-01;1.631263e-01;1.140288e-01;3.887624e-02;2.511653e-02;1.956100e-02;1.286684e-02;1.254983e-02;7.975022e-02;1.083806e-02
1.134211e-02;2.404207e-02;5.348387e-01;1.134112e-01;8.922273e-02;3.588902e-02;4.015132e-02;3.134880e-02;1.662830e-02;2.380589e-02;6.957829e-02;9.741560e-03
1.677649e-02;4.773129e-02;5.442680e-01;7.899931e-02;6.822086e-02;3.303207e-02;4.078988e-02;4.490205e-02;3.130607e-02;3.285372e-02;4.748716e-02;1.363313e-02
3.562086e-02;7.172538e-02;5.264328e-01;5.679107e-02;5.232709e-02;3.346987e-02;5.417177e-02;5.540986e-02;3.861042e-02;3.314431e-02;2.584497e-02;1.645168e-02
4.334223e-02;5.703382e-02;5.090865e-01;6.720345e-02;6.488846e-02;3.756653e-02;5.324179e-02;4.544521e-02;3.761049e-02;3.494401e-02;3.519880e-02;1.443871e-02
4.668895e-02;3.075574e-02;3.671876e-01;7.238422e-02;7.915384e-02;5.955328e-02;1.055626e-01;4.666150e-02;5.020303e-02;4.765246e-02;6.872281e-02;2.547397e-02
5.410985e-02;3.339802e-02;2.969310e-01;7.318218e-02;8.755327e-02;4.966904e-02;1.158706e-01;4.710731e-02;5.802619e-02;5.211318e-02;1.062127e-01;2.582669e-02
4.568351e-02;3.746758e-02;3.894075e-01;1.070532e-01;6.781147e-02;4.609071e-02;1.073086e-01;3.454220e-02;4.211492e-02;3.436951e-02;6.226298e-02;2.588780e-02
4.239604e-02;6.398151e-02;3.636908e-01;1.305041e-01;6.884284e-02;5.297454e-02;9.129430e-02;2.585313e-02;6.865714e-02;3.942011e-02;3.481001e-02;1.757548e-02
5.921800e-02;1.098558e-01;3.129535e-01;1.424741e-01;5.859236e-02;5.063836e-02;7.949547e-02;2.656036e-02;8.320629e-02;3.938678e-02;2.013804e-02;1.748097e-02
5.848994e-02;1.072344e-01;2.911315e-01;1.346495e-01;5.090952e-02;4.889294e-02;6.388818e-02;3.194982e-02;9.145349e-02;4.691549e-02;3.884646e-02;3.563878e-02
5.816323e-02;6.242222e-02;3.285520e-01;9.946235e-02;7.539540e-02;6.186201e-02;7.347748e-02;3.720141e-02;7.599555e-02;4.465596e-02;3.847779e-02;4.433460e-02
6.893595e-02;4.951699e-02;2.993471e-01;8.206256e-02;8.570100e-02;7.441962e-02;1.791163e-01;2.641225e-02;4.166048e-02;3.255174e-02;3.011208e-02;3.016399e-02
7.310956e-02;5.087915e-02;3.097083e-01;6.610707e-02;6.528112e-02;6.366836e-02;2.162168e-01;3.215718e-02;2.884698e-02;3.567156e-02;2.935178e-02;2.900212e-02
7.700513e-02;3.081654e-02;3.392974e-01;5.422377e-02;4.256919e-02;5.393619e-02;2.352597e-01;3.381378e-02;3.176225e-02;4.015483e-02;3.440758e-02;2.675363e-02
1.247123e-01;7.401411e-02;2.812314e-01;5.104063e-02;4.086038e-02;6.109746e-02;2.089342e-01;5.344398e-02;2.925446e-02;1.901897e-02;3.293638e-02;2.345563e-02
1.835510e-01;9.997565e-02;2.680187e-01;5.007333e-02;2.151613e-02;5.037236e-02;1.188946e-01;7.944611e-02;2.659817e-02;2.817295e-02;3.595006e-02;3.743081e-02
1.846305e-01;4.779210e-02;2.185218e-01;5.781216e-02;3.520405e-02;4.411982e-02;1.393419e-01;8.716182e-02;4.417279e-02;4.229923e-02;5.571487e-02;4.322900e-02
1.491504e-01;2.230069e-02;1.223447e-01;5.256528e-02;4.659126e-02;4.714258e-02;2.929154e-01;6.652164e-02;4.418260e-02;2.983816e-02;6.378479e-02;6.266251e-02
1.211553e-01;5.353970e-02;2.310151e-01;3.511908e-02;4.248463e-02;4.414114e-02;2.369842e-01;5.102666e-02;3.846202e-02;3.980869e-02;5.989916e-02;4.636431e-02
8.956120e-02;6.919572e-02;2.411583e-01;4.225526e-02;3.578163e-02;5.337843e-02;2.121819e-01;5.580608e-02;4.647253e-02;3.437339e-02;7.217693e-02;4.765863e-02
1.734350e-01;1.409401e-01;2.352716e-01;3.615828e-02;1.930995e-02;2.853838e-02;1.491651e-01;3.291966e-02;6.610368e-02;3.364659e-02;4.550475e-02;3.900687e-02
1.705696e-01;2.103482e-01;2.952306e-01;2.998220e-02;2.176771e-02;2.440054e-02;6.590504e-02;1.979149e-02;9.864000e-02;2.084493e-02;1.556961e-02;2.694998e-02
1.433984e-01;2.599609e-01;3.005286e-01;2.006974e-02;1.530959e-02;2.325174e-02;2.926321e-02;2.290421e-02;1.358250e-01;2.410152e-02;9.497362e-03;1.588971e-02
1.678959e-01;2.598697e-01;2.619766e-01;1.425259e-02;2.172124e-02;1.208477e-02;2.691690e-02;3.267905e-02;1.433232e-01;3.103366e-02;1.523130e-02;1.301513e-02
2.332882e-01;2.086011e-01;1.782520e-01;1.550276e-02;2.697143e-02;2.439273e-02;3.615826e-02;7.782758e-02;1.179538e-01;3.378282e-02;3.017602e-02;1.709332e-02
3.000171e-01;1.437655e-01;1.080240e-01;1.541039e-02;5.008964e-02;2.309550e-02;3.802300e-02;1.364983e-01;8.336322e-02;3.391146e-02;4.165740e-02;2.614442e-02
2.848002e-01;1.098703e-01;8.519212e-02;1.049792e-02;6.625919e-02;1.360007e-02;5.023272e-02;1.680469e-01;9.498830e-02;3.862871e-02;4.719812e-02;3.068547e-02
2.508899e-01;9.186985e-02;9.356979e-02;9.027743e-03;7.634550e-02;1.606291e-02;3.849416e-02;1.828201e-01;1.313046e-01;3.463994e-02;4.919503e-02;2.578052e-02
2.579513e-01;7.927988e-02;1.269746e-01;8.433442e-03;7.894737e-02;1.160627e-02;3.756635e-02;2.235141e-01;8.476826e-02;2.337348e-02;5.017342e-02;1.741159e-02
2.821555e-01;4.905759e-02;1.192465e-01;1.000833e-02;8.131870e-02;9.948242e-03;4.573870e-02;2.719124e-01;3.875490e-02;1.928215e-02;5.097548e-02;2.160155e-02
2.902645e-01;5.206668e-02;8.801097e-02;9.147897e-03;7.978483e-02;1.257272e-02;4.845531e-02;2.929671e-01;3.104972e-02;2.242857e-02;4.704959e-02;2.620207e-02
3.183398e-01;6.571612e-02;6.649238e-02;9.799266e-03;6.683223e-02;1.520794e-02;3.974515e-02;2.792971e-01;4.602031e-02;1.722017e-02;4.452934e-02;3.080025e-02
3.855999e-01;6.996619e-02;7.201105e-02;8.539608e-03;5.454981e-02;1.791110e-02;2.027893e-02;2.302451e-01;4.722861e-02;1.476896e-02;4.353211e-02;3.536869e-02
4.199275e-01;8.067863e-02;9.659220e-02;1.266567e-02;4.418641e-02;1.772674e-02;4.501431e-02;1.513984e-01;3.943987e-02;1.083429e-02;3.144401e-02;5.009197e-02
3.857109e-01;8.440101e-02;1.271352e-01;1.665516e-02;3.429554e-02;2.684137e-02;7.633361e-02;7.845917e-02;5.619870e-02;2.455223e-02;3.343701e-02;5.598013e-02
3.568039e-01;4.900015e-02;1.310286e-01;1.696301e-02;4.652565e-02;3.890587e-02;9.742230e-02;7.898229e-02;6.733016e-02;3.208084e-02;4.241445e-02;4.254281e-02
3.724124e-01;3.836779e-02;8.687241e-02;1.920072e-02;7.559156e-02;3.824079e-02;8.246168e-02;1.013497e-01;5.257435e-02;3.490347e-02;5.114772e-02;4.687743e-02
3.624938e-01;4.667171e-02;6.542914e-02;2.274069e-02;6.508000e-02;2.643773e-02;7.581627e-02;1.350549e-01;4.059023e-02;3.807130e-02;5.469028e-02;6.692385e-02
3.516369e-01;6.318019e-02;8.158544e-02;1.423627e-02;5.016698e-02;1.843103e-02;8.421055e-02;1.321876e-01;2.612254e-02;3.228604e-02;5.738664e-02;8.856979e-02
3.508568e-01;3.146374e-02;1.028243e-01;1.248206e-02;4.623995e-02;1.658682e-02;7.767593e-02;1.051243e-01;3.526141e-02;5.051631e-02;6.103030e-02;1.099380e-01
3.903526e-01;4.418178e-02;9.985162e-02;3.037636e-02;2.837273e-02;2.876508e-02;6.292639e-02;6.079597e-02;4.361084e-02;4.935347e-02;5.037344e-02;1.110397e-01
3.927637e-01;6.676573e-02;9.050260e-02;3.965059e-02;1.860657e-02;3.408284e-02;6.010437e-02;7.740574e-02;2.564840e-02;3.801309e-02;4.564636e-02;1.108099e-01
3.148165e-01;7.136419e-02;6.102651e-02;3.545615e-02;1.364259e-02;4.228641e-02;1.024119e-01;1.120018e-01;3.198644e-02;4.499080e-02;5.972416e-02;1.102926e-01
2.248755e-01;5.959180e-02;8.314189e-02;3.871328e-02;2.386932e-02;4.364163e-02;1.101972e-01;1.589753e-01;4.994502e-02;5.142378e-02;6.683115e-02;8.879412e-02
2.551939e-01;5.250004e-02;1.177197e-01;4.951387e-02;3.875937e-02;4.289482e-02;6.936996e-02;1.230435e-01;5.107000e-02;5.257697e-02;7.605120e-02;7.130664e-02
3.237215e-01;7.128491e-02;9.267703e-02;5.385220e-02;5.477605e-02;4.418463e-02;8.577386e-02;7.535190e-02;4.766031e-02;3.084353e-02;5.981825e-02;6.005582e-02
3.109789e-01;6.294433e-02;1.022569e-01;4.445344e-02;7.834222e-02;3.156182e-02;7.694640e-02;6.777159e-02;6.170032e-02;3.166774e-02;5.542152e-02;7.595482e-02
3.285193e-01;6.498160e-02;1.069643e-01;2.896603e-02;1.097904e-01;2.770797e-02;5.164882e-02;5.597943e-02;4.730857e-02;3.643742e-02;5.250182e-02;8.919432e-02
3.558796e-01;1.166068e-01;1.295246e-01;2.557441e-02;9.314021e-02;3.119885e-02;4.780073e-02;4.829325e-02;3.073371e-02;2.763266e-02;3.454619e-02;5.906898e-02
3.777763e-01;1.702637e-01;1.799915e-01;2.196034e-02;4.918419e-02;2.969935e-02;3.366749e-02;3.340258e-02;1.942453e-02;1.616532e-02;2.252144e-02;4.594331e-02
3.511691e-01;2.283231e-01;2.166828e-01;1.895467e-02;1.702991e-02;2.231380e-02;3.244384e-02;2.438808e-02;2.574679e-02;1.012525e-02;1.988640e-02;3.293619e-02
2.580791e-01;2.959962e-01;2.195684e-01;2.173821e-02;1.555356e-02;1.949240e-02;4.174818e-02;2.340323e-02;4.797255e-02;1.257071e-02;1.639125e-02;2.748613e-02
1.948075e-01;3.123454e-01;2.948637e-01;2.285194e-02;1.199540e-02;2.039426e-02;2.429327e-02;1.872956e-02;5.427936e-02;1.373718e-02;1.204187e-02;1.966053e-02
1.946659e-01;3.104486e-01;3.346862e-01;1.773267e-02;9.646633e-03;1.625835e-02;9.655966e-03;1.743434e-02;4.518559e-02;1.257371e-02;1.018657e-02;2.152542e-02
1.489680e-01;3.189939e-01;3.690282e-01;1.784072e-02;1.467014e-02;1.717930e-02;1.912252e-02;1.245877e-02;4.119011e-02;8.994846e-03;8.281368e-03;2.327207e-02
1.504103e-01;2.956853e-01;3.752963e-01;2.007053e-02;1.862301e-02;2.089660e-02;2.024405e-02;1.195781e-02;3.957109e-02;1.169323e-02;1.114908e-02;2.440263e-02
1.670923e-01;2.689528e-01;3.748417e-01;2.603189e-02;2.460901e-02;2.242815e-02;2.174385e-02;1.034355e-02;3.879306e-02;1.106780e-02;1.025129e-02;2.384455e-02
1.910162e-01;2.359017e-01;3.486069e-01;3.090566e-02;2.652153e-02;1.958707e-02;3.439204e-02;1.339582e-02;4.616506e-02;1.854362e-02;1.233397e-02;2.263049e-02
2.212581e-01;1.729297e-01;2.462430e-01;5.215272e-02;3.224190e-02;2.194831e-02;4.468736e-02;2.651894e-02;7.243033e-02;3.487470e-02;3.523771e-02;3.947719e-02
1.247118e-01;1.304079e-01;1.695209e-01;7.349400e-02;5.041492e-02;3.126618e-02;8.774595e-02;3.554809e-02;9.869490e-02;7.907310e-02;6.424917e-02;5.487300e-02
1.251688e-01;1.012423e-01;2.730538e-01;4.723901e-02;5.481601e-02;4.761468e-02;1.003833e-01;3.679480e-02;6.759445e-02;7.374471e-02;3.629331e-02;3.605493e-02
1.554062e-01;9.287795e-02;2.889187e-01;3.917043e-02;5.107234e-02;4.796759e-02;1.065806e-01;4.821832e-02;4.746909e-02;5.553752e-02;3.180993e-02;3.497140e-02
1.167276e-01;7.611693e-02;2.907187e-01;4.522527e-02;3.037723e-02;3.726098e-02;1.215847e-01;4.666433e-02;3.499881e-02;8.349632e-02;5.374541e-02;6.308369e-02
6.057158e-02;4.000669e-02;3.403098e-01;6.775297e-02;4.780756e-02;4.151941e-02;9.390794e-02;4.758223e-02;4.494340e-02;9.985232e-02;5.330497e-02;6.244112e-02
4.801578e-02;5.704086e-02;3.120504e-01;6.465189e-02;4.096521e-02;5.152983e-02;9.540650e-02;6.909359e-02;5.568060e-02;1.106168e-01;4.384205e-02;5.110653e-02
9.590288e-02;7.901464e-02;2.571951e-01;4.429425e-02;5.783725e-02;5.433823e-02;1.011054e-01;1.029554e-01;6.224861e-02;8.075679e-02;2.505215e-02;3.929929e-02
1.033892e-01;1.075399e-01;2.187418e-01;4.618030e-02;7.454075e-02;6.196010e-02;6.900847e-02;9.867945e-02;9.167342e-02;5.458954e-02;3.605014e-02;3.764689e-02
6.115812e-02;1.268884e-01;2.776546e-01;5.143825e-02;7.150671e-02;8.141480e-02;9.030505e-02;6.543697e-02;6.129511e-02;4.813661e-02;4.398907e-02;2.077628e-02
8.154687e-02;1.365266e-01;2.332911e-01;6.522936e-02;6.347453e-02;8.042548e-02;7.323742e-02;3.579924e-02;5.586948e-02;6.045185e-02;5.686064e-02;5.728742e-02
1.236426e-01;1.442225e-01;1.871431e-01;1.021615e-01;4.505745e-02;5.880299e-02;1.054005e-01;3.134640e-02;5.541676e-02;4.995698e-02;4.295485e-02;5.389437e-02
1.558470e-01;1.197240e-01;1.469945e-01;1.164879e-01;5.436413e-02;4.962518e-02;1.047321e-01;2.785578e-02;6.326456e-02;6.051238e-02;6.422601e-02;3.636643e-02
