1.533498e-01;7.921176e-02;1.061818e-01;6.913098e-02;8.300180e-02;5.345381e-02;1.414348e-01;3.899409e-02;6.868059e-02;9.139949e-02;4.345363e-02;7.170729e-02
1.399897e-01;7.047562e-02;1.786884e-01;7.529314e-02;5.869889e-02;3.323145e-02;1.267935e-01;3.820303e-02;7.481948e-02;8.795823e-02;6.923176e-02;4.661675e-02
1.026395e-01;6.381585e-02;2.535267e-01;7.768542e-02;3.701946e-02;4.368034e-02;7.730205e-02;5.558411e-02;8.690730e-02;5.902958e-02;8.276206e-02;6.004767e-02
8.760063e-02;5.631941e-02;3.862292e-01;7.505818e-02;4.522885e-02;2.920559e-02;5.751703e-02;4.207284e-02;6.661433e-02;6.005657e-02;4.918982e-02;4.490757e-02
7.301918e-02;1.089101e-01;3.509058e-01;4.982651e-02;4.128062e-02;3.295154e-02;5.625847e-02;3.934171e-02;1.211776e-01;6.784426e-02;2.560142e-02;3.288267e-02
6.737817e-02;1.802090e-01;2.996471e-01;3.147173e-02;2.391128e-02;3.224135e-02;3.452204e-02;2.433937e-02;1.992458e-01;5.795588e-02;1.344654e-02;3.563177e-02
9.276456e-02;2.372238e-01;2.393609e-01;1.831827e-02;8.519468e-03;2.372378e-02;1.275528e-02;4.978816e-02;2.405638e-01;3.806109e-02;8.575789e-03;3.034512e-02
1.513938e-01;2.170121e-01;2.093014e-01;1.500145e-02;1.650528e-02;1.459165e-02;4.750975e-02;9.122794e-02;1.800341e-01;2.305835e-02;1.059636e-02;2.376780e-02
1.722685e-01;1.643753e-01;2.049347e-01;1.410145e-02;3.017340e-02;2.368247e-02;7.890070e-02;1.021091e-01;1.339714e-01;2.760342e-02;1.998535e-02;2.789413e-02
1.036445e-01;1.254687e-01;1.964775e-01;1.962865e-02;3.468020e-02;3.375989e-02;1.056705e-01;7.054690e-02;2.028156e-01;4.820447e-02;2.883773e-02;3.026542e-02
7.760080e-02;9.567890e-02;1.618637e-01;1.667102e-02;2.485597e-02;4.246379e-02;1.052730e-01;9.171066e-02;2.665165e-01;4.399884e-02;4.011611e-02;3.325079e-02
6.124862e-02;7.301849e-02;1.612546e-01;1.523836e-02;2.631217e-02;3.492718e-02;9.754021e-02;1.446977e-01;2.590843e-01;2.959370e-02;4.705729e-02;5.002730e-02
1.299045e-01;6.811586e-02;1.005462e-01;2.825504e-02;2.193148e-02;2.915674e-02;1.012463e-01;1.181193e-01;2.438633e-01;3.679384e-02;5.068394e-02;7.138357e-02
1.853697e-01;7.462548e-02;1.371928e-01;4.399889e-02;4.040724e-02;3.859080e-02;1.264201e-01;7.456990e-02;1.390578e-01;4.785752e-02;3.633758e-02;5.557224e-02
2.216801e-01;1.352028e-01;1.427367e-01;2.994022e-02;5.486569e-02;3.759072e-02;9.574968e-02;1.218770e-01;7.452016e-02;2.819415e-02;1.742126e-02;4.022149e-02
2.767939e-01;1.419977e-01;1.035851e-01;1.484746e-02;6.662733e-02;2.402413e-02;3.866005e-02;2.149842e-01;5.517817e-02;1.623767e-02;1.218548e-02;3.487885e-02
2.924354e-01;9.336751e-02;5.099469e-02;1.148563e-02;6.819014e-02;1.301243e-02;7.899408e-02;2.875889e-01;5.281618e-02;9.392203e-03;9.458888e-03;3.226399e-02
2.661507e-01;3.482570e-02;4.318447e-02;1.513442e-02;4.592005e-02;1.649222e-02;1.475375e-01;3.026402e-01;5.272734e-02;1.703413e-02;1.068467e-02;4.766856e-02
2.656650e-01;2.175654e-02;3.198884e-02;1.852285e-02;2.363528e-02;1.933640e-02;2.016754e-01;2.283292e-01;8.556287e-02;2.175104e-02;1.558726e-02;6.618927e-02
2.660989e-01;6.003140e-02;5.205304e-02;2.588730e-02;3.034752e-02;2.380415e-02;2.069045e-01;1.120299e-01;8.082923e-02;4.535925e-02;2.681975e-02;6.983516e-02
2.219833e-01;7.616723e-02;7.058530e-02;2.847118e-02;3.041011e-02;3.482077e-02;2.138800e-01;1.429658e-01;4.981600e-02;4.915128e-02;2.843567e-02;5.331334e-02
1.718574e-01;7.251551e-02;3.096628e-02;1.865680e-02;3.649170e-02;3.244822e-02;2.048010e-01;2.792884e-01;4.585765e-02;5.356097e-02;2.592940e-02;2.762659e-02
1.335496e-01;4.375308e-02;5.945542e-02;1.418325e-02;3.515323e-02;2.818769e-02;1.383388e-01;3.598247e-01;6.339341e-02;5.688750e-02;3.734865e-02;2.992469e-02
7.978957e-02;5.891174e-02;1.670573e-01;3.250779e-02;5.563936e-02;2.732857e-02;7.821224e-02;2.948176e-01;6.586377e-02;7.042265e-02;3.704859e-02;3.240086e-02
1.212047e-01;9.272200e-02;2.121007e-01;4.813344e-02;6.558118e-02;3.864982e-02;1.184988e-01;1.279032e-01;4.139755e-02;6.403407e-02;3.570785e-02;3.406666e-02
1.566940e-01;9.084901e-02;1.430000e-01;5.934513e-02;5.773396e-02;3.783752e-02;1.643019e-01;9.738755e-02;4.540962e-02;6.117181e-02;3.233268e-02;5.393680e-02
1.501879e-01;7.933108e-02;5.909837e-02;6.442583e-02;3.921943e-02;2.041097e-02;2.502912e-01;1.060802e-01;4.292437e-02;7.511743e-02;2.686997e-02;8.604312e-02
6.348842e-02;5.732974e-02;3.050628e-02;6.549340e-02;1.517907e-02;2.997127e-02;3.705641e-01;9.973892e-02;3.059713e-02;7.746676e-02;3.010717e-02;1.295578e-01
6.028772e-02;4.349652e-02;2.343085e-02;5.268800e-02;1.213971e-02;2.842283e-02;4.338098e-01;1.014143e-01;2.035780e-02;6.792762e-02;2.412767e-02;1.318972e-01
4.458033e-02;3.208262e-02;3.288940e-02;3.934762e-02;1.199626e-02;4.368113e-02;4.635622e-01;9.252921e-02;1.514277e-02;7.481124e-02;2.220849e-02;1.271688e-01
6.738628e-02;2.874829e-02;4.630855e-02;3.825524e-02;1.118046e-02;4.784889e-02;4.401521e-01;5.743293e-02;2.390376e-02;8.408010e-02;2.848841e-02;1.262149e-01
9.640493e-02;5.280563e-02;6.962866e-02;3.864894e-02;1.704616e-02;4.207772e-02;3.785010e-01;4.957965e-02;2.291201e-02;8.510076e-02;3.651046e-02;1.107841e-01
1.109798e-01;8.335245e-02;6.254600e-02;4.733351e-02;2.541795e-02;5.004187e-02;3.319336e-01;5.414114e-02;3.754829e-02;6.682596e-02;4.216228e-02;8.771709e-02
2.493693e-01;8.283300e-02;7.462876e-02;3.584375e-02;2.215252e-02;3.747987e-02;2.232551e-01;5.449741e-02;4.047902e-02;6.954049e-02;3.106435e-02;7.885647e-02
3.881404e-01;5.574299e-02;5.825182e-02;2.128939e-02;2.063532e-02;4.428776e-02;1.197498e-01;4.574315e-02;4.785989e-02;5.923232e-02;3.675320e-02;1.023139e-01
4.339170e-01;7.101578e-02;8.511413e-02;1.214283e-02;2.448200e-02;3.704134e-02;7.220354e-02;4.994041e-02;3.327772e-02;3.833629e-02;3.119741e-02;1.113315e-01
4.349737e-01;6.872756e-02;8.468816e-02;2.626886e-02;2.740225e-02;3.455283e-02;8.669558e-02;5.997201e-02;3.367194e-02;2.436959e-02;2.069320e-02;9.798426e-02
4.300041e-01;6.133717e-02;8.058093e-02;2.840254e-02;2.749840e-02;3.109101e-02;8.756755e-02;6.923470e-02;3.390791e-02;2.199221e-02;2.593242e-02;1.024510e-01
4.569134e-01;6.303481e-02;5.694095e-02;1.921706e-02;3.093411e-02;2.089396e-02;8.723747e-02;7.900289e-02;2.823642e-02;3.423375e-02;2.579535e-02;9.755979e-02
4.141532e-01;1.285207e-01;9.431726e-02;2.583317e-02;3.144379e-02;1.682155e-02;7.467380e-02;8.578978e-02;1.957159e-02;3.355274e-02;2.155901e-02;5.376343e-02
3.720636e-01;1.678784e-01;8.976430e-02;2.452179e-02;3.407156e-02;1.770302e-02;7.891273e-02;1.025081e-01;4.720036e-02;1.645933e-02;1.692247e-02;3.199437e-02
2.814649e-01;2.036297e-01;1.223280e-01;1.976150e-02;4.139274e-02;2.428152e-02;6.782581e-02;7.942262e-02;9.685851e-02;1.989179e-02;1.172626e-02;3.141662e-02
1.336985e-01;2.341451e-01;2.786777e-01;1.862117e-02;2.709489e-02;2.185317e-02;4.494922e-02;3.767842e-02;1.207697e-01;4.617241e-02;1.199851e-02;2.434128e-02
5.374752e-02;1.773107e-01;4.448560e-01;3.952739e-02;2.116152e-02;1.240222e-02;4.138539e-02;2.263865e-02;8.351911e-02;6.859905e-02;1.771826e-02;1.713417e-02
5.237473e-02;9.959771e-02;4.752133e-01;9.024810e-02;3.435238e-02;1.771294e-02;3.991767e-02;1.970903e-02;4.557610e-02;6.497082e-02;4.522318e-02;1.510405e-02
5.263269e-02;6.319313e-02;3.511274e-01;1.606391e-01;7.547002e-02;2.969036e-02;4.101638e-02;3.745244e-02;3.856996e-02;4.407015e-02;7.532895e-02;3.080946e-02
6.398293e-02;5.481322e-02;1.890279e-01;1.587980e-01;1.736350e-01;4.520253e-02;5.143937e-02;3.575823e-02;6.968785e-02;1.722429e-02;6.546716e-02;7.496350e-02
6.815060e-02;3.950603e-02;9.227238e-02;1.012873e-01;2.582748e-01;7.510684e-02;6.646957e-02;1.607881e-02;1.068052e-01;1.994852e-02;4.023428e-02;1.158657e-01
7.654797e-02;1.821535e-02;1.398515e-01;4.625140e-02;2.503322e-01;1.277444e-01;8.776578e-02;7.160805e-03;9.244937e-02;1.369045e-02;3.478104e-02;1.052097e-01
1.056731e-01;1.889099e-02;1.369499e-01;1.990723e-02;2.135016e-01;1.858756e-01;1.348233e-01;1.740691e-02;4.783809e-02;1.398878e-02;2.986415e-02;7.528038e-02
9.928264e-02;1.579907e-02;9.921484e-02;4.548225e-02;2.273829e-01;2.137766e-01;1.684167e-01;2.661363e-02;2.935241e-02;1.082723e-02;2.745774e-02;3.639397e-02
7.199610e-02;1.866703e-02;6.735276e-02;6.157473e-02;2.700953e-01;2.357578e-01;1.698321e-01;2.950066e-02;2.446113e-02;1.998768e-02;2.130153e-02;9.473111e-03
4.419184e-02;1.257417e-02;1.181076e-01;5.017033e-02;2.885122e-01;2.060445e-01;1.294159e-01;2.318555e-02;6.151443e-02;2.684812e-02;1.218233e-02;2.725308e-02
3.103443e-02;1.637955e-02;1.180320e-01;3.420017e-02;3.283012e-01;1.599061e-01;1.146910e-01;1.863541e-02;1.098394e-01;2.477294e-02;3.524495e-03;4.068337e-02
3.247272e-02;1.667556e-02;1.133154e-01;4.739236e-02;3.289677e-01;1.236283e-01;1.382286e-01;1.543952e-02;1.334298e-01;1.354257e-02;1.009151e-02;2.681598e-02
3.036620e-02;1.413819e-02;1.355489e-01;7.747371e-02;2.852196e-01;9.651095e-02;1.911252e-01;1.763817e-02;1.056509e-01;1.234053e-02;1.210000e-02;2.188770e-02
2.503268e-02;2.543020e-02;2.181603e-01;1.008243e-01;2.176442e-01;6.739437e-02;1.905795e-01;1.971101e-02;7.496246e-02;2.739669e-02;1.740697e-02;1.545730e-02
1.880453e-02;3.975562e-02;3.380950e-01;9.384507e-02;1.218859e-01;5.044693e-02;1.882707e-01;1.755056e-02;5.205750e-02;3.975312e-02;2.794775e-02;1.158724e-02
3.321609e-02;3.769632e-02;2.335704e-01;9.134281e-02;2.050706e-01;9.887290e-02;1.592946e-01;1.313324e-02;4.706564e-02;2.313124e-02;2.814045e-02;2.946572e-02
4.484122e-02;3.099579e-02;1.386573e-01;1.025849e-01;2.739953e-01;1.330068e-01;1.303267e-01;2.215696e-02;3.849774e-02;1.742841e-02;2.157172e-02;4.593720e-02
6.752898e-02;3.508000e-02;1.924315e-01;8.838770e-02;2.224412e-01;9.599332e-02;1.315812e-01;3.071987e-02;4.337794e-02;2.162753e-02;2.328248e-02;4.754829e-02
9.141994e-02;3.026444e-02;1.663115e-01;7.963896e-02;1.857004e-01;9.961089e-02;1.526957e-01;4.898966e-02;4.201667e-02;3.132438e-02;2.892966e-02;4.309773e-02
9.066177e-02;5.585333e-02;1.080261e-01;7.151216e-02;1.250338e-01;1.218404e-01;1.610572e-01;5.470570e-02;7.016791e-02;5.467551e-02;1.809025e-02;6.837577e-02
5.773749e-02;4.688985e-02;1.283982e-01;1.132190e-01;1.160461e-01;1.018040e-01;1.214861e-01;3.712875e-02;1.009027e-01;6.219566e-02;2.570883e-02;8.848329e-02
5.025483e-02;3.076983e-02;1.312321e-01;1.278464e-01;1.672332e-01;7.833678e-02;8.114459e-02;2.774130e-02;9.487085e-02;1.079064e-01;1.945987e-02;8.320392e-02
4.283225e-02;3.074237e-02;1.472542e-01;1.015400e-01;1.908050e-01;7.494763e-02;8.114996e-02;1.827935e-02;9.445833e-02;1.400840e-01;8.205044e-03;6.970194e-02
5.335252e-02;4.040518e-02;1.192598e-01;9.907320e-02;2.200254e-01;7.980283e-02;7.182788e-02;3.056612e-02;9.235477e-02;1.191015e-01;1.202597e-02;6.220473e-02
4.062377e-02;6.214555e-02;1.047093e-01;1.054236e-01;1.894020e-01;7.910607e-02;1.074328e-01;5.060203e-02;9.104440e-02;1.035951e-01;1.341022e-02;5.250517e-02
9.664139e-02;5.314548e-02;1.321301e-01;1.007413e-01;1.499567e-01;7.336836e-02;1.080655e-01;5.466586e-02;9.546597e-02;9.667367e-02;1.353075e-02;2.561501e-02
1.294600e-01;4.468597e-02;1.654674e-01;8.625702e-02;1.279821e-01;5.188420e-02;9.442542e-02;7.137372e-02;7.218789e-02;1.003585e-01;2.040552e-02;3.551234e-02
1.201852e-01;4.084612e-02;1.543608e-01;7.755513e-02;1.356153e-01;5.488688e-02;1.378234e-01;9.192935e-02;5.728859e-02;7.079527e-02;1.758048e-02;4.113335e-02
9.129176e-02;5.172076e-02;1.350398e-01;8.680322e-02;1.537837e-01;8.083851e-02;9.919445e-02;9.559895e-02;7.013366e-02;6.762474e-02;3.816016e-02;2.981032e-02
8.256080e-02;4.651406e-02;1.539183e-01;8.456524e-02;1.326707e-01;7.984824e-02;1.028515e-01;6.393920e-02;7.956820e-02;9.209615e-02;4.090681e-02;4.056076e-02
7.609166e-02;8.595508e-02;1.144656e-01;7.843964e-02;1.516180e-01;1.091700e-01;6.706083e-02;5.626600e-02;7.639387e-02;7.158127e-02;3.056881e-02;8.238929e-02
6.746621e-02;1.020434e-01;8.930092e-02;9.948496e-02;1.474205e-01;9.544108e-02;6.054718e-02;8.845834e-02;7.469995e-02;7.048354e-02;2.683499e-02;7.781903e-02
8.137853e-02;8.941072e-02;9.371959e-02;8.950594e-02;1.106999e-01;6.866349e-02;5.685009e-02;1.218215e-01;1.218390e-01;6.720614e-02;4.114986e-02;5.775519e-02
8.775310e-02;5.741769e-02;1.144907e-01;6.109681e-02;1.169603e-01;7.539609e-02;6.603057e-02;1.263875e-01;1.361511e-01;6.536686e-02;4.761260e-02;4.533669e-02
6.037806e-02;3.565807e-02;1.397948e-01;7.201455e-02;1.605902e-01;8.316725e-02;1.154091e-01;8.883781e-02;7.492252e-02;7.073697e-02;4.621973e-02;5.227092e-02
4.469759e-02;6.504307e-02;3.185325e-01;9.015062e-02;1.190413e-01;7.917752e-02;1.126441e-01;3.249357e-02;3.405527e-02;4.303135e-02;2.837056e-02;3.276261e-02
9.989224e-02;1.154372e-01;3.709003e-01;6.112680e-02;8.353265e-02;5.259507e-02;9.748027e-02;2.727968e-02;3.275871e-02;2.077970e-02;1.543295e-02;2.278444e-02
1.702708e-01;1.562142e-01;3.449636e-01;4.200455e-02;5.816599e-02;3.883108e-02;7.253069e-02;3.168396e-02;2.553890e-02;1.553409e-02;1.666968e-02;2.759250e-02
2.709234e-01;1.746797e-01;2.728862e-01;2.612541e-02;3.797723e-02;2.296243e-02;5.068491e-02;5.159372e-02;1.911152e-02;1.494216e-02;1.971110e-02;3.840206e-02
3.130959e-01;1.103571e-01;2.122392e-01;2.547834e-02;4.229989e-02;2.239128e-02;5.405388e-02;8.396929e-02;2.786833e-02;2.282754e-02;2.969681e-02;5.572246e-02
3.149869e-01;3.670152e-02;1.324576e-01;2.393122e-02;6.054240e-02;2.930866e-02;9.898146e-02;1.148032e-01;4.019976e-02;2.235536e-02;4.323549e-02;8.249632e-02
2.715921e-01;4.871851e-02;1.713689e-01;3.374450e-02;4.902592e-02;1.923009e-02;1.343695e-01;7.658949e-02;3.337339e-02;3.797625e-02;4.777802e-02;7.623330e-02
2.911138e-01;5.622867e-02;1.471836e-01;3.238118e-02;4.204468e-02;2.718202e-02;1.424873e-01;9.636392e-02;2.906992e-02;2.190535e-02;3.922066e-02;7.481889e-02
3.586460e-01;7.257110e-02;5.864023e-02;2.355980e-02;5.067216e-02;2.220369e-02;8.842457e-02;1.632465e-01;2.376857e-02;2.468214e-02;3.932973e-02;7.425547e-02
3.464794e-01;9.854025e-02;1.419416e-01;1.323647e-02;4.900659e-02;1.403928e-02;3.281554e-02;1.669178e-01;3.197414e-02;1.823374e-02;3.698792e-02;4.982720e-02
3.379942e-01;1.190553e-01;1.351961e-01;8.337753e-03;5.329869e-02;8.278639e-03;3.072528e-02;1.700771e-01;5.196199e-02;1.550238e-02;3.795136e-02;3.162125e-02
3.415608e-01;1.097861e-01;1.246114e-01;7.872467e-03;5.577810e-02;5.256027e-03;3.724322e-02;2.019455e-01;4.581269e-02;8.420038e-03;3.739990e-02;2.431380e-02
3.527129e-01;7.588121e-02;1.176045e-01;6.817054e-03;5.647907e-02;5.857364e-03;3.717871e-02;2.526318e-01;2.410326e-02;5.708076e-03;4.048006e-02;2.454600e-02
3.516810e-01;4.782341e-02;1.121409e-01;8.358590e-03;5.574431e-02;8.498214e-03;4.397451e-02;2.759648e-01;2.013267e-02;1.240879e-02;3.883404e-02;2.443875e-02
3.572569e-01;4.472401e-02;1.308182e-01;7.300491e-03;5.933888e-02;7.992567e-03;3.135564e-02;2.760634e-01;2.688412e-02;1.085088e-02;2.526996e-02;2.214497e-02
3.627623e-01;5.521986e-02;1.531645e-01;8.098735e-03;6.145258e-02;7.498764e-03;2.699729e-02;2.493335e-01;2.347171e-02;1.099504e-02;1.576230e-02;2.524337e-02
3.764330e-01;5.877361e-02;1.528284e-01;1.016855e-02;4.981844e-02;6.341868e-03;2.578788e-02;2.195634e-01;3.644993e-02;1.248497e-02;2.279812e-02;2.855186e-02
3.556642e-01;6.037201e-02;1.384650e-01;1.612508e-02;3.497513e-02;1.232298e-02;6.707972e-02;1.861299e-01;3.891800e-02;1.781588e-02;3.113855e-02;4.099361e-02
3.161750e-01;6.157566e-02;1.308190e-01;2.674345e-02;4.276541e-02;1.972572e-02;1.086237e-01;1.462581e-01;2.831122e-02;2.112185e-02;4.700312e-02;5.087781e-02
2.694682e-01;6.421290e-02;1.022106e-01;2.066383e-02;3.385101e-02;2.616770e-02;1.444118e-01;1.747166e-01;2.668239e-02;2.475151e-02;7.085212e-02;4.201139e-02
2.353444e-01;6.229442e-02;7.896634e-02;1.769177e-02;2.469853e-02;3.064717e-02;1.518629e-01;2.394689e-01;2.778881e-02;2.606414e-02;7.023885e-02;3.493381e-02
2.396961e-01;8.034088e-02;7.734329e-02;2.310318e-02;3.219604e-02;2.457375e-02;9.670396e-02;2.664709e-01;3.628479e-02;3.082970e-02;5.012630e-02;4.233104e-02
2.175039e-01;8.104665e-02;6.679859e-02;4.484353e-02;6.268480e-02;1.998141e-02;7.946659e-02;2.649199e-01;4.531122e-02;4.193295e-02;3.701695e-02;3.849347e-02
2.060693e-01;7.414828e-02;6.165382e-02;5.495472e-02;9.165134e-02;2.257876e-02;1.163157e-01;2.342468e-01;2.892221e-02;4.986390e-02;3.035899e-02;2.923618e-02
1.804146e-01;5.164745e-02;4.117754e-02;3.779503e-02;9.542120e-02;3.521539e-02;1.421691e-01;2.194114e-01;6.970979e-02;4.653746e-02;2.793832e-02;5.256269e-02
1.784061e-01;3.865654e-02;9.114341e-02;2.387826e-02;7.208346e-02;3.448729e-02;1.491852e-01;2.160520e-01;6.425454e-02;4.477474e-02;3.050513e-02;5.657337e-02
2.269964e-01;6.385539e-02;1.028981e-01;3.272159e-02;4.591885e-02;4.028653e-02;1.048183e-01;1.909812e-01;4.050240e-02;4.324155e-02;3.903209e-02;6.874772e-02
2.615025e-01;5.504835e-02;8.366559e-02;4.424316e-02;4.211744e-02;3.622967e-02;1.002787e-01;1.770746e-01;5.429272e-02;3.516411e-02;3.730607e-02;7.307696e-02
2.666947e-01;6.502169e-02;1.017388e-01;4.915451e-02;4.972216e-02;2.571964e-02;1.002136e-01;1.445596e-01;6.191295e-02;4.360026e-02;2.868375e-02;6.297845e-02
2.043186e-01;2.627698e-02;2.507111e-01;4.605290e-02;4.969937e-02;2.052646e-02;1.064284e-01;8.982128e-02;7.293770e-02;5.445866e-02;3.906276e-02;3.970588e-02
1.444648e-01;7.364465e-02;2.288222e-01;4.947837e-02;5.670786e-02;3.633941e-02;1.246914e-01;7.850872e-02;7.252029e-02;5.455061e-02;3.949483e-02;4.077683e-02
1.590404e-01;7.409434e-02;1.557893e-01;4.555680e-02;5.023061e-02;3.364287e-02;1.815202e-01;1.046013e-01;6.639669e-02;4.704373e-02;3.259673e-02;4.948702e-02
1.571561e-01;5.692691e-02;9.902445e-02;4.469656e-02;3.411110e-02;1.594456e-02;2.780772e-01;1.345697e-01;5.336799e-02;3.437204e-02;3.064378e-02;6.110970e-02
1.126111e-01;2.589050e-02;6.070983e-02;5.317481e-02;2.076340e-02;2.827553e-02;3.673115e-01;1.293823e-01;5.043577e-02;4.286225e-02;3.241169e-02;7.617136e-02
1.057578e-01;2.699968e-02;4.377817e-02;4.889305e-02;2.222915e-02;2.931488e-02;3.836265e-01;9.213363e-02;3.989809e-02;6.221063e-02;4.384335e-02;1.013151e-01
5.536409e-02;3.761892e-02;8.692540e-02;4.033670e-02;2.720341e-02;3.788837e-02;3.450361e-01;1.050845e-01;4.108102e-02;6.106395e-02;5.672792e-02;1.056696e-01
7.628737e-02;4.654323e-02;8.120030e-02;5.025636e-02;3.020592e-02;5.056565e-02;2.714664e-01;1.188067e-01;5.700966e-02;4.833861e-02;7.157414e-02;9.774569e-02
7.233462e-02;2.945964e-02;9.118971e-02;5.845846e-02;4.038274e-02;6.088404e-02;1.894716e-01;1.201599e-01;7.256534e-02;7.864810e-02;8.892936e-02;9.751652e-02
5.031159e-02;4.528726e-02;1.599060e-01;5.383126e-02;2.881096e-02;5.734789e-02;2.310889e-01;8.476485e-02;5.496863e-02;9.294260e-02;6.656214e-02;7.417800e-02
1.247679e-01;6.107560e-02;1.469611e-01;3.484720e-02;4.239139e-02;3.632619e-02;2.038225e-01;6.172280e-02;4.021620e-02;1.093913e-01;7.443987e-02;6.403789e-02
1.121823e-01;4.799218e-02;1.213485e-01;2.736011e-02;5.542139e-02;4.347854e-02;1.687762e-01;5.649899e-02;5.626766e-02;1.226309e-01;1.016395e-01;8.640363e-02
1.623719e-01;3.934876e-02;1.236974e-01;3.912880e-02;4.941798e-02;4.649935e-02;1.699843e-01;2.553933e-02;5.937270e-02;8.949853e-02;8.383118e-02;1.113096e-01
2.476109e-01;5.882517e-02;1.101299e-01;3.786047e-02;3.567700e-02;4.484967e-02;1.402794e-01;5.000395e-02;3.949756e-02;5.593877e-02;5.967169e-02;1.196556e-01
2.889245e-01;7.674435e-02;1.514055e-01;3.365240e-02;3.476899e-02;3.085311e-02;8.873272e-02;3.780211e-02;3.933677e-02;5.668717e-02;5.997123e-02;1.011212e-01
3.215587e-01;5.669021e-02;1.471514e-01;2.661480e-02;3.882058e-02;2.437573e-02;9.977593e-02;3.999745e-02;3.595309e-02;4.820320e-02;5.916893e-02;1.016900e-01
3.742101e-01;5.661570e-02;5.261826e-02;2.153322e-02;2.782169e-02;2.131162e-02;1.088191e-01;6.371996e-02;3.241748e-02;5.434344e-02;6.515069e-02;1.214388e-01
3.999917e-01;6.184931e-02;9.453007e-02;2.024364e-02;2.441784e-02;1.710094e-02;8.027959e-02;6.332259e-02;2.489549e-02;3.314264e-02;5.797096e-02;1.222553e-01
4.652762e-01;7.418624e-02;6.299241e-02;2.509491e-02;2.713767e-02;1.565552e-02;6.148201e-02;5.890105e-02;2.976831e-02;2.724695e-02;4.202271e-02;1.102360e-01
4.707132e-01;1.312583e-01;8.497760e-02;2.421402e-02;2.536324e-02;1.620127e-02;3.799655e-02;5.911048e-02;1.951289e-02;2.647807e-02;3.331062e-02;7.086370e-02
4.165392e-01;1.614159e-01;1.403763e-01;2.590186e-02;2.909547e-02;1.458467e-02;2.115077e-02;6.347656e-02;3.828767e-02;2.306181e-02;2.179426e-02;4.431557e-02
3.278016e-01;1.990113e-01;1.835801e-01;2.729603e-02;2.212098e-02;1.619212e-02;3.267920e-02;5.128534e-02;6.735200e-02;2.088180e-02;1.640635e-02;3.539313e-02
1.860708e-01;2.522081e-01;2.683243e-01;3.643493e-02;1.958828e-02;2.259746e-02;3.012976e-02;2.728092e-02;9.954689e-02;1.612497e-02;1.248791e-02;2.920564e-02
8.284040e-02;2.597084e-01;3.312731e-01;3.971241e-02;1.503573e-02;2.714402e-02;4.182718e-02;2.427287e-02;1.179693e-01;1.966397e-02;1.205651e-02;2.849611e-02
1.064563e-01;2.082707e-01;3.693686e-01;3.009007e-02;1.195925e-02;2.666103e-02;4.382114e-02;3.342398e-02;1.025803e-01;2.776184e-02;1.113603e-02;2.847074e-02
7.087739e-02;1.614986e-01;4.600479e-01;2.553946e-02;1.764495e-02;2.786345e-02;4.292962e-02;2.709802e-02;9.309208e-02;3.898999e-02;1.131091e-02;2.310756e-02
4.099309e-02;1.037622e-01;5.770435e-01;3.839836e-02;2.342700e-02;2.429343e-02;3.424457e-02;1.310233e-02;6.830950e-02;4.550630e-02;1.232650e-02;1.859324e-02
6.943378e-02;1.172941e-01;5.821605e-01;3.536221e-02;2.364405e-02;1.433771e-02;3.258971e-02;2.044410e-02;3.498354e-02;4.221259e-02;9.777712e-03;1.775998e-02
9.152535e-02;1.547558e-01;5.263944e-01;3.077770e-02;1.153128e-02;1.344555e-02;4.361714e-02;2.273273e-02;5.238254e-02;2.747226e-02;5.505076e-03;1.986015e-02
4.532401e-02;1.588875e-01;5.584356e-01;3.957971e-02;2.188833e-02;1.478567e-02;3.354526e-02;1.550123e-02;5.418481e-02;2.783930e-02;8.166689e-03;2.186183e-02
7.844192e-02;1.485595e-01;5.373647e-01;3.965000e-02;2.267017e-02;1.446256e-02;3.342038e-02;2.273109e-02;3.494414e-02;2.755423e-02;1.634532e-02;2.385603e-02
1.109745e-01;1.392166e-01;4.814341e-01;3.506661e-02;2.940268e-02;2.730958e-02;3.041413e-02;3.198339e-02;4.582182e-02;2.487879e-02;2.317491e-02;2.032288e-02
8.440091e-02;1.387920e-01;4.145317e-01;3.233414e-02;3.098054e-02;3.678806e-02;4.284291e-02;3.935368e-02;7.942717e-02;4.093127e-02;3.451240e-02;2.510517e-02
5.309590e-02;1.008192e-01;4.037283e-01;5.675793e-02;4.868504e-02;3.495584e-02;7.186805e-02;5.023992e-02;8.907075e-02;3.373387e-02;3.344014e-02;2.360511e-02
5.063353e-02;6.932204e-02;4.107907e-01;6.832629e-02;5.957624e-02;3.785452e-02;8.479854e-02;6.150781e-02;7.329535e-02;3.451863e-02;2.892868e-02;2.044764e-02
9.453548e-02;9.426381e-02;3.674221e-01;4.791239e-02;4.501984e-02;4.288881e-02;1.198461e-01;4.685841e-02;4.914778e-02;4.862790e-02;2.635650e-02;1.712092e-02
1.151475e-01;1.011429e-01;3.441007e-01;4.390962e-02;3.837413e-02;4.308948e-02;1.100223e-01;2.345944e-02;7.299633e-02;5.776507e-02;2.618115e-02;2.381122e-02
1.102404e-01;9.113088e-02;3.243643e-01;5.099152e-02;3.311612e-02;5.410533e-02;8.424427e-02;4.695912e-02;1.004131e-01;4.757856e-02;2.553005e-02;3.132634e-02
8.372469e-02;6.348855e-02;3.318559e-01;3.354791e-02;3.687014e-02;7.548587e-02;8.414619e-02;8.456267e-02;9.176119e-02;5.528457e-02;2.768088e-02;3.159147e-02
