8.840751e-02;4.712000e-02;8.160353e-02;1.840796e-01;8.501409e-02;7.831286e-02;1.105329e-01;5.860196e-02;7.679974e-02;6.659649e-02;4.861312e-02;7.431822e-02
4.713507e-02;5.121887e-02;7.901087e-02;1.877134e-01;7.244623e-02;1.031549e-01;1.029060e-01;6.824807e-02;8.338874e-02;8.668501e-02;4.038374e-02;7.770918e-02
5.982435e-02;4.928387e-02;1.006511e-01;1.221420e-01;8.862373e-02;7.461940e-02;8.682274e-02;7.046422e-02;1.276628e-01;7.552189e-02;2.696481e-02;1.174191e-01
8.197156e-02;6.269239e-02;1.516344e-01;8.277660e-02;5.087370e-02;3.600830e-02;1.173998e-01;6.362761e-02;1.469263e-01;5.021542e-02;4.138875e-02;1.144852e-01
9.906565e-02;8.990294e-02;1.191638e-01;1.041744e-01;9.185567e-02;6.328975e-02;9.276070e-02;5.871381e-02;1.023060e-01;5.365000e-02;4.391095e-02;8.120640e-02
9.178008e-02;7.864119e-02;8.125475e-02;1.151094e-01;9.398779e-02;6.782836e-02;9.318228e-02;5.736095e-02;1.021333e-01;6.720725e-02;5.585162e-02;9.566294e-02
6.260894e-02;5.448701e-02;7.398260e-02;1.342951e-01;7.894187e-02;6.553658e-02;1.012965e-01;4.604968e-02;9.674194e-02;8.988950e-02;7.330628e-02;1.228640e-01
7.352944e-02;2.244458e-02;6.364311e-02;1.391378e-01;6.506112e-02;4.943437e-02;1.162572e-01;6.809828e-02;7.403691e-02;1.233219e-01;5.790686e-02;1.471284e-01
6.708097e-02;1.862349e-02;4.084849e-02;1.094625e-01;3.538129e-02;3.631736e-02;2.006008e-01;6.135606e-02;3.236235e-02;1.520005e-01;5.024529e-02;1.957209e-01
4.231747e-02;1.874648e-02;2.643078e-02;9.490984e-02;1.388888e-02;5.037665e-02;2.733821e-01;2.395537e-02;3.071729e-02;1.287107e-01;5.683815e-02;2.397263e-01
5.001902e-02;2.244776e-02;4.671568e-02;8.296063e-02;1.467499e-02;7.719753e-02;2.700371e-01;2.433742e-02;6.193382e-02;7.927285e-02;6.244456e-02;2.079587e-01
6.626973e-02;3.250914e-02;7.580370e-02;6.486138e-02;2.875338e-02;9.225629e-02;2.105212e-01;4.496517e-02;1.059729e-01;7.154427e-02;6.068066e-02;1.458622e-01
7.656172e-02;3.296560e-02;1.058405e-01;6.944406e-02;3.578134e-02;9.256552e-02;1.358604e-01;5.643334e-02;1.267023e-01;9.753580e-02;7.945102e-02;9.085836e-02
5.354558e-02;2.819994e-02;9.127986e-02;9.811584e-02;3.929994e-02;1.015548e-01;1.116843e-01;3.887364e-02;8.722773e-02;1.386721e-01;1.369895e-01;7.455678e-02
3.499222e-02;3.049290e-02;5.345892e-02;7.577907e-02;5.030867e-02;5.213664e-02;1.450115e-01;4.714839e-02;6.389317e-02;1.821034e-01;1.711686e-01;9.350650e-02
2.512287e-02;2.559347e-02;1.248782e-01;5.980024e-02;8.503402e-02;1.028467e-01;9.712765e-02;1.051153e-01;1.128542e-01;1.295425e-01;1.005917e-01;3.149313e-02
7.970249e-02;5.588339e-02;1.440114e-01;8.855488e-02;7.754028e-02;7.382797e-02;1.000603e-01;1.178614e-01;8.137222e-02;7.528094e-02;6.186526e-02;4.403946e-02
1.369321e-01;7.114533e-02;1.345988e-01;9.855749e-02;5.191930e-02;4.056419e-02;1.648351e-01;1.043757e-01;4.979495e-02;4.925987e-02;4.284989e-02;5.516726e-02
1.356782e-01;5.685160e-02;7.027721e-02;1.033046e-01;2.504973e-02;3.965249e-02;3.267278e-01;8.748370e-02;2.539798e-02;3.070807e-02;3.372929e-02;6.513926e-02
7.722203e-02;2.647451e-02;2.311998e-02;9.283901e-02;1.427789e-02;5.042341e-02;4.595348e-01;8.772825e-02;2.652444e-02;2.036042e-02;4.078802e-02;8.070726e-02
3.268546e-02;1.662328e-02;3.496439e-02;5.895087e-02;1.577162e-02;6.935306e-02;4.720635e-01;7.846242e-02;3.145283e-02;3.034498e-02;5.294918e-02;1.063784e-01
1.594714e-02;1.083319e-02;5.501350e-02;3.000861e-02;1.658181e-02;9.013145e-02;4.087715e-01;6.078818e-02;4.721754e-02;5.007548e-02;8.266409e-02;1.319675e-01
9.288112e-03;1.002301e-02;7.776833e-02;1.669678e-02;2.382903e-02;1.274419e-01;3.139513e-01;3.388238e-02;7.547650e-02;4.182511e-02;1.297089e-01;1.401086e-01
1.659987e-02;1.578896e-02;9.475800e-02;7.814507e-03;2.959188e-02;1.676615e-01;2.231152e-01;1.958996e-02;7.960411e-02;3.189089e-02;1.882664e-01;1.253187e-01
2.639457e-02;1.554604e-02;1.150178e-01;1.366884e-02;2.991108e-02;1.934357e-01;1.599830e-01;2.436093e-02;6.804200e-02;3.098472e-02;2.258482e-01;9.680703e-02
5.680076e-02;2.115625e-02;1.228515e-01;2.639380e-02;5.194318e-02;1.749071e-01;1.439402e-01;2.312922e-02;6.947930e-02;4.412536e-02;1.927145e-01;7.255892e-02
7.413533e-02;5.660525e-02;1.106592e-01;4.954057e-02;6.039454e-02;1.308617e-01;1.425378e-01;4.392431e-02;7.585558e-02;6.383301e-02;1.269258e-01;6.472701e-02
8.811121e-02;1.058382e-01;9.640362e-02;8.055609e-02;5.309495e-02;6.627300e-02;1.480160e-01;6.176922e-02;9.482597e-02;8.139955e-02;7.537377e-02;4.833847e-02
9.642462e-02;4.977171e-02;1.228629e-01;4.720708e-02;4.161309e-02;1.080759e-01;1.919671e-01;4.958822e-02;5.376295e-02;5.971941e-02;1.197676e-01;5.923939e-02
7.929736e-02;2.157776e-02;1.203212e-01;2.124507e-02;3.955754e-02;1.748983e-01;1.860150e-01;2.807897e-02;5.346809e-02;4.340198e-02;1.750102e-01;5.712854e-02
7.027105e-02;1.069418e-02;1.319450e-01;1.129530e-02;3.466719e-02;2.423509e-01;1.234876e-01;1.089040e-02;5.922681e-02;4.001795e-02;2.250180e-01;4.013570e-02
6.652941e-02;1.308317e-02;1.303741e-01;1.311825e-02;3.778400e-02;2.649499e-01;8.771925e-02;1.488426e-02;5.565341e-02;4.159275e-02;2.485924e-01;2.571895e-02
4.189007e-02;1.878281e-02;1.175080e-01;1.489695e-02;4.909996e-02;2.478360e-01;9.678783e-02;2.809330e-02;4.879916e-02;5.955246e-02;2.393760e-01;3.737748e-02
4.165845e-02;1.609415e-02;1.124193e-01;1.470500e-02;6.030191e-02;2.197173e-01;1.069023e-01;3.946389e-02;3.638685e-02;7.332365e-02;2.303633e-01;4.866381e-02
4.163593e-02;2.294432e-02;1.154970e-01;1.907222e-02;7.294657e-02;1.366591e-01;1.371475e-01;6.879125e-02;3.157360e-02;1.069100e-01;1.892015e-01;5.762092e-02
5.787656e-02;3.349720e-02;1.320513e-01;4.685438e-02;5.530032e-02;1.236274e-01;1.227239e-01;5.863521e-02;6.555691e-02;1.418596e-01;1.282899e-01;3.372732e-02
4.860815e-02;3.336458e-02;1.113866e-01;3.694933e-02;6.672138e-02;1.397989e-01;9.040616e-02;8.196328e-02;6.244719e-02;1.364543e-01;1.519757e-01;3.992456e-02
4.049172e-02;4.154371e-02;8.842121e-02;6.006329e-02;1.044912e-01;9.458999e-02;9.144535e-02;9.465792e-02;4.651554e-02;1.277510e-01;1.328942e-01;7.713485e-02
3.952001e-02;7.298972e-02;8.896338e-02;6.996597e-02;9.964892e-02;6.856795e-02;1.263735e-01;8.295510e-02;7.267480e-02;1.241778e-01;7.486564e-02;7.929724e-02
4.301973e-02;8.532453e-02;1.147367e-01;7.214908e-02;7.866873e-02;7.735386e-02;1.176782e-01;7.001624e-02;8.740486e-02;1.151515e-01;5.362382e-02;8.487276e-02
1.020853e-01;9.493411e-02;2.372845e-01;5.849633e-02;6.116626e-02;6.376830e-02;8.346727e-02;3.571010e-02;5.188232e-02;8.384288e-02;7.241575e-02;5.494695e-02
1.214317e-01;1.030571e-01;2.386545e-01;5.771925e-02;5.643414e-02;5.181211e-02;8.680632e-02;3.409571e-02;2.895808e-02;5.413090e-02;8.675844e-02;8.014166e-02
1.508488e-01;8.195936e-02;1.899549e-01;5.500066e-02;4.864522e-02;5.279906e-02;1.122144e-01;4.479116e-02;1.427382e-02;4.707300e-02;9.869768e-02;1.037419e-01
2.092129e-01;5.138886e-02;1.196613e-01;4.729430e-02;3.300749e-02;4.749300e-02;1.266709e-01;7.469738e-02;1.780602e-02;3.602849e-02;1.001006e-01;1.366388e-01
3.389155e-01;8.639933e-02;9.710004e-02;2.613196e-02;1.203657e-02;2.109551e-02;6.695800e-02;1.153353e-01;3.389805e-02;2.148196e-02;5.795429e-02;1.226935e-01
4.273916e-01;9.681787e-02;7.829311e-02;1.314492e-02;9.079513e-03;7.668892e-03;6.936745e-02;1.443822e-01;3.232630e-02;1.716382e-02;3.176028e-02;7.260397e-02
3.426851e-01;7.679567e-02;7.371718e-02;1.028963e-02;1.868271e-02;1.958896e-02;1.304551e-01;1.300963e-01;2.182791e-02;2.402802e-02;4.209427e-02;1.097392e-01
2.168080e-01;5.751416e-02;8.824161e-02;1.528563e-02;3.102171e-02;3.789123e-02;1.618789e-01;1.078145e-01;2.788123e-02;3.916660e-02;7.626715e-02;1.402293e-01
9.644917e-02;5.597799e-02;1.460992e-01;2.639950e-02;4.954481e-02;5.491782e-02;1.435002e-01;1.058506e-01;2.669588e-02;5.658754e-02;1.132873e-01;1.246899e-01
8.019567e-02;3.501084e-02;2.201175e-01;3.880952e-02;7.222088e-02;6.464391e-02;1.036002e-01;9.188662e-02;4.279575e-02;8.398919e-02;1.092410e-01;5.748894e-02
1.152708e-01;3.731719e-02;2.128922e-01;4.393090e-02;5.896776e-02;5.758079e-02;1.372809e-01;8.066388e-02;6.222773e-02;4.773191e-02;9.237772e-02;5.375820e-02
4.808383e-02;5.792246e-02;1.521059e-01;3.997158e-02;5.834093e-02;6.310868e-02;1.305510e-01;6.517145e-02;1.059928e-01;8.441715e-02;8.650080e-02;1.078334e-01
3.787787e-02;4.667293e-02;1.535985e-01;4.631479e-02;8.121262e-02;4.295891e-02;1.308763e-01;8.079937e-02;8.234216e-02;1.134464e-01;6.667447e-02;1.172257e-01
6.002729e-02;5.054322e-02;1.204755e-01;4.754781e-02;1.331789e-01;5.593035e-02;1.501029e-01;6.821053e-02;6.668082e-02;1.192199e-01;3.649342e-02;9.158934e-02
9.890567e-02;4.814074e-02;1.478809e-01;5.812787e-02;8.787479e-02;5.575697e-02;9.945926e-02;7.632613e-02;9.910803e-02;9.195326e-02;8.462252e-02;5.184394e-02
8.991084e-02;6.799655e-02;1.930284e-01;5.371662e-02;5.227553e-02;6.084260e-02;1.557860e-01;6.046822e-02;7.427518e-02;6.344611e-02;8.033504e-02;4.791894e-02
8.654653e-02;8.296313e-02;2.040946e-01;6.826881e-02;6.072071e-02;6.276546e-02;1.554890e-01;4.808542e-02;7.110438e-02;5.515724e-02;6.004874e-02;4.475599e-02
1.294430e-01;6.634063e-02;2.508277e-01;9.418217e-02;8.809550e-02;4.873066e-02;1.034902e-01;4.737245e-02;6.752735e-02;5.240259e-02;2.569117e-02;2.589653e-02
1.646734e-01;9.815153e-02;2.101821e-01;7.916228e-02;5.689953e-02;5.190271e-02;1.346734e-01;7.961049e-02;3.262623e-02;3.426089e-02;1.842323e-02;3.943416e-02
1.773341e-01;9.392787e-02;1.590637e-01;7.687373e-02;3.971510e-02;4.214506e-02;1.561822e-01;1.014927e-01;2.718043e-02;3.755783e-02;2.513402e-02;6.339331e-02
1.785193e-01;6.037318e-02;9.520870e-02;7.425658e-02;2.392846e-02;3.735145e-02;1.967233e-01;1.208552e-01;2.999931e-02;5.091767e-02;3.498060e-02;9.688625e-02
2.054782e-01;4.430761e-02;5.843473e-02;6.053939e-02;1.478894e-02;3.566930e-02;2.060624e-01;1.213076e-01;3.560422e-02;6.691726e-02;3.551554e-02;1.153748e-01
2.132607e-01;3.928950e-02;4.569391e-02;6.513531e-02;1.262027e-02;3.496240e-02;2.026817e-01;1.142979e-01;2.822745e-02;8.497766e-02;3.268597e-02;1.261673e-01
1.779634e-01;6.578986e-02;8.256793e-02;6.416714e-02;1.909328e-02;3.618344e-02;1.760945e-01;9.847272e-02;2.795640e-02;8.557764e-02;3.667511e-02;1.294586e-01
1.292414e-01;9.837221e-02;8.467888e-02;7.358411e-02;5.676605e-02;5.866980e-02;1.257320e-01;9.314474e-02;3.537053e-02;9.814160e-02;5.341723e-02;9.288151e-02
1.044955e-01;8.317716e-02;1.601335e-01;8.030823e-02;9.535635e-02;6.718478e-02;1.199861e-01;7.640197e-02;4.457418e-02;7.566539e-02;3.700616e-02;5.571070e-02
1.028740e-01;7.158525e-02;1.473879e-01;5.921814e-02;7.434054e-02;7.815662e-02;1.718957e-01;6.557834e-02;4.673668e-02;5.160752e-02;5.643034e-02;7.418904e-02
7.976865e-02;5.469382e-02;9.559708e-02;6.950486e-02;5.731930e-02;7.733637e-02;2.341683e-01;6.551959e-02;4.811257e-02;4.463879e-02;6.010938e-02;1.132313e-01
7.884435e-02;5.696005e-02;4.190983e-02;8.823176e-02;3.252683e-02;3.782492e-02;3.000146e-01;7.427445e-02;3.893052e-02;4.096654e-02;3.729949e-02;1.722167e-01
7.111759e-02;5.425435e-02;1.806396e-02;9.216035e-02;1.569046e-02;3.321145e-02;3.414109e-01;6.130546e-02;2.568791e-02;3.687808e-02;2.977246e-02;2.204470e-01
6.861643e-02;4.923765e-02;3.274713e-02;7.095065e-02;1.449956e-02;6.257067e-02;3.076638e-01;4.698746e-02;2.402932e-02;3.783696e-02;6.502470e-02;2.198356e-01
5.707851e-02;3.304112e-02;4.553701e-02;5.514324e-02;2.457136e-02;1.018791e-01;2.532773e-01;4.291863e-02;3.358816e-02;5.084638e-02;1.102873e-01;1.918319e-01
5.075341e-02;2.125225e-02;1.020297e-01;4.813441e-02;4.041881e-02;1.144003e-01;2.094515e-01;2.660674e-02;3.004429e-02;7.833255e-02;1.343814e-01;1.441946e-01
7.650357e-02;2.176781e-02;1.467970e-01;4.195392e-02;5.652276e-02;1.005622e-01;1.507029e-01;3.728540e-02;3.103088e-02;9.315336e-02;1.149977e-01;1.287226e-01
8.082035e-02;4.697229e-02;1.745606e-01;7.732508e-02;5.335886e-02;9.535611e-02;7.628722e-02;8.499531e-02;4.629545e-02;8.302005e-02;9.103493e-02;8.997374e-02
3.353408e-02;4.726619e-02;1.646358e-01;1.149216e-01;6.933334e-02;9.268381e-02;1.846912e-01;4.497592e-02;3.445330e-02;5.721560e-02;6.253306e-02;9.375618e-02
1.836078e-01;7.421035e-02;4.531468e-02;4.300678e-02;4.558219e-02;4.048188e-02;6.226404e-02;6.474540e-02;7.513608e-02;8.165753e-02;1.064450e-01;1.775483e-01
2.024212e-01;7.650429e-02;3.632696e-02;3.842204e-02;4.865767e-02;4.500118e-02;6.415867e-02;6.563917e-02;6.680710e-02;7.589728e-02;9.550977e-02;1.846547e-01
2.200845e-01;7.938907e-02;3.129394e-02;3.868238e-02;5.279712e-02;4.806444e-02;6.439772e-02;6.350853e-02;5.726773e-02;7.038374e-02;8.301456e-02;1.911163e-01
2.196513e-01;7.567123e-02;3.435479e-02;4.803946e-02;5.713197e-02;5.015468e-02;5.559626e-02;6.288083e-02;5.186375e-02;6.778423e-02;8.378917e-02;1.930824e-01
1.868616e-01;6.707246e-02;1.646246e-01;3.571807e-02;4.056175e-02;4.459928e-02;3.470095e-02;8.808187e-02;1.056986e-01;3.532820e-02;7.965411e-02;1.170985e-01
1.910635e-01;8.593202e-02;1.883930e-01;3.215851e-02;3.032062e-02;2.505093e-02;7.895784e-02;1.095472e-01;1.079455e-01;4.606073e-02;3.550064e-02;6.906949e-02
2.039326e-01;7.636477e-02;1.374690e-01;4.858491e-02;2.122172e-02;1.610199e-02;1.180835e-01;1.176888e-01;8.232036e-02;5.109474e-02;3.580474e-02;9.133284e-02
1.965118e-01;3.565075e-02;5.201666e-02;8.571005e-02;9.883158e-03;2.096706e-02;1.762756e-01;9.080755e-02;4.447185e-02;6.664871e-02;4.746410e-02;1.735928e-01
1.637633e-01;3.008165e-02;5.701293e-02;1.111691e-01;7.351744e-03;2.940011e-02;1.973207e-01;4.918379e-02;1.769429e-02;6.567843e-02;5.420497e-02;2.171389e-01
1.199302e-01;4.071810e-02;6.600237e-02;1.142312e-01;1.789173e-02;2.477599e-02;1.926559e-01;4.255905e-02;1.951342e-02;5.425956e-02;7.939434e-02;2.280682e-01
6.833825e-02;4.062765e-02;6.383202e-02;9.878640e-02;2.031060e-02;3.339282e-02;1.913549e-01;2.462894e-02;1.754349e-02;5.587597e-02;1.253665e-01;2.599425e-01
3.886568e-02;2.281753e-02;9.165505e-02;6.334597e-02;1.871620e-02;3.602655e-02;1.521789e-01;3.031999e-02;2.164524e-02;7.267731e-02;1.685973e-01;2.831543e-01
6.802938e-02;3.245731e-02;1.078375e-01;2.846739e-02;3.416034e-02;3.368188e-02;9.339298e-02;2.696889e-02;2.964901e-02;8.739457e-02;2.027258e-01;2.552350e-01
7.971037e-02;2.662687e-02;4.171883e-02;2.615611e-02;4.838508e-02;5.219781e-02;1.047992e-01;2.890079e-02;4.151149e-02;8.171104e-02;2.523299e-01;2.159526e-01
7.734858e-02;1.614445e-02;6.036194e-02;3.271220e-02;4.911235e-02;6.334557e-02;1.195046e-01;3.717156e-02;2.833281e-02;7.532414e-02;2.390365e-01;2.016053e-01
1.139809e-01;1.780261e-02;4.192515e-02;2.622123e-02;5.765238e-02;5.081183e-02;1.382899e-01;4.251022e-02;2.066433e-02;7.445250e-02;1.983230e-01;2.173659e-01
1.382493e-01;2.853404e-02;7.590263e-02;2.636993e-02;5.118963e-02;3.580177e-02;1.354606e-01;3.072708e-02;1.729910e-02;7.236759e-02;1.639302e-01;2.241682e-01
1.337260e-01;3.506131e-02;7.921650e-02;2.264482e-02;6.070991e-02;3.699881e-02;1.221936e-01;2.808009e-02;1.503140e-02;6.631254e-02;1.756351e-01;2.243899e-01
9.301843e-02;2.006800e-02;6.445684e-02;1.757732e-02;1.063250e-01;4.069037e-02;1.025663e-01;4.054591e-02;2.229926e-02;8.846370e-02;2.008882e-01;2.031006e-01
6.603069e-02;2.602215e-02;8.318835e-02;3.335590e-02;1.140850e-01;4.739141e-02;7.023818e-02;4.004832e-02;2.346979e-02;1.090948e-01;2.234020e-01;1.636734e-01
3.444313e-02;3.816707e-02;8.315488e-02;5.097975e-02;8.258127e-02;5.132402e-02;1.048468e-01;2.504015e-02;2.976134e-02;1.291687e-01;2.176977e-01;1.528351e-01
6.735557e-02;3.399007e-02;9.541708e-02;6.419159e-02;5.570233e-02;5.135626e-02;1.103439e-01;3.878770e-02;4.988846e-02;1.422649e-01;1.677328e-01;1.229693e-01
5.673905e-02;4.356458e-02;6.923255e-02;6.594484e-02;5.641902e-02;4.614329e-02;8.620963e-02;6.881563e-02;9.364787e-02;1.358727e-01;1.716698e-01;1.057411e-01
6.295018e-02;6.304508e-02;8.309053e-02;5.803360e-02;6.079480e-02;5.460475e-02;9.776165e-02;8.124107e-02;1.238026e-01;1.155345e-01;1.326892e-01;6.645201e-02
5.698657e-02;5.567610e-02;9.827552e-02;8.867984e-02;4.524137e-02;6.015964e-02;1.066145e-01;8.019231e-02;1.289067e-01;1.176540e-01;9.655367e-02;6.505986e-02
8.799637e-02;3.746624e-02;8.157988e-02;8.879443e-02;1.085631e-01;9.321223e-02;9.769330e-02;6.124175e-02;1.052616e-01;1.372473e-01;5.070925e-02;5.023450e-02
1.008636e-01;3.455229e-02;6.283741e-02;6.641966e-02;1.655700e-01;1.170633e-01;1.009569e-01;6.312319e-02;5.745443e-02;1.437557e-01;4.877453e-02;3.862914e-02
9.984045e-02;4.756089e-02;6.814588e-02;6.049914e-02;1.292522e-01;1.379841e-01;8.989083e-02;4.895709e-02;4.828124e-02;1.531730e-01;5.657432e-02;5.984088e-02
7.985782e-02;7.088436e-02;1.045159e-01;6.402088e-02;7.105364e-02;1.398312e-01;1.164137e-01;4.392277e-02;5.336688e-02;1.374497e-01;4.713192e-02;7.155127e-02
5.904297e-02;5.665486e-02;2.524808e-01;8.083799e-02;1.044257e-01;9.073614e-02;1.297247e-01;3.568109e-02;4.109021e-02;6.795235e-02;3.826353e-02;4.310964e-02
1.316941e-01;1.021526e-01;3.040902e-01;6.087196e-02;6.509607e-02;5.707601e-02;1.204913e-01;3.555125e-02;2.360140e-02;4.049243e-02;2.085578e-02;3.802681e-02
1.968140e-01;1.112330e-01;2.485411e-01;5.140873e-02;4.567598e-02;4.937631e-02;1.196171e-01;3.731256e-02;2.338912e-02;4.158602e-02;2.799883e-02;4.704722e-02
3.062465e-01;1.008779e-01;1.649020e-01;4.047743e-02;3.349641e-02;4.575244e-02;1.047939e-01;4.393449e-02;2.074504e-02;4.136923e-02;3.057440e-02;6.683033e-02
4.425463e-01;7.642660e-02;7.559798e-02;2.366930e-02;2.245565e-02;4.099727e-02;1.087788e-01;5.917880e-02;2.114404e-02;3.178229e-02;1.905062e-02;7.837235e-02
4.617829e-01;7.531466e-02;4.953289e-02;2.002891e-02;2.086953e-02;3.786132e-02;1.208154e-01;6.988480e-02;2.426015e-02;2.662087e-02;1.560541e-02;7.742321e-02
4.612248e-01;5.103980e-02;4.463122e-02;2.212423e-02;2.233913e-02;4.350835e-02;1.252348e-01;8.406540e-02;2.694761e-02;2.575355e-02;1.284482e-02;8.028630e-02
4.383098e-01;5.498246e-02;4.730478e-02;2.352951e-02;2.275568e-02;5.088499e-02;1.135216e-01;1.123972e-01;2.224419e-02;2.253887e-02;1.607661e-02;7.545426e-02
4.375708e-01;7.368141e-02;6.545829e-02;1.657634e-02;3.298974e-02;3.740187e-02;7.349262e-02;1.507561e-01;2.253157e-02;1.952720e-02;1.322428e-02;5.678977e-02
4.311997e-01;1.036875e-01;8.351389e-02;1.111992e-02;5.447935e-02;1.508084e-02;3.640254e-02;1.760988e-01;2.321802e-02;1.259752e-02;1.188880e-02;4.071316e-02
3.900846e-01;1.328106e-01;8.886310e-02;7.747772e-03;7.528218e-02;9.973444e-03;2.867951e-02;1.618940e-01;5.424397e-02;8.195298e-03;1.479202e-02;2.743353e-02
2.948557e-01;1.826728e-01;1.226002e-01;1.091707e-02;6.420052e-02;1.116097e-02;2.830250e-02;1.033736e-01;1.357606e-01;1.415174e-02;1.522098e-02;1.678342e-02
1.669826e-01;2.221254e-01;1.896751e-01;2.986620e-02;2.911056e-02;2.597688e-02;1.600517e-02;5.360221e-02;2.203640e-01;2.299660e-02;1.247316e-02;1.082207e-02
7.932238e-02;2.219368e-01;2.592432e-01;4.403280e-02;1.261153e-02;3.906276e-02;1.375405e-02;3.239085e-02;2.378491e-01;3.425624e-02;9.688150e-03;1.585223e-02
4.723607e-02;1.963357e-01;3.559866e-01;3.984580e-02;1.102416e-02;3.125140e-02;1.995351e-02;2.104893e-02;1.958588e-01;5.441557e-02;9.148145e-03;1.789538e-02
3.676880e-02;1.686214e-01;4.656142e-01;2.925410e-02;1.301184e-02;1.512147e-02;2.040748e-02;1.778528e-02;1.454470e-01;6.720899e-02;8.360701e-03;1.239869e-02
3.778802e-02;1.418400e-01;5.241942e-01;3.517268e-02;2.454721e-02;9.500863e-03;2.192350e-02;1.153231e-02;9.374955e-02;7.680012e-02;1.377704e-02;9.174472e-03
6.285925e-02;1.186168e-01;5.049470e-01;4.333649e-02;3.703661e-02;1.549684e-02;4.350511e-02;1.153724e-02;5.162207e-02;7.361230e-02;2.316633e-02;1.426400e-02
7.434548e-02;7.342147e-02;4.070044e-01;4.599923e-02;5.473679e-02;2.493764e-02;1.215672e-01;2.490260e-02;4.261988e-02;6.935708e-02;3.852724e-02;2.258093e-02
4.017776e-02;4.736356e-02;2.936476e-01;4.340980e-02;6.446560e-02;3.369683e-02;2.065395e-01;4.089427e-02;6.959696e-02;7.940561e-02;5.422423e-02;2.657827e-02
4.295355e-02;6.359921e-02;1.948382e-01;5.219317e-02;6.711213e-02;3.614869e-02;2.200614e-01;4.922610e-02;8.432995e-02;8.143475e-02;7.474448e-02;3.335844e-02
6.497670e-02;8.402330e-02;1.501520e-01;5.800736e-02;7.283659e-02;4.692603e-02;1.230428e-01;6.363429e-02;1.369412e-01;8.130929e-02;5.073779e-02;6.741266e-02
5.325811e-02;7.120886e-02;1.480822e-01;7.696832e-02;9.952733e-02;5.014240e-02;1.099416e-01;8.292379e-02;1.231240e-01;7.566006e-02;4.081907e-02;6.834424e-02
9.562957e-02;7.836040e-02;1.091366e-01;6.712206e-02;8.107177e-02;6.540804e-02;1.192059e-01;8.451657e-02;1.146479e-01;7.176891e-02;5.129376e-02;6.183856e-02
1.001444e-01;9.793431e-02;1.732767e-01;6.699590e-02;4.019553e-02;6.102779e-02;8.236612e-02;7.153045e-02;9.713165e-02;9.677795e-02;6.355005e-02;4.906914e-02
1.021282e-01;9.716967e-02;1.699142e-01;6.915095e-02;3.950932e-02;6.652263e-02;9.090010e-02;6.891768e-02;9.535578e-02;9.138856e-02;6.040210e-02;4.864090e-02
9.847064e-02;1.022874e-01;1.536076e-01;7.016888e-02;5.613449e-02;7.800775e-02;9.003319e-02;7.132852e-02;9.698820e-02;8.220852e-02;4.855403e-02;5.221077e-02
8.959585e-02;1.198943e-01;1.294495e-01;6.776854e-02;8.736781e-02;8.985705e-02;1.430480e-01;7.616985e-02;7.211968e-02;5.089198e-02;1.851841e-02;5.531909e-02
8.285786e-02;8.963976e-02;2.248956e-01;5.685654e-02;8.969392e-02;6.970680e-02;2.022492e-01;4.268925e-02;3.968709e-02;4.049118e-02;2.420537e-02;3.702747e-02
8.354001e-02;7.349531e-02;2.406102e-01;5.034683e-02;8.546097e-02;6.584499e-02;2.355341e-01;3.276606e-02;3.731778e-02;3.944664e-02;2.867419e-02;2.696290e-02
8.370495e-02;7.221564e-02;2.215887e-01;4.291536e-02;8.247324e-02;6.958112e-02;2.596908e-01;2.985253e-02;4.535716e-02;4.236879e-02;2.860425e-02;2.164740e-02
1.009476e-01;7.269771e-02;1.625323e-01;3.670309e-02;8.147994e-02;7.340699e-02;2.476698e-01;3.309623e-02;5.825249e-02;7.030212e-02;3.835303e-02;2.455874e-02
1.081201e-01;6.583173e-02;1.498328e-01;6.473906e-02;8.399862e-02;6.167660e-02;1.161089e-01;5.982664e-02;5.522165e-02;1.049391e-01;5.287657e-02;7.682828e-02
7.356931e-02;8.267020e-02;1.866619e-01;8.109411e-02;1.143614e-01;6.796852e-02;8.874401e-02;5.027983e-02;6.000504e-02;8.820213e-02;3.426162e-02;7.218190e-02
5.893096e-02;1.124879e-01;2.145382e-01;7.754719e-02;1.166010e-01;5.583911e-02;8.842184e-02;5.948959e-02;6.291366e-02;7.206564e-02;3.395679e-02;4.720816e-02
6.213515e-02;1.074770e-01;2.746768e-01;7.713319e-02;9.884309e-02;5.640924e-02;9.757850e-02;4.564763e-02;4.920546e-02;6.883214e-02;4.413612e-02;1.792565e-02
8.186252e-02;9.210947e-02;2.784525e-01;8.831312e-02;6.601197e-02;6.401370e-02;9.139605e-02;3.954315e-02;4.453381e-02;6.088663e-02;3.518818e-02;5.768885e-02
1.139533e-01;7.844818e-02;2.353231e-01;8.875939e-02;4.408152e-02;4.746903e-02;8.860201e-02;6.200259e-02;5.048738e-02;3.097982e-02;7.290340e-02;8.699028e-02
1.810709e-01;6.664354e-02;2.248128e-01;7.811506e-02;5.175541e-02;3.273007e-02;6.779884e-02;7.111809e-02;3.873529e-02;4.832417e-02;7.488372e-02;6.401216e-02
1.874119e-01;7.961799e-02;2.021657e-01;7.395648e-02;7.369678e-02;6.293385e-02;5.190975e-02;7.041016e-02;3.700102e-02;5.456190e-02;3.381038e-02;7.252414e-02
1.207525e-01;8.336012e-02;1.498463e-01;1.047169e-01;8.674774e-02;8.403867e-02;4.972962e-02;6.057266e-02;4.969905e-02;6.538940e-02;6.175296e-02;8.339401e-02
1.027864e-01;3.836882e-02;1.615180e-01;1.422660e-01;1.019133e-01;6.643558e-02;7.141349e-02;4.695309e-02;5.624298e-02;5.931398e-02;6.834848e-02;8.443993e-02
8.425738e-02;4.036912e-02;1.255184e-01;1.544893e-01;7.211441e-02;5.386307e-02;9.116758e-02;4.498383e-02;5.807440e-02;5.093673e-02;1.137659e-01;1.104599e-01
8.135383e-02;8.044462e-02;9.404919e-02;8.886902e-02;9.735583e-02;8.354339e-02;1.093362e-01;4.306570e-02;8.998457e-02;6.193753e-02;8.296791e-02;8.709222e-02
6.329232e-02;6.270783e-02;9.852713e-02;7.136087e-02;1.255511e-01;6.649096e-02;1.076216e-01;5.786770e-02;8.940060e-02;5.254731e-02;8.173646e-02;1.228961e-01
5.741664e-02;4.904010e-02;9.404777e-02;8.454873e-02;1.250364e-01;3.949197e-02;1.164382e-01;8.055124e-02;8.995749e-02;6.883399e-02;6.136923e-02;1.332683e-01
9.980090e-02;4.471745e-02;1.089555e-01;8.068665e-02;8.839469e-02;3.758774e-02;1.507227e-01;8.386350e-02;3.295447e-02;9.889054e-02;7.775367e-02;9.567228e-02
1.118441e-01;4.822035e-02;1.309729e-01;6.778499e-02;7.105397e-02;4.613594e-02;1.373373e-01;7.208677e-02;5.028965e-02;1.146516e-01;7.448745e-02;7.513493e-02
1.083160e-01;7.741261e-02;1.108232e-01;5.616654e-02;6.757881e-02;6.435078e-02;1.931155e-01;7.217768e-02;5.431714e-02;1.019076e-01;4.642718e-02;4.740701e-02
5.308864e-02;6.495032e-02;1.633380e-01;4.941488e-02;8.733836e-02;7.785638e-02;2.129749e-01;6.736010e-02;5.715338e-02;9.029939e-02;5.595994e-02;2.026569e-02
5.675570e-02;7.350376e-02;1.854200e-01;6.019614e-02;8.384173e-02;8.159871e-02;1.585435e-01;7.484703e-02;6.967320e-02;7.118864e-02;5.507588e-02;2.935580e-02
5.982615e-02;8.465682e-02;1.610398e-01;6.167175e-02;8.621368e-02;7.472698e-02;1.752692e-01;7.956523e-02;5.771743e-02;6.503531e-02;5.628027e-02;3.799738e-02
6.966823e-02;5.980909e-02;1.365272e-01;5.367148e-02;7.009335e-02;6.004859e-02;2.461512e-01;7.629663e-02;5.379484e-02;7.938762e-02;4.066102e-02;5.389074e-02
7.481862e-02;5.576290e-02;1.194966e-01;3.970955e-02;7.675054e-02;6.782582e-02;2.430700e-01;6.732928e-02;6.186252e-02;8.265357e-02;6.083233e-02;4.988834e-02
5.856521e-02;6.273576e-02;1.543422e-01;5.008723e-02;6.953730e-02;6.961656e-02;1.596970e-01;7.583832e-02;6.111114e-02;8.203301e-02;9.475357e-02;6.168271e-02
8.522485e-02;6.542876e-02;1.377460e-01;6.345507e-02;6.830467e-02;6.263435e-02;1.311409e-01;9.616178e-02;8.002918e-02;5.350208e-02;8.793548e-02;6.843683e-02
9.526291e-02;6.954158e-02;9.322034e-02;5.556638e-02;5.522363e-02;5.180297e-02;1.628985e-01;9.126704e-02;7.887046e-02;1.136745e-01;6.382953e-02;6.884219e-02
9.568553e-02;7.830037e-02;9.011110e-02;5.201301e-02;6.509003e-02;4.976707e-02;1.567107e-01;8.475004e-02;8.375074e-02;1.149009e-01;6.831332e-02;6.060716e-02
1.023118e-01;1.269105e-01;8.123605e-02;8.164150e-02;7.253203e-02;5.245480e-02;1.444642e-01;9.642300e-02;7.538619e-02;6.419231e-02;6.033311e-02;4.211449e-02
8.780765e-02;1.184236e-01;1.083979e-01;8.706175e-02;6.710051e-02;4.094012e-02;1.062012e-01;8.119030e-02;8.935823e-02;8.157502e-02;8.689360e-02;4.505021e-02
8.754972e-02;9.646501e-02;1.055735e-01;7.817115e-02;7.367794e-02;3.210122e-02;1.114827e-01;5.576253e-02;1.159423e-01;1.006047e-01;9.622431e-02;4.644490e-02
7.429085e-02;8.426736e-02;1.277951e-01;6.299061e-02;7.694613e-02;4.135527e-02;1.328060e-01;5.676921e-02;1.070096e-01;1.009246e-01;8.074287e-02;5.410245e-02
5.604040e-02;6.071471e-02;1.187786e-01;4.876998e-02;8.317035e-02;6.896592e-02;1.694756e-01;8.714894e-02;1.294068e-01;7.503685e-02;4.852984e-02;5.396215e-02
3.961783e-02;5.965344e-02;8.324366e-02;3.810454e-02;8.099099e-02;8.666807e-02;1.777454e-01;1.161730e-01;9.186570e-02;8.417155e-02;6.145598e-02;8.030985e-02
3.068711e-02;6.675939e-02;7.500541e-02;4.914632e-02;7.632499e-02;6.204735e-02;1.827848e-01;1.149191e-01;8.454285e-02;1.126342e-01;4.649003e-02;9.865852e-02
3.355199e-02;4.651875e-02;2.623047e-01;6.892908e-02;9.548343e-02;5.556780e-02;1.189269e-01;8.059166e-02;6.335137e-02;7.192046e-02;5.193628e-02;5.091747e-02
5.496023e-02;4.264594e-02;4.880570e-01;5.590310e-02;5.596066e-02;3.535058e-02;9.583410e-02;5.466076e-02;4.036099e-02;3.476024e-02;2.539042e-02;1.611598e-02
4.152345e-02;5.998985e-02;5.086901e-01;4.350315e-02;2.749028e-02;4.059603e-02;9.820236e-02;5.255123e-02;4.209645e-02;4.885563e-02;1.474191e-02;2.175961e-02
7.119124e-02;7.493734e-02;4.806420e-01;3.879424e-02;3.844693e-02;4.349704e-02;9.462758e-02;4.827019e-02;3.111417e-02;4.786832e-02;1.339226e-02;1.721877e-02
1.095675e-01;8.019666e-02;4.796101e-01;3.134192e-02;3.884936e-02;3.895780e-02;7.678528e-02;4.365478e-02;3.222151e-02;3.375660e-02;1.684657e-02;1.821201e-02
1.756907e-01;8.564875e-02;3.966152e-01;2.254927e-02;3.441790e-02;4.180760e-02;7.013737e-02;5.162121e-02;3.200164e-02;3.699109e-02;2.345319e-02;2.906607e-02
2.123520e-01;7.995798e-02;2.501319e-01;2.632220e-02;6.137864e-02;7.673121e-02;6.916622e-02;5.048312e-02;4.442545e-02;5.251745e-02;3.243769e-02;4.409613e-02
1.746616e-01;6.511046e-02;1.573463e-01;4.642712e-02;1.474653e-01;1.160374e-01;6.472608e-02;4.560606e-02;3.971237e-02;5.331260e-02;3.799653e-02;5.159809e-02
9.958579e-02;5.554589e-02;1.139735e-01;9.920623e-02;2.227941e-01;1.008862e-01;1.038585e-01;3.471372e-02;2.081433e-02;6.117697e-02;3.649916e-02;5.094558e-02
2.971919e-02;5.272747e-02;1.298627e-01;2.009660e-01;1.622922e-01;9.069047e-02;1.345860e-01;4.020736e-02;3.476922e-02;4.986153e-02;2.821456e-02;4.610341e-02
4.018543e-02;5.805003e-02;1.147874e-01;1.954467e-01;1.694389e-01;9.849473e-02;8.572619e-02;6.275539e-02;4.976382e-02;6.136450e-02;4.451266e-02;1.947426e-02
6.157492e-02;8.670978e-02;1.052347e-01;1.341822e-01;1.032566e-01;8.238453e-02;6.250332e-02;7.710959e-02;9.741614e-02;6.818394e-02;7.956020e-02;4.188411e-02
4.622706e-02;8.256018e-02;1.542890e-01;6.619602e-02;9.511457e-02;5.048115e-02;1.021387e-01;5.891213e-02;1.350070e-01;7.301874e-02;7.424113e-02;6.181429e-02
4.382264e-02;4.642918e-02;2.023239e-01;9.197970e-02;9.977391e-02;6.269472e-02;1.322798e-01;4.744353e-02;8.417972e-02;9.445675e-02;3.583539e-02;5.878079e-02
4.867372e-02;5.554326e-02;1.602898e-01;1.113500e-01;7.456392e-02;8.936048e-02;1.161911e-01;7.865044e-02;6.142846e-02;8.321181e-02;5.759729e-02;6.313970e-02
7.556847e-02;6.906815e-02;1.467227e-01;9.263706e-02;8.548330e-02;7.439676e-02;1.035404e-01;8.154272e-02;7.939620e-02;6.950770e-02;6.410886e-02;5.802769e-02
8.648788e-02;6.427174e-02;1.730924e-01;1.127277e-01;7.958762e-02;6.102044e-02;9.814700e-02;6.631283e-02;7.710856e-02;7.584480e-02;5.322731e-02;5.217167e-02
9.768382e-02;6.154204e-02;2.007084e-01;1.111279e-01;7.643147e-02;5.092989e-02;9.402225e-02;5.435920e-02;7.846380e-02;8.226277e-02;5.332828e-02;3.914014e-02
1.012601e-01;6.991708e-02;2.594638e-01;5.370780e-02;8.196654e-02;3.908232e-02;9.259298e-02;2.483617e-02;6.010037e-02;9.677360e-02;8.141964e-02;3.887958e-02
8.192293e-02;8.649974e-02;2.341360e-01;4.845794e-02;6.170517e-02;4.858816e-02;9.837691e-02;7.419369e-02;1.226961e-01;6.653995e-02;4.298091e-02;3.390250e-02
1.214376e-01;7.445812e-02;1.720822e-01;3.681996e-02;5.705286e-02;4.398478e-02;1.029323e-01;1.399170e-01;1.320806e-01;5.961286e-02;2.766074e-02;3.196103e-02
1.746999e-01;5.964103e-02;9.844198e-02;3.556995e-02;4.415886e-02;3.823774e-02;1.144167e-01;2.208063e-01;9.766091e-02;5.301772e-02;2.708470e-02;3.626431e-02
1.620663e-01;3.748297e-02;4.355675e-02;5.878351e-02;2.542007e-02;3.793904e-02;2.485917e-01;2.167078e-01;2.664450e-02;5.561919e-02;2.298794e-02;6.420022e-02
9.654509e-02;2.652454e-02;2.815192e-02;8.435848e-02;1.625445e-02;5.425246e-02;3.762669e-01;1.159927e-01;2.426095e-02;6.275363e-02;2.701925e-02;8.761963e-02
6.747077e-02;3.864851e-02;2.911073e-02;9.050772e-02;1.162201e-02;6.256028e-02;4.383846e-01;6.274784e-02;1.193395e-02;6.152131e-02;3.188144e-02;9.361083e-02
6.417774e-02;4.927942e-02;3.042263e-02;7.228043e-02;1.952073e-02;7.018974e-02;4.517843e-01;2.450768e-02;2.840979e-02;4.883794e-02;3.125402e-02;1.093355e-01
5.255381e-02;4.824335e-02;3.639480e-02;5.547555e-02;3.093253e-02;7.030013e-02;4.125317e-01;5.490113e-02;2.864251e-02;3.324939e-02;4.793978e-02;1.288353e-01
6.298727e-02;4.871248e-02;5.384059e-02;5.935139e-02;2.726657e-02;8.646704e-02;3.394682e-01;4.462651e-02;4.576152e-02;4.615548e-02;4.832300e-02;1.370400e-01
1.488294e-01;5.706318e-02;6.314496e-02;5.674521e-02;2.875500e-02;9.918045e-02;2.295064e-01;5.518787e-02;4.722358e-02;4.452650e-02;4.546832e-02;1.243691e-01
3.205193e-01;6.478036e-02;4.656857e-02;3.229958e-02;1.911592e-02;1.170659e-01;1.213195e-01;6.239755e-02;4.607171e-02;3.263685e-02;2.509898e-02;1.121257e-01
4.507645e-01;5.020841e-02;4.188060e-02;1.424739e-02;1.650384e-02;1.180748e-01;5.761897e-02;7.211941e-02;4.946390e-02;1.739005e-02;1.416520e-02;9.756295e-02
4.840976e-01;6.925780e-02;5.910017e-02;8.431099e-03;3.865739e-02;7.815012e-02;3.029316e-02;9.617701e-02;3.203905e-02;1.169139e-02;1.668846e-02;7.541673e-02
4.941324e-01;1.057432e-01;9.179658e-02;5.927220e-03;5.981839e-02;3.102473e-02;1.894886e-02;1.049526e-01;1.429727e-02;6.202771e-03;1.422819e-02;5.292774e-02
4.788789e-01;1.491737e-01;1.131574e-01;4.767926e-03;6.873375e-02;7.712432e-03;1.453555e-02;8.633065e-02;9.287048e-03;4.635680e-03;1.932639e-02;4.346063e-02
4.086214e-01;1.817897e-01;1.645643e-01;9.265353e-03;6.345470e-02;8.255643e-03;1.115507e-02;5.762559e-02;1.536738e-02;1.135536e-02;2.604719e-02;4.249831e-02
3.211419e-01;1.849323e-01;2.051772e-01;2.008252e-02;5.960736e-02;1.780180e-02;3.638380e-02;3.964916e-02;1.683492e-02;1.995644e-02;3.378978e-02;4.464275e-02
2.180068e-01;1.691863e-01;2.184808e-01;3.033184e-02;6.591391e-02;3.404290e-02;7.887038e-02;2.921966e-02;2.339300e-02;3.392898e-02;5.059124e-02;4.803425e-02
1.058059e-01;7.649460e-02;2.687865e-01;4.081352e-02;9.763429e-02;6.947965e-02;1.176945e-01;4.780380e-02;2.708190e-02;5.795977e-02;6.487168e-02;2.557395e-02
1.243324e-01;4.485545e-02;2.217638e-01;3.512794e-02;8.346669e-02;8.146050e-02;1.222968e-01;1.155561e-01;4.087514e-02;5.663493e-02;4.594721e-02;2.768309e-02
1.153535e-01;4.018611e-02;1.806078e-01;3.850455e-02;7.164671e-02;8.337367e-02;1.731640e-01;1.519143e-01;2.197370e-02;5.077507e-02;3.937167e-02;3.312901e-02
1.014411e-01;8.867150e-02;1.254259e-01;7.110874e-02;7.665811e-02;6.758419e-02;9.058887e-02;7.688650e-02;8.108742e-02;8.121563e-02;6.759717e-02;7.173485e-02
1.288240e-01;8.717462e-02;1.353972e-01;7.544274e-02;6.284954e-02;4.186143e-02;1.399793e-01;6.150884e-02;8.521795e-02;6.258125e-02;5.581734e-02;6.334577e-02
1.282933e-01;8.578216e-02;1.504428e-01;6.439460e-02;6.425737e-02;4.617497e-02;1.493346e-01;5.773574e-02;7.145131e-02;6.416302e-02;5.891255e-02;5.905762e-02
1.103164e-01;8.770689e-02;1.818456e-01;4.471794e-02;6.878230e-02;4.085857e-02;1.708765e-01;6.296334e-02;4.667422e-02;6.971110e-02;5.257159e-02;6.297559e-02
9.775875e-02;8.413692e-02;1.501520e-01;4.009909e-02;4.827868e-02;3.795110e-02;2.097499e-01;1.158069e-01;3.924071e-02;6.525167e-02;3.221400e-02;7.936019e-02
1.172924e-01;6.799248e-02;5.917251e-02;5.932716e-02;2.162977e-02;2.332910e-02;3.046915e-01;1.356526e-01;3.453612e-02;4.079338e-02;3.343819e-02;1.021448e-01
7.338402e-02;5.468819e-02;4.660201e-02;5.610481e-02;2.272991e-02;5.058102e-02;3.612528e-01;1.143008e-01;3.280401e-02;3.747284e-02;3.372573e-02;1.163539e-01
8.364403e-02;5.990362e-02;6.906341e-02;4.166522e-02;2.769827e-02;6.778502e-02;3.135721e-01;1.109907e-01;4.214777e-02;4.020007e-02;3.405483e-02;1.092750e-01
1.094901e-01;6.118868e-02;9.249265e-02;3.067516e-02;2.658309e-02;6.582008e-02;2.347663e-01;1.259403e-01;6.134337e-02;5.810677e-02;3.288507e-02;1.007085e-01
7.858779e-02;8.155770e-02;2.031610e-01;5.477018e-02;5.978488e-02;6.186863e-02;1.162650e-01;8.825672e-02;6.394018e-02;6.755425e-02;4.585623e-02;7.839750e-02
1.362210e-01;7.443661e-02;1.714156e-01;6.539159e-02;6.011434e-02;5.450473e-02;1.463501e-01;8.140259e-02;2.801368e-02;5.014135e-02;6.571086e-02;6.629746e-02
1.735459e-01;4.646020e-02;9.885468e-02;6.744061e-02;6.003800e-02;4.056704e-02;1.440537e-01;1.203328e-01;3.837257e-02;6.529748e-02;6.361343e-02;8.142358e-02
2.102781e-01;2.801319e-02;8.583100e-02;5.750184e-02;5.253630e-02;2.673466e-02;1.308696e-01;1.529358e-01;5.464419e-02;7.464364e-02;4.296843e-02;8.304331e-02
2.317947e-01;4.107557e-02;8.412387e-02;3.881225e-02;5.973708e-02;1.595895e-02;1.357025e-01;1.636852e-01;3.621992e-02;5.735968e-02;4.406939e-02;9.146088e-02
1.542366e-01;6.794409e-02;1.089357e-01;2.747340e-02;7.166898e-02;2.569103e-02;1.485268e-01;1.218603e-01;4.168963e-02;5.810162e-02;5.880309e-02;1.150688e-01
2.010590e-01;5.018893e-02;1.383000e-01;6.961893e-02;3.949850e-02;3.477259e-02;1.085049e-01;3.202325e-02;1.891377e-02;1.014686e-01;6.380010e-02;1.418514e-01
2.179782e-01;3.899712e-02;7.830412e-02;9.629135e-02;1.133371e-02;3.059816e-02;1.182138e-01;1.846695e-02;1.529601e-02;1.061671e-01;7.889132e-02;1.894621e-01
1.839486e-01;3.488988e-02;6.696201e-02;9.515622e-02;1.555401e-02;2.744451e-02;1.492727e-01;1.990897e-02;1.943318e-02;9.212530e-02;8.818163e-02;2.071230e-01
1.687870e-01;3.427123e-02;6.951500e-02;9.172789e-02;2.333875e-02;3.453175e-02;1.311655e-01;4.698543e-02;4.220034e-02;8.940309e-02;8.030227e-02;1.877718e-01
1.633083e-01;6.752896e-02;1.210172e-01;6.274076e-02;5.008347e-02;4.775621e-02;1.330459e-01;8.053070e-02;7.308014e-02;6.607906e-02;5.807528e-02;7.675407e-02
1.685275e-01;9.034072e-02;1.701186e-01;3.140279e-02;6.269623e-02;5.876457e-02;1.099360e-01;9.875595e-02;7.241904e-02;4.344451e-02;5.778237e-02;3.581173e-02
1.852458e-01;8.232951e-02;1.653981e-01;1.931591e-02;7.527853e-02;6.149462e-02;9.043193e-02;1.213925e-01;6.128275e-02;4.924517e-02;6.533986e-02;2.324538e-02
1.709626e-01;4.126209e-02;1.472256e-01;3.665632e-02;7.185128e-02;7.924479e-02;1.048178e-01;1.406716e-01;4.873107e-02;7.051598e-02;6.073945e-02;2.732129e-02
1.679614e-01;3.189230e-02;1.603817e-01;4.499156e-02;5.856764e-02;8.708201e-02;8.722669e-02;1.585665e-01;5.463598e-02;6.765007e-02;4.515524e-02;3.588892e-02
2.112523e-01;4.614123e-02;1.522408e-01;2.999907e-02;8.909629e-02;5.403743e-02;7.200737e-02;1.804855e-01;3.316378e-02;4.771509e-02;4.159161e-02;4.226964e-02
2.166019e-01;5.112860e-02;1.446842e-01;2.693033e-02;1.103534e-01;2.603063e-02;7.655606e-02;1.566335e-01;3.752388e-02;4.698968e-02;4.962749e-02;5.694034e-02
1.959879e-01;4.917518e-02;1.671184e-01;3.585444e-02;9.011649e-02;1.878084e-02;8.391667e-02;1.180894e-01;5.564699e-02;6.272281e-02;6.489425e-02;5.769670e-02
1.515026e-01;5.027170e-02;2.352116e-01;4.780961e-02;4.428516e-02;2.707785e-02;7.573237e-02;9.552097e-02;6.042183e-02;6.587358e-02;6.935173e-02;7.694096e-02
1.089226e-01;5.887178e-02;2.406094e-01;3.371960e-02;2.789911e-02;3.340638e-02;8.307312e-02;1.053648e-01;6.382857e-02;8.346853e-02;7.254519e-02;8.829096e-02
1.080621e-01;7.087336e-02;1.647066e-01;4.581664e-02;6.920659e-02;5.308378e-02;7.070963e-02;1.241438e-01;7.727408e-02;8.723070e-02;5.956022e-02;6.933256e-02
7.877453e-02;5.728719e-02;1.547157e-01;5.549882e-02;8.223128e-02;7.922418e-02;1.088651e-01;6.779028e-02;8.561312e-02;7.513687e-02;8.655018e-02;6.831264e-02
7.911006e-02;9.181353e-02;1.080563e-01;6.390259e-02;4.671128e-02;8.124873e-02;8.661554e-02;6.851665e-02;1.106863e-01;1.008759e-01;7.973253e-02;8.273052e-02
7.653873e-02;1.037802e-01;1.013928e-01;5.966604e-02;3.193639e-02;9.111641e-02;8.952139e-02;8.322751e-02;1.120151e-01;1.098093e-01;7.110078e-02;6.989543e-02
7.433873e-02;1.083873e-01;8.943135e-02;5.431072e-02;4.790375e-02;1.038154e-01;1.036138e-01;9.616403e-02;9.698541e-02;1.070072e-01;6.098831e-02;5.705398e-02
9.649444e-02;9.264031e-02;1.325046e-01;5.672514e-02;4.598316e-02;7.074041e-02;8.829340e-02;8.446451e-02;9.403607e-02;7.758714e-02;6.692529e-02;9.360547e-02
1.137559e-01;6.161705e-02;1.833987e-01;7.351315e-02;3.686238e-02;6.205175e-02;5.433892e-02;5.631319e-02;1.329537e-01;4.863133e-02;6.332738e-02;1.132365e-01
9.090099e-02;7.861024e-02;1.262883e-01;9.230241e-02;2.878809e-02;8.965607e-02;7.341895e-02;5.616010e-02;1.179337e-01;8.441526e-02;1.199521e-01;4.157383e-02
6.093126e-02;8.073252e-02;1.290525e-01;9.772756e-02;4.670255e-02;7.244489e-02;7.845822e-02;4.838147e-02;5.832705e-02;9.638099e-02;1.124641e-01;1.183969e-01
5.629021e-02;7.667422e-02;2.236576e-01;5.329585e-02;5.879067e-02;4.786829e-02;1.037231e-01;6.036094e-02;8.709385e-02;6.166301e-02;7.905534e-02;9.152699e-02
6.321239e-02;7.243498e-02;2.061401e-01;3.997367e-02;5.532755e-02;5.754640e-02;1.013294e-01;5.841842e-02;1.078504e-01;5.931652e-02;7.667483e-02;1.017754e-01
7.971127e-02;7.363469e-02;1.961258e-01;4.973751e-02;4.991571e-02;6.098321e-02;9.730539e-02;5.273499e-02;1.142369e-01;5.913861e-02;6.858724e-02;9.788857e-02
6.694594e-02;7.055753e-02;2.150215e-01;5.694662e-02;5.433597e-02;5.156813e-02;1.420507e-01;4.644239e-02;8.991912e-02;6.452379e-02;6.419677e-02;7.749154e-02
3.966887e-02;6.721947e-02;2.836768e-01;4.731168e-02;6.996211e-02;4.793695e-02;2.289170e-01;2.551719e-02;3.433134e-02;5.409947e-02;6.014603e-02;4.121315e-02
6.691585e-02;7.533919e-02;2.692200e-01;3.645781e-02;6.045382e-02;5.925247e-02;2.657140e-01;2.001568e-02;2.864117e-02;3.631354e-02;5.465977e-02;2.701668e-02
1.394347e-01;7.604780e-02;2.081714e-01;3.524203e-02;6.756817e-02;5.153866e-02;2.485474e-01;2.271970e-02;2.288505e-02;4.410582e-02;4.411383e-02;3.962542e-02
1.888738e-01;1.066946e-01;3.184831e-01;2.201729e-02;4.113400e-02;2.484819e-02;1.030154e-01;3.302012e-02;3.964605e-02;3.324381e-02;5.123610e-02;3.778758e-02
