6.138365e-02;4.591602e-02;1.297947e-01;6.391753e-02;1.032803e-01;8.402751e-02;2.183458e-01;5.575867e-02;7.169239e-02;5.209552e-02;6.831165e-02;4.547625e-02
6.247158e-02;4.578247e-02;2.444524e-01;6.555869e-02;1.074143e-01;6.320596e-02;1.657323e-01;3.174070e-02;4.314577e-02;6.616188e-02;6.932477e-02;3.500921e-02
6.159856e-02;5.124896e-02;3.486164e-01;6.021493e-02;1.075136e-01;5.266079e-02;1.127149e-01;2.566004e-02;3.207092e-02;5.686543e-02;5.831547e-02;3.251997e-02
8.223024e-02;6.688921e-02;3.552198e-01;5.341891e-02;8.552166e-02;4.271761e-02;1.341429e-01;2.743906e-02;3.143999e-02;4.484044e-02;4.875600e-02;2.738419e-02
7.426117e-02;1.253853e-01;3.292324e-01;7.559563e-02;4.543597e-02;5.786563e-02;1.015730e-01;3.007250e-02;5.070449e-02;4.717047e-02;4.361915e-02;1.908434e-02
4.629795e-02;1.473546e-01;2.869474e-01;9.528846e-02;6.903090e-02;8.357377e-02;3.984016e-02;2.513048e-02;7.743580e-02;6.339451e-02;3.362454e-02;3.208132e-02
6.163323e-02;8.621179e-02;3.189311e-01;5.885306e-02;9.646758e-02;5.017165e-02;8.249010e-02;2.325017e-02;6.427976e-02;7.809652e-02;4.414808e-02;3.546694e-02
7.921048e-02;4.509888e-02;3.379158e-01;4.876448e-02;9.348021e-02;4.722862e-02;9.793926e-02;2.805637e-02;5.927949e-02;7.882948e-02;5.403955e-02;3.015739e-02
7.328488e-02;4.364775e-02;3.356557e-01;6.835789e-02;6.733198e-02;4.924155e-02;8.201209e-02;4.514117e-02;7.752444e-02;6.761242e-02;5.633639e-02;3.385375e-02
6.083222e-02;5.006518e-02;3.294254e-01;6.629712e-02;5.065355e-02;3.894179e-02;9.604299e-02;4.580357e-02;1.003047e-01;7.872192e-02;5.241802e-02;3.049355e-02
7.322431e-02;8.396889e-02;2.716668e-01;7.044699e-02;5.916455e-02;2.848598e-02;8.631528e-02;3.217664e-02;1.003152e-01;8.856896e-02;5.306511e-02;5.260131e-02
8.794542e-02;8.207068e-02;2.339089e-01;7.203289e-02;7.006179e-02;4.057884e-02;6.279018e-02;2.862328e-02;7.058091e-02;9.201993e-02;8.045344e-02;7.893372e-02
8.974814e-02;7.344420e-02;2.189000e-01;7.246190e-02;7.669345e-02;4.117640e-02;5.210906e-02;4.536405e-02;3.909435e-02;1.143008e-01;9.629618e-02;8.041152e-02
9.683802e-02;6.420186e-02;1.350811e-01;5.486371e-02;7.519230e-02;6.584569e-02;7.273068e-02;5.377365e-02;3.020830e-02;1.500397e-01;1.032560e-01;9.796906e-02
1.100740e-01;5.761910e-02;1.343591e-01;4.829024e-02;6.572789e-02;7.865674e-02;6.304730e-02;5.287095e-02;5.769725e-02;1.214328e-01;1.108835e-01;9.934112e-02
8.606126e-02;9.613433e-02;2.094620e-01;5.240427e-02;5.683301e-02;6.304381e-02;6.748082e-02;7.230712e-02;6.701196e-02;5.892903e-02;9.695558e-02;7.337681e-02
1.039083e-01;1.067758e-01;1.943015e-01;5.442892e-02;4.613878e-02;7.196269e-02;9.369541e-02;6.325319e-02;7.172720e-02;4.129954e-02;7.116634e-02;8.134234e-02
1.188906e-01;7.610255e-02;1.193955e-01;5.839697e-02;6.034507e-02;8.729629e-02;8.010980e-02;4.747098e-02;7.335989e-02;6.231698e-02;8.127732e-02;1.350380e-01
1.496450e-01;8.186292e-02;1.308322e-01;3.340705e-02;6.923511e-02;5.610317e-02;1.233476e-01;4.366654e-02;5.198080e-02;7.326309e-02;8.665797e-02;9.999865e-02
1.487692e-01;8.684314e-02;1.647624e-01;3.244546e-02;6.164956e-02;3.857837e-02;1.157803e-01;4.297639e-02;6.243582e-02;6.650001e-02;7.457910e-02;1.046803e-01
1.162420e-01;6.945509e-02;2.379698e-01;4.269115e-02;5.021560e-02;3.014753e-02;8.778743e-02;4.706664e-02;5.725506e-02;8.074802e-02;6.375679e-02;1.166649e-01
9.947848e-02;7.504693e-02;2.693702e-01;4.530811e-02;3.826448e-02;3.358268e-02;7.829588e-02;4.252794e-02;4.767703e-02;8.615244e-02;9.071678e-02;9.357902e-02
1.212099e-01;8.646142e-02;2.174989e-01;3.838521e-02;3.270975e-02;4.437062e-02;1.050574e-01;3.691610e-02;5.251884e-02;9.401894e-02;1.069414e-01;6.391157e-02
1.120038e-01;6.711604e-02;1.823449e-01;3.766127e-02;5.021419e-02;6.127172e-02;1.448603e-01;4.040158e-02;6.072413e-02;9.838682e-02;1.005073e-01;4.450791e-02
3.680635e-02;7.437409e-02;2.441950e-01;5.229698e-02;7.844199e-02;7.528616e-02;1.148747e-01;6.178427e-02;8.080443e-02;7.152387e-02;6.343951e-02;4.617259e-02
6.547248e-02;1.001609e-01;2.161567e-01;4.676648e-02;8.136096e-02;6.398854e-02;9.466878e-02;7.307002e-02;7.278849e-02;7.316462e-02;5.892874e-02;5.347334e-02
4.996768e-02;1.103827e-01;1.902194e-01;3.711329e-02;6.416000e-02;4.639040e-02;1.737772e-01;5.381737e-02;5.654120e-02;9.307934e-02;7.604097e-02;4.851042e-02
8.495560e-02;8.468545e-02;1.535812e-01;4.494991e-02;7.121083e-02;5.426614e-02;2.095830e-01;5.971918e-02;7.789727e-02;8.106976e-02;4.738986e-02;3.069177e-02
7.687653e-02;6.798133e-02;1.218095e-01;8.673782e-02;6.451340e-02;8.062464e-02;1.943086e-01;6.248118e-02;6.858911e-02;7.841665e-02;4.890539e-02;4.875586e-02
9.348258e-02;7.255101e-02;1.021837e-01;9.969237e-02;6.337641e-02;8.746176e-02;2.014722e-01;4.908407e-02;5.021572e-02;7.334711e-02;5.225618e-02;5.487689e-02
7.785165e-02;6.215256e-02;1.370069e-01;8.470433e-02;5.678327e-02;1.008653e-01;1.663474e-01;6.343367e-02;8.736087e-02;6.452339e-02;5.710636e-02;4.186431e-02
5.150160e-02;6.093878e-02;1.474554e-01;6.627384e-02;6.219924e-02;1.015728e-01;1.249939e-01;8.902813e-02;1.247939e-01;7.305173e-02;6.199625e-02;3.619432e-02
5.769298e-02;7.244306e-02;1.142000e-01;4.575740e-02;1.024774e-01;7.559953e-02;6.582955e-02;1.044486e-01;1.365028e-01;1.093671e-01;6.954899e-02;4.613255e-02
6.023069e-02;6.406116e-02;6.551805e-02;4.237121e-02;1.117452e-01;5.985398e-02;9.689901e-02;8.803517e-02;1.153425e-01;1.607623e-01;8.502301e-02;5.015779e-02
7.279967e-02;5.686393e-02;7.793333e-02;5.749475e-02;8.737523e-02;5.911953e-02;1.460698e-01;7.764388e-02;7.268726e-02;1.569186e-01;1.045623e-01;3.053179e-02
9.170090e-02;6.176681e-02;8.340926e-02;7.486547e-02;6.644945e-02;5.426675e-02;1.840981e-01;8.526115e-02;3.974786e-02;1.025648e-01;1.082823e-01;4.758714e-02
8.868640e-02;5.888832e-02;7.457045e-02;9.206685e-02;7.421520e-02;6.164109e-02;1.742507e-01;6.479762e-02;3.898438e-02;8.126996e-02;8.126666e-02;1.093624e-01
1.122307e-01;5.347346e-02;7.755086e-02;1.136634e-01;8.001748e-02;5.629665e-02;1.467214e-01;5.362407e-02;4.289727e-02;7.587674e-02;4.954794e-02;1.381001e-01
1.826118e-01;6.455979e-02;7.986845e-02;1.143667e-01;9.450740e-02;4.293437e-02;9.040231e-02;5.854722e-02;3.847297e-02;6.356251e-02;5.856212e-02;1.116043e-01
2.069986e-01;1.175666e-01;6.965432e-02;9.259827e-02;9.927981e-02;3.081936e-02;3.193253e-02;4.934268e-02;4.530242e-02;9.343076e-02;7.208141e-02;9.099314e-02
1.839241e-01;1.766616e-01;7.339113e-02;6.239158e-02;8.993316e-02;3.647757e-02;4.901613e-02;5.524733e-02;4.448698e-02;9.005222e-02;7.607824e-02;6.233998e-02
1.871197e-01;2.144859e-01;7.797725e-02;4.344048e-02;7.680656e-02;3.749728e-02;6.794897e-02;5.484959e-02;3.808626e-02;8.828757e-02;6.010537e-02;5.339513e-02
2.229964e-01;1.985655e-01;9.259941e-02;4.416166e-02;7.519656e-02;3.100945e-02;5.317561e-02;4.753419e-02;3.644723e-02;9.024271e-02;5.315005e-02;5.492128e-02
2.142289e-01;1.460868e-01;6.536076e-02;6.112711e-02;8.251442e-02;3.683507e-02;5.393849e-02;6.360708e-02;5.018960e-02;1.134448e-01;5.973198e-02;5.293504e-02
1.410430e-01;1.048185e-01;9.992284e-02;7.001390e-02;9.493731e-02;4.391082e-02;5.194016e-02;6.715073e-02;7.113300e-02;1.405487e-01;6.793913e-02;4.664192e-02
6.599973e-02;6.423057e-02;1.749098e-01;8.324096e-02;9.488444e-02;5.076124e-02;5.589357e-02;8.873278e-02;7.139789e-02;1.458173e-01;6.713082e-02;3.700098e-02
6.296089e-02;7.855231e-02;2.351522e-01;6.584869e-02;7.062295e-02;3.694916e-02;1.173493e-01;6.488656e-02;6.074195e-02;1.279110e-01;5.656844e-02;2.245663e-02
9.933496e-02;1.051856e-01;2.453137e-01;4.556303e-02;5.049307e-02;3.242677e-02;1.342316e-01;3.998516e-02;5.629045e-02;1.104712e-01;6.288094e-02;1.782354e-02
1.527141e-01;1.220328e-01;1.963726e-01;3.996795e-02;2.878148e-02;3.277833e-02;1.823752e-01;3.815168e-02;3.505223e-02;9.900337e-02;5.282137e-02;1.994888e-02
2.110039e-01;1.479180e-01;1.243149e-01;4.495393e-02;4.573920e-02;3.464524e-02;1.200024e-01;4.236951e-02;4.087971e-02;1.096335e-01;4.950814e-02;2.903163e-02
1.726172e-01;1.311735e-01;2.203272e-01;4.876287e-02;5.293949e-02;2.689757e-02;7.737175e-02;4.185617e-02;5.169319e-02;8.969736e-02;4.195989e-02;4.470388e-02
1.458668e-01;1.154543e-01;2.455380e-01;4.892813e-02;5.040045e-02;2.388710e-02;9.144101e-02;4.296659e-02;5.492931e-02;8.483765e-02;4.281644e-02;5.293425e-02
1.480596e-01;1.101582e-01;1.480884e-01;3.716502e-02;7.524024e-02;4.098968e-02;1.619270e-01;5.541651e-02;5.810352e-02;7.173049e-02;4.745396e-02;4.566737e-02
1.412941e-01;1.092353e-01;9.249318e-02;4.552517e-02;8.309462e-02;5.093019e-02;1.604111e-01;7.819326e-02;5.695671e-02;7.668082e-02;4.406252e-02;6.112304e-02
1.344895e-01;8.388796e-02;1.910887e-01;4.575636e-02;9.812444e-02;4.498098e-02;1.217377e-01;8.509210e-02;5.176835e-02;6.003838e-02;4.501354e-02;3.802203e-02
1.108161e-01;5.271779e-02;1.671340e-01;5.473720e-02;1.178474e-01;5.394749e-02;1.310750e-01;5.282420e-02;7.786310e-02;6.809906e-02;4.493546e-02;6.800322e-02
1.255375e-01;7.003555e-02;1.357954e-01;6.520590e-02;1.272637e-01;5.686773e-02;8.373329e-02;5.475257e-02;7.953301e-02;6.096443e-02;5.023308e-02;9.007785e-02
1.390886e-01;8.786520e-02;1.420211e-01;7.906762e-02;1.139666e-01;4.330061e-02;6.769229e-02;8.128522e-02;5.315262e-02;7.003757e-02;4.753059e-02;7.499193e-02
5.613262e-02;9.626295e-02;2.656008e-01;9.253000e-02;7.777208e-02;3.911276e-02;6.046281e-02;5.831677e-02;5.925041e-02;1.043565e-01;4.758635e-02;4.261597e-02
8.496793e-02;7.914475e-02;2.990862e-01;7.599313e-02;5.242215e-02;4.733886e-02;8.441731e-02;2.656686e-02;6.326599e-02;9.768491e-02;5.094511e-02;3.816678e-02
8.221490e-02;7.937932e-02;3.045090e-01;7.093458e-02;5.750366e-02;4.820807e-02;5.192505e-02;3.629262e-02;6.779312e-02;1.035157e-01;5.753617e-02;4.018789e-02
1.191315e-01;8.126375e-02;1.694860e-01;4.587070e-02;5.799901e-02;2.006868e-02;1.351635e-01;4.551945e-02;8.686431e-02;1.389350e-01;4.477892e-02;5.491912e-02
1.090775e-01;6.363282e-02;1.925962e-01;3.745132e-02;5.443372e-02;3.466428e-02;1.348407e-01;4.001497e-02;9.516106e-02;1.200493e-01;6.599754e-02;5.208071e-02
9.829225e-02;7.215811e-02;1.865245e-01;3.733240e-02;6.676794e-02;3.766229e-02;1.005552e-01;4.299621e-02;9.017097e-02;1.412131e-01;8.072287e-02;4.560425e-02
1.303320e-01;1.019170e-01;1.566131e-01;4.226887e-02;6.062670e-02;3.118248e-02;7.342146e-02;4.125297e-02;1.018935e-01;1.556270e-01;7.012537e-02;3.473964e-02
1.629918e-01;9.032755e-02;1.331630e-01;7.184397e-02;4.643644e-02;3.307566e-02;4.972702e-02;4.613864e-02;1.199568e-01;1.364629e-01;6.806239e-02;4.181390e-02
1.392963e-01;6.431108e-02;1.715090e-01;8.313235e-02;4.745413e-02;3.559819e-02;6.528632e-02;3.800971e-02;1.083204e-01;1.142220e-01;8.701263e-02;4.584785e-02
1.147655e-01;4.912186e-02;2.309291e-01;6.546987e-02;4.843682e-02;3.725522e-02;1.015545e-01;3.486263e-02;6.327019e-02;1.026397e-01;9.590680e-02;5.578783e-02
1.066350e-01;6.046782e-02;2.679700e-01;4.414135e-02;3.993183e-02;3.622788e-02;1.468624e-01;5.379936e-02;3.976329e-02;5.215408e-02;9.057964e-02;6.146737e-02
4.529968e-02;7.348545e-02;2.970341e-01;4.266921e-02;3.843383e-02;2.698754e-02;1.615169e-01;5.506672e-02;6.316642e-02;5.573755e-02;9.252766e-02;4.807494e-02
8.776905e-02;8.321868e-02;2.696843e-01;4.097947e-02;4.210386e-02;2.690239e-02;1.869983e-01;4.054543e-02;5.065375e-02;4.738052e-02;9.510075e-02;2.866347e-02
9.805395e-02;6.223519e-02;2.227258e-01;3.670791e-02;3.334734e-02;4.858456e-02;1.954649e-01;4.388845e-02;4.714454e-02;5.210859e-02;1.075672e-01;5.217163e-02
7.314001e-02;3.715065e-02;2.628633e-01;5.351904e-02;5.031464e-02;5.031718e-02;1.113277e-01;5.169480e-02;6.280634e-02;7.668842e-02;8.862203e-02;8.155593e-02
4.605151e-02;7.050352e-02;3.042639e-01;5.610082e-02;5.988561e-02;5.549520e-02;8.071356e-02;5.658565e-02;6.433615e-02;9.085719e-02;4.528842e-02;6.991843e-02
1.138968e-01;8.745371e-02;2.011101e-01;5.723688e-02;1.026597e-01;5.475778e-02;7.075735e-02;4.446663e-02;4.800540e-02;9.784620e-02;5.650334e-02;6.530617e-02
1.507108e-01;9.284247e-02;1.178131e-01;3.314788e-02;9.864419e-02;5.333859e-02;7.565306e-02;4.415064e-02;4.660287e-02;1.018678e-01;9.523709e-02;8.999143e-02
1.508642e-01;1.122493e-01;1.154307e-01;2.130730e-02;9.139996e-02;5.578794e-02;9.181703e-02;4.849016e-02;3.614753e-02;9.300937e-02;9.495191e-02;8.854464e-02
1.732429e-01;1.259731e-01;6.944285e-02;3.469401e-02;7.971255e-02;4.885798e-02;1.033072e-01;5.750075e-02;5.324623e-02;9.646878e-02;8.366679e-02;7.388690e-02
2.329158e-01;1.176991e-01;1.001508e-01;5.168195e-02;5.954950e-02;3.250515e-02;6.129383e-02;4.718137e-02;6.877703e-02;9.486307e-02;7.200293e-02;6.137941e-02
2.354836e-01;9.585202e-02;1.261208e-01;6.227063e-02;4.097495e-02;2.594893e-02;6.419294e-02;5.651600e-02;6.564263e-02;8.119515e-02;7.575092e-02;7.005151e-02
2.101804e-01;8.522691e-02;1.558713e-01;7.189271e-02;4.115848e-02;3.459784e-02;6.982745e-02;6.288704e-02;5.920163e-02;6.858612e-02;8.646785e-02;5.410224e-02
2.063314e-01;5.886269e-02;1.533717e-01;9.779330e-02;4.883625e-02;3.736533e-02;7.627656e-02;5.161646e-02;6.626651e-02;5.395843e-02;9.620249e-02;5.311887e-02
1.840655e-01;6.261044e-02;1.678662e-01;1.000885e-01;6.053625e-02;3.349941e-02;6.843803e-02;4.850518e-02;6.920191e-02;5.274476e-02;9.534586e-02;5.709799e-02
1.446785e-01;6.809139e-02;2.160981e-01;8.336323e-02;5.880059e-02;3.507185e-02;6.880019e-02;4.410872e-02;6.763814e-02;5.394156e-02;9.302811e-02;6.637955e-02
9.000488e-02;7.199284e-02;2.448687e-01;6.954236e-02;5.068685e-02;3.723515e-02;7.631455e-02;5.297215e-02;6.411396e-02;6.983704e-02;1.035924e-01;6.883921e-02
9.544632e-02;5.594267e-02;2.135995e-01;5.727353e-02;6.230028e-02;3.690014e-02;7.187511e-02;6.805497e-02;5.712111e-02;9.804684e-02;1.238877e-01;5.955182e-02
1.068529e-01;3.234049e-02;2.627912e-01;4.568323e-02;7.033297e-02;4.356860e-02;8.529295e-02;5.936750e-02;5.330369e-02;9.197976e-02;9.508989e-02;5.339678e-02
8.674733e-02;6.141444e-02;1.987161e-01;6.010068e-02;3.935019e-02;3.468868e-02;1.117590e-01;6.379852e-02;7.398469e-02;1.101153e-01;5.912387e-02;1.002011e-01
7.803653e-02;6.844848e-02;1.715197e-01;4.989512e-02;4.502341e-02;3.717792e-02;1.420102e-01;6.321160e-02;5.727249e-02;1.025096e-01;6.826194e-02;1.166331e-01
1.079827e-01;8.082066e-02;1.707108e-01;4.638327e-02;6.443430e-02;5.490393e-02;1.060760e-01;5.071243e-02;4.744401e-02;8.463726e-02;8.164867e-02;1.042459e-01
1.262228e-01;8.380231e-02;1.564365e-01;4.938004e-02;5.939821e-02;4.898123e-02;7.869131e-02;4.837164e-02;4.489529e-02;8.969200e-02;8.765858e-02;1.264701e-01
1.126349e-01;6.304701e-02;2.006854e-01;5.052612e-02;5.244041e-02;3.913585e-02;9.807027e-02;3.600148e-02;5.179889e-02;8.254333e-02;8.104196e-02;1.320743e-01
9.712698e-02;4.580554e-02;2.560088e-01;4.602997e-02;6.059918e-02;3.550217e-02;1.101135e-01;3.641507e-02;6.672465e-02;6.225749e-02;7.124083e-02;1.121758e-01
7.409324e-02;4.682502e-02;2.765554e-01;2.845324e-02;6.886359e-02;4.636599e-02;1.147253e-01;4.463230e-02;6.243107e-02;5.898235e-02;8.156654e-02;9.650596e-02
9.186133e-02;5.923786e-02;2.890213e-01;5.317249e-02;6.843154e-02;7.204141e-02;9.049129e-02;3.568445e-02;4.559154e-02;7.106683e-02;6.337924e-02;6.002072e-02
9.523428e-02;7.438745e-02;2.638115e-01;9.094942e-02;5.131501e-02;7.542129e-02;8.351142e-02;2.101527e-02;5.052724e-02;1.049772e-01;3.978815e-02;4.906182e-02
1.125588e-01;5.628960e-02;1.597002e-01;8.370321e-02;6.238860e-02;7.916776e-02;1.462769e-01;3.998732e-02;5.380000e-02;1.025999e-01;3.008266e-02;7.344497e-02
1.366151e-01;9.021970e-02;8.702911e-02;7.121172e-02;8.751002e-02;6.723944e-02;1.602944e-01;5.515078e-02;6.167080e-02;6.947018e-02;3.234555e-02;8.124323e-02
1.019555e-01;1.027567e-01;1.540418e-01;1.178662e-01;5.316446e-02;4.610160e-02;1.031218e-01;6.551207e-02;8.240785e-02;7.182871e-02;3.398668e-02;6.725670e-02
8.463358e-02;9.179934e-02;1.708560e-01;1.586974e-01;5.612398e-02;4.755499e-02;5.198982e-02;8.164704e-02;9.647916e-02;6.926142e-02;3.234385e-02;5.861330e-02
1.124983e-01;8.958498e-02;1.869881e-01;1.391764e-01;9.177852e-02;4.948119e-02;4.883753e-02;6.465726e-02;9.032644e-02;4.704789e-02;3.372955e-02;4.589382e-02
1.532046e-01;9.717298e-02;1.634122e-01;7.327916e-02;8.626622e-02;4.780534e-02;1.195525e-01;4.657618e-02;6.834066e-02;6.018092e-02;4.023632e-02;4.397290e-02
1.120958e-01;1.092361e-01;2.157847e-01;3.874190e-02;5.235096e-02;4.743263e-02;1.155387e-01;3.883187e-02;7.091705e-02;7.696098e-02;8.647166e-02;3.563768e-02
1.133095e-01;1.127493e-01;2.182700e-01;6.189868e-02;4.991481e-02;2.941821e-02;8.778614e-02;3.919411e-02;7.033664e-02;6.820133e-02;1.170831e-01;3.183819e-02
1.521312e-01;1.010785e-01;1.624343e-01;9.020650e-02;6.549218e-02;2.435544e-02;7.570480e-02;3.243715e-02;7.724715e-02;5.487480e-02;1.389463e-01;2.509159e-02
1.643885e-01;7.882654e-02;8.483194e-02;1.177664e-01;7.014514e-02;2.654434e-02;9.825681e-02;4.382370e-02;9.705168e-02;6.511052e-02;1.223615e-01;3.089281e-02
1.325518e-01;4.592183e-02;1.475703e-01;1.328111e-01;6.360682e-02;4.365299e-02;1.114431e-01;3.658110e-02;1.046293e-01;6.816141e-02;7.530627e-02;3.776391e-02
1.093002e-01;2.009436e-02;2.298383e-01;1.293137e-01;6.868241e-02;6.686322e-02;1.090194e-01;2.857442e-02;8.336677e-02;5.578947e-02;5.996956e-02;3.918817e-02
1.004533e-01;4.894591e-02;3.082597e-01;9.539959e-02;6.770664e-02;7.150877e-02;8.121936e-02;2.932943e-02;5.762279e-02;4.956707e-02;5.021449e-02;3.977297e-02
5.613993e-02;4.339147e-02;4.055780e-01;6.839249e-02;5.840817e-02;5.607495e-02;8.486947e-02;4.503591e-02;3.925156e-02;6.255798e-02;3.459723e-02;4.570279e-02
5.885169e-02;5.010829e-02;4.400117e-01;5.393174e-02;3.021184e-02;3.632334e-02;1.096101e-01;5.174519e-02;3.745311e-02;6.651435e-02;1.596409e-02;4.927456e-02
8.309486e-02;5.065557e-02;4.303916e-01;5.174804e-02;3.032999e-02;2.851491e-02;1.077859e-01;5.301194e-02;3.568511e-02;5.932791e-02;1.895758e-02;5.049662e-02
6.388591e-02;4.058147e-02;4.503214e-01;6.285581e-02;2.641367e-02;3.494700e-02;1.059669e-01;6.430792e-02;2.525357e-02;5.444249e-02;1.833260e-02;5.269131e-02
4.801976e-02;4.257622e-02;4.610614e-01;5.158067e-02;3.657620e-02;3.958119e-02;1.039551e-01;6.842209e-02;2.427191e-02;4.847847e-02;1.907877e-02;5.639825e-02
4.671455e-02;4.469335e-02;4.113925e-01;6.628350e-02;7.899956e-02;6.129770e-02;8.432639e-02;6.232336e-02;3.525453e-02;3.418149e-02;1.564838e-02;5.888479e-02
4.796024e-02;3.590556e-02;3.676526e-01;7.422696e-02;9.649532e-02;9.143167e-02;7.838954e-02;6.295477e-02;4.381540e-02;2.389665e-02;1.924244e-02;5.802890e-02
5.112391e-02;3.160590e-02;3.508195e-01;5.950533e-02;7.923982e-02;1.071318e-01;9.597304e-02;6.078098e-02;5.496598e-02;2.522368e-02;2.922525e-02;5.440477e-02
5.487955e-02;6.340978e-02;3.195938e-01;5.373133e-02;6.031317e-02;9.049736e-02;1.269650e-01;6.759772e-02;4.772703e-02;3.050868e-02;4.194181e-02;4.283477e-02
5.227447e-02;9.602988e-02;2.639660e-01;3.772686e-02;5.924923e-02;6.930952e-02;1.761088e-01;5.577577e-02;3.761675e-02;4.600973e-02;6.424393e-02;4.168905e-02
6.835830e-02;8.764507e-02;2.522469e-01;4.233271e-02;5.793349e-02;6.413529e-02;1.530982e-01;4.385138e-02;6.551546e-02;4.672502e-02;7.392102e-02;4.423713e-02
1.099474e-01;8.265635e-02;2.769099e-01;4.419643e-02;6.643203e-02;7.374740e-02;6.531315e-02;3.502624e-02;5.749366e-02;6.066994e-02;5.723988e-02;7.036760e-02
3.253738e-02;1.152028e-01;2.595831e-01;3.163369e-02;7.518318e-02;8.825430e-02;1.451858e-01;3.595091e-02;3.300519e-02;5.423779e-02;5.236551e-02;7.686038e-02
8.315346e-02;1.286149e-01;2.640937e-01;2.859013e-02;8.779255e-02;6.632345e-02;9.917179e-02;4.399478e-02;4.508572e-02;4.648690e-02;3.971324e-02;6.697933e-02
7.111049e-02;1.390374e-01;2.255746e-01;4.373659e-02;9.587191e-02;4.903286e-02;6.562490e-02;5.605492e-02;5.239134e-02;5.205214e-02;5.965224e-02;8.986057e-02
6.265809e-02;1.145142e-01;2.356475e-01;4.060709e-02;9.024497e-02;4.090937e-02;1.065275e-01;5.838929e-02;5.477574e-02;6.600619e-02;4.487461e-02;8.484554e-02
8.041507e-02;7.687654e-02;2.295511e-01;3.136833e-02;8.795375e-02;5.631687e-02;1.616246e-01;4.198610e-02;5.025433e-02;6.541012e-02;4.097378e-02;7.726933e-02
8.234128e-02;5.571643e-02;1.985897e-01;5.087896e-02;6.851589e-02;6.664800e-02;1.844662e-01;2.672614e-02;6.445964e-02;6.898721e-02;5.606180e-02;7.660870e-02
3.370715e-02;6.635850e-02;2.242480e-01;6.861104e-02;4.891869e-02;4.923407e-02;1.563838e-01;4.197845e-02;9.011582e-02;6.128315e-02;7.711481e-02;8.204646e-02
4.842085e-02;5.911523e-02;2.162425e-01;5.738039e-02;5.854842e-02;7.480787e-02;1.490859e-01;4.880868e-02;8.537495e-02;5.563220e-02;8.660153e-02;5.998144e-02
9.749686e-02;8.229807e-02;1.606912e-01;5.258765e-02;4.985572e-02;7.230204e-02;1.112552e-01;6.820828e-02;8.936498e-02;8.091635e-02;8.206395e-02;5.295971e-02
1.090272e-01;8.524656e-02;1.387990e-01;6.370386e-02;3.731333e-02;6.448410e-02;9.983127e-02;7.103679e-02;5.786115e-02;9.062222e-02;1.515952e-01;3.047935e-02
1.219366e-01;8.581743e-02;1.042133e-01;5.743883e-02;4.897887e-02;5.459061e-02;8.051951e-02;6.497359e-02;3.989789e-02;9.772896e-02;1.682147e-01;7.568973e-02
1.500572e-01;9.125885e-02;7.857769e-02;5.459717e-02;6.738935e-02;4.414138e-02;5.573960e-02;5.811774e-02;4.207023e-02;1.152707e-01;1.445513e-01;9.822877e-02
1.085104e-01;9.625079e-02;1.804475e-01;7.569864e-02;9.203943e-02;5.594089e-02;1.003598e-01;4.800221e-02;4.386780e-02;1.146282e-01;5.054516e-02;3.370917e-02
7.868621e-02;2.151805e-02;1.929980e-01;5.222748e-02;6.554383e-02;5.702677e-02;2.275625e-01;2.134676e-02;4.432459e-02;5.640177e-02;9.487573e-02;8.748825e-02
1.290832e-01;3.443132e-02;1.445661e-01;4.486968e-02;5.687302e-02;3.905196e-02;1.853503e-01;3.118316e-02;7.904880e-02;6.608198e-02;1.166224e-01;7.283794e-02
1.804434e-01;5.050799e-02;1.795793e-01;5.826412e-02;4.744800e-02;2.407821e-02;7.302828e-02;3.306980e-02;7.863788e-02;9.032597e-02;1.333788e-01;5.123822e-02
1.975460e-01;4.937675e-02;1.709322e-01;5.760633e-02;4.047320e-02;2.464728e-02;7.365142e-02;3.055791e-02;6.516132e-02;8.613705e-02;1.654092e-01;3.850130e-02
2.193530e-01;4.311842e-02;1.707866e-01;5.246798e-02;3.602802e-02;2.447119e-02;6.130720e-02;2.890453e-02;6.417970e-02;6.868929e-02;1.754579e-01;5.523614e-02
2.485911e-01;4.681230e-02;1.840815e-01;4.539566e-02;3.570030e-02;1.799284e-02;6.842914e-02;3.486000e-02;6.264584e-02;4.969516e-02;1.367524e-01;6.904372e-02
2.743672e-01;6.559166e-02;1.832437e-01;4.476614e-02;3.971520e-02;1.836321e-02;6.240551e-02;3.565317e-02;5.771842e-02;5.880820e-02;9.905005e-02;6.031752e-02
2.930273e-01;5.831536e-02;1.873796e-01;6.150398e-02;3.657394e-02;2.045390e-02;5.757107e-02;2.905072e-02;6.071469e-02;6.808593e-02;7.915395e-02;4.816959e-02
2.665071e-01;5.778062e-02;2.047832e-01;7.503258e-02;5.576943e-02;2.449553e-02;5.496792e-02;2.829955e-02;5.797174e-02;6.783366e-02;5.774318e-02;4.881556e-02
2.170703e-01;8.703090e-02;1.864839e-01;6.502291e-02;1.158965e-01;3.740155e-02;6.034050e-02;2.736319e-02;4.868381e-02;8.028679e-02;4.477836e-02;2.964132e-02
1.338267e-01;1.137703e-01;1.377414e-01;4.974105e-02;1.375444e-01;7.977892e-02;7.685773e-02;4.144798e-02;5.547253e-02;9.720851e-02;5.298550e-02;2.362508e-02
6.703832e-02;9.486771e-02;1.232136e-01;4.339178e-02;1.027115e-01;9.728540e-02;1.189179e-01;6.173504e-02;7.411490e-02;1.058045e-01;8.291861e-02;2.800068e-02
3.572562e-02;5.696133e-02;1.205357e-01;3.773827e-02;7.889844e-02;9.630048e-02;1.444677e-01;6.403678e-02;9.996714e-02;1.117063e-01;1.067802e-01;4.688201e-02
5.055266e-02;5.219110e-02;1.201562e-01;4.329772e-02;7.653531e-02;7.847278e-02;2.160936e-01;4.602386e-02;9.471011e-02;7.071224e-02;8.672728e-02;6.452717e-02
9.038925e-02;7.649991e-02;1.166885e-01;5.553084e-02;7.013569e-02;5.549227e-02;2.634617e-01;3.922662e-02;6.429610e-02;3.337299e-02;6.301306e-02;7.189305e-02
1.402695e-01;1.025166e-01;1.673915e-01;5.078305e-02;6.050394e-02;3.625249e-02;2.018742e-01;4.816692e-02;3.755817e-02;3.596256e-02;5.467904e-02;6.404193e-02
1.573482e-01;9.981031e-02;1.830816e-01;4.039520e-02;7.530581e-02;4.976679e-02;1.360991e-01;4.997941e-02;3.860707e-02;4.775222e-02;6.376636e-02;5.808794e-02
1.343593e-01;7.617849e-02;1.263521e-01;2.326899e-02;6.611978e-02;6.971177e-02;2.045917e-01;5.300111e-02;5.316245e-02;6.691501e-02;7.427412e-02;5.206522e-02
1.274561e-01;5.249629e-02;1.739181e-01;3.409984e-02;5.588670e-02;5.430644e-02;2.398783e-01;4.652327e-02;4.210305e-02;4.830209e-02;5.948669e-02;6.554309e-02
1.119832e-01;4.908977e-02;1.785045e-01;3.222552e-02;5.578385e-02;4.303511e-02;2.820894e-01;4.358561e-02;3.293738e-02;4.444950e-02;5.042679e-02;7.588947e-02
7.559346e-02;3.828960e-02;5.369594e-02;4.283786e-02;7.387540e-02;7.034311e-02;3.607243e-01;5.251840e-02;3.709783e-02;5.576492e-02;6.340545e-02;7.585372e-02
7.944057e-02;6.339696e-02;1.510130e-01;4.997383e-02;6.207601e-02;4.586057e-02;2.729948e-01;4.132439e-02;3.605269e-02;3.028114e-02;8.251045e-02;8.507559e-02
9.503169e-02;5.645119e-02;2.314075e-01;4.994096e-02;8.356339e-02;4.765198e-02;1.774988e-01;3.598883e-02;4.225984e-02;5.068349e-02;7.828351e-02;5.123881e-02
7.907628e-02;4.155476e-02;1.894733e-01;3.513614e-02;6.114697e-02;5.571626e-02;2.386018e-01;4.956722e-02;4.115240e-02;7.322194e-02;7.675996e-02;5.859293e-02
5.844051e-02;3.161401e-02;1.241554e-01;2.696457e-02;4.179569e-02;4.594102e-02;2.906794e-01;6.481980e-02;4.416675e-02;9.385209e-02;7.521027e-02;1.023605e-01
6.310907e-02;2.725339e-02;1.159234e-01;3.364104e-02;5.835872e-02;4.878177e-02;2.921055e-01;7.678849e-02;7.241658e-02;7.395093e-02;5.240887e-02;8.526227e-02
5.112660e-02;3.339533e-02;1.134034e-01;3.784401e-02;6.085136e-02;6.905653e-02;2.563697e-01;7.042658e-02;1.055968e-01;7.575128e-02;7.530547e-02;5.087300e-02
5.904098e-02;6.038051e-02;1.263744e-01;3.341477e-02;7.305554e-02;6.757752e-02;1.910675e-01;7.696284e-02;1.020626e-01;9.426834e-02;7.980715e-02;3.598787e-02
9.162436e-02;7.684173e-02;1.457642e-01;2.863853e-02;8.038916e-02;5.024630e-02;1.550368e-01;9.673498e-02;9.469030e-02;9.657396e-02;5.939499e-02;2.406473e-02
1.066161e-01;5.902084e-02;1.955464e-01;3.411915e-02;6.726132e-02;4.638477e-02;1.519792e-01;7.938291e-02;9.629336e-02;8.451547e-02;5.000013e-02;2.888031e-02
1.015017e-01;4.952073e-02;2.661738e-01;5.129003e-02;7.113630e-02;3.063374e-02;1.226262e-01;5.404173e-02;7.738297e-02;8.219571e-02;4.760392e-02;4.589318e-02
8.715974e-02;6.700967e-02;2.407572e-01;7.559510e-02;9.943429e-02;6.085341e-02;1.007649e-01;4.754743e-02;4.124149e-02;9.532106e-02;3.911596e-02;4.519971e-02
6.203981e-02;9.896407e-02;2.123162e-01;7.253408e-02;8.409698e-02;5.992188e-02;9.700871e-02;6.052285e-02;6.136015e-02;1.046294e-01;5.097189e-02;3.563394e-02
7.801871e-02;1.193764e-01;2.101401e-01;5.883102e-02;5.117078e-02;4.699307e-02;1.284858e-01;6.343275e-02;5.958363e-02;9.798360e-02;6.442487e-02;2.155929e-02
1.013186e-01;1.291487e-01;1.252502e-01;5.991412e-02;4.697924e-02;5.695149e-02;1.928602e-01;4.464760e-02;8.439799e-02;8.653177e-02;4.270213e-02;2.929808e-02
1.031682e-01;1.231305e-01;8.064274e-02;6.828979e-02;6.505726e-02;7.013508e-02;1.402067e-01;4.191645e-02;9.732196e-02;8.548301e-02;7.095263e-02;5.369573e-02
1.181606e-01;1.217678e-01;8.809025e-02;6.863906e-02;6.947273e-02;7.268114e-02;1.109441e-01;4.628006e-02;8.379905e-02;8.038244e-02;7.756729e-02;6.221550e-02
1.189585e-01;1.272742e-01;9.528006e-02;6.883427e-02;6.567747e-02;6.966255e-02;1.255606e-01;4.580421e-02;6.923620e-02;7.256383e-02;7.939178e-02;6.175634e-02
8.879400e-02;1.007942e-01;1.906928e-01;6.982014e-02;7.159945e-02;5.265887e-02;1.680422e-01;3.184636e-02;4.656253e-02;5.768539e-02;7.566339e-02;4.584065e-02
9.954258e-02;6.949428e-02;2.809845e-01;6.571756e-02;8.273019e-02;4.228751e-02;8.622482e-02;3.503643e-02;3.328296e-02;7.577793e-02;6.382866e-02;6.509263e-02
1.456172e-01;9.793434e-02;2.229518e-01;5.330370e-02;8.403704e-02;3.938924e-02;6.310894e-02;3.136189e-02;4.368708e-02;7.809236e-02;6.930828e-02;7.120819e-02
1.322674e-01;8.910868e-02;2.335577e-01;5.087804e-02;6.689727e-02;4.299963e-02;1.107379e-01;2.953815e-02;4.376211e-02;6.996617e-02;6.261769e-02;6.766923e-02
7.110036e-02;5.674589e-02;3.500862e-01;5.242986e-02;5.688946e-02;3.719636e-02;1.056178e-01;3.778523e-02;4.062451e-02;6.717616e-02;4.913194e-02;7.521623e-02
4.558141e-02;4.810712e-02;4.272440e-01;4.068463e-02;5.158016e-02;4.103908e-02;8.623631e-02;5.698440e-02;3.285694e-02;6.399772e-02;2.639800e-02;7.929020e-02
4.596360e-02;4.537382e-02;3.994330e-01;3.038057e-02;4.429915e-02;4.302878e-02;1.383816e-01;6.633370e-02;3.000076e-02;6.281961e-02;2.522015e-02;6.876530e-02
6.952715e-02;4.381762e-02;3.598845e-01;3.115974e-02;3.109314e-02;4.009112e-02;1.761838e-01;5.098781e-02;3.971424e-02;4.431691e-02;4.865874e-02;6.456524e-02
9.523123e-02;4.645067e-02;3.530253e-01;2.823686e-02;2.999954e-02;3.944015e-02;2.026010e-01;3.017364e-02;3.487967e-02;2.477928e-02;5.868381e-02;5.649888e-02
9.545125e-02;5.477177e-02;3.155105e-01;3.126113e-02;4.214417e-02;3.415358e-02;1.838637e-01;3.651025e-02;4.801325e-02;4.813048e-02;5.175345e-02;5.843654e-02
7.929791e-02;5.229499e-02;3.113293e-01;4.872748e-02;4.554820e-02;5.997653e-02;1.501525e-01;3.427146e-02;4.376348e-02;6.710221e-02;3.769459e-02;6.984133e-02
1.062610e-01;8.377828e-02;2.275696e-01;5.030198e-02;8.382164e-02;7.237426e-02;1.187813e-01;3.885668e-02;5.019952e-02;6.708931e-02;4.646601e-02;5.450034e-02
1.507398e-01;9.491648e-02;1.292307e-01;6.003702e-02;9.627828e-02;6.758521e-02;1.413714e-01;4.264386e-02;5.083445e-02;6.642992e-02;5.453557e-02;4.539738e-02
1.393084e-01;5.921240e-02;1.945270e-01;7.550595e-02;8.272938e-02;5.978797e-02;1.291875e-01;4.631817e-02;5.200236e-02;6.292836e-02;4.352643e-02;5.496604e-02
1.051456e-01;4.915617e-02;2.611333e-01;5.861765e-02;6.922840e-02;5.395080e-02;1.392611e-01;5.502470e-02;4.702244e-02;5.802201e-02;3.732406e-02;6.611384e-02
8.898361e-02;4.992903e-02;2.744890e-01;5.518821e-02;6.501298e-02;3.945810e-02;1.895979e-01;5.999132e-02;3.838849e-02;4.332033e-02;3.494698e-02;6.069406e-02
6.220403e-02;7.372335e-02;2.392971e-01;5.963724e-02;8.405559e-02;2.709900e-02;2.327455e-01;5.067766e-02;3.934504e-02;3.353922e-02;4.804385e-02;4.963249e-02
6.650633e-02;6.703245e-02;2.286013e-01;6.664145e-02;8.841248e-02;3.723037e-02;1.917176e-01;4.121051e-02;6.038541e-02;4.927589e-02;4.771391e-02;5.527230e-02
7.688623e-02;6.322820e-02;2.335796e-01;6.081297e-02;7.675096e-02;7.049203e-02;1.162952e-01;5.300141e-02;6.611297e-02;7.115451e-02;4.770214e-02;6.398379e-02
1.008174e-01;7.594198e-02;1.748454e-01;5.666690e-02;5.930464e-02;8.119187e-02;9.569942e-02;5.726811e-02;8.041456e-02;8.512741e-02;4.767634e-02;8.504596e-02
8.380169e-02;6.419372e-02;9.928896e-02;7.707184e-02;3.687456e-02;7.427107e-02;1.859217e-01;4.902531e-02;9.339176e-02;7.668385e-02;6.128160e-02;9.819399e-02
1.022979e-01;4.298595e-02;1.123217e-01;7.782552e-02;2.408507e-02;7.707424e-02;1.749894e-01;7.497949e-02;4.752531e-02;9.451798e-02;9.519112e-02;7.620629e-02
8.243948e-02;3.688660e-02;1.114837e-01;5.432016e-02;2.143536e-02;7.691895e-02;1.686057e-01;9.475307e-02;6.467721e-02;1.189151e-01;9.638152e-02;7.318323e-02
6.963187e-02;4.806545e-02;1.204062e-01;4.236712e-02;4.345005e-02;6.337149e-02;1.829474e-01;7.250535e-02;6.699494e-02;1.374603e-01;9.122551e-02;6.157430e-02
5.934675e-02;6.030840e-02;8.266030e-02;4.469965e-02;5.640013e-02;4.845591e-02;2.042823e-01;9.641352e-02;9.366118e-02;1.132252e-01;5.941712e-02;8.112953e-02
7.928763e-02;5.037127e-02;1.215838e-01;6.791992e-02;5.007168e-02;3.788006e-02;1.398493e-01;1.144243e-01;9.670384e-02;8.706974e-02;6.572614e-02;8.911233e-02
6.483542e-02;4.323932e-02;1.611343e-01;6.866019e-02;7.666690e-02;5.107141e-02;1.226988e-01;8.425474e-02;9.188460e-02;9.233922e-02;7.041045e-02;7.280478e-02
7.453790e-02;3.531134e-02;1.530758e-01;5.134889e-02;1.000887e-01;4.605060e-02;1.191503e-01;4.761297e-02;8.474775e-02;1.058739e-01;9.074850e-02;9.145336e-02
8.093230e-02;2.576765e-02;1.143500e-01;5.748609e-02;1.084842e-01;5.568958e-02;9.795295e-02;3.443096e-02;7.058378e-02;1.141286e-01;1.321133e-01;1.080805e-01
6.064511e-02;5.961305e-02;1.072543e-01;6.809697e-02;6.632078e-02;5.060002e-02;8.969114e-02;7.436831e-02;6.722042e-02;9.283664e-02;1.570503e-01;1.063030e-01
5.085762e-02;7.875890e-02;1.544165e-01;6.167045e-02;5.441833e-02;3.656570e-02;7.821625e-02;1.058262e-01;7.482716e-02;9.057736e-02;1.293513e-01;8.451416e-02
6.504320e-02;8.414577e-02;1.107484e-01;6.996633e-02;5.217500e-02;5.818270e-02;6.049496e-02;1.046410e-01;7.468504e-02;9.301680e-02;1.390582e-01;8.784261e-02
1.540946e-01;1.060048e-01;6.574470e-02;5.506996e-02;5.673619e-02;5.250698e-02;8.126640e-02;6.438781e-02;6.540397e-02;6.178628e-02;1.534772e-01;8.352113e-02
1.993857e-01;8.141014e-02;1.399856e-01;4.914864e-02;7.746332e-02;5.525693e-02;6.832045e-02;5.969250e-02;5.394493e-02;5.931193e-02;1.143030e-01;4.177696e-02
1.319056e-01;6.900879e-02;2.037000e-01;5.437168e-02;7.937321e-02;4.833740e-02;1.817762e-01;4.646116e-02;3.590671e-02;4.868056e-02;5.532125e-02;4.515751e-02
1.287945e-01;4.415294e-02;2.106987e-01;5.345037e-02;7.187324e-02;5.140433e-02;2.129852e-01;3.985427e-02;4.422167e-02;4.610303e-02;4.883878e-02;4.762300e-02
1.302879e-01;4.957072e-02;2.092790e-01;5.341033e-02;8.824392e-02;5.545577e-02;1.735334e-01;4.996395e-02;4.101877e-02;5.063909e-02;5.017127e-02;4.842583e-02
1.238550e-01;1.229958e-01;1.656537e-01;4.508736e-02;1.202853e-01;5.544436e-02;9.019778e-02;5.425401e-02;3.635423e-02;7.525550e-02;6.139980e-02;4.921718e-02
1.068572e-01;1.634454e-01;9.720949e-02;2.578733e-02;1.399952e-01;6.304633e-02;8.421674e-02;5.125460e-02;4.312326e-02;1.030881e-01;7.091251e-02;5.106389e-02
9.993439e-02;1.636259e-01;1.367015e-01;3.193901e-02;1.348764e-01;6.963106e-02;5.667185e-02;3.861618e-02;4.568190e-02;1.101170e-01;6.801654e-02;4.418826e-02
8.519571e-02;1.616873e-01;1.118385e-01;2.590969e-02;1.316319e-01;8.656701e-02;7.997724e-02;5.508792e-02;4.154107e-02;1.091104e-01;7.436542e-02;3.708773e-02
5.974825e-02;1.361499e-01;1.016448e-01;3.621417e-02;1.274275e-01;9.708899e-02;9.891347e-02;6.975596e-02;4.762038e-02;1.078950e-01;9.151058e-02;2.603105e-02
8.220139e-02;1.067952e-01;1.433748e-01;3.830176e-02;1.209851e-01;8.528013e-02;1.100478e-01;5.492832e-02;5.388842e-02;9.903947e-02;7.827967e-02;2.687796e-02
7.036619e-02;7.292768e-02;1.900478e-01;2.885186e-02;1.096621e-01;7.784455e-02;1.744298e-01;4.292900e-02;5.352518e-02;8.600009e-02;7.580143e-02;1.761439e-02
5.211147e-02;6.351941e-02;1.984512e-01;3.487956e-02;7.816909e-02;6.296295e-02;2.302388e-01;5.402839e-02;5.697266e-02;7.526319e-02;6.607423e-02;2.732904e-02
5.100542e-02;7.134562e-02;2.000378e-01;3.647005e-02;6.329437e-02;6.477940e-02;2.371383e-01;4.347851e-02;6.667297e-02;7.422995e-02;7.272134e-02;1.882631e-02
4.365072e-02;6.459890e-02;1.997856e-01;4.422005e-02;6.723518e-02;7.071625e-02;2.526048e-01;2.059302e-02;6.100533e-02;7.045871e-02;7.801731e-02;2.711407e-02
3.832810e-02;5.758180e-02;1.871313e-01;4.181994e-02;6.513588e-02;6.740175e-02;2.841191e-01;2.613963e-02;5.204735e-02;8.010381e-02;6.562167e-02;3.456962e-02
4.630015e-02;7.722454e-02;1.485775e-01;4.247051e-02;7.480793e-02;5.899547e-02;2.865933e-01;3.759196e-02;4.028836e-02;8.353332e-02;5.299255e-02;5.062439e-02
6.634483e-02;7.805141e-02;1.003282e-01;4.023554e-02;9.803378e-02;6.549343e-02;2.267379e-01;7.738726e-02;4.117878e-02;6.835239e-02;5.642066e-02;8.143578e-02
7.862563e-02;5.227825e-02;6.123102e-02;3.529451e-02;9.759880e-02;7.434079e-02;1.351560e-01;9.892967e-02;7.913461e-02;6.939497e-02;8.508940e-02;1.329264e-01
7.353066e-02;4.504796e-02;1.180361e-01;4.748857e-02;7.822928e-02;5.501583e-02;1.176014e-01;7.308418e-02;1.190023e-01;6.339069e-02;8.253660e-02;1.270365e-01
7.597539e-02;8.039645e-02;1.437172e-01;3.596750e-02;7.053001e-02;5.509382e-02;1.600177e-01;5.736088e-02;1.029708e-01;5.040001e-02;8.326368e-02;8.430655e-02
7.813345e-02;8.388171e-02;1.540087e-01;3.549570e-02;6.527664e-02;6.803486e-02;1.841675e-01;6.528966e-02;8.675195e-02;5.886177e-02;7.293494e-02;4.716312e-02
6.818401e-02;8.303705e-02;1.483438e-01;3.346672e-02;6.363099e-02;8.147274e-02;1.795593e-01;6.435186e-02;9.641621e-02;8.741837e-02;5.372112e-02;4.039777e-02
