4.451573e-02;3.438891e-02;3.088848e-01;5.244938e-02;9.469583e-02;5.272593e-02;1.118508e-01;4.948274e-02;6.431925e-02;9.051366e-02;6.591568e-02;3.025729e-02
9.165280e-02;3.702113e-02;1.292637e-01;5.266707e-02;5.489652e-02;5.580610e-02;1.557904e-01;8.600628e-02;7.532497e-02;1.053353e-01;1.079153e-01;4.832054e-02
6.955770e-02;5.115833e-02;9.843426e-02;3.286181e-02;3.764012e-02;4.894018e-02;1.390432e-01;1.086847e-01;9.031847e-02;8.370262e-02;1.301286e-01;1.095300e-01
6.467138e-02;5.544951e-02;8.723563e-02;4.480257e-02;4.434185e-02;4.747536e-02;9.498545e-02;1.055450e-01;1.356791e-01;8.367104e-02;9.194512e-02;1.441979e-01
7.161168e-02;7.014970e-02;7.353531e-02;5.326375e-02;6.524421e-02;4.789901e-02;7.744331e-02;1.129598e-01;1.500549e-01;8.794995e-02;6.761109e-02;1.222773e-01
9.176765e-02;6.922394e-02;1.014106e-01;3.332133e-02;8.176709e-02;4.661243e-02;8.195140e-02;1.417280e-01;1.323529e-01;6.940646e-02;5.811673e-02;9.234141e-02
8.908804e-02;8.949701e-02;1.117900e-01;6.589651e-02;4.502289e-02;4.183148e-02;8.417025e-02;7.008749e-02;9.917263e-02;9.539387e-02;1.027508e-01;1.052989e-01
1.009122e-01;1.053719e-01;9.552845e-02;7.254853e-02;3.922312e-02;4.310006e-02;6.783617e-02;8.354478e-02;7.407469e-02;8.373950e-02;1.461941e-01;8.792643e-02
1.056282e-01;1.305460e-01;7.769745e-02;8.168294e-02;2.797922e-02;3.735920e-02;4.573973e-02;9.977483e-02;5.711990e-02;7.479811e-02;1.917101e-01;6.996423e-02
1.179205e-01;1.271982e-01;6.743496e-02;8.230385e-02;3.511207e-02;3.855716e-02;5.676543e-02;9.337945e-02;5.279173e-02;6.251524e-02;2.030929e-01;6.292847e-02
1.717606e-01;8.354833e-02;1.003716e-01;5.640890e-02;4.714967e-02;3.750544e-02;1.069761e-01;5.661057e-02;5.611160e-02;8.705301e-02;1.421104e-01;5.439385e-02
1.998624e-01;5.131784e-02;1.348081e-01;3.058429e-02;7.108796e-02;4.211653e-02;1.430166e-01;3.681941e-02;4.328602e-02;1.148836e-01;8.219152e-02;5.002568e-02
2.214641e-01;3.085795e-02;1.333473e-01;2.574667e-02;7.310686e-02;4.161880e-02;1.447773e-01;4.729186e-02;5.732882e-02;1.139149e-01;6.216469e-02;4.838070e-02
2.396604e-01;4.645585e-02;8.760088e-02;4.309137e-02;5.023998e-02;5.369561e-02;1.062056e-01;7.261518e-02;6.614891e-02;8.083206e-02;1.237986e-01;2.965551e-02
1.698450e-01;7.218225e-02;5.488709e-02;6.998179e-02;4.326456e-02;8.437757e-02;7.826727e-02;9.978375e-02;4.487592e-02;4.561754e-02;2.048829e-01;3.203434e-02
8.306449e-02;6.933694e-02;5.031022e-02;8.873778e-02;3.888187e-02;8.253303e-02;6.225894e-02;1.293966e-01;4.374954e-02;4.210855e-02;2.791161e-01;3.050592e-02
2.568199e-02;6.986883e-02;4.785512e-02;9.604545e-02;3.366259e-02;5.080812e-02;6.742646e-02;1.497186e-01;4.318804e-02;6.168868e-02;3.135329e-01;4.052323e-02
2.418290e-02;5.671035e-02;5.875271e-02;8.838384e-02;3.761571e-02;3.326562e-02;7.200259e-02;1.449416e-01;3.073539e-02;1.165523e-01;2.820381e-01;5.481883e-02
2.799432e-02;4.911551e-02;8.987139e-02;8.827721e-02;3.731435e-02;3.593625e-02;7.278814e-02;1.359076e-01;4.799428e-02;1.172238e-01;2.593309e-01;3.824624e-02
3.732830e-02;5.348728e-02;1.343030e-01;7.774958e-02;3.560483e-02;3.229507e-02;1.044053e-01;1.047383e-01;4.552994e-02;1.011381e-01;2.377253e-01;3.569492e-02
6.433485e-02;6.906030e-02;1.273637e-01;6.902627e-02;3.174285e-02;3.124015e-02;1.068010e-01;8.603541e-02;3.602176e-02;9.273849e-02;2.471117e-01;3.852351e-02
1.150181e-01;7.340787e-02;8.248825e-02;8.151878e-02;4.592116e-02;3.664198e-02;6.673636e-02;8.973964e-02;3.700511e-02;7.072264e-02;2.552001e-01;4.559997e-02
9.831995e-02;4.137576e-02;8.024316e-02;1.026658e-01;5.312306e-02;4.820833e-02;5.934258e-02;1.362335e-01;7.697646e-02;9.045155e-02;1.856986e-01;2.736127e-02
8.451352e-02;3.351270e-02;8.290407e-02;1.040136e-01;3.990999e-02;6.131572e-02;6.975438e-02;1.477594e-01;7.422920e-02;8.491011e-02;1.829190e-01;3.425837e-02
1.217412e-01;3.816195e-02;7.752396e-02;7.936753e-02;4.545525e-02;5.450107e-02;4.822412e-02;1.280567e-01;4.367666e-02;9.801745e-02;2.251515e-01;4.012266e-02
1.108739e-01;4.619845e-02;5.051683e-02;4.218318e-02;5.634904e-02;5.167403e-02;5.703721e-02;1.138605e-01;5.551128e-02;1.546444e-01;1.995359e-01;6.161522e-02
1.009528e-01;7.244067e-02;5.094972e-02;5.644933e-02;6.601252e-02;7.461181e-02;4.791170e-02;1.047876e-01;6.498023e-02;1.225981e-01;1.502647e-01;8.804079e-02
9.552154e-02;7.930388e-02;6.532390e-02;6.756803e-02;6.114303e-02;7.786730e-02;5.480568e-02;1.022599e-01;8.169917e-02;9.845670e-02;1.082268e-01;1.078240e-01
9.478443e-02;5.248735e-02;1.231891e-01;8.559768e-02;7.066902e-02;5.982431e-02;7.677745e-02;9.876461e-02;1.136912e-01;8.384743e-02;5.028272e-02;9.008474e-02
6.906861e-02;4.915386e-02;1.341702e-01;8.917375e-02;7.968579e-02;5.127664e-02;1.001656e-01;1.045438e-01;1.133698e-01;5.291219e-02;8.779617e-02;6.868359e-02
4.465473e-02;5.060008e-02;1.201693e-01;6.138749e-02;7.772649e-02;5.617063e-02;1.562577e-01;1.266827e-01;8.784752e-02;2.852203e-02;1.498354e-01;4.014590e-02
1.823018e-02;5.952480e-02;7.138710e-02;2.537444e-02;6.278946e-02;7.007253e-02;1.997380e-01;1.260389e-01;5.529118e-02;2.911925e-02;2.300567e-01;5.237753e-02
2.886745e-02;4.480734e-02;4.315737e-02;2.648089e-02;3.984934e-02;7.906560e-02;1.844294e-01;8.981139e-02;3.032869e-02;9.246950e-02;2.718543e-01;6.887873e-02
4.092121e-02;3.060407e-02;4.277863e-02;4.367881e-02;3.306476e-02;7.365282e-02;1.400608e-01;4.426758e-02;4.827846e-02;1.754708e-01;2.577819e-01;6.944016e-02
4.123273e-02;5.034550e-02;5.370240e-02;7.064436e-02;2.565439e-02;7.204922e-02;1.214244e-01;2.435824e-02;5.525402e-02;2.293060e-01;1.933569e-01;6.267186e-02
7.669889e-02;5.130425e-02;4.465478e-02;1.107700e-01;2.021829e-02;6.373523e-02;1.088031e-01;3.314401e-02;3.709073e-02;3.189400e-01;8.219031e-02;5.245042e-02
7.972009e-02;4.717895e-02;3.501185e-02;1.286874e-01;1.509440e-02;6.489914e-02;1.020496e-01;3.474508e-02;1.845720e-02;3.739035e-01;5.362355e-02;4.662921e-02
5.877414e-02;4.096089e-02;2.742675e-02;1.036705e-01;1.584865e-02;8.111680e-02;1.098111e-01;4.188396e-02;3.743881e-02;3.628782e-01;7.808665e-02;4.210348e-02
5.733259e-02;5.800431e-02;2.825886e-02;6.405511e-02;1.821905e-02;1.070002e-01;1.528773e-01;4.148324e-02;4.671710e-02;3.472131e-01;4.088178e-02;3.795735e-02
8.500547e-02;7.746224e-02;3.595678e-02;3.493249e-02;3.179510e-02;1.269124e-01;1.958426e-01;3.157748e-02;5.144528e-02;2.532585e-01;4.774869e-02;2.806298e-02
1.094710e-01;8.211030e-02;3.075338e-02;3.648445e-02;4.747004e-02;1.221491e-01;1.969595e-01;5.717407e-02;6.475172e-02;1.776098e-01;5.230774e-02;2.275883e-02
1.376101e-01;7.559586e-02;4.038378e-02;2.989305e-02;5.445651e-02;1.061315e-01;1.897458e-01;7.167188e-02;6.287637e-02;1.476651e-01;5.559365e-02;2.837645e-02
1.731088e-01;3.485915e-02;5.109056e-02;2.549838e-02;5.469692e-02;8.624233e-02;1.223281e-01;6.669740e-02;3.848337e-02;1.838024e-01;1.201120e-01;4.308070e-02
1.462521e-01;4.538567e-02;5.140413e-02;2.987291e-02;5.205168e-02;6.756364e-02;8.217458e-02;3.498410e-02;5.172063e-02;2.544594e-01;1.250099e-01;5.912136e-02
1.030699e-01;5.494852e-02;4.283419e-02;4.647822e-02;4.684179e-02;7.933851e-02;9.627965e-02;3.327318e-02;6.438935e-02;3.120965e-01;6.131001e-02;5.914015e-02
4.093275e-02;4.284997e-02;4.075768e-02;3.730483e-02;4.071129e-02;7.511679e-02;1.481513e-01;5.185746e-02;6.222416e-02;3.396059e-01;6.605667e-02;5.443121e-02
8.852067e-02;5.502781e-02;3.552948e-02;3.168572e-02;3.945800e-02;7.191975e-02;1.774426e-01;8.309834e-02;4.504458e-02;2.891332e-01;4.273667e-02;4.040323e-02
1.289801e-01;9.347174e-02;4.001948e-02;5.835862e-02;4.462254e-02;8.760335e-02;1.978502e-01;6.429403e-02;5.650475e-02;1.271374e-01;6.800307e-02;3.315472e-02
8.976273e-02;1.302752e-01;1.032893e-01;5.530592e-02;4.279577e-02;4.708713e-02;2.481991e-01;5.078578e-02;8.427297e-02;4.591558e-02;7.342017e-02;2.889025e-02
4.226375e-02;1.148014e-01;1.795990e-01;3.667332e-02;5.029049e-02;2.597389e-02;2.650801e-01;7.350363e-02;7.707814e-02;3.183314e-02;7.666266e-02;2.624045e-02
1.405367e-02;9.080473e-02;1.998845e-01;3.423102e-02;5.583502e-02;3.090875e-02;2.606287e-01;1.099686e-01;6.211077e-02;2.810292e-02;8.500027e-02;2.847117e-02
1.369598e-02;8.337674e-02;1.544501e-01;2.805694e-02;5.584439e-02;3.821546e-02;2.914446e-01;1.485001e-01;4.532224e-02;2.747798e-02;9.119590e-02;2.241948e-02
1.149602e-02;8.404920e-02;7.198317e-02;1.220815e-02;4.797304e-02;4.626730e-02;3.541418e-01;1.550646e-01;6.278959e-02;4.346263e-02;9.654905e-02;1.401552e-02
2.532903e-02;8.716412e-02;3.428951e-02;2.081028e-02;3.666378e-02;5.391001e-02;3.755411e-01;1.163955e-01;6.545269e-02;6.498040e-02;1.042120e-01;1.525160e-02
4.030508e-02;9.635208e-02;3.665671e-02;6.330397e-02;2.682122e-02;8.542144e-02;3.321694e-01;5.433530e-02;4.678940e-02;9.337679e-02;1.026102e-01;2.185845e-02
6.088317e-02;7.871024e-02;4.269642e-02;9.329833e-02;4.395840e-02;1.205821e-01;2.454741e-01;4.807868e-02;4.260088e-02;1.024649e-01;9.992339e-02;2.132941e-02
9.504347e-02;6.640270e-02;2.977175e-02;1.164936e-01;4.808693e-02;1.423223e-01;1.808538e-01;2.428589e-02;5.400127e-02;1.122196e-01;1.069178e-01;2.360082e-02
1.111381e-01;4.686437e-02;2.178911e-02;1.172894e-01;6.580747e-02;1.271666e-01;1.741381e-01;2.479765e-02;3.968770e-02;1.092452e-01;1.208580e-01;4.121836e-02
9.218856e-02;6.686866e-02;6.830186e-02;6.355543e-02;6.162265e-02;8.448271e-02;1.912049e-01;5.525198e-02;5.868269e-02;1.175359e-01;1.012474e-01;3.905730e-02
7.146396e-02;8.711703e-02;9.963325e-02;6.173114e-02;4.372675e-02;6.446591e-02;2.026481e-01;1.047502e-01;5.795186e-02;1.128521e-01;6.472489e-02;2.893486e-02
4.178166e-02;6.924845e-02;9.099579e-02;1.051813e-01;5.159299e-02;7.324505e-02;1.652585e-01;1.216412e-01;5.124780e-02;1.227807e-01;7.781102e-02;2.921553e-02
3.906590e-02;5.129701e-02;9.233094e-02;1.163098e-01;5.886314e-02;9.049984e-02;1.560905e-01;7.988582e-02;7.602992e-02;1.224555e-01;9.328539e-02;2.388624e-02
2.919354e-02;4.790630e-02;8.483803e-02;9.760460e-02;5.824619e-02;8.972609e-02;1.465751e-01;7.766473e-02;1.116738e-01;1.340132e-01;9.326451e-02;2.929396e-02
1.791319e-02;4.626388e-02;6.727239e-02;6.720544e-02;7.296705e-02;7.022338e-02;1.748604e-01;1.155249e-01;1.249440e-01;1.353104e-01;8.364996e-02;2.386501e-02
4.548522e-02;4.411646e-02;7.581918e-02;7.001094e-02;8.826697e-02;9.268377e-02;1.958798e-01;1.010563e-01;8.533454e-02;1.165558e-01;6.458894e-02;2.020198e-02
5.505504e-02;4.695828e-02;8.106486e-02;8.654835e-02;1.254975e-01;1.251944e-01;1.368114e-01;5.865476e-02;1.019511e-01;1.063423e-01;5.484547e-02;2.107643e-02
4.964803e-02;4.930381e-02;8.419479e-02;7.411716e-02;1.195166e-01;1.427734e-01;1.307747e-01;7.948051e-02;7.910251e-02;9.773348e-02;5.287737e-02;4.047753e-02
5.776900e-02;4.858433e-02;1.065218e-01;6.468622e-02;7.967614e-02;1.170744e-01;1.278914e-01;1.158833e-01;7.680791e-02;8.367963e-02;5.328303e-02;6.814285e-02
5.638168e-02;5.122561e-02;1.084984e-01;8.539046e-02;6.883176e-02;8.423994e-02;1.203312e-01;1.268028e-01;7.450546e-02;4.902989e-02;7.985124e-02;9.491152e-02
9.668426e-02;7.763661e-02;1.176664e-01;6.911842e-02;6.180424e-02;6.371547e-02;1.302553e-01;1.056359e-01;8.685958e-02;5.934852e-02;5.953091e-02;7.174443e-02
6.904363e-02;8.394012e-02;1.875736e-01;4.922706e-02;2.053090e-02;2.849808e-02;1.145413e-01;1.087007e-01;7.780538e-02;3.452463e-02;1.164261e-01;1.091885e-01
4.861070e-02;7.263037e-02;2.339692e-01;3.360496e-02;1.959232e-02;1.332354e-02;1.148001e-01;1.184535e-01;5.828801e-02;2.652396e-02;1.364603e-01;1.237431e-01
3.035602e-02;5.856843e-02;2.985545e-01;2.210611e-02;1.501351e-02;1.083667e-02;1.116550e-01;1.228127e-01;4.211532e-02;2.871803e-02;1.251623e-01;1.341014e-01
1.123136e-02;3.824691e-02;3.621319e-01;3.820697e-02;7.634464e-03;1.110546e-02;1.018806e-01;1.493534e-01;2.879286e-02;2.104008e-02;7.424936e-02;1.561267e-01
1.080108e-02;2.595316e-02;4.025417e-01;5.132536e-02;6.936955e-03;1.132232e-02;7.825711e-02;1.686155e-01;2.285808e-02;1.996929e-02;2.301893e-02;1.784005e-01
1.078537e-02;1.676434e-02;4.131286e-01;5.392870e-02;3.895268e-03;1.135374e-02;5.729785e-02;1.734683e-01;2.867576e-02;1.804410e-02;2.225211e-02;1.904059e-01
1.161815e-02;1.607454e-02;4.047312e-01;5.367430e-02;5.676130e-03;1.162271e-02;5.088654e-02;1.750055e-01;3.973322e-02;1.579570e-02;1.848559e-02;1.966965e-01
1.023460e-02;1.471206e-02;4.079810e-01;4.422797e-02;2.642138e-03;1.305164e-02;4.528010e-02;1.958392e-01;3.371059e-02;1.437108e-02;7.003103e-03;2.109464e-01
9.418408e-03;1.165135e-02;3.770191e-01;3.085602e-02;3.367921e-03;1.230831e-02;5.083957e-02;2.236607e-01;3.488863e-02;1.825255e-02;1.624364e-02;2.114938e-01
8.849137e-03;2.734712e-02;3.339629e-01;2.292037e-02;3.992512e-03;1.149291e-02;6.938694e-02;2.453529e-01;2.274811e-02;2.494605e-02;3.521256e-02;1.937886e-01
8.181122e-03;2.574711e-02;3.220394e-01;1.607746e-02;3.998059e-03;1.130051e-02;6.529779e-02;2.794002e-01;3.575695e-02;2.734186e-02;2.013952e-02;1.847200e-01
4.270131e-03;1.640427e-02;3.174385e-01;1.608772e-02;5.781054e-03;1.281846e-02;5.661542e-02;2.971809e-01;4.761539e-02;3.037772e-02;1.829929e-02;1.771112e-01
7.363792e-03;1.720194e-02;2.907417e-01;3.303484e-02;5.303905e-03;2.608207e-02;7.453240e-02;2.760517e-01;7.290784e-02;3.161739e-02;1.556588e-02;1.495965e-01
9.687246e-03;1.496954e-02;2.469143e-01;7.582241e-02;7.861325e-03;5.142714e-02;6.870509e-02;2.447214e-01;1.356707e-01;2.125157e-02;1.287703e-02;1.100922e-01
9.829466e-03;1.017230e-02;1.879916e-01;1.198398e-01;1.740872e-02;6.438413e-02;6.123587e-02;2.232735e-01;2.270863e-01;8.928780e-03;7.800433e-03;6.204913e-02
9.291356e-03;1.126393e-02;1.420195e-01;1.389003e-01;3.041702e-02;5.583899e-02;5.409989e-02;2.008674e-01;3.115927e-01;7.495101e-03;3.803847e-03;3.441001e-02
1.520564e-02;1.380240e-02;1.344093e-01;1.364943e-01;4.572606e-02;3.890646e-02;6.414973e-02;1.405204e-01;3.662963e-01;1.024390e-02;1.151105e-02;2.273448e-02
2.976821e-02;1.185480e-02;1.213815e-01;1.238514e-01;4.293402e-02;2.644392e-02;7.091551e-02;1.005543e-01;4.086238e-01;1.986476e-02;2.412878e-02;1.967908e-02
4.220654e-02;4.948089e-03;1.019436e-01;1.361710e-01;4.164826e-02;1.728302e-02;5.474491e-02;6.874596e-02;4.319091e-01;4.809869e-02;3.102644e-02;2.127434e-02
5.075457e-02;1.942847e-02;8.004577e-02;1.422690e-01;7.319368e-02;3.059491e-02;5.261282e-02;2.881101e-02;3.486681e-01;1.150824e-01;2.915373e-02;2.938563e-02
4.686516e-02;5.004924e-02;6.806099e-02;1.382469e-01;1.467067e-01;3.112098e-02;5.247974e-02;4.066668e-02;1.557016e-01;1.786387e-01;3.072765e-02;6.073578e-02
4.055030e-02;5.572312e-02;1.242964e-01;1.392135e-01;1.667145e-01;3.571766e-02;7.449971e-02;3.736625e-02;4.409498e-02;1.675655e-01;3.218396e-02;8.207410e-02
4.038019e-02;3.273212e-02;1.547856e-01;1.305196e-01;1.142609e-01;5.684220e-02;1.022817e-01;7.339530e-02;7.382171e-02;1.158337e-01;2.278260e-02;8.236439e-02
4.196224e-02;2.006057e-02;1.239770e-01;1.090688e-01;5.288793e-02;5.547769e-02;9.142536e-02;1.463521e-01;1.974294e-01;6.642798e-02;3.692754e-02;5.800330e-02
3.341201e-02;2.859785e-02;9.431689e-02;1.187381e-01;6.339245e-02;3.412175e-02;5.959463e-02;2.082483e-01;2.213928e-01;5.378970e-02;4.698302e-02;3.741250e-02
2.378627e-02;2.943014e-02;1.086861e-01;1.748005e-01;9.071595e-02;3.293766e-02;7.993064e-02;2.235123e-01;1.196174e-01;6.828202e-02;2.948922e-02;1.881180e-02
2.021072e-02;1.942128e-02;8.433273e-02;1.661847e-01;8.544178e-02;3.799259e-02;9.435332e-02;1.942999e-01;1.337717e-01;9.003671e-02;2.163427e-02;5.232022e-02
2.699222e-02;2.475545e-02;8.203858e-02;1.233326e-01;7.274818e-02;3.267031e-02;8.786515e-02;1.430561e-01;1.672834e-01;1.068329e-01;3.085250e-02;1.015726e-01
2.416548e-02;3.441900e-02;9.227609e-02;7.120190e-02;9.276088e-02;2.809471e-02;7.934894e-02;1.253144e-01;1.224051e-01;1.800308e-01;2.679523e-02;1.231875e-01
2.743703e-02;3.758397e-02;7.537731e-02;4.220310e-02;8.809944e-02;4.944910e-02;8.450038e-02;8.416419e-02;2.331644e-01;1.591423e-01;3.112683e-02;8.775190e-02
3.484719e-02;3.939999e-02;9.106834e-02;6.504719e-02;7.809877e-02;6.346379e-02;1.310728e-01;5.771926e-02;2.267659e-01;8.992729e-02;4.815225e-02;7.443726e-02
2.952425e-02;5.506800e-02;1.071757e-01;7.713342e-02;9.386111e-02;6.120095e-02;1.073859e-01;9.544201e-02;1.795006e-01;7.737200e-02;3.822130e-02;7.811477e-02
2.078340e-02;5.936201e-02;7.320229e-02;8.177562e-02;7.937212e-02;4.935285e-02;8.877765e-02;1.290791e-01;1.961890e-01;1.304316e-01;3.482913e-02;5.684527e-02
2.838538e-02;4.056327e-02;8.650691e-02;6.923822e-02;7.550962e-02;4.001348e-02;2.254605e-01;1.072650e-01;1.190359e-01;1.284255e-01;4.090490e-02;3.869133e-02
8.276591e-02;5.257052e-02;2.530459e-01;4.080126e-02;6.812461e-02;5.917548e-02;2.122612e-01;5.573065e-02;4.579434e-02;6.482740e-02;3.231809e-02;3.258455e-02
1.280758e-01;5.488173e-02;3.281458e-01;3.106882e-02;5.628060e-02;7.820936e-02;1.235745e-01;6.970236e-02;3.642930e-02;3.331483e-02;2.780976e-02;3.250720e-02
1.665274e-01;4.686604e-02;3.501768e-01;2.923875e-02;4.744512e-02;1.212241e-01;7.238240e-02;6.886248e-02;2.931081e-02;1.480602e-02;1.805119e-02;3.510892e-02
1.505510e-01;4.257112e-02;3.007304e-01;7.934060e-02;6.642463e-02;1.625487e-01;5.271912e-02;5.037976e-02;2.439942e-02;1.926395e-02;1.295697e-02;3.811435e-02
1.191414e-01;3.856926e-02;2.078146e-01;1.674228e-01;8.571888e-02;1.674405e-01;5.429908e-02;4.029945e-02;2.069692e-02;3.158816e-02;2.311670e-02;4.389235e-02
1.041016e-01;3.877473e-02;1.366010e-01;2.476698e-01;1.007582e-01;1.205246e-01;5.517890e-02;3.433619e-02;3.030686e-02;4.844413e-02;3.947636e-02;4.382770e-02
9.521148e-02;6.280459e-02;1.645963e-01;2.299522e-01;7.451966e-02;7.212450e-02;6.401350e-02;3.303646e-02;5.006992e-02;6.430932e-02;4.691014e-02;4.245196e-02
1.212457e-01;5.135588e-02;2.042784e-01;1.274721e-01;8.672859e-02;1.283821e-01;6.418206e-02;3.477938e-02;4.805251e-02;5.708785e-02;4.180438e-02;3.463100e-02
1.315794e-01;3.516473e-02;2.094484e-01;1.369783e-01;9.414935e-02;1.224949e-01;6.885920e-02;4.776756e-02;3.695562e-02;3.660648e-02;4.133669e-02;3.865928e-02
1.162485e-01;3.188307e-02;2.415490e-01;1.501946e-01;7.012320e-02;6.192875e-02;1.028735e-01;6.970152e-02;2.757324e-02;3.987780e-02;2.833971e-02;5.970718e-02
1.109785e-01;2.944918e-02;2.163253e-01;1.530355e-01;4.987289e-02;6.718602e-02;1.107711e-01;6.365849e-02;6.193326e-02;5.200250e-02;2.737262e-02;5.741459e-02
5.993606e-02;3.487480e-02;1.155232e-01;8.723202e-02;8.135394e-02;1.058722e-01;6.004911e-02;1.327571e-01;1.607309e-01;7.462059e-02;4.740086e-02;3.964925e-02
3.579294e-02;3.113470e-02;1.040685e-01;5.994809e-02;7.132676e-02;1.080849e-01;6.582119e-02;1.518463e-01;2.078426e-01;8.038590e-02;4.887234e-02;3.487578e-02
5.123557e-02;4.960180e-02;1.522437e-01;3.035247e-02;6.945200e-02;7.539650e-02;1.066599e-01;1.292085e-01;1.811658e-01;6.972431e-02;5.252916e-02;3.243029e-02
1.680767e-01;1.096167e-01;1.732967e-01;3.403828e-02;8.770014e-02;4.256403e-02;9.974603e-02;9.601819e-02;7.817135e-02;4.147201e-02;3.855173e-02;3.074814e-02
2.667142e-01;1.585651e-01;1.188446e-01;5.189874e-02;6.167864e-02;6.522992e-02;5.709355e-02;7.853538e-02;5.049584e-02;3.261799e-02;1.617363e-02;4.215252e-02
2.719527e-01;1.527496e-01;1.216706e-01;6.004767e-02;3.268485e-02;9.044515e-02;4.529092e-02;8.357063e-02;5.605053e-02;3.484586e-02;9.304059e-03;4.138751e-02
2.207930e-01;1.068780e-01;1.202319e-01;5.406033e-02;2.348500e-02;9.843116e-02;1.014540e-01;1.252325e-01;5.270180e-02;3.511371e-02;8.735804e-03;5.288289e-02
1.430694e-01;8.200273e-02;6.179226e-02;7.429241e-02;1.679885e-02;6.160759e-02;2.346135e-01;1.634005e-01;2.468821e-02;3.017962e-02;8.927559e-03;9.862734e-02
7.877555e-02;9.256586e-02;1.741916e-02;7.453186e-02;1.236965e-02;2.944776e-02;3.402660e-01;1.735119e-01;8.703110e-03;1.957206e-02;2.139882e-02;1.314383e-01
3.559014e-02;6.049311e-02;3.199444e-02;5.349312e-02;2.890125e-02;4.718948e-02;3.502840e-01;1.609904e-01;2.424292e-02;1.300207e-02;5.561691e-02;1.382022e-01
3.184986e-02;3.441332e-02;6.983678e-02;2.754469e-02;5.019017e-02;9.622581e-02;2.509119e-01;1.057401e-01;4.442844e-02;1.446639e-02;1.518859e-01;1.225067e-01
3.058892e-02;2.184300e-02;1.155158e-01;1.286745e-02;4.998824e-02;1.474938e-01;1.057076e-01;4.330492e-02;5.979768e-02;1.776301e-02;3.189838e-01;7.614575e-02
1.371350e-02;1.771652e-02;1.197901e-01;1.014484e-02;5.125481e-02;1.658018e-01;7.415481e-02;1.111894e-02;7.111510e-02;1.565081e-02;3.982090e-01;5.132972e-02
2.040961e-02;1.909165e-02;8.781093e-02;2.233012e-02;8.183359e-02;1.645523e-01;6.043795e-02;2.538284e-02;8.154529e-02;3.402055e-02;3.450731e-01;5.751213e-02
3.886924e-02;2.786764e-02;7.419840e-02;3.982523e-02;9.238806e-02;1.686737e-01;9.913982e-02;3.913945e-02;9.393852e-02;5.306667e-02;2.097783e-01;6.311495e-02
5.377660e-02;2.757343e-02;9.658515e-02;3.507493e-02;6.702010e-02;2.065551e-01;1.330648e-01;6.675808e-02;1.073187e-01;5.316088e-02;9.194575e-02;6.116648e-02
4.484595e-02;1.601974e-02;7.581022e-02;2.511820e-02;7.102501e-02;1.376506e-01;2.023894e-01;8.237112e-02;9.734488e-02;3.394347e-02;1.215777e-01;9.190363e-02
3.641921e-02;2.418502e-02;6.525755e-02;3.236668e-02;8.402203e-02;1.120905e-01;1.947079e-01;7.702186e-02;9.127732e-02;5.773994e-02;1.388106e-01;8.610133e-02
2.581783e-02;2.650575e-02;8.505423e-02;3.644397e-02;8.378068e-02;1.401561e-01;1.243637e-01;5.310394e-02;9.482411e-02;7.898322e-02;1.950027e-01;5.596374e-02
2.865798e-02;3.540692e-02;8.828580e-02;3.356349e-02;7.472708e-02;1.329297e-01;8.937532e-02;3.850431e-02;7.708269e-02;7.948382e-02;2.509588e-01;7.102409e-02
5.436886e-02;4.983703e-02;8.896743e-02;3.973557e-02;8.033977e-02;8.698171e-02;7.093690e-02;4.499186e-02;7.253315e-02;6.490449e-02;2.776203e-01;6.878289e-02
6.093206e-02;3.772208e-02;8.765061e-02;3.538044e-02;8.869292e-02;3.126486e-02;7.217513e-02;4.719006e-02;9.101945e-02;8.217747e-02;2.982206e-01;6.757434e-02
3.272771e-02;5.116935e-02;9.346411e-02;3.385493e-02;7.110630e-02;6.041963e-02;6.542944e-02;3.943276e-02;1.144919e-01;5.415356e-02;3.209829e-01;6.276740e-02
3.056007e-02;5.650220e-02;7.768943e-02;2.645220e-02;5.106309e-02;6.801968e-02;7.045716e-02;3.632604e-02;1.030596e-01;3.341096e-02;3.680947e-01;7.836487e-02
3.573665e-02;3.632148e-02;6.193702e-02;4.260558e-02;6.201881e-02;6.099200e-02;6.518295e-02;3.842537e-02;9.577619e-02;7.508554e-02;3.363053e-01;8.961314e-02
4.916655e-02;2.359305e-02;7.982823e-02;6.262253e-02;9.204181e-02;7.570604e-02;1.128292e-01;3.865209e-02;1.180524e-01;8.642302e-02;2.006313e-01;6.045383e-02
5.628222e-02;2.708533e-02;1.263091e-01;7.249404e-02;8.924543e-02;7.535851e-02;1.253678e-01;3.912396e-02;1.123027e-01;7.532623e-02;1.514511e-01;4.965365e-02
5.890144e-02;7.209256e-02;1.380225e-01;1.046178e-01;5.274906e-02;9.430532e-02;1.058388e-01;4.604788e-02;1.180530e-01;4.271825e-02;1.128449e-01;5.380843e-02
1.308363e-01;8.375695e-02;1.570733e-01;9.249096e-02;2.730604e-02;3.450082e-02;8.927608e-02;1.366475e-01;1.168950e-01;4.352897e-02;3.553696e-02;5.215110e-02
1.959473e-01;7.269551e-02;1.228913e-01;6.644293e-02;3.367963e-02;1.132648e-02;9.921253e-02;1.903702e-01;7.636330e-02;2.162663e-02;3.690542e-02;7.253867e-02
2.941950e-01;6.067630e-02;6.350594e-02;4.156461e-02;2.803930e-02;1.083694e-02;9.474433e-02;2.221823e-01;4.381133e-02;1.720911e-02;2.937366e-02;9.386123e-02
3.829214e-01;9.406352e-02;3.876850e-02;1.644748e-02;1.130575e-02;4.457438e-03;5.167215e-02;1.799514e-01;1.022053e-01;8.443296e-03;1.811760e-02;9.164616e-02
3.809990e-01;1.459652e-01;5.029878e-02;7.484236e-03;7.448546e-03;3.250405e-03;1.639272e-02;9.719384e-02;1.944018e-01;8.604579e-03;1.214423e-02;7.581669e-02
2.640859e-01;1.791272e-01;6.272803e-02;9.991472e-03;5.827698e-03;7.772277e-03;9.522574e-03;6.089083e-02;3.199951e-01;1.691269e-02;9.150050e-03;5.399617e-02
1.264540e-01;1.798621e-01;8.974827e-02;9.740739e-03;5.466992e-03;7.502587e-03;1.066634e-02;1.135498e-01;4.150566e-01;6.078016e-03;1.378749e-02;2.208714e-02
1.026877e-01;1.568248e-01;9.317021e-02;1.357878e-02;4.666856e-03;1.717595e-02;1.725506e-02;1.146241e-01;4.431785e-01;1.055621e-02;1.261422e-02;1.366762e-02
1.378056e-01;1.410540e-01;1.204077e-01;2.011535e-02;5.168536e-03;2.660748e-02;1.223799e-02;5.987978e-02;4.432477e-01;1.093240e-02;4.720456e-03;1.782306e-02
1.504010e-01;1.287288e-01;1.373926e-01;2.178643e-02;7.499154e-03;3.604329e-02;8.891172e-03;4.011530e-02;4.190454e-01;2.312184e-02;7.144853e-03;1.983011e-02
1.379638e-01;9.977397e-02;1.333784e-01;1.905936e-02;1.667426e-02;4.778978e-02;3.080586e-02;3.924296e-02;3.741614e-01;6.566062e-02;1.531536e-02;2.017427e-02
1.256645e-01;5.389227e-02;2.034249e-01;1.526485e-02;4.115479e-02;5.292551e-02;4.364744e-02;2.407477e-02;2.945973e-01;9.567245e-02;2.479442e-02;2.488682e-02
1.278211e-01;5.453404e-02;3.094487e-01;2.398783e-02;4.903159e-02;3.208098e-02;3.564944e-02;5.979449e-02;1.956301e-01;6.581877e-02;2.519789e-02;2.100512e-02
1.260511e-01;5.120176e-02;2.809056e-01;3.616897e-02;4.198763e-02;2.784123e-02;5.037419e-02;6.408530e-02;2.087555e-01;4.159840e-02;4.110033e-02;2.992998e-02
1.193316e-01;4.255842e-02;2.156258e-01;4.038601e-02;4.211834e-02;3.734556e-02;7.499710e-02;9.729832e-02;2.232774e-01;3.349926e-02;4.539274e-02;2.816951e-02
1.405283e-01;7.719646e-02;1.938173e-01;3.384991e-02;3.819159e-02;4.505259e-02;5.904504e-02;1.577674e-01;1.652701e-01;3.462294e-02;3.117718e-02;2.348106e-02
1.756120e-01;1.141635e-01;1.435218e-01;5.781065e-02;3.148470e-02;4.751707e-02;5.431770e-02;1.919751e-01;8.342049e-02;4.781419e-02;2.073667e-02;3.162606e-02
1.597258e-01;1.179842e-01;8.430632e-02;6.033187e-02;3.901301e-02;4.400921e-02;7.081286e-02;1.512729e-01;1.825188e-01;3.586821e-02;1.724866e-02;3.690821e-02
1.935108e-01;1.238597e-01;8.971132e-02;6.610793e-02;4.140390e-02;5.305653e-02;7.784897e-02;8.111233e-02;1.483086e-01;4.819055e-02;3.211128e-02;4.477815e-02
1.845949e-01;1.071074e-01;1.040079e-01;8.723331e-02;6.539691e-02;6.455699e-02;6.026204e-02;6.587569e-02;1.311845e-01;4.053268e-02;6.744269e-02;2.180504e-02
1.013695e-01;4.638513e-02;1.224239e-01;1.155215e-01;8.738261e-02;8.295649e-02;1.316681e-01;7.693160e-02;8.713497e-02;5.515510e-02;5.129654e-02;4.177460e-02
1.722541e-01;9.899740e-02;1.582283e-01;8.680072e-02;6.256932e-02;5.353563e-02;1.271268e-01;6.409092e-02;4.062426e-02;5.564947e-02;4.334716e-02;3.677603e-02
2.736864e-01;1.485403e-01;1.469964e-01;4.990076e-02;5.720294e-02;2.826238e-02;6.279526e-02;1.004367e-01;4.218782e-02;3.671305e-02;2.242945e-02;3.084854e-02
3.158158e-01;1.333624e-01;1.091548e-01;2.673568e-02;6.261192e-02;1.170186e-02;6.834783e-02;1.450884e-01;4.020726e-02;2.299477e-02;1.187925e-02;5.210010e-02
2.500821e-01;7.085858e-02;6.239451e-02;5.533611e-02;6.384364e-02;1.575384e-02;1.756905e-01;1.468667e-01;3.833323e-02;2.217158e-02;7.360552e-03;9.130862e-02
1.359485e-01;1.463499e-02;4.203786e-02;8.102047e-02;4.981573e-02;4.136936e-02;3.267595e-01;1.176908e-01;2.795318e-02;1.982008e-02;3.407100e-02;1.088786e-01
5.850613e-02;1.820059e-02;6.326565e-02;4.577957e-02;2.899044e-02;1.186126e-01;3.649287e-01;1.013340e-01;4.190809e-02;1.713037e-02;8.627730e-02;5.506650e-02
1.922689e-02;1.844748e-02;1.070441e-01;1.244005e-02;2.192425e-02;2.364255e-01;2.475361e-01;6.076434e-02;5.610892e-02;3.299646e-02;1.590558e-01;2.803008e-02
2.082114e-02;1.831028e-02;1.024368e-01;1.321121e-02;4.123784e-02;3.120615e-01;1.209200e-01;3.244913e-02;3.469837e-02;5.867901e-02;2.230744e-01;2.210034e-02
1.236921e-02;4.319521e-02;6.220145e-02;1.424566e-02;1.007183e-01;2.889031e-01;4.745477e-02;5.615407e-02;1.885343e-02;1.139568e-01;2.305082e-01;1.143987e-02
1.207096e-02;7.308469e-02;2.224950e-02;2.617368e-02;1.976345e-01;1.736009e-01;2.327095e-02;8.433591e-02;2.872961e-02;2.021904e-01;1.476132e-01;9.045740e-03
1.490067e-02;7.516805e-02;1.249212e-02;4.077069e-02;2.582729e-01;8.983567e-02;2.606437e-02;7.045411e-02;6.407083e-02;2.759174e-01;6.061734e-02;1.143586e-02
3.883004e-02;5.365336e-02;2.475878e-02;7.494800e-02;2.184764e-01;4.742425e-02;3.061202e-02;4.514911e-02;1.077316e-01;3.106012e-01;3.194665e-02;1.586860e-02
8.640882e-02;2.564455e-02;3.583213e-02;1.729748e-01;1.085697e-01;2.235051e-02;2.592623e-02;3.035394e-02;1.760104e-01;2.866012e-01;1.947976e-02;9.847926e-03
1.386573e-01;1.451624e-02;3.333396e-02;2.475404e-01;9.046600e-02;2.582960e-02;2.626102e-02;1.653537e-02;2.224113e-01;1.562153e-01;1.987461e-02;8.358836e-03
2.116341e-01;1.874419e-02;2.526928e-02;2.488146e-01;8.255557e-02;2.840134e-02;2.369140e-02;1.909272e-02;2.559854e-01;5.702662e-02;1.496868e-02;1.381608e-02
2.598287e-01;1.841297e-02;4.656773e-02;1.868930e-01;4.791750e-02;1.737665e-02;2.812276e-02;1.763113e-02;2.788863e-01;5.310990e-02;1.359539e-02;3.165793e-02
2.496116e-01;1.644905e-02;4.645947e-02;1.492828e-01;5.359834e-02;2.707540e-02;2.413116e-02;1.969764e-02;3.124574e-01;3.168710e-02;2.410798e-02;4.544208e-02
1.967749e-01;1.092222e-02;5.564625e-02;1.348739e-01;4.745524e-02;2.198093e-02;2.184514e-02;3.560398e-02;3.518464e-01;6.113942e-02;2.629890e-02;3.561268e-02
1.479871e-01;8.685994e-03;9.124020e-02;1.321835e-01;3.236943e-02;2.101197e-02;2.059093e-02;4.458863e-02;3.929396e-01;6.269848e-02;2.461042e-02;2.109373e-02
1.038876e-01;1.299650e-02;1.333251e-01;1.320555e-01;4.524143e-02;1.651272e-02;2.416227e-02;6.530298e-02;3.587075e-01;6.388153e-02;2.068987e-02;2.323711e-02
6.781403e-02;9.198485e-03;1.771821e-01;1.192114e-01;6.002538e-02;2.307850e-02;4.131230e-02;1.124651e-01;2.898780e-01;5.329065e-02;1.817619e-02;2.836787e-02
3.787586e-02;1.244340e-02;2.374818e-01;8.376636e-02;5.150307e-02;3.135861e-02;5.890143e-02;1.699989e-01;2.244576e-01;3.284300e-02;1.029929e-02;4.907071e-02
3.414030e-02;1.629275e-02;3.029951e-01;7.732883e-02;3.780965e-02;3.131489e-02;5.916209e-02;2.285611e-01;1.070467e-01;2.292083e-02;1.288033e-02;6.954742e-02
2.147246e-02;1.337897e-02;3.075742e-01;6.982609e-02;2.577797e-02;2.419978e-02;7.405491e-02;2.579243e-01;1.008483e-01;1.742258e-02;1.415968e-02;7.336084e-02
1.133417e-02;1.342140e-02;3.265755e-01;5.418723e-02;1.426428e-02;2.481653e-02;8.445264e-02;2.863519e-01;8.090460e-02;2.285688e-02;1.078063e-02;7.005417e-02
1.588831e-02;2.260720e-02;3.175300e-01;4.980113e-02;1.190768e-02;2.685067e-02;1.037780e-01;2.920980e-01;5.675631e-02;2.855217e-02;1.316088e-02;6.106967e-02
2.549521e-02;4.252284e-02;2.617213e-01;4.973803e-02;1.644115e-02;2.216035e-02;1.604326e-01;2.607391e-01;7.690414e-02;3.069416e-02;7.670946e-03;4.548023e-02
4.166251e-02;7.564126e-02;1.597155e-01;5.105825e-02;2.827147e-02;2.320756e-02;2.622510e-01;2.162057e-01;6.085791e-02;3.019511e-02;1.744347e-02;3.349014e-02
5.491193e-02;1.022402e-01;9.227566e-02;4.407006e-02;4.040125e-02;4.366898e-02;3.705417e-01;8.013412e-02;6.612948e-02;3.849720e-02;4.194830e-02;2.518112e-02
5.571271e-02;7.048707e-02;1.573191e-01;1.848890e-02;3.787316e-02;3.976536e-02;3.268123e-01;1.295907e-01;6.611650e-02;3.404741e-02;4.915262e-02;1.463426e-02
6.722316e-02;2.468286e-02;1.665821e-01;3.045623e-02;5.092771e-02;5.202153e-02;2.631929e-01;1.943695e-01;5.126157e-02;3.571575e-02;4.776708e-02;1.579959e-02
6.408039e-02;2.329035e-02;1.705255e-01;4.925843e-02;6.809393e-02;5.733410e-02;1.762936e-01;1.868745e-01;1.208650e-01;2.530723e-02;4.257923e-02;1.549780e-02
5.713966e-02;2.090320e-02;1.954132e-01;5.289164e-02;7.502002e-02;3.897103e-02;1.206142e-01;1.794006e-01;1.779799e-01;2.581370e-02;3.425570e-02;2.159704e-02
6.623822e-02;3.482466e-02;2.409972e-01;7.480799e-02;6.935435e-02;4.992517e-02;1.047499e-01;1.480466e-01;7.748232e-02;4.686479e-02;4.431289e-02;4.239604e-02
5.512041e-02;4.721208e-02;2.107146e-01;5.571196e-02;4.547186e-02;5.517752e-02;1.095350e-01;1.281145e-01;1.573737e-01;4.016915e-02;4.953886e-02;4.586032e-02
5.401706e-02;4.289543e-02;1.528590e-01;4.439758e-02;4.301756e-02;6.546089e-02;8.436750e-02;1.474890e-01;1.941170e-01;7.324842e-02;6.009991e-02;3.803062e-02
8.402610e-02;3.705629e-02;1.179780e-01;5.037700e-02;8.689266e-02;8.148599e-02;1.004798e-01;1.435694e-01;8.582085e-02;1.156821e-01;5.960406e-02;3.702771e-02
7.644979e-02;3.833479e-02;1.232869e-01;4.952915e-02;6.594175e-02;8.181130e-02;1.579590e-01;1.317515e-01;1.053259e-01;8.033060e-02;4.023004e-02;4.904936e-02
