1.159624e-01;6.366722e-02;8.814722e-02;3.190856e-02;5.605073e-02;4.598147e-02;1.044385e-01;6.753357e-02;8.027346e-02;1.064817e-01;1.499632e-01;8.959197e-02
7.664649e-02;8.171608e-02;1.069717e-01;4.623197e-02;3.985725e-02;6.038731e-02;1.220991e-01;6.033763e-02;1.009681e-01;1.171325e-01;8.705080e-02;1.006011e-01
7.804599e-02;8.924408e-02;1.383977e-01;5.990483e-02;5.603231e-02;6.292770e-02;8.074641e-02;6.015482e-02;9.988496e-02;1.295909e-01;7.277065e-02;7.229964e-02
7.514319e-02;7.106555e-02;1.615604e-01;7.298735e-02;6.957384e-02;7.556672e-02;9.925856e-02;7.442106e-02;7.956990e-02;1.044748e-01;4.088236e-02;7.549632e-02
1.114705e-01;7.770285e-02;8.897778e-02;7.736988e-02;4.441902e-02;7.052635e-02;7.156321e-02;6.690183e-02;1.459243e-01;7.882679e-02;6.414659e-02;1.021710e-01
1.517052e-01;4.539166e-02;6.542395e-02;8.047259e-02;6.189258e-02;5.907607e-02;7.416786e-02;6.177514e-02;1.562039e-01;9.673365e-02;4.191774e-02;1.052397e-01
1.714358e-01;3.484333e-02;4.374031e-02;6.820522e-02;7.169434e-02;4.752885e-02;7.645614e-02;7.254839e-02;1.321405e-01;9.466209e-02;1.074068e-01;7.933822e-02
1.589077e-01;7.864507e-02;3.055714e-02;5.851667e-02;6.922084e-02;4.765435e-02;6.992876e-02;6.584840e-02;1.392195e-01;8.311067e-02;1.672951e-01;3.109586e-02
6.589835e-02;1.153980e-01;4.270541e-02;7.687358e-02;4.440611e-02;6.809861e-02;4.237190e-02;4.963491e-02;1.929584e-01;4.789443e-02;1.535477e-01;1.002127e-01
5.146193e-02;1.227349e-01;4.335855e-02;9.156641e-02;4.015331e-02;6.694188e-02;5.121681e-02;6.159040e-02;1.851867e-01;4.861715e-02;1.372678e-01;9.990416e-02
5.433301e-02;9.683001e-02;7.314421e-02;7.358591e-02;4.397589e-02;6.349204e-02;6.532355e-02;5.660094e-02;1.500717e-01;8.537468e-02;1.135048e-01;1.237633e-01
4.689356e-02;5.385966e-02;1.168643e-01;5.476521e-02;5.651247e-02;6.191370e-02;7.630818e-02;4.547692e-02;1.414046e-01;1.146810e-01;9.275328e-02;1.385670e-01
6.369244e-02;4.490284e-02;1.264257e-01;5.063981e-02;6.894826e-02;6.461348e-02;9.774588e-02;6.126901e-02;7.412110e-02;1.292536e-01;1.159778e-01;1.024101e-01
5.911539e-02;7.029396e-02;1.361569e-01;5.336095e-02;7.267001e-02;5.774371e-02;9.385059e-02;8.849723e-02;9.024535e-02;9.903391e-02;1.331190e-01;4.591297e-02
5.098060e-02;8.549718e-02;1.352574e-01;4.680176e-02;5.811148e-02;4.576845e-02;9.144393e-02;6.822547e-02;1.229802e-01;9.959104e-02;1.414743e-01;5.386827e-02
5.498427e-02;5.968421e-02;9.796426e-02;6.226135e-02;4.469214e-02;4.827124e-02;1.038187e-01;4.576249e-02;1.337007e-01;1.194868e-01;1.785402e-01;5.083362e-02
3.817140e-02;5.858542e-02;1.085641e-01;9.921116e-02;3.632637e-02;4.804095e-02;9.606111e-02;8.089322e-02;1.024474e-01;1.031663e-01;1.896770e-01;3.885558e-02
7.939136e-02;6.209705e-02;8.527119e-02;1.228831e-01;4.763389e-02;4.736345e-02;8.251939e-02;7.839544e-02;7.179917e-02;7.826807e-02;1.777180e-01;6.665991e-02
9.773548e-02;8.120739e-02;8.842415e-02;6.618403e-02;6.898797e-02;4.521533e-02;7.667220e-02;5.613609e-02;7.916791e-02;9.954412e-02;1.582855e-01;8.243982e-02
9.719568e-02;7.672463e-02;8.327326e-02;6.196699e-02;6.118551e-02;6.336407e-02;8.493108e-02;6.888565e-02;7.884689e-02;1.005017e-01;1.147392e-01;1.083853e-01
9.173249e-02;7.178448e-02;8.149825e-02;7.213074e-02;6.756244e-02;6.445652e-02;8.569308e-02;7.479732e-02;6.651624e-02;9.624810e-02;1.068550e-01;1.207253e-01
8.971577e-02;5.268328e-02;1.083651e-01;8.420612e-02;9.224790e-02;6.183643e-02;8.187187e-02;5.797240e-02;7.179998e-02;9.150259e-02;7.964503e-02;1.281536e-01
9.003998e-02;4.225851e-02;1.659844e-01;9.141243e-02;1.055971e-01;5.592652e-02;9.060177e-02;8.268553e-02;8.172488e-02;5.573254e-02;6.884526e-02;6.919099e-02
6.404332e-02;5.242787e-02;1.843418e-01;8.567013e-02;1.059844e-01;2.788831e-02;1.310022e-01;1.329845e-01;5.654243e-02;2.728423e-02;1.016680e-01;3.016276e-02
3.274427e-02;5.596177e-02;1.642190e-01;6.888676e-02;1.116409e-01;1.714017e-02;1.643993e-01;1.742566e-01;2.047015e-02;1.520098e-02;1.425955e-01;3.248463e-02
3.307363e-02;5.534836e-02;1.170510e-01;5.940835e-02;1.104899e-01;1.153841e-02;1.827164e-01;1.806348e-01;1.826158e-02;1.729045e-02;1.556120e-01;5.857511e-02
3.182129e-02;4.631765e-02;9.785727e-02;6.792787e-02;9.499003e-02;1.574981e-02;1.981488e-01;1.799312e-01;2.650105e-02;2.393871e-02;1.533156e-01;6.350071e-02
2.732477e-02;4.561421e-02;1.269351e-01;6.813841e-02;5.590276e-02;2.024215e-02;2.032109e-01;1.967692e-01;2.804285e-02;5.032213e-02;1.180950e-01;5.940257e-02
2.353584e-02;5.692875e-02;1.566885e-01;5.313521e-02;4.851686e-02;2.313418e-02;2.086926e-01;1.913596e-01;2.072401e-02;6.754728e-02;7.169858e-02;7.803864e-02
2.255872e-02;6.594346e-02;1.972795e-01;3.913210e-02;3.324662e-02;2.467037e-02;1.926416e-01;1.743374e-01;2.570276e-02;8.407434e-02;3.608499e-02;1.043282e-01
4.261179e-02;9.106710e-02;2.077995e-01;2.196842e-02;1.898403e-02;3.149417e-02;1.704500e-01;1.362424e-01;2.734449e-02;7.957501e-02;6.894088e-02;1.035223e-01
4.721412e-02;9.531851e-02;2.261180e-01;1.723624e-02;2.439957e-02;4.005806e-02;1.574160e-01;1.144444e-01;3.432253e-02;5.992494e-02;9.078615e-02;9.276156e-02
4.513473e-02;9.354062e-02;2.395925e-01;3.251349e-02;3.311210e-02;4.073177e-02;1.410601e-01;1.189757e-01;5.374128e-02;5.006169e-02;7.787299e-02;7.366294e-02
7.828225e-02;9.553592e-02;2.028127e-01;3.727694e-02;4.923294e-02;3.941631e-02;1.284842e-01;1.341095e-01;6.133305e-02;5.519829e-02;5.320535e-02;6.511255e-02
6.874167e-02;5.085215e-02;1.286023e-01;3.559053e-02;5.238905e-02;6.002616e-02;1.325126e-01;2.007718e-01;6.742219e-02;6.506567e-02;8.425598e-02;5.376991e-02
2.846246e-02;3.460060e-02;7.659261e-02;3.719526e-02;5.285720e-02;5.608520e-02;1.582363e-01;2.357401e-01;9.692907e-02;1.000106e-01;8.273572e-02;4.055499e-02
2.223142e-02;2.454127e-02;6.453525e-02;4.942179e-02;6.726866e-02;7.318277e-02;1.796016e-01;2.055602e-01;1.133694e-01;1.033946e-01;6.550258e-02;3.139050e-02
2.986339e-02;3.034950e-02;3.810994e-02;4.770351e-02;5.176840e-02;6.717369e-02;1.529902e-01;2.730682e-01;1.044854e-01;1.137538e-01;7.103321e-02;1.970080e-02
3.323425e-02;3.420431e-02;4.963021e-02;4.415524e-02;5.244681e-02;3.736259e-02;9.550349e-02;3.352814e-01;8.933961e-02;1.212536e-01;6.837630e-02;3.921212e-02
3.808717e-02;3.576684e-02;5.074400e-02;5.126233e-02;7.825956e-02;5.867427e-02;9.010758e-02;2.093292e-01;1.389175e-01;1.619334e-01;4.832902e-02;3.858909e-02
5.160680e-02;5.148195e-02;6.504363e-02;5.241345e-02;9.969055e-02;7.667514e-02;9.428569e-02;9.038382e-02;1.267953e-01;2.155849e-01;4.704339e-02;2.899531e-02
5.323000e-02;4.688161e-02;7.881466e-02;6.880009e-02;9.205499e-02;1.360721e-01;1.226723e-01;8.861025e-02;7.161729e-02;1.204679e-01;7.132672e-02;4.945209e-02
4.041760e-02;3.593425e-02;5.207170e-02;8.208252e-02;8.049118e-02;2.526245e-01;8.471372e-02;6.866119e-02;6.182805e-02;8.275405e-02;8.428426e-02;7.413691e-02
4.378609e-02;3.216961e-02;8.975472e-02;7.041720e-02;9.614470e-02;1.956839e-01;1.320976e-01;5.920787e-02;6.232918e-02;1.012777e-01;5.887906e-02;5.825242e-02
5.592674e-02;3.465610e-02;1.606324e-01;6.774887e-02;7.693681e-02;7.264947e-02;1.995012e-01;6.784329e-02;7.109031e-02;9.825673e-02;5.649953e-02;3.825851e-02
4.519585e-02;5.435933e-02;1.823117e-01;6.078028e-02;8.945880e-02;3.648931e-02;2.521899e-01;7.883310e-02;5.233163e-02;6.177603e-02;5.479961e-02;3.147448e-02
1.553381e-02;8.711323e-02;1.723969e-01;5.003910e-02;1.395412e-01;2.297778e-02;3.101720e-01;6.933008e-02;2.515440e-02;2.357973e-02;5.958110e-02;2.458060e-02
2.930525e-02;1.183322e-01;1.286566e-01;3.718415e-02;1.884233e-01;2.576069e-02;3.072405e-01;4.600183e-02;1.341012e-02;1.417015e-02;7.841358e-02;1.310174e-02
2.015196e-02;1.285266e-01;1.259281e-01;2.791951e-02;2.056509e-01;2.171274e-02;3.007942e-01;4.535677e-02;9.437628e-03;1.074489e-02;9.508916e-02;8.687620e-03
3.165719e-02;1.114657e-01;1.334293e-01;3.040408e-02;1.746225e-01;4.428622e-02;2.739342e-01;5.928962e-02;1.551395e-02;1.907944e-02;9.055018e-02;1.576777e-02
2.555412e-02;7.454511e-02;2.014758e-01;4.514336e-02;1.123427e-01;7.197610e-02;2.205280e-01;9.932430e-02;2.431657e-02;2.939302e-02;6.227200e-02;3.312888e-02
1.833962e-02;3.876482e-02;2.619016e-01;5.423678e-02;6.613841e-02;8.785595e-02;1.623110e-01;1.198355e-01;6.408007e-02;4.504997e-02;2.735987e-02;5.412653e-02
2.841467e-02;3.807395e-02;2.459362e-01;8.781391e-02;7.135067e-02;9.304287e-02;1.061612e-01;8.912589e-02;1.173397e-01;4.904782e-02;2.640932e-02;4.728378e-02
6.342547e-02;2.881598e-02;1.671241e-01;1.680131e-01;7.552817e-02;5.410108e-02;7.613476e-02;6.180725e-02;1.706722e-01;5.875178e-02;4.327190e-02;3.235423e-02
8.705053e-02;2.053376e-02;1.256510e-01;1.740999e-01;6.711629e-02;5.371809e-02;1.170499e-01;5.454721e-02;1.571460e-01;7.093481e-02;4.571102e-02;2.644147e-02
7.337346e-02;2.623748e-02;1.104464e-01;1.323385e-01;9.900735e-02;1.227308e-01;1.148911e-01;3.318004e-02;1.121758e-01;9.654057e-02;4.240408e-02;3.667437e-02
3.784738e-02;4.282163e-02;6.762446e-02;8.438686e-02;1.675434e-01;1.443256e-01;6.467938e-02;2.521719e-02;8.262955e-02;1.745067e-01;3.550780e-02;7.291017e-02
1.668196e-02;7.472347e-02;2.670510e-02;4.785429e-02;1.898143e-01;7.988944e-02;4.739360e-02;6.186764e-02;8.249731e-02;2.191166e-01;3.373666e-02;1.197196e-01
9.399522e-03;8.216020e-02;2.368568e-02;3.713844e-02;1.618258e-01;6.114218e-02;5.003295e-02;1.161386e-01;8.257176e-02;2.047214e-01;4.975645e-02;1.214271e-01
1.147937e-02;5.607843e-02;2.120402e-02;5.274270e-02;1.236649e-01;7.580762e-02;1.014627e-01;1.311310e-01;5.828005e-02;1.685722e-01;8.286853e-02;1.167085e-01
1.372225e-02;4.603828e-02;1.880099e-02;5.409410e-02;1.077821e-01;7.994311e-02;1.602296e-01;9.937529e-02;4.091946e-02;1.694689e-01;9.939637e-02;1.102296e-01
2.379673e-02;5.189790e-02;3.205325e-02;5.205166e-02;1.120981e-01;9.078197e-02;1.742162e-01;8.121794e-02;4.241624e-02;1.730343e-01;8.376925e-02;8.266655e-02
3.613657e-02;6.288232e-02;4.850137e-02;3.249546e-02;8.547702e-02;1.150359e-01;1.308582e-01;9.103835e-02;6.281133e-02;1.795804e-01;1.059844e-01;4.919866e-02
3.982830e-02;5.070455e-02;4.152129e-02;3.632159e-02;6.246815e-02;1.615835e-01;1.416728e-01;7.955087e-02;3.437021e-02;1.546922e-01;1.656462e-01;3.164022e-02
3.526366e-02;2.317941e-02;4.809823e-02;2.942839e-02;4.875052e-02;2.450071e-01;1.599181e-01;6.445283e-02;3.037282e-02;8.920678e-02;1.996699e-01;2.665227e-02
2.432324e-02;2.641448e-02;5.130456e-02;2.260292e-02;7.434631e-02;2.717318e-01;1.556345e-01;7.504649e-02;3.931107e-02;6.182598e-02;1.765983e-01;2.086042e-02
1.854403e-02;4.812307e-02;3.451281e-02;3.748644e-02;1.238448e-01;2.242315e-01;1.416335e-01;1.132371e-01;3.685193e-02;8.303414e-02;1.227272e-01;1.577353e-02
1.735953e-02;6.724551e-02;2.735011e-02;6.598519e-02;1.818748e-01;1.609998e-01;1.100113e-01;1.203007e-01;4.487172e-02;1.047237e-01;8.272152e-02;1.655617e-02
2.819507e-02;6.308824e-02;6.044536e-02;1.011798e-01;1.749191e-01;1.341877e-01;1.052730e-01;9.288870e-02;7.239057e-02;9.540584e-02;5.321124e-02;1.881533e-02
4.915033e-02;6.217712e-02;1.192921e-01;1.288376e-01;1.079409e-01;1.342220e-01;1.078595e-01;7.585270e-02;8.269238e-02;7.190940e-02;3.422724e-02;2.583879e-02
6.084979e-02;7.864635e-02;1.668840e-01;1.150852e-01;8.104048e-02;1.143902e-01;9.440589e-02;5.147594e-02;5.540026e-02;1.007892e-01;4.956488e-02;3.146778e-02
4.964015e-02;1.101603e-01;1.061325e-01;5.687425e-02;1.193715e-01;1.088520e-01;9.673242e-02;4.924819e-02;4.088151e-02;1.062777e-01;1.049153e-01;5.091420e-02
3.966653e-02;9.766497e-02;6.309016e-02;7.747842e-02;1.146144e-01;1.323800e-01;9.720415e-02;6.761903e-02;5.848268e-02;9.343562e-02;8.227652e-02;7.608751e-02
2.500970e-02;5.594453e-02;8.665095e-02;9.816469e-02;1.190459e-01;1.348597e-01;1.030389e-01;7.243732e-02;5.962747e-02;1.035347e-01;6.885329e-02;7.283285e-02
2.157060e-02;3.140983e-02;8.260968e-02;9.841184e-02;8.594663e-02;1.458042e-01;1.276729e-01;6.977536e-02;6.104113e-02;1.401251e-01;7.821456e-02;5.741827e-02
6.390737e-02;2.060939e-02;7.947767e-02;9.436480e-02;6.976705e-02;1.266392e-01;1.503652e-01;1.021851e-01;4.116278e-02;1.335505e-01;8.747721e-02;3.049371e-02
6.567928e-02;2.621272e-02;7.455830e-02;8.075961e-02;8.943607e-02;1.391332e-01;1.372568e-01;1.163204e-01;5.744818e-02;1.045246e-01;6.884754e-02;3.982335e-02
3.275280e-02;6.244329e-02;1.012821e-01;8.047415e-02;6.878000e-02;1.158701e-01;1.152304e-01;9.693011e-02;1.138948e-01;6.272791e-02;1.059404e-01;4.367391e-02
6.742602e-02;1.056707e-01;1.018435e-01;6.530163e-02;1.484950e-01;8.170471e-02;7.123696e-02;5.181954e-02;7.910023e-02;1.086274e-01;8.703490e-02;3.173944e-02
4.552562e-02;1.093099e-01;7.296102e-02;6.468028e-02;1.913566e-01;1.097563e-01;7.882977e-02;4.842031e-02;3.278742e-02;1.809563e-01;4.498031e-02;2.043616e-02
3.383400e-02;8.144830e-02;4.652668e-02;7.207724e-02;1.647046e-01;9.725890e-02;9.429571e-02;4.257051e-02;1.132807e-01;1.873532e-01;5.274858e-02;1.390152e-02
4.764470e-02;4.448509e-02;3.083163e-02;1.082645e-01;9.346392e-02;5.277248e-02;1.215725e-01;3.961189e-02;2.398229e-01;1.531663e-01;5.837705e-02;9.986996e-03
5.068934e-02;2.190118e-02;3.404998e-02;1.237919e-01;4.373452e-02;3.347949e-02;1.192284e-01;5.933901e-02;3.318323e-01;1.073364e-01;5.062626e-02;2.399125e-02
4.654154e-02;2.014037e-02;6.069330e-02;1.029505e-01;4.404448e-02;6.417825e-02;7.434327e-02;1.046275e-01;3.319537e-01;6.772906e-02;2.832929e-02;5.446864e-02
2.589053e-02;2.000540e-02;1.173416e-01;4.719032e-02;2.724013e-02;9.651699e-02;7.430271e-02;2.110659e-01;1.869891e-01;4.861305e-02;1.710668e-02;1.277376e-01
9.010419e-03;1.221301e-02;1.416160e-01;1.624258e-02;1.362721e-02;6.276640e-02;1.273498e-01;2.765350e-01;8.426628e-02;6.435181e-02;3.296739e-02;1.590541e-01
2.255358e-02;2.099082e-02;1.237314e-01;3.246470e-02;2.591458e-02;3.202816e-02;2.058501e-01;2.402268e-01;4.602009e-02;6.307092e-02;4.638817e-02;1.407607e-01
5.004016e-02;5.051235e-02;7.510431e-02;4.593811e-02;4.480708e-02;4.240290e-02;3.066814e-01;1.609268e-01;3.226798e-02;4.141239e-02;5.675322e-02;9.315337e-02
7.518265e-02;7.966016e-02;5.429193e-02;4.027205e-02;8.270263e-02;5.912941e-02;3.687184e-01;9.235962e-02;2.721196e-02;3.798618e-02;3.962565e-02;4.285939e-02
9.922472e-02;1.147867e-01;8.575802e-02;3.874984e-02;9.137874e-02;3.896669e-02;3.034840e-01;9.727360e-02;3.693919e-02;3.914155e-02;3.145697e-02;2.283997e-02
1.049003e-01;1.535303e-01;1.205042e-01;5.003778e-02;5.734578e-02;4.517674e-02;2.231750e-01;8.471130e-02;5.041590e-02;4.005561e-02;4.286814e-02;2.727895e-02
1.218028e-01;1.843440e-01;1.312153e-01;5.083198e-02;5.103781e-02;4.372530e-02;1.829919e-01;8.008480e-02;4.130965e-02;3.725328e-02;5.358428e-02;2.181886e-02
1.075650e-01;1.825492e-01;9.190655e-02;3.338783e-02;5.651917e-02;6.161183e-02;2.084506e-01;1.114597e-01;4.043563e-02;3.720516e-02;5.502331e-02;1.388603e-02
1.268843e-01;1.519821e-01;6.704109e-02;3.985808e-02;4.819284e-02;7.179895e-02;2.228578e-01;1.107115e-01;2.405225e-02;5.016521e-02;4.770729e-02;3.874868e-02
1.743161e-01;1.004397e-01;4.265184e-02;6.002595e-02;6.266936e-02;6.777015e-02;2.009570e-01;7.591516e-02;3.249319e-02;6.502458e-02;4.974470e-02;6.799237e-02
1.667355e-01;4.306198e-02;4.847085e-02;5.681408e-02;7.062384e-02;7.403458e-02;1.930693e-01;1.047311e-01;5.195168e-02;6.083488e-02;5.707790e-02;7.259427e-02
1.658669e-01;9.529540e-02;5.969229e-02;5.197702e-02;7.469560e-02;7.171050e-02;1.559890e-01;8.163118e-02;5.085272e-02;5.565615e-02;4.660713e-02;9.002604e-02
1.555696e-01;1.115844e-01;1.042047e-01;6.795067e-02;6.330380e-02;4.683537e-02;1.416284e-01;5.863115e-02;3.603391e-02;5.975983e-02;4.829605e-02;1.062022e-01
1.226033e-01;7.700487e-02;1.570307e-01;8.469996e-02;4.754880e-02;3.858079e-02;1.256272e-01;1.259479e-01;3.322967e-02;6.893961e-02;5.458086e-02;6.420629e-02
1.255160e-01;6.752441e-02;1.612464e-01;8.536582e-02;5.694134e-02;3.931277e-02;1.287807e-01;1.291378e-01;7.424469e-02;4.784190e-02;3.450684e-02;4.958139e-02
9.667891e-02;6.743810e-02;1.639276e-01;8.526284e-02;6.160825e-02;3.279708e-02;1.674868e-01;1.035349e-01;8.568578e-02;2.430565e-02;3.221519e-02;7.905892e-02
6.570406e-02;6.530395e-02;1.980231e-01;8.891339e-02;6.104212e-02;3.574425e-02;1.628826e-01;7.045424e-02;1.009387e-01;3.306093e-02;4.464809e-02;7.328452e-02
4.784577e-02;4.447746e-02;2.034986e-01;1.180276e-01;1.041879e-01;5.927842e-02;1.201589e-01;6.481501e-02;7.465386e-02;5.317107e-02;5.800040e-02;5.188497e-02
7.468152e-02;3.558747e-02;1.935295e-01;1.244209e-01;1.167049e-01;5.719656e-02;6.794649e-02;5.828927e-02;5.860050e-02;7.955025e-02;5.190169e-02;8.159088e-02
6.578086e-02;3.325433e-02;1.624120e-01;9.618653e-02;1.535853e-01;8.461715e-02;1.081347e-01;3.299698e-02;6.452158e-02;5.792389e-02;3.991533e-02;1.006714e-01
7.887902e-02;3.757460e-02;1.058420e-01;5.617415e-02;1.691985e-01;1.245299e-01;1.609183e-01;3.363941e-02;7.774054e-02;5.634802e-02;2.385874e-02;7.529704e-02
1.309313e-01;5.337632e-02;6.040331e-02;3.942846e-02;1.228397e-01;1.410239e-01;2.406278e-01;3.003040e-02;5.644992e-02;6.029543e-02;2.045013e-02;4.414320e-02
1.107920e-01;8.668423e-02;3.882134e-02;3.705991e-02;9.413111e-02;1.139241e-01;3.392951e-01;3.279646e-02;3.677745e-02;5.618960e-02;3.326008e-02;2.026855e-02
6.081640e-02;9.923043e-02;5.403972e-02;2.194111e-02;6.909695e-02;1.194690e-01;3.943003e-01;4.219332e-02;3.501850e-02;3.902456e-02;5.570539e-02;9.164294e-03
2.635666e-02;8.749872e-02;7.828350e-02;1.586590e-02;9.784112e-02;1.173987e-01;3.703116e-01;5.664283e-02;3.345651e-02;2.948652e-02;7.878246e-02;8.075453e-03
1.409671e-02;7.077585e-02;1.278821e-01;2.765170e-02;1.162421e-01;7.860395e-02;2.985055e-01;8.141761e-02;3.832093e-02;3.285222e-02;9.241785e-02;2.123353e-02
1.123204e-02;4.220963e-02;1.720540e-01;3.226068e-02;7.356284e-02;6.951988e-02;2.771230e-01;1.379350e-01;4.670309e-02;4.450079e-02;6.327847e-02;2.962064e-02
1.683634e-02;2.761574e-02;1.864020e-01;4.402788e-02;5.723229e-02;1.469959e-01;2.033338e-01;1.488555e-01;5.468742e-02;5.651848e-02;3.501060e-02;2.248407e-02
3.097359e-02;2.244543e-02;1.713819e-01;1.071759e-01;9.807572e-02;1.335228e-01;7.576998e-02;7.941075e-02;8.799595e-02;6.642193e-02;6.929483e-02;5.753120e-02
3.553097e-02;1.726592e-02;1.653864e-01;1.616226e-01;1.230666e-01;8.691779e-02;7.225332e-02;3.875162e-02;1.144640e-01;5.967497e-02;6.719155e-02;5.787422e-02
2.912672e-02;2.156757e-02;1.150554e-01;1.482443e-01;1.827525e-01;1.325559e-01;6.104170e-02;3.151916e-02;8.542094e-02;1.069942e-01;5.035279e-02;3.536876e-02
2.254304e-02;1.688211e-02;6.892058e-02;8.718879e-02;1.724338e-01;2.096541e-01;1.029369e-01;3.405830e-02;4.046783e-02;1.100221e-01;1.004082e-01;3.448415e-02
3.668586e-02;1.094149e-02;5.497622e-02;5.719422e-02;1.041224e-01;2.411387e-01;2.071078e-01;4.996205e-02;1.690042e-02;6.372031e-02;1.010009e-01;5.624955e-02
9.487332e-02;1.867824e-02;4.255565e-02;7.133494e-02;6.921055e-02;1.566417e-01;2.749541e-01;8.870105e-02;1.650858e-02;3.657623e-02;5.961474e-02;7.035089e-02
1.685588e-01;3.306233e-02;5.800829e-02;6.488075e-02;6.125790e-02;1.189796e-01;1.873089e-01;1.677811e-01;2.297347e-02;2.755631e-02;2.940069e-02;6.023182e-02
2.089062e-01;5.184809e-02;9.630805e-02;3.362459e-02;1.298841e-01;6.680851e-02;8.932824e-02;2.098093e-01;4.797756e-02;1.348906e-02;1.929698e-02;3.271919e-02
1.788886e-01;7.290533e-02;1.265267e-01;1.488522e-02;1.392257e-01;2.172062e-02;8.735193e-02;1.410904e-01;1.561705e-01;2.440201e-02;2.026577e-02;1.656729e-02
1.132850e-01;8.441167e-02;1.427006e-01;1.507879e-02;7.892641e-02;1.749768e-02;9.307647e-02;6.257207e-02;2.903393e-01;6.656070e-02;2.572221e-02;9.829179e-03
5.798155e-02;9.075724e-02;1.923985e-01;2.988235e-02;2.952030e-02;4.634754e-02;5.586198e-02;2.645941e-02;3.267906e-01;9.357251e-02;3.656353e-02;1.386444e-02
2.276243e-02;1.065107e-01;3.161305e-01;5.357691e-02;1.881207e-02;7.910356e-02;2.549001e-02;1.390557e-02;2.544802e-01;4.890153e-02;3.787295e-02;2.245359e-02
3.411815e-02;1.171494e-01;4.191842e-01;6.328090e-02;2.658634e-02;7.337939e-02;3.714629e-02;1.905614e-02;1.426705e-01;2.349871e-02;2.157653e-02;2.235355e-02
2.248259e-02;1.037018e-01;4.902354e-01;5.429923e-02;2.142048e-02;4.228486e-02;5.217109e-02;3.599498e-02;7.097556e-02;7.957030e-02;1.026306e-02;1.660059e-02
1.224360e-02;7.927772e-02;5.433559e-01;3.342649e-02;2.706395e-02;2.154317e-02;2.818247e-02;4.551576e-02;5.972838e-02;1.325572e-01;5.524428e-03;1.158092e-02
1.026746e-02;6.623980e-02;5.665157e-01;2.716498e-02;3.010110e-02;1.882216e-02;1.981797e-02;3.551942e-02;7.855894e-02;1.297649e-01;7.086205e-03;1.014133e-02
1.497266e-02;8.239561e-02;5.676171e-01;2.353334e-02;1.699353e-02;2.477871e-02;2.604595e-02;4.084750e-02;8.548298e-02;9.948474e-02;6.970885e-03;1.087697e-02
1.676647e-02;1.134448e-01;5.236767e-01;2.834027e-02;1.371877e-02;5.670370e-02;1.238405e-02;4.426553e-02;1.059147e-01;6.446920e-02;5.056435e-03;1.525937e-02
4.654290e-02;1.498429e-01;4.384792e-01;4.458994e-02;7.036235e-03;8.732300e-02;1.880218e-02;2.677327e-02;1.280692e-01;3.148788e-02;4.331243e-03;1.672206e-02
9.352918e-02;1.581808e-01;3.863467e-01;5.900078e-02;1.076286e-02;7.560576e-02;2.215494e-02;2.784093e-02;1.177213e-01;2.417037e-02;9.787221e-03;1.489909e-02
1.469543e-01;1.152035e-01;3.528295e-01;5.578214e-02;1.858896e-02;4.166506e-02;5.227107e-02;3.974671e-02;9.913305e-02;3.945519e-02;1.892437e-02;1.944608e-02
1.722989e-01;6.844711e-02;2.482331e-01;4.585500e-02;4.256853e-02;4.011125e-02;8.116180e-02;4.951236e-02;9.744832e-02;6.635185e-02;4.290775e-02;4.510403e-02
1.171526e-01;4.154429e-02;2.693236e-01;3.906415e-02;4.115918e-02;8.309118e-02;7.179612e-02;3.503139e-02;6.860259e-02;9.802947e-02;7.991564e-02;5.528970e-02
7.922094e-02;6.997069e-02;3.844278e-01;3.770025e-02;3.515187e-02;6.398576e-02;4.773631e-02;3.069934e-02;3.971528e-02;1.090470e-01;7.439347e-02;2.795127e-02
5.412330e-02;6.811086e-02;4.215512e-01;3.694651e-02;3.916682e-02;5.182240e-02;8.659114e-02;2.669729e-02;6.920565e-02;7.245416e-02;4.378291e-02;2.954772e-02
3.160040e-02;4.860049e-02;3.984144e-01;5.453978e-02;6.730381e-02;1.005873e-01;8.526637e-02;3.222999e-02;8.545729e-02;3.128571e-02;3.143403e-02;3.328044e-02
3.671752e-02;5.610235e-02;3.744852e-01;6.830364e-02;6.930250e-02;1.016677e-01;6.427648e-02;4.405698e-02;7.621538e-02;5.682473e-02;2.250388e-02;2.954372e-02
4.464573e-02;8.106769e-02;3.697421e-01;6.155694e-02;4.750291e-02;6.133816e-02;7.446903e-02;5.103558e-02;8.161943e-02;8.727362e-02;1.750207e-02;2.224679e-02
2.573143e-02;9.828465e-02;2.399217e-01;6.781600e-02;5.224427e-02;6.005476e-02;6.038035e-02;6.202865e-02;1.654186e-01;8.828411e-02;3.784176e-02;4.199371e-02
6.934343e-02;7.127667e-02;1.260161e-01;9.807315e-02;6.599557e-02;7.314279e-02;7.171001e-02;6.962842e-02;1.441957e-01;8.873393e-02;5.612935e-02;6.575488e-02
8.467289e-02;5.558556e-02;1.136519e-01;9.478068e-02;5.679734e-02;7.804738e-02;8.883689e-02;6.827316e-02;1.306225e-01;8.449402e-02;6.598156e-02;7.825607e-02
8.274865e-02;6.170705e-02;1.591087e-01;6.558712e-02;4.179696e-02;7.854982e-02;1.467291e-01;8.108218e-02;8.780701e-02;8.408256e-02;4.633976e-02;6.446117e-02
9.934326e-02;8.592432e-02;1.810652e-01;4.615445e-02;5.388144e-02;6.597809e-02;2.272038e-01;6.343855e-02;5.553441e-02;4.942016e-02;4.421042e-02;2.784590e-02
1.282665e-01;1.180880e-01;1.606848e-01;3.370643e-02;4.714312e-02;7.682478e-02;2.631421e-01;5.007433e-02;3.089953e-02;3.012639e-02;4.312999e-02;1.791405e-02
1.739865e-01;1.282218e-01;1.230186e-01;2.275757e-02;5.644555e-02;9.192022e-02;2.522145e-01;3.972863e-02;2.742251e-02;3.149255e-02;3.270042e-02;2.009125e-02
2.197336e-01;1.067871e-01;9.857147e-02;3.167048e-02;8.099539e-02;8.724385e-02;2.070571e-01;2.653352e-02;3.936514e-02;3.987502e-02;2.496682e-02;3.720055e-02
1.818352e-01;4.909433e-02;2.298847e-01;8.480845e-02;6.342556e-02;4.770874e-02;1.515712e-01;2.195141e-02;3.178825e-02;3.626643e-02;4.770435e-02;5.396141e-02
1.504907e-01;4.952947e-02;3.483698e-01;1.028074e-01;3.675576e-02;2.977934e-02;1.000072e-01;2.202796e-02;1.447986e-02;4.186589e-02;6.507102e-02;3.881561e-02
1.312711e-01;5.893280e-02;3.895816e-01;9.450696e-02;4.190807e-02;3.232552e-02;6.936704e-02;2.633639e-02;1.809479e-02;3.738147e-02;7.540157e-02;2.489267e-02
9.459969e-02;8.363777e-02;4.209089e-01;7.139455e-02;5.774334e-02;2.476361e-02;7.819730e-02;1.928120e-02;1.545149e-02;3.316755e-02;7.845099e-02;2.240363e-02
5.690901e-02;7.126331e-02;4.746818e-01;3.735598e-02;5.230165e-02;3.956865e-02;1.155833e-01;3.058570e-02;1.777146e-02;2.647524e-02;4.956464e-02;2.793927e-02
3.750099e-02;6.381842e-02;4.164481e-01;4.942069e-02;4.502014e-02;5.262146e-02;1.265386e-01;4.837196e-02;3.621269e-02;4.771390e-02;4.043977e-02;3.589323e-02
3.561519e-02;3.649854e-02;3.367964e-01;7.816938e-02;4.765524e-02;5.464073e-02;1.190508e-01;7.172745e-02;6.626865e-02;4.935330e-02;5.408595e-02;5.013828e-02
7.961248e-02;3.288960e-02;3.481106e-01;7.388083e-02;5.575864e-02;3.987915e-02;1.011588e-01;5.155061e-02;4.124910e-02;7.649545e-02;5.482567e-02;4.458902e-02
1.150919e-01;3.619682e-02;3.510947e-01;1.170282e-01;5.967900e-02;2.052501e-02;1.085839e-01;3.282884e-02;2.323600e-02;7.563134e-02;2.918674e-02;3.091757e-02
9.103572e-02;1.000188e-02;3.066727e-01;1.555701e-01;7.709963e-02;1.826014e-02;1.363394e-01;5.824107e-02;1.699741e-02;7.400229e-02;3.413236e-02;2.164733e-02
7.058477e-02;1.535051e-02;2.608384e-01;1.385448e-01;8.224501e-02;3.756193e-02;1.646359e-01;9.714937e-02;1.746783e-02;7.059986e-02;3.164689e-02;1.337478e-02
7.093232e-02;1.475272e-02;2.354003e-01;8.854982e-02;5.943271e-02;4.631566e-02;1.902548e-01;1.580070e-01;1.505264e-02;7.078683e-02;4.192366e-02;8.591534e-03
6.327347e-02;8.977766e-03;1.867362e-01;6.898212e-02;3.611281e-02;4.687729e-02;2.107170e-01;1.978544e-01;2.750839e-02;8.624513e-02;6.068446e-02;6.030867e-03
5.973018e-02;5.560689e-03;1.657119e-01;4.402472e-02;4.354370e-02;4.318097e-02;2.546720e-01;1.582051e-01;2.331348e-02;1.312628e-01;6.291065e-02;7.883808e-03
4.927309e-02;6.943475e-03;1.597264e-01;3.252773e-02;6.284387e-02;4.243089e-02;2.973622e-01;9.770660e-02;1.420354e-02;1.782584e-01;4.870419e-02;1.001966e-02
3.433680e-02;1.128273e-02;1.500502e-01;2.339425e-02;9.001999e-02;3.763618e-02;3.078061e-01;5.569395e-02;3.217299e-02;2.132715e-01;2.701914e-02;1.731615e-02
2.020254e-02;1.915934e-02;1.165160e-01;1.848229e-02;9.753329e-02;6.528434e-02;2.604963e-01;5.562258e-02;7.837780e-02;2.186943e-01;1.554343e-02;3.408784e-02
7.973032e-03;3.265148e-02;7.091238e-02;1.987938e-02;6.979197e-02;1.212050e-01;1.632626e-01;9.082936e-02;1.666465e-01;1.870288e-01;1.293232e-02;5.688714e-02
1.523848e-02;5.180676e-02;5.000219e-02;3.750394e-02;4.448112e-02;1.694423e-01;9.831644e-02;1.054808e-01;2.385229e-01;1.091882e-01;1.425533e-02;6.576159e-02
2.524044e-02;7.324905e-02;5.707932e-02;5.746565e-02;7.149449e-02;1.748092e-01;6.598388e-02;9.489068e-02;2.534079e-01;5.293049e-02;1.853491e-02;5.491399e-02
5.639721e-02;9.342057e-02;5.040454e-02;7.722531e-02;1.081020e-01;1.536235e-01;5.515497e-02;8.268702e-02;2.044732e-01;5.579085e-02;2.099963e-02;4.172124e-02
1.073952e-01;1.062774e-01;5.647635e-02;8.343259e-02;1.150700e-01;1.249352e-01;6.101848e-02;6.105293e-02;1.420173e-01;7.598559e-02;2.999561e-02;3.634345e-02
1.437108e-01;9.816352e-02;6.776413e-02;6.263796e-02;8.761624e-02;1.059986e-01;9.244834e-02;7.010590e-02;1.214372e-01;9.730021e-02;2.586146e-02;2.695561e-02
1.377499e-01;5.304495e-02;7.478112e-02;4.252050e-02;5.424459e-02;1.142304e-01;1.460295e-01;7.110450e-02;1.067085e-01;1.139884e-01;6.087602e-02;2.472160e-02
1.040425e-01;9.116153e-02;1.516973e-01;4.544349e-02;4.684760e-02;9.709163e-02;1.094347e-01;6.346363e-02;9.400095e-02;1.117042e-01;6.272218e-02;2.239022e-02
6.918886e-02;1.366780e-01;1.878493e-01;6.333634e-02;5.525534e-02;1.046470e-01;6.877865e-02;5.787506e-02;8.624110e-02;9.741338e-02;4.174882e-02;3.098823e-02
5.929556e-02;1.415605e-01;1.848121e-01;7.122187e-02;7.615719e-02;1.221178e-01;8.498230e-02;3.307203e-02;1.133195e-01;6.698349e-02;1.202233e-02;3.445535e-02
5.670836e-02;1.401207e-01;1.749415e-01;8.089405e-02;7.368004e-02;1.484395e-01;8.670996e-02;2.956684e-02;1.103501e-01;5.257387e-02;1.149384e-02;3.452127e-02
4.400321e-02;1.375939e-01;1.818886e-01;1.118024e-01;7.253391e-02;1.475941e-01;5.681485e-02;3.326848e-02;1.153368e-01;4.947562e-02;1.748005e-02;3.220798e-02
3.288114e-02;1.279916e-01;1.653253e-01;1.287833e-01;5.428397e-02;1.187710e-01;8.524507e-02;5.665298e-02;1.251686e-01;5.799974e-02;2.553767e-02;2.135977e-02
5.217222e-02;1.444088e-01;1.595297e-01;1.373999e-01;4.464270e-02;8.736326e-02;7.651159e-02;6.316971e-02;1.159867e-01;7.740232e-02;2.482215e-02;1.659108e-02
8.932105e-02;1.388235e-01;1.765743e-01;1.213908e-01;5.038148e-02;5.766857e-02;7.835490e-02;5.965900e-02;9.121244e-02;8.124955e-02;3.368777e-02;2.167663e-02
1.114171e-01;1.201872e-01;1.619820e-01;1.251695e-01;3.839307e-02;4.337758e-02;1.210358e-01;5.780523e-02;8.604122e-02;7.616487e-02;3.718641e-02;2.123987e-02
1.421115e-01;8.314090e-02;1.651625e-01;1.132826e-01;8.674430e-02;3.052742e-02;1.145855e-01;7.046168e-02;6.678635e-02;5.994919e-02;4.796240e-02;1.928572e-02
1.739540e-01;5.660935e-02;1.491058e-01;8.922157e-02;1.653033e-01;2.713604e-02;1.080625e-01;7.856779e-02;3.889903e-02;4.320892e-02;5.463134e-02;1.530041e-02
1.847184e-01;5.649188e-02;1.215746e-01;6.416758e-02;1.922287e-01;2.242792e-02;1.429193e-01;7.531866e-02;3.330598e-02;3.753600e-02;4.739950e-02;2.191154e-02
1.789669e-01;4.996599e-02;9.491172e-02;5.321289e-02;1.612444e-01;3.604124e-02;2.009652e-01;7.263693e-02;2.449133e-02;5.302156e-02;3.902223e-02;3.551963e-02
1.430528e-01;3.815954e-02;7.642281e-02;6.431518e-02;1.340520e-01;6.306479e-02;2.295313e-01;5.231480e-02;4.085664e-02;6.821881e-02;3.757477e-02;5.243650e-02
9.452396e-02;3.628356e-02;9.356908e-02;7.209941e-02;1.092992e-01;7.173155e-02;2.262277e-01;2.935102e-02;7.018509e-02;7.969958e-02;4.939296e-02;6.763690e-02
3.750739e-02;1.633549e-02;1.077823e-01;6.816608e-02;1.074710e-01;6.641827e-02;2.457179e-01;5.764682e-02;5.436808e-02;1.123685e-01;7.332561e-02;5.289249e-02
2.012947e-02;1.721057e-02;9.792583e-02;4.800595e-02;1.123099e-01;9.672207e-02;2.647906e-01;5.755197e-02;4.255052e-02;1.056894e-01;9.909517e-02;3.801852e-02
3.751484e-02;1.334741e-02;1.021224e-01;4.831891e-02;9.899369e-02;1.164720e-01;2.646068e-01;4.544671e-02;4.653454e-02;8.749900e-02;9.408911e-02;4.505461e-02
2.234672e-02;1.591611e-02;1.332285e-01;4.965304e-02;8.707084e-02;9.303957e-02;3.002156e-01;3.802239e-02;5.542853e-02;6.806000e-02;9.866449e-02;3.835430e-02
1.440877e-02;2.100038e-02;1.225349e-01;4.153441e-02;7.817376e-02;8.971854e-02;2.983063e-01;2.499706e-02;4.093041e-02;8.180131e-02;1.327837e-01;5.381045e-02
3.106302e-02;1.998856e-02;9.353437e-02;2.943712e-02;9.304421e-02;8.699739e-02;2.762278e-01;2.481976e-02;2.799282e-02;9.539422e-02;1.692624e-01;5.223828e-02
3.497562e-02;2.997571e-02;1.272612e-01;4.382088e-02;8.139689e-02;6.802224e-02;2.988649e-01;3.395456e-02;1.769368e-02;8.813861e-02;1.327478e-01;4.314793e-02
2.510384e-02;5.571592e-02;1.706670e-01;6.551660e-02;3.490240e-02;4.513468e-02;3.271831e-01;4.998454e-02;3.263450e-02;8.046948e-02;6.825323e-02;4.443473e-02
3.819336e-02;4.893460e-02;1.170457e-01;7.491006e-02;4.325055e-02;5.431658e-02;3.577469e-01;5.163160e-02;5.358564e-02;6.322530e-02;5.181378e-02;4.534592e-02
5.286453e-02;3.466425e-02;7.466253e-02;7.209451e-02;5.865413e-02;7.108399e-02;3.590371e-01;5.564608e-02;6.148515e-02;4.359153e-02;6.925903e-02;4.695717e-02
8.970543e-02;4.923989e-02;1.257499e-01;5.050784e-02;6.011149e-02;6.954201e-02;2.538324e-01;6.040056e-02;4.973026e-02;4.408870e-02;9.915788e-02;4.793360e-02
1.355927e-01;6.176352e-02;1.350852e-01;3.450570e-02;4.821241e-02;5.779690e-02;1.836784e-01;5.695051e-02;5.886022e-02;4.713413e-02;1.386901e-01;4.173012e-02
1.074188e-01;3.898205e-02;1.631301e-01;7.028715e-02;4.341459e-02;7.041163e-02;1.535245e-01;6.494596e-02;7.921413e-02;6.547185e-02;9.994657e-02;4.325261e-02
6.667980e-02;2.844655e-02;1.413500e-01;9.212011e-02;6.297619e-02;9.884121e-02;1.377171e-01;8.895578e-02;1.143083e-01;6.871124e-02;5.377409e-02;4.611967e-02
4.844328e-02;3.544253e-02;1.170764e-01;9.599498e-02;6.898876e-02;1.407651e-01;1.389731e-01;7.376118e-02;1.031425e-01;9.217122e-02;5.779489e-02;2.744596e-02
3.322142e-02;4.672544e-02;1.244572e-01;9.137887e-02;7.421452e-02;1.552220e-01;1.630684e-01;4.974870e-02;6.384953e-02;8.404405e-02;8.582865e-02;2.824111e-02
4.087828e-02;3.390140e-02;1.334911e-01;6.413624e-02;7.737923e-02;1.337986e-01;1.784816e-01;3.926098e-02;7.044216e-02;4.379929e-02;1.325114e-01;5.191978e-02
6.239610e-02;2.613593e-02;1.222304e-01;6.512860e-02;7.272880e-02;8.150929e-02;1.763570e-01;5.371179e-02;7.456152e-02;6.896585e-02;1.377898e-01;5.848496e-02
8.387739e-02;1.858315e-02;8.497478e-02;7.114584e-02;9.701821e-02;6.714386e-02;1.651731e-01;6.586300e-02;9.296686e-02;9.197529e-02;1.202426e-01;4.103597e-02
