3.071677e-01;1.414882e-01;1.203145e-01;4.313784e-02;3.532864e-02;2.487188e-02;5.657822e-02;5.001716e-02;4.861689e-02;8.711742e-02;4.026257e-02;4.509904e-02
2.922934e-01;7.196128e-02;1.457834e-01;4.982887e-02;3.669628e-02;3.359768e-02;8.127936e-02;3.604068e-02;7.086487e-02;7.575110e-02;5.327546e-02;5.262757e-02
2.749932e-01;9.989867e-02;1.509283e-01;5.095016e-02;4.427273e-02;3.579627e-02;8.436535e-02;3.754790e-02;5.771032e-02;4.982341e-02;4.977246e-02;6.394122e-02
3.019248e-01;9.841540e-02;1.110020e-01;4.151551e-02;5.444194e-02;3.989350e-02;1.001625e-01;5.892215e-02;3.056670e-02;4.719681e-02;5.122150e-02;6.473716e-02
8.203682e-02;9.541308e-02;1.672798e-01;4.777665e-02;5.924433e-02;7.124975e-02;1.751262e-01;6.870962e-02;7.228902e-02;5.497211e-02;5.715613e-02;4.874660e-02
5.001953e-02;4.982657e-02;2.434103e-01;7.344161e-02;8.837716e-02;6.484818e-02;1.775359e-01;4.393464e-02;5.253894e-02;5.566918e-02;6.648344e-02;3.391446e-02
4.010041e-02;3.166459e-02;3.221665e-01;9.239180e-02;8.791216e-02;5.949855e-02;1.500730e-01;4.017837e-02;3.290484e-02;5.029091e-02;6.529849e-02;2.752040e-02
2.165181e-02;1.068702e-02;4.620824e-01;1.143830e-01;7.603894e-02;4.825580e-02;1.027071e-01;2.924738e-02;2.030902e-02;3.143181e-02;6.678958e-02;1.641607e-02
5.022753e-03;2.958891e-02;5.644581e-01;1.171709e-01;5.602530e-02;2.590400e-02;3.362029e-02;1.526396e-02;6.045569e-02;3.396602e-02;5.237025e-02;6.153864e-03
1.213697e-02;4.674805e-02;5.287142e-01;8.462898e-02;3.889045e-02;1.130087e-02;2.044607e-02;1.908647e-02;1.346063e-01;5.923285e-02;3.698793e-02;7.220772e-03
1.972297e-02;6.311546e-02;4.875318e-01;4.842867e-02;3.477295e-02;1.515520e-02;2.902810e-02;2.010113e-02;2.137726e-01;2.725631e-02;3.020145e-02;1.091325e-02
1.458493e-02;7.147252e-02;4.850444e-01;4.538548e-02;2.776034e-02;2.035110e-02;1.898820e-02;2.333958e-02;2.277478e-01;2.938086e-02;2.383310e-02;1.211168e-02
4.808281e-02;7.201640e-02;4.603479e-01;4.914776e-02;5.121637e-02;1.578410e-02;1.855386e-02;5.662544e-02;1.439169e-01;3.293625e-02;3.567409e-02;1.569809e-02
1.054380e-01;7.272986e-02;3.038257e-01;3.592704e-02;6.775424e-02;1.728321e-02;3.440342e-02;1.266211e-01;1.152598e-01;2.034703e-02;6.887103e-02;3.153956e-02
1.169048e-01;2.976586e-02;2.335038e-01;6.040252e-02;6.604035e-02;1.811377e-02;9.179317e-02;1.600598e-01;6.525761e-02;3.178301e-02;7.714341e-02;4.923193e-02
9.010018e-02;2.509454e-02;2.489147e-01;7.206232e-02;4.604343e-02;1.840419e-02;1.523836e-01;1.299119e-01;5.058695e-02;3.625757e-02;6.544144e-02;6.479917e-02
6.699584e-02;1.726289e-02;2.718501e-01;7.550849e-02;3.406792e-02;2.290188e-02;2.059595e-01;6.124141e-02;5.940430e-02;4.663225e-02;7.092907e-02;6.724639e-02
2.573609e-02;1.872153e-02;2.328659e-01;6.917871e-02;3.346428e-02;4.571097e-02;2.197078e-01;6.602795e-02;5.955438e-02;5.660203e-02;1.007292e-01;7.170114e-02
3.046396e-02;2.546931e-02;2.712946e-01;5.187834e-02;3.657044e-02;7.063407e-02;1.826945e-01;4.331901e-02;3.826977e-02;6.735413e-02;1.144290e-01;6.762295e-02
9.970517e-02;8.539104e-02;8.831434e-02;6.484003e-02;3.073536e-02;6.207306e-02;1.019908e-01;2.603697e-02;5.599435e-02;8.929925e-02;1.341674e-01;1.614522e-01
1.077063e-01;1.206776e-01;9.927068e-02;6.014394e-02;3.342041e-02;5.643218e-02;7.359435e-02;3.232153e-02;5.830553e-02;6.258314e-02;1.189164e-01;1.766279e-01
1.032038e-01;1.046932e-01;1.835264e-01;7.483755e-02;5.743059e-02;4.238826e-02;7.460207e-02;3.833777e-02;5.765139e-02;4.637659e-02;8.789703e-02;1.290554e-01
8.660001e-02;7.777373e-02;3.072107e-01;1.177843e-01;9.986591e-02;4.142883e-02;6.407888e-02;2.190640e-02;2.655577e-02;7.035632e-02;3.633135e-02;5.010775e-02
5.818153e-02;4.467702e-02;3.401173e-01;1.228504e-01;9.943659e-02;5.385419e-02;6.596675e-02;1.973188e-02;3.702486e-02;1.224090e-01;1.866112e-02;1.708929e-02
3.655211e-02;6.860676e-02;2.544907e-01;7.621261e-02;6.101360e-02;5.898723e-02;6.032025e-02;3.592503e-02;9.238440e-02;1.874412e-01;2.189656e-02;4.616953e-02
2.166864e-02;1.245687e-01;1.352537e-01;3.620344e-02;2.416184e-02;5.073459e-02;3.743695e-02;3.312182e-02;1.799449e-01;2.262191e-01;5.525572e-02;7.543062e-02
2.289542e-02;1.986772e-01;5.862749e-02;2.694948e-02;1.314486e-02;4.104233e-02;2.051125e-02;1.893316e-02;2.837203e-01;1.817228e-01;6.850740e-02;6.526826e-02
2.917309e-02;2.895895e-01;4.959678e-02;3.318897e-02;8.792144e-03;4.808614e-02;1.424454e-02;1.856030e-02;3.576426e-01;6.410137e-02;3.714608e-02;4.987850e-02
2.214928e-02;3.085832e-01;5.019211e-02;2.956021e-02;8.007671e-03;8.831602e-02;1.314939e-02;1.276664e-02;3.402385e-01;2.725836e-02;2.532445e-02;7.445418e-02
2.063701e-02;2.856142e-01;3.538675e-02;2.226198e-02;1.265190e-02;1.181940e-01;8.631101e-03;1.535772e-02;3.201571e-01;2.005146e-02;2.638087e-02;1.146759e-01
1.691810e-02;2.338404e-01;8.037528e-02;2.436332e-02;1.417997e-02;1.208169e-01;8.322023e-03;1.044612e-02;2.714814e-01;3.363026e-02;2.625409e-02;1.593723e-01
2.240623e-02;1.736868e-01;1.310952e-01;2.316684e-02;1.656414e-02;9.996863e-02;3.719364e-02;1.920745e-02;1.886843e-01;1.009484e-01;2.017975e-02;1.668987e-01
2.969234e-02;1.176645e-01;2.064974e-01;2.241496e-02;2.093622e-02;6.514122e-02;7.785475e-02;2.833888e-02;6.887722e-02;2.237300e-01;1.971344e-02;1.191391e-01
2.717661e-02;6.544766e-02;3.024730e-01;2.130055e-02;1.642164e-02;4.027538e-02;7.883246e-02;2.498482e-02;7.398791e-02;2.770989e-01;1.399806e-02;5.800301e-02
2.570395e-02;5.745639e-02;3.508996e-01;1.969603e-02;1.515775e-02;2.848637e-02;7.988856e-02;1.394222e-02;7.888398e-02;2.767292e-01;1.952353e-02;3.363240e-02
3.446282e-02;5.715620e-02;3.216175e-01;5.324673e-02;2.370924e-02;3.498698e-02;6.689829e-02;9.771009e-03;5.989420e-02;2.294860e-01;5.955281e-02;4.921819e-02
4.839588e-02;4.809639e-02;2.469642e-01;9.525685e-02;5.913290e-02;4.011077e-02;5.994171e-02;1.826051e-02;4.535791e-02;1.394660e-01;1.254409e-01;7.357599e-02
6.766439e-02;3.505732e-02;1.429119e-01;8.247919e-02;8.384675e-02;7.274226e-02;1.091195e-01;3.026523e-02;5.728588e-02;8.873753e-02;1.314596e-01;9.843046e-02
6.406682e-02;1.806189e-02;9.975510e-02;3.978728e-02;7.940216e-02;1.367775e-01;2.451860e-01;5.115943e-02;5.188572e-02;1.083219e-01;4.759114e-02;5.800508e-02
3.917927e-02;2.710074e-02;1.574239e-01;3.033805e-02;7.306998e-02;1.326277e-01;2.507373e-01;6.485870e-02;6.306624e-02;9.631816e-02;2.178092e-02;4.349913e-02
2.397541e-02;2.780194e-02;2.029340e-01;4.117678e-02;6.395128e-02;9.573302e-02;1.461608e-01;4.676758e-02;8.753583e-02;1.391511e-01;5.130658e-02;7.350571e-02
3.862039e-02;6.493175e-02;2.059378e-01;4.241439e-02;4.076822e-02;9.497769e-02;1.040206e-01;2.998348e-02;4.528350e-02;1.600429e-01;1.001593e-01;7.286006e-02
3.268825e-02;8.552025e-02;2.253592e-01;4.142037e-02;5.419353e-02;1.057106e-01;1.157577e-01;1.963361e-02;2.609955e-02;1.252001e-01;8.871539e-02;7.970140e-02
2.522696e-02;5.424744e-02;2.773362e-01;5.875691e-02;6.787480e-02;1.200453e-01;1.290132e-01;1.404589e-02;2.647621e-02;7.284275e-02;7.241184e-02;8.172239e-02
5.711988e-02;6.511234e-02;2.788439e-01;6.416573e-02;5.687748e-02;1.109285e-01;1.198568e-01;2.772132e-02;4.285701e-02;7.497144e-02;4.261974e-02;5.892581e-02
7.332886e-02;8.511095e-02;1.801904e-01;6.038834e-02;7.448333e-02;1.162175e-01;8.631238e-02;4.832051e-02;8.191939e-02;7.667300e-02;4.614749e-02;7.090785e-02
4.875772e-02;8.762906e-02;1.173145e-01;4.125571e-02;8.836816e-02;1.211495e-01;1.239173e-01;4.604107e-02;7.440804e-02;1.372977e-01;5.011240e-02;6.374880e-02
6.518656e-02;7.542695e-02;2.126642e-01;4.972894e-02;7.580614e-02;1.017820e-01;1.366494e-01;4.622651e-02;4.887278e-02;1.165577e-01;2.649878e-02;4.460000e-02
6.364515e-02;7.678286e-02;2.975174e-01;6.128355e-02;7.185852e-02;8.192019e-02;1.586268e-01;3.534461e-02;5.778589e-02;4.994050e-02;1.902107e-02;2.627343e-02
5.610555e-02;6.044770e-02;4.249589e-01;8.124369e-02;8.795847e-02;5.731882e-02;1.216609e-01;2.425740e-02;3.801956e-02;2.389574e-02;1.551856e-02;8.614640e-03
4.971999e-02;4.710935e-02;5.906768e-01;9.251277e-02;7.201565e-02;3.224414e-02;3.508665e-02;1.709668e-02;2.192240e-02;2.037342e-02;9.783985e-03;1.145811e-02
5.177016e-02;8.351310e-02;6.332114e-01;7.908719e-02;5.187931e-02;1.824311e-02;1.876648e-02;1.123119e-02;1.251655e-02;2.111587e-02;7.751403e-03;1.091424e-02
6.265593e-02;1.085962e-01;5.367862e-01;6.308474e-02;5.451111e-02;2.386326e-02;3.884321e-02;1.520539e-02;2.543239e-02;3.434003e-02;1.931107e-02;1.737049e-02
7.031953e-02;1.073261e-01;3.789783e-01;4.978873e-02;6.399632e-02;3.748099e-02;8.302872e-02;3.635284e-02;4.466636e-02;4.785202e-02;4.412280e-02;3.608717e-02
6.428156e-02;8.363817e-02;2.419183e-01;8.073801e-02;7.229948e-02;5.767843e-02;8.503792e-02;7.648480e-02;7.469187e-02;5.666443e-02;5.721756e-02;4.934954e-02
7.003044e-02;8.370639e-02;1.674124e-01;8.758175e-02;6.932203e-02;6.477013e-02;7.984664e-02;9.753393e-02;9.876426e-02;7.289739e-02;4.433550e-02;6.379912e-02
6.029487e-02;1.142717e-01;1.318417e-01;6.408485e-02;7.788263e-02;6.943277e-02;1.134787e-01;9.184488e-02;1.033173e-01;9.467280e-02;2.483230e-02;5.404552e-02
5.058062e-02;8.908783e-02;1.732185e-01;7.003217e-02;8.549609e-02;6.002706e-02;1.227693e-01;6.455991e-02;9.438330e-02;1.043352e-01;4.003886e-02;4.547115e-02
6.404527e-02;4.673732e-02;2.337225e-01;8.496841e-02;8.083553e-02;5.172235e-02;7.922095e-02;5.284959e-02;1.072294e-01;1.018884e-01;5.072952e-02;4.605065e-02
7.043348e-02;4.113256e-02;2.594790e-01;8.158378e-02;5.068164e-02;4.906267e-02;7.903960e-02;5.144222e-02;9.850331e-02;1.153805e-01;5.291980e-02;5.034137e-02
7.632145e-02;5.394748e-02;2.541170e-01;8.349741e-02;4.976454e-02;4.934682e-02;1.007617e-01;3.867853e-02;8.109603e-02;1.020073e-01;8.379293e-02;2.666891e-02
7.538229e-02;5.770113e-02;1.941426e-01;1.011302e-01;8.111949e-02;5.457199e-02;8.679437e-02;5.355342e-02;5.625393e-02;9.653424e-02;9.587802e-02;4.693826e-02
7.806179e-02;5.017289e-02;1.724924e-01;8.530252e-02;7.949589e-02;6.681653e-02;8.032020e-02;6.296927e-02;8.158451e-02;1.197022e-01;8.227679e-02;4.080502e-02
7.360351e-02;5.624197e-02;1.799896e-01;6.681588e-02;4.945466e-02;7.486212e-02;8.826517e-02;6.201902e-02;1.070089e-01;1.413340e-01;6.828133e-02;3.212388e-02
3.816735e-02;8.941797e-02;1.744089e-01;4.748628e-02;8.606112e-02;6.008558e-02;1.029106e-01;8.598835e-02;1.006417e-01;9.950025e-02;6.717122e-02;4.816065e-02
4.780988e-02;7.017264e-02;1.343410e-01;6.115029e-02;6.741378e-02;5.655908e-02;1.453512e-01;8.650395e-02;1.148314e-01;6.606577e-02;1.084941e-01;4.130694e-02
5.822317e-02;4.904977e-02;7.638184e-02;5.653567e-02;6.606890e-02;7.517219e-02;1.599093e-01;1.160565e-01;9.556476e-02;7.310639e-02;1.042349e-01;6.969660e-02
5.116524e-02;4.403486e-02;7.893209e-02;5.316024e-02;5.245116e-02;5.436906e-02;1.208112e-01;9.004358e-02;9.306055e-02;9.621387e-02;1.767334e-01;8.902472e-02
3.490359e-02;4.530306e-02;1.003656e-01;4.717427e-02;3.707935e-02;4.290053e-02;7.561126e-02;6.119868e-02;1.224422e-01;1.395954e-01;1.897426e-01;1.036835e-01
3.754298e-02;9.689460e-02;9.981669e-02;3.333636e-02;2.307400e-02;5.147119e-02;3.552737e-02;3.593876e-02;2.018812e-01;1.557049e-01;1.296151e-01;9.919694e-02
5.928512e-02;1.678828e-01;6.969614e-02;2.681992e-02;2.556930e-02;5.325787e-02;1.307780e-02;3.981306e-02;3.036282e-01;1.014678e-01;7.442410e-02;6.507785e-02
9.071060e-02;1.975043e-01;5.772971e-02;2.465569e-02;3.416190e-02;2.071584e-02;1.703477e-02;7.255235e-02;3.213477e-01;3.839211e-02;9.536104e-02;2.983403e-02
7.100496e-02;1.409748e-01;1.178098e-01;3.038274e-02;2.654479e-02;5.330384e-02;4.604192e-02;8.249454e-02;2.494309e-01;3.466111e-02;1.083661e-01;3.898456e-02
5.272077e-02;6.590437e-02;1.412635e-01;4.399868e-02;7.541574e-02;5.706355e-02;8.539418e-02;6.182982e-02;1.903327e-01;5.289485e-02;1.052747e-01;6.790719e-02
5.790292e-02;4.109351e-02;1.477471e-01;5.372243e-02;1.341130e-01;7.795341e-02;1.062111e-01;4.703026e-02;1.400982e-01;4.870356e-02;5.645313e-02;8.897146e-02
3.632847e-02;8.131534e-02;2.170273e-01;8.849806e-02;9.399410e-02;7.519415e-02;6.961394e-02;4.812240e-02;8.723118e-02;9.885789e-02;5.338341e-02;5.043374e-02
5.086947e-02;9.015632e-02;2.261364e-01;9.262256e-02;5.283569e-02;5.630265e-02;4.567015e-02;5.804556e-02;1.076745e-01;9.841385e-02;6.752702e-02;5.374575e-02
5.975481e-02;8.563893e-02;1.430745e-01;1.119709e-01;3.339033e-02;4.755528e-02;6.649408e-02;1.272627e-01;1.404113e-01;7.347225e-02;5.056460e-02;6.041030e-02
2.097998e-02;7.402104e-02;8.932900e-02;1.848405e-01;3.714069e-02;7.497618e-02;7.650056e-02;1.646729e-01;1.161366e-01;7.794796e-02;5.069682e-02;3.275773e-02
2.415810e-02;8.517805e-02;1.177648e-01;1.741059e-01;9.873942e-02;8.020184e-02;1.162012e-01;1.101478e-01;5.700277e-02;5.422855e-02;5.289033e-02;2.938122e-02
6.933564e-02;1.030258e-01;1.255701e-01;1.165021e-01;1.065154e-01;3.840600e-02;1.447302e-01;8.728700e-02;6.294782e-02;5.006191e-02;5.626842e-02;3.934957e-02
8.589151e-02;1.021257e-01;9.947133e-02;7.554328e-02;6.395730e-02;5.223371e-02;1.534103e-01;1.005706e-01;9.401745e-02;8.873898e-02;3.451129e-02;4.952860e-02
1.149993e-01;1.078643e-01;7.748228e-02;5.163560e-02;9.008625e-02;5.606715e-02;1.120948e-01;6.714422e-02;1.265782e-01;1.113350e-01;4.255264e-02;4.216022e-02
1.511306e-01;5.391800e-02;1.068777e-01;3.882788e-02;1.163371e-01;5.716259e-02;6.908306e-02;5.751976e-02;1.105002e-01;1.005100e-01;9.240871e-02;4.572442e-02
8.586837e-02;9.856568e-02;2.171284e-01;2.898575e-02;7.279439e-02;5.739827e-02;8.598804e-02;4.860845e-02;8.535914e-02;6.802810e-02;8.480029e-02;6.647509e-02
3.229278e-02;8.428472e-02;4.531500e-01;5.950455e-02;5.628740e-02;3.988906e-02;6.865673e-02;4.077463e-02;5.115613e-02;5.673238e-02;2.907407e-02;2.819757e-02
3.062559e-02;3.948350e-02;5.731302e-01;1.245858e-01;3.828663e-02;1.770408e-02;4.304232e-02;2.111706e-02;1.263775e-02;5.194374e-02;4.037983e-02;7.063471e-03
2.648356e-02;1.517406e-02;5.804581e-01;1.740734e-01;4.836892e-02;1.315027e-02;3.702962e-02;1.233183e-02;5.976615e-03;3.387715e-02;4.801742e-02;5.059057e-03
1.594331e-02;1.559638e-02;6.123963e-01;1.735181e-01;4.169444e-02;9.992227e-03;2.277744e-02;6.987588e-03;1.060648e-02;4.722260e-02;3.798524e-02;5.279954e-03
1.175642e-02;3.533678e-02;6.734142e-01;1.096079e-01;1.603544e-02;7.534391e-03;2.745476e-02;5.450416e-03;1.318159e-02;7.463428e-02;2.142113e-02;4.172606e-03
9.706909e-03;4.274679e-02;7.323198e-01;6.118115e-02;1.022179e-02;4.514455e-03;2.620154e-02;3.852476e-03;1.278153e-02;7.993377e-02;1.252602e-02;4.013848e-03
1.313076e-02;3.530452e-02;7.649594e-01;5.482841e-02;9.326577e-03;4.851914e-03;2.213199e-02;4.815507e-03;6.590664e-03;7.621682e-02;3.112084e-03;4.731342e-03
1.002134e-02;3.633930e-02;7.557737e-01;6.526551e-02;1.292072e-02;4.997585e-03;2.180183e-02;4.022505e-03;7.714976e-03;7.008632e-02;6.695118e-03;4.361077e-03
9.484456e-03;6.608562e-02;7.435125e-01;4.717005e-02;1.007481e-02;3.493032e-03;1.506026e-02;5.384547e-03;2.178234e-02;6.853124e-02;4.187034e-03;5.234137e-03
2.246031e-02;1.308834e-01;6.448706e-01;2.991228e-02;9.715481e-03;1.512203e-02;1.627827e-02;8.892650e-03;5.019047e-02;6.055368e-02;4.516971e-03;6.603828e-03
7.897337e-02;2.492810e-01;4.335161e-01;2.240143e-02;9.661417e-03;3.195129e-02;1.249512e-02;4.260409e-03;9.843367e-02;4.228360e-02;6.438192e-03;1.030442e-02
1.884282e-01;3.368709e-01;2.306042e-01;1.566692e-02;1.013485e-02;3.569851e-02;1.218705e-02;1.105563e-02;1.176855e-01;1.624409e-02;8.333324e-03;1.709079e-02
2.431008e-01;3.422916e-01;1.897140e-01;2.459208e-02;9.184302e-03;2.179868e-02;1.129052e-02;1.550252e-02;8.936702e-02;2.388603e-02;6.847563e-03;2.242492e-02
1.410390e-01;2.930676e-01;3.807426e-01;3.005249e-02;8.096999e-03;2.171482e-02;1.229065e-02;1.323649e-02;4.605154e-02;2.962909e-02;7.002930e-03;1.707582e-02
3.374945e-02;3.051722e-01;4.575429e-01;2.361638e-02;8.443845e-03;4.960433e-02;1.275314e-02;7.775869e-03;6.790607e-02;1.457628e-02;4.532994e-03;1.432649e-02
8.777815e-02;3.603037e-01;3.358390e-01;1.346679e-02;9.207278e-03;5.728440e-02;1.082336e-02;5.829014e-03;8.515377e-02;1.154595e-02;8.528008e-03;1.424054e-02
8.140377e-02;4.109966e-01;2.542983e-01;1.693955e-02;1.149644e-02;6.338017e-02;1.414138e-02;4.893781e-03;1.013998e-01;1.124609e-02;1.234026e-02;1.746382e-02
7.999625e-02;3.504671e-01;3.520941e-01;1.600241e-02;1.007354e-02;5.737748e-02;6.728161e-03;7.154766e-03;8.850709e-02;1.181879e-02;5.120481e-03;1.465979e-02
8.374830e-02;3.532506e-01;3.545810e-01;1.301945e-02;7.776013e-03;6.693647e-02;9.481438e-03;5.866378e-03;8.213021e-02;5.759679e-03;3.779603e-03;1.367093e-02
9.389667e-02;3.626791e-01;3.358614e-01;8.544415e-03;8.017633e-03;7.895284e-02;4.334201e-03;3.704571e-03;7.812747e-02;6.179572e-03;3.651659e-03;1.605040e-02
5.458774e-02;3.127842e-01;4.174286e-01;1.048413e-02;8.566631e-03;8.032058e-02;8.455383e-03;4.365704e-03;6.769583e-02;1.415031e-02;4.566906e-03;1.659388e-02
2.859927e-02;2.389154e-01;5.279082e-01;1.247107e-02;9.932327e-03;6.935307e-02;1.324535e-02;6.231021e-03;5.201478e-02;1.934700e-02;4.516166e-03;1.746629e-02
1.830354e-02;1.727350e-01;6.122336e-01;1.981820e-02;1.007994e-02;4.697868e-02;1.642806e-02;1.280211e-02;4.566589e-02;2.802453e-02;4.904692e-03;1.202584e-02
2.173527e-02;1.188096e-01;6.057459e-01;3.671276e-02;1.924399e-02;3.615065e-02;4.310162e-02;2.151151e-02;3.187352e-02;4.702292e-02;8.542649e-03;9.549619e-03
2.621326e-02;5.169743e-02;5.189013e-01;6.803034e-02;3.239835e-02;2.803610e-02;7.769530e-02;3.662678e-02;1.726939e-02;1.140475e-01;1.963853e-02;9.445677e-03
2.266319e-02;1.372910e-02;4.863041e-01;5.242214e-02;3.052311e-02;2.258632e-02;8.029807e-02;3.702154e-02;3.374224e-02;1.909104e-01;2.507334e-02;4.726477e-03
1.893151e-02;2.561805e-02;5.106665e-01;3.508612e-02;1.690759e-02;1.296114e-02;6.841849e-02;2.061953e-02;3.116312e-02;2.281618e-01;2.483799e-02;6.628167e-03
2.216206e-02;1.302100e-02;5.270652e-01;8.622951e-02;1.847390e-02;6.643381e-03;4.700379e-02;1.284845e-02;2.145798e-02;1.784260e-01;5.882974e-02;7.838969e-03
2.038307e-02;1.832969e-02;5.303264e-01;1.431035e-01;1.787715e-02;6.642842e-03;2.771288e-02;1.079066e-02;1.894392e-02;1.043948e-01;9.125853e-02;1.023658e-02
1.864785e-02;9.081272e-03;5.554451e-01;1.777065e-01;1.654050e-02;4.313855e-03;1.685867e-02;9.692632e-03;1.942850e-02;7.186422e-02;9.137330e-02;9.047532e-03
2.091935e-02;9.033012e-03;5.677228e-01;1.673483e-01;1.942258e-02;9.576335e-03;2.497183e-02;1.066091e-02;1.863282e-02;6.853871e-02;7.808909e-02;5.084314e-03
2.764048e-02;2.536051e-02;5.935361e-01;1.367007e-01;2.186482e-02;1.095187e-02;3.355598e-02;1.466334e-02;1.083228e-02;5.943530e-02;6.238517e-02;3.073490e-03
3.768800e-02;5.368170e-02;6.021329e-01;9.495780e-02;1.650983e-02;9.621246e-03;4.773696e-02;1.615127e-02;1.330625e-02;6.415462e-02;3.877407e-02;5.285427e-03
4.381724e-02;5.527009e-02;5.668243e-01;1.072006e-01;1.961458e-02;1.033983e-02;5.370373e-02;1.563272e-02;1.315427e-02;5.476894e-02;5.349137e-02;6.182348e-03
2.698398e-02;3.092178e-02;5.474778e-01;1.572968e-01;2.051800e-02;1.410585e-02;5.266944e-02;2.307735e-02;1.011166e-02;2.719551e-02;8.128271e-02;8.359130e-03
1.743535e-02;1.807082e-02;5.288365e-01;1.842878e-01;3.844164e-02;2.174652e-02;4.331886e-02;3.441726e-02;1.723033e-02;1.803559e-02;6.573199e-02;1.244720e-02
1.994444e-02;3.151691e-02;5.116102e-01;1.584339e-01;4.672679e-02;3.527821e-02;4.209356e-02;5.614839e-02;2.167526e-02;3.068164e-02;2.695218e-02;1.893862e-02
1.573384e-02;3.602095e-02;5.185141e-01;1.092785e-01;8.511982e-02;3.977816e-02;4.715765e-02;5.705641e-02;1.445456e-02;3.860610e-02;2.337329e-02;1.490660e-02
7.283807e-03;2.805352e-02;5.425712e-01;1.110945e-01;1.063062e-01;3.433229e-02;4.080786e-02;4.981403e-02;4.018361e-03;2.144409e-02;4.809100e-02;6.183138e-03
4.489025e-03;2.490496e-02;5.469560e-01;1.639227e-01;9.113014e-02;2.698648e-02;2.742527e-02;3.264074e-02;2.244635e-03;9.497348e-03;6.188690e-02;7.915784e-03
3.180771e-03;1.391124e-02;5.409616e-01;1.931582e-01;9.817427e-02;2.451047e-02;2.853289e-02;2.190731e-02;4.099142e-03;1.315973e-02;5.521937e-02;3.184992e-03
4.402636e-03;1.066236e-02;5.530457e-01;1.907468e-01;1.043708e-01;2.788123e-02;2.367457e-02;1.496053e-02;6.310315e-03;1.481970e-02;4.411050e-02;5.014851e-03
4.658071e-03;1.822936e-02;5.775218e-01;1.502377e-01;9.806009e-02;3.335289e-02;2.848247e-02;1.118184e-02;8.368313e-03;2.400585e-02;4.041525e-02;5.486366e-03
1.653029e-02;3.758423e-02;6.186104e-01;8.407034e-02;7.400260e-02;3.184584e-02;2.110163e-02;1.029769e-02;1.908477e-02;4.448650e-02;3.436129e-02;8.024469e-03
3.301207e-02;7.142449e-02;6.188989e-01;4.134350e-02;3.615970e-02;2.556186e-02;2.117450e-02;2.196459e-02;4.963779e-02;4.825881e-02;2.038946e-02;1.217426e-02
4.696723e-02;1.073264e-01;4.583076e-01;7.241488e-02;3.248864e-02;3.362432e-02;4.606877e-02;4.817178e-02;7.010626e-02;3.500815e-02;2.801063e-02;2.150533e-02
4.003434e-02;1.133993e-01;3.645722e-01;5.150316e-02;4.939232e-02;4.104032e-02;6.882971e-02;4.627266e-02;8.466372e-02;6.462413e-02;4.812869e-02;2.753940e-02
4.059839e-02;7.731146e-02;4.704540e-01;5.934509e-02;3.702174e-02;2.862855e-02;6.681121e-02;3.026086e-02;7.172522e-02;7.122093e-02;3.206095e-02;1.456160e-02
3.503913e-02;3.818694e-02;5.311336e-01;9.876103e-02;3.407994e-02;2.083794e-02;7.667993e-02;1.964327e-02;4.786437e-02;6.021710e-02;2.588175e-02;1.167498e-02
2.698467e-02;1.360560e-02;5.252357e-01;1.500784e-01;3.787535e-02;1.510727e-02;5.697553e-02;4.039150e-02;2.935246e-02;4.207466e-02;5.525736e-02;7.061497e-03
1.812246e-02;1.849495e-02;5.035925e-01;1.812396e-01;5.329859e-02;1.895472e-02;2.285667e-02;6.193098e-02;1.815320e-02;2.069774e-02;7.839210e-02;4.266539e-03
1.928709e-02;3.632922e-02;4.778757e-01;1.603359e-01;6.098979e-02;2.880810e-02;4.837279e-02;5.914623e-02;1.450315e-02;1.545188e-02;6.911843e-02;9.781634e-03
3.047301e-02;4.411320e-02;4.391999e-01;1.209614e-01;5.830264e-02;3.866722e-02;9.259896e-02;5.183282e-02;3.266052e-02;1.916956e-02;5.050388e-02;2.151691e-02
6.632330e-02;9.165400e-02;3.680554e-01;7.852080e-02;4.148380e-02;2.992088e-02;9.446537e-02;4.623191e-02;9.548611e-02;3.240602e-02;2.630880e-02;2.914363e-02
6.564911e-02;1.200854e-01;3.776802e-01;5.913302e-02;3.515163e-02;1.476741e-02;5.268568e-02;4.124554e-02;1.525310e-01;4.705922e-02;1.740177e-02;1.661011e-02
3.481231e-02;8.626641e-02;5.083636e-01;4.580227e-02;3.051641e-02;1.288262e-02;3.157342e-02;2.052743e-02;1.076603e-01;9.519831e-02;1.463289e-02;1.176403e-02
1.796389e-02;4.882760e-02;5.818850e-01;3.089464e-02;3.370482e-02;1.190316e-02;3.944290e-02;1.880342e-02;4.138260e-02;1.496492e-01;1.766367e-02;7.879083e-03
3.180414e-02;4.036555e-02;4.866836e-01;4.073194e-02;4.264224e-02;2.354301e-02;4.961347e-02;2.571715e-02;4.477078e-02;1.769326e-01;2.363760e-02;1.355780e-02
3.360007e-02;4.326731e-02;3.001059e-01;4.810191e-02;4.232763e-02;3.459201e-02;5.704082e-02;3.446018e-02;8.454939e-02;2.707698e-01;3.581117e-02;1.537379e-02
2.144019e-02;4.016978e-02;2.497770e-01;3.481628e-02;2.911180e-02;2.212763e-02;5.049425e-02;2.031365e-02;9.068585e-02;3.886119e-01;3.215076e-02;2.030084e-02
8.008759e-03;4.071753e-02;2.593990e-01;1.664532e-02;1.672971e-02;1.343843e-02;4.134634e-02;1.144440e-02;7.348772e-02;4.631222e-01;3.172240e-02;2.393816e-02
1.148416e-02;4.502802e-02;2.899864e-01;1.524157e-02;1.277703e-02;9.375563e-03;3.290064e-02;6.852922e-03;7.787286e-02;4.547137e-01;2.265528e-02;2.111188e-02
9.339900e-03;3.543472e-02;3.169231e-01;1.355598e-02;1.541690e-02;1.473423e-02;5.183864e-02;9.270811e-03;7.518370e-02;4.360805e-01;1.005826e-02;1.216323e-02
1.409265e-02;2.375532e-02;3.114400e-01;4.338077e-02;2.333063e-02;1.604122e-02;6.048251e-02;1.180108e-02;3.782665e-02;3.759741e-01;6.610340e-02;1.577166e-02
1.684925e-02;1.184620e-02;2.441744e-01;1.057870e-01;4.728919e-02;1.714062e-02;4.806765e-02;2.145149e-02;2.182022e-02;2.409226e-01;1.739203e-01;5.073117e-02
1.976935e-02;1.673282e-02;1.598076e-01;1.282582e-01;9.606840e-02;3.428777e-02;5.497497e-02;2.647604e-02;2.904950e-02;1.352437e-01;1.992657e-01;1.000660e-01
2.871946e-02;1.847038e-02;1.603678e-01;1.007374e-01;1.433418e-01;7.801851e-02;1.091019e-01;2.619361e-02;2.064499e-02;9.113026e-02;1.050016e-01;1.182724e-01
3.625805e-02;3.299668e-02;2.827634e-01;7.286424e-02;1.302978e-01;7.811338e-02;1.291340e-01;1.839016e-02;2.444370e-02;7.259616e-02;6.169031e-02;6.045219e-02
3.134091e-02;4.947082e-02;3.430087e-01;7.529090e-02;9.821189e-02;3.693272e-02;9.141232e-02;2.957602e-02;2.337947e-02;1.603603e-01;3.678767e-02;2.422828e-02
2.102382e-02;2.505308e-02;2.178251e-01;9.643759e-02;5.908407e-02;3.157191e-02;4.897392e-02;3.891061e-02;3.065847e-02;2.853321e-01;9.111964e-02;5.400969e-02
1.836657e-02;3.485431e-02;1.532033e-01;8.053903e-02;4.744306e-02;4.618158e-02;8.579931e-02;1.870167e-02;6.822059e-02;2.724248e-01;1.196355e-01;5.463029e-02
2.411696e-02;2.482743e-02;1.869172e-01;8.478146e-02;8.830701e-02;5.693651e-02;1.087936e-01;2.518535e-02;4.243428e-02;1.794974e-01;1.216820e-01;5.652086e-02
3.144925e-02;2.695051e-02;2.129540e-01;9.667599e-02;1.064611e-01;4.737294e-02;1.278189e-01;3.492315e-02;1.428672e-02;1.583871e-01;8.652271e-02;5.619758e-02
3.300221e-02;3.174423e-02;2.122634e-01;9.787260e-02;9.953642e-02;4.674869e-02;1.015115e-01;4.531483e-02;3.111984e-02;2.329426e-01;3.843497e-02;2.950867e-02
4.123399e-02;3.700574e-02;2.134648e-01;7.552649e-02;8.348069e-02;4.057246e-02;5.754988e-02;4.018908e-02;5.102063e-02;2.453743e-01;8.508931e-02;2.949266e-02
3.742363e-02;3.253183e-02;2.439328e-01;3.311566e-02;7.687508e-02;3.362853e-02;6.610015e-02;2.439573e-02;8.502702e-02;2.405996e-01;8.276494e-02;4.360504e-02
2.784657e-02;3.249226e-02;2.639477e-01;6.855616e-02;6.984875e-02;2.724751e-02;4.985232e-02;1.958134e-02;5.977975e-02;2.078493e-01;9.845628e-02;7.454202e-02
1.987343e-02;3.118474e-02;2.771488e-01;3.576947e-02;5.480839e-02;5.520215e-02;6.122896e-02;3.655540e-02;8.502296e-02;1.492906e-01;8.981353e-02;1.041017e-01
2.844685e-02;8.077800e-02;2.412446e-01;5.470745e-02;4.985605e-02;6.885643e-02;8.085515e-02;4.911295e-02;8.809461e-02;1.342109e-01;4.911578e-02;7.472128e-02
3.735153e-02;1.005075e-01;2.118081e-01;5.052070e-02;4.375922e-02;2.947379e-02;5.395511e-02;4.827116e-02;5.209310e-02;1.560674e-01;1.321757e-01;8.401673e-02
3.767598e-02;9.006574e-02;1.670147e-01;7.893343e-02;5.560742e-02;2.421163e-02;7.942064e-02;8.548838e-02;2.475429e-02;1.154919e-01;1.225521e-01;1.187838e-01
7.304573e-02;5.242068e-02;1.533418e-01;1.073222e-01;9.034088e-02;3.729273e-02;1.150091e-01;7.980651e-02;5.916905e-02;7.260323e-02;7.905341e-02;8.059466e-02
9.916443e-02;7.828299e-02;1.500723e-01;6.972589e-02;7.363931e-02;3.775769e-02;1.182450e-01;8.294851e-02;7.781700e-02;7.599681e-02;5.159939e-02;8.475070e-02
1.275814e-01;6.195410e-02;1.839851e-01;5.588544e-02;8.646698e-02;3.041649e-02;1.084377e-01;7.311358e-02;8.092845e-02;7.627754e-02;4.841111e-02;6.654211e-02
2.027256e-01;5.007016e-02;1.922435e-01;5.840860e-02;7.626013e-02;5.049457e-02;7.754532e-02;4.234271e-02;8.339997e-02;6.120602e-02;4.466190e-02;6.064147e-02
2.983561e-01;7.151604e-02;1.048652e-01;6.618066e-02;4.972191e-02;7.268893e-02;6.799327e-02;1.981023e-02;6.687298e-02;4.286890e-02;4.359026e-02;9.553550e-02
3.292239e-01;7.674913e-02;5.533580e-02;6.075687e-02;3.739836e-02;8.278150e-02;5.387338e-02;2.171418e-02;4.112721e-02;4.721466e-02;6.203397e-02;1.317910e-01
2.737488e-01;5.106626e-02;5.430473e-02;4.053139e-02;4.228025e-02;1.131971e-01;5.499283e-02;2.174545e-02;2.269381e-02;6.619247e-02;1.133639e-01;1.458831e-01
1.183058e-01;2.815241e-02;4.459956e-02;3.451641e-02;5.131633e-02;1.686040e-01;6.368572e-02;3.364686e-02;2.347998e-02;1.194346e-01;2.087677e-01;1.054906e-01
4.213338e-02;3.813724e-02;3.569322e-02;3.748621e-02;5.781725e-02;1.389211e-01;5.816559e-02;3.785670e-02;3.111498e-02;2.002738e-01;2.591094e-01;6.329107e-02
3.614858e-02;4.832200e-02;2.912342e-02;2.784542e-02;8.811036e-02;7.798447e-02;3.956453e-02;4.233791e-02;4.902551e-02;2.886595e-01;2.457694e-01;2.710895e-02
1.997126e-02;4.466776e-02;2.913516e-02;2.749495e-02;1.228337e-01;4.143962e-02;4.468368e-02;3.610401e-02;5.026567e-02;3.448892e-01;2.014452e-01;3.706988e-02
5.813593e-02;2.874847e-02;3.670548e-02;4.446795e-02;1.492285e-01;3.983502e-02;4.984164e-02;2.512628e-02;4.420181e-02;3.392668e-01;1.362092e-01;4.823298e-02
2.928505e-02;2.588657e-02;2.635204e-02;3.836242e-02;1.789524e-01;6.823056e-02;3.809342e-02;2.873276e-02;5.186013e-02;3.563190e-01;1.129400e-01;4.498560e-02
2.039630e-02;3.001230e-02;2.596311e-02;3.509303e-02;2.053806e-01;6.075909e-02;2.041174e-02;3.953870e-02;5.446845e-02;3.565596e-01;1.197854e-01;3.163169e-02
1.846800e-02;3.265061e-02;4.604796e-02;5.427136e-02;2.193154e-01;6.116005e-02;3.464678e-02;5.021236e-02;5.264856e-02;3.027671e-01;1.031840e-01;2.462785e-02
1.596409e-02;3.885878e-02;4.193085e-02;5.978579e-02;2.165417e-01;9.839426e-02;3.627775e-02;5.895514e-02;4.798197e-02;2.479156e-01;1.113664e-01;2.602756e-02
1.773814e-02;3.311978e-02;2.936876e-02;1.104867e-01;1.930424e-01;1.557284e-01;4.249102e-02;4.970219e-02;2.558625e-02;1.958864e-01;1.321084e-01;1.474155e-02
1.869965e-02;3.078877e-02;4.444842e-02;1.238371e-01;1.354124e-01;2.213057e-01;6.850620e-02;3.114901e-02;2.335430e-02;1.265720e-01;1.555358e-01;2.039051e-02
3.716549e-02;1.507446e-02;9.192995e-02;9.949730e-02;8.760592e-02;2.367029e-01;9.019987e-02;2.606264e-02;3.410076e-02;7.546155e-02;1.736254e-01;3.257378e-02
9.901341e-02;3.952976e-02;1.147368e-01;4.687127e-02;5.865008e-02;1.655414e-01;1.252197e-01;2.163175e-02;4.093935e-02;1.044144e-01;1.375595e-01;4.589260e-02
1.359749e-01;6.755084e-02;1.344314e-01;2.821770e-02;4.226683e-02;1.186719e-01;1.546899e-01;1.939834e-02;4.367235e-02;1.046470e-01;9.882832e-02;5.165063e-02
1.198430e-01;6.403898e-02;1.532850e-01;3.619681e-02;5.754577e-02;1.169069e-01;1.531403e-01;2.176621e-02;5.614982e-02;9.523141e-02;9.198799e-02;3.390776e-02
6.337398e-02;4.758990e-02;1.041882e-01;5.984413e-02;7.818488e-02;1.264608e-01;1.690191e-01;7.108589e-02;5.765330e-02;1.009970e-01;8.414818e-02;3.745458e-02
1.309176e-01;6.266308e-02;1.139948e-01;6.416230e-02;7.826023e-02;9.638788e-02;1.233856e-01;9.412406e-02;4.965374e-02;5.192578e-02;8.496122e-02;4.956364e-02
1.224126e-01;8.107115e-02;1.252516e-01;4.711404e-02;4.474224e-02;1.230542e-01;1.986610e-01;5.161975e-02;4.446426e-02;4.096184e-02;7.730173e-02;4.334564e-02
9.107373e-02;4.905112e-02;1.205586e-01;2.858613e-02;2.814816e-02;1.947650e-01;2.605765e-01;2.182478e-02;4.738373e-02;3.889967e-02;8.552219e-02;3.361038e-02
6.941527e-02;2.870412e-02;8.005967e-02;1.228155e-02;2.236826e-02;2.946636e-01;2.990417e-01;1.187348e-02;4.423990e-02;3.384342e-02;8.417837e-02;1.933060e-02
6.803806e-02;2.761617e-02;4.670363e-02;1.204681e-02;4.093649e-02;3.161986e-01;3.209572e-01;2.694517e-02;2.887044e-02;2.646967e-02;7.136806e-02;1.384967e-02
4.910773e-02;2.279544e-02;3.075544e-02;1.650182e-02;5.973231e-02;2.994409e-01;3.087364e-01;5.570932e-02;2.127181e-02;4.150250e-02;8.162571e-02;1.282056e-02
2.631242e-02;2.282972e-02;2.674779e-02;2.032963e-02;9.024671e-02;2.623216e-01;2.294554e-01;5.566135e-02;2.462563e-02;7.670627e-02;1.306232e-01;3.414024e-02
2.743814e-02;5.568477e-02;2.858853e-02;2.559128e-02;1.116363e-01;2.274565e-01;1.288571e-01;6.984416e-02;3.250040e-02;9.129014e-02;1.601875e-01;4.092520e-02
3.883013e-02;4.807094e-02;3.603088e-02;2.775328e-02;9.769002e-02;2.160845e-01;8.556192e-02;7.353400e-02;5.491497e-02;8.681715e-02;2.028116e-01;3.190065e-02
8.073609e-02;2.192733e-02;4.402755e-02;1.534571e-02;6.718360e-02;2.134730e-01;4.354360e-02;6.439524e-02;7.292312e-02;8.084850e-02;2.654138e-01;3.018242e-02
9.202276e-02;1.510889e-02;4.307248e-02;1.541296e-02;3.738767e-02;2.286526e-01;1.361643e-01;4.236758e-02;6.340246e-02;5.462057e-02;2.215359e-01;5.025185e-02
8.097578e-02;2.155055e-02;3.719235e-02;1.838891e-02;3.094070e-02;1.883225e-01;2.876810e-01;8.808105e-02;3.859225e-02;2.664902e-02;1.044706e-01;7.715534e-02
1.020395e-01;4.328540e-02;4.692223e-02;2.075338e-02;2.722470e-02;1.086841e-01;3.265835e-01;1.355161e-01;4.468444e-02;2.176297e-02;4.732011e-02;7.522360e-02
1.391028e-01;8.268475e-02;1.068504e-01;1.995619e-02;2.837869e-02;4.092881e-02;2.568836e-01;1.502146e-01;7.494652e-02;1.988767e-02;2.679788e-02;5.336809e-02
1.410257e-01;1.230036e-01;1.776625e-01;2.019875e-02;2.402559e-02;4.613803e-02;1.567238e-01;8.543506e-02;1.127317e-01;2.211669e-02;4.116660e-02;4.977190e-02
1.893276e-01;1.396356e-01;1.750883e-01;2.988531e-02;2.182309e-02;5.982865e-02;1.013710e-01;3.348446e-02;9.794186e-02;2.404597e-02;7.699424e-02;5.057388e-02
1.949888e-01;1.356531e-01;1.364510e-01;4.861495e-02;4.546829e-02;6.874669e-02;9.666961e-02;5.217662e-02;4.434380e-02;2.970842e-02;7.903294e-02;6.814588e-02
1.860571e-01;1.140342e-01;9.874513e-02;5.528358e-02;4.720058e-02;8.440341e-02;8.651794e-02;6.653646e-02;5.084395e-02;4.503913e-02;9.361172e-02;7.172676e-02
1.736719e-01;8.449904e-02;9.799719e-02;5.180231e-02;2.313033e-02;9.807299e-02;8.648701e-02;6.843936e-02;5.948018e-02;6.265606e-02;1.261125e-01;6.765119e-02
1.094705e-01;4.154784e-02;6.582987e-02;2.299892e-02;4.974538e-02;1.328691e-01;1.275018e-01;1.038250e-01;4.192169e-02;9.965238e-02;1.325001e-01;7.213733e-02
8.027633e-02;9.517227e-02;6.591403e-02;2.304380e-02;6.855723e-02;1.236087e-01;5.716786e-02;9.951857e-02;8.102183e-02;1.072184e-01;9.635199e-02;1.021491e-01
6.848145e-02;7.450011e-02;8.130492e-02;3.044871e-02;5.182940e-02;8.728749e-02;2.469598e-01;5.628958e-02;7.269786e-02;8.262073e-02;7.580732e-02;7.177260e-02
5.385267e-02;2.385399e-02;4.884161e-02;2.932209e-02;6.095133e-02;1.004597e-01;3.549789e-01;1.001435e-01;5.880695e-02;6.022880e-02;5.737990e-02;5.118044e-02
4.253176e-02;2.367696e-02;7.039407e-02;2.780099e-02;5.929277e-02;8.250960e-02;3.112578e-01;1.288518e-01;8.974138e-02;7.330611e-02;4.820295e-02;4.243378e-02
7.317071e-02;5.415595e-02;1.135897e-01;4.253861e-02;6.195776e-02;3.511439e-02;2.249947e-01;8.371121e-02;7.031167e-02;1.196696e-01;8.795953e-02;3.282623e-02
7.175951e-02;6.562026e-02;1.293657e-01;6.181791e-02;6.088110e-02;5.642314e-02;1.976607e-01;4.909307e-02;1.175217e-01;8.793744e-02;6.434316e-02;3.757626e-02
1.033486e-01;7.713060e-02;1.108575e-01;4.476149e-02;5.491106e-02;3.813454e-02;1.676386e-01;1.129587e-01;1.207634e-01;6.586011e-02;6.417757e-02;3.945791e-02
1.199518e-01;6.283951e-02;1.106953e-01;3.947207e-02;5.053893e-02;1.186612e-01;9.120038e-02;8.720371e-02;1.053071e-01;7.621044e-02;7.937427e-02;5.854531e-02
9.687510e-02;5.248373e-02;1.082006e-01;3.231610e-02;2.840478e-02;1.406611e-01;1.946967e-01;6.632342e-02;6.483307e-02;6.489108e-02;1.084392e-01;4.187511e-02
7.956723e-02;6.690530e-02;1.086420e-01;2.129248e-02;4.320860e-02;9.455000e-02;2.334548e-01;9.047052e-02;4.967265e-02;7.729213e-02;1.079660e-01;2.697826e-02
8.851491e-02;8.179577e-02;8.724742e-02;5.325602e-02;6.365854e-02;6.983547e-02;1.667074e-01;9.267733e-02;8.430654e-02;7.121342e-02;9.187225e-02;4.891498e-02
1.245831e-01;8.292614e-02;9.574275e-02;5.668609e-02;6.089072e-02;1.010907e-01;1.117743e-01;9.893566e-02;6.247070e-02;5.077796e-02;8.627371e-02;6.784806e-02
1.310296e-01;7.524918e-02;8.442856e-02;4.890915e-02;5.242018e-02;1.336042e-01;1.178872e-01;4.874624e-02;6.630000e-02;8.287909e-02;9.490640e-02;6.364011e-02
1.383869e-01;8.195361e-02;8.689490e-02;5.850834e-02;6.087286e-02;1.483674e-01;7.688267e-02;8.643204e-02;7.412028e-02;7.018480e-02;7.398316e-02;4.341305e-02
8.518152e-02;7.027271e-02;1.278787e-01;4.623666e-02;6.153249e-02;1.147710e-01;1.609117e-01;8.672698e-02;7.584468e-02;7.430051e-02;4.132865e-02;5.501438e-02
6.373852e-02;7.871053e-02;1.554707e-01;6.331234e-02;5.882647e-02;1.130496e-01;1.424828e-01;7.455386e-02;7.345348e-02;6.061295e-02;7.134310e-02;4.444571e-02
7.263750e-02;8.133206e-02;1.545848e-01;7.886210e-02;4.782451e-02;1.127336e-01;1.222836e-01;7.902025e-02;7.816572e-02;4.981593e-02;7.484981e-02;4.789018e-02
