4.656174e-02;8.291551e-02;3.583172e-01;1.170956e-01;2.719027e-02;9.953812e-02;5.681845e-02;5.753114e-02;4.051093e-02;4.316834e-02;1.228363e-02;5.806904e-02
6.828804e-02;6.883201e-02;2.223882e-01;7.023875e-02;3.138626e-02;1.661688e-01;6.743010e-02;7.144327e-02;7.120310e-02;8.416659e-02;3.830764e-02;4.014727e-02
7.376533e-02;1.350678e-01;1.557799e-01;8.242551e-02;2.677939e-02;1.941465e-01;8.618247e-02;8.502250e-02;4.872882e-02;5.459958e-02;3.323380e-02;2.426838e-02
6.707964e-02;1.446581e-01;8.153293e-02;1.022134e-01;4.160485e-02;2.428076e-01;8.516907e-02;8.652015e-02;4.849795e-02;3.236047e-02;4.486481e-02;2.269107e-02
6.878113e-02;7.138058e-02;2.051279e-01;1.275573e-01;4.151158e-02;2.169328e-01;5.827391e-02;5.955247e-02;3.798783e-02;3.228966e-02;5.204156e-02;2.856324e-02
5.870570e-02;8.651487e-02;1.754849e-01;1.621748e-01;5.683564e-02;1.864692e-01;5.417734e-02;5.569647e-02;3.679887e-02;3.638379e-02;5.181058e-02;3.894784e-02
3.059020e-02;1.111851e-01;7.215451e-02;1.571709e-01;7.328257e-02;2.216270e-01;7.930324e-02;5.531508e-02;4.946218e-02;6.624953e-02;4.136546e-02;4.229428e-02
5.185135e-02;7.407164e-02;9.814906e-02;1.023837e-01;6.675391e-02;2.435596e-01;1.162175e-01;6.008694e-02;4.721064e-02;7.442806e-02;3.833697e-02;2.695055e-02
8.528266e-02;3.710954e-02;2.039714e-01;1.033169e-01;4.014669e-02;2.021141e-01;8.181732e-02;7.402236e-02;3.985202e-02;4.252531e-02;4.012420e-02;4.971749e-02
8.958591e-02;7.052185e-02;2.527399e-01;8.290291e-02;3.019730e-02;1.694930e-01;4.307168e-02;8.897774e-02;2.902165e-02;4.117664e-02;3.783549e-02;6.447591e-02
5.340207e-02;8.259390e-02;2.120194e-01;1.200667e-01;4.260587e-02;1.861023e-01;4.756490e-02;8.013615e-02;2.462520e-02;5.764046e-02;2.503722e-02;6.820588e-02
7.588178e-02;1.196188e-01;1.817304e-01;1.110020e-01;6.694779e-02;1.082103e-01;6.299368e-02;7.575944e-02;6.369087e-02;4.696261e-02;3.447319e-02;5.272929e-02
9.998768e-02;1.889443e-01;1.721209e-01;6.241048e-02;5.725561e-02;1.211611e-01;9.058049e-02;8.117533e-02;4.864183e-02;2.307742e-02;1.701039e-02;3.763451e-02
1.191725e-01;2.283807e-01;1.494347e-01;5.674097e-02;5.821114e-02;1.131967e-01;8.706709e-02;7.827546e-02;3.325339e-02;1.570950e-02;1.923582e-02;4.132204e-02
1.173923e-01;3.086537e-01;1.755564e-01;3.871471e-02;4.389341e-02;1.322041e-01;5.078559e-02;5.269964e-02;2.316920e-02;1.298068e-02;1.707734e-02;2.687301e-02
7.531287e-02;4.278105e-01;2.180759e-01;1.591897e-02;1.775932e-02;1.504353e-01;2.004967e-02;2.243042e-02;2.915957e-02;6.915757e-03;8.323506e-03;7.808220e-03
4.932242e-02;4.346356e-01;2.727341e-01;1.123921e-02;1.322741e-02;1.225509e-01;1.365086e-02;2.748810e-02;3.453205e-02;1.043973e-02;4.190708e-03;5.988875e-03
4.345107e-02;3.939947e-01;3.026075e-01;2.359122e-02;2.129029e-02;7.318505e-02;2.135457e-02;4.481206e-02;4.124826e-02;1.921190e-02;5.845695e-03;9.407688e-03
5.326287e-02;3.302247e-01;2.537189e-01;2.885501e-02;2.623963e-02;6.246813e-02;5.736565e-02;7.358917e-02;5.312808e-02;3.059823e-02;1.119852e-02;1.935121e-02
6.444668e-02;1.819144e-01;1.715873e-01;2.568136e-02;3.281493e-02;1.142347e-01;1.516610e-01;7.674840e-02;6.142562e-02;4.670196e-02;3.497051e-02;3.781313e-02
6.194958e-02;1.245145e-01;1.049662e-01;3.194111e-02;3.392781e-02;2.047632e-01;1.962477e-01;4.358304e-02;6.931403e-02;4.698487e-02;4.652609e-02;3.528194e-02
4.596004e-02;1.703219e-01;1.160474e-01;3.828273e-02;3.100747e-02;1.869407e-01;2.141631e-01;4.783061e-02;5.786942e-02;3.626379e-02;2.728137e-02;2.803138e-02
4.181775e-02;2.085293e-01;1.720271e-01;3.619408e-02;2.226211e-02;1.039824e-01;2.180845e-01;6.971493e-02;4.119382e-02;4.190519e-02;1.727723e-02;2.701165e-02
5.391335e-02;2.346975e-01;1.933238e-01;3.136707e-02;1.677228e-02;9.877057e-02;1.299097e-01;8.985243e-02;5.243926e-02;5.604949e-02;1.961954e-02;2.328507e-02
3.927027e-02;1.681342e-01;2.058539e-01;7.426183e-02;6.676567e-02;1.102847e-01;4.059163e-02;6.356815e-02;7.834920e-02;8.456598e-02;3.837196e-02;2.998254e-02
2.266208e-02;6.162203e-02;1.255819e-01;8.880720e-02;1.337484e-01;2.161351e-01;4.713586e-02;4.430997e-02;1.081022e-01;6.068130e-02;4.891579e-02;4.229819e-02
1.724324e-02;2.644804e-02;3.488200e-02;5.809860e-02;1.699253e-01;3.410642e-01;5.869138e-02;2.560494e-02;1.625906e-01;2.546761e-02;3.231918e-02;4.766488e-02
1.429706e-02;1.858269e-02;2.719623e-02;1.475698e-02;1.754132e-01;3.781088e-01;6.122177e-02;2.493265e-02;2.020980e-01;1.957918e-02;1.718115e-02;4.663235e-02
1.378122e-02;1.308230e-02;3.172575e-02;2.931562e-02;2.387848e-01;2.849716e-01;4.642028e-02;5.540979e-02;1.830366e-01;1.396292e-02;2.196066e-02;6.754842e-02
1.601378e-02;1.730620e-02;1.790118e-02;1.051213e-01;3.245272e-01;1.356581e-01;3.402775e-02;9.071526e-02;9.928031e-02;1.070671e-02;4.018630e-02;1.085559e-01
1.255452e-02;3.275221e-02;5.976506e-02;1.820545e-01;3.048708e-01;6.994896e-02;2.706443e-02;5.618127e-02;6.569014e-02;1.323176e-02;5.121397e-02;1.246723e-01
1.068350e-02;7.171556e-02;1.384936e-01;2.084354e-01;2.331192e-01;6.899039e-02;1.413721e-02;2.761902e-02;3.668554e-02;2.808868e-02;4.626728e-02;1.157646e-01
1.573282e-02;1.069401e-01;1.700011e-01;1.607073e-01;1.628427e-01;1.241857e-01;1.601418e-02;4.676917e-02;1.870142e-02;3.785925e-02;3.592971e-02;1.043165e-01
1.654985e-02;1.083902e-01;1.420001e-01;1.172716e-01;1.616554e-01;1.599271e-01;2.259247e-02;4.459133e-02;5.376158e-02;3.698233e-02;3.165198e-02;1.046259e-01
1.167124e-02;6.520195e-02;3.838209e-02;1.426816e-01;2.898365e-01;2.113985e-01;3.047404e-02;2.418777e-02;6.831501e-02;1.638961e-02;2.042746e-02;8.103430e-02
1.148539e-02;2.197840e-02;6.898421e-02;1.519005e-01;2.697077e-01;2.918518e-01;1.957257e-02;2.371753e-02;5.691824e-02;9.810824e-03;1.489940e-02;5.917342e-02
1.327487e-02;3.440279e-02;9.012565e-02;1.225410e-01;1.527396e-01;3.808382e-01;3.437972e-02;2.239225e-02;6.049307e-02;1.287207e-02;1.276237e-02;6.317837e-02
1.511331e-02;6.539220e-02;8.070866e-02;7.562228e-02;1.254975e-01;4.258638e-01;3.219217e-02;2.568085e-02;4.513341e-02;1.767766e-02;2.146722e-02;6.965098e-02
1.932192e-02;4.479598e-02;3.133116e-02;6.927326e-02;1.621738e-01;4.219622e-01;5.113760e-02;4.597129e-02;3.706321e-02;1.461060e-02;2.145033e-02;8.090865e-02
1.786342e-02;3.224887e-02;6.358798e-02;9.735869e-02;2.349690e-01;2.672601e-01;4.618689e-02;6.376801e-02;6.496469e-02;1.140192e-02;1.795378e-02;8.243664e-02
4.025083e-02;4.150634e-02;6.436552e-02;1.035977e-01;2.505362e-01;1.856930e-01;6.569901e-02;9.024321e-02;6.163599e-02;3.096630e-02;1.501586e-02;5.048994e-02
9.609918e-02;5.296459e-02;5.655178e-02;8.807483e-02;1.599594e-01;2.289811e-01;7.391469e-02;1.162262e-01;4.750834e-02;5.402899e-02;1.266601e-02;1.302489e-02
9.181637e-02;5.189499e-02;5.303901e-02;8.712429e-02;8.976694e-02;3.281541e-01;7.321654e-02;9.667564e-02;4.223492e-02;5.890226e-02;3.869270e-03;2.330573e-02
5.725655e-02;5.022877e-02;5.132387e-02;9.022907e-02;1.195172e-01;3.026968e-01;8.546568e-02;6.037996e-02;4.648417e-02;4.343810e-02;1.974336e-02;7.323647e-02
2.728396e-02;6.263406e-02;5.940130e-02;1.063059e-01;2.057548e-01;2.044395e-01;8.111743e-02;4.900517e-02;3.904929e-02;3.983810e-02;4.076976e-02;8.440069e-02
2.173882e-02;4.564739e-02;3.947832e-02;1.891466e-01;1.867492e-01;1.642045e-01;5.412046e-02;7.545207e-02;3.657883e-02;4.979840e-02;9.972467e-02;3.736071e-02
1.526437e-02;3.329926e-02;6.437282e-02;2.451464e-01;1.511629e-01;1.880836e-01;2.752290e-02;7.681122e-02;2.628239e-02;2.847272e-02;1.388770e-01;4.704397e-03
2.035940e-02;3.722040e-02;9.675223e-02;2.224131e-01;1.116358e-01;2.162359e-01;3.198414e-02;5.741682e-02;2.659309e-02;3.313550e-02;1.368316e-01;9.421904e-03
3.974453e-02;6.051423e-02;2.089482e-01;1.229485e-01;5.810574e-02;1.901803e-01;4.703450e-02;3.864332e-02;4.008288e-02;7.242308e-02;9.892089e-02;2.245382e-02
4.664123e-02;7.326975e-02;3.012918e-01;5.473796e-02;5.709959e-02;1.524051e-01;7.614743e-02;2.813653e-02;3.906523e-02;9.454925e-02;5.006733e-02;2.658875e-02
4.007863e-02;6.986873e-02;3.195670e-01;4.308439e-02;5.530316e-02;1.197998e-01;1.003451e-01;2.639029e-02;2.534770e-02;1.227506e-01;4.901908e-02;2.844549e-02
6.138600e-02;4.382974e-02;2.743842e-01;5.391119e-02;4.768135e-02;8.453644e-02;1.279792e-01;2.818046e-02;2.144219e-02;1.387729e-01;8.899109e-02;2.890515e-02
6.336902e-02;2.578702e-02;2.712345e-01;3.988992e-02;4.579550e-02;6.552221e-02;1.463139e-01;2.384572e-02;1.424989e-02;1.551453e-01;1.168837e-01;3.196335e-02
4.379746e-02;3.586435e-02;3.207805e-01;2.811646e-02;6.715471e-02;6.485294e-02;1.189210e-01;2.206044e-02;1.293038e-02;1.706857e-01;8.076000e-02;3.407612e-02
2.350833e-02;6.746022e-02;3.876367e-01;2.171916e-02;6.740475e-02;8.718508e-02;6.745476e-02;3.568889e-02;2.159495e-02;1.470302e-01;2.755490e-02;4.576204e-02
1.287733e-02;1.066231e-01;3.879333e-01;2.182275e-02;3.467067e-02;1.302245e-01;2.372936e-02;6.174649e-02;4.802204e-02;8.606270e-02;1.120050e-02;7.508723e-02
2.527135e-02;1.529471e-01;2.698385e-01;2.768968e-02;2.858616e-02;1.928806e-01;1.642294e-02;7.177568e-02;6.552298e-02;3.942230e-02;5.536648e-03;1.041061e-01
2.987706e-02;1.856875e-01;1.329315e-01;3.448755e-02;4.782441e-02;2.339256e-01;1.958169e-02;7.946812e-02;5.884235e-02;3.773762e-02;1.221699e-02;1.274196e-01
2.699056e-02;1.363768e-01;1.617734e-01;3.467800e-02;5.608318e-02;2.013626e-01;6.338509e-02;7.795750e-02;4.310631e-02;8.144566e-02;1.761271e-02;9.922819e-02
5.459296e-02;6.900798e-02;2.930510e-01;2.436588e-02;4.415981e-02;9.685664e-02;1.459269e-01;4.500113e-02;2.384999e-02;1.359933e-01;1.918855e-02;4.800583e-02
9.731472e-02;3.189270e-02;3.341688e-01;3.482292e-02;3.718463e-02;4.068226e-02;1.870747e-01;1.673685e-02;3.587195e-02;1.333442e-01;2.326214e-02;2.764422e-02
1.180185e-01;3.729286e-02;3.316441e-01;7.752033e-02;3.376675e-02;3.376307e-02;1.595926e-01;1.712606e-02;5.470999e-02;8.729840e-02;3.062822e-02;1.863910e-02
9.088548e-02;4.830848e-02;2.715197e-01;1.801250e-01;3.061219e-02;6.549111e-02;6.861930e-02;3.681274e-02;5.606024e-02;4.829921e-02;8.620482e-02;1.706171e-02
3.782333e-02;4.576251e-02;1.569419e-01;2.769355e-01;2.643196e-02;1.087091e-01;3.640813e-02;5.256186e-02;2.263601e-02;4.843181e-02;1.649193e-01;2.243860e-02
1.997296e-02;6.296496e-02;1.003914e-01;2.637693e-01;4.641730e-02;1.081290e-01;3.414280e-02;6.625836e-02;1.264061e-02;7.070687e-02;1.978223e-01;1.678414e-02
1.208401e-02;7.523009e-02;1.433291e-01;1.909218e-01;6.880084e-02;9.708429e-02;3.687960e-02;6.421472e-02;1.227819e-02;8.143445e-02;1.833710e-01;3.437196e-02
2.098634e-02;8.416437e-02;2.032948e-01;1.107557e-01;8.255067e-02;1.054035e-01;4.649642e-02;5.791971e-02;2.027904e-02;8.367956e-02;1.243886e-01;6.008121e-02
6.032045e-02;9.421177e-02;1.850482e-01;9.674540e-02;8.879336e-02;1.018027e-01;7.018197e-02;6.469840e-02;3.030615e-02;5.231490e-02;9.012203e-02;6.545461e-02
6.263352e-02;9.961342e-02;1.762329e-01;1.401218e-01;8.283974e-02;1.114269e-01;5.859634e-02;6.906337e-02;4.015640e-02;9.010167e-02;3.951635e-02;2.969751e-02
3.728254e-02;6.964689e-02;1.488790e-01;1.428526e-01;8.927070e-02;1.705287e-01;4.861641e-02;5.708360e-02;3.790501e-02;6.930432e-02;5.861750e-02;7.001270e-02
1.980405e-02;6.952932e-02;2.355194e-01;9.863740e-02;9.589175e-02;1.971488e-01;4.569988e-02;3.107738e-02;2.975576e-02;4.708439e-02;4.789349e-02;8.195832e-02
1.274637e-02;7.113708e-02;2.321734e-01;8.777072e-02;9.206849e-02;2.119965e-01;7.522048e-02;3.444459e-02;2.914271e-02;4.898136e-02;3.236758e-02;7.195078e-02
2.648034e-02;6.858322e-02;1.799579e-01;1.057792e-01;1.222174e-01;1.977162e-01;7.683437e-02;3.909290e-02;2.733646e-02;4.233707e-02;6.108020e-02;5.258467e-02
3.789003e-02;6.526877e-02;2.206895e-01;1.721362e-01;1.121090e-01;1.114573e-01;5.610386e-02;4.922851e-02;2.269309e-02;2.516236e-02;8.437746e-02;4.288389e-02
3.819123e-02;1.104517e-01;3.020760e-01;1.286902e-01;5.305418e-02;9.525517e-02;6.986246e-02;5.217120e-02;2.776192e-02;3.869754e-02;3.940848e-02;4.437990e-02
3.754459e-02;1.500966e-01;2.901180e-01;7.786686e-02;3.873372e-02;1.464837e-01;6.411548e-02;4.779819e-02;3.318813e-02;5.210990e-02;2.458408e-02;3.736070e-02
3.999029e-02;1.695151e-01;2.565359e-01;7.306906e-02;6.283900e-02;1.429043e-01;3.995261e-02;4.684595e-02;3.366959e-02;4.905478e-02;3.745604e-02;4.816740e-02
4.647415e-02;1.409182e-01;3.005767e-01;9.265443e-02;6.170889e-02;1.168262e-01;5.144060e-02;3.894055e-02;3.339486e-02;3.126089e-02;3.499595e-02;5.080861e-02
4.084017e-02;1.142076e-01;4.265357e-01;9.893669e-02;4.539168e-02;9.252381e-02;3.800815e-02;1.902558e-02;2.515152e-02;3.310902e-02;3.439466e-02;3.187538e-02
2.673030e-02;1.067785e-01;4.543387e-01;1.069193e-01;4.906702e-02;1.136502e-01;2.299562e-02;1.863345e-02;2.166019e-02;3.736230e-02;2.505521e-02;1.680917e-02
3.938518e-02;1.230005e-01;3.741274e-01;1.329585e-01;7.940136e-02;9.639765e-02;3.284209e-02;2.853784e-02;3.285302e-02;2.318393e-02;2.148696e-02;1.582561e-02
5.179106e-02;1.772554e-01;3.143921e-01;1.100360e-01;9.735945e-02;6.443676e-02;3.225167e-02;2.921725e-02;3.757508e-02;4.612488e-02;1.520264e-02;2.435773e-02
4.437029e-02;1.935350e-01;3.521037e-01;7.664119e-02;9.518849e-02;6.617151e-02;1.723270e-02;2.976951e-02;3.846438e-02;4.691610e-02;1.872662e-02;2.088059e-02
3.152705e-02;1.322053e-01;4.145965e-01;6.023970e-02;7.742953e-02;9.210166e-02;3.089694e-02;2.589053e-02;3.005754e-02;3.709326e-02;4.412350e-02;2.383848e-02
2.770010e-02;9.025016e-02;3.848488e-01;1.249163e-01;5.641373e-02;8.673976e-02;2.280515e-02;3.714823e-02;2.956682e-02;3.789672e-02;7.976869e-02;2.194551e-02
3.006811e-02;8.007218e-02;3.455478e-01;1.681777e-01;2.567199e-02;9.924752e-02;1.806920e-02;2.777818e-02;2.446532e-02;5.068181e-02;1.125801e-01;1.764010e-02
5.620135e-02;1.132867e-01;2.976397e-01;1.943419e-01;3.620189e-02;7.240184e-02;2.701388e-02;2.204589e-02;3.165014e-02;4.973003e-02;8.513088e-02;1.435570e-02
7.982791e-02;1.187987e-01;2.847117e-01;1.841269e-01;4.451663e-02;7.587571e-02;3.017502e-02;2.431834e-02;2.442728e-02;9.244157e-02;2.931563e-02;1.146465e-02
5.841917e-02;9.467132e-02;3.683191e-01;1.652133e-01;6.912275e-02;4.255955e-02;3.374353e-02;1.103627e-02;1.576394e-02;1.068791e-01;2.387543e-02;1.039658e-02
2.802124e-02;1.190072e-01;4.451304e-01;1.211488e-01;6.046688e-02;2.502340e-02;2.384668e-02;9.077575e-03;1.224570e-02;1.205802e-01;2.503211e-02;1.041983e-02
1.528829e-02;1.730039e-01;4.764324e-01;4.703439e-02;5.023921e-02;2.513215e-02;1.476203e-02;1.403773e-02;1.431347e-02;1.388979e-01;1.722852e-02;1.363001e-02
2.610870e-02;2.191643e-01;3.858872e-01;5.116564e-02;4.632270e-02;2.242707e-02;1.848399e-02;1.887481e-02;2.450338e-02;1.389682e-01;1.198824e-02;3.610572e-02
3.004662e-02;2.512188e-01;3.085516e-01;6.101232e-02;3.450431e-02;4.541859e-02;1.578850e-02;3.014115e-02;2.796552e-02;1.207059e-01;8.601053e-03;6.604569e-02
2.639556e-02;2.454879e-01;3.456438e-01;6.252979e-02;1.250320e-02;6.902274e-02;1.360737e-02;3.126314e-02;3.878283e-02;8.057586e-02;1.271529e-02;6.147252e-02
3.947636e-02;2.313219e-01;3.330239e-01;5.982351e-02;4.592843e-02;5.903720e-02;2.398888e-02;2.931160e-02;6.234779e-02;5.557590e-02;2.213825e-02;3.802620e-02
5.369779e-02;2.348579e-01;2.784552e-01;5.541060e-02;7.161129e-02;6.051784e-02;3.505219e-02;5.091026e-02;5.461067e-02;5.981881e-02;2.568932e-02;1.936816e-02
6.022799e-02;1.669742e-01;2.015216e-01;9.946141e-02;9.937032e-02;5.155544e-02;3.772232e-02;1.042103e-01;3.536807e-02;8.715956e-02;2.711735e-02;2.931140e-02
7.040662e-02;1.250468e-01;2.365088e-01;8.418483e-02;8.874285e-02;8.687271e-02;3.456214e-02;1.408344e-01;2.144135e-02;6.837111e-02;1.550185e-02;2.752650e-02
7.112563e-02;2.092728e-01;2.838711e-01;6.283610e-02;6.489686e-02;7.636967e-02;1.617255e-02;1.269438e-01;1.427749e-02;2.090062e-02;3.574930e-02;1.758415e-02
5.596321e-02;1.939972e-01;3.135966e-01;5.143735e-02;7.311416e-02;8.073213e-02;2.000664e-02;9.750279e-02;4.301734e-02;2.542281e-02;3.287938e-02;1.233039e-02
2.870125e-02;2.187340e-01;2.992965e-01;5.283678e-02;6.075067e-02;7.507931e-02;2.795624e-02;5.456796e-02;8.799645e-02;7.031690e-02;1.455601e-02;9.207920e-03
1.831051e-02;1.846157e-01;3.442326e-01;6.197615e-02;3.583365e-02;6.093566e-02;4.772016e-02;2.563002e-02;7.862836e-02;1.272997e-01;4.745579e-03;1.007183e-02
1.040896e-02;1.600514e-01;4.107286e-01;5.398304e-02;1.623659e-02;3.982893e-02;6.317742e-02;1.284536e-02;4.320095e-02;1.718153e-01;6.212465e-03;1.151099e-02
1.273883e-02;1.534196e-01;4.415416e-01;3.996648e-02;1.248128e-02;3.100493e-02;7.318154e-02;9.647185e-03;1.851425e-02;1.878242e-01;8.456449e-03;1.122368e-02
2.460689e-02;1.513186e-01;4.435581e-01;2.674480e-02;9.378945e-03;3.370091e-02;7.935563e-02;7.273327e-03;1.190787e-02;1.975782e-01;5.982415e-03;8.594267e-03
2.946953e-02;1.344337e-01;4.364617e-01;3.481955e-02;1.747508e-02;4.327110e-02;8.084440e-02;8.322481e-03;9.939552e-03;1.834438e-01;1.395623e-02;7.562827e-03
3.220091e-02;1.039369e-01;4.215341e-01;4.356905e-02;2.965472e-02;4.447622e-02;9.943312e-02;1.897574e-02;1.447600e-02;1.298876e-01;4.752328e-02;1.433228e-02
2.391418e-02;8.027038e-02;3.467060e-01;1.017205e-01;4.821322e-02;6.322639e-02;1.319680e-01;2.177086e-02;1.955273e-02;6.145626e-02;8.151712e-02;1.968425e-02
1.347722e-02;9.637097e-02;2.071827e-01;1.669360e-01;7.140640e-02;8.471502e-02;1.236963e-01;3.212800e-02;2.361636e-02;5.115132e-02;1.036781e-01;2.564153e-02
1.624906e-02;1.565464e-01;2.155299e-01;1.602638e-01;5.423932e-02;1.093258e-01;4.627712e-02;5.496333e-02;2.320875e-02;5.783049e-02;7.507055e-02;3.049551e-02
1.828136e-02;1.671856e-01;3.951096e-01;1.307792e-01;2.756222e-02;7.380752e-02;5.535939e-02;4.055738e-02;1.337817e-02;4.136621e-02;1.813343e-02;1.847994e-02
2.037467e-02;1.747636e-01;4.399077e-01;1.142029e-01;2.070908e-02;4.580556e-02;5.263312e-02;3.695545e-02;1.859988e-02;5.108243e-02;1.359539e-02;1.137025e-02
1.741599e-02;1.972727e-01;3.527270e-01;9.830093e-02;3.701954e-02;1.035865e-01;4.184288e-02;5.132978e-02;3.241093e-02;4.983934e-02;1.052856e-02;7.725869e-03
1.677995e-02;1.907870e-01;3.774234e-01;1.027936e-01;5.971121e-02;7.884306e-02;3.203785e-02;4.856540e-02;2.700021e-02;4.193681e-02;1.910508e-02;5.016437e-03
2.577749e-02;1.675280e-01;3.983379e-01;5.596298e-02;5.026672e-02;6.382806e-02;3.691807e-02;4.597252e-02;3.161396e-02;7.212441e-02;3.613516e-02;1.553478e-02
5.093587e-02;8.827767e-02;2.492300e-01;3.160519e-02;5.085387e-02;1.877856e-01;6.816473e-02;8.522759e-02;4.824070e-02;6.831869e-02;2.266076e-02;4.869933e-02
4.917111e-02;4.235638e-02;1.238947e-01;2.839872e-02;9.603491e-02;2.764648e-01;6.783984e-02;7.426215e-02;7.331404e-02;3.873583e-02;1.130308e-02;1.182245e-01
2.887228e-02;3.590871e-02;7.471374e-02;3.686940e-02;1.621619e-01;2.715268e-01;5.018765e-02;3.538787e-02;8.819934e-02;1.156458e-02;2.052247e-02;1.840852e-01
5.986053e-03;3.223083e-02;1.070207e-01;4.535794e-02;2.287317e-01;1.875042e-01;3.448910e-02;2.306159e-02;9.243940e-02;1.972077e-02;1.087613e-02;2.125815e-01
8.575286e-03;4.409370e-02;1.209458e-01;5.983938e-02;2.701256e-01;1.062388e-01;2.441194e-02;5.850338e-02;9.350382e-02;2.580462e-02;4.777507e-03;1.831801e-01
1.446560e-02;7.141441e-02;1.389130e-01;7.676695e-02;2.715389e-01;6.756077e-02;1.763330e-02;7.858876e-02;9.561972e-02;2.563696e-02;1.247250e-02;1.293891e-01
7.334868e-03;1.048108e-01;1.762838e-01;6.077879e-02;2.630728e-01;1.122890e-01;1.532175e-02;5.697545e-02;7.283211e-02;2.903994e-02;6.892196e-03;9.436847e-02
1.206628e-02;1.255235e-01;2.095700e-01;6.678571e-02;2.284042e-01;1.291470e-01;1.368728e-02;3.332942e-02;3.881034e-02;3.229196e-02;1.663285e-02;9.375149e-02
4.746744e-02;1.321635e-01;2.526429e-01;5.907708e-02;1.535291e-01;9.123159e-02;3.333015e-02;3.887671e-02;2.233772e-02;3.423333e-02;3.500950e-02;1.001010e-01
1.066208e-01;9.421219e-02;1.916944e-01;2.083044e-02;1.107542e-01;2.240081e-01;2.858113e-02;4.842493e-02;2.055285e-02;3.241945e-02;3.258479e-02;8.931680e-02
1.406573e-01;7.365581e-02;1.187737e-01;3.523840e-02;9.409817e-02;3.540007e-01;2.145255e-02;5.003821e-02;1.493432e-02;3.496839e-02;1.165010e-02;5.053235e-02
1.124864e-01;9.096471e-02;8.371727e-02;2.015086e-02;8.257020e-02;3.911835e-01;4.462888e-02;7.106023e-02;1.489342e-02;3.486521e-02;1.142150e-02;4.205786e-02
5.366703e-02;1.120936e-01;7.059085e-02;2.590751e-02;6.937538e-02;3.601386e-01;7.519511e-02;1.082998e-01;1.467500e-02;3.207736e-02;1.537570e-02;6.260404e-02
2.379910e-02;1.098434e-01;8.664246e-02;2.002221e-02;7.645795e-02;2.748256e-01;8.293604e-02;1.880804e-01;3.221056e-02;1.681699e-02;1.733584e-02;7.102940e-02
4.358918e-02;8.973742e-02;1.130635e-01;3.550268e-02;1.076235e-01;2.015341e-01;5.966001e-02;2.009618e-01;5.146299e-02;1.923989e-02;1.635359e-02;6.127123e-02
4.167839e-02;1.007740e-01;1.477810e-01;9.678210e-02;1.499664e-01;1.125914e-01;3.426873e-02;1.546314e-01;4.888634e-02;3.641082e-02;1.773357e-02;5.849580e-02
3.746855e-02;1.253700e-01;2.013083e-01;1.028174e-01;1.683308e-01;4.918128e-02;1.740217e-02;1.054357e-01;3.695266e-02;4.049802e-02;4.107822e-02;7.415696e-02
3.421690e-02;1.022951e-01;1.838233e-01;2.423511e-02;1.297075e-01;2.092826e-01;4.489734e-02;8.049871e-02;2.719792e-02;3.111392e-02;4.261318e-02;9.011839e-02
4.436298e-02;1.126598e-01;1.788746e-01;4.662983e-02;1.020588e-01;2.203884e-01;5.670843e-02;5.596076e-02;1.591956e-02;2.660096e-02;4.061667e-02;9.921920e-02
2.798937e-02;1.528484e-01;2.728405e-01;6.867747e-02;9.605619e-02;1.481351e-01;5.710057e-02;2.919505e-02;1.822428e-02;1.826613e-02;2.395998e-02;8.670706e-02
3.157497e-02;1.546286e-01;3.087695e-01;5.065669e-02;8.161828e-02;1.525975e-01;3.569239e-02;3.935642e-02;2.572397e-02;2.788047e-02;1.919860e-02;7.230262e-02
5.228768e-02;1.386933e-01;2.985784e-01;3.482851e-02;8.637891e-02;1.780497e-01;2.166775e-02;4.878835e-02;2.382997e-02;4.466399e-02;1.497238e-02;5.726109e-02
3.835607e-02;1.126497e-01;2.968704e-01;5.415818e-02;9.636991e-02;1.712628e-01;3.217204e-02;4.822587e-02;2.525436e-02;6.512255e-02;1.855546e-02;4.100264e-02
1.614174e-02;1.420268e-01;2.934455e-01;5.322486e-02;9.404124e-02;1.545502e-01;2.281091e-02;6.213020e-02;2.576712e-02;7.090148e-02;2.122543e-02;4.373444e-02
2.160161e-02;1.295312e-01;2.364283e-01;5.329404e-02;8.718871e-02;2.240826e-01;1.576368e-02;7.142156e-02;3.170738e-02;6.677870e-02;2.239588e-02;3.980625e-02
1.201303e-02;9.607154e-02;2.236761e-01;1.933836e-02;7.618963e-02;3.061635e-01;1.109138e-02;8.004122e-02;3.625175e-02;6.886646e-02;2.607431e-02;4.422263e-02
1.869954e-02;6.878781e-02;2.258624e-01;4.795951e-02;5.311505e-02;2.786149e-01;2.542940e-02;1.026785e-01;5.308849e-02;6.000733e-02;1.654606e-02;4.921097e-02
2.102843e-02;1.526849e-01;2.224707e-01;4.839208e-02;4.867349e-02;1.999304e-01;2.545586e-02;9.680804e-02;7.169781e-02;4.684681e-02;1.468205e-02;5.132940e-02
3.245007e-02;2.183721e-01;2.668787e-01;6.313489e-02;5.698358e-02;1.381483e-01;3.182741e-02;6.355224e-02;4.589349e-02;3.362178e-02;1.523596e-02;3.390140e-02
4.341586e-02;2.532414e-01;2.585537e-01;5.470432e-02;5.971674e-02;9.665277e-02;6.276704e-02;4.439775e-02;3.778592e-02;2.798268e-02;1.952078e-02;4.126111e-02
4.016631e-02;1.855337e-01;1.903752e-01;3.182124e-02;5.200711e-02;1.258135e-01;1.242517e-01;7.197671e-02;4.686644e-02;3.355307e-02;3.752044e-02;6.011466e-02
2.618971e-02;6.289990e-02;1.157103e-01;2.455950e-02;5.747056e-02;2.281943e-01;1.820857e-01;8.170073e-02;6.770979e-02;4.995821e-02;5.132211e-02;5.219923e-02
1.409295e-02;4.733165e-02;8.041311e-02;3.700776e-02;1.036649e-01;2.082453e-01;1.521274e-01;1.429315e-01;8.547750e-02;6.199855e-02;3.793991e-02;2.876946e-02
1.584254e-02;4.660839e-02;7.852567e-02;5.869057e-02;1.417239e-01;1.397941e-01;8.581494e-02;1.786011e-01;1.408083e-01;7.149781e-02;1.929718e-02;2.279546e-02
2.436957e-02;3.441918e-02;7.460896e-02;1.087511e-01;1.217735e-01;7.980035e-02;7.822174e-02;2.039686e-01;1.832657e-01;5.735661e-02;1.091569e-02;2.254889e-02
1.961582e-02;4.244235e-02;7.030458e-02;1.416084e-01;8.846532e-02;5.819748e-02;5.788649e-02;2.416924e-01;1.921812e-01;5.290424e-02;8.467918e-03;2.623381e-02
1.551105e-02;4.314571e-02;1.632746e-01;1.244563e-01;5.056981e-02;5.682734e-02;4.728796e-02;2.519848e-01;1.713816e-01;4.232313e-02;7.355792e-03;2.588190e-02
1.264700e-02;4.964729e-02;2.315313e-01;5.714329e-02;3.555917e-02;7.716722e-02;7.240585e-02;2.771088e-01;1.331643e-01;2.534203e-02;3.067591e-03;2.521618e-02
6.503825e-03;2.721589e-02;2.496717e-01;3.808121e-02;3.297941e-02;8.268906e-02;7.967947e-02;3.035465e-01;1.220428e-01;2.702871e-02;6.136511e-03;2.442493e-02
7.707577e-03;5.700354e-02;2.850039e-01;5.394625e-02;3.018196e-02;4.066383e-02;6.537898e-02;2.910155e-01;9.615598e-02;3.610966e-02;9.677229e-03;2.715553e-02
8.564439e-03;7.480573e-02;3.252656e-01;3.215417e-02;1.630948e-02;7.213303e-02;4.255531e-02;2.713799e-01;7.927278e-02;4.225787e-02;6.876471e-03;2.842516e-02
1.251887e-02;8.852225e-02;3.248046e-01;3.018694e-02;3.517379e-02;7.625045e-02;3.162146e-02;2.489405e-01;8.329836e-02;4.248768e-02;4.728789e-03;2.146633e-02
1.491914e-02;1.147146e-01;3.394828e-01;6.215419e-02;3.552060e-02;5.154767e-02;1.573678e-02;2.327083e-01;7.329120e-02;3.751285e-02;8.519435e-03;1.389243e-02
2.012623e-02;1.619212e-01;3.422573e-01;4.238259e-02;1.790369e-02;6.798249e-02;9.758502e-03;2.188367e-01;7.092925e-02;2.231699e-02;8.820397e-03;1.676468e-02
3.559532e-02;1.875765e-01;3.037264e-01;5.435547e-02;2.821955e-02;1.014168e-01;1.242319e-02;1.926954e-01;4.279800e-02;1.527260e-02;6.448994e-03;1.947165e-02
4.651042e-02;1.895694e-01;2.521344e-01;2.766715e-02;2.600807e-02;1.588272e-01;2.046386e-02;1.784736e-01;5.115654e-02;1.910462e-02;6.555023e-03;2.352980e-02
4.408580e-02;1.677717e-01;2.270041e-01;3.574261e-02;2.334527e-02;1.830846e-01;2.239565e-02;1.220533e-01;1.068235e-01;2.662237e-02;1.018073e-02;3.089051e-02
2.671090e-02;1.014184e-01;1.559587e-01;6.066894e-02;4.771461e-02;1.129810e-01;4.614483e-02;2.551814e-01;1.324148e-01;1.981915e-02;1.679896e-02;2.418843e-02
1.938650e-02;8.485804e-02;1.576713e-01;4.394111e-02;4.027001e-02;1.685008e-01;2.843778e-02;2.953284e-01;9.702493e-02;1.901258e-02;2.251087e-02;2.305770e-02
1.896206e-02;1.142536e-01;1.857547e-01;2.584017e-02;3.529277e-02;1.900449e-01;5.242314e-02;2.438622e-01;6.408548e-02;2.315413e-02;2.405283e-02;2.227404e-02
2.071514e-02;1.101815e-01;2.484340e-01;5.506068e-02;4.236815e-02;1.360185e-01;6.396727e-02;1.905922e-01;5.736676e-02;2.571155e-02;2.385766e-02;2.572656e-02
3.348909e-02;1.037841e-01;3.079225e-01;5.548508e-02;4.041399e-02;8.731925e-02;4.592745e-02;1.712371e-01;6.117563e-02;1.983381e-02;3.956420e-02;3.384780e-02
3.068994e-02;1.426905e-01;3.183371e-01;1.887194e-02;2.099588e-02;9.138553e-02;2.254005e-02;2.109486e-01;8.028177e-02;1.686797e-02;2.783653e-02;1.855409e-02
2.068786e-02;1.433184e-01;3.251234e-01;3.507973e-02;2.809417e-02;7.507114e-02;7.115621e-03;2.360197e-01;7.929555e-02;2.064179e-02;1.026903e-02;1.928359e-02
2.040559e-02;1.472023e-01;3.662724e-01;2.359621e-02;1.957314e-02;4.874754e-02;8.287738e-03;2.413810e-01;6.713133e-02;2.136274e-02;1.377569e-02;2.226428e-02
2.980499e-02;1.876480e-01;3.755230e-01;2.895954e-02;1.215199e-02;3.923206e-02;1.942846e-02;2.058302e-01;4.018329e-02;1.300399e-02;3.349474e-02;1.473971e-02
2.565392e-02;2.168148e-01;3.327111e-01;2.484908e-02;1.346182e-02;8.997207e-02;3.099347e-02;1.680236e-01;3.288666e-02;7.448795e-03;5.048742e-02;6.697257e-03
2.515944e-02;2.241006e-01;2.767154e-01;2.149087e-02;1.772546e-02;1.399170e-01;4.351152e-02;1.483659e-01;3.389283e-02;9.217585e-03;5.319265e-02;6.710786e-03
2.051755e-02;1.719801e-01;2.390766e-01;3.966853e-02;2.244720e-02;1.889274e-01;5.850959e-02;1.384317e-01;4.276843e-02;1.631884e-02;4.451380e-02;1.684027e-02
1.743717e-02;9.433538e-02;1.786289e-01;4.498041e-02;1.841961e-02;2.108102e-01;5.755910e-02;2.250185e-01;7.835898e-02;1.676556e-02;3.320222e-02;2.448398e-02
2.396362e-02;1.191152e-01;1.669740e-01;2.278434e-02;2.802448e-02;1.096658e-01;3.602892e-02;3.058648e-01;1.237250e-01;1.268333e-02;2.537477e-02;2.579568e-02
1.934973e-02;1.411655e-01;1.554255e-01;3.429766e-02;4.610918e-02;1.457921e-01;2.320113e-02;2.712782e-01;1.066119e-01;1.384780e-02;2.289664e-02;2.002473e-02
2.753359e-02;1.388165e-01;1.596283e-01;3.753995e-02;4.722925e-02;1.697324e-01;2.479488e-02;2.442101e-01;7.024368e-02;3.016627e-02;2.702703e-02;2.307804e-02
2.505005e-02;1.362532e-01;2.046977e-01;2.095884e-02;2.167461e-02;1.338038e-01;2.637632e-02;2.569428e-01;1.037230e-01;3.131278e-02;1.974736e-02;1.945952e-02
1.599495e-02;1.487170e-01;2.466451e-01;2.166510e-02;2.163778e-02;1.014363e-01;2.579790e-02;2.495908e-01;1.059875e-01;2.751201e-02;1.895567e-02;1.605986e-02
9.230852e-03;1.760501e-01;3.029528e-01;1.776113e-02;3.046399e-02;8.253050e-02;2.191890e-02;2.198233e-01;8.966810e-02;2.160623e-02;1.565092e-02;1.234322e-02
1.468301e-02;1.921382e-01;3.835541e-01;3.579322e-02;2.204980e-02;7.680412e-02;1.632603e-02;1.688965e-01;4.913589e-02;1.730173e-02;1.476703e-02;8.550479e-03
1.094908e-02;1.888767e-01;4.136191e-01;2.951781e-02;2.983296e-02;4.409715e-02;1.842001e-02;1.726098e-01;4.161387e-02;1.880690e-02;1.871985e-02;1.293683e-02
1.227135e-02;1.677230e-01;3.914246e-01;3.758174e-02;4.287446e-02;5.909788e-02;1.731127e-02;1.703982e-01;5.797460e-02;1.644977e-02;1.595553e-02;1.093759e-02
1.895387e-02;1.880162e-01;4.007388e-01;4.981823e-02;4.036625e-02;2.289743e-02;2.241362e-02;1.427842e-01;6.917156e-02;1.734569e-02;1.255308e-02;1.494108e-02
2.592359e-02;1.752362e-01;3.597868e-01;2.774511e-02;2.985947e-02;6.543492e-02;3.157340e-02;1.542616e-01;7.521570e-02;2.081624e-02;1.628429e-02;1.786270e-02
2.032091e-02;6.669776e-02;3.348430e-01;1.970865e-02;4.028798e-02;1.016076e-01;3.097164e-02;2.422059e-01;7.555088e-02;2.710198e-02;2.243038e-02;1.827327e-02
9.729435e-03;1.323637e-01;3.189397e-01;3.380420e-02;5.311520e-02;8.457243e-02;2.023918e-02;2.144542e-01;7.904331e-02;2.053713e-02;1.989822e-02;1.330332e-02
2.078337e-02;1.973478e-01;3.211619e-01;2.502065e-02;5.592467e-02;9.222562e-02;2.429693e-02;1.360834e-01;8.032705e-02;2.088861e-02;1.641037e-02;9.529559e-03
2.137309e-02;2.039103e-01;3.409242e-01;3.374847e-02;4.961413e-02;6.886280e-02;1.739844e-02;1.401872e-01;6.965140e-02;2.395886e-02;1.583079e-02;1.454034e-02
1.652593e-02;1.700045e-01;3.403960e-01;3.847910e-02;3.354804e-02;6.905013e-02;2.534052e-02;2.063817e-01;4.447395e-02;2.578920e-02;2.005365e-02;9.957266e-03
2.301420e-02;1.831803e-01;2.103132e-01;5.847228e-02;2.941076e-02;8.065928e-02;3.078867e-02;2.665399e-01;5.938794e-02;1.893449e-02;1.986418e-02;1.943480e-02
2.305661e-02;1.677085e-01;3.537567e-02;5.374293e-02;4.396817e-02;2.058367e-01;1.483112e-02;3.146217e-01;7.649609e-02;1.781922e-02;1.886138e-02;2.768187e-02
1.841492e-02;1.497850e-01;2.030224e-01;6.089446e-02;4.217952e-02;1.296997e-01;1.484397e-02;2.713169e-01;7.013603e-02;1.223221e-02;1.277883e-02;1.469611e-02
1.718263e-02;1.724880e-01;3.043553e-01;6.129320e-02;2.858599e-02;4.086814e-02;2.128976e-02;2.449238e-01;8.427644e-02;8.388651e-03;8.534723e-03;7.813382e-03
1.161347e-02;1.582833e-01;3.132674e-01;4.536648e-02;1.578626e-02;1.023440e-01;2.156828e-02;2.075287e-01;9.288544e-02;1.285523e-02;1.070146e-02;7.800105e-03
2.031327e-02;1.326895e-01;3.304709e-01;4.035065e-02;3.462421e-02;2.021039e-01;1.648288e-02;1.076262e-01;6.778853e-02;2.037508e-02;1.630828e-02;1.086665e-02
2.346546e-02;1.331754e-01;3.236463e-01;5.769722e-02;3.540605e-02;1.799980e-01;1.202881e-02;1.421011e-01;3.800975e-02;2.010231e-02;1.754286e-02;1.682679e-02
2.472861e-02;1.484777e-01;2.592779e-01;4.518822e-02;2.881948e-02;1.083835e-01;1.332677e-02;2.419965e-01;6.211833e-02;2.357220e-02;1.986870e-02;2.424222e-02
1.503175e-02;1.564467e-01;2.395827e-01;3.540340e-02;2.527216e-02;9.581283e-02;1.446739e-02;2.423284e-01;1.174710e-01;2.353330e-02;1.749087e-02;1.715953e-02
1.268704e-02;1.970092e-01;3.243688e-01;3.604951e-02;2.428990e-02;1.038257e-01;1.664967e-02;1.826958e-01;6.166842e-02;1.571076e-02;1.164520e-02;1.339992e-02
1.165309e-02;2.143461e-01;3.861552e-01;2.105960e-02;1.998875e-02;5.671606e-02;1.449443e-02;1.839409e-01;5.563298e-02;1.442848e-02;1.011220e-02;1.147212e-02
1.116899e-02;1.970059e-01;3.635871e-01;4.029581e-02;2.470321e-02;3.701458e-02;1.148566e-02;2.127771e-01;6.750385e-02;1.646028e-02;9.140676e-03;8.856813e-03
1.728137e-02;1.966616e-01;3.149748e-01;2.499860e-02;3.356013e-02;5.698835e-02;1.739291e-02;2.439103e-01;5.169541e-02;1.908002e-02;1.249694e-02;1.095958e-02
2.280326e-02;1.299796e-01;2.217204e-01;1.519167e-02;3.502567e-02;1.586206e-01;2.936922e-02;2.322668e-01;8.896244e-02;2.505903e-02;2.103460e-02;1.996676e-02
2.905869e-02;7.822073e-02;2.153470e-01;2.202898e-02;3.443552e-02;1.865756e-01;3.158774e-02;2.305713e-01;9.151878e-02;2.989030e-02;2.510960e-02;2.565574e-02
1.743535e-02;1.260385e-01;2.367119e-01;2.778275e-02;2.322643e-02;1.040616e-01;3.071100e-02;2.731155e-01;9.056630e-02;2.813266e-02;1.856240e-02;2.365559e-02
1.959144e-02;1.759877e-01;2.111001e-01;4.265613e-02;1.467017e-02;1.284168e-01;2.490533e-02;2.856234e-01;3.948659e-02;1.437000e-02;2.396472e-02;1.922756e-02
