1.069264e-01;7.525947e-02;1.964145e-01;5.335048e-02;5.290074e-02;4.716536e-02;1.303384e-01;4.445255e-02;6.855246e-02;1.119550e-01;5.590283e-02;5.678173e-02
9.677347e-02;6.012242e-02;2.767181e-01;5.212016e-02;5.823956e-02;4.638636e-02;1.062202e-01;3.431273e-02;4.192060e-02;1.155341e-01;7.209930e-02;3.955306e-02
6.773298e-02;5.569112e-02;3.205059e-01;4.757763e-02;5.337660e-02;5.726890e-02;7.648276e-02;2.559894e-02;3.843587e-02;1.142036e-01;5.578875e-02;8.733698e-02
4.501381e-02;8.884962e-02;2.940484e-01;4.293789e-02;3.733373e-02;6.903922e-02;6.291886e-02;2.154290e-02;5.826971e-02;1.014252e-01;2.658876e-02;1.520319e-01
3.391513e-02;9.695952e-02;2.806406e-01;4.212393e-02;2.022416e-02;7.299738e-02;5.034218e-02;2.352727e-02;7.121286e-02;9.806462e-02;2.167699e-02;1.883154e-01
4.667597e-02;8.268694e-02;3.070728e-01;3.168331e-02;2.338132e-02;5.191303e-02;5.710047e-02;2.978947e-02;9.088206e-02;1.065626e-01;3.063326e-02;1.416189e-01
6.555659e-02;9.072925e-02;3.619823e-01;2.217305e-02;2.552914e-02;3.107919e-02;7.226019e-02;2.360648e-02;9.899971e-02;1.122919e-01;2.846718e-02;6.732501e-02
5.981965e-02;7.548681e-02;4.360828e-01;2.582999e-02;3.476179e-02;2.957263e-02;7.247348e-02;1.626838e-02;7.719859e-02;1.140675e-01;3.013904e-02;2.829936e-02
6.037231e-02;5.869961e-02;4.629754e-01;3.307822e-02;4.046597e-02;4.436185e-02;6.423702e-02;1.194358e-02;4.886964e-02;1.222552e-01;2.415003e-02;2.859124e-02
4.765985e-02;4.286774e-02;4.877617e-01;4.571237e-02;5.436853e-02;4.928224e-02;6.356951e-02;1.101988e-02;2.362831e-02;1.396369e-01;1.838888e-02;1.610406e-02
4.664041e-02;3.648363e-02;4.727162e-01;5.670371e-02;7.298053e-02;5.419043e-02;5.895309e-02;8.416316e-03;1.712537e-02;1.414180e-01;2.673647e-02;7.635857e-03
4.809035e-02;6.831039e-02;4.211547e-01;5.858389e-02;8.539554e-02;5.423257e-02;6.069282e-02;1.642249e-02;2.082986e-02;1.243619e-01;2.030259e-02;2.162288e-02
3.456017e-02;9.286808e-02;3.697583e-01;5.051177e-02;8.786208e-02;5.741864e-02;7.409333e-02;3.468459e-02;3.533434e-02;1.060905e-01;2.187433e-02;3.494390e-02
4.862067e-02;1.112977e-01;2.715259e-01;5.099495e-02;7.337897e-02;4.955518e-02;1.058463e-01;4.399100e-02;6.179050e-02;9.213178e-02;4.216292e-02;4.870405e-02
7.975733e-02;9.325904e-02;2.136104e-01;5.179508e-02;5.194918e-02;4.494043e-02;1.316718e-01;4.996580e-02;8.129087e-02;8.937006e-02;6.919190e-02;4.319818e-02
4.935389e-02;6.166214e-02;2.745703e-01;3.632673e-02;4.995811e-02;5.318033e-02;9.907154e-02;7.629752e-02;1.076609e-01;7.611565e-02;8.277628e-02;3.302657e-02
8.223207e-02;4.137276e-02;2.587432e-01;6.130318e-02;5.696495e-02;6.713866e-02;8.065507e-02;8.851316e-02;5.218755e-02;1.124578e-01;6.095330e-02;3.747835e-02
9.150167e-02;7.082285e-02;2.695936e-01;9.121795e-02;4.106123e-02;6.482997e-02;5.410425e-02;5.767139e-02;3.521339e-02;1.359182e-01;5.745746e-02;3.060809e-02
6.833556e-02;8.291700e-02;2.859616e-01;8.928582e-02;3.119914e-02;5.724498e-02;5.579434e-02;4.935682e-02;4.117306e-02;1.326763e-01;6.122641e-02;4.482895e-02
5.922455e-02;9.230721e-02;2.752815e-01;4.810975e-02;5.250848e-02;5.393154e-02;7.373303e-02;9.053543e-02;2.509882e-02;1.176736e-01;4.842582e-02;6.317026e-02
4.785743e-02;8.725298e-02;2.256778e-01;3.355899e-02;6.393618e-02;3.728747e-02;9.737134e-02;1.345495e-01;7.444406e-02;1.031221e-01;4.679725e-02;4.814476e-02
7.512525e-02;8.374930e-02;1.825155e-01;4.280872e-02;4.634775e-02;2.787476e-02;1.111719e-01;1.202779e-01;1.190548e-01;9.974749e-02;4.493168e-02;4.639504e-02
1.075231e-01;8.987439e-02;1.563755e-01;4.364337e-02;5.924424e-02;2.610696e-02;1.532912e-01;9.169143e-02;8.618299e-02;6.646909e-02;4.449025e-02;7.510755e-02
8.427116e-02;5.504708e-02;1.497527e-01;6.140056e-02;6.501770e-02;3.383562e-02;1.895052e-01;7.684473e-02;9.150958e-02;7.065245e-02;6.605037e-02;5.611284e-02
8.566844e-02;4.825711e-02;9.954980e-02;8.628695e-02;6.748371e-02;4.836661e-02;1.469621e-01;6.926266e-02;1.092811e-01;7.517911e-02;9.530883e-02;6.839363e-02
9.558810e-02;5.493081e-02;9.740324e-02;1.098300e-01;6.195383e-02;4.468670e-02;9.822773e-02;6.341162e-02;1.335365e-01;6.596144e-02;9.514792e-02;7.932208e-02
1.239309e-01;3.140608e-02;9.062421e-02;1.629191e-01;5.590605e-02;2.830668e-02;6.377684e-02;5.145777e-02;1.813889e-01;5.904074e-02;1.049800e-01;4.626277e-02
1.189123e-01;1.757269e-02;7.809049e-02;2.193104e-01;6.871691e-02;1.275095e-02;3.712291e-02;4.139252e-02;2.110751e-01;6.169630e-02;1.183570e-01;1.500242e-02
6.356513e-02;2.572117e-02;1.457251e-01;2.094955e-01;9.889015e-02;2.078294e-02;3.485533e-02;5.053176e-02;1.715969e-01;6.852119e-02;9.756245e-02;1.275242e-02
2.980969e-02;4.113180e-02;2.080840e-01;1.498918e-01;1.040957e-01;5.345232e-02;6.444409e-02;8.131676e-02;1.060696e-01;7.136322e-02;6.478362e-02;2.555737e-02
1.860633e-02;6.387661e-02;2.368899e-01;9.212291e-02;8.940396e-02;6.878394e-02;1.251188e-01;9.829675e-02;6.791201e-02;6.327963e-02;4.291090e-02;3.279821e-02
5.304217e-02;1.008882e-01;1.815701e-01;6.209331e-02;7.331204e-02;6.011239e-02;1.928949e-01;7.778698e-02;6.153618e-02;5.522839e-02;5.379955e-02;2.773575e-02
9.605097e-02;1.531369e-01;7.770706e-02;6.186447e-02;6.442072e-02;6.478963e-02;2.284202e-01;5.781619e-02;5.643052e-02;4.255298e-02;8.284111e-02;1.396919e-02
1.163413e-01;1.431921e-01;8.770851e-02;8.402582e-02;6.372839e-02;4.828043e-02;2.546846e-01;4.002258e-02;4.976507e-02;3.080660e-02;6.754032e-02;1.390421e-02
7.693309e-02;1.273472e-01;9.386181e-02;7.901049e-02;6.459097e-02;4.817946e-02;3.102881e-01;5.284598e-02;4.616660e-02;2.925221e-02;4.542762e-02;2.609645e-02
3.918507e-02;1.070275e-01;1.226864e-01;5.421657e-02;9.690446e-02;5.098089e-02;3.025457e-01;8.643883e-02;5.207479e-02;2.791023e-02;3.559897e-02;2.443062e-02
3.264247e-02;7.335284e-02;1.757347e-01;5.419706e-02;1.084594e-01;4.404975e-02;2.379873e-01;1.586334e-01;3.106803e-02;2.126733e-02;3.621291e-02;2.639481e-02
2.492591e-02;4.520053e-02;1.873091e-01;5.263896e-02;8.456670e-02;2.506761e-02;1.965696e-01;2.474258e-01;3.182068e-02;3.286546e-02;4.108968e-02;3.051996e-02
2.734978e-02;5.201517e-02;1.238474e-01;3.472620e-02;8.245448e-02;2.817556e-02;2.486558e-01;2.359950e-01;2.969239e-02;6.183581e-02;5.233275e-02;2.291963e-02
2.805010e-02;7.559205e-02;5.841467e-02;1.431618e-02;7.618989e-02;6.111581e-02;3.305965e-01;1.571463e-01;5.265935e-02;6.023376e-02;7.211545e-02;1.356994e-02
3.128074e-02;9.599491e-02;3.062279e-02;6.469939e-03;4.715490e-02;8.894066e-02;3.787059e-01;9.039179e-02;7.653513e-02;3.897915e-02;1.065311e-01;8.392961e-03
4.597780e-02;1.132554e-01;2.969822e-02;9.812155e-03;1.797009e-02;1.083996e-01;3.843431e-01;4.404152e-02;7.614601e-02;2.455998e-02;1.264012e-01;1.939486e-02
7.101250e-02;1.310382e-01;3.849652e-02;1.430741e-02;2.033732e-02;1.132616e-01;3.627855e-01;3.115167e-02;5.913636e-02;1.985654e-02;9.090542e-02;4.771107e-02
1.018509e-01;1.454593e-01;4.158130e-02;1.107445e-02;2.249620e-02;9.088954e-02;3.303933e-01;2.797716e-02;5.891354e-02;2.618535e-02;7.520946e-02;6.796950e-02
1.186523e-01;1.339208e-01;5.521858e-02;1.387751e-02;2.430846e-02;7.914042e-02;2.725533e-01;3.856166e-02;6.620874e-02;5.001447e-02;7.074932e-02;7.679452e-02
1.139835e-01;1.013634e-01;8.968427e-02;2.106943e-02;2.490891e-02;6.505179e-02;2.334026e-01;5.895434e-02;8.276798e-02;6.708226e-02;6.902567e-02;7.270586e-02
1.086389e-01;7.420994e-02;1.120735e-01;2.040199e-02;3.060532e-02;4.568864e-02;2.012076e-01;8.852977e-02;1.122964e-01;6.761405e-02;9.575512e-02;4.297879e-02
1.182877e-01;1.126025e-01;9.282478e-02;1.893440e-02;4.436912e-02;5.149520e-02;1.108857e-01;1.285059e-01;1.178863e-01;7.706475e-02;8.274017e-02;4.440336e-02
5.139133e-02;1.011709e-01;7.896379e-02;2.653095e-02;5.989646e-02;7.348552e-02;1.720172e-01;1.267880e-01;8.089735e-02;6.597356e-02;1.178879e-01;4.499717e-02
2.425943e-02;8.214042e-02;7.850811e-02;3.355962e-02;6.297268e-02;7.494548e-02;1.893432e-01;8.765521e-02;1.396523e-01;4.512324e-02;1.061903e-01;7.565004e-02
6.051347e-02;7.432912e-02;8.667634e-02;6.162464e-02;5.518626e-02;6.705201e-02;1.692227e-01;7.019317e-02;1.334783e-01;5.514349e-02;7.615133e-02;9.042916e-02
1.035479e-01;7.070573e-02;9.809368e-02;7.744775e-02;5.358506e-02;8.080539e-02;1.332816e-01;5.437633e-02;1.159399e-01;6.502275e-02;9.971588e-02;4.747796e-02
1.182421e-01;8.712010e-02;1.340517e-01;5.646133e-02;4.855639e-02;8.381756e-02;1.541376e-01;4.089410e-02;9.671495e-02;6.653815e-02;8.353256e-02;2.993355e-02
1.206044e-01;9.733696e-02;1.416270e-01;4.875893e-02;4.376466e-02;8.699731e-02;1.499279e-01;5.182847e-02;9.063084e-02;6.008007e-02;6.669841e-02;4.174508e-02
5.980993e-02;9.708934e-02;1.375581e-01;5.285494e-02;7.349490e-02;8.889510e-02;1.259138e-01;6.161465e-02;1.131732e-01;6.524926e-02;5.858167e-02;6.576520e-02
1.771504e-01;7.154565e-02;8.118609e-02;3.477597e-02;8.280855e-02;8.019358e-02;1.445791e-01;3.643591e-02;1.398668e-01;5.420973e-02;2.748784e-02;6.976032e-02
2.326295e-01;8.730097e-02;7.662911e-02;2.402701e-02;5.997334e-02;8.502336e-02;1.310030e-01;5.245754e-02;1.231690e-01;5.655941e-02;1.956977e-02;5.165797e-02
2.448859e-01;9.699345e-02;5.239826e-02;1.682684e-02;4.326354e-02;1.223949e-01;1.244030e-01;9.021056e-02;8.542784e-02;7.204586e-02;1.988226e-02;3.126765e-02
2.256143e-01;7.795096e-02;2.919352e-02;1.491092e-02;4.856730e-02;1.585482e-01;1.369188e-01;1.082306e-01;5.150147e-02;1.014763e-01;2.355683e-02;2.353082e-02
2.039886e-01;5.706825e-02;3.663926e-02;1.553629e-02;6.857395e-02;1.625393e-01;1.403217e-01;9.778151e-02;5.235981e-02;1.036318e-01;3.616878e-02;2.539077e-02
1.862436e-01;5.167774e-02;5.681997e-02;1.793697e-02;9.858147e-02;1.434206e-01;9.019846e-02;7.804631e-02;9.506180e-02;8.037036e-02;5.987402e-02;4.176866e-02
1.277032e-01;4.466557e-02;7.319322e-02;3.597094e-02;1.241289e-01;1.118279e-01;6.751169e-02;5.001520e-02;1.660572e-01;4.792615e-02;7.960153e-02;7.139848e-02
5.357054e-02;3.180908e-02;8.177818e-02;4.867858e-02;1.186068e-01;8.241609e-02;1.166724e-01;5.692012e-02;2.033349e-01;3.506545e-02;7.379322e-02;9.735457e-02
3.943319e-02;3.057706e-02;9.857447e-02;6.160605e-02;7.592417e-02;5.424286e-02;1.265353e-01;9.217070e-02;1.609729e-01;8.673140e-02;7.635203e-02;9.687989e-02
3.190437e-02;4.071242e-02;1.534639e-01;7.475968e-02;4.719431e-02;4.638060e-02;8.794216e-02;1.300360e-01;1.008160e-01;1.294146e-01;9.603730e-02;6.133877e-02
1.802938e-02;4.469393e-02;1.741283e-01;8.894629e-02;5.933748e-02;6.322702e-02;9.407498e-02;1.378256e-01;7.637957e-02;1.058250e-01;1.052713e-01;3.226117e-02
1.456713e-02;6.044113e-02;1.491048e-01;8.221484e-02;7.589830e-02;5.775211e-02;8.159800e-02;1.086784e-01;8.171759e-02;1.388751e-01;1.064311e-01;4.272152e-02
3.975176e-02;6.485086e-02;1.255339e-01;6.128301e-02;1.160075e-01;4.291627e-02;6.967149e-02;7.518445e-02;9.531550e-02;1.347706e-01;1.061377e-01;6.857696e-02
1.042124e-01;5.081092e-02;1.076694e-01;4.870576e-02;9.952939e-02;5.138955e-02;9.666591e-02;5.420510e-02;1.331071e-01;7.648894e-02;1.064240e-01;7.079149e-02
1.797571e-01;6.994113e-02;3.807805e-02;3.382501e-02;5.475209e-02;6.678497e-02;1.316857e-01;5.382762e-02;8.901735e-02;1.048207e-01;9.993321e-02;7.757702e-02
1.668374e-01;1.120239e-01;6.161884e-02;3.305995e-02;3.634924e-02;6.532914e-02;1.822118e-01;3.822993e-02;5.206519e-02;9.426705e-02;6.497853e-02;9.302901e-02
1.039493e-01;1.399673e-01;1.148798e-01;2.612559e-02;3.127435e-02;5.348868e-02;2.259284e-01;4.624956e-02;4.665498e-02;5.115585e-02;8.837911e-02;7.194708e-02
5.344485e-02;1.228136e-01;2.190830e-01;3.143322e-02;3.770533e-02;4.167054e-02;2.174037e-01;5.387124e-02;4.004894e-02;2.637541e-02;1.129541e-01;4.319609e-02
4.267091e-02;7.178084e-02;3.428582e-01;5.352389e-02;2.594071e-02;2.213420e-02;1.360948e-01;9.712194e-02;2.652752e-02;4.756315e-02;6.916928e-02;6.461452e-02
2.067502e-02;2.286879e-02;4.002152e-01;6.691357e-02;1.345782e-02;1.322775e-02;9.566292e-02;1.529924e-01;3.054543e-02;6.601160e-02;2.004425e-02;9.738516e-02
2.450871e-02;4.231651e-02;3.288325e-01;6.672981e-02;2.982243e-02;1.082847e-02;1.266896e-01;1.551933e-01;2.980332e-02;4.979902e-02;6.136860e-02;7.410771e-02
3.253101e-02;8.303050e-02;1.931973e-01;4.255997e-02;4.293417e-02;2.814181e-02;2.223559e-01;1.279032e-01;3.212444e-02;2.476660e-02;1.365666e-01;3.388844e-02
3.158337e-02;1.154408e-01;6.994436e-02;1.631358e-02;3.769952e-02;5.209056e-02;3.180785e-01;9.771957e-02;5.309579e-02;1.400962e-02;1.835224e-01;1.050188e-02
3.399325e-02;1.305714e-01;4.873728e-02;8.781147e-03;2.220877e-02;5.966599e-02;3.599281e-01;7.536536e-02;6.151291e-02;1.979597e-02;1.636523e-01;1.578751e-02
5.927122e-02;1.322433e-01;5.319328e-02;2.560319e-02;1.485192e-02;7.263016e-02;3.448963e-01;4.829991e-02;5.385485e-02;3.344944e-02;1.022656e-01;5.944082e-02
1.034989e-01;1.177764e-01;6.139339e-02;4.816541e-02;2.193069e-02;1.041387e-01;2.710366e-01;2.931444e-02;3.188620e-02;5.163712e-02;4.104874e-02;1.181733e-01
1.447280e-01;9.231227e-02;7.728512e-02;6.377096e-02;3.215705e-02;1.088792e-01;1.892074e-01;2.960235e-02;2.817479e-02;5.089213e-02;4.315137e-02;1.398394e-01
1.668721e-01;7.293840e-02;9.775194e-02;8.142944e-02;6.260898e-02;9.110035e-02;1.285408e-01;3.365242e-02;4.331588e-02;5.029031e-02;5.425394e-02;1.172454e-01
1.341488e-01;6.786157e-02;1.669462e-01;1.057066e-01;8.532844e-02;6.253225e-02;9.128305e-02;3.443771e-02;6.108315e-02;5.308365e-02;6.272858e-02;7.486007e-02
9.834474e-02;8.476952e-02;2.129713e-01;1.074206e-01;7.595309e-02;4.914027e-02;1.085718e-01;4.784716e-02;5.391681e-02;5.478431e-02;7.269029e-02;3.359014e-02
1.008086e-01;1.003682e-01;1.796639e-01;1.035549e-01;4.879311e-02;4.286209e-02;1.001182e-01;6.862681e-02;3.570513e-02;7.471161e-02;1.042918e-01;4.049578e-02
6.997199e-02;6.300472e-02;9.227309e-02;6.849479e-02;3.724766e-02;5.735214e-02;1.544053e-01;6.479789e-02;6.029629e-02;8.451306e-02;1.723047e-01;7.533842e-02
6.020079e-02;5.093947e-02;6.227024e-02;3.521668e-02;3.982125e-02;6.257094e-02;1.945514e-01;4.158469e-02;7.294142e-02;7.827750e-02;1.521762e-01;1.494495e-01
5.176968e-02;5.502801e-02;6.038191e-02;4.787491e-02;5.639849e-02;6.212492e-02;1.742889e-01;5.795644e-02;7.256088e-02;6.997976e-02;9.988566e-02;1.917504e-01
6.658662e-02;5.167434e-02;7.354894e-02;1.060589e-01;7.865819e-02;6.085153e-02;1.569582e-01;1.014069e-01;7.177229e-02;5.133046e-02;6.662745e-02;1.145260e-01
5.479323e-02;3.980985e-02;8.886932e-02;1.431333e-01;9.865987e-02;5.776218e-02;1.446940e-01;1.269503e-01;7.956035e-02;4.304376e-02;5.839352e-02;6.433039e-02
5.187837e-02;7.691912e-02;1.239144e-01;1.526337e-01;1.144796e-01;6.854542e-02;1.140139e-01;8.946379e-02;3.870133e-02;3.936065e-02;6.144777e-02;6.864189e-02
5.461458e-02;9.621470e-02;1.364650e-01;1.188666e-01;1.040731e-01;7.837858e-02;1.116540e-01;5.865237e-02;4.543912e-02;5.522344e-02;5.839305e-02;8.202549e-02
8.094566e-02;8.794086e-02;1.253966e-01;1.048343e-01;6.932032e-02;8.104157e-02;1.529881e-01;4.887901e-02;2.747763e-02;1.025826e-01;4.250928e-02;7.608420e-02
9.644553e-02;6.566605e-02;7.948000e-02;8.465606e-02;4.185969e-02;1.033581e-01;1.844546e-01;4.744340e-02;3.237406e-02;1.738757e-01;3.924518e-02;5.114161e-02
9.087560e-02;3.495872e-02;4.076571e-02;4.933228e-02;5.721911e-02;1.278253e-01;1.659399e-01;4.733828e-02;1.143079e-01;2.045058e-01;4.019995e-02;2.673152e-02
5.558641e-02;1.747422e-02;4.701284e-02;3.497188e-02;8.902279e-02;1.006249e-01;1.290495e-01;4.701084e-02;2.583307e-01;1.630900e-01;3.610490e-02;2.172115e-02
2.289302e-02;2.596675e-02;5.365027e-02;7.265645e-02;1.022776e-01;6.459796e-02;1.127176e-01;8.709095e-02;3.017105e-01;8.749282e-02;4.145712e-02;2.748891e-02
2.574234e-02;4.183945e-02;7.063981e-02;1.551020e-01;7.292035e-02;5.067889e-02;7.687737e-02;1.555539e-01;2.157797e-01;3.912194e-02;6.918072e-02;2.656344e-02
3.804326e-02;4.859827e-02;1.297273e-01;2.311405e-01;4.583066e-02;3.338087e-02;7.400276e-02;1.683290e-01;7.845858e-02;2.087267e-02;1.155987e-01;1.601737e-02
4.797444e-02;2.419883e-02;2.031709e-01;1.962308e-01;3.213801e-02;1.850599e-02;1.422418e-01;1.216685e-01;4.021220e-02;5.655526e-02;1.090185e-01;8.084690e-03
5.261835e-02;1.790688e-02;2.896234e-01;1.122899e-01;2.927718e-02;1.528001e-02;1.972349e-01;8.094812e-02;4.251423e-02;8.169086e-02;7.307060e-02;7.545625e-03
3.433868e-02;2.220466e-02;3.598071e-01;4.551691e-02;5.274452e-02;2.420614e-02;2.524906e-01;3.571175e-02;3.377282e-02;1.015642e-01;2.876454e-02;8.878082e-03
2.860700e-02;1.796858e-02;3.127900e-01;2.943989e-02;7.676229e-02;3.171085e-02;2.636670e-01;5.197885e-02;5.988784e-02;7.384083e-02;1.812127e-02;3.522561e-02
3.604797e-02;2.697731e-02;1.945152e-01;3.040355e-02;7.426762e-02;7.178816e-02;2.155199e-01;6.470043e-02;1.119619e-01;9.165033e-02;2.972200e-02;5.244556e-02
3.050612e-02;3.435170e-02;1.158974e-01;2.703503e-02;5.040855e-02;1.013173e-01;1.661405e-01;6.923811e-02;1.812026e-01;1.308310e-01;2.533166e-02;6.774016e-02
2.424092e-02;4.320010e-02;9.941227e-02;1.861658e-02;2.645277e-02;1.323148e-01;1.169262e-01;8.465955e-02;2.264439e-01;1.340289e-01;1.821452e-02;7.548941e-02
3.698245e-02;5.244871e-02;1.102578e-01;2.667948e-02;2.958254e-02;1.403187e-01;8.759142e-02;9.735542e-02;2.240145e-01;1.108803e-01;2.051744e-02;6.337132e-02
6.027916e-02;6.370221e-02;1.038446e-01;3.999721e-02;5.449440e-02;1.320279e-01;8.420420e-02;1.008261e-01;2.255927e-01;6.185685e-02;2.166191e-02;5.151277e-02
7.320578e-02;6.206169e-02;8.898688e-02;4.727650e-02;8.453741e-02;9.858249e-02;1.108696e-01;9.191325e-02;1.773767e-01;5.143600e-02;6.419467e-02;4.955909e-02
5.791274e-02;4.927135e-02;9.139072e-02;6.550521e-02;8.904859e-02;1.029534e-01;1.361919e-01;8.966968e-02;1.229532e-01;7.326335e-02;7.287715e-02;4.896275e-02
4.719165e-02;3.761635e-02;1.181294e-01;7.036811e-02;6.278262e-02;7.764414e-02;1.130741e-01;9.260648e-02;2.077711e-01;8.361378e-02;5.534700e-02;3.385527e-02
4.833508e-02;5.346468e-02;1.872389e-01;3.417632e-02;4.809970e-02;6.804673e-02;1.321325e-01;6.479884e-02;2.014896e-01;8.657417e-02;3.914803e-02;3.649546e-02
2.824266e-02;4.150551e-02;1.721895e-01;4.160837e-02;6.514172e-02;6.753170e-02;1.277851e-01;7.580876e-02;1.880273e-01;1.168091e-01;3.253640e-02;4.281387e-02
1.688549e-02;3.539043e-02;1.141338e-01;3.628699e-02;8.550812e-02;8.433167e-02;8.504743e-02;8.480506e-02;1.883245e-01;1.463793e-01;6.273936e-02;6.016781e-02
2.443575e-02;5.054081e-02;1.204675e-01;3.961675e-02;7.027423e-02;1.194609e-01;8.275174e-02;6.081244e-02;2.099380e-01;8.418155e-02;7.376803e-02;6.375228e-02
2.966816e-02;4.822122e-02;1.096395e-01;2.914674e-02;4.298752e-02;1.355666e-01;1.041021e-01;1.021902e-01;2.344586e-01;5.871122e-02;3.157246e-02;7.373568e-02
4.100894e-02;3.521527e-02;9.559594e-02;2.579007e-02;5.408844e-02;1.172673e-01;1.145441e-01;1.154741e-01;2.413702e-01;6.510210e-02;2.038569e-02;7.415797e-02
3.795305e-02;2.571885e-02;8.890118e-02;3.987575e-02;6.022337e-02;1.302905e-01;1.031224e-01;1.366129e-01;1.902581e-01;8.862140e-02;3.458914e-02;6.383331e-02
1.020967e-01;7.370681e-02;1.562350e-01;8.924894e-02;6.148286e-02;6.540585e-02;7.162845e-02;7.890220e-02;7.145423e-02;6.650823e-02;7.168364e-02;9.164708e-02
9.873767e-02;7.783709e-02;1.646783e-01;1.013024e-01;5.438478e-02;3.926261e-02;4.999857e-02;4.641957e-02;9.614237e-02;8.529173e-02;7.504540e-02;1.108994e-01
1.050956e-01;8.254614e-02;1.645214e-01;1.060691e-01;4.656840e-02;3.926643e-02;5.356485e-02;3.361269e-02;1.028228e-01;8.420437e-02;6.481920e-02;1.169090e-01
1.316181e-01;8.686491e-02;1.427441e-01;1.086438e-01;3.206028e-02;4.111822e-02;8.601538e-02;2.180865e-02;9.345812e-02;8.551002e-02;5.183465e-02;1.183237e-01
1.276335e-01;7.236275e-02;1.929937e-01;1.049949e-01;7.555401e-02;2.983188e-02;9.488145e-02;5.732313e-02;4.760883e-02;8.655751e-02;4.418137e-02;6.607694e-02
1.204823e-01;7.602371e-02;1.955576e-01;4.809374e-02;4.738950e-02;2.326489e-02;1.124384e-01;4.496400e-02;9.016850e-02;6.755754e-02;5.185275e-02;1.222071e-01
7.710835e-02;6.253909e-02;2.202182e-01;4.218585e-02;2.934075e-02;2.207987e-02;1.313238e-01;7.118358e-02;6.961821e-02;5.699557e-02;5.487387e-02;1.625329e-01
6.954354e-02;4.657769e-02;2.359773e-01;4.335285e-02;2.730800e-02;2.560019e-02;1.308586e-01;9.260963e-02;4.653998e-02;4.071784e-02;5.431158e-02;1.866027e-01
1.151803e-01;2.706431e-02;1.735038e-01;9.363066e-02;4.788597e-02;1.777930e-02;8.136754e-02;7.186663e-02;1.596323e-01;4.318086e-02;2.683431e-02;1.420741e-01
1.539706e-01;3.675887e-02;9.406127e-02;1.449732e-01;6.262682e-02;8.875328e-03;5.119022e-02;4.005487e-02;2.502510e-01;7.620328e-02;1.476486e-02;6.626964e-02
1.286525e-01;4.812270e-02;6.326289e-02;1.471864e-01;9.263391e-02;1.451863e-02;5.396136e-02;2.587597e-02;2.735775e-01;1.138948e-01;1.911435e-02;1.919902e-02
5.042493e-02;3.768707e-02;6.300472e-02;1.087790e-01;2.049550e-01;3.310889e-02;4.748131e-02;1.832524e-02;2.112540e-01;1.781407e-01;3.012594e-02;1.671311e-02
2.000504e-02;4.295104e-02;4.487966e-02;6.450006e-02;2.871682e-01;7.670131e-02;2.521916e-02;3.138188e-02;1.059369e-01;2.370738e-01;3.307929e-02;3.110369e-02
2.047010e-02;4.821743e-02;2.699058e-02;3.478779e-02;2.567884e-01;9.210096e-02;2.181035e-02;8.885376e-02;5.299998e-02;2.721018e-01;4.084357e-02;4.403527e-02
1.391132e-02;4.244621e-02;3.043909e-02;3.875174e-02;1.927151e-01;5.897367e-02;3.018843e-02;1.403506e-01;5.909056e-02;2.952954e-01;3.728998e-02;6.054788e-02
2.352864e-02;3.184876e-02;7.400436e-02;5.265496e-02;1.485820e-01;3.624908e-02;2.576421e-02;1.105698e-01;7.985429e-02;3.024772e-01;3.776138e-02;7.670531e-02
5.211676e-02;2.543239e-02;1.145900e-01;6.612476e-02;1.241310e-01;4.027515e-02;5.747833e-02;4.421195e-02;1.078091e-01;2.200228e-01;3.299554e-02;1.148122e-01
8.854722e-02;2.188893e-02;1.087090e-01;9.037988e-02;7.862030e-02;5.790064e-02;8.840724e-02;3.885069e-02;1.431003e-01;1.193742e-01;5.222861e-02;1.119930e-01
9.709778e-02;2.689823e-02;1.081729e-01;1.014606e-01;5.437272e-02;7.628835e-02;1.158596e-01;5.964944e-02;1.526957e-01;6.822372e-02;8.114357e-02;5.813745e-02
5.064237e-02;4.630701e-02;1.302428e-01;6.705492e-02;4.437013e-02;7.101008e-02;2.015284e-01;7.603611e-02;8.494826e-02;4.751361e-02;6.239537e-02;1.179510e-01
2.025977e-02;5.381892e-02;1.341453e-01;3.790207e-02;3.051516e-02;5.518445e-02;2.958999e-01;7.417410e-02;5.322389e-02;4.439891e-02;6.859875e-02;1.318788e-01
4.031116e-02;7.335378e-02;7.688439e-02;2.694362e-02;3.646049e-02;5.892583e-02;3.050104e-01;4.541680e-02;7.072771e-02;6.122426e-02;1.332978e-01;7.144377e-02
8.545457e-02;9.158144e-02;3.849678e-02;2.328272e-02;5.075007e-02;7.971250e-02;2.727645e-01;3.966717e-02;6.873928e-02;9.593293e-02;1.179852e-01;3.563290e-02
1.335978e-01;7.685524e-02;5.074652e-02;3.172764e-02;6.966936e-02;7.650582e-02;2.360150e-01;5.226150e-02;7.246609e-02;1.041681e-01;5.920345e-02;3.678358e-02
1.307219e-01;4.668210e-02;7.083981e-02;4.477463e-02;8.451797e-02;6.703502e-02;1.724915e-01;6.841824e-02;1.017814e-01;9.307026e-02;7.138629e-02;4.828094e-02
9.700198e-02;3.856853e-02;9.759150e-02;6.391874e-02;8.962978e-02;7.250831e-02;1.046925e-01;1.009047e-01;7.852598e-02;8.409370e-02;9.119178e-02;8.137246e-02
4.389098e-02;6.920759e-02;1.273784e-01;8.512722e-02;8.445781e-02;7.729887e-02;1.184254e-01;1.213710e-01;3.690234e-02;5.386699e-02;1.188327e-01;6.324071e-02
9.413743e-02;5.964808e-02;1.170762e-01;7.735021e-02;7.776228e-02;8.025093e-02;1.336038e-01;1.414765e-01;5.489967e-02;3.935230e-02;8.090612e-02;4.353647e-02
1.205395e-01;6.063493e-02;9.691999e-02;8.371435e-02;8.562778e-02;6.978099e-02;1.112831e-01;1.375393e-01;5.956921e-02;5.237202e-02;6.710412e-02;5.491463e-02
1.036894e-01;6.257231e-02;9.348711e-02;1.034567e-01;1.007468e-01;6.551799e-02;6.832634e-02;1.394170e-01;6.823441e-02;5.238012e-02;8.400992e-02;5.816200e-02
5.801753e-02;5.567836e-02;1.273697e-01;1.237870e-01;1.040529e-01;8.827266e-02;4.875796e-02;1.478478e-01;4.483522e-02;6.178167e-02;9.218010e-02;4.741912e-02
2.584586e-02;3.140704e-02;1.899479e-01;1.231053e-01;8.696263e-02;8.115619e-02;5.094569e-02;1.151766e-01;9.171299e-02;8.335289e-02;8.390137e-02;3.648553e-02
4.521365e-02;5.824598e-02;2.330125e-01;1.011273e-01;5.871547e-02;4.795329e-02;5.882138e-02;6.073963e-02;1.414529e-01;1.034468e-01;5.919913e-02;3.207193e-02
6.487482e-02;7.433046e-02;2.275826e-01;8.188395e-02;4.089512e-02;2.823020e-02;5.680648e-02;3.899732e-02;1.596867e-01;1.139834e-01;7.725319e-02;3.547579e-02
5.254540e-02;6.891190e-02;1.602949e-01;6.538809e-02;4.563425e-02;3.283585e-02;8.652017e-02;5.396905e-02;1.608457e-01;1.159563e-01;1.198053e-01;3.729308e-02
4.434690e-02;3.748902e-02;1.737022e-01;1.019218e-01;6.826283e-02;6.595417e-02;6.038260e-02;7.870177e-02;1.381114e-01;8.218092e-02;1.172530e-01;3.169334e-02
3.360916e-02;3.399298e-02;1.466889e-01;1.141827e-01;8.438578e-02;8.291732e-02;7.803757e-02;1.056655e-01;1.348929e-01;8.458820e-02;6.461938e-02;3.641958e-02
3.676167e-02;4.354153e-02;1.326910e-01;1.025325e-01;7.177276e-02;8.417348e-02;1.113664e-01;8.881763e-02;1.348001e-01;8.932690e-02;7.009885e-02;3.411726e-02
5.068995e-02;6.477523e-02;1.539886e-01;8.431814e-02;3.767020e-02;7.621176e-02;1.166147e-01;6.613814e-02;1.303419e-01;8.629423e-02;8.802935e-02;4.492782e-02
6.414561e-02;7.857586e-02;1.589802e-01;7.587273e-02;6.994437e-02;5.611563e-02;1.040820e-01;5.577675e-02;1.082565e-01;7.730991e-02;1.039720e-01;4.696852e-02
1.375104e-01;1.045081e-01;2.017400e-01;4.924969e-02;8.497330e-02;4.301420e-02;1.179268e-01;7.220836e-02;5.246926e-02;6.738486e-02;4.020638e-02;2.880869e-02
1.642514e-01;1.333579e-01;1.504394e-01;4.664368e-02;3.929908e-02;3.830930e-02;1.156605e-01;7.141615e-02;4.312100e-02;6.193770e-02;8.964001e-02;4.592390e-02
1.452557e-01;1.212445e-01;1.005796e-01;5.682879e-02;5.420050e-02;3.565712e-02;7.195812e-02;9.887772e-02;6.958335e-02;4.699830e-02;1.315430e-01;6.727327e-02
7.795331e-02;7.899301e-02;1.141921e-01;8.581230e-02;6.819405e-02;3.305918e-02;8.729139e-02;1.225533e-01;4.913100e-02;6.609817e-02;1.607045e-01;5.601766e-02
3.476691e-02;3.171114e-02;2.259562e-01;9.767538e-02;6.018578e-02;3.190144e-02;1.400739e-01;1.068105e-01;1.763903e-02;8.967163e-02;1.421067e-01;2.150150e-02
4.350439e-02;2.373944e-02;2.885802e-01;6.829789e-02;5.524899e-02;3.288287e-02;1.970640e-01;6.672109e-02;2.571901e-02;9.502319e-02;9.043190e-02;1.278706e-02
4.302154e-02;3.236633e-02;3.121279e-01;3.472177e-02;7.875860e-02;5.334007e-02;2.037458e-01;3.831268e-02;2.556136e-02;1.153617e-01;5.512926e-02;7.553066e-03
3.079211e-02;3.215712e-02;2.998656e-01;2.448173e-02;9.287542e-02;6.541196e-02;1.720974e-01;3.220230e-02;2.812821e-02;1.550705e-01;4.793150e-02;1.898616e-02
2.964912e-02;4.869897e-02;2.387409e-01;3.817536e-02;6.712454e-02;8.969287e-02;1.251024e-01;4.579231e-02;7.813829e-02;1.567003e-01;4.218108e-02;4.000379e-02
5.235527e-02;7.337039e-02;1.868421e-01;4.655979e-02;4.731524e-02;1.106942e-01;7.384525e-02;3.517592e-02;1.838434e-01;9.533799e-02;5.897931e-02;3.568114e-02
9.848906e-02;8.263953e-02;1.669482e-01;4.493682e-02;4.905300e-02;7.416706e-02;6.599310e-02;3.194784e-02;1.982165e-01;5.285425e-02;1.092907e-01;2.546398e-02
1.264853e-01;8.850307e-02;1.378331e-01;3.032200e-02;6.176445e-02;3.560509e-02;8.368190e-02;5.829420e-02;1.272068e-01;4.880141e-02;1.802920e-01;2.121066e-02
1.497711e-01;7.644431e-02;1.028466e-01;2.774722e-02;7.138018e-02;2.299762e-02;8.915924e-02;7.620730e-02;7.555517e-02;5.019063e-02;2.357321e-01;2.196851e-02
2.145665e-01;6.177841e-02;7.544260e-02;3.225001e-02;7.170787e-02;1.783690e-02;7.314704e-02;1.123362e-01;2.616162e-02;5.388637e-02;2.306442e-01;3.024230e-02
2.873186e-01;6.710719e-02;6.562681e-02;3.293787e-02;5.945551e-02;1.440432e-02;7.822566e-02;1.231684e-01;2.052925e-02;3.700083e-02;1.825078e-01;3.171777e-02
3.617259e-01;8.743121e-02;4.458147e-02;2.440015e-02;4.980375e-02;7.976145e-03;7.420134e-02;1.238381e-01;1.763409e-02;2.600096e-02;1.533946e-01;2.901236e-02
3.730105e-01;1.029643e-01;5.972694e-02;2.022352e-02;4.388543e-02;8.843580e-03;7.583732e-02;1.157698e-01;2.069793e-02;3.527444e-02;1.125181e-01;3.124810e-02
3.677880e-01;8.853529e-02;8.567100e-02;2.943108e-02;4.472467e-02;1.366766e-02;9.390884e-02;1.140357e-01;1.910154e-02;4.005781e-02;7.272931e-02;3.034910e-02
3.391110e-01;6.531534e-02;1.223516e-01;4.498990e-02;7.248981e-02;1.344215e-02;1.073452e-01;1.117252e-01;1.653148e-02;3.352248e-02;3.761198e-02;3.556376e-02
3.050877e-01;6.244648e-02;1.342265e-01;4.584946e-02;1.123683e-01;1.544442e-02;1.193391e-01;1.020186e-01;2.194427e-02;2.722435e-02;1.745584e-02;3.659517e-02
2.545250e-01;6.004522e-02;1.317329e-01;4.333919e-02;1.274791e-01;3.125717e-02;1.300498e-01;7.835992e-02;3.901203e-02;3.414799e-02;2.973719e-02;4.031445e-02
2.296156e-01;2.790993e-02;1.332013e-01;3.749741e-02;1.175881e-01;4.287269e-02;1.551944e-01;6.319918e-02;4.638442e-02;3.915435e-02;5.603101e-02;5.135164e-02
2.283042e-01;6.819129e-02;1.463308e-01;3.090127e-02;9.261824e-02;3.753548e-02;1.497568e-01;5.940400e-02;4.358012e-02;3.271099e-02;6.442896e-02;4.623778e-02
2.079279e-01;6.770926e-02;1.934822e-01;3.955428e-02;7.739195e-02;5.878348e-02;1.371202e-01;4.778666e-02;4.058374e-02;3.778196e-02;6.232581e-02;2.955249e-02
1.532091e-01;3.533383e-02;2.234323e-01;7.251205e-02;8.155220e-02;5.845893e-02;1.355803e-01;8.317086e-02;3.715291e-02;3.881931e-02;4.885968e-02;3.191857e-02
1.318294e-01;7.217176e-02;1.705944e-01;7.759200e-02;9.551171e-02;3.012884e-02;1.068640e-01;8.748022e-02;4.688838e-02;4.383346e-02;7.545555e-02;6.165023e-02
1.207257e-01;8.563553e-02;1.068422e-01;5.935780e-02;8.540320e-02;3.594037e-02;9.275786e-02;7.318798e-02;7.957652e-02;7.611071e-02;1.077369e-01;7.672522e-02
1.011785e-01;5.764502e-02;1.168005e-01;6.131307e-02;8.377379e-02;7.109519e-02;9.283749e-02;6.913321e-02;1.283081e-01;6.515328e-02;9.792949e-02;5.483230e-02
9.934209e-02;5.370748e-02;1.377777e-01;8.002483e-02;8.457868e-02;9.795002e-02;8.313867e-02;6.734183e-02;1.255138e-01;4.933271e-02;7.599211e-02;4.530013e-02
9.717669e-02;4.593570e-02;1.368714e-01;6.774798e-02;6.823575e-02;9.142406e-02;1.101520e-01;9.427434e-02;7.856467e-02;6.685638e-02;7.783905e-02;6.492199e-02
9.190992e-02;4.293991e-02;1.166598e-01;7.313322e-02;5.826467e-02;9.156524e-02;1.260685e-01;8.255966e-02;7.444852e-02;9.986554e-02;6.608369e-02;7.650137e-02
9.743048e-02;4.489831e-02;8.071026e-02;5.880262e-02;7.346836e-02;7.141473e-02;1.250282e-01;1.054535e-01;1.050877e-01;1.171672e-01;4.748553e-02;7.305309e-02
8.143597e-02;5.632453e-02;8.057712e-02;5.175144e-02;8.568966e-02;4.650067e-02;1.899506e-01;1.196980e-01;8.678146e-02;8.091921e-02;6.565543e-02;5.471595e-02
7.227993e-02;9.590720e-02;8.461050e-02;4.096353e-02;7.517552e-02;3.136171e-02;2.611184e-01;8.151551e-02;7.967728e-02;4.329642e-02;7.482876e-02;5.926527e-02
1.604509e-01;6.936828e-02;1.181946e-01;4.429907e-02;5.229443e-02;3.619412e-02;2.211727e-01;2.988067e-02;7.195913e-02;5.328875e-02;4.739841e-02;9.549897e-02
1.641576e-01;7.007293e-02;1.315490e-01;7.158572e-02;5.248697e-02;4.490697e-02;1.381454e-01;4.079321e-02;4.327704e-02;7.295708e-02;5.893850e-02;1.111295e-01
1.519316e-01;5.903231e-02;8.143494e-02;7.490119e-02;5.362213e-02;7.386257e-02;1.500266e-01;4.448912e-02;2.749849e-02;8.884878e-02;9.519035e-02;9.916191e-02
1.972209e-01;2.943272e-02;5.576056e-02;5.129248e-02;4.620679e-02;1.298433e-01;1.475473e-01;3.399125e-02;2.827386e-02;7.392997e-02;1.494462e-01;5.705469e-02
2.225800e-01;3.442463e-02;5.120530e-02;2.000493e-02;5.670920e-02;1.609697e-01;1.160254e-01;2.303486e-02;4.186821e-02;4.842415e-02;1.783220e-01;4.643171e-02
1.705514e-01;9.783056e-02;3.585624e-02;1.523591e-02;7.345233e-02;1.167407e-01;1.239033e-01;4.019874e-02;4.708667e-02;2.834371e-02;1.442593e-01;1.065411e-01
1.158193e-01;2.106026e-01;1.700713e-02;3.143128e-02;4.594494e-02;4.015423e-02;2.017024e-01;3.675237e-02;2.376084e-02;2.134236e-02;6.786073e-02;1.876218e-01
1.311614e-01;2.382405e-01;6.905836e-03;5.678840e-02;1.248293e-02;2.592118e-02;2.181746e-01;2.937555e-02;7.604087e-03;3.107879e-02;2.585857e-02;2.164082e-01
1.964133e-01;1.700356e-01;1.009559e-02;8.055285e-02;3.600473e-03;3.800774e-02;1.898632e-01;4.585182e-02;6.638004e-03;4.685278e-02;1.919175e-02;1.928969e-01
2.420346e-01;9.582349e-02;1.318375e-02;9.134151e-02;6.778160e-03;4.481132e-02;1.897187e-01;5.805852e-02;7.275257e-03;5.576968e-02;1.996965e-02;1.752353e-01
1.755702e-01;1.930044e-01;9.098261e-03;7.406661e-02;1.475934e-02;2.813109e-02;2.156026e-01;4.458354e-02;8.878322e-03;3.498553e-02;1.786879e-02;1.834513e-01
1.178998e-01;2.361229e-01;2.256516e-02;4.843336e-02;4.488715e-02;2.205401e-02;2.269579e-01;4.420581e-02;1.918736e-02;1.807482e-02;3.026418e-02;1.693475e-01
1.023437e-01;1.746001e-01;6.546751e-02;3.737526e-02;7.870320e-02;7.604247e-02;1.921002e-01;5.689399e-02;2.659813e-02;1.790822e-02;5.869069e-02;1.132765e-01
1.086167e-01;1.007452e-01;1.024704e-01;5.176610e-02;7.988328e-02;1.510552e-01;1.457362e-01;3.953518e-02;3.051388e-02;4.551201e-02;8.724228e-02;5.692356e-02
9.359893e-02;8.852800e-02;8.783512e-02;6.091523e-02;7.675502e-02;1.594627e-01;1.142293e-01;3.574276e-02;3.180234e-02;9.432302e-02;1.142786e-01;4.252900e-02
6.117519e-02;1.293199e-01;5.065687e-02;5.610617e-02;8.888494e-02;1.144483e-01;9.943340e-02;4.201121e-02;5.078270e-02;1.368913e-01;1.056501e-01;6.464002e-02
1.474158e-01;1.175487e-01;5.349134e-02;4.861712e-02;6.913407e-02;8.299386e-02;9.334736e-02;3.738578e-02;6.771521e-02;1.226509e-01;9.378518e-02;6.591468e-02
2.486479e-01;9.898099e-02;5.911288e-02;4.491445e-02;3.298403e-02;7.478237e-02;8.636987e-02;4.803079e-02;6.723575e-02;8.730282e-02;7.247777e-02;7.916037e-02
2.417770e-01;1.736563e-01;6.075936e-02;2.699169e-02;2.892234e-02;5.318239e-02;6.330224e-02;6.302360e-02;8.225498e-02;5.279830e-02;5.164944e-02;1.016824e-01
1.715247e-01;2.136221e-01;6.585018e-02;3.062113e-02;4.982315e-02;4.934097e-02;8.893514e-02;5.415075e-02;5.608598e-02;4.349197e-02;4.282014e-02;1.337338e-01
1.265652e-01;1.969919e-01;5.327259e-02;4.190224e-02;4.817231e-02;7.079831e-02;1.034086e-01;3.029081e-02;4.964529e-02;4.953411e-02;7.933597e-02;1.500828e-01
1.288210e-01;1.954861e-01;3.948968e-02;4.520867e-02;5.516308e-02;5.951626e-02;9.516135e-02;4.128651e-02;4.184218e-02;5.270499e-02;8.889335e-02;1.564267e-01
9.990217e-02;2.172542e-01;3.777273e-02;3.940421e-02;6.051200e-02;6.187446e-02;6.399659e-02;4.481766e-02;3.102084e-02;7.485940e-02;1.456637e-01;1.229221e-01
9.926333e-02;1.759207e-01;3.563021e-02;5.384376e-02;5.482000e-02;7.605565e-02;6.016666e-02;5.092611e-02;4.599494e-02;9.050319e-02;1.732696e-01;8.360586e-02
1.060398e-01;1.073015e-01;5.352525e-02;7.403976e-02;6.584331e-02;1.005138e-01;8.397367e-02;5.295242e-02;4.311333e-02;7.601801e-02;1.597936e-01;7.688561e-02
8.483210e-02;7.124154e-02;9.111522e-02;5.103631e-02;5.986546e-02;9.990090e-02;1.374008e-01;6.359821e-02;2.715966e-02;9.867090e-02;1.194214e-01;9.575745e-02
9.399247e-02;7.078580e-02;1.046816e-01;3.726604e-02;8.370084e-02;7.758864e-02;1.621653e-01;7.071496e-02;5.598811e-02;8.516982e-02;7.709248e-02;8.085392e-02
9.647913e-02;5.918882e-02;1.062577e-01;3.911214e-02;1.153698e-01;7.242627e-02;1.651163e-01;8.058159e-02;7.020494e-02;7.271230e-02;5.184827e-02;7.070270e-02
9.967107e-02;4.954910e-02;1.070946e-01;5.368124e-02;1.005567e-01;8.115136e-02;1.733813e-01;7.487566e-02;6.490506e-02;7.833099e-02;5.284692e-02;6.395599e-02
