4.628804e-02;7.426198e-02;1.488357e-01;6.348125e-02;3.822615e-02;7.403026e-02;1.459882e-01;6.790169e-02;7.958598e-02;1.307448e-01;8.171657e-02;4.893935e-02
4.906217e-02;8.066037e-02;1.203131e-01;3.851193e-02;6.299341e-02;7.563362e-02;1.295312e-01;5.575920e-02;7.179211e-02;1.472028e-01;8.595554e-02;8.258450e-02
7.284676e-02;7.647517e-02;1.249525e-01;6.561241e-02;9.552241e-02;7.806143e-02;1.312610e-01;6.531681e-02;4.960879e-02;1.003048e-01;8.508952e-02;5.494843e-02
1.122999e-01;1.289103e-01;7.965755e-02;5.610706e-02;6.177730e-02;6.330677e-02;1.202638e-01;8.067806e-02;4.926306e-02;9.742495e-02;8.191748e-02;6.839368e-02
1.148640e-01;1.493700e-01;9.416897e-02;5.135103e-02;4.647841e-02;6.073980e-02;1.240892e-01;6.937008e-02;4.777231e-02;9.748824e-02;6.339972e-02;8.090828e-02
1.064441e-01;1.608742e-01;9.848059e-02;4.613371e-02;3.733534e-02;5.618241e-02;1.362485e-01;6.779803e-02;6.036548e-02;9.111201e-02;5.958784e-02;7.943784e-02
7.067587e-02;1.316943e-01;1.010766e-01;6.721476e-02;3.015781e-02;7.685503e-02;1.357412e-01;6.376547e-02;1.060800e-01;9.722418e-02;6.021929e-02;5.929539e-02
8.616662e-02;1.075412e-01;1.487317e-01;6.768602e-02;2.491985e-02;1.015431e-01;9.627283e-02;5.834435e-02;1.174360e-01;1.189003e-01;3.770579e-02;3.475221e-02
9.362134e-02;9.273756e-02;1.730000e-01;5.850956e-02;4.269153e-02;8.777327e-02;8.017167e-02;5.891085e-02;1.069476e-01;9.649066e-02;4.825825e-02;6.088766e-02
1.036099e-01;7.920580e-02;1.177501e-01;1.027300e-01;7.284833e-02;5.709942e-02;8.953246e-02;7.847714e-02;1.018358e-01;7.123969e-02;5.516737e-02;7.050382e-02
9.322243e-02;9.564456e-02;8.277447e-02;9.583540e-02;9.211279e-02;4.978035e-02;8.082334e-02;9.469765e-02;1.102805e-01;7.359602e-02;4.973940e-02;8.149307e-02
9.628021e-02;7.994232e-02;7.829148e-02;7.336088e-02;8.566742e-02;5.764273e-02;7.453355e-02;1.007609e-01;9.998973e-02;9.914406e-02;3.248945e-02;1.218972e-01
1.366507e-01;5.891242e-02;5.904570e-02;6.006282e-02;5.446621e-02;4.022622e-02;8.459111e-02;8.397114e-02;6.643293e-02;1.179163e-01;4.995065e-02;1.877738e-01
1.192005e-01;6.846454e-02;6.597612e-02;4.844667e-02;6.272194e-02;3.307181e-02;9.848591e-02;6.812476e-02;6.077644e-02;1.166328e-01;8.928449e-02;1.688140e-01
6.328157e-02;6.315674e-02;1.053398e-01;4.009515e-02;9.007498e-02;5.173015e-02;1.168985e-01;5.873771e-02;7.349264e-02;1.111519e-01;9.859033e-02;1.274504e-01
5.428607e-02;6.307252e-02;1.443996e-01;5.041735e-02;9.419242e-02;8.102099e-02;1.135277e-01;4.302525e-02;4.776538e-02;1.008676e-01;9.743696e-02;1.099882e-01
5.861846e-02;7.828622e-02;1.608211e-01;7.176365e-02;7.285383e-02;6.983494e-02;1.036631e-01;7.603581e-02;7.881282e-02;9.348588e-02;8.933686e-02;4.648736e-02
6.667218e-02;8.058944e-02;1.659531e-01;4.891470e-02;4.746104e-02;5.771182e-02;1.273184e-01;1.401251e-01;8.031668e-02;8.601467e-02;6.050848e-02;3.841441e-02
6.851278e-02;7.069076e-02;1.234795e-01;3.983843e-02;4.617451e-02;4.134588e-02;1.631024e-01;1.532038e-01;1.018550e-01;7.289840e-02;7.259419e-02;4.630431e-02
2.217637e-02;2.322237e-02;3.647818e-01;4.236670e-02;9.086970e-02;5.681679e-02;2.154823e-01;4.980365e-02;3.637283e-02;4.222134e-02;3.632232e-02;1.956389e-02
1.318614e-02;1.654587e-02;4.513218e-01;5.956635e-02;1.447808e-01;7.151116e-02;1.494125e-01;1.623670e-02;1.788478e-02;1.843219e-02;2.562461e-02;1.549717e-02
1.859991e-02;2.271535e-02;3.497482e-01;6.220334e-02;2.038656e-01;1.053264e-01;9.418554e-02;1.667613e-02;3.488689e-02;3.809083e-02;2.719603e-02;2.650582e-02
1.585940e-02;1.892395e-02;1.668556e-01;6.491017e-02;2.607855e-01;1.300086e-01;1.841356e-01;2.089473e-02;4.956163e-02;3.164878e-02;2.761247e-02;2.880363e-02
7.148145e-03;1.180289e-02;9.347339e-02;8.170964e-02;3.309082e-01;1.366293e-01;1.704887e-01;3.120347e-02;7.098797e-02;1.443870e-02;2.074815e-02;3.046138e-02
1.160921e-02;1.155103e-02;1.654321e-01;1.182728e-01;3.226455e-01;1.035521e-01;9.787623e-02;5.137691e-02;6.740900e-02;8.007625e-03;1.658459e-02;2.568286e-02
1.099099e-02;2.104729e-02;2.893442e-01;1.333001e-01;2.297093e-01;6.995247e-02;8.227056e-02;6.577388e-02;3.654258e-02;1.462280e-02;2.083733e-02;2.560848e-02
1.647251e-02;3.245203e-02;3.987109e-01;1.060934e-01;1.397792e-01;4.051447e-02;8.973665e-02;6.578840e-02;3.123738e-02;2.344033e-02;3.083661e-02;2.493809e-02
1.868565e-02;3.375745e-02;4.560674e-01;5.143546e-02;1.195318e-01;4.499372e-02;6.960385e-02;6.002341e-02;5.297161e-02;3.307950e-02;4.186471e-02;1.798548e-02
1.439867e-02;2.630504e-02;2.684991e-01;8.211279e-02;1.632667e-01;1.055334e-01;1.029666e-01;4.944117e-02;5.829084e-02;5.334191e-02;4.089354e-02;3.495015e-02
1.318504e-02;1.059167e-02;1.757302e-01;1.186849e-01;2.177204e-01;1.137355e-01;1.394942e-01;3.893952e-02;5.213528e-02;4.996447e-02;4.413223e-02;2.568655e-02
3.898355e-02;2.387363e-02;1.222105e-01;1.037247e-01;2.559048e-01;1.011568e-01;1.519184e-01;3.290896e-02;6.308727e-02;5.070597e-02;4.204378e-02;1.348161e-02
8.751395e-02;5.254364e-02;1.048018e-01;7.142878e-02;1.511741e-01;8.801490e-02;1.194151e-01;6.475009e-02;9.866106e-02;1.071829e-01;3.151723e-02;2.299641e-02
7.680529e-02;6.272907e-02;1.805205e-01;3.470946e-02;5.629158e-02;7.825721e-02;1.676277e-01;5.097732e-02;8.546732e-02;9.010922e-02;6.172819e-02;5.477711e-02
8.745043e-02;6.915215e-02;2.005496e-01;3.715681e-02;5.970943e-02;8.418003e-02;1.353980e-01;4.430562e-02;8.964880e-02;8.067103e-02;5.778139e-02;5.399670e-02
9.656793e-02;7.385171e-02;2.149267e-01;4.979836e-02;6.427223e-02;8.457558e-02;1.113760e-01;4.162147e-02;9.131333e-02;7.230403e-02;5.117915e-02;4.821344e-02
9.123969e-02;7.273071e-02;2.030840e-01;5.056166e-02;6.565407e-02;8.081720e-02;1.521367e-01;5.771123e-02;8.068953e-02;5.356342e-02;4.508870e-02;4.672302e-02
8.893560e-02;6.504437e-02;2.028386e-01;4.132908e-02;6.876985e-02;7.842986e-02;1.752477e-01;8.855455e-02;6.445986e-02;4.844521e-02;3.780607e-02;4.013924e-02
8.831339e-02;2.918130e-02;9.354277e-02;2.053518e-02;6.744276e-02;1.845869e-01;2.821520e-01;1.108545e-01;1.868791e-02;6.659715e-02;2.007469e-02;1.803141e-02
1.143294e-01;1.203613e-02;2.984620e-02;1.476267e-02;8.186600e-02;2.573099e-01;2.818959e-01;7.332795e-02;3.077575e-02;5.614828e-02;1.123211e-02;3.646963e-02
1.449250e-01;1.282553e-02;3.828660e-02;2.096238e-02;1.312029e-01;2.823693e-01;1.895627e-01;3.916800e-02;2.430615e-02;3.932752e-02;6.897226e-03;7.016674e-02
1.751838e-01;1.824514e-02;4.985428e-02;1.167518e-02;1.957060e-01;2.499330e-01;1.030828e-01;2.557434e-02;5.484081e-02;1.840079e-02;1.254086e-02;8.496305e-02
1.953646e-01;2.647573e-02;3.437176e-02;1.279130e-02;1.648697e-01;2.208509e-01;8.644667e-02;2.755987e-02;9.538871e-02;2.520801e-02;1.935756e-02;9.131521e-02
2.181084e-01;4.166861e-02;1.893790e-02;1.154872e-02;1.070711e-01;2.451123e-01;1.329302e-01;2.766572e-02;7.067721e-02;4.924119e-02;1.437660e-02;6.266207e-02
1.764197e-01;8.303425e-02;1.855777e-02;1.412434e-02;6.025598e-02;2.382962e-01;2.458016e-01;3.465158e-02;3.595837e-02;5.439072e-02;7.719783e-03;3.078973e-02
8.707987e-02;1.351611e-01;2.708396e-02;1.840184e-02;3.142134e-02;1.584782e-01;4.007517e-01;5.661323e-02;2.279639e-02;4.304254e-02;8.815697e-03;1.035415e-02
4.198732e-02;1.369418e-01;3.737471e-02;1.703209e-02;2.106720e-02;7.701351e-02;4.896167e-01;8.696017e-02;3.737275e-02;2.664486e-02;1.334296e-02;1.464592e-02
4.037366e-02;8.734635e-02;3.362082e-02;1.330283e-02;4.262703e-02;9.847111e-02;4.923303e-01;9.205361e-02;3.532043e-02;2.434165e-02;2.051584e-02;1.969646e-02
4.551134e-02;4.324175e-02;6.017972e-02;2.670943e-02;7.182509e-02;1.480447e-01;4.300433e-01;6.813879e-02;3.372887e-02;2.349569e-02;2.595331e-02;2.312800e-02
7.586282e-02;3.002396e-02;8.837961e-02;3.595662e-02;8.093855e-02;1.415293e-01;3.529323e-01;5.250523e-02;4.602782e-02;3.460268e-02;3.416469e-02;2.707646e-02
6.314085e-02;5.172436e-02;8.929893e-02;4.176287e-02;5.946341e-02;1.155540e-01;2.967693e-01;9.199175e-02;5.343191e-02;5.860776e-02;2.886119e-02;4.939369e-02
5.399388e-02;5.963844e-02;7.059972e-02;4.421468e-02;4.883905e-02;1.231651e-01;3.195574e-01;9.885702e-02;5.455964e-02;5.532771e-02;1.822910e-02;5.301833e-02
9.691902e-02;5.673319e-02;9.398185e-02;2.668264e-02;5.402631e-02;1.190434e-01;2.781322e-01;8.505923e-02;4.661275e-02;5.417367e-02;5.345114e-02;3.518459e-02
8.475862e-02;5.050557e-02;1.015787e-01;3.295926e-02;5.248287e-02;9.182742e-02;2.644660e-01;8.011980e-02;5.740147e-02;7.967823e-02;6.482375e-02;3.939832e-02
6.951944e-02;5.911266e-02;8.682393e-02;3.494121e-02;5.407256e-02;7.952826e-02;2.944173e-01;7.142338e-02;5.412042e-02;9.051281e-02;5.255816e-02;5.296995e-02
1.018983e-01;8.482718e-02;6.920689e-02;3.716933e-02;8.314176e-02;9.399313e-02;2.676986e-01;4.057011e-02;4.375803e-02;7.644230e-02;4.885359e-02;5.244079e-02
1.088027e-01;6.909276e-02;1.530360e-01;4.794839e-02;5.548864e-02;7.776579e-02;2.122032e-01;5.956142e-02;8.087356e-02;4.580036e-02;4.104603e-02;4.838114e-02
6.159081e-02;2.762505e-02;2.539030e-01;5.814414e-02;8.112454e-02;6.214079e-02;2.555178e-01;3.227023e-02;6.174010e-02;3.804721e-02;2.681952e-02;4.107673e-02
2.667160e-02;2.382328e-02;3.926841e-01;8.014981e-02;1.118664e-01;5.943920e-02;2.028645e-01;2.253433e-02;1.818263e-02;2.812449e-02;1.726014e-02;1.639950e-02
1.090887e-02;2.102338e-02;5.509464e-01;8.971675e-02;9.692943e-02;4.067816e-02;9.879571e-02;1.168529e-02;1.475342e-02;3.341631e-02;2.094475e-02;1.020156e-02
1.913284e-02;2.199242e-02;6.757710e-01;6.374352e-02;5.216117e-02;2.327072e-02;4.121315e-02;1.547859e-02;2.554677e-02;3.906196e-02;1.220162e-02;1.042618e-02
5.962910e-02;6.349324e-02;5.527131e-01;4.137142e-02;2.917987e-02;2.435673e-02;4.755394e-02;3.802543e-02;8.279864e-02;2.247371e-02;1.775316e-02;2.065165e-02
1.032105e-01;1.436204e-01;3.750777e-01;4.612692e-02;2.836834e-02;2.543647e-02;5.160850e-02;4.035894e-02;1.284424e-01;1.868329e-02;2.015770e-02;1.890893e-02
1.917817e-01;2.112310e-01;2.570302e-01;3.091029e-02;1.512031e-02;1.556587e-02;3.769396e-02;4.506482e-02;1.572096e-01;1.349203e-02;1.480108e-02;1.009910e-02
3.282954e-01;2.162433e-01;1.220851e-01;1.084221e-02;1.581296e-02;7.806637e-03;2.455199e-02;1.041936e-01;1.372306e-01;9.898229e-03;1.185546e-02;1.118456e-02
4.477499e-01;1.547374e-01;8.574233e-02;5.614460e-03;2.592671e-02;7.020209e-03;1.540766e-02;1.503873e-01;7.316239e-02;4.992148e-03;1.099206e-02;1.826739e-02
5.245928e-01;1.281093e-01;7.062091e-02;5.336512e-03;2.842168e-02;6.304372e-03;2.898877e-02;1.529370e-01;1.489355e-02;5.182661e-03;1.120677e-02;2.340576e-02
4.732039e-01;2.053324e-01;8.809938e-02;4.283762e-03;2.027666e-02;4.953097e-03;2.631103e-02;9.488387e-02;3.882706e-02;6.394189e-03;9.669847e-03;2.776485e-02
3.663529e-01;3.120808e-01;1.496251e-01;1.001453e-02;1.240135e-02;1.117999e-02;1.519330e-02;3.104579e-02;5.921403e-02;6.264486e-03;6.794310e-03;1.983334e-02
3.023820e-01;3.619872e-01;1.914250e-01;1.029569e-02;1.471268e-02;1.969220e-02;5.479096e-03;8.111054e-03;6.338179e-02;6.609680e-03;4.100903e-03;1.182286e-02
3.150162e-01;3.459960e-01;1.628933e-01;8.742254e-03;2.569463e-02;2.708519e-02;1.014313e-02;2.424179e-02;4.629784e-02;1.079011e-02;6.424026e-03;1.667552e-02
3.040351e-01;2.671234e-01;1.488075e-01;2.223732e-02;4.680360e-02;3.964488e-02;4.663339e-02;2.904545e-02;2.506330e-02;1.955434e-02;1.912468e-02;3.192698e-02
1.937977e-01;1.571223e-01;2.350148e-01;4.425273e-02;6.026550e-02;5.260891e-02;9.367019e-02;2.809956e-02;3.952159e-02;2.860159e-02;3.177962e-02;3.526553e-02
1.270246e-01;1.038902e-01;2.402773e-01;3.379926e-02;4.508958e-02;4.995564e-02;7.351466e-02;9.572100e-02;1.195456e-01;4.113831e-02;4.089322e-02;2.915061e-02
2.305758e-01;1.359765e-01;1.390451e-01;1.847985e-02;2.252319e-02;4.420253e-02;3.427103e-02;1.403549e-01;1.441631e-01;2.896211e-02;2.021174e-02;4.123415e-02
2.688938e-01;1.558385e-01;1.271501e-01;1.411755e-02;1.793530e-02;3.737149e-02;4.642345e-02;1.487024e-01;1.036694e-01;2.476632e-02;1.800670e-02;3.712502e-02
2.561459e-01;1.267440e-01;1.350081e-01;1.668425e-02;2.856075e-02;3.708320e-02;6.643343e-02;1.472782e-01;1.008374e-01;3.903935e-02;2.565628e-02;2.052920e-02
2.483619e-01;1.600755e-01;1.258136e-01;3.133048e-02;4.193301e-02;2.239906e-02;6.460951e-02;6.960537e-02;1.075037e-01;3.737113e-02;5.419835e-02;3.679835e-02
2.758983e-01;2.052032e-01;8.011027e-02;3.725380e-02;3.812833e-02;2.187089e-02;6.534923e-02;4.691111e-02;9.087448e-02;2.917812e-02;5.769953e-02;5.152287e-02
1.510158e-01;9.708596e-02;1.071032e-01;4.385108e-02;6.484108e-02;5.933829e-02;7.625157e-02;1.047269e-01;1.111465e-01;9.068745e-02;4.241514e-02;5.153702e-02
6.481836e-02;3.906814e-02;9.211557e-02;5.290931e-02;7.566378e-02;7.207217e-02;1.228250e-01;1.190414e-01;1.336751e-01;1.143362e-01;5.675564e-02;5.671928e-02
4.973469e-02;2.832859e-02;1.589876e-01;5.168974e-02;8.725518e-02;5.777976e-02;1.555024e-01;9.108288e-02;1.361510e-01;8.034863e-02;5.155318e-02;5.158638e-02
4.174172e-02;3.699031e-02;3.408775e-01;9.281283e-02;8.125077e-02;4.539003e-02;1.457997e-01;4.062386e-02;6.214443e-02;4.691400e-02;3.424701e-02;3.120786e-02
1.560460e-02;5.924376e-02;5.269852e-01;1.087366e-01;5.466875e-02;3.009457e-02;8.478124e-02;2.079210e-02;2.195552e-02;4.693441e-02;1.497158e-02;1.523170e-02
2.472762e-02;1.164374e-01;5.762087e-01;8.276848e-02;2.961851e-02;1.324170e-02;4.465268e-02;1.209293e-02;3.435318e-02;5.285868e-02;7.112813e-03;5.927292e-03
4.627606e-02;2.109023e-01;4.956604e-01;4.422288e-02;1.381934e-02;3.093847e-02;2.365834e-02;1.189175e-02;6.749341e-02;4.341741e-02;4.952689e-03;6.766940e-03
8.090722e-02;3.000078e-01;3.533287e-01;2.185935e-02;6.971721e-03;4.854116e-02;1.258358e-02;1.291565e-02;1.111999e-01;3.177171e-02;4.390432e-03;1.552281e-02
5.635402e-02;2.720943e-01;3.013400e-01;1.297589e-02;6.524434e-03;3.698425e-02;1.706729e-02;1.782028e-02;1.351597e-01;1.129371e-01;9.242214e-03;2.150055e-02
6.620219e-03;1.682808e-01;4.012727e-01;1.189683e-02;6.785731e-03;1.942609e-02;1.700697e-02;1.322262e-02;1.180945e-01;2.082071e-01;7.490453e-03;2.169607e-02
1.798244e-02;9.196616e-02;4.556802e-01;1.529398e-02;7.613351e-03;1.077538e-02;1.965335e-02;4.861422e-03;8.631985e-02;2.635704e-01;1.181597e-02;1.446755e-02
1.424398e-02;5.002682e-02;4.713846e-01;3.379603e-02;1.029919e-02;6.518737e-03;2.401494e-02;6.241759e-03;3.865464e-02;2.951221e-01;3.836722e-02;1.133003e-02
1.840774e-02;2.091992e-02;4.250692e-01;7.067620e-02;1.214118e-02;6.527946e-03;2.635338e-02;8.627562e-03;2.126944e-02;2.710009e-01;1.095848e-01;9.421703e-03
1.476543e-02;1.002031e-02;3.032262e-01;1.316560e-01;2.095685e-02;1.233264e-02;2.876822e-02;1.613107e-02;2.289062e-02;1.742987e-01;2.390332e-01;2.592074e-02
8.794256e-03;1.385777e-02;2.042626e-01;1.714996e-01;7.470754e-02;1.611419e-02;1.690884e-02;2.967689e-02;1.346459e-02;7.910106e-02;2.814545e-01;9.015812e-02
1.376913e-02;1.164328e-02;1.207974e-01;1.372214e-01;1.752519e-01;3.345096e-02;2.002170e-02;2.356756e-02;2.184631e-02;2.617776e-02;1.884986e-01;2.277540e-01
6.109420e-02;1.115035e-02;5.144709e-02;6.569327e-02;2.498690e-01;8.352319e-02;4.240834e-02;1.501400e-02;4.760189e-02;9.916357e-03;6.995445e-02;2.923279e-01
1.472119e-01;8.528252e-03;2.617895e-02;2.876989e-02;2.372333e-01;1.910043e-01;7.108566e-02;1.602927e-02;4.420933e-02;1.250286e-02;2.891309e-02;1.883332e-01
2.160660e-01;1.113986e-02;2.624629e-02;2.286438e-02;1.391216e-01;3.168848e-01;1.035458e-01;1.722456e-02;2.148454e-02;2.726155e-02;2.915986e-02;6.900085e-02
2.138408e-01;1.504104e-02;3.572857e-02;1.971420e-02;8.591378e-02;3.702564e-01;1.481620e-01;1.937345e-02;1.196319e-02;2.972774e-02;2.054304e-02;2.973590e-02
1.941307e-01;1.732085e-02;3.005687e-02;1.305983e-02;9.232946e-02;3.906707e-01;1.691937e-01;1.722207e-02;1.438211e-02;2.929757e-02;1.471514e-02;1.762109e-02
1.763207e-01;1.312615e-02;2.806356e-02;2.194843e-02;1.234085e-01;3.892981e-01;1.723755e-01;1.417806e-02;1.066224e-02;2.716652e-02;1.312461e-02;1.032768e-02
1.348217e-01;1.623241e-02;7.530214e-02;4.347973e-02;1.643194e-01;3.126209e-01;1.528144e-01;2.120171e-02;1.079748e-02;2.795672e-02;1.669807e-02;2.375533e-02
8.697159e-02;3.138900e-02;1.363178e-01;4.435686e-02;2.112164e-01;2.244479e-01;1.426231e-01;3.202828e-02;1.437940e-02;3.510015e-02;1.602961e-02;2.513990e-02
2.653719e-02;2.170771e-02;1.340397e-01;4.628105e-02;2.753963e-01;1.835898e-01;1.997590e-01;1.480865e-02;2.557830e-02;3.142841e-02;1.549683e-02;2.537708e-02
2.389981e-02;1.173944e-02;2.165486e-01;8.977025e-02;2.800354e-01;1.664290e-01;1.036131e-01;1.127106e-02;2.104696e-02;2.246697e-02;1.283140e-02;4.034800e-02
2.151194e-02;1.135043e-02;3.792656e-01;1.377172e-01;2.060788e-01;1.142419e-01;3.495052e-02;1.277835e-02;1.467517e-02;1.665507e-02;1.039265e-02;4.038239e-02
9.964953e-03;1.326135e-02;5.507061e-01;1.413848e-01;1.281245e-01;6.346615e-02;2.105690e-02;1.444667e-02;6.361469e-03;8.870232e-03;1.842289e-02;2.393395e-02
1.042654e-02;2.087744e-02;6.061869e-01;1.137856e-01;1.040933e-01;4.778740e-02;3.538736e-02;1.844988e-02;8.890959e-03;8.680519e-03;1.289977e-02;1.253426e-02
1.913344e-02;1.020234e-02;5.375808e-01;1.227188e-01;1.047236e-01;4.249487e-02;6.531987e-02;2.878056e-02;1.805092e-02;1.300606e-02;2.809465e-02;9.894088e-03
4.641425e-02;4.558807e-02;4.496234e-01;1.067700e-01;7.811091e-02;4.538588e-02;8.190289e-02;3.839648e-02;3.314978e-02;2.780777e-02;3.458949e-02;1.226102e-02
9.121010e-02;9.632050e-02;3.828225e-01;6.721472e-02;6.364087e-02;5.831072e-02;8.620697e-02;4.205466e-02;4.449276e-02;2.929831e-02;2.333796e-02;1.508991e-02
1.734470e-01;1.179973e-01;2.595375e-01;5.746305e-02;6.748644e-02;5.048050e-02;8.770878e-02;6.552598e-02;4.329565e-02;2.827305e-02;1.953852e-02;2.924625e-02
2.084016e-01;8.257052e-02;1.052340e-01;8.819867e-02;5.723100e-02;3.495479e-02;1.648104e-01;8.154529e-02;2.697985e-02;4.039037e-02;2.973578e-02;7.994770e-02
1.319928e-01;2.907399e-02;3.876865e-02;1.364011e-01;2.444112e-02;2.587019e-02;3.202346e-01;4.018706e-02;1.249660e-02;4.516702e-02;4.683372e-02;1.485331e-01
7.631934e-02;2.109208e-02;6.985706e-02;1.131671e-01;1.222797e-02;4.930779e-02;3.603776e-01;3.269256e-02;1.802887e-02;3.385711e-02;5.193356e-02;1.611390e-01
4.757265e-02;2.094948e-02;1.344849e-01;5.315207e-02;2.130294e-02;1.010670e-01;2.893892e-01;3.296588e-02;3.179928e-02;3.319113e-02;1.005082e-01;1.336172e-01
2.855645e-02;3.093167e-02;1.831788e-01;3.694914e-02;4.793425e-02;1.402453e-01;2.010812e-01;2.672303e-02;5.592437e-02;4.287120e-02;1.139052e-01;9.169938e-02
7.777880e-02;7.014192e-02;2.082946e-01;6.423920e-02;6.914189e-02;7.816131e-02;1.672517e-01;3.223602e-02;6.901093e-02;4.588317e-02;6.381755e-02;5.404291e-02
6.508587e-02;1.068388e-01;2.257615e-01;4.278459e-02;8.860037e-02;7.077265e-02;1.745058e-01;3.200924e-02;7.218125e-02;4.562204e-02;3.735675e-02;3.848114e-02
5.896336e-02;8.930231e-02;1.982910e-01;9.072448e-02;9.791085e-02;1.108174e-01;1.519158e-01;4.875277e-02;4.985405e-02;5.330452e-02;2.331241e-02;2.685101e-02
7.368840e-02;4.552402e-02;1.993833e-01;1.194172e-01;8.923481e-02;1.428548e-01;1.440488e-01;4.580095e-02;3.746442e-02;4.175161e-02;3.541521e-02;2.541653e-02
4.375016e-02;3.938660e-02;2.140083e-01;9.113274e-02;6.983943e-02;1.597340e-01;1.847088e-01;3.714137e-02;6.414862e-02;2.378277e-02;4.381042e-02;2.855692e-02
7.502017e-02;2.161109e-02;1.693934e-01;5.508179e-02;5.202479e-02;1.746774e-01;2.133052e-01;6.028375e-02;5.685942e-02;5.354050e-02;3.932837e-02;2.887406e-02
8.784170e-02;4.858428e-02;1.388912e-01;4.057608e-02;4.103554e-02;1.677107e-01;1.855844e-01;7.067317e-02;4.622286e-02;7.187976e-02;6.195655e-02;3.904377e-02
9.438382e-02;6.032653e-02;1.548543e-01;5.504913e-02;7.064199e-02;1.178373e-01;1.585245e-01;5.741825e-02;4.601544e-02;7.222264e-02;4.496408e-02;6.776206e-02
7.433603e-02;5.881518e-02;2.052803e-01;6.179214e-02;8.605889e-02;7.380728e-02;1.041707e-01;4.479250e-02;7.491265e-02;9.746965e-02;2.868246e-02;8.988223e-02
7.243069e-02;4.525726e-02;2.125369e-01;4.973895e-02;5.653019e-02;1.039943e-01;1.205998e-01;3.906512e-02;9.361863e-02;8.515164e-02;4.945698e-02;7.161957e-02
9.373115e-02;4.508131e-02;1.573331e-01;6.696011e-02;6.151611e-02;1.137287e-01;1.487005e-01;4.885747e-02;6.611446e-02;5.171905e-02;6.614877e-02;8.010928e-02
6.057758e-02;5.501285e-02;1.725481e-01;8.162700e-02;6.600031e-02;9.644695e-02;1.670997e-01;5.200525e-02;3.791387e-02;6.097454e-02;6.596389e-02;8.382996e-02
6.121695e-02;6.183757e-02;2.285863e-01;6.102975e-02;4.854756e-02;8.890315e-02;1.886569e-01;3.723446e-02;3.737040e-02;7.085792e-02;3.687717e-02;7.888184e-02
6.714100e-02;5.811244e-02;2.163958e-01;4.948417e-02;4.748132e-02;9.450763e-02;2.153743e-01;3.758142e-02;3.424992e-02;7.489873e-02;3.674039e-02;6.803288e-02
6.905351e-02;6.794002e-02;2.044561e-01;6.412898e-02;3.722170e-02;6.601335e-02;2.292271e-01;5.049617e-02;4.046211e-02;8.004307e-02;4.387172e-02;4.708610e-02
6.107770e-02;4.695744e-02;6.454162e-02;3.403884e-02;6.134574e-02;5.749387e-02;9.024251e-02;1.444925e-01;1.756774e-01;1.494776e-01;7.839939e-02;3.625539e-02
7.136931e-02;5.119435e-02;5.357791e-02;3.235214e-02;4.644737e-02;4.613694e-02;1.481078e-01;1.838600e-01;1.745664e-01;8.858687e-02;5.561441e-02;4.818643e-02
6.150372e-02;5.532725e-02;9.279883e-02;3.165431e-02;3.683307e-02;4.220777e-02;1.343435e-01;1.673818e-01;1.952535e-01;8.069707e-02;6.227283e-02;3.972637e-02
4.664431e-02;5.456847e-02;1.504283e-01;3.758731e-02;2.785032e-02;3.647832e-02;1.132740e-01;1.275421e-01;2.029078e-01;1.097056e-01;6.184103e-02;3.117243e-02
3.514705e-02;4.918849e-02;2.320384e-01;4.976970e-02;2.187525e-02;3.027259e-02;8.721349e-02;6.354163e-02;1.932898e-01;1.639334e-01;5.017490e-02;2.355521e-02
2.750369e-02;3.688017e-02;3.189459e-01;8.485448e-02;2.541160e-02;2.942181e-02;5.786490e-02;2.857432e-02;1.323339e-01;1.528976e-01;9.332813e-02;1.198356e-02
1.217706e-02;2.421428e-02;4.252968e-01;1.438264e-01;3.433803e-02;2.369053e-02;3.109593e-02;2.701489e-02;5.885658e-02;6.412110e-02;1.425837e-01;1.278479e-02
1.858194e-02;1.503144e-02;4.969466e-01;1.409754e-01;3.896894e-02;2.182207e-02;6.509320e-02;3.573146e-02;4.205585e-02;3.116719e-02;8.333618e-02;1.028973e-02
2.187863e-02;1.835251e-02;5.511358e-01;1.013587e-01;3.729319e-02;1.696069e-02;9.125876e-02;3.166099e-02;3.393297e-02;4.350074e-02;4.325901e-02;9.407979e-03
2.344875e-02;2.777536e-02;5.714489e-01;7.481214e-02;3.961470e-02;2.602781e-02;1.016883e-01;2.063364e-02;2.292094e-02;5.218050e-02;3.128098e-02;8.167948e-03
3.544963e-02;4.478689e-02;5.721596e-01;5.786486e-02;2.298883e-02;2.663797e-02;1.020607e-01;2.990330e-02;3.660769e-02;3.736251e-02;2.551776e-02;8.660226e-03
3.066364e-02;2.211758e-02;6.409080e-01;5.408217e-02;3.749925e-02;1.790028e-02;7.601517e-02;2.219524e-02;4.162511e-02;2.805079e-02;2.059609e-02;8.346626e-03
2.029930e-02;1.499953e-02;6.964947e-01;7.144669e-02;4.137378e-02;1.500373e-02;4.116383e-02;1.619111e-02;3.044960e-02;3.050720e-02;1.350317e-02;8.567397e-03
1.047150e-02;1.204028e-02;7.121642e-01;8.203380e-02;4.615726e-02;1.291969e-02;3.831364e-02;2.071376e-02;3.219967e-02;1.670055e-02;8.620482e-03;7.665211e-03
5.523151e-03;3.583704e-02;7.065937e-01;8.067915e-02;4.661290e-02;1.699498e-02;3.849544e-02;8.908818e-03;2.165001e-02;1.655002e-02;1.290553e-02;9.249288e-03
3.243589e-02;6.347336e-02;6.021993e-01;7.211303e-02;4.596500e-02;2.487535e-02;6.161563e-02;1.928322e-02;3.067487e-02;1.817233e-02;1.545031e-02;1.374162e-02
5.824371e-02;9.682445e-02;4.177308e-01;7.492176e-02;3.828925e-02;3.134478e-02;8.307119e-02;3.603504e-02;7.868870e-02;2.989309e-02;2.680931e-02;2.814794e-02
4.694584e-02;5.141168e-02;3.835679e-01;5.732518e-02;3.383818e-02;3.429197e-02;1.018780e-01;4.719401e-02;7.882401e-02;8.665998e-02;4.590744e-02;3.215582e-02
3.357509e-02;2.534748e-02;3.262497e-01;5.907188e-02;3.870793e-02;3.613724e-02;1.045449e-01;5.212612e-02;9.348131e-02;1.123911e-01;9.144557e-02;2.692168e-02
5.221562e-02;3.446501e-02;3.276886e-01;4.493663e-02;4.037417e-02;4.228226e-02;1.107347e-01;7.785919e-02;9.109422e-02;6.935040e-02;7.873150e-02;3.026769e-02
4.274190e-02;3.733639e-02;3.164154e-01;5.365029e-02;3.633884e-02;4.233861e-02;1.117199e-01;1.101029e-01;1.198928e-01;6.226889e-02;4.019023e-02;2.700383e-02
5.293054e-02;5.737429e-02;2.295891e-01;4.489379e-02;5.324144e-02;6.820755e-02;1.178123e-01;1.113712e-01;1.115804e-01;6.590961e-02;4.670220e-02;4.038764e-02
8.351302e-02;6.934658e-02;1.097367e-01;4.918134e-02;5.027832e-02;7.660320e-02;1.669456e-01;1.027746e-01;8.759859e-02;8.402538e-02;6.373792e-02;5.625865e-02
9.453543e-02;7.201210e-02;8.612331e-02;5.320483e-02;3.711208e-02;7.428596e-02;1.784098e-01;1.078074e-01;9.150847e-02;8.659934e-02;6.983382e-02;4.856743e-02
8.189443e-02;5.835035e-02;1.428301e-01;5.899234e-02;4.954529e-02;6.415062e-02;1.874100e-01;9.205022e-02;8.358962e-02;7.801092e-02;5.898274e-02;4.419347e-02
4.741178e-02;1.894527e-02;2.000485e-01;1.270660e-01;1.537941e-01;8.089789e-02;1.638993e-01;3.731523e-02;2.490146e-02;5.118940e-02;4.888867e-02;4.564243e-02
2.906417e-02;1.673313e-02;2.080351e-01;2.094647e-01;1.876151e-01;7.004087e-02;1.094639e-01;2.285974e-02;1.834971e-02;2.546467e-02;7.258579e-02;3.032310e-02
1.954377e-02;1.076279e-02;2.090886e-01;3.064198e-01;2.028874e-01;4.551236e-02;4.369269e-02;1.508334e-02;1.133029e-02;1.450095e-02;9.717263e-02;2.400540e-02
1.572143e-02;7.626386e-03;1.711493e-01;3.343318e-01;2.243498e-01;2.337080e-02;2.141972e-02;1.115502e-02;9.709684e-03;6.557389e-03;1.047929e-01;6.981584e-02
8.115430e-03;5.174192e-03;1.228159e-01;2.673724e-01;3.028949e-01;3.327431e-02;1.044157e-02;1.418187e-02;8.575375e-03;6.454863e-03;8.416995e-02;1.365292e-01
1.290335e-02;8.294291e-03;9.590711e-02;1.431494e-01;3.925262e-01;4.740298e-02;3.262059e-02;1.165658e-02;1.653155e-02;3.858513e-03;4.600784e-02;1.891416e-01
2.599156e-02;9.328363e-03;7.493552e-02;7.783902e-02;3.978226e-01;1.193201e-01;6.695040e-02;6.414604e-03;3.707987e-02;7.753834e-03;1.486704e-02;1.616970e-01
5.526441e-02;8.863949e-03;5.700430e-02;6.373797e-02;3.357793e-01;2.335170e-01;7.469766e-02;1.317936e-02;4.200006e-02;1.091097e-02;2.827867e-03;1.022172e-01
1.063935e-01;8.730482e-03;2.706744e-02;4.365602e-02;2.142147e-01;3.774791e-01;9.611964e-02;1.279663e-02;3.055153e-02;2.056868e-02;6.793463e-03;5.562875e-02
1.317035e-01;9.864691e-03;2.751693e-02;2.382487e-02;1.027166e-01;4.234191e-01;1.532303e-01;1.749900e-02;2.033718e-02;5.370585e-02;9.664487e-03;2.651747e-02
1.181799e-01;1.281564e-02;1.908552e-02;1.342593e-02;8.522271e-02;3.428188e-01;2.386198e-01;2.374670e-02;1.585378e-02;8.831284e-02;2.012078e-02;2.179765e-02
9.387933e-02;8.363025e-03;2.603764e-02;1.963189e-02;1.146773e-01;2.750941e-01;2.562886e-01;3.096496e-02;2.422980e-02;9.998493e-02;3.447635e-02;1.637204e-02
7.368056e-02;1.303003e-02;5.008251e-02;2.504162e-02;1.324981e-01;2.585061e-01;2.440072e-01;3.949936e-02;2.805156e-02;8.223316e-02;3.347128e-02;1.989849e-02
4.547331e-02;8.780522e-03;3.771405e-02;1.957958e-02;1.302933e-01;2.534924e-01;3.876712e-01;2.226899e-02;2.022205e-02;4.444394e-02;1.717988e-02;1.288078e-02
3.461590e-02;7.449413e-03;2.072139e-02;1.280071e-02;1.187460e-01;2.657388e-01;4.770019e-01;1.128341e-02;1.066091e-02;2.520312e-02;4.457642e-03;1.132080e-02
2.724618e-02;5.989436e-03;1.305748e-02;1.031689e-02;1.212797e-01;2.636285e-01;5.010284e-01;1.625348e-02;7.725424e-03;1.703366e-02;3.954856e-03;1.248596e-02
3.365344e-02;1.017090e-02;4.403789e-02;1.935194e-02;1.143412e-01;2.260856e-01;4.573048e-01;2.051443e-02;1.714125e-02;3.107945e-02;1.080039e-02;1.551867e-02
4.411232e-02;1.703858e-02;5.254149e-02;2.163677e-02;7.665868e-02;1.937790e-01;4.660614e-01;2.859109e-02;2.602407e-02;4.409337e-02;1.224976e-02;1.721338e-02
5.346517e-02;1.514662e-02;4.103125e-02;1.302571e-02;6.684348e-02;2.198709e-01;4.730686e-01;2.639341e-02;1.962033e-02;4.770731e-02;9.787098e-03;1.404013e-02
6.766130e-02;7.823094e-03;2.010957e-02;7.026403e-03;7.524019e-02;2.768622e-01;4.451012e-01;2.647777e-02;8.448537e-03;4.440548e-02;9.149640e-03;1.169457e-02
8.171277e-02;8.630996e-03;2.389465e-02;1.070774e-02;9.603203e-02;3.291735e-01;3.627952e-01;2.127386e-02;9.647759e-03;3.697713e-02;7.829396e-03;1.132490e-02
8.492207e-02;9.190029e-03;1.612102e-02;1.171031e-02;1.283357e-01;3.839314e-01;3.024353e-01;1.376105e-02;1.439047e-02;2.087318e-02;7.612086e-03;6.717335e-03
7.603467e-02;7.318545e-03;1.893422e-02;1.160567e-02;1.590182e-01;3.860076e-01;2.779070e-01;1.554332e-02;1.657435e-02;8.747381e-03;8.975260e-03;1.333383e-02
6.000527e-02;7.768195e-03;3.209794e-02;1.956432e-02;2.269257e-01;3.561027e-01;2.278745e-01;2.043499e-02;1.772701e-02;9.521891e-03;4.871415e-03;1.710612e-02
3.808825e-02;8.213898e-03;8.918528e-02;5.818420e-02;2.825789e-01;2.744713e-01;1.620943e-01;2.059860e-02;1.937555e-02;1.187402e-02;7.348116e-03;2.798753e-02
1.717587e-02;1.008711e-02;2.185268e-01;1.130398e-01;2.420887e-01;1.887765e-01;1.094548e-01;2.480958e-02;1.698120e-02;1.326411e-02;1.507101e-02;3.072442e-02
2.165586e-02;1.621787e-02;4.055111e-01;1.238452e-01;1.348996e-01;1.243242e-01;6.026977e-02;2.886622e-02;2.321624e-02;1.349043e-02;2.931121e-02;1.839229e-02
3.755630e-02;4.399715e-02;5.006686e-01;7.160851e-02;7.145349e-02;1.083260e-01;5.234730e-02;2.205313e-02;2.383192e-02;2.649553e-02;3.295508e-02;8.707006e-03
5.996448e-02;6.181978e-02;3.948723e-01;4.824424e-02;7.477900e-02;1.236249e-01;9.156316e-02;1.422302e-02;4.628113e-02;3.224997e-02;3.852249e-02;1.385553e-02
7.486101e-02;5.085899e-02;2.694384e-01;4.002525e-02;9.853952e-02;1.238421e-01;1.078922e-01;2.711865e-02;6.236386e-02;6.685416e-02;4.876640e-02;2.943944e-02
6.348255e-02;5.164297e-02;1.964100e-01;4.798188e-02;1.147285e-01;1.354170e-01;1.129146e-01;3.889654e-02;4.961925e-02;8.500954e-02;6.420488e-02;3.969237e-02
7.668342e-02;7.833456e-02;1.015573e-01;2.612166e-02;1.012118e-01;1.269978e-01;1.682084e-01;5.493173e-02;6.497770e-02;7.842771e-02;7.283178e-02;4.971617e-02
9.415306e-02;7.103151e-02;1.751745e-01;3.089374e-02;8.643927e-02;7.460775e-02;1.114783e-01;7.568990e-02;1.057749e-01;7.028650e-02;6.744289e-02;3.702777e-02
4.484369e-02;6.471524e-02;3.007885e-01;5.183842e-02;6.064741e-02;4.456982e-02;5.862687e-02;6.431044e-02;1.265509e-01;9.196313e-02;7.363505e-02;1.751058e-02
2.499307e-02;5.249640e-02;3.418550e-01;6.144201e-02;4.603571e-02;2.783990e-02;7.086588e-02;3.441861e-02;9.510559e-02;1.768102e-01;5.132032e-02;1.681719e-02
2.585501e-02;8.671945e-02;2.764502e-01;3.820660e-02;2.336647e-02;3.728793e-02;5.242315e-02;1.546333e-02;1.596362e-01;2.244861e-01;4.058043e-02;1.952505e-02
3.281821e-02;1.460949e-01;1.689234e-01;1.973564e-02;1.223080e-02;4.927077e-02;2.467811e-02;1.494482e-02;2.781674e-01;2.021706e-01;2.587379e-02;2.509158e-02
3.837593e-02;2.081894e-01;8.441176e-02;1.278862e-02;7.398279e-03;5.025820e-02;1.297866e-02;1.599267e-02;3.958332e-01;1.225658e-01;1.573660e-02;3.547081e-02
3.186048e-02;2.311780e-01;9.910648e-02;7.856762e-03;4.422273e-03;3.832867e-02;1.078808e-02;1.529931e-02;4.650512e-01;3.735255e-02;1.236200e-02;4.639413e-02
2.674833e-02;1.835731e-01;1.343762e-01;7.985896e-03;4.573274e-03;2.629161e-02;1.344669e-02;1.976161e-02;4.746187e-01;5.799051e-02;1.023144e-02;4.040269e-02
1.450086e-02;1.285157e-01;1.870565e-01;7.785119e-03;7.076285e-03;2.076044e-02;1.478024e-02;1.290126e-02;4.738898e-01;9.595061e-02;8.801400e-03;2.798180e-02
1.046483e-02;1.111564e-01;2.200312e-01;1.118928e-02;7.082957e-03;1.887476e-02;1.582825e-02;1.759942e-02;4.654703e-01;1.000639e-01;4.692437e-03;1.754621e-02
1.976020e-02;1.084840e-01;2.561205e-01;1.147455e-02;7.070550e-03;1.663156e-02;1.668091e-02;1.223083e-02;4.107431e-01;1.201111e-01;7.214550e-03;1.347814e-02
1.432625e-02;1.015215e-01;3.211233e-01;1.924239e-02;9.151707e-03;1.014731e-02;2.485558e-02;2.687595e-02;2.359569e-01;2.091092e-01;1.343119e-02;1.425874e-02
3.293730e-02;1.397600e-01;2.812988e-01;2.407314e-02;8.753680e-03;1.633575e-02;2.397306e-02;2.714199e-02;2.426441e-01;1.713610e-01;1.611034e-02;1.561092e-02
6.184536e-02;1.859198e-01;1.983617e-01;3.155850e-02;8.319776e-03;1.493862e-02;1.082315e-02;1.931391e-02;3.773087e-01;6.818742e-02;7.414509e-03;1.600854e-02
8.910652e-02;1.987320e-01;1.504208e-01;3.381463e-02;9.355287e-03;1.345174e-02;1.138344e-02;2.493412e-02;4.138770e-01;3.416054e-02;7.638800e-03;1.312515e-02
1.280418e-01;1.822655e-01;1.141483e-01;2.717892e-02;2.217221e-02;1.145592e-02;1.757951e-02;6.399903e-02;3.589241e-01;4.676922e-02;1.301666e-02;1.444880e-02
2.049086e-01;1.329288e-01;1.101236e-01;1.705476e-02;4.568967e-02;2.328935e-02;3.674896e-02;9.986441e-02;2.323598e-01;5.211293e-02;2.947444e-02;1.544468e-02
2.769409e-01;9.489917e-02;9.129683e-02;1.002248e-02;8.623124e-02;2.408460e-02;3.841767e-02;1.734392e-01;1.037549e-01;3.697596e-02;4.571227e-02;1.822475e-02
3.515722e-01;6.844438e-02;7.039853e-02;8.643778e-03;1.050380e-01;1.081260e-02;3.302985e-02;2.438070e-01;1.033498e-02;2.354735e-02;4.525482e-02;2.911647e-02
3.195308e-01;4.008988e-02;5.299888e-02;2.320862e-02;7.849492e-02;1.273143e-02;7.924530e-02;2.229492e-01;3.892139e-02;3.221932e-02;2.975243e-02;6.985778e-02
2.258377e-01;3.731409e-02;5.210833e-02;4.325649e-02;5.665820e-02;3.086874e-02;1.375139e-01;1.765423e-01;2.993875e-02;5.843514e-02;2.697504e-02;1.245514e-01
8.999997e-02;6.798843e-02;8.326320e-02;5.477394e-02;5.008597e-02;4.692001e-02;1.675711e-01;1.452671e-01;2.262925e-02;7.169855e-02;5.083521e-02;1.489672e-01
1.925721e-01;1.059608e-01;1.650426e-01;3.598778e-02;3.247733e-02;3.216429e-02;1.128539e-01;1.164991e-01;1.290860e-02;3.945284e-02;5.414212e-02;9.993850e-02
3.309266e-01;1.228873e-01;1.874705e-01;1.228802e-02;4.049009e-02;1.128654e-02;5.421924e-02;1.162027e-01;1.412923e-02;1.788441e-02;4.998230e-02;4.223305e-02
3.540586e-01;1.281795e-01;1.893527e-01;1.201526e-02;3.804189e-02;1.079406e-02;4.141304e-02;8.817396e-02;4.099134e-02;1.519064e-02;5.505062e-02;2.673837e-02
3.422454e-01;1.286331e-01;2.052150e-01;1.421583e-02;2.889360e-02;8.650064e-03;3.859098e-02;9.343698e-02;3.765104e-02;1.601679e-02;5.943376e-02;2.701754e-02
3.585133e-01;1.242967e-01;1.980792e-01;9.796848e-03;2.477184e-02;6.888224e-03;2.105265e-02;1.230847e-01;3.062344e-02;1.264099e-02;5.888055e-02;3.137156e-02
3.727396e-01;1.036969e-01;1.879742e-01;6.490421e-03;2.820599e-02;9.778645e-03;3.043711e-02;1.402149e-01;2.621184e-02;1.106229e-02;4.569677e-02;3.749133e-02
4.015557e-01;9.011182e-02;1.720951e-01;5.587468e-03;2.662452e-02;1.098392e-02;2.994630e-02;1.353255e-01;2.596060e-02;1.512346e-02;3.665170e-02;5.003396e-02
4.041242e-01;9.163841e-02;1.752380e-01;8.983948e-03;2.260964e-02;1.060612e-02;3.209199e-02;1.247345e-01;2.628609e-02;2.127810e-02;2.961404e-02;5.279496e-02
4.081926e-01;8.435810e-02;1.734938e-01;7.936388e-03;1.690411e-02;9.616945e-03;4.153702e-02;1.412895e-01;1.817108e-02;1.367960e-02;2.743682e-02;5.738391e-02
4.134378e-01;6.763580e-02;1.713717e-01;5.195972e-03;1.863888e-02;7.951494e-03;4.505236e-02;1.553230e-01;1.210859e-02;1.270728e-02;2.954228e-02;6.103482e-02
3.892477e-01;6.339731e-02;1.841107e-01;6.836675e-03;1.780037e-02;7.215367e-03;5.111858e-02;1.604941e-01;9.295424e-03;1.404905e-02;3.445224e-02;6.198245e-02
3.788008e-01;6.681017e-02;1.890508e-01;1.674104e-02;3.013314e-02;1.238526e-02;5.022488e-02;1.519248e-01;9.365783e-03;1.969468e-02;2.895420e-02;4.591436e-02
3.408309e-01;1.129929e-01;2.073809e-01;2.786459e-02;3.982462e-02;2.525301e-02;4.270511e-02;1.038963e-01;2.193220e-02;2.247867e-02;2.221562e-02;3.262514e-02
3.609196e-01;1.352693e-01;1.927710e-01;2.622899e-02;3.310906e-02;2.482568e-02;3.133334e-02;9.987830e-02;1.484580e-02;2.015218e-02;1.758254e-02;4.308413e-02
4.330558e-01;1.431792e-01;1.486534e-01;1.256095e-02;2.359480e-02;1.315561e-02;2.432262e-02;1.116260e-01;1.053743e-02;1.609235e-02;1.666539e-02;4.655642e-02
4.473726e-01;1.414029e-01;1.632043e-01;6.215225e-03;2.845798e-02;7.104967e-03;2.161394e-02;1.061197e-01;7.728780e-03;1.623305e-02;1.698214e-02;3.756433e-02
4.035328e-01;1.696810e-01;1.923537e-01;6.167182e-03;2.187091e-02;5.055351e-03;1.901145e-02;8.391198e-02;2.757909e-02;2.788616e-02;1.326101e-02;2.968935e-02
3.194008e-01;2.001821e-01;2.339363e-01;9.126494e-03;1.624402e-02;4.040914e-03;2.572179e-02;5.237034e-02;6.251402e-02;4.409603e-02;1.159139e-02;2.077584e-02
2.197225e-01;2.190662e-01;2.925749e-01;1.297058e-02;8.475265e-03;1.176959e-02;2.063728e-02;3.020007e-02;1.205065e-01;4.079871e-02;7.465460e-03;1.581286e-02
1.124325e-01;2.094736e-01;4.166120e-01;1.708960e-02;6.004818e-03;1.966938e-02;9.092226e-03;1.508216e-02;1.480745e-01;2.692651e-02;7.725278e-03;1.181747e-02
3.974057e-02;1.562966e-01;5.726231e-01;2.404161e-02;1.072363e-02;1.719479e-02;1.297208e-02;1.839311e-02;1.091807e-01;2.547581e-02;3.845979e-03;9.512066e-03
3.142491e-02;9.055254e-02;6.785790e-01;4.544979e-02;2.036529e-02;9.208477e-03;1.437677e-02;1.700398e-02;5.162678e-02;2.993407e-02;5.738818e-03;5.739643e-03
2.126186e-02;3.167212e-02;7.064419e-01;9.191644e-02;4.362186e-02;1.315351e-02;1.205732e-02;1.088133e-02;2.789495e-02;2.447060e-02;1.231696e-02;4.311151e-03
1.190356e-02;1.455722e-02;6.327797e-01;1.460115e-01;7.873971e-02;2.467718e-02;2.146075e-02;1.206373e-02;1.963885e-02;1.177284e-02;2.110437e-02;5.290553e-03
1.218204e-02;1.105940e-02;5.301853e-01;1.731447e-01;1.252419e-01;3.451833e-02;4.853539e-02;1.777315e-02;1.106622e-02;8.764568e-03;2.047671e-02;7.052334e-03
1.771794e-02;1.228728e-02;3.805908e-01;1.362861e-01;2.142228e-01;7.004400e-02;9.458258e-02;1.577510e-02;2.068771e-02;1.510659e-02;1.313452e-02;9.564647e-03
1.364676e-02;7.687208e-03;2.550744e-01;8.722970e-02;3.262306e-01;1.343038e-01;1.019436e-01;8.863341e-03;2.901545e-02;8.802094e-03;9.663230e-03;1.753974e-02
2.774311e-02;1.525374e-02;1.623658e-01;3.546632e-02;2.944437e-01;1.832094e-01;2.092268e-01;1.068600e-02;2.603468e-02;8.322404e-03;8.378126e-03;1.886999e-02
4.628450e-02;1.432004e-02;7.156586e-02;3.031545e-02;2.157658e-01;2.190859e-01;3.230914e-01;1.812323e-02;1.718597e-02;1.613258e-02;5.321771e-03;2.280740e-02
6.846989e-02;6.089795e-03;4.153387e-02;1.250479e-02;1.339167e-01;2.348525e-01;4.280125e-01;1.993038e-02;1.302111e-02;2.096660e-02;6.189935e-03;1.451197e-02
6.419780e-02;9.176687e-03;3.220927e-02;1.035178e-02;1.001600e-01;2.293803e-01;4.904978e-01;1.760203e-02;9.177879e-03;2.727354e-02;4.665781e-03;5.307185e-03
5.899416e-02;5.612649e-03;3.251416e-02;2.102760e-02;9.869163e-02;2.129891e-01;4.884859e-01;1.781229e-02;6.615527e-03;4.151728e-02;7.148247e-03;8.591423e-03
8.843485e-02;1.448317e-02;5.030841e-02;1.865641e-02;8.443280e-02;1.839636e-01;4.285631e-01;2.777820e-02;1.636911e-02;5.286625e-02;2.026084e-02;1.388330e-02
1.568240e-01;1.680572e-02;5.124111e-02;9.291349e-03;6.923795e-02;1.986748e-01;3.677480e-01;2.742652e-02;2.091511e-02;4.632082e-02;2.550961e-02;1.000503e-02
2.099935e-01;1.505907e-02;4.774417e-02;1.247125e-02;1.091563e-01;2.248321e-01;2.444367e-01;2.932280e-02;1.856671e-02;2.645750e-02;1.540165e-02;4.655829e-02
1.691777e-01;1.102949e-02;5.524760e-02;2.561515e-02;1.950512e-01;1.710337e-01;9.723693e-02;2.842429e-02;4.819788e-02;1.187970e-02;1.183406e-02;1.752723e-01
6.426066e-02;6.883672e-03;6.165459e-02;3.823379e-02;2.511115e-01;9.716740e-02;5.563780e-02;2.371392e-02;6.459352e-02;1.155738e-02;1.265515e-02;3.125306e-01
1.940996e-02;1.233535e-02;5.676086e-02;4.437879e-02;2.697869e-01;6.205178e-02;6.934730e-02;1.391345e-02;6.336642e-02;1.141084e-02;1.741432e-02;3.598241e-01
1.680565e-02;1.586084e-02;5.764932e-02;4.531236e-02;2.914526e-01;5.912419e-02;5.893785e-02;7.757460e-03;6.736092e-02;1.059336e-02;1.233117e-02;3.568143e-01
2.332955e-02;1.357392e-02;6.078308e-02;5.564247e-02;3.142321e-01;8.000468e-02;3.150976e-02;1.072699e-02;7.233054e-02;8.353852e-03;1.579824e-02;3.137148e-01
2.826576e-02;1.243251e-02;8.520973e-02;9.213670e-02;3.221865e-01;7.721034e-02;5.964801e-02;1.239379e-02;6.363365e-02;1.056258e-02;1.436069e-02;2.219597e-01
2.720359e-02;1.290932e-02;1.861493e-01;1.391000e-01;2.868720e-01;8.230563e-02;6.621866e-02;1.263964e-02;5.038600e-02;1.272388e-02;7.009888e-03;1.164821e-01
3.023412e-02;2.803950e-02;3.545870e-01;1.478400e-01;1.987796e-01;6.353354e-02;5.691279e-02;1.005370e-02;3.163797e-02;1.435220e-02;8.571372e-03;5.545826e-02
4.286777e-02;5.701908e-02;4.787762e-01;9.641477e-02;1.317878e-01;3.372259e-02;4.793254e-02;9.806935e-03;3.167916e-02;2.250323e-02;1.068255e-02;3.680733e-02
4.643543e-02;6.159614e-02;4.275170e-01;6.050480e-02;1.281668e-01;4.382977e-02;5.870386e-02;1.876292e-02;4.402755e-02;3.687418e-02;3.138098e-02;4.220058e-02
3.467840e-02;6.214435e-02;1.518066e-01;1.235168e-01;1.823207e-01;1.001626e-01;6.178746e-02;4.623568e-02;8.315523e-02;5.577296e-02;4.184681e-02;5.657246e-02
