9.696110e-02;7.411505e-02;1.614578e-01;9.502984e-02;7.988448e-02;6.289759e-02;7.932162e-02;8.560335e-02;9.507473e-02;6.877648e-02;3.505417e-02;6.582375e-02
7.205623e-02;1.200689e-01;1.837125e-01;4.165358e-02;5.561837e-02;7.361667e-02;7.517251e-02;6.005719e-02;9.706835e-02;8.232249e-02;8.363634e-02;5.501682e-02
7.277770e-02;1.007606e-01;1.912770e-01;3.239297e-02;7.633626e-02;7.214729e-02;7.161978e-02;5.225759e-02;1.033138e-01;7.427827e-02;1.009492e-01;5.188961e-02
9.721722e-02;6.026621e-02;2.081469e-01;4.956577e-02;9.737238e-02;5.448938e-02;6.842495e-02;4.461376e-02;1.056645e-01;5.884060e-02;1.019873e-01;5.341101e-02
1.090910e-01;7.810393e-02;1.802651e-01;5.888683e-02;1.139965e-01;5.755782e-02;6.887415e-02;4.859142e-02;1.014060e-01;7.061151e-02;7.755977e-02;3.505595e-02
7.995929e-02;8.602659e-02;1.364380e-01;8.170441e-02;6.946348e-02;6.534077e-02;8.325277e-02;8.687270e-02;8.804011e-02;6.610550e-02;9.025817e-02;6.653822e-02
1.199614e-01;6.843803e-02;1.246991e-01;8.466825e-02;8.888265e-02;4.563763e-02;7.770364e-02;1.388826e-01;6.201449e-02;4.375648e-02;8.458992e-02;6.076583e-02
1.414615e-01;6.236982e-02;1.427129e-01;5.303202e-02;1.344249e-01;4.065922e-02;9.235799e-02;1.456333e-01;6.584506e-02;4.021952e-02;6.097116e-02;2.031261e-02
1.242542e-01;5.233758e-02;1.540652e-01;4.212855e-02;1.269691e-01;4.121837e-02;1.413519e-01;1.069521e-01;7.223988e-02;4.768045e-02;6.454352e-02;2.625923e-02
1.324684e-01;5.632434e-02;1.243595e-01;4.453395e-02;8.507650e-02;4.477086e-02;1.895595e-01;6.320059e-02;7.309909e-02;4.862150e-02;1.169071e-01;2.107864e-02
1.712440e-01;5.454448e-02;7.984956e-02;4.110938e-02;4.809104e-02;3.898137e-02;1.566627e-01;1.482519e-01;6.233699e-02;5.339253e-02;1.149893e-01;3.054665e-02
1.817844e-01;6.792492e-02;1.183543e-01;4.528353e-02;2.947514e-02;1.920306e-02;1.110070e-01;1.789312e-01;7.401940e-02;6.132028e-02;9.241927e-02;2.027749e-02
1.363478e-01;6.564762e-02;1.579890e-01;7.509933e-02;3.457851e-02;3.485968e-02;8.410690e-02;1.667261e-01;6.136452e-02;5.156347e-02;8.933605e-02;4.238107e-02
1.144240e-01;3.622149e-02;1.406809e-01;7.507959e-02;5.376897e-02;3.465363e-02;9.905347e-02;1.384480e-01;1.360743e-01;6.956644e-02;6.259696e-02;3.943227e-02
1.074135e-01;4.934453e-02;1.056163e-01;7.647324e-02;7.116411e-02;6.307884e-02;7.567859e-02;1.228442e-01;1.594801e-01;7.173166e-02;4.890088e-02;4.827404e-02
8.437574e-02;5.135754e-02;1.302853e-01;1.224412e-01;9.985168e-02;7.417671e-02;6.564544e-02;1.224602e-01;1.095430e-01;5.221061e-02;2.960384e-02;5.804876e-02
1.064170e-01;4.518334e-02;1.454187e-01;1.076810e-01;9.638876e-02;9.063699e-02;4.975780e-02;1.238792e-01;1.041803e-01;5.451758e-02;2.599817e-02;4.994110e-02
9.213968e-02;5.236021e-02;1.746787e-01;7.764636e-02;8.906779e-02;9.197410e-02;8.375335e-02;1.279723e-01;8.964095e-02;5.749871e-02;1.896651e-02;4.430135e-02
5.903161e-02;5.525087e-02;1.380673e-01;1.192982e-01;1.119718e-01;5.688946e-02;1.118872e-01;1.162929e-01;5.506936e-02;4.852780e-02;6.931629e-02;5.839725e-02
3.220772e-02;7.055286e-02;1.116682e-01;1.678333e-01;1.175473e-01;4.469202e-02;9.228274e-02;8.973091e-02;3.181796e-02;4.870578e-02;1.164571e-01;7.650407e-02
1.362009e-02;7.549608e-02;8.337829e-02;2.354985e-01;9.570591e-02;3.009434e-02;4.577068e-02;8.269855e-02;2.145008e-02;5.072090e-02;1.930374e-01;7.252921e-02
7.484773e-03;5.382902e-02;7.281256e-02;3.279216e-01;6.189923e-02;2.819109e-02;1.325115e-02;7.329042e-02;2.240510e-02;3.346657e-02;2.736309e-01;3.181760e-02
2.265408e-02;2.791159e-02;1.352923e-01;2.923171e-01;3.158921e-02;2.190595e-02;2.249517e-02;4.031792e-02;4.209931e-02;7.269064e-02;2.746760e-01;1.605074e-02
5.837634e-02;2.074480e-02;2.381231e-01;1.595467e-01;1.270489e-02;1.218210e-02;3.029183e-02;1.694093e-02;6.753126e-02;1.575745e-01;2.042782e-01;2.170536e-02
8.856432e-02;3.273883e-02;2.863832e-01;4.684733e-02;1.216301e-02;9.982033e-03;4.390595e-02;1.630660e-02;7.615447e-02;2.545773e-01;1.196313e-01;1.274562e-02
9.748936e-02;2.848669e-02;2.691680e-01;5.420438e-02;1.628475e-02;1.534912e-02;5.178992e-02;1.207548e-02;8.593985e-02;3.136144e-01;4.511926e-02;1.047882e-02
8.548284e-02;2.312829e-02;2.166518e-01;6.578011e-02;2.032604e-02;1.668482e-02;4.479336e-02;2.436404e-02;8.099957e-02;2.865663e-01;1.285529e-01;6.669970e-03
7.734475e-02;4.724058e-02;2.254616e-01;8.875543e-02;2.221322e-02;1.395243e-02;4.478694e-02;3.177933e-02;4.325990e-02;2.418347e-01;1.535371e-01;9.833917e-03
1.029856e-01;7.701627e-02;2.651787e-01;9.868949e-02;1.929414e-02;1.838783e-02;4.331872e-02;3.308525e-02;4.128986e-02;1.664258e-01;1.258563e-01;8.472113e-03
1.637425e-01;9.525933e-02;2.146236e-01;8.065582e-02;2.637289e-02;2.337985e-02;4.470640e-02;4.397504e-02;5.188189e-02;1.089546e-01;1.337377e-01;1.271027e-02
1.547562e-01;8.176244e-02;1.820883e-01;7.721567e-02;2.450494e-02;2.298296e-02;4.425468e-02;4.282288e-02;4.640581e-02;1.596375e-01;1.427115e-01;2.085703e-02
9.350226e-02;5.255514e-02;2.406697e-01;1.178707e-01;2.483690e-02;2.101585e-02;2.999179e-02;3.762985e-02;4.377074e-02;2.165717e-01;9.617557e-02;2.540991e-02
9.017870e-02;3.820473e-02;2.347489e-01;8.003264e-02;2.936151e-02;1.968160e-02;4.420254e-02;3.981743e-02;3.114268e-02;2.434001e-01;1.208396e-01;2.838956e-02
1.160281e-01;5.182141e-02;1.460419e-01;9.189373e-02;3.056356e-02;3.028216e-02;5.531156e-02;2.521572e-02;3.861576e-02;2.765518e-01;1.084863e-01;2.918801e-02
1.612888e-01;5.370540e-02;2.080608e-01;9.484360e-02;5.252130e-02;2.874780e-02;3.759941e-02;3.661730e-02;2.763147e-02;2.191550e-01;5.733916e-02;2.248987e-02
1.121943e-01;3.551677e-02;3.083404e-01;9.067895e-02;6.222636e-02;2.434877e-02;4.398143e-02;3.088384e-02;3.265063e-02;1.606592e-01;8.097995e-02;1.753933e-02
5.592348e-02;2.234438e-02;3.376102e-01;8.208470e-02;5.429535e-02;2.725809e-02;5.346226e-02;1.659299e-02;1.209235e-02;2.280521e-01;9.973899e-02;1.054515e-02
2.344222e-02;2.928480e-02;3.204234e-01;4.066425e-02;3.598888e-02;2.006701e-02;4.362609e-02;1.265484e-02;4.313074e-02;3.232728e-01;9.431200e-02;1.313302e-02
2.583469e-02;3.385550e-02;3.072039e-01;2.125717e-02;2.231090e-02;1.288481e-02;4.325968e-02;9.618620e-03;8.596762e-02;3.767621e-01;5.293115e-02;8.113930e-03
2.066896e-02;4.599719e-02;3.389323e-01;2.562610e-02;2.273472e-02;1.393236e-02;4.004137e-02;1.319941e-02;8.118334e-02;3.577191e-01;3.143544e-02;8.529649e-03
3.470449e-02;9.164165e-02;2.910620e-01;3.001669e-02;1.892941e-02;3.932753e-02;2.547463e-02;2.396014e-02;1.469550e-01;2.425020e-01;3.157073e-02;2.385572e-02
7.323235e-02;1.254745e-01;2.108519e-01;4.989662e-02;3.937497e-02;4.498159e-02;2.916388e-02;4.885235e-02;1.906398e-01;1.304830e-01;2.754696e-02;2.950198e-02
8.081491e-02;1.004880e-01;2.437728e-01;5.597774e-02;6.296720e-02;2.145743e-02;5.271346e-02;6.350242e-02;1.632448e-01;9.570500e-02;2.610599e-02;3.325022e-02
5.826871e-02;5.426738e-02;2.671586e-01;6.515677e-02;6.203391e-02;3.443058e-02;6.483414e-02;5.102471e-02;1.487246e-01;1.251547e-01;4.039503e-02;2.855087e-02
5.571685e-02;4.090032e-02;2.828528e-01;6.649209e-02;3.778700e-02;3.589640e-02;6.093664e-02;3.529849e-02;1.587201e-01;1.610148e-01;4.741125e-02;1.697335e-02
5.894190e-02;5.749916e-02;2.694128e-01;5.523133e-02;2.034514e-02;3.151797e-02;5.689363e-02;4.735539e-02;1.844297e-01;1.446618e-01;5.572736e-02;1.798385e-02
5.289664e-02;3.322191e-02;2.948629e-01;5.901781e-02;1.947736e-02;2.248780e-02;7.072431e-02;5.973238e-02;1.933194e-01;1.083230e-01;6.368858e-02;2.224788e-02
5.441709e-02;6.492922e-02;3.007407e-01;3.862221e-02;3.333331e-02;3.862929e-02;4.525848e-02;4.861531e-02;1.917349e-01;1.376814e-01;3.193385e-02;1.410420e-02
3.849268e-02;6.826771e-02;2.927403e-01;7.031140e-02;5.512651e-02;3.226407e-02;3.871822e-02;4.320578e-02;1.284166e-01;1.462721e-01;5.574647e-02;3.043821e-02
4.807157e-02;4.121294e-02;2.668019e-01;9.964965e-02;6.538868e-02;4.162133e-02;4.531629e-02;5.301712e-02;1.056317e-01;1.310795e-01;6.769655e-02;3.451277e-02
5.198175e-02;4.525832e-02;2.724045e-01;6.960446e-02;5.601871e-02;6.783830e-02;4.136295e-02;4.433845e-02;9.022786e-02;1.914205e-01;4.172761e-02;2.781655e-02
5.168003e-02;5.823386e-02;2.850366e-01;4.415511e-02;6.810974e-02;6.864879e-02;5.595502e-02;4.652461e-02;5.831765e-02;1.885216e-01;4.922045e-02;2.559663e-02
5.635687e-02;6.290057e-02;2.657666e-01;4.689945e-02;7.584642e-02;4.765164e-02;4.415716e-02;5.778347e-02;7.936916e-02;1.496452e-01;8.401220e-02;2.961130e-02
5.738955e-02;8.515768e-02;2.471367e-01;5.709756e-02;6.937761e-02;5.471858e-02;3.493047e-02;4.148024e-02;1.068950e-01;1.021950e-01;8.795857e-02;5.566310e-02
5.287048e-02;7.904367e-02;2.694702e-01;6.736292e-02;4.474760e-02;7.506720e-02;4.836068e-02;3.253095e-02;1.476972e-01;8.397644e-02;4.495106e-02;5.392154e-02
6.350524e-02;9.836129e-02;1.948169e-01;5.459096e-02;5.052593e-02;7.773200e-02;5.263060e-02;5.957743e-02;1.846180e-01;8.737814e-02;4.225027e-02;3.401323e-02
6.916762e-02;1.126264e-01;1.813241e-01;6.415012e-02;6.587707e-02;5.406276e-02;7.779862e-02;5.867602e-02;1.407344e-01;1.039411e-01;5.052855e-02;2.111331e-02
8.255400e-02;8.064773e-02;2.169052e-01;7.655738e-02;9.933783e-02;4.525284e-02;6.692427e-02;6.075394e-02;6.967188e-02;1.072217e-01;5.783472e-02;3.633850e-02
7.301792e-02;7.255866e-02;1.674690e-01;8.407982e-02;1.110999e-01;6.354365e-02;6.409588e-02;6.455638e-02;8.017369e-02;1.180594e-01;5.207061e-02;4.927519e-02
5.404413e-02;5.490751e-02;9.307317e-02;6.635746e-02;9.629277e-02;6.885908e-02;1.146658e-01;5.799221e-02;7.016295e-02;1.095838e-01;1.208533e-01;9.320776e-02
4.036683e-02;4.102771e-02;1.293529e-01;8.813396e-02;7.443023e-02;5.586563e-02;1.160533e-01;5.204573e-02;6.792076e-02;6.121162e-02;1.965916e-01;7.699968e-02
2.082986e-02;2.754949e-02;1.532479e-01;1.095629e-01;4.930248e-02;3.597168e-02;8.724555e-02;3.941854e-02;5.436711e-02;9.415226e-02;2.713913e-01;5.696088e-02
1.336837e-02;1.945126e-02;1.664464e-01;1.363272e-01;2.096592e-02;1.190110e-02;5.323048e-02;2.185709e-02;3.245312e-02;1.292400e-01;3.702158e-01;2.454326e-02
1.320995e-02;7.846890e-03;1.599209e-01;1.942821e-01;1.484215e-02;8.439849e-03;1.521026e-02;8.786199e-03;2.062469e-02;1.262272e-01;4.230736e-01;7.536202e-03
5.518654e-03;8.941373e-03;1.302676e-01;2.786797e-01;1.221281e-02;1.020126e-02;6.326647e-03;1.676585e-02;1.840528e-02;9.722591e-02;4.043174e-01;1.113752e-02
5.326499e-03;9.178022e-03;8.619971e-02;3.385597e-01;2.137818e-02;1.097151e-02;1.246293e-02;2.754725e-02;1.829289e-02;4.848323e-02;4.034314e-01;1.816877e-02
6.034301e-03;1.481560e-02;5.111850e-02;3.157462e-01;7.230276e-02;1.249526e-02;1.557632e-02;2.940993e-02;1.274914e-02;2.503807e-02;3.870006e-01;5.771334e-02
4.348957e-03;1.734215e-02;4.046465e-02;2.197233e-01;2.143362e-01;1.441327e-02;7.649623e-03;2.384338e-02;1.321517e-02;3.050969e-02;2.720667e-01;1.420870e-01
5.959203e-03;1.009730e-02;3.284737e-02;9.660055e-02;4.109712e-01;2.423909e-02;1.850005e-02;2.110150e-02;3.575971e-02;2.763486e-02;9.048601e-02;2.258031e-01
2.497849e-02;7.880411e-03;3.054483e-02;3.089439e-02;4.763316e-01;5.099245e-02;2.317520e-02;1.491374e-02;6.683638e-02;1.902725e-02;4.263598e-02;2.117893e-01
7.174671e-02;8.368356e-03;3.766970e-02;2.195765e-02;3.637258e-01;1.049565e-01;3.105522e-02;1.356929e-02;1.078068e-01;4.012844e-02;8.270852e-02;1.163070e-01
1.367097e-01;8.753750e-03;3.373033e-02;5.088512e-02;1.779341e-01;1.785408e-01;4.445599e-02;2.604420e-02;1.077707e-01;1.006752e-01;8.547189e-02;4.902822e-02
2.087314e-01;5.531246e-03;1.663914e-02;6.046114e-02;9.998753e-02;2.196551e-01;4.842579e-02;5.941337e-02;5.721578e-02;1.469709e-01;6.313640e-02;1.383205e-02
2.344370e-01;8.189374e-03;1.241647e-02;6.240057e-02;8.443828e-02;2.075762e-01;8.040441e-02;7.206000e-02;1.492174e-02;1.620767e-01;3.748504e-02;2.359427e-02
2.048756e-01;1.971142e-02;1.656317e-02;1.201506e-01;7.317521e-02;1.616666e-01;1.367909e-01;5.286012e-02;3.397695e-02;1.393430e-01;1.974922e-02;2.113728e-02
7.512563e-02;3.938185e-02;1.874054e-02;1.596494e-01;9.780913e-02;1.987822e-01;2.116790e-01;3.441593e-02;4.007331e-02;6.062573e-02;2.331367e-02;4.040361e-02
1.100527e-01;4.806226e-02;2.142945e-02;9.354166e-02;1.167548e-01;1.685787e-01;2.584358e-01;3.865144e-02;4.042158e-02;3.493682e-02;2.288228e-02;4.625240e-02
1.152001e-01;4.962513e-02;4.186365e-02;4.815032e-02;1.401338e-01;1.487420e-01;2.695098e-01;4.417557e-02;4.087972e-02;3.136883e-02;3.379621e-02;3.655494e-02
1.209478e-01;5.882529e-02;5.648608e-02;7.702867e-02;1.627765e-01;1.139919e-01;1.978734e-01;4.328300e-02;4.274268e-02;3.398468e-02;4.370997e-02;4.834994e-02
1.207052e-01;5.710506e-02;1.080953e-01;7.859807e-02;1.719780e-01;8.275221e-02;1.250691e-01;4.639122e-02;3.937885e-02;3.731981e-02;4.717620e-02;8.543100e-02
9.892884e-02;4.394513e-02;1.395190e-01;9.430631e-02;1.396985e-01;1.015317e-01;8.738516e-02;3.893222e-02;2.251516e-02;5.908688e-02;6.245483e-02;1.116963e-01
6.720398e-02;3.921547e-02;1.085235e-01;1.170564e-01;1.358297e-01;1.038987e-01;1.200390e-01;4.774512e-02;2.839823e-02;6.694005e-02;7.735895e-02;8.779094e-02
1.241320e-01;3.978435e-02;4.084257e-02;9.432248e-02;1.839483e-01;1.183075e-01;1.516035e-01;6.082566e-02;2.822132e-02;5.701430e-02;6.223993e-02;3.875801e-02
1.495377e-01;4.237605e-02;5.893998e-02;6.669391e-02;1.710395e-01;9.505538e-02;1.049392e-01;4.489061e-02;5.092395e-02;8.559362e-02;7.002345e-02;5.998668e-02
2.132151e-01;3.902057e-02;4.921600e-02;5.294530e-02;1.043238e-01;7.859866e-02;7.458708e-02;2.309030e-02;3.871053e-02;1.091156e-01;7.354607e-02;1.436309e-01
1.941507e-01;2.934045e-02;2.477673e-02;8.432615e-02;1.379247e-01;7.682259e-02;3.612685e-02;2.946132e-02;6.025383e-02;9.463319e-02;7.417484e-02;1.580086e-01
9.514824e-02;3.801029e-02;5.284642e-02;1.245873e-01;1.608350e-01;9.750450e-02;5.716572e-02;3.740838e-02;8.778789e-02;5.956763e-02;7.228663e-02;1.168519e-01
1.131936e-01;3.776652e-02;7.587217e-02;1.021054e-01;1.486920e-01;1.136700e-01;8.617999e-02;4.707766e-02;7.993562e-02;4.722017e-02;6.468068e-02;8.360610e-02
1.911772e-01;4.470115e-02;6.132792e-02;5.789838e-02;9.908297e-02;1.088846e-01;8.683395e-02;6.444304e-02;6.806727e-02;6.413944e-02;7.859712e-02;7.484706e-02
1.654328e-01;3.824450e-02;3.432159e-02;5.589996e-02;1.224730e-01;1.432743e-01;6.999730e-02;8.135163e-02;9.203818e-02;9.205794e-02;7.325848e-02;3.165035e-02
1.152561e-01;2.781139e-02;4.495888e-02;4.649798e-02;1.809554e-01;1.345707e-01;6.304475e-02;7.829159e-02;8.941269e-02;1.245103e-01;2.674260e-02;6.794769e-02
1.023616e-01;1.976926e-02;4.096073e-02;8.778017e-02;2.186138e-01;9.087267e-02;7.466082e-02;8.480846e-02;7.546026e-02;1.209700e-01;2.088886e-02;6.285345e-02
1.174115e-01;2.242462e-02;3.222057e-02;1.083259e-01;1.945310e-01;1.118319e-01;8.332673e-02;7.913963e-02;6.276987e-02;1.014193e-01;3.711054e-02;4.948843e-02
1.302753e-01;2.416089e-02;8.826458e-02;6.453985e-02;1.265606e-01;1.269995e-01;9.181014e-02;6.200690e-02;6.932779e-02;1.119384e-01;4.023062e-02;6.388550e-02
1.014533e-01;4.339298e-02;2.063776e-01;5.382455e-02;1.057920e-01;9.103475e-02;1.438185e-01;4.818327e-02;7.496600e-02;7.028911e-02;3.020200e-02;3.066596e-02
8.723241e-02;8.213632e-02;2.655911e-01;5.665047e-02;1.058366e-01;6.481221e-02;1.298264e-01;5.135519e-02;6.851722e-02;4.666762e-02;2.059288e-02;2.078162e-02
1.061932e-01;1.351302e-01;2.987647e-01;4.755257e-02;6.854548e-02;8.616132e-02;8.985198e-02;4.869812e-02;5.765469e-02;2.994403e-02;1.475126e-02;1.675246e-02
1.497810e-01;1.731384e-01;2.819779e-01;4.506110e-02;3.480729e-02;1.137119e-01;5.495735e-02;3.338446e-02;5.835169e-02;2.413578e-02;1.529361e-02;1.539950e-02
1.910808e-01;1.758503e-01;2.540052e-01;3.551973e-02;3.657967e-02;9.118787e-02;5.521118e-02;1.709645e-02;5.576739e-02;3.157320e-02;2.610951e-02;3.001867e-02
1.573849e-01;1.449451e-01;2.602711e-01;3.002008e-02;4.420532e-02;6.236348e-02;1.073800e-01;1.494049e-02;4.801086e-02;4.286535e-02;3.908470e-02;4.852868e-02
6.831595e-02;7.968874e-02;2.467948e-01;4.664273e-02;5.989086e-02;1.172581e-01;1.500212e-01;3.179672e-02;5.643266e-02;4.420790e-02;3.700977e-02;6.194059e-02
1.227755e-01;7.958785e-02;2.165308e-01;4.866024e-02;5.515013e-02;1.375635e-01;1.204141e-01;4.384642e-02;5.013533e-02;5.132910e-02;2.755422e-02;4.645278e-02
1.733652e-01;8.677153e-02;2.604783e-01;5.125500e-02;3.661418e-02;1.038877e-01;5.222536e-02;5.759129e-02;4.540546e-02;7.350510e-02;1.944796e-02;3.945284e-02
1.485607e-01;9.760127e-02;2.675593e-01;6.857067e-02;5.718352e-02;5.498630e-02;6.935061e-02;5.904684e-02;3.765626e-02;7.031787e-02;2.038038e-02;4.878629e-02
1.029855e-01;7.932854e-02;2.596301e-01;6.856577e-02;8.101477e-02;5.094667e-02;6.283420e-02;6.051911e-02;7.385964e-02;8.796524e-02;2.855343e-02;4.379703e-02
8.981128e-02;2.808139e-02;2.711531e-01;6.162408e-02;7.252149e-02;9.803604e-02;6.430307e-02;4.778462e-02;1.068254e-01;8.596691e-02;2.662505e-02;4.726760e-02
7.720496e-02;5.424919e-02;2.338302e-01;5.045960e-02;7.635843e-02;1.526535e-01;9.488922e-02;3.521684e-02;8.025099e-02;6.837007e-02;2.569671e-02;5.082034e-02
7.666039e-02;5.098676e-02;1.528064e-01;6.738750e-02;8.124156e-02;2.376015e-01;1.123315e-01;4.475537e-02;6.458705e-02;4.845431e-02;2.916397e-02;3.402370e-02
6.810248e-02;5.895216e-02;1.423536e-01;9.209179e-02;1.153657e-01;2.082547e-01;1.014409e-01;6.142061e-02;6.014012e-02;5.027209e-02;1.701762e-02;2.458816e-02
5.285241e-02;4.508685e-02;1.950706e-01;9.609412e-02;1.276138e-01;8.754613e-02;1.146929e-01;6.491811e-02;6.228590e-02;6.658655e-02;4.979574e-02;3.745687e-02
4.017468e-02;3.080859e-02;2.540040e-01;7.885221e-02;8.809010e-02;7.235058e-02;1.333068e-01;5.615770e-02;4.510524e-02;9.850521e-02;7.438575e-02;2.825917e-02
2.902727e-02;2.244194e-02;3.412930e-01;7.488924e-02;6.095483e-02;4.498327e-02;1.239946e-01;4.596894e-02;1.508307e-02;1.602713e-01;6.660956e-02;1.448293e-02
1.770539e-02;1.879592e-02;4.157852e-01;3.793182e-02;6.960378e-02;1.825788e-02;8.304875e-02;3.335012e-02;2.933262e-02;2.310426e-01;3.894115e-02;6.204803e-03
1.571436e-02;2.781574e-02;4.101689e-01;2.357159e-02;7.958162e-02;1.157193e-02;4.352877e-02;2.255377e-02;5.616308e-02;2.833838e-01;1.222112e-02;1.372525e-02
1.753102e-02;5.744558e-02;3.501173e-01;2.473171e-02;5.004016e-02;1.292170e-02;2.757521e-02;3.845689e-02;1.047967e-01;2.743019e-01;1.526360e-02;2.681829e-02
1.285684e-02;8.625145e-02;2.970441e-01;2.947229e-02;2.996071e-02;2.135013e-02;2.203826e-02;6.254245e-02;1.897682e-01;1.978411e-01;1.114189e-02;3.973262e-02
1.317391e-02;1.128971e-01;2.638138e-01;3.922400e-02;2.372329e-02;2.724088e-02;1.702515e-02;7.329527e-02;2.576517e-01;1.221314e-01;8.208531e-03;4.161492e-02
1.977435e-02;1.228093e-01;3.307854e-01;3.831399e-02;2.200384e-02;2.461330e-02;2.021623e-02;5.703359e-02;2.376681e-01;8.539231e-02;7.088379e-03;3.430124e-02
4.548770e-02;1.312896e-01;3.794397e-01;3.026647e-02;2.528450e-02;2.813301e-02;3.834788e-02;3.851348e-02;1.637872e-01;6.837846e-02;1.068266e-02;4.038934e-02
6.354523e-02;1.273116e-01;3.673478e-01;3.428561e-02;2.766539e-02;3.269147e-02;5.583401e-02;4.424166e-02;1.279732e-01;5.001394e-02;2.535776e-02;4.373236e-02
5.007241e-02;8.832833e-02;3.485632e-01;3.212436e-02;2.552045e-02;3.550595e-02;6.047440e-02;4.274774e-02;1.973529e-01;5.494815e-02;3.005596e-02;3.430622e-02
4.651199e-02;6.048633e-02;3.073227e-01;2.851939e-02;2.428094e-02;3.433640e-02;4.014648e-02;4.041285e-02;2.737132e-01;5.579850e-02;4.937409e-02;3.909709e-02
3.800616e-02;6.647991e-02;2.699327e-01;2.281238e-02;2.729613e-02;3.080799e-02;3.912799e-02;4.598119e-02;2.713881e-01;1.135124e-01;3.585709e-02;3.879800e-02
4.237679e-02;5.984329e-02;3.035758e-01;2.441459e-02;2.893235e-02;3.044349e-02;5.064138e-02;3.203504e-02;2.512496e-01;1.111421e-01;3.267295e-02;3.267254e-02
4.544244e-02;6.942490e-02;3.640490e-01;4.077219e-02;3.162760e-02;2.641734e-02;5.163544e-02;3.207270e-02;2.050838e-01;5.474789e-02;3.070941e-02;4.801728e-02
2.375402e-02;7.458983e-02;3.555807e-01;3.679285e-02;4.935268e-02;2.872468e-02;4.150527e-02;3.335382e-02;1.641121e-01;1.201127e-01;2.240940e-02;4.971196e-02
2.480398e-02;8.530272e-02;3.353364e-01;3.472442e-02;4.171916e-02;3.734569e-02;5.748157e-02;2.542981e-02;1.529402e-01;1.378606e-01;2.067067e-02;4.638476e-02
4.721215e-02;7.708312e-02;3.339508e-01;4.469826e-02;3.504102e-02;3.924044e-02;7.008412e-02;3.236699e-02;1.040748e-01;1.096525e-01;4.185810e-02;6.473770e-02
5.285598e-02;6.483138e-02;3.349821e-01;4.233753e-02;6.838510e-02;5.830052e-02;7.163956e-02;6.467954e-02;9.793783e-02;3.873731e-02;4.692012e-02;5.839308e-02
5.613881e-02;7.279088e-02;2.354582e-01;4.988451e-02;7.566667e-02;6.476777e-02;9.046176e-02;8.519421e-02;1.363640e-01;4.247168e-02;3.205440e-02;5.874706e-02
5.868550e-02;5.959570e-02;2.119360e-01;6.754176e-02;7.666399e-02;5.357298e-02;1.112421e-01;8.910610e-02;1.197061e-01;4.913063e-02;4.092223e-02;6.189691e-02
6.018648e-02;6.844579e-02;2.911171e-01;1.034258e-01;6.072573e-02;4.569980e-02;9.222353e-02;6.426901e-02;9.969523e-02;4.876781e-02;3.293823e-02;3.250553e-02
3.963694e-02;2.991932e-02;3.049060e-01;1.064643e-01;1.321276e-01;7.425618e-02;1.199579e-01;3.259732e-02;5.252407e-02;3.229140e-02;3.220061e-02;4.311842e-02
2.188676e-02;2.191822e-02;2.855833e-01;1.247167e-01;1.474019e-01;7.735165e-02;1.447961e-01;3.919032e-02;1.608689e-02;2.084980e-02;5.670130e-02;4.351712e-02
1.034195e-02;1.641789e-02;3.166189e-01;1.693305e-01;1.182453e-01;5.565607e-02;1.092653e-01;4.109969e-02;1.371646e-02;2.313421e-02;9.253597e-02;3.363768e-02
7.706243e-03;1.305978e-02;3.708212e-01;1.941351e-01;7.216927e-02;4.129271e-02;5.355395e-02;3.163685e-02;1.656951e-02;3.951872e-02;1.441677e-01;1.536887e-02
1.581852e-02;1.745577e-02;4.463422e-01;1.493608e-01;7.332391e-02;4.281748e-02;1.932068e-02;1.733406e-02;2.083626e-02;2.133084e-02;1.631920e-01;1.286751e-02
2.239652e-02;1.409273e-02;4.772865e-01;9.479184e-02;7.026467e-02;3.270523e-02;2.391739e-02;1.838528e-02;2.408047e-02;6.466399e-02;1.470193e-01;1.039611e-02
2.316143e-02;1.377543e-02;4.910184e-01;7.857645e-02;5.610834e-02;2.046122e-02;7.361977e-02;1.673389e-02;1.932739e-02;8.037525e-02;1.195339e-01;7.308539e-03
1.905398e-02;2.006300e-02;5.427153e-01;6.370169e-02;4.370012e-02;9.210821e-03;8.681286e-02;1.303977e-02;1.043305e-02;9.919953e-02;8.319036e-02;8.879542e-03
2.158256e-02;3.293298e-02;5.802076e-01;5.397816e-02;3.870636e-02;1.506647e-02;6.761126e-02;1.495905e-02;2.467129e-02;1.015525e-01;3.951219e-02;9.219523e-03
4.469532e-02;8.018936e-02;5.299646e-01;5.734813e-02;4.799718e-02;2.261914e-02;4.633803e-02;1.543690e-02;3.505230e-02;8.506112e-02;2.377962e-02;1.151825e-02
7.378303e-02;1.076967e-01;4.157011e-01;5.298709e-02;8.061238e-02;4.549987e-02;4.898363e-02;2.244568e-02;4.143172e-02;6.981923e-02;2.070297e-02;2.033662e-02
6.361347e-02;8.275736e-02;4.069994e-01;5.610104e-02;8.752230e-02;4.909185e-02;5.306265e-02;2.957126e-02;4.951306e-02;4.990031e-02;3.697211e-02;3.489519e-02
2.076690e-02;3.255357e-02;4.868709e-01;8.935642e-02;6.526949e-02;3.865136e-02;7.214186e-02;2.715129e-02;4.898079e-02;3.822232e-02;5.336886e-02;2.666619e-02
2.943044e-02;3.764704e-02;4.778583e-01;9.029891e-02;5.124230e-02;2.971089e-02;5.382854e-02;2.919357e-02;4.236881e-02;8.688872e-02;4.246197e-02;2.907049e-02
3.138981e-02;3.756811e-02;4.375258e-01;1.031949e-01;6.005102e-02;3.139959e-02;7.034937e-02;2.132192e-02;6.399463e-02;9.406773e-02;2.934682e-02;1.979036e-02
2.991994e-02;2.586582e-02;4.329037e-01;1.129142e-01;5.619330e-02;4.132993e-02;9.826171e-02;2.595034e-02;6.239045e-02;6.381411e-02;3.071187e-02;1.974464e-02
5.597607e-02;3.802613e-02;3.724022e-01;8.693360e-02;5.753279e-02;3.419914e-02;1.122436e-01;3.695770e-02;6.581770e-02;7.321177e-02;4.677433e-02;1.992502e-02
6.463291e-02;7.171705e-02;2.878447e-01;6.947996e-02;5.050759e-02;5.520784e-02;1.042432e-01;4.657160e-02;5.796654e-02;7.300417e-02;6.254789e-02;5.627649e-02
6.273495e-02;7.456163e-02;2.789635e-01;6.458626e-02;6.797141e-02;8.497293e-02;1.160792e-01;5.757139e-02;5.419432e-02;4.084039e-02;4.457664e-02;5.294731e-02
4.984382e-02;6.544502e-02;2.882321e-01;6.731237e-02;9.454717e-02;1.113563e-01;1.228815e-01;6.863837e-02;4.640939e-02;3.630868e-02;2.343516e-02;2.559020e-02
2.036010e-02;4.880412e-02;2.656837e-01;7.814809e-02;1.053076e-01;1.064117e-01;1.321194e-01;7.036609e-02;4.682713e-02;6.001749e-02;4.512292e-02;2.083154e-02
1.090089e-01;5.663434e-02;1.696971e-01;5.065773e-02;5.332499e-02;9.665444e-02;1.268763e-01;1.190310e-01;7.559572e-02;5.084531e-02;4.010918e-02;5.156495e-02
8.154214e-02;4.414970e-02;1.667214e-01;4.404769e-02;5.884027e-02;9.666605e-02;1.662837e-01;8.673261e-02;5.156497e-02;5.642926e-02;8.255085e-02;6.447148e-02
4.705878e-02;3.228159e-02;1.264901e-01;4.072387e-02;6.258844e-02;1.502538e-01;1.715724e-01;7.993438e-02;3.962609e-02;6.470782e-02;1.226539e-01;6.210878e-02
1.871719e-02;5.272786e-02;8.215445e-02;2.926732e-02;7.966951e-02;2.038554e-01;1.370094e-01;7.305499e-02;2.470211e-02;9.384442e-02;1.636821e-01;4.131529e-02
1.097396e-02;7.578434e-02;6.493865e-02;2.374167e-02;9.109402e-02;2.585731e-01;6.362913e-02;4.856780e-02;2.254427e-02;1.137622e-01;2.065287e-01;1.986222e-02
1.793910e-02;4.481740e-02;1.039674e-01;1.554250e-02;8.687518e-02;3.390309e-01;3.775264e-02;3.181818e-02;1.510082e-02;6.273046e-02;2.197157e-01;2.470976e-02
1.758302e-02;1.522793e-02;9.871162e-02;1.343829e-02;9.187705e-02;3.876200e-01;4.408877e-02;2.682229e-02;1.025115e-02;4.702426e-02;2.257418e-01;2.161377e-02
2.137640e-02;1.368546e-02;1.129605e-01;1.145391e-02;9.600975e-02;3.766646e-01;4.212116e-02;2.227988e-02;9.496554e-03;5.074687e-02;2.202483e-01;2.295662e-02
3.690959e-02;1.695178e-02;1.280367e-01;1.209733e-02;8.543107e-02;3.534506e-01;5.235382e-02;1.879468e-02;1.433778e-02;4.219990e-02;2.145015e-01;2.493525e-02
4.033498e-02;3.464545e-02;1.219356e-01;1.152124e-02;8.512567e-02;3.339047e-01;5.367218e-02;2.149729e-02;1.757612e-02;5.207878e-02;2.043876e-01;2.332040e-02
4.415976e-02;4.990542e-02;1.134975e-01;1.266078e-02;1.005219e-01;3.273804e-01;5.322664e-02;1.647539e-02;1.685910e-02;5.570109e-02;1.823371e-01;2.727488e-02
3.933616e-02;4.006016e-02;8.426847e-02;3.538691e-02;1.311131e-01;2.956131e-01;4.698412e-02;1.049838e-02;2.234012e-02;8.606233e-02;1.783897e-01;2.994753e-02
4.568961e-02;3.321230e-02;5.476610e-02;4.738953e-02;1.433581e-01;2.370530e-01;5.276658e-02;2.784470e-02;3.593232e-02;9.676657e-02;1.758353e-01;4.938600e-02
7.697735e-02;4.750009e-02;6.913094e-02;5.678786e-02;1.489787e-01;1.700083e-01;6.583264e-02;3.887087e-02;4.208180e-02;8.237088e-02;1.613202e-01;4.014047e-02
7.061242e-02;3.323307e-02;1.064515e-01;5.179662e-02;1.489265e-01;1.671030e-01;9.907158e-02;5.632470e-02;4.592767e-02;7.265755e-02;1.182993e-01;2.959605e-02
5.561050e-02;4.954694e-02;1.481410e-01;5.779956e-02;1.097651e-01;1.765192e-01;9.573339e-02;5.059252e-02;4.532430e-02;5.991215e-02;1.044049e-01;4.665037e-02
7.527223e-02;6.390636e-02;1.364456e-01;6.216833e-02;1.233848e-01;1.434154e-01;1.017678e-01;6.807786e-02;4.163980e-02;6.206778e-02;9.287377e-02;2.898018e-02
7.085899e-02;6.839810e-02;1.362831e-01;5.769184e-02;1.613466e-01;9.604309e-02;8.878914e-02;1.119020e-01;3.736145e-02;6.088993e-02;5.820218e-02;5.223352e-02
6.045821e-02;6.943236e-02;1.557546e-01;4.476068e-02;1.122316e-01;7.570967e-02;1.225767e-01;1.185518e-01;6.574454e-02;5.949511e-02;8.236232e-02;3.292239e-02
5.289859e-02;6.899808e-02;1.144646e-01;5.283240e-02;4.271422e-02;9.434158e-02;1.430011e-01;9.073415e-02;8.826733e-02;1.161376e-01;9.128609e-02;4.432423e-02
5.933299e-02;7.939913e-02;8.833840e-02;8.786577e-02;7.102382e-02;8.865468e-02;9.951653e-02;7.450414e-02;1.063627e-01;1.177785e-01;8.256955e-02;4.465371e-02
7.332070e-02;8.960082e-02;9.860282e-02;8.068202e-02;8.076695e-02;9.622919e-02;4.890276e-02;7.692527e-02;1.072071e-01;1.211085e-01;8.561637e-02;4.103752e-02
