2.870418e-02;1.203360e-01;2.636354e-01;5.463295e-02;3.088623e-02;1.507744e-01;4.447672e-02;1.485939e-01;8.669639e-02;2.503920e-02;3.107308e-02;1.515156e-02
3.499398e-02;1.070021e-01;2.850145e-01;5.577789e-02;4.300318e-02;1.387067e-01;5.593879e-02;7.103911e-02;1.105535e-01;3.749339e-02;3.351747e-02;2.695942e-02
3.709991e-02;1.836173e-01;2.296744e-01;3.234716e-02;1.690820e-02;1.782112e-01;2.377232e-02;1.641801e-01;8.685178e-02;1.990072e-02;1.835229e-02;9.084659e-03
3.346276e-02;1.879603e-01;2.371156e-01;2.758806e-02;2.193137e-02;1.647291e-01;1.488633e-02;1.943102e-01;6.780234e-02;1.405352e-02;1.016691e-02;2.599351e-02
5.297103e-02;1.342622e-01;2.297533e-01;4.336505e-02;4.473707e-02;8.938702e-02;4.623457e-02;1.858972e-01;6.566114e-02;4.092639e-02;4.361630e-02;2.318868e-02
4.793618e-02;6.509393e-02;9.589092e-02;5.081220e-02;3.675405e-02;1.228635e-01;3.798511e-02;1.739196e-01;1.351241e-01;1.026865e-01;8.071900e-02;5.021487e-02
3.422938e-02;6.871361e-02;6.572406e-02;5.913495e-02;3.329707e-02;1.186938e-01;3.762167e-02;1.544123e-01;1.872347e-01;9.934892e-02;8.681826e-02;5.477132e-02
2.414258e-02;4.684642e-02;4.740434e-02;6.652347e-02;5.975394e-02;9.544131e-02;5.539647e-02;1.273193e-01;2.309172e-01;1.235007e-01;7.593887e-02;4.681545e-02
3.758107e-02;3.216485e-02;2.521523e-02;5.200149e-02;1.118230e-01;7.088108e-02;5.418358e-02;7.013456e-02;2.018490e-01;2.662047e-01;5.286727e-02;2.509409e-02
3.234877e-02;4.390229e-02;2.158706e-02;2.444218e-02;1.661014e-01;4.792656e-02;3.735689e-02;3.793209e-02;1.017780e-01;4.308407e-01;3.023429e-02;2.554978e-02
2.541603e-02;5.396267e-02;1.507428e-02;1.549315e-02;1.564590e-01;7.613201e-02;1.785648e-02;4.986035e-02;3.373022e-02;4.287977e-01;8.216761e-02;4.505054e-02
2.097605e-02;4.104773e-02;2.578890e-02;1.813279e-02;1.007956e-01;1.326217e-01;5.119430e-02;6.587347e-02;5.819352e-02;2.935117e-01;1.457411e-01;4.612311e-02
2.304365e-02;3.908499e-02;4.340522e-02;2.294267e-02;6.032038e-02;1.543266e-01;8.185129e-02;1.065596e-01;9.981340e-02;1.596407e-01;1.524036e-01;5.660786e-02
1.959629e-02;4.607571e-02;4.869774e-02;3.088675e-02;4.854796e-02;1.004157e-01;7.429828e-02;1.664260e-01;1.272922e-01;1.672205e-01;1.126709e-01;5.787191e-02
2.251997e-02;4.557803e-02;3.577228e-02;3.093222e-02;7.334874e-02;6.144790e-02;7.423719e-02;1.700923e-01;7.963862e-02;2.808368e-01;8.374678e-02;4.184921e-02
1.190699e-02;4.647617e-02;6.227960e-02;2.771812e-02;1.426616e-01;8.967852e-02;4.417889e-02;1.280114e-01;1.403307e-01;2.528673e-01;3.185402e-02;2.203678e-02
2.498235e-02;4.824686e-02;6.263287e-02;2.095738e-02;1.753051e-01;8.262532e-02;2.735939e-02;8.855835e-02;1.304937e-01;2.704578e-01;5.882959e-02;9.551141e-03
3.094577e-02;5.709974e-02;6.480980e-02;1.806121e-02;1.710397e-01;1.048913e-01;3.005338e-02;1.007001e-01;1.214916e-01;1.877456e-01;7.826210e-02;3.489961e-02
3.058863e-02;8.010732e-02;8.124311e-02;2.755998e-02;1.045843e-01;1.125926e-01;8.594260e-02;8.168106e-02;9.077352e-02;8.939118e-02;1.398898e-01;7.564602e-02
2.749337e-02;6.520840e-02;7.575883e-02;2.853830e-02;5.700219e-02;1.511814e-01;9.667233e-02;6.568351e-02;8.034015e-02;6.324551e-02;1.997782e-01;8.909781e-02
3.624236e-02;4.371808e-02;5.710009e-02;2.920509e-02;4.271111e-02;1.698516e-01;7.034472e-02;4.923183e-02;6.983426e-02;4.962206e-02;2.843324e-01;9.780635e-02
3.924193e-02;3.530700e-02;4.402688e-02;2.271349e-02;4.061978e-02;1.748321e-01;2.519471e-02;5.507620e-02;7.417869e-02;8.087582e-02;3.435111e-01;6.442226e-02
2.890299e-02;2.615567e-02;3.535481e-02;1.159371e-02;3.949540e-02;1.631280e-01;2.306171e-02;1.096695e-01;1.210681e-01;1.458182e-01;2.480286e-01;4.772330e-02
2.647204e-02;3.177553e-02;3.589563e-02;1.492468e-02;4.492569e-02;1.288607e-01;1.291500e-02;1.880661e-01;1.758232e-01;1.751372e-01;1.161383e-01;4.906588e-02
4.270430e-02;4.931508e-02;5.584410e-02;2.750202e-02;4.681597e-02;9.973877e-02;2.452334e-02;1.839198e-01;2.152930e-01;1.594772e-01;3.951159e-02;5.535485e-02
4.663010e-02;6.968401e-02;5.462242e-02;3.095747e-02;2.130212e-02;1.259744e-01;2.066372e-02;6.112048e-02;1.514475e-01;1.279936e-01;1.991972e-01;9.040688e-02
2.213453e-02;4.759064e-02;2.670979e-02;1.264651e-02;2.316921e-02;1.620833e-01;2.721913e-02;2.573699e-02;3.867106e-02;1.116502e-01;4.219983e-01;8.039042e-02
8.511755e-03;2.868154e-02;2.427113e-02;7.799964e-03;2.601113e-02;1.680844e-01;2.171284e-02;2.133708e-02;3.002158e-02;5.237237e-02;5.457218e-01;6.547443e-02
5.967815e-03;1.344701e-02;2.332087e-02;8.713380e-03;2.175753e-02;1.623500e-01;1.616935e-02;2.475414e-02;2.208147e-02;3.658121e-02;6.074585e-01;5.739868e-02
5.620210e-03;5.903745e-03;1.963057e-02;9.700804e-03;1.262419e-02;1.655657e-01;1.523083e-02;2.811303e-02;2.238906e-02;4.884855e-02;6.402025e-01;2.617089e-02
4.169052e-03;7.628992e-03;1.877743e-02;1.034485e-02;1.255867e-02;1.774154e-01;1.695985e-02;3.027361e-02;2.552429e-02;7.421257e-02;6.009309e-01;2.120431e-02
5.126796e-03;1.148324e-02;1.526848e-02;1.235736e-02;1.686187e-02;1.641042e-01;1.275441e-02;2.893376e-02;3.445897e-02;1.046259e-01;5.736916e-01;2.033345e-02
1.015897e-02;1.807140e-02;1.590019e-02;1.255425e-02;4.168560e-02;1.035087e-01;1.111832e-02;2.410349e-02;4.386492e-02;2.167316e-01;4.768768e-01;2.542572e-02
9.940575e-03;2.024080e-02;1.576111e-02;1.291079e-02;7.659413e-02;7.936642e-02;1.363195e-02;3.390492e-02;6.826246e-02;3.214082e-01;3.090412e-01;3.893740e-02
9.602915e-03;1.738519e-02;1.554124e-02;1.286924e-02;6.305831e-02;7.627422e-02;1.686642e-02;6.353628e-02;1.103690e-01;3.236408e-01;2.383605e-01;5.249588e-02
1.610673e-02;2.030552e-02;1.318581e-02;1.494942e-02;3.728651e-02;7.494318e-02;3.203372e-02;8.093745e-02;1.843017e-01;2.421353e-01;2.233663e-01;6.044833e-02
2.577983e-02;1.486032e-02;1.380627e-02;2.214975e-02;3.251567e-02;9.736445e-02;3.710741e-02;8.921542e-02;3.233222e-01;9.345365e-02;2.067110e-01;4.371398e-02
1.401682e-02;9.699819e-03;1.597765e-02;1.643506e-02;2.838620e-02;8.149018e-02;2.220040e-02;2.512099e-01;2.976547e-01;6.746612e-02;1.705855e-01;2.487767e-02
1.023020e-02;1.582842e-02;1.926326e-02;1.213649e-02;2.488394e-02;9.337330e-02;4.048067e-02;3.984309e-01;1.807946e-01;5.843375e-02;1.330202e-01;1.312420e-02
1.873155e-02;3.482404e-02;1.908836e-02;1.555665e-02;2.432618e-02;1.246048e-01;1.099192e-01;4.235977e-01;7.617874e-02;4.282280e-02;9.435196e-02;1.599811e-02
2.124642e-02;5.933781e-02;2.108672e-02;1.837336e-02;3.068758e-02;1.274330e-01;2.256844e-01;3.095977e-01;6.009796e-02;5.223836e-02;6.226861e-02;1.194805e-02
3.597649e-02;5.600611e-02;1.172307e-02;1.484567e-02;2.242576e-02;2.195191e-01;2.700799e-01;1.959717e-01;3.741371e-02;5.994087e-02;5.701682e-02;1.908090e-02
6.467170e-02;3.061041e-02;7.034876e-03;9.910719e-03;1.954090e-02;3.862892e-01;2.128795e-01;9.329727e-02;2.442222e-02;6.649309e-02;6.090225e-02;2.394785e-02
7.655796e-02;1.452571e-02;1.026115e-02;1.053639e-02;4.505508e-02;4.837447e-01;1.242255e-01;4.989729e-02;3.403882e-02;7.351384e-02;5.236301e-02;2.528062e-02
5.320120e-02;7.957215e-03;1.703005e-02;1.707395e-02;1.083036e-01;4.232440e-01;3.751930e-02;6.552908e-02;8.485396e-02;4.512530e-02;5.402343e-02;8.613887e-02
1.746747e-02;1.332573e-02;2.658154e-02;3.203007e-02;1.621686e-01;2.496603e-01;3.823285e-02;7.672195e-02;1.314090e-01;2.200492e-02;6.204081e-02;1.683568e-01
3.508833e-03;1.255959e-02;3.177256e-02;6.543097e-02;1.776436e-01;1.878330e-01;3.955127e-02;6.380231e-02;1.172806e-01;3.132584e-02;5.586395e-02;2.134275e-01
1.389093e-02;3.024145e-02;4.961852e-02;1.262610e-01;1.871640e-01;1.288564e-01;3.431094e-02;6.565842e-02;5.982024e-02;3.320851e-02;6.468388e-02;2.062856e-01
1.911197e-02;6.878541e-02;7.402583e-02;1.707264e-01;1.459065e-01;1.350822e-01;2.662741e-02;6.924447e-02;1.837415e-02;2.330561e-02;1.158880e-01;1.329220e-01
1.371190e-02;9.865917e-02;1.040884e-01;2.024118e-01;7.656057e-02;1.394663e-01;1.921365e-02;8.915034e-02;2.312677e-02;1.729089e-02;1.611219e-01;5.519828e-02
1.755038e-02;9.330031e-02;1.292921e-01;2.290966e-01;9.510774e-02;1.069030e-01;1.590654e-02;8.879154e-02;2.283766e-02;2.366878e-02;1.413581e-01;3.618719e-02
2.073454e-02;6.794884e-02;1.492460e-01;2.050921e-01;1.242361e-01;1.587172e-01;2.394389e-02;6.141461e-02;3.249290e-02;2.567480e-02;7.637454e-02;5.412456e-02
9.873963e-03;3.510403e-02;1.374450e-01;1.456884e-01;1.449329e-01;2.420861e-01;3.703362e-02;3.473587e-02;5.966497e-02;3.763249e-02;3.671015e-02;7.909257e-02
2.119820e-02;2.474236e-02;9.847512e-02;6.736705e-02;1.328819e-01;3.196709e-01;4.781991e-02;4.404449e-02;7.308114e-02;5.069999e-02;5.320071e-02;6.681824e-02
2.410080e-02;6.671443e-02;1.639154e-01;3.815253e-02;1.143325e-01;3.304111e-01;3.101686e-02;4.625808e-02;4.102398e-02;4.245983e-02;5.458968e-02;4.702491e-02
1.412282e-02;1.039350e-01;1.841310e-01;6.388418e-02;1.190205e-01;2.372785e-01;3.188903e-02;4.974166e-02;3.876967e-02;4.114337e-02;3.485171e-02;8.123267e-02
1.375543e-02;9.317541e-02;1.012210e-01;6.463978e-02;8.335090e-02;1.196335e-01;4.950156e-02;1.074214e-01;5.714029e-02;5.889282e-02;1.355157e-01;1.157523e-01
1.687345e-02;5.487265e-02;8.291635e-02;6.505918e-02;7.367735e-02;2.292111e-01;4.285865e-02;1.294850e-01;5.612293e-02;3.685614e-02;1.479079e-01;6.415915e-02
3.025717e-02;5.885115e-02;1.056611e-01;9.520946e-02;6.020472e-02;2.376358e-01;4.021892e-02;9.021953e-02;7.571863e-02;2.855405e-02;1.264856e-01;5.098393e-02
4.260271e-02;6.029486e-02;8.587680e-02;1.073205e-01;7.675959e-02;2.291179e-01;7.748931e-02;4.073726e-02;7.700915e-02;4.987588e-02;8.910589e-02;6.381009e-02
5.281208e-02;6.490368e-02;8.921959e-02;1.037662e-01;1.175753e-01;1.782010e-01;7.219654e-02;7.276123e-02;6.970467e-02;6.123418e-02;5.651570e-02;6.110979e-02
5.144266e-02;8.637273e-02;1.118905e-01;1.099657e-01;1.119927e-01;1.386216e-01;5.968983e-02;7.710719e-02;6.651855e-02;5.260575e-02;6.687126e-02;6.692151e-02
1.601175e-02;7.921956e-02;9.377553e-02;9.834727e-02;1.003194e-01;2.260732e-01;5.386723e-02;1.030159e-01;3.842547e-02;4.927526e-02;7.554770e-02;6.612185e-02
1.946342e-02;7.715762e-02;8.737084e-02;7.747442e-02;7.675964e-02;2.993710e-01;6.314969e-02;1.308341e-01;4.047361e-02;4.191906e-02;3.676487e-02;4.926171e-02
2.211418e-02;8.347707e-02;7.460539e-02;4.872261e-02;5.173174e-02;2.226345e-01;7.135919e-02;1.341330e-01;9.930734e-02;5.853777e-02;9.494813e-02;3.842908e-02
1.803045e-02;8.095495e-02;5.670731e-02;3.830333e-02;5.601643e-02;1.191745e-01;4.337902e-02;1.262252e-01;1.748816e-01;9.901612e-02;1.468127e-01;4.049826e-02
3.291925e-02;8.067030e-02;4.905909e-02;3.614668e-02;4.386713e-02;1.417248e-01;1.786023e-02;1.203132e-01;1.776792e-01;1.061454e-01;1.297091e-01;6.390562e-02
4.537068e-02;1.018028e-01;7.136565e-02;6.805557e-02;4.203447e-02;1.420325e-01;2.741921e-02;9.416650e-02;1.419446e-01;7.410937e-02;1.071553e-01;8.454347e-02
4.223705e-02;9.056485e-02;7.978260e-02;1.511612e-01;1.221396e-01;1.213995e-01;5.151983e-02;5.648823e-02;1.154039e-01;5.638500e-02;5.872209e-02;5.419610e-02
4.027026e-02;8.973843e-02;8.465867e-02;1.716427e-01;1.582075e-01;8.732966e-02;8.791556e-02;7.442400e-02;6.971231e-02;6.640537e-02;3.312601e-02;3.656949e-02
4.696202e-02;7.925196e-02;7.326546e-02;1.361275e-01;1.030103e-01;1.655448e-01;1.122330e-01;7.185962e-02;5.308838e-02;8.034313e-02;3.183530e-02;4.647861e-02
4.285683e-02;6.227569e-02;1.025744e-01;1.159068e-01;6.879961e-02;1.975257e-01;8.752182e-02;8.545143e-02;6.757537e-02;6.758301e-02;5.067788e-02;5.125134e-02
3.720114e-02;6.127361e-02;7.278159e-02;1.190027e-01;8.603926e-02;1.747166e-01;5.613275e-02;1.205102e-01;8.856180e-02;4.655980e-02;7.779388e-02;5.942666e-02
2.328366e-02;6.104669e-02;6.963516e-02;8.677050e-02;5.323560e-02;2.230027e-01;1.011108e-01;1.501036e-01;8.023980e-02;3.218860e-02;8.579969e-02;3.358321e-02
1.430482e-02;5.645872e-02;1.077470e-01;9.662408e-02;1.452291e-01;2.022730e-01;9.012822e-02;1.127432e-01;6.086019e-02;2.692537e-02;5.210613e-02;3.460016e-02
1.127619e-02;5.327781e-02;1.410479e-01;2.221600e-01;2.251036e-01;1.425311e-01;3.798332e-02;6.990086e-02;2.409853e-02;2.170520e-02;3.236060e-02;1.855470e-02
9.497388e-03;3.157852e-02;1.097126e-01;3.417720e-01;2.646425e-01;6.615593e-02;3.147938e-02;4.966301e-02;1.614704e-02;1.853194e-02;4.478204e-02;1.603757e-02
8.399582e-03;3.514488e-02;6.410984e-02;3.711301e-01;2.691681e-01;7.376388e-02;2.612755e-02;2.906672e-02;1.191909e-02;2.560016e-02;6.803467e-02;1.753546e-02
1.101794e-02;6.862563e-02;1.579410e-01;2.787823e-01;2.160370e-01;8.178765e-02;2.114813e-02;1.765495e-02;1.989867e-02;3.742652e-02;7.032832e-02;1.935190e-02
1.642615e-02;1.030573e-01;2.068027e-01;1.705318e-01;1.671242e-01;1.212509e-01;2.437465e-02;2.712189e-02;2.935491e-02;5.212867e-02;5.954502e-02;2.228174e-02
2.208754e-02;1.556057e-01;1.891686e-01;7.076681e-02;1.321287e-01;2.036975e-01;1.831172e-02;6.867037e-02;2.337097e-02;4.668302e-02;5.451597e-02;1.499317e-02
2.686300e-02;1.220640e-01;1.534627e-01;1.666787e-01;1.358405e-01;1.260151e-01;4.157871e-02;7.802934e-02;4.844856e-02;2.920859e-02;5.405845e-02;1.775239e-02
6.147721e-02;6.620181e-02;6.392034e-02;1.775832e-01;1.387350e-01;8.287267e-02;1.061102e-01;7.301220e-02;3.298913e-02;3.404148e-02;5.620078e-02;1.068561e-01
5.709577e-02;6.495232e-02;5.929944e-02;5.954821e-02;6.587783e-02;7.800718e-02;1.079596e-01;5.261403e-02;2.456850e-02;5.676320e-02;2.100104e-01;1.633035e-01
4.512190e-02;5.624578e-02;2.960306e-02;3.091405e-02;4.064888e-02;7.252448e-02;6.690902e-02;4.397932e-02;5.502896e-02;1.362858e-01;2.986578e-01;1.240809e-01
5.374553e-02;4.714286e-02;4.158518e-02;3.791459e-02;3.543058e-02;3.936006e-02;4.412574e-02;9.593965e-02;1.148045e-01;1.806982e-01;2.381127e-01;7.114032e-02
5.526638e-02;7.028492e-02;6.743234e-02;3.695494e-02;2.495298e-02;4.369573e-02;8.618356e-02;1.759445e-01;1.228559e-01;1.219344e-01;1.212656e-01;7.322877e-02
5.099614e-02;1.223045e-01;6.279544e-02;3.637429e-02;2.654191e-02;1.003357e-01;1.870253e-01;1.815837e-01;6.562691e-02;4.447909e-02;6.025365e-02;6.168341e-02
1.029254e-01;1.152133e-01;3.397565e-02;5.359281e-02;2.290311e-02;2.229380e-01;2.129859e-01;1.019555e-01;2.166395e-02;3.609727e-02;4.031494e-02;3.543429e-02
1.378589e-01;5.178314e-02;4.708775e-02;6.165310e-02;5.735458e-02;3.080828e-01;1.372795e-01;6.416009e-02;2.519926e-02;3.951094e-02;3.156256e-02;3.846738e-02
8.987635e-02;2.299555e-02;1.112516e-01;5.168246e-02;1.288209e-01;2.993953e-01;7.348467e-02;5.522272e-02;3.632510e-02;3.102244e-02;3.198778e-02;6.793518e-02
3.337612e-02;2.828822e-02;1.410706e-01;4.793029e-02;1.403220e-01;3.473945e-01;2.308557e-02;6.121667e-02;4.616370e-02;2.771372e-02;2.868656e-02;7.475214e-02
4.703652e-02;2.329264e-02;8.275117e-02;4.772604e-02;9.579364e-02;3.783265e-01;6.091898e-02;7.964713e-02;4.434167e-02;3.175906e-02;5.771723e-02;5.068949e-02
3.790976e-02;3.558300e-02;9.286039e-02;5.564370e-02;9.903097e-02;2.835127e-01;6.907507e-02;9.350435e-02;5.211350e-02;3.014882e-02;9.278190e-02;5.783574e-02
3.336290e-02;6.126207e-02;1.225760e-01;6.382542e-02;1.066488e-01;2.085609e-01;6.607097e-02;7.867351e-02;5.777086e-02;2.256186e-02;1.081709e-01;7.051584e-02
3.757853e-02;6.493655e-02;1.093775e-01;8.476063e-02;1.241638e-01;2.562730e-01;8.156831e-02;5.729435e-02;2.819391e-02;4.781582e-02;5.534546e-02;5.269211e-02
6.248787e-02;6.387465e-02;7.736418e-02;9.993272e-02;1.017857e-01;3.213551e-01;7.774898e-02;5.747443e-02;3.632135e-02;2.683088e-02;2.241889e-02;5.240516e-02
6.365295e-02;5.137146e-02;9.310862e-02;1.064134e-01;1.289406e-01;2.460017e-01;5.870657e-02;6.249756e-02;5.070584e-02;6.761014e-02;3.288221e-02;3.810892e-02
3.778859e-02;6.331125e-02;1.042971e-01;1.012104e-01;1.030449e-01;1.756050e-01;8.917739e-02;6.557603e-02;7.234747e-02;8.357926e-02;6.499395e-02;3.906867e-02
4.346436e-02;7.227466e-02;1.042537e-01;7.712515e-02;6.649967e-02;1.263933e-01;1.507755e-01;7.896148e-02;6.842152e-02;7.460871e-02;9.988047e-02;3.734155e-02
5.504509e-02;8.099544e-02;1.252927e-01;5.511498e-02;5.876657e-02;1.688768e-01;1.183951e-01;9.321871e-02;4.863973e-02;6.305726e-02;9.529832e-02;3.729937e-02
4.293809e-02;6.576300e-02;1.273968e-01;5.453256e-02;9.447529e-02;1.957505e-01;7.360391e-02;9.158108e-02;5.070836e-02;4.654878e-02;1.266649e-01;3.003679e-02
4.108972e-02;9.722453e-02;1.276273e-01;5.335087e-02;1.189167e-01;2.209257e-01;5.276230e-02;7.965939e-02;6.156640e-02;3.253459e-02;8.985105e-02;2.449151e-02
6.909302e-02;1.563531e-01;1.321309e-01;3.142751e-02;9.005006e-02;1.753212e-01;5.487172e-02;1.039155e-01;9.685612e-02;3.624994e-02;3.308497e-02;2.064592e-02
1.037286e-01;1.571047e-01;1.037778e-01;1.999482e-02;7.670191e-02;1.248140e-01;6.886782e-02;1.497849e-01;8.555952e-02;4.011278e-02;4.502489e-02;2.452819e-02
1.051568e-01;9.071843e-02;6.528980e-02;3.517736e-02;5.086340e-02;7.426059e-02;1.685878e-01;1.827509e-01;4.205100e-02;5.528685e-02;4.813235e-02;8.172478e-02
5.311497e-02;2.312721e-02;4.409135e-02;4.327701e-02;4.101169e-02;1.016295e-01;2.624394e-01;1.293162e-01;3.463744e-02;7.149233e-02;5.615696e-02;1.397060e-01
2.114422e-02;4.423051e-02;4.959603e-02;3.577704e-02;3.694028e-02;2.128042e-01;2.393533e-01;5.658292e-02;5.699512e-02;5.599768e-02;7.031348e-02;1.202653e-01
3.523893e-02;4.877884e-02;5.326899e-02;4.653198e-02;2.885893e-02;2.677075e-01;1.650304e-01;7.381529e-02;6.317395e-02;5.430496e-02;8.007916e-02;8.321102e-02
4.930606e-02;6.796036e-02;8.020799e-02;5.463955e-02;9.092190e-02;2.277310e-01;7.501049e-02;8.843199e-02;4.971613e-02;6.545376e-02;4.862529e-02;1.019955e-01
4.855274e-02;1.099892e-01;1.236529e-01;2.740160e-02;9.789231e-02;1.830416e-01;2.071363e-02;1.030585e-01;5.233709e-02;8.281337e-02;4.887022e-02;1.016768e-01
4.969899e-02;8.831391e-02;1.213040e-01;5.480779e-02;5.176541e-02;1.849105e-01;5.664724e-02;1.279759e-01;6.235632e-02;8.415052e-02;4.687944e-02;7.119010e-02
6.199841e-02;8.143339e-02;7.971029e-02;5.821598e-02;4.850144e-02;1.996465e-01;8.955969e-02;1.342783e-01;8.366460e-02;6.093566e-02;3.521335e-02;6.684231e-02
7.695013e-02;1.066054e-01;8.325194e-02;4.590028e-02;5.413003e-02;1.922494e-01;7.606310e-02;8.622508e-02;9.281871e-02;4.791069e-02;8.161994e-02;5.627542e-02
5.603774e-02;1.035847e-01;1.144422e-01;7.035788e-02;6.911805e-02;1.959992e-01;3.352493e-02;1.154176e-01;6.095605e-02;3.797795e-02;7.553148e-02;6.705223e-02
5.444026e-02;5.973501e-02;1.082105e-01;9.540744e-02;9.597740e-02;1.298354e-01;5.719180e-02;1.112951e-01;1.092194e-01;1.985808e-02;6.659237e-02;9.223729e-02
6.490260e-02;7.625962e-02;8.749566e-02;7.803608e-02;6.424727e-02;1.287009e-01;6.972068e-02;7.305863e-02;1.162086e-01;5.046467e-02;9.252033e-02;9.838497e-02
6.661265e-02;1.112327e-01;1.239607e-01;5.218525e-02;4.682262e-02;1.164161e-01;1.039191e-01;6.069444e-02;8.818858e-02;4.676869e-02;9.394465e-02;8.925453e-02
1.297995e-01;2.321920e-01;1.611471e-01;2.732236e-02;6.461988e-02;8.171958e-02;6.610832e-02;8.179715e-02;3.566426e-02;2.353551e-02;5.047178e-02;4.562262e-02
1.437105e-01;2.701952e-01;1.598859e-01;1.315857e-02;7.135006e-02;6.547213e-02;2.815987e-02;1.089124e-01;3.580365e-02;2.740747e-02;4.773287e-02;2.821148e-02
1.449380e-01;2.392296e-01;1.495385e-01;2.674788e-02;9.126837e-02;4.140982e-02;2.288531e-02;1.497971e-01;3.935337e-02;2.260345e-02;5.268348e-02;1.954521e-02
1.378699e-01;1.414248e-01;1.265247e-01;2.759363e-02;8.930806e-02;5.505473e-02;3.765274e-02;2.069554e-01;7.264230e-02;2.651318e-02;7.099471e-02;7.465879e-03
1.030207e-01;1.671381e-01;9.757654e-02;5.205629e-02;5.540676e-02;5.404218e-02;3.433726e-02;1.881988e-01;1.305135e-01;3.192861e-02;7.165708e-02;1.412413e-02
5.405138e-02;2.542546e-01;9.732834e-02;1.067811e-01;1.882534e-02;4.722328e-02;1.614357e-02;1.031098e-01;1.903595e-01;4.789167e-02;4.430711e-02;1.972423e-02
2.470641e-02;2.394684e-01;1.539267e-01;1.087608e-01;3.009588e-02;5.125029e-02;2.065613e-02;5.480264e-02;1.888686e-01;9.380389e-02;1.443090e-02;1.922926e-02
2.106776e-02;1.544150e-01;2.626824e-01;7.873549e-02;4.179480e-02;5.190850e-02;3.399250e-02;5.063432e-02;1.096892e-01;1.526124e-01;2.907067e-02;1.339691e-02
2.517398e-02;8.812768e-02;2.730782e-01;1.195746e-01;3.512131e-02;6.153775e-02;3.347284e-02;5.098414e-02;6.783830e-02;1.340095e-01;9.840801e-02;1.267379e-02
1.919408e-02;7.101355e-02;1.780291e-01;2.080570e-01;4.571482e-02;8.723643e-02;3.000669e-02;7.170945e-02;5.930807e-02;5.041515e-02;1.538273e-01;2.548834e-02
1.614521e-02;9.316789e-02;7.762077e-02;2.046226e-01;1.544921e-01;8.912483e-02;3.038466e-02;6.491403e-02;4.106847e-02;3.289270e-02;1.168564e-01;7.871040e-02
3.185179e-02;6.821544e-02;9.993733e-02;1.151275e-01;2.049098e-01;1.759159e-01;3.320056e-02;3.645442e-02;5.817768e-02;3.119845e-02;3.807436e-02;1.069368e-01
6.285272e-02;4.462876e-02;1.065542e-01;5.085448e-02;1.403336e-01;3.267804e-01;7.490677e-02;4.187041e-02;4.488709e-02;3.182319e-02;1.110472e-02;6.340361e-02
6.365415e-02;5.228486e-02;5.397035e-02;3.926922e-02;6.166653e-02;3.551930e-01;1.881974e-01;7.599680e-02;3.125133e-02;3.667878e-02;1.844820e-02;2.338933e-02
3.743786e-02;5.846769e-02;5.251780e-02;3.734352e-02;3.669535e-02;2.304477e-01;2.767931e-01;1.717324e-01;4.146279e-02;2.605858e-02;1.832316e-02;1.272001e-02
2.086417e-02;5.653564e-02;1.004451e-01;3.987299e-02;2.747485e-02;1.315498e-01;2.266777e-01;2.747014e-01;5.771087e-02;2.481465e-02;1.689066e-02;2.246211e-02
2.421090e-02;5.138687e-02;9.413588e-02;5.543145e-02;3.837881e-02;1.160349e-01;1.068978e-01;3.012516e-01;9.980534e-02;4.254232e-02;3.427649e-02;3.564761e-02
2.775439e-02;7.445738e-02;8.024792e-02;4.484002e-02;7.847153e-02;1.771685e-01;5.418526e-02;1.692714e-01;1.300484e-01;7.690898e-02;6.347703e-02;2.316922e-02
3.334172e-02;8.736954e-02;7.638586e-02;4.827481e-02;9.836156e-02;1.351986e-01;9.749705e-02;1.100842e-01;1.136147e-01;9.213819e-02;8.934475e-02;1.838901e-02
