1.005558e-01;6.572834e-02;8.922557e-02;5.789397e-02;4.918548e-02;4.868127e-02;1.242826e-01;8.300417e-02;4.479077e-02;1.150921e-01;1.446254e-01;7.693451e-02
1.230927e-01;5.879126e-02;8.619139e-02;5.446686e-02;4.896157e-02;3.268437e-02;1.250013e-01;6.886383e-02;7.399907e-02;1.513872e-01;1.117870e-01;6.477351e-02
7.367725e-02;2.900988e-02;1.305288e-01;3.698774e-02;6.721496e-02;6.979007e-02;2.206326e-01;7.646056e-02;6.944831e-02;7.895582e-02;8.453933e-02;6.275470e-02
8.007263e-02;1.776817e-02;1.088896e-01;4.758717e-02;9.174138e-02;1.089501e-01;3.043627e-01;4.586967e-02;4.796198e-02;5.075833e-02;5.085133e-02;4.518697e-02
8.965901e-02;2.516378e-02;7.363568e-02;3.538495e-02;1.027360e-01;1.516320e-01;3.598416e-01;3.338673e-02;2.910850e-02;3.352196e-02;3.102646e-02;3.490337e-02
7.235925e-02;2.783256e-02;4.424224e-02;2.246666e-02;1.142173e-01;1.998336e-01;4.221445e-01;2.346858e-02;1.457435e-02;2.920263e-02;1.497799e-02;1.468022e-02
4.734379e-02;1.175871e-02;6.185392e-02;2.433685e-02;1.630463e-01;2.319657e-01;3.917057e-01;2.004814e-02;1.264282e-02;1.937568e-02;7.936290e-03;7.986125e-03
2.793860e-02;1.904947e-02;1.391198e-01;4.073785e-02;2.235888e-01;2.041635e-01;2.716876e-01;1.684401e-02;1.579961e-02;1.582882e-02;1.255444e-02;1.268753e-02
1.772010e-02;1.876736e-02;3.051406e-01;7.793941e-02;2.314856e-01;1.255038e-01;1.278880e-01;2.952798e-02;1.799134e-02;1.373578e-02;1.877612e-02;1.552399e-02
1.636124e-02;2.664714e-02;4.588515e-01;8.901338e-02;1.527684e-01;7.949693e-02;7.373167e-02;3.294692e-02;1.566213e-02;1.466364e-02;2.239787e-02;1.745918e-02
2.949666e-02;3.694212e-02;4.469165e-01;5.267237e-02;5.990202e-02;8.294617e-02;1.771652e-01;2.801667e-02;1.534114e-02;2.881321e-02;2.617990e-02;1.560808e-02
4.433917e-02;4.828039e-02;2.038323e-01;4.362677e-02;1.239968e-01;1.216957e-01;2.475819e-01;2.117888e-02;3.069436e-02;4.189409e-02;4.195077e-02;3.092882e-02
5.302839e-02;4.629784e-02;1.375054e-01;4.728806e-02;1.373982e-01;1.681920e-01;1.924843e-01;3.739809e-02;4.818387e-02;4.805594e-02;5.581149e-02;2.835637e-02
5.019892e-02;5.034666e-02;8.546212e-02;5.301312e-02;1.496950e-01;1.584685e-01;1.765046e-01;8.495701e-02;5.235510e-02;6.432786e-02;3.970071e-02;3.497039e-02
3.316298e-02;4.750522e-02;1.323518e-01;5.633724e-02;1.501910e-01;1.246764e-01;1.328059e-01;1.209539e-01;7.079322e-02;5.290918e-02;3.619586e-02;4.211735e-02
5.166996e-02;3.514525e-02;3.142817e-01;5.037506e-02;8.634844e-02;7.522003e-02;1.190458e-01;9.289973e-02;6.210338e-02;4.819591e-02;3.768013e-02;2.703470e-02
5.953021e-02;5.067442e-02;4.695838e-01;3.705361e-02;3.515765e-02;4.150799e-02;9.892983e-02;6.027160e-02;4.636491e-02;5.254515e-02;3.181957e-02;1.656124e-02
4.600038e-02;6.196131e-02;5.519418e-01;3.689002e-02;3.057911e-02;2.586805e-02;6.470755e-02;3.788205e-02;6.296039e-02;4.501104e-02;2.017962e-02;1.601870e-02
2.410696e-02;6.432676e-02;5.993792e-01;3.491732e-02;3.848823e-02;2.453261e-02;3.138074e-02;2.511369e-02;1.001017e-01;2.887403e-02;1.538257e-02;1.339610e-02
2.867590e-02;6.795400e-02;5.861753e-01;2.559392e-02;4.064734e-02;2.419923e-02;2.096239e-02;3.237964e-02;1.318613e-01;1.832135e-02;1.036817e-02;1.286150e-02
1.524996e-02;5.272631e-02;5.859523e-01;4.597838e-02;5.698153e-02;3.445757e-02;6.400001e-02;2.874071e-02;7.279860e-02;2.063327e-02;1.361972e-02;8.861646e-03
2.197346e-02;2.465858e-02;3.641180e-01;6.218686e-02;1.199283e-01;9.735245e-02;1.820745e-01;2.856418e-02;3.235954e-02;2.703878e-02;1.759676e-02;2.214853e-02
3.982935e-02;1.338814e-02;1.429669e-01;3.342466e-02;1.576937e-01;1.932850e-01;3.195517e-01;2.099401e-02;2.165887e-02;1.881924e-02;1.466674e-02;2.372160e-02
6.482608e-02;1.020515e-02;4.300084e-02;2.084929e-02;1.327214e-01;2.804598e-01;3.609997e-01;2.956377e-02;1.798251e-02;1.743752e-02;9.427828e-03;1.252614e-02
6.574440e-02;9.584867e-03;2.426072e-02;1.830672e-02;1.279753e-01;3.565088e-01;3.299015e-01;2.311136e-02;1.024471e-02;1.514228e-02;7.984228e-03;1.123511e-02
5.102541e-02;6.549622e-03;1.949382e-02;2.298903e-02;1.960776e-01;4.055480e-01;2.162793e-01;1.772827e-02;9.110557e-03;1.181316e-02;7.752635e-03;3.563267e-02
4.315901e-02;5.661670e-03;2.826833e-02;2.164470e-02;2.728970e-01;3.931506e-01;1.005480e-01;1.584140e-02;1.187313e-02;9.032416e-03;3.363424e-03;9.456038e-02
3.688750e-02;4.592870e-03;3.998348e-02;2.548713e-02;2.932590e-01;3.128326e-01;9.655457e-02;7.985580e-03;2.126476e-02;4.639111e-03;2.276888e-02;1.337445e-01
4.168428e-02;8.834798e-03;3.220209e-02;1.377016e-02;3.211014e-01;2.568920e-01;1.329226e-01;1.387973e-02;3.123052e-02;1.120889e-02;3.300540e-02;1.032681e-01
6.183538e-02;1.469554e-02;6.478574e-02;5.861326e-02;3.518573e-01;1.845177e-01;1.611502e-01;1.303870e-02;2.239182e-02;9.925094e-03;2.090405e-02;3.628526e-02
3.377590e-02;2.286437e-02;1.605592e-01;9.170911e-02;3.051792e-01;1.203872e-01;1.722231e-01;2.043652e-02;2.622419e-02;8.332770e-03;1.063835e-02;2.767014e-02
2.441524e-02;2.362558e-02;2.803892e-01;9.789748e-02;2.655555e-01;6.879348e-02;1.010992e-01;3.013757e-02;2.264397e-02;9.694949e-03;2.945750e-02;4.629038e-02
1.487268e-02;1.512554e-02;4.061906e-01;1.247578e-01;1.841280e-01;5.309662e-02;4.098019e-02;3.564120e-02;1.715678e-02;1.425789e-02;5.427070e-02;3.952213e-02
1.192336e-02;9.283445e-03;4.794982e-01;1.027858e-01;1.183735e-01;4.732480e-02;4.766411e-02;3.049943e-02;1.442186e-02;1.838916e-02;7.724945e-02;4.258694e-02
1.950830e-02;1.547165e-02;5.454629e-01;7.898927e-02;8.547004e-02;4.817690e-02;5.261129e-02;1.821904e-02;1.098021e-02;2.602921e-02;7.708984e-02;2.199140e-02
1.585237e-02;3.041238e-02;6.360273e-01;5.521817e-02;4.867185e-02;2.553651e-02;4.478682e-02;9.949540e-03;9.806783e-03;6.122005e-02;4.972942e-02;1.278884e-02
1.358937e-02;4.790908e-02;6.949025e-01;4.208385e-02;2.232126e-02;1.276520e-02;2.879259e-02;1.449033e-02;2.005075e-02;8.107699e-02;1.345427e-02;8.563773e-03
1.672116e-02;6.157376e-02;6.418828e-01;3.484773e-02;3.680650e-02;2.313736e-02;2.601568e-02;1.847996e-02;5.931808e-02;5.837543e-02;1.096807e-02;1.187343e-02
2.655546e-02;7.326788e-02;5.636654e-01;2.697744e-02;3.905468e-02;2.925036e-02;2.940448e-02;3.032095e-02;1.150566e-01;2.844624e-02;1.639134e-02;2.160911e-02
7.425816e-02;6.783064e-02;4.211530e-01;2.490106e-02;4.878373e-02;2.779555e-02;3.625605e-02;8.447389e-02;1.243807e-01;2.136108e-02;3.764030e-02;3.116583e-02
1.037216e-01;5.350300e-02;2.705701e-01;2.686761e-02;6.008337e-02;5.064873e-02;7.351543e-02;1.352278e-01;8.314509e-02;2.779622e-02;7.155310e-02;4.336792e-02
8.680275e-02;6.652101e-02;2.035744e-01;7.587476e-02;7.411020e-02;4.536515e-02;1.518396e-01;7.533722e-02;4.878273e-02;5.287908e-02;8.086380e-02;3.804932e-02
3.664194e-02;4.426683e-02;3.904935e-01;1.428567e-01;9.595308e-02;2.848242e-02;1.024033e-01;3.042375e-02;2.324791e-02;3.703827e-02;4.536420e-02;2.282805e-02
1.767620e-02;3.302433e-02;4.328488e-01;2.099953e-01;9.997740e-02;2.463930e-02;6.158191e-02;1.914940e-02;2.298084e-02;2.766682e-02;3.897665e-02;1.148303e-02
1.702053e-02;1.425422e-02;4.689373e-01;2.833401e-01;9.122181e-02;2.068070e-02;2.715026e-02;1.066270e-02;1.994427e-02;1.777393e-02;2.521646e-02;3.797698e-03
1.051359e-02;1.893374e-02;4.428830e-01;3.311138e-01;7.475071e-02;2.602497e-02;1.691019e-02;2.041767e-02;1.358644e-02;1.654064e-02;2.522937e-02;3.095957e-03
4.521261e-03;3.056571e-02;3.161911e-01;3.456904e-01;1.571667e-01;3.519844e-02;1.760099e-02;2.908644e-02;8.676567e-03;1.881908e-02;2.458648e-02;1.189677e-02
1.109005e-02;2.203561e-02;1.524491e-01;2.853524e-01;3.085230e-01;7.286417e-02;4.714914e-02;2.351802e-02;1.105649e-02;2.508407e-02;1.790155e-02;2.297638e-02
2.393885e-02;1.242599e-02;7.493853e-02;1.607109e-01;3.689394e-01;1.969329e-01;7.600391e-02;1.876771e-02;1.361964e-02;1.930489e-02;8.401017e-03;2.601631e-02
4.474127e-02;9.826507e-03;6.388225e-02;4.531920e-02;2.691300e-01;3.901876e-01;8.923186e-02;3.830331e-02;1.143700e-02;1.956614e-02;5.996100e-03;1.237877e-02
4.868001e-02;8.605796e-03;4.479549e-02;4.479693e-02;1.036497e-01;4.564456e-01;1.898581e-01;4.529528e-02;1.291959e-02;3.063322e-02;6.350456e-03;7.969786e-03
3.463155e-02;2.636977e-02;2.837338e-02;3.942942e-02;3.925636e-02;3.182499e-01;4.145513e-01;4.443537e-02;1.102073e-02;2.959154e-02;8.809866e-03;5.280844e-03
1.426246e-02;4.783719e-02;2.776230e-02;2.915993e-02;3.970952e-02;1.376505e-01;5.951234e-01;6.496301e-02;9.043132e-03;1.679700e-02;1.294453e-02;4.747164e-03
4.657848e-03;5.250117e-02;3.069290e-02;2.739747e-02;4.696405e-02;3.508595e-02;6.574014e-01;1.041536e-01;9.132809e-03;7.560028e-03;2.110069e-02;3.352036e-03
4.157825e-03;3.979063e-02;2.533950e-02;2.414027e-02;5.173714e-02;3.510939e-02;6.279322e-01;1.493204e-01;1.344943e-02;4.584765e-03;2.065950e-02;3.778886e-03
3.803222e-03;4.918523e-02;3.312100e-02;1.492443e-02;4.301891e-02;2.915433e-02;5.939907e-01;1.870174e-01;1.572794e-02;4.633717e-03;2.002079e-02;5.402188e-03
1.087273e-02;6.088190e-02;5.412143e-02;1.072622e-02;4.363366e-02;5.706188e-02;5.052994e-01;1.882444e-01;2.740069e-02;1.314766e-02;2.057409e-02;8.035918e-03
1.745709e-02;6.198610e-02;9.099362e-02;1.906285e-02;6.135353e-02;7.309261e-02;4.215248e-01;1.452752e-01;4.635429e-02;2.176793e-02;3.088531e-02;1.024676e-02
2.684137e-02;3.696757e-02;1.154733e-01;4.422968e-02;9.511460e-02;1.009465e-01;4.018232e-01;3.773104e-02;5.330432e-02;2.881063e-02;3.666072e-02;2.209713e-02
4.614419e-02;2.071816e-02;5.749843e-02;3.387466e-02;1.125634e-01;1.739116e-01;3.793649e-01;4.028811e-02;2.253785e-02;5.473905e-02;3.398970e-02;2.437002e-02
4.691406e-02;2.680670e-02;2.522779e-02;1.617924e-02;6.172242e-02;1.694691e-01;5.181145e-01;2.595714e-02;1.853927e-02;5.436043e-02;2.042148e-02;1.628781e-02
2.831437e-02;3.637469e-02;1.527655e-02;5.361405e-03;2.538113e-02;9.746439e-02;6.172233e-01;6.884770e-02;1.906299e-02;2.765260e-02;4.846418e-02;1.057669e-02
1.520039e-02;3.787648e-02;8.569581e-03;4.772606e-03;1.494228e-02;4.389864e-02;6.632137e-01;9.883239e-02;1.814570e-02;1.081298e-02;7.734041e-02;6.394856e-03
8.025372e-03;3.622619e-02;1.432230e-02;4.567713e-03;1.310018e-02;2.870848e-02;7.093971e-01;8.595495e-02;1.167443e-02;4.913362e-03;7.914083e-02;3.969176e-03
7.273200e-03;3.497856e-02;1.383930e-02;4.893682e-03;2.504705e-02;4.846777e-02;7.188790e-01;5.787062e-02;8.962487e-03;9.155592e-03;6.426807e-02;6.364610e-03
1.693778e-02;3.201616e-02;1.620886e-02;9.349912e-03;5.586595e-02;9.424277e-02;6.589624e-01;2.889577e-02;1.450074e-02;1.552844e-02;5.009652e-02;7.394743e-03
2.743169e-02;2.294696e-02;7.863411e-02;2.802311e-02;1.084712e-01;1.289693e-01;4.934190e-01;2.398014e-02;1.711458e-02;1.850483e-02;4.143839e-02;1.106668e-02
2.590080e-02;1.557527e-02;2.330615e-01;6.136722e-02;1.330843e-01;9.533638e-02;3.035480e-01;2.980210e-02;2.177918e-02;1.827761e-02;4.526802e-02;1.699956e-02
1.908883e-02;1.307502e-02;3.838204e-01;6.892563e-02;9.263080e-02;4.537540e-02;2.627349e-01;2.237313e-02;1.671564e-02;2.381795e-02;3.761256e-02;1.382969e-02
2.051186e-02;1.919582e-02;4.108999e-01;4.043936e-02;4.331098e-02;4.811575e-02;3.125566e-01;2.016487e-02;2.026559e-02;2.516603e-02;2.470000e-02;1.467321e-02
3.000991e-02;3.200921e-02;2.861580e-01;2.256415e-02;6.050929e-02;6.879736e-02;3.642696e-01;2.923922e-02;2.859354e-02;2.714419e-02;2.842590e-02;2.227958e-02
3.178062e-02;4.459470e-02;2.739206e-01;2.533015e-02;7.290893e-02;7.386962e-02;3.260122e-01;4.918548e-02;2.878143e-02;1.847711e-02;2.745204e-02;2.768710e-02
3.367892e-02;4.227998e-02;3.986689e-01;3.025458e-02;6.360089e-02;6.691476e-02;2.052011e-01;4.679956e-02;2.799669e-02;3.591477e-02;2.323254e-02;2.545729e-02
4.342862e-02;4.166634e-02;4.599143e-01;7.600202e-02;8.330695e-02;4.863663e-02;1.185199e-01;2.854051e-02;1.978298e-02;3.014012e-02;3.333222e-02;1.672939e-02
3.684058e-02;5.864440e-02;4.442670e-01;1.300505e-01;1.149629e-01;4.502959e-02;5.808716e-02;1.582502e-02;1.944607e-02;1.948896e-02;3.920906e-02;1.814875e-02
2.173719e-02;8.098543e-02;3.926004e-01;1.773796e-01;1.520085e-01;4.163779e-02;2.621692e-02;2.603482e-02;1.428462e-02;1.441565e-02;3.767543e-02;1.502371e-02
2.020827e-02;1.092613e-01;3.174259e-01;1.983070e-01;1.678333e-01;4.017096e-02;4.315352e-02;3.021898e-02;4.728508e-03;2.137650e-02;3.321959e-02;1.409622e-02
1.611045e-02;1.476756e-01;3.286509e-01;2.006271e-01;1.456743e-01;3.374309e-02;1.894177e-02;3.645681e-02;5.278252e-03;1.769133e-02;3.884061e-02;1.030975e-02
1.271318e-02;1.493365e-01;3.689450e-01;1.885280e-01;1.129221e-01;2.944020e-02;2.730016e-02;3.824564e-02;3.811573e-03;1.261945e-02;4.560712e-02;1.053107e-02
2.280913e-02;9.949531e-02;4.917138e-01;1.579502e-01;8.528426e-02;2.651889e-02;2.390262e-02;2.837365e-02;3.384335e-03;1.350440e-02;3.800938e-02;9.054008e-03
3.918679e-02;6.237329e-02;5.711191e-01;1.160525e-01;6.336243e-02;2.209220e-02;3.440640e-02;1.981683e-02;1.210310e-02;2.167242e-02;2.916615e-02;8.648798e-03
5.760258e-02;5.666284e-02;4.943882e-01;8.156768e-02;5.918892e-02;2.825098e-02;7.152620e-02;3.333363e-02;2.367294e-02;3.309434e-02;4.347284e-02;1.723881e-02
5.443772e-02;5.514274e-02;2.993071e-01;6.552196e-02;7.140017e-02;4.775492e-02;1.198117e-01;8.937353e-02;4.581844e-02;6.339502e-02;6.740780e-02;2.062895e-02
4.709772e-02;6.996806e-02;1.178544e-01;8.779591e-02;8.235133e-02;8.087241e-02;1.189984e-01;1.197327e-01;5.322893e-02;1.184310e-01;6.439418e-02;3.927492e-02
4.067847e-02;7.670465e-02;1.404880e-01;7.051315e-02;1.044570e-01;9.734648e-02;9.998096e-02;9.025772e-02;7.960863e-02;1.008392e-01;5.705262e-02;4.207310e-02
2.846573e-02;6.653637e-02;1.302606e-01;1.021638e-01;1.198001e-01;8.891292e-02;8.998428e-02;6.668242e-02;9.271573e-02;9.506623e-02;7.717610e-02;4.223571e-02
4.253283e-02;5.689291e-02;1.122352e-01;1.138345e-01;9.642605e-02;1.079636e-01;1.042792e-01;6.013541e-02;8.082346e-02;1.051027e-01;7.536275e-02;4.441141e-02
6.217338e-02;6.597739e-02;2.086443e-01;9.001803e-02;8.528157e-02;1.037072e-01;9.822112e-02;3.665822e-02;7.834712e-02;7.645619e-02;4.689227e-02;4.762321e-02
5.344686e-02;7.111582e-02;2.398398e-01;9.240808e-02;7.083609e-02;7.944793e-02;1.302254e-01;5.236888e-02;7.603464e-02;6.097025e-02;3.692627e-02;3.638006e-02
6.326678e-02;4.449219e-02;1.885282e-01;8.117133e-02;8.218391e-02;7.481150e-02;1.517902e-01;5.688175e-02;6.225569e-02;7.352358e-02;4.366452e-02;7.743040e-02
5.321435e-02;7.299303e-02;9.248269e-02;4.248284e-02;7.469822e-02;9.345806e-02;1.363973e-01;7.292900e-02;6.463508e-02;1.271062e-01;4.258897e-02;1.270143e-01
5.242482e-02;7.852413e-02;9.412012e-02;2.291732e-02;7.726954e-02;1.057638e-01;1.607616e-01;1.095286e-01;6.525034e-02;9.294538e-02;4.387003e-02;9.662441e-02
5.207361e-02;5.001440e-02;8.022376e-02;2.507117e-02;7.328687e-02;1.576797e-01;3.072648e-01;8.992855e-02;4.513131e-02;5.303597e-02;2.419760e-02;4.209232e-02
6.258924e-02;2.587135e-02;5.758591e-02;1.921541e-02;9.656664e-02;2.139567e-01;3.245360e-01;7.454207e-02;4.518101e-02;4.324529e-02;1.179270e-02;2.491760e-02
7.483495e-02;1.262626e-02;3.205733e-02;1.611031e-02;1.594646e-01;2.497816e-01;2.488864e-01;5.521465e-02;7.361396e-02;2.860381e-02;1.022651e-02;3.857968e-02
6.713579e-02;7.521672e-03;2.707880e-02;3.401695e-02;2.811095e-01;2.170786e-01;1.231182e-01;5.267994e-02;1.054533e-01;1.597651e-02;1.044828e-02;5.838250e-02
8.934887e-02;7.442371e-03;1.741488e-02;4.967837e-02;3.269272e-01;2.412397e-01;8.903941e-02;3.737596e-02;6.318568e-02;2.219024e-02;7.468787e-03;4.868859e-02
1.454301e-01;1.436203e-02;1.323311e-02;4.073473e-02;2.608767e-01;2.688861e-01;1.460157e-01;2.727713e-02;2.372592e-02;2.755484e-02;9.590778e-03;2.231284e-02
1.731949e-01;1.974325e-02;3.061319e-02;2.455330e-02;1.848889e-01;2.898395e-01;1.886421e-01;2.382140e-02;1.405830e-02;2.451981e-02;1.232609e-02;1.379914e-02
1.678008e-01;1.473736e-02;4.178097e-02;1.736641e-02;1.374453e-01;3.072341e-01;2.265550e-01;1.831198e-02;2.190500e-02;2.125931e-02;1.239564e-02;1.320804e-02
1.404263e-01;8.467315e-03;3.004297e-02;1.395609e-02;1.359648e-01;3.199370e-01;2.721799e-01;1.965198e-02;1.029636e-02;3.031868e-02;9.933636e-03;8.824945e-03
1.152346e-01;7.315947e-03;7.192002e-03;7.225977e-03;1.096760e-01;3.422063e-01;3.229926e-01;1.810662e-02;1.472436e-02;3.892680e-02;9.653503e-03;6.745255e-03
1.057141e-01;6.402403e-03;1.298445e-02;8.713670e-03;7.337773e-02;3.452459e-01;2.886718e-01;1.680740e-02;2.146935e-02;8.845510e-02;2.630184e-02;5.856199e-03
1.137239e-01;2.028842e-02;1.189814e-02;1.229796e-02;7.735445e-02;3.323418e-01;1.943559e-01;2.143805e-02;1.553235e-02;1.298074e-01;5.665837e-02;1.430315e-02
1.285438e-01;3.909122e-02;1.453194e-02;2.312464e-02;9.152445e-02;3.162171e-01;1.683002e-01;1.249814e-02;1.615581e-02;1.191883e-01;5.323913e-02;1.758531e-02
1.198858e-01;4.192494e-02;1.125540e-02;5.821216e-02;1.185484e-01;3.358870e-01;1.622784e-01;1.849137e-02;1.526817e-02;8.468624e-02;2.295456e-02;1.060750e-02
8.441455e-02;1.993904e-02;1.220187e-02;8.473404e-02;1.494080e-01;3.558685e-01;1.921781e-01;1.514982e-02;1.111975e-02;6.496612e-02;5.316026e-03;4.704215e-03
4.918075e-02;7.037025e-03;5.541176e-02;5.590949e-02;1.642853e-01;3.446015e-01;2.347903e-01;1.097557e-02;1.099535e-02;5.515821e-02;6.385611e-03;5.269113e-03
2.267081e-02;7.418932e-03;1.689834e-01;4.397761e-02;1.587455e-01;2.847054e-01;2.185215e-01;1.995319e-02;9.897454e-03;4.782384e-02;1.133198e-02;5.970374e-03
1.783191e-02;2.043568e-02;3.001025e-01;6.283388e-02;1.169264e-01;2.333756e-01;1.379440e-01;2.245151e-02;1.574878e-02;4.158861e-02;1.702127e-02;1.373978e-02
4.889254e-02;2.726606e-02;2.745633e-01;5.530803e-02;1.065187e-01;2.473292e-01;1.186478e-01;2.590592e-02;2.115373e-02;3.316337e-02;2.297666e-02;1.827473e-02
4.858524e-02;2.060782e-02;7.929227e-02;4.093651e-02;1.264160e-01;2.932592e-01;2.727123e-01;3.181243e-02;2.076532e-02;2.930092e-02;2.298549e-02;1.332656e-02
4.026336e-02;1.970834e-02;4.539677e-02;3.108403e-02;1.462007e-01;2.959551e-01;3.153252e-01;3.251308e-02;1.393185e-02;2.959893e-02;2.261440e-02;7.408233e-03
5.082639e-02;4.001246e-02;5.633269e-02;3.799591e-02;1.350316e-01;2.516108e-01;2.295216e-01;3.238660e-02;3.639087e-02;9.419741e-02;1.794396e-02;1.774972e-02
7.723285e-02;6.941347e-02;4.780755e-02;3.884923e-02;6.512915e-02;1.442573e-01;1.256359e-01;7.247502e-02;7.899629e-02;2.190976e-01;3.846027e-02;2.264543e-02
8.198739e-02;7.480773e-02;4.761472e-02;3.654514e-02;4.743941e-02;9.578567e-02;1.172221e-01;8.964604e-02;7.618429e-02;2.481335e-01;5.111353e-02;3.352046e-02
8.109772e-02;7.644886e-02;6.939387e-02;4.726882e-02;4.559713e-02;7.814893e-02;1.254142e-01;9.558719e-02;5.556519e-02;2.101119e-01;5.885765e-02;5.650854e-02
1.005035e-01;5.910413e-02;9.506117e-02;5.795531e-02;5.642865e-02;8.189299e-02;1.260400e-01;9.825214e-02;6.918110e-02;1.321570e-01;5.705776e-02;6.636623e-02
7.201178e-02;3.046216e-02;2.093527e-01;6.233084e-02;8.559684e-02;7.515541e-02;1.987839e-01;4.911724e-02;5.095249e-02;6.609073e-02;5.755325e-02;4.259265e-02
3.276904e-02;4.122629e-02;2.789255e-01;5.296801e-02;8.997538e-02;6.686465e-02;2.686573e-01;2.870720e-02;2.026141e-02;4.886959e-02;4.040107e-02;3.037456e-02
4.980012e-02;4.391684e-02;3.092918e-01;4.865817e-02;8.343900e-02;5.909496e-02;2.676746e-01;2.775979e-02;1.817167e-02;3.560922e-02;3.088432e-02;2.569952e-02
6.261316e-02;4.585995e-02;3.129000e-01;4.591363e-02;7.436375e-02;4.782938e-02;2.644914e-01;2.852298e-02;2.547322e-02;3.578350e-02;2.991742e-02;2.633162e-02
7.789794e-02;4.177634e-02;1.778802e-01;3.657642e-02;5.045274e-02;3.039273e-02;3.066065e-01;4.304113e-02;7.766744e-02;7.734013e-02;5.103182e-02;2.933655e-02
6.077209e-02;3.165853e-02;1.805050e-01;3.971506e-02;5.887014e-02;4.511315e-02;3.312034e-01;4.111238e-02;6.722672e-02;7.336319e-02;4.848921e-02;2.197118e-02
6.315422e-02;2.314578e-02;1.244515e-01;3.871447e-02;9.804014e-02;9.506428e-02;3.565480e-01;4.793969e-02;4.328512e-02;5.842560e-02;3.059415e-02;2.063714e-02
4.900937e-02;2.381735e-02;9.003381e-02;3.122344e-02;1.342881e-01;1.290296e-01;3.332021e-01;5.836509e-02;4.606290e-02;4.960508e-02;2.982524e-02;2.553784e-02
5.139976e-02;3.273265e-02;8.081487e-02;2.083585e-02;1.437719e-01;1.411585e-01;2.508253e-01;5.536649e-02;6.051040e-02;6.439593e-02;5.143365e-02;4.675461e-02
5.185394e-02;3.575669e-02;1.658423e-01;5.128774e-02;1.421537e-01;1.376265e-01;8.032644e-02;3.908732e-02;8.701102e-02;7.362882e-02;6.143739e-02;7.398821e-02
6.428406e-02;3.241841e-02;1.729625e-01;5.769053e-02;1.256102e-01;1.109256e-01;1.352639e-01;3.612997e-02;9.052799e-02;4.871627e-02;5.420673e-02;7.126386e-02
7.682397e-02;5.244265e-02;1.371707e-01;7.339855e-02;1.047105e-01;9.409206e-02;1.341132e-01;5.222413e-02;9.702946e-02;7.146563e-02;5.093595e-02;5.559309e-02
7.568035e-02;7.291181e-02;9.560713e-02;7.693183e-02;6.287325e-02;9.319428e-02;1.795718e-01;6.998653e-02;8.802008e-02;1.198480e-01;3.716683e-02;2.820809e-02
3.878886e-02;5.778673e-02;9.900010e-02;7.705791e-02;7.643561e-02;1.105461e-01;1.978233e-01;8.970217e-02;7.579017e-02;1.089567e-01;4.428134e-02;2.383101e-02
4.027631e-02;6.236733e-02;1.133367e-01;7.834294e-02;1.058514e-01;1.193476e-01;1.552942e-01;8.836717e-02;7.979891e-02;6.769364e-02;5.530067e-02;3.402313e-02
8.056052e-02;6.824972e-02;9.641162e-02;4.965024e-02;9.130277e-02;7.186718e-02;1.726435e-01;6.770500e-02;8.525737e-02;7.039912e-02;7.425513e-02;7.169782e-02
6.475788e-02;5.409408e-02;8.719392e-02;4.439844e-02;5.950119e-02;7.156359e-02;2.200119e-01;1.095916e-01;1.077842e-01;9.114353e-02;6.352930e-02;2.643036e-02
5.409812e-02;4.756986e-02;6.998374e-02;2.558171e-02;9.425738e-02;7.721158e-02;1.853553e-01;7.909525e-02;1.414178e-01;6.435978e-02;8.028990e-02;8.077956e-02
4.192984e-02;4.957193e-02;5.893010e-02;3.687286e-02;1.272754e-01;6.471872e-02;1.564052e-01;5.480653e-02;1.530483e-01;4.551825e-02;8.807620e-02;1.228466e-01
3.478330e-02;5.889501e-02;6.142528e-02;9.127170e-02;1.342618e-01;3.976374e-02;1.166039e-01;3.317404e-02;1.285305e-01;2.822731e-02;1.173099e-01;1.557534e-01
3.074833e-02;6.545144e-02;8.104561e-02;1.836574e-01;8.255346e-02;1.683079e-02;6.494007e-02;9.512176e-02;5.814917e-02;2.678184e-02;1.855256e-01;1.091945e-01
1.789019e-02;7.174356e-02;6.570236e-02;2.346347e-01;6.261282e-02;1.966298e-02;3.813552e-02;1.484965e-01;3.051211e-02;2.596284e-02;2.215017e-01;6.314460e-02
1.073390e-02;4.786370e-02;3.497354e-02;1.391607e-01;2.239559e-01;2.197760e-02;2.618481e-02;1.119596e-01;6.443189e-02;2.540183e-02;1.326905e-01;1.606660e-01
1.107121e-02;1.426889e-02;3.885968e-02;5.051548e-02;3.439661e-01;2.067851e-02;3.263023e-02;4.354284e-02;1.628744e-01;1.777324e-02;4.853934e-02;2.152801e-01
2.597159e-02;7.288314e-03;3.725189e-02;2.186216e-02;3.616165e-01;2.980775e-02;3.024447e-02;1.239579e-02;2.298430e-01;1.685891e-02;2.894352e-02;1.979161e-01
9.788442e-02;1.984007e-02;2.451005e-02;1.308378e-02;2.568041e-01;1.179523e-01;4.504915e-02;1.950311e-02;1.725545e-01;8.071554e-02;2.395280e-02;1.281501e-01
1.442407e-01;7.540749e-02;9.137585e-03;2.195101e-02;1.147546e-01;1.806814e-01;1.312104e-01;2.927854e-02;6.546494e-02;1.404204e-01;3.991937e-02;4.753355e-02
1.007695e-01;1.634596e-01;1.424451e-02;1.835753e-02;3.566768e-02;1.153844e-01;2.633491e-01;4.419827e-02;3.584415e-02;1.069316e-01;8.010926e-02;2.168441e-02
5.494570e-02;1.881382e-01;3.822315e-02;1.465654e-02;2.636921e-02;3.754441e-02;3.474144e-01;8.647456e-02;4.027482e-02;4.759621e-02;8.627651e-02;3.208629e-02
3.170017e-02;1.313516e-01;4.514991e-02;1.801733e-02;4.885105e-02;6.684252e-02;4.197522e-01;1.178517e-01;2.616564e-02;2.505044e-02;4.412057e-02;2.514686e-02
2.918617e-02;6.397781e-02;4.171804e-02;2.780157e-02;6.019870e-02;1.018002e-01;4.359035e-01;9.944507e-02;4.066681e-02;2.224810e-02;6.284374e-02;1.421028e-02
3.633532e-02;4.001402e-02;8.250460e-02;2.864340e-02;7.516012e-02;1.166684e-01;3.534705e-01;8.851752e-02;6.135861e-02;3.286239e-02;6.691941e-02;1.754568e-02
3.394278e-02;3.935122e-02;1.630170e-01;3.529400e-02;1.508779e-01;9.331261e-02;2.280985e-01;6.353833e-02;7.000003e-02;3.311230e-02;4.866312e-02;4.079219e-02
3.174463e-02;2.672666e-02;2.514513e-01;4.453222e-02;1.825941e-01;6.258076e-02;1.383555e-01;6.308325e-02;6.686958e-02;4.852813e-02;3.347401e-02;5.005985e-02
1.981303e-02;2.322523e-02;2.771755e-01;5.818337e-02;1.294734e-01;8.431666e-02;1.649044e-01;3.739782e-02;6.909512e-02;5.058949e-02;4.683480e-02;3.899129e-02
2.238530e-02;2.467364e-02;2.626900e-01;8.477153e-02;1.455732e-01;7.030661e-02;1.717194e-01;5.230073e-02;6.423526e-02;4.430801e-02;2.638041e-02;3.065578e-02
1.322599e-02;3.394768e-02;1.671723e-01;7.714812e-02;2.208243e-01;7.798686e-02;1.690375e-01;5.270008e-02;8.155317e-02;2.469571e-02;3.629629e-02;4.541202e-02
1.996099e-02;3.139660e-02;7.081164e-02;3.904369e-02;1.875579e-01;1.446231e-01;2.626148e-01;2.756038e-02;9.823981e-02;5.660900e-02;3.165171e-02;2.993030e-02
3.136183e-02;1.322148e-02;2.887803e-02;1.879102e-02;1.147200e-01;1.774948e-01;3.923066e-01;2.447475e-02;5.840396e-02;1.033452e-01;2.486566e-02;1.213671e-02
2.736241e-02;2.206738e-02;1.661338e-02;1.060515e-02;6.717522e-02;1.537765e-01;5.206279e-01;3.335734e-02;2.540416e-02;8.773371e-02;2.502318e-02;1.025371e-02
1.273289e-02;3.609504e-02;4.047735e-02;1.385496e-02;7.169156e-02;1.273986e-01;5.454289e-01;4.646138e-02;3.173020e-02;4.238341e-02;1.785501e-02;1.389069e-02
2.061105e-02;3.467105e-02;1.044101e-01;1.970194e-02;1.117446e-01;1.223472e-01;4.485495e-01;4.079663e-02;3.742390e-02;2.884743e-02;1.287268e-02;1.802382e-02
1.806014e-02;2.909784e-02;1.821259e-01;4.418708e-02;1.484621e-01;9.139853e-02;2.805815e-01;4.351083e-02;6.624164e-02;3.971404e-02;2.783418e-02;2.878619e-02
2.114790e-02;1.915413e-02;1.346196e-01;6.279443e-02;1.458800e-01;8.771732e-02;2.593521e-01;6.221731e-02;8.258329e-02;5.410808e-02;3.139706e-02;3.902879e-02
3.700281e-02;3.433183e-02;6.301221e-02;6.284459e-02;1.265775e-01;9.240773e-02;3.036987e-01;7.951429e-02;5.115030e-02;7.482463e-02;3.912808e-02;3.550735e-02
5.048484e-02;6.297436e-02;6.103187e-02;4.258100e-02;9.551236e-02;1.002005e-01;2.519295e-01;7.886914e-02;5.739368e-02;1.155567e-01;5.652314e-02;2.694297e-02
3.965692e-02;9.913994e-02;9.466726e-02;4.454744e-02;8.224039e-02;1.279626e-01;1.351430e-01;7.475190e-02;1.056829e-01;1.094659e-01;5.071575e-02;3.602599e-02
5.432881e-02;1.241413e-01;1.229760e-01;7.788935e-02;9.850726e-02;1.337778e-01;1.021828e-01;2.867641e-02;1.236704e-01;5.772674e-02;3.112879e-02;4.499433e-02
9.923007e-02;1.397447e-01;1.095538e-01;8.251231e-02;9.963068e-02;1.175207e-01;8.733999e-02;2.714232e-02;1.084465e-01;4.979389e-02;2.662877e-02;5.245615e-02
1.257242e-01;1.479848e-01;9.682344e-02;8.281828e-02;7.539924e-02;8.255859e-02;1.037087e-01;5.197085e-02;9.385702e-02;4.913239e-02;3.826486e-02;5.175771e-02
1.000695e-01;1.304132e-01;7.240704e-02;8.188362e-02;5.259931e-02;7.055408e-02;2.215461e-01;7.379334e-02;7.116165e-02;5.137553e-02;3.016650e-02;4.403012e-02
2.665270e-02;1.837576e-02;7.732179e-02;1.133718e-01;1.308180e-01;7.382661e-02;1.659066e-01;1.869926e-01;8.600861e-02;6.319717e-02;3.433187e-02;2.319656e-02
1.739618e-02;1.261959e-02;8.236056e-02;1.044270e-01;1.403344e-01;8.441138e-02;1.799379e-01;1.837025e-01;9.261205e-02;5.255513e-02;2.817051e-02;2.147283e-02
1.594479e-02;1.889653e-02;7.722576e-02;9.491652e-02;1.337033e-01;7.668102e-02;2.030930e-01;1.844354e-01;9.483844e-02;4.205373e-02;3.718912e-02;2.102244e-02
2.069969e-02;3.437627e-02;7.369793e-02;8.768116e-02;1.019106e-01;4.318953e-02;2.190720e-01;1.907038e-01;9.406461e-02;6.191820e-02;4.634989e-02;2.633627e-02
2.761680e-02;4.416234e-02;1.025446e-01;7.059417e-02;4.777122e-02;6.670678e-02;2.221610e-01;1.564371e-01;1.026699e-01;7.499708e-02;4.693616e-02;3.740298e-02
2.788978e-02;1.147977e-01;1.319500e-01;5.504781e-02;2.484386e-02;2.642235e-02;2.497174e-01;1.703089e-01;1.096371e-01;4.561507e-02;2.680715e-02;1.696286e-02
2.549234e-02;1.903322e-01;1.290990e-01;3.524222e-02;1.183405e-02;2.433196e-02;3.202945e-01;1.542373e-01;6.920612e-02;1.885387e-02;1.225301e-02;8.823537e-03
4.173106e-02;2.423601e-01;8.067360e-02;1.623371e-02;9.213267e-03;3.239600e-02;4.226336e-01;1.016365e-01;3.178954e-02;4.935516e-03;8.300057e-03;8.097035e-03
4.492798e-02;2.321832e-01;3.194014e-02;5.682901e-03;7.575994e-03;3.786430e-02;5.518005e-01;5.157345e-02;1.463552e-02;5.317516e-03;1.155947e-02;4.938928e-03
3.130042e-02;1.591560e-01;5.966795e-03;6.976963e-03;9.642126e-03;3.317505e-02;6.765935e-01;5.365714e-02;6.742596e-03;5.258432e-03;7.431070e-03;4.099796e-03
1.618166e-02;8.930755e-02;1.039580e-02;4.204783e-03;1.390512e-02;4.342769e-02;7.422526e-01;5.416454e-02;1.218759e-02;4.696133e-03;5.954173e-03;3.322338e-03
8.419003e-03;6.505635e-02;1.003810e-02;3.104026e-03;1.391412e-02;6.013892e-02;7.551530e-01;5.618978e-02;1.380458e-02;4.752799e-03;4.469721e-03;4.959562e-03
5.561022e-03;5.819353e-02;8.317603e-03;3.957041e-03;1.880184e-02;7.641743e-02;7.514102e-01;5.276528e-02;9.654496e-03;3.312831e-03;6.585665e-03;5.023034e-03
5.595497e-03;4.739131e-02;1.175773e-02;5.656743e-03;2.731989e-02;9.292878e-02;7.665176e-01;2.050025e-02;1.127640e-02;4.302934e-03;2.870056e-03;3.882757e-03
2.897920e-03;4.021623e-02;7.836285e-03;6.626515e-03;2.907261e-02;7.728659e-02;7.756906e-01;3.691790e-02;1.026095e-02;4.646508e-03;6.688968e-03;1.858948e-03
7.489137e-03;4.431621e-02;1.352015e-02;7.021932e-03;3.780220e-02;6.354755e-02;7.577940e-01;3.951628e-02;1.199849e-02;4.839110e-03;8.922233e-03;3.232697e-03
1.474386e-02;4.925910e-02;1.572753e-02;4.543366e-03;4.320500e-02;8.985972e-02;7.150234e-01;4.200413e-02;6.842732e-03;7.612130e-03;8.171230e-03;3.007774e-03
2.222581e-02;4.204417e-02;1.442318e-02;6.200284e-03;4.681540e-02;1.272769e-01;6.807431e-01;3.035198e-02;1.018523e-02;1.012065e-02;6.221597e-03;3.391729e-03
1.885147e-02;1.511882e-02;1.405833e-02;5.010627e-03;4.962520e-02;1.390559e-01;7.128295e-01;3.060149e-02;2.316825e-03;4.451479e-03;4.278443e-03;3.801966e-03
5.928183e-03;1.918703e-02;1.019280e-02;4.815440e-03;4.279320e-02;1.332078e-01;7.361020e-01;2.402689e-02;8.962413e-03;6.064690e-03;5.511384e-03;3.208091e-03
6.510724e-03;2.527900e-02;1.345530e-02;5.618774e-03;4.138643e-02;1.248771e-01;7.501898e-01;1.594265e-02;6.065713e-03;4.767905e-03;4.196366e-03;1.710230e-03
1.156896e-02;4.385369e-02;1.170680e-02;3.381538e-03;4.400101e-02;1.152544e-01;7.299826e-01;1.840027e-02;4.607627e-03;6.554795e-03;6.261303e-03;4.426974e-03
1.454584e-02;6.288531e-02;1.154601e-02;3.936414e-03;4.534744e-02;1.041531e-01;7.137256e-01;1.414206e-02;1.015880e-02;5.462113e-03;8.292278e-03;5.805012e-03
1.625601e-02;7.339074e-02;1.515034e-02;3.394371e-03;4.533107e-02;9.113068e-02;6.998225e-01;2.542243e-02;1.117299e-02;3.320200e-03;1.014167e-02;5.467029e-03
1.580337e-02;8.692796e-02;1.186438e-02;3.721597e-03;4.085483e-02;8.127765e-02;7.081529e-01;2.126240e-02;8.383284e-03;5.539821e-03;1.271253e-02;3.499293e-03
1.177063e-02;9.785872e-02;8.698006e-03;4.165553e-03;3.269494e-02;6.681205e-02;7.237334e-01;2.335013e-02;8.130730e-03;4.583034e-03;1.478865e-02;3.414103e-03
1.269341e-02;8.771918e-02;1.671145e-02;8.487647e-03;2.893886e-02;5.142711e-02;6.965303e-01;4.401929e-02;2.033825e-02;1.161044e-02;1.679462e-02;4.729477e-03
3.530694e-02;5.285424e-02;9.169120e-02;3.511713e-02;3.610792e-02;4.681442e-02;4.461584e-01;1.047463e-01;8.046553e-02;3.201042e-02;2.237925e-02;1.634830e-02
3.955287e-02;4.251025e-02;1.808038e-01;5.553826e-02;3.483842e-02;3.425790e-02;2.089917e-01;1.973185e-01;1.302754e-01;4.189505e-02;1.896182e-02;1.505611e-02
2.286129e-02;2.379318e-02;2.408792e-01;4.871994e-02;2.485520e-02;1.530191e-02;8.545259e-02;3.352158e-01;1.407254e-01;2.539131e-02;1.541430e-02;2.138998e-02
7.449608e-03;1.104631e-02;2.556041e-01;2.221276e-02;1.153343e-02;6.811374e-03;1.089249e-01;4.211155e-01;8.252204e-02;1.704614e-02;1.476352e-02;4.097037e-02
6.937481e-03;1.225470e-02;2.518254e-01;1.106005e-02;7.808606e-03;1.014743e-02;1.230768e-01;4.310660e-01;3.681960e-02;2.475766e-02;7.471838e-03;7.677437e-02
7.156340e-03;1.152018e-02;2.398726e-01;7.833003e-03;6.386608e-03;1.265732e-02;1.139231e-01;4.100777e-01;2.811635e-02;1.795719e-02;1.354154e-02;1.309581e-01
7.002189e-03;5.949036e-03;2.126107e-01;1.642144e-02;6.109748e-03;1.636021e-02;8.883704e-02;3.924685e-01;2.825315e-02;2.594455e-02;2.669118e-02;1.733522e-01
5.987900e-03;1.261074e-02;1.932621e-01;8.271177e-03;9.738047e-03;1.468164e-02;7.784666e-02;4.116554e-01;1.773238e-02;2.512088e-02;3.569890e-02;1.873941e-01
1.141254e-02;1.367071e-02;1.851019e-01;4.013040e-03;1.310899e-02;1.141080e-02;7.671109e-02;4.255584e-01;1.979512e-02;2.512276e-02;3.411039e-02;1.799843e-01
1.406695e-02;1.039007e-02;1.914289e-01;8.106675e-03;1.125458e-02;1.131416e-02;8.255692e-02;4.376324e-01;1.702220e-02;3.262092e-02;2.312351e-02;1.604827e-01
9.270855e-03;1.022877e-02;2.072745e-01;6.667249e-03;6.979742e-03;1.007295e-02;9.728344e-02;4.543108e-01;1.377126e-02;3.422995e-02;9.292187e-03;1.406183e-01
6.339121e-03;2.163454e-02;1.928666e-01;5.179981e-03;8.626175e-03;8.139752e-03;1.482729e-01;4.162560e-01;1.438007e-02;3.303946e-02;3.701703e-02;1.082484e-01
5.311560e-03;6.856769e-02;1.152435e-01;6.005714e-03;2.150287e-02;1.571821e-02;2.639812e-01;2.598324e-01;1.916759e-02;2.503306e-02;1.354189e-01;6.421734e-02
1.776504e-02;1.135237e-01;4.598097e-02;8.531533e-03;2.342506e-02;3.405382e-02;3.629283e-01;9.892394e-02;1.840268e-02;2.839302e-02;2.261322e-01;2.193972e-02
6.408101e-02;1.080781e-01;2.094284e-02;1.474831e-02;2.027139e-02;1.003584e-01;3.410906e-01;3.027180e-02;1.787161e-02;8.438510e-02;1.858140e-01;1.208684e-02
1.501091e-01;4.676005e-02;1.391083e-02;1.917018e-02;3.501274e-02;2.427766e-01;1.851020e-01;1.711191e-02;3.153115e-02;1.677802e-01;6.838159e-02;2.235370e-02
1.456428e-01;1.309684e-02;3.119298e-02;2.625508e-02;1.315699e-01;2.268173e-01;6.460910e-02;2.236401e-02;9.327330e-02;1.273951e-01;2.346801e-02;9.431555e-02
6.594820e-02;1.443476e-02;3.728512e-02;4.139774e-02;2.662314e-01;9.665107e-02;3.113033e-02;2.474424e-02;1.344273e-01;4.851065e-02;3.000878e-02;2.092305e-01
1.497258e-02;3.383141e-02;3.685038e-02;7.949316e-02;3.125888e-01;1.729479e-02;1.867032e-02;3.247154e-02;1.032461e-01;3.536351e-02;6.162473e-02;2.535927e-01
2.481913e-02;7.296024e-02;4.183932e-02;1.381482e-01;1.949665e-01;2.130605e-02;1.735835e-02;6.120607e-02;4.946420e-02;6.984437e-02;1.200667e-01;1.880209e-01
4.784686e-02;7.438046e-02;3.610146e-02;1.067875e-01;1.906132e-01;2.663122e-02;1.317695e-02;6.253734e-02;4.160471e-02;8.026446e-02;1.105793e-01;2.094765e-01
4.478300e-02;3.711306e-02;3.049367e-02;6.999745e-02;2.934031e-01;2.310348e-02;1.301076e-02;3.564440e-02;6.731743e-02;5.396678e-02;6.093126e-02;2.702356e-01
3.152811e-02;2.644363e-02;2.903187e-02;3.554841e-02;3.851888e-01;1.255537e-02;1.704052e-02;1.968512e-02;6.922384e-02;3.048642e-02;1.560203e-02;3.276658e-01
2.238502e-02;3.491578e-02;3.013852e-02;3.420205e-02;4.043648e-01;2.050183e-02;2.157337e-02;1.863434e-02;4.758704e-02;2.363014e-02;1.820814e-02;3.238590e-01
1.812266e-02;5.398947e-02;3.124521e-02;6.363884e-02;3.538897e-01;2.011450e-02;2.569014e-02;1.922524e-02;4.248232e-02;2.907721e-02;5.694927e-02;2.855755e-01
2.237822e-02;4.986680e-02;4.148777e-02;8.472714e-02;2.797157e-01;2.231910e-02;1.490651e-02;2.900033e-02;2.064276e-02;3.851433e-02;1.268359e-01;2.696054e-01
2.317236e-02;2.153082e-02;4.176330e-02;9.905224e-02;1.933875e-01;1.944351e-02;1.906229e-02;3.801341e-02;2.520974e-02;4.209394e-02;2.355483e-01;2.417225e-01
1.840791e-02;3.711673e-02;4.078830e-02;8.963447e-02;1.454893e-01;2.027147e-02;1.667547e-02;2.945460e-02;2.826500e-02;5.455480e-02;3.005882e-01;2.187537e-01
2.047084e-02;5.422379e-02;5.526678e-02;8.063929e-02;1.520373e-01;2.786378e-02;2.874688e-02;2.218670e-02;3.771448e-02;6.131519e-02;2.605307e-01;1.990043e-01
4.195851e-02;5.307199e-02;1.352297e-01;8.571272e-02;1.719980e-01;5.032669e-02;5.777288e-02;1.722979e-02;4.793248e-02;5.290540e-02;1.582747e-01;1.275872e-01
4.837034e-02;4.200600e-02;2.677414e-01;6.773129e-02;1.664929e-01;5.432326e-02;9.506574e-02;1.900215e-02;4.347154e-02;4.152407e-02;1.015468e-01;5.272444e-02
3.500173e-02;2.685921e-02;3.335909e-01;5.715227e-02;1.250865e-01;3.767328e-02;8.597630e-02;2.028704e-02;2.402849e-02;6.196907e-02;1.060847e-01;8.629057e-02
6.154380e-02;2.977903e-02;2.457220e-01;9.016301e-02;1.095695e-01;4.608880e-02;7.957131e-02;2.303455e-02;4.100176e-02;7.850313e-02;1.041407e-01;9.088241e-02
6.259109e-02;3.593811e-02;2.261136e-01;9.731652e-02;1.140077e-01;5.943822e-02;1.099803e-01;2.738301e-02;3.739827e-02;5.873037e-02;7.915850e-02;9.194431e-02
4.168796e-02;2.656576e-02;3.084172e-01;1.019592e-01;1.039555e-01;3.215362e-02;1.040015e-01;2.490738e-02;2.424682e-02;3.344793e-02;1.053239e-01;9.333336e-02
1.623870e-02;1.786882e-02;3.671116e-01;9.777666e-02;1.633556e-01;5.494150e-02;7.586999e-02;1.947961e-02;1.683010e-02;1.883223e-02;7.394120e-02;7.775395e-02
1.012159e-02;1.145431e-02;2.625601e-01;6.100932e-02;2.617480e-01;1.170198e-01;1.386716e-01;1.281487e-02;2.826854e-02;1.334967e-02;2.304789e-02;5.993431e-02
1.595671e-02;8.322976e-03;1.454489e-01;3.217196e-02;2.577901e-01;1.766032e-01;2.557898e-01;1.251625e-02;2.118552e-02;1.203966e-02;1.472761e-02;4.744731e-02
2.124654e-02;1.037862e-02;6.743752e-02;3.012017e-02;2.306763e-01;2.090144e-01;3.336171e-01;1.638964e-02;8.892177e-03;1.533067e-02;1.997484e-02;3.692209e-02
3.051210e-02;9.298110e-03;2.017461e-02;1.844999e-02;1.892473e-01;2.320444e-01;3.953820e-01;2.213533e-02;1.317270e-02;1.701658e-02;1.915139e-02;3.341545e-02
3.443399e-02;5.934259e-03;3.526611e-02;1.970775e-02;1.869374e-01;2.386913e-01;3.705358e-01;2.761963e-02;1.539067e-02;1.747285e-02;2.038892e-02;2.762141e-02
4.242124e-02;5.875934e-03;3.307902e-02;2.030910e-02;1.907313e-01;2.430334e-01;3.749183e-01;2.859709e-02;1.201679e-02;1.359771e-02;1.618046e-02;1.923967e-02
3.985501e-02;4.160128e-03;4.491103e-02;1.902962e-02;2.128515e-01;2.341120e-01;3.486834e-01;1.921207e-02;1.399449e-02;1.540998e-02;2.168410e-02;2.609656e-02
2.894683e-02;3.164689e-03;7.624289e-02;2.493034e-02;2.876716e-01;2.200449e-01;2.653299e-01;1.737330e-02;3.775882e-02;1.122848e-02;1.001276e-02;1.729553e-02
1.796100e-02;1.150369e-02;9.743892e-02;3.797613e-02;2.816158e-01;1.621252e-01;2.122251e-01;2.922414e-02;5.219439e-02;1.994968e-02;3.852035e-02;3.926562e-02
6.293471e-03;1.216971e-02;5.184733e-02;5.678735e-02;2.362969e-01;1.352492e-01;1.764771e-01;4.427681e-02;1.002901e-01;5.386072e-02;6.290907e-02;6.354231e-02
9.708546e-03;1.996971e-02;4.315627e-02;8.897259e-02;1.928945e-01;9.313836e-02;1.035610e-01;3.450168e-02;1.319360e-01;9.417548e-02;8.957108e-02;9.841484e-02
1.214570e-02;5.552573e-02;4.964472e-02;1.197003e-01;1.323720e-01;3.801128e-02;5.312821e-02;7.392156e-02;8.951875e-02;1.102981e-01;1.493845e-01;1.163491e-01
1.572416e-02;8.887410e-02;7.194993e-02;1.338306e-01;9.130678e-02;3.042904e-02;3.290458e-02;1.074153e-01;2.054269e-02;7.084451e-02;2.283030e-01;1.078753e-01
1.587756e-02;8.466331e-02;7.129384e-02;1.319997e-01;7.027202e-02;2.909883e-02;2.752284e-02;1.080758e-01;1.044568e-02;3.887327e-02;2.994340e-01;1.124431e-01
1.369199e-02;7.647039e-02;7.322584e-02;1.274805e-01;7.025041e-02;2.838233e-02;1.763573e-02;1.042726e-01;8.597206e-03;3.884494e-02;3.332952e-01;1.078529e-01
2.178373e-02;6.726210e-02;7.267378e-02;1.302170e-01;9.826910e-02;2.531038e-02;3.018199e-02;8.529641e-02;2.075266e-02;2.669267e-02;3.066797e-01;1.148804e-01
1.939868e-02;4.788006e-02;1.006498e-01;1.225624e-01;1.194566e-01;2.946684e-02;2.961207e-02;6.496263e-02;3.355457e-02;2.359003e-02;2.282616e-01;1.806046e-01
1.878393e-02;2.112133e-02;9.607170e-02;8.135513e-02;1.700144e-01;4.012765e-02;4.459635e-02;4.503878e-02;5.800886e-02;2.179015e-02;1.348864e-01;2.682053e-01
6.389289e-02;2.435960e-02;7.727179e-02;4.303247e-02;1.982332e-01;7.417594e-02;8.185711e-02;2.876911e-02;7.197205e-02;3.355533e-02;6.681326e-02;2.360673e-01
9.191421e-02;3.147244e-02;8.032711e-02;4.311008e-02;1.923572e-01;1.065273e-01;1.447850e-01;3.652547e-02;6.419389e-02;4.937299e-02;4.763454e-02;1.117798e-01
6.390840e-02;2.902058e-02;5.709649e-02;4.773145e-02;1.786619e-01;1.343094e-01;2.609096e-01;3.967813e-02;4.643976e-02;4.730874e-02;2.822804e-02;6.670751e-02
7.426825e-02;2.793767e-02;9.171022e-02;7.105906e-02;1.588379e-01;1.254303e-01;2.485141e-01;3.281545e-02;3.919482e-02;3.389300e-02;3.271401e-02;6.362513e-02
4.770130e-02;3.581726e-02;1.685561e-01;8.375475e-02;1.485478e-01;8.865879e-02;1.069490e-01;4.588209e-02;4.689614e-02;3.686037e-02;7.504005e-02;1.153363e-01
3.453542e-02;6.253652e-02;2.326832e-01;8.817197e-02;1.150930e-01;7.112797e-02;1.084605e-01;5.188800e-02;3.795582e-02;2.926646e-02;8.465246e-02;8.362874e-02
