6.936336e-02;7.221561e-02;6.944441e-02;1.040961e-01;9.249162e-02;8.906258e-02;1.193474e-01;1.221293e-01;6.331549e-02;4.949476e-02;8.486254e-02;6.417689e-02
8.047564e-02;9.920003e-02;2.415372e-02;9.860784e-02;1.329643e-01;3.419188e-02;1.306088e-01;1.475974e-01;5.347902e-02;7.734820e-02;7.469188e-02;4.668133e-02
6.673278e-02;1.252085e-01;1.294944e-02;8.869264e-02;1.533968e-01;2.042218e-02;1.253844e-01;1.367418e-01;4.242226e-02;1.160503e-01;7.229903e-02;3.969986e-02
3.619528e-02;1.515846e-01;3.174280e-02;5.200018e-02;1.543840e-01;4.640147e-02;8.245464e-02;9.926777e-02;3.716949e-02;1.818196e-01;9.329929e-02;3.368085e-02
4.571623e-02;1.169902e-01;2.902097e-02;4.097384e-02;1.180779e-01;4.470696e-02;5.703031e-02;1.184663e-01;6.279441e-02;2.258542e-01;8.812821e-02;5.224043e-02
5.341500e-02;5.432541e-02;1.827144e-02;3.899198e-02;9.322405e-02;3.622126e-02;7.406373e-02;1.416575e-01;1.193162e-01;2.102108e-01;9.427104e-02;6.603155e-02
8.025698e-02;4.907270e-02;1.703119e-02;2.951961e-02;1.035212e-01;3.223863e-02;6.881648e-02;1.354147e-01;1.501214e-01;1.663177e-01;1.061358e-01;6.155357e-02
7.430368e-02;8.598609e-02;2.682631e-02;2.619359e-02;1.344835e-01;3.300061e-02;1.182296e-01;1.478819e-01;1.320462e-01;9.166095e-02;9.556246e-02;3.382507e-02
4.585522e-02;9.457190e-02;2.133353e-02;2.308647e-02;1.669418e-01;2.822958e-02;1.607193e-01;1.732460e-01;8.035429e-02;9.785949e-02;6.661300e-02;4.118935e-02
6.506461e-02;1.061541e-01;1.433800e-02;3.232309e-02;1.710188e-01;3.893162e-02;1.312701e-01;1.204602e-01;5.687343e-02;1.485315e-01;6.928736e-02;4.574714e-02
6.641814e-02;9.534514e-02;2.903103e-02;3.325601e-02;1.386632e-01;4.850073e-02;6.460965e-02;1.778371e-01;8.071489e-02;1.256935e-01;9.109295e-02;4.883764e-02
8.481891e-02;7.511356e-02;3.082846e-02;2.775933e-02;8.285312e-02;5.298613e-02;8.577495e-02;1.975829e-01;6.639961e-02;1.551602e-01;8.712814e-02;5.359463e-02
1.439647e-01;1.066881e-01;3.577704e-02;3.755126e-02;5.817535e-02;5.587906e-02;7.388137e-02;1.252293e-01;6.863305e-02;1.270728e-01;8.793922e-02;7.920872e-02
1.371807e-01;1.326280e-01;4.796554e-02;4.897930e-02;4.094249e-02;6.148378e-02;8.508205e-02;1.189103e-01;4.553830e-02;7.712912e-02;9.655137e-02;1.076091e-01
1.106993e-01;1.357411e-01;3.097171e-02;2.835018e-02;3.077153e-02;4.298878e-02;1.306717e-01;1.867157e-01;6.418202e-02;4.174835e-02;1.225887e-01;7.457090e-02
1.671042e-01;1.092060e-01;2.388570e-02;2.215226e-02;7.078704e-02;3.026888e-02;8.351119e-02;2.111458e-01;8.823398e-02;3.812372e-02;1.096954e-01;4.588588e-02
2.143970e-01;7.577706e-02;2.610467e-02;1.205676e-02;1.195649e-01;1.650314e-02;3.459193e-02;2.405879e-01;1.010985e-01;3.946337e-02;9.304070e-02;2.681393e-02
2.611862e-01;4.058832e-02;2.491239e-02;2.940684e-03;1.542162e-01;1.036250e-02;2.577961e-02;2.883991e-01;6.906466e-02;2.613977e-02;8.849684e-02;7.913860e-03
2.827460e-01;4.922191e-02;2.330867e-02;6.820454e-03;1.434740e-01;1.053019e-02;1.369024e-02;3.140613e-01;1.611190e-02;2.782175e-02;9.897374e-02;1.323986e-02
2.561754e-01;6.350525e-02;2.430208e-02;5.672420e-03;1.115144e-01;1.622074e-02;4.614032e-02;3.113133e-01;2.285400e-02;3.513538e-02;8.991639e-02;1.725036e-02
2.324877e-01;8.268637e-02;2.115178e-02;7.911199e-03;9.527203e-02;1.601690e-02;8.302914e-02;3.177199e-01;2.422132e-02;2.700402e-02;6.996064e-02;2.253897e-02
2.287994e-01;1.025020e-01;1.661892e-02;1.296995e-02;7.974160e-02;1.203263e-02;9.921443e-02;3.088092e-01;3.196157e-02;1.676472e-02;7.379894e-02;1.678669e-02
2.312469e-01;1.163114e-01;1.845087e-02;1.572270e-02;7.497242e-02;1.562153e-02;1.073966e-01;2.360404e-01;3.940022e-02;2.638166e-02;9.956710e-02;1.888829e-02
2.009728e-01;1.005432e-01;2.929572e-02;2.495761e-02;1.130504e-01;1.862332e-02;1.507187e-01;1.107152e-01;5.260418e-02;5.474172e-02;1.247441e-01;1.903309e-02
1.556363e-01;7.797302e-02;3.436853e-02;2.359417e-02;9.909499e-02;1.614278e-02;1.177321e-01;1.783999e-01;8.118027e-02;1.353130e-01;6.051432e-02;2.005060e-02
8.737759e-02;9.577690e-02;2.622313e-02;2.181515e-02;7.173420e-02;1.543886e-02;8.093543e-02;2.258888e-01;7.791150e-02;2.242476e-01;5.596324e-02;1.668759e-02
9.750681e-02;1.157864e-01;2.695025e-02;2.268390e-02;4.515610e-02;2.401104e-02;7.867370e-02;2.361684e-01;1.046280e-01;1.624817e-01;7.475428e-02;1.119948e-02
1.462841e-01;1.275241e-01;2.784906e-02;2.892905e-02;3.794631e-02;2.720511e-02;6.755908e-02;1.704078e-01;1.743391e-01;1.159411e-01;6.220717e-02;1.380802e-02
1.508047e-01;9.784739e-02;2.323182e-02;3.351509e-02;7.258574e-02;3.764691e-02;7.093739e-02;9.907660e-02;2.419582e-01;1.099246e-01;4.759899e-02;1.487254e-02
9.305744e-02;5.085514e-02;1.851091e-02;3.446963e-02;8.668578e-02;5.513422e-02;1.074036e-01;1.429064e-01;2.794532e-01;8.859336e-02;2.797413e-02;1.495618e-02
7.368404e-02;3.532941e-02;1.623401e-02;4.530398e-02;8.405744e-02;4.470284e-02;1.321224e-01;1.880763e-01;2.008425e-01;1.263387e-01;4.049638e-02;1.281192e-02
8.510142e-02;6.020808e-02;2.015018e-02;4.725112e-02;6.388584e-02;7.162040e-02;1.929784e-01;1.379477e-01;9.576148e-02;1.268675e-01;6.050479e-02;3.772313e-02
1.199877e-01;7.068557e-02;4.772880e-02;4.179329e-02;6.966668e-02;1.127977e-01;1.598573e-01;1.176031e-01;7.329261e-02;8.004108e-02;4.346442e-02;6.308165e-02
9.145959e-02;7.058651e-02;6.971686e-02;4.836951e-02;6.600895e-02;1.359770e-01;1.165922e-01;1.092744e-01;6.580041e-02;7.580659e-02;7.848591e-02;7.192209e-02
1.165850e-01;1.104647e-01;5.826032e-02;2.747157e-02;2.483329e-02;1.173490e-01;1.753014e-01;8.802348e-02;4.646615e-02;5.953206e-02;8.770875e-02;8.800438e-02
1.970181e-01;1.322497e-01;3.120550e-02;2.046436e-02;1.558401e-02;6.956643e-02;1.450830e-01;8.538089e-02;2.628327e-02;4.777699e-02;1.769038e-01;5.248393e-02
2.556341e-01;9.552222e-02;2.033731e-02;1.574102e-02;2.167642e-02;3.932264e-02;1.029848e-01;6.658118e-02;3.088458e-02;4.517957e-02;2.821387e-01;2.399739e-02
3.135263e-01;9.022602e-02;1.330594e-02;2.628620e-02;1.633603e-02;2.410172e-02;1.010243e-01;4.421444e-02;3.225479e-02;4.783294e-02;2.560306e-01;3.486076e-02
4.244225e-01;8.908459e-02;5.154058e-03;5.717566e-02;9.639584e-03;3.532448e-02;1.254086e-01;3.390777e-02;1.872488e-02;7.198910e-02;9.013984e-02;3.902887e-02
4.964459e-01;7.502459e-02;6.279622e-03;6.520063e-02;3.986175e-03;3.594198e-02;1.014089e-01;2.037615e-02;1.020971e-02;5.331404e-02;9.514280e-02;3.666957e-02
5.681840e-01;7.805090e-02;4.346329e-03;5.658288e-02;3.364953e-03;1.639617e-02;9.945863e-02;1.595718e-02;5.923168e-03;2.136598e-02;9.027597e-02;4.009388e-02
5.600206e-01;1.005094e-01;7.160038e-03;5.116451e-02;7.383692e-03;1.272135e-02;1.007485e-01;2.451841e-02;4.198372e-03;1.370567e-02;7.812132e-02;3.974815e-02
5.399524e-01;1.021996e-01;7.993757e-03;4.327967e-02;7.769730e-03;2.081016e-02;9.267542e-02;4.798731e-02;8.194674e-03;2.051473e-02;7.445219e-02;3.417043e-02
5.637226e-01;7.147098e-02;1.977048e-02;2.550848e-02;5.881514e-03;2.829047e-02;7.815213e-02;9.504706e-02;1.394367e-02;2.097854e-02;5.181221e-02;2.542185e-02
5.659591e-01;5.400528e-02;4.624821e-02;1.001561e-02;8.744188e-03;2.281619e-02;5.916127e-02;1.631737e-01;1.720720e-02;1.190193e-02;2.575277e-02;1.501455e-02
5.241529e-01;9.704215e-02;6.508541e-02;8.140655e-03;1.893140e-02;1.042965e-02;3.518429e-02;1.989222e-01;1.149431e-02;3.733744e-03;1.714813e-02;9.735189e-03
5.364130e-01;1.003072e-01;6.180431e-02;6.094072e-03;2.694048e-02;4.476510e-03;1.437099e-02;2.144057e-01;7.529222e-03;2.805260e-03;1.706818e-02;7.785063e-03
5.244826e-01;8.403700e-02;3.875568e-02;4.821099e-03;2.901772e-02;8.060787e-03;2.788515e-02;2.046371e-01;1.043743e-02;6.387247e-03;4.185840e-02;1.961988e-02
3.830521e-01;9.304766e-02;1.973160e-02;1.073995e-02;2.266417e-02;1.628297e-02;6.410065e-02;1.459176e-01;1.960180e-02;1.988185e-02;1.652603e-01;3.971930e-02
2.353299e-01;1.197591e-01;2.693873e-02;9.593264e-03;1.819017e-02;2.785361e-02;8.630089e-02;8.143924e-02;1.978433e-02;3.112762e-02;2.924005e-01;5.128262e-02
2.208414e-01;1.195817e-01;2.048207e-02;2.016626e-02;1.111996e-02;3.309995e-02;1.292452e-01;9.556516e-02;1.831393e-02;2.825554e-02;2.292314e-01;7.409744e-02
2.773715e-01;1.073135e-01;1.329546e-02;3.169241e-02;1.108115e-02;2.186218e-02;1.727552e-01;1.026328e-01;2.330109e-02;4.393246e-02;1.012091e-01;9.355322e-02
2.446623e-01;6.979779e-02;1.217462e-02;3.565217e-02;7.154200e-03;2.650901e-02;2.479918e-01;9.199603e-02;2.274417e-02;5.286692e-02;9.386271e-02;9.458829e-02
1.679408e-01;5.119540e-02;1.425739e-02;2.815632e-02;1.008549e-02;3.783800e-02;2.847084e-01;8.605448e-02;2.761062e-02;4.152210e-02;1.705736e-01;8.005736e-02
1.066816e-01;4.854942e-02;2.277220e-02;2.529197e-02;8.922168e-03;4.410442e-02;2.495262e-01;1.228931e-01;5.090730e-02;4.263986e-02;2.237979e-01;5.391371e-02
9.590598e-02;3.769255e-02;2.722121e-02;2.178456e-02;1.580565e-02;4.497143e-02;1.964905e-01;1.776808e-01;6.826389e-02;4.635605e-02;2.341959e-01;3.363156e-02
2.229259e-01;5.117916e-02;1.660996e-02;1.422581e-02;1.612592e-02;4.679075e-02;2.177694e-01;1.635286e-01;7.560609e-02;3.883722e-02;9.709040e-02;3.931072e-02
2.609137e-01;6.587534e-02;1.607275e-02;1.011303e-02;1.756174e-02;4.435195e-02;2.233088e-01;7.067464e-02;8.126177e-02;3.886983e-02;1.396270e-01;3.136945e-02
2.235502e-01;7.609471e-02;1.432658e-02;1.972282e-02;2.223979e-02;5.369566e-02;1.877397e-01;5.807222e-02;6.350911e-02;4.036357e-02;1.951805e-01;4.550517e-02
1.598111e-01;8.638201e-02;1.236549e-02;2.802216e-02;1.606973e-02;5.737572e-02;2.090095e-01;7.372317e-02;4.798368e-02;5.830364e-02;1.964716e-01;5.448220e-02
1.920625e-01;8.990859e-02;1.819408e-02;2.391170e-02;2.460357e-02;4.900523e-02;1.914711e-01;4.788060e-02;5.055557e-02;8.005799e-02;1.642789e-01;6.807013e-02
2.373784e-01;6.752872e-02;3.322165e-02;4.951964e-02;3.335705e-02;6.222091e-02;1.597203e-01;7.129876e-02;4.857742e-02;1.022932e-01;5.278650e-02;8.209746e-02
1.867851e-01;6.091338e-02;3.135861e-02;7.178402e-02;4.621693e-02;8.159572e-02;1.091005e-01;7.756353e-02;4.735756e-02;8.778878e-02;1.378127e-01;6.172310e-02
9.111447e-02;8.324882e-02;5.167040e-02;6.067970e-02;6.139933e-02;9.998526e-02;8.123669e-02;1.267254e-01;8.371921e-02;8.889980e-02;1.299902e-01;4.133075e-02
7.930449e-02;8.300842e-02;4.373110e-02;8.047353e-02;4.418270e-02;7.251007e-02;1.299242e-01;1.571830e-01;7.768127e-02;7.213546e-02;1.024006e-01;5.746515e-02
8.028417e-02;6.187278e-02;3.056572e-02;1.014796e-01;3.735537e-02;5.121295e-02;2.300384e-01;1.668831e-01;4.029045e-02;4.459126e-02;7.981278e-02;7.561333e-02
6.193097e-02;3.378726e-02;1.626385e-02;9.212173e-02;4.012953e-02;4.459536e-02;3.124101e-01;1.528158e-01;3.047198e-02;2.929026e-02;8.304806e-02;1.031352e-01
3.838710e-02;1.861860e-02;1.680427e-02;5.648133e-02;3.634204e-02;3.957666e-02;3.530457e-01;1.082816e-01;3.654397e-02;2.139984e-02;1.322920e-01;1.422268e-01
4.244470e-02;1.242626e-02;2.626927e-02;1.486386e-02;3.321682e-02;5.593808e-02;2.749602e-01;8.056160e-02;5.909645e-02;1.781641e-02;1.914744e-01;1.909320e-01
4.549962e-02;8.969921e-03;3.183765e-02;6.898680e-03;3.146653e-02;7.010856e-02;1.830866e-01;5.169778e-02;8.053604e-02;1.675671e-02;2.365584e-01;2.365835e-01
5.177838e-02;1.435094e-02;2.535258e-02;2.856688e-02;2.800782e-02;6.441401e-02;2.321293e-01;3.334760e-02;7.412914e-02;1.469666e-02;1.999718e-01;2.332549e-01
6.196918e-02;2.358639e-02;1.729865e-02;2.959018e-02;1.862319e-02;7.696529e-02;3.169259e-01;2.207757e-02;6.070283e-02;1.599257e-02;1.481609e-01;2.081074e-01
1.014712e-01;3.504685e-02;1.268959e-02;3.658308e-02;1.624689e-02;8.431883e-02;3.258368e-01;4.070474e-02;4.333199e-02;3.593862e-02;1.267624e-01;1.410691e-01
1.339200e-01;4.234545e-02;1.353429e-02;2.955423e-02;1.371328e-02;5.784217e-02;2.578896e-01;8.260065e-02;4.792882e-02;5.766940e-02;1.929578e-01;7.004425e-02
1.228732e-01;2.831630e-02;1.255961e-02;1.737393e-02;1.049045e-02;4.674439e-02;1.706117e-01;9.874196e-02;5.980216e-02;6.917839e-02;3.166252e-01;4.668275e-02
9.845223e-02;1.678093e-02;9.566213e-03;1.227458e-02;1.510304e-02;3.976161e-02;1.275460e-01;1.113680e-01;6.741834e-02;6.576782e-02;3.617104e-01;7.425078e-02
1.044152e-01;2.372335e-02;4.822323e-03;1.324402e-02;1.828334e-02;3.505787e-02;2.133311e-01;9.508783e-02;6.991504e-02;5.747868e-02;2.578170e-01;1.068242e-01
1.028525e-01;2.426525e-02;1.009591e-02;1.159419e-02;1.503107e-02;4.188605e-02;2.333087e-01;1.196292e-01;6.576548e-02;3.943834e-02;2.420299e-01;9.410341e-02
1.133078e-01;3.913034e-02;1.704243e-02;1.708474e-02;1.361360e-02;3.967684e-02;2.853888e-01;1.946134e-01;4.886891e-02;3.074169e-02;1.220894e-01;7.844205e-02
1.030863e-01;5.484930e-02;1.978418e-02;1.694950e-02;1.210459e-02;3.232205e-02;2.908778e-01;2.025101e-01;4.588982e-02;6.132287e-02;9.336288e-02;6.694065e-02
8.375295e-02;8.845112e-02;1.534286e-02;8.644737e-03;1.817017e-02;3.675412e-02;2.966394e-01;1.850469e-01;3.435316e-02;7.967526e-02;1.032838e-01;4.988556e-02
5.018910e-02;9.451976e-02;1.991321e-02;2.307642e-02;3.582656e-02;2.975417e-02;3.238730e-01;2.042376e-01;4.303497e-02;5.222778e-02;8.923261e-02;3.411486e-02
5.076268e-02;7.389666e-02;2.486605e-02;2.279962e-02;4.606525e-02;4.445167e-02;3.233181e-01;2.107951e-01;5.782997e-02;4.018711e-02;9.055050e-02;1.447738e-02
5.511688e-02;6.615216e-02;2.483756e-02;2.162232e-02;4.206803e-02;3.330760e-02;3.209689e-01;2.453798e-01;6.089915e-02;3.903219e-02;8.118062e-02;9.434844e-03
6.319769e-02;4.558802e-02;2.071075e-02;3.592644e-02;4.371424e-02;4.696017e-02;2.814586e-01;2.082853e-01;5.774440e-02;6.707016e-02;1.096389e-01;1.970528e-02
9.149048e-02;5.928810e-02;1.415701e-02;2.781107e-02;6.709749e-02;5.426141e-02;1.581161e-01;1.195689e-01;3.860923e-02;9.534494e-02;2.608472e-01;1.340801e-02
1.120436e-01;6.252684e-02;6.840419e-03;2.214822e-02;5.465120e-02;3.320449e-02;1.131762e-01;7.722589e-02;1.788695e-02;8.491531e-02;4.051971e-01;1.018372e-02
1.248971e-01;5.924580e-02;1.156037e-02;2.847142e-02;2.732997e-02;3.813230e-02;9.376365e-02;6.705029e-02;1.328757e-02;6.928123e-02;4.558430e-01;1.113730e-02
1.259834e-01;4.267740e-02;1.864398e-02;2.026905e-02;2.003568e-02;7.464611e-02;7.361300e-02;4.111075e-02;1.328615e-02;6.159771e-02;4.998823e-01;8.254436e-03
1.242871e-01;1.997490e-02;3.308549e-02;1.254678e-02;1.762185e-02;1.090023e-01;4.599673e-02;3.871555e-02;2.488097e-02;5.269395e-02;5.157099e-01;5.484480e-03
1.505738e-01;3.791394e-02;4.682343e-02;9.414128e-03;3.632395e-02;9.836914e-02;4.298647e-02;2.667980e-02;5.132157e-02;4.130833e-02;4.459424e-01;1.234309e-02
2.150885e-01;4.654394e-02;3.726923e-02;1.479011e-02;5.615469e-02;5.712101e-02;6.718526e-02;4.948996e-02;5.266253e-02;3.268823e-02;3.377281e-01;3.327853e-02
3.124188e-01;7.509487e-02;1.397530e-02;2.881249e-02;4.317930e-02;3.015976e-02;8.551776e-02;6.990096e-02;2.270708e-02;3.224442e-02;2.363109e-01;4.967839e-02
4.144129e-01;1.116832e-01;1.397576e-02;2.239103e-02;2.917879e-02;2.673119e-02;7.453586e-02;8.770954e-02;1.476120e-02;2.865492e-02;1.381183e-01;3.784733e-02
4.682212e-01;1.724047e-01;2.118962e-02;6.813511e-03;5.810624e-02;2.870598e-02;3.815497e-02;1.125819e-01;1.273361e-02;1.754790e-02;4.662976e-02;1.691063e-02
4.034154e-01;2.221279e-01;2.048311e-02;9.033149e-03;1.002737e-01;3.929308e-02;3.250916e-02;9.100664e-02;1.411816e-02;7.967240e-03;5.289388e-02;6.878583e-03
3.338221e-01;2.884263e-01;1.526657e-02;2.084637e-02;8.745480e-02;5.802942e-02;3.987169e-02;4.464925e-02;3.632122e-02;1.134706e-02;5.714838e-02;6.816897e-03
2.889689e-01;3.596913e-01;2.306302e-02;3.726817e-02;5.129371e-02;5.535862e-02;2.723567e-02;4.188253e-02;6.000039e-02;1.558057e-02;3.203869e-02;7.618460e-03
2.579991e-01;3.830622e-01;2.434178e-02;4.218750e-02;4.406731e-02;5.032394e-02;4.901220e-02;5.161258e-02;6.295061e-02;2.000357e-02;1.038980e-02;4.049365e-03
3.177439e-01;3.014499e-01;1.975780e-02;3.512825e-02;3.115530e-02;5.114413e-02;8.015156e-02;6.951661e-02;5.284400e-02;1.939036e-02;1.644954e-02;5.268643e-03
3.742623e-01;2.080599e-01;1.865105e-02;2.751171e-02;2.618970e-02;5.132306e-02;9.119797e-02;6.359822e-02;4.626228e-02;2.724223e-02;5.478359e-02;1.091798e-02
3.251344e-01;2.366663e-01;1.963414e-02;3.451626e-02;2.386913e-02;5.445311e-02;8.972901e-02;4.665390e-02;2.466721e-02;3.293606e-02;9.939463e-02;1.234588e-02
2.087166e-01;2.579826e-01;2.510203e-02;4.246590e-02;4.472189e-02;6.895905e-02;1.181253e-01;6.965590e-02;3.533547e-02;2.629821e-02;9.086839e-02;1.176866e-02
3.237057e-01;2.618142e-01;1.892297e-02;2.680937e-02;4.169555e-02;7.201031e-02;7.831682e-02;7.301183e-02;4.170244e-02;2.044896e-02;3.096997e-02;1.059191e-02
2.778604e-01;2.582285e-01;3.018495e-02;2.101786e-02;2.906373e-02;5.910440e-02;1.173386e-01;8.504590e-02;3.116992e-02;2.746518e-02;5.026842e-02;1.325212e-02
1.713924e-01;1.663575e-01;6.376462e-02;2.861540e-02;3.385593e-02;5.973048e-02;1.900439e-01;1.166174e-01;3.326758e-02;4.421413e-02;8.221105e-02;9.929616e-03
1.719344e-01;2.249362e-01;7.504565e-02;4.370302e-02;2.979175e-02;4.419667e-02;1.599832e-01;6.611655e-02;4.712663e-02;4.480585e-02;6.753324e-02;2.482685e-02
1.468586e-01;2.397766e-01;8.620641e-02;3.882247e-02;2.126721e-02;4.280655e-02;1.458680e-01;4.570885e-02;6.734402e-02;7.189249e-02;6.011495e-02;3.333391e-02
1.693202e-01;2.418147e-01;7.822856e-02;2.288479e-02;2.946009e-02;5.020140e-02;1.288861e-01;4.854306e-02;7.560272e-02;7.794617e-02;5.059640e-02;2.651576e-02
2.179709e-01;1.620892e-01;5.796445e-02;2.328759e-02;3.874325e-02;6.738613e-02;1.213900e-01;6.805125e-02;6.918263e-02;6.328183e-02;8.721535e-02;2.343739e-02
2.271025e-01;1.792630e-01;3.633044e-02;2.759913e-02;3.191710e-02;5.438020e-02;8.808497e-02;4.765955e-02;4.884042e-02;4.167167e-02;1.961956e-01;2.095537e-02
1.820641e-01;1.261372e-01;3.387025e-02;2.221168e-02;3.466589e-02;2.821758e-02;9.228536e-02;4.395272e-02;4.468318e-02;8.395611e-02;2.878392e-01;2.011682e-02
1.416567e-01;1.274624e-01;3.286458e-02;3.526340e-02;5.117307e-02;3.222728e-02;1.247667e-01;8.795571e-02;3.089981e-02;1.034358e-01;1.964416e-01;3.585302e-02
1.767265e-01;1.096829e-01;2.587328e-02;4.718946e-02;5.403325e-02;5.610508e-02;1.475687e-01;9.830950e-02;3.391678e-02;3.299763e-02;1.697614e-01;4.783563e-02
1.706871e-01;9.619284e-02;2.175173e-02;5.304200e-02;3.910350e-02;6.217185e-02;2.075099e-01;1.240186e-01;2.268712e-02;1.927913e-02;1.322397e-01;5.131659e-02
1.300117e-01;5.094363e-02;8.260661e-03;3.879446e-02;2.094635e-02;4.226587e-02;3.202963e-01;1.900274e-01;2.318228e-02;1.726384e-02;1.004907e-01;5.751683e-02
5.572838e-02;2.126997e-02;2.222808e-02;1.613124e-02;1.223973e-02;4.304473e-02;3.575582e-01;2.154352e-01;5.195823e-02;1.329346e-02;1.415190e-01;4.959384e-02
3.201013e-02;7.711058e-03;3.673313e-02;1.202612e-02;1.197025e-02;9.725611e-02;2.509163e-01;1.687375e-01;8.889125e-02;1.907983e-02;2.315903e-01;4.307809e-02
4.328213e-02;1.915581e-02;3.857817e-02;1.053310e-02;8.970742e-03;1.275947e-01;1.157987e-01;1.179301e-01;1.007935e-01;3.970999e-02;3.457120e-01;3.194112e-02
3.092007e-02;3.548199e-02;2.136623e-02;1.083556e-02;2.823277e-02;8.859426e-02;1.180714e-01;1.183523e-01;5.765306e-02;9.673146e-02;3.736879e-01;2.007299e-02
3.099352e-02;4.688263e-02;1.563537e-02;1.219522e-02;5.701705e-02;3.584942e-02;1.069787e-01;1.256048e-01;5.464364e-02;1.735031e-01;3.240196e-01;1.667681e-02
2.912343e-02;4.834466e-02;9.995370e-03;1.293572e-02;8.221772e-02;4.365839e-02;9.473011e-02;1.016728e-01;5.368287e-02;2.451413e-01;2.500482e-01;2.844946e-02
3.530487e-02;5.492485e-02;2.070883e-02;2.519255e-02;9.592864e-02;2.281062e-02;8.956482e-02;8.584180e-02;5.557553e-02;2.973410e-01;1.832544e-01;3.355211e-02
6.684770e-02;9.055144e-02;3.563894e-02;2.871899e-02;6.021159e-02;3.652013e-02;1.176311e-01;1.138875e-01;5.934365e-02;1.830147e-01;1.763381e-01;3.129611e-02
7.781082e-02;1.139204e-01;3.904856e-02;1.706568e-02;4.102893e-02;4.655950e-02;1.787710e-01;1.461937e-01;6.404084e-02;8.088453e-02;1.679621e-01;2.671402e-02
6.804743e-02;4.401571e-02;3.058703e-02;1.623062e-02;4.519220e-02;3.696813e-02;2.031282e-01;2.072209e-01;6.181960e-02;9.132826e-02;1.732176e-01;2.224433e-02
8.783892e-02;1.220159e-01;2.337107e-02;2.021440e-02;2.024144e-02;3.342898e-02;2.459859e-01;2.101298e-01;3.396991e-02;6.376833e-02;1.302217e-01;8.813671e-03
6.929528e-02;1.356717e-01;1.669953e-02;1.144044e-02;2.245740e-02;3.974445e-02;3.220185e-01;2.182999e-01;4.021394e-02;3.161640e-02;8.631911e-02;6.223338e-03
6.304255e-02;1.517166e-01;9.249815e-03;1.145920e-02;1.952044e-02;5.946416e-02;3.633221e-01;2.079104e-01;2.689713e-02;3.575262e-02;4.426535e-02;7.399573e-03
6.515949e-02;1.640724e-01;8.036026e-03;2.143273e-02;1.372813e-02;7.086736e-02;3.904507e-01;1.935882e-01;1.232839e-02;3.314556e-02;2.196922e-02;5.221709e-03
1.006985e-01;1.574444e-01;8.279717e-03;4.325843e-02;1.541946e-02;6.756815e-02;3.906575e-01;1.454663e-01;1.490259e-02;2.218789e-02;3.110608e-02;3.010990e-03
1.480184e-01;1.248778e-01;8.061234e-03;6.508159e-02;1.798272e-02;8.613327e-02;3.849316e-01;1.106440e-01;9.796510e-03;1.024745e-02;2.739501e-02;6.830498e-03
1.578990e-01;9.475523e-02;7.447725e-03;6.052239e-02;1.601038e-02;1.225739e-01;3.762374e-01;1.127781e-01;9.284200e-03;1.428497e-02;2.062924e-02;7.577454e-03
1.868602e-01;7.007254e-02;6.790703e-03;4.285838e-02;2.115726e-02;1.402160e-01;3.566598e-01;1.246801e-01;1.197738e-02;1.931402e-02;1.467206e-02;4.741527e-03
2.545004e-01;5.286698e-02;1.562749e-02;2.201212e-02;2.861125e-02;1.431055e-01;3.145671e-01;9.883672e-02;1.865047e-02;1.837517e-02;2.607786e-02;6.768879e-03
2.830210e-01;3.585095e-02;2.344343e-02;1.612811e-02;4.717205e-02;1.283042e-01;2.432232e-01;8.323781e-02;3.516250e-02;1.240746e-02;8.139779e-02;1.065153e-02
2.340669e-01;1.680737e-02;2.424579e-02;2.224925e-02;7.295111e-02;8.633763e-02;1.643110e-01;9.155524e-02;6.200885e-02;1.579644e-02;1.870324e-01;2.263807e-02
1.507656e-01;2.939025e-02;2.175462e-02;2.357678e-02;7.388157e-02;5.745207e-02;7.290523e-02;7.991451e-02;8.435463e-02;2.525435e-02;3.458952e-01;3.485517e-02
1.040300e-01;6.090389e-02;3.300455e-02;2.690257e-02;4.256621e-02;5.028656e-02;9.037609e-02;5.685347e-02;6.344619e-02;4.686559e-02;4.000115e-01;2.475342e-02
1.113374e-01;1.059440e-01;5.226878e-02;3.686247e-02;2.968097e-02;4.634963e-02;7.707805e-02;7.570509e-02;4.298113e-02;5.136679e-02;3.507823e-01;1.964341e-02
1.183928e-01;1.858128e-01;7.179862e-02;4.262094e-02;3.219479e-02;6.239831e-02;6.076274e-02;9.143254e-02;5.316525e-02;4.219335e-02;2.045401e-01;3.468769e-02
1.942027e-01;2.027617e-01;7.106420e-02;3.527514e-02;3.254108e-02;7.622375e-02;1.022937e-01;6.176447e-02;3.579991e-02;2.238922e-02;1.206682e-01;4.501602e-02
1.603973e-01;1.662122e-01;7.406418e-02;3.449202e-02;3.474772e-02;7.823732e-02;1.220947e-01;4.251947e-02;2.631745e-02;2.098964e-02;2.010122e-01;3.891580e-02
1.161576e-01;1.728595e-01;1.033382e-01;4.256354e-02;4.390553e-02;8.060984e-02;1.500350e-01;7.932632e-02;3.714665e-02;2.862050e-02;1.139876e-01;3.144973e-02
1.346833e-01;1.848401e-01;1.173805e-01;4.505571e-02;3.690441e-02;5.650292e-02;1.007414e-01;1.043369e-01;4.735310e-02;1.987939e-02;1.323539e-01;1.996838e-02
1.588655e-01;1.416453e-01;6.138415e-02;3.296000e-02;3.018466e-02;5.079735e-02;1.273298e-01;1.134912e-01;3.444047e-02;2.780624e-02;1.925705e-01;2.852498e-02
1.227172e-01;7.301688e-02;3.959816e-02;2.679709e-02;3.083291e-02;4.344597e-02;1.223356e-01;8.289547e-02;2.613943e-02;4.422308e-02;3.505706e-01;3.742768e-02
6.325686e-02;9.900411e-02;4.006540e-02;2.167763e-02;2.090667e-02;3.014192e-02;4.772983e-02;2.066743e-02;1.822646e-02;5.053815e-02;5.563928e-01;3.139273e-02
8.047075e-02;9.779960e-02;4.283199e-02;1.991739e-02;2.281354e-02;1.616156e-02;4.313189e-02;2.017990e-02;1.296601e-02;6.058089e-02;5.659391e-01;1.720732e-02
6.542798e-02;1.084118e-01;4.523050e-02;2.550963e-02;3.223538e-02;2.046329e-02;6.890569e-02;4.953713e-02;1.865647e-02;6.161071e-02;4.911544e-01;1.285702e-02
6.577173e-02;1.300783e-01;5.184601e-02;3.021694e-02;3.758790e-02;3.395959e-02;9.441216e-02;6.830397e-02;3.379688e-02;5.161980e-02;3.901978e-01;1.220886e-02
9.795501e-02;1.823447e-01;6.736659e-02;2.787330e-02;4.399002e-02;2.935032e-02;8.083009e-02;7.504361e-02;3.248575e-02;4.064930e-02;3.104480e-01;1.166320e-02
9.043510e-02;1.579699e-01;7.843841e-02;2.986109e-02;4.993986e-02;3.714392e-02;1.122720e-01;1.079584e-01;6.116551e-02;2.895075e-02;2.245523e-01;2.131277e-02
9.998407e-02;1.554338e-01;6.592096e-02;3.699503e-02;4.871282e-02;5.279775e-02;1.722314e-01;1.069728e-01;7.686508e-02;2.931918e-02;1.188865e-01;3.588059e-02
7.652116e-02;1.283945e-01;6.717087e-02;6.542588e-02;6.515379e-02;3.586903e-02;1.440952e-01;6.942370e-02;4.371257e-02;4.732567e-02;2.130490e-01;4.385858e-02
7.516738e-02;1.007792e-01;5.133017e-02;4.915609e-02;4.346248e-02;3.125578e-02;1.300880e-01;8.138471e-02;3.696502e-02;5.595350e-02;3.092256e-01;3.523212e-02
