9.513105e-02;9.739137e-02;3.316531e-01;3.823111e-02;6.608442e-02;6.561825e-02;7.769772e-02;4.611821e-02;5.391803e-02;6.010591e-02;3.993142e-02;2.811933e-02
1.152825e-01;1.372171e-01;3.977844e-01;2.998512e-02;4.091902e-02;8.101188e-02;5.785079e-02;2.946976e-02;3.969062e-02;2.641792e-02;2.283011e-02;2.154071e-02
8.459363e-02;8.748788e-02;4.318132e-01;4.679171e-02;3.856307e-02;7.005179e-02;1.120553e-01;5.908045e-02;2.364480e-02;1.740772e-02;1.533055e-02;1.317988e-02
4.585648e-02;2.385753e-02;3.392051e-01;7.503543e-02;9.875409e-02;5.231966e-02;1.448441e-01;1.301868e-01;3.810484e-02;1.912245e-02;1.644759e-02;1.626595e-02
3.124893e-02;2.109915e-02;1.980098e-01;8.031465e-02;1.917021e-01;6.673468e-02;8.745302e-02;1.790816e-01;8.575695e-02;1.514745e-02;1.735638e-02;2.609532e-02
2.167711e-02;1.364251e-02;9.287207e-02;5.175379e-02;2.841250e-01;1.031666e-01;1.299323e-01;1.315142e-01;1.143799e-01;1.083026e-02;1.163885e-02;3.446737e-02
1.847586e-02;7.441723e-03;1.605607e-01;6.138792e-02;2.714697e-01;1.175083e-01;1.842903e-01;5.520070e-02;6.675226e-02;1.481348e-02;8.755437e-03;3.334358e-02
3.041759e-02;2.296673e-02;2.387784e-01;7.954452e-02;2.104950e-01;1.086786e-01;1.744718e-01;3.568397e-02;2.578525e-02;2.344716e-02;1.401254e-02;3.571846e-02
6.464896e-02;5.083209e-02;2.616919e-01;7.771732e-02;1.567734e-01;7.584586e-02;1.511532e-01;4.745478e-02;4.324652e-02;1.875170e-02;2.061304e-02;3.127128e-02
7.448817e-02;5.888798e-02;2.208361e-01;8.187728e-02;1.559017e-01;4.892282e-02;1.473468e-01;8.754680e-02;6.258383e-02;1.407057e-02;2.518363e-02;2.235429e-02
5.197037e-02;3.391326e-02;3.785507e-01;5.941939e-02;1.238354e-01;3.778581e-02;1.418877e-01;7.346857e-02;4.420704e-02;1.819267e-02;1.932724e-02;1.744188e-02
5.622988e-02;3.891298e-02;3.363647e-01;5.959160e-02;1.641803e-01;5.220181e-02;1.240685e-01;7.612836e-02;4.038287e-02;1.933995e-02;1.702088e-02;1.557814e-02
7.629301e-02;4.485768e-02;1.759834e-01;8.533404e-02;2.251651e-01;7.583694e-02;8.586330e-02;7.036383e-02;7.297625e-02;2.801253e-02;3.873925e-02;2.057466e-02
6.588171e-02;4.007967e-02;1.398786e-01;6.874886e-02;1.863109e-01;9.207336e-02;1.777519e-01;6.707560e-02;5.192346e-02;2.957345e-02;5.745832e-02;2.324414e-02
2.961119e-02;6.138646e-02;9.123816e-02;7.413583e-02;1.507141e-01;8.534201e-02;1.556745e-01;1.215557e-01;8.775115e-02;6.128610e-02;4.656454e-02;3.474027e-02
3.949431e-02;4.416512e-02;1.203877e-01;2.830390e-02;9.394015e-02;9.779584e-02;1.966065e-01;8.623526e-02;1.309649e-01;5.771120e-02;5.269990e-02;5.169521e-02
3.788127e-02;3.420201e-02;1.020239e-01;5.533100e-02;1.310375e-01;9.036075e-02;1.640478e-01;7.974026e-02;1.226851e-01;4.608127e-02;7.252959e-02;6.407956e-02
2.687483e-02;2.499290e-02;1.114253e-01;9.804107e-02;1.666989e-01;7.703625e-02;9.281339e-02;1.004635e-01;1.176887e-01;3.440830e-02;7.786657e-02;7.169025e-02
3.408387e-02;3.089133e-02;1.244116e-01;1.022696e-01;1.611204e-01;7.120893e-02;7.168356e-02;1.053625e-01;1.410759e-01;3.632582e-02;6.249812e-02;5.906845e-02
5.770699e-02;4.308942e-02;1.286240e-01;7.799181e-02;1.233434e-01;8.782292e-02;8.636624e-02;8.609559e-02;1.471511e-01;4.974761e-02;5.027502e-02;6.178591e-02
5.475307e-02;3.439698e-02;5.110541e-02;6.721804e-02;2.369998e-01;8.346265e-02;8.229002e-02;5.618800e-02;1.415705e-01;2.472010e-02;4.018556e-02;1.271099e-01
2.929463e-02;1.627145e-02;2.434851e-02;4.425994e-02;3.651838e-01;6.117136e-02;6.426551e-02;4.270927e-02;1.592630e-01;9.346108e-03;2.172627e-02;1.621601e-01
9.137460e-03;7.930514e-03;2.159933e-02;4.053659e-02;4.663455e-01;3.311074e-02;6.395255e-02;1.559537e-02;1.480584e-01;4.848860e-03;1.149923e-02;1.773855e-01
9.124567e-03;6.307172e-03;2.109861e-02;2.560870e-02;5.073187e-01;1.541069e-02;8.395448e-02;1.385347e-02;1.296978e-01;5.974176e-03;1.041170e-02;1.712399e-01
7.325468e-03;4.868498e-03;2.022998e-02;2.933292e-02;5.260161e-01;1.780527e-02;8.448441e-02;1.276318e-02;1.104285e-01;6.561961e-03;1.181383e-02;1.683699e-01
5.776139e-03;6.256539e-03;1.942167e-02;3.429236e-02;5.539964e-01;1.669353e-02;7.677028e-02;1.039228e-02;8.841436e-02;5.917672e-03;1.351651e-02;1.685523e-01
5.599172e-03;5.105549e-03;1.262867e-02;5.548431e-02;5.688638e-01;2.061151e-02;5.759862e-02;1.363308e-02;6.490602e-02;5.871153e-03;3.116122e-02;1.585369e-01
6.574885e-03;1.127814e-02;3.406029e-02;1.063974e-01;4.876807e-01;1.656788e-02;3.936889e-02;4.870834e-02;3.907479e-02;1.245865e-02;6.845395e-02;1.293761e-01
9.738323e-03;1.630498e-02;9.098350e-02;1.754722e-01;2.740352e-01;1.926140e-02;2.578834e-02;1.168430e-01;1.800620e-02;1.830088e-02;1.404304e-01;9.483565e-02
1.346481e-02;2.756835e-02;1.584247e-01;1.740492e-01;1.227536e-01;2.450201e-02;4.253830e-02;1.409049e-01;2.039061e-02;3.659444e-02;1.660640e-01;7.274504e-02
2.757003e-02;4.987715e-02;2.041390e-01;1.255158e-01;7.710459e-02;3.488105e-02;6.390028e-02;1.100121e-01;3.906043e-02;6.893159e-02;1.196279e-01;7.938005e-02
6.201395e-02;6.687932e-02;1.854866e-01;9.155842e-02;1.148971e-01;4.985377e-02;6.672265e-02;7.216807e-02;5.714443e-02;8.587664e-02;4.208491e-02;1.053141e-01
6.727904e-02;4.687700e-02;1.383875e-01;1.081865e-01;2.317012e-01;5.703317e-02;4.975171e-02;5.319754e-02;5.685338e-02;6.002838e-02;3.453333e-02;9.617124e-02
3.374219e-02;3.695488e-02;1.543146e-01;1.428756e-01;2.563911e-01;2.447947e-02;3.989502e-02;3.486425e-02;5.568064e-02;3.548956e-02;9.886221e-02;8.645055e-02
5.765012e-02;4.274923e-02;1.164998e-01;1.391115e-01;2.255044e-01;3.221074e-02;3.570361e-02;4.057496e-02;3.421464e-02;4.145479e-02;1.444211e-01;8.990516e-02
7.203031e-02;5.072443e-02;6.116895e-02;1.141979e-01;2.111160e-01;2.610540e-02;4.795348e-02;4.195882e-02;4.429101e-02;4.458488e-02;1.933974e-01;9.247147e-02
6.845360e-02;8.597887e-02;9.656979e-02;6.553630e-02;1.253631e-01;3.810340e-02;6.954799e-02;7.995337e-02;5.713649e-02;6.742465e-02;1.429605e-01;1.029720e-01
7.372212e-02;9.175482e-02;1.197238e-01;5.427786e-02;1.407659e-01;3.910186e-02;6.976459e-02;7.751860e-02;5.968544e-02;6.569735e-02;1.232498e-01;8.473788e-02
9.544586e-02;8.512690e-02;1.882744e-01;6.235652e-02;1.368472e-01;2.996857e-02;7.869222e-02;4.261449e-02;7.690758e-02;6.879070e-02;9.047636e-02;4.449915e-02
1.299904e-01;9.554333e-02;2.126835e-01;6.125123e-02;1.001562e-01;4.379715e-02;8.102340e-02;4.283532e-02;9.147505e-02;5.023439e-02;6.281707e-02;2.819290e-02
1.567788e-01;7.332321e-02;1.977812e-01;4.317539e-02;7.808182e-02;8.322959e-02;6.525508e-02;6.995787e-02;8.623292e-02;3.540035e-02;7.184806e-02;3.893574e-02
1.451896e-01;3.493853e-02;2.151982e-01;6.045649e-02;5.435319e-02;1.055361e-01;1.067090e-01;4.942768e-02;3.920305e-02;4.713158e-02;6.573937e-02;7.611728e-02
1.448855e-01;5.360172e-02;1.510130e-01;6.482754e-02;5.366441e-02;8.623822e-02;1.606064e-01;3.640852e-02;1.737154e-02;4.976979e-02;6.194219e-02;1.196711e-01
9.579505e-02;4.083899e-02;9.702101e-02;3.035623e-02;8.754130e-02;6.206825e-02;1.417651e-01;4.957712e-02;4.304634e-02;4.437624e-02;1.374268e-01;1.701876e-01
5.263750e-02;2.207685e-02;8.688061e-02;2.008508e-02;1.086059e-01;6.844857e-02;7.383503e-02;5.786335e-02;7.588729e-02;5.375612e-02;2.297377e-01;1.501860e-01
6.211836e-02;3.630101e-02;6.803534e-02;1.457846e-02;7.582441e-02;9.684231e-02;3.691772e-02;4.036766e-02;8.555464e-02;1.019952e-01;2.499681e-01;1.314967e-01
1.187880e-01;7.641499e-02;1.062765e-01;2.659884e-02;4.362576e-02;9.456732e-02;3.153378e-02;2.584335e-02;5.251577e-02;1.132253e-01;1.817842e-01;1.288262e-01
1.220588e-01;8.626505e-02;1.224072e-01;2.384166e-02;5.113838e-02;9.320702e-02;5.201947e-02;2.348642e-02;2.770902e-02;9.938077e-02;1.972306e-01;1.012557e-01
7.275759e-02;9.256940e-02;1.236064e-01;2.026227e-02;7.400139e-02;1.172174e-01;6.717539e-02;2.134825e-02;2.300316e-02;1.138944e-01;2.259382e-01;4.822620e-02
2.121518e-02;1.327855e-01;7.805061e-02;2.848388e-02;9.793270e-02;1.005753e-01;2.751181e-02;2.799228e-02;3.062826e-02;2.327790e-01;1.896258e-01;3.241982e-02
3.858030e-02;1.485470e-01;5.912429e-02;4.952331e-02;8.917110e-02;4.650076e-02;2.988533e-02;2.972459e-02;6.039251e-02;2.937208e-01;1.076555e-01;4.717444e-02
8.730692e-02;1.111076e-01;7.974787e-02;7.766314e-02;5.350681e-02;1.912992e-02;5.329766e-02;3.370219e-02;1.434610e-01;2.477448e-01;5.292797e-02;4.040408e-02
1.135727e-01;4.775295e-02;1.443285e-01;7.573322e-02;3.036762e-02;2.542602e-02;1.286559e-01;6.603399e-02;1.511116e-01;1.382268e-01;3.209374e-02;4.669688e-02
8.383165e-02;5.944409e-02;2.065432e-01;3.991540e-02;2.484289e-02;3.154114e-02;2.340009e-01;9.070230e-02;6.194095e-02;6.843501e-02;3.463014e-02;6.417228e-02
7.355686e-02;9.117479e-02;2.046720e-01;2.308311e-02;3.807794e-02;3.490636e-02;2.694115e-01;6.986237e-02;3.703861e-02;6.283712e-02;4.486609e-02;5.051326e-02
9.653202e-02;1.094200e-01;2.073078e-01;3.014817e-02;5.500085e-02;4.437478e-02;2.294625e-01;5.000864e-02;3.231776e-02;5.361374e-02;5.928164e-02;3.253197e-02
1.153942e-01;1.343870e-01;2.346774e-01;4.749686e-02;6.849346e-02;5.562871e-02;1.068308e-01;5.452519e-02;3.228917e-02;7.696061e-02;5.007625e-02;2.324034e-02
6.657872e-02;1.343442e-01;2.335582e-01;5.184769e-02;5.032945e-02;2.663337e-02;1.290881e-01;6.482894e-02;7.719361e-02;1.004952e-01;1.908627e-02;4.601621e-02
1.042782e-01;1.389865e-01;1.758148e-01;2.768691e-02;5.151735e-02;3.338633e-02;2.162950e-01;5.361374e-02;4.816952e-02;6.195515e-02;4.641047e-02;4.188607e-02
1.734808e-01;1.249442e-01;1.822517e-01;1.947300e-02;4.383649e-02;2.931469e-02;2.092474e-01;2.985908e-02;3.475826e-02;8.001454e-02;4.106805e-02;3.175182e-02
1.892404e-01;1.246641e-01;1.812174e-01;2.811022e-02;3.636262e-02;2.142622e-02;1.662873e-01;3.053728e-02;4.255624e-02;7.983451e-02;7.073505e-02;2.902862e-02
1.444769e-01;1.034331e-01;1.166466e-01;2.533892e-02;4.526785e-02;2.671434e-02;2.731408e-01;6.087217e-02;4.187641e-02;6.739356e-02;6.518026e-02;2.965905e-02
1.168471e-01;6.925539e-02;8.352780e-02;2.121623e-02;5.250862e-02;3.905063e-02;3.771531e-01;7.520065e-02;4.119674e-02;6.892052e-02;2.598992e-02;2.913324e-02
1.200054e-01;6.691923e-02;8.798885e-02;3.296992e-02;5.530005e-02;3.833732e-02;3.255915e-01;6.575648e-02;5.693156e-02;5.120839e-02;6.518584e-02;3.380552e-02
8.857401e-02;6.978934e-02;1.120314e-01;4.908416e-02;5.188994e-02;5.203852e-02;1.788972e-01;7.414681e-02;1.058641e-01;1.057726e-01;7.892762e-02;3.298422e-02
7.590625e-02;7.431429e-02;1.653300e-01;7.116324e-02;4.343810e-02;6.555210e-02;1.172193e-01;8.773452e-02;8.732738e-02;1.171742e-01;6.034058e-02;3.450000e-02
1.177085e-01;9.472317e-02;2.382722e-01;5.473516e-02;5.180275e-02;6.117586e-02;9.369725e-02;6.386541e-02;6.763184e-02;7.913207e-02;4.240593e-02;3.484988e-02
1.298580e-01;1.420516e-01;3.239249e-01;3.010263e-02;5.581699e-02;8.456024e-02;6.423372e-02;3.267832e-02;4.369753e-02;3.835157e-02;2.322645e-02;3.149805e-02
9.191216e-02;1.541460e-01;4.661272e-01;2.621646e-02;4.364169e-02;8.012475e-02;3.859079e-02;1.282275e-02;2.611034e-02;3.144423e-02;1.082118e-02;1.804236e-02
1.666531e-02;1.271973e-01;6.441512e-01;3.879879e-02;2.778566e-02;4.155267e-02;2.623456e-02;3.260451e-03;1.860422e-02;4.465168e-02;4.631687e-03;6.466520e-03
1.631381e-02;8.349293e-02;7.117656e-01;5.002638e-02;1.490370e-02;1.265885e-02;2.297266e-02;4.620212e-03;1.419080e-02;5.473331e-02;1.087070e-02;3.450994e-03
1.365188e-02;3.759724e-02;6.902320e-01;1.133883e-01;1.649391e-02;1.035888e-02;1.729045e-02;5.421281e-03;7.808601e-03;5.123394e-02;3.411967e-02;2.403914e-03
1.210541e-02;2.161172e-02;5.185756e-01;2.450543e-01;4.111106e-02;1.061675e-02;8.455962e-03;1.175942e-02;9.581922e-03;3.412142e-02;8.065750e-02;6.349004e-03
6.973352e-03;9.461634e-03;2.785244e-01;3.744192e-01;9.849085e-02;1.068106e-02;7.743594e-03;2.719534e-02;4.860277e-03;2.312914e-02;1.346296e-01;2.389161e-02
8.109256e-03;2.238509e-02;1.532889e-01;3.647358e-01;1.648499e-01;1.584381e-02;1.255133e-02;3.201459e-02;6.638183e-03;2.445363e-02;1.419557e-01;5.317385e-02
8.086103e-03;2.110671e-02;1.661595e-01;3.197235e-01;1.912538e-01;2.387862e-02;1.387561e-02;2.835348e-02;6.940159e-03;2.350834e-02;1.359939e-01;6.112028e-02
4.173983e-03;9.120327e-03;1.374089e-01;4.677857e-01;1.243820e-01;1.640409e-02;9.974847e-03;2.844664e-02;6.379657e-03;1.910442e-02;1.376886e-01;3.913099e-02
6.996036e-03;5.906577e-03;2.030689e-01;5.081899e-01;6.723707e-02;9.342500e-03;1.503139e-02;2.621931e-02;6.043183e-03;2.550701e-02;1.066609e-01;1.979725e-02
9.166562e-03;1.174591e-02;3.665698e-01;3.743410e-01;3.489304e-02;7.279851e-03;4.383672e-02;2.257430e-02;5.902066e-03;5.824445e-02;5.554383e-02;9.902453e-03
1.536913e-02;3.853207e-02;4.875574e-01;1.812670e-01;2.314372e-02;1.575340e-02;7.317401e-02;1.535005e-02;2.025001e-02;1.057361e-01;1.502125e-02;8.845874e-03
1.288633e-02;9.317271e-02;4.364793e-01;6.538245e-02;3.508365e-02;5.361293e-02;6.627116e-02;1.161316e-02;7.683151e-02;1.125766e-01;2.151527e-02;1.457495e-02
6.786577e-02;1.470972e-01;2.753961e-01;8.507808e-02;4.290503e-02;9.598258e-02;3.223431e-02;2.576954e-02;1.353443e-01;5.264701e-02;2.040194e-02;1.927810e-02
1.312689e-01;1.319300e-01;1.858308e-01;1.150581e-01;7.081275e-02;8.533781e-02;2.808752e-02;5.119937e-02;1.248133e-01;2.463319e-02;3.108170e-02;1.994658e-02
1.493430e-01;9.850612e-02;1.743859e-01;1.238849e-01;9.335972e-02;4.438389e-02;5.502055e-02;6.843644e-02;6.172713e-02;5.074445e-02;4.660424e-02;3.360368e-02
1.134494e-01;7.423489e-02;1.556160e-01;1.326684e-01;8.131802e-02;6.896378e-02;7.562973e-02;5.264987e-02;6.354778e-02;5.529530e-02;6.425826e-02;6.236860e-02
4.727459e-02;6.525693e-02;1.875889e-01;9.005994e-02;7.138833e-02;8.766945e-02;5.140182e-02;5.631430e-02;6.533885e-02;1.183725e-01;1.006786e-01;5.865586e-02
4.566649e-02;6.082439e-02;1.595474e-01;8.147568e-02;7.195152e-02;6.733548e-02;1.519876e-01;5.559448e-02;7.374054e-02;1.228631e-01;7.739810e-02;3.161522e-02
4.037345e-02;8.457743e-02;1.291445e-01;8.165729e-02;8.270088e-02;6.569695e-02;2.631831e-01;3.802334e-02;6.157404e-02;8.579700e-02;4.329547e-02;2.397653e-02
7.373974e-02;7.442085e-02;1.378769e-01;4.838747e-02;1.206182e-01;9.075946e-02;2.554849e-01;3.001637e-02;4.719641e-02;6.017398e-02;3.269026e-02;2.863546e-02
7.795459e-02;3.910607e-02;2.591148e-01;6.270842e-02;1.125066e-01;9.009542e-02;1.623616e-01;3.019216e-02;3.675387e-02;6.339327e-02;4.498092e-02;2.083234e-02
9.467581e-02;6.386254e-02;3.779191e-01;5.100791e-02;7.771324e-02;6.014023e-02;1.007618e-01;2.603915e-02;3.911426e-02;5.342944e-02;3.345620e-02;2.188035e-02
1.187181e-01;8.188319e-02;3.541853e-01;4.043465e-02;6.687605e-02;5.812998e-02;8.721441e-02;3.987503e-02;2.835220e-02;5.165716e-02;3.090451e-02;4.176946e-02
9.477029e-02;5.815503e-02;2.437677e-01;7.483134e-02;8.491385e-02;8.168735e-02;1.448251e-01;4.059265e-02;2.855808e-02;4.292372e-02;5.711021e-02;4.786463e-02
6.432188e-02;4.961409e-02;1.998820e-01;9.640817e-02;1.030333e-01;9.076323e-02;1.644472e-01;3.772615e-02;3.104275e-02;6.152522e-02;6.279301e-02;3.844292e-02
3.641909e-02;6.692547e-02;1.958933e-01;1.080511e-01;1.070526e-01;8.002739e-02;1.235393e-01;4.702033e-02;4.585515e-02;8.410037e-02;5.341716e-02;5.169883e-02
5.081668e-02;6.740099e-02;1.565225e-01;9.561615e-02;1.296907e-01;7.128261e-02;1.006087e-01;4.833069e-02;7.035365e-02;7.831973e-02;6.818519e-02;6.287239e-02
6.057598e-02;5.897932e-02;2.505351e-01;9.650286e-02;1.052784e-01;7.661244e-02;9.223519e-02;3.476983e-02;7.577346e-02;4.882303e-02;6.137412e-02;3.854029e-02
6.657261e-02;7.380684e-02;2.219684e-01;9.207575e-02;9.484863e-02;7.226211e-02;1.339761e-01;3.822595e-02;6.071676e-02;6.405588e-02;5.141325e-02;3.007777e-02
6.365831e-02;8.068308e-02;1.638432e-01;1.077054e-01;8.341677e-02;5.792005e-02;1.842024e-01;4.513584e-02;5.207328e-02;8.190189e-02;3.940080e-02;4.005892e-02
8.800603e-02;9.093764e-02;1.349436e-01;1.424751e-01;7.404754e-02;4.904990e-02;1.134839e-01;4.328009e-02;7.820139e-02;8.474804e-02;6.625181e-02;3.457488e-02
9.327501e-02;1.020493e-01;1.940549e-01;1.233055e-01;7.011237e-02;3.919442e-02;8.379940e-02;3.553848e-02;8.377200e-02;4.859618e-02;7.371013e-02;5.259237e-02
1.002696e-01;7.933390e-02;2.098498e-01;7.235257e-02;5.689653e-02;3.841027e-02;1.322419e-01;3.155167e-02;7.300369e-02;5.467486e-02;8.686744e-02;6.454784e-02
8.269996e-02;7.118171e-02;1.887310e-01;6.402221e-02;6.698456e-02;5.567990e-02;1.285232e-01;4.287275e-02;6.292054e-02;8.496232e-02;8.658765e-02;6.483428e-02
5.929251e-02;7.801614e-02;1.816849e-01;5.407158e-02;7.067318e-02;5.030216e-02;1.210321e-01;6.514998e-02;5.069603e-02;1.171482e-01;8.164503e-02;7.028826e-02
7.746672e-02;5.274585e-02;1.793771e-01;6.592931e-02;4.324352e-02;3.473265e-02;1.041641e-01;7.352316e-02;6.961619e-02;1.563274e-01;7.932713e-02;6.354696e-02
9.426186e-02;5.590924e-02;1.365769e-01;4.132764e-02;5.271593e-02;4.178379e-02;8.701624e-02;9.042669e-02;8.503912e-02;1.462661e-01;7.578358e-02;9.289286e-02
1.358355e-01;5.197558e-02;9.387395e-02;4.053602e-02;4.854636e-02;4.682617e-02;7.034762e-02;8.995792e-02;6.841249e-02;1.106101e-01;8.101888e-02;1.620593e-01
1.321494e-01;4.876438e-02;7.676242e-02;3.720307e-02;4.951117e-02;4.254894e-02;7.125556e-02;5.739672e-02;4.869819e-02;8.068194e-02;8.266022e-02;2.723680e-01
1.078856e-01;5.872082e-02;6.956894e-02;4.178884e-02;3.844941e-02;4.313120e-02;7.141931e-02;3.058893e-02;5.623740e-02;7.205255e-02;6.174029e-02;3.484167e-01
6.632368e-02;6.386003e-02;1.064069e-01;4.892284e-02;4.054989e-02;7.368429e-02;8.234494e-02;7.370075e-02;7.707705e-02;5.276758e-02;6.871210e-02;2.456499e-01
7.376716e-02;5.785155e-02;1.701888e-01;5.089476e-02;6.241030e-02;6.189789e-02;1.226273e-01;6.529203e-02;4.842721e-02;1.007182e-01;1.287968e-01;5.712803e-02
1.104200e-01;7.051760e-02;1.268340e-01;4.181050e-02;4.955180e-02;5.332553e-02;8.045516e-02;7.377716e-02;8.436569e-02;1.301782e-01;1.368467e-01;4.191762e-02
1.220963e-01;8.953930e-02;6.992486e-02;3.349114e-02;3.681774e-02;5.444007e-02;9.369876e-02;7.461632e-02;1.047492e-01;1.421391e-01;1.171639e-01;6.132324e-02
8.940518e-02;1.108443e-01;1.599763e-01;2.267827e-02;2.833392e-02;5.376649e-02;7.959989e-02;6.527834e-02;1.270737e-01;1.068772e-01;8.078720e-02;7.537919e-02
4.646052e-02;8.630737e-02;2.681041e-01;2.036252e-02;2.220832e-02;3.106994e-02;6.455211e-02;2.951052e-02;1.016044e-01;2.189968e-01;5.722595e-02;5.359746e-02
3.881022e-02;4.501780e-02;3.593668e-01;3.288743e-02;1.980602e-02;1.270877e-02;6.560433e-02;1.180637e-02;4.283062e-02;3.086072e-01;4.272281e-02;1.983163e-02
3.614178e-02;1.422094e-02;4.272298e-01;4.617295e-02;1.765096e-02;6.623923e-03;7.355332e-02;7.174528e-03;2.119669e-02;3.103535e-01;3.236105e-02;7.320548e-03
4.445120e-02;5.200738e-02;4.211550e-01;5.662920e-02;2.034718e-02;1.350958e-02;9.089323e-02;9.547709e-03;1.826614e-02;2.387271e-01;2.695436e-02;7.511917e-03
5.537232e-02;9.583031e-02;3.930077e-01;5.079480e-02;3.526393e-02;3.466595e-02;1.099230e-01;1.749460e-02;1.830056e-02;1.527207e-01;2.180328e-02;1.482277e-02
1.098826e-02;1.322124e-01;4.140666e-01;4.757403e-02;4.493293e-02;9.437489e-02;8.218843e-02;2.212439e-02;3.864890e-02;7.841980e-02;1.529429e-02;1.917507e-02
4.757237e-02;1.581894e-01;4.301559e-01;5.113272e-02;1.650945e-02;1.189106e-01;3.896570e-02;1.601506e-02;5.848042e-02;3.624323e-02;1.443272e-02;1.339243e-02
8.908977e-02;1.697781e-01;4.389275e-01;4.024706e-02;7.175185e-03;9.032346e-02;3.035690e-02;1.593787e-02;4.734994e-02;4.175402e-02;1.649025e-02;1.256988e-02
1.298220e-01;1.429575e-01;4.277395e-01;3.070677e-02;1.961163e-02;4.484341e-02;4.126425e-02;2.497571e-02;3.838333e-02;6.175365e-02;2.050318e-02;1.743912e-02
1.218327e-01;7.943721e-02;4.494006e-01;3.494689e-02;3.329645e-02;3.304269e-02;6.983110e-02;2.769517e-02;2.950729e-02;7.493073e-02;2.688699e-02;1.919224e-02
7.634986e-02;4.961142e-02;4.297771e-01;3.999932e-02;4.760139e-02;7.241523e-02;8.988465e-02;1.914618e-02;2.471452e-02;8.398652e-02;4.068133e-02;2.583239e-02
9.880462e-02;7.418366e-02;3.776260e-01;3.252728e-02;3.654940e-02;7.866657e-02;8.286293e-02;2.242622e-02;2.237185e-02;1.071075e-01;3.336398e-02;3.351001e-02
1.373025e-01;1.062325e-01;3.302937e-01;3.275945e-02;3.258613e-02;4.938619e-02;4.448532e-02;2.948890e-02;4.243401e-02;1.306161e-01;3.503555e-02;2.937962e-02
1.303410e-01;1.328096e-01;3.230783e-01;3.712212e-02;2.141052e-02;2.525137e-02;9.006703e-02;2.856364e-02;4.564703e-02;1.111109e-01;3.299955e-02;2.159892e-02
7.607322e-02;8.138588e-02;2.534814e-01;6.138260e-02;5.674093e-02;5.129831e-02;1.032916e-01;8.688649e-02;4.455200e-02;9.609172e-02;6.135191e-02;2.746402e-02
7.059999e-02;3.330059e-02;1.800766e-01;5.990029e-02;7.572830e-02;9.022586e-02;1.345257e-01;1.102757e-01;5.244861e-02;1.010437e-01;6.245083e-02;2.942383e-02
6.873843e-02;7.148623e-02;2.885209e-01;6.973208e-02;5.990191e-02;8.995498e-02;1.315597e-01;7.049346e-02;3.644130e-02;5.905936e-02;3.460008e-02;1.951155e-02
5.326856e-02;7.912474e-02;4.396952e-01;7.003573e-02;3.592457e-02;6.920663e-02;1.174274e-01;2.884698e-02;2.368380e-02;5.898548e-02;1.264472e-02;1.115620e-02
2.182186e-02;6.427076e-02;5.872884e-01;5.658368e-02;2.158272e-02;3.444336e-02;1.040066e-01;9.457571e-03;1.152648e-02;7.547950e-02;9.143882e-03;4.395138e-03
1.585164e-02;5.371701e-02;6.734077e-01;2.744290e-02;1.174864e-02;1.293512e-02;1.030137e-01;6.246054e-03;4.208436e-03;8.503322e-02;4.003415e-03;2.392085e-03
9.375855e-03;3.725360e-02;6.514909e-01;2.721105e-02;8.323980e-03;4.980213e-03;1.471356e-01;1.398317e-02;7.445326e-03;8.587747e-02;2.953560e-03;3.969219e-03
1.843874e-02;2.260158e-02;5.758001e-01;4.827522e-02;9.917697e-03;3.447535e-03;1.559370e-01;5.971266e-02;1.388136e-02;7.470647e-02;1.390396e-02;3.377699e-03
2.370611e-02;1.146995e-02;5.214701e-01;6.429444e-02;7.439120e-03;4.713456e-03;1.113806e-01;1.176706e-01;2.790997e-02;6.037698e-02;4.659736e-02;2.971356e-03
3.886563e-02;4.295168e-02;4.547978e-01;8.484743e-02;1.734974e-02;1.312574e-02;7.643109e-02;8.206577e-02;3.489694e-02;3.896557e-02;1.017563e-01;1.394629e-02
5.867734e-02;7.116078e-02;4.203684e-01;7.489217e-02;3.016572e-02;2.495264e-02;7.512414e-02;2.821246e-02;3.217529e-02;3.815285e-02;1.164879e-01;2.963029e-02
5.402628e-02;5.215266e-02;4.863360e-01;4.924065e-02;4.773343e-02;3.112315e-02;8.022200e-02;3.237762e-02;2.535611e-02;2.995227e-02;7.969474e-02;3.178509e-02
4.580873e-02;2.415246e-02;5.871372e-01;7.382296e-02;5.007380e-02;1.921892e-02;7.366315e-02;3.364593e-02;1.603651e-02;4.282785e-02;2.104025e-02;1.257219e-02
5.636941e-02;2.979971e-02;5.984353e-01;7.119983e-02;3.352823e-02;7.994468e-03;7.311507e-02;3.343703e-02;1.863855e-02;4.729440e-02;2.335587e-02;6.832035e-03
6.812465e-02;2.585633e-02;5.743060e-01;6.609452e-02;3.996516e-02;9.946914e-03;6.877926e-02;1.798128e-02;3.213474e-02;4.548953e-02;4.234595e-02;8.975634e-03
5.033921e-02;3.375807e-02;4.575203e-01;7.945252e-02;6.050590e-02;3.048188e-02;5.424050e-02;3.536372e-02;7.202385e-02;4.297683e-02;7.047543e-02;1.286183e-02
4.908442e-02;5.401673e-02;2.686460e-01;1.265590e-01;8.060160e-02;5.175610e-02;2.523632e-02;6.609572e-02;7.862076e-02;3.638754e-02;1.491806e-01;1.381526e-02
2.743946e-02;5.370085e-02;1.962594e-01;1.673054e-01;7.369170e-02;5.415315e-02;3.435240e-02;9.366053e-02;3.735672e-02;2.814010e-02;2.230365e-01;1.090379e-02
1.161450e-02;3.636480e-02;2.156089e-01;1.749113e-01;6.034325e-02;4.447344e-02;4.463606e-02;9.021391e-02;1.563878e-02;6.236902e-02;2.317653e-01;1.206078e-02
1.753755e-02;3.434752e-02;2.679009e-01;1.422035e-01;4.909487e-02;5.314580e-02;8.804439e-02;5.318438e-02;2.585215e-02;9.598347e-02;1.654455e-01;7.259933e-03
4.099761e-02;6.309865e-02;2.536469e-01;9.900517e-02;5.300942e-02;9.398939e-02;1.037723e-01;3.214101e-02;4.722064e-02;1.058601e-01;8.839419e-02;1.886468e-02
8.312967e-02;9.262102e-02;2.372017e-01;7.533785e-02;8.448266e-02;1.107661e-01;7.376228e-02;5.112799e-02;6.427776e-02;7.580052e-02;2.522465e-02;2.626772e-02
1.121957e-01;6.559415e-02;2.130775e-01;9.237764e-02;1.352307e-01;6.352825e-02;6.346232e-02;7.680294e-02;5.661991e-02;2.798394e-02;7.403807e-02;1.908886e-02
7.904329e-02;1.069230e-01;1.241202e-01;7.082410e-02;1.157211e-01;1.065841e-01;6.704176e-02;7.929728e-02;1.229340e-01;3.947180e-02;7.264771e-02;1.539159e-02
2.594783e-02;1.063431e-01;2.532814e-01;3.869746e-02;3.431922e-02;1.520018e-01;6.239437e-02;4.979153e-02;1.639773e-01;6.731956e-02;3.761310e-02;8.313312e-03
8.477224e-03;5.668332e-02;3.535244e-01;4.133448e-02;1.893067e-02;1.172710e-01;8.563233e-02;3.512973e-02;1.165168e-01;1.333832e-01;2.575583e-02;7.360986e-03
1.201626e-02;2.749485e-02;4.032894e-01;4.851918e-02;1.691882e-02;6.511963e-02;1.037352e-01;2.819444e-02;6.155544e-02;1.924338e-01;3.590426e-02;4.818670e-03
1.976595e-02;1.665075e-02;3.948194e-01;4.063902e-02;1.621612e-02;3.765569e-02;1.192500e-01;3.670839e-02;4.998800e-02;2.215579e-01;3.999169e-02;6.757107e-03
2.397110e-02;1.090704e-02;3.327904e-01;2.102913e-02;2.405744e-02;2.350799e-02;1.370838e-01;3.198878e-02;5.800645e-02;3.014598e-01;2.846714e-02;6.730942e-03
1.726882e-02;2.034765e-02;2.858707e-01;1.164100e-02;3.011600e-02;9.441326e-03;1.102072e-01;1.410095e-02;3.321860e-02;4.303014e-01;3.154491e-02;5.941441e-03
3.478198e-02;2.114906e-02;2.774303e-01;1.383323e-02;3.282488e-02;6.060183e-03;6.817776e-02;8.859441e-03;4.319378e-02;4.629331e-01;2.184685e-02;8.909407e-03
8.065680e-02;2.793664e-02;3.005676e-01;9.612986e-03;3.666514e-02;9.946908e-03;4.632968e-02;1.163350e-02;6.991772e-02;3.803857e-01;1.319732e-02;1.314998e-02
9.482446e-02;4.016260e-02;3.657830e-01;1.092132e-02;3.555102e-02;8.000006e-03;3.910834e-02;1.239134e-02;9.413022e-02;2.758487e-01;1.306322e-02;1.021579e-02
5.011276e-02;6.326521e-02;4.918260e-01;1.269826e-02;2.334215e-02;8.123275e-03;3.027432e-02;1.104413e-02;9.536500e-02;1.957338e-01;1.228999e-02;5.925056e-03
2.672388e-02;1.057021e-01;5.567501e-01;1.381492e-02;1.994454e-02;9.096260e-03;2.054045e-02;1.438429e-02;7.940924e-02;1.372920e-01;9.134334e-03;7.208025e-03
2.834139e-02;1.417429e-01;5.197688e-01;1.992399e-02;2.512153e-02;7.831850e-03;1.718299e-02;1.995532e-02;7.187273e-02;1.304134e-01;5.844533e-03;1.200058e-02
1.615221e-02;1.582869e-01;5.216368e-01;2.724463e-02;2.085155e-02;7.084731e-03;9.194214e-03;1.888259e-02;6.766052e-02;1.351362e-01;5.792415e-03;1.207721e-02
2.738540e-02;1.503588e-01;5.227728e-01;2.551270e-02;2.421984e-02;1.015428e-02;8.873546e-03;2.079492e-02;5.343106e-02;1.334337e-01;5.999465e-03;1.706351e-02
2.838466e-02;1.311186e-01;5.453787e-01;2.942262e-02;2.143881e-02;1.228252e-02;1.519985e-02;2.680796e-02;3.869613e-02;1.261717e-01;9.602529e-03;1.549591e-02
1.178021e-02;1.089174e-01;5.464959e-01;2.565178e-02;2.406925e-02;1.288357e-02;1.878095e-02;3.241344e-02;3.395059e-02;1.507808e-01;1.329364e-02;2.098246e-02
1.318351e-02;1.247965e-01;4.709463e-01;1.867655e-02;1.603371e-02;2.120906e-02;2.080579e-02;4.807838e-02;4.582191e-02;1.494170e-01;1.325869e-02;5.777254e-02
1.654645e-02;1.293381e-01;3.318592e-01;1.139872e-02;1.100960e-02;3.003228e-02;1.418272e-02;6.027002e-02;1.280150e-01;1.330138e-01;1.207238e-02;1.222617e-01
3.930151e-02;1.467710e-01;1.877993e-01;1.220884e-02;8.612487e-03;4.806640e-02;5.381208e-03;5.300633e-02;2.418597e-01;9.332328e-02;2.443773e-02;1.392323e-01
8.486923e-02;1.705738e-01;1.136183e-01;1.369063e-02;1.408812e-02;6.045436e-02;1.616581e-02;5.989589e-02;2.770140e-01;6.499130e-02;3.353565e-02;9.110281e-02
1.308206e-01;1.731997e-01;1.229672e-01;1.750703e-02;2.614353e-02;5.291084e-02;4.998094e-02;9.265020e-02;2.006673e-01;4.929408e-02;3.541679e-02;4.844188e-02
1.443050e-01;1.585663e-01;1.591137e-01;2.442027e-02;3.935180e-02;4.088901e-02;1.008116e-01;1.135125e-01;8.717009e-02;5.439020e-02;3.506379e-02;4.240575e-02
1.020155e-01;9.944217e-02;1.593418e-01;4.128110e-02;3.727547e-02;3.213216e-02;1.568287e-01;6.553248e-02;1.107405e-01;7.785808e-02;3.715950e-02;8.039255e-02
1.304886e-01;9.655208e-02;1.191422e-01;3.766647e-02;3.388957e-02;4.339274e-02;1.812806e-01;5.110044e-02;6.423721e-02;7.184389e-02;7.110427e-02;9.930187e-02
1.231292e-01;7.295077e-02;8.452475e-02;2.064336e-02;3.815306e-02;9.944367e-02;1.225005e-01;6.153973e-02;9.759279e-02;7.213869e-02;1.156809e-01;9.170245e-02
6.566592e-02;7.412220e-02;8.242285e-02;2.832894e-02;3.691084e-02;1.304726e-01;6.810305e-02;9.834643e-02;8.588529e-02;1.197297e-01;1.410443e-01;6.896784e-02
4.351611e-02;7.764114e-02;4.403106e-02;3.594024e-02;9.449949e-02;7.896496e-02;5.734263e-02;1.340650e-01;6.324921e-02;1.875392e-01;1.238264e-01;5.938458e-02
3.851560e-02;9.237892e-02;4.584594e-02;2.403058e-02;1.403120e-01;2.799108e-02;3.024053e-02;1.110964e-01;5.947494e-02;2.353590e-01;1.162657e-01;7.848936e-02
4.891368e-02;1.054763e-01;3.861690e-02;2.579915e-02;1.267014e-01;2.367565e-02;2.720979e-02;8.445484e-02;7.625535e-02;2.480526e-01;1.176357e-01;7.720863e-02
2.038969e-02;1.051393e-01;2.921210e-02;4.781516e-02;8.473361e-02;3.060009e-02;6.767423e-02;8.369108e-02;8.145199e-02;2.517335e-01;1.492298e-01;4.832946e-02
2.923417e-02;6.248547e-02;3.548237e-02;5.809909e-02;5.606194e-02;7.220824e-02;1.236461e-01;4.591818e-02;7.111774e-02;2.131536e-01;1.918470e-01;4.074612e-02
3.872732e-02;3.711364e-02;5.636339e-02;3.841856e-02;2.767802e-02;1.703071e-01;1.357963e-01;2.775811e-02;6.161255e-02;1.453925e-01;2.164701e-01;4.436234e-02
5.218565e-02;2.274514e-02;8.572513e-02;2.053650e-02;5.761207e-02;2.237918e-01;9.961609e-02;2.751818e-02;5.779375e-02;8.547520e-02;2.044746e-01;6.252583e-02
7.889686e-02;2.970397e-02;7.842063e-02;2.334984e-02;9.615917e-02;1.593329e-01;1.007405e-01;2.061698e-02;4.350062e-02;8.445852e-02;1.702669e-01;1.145532e-01
1.672115e-01;4.732008e-02;1.164977e-01;3.274907e-02;5.703181e-02;6.758737e-02;1.346598e-01;3.141867e-02;4.048871e-02;8.153781e-02;9.540527e-02;1.280923e-01
2.617274e-01;9.556061e-02;1.486402e-01;2.012567e-02;4.432107e-02;7.145700e-02;9.964477e-02;3.708047e-02;4.154231e-02;5.879969e-02;4.257639e-02;7.852443e-02
2.787193e-01;1.651555e-01;1.980513e-01;1.228577e-02;4.444699e-02;6.643541e-02;9.216413e-02;2.440484e-02;2.968371e-02;3.103492e-02;2.525874e-02;3.235941e-02
1.928692e-01;2.097750e-01;3.287170e-01;1.834169e-02;2.453163e-02;7.531216e-02;7.164351e-02;1.786863e-02;2.572176e-02;1.653264e-02;1.226116e-02;6.425576e-03
9.265181e-02;1.759985e-01;4.852058e-01;2.273967e-02;1.480969e-02;9.734326e-02;3.145002e-02;2.643109e-02;1.781562e-02;1.387260e-02;9.035395e-03;1.264652e-02
5.113662e-03;1.029760e-01;6.202790e-01;3.061317e-02;4.096761e-02;5.624604e-02;7.096408e-02;1.811354e-02;1.206548e-02;2.467965e-02;8.440375e-03;9.541450e-03
2.618791e-02;5.500115e-02;6.346316e-01;4.220948e-02;5.004751e-02;1.855010e-02;1.106019e-01;5.910753e-03;1.767423e-02;2.659436e-02;8.990678e-03;3.600441e-03
3.199569e-02;2.607289e-02;6.222028e-01;6.718969e-02;5.319514e-02;2.015401e-02;9.967034e-02;5.432962e-03;3.842254e-02;2.021167e-02;1.074284e-02;4.709459e-03
2.216335e-02;2.934643e-02;5.898619e-01;1.018561e-01;6.174996e-02;2.910767e-02;5.745679e-02;6.814841e-03;5.598821e-02;2.279901e-02;1.721620e-02;5.639559e-03
2.016105e-02;2.396558e-02;5.105752e-01;1.437785e-01;7.378796e-02;9.230443e-02;2.993570e-02;1.126760e-02;4.486893e-02;2.041186e-02;2.510405e-02;3.839079e-03
2.099002e-02;2.413935e-02;3.823471e-01;1.824962e-01;8.899500e-02;1.917446e-01;1.931259e-02;2.374941e-02;1.908914e-02;1.285575e-02;2.878395e-02;5.496919e-03
1.380901e-02;2.039679e-02;3.252986e-01;2.240759e-01;9.774922e-02;2.103110e-01;2.096129e-02;3.958052e-02;8.384772e-03;6.840347e-03;2.834683e-02;4.245786e-03
1.239978e-02;1.813547e-02;3.139538e-01;2.810880e-01;1.060418e-01;1.509978e-01;1.583952e-02;4.805876e-02;6.583141e-03;5.879611e-03;3.620625e-02;4.816064e-03
3.299357e-02;1.671494e-02;3.267292e-01;2.839504e-01;1.108357e-01;8.553454e-02;2.182067e-02;3.843372e-02;3.314255e-03;1.213204e-02;5.482875e-02;1.271215e-02
5.408593e-02;2.305422e-02;3.850778e-01;2.000793e-01;8.218093e-02;5.694320e-02;6.401472e-02;2.182784e-02;7.751124e-03;2.642185e-02;5.891889e-02;1.964419e-02
3.963237e-02;2.323050e-02;5.176176e-01;1.137318e-01;2.757698e-02;4.197373e-02;1.029845e-01;1.542093e-02;1.859847e-02;3.804116e-02;4.056315e-02;2.062875e-02
3.134334e-02;1.883104e-02;6.270769e-01;5.415893e-02;4.671113e-02;2.785822e-02;8.905216e-02;1.193340e-02;1.042795e-02;5.585105e-02;1.930987e-02;7.445989e-03
3.515514e-02;2.112654e-02;6.599443e-01;6.327431e-02;4.698063e-02;1.449301e-02;5.879156e-02;8.967426e-03;6.105905e-03;7.266638e-02;9.275001e-03;3.219839e-03
2.554093e-02;1.812114e-02;6.647144e-01;7.314955e-02;5.707557e-02;1.331825e-02;5.146074e-02;6.398431e-03;4.837388e-03;7.577467e-02;7.661601e-03;1.947397e-03
1.762581e-02;2.146361e-02;6.592499e-01;5.014763e-02;6.721371e-02;1.410494e-02;5.144016e-02;6.949541e-03;5.666105e-03;8.791260e-02;1.510574e-02;3.120255e-03
2.880763e-02;4.251992e-02;5.378913e-01;5.136575e-02;7.341158e-02;2.182570e-02;6.557512e-02;1.110511e-02;8.572581e-03;1.162484e-01;2.851763e-02;1.415928e-02
5.140391e-02;4.298226e-02;4.167814e-01;7.114565e-02;6.938760e-02;2.873207e-02;9.317253e-02;9.358651e-03;1.530916e-02;1.512097e-01;3.338678e-02;1.713025e-02
5.396046e-02;2.539454e-02;4.431410e-01;6.511571e-02;3.896954e-02;1.518490e-02;8.507536e-02;7.570919e-03;1.121859e-02;1.851117e-01;5.882137e-02;1.043594e-02
3.978258e-02;2.954685e-02;4.833631e-01;3.818478e-02;1.882248e-02;4.195920e-03;5.833782e-02;5.367453e-03;1.289586e-02;2.501588e-01;5.228826e-02;7.056177e-03
2.968684e-02;7.271918e-02;4.851437e-01;2.095947e-02;1.629058e-02;4.311106e-03;3.158908e-02;5.957270e-03;2.930238e-02;2.611375e-01;2.658995e-02;1.631294e-02
4.756904e-02;1.279600e-01;4.660996e-01;2.269489e-02;1.251649e-02;1.155819e-02;1.882434e-02;1.075339e-02;5.160841e-02;1.715652e-01;1.558940e-02;4.326106e-02
9.325538e-02;1.588313e-01;3.730499e-01;2.883379e-02;1.444027e-02;2.177885e-02;1.502249e-02;1.886129e-02;8.316319e-02;7.544540e-02;3.351579e-02;8.380235e-02
1.416366e-01;1.339906e-01;2.466985e-01;2.812646e-02;2.055275e-02;2.048819e-02;1.779594e-02;3.133417e-02;9.982773e-02;9.242058e-02;8.040313e-02;8.672528e-02
1.370005e-01;1.108586e-01;2.760127e-01;2.356115e-02;2.226036e-02;1.425637e-02;2.489081e-02;4.831227e-02;7.558043e-02;9.473693e-02;1.021623e-01;7.036761e-02
7.174992e-02;1.007587e-01;3.287538e-01;2.626691e-02;2.157420e-02;1.804380e-02;2.239280e-02;4.385303e-02;7.605848e-02;1.219836e-01;8.674271e-02;8.182206e-02
1.091782e-01;1.057988e-01;2.772308e-01;3.407429e-02;2.799781e-02;2.598160e-02;3.490978e-02;2.357541e-02;8.957805e-02;1.394830e-01;7.653034e-02;5.566189e-02
1.278199e-01;1.278770e-01;2.176898e-01;4.703452e-02;3.938218e-02;6.459373e-02;8.360666e-02;2.406750e-02;5.682693e-02;1.007305e-01;6.628906e-02;4.408218e-02
9.338228e-02;1.112578e-01;2.655287e-01;8.367175e-02;5.968555e-02;9.018217e-02;5.784164e-02;2.272652e-02;6.649804e-02;4.833823e-02;5.504764e-02;4.583972e-02
4.942780e-02;5.463970e-02;3.840919e-01;8.471998e-02;7.649577e-02;5.009066e-02;6.728581e-02;2.002502e-02;9.094383e-02;5.377325e-02;3.496862e-02;3.353763e-02
4.439137e-02;2.807392e-02;4.753861e-01;7.787171e-02;6.976882e-02;4.038942e-02;6.713542e-02;1.243930e-02;8.495031e-02;6.310511e-02;1.993783e-02;1.655065e-02
3.511829e-02;2.139667e-02;5.359192e-01;7.121346e-02;5.026328e-02;5.570359e-02;6.428850e-02;9.894970e-03;7.251462e-02;6.468444e-02;1.201078e-02;6.992202e-03
2.240262e-02;3.296147e-02;5.347801e-01;4.494166e-02;3.920629e-02;6.193885e-02;1.106001e-01;2.676147e-02;5.752041e-02;5.587834e-02;8.144378e-03;4.864258e-03
2.203513e-02;7.492841e-02;5.166025e-01;2.308877e-02;3.128218e-02;4.804603e-02;1.365458e-01;5.148673e-02;3.869940e-02;4.079248e-02;5.368209e-03;1.112439e-02
2.193833e-02;1.067180e-01;5.483088e-01;2.925391e-02;2.518637e-02;5.571122e-02;7.353575e-02;5.701566e-02;3.441589e-02;2.520690e-02;6.577793e-03;1.613135e-02
2.306220e-02;1.211546e-01;6.073889e-01;3.079768e-02;1.393261e-02;5.179572e-02;2.904122e-02;5.432772e-02;3.233104e-02;1.493555e-02;4.005831e-03;1.722697e-02
3.419366e-02;1.201503e-01;6.283419e-01;3.138119e-02;1.090878e-02;6.085113e-02;1.246484e-02;4.214951e-02;2.966905e-02;8.081540e-03;5.231798e-03;1.657630e-02
3.892563e-02;1.126677e-01;5.975207e-01;3.257051e-02;1.970861e-02;6.741510e-02;3.391029e-02;2.786336e-02;2.887061e-02;1.263950e-02;1.241821e-02;1.548984e-02
3.624247e-02;1.082082e-01;5.639825e-01;3.358244e-02;3.588057e-02;5.742118e-02;5.099696e-02;2.580024e-02;2.988324e-02;1.744385e-02;2.204399e-02;1.851434e-02
6.469886e-02;9.018359e-02;5.370371e-01;2.909674e-02;4.066621e-02;3.867951e-02;4.876108e-02;2.773452e-02;4.385595e-02;2.519139e-02;3.235065e-02;2.174438e-02
6.520591e-02;7.746416e-02;5.018812e-01;4.480113e-02;4.378167e-02;3.319278e-02;5.868196e-02;3.106484e-02;5.145256e-02;4.368946e-02;2.772120e-02;2.106307e-02
3.368435e-02;1.116858e-01;4.789123e-01;5.377348e-02;5.467797e-02;3.606237e-02;3.657527e-02;5.227653e-02;5.337137e-02;3.736673e-02;2.753881e-02;2.407500e-02
6.019064e-02;1.476233e-01;3.851065e-01;4.599724e-02;4.881954e-02;3.219619e-02;6.413732e-02;5.696280e-02;6.043725e-02;3.485423e-02;3.502404e-02;2.865090e-02
8.923324e-02;1.606898e-01;3.715101e-01;3.801138e-02;4.146326e-02;3.621487e-02;7.213067e-02;4.385091e-02;5.693152e-02;3.642148e-02;3.223176e-02;2.131095e-02
6.465661e-02;1.267362e-01;4.198241e-01;4.641037e-02;5.700289e-02;3.974431e-02;6.171993e-02;3.041278e-02;5.732866e-02;4.688805e-02;3.148674e-02;1.778928e-02
7.537482e-02;8.400458e-02;2.894811e-01;4.927323e-02;6.176805e-02;5.435461e-02;8.958942e-02;3.565215e-02;7.378439e-02;7.641582e-02;5.435990e-02;5.594195e-02
8.414988e-02;4.696600e-02;1.042297e-01;6.710949e-02;9.323880e-02;8.738568e-02;1.395215e-01;5.712608e-02;7.719907e-02;7.589535e-02;7.907367e-02;8.810480e-02
7.967077e-02;4.003523e-02;1.377758e-01;6.181253e-02;8.679485e-02;8.679912e-02;1.227568e-01;5.990339e-02;9.042660e-02;7.365919e-02;8.127684e-02;7.908884e-02
8.059096e-02;4.416242e-02;1.261187e-01;5.771242e-02;5.695006e-02;9.985786e-02;1.553522e-01;5.756301e-02;8.751201e-02;7.976981e-02;8.829168e-02;6.611887e-02
4.466190e-02;2.641524e-02;7.993593e-02;3.732064e-02;7.984439e-02;1.011606e-01;4.380046e-01;5.307052e-02;3.953680e-02;4.248021e-02;3.822543e-02;1.934379e-02
2.963394e-02;1.090830e-02;6.215534e-02;2.625512e-02;1.142376e-01;1.217585e-01;5.017563e-01;5.166370e-02;2.827910e-02;2.939657e-02;1.319615e-02;1.075957e-02
1.715765e-02;4.944866e-03;4.571055e-02;1.828026e-02;1.484224e-01;1.636898e-01;4.874229e-01;4.695166e-02;2.526613e-02;2.831420e-02;5.765221e-03;8.074268e-03
2.241042e-02;4.637427e-03;5.069208e-02;1.474117e-02;1.726002e-01;1.848695e-01;4.390180e-01;5.073554e-02;2.167116e-02;2.752836e-02;4.644782e-03;6.451370e-03
3.009364e-02;6.660763e-03;2.551183e-02;1.436432e-02;1.599647e-01;1.986324e-01;4.305882e-01;9.092911e-02;8.996685e-03;2.563016e-02;4.147133e-03;4.481062e-03
4.187349e-02;4.179346e-03;2.785827e-02;1.156341e-02;1.457719e-01;2.376516e-01;4.009471e-01;9.027474e-02;9.191367e-03;2.475653e-02;3.365194e-03;2.566999e-03
4.616299e-02;7.473236e-03;7.303355e-02;1.191764e-02;1.489578e-01;2.351215e-01;3.667093e-01;5.517112e-02;1.762792e-02;1.947545e-02;3.795804e-03;1.455365e-02
3.077101e-02;1.748273e-02;1.433811e-01;1.903461e-02;1.723026e-01;1.847181e-01;3.049272e-01;2.097203e-02;4.346853e-02;1.146908e-02;5.848564e-03;4.562441e-02
3.444822e-02;3.344114e-02;1.747155e-01;3.319106e-02;2.082053e-01;1.308064e-01;1.814331e-01;1.787921e-02;7.862020e-02;9.537918e-03;8.836267e-03;8.888566e-02
4.659408e-02;2.836866e-02;1.918161e-01;5.070182e-02;2.440373e-01;8.932661e-02;7.902742e-02;2.116749e-02;8.077753e-02;1.156017e-02;1.659211e-02;1.400307e-01
2.829626e-02;4.530795e-02;2.157592e-01;5.911417e-02;2.548256e-01;7.539384e-02;5.070072e-02;2.769448e-02;4.875947e-02;1.199458e-02;3.594464e-02;1.462091e-01
2.598216e-02;4.025611e-02;1.984012e-01;5.036391e-02;2.524796e-01;8.962710e-02;5.815791e-02;1.961853e-02;5.512307e-02;6.609490e-03;4.105663e-02;1.623243e-01
2.853207e-02;2.493754e-02;1.314228e-01;3.363797e-02;2.251363e-01;9.652545e-02;1.367123e-01;1.210895e-02;8.973277e-02;1.166333e-02;2.132210e-02;1.882684e-01
8.542817e-02;4.074842e-02;9.674448e-02;2.500732e-02;1.935825e-01;1.167651e-01;1.774970e-01;2.070787e-02;7.092702e-02;2.256260e-02;9.155092e-03;1.408744e-01
1.518229e-01;3.156396e-02;5.369998e-02;1.716193e-02;1.588337e-01;1.445058e-01;2.316412e-01;5.683580e-02;3.064620e-02;4.132163e-02;7.559084e-03;7.440773e-02
1.533629e-01;1.286715e-02;6.949903e-02;1.498912e-02;1.438612e-01;1.566879e-01;2.650892e-01;7.496057e-02;1.230720e-02;4.947291e-02;7.815287e-03;3.908758e-02
1.059766e-01;8.652301e-03;1.502656e-01;2.346678e-02;1.526292e-01;1.421626e-01;2.713065e-01;5.253950e-02;2.614813e-02;3.559828e-02;7.601471e-03;2.365294e-02
