1.465414e-01;1.320161e-01;1.261162e-01;8.895507e-02;4.992648e-02;4.338251e-02;6.072133e-02;4.769965e-02;1.048234e-01;1.002399e-01;6.420471e-02;3.537330e-02
1.571161e-01;1.102571e-01;1.197140e-01;6.996744e-02;6.148302e-02;6.570292e-02;6.858893e-02;5.264835e-02;8.397391e-02;1.050670e-01;5.657194e-02;4.890920e-02
1.181128e-01;1.174561e-01;1.124265e-01;5.487542e-02;8.773419e-02;6.415433e-02;7.618729e-02;8.404547e-02;1.232667e-01;9.868468e-02;2.735273e-02;3.570377e-02
8.042194e-02;8.685060e-02;1.112255e-01;1.166706e-01;1.363827e-01;8.301458e-02;7.242233e-02;3.635712e-02;5.269354e-02;5.835189e-02;8.993641e-02;7.567278e-02
6.056152e-02;9.509727e-02;1.330066e-01;1.164443e-01;1.021800e-01;1.187751e-01;7.094529e-02;3.379095e-02;4.906856e-02;7.647215e-02;8.580571e-02;5.785260e-02
5.596632e-02;1.079708e-01;1.266353e-01;1.082596e-01;7.106869e-02;1.487658e-01;7.700192e-02;3.772718e-02;3.655333e-02;1.009095e-01;7.941630e-02;4.972531e-02
6.923313e-02;1.065074e-01;9.103798e-02;1.039920e-01;8.729849e-02;1.406586e-01;6.418534e-02;4.387093e-02;4.237451e-02;1.089063e-01;7.812376e-02;6.381156e-02
7.486819e-02;7.555985e-02;7.198247e-02;1.688453e-01;1.055505e-01;9.872806e-02;4.616757e-02;5.130072e-02;7.083242e-02;9.315171e-02;5.029508e-02;9.271812e-02
7.637125e-02;4.835050e-02;4.455931e-02;2.441492e-01;7.620145e-02;5.635653e-02;5.501205e-02;6.462472e-02;1.248043e-01;7.675456e-02;1.794428e-02;1.148718e-01
1.350552e-01;2.539586e-02;3.161159e-02;2.064356e-01;2.382499e-02;5.117537e-02;7.633364e-02;8.839110e-02;1.399167e-01;6.528775e-02;2.231112e-02;1.342611e-01
2.227198e-01;1.717314e-02;5.185723e-02;1.079301e-01;4.105159e-02;3.738718e-02;8.669227e-02;1.472834e-01;9.686850e-02;4.780630e-02;2.064656e-02;1.225839e-01
2.448161e-01;3.677724e-02;5.913395e-02;5.310338e-02;7.640889e-02;2.561957e-02;9.399905e-02;2.089329e-01;6.630363e-02;2.623986e-02;3.569886e-02;7.296662e-02
2.130781e-01;6.240630e-02;6.177089e-02;3.530168e-02;7.776008e-02;2.554839e-02;1.291453e-01;2.119084e-01;7.653692e-02;2.699012e-02;4.989834e-02;2.965544e-02
1.671469e-01;6.742687e-02;6.473348e-02;4.583661e-02;6.836780e-02;4.408006e-02;1.700320e-01;1.582118e-01;8.338007e-02;3.215476e-02;5.735123e-02;4.127842e-02
2.025578e-01;4.784963e-02;7.151148e-02;7.354280e-02;6.047236e-02;6.711975e-02;1.803156e-01;5.506623e-02;8.379632e-02;4.102642e-02;4.819446e-02;6.854718e-02
2.206254e-01;2.963254e-02;7.302240e-02;6.972832e-02;5.110414e-02;8.179664e-02;1.567838e-01;1.142123e-01;7.549795e-02;3.451068e-02;2.890483e-02;6.418099e-02
1.646397e-01;4.807058e-02;6.035420e-02;6.670003e-02;5.730952e-02;7.733213e-02;1.499025e-01;1.868653e-01;6.284958e-02;3.256743e-02;3.200139e-02;6.140756e-02
1.492430e-01;5.176182e-02;7.442314e-02;8.127779e-02;4.252137e-02;6.853220e-02;1.109087e-01;2.037159e-01;6.236064e-02;4.210060e-02;3.790433e-02;7.525051e-02
1.971208e-01;4.605084e-02;7.541192e-02;9.084598e-02;3.856323e-02;6.354273e-02;7.122716e-02;1.652350e-01;7.580281e-02;4.869082e-02;3.974171e-02;8.776694e-02
2.013977e-01;5.369003e-02;7.860231e-02;8.784839e-02;5.151990e-02;7.775285e-02;6.323329e-02;1.400195e-01;7.335391e-02;4.990006e-02;3.191786e-02;9.076414e-02
2.259146e-01;5.579558e-02;8.397451e-02;5.890190e-02;6.917170e-02;9.070899e-02;5.731715e-02;1.060699e-01;6.455107e-02;5.361405e-02;4.794183e-02;8.603872e-02
2.548205e-01;5.781327e-02;1.125466e-01;4.616844e-02;6.315544e-02;8.268580e-02;6.241379e-02;6.549807e-02;7.483094e-02;6.037905e-02;6.235020e-02;5.733795e-02
2.453933e-01;9.985427e-02;1.544165e-01;5.115487e-02;4.590271e-02;6.145573e-02;8.469621e-02;5.808485e-02;8.006021e-02;3.599098e-02;5.153476e-02;3.145558e-02
1.783706e-01;1.538253e-01;1.413975e-01;5.051764e-02;8.261523e-02;3.311875e-02;6.886734e-02;6.397367e-02;1.401379e-01;2.842569e-02;3.077325e-02;2.797715e-02
1.315728e-01;1.822428e-01;1.279602e-01;4.064332e-02;6.250815e-02;6.711478e-02;3.950913e-02;3.709536e-02;2.409486e-01;3.031839e-02;1.677923e-02;2.330727e-02
8.990912e-02;1.769784e-01;1.122823e-01;3.109718e-02;3.142847e-02;1.407723e-01;2.797942e-02;1.248034e-02;3.224678e-01;2.069212e-02;1.246023e-02;2.145237e-02
4.254741e-02;1.504614e-01;1.019298e-01;1.756344e-02;9.722877e-03;2.276386e-01;2.107374e-02;1.406021e-02;3.343691e-01;5.346123e-02;6.523897e-03;2.064837e-02
3.782869e-02;1.131712e-01;1.379584e-01;1.162468e-02;1.089843e-02;2.185207e-01;3.912795e-02;1.586065e-02;2.578422e-01;1.284198e-01;9.444818e-03;1.930244e-02
2.615851e-02;6.498432e-02;2.070914e-01;1.852327e-02;1.397805e-02;1.180053e-01;1.011399e-01;1.565373e-02;1.355224e-01;2.540858e-01;2.940611e-02;1.545125e-02
1.717303e-02;2.723112e-02;2.341891e-01;3.103327e-02;1.597768e-02;4.742657e-02;1.624994e-01;1.432944e-02;3.465318e-02;3.352069e-01;7.340246e-02;6.877874e-03
1.698562e-02;1.817608e-02;1.780360e-01;7.563540e-02;1.272649e-02;2.443070e-02;1.436337e-01;2.270261e-02;6.310894e-02;2.759743e-01;1.610034e-01;7.586818e-03
2.264629e-02;1.161235e-02;1.190748e-01;1.601807e-01;1.729157e-02;2.147211e-02;9.456417e-02;5.231541e-02;6.348737e-02;1.482507e-01;2.765858e-01;1.251879e-02
1.866711e-02;6.151082e-03;8.207121e-02;2.278663e-01;1.978718e-02;1.979366e-02;5.199005e-02;8.915700e-02;5.408468e-02;6.203215e-02;3.554439e-01;1.295570e-02
1.298849e-02;5.459241e-03;4.532689e-02;2.579359e-01;1.215628e-02;2.582189e-02;3.460229e-02;1.062261e-01;2.866533e-02;7.500975e-02;3.903067e-01;5.501082e-03
1.090876e-02;1.041420e-02;3.868633e-02;2.796822e-01;1.691421e-02;2.543048e-02;2.154098e-02;1.036786e-01;2.912823e-02;2.980321e-02;4.205214e-01;1.329143e-02
6.665274e-03;1.050675e-02;5.438424e-02;2.772190e-01;1.469802e-02;2.704375e-02;2.116461e-02;8.570253e-02;3.454762e-02;5.448256e-02;3.969234e-01;1.666226e-02
5.320323e-03;1.805440e-02;6.223375e-02;2.914804e-01;1.586473e-02;3.035390e-02;2.392893e-02;8.408576e-02;3.050771e-02;4.338866e-02;3.717386e-01;2.304280e-02
6.693896e-03;3.033008e-02;4.708063e-02;2.962762e-01;1.975892e-02;3.744533e-02;3.018911e-02;8.201718e-02;1.339232e-02;4.396462e-02;3.663853e-01;2.646641e-02
5.925102e-03;4.074209e-02;6.098288e-02;2.791441e-01;1.916383e-02;3.872394e-02;2.752549e-02;7.259995e-02;9.781415e-03;1.801513e-02;4.042142e-01;2.318191e-02
1.016964e-02;4.334592e-02;6.626938e-02;2.246540e-01;1.594784e-02;3.412636e-02;2.066532e-02;5.888099e-02;1.822424e-02;5.960325e-02;4.389080e-01;9.205033e-03
2.390329e-02;4.073218e-02;9.584177e-02;1.251963e-01;1.773887e-02;3.002321e-02;1.259923e-02;5.207149e-02;3.922942e-02;1.441517e-01;4.080990e-01;1.041353e-02
4.681901e-02;3.363254e-02;1.277926e-01;6.221063e-02;1.479980e-02;2.586112e-02;1.693885e-02;5.819711e-02;5.100660e-02;2.262771e-01;3.220209e-01;1.444373e-02
6.044444e-02;3.724847e-02;1.711605e-01;6.350732e-02;1.718454e-02;2.146107e-02;3.505813e-02;6.786101e-02;4.679073e-02;2.619382e-01;1.950230e-01;2.232256e-02
5.128063e-02;5.465509e-02;2.031518e-01;1.046757e-01;2.786162e-02;2.271807e-02;5.825816e-02;9.451782e-02;4.982047e-02;2.343059e-01;8.750939e-02;1.124529e-02
4.582474e-02;9.844388e-02;1.787194e-01;1.266878e-01;2.518839e-02;2.644902e-02;5.777699e-02;1.094966e-01;5.091127e-02;1.433845e-01;1.150243e-01;2.209312e-02
5.593574e-02;1.619435e-01;1.569320e-01;1.152826e-01;1.597484e-02;2.141030e-02;3.557044e-02;1.011049e-01;7.821957e-02;8.919074e-02;1.479163e-01;2.051922e-02
9.947138e-02;1.978207e-01;1.813246e-01;7.298829e-02;1.209737e-02;2.756165e-02;2.367784e-02;5.682114e-02;1.075160e-01;6.417683e-02;1.356661e-01;2.087810e-02
1.295629e-01;1.715031e-01;1.750663e-01;5.924744e-02;2.194772e-02;3.674012e-02;1.777875e-02;6.900556e-02;1.092056e-01;7.783092e-02;1.176046e-01;1.450702e-02
1.835073e-01;1.098053e-01;1.245227e-01;6.998230e-02;4.232220e-02;2.924886e-02;1.855084e-02;1.414791e-01;8.280376e-02;8.168595e-02;1.038993e-01;1.219236e-02
2.033204e-01;7.652061e-02;1.037709e-01;7.514106e-02;5.468498e-02;1.701566e-02;3.286487e-02;2.343909e-01;2.367938e-02;7.447128e-02;9.028272e-02;1.385731e-02
1.804643e-01;4.988580e-02;8.552509e-02;8.062304e-02;4.229564e-02;1.085111e-02;4.932813e-02;2.947742e-01;3.545784e-02;7.312476e-02;8.120476e-02;1.646538e-02
1.790782e-01;3.379172e-02;6.530828e-02;8.929306e-02;2.655522e-02;1.157748e-02;6.960310e-02;3.269358e-01;4.006675e-02;7.660624e-02;5.640934e-02;2.477480e-02
2.010165e-01;5.563815e-02;6.796802e-02;8.843441e-02;1.967388e-02;1.588070e-02;9.128738e-02;2.833640e-01;2.952224e-02;6.165530e-02;5.645474e-02;2.910465e-02
2.141761e-01;7.511803e-02;5.571057e-02;7.595163e-02;1.224603e-02;2.108706e-02;1.001545e-01;1.987277e-01;4.765242e-02;6.278608e-02;1.054002e-01;3.098971e-02
1.860513e-01;5.085289e-02;7.164797e-02;7.746648e-02;9.419144e-03;2.904982e-02;1.295464e-01;1.233920e-01;5.868334e-02;8.339313e-02;1.356525e-01;4.484492e-02
1.154376e-01;4.406531e-02;7.839365e-02;6.685352e-02;1.014706e-02;2.620956e-02;1.783673e-01;1.674202e-01;4.161683e-02;8.612368e-02;1.385687e-01;4.679652e-02
9.319901e-02;5.731113e-02;6.001225e-02;5.430734e-02;1.321034e-02;2.160671e-02;1.921926e-01;1.995271e-01;2.927399e-02;8.502921e-02;1.472404e-01;4.708992e-02
7.966555e-02;4.436090e-02;7.020984e-02;6.672426e-02;2.015341e-02;2.657736e-02;1.406263e-01;2.217380e-01;1.585195e-02;8.162607e-02;1.702087e-01;6.225770e-02
5.182580e-02;3.917497e-02;8.694427e-02;9.190818e-02;3.233280e-02;3.936781e-02;7.053805e-02;2.443096e-01;2.399931e-02;6.980637e-02;1.888587e-01;6.093409e-02
1.098855e-01;7.542323e-02;9.708642e-02;7.734096e-02;3.962618e-02;3.198667e-02;5.801278e-02;2.138380e-01;4.707259e-02;5.434769e-02;1.413171e-01;5.406287e-02
1.747316e-01;7.245038e-02;7.643786e-02;6.996224e-02;2.251623e-02;3.529420e-02;6.441084e-02;1.541348e-01;8.188812e-02;8.024987e-02;1.154403e-01;5.248361e-02
1.559062e-01;6.260346e-02;9.014244e-02;9.616183e-02;2.539717e-02;3.492266e-02;4.787257e-02;1.184099e-01;8.196985e-02;7.834811e-02;1.611758e-01;4.708995e-02
1.359508e-01;1.000894e-01;5.985107e-02;1.272665e-01;3.346599e-02;3.465930e-02;3.830036e-02;1.047376e-01;6.735981e-02;5.478768e-02;1.984732e-01;4.505820e-02
1.265555e-01;5.668431e-02;6.223191e-02;1.262297e-01;3.917695e-02;2.996076e-02;5.279646e-02;1.372014e-01;5.384338e-02;8.034959e-02;1.796999e-01;5.527022e-02
1.453676e-01;5.730480e-02;6.039492e-02;1.106834e-01;3.972332e-02;1.836662e-02;6.124699e-02;1.953363e-01;3.728020e-02;8.082554e-02;1.343063e-01;5.916400e-02
1.472258e-01;8.857585e-02;9.194103e-02;9.381987e-02;5.060283e-02;2.999423e-02;8.332346e-02;2.036609e-01;3.079432e-02;7.075138e-02;7.561083e-02;3.369949e-02
6.589387e-02;5.917349e-02;2.803332e-01;1.129935e-01;7.586464e-02;4.307728e-02;1.079391e-01;1.059567e-01;3.438054e-02;6.255868e-02;2.991392e-02;2.191514e-02
4.305025e-02;3.127142e-02;4.014843e-01;1.234061e-01;6.717119e-02;3.400823e-02;8.029211e-02;3.349612e-02;3.259876e-02;8.226841e-02;5.637121e-02;1.458182e-02
3.367199e-02;1.071829e-02;4.112624e-01;1.906596e-01;6.087188e-02;2.444945e-02;3.156780e-02;1.899256e-02;3.022313e-02;9.773050e-02;8.021773e-02;9.634676e-03
1.937444e-02;1.290275e-02;3.421974e-01;2.832610e-01;5.783032e-02;1.661367e-02;1.721174e-02;1.501198e-02;2.736932e-02;9.246134e-02;1.078960e-01;7.870025e-03
1.322063e-02;1.184416e-02;3.691641e-01;2.864174e-01;4.092330e-02;7.383825e-03;8.015603e-03;1.131883e-02;2.404021e-02;8.569266e-02;1.344830e-01;7.496291e-03
1.507953e-02;1.009896e-02;4.629882e-01;1.785080e-01;2.161236e-02;5.528752e-03;1.807932e-02;8.490123e-03;2.800850e-02;1.115344e-01;1.364068e-01;3.665082e-03
1.359956e-02;1.224937e-02;4.828006e-01;1.582889e-01;1.884596e-02;6.714291e-03;2.258236e-02;5.309143e-03;3.033026e-02;1.211631e-01;1.249234e-01;3.193126e-03
6.788134e-03;1.206644e-02;4.162100e-01;2.363645e-01;2.672554e-02;1.138009e-02;2.132891e-02;7.891427e-03;2.183537e-02;9.675614e-02;1.398050e-01;2.848589e-03
1.028000e-02;9.254619e-03;3.968847e-01;2.425040e-01;2.889664e-02;1.090897e-02;1.877347e-02;8.310643e-03;1.496394e-02;7.747737e-02;1.776667e-01;4.078865e-03
1.387075e-02;1.615421e-02;3.937668e-01;2.264278e-01;3.683987e-02;1.835716e-02;1.322499e-02;9.133479e-03;5.294809e-03;3.875311e-02;2.156034e-01;1.257369e-02
1.927886e-02;4.260947e-02;3.720297e-01;1.693850e-01;5.202844e-02;2.460976e-02;3.014839e-02;1.957383e-02;1.670547e-02;3.696633e-02;1.977874e-01;1.887735e-02
3.771452e-02;7.253908e-02;4.212953e-01;1.367213e-01;4.390635e-02;1.850780e-02;2.136495e-02;2.204656e-02;2.175129e-02;5.101048e-02;1.361722e-01;1.697014e-02
4.195789e-02;6.515584e-02;4.711198e-01;1.572178e-01;3.079731e-02;9.569565e-03;2.936753e-02;2.443714e-02;1.449286e-02;5.365805e-02;8.621138e-02;1.601476e-02
2.159979e-02;3.576617e-02;4.990997e-01;2.398947e-01;2.310322e-02;1.359497e-02;2.725305e-02;1.577827e-02;1.248669e-02;5.992519e-02;4.078121e-02;1.071705e-02
1.903630e-02;2.093901e-02;4.783007e-01;2.329480e-01;4.092374e-02;1.271494e-02;1.566159e-02;9.485026e-03;1.708742e-02;5.655211e-02;8.956788e-02;6.783288e-03
2.158987e-02;3.751718e-02;4.196104e-01;2.041893e-01;4.953973e-02;2.126187e-02;3.548079e-02;1.463706e-02;1.929212e-02;4.812743e-02;1.201900e-01;8.564216e-03
3.261404e-02;3.356957e-02;3.953670e-01;1.655201e-01;5.062580e-02;2.034819e-02;4.578058e-02;2.803141e-02;2.347668e-02;6.083388e-02;1.222474e-01;2.158534e-02
3.803974e-02;2.294259e-02;2.799968e-01;1.842822e-01;6.233864e-02;2.035200e-02;3.366479e-02;4.269965e-02;3.595401e-02;1.059700e-01;1.451357e-01;2.862385e-02
3.337079e-02;4.510175e-02;3.492174e-01;2.069091e-01;3.917650e-02;1.787409e-02;3.133498e-02;2.270156e-02;3.742656e-02;9.776080e-02;1.104938e-01;8.632684e-03
3.563834e-02;3.334823e-02;4.224804e-01;1.875323e-01;4.216786e-02;2.019459e-02;2.629690e-02;2.885437e-02;3.103992e-02;8.523327e-02;7.479905e-02;1.241480e-02
6.174063e-02;3.596300e-02;3.652756e-01;1.031594e-01;5.223684e-02;4.998640e-02;5.156680e-02;5.070227e-02;4.010645e-02;8.982416e-02;7.764120e-02;2.179729e-02
7.587663e-02;3.894475e-02;2.244452e-01;1.156150e-01;5.933823e-02;8.723959e-02;8.832095e-02;6.793853e-02;5.556121e-02;1.114202e-01;4.003053e-02;3.526921e-02
6.223885e-02;4.420559e-02;1.620413e-01;1.132115e-01;9.600488e-02;9.700133e-02;1.558906e-01;3.658793e-02;5.939590e-02;1.044618e-01;3.992141e-02;2.903896e-02
4.570891e-02;5.074146e-02;1.304340e-01;1.054310e-01;1.377566e-01;7.967735e-02;1.778223e-01;3.661275e-02;3.937311e-02;5.143950e-02;8.695864e-02;5.804430e-02
2.312927e-02;4.324814e-02;1.316041e-01;1.415118e-01;1.889000e-01;5.075882e-02;1.296459e-01;3.432710e-02;2.535872e-02;3.453038e-02;1.277326e-01;6.925319e-02
1.386890e-02;3.638989e-02;1.441980e-01;2.003791e-01;2.556133e-01;5.119397e-02;3.190898e-02;1.697168e-02;1.023492e-02;2.870425e-02;1.392027e-01;7.133426e-02
1.127199e-02;2.474380e-02;1.362462e-01;1.897545e-01;3.293328e-01;6.066500e-02;2.157523e-02;1.253858e-02;7.681054e-03;2.624617e-02;9.261250e-02;8.733222e-02
1.045384e-02;1.465698e-02;7.600673e-02;1.657594e-01;4.211485e-01;3.755901e-02;1.208418e-02;1.177192e-02;7.793895e-03;3.781388e-02;9.439421e-02;1.105575e-01
4.922333e-03;8.322891e-03;6.040125e-02;1.381350e-01;4.729518e-01;3.418415e-02;1.777507e-02;9.013116e-03;8.718669e-03;3.974574e-02;8.703993e-02;1.187900e-01
5.371355e-03;5.532373e-03;5.380134e-02;9.203240e-02;4.837651e-01;4.168081e-02;3.267288e-02;7.095736e-03;3.065332e-02;3.760004e-02;5.755132e-02;1.522434e-01
1.601887e-02;5.866919e-03;4.641720e-02;6.568831e-02;4.595149e-01;4.297331e-02;2.940712e-02;7.368028e-03;8.210554e-02;3.937053e-02;2.624144e-02;1.790278e-01
5.295900e-02;5.650274e-03;5.336270e-02;3.674300e-02;3.280492e-01;9.313376e-02;4.632352e-02;1.110301e-02;1.304883e-01;9.044719e-02;2.568236e-02;1.260578e-01
1.202224e-01;5.445958e-03;4.425881e-02;3.905050e-02;1.813456e-01;1.807522e-01;5.841218e-02;2.352555e-02;1.105139e-01;1.508599e-01;3.274520e-02;5.286777e-02
1.724117e-01;6.628069e-03;2.753715e-02;4.460052e-02;1.470692e-01;2.454366e-01;6.089365e-02;4.357905e-02;4.983498e-02;1.637946e-01;2.511216e-02;1.310226e-02
1.611622e-01;1.263660e-02;3.319789e-02;5.302979e-02;1.048645e-01;2.375145e-01;1.061863e-01;5.722775e-02;1.775569e-02;1.819069e-01;1.703909e-02;1.747881e-02
1.133371e-01;2.058897e-02;5.194705e-02;5.669925e-02;1.336553e-01;1.810015e-01;9.295455e-02;6.994411e-02;3.438691e-02;1.855635e-01;2.742195e-02;3.249981e-02
1.030342e-01;2.171870e-02;4.539398e-02;3.908087e-02;1.616127e-01;1.561565e-01;1.495255e-01;8.743675e-02;3.864967e-02;1.071186e-01;4.091503e-02;4.935750e-02
1.757960e-01;9.301132e-03;1.974992e-02;2.010244e-02;1.180191e-01;2.169096e-01;1.873367e-01;7.930940e-02;3.471359e-02;8.246531e-02;2.121137e-02;3.508548e-02
2.454704e-01;1.260993e-02;1.867333e-02;1.860134e-02;1.017352e-01;2.600420e-01;1.282653e-01;6.360733e-02;3.104438e-02;9.594477e-02;1.332391e-02;1.068219e-02
2.593702e-01;1.891608e-02;2.876893e-02;2.797036e-02;1.306228e-01;2.597517e-01;7.404894e-02;4.218920e-02;3.736151e-02;8.187613e-02;1.524431e-02;2.387992e-02
1.904937e-01;1.916667e-02;4.056447e-02;4.243129e-02;1.726616e-01;2.367560e-01;8.155254e-02;4.570851e-02;4.142900e-02;6.955567e-02;1.791107e-02;4.176953e-02
1.444807e-01;1.583825e-02;4.614083e-02;5.524543e-02;2.137097e-01;2.036531e-01;1.043648e-01;7.506584e-02;4.846393e-02;5.516182e-02;1.273080e-02;2.514482e-02
1.059004e-01;1.658351e-02;6.893807e-02;8.740911e-02;1.995178e-01;1.488373e-01;1.415493e-01;8.824725e-02;5.412399e-02;4.728564e-02;1.677806e-02;2.482951e-02
1.617800e-01;2.354964e-02;1.175156e-01;9.274134e-02;1.734892e-01;1.124725e-01;9.289931e-02;6.354428e-02;5.837575e-02;5.420513e-02;2.538477e-02;2.404252e-02
2.584307e-01;2.559610e-02;9.117225e-02;7.924601e-02;1.666092e-01;1.117024e-01;3.429698e-02;3.873046e-02;6.090444e-02;7.315551e-02;1.530927e-02;4.484671e-02
2.474810e-01;1.718957e-02;3.323109e-02;6.124430e-02;1.359438e-01;1.318072e-01;6.980450e-02;3.383565e-02;4.271366e-02;1.115100e-01;2.599625e-02;8.924310e-02
1.457014e-01;1.854524e-02;7.951403e-02;8.568756e-02;1.103889e-01;1.332405e-01;8.445462e-02;3.940256e-02;3.791982e-02;9.607746e-02;3.451343e-02;1.345545e-01
1.514839e-01;2.265166e-02;7.235191e-02;1.211632e-01;1.154674e-01;1.209560e-01;1.132125e-01;3.652602e-02;4.273720e-02;8.177270e-02;2.436164e-02;9.731589e-02
1.885347e-01;2.242541e-02;8.224683e-02;1.464533e-01;1.220179e-01;8.139427e-02;7.407319e-02;3.859640e-02;4.703691e-02;9.721855e-02;2.012638e-02;7.987621e-02
2.092430e-01;4.354718e-02;8.830005e-02;1.451670e-01;1.004149e-01;7.854620e-02;7.892302e-02;5.771914e-02;4.622230e-02;7.775152e-02;2.978431e-02;4.438129e-02
1.304754e-01;5.403511e-02;1.447139e-01;9.355174e-02;7.599337e-02;9.647991e-02;1.357695e-01;6.397812e-02;3.631674e-02;4.100040e-02;6.636288e-02;6.132290e-02
5.591056e-02;8.324942e-02;1.395694e-01;1.127117e-01;1.020588e-01;7.189595e-02;1.095069e-01;5.310218e-02;2.989100e-02;4.045308e-02;1.159961e-01;8.565494e-02
3.561564e-02;1.148701e-01;1.118194e-01;1.333903e-01;9.783490e-02;4.766775e-02;5.626143e-02;3.882618e-02;2.886740e-02;4.822100e-02;2.055839e-01;8.104199e-02
6.636452e-02;8.846497e-02;1.414796e-01;1.233848e-01;6.308676e-02;3.899001e-02;2.935953e-02;3.620723e-02;2.754208e-02;8.987539e-02;2.452467e-01;4.999839e-02
1.085701e-01;7.734936e-02;1.754788e-01;9.235980e-02;4.356807e-02;3.295660e-02;3.794098e-02;2.997453e-02;4.600232e-02;1.345413e-01;1.962615e-01;2.499662e-02
1.384064e-01;1.047034e-01;1.839141e-01;5.521807e-02;4.471518e-02;4.290648e-02;5.267266e-02;2.421059e-02;4.892797e-02;1.321115e-01;1.521960e-01;2.001766e-02
1.142659e-01;1.274204e-01;2.857024e-01;3.227831e-02;5.634382e-02;4.563017e-02;3.832231e-02;5.284193e-02;2.396681e-02;6.255299e-02;1.287798e-01;3.189510e-02
8.127967e-02;1.124218e-01;4.000483e-01;3.719677e-02;6.382727e-02;2.826140e-02;2.024907e-02;5.551562e-02;3.763813e-02;3.076464e-02;1.095039e-01;2.329341e-02
4.845994e-02;6.749839e-02;4.981260e-01;5.717130e-02;5.056157e-02;3.013604e-02;2.183913e-02;3.148943e-02;2.942487e-02;6.407227e-02;8.238566e-02;1.883536e-02
3.340260e-02;7.023533e-02;5.518538e-01;6.165076e-02;3.673718e-02;3.057164e-02;2.332352e-02;3.666631e-02;1.497791e-02;5.702788e-02;6.314395e-02;2.040914e-02
5.264899e-02;7.823577e-02;5.592037e-01;5.016657e-02;3.536462e-02;3.714484e-02;2.470737e-02;4.705064e-02;2.632203e-02;2.463528e-02;5.067652e-02;1.384361e-02
7.018624e-02;7.280876e-02;5.829968e-01;4.309034e-02;2.424076e-02;3.510826e-02;2.209362e-02;3.592630e-02;3.451467e-02;3.530861e-02;2.589893e-02;1.782664e-02
7.251815e-02;1.356993e-01;5.724962e-01;3.139654e-02;2.289630e-02;2.036246e-02;2.071724e-02;2.416248e-02;2.705958e-02;4.804940e-02;1.488480e-02;9.757574e-03
6.099560e-02;1.783378e-01;5.624284e-01;2.303976e-02;1.596036e-02;2.323053e-02;2.053377e-02;1.845591e-02;2.688922e-02;3.752676e-02;1.946713e-02;1.313483e-02
6.805371e-02;2.046217e-01;5.347440e-01;2.547381e-02;1.719826e-02;3.557283e-02;1.572633e-02;1.480332e-02;2.693252e-02;1.700932e-02;1.915830e-02;2.070596e-02
1.100774e-01;2.252871e-01;4.660755e-01;2.941400e-02;2.124125e-02;3.816931e-02;1.042054e-02;1.040125e-02;2.865935e-02;2.420995e-02;1.583921e-02;2.020515e-02
1.657936e-01;2.086240e-01;3.974536e-01;3.393729e-02;1.928385e-02;2.573248e-02;2.182331e-02;1.995466e-02;3.362123e-02;3.563764e-02;2.224522e-02;1.589314e-02
1.930772e-01;1.508507e-01;3.345105e-01;3.726445e-02;2.867648e-02;2.180727e-02;3.352612e-02;4.470979e-02;3.530521e-02;3.648673e-02;4.262197e-02;4.116350e-02
1.207247e-01;1.286752e-01;3.042294e-01;4.984422e-02;3.858609e-02;3.453887e-02;7.453508e-02;5.831151e-02;3.995448e-02;4.484049e-02;5.695323e-02;4.880670e-02
8.056602e-02;1.104638e-01;3.013932e-01;3.994070e-02;4.728733e-02;3.694986e-02;6.984370e-02;4.245709e-02;6.357124e-02;5.953245e-02;8.231355e-02;6.568104e-02
1.297376e-01;7.898153e-02;2.924305e-01;5.560765e-02;6.728035e-02;4.437913e-02;4.642426e-02;2.376539e-02;6.124083e-02;4.793312e-02;1.063644e-01;4.585521e-02
1.292058e-01;1.209408e-01;3.028228e-01;7.553966e-02;5.840537e-02;4.122417e-02;3.010596e-02;3.806599e-02;4.683927e-02;4.117021e-02;8.846071e-02;2.721924e-02
1.122195e-01;1.231251e-01;3.316182e-01;6.871561e-02;4.461592e-02;4.242524e-02;4.501583e-02;3.571722e-02;6.059549e-02;3.152586e-02;6.362803e-02;4.079799e-02
9.273022e-02;1.037704e-01;3.381097e-01;8.214155e-02;5.309219e-02;5.442164e-02;6.237967e-02;2.774982e-02;6.091554e-02;4.358637e-02;4.420232e-02;3.690058e-02
7.897219e-02;9.333848e-02;3.259424e-01;1.034475e-01;3.660739e-02;5.946236e-02;1.046019e-01;2.933236e-02;2.594610e-02;6.096539e-02;4.846891e-02;3.291507e-02
1.199245e-01;8.120406e-02;2.555802e-01;9.208534e-02;2.193046e-02;2.792678e-02;1.209029e-01;5.417413e-02;3.500250e-02;8.102933e-02;6.054925e-02;4.969056e-02
2.179955e-01;7.481005e-02;1.568844e-01;7.754222e-02;3.655965e-02;3.823246e-02;1.207721e-01;5.771488e-02;3.666691e-02;6.537215e-02;4.511415e-02;7.233557e-02
2.781222e-01;1.554832e-01;1.704109e-01;3.836900e-02;4.860728e-02;3.254316e-02;7.833344e-02;4.421316e-02;3.989382e-02;4.177587e-02;2.451252e-02;4.773541e-02
2.401990e-01;2.214420e-01;2.182678e-01;5.716653e-02;3.579801e-02;3.384326e-02;3.998331e-02;2.267904e-02;5.517665e-02;4.138458e-02;1.536420e-02;1.869566e-02
1.924579e-01;2.583675e-01;2.200663e-01;6.791188e-02;1.934352e-02;3.964515e-02;4.421996e-02;2.085964e-02;6.882172e-02;4.911549e-02;9.422543e-03;9.768332e-03
1.862707e-01;2.845253e-01;1.472229e-01;4.039906e-02;2.490262e-02;2.867738e-02;9.060172e-02;2.007432e-02;5.865225e-02;1.011068e-01;1.378853e-02;3.778481e-03
2.066311e-01;2.790528e-01;7.654044e-02;1.887334e-02;3.095690e-02;2.003221e-02;1.167845e-01;2.205108e-02;6.116677e-02;1.459591e-01;1.428286e-02;7.668924e-03
1.799956e-01;2.436848e-01;6.148181e-02;4.025107e-02;1.698481e-02;7.998730e-02;9.141660e-02;2.040461e-02;1.202555e-01;1.252272e-01;1.052384e-02;9.786849e-03
1.174275e-01;2.077683e-01;1.004417e-01;6.235558e-02;8.216742e-03;1.862431e-01;4.164724e-02;3.526633e-02;1.559760e-01;6.911545e-02;4.075886e-03;1.146619e-02
7.611540e-02;1.760641e-01;1.827041e-01;5.650736e-02;1.606574e-02;2.084983e-01;1.539998e-02;8.215164e-02;1.205908e-01;4.877111e-02;2.975469e-03;1.415605e-02
4.823266e-02;1.211862e-01;2.874367e-01;3.839041e-02;6.968028e-02;1.053468e-01;2.874502e-02;1.104868e-01;6.523136e-02;9.743154e-02;1.483737e-02;1.299477e-02
2.307556e-02;5.338522e-02;2.661085e-01;1.072704e-01;1.285962e-01;5.083260e-02;4.834069e-02;7.337771e-02;4.287910e-02;1.320012e-01;5.973399e-02;1.439888e-02
1.833552e-02;4.025676e-02;1.379737e-01;1.877872e-01;1.392950e-01;8.640131e-02;3.175355e-02;5.899925e-02;5.696580e-02;9.328701e-02;1.078825e-01;4.106237e-02
2.311002e-02;3.351047e-02;9.268078e-02;1.748543e-01;1.944335e-01;9.048533e-02;4.731156e-02;4.576940e-02;6.875417e-02;4.869952e-02;9.053675e-02;8.985420e-02
3.543180e-02;1.882867e-02;1.025281e-01;1.164913e-01;2.709977e-01;9.305604e-02;9.119657e-02;2.635448e-02;7.697584e-02;4.178411e-02;3.457586e-02;9.177951e-02
4.464962e-02;1.788790e-02;1.623837e-01;8.853646e-02;1.950078e-01;1.456714e-01;1.387087e-01;2.803277e-02;5.518604e-02;5.033386e-02;2.374102e-02;4.986072e-02
4.297813e-02;2.230912e-02;2.316764e-01;8.757480e-02;1.092610e-01;1.458135e-01;1.544941e-01;2.704260e-02;3.620689e-02;6.028347e-02;4.064431e-02;4.171561e-02
4.568574e-02;3.395646e-02;2.420215e-01;1.151469e-01;1.033562e-01;1.100594e-01;1.055391e-01;3.426404e-02;4.611748e-02;6.916458e-02;5.170250e-02;4.298612e-02
5.912152e-02;4.941752e-02;1.936957e-01;1.405706e-01;1.329142e-01;1.232450e-01;4.207804e-02;3.128233e-02;6.288981e-02;7.124621e-02;6.140382e-02;3.213522e-02
7.669356e-02;8.249247e-02;2.184945e-01;1.095268e-01;1.396396e-01;8.700487e-02;5.745101e-02;2.694204e-02;7.267524e-02;5.964050e-02;5.130862e-02;1.813080e-02
8.940176e-02;1.186907e-01;1.630654e-01;9.931936e-02;1.183369e-01;6.694956e-02;1.312031e-01;3.995477e-02;5.230139e-02;5.408024e-02;3.373428e-02;3.296257e-02
8.373698e-02;1.258324e-01;1.432735e-01;1.089681e-01;1.038478e-01;9.876182e-02;1.585037e-01;2.887492e-02;4.764457e-02;4.498140e-02;2.586341e-02;2.971128e-02
7.998605e-02;9.809896e-02;1.701468e-01;1.071479e-01;9.678876e-02;1.190285e-01;1.134424e-01;2.861384e-02;5.955776e-02;6.599100e-02;2.913628e-02;3.206186e-02
7.295346e-02;6.137921e-02;1.741598e-01;7.253448e-02;1.392649e-01;1.193626e-01;7.294495e-02;4.527416e-02;6.906425e-02;1.141263e-01;4.289793e-02;1.603795e-02
5.811105e-02;4.759311e-02;2.187857e-01;6.328990e-02;1.475879e-01;9.000766e-02;8.347381e-02;4.560722e-02;5.143144e-02;1.046714e-01;5.114671e-02;3.829411e-02
3.791539e-02;7.118241e-02;1.852580e-01;8.585872e-02;1.372245e-01;8.599539e-02;1.703677e-01;4.228592e-02;4.306605e-02;6.355747e-02;3.429351e-02;4.299492e-02
3.902123e-02;4.095487e-02;1.572094e-01;7.612196e-02;1.831612e-01;1.024545e-01;2.412558e-01;3.447639e-02;3.499965e-02;3.822636e-02;2.364168e-02;2.847697e-02
3.306537e-02;1.933551e-02;1.654628e-01;8.042859e-02;2.200556e-01;9.908343e-02;2.282597e-01;2.703505e-02;3.551465e-02;2.930261e-02;1.525232e-02;4.720449e-02
2.798071e-02;1.583390e-02;2.173236e-01;1.099082e-01;2.411386e-01;7.964259e-02;1.316110e-01;2.529218e-02;3.852348e-02;3.754396e-02;1.965629e-02;5.554558e-02
3.731399e-02;2.501085e-02;3.477895e-01;1.508763e-01;1.627120e-01;4.768098e-02;4.287734e-02;2.547540e-02;3.686751e-02;4.182018e-02;3.945109e-02;4.212486e-02
5.765256e-02;4.513033e-02;3.699864e-01;1.390805e-01;1.050370e-01;4.001852e-02;6.646254e-02;3.306360e-02;3.017732e-02;3.797114e-02;4.449422e-02;3.092581e-02
4.947957e-02;5.796193e-02;2.417659e-01;1.324935e-01;7.870321e-02;6.566470e-02;1.521869e-01;5.080686e-02;3.050941e-02;7.140548e-02;3.873290e-02;3.028964e-02
1.971525e-02;3.967724e-02;2.231976e-01;9.158255e-02;9.285163e-02;1.087315e-01;2.107314e-01;5.602331e-02;3.239698e-02;8.105877e-02;2.078642e-02;2.324722e-02
3.072960e-02;3.486197e-02;2.016080e-01;7.602917e-02;1.138277e-01;1.537018e-01;1.640294e-01;5.980919e-02;4.794678e-02;8.195438e-02;1.866834e-02;1.683364e-02
3.773881e-02;2.614782e-02;9.199160e-02;1.166122e-01;1.407370e-01;1.530724e-01;6.543102e-02;9.082884e-02;1.074922e-01;1.053656e-01;4.292660e-02;2.165599e-02
3.767224e-02;4.520304e-02;2.336630e-01;8.893634e-02;1.230793e-01;4.955611e-02;8.470577e-02;7.201818e-02;9.553975e-02;1.079517e-01;4.079455e-02;2.087998e-02
5.117225e-02;4.947697e-02;2.924974e-01;6.191350e-02;1.154606e-01;5.662135e-02;9.142019e-02;4.491043e-02;6.033773e-02;1.266391e-01;2.868252e-02;2.086796e-02
4.551464e-02;5.267281e-02;2.343610e-01;5.546612e-02;1.033989e-01;9.182806e-02;1.490622e-01;6.261012e-02;6.151672e-02;9.453125e-02;1.981326e-02;2.922489e-02
3.900018e-02;7.087034e-02;1.195465e-01;7.881606e-02;1.250695e-01;1.017165e-01;1.679658e-01;8.812959e-02;6.638722e-02;7.722165e-02;2.365630e-02;4.162044e-02
4.610329e-02;8.840057e-02;2.420973e-01;7.011188e-02;1.023139e-01;7.224879e-02;9.258139e-02;4.217121e-02;7.159384e-02;7.300708e-02;5.368638e-02;4.568439e-02
6.236096e-02;3.937003e-02;1.630370e-01;5.339845e-02;8.294703e-02;7.981589e-02;1.803938e-01;7.328603e-02;7.754651e-02;4.755896e-02;7.217946e-02;6.810579e-02
4.812470e-02;2.953115e-02;1.344449e-01;5.446962e-02;1.224144e-01;8.621601e-02;1.809912e-01;6.570216e-02;7.009983e-02;3.351359e-02;5.742804e-02;1.170644e-01
3.452352e-02;2.773469e-02;1.179373e-01;5.870793e-02;1.684729e-01;7.869555e-02;1.412010e-01;4.455246e-02;6.476862e-02;3.998848e-02;5.401223e-02;1.694054e-01
1.733810e-02;4.054059e-02;1.063205e-01;1.266592e-01;1.501749e-01;7.597845e-02;4.934234e-02;3.432496e-02;4.784528e-02;7.122155e-02;1.366100e-01;1.436440e-01
1.285914e-02;3.328232e-02;1.666951e-01;1.853094e-01;8.010648e-02;8.906087e-02;3.907583e-02;4.442099e-02;3.731277e-02;8.930043e-02;1.772857e-01;4.529098e-02
2.179932e-02;4.211271e-02;2.409527e-01;1.363199e-01;6.375204e-02;7.662424e-02;7.828843e-02;3.312555e-02;4.814815e-02;1.308746e-01;1.211838e-01;6.818488e-03
3.802923e-02;7.114692e-02;2.791213e-01;6.341043e-02;8.057953e-02;5.239036e-02;1.118366e-01;1.938088e-02;4.461852e-02;1.726859e-01;5.350178e-02;1.329842e-02
5.008481e-02;8.649843e-02;2.665930e-01;7.924726e-02;7.335673e-02;8.246940e-02;9.435655e-02;4.585662e-02;4.019055e-02;1.385668e-01;2.428850e-02;1.849130e-02
4.685935e-02;8.292839e-02;2.174979e-01;1.223317e-01;5.930907e-02;1.523259e-01;5.149218e-02;7.261797e-02;4.206453e-02;8.561521e-02;4.233626e-02;2.462153e-02
2.425427e-02;5.491300e-02;2.508061e-01;1.419044e-01;5.811437e-02;1.678485e-01;2.434484e-02;7.499298e-02;2.787142e-02;4.846997e-02;9.845188e-02;2.802825e-02
1.688647e-02;1.677159e-02;2.385282e-01;1.352001e-01;7.446073e-02;1.209815e-01;2.529831e-02;1.817973e-01;1.662533e-02;2.564937e-02;1.339453e-01;1.385562e-02
1.521017e-02;1.862423e-02;1.931790e-01;1.266923e-01;7.168287e-02;8.219882e-02;2.057968e-02;2.787641e-01;1.560875e-02;3.575477e-02;1.264546e-01;1.525063e-02
1.247862e-02;1.169135e-02;2.355949e-01;1.172105e-01;6.460590e-02;4.378298e-02;3.671131e-02;3.185753e-01;1.304834e-02;4.087891e-02;9.674171e-02;8.680246e-03
1.409758e-02;1.614810e-02;2.280076e-01;1.130058e-01;6.082921e-02;5.398699e-02;2.983066e-02;3.360538e-01;1.315127e-02;4.039669e-02;8.334383e-02;1.114839e-02
1.153117e-02;2.112267e-02;1.775786e-01;1.107173e-01;6.727672e-02;5.765548e-02;3.103366e-02;3.716331e-01;1.295450e-02;4.317672e-02;8.938341e-02;5.936659e-03
8.439094e-03;1.474997e-02;1.841239e-01;1.030290e-01;6.881852e-02;4.485502e-02;2.169455e-02;3.908437e-01;1.196603e-02;4.367360e-02;9.202950e-02;1.577713e-02
1.081161e-02;1.468169e-02;1.720301e-01;1.101908e-01;7.546685e-02;5.437865e-02;3.367488e-02;3.817155e-01;1.242956e-02;3.688753e-02;8.070427e-02;1.702844e-02
8.372549e-03;1.565575e-02;1.805772e-01;1.198360e-01;8.473536e-02;1.136733e-01;3.018879e-02;3.314782e-01;1.122342e-02;2.940903e-02;5.878100e-02;1.606938e-02
1.714183e-02;2.472911e-02;2.372649e-01;1.232638e-01;8.993770e-02;1.306369e-01;4.404562e-02;2.039685e-01;9.794038e-03;3.995683e-02;5.793390e-02;2.132685e-02
3.688122e-02;4.331543e-02;3.103501e-01;1.101554e-01;9.255639e-02;1.036103e-01;7.000300e-02;8.787768e-02;1.675783e-02;4.312448e-02;5.718002e-02;2.818802e-02
6.563210e-02;6.194334e-02;3.074088e-01;7.444979e-02;9.116976e-02;7.661556e-02;8.485294e-02;9.882431e-02;2.863209e-02;4.420458e-02;4.182564e-02;2.444104e-02
4.668423e-02;6.841810e-02;3.291872e-01;7.268317e-02;9.174264e-02;4.590023e-02;6.069629e-02;1.681094e-01;2.242914e-02;4.193447e-02;3.725325e-02;1.496187e-02
2.523259e-02;5.554433e-02;2.641427e-01;1.006487e-01;1.024439e-01;6.193775e-02;4.531730e-02;2.025532e-01;2.451498e-02;4.336197e-02;4.856149e-02;2.574113e-02
3.302152e-02;4.148271e-02;8.883629e-02;1.388605e-01;1.367779e-01;1.020460e-01;3.938176e-02;2.284632e-01;2.930765e-02;5.053667e-02;6.959143e-02;4.169432e-02
4.252386e-02;2.873147e-02;2.163301e-01;1.125379e-01;1.133112e-01;1.004056e-01;6.885284e-02;1.598757e-01;2.984598e-02;4.685730e-02;4.561403e-02;3.511398e-02
6.645120e-02;3.782855e-02;1.937278e-01;8.859503e-02;9.577713e-02;6.503219e-02;9.569019e-02;1.459668e-01;3.427669e-02;7.103867e-02;5.353968e-02;5.207603e-02
7.275254e-02;4.954213e-02;1.184431e-01;8.279575e-02;8.350258e-02;7.255413e-02;1.039834e-01;1.251238e-01;3.345314e-02;9.269557e-02;9.870154e-02;6.645240e-02
6.253324e-02;4.807405e-02;1.537772e-01;5.163765e-02;6.964971e-02;6.812765e-02;1.601757e-01;9.235220e-02;9.069361e-02;5.623866e-02;7.129933e-02;7.544100e-02
6.111388e-02;3.253020e-02;1.676143e-01;5.114667e-02;5.362794e-02;5.520743e-02;1.334126e-01;7.109825e-02;8.720009e-02;1.103369e-01;1.196761e-01;5.703564e-02
7.614146e-02;2.501518e-02;1.737480e-01;5.895392e-02;3.993852e-02;3.860488e-02;1.098959e-01;5.489147e-02;7.483672e-02;1.618024e-01;1.463256e-01;3.984603e-02
9.177743e-02;1.089525e-02;2.116465e-01;4.538433e-02;2.707523e-02;1.614803e-02;7.482252e-02;2.847471e-02;6.867984e-02;2.667239e-01;1.413607e-01;1.701152e-02
7.155541e-02;2.923464e-02;2.166659e-01;1.725345e-02;2.016548e-02;1.164509e-02;4.033346e-02;3.379619e-02;1.152787e-01;3.358934e-01;8.104090e-02;2.713730e-02
4.656333e-02;6.121936e-02;1.581727e-01;1.162522e-02;1.272725e-02;2.644527e-02;2.281378e-02;7.577945e-02;2.363108e-01;2.602462e-01;3.081552e-02;5.728116e-02
5.594386e-02;8.330305e-02;1.027958e-01;2.429191e-02;1.602237e-02;4.048517e-02;4.543033e-02;1.157673e-01;2.768213e-01;1.360667e-01;2.486230e-02;7.820988e-02
5.370669e-02;8.785859e-02;7.391045e-02;3.692023e-02;2.670124e-02;4.582435e-02;9.145781e-02;1.325621e-01;2.706539e-01;8.391502e-02;3.175594e-02;6.473371e-02
5.052932e-02;7.073302e-02;1.280636e-01;3.532299e-02;2.932611e-02;2.483808e-02;9.428489e-02;9.694791e-02;2.939724e-01;1.151139e-01;2.408963e-02;3.677823e-02
8.549561e-02;5.202510e-02;1.763238e-01;2.665389e-02;3.116142e-02;2.468928e-02;5.519304e-02;4.676003e-02;2.769197e-01;1.422032e-01;5.765906e-02;2.491586e-02
1.252112e-01;9.475719e-02;1.465154e-01;2.508628e-02;3.056822e-02;2.468864e-02;5.217752e-02;5.337220e-02;2.152537e-01;1.418809e-01;6.624593e-02;2.424281e-02
1.773743e-01;1.203662e-01;1.368786e-01;3.690467e-02;3.504251e-02;2.049719e-02;5.296502e-02;6.799038e-02;1.614753e-01;9.338359e-02;5.529442e-02;4.182792e-02
2.060196e-01;1.501729e-01;1.638580e-01;3.971748e-02;3.361510e-02;5.953142e-02;4.876808e-02;4.686512e-02;9.341867e-02;7.332659e-02;4.345765e-02;4.124941e-02
1.707935e-01;1.817946e-01;2.160357e-01;3.986758e-02;2.442215e-02;1.247802e-01;3.752053e-02;2.894077e-02;4.858103e-02;8.138061e-02;2.569055e-02;2.019269e-02
1.167458e-01;1.738168e-01;2.532791e-01;3.548684e-02;1.494366e-02;1.677510e-01;1.729956e-02;3.752981e-02;9.391341e-02;4.578360e-02;1.162010e-02;3.183041e-02
8.683275e-02;1.613201e-01;2.922927e-01;3.554684e-02;1.384961e-02;1.929343e-01;1.399632e-02;4.033870e-02;8.308398e-02;3.569842e-02;1.373025e-02;3.037605e-02
7.803810e-02;1.631652e-01;2.998153e-01;3.540375e-02;1.226202e-02;2.056871e-01;1.590470e-02;3.116785e-02;7.134513e-02;5.040975e-02;2.040878e-02;1.639233e-02
5.789962e-02;1.437688e-01;3.358573e-01;4.170312e-02;2.993169e-02;1.819195e-01;2.972610e-02;2.822067e-02;9.274347e-02;2.559311e-02;1.592053e-02;1.671601e-02
5.569519e-02;1.024102e-01;2.499731e-01;3.895097e-02;5.973157e-02;8.613873e-02;7.340629e-02;6.289457e-02;1.617355e-01;4.654607e-02;3.308785e-02;2.943001e-02
7.389131e-02;1.252856e-01;1.340036e-01;3.226695e-02;5.002083e-02;5.468365e-02;8.255177e-02;8.663286e-02;2.506965e-01;5.240655e-02;2.543429e-02;3.212605e-02
7.741255e-02;1.612081e-01;9.162378e-02;3.938190e-02;2.262422e-02;4.289129e-02;5.828990e-02;5.746781e-02;3.763465e-01;3.130842e-02;1.338601e-02;2.805958e-02
9.726497e-02;1.569777e-01;8.286881e-02;3.505541e-02;1.055885e-02;2.487392e-02;3.777428e-02;1.039149e-01;3.877388e-01;2.264854e-02;1.791064e-02;2.241319e-02
1.012988e-01;1.403724e-01;8.566878e-02;2.456182e-02;1.687306e-02;2.831453e-02;7.156416e-02;1.309724e-01;3.291724e-01;2.453110e-02;2.109818e-02;2.557226e-02
7.447757e-02;1.354861e-01;7.298438e-02;1.471121e-02;1.836225e-02;6.306975e-02;1.173673e-01;1.122105e-01;3.190525e-01;3.022041e-02;1.964907e-02;2.240909e-02
8.222526e-02;1.107362e-01;1.250200e-01;2.082660e-02;1.759993e-02;9.576894e-02;1.132969e-01;6.120800e-02;3.129883e-01;2.921323e-02;1.266419e-02;1.845250e-02
8.245545e-02;1.124286e-01;1.535539e-01;2.199712e-02;2.101806e-02;9.545477e-02;6.729215e-02;7.736202e-02;2.955813e-01;3.209846e-02;1.103146e-02;2.972662e-02
7.779497e-02;1.221615e-01;1.429745e-01;3.214849e-02;3.226839e-02;7.461254e-02;4.837748e-02;1.179244e-01;2.437556e-01;5.299387e-02;1.516979e-02;3.981838e-02
5.547984e-02;1.032328e-01;1.834634e-01;8.087598e-02;6.644086e-02;5.876576e-02;5.313901e-02;9.654457e-02;1.799511e-01;7.020493e-02;2.440148e-02;2.750026e-02
5.567971e-02;8.224898e-02;2.070370e-01;1.154165e-01;8.211544e-02;4.465078e-02;4.859720e-02;5.401773e-02;1.951744e-01;6.667377e-02;2.509727e-02;2.329127e-02
6.328451e-02;9.806763e-02;1.973408e-01;1.218906e-01;6.807587e-02;6.028103e-02;3.321411e-02;8.567648e-02;1.844927e-01;5.398512e-02;1.964892e-02;1.404224e-02
6.268228e-02;1.036588e-01;2.087790e-01;1.094424e-01;3.576775e-02;8.028876e-02;6.749543e-02;1.010109e-01;1.035656e-01;7.400387e-02;3.237768e-02;2.092766e-02
6.592984e-02;8.463961e-02;1.773483e-01;7.646547e-02;3.687247e-02;7.945614e-02;1.076384e-01;8.937308e-02;7.007802e-02;9.091460e-02;6.948082e-02;5.180326e-02
7.093425e-02;8.213531e-02;1.765142e-01;8.002577e-02;4.969050e-02;4.432143e-02;8.268497e-02;4.740569e-02;1.039454e-01;1.297039e-01;7.804637e-02;5.459229e-02
4.821933e-02;9.160685e-02;1.832103e-01;5.736360e-02;3.756690e-02;3.492191e-02;5.981512e-02;4.448400e-02;1.663095e-01;1.547053e-01;6.783686e-02;5.396035e-02
3.454014e-02;1.180565e-01;1.643646e-01;2.914062e-02;1.625492e-02;3.686728e-02;3.331109e-02;4.408288e-02;2.898917e-01;1.396240e-01;3.430264e-02;5.956361e-02
3.313491e-02;1.761435e-01;1.342357e-01;2.949730e-02;8.230081e-03;4.831341e-02;1.093552e-02;4.315996e-02;3.945220e-01;6.429766e-02;1.116152e-02;4.636840e-02
4.008337e-02;1.883512e-01;1.224011e-01;3.640669e-02;7.437342e-03;5.030743e-02;1.564958e-02;5.419555e-02;4.220320e-01;1.859457e-02;1.176284e-02;3.277832e-02
6.771196e-02;1.740872e-01;1.244090e-01;4.295015e-02;5.163634e-03;4.550941e-02;2.176557e-02;5.384850e-02;3.962151e-01;2.120158e-02;1.856142e-02;2.857655e-02
1.229242e-01;1.815916e-01;1.277573e-01;3.814766e-02;6.808846e-03;4.160019e-02;2.535601e-02;2.426458e-02;3.670388e-01;1.841895e-02;2.896106e-02;1.713067e-02
1.608293e-01;1.842891e-01;1.149881e-01;3.291845e-02;1.274483e-02;4.590737e-02;3.142551e-02;1.662148e-02;3.162351e-01;3.214955e-02;3.461653e-02;1.727462e-02
1.649311e-01;1.965556e-01;1.352876e-01;3.872954e-02;1.016619e-02;6.119493e-02;2.435248e-02;2.511001e-02;2.606633e-01;3.289103e-02;2.170550e-02;2.841272e-02
1.755742e-01;2.400915e-01;1.742872e-01;4.098897e-02;1.351339e-02;5.629701e-02;1.915155e-02;2.994565e-02;1.952743e-01;1.642173e-02;1.044839e-02;2.800620e-02
2.056063e-01;2.872137e-01;2.085315e-01;3.376709e-02;1.258223e-02;3.375090e-02;2.063698e-02;2.670985e-02;1.077773e-01;3.469520e-02;8.920472e-03;1.980846e-02
2.570861e-01;3.092233e-01;2.059086e-01;1.868047e-02;1.547609e-02;2.542538e-02;2.140941e-02;1.476227e-02;6.858867e-02;2.602592e-02;7.658118e-03;2.975567e-02
2.671711e-01;2.992314e-01;1.893979e-01;2.474342e-02;1.556739e-02;3.282076e-02;1.786239e-02;1.967373e-02;8.576430e-02;1.574561e-02;1.021184e-02;2.181018e-02
2.605129e-01;3.076992e-01;1.919134e-01;2.808440e-02;1.404932e-02;2.679714e-02;1.384566e-02;1.810806e-02;8.379855e-02;2.604804e-02;1.354646e-02;1.559687e-02
2.256214e-01;3.261594e-01;2.178725e-01;2.273495e-02;1.245637e-02;3.364142e-02;8.699441e-03;1.859362e-02;8.756917e-02;2.100878e-02;1.068389e-02;1.495908e-02
1.871616e-01;3.262759e-01;2.571266e-01;1.492314e-02;5.079462e-03;4.381659e-02;1.330015e-02;1.579498e-02;1.023925e-01;1.232406e-02;8.289501e-03;1.351550e-02
