2.059087e-02;6.705346e-02;1.174897e-01;6.223799e-02;7.394814e-02;2.341197e-01;1.038265e-01;9.882042e-02;6.799296e-02;5.744348e-02;6.589407e-02;3.058269e-02
1.966535e-02;6.427805e-02;1.520381e-01;1.595507e-01;1.072706e-01;1.275897e-01;7.523826e-02;8.549178e-02;7.688159e-02;4.561210e-02;6.363321e-02;2.275049e-02
1.903058e-02;6.014968e-02;1.353849e-01;2.342386e-01;1.646931e-01;9.463485e-02;6.178567e-02;6.673042e-02;5.605007e-02;2.100901e-02;6.848311e-02;1.781011e-02
2.402390e-02;6.328701e-02;1.146678e-01;2.832848e-01;1.914390e-01;9.601096e-02;4.799768e-02;4.519001e-02;3.274973e-02;1.353178e-02;6.398820e-02;2.382919e-02
2.608634e-02;6.695700e-02;7.558218e-02;3.095323e-01;2.109324e-01;9.966306e-02;2.340227e-02;3.963172e-02;2.136789e-02;1.968298e-02;5.103587e-02;5.612602e-02
2.417952e-02;6.129842e-02;5.603908e-02;2.182491e-01;2.129748e-01;1.934932e-01;4.007034e-02;3.549308e-02;2.238366e-02;2.479839e-02;4.447069e-02;6.654973e-02
2.535057e-02;4.094056e-02;6.079314e-02;1.188558e-01;1.581541e-01;3.131426e-01;8.676015e-02;4.533339e-02;2.196706e-02;4.307733e-02;4.014540e-02;4.547986e-02
2.422729e-02;2.764697e-02;3.185920e-02;5.335703e-02;9.011019e-02;4.226139e-01;1.456704e-01;6.258033e-02;2.453662e-02;6.460301e-02;2.620644e-02;2.658855e-02
1.587190e-02;3.108839e-02;3.021330e-02;2.306271e-02;5.085972e-02;4.549069e-01;1.659040e-01;1.141916e-01;3.512523e-02;4.517349e-02;1.256805e-02;2.103471e-02
1.568075e-02;3.232061e-02;7.132812e-02;4.229655e-02;3.203551e-02;3.713401e-01;1.517627e-01;1.523697e-01;4.644382e-02;2.278668e-02;3.319975e-02;2.843576e-02
2.741634e-02;5.935816e-02;8.808654e-02;5.990181e-02;5.717216e-02;1.867997e-01;1.625437e-01;1.786649e-01;6.450957e-02;3.754655e-02;4.283002e-02;3.517056e-02
1.964034e-02;6.920417e-02;9.502026e-02;6.715008e-02;1.077195e-01;2.202352e-01;1.325768e-01;1.213699e-01;6.008471e-02;4.548071e-02;3.929650e-02;2.222186e-02
1.556901e-02;6.910025e-02;8.087882e-02;1.006682e-01;1.494670e-01;2.465146e-01;8.572803e-02;9.147215e-02;3.930416e-02;4.146361e-02;5.923717e-02;2.059706e-02
1.456958e-02;7.473196e-02;8.208647e-02;1.782477e-01;1.872547e-01;1.216052e-01;7.812909e-02;9.784783e-02;2.560103e-02;3.435440e-02;6.728899e-02;3.828306e-02
1.925038e-02;6.995194e-02;5.895659e-02;1.970990e-01;1.288541e-01;1.318127e-01;8.757924e-02;1.212678e-01;4.052000e-02;3.514684e-02;4.847758e-02;6.108379e-02
2.639833e-02;8.045834e-02;1.021956e-01;1.691627e-01;1.130938e-01;1.561223e-01;6.896187e-02;1.018941e-01;5.317154e-02;3.387736e-02;3.349824e-02;6.116572e-02
3.041377e-02;5.760733e-02;8.681496e-02;1.352228e-01;1.697791e-01;2.319639e-01;6.970217e-02;6.573734e-02;5.685961e-02;3.152703e-02;2.536122e-02;3.901069e-02
2.981609e-02;4.930847e-02;8.316746e-02;1.168388e-01;1.618513e-01;2.539514e-01;6.767029e-02;8.101907e-02;5.905455e-02;4.136684e-02;3.172512e-02;2.423063e-02
3.056370e-02;7.242924e-02;1.055118e-01;1.001372e-01;1.225956e-01;2.052416e-01;8.010221e-02;9.915296e-02;4.202060e-02;6.529034e-02;5.072050e-02;2.623421e-02
3.122821e-02;8.424672e-02;1.576284e-01;8.862171e-02;1.312183e-01;1.799055e-01;6.622756e-02;8.151957e-02;4.499552e-02;5.192011e-02;5.573111e-02;2.675726e-02
1.762694e-02;8.401071e-02;2.118856e-01;9.890043e-02;1.345449e-01;2.143507e-01;2.064927e-02;8.439168e-02;3.882707e-02;2.959523e-02;3.689221e-02;2.832532e-02
1.067071e-02;7.200409e-02;1.963898e-01;1.244036e-01;1.130985e-01;2.498449e-01;4.029285e-02;5.947736e-02;4.898098e-02;3.825064e-02;1.262680e-02;3.395975e-02
7.871601e-03;3.114276e-02;8.625926e-02;1.156116e-01;7.184205e-02;4.328553e-01;5.814999e-02;5.113462e-02;4.889687e-02;3.899572e-02;1.131071e-02;4.592948e-02
6.674027e-03;3.811667e-02;1.309791e-01;1.271875e-01;1.247128e-01;3.596898e-01;4.066469e-02;4.848368e-02;2.690338e-02;4.400649e-02;1.108391e-02;4.149796e-02
5.469338e-03;3.781907e-02;1.324153e-01;1.595819e-01;1.713372e-01;2.733541e-01;3.028120e-02;3.252708e-02;1.914144e-02;8.827770e-02;1.989548e-02;2.990028e-02
4.154235e-03;2.392501e-02;1.101025e-01;1.612345e-01;1.547110e-01;2.839819e-01;3.510588e-02;3.863519e-02;2.032129e-02;1.166666e-01;3.014483e-02;2.101708e-02
5.720285e-03;4.535133e-02;1.452419e-01;1.277889e-01;1.197759e-01;2.923951e-01;3.372039e-02;5.586960e-02;3.004009e-02;9.275348e-02;3.579655e-02;1.554652e-02
1.035198e-02;8.969656e-02;1.607948e-01;7.421471e-02;1.071918e-01;3.250492e-01;1.437941e-02;7.151143e-02;4.197983e-02;5.640986e-02;3.455007e-02;1.387036e-02
2.017806e-02;1.247188e-01;1.144911e-01;3.608109e-02;1.129269e-01;3.334421e-01;4.688715e-02;8.770718e-02;4.754806e-02;3.709231e-02;3.124500e-02;7.682317e-03
2.509139e-02;1.336594e-01;1.606919e-01;7.568985e-02;1.301404e-01;2.206652e-01;7.254298e-02;8.154144e-02;3.238442e-02;3.205189e-02;1.783995e-02;1.770116e-02
1.729643e-02;1.250799e-01;2.258040e-01;9.440440e-02;1.190009e-01;1.503956e-01;6.442418e-02;7.641228e-02;3.492598e-02;5.542706e-02;2.242451e-02;1.440483e-02
9.048168e-03;1.016106e-01;2.269451e-01;8.897624e-02;8.256416e-02;2.178777e-01;5.954914e-02;5.428257e-02;3.292414e-02;8.318111e-02;2.966709e-02;1.337393e-02
9.048401e-03;6.732224e-02;1.477933e-01;5.063460e-02;8.317528e-02;3.298572e-01;6.525982e-02;3.806990e-02;7.777881e-02;8.202049e-02;2.188244e-02;2.715751e-02
6.270182e-03;3.210777e-02;6.627845e-02;2.290018e-02;9.564632e-02;4.781288e-01;5.263947e-02;3.341099e-02;1.336956e-01;3.402503e-02;1.085101e-02;3.404626e-02
5.981319e-03;3.364630e-02;1.219811e-01;4.389844e-02;9.206507e-02;4.720452e-01;3.551748e-02;2.893385e-02;1.183287e-01;1.157790e-02;7.112163e-03;2.891240e-02
6.099836e-03;2.995465e-02;8.980921e-02;5.547627e-02;1.017577e-01;4.676399e-01;4.589951e-02;1.317939e-02;1.300203e-01;1.335204e-02;1.118449e-02;3.562671e-02
5.145320e-03;3.251655e-02;6.281336e-02;4.142335e-02;8.722888e-02;4.854673e-01;5.574903e-02;1.199687e-02;1.556152e-01;1.573364e-02;1.081326e-02;3.549722e-02
5.198586e-03;3.035513e-02;1.040105e-01;2.761224e-02;7.865699e-02;4.519535e-01;4.744857e-02;3.629699e-02;1.467720e-01;2.650197e-02;5.887549e-03;3.930592e-02
6.424697e-03;2.682631e-02;8.412287e-02;1.863721e-02;1.167329e-01;4.101500e-01;4.778231e-02;3.520740e-02;1.517353e-01;4.412752e-02;5.345561e-03;5.290789e-02
1.008649e-02;2.870767e-02;3.099690e-02;3.511767e-02;1.719543e-01;3.880185e-01;5.738483e-02;3.241589e-02;1.268865e-01;4.265756e-02;8.403536e-03;6.737015e-02
7.819145e-03;2.911403e-02;8.382452e-02;8.591217e-02;1.989368e-01;3.070531e-01;5.650805e-02;3.847651e-02;8.277091e-02;3.171279e-02;1.014818e-02;6.772369e-02
1.135558e-02;4.227474e-02;1.024114e-01;1.150759e-01;1.991345e-01;2.445676e-01;3.562341e-02;4.538329e-02;7.668921e-02;2.890925e-02;3.938337e-02;5.919171e-02
1.187361e-02;3.871540e-02;9.665527e-02;1.237421e-01;1.891542e-01;2.354517e-01;2.757562e-02;5.808559e-02;4.284231e-02;3.101047e-02;1.023329e-01;4.256081e-02
5.655888e-03;3.513243e-02;1.278388e-01;1.238104e-01;1.547659e-01;2.190673e-01;2.934216e-02;9.411739e-02;3.045627e-02;3.150691e-02;1.257919e-01;2.251471e-02
4.610285e-03;3.595806e-02;1.535874e-01;1.752835e-01;1.533740e-01;1.703483e-01;2.414971e-02;9.930455e-02;2.791544e-02;2.399071e-02;1.208435e-01;1.063452e-02
3.811273e-03;2.924011e-02;1.829530e-01;2.353489e-01;1.458017e-01;1.278543e-01;1.512465e-02;9.509494e-02;1.819910e-02;1.574015e-02;1.224566e-01;8.375426e-03
5.964916e-03;3.784207e-02;2.162001e-01;2.532098e-01;9.267147e-02;9.496961e-02;3.288129e-02;9.728146e-02;8.475667e-03;1.547816e-02;1.351006e-01;9.924768e-03
7.687887e-03;5.215785e-02;2.992612e-01;2.608805e-01;1.450275e-02;3.486582e-02;4.376554e-02;8.614474e-02;1.466702e-02;1.955999e-02;1.484452e-01;1.806148e-02
1.401384e-02;9.484436e-02;2.958387e-01;1.939234e-01;5.631835e-02;1.009074e-01;2.619564e-02;6.662562e-02;2.318039e-02;1.182453e-02;9.165928e-02;2.466853e-02
1.543096e-02;1.246337e-01;3.077359e-01;1.554857e-01;4.726267e-02;1.539572e-01;2.261802e-02;5.777820e-02;3.616607e-02;1.000286e-02;4.895478e-02;1.997383e-02
1.014547e-02;1.145148e-01;3.159224e-01;9.824279e-02;6.864666e-02;1.993081e-01;2.590564e-02;5.518826e-02;3.709722e-02;1.303437e-02;5.078694e-02;1.120729e-02
6.203718e-03;1.069043e-01;3.463884e-01;4.941138e-02;8.444236e-02;2.326505e-01;1.650441e-02;3.267352e-02;4.519840e-02;8.128423e-03;6.763912e-02;3.855551e-03
7.855216e-03;9.786957e-02;3.586620e-01;6.472508e-02;7.818604e-02;1.715201e-01;9.050434e-03;4.386023e-02;5.207281e-02;1.436628e-02;9.246721e-02;9.365004e-03
9.851732e-03;8.404296e-02;3.298889e-01;6.213646e-02;6.337476e-02;1.540458e-01;2.495963e-02;8.895639e-02;4.714881e-02;1.638009e-02;1.034259e-01;1.578854e-02
7.039307e-03;5.158465e-02;2.221220e-01;9.069426e-02;7.641449e-02;2.271715e-01;2.904357e-02;1.147966e-01;3.579744e-02;2.588577e-02;1.043340e-01;1.511642e-02
3.953582e-03;3.846059e-02;1.721341e-01;1.303236e-01;1.214916e-01;2.573027e-01;2.165771e-02;8.932126e-02;1.891523e-02;2.092630e-02;9.365119e-02;3.186220e-02
2.584380e-03;2.846013e-02;1.434065e-01;1.770751e-01;1.645139e-01;2.622007e-01;1.723506e-02;4.594995e-02;1.217956e-02;1.210991e-02;6.836703e-02;6.591785e-02
4.954754e-03;3.664622e-02;1.545245e-01;1.763755e-01;1.614690e-01;2.684713e-01;2.448114e-02;2.615401e-02;1.624277e-02;1.029747e-02;4.165560e-02;7.872774e-02
9.327925e-03;5.216702e-02;2.248441e-01;1.657558e-01;1.172631e-01;1.794235e-01;3.564518e-02;5.940456e-02;1.837962e-02;1.811633e-02;4.228920e-02;7.738369e-02
1.607200e-02;8.307979e-02;2.730844e-01;1.739240e-01;5.023525e-02;1.293368e-01;3.523239e-02;1.088803e-01;1.884305e-02;1.150582e-02;6.048793e-02;3.931827e-02
1.431450e-02;6.164420e-02;2.681299e-01;2.069114e-01;8.519841e-02;1.087950e-01;2.202390e-02;1.357823e-01;2.224537e-02;1.102080e-02;5.174978e-02;1.218441e-02
1.335122e-02;9.995261e-02;3.009737e-01;2.136674e-01;7.860264e-02;7.915388e-02;1.507140e-02;1.196325e-01;2.741304e-02;1.325511e-02;2.364332e-02;1.528315e-02
1.024975e-02;7.257704e-02;2.454124e-01;1.654862e-01;8.749087e-02;1.747564e-01;1.845902e-02;1.206567e-01;3.511901e-02;1.508012e-02;3.082079e-02;2.389173e-02
1.951642e-02;7.422028e-02;1.766579e-01;1.088291e-01;1.239091e-01;2.090308e-01;2.925944e-02;9.376299e-02;5.227350e-02;2.694157e-02;4.442019e-02;4.117871e-02
1.394282e-02;4.788133e-02;1.055378e-01;1.255738e-01;1.575620e-01;1.790102e-01;2.567091e-02;8.511694e-02;5.000954e-02;3.403590e-02;6.849022e-02;1.071686e-01
1.339433e-02;3.976614e-02;8.648404e-02;1.411000e-01;2.137152e-01;1.418571e-01;2.154312e-02;4.880833e-02;3.248120e-02;2.076999e-02;5.256608e-02;1.875145e-01
2.360320e-02;3.797047e-02;8.740791e-02;1.355391e-01;2.629763e-01;1.690060e-01;2.017798e-02;2.286977e-02;2.280777e-02;6.930587e-03;1.511932e-02;1.955917e-01
2.199387e-02;2.435540e-02;1.107504e-01;1.531985e-01;2.569718e-01;2.024437e-01;1.824928e-02;2.770067e-02;2.471721e-02;8.929998e-03;1.319415e-02;1.374950e-01
2.426899e-02;5.771934e-02;1.788106e-01;1.691077e-01;2.058090e-01;1.314239e-01;2.675104e-02;5.010133e-02;3.107390e-02;1.604338e-02;1.803056e-02;9.086034e-02
3.752809e-02;8.935753e-02;2.315483e-01;1.323894e-01;1.234657e-01;1.925370e-01;1.604523e-02;6.514131e-02;3.551439e-02;1.674358e-02;1.507294e-02;4.465664e-02
4.731742e-02;1.176282e-01;2.015826e-01;4.781909e-02;9.649125e-02;2.060776e-01;2.973562e-02;5.291912e-02;7.184398e-02;4.407447e-02;3.473196e-02;4.977870e-02
4.343059e-02;9.187260e-02;1.072053e-01;5.070999e-02;7.608078e-02;3.671348e-01;3.342842e-02;4.060534e-02;6.498578e-02;5.145188e-02;2.967648e-02;4.341799e-02
4.393522e-02;6.899998e-02;1.178873e-01;3.778140e-02;3.988059e-02;4.991204e-01;2.754287e-02;6.402368e-02;3.010989e-02;2.786485e-02;2.153459e-02;2.131919e-02
3.984239e-02;5.630274e-02;9.395816e-02;2.097692e-02;5.194904e-02;5.294685e-01;2.805987e-02;8.255246e-02;2.255247e-02;2.838506e-02;2.759028e-02;1.836218e-02
2.906471e-02;7.396059e-02;1.082704e-01;6.370044e-02;7.950856e-02;4.018962e-01;2.916682e-02;8.008011e-02;3.842749e-02;2.864364e-02;3.319069e-02;3.409033e-02
2.270771e-02;1.097442e-01;2.383023e-01;1.090587e-01;9.031784e-02;2.243608e-01;2.010660e-02;5.865603e-02;2.419843e-02;2.385782e-02;2.527470e-02;5.341496e-02
2.260823e-02;1.194499e-01;2.960171e-01;1.152036e-01;1.240469e-01;1.670329e-01;1.470790e-02;3.448573e-02;1.579557e-02;3.455235e-02;1.217121e-02;4.392865e-02
2.672816e-02;1.347845e-01;2.929179e-01;1.180232e-01;1.581417e-01;1.083423e-01;1.784900e-02;3.934226e-02;1.864520e-02;3.228791e-02;2.104995e-02;3.188793e-02
2.510136e-02;1.110191e-01;2.492819e-01;1.488578e-01;1.394703e-01;1.423689e-01;1.797549e-02;5.992647e-02;2.636800e-02;2.129423e-02;2.334486e-02;3.499162e-02
1.997374e-02;6.563520e-02;2.166783e-01;1.880961e-01;1.081833e-01;2.028292e-01;2.954303e-02;5.392465e-02;2.702082e-02;2.546940e-02;3.142025e-02;3.122599e-02
1.979751e-02;5.264223e-02;2.331075e-01;2.052423e-01;7.358436e-02;1.955564e-01;2.875884e-02;5.719841e-02;2.740366e-02;3.010841e-02;4.634120e-02;3.025923e-02
2.039104e-02;1.286151e-01;3.060181e-01;1.573652e-01;2.869624e-02;1.784065e-01;2.320252e-02;4.581739e-02;1.737091e-02;1.429443e-02;4.711835e-02;3.270425e-02
1.836151e-02;1.671238e-01;3.617693e-01;1.145306e-01;2.363710e-02;1.605895e-01;1.903712e-02;3.455510e-02;1.583015e-02;1.453026e-02;3.627613e-02;3.375934e-02
2.386986e-02;1.798946e-01;3.568835e-01;9.573562e-02;3.270700e-02;1.634259e-01;2.077425e-02;3.628138e-02;1.386444e-02;1.236276e-02;2.331821e-02;4.088247e-02
2.965990e-02;1.542392e-01;2.841721e-01;9.259832e-02;5.836840e-02;2.105252e-01;1.957471e-02;4.905172e-02;2.303632e-02;9.366008e-03;1.530990e-02;5.409811e-02
3.394808e-02;1.002629e-01;1.978299e-01;1.085414e-01;6.685676e-02;2.788558e-01;3.034846e-02;5.278220e-02;4.472754e-02;1.239556e-02;2.428851e-02;4.916279e-02
3.356387e-02;8.324236e-02;1.656005e-01;1.322376e-01;8.068778e-02;3.186390e-01;4.281228e-02;4.255329e-02;4.320015e-02;1.518404e-02;2.386931e-02;1.840981e-02
2.081869e-02;8.153281e-02;1.925788e-01;1.178551e-01;9.469473e-02;3.359438e-01;1.998309e-02;5.754667e-02;2.371322e-02;1.469755e-02;1.418554e-02;2.645000e-02
2.641813e-02;9.913318e-02;1.539349e-01;8.772773e-02;1.057413e-01;2.818501e-01;6.176665e-02;8.633607e-02;3.326562e-02;1.476503e-02;2.044656e-02;2.861481e-02
2.711208e-02;1.055802e-01;1.091804e-01;3.590836e-02;5.543456e-02;1.825304e-01;1.778701e-01;1.717174e-01;6.431722e-02;1.970240e-02;2.969444e-02;2.095244e-02
1.834082e-02;1.218333e-01;6.702359e-02;1.958209e-02;3.590787e-02;1.259841e-01;2.978227e-01;1.865912e-01;6.944998e-02;1.563163e-02;2.851872e-02;1.331403e-02
5.722778e-03;1.147583e-01;3.603600e-02;1.609722e-02;3.186345e-02;1.377597e-01;4.097891e-01;1.527192e-01;6.372296e-02;8.075395e-03;1.731409e-02;6.141821e-03
2.779963e-03;1.083170e-01;2.852573e-02;1.723847e-02;2.386021e-02;1.653275e-01;4.519399e-01;1.279038e-01;5.855365e-02;4.262793e-03;8.870958e-03;2.420070e-03
3.249574e-03;1.281995e-01;2.995505e-02;1.375691e-02;1.791690e-02;1.548730e-01;4.756936e-01;1.050911e-01;4.839085e-02;3.689624e-03;1.516357e-02;4.020299e-03
6.213419e-03;1.438393e-01;3.484316e-02;9.959680e-03;2.407778e-02;1.826984e-01;4.104427e-01;1.147440e-01;3.617907e-02;5.971524e-03;2.583465e-02;5.196232e-03
1.211804e-02;1.603698e-01;4.387314e-02;9.635082e-03;2.425004e-02;2.123308e-01;3.175054e-01;1.360057e-01;3.145882e-02;1.094137e-02;3.605463e-02;5.457065e-03
1.673953e-02;1.643281e-01;9.363136e-02;1.599869e-02;2.241790e-02;1.130138e-01;2.102728e-01;2.264549e-01;4.929173e-02;2.009151e-02;5.052140e-02;1.723837e-02
1.801042e-02;8.302759e-02;1.641675e-01;1.448309e-02;1.890638e-02;9.025344e-02;1.181286e-01;3.435330e-01;5.402395e-02;1.818949e-02;3.040461e-02;4.687187e-02
1.718139e-02;3.041792e-02;1.754439e-01;3.489126e-02;2.061983e-02;1.090652e-01;1.009399e-01;3.235512e-01;1.013278e-01;1.580642e-02;9.771471e-03;6.098365e-02
3.443968e-02;2.381266e-02;1.029444e-01;9.322244e-02;2.138219e-02;5.646259e-02;1.086727e-01;2.423247e-01;2.234197e-01;3.493372e-02;1.012993e-02;4.825534e-02
7.753979e-02;2.080839e-02;3.929660e-02;9.900813e-02;2.346492e-02;6.316016e-02;1.087426e-01;1.485654e-01;2.802250e-01;1.023533e-01;1.479850e-02;2.203727e-02
7.822286e-02;4.987870e-02;6.111664e-02;5.342114e-02;3.330961e-02;7.513819e-02;9.355906e-02;7.344779e-02;2.372047e-01;2.063693e-01;2.442046e-02;1.391151e-02
4.126567e-02;6.419602e-02;7.701835e-02;1.777320e-02;4.562753e-02;5.345422e-02;8.839201e-02;1.061286e-01;1.953217e-01;2.616984e-01;3.816394e-02;1.096038e-02
3.447078e-02;3.648919e-02;6.732542e-02;2.358014e-02;4.145589e-02;5.146416e-02;9.892773e-02;2.004657e-01;2.246844e-01;1.765139e-01;3.596983e-02;8.652869e-03
3.680912e-02;3.153374e-02;6.004403e-02;4.231770e-02;3.719290e-02;7.344496e-02;1.509694e-01;2.445981e-01;1.923380e-01;7.356349e-02;3.681586e-02;2.037270e-02
1.203620e-02;4.093387e-02;5.017059e-02;4.536031e-02;4.258583e-02;1.409065e-01;2.078814e-01;2.777722e-01;7.992117e-02;5.374586e-02;2.741332e-02;2.127278e-02
8.560830e-03;5.377832e-02;3.011626e-02;4.306007e-02;4.165125e-02;1.256709e-01;2.347981e-01;2.530880e-01;8.660008e-02;8.501739e-02;1.585888e-02;2.179993e-02
2.286142e-02;6.026436e-02;2.813940e-02;5.654362e-02;3.870653e-02;9.266160e-02;2.770368e-01;1.751195e-01;1.076111e-01;8.548716e-02;3.010944e-02;2.545925e-02
3.442419e-02;4.661062e-02;5.279738e-02;3.675608e-02;3.820477e-02;1.057760e-01;3.133285e-01;1.366126e-01;9.361701e-02;8.392424e-02;3.336327e-02;2.458530e-02
3.270884e-02;3.810029e-02;7.558167e-02;3.574926e-02;4.738702e-02;1.192018e-01;3.181401e-01;1.459402e-01;5.715090e-02;7.639715e-02;3.171808e-02;2.192469e-02
1.737084e-02;2.623507e-02;6.996755e-02;4.827943e-02;4.788109e-02;1.375045e-01;2.360238e-01;2.318942e-01;9.542301e-02;5.911802e-02;1.900954e-02;1.129291e-02
1.348810e-02;2.704708e-02;7.931478e-02;5.987355e-02;5.415909e-02;1.057318e-01;2.072879e-01;2.368150e-01;1.314342e-01;6.469028e-02;9.906103e-03;1.025204e-02
2.892532e-02;5.495011e-02;8.157951e-02;6.965134e-02;7.132006e-02;1.139652e-01;1.745000e-01;1.422391e-01;1.504309e-01;8.515989e-02;8.977790e-03;1.830086e-02
2.783953e-02;7.128532e-02;7.177489e-02;3.456273e-02;7.089761e-02;1.928141e-01;1.280485e-01;1.481880e-01;1.418756e-01;7.911325e-02;1.086918e-02;2.273140e-02
2.153798e-02;8.082367e-02;5.446037e-02;4.615209e-02;7.610164e-02;1.370975e-01;1.375144e-01;1.668658e-01;1.501343e-01;8.072465e-02;2.002412e-02;2.856342e-02
9.812511e-03;6.627738e-02;8.497512e-02;4.437482e-02;7.880722e-02;1.571322e-01;1.410994e-01;1.942211e-01;1.193299e-01;5.781559e-02;2.105074e-02;2.510398e-02
2.569716e-02;4.082874e-02;1.272485e-01;5.837953e-02;1.319509e-01;1.846980e-01;1.202876e-01;7.951184e-02;1.032869e-01;4.429447e-02;3.520209e-02;4.861439e-02
2.294149e-02;6.001093e-02;1.245701e-01;1.331935e-01;1.684902e-01;1.825915e-01;4.845913e-02;8.109421e-02;5.283034e-02;1.773817e-02;4.107866e-02;6.700177e-02
1.524049e-02;5.408526e-02;9.014336e-02;2.014722e-01;2.044704e-01;1.600841e-01;3.696790e-02;7.435209e-02;2.235262e-02;1.397594e-02;5.826908e-02;6.858651e-02
2.044837e-02;3.728954e-02;1.574441e-01;2.768695e-01;1.832607e-01;6.784496e-02;2.873658e-02;6.577273e-02;2.772327e-02;1.918228e-02;7.654348e-02;3.888456e-02
1.407380e-02;9.891029e-02;3.185188e-01;2.078393e-01;9.969979e-02;6.611260e-02;2.646996e-02;3.509131e-02;3.103198e-02;4.231870e-02;4.230535e-02;1.762805e-02
1.582200e-02;2.032343e-01;3.730503e-01;1.120940e-01;4.507238e-02;6.817918e-02;2.498499e-02;3.005971e-02;5.024428e-02;4.922271e-02;1.436907e-02;1.366717e-02
4.412346e-02;2.886681e-01;2.869662e-01;5.019403e-02;2.428234e-02;9.114500e-02;3.593907e-02;5.967313e-02;6.322429e-02;2.915581e-02;1.771936e-02;8.909186e-03
7.968978e-02;2.398837e-01;1.557973e-01;3.127128e-02;3.544653e-02;9.960213e-02;5.289132e-02;1.648590e-01;7.391469e-02;2.075262e-02;3.408549e-02;1.180604e-02
9.831444e-02;9.755993e-02;8.390388e-02;2.957344e-02;4.554056e-02;5.777207e-02;5.513294e-02;2.769619e-01;1.289580e-01;3.110519e-02;7.769282e-02;1.748481e-02
1.192485e-01;4.260635e-02;7.708974e-02;2.351256e-02;2.586391e-02;4.308256e-02;6.162780e-02;2.878064e-01;1.091490e-01;4.409634e-02;1.298199e-01;3.609699e-02
1.655321e-01;6.352482e-02;1.018288e-01;3.021475e-02;1.563781e-02;4.124182e-02;8.525535e-02;2.446565e-01;5.791749e-02;3.417534e-02;1.110997e-01;4.891553e-02
1.583653e-01;1.186232e-01;9.681787e-02;5.051580e-02;2.548132e-02;6.601566e-02;1.174630e-01;1.962744e-01;4.289956e-02;3.970574e-02;3.996028e-02;4.787786e-02
9.553453e-02;1.495514e-01;1.350651e-01;6.422659e-02;4.040256e-02;8.646246e-02;9.713855e-02;1.806855e-01;4.732066e-02;3.718259e-02;2.348919e-02;4.294087e-02
6.923816e-02;2.063591e-01;2.032945e-01;6.402543e-02;5.873113e-02;3.089096e-02;7.421837e-02;1.845088e-01;3.833399e-02;2.619559e-02;2.250713e-02;2.169684e-02
5.296127e-02;2.187187e-01;2.192080e-01;4.259355e-02;6.249067e-02;8.096792e-02;7.156830e-02;1.593916e-01;2.758485e-02;1.782956e-02;2.614522e-02;2.054040e-02
6.458669e-02;2.534097e-01;2.351659e-01;3.477719e-02;4.943825e-02;7.583117e-02;6.329057e-02;1.195906e-01;4.611394e-02;1.481389e-02;2.067712e-02;2.230506e-02
9.543784e-02;2.253731e-01;2.228914e-01;3.244863e-02;4.233061e-02;4.743935e-02;4.230884e-02;1.635483e-01;6.790931e-02;1.993018e-02;2.135723e-02;1.902521e-02
1.063212e-01;2.353692e-01;2.399919e-01;2.435773e-02;4.787139e-02;2.936275e-02;2.740589e-02;1.704878e-01;5.672593e-02;2.396139e-02;2.708408e-02;1.106076e-02
1.010818e-01;2.182761e-01;2.485672e-01;4.987713e-02;5.729474e-02;4.021359e-02;3.216174e-02;1.330727e-01;4.248447e-02;1.986379e-02;3.430144e-02;2.280526e-02
9.589861e-02;1.562390e-01;2.257636e-01;5.115079e-02;5.708837e-02;6.679773e-02;5.009531e-02;1.487999e-01;5.697033e-02;1.365319e-02;3.833818e-02;3.920498e-02
7.827016e-02;2.012272e-01;2.284631e-01;5.617843e-02;3.313670e-02;5.143304e-02;5.683266e-02;1.473540e-01;6.351767e-02;2.317298e-02;2.874772e-02;3.166633e-02
6.732267e-02;2.765440e-01;2.629154e-01;6.539453e-02;2.628255e-02;6.095729e-02;2.826415e-02;8.383776e-02;6.077279e-02;2.370653e-02;2.351347e-02;2.048882e-02
4.671986e-02;2.761642e-01;2.409317e-01;8.122422e-02;2.641206e-02;8.976880e-02;2.647228e-02;6.379158e-02;6.459010e-02;2.045599e-02;3.909210e-02;2.437714e-02
3.855904e-02;1.740866e-01;2.116380e-01;1.291952e-01;5.823923e-02;7.289989e-02;4.436902e-02;1.096673e-01;7.589604e-02;1.733815e-02;4.207383e-02;2.603759e-02
4.208240e-02;2.005228e-01;2.347389e-01;1.286861e-01;6.642652e-02;5.781663e-02;4.294040e-02;1.320939e-01;4.790178e-02;1.413535e-02;1.996517e-02;1.268996e-02
4.337410e-02;2.024893e-01;2.066490e-01;1.152244e-01;5.224664e-02;5.381256e-02;8.890016e-02;1.247423e-01;2.321177e-02;1.945194e-02;5.337744e-02;1.652038e-02
5.915602e-02;1.983376e-01;2.541888e-01;9.029943e-02;4.394178e-02;2.890787e-02;9.984002e-02;6.954870e-02;3.972373e-02;2.887843e-02;6.260312e-02;2.457456e-02
6.355381e-02;1.842978e-01;2.108380e-01;7.645124e-02;6.407756e-02;6.422608e-02;1.063142e-01;6.890972e-02;5.442380e-02;3.308395e-02;4.641782e-02;2.740602e-02
5.748722e-02;1.623985e-01;1.894996e-01;5.560586e-02;6.600443e-02;8.376611e-02;1.375420e-01;8.838096e-02;6.466440e-02;3.786207e-02;2.667512e-02;3.011368e-02
6.432500e-02;1.121175e-01;1.512922e-01;4.539264e-02;4.461855e-02;6.617336e-02;1.621591e-01;1.670178e-01;6.786490e-02;5.145917e-02;4.178239e-02;2.579744e-02
7.067654e-02;1.833925e-01;1.246934e-01;3.088518e-02;2.922676e-02;7.444920e-02;1.415918e-01;1.842580e-01;6.087191e-02;4.667980e-02;2.273170e-02;3.054320e-02
5.603427e-02;1.977294e-01;1.442620e-01;3.189233e-02;2.802875e-02;9.561556e-02;1.059689e-01;1.857426e-01;6.035009e-02;4.066349e-02;1.617269e-02;3.753991e-02
7.245681e-02;1.101244e-01;1.213883e-01;8.116042e-02;4.795743e-02;9.893039e-02;6.038170e-02;1.303780e-01;7.925241e-02;7.506316e-02;5.271444e-02;7.019261e-02
6.701909e-02;1.038025e-01;1.127682e-01;8.939078e-02;5.059873e-02;7.655886e-02;8.299382e-02;1.448723e-01;7.666560e-02;6.751774e-02;6.010485e-02;6.770749e-02
5.791947e-02;1.030568e-01;1.161161e-01;8.665589e-02;4.699193e-02;8.780218e-02;8.693146e-02;1.674772e-01;7.561721e-02;5.720850e-02;5.122253e-02;6.300073e-02
6.734095e-02;1.208210e-01;1.243778e-01;6.302850e-02;3.672421e-02;1.158247e-01;6.660543e-02;1.668136e-01;9.448232e-02;4.887063e-02;3.930637e-02;5.580453e-02
9.478614e-02;1.675162e-01;1.464482e-01;1.739551e-02;2.171163e-02;9.083093e-02;7.293814e-02;1.285167e-01;7.061795e-02;6.248505e-02;3.825587e-02;8.849765e-02
7.872590e-02;1.175012e-01;9.059306e-02;3.686457e-02;2.190556e-02;5.327958e-02;1.561296e-01;1.219713e-01;3.481315e-02;8.496025e-02;2.288721e-02;1.803687e-01
4.730589e-02;7.985390e-02;4.403625e-02;3.884890e-02;2.257352e-02;1.924411e-02;2.626805e-01;8.375237e-02;3.514222e-02;8.895516e-02;2.135851e-02;2.562487e-01
4.290768e-02;8.551869e-02;3.275559e-02;2.043118e-02;2.180247e-02;7.592142e-02;2.878617e-01;6.340842e-02;5.548344e-02;5.183343e-02;4.609605e-02;2.159799e-01
2.489588e-02;8.930685e-02;7.817706e-02;1.668052e-02;1.967044e-02;1.230106e-01;2.467832e-01;6.698999e-02;7.976034e-02;1.951496e-02;6.481265e-02;1.703976e-01
3.425162e-02;8.235022e-02;1.037118e-01;1.382113e-02;1.849231e-02;1.498336e-01;1.710172e-01;5.095615e-02;9.995063e-02;2.230068e-02;8.169586e-02;1.716187e-01
1.016856e-01;8.098634e-02;7.192747e-02;1.494223e-02;2.327621e-02;1.522521e-01;6.951344e-02;7.904992e-02;1.103121e-01;3.363856e-02;1.331692e-01;1.292468e-01
1.391754e-01;9.000422e-02;6.251980e-02;1.087529e-02;1.398136e-02;1.207104e-01;6.410473e-02;8.846854e-02;1.231041e-01;5.005348e-02;1.566929e-01;8.030976e-02
1.049239e-01;1.360199e-01;6.458345e-02;1.596331e-02;1.753665e-02;7.717360e-02;1.146989e-01;8.662722e-02;1.037737e-01;5.313806e-02;1.242552e-01;1.013062e-01
1.033397e-01;1.887678e-01;1.211961e-01;2.694106e-02;1.234388e-02;3.266731e-02;1.125397e-01;1.039226e-01;6.969149e-02;3.528878e-02;7.383196e-02;1.194695e-01
1.097887e-01;2.075848e-01;1.566345e-01;3.271363e-02;1.321438e-02;5.025584e-02;7.696196e-02;9.225958e-02;6.581055e-02;3.720969e-02;4.660231e-02;1.109641e-01
7.337800e-02;1.794922e-01;1.425963e-01;5.887324e-02;2.168504e-02;4.419390e-02;8.883870e-02;1.136718e-01;7.202230e-02;4.875464e-02;5.308593e-02;1.034079e-01
4.694816e-02;1.215239e-01;8.745387e-02;8.550820e-02;4.028279e-02;8.129098e-02;7.323181e-02;1.124585e-01;1.211887e-01;6.790084e-02;5.664660e-02;1.055657e-01
5.747794e-02;1.276955e-01;7.030699e-02;7.588450e-02;3.776653e-02;9.863750e-02;5.971633e-02;1.109914e-01;1.244645e-01;6.491158e-02;5.631813e-02;1.158292e-01
5.023382e-02;1.248632e-01;1.496961e-01;5.471275e-02;3.155423e-02;5.560301e-02;1.160379e-01;8.636600e-02;1.098034e-01;5.978535e-02;5.595571e-02;1.053884e-01
2.938137e-02;1.447025e-01;1.565813e-01;4.068243e-02;2.792457e-02;9.944635e-02;1.145521e-01;8.209126e-02;1.148102e-01;4.552513e-02;6.026001e-02;8.404286e-02
3.692290e-02;1.516248e-01;1.089659e-01;5.007339e-02;3.885111e-02;1.364492e-01;7.258445e-02;8.992650e-02;1.482788e-01;4.525889e-02;5.401371e-02;6.705034e-02
5.259399e-02;1.455722e-01;9.658615e-02;4.738761e-02;5.456249e-02;1.348363e-01;2.151943e-02;8.264791e-02;1.640788e-01;7.723446e-02;4.512751e-02;7.785317e-02
7.005391e-02;1.296136e-01;6.208874e-02;3.184450e-02;5.303768e-02;1.042377e-01;6.477408e-02;1.023804e-01;1.465229e-01;8.570730e-02;4.362099e-02;1.061182e-01
7.602723e-02;1.247205e-01;1.219120e-01;3.035839e-02;3.525266e-02;7.945576e-02;8.297057e-02;1.147791e-01;1.461757e-01;5.863741e-02;4.092485e-02;8.878580e-02
8.033578e-02;1.406876e-01;1.829190e-01;4.619430e-02;3.211703e-02;8.087352e-02;5.133584e-02;1.058936e-01;1.056096e-01;3.839857e-02;6.271643e-02;7.291875e-02
1.144544e-01;1.393320e-01;1.632514e-01;3.908517e-02;2.131315e-02;1.046283e-01;4.076895e-02;8.174939e-02;8.792435e-02;4.206061e-02;8.791914e-02;7.751310e-02
1.336549e-01;1.188333e-01;8.332442e-02;3.449061e-02;1.996646e-02;1.555201e-01;4.368065e-02;6.482785e-02;8.284669e-02;4.661331e-02;1.312633e-01;8.497833e-02
9.128056e-02;9.922208e-02;9.709058e-02;3.438304e-02;3.260534e-02;1.807071e-01;3.111147e-02;1.027746e-01;6.461884e-02;5.562585e-02;1.473976e-01;6.318292e-02
4.423999e-02;9.983424e-02;1.044370e-01;3.738650e-02;2.560807e-02;1.881095e-01;3.873225e-02;1.783067e-01;7.477321e-02;4.820174e-02;1.119993e-01;4.837146e-02
3.436214e-02;9.597110e-02;7.502197e-02;3.522578e-02;6.344373e-02;1.959322e-01;5.647523e-02;1.876639e-01;7.761700e-02;4.432932e-02;7.857319e-02;5.538452e-02
2.387890e-02;9.300185e-02;5.066005e-02;3.209413e-02;9.887612e-02;2.783819e-01;6.043530e-02;1.401729e-01;6.731869e-02;6.173540e-02;5.897681e-02;3.446788e-02
1.793452e-02;9.233136e-02;2.979408e-02;1.847038e-02;2.054729e-01;3.070341e-01;3.162995e-02;8.252013e-02;7.421360e-02;7.094482e-02;4.818724e-02;2.146697e-02
1.291092e-02;8.406502e-02;2.588750e-02;2.092112e-02;2.798799e-01;2.415703e-01;2.448001e-02;5.985279e-02;8.174038e-02;1.054634e-01;4.227031e-02;2.095839e-02
2.591266e-02;7.252993e-02;2.213284e-02;5.066682e-02;3.058045e-01;1.686160e-01;3.555452e-02;4.799478e-02;8.738653e-02;1.339687e-01;2.595273e-02;2.347998e-02
3.855907e-02;5.567279e-02;3.401477e-02;9.052116e-02;2.699143e-01;9.550796e-02;6.052966e-02;5.980072e-02;1.180195e-01;1.362530e-01;1.844405e-02;2.276302e-02
6.201814e-02;4.843265e-02;2.425406e-02;1.675453e-01;2.005399e-01;6.217286e-02;8.806282e-02;6.559071e-02;1.554809e-01;9.339032e-02;1.313365e-02;1.937874e-02
8.217823e-02;3.424937e-02;5.097668e-02;2.355296e-01;1.158793e-01;8.575466e-02;7.814141e-02;6.457398e-02;1.846170e-01;2.882573e-02;1.572857e-02;2.354551e-02
8.969017e-02;3.525985e-02;4.754477e-02;2.486483e-01;4.354375e-02;9.119136e-02;5.622720e-02;7.664271e-02;2.274129e-01;4.459514e-02;2.021043e-02;1.903339e-02
6.839585e-02;5.561043e-02;6.853119e-02;1.937595e-01;8.397184e-02;7.449822e-02;3.649934e-02;1.021727e-01;2.189710e-01;3.701164e-02;1.668091e-02;4.389739e-02
6.058741e-02;8.065189e-02;1.310860e-01;1.632885e-01;6.130135e-02;5.795907e-02;1.757400e-02;1.259480e-01;2.081942e-01;1.690772e-02;2.154863e-02;5.495330e-02
5.438752e-02;4.243177e-02;1.133057e-01;1.704564e-01;9.718201e-02;2.819071e-02;5.278209e-02;1.739358e-01;1.877675e-01;2.528275e-02;2.046369e-02;3.381396e-02
4.457773e-02;4.594566e-02;1.298731e-01;1.696203e-01;6.230337e-02;7.453883e-02;6.012874e-02;1.853355e-01;1.594161e-01;2.337743e-02;1.970208e-02;2.518125e-02
3.255108e-02;7.385317e-02;1.777705e-01;1.631705e-01;6.868107e-02;1.064746e-01;4.040442e-02;1.402612e-01;1.308764e-01;2.991066e-02;1.703599e-02;1.901036e-02
3.638449e-02;8.855707e-02;1.511496e-01;1.608606e-01;8.052807e-02;1.341914e-01;3.875185e-02;1.196543e-01;1.273633e-01;3.198452e-02;1.144110e-02;1.913367e-02
3.275722e-02;1.201938e-01;8.539720e-02;1.357136e-01;6.688552e-02;1.037766e-01;6.081404e-02;1.433770e-01;1.705082e-01;3.592478e-02;1.872209e-02;2.592991e-02
3.911695e-02;1.196195e-01;8.718271e-02;1.038840e-01;1.341678e-01;6.039578e-02;6.616497e-02;1.066696e-01;1.553562e-01;6.524315e-02;2.625469e-02;3.594468e-02
3.195585e-02;9.526615e-02;1.177848e-01;1.080418e-01;1.174469e-01;8.576812e-02;6.582797e-02;7.939659e-02;1.327311e-01;8.949013e-02;2.887365e-02;4.741688e-02
3.627714e-02;9.258948e-02;1.218524e-01;8.989674e-02;6.454708e-02;9.741847e-02;8.670233e-02;1.219127e-01;1.250831e-01;8.523755e-02;2.523707e-02;5.324582e-02
4.072960e-02;8.996250e-02;7.309994e-02;9.563859e-02;6.971689e-02;1.214539e-01;9.119342e-02;1.355411e-01;1.627105e-01;5.022082e-02;1.737831e-02;5.235431e-02
2.158726e-02;7.204857e-02;1.144875e-01;7.962129e-02;1.160990e-01;1.615320e-01;5.573785e-02;1.071487e-01;1.662255e-01;3.340356e-02;2.703593e-02;4.507283e-02
2.776752e-02;7.951406e-02;1.256754e-01;8.184713e-02;1.386939e-01;1.698350e-01;2.785947e-02;9.470509e-02;1.390489e-01;3.348456e-02;2.734203e-02;5.422705e-02
