4.915253e-02;5.550346e-02;1.234592e-01;8.088914e-02;8.318163e-02;1.196485e-01;1.483397e-01;7.841446e-02;4.216665e-02;8.778434e-02;7.209823e-02;5.936209e-02
8.515582e-02;4.188593e-02;1.246413e-01;5.143797e-02;1.173928e-01;7.163917e-02;1.422693e-01;8.487643e-02;5.842898e-02;8.564154e-02;8.999083e-02;4.663995e-02
8.068407e-02;6.292669e-02;1.164015e-01;2.959381e-02;1.126593e-01;7.513953e-02;1.217508e-01;7.081456e-02;6.645647e-02;9.225053e-02;1.135149e-01;5.780772e-02
6.624086e-02;1.238598e-01;1.113661e-01;2.741558e-02;5.850028e-02;1.021144e-01;9.480391e-02;5.387978e-02;9.891925e-02;9.970473e-02;1.163991e-01;4.679620e-02
7.685829e-02;1.706186e-01;8.833048e-02;3.832022e-02;4.984125e-02;9.906299e-02;6.235768e-02;4.704085e-02;1.681808e-01;8.596926e-02;8.426046e-02;2.915909e-02
5.203982e-02;1.887014e-01;8.201165e-02;3.041956e-02;4.431386e-02;1.368417e-01;2.942873e-02;3.504170e-02;2.423884e-01;7.029511e-02;4.425229e-02;4.426569e-02
2.338330e-02;1.799545e-01;1.242207e-01;1.529685e-02;1.853264e-02;1.392562e-01;2.404699e-02;3.542036e-02;2.866585e-01;8.600628e-02;2.863524e-02;3.858844e-02
2.206450e-02;1.596293e-01;1.706073e-01;1.632034e-02;1.782369e-02;9.420915e-02;3.189274e-02;4.385313e-02;3.084247e-01;8.976673e-02;2.350517e-02;2.190332e-02
5.458847e-02;1.223434e-01;1.643162e-01;9.436090e-03;2.757938e-02;1.149325e-01;4.373210e-02;5.812099e-02;2.680650e-01;8.838649e-02;2.846981e-02;2.002956e-02
6.660034e-02;9.449222e-02;1.455261e-01;1.464429e-02;3.172670e-02;1.149687e-01;5.575672e-02;6.112961e-02;2.616217e-01;7.907940e-02;3.651428e-02;3.793997e-02
2.796518e-02;1.018570e-01;1.335206e-01;2.366210e-02;2.834171e-02;7.896271e-02;5.932850e-02;5.010224e-02;3.385019e-01;7.564905e-02;4.600997e-02;3.609908e-02
4.132630e-02;6.026127e-02;1.263561e-01;5.492363e-02;3.637575e-02;5.261379e-02;5.758720e-02;4.482581e-02;3.111395e-01;1.230644e-01;3.651334e-02;5.501287e-02
6.649394e-02;4.828531e-02;1.316233e-01;5.078187e-02;4.081785e-02;7.629437e-02;7.592338e-02;4.703553e-02;2.158742e-01;1.606878e-01;3.013907e-02;5.604331e-02
5.660903e-02;7.943276e-02;1.346551e-01;4.134098e-02;4.015600e-02;1.014217e-01;7.904393e-02;4.243394e-02;1.596651e-01;2.040191e-01;2.533796e-02;3.588437e-02
2.621016e-02;1.006299e-01;1.582250e-01;5.113724e-02;3.786843e-02;8.179048e-02;6.300183e-02;5.328872e-02;1.784401e-01;1.752864e-01;2.667263e-02;4.744921e-02
2.614289e-02;1.295198e-01;1.594168e-01;3.595543e-02;4.233819e-02;7.219709e-02;5.576312e-02;5.542470e-02;2.263681e-01;1.145284e-01;5.001365e-02;3.233180e-02
4.603888e-02;1.421643e-01;1.373532e-01;3.539019e-02;4.331080e-02;5.391043e-02;4.254738e-02;6.816493e-02;2.297370e-01;1.010766e-01;5.343049e-02;4.687579e-02
6.025754e-02;1.603284e-01;1.387513e-01;4.330601e-02;4.686991e-02;5.195809e-02;4.917490e-02;6.418003e-02;2.425570e-01;5.804583e-02;4.650494e-02;3.806600e-02
5.062257e-02;1.439752e-01;1.525396e-01;4.168026e-02;5.643836e-02;7.768881e-02;5.919845e-02;3.720505e-02;2.593615e-01;5.778997e-02;3.734325e-02;2.615697e-02
7.182319e-02;1.237839e-01;1.364389e-01;2.735686e-02;3.267686e-02;1.137580e-01;5.412538e-02;5.781782e-02;2.422900e-01;7.063559e-02;3.562756e-02;3.366602e-02
9.366692e-02;1.235177e-01;9.752009e-02;2.670432e-02;5.670224e-02;1.105993e-01;7.002310e-02;8.438441e-02;1.974436e-01;8.078120e-02;2.915480e-02;2.950237e-02
1.016127e-01;1.296331e-01;6.077412e-02;3.856956e-02;6.555497e-02;6.869477e-02;8.324017e-02;9.554565e-02;1.725535e-01;8.399467e-02;4.674601e-02;5.308078e-02
9.333972e-02;1.114727e-01;8.640424e-02;4.582866e-02;5.507776e-02;6.150727e-02;1.108124e-01;1.099913e-01;1.552899e-01;8.620895e-02;2.154471e-02;6.252247e-02
8.792883e-02;5.698767e-02;8.940446e-02;5.336123e-02;1.217266e-01;1.133596e-01;1.763483e-01;6.133931e-02;6.547978e-02;4.376983e-02;4.101034e-02;8.928400e-02
8.482398e-02;3.159521e-02;6.870077e-02;4.818887e-02;1.817449e-01;1.474987e-01;1.828660e-01;3.448715e-02;4.028888e-02;2.526901e-02;3.592071e-02;1.186159e-01
7.229059e-02;1.936979e-02;4.045357e-02;3.662479e-02;2.507659e-01;1.967067e-01;1.422264e-01;2.336351e-02;4.201466e-02;1.919022e-02;1.995667e-02;1.370371e-01
6.641478e-02;1.159002e-02;3.273071e-02;2.073160e-02;2.819513e-01;2.635486e-01;9.496110e-02;1.833176e-02;3.819380e-02;1.526438e-02;1.655601e-02;1.397260e-01
3.788781e-02;7.724645e-03;5.269913e-02;2.130922e-02;3.352985e-01;2.595864e-01;5.001702e-02;9.224214e-03;3.311442e-02;1.255138e-02;4.287469e-03;1.762998e-01
5.028015e-02;5.043186e-03;4.727952e-02;3.650332e-02;3.513389e-01;2.395775e-01;4.425148e-02;1.011584e-02;3.231583e-02;1.078419e-02;5.477973e-03;1.670321e-01
1.319935e-01;5.141514e-03;2.670117e-02;2.088341e-02;2.462934e-01;3.329028e-01;7.174446e-02;9.727624e-03;2.386849e-02;2.350533e-02;3.310936e-03;1.039273e-01
1.728011e-01;1.527784e-02;9.385601e-03;1.558362e-02;1.100859e-01;4.150842e-01;1.375970e-01;1.473118e-02;1.314356e-02;5.214261e-02;3.332147e-03;4.083519e-02
1.230052e-01;5.262787e-02;7.875019e-03;1.401971e-02;4.148492e-02;3.296382e-01;3.207261e-01;2.350280e-02;1.381057e-02;5.780698e-02;5.366821e-03;1.013573e-02
4.041560e-02;8.515079e-02;2.475915e-02;7.397588e-03;2.398506e-02;1.501989e-01;5.008922e-01;9.940349e-02;2.060696e-02;3.001579e-02;1.033657e-02;6.837972e-03
2.128441e-02;8.060115e-02;5.650926e-02;6.219715e-03;1.665421e-02;3.500379e-02;4.522364e-01;2.610959e-01;2.478660e-02;2.676054e-02;1.095736e-02;7.890712e-03
2.632547e-02;5.744247e-02;9.969100e-02;7.778538e-03;1.027514e-02;1.786402e-02;2.846180e-01;3.845756e-01;2.704372e-02;6.658825e-02;8.190003e-03;9.607874e-03
2.543166e-02;2.880190e-02;1.308519e-01;1.527211e-02;7.495632e-03;2.103693e-02;1.794255e-01;3.921739e-01;7.270021e-02;1.016321e-01;6.341396e-03;1.883679e-02
3.638330e-02;1.904989e-02;1.208081e-01;5.322208e-02;1.121420e-02;2.369624e-02;1.141408e-01;3.030535e-01;2.119199e-01;7.878294e-02;7.120914e-03;2.060807e-02
5.023191e-02;1.822131e-02;6.076063e-02;1.022208e-01;1.168510e-02;1.946687e-02;1.149465e-01;2.139020e-01;3.467275e-01;4.694469e-02;4.446431e-03;1.044620e-02
5.824824e-02;1.829835e-02;1.518725e-02;1.068507e-01;3.317153e-02;1.790195e-02;9.735961e-02;1.251767e-01;4.167339e-01;9.314385e-02;1.319277e-02;4.735269e-03
5.770712e-02;3.299335e-02;2.979528e-02;6.201532e-02;5.932511e-02;2.007994e-02;9.424965e-02;6.129337e-02;3.818536e-01;1.574995e-01;3.392502e-02;9.262668e-03
6.331934e-02;3.162985e-02;4.301687e-02;2.559117e-02;5.183921e-02;2.106056e-02;1.485406e-01;1.174274e-01;2.920016e-01;1.429915e-01;4.441584e-02;1.816606e-02
6.645311e-02;3.138364e-02;3.077738e-02;3.123901e-02;3.253333e-02;3.538151e-02;1.814109e-01;1.366629e-01;2.253557e-01;1.495310e-01;5.934813e-02;1.992344e-02
7.503368e-02;4.492752e-02;4.841200e-02;2.236390e-02;4.765586e-02;4.644345e-02;1.760169e-01;1.345141e-01;1.619051e-01;1.610655e-01;6.259757e-02;1.906436e-02
5.134713e-02;3.990309e-02;6.822476e-02;4.245373e-02;3.237686e-02;4.241160e-02;2.608210e-01;1.479723e-01;1.770397e-01;8.471695e-02;3.656697e-02;1.616595e-02
4.219412e-02;5.050528e-02;6.493982e-02;5.458291e-02;2.338669e-02;3.776636e-02;3.492905e-01;1.059287e-01;1.968905e-01;4.063115e-02;2.210001e-02;1.178389e-02
6.521142e-02;4.639573e-02;4.252130e-02;3.117351e-02;3.338038e-02;5.694585e-02;3.712715e-01;1.392106e-01;1.212011e-01;5.145192e-02;1.913650e-02;2.210023e-02
7.458738e-02;2.713369e-02;6.691173e-02;2.895753e-02;3.655433e-02;6.480797e-02;2.948451e-01;1.955449e-01;1.129838e-01;4.642959e-02;2.903272e-02;2.221134e-02
7.976529e-02;3.567698e-02;6.821853e-02;4.509720e-02;3.235806e-02;5.748634e-02;2.073177e-01;1.917382e-01;1.781366e-01;6.169813e-02;2.542344e-02;1.708353e-02
9.364216e-02;5.221801e-02;4.595336e-02;3.915895e-02;3.445030e-02;3.995532e-02;2.089447e-01;2.570600e-01;1.109467e-01;7.331361e-02;2.263302e-02;2.172381e-02
1.019959e-01;5.236781e-02;2.236054e-02;2.674290e-02;3.089298e-02;2.584893e-02;2.701908e-01;2.367257e-01;1.339851e-01;5.186083e-02;2.049695e-02;2.653165e-02
8.418893e-02;3.121712e-02;1.690010e-02;3.149381e-02;2.791654e-02;4.311391e-02;2.818986e-01;1.975268e-01;2.065475e-01;4.480135e-02;1.162940e-02;2.276593e-02
4.629610e-02;2.498478e-02;4.022539e-02;3.874295e-02;3.189509e-02;5.369588e-02;2.706543e-01;1.381660e-01;2.759383e-01;5.076666e-02;1.122897e-02;1.740555e-02
3.093975e-02;2.480408e-02;5.212979e-02;4.263909e-02;2.783334e-02;3.801894e-02;2.506724e-01;1.552035e-01;3.022797e-01;4.200248e-02;1.511573e-02;1.836119e-02
6.212250e-02;2.359344e-02;4.071226e-02;4.493296e-02;2.818150e-02;3.377683e-02;2.080992e-01;2.029682e-01;2.801462e-01;4.361439e-02;1.606843e-02;1.578401e-02
8.078641e-02;3.514675e-02;6.863771e-02;3.876002e-02;2.954661e-02;3.816963e-02;2.035827e-01;1.674999e-01;2.572378e-01;3.800514e-02;1.803182e-02;2.459546e-02
9.228552e-02;3.354768e-02;6.337531e-02;3.199051e-02;4.455743e-02;3.320301e-02;2.221040e-01;1.573070e-01;2.169590e-01;4.512456e-02;2.391111e-02;3.563494e-02
9.431494e-02;3.724654e-02;5.452348e-02;3.365051e-02;4.559487e-02;5.143481e-02;2.083354e-01;1.632332e-01;1.815431e-01;6.485909e-02;2.797374e-02;3.729028e-02
9.356143e-02;3.564411e-02;5.407169e-02;3.194565e-02;3.629598e-02;8.846091e-02;1.812721e-01;1.979762e-01;1.630325e-01;5.463374e-02;2.982480e-02;3.328092e-02
8.219703e-02;5.909581e-02;9.100552e-02;3.822706e-02;3.198846e-02;8.332925e-02;1.671571e-01;1.922651e-01;1.513332e-01;3.761773e-02;3.731176e-02;2.847187e-02
1.180078e-01;1.066573e-01;1.723418e-01;4.819487e-02;3.969280e-02;4.822581e-02;1.540727e-01;9.293933e-02;9.120011e-02;5.975139e-02;3.066602e-02;3.825001e-02
1.211015e-01;1.567001e-01;2.691122e-01;4.845267e-02;2.872552e-02;3.099555e-02;1.078062e-01;5.790929e-02;5.899857e-02;6.204129e-02;2.332039e-02;3.483680e-02
7.024286e-02;2.125747e-01;3.873397e-01;3.532487e-02;1.723456e-02;2.035063e-02;7.278925e-02;5.789949e-02;3.303236e-02;5.132424e-02;1.491712e-02;2.697013e-02
4.929576e-02;2.439687e-01;4.573983e-01;1.856218e-02;1.054419e-02;1.968601e-02;4.010960e-02;6.679458e-02;2.617363e-02;3.365973e-02;6.958672e-03;2.684870e-02
6.581118e-02;2.422903e-01;4.654500e-01;1.980040e-02;1.181298e-02;2.082530e-02;2.955109e-02;5.989578e-02;4.168390e-02;1.719641e-02;4.692122e-03;2.099057e-02
3.708280e-02;2.274010e-01;4.558367e-01;2.453365e-02;1.618808e-02;2.797616e-02;5.323374e-02;4.482633e-02;5.399920e-02;3.175675e-02;8.687160e-03;1.847842e-02
9.559283e-02;2.104790e-01;4.208407e-01;1.552233e-02;1.703983e-02;2.756005e-02;6.520706e-02;4.324159e-02;3.616927e-02;3.543544e-02;1.278919e-02;2.012274e-02
1.409171e-01;1.746770e-01;3.806200e-01;2.165222e-02;2.237772e-02;2.654824e-02;5.718793e-02;4.988493e-02;4.153884e-02;3.680537e-02;1.920764e-02;2.858306e-02
1.138051e-01;1.076761e-01;3.833113e-01;2.429756e-02;3.018988e-02;4.314889e-02;5.237995e-02;4.722037e-02;6.719565e-02;5.390155e-02;3.210132e-02;4.477233e-02
8.977138e-02;6.872822e-02;3.595266e-01;3.055256e-02;5.265830e-02;5.412352e-02;6.422874e-02;3.907577e-02;9.538158e-02;5.580098e-02;3.020268e-02;5.994962e-02
8.776638e-02;4.423032e-02;3.749793e-01;2.607505e-02;4.482128e-02;3.603535e-02;7.621268e-02;6.068440e-02;1.131806e-01;5.307489e-02;2.400463e-02;5.893503e-02
7.638648e-02;9.534314e-02;3.836928e-01;3.745201e-02;3.129644e-02;2.533143e-02;8.507338e-02;6.253535e-02;8.259816e-02;5.983939e-02;1.929860e-02;4.115282e-02
5.779611e-02;1.356286e-01;4.065523e-01;3.917449e-02;2.468810e-02;2.854033e-02;5.620064e-02;6.788246e-02;6.739348e-02;5.483398e-02;1.750471e-02;4.380485e-02
6.857091e-02;1.383781e-01;4.212907e-01;3.780280e-02;1.447495e-02;2.988971e-02;4.253465e-02;5.849305e-02;9.811153e-02;3.289715e-02;1.309379e-02;4.446262e-02
6.991544e-02;1.368269e-01;4.268537e-01;3.803397e-02;1.739696e-02;2.139027e-02;6.025951e-02;4.748646e-02;9.677925e-02;2.828149e-02;1.347855e-02;4.329750e-02
1.090755e-01;1.601437e-01;3.257445e-01;4.491045e-02;4.194308e-02;4.097175e-02;9.992309e-02;5.478582e-02;5.447714e-02;2.498373e-02;1.414111e-02;2.890019e-02
1.013848e-01;8.324648e-02;1.614354e-01;6.738556e-02;6.423111e-02;7.737424e-02;1.302244e-01;1.109484e-01;7.565458e-02;4.531205e-02;3.664280e-02;4.616020e-02
6.450474e-02;4.601627e-02;7.236383e-02;5.772968e-02;6.801000e-02;7.389579e-02;1.764065e-01;1.060943e-01;9.416901e-02;7.061997e-02;7.333154e-02;9.685829e-02
4.077993e-02;4.412189e-02;6.673447e-02;9.332180e-02;6.601696e-02;6.395376e-02;1.508092e-01;8.769406e-02;7.236549e-02;4.482203e-02;1.534294e-01;1.159509e-01
3.326104e-02;3.155848e-02;9.432644e-02;1.387824e-01;4.562329e-02;4.005450e-02;9.450448e-02;5.713261e-02;6.253003e-02;4.755288e-02;2.522352e-01;1.024386e-01
3.948404e-02;1.698780e-02;1.613262e-01;1.357449e-01;1.922926e-02;1.652662e-02;6.171709e-02;2.283041e-02;8.118056e-02;1.159407e-01;2.787254e-01;5.030703e-02
4.888317e-02;1.246191e-02;2.661344e-01;7.318124e-02;8.609072e-03;9.829388e-03;6.920577e-02;1.595885e-02;9.519633e-02;1.988797e-01;1.894600e-01;1.220009e-02
4.084032e-02;1.265070e-02;2.480057e-01;1.475041e-01;1.438717e-02;1.029544e-02;6.400830e-02;2.613686e-02;9.837316e-02;1.901627e-01;1.344308e-01;1.320468e-02
2.704999e-02;1.818084e-02;1.603353e-01;2.191735e-01;2.347587e-02;1.589845e-02;3.744878e-02;5.153055e-02;7.027793e-02;1.216219e-01;2.308999e-01;2.410695e-02
2.709581e-02;2.407590e-02;1.021508e-01;1.745608e-01;3.658172e-02;2.485956e-02;3.765511e-02;7.321602e-02;6.373744e-02;1.245382e-01;2.767627e-01;3.476597e-02
4.157528e-02;2.766731e-02;8.818700e-02;1.051435e-01;4.742995e-02;2.949688e-02;5.198549e-02;6.901234e-02;8.469357e-02;1.340788e-01;2.868116e-01;3.391819e-02
5.198142e-02;3.035885e-02;1.525637e-01;4.481679e-02;3.692839e-02;2.177307e-02;5.662436e-02;4.810867e-02;9.078000e-02;1.362673e-01;2.989433e-01;3.085410e-02
3.685774e-02;1.298175e-02;1.739342e-01;4.647585e-02;2.151852e-02;2.279029e-02;3.634255e-02;4.621594e-02;1.076717e-01;1.658993e-01;3.049538e-01;2.435834e-02
2.820787e-02;2.006436e-02;1.779298e-01;1.069657e-01;1.280023e-02;2.365512e-02;6.229087e-02;5.159353e-02;9.248406e-02;1.491682e-01;2.596499e-01;1.519035e-02
3.519180e-02;3.134818e-02;1.651399e-01;1.618823e-01;1.215623e-02;1.435318e-02;7.520670e-02;3.671588e-02;6.995410e-02;1.449330e-01;2.320718e-01;2.104692e-02
6.786562e-02;2.824133e-02;1.101341e-01;1.464472e-01;2.592972e-02;1.696490e-02;6.404822e-02;5.649420e-02;6.983367e-02;1.446868e-01;2.473052e-01;2.204907e-02
1.055709e-01;1.497220e-02;5.967497e-02;9.097230e-02;4.188789e-02;2.002348e-02;7.248972e-02;7.620386e-02;9.904412e-02;1.477219e-01;2.295179e-01;4.192075e-02
9.092226e-02;3.422349e-02;5.871104e-02;6.506303e-02;5.654974e-02;5.011850e-02;1.253615e-01;7.133447e-02;1.126942e-01;1.338210e-01;1.475822e-01;5.361847e-02
7.361434e-02;4.328377e-02;4.290529e-02;4.276507e-02;5.632932e-02;8.752941e-02;2.042102e-01;8.386178e-02;1.052156e-01;9.007897e-02;1.238188e-01;4.638740e-02
5.614997e-02;2.831096e-02;3.383077e-02;3.088921e-02;1.090499e-01;1.046802e-01;2.132788e-01;7.054397e-02;9.803376e-02;8.072589e-02;7.511585e-02;9.939072e-02
4.369880e-02;1.603823e-02;4.003895e-02;2.529841e-02;1.784509e-01;9.481317e-02;1.507715e-01;4.329638e-02;9.777062e-02;6.748705e-02;4.964286e-02;1.926931e-01
2.696055e-02;1.831026e-02;3.566481e-02;3.791291e-02;2.224468e-01;5.183846e-02;6.398158e-02;3.126343e-02;1.131541e-01;4.302004e-02;3.300063e-02;3.224464e-01
2.805829e-02;2.903943e-02;4.943318e-02;4.917660e-02;1.797393e-01;2.380462e-02;3.061716e-02;3.269946e-02;9.701308e-02;4.395968e-02;8.031917e-02;3.561400e-01
4.160992e-02;3.762200e-02;5.254224e-02;5.333508e-02;1.345379e-01;1.926255e-02;3.258681e-02;4.172440e-02;6.677461e-02;6.910374e-02;1.561562e-01;2.947445e-01
4.858998e-02;4.170781e-02;8.210658e-02;7.919879e-02;1.250619e-01;1.570057e-02;2.529578e-02;4.176334e-02;4.868818e-02;9.709101e-02;2.201902e-01;1.746059e-01
5.150941e-02;4.294003e-02;1.425241e-01;9.633728e-02;1.088359e-01;2.153902e-02;2.534859e-02;5.114212e-02;4.673472e-02;1.063206e-01;2.140557e-01;9.271266e-02
5.081472e-02;4.217644e-02;1.909857e-01;1.095574e-01;1.003613e-01;3.647329e-02;5.926495e-02;4.328098e-02;6.367650e-02;8.706035e-02;1.552238e-01;6.112460e-02
3.730044e-02;4.075254e-02;1.385160e-01;1.650656e-01;1.052554e-01;4.523959e-02;4.853188e-02;6.460902e-02;6.041952e-02;8.680474e-02;1.341481e-01;7.335720e-02
2.315480e-02;4.372875e-02;9.782736e-02;2.176713e-01;1.064194e-01;3.627129e-02;2.783330e-02;9.242845e-02;4.669962e-02;6.623889e-02;1.781128e-01;6.361400e-02
2.081312e-02;5.029296e-02;8.424072e-02;2.399175e-01;1.027436e-01;4.680576e-02;3.324839e-02;1.044344e-01;3.394040e-02;3.285497e-02;2.313304e-01;1.937778e-02
1.523814e-02;5.202312e-02;1.046597e-01;2.368747e-01;7.297405e-02;4.021084e-02;2.883716e-02;8.359399e-02;3.061365e-02;2.287685e-02;2.717749e-01;4.032292e-02
1.282213e-02;5.980253e-02;1.272134e-01;2.349061e-01;4.436729e-02;4.166432e-02;2.221848e-02;6.077116e-02;2.200295e-02;2.358230e-02;3.325431e-01;1.810636e-02
2.017028e-02;5.766084e-02;1.413977e-01;1.954693e-01;4.053500e-02;5.008923e-02;3.487006e-02;3.863199e-02;1.583179e-02;4.510615e-02;3.341208e-01;2.611692e-02
2.659706e-02;5.503174e-02;1.730296e-01;1.713754e-01;4.971163e-02;4.736621e-02;4.352528e-02;3.686913e-02;2.922342e-02;3.198373e-02;3.116919e-01;2.359497e-02
2.700015e-02;6.734147e-02;2.641028e-01;1.409500e-01;5.775726e-02;2.765138e-02;2.071664e-02;3.657444e-02;2.956785e-02;3.598742e-02;2.506931e-01;4.165744e-02
2.322551e-02;8.710055e-02;2.913283e-01;1.046564e-01;5.821046e-02;3.123454e-02;2.009249e-02;3.809122e-02;3.335974e-02;5.367782e-02;1.928092e-01;6.621377e-02
3.534217e-02;1.061710e-01;2.287108e-01;1.036081e-01;6.570689e-02;3.328617e-02;1.961532e-02;3.752152e-02;3.876826e-02;3.278757e-02;2.374688e-01;6.101343e-02
4.362859e-02;9.785089e-02;1.985832e-01;1.143962e-01;6.297532e-02;1.880198e-02;2.975003e-02;3.429106e-02;3.883372e-02;3.589817e-02;2.685953e-01;5.639549e-02
4.272184e-02;9.880599e-02;1.403301e-01;1.161977e-01;4.532854e-02;3.024123e-02;3.794498e-02;4.299185e-02;4.942932e-02;3.301362e-02;2.316551e-01;1.313397e-01
5.514030e-02;8.909152e-02;1.491593e-01;8.869057e-02;5.004097e-02;4.706055e-02;3.246456e-02;5.251634e-02;6.915775e-02;3.178630e-02;1.822612e-01;1.526307e-01
6.637846e-02;8.774113e-02;1.913731e-01;7.448881e-02;4.575232e-02;4.851768e-02;4.702727e-02;5.538850e-02;6.738643e-02;2.070588e-02;1.764543e-01;1.187862e-01
5.591152e-02;9.039801e-02;2.173791e-01;6.872670e-02;4.734542e-02;3.917341e-02;4.891952e-02;6.527743e-02;5.666168e-02;3.763744e-02;1.623811e-01;1.101887e-01
6.265096e-02;1.090369e-01;2.042319e-01;6.406768e-02;5.845527e-02;2.130287e-02;3.820009e-02;7.042086e-02;6.405934e-02;4.545221e-02;1.370193e-01;1.251025e-01
5.190447e-02;1.056944e-01;1.401623e-01;1.158064e-01;8.989661e-02;2.178206e-02;4.301284e-02;8.078869e-02;7.787021e-02;5.127401e-02;1.095468e-01;1.122611e-01
3.001550e-02;7.071513e-02;1.461873e-01;1.709661e-01;1.018776e-01;3.481374e-02;5.524261e-02;9.727238e-02;7.416832e-02;5.063559e-02;1.046808e-01;6.342487e-02
4.156118e-02;6.359772e-02;1.884631e-01;1.567810e-01;6.553212e-02;3.325728e-02;5.420584e-02;7.943293e-02;6.253930e-02;6.055709e-02;1.321837e-01;6.188866e-02
5.252276e-02;5.660990e-02;1.666745e-01;1.371298e-01;7.473976e-02;2.974102e-02;4.765722e-02;7.211200e-02;6.790036e-02;6.333371e-02;1.334924e-01;9.808652e-02
4.760186e-02;5.228253e-02;2.193642e-01;1.266449e-01;1.088428e-01;3.883250e-02;4.182485e-02;4.684398e-02;5.498764e-02;4.057804e-02;1.226939e-01;9.950287e-02
4.930942e-02;5.724806e-02;1.634219e-01;1.211196e-01;1.255010e-01;4.649885e-02;5.162705e-02;4.371971e-02;4.849144e-02;5.579674e-02;1.839389e-01;5.332728e-02
5.624101e-02;7.878567e-02;8.811006e-02;1.028060e-01;1.008451e-01;4.978896e-02;6.644967e-02;4.558589e-02;4.599502e-02;6.405246e-02;2.275571e-01;7.378304e-02
5.270816e-02;7.459316e-02;1.698848e-01;1.312260e-01;7.218567e-02;4.249703e-02;7.007349e-02;4.101650e-02;2.535814e-02;6.432936e-02;2.012864e-01;5.484133e-02
5.532165e-02;9.060522e-02;1.492224e-01;1.562905e-01;9.070372e-02;4.452831e-02;6.890623e-02;4.143515e-02;4.419497e-02;6.796499e-02;1.658035e-01;2.502336e-02
4.307655e-02;9.208784e-02;1.154099e-01;1.332077e-01;1.114165e-01;6.373547e-02;5.298127e-02;5.041299e-02;5.827808e-02;8.325144e-02;1.586132e-01;3.752916e-02
1.782194e-02;5.156648e-02;6.576312e-02;5.922608e-02;7.871593e-02;7.732676e-02;2.897443e-01;7.822762e-02;5.492739e-02;9.002677e-02;1.063328e-01;3.032080e-02
3.105692e-02;2.683841e-02;5.134434e-02;2.539517e-02;7.164119e-02;9.660614e-02;4.293202e-01;9.522538e-02;3.053563e-02;8.395045e-02;4.533240e-02;1.275384e-02
2.839525e-02;1.647364e-02;4.787669e-02;1.760488e-02;7.303900e-02;1.220035e-01;4.315297e-01;1.148331e-01;1.706769e-02;9.509386e-02;2.568946e-02;1.039314e-02
2.412482e-02;1.409796e-02;2.095447e-02;1.850626e-02;7.210971e-02;1.485071e-01;4.056681e-01;1.223222e-01;1.452846e-02;1.297819e-01;1.764705e-02;1.175197e-02
2.643407e-02;2.341337e-02;1.691250e-02;1.733896e-02;5.419741e-02;1.225750e-01;4.375825e-01;9.989367e-02;4.756811e-02;1.250419e-01;1.634161e-02;1.270097e-02
1.620907e-02;2.877661e-02;2.106642e-02;1.071113e-02;3.698171e-02;7.297941e-02;5.732198e-01;7.698576e-02;7.662629e-02;6.343404e-02;1.430474e-02;8.705056e-03
9.383023e-03;2.391751e-02;2.637214e-02;4.693853e-03;2.329805e-02;4.120902e-02;6.751516e-01;9.600305e-02;6.396000e-02;2.454838e-02;7.762768e-03;3.700616e-03
8.990190e-03;1.885432e-02;3.324981e-02;4.936128e-03;1.836733e-02;2.873283e-02;6.388951e-01;1.616302e-01;3.358250e-02;4.402817e-02;4.692541e-03;4.040886e-03
6.211168e-03;7.383239e-03;5.520209e-02;5.240923e-03;1.710919e-02;2.131980e-02;5.072553e-01;2.398515e-01;3.635919e-02;9.251187e-02;5.474371e-03;6.081321e-03
8.593166e-03;9.784700e-03;6.319207e-02;6.493499e-03;1.420162e-02;1.845190e-02;4.260196e-01;2.710759e-01;4.820829e-02;1.142465e-01;8.807854e-03;1.092493e-02
8.093341e-03;6.349698e-03;5.645941e-02;1.290904e-02;1.270092e-02;3.232386e-02;4.891323e-01;2.186798e-01;6.712188e-02;8.070016e-02;6.225032e-03;9.304659e-03
1.002147e-02;7.237607e-03;4.485528e-02;2.475627e-02;6.003493e-03;3.214058e-02;5.188846e-01;1.745085e-01;1.124144e-01;5.506560e-02;5.470314e-03;8.641850e-03
1.385642e-02;9.872822e-03;3.091973e-02;5.687886e-02;7.846468e-03;3.884053e-02;4.530051e-01;1.224095e-01;1.794464e-01;6.712200e-02;1.016990e-02;9.632233e-03
1.427690e-02;1.092452e-02;3.026211e-02;9.623646e-02;2.058883e-02;5.255112e-02;3.132822e-01;9.715282e-02;2.494119e-01;8.626090e-02;1.535642e-02;1.369587e-02
1.960714e-02;1.395127e-02;4.563631e-02;9.325598e-02;1.827660e-02;3.201893e-02;3.085247e-01;1.351723e-01;2.348299e-01;6.379943e-02;1.424282e-02;2.068469e-02
1.384709e-02;1.346373e-02;4.206482e-02;4.790567e-02;1.344958e-02;4.251435e-02;4.739924e-01;1.357568e-01;1.530536e-01;3.887252e-02;1.126691e-02;1.381261e-02
7.848414e-03;9.820973e-03;3.731268e-02;1.366253e-02;1.014243e-02;3.521812e-02;5.824016e-01;1.270810e-01;1.095961e-01;4.552544e-02;8.739019e-03;1.265175e-02
7.670475e-03;9.445520e-03;4.061154e-02;5.231645e-03;8.652673e-03;2.640925e-02;6.364408e-01;1.254466e-01;8.699549e-02;3.538338e-02;6.063262e-03;1.164940e-02
1.053769e-02;8.377987e-03;4.553721e-02;8.373468e-03;1.224000e-02;1.683348e-02;6.496824e-01;1.280384e-01;7.511333e-02;3.283605e-02;4.393769e-03;8.036229e-03
1.031885e-02;5.336519e-03;4.511776e-02;1.211078e-02;1.743804e-02;1.411558e-02;6.595732e-01;1.200300e-01;7.076544e-02;3.372215e-02;5.202163e-03;6.269444e-03
1.239095e-02;7.976189e-03;3.797315e-02;1.642795e-02;2.796767e-02;1.843916e-02;7.011040e-01;9.940179e-02;5.540249e-02;1.475095e-02;4.183345e-03;3.982356e-03
1.161904e-02;8.718615e-03;3.403583e-02;1.539614e-02;2.997824e-02;1.803348e-02;7.212802e-01;8.779354e-02;5.191172e-02;1.291325e-02;3.579414e-03;4.740558e-03
1.348611e-02;7.906768e-03;3.253987e-02;8.049519e-03;1.851954e-02;1.397229e-02;7.433845e-01;9.295830e-02;4.499228e-02;1.488646e-02;3.182495e-03;6.121883e-03
7.059881e-03;1.074019e-02;3.733575e-02;1.025316e-02;1.472963e-02;2.272720e-02;7.270620e-01;9.340163e-02;4.648183e-02;1.793466e-02;5.413597e-03;6.860484e-03
1.043482e-02;7.913548e-03;5.973734e-02;3.239174e-02;1.473739e-02;2.803876e-02;5.843636e-01;7.169860e-02;1.159665e-01;5.697124e-02;8.219747e-03;9.526715e-03
1.581180e-02;6.801738e-03;5.414219e-02;8.689841e-02;2.055637e-02;2.151403e-02;3.667607e-01;7.522973e-02;2.433955e-01;8.395326e-02;1.463105e-02;1.030525e-02
1.544407e-02;1.019448e-02;3.033126e-02;1.451881e-01;1.722015e-02;1.247401e-02;2.168005e-01;8.031726e-02;3.739219e-01;7.522489e-02;1.149341e-02;1.139005e-02
1.682013e-02;8.751997e-03;3.080323e-02;1.718174e-01;8.166364e-03;9.075955e-03;1.488528e-01;6.045525e-02;4.841703e-01;4.414557e-02;8.396169e-03;8.544764e-03
2.249707e-02;1.166363e-02;3.799614e-02;1.365261e-01;4.722011e-03;9.734378e-03;1.502457e-01;8.919004e-02;4.626012e-01;4.615312e-02;1.614255e-02;1.252816e-02
2.135273e-02;1.195818e-02;4.415234e-02;1.097136e-01;8.465969e-03;1.148759e-02;1.974685e-01;1.148851e-01;4.154813e-01;3.755956e-02;1.400755e-02;1.346764e-02
2.514364e-02;1.116992e-02;5.226968e-02;1.084740e-01;1.098158e-02;1.801567e-02;2.199438e-01;1.393859e-01;3.495648e-01;3.903448e-02;6.903096e-03;1.911342e-02
2.931569e-02;1.046024e-02;4.586023e-02;1.535664e-01;9.979515e-03;9.653275e-03;2.005052e-01;1.422025e-01;3.283479e-01;3.982399e-02;1.176626e-02;1.851886e-02
2.868401e-02;1.000002e-02;4.480114e-02;1.749994e-01;9.801125e-03;1.129711e-02;1.416204e-01;1.249515e-01;3.846669e-01;3.971059e-02;1.793879e-02;1.152910e-02
2.518812e-02;1.292181e-02;3.445136e-02;1.858390e-01;6.615264e-03;1.285922e-02;6.336633e-02;1.106525e-01;4.826572e-01;3.717146e-02;1.871760e-02;9.560044e-03
4.310053e-02;1.436745e-02;2.220190e-02;1.946088e-01;7.198986e-03;1.139684e-02;4.658236e-02;7.597104e-02;5.277973e-01;3.981327e-02;9.531557e-03;7.429886e-03
4.694494e-02;1.213008e-02;1.866839e-02;1.557929e-01;9.989674e-03;9.652631e-03;8.060861e-02;8.996527e-02;5.228286e-01;3.907141e-02;6.618770e-03;7.728805e-03
3.774415e-02;6.611179e-03;3.813191e-02;7.967597e-02;1.055885e-02;8.608872e-03;1.261547e-01;1.294636e-01;4.931569e-01;4.442483e-02;9.117364e-03;1.635165e-02
2.202260e-02;1.654662e-02;5.998858e-02;8.622960e-02;9.742877e-03;6.351811e-03;1.741481e-01;1.136138e-01;4.263781e-01;5.353263e-02;1.561672e-02;1.582863e-02
2.227105e-02;2.433549e-02;7.882828e-02;1.631398e-01;2.836818e-02;2.979750e-02;1.900804e-01;7.380864e-02;3.146631e-01;4.974093e-02;1.271080e-02;1.225584e-02
3.877244e-02;1.651544e-02;1.140759e-01;1.890693e-01;7.569395e-02;8.313257e-02;1.710317e-01;5.481929e-02;2.019037e-01;3.240876e-02;1.213837e-02;1.043853e-02
3.852303e-02;2.685787e-02;1.008522e-01;1.999290e-01;9.374284e-02;1.098592e-01;1.626605e-01;4.354690e-02;1.713684e-01;2.635944e-02;1.175421e-02;1.454627e-02
5.472732e-02;5.490989e-02;4.282339e-02;2.198691e-01;7.455326e-02;8.714966e-02;1.409795e-01;6.824343e-02;1.774988e-01;3.748691e-02;1.308468e-02;2.867400e-02
1.336325e-01;9.683748e-02;6.558534e-02;1.865311e-01;6.082335e-02;6.717199e-02;1.240394e-01;7.739819e-02;9.875250e-02;4.260299e-02;1.555388e-02;3.107130e-02
1.054134e-01;8.737560e-02;8.828304e-02;1.380306e-01;7.978833e-02;7.455026e-02;1.412960e-01;5.820251e-02;1.148810e-01;5.700134e-02;2.782707e-02;2.735089e-02
4.355698e-02;2.414072e-02;1.266538e-01;5.899588e-02;7.813748e-02;6.314201e-02;2.603576e-01;9.869704e-02;1.045769e-01;7.024956e-02;3.557409e-02;3.591790e-02
5.579076e-02;2.029056e-02;1.235194e-01;5.039245e-02;1.336924e-01;6.917329e-02;1.856969e-01;7.971735e-02;9.025347e-02;8.183777e-02;4.473811e-02;6.489760e-02
4.001799e-02;2.306660e-02;1.133026e-01;6.916304e-02;1.965594e-01;7.562149e-02;1.014702e-01;7.147787e-02;1.275310e-01;6.315214e-02;3.465412e-02;8.398355e-02
1.211097e-02;1.548960e-02;1.058443e-01;6.828441e-02;2.286714e-01;7.918917e-02;1.295398e-01;6.287678e-02;1.706087e-01;2.985840e-02;1.330307e-02;8.422336e-02
9.734313e-03;9.040069e-03;1.091762e-01;6.328353e-02;2.421150e-01;7.849493e-02;1.572718e-01;4.891486e-02;1.620058e-01;2.318672e-02;1.027443e-02;8.650235e-02
1.783654e-02;7.992850e-03;1.374620e-01;7.819464e-02;2.584209e-01;7.261881e-02;1.286802e-01;3.218111e-02;1.238850e-01;3.437737e-02;1.765092e-02;9.069958e-02
2.512401e-02;1.092315e-02;1.932876e-01;1.115603e-01;2.452378e-01;6.463931e-02;7.510471e-02;2.938292e-02;9.333491e-02;5.165269e-02;2.398733e-02;7.576525e-02
2.405228e-02;2.548538e-02;2.050312e-01;1.429444e-01;2.302244e-01;7.872476e-02;5.725024e-02;3.496857e-02;5.861406e-02;5.593201e-02;4.216621e-02;4.460650e-02
1.768132e-02;2.489405e-02;1.529097e-01;1.720887e-01;2.411549e-01;1.343157e-01;4.848807e-02;4.632453e-02;3.302407e-02;4.109637e-02;7.197143e-02;1.605111e-02
1.301726e-02;1.810286e-02;1.188861e-01;1.876618e-01;1.884400e-01;1.458558e-01;7.566094e-02;4.460474e-02;2.648499e-02;3.091549e-02;1.238747e-01;2.649527e-02
1.818024e-02;1.075851e-02;1.518351e-01;1.682333e-01;1.088920e-01;1.141861e-01;7.749026e-02;4.733833e-02;3.327251e-02;4.412809e-02;1.950438e-01;3.064175e-02
3.619888e-02;6.483385e-03;1.910538e-01;1.184461e-01;4.567788e-02;6.033267e-02;5.599865e-02;3.807391e-02;5.567384e-02;7.045813e-02;2.959586e-01;2.564413e-02
5.595229e-02;5.929768e-03;2.019987e-01;9.975313e-02;3.324433e-02;2.130755e-02;3.099067e-02;1.903387e-02;5.878663e-02;1.089318e-01;3.381944e-01;2.587696e-02
8.156341e-02;5.394159e-03;2.319093e-01;7.681373e-02;2.416386e-02;1.595530e-02;2.692248e-02;8.574277e-03;5.365672e-02;1.655610e-01;2.951641e-01;1.432162e-02
1.028886e-01;4.826155e-03;2.773672e-01;6.483682e-02;1.986863e-02;1.341160e-02;3.553397e-02;1.479296e-02;4.404525e-02;2.077607e-01;2.027344e-01;1.193370e-02
1.195958e-01;6.783591e-03;3.422120e-01;6.917730e-02;2.564110e-02;1.256213e-02;4.385510e-02;1.838324e-02;3.861263e-02;2.264692e-01;9.359556e-02;3.112398e-03
1.284281e-01;1.033771e-02;3.967609e-01;6.324396e-02;2.500418e-02;1.220313e-02;4.526914e-02;1.524649e-02;4.000158e-02;2.343726e-01;2.479798e-02;4.334178e-03
1.176293e-01;7.360881e-03;3.723307e-01;5.218677e-02;2.449708e-02;9.851325e-03;3.708074e-02;1.103126e-02;5.729297e-02;2.341083e-01;6.812204e-02;8.508753e-03
9.124006e-02;1.034854e-02;3.294641e-01;5.466863e-02;2.165935e-02;9.031699e-03;2.595810e-02;1.024507e-02;7.750976e-02;2.796487e-01;8.093968e-02;9.286412e-03
6.045400e-02;1.034424e-02;2.663330e-01;7.743702e-02;1.692271e-02;7.277322e-03;2.002745e-02;9.644762e-03;8.441892e-02;3.259154e-01;1.118585e-01;9.366573e-03
4.367676e-02;1.554453e-02;2.468396e-01;9.786788e-02;1.923812e-02;1.175021e-02;1.764739e-02;6.898835e-03;8.058293e-02;3.261184e-01;1.253662e-01;8.469162e-03
4.518319e-02;3.938375e-02;3.145939e-01;8.125912e-02;3.144110e-02;1.591453e-02;3.162943e-02;1.510114e-02;3.834937e-02;2.875105e-01;9.154658e-02;8.087372e-03
5.990576e-02;4.908590e-02;3.777467e-01;6.990948e-02;4.160708e-02;1.773746e-02;4.826976e-02;1.567609e-02;4.959207e-02;1.993241e-01;6.098300e-02;1.016256e-02
5.574325e-02;2.936983e-02;4.662627e-01;6.925870e-02;4.952341e-02;1.392111e-02;4.228697e-02;1.067615e-02;3.240363e-02;1.464286e-01;7.764157e-02;6.484104e-03
4.706145e-02;3.536627e-02;5.005646e-01;5.460972e-02;4.065534e-02;1.436702e-02;1.653638e-02;1.870576e-02;2.977302e-02;1.527813e-01;7.609132e-02;1.348787e-02
3.720023e-02;4.980952e-02;4.768970e-01;5.634011e-02;3.657678e-02;1.544428e-02;3.713150e-02;3.514663e-02;4.757711e-02;1.623870e-01;2.415321e-02;2.133657e-02
3.617973e-02;3.485111e-02;4.614737e-01;8.124705e-02;3.783220e-02;1.233948e-02;4.565899e-02;3.498130e-02;5.227292e-02;1.342300e-01;5.279015e-02;1.614339e-02
4.764012e-02;2.043809e-02;4.252043e-01;1.145565e-01;5.151118e-02;2.280206e-02;4.695501e-02;2.309461e-02;6.493337e-02;1.060719e-01;6.990687e-02;6.885981e-03
4.278366e-02;1.397611e-02;4.001769e-01;1.730669e-01;6.534060e-02;2.842537e-02;2.546103e-02;1.738833e-02;6.157543e-02;9.437097e-02;7.004786e-02;7.386917e-03
4.102829e-02;2.208981e-02;4.168682e-01;1.856844e-01;6.640467e-02;2.334475e-02;1.953442e-02;1.349402e-02;3.476333e-02;9.235428e-02;7.711814e-02;7.315659e-03
5.247775e-02;4.386677e-02;4.475800e-01;1.205871e-01;5.726077e-02;2.332672e-02;3.448325e-02;1.569976e-02;3.431108e-02;8.747060e-02;7.696407e-02;5.972217e-03
6.651463e-02;8.626372e-02;4.100105e-01;7.133821e-02;4.248350e-02;3.044708e-02;4.871449e-02;1.670601e-02;4.309409e-02;1.039602e-01;6.449594e-02;1.597163e-02
1.009822e-01;1.300112e-01;3.571552e-01;5.455995e-02;2.839944e-02;4.014185e-02;4.640558e-02;2.327342e-02;6.128859e-02;1.094095e-01;2.727476e-02;2.109844e-02
1.496083e-01;1.364057e-01;2.937247e-01;7.534888e-02;3.428819e-02;3.794189e-02;3.657556e-02;3.211880e-02;5.859340e-02;8.128827e-02;4.882253e-02;1.528369e-02
1.508155e-01;9.191422e-02;3.211636e-01;8.534034e-02;4.101285e-02;3.067263e-02;2.375771e-02;4.107257e-02;4.168923e-02;6.667868e-02;8.814809e-02;1.773453e-02
1.559607e-01;6.108315e-02;3.025578e-01;7.157233e-02;4.373917e-02;3.815642e-02;3.347907e-02;4.543157e-02;4.372933e-02;8.616052e-02;9.318816e-02;2.494184e-02
1.388893e-01;9.982233e-02;2.995329e-01;4.384089e-02;4.121746e-02;4.075229e-02;3.960919e-02;3.947833e-02;6.566893e-02;8.031664e-02;8.188099e-02;2.899075e-02
6.953873e-02;1.224626e-01;4.753108e-01;3.526991e-02;2.520075e-02;3.641621e-02;2.665703e-02;5.312201e-02;5.319441e-02;3.024200e-02;5.192452e-02;2.066110e-02
2.788233e-02;8.321425e-02;5.872793e-01;5.732042e-02;2.747057e-02;3.064577e-02;2.265584e-02;4.770562e-02;3.490084e-02;4.393875e-02;1.978509e-02;1.720115e-02
1.158771e-02;3.630215e-02;6.261851e-01;7.142134e-02;3.562061e-02;2.434052e-02;2.556805e-02;2.937989e-02;3.000856e-02;8.637238e-02;1.297083e-02;1.024290e-02
1.703845e-02;2.995617e-02;6.264412e-01;5.993677e-02;3.725575e-02;1.814324e-02;3.074775e-02;1.347729e-02;2.158699e-02;1.220244e-01;1.410797e-02;9.283990e-03
1.772956e-02;4.608039e-02;6.121036e-01;3.622809e-02;3.355355e-02;1.297469e-02;2.948020e-02;1.917376e-02;4.036093e-02;1.373714e-01;7.173094e-03;7.770819e-03
1.769242e-02;6.879265e-02;5.623903e-01;4.391347e-02;2.741845e-02;1.626087e-02;1.752135e-02;5.096564e-02;5.845343e-02;1.214091e-01;6.448281e-03;8.734046e-03
2.180282e-02;1.092032e-01;4.696438e-01;4.377377e-02;2.445194e-02;2.795811e-02;1.590470e-02;7.717846e-02;9.705482e-02;8.766365e-02;7.660806e-03;1.770395e-02
4.750317e-02;1.576515e-01;3.947738e-01;5.732478e-02;2.241409e-02;3.893729e-02;1.605670e-02;6.944797e-02;1.055849e-01;6.089208e-02;5.056747e-03;2.435693e-02
1.149774e-01;1.873156e-01;3.527586e-01;6.429734e-02;1.717165e-02;4.199286e-02;2.141064e-02;5.517085e-02;8.168980e-02;3.395800e-02;5.771335e-03;2.348590e-02
1.882990e-01;1.522551e-01;3.390966e-01;5.469589e-02;1.655618e-02;3.112479e-02;4.020878e-02;5.500230e-02;6.341511e-02;2.386053e-02;1.080967e-02;2.467610e-02
2.422473e-01;5.319071e-02;2.906812e-01;3.989156e-02;1.800972e-02;1.851476e-02;5.195477e-02;1.001401e-01;9.690467e-02;2.949402e-02;1.021678e-02;4.875449e-02
2.854342e-01;7.151059e-02;1.715867e-01;2.689715e-02;3.527091e-02;1.940383e-02;4.373005e-02;1.189218e-01;1.122719e-01;3.657219e-02;1.653860e-02;6.186205e-02
2.961272e-01;9.643672e-02;1.900914e-01;2.032364e-02;3.515552e-02;1.934810e-02;6.732572e-02;9.871604e-02;6.084791e-02;3.409153e-02;1.929571e-02;6.224055e-02
2.186105e-01;7.997162e-02;2.047195e-01;3.032372e-02;4.054815e-02;2.882309e-02;1.272152e-01;5.742083e-02;4.161272e-02;5.101272e-02;3.841549e-02;8.132648e-02
1.195720e-01;3.476700e-02;2.073493e-01;5.346410e-02;4.517750e-02;4.858013e-02;1.830096e-01;2.689471e-02;5.705210e-02;7.003000e-02;6.842141e-02;8.568212e-02
9.097125e-02;2.200176e-02;2.804645e-01;5.459863e-02;3.950869e-02;4.505330e-02;1.202344e-01;5.467998e-02;4.188171e-02;4.890298e-02;1.104771e-01;9.122571e-02
1.011615e-01;2.726015e-02;2.999093e-01;5.271365e-02;3.264383e-02;4.302118e-02;5.454120e-02;6.966698e-02;3.584429e-02;6.151605e-02;1.350984e-01;8.662349e-02
7.135034e-02;6.918516e-02;2.245056e-01;3.911504e-02;3.260893e-02;8.164126e-02;9.543604e-02;6.956890e-02;3.840122e-02;6.307319e-02;1.485586e-01;6.655574e-02
8.608605e-02;6.512809e-02;1.713140e-01;3.056815e-02;3.278591e-02;1.243735e-01;7.731553e-02;5.024122e-02;3.859579e-02;8.558618e-02;1.860484e-01;5.195719e-02
8.406421e-02;3.739269e-02;1.351740e-01;3.816737e-02;4.130078e-02;1.321014e-01;6.287816e-02;3.845258e-02;4.922523e-02;1.264951e-01;2.114104e-01;4.333810e-02
1.251779e-01;4.029152e-02;1.278474e-01;3.579915e-02;4.703392e-02;8.531480e-02;7.731137e-02;4.433429e-02;5.432761e-02;1.247859e-01;2.027343e-01;3.504178e-02
1.386353e-01;6.234313e-02;1.208041e-01;3.207312e-02;6.677207e-02;7.661137e-02;1.136911e-01;5.608752e-02;5.203972e-02;9.889147e-02;1.441012e-01;3.794993e-02
9.664430e-02;6.427412e-02;1.077278e-01;4.961153e-02;8.334563e-02;1.201458e-01;1.317911e-01;4.790157e-02;5.289305e-02;9.741213e-02;1.127254e-01;3.552764e-02
5.288241e-02;5.037721e-02;7.316646e-02;6.635511e-02;1.140111e-01;1.541415e-01;8.020683e-02;3.790506e-02;6.497982e-02;1.530947e-01;1.331621e-01;1.971774e-02
4.183782e-02;4.762472e-02;4.492947e-02;3.095327e-02;1.669063e-01;1.473962e-01;4.214052e-02;3.081833e-02;8.052496e-02;2.071582e-01;1.338220e-01;2.588816e-02
4.221410e-02;4.874479e-02;5.872403e-02;4.730828e-02;1.925139e-01;9.466257e-02;5.084556e-02;2.823022e-02;7.918209e-02;2.532921e-01;8.907230e-02;1.521003e-02
5.304947e-02;3.936192e-02;5.999466e-02;7.296403e-02;2.145401e-01;6.798790e-02;6.205096e-02;2.252291e-02;5.552656e-02;2.749565e-01;6.104558e-02;1.599952e-02
5.753634e-02;2.482974e-02;6.914310e-02;1.128583e-01;1.986703e-01;6.657981e-02;7.711063e-02;2.328488e-02;6.400626e-02;2.325201e-01;5.732209e-02;1.613847e-02
7.161842e-02;1.951369e-02;5.208385e-02;1.696899e-01;1.501133e-01;5.654513e-02;7.617658e-02;3.399746e-02;9.710424e-02;1.987175e-01;5.352535e-02;2.091460e-02
8.131944e-02;2.577680e-02;5.253845e-02;1.941337e-01;1.067979e-01;3.404992e-02;9.171121e-02;4.533227e-02;1.178302e-01;1.706393e-01;5.464727e-02;2.522362e-02
9.336546e-02;2.776334e-02;8.984105e-02;2.198134e-01;7.784589e-02;2.364638e-02;8.821602e-02;5.605873e-02;1.272667e-01;1.366951e-01;4.380924e-02;1.567862e-02
9.849425e-02;3.073990e-02;9.326476e-02;2.379669e-01;8.782456e-02;1.997463e-02;5.064423e-02;5.928806e-02;1.309648e-01;1.335578e-01;3.961608e-02;1.766401e-02
7.903124e-02;2.069275e-02;1.260693e-01;1.936257e-01;8.303883e-02;2.144760e-02;9.267762e-02;6.314158e-02;1.297087e-01;1.361887e-01;3.854006e-02;1.583789e-02
5.902135e-02;3.918632e-02;1.430607e-01;1.230942e-01;7.568237e-02;2.366590e-02;2.143226e-01;7.161612e-02;9.300752e-02;1.076005e-01;4.119268e-02;8.549766e-03
5.936541e-02;5.214113e-02;1.005468e-01;6.222510e-02;7.897757e-02;2.958754e-02;3.432071e-01;7.826339e-02;6.936403e-02;6.707245e-02;3.802070e-02;2.122883e-02
6.521484e-02;4.159748e-02;6.615921e-02;5.534459e-02;7.346506e-02;2.797625e-02;3.603045e-01;6.315555e-02;8.726148e-02;8.494055e-02;4.537385e-02;2.920660e-02
5.953161e-02;3.614756e-02;1.143835e-01;9.827619e-02;8.463500e-02;3.641999e-02;2.541265e-01;4.203755e-02;8.814803e-02;9.779195e-02;5.138027e-02;3.712193e-02
6.010615e-02;2.918170e-02;1.600018e-01;1.302090e-01;7.313410e-02;4.833720e-02;1.922458e-01;4.779704e-02;7.437206e-02;1.053225e-01;4.214471e-02;3.714796e-02
7.500350e-02;3.215193e-02;1.633911e-01;1.001979e-01;5.487055e-02;6.362952e-02;2.363293e-01;4.913442e-02;5.717197e-02;9.263768e-02;3.980584e-02;3.567631e-02
8.476444e-02;3.416083e-02;1.691666e-01;6.475553e-02;8.130202e-02;6.463192e-02;2.299964e-01;4.043323e-02;6.339701e-02;1.011076e-01;4.530820e-02;2.097615e-02
8.743842e-02;4.664456e-02;1.823477e-01;7.852229e-02;8.585677e-02;5.498914e-02;1.857066e-01;6.911450e-02;6.430572e-02;8.558206e-02;3.730175e-02;2.219047e-02
7.082944e-02;4.325671e-02;1.487165e-01;1.040178e-01;9.705760e-02;7.073990e-02;1.528600e-01;7.745884e-02;7.922697e-02;8.777002e-02;4.126108e-02;2.680509e-02
4.687056e-02;4.294793e-02;1.312186e-01;1.216643e-01;1.069032e-01;8.555590e-02;1.560711e-01;6.174266e-02;1.001531e-01;9.501001e-02;1.925502e-02;3.260766e-02
2.724547e-02;4.938827e-02;1.057674e-01;1.937366e-01;9.030771e-02;7.285115e-02;1.508352e-01;7.017913e-02;8.222867e-02;8.818209e-02;3.189667e-02;3.738156e-02
5.192611e-02;6.082400e-02;1.182345e-01;2.543783e-01;5.275811e-02;3.888727e-02;1.097178e-01;9.129627e-02;5.658172e-02;7.348678e-02;5.722868e-02;3.468049e-02
5.890023e-02;7.638114e-02;1.787624e-01;2.112928e-01;6.027558e-02;2.537085e-02;7.520195e-02;8.199831e-02;7.338006e-02;5.922330e-02;6.038905e-02;3.882430e-02
8.736967e-02;9.200894e-02;1.284273e-01;1.098733e-01;6.995568e-02;2.897642e-02;1.095536e-01;6.633537e-02;9.331080e-02;7.220433e-02;7.434764e-02;6.763693e-02
1.128353e-01;1.127557e-01;8.435514e-02;7.378654e-02;4.841593e-02;4.918400e-02;1.450000e-01;6.588812e-02;7.554919e-02;6.657042e-02;6.638055e-02;9.927911e-02
