1.042432e-01;1.915104e-01;6.319069e-02;3.207676e-02;1.821295e-02;4.407470e-02;8.230352e-02;9.484584e-02;6.504485e-02;7.425850e-02;1.052512e-01;1.249874e-01
1.149494e-01;2.928042e-01;1.294757e-01;1.496973e-02;2.313634e-02;3.517178e-02;5.406745e-02;7.711818e-02;6.323357e-02;4.184377e-02;5.797422e-02;9.525566e-02
6.036904e-02;2.828814e-01;2.667761e-01;3.410767e-02;2.178012e-02;1.097343e-02;1.387964e-02;3.684057e-02;7.494392e-02;1.390476e-01;2.289329e-02;3.550719e-02
1.681904e-02;1.815822e-01;3.084985e-01;6.294005e-02;1.816511e-02;2.479012e-02;2.176339e-02;2.706488e-02;8.324990e-02;1.837547e-01;5.462038e-02;1.675181e-02
1.103997e-02;9.503632e-02;2.539239e-01;1.361102e-01;6.482731e-02;6.615967e-02;1.820489e-02;2.423934e-02;7.054497e-02;1.400020e-01;1.068862e-01;1.302532e-02
1.164139e-02;4.728835e-02;1.476796e-01;1.887137e-01;1.847198e-01;1.616221e-01;1.702132e-02;2.056813e-02;4.223893e-02;4.373888e-02;8.699694e-02;4.777096e-02
1.871124e-02;3.365875e-02;8.637106e-02;1.277422e-01;2.596537e-01;3.053213e-01;1.710390e-02;1.508972e-02;3.160768e-02;2.195540e-02;1.862709e-02;6.415796e-02
2.918494e-02;1.613707e-02;8.480804e-02;7.973435e-02;2.062917e-01;4.227885e-01;1.960509e-02;3.703501e-02;2.431700e-02;2.739039e-02;1.211887e-02;4.058898e-02
3.395237e-02;3.527410e-02;5.497438e-02;8.312951e-02;1.324082e-01;4.839641e-01;2.667938e-02;7.215144e-02;1.611557e-02;3.252690e-02;9.202322e-03;1.962162e-02
2.849250e-02;3.999548e-02;4.603134e-02;8.561757e-02;7.156152e-02;4.671167e-01;6.065297e-02;1.171399e-01;2.808279e-02;3.697234e-02;9.355935e-03;8.980964e-03
1.581574e-02;3.537656e-02;5.058054e-02;5.495976e-02;3.812097e-02;4.045700e-01;1.269064e-01;1.826924e-01;4.839854e-02;2.456147e-02;1.551551e-02;2.502182e-03
8.769525e-03;3.539946e-02;3.290524e-02;2.723092e-02;6.007215e-02;3.231518e-01;1.386537e-01;2.859162e-01;5.109780e-02;1.280860e-02;2.294492e-02;1.049669e-03
5.536777e-03;2.441877e-02;3.415695e-02;2.621474e-02;8.386907e-02;2.773624e-01;9.145131e-02;3.642936e-01;4.728178e-02;2.185274e-02;2.049938e-02;3.062461e-03
4.561261e-03;1.700815e-02;3.388069e-02;2.564858e-02;7.579360e-02;2.237071e-01;5.045791e-02;4.742968e-01;5.286688e-02;1.958527e-02;1.684547e-02;5.348231e-03
3.828819e-03;2.366523e-02;3.520370e-02;2.443691e-02;3.783125e-02;9.259313e-02;5.970490e-02;6.170049e-01;6.655315e-02;1.317219e-02;1.705550e-02;8.950301e-03
5.116628e-03;1.739213e-02;4.057065e-02;1.005558e-02;2.292641e-02;8.760025e-02;4.614919e-02;6.376793e-01;8.595613e-02;2.889166e-02;1.218982e-02;5.472315e-03
5.693740e-03;1.977393e-02;2.960694e-02;1.062561e-02;2.167871e-02;1.490352e-01;3.700147e-02;6.065024e-01;8.878953e-02;2.169577e-02;6.486142e-03;3.110518e-03
4.203044e-03;1.312640e-02;2.795128e-02;1.272408e-02;2.393517e-02;1.823519e-01;3.340753e-02;5.925519e-01;8.690024e-02;1.508252e-02;4.287960e-03;3.477911e-03
3.578836e-03;1.578811e-02;3.840006e-02;1.014581e-02;2.006123e-02;3.122878e-01;4.700345e-02;4.494404e-01;6.168927e-02;3.112808e-02;7.380992e-03;3.095861e-03
2.893304e-03;2.119585e-02;3.680717e-02;6.954253e-03;1.449714e-02;3.975008e-01;8.533460e-02;3.336737e-01;4.522480e-02;3.627164e-02;1.434734e-02;5.299451e-03
6.049266e-03;3.045979e-02;6.329375e-02;1.205324e-02;1.345822e-02;4.720592e-01;1.061004e-01;2.252139e-01;2.571703e-02;3.005165e-02;9.871218e-03;5.672354e-03
5.783294e-03;3.319575e-02;7.554448e-02;1.268713e-02;2.070206e-02;4.723219e-01;9.564652e-02;1.931657e-01;4.149153e-02;3.371191e-02;9.876505e-03;5.873282e-03
5.789603e-03;2.710419e-02;6.604206e-02;1.204034e-02;2.297639e-02;4.122831e-01;5.934718e-02;2.945254e-01;5.960367e-02;3.081527e-02;5.169856e-03;4.303029e-03
9.379135e-03;3.293507e-02;5.654714e-02;1.954718e-02;2.343081e-02;3.332078e-01;4.614907e-02;3.642522e-01;7.050769e-02;3.538246e-02;5.274434e-03;3.387023e-03
2.769845e-02;4.348095e-02;6.984416e-02;4.368351e-02;2.506311e-02;2.120451e-01;4.712531e-02;3.747043e-01;7.932230e-02;5.203972e-02;1.331983e-02;1.167326e-02
3.984318e-02;6.203931e-02;6.083024e-02;6.816471e-02;8.171247e-02;2.233801e-01;1.308154e-01;1.992302e-01;6.277597e-02;1.595356e-02;3.561994e-02;1.963497e-02
3.106691e-02;4.490884e-02;8.068419e-02;7.464077e-02;9.199282e-02;2.079747e-01;1.590021e-01;1.170769e-01;5.424580e-02;3.378551e-02;6.954262e-02;3.507885e-02
5.663214e-02;4.473418e-02;1.483513e-01;1.066108e-01;6.060683e-02;9.143113e-02;1.412915e-01;7.038756e-02;5.143479e-02;8.280456e-02;6.987026e-02;7.584498e-02
4.404112e-02;6.079669e-02;1.766854e-01;1.388148e-01;7.723853e-02;1.072758e-01;7.333520e-02;5.519775e-02;3.497687e-02;9.808011e-02;7.036815e-02;6.318967e-02
1.770395e-02;4.784948e-02;1.765611e-01;1.676949e-01;1.031803e-01;1.098837e-01;6.308836e-02;3.517412e-02;1.793486e-02;1.507338e-01;8.188688e-02;2.830865e-02
8.229934e-03;3.659685e-02;1.843808e-01;1.481266e-01;8.790013e-02;7.252947e-02;9.198134e-02;2.288858e-02;3.821343e-02;2.301779e-01;6.480996e-02;1.416504e-02
5.527033e-03;4.104106e-02;1.847463e-01;7.712045e-02;4.689402e-02;7.277644e-02;1.047449e-01;2.577687e-02;8.557089e-02;3.046645e-01;3.081903e-02;2.031866e-02
5.422774e-03;6.154438e-02;1.401166e-01;2.492958e-02;1.566590e-02;1.214381e-01;6.185088e-02;2.329231e-02;1.877730e-01;3.121704e-01;6.811966e-03;3.898403e-02
6.708126e-03;8.315241e-02;8.109325e-02;4.177757e-02;1.005580e-02;1.609373e-01;2.045683e-02;1.715218e-02;3.075829e-01;1.992449e-01;1.263604e-02;5.920272e-02
9.493279e-03;1.020502e-01;4.630322e-02;6.615384e-02;8.683821e-03;1.757021e-01;1.167577e-02;2.104003e-02;3.640836e-01;9.693836e-02;1.229496e-02;8.558081e-02
9.516030e-03;1.282433e-01;3.979252e-02;9.109077e-02;1.269939e-02;1.721565e-01;1.449316e-02;2.740554e-02;3.339217e-01;3.883324e-02;1.733032e-02;1.145175e-01
1.976865e-02;2.052977e-01;5.260660e-02;1.049286e-01;1.928988e-02;1.486413e-01;1.471164e-02;5.563256e-02;2.556932e-01;2.008444e-02;9.955471e-03;9.339004e-02
4.576086e-02;2.755435e-01;4.595114e-02;1.044652e-01;1.986250e-02;1.221353e-01;3.394153e-02;8.055327e-02;1.977617e-01;1.684653e-02;9.629039e-03;4.754947e-02
7.163464e-02;2.727666e-01;5.321080e-02;7.039479e-02;2.347420e-02;1.020836e-01;6.654569e-02;1.068257e-01;1.205207e-01;4.372659e-02;3.155910e-02;3.725755e-02
8.302748e-02;1.986412e-01;9.298589e-02;3.890086e-02;3.846346e-02;9.461331e-02;8.751497e-02;1.176662e-01;7.111827e-02;7.539842e-02;4.980765e-02;5.186217e-02
5.413810e-02;1.336013e-01;1.171926e-01;7.275054e-02;3.143212e-02;7.744829e-02;7.778393e-02;9.814746e-02;8.983902e-02;1.365569e-01;4.022458e-02;7.088517e-02
4.390471e-02;1.880123e-01;1.206561e-01;1.970210e-01;2.773001e-02;3.496470e-02;8.833750e-02;6.688468e-02;6.461673e-02;9.909610e-02;1.952063e-02;4.925561e-02
4.191808e-02;2.116930e-01;9.660807e-02;3.016784e-01;1.886813e-02;4.291854e-02;8.420120e-02;3.589605e-02;8.147945e-02;3.985354e-02;1.712973e-02;2.775582e-02
2.980635e-02;2.060215e-01;5.887665e-02;2.992688e-01;1.027161e-02;1.105246e-01;5.571142e-02;2.830959e-02;1.325350e-01;3.205474e-02;1.420557e-02;2.241408e-02
2.285541e-02;1.980566e-01;8.274086e-02;1.769385e-01;1.153156e-02;1.744679e-01;3.982942e-02;9.512673e-02;1.374693e-01;2.867559e-02;9.378530e-03;2.292968e-02
1.591882e-02;1.866986e-01;1.353053e-01;6.815572e-02;1.686639e-02;1.624144e-01;4.751952e-02;1.890770e-01;9.468613e-02;4.982436e-02;1.116020e-02;2.237354e-02
9.962125e-03;1.524430e-01;1.738661e-01;5.275989e-02;2.599503e-02;8.590142e-02;1.058210e-01;1.805619e-01;7.303707e-02;1.109014e-01;9.159920e-03;1.959116e-02
1.137865e-02;9.294394e-02;1.833961e-01;3.506071e-02;4.252772e-02;5.242453e-02;1.889966e-01;8.726382e-02;1.196213e-01;1.666604e-01;3.621148e-03;1.610500e-02
1.204208e-02;1.017872e-01;1.802846e-01;2.762969e-02;4.139249e-02;4.880335e-02;2.241707e-01;5.130444e-02;1.401564e-01;1.487175e-01;8.730590e-03;1.498106e-02
1.559331e-02;1.241418e-01;1.933273e-01;5.380103e-02;3.027398e-02;6.206600e-02;2.092409e-01;5.113650e-02;1.332810e-01;8.335274e-02;1.047537e-02;3.331003e-02
1.734519e-02;1.369744e-01;2.141207e-01;5.496546e-02;3.233725e-02;8.893503e-02;1.749896e-01;3.862668e-02;9.250044e-02;9.352209e-02;1.652915e-02;3.915405e-02
1.443736e-02;1.759384e-01;2.349303e-01;4.400013e-02;3.236225e-02;6.486838e-02;1.778407e-01;3.671515e-02;5.964423e-02;1.320878e-01;4.795676e-03;2.237959e-02
1.711599e-02;1.967192e-01;2.091159e-01;3.298712e-02;2.664796e-02;3.305950e-02;1.408634e-01;4.804373e-02;1.219711e-01;1.480405e-01;5.646389e-03;1.978918e-02
2.113251e-02;2.028998e-01;1.616658e-01;4.270313e-02;1.505555e-02;6.149920e-02;9.079649e-02;8.659075e-02;1.786881e-01;1.004330e-01;7.698630e-03;3.083702e-02
2.534623e-02;1.962488e-01;1.482894e-01;6.817499e-02;8.630504e-03;1.077561e-01;8.267624e-02;9.605750e-02;1.549238e-01;5.149977e-02;1.592461e-02;4.447216e-02
2.640234e-02;1.793823e-01;1.582344e-01;8.069474e-02;1.895895e-02;1.228969e-01;6.799422e-02;7.255694e-02;9.688099e-02;1.079016e-01;2.249608e-02;4.560068e-02
2.163180e-02;1.670275e-01;1.322310e-01;5.820507e-02;2.564700e-02;1.300798e-01;9.140147e-02;7.860979e-02;9.034401e-02;1.420926e-01;2.406677e-02;3.866316e-02
1.691772e-02;1.598947e-01;1.365991e-01;1.027060e-01;1.898407e-02;1.339488e-01;9.658150e-02;8.823889e-02;5.619040e-02;1.468699e-01;2.011087e-02;2.295787e-02
3.163594e-02;1.394265e-01;2.043871e-01;1.063239e-01;3.179350e-02;1.109680e-01;7.517276e-02;7.788758e-02;5.248186e-02;1.040172e-01;5.340884e-02;1.249691e-02
5.557953e-02;1.593083e-01;2.274230e-01;8.122396e-02;6.487117e-02;8.393750e-02;9.578773e-02;9.000333e-02;3.517522e-02;3.576300e-02;4.211654e-02;2.881075e-02
8.789285e-02;1.847211e-01;1.856244e-01;7.439963e-02;9.363375e-02;8.905787e-02;9.429745e-02;9.564487e-02;3.182108e-02;1.582347e-02;1.898088e-02;2.810268e-02
8.662656e-02;1.667620e-01;1.728103e-01;1.432714e-01;7.978258e-02;9.029987e-02;7.155070e-02;8.420910e-02;2.491503e-02;1.750334e-02;1.522147e-02;4.704755e-02
5.495181e-02;1.365310e-01;1.086818e-01;2.433123e-01;4.076827e-02;8.051290e-02;1.127415e-01;6.838059e-02;1.671819e-02;2.308295e-02;1.802757e-02;9.629112e-02
3.668450e-02;9.036849e-02;9.006506e-02;2.415401e-01;5.079821e-02;6.290475e-02;1.411533e-01;8.645074e-02;2.316669e-02;2.035742e-02;3.931233e-02;1.171983e-01
4.047630e-02;6.222446e-02;2.032056e-01;1.096760e-01;6.909994e-02;8.850327e-02;9.513954e-02;9.435122e-02;3.942417e-02;2.455808e-02;7.646309e-02;9.687829e-02
3.992168e-02;3.531668e-02;2.848625e-01;5.243963e-02;5.352249e-02;1.432977e-01;7.910135e-02;6.335638e-02;6.135271e-02;3.668724e-02;9.188486e-02;5.825672e-02
3.734361e-02;6.651878e-02;2.214707e-01;1.023070e-01;4.156261e-02;1.326703e-01;1.216204e-01;4.869183e-02;8.374242e-02;4.538352e-02;7.189833e-02;2.679054e-02
3.497734e-02;1.335282e-01;1.196364e-01;1.135692e-01;4.400551e-02;8.381633e-02;1.433253e-01;6.472685e-02;1.182914e-01;5.027073e-02;5.609784e-02;3.775485e-02
4.288365e-02;1.516613e-01;7.737122e-02;9.117230e-02;4.207858e-02;5.924690e-02;1.115847e-01;1.146916e-01;1.449830e-01;5.002657e-02;7.135377e-02;4.294641e-02
5.101920e-02;9.958455e-02;8.102985e-02;1.367073e-01;5.299564e-02;8.382699e-02;5.808361e-02;1.307411e-01;1.383912e-01;2.554853e-02;7.718819e-02;6.488394e-02
6.387135e-02;5.061172e-02;9.925377e-02;1.378557e-01;3.899189e-02;7.786863e-02;6.041109e-02;1.275198e-01;1.614788e-01;6.160064e-02;4.716806e-02;7.336848e-02
5.711928e-02;8.472536e-02;9.192128e-02;1.014074e-01;4.350337e-02;9.569119e-02;5.434313e-02;8.346620e-02;1.964949e-01;1.131612e-01;2.430266e-02;5.386400e-02
5.868008e-02;6.694303e-02;1.152848e-01;7.974400e-02;3.294726e-02;1.067546e-01;4.701973e-02;8.458807e-02;2.315560e-01;1.065635e-01;2.689670e-02;4.302217e-02
5.718913e-02;1.269087e-01;1.175695e-01;6.542835e-02;1.842313e-02;1.082521e-01;5.368356e-02;9.281952e-02;1.732979e-01;7.704306e-02;6.674858e-02;4.263649e-02
3.855701e-02;1.177277e-01;9.955522e-02;6.339201e-02;2.148298e-02;8.452487e-02;7.475395e-02;7.427206e-02;1.802383e-01;1.250533e-01;7.163043e-02;4.881217e-02
4.617758e-02;1.123227e-01;6.227163e-02;5.047049e-02;2.500528e-02;6.688868e-02;9.894717e-02;1.165941e-01;2.239206e-01;1.070308e-01;4.943727e-02;4.093368e-02
7.075917e-02;1.208647e-01;6.445856e-02;3.749572e-02;2.726158e-02;8.386811e-02;9.950782e-02;1.609244e-01;1.784506e-01;6.675348e-02;3.779216e-02;5.186366e-02
8.506011e-02;1.822871e-01;9.096914e-02;4.315253e-02;3.256036e-02;8.455316e-02;1.127869e-01;1.518988e-01;8.502887e-02;4.991024e-02;2.266225e-02;5.913056e-02
6.679028e-02;2.603766e-01;5.861931e-02;3.350602e-02;1.864569e-02;7.150906e-02;1.774911e-01;1.113421e-01;5.037969e-02;2.439062e-02;2.163794e-02;1.053116e-01
7.842235e-02;2.778796e-01;5.074609e-02;4.750630e-02;1.004034e-02;5.518481e-02;2.085379e-01;8.155558e-02;3.346775e-02;1.752433e-02;1.930862e-02;1.198264e-01
8.402500e-02;2.679368e-01;4.755281e-02;4.817043e-02;1.403482e-02;5.410451e-02;2.150756e-01;7.799605e-02;3.463825e-02;1.705301e-02;2.643806e-02;1.129747e-01
9.271704e-02;2.249544e-01;4.980351e-02;4.656272e-02;2.239225e-02;7.448251e-02;1.946361e-01;8.546412e-02;5.032714e-02;1.950493e-02;3.693358e-02;1.022218e-01
8.482572e-02;1.665402e-01;7.132448e-02;6.488643e-02;2.821089e-02;9.874628e-02;1.753146e-01;9.361155e-02;7.046610e-02;2.411032e-02;4.130821e-02;8.065519e-02
6.960045e-02;1.191100e-01;1.019565e-01;1.571064e-01;2.372941e-02;8.383942e-02;2.353261e-01;5.290917e-02;4.274626e-02;2.212682e-02;3.720307e-02;5.434648e-02
4.600204e-02;1.460560e-01;5.229151e-02;2.604463e-01;1.139278e-02;5.063213e-02;2.528226e-01;4.454250e-02;1.387630e-02;1.692054e-02;2.236806e-02;8.264928e-02
2.833917e-02;1.169620e-01;2.388079e-02;3.237095e-01;8.911395e-03;3.753741e-02;2.938321e-01;2.935933e-02;1.224946e-02;1.321639e-02;1.875352e-02;9.324885e-02
2.024173e-02;7.793562e-02;1.171217e-02;3.240378e-01;2.341429e-02;2.488709e-02;3.515438e-01;2.248107e-02;1.383770e-02;1.039597e-02;1.332180e-02;1.061910e-01
1.723475e-02;5.444339e-02;9.825501e-03;2.676800e-01;2.388174e-02;3.323620e-02;4.074893e-01;1.557573e-02;2.220170e-02;1.532623e-02;1.268877e-02;1.204167e-01
2.172034e-02;5.395184e-02;1.645868e-02;1.946004e-01;3.121551e-02;9.773182e-02;3.466486e-01;5.012069e-02;3.255766e-02;2.856745e-02;1.324887e-02;1.131782e-01
3.314897e-02;4.629438e-02;1.621388e-02;1.195639e-01;5.808729e-02;2.230542e-01;2.190529e-01;7.826414e-02;4.064553e-02;6.224731e-02;1.169084e-02;9.173663e-02
5.348873e-02;9.017772e-02;4.294697e-02;5.495428e-02;7.913341e-02;2.267941e-01;1.603546e-01;8.843584e-02;4.591824e-02;8.037709e-02;1.357664e-02;6.384245e-02
6.526204e-02;1.386453e-01;5.274903e-02;5.429805e-02;5.034550e-02;1.004841e-01;2.769205e-01;7.663351e-02;4.105160e-02;1.005961e-01;9.237200e-03;3.377704e-02
4.945728e-02;1.391998e-01;3.506866e-02;7.160295e-02;4.197328e-02;4.972349e-02;3.729030e-01;5.238073e-02;3.642349e-02;1.301599e-01;7.367729e-03;1.373967e-02
3.196226e-02;1.583787e-01;4.938662e-02;7.252420e-02;1.736662e-02;3.017269e-02;3.629446e-01;3.406659e-02;5.775084e-02;1.581541e-01;8.165042e-03;1.912778e-02
2.682590e-02;1.958690e-01;6.977091e-02;7.202612e-02;8.817985e-03;2.229335e-02;2.779970e-01;2.325847e-02;1.182547e-01;1.502574e-01;7.255618e-03;2.737349e-02
3.002479e-02;2.330691e-01;1.020890e-01;7.779814e-02;8.488884e-03;5.282236e-02;1.156222e-01;2.019645e-02;2.209679e-01;9.557603e-02;1.080048e-02;3.254468e-02
2.267471e-02;2.385392e-01;1.229848e-01;6.179097e-02;9.525576e-03;8.716828e-02;6.231052e-02;1.746776e-02;2.709572e-01;7.060084e-02;7.558494e-03;2.842165e-02
3.537387e-02;2.621966e-01;1.491613e-01;4.774462e-02;8.892919e-03;8.093636e-02;5.432771e-02;1.954658e-02;2.582227e-01;5.643684e-02;3.992232e-03;2.316821e-02
4.433294e-02;2.990759e-01;1.665107e-01;6.996555e-02;8.985747e-03;8.481950e-02;5.148589e-02;2.350979e-02;1.991652e-01;2.807879e-02;5.407417e-03;1.866258e-02
4.014893e-02;3.182332e-01;2.063363e-01;6.828293e-02;1.329058e-02;7.006954e-02;9.768663e-02;2.247154e-02;1.217537e-01;2.188060e-02;4.963111e-03;1.488293e-02
4.063601e-02;2.890033e-01;2.300743e-01;4.385780e-02;1.420445e-02;4.052018e-02;2.077836e-01;2.850510e-02;6.651577e-02;1.841120e-02;4.872343e-03;1.561594e-02
4.541657e-02;2.217084e-01;2.373210e-01;5.433613e-02;2.252010e-02;4.489862e-02;2.423925e-01;4.479111e-02;3.993990e-02;2.242494e-02;7.477913e-03;1.677276e-02
6.607358e-02;2.100692e-01;2.094420e-01;5.012365e-02;2.011070e-02;6.424716e-02;1.953321e-01;7.725635e-02;4.874316e-02;2.825243e-02;1.113347e-02;1.921616e-02
7.693124e-02;2.511746e-01;1.761619e-01;5.164174e-02;2.168916e-02;7.573584e-02;1.095354e-01;8.300767e-02;7.473231e-02;3.637613e-02;1.434280e-02;2.867111e-02
5.624392e-02;2.586479e-01;1.779642e-01;4.954285e-02;2.840369e-02;7.088606e-02;9.907211e-02;5.343988e-02;1.036825e-01;3.741708e-02;1.616687e-02;4.853304e-02
4.317395e-02;2.092196e-01;1.753142e-01;8.041377e-02;2.803443e-02;7.928807e-02;1.506326e-01;5.805698e-02;9.207498e-02;2.871750e-02;1.743227e-02;3.764160e-02
4.976836e-02;2.182292e-01;1.969005e-01;7.882158e-02;2.175364e-02;5.400096e-02;1.641136e-01;4.550664e-02;7.089597e-02;3.701278e-02;3.177429e-02;3.122234e-02
4.680789e-02;2.156478e-01;1.953031e-01;4.723691e-02;1.326567e-02;8.475109e-02;1.563912e-01;6.747901e-02;7.947586e-02;3.040949e-02;2.950702e-02;3.372498e-02
2.815460e-02;1.847278e-01;1.690246e-01;5.945779e-02;1.245692e-02;7.974980e-02;2.029866e-01;8.940261e-02;9.204267e-02;3.168985e-02;1.818000e-02;3.212676e-02
3.570894e-02;1.958386e-01;1.762717e-01;5.537390e-02;1.796485e-02;5.219493e-02;1.973027e-01;8.695876e-02;1.024279e-01;3.769913e-02;1.558000e-02;2.667852e-02
4.021657e-02;2.070131e-01;1.680396e-01;3.930992e-02;1.601156e-02;6.012934e-02;1.744096e-01;8.576502e-02;1.208938e-01;4.568623e-02;1.794685e-02;2.457839e-02
4.156371e-02;2.049883e-01;1.432585e-01;3.906194e-02;1.011684e-02;4.123827e-02;1.854170e-01;1.084694e-01;1.352951e-01;4.434724e-02;1.694336e-02;2.930045e-02
3.939844e-02;1.954510e-01;1.378040e-01;5.169041e-02;8.878012e-03;3.831945e-02;2.034657e-01;1.028764e-01;1.353044e-01;3.404974e-02;1.364672e-02;3.911565e-02
3.065398e-02;1.778025e-01;1.260670e-01;6.114470e-02;1.170812e-02;9.870344e-02;1.864064e-01;1.146648e-01;1.274903e-01;2.006510e-02;1.027095e-02;3.502268e-02
4.362053e-02;1.595399e-01;9.212803e-02;6.640568e-02;2.194735e-02;1.337433e-01;1.289272e-01;1.407228e-01;1.417207e-01;2.979906e-02;1.528703e-02;2.615846e-02
3.896850e-02;1.323440e-01;9.834589e-02;6.440669e-02;3.135647e-02;1.988888e-01;1.249672e-01;1.039699e-01;1.363575e-01;2.978246e-02;1.499209e-02;2.562048e-02
4.057055e-02;1.317066e-01;1.380342e-01;6.042793e-02;6.902343e-02;1.588363e-01;1.060860e-01;8.798970e-02;1.340116e-01;3.383200e-02;1.509626e-02;2.438533e-02
3.691660e-02;9.499560e-02;1.827674e-01;1.429651e-01;1.272708e-01;1.099571e-01;6.838577e-02;8.731561e-02;8.711497e-02;3.121025e-02;1.611442e-02;1.498636e-02
4.277399e-02;1.020116e-01;1.929680e-01;1.725235e-01;1.563442e-01;9.162871e-02;9.090837e-02;5.816182e-02;4.024372e-02;2.667633e-02;8.673207e-03;1.708656e-02
4.104202e-02;1.198124e-01;1.885243e-01;1.841590e-01;1.751505e-01;7.640788e-02;9.870339e-02;4.030663e-02;4.538902e-02;1.478436e-02;4.114605e-03;1.160592e-02
2.853385e-02;1.225174e-01;1.373790e-01;1.790759e-01;1.140153e-01;1.653803e-01;8.804929e-02;8.488727e-02;6.648165e-02;6.880927e-03;2.448269e-03;4.350865e-03
1.750857e-02;1.313551e-01;1.169020e-01;1.385111e-01;4.822170e-02;2.142158e-01;6.139817e-02;1.804002e-01;7.818886e-02;8.732765e-03;1.221150e-03;3.344538e-03
1.495024e-02;1.517284e-01;1.477582e-01;6.466246e-02;2.953222e-02;1.423014e-01;5.535502e-02;3.118897e-01;6.135779e-02;1.434273e-02;1.573408e-03;4.548323e-03
1.675582e-02;1.769577e-01;1.758129e-01;1.527112e-02;4.264418e-02;1.015709e-01;6.827252e-02;3.285657e-01;5.225468e-02;1.459545e-02;2.241956e-03;5.057097e-03
1.551810e-02;1.701337e-01;2.242089e-01;2.595975e-02;5.029824e-02;1.525097e-01;1.047687e-01;1.490678e-01;7.826953e-02;2.153555e-02;3.514695e-03;4.215444e-03
1.183998e-02;1.389851e-01;2.900970e-01;4.341691e-02;6.411300e-02;1.550373e-01;1.303577e-01;6.200714e-02;5.860708e-02;2.676428e-02;1.284537e-02;5.929041e-03
1.032500e-02;9.367079e-02;2.637964e-01;7.265125e-02;7.692918e-02;2.655762e-01;7.736017e-02;5.262908e-02;3.171536e-02;1.687133e-02;2.658601e-02;1.188922e-02
5.858741e-03;3.812000e-02;1.219243e-01;7.153531e-02;9.943745e-02;4.193929e-01;1.228930e-01;4.110432e-02;2.140314e-02;1.681187e-02;1.992404e-02;2.159493e-02
7.681416e-03;4.157906e-02;8.398277e-02;4.440278e-02;1.006152e-01;4.947432e-01;1.383399e-01;3.580585e-02;2.186876e-02;1.072350e-02;3.998166e-03;1.625940e-02
1.308461e-02;7.661863e-02;1.363898e-01;2.243413e-02;7.337752e-02;5.311639e-01;7.598819e-02;3.259851e-02;1.740537e-02;5.517841e-03;4.724866e-03;1.069653e-02
1.550278e-02;9.939862e-02;8.502489e-02;2.121892e-02;5.351965e-02;5.994968e-01;5.127277e-02;4.297640e-02;1.428764e-02;4.687651e-03;4.482258e-03;8.131655e-03
1.425214e-02;1.193532e-01;2.034643e-01;3.147084e-02;3.528730e-02;4.554589e-01;5.515494e-02;5.646898e-02;1.329438e-02;5.259795e-03;1.849962e-03;8.685256e-03
1.587844e-02;1.430460e-01;2.581583e-01;3.914784e-02;3.886583e-02;3.690099e-01;5.431031e-02;4.867698e-02;1.602280e-02;6.180651e-03;3.453723e-03;7.249181e-03
2.621782e-02;1.556044e-01;1.470868e-01;3.331475e-02;5.613602e-02;3.745024e-01;7.337245e-02;7.457272e-02;3.570471e-02;9.309280e-03;3.034086e-03;1.114455e-02
2.315363e-02;9.988894e-02;1.193516e-01;2.804255e-02;5.733120e-02;3.000750e-01;8.075985e-02;1.155548e-01;9.966717e-02;4.601208e-02;1.163473e-02;1.852846e-02
6.178769e-03;5.134810e-02;9.581671e-02;3.358504e-02;4.400387e-02;1.759348e-01;1.255675e-01;1.496952e-01;1.759737e-01;1.146275e-01;9.677766e-03;1.759113e-02
1.217707e-02;3.906932e-02;9.011737e-02;3.803011e-02;4.319457e-02;9.894633e-02;1.604024e-01;1.786361e-01;1.756773e-01;1.393494e-01;8.442784e-03;1.595723e-02
1.874500e-02;5.080989e-02;1.113966e-01;3.260992e-02;3.908901e-02;1.043321e-01;1.466430e-01;1.485781e-01;1.575364e-01;1.677100e-01;1.048257e-02;1.206740e-02
1.795255e-02;7.844583e-02;1.074997e-01;4.633011e-02;2.549500e-02;1.193094e-01;1.728786e-01;1.687187e-01;1.389536e-01;1.104834e-01;9.301269e-03;4.631833e-03
1.203428e-02;7.776371e-02;9.016734e-02;7.070299e-02;1.442134e-02;1.218124e-01;2.386322e-01;1.397800e-01;1.798947e-01;3.814349e-02;9.316599e-03;7.330882e-03
1.522720e-02;7.066411e-02;9.928737e-02;7.063825e-02;1.483409e-02;1.224030e-01;2.575680e-01;1.235396e-01;1.754960e-01;2.955421e-02;9.884767e-03;1.090333e-02
2.196962e-02;1.172370e-01;1.871781e-01;5.141319e-02;1.602893e-02;1.162667e-01;2.055724e-01;1.193951e-01;1.145891e-01;3.100088e-02;9.724411e-03;9.624552e-03
3.194711e-02;2.355960e-01;2.735956e-01;2.436403e-02;1.263684e-02;8.452259e-02;9.398275e-02;1.371653e-01;6.445337e-02;2.390834e-02;6.074642e-03;1.175348e-02
4.959982e-02;3.435547e-01;2.903042e-01;1.575252e-02;6.958594e-03;4.092056e-02;4.447772e-02;1.123864e-01;5.889985e-02;2.365611e-02;3.602009e-03;9.887517e-03
8.435151e-02;4.059676e-01;2.452591e-01;1.327020e-02;1.051417e-02;3.400220e-02;2.243267e-02;8.896549e-02;5.495741e-02;1.869524e-02;1.016706e-02;1.141734e-02
1.316299e-01;3.760974e-01;1.786122e-01;1.631606e-02;1.233150e-02;5.304033e-02;2.637443e-02;9.840213e-02;4.333726e-02;2.194044e-02;1.324001e-02;2.867831e-02
1.373824e-01;2.869950e-01;1.560932e-01;2.507353e-02;1.942707e-02;7.996671e-02;5.922410e-02;1.051790e-01;3.638432e-02;2.493168e-02;1.513520e-02;5.420793e-02
1.303982e-01;2.000512e-01;1.067182e-01;2.832626e-02;2.390004e-02;6.500871e-02;1.325348e-01;1.167310e-01;7.719906e-02;3.487235e-02;2.152951e-02;6.273051e-02
1.311116e-01;1.565414e-01;8.465979e-02;3.536923e-02;2.815901e-02;8.665614e-02;1.600809e-01;9.470615e-02;1.088791e-01;6.006442e-02;1.852222e-02;3.525008e-02
8.684366e-02;1.383800e-01;1.197303e-01;4.782315e-02;3.577062e-02;8.724722e-02;1.222703e-01;1.030705e-01;1.224917e-01;9.984978e-02;1.597790e-02;2.054503e-02
6.196515e-02;1.628301e-01;9.537620e-02;3.947581e-02;4.246612e-02;7.777554e-02;8.454764e-02;1.169945e-01;1.429825e-01;1.298639e-01;1.963300e-02;2.608954e-02
9.956732e-02;1.829466e-01;8.613890e-02;3.322297e-02;3.081730e-02;7.314907e-02;8.044500e-02;1.255716e-01;1.063619e-01;1.353537e-01;1.879346e-02;2.763221e-02
1.191356e-01;1.728776e-01;8.846796e-02;3.640065e-02;2.863439e-02;7.664301e-02;1.105036e-01;1.031879e-01;9.813204e-02;1.240934e-01;2.484157e-02;1.708221e-02
9.709132e-02;1.340602e-01;1.416403e-01;3.827298e-02;4.015489e-02;9.358059e-02;1.125854e-01;1.135137e-01;9.585954e-02;7.455039e-02;3.523536e-02;2.345532e-02
6.283478e-02;1.399700e-01;1.539114e-01;3.452617e-02;4.433494e-02;7.301032e-02;1.066086e-01;1.695590e-01;1.185125e-01;4.123063e-02;3.287351e-02;2.262820e-02
4.396358e-02;1.347597e-01;1.572300e-01;1.996352e-02;4.571024e-02;6.062224e-02;1.107678e-01;2.173968e-01;1.096529e-01;6.167359e-02;1.342178e-02;2.483786e-02
5.650403e-02;1.655476e-01;2.132162e-01;2.278854e-02;4.039592e-02;7.830691e-02;6.345214e-02;1.970485e-01;7.351785e-02;5.571038e-02;9.209207e-03;2.430265e-02
7.173496e-02;1.747531e-01;2.041202e-01;3.191536e-02;4.488607e-02;8.680233e-02;6.613979e-02;1.108632e-01;1.134968e-01;4.335414e-02;2.136796e-02;3.056617e-02
8.706564e-02;1.088659e-01;1.049059e-01;4.368314e-02;3.113702e-02;1.053267e-01;1.332027e-01;1.007188e-01;1.342927e-01;6.439240e-02;4.930738e-02;3.710180e-02
9.311455e-02;5.189130e-02;8.119209e-02;5.394693e-02;3.667674e-02;9.393501e-02;1.334374e-01;1.547140e-01;1.047670e-01;8.129371e-02;7.811283e-02;3.691840e-02
8.638578e-02;1.657096e-01;1.793350e-01;6.028057e-02;5.162833e-02;6.818993e-02;2.554882e-02;1.396896e-01;7.063705e-02;2.821889e-02;8.344392e-02;4.093255e-02
1.188868e-01;1.763028e-01;1.778643e-01;5.414657e-02;4.029235e-02;5.704084e-02;9.576660e-02;1.388376e-01;3.315883e-02;1.659077e-02;4.909600e-02;4.201657e-02
1.302586e-01;1.438128e-01;1.395002e-01;5.631935e-02;3.177575e-02;5.917138e-02;1.479124e-01;1.640859e-01;2.507282e-02;2.002291e-02;3.438231e-02;4.768552e-02
1.003549e-01;9.203922e-02;7.995255e-02;7.236852e-02;1.928938e-02;5.563593e-02;2.307860e-01;2.087909e-01;1.603187e-02;3.282265e-02;2.235677e-02;6.957128e-02
3.747518e-02;6.570548e-02;3.301452e-02;8.682723e-02;9.099231e-03;4.662680e-02;3.282368e-01;2.495489e-01;1.282392e-02;4.140607e-02;1.016054e-02;7.907539e-02
1.458493e-02;5.869815e-02;1.940376e-02;7.975490e-02;6.166934e-03;3.734303e-02;3.656711e-01;2.835676e-01;1.326749e-02;3.981791e-02;1.223612e-02;6.948807e-02
2.851395e-02;4.431014e-02;1.694491e-02;6.691917e-02;1.282964e-02;5.262644e-02;3.485785e-01;3.046486e-01;1.686449e-02;3.859213e-02;1.210191e-02;5.707010e-02
5.556308e-02;2.520002e-02;4.889665e-02;4.830775e-02;2.236787e-02;6.636529e-02;2.967657e-01;3.322719e-01;1.951854e-02;3.593710e-02;1.494065e-02;3.386547e-02
6.928685e-02;1.779094e-02;1.136438e-01;2.144269e-02;4.463265e-02;4.675488e-02;2.282691e-01;3.820136e-01;2.397925e-02;2.195286e-02;1.391981e-02;1.631353e-02
6.148518e-02;2.626405e-02;1.440327e-01;1.719810e-02;7.685128e-02;2.131364e-02;1.573023e-01;4.215830e-01;3.596552e-02;1.128102e-02;1.854591e-02;8.177318e-03
6.367509e-02;4.452090e-02;1.150195e-01;2.994574e-02;8.332200e-02;2.064379e-02;9.951898e-02;4.312049e-01;5.535189e-02;1.492570e-02;3.472040e-02;7.151119e-03
5.348224e-02;9.782401e-02;6.149774e-02;8.546320e-02;3.840809e-02;3.714059e-02;1.248479e-01;3.320568e-01;9.779772e-02;2.461572e-02;3.517853e-02;1.168741e-02
3.088699e-02;1.850974e-01;7.536297e-02;1.983914e-01;1.961968e-02;4.912012e-02;1.241068e-01;1.161744e-01;1.387390e-01;2.042820e-02;2.522665e-02;1.684649e-02
2.522763e-02;2.165623e-01;9.135668e-02;1.943347e-01;1.851646e-02;7.171879e-02;8.762492e-02;8.618689e-02;1.123184e-01;3.994767e-02;1.841327e-02;3.779230e-02
2.287503e-02;2.330732e-01;1.510869e-01;9.873296e-02;1.825510e-02;6.859849e-02;8.293767e-02;1.169702e-01;6.610773e-02;6.184899e-02;2.316156e-02;5.635221e-02
3.224488e-02;1.961261e-01;1.912345e-01;7.368102e-02;2.576026e-02;5.492575e-02;8.816829e-02;1.317608e-01;5.909001e-02;6.086765e-02;3.736259e-02;4.877815e-02
3.808996e-02;1.380420e-01;1.756104e-01;7.717232e-02;3.241428e-02;5.333323e-02;1.119750e-01;2.286768e-01;4.281443e-02;1.941868e-02;4.672998e-02;3.572289e-02
3.786273e-02;8.103961e-02;1.279319e-01;6.364095e-02;3.232112e-02;4.997024e-02;1.956476e-01;2.094097e-01;8.967169e-02;4.442108e-02;3.749014e-02;3.059315e-02
4.490038e-02;7.685269e-02;1.117651e-01;5.553210e-02;3.884722e-02;3.104434e-02;2.867070e-01;9.434095e-02;1.621204e-01;4.426453e-02;2.204115e-02;3.158415e-02
4.374342e-02;5.860601e-02;6.703372e-02;3.744615e-02;3.858290e-02;3.298102e-02;3.172191e-01;2.666996e-01;8.385412e-02;2.301583e-02;1.225461e-02;1.856352e-02
2.493335e-02;5.005386e-02;4.609879e-02;3.078861e-02;1.664602e-02;2.373790e-02;3.139126e-01;4.167968e-01;3.374381e-02;2.070240e-02;8.716193e-03;1.386959e-02
1.349396e-02;4.023366e-02;2.875786e-02;2.219848e-02;9.436741e-03;2.107159e-02;3.415537e-01;4.588796e-01;3.174857e-02;1.739588e-02;6.676638e-03;8.553340e-03
1.085344e-02;4.076058e-02;2.889271e-02;1.923555e-02;9.590662e-03;2.170310e-02;3.437003e-01;4.710439e-01;2.872884e-02;1.677578e-02;5.061066e-03;3.654185e-03
9.833408e-03;3.803410e-02;3.260260e-02;1.813765e-02;9.643829e-03;1.975427e-02;3.307439e-01;4.528420e-01;4.414093e-02;3.459911e-02;5.277294e-03;4.390856e-03
1.473159e-02;3.099562e-02;4.212827e-02;1.610381e-02;1.396468e-02;3.311554e-02;3.369380e-01;3.389913e-01;9.685992e-02;6.432654e-02;5.885872e-03;5.958809e-03
1.250499e-02;2.763881e-02;3.924125e-02;1.300716e-02;1.388167e-02;3.160252e-02;4.297097e-01;2.109668e-01;1.487278e-01;5.950348e-02;5.364669e-03;7.851133e-03
8.497982e-03;2.644324e-02;1.592171e-02;1.052338e-02;8.177062e-03;2.677723e-02;4.056433e-01;3.464731e-01;1.184931e-01;2.105138e-02;4.200472e-03;7.798117e-03
1.834095e-02;3.653568e-02;2.996378e-02;2.257621e-02;7.424415e-03;4.759939e-02;3.611041e-01;3.557599e-01;7.598297e-02;2.076190e-02;7.395931e-03;1.655474e-02
2.953507e-02;7.495147e-02;1.104296e-01;3.090606e-02;9.269173e-03;9.014930e-02;2.570908e-01;2.943866e-01;4.717065e-02;2.744022e-02;1.039953e-02;1.827157e-02
3.005910e-02;1.612806e-01;1.736800e-01;4.887678e-02;1.088697e-02;1.092467e-01;1.666217e-01;1.883668e-01;4.951008e-02;2.623053e-02;1.748040e-02;1.776022e-02
5.228321e-02;2.239718e-01;1.686342e-01;4.354280e-02;1.384769e-02;7.585049e-02;1.820213e-01;1.158627e-01;5.162089e-02;1.788107e-02;3.566062e-02;1.882323e-02
1.033127e-01;2.394943e-01;1.382373e-01;2.544865e-02;2.600817e-02;4.601970e-02;2.282981e-01;7.552372e-02;3.661848e-02;1.469262e-02;5.414477e-02;1.220160e-02
1.246264e-01;2.241906e-01;1.362022e-01;2.523326e-02;3.457566e-02;7.316287e-02;1.935559e-01;5.353694e-02;2.424342e-02;3.426636e-02;4.627373e-02;3.013262e-02
1.184792e-01;1.886972e-01;1.105338e-01;4.085318e-02;3.198503e-02;1.122403e-01;1.419194e-01;7.317486e-02;4.616722e-02;5.156600e-02;2.408984e-02;6.029407e-02
9.650871e-02;1.849435e-01;1.036957e-01;6.864875e-02;1.593547e-02;9.484552e-02;1.239700e-01;1.307467e-01;4.899045e-02;4.184962e-02;2.221583e-02;6.764971e-02
5.948172e-02;1.520551e-01;9.893912e-02;8.471444e-02;1.553342e-02;6.623623e-02;2.185085e-01;1.778141e-01;2.732913e-02;3.418241e-02;1.495172e-02;5.025411e-02
4.081471e-02;7.526265e-02;4.575699e-02;7.513335e-02;2.656894e-02;6.952951e-02;3.349236e-01;2.309305e-01;2.402907e-02;1.957766e-02;1.556016e-02;4.191289e-02
4.020773e-02;7.519665e-02;5.408325e-02;3.473544e-02;6.119381e-02;9.620996e-02;2.653212e-01;2.649967e-01;3.439423e-02;1.078206e-02;1.515104e-02;4.772785e-02
4.597929e-02;6.269181e-02;1.100991e-01;1.586799e-02;8.969419e-02;9.692755e-02;1.611089e-01;2.176986e-01;4.421860e-02;3.323006e-02;6.037580e-02;6.210808e-02
3.743156e-02;5.576592e-02;1.207672e-01;2.147854e-02;5.549204e-02;1.563203e-01;2.283824e-01;1.139702e-01;4.479061e-02;2.216693e-02;8.645527e-02;5.697912e-02
2.479543e-02;3.445918e-02;1.064257e-01;2.245021e-02;4.122045e-02;2.016862e-01;2.998165e-01;8.657627e-02;3.563913e-02;9.604029e-03;8.454834e-02;5.277858e-02
1.508782e-02;1.515223e-02;8.934245e-02;1.914339e-02;4.416786e-02;2.460948e-01;3.493873e-01;6.322073e-02;2.543442e-02;1.383765e-02;7.170326e-02;4.742806e-02
1.019617e-02;8.011722e-03;1.051063e-01;1.303074e-02;5.082722e-02;3.140400e-01;3.241502e-01;2.282605e-02;2.248604e-02;5.196132e-03;6.766332e-02;5.646611e-02
9.323601e-03;1.774534e-02;1.584948e-01;1.151187e-02;4.795349e-02;3.433886e-01;2.465604e-01;1.783860e-02;1.753914e-02;8.572576e-03;6.607975e-02;5.499180e-02
1.151812e-02;2.244070e-02;2.072644e-01;9.867324e-03;4.188306e-02;3.697961e-01;1.871995e-01;1.490328e-02;2.067111e-02;5.662213e-03;7.865162e-02;3.014267e-02
8.334663e-03;2.186915e-02;2.207674e-01;1.223189e-02;4.328110e-02;4.129575e-01;1.295730e-01;7.594675e-03;2.216783e-02;9.124502e-03;8.589859e-02;2.619960e-02
5.677694e-03;6.049525e-02;1.979798e-01;1.907468e-02;4.891660e-02;4.400658e-01;5.065034e-02;2.560537e-02;2.861723e-02;2.028406e-02;7.508305e-02;2.755014e-02
1.100560e-02;9.654430e-02;1.447934e-01;2.161099e-02;9.040802e-02;3.630506e-01;7.124608e-02;4.354342e-02;4.654218e-02;3.783010e-02;5.318053e-02;2.024487e-02
2.079549e-02;1.210806e-01;1.054055e-01;2.438587e-02;1.742264e-01;2.295716e-01;7.161333e-02;5.008816e-02;8.026604e-02;4.610867e-02;6.074362e-02;1.571468e-02
1.979144e-02;9.834585e-02;5.434005e-02;3.362929e-02;1.819841e-01;1.698699e-01;5.506980e-02;1.461687e-01;1.156908e-01;2.615217e-02;8.281872e-02;1.613908e-02
1.476668e-02;3.606761e-02;5.566543e-02;3.256047e-02;8.913319e-02;2.508147e-01;9.392447e-02;2.129277e-01;1.084426e-01;5.683396e-02;4.055107e-02;8.312095e-03
1.490243e-02;4.581477e-02;1.522632e-01;3.439633e-02;3.325662e-02;2.357723e-01;1.408722e-01;1.754599e-01;9.504881e-02;4.199744e-02;1.706635e-02;1.314959e-02
1.046607e-02;5.015741e-02;2.154739e-01;3.677676e-02;7.693116e-02;8.950768e-02;1.648094e-01;1.827720e-01;9.778024e-02;1.777688e-02;3.570290e-02;2.184553e-02
1.335844e-02;5.690162e-02;1.711944e-01;1.620295e-02;5.645764e-02;1.777168e-01;1.709759e-01;1.656953e-01;5.400681e-02;2.527409e-02;6.254473e-02;2.967136e-02
2.389496e-02;8.062831e-02;9.164410e-02;3.653369e-02;3.056578e-02;1.857893e-01;1.846579e-01;1.361434e-01;6.059514e-02;2.990186e-02;8.081385e-02;5.883180e-02
9.939378e-02;7.833083e-02;3.943326e-02;4.956737e-02;1.774961e-02;1.319037e-01;2.014730e-01;1.013773e-01;5.426920e-02;3.169227e-02;6.329781e-02;1.315118e-01
1.891094e-01;7.143800e-02;4.525165e-02;4.574760e-02;2.695103e-02;9.078048e-02;1.679132e-01;1.356349e-01;3.651898e-02;3.068125e-02;3.265871e-02;1.273148e-01
2.424302e-01;5.275058e-02;9.982814e-02;3.320307e-02;4.983939e-02;7.252058e-02;1.101579e-01;2.067938e-01;2.392272e-02;2.005283e-02;1.458674e-02;7.391391e-02
2.242060e-01;3.837891e-02;1.532723e-01;2.140984e-02;9.810069e-02;4.644311e-02;7.944145e-02;2.677916e-01;2.135893e-02;9.110078e-03;6.464782e-03;3.402229e-02
1.469445e-01;6.072276e-02;1.354239e-01;3.788365e-02;1.359950e-01;3.902969e-02;1.145983e-01;2.432515e-01;4.147057e-02;1.529207e-02;8.236795e-03;2.115130e-02
9.926281e-02;1.242290e-01;9.847837e-02;4.773453e-02;1.142003e-01;7.659817e-02;1.504562e-01;1.650447e-01;6.388889e-02;3.146073e-02;9.755588e-03;1.889070e-02
6.038790e-02;1.873761e-01;1.015005e-01;8.579117e-02;5.112506e-02;1.308788e-01;1.237696e-01;1.070541e-01;9.379048e-02;3.641750e-02;8.044366e-03;1.386440e-02
3.690898e-02;1.965965e-01;1.465664e-01;8.108331e-02;5.511496e-02;1.274652e-01;9.631946e-02;1.139613e-01;7.860459e-02;5.602599e-02;3.317170e-03;8.036171e-03
2.480484e-02;1.386294e-01;1.873945e-01;4.213903e-02;8.039731e-02;7.409786e-02;2.184478e-01;1.009072e-01;3.780706e-02;8.753888e-02;1.639496e-03;6.196598e-03
2.167516e-02;8.920217e-02;1.931412e-01;3.402463e-02;7.316751e-02;3.938403e-02;3.496005e-01;6.226753e-02;3.210322e-02;8.547524e-02;8.869217e-03;1.108961e-02
2.473797e-02;5.990442e-02;1.904831e-01;5.117203e-02;3.768448e-02;6.390169e-02;3.208659e-01;8.531445e-02;4.850046e-02;6.507852e-02;3.318461e-02;1.917242e-02
3.506985e-02;9.216186e-02;1.695929e-01;9.749494e-02;3.545417e-02;1.227014e-01;1.233719e-01;1.190965e-01;4.353784e-02;6.275751e-02;7.951478e-02;1.924635e-02
4.890101e-02;7.485795e-02;1.036788e-01;1.288649e-01;5.254721e-02;1.573978e-01;9.576813e-02;1.470356e-01;2.054311e-02;3.628841e-02;1.150144e-01;1.910262e-02
4.279095e-02;7.718700e-02;1.161476e-01;1.144893e-01;8.028278e-02;1.554912e-01;8.056031e-02;1.617021e-01;1.814902e-02;2.549183e-02;9.514441e-02;3.256332e-02
3.991263e-02;8.518977e-02;1.649586e-01;9.107734e-02;1.004880e-01;1.850037e-01;8.971616e-02;1.243196e-01;3.008719e-02;1.786319e-02;3.085527e-02;4.052854e-02
3.127865e-02;8.125664e-02;1.593766e-01;6.290170e-02;9.233923e-02;2.080646e-01;1.176098e-01;1.225462e-01;3.166723e-02;1.948284e-02;4.456498e-02;2.891153e-02
2.558093e-02;6.646006e-02;1.588641e-01;3.984189e-02;6.225412e-02;2.015627e-01;1.279488e-01;1.748447e-01;3.007580e-02;3.140263e-02;6.519935e-02;1.596488e-02
2.454498e-02;1.106006e-01;1.896149e-01;3.146734e-02;4.090970e-02;1.412467e-01;1.823797e-01;1.833160e-01;2.498076e-02;3.059381e-02;2.449052e-02;1.585500e-02
3.388598e-02;1.077632e-01;1.572419e-01;4.817374e-02;4.195619e-02;9.397412e-02;2.419968e-01;1.741588e-01;2.438591e-02;4.386496e-02;2.144929e-02;1.114912e-02
4.881443e-02;9.027846e-02;1.126417e-01;6.691969e-02;6.061232e-02;9.766084e-02;1.901836e-01;1.727948e-01;3.710387e-02;5.353206e-02;5.276805e-02;1.669015e-02
6.057220e-02;1.156573e-01;1.280991e-01;7.011512e-02;7.493047e-02;1.325173e-01;1.666213e-01;1.033411e-01;2.740604e-02;4.868491e-02;5.310188e-02;1.895326e-02
6.717784e-02;1.036801e-01;1.712826e-01;5.634975e-02;4.695981e-02;7.877978e-02;1.959794e-01;1.046723e-01;3.411761e-02;5.753814e-02;6.393228e-02;1.953042e-02
6.092426e-02;1.210133e-01;1.264533e-01;7.080907e-02;7.103880e-02;8.439082e-02;1.207944e-01;1.120976e-01;4.317566e-02;6.744950e-02;8.668859e-02;3.516471e-02
3.213033e-02;6.409983e-02;1.018859e-01;1.464870e-01;1.288894e-01;1.695065e-01;7.552644e-02;7.464218e-02;3.309879e-02;5.647561e-02;7.318193e-02;4.407601e-02
1.555446e-02;4.612655e-02;1.284746e-01;1.797667e-01;1.421265e-01;1.649317e-01;6.003731e-02;4.409992e-02;1.677214e-02;4.471833e-02;1.191277e-01;3.826404e-02
1.591981e-02;3.523436e-02;1.553814e-01;2.148395e-01;1.276221e-01;1.274257e-01;4.182658e-02;3.076623e-02;1.052232e-02;6.132497e-02;1.503083e-01;2.882867e-02
2.741076e-02;3.754829e-02;2.035075e-01;2.410039e-01;1.040867e-01;6.959229e-02;2.927022e-02;2.084312e-02;7.375333e-03;7.560800e-02;1.709462e-01;1.280783e-02
5.271925e-02;2.991500e-02;2.493180e-01;2.221065e-01;6.993286e-02;3.218446e-02;2.622712e-02;1.540033e-02;7.661503e-03;9.158714e-02;1.910773e-01;1.187044e-02
8.974939e-02;3.071470e-02;2.756951e-01;1.496413e-01;2.802791e-02;2.801701e-02;4.799782e-02;1.491786e-02;9.006170e-03;1.197767e-01;1.929688e-01;1.348737e-02
1.195583e-01;4.159011e-02;3.010461e-01;1.093956e-01;1.287953e-02;1.999879e-02;4.939208e-02;1.904535e-02;9.060429e-03;1.313313e-01;1.692748e-01;1.742761e-02
1.367917e-01;4.319688e-02;3.350540e-01;9.999207e-02;8.262970e-03;2.897208e-02;3.622305e-02;2.022818e-02;1.407568e-02;1.295718e-01;1.330718e-01;1.455979e-02
1.547707e-01;7.814096e-02;3.525482e-01;6.172350e-02;2.282986e-02;3.806422e-02;4.255679e-02;2.647559e-02;1.963428e-02;1.008097e-01;9.427405e-02;8.172164e-03
1.281589e-01;9.471723e-02;3.824523e-01;8.456130e-02;2.767694e-02;2.665243e-02;5.218461e-02;3.016333e-02;1.856654e-02;7.506014e-02;7.605305e-02;3.753245e-03
6.440876e-02;8.411353e-02;3.509620e-01;2.238230e-01;3.297742e-02;3.957289e-02;3.495690e-02;4.487099e-02;2.764262e-02;2.775741e-02;6.255827e-02;6.356175e-03
2.291504e-02;4.430330e-02;2.845533e-01;2.940831e-01;4.651992e-02;5.011396e-02;3.365957e-02;5.858588e-02;6.589864e-02;3.539368e-02;5.960089e-02;4.372682e-03
2.881755e-02;5.365770e-02;2.649762e-01;2.200073e-01;9.094851e-02;5.022222e-02;6.549691e-02;3.851400e-02;8.358499e-02;5.230642e-02;4.551457e-02;5.953604e-03
2.986586e-02;9.334444e-02;2.205255e-01;1.588210e-01;1.418488e-01;6.833357e-02;5.834528e-02;4.937296e-02;1.006215e-01;4.632255e-02;2.403239e-02;8.566150e-03
3.610617e-02;1.302676e-01;1.763765e-01;1.406165e-01;1.221468e-01;9.820268e-02;4.378068e-02;7.043787e-02;1.226758e-01;2.974697e-02;1.729283e-02;1.234962e-02
4.461668e-02;7.812522e-02;2.229321e-01;1.093083e-01;9.978154e-02;1.036717e-01;4.152650e-02;1.268707e-01;9.876982e-02;3.025897e-02;3.037469e-02;1.376376e-02
3.482113e-02;5.036108e-02;2.215677e-01;9.502395e-02;1.291948e-01;7.524009e-02;5.644495e-02;1.755339e-01;7.319064e-02;3.398527e-02;4.190698e-02;1.272953e-02
2.104234e-02;5.494753e-02;2.493382e-01;9.063735e-02;7.273832e-02;6.787951e-02;8.960789e-02;1.502628e-01;8.108990e-02;5.215216e-02;5.891474e-02;1.138921e-02
