5.054336e-02;1.462044e-01;2.141035e-01;8.643857e-02;7.596907e-02;1.058940e-01;3.860441e-02;5.664027e-02;5.196927e-02;5.255618e-02;7.612370e-02;4.495332e-02
3.884959e-02;1.857155e-01;2.767949e-01;1.000147e-01;6.358825e-02;8.040182e-02;2.260425e-02;3.127804e-02;3.886605e-02;5.163498e-02;9.256598e-02;1.768599e-02
2.158589e-02;2.080078e-01;3.188090e-01;7.643305e-02;4.350466e-02;5.661974e-02;2.769147e-02;2.475458e-02;2.713316e-02;1.010337e-01;7.927579e-02;1.515108e-02
1.880985e-02;2.079513e-01;3.867416e-01;3.617778e-02;2.323027e-02;4.086410e-02;4.322793e-02;2.235570e-02;1.857694e-02;1.700296e-01;2.279652e-02;9.238356e-03
1.551947e-02;1.986265e-01;4.346943e-01;2.520715e-02;1.034862e-02;2.954527e-02;4.437955e-02;1.225630e-02;1.644223e-02;1.971640e-01;9.794611e-03;6.022026e-03
2.096159e-02;1.935856e-01;4.352314e-01;2.547434e-02;1.227909e-02;1.598317e-02;4.669848e-02;1.148344e-02;1.247174e-02;2.060989e-01;1.521436e-02;4.517811e-03
2.325104e-02;1.893007e-01;4.160253e-01;2.923533e-02;1.529659e-02;2.202153e-02;4.540674e-02;1.896799e-02;1.324911e-02;2.102649e-01;1.090982e-02;6.070918e-03
2.482341e-02;1.708344e-01;3.588042e-01;3.317792e-02;2.116143e-02;4.945353e-02;4.268176e-02;3.944472e-02;3.893560e-02;1.769792e-01;3.432880e-02;9.375026e-03
1.865142e-02;1.719971e-01;3.184782e-01;4.153950e-02;2.820712e-02;5.459772e-02;3.060035e-02;4.892885e-02;6.062094e-02;1.662613e-01;4.330313e-02;1.681437e-02
1.914432e-02;1.914421e-01;3.303286e-01;3.591476e-02;2.725906e-02;3.840113e-02;6.630640e-03;4.023340e-02;6.244763e-02;1.943220e-01;3.649217e-02;1.738428e-02
2.072685e-02;2.105072e-01;3.537951e-01;1.661979e-02;1.816514e-02;2.928131e-02;1.744592e-02;3.257243e-02;6.829336e-02;1.943123e-01;2.190260e-02;1.637810e-02
1.730558e-02;2.396742e-01;3.782845e-01;1.070310e-02;6.978502e-03;2.800242e-02;2.187396e-02;2.540327e-02;8.074091e-02;1.552044e-01;1.522015e-02;2.060910e-02
1.679901e-02;2.792806e-01;3.770359e-01;1.500596e-02;5.561757e-03;4.341267e-02;1.683384e-02;2.307020e-02;7.944439e-02;1.060545e-01;9.325651e-03;2.817554e-02
2.334848e-02;2.903541e-01;3.756406e-01;1.972023e-02;5.862912e-03;5.361126e-02;1.321970e-02;2.499445e-02;5.879593e-02;8.585344e-02;1.351122e-02;3.508769e-02
2.791834e-02;2.634571e-01;4.246508e-01;2.964866e-02;1.080882e-02;5.979517e-02;1.967571e-02;2.429979e-02;2.887085e-02;7.043595e-02;1.412348e-02;2.631537e-02
2.435444e-02;2.805307e-01;4.866567e-01;2.916227e-02;1.020303e-02;3.692489e-02;1.962822e-02;2.064390e-02;1.400058e-02;5.365027e-02;1.293902e-02;1.130589e-02
2.480002e-02;3.019972e-01;4.855873e-01;1.992289e-02;8.866254e-03;3.352723e-02;1.869476e-02;1.895006e-02;1.719504e-02;3.888533e-02;1.766370e-02;1.391020e-02
2.638605e-02;3.102209e-01;4.564121e-01;1.332464e-02;1.053011e-02;5.911554e-02;8.712933e-03;2.596341e-02;2.099716e-02;2.680021e-02;2.265985e-02;1.887713e-02
2.854165e-02;2.723275e-01;3.851470e-01;2.169566e-02;1.207495e-02;7.428861e-02;2.118016e-02;4.174856e-02;4.368002e-02;5.659028e-02;1.926298e-02;2.346264e-02
4.894463e-02;2.126048e-01;2.803952e-01;2.345540e-02;1.879092e-02;7.441097e-02;4.362671e-02;9.054749e-02;6.796865e-02;7.559416e-02;3.440726e-02;2.925374e-02
6.881757e-02;2.294065e-01;2.284363e-01;2.456425e-02;3.209498e-02;5.597916e-02;3.905315e-02;1.205121e-01;6.133454e-02;6.145325e-02;4.156060e-02;3.678768e-02
7.371381e-02;2.354182e-01;2.360318e-01;4.273572e-02;6.088697e-02;3.061765e-02;1.991240e-02;1.564578e-01;2.819355e-02;5.177921e-02;3.790751e-02;2.634534e-02
8.022451e-02;1.502407e-01;2.371653e-01;5.100654e-02;9.149074e-02;2.027932e-02;1.666476e-02;2.105361e-01;4.546352e-02;5.016111e-02;3.255596e-02;1.421148e-02
8.742387e-02;1.660820e-01;2.517587e-01;2.491170e-02;7.695346e-02;3.234452e-02;3.180464e-02;2.160232e-01;3.074124e-02;4.188919e-02;2.660230e-02;1.346517e-02
9.315407e-02;1.926523e-01;2.868752e-01;1.438691e-02;5.210090e-02;1.701506e-02;2.446323e-02;2.139393e-01;2.322729e-02;4.168262e-02;2.346980e-02;1.703334e-02
9.750310e-02;2.025596e-01;2.748532e-01;1.958486e-02;3.435432e-02;3.426111e-02;1.425820e-02;2.088424e-01;2.634227e-02;4.403706e-02;2.169547e-02;2.170833e-02
1.175098e-01;3.235013e-02;2.847630e-01;2.815663e-02;3.089628e-02;7.446052e-02;3.124860e-02;2.359626e-01;3.938044e-02;6.503772e-02;2.968256e-02;3.055170e-02
7.753150e-02;2.637146e-01;2.670440e-01;1.672424e-02;1.741396e-02;5.945906e-02;1.542098e-02;1.376874e-01;4.510587e-02;5.959063e-02;2.373312e-02;1.657461e-02
5.193987e-02;3.495029e-01;2.664067e-01;1.322863e-02;1.139209e-02;6.464910e-02;1.884250e-02;1.000077e-01;4.298322e-02;5.119994e-02;1.958957e-02;1.025774e-02
3.908068e-02;3.542527e-01;3.232605e-01;1.888466e-02;1.234966e-02;4.794501e-02;2.112852e-02;8.648968e-02;3.250020e-02;3.236528e-02;2.245908e-02;9.283998e-03
3.289565e-02;2.924474e-01;3.918231e-01;3.215618e-02;1.419124e-02;3.282630e-02;2.157852e-02;8.687729e-02;3.415671e-02;2.616365e-02;2.341779e-02;1.146617e-02
3.542191e-02;2.518790e-01;3.960459e-01;4.529292e-02;1.602072e-02;3.847962e-02;2.544932e-02;8.720175e-02;2.586822e-02;3.126861e-02;2.908123e-02;1.799081e-02
3.893678e-02;2.455893e-01;3.303941e-01;6.758092e-02;3.745469e-02;5.969494e-02;3.273414e-02;7.166418e-02;3.199731e-02;3.165169e-02;3.016778e-02;2.213413e-02
4.693422e-02;2.235004e-01;3.908444e-01;5.488682e-02;3.101499e-02;6.063093e-02;1.888266e-02;5.827609e-02;3.655106e-02;4.177914e-02;2.085389e-02;1.584542e-02
4.735972e-02;3.033624e-01;3.672076e-01;3.552682e-02;1.786003e-02;5.413995e-02;1.002167e-02;5.205086e-02;4.167668e-02;4.266452e-02;1.488136e-02;1.324840e-02
5.040094e-02;3.894047e-01;3.177082e-01;2.556918e-02;1.442549e-02;4.290170e-02;8.462540e-03;4.316366e-02;3.628149e-02;4.142168e-02;1.487763e-02;1.538279e-02
5.308270e-02;3.860092e-01;3.110423e-01;2.431568e-02;1.456645e-02;2.374850e-02;1.134454e-02;5.188174e-02;4.052284e-02;4.189029e-02;1.969090e-02;2.190485e-02
5.104844e-02;3.499880e-01;2.606065e-01;3.664082e-02;2.343947e-02;2.308017e-02;1.315810e-02;7.664931e-02;6.414724e-02;5.663185e-02;2.973420e-02;1.487591e-02
3.917399e-02;2.695838e-01;3.030164e-01;4.312102e-02;3.681046e-02;2.374365e-02;2.196863e-02;8.781107e-02;6.690919e-02;6.590637e-02;3.007630e-02;1.187916e-02
4.589962e-02;2.146798e-01;3.305178e-01;3.348046e-02;2.895042e-02;6.269379e-02;3.308228e-02;8.245647e-02;6.994564e-02;4.529410e-02;3.078536e-02;2.221431e-02
6.688134e-02;1.606621e-01;2.907495e-01;1.896398e-02;2.277224e-02;1.024367e-01;1.782747e-02;9.811356e-02;8.828912e-02;5.360826e-02;3.013020e-02;4.956560e-02
1.196715e-01;9.529044e-02;1.939892e-01;2.945871e-02;2.448623e-02;1.045693e-01;5.544285e-02;9.046934e-02;7.988517e-02;7.379965e-02;3.590437e-02;9.703329e-02
1.471091e-01;2.022482e-01;1.340044e-01;3.725430e-02;2.342089e-02;4.943687e-02;8.978662e-02;6.953133e-02;4.620168e-02;6.817364e-02;3.087278e-02;1.019602e-01
1.510333e-01;2.206927e-01;1.514676e-01;3.571364e-02;2.333308e-02;3.531358e-02;9.011428e-02;1.089317e-01;4.920388e-02;6.008518e-02;1.392078e-02;6.019029e-02
1.512015e-01;1.718539e-01;9.864608e-02;3.180969e-02;2.091586e-02;4.788601e-02;1.136660e-01;1.783330e-01;6.883601e-02;5.791406e-02;1.141641e-02;4.752146e-02
1.419308e-01;1.194041e-01;9.051603e-02;2.911781e-02;1.173048e-02;6.834050e-02;1.248623e-01;2.275251e-01;5.777072e-02;4.796935e-02;1.989842e-02;6.093436e-02
1.463375e-01;1.561322e-01;1.260370e-01;2.698281e-02;1.134225e-02;5.151168e-02;1.053330e-01;2.237387e-01;4.122493e-02;3.898457e-02;1.954755e-02;5.282787e-02
1.384527e-01;1.413736e-01;9.997165e-02;2.517724e-02;1.645272e-02;3.996148e-02;1.424929e-01;2.070235e-01;4.988858e-02;4.310825e-02;3.105213e-02;6.504530e-02
1.272526e-01;1.418992e-01;8.346256e-02;2.896884e-02;2.432800e-02;6.249004e-02;1.477548e-01;1.571411e-01;5.651978e-02;5.717519e-02;4.628364e-02;6.672421e-02
9.617997e-02;2.058516e-01;2.121967e-01;2.230351e-02;2.289253e-02;5.954549e-02;8.813414e-02;1.037647e-01;5.736826e-02;5.839582e-02;4.039868e-02;3.296860e-02
6.809598e-02;2.294435e-01;3.040100e-01;2.207114e-02;2.169221e-02;4.714119e-02;4.963624e-02;9.448633e-02;4.856811e-02;4.974027e-02;3.404843e-02;3.106662e-02
6.737763e-02;2.222311e-01;3.489524e-01;3.003518e-02;2.060184e-02;2.676659e-02;3.683313e-02;8.805501e-02;4.166554e-02;4.852892e-02;2.474665e-02;4.420606e-02
6.696264e-02;2.493237e-01;3.587417e-01;2.512894e-02;1.866691e-02;2.068250e-02;4.477985e-02;8.188594e-02;3.538738e-02;5.469756e-02;9.081620e-03;3.466132e-02
6.639596e-02;2.072558e-01;3.612964e-01;3.801010e-02;2.633247e-02;2.980618e-02;5.102250e-02;7.356954e-02;4.117906e-02;6.817979e-02;7.630359e-03;2.932185e-02
8.789230e-02;2.839189e-01;3.247702e-01;3.122259e-02;2.239250e-02;3.639231e-02;3.269010e-02;4.761888e-02;3.908809e-02;6.480558e-02;1.030418e-02;1.890431e-02
9.238660e-02;3.120348e-01;3.144451e-01;2.233128e-02;2.031003e-02;4.111224e-02;1.801820e-02;6.198706e-02;3.095892e-02;4.356203e-02;1.487873e-02;2.797508e-02
1.123839e-01;1.546981e-01;3.401983e-01;2.308107e-02;2.337192e-02;2.770593e-02;5.770441e-02;1.036339e-01;4.659155e-02;4.824767e-02;1.964457e-02;4.273865e-02
1.060902e-01;2.311947e-01;3.284488e-01;1.798864e-02;1.543812e-02;3.794506e-02;5.590103e-02;8.329100e-02;4.694691e-02;3.511407e-02;1.436747e-02;2.727408e-02
9.341278e-02;2.756455e-01;3.347595e-01;1.517520e-02;8.684277e-03;4.959908e-02;4.613385e-02;6.378103e-02;3.475704e-02;3.450074e-02;1.710263e-02;2.644841e-02
8.141788e-02;2.266770e-01;3.139859e-01;1.974746e-02;1.309687e-02;6.451953e-02;6.062163e-02;7.648899e-02;2.904900e-02;5.064549e-02;1.867404e-02;4.507628e-02
5.167378e-02;2.032858e-01;2.329416e-01;5.936286e-02;3.900594e-02;1.090539e-01;9.200615e-02;6.986388e-02;5.183976e-02;4.379077e-02;1.435227e-02;3.282330e-02
2.598937e-02;1.834182e-01;1.919129e-01;6.796217e-02;4.754454e-02;1.710445e-01;7.537595e-02;6.229025e-02;8.477104e-02;5.668169e-02;1.791042e-02;1.509898e-02
3.159004e-02;2.321264e-01;2.056891e-01;4.867584e-02;3.185615e-02;1.769089e-01;4.670224e-02;4.188511e-02;1.119142e-01;4.696626e-02;1.326194e-02;1.242373e-02
3.226547e-02;3.011592e-01;1.807374e-01;3.012558e-02;2.360328e-02;1.600772e-01;3.657409e-02;3.233158e-02;1.521717e-01;3.190375e-02;1.004103e-02;9.009751e-03
2.876471e-02;3.418193e-01;1.428057e-01;2.638443e-02;1.539440e-02;1.331252e-01;3.556379e-02;2.991942e-02;2.072696e-01;1.265224e-02;1.276504e-02;1.353617e-02
2.152848e-02;3.206199e-01;1.496915e-01;2.525316e-02;1.028786e-02;9.129551e-02;2.503055e-02;3.040707e-02;2.161158e-01;4.512986e-02;1.283569e-02;5.180471e-02
2.802521e-02;3.091947e-01;1.757542e-01;1.516400e-02;9.232878e-03;7.543039e-02;1.193846e-02;3.016583e-02;1.839743e-01;5.053589e-02;1.127709e-02;9.930702e-02
6.174433e-02;2.913603e-01;2.141436e-01;1.264676e-02;1.255104e-02;5.257742e-02;2.010284e-02;5.545136e-02;1.148667e-01;4.985910e-02;2.056706e-02;9.412947e-02
6.383158e-02;2.914284e-01;2.892881e-01;1.484673e-02;1.354213e-02;3.472234e-02;1.961075e-02;6.469524e-02;7.588579e-02;5.878275e-02;1.640009e-02;5.696609e-02
3.112652e-02;2.949596e-01;3.773729e-01;1.402028e-02;2.533216e-02;2.540392e-02;1.270505e-02;4.820612e-02;6.494064e-02;7.556640e-02;7.196136e-03;2.317032e-02
1.795963e-02;2.748247e-01;4.511547e-01;1.788440e-02;3.743977e-02;2.055812e-02;1.645208e-02;2.593883e-02;3.971520e-02;8.378322e-02;2.159390e-03;1.212984e-02
1.796982e-02;2.172185e-01;4.955775e-01;3.819371e-02;4.141987e-02;2.175824e-02;2.873193e-02;1.857074e-02;3.307930e-02;7.270782e-02;9.472257e-03;5.300434e-03
1.555179e-02;1.790592e-01;4.708094e-01;8.724528e-02;4.503289e-02;4.434252e-02;2.319204e-02;1.833214e-02;4.801034e-02;4.236369e-02;2.000722e-02;6.053468e-03
1.127684e-02;1.706020e-01;3.438273e-01;1.304808e-01;1.045094e-01;9.935302e-02;1.918613e-02;1.863425e-02;4.296527e-02;2.357973e-02;2.016233e-02;1.542290e-02
1.662137e-02;1.945697e-01;1.812976e-01;1.116060e-01;1.792872e-01;1.670766e-01;2.997007e-02;1.931373e-02;4.798584e-02;2.330755e-02;8.422973e-03;2.054138e-02
2.287596e-02;1.754376e-01;1.995775e-01;5.123655e-02;1.427718e-01;2.725608e-01;2.276763e-02;3.251066e-02;4.352341e-02;1.908987e-02;5.709333e-03;1.193896e-02
2.499743e-02;1.218857e-01;2.048285e-01;3.872855e-02;6.467686e-02;3.525034e-01;5.257852e-02;5.625271e-02;3.132857e-02;3.498064e-02;8.114597e-03;9.124535e-03
2.414692e-02;1.069582e-01;1.809385e-01;5.313076e-02;4.183190e-02;2.886062e-01;8.659906e-02;1.213234e-01;4.246460e-02;3.660547e-02;8.916969e-03;8.477992e-03
2.250115e-02;1.573134e-01;1.769554e-01;4.586023e-02;4.046590e-02;2.258963e-01;8.518732e-02;1.563285e-01;5.142787e-02;2.623351e-02;7.909764e-03;3.920623e-03
1.833658e-02;1.703032e-01;1.962035e-01;5.300442e-02;4.620606e-02;2.572747e-01;6.650444e-02;1.230284e-01;3.064304e-02;2.663703e-02;7.782219e-03;4.076396e-03
1.965875e-02;1.674727e-01;2.059279e-01;5.768595e-02;4.927835e-02;2.695017e-01;4.026132e-02;1.021792e-01;3.863091e-02;2.966779e-02;1.332432e-02;6.411119e-03
4.530841e-02;1.798346e-01;2.354206e-01;6.573700e-02;5.315563e-02;1.608375e-01;2.081189e-02;8.253117e-02;5.681338e-02;3.966729e-02;3.223614e-02;2.764641e-02
4.315095e-02;1.558706e-01;1.850690e-01;3.875952e-02;2.868342e-02;1.735231e-01;4.918331e-02;1.269050e-01;7.907110e-02;3.847092e-02;4.200568e-02;3.930731e-02
3.267538e-02;1.794282e-01;2.579037e-01;2.460043e-02;2.107402e-02;1.358608e-01;5.009121e-02;1.073740e-01;8.716165e-02;2.132074e-02;4.407893e-02;3.843101e-02
2.266584e-02;1.898477e-01;3.092368e-01;3.259720e-02;2.225028e-02;9.811635e-02;3.593125e-02;9.922016e-02;9.960955e-02;2.842517e-02;3.241462e-02;2.968504e-02
1.241553e-02;1.946605e-01;2.918338e-01;4.037035e-02;1.863549e-02;1.466544e-01;3.174751e-02;1.039204e-01;9.814745e-02;2.168309e-02;1.835963e-02;2.157184e-02
2.497982e-02;2.511067e-01;2.476819e-01;2.690817e-02;2.279023e-02;1.743918e-01;4.491992e-02;7.447043e-02;8.019073e-02;1.989933e-02;9.780653e-03;2.288039e-02
3.216397e-02;2.748872e-01;2.662409e-01;3.269182e-02;3.154469e-02;1.131489e-01;2.545685e-02;9.253871e-02;6.368771e-02;3.108779e-02;1.265559e-02;2.389585e-02
3.198629e-02;2.688632e-01;2.901796e-01;3.876445e-02;6.138143e-02;5.233901e-02;4.294531e-02;1.038260e-01;4.792510e-02;2.513020e-02;1.379979e-02;2.285961e-02
2.539538e-02;2.487191e-01;2.845787e-01;4.378198e-02;5.958056e-02;1.279282e-01;4.493854e-02;7.677690e-02;3.651880e-02;2.062109e-02;1.710199e-02;1.405889e-02
3.554431e-02;2.550080e-01;2.771838e-01;4.903864e-02;5.652375e-02;1.733502e-01;3.446900e-02;4.860052e-02;3.266844e-02;1.242565e-02;1.408322e-02;1.110449e-02
3.801160e-02;2.223754e-01;2.658789e-01;6.263558e-02;5.710431e-02;1.957042e-01;3.168975e-02;4.834881e-02;3.729383e-02;1.632692e-02;1.379893e-02;1.083174e-02
2.269850e-02;1.202621e-01;3.180556e-01;9.480011e-02;1.453696e-02;1.890854e-01;3.291190e-02;9.430103e-02;5.522554e-02;2.871238e-02;1.332111e-02;1.608934e-02
2.410372e-02;1.892918e-01;3.604187e-01;9.644611e-02;3.304515e-02;1.195183e-01;2.924366e-02;6.075335e-02;4.298989e-02;2.538113e-02;7.976980e-03;1.083122e-02
2.868817e-02;2.154144e-01;3.567321e-01;8.230731e-02;1.762209e-02;1.610234e-01;1.972931e-02;5.545063e-02;2.850229e-02;1.978233e-02;5.292175e-03;9.455798e-03
3.226605e-02;1.347283e-01;2.917403e-01;5.631716e-02;5.839743e-02;1.945498e-01;2.791662e-02;9.000658e-02;4.877508e-02;4.074179e-02;5.829983e-03;1.873087e-02
3.015334e-02;1.680762e-01;2.605022e-01;2.868331e-02;6.582273e-02;1.466569e-01;3.040640e-02;9.716016e-02;6.895794e-02;7.407640e-02;7.683298e-03;2.182112e-02
2.051653e-02;1.499615e-01;1.603156e-01;5.333731e-02;8.746902e-02;1.812037e-01;8.886733e-02;7.742777e-02;6.512970e-02;6.762540e-02;2.558103e-02;2.256508e-02
2.948399e-02;9.894258e-02;1.042507e-01;4.224843e-02;8.416469e-02;2.664424e-01;1.225645e-01;7.263854e-02;6.100493e-02;6.580912e-02;2.794426e-02;2.450576e-02
4.196953e-02;7.041086e-02;9.347792e-02;2.974291e-02;5.888653e-02;3.898236e-01;1.111048e-01;4.800177e-02;4.268778e-02;6.944124e-02;2.245871e-02;2.199430e-02
4.562206e-02;4.766769e-02;7.369288e-02;5.128165e-02;3.434710e-02;4.978063e-01;1.014562e-01;3.709038e-02;2.011516e-02;6.100092e-02;1.541967e-02;1.449998e-02
3.579155e-02;3.714618e-02;5.782668e-02;6.806162e-02;8.070677e-02;5.312840e-01;5.463627e-02;5.379467e-02;1.105675e-02;4.656414e-02;6.822108e-03;1.630922e-02
1.772665e-02;3.014364e-02;7.102790e-02;9.095486e-02;8.439697e-02;4.940678e-01;6.722972e-02;7.373149e-02;1.229952e-02;3.158543e-02;1.221320e-02;1.462274e-02
3.688001e-02;4.029197e-02;1.104331e-01;7.666435e-02;3.595988e-02;3.831311e-01;7.909122e-02;1.348734e-01;3.406906e-02;3.212798e-02;1.564454e-02;2.083333e-02
3.060076e-02;6.292428e-02;1.484492e-01;5.576911e-02;6.294075e-02;3.287532e-01;3.711680e-02;1.525202e-01;6.222739e-02;2.610633e-02;1.436707e-02;1.822486e-02
1.363337e-02;6.352776e-02;1.257909e-01;5.103029e-02;4.886787e-02;4.627651e-01;2.419858e-02;9.699918e-02;6.331302e-02;1.990291e-02;1.155799e-02;1.841299e-02
1.619501e-02;4.434422e-02;1.013261e-01;6.139481e-02;3.796700e-02;5.043390e-01;6.563407e-02;5.386942e-02;5.150967e-02;2.822470e-02;8.611224e-03;2.658485e-02
3.482677e-02;3.342486e-02;8.392020e-02;8.933172e-02;3.426592e-02;4.373100e-01;1.093969e-01;7.235684e-02;3.672811e-02;3.585893e-02;8.742787e-03;2.383706e-02
3.228896e-02;2.992082e-02;6.072103e-02;8.539837e-02;3.388168e-02;4.084275e-01;1.616683e-01;1.078452e-01;3.863740e-02;2.848527e-02;5.517131e-03;7.208408e-03
1.043686e-02;3.322233e-02;4.042188e-02;3.804425e-02;3.385239e-02;4.237879e-01;1.783551e-01;1.606524e-01;5.360385e-02;1.400327e-02;6.997332e-03;6.622408e-03
8.670746e-03;3.026925e-02;3.495071e-02;2.521333e-02;2.739254e-02;4.398706e-01;1.315536e-01;2.067394e-01;6.635239e-02;1.913682e-02;4.844073e-03;5.006429e-03
1.437245e-02;6.127824e-02;9.491532e-02;3.819225e-02;2.458027e-02;3.563086e-01;8.267935e-02;2.292440e-01;6.362041e-02;2.293015e-02;6.056247e-03;5.822693e-03
1.531577e-02;8.722321e-02;1.118896e-01;5.754358e-02;6.674954e-02;3.715083e-01;2.357665e-02;1.818352e-01;3.379878e-02;3.052853e-02;1.200037e-02;8.030395e-03
2.229290e-02;9.919475e-02;7.268307e-02;5.239815e-02;6.928159e-02;5.024132e-01;2.354788e-02;6.635928e-02;3.353288e-02;3.190026e-02;1.828995e-02;8.106141e-03
3.148591e-02;1.273656e-01;1.934097e-01;8.144160e-02;3.573078e-02;2.766406e-01;2.279327e-02;9.983766e-02;5.926244e-02;4.098666e-02;2.379178e-02;7.253974e-03
3.166554e-02;1.303248e-01;2.012291e-01;6.016187e-02;7.562391e-02;1.973703e-01;4.931018e-02;1.248978e-01;6.155543e-02;2.818246e-02;2.224420e-02;1.743445e-02
5.024995e-02;7.925937e-02;1.825522e-01;5.459442e-02;7.576011e-02;2.204426e-01;8.200773e-02;1.069144e-01;5.344906e-02;2.425163e-02;2.149110e-02;4.902747e-02
5.651935e-02;5.483795e-02;1.697389e-01;7.043327e-02;6.267874e-02;1.779064e-01;1.158971e-01;8.768933e-02;5.210029e-02;5.020666e-02;4.058725e-02;6.140476e-02
3.005239e-02;6.990333e-02;9.229543e-02;4.749748e-02;5.105569e-02;2.248626e-01;1.381082e-01;1.848686e-01;5.148808e-02;3.523783e-02;4.165534e-02;3.297492e-02
2.361457e-02;1.010146e-01;4.438624e-02;2.231620e-02;3.839123e-02;1.942389e-01;1.818562e-01;2.504204e-01;4.957889e-02;1.358323e-02;5.181327e-02;2.878644e-02
3.702081e-02;1.341374e-01;4.644214e-02;2.280893e-02;2.905891e-02;1.204685e-01;2.361842e-01;2.371188e-01;3.153779e-02;1.123591e-02;6.906462e-02;2.492199e-02
3.689659e-02;1.734237e-01;4.799183e-02;2.277097e-02;2.523834e-02;9.206121e-02;3.123954e-01;1.705226e-01;1.755212e-02;8.630802e-03;7.364747e-02;1.886893e-02
1.130483e-02;1.747099e-01;3.480830e-02;1.606441e-02;1.575805e-02;1.520309e-01;4.038352e-01;9.694308e-02;1.150708e-02;5.290925e-03;6.487378e-02;1.287349e-02
6.442528e-03;1.306695e-01;2.835659e-02;1.446480e-02;1.170332e-02;1.932513e-01;4.180790e-01;1.121841e-01;8.981837e-03;7.410027e-03;5.515750e-02;1.329960e-02
7.559586e-03;9.233824e-02;2.159899e-02;1.383486e-02;1.796233e-02;2.411662e-01;3.822222e-01;1.243987e-01;1.682889e-02;1.729075e-02;5.222440e-02;1.257481e-02
9.090653e-03;6.082465e-02;2.670351e-02;1.134527e-02;2.812565e-02;3.149221e-01;3.231822e-01;1.332248e-01;2.182415e-02;2.261107e-02;3.807966e-02;1.006628e-02
1.135562e-02;5.095801e-02;4.359151e-02;9.954403e-03;2.735834e-02;4.278161e-01;2.067703e-01;1.538707e-01;2.209319e-02;1.882305e-02;1.750294e-02;9.905916e-03
1.033847e-02;4.920626e-02;3.287196e-02;9.765264e-03;2.295722e-02;3.937942e-01;1.830333e-01;2.407611e-01;2.035342e-02;6.544021e-03;2.200140e-02;8.373341e-03
1.073902e-02;5.607305e-02;2.113197e-02;1.142392e-02;1.881173e-02;3.032055e-01;1.714365e-01;3.353963e-01;4.109795e-02;6.187919e-03;1.842812e-02;6.067988e-03
9.574328e-03;4.696611e-02;2.791746e-02;1.512579e-02;2.254720e-02;2.334816e-01;1.354596e-01;4.111828e-01;6.438580e-02;7.893601e-03;1.798589e-02;7.479767e-03
8.339612e-03;4.314532e-02;3.650595e-02;1.486312e-02;2.269355e-02;1.680618e-01;1.497017e-01;4.076476e-01;1.108263e-01;1.510752e-02;1.438597e-02;8.721729e-03
1.337197e-02;4.779503e-02;4.803139e-02;2.379321e-02;1.753676e-02;2.549043e-01;1.457428e-01;2.241243e-01;1.695314e-01;2.511105e-02;1.654933e-02;1.350853e-02
1.621044e-02;5.395202e-02;7.256710e-02;3.283977e-02;2.598240e-02;2.360427e-01;1.410522e-01;1.353446e-01;2.209255e-01;2.918264e-02;1.883565e-02;1.706510e-02
1.204233e-02;4.315241e-02;6.277153e-02;2.181474e-02;2.235862e-02;1.308144e-01;2.013937e-01;1.925069e-01;2.631953e-01;2.085023e-02;1.522893e-02;1.387082e-02
7.463445e-03;5.475056e-02;6.144026e-02;1.731600e-02;1.777720e-02;7.799992e-02;2.779982e-01;1.263069e-01;3.124720e-01;2.360045e-02;1.610407e-02;6.770895e-03
1.190666e-02;5.504732e-02;5.477241e-02;2.237843e-02;1.954664e-02;4.472723e-02;2.373939e-01;2.263226e-01;2.787832e-01;2.549538e-02;1.515187e-02;8.474457e-03
1.079869e-02;5.434523e-02;5.370262e-02;2.614780e-02;1.824763e-02;1.521018e-01;1.754958e-01;2.242505e-01;2.332906e-01;1.732747e-02;2.363444e-02;1.065745e-02
8.898397e-03;5.344807e-02;5.121757e-02;2.571415e-02;2.199307e-02;1.998336e-01;1.301799e-01;2.729986e-01;1.984687e-01;9.131033e-03;1.639045e-02;1.172658e-02
1.069932e-02;4.931844e-02;6.405525e-02;2.254009e-02;1.907456e-02;1.704668e-01;1.437876e-01;3.185383e-01;1.730857e-01;1.138675e-02;6.505352e-03;1.054181e-02
9.312236e-03;5.799096e-02;9.560439e-02;2.256945e-02;1.981328e-02;6.824779e-02;1.531613e-01;3.500789e-01;1.782939e-01;2.552124e-02;1.120939e-02;8.197122e-03
8.644226e-03;5.257869e-02;6.372205e-02;1.584055e-02;3.568495e-02;1.461416e-01;9.596632e-02;4.031645e-01;1.218477e-01;3.256672e-02;1.645186e-02;7.390811e-03
2.315419e-02;5.443519e-02;3.844522e-02;1.435462e-02;4.222305e-02;1.915502e-01;1.774848e-01;3.480216e-01;5.841245e-02;2.699771e-02;1.212696e-02;1.279397e-02
4.720368e-02;3.977276e-02;3.133662e-02;2.137901e-02;4.176119e-02;3.019260e-01;2.077601e-01;2.125248e-01;3.233022e-02;2.514572e-02;4.865672e-03;3.399432e-02
4.945209e-02;2.030179e-02;2.351468e-02;3.532849e-02;7.887501e-02;3.496682e-01;1.416962e-01;1.255516e-01;5.416536e-02;1.703000e-02;2.512842e-02;7.928818e-02
2.520164e-02;2.780181e-02;4.880970e-02;8.184688e-02;1.247730e-01;2.418875e-01;9.010617e-02;1.039999e-01;5.400026e-02;1.107350e-02;8.618708e-02;1.043125e-01
1.214860e-02;4.721279e-02;1.134806e-01;1.321547e-01;1.021203e-01;9.748405e-02;9.087789e-02;1.118072e-01;3.012742e-02;4.224176e-02;1.604253e-01;5.991938e-02
1.811796e-02;5.483446e-02;1.924655e-01;9.934487e-02;4.972672e-02;1.034827e-01;1.406176e-01;9.406065e-02;2.218263e-02;8.407575e-02;1.300503e-01;1.104088e-02
1.657400e-02;8.133151e-02;2.614486e-01;4.088213e-02;2.241985e-02;7.088500e-02;1.473892e-01;8.425529e-02;4.288758e-02;1.516180e-01;6.269670e-02;1.761205e-02
1.113435e-02;1.538304e-01;2.704109e-01;2.357728e-02;1.149503e-02;7.250864e-02;8.931911e-02;8.919948e-02;7.422520e-02;1.622051e-01;2.312483e-02;1.896959e-02
1.431048e-02;2.721596e-01;2.414306e-01;2.410855e-02;1.202235e-02;8.711953e-02;3.933160e-02;6.560296e-02;1.139343e-01;9.590247e-02;1.629747e-02;1.778011e-02
2.106948e-02;3.561122e-01;1.952354e-01;2.783861e-02;2.525215e-02;1.084284e-01;3.811073e-02;3.890728e-02;1.415938e-01;2.495684e-02;1.264502e-02;9.850106e-03
5.192870e-02;3.544077e-01;1.734962e-01;2.257421e-02;2.654574e-02;7.847004e-02;4.867750e-02;6.085524e-02;1.278731e-01;3.306177e-02;1.452901e-02;7.580792e-03
9.455726e-02;3.149360e-01;1.572968e-01;2.272625e-02;3.085629e-02;6.478082e-02;5.720164e-02;1.026612e-01;8.513674e-02;3.220866e-02;2.225890e-02;1.537949e-02
1.547117e-01;2.482552e-01;1.311326e-01;2.574535e-02;2.616028e-02;9.519066e-02;7.003070e-02;1.100174e-01;4.806066e-02;2.015729e-02;4.045094e-02;3.008717e-02
2.259200e-01;1.770349e-01;8.419900e-02;2.973381e-02;2.707664e-02;1.168211e-01;7.026822e-02;1.088406e-01;5.819236e-02;2.219174e-02;5.403615e-02;2.568545e-02
2.094972e-01;1.824340e-01;8.438276e-02;3.618301e-02;4.268073e-02;1.142475e-01;5.761016e-02;1.107502e-01;7.772151e-02;2.160860e-02;4.571713e-02;1.716725e-02
9.707382e-02;2.845136e-01;1.485724e-01;3.280367e-02;3.186687e-02;8.482450e-02;5.899439e-02;8.505891e-02;9.995547e-02;2.532575e-02;3.396462e-02;1.704609e-02
3.131734e-02;3.346611e-01;2.038183e-01;2.638698e-02;1.945440e-02;6.986457e-02;5.919364e-02;6.560838e-02;1.039663e-01;3.428328e-02;2.780112e-02;2.364444e-02
3.017044e-02;3.516811e-01;2.535200e-01;2.534581e-02;2.421677e-02;4.241798e-02;5.746632e-02;6.845650e-02;9.104440e-02;1.612561e-02;1.603724e-02;2.351776e-02
4.880855e-02;3.329486e-01;2.652555e-01;1.451216e-02;1.735249e-02;6.020455e-02;5.923409e-02;7.862487e-02;6.257816e-02;2.929504e-02;1.772365e-02;1.346234e-02
6.479257e-02;2.530519e-01;1.916848e-01;2.877400e-02;3.581430e-02;8.650836e-02;6.504685e-02;8.768982e-02;5.384535e-02;5.955553e-02;4.943663e-02;2.379989e-02
3.187310e-02;2.021326e-01;1.585718e-01;3.289911e-02;5.190948e-02;9.221276e-02;9.521425e-02;1.176613e-01;5.797623e-02;5.760767e-02;6.277324e-02;3.916845e-02
3.199816e-02;1.636747e-01;1.882297e-01;4.278490e-02;2.192032e-02;1.788402e-01;1.079712e-01;9.633989e-02;3.191397e-02;5.226876e-02;6.263533e-02;2.142282e-02
3.874910e-02;1.353783e-01;1.654565e-01;4.245914e-02;4.007141e-02;2.786015e-01;6.667200e-02;7.522348e-02;5.519471e-02;3.616988e-02;5.125418e-02;1.476990e-02
3.193856e-02;1.326707e-01;1.590331e-01;4.598543e-02;2.945679e-02;2.507551e-01;5.340905e-02;1.181594e-01;7.862504e-02;2.311224e-02;5.551495e-02;2.133954e-02
4.313356e-02;1.641968e-01;1.443508e-01;5.190003e-02;2.749960e-02;1.017722e-01;9.472621e-02;1.840444e-01;9.407019e-02;3.361631e-02;4.511400e-02;1.557586e-02
3.853612e-02;1.833881e-01;1.768865e-01;5.398054e-02;3.675790e-02;1.370405e-01;8.766977e-02;1.431797e-01;7.615462e-02;2.727038e-02;3.224177e-02;6.894064e-03
3.700034e-02;2.317103e-01;1.193411e-01;4.800734e-02;4.728933e-02;1.947478e-01;9.834304e-02;6.067830e-02;7.421263e-02;3.437582e-02;4.061773e-02;1.367632e-02
3.075846e-02;2.282943e-01;1.182263e-01;2.415490e-02;3.115338e-02;1.720868e-01;7.632053e-02;1.612181e-01;5.725090e-02;3.687682e-02;4.081000e-02;2.284944e-02
3.189949e-02;2.052245e-01;1.596422e-01;3.334194e-02;2.954591e-02;1.376691e-01;3.459791e-02;2.115197e-01;7.745287e-02;3.556117e-02;2.867510e-02;1.487004e-02
4.517829e-02;1.859739e-01;1.480063e-01;5.430730e-02;4.370006e-02;7.906350e-02;3.069114e-02;2.414489e-01;8.699345e-02;4.654230e-02;2.653406e-02;1.156085e-02
4.780640e-02;1.428230e-01;1.446067e-01;6.793460e-02;5.212499e-02;1.132007e-01;4.322132e-02;2.444780e-01;4.605728e-02;4.624209e-02;2.986958e-02;2.163539e-02
4.207009e-02;1.488419e-01;1.847964e-01;3.240327e-02;3.979843e-02;1.180869e-01;3.381226e-02;2.160907e-01;9.712855e-02;4.062772e-02;1.821036e-02;2.813338e-02
4.277008e-02;1.060854e-01;1.444900e-01;2.111800e-02;3.639923e-02;2.551176e-01;3.436182e-02;1.434333e-01;9.856676e-02;6.130238e-02;2.321434e-02;3.314115e-02
4.205157e-02;7.438833e-02;9.429430e-02;3.349597e-02;3.584238e-02;4.136927e-01;5.481241e-02;5.268187e-02;4.776181e-02;9.054946e-02;2.815714e-02;3.227202e-02
3.195312e-02;4.847697e-02;3.825704e-02;4.061882e-02;1.765226e-02;4.623625e-01;8.042470e-02;1.029161e-01;3.696975e-02;1.068622e-01;1.588735e-02;1.761921e-02
1.973147e-02;4.221434e-02;3.508484e-02;3.688592e-02;1.949818e-02;4.243152e-01;1.181784e-01;1.559399e-01;3.460583e-02;8.958375e-02;1.249513e-02;1.146706e-02
9.601773e-03;3.885721e-02;3.302692e-02;4.345179e-02;1.321686e-02;3.897246e-01;1.438067e-01;2.029764e-01;5.517637e-02;4.844536e-02;1.300484e-02;8.711116e-03
1.455574e-02;5.130472e-02;6.164349e-02;6.603259e-02;1.785238e-02;3.468382e-01;1.266313e-01;2.143244e-01;5.427773e-02;2.559240e-02;1.065926e-02;1.028774e-02
2.968128e-02;1.219497e-01;1.663710e-01;6.996246e-02;2.996644e-02;1.928681e-01;8.310706e-02;1.982242e-01;4.896645e-02;2.658415e-02;1.636061e-02;1.595854e-02
3.737170e-02;1.793489e-01;2.105314e-01;3.876258e-02;3.167585e-02;1.628515e-01;4.391830e-02;1.691259e-01;4.365288e-02;3.266770e-02;2.274962e-02;2.734359e-02
3.805687e-02;1.690433e-01;1.500626e-01;2.622657e-02;3.302512e-02;1.907776e-01;6.212442e-02;1.949006e-01;5.007328e-02;2.825434e-02;1.862266e-02;3.883265e-02
3.819843e-02;1.434044e-01;1.415347e-01;4.121131e-02;3.705566e-02;2.056153e-01;7.480504e-02;1.584356e-01;3.939138e-02;3.551812e-02;3.918605e-02;4.564412e-02
4.341073e-02;1.391280e-01;1.441949e-01;3.607172e-02;4.670763e-02;1.991567e-01;6.633222e-02;1.185936e-01;5.511001e-02;5.785809e-02;4.677282e-02;4.666374e-02
3.204176e-02;1.434601e-01;1.641262e-01;2.443938e-02;5.276684e-02;1.671776e-01;6.291667e-02;1.657895e-01;6.475727e-02;5.345171e-02;2.723352e-02;4.183948e-02
2.409189e-02;9.973571e-02;9.939210e-02;1.286790e-02;3.651616e-02;1.710194e-01;9.473956e-02;2.680279e-01;1.015518e-01;3.597745e-02;2.801611e-02;2.806406e-02
2.994880e-02;5.014483e-02;6.558974e-02;1.512998e-02;3.363162e-02;1.716814e-01;1.274136e-01;3.184134e-01;1.138396e-01;2.796811e-02;2.525944e-02;2.097935e-02
3.908947e-02;3.027749e-02;7.239284e-02;1.966794e-02;3.633463e-02;1.666250e-01;1.391528e-01;3.242719e-01;1.018809e-01;2.390931e-02;2.232237e-02;2.407547e-02
3.594644e-02;5.912483e-02;1.140378e-01;3.814072e-02;5.303485e-02;1.392165e-01;1.249598e-01;2.650510e-01;9.019373e-02;3.342327e-02;2.406898e-02;2.280199e-02
2.471976e-02;5.383522e-02;6.816246e-02;4.076720e-02;4.442177e-02;2.959175e-01;1.668738e-01;1.660784e-01;5.932547e-02;3.773403e-02;1.968919e-02;2.247524e-02
2.684745e-02;4.701170e-02;2.420462e-02;3.130521e-02;1.815691e-02;2.771910e-01;3.032321e-01;1.536373e-01;4.268384e-02;2.822128e-02;2.063476e-02;2.687380e-02
2.210922e-02;5.454270e-02;2.704863e-02;2.463285e-02;2.607483e-02;2.000560e-01;3.961560e-01;1.318916e-01;2.693236e-02;3.005005e-02;4.215417e-02;1.835161e-02
2.960081e-02;5.504367e-02;2.824847e-02;2.097324e-02;2.838511e-02;2.271323e-01;4.088946e-01;1.004675e-01;2.141241e-02;4.476055e-02;2.510993e-02;9.971389e-03
3.482802e-02;5.839260e-02;1.791840e-02;1.637057e-02;1.848477e-02;2.511767e-01;3.903855e-01;9.657045e-02;2.141579e-02;6.053945e-02;2.682250e-02;7.095149e-03
3.862176e-02;5.856155e-02;1.813401e-02;1.744822e-02;2.742634e-02;3.044230e-01;3.484882e-01;7.452349e-02;3.244044e-02;5.597378e-02;1.998206e-02;3.977165e-03
2.731429e-02;6.480253e-02;4.741808e-02;1.663699e-02;3.309544e-02;3.096085e-01;2.979066e-01;1.099942e-01;3.494843e-02;4.104163e-02;1.137965e-02;5.853629e-03
1.766815e-02;1.066411e-01;1.334272e-01;3.210346e-02;4.381781e-02;1.847767e-01;2.309648e-01;1.650094e-01;3.351535e-02;3.176923e-02;1.316200e-02;7.144996e-03
1.882481e-02;1.312805e-01;1.777416e-01;2.715264e-02;2.617866e-02;1.724373e-01;1.737648e-01;1.793057e-01;4.544746e-02;3.151039e-02;9.713193e-03;6.642811e-03
2.269093e-02;1.107614e-01;1.237739e-01;9.922459e-03;2.489978e-02;2.190156e-01;2.496817e-01;1.434175e-01;3.653900e-02;3.889905e-02;1.167931e-02;8.719354e-03
1.733749e-02;1.013255e-01;1.267070e-01;1.454687e-02;3.534674e-02;1.837625e-01;3.063298e-01;7.919642e-02;4.849982e-02;5.176940e-02;2.115965e-02;1.401869e-02
2.058312e-02;8.592651e-02;1.306305e-01;2.624564e-02;3.667350e-02;2.535833e-01;2.625502e-01;6.368411e-02;4.077518e-02;4.809169e-02;1.756405e-02;1.369216e-02
1.965736e-02;1.025171e-01;1.377627e-01;3.672659e-02;4.507426e-02;2.472458e-01;1.665861e-01;1.320175e-01;2.366450e-02;4.448394e-02;2.753734e-02;1.672677e-02
3.728827e-02;1.266508e-01;1.337733e-01;4.252262e-02;5.352114e-02;1.591911e-01;1.689480e-01;1.420327e-01;4.680295e-02;4.075990e-02;2.545475e-02;2.305450e-02
3.017446e-02;7.343654e-02;1.050460e-01;2.535197e-02;2.077028e-02;2.099661e-01;1.673162e-01;2.046394e-01;5.488619e-02;3.212737e-02;4.811372e-02;2.817187e-02
2.683561e-02;6.261237e-02;7.129055e-02;2.640784e-02;3.743757e-02;1.985074e-01;1.829292e-01;2.348885e-01;6.099746e-02;1.919062e-02;5.415144e-02;2.475151e-02
2.518327e-02;5.175011e-02;4.706725e-02;2.008713e-02;3.137543e-02;1.712803e-01;3.011334e-01;2.300766e-01;4.316351e-02;7.236458e-03;5.255514e-02;1.909148e-02
2.162955e-02;4.763079e-02;3.208143e-02;1.427854e-02;2.636714e-02;1.140501e-01;3.631418e-01;2.778358e-01;3.153879e-02;1.545044e-02;4.326950e-02;1.272610e-02
1.767244e-02;3.896185e-02;3.457215e-02;1.623035e-02;3.307972e-02;1.272740e-01;2.698408e-01;3.760462e-01;3.741764e-02;1.784567e-02;2.279039e-02;8.268744e-03
1.892525e-02;3.267426e-02;3.604007e-02;1.240985e-02;3.119920e-02;2.029774e-01;1.478210e-01;4.407203e-01;3.804627e-02;1.245010e-02;1.447184e-02;1.226446e-02
1.199840e-02;5.125728e-02;3.173595e-02;5.883625e-03;1.733522e-02;1.753093e-01;2.210805e-01;4.143904e-01;2.897652e-02;7.371101e-03;2.301452e-02;1.164723e-02
9.310873e-03;5.727307e-02;3.481342e-02;2.229210e-02;1.775746e-02;2.622464e-01;2.586226e-01;2.771015e-01;2.604309e-02;1.559082e-02;1.286295e-02;6.085637e-03
1.619069e-02;5.927950e-02;4.716834e-02;3.033748e-02;3.309281e-02;3.444676e-01;2.325003e-01;1.684239e-01;3.065091e-02;2.243334e-02;8.931086e-03;6.524023e-03
2.729370e-02;4.556983e-02;4.900343e-02;3.296774e-02;3.372238e-02;2.664438e-01;2.648121e-01;1.892174e-01;3.779294e-02;2.586058e-02;1.702669e-02;1.028929e-02
2.302539e-02;5.266259e-02;3.199093e-02;3.008543e-02;2.433833e-02;1.565990e-01;2.635652e-01;3.500822e-01;1.650823e-02;2.138929e-02;1.597792e-02;1.377543e-02
1.318783e-02;5.808335e-02;6.324720e-02;2.180458e-02;2.434330e-02;1.874734e-01;2.129435e-01;3.274962e-01;4.721613e-02;1.837111e-02;1.308315e-02;1.275031e-02
1.758223e-02;7.677405e-02;9.481996e-02;2.204685e-02;2.724184e-02;2.305696e-01;1.810066e-01;2.426132e-01;7.095607e-02;1.278307e-02;1.007257e-02;1.353400e-02
1.654605e-02;8.845202e-02;1.042948e-01;2.125563e-02;2.648564e-02;1.906097e-01;2.259527e-01;1.914993e-01;8.558546e-02;1.958591e-02;1.663771e-02;1.309503e-02
2.094882e-02;7.176331e-02;8.668648e-02;2.621977e-02;1.814169e-02;8.302412e-02;3.770603e-01;1.668481e-01;7.718591e-02;3.423284e-02;2.555385e-02;1.233486e-02
3.236950e-02;6.134263e-02;4.273846e-02;2.386680e-02;2.489096e-02;1.353975e-01;4.261514e-01;1.538065e-01;3.427921e-02;3.006325e-02;2.246727e-02;1.262655e-02
3.159072e-02;5.714675e-02;5.976337e-02;1.868226e-02;3.700716e-02;1.568237e-01;3.708155e-01;1.569285e-01;3.419142e-02;2.961376e-02;3.119180e-02;1.624510e-02
5.179967e-02;6.497823e-02;7.327760e-02;1.432748e-02;3.936444e-02;2.623533e-01;1.574204e-01;1.964548e-01;5.210529e-02;2.855212e-02;3.491010e-02;2.445661e-02
3.949228e-02;5.586812e-02;4.680128e-02;2.637072e-02;4.097299e-02;2.609432e-01;1.830628e-01;2.219661e-01;5.796646e-02;2.053928e-02;1.988788e-02;2.612896e-02
2.647108e-02;5.797171e-02;4.151930e-02;2.854460e-02;3.733430e-02;2.344096e-01;2.851500e-01;1.854816e-01;4.664765e-02;3.054052e-02;7.832884e-03;1.809675e-02
3.877218e-02;5.308121e-02;5.153131e-02;2.559205e-02;2.287640e-02;2.672634e-01;2.333438e-01;1.962270e-01;6.255072e-02;3.159548e-02;5.839785e-03;1.132670e-02
3.012021e-02;7.634147e-02;6.501470e-02;2.699101e-02;2.255306e-02;3.195489e-01;1.178775e-01;2.050001e-01;7.930794e-02;3.992290e-02;7.417380e-03;9.904886e-03
1.836791e-02;1.065989e-01;1.232226e-01;4.248285e-02;2.414466e-02;2.633020e-01;1.080253e-01;1.748200e-01;6.978896e-02;3.187092e-02;1.998097e-02;1.739493e-02
2.485451e-02;9.472986e-02;1.150606e-01;5.657812e-02;4.564467e-02;1.633913e-01;1.635623e-01;1.922947e-01;5.290019e-02;3.796878e-02;1.629038e-02;3.672463e-02
2.683698e-02;7.053457e-02;8.014753e-02;6.053006e-02;3.608482e-02;1.129303e-01;2.687993e-01;1.809601e-01;5.183201e-02;3.722839e-02;2.142930e-02;5.268654e-02
1.542534e-02;3.201900e-02;6.080359e-02;4.426149e-02;2.269772e-02;2.342959e-01;3.099038e-01;1.125163e-01;4.265569e-02;2.052005e-02;5.689277e-02;4.800834e-02
1.380659e-02;2.074528e-02;7.962136e-02;1.719123e-02;3.567924e-02;4.264311e-01;1.723945e-01;5.681590e-02;4.196078e-02;1.785223e-02;9.713484e-02;2.036693e-02
1.511817e-02;4.339765e-02;9.128463e-02;6.575625e-03;4.031722e-02;5.014378e-01;3.554565e-02;6.182760e-02;3.688135e-02;3.083885e-02;1.211222e-01;1.565337e-02
8.215057e-03;5.825197e-02;7.828152e-02;9.532887e-03;7.028367e-02;4.468289e-01;6.755888e-02;6.790843e-02;3.425437e-02;2.533156e-02;1.150494e-01;1.850335e-02
4.538030e-03;1.067253e-01;6.206458e-02;1.252211e-02;1.130983e-01;3.968849e-01;5.584831e-02;6.178159e-02;4.861255e-02;3.521959e-02;8.684397e-02;1.586074e-02
3.721217e-03;1.325562e-01;5.564933e-02;1.731947e-02;1.311058e-01;3.442841e-01;5.784139e-02;5.179206e-02;5.418506e-02;5.916790e-02;7.924996e-02;1.312747e-02
7.791254e-03;1.138757e-01;5.825624e-02;2.030672e-02;1.107481e-01;2.904908e-01;6.528775e-02;8.781456e-02;7.644639e-02;6.754971e-02;8.319981e-02;1.823301e-02
9.015725e-03;8.799289e-02;6.724454e-02;2.217272e-02;6.457369e-02;2.448064e-01;7.461298e-02;1.368270e-01;6.970061e-02;1.039278e-01;9.729290e-02;2.183270e-02
1.410704e-02;7.057624e-02;5.480427e-02;1.577009e-02;4.544723e-02;2.102580e-01;3.223721e-02;2.130575e-01;1.273588e-01;1.180250e-01;8.100068e-02;1.735795e-02
1.968753e-02;5.393869e-02;3.129739e-02;9.213393e-03;2.215635e-02;2.447918e-01;4.183184e-02;1.994378e-01;1.046872e-01;1.131337e-01;1.396552e-01;2.016896e-02
1.325008e-02;3.363675e-02;3.099692e-02;1.276858e-02;2.878601e-02;2.820764e-01;2.400521e-02;1.404991e-01;1.041763e-01;9.189345e-02;1.980530e-01;3.985803e-02
1.663163e-02;6.087406e-02;6.016078e-02;2.247989e-02;6.017747e-02;2.625163e-01;8.518676e-02;1.198088e-01;4.312290e-02;3.914420e-02;1.859551e-01;4.394206e-02
1.920796e-02;5.226047e-02;7.109216e-02;2.366121e-02;7.019886e-02;1.899519e-01;1.435533e-01;1.270183e-01;7.683253e-02;4.937648e-02;1.304767e-01;4.637020e-02
1.867261e-02;6.169871e-02;9.571815e-02;3.020301e-02;8.933075e-02;1.333175e-01;2.508298e-01;1.088619e-01;5.632046e-02;4.071514e-02;6.097588e-02;5.335600e-02
1.465130e-02;8.267158e-02;1.208432e-01;3.437405e-02;1.003221e-01;1.534704e-01;2.929196e-01;8.213867e-02;4.556489e-02;1.606546e-02;2.629024e-02;3.068842e-02
2.235930e-02;1.039884e-01;1.252732e-01;2.244668e-02;8.639524e-02;1.214688e-01;2.709665e-01;1.229388e-01;2.937940e-02;2.048969e-02;4.065583e-02;3.363809e-02
1.614231e-02;8.082142e-02;8.773629e-02;1.052709e-02;7.102086e-02;2.005130e-01;2.475678e-01;1.122656e-01;5.565105e-02;3.053285e-02;5.651304e-02;3.070872e-02
1.374597e-02;3.022910e-02;7.511137e-02;2.040233e-02;8.489124e-02;2.296763e-01;2.429864e-01;1.232678e-01;4.741408e-02;3.199849e-02;7.934130e-02;2.093558e-02
1.578595e-02;6.961945e-02;6.118852e-02;2.674104e-02;7.760658e-02;2.868695e-01;1.856241e-01;1.138219e-01;5.282393e-02;1.966146e-02;7.501595e-02;1.524165e-02
