5.956693e-02;1.060134e-01;5.381314e-02;6.822961e-03;1.469431e-02;1.105483e-01;6.596600e-02;2.207127e-01;1.157706e-01;6.220609e-02;9.454568e-02;8.933973e-02
5.001883e-02;9.715709e-02;5.065521e-02;9.271321e-03;1.358570e-02;9.656444e-02;7.239916e-02;2.649894e-01;1.171597e-01;5.168770e-02;1.062190e-01;7.029238e-02
3.364415e-02;9.260651e-02;7.199968e-02;1.499560e-02;1.406706e-02;9.108453e-02;8.444631e-02;3.227758e-01;1.024563e-01;3.042681e-02;9.558848e-02;4.590886e-02
2.185683e-02;8.087923e-02;1.007234e-01;1.530932e-02;1.132755e-02;7.133488e-02;7.408928e-02;4.282503e-01;8.562309e-02;1.489269e-02;6.827021e-02;2.744327e-02
1.399738e-02;5.014957e-02;1.204867e-01;3.637298e-03;6.383514e-03;6.876329e-02;5.999524e-02;5.530419e-01;4.938198e-02;1.863270e-02;3.219350e-02;2.333685e-02
7.352312e-03;5.545206e-02;9.214482e-02;4.807792e-03;5.187259e-03;6.735142e-02;9.106166e-02;5.305054e-01;5.225693e-02;1.870985e-02;4.788889e-02;2.728167e-02
2.520168e-03;4.766243e-02;8.055057e-02;1.263325e-02;7.110239e-03;5.174614e-02;5.898128e-02;4.886435e-01;1.189360e-01;6.364846e-02;2.029851e-02;4.726938e-02
4.686327e-03;3.513334e-02;6.924684e-02;2.220718e-02;1.070450e-02;4.798497e-02;3.184152e-02;3.957224e-01;1.669805e-01;1.187299e-01;2.816484e-02;6.859774e-02
2.223588e-02;1.426687e-02;6.148604e-02;2.634855e-02;1.151332e-02;5.659195e-02;3.524437e-02;3.067417e-01;1.492316e-01;1.529855e-01;6.625750e-02;9.709670e-02
5.160275e-02;6.520379e-02;4.423237e-02;1.104509e-02;1.970646e-02;8.128947e-02;3.595437e-02;3.278077e-01;1.390547e-01;7.904790e-02;5.646814e-02;8.858718e-02
3.461177e-02;5.168729e-02;3.659871e-02;1.483240e-02;1.486710e-02;9.481795e-02;2.104243e-02;4.764261e-01;1.582706e-01;2.708879e-02;3.995297e-02;2.980389e-02
1.401850e-02;3.581544e-02;5.253094e-02;8.877200e-03;1.366303e-02;9.770864e-02;2.369017e-02;4.972084e-01;1.511829e-01;1.229565e-02;8.035340e-02;1.265579e-02
1.843139e-02;4.903695e-02;7.166464e-02;1.131077e-02;1.181431e-02;7.878340e-02;4.478047e-02;4.475827e-01;1.308522e-01;2.239851e-02;9.228186e-02;2.106288e-02
3.142359e-02;5.450874e-02;8.417621e-02;2.508194e-02;2.354332e-02;4.804737e-02;9.065599e-02;3.599537e-01;1.194743e-01;3.848833e-02;9.950866e-02;2.513785e-02
5.238793e-02;8.413322e-02;1.004923e-01;6.327546e-02;4.615304e-02;9.772079e-02;1.023605e-01;1.366972e-01;6.894034e-02;1.059020e-01;8.188677e-02;6.005038e-02
4.290907e-02;1.011963e-01;1.199942e-01;6.751758e-02;3.978169e-02;9.267304e-02;9.954479e-02;1.059263e-01;5.256173e-02;1.227950e-01;9.673511e-02;5.836521e-02
2.720291e-02;8.779838e-02;1.244206e-01;8.767594e-02;8.042846e-02;7.094286e-02;1.046444e-01;9.626654e-02;7.860468e-02;1.115329e-01;8.063392e-02;4.984837e-02
3.178342e-02;9.542598e-02;1.038053e-01;1.033963e-01;1.358528e-01;1.088505e-01;7.295647e-02;8.180278e-02;7.984739e-02;8.469225e-02;4.899281e-02;5.259407e-02
4.119339e-02;1.038483e-01;7.787859e-02;6.348892e-02;1.388275e-01;2.027730e-01;7.155699e-02;8.131019e-02;5.362268e-02;6.863888e-02;4.253132e-02;5.433017e-02
3.221720e-02;7.399786e-02;5.638775e-02;6.989618e-02;8.891726e-02;2.825202e-01;1.338865e-01;8.302031e-02;2.653973e-02;3.944889e-02;7.854856e-02;3.461958e-02
2.032808e-02;7.709694e-02;3.694308e-02;7.044186e-02;5.559243e-02;2.579792e-01;1.269228e-01;8.163474e-02;1.633792e-02;7.896735e-02;1.367821e-01;4.097358e-02
1.411739e-02;9.766655e-02;4.095600e-02;6.152186e-02;8.769820e-02;1.623465e-01;6.056990e-02;8.501007e-02;1.641024e-02;1.361398e-01;1.839186e-01;5.364494e-02
7.686089e-03;1.540436e-01;5.646684e-02;4.065864e-02;9.634429e-02;6.922247e-02;2.015572e-02;1.075300e-01;1.523069e-02;1.826869e-01;1.994959e-01;5.047873e-02
6.394801e-03;2.474254e-01;4.094163e-02;2.538388e-02;1.062957e-01;2.673511e-02;1.141258e-02;1.333443e-01;1.380466e-02;2.031662e-01;1.465505e-01;3.854518e-02
2.325939e-03;3.276417e-01;2.748940e-02;2.842128e-02;1.124416e-01;5.390142e-02;4.870164e-03;1.512226e-01;1.458253e-02;1.907005e-01;6.174169e-02;2.466111e-02
6.712259e-03;3.639279e-01;1.485434e-02;3.108813e-02;1.166192e-01;6.500052e-02;6.738054e-03;1.748671e-01;1.582726e-02;1.596456e-01;2.705221e-02;1.766749e-02
1.185384e-02;3.837029e-01;3.498108e-02;2.492949e-02;1.066403e-01;4.911731e-02;8.345079e-03;1.950487e-01;1.393712e-02;1.404344e-01;1.856355e-02;1.244628e-02
1.198783e-02;3.848687e-01;1.360387e-02;1.874683e-02;9.857137e-02;4.781501e-02;1.227602e-02;2.153770e-01;1.244635e-02;1.428441e-01;3.228715e-02;9.175781e-03
6.079425e-03;3.424165e-01;3.259400e-02;1.968342e-02;8.843321e-02;4.774985e-02;1.427103e-02;2.207956e-01;9.495521e-03;1.605310e-01;4.671785e-02;1.123262e-02
9.584631e-03;2.949834e-01;2.823186e-02;1.878223e-02;9.801544e-02;3.557530e-02;1.150470e-02;2.182145e-01;9.435680e-03;2.166165e-01;5.128131e-02;7.774483e-03
9.718055e-03;2.414159e-01;1.072424e-02;1.642816e-02;1.284760e-01;2.049589e-02;7.863967e-03;1.894727e-01;1.929523e-02;2.867212e-01;5.558731e-02;1.380130e-02
1.141537e-02;1.900547e-01;9.606618e-03;1.541197e-02;1.495050e-01;2.811765e-02;1.581394e-02;1.434497e-01;2.684559e-02;3.346639e-01;5.016635e-02;2.494923e-02
9.414393e-03;1.669951e-01;1.622954e-02;2.470919e-02;1.625990e-01;2.032008e-02;2.316565e-02;1.113819e-01;3.151440e-02;3.446997e-01;6.530663e-02;2.366440e-02
1.712669e-02;1.524256e-01;1.015907e-02;4.693285e-02;1.784026e-01;5.564629e-02;3.353151e-02;8.542722e-02;3.124056e-02;2.848143e-01;7.827392e-02;2.601936e-02
9.486314e-03;1.245221e-01;3.112637e-02;8.914529e-02;1.738582e-01;9.444083e-02;3.864406e-02;8.087205e-02;3.648177e-02;2.197807e-01;6.471848e-02;3.692377e-02
1.453310e-02;8.756758e-02;4.270539e-02;9.681242e-02;1.530677e-01;1.069883e-01;4.504691e-02;8.229800e-02;4.181340e-02;2.144546e-01;6.994185e-02;4.477081e-02
2.105441e-02;6.069662e-02;2.817249e-02;6.853355e-02;1.250969e-01;1.036720e-01;6.764201e-02;7.268929e-02;3.559206e-02;3.263814e-01;5.341158e-02;3.705773e-02
2.262457e-02;1.219341e-01;1.682646e-02;3.117342e-02;8.831662e-02;9.786354e-02;8.968154e-02;5.805108e-02;1.276122e-02;3.899122e-01;3.814455e-02;3.271069e-02
1.713867e-02;1.740563e-01;2.843545e-02;3.477334e-02;7.738243e-02;6.834704e-02;5.970096e-02;4.780717e-02;2.277763e-02;3.579752e-01;7.297532e-02;3.863043e-02
1.547710e-02;1.861231e-01;1.366404e-02;3.354902e-02;9.940849e-02;6.956575e-02;7.890930e-02;6.354722e-02;2.441442e-02;3.321032e-01;6.163139e-02;2.160695e-02
1.662247e-02;1.619575e-01;1.657361e-02;4.466573e-02;1.359579e-01;3.059479e-02;1.013257e-01;8.338300e-02;3.030219e-02;3.031736e-01;5.502728e-02;2.041615e-02
1.527904e-02;1.383956e-01;1.665600e-02;4.264367e-02;1.320990e-01;6.575087e-02;9.588759e-02;8.701620e-02;3.167794e-02;3.165663e-01;3.581714e-02;2.221063e-02
1.929900e-02;1.480344e-01;3.299124e-02;3.884365e-02;1.047868e-01;6.249014e-02;6.600855e-02;1.054368e-01;4.353094e-02;3.342796e-01;2.307718e-02;2.122179e-02
2.282181e-02;1.634845e-01;4.169625e-02;2.731945e-02;1.066694e-01;6.070949e-02;5.285997e-02;9.742235e-02;8.035642e-02;2.819788e-01;3.774672e-02;2.693469e-02
8.608485e-03;1.742153e-01;3.430045e-02;2.170925e-02;9.569151e-02;8.416406e-02;6.959161e-02;6.269704e-02;1.116797e-01;2.253328e-01;8.561381e-02;2.639597e-02
9.332294e-03;1.967828e-01;3.772815e-02;2.619343e-02;7.137286e-02;6.989229e-02;6.140158e-02;7.009622e-02;1.396659e-01;1.940566e-01;9.794441e-02;2.553349e-02
1.080465e-02;2.061657e-01;2.021556e-02;1.931990e-02;9.313080e-02;6.757019e-02;3.804040e-02;9.157877e-02;1.564502e-01;2.087759e-01;6.460828e-02;2.333960e-02
1.667045e-02;1.676975e-01;1.548734e-02;1.547574e-02;1.005197e-01;7.692320e-02;3.761689e-02;1.216062e-01;1.841785e-01;1.991809e-01;4.391947e-02;2.072418e-02
2.087575e-02;1.314469e-01;1.465638e-02;1.943170e-02;6.616275e-02;8.740715e-02;5.111612e-02;1.879458e-01;2.073049e-01;1.398489e-01;5.463601e-02;1.916754e-02
2.291583e-02;1.238202e-01;2.309825e-02;1.824431e-02;6.481837e-02;8.190143e-02;6.145449e-02;2.561699e-01;1.566746e-01;8.849584e-02;8.558515e-02;1.682162e-02
1.739853e-02;1.244607e-01;3.053772e-02;2.010503e-02;8.431435e-02;8.810119e-02;7.083903e-02;2.897545e-01;7.609297e-02;8.951564e-02;9.546716e-02;1.341315e-02
1.681017e-02;9.923247e-02;3.284119e-02;2.347522e-02;1.026211e-01;4.560010e-02;6.893213e-02;3.094671e-01;5.659644e-02;1.250390e-01;1.027420e-01;1.664308e-02
1.013626e-02;4.196833e-02;1.939701e-02;2.778719e-02;1.068109e-01;9.747778e-02;6.779853e-02;3.304529e-01;7.588315e-02;9.139077e-02;1.087658e-01;2.213141e-02
1.186722e-02;2.252935e-02;3.068608e-02;2.185746e-02;1.084415e-01;1.204319e-01;6.339264e-02;3.252942e-01;5.933636e-02;1.077255e-01;9.884854e-02;2.958925e-02
1.307824e-02;3.397586e-02;2.704338e-02;2.860977e-02;1.147090e-01;1.025038e-01;6.430250e-02;3.160594e-01;8.281940e-02;1.046392e-01;7.385021e-02;3.840931e-02
1.366909e-02;5.767155e-02;2.888223e-02;3.991255e-02;1.154952e-01;7.438560e-02;6.073956e-02;3.129831e-01;8.655781e-02;9.773558e-02;6.811483e-02;4.385285e-02
1.346702e-02;4.717265e-02;1.941529e-02;3.434781e-02;7.870784e-02;1.109920e-01;7.034774e-02;2.616814e-01;1.136254e-01;1.714142e-01;4.241965e-02;3.640894e-02
1.100857e-02;2.466313e-02;4.004050e-02;2.339828e-02;4.914042e-02;2.979694e-02;6.067297e-02;2.410978e-01;1.081604e-01;3.129112e-01;5.484916e-02;4.426054e-02
2.297433e-02;3.901548e-02;6.810419e-02;4.360795e-02;9.177018e-02;7.281575e-02;4.843753e-02;1.593014e-01;5.726784e-02;2.436838e-01;9.601914e-02;5.700238e-02
3.154328e-02;5.419572e-02;6.472109e-02;6.137127e-02;5.182431e-02;1.268615e-01;1.517128e-01;1.328123e-01;5.896470e-02;1.138335e-01;1.017056e-01;5.045392e-02
3.136662e-02;4.451521e-02;6.662977e-02;4.221829e-02;3.997799e-02;1.834207e-01;2.327655e-01;1.106903e-01;8.867831e-02;4.695662e-02;9.216203e-02;2.061859e-02
2.502838e-02;2.400007e-02;6.350461e-02;3.026797e-02;2.758147e-02;2.351541e-01;2.543754e-01;8.975999e-02;8.638665e-02;3.394540e-02;1.147966e-01;1.519926e-02
1.502565e-02;2.670091e-02;4.528484e-02;1.765085e-02;3.956706e-02;2.425498e-01;2.053255e-01;1.006538e-01;6.487719e-02;9.306464e-02;1.285461e-01;2.075354e-02
1.551356e-02;4.325573e-02;2.528795e-02;1.633129e-02;1.083357e-01;1.726227e-01;1.198921e-01;1.188776e-01;3.979161e-02;2.059769e-01;1.108011e-01;2.331378e-02
1.311948e-02;6.077683e-02;1.627124e-02;2.157196e-02;1.803481e-01;7.043224e-02;6.118679e-02;1.105014e-01;4.070869e-02;3.192739e-01;7.243685e-02;3.337254e-02
6.523157e-03;9.059850e-02;8.250046e-03;2.763584e-02;2.141326e-01;3.934300e-02;4.911718e-02;9.883537e-02;5.155364e-02;3.465928e-01;2.830940e-02;3.910850e-02
3.674136e-02;1.055421e-01;1.280796e-02;3.965538e-02;2.041648e-01;3.276397e-02;4.909740e-02;8.236729e-02;5.854809e-02;3.154161e-01;2.271442e-02;4.018115e-02
5.375205e-02;1.086832e-01;1.961011e-02;4.447721e-02;2.001122e-01;3.593342e-02;7.908198e-02;5.330605e-02;6.522541e-02;2.675116e-01;3.612326e-02;3.618347e-02
2.185168e-02;1.280834e-01;2.817886e-02;4.381393e-02;1.891973e-01;6.680120e-02;6.797105e-02;1.350429e-01;5.458918e-02;2.102166e-01;2.710499e-02;2.714892e-02
1.268630e-02;1.730215e-01;2.555732e-02;3.549087e-02;1.358461e-01;8.145711e-02;5.885006e-02;1.748177e-01;3.893720e-02;1.646338e-01;8.345915e-02;1.524278e-02
1.428767e-02;1.984508e-01;4.234193e-02;3.698136e-02;8.079370e-02;6.773297e-02;7.529277e-02;1.191531e-01;3.916791e-02;1.473117e-01;1.250820e-01;5.340418e-02
4.322803e-02;1.859345e-01;2.292212e-02;4.281938e-02;1.001773e-01;1.004129e-01;1.207288e-01;6.302848e-02;3.708038e-02;1.293480e-01;1.097111e-01;4.460898e-02
4.609124e-02;1.982571e-01;3.967225e-02;6.333992e-02;1.235119e-01;8.752006e-02;1.161177e-01;7.014824e-02;4.111111e-02;1.105794e-01;7.680928e-02;2.684183e-02
2.387969e-02;2.287218e-01;5.150849e-02;4.637183e-02;1.473901e-01;7.458729e-02;8.690086e-02;8.977096e-02;4.882814e-02;1.171417e-01;5.202110e-02;3.287809e-02
3.220344e-02;1.778460e-01;1.236392e-01;2.518791e-02;9.734717e-02;6.336841e-02;7.126089e-02;5.429461e-02;5.078469e-02;1.476794e-01;9.074192e-02;6.564630e-02
2.727227e-02;8.389693e-02;1.892987e-01;9.185098e-02;4.264331e-02;7.102159e-02;7.149452e-02;3.131057e-02;3.613106e-02;1.317058e-01;1.021802e-01;1.211941e-01
6.756833e-02;4.346490e-02;1.442537e-01;1.722311e-01;5.193496e-02;4.625046e-02;6.893548e-02;6.416551e-02;2.561352e-02;8.100794e-02;5.335211e-02;1.812219e-01
1.528975e-01;8.636853e-02;8.245926e-02;1.342885e-01;4.118336e-02;3.592594e-02;1.050507e-01;1.220319e-01;1.510648e-02;5.254672e-02;9.233610e-03;1.629075e-01
2.357320e-01;9.099136e-02;4.556823e-02;5.405740e-02;5.316962e-02;3.462755e-02;1.518253e-01;1.932153e-01;7.713689e-03;3.799095e-02;2.258389e-02;7.252466e-02
2.219035e-01;8.251966e-02;3.555132e-02;8.606736e-02;8.236581e-02;1.816853e-02;1.254265e-01;2.710592e-01;8.836148e-03;1.726245e-02;1.233199e-02;3.850745e-02
1.907683e-01;9.434620e-02;3.340431e-02;5.261562e-02;1.053025e-01;1.212021e-02;7.329575e-02;3.877510e-01;1.416285e-02;7.794032e-03;4.217113e-03;2.422216e-02
1.563288e-01;8.810990e-02;3.155874e-02;1.624521e-02;1.100010e-01;1.468481e-02;7.294877e-02;4.317098e-01;2.007741e-02;2.189700e-02;6.562430e-03;2.987612e-02
1.450683e-01;6.255448e-02;2.878496e-02;3.839158e-02;9.745162e-02;1.858961e-02;9.972071e-02;4.172673e-01;1.261091e-02;2.542025e-02;5.620697e-03;4.851948e-02
1.127123e-01;5.194286e-02;3.130582e-02;5.086075e-02;7.513206e-02;2.640499e-02;1.873202e-01;3.477473e-01;1.705108e-02;2.316475e-02;1.227558e-02;6.408220e-02
7.884216e-02;3.285514e-02;1.495321e-02;1.384147e-01;5.783092e-02;2.692248e-02;2.508995e-01;2.484277e-01;1.450964e-02;1.965274e-02;1.683700e-02;9.985479e-02
4.858099e-02;1.991758e-02;1.394919e-02;2.236987e-01;3.217142e-02;2.147867e-02;2.944310e-01;1.582251e-01;1.532688e-02;2.043046e-02;9.915267e-03;1.418747e-01
3.319686e-02;2.283061e-02;1.108059e-02;2.766270e-01;1.545996e-02;2.476952e-02;3.315209e-01;7.388321e-02;1.414993e-02;1.762330e-02;6.055274e-03;1.728029e-01
3.904191e-02;2.391131e-02;1.364713e-02;2.890269e-01;1.186677e-02;3.186067e-02;3.265527e-01;4.915459e-02;1.267750e-02;1.331626e-02;2.157901e-02;1.673651e-01
3.466345e-02;3.031286e-02;2.721505e-02;2.975211e-01;1.477225e-02;3.814564e-02;3.053168e-01;4.256983e-02;1.502469e-02;1.013196e-02;3.282122e-02;1.515050e-01
3.326307e-02;3.999937e-02;4.051574e-02;3.374017e-01;1.577275e-02;1.768245e-02;2.543576e-01;4.663382e-02;1.707646e-02;2.617442e-02;2.164131e-02;1.494813e-01
6.386023e-02;5.089941e-02;2.173314e-02;3.516076e-01;3.217469e-02;2.402761e-02;1.836555e-01;5.731940e-02;1.493721e-02;3.455349e-02;2.599003e-02;1.392416e-01
6.539173e-02;5.301411e-02;1.737546e-02;3.319837e-01;3.189193e-02;2.270028e-02;2.047379e-01;8.621391e-02;1.711505e-02;3.476823e-02;1.837307e-02;1.164346e-01
4.830325e-02;5.709142e-02;2.297429e-02;3.042601e-01;4.159487e-02;2.506431e-02;2.308901e-01;9.918947e-02;1.450413e-02;3.812503e-02;2.128012e-02;9.672299e-02
4.292832e-02;5.019902e-02;5.320503e-02;2.033613e-01;4.906218e-02;4.838953e-02;2.336639e-01;1.307215e-01;2.353087e-02;4.079344e-02;2.947592e-02;9.466898e-02
4.625396e-02;4.569410e-02;6.211460e-02;1.850858e-01;4.369884e-02;5.304518e-02;2.317337e-01;1.416750e-01;3.206514e-02;2.082870e-02;3.237153e-02;1.054334e-01
5.348836e-02;4.906396e-02;6.192218e-02;2.464186e-01;1.556199e-02;4.200086e-02;2.245269e-01;1.263092e-01;2.444717e-02;1.444574e-02;2.344794e-02;1.183672e-01
5.706074e-02;3.641798e-02;9.122640e-02;1.534640e-01;1.972036e-02;5.384626e-02;2.205862e-01;1.233224e-01;4.067860e-02;2.459027e-02;5.936484e-02;1.197220e-01
4.040179e-02;4.337712e-02;1.198007e-01;1.552927e-01;3.654414e-02;7.601810e-02;1.682045e-01;1.043481e-01;4.370406e-02;4.118419e-02;7.684048e-02;9.428422e-02
2.906283e-02;4.690938e-02;1.756201e-01;4.073796e-02;3.381765e-02;1.398527e-01;1.465612e-01;8.962464e-02;5.745396e-02;6.711052e-02;9.172945e-02;8.151970e-02
1.959477e-02;2.952874e-02;1.465916e-01;6.551880e-02;2.237536e-02;1.457523e-01;2.377242e-01;7.990336e-02;8.920807e-02;3.538562e-02;4.984666e-02;7.857052e-02
1.457796e-02;3.191042e-02;8.095393e-02;4.237275e-02;2.286146e-02;1.227365e-01;3.274730e-01;9.749746e-02;1.114306e-01;1.337646e-02;6.462110e-02;7.018832e-02
1.025551e-02;2.563354e-02;4.248200e-02;2.467713e-02;2.292445e-02;1.411767e-01;3.336061e-01;1.068614e-01;1.512992e-01;8.584073e-03;7.530137e-02;5.719848e-02
1.006886e-02;1.146310e-02;3.706549e-02;7.261036e-03;3.129405e-02;1.793436e-01;2.754753e-01;7.841162e-02;2.388001e-01;1.051693e-02;8.313512e-02;3.716477e-02
8.314470e-03;1.286646e-02;4.374953e-02;6.656168e-03;2.734794e-02;2.062883e-01;1.850386e-01;4.280088e-02;3.368590e-01;1.126469e-02;7.898663e-02;3.982743e-02
6.725689e-03;1.415502e-02;4.509476e-02;7.124435e-03;3.126596e-02;2.260971e-01;1.252221e-01;3.361768e-02;3.864043e-01;1.160029e-02;8.554208e-02;2.715048e-02
9.138344e-03;9.096651e-03;6.052799e-02;9.854828e-03;2.390106e-02;2.361816e-01;1.051365e-01;1.864694e-02;3.833452e-01;1.115637e-02;1.079568e-01;2.505773e-02
1.179850e-02;5.632694e-03;7.914712e-02;9.427981e-03;2.672295e-02;2.544854e-01;7.431453e-02;2.044968e-02;3.555996e-01;1.290979e-02;1.245278e-01;2.498396e-02
1.702024e-02;8.152173e-03;9.482227e-02;1.899082e-02;1.481538e-02;2.800348e-01;7.219773e-02;1.978113e-02;2.946940e-01;1.320915e-02;1.407956e-01;2.548674e-02
2.591468e-02;9.122591e-03;9.689006e-02;4.027054e-02;2.233390e-02;3.172301e-01;7.360470e-02;3.622667e-02;1.968788e-01;1.140364e-02;1.500978e-01;2.002651e-02
3.295310e-02;1.232562e-02;9.531150e-02;4.499303e-02;3.445367e-02;3.523520e-01;5.659743e-02;6.215404e-02;1.385909e-01;1.704930e-02;1.421712e-01;1.104818e-02
3.163507e-02;2.617889e-02;8.707360e-02;5.083261e-02;4.428118e-02;3.584940e-01;4.242592e-02;6.093389e-02;1.244978e-01;2.947081e-02;1.288152e-01;1.536102e-02
2.365791e-02;3.818502e-02;7.202862e-02;7.226542e-02;7.825655e-02;3.197406e-01;4.878326e-02;5.138508e-02;1.037444e-01;4.325771e-02;1.278288e-01;2.086672e-02
2.319621e-02;4.683509e-02;6.324546e-02;8.178762e-02;8.159150e-02;2.849002e-01;4.549631e-02;6.096491e-02;1.014510e-01;5.321659e-02;1.331555e-01;2.415958e-02
2.822176e-02;4.597589e-02;7.806801e-02;5.629196e-02;5.200197e-02;2.870688e-01;5.610627e-02;6.423986e-02;1.234306e-01;4.453302e-02;1.287209e-01;3.534099e-02
3.006960e-02;2.989065e-02;7.628368e-02;2.795061e-02;3.312809e-02;2.401014e-01;1.164487e-01;6.471758e-02;1.601738e-01;3.349840e-02;1.441339e-01;4.360354e-02
3.131369e-02;2.347885e-02;6.409555e-02;5.890891e-02;3.437160e-02;1.540532e-01;2.095790e-01;6.727617e-02;1.499295e-01;4.241108e-02;1.348579e-01;2.972459e-02
3.615338e-02;3.906092e-02;5.328644e-02;7.711440e-02;2.400760e-02;1.202283e-01;2.968462e-01;7.791650e-02;9.972487e-02;5.458043e-02;1.081817e-01;1.289917e-02
2.356490e-02;3.747040e-02;3.038123e-02;6.326262e-02;5.272733e-02;1.110731e-01;2.199320e-01;1.209796e-01;1.818276e-01;5.175082e-02;7.851244e-02;2.851785e-02
2.197900e-02;4.008951e-02;2.457799e-02;3.924373e-02;8.859652e-02;1.596297e-01;1.256351e-01;1.201833e-01;2.179525e-01;4.160426e-02;8.103354e-02;3.947480e-02
1.891844e-02;2.264385e-02;2.762280e-02;5.628377e-02;7.093970e-02;2.360920e-01;1.417143e-01;1.326208e-01;1.777909e-01;3.657530e-02;5.072102e-02;2.807708e-02
1.940073e-02;2.538881e-02;4.667580e-02;6.962711e-02;3.821968e-02;1.921374e-01;2.544982e-01;1.574053e-01;1.232145e-01;2.496678e-02;2.770935e-02;2.075640e-02
2.417178e-02;1.547167e-02;3.278468e-02;7.329165e-02;4.893874e-02;1.336618e-01;2.991897e-01;1.513233e-01;1.419148e-01;3.914761e-02;2.761390e-02;1.249038e-02
2.324008e-02;1.456839e-02;1.897894e-02;6.508417e-02;7.529917e-02;1.281407e-01;2.788112e-01;1.098361e-01;1.860062e-01;6.075951e-02;2.564179e-02;1.363374e-02
1.905465e-02;1.292386e-02;1.528233e-02;6.254170e-02;7.551561e-02;1.208366e-01;2.416307e-01;1.238621e-01;2.256156e-01;6.858912e-02;2.449742e-02;9.650404e-03
2.218043e-02;8.217858e-03;1.911384e-02;6.660445e-02;5.466198e-02;1.155325e-01;2.103090e-01;1.842208e-01;2.438609e-01;4.756505e-02;2.326488e-02;4.468420e-03
2.205230e-02;1.160095e-02;2.471590e-02;6.136665e-02;3.532976e-02;1.309528e-01;1.776491e-01;2.522885e-01;2.168083e-01;3.502990e-02;2.251634e-02;9.689436e-03
2.131085e-02;2.304953e-02;3.040113e-02;4.439363e-02;2.121914e-02;1.981985e-01;1.524359e-01;2.543886e-01;1.990327e-01;2.060719e-02;1.778827e-02;1.717447e-02
2.560585e-02;1.825796e-02;2.422444e-02;5.301592e-02;4.074809e-02;2.504863e-01;1.752096e-01;1.213939e-01;2.283674e-01;2.599023e-02;2.062337e-02;1.607706e-02
2.508665e-02;2.020836e-02;2.954656e-02;7.024666e-02;5.643456e-02;1.481636e-01;2.389938e-01;1.597160e-01;2.052665e-01;2.396401e-02;1.373143e-02;8.641882e-03
3.944276e-02;3.246730e-02;4.940503e-02;1.006141e-01;4.343136e-02;9.283741e-02;2.308802e-01;1.546746e-01;1.953057e-01;2.019599e-02;1.804418e-02;2.270143e-02
4.142710e-02;3.944048e-02;6.897430e-02;1.161195e-01;7.372673e-02;1.281400e-01;1.455040e-01;1.333300e-01;1.822991e-01;2.050150e-02;1.915682e-02;3.138047e-02
3.206801e-02;2.330244e-02;6.551393e-02;1.179035e-01;1.116978e-01;1.358714e-01;9.854074e-02;1.315702e-01;2.008491e-01;2.585386e-02;1.215279e-02;4.467630e-02
2.135988e-02;1.629604e-02;8.313012e-02;9.710607e-02;1.023174e-01;1.256434e-01;6.753805e-02;2.002999e-01;1.737414e-01;3.846655e-02;1.413845e-02;5.996269e-02
1.133869e-02;1.671611e-02;1.122604e-01;4.945206e-02;6.313822e-02;9.693033e-02;6.818553e-02;3.308699e-01;9.663713e-02;7.319555e-02;1.439190e-02;6.688419e-02
5.009513e-03;1.767596e-02;1.266190e-01;1.337890e-02;2.864239e-02;6.755568e-02;7.260824e-02;4.249613e-01;4.244465e-02;1.310446e-01;1.032240e-02;5.973745e-02
3.388094e-03;2.077522e-02;1.276019e-01;1.269800e-02;1.348597e-02;4.813905e-02;6.709638e-02;4.527989e-01;3.641047e-02;1.605364e-01;9.295341e-03;4.777437e-02
3.349413e-03;3.656742e-02;1.364662e-01;1.827727e-02;1.242984e-02;4.312571e-02;8.943226e-02;4.253652e-01;3.138020e-02;1.620331e-01;6.235021e-03;3.533838e-02
5.692921e-03;5.785077e-02;1.443853e-01;3.328750e-02;1.996480e-02;5.153949e-02;1.056736e-01;3.652027e-01;3.446276e-02;1.469751e-01;5.874875e-03;2.909023e-02
1.144400e-02;6.652822e-02;1.290899e-01;3.797582e-02;2.901119e-02;7.366799e-02;1.034720e-01;3.283937e-01;4.163675e-02;1.350567e-01;1.238866e-02;3.133507e-02
1.585008e-02;4.540173e-02;9.733302e-02;3.897815e-02;4.156357e-02;8.673869e-02;5.604942e-02;3.693005e-01;5.282768e-02;1.489293e-01;1.560744e-02;3.142051e-02
9.592756e-03;2.453070e-02;8.109472e-02;4.933894e-02;4.670167e-02;8.016726e-02;6.850198e-02;3.498656e-01;9.143488e-02;1.525454e-01;1.833588e-02;2.789023e-02
1.128268e-02;4.618869e-02;1.183807e-01;4.041014e-02;3.594301e-02;8.436767e-02;7.921719e-02;2.735238e-01;1.341506e-01;1.337809e-01;1.920834e-02;2.354629e-02
1.431894e-02;3.423513e-02;1.290600e-01;5.220439e-02;4.409809e-02;1.428482e-01;1.414808e-01;1.850921e-01;1.318369e-01;8.772606e-02;1.584934e-02;2.124988e-02
1.766978e-02;2.784894e-02;1.339003e-01;6.613500e-02;4.475389e-02;1.628465e-01;9.908668e-02;2.045403e-01;1.293789e-01;7.578149e-02;2.245812e-02;1.560010e-02
1.322826e-02;3.812356e-02;1.282115e-01;3.871373e-02;2.635333e-02;1.311060e-01;1.165774e-01;2.546678e-01;9.883393e-02;9.503611e-02;3.420398e-02;2.494439e-02
1.123219e-02;5.356769e-02;1.017894e-01;2.327987e-02;2.532463e-02;9.770824e-02;1.020796e-01;2.987370e-01;8.270582e-02;1.361811e-01;3.363965e-02;3.375483e-02
7.155423e-03;4.285218e-02;7.096531e-02;1.820993e-02;2.455978e-02;8.305859e-02;7.201825e-02;3.498064e-01;9.502908e-02;1.724440e-01;2.787276e-02;3.602823e-02
8.720770e-03;4.487163e-02;6.083608e-02;2.056815e-02;2.520591e-02;7.626708e-02;2.749242e-02;4.304146e-01;8.395117e-02;1.580158e-01;2.903268e-02;3.462371e-02
9.830921e-03;4.175858e-02;8.032831e-02;2.774749e-02;2.086383e-02;5.846683e-02;8.271622e-02;4.311838e-01;9.322077e-02;9.394535e-02;2.914891e-02;3.078908e-02
1.217778e-02;3.675797e-02;1.221712e-01;3.992682e-02;1.543998e-02;1.114632e-01;7.715208e-02;3.744015e-01;1.109376e-01;5.522957e-02;2.337615e-02;2.096612e-02
9.478522e-03;3.903924e-02;1.622713e-01;8.102922e-02;4.761026e-02;1.683257e-01;6.549294e-02;3.055215e-01;7.486120e-02;2.846437e-02;1.130356e-02;6.602216e-03
5.971347e-03;2.836357e-02;1.332755e-01;1.371382e-01;4.097857e-02;1.404857e-01;3.828351e-02;3.261475e-01;1.054402e-01;2.623457e-02;8.223500e-03;9.457911e-03
4.809319e-03;2.238307e-02;1.010513e-01;1.659459e-01;2.131944e-02;1.400031e-01;2.029384e-02;3.784017e-01;1.114805e-01;2.441852e-02;3.517053e-03;6.376171e-03
3.624151e-03;1.676540e-02;5.663077e-02;1.701196e-01;3.621467e-02;1.566460e-01;2.271610e-02;4.062368e-01;9.962837e-02;2.076094e-02;7.117882e-03;3.539268e-03
2.134020e-03;1.469381e-02;3.092061e-02;1.107135e-01;5.233282e-02;2.018441e-01;4.558267e-02;3.902787e-01;1.034477e-01;3.525661e-02;1.006046e-02;2.734981e-03
2.796326e-03;1.471939e-02;7.661898e-02;3.780923e-02;2.909931e-02;2.748535e-01;5.446285e-02;3.338949e-01;1.156454e-01;5.035933e-02;8.396032e-03;1.344720e-03
2.889195e-03;1.680430e-02;1.381504e-01;6.129703e-02;2.896196e-02;3.483547e-01;4.413778e-02;2.334717e-01;7.632461e-02;3.996549e-02;6.150533e-03;3.492262e-03
5.129708e-03;1.118081e-02;1.342229e-01;1.434902e-01;3.819467e-02;4.019177e-01;2.676963e-02;1.426088e-01;4.196147e-02;4.609748e-02;4.912307e-03;3.514394e-03
7.445542e-03;9.605648e-03;6.022806e-02;1.581256e-01;7.128903e-02;4.094233e-01;2.651250e-02;1.132754e-01;7.240827e-02;6.511121e-02;4.711127e-03;1.864389e-03
7.842073e-03;1.007070e-02;1.542096e-02;1.070628e-01;7.821231e-02;4.180308e-01;3.543020e-02;1.271248e-01;1.273520e-01;6.583959e-02;2.928688e-03;4.685041e-03
8.847075e-03;1.801345e-02;2.022289e-02;5.487247e-02;6.255574e-02;4.110620e-01;3.608855e-02;1.974120e-01;1.375835e-01;4.547849e-02;3.103328e-03;4.760585e-03
1.261945e-02;4.249908e-02;3.834989e-02;2.731689e-02;4.998853e-02;4.558471e-01;4.213946e-02;1.864407e-01;1.072976e-01;3.140580e-02;2.727838e-03;3.367645e-03
2.164019e-02;7.687188e-02;7.197872e-02;2.105890e-02;3.460176e-02;4.536581e-01;4.471792e-02;1.517630e-01;7.968472e-02;3.561224e-02;4.292821e-03;4.119855e-03
2.946601e-02;1.005740e-01;7.037031e-02;2.038421e-02;2.722909e-02;3.657384e-01;9.339079e-02;1.993051e-01;5.756847e-02;2.949368e-02;2.812094e-03;3.667822e-03
4.264037e-02;1.413693e-01;3.384916e-02;3.479306e-02;3.478792e-02;3.117729e-01;9.794745e-02;2.055395e-01;5.919788e-02;2.617903e-02;5.768162e-03;6.155230e-03
6.106524e-02;1.858113e-01;2.046325e-02;3.370448e-02;2.644285e-02;2.969175e-01;1.081095e-01;1.752805e-01;5.300637e-02;1.802906e-02;6.557781e-03;1.461225e-02
7.164019e-02;1.890189e-01;3.304692e-02;1.626842e-02;2.797628e-02;3.055527e-01;1.019515e-01;1.477631e-01;4.751317e-02;1.602401e-02;1.741162e-02;2.583319e-02
6.039331e-02;1.307413e-01;4.588363e-02;1.958491e-02;3.587459e-02;3.031684e-01;7.664513e-02;1.551667e-01;4.727742e-02;2.189030e-02;4.146322e-02;6.191111e-02
4.952111e-02;1.089181e-01;7.368515e-02;2.501965e-02;6.139612e-02;2.248518e-01;6.373932e-02;1.412180e-01;4.618397e-02;3.265532e-02;5.934004e-02;1.134714e-01
4.503012e-02;5.613054e-02;4.844796e-02;2.482642e-02;1.369462e-01;2.423048e-01;8.579841e-02;6.364510e-02;4.755346e-02;3.459529e-02;4.612901e-02;1.685928e-01
4.247269e-02;6.239970e-02;4.211994e-02;2.815910e-02;1.119670e-01;2.919815e-01;6.339672e-02;7.401166e-02;3.900544e-02;1.963189e-02;7.363771e-02;1.512167e-01
5.906360e-02;1.189632e-01;7.298144e-02;4.116949e-02;8.456025e-02;2.605149e-01;4.403796e-02;6.589343e-02;4.094215e-02;1.529949e-02;8.937933e-02;1.071947e-01
6.190211e-02;1.156534e-01;8.389504e-02;5.211007e-02;1.095003e-01;1.994013e-01;5.113593e-02;5.964850e-02;4.808752e-02;1.461579e-02;6.428839e-02;1.397618e-01
5.002533e-02;5.237514e-02;7.877832e-02;5.352879e-02;1.339407e-01;1.890711e-01;4.522349e-02;7.571533e-02;5.843979e-02;1.359604e-02;4.141643e-02;2.078896e-01
3.520210e-02;8.990090e-03;6.531749e-02;6.602082e-02;1.462683e-01;1.990291e-01;5.211043e-02;7.852291e-02;6.289248e-02;1.333586e-02;3.316625e-02;2.391442e-01
2.271883e-02;3.507186e-02;6.552031e-02;4.552614e-02;1.452046e-01;1.806553e-01;3.918716e-02;6.693219e-02;5.551261e-02;1.403180e-02;1.095054e-01;2.201338e-01
4.463325e-02;6.836203e-02;4.683280e-02;2.543512e-02;1.107342e-01;2.622414e-01;2.827200e-02;5.446053e-02;4.309490e-02;1.657947e-02;1.714917e-01;1.278626e-01
1.045253e-01;7.307868e-02;3.123456e-02;2.303620e-02;7.372690e-02;3.527013e-01;1.213011e-02;5.952260e-02;2.899085e-02;2.570546e-02;1.428182e-01;7.252986e-02
1.626134e-01;5.746413e-02;2.165969e-02;3.347589e-02;6.120550e-02;3.425059e-01;3.167907e-02;7.095031e-02;2.805721e-02;3.125746e-02;7.394779e-02;8.518358e-02
1.992685e-01;5.460195e-02;3.440665e-02;4.842728e-02;6.694270e-02;2.599600e-01;2.605563e-02;7.553659e-02;2.443633e-02;3.801695e-02;5.464012e-02;1.177073e-01
1.771290e-01;4.163973e-02;3.077145e-02;6.161885e-02;1.147477e-01;1.950998e-01;5.453030e-02;8.680471e-02;2.637418e-02;3.736224e-02;4.039825e-02;1.335239e-01
