9.335560e-02;8.421626e-02;8.450368e-02;5.889019e-02;1.128372e-01;8.700665e-02;1.092643e-01;4.098905e-02;1.076852e-01;8.940460e-02;8.461788e-02;4.722945e-02
8.249846e-02;9.947167e-02;1.798111e-01;4.912359e-02;5.114113e-02;6.836910e-02;1.854166e-01;8.252499e-02;6.193881e-02;6.916717e-02;3.747024e-02;3.306711e-02
9.582250e-02;1.103505e-01;2.297519e-01;4.018925e-02;3.818144e-02;6.396570e-02;1.890397e-01;7.014249e-02;5.859142e-02;4.687934e-02;4.136861e-02;1.571714e-02
1.134145e-01;1.383380e-01;2.514497e-01;3.872139e-02;3.551394e-02;6.092494e-02;1.586134e-01;6.017012e-02;6.041200e-02;2.576576e-02;3.435149e-02;2.232476e-02
1.026497e-01;1.674719e-01;3.661180e-01;3.033192e-02;2.670755e-02;3.997368e-02;1.022806e-01;3.541036e-02;6.648897e-02;2.603258e-02;2.304077e-02;1.349395e-02
6.724478e-02;1.503477e-01;5.550260e-01;2.313748e-02;1.715418e-02;1.627462e-02;5.764386e-02;1.283783e-02;4.870939e-02;3.062527e-02;1.325972e-02;7.739126e-03
4.597328e-02;8.884376e-02;6.881232e-01;3.720072e-02;1.945123e-02;7.331354e-03;4.236593e-02;4.023155e-03;2.210437e-02;3.293550e-02;6.323948e-03;5.323604e-03
2.959966e-02;3.462753e-02;7.495682e-01;5.411492e-02;2.840319e-02;8.724787e-03;3.497600e-02;5.968549e-03;1.215050e-02;3.109813e-02;7.304361e-03;3.464224e-03
2.580408e-02;1.993658e-02;7.671962e-01;6.581289e-02;3.597617e-02;1.056525e-02;2.642201e-02;4.160498e-03;7.712360e-03;2.476481e-02;9.087300e-03;2.561884e-03
2.019541e-02;1.277910e-02;7.853939e-01;6.588673e-02;4.019641e-02;8.710985e-03;2.026814e-02;4.497899e-03;6.815351e-03;2.360754e-02;8.763500e-03;2.885071e-03
2.002145e-02;1.374090e-02;7.842132e-01;6.154172e-02;3.367259e-02;7.603155e-03;2.557119e-02;5.910193e-03;4.924438e-03;3.370015e-02;5.155395e-03;3.945512e-03
1.302496e-02;2.211738e-02;7.693137e-01;5.571873e-02;2.776502e-02;8.737436e-03;2.275543e-02;7.255993e-03;1.531483e-02;4.847518e-02;6.207783e-03;3.313576e-03
1.153560e-02;4.328874e-02;7.562143e-01;4.496820e-02;1.751572e-02;6.616712e-03;1.863962e-02;7.339206e-03;2.722408e-02;5.672158e-02;6.536918e-03;3.399280e-03
8.783518e-03;5.444028e-02;7.342975e-01;3.600645e-02;1.281595e-02;1.012991e-02;7.752960e-03;1.337574e-02;5.048237e-02;6.034653e-02;4.365359e-03;7.203467e-03
4.048714e-03;6.726125e-02;6.502546e-01;3.418542e-02;1.298166e-02;1.594543e-02;2.980287e-02;1.099467e-02;9.130620e-02;5.882219e-02;5.235986e-03;1.916097e-02
2.870238e-02;8.885746e-02;4.760116e-01;4.106082e-02;2.175821e-02;2.759146e-02;4.550099e-02;2.270801e-02;1.727611e-01;4.350102e-02;1.065954e-02;2.088743e-02
8.013064e-02;1.191330e-01;3.392790e-01;3.791977e-02;3.360485e-02;2.639456e-02;4.143596e-02;3.996338e-02;2.215873e-01;2.787545e-02;1.618107e-02;1.649509e-02
1.254894e-01;1.649348e-01;2.374609e-01;2.576727e-02;2.023392e-02;1.358982e-02;2.492166e-02;4.716761e-02;2.764227e-01;3.529873e-02;1.727251e-02;1.144062e-02
1.863548e-01;2.110214e-01;1.322682e-01;1.071382e-02;9.004962e-03;6.761721e-03;1.842668e-02;5.685086e-02;3.260821e-01;1.814928e-02;1.506496e-02;9.301302e-03
2.193915e-01;2.156010e-01;8.664269e-02;7.713409e-03;6.402739e-03;7.324568e-03;2.070803e-02;8.854824e-02;3.134751e-01;1.354158e-02;1.153139e-02;9.119703e-03
2.064677e-01;2.180411e-01;1.078540e-01;6.143929e-03;6.566345e-03;6.557025e-03;1.305674e-02;1.119832e-01;2.964368e-01;9.890983e-03;9.781003e-03;7.221147e-03
2.195552e-01;1.883810e-01;8.923579e-02;6.881856e-03;8.682393e-03;7.499309e-03;2.151159e-02;1.663479e-01;2.534493e-01;1.034511e-02;1.336754e-02;1.474298e-02
2.655105e-01;1.410509e-01;7.434450e-02;7.312315e-03;1.425985e-02;9.314072e-03;5.461890e-02;2.162238e-01;1.658387e-01;1.319031e-02;1.469768e-02;2.363848e-02
3.201794e-01;1.025725e-01;4.651379e-02;1.785999e-02;2.732814e-02;1.109245e-02;7.882396e-02;2.431541e-01;6.987036e-02;1.476557e-02;2.584341e-02;4.199641e-02
3.134807e-01;5.723169e-02;1.140152e-01;2.804056e-02;3.747540e-02;1.718942e-02;6.615978e-02;1.867781e-01;5.501141e-02;2.504311e-02;4.466235e-02;5.491224e-02
3.522912e-01;6.052968e-02;1.421284e-01;2.375440e-02;2.455962e-02;1.705536e-02;5.727188e-02;1.311626e-01;7.251686e-02;3.044545e-02;3.701803e-02;5.126649e-02
3.620504e-01;6.909562e-02;1.213971e-01;1.542575e-02;5.089262e-02;1.648683e-02;6.018800e-02;1.538374e-01;5.438891e-02;3.015361e-02;2.715937e-02;3.892446e-02
3.267948e-01;9.392370e-02;1.975311e-01;1.368303e-02;7.840592e-02;1.078553e-02;2.399803e-02;1.474824e-01;2.845664e-02;2.068743e-02;2.056536e-02;3.768610e-02
2.914776e-01;1.237777e-01;2.619120e-01;1.084646e-02;7.521051e-02;4.687701e-03;2.850006e-02;1.027500e-01;2.835982e-02;1.423571e-02;2.695037e-02;3.129201e-02
2.348257e-01;1.599371e-01;3.112513e-01;1.364890e-02;4.213272e-02;9.918153e-03;2.430917e-02;6.254629e-02;7.522677e-02;1.968890e-02;2.513890e-02;2.137608e-02
1.362354e-01;1.559705e-01;2.844135e-01;3.020735e-02;3.908922e-02;2.471140e-02;5.456335e-02;8.314800e-02;8.696611e-02;4.281613e-02;4.400189e-02;1.787711e-02
1.457867e-01;1.028319e-01;1.847526e-01;3.668645e-02;4.835020e-02;3.195917e-02;9.008524e-02;1.478947e-01;7.902882e-02;5.630512e-02;5.048561e-02;2.583338e-02
2.118690e-01;7.157095e-02;1.278367e-01;2.854534e-02;3.461746e-02;2.517558e-02;1.153711e-01;2.016830e-01;5.207688e-02;5.294019e-02;4.322967e-02;3.508407e-02
2.500087e-01;4.437068e-02;1.355220e-01;2.203462e-02;2.472485e-02;1.865513e-02;1.323027e-01;2.598780e-01;2.261404e-02;3.291511e-02;2.225482e-02;3.471931e-02
1.998922e-01;2.230150e-02;1.237251e-01;3.114403e-02;3.935794e-02;3.996808e-02;1.759766e-01;2.627016e-01;3.124298e-02;2.214852e-02;1.281287e-02;3.872865e-02
1.547273e-01;1.873720e-02;6.174779e-02;3.320535e-02;3.685950e-02;8.278321e-02;2.495058e-01;2.221373e-01;3.337791e-02;3.852862e-02;1.472581e-02;5.366417e-02
1.426396e-01;9.747959e-03;3.168040e-02;4.334490e-02;2.615303e-02;1.064977e-01;2.749108e-01;2.096826e-01;3.874647e-02;4.163589e-02;1.461949e-02;6.034101e-02
1.655977e-01;1.402297e-02;3.712475e-02;3.290614e-02;2.189018e-02;1.162694e-01;2.368125e-01;2.206845e-01;6.340326e-02;2.883558e-02;1.155989e-02;5.089313e-02
2.282876e-01;3.362612e-02;6.359150e-02;1.961854e-02;1.986243e-02;1.022696e-01;1.712190e-01;2.010327e-01;7.006912e-02;2.392397e-02;1.507410e-02;5.142538e-02
2.551530e-01;9.559666e-02;1.858600e-01;1.738699e-02;2.421152e-02;6.421309e-02;9.184448e-02;1.242962e-01;5.678607e-02;2.561691e-02;1.742177e-02;4.161329e-02
1.872346e-01;1.131393e-01;3.862257e-01;2.409525e-02;3.870977e-02;3.877869e-02;5.138057e-02;5.923329e-02;4.418106e-02;2.069517e-02;1.235531e-02;2.397138e-02
1.097466e-01;6.171351e-02;5.196272e-01;4.118652e-02;5.002455e-02;3.829860e-02;5.588972e-02;4.040648e-02;2.538303e-02;2.179493e-02;1.675722e-02;1.917160e-02
7.185329e-02;2.987989e-02;5.001326e-01;5.103211e-02;5.369826e-02;4.595326e-02;7.361174e-02;5.001095e-02;4.178986e-02;3.220423e-02;2.865962e-02;2.117416e-02
7.548384e-02;4.528318e-02;3.166502e-01;4.969136e-02;5.271635e-02;6.763136e-02;7.828341e-02;1.118842e-01;7.283956e-02;6.232115e-02;4.287437e-02;2.434101e-02
1.092861e-01;6.465226e-02;1.245711e-01;3.739841e-02;4.760100e-02;7.374747e-02;1.567431e-01;1.466229e-01;9.024420e-02;7.859420e-02;3.790963e-02;3.262962e-02
1.500463e-01;9.353444e-02;1.207239e-01;4.143320e-02;5.664632e-02;4.502863e-02;1.488549e-01;1.265811e-01;8.057207e-02;6.924958e-02;3.010505e-02;3.722450e-02
1.370105e-01;1.069376e-01;1.175544e-01;4.793381e-02;7.015993e-02;6.127597e-02;9.268249e-02;1.071732e-01;7.077997e-02;7.614608e-02;6.178649e-02;5.055965e-02
8.510426e-02;1.097907e-01;1.172816e-01;6.483003e-02;9.945732e-02;7.187395e-02;9.229464e-02;9.946539e-02;4.809220e-02;8.738377e-02;7.322183e-02;5.120432e-02
8.573880e-02;1.074118e-01;1.644232e-01;5.309073e-02;1.160466e-01;4.675091e-02;9.433751e-02;8.812188e-02;6.797532e-02;9.010637e-02;5.817687e-02;2.782008e-02
1.105753e-01;1.440088e-01;2.641082e-01;5.152465e-02;6.846822e-02;4.258213e-02;1.115483e-01;5.811839e-02;3.937848e-02;3.923754e-02;3.029122e-02;4.015882e-02
2.157036e-01;1.629099e-01;2.621119e-01;4.080895e-02;4.545654e-02;2.960098e-02;7.831420e-02;5.526836e-02;2.475225e-02;2.168918e-02;1.907223e-02;4.431195e-02
3.294867e-01;1.565582e-01;2.147225e-01;2.734523e-02;3.203035e-02;1.563763e-02;4.754427e-02;6.174466e-02;2.227107e-02;1.984130e-02;2.044498e-02;5.237311e-02
4.307511e-01;1.328319e-01;1.658671e-01;1.316859e-02;2.359929e-02;6.245061e-03;2.845991e-02;6.334678e-02;2.720610e-02;1.842068e-02;2.673846e-02;6.336505e-02
4.072210e-01;1.290466e-01;1.884075e-01;1.217674e-02;2.520198e-02;1.421892e-02;3.158654e-02;5.370233e-02;1.970875e-02;2.277810e-02;3.830556e-02;5.764604e-02
3.330075e-01;1.060221e-01;1.782029e-01;2.429228e-02;3.601966e-02;3.137820e-02;7.899386e-02;5.204621e-02;1.431073e-02;3.799046e-02;5.454080e-02;5.319525e-02
2.485376e-01;3.909607e-02;1.642273e-01;2.395444e-02;4.177793e-02;6.253250e-02;1.284935e-01;4.396151e-02;2.472582e-02;6.723870e-02;8.437058e-02;7.108414e-02
1.821368e-01;5.602523e-02;5.985808e-02;1.995193e-02;4.751843e-02;9.017619e-02;1.032516e-01;3.364843e-02;3.810166e-02;1.260609e-01;1.585741e-01;8.469661e-02
1.059371e-01;5.607258e-02;7.387280e-02;3.710721e-02;6.026346e-02;6.846929e-02;8.372685e-02;4.904236e-02;4.342283e-02;1.962716e-01;1.630283e-01;6.278565e-02
1.056613e-01;4.691678e-02;1.459627e-01;5.230629e-02;6.316633e-02;4.805096e-02;9.581910e-02;4.693072e-02;4.718801e-02;1.761168e-01;1.228990e-01;4.898209e-02
1.694479e-01;1.017834e-01;1.754662e-01;5.999788e-02;5.000713e-02;5.045420e-02;1.138426e-01;3.681948e-02;4.469376e-02;8.397704e-02;7.894610e-02;3.456440e-02
2.458149e-01;9.693115e-02;1.879336e-01;4.006210e-02;3.936923e-02;4.108868e-02;1.214137e-01;2.237162e-02;2.075989e-02;4.516937e-02;7.020477e-02;6.888102e-02
2.869360e-01;7.394538e-02;1.244516e-01;2.127641e-02;3.052838e-02;4.225026e-02;1.643997e-01;2.132186e-02;9.499722e-03;3.127023e-02;8.115458e-02;1.129659e-01
2.092280e-01;4.479052e-02;6.781920e-02;2.803373e-02;2.565120e-02;6.516418e-02;2.307115e-01;3.895663e-02;1.245433e-02;2.379400e-02;9.778471e-02;1.556119e-01
3.072593e-02;3.073760e-02;4.768666e-02;3.181287e-02;3.834179e-02;9.022521e-02;3.195776e-01;4.382597e-02;2.069564e-02;3.783051e-02;1.208726e-01;1.876676e-01
1.517765e-01;4.147790e-02;3.465190e-02;3.372245e-02;2.414243e-02;6.088181e-02;3.148412e-01;4.482002e-02;2.053594e-02;2.628087e-02;7.965106e-02;1.672179e-01
1.833606e-01;4.571635e-02;5.551130e-02;3.043436e-02;1.455163e-02;3.276988e-02;3.320757e-01;5.502424e-02;2.208293e-02;2.277830e-02;5.159524e-02;1.540994e-01
1.839357e-01;1.790777e-02;6.648707e-02;3.798233e-02;1.040637e-02;3.017825e-02;3.387941e-01;5.513160e-02;2.162776e-02;2.771272e-02;6.281145e-02;1.470249e-01
1.619415e-01;3.371645e-02;8.492789e-02;3.645033e-02;1.387453e-02;5.638258e-02;2.649334e-01;5.297292e-02;3.440514e-02;5.144031e-02;8.854660e-02;1.204083e-01
1.034523e-01;3.459961e-02;9.285584e-02;2.244399e-02;2.816982e-02;8.774798e-02;1.983977e-01;4.582229e-02;5.314052e-02;1.087314e-01;1.127816e-01;1.118569e-01
1.269137e-01;3.619336e-02;1.320319e-01;2.274288e-02;3.223098e-02;8.116229e-02;1.088787e-01;3.643731e-02;6.478851e-02;1.448186e-01;1.061923e-01;1.076094e-01
1.544791e-01;1.926816e-02;9.319134e-02;3.441067e-02;3.477949e-02;5.288883e-02;1.660497e-01;4.255699e-02;7.113694e-02;1.115812e-01;1.119770e-01;1.076806e-01
6.989305e-02;4.462617e-02;1.118611e-01;3.429934e-02;3.234592e-02;4.863745e-02;2.265218e-01;5.367518e-02;6.140449e-02;9.553698e-02;1.030553e-01;1.181433e-01
1.635184e-01;3.317819e-02;5.538410e-02;2.916032e-02;4.789845e-02;5.253793e-02;2.185361e-01;5.069325e-02;5.296402e-02;6.601315e-02;9.191242e-02;1.382036e-01
2.028701e-01;4.282312e-02;3.945021e-02;4.004529e-02;5.277410e-02;5.464615e-02;1.815133e-01;4.488152e-02;5.611516e-02;6.830795e-02;7.965986e-02;1.369133e-01
1.629268e-01;5.402964e-02;6.624924e-02;3.417713e-02;4.399878e-02;7.901466e-02;2.004499e-01;6.549717e-02;6.778708e-02;6.304869e-02;6.131388e-02;1.015071e-01
9.953019e-02;4.739860e-02;7.241742e-02;4.046821e-02;4.589188e-02;6.358439e-02;2.492443e-01;7.829867e-02;9.388059e-02;6.154445e-02;5.276824e-02;9.497307e-02
1.066972e-01;4.799834e-02;5.525764e-02;3.637080e-02;4.778878e-02;6.462812e-02;2.361956e-01;3.474623e-02;1.047348e-01;9.451005e-02;7.055707e-02;1.005154e-01
6.654341e-02;4.861742e-02;9.034969e-02;6.353853e-02;4.221325e-02;4.766335e-02;2.015289e-01;5.561151e-02;7.635047e-02;1.258929e-01;8.162165e-02;1.000689e-01
7.001869e-02;6.147065e-02;9.765534e-02;9.068713e-02;4.643267e-02;5.672715e-02;1.584098e-01;4.830444e-02;8.625062e-02;1.172700e-01;7.610500e-02;9.066845e-02
7.289354e-02;7.749204e-02;1.430376e-01;7.024754e-02;5.037092e-02;1.020335e-01;7.684974e-02;9.049790e-02;1.097601e-01;8.426270e-02;5.366538e-02;6.888901e-02
3.420128e-02;7.323711e-02;1.678803e-01;5.568951e-02;6.303617e-02;1.244083e-01;1.139094e-01;9.813344e-02;8.614780e-02;6.735478e-02;6.269224e-02;5.330973e-02
3.443953e-02;5.828515e-02;2.032348e-01;6.093219e-02;7.207067e-02;1.385637e-01;1.126278e-01;9.253392e-02;6.106365e-02;7.514732e-02;4.687581e-02;4.422541e-02
6.387535e-02;3.724471e-02;2.339825e-01;6.318647e-02;7.019626e-02;9.632920e-02;1.111401e-01;6.692123e-02;6.077246e-02;6.482085e-02;6.054047e-02;7.099045e-02
1.518076e-01;6.774001e-02;1.461605e-01;3.956157e-02;5.737064e-02;5.840963e-02;1.335427e-01;1.022858e-01;7.026961e-02;3.234638e-02;6.760377e-02;7.290182e-02
2.865602e-01;1.371544e-01;9.425534e-02;2.106853e-02;4.041483e-02;2.422879e-02;7.281117e-02;1.496864e-01;8.155601e-02;2.473202e-02;3.324070e-02;3.429163e-02
2.973617e-01;2.206718e-01;1.142828e-01;1.385535e-02;2.725018e-02;1.131864e-02;3.546508e-02;1.198213e-01;1.112433e-01;1.611994e-02;1.298030e-02;1.962961e-02
2.036656e-01;2.420183e-01;2.452830e-01;2.570969e-02;1.707340e-02;9.072914e-03;1.545898e-02;5.782130e-02;1.192416e-01;3.123660e-02;1.883424e-02;1.458450e-02
1.051145e-01;1.630215e-01;4.312388e-01;5.755251e-02;1.928945e-02;8.499299e-03;2.076864e-02;2.229257e-02;8.013904e-02;5.439096e-02;2.656655e-02;1.112612e-02
3.450826e-02;5.495323e-02;5.890262e-01;1.029570e-01;3.087220e-02;8.943970e-03;2.156164e-02;8.272858e-03;4.091386e-02;6.728948e-02;3.461855e-02;6.082881e-03
1.900876e-02;7.393123e-02;6.250923e-01;9.039585e-02;2.424736e-02;1.072846e-02;1.847995e-02;7.735232e-03;4.136476e-02;6.487606e-02;1.787405e-02;6.265956e-03
5.920275e-02;1.761790e-01;5.024750e-01;4.435853e-02;1.246658e-02;1.312470e-02;1.313072e-02;2.302908e-02;9.658802e-02;4.091832e-02;6.619469e-03;1.190782e-02
1.644900e-01;2.146355e-01;2.533357e-01;5.621665e-02;3.204648e-02;1.780175e-02;2.086186e-02;6.891936e-02;1.151601e-01;1.335037e-02;1.231142e-02;3.087092e-02
2.083354e-01;1.312541e-01;8.798604e-02;1.355075e-01;5.282068e-02;2.030464e-02;1.005626e-01;1.032645e-01;7.270985e-02;9.482889e-03;1.553075e-02;6.224109e-02
1.400411e-01;4.500691e-02;2.905739e-02;2.315373e-01;5.003605e-02;3.437351e-02;2.389787e-01;8.408222e-02;3.086923e-02;1.407648e-02;1.920258e-02;8.273853e-02
6.198927e-02;2.992940e-02;4.700321e-02;2.246776e-01;7.945006e-02;5.848253e-02;3.283295e-01;3.552141e-02;1.227675e-02;1.439681e-02;2.537431e-02;8.256915e-02
1.349092e-01;6.863893e-02;4.202367e-02;1.078151e-01;9.390309e-02;6.202704e-02;2.242487e-01;1.277643e-01;5.907347e-02;1.794056e-02;1.567519e-02;4.598076e-02
1.345845e-01;1.275732e-01;7.415340e-02;3.724527e-02;7.571991e-02;1.115660e-01;1.123790e-01;1.065684e-01;1.650692e-01;2.827915e-02;1.019604e-02;1.666600e-02
8.803155e-02;1.381454e-01;1.670642e-01;3.692466e-02;3.606746e-02;1.365257e-01;8.127204e-02;3.128039e-02;1.994558e-01;5.942895e-02;1.163572e-02;1.416807e-02
4.731249e-02;8.876053e-02;2.730475e-01;9.132824e-02;4.300142e-02;8.755416e-02;7.024101e-02;2.649288e-02;1.405801e-01;7.177775e-02;4.049409e-02;1.940983e-02
1.645692e-02;3.923785e-02;2.703317e-01;1.822351e-01;9.465220e-02;4.977017e-02;5.640643e-02;4.957996e-02;8.073023e-02;4.694352e-02;8.646633e-02;2.718964e-02
1.245431e-02;2.078044e-02;1.474703e-01;2.739864e-01;1.402394e-01;4.349546e-02;3.955081e-02;7.380798e-02;3.920690e-02;2.095246e-02;1.460296e-01;4.202588e-02
9.728684e-03;1.932433e-02;2.429798e-01;2.666239e-01;9.447952e-02;2.798294e-02;1.781903e-02;6.756119e-02;1.546323e-02;2.467888e-02;1.832670e-01;3.009148e-02
2.727385e-02;2.804457e-02;3.606790e-01;2.184601e-01;4.547680e-02;2.863663e-02;1.464580e-02;3.349178e-02;1.664381e-02;4.365040e-02;1.646132e-01;1.838405e-02
2.671696e-02;3.629601e-02;4.453730e-01;1.978646e-01;2.756537e-02;1.978941e-02;2.298941e-02;9.431951e-03;1.472124e-02;6.266648e-02;1.300109e-01;6.574647e-03
1.187410e-02;2.288889e-02;4.211137e-01;2.434506e-01;2.916281e-02;2.739443e-02;1.943492e-02;2.911800e-02;1.713902e-02;5.123918e-02;1.181538e-01;9.030489e-03
9.082922e-03;2.095301e-02;3.627801e-01;3.003221e-01;3.354335e-02;4.466528e-02;1.988775e-02;4.973976e-02;7.181295e-03;3.313057e-02;1.094654e-01;9.248510e-03
5.070535e-03;3.734149e-02;3.111064e-01;3.165969e-01;9.179779e-02;4.335340e-02;1.704932e-02;4.633259e-02;1.361948e-02;2.336747e-02;8.006772e-02;1.429690e-02
1.046035e-02;3.608081e-02;2.588089e-01;2.802821e-01;2.075134e-01;3.822045e-02;2.415425e-02;2.656997e-02;1.591200e-02;2.521457e-02;5.061815e-02;2.616507e-02
1.346047e-02;2.515779e-02;1.714127e-01;1.915275e-01;3.740775e-01;4.616452e-02;5.157705e-02;1.390532e-02;1.779336e-02;2.126674e-02;3.327851e-02;4.037865e-02
8.548421e-03;1.855256e-02;1.263456e-01;8.353126e-02;4.988717e-01;6.633577e-02;6.860653e-02;7.153901e-03;3.662832e-02;1.114549e-02;2.125327e-02;5.302726e-02
1.586379e-02;9.683907e-03;1.393328e-01;6.715161e-02;4.189270e-01;1.180144e-01;1.204422e-01;1.302973e-02;3.358309e-02;1.315147e-02;1.415724e-02;3.666276e-02
2.107164e-02;1.256096e-02;1.134237e-01;7.857924e-02;2.620403e-01;1.852289e-01;2.345957e-01;1.891954e-02;2.196616e-02;2.702647e-02;9.343471e-03;1.524400e-02
2.514847e-02;9.996500e-03;6.915312e-02;7.393351e-02;1.472007e-01;2.144709e-01;3.772938e-01;2.230782e-02;1.061272e-02;3.538210e-02;1.014869e-02;4.351744e-03
1.893681e-02;6.930206e-03;1.054235e-01;8.976101e-02;1.733781e-01;1.899983e-01;3.510237e-01;1.733550e-02;9.789525e-03;2.300686e-02;6.953464e-03;7.463128e-03
2.234985e-02;1.513403e-02;2.428834e-01;7.390285e-02;2.027475e-01;1.563961e-01;2.260640e-01;1.343573e-02;5.965149e-03;1.536770e-02;9.903410e-03;1.585028e-02
1.691607e-02;3.098366e-02;4.836331e-01;7.876596e-02;1.606888e-01;1.084183e-01;4.995584e-02;1.213665e-02;8.014245e-03;1.247069e-02;1.742796e-02;2.058877e-02
2.053472e-02;4.493383e-02;5.148365e-01;7.211762e-02;6.932570e-02;7.344699e-02;1.073691e-01;1.691153e-02;2.126815e-02;1.888884e-02;2.012597e-02;2.024101e-02
3.625743e-02;5.359975e-02;2.839909e-01;7.146434e-02;1.354172e-01;9.354394e-02;1.989416e-01;2.253601e-02;2.310432e-02;3.631339e-02;2.683076e-02;1.800030e-02
5.738984e-02;3.763167e-02;1.165943e-01;7.898081e-02;1.988504e-01;1.267289e-01;2.270564e-01;2.597777e-02;3.048318e-02;5.173675e-02;3.440435e-02;1.416564e-02
9.564661e-02;7.231478e-02;1.367999e-01;6.916431e-02;1.879967e-01;1.310558e-01;1.186258e-01;2.788877e-02;3.718220e-02;5.248375e-02;4.592326e-02;2.491802e-02
1.170489e-01;1.668917e-01;3.211612e-01;5.186941e-02;7.202808e-02;6.080997e-02;6.221782e-02;2.403459e-02;4.313060e-02;2.982338e-02;3.211165e-02;1.887274e-02
8.386020e-02;2.318125e-01;3.936302e-01;4.781643e-02;3.927035e-02;2.989644e-02;4.557872e-02;1.896043e-02;4.695665e-02;2.473355e-02;1.446079e-02;2.302377e-02
3.399780e-02;2.138416e-01;5.522186e-01;3.930612e-02;2.133569e-02;1.325540e-02;2.674289e-02;1.264442e-02;3.649909e-02;2.141512e-02;4.868944e-03;2.387433e-02
1.548470e-02;1.837856e-01;6.481134e-01;3.320084e-02;1.261519e-02;8.877641e-03;1.273478e-02;9.731476e-03;2.695525e-02;2.483291e-02;2.930447e-03;2.073778e-02
4.667031e-02;2.061377e-01;6.303765e-01;2.744885e-02;6.846331e-03;6.795384e-03;3.783870e-03;7.813709e-03;2.879741e-02;1.347742e-02;2.622559e-03;1.922991e-02
6.213079e-02;2.347798e-01;5.976774e-01;2.261695e-02;7.027901e-03;5.557059e-03;4.781901e-03;6.556013e-03;3.126528e-02;8.940037e-03;3.166514e-03;1.550039e-02
6.078627e-02;2.497992e-01;5.846931e-01;2.172528e-02;1.079324e-02;4.142991e-03;9.152184e-03;5.913429e-03;2.151057e-02;1.754316e-02;3.962316e-03;9.978250e-03
1.019369e-01;2.435266e-01;5.092477e-01;2.789262e-02;2.373462e-02;7.841512e-03;2.674530e-02;9.482685e-03;8.356385e-03;2.157709e-02;9.277485e-03;1.038107e-02
1.138108e-01;2.475629e-01;3.350779e-01;5.460558e-02;4.700488e-02;2.237753e-02;5.484331e-02;2.890592e-02;3.659490e-02;2.338864e-02;1.805337e-02;1.777423e-02
1.197694e-01;1.844302e-01;2.930271e-01;5.355681e-02;4.139359e-02;3.381930e-02;5.717785e-02;7.761185e-02;5.986594e-02;3.024061e-02;2.156115e-02;2.754622e-02
1.515248e-01;6.613608e-02;3.741228e-01;3.160715e-02;3.624373e-02;3.197740e-02;1.099827e-01;7.072394e-02;4.871755e-02;3.711030e-02;1.874548e-02;2.310805e-02
1.190924e-01;1.972563e-01;3.563782e-01;3.078803e-02;2.395767e-02;2.438426e-02;6.595886e-02;3.147370e-02;8.921210e-02;2.862825e-02;1.534870e-02;1.752157e-02
2.093907e-02;2.960102e-01;3.202394e-01;7.703743e-02;2.772925e-02;2.569477e-02;3.244957e-02;1.234621e-02;1.227815e-01;2.855079e-02;1.298814e-02;2.323369e-02
1.388794e-01;2.537325e-01;2.820123e-01;9.527745e-02;2.757776e-02;2.234804e-02;2.335478e-02;1.703778e-02;8.217740e-02;2.227691e-02;1.421213e-02;2.111348e-02
1.444709e-01;2.440006e-01;3.581554e-01;7.205433e-02;2.143472e-02;1.923080e-02;1.057972e-02;1.880708e-02;6.058349e-02;2.103766e-02;9.494380e-03;2.015083e-02
7.644438e-02;2.264083e-01;5.024661e-01;3.581798e-02;1.522456e-02;1.564899e-02;1.832749e-02;2.254920e-02;4.407081e-02;2.109559e-02;7.061152e-03;1.488541e-02
1.832359e-02;1.855443e-01;6.027456e-01;2.878149e-02;2.209603e-02;1.515383e-02;3.476322e-02;1.855435e-02;3.248402e-02;2.699813e-02;5.345566e-03;9.209976e-03
6.390312e-02;1.698432e-01;5.207341e-01;4.147376e-02;2.806123e-02;2.205672e-02;4.321687e-02;2.396425e-02;2.882418e-02;2.832304e-02;1.762770e-02;1.197176e-02
1.343942e-01;1.744472e-01;2.964316e-01;6.282546e-02;5.430965e-02;4.507048e-02;6.332638e-02;3.586384e-02;4.010816e-02;2.823821e-02;3.715582e-02;2.782898e-02
1.383028e-01;1.716587e-01;1.862646e-01;6.210198e-02;7.199128e-02;6.431279e-02;7.016811e-02;5.519635e-02;4.832453e-02;4.714749e-02;4.856813e-02;3.596321e-02
8.251721e-02;1.575365e-01;3.242421e-01;3.575278e-02;5.436776e-02;5.535363e-02;6.197983e-02;5.598942e-02;4.925836e-02;5.202926e-02;3.738584e-02;3.358739e-02
1.493980e-01;1.547694e-01;3.000380e-01;3.080546e-02;4.069151e-02;4.395303e-02;5.637905e-02;4.743288e-02;5.456339e-02;5.438047e-02;3.541917e-02;3.216952e-02
1.372003e-01;8.166660e-02;2.706164e-01;6.424642e-02;4.537144e-02;5.576973e-02;7.886914e-02;4.804638e-02;7.745275e-02;6.224449e-02;4.411051e-02;3.440589e-02
7.529986e-02;9.028529e-02;2.316480e-01;9.736573e-02;7.565986e-02;5.766305e-02;8.020311e-02;4.670081e-02;7.149202e-02;7.636084e-02;5.896962e-02;3.835188e-02
6.145192e-02;9.621885e-02;1.750000e-01;8.829720e-02;7.841607e-02;7.535890e-02;6.926143e-02;9.703444e-02;8.703346e-02;8.324481e-02;4.606901e-02;4.261392e-02
4.190668e-02;6.370562e-02;8.801854e-02;1.112191e-01;8.037620e-02;9.171163e-02;8.817904e-02;1.267103e-01;9.786669e-02;1.025943e-01;6.686893e-02;4.084297e-02
5.413683e-02;5.138832e-02;5.977565e-02;1.135648e-01;8.562373e-02;1.145754e-01;1.159741e-01;1.070633e-01;7.849580e-02;1.044606e-01;6.744377e-02;4.749774e-02
7.727849e-02;5.563917e-02;6.351466e-02;1.068873e-01;7.771648e-02;1.246073e-01;1.192602e-01;9.385390e-02;5.606054e-02;1.111821e-01;6.433890e-02;4.966095e-02
8.254649e-02;5.826361e-02;1.105759e-01;1.112370e-01;7.979041e-02;9.644040e-02;8.971802e-02;1.019766e-01;6.153086e-02;1.081980e-01;4.513222e-02;5.459043e-02
8.915290e-02;6.611634e-02;1.455779e-01;1.129886e-01;1.062291e-01;8.261961e-02;6.457284e-02;9.686879e-02;7.639125e-02;7.179480e-02;2.893105e-02;5.875682e-02
6.460319e-02;1.346317e-01;1.320693e-01;1.109879e-01;9.367450e-02;1.042858e-01;8.973312e-02;6.823730e-02;4.419644e-02;8.183283e-02;3.374547e-02;4.200243e-02
1.052877e-01;1.473640e-01;1.128917e-01;1.220058e-01;5.466217e-02;7.054805e-02;1.085448e-01;4.597716e-02;5.021048e-02;8.976053e-02;6.060166e-02;3.214598e-02
1.333844e-01;1.172238e-01;1.253777e-01;1.036557e-01;4.621763e-02;5.926690e-02;1.080323e-01;5.100859e-02;6.910623e-02;7.846171e-02;5.623105e-02;5.203391e-02
9.596340e-02;8.551621e-02;1.930291e-01;6.138285e-02;5.539546e-02;6.425839e-02;1.074934e-01;6.287856e-02;9.011202e-02;6.041842e-02;5.082487e-02;7.272732e-02
9.889469e-02;1.118574e-01;2.631292e-01;4.530689e-02;7.450151e-02;5.226990e-02;8.748884e-02;3.934839e-02;6.576117e-02;2.099782e-02;6.496052e-02;7.548360e-02
1.612098e-01;1.006847e-01;2.913809e-01;5.937158e-02;6.547515e-02;2.990307e-02;6.733149e-02;2.628088e-02;3.836951e-02;3.394422e-02;6.524798e-02;6.080068e-02
1.890908e-01;6.888549e-02;2.497930e-01;7.498901e-02;9.261329e-02;4.888628e-02;6.501756e-02;2.485064e-02;2.888391e-02;3.387417e-02;6.215829e-02;6.095756e-02
1.871446e-01;4.266001e-02;1.563606e-01;5.992732e-02;1.602703e-01;1.069086e-01;1.290280e-01;2.373894e-02;2.163202e-02;3.313060e-02;4.957829e-02;2.962070e-02
1.263972e-01;3.246967e-02;8.972360e-02;8.043574e-02;1.479249e-01;1.150804e-01;1.573795e-01;2.696178e-02;1.814428e-02;5.490373e-02;7.226246e-02;7.831667e-02
5.500402e-02;4.175058e-02;2.043789e-01;1.140180e-01;1.084550e-01;4.935007e-02;7.358085e-02;3.095945e-02;2.627833e-02;9.241281e-02;1.280735e-01;7.573859e-02
8.050432e-02;4.884547e-02;3.062144e-01;9.553702e-02;5.593919e-02;1.572553e-02;4.215664e-02;2.510849e-02;4.586444e-02;1.413860e-01;1.011919e-01;4.152656e-02
8.677194e-02;8.443318e-02;3.288777e-01;4.755898e-02;2.365362e-02;1.298270e-02;3.608282e-02;2.424411e-02;1.043131e-01;1.534140e-01;3.861062e-02;5.905735e-02
8.793697e-02;1.362181e-01;2.730131e-01;1.811831e-02;1.241425e-02;1.880615e-02;2.967345e-02;3.902214e-02;1.705661e-01;1.063071e-01;1.667690e-02;9.124752e-02
9.595568e-02;1.881666e-01;2.406847e-01;2.025815e-02;1.764641e-02;2.904716e-02;2.514614e-02;4.118869e-02;1.961669e-01;4.197586e-02;2.183924e-02;8.192450e-02
7.475855e-02;1.862643e-01;3.532557e-01;2.662898e-02;3.101985e-02;3.557417e-02;2.226553e-02;3.649034e-02;1.230078e-01;3.807202e-02;3.062303e-02;4.203975e-02
1.834476e-02;1.439312e-01;5.893629e-01;3.201555e-02;4.230065e-02;2.567865e-02;1.377189e-02;2.428116e-02;3.438801e-02;2.633399e-02;2.766884e-02;2.192238e-02
2.415149e-02;1.166161e-01;6.329160e-01;3.772951e-02;3.160857e-02;1.725934e-02;1.910717e-02;1.958360e-02;3.665687e-02;1.794983e-02;3.081033e-02;1.561118e-02
1.088195e-02;1.116584e-01;6.648322e-01;3.118962e-02;1.327002e-02;1.262636e-02;1.886315e-02;1.818086e-02;4.661328e-02;3.463958e-02;2.473527e-02;1.250934e-02
2.453891e-02;1.101509e-01;6.695722e-01;3.732267e-02;1.521805e-02;1.255630e-02;1.627814e-02;1.807962e-02;3.567009e-02;3.224834e-02;8.904440e-03;1.946032e-02
2.182127e-02;1.229412e-01;6.326132e-01;3.355704e-02;1.964917e-02;1.249771e-02;1.333498e-02;1.770797e-02;6.009664e-02;3.947305e-02;6.975185e-03;1.933258e-02
3.137757e-02;1.518628e-01;5.901412e-01;2.422578e-02;1.164212e-02;1.724690e-02;1.859807e-02;1.166328e-02;8.673340e-02;2.839284e-02;1.060641e-02;1.750967e-02
5.259443e-02;1.871296e-01;5.506263e-01;2.465903e-02;8.685903e-03;2.121274e-02;1.116240e-02;7.483878e-03;1.018622e-01;1.130467e-02;8.092934e-03;1.518595e-02
8.095772e-02;2.183965e-01;4.706760e-01;2.328419e-02;9.801260e-03;2.030559e-02;2.376619e-02;1.029673e-02;1.124369e-01;1.161001e-02;8.738448e-03;9.730404e-03
1.510861e-01;2.255588e-01;3.857556e-01;2.005791e-02;1.407675e-02;1.690706e-02;2.308048e-02;1.623949e-02;1.094679e-01;1.808044e-02;9.021692e-03;1.066783e-02
2.293805e-01;2.190143e-01;3.126113e-01;1.371983e-02;9.675512e-03;1.351177e-02;2.028109e-02;2.744373e-02;1.040984e-01;2.236600e-02;1.247118e-02;1.542639e-02
3.086734e-01;1.978801e-01;2.455508e-01;8.973666e-03;1.663923e-02;1.039661e-02;3.093541e-02;5.491092e-02;7.365505e-02;1.844987e-02;1.505966e-02;1.887527e-02
3.470699e-01;1.730951e-01;2.230848e-01;1.126936e-02;2.264074e-02;9.030934e-03;2.977316e-02;8.477539e-02;4.815949e-02;8.551892e-03;2.118227e-02;2.136692e-02
3.586113e-01;1.660797e-01;2.266136e-01;1.137482e-02;2.412870e-02;5.884045e-03;2.355984e-02;9.211551e-02;3.507831e-02;9.673192e-03;2.579878e-02;2.108219e-02
3.515461e-01;1.591430e-01;2.303210e-01;9.686262e-03;2.117192e-02;7.567908e-03;2.304355e-02;1.041655e-01;3.466126e-02;9.391872e-03;2.318145e-02;2.612006e-02
3.541189e-01;1.492423e-01;2.159869e-01;7.389279e-03;2.505907e-02;9.851432e-03;2.877702e-02;1.227230e-01;2.921882e-02;1.073762e-02;1.863779e-02;2.825784e-02
3.600979e-01;1.431457e-01;2.153113e-01;7.414010e-03;2.418421e-02;8.475530e-03;2.099428e-02;1.312696e-01;3.535971e-02;9.512352e-03;1.852010e-02;2.571538e-02
3.630834e-01;1.447062e-01;2.309730e-01;6.699269e-03;2.491136e-02;5.179262e-03;2.048637e-02;1.189955e-01;2.791542e-02;9.270929e-03;2.185659e-02;2.592272e-02
3.604489e-01;1.469347e-01;2.331918e-01;8.736383e-03;2.482139e-02;5.439021e-03;1.668154e-02;1.169029e-01;2.563749e-02;9.540072e-03;2.485875e-02;2.680703e-02
3.485932e-01;1.522013e-01;2.419018e-01;1.131282e-02;2.648686e-02;7.458914e-03;1.804085e-02;1.002955e-01;3.648952e-02;9.485049e-03;2.485286e-02;2.288136e-02
3.428676e-01;1.613519e-01;2.438435e-01;9.975380e-03;2.810666e-02;7.311259e-03;2.129795e-02;9.341511e-02;2.922670e-02;1.196792e-02;2.401515e-02;2.662094e-02
3.389750e-01;1.653014e-01;2.289458e-01;6.523154e-03;3.520839e-02;5.209146e-03;2.691586e-02;1.027909e-01;3.423504e-02;9.067520e-03;2.346717e-02;2.336062e-02
3.376125e-01;1.543095e-01;2.160779e-01;8.585599e-03;3.983890e-02;4.286881e-03;2.958375e-02;1.201515e-01;3.403148e-02;8.094853e-03;2.315803e-02;2.426919e-02
3.313357e-01;1.485985e-01;2.309070e-01;7.655655e-03;3.596121e-02;5.473499e-03;2.115767e-02;1.224976e-01;3.910499e-02;8.361397e-03;2.367216e-02;2.527453e-02
2.936503e-01;1.644721e-01;2.770458e-01;8.698334e-03;2.275731e-02;5.661571e-03;2.354653e-02;9.561849e-02;6.227376e-02;8.440575e-03;1.900929e-02;1.882600e-02
2.389236e-01;1.896564e-01;3.185630e-01;1.205933e-02;1.536574e-02;7.616088e-03;3.548437e-02;5.615199e-02;9.234061e-02;6.564306e-03;1.423232e-02;1.304227e-02
1.495767e-01;2.015541e-01;4.120980e-01;1.593545e-02;8.983447e-03;1.148779e-02;3.268803e-02;2.136641e-02;1.151008e-01;7.524195e-03;1.039728e-02;1.328783e-02
6.116909e-02;1.855857e-01;5.418578e-01;2.691512e-02;6.685107e-03;1.672192e-02;1.640554e-02;5.559270e-03;1.118502e-01;1.481996e-02;5.046305e-03;7.383883e-03
1.072582e-02;1.398501e-01;6.547121e-01;4.587870e-02;1.390941e-02;1.575650e-02;1.206577e-02;6.107384e-03;6.227039e-02;2.619615e-02;3.484822e-03;9.042837e-03
2.600562e-02;1.013645e-01;7.001444e-01;5.769609e-02;1.165321e-02;1.163203e-02;9.038666e-03;8.799864e-03;1.171072e-02;4.705045e-02;4.454200e-03;1.045039e-02
1.400495e-02;6.064322e-02;7.008408e-01;5.603946e-02;1.684813e-02;4.925194e-03;1.344537e-02;9.204168e-03;1.693248e-02;8.014236e-02;5.563458e-03;2.141039e-02
2.154929e-02;4.605118e-02;6.443965e-01;4.607732e-02;1.896488e-02;5.714030e-03;2.643671e-02;6.716924e-03;2.101662e-02;1.314671e-01;8.144844e-03;2.346459e-02
1.814247e-02;2.889684e-02;5.905634e-01;4.881782e-02;1.376445e-02;7.883172e-03;4.834890e-02;7.980518e-03;2.074589e-02;1.816587e-01;2.210086e-02;1.109700e-02
2.603071e-02;1.864205e-02;5.214463e-01;7.490657e-02;1.356437e-02;9.286713e-03;8.264686e-02;8.142450e-03;2.495677e-02;1.743866e-01;4.210665e-02;3.883909e-03
2.414776e-02;1.134725e-02;4.476096e-01;1.210120e-01;1.823612e-02;9.989779e-03;1.264277e-01;1.754977e-02;1.740984e-02;1.216236e-01;8.087329e-02;3.773361e-03
1.749570e-02;8.091590e-03;3.463453e-01;1.970481e-01;3.141655e-02;1.267371e-02;1.257460e-01;3.374990e-02;1.030622e-02;6.750352e-02;1.433178e-01;6.305653e-03
8.308880e-03;1.061086e-02;2.236808e-01;2.951218e-01;5.499399e-02;1.601892e-02;6.080041e-02;6.520643e-02;1.195221e-02;2.681982e-02;2.067720e-01;1.971392e-02
4.236358e-03;1.555105e-02;1.316640e-01;3.599184e-01;1.151173e-01;1.604494e-02;2.226567e-02;6.557811e-02;8.198626e-03;1.078705e-02;2.083210e-01;4.231743e-02
7.191166e-03;1.559983e-02;9.149554e-02;3.244229e-01;2.333888e-01;3.205036e-02;2.521038e-02;3.947174e-02;9.877003e-03;8.365266e-03;1.320702e-01;8.085682e-02
1.551521e-02;1.188544e-02;7.164965e-02;2.278128e-01;3.329894e-01;9.193674e-02;5.287432e-02;1.761706e-02;1.814097e-02;9.283789e-03;5.575499e-02;9.453957e-02
3.774523e-02;1.317300e-02;6.071755e-02;1.218790e-01;3.164657e-01;2.129501e-01;1.114235e-01;1.250703e-02;1.577684e-02;1.113003e-02;2.985405e-02;5.637794e-02
5.955713e-02;1.289561e-02;5.090155e-02;8.273013e-02;1.880257e-01;3.237726e-01;1.851365e-01;1.310630e-02;1.527703e-02;1.982222e-02;3.394951e-02;1.482575e-02
7.109798e-02;1.099436e-02;4.724649e-02;5.663390e-02;7.985689e-02;3.662070e-01;2.728006e-01;1.587273e-02;1.260163e-02;2.441540e-02;2.555642e-02;1.671669e-02
8.289652e-02;1.207828e-02;5.121913e-02;4.937752e-02;8.584222e-02;3.607095e-01;2.769373e-01;1.237330e-02;9.729333e-03;2.827208e-02;1.340650e-02;1.715832e-02
1.037360e-01;1.165225e-02;4.874973e-02;4.892248e-02;8.490392e-02;3.779058e-01;2.506210e-01;1.251286e-02;2.731053e-03;2.628053e-02;1.561622e-02;1.636825e-02
1.079778e-01;8.282925e-03;3.570699e-02;3.980460e-02;1.568498e-01;3.815687e-01;2.010867e-01;1.210942e-02;1.137915e-02;2.311976e-02;1.032380e-02;1.179032e-02
9.069349e-02;5.852917e-03;5.517991e-02;5.766848e-02;2.336942e-01;3.168057e-01;1.181400e-01;1.022790e-02;1.588637e-02;1.545855e-02;1.705945e-02;6.333303e-02
6.435668e-02;1.611378e-02;9.489299e-02;9.545142e-02;2.360549e-01;2.033602e-01;7.598376e-02;2.084712e-02;3.470317e-02;1.867198e-02;3.509997e-02;1.044640e-01
6.778313e-02;2.485293e-02;1.057117e-01;8.612885e-02;1.736619e-01;1.445245e-01;1.266812e-01;3.509207e-02;7.951601e-02;2.605709e-02;3.471509e-02;9.527555e-02
1.311558e-01;6.239652e-02;7.036887e-02;3.890797e-02;1.401112e-01;1.422043e-01;1.410919e-01;2.597144e-02;1.184323e-01;1.621151e-02;2.765729e-02;8.549083e-02
1.550816e-01;9.395424e-02;1.345868e-01;4.100139e-02;7.613440e-02;1.203672e-01;1.201030e-01;5.278861e-02;9.269048e-02;2.444719e-02;3.090484e-02;5.794029e-02
1.295406e-01;9.933315e-02;1.560462e-01;6.285573e-02;5.182371e-02;1.181538e-01;1.633537e-01;6.369214e-02;6.546053e-02;2.901906e-02;2.890287e-02;3.181846e-02
7.880082e-02;5.783553e-02;1.131884e-01;8.647072e-02;8.742896e-02;1.157226e-01;1.456936e-01;8.741516e-02;1.032224e-01;5.432570e-02;5.357604e-02;1.632001e-02
7.714068e-02;4.404986e-02;1.001090e-01;7.018594e-02;1.461801e-01;1.184844e-01;1.774818e-01;5.639182e-02;7.957959e-02;3.783027e-02;6.201118e-02;3.055532e-02
9.039243e-02;5.019223e-02;1.138863e-01;5.053220e-02;1.964572e-01;1.351282e-01;1.585056e-01;2.350145e-02;4.546680e-02;2.562847e-02;6.966826e-02;4.064092e-02
4.795653e-02;1.638213e-02;1.652792e-01;8.428175e-02;2.312032e-01;9.018832e-02;1.477894e-01;2.373332e-02;4.639922e-02;1.797749e-02;6.518217e-02;6.362717e-02
1.041617e-01;5.126228e-02;1.158913e-01;3.935682e-02;1.909658e-01;1.184895e-01;1.167751e-01;2.274074e-02;7.654434e-02;3.860997e-02;4.208409e-02;8.311834e-02
1.212553e-01;5.163363e-02;1.166096e-01;5.371140e-02;1.592694e-01;1.147079e-01;8.103484e-02;3.181805e-02;8.349265e-02;5.254100e-02;5.741739e-02;7.650889e-02
9.443574e-02;4.782422e-02;1.394029e-01;6.269056e-02;1.334060e-01;6.241145e-02;1.120444e-01;4.810693e-02;9.275610e-02;7.424105e-02;3.738955e-02;9.529114e-02
9.907199e-02;7.169154e-02;1.178940e-01;6.927934e-02;8.953595e-02;6.359471e-02;1.200461e-01;5.322221e-02;9.495835e-02;5.784395e-02;6.384369e-02;9.901814e-02
1.454597e-01;7.791664e-02;8.948725e-02;6.683084e-02;5.562998e-02;7.510279e-02;1.273644e-01;7.473698e-02;9.326876e-02;4.660895e-02;7.799666e-02;6.959715e-02
1.574521e-01;7.713496e-02;5.566026e-02;4.214966e-02;6.935229e-02;7.281000e-02;1.582218e-01;7.657197e-02;8.375658e-02;5.082219e-02;8.456521e-02;7.150300e-02
1.093510e-01;8.395166e-02;8.612372e-02;4.425550e-02;8.058579e-02;6.772635e-02;2.074849e-01;6.828757e-02;5.803980e-02;5.007881e-02;7.451741e-02;6.959745e-02
8.761374e-02;5.549807e-02;1.453079e-01;7.874710e-02;1.051491e-01;9.650274e-02;1.702091e-01;5.690033e-02;5.382438e-02;4.381974e-02;4.797171e-02;5.845614e-02
1.115087e-01;5.747025e-02;1.123637e-01;9.393530e-02;1.061599e-01;1.120586e-01;1.056236e-01;4.039679e-02;6.560783e-02;6.770280e-02;6.642697e-02;6.074564e-02
1.155123e-01;7.242080e-02;7.543272e-02;8.213931e-02;5.594000e-02;1.142007e-01;1.372409e-01;3.970567e-02;1.040524e-01;9.744687e-02;7.368186e-02;3.222644e-02
8.939122e-02;4.918206e-02;9.886963e-02;4.632627e-02;4.981347e-02;1.127992e-01;1.249941e-01;6.285377e-02;1.409488e-01;1.078703e-01;7.214961e-02;4.480164e-02
9.278088e-02;7.305565e-02;1.055637e-01;3.654014e-02;6.330615e-02;9.273694e-02;8.087551e-02;7.915021e-02;1.216512e-01;1.185836e-01;5.148286e-02;8.427320e-02
8.561276e-02;8.227567e-02;7.842711e-02;3.864192e-02;8.928396e-02;7.335413e-02;9.483908e-02;6.471841e-02;1.210225e-01;1.250092e-01;5.365763e-02;9.315764e-02
8.011704e-02;6.204107e-02;1.075354e-01;5.125486e-02;1.295927e-01;9.757719e-02;1.324864e-01;9.076200e-02;1.038287e-01;8.368335e-02;3.375961e-02;2.736168e-02
9.236940e-02;5.412165e-02;7.938269e-02;6.117050e-02;1.704752e-01;8.947983e-02;1.243468e-01;9.598023e-02;1.026797e-01;5.514425e-02;4.565234e-02;2.919739e-02
1.041633e-01;5.789078e-02;6.805164e-02;6.558763e-02;2.051186e-01;7.535983e-02;1.047163e-01;1.077909e-01;8.014505e-02;5.526318e-02;4.990368e-02;2.600910e-02
1.090338e-01;7.119987e-02;1.015535e-01;6.055015e-02;2.144106e-01;6.361406e-02;8.270991e-02;1.125303e-01;4.098584e-02;6.035720e-02;5.457043e-02;2.848422e-02
9.432977e-02;4.333947e-02;1.144694e-01;1.050421e-01;2.054126e-01;6.443264e-02;7.280277e-02;8.497469e-02;8.210839e-02;3.473218e-02;4.589130e-02;5.246477e-02
6.343721e-02;2.409189e-02;9.285210e-02;1.143371e-01;2.750160e-01;1.033245e-01;7.553881e-02;4.765579e-02;9.486993e-02;2.452236e-02;2.375975e-02;6.059453e-02
3.184813e-02;1.222489e-02;8.545295e-02;8.721371e-02;3.601074e-01;1.375911e-01;5.742909e-02;2.587367e-02;1.036873e-01;2.867031e-02;7.531943e-03;6.236944e-02
1.885451e-02;9.299126e-03;9.715639e-02;7.754152e-02;3.816243e-01;1.402948e-01;4.737924e-02;1.410011e-02;1.098841e-01;3.648422e-02;8.789344e-03;5.859227e-02
1.767354e-02;2.287524e-02;1.210022e-01;8.852574e-02;3.242142e-01;1.361323e-01;5.501009e-02;1.152681e-02;9.844030e-02;4.927743e-02;2.242386e-02;5.289829e-02
5.415321e-02;6.053144e-02;1.138879e-01;8.278441e-02;2.580487e-01;1.449895e-01;6.183464e-02;1.581461e-02;7.718046e-02;5.698612e-02;3.309543e-02;4.069354e-02
9.575392e-02;1.042248e-01;9.599019e-02;5.366298e-02;2.134350e-01;1.767006e-01;8.132847e-02;2.291864e-02;4.400700e-02;4.681488e-02;2.958039e-02;3.558315e-02
1.335686e-01;1.017880e-01;6.190582e-02;4.024569e-02;1.811066e-01;2.048793e-01;1.248745e-01;2.440312e-02;3.934354e-02;4.714506e-02;1.534282e-02;2.539694e-02
1.380960e-01;6.192676e-02;7.376188e-02;4.176061e-02;1.366583e-01;2.009201e-01;2.232047e-01;2.649391e-02;3.081828e-02;4.688566e-02;5.999862e-03;1.347394e-02
1.275445e-01;3.213234e-02;1.551734e-01;2.999766e-02;9.721720e-02;1.742423e-01;2.547464e-01;3.746277e-02;2.732115e-02;4.494300e-02;1.000751e-02;9.211793e-03
9.988876e-02;2.425103e-02;2.914109e-01;5.114653e-02;8.855010e-02;1.281216e-01;1.973090e-01;3.553580e-02;1.944006e-02;3.864800e-02;1.037826e-02;1.532001e-02
4.150901e-02;2.641296e-02;3.448841e-01;4.298046e-02;1.127279e-01;1.366509e-01;1.781649e-01;2.195553e-02;2.250789e-02;4.119544e-02;1.200130e-02;1.900964e-02
2.315518e-02;3.166480e-02;1.938802e-01;3.529140e-02;1.601014e-01;1.688350e-01;2.466135e-01;3.327571e-02;3.618781e-02;4.028556e-02;1.637357e-02;1.433580e-02
2.893377e-02;4.398858e-02;1.182531e-01;3.481721e-02;1.877794e-01;1.683124e-01;2.734731e-01;3.302783e-02;4.274520e-02;4.142419e-02;1.472687e-02;1.251831e-02
5.635449e-02;5.562155e-02;1.220967e-01;3.407129e-02;1.874758e-01;1.767702e-01;1.747661e-01;4.011115e-02;5.551133e-02;5.054626e-02;1.918527e-02;2.748994e-02
6.248725e-02;7.482803e-02;1.077428e-01;5.398694e-02;1.127349e-01;1.523333e-01;1.054640e-01;7.351571e-02;7.720816e-02;6.286277e-02;6.745295e-02;4.938312e-02
8.374632e-02;6.606667e-02;1.298265e-01;5.145166e-02;2.388092e-02;9.476751e-02;1.971018e-01;6.565990e-02;8.271686e-02;4.484692e-02;9.435193e-02;6.558299e-02
1.273309e-01;4.982050e-02;1.332648e-01;3.285502e-02;4.075563e-02;6.086607e-02;2.276376e-01;5.917512e-02;7.343763e-02;4.776270e-02;7.998676e-02;6.710742e-02
1.344199e-01;8.183434e-02;1.350614e-01;3.891617e-02;3.185026e-02;5.507011e-02;2.573475e-01;4.449880e-02;5.873580e-02;5.497710e-02;4.764090e-02;5.964765e-02
