3.647218e-02;6.719248e-02;2.400594e-01;2.486148e-02;3.133106e-02;1.272323e-01;1.884711e-01;2.722727e-02;3.137553e-02;1.524891e-01;2.758642e-02;4.570179e-02
6.298152e-02;4.013965e-02;3.115765e-01;1.938538e-02;3.000295e-02;3.542513e-02;2.228730e-01;2.147296e-02;1.836391e-02;2.081458e-01;1.002979e-02;1.960345e-02
7.252634e-02;4.672077e-02;3.116437e-01;1.418702e-02;2.312356e-02;4.023155e-02;1.786457e-01;2.270725e-02;2.645488e-02;2.172702e-01;3.433765e-02;1.215146e-02
7.390156e-02;8.470812e-02;2.735526e-01;3.959299e-02;2.104168e-02;3.962535e-02;1.032005e-01;3.154022e-02;5.243171e-02;2.071438e-01;6.309534e-02;1.016613e-02
7.674400e-02;1.635455e-01;2.084719e-01;5.457899e-02;3.955509e-02;6.355543e-02;3.329547e-02;3.897030e-02;6.917001e-02;1.593721e-01;7.566409e-02;1.707717e-02
7.475754e-02;2.014834e-01;2.068266e-01;4.182580e-02;5.632186e-02;1.299597e-01;5.573747e-02;4.432138e-02;5.068983e-02;7.258173e-02;4.847544e-02;1.701924e-02
4.466167e-02;2.052648e-01;2.964822e-01;2.358074e-02;4.152513e-02;1.671380e-01;3.161892e-02;4.528525e-02;4.127564e-02;4.862365e-02;3.490437e-02;1.963957e-02
4.602382e-02;2.006906e-01;2.610360e-01;1.863095e-02;3.250501e-02;1.675288e-01;2.983036e-02;4.441972e-02;3.676963e-02;9.271315e-02;4.224148e-02;2.761043e-02
4.968990e-02;2.301412e-01;1.974795e-01;2.698102e-02;3.878550e-02;1.368743e-01;4.916878e-02;3.704515e-02;3.564167e-02;1.232714e-01;3.423994e-02;4.068165e-02
6.644940e-02;2.169879e-01;2.162403e-01;1.974681e-02;3.812050e-02;1.093570e-01;5.340924e-02;3.408458e-02;2.958137e-02;1.318965e-01;4.198417e-02;4.214222e-02
1.018220e-01;1.470757e-01;2.336366e-01;1.644292e-02;6.909429e-02;6.359676e-02;5.495537e-02;6.742356e-02;4.003897e-02;1.236113e-01;4.992050e-02;3.238197e-02
9.294679e-02;9.781184e-02;2.365488e-01;2.470201e-02;1.015094e-01;7.635430e-02;7.129109e-02;7.659446e-02;3.830421e-02;9.771118e-02;4.655629e-02;3.966961e-02
5.957144e-02;1.040521e-01;2.314174e-01;1.960552e-02;6.493980e-02;7.543646e-02;8.051775e-02;1.086782e-01;5.640440e-02;9.736203e-02;4.280120e-02;5.921374e-02
4.844097e-02;9.828726e-02;1.612093e-01;3.679783e-02;3.711724e-02;7.877076e-02;9.250493e-02;1.656848e-01;7.081945e-02;1.071902e-01;3.910312e-02;6.407405e-02
8.483443e-02;1.339197e-01;1.295284e-01;5.390611e-02;4.037089e-02;6.883541e-02;8.745509e-02;2.009407e-01;5.215835e-02;8.357523e-02;1.126293e-02;5.321274e-02
8.151689e-02;2.268876e-01;1.332133e-01;3.262777e-02;5.793182e-02;4.498044e-02;4.659947e-02;1.992771e-01;8.755592e-02;4.243961e-02;1.844017e-02;2.852994e-02
5.113889e-02;2.790280e-01;1.438609e-01;2.644602e-02;3.436521e-02;5.429554e-02;3.288552e-02;1.365578e-01;1.676664e-01;3.072340e-02;2.746355e-02;1.556874e-02
3.499715e-02;2.561640e-01;1.207746e-01;1.944216e-02;2.218535e-02;1.144007e-01;4.456994e-02;7.152654e-02;2.469167e-01;3.205447e-02;1.700433e-02;1.996401e-02
2.922334e-02;2.308045e-01;9.132020e-02;1.358630e-02;1.952886e-02;1.586538e-01;3.516601e-02;4.475624e-02;3.058569e-01;4.647226e-02;8.113584e-03;1.651807e-02
2.138327e-02;2.490731e-01;5.988544e-02;1.096172e-02;8.869909e-03;1.956687e-01;1.626641e-02;2.778640e-02;3.319719e-01;5.130384e-02;1.099168e-02;1.583765e-02
1.849419e-02;2.497326e-01;5.913043e-02;1.053873e-02;1.056199e-02;2.212160e-01;1.175900e-02;3.595003e-02;2.884172e-01;5.728694e-02;9.210829e-03;2.770209e-02
1.547179e-02;2.070523e-01;8.740098e-02;1.055092e-02;1.698649e-02;1.758498e-01;3.111255e-02;3.355582e-02;2.034737e-01;1.703926e-01;2.103250e-02;2.712055e-02
1.625289e-02;1.357307e-01;1.652888e-01;1.105468e-02;1.601932e-02;7.886895e-02;8.584778e-02;2.773258e-02;1.001692e-01;3.123545e-01;3.279774e-02;1.788284e-02
2.429418e-02;6.311636e-02;1.993845e-01;1.363699e-02;1.794158e-02;3.416403e-02;1.296676e-01;2.055719e-02;5.806065e-02;3.453357e-01;6.901015e-02;2.483105e-02
3.221747e-02;3.706778e-02;1.424652e-01;5.666584e-02;1.464207e-02;4.461925e-02;1.067645e-01;3.829321e-02;6.984217e-02;2.151175e-01;2.091080e-01;3.319697e-02
2.316037e-02;6.166850e-02;5.993480e-02;9.195178e-02;3.574318e-02;4.816516e-02;4.807075e-02;6.540638e-02;6.922469e-02;9.283204e-02;3.450960e-01;5.874635e-02
1.838147e-02;6.188314e-02;3.949586e-02;7.410038e-02;8.332018e-02;4.493386e-02;3.682756e-02;5.861712e-02;6.461399e-02;4.784691e-02;2.829429e-01;1.870366e-01
3.013901e-02;5.622730e-02;7.070205e-02;5.532147e-02;1.151128e-01;9.623560e-02;6.595027e-02;3.058063e-02;7.918080e-02;5.384249e-02;9.135080e-02;2.553568e-01
9.945809e-02;4.699788e-02;8.312448e-02;4.584997e-02;1.028873e-01;1.306213e-01;9.548188e-02;3.568226e-02;7.318067e-02;5.214977e-02;2.139623e-02;2.131702e-01
2.134295e-01;3.402040e-02;7.007372e-02;2.885636e-02;5.801090e-02;2.037355e-01;9.286341e-02;5.308724e-02;4.352877e-02;5.991330e-02;2.546979e-02;1.170111e-01
3.208763e-01;2.768868e-02;4.766048e-02;2.028158e-02;2.608195e-02;2.808045e-01;5.433948e-02;6.723113e-02;2.290187e-02;5.408455e-02;2.556142e-02;5.248800e-02
3.880399e-01;3.561113e-02;3.575352e-02;2.067368e-02;1.726858e-02;3.109995e-01;9.914896e-03;7.762171e-02;1.474385e-02;3.924334e-02;1.484950e-02;3.528041e-02
3.727609e-01;3.638225e-02;3.962693e-02;2.154221e-02;2.339821e-02;3.057052e-01;1.715195e-02;5.814318e-02;2.984086e-02;5.413338e-02;8.384976e-03;3.293000e-02
3.226309e-01;3.603969e-02;5.254857e-02;1.342265e-02;4.739974e-02;3.140721e-01;1.232517e-02;5.289388e-02;6.567376e-02;3.538633e-02;1.801922e-02;2.958807e-02
2.436836e-01;3.298251e-02;4.232724e-02;2.521618e-02;7.445130e-02;2.739202e-01;2.676883e-02;4.801939e-02;1.048690e-01;4.729436e-02;2.684833e-02;5.361899e-02
1.669993e-01;5.470376e-02;8.238180e-02;4.642060e-02;8.245644e-02;2.172480e-01;2.910675e-02;4.602464e-02;1.040003e-01;5.634327e-02;3.660259e-02;7.771260e-02
1.210677e-01;1.044418e-01;1.539313e-01;4.051994e-02;5.293589e-02;2.003926e-01;3.719117e-02;4.427646e-02;6.176351e-02;4.582029e-02;6.396187e-02;7.369744e-02
6.966742e-02;1.251475e-01;2.039487e-01;3.378430e-02;3.941513e-02;2.077245e-01;5.997103e-02;3.173226e-02;4.623988e-02;3.976286e-02;6.739313e-02;7.521335e-02
7.974977e-02;1.531007e-01;1.949556e-01;3.620856e-02;2.817233e-02;2.074359e-01;6.234779e-02;1.602197e-02;7.332589e-02;5.363441e-02;1.941938e-02;7.562780e-02
1.053744e-01;1.369470e-01;1.479354e-01;1.941995e-02;3.953370e-02;2.154982e-01;4.872037e-02;3.228237e-02;8.191250e-02;9.318609e-02;5.760920e-02;2.158086e-02
1.185060e-01;1.015978e-01;1.535554e-01;5.159912e-02;3.056141e-02;1.894813e-01;5.714362e-02;4.302395e-02;5.275598e-02;1.013119e-01;8.629931e-02;1.416417e-02
1.058319e-01;5.699636e-02;1.569365e-01;1.060203e-01;8.093409e-02;1.269078e-01;3.543605e-02;3.939130e-02;2.106328e-02;1.093594e-01;1.306107e-01;3.051239e-02
8.008432e-02;3.548123e-02;1.009661e-01;1.272327e-01;1.411152e-01;1.199326e-01;2.087891e-02;2.853956e-02;3.582013e-02;8.804644e-02;1.352150e-01;8.668773e-02
5.309029e-02;4.254401e-02;6.937405e-02;2.156175e-01;1.674313e-01;1.215844e-01;1.592207e-02;2.488715e-02;3.735435e-02;4.640510e-02;1.386364e-01;6.715354e-02
4.042902e-02;5.362113e-02;1.038112e-01;2.959220e-01;1.366040e-01;7.242134e-02;1.150227e-02;2.809652e-02;3.222682e-02;3.103894e-02;1.594663e-01;3.486049e-02
3.301303e-02;4.360159e-02;1.757559e-01;3.287385e-01;8.098377e-02;5.772858e-02;1.372001e-02;2.363035e-02;3.085850e-02;3.717069e-02;1.597580e-01;1.504118e-02
2.431121e-02;4.427373e-02;2.483484e-01;2.743674e-01;5.269147e-02;9.186608e-02;8.007335e-03;1.753758e-02;3.370582e-02;1.643451e-02;1.612582e-01;2.719823e-02
2.370320e-02;6.553812e-02;3.159145e-01;1.492011e-01;3.645041e-02;9.186133e-02;2.121360e-02;1.742547e-02;3.203013e-02;4.102490e-02;1.902765e-01;1.536078e-02
3.749249e-02;6.340066e-02;3.090376e-01;1.125740e-01;3.431484e-02;8.741727e-02;1.276320e-02;2.196621e-02;2.956706e-02;6.126091e-02;2.071933e-01;2.301247e-02
4.366359e-02;9.781498e-02;2.584856e-01;1.301827e-01;4.568194e-02;9.532130e-02;1.392948e-02;1.555368e-02;3.879385e-02;7.150837e-02;1.411445e-01;4.791986e-02
5.517792e-02;1.246564e-01;2.327449e-01;1.455853e-01;1.849787e-02;1.206605e-01;2.339137e-02;2.362730e-02;6.184939e-02;7.850593e-02;7.239918e-02;4.290396e-02
6.788432e-02;1.049098e-01;1.942506e-01;1.305002e-01;5.465328e-02;1.566908e-01;4.102257e-02;4.696687e-02;6.632309e-02;5.696659e-02;4.805089e-02;3.178101e-02
7.851466e-02;8.911105e-02;1.443883e-01;7.404306e-02;7.406450e-02;1.729348e-01;7.296777e-02;5.099747e-02;6.993875e-02;5.592681e-02;4.128152e-02;7.583123e-02
5.469115e-02;6.470279e-02;1.453578e-01;1.039094e-01;5.557914e-02;1.784107e-01;4.527149e-02;4.007078e-02;6.071592e-02;6.555281e-02;6.489024e-02;1.208478e-01
4.466799e-02;6.130006e-02;1.388523e-01;1.161897e-01;1.108656e-01;1.969476e-01;3.817958e-02;2.610736e-02;3.734842e-02;7.328125e-02;6.871275e-02;8.754744e-02
5.354022e-02;8.160681e-02;1.724925e-01;1.026034e-01;1.107766e-01;2.078397e-01;4.383938e-02;3.229648e-02;3.860850e-02;5.337761e-02;5.021109e-02;5.280776e-02
6.998686e-02;9.040420e-02;1.589031e-01;8.374413e-02;7.781149e-02;2.296962e-01;5.407171e-02;4.069261e-02;5.639706e-02;4.366903e-02;4.351494e-02;5.110870e-02
9.507938e-02;1.068295e-01;1.214627e-01;4.697373e-02;7.367704e-02;2.441661e-01;3.755948e-02;4.231108e-02;6.462087e-02;4.337453e-02;5.347698e-02;7.046855e-02
8.255494e-02;9.238676e-02;2.418948e-01;5.977675e-02;5.304266e-02;2.000962e-01;1.647738e-02;4.734954e-02;3.534234e-02;4.594158e-02;6.403083e-02;6.110625e-02
5.529202e-02;8.557658e-02;3.567777e-01;8.962930e-02;4.521641e-02;1.192010e-01;2.670393e-02;2.399451e-02;2.780782e-02;9.502462e-02;4.694932e-02;2.782690e-02
3.455573e-02;1.005749e-01;4.042711e-01;1.047862e-01;3.926196e-02;6.417494e-02;7.124098e-02;1.464523e-02;1.747938e-02;1.138314e-01;2.056379e-02;1.461439e-02
2.410675e-02;1.095943e-01;3.883755e-01;6.246042e-02;2.957602e-02;3.865546e-02;1.248335e-01;3.156397e-02;2.220710e-02;1.422590e-01;1.541965e-02;1.094844e-02
1.742779e-02;1.083129e-01;3.250255e-01;2.709845e-02;2.252853e-02;2.962618e-02;1.394241e-01;5.756206e-02;4.434682e-02;2.070589e-01;1.723015e-02;4.358641e-03
3.129165e-02;1.105865e-01;2.541924e-01;4.216390e-02;1.446530e-02;3.993166e-02;7.354838e-02;4.971652e-02;6.169282e-02;2.690020e-01;3.673950e-02;1.666933e-02
5.481380e-02;1.387762e-01;2.569203e-01;4.676512e-02;2.290771e-02;5.386340e-02;2.044941e-02;3.118356e-02;6.902308e-02;2.460060e-01;3.927415e-02;2.001727e-02
4.895678e-02;1.469623e-01;2.435046e-01;4.800314e-02;2.972879e-02;6.726903e-02;1.819853e-02;4.188177e-02;7.504416e-02;1.822350e-01;4.116661e-02;5.704937e-02
5.348496e-02;1.448283e-01;2.116411e-01;4.252994e-02;2.471172e-02;7.705159e-02;3.927848e-02;6.989413e-02;6.803603e-02;1.322911e-01;5.111316e-02;8.513948e-02
5.107467e-02;1.826598e-01;1.725948e-01;3.134717e-02;2.723327e-02;9.268942e-02;4.384495e-02;5.435412e-02;9.902973e-02;1.375894e-01;4.420178e-02;6.338092e-02
3.580068e-02;1.829861e-01;1.622100e-01;2.178602e-02;1.777325e-02;8.801372e-02;2.613945e-02;4.629279e-02;1.306793e-01;1.830925e-01;4.185349e-02;6.337275e-02
2.877710e-02;2.011410e-01;1.471701e-01;3.806652e-02;8.144957e-03;8.626129e-02;1.195430e-02;5.543688e-02;1.563374e-01;1.750471e-01;3.004250e-02;6.162096e-02
2.900798e-02;2.209798e-01;1.315881e-01;5.365101e-02;1.594814e-02;1.016269e-01;1.594846e-02;5.796960e-02;1.784479e-01;1.234126e-01;2.184675e-02;4.957289e-02
3.042063e-02;2.220355e-01;1.302318e-01;8.366618e-02;2.340181e-02;9.318275e-02;3.182769e-02;6.431980e-02;1.871487e-01;8.076501e-02;1.516234e-02;3.783777e-02
4.045119e-02;1.866908e-01;1.355688e-01;9.684530e-02;3.840413e-02;7.052277e-02;8.285836e-02;7.975139e-02;1.621710e-01;5.078125e-02;3.087034e-02;2.508466e-02
5.154657e-02;1.465223e-01;1.705960e-01;7.607322e-02;4.749194e-02;8.355848e-02;1.104056e-01;7.862159e-02;1.285574e-01;4.360259e-02;3.826497e-02;2.475930e-02
4.646884e-02;1.627823e-01;2.274615e-01;5.031108e-02;5.406144e-02;9.611387e-02;6.678829e-02;3.208325e-02;1.054230e-01;7.685069e-02;4.367946e-02;3.797632e-02
6.658100e-02;1.676881e-01;2.448451e-01;7.446092e-02;6.232680e-02;7.626862e-02;3.266050e-02;2.260668e-02;6.559590e-02;1.063535e-01;4.620419e-02;3.440871e-02
7.188420e-02;1.727078e-01;2.608299e-01;9.069645e-02;4.408239e-02;9.167771e-02;2.691705e-02;2.644169e-02;3.293678e-02;1.131222e-01;4.329558e-02;2.540819e-02
7.176661e-02;1.506849e-01;2.280415e-01;7.985109e-02;4.386681e-02;1.310639e-01;3.447823e-02;3.560482e-02;2.618212e-02;1.288142e-01;4.007070e-02;2.957512e-02
7.061316e-02;1.018502e-01;2.026566e-01;8.890303e-02;7.109595e-02;1.572716e-01;3.668763e-02;4.455303e-02;4.770951e-02;1.238934e-01;2.754648e-02;2.721934e-02
5.446548e-02;8.983916e-02;2.268211e-01;9.120619e-02;7.231484e-02;1.682870e-01;3.288375e-02;4.454092e-02;5.487646e-02;9.482704e-02;3.937858e-02;3.055942e-02
4.880407e-02;1.051865e-01;2.524391e-01;7.516556e-02;5.819777e-02;1.374798e-01;4.101470e-02;4.998161e-02;7.153948e-02;8.041512e-02;4.962523e-02;3.015113e-02
4.358695e-02;1.398458e-01;2.579851e-01;8.125659e-02;6.095408e-02;8.293390e-02;5.864482e-02;4.846141e-02;6.900219e-02;7.385992e-02;4.864868e-02;3.482059e-02
3.927080e-02;2.027593e-01;2.224890e-01;6.799284e-02;4.580263e-02;9.218045e-02;5.429235e-02;4.873801e-02;9.295974e-02;7.976894e-02;2.233126e-02;3.141470e-02
7.583407e-02;2.519820e-01;1.537818e-01;4.810969e-02;4.050302e-02;9.662094e-02;6.000181e-02;6.679816e-02;1.293437e-01;3.969667e-02;1.650570e-02;2.082242e-02
1.067211e-01;2.246135e-01;1.252643e-01;3.080929e-02;5.776273e-02;5.088908e-02;7.602153e-02;1.124119e-01;1.125246e-01;3.173328e-02;4.869158e-02;2.255710e-02
1.178162e-01;1.628055e-01;1.132490e-01;3.031575e-02;6.627186e-02;2.777765e-02;1.199474e-01;1.543657e-01;7.409278e-02;3.802342e-02;7.192739e-02;2.340731e-02
1.190379e-01;1.613289e-01;1.051676e-01;4.364095e-02;7.809505e-02;4.772135e-02;1.220916e-01;1.434215e-01;3.724796e-02;5.500245e-02;6.823547e-02;1.900933e-02
1.208290e-01;1.608695e-01;9.370213e-02;6.475408e-02;7.990047e-02;5.774499e-02;9.435918e-02;1.214740e-01;4.640371e-02;8.221711e-02;5.408329e-02;2.366255e-02
6.665535e-02;2.053353e-01;1.016994e-01;8.656962e-02;5.876159e-02;8.926988e-02;3.747951e-02;1.097061e-01;7.062495e-02;8.279254e-02;4.976835e-02;4.133737e-02
4.066699e-02;1.888316e-01;1.287764e-01;1.013194e-01;5.249878e-02;1.098910e-01;1.035324e-01;6.074046e-02;5.380133e-02;7.465167e-02;3.967951e-02;4.561043e-02
4.889308e-02;2.044199e-01;1.363783e-01;8.410769e-02;4.573065e-02;9.662221e-02;1.417889e-01;4.630016e-02;4.769102e-02;6.021278e-02;3.415524e-02;5.370010e-02
6.829249e-02;1.819630e-01;1.407080e-01;5.217818e-02;2.921175e-02;7.506898e-02;1.801606e-01;6.708048e-02;3.843136e-02;7.091475e-02;3.230487e-02;6.368550e-02
6.449896e-02;1.843447e-01;1.775789e-01;3.732982e-02;2.647210e-02;6.122993e-02;1.723347e-01;5.748470e-02;6.073968e-02;7.886656e-02;1.300447e-02;6.611550e-02
4.690024e-02;1.851659e-01;1.878757e-01;4.750023e-02;3.014113e-02;4.633918e-02;1.480577e-01;4.816209e-02;9.055580e-02;7.740254e-02;3.041986e-02;6.147956e-02
2.960425e-02;1.452989e-01;1.642769e-01;6.106563e-02;3.908149e-02;7.535857e-02;1.398958e-01;5.667076e-02;9.644969e-02;7.622842e-02;5.335449e-02;6.271511e-02
2.769808e-02;1.179618e-01;1.395433e-01;5.666966e-02;4.444622e-02;1.474388e-01;1.141831e-01;6.818739e-02;7.509074e-02;8.515154e-02;6.547970e-02;5.814979e-02
2.501596e-02;9.637910e-02;1.593844e-01;4.814043e-02;3.166132e-02;2.132588e-01;7.069619e-02;6.723414e-02;5.755461e-02;1.171654e-01;6.872036e-02;4.478940e-02
3.468868e-02;6.149293e-02;1.465743e-01;3.760517e-02;3.355270e-02;2.281412e-01;3.376175e-02;5.393929e-02;1.061199e-01;1.267319e-01;8.524545e-02;5.214673e-02
4.000553e-02;9.561064e-02;1.302692e-01;2.451736e-02;3.862254e-02;1.645776e-01;7.981481e-02;7.812164e-02;1.164018e-01;1.090152e-01;7.741238e-02;4.563130e-02
4.976224e-02;1.014884e-01;1.433975e-01;5.278854e-02;2.609235e-02;1.091370e-01;7.296081e-02;1.033599e-01;1.407483e-01;1.003064e-01;6.342727e-02;3.653129e-02
4.348797e-02;8.734194e-02;1.486570e-01;5.537770e-02;6.143670e-02;1.038663e-01;6.234007e-02;1.257628e-01;1.722824e-01;7.147713e-02;4.078992e-02;2.718007e-02
2.462481e-02;8.737846e-02;1.396190e-01;5.889937e-02;5.582219e-02;7.336929e-02;7.571685e-02;1.443255e-01;2.061532e-01;6.866967e-02;3.613766e-02;2.928406e-02
3.511313e-02;8.514061e-02;1.340788e-01;4.680833e-02;4.095445e-02;5.904737e-02;9.613603e-02;1.487348e-01;1.921507e-01;9.479886e-02;3.008349e-02;3.695350e-02
5.777383e-02;9.267319e-02;1.309102e-01;4.185186e-02;3.592400e-02;9.069306e-02;1.088504e-01;1.325887e-01;1.326557e-01;1.010860e-01;2.637045e-02;4.862270e-02
6.014369e-02;1.158577e-01;1.014092e-01;6.092353e-02;3.881820e-02;1.481013e-01;9.973744e-02;8.493470e-02;1.010953e-01;9.238639e-02;5.323246e-02;4.336013e-02
5.003536e-02;1.420518e-01;1.261023e-01;6.100210e-02;5.610861e-02;1.199508e-01;5.899166e-02;9.787346e-02;1.255519e-01;6.885710e-02;6.278376e-02;3.069106e-02
5.955976e-02;1.687459e-01;1.756054e-01;4.781898e-02;4.026611e-02;9.822832e-02;4.585392e-02;1.024621e-01;1.121706e-01;5.277589e-02;5.951545e-02;3.699755e-02
5.153869e-02;2.221641e-01;1.970872e-01;3.990602e-02;1.819172e-02;9.440313e-02;3.443301e-02;1.281057e-01;7.576197e-02;4.992417e-02;5.388399e-02;3.460027e-02
5.409758e-02;2.228268e-01;1.590905e-01;3.531538e-02;2.906970e-02;9.011751e-02;6.107381e-02;1.404700e-01;8.687564e-02;5.905130e-02;3.676992e-02;2.524190e-02
4.662260e-02;1.500756e-01;1.257096e-01;3.847211e-02;4.700986e-02;1.263771e-01;7.544412e-02;1.075480e-01;1.312395e-01;9.063586e-02;2.890262e-02;3.196308e-02
2.800741e-02;7.136001e-02;7.850264e-02;6.083390e-02;4.032193e-02;2.044638e-01;1.202120e-01;8.535826e-02;1.277997e-01;1.011567e-01;4.091137e-02;4.107229e-02
1.783481e-02;6.200868e-02;6.242180e-02;6.226392e-02;4.286389e-02;2.180063e-01;2.069088e-01;9.461403e-02;9.151644e-02;5.899208e-02;3.961191e-02;4.295729e-02
1.342680e-02;5.823886e-02;6.241423e-02;4.484741e-02;4.665199e-02;1.842555e-01;2.760434e-01;1.113767e-01;7.616469e-02;3.944315e-02;5.109339e-02;3.604382e-02
1.833650e-02;5.019456e-02;5.945070e-02;2.255943e-02;3.903253e-02;2.238325e-01;2.669827e-01;8.928059e-02;6.978973e-02;6.682319e-02;6.613284e-02;2.758466e-02
2.982637e-02;2.716215e-02;6.510510e-02;1.336937e-02;2.541246e-02;2.923665e-01;1.486998e-01;7.158971e-02;9.227579e-02;1.136967e-01;8.541296e-02;3.508310e-02
2.631108e-02;4.451252e-02;6.958106e-02;1.789982e-02;2.253490e-02;2.218905e-01;1.217764e-01;1.350886e-01;9.842817e-02;1.198328e-01;7.288101e-02;4.926310e-02
2.016353e-02;4.392269e-02;5.462029e-02;3.207392e-02;3.061964e-02;1.165112e-01;2.279479e-01;1.872724e-01;7.015523e-02;9.504354e-02;3.768757e-02;8.398207e-02
4.228054e-02;4.371822e-02;5.031768e-02;4.521069e-02;2.712261e-02;9.192704e-02;2.684487e-01;1.565313e-01;7.677636e-02;8.503066e-02;2.273621e-02;8.989998e-02
8.621911e-02;1.069451e-01;8.294716e-02;3.337203e-02;4.181900e-02;1.048017e-01;1.453289e-01;1.772385e-01;8.088413e-02;6.918983e-02;2.282979e-02;4.842478e-02
1.013021e-01;2.090137e-01;1.267098e-01;2.165466e-02;4.419217e-02;6.307976e-02;1.125234e-01;1.694966e-01;7.303329e-02;4.189629e-02;2.152272e-02;1.557549e-02
6.321545e-02;2.943868e-01;1.423084e-01;2.701594e-02;2.818068e-02;7.402214e-02;1.158235e-01;8.715807e-02;8.599088e-02;4.535935e-02;1.829605e-02;1.824276e-02
2.580237e-02;3.027081e-01;2.117353e-01;2.935104e-02;2.481257e-02;1.121744e-01;6.739327e-02;4.556633e-02;7.505860e-02;5.428265e-02;2.150490e-02;2.961041e-02
2.237152e-02;2.601026e-01;3.061846e-01;2.979382e-02;3.514035e-02;1.004420e-01;2.887382e-02;3.765870e-02;4.430713e-02;8.053141e-02;2.955918e-02;2.503492e-02
3.958451e-02;2.345218e-01;3.336038e-01;4.876123e-02;3.386861e-02;6.940643e-02;3.948517e-02;2.924092e-02;3.708937e-02;8.452265e-02;3.507983e-02;1.483566e-02
5.209581e-02;2.125704e-01;3.081741e-01;6.546449e-02;2.391292e-02;5.379090e-02;6.882112e-02;4.663939e-02;5.015409e-02;7.389469e-02;2.858089e-02;1.590119e-02
6.672964e-02;2.063070e-01;1.653050e-01;5.741984e-02;3.309012e-02;1.069183e-01;1.185773e-01;7.411183e-02;6.005653e-02;4.802346e-02;2.632495e-02;3.713616e-02
9.057902e-02;2.007212e-01;1.369482e-01;5.209373e-02;3.492222e-02;9.289732e-02;1.318546e-01;5.883825e-02;6.991056e-02;4.501231e-02;3.834355e-02;4.787902e-02
7.349987e-02;2.056686e-01;2.012607e-01;5.344446e-02;4.494163e-02;7.393087e-02;1.056663e-01;6.591816e-02;7.206904e-02;3.324384e-02;2.647224e-02;4.388427e-02
6.643514e-02;1.180818e-01;1.876968e-01;4.976468e-02;6.637400e-02;1.145672e-01;1.029719e-01;8.929230e-02;6.311373e-02;4.011143e-02;3.066957e-02;7.092147e-02
5.404665e-02;6.871027e-02;1.199759e-01;6.142093e-02;8.880563e-02;1.933575e-01;8.759724e-02;1.078543e-01;6.898533e-02;3.224372e-02;3.425331e-02;8.274917e-02
4.414576e-02;5.423737e-02;7.533956e-02;8.185432e-02;1.311118e-01;2.157546e-01;7.179302e-02;9.207742e-02;4.875135e-02;3.539907e-02;5.279018e-02;9.674554e-02
2.606254e-02;6.799033e-02;5.132614e-02;1.417838e-01;1.429036e-01;1.760762e-01;4.071612e-02;9.063742e-02;2.850411e-02;4.651726e-02;9.982849e-02;8.765401e-02
1.518820e-02;8.652477e-02;1.152099e-01;2.131581e-01;9.998186e-02;1.256247e-01;2.386388e-02;1.061940e-01;1.761698e-02;3.740461e-02;1.224157e-01;3.681735e-02
1.161982e-02;7.231585e-02;2.000759e-01;2.209085e-01;5.656822e-02;1.589254e-01;2.789864e-02;9.349720e-02;1.827472e-02;2.151645e-02;1.082857e-01;1.011360e-02
1.330069e-02;7.107928e-02;2.363325e-01;1.821465e-01;2.908861e-02;2.079324e-01;1.904991e-02;1.059400e-01;2.109328e-02;2.333485e-02;7.886180e-02;1.184023e-02
1.238467e-02;1.049382e-01;2.383339e-01;1.555087e-01;1.290511e-02;1.725407e-01;1.548465e-02;1.548647e-01;2.158388e-02;2.850460e-02;6.673517e-02;1.621583e-02
1.227527e-02;1.176713e-01;2.803672e-01;1.651977e-01;3.267634e-02;1.126088e-01;1.515365e-02;1.357008e-01;1.964126e-02;2.057800e-02;7.179553e-02;1.633407e-02
1.322597e-02;1.044685e-01;3.313591e-01;1.776169e-01;3.404737e-02;1.168415e-01;2.335946e-02;8.266238e-02;2.240012e-02;1.563819e-02;6.573543e-02;1.264505e-02
1.806139e-02;1.561659e-01;3.722811e-01;1.408223e-01;2.404076e-02;1.071151e-01;3.183891e-02;5.162196e-02;2.335200e-02;2.048686e-02;4.003950e-02;1.417429e-02
2.230789e-02;2.092509e-01;3.965743e-01;9.878848e-02;3.424304e-02;6.255541e-02;3.298462e-02;4.430347e-02;2.341957e-02;3.040138e-02;1.963799e-02;2.553286e-02
2.186414e-02;1.659201e-01;2.712880e-01;9.778298e-02;4.256831e-02;1.162262e-01;6.596871e-02;6.703881e-02;4.192545e-02;4.424997e-02;2.276557e-02;4.240176e-02
3.108433e-02;1.230124e-01;1.813323e-01;1.505568e-01;7.330093e-02;1.454336e-01;5.827250e-02;8.337990e-02;4.301341e-02;3.744457e-02;3.506875e-02;3.810065e-02
2.792997e-02;1.640540e-01;2.257559e-01;1.424266e-01;1.066957e-01;1.139045e-01;3.972441e-02;6.073113e-02;3.578427e-02;3.333890e-02;3.256061e-02;1.709413e-02
3.143140e-02;1.642191e-01;2.230576e-01;1.021400e-01;1.051621e-01;1.406683e-01;4.931360e-02;5.952815e-02;3.635419e-02;3.081087e-02;3.097188e-02;2.634286e-02
3.846681e-02;7.665066e-02;2.545227e-01;5.824219e-02;6.967912e-02;1.899099e-01;6.163333e-02;5.531173e-02;5.989919e-02;3.001882e-02;4.174053e-02;6.392497e-02
3.476926e-02;8.284480e-02;2.438441e-01;1.934441e-02;4.815366e-02;1.723921e-01;6.303925e-02;9.090514e-02;8.606977e-02;3.978615e-02;4.176718e-02;7.708420e-02
3.231148e-02;1.407394e-01;2.520902e-01;4.112282e-02;6.454632e-02;1.006192e-01;6.815907e-02;8.140530e-02;7.670879e-02;4.665998e-02;4.469861e-02;5.093884e-02
2.906830e-02;1.777532e-01;2.800277e-01;5.195154e-02;5.579466e-02;1.407472e-01;5.044863e-02;5.049943e-02;4.277327e-02;3.784757e-02;4.652797e-02;3.656051e-02
3.994678e-02;1.881374e-01;2.063565e-01;7.496426e-02;4.934445e-02;1.604926e-01;3.305524e-02;8.893539e-02;5.411828e-02;2.582646e-02;5.052409e-02;2.829863e-02
3.969373e-02;1.357554e-01;7.706682e-02;6.205193e-02;4.253354e-02;2.321710e-01;8.176251e-02;1.271510e-01;6.086492e-02;3.593255e-02;4.706324e-02;5.795338e-02
4.278981e-02;6.824922e-02;7.209830e-02;8.894910e-02;6.829068e-02;2.275975e-01;8.600009e-02;1.081472e-01;3.967996e-02;2.429681e-02;9.248927e-02;8.141208e-02
3.753655e-02;5.566206e-02;1.105509e-01;1.114810e-01;7.822176e-02;1.554404e-01;7.384362e-02;7.716220e-02;2.763216e-02;5.762107e-02;1.389142e-01;7.593407e-02
3.482648e-02;4.620984e-02;1.519793e-01;1.079866e-01;8.360887e-02;7.587006e-02;8.799586e-02;4.860985e-02;3.292126e-02;1.397304e-01;1.418859e-01;4.837566e-02
2.982213e-02;4.295316e-02;2.177528e-01;5.622283e-02;1.182689e-01;2.999776e-02;1.014468e-01;3.516102e-02;4.784755e-02;2.378701e-01;6.435614e-02;1.830079e-02
1.561990e-02;7.228135e-02;2.542918e-01;1.835884e-02;1.545594e-01;4.623077e-02;8.568359e-02;4.811846e-02;4.752295e-02;2.285668e-01;2.038161e-02;8.384511e-03
9.660773e-03;1.156761e-01;2.433157e-01;3.603743e-02;1.401030e-01;6.010138e-02;6.226867e-02;8.928107e-02;3.570811e-02;1.755069e-01;1.702126e-02;1.531961e-02
1.253481e-02;1.728372e-01;2.551673e-01;5.225088e-02;8.576322e-02;5.397521e-02;4.198977e-02;1.550215e-01;2.808122e-02;1.073658e-01;1.516236e-02;1.985076e-02
1.683689e-02;2.139436e-01;2.601985e-01;4.721295e-02;4.232771e-02;6.194598e-02;3.771611e-02;2.018618e-01;3.286622e-02;4.572129e-02;2.002466e-02;1.934431e-02
2.288027e-02;2.754364e-01;2.367516e-01;3.309276e-02;2.741079e-02;5.640506e-02;2.677704e-02;2.234429e-01;3.066354e-02;2.684055e-02;1.844818e-02;2.185094e-02
2.185176e-02;3.050561e-01;2.831766e-01;2.734047e-02;2.149594e-02;6.067147e-02;2.062042e-02;1.922538e-01;2.138275e-02;1.789136e-02;9.268162e-03;1.899119e-02
2.176233e-02;2.817996e-01;3.379393e-01;1.703280e-02;3.231291e-02;4.154043e-02;3.710351e-02;1.495983e-01;1.536546e-02;3.967765e-02;1.089573e-02;1.497196e-02
2.401026e-02;2.151072e-01;3.857655e-01;2.880457e-02;5.212561e-02;2.445302e-02;7.427574e-02;9.028716e-02;1.842428e-02;5.055879e-02;2.006016e-02;1.612768e-02
2.608143e-02;1.525826e-01;3.798881e-01;6.689572e-02;6.591430e-02;4.500573e-02;1.002978e-01;3.972526e-02;2.444080e-02;5.086971e-02;2.351359e-02;2.478500e-02
2.885829e-02;1.134440e-01;3.186336e-01;1.038923e-01;7.575756e-02;9.307891e-02;9.384797e-02;4.369836e-02;2.817192e-02;5.963005e-02;1.234236e-02;2.864473e-02
3.353942e-02;1.551888e-01;2.608692e-01;7.293526e-02;5.856768e-02;1.096020e-01;5.884539e-02;6.541672e-02;3.343664e-02;8.073832e-02;4.257297e-02;2.828753e-02
3.665428e-02;2.114530e-01;2.663508e-01;5.366424e-02;4.470678e-02;5.247990e-02;6.030601e-02;4.586877e-02;3.358794e-02;1.119262e-01;4.620190e-02;3.680014e-02
2.454659e-02;1.549460e-01;2.971988e-01;6.247078e-02;5.192336e-02;7.914965e-02;5.275329e-02;4.430462e-02;3.779910e-02;1.196080e-01;3.463249e-02;4.066732e-02
2.349144e-02;1.071480e-01;2.908323e-01;7.227902e-02;6.162993e-02;7.714570e-02;3.580176e-02;7.119456e-02;4.755517e-02;1.286500e-01;4.313704e-02;4.113513e-02
2.843963e-02;1.073962e-01;2.670408e-01;7.571457e-02;3.690191e-02;1.064814e-01;2.367028e-02;8.159529e-02;5.550593e-02;1.519246e-01;4.298507e-02;2.234424e-02
2.918933e-02;1.174474e-01;1.890322e-01;5.292804e-02;6.560388e-02;1.008299e-01;3.813305e-02;1.097370e-01;7.197710e-02;1.138047e-01;5.543920e-02;5.587822e-02
1.565641e-02;6.990820e-02;1.349202e-01;7.011675e-02;7.049083e-02;1.595392e-01;6.835617e-02;1.247859e-01;5.019081e-02;4.819807e-02;1.391844e-01;4.865307e-02
2.845102e-02;5.028559e-02;9.676978e-02;8.991694e-02;5.605199e-02;1.130268e-01;1.053971e-01;1.122683e-01;3.875230e-02;9.496430e-02;1.769166e-01;3.719923e-02
5.857367e-02;6.099283e-02;1.853281e-01;6.153512e-02;3.029969e-02;4.263926e-02;1.532059e-01;6.486768e-02;2.696110e-02;1.500968e-01;1.491717e-01;1.632824e-02
8.579906e-02;6.748992e-02;2.760956e-01;2.740947e-02;1.895723e-02;2.368662e-02;1.549758e-01;2.401697e-02;2.158219e-02;1.917849e-01;9.585137e-02;1.235090e-02
8.515115e-02;7.076051e-02;3.206757e-01;1.698971e-02;2.009996e-02;1.118633e-02;1.288247e-01;1.223307e-02;2.921058e-02;2.385142e-01;4.602071e-02;2.033340e-02
5.523246e-02;6.051686e-02;3.431401e-01;1.399171e-02;2.477231e-02;1.962770e-02;1.109134e-01;1.559642e-02;3.206332e-02;2.812656e-01;2.035775e-02;2.252230e-02
2.411878e-02;4.579907e-02;3.271972e-01;1.888780e-02;2.670649e-02;2.449383e-02;1.101053e-01;2.933511e-02;6.029183e-02;2.951344e-01;1.902592e-02;1.890427e-02
4.106035e-02;6.191460e-02;2.715860e-01;3.052178e-02;2.460940e-02;4.365605e-02;1.181024e-01;3.721102e-02;7.763153e-02;2.441792e-01;3.650796e-02;1.301973e-02
6.197477e-02;1.069136e-01;2.443298e-01;3.678125e-02;2.504006e-02;4.993506e-02;9.816840e-02;4.983654e-02;5.818040e-02;1.728270e-01;5.514196e-02;4.087121e-02
5.952409e-02;1.951704e-01;2.375775e-01;5.586700e-02;4.330156e-02;6.169695e-02;7.179005e-02;2.953865e-02;3.246129e-02;9.059975e-02;5.824577e-02;6.422702e-02
3.429047e-02;1.835980e-01;2.906711e-01;4.681222e-02;4.535349e-02;7.107264e-02;6.919546e-02;2.296598e-02;2.836944e-02;1.082300e-01;3.511817e-02;6.432299e-02
1.928820e-02;1.716069e-01;3.461626e-01;1.991975e-02;3.573938e-02;3.852417e-02;7.409919e-02;1.991158e-02;2.208759e-02;1.616310e-01;1.986842e-02;7.116118e-02
1.880699e-02;1.810773e-01;3.374927e-01;2.121470e-02;2.598832e-02;4.289992e-02;7.389117e-02;1.892389e-02;4.783152e-02;1.548049e-01;2.362531e-02;5.344320e-02
2.028690e-02;2.279576e-01;2.952026e-01;3.315419e-02;3.624857e-02;8.646031e-02;6.219028e-02;3.509931e-02;6.352091e-02;8.963568e-02;2.843958e-02;2.180406e-02
3.518189e-02;2.500517e-01;2.817650e-01;4.405534e-02;3.751206e-02;1.099808e-01;5.289109e-02;5.405211e-02;5.632585e-02;3.879471e-02;1.956800e-02;1.982147e-02
3.960451e-02;1.667778e-01;3.260605e-01;3.777965e-02;2.453711e-02;6.855417e-02;1.318810e-01;5.020320e-02;4.685830e-02;7.016069e-02;1.798835e-02;1.959478e-02
3.227725e-02;1.563765e-01;3.425162e-01;1.975990e-02;2.545959e-02;2.564052e-02;1.814932e-01;3.105963e-02;2.223289e-02;1.206716e-01;1.334974e-02;2.916296e-02
2.197130e-02;1.473031e-01;3.508630e-01;2.055052e-02;3.206532e-02;3.377239e-02;1.785004e-01;2.278960e-02;2.326823e-02;1.233312e-01;2.092749e-02;2.465747e-02
1.576521e-02;1.311219e-01;3.870242e-01;3.123022e-02;4.129703e-02;2.906940e-02;1.716052e-01;2.446777e-02;2.242666e-02;1.135502e-01;1.128693e-02;2.115528e-02
2.125845e-02;1.175235e-01;3.626156e-01;3.402304e-02;4.265428e-02;2.264288e-02;1.843100e-01;2.628127e-02;2.865920e-02;1.129916e-01;2.002725e-02;2.701291e-02
1.842775e-02;9.219552e-02;2.753313e-01;4.874719e-02;3.242781e-02;6.184350e-02;1.906154e-01;4.178893e-02;3.735319e-02;1.446759e-01;2.635011e-02;3.024335e-02
2.193557e-02;7.562083e-02;2.755051e-01;4.060045e-02;1.718448e-02;6.346310e-02;1.787703e-01;4.501482e-02;2.850579e-02;2.058427e-01;2.897285e-02;1.858396e-02
3.166716e-02;8.152811e-02;2.808442e-01;2.176043e-02;1.554993e-02;3.517295e-02;1.461863e-01;4.074283e-02;1.945427e-02;2.625633e-01;4.398236e-02;2.054816e-02
3.687783e-02;1.121739e-01;2.724623e-01;1.187893e-02;1.671158e-02;3.033719e-02;1.217585e-01;4.297561e-02;3.278947e-02;2.581625e-01;3.801440e-02;2.585778e-02
6.790717e-02;1.419433e-01;2.678225e-01;1.792118e-02;2.510609e-02;4.078706e-02;1.146487e-01;3.259542e-02;4.644046e-02;1.920924e-01;3.427599e-02;1.845980e-02
8.728004e-02;1.467428e-01;2.684653e-01;3.317735e-02;2.799667e-02;3.910420e-02;1.111318e-01;3.681234e-02;5.217794e-02;1.177440e-01;4.934710e-02;3.002053e-02
7.599011e-02;1.231470e-01;2.856317e-01;3.340930e-02;2.778799e-02;6.856717e-02;7.104865e-02;4.357399e-02;4.728678e-02;1.232252e-01;6.182440e-02;3.850776e-02
3.359259e-02;1.069400e-01;2.985879e-01;2.955255e-02;4.593355e-02;9.980819e-02;6.285793e-02;4.303187e-02;2.731941e-02;1.862137e-01;4.325680e-02;2.290547e-02
4.641947e-02;9.209841e-02;2.799132e-01;4.155390e-02;3.826021e-02;9.272546e-02;7.114140e-02;5.348008e-02;3.103995e-02;1.878992e-01;2.871761e-02;3.675111e-02
7.548784e-02;1.389319e-01;2.625006e-01;2.941809e-02;3.175910e-02;6.685355e-02;5.519687e-02;6.109012e-02;3.256586e-02;1.659507e-01;3.695926e-02;4.328606e-02
5.456544e-02;1.786602e-01;1.596192e-01;3.374175e-02;3.895118e-02;8.509278e-02;7.051946e-02;6.583355e-02;5.422387e-02;1.648212e-01;3.802241e-02;5.594899e-02
3.841333e-02;1.632701e-01;1.657733e-01;4.239037e-02;3.491894e-02;8.095993e-02;6.724034e-02;6.295677e-02;8.452098e-02;1.502014e-01;3.941248e-02;6.994197e-02
5.522886e-02;1.209564e-01;1.885963e-01;4.174659e-02;4.999294e-02;9.612986e-02;7.447383e-02;4.989019e-02;8.820083e-02;1.382232e-01;3.329898e-02;6.326210e-02
5.298537e-02;1.025623e-01;1.608736e-01;8.915696e-02;6.504919e-02;1.554644e-01;7.587919e-02;5.697835e-02;5.585316e-02;9.345024e-02;4.043496e-02;5.131238e-02
6.509495e-02;9.115414e-02;1.881169e-01;1.345342e-01;5.304500e-02;1.089852e-01;7.526990e-02;4.477533e-02;2.740501e-02;9.186352e-02;8.530673e-02;3.444906e-02
7.556348e-02;7.806551e-02;2.601029e-01;1.048590e-01;3.868176e-02;4.477108e-02;1.215027e-01;3.461834e-02;1.863413e-02;1.296454e-01;7.989038e-02;1.366520e-02
5.452096e-02;8.084340e-02;3.177328e-01;4.378885e-02;3.074953e-02;2.428764e-02;1.331707e-01;3.014630e-02;3.420846e-02;1.729910e-01;4.262993e-02;3.493045e-02
2.500738e-02;1.162889e-01;3.040754e-01;1.459870e-02;2.263588e-02;3.463539e-02;8.266705e-02;4.804177e-02;6.279582e-02;1.822100e-01;2.916227e-02;7.788139e-02
1.213954e-02;1.300081e-01;2.336607e-01;1.895909e-02;1.517890e-02;3.686490e-02;6.573711e-02;6.944697e-02;9.193046e-02;1.742287e-01;2.266077e-02;1.291847e-01
1.710396e-02;1.152751e-01;1.804496e-01;2.049661e-02;1.745502e-02;6.495081e-02;8.439260e-02;9.328754e-02;1.148822e-01;1.308741e-01;2.757959e-02;1.332529e-01
3.001103e-02;1.104747e-01;1.762053e-01;3.013765e-02;2.569800e-02;8.944005e-02;9.891406e-02;1.118822e-01;1.026653e-01;8.547012e-02;4.392323e-02;9.517828e-02
5.294219e-02;1.889274e-01;2.325105e-01;3.591754e-02;4.476793e-02;7.597483e-02;9.137657e-02;9.571696e-02;6.236621e-02;6.114073e-02;3.576377e-02;2.259536e-02
3.273286e-02;2.188902e-01;3.330736e-01;3.425857e-02;2.870346e-02;5.257574e-02;7.091865e-02;5.319440e-02;4.250601e-02;7.941444e-02;1.884383e-02;3.488818e-02
2.845195e-02;2.412299e-01;3.745063e-01;2.168751e-02;1.733878e-02;3.861532e-02;5.249573e-02;3.291753e-02;3.594398e-02;7.900658e-02;3.080015e-02;4.700622e-02
2.660893e-02;2.038627e-01;4.021147e-01;4.740537e-02;1.575794e-02;6.017825e-02;6.355508e-02;2.937792e-02;4.300097e-02;4.387987e-02;2.592596e-02;3.833226e-02
1.209424e-02;1.302120e-01;4.280102e-01;7.631705e-02;2.176735e-02;5.289419e-02;8.900483e-02;2.591468e-02;5.080873e-02;7.067519e-02;2.130333e-02;2.099815e-02
1.874716e-02;1.069448e-01;4.379257e-01;6.515496e-02;2.064444e-02;4.501887e-02;9.444294e-02;4.245982e-02;5.414881e-02;7.274908e-02;1.558690e-02;2.617644e-02
2.017269e-02;1.101976e-01;4.395500e-01;4.371878e-02;1.664327e-02;5.143829e-02;7.623850e-02;3.428899e-02;6.662599e-02;9.135877e-02;1.735425e-02;3.241293e-02
1.486855e-02;7.198741e-02;4.514135e-01;4.743368e-02;1.831504e-02;5.795649e-02;7.566407e-02;2.334445e-02;7.806604e-02;1.136576e-01;2.122180e-02;2.607139e-02
1.357794e-02;8.606895e-02;4.266078e-01;5.601261e-02;2.316475e-02;5.509876e-02;9.276763e-02;3.497818e-02;7.459375e-02;1.036520e-01;1.324140e-02;2.023626e-02
2.019859e-02;1.181492e-01;3.944536e-01;6.571498e-02;1.554055e-02;5.228091e-02;9.113694e-02;2.844733e-02;6.227795e-02;1.073165e-01;2.084773e-02;2.363569e-02
1.746766e-02;1.250297e-01;4.361706e-01;5.720801e-02;1.856919e-02;4.287504e-02;9.644364e-02;2.148191e-02;3.673511e-02;1.074672e-01;1.987577e-02;2.067633e-02
1.509903e-02;1.624372e-01;4.640654e-01;6.031023e-02;2.525054e-02;2.866580e-02;9.978246e-02;2.917149e-02;1.738885e-02;6.749281e-02;9.158808e-03;2.117733e-02
2.129880e-02;2.132569e-01;4.425022e-01;5.214700e-02;2.123587e-02;3.009428e-02;8.789966e-02;2.747170e-02;2.856759e-02;3.358010e-02;1.699116e-02;2.495482e-02
2.346090e-02;2.553892e-01;4.104670e-01;3.511975e-02;2.959939e-02;4.236406e-02;5.777309e-02;2.994557e-02;2.905824e-02;5.229707e-02;1.509252e-02;1.943327e-02
1.697162e-02;2.819609e-01;3.927992e-01;2.485939e-02;2.594541e-02;5.588124e-02;3.593256e-02;4.864139e-02;3.150073e-02;6.593035e-02;9.837055e-03;9.740086e-03
5.580104e-02;2.467186e-01;3.219399e-01;4.342268e-02;2.058227e-02;2.850925e-02;4.704894e-02;9.418760e-02;5.199103e-02;5.252552e-02;1.267307e-02;2.460011e-02
6.835396e-02;1.499298e-01;2.138710e-01;4.702259e-02;2.600771e-02;4.204615e-02;1.290729e-01;1.024589e-01;6.129392e-02;7.433864e-02;1.737097e-02;6.823336e-02
3.465535e-02;7.201701e-02;1.630359e-01;4.111766e-02;3.871679e-02;1.386261e-01;1.768354e-01;7.130840e-02;5.409505e-02;6.443485e-02;5.642680e-02;8.873068e-02
3.276428e-02;9.317970e-02;1.660829e-01;5.434908e-02;8.491515e-02;1.563067e-01;1.289384e-01;6.365084e-02;5.582735e-02;7.312075e-02;4.422199e-02;4.664280e-02
6.539630e-02;9.222089e-02;1.559581e-01;1.033736e-01;1.116142e-01;9.212840e-02;1.045909e-01;5.634243e-02;8.691341e-02;7.545125e-02;3.650324e-02;1.950730e-02
8.757903e-02;8.523595e-02;1.241428e-01;1.497906e-01;7.560339e-02;5.894148e-02;8.501600e-02;7.012054e-02;1.238913e-01;5.117443e-02;4.672902e-02;4.177554e-02
5.296569e-02;7.927572e-02;1.138604e-01;1.092344e-01;3.955948e-02;1.000631e-01;5.350993e-02;1.428850e-01;1.045672e-01;6.432229e-02;2.885620e-02;1.109007e-01
5.185705e-02;4.438948e-02;1.448414e-01;4.070182e-02;4.501048e-02;1.088397e-01;3.897532e-02;2.160191e-01;7.839073e-02;7.730576e-02;1.592729e-02;1.377418e-01
9.960442e-02;5.332655e-02;1.333521e-01;4.133804e-02;9.393359e-02;7.054972e-02;7.192798e-02;1.857788e-01;5.435847e-02;6.310332e-02;5.334767e-02;7.937931e-02
1.114674e-01;8.384556e-02;9.096991e-02;4.520650e-02;1.583257e-01;5.312744e-02;1.239410e-01;1.074743e-01;4.913792e-02;3.783144e-02;1.042835e-01;3.438941e-02
7.119992e-02;1.077734e-01;5.933072e-02;2.786013e-02;1.884319e-01;5.265551e-02;1.656566e-01;7.698168e-02;6.577195e-02;2.729248e-02;1.455534e-01;1.149228e-02
3.494115e-02;1.258197e-01;4.956154e-02;2.021218e-02;1.694358e-01;4.478065e-02;1.909532e-01;8.610432e-02;8.522486e-02;2.627358e-02;1.578407e-01;8.852284e-03
3.091831e-02;1.403033e-01;5.466909e-02;1.699116e-02;1.156411e-01;4.477780e-02;2.215820e-01;8.646902e-02;1.038726e-01;2.693937e-02;1.401338e-01;1.770245e-02
1.474525e-02;1.612470e-01;5.141338e-02;4.137891e-02;5.565128e-02;6.161623e-02;2.283519e-01;8.429791e-02;1.253222e-01;2.940124e-02;1.140416e-01;3.253312e-02
2.869582e-02;1.695364e-01;4.265853e-02;8.312158e-02;4.140231e-02;6.263708e-02;1.950826e-01;9.119803e-02;1.296654e-01;2.225354e-02;9.319135e-02;4.055735e-02
2.504353e-02;1.687029e-01;6.213541e-02;8.455362e-02;4.637228e-02;3.815855e-02;1.852422e-01;8.916248e-02;1.345589e-01;2.006733e-02;1.015167e-01;4.448622e-02
4.080796e-02;1.545411e-01;5.692487e-02;4.907382e-02;4.869585e-02;4.391318e-02;1.961361e-01;9.386007e-02;1.292120e-01;3.472467e-02;1.297742e-01;2.233622e-02
5.250064e-02;1.525721e-01;4.039832e-02;1.943271e-02;4.571727e-02;5.957649e-02;2.213078e-01;9.181178e-02;1.215254e-01;5.021279e-02;1.286108e-01;1.633391e-02
4.836124e-02;1.284746e-01;5.506178e-02;2.404355e-02;3.783438e-02;1.191329e-01;2.173783e-01;9.364509e-02;1.002543e-01;5.748419e-02;1.003088e-01;1.802082e-02
3.590438e-02;9.489431e-02;4.767133e-02;4.543879e-02;6.427204e-02;1.837275e-01;1.975501e-01;8.943363e-02;7.543574e-02;4.969655e-02;8.625564e-02;2.972001e-02
2.687181e-02;1.024004e-01;7.688569e-02;6.903248e-02;7.692154e-02;1.741672e-01;1.691491e-01;9.510623e-02;7.145508e-02;3.324430e-02;6.489549e-02;3.987077e-02
4.083437e-02;1.275181e-01;1.202201e-01;7.925417e-02;5.038738e-02;9.021543e-02;1.066416e-01;2.114875e-01;9.042203e-02;2.158313e-02;3.393792e-02;2.749836e-02
3.080086e-02;1.693339e-01;1.366285e-01;5.765904e-02;3.040581e-02;9.830140e-02;7.216799e-02;2.426367e-01;9.303960e-02;2.993657e-02;2.104328e-02;1.804628e-02
2.817716e-02;1.631655e-01;1.256353e-01;3.253179e-02;1.505891e-02;1.044306e-01;1.317862e-01;2.244929e-01;7.015927e-02;5.446962e-02;3.317856e-02;1.691415e-02
3.473367e-02;1.306698e-01;1.430146e-01;5.430903e-02;3.780332e-02;9.022012e-02;1.543263e-01;1.652855e-01;4.615036e-02;6.402930e-02;5.589272e-02;2.356532e-02
3.327135e-02;1.552823e-01;1.869753e-01;6.994099e-02;6.270115e-02;7.296930e-02;1.279302e-01;1.342554e-01;6.172329e-02;3.639446e-02;3.787803e-02;2.067818e-02
3.456010e-02;1.894829e-01;2.026821e-01;6.456080e-02;5.909410e-02;7.391989e-02;1.119796e-01;1.350496e-01;4.816357e-02;2.453011e-02;4.210111e-02;1.387620e-02
3.548321e-02;2.185611e-01;1.669655e-01;4.258083e-02;5.061105e-02;8.622767e-02;9.065014e-02;1.546269e-01;4.100583e-02;3.461284e-02;5.581950e-02;2.285544e-02
2.714398e-02;2.148338e-01;1.056986e-01;1.566024e-02;4.591970e-02;8.512636e-02;1.527869e-01;1.810173e-01;5.765873e-02;3.588828e-02;5.716126e-02;2.110482e-02
2.231408e-02;1.899709e-01;8.869398e-02;2.356011e-02;3.601637e-02;9.898245e-02;2.261961e-01;1.658708e-01;5.617027e-02;2.760641e-02;5.013226e-02;1.448628e-02
