5.760711e-02;1.334793e-01;1.080698e-01;7.290573e-02;6.973390e-02;1.179348e-01;7.593121e-02;6.327052e-02;9.143661e-02;7.684474e-02;9.174893e-02;4.103737e-02
5.684119e-02;2.104415e-01;8.464142e-02;4.822443e-02;6.399722e-02;1.280651e-01;5.113971e-02;5.059993e-02;1.415985e-01;6.741580e-02;6.876031e-02;2.827484e-02
4.483207e-02;2.996452e-01;6.278789e-02;3.400688e-02;4.230971e-02;1.368272e-01;2.755261e-02;3.685063e-02;1.916873e-01;4.640478e-02;2.820087e-02;4.889486e-02
3.944125e-02;3.099751e-01;9.357835e-02;1.734110e-02;2.475655e-02;1.417589e-01;2.373341e-02;3.367412e-02;2.177358e-01;4.127553e-02;2.118366e-02;3.554621e-02
5.306205e-02;2.438972e-01;1.485196e-01;2.210076e-02;3.069934e-02;1.137013e-01;3.678492e-02;3.376914e-02;1.826574e-01;8.762564e-02;2.548968e-02;2.169295e-02
4.717845e-02;1.761834e-01;2.396630e-01;2.713181e-02;2.070991e-02;6.387433e-02;7.812752e-02;2.594826e-02;1.095291e-01;1.577630e-01;3.440467e-02;1.948651e-02
4.009524e-02;1.278409e-01;3.401752e-01;3.305065e-02;1.516880e-02;3.926728e-02;1.099477e-01;2.255778e-02;3.746735e-02;1.971133e-01;1.934803e-02;1.796790e-02
2.752832e-02;1.558075e-01;3.632451e-01;3.193122e-02;2.099396e-02;4.208177e-02;8.710695e-02;1.993198e-02;2.766736e-02;1.674964e-01;4.037851e-02;1.583092e-02
2.330626e-02;2.279736e-01;3.136915e-01;3.295005e-02;2.189968e-02;4.433582e-02;5.847372e-02;3.278872e-02;6.458035e-02;1.196024e-01;3.549048e-02;2.490740e-02
2.650808e-02;2.549629e-01;3.112991e-01;2.816581e-02;2.785414e-02;6.141073e-02;4.716394e-02;3.153329e-02;8.075508e-02;8.763786e-02;1.923473e-02;2.347436e-02
2.773889e-02;2.342686e-01;3.204097e-01;3.252661e-02;3.185248e-02;8.170931e-02;4.111353e-02;2.326729e-02;7.386634e-02;9.573191e-02;1.602681e-02;2.148845e-02
3.767411e-02;2.362027e-01;3.035144e-01;3.336991e-02;3.169521e-02;6.174110e-02;4.039776e-02;2.586303e-02;8.876543e-02;8.947921e-02;2.387936e-02;2.741776e-02
4.238437e-02;2.131764e-01;3.055856e-01;3.165642e-02;3.249772e-02;5.907351e-02;5.476516e-02;3.433283e-02;8.575261e-02;9.099679e-02;2.201931e-02;2.775932e-02
4.059570e-02;1.645707e-01;3.252974e-01;3.116698e-02;3.968081e-02;9.909166e-02;6.001733e-02;3.476520e-02;6.579850e-02;8.632713e-02;2.679965e-02;2.588891e-02
2.981576e-02;1.816340e-01;3.206033e-01;3.799063e-02;4.226983e-02;1.187354e-01;5.672280e-02;3.410918e-02;4.841763e-02;6.830212e-02;3.566081e-02;2.573851e-02
5.035776e-02;2.059032e-01;2.528154e-01;5.053084e-02;3.515452e-02;9.628111e-02;5.844131e-02;4.283847e-02;4.855618e-02;7.221038e-02;6.048713e-02;2.642376e-02
7.203452e-02;2.032594e-01;2.615632e-01;4.795623e-02;3.539960e-02;5.833813e-02;7.885657e-02;6.346855e-02;5.261780e-02;4.899842e-02;6.323126e-02;1.427626e-02
7.129803e-02;1.468018e-01;3.302986e-01;3.869012e-02;2.737623e-02;5.538771e-02;8.895466e-02;7.143555e-02;6.392708e-02;4.555135e-02;3.678479e-02;2.349406e-02
4.481229e-02;1.707467e-01;3.565478e-01;3.081002e-02;1.744970e-02;3.322120e-02;7.047632e-02;5.151701e-02;6.152930e-02;9.726699e-02;3.562108e-02;3.000157e-02
2.992208e-02;1.550734e-01;2.280542e-01;2.999365e-02;2.870025e-02;1.381202e-01;8.716572e-02;8.682001e-02;5.879125e-02;9.715740e-02;3.426905e-02;2.593279e-02
3.146442e-02;8.219381e-02;1.011205e-01;1.718922e-02;3.796362e-02;2.100371e-01;1.869389e-01;1.864320e-01;5.557535e-02;4.189877e-02;2.774652e-02;2.143991e-02
2.162154e-02;6.703474e-02;5.898722e-02;1.095006e-02;3.040174e-02;1.940247e-01;2.447492e-01;2.823836e-01;4.163632e-02;1.018655e-02;2.335037e-02;1.467399e-02
9.959023e-03;4.339336e-02;9.263112e-02;9.531558e-03;1.990713e-02;1.051495e-01;2.218987e-01;4.145348e-01;5.086553e-02;9.251263e-03;1.602148e-02;6.856518e-03
5.183699e-03;2.292528e-02;1.485310e-01;1.388912e-02;1.547754e-02;6.167916e-02;9.533584e-02;5.437250e-01;5.682684e-02;1.532939e-02;8.113123e-03;1.298407e-02
5.039982e-03;2.335108e-02;1.627406e-01;1.525795e-02;1.192875e-02;4.745427e-02;6.999487e-02;5.897580e-01;4.267501e-02;1.166500e-02;8.001377e-03;1.213306e-02
7.046372e-03;3.362585e-02;1.254532e-01;7.154363e-03;1.615882e-02;4.467534e-02;1.597200e-01;5.460941e-01;3.748463e-02;6.053057e-03;9.860370e-03;6.673881e-03
4.527812e-03;5.298700e-02;6.455762e-02;8.563744e-03;1.926488e-02;5.062368e-02;3.112404e-01;4.248680e-01;3.656951e-02;6.463251e-03;1.823245e-02;2.101572e-03
5.077944e-03;7.120177e-02;2.082394e-02;9.092228e-03;1.086671e-02;8.814044e-02;4.851333e-01;2.421713e-01;2.625336e-02;6.557982e-03;2.816400e-02;6.517060e-03
2.434721e-02;5.370552e-02;3.450032e-02;7.512761e-03;7.386133e-03;1.931909e-01;4.893012e-01;1.081164e-01;2.333804e-02;2.594091e-02;2.218238e-02;1.047823e-02
5.245669e-02;2.684448e-02;2.908663e-02;6.817899e-03;2.255639e-02;3.291061e-01;3.457120e-01;6.374941e-02;2.582848e-02;6.253268e-02;1.348559e-02;2.182363e-02
6.475495e-02;8.131901e-03;3.341281e-02;8.899752e-03;7.189257e-02;3.761466e-01;1.793823e-01;5.207307e-02;4.110369e-02;9.333503e-02;7.223685e-03;6.364361e-02
5.023484e-02;9.271530e-03;3.297731e-02;2.702712e-02;1.513887e-01;2.556395e-01;7.126233e-02;5.388623e-02;7.801925e-02;7.873072e-02;1.483021e-02;1.767324e-01
2.399942e-02;1.353606e-02;3.588856e-02;6.678418e-02;1.965408e-01;1.510984e-01;4.459231e-02;4.779398e-02;8.221979e-02;2.885524e-02;3.415335e-02;2.745379e-01
2.791846e-02;2.834853e-02;6.095091e-02;1.317055e-01;1.680454e-01;1.040243e-01;6.416243e-02;4.325790e-02;4.330575e-02;1.231254e-02;9.615687e-02;2.198114e-01
3.505363e-02;3.303871e-02;9.806380e-02;1.857977e-01;1.296101e-01;1.065850e-01;5.805119e-02;4.834858e-02;1.828920e-02;1.791808e-02;1.651522e-01;1.040918e-01
2.779651e-02;3.945243e-02;1.623597e-01;1.979103e-01;5.872698e-02;1.322704e-01;5.134418e-02;4.501075e-02;2.099418e-02;2.149868e-02;1.927320e-01;4.990394e-02
5.300912e-02;6.471878e-02;2.677553e-01;1.537280e-01;4.818576e-02;1.113595e-01;3.264652e-02;4.361432e-02;2.028946e-02;3.996155e-02;1.370373e-01;2.769445e-02
6.086405e-02;9.948014e-02;3.321753e-01;1.399359e-01;5.532018e-02;7.267910e-02;2.531972e-02;4.755054e-02;2.426283e-02;4.657805e-02;7.710280e-02;1.873134e-02
3.272980e-02;8.739872e-02;3.004678e-01;1.923481e-01;7.082754e-02;6.470022e-02;3.926772e-02;6.485996e-02;2.574788e-02;3.165976e-02;6.313980e-02;2.685264e-02
1.815063e-02;8.402869e-02;2.376582e-01;1.933308e-01;4.844143e-02;1.037135e-01;1.040521e-01;8.823622e-02;3.103220e-02;2.208273e-02;4.461631e-02;2.465719e-02
1.942503e-02;9.175441e-02;2.164927e-01;1.319905e-01;7.017280e-02;1.479675e-01;1.431313e-01;6.740907e-02;2.479769e-02;2.191935e-02;3.829527e-02;2.664429e-02
2.152239e-02;1.178919e-01;2.221605e-01;6.893569e-02;7.194182e-02;1.599566e-01;1.258319e-01;5.886068e-02;1.691882e-02;2.426448e-02;5.869964e-02;5.301550e-02
1.828996e-02;1.240112e-01;1.821002e-01;6.298876e-02;6.551733e-02;1.449221e-01;9.872181e-02;8.459319e-02;2.203949e-02;2.704206e-02;8.133662e-02;8.843734e-02
2.712301e-02;9.501080e-02;1.049567e-01;9.249127e-02;1.012160e-01;1.411039e-01;1.035751e-01;1.093715e-01;4.938900e-02;2.467777e-02;8.043469e-02;7.065030e-02
3.975976e-02;1.014351e-01;1.389231e-01;8.778494e-02;4.010629e-02;1.513339e-01;1.186970e-01;1.348843e-01;7.005244e-02;3.372969e-02;4.746509e-02;3.582833e-02
3.864706e-02;8.271640e-02;1.570845e-01;5.518633e-02;3.931838e-02;1.764691e-01;9.306119e-02;1.652338e-01;7.906177e-02;3.693281e-02;2.481410e-02;5.147454e-02
3.989989e-02;7.883439e-02;1.114800e-01;6.159175e-02;6.235931e-02;1.560389e-01;1.015008e-01;1.690374e-01;9.242982e-02;4.166254e-02;4.091684e-02;4.424833e-02
3.883183e-02;1.002150e-01;1.280457e-01;7.234402e-02;5.492009e-02;1.349655e-01;1.049659e-01;1.441700e-01;8.752854e-02;5.228743e-02;3.947345e-02;4.225256e-02
3.966083e-02;1.097666e-01;1.456029e-01;9.353755e-02;3.218101e-02;1.278879e-01;9.796387e-02;1.253561e-01;8.695026e-02;5.794314e-02;3.564988e-02;4.750002e-02
3.221114e-02;7.677417e-02;1.397626e-01;1.356408e-01;7.343949e-02;1.799447e-01;5.354337e-02;7.801797e-02;9.091391e-02;5.289200e-02;4.826777e-02;3.859207e-02
2.038960e-02;8.539439e-02;2.003310e-01;1.192866e-01;6.290793e-02;1.671518e-01;6.250930e-02;1.400072e-01;5.417610e-02;2.065777e-02;4.358927e-02;2.359901e-02
1.461512e-02;8.250760e-02;2.056952e-01;8.649730e-02;8.137380e-02;1.847381e-01;8.785503e-02;1.443100e-01;3.136327e-02;1.519023e-02;3.627124e-02;2.958309e-02
2.586788e-02;1.194323e-01;1.602938e-01;6.573749e-02;7.170950e-02;1.929113e-01;5.808573e-02;1.596866e-01;4.667230e-02;2.635847e-02;3.486845e-02;3.837632e-02
1.936266e-02;1.313825e-01;1.408974e-01;1.000087e-01;1.731608e-02;1.723971e-01;6.275620e-02;1.638295e-01;6.785828e-02;3.180885e-02;5.543351e-02;3.694916e-02
1.813324e-02;1.141482e-01;1.921863e-01;1.191911e-01;6.448554e-02;1.316895e-01;6.763276e-02;1.470023e-01;3.315048e-02;2.575917e-02;6.470249e-02;2.191887e-02
2.800491e-02;1.112700e-01;1.492486e-01;1.128238e-01;9.043851e-02;9.124315e-02;1.159473e-01;1.573432e-01;3.412338e-02;3.196298e-02;5.688391e-02;2.071037e-02
2.492473e-02;9.891561e-02;1.506652e-01;9.939837e-02;8.870056e-02;1.074959e-01;1.289306e-01;1.363415e-01;5.096319e-02;2.842718e-02;6.054335e-02;2.469386e-02
9.852141e-03;7.484144e-02;1.648284e-01;1.415947e-01;1.095503e-01;1.538430e-01;8.416314e-02;9.855258e-02;4.757597e-02;2.433528e-02;6.788746e-02;2.297556e-02
2.408286e-02;8.825286e-02;1.859331e-01;1.368456e-01;8.918956e-02;1.270605e-01;1.159037e-01;7.348961e-02;3.429948e-02;2.559331e-02;6.500361e-02;3.434579e-02
6.195861e-02;9.071532e-02;1.668576e-01;7.895443e-02;5.292795e-02;1.504613e-01;1.369350e-01;8.820827e-02;3.781016e-02;4.730145e-02;4.047147e-02;4.739844e-02
1.159129e-01;5.537511e-02;8.522686e-02;2.310324e-02;5.496866e-02;2.582354e-01;1.290188e-01;9.894620e-02;4.561617e-02;5.282032e-02;3.669006e-02;4.408631e-02
1.782334e-01;5.239182e-02;5.280471e-02;1.951464e-02;4.421408e-02;3.326861e-01;1.117181e-01;7.539915e-02;3.610044e-02;3.784326e-02;2.782285e-02;3.127149e-02
2.201201e-01;4.021941e-02;3.055031e-02;1.444876e-02;5.028509e-02;3.330778e-01;6.477685e-02;4.430350e-02;3.748615e-02;3.733688e-02;2.950704e-02;9.788810e-02
1.853726e-01;3.113948e-02;2.642981e-02;8.078748e-03;6.495696e-02;2.499375e-01;2.795963e-02;3.638333e-02;6.980067e-02;4.351387e-02;3.946226e-02;2.169652e-01
1.043361e-01;2.842273e-02;2.798918e-02;1.224479e-02;1.013328e-01;1.949968e-01;1.968441e-02;3.492959e-02;1.012260e-01;2.431886e-02;4.219732e-02;3.083214e-01
5.682496e-02;2.756262e-02;4.184924e-02;3.966887e-02;1.366191e-01;1.692851e-01;1.113227e-02;3.913042e-02;1.158438e-01;1.769467e-02;5.033715e-02;2.940518e-01
5.864939e-02;4.724540e-02;7.547807e-02;7.286522e-02;1.289752e-01;1.668135e-01;3.554962e-02;5.824379e-02;1.038561e-01;2.084110e-02;4.905440e-02;1.824282e-01
7.011217e-02;9.279528e-02;1.239798e-01;7.979511e-02;1.140625e-01;2.236007e-01;3.072190e-02;7.513902e-02;6.712570e-02;1.187266e-02;3.292397e-02;7.787126e-02
8.000796e-02;9.965261e-02;1.776360e-01;3.454050e-02;7.572609e-02;2.342625e-01;1.490240e-02;6.470951e-02;3.776658e-02;1.175760e-02;2.153446e-02;1.475039e-01
1.186145e-01;7.881982e-02;2.078159e-01;6.671897e-02;4.882606e-02;1.857751e-01;1.315874e-02;5.424496e-02;4.234241e-02;8.798209e-03;1.743345e-02;1.574519e-01
1.272887e-01;4.850698e-02;1.795571e-01;7.920527e-02;1.092680e-01;1.735064e-01;5.438251e-02;7.049217e-02;4.825155e-02;1.027158e-02;2.132886e-02;7.794093e-02
1.166358e-01;6.568897e-02;1.826115e-01;3.898773e-02;1.684194e-01;7.228437e-02;9.534096e-02;1.146659e-01;6.828704e-02;1.027484e-02;6.262224e-03;6.054125e-02
9.392872e-02;6.061177e-02;1.454136e-01;8.642399e-02;1.316968e-01;1.576000e-01;7.190682e-02;8.717673e-02;5.969892e-02;1.294415e-02;2.356650e-02;6.903192e-02
9.980889e-02;3.854625e-02;1.208208e-01;4.862500e-02;5.245749e-02;2.619709e-01;1.104869e-01;9.242518e-02;7.577895e-02;2.242066e-02;4.142299e-02;3.523605e-02
9.698177e-02;2.154347e-02;6.979996e-02;2.377266e-02;8.013650e-02;2.906945e-01;8.990508e-02;1.019993e-01;7.047535e-02;3.263692e-02;4.650885e-02;7.554568e-02
1.132378e-01;2.502765e-02;4.544397e-02;3.011758e-02;8.588719e-02;3.027872e-01;4.234037e-02;8.664574e-02;4.744246e-02;4.703153e-02;5.012508e-02;1.239135e-01
9.137814e-02;3.891869e-02;3.524827e-02;3.076765e-02;1.085387e-01;2.448048e-01;3.401371e-02;4.793402e-02;4.202249e-02;3.644463e-02;2.138618e-02;2.685427e-01
4.879513e-02;4.921466e-02;4.343172e-02;7.358444e-02;1.113773e-01;1.123649e-01;4.423926e-02;4.182519e-02;4.396040e-02;2.459509e-02;1.189438e-01;2.876681e-01
7.247656e-02;5.931555e-02;4.883246e-02;1.005422e-01;7.314093e-02;5.585063e-02;2.918445e-02;5.983642e-02;2.926316e-02;5.671892e-02;2.832777e-01;1.315609e-01
9.191980e-02;6.413018e-02;9.786218e-02;8.382639e-02;3.547125e-02;4.114452e-02;2.646652e-02;5.043361e-02;3.155929e-02;1.320066e-01;3.042887e-01;4.089097e-02
9.538169e-02;1.010300e-01;1.652942e-01;4.624477e-02;1.857013e-02;3.859266e-02;3.884786e-02;4.216200e-02;3.724558e-02;1.864730e-01;1.716236e-01;5.853455e-02
6.460741e-02;2.024926e-01;2.001875e-01;2.386244e-02;3.317617e-02;3.790985e-02;4.646648e-02;3.698623e-02;7.237556e-02;1.208747e-01;6.693089e-02;9.413021e-02
6.018134e-02;2.512912e-01;1.789154e-01;1.747537e-02;3.937315e-02;7.206225e-02;4.452901e-02;7.471348e-02;1.215713e-01;1.792214e-02;4.779577e-02;7.416956e-02
8.216819e-02;1.844031e-01;1.375970e-01;1.888073e-02;4.578017e-02;7.231887e-02;5.256646e-02;1.790496e-01;1.122212e-01;3.088504e-02;5.439610e-02;2.973360e-02
1.364579e-01;8.966117e-02;8.604760e-02;2.242942e-02;4.877237e-02;5.974907e-02;5.351708e-02;3.145506e-01;7.416955e-02;2.622986e-02;6.119168e-02;2.722361e-02
1.615788e-01;5.710520e-02;8.022840e-02;2.143314e-02;5.029455e-02;7.027372e-02;6.492250e-02;3.589903e-01;4.550695e-02;1.785151e-02;4.894546e-02;2.286945e-02
1.604071e-01;6.274243e-02;1.119191e-01;2.065622e-02;5.466148e-02;6.526314e-02;7.048138e-02;3.361861e-01;2.930189e-02;1.676473e-02;5.432556e-02;1.729085e-02
1.435280e-01;1.085540e-01;1.355203e-01;1.171372e-02;4.821239e-02;5.708528e-02;5.342774e-02;2.679793e-01;2.404049e-02;2.466205e-02;8.657852e-02;3.869829e-02
1.005541e-01;1.509294e-01;1.723455e-01;1.972828e-02;3.727638e-02;7.177433e-02;3.583192e-02;2.096932e-01;5.050855e-02;3.273443e-02;6.948067e-02;4.914325e-02
7.285410e-02;2.162931e-01;2.084756e-01;2.949082e-02;2.565045e-02;9.985769e-02;4.038595e-02;1.682622e-01;5.350819e-02;2.650388e-02;2.485481e-02;3.386323e-02
7.505526e-02;1.985692e-01;1.866202e-01;4.089852e-02;4.101136e-02;8.779239e-02;1.911845e-02;1.887956e-01;6.110283e-02;1.818638e-02;1.802870e-02;6.482103e-02
7.152073e-02;1.049100e-01;1.260197e-01;3.557768e-02;6.124791e-02;1.133348e-01;1.613953e-02;2.804887e-01;5.492692e-02;2.330499e-02;5.563283e-02;5.689633e-02
6.311906e-02;1.264762e-01;1.328093e-01;3.552982e-02;3.841722e-02;1.205041e-01;2.709982e-02;2.728362e-01;9.776913e-02;2.272169e-02;4.363454e-02;1.908297e-02
7.480243e-02;1.758148e-01;1.342858e-01;4.255532e-02;3.772215e-02;7.679639e-02;4.762015e-02;2.019413e-01;1.038387e-01;3.216984e-02;4.184277e-02;3.061034e-02
8.022487e-02;1.959143e-01;1.567828e-01;4.314632e-02;4.378415e-02;7.065810e-02;5.289052e-02;1.376330e-01;7.808438e-02;3.796567e-02;6.596749e-02;3.694843e-02
6.237515e-02;1.414748e-01;1.782933e-01;3.333243e-02;3.871471e-02;1.750894e-01;4.438565e-02;1.155023e-01;4.708096e-02;4.839453e-02;7.734321e-02;3.801349e-02
3.339806e-02;1.537182e-01;1.128518e-01;3.254350e-02;4.037340e-02;2.502258e-01;3.781057e-02;1.301781e-01;6.287922e-02;2.922729e-02;5.192323e-02;6.487083e-02
1.910985e-02;1.569961e-01;1.099964e-01;4.286253e-02;5.817913e-02;2.541871e-01;1.143542e-02;1.171057e-01;3.967926e-02;2.470653e-02;7.594837e-02;8.979358e-02
3.811875e-02;1.541186e-01;4.411699e-02;5.133623e-02;5.048672e-02;2.003418e-01;4.099698e-02;1.530325e-01;3.530397e-02;2.126103e-02;1.146184e-01;9.626810e-02
6.952615e-02;1.152832e-01;1.267393e-01;7.230087e-02;6.520243e-02;1.538095e-01;4.163435e-02;1.618461e-01;3.150448e-02;2.567185e-02;6.892879e-02;6.755291e-02
7.723490e-02;1.356055e-01;9.787520e-02;7.346175e-02;4.674347e-02;1.542566e-01;2.411311e-02;1.898376e-01;5.362019e-02;3.790989e-02;4.806618e-02;6.127561e-02
6.185009e-02;1.203198e-01;4.693602e-02;5.578905e-02;4.837602e-02;1.252023e-01;5.291495e-02;1.996093e-01;8.704119e-02;6.667270e-02;5.616413e-02;7.912455e-02
4.373020e-02;1.048345e-01;6.554095e-02;5.981054e-02;6.743064e-02;1.243224e-01;6.811936e-02;1.658316e-01;9.967425e-02;6.282149e-02;7.367511e-02;6.420892e-02
3.020155e-02;1.098558e-01;9.885900e-02;6.852373e-02;7.624011e-02;1.616903e-01;6.919881e-02;1.142907e-01;8.910177e-02;6.414232e-02;7.445903e-02;4.343689e-02
2.526177e-02;9.962669e-02;1.318012e-01;5.023767e-02;7.568342e-02;2.196888e-01;6.764591e-02;1.028169e-01;6.677505e-02;5.314966e-02;7.097649e-02;3.633643e-02
2.427684e-02;5.025706e-02;1.492982e-01;5.584199e-02;7.411043e-02;2.250731e-01;6.203112e-02;1.434346e-01;5.429098e-02;6.227984e-02;6.622684e-02;3.287894e-02
3.379920e-02;7.297045e-02;2.239150e-01;8.345155e-02;5.200185e-02;1.266845e-01;4.555997e-02;1.472772e-01;6.310251e-02;8.061391e-02;4.985236e-02;2.077164e-02
4.462940e-02;9.471878e-02;3.144304e-01;7.403263e-02;2.421581e-02;1.284190e-01;4.731093e-02;1.038270e-01;6.175419e-02;4.862683e-02;4.329902e-02;1.473606e-02
3.194972e-02;1.108122e-01;3.235666e-01;3.266938e-02;3.842331e-02;9.809298e-02;9.226425e-02;7.246107e-02;4.256788e-02;8.536535e-02;3.725404e-02;3.457326e-02
2.685612e-02;1.209650e-01;3.345941e-01;3.359890e-02;5.284774e-02;8.367316e-02;7.844664e-02;5.301318e-02;3.378785e-02;1.142735e-01;1.959343e-02;4.835035e-02
3.509597e-02;1.648812e-01;3.797738e-01;2.723628e-02;4.376093e-02;6.341532e-02;4.470673e-02;5.008282e-02;1.949814e-02;1.073607e-01;2.577308e-02;3.841503e-02
3.385459e-02;1.866466e-01;3.987275e-01;1.597678e-02;3.229155e-02;5.563689e-02;2.887463e-02;5.045833e-02;2.012058e-02;1.248357e-01;2.805782e-02;2.451905e-02
3.128872e-02;1.972943e-01;4.160072e-01;2.165827e-02;2.085433e-02;4.832821e-02;3.493802e-02;4.817364e-02;2.974151e-02;1.220143e-01;1.966299e-02;1.003854e-02
2.939165e-02;2.288473e-01;4.292591e-01;3.756112e-02;1.264129e-02;4.982687e-02;4.465161e-02;3.601519e-02;1.989470e-02;7.487983e-02;1.496183e-02;2.206958e-02
2.545819e-02;2.478560e-01;4.208603e-01;3.422162e-02;2.110650e-02;7.443081e-02;3.925044e-02;4.018254e-02;1.544593e-02;3.899890e-02;1.768754e-02;2.450127e-02
2.961883e-02;2.662674e-01;4.431313e-01;2.266801e-02;1.279177e-02;8.742943e-02;2.637772e-02;3.489798e-02;1.418357e-02;2.619526e-02;1.333898e-02;2.309979e-02
2.946176e-02;2.915762e-01;4.676823e-01;1.767576e-02;1.202618e-02;4.863172e-02;2.021877e-02;3.537625e-02;1.712635e-02;2.257773e-02;2.303347e-02;1.461351e-02
3.223358e-02;3.045956e-01;4.862950e-01;1.419316e-02;8.238004e-03;3.947182e-02;1.708887e-02;3.216897e-02;1.164279e-02;2.070016e-02;2.122365e-02;1.214840e-02
3.240306e-02;2.959897e-01;4.905718e-01;1.896301e-02;8.297461e-03;4.638018e-02;1.136754e-02;2.983454e-02;1.297542e-02;3.064531e-02;1.156512e-02;1.100689e-02
3.227383e-02;2.909907e-01;4.726978e-01;1.669674e-02;9.111322e-03;5.724565e-02;4.938150e-03;3.316592e-02;1.878263e-02;3.589677e-02;1.341512e-02;1.478548e-02
3.069538e-02;3.008330e-01;4.771348e-01;1.305700e-02;9.718058e-03;4.402232e-02;8.161077e-03;3.754303e-02;1.666363e-02;3.620957e-02;1.120990e-02;1.475220e-02
2.701775e-02;2.778884e-01;4.869576e-01;2.098487e-02;1.029705e-02;3.071962e-02;2.740009e-02;2.752144e-02;2.645697e-02;4.022735e-02;1.276658e-02;1.176228e-02
3.023941e-02;2.358439e-01;4.487562e-01;3.832823e-02;1.515179e-02;6.292234e-02;3.395700e-02;3.073871e-02;3.574673e-02;4.013279e-02;1.579086e-02;1.239214e-02
3.024427e-02;2.006585e-01;4.124646e-01;5.925751e-02;1.451170e-02;7.775151e-02;2.483693e-02;3.868615e-02;4.423121e-02;4.809630e-02;3.706470e-02;1.219661e-02
2.696619e-02;1.988280e-01;3.450838e-01;8.975345e-02;1.889714e-02;4.066384e-02;1.542709e-02;6.704477e-02;3.529105e-02;5.633107e-02;8.572695e-02;1.998662e-02
2.886152e-02;1.778715e-01;1.961738e-01;1.239297e-01;4.514943e-02;6.121183e-02;1.914904e-02;1.451138e-01;3.064580e-02;4.589310e-02;1.090355e-01;1.696513e-02
2.482256e-02;1.458549e-01;2.718151e-01;1.115348e-01;6.499673e-02;1.121168e-01;2.130323e-02;1.185528e-01;2.137892e-02;3.657365e-02;6.217108e-02;8.879420e-03
1.759932e-02;1.328128e-01;2.937530e-01;9.842325e-02;9.364480e-02;1.670723e-01;1.669139e-02;6.208285e-02;1.474570e-02;4.814178e-02;3.255404e-02;2.247881e-02
1.233787e-02;1.205058e-01;2.209317e-01;9.625231e-02;1.517133e-01;2.061427e-01;9.314002e-03;3.536177e-02;1.739085e-02;5.834160e-02;3.774799e-02;3.396002e-02
7.339251e-03;8.682777e-02;9.662732e-02;8.997830e-02;2.341650e-01;2.899334e-01;1.977509e-02;2.091369e-02;1.773316e-02;8.356930e-02;1.742950e-02;3.570826e-02
1.201692e-02;6.516445e-02;1.221229e-01;1.097692e-01;2.154663e-01;2.809694e-01;1.934378e-02;2.677933e-02;9.929389e-03;5.387079e-02;5.685974e-02;2.770787e-02
1.237752e-02;4.814934e-02;1.127393e-01;1.738352e-01;1.766370e-01;2.271724e-01;2.692089e-02;2.756241e-02;1.200645e-02;2.498302e-02;1.281545e-01;2.946203e-02
1.290348e-02;4.057885e-02;9.544290e-02;2.278802e-01;1.154936e-01;1.716352e-01;2.252231e-02;3.352741e-02;1.338076e-02;1.408687e-02;2.271749e-01;2.537354e-02
1.828204e-02;3.338966e-02;8.074789e-02;2.473682e-01;4.967548e-02;1.328349e-01;1.640025e-02;3.366661e-02;1.265780e-02;2.455871e-02;3.163524e-01;3.406608e-02
4.503138e-02;4.905012e-02;1.066120e-01;2.496278e-01;2.063614e-02;8.316215e-02;1.195221e-02;2.551913e-02;1.338921e-02;3.389897e-02;3.391348e-01;2.198615e-02
1.540014e-01;4.946816e-02;1.376700e-01;2.041943e-01;1.954281e-02;4.622676e-02;3.140415e-02;2.601030e-02;1.183021e-02;5.121432e-02;2.369648e-01;3.147290e-02
2.867807e-01;5.308041e-02;1.527881e-01;1.228072e-01;3.089049e-02;3.495256e-02;6.564710e-02;1.300117e-02;1.146919e-02;7.873999e-02;1.202805e-01;2.956253e-02
3.543535e-01;4.966438e-02;1.561090e-01;3.466764e-02;3.130523e-02;2.973451e-02;9.281292e-02;1.665127e-02;1.303707e-02;1.073402e-01;7.915193e-02;3.517221e-02
3.366188e-01;3.674337e-02;1.711119e-01;3.377029e-02;2.781053e-02;2.306702e-02;1.009013e-01;1.199615e-02;1.160454e-02;1.396616e-01;6.073990e-02;4.597461e-02
3.056342e-01;2.915176e-02;2.069998e-01;3.553115e-02;2.063569e-02;2.038623e-02;1.002361e-01;1.559435e-02;8.734860e-03;1.823969e-01;4.518108e-02;2.951773e-02
2.417462e-01;2.930475e-02;2.368255e-01;2.221624e-02;3.881121e-02;2.233857e-02;8.696283e-02;1.613305e-02;1.004761e-02;2.368401e-01;3.819364e-02;2.058042e-02
1.352572e-01;5.107283e-02;2.417351e-01;3.633601e-02;7.099160e-02;2.147230e-02;6.979354e-02;8.768180e-03;1.714842e-02;2.773269e-01;4.607511e-02;2.402272e-02
6.242314e-02;6.237398e-02;2.642601e-01;3.035754e-02;8.389754e-02;3.025454e-02;5.792371e-02;1.110686e-02;4.915445e-02;3.071390e-01;2.002039e-02;2.108881e-02
2.907232e-02;7.152408e-02;2.845204e-01;3.084921e-02;6.805902e-02;2.850004e-02;4.839974e-02;2.476552e-02;1.031423e-01;2.838980e-01;1.614973e-02;1.111964e-02
3.991799e-02;1.084394e-01;2.765760e-01;2.541784e-02;4.510406e-02;2.918302e-02;5.059978e-02;5.294454e-02;1.278651e-01;2.107075e-01;2.237996e-02;1.086482e-02
8.632062e-02;1.696929e-01;2.897113e-01;2.171686e-02;3.516969e-02;4.265451e-02;4.514686e-02;5.907473e-02;1.082966e-01;8.922114e-02;3.140236e-02;2.159234e-02
1.266126e-01;1.899673e-01;3.702600e-01;2.696697e-02;3.244576e-02;4.068304e-02;2.644327e-02;3.462197e-02;4.519055e-02;5.612747e-02;3.221953e-02;1.846148e-02
1.071857e-01;1.894652e-01;3.405603e-01;3.380587e-02;3.652064e-02;7.464448e-02;2.425761e-02;3.857734e-02;2.043091e-02;7.632209e-02;3.426102e-02;2.396878e-02
7.312460e-02;2.405885e-01;2.623606e-01;4.776186e-02;3.374263e-02;9.999657e-02;3.682535e-02;4.146431e-02;4.188637e-02;5.496381e-02;4.063662e-02;2.664875e-02
3.606996e-02;2.888840e-01;3.308253e-01;4.909512e-02;2.567145e-02;8.114599e-02;3.871087e-02;2.826461e-02;4.008940e-02;1.445453e-02;4.444178e-02;2.234694e-02
4.572757e-02;3.026241e-01;4.007578e-01;3.330575e-02;2.416164e-02;3.948532e-02;2.920063e-02;1.511735e-02;3.035034e-02;2.742813e-02;2.729924e-02;2.454204e-02
6.632771e-02;2.584575e-01;4.409873e-01;4.838577e-02;1.784961e-02;2.452660e-02;1.636242e-02;1.764082e-02;2.941857e-02;3.775387e-02;2.365410e-02;1.863574e-02
5.946818e-02;1.812247e-01;4.516072e-01;7.993884e-02;2.246437e-02;3.545598e-02;1.201112e-02;2.217625e-02;3.397609e-02;4.126263e-02;4.509734e-02;1.531731e-02
4.343637e-02;1.639024e-01;4.307558e-01;8.913617e-02;4.178940e-02;4.125905e-02;1.803501e-02;1.590748e-02;3.528421e-02;4.132203e-02;6.063876e-02;1.853336e-02
4.082341e-02;2.303735e-01;3.621865e-01;5.300368e-02;3.896927e-02;3.724714e-02;1.684221e-02;1.099696e-02;3.729191e-02;9.571239e-02;5.722407e-02;1.932895e-02
5.173256e-02;2.465041e-01;3.325005e-01;3.519211e-02;4.206936e-02;3.699992e-02;2.618725e-02;1.731393e-02;3.780482e-02;9.150556e-02;6.879629e-02;1.339360e-02
5.359087e-02;2.025773e-01;3.096040e-01;5.563984e-02;5.961956e-02;4.518917e-02;3.504179e-02;2.888768e-02;4.097641e-02;6.170810e-02;9.099024e-02;1.617503e-02
4.892882e-02;1.640034e-01;2.811955e-01;6.705449e-02;5.338626e-02;7.243350e-02;4.536396e-02;4.423145e-02;5.145207e-02;3.697175e-02;1.005684e-01;3.441048e-02
4.962506e-02;2.731307e-01;2.666012e-01;4.086483e-02;2.302605e-02;7.345124e-02;2.806736e-02;3.697487e-02;4.721811e-02;4.597058e-02;6.714819e-02;4.792179e-02
4.869246e-02;2.715083e-01;3.504282e-01;5.724170e-02;2.704397e-02;3.542456e-02;2.349818e-02;2.179684e-02;3.785837e-02;4.661910e-02;3.865255e-02;4.123582e-02
5.338193e-02;1.876203e-01;3.929650e-01;1.078657e-01;5.816813e-02;3.602857e-02;2.535955e-02;2.234483e-02;2.191284e-02;4.515368e-02;3.201078e-02;1.718876e-02
3.811645e-02;1.137765e-01;3.007702e-01;1.951838e-01;1.031917e-01;5.505540e-02;1.836172e-02;2.824921e-02;1.042425e-02;3.043772e-02;9.589899e-02;1.053406e-02
1.481000e-02;1.090993e-01;2.081627e-01;2.426407e-01;1.265495e-01;6.350563e-02;2.313562e-02;3.504855e-02;6.665598e-03;2.164041e-02;1.335592e-01;1.518274e-02
2.015993e-02;1.169313e-01;1.411603e-01;2.776164e-01;1.267854e-01;5.656290e-02;2.114613e-02;3.525756e-02;6.377269e-03;2.528512e-02;1.603675e-01;1.235019e-02
3.932008e-02;7.740420e-02;2.154891e-01;2.570643e-01;7.734059e-02;5.559374e-02;2.267332e-02;2.444276e-02;1.030691e-02;5.533426e-02;1.598352e-01;5.195605e-03
4.663422e-02;7.965317e-02;3.102696e-01;2.313783e-01;2.597420e-02;3.974631e-02;1.456444e-02;2.300940e-02;1.207793e-02;6.639659e-02;1.445686e-01;5.727236e-03
3.888170e-02;7.804306e-02;2.557067e-01;2.696905e-01;4.605210e-02;3.422673e-02;1.430921e-02;2.456295e-02;1.114201e-02;4.521308e-02;1.766278e-01;5.544059e-03
2.113920e-02;6.244967e-02;2.177414e-01;2.880595e-01;4.820132e-02;5.769240e-02;2.042836e-02;1.804172e-02;1.065838e-02;3.119028e-02;2.152897e-01;9.108040e-03
2.220879e-02;4.201123e-02;2.293108e-01;2.606197e-01;3.230162e-02;7.199954e-02;1.977821e-02;1.688007e-02;1.514362e-02;5.623350e-02;2.253026e-01;8.210348e-03
4.048670e-02;8.065525e-02;2.915926e-01;2.170090e-01;1.893494e-02;7.358987e-02;1.829767e-02;2.341213e-02;9.385361e-03;2.492337e-02;1.911368e-01;1.057629e-02
4.287577e-02;1.201324e-01;3.606601e-01;1.512041e-01;3.545712e-02;7.901292e-02;1.831606e-02;2.262237e-02;1.338368e-02;2.842271e-02;1.165494e-01;1.136323e-02
4.239694e-02;1.562885e-01;3.990630e-01;8.449577e-02;4.983944e-02;8.874897e-02;1.463269e-02;3.803832e-02;1.970703e-02;3.313055e-02;6.388900e-02;9.769781e-03
3.828629e-02;1.828588e-01;4.141721e-01;5.325140e-02;6.820514e-02;1.077373e-01;1.249292e-02;4.217244e-02;1.790307e-02;1.521697e-02;3.849979e-02;9.203846e-03
3.659979e-02;1.791850e-01;4.367864e-01;7.637189e-02;6.684261e-02;7.836092e-02;1.616342e-02;2.670432e-02;2.233409e-02;2.324892e-02;3.056703e-02;6.835732e-03
3.955965e-02;2.091294e-01;4.664950e-01;3.248012e-02;5.505816e-02;5.833802e-02;2.823416e-02;1.437059e-02;2.951660e-02;4.841303e-02;1.485497e-02;3.550304e-03
3.580237e-02;2.442823e-01;4.522080e-01;6.406920e-02;4.756916e-02;3.034176e-02;2.203696e-02;1.811515e-02;1.740719e-02;3.693098e-02;2.879361e-02;2.443267e-03
2.258060e-02;2.528150e-01;4.634251e-01;6.110479e-02;4.948008e-02;3.860806e-02;1.479712e-02;2.180874e-02;8.864359e-03;1.505260e-02;4.659033e-02;4.873200e-03
2.330900e-02;2.547080e-01;4.656627e-01;4.429308e-02;4.663044e-02;5.545990e-02;1.309808e-02;1.976658e-02;1.321412e-02;1.151395e-02;4.733220e-02;5.012006e-03
3.670685e-02;2.523634e-01;4.439009e-01;5.796090e-02;4.215286e-02;3.283152e-02;1.883425e-02;2.693766e-02;2.281341e-02;1.939319e-02;3.548411e-02;1.062099e-02
4.579822e-02;2.787274e-01;3.849378e-01;6.303006e-02;4.091667e-02;3.467607e-02;2.451749e-02;3.993717e-02;3.116362e-02;2.296891e-02;1.795490e-02;1.537169e-02
5.433336e-02;2.791516e-01;3.631643e-01;4.912749e-02;4.250528e-02;3.095333e-02;4.137250e-02;6.216300e-02;3.005048e-02;2.045996e-02;1.139654e-02;1.532212e-02
5.067228e-02;1.841051e-01;3.498060e-01;6.103331e-02;3.470597e-02;4.473266e-02;9.628986e-02;7.859502e-02;2.432544e-02;2.450450e-02;1.988297e-02;3.134695e-02
2.485435e-02;1.173329e-01;2.719266e-01;8.796278e-02;3.904197e-02;8.188454e-02;1.768889e-01;6.359030e-02;2.537824e-02;3.580692e-02;2.866600e-02;4.666642e-02
2.753147e-02;1.109934e-01;1.961038e-01;8.410094e-02;5.995689e-02;1.367845e-01;1.769803e-01;3.815817e-02;5.479361e-02;4.338025e-02;3.800025e-02;3.321635e-02
2.580083e-02;8.359517e-02;1.814849e-01;7.226100e-02;5.461445e-02;2.135822e-01;1.114351e-01;3.805800e-02;6.717940e-02;7.249371e-02;6.338392e-02;1.611131e-02
2.488426e-02;8.125583e-02;1.877140e-01;7.672790e-02;3.324093e-02;2.694440e-01;5.340211e-02;3.099651e-02;5.883792e-02;8.409718e-02;8.061226e-02;1.878717e-02
2.548901e-02;9.979102e-02;1.898964e-01;8.250595e-02;3.265728e-02;2.773345e-01;5.243165e-02;2.184856e-02;4.302357e-02;6.374291e-02;8.490970e-02;2.636938e-02
1.203666e-02;8.518874e-02;1.749502e-01;9.904525e-02;5.954818e-02;2.643215e-01;6.586090e-02;4.577282e-02;4.341839e-02;4.159022e-02;8.505632e-02;2.321080e-02
1.302600e-02;1.005810e-01;1.335796e-01;9.224782e-02;4.661703e-02;2.869080e-01;7.519392e-02;4.251048e-02;5.569199e-02;5.778889e-02;8.557122e-02;1.028409e-02
1.249857e-02;8.330258e-02;1.599297e-01;8.988194e-02;4.265503e-02;3.286540e-01;4.876023e-02;3.933319e-02;5.343172e-02;4.800642e-02;8.343115e-02;1.011550e-02
2.456757e-02;6.180796e-02;1.310751e-01;9.421279e-02;7.343342e-02;3.346609e-01;5.102319e-02;4.858232e-02;4.388836e-02;4.124299e-02;7.765575e-02;1.784965e-02
2.080737e-02;9.702486e-02;1.829216e-01;7.724985e-02;6.432428e-02;2.931094e-01;3.301424e-02;3.967661e-02;6.201706e-02;4.386984e-02;6.691124e-02;1.907360e-02
1.653413e-02;9.419037e-02;2.406701e-01;8.669185e-02;6.568743e-02;2.309171e-01;4.508151e-02;4.517337e-02;6.753249e-02;4.244757e-02;5.031769e-02;1.475631e-02
1.745278e-02;1.217247e-01;2.780682e-01;8.414809e-02;5.064479e-02;1.845743e-01;5.263167e-02;5.272120e-02;7.735698e-02;4.149484e-02;2.308035e-02;1.610214e-02
2.306715e-02;1.568927e-01;2.783663e-01;7.219378e-02;4.836385e-02;1.652319e-01;5.675099e-02;5.342836e-02;7.449331e-02;3.877631e-02;1.386467e-02;1.857056e-02
2.272197e-02;1.491401e-01;3.094760e-01;6.786847e-02;3.999272e-02;1.761874e-01;4.269660e-02;4.873613e-02;6.035565e-02;4.115592e-02;2.051621e-02;2.115284e-02
4.149143e-02;1.855824e-01;3.109767e-01;5.476246e-02;4.426742e-02;1.700774e-01;3.473928e-02;2.467165e-02;5.340612e-02;2.758928e-02;2.400997e-02;2.842596e-02
4.118001e-02;1.441029e-01;2.852818e-01;8.926564e-02;4.934790e-02;1.338897e-01;7.035656e-02;3.439330e-02;6.201299e-02;2.946260e-02;2.379730e-02;3.690923e-02
4.007807e-02;1.331574e-01;2.723683e-01;1.042761e-01;3.026206e-02;1.105165e-01;7.278307e-02;4.351456e-02;6.979165e-02;4.689217e-02;3.946651e-02;3.689373e-02
3.396225e-02;1.920207e-01;1.788174e-01;1.083041e-01;2.012712e-02;1.071129e-01;5.113267e-02;6.128259e-02;9.152196e-02;5.209032e-02;6.498522e-02;3.864283e-02
2.617301e-02;1.670588e-01;2.712618e-01;9.660343e-02;2.291245e-02;7.764286e-02;3.414142e-02;6.331301e-02;8.555411e-02;5.219833e-02;6.595083e-02;3.718997e-02
2.648261e-02;1.314235e-01;2.960482e-01;1.016167e-01;4.678906e-02;9.298599e-02;2.947754e-02;4.516272e-02;7.919129e-02;4.159801e-02;6.743247e-02;4.179193e-02
2.602521e-02;1.108706e-01;2.788229e-01;1.128623e-01;4.309782e-02;1.273947e-01;3.220607e-02;4.111309e-02;7.779780e-02;4.185974e-02;6.785386e-02;4.009587e-02
2.039599e-02;1.213640e-01;2.519504e-01;1.153781e-01;4.828900e-02;1.409405e-01;4.353341e-02;5.246949e-02;6.906480e-02;4.663705e-02;6.601775e-02;2.395951e-02
1.719199e-02;1.241275e-01;2.276934e-01;8.807699e-02;5.767268e-02;1.946490e-01;4.337402e-02;5.144738e-02;6.826246e-02;5.651379e-02;5.142377e-02;1.956698e-02
1.900144e-02;1.183391e-01;2.356580e-01;7.265566e-02;5.661631e-02;2.411038e-01;4.478481e-02;3.944354e-02;6.960120e-02;4.784307e-02;3.344635e-02;2.150680e-02
1.730399e-02;1.242435e-01;2.459761e-01;6.395645e-02;4.834452e-02;2.663215e-01;4.429105e-02;4.263774e-02;5.557809e-02;3.581131e-02;4.217441e-02;1.336134e-02
