3.956117e-02;9.184133e-02;1.096457e-01;7.501138e-02;1.201680e-01;1.672384e-01;8.272188e-02;6.782322e-02;1.019025e-01;4.636431e-02;6.171199e-02;3.600999e-02
4.063559e-02;8.705924e-02;1.344921e-01;7.870144e-02;9.524149e-02;1.445168e-01;7.405586e-02;1.259621e-01;1.009519e-01;4.338604e-02;3.825105e-02;3.674643e-02
4.695230e-02;9.871877e-02;1.366496e-01;1.058250e-01;8.828910e-02;1.195789e-01;6.893609e-02;1.095596e-01;1.082402e-01;4.223743e-02;2.989611e-02;4.511690e-02
5.386069e-02;1.755733e-01;9.592973e-02;9.921082e-02;8.508638e-02;5.967451e-02;4.688047e-02;1.208972e-01;1.216832e-01;3.350284e-02;6.092453e-02;4.677635e-02
3.364838e-02;1.742055e-01;1.455406e-01;5.993039e-02;4.730889e-02;1.370104e-01;2.369190e-02;1.473626e-01;9.673434e-02;6.134829e-02;4.245755e-02;3.076118e-02
4.597771e-02;1.351491e-01;1.705817e-01;4.839823e-02;3.968941e-02;1.565326e-01;3.296560e-02;1.548424e-01;1.010873e-01;4.905257e-02;3.523154e-02;3.049182e-02
4.396097e-02;1.756267e-01;1.917779e-01;3.250136e-02;3.605052e-02;9.661792e-02;6.426043e-02;1.364380e-01;9.855428e-02;3.871476e-02;3.801736e-02;4.747990e-02
7.035701e-02;1.748888e-01;1.614216e-01;2.327056e-02;3.799533e-02;6.092520e-02;1.137377e-01;8.767772e-02;8.551732e-02;6.372608e-02;5.677206e-02;6.371048e-02
1.514865e-01;9.623580e-02;7.322162e-02;2.027053e-02;3.219184e-02;2.278712e-01;1.048156e-01;6.600225e-02;5.274270e-02;7.623087e-02;4.174170e-02;5.718932e-02
2.221745e-01;5.155753e-02;4.811127e-02;1.381704e-02;3.283784e-02;3.220677e-01;5.162473e-02;4.791870e-02;4.368006e-02;9.671894e-02;2.322715e-02;4.626461e-02
2.570956e-01;4.305403e-02;3.800594e-02;1.856973e-02;3.372910e-02;3.268346e-01;2.904896e-02;3.588401e-02;4.430626e-02;1.227668e-01;1.278242e-02;3.792266e-02
2.810647e-01;2.770056e-02;2.395280e-02;2.272258e-02;1.940646e-02;3.600363e-01;2.780396e-02;3.470138e-02;3.208003e-02;1.407946e-01;1.123890e-02;1.849756e-02
2.870832e-01;2.128897e-02;1.484089e-02;2.044136e-02;1.848440e-02;3.993009e-01;2.653128e-02;3.593213e-02;2.312157e-02;1.302797e-01;8.310096e-03;1.438547e-02
2.771964e-01;2.639506e-02;1.566667e-02;1.407768e-02;1.788798e-02;4.014350e-01;3.229868e-02;4.372733e-02;2.657454e-02;1.179987e-01;5.822102e-03;2.091981e-02
2.485453e-01;2.665383e-02;1.844792e-02;1.092999e-02;2.839161e-02;3.617124e-01;3.831470e-02;4.606644e-02;2.747965e-02;1.059325e-01;2.487189e-02;6.265374e-02
1.796736e-01;6.150620e-02;1.594634e-02;1.167076e-02;2.240959e-02;2.894999e-01;1.728941e-01;6.194830e-02;1.795833e-02;6.091961e-02;4.082163e-02;6.475167e-02
7.671294e-02;1.524717e-01;1.737482e-02;1.427252e-02;1.186007e-02;1.686181e-01;3.769544e-01;8.977299e-02;1.779657e-02;1.675412e-02;3.165403e-02;2.575785e-02
3.469162e-02;2.091939e-01;4.472711e-02;1.207126e-02;1.606161e-02;1.009054e-01;4.016839e-01;8.810170e-02;2.784589e-02;2.938573e-02;2.230809e-02;1.302384e-02
2.471235e-02;2.129506e-01;6.615240e-02;1.011309e-02;2.827365e-02;8.725299e-02;3.465429e-01;1.203719e-01;3.576230e-02;2.585625e-02;3.094746e-02;1.106410e-02
4.220566e-02;1.844904e-01;6.439082e-02;9.270155e-03;4.530180e-02;7.844263e-02;2.853543e-01;1.939818e-01;2.473258e-02;1.605592e-02;4.191391e-02;1.386005e-02
4.870874e-02;1.180394e-01;1.342657e-01;7.689982e-03;4.148271e-02;8.812800e-02;1.715734e-01;2.673461e-01;2.350451e-02;4.117626e-02;3.505218e-02;2.303296e-02
2.960954e-02;5.246568e-02;2.248861e-01;4.702908e-03;1.994692e-02;9.823939e-02;7.019848e-02;3.326623e-01;2.714579e-02;6.036137e-02;1.765705e-02;6.212449e-02
9.300209e-03;1.182595e-02;2.603065e-01;9.036221e-03;1.227406e-02;9.060474e-02;3.936410e-02;3.728083e-01;3.394870e-02;5.542586e-02;1.880604e-02;8.629932e-02
1.606089e-02;2.173838e-02;2.163198e-01;1.021774e-02;6.965488e-03;7.752207e-02;1.051708e-01;3.673692e-01;3.962477e-02;2.975141e-02;1.658082e-02;9.267870e-02
1.786140e-02;1.080716e-02;1.470596e-01;1.184982e-02;4.042047e-03;8.307370e-02;1.630405e-01;3.833453e-01;4.212253e-02;1.854022e-02;1.564624e-02;1.026115e-01
1.875930e-02;2.902210e-02;6.339058e-02;2.415596e-02;8.573451e-03;8.751230e-02;1.744509e-01;3.822744e-01;7.947586e-02;2.088249e-02;1.439994e-02;9.710272e-02
3.450470e-02;3.393326e-02;6.809220e-02;2.699943e-02;1.379167e-02;1.739622e-01;1.375121e-01;3.227944e-01;8.613297e-02;1.971249e-02;1.002011e-02;7.254446e-02
7.453274e-02;3.089913e-02;1.502689e-01;2.759192e-02;2.886380e-02;1.977955e-01;1.180943e-01;2.446104e-01;3.344173e-02;2.806801e-02;1.666552e-02;4.916816e-02
1.070901e-01;4.841944e-02;1.580157e-01;2.729728e-02;3.915559e-02;2.724335e-01;8.806711e-02;1.322485e-01;4.347435e-02;2.393477e-02;2.571607e-02;3.414767e-02
1.061727e-01;4.457157e-02;1.073349e-01;2.158053e-02;3.570977e-02;2.626704e-01;5.029298e-02;2.245113e-01;5.929573e-02;8.274194e-03;3.687952e-02;4.270637e-02
8.649311e-02;4.418323e-02;9.699660e-02;1.151293e-02;2.733157e-02;1.452961e-01;5.596067e-02;3.836348e-01;6.699661e-02;6.446138e-03;4.402827e-02;3.112006e-02
4.500543e-02;4.945574e-02;9.071060e-02;1.005979e-02;1.507199e-02;2.030696e-01;6.350277e-02;3.974351e-01;5.618318e-02;8.983951e-03;3.278643e-02;2.773547e-02
2.632621e-02;5.343284e-02;6.822027e-02;2.002061e-02;1.253708e-02;3.307023e-01;7.455155e-02;3.184370e-01;4.163802e-02;1.032128e-02;1.896872e-02;2.484414e-02
1.827426e-02;4.647228e-02;8.178671e-02;3.147775e-02;3.036463e-02;4.141602e-01;8.352996e-02;2.154685e-01;2.868349e-02;1.815160e-02;1.042468e-02;2.120588e-02
3.403651e-02;7.136866e-02;1.924555e-01;5.925302e-02;5.285566e-02;3.438300e-01;5.867621e-02;1.064924e-01;3.418276e-02;2.081174e-02;8.476082e-03;1.756151e-02
3.994140e-02;1.294932e-01;3.029793e-01;8.068004e-02;4.354814e-02;1.089047e-01;5.189344e-02;1.286242e-01;4.565210e-02;2.719941e-02;1.882157e-02;2.226256e-02
3.105464e-02;1.326185e-01;2.625684e-01;4.823232e-02;2.994551e-02;1.482964e-01;8.357815e-02;1.706044e-01;3.274219e-02;2.499426e-02;1.680609e-02;1.855904e-02
3.782205e-02;1.775394e-01;2.349464e-01;1.922279e-02;2.619736e-02;1.051224e-01;1.093030e-01;2.054470e-01;3.061903e-02;2.276614e-02;1.271889e-02;1.829551e-02
5.703935e-02;1.955837e-01;2.418284e-01;1.790056e-02;2.058380e-02;1.667593e-01;6.641848e-02;1.599841e-01;2.822779e-02;2.276328e-02;1.039527e-02;1.251606e-02
9.165633e-02;1.946590e-01;1.766922e-01;2.762113e-02;2.691696e-02;2.075864e-01;7.350510e-02;1.248823e-01;1.626756e-02;3.617463e-02;7.637043e-03;1.640133e-02
1.085233e-01;1.793149e-01;9.774455e-02;2.943731e-02;3.827657e-02;1.597858e-01;1.160693e-01;1.325989e-01;4.079137e-02;5.725927e-02;1.686605e-02;2.333269e-02
7.744062e-02;1.671711e-01;1.954699e-01;2.515103e-02;3.862735e-02;1.669479e-01;6.599298e-02;1.412163e-01;3.440035e-02;3.988454e-02;2.041938e-02;2.727858e-02
6.298989e-02;1.662052e-01;3.328358e-01;4.872327e-02;3.850980e-02;1.272350e-01;4.594685e-02;1.030248e-01;2.038739e-02;2.427912e-02;1.628100e-02;1.358187e-02
4.509831e-02;1.278607e-01;3.358661e-01;1.015035e-01;4.928371e-02;1.515404e-01;6.220113e-02;8.058657e-02;1.743552e-02;1.586948e-02;6.017690e-03;6.736892e-03
3.174866e-02;1.090840e-01;3.420193e-01;1.249685e-01;6.499679e-02;1.557548e-01;6.325810e-02;5.606512e-02;2.115993e-02;9.870338e-03;1.054335e-02;1.053102e-02
2.848750e-02;1.616085e-01;3.784720e-01;9.518718e-02;6.146744e-02;9.198486e-02;4.866740e-02;6.298698e-02;2.913788e-02;1.180658e-02;1.722312e-02;1.297058e-02
2.646449e-02;1.610570e-01;3.536678e-01;3.623161e-02;4.547569e-02;1.524123e-01;2.768685e-02;1.074473e-01;2.463115e-02;3.389742e-02;1.738685e-02;1.364149e-02
3.137329e-02;1.586571e-01;3.407360e-01;1.795937e-02;2.744688e-02;1.737363e-01;3.898772e-02;1.215802e-01;1.223165e-02;5.260115e-02;1.076392e-02;1.392637e-02
4.099756e-02;1.759712e-01;3.728496e-01;2.199274e-02;1.877166e-02;9.014377e-02;4.957391e-02;1.261478e-01;2.131710e-02;5.806028e-02;9.464484e-03;1.470983e-02
5.973922e-02;1.807814e-01;3.765816e-01;2.042765e-02;1.395608e-02;6.969753e-02;5.194174e-02;1.285538e-01;2.397708e-02;5.337011e-02;7.763910e-03;1.320984e-02
7.940107e-02;1.639959e-01;3.652543e-01;2.337167e-02;1.710485e-02;8.868916e-02;6.175952e-02;1.023227e-01;2.288396e-02;5.086345e-02;9.715548e-03;1.463774e-02
8.032899e-02;1.432409e-01;3.603987e-01;5.762630e-02;1.040589e-02;6.791111e-02;5.967084e-02;7.459204e-02;2.643297e-02;5.705823e-02;3.973367e-02;2.260042e-02
5.037132e-02;1.010262e-01;1.830648e-01;9.091374e-02;5.369527e-02;1.068329e-01;5.036458e-02;9.258869e-02;4.096276e-02;6.176250e-02;1.285174e-01;3.989988e-02
3.532996e-02;7.628935e-02;8.091167e-02;1.122128e-01;7.922924e-02;1.107264e-01;3.472431e-02;1.225574e-01;4.529540e-02;4.999712e-02;1.879331e-01;6.479317e-02
2.919429e-02;8.637933e-02;1.134603e-01;1.139705e-01;9.450579e-02;9.475423e-02;2.232144e-02;1.170689e-01;3.506264e-02;2.430611e-02;1.707977e-01;9.817872e-02
2.702026e-02;1.055378e-01;1.403707e-01;8.956748e-02;1.379883e-01;9.799329e-02;1.427282e-02;9.708167e-02;2.766943e-02;1.376016e-02;9.448259e-02;1.542554e-01
2.271301e-02;9.340987e-02;1.151553e-01;5.841179e-02;1.606476e-01;1.112181e-01;2.249518e-02;7.246756e-02;3.186728e-02;1.892807e-02;8.851863e-02;2.041676e-01
3.087601e-02;9.127590e-02;6.088272e-02;7.549119e-02;1.325055e-01;9.851708e-02;1.814454e-02;1.253156e-01;2.624209e-02;3.599913e-02;1.175909e-01;1.871594e-01
4.524985e-02;1.082519e-01;9.294404e-02;9.042206e-02;9.495251e-02;8.708715e-02;2.561373e-02;1.562379e-01;1.852825e-02;4.427061e-02;1.285197e-01;1.079223e-01
3.505782e-02;1.277193e-01;1.030481e-01;1.052139e-01;5.939801e-02;1.099724e-01;3.018878e-02;1.549580e-01;2.844673e-02;3.188910e-02;1.581471e-01;5.596079e-02
1.866424e-02;1.413202e-01;7.682429e-02;1.263945e-01;5.958663e-02;6.277782e-02;1.824725e-02;1.909968e-01;2.516446e-02;1.773333e-02;2.011356e-01;6.115486e-02
1.110162e-02;1.271709e-01;4.882411e-02;1.301198e-01;3.653900e-02;4.629911e-02;1.788788e-02;2.174559e-01;1.378498e-02;2.051969e-02;2.836195e-01;4.667751e-02
7.689093e-03;8.144341e-02;4.110437e-02;1.600902e-01;1.449295e-02;4.640562e-02;1.368923e-02;2.086086e-01;5.933389e-03;1.864235e-02;3.723339e-01;2.956683e-02
1.122545e-02;3.848485e-02;4.638124e-02;1.864408e-01;8.940878e-03;5.959333e-02;9.630073e-03;1.772500e-01;5.525689e-03;1.980535e-02;4.214293e-01;1.529307e-02
3.385278e-02;2.215391e-02;6.125670e-02;1.761747e-01;2.066730e-02;7.246972e-02;2.950616e-02;1.223996e-01;1.044331e-02;3.457615e-02;3.920424e-01;2.445729e-02
9.225955e-02;2.575926e-02;1.468886e-01;1.254682e-01;1.784919e-02;6.643992e-02;8.714798e-02;5.430011e-02;1.918385e-02;7.874306e-02;2.647076e-01;2.125266e-02
1.080298e-01;6.048072e-02;2.096701e-01;5.370131e-02;1.239241e-02;4.497147e-02;1.155917e-01;2.686679e-02;2.755017e-02;1.560617e-01;1.355551e-01;4.912870e-02
7.312467e-02;1.054955e-01;2.185634e-01;2.633843e-02;1.298922e-02;3.817746e-02;1.186420e-01;3.678803e-02;4.512650e-02;1.801469e-01;7.514742e-02;6.946046e-02
4.557237e-02;1.146724e-01;1.932646e-01;6.280731e-02;1.979865e-02;4.908188e-02;1.029222e-01;5.363344e-02;4.631692e-02;1.459516e-01;1.028644e-01;6.311420e-02
5.798346e-02;9.478267e-02;1.671119e-01;9.404636e-02;2.994401e-02;7.920808e-02;7.635648e-02;6.649321e-02;3.178882e-02;8.851717e-02;1.815602e-01;3.220766e-02
5.262671e-02;9.081439e-02;1.894359e-01;1.260784e-01;3.077991e-02;8.346310e-02;4.896004e-02;6.514601e-02;2.317931e-02;7.160809e-02;1.991820e-01;1.872613e-02
4.725899e-02;1.045085e-01;1.408357e-01;1.091660e-01;2.748870e-02;9.828323e-02;6.697079e-02;1.115493e-01;3.173229e-02;9.205923e-02;1.237806e-01;4.636660e-02
5.718617e-02;9.962174e-02;1.130913e-01;1.086286e-01;2.500532e-02;7.255020e-02;6.694761e-02;1.771242e-01;4.819471e-02;8.036171e-02;9.080485e-02;6.048350e-02
5.614298e-02;9.971038e-02;1.700611e-01;8.191288e-02;2.523441e-02;8.208302e-02;6.099265e-02;1.486167e-01;6.494005e-02;4.426688e-02;1.422044e-01;2.383448e-02
4.351573e-02;8.018266e-02;1.597700e-01;6.171066e-02;4.800711e-02;1.246088e-01;6.866060e-02;1.314234e-01;7.969598e-02;4.315957e-02;1.191397e-01;4.012585e-02
4.615740e-02;9.696873e-02;1.417313e-01;6.646239e-02;4.798376e-02;1.425765e-01;5.153818e-02;1.442643e-01;1.000019e-01;5.804538e-02;6.587705e-02;3.839305e-02
4.775478e-02;9.676734e-02;1.074889e-01;7.593054e-02;4.731874e-02;1.005440e-01;7.631104e-02;1.486204e-01;8.787082e-02;6.828079e-02;1.072037e-01;3.590891e-02
3.927431e-02;1.147862e-01;1.282199e-01;9.412392e-02;4.154027e-02;9.050939e-02;8.348433e-02;1.491359e-01;5.583181e-02;5.398817e-02;1.094353e-01;3.967055e-02
4.065231e-02;1.232274e-01;1.464360e-01;1.087216e-01;3.119322e-02;1.104344e-01;6.583129e-02;1.517959e-01;5.261889e-02;5.330909e-02;7.385176e-02;4.192815e-02
4.863569e-02;1.337569e-01;1.327256e-01;1.395235e-01;3.512619e-02;1.005269e-01;7.571557e-02;1.230094e-01;4.221121e-02;4.525425e-02;7.281784e-02;5.069697e-02
4.827319e-02;8.756186e-02;1.363328e-01;1.668756e-01;7.531482e-02;9.059345e-02;5.719460e-02;8.862957e-02;3.878413e-02;2.803038e-02;1.366221e-01;4.578750e-02
4.553834e-02;9.700815e-02;1.636915e-01;1.367155e-01;9.143400e-02;1.319211e-01;3.016869e-02;9.220195e-02;4.286908e-02;3.665938e-02;9.485893e-02;3.693330e-02
4.391153e-02;1.273964e-01;1.796288e-01;9.605341e-02;6.586649e-02;1.540404e-01;3.000133e-02;1.237836e-01;4.899667e-02;5.323923e-02;3.688967e-02;4.019247e-02
3.439648e-02;1.341264e-01;2.621959e-01;9.978994e-02;2.726044e-02;1.010403e-01;2.322572e-02;1.235532e-01;4.890743e-02;3.829804e-02;6.527718e-02;4.192896e-02
2.092566e-02;1.227860e-01;2.307751e-01;7.999849e-02;3.287103e-02;1.440347e-01;3.737252e-02;7.973645e-02;1.819165e-02;3.137438e-02;1.719964e-01;2.993766e-02
2.916588e-02;1.288420e-01;1.779667e-01;7.095605e-02;4.502920e-02;1.365277e-01;4.599544e-02;6.427509e-02;2.951188e-02;3.143077e-02;1.980495e-01;4.224973e-02
2.216922e-02;1.342369e-01;2.312798e-01;9.236522e-02;3.823617e-02;1.035765e-01;3.872883e-02;9.736629e-02;3.159126e-02;3.608190e-02;1.321429e-01;4.222517e-02
2.729965e-02;1.437487e-01;2.717789e-01;8.602756e-02;3.310861e-02;9.552685e-02;3.978495e-02;1.172510e-01;2.991017e-02;4.220132e-02;8.226282e-02;3.109949e-02
4.171317e-02;1.599079e-01;3.046829e-01;9.521008e-02;2.396007e-02;4.154358e-02;4.590902e-02;9.794891e-02;3.140636e-02;4.091576e-02;8.436992e-02;3.243234e-02
6.120923e-02;9.272820e-02;1.951258e-01;9.344143e-02;4.657974e-02;1.262525e-01;6.653786e-02;5.999435e-02;4.749830e-02;7.185548e-02;9.776181e-02;4.101533e-02
6.431741e-02;5.070073e-02;8.090266e-02;9.229203e-02;7.593383e-02;1.391704e-01;7.149255e-02;1.018769e-01;5.376601e-02;5.770485e-02;1.091858e-01;1.026568e-01
6.475838e-02;4.735242e-02;7.131876e-02;9.683594e-02;1.110767e-01;1.127584e-01;5.239713e-02;1.050350e-01;6.053715e-02;2.992597e-02;9.638397e-02;1.516202e-01
4.632472e-02;3.973313e-02;5.292783e-02;8.540329e-02;1.871517e-01;8.241303e-02;3.634154e-02;8.272906e-02;1.011372e-01;1.826296e-02;4.764374e-02;2.199318e-01
1.952318e-02;2.238183e-02;1.861244e-02;5.984038e-02;2.375039e-01;7.623731e-02;3.190745e-02;4.053232e-02;1.157659e-01;2.748972e-02;7.263327e-02;2.775723e-01
8.782171e-03;2.262940e-02;3.896728e-02;6.062046e-02;2.353175e-01;8.590730e-02;2.302942e-02;2.808196e-02;6.466869e-02;2.329599e-02;6.693720e-02;3.417626e-01
1.075706e-02;2.134614e-02;5.507983e-02;5.450558e-02;2.092056e-01;6.990091e-02;2.873366e-02;2.419741e-02;4.636481e-02;2.758864e-02;7.330741e-02;3.790129e-01
1.421062e-02;3.154733e-02;5.358102e-02;5.584926e-02;1.822161e-01;6.359667e-02;2.216384e-02;3.683310e-02;4.517715e-02;2.802494e-02;8.201204e-02;3.847879e-01
1.303794e-02;3.295389e-02;3.606361e-02;6.699244e-02;1.709732e-01;7.225369e-02;1.796668e-02;4.423120e-02;2.771396e-02;3.055847e-02;1.382691e-01;3.489858e-01
1.667567e-02;2.694876e-02;6.270219e-02;7.907141e-02;1.654584e-01;1.023679e-01;2.924851e-02;2.355642e-02;3.266197e-02;2.426351e-02;1.444221e-01;2.926233e-01
2.359430e-02;5.246137e-02;1.317006e-01;1.056758e-01;1.529065e-01;1.317013e-01;3.188854e-02;2.614427e-02;3.670475e-02;1.067428e-02;9.895121e-02;1.975971e-01
2.518613e-02;9.882346e-02;1.847190e-01;1.079604e-01;1.167628e-01;1.247973e-01;3.240060e-02;5.763371e-02;3.415303e-02;1.843601e-02;8.706123e-02;1.120663e-01
1.760009e-02;1.301202e-01;2.005065e-01;6.855357e-02;9.710357e-02;5.883125e-02;3.694394e-02;9.374459e-02;4.761306e-02;3.320697e-02;1.026731e-01;1.131032e-01
3.208202e-02;1.160348e-01;1.889479e-01;7.433370e-02;1.020157e-01;7.166090e-02;3.679905e-02;8.195460e-02;4.150767e-02;3.010486e-02;1.035476e-01;1.210112e-01
3.034846e-02;1.026940e-01;2.071630e-01;1.204661e-01;1.380338e-01;7.271516e-02;2.939760e-02;7.424349e-02;2.913106e-02;1.581155e-02;6.305651e-02;1.169393e-01
1.288626e-02;8.179847e-02;1.526194e-01;1.107486e-01;1.634153e-01;8.981640e-02;3.071319e-02;8.226786e-02;4.195090e-02;2.786240e-02;4.032238e-02;1.655988e-01
2.043651e-02;6.239903e-02;1.022332e-01;7.812926e-02;1.272490e-01;1.648613e-01;2.926090e-02;9.613371e-02;3.259051e-02;3.149226e-02;9.176800e-02;1.634463e-01
2.724431e-02;5.501591e-02;9.944116e-02;4.132328e-02;8.536901e-02;3.712239e-01;3.887229e-02;6.700939e-02;2.487301e-02;2.400764e-02;7.166762e-02;9.395249e-02
3.148212e-02;4.862404e-02;7.882224e-02;3.447545e-02;7.537366e-02;4.645251e-01;4.532893e-02;5.754251e-02;3.155588e-02;2.608821e-02;3.342114e-02;7.276072e-02
4.152790e-02;5.494660e-02;4.366044e-02;2.661316e-02;7.809024e-02;4.902090e-01;3.848670e-02;6.486651e-02;3.757083e-02;2.563239e-02;3.754786e-02;6.084839e-02
3.816862e-02;5.912964e-02;7.555059e-02;2.647888e-02;1.016810e-01;4.746300e-01;1.639683e-02;6.585993e-02;4.124938e-02;2.832631e-02;4.300153e-02;2.952726e-02
1.836171e-02;6.048978e-02;7.767172e-02;3.582469e-02;1.199401e-01;4.226788e-01;2.820195e-02;6.762965e-02;5.572192e-02;3.177305e-02;4.395625e-02;3.775033e-02
1.744500e-02;8.029582e-02;1.808212e-01;8.033706e-02;1.119392e-01;2.931043e-01;1.465085e-02;4.541145e-02;5.129662e-02;2.775249e-02;4.646857e-02;5.047753e-02
1.994952e-02;1.234186e-01;3.036025e-01;1.062627e-01;9.342804e-02;2.015432e-01;1.476174e-02;2.755114e-02;3.054173e-02;2.036703e-02;2.008769e-02;3.848613e-02
2.017234e-02;1.336233e-01;3.602507e-01;8.032915e-02;5.825741e-02;1.410096e-01;2.217844e-02;3.020377e-02;2.080777e-02;3.654502e-02;6.138206e-02;3.524037e-02
2.052735e-02;1.340737e-01;3.946063e-01;4.091759e-02;9.409813e-02;9.651756e-02;1.687971e-02;2.873523e-02;1.877595e-02;4.831783e-02;7.140091e-02;3.514968e-02
2.232984e-02;1.317162e-01;4.060270e-01;6.938906e-02;1.022608e-01;6.607855e-02;1.808262e-02;3.477147e-02;3.324606e-02;4.206853e-02;4.442699e-02;2.960287e-02
2.309293e-02;1.070668e-01;3.343897e-01;1.515956e-01;1.135618e-01;9.940078e-02;1.676552e-02;4.349943e-02;4.621371e-02;2.843620e-02;1.543698e-02;2.054059e-02
1.026143e-02;4.482426e-02;1.772122e-01;1.998023e-01;1.806362e-01;2.263630e-01;8.671229e-03;3.495488e-02;3.910083e-02;2.384195e-02;2.597795e-02;2.835374e-02
1.187988e-02;3.556971e-02;1.440949e-01;1.772181e-01;1.890647e-01;2.694645e-01;2.450550e-02;2.396066e-02;2.847526e-02;3.140461e-02;2.806894e-02;3.629329e-02
1.552208e-02;7.767878e-02;1.970300e-01;1.479199e-01;1.657879e-01;2.365569e-01;2.079009e-02;2.849727e-02;2.667326e-02;2.439545e-02;1.609388e-02;4.305457e-02
2.566843e-02;1.251165e-01;2.401607e-01;1.349761e-01;1.576022e-01;1.614402e-01;1.693039e-02;3.881656e-02;2.860324e-02;2.186520e-02;1.010928e-02;3.871118e-02
3.092373e-02;1.437543e-01;2.317059e-01;8.434342e-02;1.557133e-01;1.420348e-01;2.994346e-02;4.975821e-02;3.940496e-02;2.842096e-02;3.583541e-02;2.816152e-02
2.563862e-02;1.213039e-01;1.699229e-01;5.115401e-02;1.418665e-01;2.322747e-01;2.702685e-02;4.938258e-02;4.044533e-02;2.430434e-02;5.342145e-02;6.325883e-02
2.536209e-02;1.000186e-01;1.274096e-01;1.072631e-01;1.374669e-01;2.567201e-01;2.516251e-02;3.392215e-02;3.194820e-02;1.877146e-02;4.473533e-02;9.121993e-02
2.616526e-02;8.930058e-02;1.260347e-01;1.032538e-01;1.485265e-01;2.009262e-01;1.605091e-02;4.770094e-02;2.553030e-02;2.451439e-02;6.938141e-02;1.226149e-01
4.580298e-02;9.328611e-02;1.635383e-01;8.041701e-02;1.056377e-01;1.798568e-01;2.554346e-02;4.699786e-02;3.281600e-02;3.022619e-02;7.029434e-02;1.255832e-01
7.824337e-02;1.119026e-01;1.352954e-01;7.801116e-02;5.328436e-02;1.842658e-01;5.162194e-02;5.234015e-02;4.501412e-02;4.376877e-02;5.963689e-02;1.066155e-01
8.491869e-02;1.149557e-01;1.316088e-01;8.171990e-02;4.699088e-02;1.742624e-01;6.398962e-02;5.392887e-02;5.355168e-02;5.064267e-02;3.773890e-02;1.056919e-01
6.553123e-02;1.215323e-01;1.346395e-01;7.747819e-02;6.284074e-02;1.947152e-01;5.111649e-02;5.204608e-02;6.009324e-02;4.774026e-02;3.055014e-02;1.017167e-01
3.661049e-02;9.459659e-02;1.141700e-01;7.592895e-02;1.028040e-01;2.016806e-01;4.343976e-02;7.020165e-02;5.219574e-02;3.631214e-02;8.144630e-02;9.061385e-02
3.113079e-02;1.105051e-01;1.465500e-01;1.146641e-01;1.055669e-01;1.518192e-01;2.653778e-02;6.322422e-02;2.407802e-02;3.809378e-02;1.116099e-01;7.622023e-02
2.703569e-02;1.065380e-01;1.229776e-01;1.679591e-01;1.102541e-01;1.069286e-01;2.040394e-02;5.763534e-02;1.645495e-02;3.201507e-02;1.616263e-01;7.017137e-02
2.542639e-02;7.329798e-02;1.053864e-01;2.450150e-01;8.746418e-02;6.145069e-02;2.125579e-02;5.198027e-02;1.786155e-02;1.831175e-02;2.473267e-01;4.522337e-02
1.872336e-02;4.580130e-02;1.248996e-01;2.635933e-01;5.721810e-02;6.619811e-02;2.831054e-02;4.314925e-02;1.231900e-02;3.303166e-02;2.833151e-01;2.344058e-02
5.191997e-02;3.805000e-02;1.792522e-01;1.965819e-01;5.058404e-02;5.876324e-02;3.150915e-02;3.132370e-02;1.250296e-02;6.941985e-02;2.543971e-01;2.569591e-02
9.779911e-02;6.225818e-02;2.907825e-01;8.854079e-02;3.855694e-02;3.037035e-02;4.959727e-02;1.932208e-02;1.454580e-02;1.473453e-01;1.376817e-01;2.319995e-02
7.613069e-02;9.179299e-02;3.656725e-01;4.212083e-02;6.172193e-02;1.805959e-02;5.950710e-02;1.591544e-02;1.788529e-02;1.783594e-01;5.516173e-02;1.767263e-02
3.534458e-02;1.262550e-01;4.133979e-01;2.867372e-02;8.322576e-02;1.765107e-02;5.878154e-02;1.577144e-02;1.445054e-02;1.742800e-01;1.755388e-02;1.461447e-02
1.846910e-02;1.807826e-01;4.008082e-01;3.895313e-02;7.647397e-02;2.695381e-02;4.117597e-02;2.122611e-02;2.107174e-02;1.348808e-01;2.664870e-02;1.255578e-02
1.741766e-02;2.552901e-01;3.935889e-01;2.937717e-02;5.844927e-02;3.208821e-02;2.551132e-02;2.734134e-02;2.197529e-02;8.949719e-02;3.911892e-02;1.034464e-02
2.413527e-02;2.619728e-01;4.521720e-01;2.461496e-02;2.974232e-02;2.890063e-02;2.853682e-02;2.357063e-02;1.807324e-02;4.729299e-02;4.256859e-02;1.841972e-02
2.463621e-02;2.093819e-01;5.301054e-01;2.414496e-02;2.526084e-02;3.373527e-02;2.479691e-02;1.455989e-02;1.559732e-02;4.054040e-02;4.034229e-02;1.689860e-02
1.727197e-02;1.982621e-01;5.418329e-01;3.967516e-02;3.709446e-02;3.190383e-02;1.930984e-02;1.099143e-02;1.070386e-02;4.333509e-02;3.734114e-02;1.227823e-02
1.333399e-02;2.138868e-01;5.009443e-01;6.214254e-02;3.993062e-02;4.839442e-02;1.711622e-02;1.815282e-02;1.840702e-02;3.171183e-02;2.426295e-02;1.171648e-02
1.654116e-02;2.761878e-01;4.371071e-01;4.675965e-02;3.731183e-02;5.561508e-02;1.422341e-02;2.681661e-02;3.752315e-02;2.561214e-02;1.050417e-02;1.579793e-02
1.805506e-02;3.184457e-01;3.707151e-01;2.872320e-02;3.206011e-02;8.382548e-02;1.518673e-02;2.472617e-02;4.945444e-02;2.323998e-02;1.376408e-02;2.180396e-02
1.826113e-02;3.360071e-01;3.284968e-01;2.840243e-02;3.050331e-02;9.780191e-02;1.206789e-02;2.492130e-02;5.811560e-02;2.722154e-02;1.615909e-02;2.204179e-02
2.153682e-02;3.368284e-01;2.764333e-01;4.262553e-02;3.375310e-02;1.041829e-01;1.842121e-02;1.990556e-02;7.362156e-02;3.052987e-02;2.460303e-02;1.755884e-02
2.414236e-02;3.426903e-01;2.634291e-01;5.782644e-02;3.264028e-02;9.446874e-02;2.336553e-02;1.029361e-02;9.357367e-02;1.821601e-02;2.962777e-02;9.726183e-03
2.466572e-02;3.379268e-01;2.409200e-01;8.008759e-02;2.604034e-02;7.624314e-02;2.038113e-02;1.533865e-02;1.212378e-01;2.155552e-02;2.599420e-02;9.609129e-03
2.716500e-02;3.464352e-01;1.233975e-01;1.262928e-01;2.423874e-02;7.595456e-02;1.374820e-02;2.170789e-02;1.669381e-01;2.793858e-02;2.803706e-02;1.814627e-02
2.355111e-02;3.322201e-01;1.320029e-01;1.436296e-01;2.475877e-02;6.012613e-02;1.107042e-02;2.100735e-02;1.668938e-01;2.626966e-02;3.327053e-02;2.519957e-02
2.539719e-02;3.411443e-01;1.699542e-01;1.426517e-01;1.995765e-02;6.850734e-02;8.175450e-03;1.879788e-02;1.388207e-01;1.696322e-02;2.262838e-02;2.700200e-02
3.233882e-02;3.218193e-01;2.214982e-01;1.146446e-01;1.178078e-02;7.194337e-02;1.234512e-02;3.450367e-02;9.726328e-02;2.998804e-02;1.938118e-02;3.249370e-02
3.760710e-02;2.848588e-01;2.427117e-01;7.221878e-02;1.047824e-02;9.086695e-02;2.346931e-02;5.010445e-02;7.687220e-02;3.569578e-02;3.139300e-02;4.372372e-02
3.384374e-02;2.203190e-01;3.394611e-01;4.896385e-02;1.676248e-02;6.741831e-02;2.939987e-02;4.625653e-02;7.947142e-02;2.751937e-02;4.429303e-02;4.629130e-02
3.221539e-02;2.068166e-01;3.632521e-01;4.494611e-02;2.168811e-02;5.725640e-02;2.044275e-02;3.835540e-02;7.527348e-02;1.811796e-02;3.910220e-02;8.253349e-02
3.942011e-02;2.368167e-01;3.668533e-01;4.530403e-02;1.154565e-02;4.281198e-02;1.569360e-02;2.762862e-02;6.112874e-02;4.001584e-02;2.203092e-02;9.075043e-02
4.140393e-02;2.343471e-01;4.040161e-01;4.148979e-02;2.264984e-02;2.785490e-02;1.781799e-02;2.319892e-02;3.929924e-02;7.188781e-02;1.544323e-02;6.059125e-02
2.875247e-02;2.574760e-01;4.309784e-01;2.101730e-02;2.576143e-02;1.477330e-02;1.497469e-02;1.824623e-02;1.723646e-02;9.405602e-02;1.679502e-02;5.993264e-02
2.265033e-02;2.698425e-01;3.850796e-01;1.729571e-02;1.715082e-02;4.290088e-02;1.593507e-02;2.363470e-02;3.423284e-02;8.528613e-02;7.882860e-03;7.810857e-02
2.524554e-02;2.862188e-01;3.498890e-01;2.929793e-02;2.101409e-02;7.071191e-02;8.632641e-03;3.203685e-02;4.684766e-02;6.479596e-02;1.177911e-02;5.353043e-02
2.619942e-02;3.038202e-01;3.934887e-01;3.554711e-02;2.482401e-02;7.184438e-02;2.118947e-02;2.869788e-02;3.057013e-02;3.552285e-02;7.093541e-03;2.120229e-02
2.474891e-02;3.231405e-01;4.808903e-01;3.130685e-02;1.618929e-02;3.850247e-02;1.936390e-02;1.653866e-02;1.336727e-02;1.592883e-02;7.963723e-03;1.205930e-02
2.088623e-02;3.238938e-01;5.016593e-01;3.554231e-02;9.056753e-03;2.856215e-02;1.664265e-02;1.248643e-02;1.255597e-02;2.142149e-02;8.049714e-03;9.243234e-03
2.419419e-02;2.953402e-01;5.056973e-01;3.503713e-02;1.036401e-02;3.343814e-02;2.431046e-02;1.442495e-02;1.604025e-02;2.421256e-02;9.762097e-03;7.178716e-03
2.472647e-02;2.774997e-01;5.101121e-01;3.353784e-02;8.494798e-03;4.512981e-02;3.116368e-02;1.082381e-02;1.105942e-02;2.457811e-02;1.343517e-02;9.439010e-03
2.322494e-02;2.807188e-01;4.882649e-01;3.459380e-02;1.837941e-02;3.175810e-02;3.400273e-02;1.990236e-02;1.351423e-02;2.997312e-02;1.756654e-02;8.101149e-03
2.137848e-02;2.557051e-01;4.041804e-01;6.401319e-02;2.902151e-02;7.754751e-02;3.116473e-02;3.312220e-02;2.321485e-02;4.038566e-02;1.256942e-02;7.696926e-03
1.802970e-02;2.306891e-01;4.099722e-01;9.550486e-02;3.277870e-02;5.917547e-02;2.530674e-02;3.178256e-02;2.893383e-02;3.584632e-02;1.849983e-02;1.348075e-02
1.560184e-02;2.069306e-01;4.229046e-01;1.031676e-01;3.344573e-02;8.026229e-02;1.816859e-02;2.499611e-02;3.765899e-02;1.672332e-02;2.215490e-02;1.798553e-02
1.402015e-02;1.717227e-01;3.186220e-01;1.245640e-01;4.331376e-02;9.609959e-02;2.886487e-02;3.481782e-02;5.157754e-02;5.576065e-02;4.229686e-02;1.834000e-02
1.686649e-02;1.545893e-01;3.953854e-01;1.415759e-01;2.986136e-02;6.894628e-02;1.955105e-02;3.420953e-02;3.822280e-02;3.519350e-02;5.583108e-02;9.767237e-03
1.676475e-02;1.728417e-01;4.764595e-01;1.190742e-01;1.346558e-02;4.267716e-02;1.862564e-02;1.993999e-02;3.496648e-02;2.719713e-02;4.682592e-02;1.116204e-02
1.490036e-02;1.892587e-01;5.028719e-01;1.003600e-01;2.781307e-02;4.452990e-02;1.057628e-02;2.011614e-02;2.208105e-02;2.118156e-02;3.702986e-02;9.281166e-03
1.551421e-02;2.064588e-01;4.899451e-01;7.732917e-02;3.077545e-02;6.602500e-02;8.442047e-03;3.042347e-02;1.900008e-02;9.582551e-03;3.552634e-02;1.097785e-02
1.753627e-02;2.373590e-01;4.753282e-01;3.858576e-02;3.105668e-02;4.834300e-02;1.471443e-02;3.972116e-02;3.118109e-02;2.589227e-02;2.571579e-02;1.456643e-02
1.834890e-02;2.411501e-01;4.582564e-01;5.074804e-02;3.115570e-02;4.512342e-02;2.094902e-02;2.058090e-02;3.124225e-02;4.689363e-02;2.200561e-02;1.354605e-02
1.947975e-02;2.891526e-01;4.662703e-01;6.172888e-02;3.083794e-02;1.663853e-02;1.604980e-02;9.399825e-03;1.828495e-02;4.058585e-02;1.507151e-02;1.650004e-02
2.801731e-02;3.313828e-01;4.442137e-01;3.161927e-02;2.350408e-02;5.279708e-02;1.121977e-02;1.549360e-02;1.599094e-02;1.960891e-02;7.253865e-03;1.889869e-02
3.053656e-02;2.542067e-01;4.332121e-01;4.014023e-02;9.465263e-03;8.105321e-02;1.902106e-02;2.389191e-02;2.449661e-02;2.518498e-02;2.481247e-02;3.397889e-02
2.627458e-02;1.606368e-01;3.381138e-01;7.447129e-02;5.002117e-02;1.666132e-01;1.148269e-02;2.155258e-02;2.617127e-02;2.940137e-02;3.426638e-02;6.099499e-02
2.194459e-02;1.248586e-01;2.051213e-01;6.466754e-02;8.866826e-02;3.069235e-01;7.854900e-03;2.189408e-02;2.900909e-02;1.861016e-02;3.095860e-02;7.948937e-02
3.479419e-02;1.106423e-01;1.329926e-01;2.357093e-02;7.956978e-02;4.644437e-01;7.133186e-03;2.376326e-02;2.621873e-02;1.489140e-02;2.408223e-02;5.789768e-02
4.468913e-02;1.016275e-01;1.514809e-01;1.242892e-02;4.470624e-02;5.353967e-01;1.391983e-02;1.982785e-02;2.035761e-02;2.095511e-02;2.276355e-02;1.184673e-02
5.678374e-02;8.832265e-02;1.591564e-01;1.126490e-02;2.924162e-02;5.574542e-01;2.084756e-02;1.500790e-02;1.675021e-02;1.847653e-02;1.431933e-02;1.237492e-02
5.896190e-02;8.772849e-02;1.674707e-01;1.268004e-02;2.152976e-02;5.350693e-01;2.757199e-02;2.834651e-02;1.321302e-02;3.204451e-02;7.380792e-03;8.002908e-03
5.586220e-02;7.443149e-02;1.619581e-01;1.468431e-02;2.557254e-02;5.269420e-01;3.283720e-02;2.770059e-02;1.147881e-02;5.140584e-02;7.148280e-03;9.978711e-03
4.824860e-02;6.782306e-02;1.561790e-01;1.403606e-02;3.967987e-02;5.517218e-01;1.942187e-02;2.161138e-02;8.709888e-03;5.915380e-02;7.857480e-03;5.557196e-03
4.115157e-02;8.242000e-02;1.469736e-01;1.326844e-02;3.783472e-02;5.747247e-01;1.258140e-02;2.164291e-02;9.196240e-03;4.690402e-02;6.419983e-03;6.882478e-03
4.837275e-02;8.096828e-02;1.277658e-01;2.125871e-02;1.892588e-02;5.854197e-01;1.856131e-02;3.650698e-02;1.175405e-02;3.031626e-02;6.198718e-03;1.395157e-02
6.214448e-02;6.848855e-02;9.023954e-02;2.532194e-02;4.914624e-02;6.057484e-01;7.581495e-03;3.101277e-02;1.484722e-02;2.284852e-02;6.157657e-03;1.646325e-02
4.119314e-02;7.088012e-02;1.300689e-01;4.318595e-02;1.034851e-01;4.927174e-01;1.608271e-02;1.356465e-02;2.614168e-02;2.585002e-02;1.032951e-02;2.650080e-02
1.804462e-02;7.866009e-02;1.248113e-01;5.988454e-02;1.363651e-01;3.989314e-01;2.689737e-02;2.205034e-02;2.630320e-02;5.333641e-02;2.478920e-02;2.992634e-02
1.305093e-02;9.553261e-02;1.969762e-01;1.038001e-01;1.017929e-01;2.846102e-01;2.121949e-02;4.264619e-02;2.328485e-02;6.760769e-02;3.337898e-02;1.609984e-02
1.021891e-02;1.311046e-01;3.312522e-01;9.051810e-02;6.833732e-02;1.978436e-01;1.439230e-02;3.321762e-02;3.587078e-02;5.359815e-02;2.733434e-02;6.312100e-03
1.422113e-02;2.074471e-01;4.333234e-01;5.174776e-02;2.700655e-02;1.155257e-01;2.304131e-02;2.144335e-02;3.149040e-02;5.369565e-02;1.460958e-02;6.448052e-03
2.364772e-02;2.853961e-01;4.039453e-01;3.227806e-02;1.184455e-02;1.074697e-01;2.558017e-02;2.504298e-02;2.787958e-02;4.281196e-02;7.834248e-03;6.269576e-03
3.791699e-02;3.306195e-01;3.100532e-01;2.595683e-02;2.419426e-02;1.417320e-01;1.612227e-02;2.327397e-02;4.739520e-02;2.749727e-02;7.637496e-03;7.600987e-03
4.862545e-02;3.057034e-01;2.540093e-01;2.110603e-02;4.657294e-02;1.806295e-01;8.685028e-03;4.399474e-02;4.307571e-02;3.023296e-02;6.700825e-03;1.066410e-02
8.763747e-02;2.137674e-01;1.696769e-01;3.220361e-02;5.038838e-02;2.537529e-01;1.561083e-02;9.445434e-02;2.224283e-02;3.034773e-02;9.130149e-03;2.078747e-02
1.157845e-01;6.525280e-02;2.030180e-01;4.480333e-02;2.902213e-02;2.931733e-01;2.022270e-02;1.407439e-01;2.674848e-02;2.626945e-02;1.275750e-02;2.220395e-02
1.008993e-01;2.027596e-01;2.611569e-01;4.181192e-02;2.089913e-02;1.739199e-01;1.511873e-02;1.072319e-01;2.314494e-02;1.453220e-02;1.245756e-02;2.606794e-02
8.499590e-02;2.589666e-01;3.008828e-01;4.078871e-02;1.239461e-02;1.262750e-01;1.350836e-02;8.167337e-02;2.930171e-02;1.365073e-02;1.303309e-02;2.452919e-02
7.528134e-02;1.755451e-01;3.000683e-01;5.410464e-02;2.553358e-02;1.505043e-01;4.065261e-02;6.487166e-02;4.587934e-02;2.592316e-02;7.592095e-03;3.404390e-02
6.654767e-02;1.716007e-01;2.432468e-01;5.024903e-02;1.863524e-02;1.537662e-01;6.909837e-02;5.516696e-02;5.783760e-02;4.960637e-02;1.608357e-02;4.816151e-02
4.388632e-02;2.278761e-01;2.589331e-01;2.487996e-02;2.021063e-02;1.605815e-01;7.222003e-02;5.823042e-02;3.906469e-02;4.343351e-02;1.204575e-02;3.863800e-02
5.046545e-02;1.616509e-01;1.922132e-01;4.135554e-02;3.624823e-02;2.495920e-01;4.935306e-02;8.454426e-02;3.754787e-02;3.878849e-02;1.047404e-02;4.776696e-02
5.641731e-02;1.459129e-01;1.554332e-01;3.343593e-02;1.430205e-02;3.305724e-01;6.017888e-02;6.083918e-02;3.845383e-02;4.097814e-02;1.749511e-02;4.598106e-02
4.614887e-02;2.194238e-01;1.601380e-01;1.070852e-02;3.480612e-02;3.336281e-01;4.416618e-02;3.783362e-02;2.607976e-02;3.554204e-02;1.274403e-02;3.878095e-02
4.404489e-02;2.150218e-01;2.183898e-01;3.174740e-02;3.111587e-02;3.024159e-01;3.712475e-02;2.874270e-02;2.809491e-02;2.473612e-02;1.407127e-02;2.449458e-02
2.840748e-02;1.067805e-01;2.682185e-01;5.294647e-02;2.563991e-02;3.446979e-01;2.286192e-02;4.857829e-02;3.579796e-02;3.174892e-02;1.721150e-02;1.711064e-02
4.746616e-02;1.539298e-01;2.876327e-01;3.465112e-02;3.658164e-02;3.007630e-01;1.822231e-02;2.955739e-02;3.048771e-02;2.971862e-02;1.162919e-02;1.936040e-02
5.865965e-02;2.503327e-01;2.938806e-01;1.996184e-02;2.780749e-02;2.314602e-01;1.700336e-02;1.953673e-02;2.938538e-02;2.011619e-02;1.298095e-02;1.887495e-02
6.823622e-02;1.322522e-01;2.862414e-01;5.352160e-02;5.410242e-02;2.727150e-01;8.661181e-03;3.366600e-02;3.451006e-02;1.220492e-02;1.890473e-02;2.498426e-02
5.320855e-02;2.632954e-01;2.983409e-01;6.435101e-02;4.850236e-02;1.520696e-01;2.109200e-02;3.043600e-02;2.189423e-02;1.354317e-02;1.385928e-02;1.940744e-02
5.199555e-02;3.120642e-01;3.276891e-01;3.938332e-02;3.690553e-02;1.364647e-01;7.470275e-03;3.244512e-02;1.732213e-02;1.360033e-02;7.978419e-03;1.668128e-02
