1.141339e-01;1.733559e-01;1.435060e-01;9.188784e-02;4.405492e-02;7.417894e-02;7.492791e-02;3.803481e-02;6.995028e-02;6.548087e-02;6.199984e-02;4.848874e-02
1.414600e-01;1.205174e-01;9.564991e-02;6.092176e-02;7.602536e-02;9.359004e-02;1.016881e-01;4.887513e-02;6.238031e-02;8.453885e-02;6.514958e-02;4.920360e-02
1.235785e-01;9.540845e-02;1.011722e-01;1.069938e-01;1.000585e-01;7.182444e-02;8.344932e-02;6.722495e-02;5.859043e-02;8.478527e-02;6.320963e-02;4.370457e-02
8.907878e-02;1.007097e-01;1.728973e-01;1.298140e-01;7.400797e-02;5.529612e-02;8.682439e-02;6.251650e-02;5.272110e-02;6.232733e-02;7.453026e-02;3.927654e-02
8.171287e-02;8.972181e-02;1.740265e-01;1.462278e-01;3.499832e-02;5.160182e-02;9.421054e-02;6.095142e-02;6.245920e-02;5.749841e-02;9.711879e-02;4.947248e-02
9.819868e-02;6.095257e-02;1.462136e-01;1.051638e-01;7.256595e-02;7.762311e-02;8.200836e-02;6.420551e-02;6.652085e-02;3.922322e-02;1.153034e-01;7.202084e-02
1.444243e-01;7.526051e-02;1.171110e-01;7.329133e-02;9.171928e-02;1.018742e-01;7.687140e-02;4.049056e-02;9.745724e-02;4.758105e-02;8.501074e-02;4.890836e-02
1.255057e-01;6.792047e-02;1.296481e-01;5.648523e-02;5.759155e-02;9.989833e-02;9.777056e-02;5.264268e-02;1.082723e-01;7.505467e-02;5.987033e-02;6.934014e-02
1.004713e-01;4.115477e-02;1.154185e-01;4.276673e-02;4.319809e-02;1.098182e-01;1.288857e-01;8.900182e-02;1.354967e-01;8.444849e-02;5.536639e-02;5.397323e-02
5.953163e-02;2.981059e-02;8.164451e-02;6.420340e-02;9.883755e-02;1.156195e-01;1.072905e-01;6.534870e-02;1.028397e-01;9.459042e-02;8.200793e-02;9.827550e-02
5.453746e-02;2.759674e-02;1.177189e-01;7.396808e-02;7.834087e-02;8.838501e-02;1.005565e-01;9.326640e-02;9.785021e-02;9.589306e-02;8.823488e-02;8.365186e-02
7.667395e-02;4.204807e-02;1.137488e-01;7.954496e-02;5.155342e-02;7.631624e-02;1.244865e-01;9.809947e-02;9.874769e-02;1.075426e-01;8.452846e-02;4.670991e-02
1.000220e-01;5.289654e-02;8.275753e-02;8.344404e-02;8.211671e-02;6.972229e-02;8.355087e-02;6.703366e-02;7.141675e-02;8.124959e-02;1.020793e-01;1.237108e-01
1.132568e-01;4.715080e-02;5.647423e-02;8.941288e-02;1.106075e-01;6.837340e-02;6.769169e-02;7.321160e-02;7.090871e-02;9.673687e-02;8.747691e-02;1.186986e-01
1.048049e-01;6.859253e-02;5.086214e-02;1.300504e-01;1.340110e-01;7.219424e-02;6.677672e-02;7.265773e-02;7.869691e-02;9.023008e-02;6.076556e-02;7.035768e-02
9.241721e-02;8.064492e-02;6.416038e-02;1.518275e-01;1.172683e-01;6.040311e-02;7.013933e-02;6.043356e-02;8.598175e-02;6.933668e-02;7.477504e-02;7.261223e-02
8.944792e-02;1.051854e-01;7.354137e-02;1.700144e-01;6.909068e-02;6.189115e-02;7.041845e-02;6.415802e-02;8.904644e-02;5.592267e-02;9.011890e-02;6.116468e-02
1.116369e-01;8.738293e-02;8.358742e-02;1.129870e-01;1.065209e-01;4.786194e-02;5.650585e-02;7.502279e-02;9.502912e-02;4.316993e-02;9.769468e-02;8.260043e-02
1.367200e-01;8.724073e-02;8.844855e-02;5.866184e-02;1.491658e-01;4.177896e-02;3.806987e-02;9.612986e-02;8.877628e-02;3.992349e-02;8.527912e-02;8.980554e-02
1.272727e-01;1.948978e-01;1.057103e-01;4.317298e-02;1.094536e-01;3.365197e-02;1.913775e-02;6.005195e-02;1.384303e-01;3.098967e-02;4.916965e-02;8.806134e-02
9.909638e-02;2.661001e-01;9.816461e-02;3.122397e-02;3.669691e-02;6.099722e-02;2.568606e-02;2.512672e-02;2.636763e-01;2.049193e-02;1.107932e-02;6.166040e-02
5.378394e-02;2.160717e-01;1.187262e-01;2.243890e-02;1.653183e-02;5.433968e-02;2.663537e-02;4.123909e-02;3.231852e-01;3.452994e-02;1.258716e-02;7.993099e-02
6.976812e-02;1.569779e-01;1.430028e-01;2.078323e-02;1.066242e-02;2.816832e-02;2.382065e-02;8.089626e-02;3.293422e-01;4.287802e-02;1.611003e-02;7.759007e-02
1.103401e-01;1.352461e-01;1.400664e-01;2.605193e-02;1.713061e-02;2.742502e-02;3.554532e-02;8.836666e-02;2.932471e-01;3.695777e-02;1.910954e-02;7.051343e-02
1.417459e-01;1.124860e-01;1.494578e-01;2.712948e-02;3.438714e-02;3.290904e-02;6.647383e-02;7.011715e-02;2.397054e-01;2.865562e-02;3.597324e-02;6.095932e-02
1.615517e-01;8.684364e-02;2.080524e-01;2.434625e-02;5.179260e-02;3.099696e-02;6.623786e-02;3.258689e-02;1.928892e-01;4.383916e-02;5.651528e-02;4.434809e-02
1.846155e-01;1.399790e-01;1.618918e-01;2.524597e-02;4.710557e-02;3.087187e-02;6.768557e-02;5.764442e-02;1.595606e-01;2.375122e-02;4.749572e-02;5.415282e-02
1.747774e-01;9.253392e-02;1.157154e-01;1.961502e-02;4.771784e-02;4.254921e-02;1.095482e-01;7.703656e-02;1.708226e-01;2.892048e-02;5.598322e-02;6.478026e-02
8.468319e-02;7.456042e-02;8.475218e-02;4.953338e-02;5.274664e-02;5.260206e-02;1.119502e-01;6.464512e-02;2.473856e-01;4.930164e-02;6.529330e-02;6.254632e-02
3.553374e-02;7.517128e-02;8.737934e-02;9.196912e-02;1.062257e-01;1.002165e-01;8.444437e-02;7.664885e-02;2.062219e-01;6.340319e-02;3.694201e-02;3.584404e-02
2.358435e-02;6.813234e-02;8.107301e-02;1.140996e-01;1.272142e-01;1.374738e-01;1.223152e-01;6.475676e-02;1.334561e-01;6.387307e-02;3.302949e-02;3.099209e-02
2.166224e-02;6.765176e-02;1.969705e-01;1.223870e-01;1.150116e-01;1.036413e-01;1.115455e-01;5.204810e-02;8.182245e-02;6.676521e-02;3.761905e-02;2.287531e-02
2.833175e-02;6.341331e-02;3.475964e-01;1.061331e-01;7.861528e-02;5.506379e-02;8.033177e-02;4.838411e-02;5.259850e-02;9.893990e-02;2.653900e-02;1.405305e-02
1.605297e-02;5.180076e-02;4.885670e-01;7.019426e-02;4.049363e-02;2.161746e-02;8.373755e-02;2.124765e-02;2.224383e-02;1.624475e-01;1.577718e-02;5.820277e-03
8.460780e-03;3.860215e-02;5.241299e-01;3.229912e-02;2.074570e-02;9.501335e-03;8.119249e-02;9.005530e-03;1.565166e-02;2.468247e-01;1.211110e-02;1.475497e-03
1.077887e-02;3.347876e-02;4.396062e-01;1.857456e-02;1.862420e-02;5.592786e-03;7.380920e-02;8.325516e-03;1.940348e-02;3.455861e-01;2.235026e-02;3.870042e-03
1.143109e-02;2.796558e-02;3.368291e-01;1.982321e-02;1.826728e-02;7.752104e-03;6.622760e-02;1.102911e-02;2.989355e-02;4.305629e-01;3.231260e-02;7.905932e-03
7.146936e-03;2.658499e-02;2.553589e-01;1.194019e-02;1.367252e-02;1.019302e-02;4.920313e-02;1.212141e-02;7.780099e-02;5.041525e-01;2.004890e-02;1.177653e-02
6.434343e-03;3.761264e-02;1.925160e-01;8.240978e-03;8.654570e-03;1.763877e-02;2.724472e-02;2.186062e-02;1.686005e-01;4.799512e-01;8.957421e-03;2.228825e-02
5.548611e-03;5.199226e-02;1.355792e-01;6.951052e-03;5.512994e-03;3.551515e-02;1.482366e-02;2.348798e-02;3.218282e-01;3.369764e-01;7.849710e-03;5.393479e-02
1.784733e-02;6.337293e-02;9.819749e-02;5.963281e-03;3.807289e-03;4.346831e-02;8.295732e-03;4.000378e-02;4.435084e-01;1.745199e-01;1.107897e-02;8.993660e-02
4.426547e-02;6.640667e-02;8.181500e-02;6.612895e-03;3.664997e-03;3.674612e-02;1.703764e-02;7.095038e-02;4.305024e-01;1.049671e-01;2.588263e-02;1.111487e-01
6.684191e-02;7.968633e-02;8.245195e-02;9.078728e-03;8.795578e-03;3.621488e-02;3.659106e-02;8.282041e-02;3.387102e-01;1.092089e-01;4.645473e-02;1.031453e-01
3.856694e-02;1.329730e-01;2.054151e-01;3.324220e-02;2.708280e-02;2.840699e-02;3.512044e-02;5.369594e-02;2.593535e-01;8.520692e-02;4.390804e-02;5.702818e-02
4.740063e-02;1.618491e-01;2.657625e-01;5.658076e-02;2.814530e-02;3.507557e-02;1.322513e-02;1.737877e-02;2.509813e-01;2.301236e-02;2.324179e-02;7.734680e-02
6.083137e-02;1.817602e-01;1.833896e-01;4.195748e-02;1.375611e-02;3.562393e-02;8.236145e-03;3.027389e-02;3.118279e-01;2.874099e-02;1.239170e-02;9.121069e-02
7.913570e-02;1.977096e-01;8.936656e-02;2.993482e-02;6.718936e-03;3.038784e-02;8.651868e-03;4.821615e-02;3.829212e-01;2.667357e-02;2.729365e-02;7.299008e-02
1.235901e-01;1.711883e-01;6.561848e-02;2.333894e-02;1.049666e-02;2.429314e-02;1.611925e-02;8.650618e-02;3.455867e-01;2.581416e-02;6.576124e-02;4.168681e-02
1.490296e-01;1.127909e-01;9.381276e-02;2.126174e-02;2.675220e-02;1.725247e-02;4.831281e-02;1.481014e-01;2.442701e-01;2.385651e-02;8.103679e-02;3.352273e-02
1.671254e-01;3.735502e-02;9.113296e-02;2.124239e-02;3.936492e-02;1.979020e-02;9.358034e-02;1.950092e-01;1.915818e-01;4.402516e-02;6.743292e-02;3.235963e-02
1.797709e-01;5.947198e-02;9.794269e-02;2.231563e-02;3.415441e-02;3.548606e-02;8.324938e-02;1.470971e-01;1.995874e-01;6.128554e-02;4.442530e-02;3.521359e-02
1.779199e-01;5.129262e-02;1.159028e-01;3.951214e-02;2.963040e-02;3.688645e-02;6.039714e-02;8.048178e-02;2.067351e-01;9.303780e-02;6.512009e-02;4.308374e-02
1.346519e-01;6.651420e-02;1.185602e-01;5.889384e-02;2.841886e-02;3.484423e-02;6.225961e-02;6.779387e-02;2.114133e-01;1.099946e-01;6.381030e-02;4.284503e-02
9.855065e-02;3.297840e-02;1.180027e-01;5.316739e-02;3.003160e-02;4.677569e-02;5.704872e-02;5.550266e-02;3.042899e-01;1.081039e-01;6.115359e-02;3.439489e-02
5.519535e-02;8.567891e-02;1.536849e-01;4.433331e-02;5.666946e-02;4.594475e-02;6.845797e-02;7.133085e-02;1.999895e-01;1.120641e-01;6.339151e-02;4.325942e-02
9.810836e-02;1.655582e-01;1.977605e-01;4.137697e-02;6.974907e-02;3.917906e-02;4.811061e-02;8.332358e-02;1.194785e-01;5.576385e-02;5.002767e-02;3.156352e-02
1.795944e-01;2.283507e-01;2.001837e-01;2.887783e-02;3.808926e-02;2.782875e-02;4.597529e-02;6.342301e-02;1.087791e-01;3.058615e-02;2.348218e-02;2.482956e-02
3.124413e-01;2.600024e-01;1.531587e-01;1.823371e-02;1.973628e-02;1.626301e-02;3.297544e-02;4.639386e-02;8.900176e-02;8.289838e-03;1.784695e-02;2.565678e-02
4.376600e-01;2.280653e-01;8.765311e-02;1.159387e-02;4.534433e-02;4.594447e-03;2.724718e-02;5.397660e-02;5.200377e-02;7.035213e-03;1.160171e-02;3.322441e-02
5.096473e-01;1.625147e-01;3.421962e-02;9.952147e-03;5.427051e-02;5.973944e-03;2.864856e-02;7.424252e-02;2.249614e-02;6.696376e-03;1.996784e-02;7.137032e-02
4.610605e-01;1.113470e-01;2.086941e-02;1.388844e-02;3.620880e-02;8.792737e-03;5.164124e-02;8.133840e-02;2.424691e-02;1.750617e-02;4.556652e-02;1.275338e-01
3.824394e-01;9.096204e-02;3.002556e-02;1.788635e-02;2.193063e-02;1.830731e-02;8.035389e-02;9.276588e-02;3.626213e-02;3.320133e-02;6.861332e-02;1.272521e-01
3.718972e-01;9.872940e-02;7.034788e-02;2.421317e-02;2.870123e-02;2.441025e-02;8.457500e-02;1.002690e-01;4.077668e-02;3.211880e-02;7.272846e-02;5.123290e-02
3.606223e-01;1.053519e-01;1.846368e-01;2.536983e-02;2.146810e-02;2.298079e-02;3.899993e-02;7.304202e-02;1.747352e-02;3.682091e-02;5.108014e-02;6.215379e-02
3.358632e-01;1.235869e-01;1.583523e-01;2.397642e-02;4.428370e-02;1.151752e-02;4.512094e-02;1.756636e-02;4.391464e-02;5.107976e-02;6.908765e-02;7.565060e-02
2.448820e-01;1.524566e-01;1.030183e-01;2.263631e-02;4.833493e-02;2.573684e-02;5.649399e-02;5.861079e-02;8.425394e-02;5.783781e-02;7.445523e-02;7.128326e-02
3.379505e-01;1.569474e-01;4.991210e-02;1.700745e-02;1.930059e-02;2.869962e-02;6.087435e-02;6.657197e-02;5.545151e-02;4.842005e-02;5.018413e-02;1.086804e-01
3.821543e-01;1.283029e-01;5.390105e-02;2.318319e-02;2.559081e-02;2.732746e-02;4.328419e-02;4.561654e-02;4.269692e-02;4.326114e-02;6.016067e-02;1.245209e-01
2.045809e-01;1.085355e-01;1.235201e-01;5.787366e-02;6.762115e-02;3.808803e-02;1.008840e-01;4.555049e-02;3.277040e-02;6.946862e-02;6.901136e-02;8.209576e-02
1.661218e-01;7.224733e-02;1.383502e-01;5.810840e-02;7.203402e-02;6.741592e-02;1.200006e-01;6.925503e-02;6.741726e-02;8.068582e-02;4.459706e-02;4.376657e-02
1.072415e-01;6.779202e-02;2.355620e-01;1.063645e-01;9.434658e-02;5.807541e-02;1.076946e-01;4.711937e-02;4.227008e-02;7.354721e-02;4.036168e-02;1.962490e-02
3.294168e-02;8.375190e-02;3.296876e-01;1.080649e-01;8.358050e-02;5.341546e-02;1.165286e-01;3.510402e-02;4.996473e-02;6.218745e-02;3.176120e-02;1.301197e-02
2.450144e-02;1.054120e-01;4.041039e-01;8.499245e-02;5.642598e-02;3.342441e-02;1.015607e-01;2.796185e-02;8.098872e-02;5.150373e-02;1.847087e-02;1.065383e-02
3.353664e-02;1.644134e-01;4.045420e-01;5.129752e-02;2.519527e-02;1.838188e-02;8.313566e-02;2.393794e-02;1.449999e-01;2.780367e-02;7.295961e-03;1.546018e-02
7.329381e-02;2.253876e-01;2.623933e-01;3.294085e-02;1.429568e-02;4.221706e-02;4.695130e-02;2.945370e-02;2.333663e-01;2.046240e-02;4.107384e-03;1.513058e-02
1.340512e-01;2.518434e-01;8.898408e-02;2.161468e-02;1.189633e-02;5.417126e-02;2.884454e-02;3.634912e-02;3.158198e-01;3.268585e-02;1.095140e-02;1.278837e-02
1.728099e-01;1.911029e-01;1.084071e-01;1.825723e-02;2.032878e-02;3.773900e-02;5.108585e-02;5.716648e-02;2.625926e-01;2.451000e-02;2.736256e-02;2.863760e-02
1.791204e-01;1.222870e-01;1.391158e-01;2.235642e-02;3.140274e-02;2.473854e-02;7.744705e-02;9.216815e-02;1.933868e-01;3.361305e-02;4.511625e-02;3.924782e-02
2.137753e-01;1.012610e-01;1.849715e-01;2.088253e-02;3.654635e-02;2.693060e-02;5.515547e-02;1.190709e-01;1.410485e-01;3.309481e-02;4.336384e-02;2.389921e-02
2.445414e-01;1.723259e-01;1.758998e-01;2.129646e-02;3.162412e-02;1.748984e-02;3.217855e-02;1.106662e-01;9.765206e-02;3.637782e-02;3.297667e-02;2.697126e-02
2.821044e-01;2.060748e-01;1.542101e-01;2.190213e-02;2.667708e-02;1.872262e-02;3.340774e-02;1.030511e-01;7.405826e-02;2.272671e-02;2.880085e-02;2.826422e-02
2.904374e-01;2.088437e-01;1.217785e-01;1.915515e-02;3.382885e-02;3.865650e-02;4.442373e-02;8.832800e-02;8.828732e-02;1.121156e-02;2.429312e-02;3.075616e-02
2.804753e-01;1.782407e-01;1.109725e-01;2.199654e-02;4.672173e-02;4.840566e-02;4.887259e-02;8.535232e-02;1.143483e-01;1.992729e-02;2.098315e-02;2.370391e-02
2.147283e-01;9.110951e-02;2.565503e-01;2.200754e-02;3.694025e-02;3.764259e-02;6.246037e-02;8.031780e-02;1.136377e-01;2.857494e-02;2.513697e-02;3.089377e-02
1.309168e-01;9.309047e-02;3.807168e-01;2.210987e-02;2.627792e-02;3.729257e-02;4.988890e-02;7.905629e-02;1.068688e-01;2.268564e-02;2.627459e-02;2.482142e-02
1.131192e-01;1.422614e-01;3.532314e-01;2.379250e-02;2.654384e-02;2.986962e-02;5.202130e-02;5.347581e-02;1.433672e-01;2.329577e-02;1.933134e-02;1.969067e-02
6.803480e-02;1.590451e-01;3.801383e-01;3.271494e-02;3.546310e-02;3.947775e-02;4.410359e-02;2.972839e-02;1.631826e-01;2.118124e-02;1.297626e-02;1.395393e-02
6.122878e-02;1.165052e-01;2.787443e-01;3.629620e-02;6.008210e-02;4.291430e-02;7.810936e-02;1.028041e-01;1.672051e-01;2.059557e-02;1.628913e-02;1.922578e-02
1.273862e-01;8.210058e-02;1.458510e-01;2.561616e-02;7.422732e-02;4.727265e-02;7.923601e-02;1.585492e-01;1.908309e-01;2.458370e-02;2.338143e-02;2.096492e-02
1.705077e-01;6.979217e-02;6.934620e-02;1.514524e-02;8.270103e-02;2.727719e-02;5.314177e-02;1.994641e-01;2.310854e-01;2.546768e-02;3.955499e-02;1.651659e-02
2.041015e-01;5.672621e-02;4.147285e-02;1.116680e-02;8.630071e-02;1.064840e-02;2.380731e-02;2.637379e-01;1.753939e-01;2.903017e-02;8.162647e-02;1.598769e-02
2.117429e-01;4.901896e-02;3.249874e-02;1.242954e-02;8.168121e-02;6.373540e-03;3.062444e-02;3.349063e-01;4.322362e-02;2.372758e-02;1.548305e-01;1.894266e-02
1.745601e-01;4.992305e-02;3.456483e-02;9.205211e-03;6.156369e-02;9.133066e-03;3.498726e-02;3.277697e-01;1.035650e-01;1.114474e-02;1.629694e-01;2.061388e-02
1.431303e-01;7.511803e-02;5.713797e-02;1.083397e-02;4.222261e-02;1.624571e-02;5.891865e-02;2.966531e-01;1.582032e-01;1.248335e-02;1.093955e-01;1.965769e-02
1.539450e-01;1.000362e-01;1.101354e-01;1.433544e-02;3.489476e-02;1.461334e-02;9.509325e-02;2.281038e-01;1.537009e-01;1.661176e-02;5.429747e-02;2.423257e-02
1.706307e-01;1.051111e-01;1.892468e-01;2.791756e-02;3.319519e-02;1.816915e-02;1.060610e-01;1.447896e-01;1.363981e-01;1.649607e-02;2.659996e-02;2.538477e-02
1.940168e-01;6.539590e-02;2.460198e-01;3.820478e-02;3.894839e-02;2.105470e-02;6.831953e-02;7.929070e-02;1.371205e-01;2.537168e-02;5.314653e-02;3.311069e-02
2.058183e-01;5.834147e-02;1.227485e-01;1.604694e-02;5.444553e-02;2.488348e-02;7.016394e-02;1.387455e-01;1.444769e-01;3.427607e-02;9.576364e-02;3.428983e-02
2.203741e-01;6.991480e-02;7.558853e-02;1.077337e-02;5.744876e-02;2.906134e-02;4.663393e-02;2.433718e-01;1.065441e-01;3.379633e-02;7.155614e-02;3.493676e-02
1.601499e-01;1.067675e-01;9.159981e-02;2.792912e-02;5.900334e-02;2.091925e-02;4.791671e-02;2.483097e-01;1.443142e-01;3.716205e-02;3.965109e-02;1.627745e-02
1.087669e-01;1.803389e-01;1.366107e-01;3.937185e-02;5.316165e-02;2.367679e-02;5.758745e-02;1.269729e-01;1.172781e-01;7.261088e-02;4.324754e-02;4.037640e-02
9.724020e-02;2.101265e-01;1.437518e-01;5.181682e-02;5.042979e-02;3.116339e-02;7.872622e-02;6.228657e-02;8.028271e-02;8.323912e-02;4.763538e-02;6.330152e-02
9.325032e-02;1.961391e-01;1.464978e-01;5.950174e-02;4.142838e-02;3.818432e-02;9.045250e-02;3.802263e-02;6.986834e-02;9.713098e-02;5.962624e-02;6.989771e-02
1.369483e-01;1.366234e-01;1.554318e-01;5.482169e-02;4.591845e-02;5.664978e-02;1.085160e-01;5.295217e-02;5.992105e-02;9.787884e-02;5.174859e-02;4.259005e-02
9.954965e-02;9.160884e-02;1.576294e-01;7.617048e-02;1.025707e-01;8.027319e-02;1.612923e-01;4.512633e-02;3.340599e-02;4.278616e-02;4.619783e-02;6.338912e-02
7.087399e-02;5.134925e-02;1.986225e-01;1.182671e-01;1.051001e-01;7.479779e-02;1.372166e-01;3.530348e-02;3.645709e-02;4.696703e-02;6.534150e-02;5.970353e-02
1.332057e-01;3.201111e-02;2.628519e-01;1.125919e-01;6.659106e-02;4.338155e-02;9.506844e-02;2.880849e-02;2.541613e-02;1.081215e-01;5.962345e-02;3.232881e-02
1.818405e-01;3.026696e-02;3.281591e-01;6.545101e-02;2.741123e-02;1.470237e-02;6.625892e-02;2.136135e-02;3.574689e-02;1.844985e-01;3.251988e-02;1.178332e-02
1.616050e-01;4.641160e-02;3.458560e-01;3.162263e-02;2.140450e-02;9.693512e-03;5.755413e-02;1.785945e-02;3.891284e-02;2.263043e-01;1.980955e-02;2.296647e-02
1.265322e-01;8.268719e-02;3.152963e-01;1.793336e-02;2.342816e-02;1.153234e-02;5.371930e-02;8.794410e-03;9.237757e-02;2.026268e-01;1.953171e-02;4.554073e-02
1.261041e-01;1.341761e-01;2.617805e-01;1.960460e-02;1.555965e-02;1.327101e-02;4.002639e-02;2.962679e-02;1.546518e-01;1.298003e-01;1.501648e-02;6.038223e-02
1.110327e-01;1.514368e-01;3.029367e-01;3.012177e-02;1.765805e-02;1.880902e-02;3.757043e-02;3.922412e-02;1.439870e-01;6.204556e-02;3.102818e-02;5.414969e-02
3.925220e-02;1.383686e-01;4.794635e-01;2.912162e-02;2.568816e-02;2.098389e-02;3.824637e-02;3.605618e-02;8.934513e-02;4.856609e-02;2.901090e-02;2.589728e-02
5.497509e-02;1.467174e-01;4.772362e-01;3.009805e-02;2.176380e-02;2.591643e-02;3.547372e-02;2.013234e-02;9.946566e-02;3.581596e-02;1.799597e-02;3.440939e-02
6.368718e-02;1.671346e-01;4.286917e-01;3.608406e-02;1.766624e-02;2.707548e-02;1.662407e-02;1.944742e-02;1.277252e-01;4.691234e-02;1.101137e-02;3.794033e-02
9.623402e-02;1.717071e-01;3.866154e-01;4.265733e-02;1.449626e-02;1.758718e-02;1.888530e-02;2.712616e-02;1.428657e-01;4.809389e-02;1.360885e-02;2.012281e-02
1.676789e-01;1.787895e-01;3.053105e-01;3.187855e-02;1.171579e-02;1.512139e-02;3.384181e-02;4.902510e-02;1.292043e-01;4.407567e-02;1.930025e-02;1.405829e-02
2.198621e-01;1.607804e-01;2.945693e-01;1.818127e-02;1.657465e-02;1.470085e-02;4.201584e-02;6.673192e-02;9.047083e-02;3.505218e-02;2.587655e-02;1.518408e-02
2.697041e-01;1.497548e-01;2.714418e-01;1.958845e-02;3.657053e-02;1.392036e-02;4.480311e-02;8.938052e-02;4.359187e-02;2.154982e-02;2.259130e-02;1.710332e-02
3.407307e-01;1.400559e-01;1.959135e-01;1.494244e-02;5.242877e-02;1.234036e-02;3.215133e-02;1.165236e-01;3.207386e-02;1.245482e-02;1.486536e-02;3.551941e-02
4.371645e-01;1.127136e-01;1.123024e-01;7.454923e-03;5.410690e-02;8.276415e-03;2.597318e-02;1.380128e-01;2.049224e-02;1.950672e-02;1.301776e-02;5.097860e-02
4.306529e-01;1.155788e-01;1.399910e-01;9.205716e-03;3.889526e-02;9.506389e-03;3.348362e-02;1.089262e-01;1.900546e-02;2.533765e-02;1.757041e-02;5.184662e-02
3.781043e-01;1.345186e-01;2.172555e-01;1.274743e-02;4.506564e-02;1.337353e-02;3.030525e-02;7.057086e-02;2.427947e-02;2.206525e-02;1.205749e-02;3.965665e-02
3.514937e-01;1.305432e-01;2.533902e-01;1.497770e-02;4.979857e-02;1.049171e-02;2.864802e-02;5.845864e-02;3.089712e-02;1.523349e-02;1.953892e-02;3.652864e-02
3.239142e-01;1.162517e-01;2.317501e-01;1.970398e-02;4.897624e-02;1.411445e-02;4.558102e-02;5.284140e-02;2.642940e-02;2.411932e-02;4.534480e-02;5.097337e-02
2.884576e-01;9.011922e-02;1.264121e-01;2.716677e-02;4.221220e-02;2.541834e-02;8.063029e-02;4.214712e-02;4.096454e-02;7.572872e-02;1.000903e-01;6.065277e-02
2.038551e-01;8.838718e-02;1.132840e-01;2.966955e-02;3.416226e-02;3.539032e-02;8.486199e-02;4.248241e-02;5.438274e-02;1.622086e-01;1.205789e-01;3.073701e-02
1.750000e-01;7.039760e-02;1.328901e-01;3.436920e-02;6.113205e-02;2.936075e-02;6.616170e-02;7.869417e-02;7.117914e-02;1.732106e-01;7.846805e-02;2.913661e-02
1.600666e-01;5.840121e-02;1.359764e-01;4.296977e-02;8.441740e-02;3.923048e-02;6.968080e-02;7.851798e-02;6.123975e-02;1.514051e-01;7.915852e-02;3.893602e-02
1.062902e-01;6.629663e-02;1.164649e-01;5.000023e-02;9.405290e-02;3.846837e-02;8.706578e-02;6.535063e-02;7.676731e-02;1.588910e-01;8.403247e-02;5.631965e-02
4.414391e-02;7.916117e-02;1.675870e-01;7.322093e-02;7.065058e-02;4.677769e-02;9.257556e-02;7.980559e-02;8.074669e-02;1.270140e-01;8.059763e-02;5.771929e-02
8.652674e-02;5.717371e-02;1.992805e-01;6.129397e-02;6.285624e-02;6.794429e-02;8.281377e-02;9.469853e-02;8.993739e-02;8.526535e-02;7.342707e-02;3.878246e-02
9.321549e-02;3.294735e-02;2.495080e-01;5.015757e-02;9.491043e-02;7.501017e-02;9.581032e-02;6.689979e-02;8.433051e-02;8.050635e-02;4.516083e-02;3.154321e-02
8.183258e-02;7.864967e-02;3.884277e-01;4.907326e-02;7.631765e-02;4.058657e-02;1.128133e-01;2.929901e-02;3.778518e-02;4.962499e-02;3.215738e-02;2.343268e-02
6.531969e-02;8.460286e-02;4.941938e-01;6.825707e-02;5.387425e-02;3.282380e-02;7.523213e-02;2.284750e-02;3.092729e-02;2.718093e-02;2.677250e-02;1.796824e-02
4.984933e-02;5.197842e-02;5.081346e-01;1.545490e-01;6.473593e-02;3.257228e-02;5.402833e-02;1.175187e-02;1.882367e-02;2.453903e-02;2.103263e-02;8.004882e-03
3.112342e-02;3.543783e-02;5.099537e-01;2.089539e-01;6.976485e-02;2.991283e-02;4.240550e-02;1.234140e-02;1.003631e-02;2.656302e-02;1.955228e-02;3.954928e-03
3.192146e-02;5.713747e-02;5.679951e-01;1.569904e-01;7.007432e-02;1.546024e-02;2.755164e-02;7.583750e-03;1.487366e-02;3.266111e-02;1.283961e-02;4.911195e-03
2.839458e-02;1.122354e-01;6.231887e-01;8.805632e-02;4.895907e-02;1.210032e-02;1.265050e-02;1.051607e-02;2.586430e-02;2.219397e-02;5.766857e-03;1.007390e-02
3.252493e-02;1.710296e-01;5.961230e-01;5.552721e-02;2.194083e-02;2.046450e-02;1.019542e-02;1.577094e-02;3.703085e-02;2.055734e-02;4.795446e-03;1.403999e-02
5.255746e-02;2.296745e-01;4.821827e-01;3.694914e-02;1.751309e-02;5.270736e-02;9.177317e-03;1.371758e-02;6.460410e-02;2.004687e-02;3.499246e-03;1.737064e-02
7.755755e-02;2.972157e-01;2.932361e-01;4.820128e-02;1.151247e-02;9.480698e-02;1.062699e-02;1.166896e-02;1.219352e-01;1.428033e-02;2.233281e-03;1.672522e-02
1.257095e-01;3.381432e-01;6.792042e-02;9.669621e-02;1.106892e-02;1.087137e-01;1.158176e-02;1.069738e-02;1.999594e-01;1.324497e-02;4.197958e-03;1.206654e-02
1.119424e-01;2.781607e-01;1.546263e-01;1.230273e-01;1.612849e-02;6.898019e-02;1.131275e-02;6.397014e-03;2.073868e-01;9.501016e-03;3.629891e-03;8.907201e-03
1.136959e-01;2.453031e-01;1.527729e-01;1.287097e-01;2.106002e-02;4.849856e-02;1.901978e-02;2.404599e-02;2.119530e-01;2.221119e-02;6.416962e-03;6.312953e-03
1.320570e-01;2.232519e-01;1.408530e-01;1.186096e-01;2.776679e-02;4.158941e-02;1.919527e-02;3.505072e-02;2.076905e-01;3.301955e-02;9.170880e-03;1.174535e-02
1.060764e-01;1.534451e-01;2.698357e-01;1.014800e-01;5.809122e-02;3.825694e-02;3.417252e-02;3.172912e-02;1.452527e-01;3.582725e-02;1.252524e-02;1.330782e-02
6.505433e-02;6.613331e-02;3.853691e-01;1.147841e-01;1.008667e-01;4.134779e-02;6.487264e-02;1.943398e-02;7.848365e-02;3.121961e-02;2.617785e-02;6.256945e-03
4.595541e-02;2.361657e-02;3.824093e-01;1.179417e-01;1.268487e-01;6.399581e-02;1.014371e-01;2.195690e-02;4.030254e-02;2.430814e-02;3.800568e-02;1.322218e-02
4.079272e-02;4.366711e-02;3.277882e-01;1.037116e-01;1.272865e-01;7.603889e-02;9.695278e-02;3.128763e-02;5.061231e-02;3.473426e-02;4.562297e-02;2.150508e-02
4.153146e-02;5.132634e-02;2.906506e-01;1.235038e-01;9.620682e-02;5.247061e-02;4.697277e-02;3.499698e-02;1.786624e-01;4.618160e-02;2.483912e-02;1.265742e-02
3.931004e-02;6.036827e-02;3.184542e-01;1.177213e-01;6.476399e-02;5.928848e-02;8.766018e-02;2.370765e-02;1.747182e-01;2.898521e-02;1.494557e-02;1.007687e-02
3.659447e-02;1.000531e-01;2.887978e-01;7.262893e-02;6.427222e-02;8.084256e-02;1.015279e-01;2.498621e-02;1.763986e-01;2.297602e-02;1.931025e-02;1.161202e-02
9.780635e-02;1.734513e-01;2.090042e-01;6.351440e-02;7.813232e-02;7.166510e-02;7.957229e-02;3.369211e-02;1.351798e-01;2.423192e-02;2.133828e-02;1.241194e-02
9.581203e-02;1.865467e-01;2.785268e-01;9.388600e-02;7.404172e-02;5.030084e-02;4.191750e-02;3.281344e-02;8.931421e-02;3.086017e-02;1.562231e-02;1.035818e-02
7.475703e-02;1.662813e-01;2.760139e-01;1.169150e-01;6.437683e-02;4.898031e-02;6.434809e-02;4.707893e-02;7.062484e-02;4.384452e-02;1.303958e-02;1.373957e-02
2.515660e-02;1.523495e-01;3.129360e-01;1.264254e-01;6.780515e-02;3.378408e-02;6.226567e-02;5.163459e-02;8.409711e-02;4.531316e-02;2.012977e-02;1.810306e-02
4.961760e-02;1.657806e-01;3.128579e-01;8.402769e-02;6.087304e-02;3.632373e-02;6.338780e-02;3.891858e-02;1.063600e-01;3.154301e-02;3.046650e-02;1.984368e-02
1.641158e-01;1.814099e-01;1.050040e-01;6.224272e-02;5.920636e-02;6.110590e-02;7.441577e-02;5.742088e-02;9.933556e-02;6.274925e-02;2.248315e-02;5.051081e-02
1.752176e-01;1.088635e-01;1.559117e-01;5.963486e-02;7.307625e-02;6.054614e-02;7.244869e-02;5.869800e-02;6.179601e-02;6.382170e-02;3.548371e-02;7.450172e-02
1.525143e-01;1.133683e-01;1.402235e-01;5.866656e-02;8.361734e-02;6.284598e-02;9.857474e-02;4.086268e-02;6.408700e-02;5.963014e-02;4.649934e-02;7.911007e-02
7.192215e-02;5.906293e-02;1.470588e-01;7.618333e-02;1.008750e-01;8.670988e-02;1.931419e-01;5.039382e-02;5.755626e-02;5.738904e-02;5.082833e-02;4.887853e-02
8.723507e-02;5.413299e-02;2.129956e-01;9.032526e-02;9.029998e-02;8.850898e-02;1.698875e-01;3.893201e-02;2.820060e-02;6.894215e-02;5.042479e-02;2.011512e-02
9.146390e-02;6.415876e-02;2.962470e-01;8.481763e-02;7.273410e-02;6.879503e-02;1.098137e-01;2.020364e-02;2.260093e-02;1.094381e-01;4.123130e-02;1.849591e-02
7.042361e-02;6.660534e-02;3.668045e-01;5.087278e-02;4.030963e-02;3.892405e-02;5.719971e-02;8.961938e-03;8.153050e-02;1.573515e-01;2.149304e-02;3.952347e-02
3.525269e-02;1.053670e-01;3.290527e-01;2.321231e-02;1.748895e-02;3.196161e-02;2.589265e-02;1.251265e-02;1.873866e-01;1.467344e-01;6.978259e-03;7.816026e-02
3.521879e-02;1.559696e-01;2.034034e-01;1.655406e-02;1.073455e-02;4.423122e-02;9.032244e-03;1.619529e-02;3.236121e-01;7.370848e-02;1.058968e-02;1.007506e-01
3.954847e-02;1.982623e-01;1.050360e-01;1.421507e-02;9.002394e-03;4.904137e-02;7.786800e-03;1.787906e-02;4.244385e-01;5.402996e-02;1.323335e-02;6.752672e-02
5.325901e-02;2.150569e-01;5.969261e-02;1.472555e-02;8.908805e-03;3.963787e-02;8.430205e-03;4.268795e-02;4.696476e-01;4.140270e-02;1.800955e-02;2.854115e-02
7.374604e-02;1.992149e-01;7.554623e-02;1.621096e-02;9.389745e-03;3.157730e-02;1.454483e-02;5.942934e-02;4.785093e-01;1.604915e-02;1.228122e-02;1.350109e-02
7.772491e-02;1.767626e-01;8.684096e-02;1.451441e-02;7.854526e-03;2.757656e-02;3.346938e-02;4.840783e-02;4.681002e-01;3.610680e-02;5.448890e-03;1.719287e-02
6.592694e-02;1.501408e-01;1.051534e-01;2.206609e-02;8.971036e-03;2.036930e-02;2.221216e-02;5.623858e-02;4.646588e-01;5.359982e-02;1.340552e-02;1.725755e-02
7.019880e-02;1.075974e-01;1.170547e-01;2.915688e-02;1.572497e-02;2.379704e-02;2.724012e-02;6.837299e-02;4.529240e-01;5.059351e-02;1.829557e-02;1.904408e-02
8.249234e-02;8.912887e-02;1.629499e-01;2.760334e-02;1.788957e-02;3.044403e-02;3.789965e-02;4.169764e-02;3.854017e-01;6.229961e-02;3.183704e-02;3.035642e-02
8.668604e-02;6.831623e-02;1.828535e-01;3.890539e-02;3.826316e-02;2.931798e-02;8.424714e-02;4.550201e-02;2.443850e-01;9.499107e-02;5.755043e-02;2.898206e-02
5.365935e-02;5.182586e-02;1.187062e-01;3.345627e-02;3.623474e-02;3.296830e-02;5.772463e-02;6.276290e-02;4.027330e-01;8.052681e-02;3.620749e-02;3.319447e-02
4.056809e-02;4.129152e-02;9.819833e-02;1.848071e-02;2.243972e-02;3.194388e-02;3.021801e-02;8.721852e-02;4.992418e-01;8.844303e-02;1.476359e-02;2.719283e-02
5.245647e-02;3.802023e-02;1.401075e-01;3.512529e-02;1.623756e-02;3.550474e-02;3.554603e-02;7.411801e-02;4.156795e-01;1.149120e-01;2.177183e-02;2.052091e-02
7.125323e-02;9.035014e-02;1.893860e-01;5.465233e-02;3.343812e-02;4.929222e-02;7.162089e-02;5.190946e-02;2.524547e-01;7.590369e-02;3.630922e-02;2.343003e-02
6.006659e-02;1.184457e-01;2.357074e-01;4.557813e-02;5.703415e-02;5.714190e-02;7.128038e-02;6.730120e-02;1.738072e-01;4.496467e-02;4.139559e-02;2.727703e-02
4.480771e-02;9.485751e-02;2.237774e-01;9.554254e-02;6.260632e-02;6.226197e-02;7.987621e-02;7.971167e-02;1.263066e-01;5.522445e-02;3.908353e-02;3.594409e-02
6.210950e-02;8.934741e-02;1.899767e-01;1.190530e-01;8.422158e-02;8.220704e-02;9.038433e-02;6.603623e-02;7.315219e-02;7.311530e-02;3.022348e-02;4.017324e-02
1.070163e-01;8.476675e-02;1.510489e-01;1.126206e-01;1.052509e-01;6.305635e-02;8.355304e-02;6.780317e-02;5.608179e-02;6.224262e-02;5.519081e-02;5.136874e-02
1.261989e-01;6.367037e-02;8.233976e-02;1.863366e-01;9.480380e-02;6.011820e-02;9.361470e-02;6.381612e-02;6.576967e-02;3.602355e-02;5.728437e-02;7.002389e-02
1.243408e-01;8.513384e-02;8.463056e-02;1.602210e-01;8.105660e-02;8.240607e-02;1.029409e-01;4.992399e-02;8.171872e-02;4.705678e-02;5.606449e-02;4.450628e-02
9.233161e-02;7.410341e-02;1.255655e-01;1.255147e-01;8.935660e-02;9.067199e-02;1.025415e-01;6.092706e-02;1.012306e-01;6.871483e-02;3.476679e-02;3.427537e-02
6.019956e-02;5.878972e-02;1.079474e-01;1.900781e-01;1.087532e-01;1.018474e-01;1.103851e-01;5.495655e-02;8.866344e-02;6.565687e-02;1.915358e-02;3.356914e-02
4.766432e-02;4.412362e-02;1.012631e-01;2.120925e-01;8.708455e-02;1.128094e-01;1.053194e-01;5.331237e-02;6.308785e-02;9.963689e-02;3.582317e-02;3.778281e-02
6.404650e-02;5.313404e-02;7.436313e-02;2.233487e-01;9.599458e-02;9.072971e-02;7.694776e-02;6.861152e-02;8.430213e-02;9.506851e-02;3.765997e-02;3.579340e-02
7.793909e-02;4.009022e-02;5.357507e-02;2.082796e-01;2.333870e-01;8.382903e-02;5.437914e-02;5.286152e-02;8.057284e-02;5.828782e-02;2.447163e-02;3.232710e-02
6.261751e-02;3.147159e-02;6.025451e-02;1.795196e-01;3.319968e-01;8.000693e-02;5.100311e-02;4.895092e-02;6.019019e-02;4.050825e-02;2.994266e-02;2.353788e-02
4.570829e-02;6.042127e-02;7.065563e-02;1.313383e-01;2.488851e-01;7.004298e-02;7.201999e-02;6.019641e-02;7.679639e-02;8.812258e-02;3.074863e-02;4.506439e-02
6.097859e-02;7.512026e-02;1.052162e-01;1.206051e-01;1.312325e-01;1.156952e-01;9.847750e-02;4.759813e-02;6.160526e-02;9.436075e-02;3.954540e-02;4.956513e-02
4.385049e-02;5.784172e-02;9.030166e-02;7.443266e-02;1.479029e-01;2.113626e-01;7.601407e-02;5.190015e-02;6.803197e-02;9.881964e-02;4.164398e-02;3.789814e-02
4.419958e-02;3.435989e-02;5.514422e-02;8.337158e-02;2.058728e-01;2.263626e-01;5.717462e-02;8.168294e-02;5.616626e-02;9.098894e-02;3.559873e-02;2.907790e-02
4.729294e-02;3.504282e-02;6.914202e-02;1.023546e-01;1.180059e-01;2.432976e-01;5.617473e-02;1.215545e-01;7.032417e-02;7.201909e-02;3.511259e-02;2.967913e-02
4.457575e-02;6.476559e-02;9.623823e-02;9.207698e-02;7.102301e-02;2.238781e-01;6.193985e-02;1.203540e-01;8.956666e-02;7.187019e-02;3.368127e-02;3.003035e-02
4.874159e-02;7.826342e-02;1.291310e-01;7.269121e-02;8.002589e-02;1.645134e-01;8.288622e-02;9.199175e-02;7.156990e-02;8.526950e-02;4.701658e-02;4.789950e-02
7.907747e-02;6.181743e-02;1.305175e-01;4.394976e-02;8.730339e-02;8.192200e-02;1.395520e-01;1.046452e-01;6.912529e-02;9.322645e-02;5.875042e-02;5.011306e-02
7.073397e-02;4.466563e-02;9.668263e-02;4.658461e-02;7.540535e-02;1.119376e-01;1.793966e-01;1.158338e-01;7.524595e-02;9.302104e-02;5.092050e-02;3.957229e-02
9.701303e-02;4.025709e-02;9.215342e-02;3.111377e-02;6.164262e-02;1.635221e-01;1.614231e-01;8.900246e-02;9.635506e-02;8.763374e-02;4.478604e-02;3.509762e-02
9.756598e-02;3.988019e-02;1.006811e-01;5.806846e-02;5.247507e-02;1.476546e-01;1.325108e-01;9.585252e-02;9.786636e-02;7.982960e-02;5.968711e-02;3.792825e-02
7.515368e-02;4.715906e-02;8.981972e-02;7.484648e-02;6.957623e-02;1.026754e-01;1.349171e-01;1.140118e-01;6.832884e-02;7.592475e-02;8.848776e-02;5.909909e-02
3.742155e-02;5.511658e-02;1.320875e-01;7.121365e-02;5.695776e-02;1.011623e-01;1.302224e-01;1.218429e-01;9.373353e-02;7.196062e-02;6.769603e-02;6.058529e-02
5.568423e-02;6.110182e-02;1.329789e-01;4.460042e-02;5.151272e-02;1.038819e-01;1.194696e-01;1.018732e-01;1.219801e-01;8.675274e-02;6.353638e-02;5.662804e-02
3.990239e-02;5.516869e-02;1.199056e-01;6.016656e-02;6.284223e-02;8.465850e-02;1.892544e-01;9.256358e-02;9.224155e-02;8.627959e-02;6.499999e-02;5.201680e-02
3.069641e-02;5.828485e-02;1.159529e-01;8.556796e-02;6.414133e-02;8.769952e-02;2.194187e-01;7.205345e-02;9.169205e-02;8.191344e-02;5.256299e-02;4.001636e-02
4.679789e-02;5.861124e-02;1.361040e-01;7.533583e-02;5.082906e-02;8.618690e-02;1.463148e-01;6.622245e-02;1.289457e-01;8.803798e-02;5.654689e-02;6.006721e-02
4.613242e-02;3.564587e-02;6.612358e-02;3.685727e-02;6.554264e-02;6.815549e-02;4.179841e-01;7.642359e-02;4.368085e-02;6.364080e-02;5.028530e-02;2.952800e-02
4.857048e-02;3.601318e-02;4.823426e-02;1.270740e-02;5.178888e-02;6.305160e-02;5.230560e-01;8.744669e-02;3.156178e-02;5.173469e-02;2.890985e-02;1.692520e-02
3.429734e-02;2.344706e-02;3.402764e-02;1.033037e-02;5.411658e-02;5.807487e-02;6.015691e-01;8.928231e-02;2.683805e-02;3.563467e-02;1.984490e-02;1.253711e-02
1.351520e-02;2.129915e-02;2.038813e-02;2.143061e-02;6.449589e-02;5.355250e-02;6.771250e-01;7.423147e-02;2.099282e-02;1.581205e-02;1.200522e-02;5.151935e-03
1.425629e-02;2.233938e-02;3.509803e-02;4.897288e-02;9.229794e-02;7.662559e-02;6.224965e-01;4.890632e-02;1.734296e-02;9.246603e-03;6.777948e-03;5.639540e-03
2.281268e-02;2.311452e-02;8.729171e-02;7.375791e-02;1.039051e-01;9.345883e-02;4.955312e-01;3.804369e-02;2.794907e-02;1.604497e-02;8.840404e-03;9.249935e-03
2.094507e-02;2.774058e-02;1.492247e-01;7.793769e-02;9.996796e-02;6.778074e-02;4.090564e-01;4.144726e-02;4.098052e-02;3.294333e-02;1.652309e-02;1.545263e-02
2.982617e-02;4.185569e-02;1.601202e-01;5.568093e-02;1.097287e-01;5.847936e-02;3.784438e-01;5.914151e-02;4.190932e-02;2.741640e-02;1.806911e-02;1.932877e-02
4.396839e-02;4.974031e-02;7.193446e-02;2.532431e-02;8.255772e-02;9.293746e-02;4.317350e-01;7.616681e-02;3.785415e-02;2.723083e-02;3.343917e-02;2.711141e-02
5.056811e-02;3.702698e-02;6.359053e-02;4.098372e-02;6.940061e-02;8.402741e-02;3.782559e-01;7.733012e-02;5.464258e-02;5.979564e-02;4.679517e-02;3.758325e-02
7.086104e-02;3.232586e-02;5.917814e-02;5.071731e-02;7.937373e-02;8.085955e-02;2.967274e-01;7.600172e-02;6.376097e-02;9.160408e-02;4.635020e-02;5.224000e-02
6.297841e-02;4.519335e-02;8.830032e-02;6.298402e-02;1.030262e-01;9.319161e-02;1.759634e-01;1.051764e-01;7.714503e-02;8.729838e-02;3.493462e-02;6.380817e-02
5.615120e-02;8.937681e-02;1.303063e-01;7.798320e-02;9.739544e-02;5.050897e-02;1.210336e-01;9.657660e-02;8.170861e-02;8.043206e-02;4.069149e-02;7.783572e-02
5.915105e-02;9.656473e-02;1.421350e-01;1.002846e-01;9.794670e-02;4.730102e-02;8.282570e-02;6.683107e-02;9.316757e-02;9.027760e-02;5.089450e-02;7.262047e-02
7.108856e-02;1.269408e-01;1.161524e-01;9.665289e-02;9.446673e-02;4.757608e-02;1.002106e-01;7.380894e-02;8.476359e-02;8.187944e-02;5.901963e-02;4.744029e-02
9.114373e-02;1.396386e-01;7.606060e-02;4.435472e-02;8.437400e-02;6.472626e-02;2.174021e-01;6.649273e-02;5.308480e-02;5.248613e-02;7.867583e-02;3.156047e-02
7.879324e-02;9.965834e-02;6.279943e-02;4.364281e-02;9.247563e-02;1.065718e-01;2.879776e-01;3.752650e-02;3.713696e-02;5.189643e-02;7.648168e-02;2.503963e-02
7.912215e-02;5.140183e-02;6.109210e-02;6.373855e-02;8.730152e-02;1.337793e-01;3.314690e-01;3.757748e-02;3.156171e-02;5.596336e-02;5.336230e-02;1.363075e-02
9.249149e-02;3.074080e-02;6.581257e-02;6.666493e-02;6.867104e-02;1.290284e-01;3.548490e-01;3.517399e-02;4.572266e-02;5.259864e-02;3.695125e-02;2.129531e-02
8.478142e-02;3.646791e-02;8.885227e-02;4.503947e-02;5.044506e-02;1.103385e-01;4.030515e-01;2.646386e-02;5.086135e-02;5.094995e-02;2.823343e-02;2.451523e-02
4.632236e-02;5.041384e-02;8.595914e-02;2.335303e-02;4.517161e-02;1.142352e-01;4.677411e-01;2.698701e-02;4.994525e-02;4.166039e-02;2.457899e-02;2.363203e-02
1.952242e-02;5.623860e-02;7.547697e-02;1.656287e-02;5.573111e-02;1.507752e-01;4.775384e-01;3.919176e-02;4.369540e-02;3.076601e-02;2.151178e-02;1.298943e-02
5.948365e-02;4.037208e-02;3.311843e-02;2.823608e-02;7.436208e-02;2.257051e-01;4.276014e-01;2.809250e-02;2.190905e-02;3.666561e-02;1.424107e-02;1.021295e-02
8.556590e-02;1.681489e-02;2.402107e-02;3.478502e-02;1.311956e-01;2.943731e-01;3.222271e-01;1.582990e-02;1.433850e-02;3.514145e-02;8.720350e-03;1.698711e-02
8.123345e-02;7.915524e-03;3.463760e-02;4.634479e-02;2.407225e-01;3.074716e-01;1.883819e-01;1.582253e-02;2.011990e-02;3.089182e-02;1.075462e-02;1.570368e-02
3.923299e-02;1.341399e-02;5.700574e-02;8.258609e-02;3.435731e-01;2.587690e-01;1.280292e-01;2.273251e-02;1.932236e-02;1.970028e-02;9.239406e-03;6.395390e-03
2.117136e-02;1.110579e-02;6.982520e-02;7.447937e-02;3.787408e-01;2.180630e-01;1.612216e-01;2.245021e-02;1.786404e-02;1.281562e-02;5.752167e-03;6.510862e-03
2.554629e-02;7.657488e-03;6.320778e-02;4.179777e-02;3.833318e-01;1.921693e-01;2.193287e-01;1.536051e-02;2.112627e-02;1.184863e-02;5.342138e-03;1.328327e-02
2.808444e-02;8.107006e-03;7.279816e-02;3.694221e-02;3.118322e-01;2.186499e-01;2.658732e-01;8.713246e-03;1.900191e-02;9.429622e-03;6.609326e-03;1.395880e-02
2.479511e-02;1.031123e-02;4.155914e-02;2.239989e-02;2.445640e-01;2.750755e-01;3.281871e-01;1.308506e-02;1.047754e-02;1.187197e-02;5.955568e-03;1.171801e-02
3.540926e-02;4.824769e-03;2.847583e-02;1.400182e-02;1.885483e-01;2.948837e-01;3.784996e-01;2.118598e-02;6.908979e-03;1.283889e-02;6.621531e-03;7.801304e-03
3.158122e-02;5.582741e-03;2.030878e-02;1.322167e-02;1.485270e-01;2.819944e-01;4.506486e-01;1.874447e-02;7.477096e-03;1.292821e-02;5.393614e-03;3.592272e-03
2.667256e-02;6.605185e-03;9.698882e-03;1.163568e-02;1.573334e-01;2.646276e-01;4.742123e-01;1.542270e-02;6.525844e-03;1.648512e-02;4.958160e-03;5.822523e-03
2.271396e-02;6.433171e-03;2.046412e-02;1.460816e-02;1.759921e-01;2.573915e-01;4.412135e-01;1.896683e-02;9.879587e-03;1.974527e-02;5.596074e-03;6.995691e-03
1.808480e-02;1.106795e-02;4.393690e-02;2.477775e-02;2.087012e-01;2.569055e-01;3.709609e-01;1.833300e-02;1.596414e-02;1.619454e-02;6.747564e-03;8.325775e-03
2.004402e-02;1.490071e-02;9.037028e-02;4.271777e-02;2.378193e-01;2.329290e-01;2.586347e-01;2.691059e-02;2.891764e-02;2.914256e-02;7.106513e-03;1.050701e-02
1.952398e-02;1.417727e-02;1.517076e-01;5.985598e-02;2.071740e-01;1.790661e-01;2.298871e-01;2.953023e-02;3.650345e-02;5.208722e-02;1.252779e-02;7.959334e-03
1.672921e-02;1.692359e-02;1.814564e-01;8.464051e-02;1.614677e-01;1.466952e-01;2.538196e-01;3.337380e-02;3.165912e-02;4.490273e-02;1.423484e-02;1.409724e-02
1.816013e-02;1.677320e-02;1.547392e-01;9.045314e-02;1.298851e-01;1.652809e-01;2.799951e-01;3.595117e-02;2.391790e-02;4.266823e-02;1.888245e-02;2.329360e-02
1.498727e-02;1.054511e-02;8.540469e-02;5.307442e-02;1.832775e-01;1.952516e-01;3.217849e-01;2.105053e-02;2.671799e-02;5.155776e-02;1.567719e-02;2.067104e-02
2.365312e-02;1.041089e-02;7.549453e-02;2.865407e-02;2.121604e-01;2.060696e-01;3.068937e-01;2.247036e-02;3.996442e-02;4.621748e-02;1.229437e-02;1.571710e-02
3.212712e-02;1.360557e-02;6.949326e-02;4.070680e-02;2.214726e-01;1.976481e-01;2.487860e-01;2.369914e-02;6.088232e-02;4.892315e-02;2.624208e-02;1.641386e-02
2.169421e-02;3.160138e-02;8.638404e-02;6.414021e-02;1.696762e-01;1.544198e-01;2.269561e-01;4.131870e-02;4.424632e-02;6.818964e-02;5.712213e-02;3.425122e-02
3.362041e-02;5.007679e-02;1.270010e-01;9.977016e-02;8.050448e-02;7.298581e-02;1.397669e-01;6.986366e-02;7.618790e-02;1.117037e-01;8.995727e-02;4.856190e-02
5.189784e-02;4.775579e-02;1.431480e-01;1.166419e-01;5.653675e-02;4.905524e-02;1.118567e-01;6.770431e-02;8.631279e-02;1.295502e-01;9.209830e-02;4.744213e-02
5.296453e-02;4.871148e-02;1.109290e-01;6.134914e-02;5.645896e-02;6.748524e-02;2.117464e-01;1.198868e-01;1.014562e-01;7.614907e-02;4.898714e-02;4.387603e-02
7.731504e-02;4.365421e-02;7.329936e-02;2.972790e-02;5.931511e-02;9.367289e-02;2.613325e-01;1.157437e-01;1.074096e-01;5.402940e-02;3.350789e-02;5.099228e-02
9.265064e-02;3.830489e-02;5.463842e-02;3.664677e-02;9.192802e-02;1.021379e-01;2.297239e-01;8.997680e-02;9.133710e-02;4.265394e-02;3.585663e-02;9.414501e-02
