4.214009e-02;1.833249e-01;1.360574e-01;1.067861e-01;6.355566e-02;1.296025e-01;7.915118e-02;8.871558e-02;6.273441e-02;3.956880e-02;3.286984e-02;3.549360e-02
1.870492e-02;9.811204e-02;1.624168e-01;1.177732e-01;1.254898e-01;2.390581e-01;4.252284e-02;7.328127e-02;3.800434e-02;2.038692e-02;2.068919e-02;4.356063e-02
4.924742e-02;5.449589e-02;9.585403e-02;8.843181e-02;1.290900e-01;3.754271e-01;3.721377e-02;8.085936e-02;2.359121e-02;1.725632e-02;9.301840e-03;3.923123e-02
6.074622e-02;5.706912e-02;3.243124e-02;3.991228e-02;7.783804e-02;4.729293e-01;8.513675e-02;1.177020e-01;1.436037e-02;1.623035e-02;6.154670e-03;1.948962e-02
3.398752e-02;9.238610e-02;1.873427e-02;1.487014e-02;2.330855e-02;4.308166e-01;1.697976e-01;1.731426e-01;1.657875e-02;9.828916e-03;1.098921e-02;5.559830e-03
9.634767e-03;1.185576e-01;5.178911e-02;1.185880e-02;1.604915e-02;2.903754e-01;2.067785e-01;2.498134e-01;2.274297e-02;4.149387e-03;1.337671e-02;4.874287e-03
1.066000e-02;9.935562e-02;1.175525e-01;1.463103e-02;1.731016e-02;1.475109e-01;1.557416e-01;3.693843e-01;4.389243e-02;5.133545e-03;1.320521e-02;5.622657e-03
5.860528e-03;5.157168e-02;2.036987e-01;1.166535e-02;1.778069e-02;1.014191e-01;6.794362e-02;4.437442e-01;6.619369e-02;1.205421e-02;8.578359e-03;9.489911e-03
4.122023e-03;2.363235e-02;2.564050e-01;1.936164e-02;1.811664e-02;1.613861e-01;1.851708e-02;4.022089e-01;5.846589e-02;1.459610e-02;4.919759e-03;1.826855e-02
8.999381e-03;2.897795e-02;2.389744e-01;7.915810e-02;1.366567e-02;1.844878e-01;1.859994e-02;3.404364e-01;4.967172e-02;1.408390e-02;3.944909e-03;1.899981e-02
1.161819e-02;3.910189e-02;1.273314e-01;1.453780e-01;1.026935e-02;1.531857e-01;3.386687e-02;3.126109e-01;1.383992e-01;1.371285e-02;3.679530e-03;1.084601e-02
9.154260e-03;2.573208e-02;1.652937e-01;1.033154e-01;1.273673e-02;8.824434e-02;4.288732e-02;3.781491e-01;1.490878e-01;9.548660e-03;6.904576e-03;8.946054e-03
1.215968e-02;6.511153e-02;1.835211e-01;4.197152e-02;1.096532e-02;7.543162e-02;6.405981e-02;4.119752e-01;1.080765e-01;8.677773e-03;9.426232e-03;8.623848e-03
3.198542e-02;1.438303e-01;6.991871e-02;4.092678e-02;1.768663e-02;1.147546e-01;8.789863e-02;3.490960e-01;1.022294e-01;1.423619e-02;1.654104e-02;1.089639e-02
2.733442e-02;1.217899e-01;2.068443e-01;9.104693e-02;1.894886e-02;7.672751e-02;7.269400e-02;2.345521e-01;1.125957e-01;1.521713e-02;1.300739e-02;9.241811e-03
7.173019e-03;4.152310e-02;3.480856e-01;1.342793e-01;1.084352e-02;3.091220e-02;4.075842e-02;2.667133e-01;9.088118e-02;8.908094e-03;7.158225e-03;1.276413e-02
7.700396e-03;6.167992e-02;4.104302e-01;6.832489e-02;5.366403e-03;5.707175e-02;4.916271e-02;2.802018e-01;3.994825e-02;4.214406e-03;5.042281e-03;1.085694e-02
7.338697e-03;1.683520e-01;3.172337e-01;1.994150e-02;6.607545e-03;7.492512e-02;1.479350e-01;2.193663e-01;1.954726e-02;4.330982e-03;8.213922e-03;6.207916e-03
1.113378e-02;2.855017e-01;1.332558e-01;1.036950e-02;8.600136e-03;1.090797e-01;2.743150e-01;1.362914e-01;9.425228e-03;5.158941e-03;1.204558e-02;4.823317e-03
6.380272e-02;2.568868e-01;1.554558e-02;1.217269e-02;1.618893e-02;2.070196e-01;3.022573e-01;8.711612e-02;1.572216e-02;8.836989e-03;1.005388e-02;4.397170e-03
1.396596e-01;1.133665e-01;2.105990e-02;1.943161e-02;4.283366e-02;3.594050e-01;2.200485e-01;4.395137e-02;1.456178e-02;1.213475e-02;7.100295e-03;6.447150e-03
1.545111e-01;4.790993e-02;5.264873e-02;3.804710e-02;8.350222e-02;3.809358e-01;1.371269e-01;5.345161e-02;1.976262e-02;1.544050e-02;4.359565e-03;1.230383e-02
8.584271e-02;6.077207e-02;9.389760e-02;5.899753e-02;1.213002e-01;2.623527e-01;9.396155e-02;1.135658e-01;3.407911e-02;1.098192e-02;1.176168e-02;5.248713e-02
4.222899e-02;7.417811e-02;9.725548e-02;5.743365e-02;1.380969e-01;2.345279e-01;6.363387e-02;1.651954e-01;2.171698e-02;1.407308e-02;2.689564e-02;6.476403e-02
4.874850e-02;1.233889e-01;1.152753e-01;6.533857e-02;1.373777e-01;1.795247e-01;7.847510e-02;1.551563e-01;1.931354e-02;2.017182e-02;3.428084e-02;2.294871e-02
3.533814e-02;1.533430e-01;1.403605e-01;6.221832e-02;1.307728e-01;1.648068e-01;1.012943e-01;1.158043e-01;1.429154e-02;2.359320e-02;3.660097e-02;2.157614e-02
4.096872e-02;1.304224e-01;1.498353e-01;5.971047e-02;1.453018e-01;1.785431e-01;9.930153e-02;9.461443e-02;3.040348e-02;2.182354e-02;2.677492e-02;2.230025e-02
3.150224e-02;7.727583e-02;1.526870e-01;9.939162e-02;1.554853e-01;1.246459e-01;1.254650e-01;1.006120e-01;5.980046e-02;2.459581e-02;2.288131e-02;2.565748e-02
2.673773e-02;6.944519e-02;1.242679e-01;4.728366e-02;1.449553e-01;1.636909e-01;9.445783e-02;1.206832e-01;7.963443e-02;4.255550e-02;3.992976e-02;4.635861e-02
3.000655e-02;6.038817e-02;1.007674e-01;6.192381e-02;1.585336e-01;1.067914e-01;7.875689e-02;1.397613e-01;7.651328e-02;5.948302e-02;6.928165e-02;5.779297e-02
2.160005e-02;2.915485e-02;8.453492e-02;1.012865e-01;2.159320e-01;1.038174e-01;1.042878e-01;1.207043e-01;5.725154e-02;4.927885e-02;5.357014e-02;5.858155e-02
2.021794e-02;3.576126e-02;8.274116e-02;9.152196e-02;2.503975e-01;8.208819e-02;1.224521e-01;1.209465e-01;6.800486e-02;3.109322e-02;2.197981e-02;7.279555e-02
5.011702e-02;2.976168e-02;8.133242e-02;5.185211e-02;1.458758e-01;2.061420e-01;7.355114e-02;1.867830e-01;5.911845e-02;5.095873e-02;1.194662e-02;5.256106e-02
6.543205e-02;4.825004e-02;6.011486e-02;4.152433e-02;5.174791e-02;3.029004e-01;6.941116e-02;1.942044e-01;5.402194e-02;8.435418e-02;8.648340e-03;1.939044e-02
4.267130e-02;6.756409e-02;5.594771e-02;4.050708e-02;4.122167e-02;2.848306e-01;1.087973e-01;1.646110e-01;1.192789e-01;6.118193e-02;6.288491e-03;7.099917e-03
8.270172e-03;7.800534e-02;4.797687e-02;4.142882e-02;5.642471e-02;2.221128e-01;1.489536e-01;1.806698e-01;1.578217e-01;3.745797e-02;9.400209e-03;1.147810e-02
1.978537e-02;5.642502e-02;6.469475e-02;4.263689e-02;7.575491e-02;1.771603e-01;9.966537e-02;2.348402e-01;9.569070e-02;1.050596e-01;1.231755e-02;1.596933e-02
8.686939e-03;1.801193e-02;1.101404e-01;3.833638e-02;7.017995e-02;1.238517e-01;4.484408e-02;3.209598e-01;7.204444e-02;1.614190e-01;6.863700e-03;2.466165e-02
1.939234e-02;1.796483e-02;1.138215e-01;4.139307e-02;4.694472e-02;1.217092e-01;5.403294e-02;3.200864e-01;1.095220e-01;1.206511e-01;1.064929e-02;2.383278e-02
2.131693e-02;2.525161e-02;9.883417e-02;6.977548e-02;5.279643e-02;1.088400e-01;6.051544e-02;2.800766e-01;1.944434e-01;5.452090e-02;1.694952e-02;1.667952e-02
3.086929e-02;2.209617e-02;7.972709e-02;8.478590e-02;6.452938e-02;1.073620e-01;5.528923e-02;2.631920e-01;2.354727e-01;2.217268e-02;1.538169e-02;1.912177e-02
3.447075e-02;1.822083e-02;9.973183e-02;8.283732e-02;6.942511e-02;1.504024e-01;4.153670e-02;2.234873e-01;2.090500e-01;2.699732e-02;1.783116e-02;2.600941e-02
3.219216e-02;4.187944e-02;1.222508e-01;8.463329e-02;1.090048e-01;1.303389e-01;5.509660e-02;1.802019e-01;1.794087e-01;2.440702e-02;1.803320e-02;2.255319e-02
2.124474e-02;5.586168e-02;1.400044e-01;6.900143e-02;1.287986e-01;1.890859e-01;8.078021e-02;1.420674e-01;1.217817e-01;1.984072e-02;9.950303e-03;2.158304e-02
4.569113e-02;9.352130e-02;1.554454e-01;5.805813e-02;1.052965e-01;1.699564e-01;1.098792e-01;2.390947e-02;1.073323e-01;3.179817e-02;3.111463e-02;6.799736e-02
4.838387e-02;1.036225e-01;1.235305e-01;4.209055e-02;6.618303e-02;1.232131e-01;1.051020e-01;1.334974e-01;9.166035e-02;3.975645e-02;4.508049e-02;7.787973e-02
4.799703e-02;1.064248e-01;1.180049e-01;4.111587e-02;6.127661e-02;1.203138e-01;8.292396e-02;1.813213e-01;4.390775e-02;7.719330e-02;5.781299e-02;6.170761e-02
6.254912e-02;7.874627e-02;7.617600e-02;4.469275e-02;7.016170e-02;1.212287e-01;4.455457e-02;1.691751e-01;1.258160e-01;9.964837e-02;5.951986e-02;4.773161e-02
6.735830e-02;3.806776e-02;7.236467e-02;4.853604e-02;6.056548e-02;1.634499e-01;6.049916e-02;1.471645e-01;1.553425e-01;7.436062e-02;4.830240e-02;6.398865e-02
4.601532e-02;4.748794e-02;8.844164e-02;4.065000e-02;3.254407e-02;1.292539e-01;1.089778e-01;2.182350e-01;9.876532e-02;4.184188e-02;5.856976e-02;8.921743e-02
4.467275e-02;8.315459e-02;7.407986e-02;2.999851e-02;2.647236e-02;2.047727e-01;1.170956e-01;2.095326e-01;5.414385e-02;3.957655e-02;6.005222e-02;5.644847e-02
6.520835e-02;9.715850e-02;1.253323e-01;3.504288e-02;3.715986e-02;2.418693e-01;7.537162e-02;1.308515e-01;7.767013e-02;4.929990e-02;3.519795e-02;2.983773e-02
6.086867e-02;1.301997e-01;2.191525e-01;4.522280e-02;2.980901e-02;9.056929e-02;6.864218e-02;1.612876e-01;9.784457e-02;4.142011e-02;2.093242e-02;3.405113e-02
3.707777e-02;1.606579e-01;1.501047e-01;4.006115e-02;4.868697e-02;1.331143e-01;5.406050e-02;2.185135e-01;8.824751e-02;2.645743e-02;2.093917e-02;2.207907e-02
3.753028e-02;1.923421e-01;1.691495e-01;2.642764e-02;4.797253e-02;1.320168e-01;4.396750e-02;2.001946e-01;7.537024e-02;3.251943e-02;2.454103e-02;1.796833e-02
4.387233e-02;2.499713e-01;2.536545e-01;6.175718e-02;2.414717e-02;1.030591e-01;3.948154e-02;9.768547e-02;5.306092e-02;2.702153e-02;2.075823e-02;2.553071e-02
3.974283e-02;2.803096e-01;3.021778e-01;8.587258e-02;1.704842e-02;6.425183e-02;2.486833e-02;5.002802e-02;6.739561e-02;3.248630e-02;1.091514e-02;2.490349e-02
2.669632e-02;2.744655e-01;2.927967e-01;1.247599e-01;2.281863e-02;5.583753e-02;2.627723e-02;3.462164e-02;7.737260e-02;3.964579e-02;9.942169e-03;1.476593e-02
3.719054e-02;2.450649e-01;2.193698e-01;1.486615e-01;4.233870e-02;5.089679e-02;4.363992e-02;6.340721e-02;6.866788e-02;5.075105e-02;1.852464e-02;1.148706e-02
8.585936e-02;1.795868e-01;1.201730e-01;1.221818e-01;6.832001e-02;3.656695e-02;7.693452e-02;1.423806e-01;6.683267e-02;6.031489e-02;2.903001e-02;1.181933e-02
1.043513e-01;9.420716e-02;1.636521e-01;6.901725e-02;7.638534e-02;3.954014e-02;7.563420e-02;1.884255e-01;5.586201e-02;5.623480e-02;3.683745e-02;3.985274e-02
7.815816e-02;1.042835e-01;1.569210e-01;6.681127e-02;5.401057e-02;8.096671e-02;4.047533e-02;1.867106e-01;7.284957e-02;4.938274e-02;4.147901e-02;6.795156e-02
3.898463e-02;1.081357e-01;1.466685e-01;8.744090e-02;3.991023e-02;1.529013e-01;4.434310e-02;1.720066e-01;7.822826e-02;4.485876e-02;3.458546e-02;5.193653e-02
4.662811e-02;1.326915e-01;1.372496e-01;8.912458e-02;2.856467e-02;1.595716e-01;8.984130e-02;1.547628e-01;8.714228e-02;3.518176e-02;1.148430e-02;2.775749e-02
4.862766e-02;1.706364e-01;1.541981e-01;8.157102e-02;3.661657e-02;1.434920e-01;5.007320e-02;1.420938e-01;8.678865e-02;3.699811e-02;1.551728e-02;3.338725e-02
4.365676e-02;1.333188e-01;2.425605e-01;6.290159e-02;6.268431e-02;1.643151e-01;3.822016e-02;9.349475e-02;6.280199e-02;3.915718e-02;2.841084e-02;2.847806e-02
4.706757e-02;1.902092e-01;2.347218e-01;6.092028e-02;5.282934e-02;1.641604e-01;3.257934e-02;7.434181e-02;5.943935e-02;3.453883e-02;2.662914e-02;2.256297e-02
4.576610e-02;1.634893e-01;2.849509e-01;7.532499e-02;3.533084e-02;7.955302e-02;5.515102e-02;9.130136e-02;7.945206e-02;2.797888e-02;2.305944e-02;3.864213e-02
3.467165e-02;1.370133e-01;2.445414e-01;6.177446e-02;2.781267e-02;1.150464e-01;4.926449e-02;1.484083e-01;1.023628e-01;2.811474e-02;2.132120e-02;2.966867e-02
2.618484e-02;1.697913e-01;2.874377e-01;5.726952e-02;2.030994e-02;9.097952e-02;3.563858e-02;1.160527e-01;1.240816e-01;3.389424e-02;1.978113e-02;1.857894e-02
5.490718e-02;1.804763e-01;3.189263e-01;5.856271e-02;2.800130e-02;5.726400e-02;5.409364e-02;6.818262e-02;1.103543e-01;3.400330e-02;1.519533e-02;2.003302e-02
8.590938e-02;1.396994e-01;1.798113e-01;5.282363e-02;4.689244e-02;1.011104e-01;7.370816e-02;1.322704e-01;8.071385e-02;3.384987e-02;3.879358e-02;3.441765e-02
9.927507e-02;1.930588e-01;1.611045e-01;3.554767e-02;3.792731e-02;1.039684e-01;5.205290e-02;1.522709e-01;6.737058e-02;2.623958e-02;3.444364e-02;3.674076e-02
1.233015e-01;3.266870e-01;1.026312e-01;2.408229e-02;2.785942e-02;7.988920e-02;2.169582e-02;1.528050e-01;6.885859e-02;1.960483e-02;1.774333e-02;3.484181e-02
9.082601e-02;4.251215e-01;1.354869e-01;2.791752e-02;1.742485e-02;5.774410e-02;1.098164e-02;1.093563e-01;8.179139e-02;1.945584e-02;2.452735e-03;2.144121e-02
3.998938e-02;4.421858e-01;1.879261e-01;2.153974e-02;9.226939e-03;9.345244e-02;6.738383e-03;5.714574e-02;1.013808e-01;2.205032e-02;6.893114e-03;1.147135e-02
2.510531e-02;4.066010e-01;1.441122e-01;2.053834e-02;7.423516e-03;1.855319e-01;1.645888e-02;3.866538e-02;1.283213e-01;1.363039e-02;6.118694e-03;7.493146e-03
2.003354e-02;2.887816e-01;9.106921e-02;2.006353e-02;1.648870e-02;2.935452e-01;6.676497e-02;3.611573e-02;1.396296e-01;1.605131e-02;3.931835e-03;7.524863e-03
1.326814e-02;2.267902e-01;4.953469e-02;2.241164e-02;1.391955e-02;3.060824e-01;1.275869e-01;3.748505e-02;1.639951e-01;2.009846e-02;7.174149e-03;1.165379e-02
2.044361e-02;2.230276e-01;7.190038e-02;2.627466e-02;1.205516e-02;2.232742e-01;9.633395e-02;3.384473e-02;1.895677e-01;5.965791e-02;1.362760e-02;2.999252e-02
3.282873e-02;2.401319e-01;8.974337e-02;2.592278e-02;9.742210e-03;1.427226e-01;2.858695e-02;4.008728e-02;2.161242e-01;6.863874e-02;2.652765e-02;7.894355e-02
4.557719e-02;2.401101e-01;1.254959e-01;3.117161e-02;1.332227e-02;1.174735e-01;2.080517e-02;5.245956e-02;1.923734e-01;4.017637e-02;2.045663e-02;1.005783e-01
4.162952e-02;2.695817e-01;1.648825e-01;1.973507e-02;5.894190e-02;9.722759e-02;3.306275e-02;8.607478e-02;1.202263e-01;3.288155e-02;9.379369e-03;6.637693e-02
3.140942e-02;2.758342e-01;2.181635e-01;1.426395e-02;9.622275e-02;6.446222e-02;5.137169e-02;9.653212e-02;6.545703e-02;5.221976e-02;5.943323e-03;2.812006e-02
2.196367e-02;2.383093e-01;2.719448e-01;2.968080e-02;7.695006e-02;6.076818e-02;5.470895e-02;6.505574e-02;9.116127e-02;6.495829e-02;7.753414e-03;1.674549e-02
1.755117e-02;1.800338e-01;2.878459e-01;4.968341e-02;3.553393e-02;8.859555e-02;5.609790e-02;4.797907e-02;1.505598e-01;5.271797e-02;1.651712e-02;1.688430e-02
1.210742e-02;1.512277e-01;2.286914e-01;7.895596e-02;1.457028e-02;1.150844e-01;6.906994e-02;5.923186e-02;1.880081e-01;3.489799e-02;2.709880e-02;2.105623e-02
2.234408e-02;1.333476e-01;2.498240e-01;9.612773e-02;2.001444e-02;6.198727e-02;5.041959e-02;7.914597e-02;1.901521e-01;4.286218e-02;2.793086e-02;2.584431e-02
2.509667e-02;1.210999e-01;3.259549e-01;7.713222e-02;1.961051e-02;4.963094e-02;4.454448e-02;8.064893e-02;1.678547e-01;4.937780e-02;1.506644e-02;2.398252e-02
2.394340e-02;1.672897e-01;3.698190e-01;6.908727e-02;1.913033e-02;3.836382e-02;6.650018e-02;7.057855e-02;1.075308e-01;3.695945e-02;1.105780e-02;1.973969e-02
3.464905e-02;1.892195e-01;3.855760e-01;5.464354e-02;1.845985e-02;4.616791e-02;7.764744e-02;6.787980e-02;4.754566e-02;3.958538e-02;1.279556e-02;2.583036e-02
2.900512e-02;2.281274e-01;3.588938e-01;3.962876e-02;2.132504e-02;5.033149e-02;6.436248e-02;7.345887e-02;3.141112e-02;4.604092e-02;1.989975e-02;3.751521e-02
3.876359e-02;2.833552e-01;2.559156e-01;2.386699e-02;2.140459e-02;1.088589e-01;4.289056e-02;7.836357e-02;4.947291e-02;3.611439e-02;1.763179e-02;4.336186e-02
3.461126e-02;2.339578e-01;2.319447e-01;3.992147e-02;3.354121e-02;1.475990e-01;5.729868e-02;7.237170e-02;6.653193e-02;4.696285e-02;8.450327e-03;2.680902e-02
2.581108e-02;1.661982e-01;2.998826e-01;6.878442e-02;3.519651e-02;1.208403e-01;5.493602e-02;7.799603e-02;6.794842e-02;4.308466e-02;1.928861e-02;2.003302e-02
2.082383e-02;1.925817e-01;2.935570e-01;5.807751e-02;2.996663e-02;1.429045e-01;5.128319e-02;7.136884e-02;6.757753e-02;3.412546e-02;1.239169e-02;2.534200e-02
2.350168e-02;2.127479e-01;2.874615e-01;2.720907e-02;3.558704e-02;1.522593e-01;3.785262e-02;8.862252e-02;7.434398e-02;2.100710e-02;6.771452e-03;3.263579e-02
2.065347e-02;1.775306e-01;2.537577e-01;4.021456e-02;4.573451e-02;1.720436e-01;3.310725e-02;1.050926e-01;7.823779e-02;2.036995e-02;1.120927e-02;4.204876e-02
2.178226e-02;1.759381e-01;2.147496e-01;5.589236e-02;5.393605e-02;1.675208e-01;2.939255e-02;9.013544e-02;9.391855e-02;3.401646e-02;2.227626e-02;4.044159e-02
4.203102e-02;1.663004e-01;1.659020e-01;5.776481e-02;6.458937e-02;1.511042e-01;3.542153e-02;6.640931e-02;1.268918e-01;4.498704e-02;3.478741e-02;4.381115e-02
4.438968e-02;1.587133e-01;1.629027e-01;5.048403e-02;5.194835e-02;1.149601e-01;4.868230e-02;8.480731e-02;1.456020e-01;5.924779e-02;2.704847e-02;5.121398e-02
2.437356e-02;1.958529e-01;2.145264e-01;4.555726e-02;3.271053e-02;6.736555e-02;6.305339e-02;1.212794e-01;1.236053e-01;4.626694e-02;1.204298e-02;5.336576e-02
2.013281e-02;2.145680e-01;2.740025e-01;5.130702e-02;2.564885e-02;8.291216e-02;4.867887e-02;1.016113e-01;9.993549e-02;2.413860e-02;6.831621e-03;5.023279e-02
2.680475e-02;2.691377e-01;3.337102e-01;5.420892e-02;1.697043e-02;7.410514e-02;2.606047e-02;6.198507e-02;6.743006e-02;1.645903e-02;1.390179e-02;3.922644e-02
3.360333e-02;3.205223e-01;3.262968e-01;4.494171e-02;1.685558e-02;6.780308e-02;2.416080e-02;4.721013e-02;5.506656e-02;1.516731e-02;1.568029e-02;3.269210e-02
3.219171e-02;2.554969e-01;2.990850e-01;4.184373e-02;1.951019e-02;1.009439e-01;2.086315e-02;9.451041e-02;7.201142e-02;2.175434e-02;1.254284e-02;2.924637e-02
2.911088e-02;1.531290e-01;3.120323e-01;5.568442e-02;2.618597e-02;1.431352e-01;3.295965e-02;1.029149e-01;7.827465e-02;2.569010e-02;1.578622e-02;2.509672e-02
3.171702e-02;2.231901e-01;2.997631e-01;5.538790e-02;2.565977e-02;1.303800e-01;5.074349e-02;6.117591e-02;5.449157e-02;2.492610e-02;1.372367e-02;2.884142e-02
2.631100e-02;2.241811e-01;3.006419e-01;4.750199e-02;3.239775e-02;1.317329e-01;7.830369e-02;5.654326e-02;3.258067e-02;2.470324e-02;1.205157e-02;3.305092e-02
2.876012e-02;1.903031e-01;3.038770e-01;5.394533e-02;5.369110e-02;9.457912e-02;8.948936e-02;7.277735e-02;4.561282e-02;2.632389e-02;9.985072e-03;3.065574e-02
3.275791e-02;1.618176e-01;2.961537e-01;7.453730e-02;5.849004e-02;7.255636e-02;8.689119e-02;9.553581e-02;5.508628e-02;3.349453e-02;7.879103e-03;2.480025e-02
2.644723e-02;1.247884e-01;2.710314e-01;6.491932e-02;5.289103e-02;1.036728e-01;8.431979e-02;1.063848e-01;8.360997e-02;3.081541e-02;1.536122e-02;3.575870e-02
4.231720e-02;1.718431e-01;2.034939e-01;5.367733e-02;4.739116e-02;1.516486e-01;6.251494e-02;9.118249e-02;8.260623e-02;3.270736e-02;1.877896e-02;4.183868e-02
4.345784e-02;1.741502e-01;1.812243e-01;6.165288e-02;5.759374e-02;1.514994e-01;5.582712e-02;1.307528e-01;7.255602e-02;3.664649e-02;8.263118e-03;2.637604e-02
4.588518e-02;1.672235e-01;1.733257e-01;5.105815e-02;7.206170e-02;1.443064e-01;7.149632e-02;1.310197e-01;6.827687e-02;4.497691e-02;6.733223e-03;2.363628e-02
3.987172e-02;1.930997e-01;1.797891e-01;4.500802e-02;7.162149e-02;1.629170e-01;7.321156e-02;1.020695e-01;6.173645e-02;3.200703e-02;1.030671e-02;2.836171e-02
3.119090e-02;2.261012e-01;2.230278e-01;4.065233e-02;5.633456e-02;1.564025e-01;5.826997e-02;7.295687e-02;6.835580e-02;2.930537e-02;1.653089e-02;2.087167e-02
3.784610e-02;2.203703e-01;2.553880e-01;2.983300e-02;6.113962e-02;1.336136e-01;4.003196e-02;5.978523e-02;8.550142e-02;3.467688e-02;2.311619e-02;1.869773e-02
5.325788e-02;1.748735e-01;2.435742e-01;5.525006e-02;7.667705e-02;8.370294e-02;3.198574e-02;9.903536e-02;9.196605e-02;3.184066e-02;9.627808e-03;4.820882e-02
5.086002e-02;1.519124e-01;2.256048e-01;6.487451e-02;8.450660e-02;9.131492e-02;4.470629e-02;1.221557e-01;6.558386e-02;2.925696e-02;1.887269e-02;5.035135e-02
5.009408e-02;1.307753e-01;1.658679e-01;9.287178e-02;9.193341e-02;1.004541e-01;5.146739e-02;1.351160e-01;6.095214e-02;3.652903e-02;2.657536e-02;5.736345e-02
6.013144e-02;1.253628e-01;1.524996e-01;1.499683e-01;6.648602e-02;9.172158e-02;4.924446e-02;1.054810e-01;8.420021e-02;2.305472e-02;2.001276e-02;7.183713e-02
7.207054e-02;1.697130e-01;2.299304e-01;1.121515e-01;4.014473e-02;3.907905e-02;7.349762e-02;7.256304e-02;7.218387e-02;4.720150e-02;1.986029e-02;5.160445e-02
2.396980e-02;1.583807e-01;1.300388e-01;7.227774e-02;6.053801e-02;1.314202e-01;8.971817e-02;1.202310e-01;7.311185e-02;8.000536e-02;2.191392e-02;3.839448e-02
2.673271e-02;7.138610e-02;8.014496e-02;6.560582e-02;8.281768e-02;1.688308e-01;1.199260e-01;1.745344e-01;4.767952e-02;9.256340e-02;2.602359e-02;4.375508e-02
3.548185e-02;9.612080e-02;1.064160e-01;5.248828e-02;8.255462e-02;1.478339e-01;1.268363e-01;1.703712e-01;5.255874e-02;7.011711e-02;2.045442e-02;3.876682e-02
3.388642e-02;1.795339e-01;2.114235e-01;2.598365e-02;6.830139e-02;9.291248e-02;1.082448e-01;1.141097e-01;6.723838e-02;5.199094e-02;1.678554e-02;2.958923e-02
1.621000e-02;2.121039e-01;3.407292e-01;2.335213e-02;4.624607e-02;3.292899e-02;6.391907e-02;1.097345e-01;4.545304e-02;8.532570e-02;1.067720e-02;1.332021e-02
7.396959e-03;2.009264e-01;4.362393e-01;1.623182e-02;4.060243e-02;1.155383e-02;5.036635e-02;8.144363e-02;1.575562e-02;1.291617e-01;5.436578e-03;4.885491e-03
1.003120e-02;2.424153e-01;4.464193e-01;1.824652e-02;2.756421e-02;1.547365e-02;3.924633e-02;6.173233e-02;1.473480e-02;1.129917e-01;5.045529e-03;6.099115e-03
2.360016e-02;2.857563e-01;3.881121e-01;1.890689e-02;1.786807e-02;3.508606e-02;3.393327e-02;8.191715e-02;2.388555e-02;6.893120e-02;1.176378e-02;1.023947e-02
3.127279e-02;2.595951e-01;3.480395e-01;3.376207e-02;3.034427e-02;6.003226e-02;3.769311e-02;7.379618e-02;4.561479e-02;4.906181e-02;1.628849e-02;1.449971e-02
3.089723e-02;1.771392e-01;3.771568e-01;7.551605e-02;4.251912e-02;6.139370e-02;3.930385e-02;5.138919e-02;7.155170e-02;4.194137e-02;1.456353e-02;1.662831e-02
2.283737e-02;6.824847e-02;3.481752e-01;1.865150e-01;5.868718e-02;7.428060e-02;3.985403e-02;5.549258e-02;6.797272e-02;3.684346e-02;2.652040e-02;1.457302e-02
1.225121e-02;1.163143e-01;2.567441e-01;2.138773e-01;2.326853e-02;9.899543e-02;5.354813e-02;7.601668e-02;4.933333e-02;4.916389e-02;3.410941e-02;1.637769e-02
1.411504e-02;1.411960e-01;2.528129e-01;1.536808e-01;2.143823e-02;1.135216e-01;5.160237e-02;1.026027e-01;5.841019e-02;4.578935e-02;3.558727e-02;9.243441e-03
1.569106e-02;1.275347e-01;2.341759e-01;1.522692e-01;5.095187e-02;7.895752e-02;4.310401e-02;1.585749e-01;4.229777e-02;3.911313e-02;4.622035e-02;1.110964e-02
1.108756e-02;8.595302e-02;1.813342e-01;1.696474e-01;7.574191e-02;7.945230e-02;3.262145e-02;2.358939e-01;2.113701e-02;3.272424e-02;5.819166e-02;1.621545e-02
9.807630e-03;8.355197e-02;2.413472e-01;1.416958e-01;5.621743e-02;8.113694e-02;1.830509e-02;2.376978e-01;3.315788e-02;2.234946e-02;6.010044e-02;1.463235e-02
1.252639e-02;9.838154e-02;3.143221e-01;8.432225e-02;2.997935e-02;8.815439e-02;3.130593e-02;1.608036e-01;7.781197e-02;3.529169e-02;5.418644e-02;1.291441e-02
1.730061e-02;1.452594e-01;3.580776e-01;4.087254e-02;3.638251e-02;6.461675e-02;4.240499e-02;7.535693e-02;9.672140e-02;7.017557e-02;3.831529e-02;1.451640e-02
1.578554e-02;2.248904e-01;3.672547e-01;4.201136e-02;4.294362e-02;5.461383e-02;3.732822e-02;4.858147e-02;5.672949e-02;7.505991e-02;1.994257e-02;1.485888e-02
1.904336e-02;2.376577e-01;4.134455e-01;5.774094e-02;3.068347e-02;4.914854e-02;3.418426e-02;3.717032e-02;2.665651e-02;6.185117e-02;1.697522e-02;1.544304e-02
2.658874e-02;1.552180e-01;4.166389e-01;8.150154e-02;4.803097e-02;5.988143e-02;6.085922e-02;4.678078e-02;3.186110e-02;4.715510e-02;1.399507e-02;1.148914e-02
2.780953e-02;1.148404e-01;2.848115e-01;7.431047e-02;7.048764e-02;1.009405e-01;1.063894e-01;8.617619e-02;5.112382e-02;5.521497e-02;1.561286e-02;1.228272e-02
2.258440e-02;6.798609e-02;2.430241e-01;6.833983e-02;7.005650e-02;1.026705e-01;1.357120e-01;1.199408e-01;6.796865e-02;6.323583e-02;2.289726e-02;1.558398e-02
1.488138e-02;1.459201e-01;2.955239e-01;4.570496e-02;5.555652e-02;1.035600e-01;1.197851e-01;8.468301e-02;5.695865e-02;4.302036e-02;2.023706e-02;1.416894e-02
1.225145e-02;1.967778e-01;3.257132e-01;5.053768e-02;4.750677e-02;8.528972e-02;9.283846e-02;8.040776e-02;3.871597e-02;2.896300e-02;2.262781e-02;1.837034e-02
1.438652e-02;1.800795e-01;2.739111e-01;3.723044e-02;4.690437e-02;1.318189e-01;9.936298e-02;1.281611e-01;3.266320e-02;2.300541e-02;1.397291e-02;1.850349e-02
3.795472e-02;1.494422e-01;1.845479e-01;3.841481e-02;3.937492e-02;1.561458e-01;1.111413e-01;1.319240e-01;3.945544e-02;1.504900e-02;3.484170e-02;6.170820e-02
5.943894e-02;1.276021e-01;1.159250e-01;7.943690e-02;5.486422e-02;1.416417e-01;7.838975e-02;1.101330e-01;3.708112e-02;1.506675e-02;8.504105e-02;9.537954e-02
5.745478e-02;1.032974e-01;9.133122e-02;1.559492e-01;4.803631e-02;1.033391e-01;4.461713e-02;9.443794e-02;2.296372e-02;2.492485e-02;1.639410e-01;8.970714e-02
6.633775e-02;7.386315e-02;9.986753e-02;2.343483e-01;2.430328e-02;5.796966e-02;3.906086e-02;7.354425e-02;1.631762e-02;3.664679e-02;2.276736e-01;5.006720e-02
8.308516e-02;4.830553e-02;1.130210e-01;2.663934e-01;1.016845e-02;3.348892e-02;3.310146e-02;4.709039e-02;2.257409e-02;4.624204e-02;2.730579e-01;2.347160e-02
5.904416e-02;3.512086e-02;9.300236e-02;2.468037e-01;7.561438e-03;3.815537e-02;2.577607e-02;7.624480e-02;1.742612e-02;4.133906e-02;3.424079e-01;1.711819e-02
2.751257e-02;2.991688e-02;7.840732e-02;2.217816e-01;8.104905e-03;3.681445e-02;1.674442e-02;1.266917e-01;1.357013e-02;2.560154e-02;3.928736e-01;2.198094e-02
1.216297e-02;4.025485e-02;8.469645e-02;1.802355e-01;1.868496e-02;4.033960e-02;1.722493e-02;1.448118e-01;1.269617e-02;5.059782e-02;3.872084e-01;1.108650e-02
1.140140e-02;6.382063e-02;1.413416e-01;1.291127e-01;1.650546e-02;4.580783e-02;2.790710e-02;1.451712e-01;1.388870e-02;5.450555e-02;3.337352e-01;1.680271e-02
2.033893e-02;1.226155e-01;2.003619e-01;1.004149e-01;2.067558e-02;3.911992e-02;3.828989e-02;1.198417e-01;2.221827e-02;4.215595e-02;2.427157e-01;3.125175e-02
2.803120e-02;1.530984e-01;2.652130e-01;1.268578e-01;3.210671e-02;7.173566e-02;3.598318e-02;8.378533e-02;2.112135e-02;1.990958e-02;1.308226e-01;3.133514e-02
2.649169e-02;1.306783e-01;3.666279e-01;1.333807e-01;3.180216e-02;7.491119e-02;3.359194e-02;6.503689e-02;1.268617e-02;2.412729e-02;7.913190e-02;2.153387e-02
2.518114e-02;1.550650e-01;3.856257e-01;1.049311e-01;1.838784e-02;8.090692e-02;4.151682e-02;6.730995e-02;1.603580e-02;2.853176e-02;4.877447e-02;2.773360e-02
3.296779e-02;1.853999e-01;3.288323e-01;1.067593e-01;2.341630e-02;9.870379e-02;4.288366e-02;7.536776e-02;1.778705e-02;1.798635e-02;4.806536e-02;2.183040e-02
3.039305e-02;1.563748e-01;3.989500e-01;1.251209e-01;1.441315e-02;4.958586e-02;2.925787e-02;5.787093e-02;2.077189e-02;3.484386e-02;7.114846e-02;1.126920e-02
2.076497e-02;1.104518e-01;3.926245e-01;1.321568e-01;1.766742e-02;6.864997e-02;4.229416e-02;4.174332e-02;1.916963e-02;5.861826e-02;7.976848e-02;1.609062e-02
1.812014e-02;1.255480e-01;3.733679e-01;1.135518e-01;1.242322e-02;3.528681e-02;5.264132e-02;5.889123e-02;3.470882e-02;9.036132e-02;7.449305e-02;1.060634e-02
1.691948e-02;1.564835e-01;3.750778e-01;7.592656e-02;1.387803e-02;2.440660e-02;5.106835e-02;6.127784e-02;3.218530e-02;9.570102e-02;8.332816e-02;1.374734e-02
1.786126e-02;2.136000e-01;3.791289e-01;3.993990e-02;2.030808e-02;3.692377e-02;3.136201e-02;7.129600e-02;2.351793e-02;6.832793e-02;8.258770e-02;1.514640e-02
2.856399e-02;2.947469e-01;3.263100e-01;6.079559e-02;2.087919e-02;1.692107e-02;2.021860e-02;8.094766e-02;2.839734e-02;5.316017e-02;5.736506e-02;1.169441e-02
3.634503e-02;3.297455e-01;3.332900e-01;5.301742e-02;1.557086e-02;6.072966e-02;1.121318e-02;4.902995e-02;3.549871e-02;2.989807e-02;3.633281e-02;9.328757e-03
3.695457e-02;3.359500e-01;3.491004e-01;3.985176e-02;1.104236e-02;6.890729e-02;8.373430e-03;3.783047e-02;4.034781e-02;1.686045e-02;3.807231e-02;1.670910e-02
4.055864e-02;3.619405e-01;3.299210e-01;4.932114e-02;1.619558e-02;5.042643e-02;1.182246e-02;3.345779e-02;4.609189e-02;6.037380e-03;3.665677e-02;1.757049e-02
4.394942e-02;3.787574e-01;2.927426e-01;6.159922e-02;8.060647e-03;5.049312e-02;1.027255e-02;3.659255e-02;4.285010e-02;1.652288e-02;4.908765e-02;9.071769e-03
4.642240e-02;3.916130e-01;2.911617e-01;7.797047e-02;1.424025e-02;2.759987e-02;5.662877e-03;3.797073e-02;3.451080e-02;2.303318e-02;4.451414e-02;5.300567e-03
5.831579e-02;3.615505e-01;2.829135e-01;8.880481e-02;1.420912e-02;2.574391e-02;1.437637e-02;4.379096e-02;2.610182e-02;2.578000e-02;5.092350e-02;7.489692e-03
8.981871e-02;3.118072e-01;2.149786e-01;1.321640e-01;1.756988e-02;5.939941e-02;2.651213e-02;4.936997e-02;2.368799e-02;1.310696e-02;4.693702e-02;1.464813e-02
1.200398e-01;2.742436e-01;1.790387e-01;1.679318e-01;1.474306e-02;3.738417e-02;2.412863e-02;4.870440e-02;2.042230e-02;2.225394e-02;6.154980e-02;2.955975e-02
1.216433e-01;2.125763e-01;1.761556e-01;1.326694e-01;2.343312e-02;4.217035e-02;2.892355e-02;5.333362e-02;5.727566e-02;4.098465e-02;8.610582e-02;2.472859e-02
1.172352e-01;2.118635e-01;1.296791e-01;7.163334e-02;1.834691e-02;7.392547e-02;4.833665e-02;7.430915e-02;1.041028e-01;4.380981e-02;7.815275e-02;2.860520e-02
1.103540e-01;2.240771e-01;1.160929e-01;3.937866e-02;2.067862e-02;1.072168e-01;4.118060e-02;1.277534e-01;9.612869e-02;4.627301e-02;4.706455e-02;2.380169e-02
1.208027e-01;1.947452e-01;1.205540e-01;5.953296e-02;3.793871e-02;9.973048e-02;3.700462e-02;1.782856e-01;6.460115e-02;2.281872e-02;4.770992e-02;1.627597e-02
1.324333e-01;1.882878e-01;1.464518e-01;6.976760e-02;3.885502e-02;4.990112e-02;2.625015e-02;2.208067e-01;4.282768e-02;1.749837e-02;4.319015e-02;2.373036e-02
1.624942e-01;1.029882e-01;9.618928e-02;5.480936e-02;4.891064e-02;4.232911e-02;3.024124e-02;3.010802e-01;3.764544e-02;4.854897e-02;3.008375e-02;4.467965e-02
1.500458e-01;7.589320e-02;6.827377e-02;2.928053e-02;7.326892e-02;2.834590e-02;4.855888e-02;3.482011e-01;4.536810e-02;7.205062e-02;2.294405e-02;3.776913e-02
1.353097e-01;5.641567e-02;6.087802e-02;1.846389e-02;1.200670e-01;2.004377e-02;5.893924e-02;3.896095e-01;4.328240e-02;5.566512e-02;2.510359e-02;1.622214e-02
1.031469e-01;1.003384e-01;6.759566e-02;1.412403e-02;1.947431e-01;2.048806e-02;7.619129e-02;3.310407e-01;3.253049e-02;2.446133e-02;2.605978e-02;9.280326e-03
7.139827e-02;1.642445e-01;7.554181e-02;2.576160e-02;2.754710e-01;1.927358e-02;5.308303e-02;2.009249e-01;4.663173e-02;3.751629e-02;2.107346e-02;9.079823e-03
6.672630e-02;2.518542e-01;9.446207e-02;3.065964e-02;2.570310e-01;2.011042e-02;2.117524e-02;1.109888e-01;7.226466e-02;5.095083e-02;1.665731e-02;7.119632e-03
6.541225e-02;3.774500e-01;1.132652e-01;3.801930e-02;1.259445e-01;4.587031e-02;1.534413e-02;7.029451e-02;8.954985e-02;3.599326e-02;1.655165e-02;6.305066e-03
4.417215e-02;4.986154e-01;1.317298e-01;3.403612e-02;3.810538e-02;6.179834e-02;1.353365e-02;3.288491e-02;9.031929e-02;2.755388e-02;1.919469e-02;8.056330e-03
3.058231e-02;5.319722e-01;1.914917e-01;1.781217e-02;1.852599e-02;4.675495e-02;7.441132e-03;3.225583e-02;6.647117e-02;3.333418e-02;1.660595e-02;6.752428e-03
1.466095e-02;4.897252e-01;2.773451e-01;1.418035e-02;1.222631e-02;2.691527e-02;7.932529e-03;2.616045e-02;4.314413e-02;7.194290e-02;9.015488e-03;6.751325e-03
1.469000e-02;3.653744e-01;3.627176e-01;2.933031e-02;2.702688e-02;1.325870e-02;8.427837e-03;1.835211e-02;2.572668e-02;9.666698e-02;2.852872e-02;9.899732e-03
2.195705e-02;2.362918e-01;3.416661e-01;8.622722e-02;4.475693e-02;2.677305e-02;1.115337e-02;2.235067e-02;1.105940e-02;7.387751e-02;1.041354e-01;1.975152e-02
3.142966e-02;1.605512e-01;2.038064e-01;1.531221e-01;9.704859e-02;4.658497e-02;1.462950e-02;2.755529e-02;1.234685e-02;3.501884e-02;1.683705e-01;4.953611e-02
3.374539e-02;1.322980e-01;7.257785e-02;1.373237e-01;1.716129e-01;8.341667e-02;9.222064e-03;2.759080e-02;1.980334e-02;1.938165e-02;1.460138e-01;1.470138e-01
4.457225e-02;1.460318e-01;1.277175e-01;6.844424e-02;1.749292e-01;1.338593e-01;8.175072e-03;2.222934e-02;2.039469e-02;8.726235e-03;5.688714e-02;1.880332e-01
8.309658e-02;1.501467e-01;1.571761e-01;6.138698e-02;1.189063e-01;2.129450e-01;7.485993e-03;2.050085e-02;1.666714e-02;1.260719e-02;1.922587e-02;1.398554e-01
1.340351e-01;1.366257e-01;1.523736e-01;6.208412e-02;4.408240e-02;2.818509e-01;2.543966e-02;5.651787e-02;1.154977e-02;1.915867e-02;8.835399e-03;6.744685e-02
1.067189e-01;1.241318e-01;1.458454e-01;5.937868e-02;5.460800e-02;2.723579e-01;3.106356e-02;1.174976e-01;2.677234e-02;1.262931e-02;3.028414e-02;1.871240e-02
4.041373e-02;1.493058e-01;1.920629e-01;6.062253e-02;5.434296e-02;1.749202e-01;2.486245e-02;1.615801e-01;5.007384e-02;1.804198e-02;4.543662e-02;2.833694e-02
3.122061e-02;1.988127e-01;2.325852e-01;8.505710e-02;6.045310e-02;4.511198e-02;1.536865e-02;1.585354e-01;5.197660e-02;2.878157e-02;5.498509e-02;3.711205e-02
6.682505e-02;2.350599e-01;2.326465e-01;8.836854e-02;4.226718e-02;5.993035e-02;2.108158e-02;1.118197e-01;4.600878e-02;1.058295e-02;4.998465e-02;3.542478e-02
7.734744e-02;2.007353e-01;2.510991e-01;6.970333e-02;2.682498e-02;1.025205e-01;2.434293e-02;1.026362e-01;2.789747e-02;4.543776e-02;4.833073e-02;2.312429e-02
4.952224e-02;2.477134e-01;2.590404e-01;6.137309e-02;4.940946e-02;1.208562e-01;2.000997e-02;8.051858e-02;2.669241e-02;4.519202e-02;2.384738e-02;1.582487e-02
3.073586e-02;3.055576e-01;2.740916e-01;5.504940e-02;6.473582e-02;9.361224e-02;2.199141e-02;8.489896e-02;2.415941e-02;2.242466e-02;6.427055e-03;1.631601e-02
2.912925e-02;2.793052e-01;2.284587e-01;8.959818e-02;8.781753e-02;4.707168e-02;1.806265e-02;9.159036e-02;3.615101e-02;3.289529e-02;2.805685e-02;3.186335e-02
4.290636e-02;2.020183e-01;1.824117e-01;9.720063e-02;1.202259e-01;9.501196e-02;1.158999e-02;9.188686e-02;4.201305e-02;4.012781e-02;4.187454e-02;3.273294e-02
4.688206e-02;1.877630e-01;2.396603e-01;4.619624e-02;1.095288e-01;1.357182e-01;2.657392e-02;8.472682e-02;3.411401e-02;1.843471e-02;4.008580e-02;3.031609e-02
4.368360e-02;1.860655e-01;2.395578e-01;4.864455e-02;6.233726e-02;1.689464e-01;2.714476e-02;7.052468e-02;2.205972e-02;2.301167e-02;4.876774e-02;5.925623e-02
4.341976e-02;2.488122e-01;2.508647e-01;5.997590e-02;4.483012e-02;1.261345e-01;1.917834e-02;5.832500e-02;2.353557e-02;2.435700e-02;4.943554e-02;5.113137e-02
2.734128e-02;2.401505e-01;3.122191e-01;5.360349e-02;6.035683e-02;1.236806e-01;1.603203e-02;6.099988e-02;1.760676e-02;1.908991e-02;3.602326e-02;3.289637e-02
5.333290e-02;2.412697e-01;3.043087e-01;3.460702e-02;7.634896e-02;1.023621e-01;1.839699e-02;7.366050e-02;1.739198e-02;1.980791e-02;2.627330e-02;3.223987e-02
4.838653e-02;2.631054e-01;2.839014e-01;5.939703e-02;8.066029e-02;9.242810e-02;6.173324e-03;7.738131e-02;2.226431e-02;1.565880e-02;2.908244e-02;2.156107e-02
3.916089e-02;2.512337e-01;3.035361e-01;8.719609e-02;7.409871e-02;7.675359e-02;2.153459e-02;6.277690e-02;1.997323e-02;2.072879e-02;2.866906e-02;1.433829e-02
6.227125e-02;2.205234e-01;3.141120e-01;1.104807e-01;6.554631e-02;4.196460e-02;2.202384e-02;6.119006e-02;2.912052e-02;3.596514e-02;1.548811e-02;2.131407e-02
6.183792e-02;2.810273e-01;2.745391e-01;7.650725e-02;5.591223e-02;6.886247e-02;1.494293e-02;6.070640e-02;2.398767e-02;2.294184e-02;2.334421e-02;3.539072e-02
5.700247e-02;2.983129e-01;2.764726e-01;4.944598e-02;2.740216e-02;1.159865e-01;1.072123e-02;7.380207e-02;2.382942e-02;1.291557e-02;2.586543e-02;2.824368e-02
5.542794e-02;2.568461e-01;2.391084e-01;2.225715e-02;3.923196e-02;1.823101e-01;2.987458e-02;7.698882e-02;2.421458e-02;9.338512e-03;4.088216e-02;2.351963e-02
4.989371e-02;1.943354e-01;2.595244e-01;4.706945e-02;5.953588e-02;1.640060e-01;3.219347e-02;7.377454e-02;2.020913e-02;1.427797e-02;6.586227e-02;1.931782e-02
3.779740e-02;2.487776e-01;2.528524e-01;7.036331e-02;5.014485e-02;5.997000e-02;2.462988e-02;1.160168e-01;1.272653e-02;1.862890e-02;7.578070e-02;3.231163e-02
3.914050e-02;2.717074e-01;3.046090e-01;6.230384e-02;4.255863e-02;3.118131e-02;7.108097e-03;1.117731e-01;1.918146e-02;1.700949e-02;5.436556e-02;3.906173e-02
5.195585e-02;3.104246e-01;3.218475e-01;3.372700e-02;4.352609e-02;2.711323e-02;2.233707e-02;1.008642e-01;1.490024e-02;1.403956e-02;2.113381e-02;3.813088e-02
4.897363e-02;3.033555e-01;3.401960e-01;1.885290e-02;3.037684e-02;6.412564e-02;9.463483e-03;8.266347e-02;1.608690e-02;2.473924e-02;2.132628e-02;3.984009e-02
4.529729e-02;2.560928e-01;3.706352e-01;1.846395e-02;2.584847e-02;1.093100e-01;1.503725e-02;6.570177e-02;1.557319e-02;2.321749e-02;2.582054e-02;2.900202e-02
4.728134e-02;2.787190e-01;3.188528e-01;4.502473e-02;3.426836e-02;1.084801e-01;1.525219e-02;6.006879e-02;1.341648e-02;2.248777e-02;3.835805e-02;1.779040e-02
3.896150e-02;3.041378e-01;2.738730e-01;6.655574e-02;3.966898e-02;9.238939e-02;1.616858e-02;5.720367e-02;1.764940e-02;2.268157e-02;4.880524e-02;2.190519e-02
4.197932e-02;2.512154e-01;2.620996e-01;7.251442e-02;7.261315e-02;1.187157e-01;2.837512e-02;4.042882e-02;3.087936e-02;1.936135e-02;3.907748e-02;2.274028e-02
6.574507e-02;2.005016e-01;1.982264e-01;6.263099e-02;9.012491e-02;1.440264e-01;2.984403e-02;7.386424e-02;4.995662e-02;3.072062e-02;3.216001e-02;2.219921e-02
9.934485e-02;1.549205e-01;1.649238e-01;3.797961e-02;5.829852e-02;1.463060e-01;2.073195e-02;1.489776e-01;6.242523e-02;3.521355e-02;3.847441e-02;3.240391e-02
6.559751e-02;1.692552e-01;1.578837e-01;4.741183e-02;7.541561e-02;1.814886e-01;1.936405e-02;1.680393e-01;3.908969e-02;2.066055e-02;3.345273e-02;2.234130e-02
4.743952e-02;2.172052e-01;2.185272e-01;4.728088e-02;6.419734e-02;1.810061e-01;1.155780e-02;1.231103e-01;3.536281e-02;1.967821e-02;1.814887e-02;1.648574e-02
4.693536e-02;2.582924e-01;2.916229e-01;4.283660e-02;3.099127e-02;1.407906e-01;6.613153e-03;8.277538e-02;3.001882e-02;1.911527e-02;2.178769e-02;2.822053e-02
4.804251e-02;3.103112e-01;2.498745e-01;4.347362e-02;4.960179e-02;6.855394e-02;2.003208e-02;6.782089e-02;3.774272e-02;3.000706e-02;3.787569e-02;3.666403e-02
2.761029e-02;2.760290e-01;1.604138e-01;3.373863e-02;6.739809e-02;1.440031e-01;4.892984e-02;7.145497e-02;6.016068e-02;5.457249e-02;3.603256e-02;1.965655e-02
1.911502e-02;1.848119e-01;2.617861e-01;6.587204e-02;4.485375e-02;1.321058e-01;5.134713e-02;8.369660e-02;7.090798e-02;4.661423e-02;2.325330e-02;1.563621e-02
1.436247e-02;1.212710e-01;2.838598e-01;1.043073e-01;3.720005e-02;1.462060e-01;3.847379e-02;1.132528e-01;6.533369e-02;2.700983e-02;3.814808e-02;1.057504e-02
9.664066e-03;9.283624e-02;2.514312e-01;1.420384e-01;4.773460e-02;1.890248e-01;2.608353e-02;1.259136e-01;3.942834e-02;1.612925e-02;5.500552e-02;4.710398e-03
1.439914e-02;1.261174e-01;3.126383e-01;1.314363e-01;4.834673e-02;1.413877e-01;4.493137e-02;7.435732e-02;2.411047e-02;2.111334e-02;5.157790e-02;9.584093e-03
2.106457e-02;1.696171e-01;3.674317e-01;8.513895e-02;4.055361e-02;8.225075e-02;5.892439e-02;5.332653e-02;3.198113e-02;4.341114e-02;3.235768e-02;1.394238e-02
3.217151e-02;2.202289e-01;3.488848e-01;5.250676e-02;3.962156e-02;4.310929e-02;5.252035e-02;6.388301e-02;4.935373e-02;5.496607e-02;2.381538e-02;1.893866e-02
3.482105e-02;2.248336e-01;1.633136e-01;9.794022e-02;6.694145e-02;1.060577e-01;4.875010e-02;1.042336e-01;6.731493e-02;4.407341e-02;1.778239e-02;2.393790e-02
2.541848e-02;1.524769e-01;3.002536e-01;1.218551e-01;5.887932e-02;1.409996e-01;3.133974e-02;8.288755e-02;3.836891e-02;1.613913e-02;1.623082e-02;1.515079e-02
3.256031e-02;1.700591e-01;3.151728e-01;9.174098e-02;4.082104e-02;1.525458e-01;2.823440e-02;6.630086e-02;3.435386e-02;2.639733e-02;2.345638e-02;1.835725e-02
3.534728e-02;2.336127e-01;3.612520e-01;3.027595e-02;4.889644e-02;1.178619e-01;3.615214e-02;3.777684e-02;3.552460e-02;2.913097e-02;1.573554e-02;1.843362e-02
2.827766e-02;1.764482e-01;3.646142e-01;6.649472e-02;6.663631e-02;1.171291e-01;3.664359e-02;4.956061e-02;4.491471e-02;2.220991e-02;1.115958e-02;1.591141e-02
3.167254e-02;1.642603e-01;2.797709e-01;7.259898e-02;6.905650e-02;1.316289e-01;4.755193e-02;7.889928e-02;4.731027e-02;2.774384e-02;2.162615e-02;2.788037e-02
2.485471e-02;1.379173e-01;2.706603e-01;1.139272e-01;8.426701e-02;8.919887e-02;3.887774e-02;8.420130e-02;6.240693e-02;3.331964e-02;3.995350e-02;2.041556e-02
2.938730e-02;8.404908e-02;2.779776e-01;1.669982e-01;8.762845e-02;9.148318e-02;2.005967e-02;6.738702e-02;7.331066e-02;3.694319e-02;5.248802e-02;1.228767e-02
5.601664e-02;7.090903e-02;2.929745e-01;1.860679e-01;9.340634e-02;5.554514e-02;2.894057e-02;3.757549e-02;7.602825e-02;3.818076e-02;5.508451e-02;9.270893e-03
7.395216e-02;7.734111e-02;3.015874e-01;1.374878e-01;8.866096e-02;6.286026e-02;3.957169e-02;3.070488e-02;7.600521e-02;4.441123e-02;4.004858e-02;2.736876e-02
5.852917e-02;7.633763e-02;3.079246e-01;8.325003e-02;8.089910e-02;6.777190e-02;5.709448e-02;5.379157e-02;4.889183e-02;8.879248e-02;2.434419e-02;5.237300e-02
5.000608e-02;7.701532e-02;2.982146e-01;1.058315e-01;6.643192e-02;4.355476e-02;1.045758e-01;3.179112e-02;2.395300e-02;1.300754e-01;2.479023e-02;4.376031e-02
5.471128e-02;5.406871e-02;3.243054e-01;8.353422e-02;5.024589e-02;2.774024e-02;1.482826e-01;1.666414e-02;2.143157e-02;1.754125e-01;1.857087e-02;2.503254e-02
3.956895e-02;7.315210e-02;3.483026e-01;2.084489e-02;4.150813e-02;2.876847e-02;1.751621e-01;1.440603e-02;2.615817e-02;2.051398e-01;1.783646e-02;9.152319e-03
2.208127e-02;1.046312e-01;3.262727e-01;4.571639e-02;4.047535e-02;6.216624e-02;1.593314e-01;1.979164e-02;2.774176e-02;1.714119e-01;1.632988e-02;4.050198e-03
