1.630247e-01;8.266208e-02;1.144193e-01;3.750759e-02;4.958902e-02;4.411042e-02;1.191259e-01;6.184787e-02;4.714821e-02;8.892220e-02;1.117478e-01;7.989477e-02
2.133039e-01;1.002778e-01;1.276271e-01;2.246492e-02;4.360943e-02;4.689419e-02;1.636791e-01;2.992521e-02;2.879301e-02;6.536631e-02;8.215570e-02;7.590331e-02
2.022080e-01;1.360148e-01;1.285783e-01;1.673570e-02;3.471420e-02;3.873125e-02;2.139246e-01;3.462020e-02;2.606215e-02;3.995891e-02;6.591646e-02;6.253539e-02
1.213412e-01;1.545026e-01;1.767584e-01;1.599424e-02;2.854132e-02;2.462844e-02;2.706022e-01;5.057274e-02;2.529836e-02;2.123392e-02;6.653057e-02;4.399592e-02
4.081286e-02;1.227353e-01;2.760868e-01;1.808440e-02;2.035193e-02;1.884650e-02;2.904907e-01;8.263180e-02;2.836662e-02;1.674478e-02;4.650961e-02;3.833873e-02
2.638421e-02;6.159957e-02;3.361343e-01;3.105104e-02;1.491026e-02;3.856807e-02;2.598726e-01;1.023219e-01;3.033753e-02;2.398304e-02;2.209450e-02;5.274305e-02
2.238530e-02;1.940196e-02;3.334394e-01;6.687848e-02;1.749312e-02;6.254038e-02;2.267008e-01;8.979027e-02;6.420176e-02;2.906140e-02;1.712381e-02;5.098326e-02
3.904954e-02;2.137421e-02;2.693296e-01;1.255579e-01;2.921323e-02;6.612860e-02;1.766440e-01;5.587127e-02;1.213238e-01;5.081810e-02;2.139969e-02;2.329011e-02
5.369566e-02;2.647243e-02;1.800025e-01;1.671040e-01;3.850885e-02;5.288362e-02;1.231759e-01;5.306867e-02;1.745856e-01;8.595235e-02;3.636617e-02;8.184344e-03
6.077951e-02;2.320746e-02;9.914919e-02;1.806175e-01;4.717603e-02;6.554158e-02;8.404339e-02;6.409047e-02;1.908744e-01;1.036460e-01;5.461211e-02;2.626232e-02
4.629448e-02;2.746149e-02;7.155421e-02;1.460321e-01;6.717326e-02;8.977096e-02;1.789844e-01;6.954877e-02;1.155691e-01;1.020278e-01;5.140126e-02;3.418222e-02
4.283269e-02;2.521424e-02;1.821853e-01;1.033283e-01;7.222416e-02;8.687498e-02;2.264595e-01;4.980282e-02;6.305347e-02;7.559136e-02;3.226380e-02;4.016945e-02
3.478219e-02;2.706409e-02;2.861522e-01;1.147417e-01;5.763653e-02;6.839413e-02;1.684778e-01;3.715171e-02;8.370119e-02;3.979525e-02;3.861090e-02;4.349232e-02
3.893546e-02;2.720287e-02;2.496231e-01;1.325268e-01;3.502068e-02;6.046556e-02;1.004779e-01;6.352059e-02;1.144708e-01;7.602494e-02;5.058110e-02;5.115016e-02
7.618236e-02;7.036722e-02;1.176907e-01;8.944551e-02;4.020678e-02;5.691812e-02;1.269477e-01;1.045249e-01;8.432483e-02;9.538271e-02;5.570203e-02;8.230719e-02
1.117912e-01;1.027355e-01;7.911507e-02;4.961926e-02;5.675694e-02;6.197379e-02;1.369199e-01;1.446171e-01;6.671407e-02;6.425110e-02;4.421612e-02;8.128998e-02
8.421735e-02;8.771665e-02;8.783066e-02;3.910048e-02;6.215009e-02;6.583992e-02;1.200176e-01;1.524329e-01;8.820178e-02;9.451450e-02;6.529652e-02;5.268160e-02
6.179151e-02;6.370002e-02;8.072930e-02;5.330249e-02;6.564000e-02;6.812157e-02;1.356857e-01;1.251832e-01;1.057685e-01;1.402808e-01;5.038437e-02;4.941256e-02
7.389134e-02;5.469038e-02;1.287736e-01;5.914399e-02;6.666151e-02;5.699074e-02;1.016339e-01;8.793417e-02;1.241985e-01;1.532117e-01;3.434541e-02;5.852477e-02
1.120465e-01;4.634156e-02;2.067894e-01;4.969439e-02;5.346712e-02;6.180074e-02;9.318054e-02;6.734955e-02;6.713315e-02;9.785382e-02;8.274981e-02;6.159353e-02
9.256145e-02;4.676986e-02;1.895380e-01;3.581235e-02;4.263720e-02;8.540625e-02;7.987826e-02;3.829128e-02;5.856831e-02;1.185669e-01;1.418129e-01;7.015721e-02
3.431597e-02;2.872998e-02;1.398907e-01;2.400297e-02;4.593001e-02;1.304585e-01;7.217921e-02;2.378418e-02;8.716094e-02;1.335739e-01;2.165086e-01;6.346509e-02
4.112259e-02;1.291895e-02;1.339548e-01;1.221694e-02;4.793741e-02;1.388923e-01;6.860203e-02;1.547800e-02;1.030028e-01;1.309098e-01;2.246868e-01;7.027754e-02
3.948184e-02;8.438242e-03;1.295952e-01;1.025673e-02;3.327245e-02;1.487711e-01;7.127710e-02;1.288984e-02;1.078693e-01;1.332466e-01;2.365544e-01;6.834710e-02
3.759108e-02;5.659275e-03;1.209400e-01;8.483270e-03;2.094433e-02;1.919228e-01;5.017485e-02;8.914139e-03;7.510158e-02;1.502451e-01;2.668466e-01;6.317703e-02
5.589683e-02;1.219133e-02;1.078875e-01;1.247313e-02;1.848875e-02;2.097456e-01;5.258031e-02;1.365856e-02;3.882632e-02;1.503886e-01;2.663279e-01;6.153517e-02
6.095953e-02;2.107604e-02;1.137300e-01;4.008472e-02;2.920413e-02;1.709937e-01;7.173215e-02;3.578295e-02;4.909281e-02;1.484602e-01;2.066959e-01;5.218786e-02
4.983946e-02;3.097282e-02;1.510937e-01;6.927940e-02;3.452540e-02;1.253362e-01;7.753128e-02;5.096910e-02;7.575102e-02;1.622678e-01;1.328607e-01;3.957300e-02
7.194030e-02;3.171416e-02;1.522485e-01;1.231879e-01;3.622551e-02;7.324918e-02;8.040834e-02;4.089256e-02;1.166122e-01;1.711896e-01;7.316119e-02;2.917048e-02
9.921267e-02;3.538617e-02;9.669250e-02;1.360363e-01;5.320483e-02;5.300986e-02;6.965972e-02;5.588025e-02;9.732347e-02;1.676130e-01;1.030152e-01;3.296599e-02
1.195249e-01;4.668888e-02;1.202336e-01;8.145911e-02;4.276114e-02;7.837413e-02;8.722825e-02;5.835001e-02;4.446360e-02;1.325357e-01;1.223339e-01;6.604691e-02
1.768156e-01;6.736960e-02;1.807607e-01;7.062126e-02;5.382645e-02;6.038921e-02;7.623388e-02;6.336073e-02;6.134573e-02;6.384394e-02;6.506598e-02;6.036688e-02
1.663482e-01;1.132046e-01;2.809945e-01;7.270791e-02;5.544182e-02;5.076711e-02;5.134394e-02;4.685966e-02;7.925248e-02;2.875802e-02;2.306029e-02;3.126146e-02
8.967531e-02;1.253883e-01;3.960462e-01;8.891970e-02;3.039086e-02;6.888606e-02;3.380266e-02;1.867282e-02;9.144258e-02;3.035389e-02;1.193584e-02;1.448579e-02
2.975030e-02;8.787628e-02;5.306478e-01;8.843073e-02;2.634069e-02;6.114652e-02;2.837197e-02;1.084041e-02;6.686620e-02;4.462676e-02;1.445232e-02;1.065004e-02
2.196745e-02;4.155836e-02;5.602186e-01;9.872262e-02;5.913758e-02;4.457394e-02;3.857132e-02;1.157387e-02;2.701114e-02;4.725577e-02;3.974175e-02;9.667651e-03
1.747650e-02;1.569868e-02;4.720825e-01;1.430714e-01;1.222586e-01;5.018809e-02;2.123477e-02;2.263109e-02;8.370519e-03;2.954322e-02;7.644933e-02;2.099526e-02
1.208124e-02;2.226232e-02;3.100259e-01;1.522291e-01;2.223636e-01;6.568196e-02;4.261332e-02;2.616055e-02;9.941880e-03;1.092522e-02;6.592896e-02;5.978597e-02
6.555292e-03;1.414414e-02;2.562123e-01;1.393221e-01;2.948877e-01;7.180122e-02;5.994711e-02;1.451457e-02;5.175446e-03;1.067711e-02;3.148801e-02;9.527502e-02
7.715064e-03;9.043103e-03;2.851767e-01;1.813414e-01;2.456409e-01;5.442691e-02;4.326649e-02;7.633519e-03;4.453890e-03;9.953797e-03;6.680719e-02;8.454116e-02
7.058002e-03;1.091175e-02;3.288525e-01;2.421459e-01;1.689209e-01;3.789376e-02;2.519433e-02;6.894831e-03;2.944542e-03;7.736032e-03;1.098515e-01;5.159599e-02
7.035619e-03;1.376447e-02;4.468941e-01;2.403584e-01;9.764847e-02;2.474488e-02;1.097911e-02;4.878715e-03;2.876368e-03;2.513845e-02;1.021318e-01;2.354973e-02
1.317623e-02;3.027393e-02;5.458931e-01;1.651375e-01;6.167115e-02;2.067894e-02;3.138220e-02;5.520590e-03;1.162873e-02;4.436780e-02;5.682904e-02;1.344085e-02
3.743341e-02;8.040041e-02;5.408904e-01;8.776053e-02;3.611027e-02;1.964088e-02;5.103451e-02;7.228332e-03;3.735580e-02;4.466212e-02;4.089572e-02;1.658761e-02
1.134541e-01;1.242946e-01;4.513262e-01;4.483892e-02;3.561153e-02;1.589855e-02;4.509636e-02;2.713346e-02;5.840069e-02;2.629891e-02;3.611130e-02;2.153536e-02
2.007868e-01;1.089873e-01;3.669501e-01;3.750414e-02;3.521345e-02;1.318278e-02;3.340191e-02;5.758203e-02;4.975567e-02;2.573753e-02;3.433970e-02;3.655854e-02
1.962030e-01;6.664740e-02;2.585354e-01;7.817642e-02;3.200990e-02;2.158671e-02;8.551008e-02;6.353003e-02;3.780504e-02;4.494293e-02;5.053715e-02;6.451593e-02
1.272263e-01;3.371959e-02;1.623349e-01;1.227866e-01;2.770614e-02;4.046765e-02;1.484590e-01;5.264850e-02;3.721746e-02;6.467461e-02;8.481637e-02;9.794289e-02
9.414435e-02;2.081216e-02;1.512267e-01;8.440259e-02;2.970294e-02;8.371663e-02;1.108239e-01;4.218932e-02;5.926231e-02;8.540751e-02;1.515329e-01;8.677878e-02
6.168708e-02;2.056084e-02;1.963051e-01;3.959237e-02;2.935217e-02;1.331640e-01;4.528491e-02;1.707359e-02;4.885001e-02;1.237696e-01;2.280317e-01;5.632872e-02
6.579934e-02;6.078925e-02;1.500621e-01;2.520002e-02;2.955818e-02;1.407546e-01;5.284446e-02;1.878273e-02;3.753059e-02;1.185944e-01;2.517536e-01;4.833077e-02
4.834026e-02;9.023542e-02;1.186938e-01;3.705885e-02;5.108485e-02;1.335311e-01;5.644534e-02;1.839619e-02;3.435259e-02;1.179895e-01;2.398714e-01;5.400073e-02
4.000502e-02;7.018410e-02;1.312729e-01;3.437727e-02;3.863404e-02;1.300041e-01;1.039864e-01;1.809493e-02;2.670280e-02;8.831926e-02;2.201490e-01;9.827016e-02
9.625423e-02;3.304829e-02;9.813175e-02;5.920086e-02;2.109153e-02;8.875632e-02;1.898485e-01;3.631457e-02;1.595272e-02;4.133463e-02;1.418637e-01;1.782030e-01
1.897649e-01;3.394726e-02;6.562409e-02;7.220205e-02;2.078467e-02;4.540764e-02;2.073353e-01;7.695524e-02;9.044867e-03;2.839392e-02;6.333737e-02;1.872027e-01
2.913895e-01;3.979101e-02;3.709598e-02;5.182294e-02;4.245871e-02;2.995402e-02;1.550427e-01;1.200295e-01;2.667605e-02;2.904812e-02;4.415069e-02;1.325407e-01
2.842194e-01;3.719485e-02;1.767565e-01;2.955237e-02;5.150455e-02;2.664541e-02;1.180352e-01;1.010011e-01;2.982922e-02;2.414097e-02;5.368055e-02;6.743994e-02
2.022860e-01;1.072590e-01;3.435263e-01;2.882049e-02;3.578730e-02;1.773526e-02;1.107116e-01;3.213886e-02;2.073638e-02;1.632764e-02;4.519528e-02;3.947586e-02
1.001595e-01;1.568367e-01;4.984686e-01;2.128698e-02;1.707296e-02;1.030243e-02;8.069041e-02;2.326013e-02;4.018043e-02;9.995275e-03;2.372567e-02;1.802087e-02
5.970925e-02;1.363067e-01;5.367994e-01;3.010652e-02;3.049133e-02;1.509887e-02;7.029731e-02;2.796542e-02;3.657616e-02;1.983903e-02;2.018713e-02;1.662285e-02
1.099801e-01;9.259287e-02;3.577732e-01;4.670035e-02;5.170725e-02;5.004346e-02;8.199053e-02;4.278635e-02;5.476407e-02;4.070268e-02;3.353409e-02;3.742499e-02
9.545384e-02;6.727202e-02;4.194811e-01;5.697566e-02;3.721735e-02;6.030497e-02;7.598963e-02;2.371140e-02;4.746168e-02;4.172721e-02;4.371333e-02;3.069187e-02
3.735824e-02;4.131669e-02;5.512908e-01;8.290601e-02;5.152206e-02;4.463052e-02;5.209085e-02;7.177399e-03;3.290498e-02;3.737591e-02;4.893563e-02;1.249095e-02
1.632445e-02;1.754004e-02;6.235778e-01;1.181028e-01;5.842725e-02;2.976248e-02;2.260714e-02;1.057161e-02;1.687962e-02;3.074571e-02;4.731271e-02;8.148453e-03
2.008005e-02;3.333267e-02;6.445380e-01;1.108450e-01;4.152335e-02;1.578118e-02;3.831895e-02;6.021077e-03;4.938364e-03;4.500813e-02;3.232581e-02;7.287496e-03
4.895980e-02;6.195675e-02;5.742713e-01;8.665942e-02;3.092605e-02;1.928842e-02;5.667031e-02;9.295047e-03;1.562274e-02;5.147799e-02;3.089065e-02;1.398143e-02
8.343023e-02;7.174309e-02;4.171663e-01;8.360733e-02;4.774272e-02;3.517141e-02;9.136429e-02;1.624895e-02;3.092259e-02;4.283703e-02;4.443108e-02;3.533496e-02
1.216440e-01;6.661934e-02;2.295394e-01;7.779135e-02;4.965682e-02;3.910622e-02;1.328078e-01;3.291792e-02;5.148054e-02;5.207068e-02;3.764625e-02;1.087197e-01
2.619338e-01;7.694444e-02;9.575592e-02;4.118901e-02;3.690218e-02;3.405279e-02;1.034768e-01;5.885125e-02;4.904322e-02;7.737422e-02;4.956862e-02;1.149078e-01
3.557177e-01;7.581387e-02;1.216050e-01;2.002998e-02;3.337567e-02;2.763461e-02;6.240322e-02;9.296095e-02;3.440767e-02;5.181098e-02;4.043052e-02;8.380987e-02
3.587209e-01;5.035301e-02;1.087733e-01;3.321910e-02;2.316084e-02;2.892192e-02;9.095388e-02;8.832998e-02;2.386377e-02;5.034943e-02;3.944191e-02;1.039120e-01
2.789207e-01;3.421586e-02;8.094371e-02;4.948556e-02;1.102872e-02;3.824750e-02;1.575277e-01;5.259222e-02;1.832150e-02;7.481854e-02;5.540451e-02;1.484935e-01
1.866202e-01;2.983167e-02;7.982808e-02;4.233388e-02;1.947972e-02;6.061099e-02;1.683653e-01;4.325026e-02;2.020379e-02;7.968403e-02;1.221575e-01;1.476346e-01
1.126460e-01;3.275714e-02;8.056196e-02;3.122574e-02;3.456460e-02;9.220613e-02;1.243614e-01;3.590049e-02;3.684163e-02;1.264794e-01;1.862427e-01;1.062127e-01
6.506879e-02;4.831075e-02;7.163776e-02;4.040187e-02;4.791640e-02;9.073274e-02;1.026254e-01;4.711725e-02;7.853912e-02;1.897963e-01;1.560093e-01;6.184426e-02
3.306740e-02;5.053116e-02;1.040050e-01;6.303549e-02;4.338737e-02;6.934646e-02;1.778418e-01;6.410369e-02;1.103862e-01;1.635601e-01;6.894243e-02;5.179298e-02
5.567493e-02;6.363405e-02;1.258366e-01;4.947659e-02;4.722974e-02;5.874097e-02;3.060094e-01;4.490215e-02;7.761912e-02;7.447267e-02;5.114865e-02;4.525515e-02
7.359836e-02;5.939614e-02;1.085505e-01;3.633269e-02;7.616559e-02;8.408730e-02;3.439094e-01;4.049663e-02;3.917715e-02;6.166069e-02;4.260976e-02;3.401582e-02
8.817730e-02;3.776859e-02;6.896295e-02;4.104984e-02;1.505030e-01;1.237039e-01;2.082958e-01;4.799572e-02;7.971281e-02;7.035363e-02;5.142050e-02;3.205594e-02
5.534905e-02;1.622372e-02;1.214559e-01;6.407249e-02;2.040092e-01;1.105049e-01;8.258920e-02;4.194013e-02;1.352308e-01;8.400840e-02;4.122341e-02;4.339286e-02
6.499622e-02;5.174334e-02;1.384971e-01;6.654183e-02;1.291240e-01;1.054394e-01;1.242909e-01;5.249539e-02;9.850822e-02;7.702398e-02;5.351689e-02;3.782282e-02
6.837473e-02;6.439231e-02;1.003618e-01;5.107928e-02;9.758787e-02;1.093760e-01;1.837137e-01;8.325328e-02;9.202274e-02;6.668963e-02;5.121555e-02;3.193311e-02
5.124433e-02;5.573153e-02;9.021925e-02;4.787924e-02;1.137445e-01;1.105150e-01;1.985702e-01;1.117773e-01;9.864282e-02;6.359978e-02;2.810347e-02;2.997264e-02
8.686160e-02;3.966961e-02;6.219519e-02;2.816663e-02;1.363193e-01;1.100847e-01;2.360268e-01;1.166570e-01;8.272859e-02;5.302208e-02;1.561935e-02;3.264907e-02
1.213613e-01;4.970124e-02;6.098599e-02;2.136588e-02;1.357189e-01;1.179998e-01;2.546986e-01;7.513674e-02;6.825015e-02;3.888118e-02;1.717958e-02;3.872070e-02
1.692193e-01;5.771713e-02;5.534586e-02;2.139665e-02;1.314029e-01;1.182372e-01;2.502529e-01;4.605744e-02;5.801004e-02;3.015328e-02;1.795024e-02;4.425710e-02
1.848377e-01;5.005806e-02;1.032322e-01;2.730230e-02;1.291782e-01;9.841305e-02;1.972384e-01;4.231256e-02;6.567757e-02;2.605038e-02;2.028110e-02;5.541860e-02
1.688024e-01;4.724606e-02;1.730386e-01;3.017404e-02;1.188058e-01;7.072269e-02;1.352934e-01;3.845344e-02;8.857611e-02;3.657331e-02;2.586898e-02;6.644515e-02
1.210267e-01;6.363367e-02;2.602690e-01;3.609490e-02;1.036156e-01;5.292733e-02;8.976421e-02;2.926010e-02;9.857450e-02;4.891035e-02;3.633063e-02;5.959299e-02
1.113302e-01;6.977487e-02;2.511689e-01;5.061530e-02;1.043959e-01;6.145428e-02;7.686983e-02;4.207902e-02;8.508132e-02;5.366603e-02;4.499055e-02;4.857379e-02
1.619608e-01;8.163708e-02;1.006342e-01;6.086505e-02;9.171921e-02;9.140947e-02;6.383069e-02;8.095849e-02;1.105764e-01;7.315746e-02;4.510256e-02;3.814866e-02
1.298964e-01;5.155881e-02;1.847285e-01;5.512451e-02;7.287654e-02;9.012004e-02;6.670756e-02;8.961704e-02;1.286153e-01;6.464907e-02;3.214591e-02;3.396027e-02
1.034022e-01;6.065077e-02;2.134084e-01;5.086959e-02;7.900666e-02;9.267808e-02;1.193143e-01;6.869227e-02;9.938852e-02;4.425867e-02;2.513764e-02;4.319283e-02
8.841399e-02;6.339247e-02;1.567625e-01;4.602797e-02;8.398033e-02;7.195021e-02;1.661094e-01;9.222279e-02;5.188329e-02;6.816781e-02;3.643964e-02;7.464961e-02
1.230336e-01;8.633970e-02;8.147527e-02;4.281635e-02;4.328346e-02;7.101791e-02;1.411572e-01;9.791050e-02;1.019893e-01;7.999702e-02;4.661858e-02;8.436108e-02
1.302078e-01;8.304711e-02;9.001101e-02;3.255729e-02;4.132364e-02;7.215787e-02;1.584755e-01;1.052280e-01;1.084725e-01;7.840323e-02;2.814111e-02;7.197487e-02
1.357870e-01;7.533426e-02;1.249320e-01;3.451713e-02;4.445118e-02;7.575499e-02;1.536513e-01;9.460546e-02;8.812346e-02;6.566780e-02;5.278172e-02;5.439379e-02
1.070074e-01;6.467450e-02;1.641566e-01;3.948176e-02;3.899246e-02;5.919985e-02;2.355332e-01;8.741692e-02;3.575600e-02;6.084838e-02;5.986343e-02;4.706942e-02
8.453541e-02;7.913413e-02;1.641295e-01;3.001858e-02;3.239517e-02;3.871709e-02;3.118305e-01;8.721947e-02;4.230758e-02;4.880198e-02;4.699119e-02;3.391946e-02
6.552044e-02;1.145166e-01;1.568220e-01;2.133906e-02;3.905341e-02;2.688834e-02;3.848758e-01;7.051001e-02;2.764321e-02;2.689629e-02;4.769214e-02;1.824268e-02
6.229845e-02;1.444024e-01;1.303737e-01;9.999664e-03;3.790484e-02;2.912479e-02;4.424379e-01;5.085133e-02;1.785159e-02;1.244929e-02;5.549122e-02;6.814874e-03
6.883167e-02;1.593119e-01;1.008348e-01;7.357137e-03;3.524727e-02;3.651655e-02;4.511226e-01;4.453750e-02;2.032925e-02;9.969863e-03;5.977424e-02;6.167212e-03
9.114776e-02;1.486497e-01;8.820929e-02;1.435914e-02;4.247119e-02;5.325926e-02;4.074313e-01;4.013165e-02;2.513293e-02;1.858048e-02;5.643997e-02;1.418736e-02
1.121309e-01;1.317868e-01;7.484130e-02;2.414216e-02;5.710697e-02;7.864185e-02;3.386926e-01;4.387311e-02;3.324495e-02;3.693057e-02;4.922551e-02;1.938334e-02
7.612668e-02;1.019116e-01;3.590740e-02;1.807633e-02;5.765606e-02;7.007382e-02;4.476871e-01;4.256076e-02;5.894180e-02;3.665551e-02;3.877629e-02;1.562656e-02
3.121375e-02;7.751732e-02;3.542911e-02;8.877206e-03;5.123143e-02;4.868131e-02;5.923231e-01;3.683545e-02;4.882677e-02;2.010322e-02;4.146200e-02;7.499319e-03
2.552474e-02;5.644239e-02;2.700789e-02;8.778437e-03;5.725551e-02;4.657473e-02;6.368347e-01;4.361070e-02;2.464798e-02;1.844231e-02;3.972119e-02;1.515939e-02
4.306796e-02;7.234228e-02;1.041275e-01;1.640488e-02;5.234680e-02;3.271135e-02;4.897548e-01;6.219571e-02;2.306328e-02;2.672003e-02;3.971666e-02;3.754885e-02
6.866380e-02;1.064132e-01;1.522951e-01;2.053040e-02;4.544637e-02;2.835324e-02;3.851253e-01;6.253769e-02;2.257135e-02;2.326546e-02;5.072130e-02;3.407667e-02
1.212300e-01;1.394659e-01;1.346335e-01;1.591947e-02;3.731744e-02;3.664904e-02;3.457717e-01;5.230412e-02;2.215161e-02;2.129366e-02;4.992557e-02;2.333794e-02
1.839978e-01;1.547616e-01;9.206575e-02;2.042273e-02;3.667975e-02;5.233182e-02;2.943141e-01;4.117556e-02;2.221069e-02;2.927402e-02;3.968164e-02;3.308447e-02
2.542169e-01;1.558210e-01;5.445389e-02;3.095079e-02;5.006878e-02;6.490821e-02;2.138218e-01;2.818419e-02;2.589053e-02;4.399841e-02;3.142155e-02;4.626393e-02
2.839733e-01;1.835144e-01;4.781802e-02;3.385567e-02;6.868773e-02;6.579247e-02;1.232578e-01;1.935743e-02;3.380637e-02;4.924548e-02;3.971056e-02;5.098066e-02
1.428092e-01;2.009981e-01;1.068177e-01;6.257315e-02;8.884548e-02;7.692576e-02;6.801202e-02;3.094875e-02;4.448644e-02;6.132914e-02;5.735930e-02;5.889496e-02
1.151701e-01;1.354957e-01;1.033260e-01;7.580628e-02;8.457559e-02;7.628519e-02;1.358733e-01;4.515663e-02;4.313512e-02;5.207980e-02;8.225480e-02;5.084145e-02
4.613239e-02;9.291614e-02;1.367192e-01;1.020104e-01;1.199249e-01;1.123306e-01;1.192612e-01;6.452388e-02;4.537963e-02;5.775570e-02;7.217167e-02;3.087436e-02
6.675585e-02;4.461135e-02;1.461327e-01;9.049771e-02;1.235245e-01;1.064620e-01;1.523738e-01;7.353833e-02;3.416957e-02;6.665071e-02;5.255295e-02;4.273055e-02
7.794540e-02;6.962617e-02;1.406367e-01;5.415281e-02;9.619084e-02;9.307992e-02;2.117480e-01;6.578827e-02;2.638651e-02;5.977264e-02;4.544997e-02;5.922275e-02
6.202910e-02;7.116009e-02;1.257971e-01;4.601515e-02;6.211099e-02;1.307538e-01;1.630643e-01;8.446700e-02;4.863929e-02;7.196064e-02;6.648333e-02;6.751912e-02
6.661130e-02;6.073725e-02;1.387488e-01;4.676205e-02;5.598012e-02;9.104066e-02;9.270274e-02;8.068340e-02;1.162831e-01;1.024968e-01;7.129969e-02;7.665410e-02
9.013804e-02;5.358863e-02;1.659065e-01;4.311987e-02;6.699342e-02;6.989514e-02;1.290354e-01;5.053667e-02;1.266846e-01;8.327985e-02;2.628203e-02;9.453987e-02
6.788382e-02;6.282721e-02;1.643785e-01;6.938142e-02;6.139904e-02;8.763907e-02;1.389515e-01;5.932198e-02;1.051648e-01;5.764721e-02;5.367150e-02;7.173390e-02
6.102091e-02;7.384278e-02;1.167678e-01;8.384515e-02;6.103199e-02;9.166352e-02;1.303333e-01;6.993712e-02;1.072372e-01;6.848723e-02;7.182647e-02;6.400653e-02
1.292288e-01;1.119052e-01;1.549378e-01;5.375483e-02;4.841610e-02;4.616533e-02;1.013903e-01;6.285502e-02;1.220632e-01;9.954326e-02;4.223261e-02;2.750747e-02
1.141791e-01;9.562141e-02;1.555690e-01;5.547158e-02;4.732723e-02;3.369249e-02;1.108441e-01;5.285610e-02;1.170902e-01;1.240760e-01;6.064786e-02;3.262488e-02
1.025153e-01;8.640651e-02;1.067868e-01;9.053390e-02;5.085527e-02;2.955614e-02;8.702798e-02;4.563367e-02;1.478032e-01;1.442469e-01;7.409328e-02;3.454109e-02
9.774925e-02;9.921303e-02;8.795372e-02;1.325732e-01;6.990450e-02;1.780127e-02;5.847238e-02;3.849037e-02;2.120181e-01;1.127812e-01;5.187848e-02;2.116460e-02
9.091260e-02;7.761632e-02;1.051411e-01;1.438936e-01;1.361187e-01;2.993246e-02;5.214634e-02;2.876581e-02;2.286649e-01;7.281840e-02;2.476507e-02;9.224671e-03
6.223163e-02;2.898865e-02;8.247007e-02;1.066237e-01;2.086385e-01;7.516935e-02;4.897698e-02;3.434639e-02;1.714612e-01;1.379398e-01;3.572720e-02;7.426531e-03
4.453889e-02;4.732029e-02;5.633335e-02;7.267284e-02;1.953258e-01;9.535901e-02;4.817650e-02;5.284936e-02;1.131846e-01;1.740062e-01;8.423774e-02;1.599539e-02
6.224900e-02;5.149598e-02;8.484231e-02;5.214147e-02;9.645755e-02;1.055525e-01;6.712056e-02;4.637371e-02;1.120468e-01;1.457232e-01;1.470912e-01;2.890582e-02
9.588107e-02;3.613246e-02;1.251155e-01;5.294654e-02;7.355867e-02;1.059292e-01;7.852486e-02;3.809290e-02;1.084583e-01;8.852409e-02;1.501093e-01;4.672704e-02
1.678453e-01;1.739971e-02;1.102381e-01;8.638219e-02;5.619660e-02;6.987975e-02;1.197574e-01;4.478791e-02;8.356896e-02;6.228208e-02;9.185180e-02;8.981028e-02
2.352623e-01;4.696438e-02;1.246077e-01;8.076536e-02;6.345014e-02;4.591309e-02;1.048965e-01;6.091702e-02;5.659084e-02;5.207933e-02;3.953867e-02;8.901462e-02
2.563838e-01;9.785242e-02;2.389713e-01;3.960958e-02;5.910369e-02;4.193078e-02;5.354390e-02;6.553303e-02;1.758612e-02;2.787993e-02;4.446366e-02;5.714177e-02
1.300537e-01;1.331196e-01;4.137841e-01;3.256869e-02;3.834290e-02;3.977610e-02;5.119446e-02;3.889392e-02;4.860951e-02;1.823939e-02;2.718181e-02;2.823583e-02
5.048111e-02;1.132857e-01;5.195870e-01;3.863577e-02;2.230928e-02;3.888479e-02;5.935799e-02;1.891316e-02;6.362239e-02;2.983093e-02;2.393855e-02;2.115333e-02
3.380098e-02;5.989387e-02;5.016987e-01;6.638604e-02;6.675062e-02;3.935757e-02;7.686748e-02;1.561392e-02;4.616337e-02;2.990623e-02;3.906182e-02;2.449938e-02
2.114821e-02;2.068493e-02;4.339694e-01;9.166851e-02;1.166571e-01;5.527745e-02;1.171504e-01;1.220972e-02;2.687291e-02;2.047763e-02;5.314372e-02;3.073994e-02
2.084270e-02;1.175357e-02;4.016573e-01;8.942658e-02;1.147212e-01;5.385023e-02;1.491466e-01;1.810245e-02;2.367169e-02;2.385226e-02;5.637143e-02;3.660407e-02
3.649035e-02;2.037383e-02;3.562971e-01;8.769823e-02;8.719025e-02;4.133576e-02;1.386867e-01;2.729838e-02;4.201337e-02;5.232048e-02;6.192553e-02;4.837004e-02
3.739186e-02;3.335353e-02;3.448989e-01;6.597534e-02;4.464239e-02;4.515414e-02;7.714490e-02;2.474500e-02;4.196415e-02;8.768033e-02;1.353763e-01;6.167311e-02
2.503152e-02;3.911575e-02;3.443511e-01;3.363724e-02;3.281275e-02;4.149292e-02;8.850737e-02;2.242551e-02;4.471900e-02;1.389713e-01;1.430859e-01;4.584960e-02
5.043167e-02;2.992726e-02;2.423155e-01;6.482667e-02;6.294714e-02;4.305707e-02;9.369861e-02;4.259721e-02;6.690694e-02;1.422213e-01;1.236184e-01;3.745217e-02
8.021986e-02;4.710169e-02;1.266425e-01;7.677034e-02;6.329775e-02;7.809511e-02;1.024223e-01;6.647140e-02;9.398779e-02;1.117681e-01;1.061057e-01;4.711742e-02
8.058406e-02;5.387577e-02;9.276387e-02;6.323754e-02;5.835968e-02;9.551657e-02;1.158283e-01;8.360510e-02;1.080624e-01;1.147115e-01;8.018399e-02;5.327123e-02
7.601101e-02;4.009041e-02;9.653200e-02;5.104470e-02;5.950044e-02;1.126393e-01;1.308014e-01;8.349068e-02;9.422757e-02;1.268708e-01;6.435601e-02;6.443582e-02
4.581526e-02;3.363343e-02;1.213587e-01;7.862680e-02;7.249804e-02;1.071746e-01;1.262102e-01;6.196011e-02;6.253713e-02;1.496613e-01;7.935909e-02;6.116525e-02
7.883600e-02;4.094726e-02;1.245049e-01;7.520179e-02;5.850306e-02;1.026121e-01;1.407142e-01;6.009017e-02;8.225507e-02;1.450696e-01;5.308874e-02;3.817710e-02
5.835857e-02;5.850603e-02;9.810087e-02;5.038722e-02;6.171289e-02;1.362881e-01;1.030618e-01;7.197735e-02;1.210576e-01;1.438106e-01;6.541473e-02;3.132422e-02
6.880567e-02;6.166414e-02;8.997242e-02;5.068457e-02;6.948067e-02;1.229733e-01;6.303862e-02;1.295201e-01;1.138103e-01;1.136490e-01;7.932809e-02;3.707316e-02
8.800726e-02;5.477513e-02;7.675814e-02;4.665285e-02;7.596672e-02;9.762558e-02;8.757488e-02;1.453905e-01;1.175238e-01;8.214828e-02;7.133075e-02;5.624606e-02
9.560941e-02;6.435820e-02;2.023652e-01;4.811584e-02;7.608189e-02;7.300869e-02;8.891609e-02;8.824410e-02;1.094792e-01;5.491595e-02;5.323796e-02;4.566743e-02
1.903723e-01;1.191284e-01;2.672724e-01;4.003349e-02;4.771148e-02;2.949917e-02;8.742255e-02;5.451415e-02;1.752739e-02;5.187264e-02;5.017566e-02;4.447049e-02
2.509444e-01;1.108040e-01;1.989946e-01;4.136606e-02;3.217800e-02;2.425551e-02;9.763109e-02;5.154451e-02;2.971764e-02;4.147863e-02;5.175904e-02;6.932659e-02
3.037732e-01;8.703318e-02;1.036859e-01;4.935503e-02;1.724489e-02;2.564241e-02;1.423705e-01;3.747720e-02;2.156689e-02;3.985881e-02;3.699605e-02;1.349959e-01
2.732314e-01;4.778451e-02;4.876362e-02;5.362042e-02;1.088920e-02;2.771544e-02;2.054107e-01;2.936757e-02;1.660677e-02;3.327555e-02;4.388108e-02;2.094537e-01
2.032122e-01;1.915674e-02;4.214676e-02;4.441641e-02;2.508990e-02;5.320424e-02;2.140669e-01;3.473604e-02;2.623515e-02;2.321458e-02;8.430050e-02;2.302206e-01
1.363805e-01;1.722881e-02;6.962946e-02;2.135836e-02;3.735333e-02;1.142385e-01;1.355057e-01;2.208736e-02;4.326467e-02;3.998300e-02;1.845883e-01;1.783820e-01
7.004973e-02;1.092732e-02;9.941320e-02;1.076492e-02;3.370394e-02;1.769609e-01;6.087572e-02;1.123708e-02;4.786982e-02;6.816072e-02;2.936483e-01;1.163884e-01
4.363820e-02;1.527114e-02;1.012285e-01;1.096735e-02;3.239067e-02;2.038911e-01;4.552647e-02;9.187912e-03;3.585760e-02;8.657121e-02;3.383072e-01;7.716259e-02
6.378438e-02;2.274792e-02;8.428171e-02;2.019739e-02;3.503037e-02;1.889891e-01;4.306395e-02;2.311776e-02;2.672470e-02;1.098289e-01;3.287203e-01;5.351345e-02
1.011696e-01;2.172167e-02;5.953385e-02;3.774322e-02;4.042262e-02;1.260414e-01;1.090825e-01;2.713228e-02;2.058963e-02;1.364408e-01;2.637745e-01;5.634788e-02
6.927595e-02;2.927677e-02;5.157119e-02;6.357141e-02;6.725462e-02;6.417399e-02;1.466229e-01;3.781164e-02;8.079074e-02;1.619905e-01;1.661696e-01;6.149077e-02
4.632585e-02;2.052727e-02;7.616066e-02;9.168670e-02;6.798693e-02;5.101952e-02;1.697649e-01;5.282617e-02;1.139759e-01;1.505526e-01;1.077219e-01;5.145150e-02
2.906488e-02;3.319887e-02;1.044124e-01;8.288793e-02;6.574502e-02;6.487311e-02;2.404320e-01;7.117148e-02;9.998457e-02;1.131256e-01;6.665889e-02;2.844515e-02
4.796361e-02;3.644675e-02;7.232763e-02;5.819019e-02;8.046474e-02;1.059928e-01;2.842891e-01;7.923061e-02;7.708378e-02;9.010360e-02;3.594603e-02;3.196115e-02
5.215949e-02;3.119354e-02;4.544535e-02;6.416290e-02;7.791262e-02;1.295649e-01;2.511789e-01;8.561546e-02;8.141100e-02;9.061243e-02;5.222569e-02;3.851770e-02
3.966657e-02;3.713641e-02;5.850827e-02;4.791026e-02;6.610328e-02;1.189267e-01;2.593866e-01;6.968338e-02;7.714081e-02;1.062066e-01;7.117916e-02;4.815202e-02
5.565253e-02;7.240362e-02;1.263465e-01;4.528381e-02;5.689967e-02;7.107665e-02;3.145430e-01;4.890837e-02;4.495282e-02;7.326672e-02;5.131616e-02;3.935009e-02
3.624728e-02;8.604242e-02;1.945762e-01;3.566271e-02;4.191923e-02;4.461177e-02;3.300538e-01;6.460280e-02;3.791698e-02;4.150110e-02;4.710741e-02;3.975832e-02
2.311120e-02;6.578951e-02;2.917534e-01;3.472332e-02;3.121023e-02;3.564819e-02;2.777275e-01;8.584029e-02;3.501840e-02;3.350466e-02;3.088204e-02;5.479129e-02
1.298669e-02;3.831530e-02;3.993994e-01;4.131398e-02;2.762968e-02;4.109171e-02;1.837831e-01;9.429722e-02;3.956681e-02;2.958179e-02;2.332639e-02;6.870796e-02
8.677799e-03;2.960137e-02;4.549766e-01;6.126847e-02;1.911460e-02;5.501165e-02;1.256979e-01;8.314357e-02;4.650043e-02;2.735783e-02;1.546290e-02;7.318693e-02
1.297692e-02;2.511173e-02;4.686455e-01;6.773281e-02;1.287477e-02;5.547812e-02;1.205956e-01;8.042794e-02;4.612216e-02;2.387916e-02;1.520071e-02;7.095468e-02
1.146520e-02;4.219729e-02;4.752268e-01;5.520593e-02;1.277957e-02;4.000366e-02;1.469928e-01;8.058436e-02;3.641230e-02;2.028538e-02;1.698927e-02;6.185745e-02
1.825982e-02;7.086530e-02;4.831393e-01;4.033600e-02;1.728317e-02;1.820731e-02;1.763758e-01;6.961537e-02;2.119018e-02;1.408707e-02;2.355506e-02;4.708569e-02
1.910865e-02;7.511679e-02;4.865839e-01;2.065558e-02;2.681342e-02;9.007848e-03;2.052729e-01;6.095596e-02;1.258552e-02;1.043954e-02;2.902740e-02;4.443250e-02
1.145460e-02;5.854888e-02;4.640571e-01;2.818586e-02;3.098908e-02;1.562396e-02;2.022148e-01;7.272206e-02;1.768057e-02;1.219642e-02;2.863672e-02;5.769000e-02
9.226844e-03;4.990934e-02;4.896373e-01;3.433125e-02;1.730899e-02;2.034292e-02;1.702942e-01;8.324703e-02;1.618847e-02;1.857111e-02;1.793955e-02;7.300292e-02
6.047794e-03;4.170044e-02;5.156307e-01;3.385856e-02;8.445388e-03;2.471682e-02;1.512447e-01;8.084106e-02;1.826757e-02;2.037592e-02;1.275562e-02;8.611543e-02
8.029039e-03;3.124915e-02;5.348982e-01;4.010787e-02;8.940618e-03;2.443969e-02;1.347430e-01;7.688787e-02;1.963606e-02;1.921389e-02;9.048957e-03;9.280564e-02
8.769332e-03;3.288273e-02;5.327208e-01;3.982626e-02;7.548458e-03;1.928090e-02;1.405016e-01;7.665163e-02;2.061508e-02;1.920051e-02;8.621113e-03;9.338164e-02
9.980839e-03;4.839615e-02;5.057411e-01;3.346718e-02;6.718601e-03;1.351667e-02;1.615682e-01;7.509974e-02;1.635329e-02;2.147236e-02;1.851176e-02;8.917407e-02
1.821559e-02;8.638793e-02;4.160810e-01;3.490571e-02;1.417534e-02;1.372343e-02;1.811077e-01;5.939824e-02;3.158338e-02;2.972601e-02;3.853064e-02;7.616500e-02
4.551877e-02;8.913158e-02;3.350654e-01;2.182446e-02;2.383338e-02;2.228684e-02;1.867687e-01;2.982968e-02;5.105908e-02;4.848150e-02;8.372586e-02;6.247474e-02
6.198457e-02;4.322613e-02;2.696634e-01;3.875481e-02;3.190653e-02;3.252112e-02;1.577545e-01;8.103774e-02;8.639101e-02;7.448550e-02;1.023793e-01;1.989540e-02
4.767531e-02;3.497048e-02;2.662304e-01;5.515378e-02;2.227728e-02;3.760827e-02;1.994136e-01;8.049484e-02;8.095885e-02;5.742981e-02;4.185345e-02;7.593387e-02
2.789653e-02;3.212272e-02;2.780571e-01;4.541668e-02;4.092871e-02;3.910888e-02;2.549878e-01;4.596830e-02;6.545445e-02;3.606026e-02;5.205009e-02;8.194854e-02
2.241129e-02;5.589538e-02;3.132811e-01;5.237679e-02;5.129525e-02;3.411781e-02;1.889110e-01;3.391295e-02;5.448774e-02;5.405366e-02;8.201296e-02;5.724410e-02
5.578066e-02;8.087970e-02;3.029310e-01;5.275298e-02;5.096275e-02;5.043667e-02;1.121214e-01;2.415505e-02;9.363251e-02;7.464246e-02;4.746749e-02;5.423734e-02
5.165695e-02;6.222360e-02;3.256612e-01;5.556221e-02;4.092357e-02;4.512110e-02;1.255232e-01;4.203019e-02;9.938660e-02;7.099023e-02;3.712096e-02;4.380013e-02
4.126203e-02;8.942799e-02;3.296523e-01;4.505763e-02;3.410637e-02;3.856834e-02;1.345033e-01;7.556058e-02;7.652103e-02;5.712976e-02;5.945745e-02;1.875321e-02
