3.617741e-02;1.651775e-01;3.268883e-01;5.169868e-02;2.247410e-02;1.222299e-01;1.331701e-02;7.718000e-02;8.443488e-02;2.474685e-02;3.578091e-02;3.989444e-02
4.535728e-02;1.435487e-01;2.747960e-01;3.730914e-02;2.482551e-02;1.553127e-01;2.575892e-02;1.288911e-01;7.329481e-02;2.398892e-02;3.081677e-02;3.610018e-02
7.294217e-02;2.145685e-01;1.696312e-01;1.996915e-02;2.740201e-02;1.432589e-01;3.901941e-02;1.446402e-01;7.092343e-02;2.918448e-02;3.255885e-02;3.590168e-02
6.178136e-02;3.393840e-01;2.407802e-01;1.725912e-02;1.678163e-02;6.122722e-02;2.455407e-02;1.020847e-01;5.997301e-02;3.057048e-02;2.347379e-02;2.213035e-02
5.310979e-02;3.318427e-01;3.219643e-01;2.343450e-02;1.215994e-02;6.186286e-02;1.899639e-02;7.388077e-02;5.378404e-02;1.992811e-02;1.354939e-02;1.548723e-02
3.954050e-02;2.334599e-01;3.425990e-01;3.766984e-02;2.106293e-02;8.281600e-02;2.788865e-02;8.373384e-02;6.105620e-02;3.261707e-02;1.311587e-02;2.444016e-02
2.351837e-02;2.396343e-01;3.640312e-01;3.557548e-02;2.112697e-02;6.962225e-02;2.903580e-02;6.619793e-02;7.567337e-02;4.919060e-02;7.353828e-03;1.903990e-02
1.257533e-02;2.573515e-01;4.231091e-01;1.666719e-02;1.359790e-02;7.503846e-02;3.000823e-02;3.928564e-02;5.092758e-02;6.809504e-02;3.742063e-03;9.601968e-03
1.155622e-02;2.599618e-01;4.346617e-01;1.532713e-02;1.864881e-02;1.155444e-01;2.292785e-02;1.595375e-02;2.241992e-02;7.630170e-02;3.489032e-03;3.207703e-03
1.651220e-02;2.700050e-01;4.012698e-01;3.487976e-02;2.546567e-02;1.138527e-01;1.819276e-02;1.062877e-02;1.467228e-02;8.057332e-02;9.692211e-03;4.255536e-03
2.355031e-02;2.826257e-01;3.700737e-01;4.271068e-02;2.963579e-02;7.640437e-02;2.780104e-02;2.009141e-02;1.814065e-02;8.308842e-02;1.827698e-02;7.600924e-03
3.135770e-02;2.795977e-01;3.394420e-01;3.850801e-02;2.567741e-02;5.405746e-02;4.109057e-02;3.819134e-02;3.670570e-02;7.893277e-02;2.706398e-02;9.375364e-03
3.112981e-02;2.438846e-01;3.648486e-01;3.670663e-02;2.059854e-02;7.092692e-02;3.957055e-02;5.132385e-02;5.227566e-02;5.544181e-02;2.016133e-02;1.313166e-02
2.790413e-02;2.335434e-01;3.976180e-01;3.853860e-02;2.314410e-02;8.817150e-02;2.421849e-02;2.844949e-02;4.831820e-02;5.902923e-02;1.157946e-02;1.948538e-02
3.885139e-02;2.511244e-01;3.543506e-01;3.705067e-02;2.864845e-02;1.161453e-01;1.172008e-02;1.937225e-02;4.045725e-02;7.395490e-02;1.390383e-02;1.442088e-02
4.218817e-02;2.743941e-01;2.980133e-01;3.139360e-02;1.824872e-02;1.527133e-01;1.390620e-02;2.554384e-02;4.676002e-02;6.839950e-02;1.030982e-02;1.812942e-02
4.007150e-02;1.676427e-01;3.608795e-01;4.639260e-02;2.022991e-02;1.712536e-01;2.188026e-02;3.211638e-02;5.242975e-02;4.853005e-02;8.769780e-03;2.980398e-02
2.691132e-02;1.666013e-01;3.547049e-01;4.329446e-02;3.823182e-02;1.381220e-01;2.442482e-02;3.287000e-02;6.236043e-02;5.441384e-02;2.344771e-02;3.461739e-02
3.250336e-02;1.696939e-01;3.009634e-01;4.143659e-02;4.369121e-02;1.131285e-01;3.163823e-02;7.615472e-02;7.803857e-02;4.718081e-02;2.883805e-02;3.673264e-02
3.445471e-02;1.796886e-01;2.648727e-01;4.832464e-02;6.387703e-02;1.081632e-01;4.318556e-02;6.515500e-02;5.791962e-02;5.251041e-02;3.876423e-02;4.308436e-02
2.246235e-02;1.276962e-01;2.150408e-01;7.470110e-02;1.169181e-01;1.687354e-01;4.115215e-02;3.512039e-02;3.712272e-02;3.759286e-02;5.421925e-02;6.923857e-02
1.392758e-02;7.338109e-02;1.292172e-01;7.853232e-02;1.628358e-01;2.167522e-01;3.874859e-02;3.128097e-02;6.431377e-02;2.248369e-02;4.234538e-02;1.261814e-01
1.618020e-02;4.156876e-02;6.876870e-02;4.368592e-02;1.755042e-01;2.688954e-01;4.123250e-02;1.851886e-02;1.102340e-01;1.634701e-02;1.685287e-02;1.822116e-01
6.643066e-02;3.256154e-02;6.009259e-02;1.394455e-02;1.292137e-01;3.079278e-01;5.995028e-02;1.422507e-02;1.142744e-01;1.922455e-02;4.958190e-03;1.771966e-01
1.716601e-01;4.704457e-02;5.805489e-02;1.085141e-02;7.088570e-02;2.993625e-01;5.807306e-02;3.914775e-02;7.634855e-02;3.858637e-02;6.900924e-03;1.230843e-01
2.411745e-01;7.669356e-02;6.042387e-02;3.147168e-02;1.778132e-02;2.540670e-01;4.788104e-02;6.595563e-02;3.824087e-02;1.013329e-01;2.341896e-02;4.155866e-02
1.874331e-01;1.349517e-01;6.849124e-02;4.454376e-02;1.732105e-02;1.958762e-01;9.687672e-02;6.260385e-02;2.372994e-02;1.256441e-01;2.923415e-02;1.329423e-02
8.226912e-02;2.423384e-01;7.122273e-02;2.921079e-02;2.502097e-02;1.116730e-01;1.992497e-01;5.375056e-02;1.965576e-02;9.529423e-02;6.133523e-02;8.979493e-03
4.261756e-02;2.624385e-01;1.166583e-01;1.137634e-02;2.628473e-02;4.612879e-02;2.128704e-01;9.509115e-02;3.309460e-02;4.349143e-02;8.815751e-02;2.179066e-02
5.164948e-02;1.613544e-01;2.091494e-01;4.089098e-02;2.302008e-02;3.980489e-02;1.164662e-01;1.708724e-01;6.031940e-02;2.442033e-02;5.815428e-02;4.389817e-02
5.738596e-02;7.688682e-02;2.156266e-01;1.068335e-01;2.588416e-02;5.102579e-02;3.979713e-02;1.755026e-01;1.168476e-01;4.217641e-02;3.580496e-02;5.622856e-02
5.773457e-02;7.477336e-02;1.389100e-01;1.466590e-01;2.132994e-02;8.412738e-02;4.578410e-02;1.267671e-01;1.689045e-01;4.760450e-02;4.277305e-02;4.463255e-02
5.303548e-02;9.721688e-02;8.491140e-02;1.311030e-01;3.440496e-02;1.242363e-01;4.903331e-02;1.087452e-01;1.787314e-01;5.141875e-02;4.821797e-02;3.894538e-02
4.424792e-02;1.452426e-01;8.723207e-02;6.698804e-02;5.579286e-02;1.611329e-01;5.412149e-02;1.190628e-01;1.319717e-01;5.051924e-02;3.272500e-02;5.096334e-02
2.965114e-02;2.089746e-01;1.132852e-01;4.156648e-02;6.018081e-02;1.556525e-01;6.268922e-02;9.416001e-02;8.452135e-02;5.028524e-02;3.600923e-02;6.302436e-02
6.555742e-02;2.276117e-01;1.323308e-01;3.376023e-02;3.630132e-02;1.394509e-01;8.227667e-02;5.883148e-02;5.920258e-02;5.138558e-02;3.696775e-02;7.632353e-02
7.048988e-02;1.745252e-01;1.115414e-01;3.006484e-02;2.150076e-02;1.621888e-01;9.149241e-02;1.042182e-01;6.754030e-02;5.106668e-02;3.403878e-02;8.133279e-02
9.470516e-02;1.604908e-01;1.329580e-01;3.995554e-02;1.526818e-02;1.442405e-01;8.316049e-02;1.322208e-01;7.959664e-02;2.896846e-02;3.919045e-02;4.924504e-02
4.719152e-02;1.612195e-01;1.792179e-01;6.271513e-02;3.277694e-02;1.365018e-01;1.046989e-01;1.027161e-01;6.462553e-02;3.364630e-02;3.630003e-02;3.839036e-02
2.133343e-02;1.712561e-01;2.440205e-01;3.948853e-02;5.359146e-02;1.327887e-01;1.060576e-01;6.432052e-02;5.426932e-02;3.580045e-02;3.285528e-02;4.421804e-02
2.208575e-02;1.652326e-01;2.616543e-01;5.230441e-02;5.131954e-02;1.190734e-01;7.774100e-02;9.180324e-02;6.273877e-02;2.372353e-02;3.468407e-02;3.763942e-02
2.280083e-02;1.275387e-01;2.168166e-01;7.282932e-02;2.981271e-02;1.233256e-01;5.160324e-02;1.350300e-01;1.159985e-01;2.943966e-02;2.778839e-02;4.701651e-02
2.494970e-02;9.549530e-02;1.274263e-01;5.227637e-02;1.587913e-02;1.428790e-01;3.286326e-02;2.538179e-01;1.631680e-01;2.876678e-02;2.016485e-02;4.231355e-02
3.759076e-02;6.795474e-02;9.379134e-02;2.363080e-02;2.314134e-02;1.571528e-01;3.212725e-02;2.942545e-01;1.760759e-01;3.559138e-02;3.327709e-02;2.541213e-02
3.300814e-02;6.314656e-02;9.122057e-02;1.556506e-02;2.577137e-02;2.905059e-01;5.214043e-02;2.069364e-01;1.338452e-01;3.538917e-02;3.620075e-02;1.627053e-02
2.378303e-02;6.543517e-02;1.312540e-01;2.122281e-02;7.215346e-02;4.132914e-01;4.040134e-02;7.572074e-02;8.120956e-02;2.585992e-02;2.549736e-02;2.417118e-02
2.115471e-02;5.217624e-02;1.313611e-01;3.263470e-02;1.165913e-01;3.740622e-01;3.455760e-02;7.353007e-02;5.878703e-02;1.929890e-02;3.206575e-02;5.378043e-02
2.290611e-02;8.086412e-02;1.510401e-01;1.201773e-01;1.013295e-01;2.293169e-01;2.459631e-02;6.882482e-02;4.215204e-02;3.373255e-02;6.403473e-02;6.102556e-02
2.708630e-02;8.879761e-02;2.080600e-01;1.780902e-01;5.259385e-02;9.815805e-02;4.143848e-02;7.896411e-02;4.169427e-02;6.377170e-02;7.864797e-02;4.269748e-02
3.634056e-02;1.162770e-01;3.064181e-01;1.090121e-01;3.160906e-02;9.297489e-02;6.462607e-02;3.652303e-02;4.255681e-02;7.724935e-02;6.075180e-02;2.566121e-02
7.858524e-02;1.860531e-01;2.893847e-01;5.596748e-02;3.955501e-02;1.184239e-01;4.965819e-02;3.995198e-02;5.254694e-02;4.991641e-02;2.131467e-02;1.864238e-02
1.371843e-01;2.431384e-01;1.830889e-01;5.716513e-02;6.347308e-02;9.935633e-02;3.492506e-02;4.783841e-02;5.935654e-02;1.854319e-02;2.540831e-02;3.052233e-02
2.423584e-01;2.122857e-01;1.012709e-01;4.650325e-02;6.980101e-02;8.273321e-02;2.332520e-02;8.879272e-02;4.956757e-02;1.033888e-02;3.229927e-02;4.072380e-02
2.982614e-01;1.082164e-01;1.066803e-01;2.909930e-02;8.041842e-02;9.900810e-02;3.776437e-02;1.188721e-01;3.271134e-02;8.967976e-03;1.640284e-02;6.359736e-02
2.492909e-01;5.672496e-02;6.082563e-02;5.799713e-02;5.285745e-02;8.471520e-02;7.608901e-02;1.194295e-01;4.102369e-02;1.212802e-02;7.432213e-03;1.814863e-01
1.409872e-01;5.779224e-02;3.956616e-02;9.026197e-02;2.165520e-02;4.300147e-02;1.250491e-01;5.649893e-02;4.080470e-02;1.040173e-02;2.344336e-02;3.505380e-01
6.663951e-02;6.843260e-02;5.970511e-02;7.256389e-02;1.923884e-02;8.296826e-02;1.385929e-01;2.979714e-02;2.278334e-02;1.126172e-02;3.573389e-02;3.922828e-01
5.100228e-02;6.877612e-02;5.210953e-02;4.555511e-02;1.770964e-02;6.797367e-02;1.642954e-01;3.456954e-02;2.048557e-02;1.310592e-02;5.130174e-02;4.131155e-01
3.815349e-02;5.454332e-02;7.695616e-02;3.073102e-02;2.844383e-02;9.302403e-02;1.670457e-01;2.909864e-02;3.510116e-02;2.304737e-02;7.433446e-02;3.495207e-01
3.114416e-02;6.830084e-02;8.958389e-02;2.609692e-02;3.463622e-02;1.658981e-01;1.471192e-01;4.494303e-02;4.543731e-02;2.435232e-02;8.611368e-02;2.363743e-01
5.903496e-02;9.650711e-02;1.029699e-01;3.506403e-02;3.883829e-02;1.771286e-01;9.957995e-02;8.196905e-02;6.824568e-02;2.569408e-02;9.535258e-02;1.196157e-01
7.246194e-02;8.246130e-02;1.482588e-01;5.365767e-02;3.997547e-02;2.014306e-01;5.690020e-02;1.152137e-01;7.642075e-02;2.683877e-02;6.598021e-02;6.040052e-02
7.354552e-02;1.606320e-01;2.482753e-01;3.230518e-02;2.855586e-02;9.276544e-02;4.157912e-02;1.043927e-01;5.734544e-02;3.570877e-02;5.618200e-02;6.871264e-02
7.630139e-02;1.514708e-01;2.547316e-01;3.177898e-02;2.711278e-02;6.263703e-02;3.758288e-02;1.093221e-01;5.335402e-02;5.980035e-02;2.206691e-02;1.138413e-01
1.100892e-01;1.457005e-01;1.679310e-01;4.125734e-02;3.269762e-02;7.884774e-02;2.589401e-02;1.013610e-01;6.409995e-02;5.078927e-02;3.165631e-02;1.496761e-01
8.975403e-02;1.425135e-01;1.175821e-01;4.340197e-02;3.960579e-02;1.172357e-01;6.310403e-02;8.151571e-02;6.693505e-02;1.989854e-02;3.289670e-02;1.855569e-01
6.322359e-02;1.021720e-01;9.896064e-02;3.435441e-02;2.918568e-02;1.572038e-01;1.070568e-01;9.440190e-02;5.934006e-02;2.142107e-02;5.791084e-02;1.747692e-01
6.226728e-02;8.686828e-02;9.430803e-02;3.024483e-02;2.501907e-02;1.878796e-01;1.326001e-01;1.018992e-01;4.861967e-02;2.899796e-02;3.633539e-02;1.649606e-01
3.273227e-02;1.011439e-01;1.730043e-01;2.205421e-02;2.834675e-02;1.795654e-01;1.317160e-01;6.494967e-02;5.929904e-02;4.473188e-02;1.860401e-02;1.438524e-01
8.086177e-02;1.090524e-01;1.802900e-01;2.769444e-02;2.824807e-02;1.748146e-01;7.610319e-02;1.082259e-01;6.805164e-02;3.789117e-02;2.392726e-02;8.483967e-02
9.710094e-02;8.077838e-02;9.419376e-02;5.155262e-02;5.065373e-02;2.030260e-01;3.021985e-02;1.363208e-01;8.998498e-02;3.533087e-02;3.880572e-02;9.203234e-02
5.576538e-02;1.217352e-01;1.078969e-01;6.066997e-02;6.357874e-02;1.667052e-01;5.846791e-02;1.160859e-01;7.645451e-02;4.336148e-02;4.389882e-02;8.538007e-02
5.155457e-02;2.294055e-01;1.600900e-01;4.491648e-02;8.151046e-02;9.957822e-02;4.396473e-02;1.155909e-01;5.362545e-02;3.032760e-02;2.937123e-02;6.006479e-02
9.957683e-02;2.404068e-01;1.505036e-01;2.559393e-02;1.297181e-01;7.859480e-02;2.412265e-02;1.278159e-01;4.066619e-02;2.794196e-02;2.114333e-02;3.391587e-02
1.601429e-01;1.801034e-01;7.186332e-02;5.795076e-02;1.988774e-01;8.303452e-02;2.389755e-02;1.399402e-01;2.748958e-02;1.830399e-02;1.527180e-02;2.312463e-02
2.063325e-01;1.214905e-01;4.615099e-02;8.612831e-02;1.976765e-01;7.519545e-02;3.717853e-02;1.400423e-01;2.130192e-02;1.424277e-02;1.296026e-02;4.129997e-02
2.452726e-01;7.677595e-02;5.039017e-02;1.025511e-01;1.318291e-01;4.149647e-02;3.960691e-02;1.695973e-01;3.093388e-02;1.464398e-02;1.411008e-02;8.279260e-02
2.527355e-01;6.136603e-02;8.975260e-02;1.141280e-01;6.958599e-02;5.128585e-02;5.372082e-02;1.668068e-01;3.053509e-02;1.427562e-02;9.428729e-03;8.637886e-02
3.304589e-01;7.636448e-02;5.850681e-02;6.653865e-02;8.199832e-02;3.940015e-02;4.828510e-02;1.769315e-01;2.855433e-02;9.827447e-03;1.787876e-02;6.525552e-02
3.795165e-01;1.083294e-01;4.247582e-02;3.918633e-02;9.951500e-02;3.437378e-02;3.225649e-02;1.727633e-01;2.561359e-02;9.569028e-03;1.746816e-02;3.893261e-02
3.725423e-01;1.522417e-01;3.355855e-02;2.603573e-02;1.042285e-01;4.609853e-02;1.778515e-02;1.529541e-01;3.669203e-02;1.462780e-02;1.264272e-02;3.059299e-02
2.390029e-01;2.739761e-01;7.956857e-02;2.927277e-02;7.681548e-02;5.566638e-02;1.854826e-02;1.175178e-01;5.828571e-02;1.736942e-02;6.617748e-03;2.735881e-02
1.075912e-01;4.248225e-01;9.990615e-02;2.805061e-02;5.661562e-02;6.193465e-02;1.871725e-02;6.936750e-02;8.692993e-02;1.289302e-02;8.966205e-03;2.420544e-02
7.306167e-02;4.859514e-01;1.031250e-01;1.944040e-02;3.441535e-02;7.468343e-02;1.011028e-02;3.653783e-02;1.083085e-01;2.756427e-02;5.906812e-03;2.089506e-02
4.328728e-02;4.663822e-01;1.387237e-01;1.791811e-02;2.250757e-02;8.702163e-02;2.006940e-02;2.575605e-02;1.094627e-01;4.968966e-02;5.604010e-03;1.357770e-02
2.666023e-02;3.284189e-01;2.713768e-01;1.789497e-02;1.974208e-02;6.897318e-02;5.016410e-02;2.442008e-02;7.822412e-02;9.258682e-02;7.226348e-03;1.431234e-02
2.863815e-02;1.599934e-01;4.086712e-01;3.882022e-02;1.807099e-02;3.447228e-02;8.864504e-02;2.467339e-02;3.709525e-02;1.207228e-01;3.331779e-02;6.879526e-03
3.222726e-02;9.975127e-02;3.849323e-01;1.223400e-01;2.329476e-02;1.536270e-02;9.257145e-02;4.108018e-02;1.049862e-02;1.001418e-01;7.061148e-02;7.188132e-03
2.799876e-02;8.878422e-02;2.321743e-01;2.508741e-01;2.529807e-02;3.203552e-02;4.344185e-02;1.086416e-01;1.254036e-02;5.259811e-02;1.132163e-01;1.239679e-02
3.515481e-02;9.946660e-02;1.035234e-01;2.914482e-01;2.209892e-02;5.111239e-02;2.125471e-02;1.851575e-01;1.645739e-02;1.480691e-02;1.428726e-01;1.664657e-02
2.783556e-02;8.603328e-02;7.236684e-02;2.539367e-01;4.562283e-02;5.145032e-02;2.869675e-02;2.341135e-01;1.654786e-02;1.401412e-02;1.481904e-01;2.119183e-02
2.716903e-02;9.555180e-02;1.427743e-01;1.633081e-01;6.084554e-02;5.331878e-02;3.014529e-02;2.375980e-01;2.076200e-02;2.260023e-02;1.243446e-01;2.158233e-02
2.218280e-02;1.196097e-01;2.203469e-01;1.016684e-01;5.261356e-02;6.111303e-02;2.507355e-02;2.410906e-01;1.904817e-02;3.610610e-02;9.046330e-02;1.068389e-02
1.865182e-02;1.462725e-01;2.147986e-01;7.667626e-02;3.160377e-02;9.804545e-02;2.064361e-02;2.530560e-01;2.744531e-02;3.275292e-02;5.763733e-02;2.241649e-02
3.985234e-02;1.435035e-01;2.649611e-01;9.486149e-02;1.797957e-02;6.950050e-02;6.108756e-02;2.025430e-01;3.251884e-02;2.926509e-02;3.054216e-02;1.338486e-02
4.360624e-02;1.628228e-01;3.080852e-01;6.965531e-02;2.291766e-02;6.393692e-02;9.970368e-02;1.153825e-01;2.545326e-02;5.375083e-02;2.480583e-02;9.879712e-03
2.702172e-02;2.006308e-01;3.309881e-01;9.636656e-02;3.100153e-02;6.294827e-02;7.444414e-02;6.351763e-02;2.588194e-02;4.991618e-02;2.282823e-02;1.445486e-02
5.569980e-02;2.599464e-01;2.755395e-01;6.348091e-02;2.789375e-02;7.972563e-02;2.124076e-02;7.096723e-02;4.047620e-02;4.268973e-02;3.385925e-02;2.848085e-02
7.084082e-02;2.656088e-01;2.127454e-01;6.200769e-02;6.858566e-02;6.771109e-02;3.478554e-02;8.421689e-02;3.446447e-02;3.890720e-02;3.744736e-02;2.267910e-02
6.269580e-02;2.121751e-01;1.829367e-01;7.232571e-02;7.600506e-02;6.041696e-02;1.091457e-01;8.817287e-02;1.958137e-02;3.301113e-02;4.104596e-02;4.248772e-02
3.842702e-02;1.281891e-01;1.605506e-01;6.490151e-02;7.299625e-02;1.151886e-01;1.898991e-01;7.025511e-02;2.741822e-02;2.063215e-02;6.237003e-02;4.917232e-02
1.468332e-02;8.796461e-02;1.392599e-01;4.610528e-02;1.369259e-01;1.878230e-01;1.589403e-01;5.152889e-02;4.929917e-02;3.087040e-02;7.564619e-02;2.095299e-02
5.612770e-02;9.302260e-02;1.411460e-01;6.202497e-02;2.010827e-01;1.316318e-01;7.161605e-02;6.461030e-02;6.930916e-02;4.970217e-02;4.443086e-02;1.529565e-02
8.069655e-02;5.959405e-02;1.355132e-01;1.638854e-01;1.709986e-01;5.653757e-02;3.378050e-02;9.550767e-02;9.478955e-02;5.142627e-02;2.802868e-02;2.924194e-02
4.393004e-02;4.865409e-02;1.562490e-01;1.749208e-01;9.505484e-02;9.057455e-02;2.207555e-02;1.464264e-01;8.804821e-02;3.980038e-02;3.336163e-02;6.090444e-02
2.711694e-02;8.853745e-02;1.726163e-01;9.919420e-02;7.418273e-02;8.091916e-02;3.506753e-02;1.999215e-01;8.048897e-02;2.728494e-02;3.711118e-02;7.755904e-02
3.954500e-02;1.263788e-01;1.830138e-01;4.658001e-02;4.711002e-02;7.591985e-02;5.392782e-02;1.874925e-01;9.634764e-02;2.608184e-02;4.345742e-02;7.414533e-02
2.859828e-02;1.572470e-01;1.992250e-01;8.324230e-02;7.760090e-02;9.742587e-02;6.819510e-02;9.188101e-02;8.224382e-02;2.360372e-02;4.262363e-02;4.811330e-02
3.145583e-02;1.804953e-01;2.222122e-01;6.581602e-02;8.819859e-02;9.955072e-02;5.851716e-02;8.364612e-02;7.383563e-02;2.856365e-02;4.120113e-02;2.650758e-02
3.971259e-02;1.942451e-01;2.323101e-01;6.509434e-02;8.360168e-02;1.044143e-01;4.649809e-02;7.649899e-02;5.863604e-02;3.913798e-02;3.328912e-02;2.656168e-02
3.193311e-02;2.018525e-01;1.867670e-01;1.310381e-01;8.396967e-02;5.985837e-02;5.857138e-02;9.894481e-02;5.031611e-02;3.099802e-02;3.464046e-02;3.111054e-02
3.996684e-02;1.667665e-01;2.157906e-01;1.328868e-01;5.348533e-02;9.570459e-02;5.426807e-02;9.134334e-02;6.560856e-02;2.726905e-02;3.052996e-02;2.638033e-02
6.119578e-02;1.707334e-01;1.906984e-01;9.629969e-02;4.005202e-02;1.196496e-01;4.351834e-02;1.072763e-01;9.040536e-02;3.252534e-02;3.083593e-02;1.680989e-02
5.424573e-02;1.653332e-01;2.203510e-01;6.680152e-02;6.858393e-02;1.158821e-01;2.821521e-02;1.018722e-01;9.809264e-02;1.538228e-02;4.252149e-02;2.271873e-02
4.575419e-02;1.426608e-01;2.398612e-01;8.086055e-02;9.034503e-02;8.793731e-02;2.308672e-02;1.256930e-01;7.879671e-02;2.088889e-02;3.650792e-02;2.760761e-02
4.563928e-02;2.101377e-01;2.011910e-01;1.032693e-01;7.500493e-02;7.961212e-02;1.748057e-02;1.289449e-01;6.085885e-02;1.734564e-02;3.388523e-02;2.663043e-02
4.646498e-02;1.909174e-01;2.693498e-01;1.036397e-01;4.594689e-02;9.863514e-02;3.726231e-02;9.048834e-02;5.397418e-02;1.195023e-02;3.099156e-02;2.037951e-02
4.942044e-02;1.449445e-01;2.911536e-01;8.150535e-02;4.019148e-02;1.018950e-01;5.646920e-02;9.640137e-02;6.160561e-02;2.206092e-02;2.709319e-02;2.725935e-02
4.596499e-02;1.375450e-01;2.239997e-01;6.106371e-02;3.212218e-02;1.005181e-01;9.334995e-02;1.394879e-01;7.428695e-02;3.657449e-02;3.457526e-02;2.051186e-02
6.364419e-02;1.600303e-01;2.386326e-01;1.058787e-01;6.077278e-02;9.429181e-02;5.145403e-02;9.446806e-02;4.651603e-02;2.457957e-02;3.819735e-02;2.153456e-02
7.488963e-02;1.701357e-01;2.365218e-01;9.799735e-02;6.885795e-02;1.261582e-01;4.304881e-02;8.149754e-02;2.612438e-02;3.457646e-02;2.684048e-02;1.335169e-02
6.848912e-02;1.547208e-01;1.970879e-01;8.178972e-02;4.901347e-02;1.555224e-01;6.178858e-02;9.856003e-02;3.424358e-02;4.441980e-02;3.789484e-02;1.646988e-02
5.890661e-02;1.758437e-01;1.335969e-01;7.506940e-02;6.922455e-02;1.381968e-01;7.075235e-02;1.247098e-01;3.251666e-02;4.826508e-02;4.284244e-02;3.007572e-02
5.541671e-02;2.207578e-01;1.347727e-01;6.954256e-02;9.030829e-02;7.383073e-02;6.372534e-02;1.399273e-01;4.970473e-02;4.750163e-02;2.552566e-02;2.898653e-02
4.155620e-02;2.391476e-01;2.076560e-01;6.300905e-02;6.705370e-02;7.788128e-02;5.005732e-02;1.211411e-01;4.165792e-02;3.191157e-02;3.483014e-02;2.409820e-02
8.304339e-02;2.198755e-01;1.742202e-01;6.268018e-02;5.239695e-02;6.825782e-02;5.626885e-02;7.586245e-02;4.235195e-02;3.589554e-02;8.514483e-02;4.400226e-02
9.747836e-02;9.620258e-02;9.741794e-02;5.976944e-02;4.524359e-02;8.938088e-02;1.148125e-01;9.752817e-02;4.582778e-02;5.076699e-02;1.215817e-01;8.398995e-02
1.103486e-01;6.136169e-02;8.191907e-02;5.053160e-02;3.756397e-02;7.861319e-02;1.512931e-01;9.736291e-02;6.215244e-02;4.580183e-02;1.311441e-01;9.190745e-02
1.333857e-01;7.571898e-02;8.415867e-02;4.193448e-02;3.540057e-02;7.211548e-02;1.437766e-01;8.544469e-02;7.511144e-02;7.642101e-02;1.005750e-01;7.595742e-02
1.375832e-01;9.255482e-02;1.419936e-01;7.370842e-02;3.630310e-02;5.882193e-02;1.038821e-01;5.514538e-02;6.680010e-02;8.785533e-02;7.462113e-02;7.073092e-02
1.137591e-01;6.813575e-02;1.507829e-01;1.620534e-01;5.113519e-02;5.072229e-02;6.037962e-02;5.471326e-02;4.543229e-02;7.011105e-02;1.211026e-01;5.167253e-02
6.764410e-02;4.460652e-02;1.044490e-01;2.277036e-01;1.199027e-01;7.491414e-02;2.693882e-02;6.642346e-02;3.518639e-02;3.572084e-02;1.334760e-01;6.303443e-02
2.710433e-02;4.891959e-02;9.131540e-02;1.909403e-01;2.016382e-01;1.005304e-01;2.128796e-02;3.859901e-02;5.169125e-02;1.809443e-02;6.600291e-02;1.438762e-01
3.838889e-02;3.747168e-02;5.332986e-02;1.172047e-01;2.121090e-01;2.058106e-01;2.318191e-02;1.782338e-02;7.288956e-02;2.045379e-02;4.124115e-02;1.600954e-01
1.068333e-01;2.953531e-02;3.552017e-02;8.439119e-02;1.359808e-01;3.186726e-01;2.006028e-02;3.242105e-02;7.630826e-02;2.218617e-02;4.157509e-02;9.651580e-02
1.603664e-01;2.065649e-02;2.931013e-02;7.808264e-02;2.677414e-02;4.214176e-01;2.951553e-02;4.430291e-02;6.085505e-02;3.763207e-02;4.270682e-02;4.838018e-02
1.655563e-01;1.730556e-02;2.324259e-02;7.067510e-02;4.813640e-02;4.575458e-01;2.596173e-02;6.078019e-02;2.923505e-02;4.084306e-02;3.333512e-02;2.738311e-02
1.391320e-01;3.425151e-02;2.191908e-02;6.707548e-02;5.310590e-02;5.107093e-01;9.374514e-03;7.083713e-02;1.398519e-02;2.874313e-02;2.337745e-02;2.748937e-02
7.022101e-02;6.115409e-02;3.078943e-02;5.364867e-02;6.397850e-02;4.886281e-01;5.069438e-02;9.281450e-02;1.778640e-02;2.260329e-02;2.801931e-02;1.966221e-02
7.205300e-02;6.539933e-02;6.301867e-02;4.168209e-02;3.237619e-02;4.332261e-01;9.631175e-02;1.086039e-01;1.753217e-02;1.234380e-02;3.947709e-02;1.797591e-02
9.279099e-02;5.920625e-02;6.477064e-02;3.242059e-02;2.337523e-02;4.082155e-01;9.773191e-02;1.092720e-01;2.738348e-02;3.000458e-02;3.392685e-02;2.090192e-02
9.829845e-02;7.601163e-02;4.962994e-02;4.276907e-02;4.793593e-02;4.071824e-01;7.171419e-02;6.742700e-02;2.907318e-02;4.382074e-02;2.962433e-02;3.651316e-02
9.730816e-02;5.747432e-02;6.617659e-02;6.706121e-02;7.733676e-02;3.619403e-01;3.630464e-02;6.947761e-02;2.998922e-02;3.689161e-02;4.165920e-02;5.838038e-02
7.957312e-02;3.510802e-02;7.586136e-02;9.390567e-02;1.046288e-01;3.330404e-01;2.969920e-02;8.666425e-02;3.096757e-02;1.195598e-02;4.698302e-02;7.161260e-02
6.744545e-02;2.766191e-02;4.116888e-02;7.628025e-02;1.181404e-01;3.780719e-01;5.450702e-02;8.230156e-02;1.912106e-02;2.981301e-02;6.146706e-02;4.402146e-02
5.800157e-02;4.840060e-02;6.005092e-02;2.666200e-02;1.136416e-01;3.812773e-01;5.512130e-02;7.647341e-02;2.406624e-02;3.650243e-02;8.093146e-02;3.887119e-02
6.496736e-02;6.560966e-02;1.032483e-01;7.769838e-02;7.845386e-02;2.512478e-01;3.897712e-02;6.805915e-02;3.108499e-02;3.827175e-02;9.489468e-02;8.748697e-02
6.884592e-02;4.463046e-02;8.585605e-02;7.822265e-02;3.959050e-02;3.037906e-01;5.278407e-02;7.645749e-02;4.079183e-02;4.336448e-02;8.856703e-02;7.709895e-02
5.009703e-02;4.123747e-02;9.035193e-02;3.940174e-02;3.629743e-02;4.142977e-01;5.394614e-02;5.848036e-02;4.460457e-02;4.566872e-02;7.743669e-02;4.818020e-02
8.055383e-02;5.950527e-02;4.677295e-02;3.752964e-02;5.778695e-02;4.286257e-01;4.280797e-02;6.015387e-02;3.007105e-02;5.123386e-02;6.200423e-02;4.295465e-02
7.089170e-02;4.862194e-02;6.498876e-02;8.379306e-02;9.213313e-02;3.868476e-01;3.209331e-02;8.544149e-02;2.433993e-02;5.345380e-02;2.283796e-02;3.455735e-02
4.937134e-02;3.665753e-02;7.417901e-02;1.183643e-01;9.796628e-02;3.391197e-01;5.584654e-02;1.064369e-01;4.726628e-02;3.888761e-02;1.848437e-02;1.742014e-02
6.531504e-02;4.791719e-02;6.814272e-02;7.147475e-02;7.564405e-02;2.689569e-01;7.298231e-02;1.245299e-01;9.926237e-02;4.732185e-02;3.057680e-02;2.787608e-02
6.685855e-02;3.735522e-02;4.781212e-02;5.520331e-02;7.887302e-02;2.580025e-01;7.110494e-02;1.433901e-01;1.117624e-01;3.841305e-02;4.123206e-02;4.999274e-02
5.231974e-02;2.327843e-02;4.175188e-02;9.055201e-02;8.373086e-02;2.178961e-01;8.965438e-02;1.280520e-01;9.090614e-02;4.606075e-02;8.391090e-02;5.188681e-02
3.822825e-02;2.866195e-02;9.167668e-02;1.178722e-01;6.128545e-02;1.429529e-01;1.565627e-01;1.068215e-01;5.217872e-02;6.675331e-02;1.096289e-01;2.737750e-02
2.393955e-02;4.313488e-02;1.749822e-01;8.422009e-02;2.169480e-02;8.131038e-02;2.661895e-01;5.357637e-02;1.785885e-02;1.546766e-01;7.279035e-02;5.626478e-03
1.334443e-02;4.132655e-02;2.297848e-01;2.686464e-02;1.323369e-02;6.621869e-02;3.036899e-01;2.587387e-02;9.459889e-03;2.314212e-01;3.482427e-02;3.958180e-03
7.432516e-03;4.206544e-02;2.644739e-01;1.807514e-02;1.193237e-02;5.648617e-02;2.787292e-01;3.222121e-02;1.366146e-02;2.619599e-01;1.182288e-02;1.139752e-03
6.189679e-03;5.075495e-02;2.812023e-01;1.693243e-02;1.735810e-02;5.662786e-02;2.508815e-01;3.166007e-02;1.611556e-02;2.511265e-01;1.231944e-02;8.831616e-03
5.603987e-03;5.149186e-02;3.007110e-01;1.444324e-02;1.263893e-02;4.755983e-02;2.540302e-01;2.803334e-02;1.820634e-02;2.463634e-01;7.176077e-03;1.374173e-02
9.113352e-03;3.280096e-02;2.883211e-01;2.411984e-02;1.362535e-02;5.029996e-02;2.912288e-01;2.870044e-02;1.566300e-02;2.132315e-01;2.299838e-02;9.897384e-03
1.330002e-02;2.212266e-02;2.484771e-01;6.789885e-02;1.440499e-02;4.240037e-02;2.739092e-01;4.582998e-02;1.823116e-02;1.557984e-01;9.150688e-02;6.120389e-03
1.081348e-02;1.774103e-02;1.474581e-01;1.629664e-01;9.420869e-03;3.906114e-02;1.334258e-01;1.489263e-01;1.843788e-02;7.290223e-02;2.301015e-01;8.745259e-03
4.773964e-03;7.863304e-03;5.074481e-02;2.129776e-01;8.123314e-03;3.448036e-02;2.671334e-02;2.727551e-01;1.586665e-02;4.452542e-02;3.050605e-01;1.611555e-02
4.799317e-03;1.224779e-02;3.509981e-02;1.828305e-01;2.306660e-02;3.841991e-02;2.893855e-02;2.837122e-01;2.073104e-02;4.043423e-02;2.910469e-01;3.867310e-02
7.309604e-03;1.733916e-02;5.017684e-02;1.278873e-01;5.649786e-02;4.370354e-02;3.240262e-02;2.179639e-01;1.669347e-02;5.231774e-02;2.610106e-01;1.166973e-01
1.168956e-02;1.475585e-02;6.407549e-02;5.965484e-02;1.112254e-01;3.449120e-02;4.498067e-02;1.174494e-01;3.214465e-02;5.665432e-02;2.017902e-01;2.510884e-01
9.336652e-03;9.155066e-03;5.994101e-02;4.282076e-02;1.558341e-01;2.206431e-02;6.964047e-02;7.780541e-02;4.877297e-02;3.912282e-02;1.108980e-01;3.546084e-01
4.226116e-03;1.137156e-02;6.405248e-02;5.819910e-02;1.749561e-01;5.704720e-02;7.647537e-02;8.385229e-02;5.669319e-02;4.322027e-02;4.961517e-02;3.202912e-01
8.482941e-03;3.156190e-02;1.288617e-01;8.607703e-02;1.685898e-01;9.170046e-02;6.292760e-02;6.888321e-02;5.789757e-02;4.677319e-02;3.634040e-02;2.119043e-01
1.028973e-02;4.960741e-02;2.010483e-01;1.066140e-01;1.314741e-01;1.039070e-01;6.203537e-02;7.832000e-02;5.076548e-02;5.655449e-02;3.148552e-02;1.178986e-01
1.021850e-02;6.777250e-02;2.131512e-01;1.080212e-01;6.460333e-02;7.229847e-02;9.595343e-02;1.055480e-01;4.205385e-02;6.747275e-02;7.484194e-02;7.806481e-02
1.382356e-02;5.732743e-02;1.447810e-01;9.362728e-02;7.891519e-02;1.804878e-01;9.795883e-02;6.738397e-02;2.127319e-02;4.739423e-02;1.041773e-01;9.285033e-02
1.443555e-02;3.833225e-02;1.061217e-01;1.347175e-01;1.164122e-01;2.257525e-01;6.351797e-02;1.012558e-01;1.632666e-02;5.131014e-02;4.227534e-02;8.954231e-02
1.161684e-02;4.572716e-02;1.247015e-01;1.447197e-01;1.305512e-01;1.509035e-01;5.125619e-02;9.147445e-02;1.451860e-02;1.072259e-01;4.942023e-02;7.788476e-02
1.107650e-02;6.185224e-02;1.310496e-01;1.431676e-01;1.422276e-01;6.799361e-02;4.883014e-02;7.011289e-02;1.333935e-02;1.482798e-01;9.400661e-02;6.806406e-02
1.019606e-02;6.775934e-02;1.049961e-01;1.880884e-01;1.363210e-01;7.520489e-02;2.480382e-02;6.074700e-02;1.751722e-02;1.411800e-01;1.242315e-01;4.895470e-02
2.523543e-02;5.918059e-02;7.940355e-02;2.053154e-01;1.020463e-01;9.980774e-02;3.769200e-02;4.743443e-02;1.661444e-02;6.644860e-02;2.002708e-01;6.055076e-02
3.982528e-02;5.888354e-02;1.838994e-01;1.898656e-01;7.880136e-02;4.628931e-02;3.359478e-02;5.773266e-02;1.701684e-02;4.829383e-02;1.985937e-01;4.720370e-02
2.816043e-02;6.491902e-02;2.687936e-01;1.782254e-01;7.902464e-02;7.110110e-02;4.057775e-02;5.776654e-02;1.870315e-02;4.205196e-02;1.280078e-01;2.266864e-02
1.475326e-02;9.074061e-02;3.087317e-01;1.411403e-01;8.997237e-02;9.660073e-02;5.451249e-02;3.707312e-02;1.619522e-02;6.272528e-02;6.365763e-02;2.389729e-02
1.718907e-02;1.260823e-01;2.718762e-01;8.353348e-02;1.000601e-01;7.428648e-02;6.231567e-02;4.533062e-02;2.605420e-02;8.268156e-02;5.495014e-02;5.564016e-02
1.941833e-02;1.381649e-01;1.730695e-01;1.130332e-01;9.825376e-02;1.136117e-01;4.253105e-02;5.549036e-02;2.899914e-02;7.045792e-02;7.592303e-02;7.104710e-02
2.147888e-02;1.307187e-01;2.180782e-01;1.242962e-01;7.686332e-02;1.494104e-01;4.008731e-02;7.444130e-02;2.605961e-02;4.795955e-02;2.568136e-02;6.492507e-02
2.866638e-02;1.079636e-01;1.832846e-01;1.681385e-01;9.956034e-02;1.257845e-01;5.882129e-02;7.088888e-02;2.823997e-02;4.350846e-02;3.087089e-02;5.427255e-02
1.908044e-02;8.625256e-02;1.209037e-01;1.768799e-01;1.078990e-01;1.199803e-01;7.503729e-02;9.669645e-02;3.223523e-02;5.596102e-02;4.321824e-02;6.585586e-02
2.485925e-02;7.028627e-02;1.502682e-01;1.330379e-01;8.287627e-02;1.753515e-01;9.930138e-02;7.611562e-02;2.513782e-02;4.650786e-02;5.584634e-02;6.041161e-02
1.784474e-02;4.487792e-02;1.530257e-01;9.009996e-02;7.937226e-02;2.014080e-01;1.113943e-01;5.857532e-02;2.073587e-02;2.557676e-02;1.185404e-01;7.854883e-02
7.989008e-03;6.970923e-02;1.522153e-01;6.470209e-02;7.291498e-02;1.325637e-01;9.979196e-02;8.625975e-02;2.751212e-02;3.167242e-02;1.499184e-01;1.047510e-01
1.905386e-02;9.775196e-02;1.732285e-01;6.960511e-02;5.004365e-02;1.343524e-01;7.827527e-02;1.063549e-01;4.989424e-02;5.052326e-02;9.825493e-02;7.266192e-02
2.257354e-02;1.062963e-01;2.136503e-01;5.965072e-02;2.792973e-02;1.612521e-01;7.601628e-02;6.732970e-02;6.112090e-02;1.241447e-01;4.200209e-02;3.803346e-02
1.443990e-02;8.054055e-02;2.559403e-01;5.915485e-02;3.445761e-02;9.075544e-02;7.991561e-02;3.660490e-02;5.023336e-02;2.374504e-01;3.848242e-02;2.202457e-02
1.108877e-02;6.512543e-02;3.082364e-01;3.939650e-02;2.397243e-02;2.614738e-02;8.724559e-02;2.482620e-02;2.485652e-02;3.253227e-01;4.575131e-02;1.803085e-02
1.065841e-02;7.622507e-02;3.186144e-01;1.869520e-02;1.244217e-02;3.774185e-02;8.835683e-02;2.555848e-02;2.052916e-02;3.280138e-01;3.532691e-02;2.783772e-02
1.129252e-02;1.314961e-01;2.990354e-01;2.072072e-02;1.023835e-02;6.136150e-02;5.874838e-02;3.732790e-02;4.133319e-02;2.484446e-01;2.213975e-02;5.786163e-02
1.254012e-02;2.106454e-01;2.736578e-01;2.326830e-02;9.462663e-03;7.229111e-02;2.538720e-02;6.227307e-02;6.351862e-02;1.349099e-01;1.096306e-02;1.010827e-01
2.220595e-02;2.923737e-01;1.913885e-01;2.972009e-02;1.420574e-02;8.356431e-02;1.572088e-02;8.451835e-02;8.128258e-02;5.937531e-02;9.372210e-03;1.162724e-01
3.077760e-02;3.017559e-01;1.316797e-01;3.353160e-02;1.916402e-02;9.981158e-02;1.143050e-02;1.114006e-01;9.160269e-02;6.366665e-02;1.992537e-02;8.525376e-02
2.227367e-02;2.447972e-01;1.464796e-01;2.708928e-02;4.135568e-02;8.819343e-02;1.319729e-02;1.165221e-01;1.165990e-01;1.053825e-01;2.409496e-02;5.401533e-02
1.448475e-02;1.774903e-01;1.773763e-01;1.590050e-02;1.040151e-01;4.305430e-02;3.243175e-02;8.509756e-02;1.084885e-01;1.876038e-01;2.182852e-02;3.222873e-02
1.294764e-02;1.196125e-01;2.039027e-01;1.515320e-02;1.612447e-01;5.440793e-02;4.760540e-02;5.127622e-02;6.779815e-02;2.364502e-01;1.741631e-02;1.218518e-02
1.311716e-02;9.564817e-02;2.423712e-01;1.975433e-02;1.833427e-01;7.014403e-02;5.890938e-02;3.149799e-02;2.266415e-02;2.401523e-01;1.652974e-02;5.868946e-03
1.183055e-02;9.787592e-02;2.688405e-01;2.051841e-02;1.323551e-01;6.292640e-02;5.090487e-02;2.450021e-02;3.824938e-02;2.527649e-01;3.153263e-02;7.701178e-03
1.365054e-02;1.263825e-01;2.354277e-01;2.383453e-02;7.708991e-02;3.389329e-02;2.217365e-02;5.971769e-02;5.576913e-02;3.020705e-01;3.281141e-02;1.717921e-02
1.381165e-02;1.503449e-01;1.287299e-01;3.285538e-02;3.212036e-02;6.484840e-02;1.305383e-02;8.649154e-02;8.494744e-02;3.262393e-01;2.331093e-02;4.324643e-02
1.469077e-02;1.774523e-01;1.060392e-01;4.601374e-02;2.033059e-02;9.521113e-02;1.415213e-02;7.398772e-02;1.188557e-01;2.507212e-01;1.601130e-02;6.653429e-02
1.390433e-02;2.628866e-01;1.008157e-01;4.836297e-02;1.975549e-02;1.116481e-01;1.240204e-02;5.513263e-02;1.387413e-01;1.488364e-01;3.469889e-03;8.404451e-02
9.435454e-03;3.672899e-01;1.048720e-01;4.434705e-02;2.079714e-02;1.192937e-01;1.138882e-02;2.863172e-02;1.513654e-01;5.606367e-02;1.032390e-02;7.619128e-02
1.240183e-02;4.356655e-01;8.973791e-02;3.767222e-02;1.997138e-02;1.185122e-01;9.406106e-03;1.041452e-02;1.718469e-01;2.320663e-02;1.368877e-02;5.747600e-02
2.771543e-02;4.226047e-01;8.254042e-02;3.742279e-02;1.740105e-02;9.666920e-02;7.994351e-03;2.270115e-02;1.880006e-01;3.069768e-02;1.750231e-02;4.875039e-02
5.367916e-02;3.440445e-01;1.054267e-01;3.795273e-02;2.348003e-02;6.880006e-02;1.350100e-02;6.113369e-02;1.815544e-01;4.327960e-02;3.729903e-02;2.984907e-02
7.199826e-02;2.043887e-01;1.076136e-01;3.023437e-02;3.062250e-02;7.682981e-02;3.228633e-02;1.131629e-01;1.312020e-01;7.826477e-02;1.021042e-01;2.129262e-02
5.261742e-02;2.038124e-01;7.503439e-02;3.840658e-02;4.394425e-02;6.657869e-02;4.389416e-02;1.347670e-01;5.180166e-02;1.082145e-01;1.488591e-01;3.206988e-02
6.183467e-02;2.530816e-01;8.718586e-02;3.962968e-02;4.148323e-02;5.930398e-02;4.488676e-02;1.031138e-01;5.025682e-02;1.181672e-01;1.142378e-01;2.681851e-02
4.033005e-02;3.513392e-01;1.927916e-01;2.017887e-02;2.017274e-02;8.162557e-02;2.526531e-02;4.939060e-02;5.325600e-02;9.513213e-02;4.272043e-02;2.779751e-02
2.559594e-02;3.699913e-01;2.329503e-01;1.925180e-02;1.302780e-02;1.066751e-01;1.104477e-02;3.441027e-02;5.512592e-02;8.405044e-02;2.643421e-02;2.144222e-02
2.970857e-02;3.429707e-01;2.649778e-01;2.176017e-02;1.183540e-02;1.007409e-01;8.891429e-03;3.599581e-02;4.719925e-02;9.165113e-02;2.114351e-02;2.312531e-02
4.249343e-02;3.322721e-01;2.792623e-01;1.459502e-02;1.755697e-02;4.913334e-02;2.346292e-02;3.831480e-02;4.056666e-02;9.665509e-02;3.486574e-02;3.082162e-02
4.636011e-02;3.712110e-01;2.149581e-01;1.160549e-02;2.432873e-02;5.765069e-02;2.752070e-02;3.176242e-02;4.089890e-02;1.137775e-01;2.889762e-02;3.102872e-02
5.143917e-02;3.528079e-01;1.651415e-01;1.174735e-02;3.306090e-02;7.476488e-02;2.126135e-02;4.796143e-02;5.846017e-02;1.397572e-01;2.073270e-02;2.286541e-02
4.968861e-02;3.344548e-01;2.038508e-01;1.525478e-02;3.609056e-02;7.071906e-02;1.145312e-02;5.444950e-02;2.966202e-02;1.454879e-01;2.981937e-02;1.906943e-02
4.578237e-02;3.327527e-01;2.419463e-01;2.208650e-02;3.154459e-02;4.792963e-02;1.200098e-02;5.192408e-02;6.019305e-02;1.100828e-01;2.469278e-02;1.906428e-02
4.318596e-02;3.248747e-01;2.423068e-01;2.477212e-02;2.891065e-02;6.876440e-02;1.757011e-02;5.494611e-02;6.323183e-02;9.246760e-02;2.013143e-02;1.883821e-02
4.369179e-02;3.221081e-01;2.447486e-01;1.771641e-02;2.648799e-02;6.990873e-02;1.604472e-02;4.557623e-02;8.702738e-02;9.127076e-02;2.014239e-02;1.527691e-02
3.240503e-02;3.466984e-01;2.855987e-01;1.807001e-02;2.549676e-02;6.674425e-02;8.353197e-03;3.384995e-02;6.840046e-02;8.197736e-02;2.429591e-02;8.109944e-03
2.387558e-02;3.414634e-01;3.271535e-01;1.629386e-02;2.466603e-02;6.303582e-02;8.452849e-03;3.218284e-02;4.946845e-02;6.955849e-02;2.679339e-02;1.705580e-02
3.107701e-02;3.190055e-01;3.574972e-01;1.941727e-02;1.737495e-02;5.544277e-02;1.149603e-02;4.615089e-02;3.907179e-02;5.220725e-02;2.499607e-02;2.626338e-02
2.191487e-02;2.923667e-01;3.870502e-01;2.025462e-02;1.629482e-02;4.188932e-02;1.678167e-02;4.191985e-02;3.875440e-02;7.902082e-02;1.703086e-02;2.672183e-02
1.767606e-02;2.296735e-01;4.394885e-01;3.189665e-02;2.256173e-02;3.401921e-02;2.598066e-02;2.548062e-02;3.831058e-02;1.044627e-01;9.518058e-03;2.093174e-02
2.243014e-02;1.804430e-01;4.235011e-01;7.365821e-02;2.380762e-02;4.607062e-02;4.104038e-02;3.409388e-02;4.800861e-02;6.155764e-02;3.319056e-02;1.219822e-02
1.807665e-02;1.743492e-01;3.629550e-01;1.205141e-01;4.574162e-02;3.534034e-02;4.054074e-02;3.143549e-02;5.461157e-02;4.306352e-02;5.704555e-02;1.632624e-02
1.411853e-02;1.623101e-01;2.660940e-01;1.473908e-01;7.910062e-02;4.669010e-02;3.876488e-02;3.347325e-02;5.173314e-02;6.829166e-02;7.351034e-02;1.852255e-02
2.296942e-02;2.081729e-01;1.724185e-01;1.526930e-01;8.131388e-02;6.092081e-02;3.600038e-02;6.217405e-02;5.563487e-02;5.068186e-02;7.871095e-02;1.830935e-02
3.230497e-02;2.154510e-01;3.144296e-01;1.082431e-01;3.482212e-02;5.981770e-02;1.464047e-02;6.318127e-02;4.086370e-02;2.824929e-02;6.525891e-02;2.273785e-02
2.527968e-02;2.060270e-01;3.727903e-01;1.130919e-01;2.508062e-02;6.839766e-02;1.779744e-02;3.570550e-02;3.426868e-02;2.894453e-02;5.609693e-02;1.651973e-02
2.447278e-02;2.121257e-01;3.363268e-01;1.493546e-01;3.109813e-02;5.155053e-02;1.343796e-02;2.921835e-02;3.550269e-02;5.360013e-02;4.800119e-02;1.531103e-02
2.913685e-02;1.590744e-01;2.195392e-01;1.573981e-01;4.980745e-02;1.071783e-01;3.388302e-02;3.461827e-02;2.650901e-02;5.504616e-02;9.310280e-02;3.470643e-02
1.821024e-02;1.386044e-01;1.113537e-01;1.658383e-01;8.576050e-02;1.128482e-01;3.442605e-02;6.262382e-02;1.860411e-02;4.443830e-02;1.614879e-01;4.580451e-02
1.272647e-02;1.482276e-01;8.178744e-02;1.857712e-01;8.281191e-02;6.779724e-02;1.402096e-02;9.501634e-02;2.385200e-02;2.651565e-02;2.262004e-01;3.527279e-02
9.349699e-03;1.486483e-01;8.048869e-02;1.789641e-01;5.505395e-02;6.171492e-02;9.169001e-03;1.020787e-01;2.877785e-02;2.396039e-02;2.684122e-01;3.338217e-02
8.501709e-03;1.434709e-01;8.976182e-02;1.727557e-01;6.565631e-02;5.449744e-02;7.240740e-03;8.149461e-02;2.285488e-02;3.756095e-02;2.713960e-01;4.480892e-02
7.864330e-03;1.174704e-01;1.052374e-01;1.883987e-01;1.083471e-01;4.434280e-02;6.096567e-03;6.905255e-02;1.220783e-02;3.801329e-02;2.318324e-01;7.113662e-02
1.039013e-02;8.998373e-02;1.162164e-01;2.190306e-01;1.160844e-01;5.134629e-02;8.718047e-03;7.482375e-02;9.617182e-03;2.893962e-02;2.140989e-01;6.075093e-02
1.754194e-02;1.139039e-01;2.040800e-01;2.068755e-01;9.392847e-02;5.436930e-02;1.171473e-02;7.454211e-02;1.472256e-02;1.558757e-02;1.571245e-01;3.560931e-02
2.395995e-02;1.615046e-01;2.924604e-01;1.229871e-01;6.194107e-02;5.634313e-02;1.623828e-02;6.138941e-02;2.064230e-02;3.991551e-02;1.091386e-01;3.347972e-02
2.563603e-02;2.228732e-01;3.357466e-01;3.429085e-02;4.835537e-02;3.688234e-02;1.819627e-02;4.157794e-02;2.513961e-02;7.185899e-02;8.305288e-02;5.638989e-02
2.266930e-02;2.744496e-01;3.100961e-01;6.170247e-02;4.547662e-02;3.367767e-02;1.036402e-02;4.223070e-02;2.551096e-02;7.550661e-02;5.575550e-02;4.256048e-02
2.589893e-02;2.950470e-01;2.370594e-01;8.550173e-02;5.122929e-02;5.419088e-02;1.699629e-02;4.207555e-02;3.466839e-02;7.068070e-02;7.423469e-02;1.241724e-02
3.694648e-02;2.211325e-01;1.668023e-01;1.050832e-01;7.737761e-02;6.632335e-02;1.893674e-02;5.845414e-02;4.139166e-02;7.546414e-02;1.118862e-01;2.020165e-02
3.398258e-02;2.400627e-01;1.874324e-01;7.934691e-02;6.319911e-02;8.305997e-02;1.426032e-02;7.105744e-02;2.814490e-02;6.419653e-02;1.080137e-01;2.724346e-02
2.820227e-02;2.892023e-01;2.623825e-01;5.571573e-02;3.038067e-02;8.337165e-02;1.137811e-02;5.231349e-02;4.508531e-02;4.388062e-02;6.794271e-02;3.014466e-02
2.321196e-02;2.844957e-01;3.541893e-01;4.156198e-02;2.416881e-02;4.959750e-02;2.990980e-02;2.990087e-02;3.567087e-02;4.063683e-02;5.894797e-02;2.770836e-02
2.296671e-02;2.266831e-01;4.201456e-01;4.543972e-02;2.691549e-02;3.311346e-02;5.124196e-02;2.135888e-02;2.216946e-02;5.346198e-02;5.560376e-02;2.089984e-02
2.134918e-02;1.410031e-01;4.448006e-01;7.988259e-02;2.956769e-02;6.483029e-02;7.018930e-02;2.707741e-02;2.083845e-02;6.070412e-02;2.708053e-02;1.267676e-02
2.734951e-02;1.249684e-01;4.206522e-01;6.470506e-02;1.845374e-02;7.571921e-02;7.081090e-02;5.874104e-02;3.301284e-02;7.790218e-02;2.128623e-02;6.398606e-03
