3.408015e-02;5.832022e-02;1.383263e-01;1.194512e-01;7.041428e-02;1.387705e-01;9.837441e-02;1.720868e-01;5.916059e-02;2.453301e-02;5.052066e-02;3.596191e-02
3.068278e-02;1.186350e-01;1.244168e-01;8.087711e-02;1.000763e-01;8.488661e-02;1.486570e-01;1.642557e-01;4.708468e-02;1.267611e-02;5.979018e-02;2.796180e-02
2.627385e-02;2.234422e-01;8.269110e-02;3.546112e-02;1.266482e-01;3.107423e-02;1.962815e-01;1.181799e-01;3.661119e-02;6.131726e-03;9.957400e-02;1.763096e-02
2.209071e-02;2.996190e-01;4.630911e-02;8.920424e-03;9.374004e-02;1.724039e-02;2.070227e-01;9.681374e-02;4.297876e-02;1.072584e-02;1.450796e-01;9.459624e-03
2.740492e-02;2.667071e-01;3.078802e-02;1.561795e-02;6.812585e-02;2.502780e-02;2.282741e-01;9.525196e-02;5.118131e-02;1.652973e-02;1.626601e-01;1.243121e-02
4.046754e-02;2.097118e-01;1.847151e-02;2.498526e-02;5.279211e-02;2.349439e-02;2.901776e-01;8.141281e-02;4.934055e-02;2.519888e-02;1.684692e-01;1.547831e-02
3.327245e-02;1.576852e-01;1.263256e-02;2.930657e-02;1.193038e-02;2.616425e-02;3.386585e-01;1.022038e-01;5.325646e-02;3.473150e-02;1.924455e-01;7.712747e-03
2.344155e-02;1.135305e-01;1.964804e-02;2.688083e-02;4.702947e-02;3.633195e-02;3.002694e-01;1.464573e-01;4.798565e-02;3.744121e-02;1.821488e-01;1.883533e-02
5.860377e-02;1.225790e-01;1.844667e-02;1.745656e-02;5.018663e-02;5.100428e-02;2.727753e-01;1.928390e-01;3.307413e-02;2.742661e-02;1.326028e-01;2.300522e-02
1.079136e-01;1.496070e-01;9.028331e-03;1.106377e-02;3.690737e-02;4.904340e-02;3.061611e-01;1.815076e-01;2.411837e-02;1.652701e-02;9.866811e-02;9.454373e-03
1.224342e-01;1.889513e-01;1.351879e-02;1.093649e-02;1.871579e-02;4.955554e-02;3.053692e-01;1.507258e-01;2.045510e-02;1.578026e-02;9.077381e-02;1.278382e-02
9.510864e-02;1.867670e-01;1.893288e-02;8.806229e-03;6.077691e-02;6.628723e-02;3.203228e-01;1.576443e-01;1.432265e-02;1.910570e-02;4.180244e-02;1.012315e-02
8.093811e-02;1.619799e-01;2.164765e-02;6.936432e-03;7.880318e-02;4.656547e-02;2.938703e-01;2.005454e-01;1.621845e-02;2.073356e-02;6.399751e-02;7.763978e-03
3.786320e-02;1.731559e-01;1.693893e-02;1.801951e-02;6.390315e-02;4.935645e-02;3.233255e-01;1.704600e-01;2.037879e-02;2.157807e-02;9.135304e-02;1.366750e-02
8.891403e-02;1.384746e-01;2.095881e-02;2.268832e-02;3.269733e-02;6.367274e-02;3.626944e-01;1.023818e-01;2.472568e-02;2.707286e-02;1.000750e-01;1.564449e-02
1.098522e-01;8.873058e-02;1.913346e-02;1.824947e-02;2.719724e-02;8.882687e-02;3.785446e-01;9.278949e-02;3.000032e-02;2.916013e-02;1.059659e-01;1.154970e-02
9.841586e-02;4.587523e-02;1.041039e-02;1.423651e-02;3.364499e-02;1.086311e-01;4.211375e-01;1.413427e-01;3.032933e-02;1.792033e-02;6.891604e-02;9.139949e-03
1.114197e-01;4.585324e-02;2.227494e-02;2.228376e-02;3.674872e-02;1.147786e-01;3.884368e-01;1.349019e-01;3.130670e-02;1.309033e-02;5.545693e-02;2.344834e-02
1.468300e-01;1.062495e-01;2.149273e-02;5.631912e-02;3.276523e-02;8.756555e-02;1.640546e-01;1.357264e-01;3.637270e-02;4.290469e-02;1.105834e-01;5.913604e-02
1.558003e-01;1.279068e-01;2.544481e-02;3.849952e-02;1.799227e-02;5.728923e-02;2.286991e-01;1.680437e-01;2.353853e-02;2.862759e-02;7.906978e-02;4.908840e-02
1.289030e-01;1.401957e-01;3.631791e-02;2.865303e-02;1.034102e-02;3.229297e-02;2.391617e-01;2.518957e-01;1.363326e-02;2.045271e-02;7.807960e-02;2.007343e-02
7.943047e-02;1.279881e-01;5.435153e-02;3.019448e-02;1.057677e-02;2.581343e-02;2.186753e-01;3.245317e-01;1.915039e-02;1.297578e-02;5.873998e-02;3.757211e-02
6.769244e-02;8.172635e-02;4.975070e-02;7.921409e-02;1.870102e-02;2.858630e-02;1.684228e-01;3.442232e-01;5.268587e-02;1.576660e-02;4.426136e-02;4.896934e-02
1.291352e-01;4.439734e-02;3.451734e-02;1.543209e-01;5.173951e-02;1.509366e-02;1.355569e-01;2.606595e-01;1.003250e-01;2.443158e-02;1.927129e-02;3.055187e-02
1.664918e-01;3.188475e-02;3.219943e-02;1.568205e-01;8.928246e-02;1.402652e-02;1.488596e-01;1.202445e-01;1.284065e-01;5.661302e-02;4.847502e-02;6.695866e-03
1.238259e-01;3.775483e-02;2.128932e-02;9.634919e-02;1.635800e-01;2.743996e-02;1.623034e-01;8.015192e-02;1.242362e-01;1.075131e-01;4.912752e-02;6.428665e-03
7.719497e-02;4.823016e-02;1.391233e-02;4.506285e-02;2.282837e-01;4.800427e-02;1.299813e-01;7.906340e-02;1.103567e-01;1.592553e-01;5.298376e-02;7.671149e-03
5.538749e-02;3.430352e-02;1.547363e-02;7.229564e-02;3.005436e-01;3.898953e-02;8.260559e-02;4.708216e-02;1.039484e-01;1.902560e-01;5.578863e-02;3.325733e-03
3.958467e-02;4.316859e-02;1.178104e-02;3.955569e-02;3.804334e-01;5.223614e-02;4.161640e-02;4.114782e-02;7.006464e-02;1.895999e-01;8.496165e-02;5.850036e-03
1.868345e-02;5.283195e-02;5.932562e-03;2.395380e-02;3.411906e-01;1.338567e-01;2.513904e-02;4.182040e-02;3.936586e-02;1.645077e-01;1.461708e-01;6.547039e-03
1.076998e-02;5.519648e-02;4.975378e-03;2.028713e-02;1.749710e-01;2.512547e-01;4.342216e-02;4.439632e-02;1.703250e-02;1.151952e-01;2.582360e-01;4.263029e-03
1.401004e-02;6.060554e-02;1.107147e-02;1.718607e-02;6.942472e-02;2.425427e-01;7.124051e-02;5.951320e-02;1.095839e-02;8.708309e-02;3.500245e-01;6.339837e-03
1.335093e-02;6.446034e-02;1.047972e-02;1.282236e-02;1.179197e-01;1.084391e-01;6.316964e-02;9.991069e-02;3.231161e-02;1.679703e-01;2.998952e-01;9.270383e-03
1.510542e-02;5.360133e-02;6.580195e-03;1.283150e-02;1.308371e-01;5.880062e-02;4.063301e-02;1.086636e-01;5.369025e-02;2.852786e-01;2.199604e-01;1.401799e-02
2.645350e-02;5.047247e-02;1.467304e-02;2.143214e-02;1.145873e-01;5.562185e-02;3.849300e-02;7.456252e-02;7.559220e-02;3.554904e-01;1.545161e-01;1.810543e-02
6.839961e-02;7.897751e-02;3.342566e-02;4.564205e-02;7.086988e-02;5.116535e-02;8.604596e-02;9.698665e-02;1.142977e-01;2.518817e-01;8.361335e-02;1.869455e-02
1.042180e-01;1.308225e-01;3.237591e-02;5.076627e-02;5.958204e-02;4.831802e-02;1.299272e-01;1.325000e-01;1.061389e-01;9.611406e-02;9.567332e-02;1.356379e-02
9.756296e-02;9.184383e-02;2.234142e-02;4.027758e-02;6.669711e-02;5.184929e-02;1.558564e-01;1.697157e-01;6.388775e-02;9.717617e-02;1.258094e-01;1.698237e-02
8.697474e-02;7.101537e-02;3.624157e-02;2.824817e-02;4.742719e-02;3.971250e-02;1.327060e-01;2.338899e-01;3.290505e-02;1.167534e-01;1.252433e-01;4.888289e-02
5.264329e-02;9.308562e-02;5.841658e-02;2.519314e-02;2.880093e-02;3.875517e-02;1.272449e-01;2.856786e-01;2.765486e-02;1.108148e-01;7.925908e-02;7.245307e-02
2.472818e-02;7.991672e-02;7.394912e-02;2.443451e-02;1.663672e-02;4.039024e-02;1.306292e-01;3.677505e-01;2.453887e-02;9.646364e-02;2.929541e-02;9.126692e-02
2.698460e-02;1.134608e-01;5.618548e-02;2.702733e-02;2.559858e-02;1.958045e-02;1.836340e-01;3.712982e-01;2.527013e-02;5.109322e-02;3.608012e-02;6.378702e-02
3.463696e-02;1.427067e-01;2.743259e-02;2.365879e-02;4.835926e-02;2.882411e-02;2.603513e-01;2.929550e-01;4.123288e-02;1.830043e-02;5.189363e-02;2.964840e-02
5.952812e-02;1.487312e-01;1.333899e-02;2.253867e-02;5.347430e-02;5.214857e-02;3.012770e-01;1.999898e-01;5.198769e-02;1.979133e-02;5.959690e-02;1.759750e-02
1.026856e-01;1.344505e-01;1.254002e-02;3.739646e-02;5.470575e-02;9.164592e-02;2.745779e-01;1.329098e-01;4.738167e-02;1.715508e-02;8.645789e-02;8.093534e-03
1.074488e-01;1.311295e-01;2.508909e-02;4.057939e-02;5.518806e-02;1.009724e-01;1.585938e-01;1.356207e-01;4.578644e-02;2.762358e-02;1.563384e-01;1.562974e-02
6.640790e-02;1.260393e-01;3.225940e-02;2.205946e-02;3.173864e-02;6.874108e-02;1.397195e-01;1.710326e-01;6.556139e-02;5.416892e-02;2.004500e-01;2.182189e-02
9.650302e-02;1.249109e-01;3.623121e-02;2.887382e-02;5.729919e-02;3.520939e-02;1.978271e-01;1.662641e-01;4.448970e-02;7.488360e-02;1.084496e-01;2.905838e-02
1.030644e-01;1.378728e-01;4.028604e-02;3.076192e-02;7.221895e-02;4.813511e-02;1.881983e-01;1.776892e-01;2.568021e-02;7.724470e-02;7.093246e-02;2.791603e-02
3.398743e-02;1.123057e-01;4.199431e-02;2.402691e-02;6.020945e-02;7.155579e-02;2.056007e-01;1.647417e-01;3.949214e-02;8.530519e-02;1.296131e-01;3.116760e-02
5.141324e-02;7.232330e-02;3.375249e-02;7.431611e-02;4.014964e-02;9.259314e-02;2.002338e-01;1.471473e-01;6.409582e-02;9.536323e-02;1.062871e-01;2.232473e-02
3.014639e-02;1.051347e-01;3.190988e-02;7.834922e-02;4.910525e-02;8.291135e-02;2.265839e-01;1.539732e-01;4.784952e-02;7.337762e-02;7.231829e-02;4.834071e-02
1.561025e-02;1.200632e-01;3.238715e-02;3.135811e-02;3.712897e-02;4.431657e-02;2.508784e-01;2.775508e-01;2.195941e-02;3.717780e-02;5.312626e-02;7.844295e-02
3.229184e-02;1.188667e-01;3.934409e-02;1.928826e-02;1.231267e-02;2.380082e-02;2.107885e-01;3.416991e-01;2.388643e-02;1.619368e-02;3.513756e-02;1.263904e-01
6.608186e-02;9.655761e-02;3.535960e-02;2.896599e-02;7.104713e-03;2.196691e-02;1.575792e-01;3.282836e-01;5.028050e-02;1.937110e-02;3.129486e-02;1.571541e-01
1.008165e-01;6.110599e-02;2.540530e-02;4.425801e-02;1.218633e-02;1.193180e-02;1.229116e-01;2.861036e-01;9.792499e-02;3.247863e-02;4.684340e-02;1.580338e-01
1.234278e-01;4.344413e-02;1.945243e-02;4.588762e-02;1.871571e-02;8.553448e-03;9.632961e-02;2.318226e-01;1.649846e-01;6.382674e-02;8.303069e-02;1.005247e-01
1.014536e-01;4.370554e-02;1.105012e-02;3.437516e-02;2.846696e-02;1.146300e-02;8.034275e-02;2.441230e-01;2.360739e-01;1.010144e-01;9.809259e-02;9.838997e-03
5.014422e-02;3.280453e-02;1.058746e-02;2.892539e-02;2.162889e-02;8.686098e-03;7.171592e-02;3.094316e-01;2.319532e-01;9.694350e-02;1.042769e-01;3.290226e-02
2.251437e-02;1.602229e-02;4.672714e-03;2.016833e-02;1.011273e-02;9.569824e-03;1.393721e-01;4.341116e-01;1.574806e-01;6.525140e-02;1.002568e-01;2.046723e-02
1.951258e-02;2.904174e-02;1.314223e-02;1.375604e-02;6.436000e-03;1.432755e-02;2.272063e-01;5.039268e-01;7.588209e-02;3.184271e-02;5.913336e-02;5.792649e-03
3.416034e-02;5.673208e-02;2.125238e-02;1.312600e-02;7.932832e-03;2.625856e-02;3.091636e-01;4.571513e-01;2.787881e-02;1.825653e-02;2.176477e-02;6.322770e-03
4.256823e-02;6.145762e-02;2.006025e-02;1.496336e-02;1.038341e-02;3.686695e-02;3.476104e-01;3.469504e-01;3.209649e-02;1.735800e-02;5.898502e-02;1.069979e-02
4.822209e-02;6.128947e-02;1.376301e-02;1.553397e-02;1.657326e-02;3.836368e-02;2.768746e-01;3.410053e-01;5.738175e-02;3.139196e-02;8.010244e-02;1.949841e-02
4.496029e-02;7.121663e-02;2.403610e-02;2.920664e-02;1.745339e-02;3.897674e-02;2.784424e-01;3.484141e-01;4.786004e-02;3.555696e-02;5.439113e-02;9.485496e-03
6.351724e-02;7.596424e-02;3.958881e-02;2.664656e-02;1.595356e-02;4.975766e-02;3.896820e-01;1.559800e-01;4.477500e-02;3.728439e-02;8.117614e-02;1.967437e-02
4.488777e-02;4.497091e-02;2.399012e-02;1.790063e-02;1.186443e-02;3.773516e-02;3.395085e-01;3.382346e-01;4.594352e-02;2.834195e-02;4.262379e-02;2.399867e-02
6.922743e-02;4.787099e-02;2.362811e-02;1.095624e-02;1.086812e-02;3.883904e-02;3.395046e-01;2.839772e-01;5.494822e-02;2.964908e-02;5.306504e-02;3.746598e-02
1.110240e-01;6.672131e-02;2.634186e-02;2.508778e-02;2.198406e-02;5.778684e-02;3.121803e-01;1.783358e-01;5.745896e-02;3.889637e-02;7.014874e-02;3.403388e-02
1.022549e-01;7.981349e-02;2.732161e-02;2.667534e-02;4.204736e-02;5.324915e-02;2.074739e-01;2.651547e-01;5.740981e-02;4.550799e-02;6.356900e-02;2.952285e-02
7.454380e-02;8.750635e-02;4.601738e-02;2.208124e-02;5.374060e-02;8.832224e-02;1.686211e-01;1.715935e-01;7.128807e-02;6.645760e-02;1.059108e-01;4.391728e-02
7.653521e-02;8.471987e-02;4.181459e-02;2.722907e-02;5.660501e-02;9.127564e-02;1.729542e-01;1.648369e-01;7.596673e-02;5.646137e-02;1.152355e-01;3.636590e-02
6.350730e-02;8.308448e-02;4.102477e-02;3.124320e-02;5.648752e-02;9.146789e-02;1.655519e-01;1.570749e-01;8.054151e-02;5.349122e-02;1.307926e-01;4.573275e-02
5.346989e-02;9.085408e-02;4.432056e-02;1.725670e-02;2.036026e-02;4.419084e-02;2.091535e-01;2.783167e-01;5.807293e-02;3.491675e-02;6.054138e-02;8.854641e-02
6.715291e-02;9.345466e-02;3.447421e-02;2.789109e-02;2.105852e-02;2.496387e-02;1.718109e-01;3.033663e-01;3.977678e-02;2.718575e-02;9.830296e-02;9.056210e-02
8.312874e-02;7.790558e-02;2.718426e-02;2.414075e-02;7.346684e-02;3.128886e-02;1.294306e-01;2.111290e-01;5.307696e-02;4.961652e-02;1.888737e-01;5.075813e-02
5.077118e-02;4.757432e-02;1.512799e-02;2.282375e-02;1.505863e-01;8.947571e-02;9.062672e-02;1.117667e-01;4.899985e-02;8.258763e-02;2.719544e-01;1.770536e-02
2.849401e-02;3.725354e-02;3.501503e-03;2.188759e-02;1.535598e-01;1.467889e-01;7.080514e-02;7.620138e-02;3.194187e-02;8.937878e-02;3.358352e-01;4.352267e-03
3.083887e-02;3.296399e-02;1.394068e-02;1.709468e-02;8.503376e-02;1.237235e-01;9.584874e-02;8.745587e-02;4.013875e-02;7.036103e-02;3.949486e-01;7.651538e-03
6.121336e-02;3.792229e-02;2.137375e-02;2.008647e-02;6.377510e-02;7.100796e-02;1.143333e-01;1.426323e-01;5.305077e-02;5.723983e-02;3.408607e-01;1.650419e-02
8.427731e-02;4.483975e-02;2.143913e-02;2.381587e-02;5.202218e-02;5.557741e-02;1.109151e-01;1.715098e-01;5.641636e-02;5.516025e-02;3.103778e-01;1.364905e-02
7.598067e-02;4.538007e-02;1.177299e-02;1.882136e-02;2.588778e-02;6.945664e-02;1.421117e-01;1.000821e-01;7.495142e-02;1.020766e-01;3.130398e-01;2.043885e-02
3.817811e-02;3.572270e-02;1.640486e-02;1.527528e-02;2.054367e-02;1.144355e-01;1.912022e-01;7.936155e-02;5.418162e-02;8.867182e-02;3.351648e-01;1.085802e-02
2.954444e-02;3.159333e-02;1.593735e-02;2.311626e-02;1.897367e-02;1.358968e-01;2.036293e-01;7.591958e-02;2.826912e-02;7.823025e-02;3.472166e-01;1.167319e-02
2.396181e-02;4.329941e-02;1.363066e-02;3.303791e-02;4.558424e-02;1.161480e-01;1.300651e-01;9.764955e-02;1.897214e-02;1.078307e-01;3.567022e-01;1.311824e-02
2.079756e-02;4.889167e-02;1.547970e-02;3.540906e-02;5.105086e-02;6.876190e-02;8.963303e-02;1.060222e-01;1.877794e-02;1.312297e-01;3.906346e-01;2.331175e-02
3.752512e-02;6.070223e-02;1.156396e-02;4.034461e-02;5.500324e-02;4.391307e-02;1.150593e-01;1.121878e-01;2.000884e-02;1.142098e-01;3.702126e-01;1.926942e-02
4.562599e-02;7.776566e-02;1.862492e-02;3.820369e-02;6.857671e-02;6.198294e-02;9.722449e-02;1.221626e-01;2.239217e-02;9.161493e-02;3.335254e-01;2.230051e-02
7.608391e-02;1.075074e-01;2.785235e-02;2.740658e-02;6.690526e-02;6.549260e-02;1.131605e-01;1.251298e-01;2.842400e-02;7.194521e-02;2.669351e-01;2.315729e-02
9.334381e-02;1.212051e-01;3.094005e-02;3.325210e-02;4.375234e-02;6.847737e-02;1.456696e-01;1.168358e-01;2.703436e-02;6.474873e-02;2.328376e-01;2.190322e-02
6.313016e-02;1.124300e-01;2.289591e-02;3.415248e-02;3.840864e-02;6.106644e-02;1.342424e-01;1.242856e-01;3.374873e-02;1.175103e-01;2.343578e-01;2.377151e-02
5.571077e-02;8.642414e-02;1.384569e-02;3.075711e-02;4.112654e-02;6.869066e-02;1.026186e-01;1.394475e-01;2.796211e-02;1.475122e-01;2.581998e-01;2.770480e-02
5.868595e-02;8.892629e-02;1.590800e-02;2.660328e-02;3.012158e-02;9.160980e-02;9.987625e-02;1.357584e-01;1.337621e-02;1.313476e-01;2.777992e-01;2.998739e-02
1.095409e-01;8.435626e-02;4.563497e-02;3.671166e-02;4.783616e-02;7.906930e-02;1.140144e-01;8.428217e-02;4.337396e-02;6.831168e-02;2.297614e-01;5.710720e-02
1.462564e-01;5.979234e-02;6.133827e-02;5.441323e-02;5.564632e-02;3.365692e-02;1.096975e-01;1.134947e-01;6.397136e-02;3.390313e-02;1.728019e-01;9.502797e-02
1.734584e-01;7.556131e-02;4.986506e-02;6.251565e-02;6.647418e-02;3.218963e-02;9.384790e-02;1.164647e-01;5.963148e-02;4.736309e-02;1.245640e-01;9.806457e-02
2.282537e-01;1.359211e-01;3.416901e-02;2.689441e-02;3.716004e-02;6.078407e-02;1.107289e-01;1.004286e-01;3.074203e-02;4.530690e-02;1.498717e-01;3.973956e-02
2.068710e-01;1.078442e-01;2.882734e-02;1.456098e-02;2.296608e-02;6.863055e-02;1.008397e-01;6.463478e-02;2.000865e-02;3.843065e-02;3.085356e-01;1.785049e-02
1.379288e-01;6.992264e-02;1.954844e-02;2.368529e-02;3.503891e-02;7.745709e-02;7.223050e-02;3.947839e-02;1.834761e-02;5.786201e-02;4.185256e-01;2.997476e-02
5.637407e-02;6.900211e-02;6.543592e-03;2.715193e-02;5.907911e-02;6.481458e-02;5.344993e-02;6.907529e-02;2.315529e-02;9.446241e-02;4.292464e-01;4.764535e-02
6.784699e-02;7.024560e-02;9.598163e-03;2.270686e-02;5.673905e-02;4.794328e-02;8.995055e-02;1.462195e-01;3.413092e-02;8.610635e-02;3.343904e-01;3.412232e-02
9.060661e-02;7.250156e-02;1.118650e-02;2.344610e-02;3.504325e-02;5.105150e-02;1.493611e-01;1.917391e-01;3.374242e-02;4.957023e-02;2.726703e-01;1.908128e-02
7.226243e-02;6.502325e-02;2.049303e-02;1.869802e-02;2.100262e-02;7.887518e-02;1.721875e-01;3.310449e-01;3.379741e-02;2.491572e-02;1.428632e-01;1.883671e-02
6.075991e-02;2.714613e-02;1.714032e-02;1.804228e-02;4.147854e-02;8.620102e-02;2.218954e-01;3.863162e-01;3.927001e-02;2.857559e-02;5.386722e-02;1.930739e-02
3.715798e-02;2.369590e-02;1.874515e-02;1.230600e-02;4.319349e-02;7.377366e-02;2.528912e-01;4.409062e-01;2.546126e-02;2.367209e-02;2.660077e-02;2.159626e-02
1.381479e-02;3.734680e-02;2.053266e-02;1.040685e-02;2.061276e-02;5.447102e-02;2.872381e-01;4.562817e-01;1.672217e-02;3.256323e-02;3.071672e-02;1.929318e-02
1.740428e-02;5.596520e-02;1.386798e-02;1.437983e-02;2.930052e-02;3.188162e-02;3.441868e-01;3.953440e-01;1.099569e-02;2.554579e-02;4.929975e-02;1.182855e-02
2.989928e-02;7.474054e-02;8.191773e-03;9.863929e-03;4.798538e-02;3.068159e-02;3.795389e-01;3.300287e-01;1.686061e-02;1.556576e-02;5.071288e-02;5.930687e-03
3.813006e-02;9.305771e-02;9.458927e-03;8.118933e-03;4.222588e-02;4.321183e-02;3.967858e-01;2.865589e-01;2.221648e-02;1.397775e-02;4.127556e-02;4.982158e-03
7.904606e-02;9.528449e-02;9.651157e-03;2.389064e-02;2.771635e-02;6.354402e-02;3.939398e-01;2.246038e-01;1.973500e-02;2.181642e-02;3.546702e-02;5.305197e-03
1.560211e-01;7.795662e-02;7.266145e-03;3.831540e-02;1.977552e-02;1.012809e-01;3.805447e-01;1.336262e-01;1.936499e-02;4.351341e-02;1.782267e-02;4.512466e-03
2.161729e-01;4.781422e-02;1.058049e-02;3.273676e-02;2.542608e-02;1.393275e-01;3.730273e-01;6.499057e-02;3.062646e-02;4.659551e-02;6.380886e-03;6.321328e-03
1.925520e-01;3.212151e-02;2.488084e-02;2.372505e-02;2.955123e-02;1.323635e-01;3.630776e-01;1.073473e-01;2.670044e-02;2.203726e-02;3.784620e-02;7.797054e-03
1.257268e-01;3.278685e-02;4.404034e-02;3.729302e-02;3.992484e-02;1.218291e-01;3.432391e-01;1.028384e-01;4.578190e-02;2.062112e-02;6.990976e-02;1.600868e-02
3.696129e-02;5.105702e-02;6.527659e-02;4.589351e-02;5.185353e-02;1.114560e-01;2.540222e-01;1.087551e-01;5.622439e-02;2.780082e-02;1.698743e-01;2.082531e-02
1.240727e-01;9.565804e-02;7.973336e-02;3.939093e-02;3.581615e-02;6.866762e-02;8.320856e-02;7.477912e-02;4.146763e-02;2.516610e-02;3.212936e-01;1.074619e-02
1.151873e-01;1.299448e-01;7.800166e-02;2.267915e-02;1.383575e-02;5.006280e-02;9.392131e-02;5.174488e-02;3.142679e-02;2.722429e-02;3.686107e-01;1.736056e-02
5.475988e-02;1.720394e-01;7.462310e-02;2.470142e-02;2.365975e-02;5.226381e-02;1.484188e-01;7.049651e-02;2.319785e-02;3.153993e-02;3.076938e-01;1.660570e-02
8.496387e-02;1.812830e-01;7.188115e-02;2.600998e-02;3.538245e-02;4.160342e-02;1.661559e-01;1.156801e-01;2.080839e-02;2.750101e-02;2.199872e-01;8.743460e-03
8.624721e-02;1.686937e-01;7.901203e-02;3.348186e-02;3.892500e-02;2.831465e-02;1.291176e-01;7.481214e-02;3.872221e-02;3.362122e-02;2.745263e-01;1.452600e-02
3.201098e-02;1.622356e-01;8.976333e-02;3.833520e-02;4.624705e-02;3.719179e-02;1.316437e-01;5.081858e-02;5.301946e-02;3.345132e-02;3.062485e-01;1.903442e-02
5.569117e-02;1.745510e-01;9.436115e-02;4.928327e-02;4.138481e-02;2.624712e-02;1.072155e-01;8.900788e-02;5.258314e-02;4.129575e-02;2.588151e-01;9.564039e-03
9.957328e-02;1.428037e-01;6.174815e-02;3.475493e-02;2.794135e-02;3.549616e-02;1.367151e-01;1.497869e-01;7.453062e-02;3.412565e-02;1.939033e-01;8.620775e-03
1.273749e-01;6.938422e-02;2.575494e-02;2.588382e-02;3.193744e-02;7.989527e-02;2.923596e-01;1.342005e-01;5.605638e-02;1.826736e-02;1.263494e-01;1.253613e-02
1.237425e-01;3.743360e-02;1.096251e-02;2.667668e-02;2.299202e-02;1.007789e-01;3.728740e-01;1.527900e-01;6.401664e-02;2.366730e-02;5.634066e-02;7.725225e-03
1.142058e-01;3.413616e-02;7.552108e-03;3.779863e-02;2.754694e-02;1.046864e-01;3.795893e-01;1.725429e-01;7.029735e-02;2.631292e-02;2.105216e-02;4.279427e-03
1.357626e-01;4.268103e-02;6.450230e-03;4.952944e-02;3.808626e-02;1.078828e-01;3.587784e-01;1.451852e-01;6.490202e-02;3.524316e-02;1.310070e-02;2.398235e-03
1.798294e-01;5.798291e-02;4.114252e-03;4.300265e-02;5.051569e-02;1.090921e-01;3.378762e-01;9.892999e-02;6.030940e-02;4.476474e-02;1.046756e-02;3.115191e-03
1.882797e-01;8.614294e-02;7.781813e-03;4.593332e-02;4.531599e-02;9.663062e-02;3.309079e-01;8.771032e-02;5.040943e-02;3.915938e-02;1.667876e-02;5.049869e-03
1.438332e-01;1.244394e-01;1.305131e-02;4.237774e-02;2.350768e-02;7.101434e-02;3.563342e-01;1.475894e-01;3.557780e-02;1.943539e-02;1.730016e-02;5.539348e-03
8.801331e-02;1.411348e-01;1.771824e-02;1.905105e-02;2.881562e-02;4.681359e-02;3.485903e-01;2.375756e-01;2.854379e-02;1.363451e-02;2.335701e-02;6.752182e-03
4.015386e-02;1.172769e-01;2.841732e-02;3.405520e-02;2.936019e-02;3.444963e-02;2.866423e-01;3.497014e-01;3.050531e-02;1.840370e-02;1.769309e-02;1.334106e-02
2.163561e-02;9.027278e-02;3.525169e-02;5.898722e-02;2.461760e-02;3.120034e-02;2.059958e-01;4.253689e-01;5.123114e-02;2.648522e-02;1.225419e-02;1.669946e-02
3.893603e-02;5.153900e-02;2.830279e-02;7.252033e-02;2.734143e-02;2.312483e-02;1.811333e-01;3.955026e-01;7.788655e-02;3.589164e-02;5.796812e-02;9.853352e-03
6.117989e-02;4.061022e-02;3.626734e-02;6.411380e-02;2.145923e-02;2.767245e-02;2.115445e-01;2.266059e-01;9.790885e-02;5.462901e-02;1.539834e-01;4.025489e-03
6.293322e-02;3.964772e-02;3.481556e-02;2.768304e-02;2.050312e-02;3.528726e-02;2.333694e-01;2.224291e-01;5.709326e-02;5.373535e-02;2.071965e-01;5.306433e-03
6.866883e-02;4.998193e-02;2.365337e-02;1.845720e-02;1.195456e-02;3.501369e-02;2.591487e-01;2.643818e-01;2.860948e-02;3.573318e-02;1.968985e-01;7.498816e-03
6.989970e-02;5.366120e-02;3.399356e-02;3.085328e-02;1.561459e-02;4.306724e-02;2.935126e-01;2.104831e-01;2.373503e-02;2.835129e-02;1.902144e-01;6.613927e-03
8.418564e-02;3.816706e-02;4.938049e-02;4.438016e-02;2.456419e-02;5.405290e-02;1.876625e-01;2.665289e-01;4.411021e-02;2.870381e-02;1.598566e-01;1.840765e-02
8.066085e-02;6.664623e-02;2.470436e-02;2.806909e-02;2.578940e-02;4.606921e-02;2.202516e-01;2.912009e-01;6.066814e-02;3.563564e-02;1.094088e-01;1.089572e-02
8.951756e-02;7.962786e-02;5.078730e-02;2.408182e-02;2.300452e-02;2.623783e-02;2.761617e-01;1.567428e-01;6.480785e-02;5.150988e-02;1.426332e-01;1.488774e-02
7.629701e-02;8.570701e-02;5.351479e-02;2.410820e-02;1.870618e-02;3.669759e-02;2.798683e-01;2.401345e-01;4.305230e-02;4.523961e-02;8.341642e-02;1.325803e-02
6.004347e-02;9.348997e-02;4.615739e-02;2.114638e-02;1.937375e-02;6.204862e-02;2.436216e-01;2.651466e-01;4.202008e-02;3.527205e-02;9.031191e-02;2.136816e-02
1.314000e-01;1.253797e-01;5.741829e-02;4.761096e-02;4.084858e-02;1.060592e-01;1.302797e-01;1.322010e-01;7.440552e-02;6.553408e-02;4.391083e-02;4.495221e-02
2.332496e-01;1.501960e-01;4.243226e-02;2.049852e-02;3.210632e-02;7.310263e-02;9.595422e-02;8.625910e-02;5.167780e-02;4.921773e-02;1.403319e-01;2.497387e-02
2.487656e-01;1.610476e-01;2.667211e-02;1.692571e-02;1.500102e-02;4.322834e-02;1.114763e-01;7.310600e-02;3.573833e-02;3.110019e-02;2.172810e-01;1.965778e-02
2.172885e-01;1.275440e-01;2.664413e-02;1.760541e-02;1.306954e-02;4.901555e-02;1.103860e-01;5.346939e-02;3.467203e-02;3.044123e-02;2.931893e-01;2.667506e-02
1.262797e-01;8.412234e-02;2.540923e-02;1.545940e-02;2.958693e-02;7.823407e-02;9.218066e-02;4.193020e-02;3.356253e-02;4.999910e-02;3.845141e-01;3.872178e-02
9.186556e-02;5.272362e-02;2.108952e-02;1.816177e-02;4.840336e-02;8.808224e-02;9.440368e-02;6.245722e-02;5.467674e-02;9.432190e-02;3.187836e-01;5.503079e-02
1.450886e-01;3.531888e-02;2.523806e-02;2.930697e-02;4.372397e-02;6.160811e-02;1.217758e-01;1.069267e-01;8.843019e-02;9.346145e-02;1.913659e-01;5.775541e-02
1.570919e-01;3.385459e-02;3.297448e-02;2.720664e-02;3.067300e-02;3.300902e-02;1.564444e-01;1.355062e-01;9.138543e-02;6.678429e-02;1.782645e-01;5.680562e-02
1.220151e-01;6.727231e-02;2.868458e-02;1.138160e-02;2.961678e-02;4.694379e-02;1.908682e-01;1.306853e-01;7.333397e-02;8.502489e-02;1.463089e-01;6.786464e-02
1.767876e-01;6.816552e-02;2.909674e-02;2.484834e-02;4.001839e-02;5.326988e-02;1.677518e-01;8.442939e-02;2.254089e-02;8.403730e-02;2.004886e-01;4.856557e-02
1.515887e-01;5.163471e-02;2.617836e-02;1.618704e-02;3.244438e-02;6.875142e-02;1.628422e-01;8.143012e-02;3.610635e-02;5.989910e-02;2.657655e-01;4.717210e-02
1.241844e-01;8.177781e-02;3.621178e-02;3.384167e-02;3.099669e-02;5.904706e-02;1.374141e-01;6.137895e-02;2.678662e-02;1.001820e-01;2.502823e-01;5.789663e-02
1.404398e-01;6.750189e-02;5.198751e-02;5.768088e-02;3.879939e-02;4.099274e-02;1.040064e-01;5.335360e-02;5.673085e-02;1.204574e-01;2.205776e-01;4.747192e-02
1.185663e-01;9.256065e-02;7.322041e-02;5.173640e-02;2.774945e-02;4.869825e-02;1.132341e-01;8.025731e-02;5.384858e-02;9.809077e-02;2.018812e-01;4.015655e-02
9.902251e-02;1.346358e-01;8.478013e-02;7.285117e-02;4.465646e-02;6.208175e-02;1.291384e-01;1.161853e-01;3.286447e-02;8.423044e-02;1.254171e-01;1.413650e-02
1.044460e-01;1.145909e-01;7.911045e-02;6.157115e-02;5.750593e-02;8.441118e-02;1.100855e-01;1.154614e-01;5.248860e-02;1.002367e-01;7.785174e-02;4.224052e-02
1.138386e-01;9.696302e-02;5.334293e-02;6.620664e-02;5.314047e-02;8.226873e-02;1.055076e-01;1.070708e-01;6.261486e-02;1.025676e-01;8.601609e-02;7.046275e-02
8.693787e-02;1.195282e-01;6.018545e-02;1.411865e-01;5.238974e-02;4.219253e-02;8.199953e-02;1.074981e-01;8.257315e-02;9.009662e-02;8.202118e-02;5.339116e-02
1.000970e-01;1.261386e-01;8.368438e-02;8.643679e-02;7.649367e-02;3.947762e-02;6.782645e-02;1.239474e-01;7.968723e-02;6.915060e-02;1.123383e-01;3.472203e-02
1.122435e-01;9.564990e-02;5.937701e-02;4.373371e-02;5.495616e-02;6.286412e-02;9.300992e-02;1.346405e-01;7.508657e-02;5.716940e-02;1.265068e-01;8.476232e-02
1.107220e-01;8.515186e-02;4.078230e-02;5.503343e-02;4.904241e-02;9.195267e-02;9.460430e-02;1.224986e-01;7.650273e-02;6.637479e-02;1.050155e-01;1.023194e-01
1.115141e-01;9.866451e-02;4.344924e-02;6.329391e-02;3.397802e-02;8.707746e-02;8.856827e-02;1.262977e-01;9.650907e-02;9.055949e-02;7.086443e-02;8.922380e-02
1.978957e-01;1.787855e-01;4.329569e-02;2.294866e-02;2.665071e-02;7.154238e-02;9.895328e-02;1.074943e-01;5.998522e-02;6.249243e-02;9.561576e-02;3.434036e-02
3.300350e-01;2.332423e-01;3.019012e-02;1.466226e-02;1.900925e-02;6.572309e-02;8.301076e-02;8.484495e-02;2.195285e-02;2.495335e-02;8.550648e-02;6.869607e-03
3.928894e-01;1.866196e-01;1.842066e-02;1.645752e-02;1.696808e-02;5.429377e-02;7.575973e-02;4.721913e-02;1.290091e-02;2.581361e-02;1.333636e-01;1.929398e-02
4.217110e-01;1.296561e-01;1.061849e-02;1.504047e-02;1.395274e-02;3.130982e-02;1.108620e-01;3.609152e-02;7.180604e-03;2.520387e-02;1.723028e-01;2.607065e-02
3.887127e-01;1.614960e-01;1.213689e-02;2.224799e-02;2.493889e-02;3.182079e-02;1.043962e-01;2.323399e-02;5.551349e-03;2.840293e-02;1.752228e-01;2.183948e-02
3.064467e-01;1.105806e-01;1.148531e-02;1.794513e-02;4.170335e-02;5.441237e-02;8.347402e-02;3.165350e-02;1.395697e-02;4.172662e-02;2.678745e-01;1.874099e-02
2.474131e-01;6.164034e-02;1.459354e-02;1.292586e-02;3.548890e-02;6.433475e-02;7.908838e-02;3.608109e-02;2.554403e-02;6.019820e-02;3.432622e-01;1.942963e-02
2.150016e-01;4.623770e-02;2.106176e-02;2.721077e-02;2.126708e-02;4.829220e-02;1.191537e-01;8.237814e-02;5.758910e-02;8.188859e-02;2.658654e-01;1.405399e-02
2.091137e-01;5.322543e-02;4.515815e-02;4.123524e-02;2.694076e-02;4.123841e-02;1.854261e-01;1.128201e-01;8.372478e-02;6.824332e-02;1.200159e-01;1.285808e-02
1.910358e-01;7.101440e-02;6.144033e-02;3.567779e-02;2.228330e-02;4.808688e-02;1.767568e-01;1.035953e-01;7.278329e-02;4.567302e-02;1.521396e-01;1.951350e-02
1.831999e-01;1.032777e-01;6.208796e-02;3.388403e-02;3.426198e-02;5.848220e-02;1.059333e-01;9.491628e-02;8.121934e-02;8.559648e-02;1.334792e-01;2.366162e-02
1.856273e-01;7.306729e-02;7.596187e-02;4.497296e-02;5.200939e-02;6.474215e-02;1.072713e-01;9.995780e-02;8.084691e-02;1.029425e-01;9.071749e-02;2.188301e-02
2.058449e-01;7.698762e-02;6.494302e-02;6.793743e-02;4.216494e-02;5.306597e-02;8.725327e-02;8.196358e-02;7.558194e-02;1.240576e-01;8.769365e-02;3.250599e-02
2.045777e-01;9.131879e-02;3.285748e-02;1.181934e-01;3.923517e-02;7.018800e-02;7.392509e-02;8.781836e-02;6.102280e-02;9.337778e-02;8.050471e-02;4.698071e-02
1.727247e-01;9.798557e-02;6.017850e-02;9.272359e-02;6.500941e-02;7.984947e-02;9.574477e-02;8.747503e-02;6.202708e-02;8.187240e-02;7.862078e-02;2.578870e-02
1.710210e-01;1.015894e-01;5.942176e-02;2.964860e-02;6.449008e-02;7.648821e-02;9.836785e-02;7.889125e-02;8.556870e-02;1.003712e-01;1.015278e-01;3.261420e-02
1.623085e-01;1.161317e-01;4.638635e-02;7.033673e-02;3.419128e-02;6.811963e-02;7.531182e-02;1.159510e-01;6.834699e-02;1.267786e-01;7.138298e-02;4.475436e-02
1.111095e-01;1.170459e-01;4.200552e-02;5.799780e-02;7.387558e-02;5.745852e-02;1.249081e-01;1.280088e-01;8.019326e-02;9.367638e-02;7.175828e-02;4.196244e-02
1.483979e-01;1.844675e-01;3.492702e-02;3.614810e-02;4.971974e-02;3.650964e-02;1.322017e-01;1.486742e-01;6.351382e-02;4.421675e-02;9.234018e-02;2.888344e-02
1.970001e-01;1.804586e-01;2.444216e-02;2.858998e-02;2.780247e-02;2.400060e-02;1.082112e-01;1.990628e-01;5.722503e-02;3.237469e-02;9.124540e-02;2.958699e-02
1.628693e-01;1.265009e-01;2.125388e-02;3.551475e-02;1.583166e-02;1.944237e-02;1.262189e-01;2.332948e-01;6.238583e-02;6.410746e-02;7.092207e-02;6.165808e-02
7.915682e-02;5.592582e-02;2.657099e-02;3.404692e-02;6.234040e-03;3.636849e-02;1.546135e-01;1.985367e-01;7.152739e-02;7.901636e-02;1.772626e-01;8.074046e-02
4.362150e-02;3.225452e-02;2.946166e-02;1.658609e-02;5.428406e-03;6.267085e-02;1.148918e-01;1.048341e-01;6.633061e-02;6.663854e-02;4.018113e-01;5.547058e-02
4.511962e-02;4.810809e-02;1.350165e-02;1.529949e-02;2.278659e-02;6.205301e-02;4.081813e-02;6.480009e-02;3.437002e-02;6.425750e-02;5.506327e-01;3.825308e-02
3.278727e-02;8.293369e-02;1.550169e-02;1.653618e-02;6.021134e-02;3.476964e-02;3.886786e-02;8.423144e-02;3.435144e-02;1.403801e-01;4.216136e-01;3.781574e-02
2.470489e-02;1.063860e-01;1.148238e-02;6.869121e-03;9.099206e-02;2.179309e-02;2.544448e-02;7.820373e-02;7.621759e-02;2.557127e-01;2.501719e-01;5.202205e-02
3.100025e-02;1.066730e-01;6.891593e-03;8.384460e-03;9.162400e-02;1.491832e-02;1.585475e-02;7.075846e-02;1.729250e-01;3.030821e-01;1.280063e-01;4.988172e-02
3.298998e-02;9.066569e-02;6.994600e-03;2.042270e-02;7.411180e-02;1.051315e-02;3.223736e-02;1.034061e-01;2.275046e-01;2.667012e-01;1.046265e-01;2.982630e-02
3.377251e-02;7.120692e-02;2.161005e-02;3.156664e-02;7.773416e-02;1.621156e-02;5.753132e-02;1.132347e-01;1.786874e-01;2.404300e-01;1.265740e-01;3.144074e-02
5.044068e-02;1.005603e-01;6.023015e-02;5.188351e-02;1.078579e-01;3.266494e-02;5.872213e-02;6.071627e-02;1.005469e-01;2.031325e-01;1.457060e-01;2.753873e-02
5.801778e-02;1.252659e-01;4.488744e-02;3.866645e-02;1.135788e-01;4.374557e-02;5.325646e-02;1.186886e-01;7.263900e-02;1.281201e-01;1.868095e-01;1.632440e-02
4.755912e-02;1.012763e-01;3.528614e-02;2.449184e-02;1.088150e-01;6.363842e-02;8.125023e-02;1.885577e-01;7.393620e-02;1.137815e-01;1.540227e-01;7.384884e-03
4.377007e-02;4.929175e-02;2.044598e-02;3.646665e-02;5.162371e-02;5.869010e-02;1.587547e-01;3.360406e-01;7.269852e-02;8.607210e-02;7.824337e-02;7.902529e-03
3.528645e-02;2.756992e-02;8.583316e-03;3.870527e-02;2.996907e-02;3.490845e-02;2.148586e-01;4.124818e-01;6.010001e-02;6.884810e-02;6.356819e-02;5.120895e-03
5.137208e-02;2.173713e-02;6.904548e-03;2.716194e-02;3.495777e-02;3.039260e-02;1.915462e-01;3.057636e-01;3.358999e-02;6.137611e-02;2.294821e-01;5.715939e-03
6.635770e-02;1.583982e-02;7.491953e-03;2.311437e-02;2.311844e-02;4.616817e-02;1.331442e-01;1.513781e-01;1.632811e-02;5.871238e-02;4.501672e-01;8.179480e-03
7.788478e-02;2.245858e-02;1.114383e-02;1.925207e-02;1.965292e-02;5.364621e-02;7.291088e-02;9.198912e-02;1.833495e-02;5.639939e-02;5.498843e-01;6.442988e-03
1.279336e-01;1.978264e-02;1.177114e-02;1.359721e-02;6.115288e-02;4.232253e-02;5.808718e-02;8.374014e-02;3.061705e-02;5.044985e-02;4.922173e-01;8.328495e-03
2.513492e-01;4.378530e-02;7.338173e-03;2.355161e-02;9.989776e-02;1.777081e-02;7.753576e-02;4.918465e-02;2.740666e-02;3.838902e-02;3.472544e-01;1.653673e-02
3.927031e-01;6.323906e-02;3.771846e-03;5.772984e-02;7.030632e-02;1.507365e-02;7.678775e-02;4.123472e-02;1.316915e-02;3.803253e-02;2.054991e-01;2.245286e-02
4.648369e-01;7.605321e-02;3.884125e-03;8.257825e-02;2.438019e-02;2.202341e-02;5.032460e-02;4.308729e-02;2.538893e-02;4.110777e-02;1.504187e-01;1.591658e-02
4.498507e-01;1.084309e-01;1.025981e-02;7.587286e-02;1.374364e-02;1.990073e-02;3.012181e-02;4.683863e-02;4.884711e-02;3.191688e-02;1.541281e-01;1.008882e-02
3.223045e-01;1.561549e-01;2.081103e-02;4.534931e-02;1.585941e-02;1.498380e-02;3.761724e-02;7.897402e-02;5.603141e-02;2.508886e-02;2.193376e-01;7.487869e-03
2.059257e-01;1.578834e-01;2.645591e-02;1.939384e-02;2.894101e-02;2.100743e-02;5.826538e-02;9.083278e-02;5.017119e-02;3.378024e-02;2.932773e-01;1.406583e-02
3.115257e-01;6.592570e-02;3.411637e-02;3.797478e-02;3.167029e-02;2.817909e-02;5.924901e-02;6.889325e-02;4.715761e-02;4.819727e-02;2.241618e-01;4.294907e-02
2.518662e-01;1.065026e-01;3.949802e-02;3.368832e-02;3.259173e-02;4.103090e-02;1.024518e-01;9.891249e-02;4.009034e-02;6.301785e-02;1.299197e-01;6.043003e-02
1.350066e-01;1.077165e-01;3.096175e-02;2.503136e-02;3.512006e-02;5.661735e-02;1.334586e-01;9.490598e-02;5.226644e-02;8.605970e-02;1.884623e-01;5.439345e-02
1.614564e-01;5.591474e-02;1.720852e-02;2.184716e-02;2.615625e-02;5.025505e-02;1.084639e-01;6.571432e-02;5.616413e-02;7.692292e-02;3.262017e-01;3.369495e-02
2.375738e-01;9.476770e-02;1.472796e-02;2.666549e-02;2.053028e-02;2.774311e-02;1.192959e-01;8.067916e-02;3.985560e-02;4.925323e-02;2.522702e-01;3.663753e-02
2.254340e-01;1.163242e-01;1.369560e-02;3.957310e-02;2.702475e-02;3.759478e-02;1.579295e-01;1.251146e-01;5.647708e-02;4.678505e-02;9.419995e-02;5.984750e-02
3.302708e-01;9.515414e-02;1.650889e-02;4.788369e-02;1.437192e-02;3.136853e-02;9.733465e-02;8.114064e-02;6.313540e-02;3.227428e-02;1.516105e-01;3.894664e-02
3.837892e-01;1.333587e-01;1.778907e-02;3.970775e-02;1.777120e-02;2.967575e-02;6.184061e-02;5.026248e-02;5.347227e-02;3.395515e-02;1.482227e-01;3.015508e-02
2.323094e-01;9.844314e-02;2.243820e-02;3.649468e-02;3.139047e-02;4.458149e-02;1.266307e-01;1.109304e-01;5.705235e-02;7.265193e-02;1.348568e-01;3.222037e-02
9.333728e-02;9.578148e-02;2.822950e-02;1.706817e-02;3.373775e-02;7.188223e-02;1.590306e-01;1.462737e-01;7.272468e-02;8.616422e-02;1.266689e-01;6.910153e-02
5.996223e-02;9.059567e-02;2.202599e-02;3.610293e-02;2.948913e-02;7.165190e-02;1.163828e-01;2.137034e-01;8.602999e-02;9.510773e-02;1.283321e-01;5.061611e-02
6.103389e-02;7.912917e-02;1.726147e-02;5.806330e-02;3.992131e-02;5.721689e-02;1.537643e-01;2.080590e-01;8.978843e-02;6.091070e-02;1.433717e-01;3.147990e-02
4.029252e-02;6.502020e-02;2.053989e-02;6.110413e-02;2.213023e-02;6.272570e-02;1.722451e-01;1.998990e-01;9.527705e-02;4.869782e-02;1.859891e-01;2.607922e-02
2.712269e-02;5.571792e-02;1.905703e-02;3.870436e-02;4.438333e-02;6.663364e-02;1.324747e-01;2.224108e-01;8.719876e-02;9.489079e-02;2.009398e-01;1.046620e-02
1.527140e-02;6.010317e-02;8.451737e-03;1.607417e-02;6.632643e-02;3.611599e-02;6.768049e-02;2.139548e-01;9.433352e-02;2.144607e-01;1.790391e-01;2.818847e-02
1.291280e-02;6.083414e-02;9.191421e-03;1.340451e-02;9.231275e-02;2.339169e-02;5.798241e-02;1.477743e-01;5.870645e-02;3.268151e-01;1.634191e-01;3.325529e-02
5.129658e-02;8.458610e-02;1.592672e-02;2.723379e-02;8.642276e-02;4.024673e-02;5.039561e-02;7.939968e-02;9.655748e-02;2.804480e-01;1.590919e-01;2.839461e-02
9.877029e-02;1.138874e-01;2.631343e-02;2.400896e-02;5.573224e-02;6.179745e-02;9.085900e-02;1.086188e-01;9.051475e-02;1.242790e-01;1.839937e-01;2.122496e-02
1.137003e-01;1.458626e-01;3.032794e-02;1.866542e-02;3.261093e-02;7.303327e-02;1.380553e-01;1.135826e-01;7.743383e-02;5.206845e-02;1.721923e-01;3.246712e-02
7.112498e-02;1.263860e-01;3.462468e-02;2.751879e-02;3.730219e-02;6.397294e-02;1.405949e-01;2.447961e-01;6.016975e-02;5.600944e-02;1.101459e-01;2.735426e-02
4.588368e-02;1.034981e-01;3.633808e-02;6.078108e-02;3.152077e-02;3.648023e-02;1.369320e-01;3.506127e-01;9.034315e-02;4.830028e-02;4.306153e-02;1.624840e-02
6.453271e-02;5.741294e-02;2.451507e-02;7.869884e-02;2.510273e-02;4.406316e-02;1.649701e-01;3.032501e-01;6.704264e-02;5.393092e-02;1.108173e-01;5.663550e-03
4.997652e-02;4.031190e-02;2.701488e-02;7.398097e-02;3.219001e-02;5.127736e-02;2.179004e-01;2.430242e-01;6.583890e-02;8.462927e-02;1.034650e-01;1.039052e-02
3.578063e-02;5.998946e-02;2.132806e-02;3.021890e-02;5.758885e-02;5.181406e-02;1.803232e-01;9.167925e-02;6.558273e-02;1.144772e-01;2.730703e-01;1.814733e-02
3.678180e-02;5.744682e-02;1.808498e-02;2.340031e-02;6.342724e-02;3.848968e-02;8.581971e-02;1.561874e-01;3.765366e-02;9.009360e-02;3.805444e-01;1.207042e-02
4.840391e-02;5.410967e-02;2.059862e-02;4.150695e-02;4.301240e-02;3.445745e-02;6.505836e-02;1.339417e-01;2.022805e-02;6.408835e-02;4.646822e-01;9.912330e-03
6.718853e-02;5.268295e-02;2.115860e-02;4.629990e-02;4.994329e-02;2.695819e-02;6.503176e-02;1.061829e-01;1.328904e-02;4.676272e-02;4.893513e-01;1.515078e-02
6.569005e-02;5.473922e-02;1.278782e-02;4.291533e-02;5.003466e-02;3.418170e-02;5.187282e-02;1.120966e-01;9.123079e-03;5.023123e-02;4.897525e-01;2.657504e-02
3.969318e-02;4.355327e-02;4.593978e-02;4.688529e-02;3.071313e-02;7.670730e-02;3.871403e-02;1.063747e-01;7.753112e-03;4.892933e-02;4.966136e-01;1.812335e-02
2.733589e-02;3.120086e-02;4.217600e-02;4.795287e-02;2.284947e-02;1.880975e-01;4.265048e-02;8.896755e-02;7.869790e-03;3.943479e-02;4.521093e-01;9.355539e-03
2.840303e-02;2.656705e-02;9.612354e-03;2.501944e-02;2.449755e-02;2.851866e-01;7.059299e-02;7.215125e-02;8.323262e-03;3.489717e-02;4.102160e-01;4.533224e-03
2.984422e-02;1.966144e-02;2.634236e-02;1.323356e-02;3.301070e-02;2.766785e-01;7.133754e-02;6.325034e-02;1.159968e-02;3.613054e-02;4.153681e-01;3.543017e-03
4.541992e-02;2.602755e-02;3.676911e-02;1.691006e-02;3.074758e-02;2.213766e-01;5.747576e-02;5.767585e-02;2.737926e-02;4.079756e-02;4.362511e-01;3.169705e-03
6.977969e-02;4.237237e-02;2.906868e-02;2.364236e-02;3.529909e-02;1.576515e-01;9.056969e-02;9.938971e-02;3.655680e-02;3.924957e-02;3.673420e-01;9.078506e-03
5.141685e-02;5.456306e-02;1.751982e-02;2.896669e-02;4.190794e-02;1.263719e-01;1.687542e-01;2.054675e-01;2.668076e-02;3.775357e-02;2.344110e-01;6.186762e-03
8.024550e-02;5.090025e-02;2.655405e-02;1.947783e-02;3.154602e-02;1.064500e-01;2.360792e-01;2.795646e-01;3.872954e-02;2.884971e-02;9.563936e-02;5.963827e-03
9.364454e-02;2.578350e-02;2.786720e-02;1.826552e-02;3.197178e-02;1.272453e-01;2.668936e-01;2.292570e-01;3.611099e-02;2.748002e-02;1.129264e-01;2.554029e-03
4.794529e-02;2.416674e-02;2.434893e-02;1.805945e-02;4.633636e-02;1.798692e-01;2.117461e-01;1.961877e-01;2.119134e-02;2.851615e-02;1.935412e-01;8.091556e-03
5.794401e-02;3.804239e-02;2.311130e-02;2.045085e-02;3.577837e-02;2.023383e-01;1.222639e-01;1.472227e-01;1.192273e-02;3.568159e-02;2.960748e-01;9.169055e-03
7.802894e-02;6.231639e-02;2.259871e-02;3.024793e-02;3.462559e-02;1.818647e-01;1.235864e-01;8.725170e-02;1.974928e-02;3.222453e-02;3.157544e-01;1.175151e-02
7.113517e-02;5.311313e-02;5.015003e-02;6.228616e-02;6.320088e-02;6.408153e-02;1.257633e-01;1.303927e-01;5.561230e-02;5.352534e-02;2.334696e-01;3.726977e-02
4.706763e-02;7.513829e-02;6.514055e-02;8.038183e-02;9.308815e-02;8.117458e-02;9.462901e-02;1.500788e-01;7.375108e-02;6.236255e-02;1.313602e-01;4.582735e-02
7.344118e-02;1.132853e-01;5.653274e-02;5.482303e-02;9.691661e-02;7.554691e-02;9.105118e-02;1.533576e-01;6.452305e-02;6.172407e-02;1.154883e-01;4.331001e-02
1.757162e-01;1.841315e-01;3.715145e-02;3.323931e-02;5.849698e-02;4.823720e-02;1.135047e-01;1.606648e-01;3.426484e-02;6.010701e-02;4.887583e-02;4.561018e-02
2.168035e-01;1.606535e-01;2.400763e-02;3.322437e-02;1.507358e-02;4.191859e-02;1.670045e-01;1.126072e-01;2.413810e-02;4.359108e-02;1.238243e-01;3.715379e-02
2.100389e-01;1.102255e-01;1.395702e-02;3.649299e-02;5.207696e-03;3.469979e-02;2.352882e-01;8.465769e-02;1.519287e-02;3.787686e-02;1.654400e-01;5.092250e-02
1.731558e-01;6.845528e-02;7.723872e-03;4.640558e-02;3.843670e-03;2.386221e-02;3.410788e-01;6.305116e-02;6.930859e-03;4.001745e-02;1.491308e-01;7.634446e-02
