8.585494e-02;7.538511e-02;1.322546e-01;6.981803e-02;7.021214e-02;4.391067e-02;1.555813e-01;6.038459e-02;6.089125e-02;6.265256e-02;1.358504e-01;4.720439e-02
8.467038e-02;7.426441e-02;1.200143e-01;6.269026e-02;7.999906e-02;5.513221e-02;1.410964e-01;8.764638e-02;8.381355e-02;5.740437e-02;9.506686e-02;5.820190e-02
8.634178e-02;6.316841e-02;1.252829e-01;5.713132e-02;8.544558e-02;4.529756e-02;9.713630e-02;9.919525e-02;1.269801e-01;4.637807e-02;8.177397e-02;8.586869e-02
9.992257e-02;5.845145e-02;1.121743e-01;4.772286e-02;8.892855e-02;4.648921e-02;1.085514e-01;5.862878e-02;1.597823e-01;8.134405e-02;5.696471e-02;8.103985e-02
8.087334e-02;7.998179e-02;7.587381e-02;3.248622e-02;6.753980e-02;5.513913e-02;1.805907e-01;3.865616e-02;1.238726e-01;9.376232e-02;9.063691e-02;8.058721e-02
4.828973e-02;8.293909e-02;1.351839e-01;3.775044e-02;4.873226e-02;5.681306e-02;9.989937e-02;6.200226e-02;1.119155e-01;8.128728e-02;1.322898e-01;1.028973e-01
6.202705e-02;6.963480e-02;1.305221e-01;6.426208e-02;3.853777e-02;3.386037e-02;1.079066e-01;1.167678e-01;1.100450e-01;7.537737e-02;1.259388e-01;6.512028e-02
7.717912e-02;7.066453e-02;1.405003e-01;7.991818e-02;3.495913e-02;3.603190e-02;1.467013e-01;1.241946e-01;6.432731e-02;6.341787e-02;1.339732e-01;2.813258e-02
9.128253e-02;5.108902e-02;1.928996e-01;7.363258e-02;4.327603e-02;5.029561e-02;1.828102e-01;8.044574e-02;3.391535e-02;7.228838e-02;1.006885e-01;2.737634e-02
9.423648e-02;4.916087e-02;2.251599e-01;5.103784e-02;5.305834e-02;6.314770e-02;1.868934e-01;5.945400e-02;4.567054e-02;8.454099e-02;5.558519e-02;3.205467e-02
9.002346e-02;7.398077e-02;2.155117e-01;3.896427e-02;5.171225e-02;8.892750e-02;1.750215e-01;6.774934e-02;4.708431e-02;7.018296e-02;4.340619e-02;3.743575e-02
1.021047e-01;9.261507e-02;1.591604e-01;4.083518e-02;4.447657e-02;1.100398e-01;2.059336e-01;4.501539e-02;8.270223e-02;3.715070e-02;3.656004e-02;4.340633e-02
8.625088e-02;5.952750e-02;1.390861e-01;3.352771e-02;3.217340e-02;8.652263e-02;3.309115e-01;5.156197e-02;7.888286e-02;2.708459e-02;4.564190e-02;2.882899e-02
5.521590e-02;5.181778e-02;1.097314e-01;5.243741e-02;3.514950e-02;5.187212e-02;3.890423e-01;5.874453e-02;6.892081e-02;4.729021e-02;5.140945e-02;2.836858e-02
4.811346e-02;6.646338e-02;1.345297e-01;3.790643e-02;4.712901e-02;4.702585e-02;3.665912e-01;6.851049e-02;6.377134e-02;5.301930e-02;3.892025e-02;2.801951e-02
5.916689e-02;9.645223e-02;1.149507e-01;2.428613e-02;6.075701e-02;5.529344e-02;2.580625e-01;3.533474e-02;1.135040e-01;6.697621e-02;7.610650e-02;3.910961e-02
1.486112e-01;1.217669e-01;1.699497e-01;7.310536e-02;8.282387e-02;1.533420e-02;1.081508e-01;1.406350e-02;8.502017e-02;4.537201e-02;7.951364e-02;5.628859e-02
1.800882e-01;1.069738e-01;1.844155e-01;7.981481e-02;9.912114e-02;4.149114e-02;6.553536e-02;2.314769e-02;1.658169e-02;4.079400e-02;5.173955e-02;1.102971e-01
1.565361e-01;4.336379e-02;2.326694e-01;3.363746e-02;1.180954e-01;6.062118e-02;6.191054e-02;3.363997e-02;5.280268e-02;3.818543e-02;3.561613e-02;1.329220e-01
1.289428e-01;6.053835e-02;2.231684e-01;9.891548e-02;1.268446e-01;5.532889e-02;4.031918e-02;5.439012e-02;5.050781e-02;2.269029e-02;4.215419e-02;9.619989e-02
8.063345e-02;7.726049e-02;2.038047e-01;1.749098e-01;1.524770e-01;3.608117e-02;2.711751e-02;7.582566e-02;1.194238e-02;3.494336e-02;6.909578e-02;5.590870e-02
2.977963e-02;7.114968e-02;1.301046e-01;1.768459e-01;2.091863e-01;3.266132e-02;3.080214e-02;7.761031e-02;8.266412e-02;2.877827e-02;5.606784e-02;7.434985e-02
3.043556e-02;4.466420e-02;6.417970e-02;1.163867e-01;2.726740e-01;4.240375e-02;3.838951e-02;6.185686e-02;1.763955e-01;1.865370e-02;2.977297e-02;1.041876e-01
3.905087e-02;1.985515e-02;6.426306e-02;6.271763e-02;2.587842e-01;7.035045e-02;4.411938e-02;4.961342e-02;2.564297e-01;1.594927e-02;1.756086e-02;1.013060e-01
8.908284e-02;1.812619e-02;7.383580e-02;3.240474e-02;2.042617e-01;1.167583e-01;4.336910e-02;4.395666e-02;2.652593e-01;3.632314e-02;6.428083e-03;7.019413e-02
1.557583e-01;2.971829e-02;5.752551e-02;3.244523e-02;1.424870e-01;2.026240e-01;5.339168e-02;4.647334e-02;1.716173e-01;6.784733e-02;6.601655e-03;3.351033e-02
2.002265e-01;4.964685e-02;3.221775e-02;5.186846e-02;8.697189e-02;2.389816e-01;1.041985e-01;4.363255e-02;7.500911e-02;8.451109e-02;6.143248e-03;2.659245e-02
2.136974e-01;7.774363e-02;2.271916e-02;5.966398e-02;5.676924e-02;2.254682e-01;1.452971e-01;3.336623e-02;3.492947e-02;8.902773e-02;1.258377e-02;2.873413e-02
1.948850e-01;8.833981e-02;5.430182e-02;5.498111e-02;6.949761e-02;1.880042e-01;1.247084e-01;4.656532e-02;1.550517e-02;9.882030e-02;2.314286e-02;4.124850e-02
2.150348e-01;1.086334e-01;6.811167e-02;3.541343e-02;4.662234e-02;1.319463e-01;1.233888e-01;5.101402e-02;4.668679e-02;1.142115e-01;2.592467e-02;3.301217e-02
2.200170e-01;1.813020e-01;9.784340e-02;3.769334e-02;2.144931e-02;6.616420e-02;1.579707e-01;3.491823e-02;3.155650e-02;8.894343e-02;3.522576e-02;2.691620e-02
2.231428e-01;2.413896e-01;8.852781e-02;2.468481e-02;2.568600e-02;5.069491e-02;1.907652e-01;1.848035e-02;1.974636e-02;5.486712e-02;4.217336e-02;1.984170e-02
2.390031e-01;2.598582e-01;5.747065e-02;2.090732e-02;2.599669e-02;6.116434e-02;1.993027e-01;1.700208e-02;1.737868e-02;4.432619e-02;4.594314e-02;1.164693e-02
2.834666e-01;2.182557e-01;5.850873e-02;3.906596e-02;2.698256e-02;8.307166e-02;1.512122e-01;1.061282e-02;1.521606e-02;6.413572e-02;3.062640e-02;1.884567e-02
2.800367e-01;1.693728e-01;7.969894e-02;4.340206e-02;4.903004e-02;9.725572e-02;8.460742e-02;1.355980e-02;3.983423e-02;6.757525e-02;2.458104e-02;5.104611e-02
1.667022e-01;1.393204e-01;1.153295e-01;4.445939e-02;9.037231e-02;9.422809e-02;3.863629e-02;2.849224e-02;9.205640e-02;4.623007e-02;3.470378e-02;1.094695e-01
1.016598e-01;1.325206e-01;1.302904e-01;6.094354e-02;9.588411e-02;5.721717e-02;4.637432e-02;3.988007e-02;9.312173e-02;3.280558e-02;9.449119e-02;1.148115e-01
1.021243e-01;1.471245e-01;1.259546e-01;7.509409e-02;1.000635e-01;3.088330e-02;6.344503e-02;7.108250e-02;5.119374e-02;4.544255e-02;9.217483e-02;9.541705e-02
2.868059e-02;1.324751e-01;1.015671e-01;7.945017e-02;1.382013e-01;4.653702e-02;6.670227e-02;1.041680e-01;7.379935e-02;4.397433e-02;8.822629e-02;9.621854e-02
8.120894e-02;7.613985e-02;6.504028e-02;5.917035e-02;1.366334e-01;4.428811e-02;5.979825e-02;9.656753e-02;1.436872e-01;1.753165e-02;7.613326e-02;1.438011e-01
8.163822e-02;5.357396e-02;5.792421e-02;4.653580e-02;1.222412e-01;4.376585e-02;6.253900e-02;5.624589e-02;2.375108e-01;2.260335e-02;2.762733e-02;1.877944e-01
1.050725e-01;4.501058e-02;6.041221e-02;3.180607e-02;1.079691e-01;4.480379e-02;6.121173e-02;2.537538e-02;2.719104e-01;1.700435e-02;2.272397e-02;2.066999e-01
1.201461e-01;3.554971e-02;5.621416e-02;2.250673e-02;1.058739e-01;4.156819e-02;5.204407e-02;1.136795e-02;2.923955e-01;1.410084e-02;2.352846e-02;2.247044e-01
1.355525e-01;2.421086e-02;6.246174e-02;1.943541e-02;1.079651e-01;4.278371e-02;4.678858e-02;1.395095e-02;2.865739e-01;1.040645e-02;2.833760e-02;2.215332e-01
1.170141e-01;2.211509e-02;8.090182e-02;3.554416e-02;1.189126e-01;3.987011e-02;4.705292e-02;5.942048e-02;2.374816e-01;9.222315e-03;3.573976e-02;1.967251e-01
8.710252e-02;2.504187e-02;1.260974e-01;5.897115e-02;1.114202e-01;3.276557e-02;5.852634e-02;1.290566e-01;1.484622e-01;1.372580e-02;6.796582e-02;1.408646e-01
5.997721e-02;2.372935e-02;1.954476e-01;7.566782e-02;7.790414e-02;2.911515e-02;1.014331e-01;1.378021e-01;9.961314e-02;3.265388e-02;8.758254e-02;7.907392e-02
5.182767e-02;2.116682e-02;2.667702e-01;8.630726e-02;5.526029e-02;3.122672e-02;1.324414e-01;8.789986e-02;7.889713e-02;4.321092e-02;8.890292e-02;5.608881e-02
4.244353e-02;2.689203e-02;2.892419e-01;9.177455e-02;4.149859e-02;3.894863e-02;1.740138e-01;7.141957e-02;4.966142e-02;5.092856e-02;5.512567e-02;6.805178e-02
5.960893e-02;2.005622e-02;2.212647e-01;7.432143e-02;3.732371e-02;3.426622e-02;1.859854e-01;1.414467e-01;5.822291e-02;3.411106e-02;5.234352e-02;8.104926e-02
6.522183e-02;3.820189e-02;2.484990e-01;3.576697e-02;6.497603e-02;3.537687e-02;1.323962e-01;8.630670e-02;7.552279e-02;5.070497e-02;5.994980e-02;1.070770e-01
7.213590e-02;3.472140e-02;2.266388e-01;7.394631e-02;7.675232e-02;4.404565e-02;9.873995e-02;5.669155e-02;6.797199e-02;6.435574e-02;6.277037e-02;1.212300e-01
7.155889e-02;3.474892e-02;1.635943e-01;6.639702e-02;6.223889e-02;5.077259e-02;1.374150e-01;1.263506e-01;1.144509e-01;4.248837e-02;2.923032e-02;1.007543e-01
8.045677e-02;4.233309e-02;1.379771e-01;3.741714e-02;6.063734e-02;3.292069e-02;1.225526e-01;1.731221e-01;1.702100e-01;2.738289e-02;4.127626e-02;7.371406e-02
7.951542e-02;3.367079e-02;1.047985e-01;5.906744e-02;8.151921e-02;3.697769e-02;1.069830e-01;1.225760e-01;2.229753e-01;3.420438e-02;4.866869e-02;6.904367e-02
9.103098e-02;7.068323e-02;1.397252e-01;7.912861e-02;6.260419e-02;5.145651e-02;1.188297e-01;8.070424e-02;1.692041e-01;6.986659e-02;3.731195e-02;2.945468e-02
9.485324e-02;5.297801e-02;2.342730e-01;5.594958e-02;6.892544e-02;4.421001e-02;1.625372e-01;3.997453e-02;8.381437e-02;7.879328e-02;3.662924e-02;4.706215e-02
9.411349e-02;6.791072e-02;2.256720e-01;5.814992e-02;5.267089e-02;3.849731e-02;1.527527e-01;4.144029e-02;8.270641e-02;8.124819e-02;4.186260e-02;6.297549e-02
7.635835e-02;7.134602e-02;2.527413e-01;9.203497e-02;3.072682e-02;3.313131e-02;1.394862e-01;6.700896e-02;7.995542e-02;6.781161e-02;3.562597e-02;5.377306e-02
6.674663e-02;7.125027e-02;2.919756e-01;9.020995e-02;3.239438e-02;3.870756e-02;1.709037e-01;6.495462e-02;5.834288e-02;4.348113e-02;3.359386e-02;3.743938e-02
5.938347e-02;1.167918e-01;2.999119e-01;6.835710e-02;4.303956e-02;4.784375e-02;2.088646e-01;3.879323e-02;3.394911e-02;2.437811e-02;3.935792e-02;1.932945e-02
5.545178e-02;1.865003e-01;2.562691e-01;3.151314e-02;6.126356e-02;5.155319e-02;2.561837e-01;2.187494e-02;1.773028e-02;8.094435e-03;4.694251e-02;6.623124e-03
8.605003e-02;2.231175e-01;1.914785e-01;9.908765e-03;5.469687e-02;4.154776e-02;2.802724e-01;3.232348e-02;1.961385e-02;9.830722e-03;4.613065e-02;5.029595e-03
1.491000e-01;2.006250e-01;1.581984e-01;1.510741e-02;4.025044e-02;3.673216e-02;2.577025e-01;4.323558e-02;2.140435e-02;1.765890e-02;4.526012e-02;1.472508e-02
2.018625e-01;1.435006e-01;1.262519e-01;4.444362e-02;4.590880e-02;7.285124e-02;1.685617e-01;5.610694e-02;2.637976e-02;2.735263e-02;5.360791e-02;3.317242e-02
9.157310e-02;1.335828e-01;1.914115e-01;6.530026e-02;3.961210e-02;4.790868e-02;2.303122e-01;6.438510e-02;2.618295e-02;1.972625e-02;5.707039e-02;3.293474e-02
6.161849e-02;1.488386e-01;2.435361e-01;5.660917e-02;4.882710e-02;1.697291e-02;2.420935e-01;7.471848e-02;2.444792e-02;1.484464e-02;5.247301e-02;1.502005e-02
5.900831e-02;1.651858e-01;2.055431e-01;4.481328e-02;4.658840e-02;1.810771e-02;2.681327e-01;7.343836e-02;3.047841e-02;1.674886e-02;6.039208e-02;1.156289e-02
9.380963e-02;1.769440e-01;1.090410e-01;3.253583e-02;3.802430e-02;4.486716e-02;3.001277e-01;5.922987e-02;3.653654e-02;3.163335e-02;5.725921e-02;1.999129e-02
1.563029e-01;1.532521e-01;4.633785e-02;2.890218e-02;3.891932e-02;8.597967e-02;2.571817e-01;5.139950e-02;3.476715e-02;6.035834e-02;5.266940e-02;3.392985e-02
1.624024e-01;1.217098e-01;7.602244e-02;4.388128e-02;5.886751e-02;1.240589e-01;1.423375e-01;3.108195e-02;4.902907e-02;8.026861e-02;6.345607e-02;4.688445e-02
6.066223e-02;1.476819e-01;1.459183e-01;6.325333e-02;7.692309e-02;1.419307e-01;7.823771e-02;3.120934e-02;7.834211e-02;6.074436e-02;5.631471e-02;5.878214e-02
1.473679e-01;1.633627e-01;1.378793e-01;4.507022e-02;5.493036e-02;9.708662e-02;8.609528e-02;5.783405e-02;5.990095e-02;3.739693e-02;6.253263e-02;5.054310e-02
8.063200e-02;1.470888e-01;1.933254e-01;3.880213e-02;4.513941e-02;5.984660e-02;1.871208e-01;7.891151e-02;2.425422e-02;6.049652e-02;4.986883e-02;3.451372e-02
5.367412e-02;8.601738e-02;1.329539e-01;4.519311e-02;5.650511e-02;7.733383e-02;2.552955e-01;6.726535e-02;5.431659e-02;5.646567e-02;6.205996e-02;5.291948e-02
7.602812e-02;3.481977e-02;1.615204e-01;1.043248e-01;9.907553e-02;7.363189e-02;1.267231e-01;3.203182e-02;4.908311e-02;1.110004e-01;6.424623e-02;6.751479e-02
7.635787e-02;3.887571e-02;1.763133e-01;1.184607e-01;8.810270e-02;8.223718e-02;1.240140e-01;3.970401e-02;4.811731e-02;9.689062e-02;3.870478e-02;7.222185e-02
8.307602e-02;7.921953e-02;1.687985e-01;8.464393e-02;7.295049e-02;6.201216e-02;1.219253e-01;6.416133e-02;7.433721e-02;5.159401e-02;5.438418e-02;8.289739e-02
5.780201e-02;8.684157e-02;2.044091e-01;6.108578e-02;5.793601e-02;4.311698e-02;1.412233e-01;1.016042e-01;5.846604e-02;4.839944e-02;6.233301e-02;7.678262e-02
3.070183e-02;9.970596e-02;1.957709e-01;4.750053e-02;4.178154e-02;5.179552e-02;2.013041e-01;9.563538e-02;4.856962e-02;5.528076e-02;7.974309e-02;5.221071e-02
7.811359e-02;1.040705e-01;1.246010e-01;4.784523e-02;4.157513e-02;8.179133e-02;2.327946e-01;6.199243e-02;3.635852e-02;6.620653e-02;7.317065e-02;5.148054e-02
1.413200e-01;8.520145e-02;5.159960e-02;5.745411e-02;5.470369e-02;1.416177e-01;2.037892e-01;4.460725e-02;1.557026e-02;9.118349e-02;4.466163e-02;6.829156e-02
1.937703e-01;5.136034e-02;2.437606e-02;5.956958e-02;8.178914e-02;2.105662e-01;1.056168e-01;3.600472e-02;3.306401e-02;1.028766e-01;2.399249e-02;7.701369e-02
1.683036e-01;3.116942e-02;5.462676e-02;4.975545e-02;1.225525e-01;2.232665e-01;9.257880e-02;1.462711e-02;5.534213e-02;8.122439e-02;2.827872e-02;7.827460e-02
1.007630e-01;2.037244e-02;1.341655e-01;6.494350e-02;1.446789e-01;1.610905e-01;9.394927e-02;1.666986e-02;7.754041e-02;6.309089e-02;4.619513e-02;7.654054e-02
7.340533e-02;2.619249e-02;1.527848e-01;6.563940e-02;1.545192e-01;1.032419e-01;1.544836e-01;1.342442e-02;8.405644e-02;5.390248e-02;3.584351e-02;8.250647e-02
9.794164e-02;2.994293e-02;1.316597e-01;6.023907e-02;1.853769e-01;9.973387e-02;1.474097e-01;1.768094e-02;8.406151e-02;3.644831e-02;1.704069e-02;9.246474e-02
8.188053e-02;1.588357e-02;1.790085e-01;6.269514e-02;2.292876e-01;1.210245e-01;9.719229e-02;1.905691e-02;7.495984e-02;2.246280e-02;1.857358e-02;7.797471e-02
6.922851e-02;2.892824e-02;2.298770e-01;7.497475e-02;2.477214e-01;1.147466e-01;7.506375e-02;1.897324e-02;4.025394e-02;1.280792e-02;2.583685e-02;6.158778e-02
4.940555e-02;3.981688e-02;3.107894e-01;9.539890e-02;2.220882e-01;8.545283e-02;4.991072e-02;3.046514e-02;2.571831e-02;1.296427e-02;3.334296e-02;4.464677e-02
1.764824e-02;4.091300e-02;4.042806e-01;1.181909e-01;1.812145e-01;6.303962e-02;3.081820e-02;3.596068e-02;2.744180e-02;1.464039e-02;3.624433e-02;2.960770e-02
2.170482e-02;2.737080e-02;4.698347e-01;1.342749e-01;1.496813e-01;5.439450e-02;2.346927e-02;3.082356e-02;1.374775e-02;1.993387e-02;3.425634e-02;2.050822e-02
2.318857e-02;1.504776e-02;5.319248e-01;1.205511e-01;1.162106e-01;4.499768e-02;4.489626e-02;2.385886e-02;1.391891e-02;2.468335e-02;3.189448e-02;8.827637e-03
3.027956e-02;8.859513e-03;6.029801e-01;9.754788e-02;8.681554e-02;2.869445e-02;3.415025e-02;2.439979e-02;1.664956e-02;3.441118e-02;2.794650e-02;7.265666e-03
3.139006e-02;1.210512e-02;6.335117e-01;8.260524e-02;7.036244e-02;1.937787e-02;3.854139e-02;2.480507e-02;1.744576e-02;3.950702e-02;2.366847e-02;6.679896e-03
2.080650e-02;1.058180e-02;6.447560e-01;7.077935e-02;5.836324e-02;1.951116e-02;5.232867e-02;2.029775e-02;1.894644e-02;5.020163e-02;2.523939e-02;8.188075e-03
1.593181e-02;2.630228e-02;6.300213e-01;5.594002e-02;4.296872e-02;2.264939e-02;4.989026e-02;2.245170e-02;2.690969e-02;6.934920e-02;2.835515e-02;9.230448e-03
1.546226e-02;4.316054e-02;5.997227e-01;4.500649e-02;2.171301e-02;2.765089e-02;4.815491e-02;3.379790e-02;2.948790e-02;7.960507e-02;4.208846e-02;1.414984e-02
2.231308e-02;5.529513e-02;5.361967e-01;4.844856e-02;2.988579e-02;3.420775e-02;5.742297e-02;3.230861e-02;2.325998e-02;9.321500e-02;5.097562e-02;1.647084e-02
2.912297e-02;5.949293e-02;5.318481e-01;5.296131e-02;3.082096e-02;3.731881e-02;5.132102e-02;2.731174e-02;3.270170e-02;8.974373e-02;4.343120e-02;1.392555e-02
5.214247e-02;5.335176e-02;5.140659e-01;5.793169e-02;4.380454e-02;4.201191e-02;5.176561e-02;2.910514e-02;3.260275e-02;7.675039e-02;3.092163e-02;1.554621e-02
6.854083e-02;2.851235e-02;4.783073e-01;5.537494e-02;4.845071e-02;3.892962e-02;9.318397e-02;3.750711e-02;3.601511e-02;6.328460e-02;2.502653e-02;2.686688e-02
6.410281e-02;4.337912e-02;4.307203e-01;6.267496e-02;6.756373e-02;3.110012e-02;1.038055e-01;4.309440e-02;2.373650e-02;6.134981e-02;3.438517e-02;3.408756e-02
6.925527e-02;5.587483e-02;3.898714e-01;7.138306e-02;7.216100e-02;2.666886e-02;5.929107e-02;5.511169e-02;3.304179e-02;8.802857e-02;4.328545e-02;3.602700e-02
6.575456e-02;3.585933e-02;3.110549e-01;8.768161e-02;9.329053e-02;3.804624e-02;6.322909e-02;6.726950e-02;5.992091e-02;9.788618e-02;5.125123e-02;2.875598e-02
7.065289e-02;2.932179e-02;2.133738e-01;1.018347e-01;1.133405e-01;6.272043e-02;5.553778e-02;9.303343e-02;5.346267e-02;9.038337e-02;5.678335e-02;5.955531e-02
1.041226e-01;3.512637e-02;1.231437e-01;7.378607e-02;1.177225e-01;7.372952e-02;1.464521e-01;6.920455e-02;6.410968e-02;7.238084e-02;4.740890e-02;7.281313e-02
1.291040e-01;8.045314e-02;1.321911e-01;3.337487e-02;7.119199e-02;5.894078e-02;2.969996e-01;4.457252e-02;3.348637e-02;6.311174e-02;2.505699e-02;3.151677e-02
8.910790e-02;9.242810e-02;1.544626e-01;2.087224e-02;3.603038e-02;3.394710e-02;3.905422e-01;6.148928e-02;3.434445e-02;4.470988e-02;2.821394e-02;1.385187e-02
4.670544e-02;6.132313e-02;1.732777e-01;2.937372e-02;3.052088e-02;3.652956e-02;3.928679e-01;9.118242e-02;5.730014e-02;4.141751e-02;1.738482e-02;2.211683e-02
2.900822e-02;3.538199e-02;1.744601e-01;6.873664e-02;3.466687e-02;3.783342e-02;3.287593e-01;9.664205e-02;9.283119e-02;6.037921e-02;1.714629e-02;2.415466e-02
2.335034e-02;1.794014e-02;1.476386e-01;1.423601e-01;3.793992e-02;2.647808e-02;2.354388e-01;7.484081e-02;1.540362e-01;9.986378e-02;2.541997e-02;1.469329e-02
3.668983e-02;1.170688e-02;1.051495e-01;2.312188e-01;3.864828e-02;1.224270e-02;1.199662e-01;6.200418e-02;2.181879e-01;1.291192e-01;2.916939e-02;5.897119e-03
5.004692e-02;9.191571e-03;7.957510e-02;2.658517e-01;4.463153e-02;1.426731e-02;7.850251e-02;5.172158e-02;2.253563e-01;1.462943e-01;2.957562e-02;4.985543e-03
5.644658e-02;1.556664e-02;8.735269e-02;2.154316e-01;7.957982e-02;3.794353e-02;6.784348e-02;3.648653e-02;1.828119e-01;1.699081e-01;4.176389e-02;8.865203e-03
4.231289e-02;3.796378e-02;1.092320e-01;1.356358e-01;1.320280e-01;6.772180e-02;4.156289e-02;2.332536e-02;1.136130e-01;2.164712e-01;5.841243e-02;2.172085e-02
3.559330e-02;6.931391e-02;8.946618e-02;9.434970e-02;1.715526e-01;7.030630e-02;2.671909e-02;2.388129e-02;6.575083e-02;2.377964e-01;7.541203e-02;3.985846e-02
5.749004e-02;6.750847e-02;7.154693e-02;1.100620e-01;1.467854e-01;5.406167e-02;6.460785e-02;2.924655e-02;9.681880e-02;1.879210e-01;7.441612e-02;3.953518e-02
8.569828e-02;4.280396e-02;1.187164e-01;1.219923e-01;9.589230e-02;4.464480e-02;1.019984e-01;3.705721e-02;1.213070e-01;1.282929e-01;6.908061e-02;3.251574e-02
7.302753e-02;3.507806e-02;1.900211e-01;1.369199e-01;5.508455e-02;3.704894e-02;1.275680e-01;2.981266e-02;1.290427e-01;8.801861e-02;6.012522e-02;3.825274e-02
7.164309e-02;4.318291e-02;2.160941e-01;1.335064e-01;4.905090e-02;3.377374e-02;9.110717e-02;2.452606e-02;1.047344e-01;1.278678e-01;5.480052e-02;4.971290e-02
8.441245e-02;4.146674e-02;1.175126e-01;1.527648e-01;9.138364e-02;4.308906e-02;6.164227e-02;4.539416e-02;9.904942e-02;1.539494e-01;5.164853e-02;5.768693e-02
1.186665e-01;2.769462e-02;1.309629e-01;1.798360e-01;9.531777e-02;4.266874e-02;2.371134e-02;3.709401e-02;1.042282e-01;1.383761e-01;4.930722e-02;5.213661e-02
1.260084e-01;4.472444e-02;1.878856e-01;1.826517e-01;7.222737e-02;4.615824e-02;4.928274e-02;2.843196e-02;6.700231e-02;1.025958e-01;4.402428e-02;4.900718e-02
9.358979e-02;4.678394e-02;1.823007e-01;1.749038e-01;9.887113e-02;4.320113e-02;7.421929e-02;2.882641e-02;9.884545e-02;7.605164e-02;5.344307e-02;2.896369e-02
8.338667e-02;4.676943e-02;1.426034e-01;1.429875e-01;1.130361e-01;5.331560e-02;7.402498e-02;6.330418e-02;1.098585e-01;7.946418e-02;4.708630e-02;4.416331e-02
8.063857e-02;6.958307e-02;1.346087e-01;8.496573e-02;8.382995e-02;8.268793e-02;1.377602e-01;8.157224e-02;6.883746e-02;6.703539e-02;5.158252e-02;5.689826e-02
8.056517e-02;5.305381e-02;1.434100e-01;8.809780e-02;7.190997e-02;8.733143e-02;1.458029e-01;7.276981e-02;9.183101e-02;6.717036e-02;4.796177e-02;5.009592e-02
8.857108e-02;7.644985e-02;1.636631e-01;7.324626e-02;5.564493e-02;6.576615e-02;1.921239e-01;5.904404e-02;8.862851e-02;5.723358e-02;3.321861e-02;4.640995e-02
8.066510e-02;6.591965e-02;1.959360e-01;5.140781e-02;3.347053e-02;4.386815e-02;2.459700e-01;7.679725e-02;7.608416e-02;5.349907e-02;3.565854e-02;4.072374e-02
4.099610e-02;4.218054e-02;1.986356e-01;4.038417e-02;2.021786e-02;3.326464e-02;3.374353e-01;1.023637e-01;7.681768e-02;4.614266e-02;2.814190e-02;3.341980e-02
1.120934e-02;3.234683e-02;1.850496e-01;3.071376e-02;2.467154e-02;3.425437e-02;4.347419e-01;1.072604e-01;6.467696e-02;3.145121e-02;1.707791e-02;2.654629e-02
1.714330e-02;2.859912e-02;1.778861e-01;2.024570e-02;2.451705e-02;2.570681e-02;4.873244e-01;9.374622e-02;5.831780e-02;2.523500e-02;1.341198e-02;2.786649e-02
2.225439e-02;2.541175e-02;1.516581e-01;2.226893e-02;2.498162e-02;2.205017e-02;5.059891e-01;8.686956e-02;5.830649e-02;3.337752e-02;1.295003e-02;3.388237e-02
4.293874e-02;5.324867e-02;9.109339e-02;2.748783e-02;4.427570e-02;4.282686e-02;4.979542e-01;6.865176e-02;5.273956e-02;3.187752e-02;1.947649e-02;2.742926e-02
5.881026e-02;5.974497e-02;6.999888e-02;2.692976e-02;6.244456e-02;5.451752e-02;4.322448e-01;7.117596e-02;6.763563e-02;5.443675e-02;1.886578e-02;2.319508e-02
4.645084e-02;5.319223e-02;1.070429e-01;2.955407e-02;7.535063e-02;5.216208e-02;2.675773e-01;9.709086e-02;1.444260e-01;8.413265e-02;1.287149e-02;3.014896e-02
4.153380e-02;3.887143e-02;1.287983e-01;3.731363e-02;7.726530e-02;6.754898e-02;1.898800e-01;1.041126e-01;1.850716e-01;7.192970e-02;2.105473e-02;3.661988e-02
4.985606e-02;5.542994e-02;1.605070e-01;5.768704e-02;7.727615e-02;4.853871e-02;1.454694e-01;9.005897e-02;1.437535e-01;9.903280e-02;2.332297e-02;4.906747e-02
3.440175e-02;5.466037e-02;1.694717e-01;7.835303e-02;6.301754e-02;5.694393e-02;1.272779e-01;9.777915e-02;1.561819e-01;8.402769e-02;1.632125e-02;6.156384e-02
6.163867e-02;8.981339e-02;1.280251e-01;8.615685e-02;5.373549e-02;6.520274e-02;1.442565e-01;5.594075e-02;1.307391e-01;8.933171e-02;3.729111e-02;5.786861e-02
1.065812e-01;9.673774e-02;9.159295e-02;6.305041e-02;5.804336e-02;7.361391e-02;1.301519e-01;5.727876e-02;1.113904e-01;9.923080e-02;6.663155e-02;4.569710e-02
1.135167e-01;5.952987e-02;7.895443e-02;6.360132e-02;9.341641e-02;7.325906e-02;8.996249e-02;5.958405e-02;1.752477e-01;8.819525e-02;5.809902e-02;4.663375e-02
1.140115e-01;5.741514e-02;8.359878e-02;7.123231e-02;1.068918e-01;6.571458e-02;1.028241e-01;2.119441e-02;1.577406e-01;9.636331e-02;5.108856e-02;7.192481e-02
1.344771e-01;5.475622e-02;9.917613e-02;1.073873e-01;8.695890e-02;6.483579e-02;1.110862e-01;5.339829e-02;1.036681e-01;7.184097e-02;6.704947e-02;4.536559e-02
9.494199e-02;5.853778e-02;1.445187e-01;1.207008e-01;7.527716e-02;5.142825e-02;8.093924e-02;5.433532e-02;1.061761e-01;9.044117e-02;5.833988e-02;6.436357e-02
1.055501e-01;5.865014e-02;1.789350e-01;8.027080e-02;6.475919e-02;4.800537e-02;1.004926e-01;5.560711e-02;9.991942e-02;7.696604e-02;7.723747e-02;5.360677e-02
8.034746e-02;1.032201e-01;1.959510e-01;6.288265e-02;5.670436e-02;3.000576e-02;1.761107e-01;6.507338e-02;6.364987e-02;3.669119e-02;9.011228e-02;3.925125e-02
5.531794e-02;1.433900e-01;1.731275e-01;4.477831e-02;4.249570e-02;2.495795e-02;2.640813e-01;5.186122e-02;3.812015e-02;3.211371e-02;1.053365e-01;2.441975e-02
7.628568e-02;1.796441e-01;8.976813e-02;2.495073e-02;2.982786e-02;5.131629e-02;3.347880e-01;3.614403e-02;2.344405e-02;3.531673e-02;9.952705e-02;1.898731e-02
1.243557e-01;2.113774e-01;2.345849e-02;1.724807e-02;1.992733e-02;7.204261e-02;3.454603e-01;3.476455e-02;2.059129e-02;3.635176e-02;7.299056e-02;2.143188e-02
1.676836e-01;2.393664e-01;2.752040e-02;1.613979e-02;1.637247e-02;7.272784e-02;3.022020e-01;2.938360e-02;2.401832e-02;3.220134e-02;5.571307e-02;1.667119e-02
1.932152e-01;2.486881e-01;4.138794e-02;1.200713e-02;2.908551e-02;6.056596e-02;2.668275e-01;4.232458e-02;2.613327e-02;2.440273e-02;4.224578e-02;1.311626e-02
1.823604e-01;2.454341e-01;7.137772e-02;1.373265e-02;4.274785e-02;4.582522e-02;2.619677e-01;4.899983e-02;1.867734e-02;1.613965e-02;4.023976e-02;1.249787e-02
1.197266e-01;2.162188e-01;9.527941e-02;2.355783e-02;5.162708e-02;3.595913e-02;3.406849e-01;5.173935e-02;9.874227e-03;1.282972e-02;3.243178e-02;1.007114e-02
7.312958e-02;1.685158e-01;9.893468e-02;3.405482e-02;4.572454e-02;3.430665e-02;4.317566e-01;5.937536e-02;1.184566e-02;9.356912e-03;2.468696e-02;8.312574e-03
5.396049e-02;1.160966e-01;1.142962e-01;4.319283e-02;3.415844e-02;2.625551e-02;4.812283e-01;6.611618e-02;1.446816e-02;1.162138e-02;2.420570e-02;1.440024e-02
3.286249e-02;6.119234e-02;1.314358e-01;4.341671e-02;2.684729e-02;2.560988e-02;5.178556e-01;8.209568e-02;2.111386e-02;1.571774e-02;1.780357e-02;2.404895e-02
2.784671e-02;2.230626e-02;1.443517e-01;3.837630e-02;2.261003e-02;2.240628e-02;5.068332e-01;9.376501e-02;4.174133e-02;3.158343e-02;1.906631e-02;2.911350e-02
1.874720e-02;3.133175e-02;1.767762e-01;3.471654e-02;1.944390e-02;1.702977e-02;4.721542e-01;8.364627e-02;5.325334e-02;4.375391e-02;1.707181e-02;3.207508e-02
2.765726e-02;5.002429e-02;1.836748e-01;4.281686e-02;3.110873e-02;2.319447e-02;4.195888e-01;6.223921e-02;4.977820e-02;5.122682e-02;3.017488e-02;2.851572e-02
4.598716e-02;6.267009e-02;1.577399e-01;4.869741e-02;5.268570e-02;3.056590e-02;3.970993e-01;4.137122e-02;5.991052e-02;5.023540e-02;3.078915e-02;2.224828e-02
5.391200e-02;7.674769e-02;1.432290e-01;6.268915e-02;6.735178e-02;3.660578e-02;3.396305e-01;8.738457e-02;5.207482e-02;3.921436e-02;1.884134e-02;2.231905e-02
5.049926e-02;8.858610e-02;1.501292e-01;4.547124e-02;4.964836e-02;4.546548e-02;2.733440e-01;1.142316e-01;5.602470e-02;6.312947e-02;2.979533e-02;3.367523e-02
9.078354e-02;1.087101e-01;1.127021e-01;8.724647e-02;7.277183e-02;5.312564e-02;1.785520e-01;9.966239e-02;6.130014e-02;7.410451e-02;3.211022e-02;2.893099e-02
7.472098e-02;8.757106e-02;1.594187e-01;7.789110e-02;9.872390e-02;9.878007e-02;9.829335e-02;8.314790e-02;5.736155e-02;6.103059e-02;5.333217e-02;4.972861e-02
6.250086e-02;6.225139e-02;1.828861e-01;5.800502e-02;9.761409e-02;9.430798e-02;1.168907e-01;7.864408e-02;6.263106e-02;6.407802e-02;6.815571e-02;5.203500e-02
8.353514e-02;6.748271e-02;1.907968e-01;4.551036e-02;8.226249e-02;8.307678e-02;7.992283e-02;7.587617e-02;9.897120e-02;7.650083e-02;6.331111e-02;5.275357e-02
7.164443e-02;2.506541e-02;1.787770e-01;7.848618e-02;7.999203e-02;5.655718e-02;1.067759e-01;6.667646e-02;1.327222e-01;9.356530e-02;5.575350e-02;5.398444e-02
7.085960e-02;6.640649e-02;1.836565e-01;7.190878e-02;6.524817e-02;4.002716e-02;1.388074e-01;8.236740e-02;1.043093e-01;6.166891e-02;7.197724e-02;4.276309e-02
6.412149e-02;1.130813e-01;1.593969e-01;5.998771e-02;4.658648e-02;2.880242e-02;2.272104e-01;6.980051e-02;7.375138e-02;3.510981e-02;8.603569e-02;3.611602e-02
7.029811e-02;1.515059e-01;9.310547e-02;4.550819e-02;2.751768e-02;5.337767e-02;3.111168e-01;3.742309e-02;4.427566e-02;5.697599e-02;8.043901e-02;2.845645e-02
1.075796e-01;1.598531e-01;3.095781e-02;4.500756e-02;2.292142e-02;9.817734e-02;3.256491e-01;2.001964e-02;2.225177e-02;8.618898e-02;5.252535e-02;2.886832e-02
1.541399e-01;1.203115e-01;3.809883e-02;6.430771e-02;3.574824e-02;1.434029e-01;2.294141e-01;2.098625e-02;2.496575e-02;1.091511e-01;2.983798e-02;2.963570e-02
1.769787e-01;8.948452e-02;3.372044e-02;7.538708e-02;6.107263e-02;1.744058e-01;1.625274e-01;3.336526e-02;3.113741e-02;1.081419e-01;2.101338e-02;3.276546e-02
1.276247e-01;7.763103e-02;8.486260e-02;7.510487e-02;7.501911e-02;1.734727e-01;1.409141e-01;3.468294e-02;4.004014e-02;8.279178e-02;4.576549e-02;4.209046e-02
1.214833e-01;6.706222e-02;1.303296e-01;4.608077e-02;7.295026e-02;1.632267e-01;1.456197e-01;4.044585e-02;6.942893e-02;6.147176e-02;3.931556e-02;4.258532e-02
1.692123e-01;5.961229e-02;6.984670e-02;3.889801e-02;6.927498e-02;1.794640e-01;1.766675e-01;5.065619e-02;7.509156e-02;6.946065e-02;1.091066e-02;3.090524e-02
1.669677e-01;5.089649e-02;6.276657e-02;4.516333e-02;9.859812e-02;2.035549e-01;1.667753e-01;3.455665e-02;5.803409e-02;7.807917e-02;1.125586e-02;2.335174e-02
1.267114e-01;4.033576e-02;1.133911e-01;4.111327e-02;1.326122e-01;1.893603e-01;1.274202e-01;2.397293e-02;6.636098e-02;7.217641e-02;2.573748e-02;4.080800e-02
7.644650e-02;5.368840e-02;1.703393e-01;4.436258e-02;1.334375e-01;1.535557e-01;1.428752e-01;2.566294e-02;7.568097e-02;5.053683e-02;3.523779e-02;3.817623e-02
1.293478e-01;3.784276e-02;1.462951e-01;5.211708e-02;1.365474e-01;1.329097e-01;1.951978e-01;2.238849e-02;5.021207e-02;2.312969e-02;1.931837e-02;5.469377e-02
1.550204e-01;1.709767e-02;1.501759e-01;2.955239e-02;1.656695e-01;1.282710e-01;1.600569e-01;2.515590e-02;3.589680e-02;2.423846e-02;2.054097e-02;8.832404e-02
1.083931e-01;1.929773e-02;1.447288e-01;3.503848e-02;1.890112e-01;1.084485e-01;1.479001e-01;2.225236e-02;5.303899e-02;2.069683e-02;1.917074e-02;1.320231e-01
8.639812e-02;3.554028e-02;8.675212e-02;5.088192e-02;1.622320e-01;9.051105e-02;1.277602e-01;5.900694e-02;8.529555e-02;4.300432e-02;2.650223e-02;1.461153e-01
7.567041e-02;3.965950e-02;9.186710e-02;7.470648e-02;1.239862e-01;8.359593e-02;1.351424e-01;5.758358e-02;1.463518e-01;4.913804e-02;2.228098e-02;1.000177e-01
6.079971e-02;1.933267e-02;1.087474e-01;9.198353e-02;1.366922e-01;8.810940e-02;9.695125e-02;4.302923e-02;1.998892e-01;4.480881e-02;2.053999e-02;8.911655e-02
5.202221e-02;2.929543e-02;1.100763e-01;7.941646e-02;1.462904e-01;8.363068e-02;7.473033e-02;5.369107e-02;2.336065e-01;2.465018e-02;1.957225e-02;9.301822e-02
4.201308e-02;2.626304e-02;8.738250e-02;5.936820e-02;1.388244e-01;6.433509e-02;1.039688e-01;7.331765e-02;2.573360e-01;1.529016e-02;2.340054e-02;1.085005e-01
2.990294e-02;5.251024e-02;1.203363e-01;5.410206e-02;1.089894e-01;4.542275e-02;9.689482e-02;1.168410e-01;2.011531e-01;2.170160e-02;5.565229e-02;9.649348e-02
4.752290e-02;5.678334e-02;2.103178e-01;9.215262e-02;9.372821e-02;4.739016e-02;8.610155e-02;9.680764e-02;9.508030e-02;4.334630e-02;6.609261e-02;6.467657e-02
3.726027e-02;3.341553e-02;1.631184e-01;1.036757e-01;8.554959e-02;5.757766e-02;8.779743e-02;8.065138e-02;1.627437e-01;8.553465e-02;3.412144e-02;6.855424e-02
2.793545e-02;2.402358e-02;9.431576e-02;7.445467e-02;1.347495e-01;5.877127e-02;9.883477e-02;1.262987e-01;1.616072e-01;4.756911e-02;3.616276e-02;1.152771e-01
1.499911e-02;2.163520e-02;1.046275e-01;5.131562e-02;1.111432e-01;6.760386e-02;1.259359e-01;1.083633e-01;2.192757e-01;2.580398e-02;2.360560e-02;1.256909e-01
5.904379e-02;7.103699e-02;1.544504e-01;9.363276e-02;7.381918e-02;7.559935e-02;8.335634e-02;7.451873e-02;1.240198e-01;4.854766e-02;6.440592e-02;7.756908e-02
8.464750e-02;1.031795e-01;1.731998e-01;1.137130e-01;7.936330e-02;8.062832e-02;9.218889e-02;2.922701e-02;3.953221e-02;6.739091e-02;8.638628e-02;5.054330e-02
9.532417e-02;8.835042e-02;1.487429e-01;1.257080e-01;5.735766e-02;4.900552e-02;9.563998e-02;5.763793e-02;7.636078e-02;7.057322e-02;8.115077e-02;5.414853e-02
8.660784e-02;5.684412e-02;1.204809e-01;9.841819e-02;7.264969e-02;3.599565e-02;1.029364e-01;5.823901e-02;1.298240e-01;7.450440e-02;8.091587e-02;8.258396e-02
8.374635e-02;4.440350e-02;1.223530e-01;7.385291e-02;1.059659e-01;4.936819e-02;9.427754e-02;4.469885e-02;1.531310e-01;5.135247e-02;6.976797e-02;1.070823e-01
6.347204e-02;4.748176e-02;1.231145e-01;6.183810e-02;1.387492e-01;5.494240e-02;7.731402e-02;6.634301e-02;1.698273e-01;2.079246e-02;4.722909e-02;1.288961e-01
6.015297e-02;6.572849e-02;1.340529e-01;1.004427e-01;1.225339e-01;4.671073e-02;5.792248e-02;1.189968e-01;1.191343e-01;2.592863e-02;4.502787e-02;1.033682e-01
5.656879e-02;7.666758e-02;1.762511e-01;1.461294e-01;9.440280e-02;4.521428e-02;3.316367e-02;1.346175e-01;5.621935e-02;2.956466e-02;8.264557e-02;6.855529e-02
3.185443e-02;6.048846e-02;2.530508e-01;1.422395e-01;6.675884e-02;3.837246e-02;1.067121e-01;8.126334e-02;6.425491e-02;3.338495e-02;7.993972e-02;4.168037e-02
3.329349e-02;3.379468e-02;3.464314e-01;1.046680e-01;6.940259e-02;3.708756e-02;1.255182e-01;3.846391e-02;7.919537e-02;3.947498e-02;4.705886e-02;4.561103e-02
2.657681e-02;2.938423e-02;4.366058e-01;1.020513e-01;8.023124e-02;4.857754e-02;3.912611e-02;7.681570e-02;3.334636e-02;3.217696e-02;5.204115e-02;4.306680e-02
2.531412e-02;2.117079e-02;5.051813e-01;1.223348e-01;7.305989e-02;3.255091e-02;5.172069e-02;4.135099e-02;1.770410e-02;3.460832e-02;5.000576e-02;2.499841e-02
2.225989e-02;1.575126e-02;5.723110e-01;1.121218e-01;6.527250e-02;1.796849e-02;6.202248e-02;2.401811e-02;2.180056e-02;3.886941e-02;3.516416e-02;1.244030e-02
2.333398e-02;2.195655e-02;6.009251e-01;8.274246e-02;6.310742e-02;1.615520e-02;9.029628e-02;1.343920e-02;6.461101e-03;5.102210e-02;2.284222e-02;7.718404e-03
3.212804e-02;1.723240e-02;5.796170e-01;6.116363e-02;5.616966e-02;1.259877e-02;1.068150e-01;2.246840e-02;1.928066e-02;5.869763e-02;2.584515e-02;7.983614e-03
3.303407e-02;2.072279e-02;5.459234e-01;5.321383e-02;6.196303e-02;1.549794e-02;1.187855e-01;2.424831e-02;2.358532e-02;5.975242e-02;3.200255e-02;1.127086e-02
3.949704e-02;2.651283e-02;5.483177e-01;5.748413e-02;6.749567e-02;2.158091e-02;1.205624e-01;1.276402e-02;7.126273e-03;6.497137e-02;2.524789e-02;8.439726e-03
4.226121e-02;1.839936e-02;5.250655e-01;6.344929e-02;6.180860e-02;1.860311e-02;1.159013e-01;2.073063e-02;1.835978e-02;6.307025e-02;3.690420e-02;1.544676e-02
5.039147e-02;1.981819e-02;4.785978e-01;7.159562e-02;5.104856e-02;2.736122e-02;1.119952e-01;3.093543e-02;2.526213e-02;6.708814e-02;4.512282e-02;2.078342e-02
6.937099e-02;5.187900e-02;4.260000e-01;6.252714e-02;5.278075e-02;4.562575e-02;7.128444e-02;2.813498e-02;4.705825e-02;6.701526e-02;4.519210e-02;3.313135e-02
7.835062e-02;5.490636e-02;3.073124e-01;5.997311e-02;8.714146e-02;6.438938e-02;9.196535e-02;3.973705e-02;6.371301e-02;4.141583e-02;6.612751e-02;4.496799e-02
5.745348e-02;3.484904e-02;2.103069e-01;7.824386e-02;1.132994e-01;6.873584e-02;1.276376e-01;6.006256e-02;5.241258e-02;7.091551e-02;8.164357e-02;4.443971e-02
5.985530e-02;2.149518e-02;1.128268e-01;6.861202e-02;1.016908e-01;8.041865e-02;2.348419e-01;6.434587e-02;5.746067e-02;9.989145e-02;5.062111e-02;4.794040e-02
5.446022e-02;2.828801e-02;1.639502e-01;3.837113e-02;7.635947e-02;6.584661e-02;1.960733e-01;3.313827e-02;1.377701e-01;9.635457e-02;7.029789e-02;3.909019e-02
5.143963e-02;2.996650e-02;1.422417e-01;5.995644e-02;6.251474e-02;6.264272e-02;1.434265e-01;6.105186e-02;1.572229e-01;7.893273e-02;1.259695e-01;2.463489e-02
5.736147e-02;3.750467e-02;1.419565e-01;4.969419e-02;4.766297e-02;7.496383e-02;1.609112e-01;6.289814e-02;1.029774e-01;8.006559e-02;1.417049e-01;4.229911e-02
4.837259e-02;6.065190e-02;1.790718e-01;3.967187e-02;4.242357e-02;7.117833e-02;1.775963e-01;7.896227e-02;5.508731e-02;7.350110e-02;1.050119e-01;6.847107e-02
5.633887e-02;6.992070e-02;1.749358e-01;3.098446e-02;3.767487e-02;5.601202e-02;2.243583e-01;9.026296e-02;6.870799e-02;6.076305e-02;5.395082e-02;7.609013e-02
6.591527e-02;5.726584e-02;1.205116e-01;3.263474e-02;5.412151e-02;3.557256e-02;2.181348e-01;8.975396e-02;1.228893e-01;5.984187e-02;6.372768e-02;7.963087e-02
4.487059e-02;4.133949e-02;8.367591e-02;2.382665e-02;7.612704e-02;4.213253e-02;1.866274e-01;6.184174e-02;1.307810e-01;1.025504e-01;1.265413e-01;7.968590e-02
3.032062e-02;2.999327e-02;1.079691e-01;2.028887e-02;8.150339e-02;2.662274e-02;1.611695e-01;5.610974e-02;1.477572e-01;1.151996e-01;1.358794e-01;8.718657e-02
4.898946e-02;4.553508e-02;8.778188e-02;3.371348e-02;7.314567e-02;4.673963e-02;1.407248e-01;4.833554e-02;1.663775e-01;1.148341e-01;6.330620e-02;1.305166e-01
7.929503e-02;4.855503e-02;7.162904e-02;3.100038e-02;5.335218e-02;3.916425e-02;1.529359e-01;8.998647e-02;1.378506e-01;7.457029e-02;9.417850e-02;1.274823e-01
1.122589e-01;5.379930e-02;6.156996e-02;3.950581e-02;4.796490e-02;2.714167e-02;1.466907e-01;9.547134e-02;1.796552e-01;6.301753e-02;6.212564e-02;1.107992e-01
8.464244e-02;2.706921e-02;8.914792e-02;3.893585e-02;4.088188e-02;2.815286e-02;1.778487e-01;7.707395e-02;1.860932e-01;7.453886e-02;1.020007e-01;7.361446e-02
3.841400e-02;3.019218e-02;1.161065e-01;3.552968e-02;4.783493e-02;4.468633e-02;1.507955e-01;3.635499e-02;1.788425e-01;8.769342e-02;1.484338e-01;8.511610e-02
5.754810e-02;5.261717e-02;1.065245e-01;3.512978e-02;5.626740e-02;3.676509e-02;1.366595e-01;7.592270e-02;1.573450e-01;8.937619e-02;1.112273e-01;8.461722e-02
8.896599e-02;6.329638e-02;1.109288e-01;3.529492e-02;5.068163e-02;4.216007e-02;1.291214e-01;9.386461e-02;1.273907e-01;8.874974e-02;1.088410e-01;6.070479e-02
5.832731e-02;5.927952e-02;1.305335e-01;3.283539e-02;5.512108e-02;6.449796e-02;1.499735e-01;6.693391e-02;1.046054e-01;8.176532e-02;1.077239e-01;8.840314e-02
2.792500e-02;5.512191e-02;1.489487e-01;3.002306e-02;7.985521e-02;7.045992e-02;1.467240e-01;6.400626e-02;1.332134e-01;6.765637e-02;9.489315e-02;8.117304e-02
5.140998e-02;3.248093e-02;1.891744e-01;3.211376e-02;6.939163e-02;5.517716e-02;1.872152e-01;7.400420e-02;1.301133e-01;7.702997e-02;5.339300e-02;4.849648e-02
5.911588e-02;3.075488e-02;9.416273e-02;3.408771e-02;4.740218e-02;3.936110e-02;3.072211e-01;6.863707e-02;9.771925e-02;1.058223e-01;7.277633e-02;4.293934e-02
4.563450e-02;6.505561e-02;1.220933e-01;4.029877e-02;5.893767e-02;4.068539e-02;3.163314e-01;5.633137e-02;5.689352e-02;8.331075e-02;7.132321e-02;4.310451e-02
3.438658e-02;8.031698e-02;1.077090e-01;3.502784e-02;4.495651e-02;3.963147e-02;3.174580e-01;9.270898e-02;6.046657e-02;7.910366e-02;5.714780e-02;5.108659e-02
6.568791e-02;7.046459e-02;1.518446e-01;4.474153e-02;7.582723e-02;5.480183e-02;2.112969e-01;6.754188e-02;5.648355e-02;7.137212e-02;8.713508e-02;4.280277e-02
9.656598e-02;6.781790e-02;1.233446e-01;7.858074e-02;7.490336e-02;8.591002e-02;1.067848e-01;7.532198e-02;7.330436e-02;7.308519e-02;8.464561e-02;5.973537e-02
1.069754e-01;7.231908e-02;1.340299e-01;8.429997e-02;7.205988e-02;8.472133e-02;1.070719e-01;5.608695e-02;6.954172e-02;6.942542e-02;7.041303e-02;7.305545e-02
1.182522e-01;8.012155e-02;1.722912e-01;8.932888e-02;6.512479e-02;8.159692e-02;1.102428e-01;3.029083e-02;5.776358e-02;6.499142e-02;5.769104e-02;7.230476e-02
1.043990e-01;8.663711e-02;1.923098e-01;7.752339e-02;4.315062e-02;6.976785e-02;1.009459e-01;2.269822e-02;9.478626e-02;7.664165e-02;6.192424e-02;6.921591e-02
