1.413753e-01;1.575312e-01;1.512667e-01;4.932370e-02;4.127409e-02;5.905473e-02;6.894246e-02;1.256862e-01;6.062965e-02;3.823867e-02;5.295775e-02;5.371942e-02
7.919024e-02;1.618363e-01;1.933964e-01;6.372326e-02;4.419500e-02;6.378504e-02;8.433741e-02;1.186468e-01;7.923069e-02;3.732908e-02;3.523889e-02;3.909081e-02
4.190433e-02;1.632370e-01;2.262395e-01;6.389431e-02;6.294762e-02;5.483128e-02;4.308709e-02;9.377556e-02;8.499737e-02;4.022433e-02;3.898626e-02;8.587543e-02
5.746964e-02;1.723873e-01;1.881189e-01;7.988497e-02;8.271426e-02;5.991802e-02;4.452363e-02;9.215613e-02;9.009600e-02;4.026714e-02;3.278931e-02;5.967465e-02
5.477174e-02;1.602736e-01;1.672937e-01;7.470059e-02;1.074851e-01;7.566603e-02;6.102316e-02;7.871652e-02;8.184157e-02;3.357096e-02;3.974038e-02;6.491671e-02
6.300166e-02;1.299332e-01;1.375178e-01;5.666276e-02;1.022604e-01;9.005746e-02;5.819030e-02;8.368520e-02;6.414738e-02;6.354384e-02;5.644190e-02;9.455820e-02
6.167085e-02;1.161162e-01;1.533198e-01;6.417212e-02;7.475090e-02;1.154178e-01;4.808018e-02;8.551555e-02;3.980392e-02;8.380884e-02;8.476793e-02;7.257591e-02
5.974639e-02;1.167845e-01;2.492070e-01;7.663483e-02;4.919822e-02;7.762294e-02;4.303911e-02;5.782574e-02;3.826590e-02;1.067657e-01;9.014314e-02;3.476661e-02
4.837526e-02;1.307269e-01;2.826964e-01;6.573495e-02;4.863429e-02;2.951040e-02;4.815992e-02;3.712248e-02;4.268317e-02;1.525078e-01;8.186058e-02;3.198779e-02
4.101798e-02;1.904278e-01;2.214378e-01;6.351686e-02;3.616087e-02;6.063690e-02;3.572461e-02;2.985135e-02;9.592518e-02;1.376241e-01;5.043237e-02;3.724425e-02
3.094290e-02;2.617805e-01;1.332584e-01;1.039337e-01;2.359131e-02;8.013122e-02;1.641068e-02;5.329553e-02;1.696770e-01;7.601821e-02;2.137350e-02;2.958713e-02
3.183742e-02;2.724921e-01;9.575573e-02;1.419478e-01;1.780320e-02;6.481983e-02;2.025731e-02;1.089628e-01;1.941956e-01;2.498031e-02;1.412664e-02;1.282114e-02
6.093596e-02;2.200774e-01;8.659314e-02;1.294110e-01;2.774972e-02;3.390560e-02;5.239655e-02;1.563319e-01;1.427621e-01;5.382935e-02;2.534137e-02;1.066603e-02
1.229081e-01;1.739574e-01;9.407813e-02;8.868540e-02;6.885038e-02;4.421093e-02;3.787746e-02;1.652243e-01;8.596829e-02;6.506443e-02;3.016276e-02;2.301246e-02
1.591043e-01;1.794821e-01;1.349881e-01;4.534756e-02;9.082682e-02;6.425572e-02;2.629533e-02;1.195389e-01;4.990798e-02;5.078495e-02;3.392542e-02;4.554284e-02
9.522820e-02;2.507383e-01;2.190666e-01;3.403112e-02;5.425054e-02;7.128845e-02;2.189516e-02;9.142366e-02;5.939201e-02;4.220979e-02;2.960527e-02;3.087089e-02
5.787251e-02;2.543121e-01;2.105814e-01;4.793192e-02;3.439732e-02;5.796030e-02;1.635987e-02;1.091039e-01;9.913632e-02;4.459287e-02;4.110557e-02;2.664604e-02
5.010730e-02;2.098692e-01;1.609618e-01;7.720044e-02;1.841179e-02;4.633043e-02;2.658875e-02;1.355385e-01;1.305315e-01;5.946574e-02;6.301887e-02;2.197559e-02
3.067296e-02;1.830832e-01;1.858497e-01;6.612373e-02;3.308000e-02;5.249762e-02;1.962393e-02;1.616704e-01;1.195123e-01;6.951059e-02;5.658520e-02;2.179039e-02
4.217234e-02;1.794088e-01;2.309837e-01;5.637367e-02;6.026001e-02;5.922994e-02;2.947321e-02;1.655066e-01;7.091045e-02;4.206952e-02;3.234844e-02;3.126336e-02
4.125790e-02;1.530908e-01;2.426826e-01;4.873575e-02;5.757089e-02;8.755769e-02;5.294547e-02;1.302581e-01;5.029723e-02;8.260187e-02;2.771230e-02;2.528944e-02
3.807700e-02;1.764630e-01;2.516210e-01;3.712616e-02;3.375375e-02;8.839691e-02;5.125917e-02;8.618511e-02;6.708737e-02;1.119265e-01;3.084042e-02;2.726361e-02
3.988760e-02;1.837039e-01;2.587562e-01;4.283308e-02;4.605398e-02;6.153223e-02;4.656183e-02;7.083243e-02;1.004870e-01;6.976432e-02;4.299447e-02;3.659295e-02
6.661849e-02;1.389757e-01;2.149850e-01;6.207712e-02;5.481965e-02;6.724172e-02;3.371242e-02;6.006213e-02;1.484759e-01;8.935391e-02;4.188949e-02;2.178853e-02
7.242553e-02;1.735103e-01;1.511134e-01;6.317884e-02;5.714101e-02;6.639408e-02;2.594530e-02;8.280037e-02;1.405112e-01;1.012960e-01;3.949974e-02;2.618419e-02
6.842534e-02;2.522176e-01;1.955485e-01;5.530761e-02;6.021052e-02;4.192439e-02;3.509042e-02;1.066881e-01;7.308131e-02;4.195866e-02;4.847265e-02;2.107493e-02
7.081452e-02;2.890492e-01;1.634194e-01;6.113335e-02;3.883192e-02;5.624170e-02;5.990670e-02;1.043993e-01;4.812448e-02;3.649940e-02;5.011749e-02;2.146265e-02
7.226671e-02;2.682940e-01;1.386213e-01;6.501953e-02;4.164736e-02;5.408319e-02;6.353791e-02;9.632612e-02;7.267150e-02;5.393868e-02;3.350550e-02;4.008814e-02
5.815250e-02;2.503636e-01;1.762976e-01;5.036043e-02;4.492496e-02;6.455724e-02;4.645588e-02;8.492361e-02;7.900287e-02;5.152081e-02;3.355882e-02;5.988165e-02
4.940600e-02;2.920005e-01;2.331878e-01;4.466698e-02;3.194460e-02;5.804381e-02;2.223670e-02;7.092927e-02;5.520224e-02;4.092592e-02;2.850219e-02;7.295395e-02
4.382962e-02;3.144626e-01;3.015142e-01;3.280668e-02;2.313602e-02;2.242237e-02;1.068999e-02;4.772622e-02;5.018756e-02;3.336519e-02;1.988977e-02;9.996979e-02
3.763155e-02;3.363546e-01;3.527989e-01;2.880608e-02;1.215961e-02;2.645937e-02;9.232552e-03;2.176758e-02;4.875233e-02;1.914320e-02;1.666403e-02;9.023023e-02
3.948732e-02;3.860145e-01;3.356039e-01;2.411381e-02;9.901658e-03;2.461635e-02;8.176484e-03;2.728223e-02;3.908498e-02;1.575280e-02;2.856655e-02;6.139935e-02
5.718580e-02;4.217226e-01;2.832804e-01;1.474145e-02;1.927784e-02;1.838365e-02;2.209298e-02;5.145000e-02;2.221640e-02;2.485942e-02;3.887479e-02;2.591470e-02
8.866353e-02;3.929262e-01;2.152110e-01;1.018321e-02;3.046818e-02;1.726940e-02;4.298088e-02;8.944445e-02;3.406496e-02;3.135898e-02;3.962972e-02;7.799505e-03
1.114415e-01;2.799290e-01;1.213588e-01;2.745730e-02;4.202021e-02;2.034812e-02;8.674310e-02;1.598919e-01;5.473813e-02;4.446823e-02;3.935979e-02;1.224386e-02
9.223611e-02;2.649277e-01;1.205186e-01;2.763158e-02;4.814483e-02;3.362507e-02;9.187679e-02;1.455286e-01;8.727692e-02;5.090824e-02;2.487756e-02;1.244804e-02
8.022808e-02;2.795385e-01;1.271095e-01;3.443981e-02;4.576581e-02;3.928450e-02;9.232359e-02;1.075019e-01;1.009082e-01;5.869746e-02;1.993249e-02;1.427011e-02
5.993940e-02;2.855284e-01;1.267982e-01;1.734171e-02;2.769697e-02;4.694095e-02;9.036965e-02;1.160684e-01;1.311100e-01;6.710423e-02;1.565837e-02;1.544374e-02
4.495450e-02;3.113799e-01;1.385444e-01;5.165992e-02;1.293413e-02;5.157372e-02;5.739120e-02;9.725317e-02;1.542405e-01;6.608786e-02;6.197736e-03;7.782939e-03
3.460408e-02;3.182433e-01;1.457324e-01;1.023446e-01;1.267713e-02;5.411024e-02;2.789357e-02;6.556799e-02;1.637201e-01;5.956890e-02;7.307928e-03;8.229842e-03
3.627436e-02;2.654062e-01;1.452377e-01;1.136022e-01;2.307549e-02;7.663343e-02;2.533567e-02;7.535390e-02;1.435942e-01;6.337526e-02;1.455453e-02;1.755711e-02
3.682301e-02;1.973529e-01;2.033941e-01;9.141299e-02;3.107975e-02;9.818808e-02;3.948703e-02;7.046727e-02;1.070339e-01;8.188088e-02;1.701908e-02;2.586097e-02
4.868378e-02;2.669398e-01;2.758836e-01;4.777007e-02;2.142659e-02;6.581198e-02;1.989501e-02;5.133102e-02;4.761106e-02;1.028428e-01;2.079691e-02;3.100726e-02
3.654083e-02;2.880423e-01;2.703168e-01;3.728203e-02;3.271087e-02;5.777678e-02;2.771750e-02;4.317405e-02;7.042687e-02;1.011890e-01;7.947973e-03;2.687503e-02
2.305976e-02;2.451885e-01;3.044642e-01;2.186482e-02;3.223038e-02;3.552035e-02;3.592826e-02;3.247724e-02;6.450482e-02;1.603934e-01;8.656563e-03;3.571185e-02
2.680284e-02;2.098124e-01;3.429111e-01;1.482938e-02;3.582459e-02;2.568379e-02;3.474271e-02;2.398046e-02;2.536396e-02;2.111125e-01;1.630766e-02;3.262866e-02
2.374407e-02;2.036776e-01;3.298573e-01;1.398600e-02;2.559445e-02;2.259170e-02;2.407099e-02;2.974771e-02;6.858526e-02;1.836598e-01;2.017776e-02;5.430740e-02
1.425422e-02;2.220243e-01;3.227036e-01;2.504262e-02;1.758295e-02;3.869430e-02;2.728416e-02;3.592340e-02;7.115787e-02;1.346628e-01;3.453232e-02;5.613744e-02
2.039087e-02;2.680817e-01;3.396203e-01;3.248252e-02;2.543926e-02;4.395235e-02;3.243316e-02;3.460486e-02;3.637964e-02;7.454711e-02;4.599907e-02;4.606920e-02
3.756128e-02;2.952494e-01;3.612160e-01;1.996768e-02;2.759248e-02;3.407772e-02;3.481205e-02;2.652931e-02;2.514276e-02;5.901638e-02;3.646502e-02;4.236993e-02
4.236840e-02;2.019529e-01;3.942209e-01;2.516560e-02;2.618482e-02;4.179594e-02;3.680455e-02;3.881549e-02;3.960829e-02;8.911084e-02;2.657057e-02;3.740179e-02
3.796833e-02;2.337076e-01;3.519171e-01;2.616106e-02;2.172215e-02;3.685291e-02;3.281241e-02;3.186247e-02;6.382199e-02;1.066537e-01;2.604551e-02;3.047481e-02
5.302027e-02;2.611277e-01;3.055373e-01;3.444576e-02;2.931872e-02;2.295602e-02;3.888791e-02;4.524203e-02;6.489227e-02;8.879129e-02;3.130100e-02;2.447979e-02
7.905341e-02;1.677215e-01;2.968826e-01;4.784713e-02;4.848122e-02;3.297089e-02;3.780145e-02;6.750189e-02;7.273512e-02;8.599868e-02;2.625036e-02;3.675570e-02
7.180355e-02;2.071180e-01;3.058576e-01;3.696105e-02;3.772735e-02;4.224650e-02;3.597639e-02;4.431382e-02;7.368586e-02;8.764542e-02;2.147354e-02;3.519092e-02
4.924636e-02;2.488525e-01;3.142596e-01;3.052424e-02;3.925578e-02;6.661223e-02;3.971904e-02;3.735928e-02;4.683447e-02;5.612238e-02;3.276950e-02;3.844466e-02
6.651847e-02;1.554355e-01;1.992795e-01;2.243498e-02;4.331065e-02;1.872385e-01;7.147712e-02;6.882422e-02;4.588287e-02;4.621011e-02;4.162662e-02;5.176144e-02
1.054535e-01;7.806714e-02;1.337840e-01;1.571670e-02;4.733600e-02;3.071605e-01;6.619584e-02;6.586763e-02;4.123221e-02;4.353149e-02;3.779440e-02;5.786066e-02
1.732417e-01;3.692855e-02;9.223096e-02;1.291759e-02;4.349210e-02;4.112885e-01;4.403521e-02;3.908282e-02;2.533160e-02;4.188374e-02;2.326562e-02;5.630159e-02
2.029158e-01;4.298501e-02;7.899357e-02;1.175630e-02;5.447752e-02;4.266065e-01;1.435976e-02;1.438490e-02;1.950431e-02;3.464159e-02;1.549165e-02;8.388316e-02
1.652957e-01;4.987267e-02;7.790795e-02;1.068534e-02;8.452708e-02;4.072491e-01;2.553533e-02;1.350293e-02;2.753660e-02;2.477963e-02;1.228450e-02;1.008231e-01
9.066093e-02;5.541106e-02;1.179855e-01;2.284110e-02;1.397733e-01;3.752533e-01;1.639320e-02;1.306056e-02;3.759390e-02;1.517718e-02;1.024936e-02;1.056007e-01
6.064106e-02;5.546637e-02;1.369369e-01;3.165045e-02;1.986191e-01;3.104419e-01;2.043854e-02;1.649264e-02;4.784016e-02;1.483532e-02;1.061176e-02;9.602576e-02
3.882308e-02;5.937137e-02;1.236231e-01;6.152726e-02;2.361827e-01;2.635798e-01;4.042657e-02;2.202414e-02;5.072672e-02;1.141730e-02;7.617029e-03;8.468097e-02
3.072611e-02;5.372593e-02;6.787264e-02;8.453946e-02;1.969517e-01;2.936918e-01;9.316348e-02;6.134900e-02;4.018430e-02;1.668356e-02;5.540029e-03;5.557209e-02
2.600111e-02;5.793532e-02;5.530130e-02;7.880713e-02;1.547690e-01;2.453943e-01;1.744431e-01;1.067032e-01;3.700703e-02;1.770912e-02;1.124842e-02;3.468084e-02
3.181847e-02;6.701136e-02;3.350439e-02;4.741335e-02;1.208173e-01;2.377329e-01;2.200722e-01;1.581132e-01;3.197306e-02;1.167423e-02;1.573780e-02;2.413165e-02
3.032962e-02;6.280028e-02;5.693455e-02;2.093291e-02;8.143119e-02;2.418184e-01;1.873617e-01;2.309790e-01;3.810983e-02;1.260872e-02;1.375479e-02;2.293900e-02
3.168175e-02;5.088273e-02;5.742647e-02;2.721609e-02;6.519306e-02;2.974379e-01;1.428073e-01;2.446649e-01;4.144170e-02;1.123620e-02;1.023353e-02;1.977824e-02
4.206356e-02;5.305902e-02;5.461583e-02;3.911050e-02;9.319121e-02;3.862666e-01;8.300373e-02;1.778465e-01;2.243331e-02;2.589924e-02;9.287815e-03;1.322265e-02
4.203976e-02;6.437514e-02;1.001436e-01;5.492545e-02;1.440767e-01;3.691968e-01;3.519138e-02;1.102980e-01;1.533679e-02;3.921778e-02;1.664816e-02;8.550490e-03
4.046889e-02;9.239022e-02;1.632293e-01;5.523312e-02;1.463643e-01;2.225742e-01;6.852040e-02;1.038791e-01;2.236459e-02;4.369673e-02;2.521756e-02;1.606161e-02
3.925149e-02;1.190504e-01;2.152904e-01;2.447941e-02;9.194240e-02;2.444106e-01;7.328691e-02;9.286117e-02;3.198662e-02;3.343324e-02;1.342813e-02;2.057929e-02
4.871348e-02;1.138334e-01;2.145465e-01;1.680330e-02;8.640065e-02;2.368854e-01;6.417882e-02;1.266667e-01;4.715309e-02;2.436539e-02;8.359984e-03;1.209333e-02
5.088049e-02;1.185451e-01;2.182505e-01;3.381415e-02;1.041594e-01;2.479104e-01;3.996624e-02;9.312678e-02;3.683024e-02;1.627152e-02;1.702545e-02;2.321978e-02
5.949072e-02;1.426440e-01;2.967584e-01;4.475637e-02;9.523915e-02;2.044673e-01;2.706149e-02;3.729449e-02;3.063209e-02;1.767553e-02;1.531578e-02;2.866468e-02
5.717123e-02;1.530685e-01;3.579762e-01;3.568565e-02;4.013712e-02;1.740504e-01;4.573330e-02;3.342257e-02;3.296704e-02;2.176281e-02;1.924092e-02;2.878435e-02
4.237431e-02;1.370295e-01;3.207088e-01;6.175362e-02;4.214419e-02;2.134797e-01;5.291731e-02;6.070863e-02;2.123827e-02;1.604950e-02;2.405879e-02;7.537367e-03
3.885949e-02;1.017942e-01;2.344720e-01;7.256394e-02;2.441880e-02;2.987125e-01;6.384785e-02;6.526891e-02;2.660928e-02;1.227506e-02;4.210331e-02;1.907469e-02
3.020111e-02;5.811920e-02;1.842035e-01;9.665216e-02;7.821678e-02;2.876816e-01;6.815450e-02;4.713395e-02;3.681258e-02;2.796376e-02;6.774538e-02;1.711543e-02
1.990069e-02;8.485291e-02;2.548457e-01;8.186683e-02;8.455340e-02;2.717294e-01;5.367877e-02;4.412748e-02;2.470472e-02;1.900893e-02;5.316580e-02;7.565334e-03
2.046419e-02;1.181277e-01;3.097944e-01;7.464006e-02;6.143282e-02;2.175795e-01;4.654445e-02;6.433386e-02;1.766448e-02;1.774481e-02;4.567200e-02;6.001790e-03
1.556395e-02;1.397148e-01;3.180896e-01;9.183902e-02;3.902710e-02;1.575954e-01;5.464998e-02;7.636093e-02;2.683908e-02;1.685060e-02;5.396961e-02;9.499847e-03
2.714303e-02;1.234017e-01;3.121108e-01;9.110752e-02;3.226062e-02;1.548822e-01;5.546713e-02;6.429297e-02;2.943237e-02;2.964894e-02;6.857308e-02;1.167966e-02
2.932057e-02;1.153130e-01;2.547967e-01;1.189230e-01;2.215804e-02;1.417705e-01;4.862259e-02;7.210790e-02;3.870080e-02;7.555806e-02;6.385302e-02;1.887584e-02
2.782763e-02;8.414150e-02;2.070539e-01;1.826581e-01;6.664944e-02;1.021876e-01;5.401031e-02;6.205834e-02;4.064175e-02;8.814202e-02;7.086405e-02;1.376543e-02
2.223564e-02;4.860343e-02;2.285281e-01;2.037751e-01;8.376930e-02;1.131516e-01;4.198343e-02;7.179286e-02;4.187855e-02;4.573721e-02;8.566108e-02;1.288367e-02
1.767276e-02;6.236327e-02;2.840400e-01;1.821274e-01;5.156048e-02;7.293714e-02;3.074289e-02;1.010357e-01;4.546800e-02;2.979535e-02;1.035255e-01;1.873150e-02
2.220364e-02;8.270289e-02;2.762793e-01;1.663358e-01;5.216215e-02;4.768039e-02;3.054660e-02;9.660190e-02;4.424367e-02;2.372607e-02;1.154026e-01;4.211495e-02
2.559310e-02;8.712970e-02;2.530600e-01;1.769088e-01;6.727302e-02;8.324610e-02;2.727877e-02;7.999155e-02;2.768612e-02;2.182254e-02;1.033054e-01;4.670487e-02
2.386459e-02;1.076607e-01;2.476536e-01;1.845825e-01;2.745197e-02;1.613331e-01;2.449448e-02;6.584585e-02;1.052314e-02;2.149104e-02;8.706110e-02;3.803803e-02
1.759121e-02;9.951268e-02;2.566127e-01;1.908445e-01;1.119595e-01;1.305825e-01;1.871182e-02;6.349432e-02;1.578497e-02;1.404058e-02;6.432950e-02;1.653571e-02
1.393202e-02;8.886476e-02;2.630099e-01;2.111840e-01;9.927966e-02;1.510798e-01;2.765464e-02;5.391094e-02;1.855987e-02;1.568100e-02;4.101807e-02;1.582531e-02
1.074205e-02;9.149729e-02;3.245602e-01;1.976901e-01;3.078493e-02;1.678725e-01;3.661522e-02;6.787971e-02;1.946831e-02;1.078718e-02;3.606853e-02;6.034059e-03
1.216126e-02;7.890607e-02;2.982346e-01;1.625589e-01;6.913160e-02;2.144605e-01;3.231199e-02;5.578437e-02;1.570464e-02;1.915004e-02;3.569029e-02;5.905710e-03
1.689989e-02;1.107724e-01;3.328440e-01;1.272904e-01;4.578036e-02;1.848425e-01;2.118220e-02;6.448384e-02;1.962806e-02;2.995394e-02;3.974383e-02;6.578521e-03
1.817474e-02;1.618775e-01;3.416312e-01;9.670527e-02;4.013802e-02;1.722575e-01;1.267455e-02;5.653321e-02;2.343117e-02;3.547567e-02;3.630945e-02;4.791730e-03
2.191412e-02;1.778515e-01;2.899867e-01;7.813593e-02;7.139135e-02;1.824534e-01;2.800860e-02;4.638077e-02;2.093019e-02;3.562105e-02;4.013922e-02;7.187231e-03
2.856149e-02;1.708748e-01;2.193870e-01;6.678903e-02;6.538701e-02;2.337024e-01;4.345131e-02;4.269065e-02;2.041445e-02;3.341464e-02;6.107127e-02;1.425590e-02
3.319941e-02;1.149731e-01;1.798082e-01;8.085371e-02;4.587683e-02;2.636218e-01;5.139559e-02;6.083624e-02;2.386194e-02;4.120173e-02;7.830154e-02;2.606989e-02
4.365308e-02;1.263195e-01;2.442331e-01;9.534127e-02;2.765903e-02;2.056385e-01;3.825529e-02;6.034074e-02;3.042702e-02;4.515842e-02;4.800192e-02;3.497223e-02
5.475695e-02;1.658327e-01;2.619018e-01;9.502307e-02;4.209462e-02;1.689000e-01;2.126613e-02;5.932822e-02;3.011293e-02;3.569178e-02;4.094221e-02;2.414966e-02
7.550357e-02;1.673794e-01;2.371730e-01;7.282246e-02;5.915027e-02;1.407645e-01;4.721584e-02;7.643860e-02;3.457657e-02;2.754630e-02;2.534861e-02;3.608086e-02
7.079559e-02;1.562266e-01;2.622759e-01;4.040156e-02;2.738447e-02;1.572019e-01;4.463438e-02;1.022903e-01;3.636155e-02;3.508247e-02;3.698023e-02;3.036507e-02
3.494330e-02;1.448604e-01;2.603464e-01;6.370147e-02;3.143824e-02;1.753183e-01;3.440072e-02;1.047197e-01;3.070791e-02;3.349491e-02;6.742230e-02;1.864630e-02
2.252784e-02;1.049659e-01;2.912058e-01;1.112840e-01;2.995460e-02;1.391388e-01;4.079490e-02;1.032322e-01;2.342966e-02;1.951003e-02;9.350009e-02;2.045625e-02
2.477176e-02;1.410704e-01;2.318535e-01;1.425391e-01;2.521543e-02;1.526013e-01;4.685514e-02;9.016876e-02;3.217919e-02;9.010837e-03;7.801734e-02;2.571728e-02
2.115403e-02;1.419221e-01;2.724802e-01;1.526711e-01;4.898728e-02;1.269306e-01;3.502628e-02;6.246960e-02;3.022134e-02;2.756212e-02;5.655118e-02;2.402418e-02
2.843631e-02;1.103581e-01;2.742799e-01;1.893648e-01;1.898838e-02;1.205279e-01;2.943617e-02;6.498979e-02;3.289399e-02;4.980121e-02;5.833212e-02;2.259126e-02
3.867857e-02;1.008208e-01;1.497655e-01;2.121146e-01;9.376708e-02;1.142185e-01;2.294542e-02;8.068322e-02;5.375832e-02;6.005171e-02;5.392257e-02;1.927374e-02
3.154107e-02;1.191211e-01;7.473798e-02;1.974476e-01;8.559158e-02;9.015094e-02;9.806821e-02;1.020891e-01;6.313677e-02;4.104715e-02;5.098978e-02;4.607868e-02
4.733752e-02;1.415681e-01;8.689867e-02;1.203293e-01;7.008488e-02;6.802472e-02;1.185814e-01;1.937729e-01;4.059503e-02;1.905437e-02;4.067995e-02;5.307307e-02
5.036308e-02;1.073040e-01;8.348435e-02;5.975614e-02;4.558803e-02;7.200741e-02;1.086901e-01;2.902834e-01;4.309039e-02;4.542515e-02;3.460675e-02;5.940126e-02
3.911494e-02;6.341398e-02;3.326946e-02;4.447581e-02;2.365446e-02;6.310590e-02;1.701878e-01;3.057582e-01;4.211903e-02;8.796439e-02;2.730030e-02;9.963568e-02
2.818741e-02;4.453102e-02;3.093296e-02;5.170509e-02;1.992213e-02;4.681489e-02;2.642987e-01;2.008407e-01;2.806304e-02;1.100708e-01;1.880482e-02;1.558283e-01
2.654166e-02;3.076641e-02;1.975603e-02;4.292186e-02;1.585289e-02;6.383789e-02;3.558677e-01;7.915831e-02;2.220180e-02;1.115748e-01;2.365720e-02;2.078635e-01
1.967102e-02;3.521142e-02;3.435216e-02;2.242977e-02;1.492349e-02;8.376045e-02;3.859300e-01;4.708420e-02;3.440157e-02;8.369805e-02;3.995455e-02;1.985834e-01
8.711358e-03;1.596125e-02;4.285245e-02;9.563410e-03;1.637029e-02;1.587911e-01;3.336356e-01;7.821365e-02;5.141805e-02;4.583579e-02;8.439677e-02;1.542503e-01
1.656991e-02;3.043036e-02;6.449282e-02;1.548016e-02;2.142307e-02;2.678123e-01;1.922884e-01;5.979442e-02;7.257096e-02;2.075551e-02;1.194914e-01;1.188907e-01
4.725831e-02;8.705524e-03;6.858613e-02;2.361351e-02;4.509856e-02;3.654071e-01;7.172139e-02;6.128565e-02;8.085239e-02;2.241086e-02;1.372315e-01;6.782912e-02
7.511234e-02;2.700039e-02;6.782869e-02;3.302042e-02;8.384087e-02;3.486148e-01;7.183709e-02;5.457389e-02;6.697643e-02;2.341566e-02;1.210046e-01;2.677483e-02
9.804850e-02;2.216171e-02;6.727123e-02;2.295394e-02;1.088153e-01;2.981455e-01;6.021589e-02;6.433990e-02;7.247213e-02;3.656624e-02;9.558623e-02;5.342336e-02
8.754723e-02;5.035698e-02;8.929618e-02;3.321074e-02;9.237315e-02;2.387822e-01;5.575801e-02;9.366636e-02;8.269285e-02;4.553932e-02;4.949068e-02;8.128631e-02
5.875392e-02;8.958399e-02;1.332795e-01;7.201920e-02;4.342364e-02;1.809500e-01;8.504487e-02;1.119725e-01;6.296151e-02;2.870093e-02;3.761870e-02;9.569129e-02
4.867828e-02;7.129088e-02;1.042624e-01;6.273766e-02;3.259078e-02;1.549967e-01;8.668012e-02;1.338281e-01;9.858231e-02;5.936351e-02;5.869239e-02;8.829686e-02
3.824756e-02;4.982235e-02;5.781463e-02;3.637853e-02;6.094424e-02;1.803306e-01;6.863078e-02;1.334186e-01;9.495665e-02;1.363460e-01;6.910495e-02;7.400515e-02
2.453433e-02;5.114646e-02;4.998810e-02;3.477709e-02;9.781770e-02;1.314825e-01;7.353680e-02;1.355542e-01;1.073858e-01;1.626606e-01;7.700080e-02;5.411577e-02
1.566992e-02;4.856111e-02;5.259605e-02;3.290842e-02;1.171621e-01;7.057123e-02;1.612769e-01;1.224668e-01;1.428888e-01;1.352226e-01;5.799598e-02;4.268012e-02
1.384173e-02;5.845160e-02;9.478367e-02;4.624817e-02;1.006489e-01;1.077053e-01;1.700182e-01;1.028575e-01;1.562275e-01;7.942605e-02;3.531400e-02;3.447737e-02
2.682051e-02;5.737754e-02;1.214268e-01;6.688776e-02;9.177113e-02;1.445922e-01;1.249690e-01;8.199465e-02;1.826887e-01;5.239367e-02;2.206577e-02;2.701228e-02
3.603400e-02;6.019086e-02;1.017467e-01;7.411807e-02;3.916749e-02;1.781265e-01;8.801004e-02;1.313639e-01;2.149666e-01;3.227798e-02;2.164880e-02;2.234897e-02
3.136585e-02;1.902397e-02;6.692113e-02;7.302632e-02;5.230307e-02;1.531133e-01;1.263811e-01;1.320124e-01;2.239366e-01;4.169166e-02;3.778076e-02;4.244380e-02
3.420632e-02;4.963088e-02;8.361780e-02;6.626501e-02;6.821440e-02;8.783850e-02;1.346513e-01;1.560495e-01;1.928270e-01;3.137355e-02;3.925314e-02;5.607264e-02
3.240635e-02;1.467845e-02;8.287676e-02;8.819039e-02;2.942472e-02;8.852096e-02;1.489930e-01;2.050312e-01;1.899679e-01;1.825147e-02;5.441633e-02;4.724239e-02
2.300536e-02;3.361043e-02;1.125245e-01;8.903659e-02;3.058542e-02;9.347112e-02;1.227817e-01;1.962259e-01;1.874049e-01;2.051087e-02;5.852905e-02;3.231405e-02
2.914962e-02;6.821953e-02;1.337057e-01;7.615355e-02;3.137659e-02;9.798693e-02;6.975256e-02;1.885202e-01;1.817105e-01;2.634760e-02;5.118674e-02;4.589054e-02
3.586792e-02;8.211570e-02;1.209193e-01;6.576103e-02;2.413795e-02;1.086305e-01;7.731116e-02;1.759871e-01;1.637345e-01;4.541113e-02;4.280024e-02;5.732358e-02
3.527603e-02;4.236120e-02;9.957035e-02;7.611450e-02;1.915623e-02;1.412520e-01;9.601017e-02;1.144740e-01;1.918475e-01;8.058784e-02;3.970207e-02;6.364812e-02
3.364619e-02;7.422628e-02;6.760950e-02;4.488577e-02;3.663223e-02;1.613560e-01;1.155612e-01;1.299003e-01;1.477026e-01;8.650248e-02;5.455620e-02;4.742129e-02
2.207652e-02;4.073936e-02;1.112739e-01;4.799283e-02;4.802550e-02;2.133653e-01;1.230283e-01;1.171044e-01;1.152699e-01;7.385012e-02;3.864123e-02;4.863268e-02
1.688223e-02;6.061557e-02;1.495554e-01;6.022704e-02;5.655283e-02;1.709746e-01;9.860884e-02;1.281829e-01;1.374913e-01;6.394932e-02;1.313350e-02;4.382645e-02
2.187471e-02;7.965129e-02;1.570850e-01;5.577178e-02;3.003182e-02;9.526447e-02;9.647709e-02;1.335136e-01;1.861754e-01;5.680010e-02;4.274238e-02;4.461237e-02
1.946420e-02;7.211898e-02;1.350530e-01;5.739131e-02;5.145211e-02;6.282785e-02;9.772698e-02;1.115480e-01;2.311160e-01;3.724455e-02;7.556412e-02;4.849294e-02
3.054346e-02;1.081592e-01;1.205155e-01;5.340137e-02;6.024868e-02;5.199925e-02;1.043572e-01;1.234219e-01;2.207276e-01;5.008093e-02;4.751058e-02;2.903432e-02
4.698272e-02;9.235133e-02;1.028280e-01;5.243246e-02;4.302942e-02;1.260937e-01;1.027684e-01;1.388223e-01;1.665637e-01;4.498023e-02;3.243382e-02;5.071376e-02
4.517697e-02;6.227603e-02;8.097223e-02;5.932201e-02;5.274970e-02;1.321101e-01;1.232741e-01;1.310896e-01;1.411441e-01;4.316956e-02;5.823740e-02;7.047817e-02
3.008305e-02;5.920818e-02;4.871515e-02;6.292850e-02;7.542332e-02;1.160317e-01;1.189534e-01;1.375984e-01;1.708742e-01;4.496121e-02;5.255787e-02;8.266497e-02
2.013560e-02;5.000751e-02;6.691223e-02;7.164803e-02;8.878155e-02;1.557798e-01;5.520849e-02;9.838951e-02;2.075566e-01;5.250385e-02;6.371248e-02;6.936438e-02
1.915446e-02;4.608999e-02;5.409868e-02;6.829376e-02;8.815477e-02;1.602492e-01;6.351687e-02;1.111441e-01;2.293194e-01;5.121398e-02;5.252208e-02;5.624266e-02
1.950140e-02;5.662952e-02;8.543598e-02;5.862211e-02;9.332824e-02;1.623257e-01;7.889885e-02;1.250678e-01;1.853047e-01;7.005609e-02;2.913228e-02;3.569725e-02
1.413310e-02;6.186192e-02;1.182539e-01;7.242898e-02;1.190385e-01;1.800673e-01;2.585709e-02;1.068802e-01;1.411595e-01;9.240665e-02;3.231612e-02;3.559673e-02
1.664692e-02;5.976969e-02;1.175290e-01;8.368002e-02;1.307468e-01;1.314768e-01;5.723587e-02;1.291401e-01;1.280669e-01;7.184722e-02;2.436449e-02;4.949617e-02
2.435088e-02;5.318324e-02;1.471041e-01;7.338434e-02;1.259081e-01;8.737636e-02;9.139537e-02;1.414189e-01;1.132866e-01;5.313984e-02;1.794093e-02;7.151125e-02
2.619185e-02;9.911146e-02;1.402766e-01;2.787342e-02;8.299765e-02;1.131810e-01;1.214689e-01;1.205392e-01;1.236497e-01;4.246550e-02;3.306195e-02;6.918278e-02
2.749106e-02;6.483651e-02;6.295685e-02;5.074336e-02;4.512602e-02;1.903288e-01;1.380318e-01;1.474566e-01;1.482272e-01;3.974371e-02;3.836153e-02;4.669661e-02
2.730503e-02;6.313930e-02;1.119246e-01;5.332580e-02;3.430212e-02;2.272183e-01;7.307642e-02;1.529834e-01;1.540403e-01;3.972557e-02;2.377201e-02;3.918707e-02
3.313381e-02;6.159177e-02;1.889363e-01;4.953533e-02;3.615789e-02;2.687447e-01;2.299376e-02;8.550487e-02;1.352360e-01;2.890411e-02;4.539149e-02;4.386993e-02
