1.094482e-01;7.900797e-02;4.363478e-02;6.815892e-02;6.264853e-02;5.182148e-02;1.201268e-01;1.051239e-01;6.528112e-02;8.408012e-02;1.271746e-01;8.349352e-02
1.187713e-01;6.164351e-02;3.214751e-02;7.799233e-02;6.827916e-02;5.960469e-02;1.593310e-01;1.221196e-01;7.136966e-02;7.279815e-02;6.717052e-02;8.877268e-02
1.379063e-01;6.669302e-02;3.425080e-02;8.741841e-02;5.750672e-02;5.763721e-02;1.533602e-01;8.658292e-02;1.091073e-01;6.369032e-02;7.340237e-02;7.244443e-02
9.672756e-02;7.703759e-02;6.441555e-02;1.415499e-01;7.116632e-02;7.808323e-02;1.199802e-01;6.084516e-02;9.882113e-02;6.364612e-02;9.854376e-02;2.918345e-02
6.678986e-02;7.153354e-02;9.807033e-02;1.216104e-01;6.100921e-02;1.129428e-01;1.047114e-01;9.212091e-02;5.104736e-02;6.492737e-02;1.211759e-01;3.406093e-02
6.252101e-02;6.884384e-02;8.873734e-02;8.663600e-02;5.946417e-02;1.022171e-01;8.763428e-02;1.165456e-01;8.382907e-02;1.164460e-01;9.627134e-02;3.085424e-02
6.059352e-02;5.410150e-02;2.394915e-02;9.465775e-02;6.897458e-02;1.080202e-01;8.078752e-02;1.058892e-01;9.739282e-02;1.949766e-01;8.930059e-02;2.135650e-02
6.821690e-02;6.409393e-02;6.293311e-02;8.369631e-02;5.413506e-02;9.503492e-02;1.007112e-01;1.034224e-01;9.639715e-02;1.512054e-01;6.950484e-02;5.064885e-02
8.320679e-02;6.731885e-02;1.059590e-01;7.736773e-02;6.548805e-02;6.545381e-02;1.221321e-01;7.904984e-02;8.838972e-02;1.262352e-01;4.226350e-02;7.713546e-02
1.117245e-01;8.149763e-02;8.356848e-02;6.188395e-02;9.879594e-02;5.937665e-02;9.799043e-02;9.400623e-02;6.708967e-02;1.048260e-01;7.129657e-02;6.794399e-02
1.154956e-01;1.157412e-01;6.311374e-02;5.882117e-02;8.088692e-02;6.877491e-02;7.101040e-02;1.238105e-01;6.641860e-02;1.015317e-01;7.717209e-02;5.722318e-02
1.156819e-01;1.115107e-01;5.904433e-02;4.752157e-02;4.322198e-02;7.881127e-02;9.983614e-02;1.487607e-01;3.999927e-02;8.770961e-02;1.125510e-01;5.535159e-02
1.687119e-01;1.550537e-01;2.829215e-02;3.096899e-02;1.817875e-02;3.417191e-02;1.517232e-01;1.445132e-01;2.923779e-02;4.235999e-02;1.641844e-01;3.260405e-02
1.928843e-01;1.371660e-01;1.850217e-02;3.031684e-02;1.024725e-02;2.482883e-02;1.557376e-01;1.772439e-01;2.285213e-02;5.406095e-02;1.451078e-01;3.105224e-02
1.728007e-01;9.124364e-02;1.091267e-02;4.183842e-02;5.079903e-03;1.636678e-02;1.450434e-01;2.546433e-01;4.294916e-02;7.997148e-02;9.122676e-02;4.792371e-02
8.565968e-02;3.730273e-02;6.524703e-03;6.555636e-02;5.476247e-03;1.391702e-02;1.999104e-01;2.821928e-01;7.372807e-02;9.333534e-02;1.346400e-02;1.229327e-01
3.320032e-02;2.009848e-02;6.576933e-03;5.876298e-02;7.651458e-03;1.530576e-02;2.556649e-01;1.778268e-01;5.926314e-02;6.663152e-02;4.277297e-02;2.562448e-01
7.265303e-02;1.153232e-02;2.384078e-02;1.991939e-02;9.531136e-03;2.658760e-02;1.886875e-01;8.052795e-02;6.459452e-02;2.495207e-02;9.068277e-02;3.864909e-01
5.988777e-02;1.127908e-02;7.110211e-02;1.817516e-02;7.708968e-03;6.561004e-02;7.569171e-02;5.526655e-02;1.257142e-01;9.204453e-03;1.766077e-01;3.237523e-01
3.381938e-02;1.139400e-02;1.138284e-01;1.451752e-02;6.407903e-03;1.242305e-01;4.585711e-02;3.597229e-02;1.638131e-01;1.389925e-02;2.821183e-01;1.541423e-01
3.277105e-02;2.228846e-02;1.227294e-01;1.087324e-02;5.870908e-03;1.719619e-01;3.306249e-02;3.852485e-02;1.220854e-01;1.767806e-02;3.676816e-01;5.447264e-02
2.780281e-02;5.259216e-02;9.442478e-02;1.586415e-02;9.841111e-03;1.741975e-01;3.325496e-02;8.739373e-02;3.846792e-02;4.106762e-02;3.899241e-01;3.516918e-02
1.596662e-02;8.334619e-02;6.075963e-02;1.159724e-02;3.622634e-02;1.096615e-01;4.444003e-02;1.723799e-01;3.868059e-02;8.976266e-02;3.116746e-01;2.550469e-02
1.375532e-02;8.036379e-02;3.628433e-02;1.463483e-02;6.942469e-02;5.398621e-02;4.871282e-02;2.400355e-01;4.279367e-02;1.734300e-01;2.003109e-01;2.626801e-02
1.114916e-02;5.876845e-02;2.734887e-02;1.547050e-02;8.999743e-02;1.220541e-02;8.688784e-02;2.380449e-01;7.436535e-02;2.063319e-01;1.481372e-01;3.129303e-02
2.068638e-02;4.267241e-02;3.198444e-02;2.093077e-02;7.534891e-02;9.106135e-02;1.137177e-01;1.554215e-01;9.357756e-02;1.578974e-01;1.607903e-01;3.591122e-02
2.309649e-02;3.592255e-02;4.287181e-02;1.419325e-02;8.042538e-02;2.354888e-01;8.025359e-02;5.180685e-02;5.287077e-02;5.849107e-02;3.133102e-01;1.126919e-02
2.133619e-02;1.643738e-02;4.440816e-02;7.305455e-03;6.358927e-02;3.051314e-01;5.079828e-02;8.554933e-02;1.395846e-02;4.299276e-02;3.233772e-01;2.511618e-02
2.371951e-02;1.027559e-02;7.096135e-02;7.871548e-03;2.265766e-02;3.688889e-01;5.367361e-02;7.104991e-02;1.750064e-02;3.335766e-02;3.030981e-01;1.694540e-02
1.893845e-02;1.358568e-02;8.438808e-02;6.648974e-03;1.121900e-02;3.709258e-01;9.218656e-02;5.033126e-02;2.165970e-02;2.997605e-02;2.783436e-01;2.179685e-02
3.077186e-02;1.175065e-02;5.235741e-02;2.181929e-02;1.241377e-02;2.327000e-01;2.321830e-01;7.165182e-02;2.147053e-02;2.405084e-02;1.841753e-01;1.046555e-01
4.953443e-02;9.141019e-03;2.423419e-02;3.521156e-02;1.129259e-02;7.746476e-02;3.197794e-01;1.044027e-01;2.753338e-02;2.875490e-02;6.551425e-02;2.471368e-01
9.536506e-02;1.466751e-02;1.046012e-02;4.926024e-02;1.144739e-02;2.291091e-02;2.703929e-01;5.556780e-02;1.710748e-02;6.823170e-02;5.704509e-02;3.275438e-01
1.631005e-01;1.777534e-02;6.436702e-03;9.039237e-02;1.221684e-02;2.460266e-02;1.869386e-01;4.578005e-02;1.098020e-02;1.419417e-01;2.224109e-02;2.775939e-01
2.454756e-01;1.354352e-02;7.233491e-03;8.973514e-02;1.880126e-02;3.816279e-02;1.051529e-01;9.380510e-02;1.773001e-02;1.813329e-01;2.194481e-02;1.670825e-01
3.234948e-01;1.582701e-02;1.274237e-02;3.908753e-02;4.713994e-02;3.185657e-02;5.892957e-02;1.989991e-01;1.792814e-02;1.176430e-01;3.073890e-02;1.056131e-01
3.666866e-01;2.449139e-02;1.403351e-02;2.212242e-02;7.607513e-02;1.769791e-02;3.773918e-02;2.652707e-01;1.868842e-02;4.838032e-02;4.920827e-02;5.960613e-02
3.810937e-01;6.287029e-02;1.434231e-02;2.299653e-02;6.753389e-02;1.249410e-02;2.913856e-02;2.322523e-01;5.362861e-02;3.126641e-02;6.546537e-02;2.691800e-02
3.438763e-01;1.436120e-01;1.118709e-02;2.107307e-02;2.154911e-02;5.305142e-02;3.881179e-02;1.141394e-01;1.521672e-01;2.904044e-02;5.101855e-02;2.047375e-02
1.595703e-01;1.981434e-01;7.252852e-03;1.812818e-02;4.842307e-02;1.042692e-01;2.734778e-02;1.341798e-01;2.491969e-01;1.798414e-02;1.437404e-02;2.113040e-02
8.443375e-02;1.798229e-01;9.895427e-03;1.668818e-02;2.638250e-02;1.075599e-01;5.304037e-02;2.006086e-01;2.482188e-01;2.834354e-02;2.212153e-02;2.288453e-02
1.231666e-01;1.479811e-01;1.983111e-02;8.772736e-03;1.713172e-02;8.389677e-02;8.041555e-02;2.046777e-01;2.020450e-01;5.664349e-02;3.274950e-02;2.268879e-02
1.737886e-01;1.587662e-01;1.916338e-02;8.878909e-03;1.346633e-02;7.225059e-02;7.220522e-02;1.381270e-01;2.059293e-01;6.183855e-02;6.155343e-02;1.403243e-02
2.026311e-01;1.393640e-01;2.047316e-02;1.100507e-02;1.641150e-02;6.507825e-02;7.090757e-02;1.412983e-01;1.919318e-01;5.799454e-02;6.921589e-02;1.368872e-02
1.838493e-01;1.224098e-01;1.728271e-02;1.413974e-02;2.058729e-02;4.663327e-02;9.065499e-02;1.523875e-01;1.779105e-01;6.505964e-02;8.382871e-02;2.525655e-02
1.698767e-01;1.076862e-01;1.779474e-02;2.221084e-02;2.246566e-02;8.428352e-02;5.648703e-02;1.088234e-01;1.474380e-01;2.926703e-02;2.021976e-01;3.146923e-02
2.872917e-01;1.683127e-01;2.945688e-02;2.319152e-02;1.638598e-02;7.372506e-02;4.418420e-02;6.460530e-02;6.398787e-02;6.092664e-02;1.496195e-01;1.831265e-02
3.057696e-01;3.047174e-01;3.102098e-02;1.560233e-02;2.591020e-02;2.907537e-02;4.310993e-02;5.699693e-02;5.542596e-02;6.410803e-02;4.498801e-02;2.327527e-02
2.879704e-01;3.813930e-01;2.522973e-02;1.145331e-02;2.821113e-02;2.145541e-02;3.110570e-02;6.149470e-02;5.316083e-02;5.501243e-02;1.538473e-02;2.812861e-02
3.729225e-01;3.251708e-01;1.795740e-02;5.592316e-03;2.943020e-02;1.717501e-02;2.344355e-02;6.817206e-02;3.884771e-02;4.507945e-02;2.889430e-02;2.731480e-02
4.812906e-01;1.812830e-01;1.470980e-02;7.073744e-03;3.193694e-02;7.274529e-03;2.620899e-02;8.692188e-02;2.442219e-02;3.949371e-02;8.226592e-02;1.711860e-02
4.429559e-01;8.237873e-02;1.523855e-02;1.160590e-02;1.834241e-02;1.018394e-02;3.753992e-02;8.139262e-02;2.272980e-02;4.238669e-02;2.144044e-01;2.084117e-02
2.904505e-01;9.832560e-02;1.542164e-02;1.224920e-02;1.168082e-02;1.649880e-02;5.222720e-02;6.802411e-02;2.999662e-02;5.350743e-02;3.240423e-01;2.757572e-02
2.285195e-01;9.031831e-02;1.418863e-02;8.421665e-03;2.939360e-02;2.173485e-02;7.200382e-02;7.207159e-02;3.333091e-02;5.841650e-02;3.459514e-01;2.564921e-02
4.086323e-01;5.062413e-02;1.493144e-02;1.473188e-02;3.513687e-02;1.736678e-02;1.196856e-01;8.870272e-02;3.088171e-02;5.325950e-02;1.380815e-01;2.796553e-02
3.145452e-01;7.673879e-02;1.882959e-02;1.080916e-02;2.000894e-02;1.159040e-02;1.467276e-01;1.202075e-01;3.589235e-02;3.789786e-02;1.859187e-01;2.083386e-02
1.072802e-01;1.155300e-01;1.755116e-02;1.294787e-02;1.958206e-02;2.037770e-02;2.158904e-01;1.336134e-01;3.589845e-02;3.842989e-02;2.534057e-01;2.949318e-02
2.264672e-01;1.279105e-01;1.175307e-02;1.394798e-02;1.869221e-02;1.796409e-02;1.908845e-01;1.306198e-01;3.950613e-02;3.769272e-02;1.636666e-01;2.089504e-02
1.516243e-01;8.763447e-02;1.405609e-02;1.567494e-02;2.320760e-02;2.357258e-02;2.298927e-01;1.456397e-01;8.516641e-02;8.135661e-02;1.245195e-01;1.765507e-02
6.289256e-02;5.390585e-02;1.154766e-02;1.627520e-02;2.089373e-02;2.593043e-02;2.083677e-01;1.242530e-01;1.343355e-01;1.718681e-01;1.548793e-01;1.485103e-02
1.262750e-01;4.003141e-02;1.183399e-02;1.941959e-02;2.343034e-02;2.349331e-02;1.261325e-01;6.479897e-02;1.179592e-01;2.025612e-01;2.342803e-01;9.784239e-03
1.830886e-01;6.216434e-02;1.862757e-02;2.137571e-02;3.303116e-02;2.343056e-02;7.513934e-02;4.038763e-02;7.167272e-02;1.246708e-01;3.396427e-01;6.768915e-03
2.500492e-01;7.231369e-02;2.050919e-02;1.402115e-02;4.695823e-02;2.393995e-02;4.457957e-02;3.475760e-02;4.664065e-02;7.143569e-02;3.638198e-01;1.097526e-02
2.513337e-01;8.317553e-02;2.934797e-02;1.591815e-02;4.294207e-02;3.969674e-02;4.827002e-02;3.845895e-02;2.540735e-02;5.036193e-02;3.603900e-01;1.469756e-02
1.733612e-01;6.575450e-02;2.867794e-02;1.438484e-02;3.459571e-02;5.400193e-02;4.932509e-02;3.420588e-02;1.483725e-02;5.298734e-02;4.659633e-01;1.190512e-02
7.762641e-02;3.057237e-02;2.925468e-02;1.328194e-02;2.372537e-02;7.958478e-02;4.782114e-02;4.047973e-02;1.729695e-02;6.153968e-02;5.701504e-01;8.666568e-03
1.479697e-01;3.894927e-02;3.898020e-02;7.999013e-03;1.719784e-02;9.551296e-02;2.960634e-02;2.383572e-02;2.220470e-02;4.805193e-02;5.203324e-01;9.359897e-03
1.771513e-01;3.646471e-02;5.079995e-02;4.777125e-03;1.093083e-02;9.123927e-02;1.969152e-02;1.669661e-02;2.055006e-02;4.141853e-02;5.237424e-01;6.537701e-03
1.543519e-01;2.024883e-02;5.744608e-02;4.161466e-03;1.037919e-02;9.891335e-02;2.501502e-02;1.369527e-02;1.628157e-02;4.215951e-02;5.522440e-01;5.103770e-03
1.455045e-01;2.226179e-02;5.860259e-02;7.030595e-03;1.159453e-02;1.009672e-01;2.626935e-02;1.179844e-02;1.468630e-02;4.154925e-02;5.544382e-01;5.297203e-03
1.587623e-01;3.621358e-02;6.022873e-02;1.058971e-02;9.631762e-03;9.315635e-02;3.003390e-02;1.189949e-02;1.799206e-02;4.239828e-02;5.234522e-01;5.641677e-03
1.677241e-01;5.580219e-02;6.199910e-02;1.542619e-02;9.496293e-03;8.660672e-02;4.753011e-02;2.827080e-02;1.820155e-02;4.159652e-02;4.624387e-01;4.907711e-03
1.448063e-01;5.252619e-02;6.316514e-02;1.683041e-02;9.269751e-03;8.722115e-02;4.805439e-02;4.352305e-02;1.240416e-02;4.046309e-02;4.783930e-01;3.343386e-03
1.210565e-01;7.522245e-02;3.696480e-02;3.861865e-02;5.613604e-02;5.421045e-02;9.408031e-02;7.119157e-02;2.313087e-02;5.317616e-02;3.651800e-01;1.103223e-02
9.465610e-02;1.011513e-01;7.545348e-03;2.521938e-02;7.711034e-02;1.385710e-01;1.183846e-01;1.190460e-01;2.458658e-02;5.389341e-02;2.193436e-01;2.049246e-02
3.910904e-02;9.700937e-02;8.515235e-03;2.344155e-02;9.549712e-02;1.643810e-01;9.734847e-02;1.598287e-01;2.081079e-02;7.350959e-02;1.982014e-01;2.234777e-02
2.143057e-02;9.670871e-02;5.319216e-03;2.632534e-02;1.486133e-01;1.041302e-01;7.104787e-02;2.121623e-01;1.889641e-02;1.184217e-01;1.588005e-01;1.814382e-02
3.848401e-02;8.413776e-02;1.367267e-02;4.150820e-02;1.300765e-01;4.764395e-02;1.164648e-01;2.177991e-01;4.301928e-02;1.569417e-01;9.535939e-02;1.489261e-02
8.009349e-02;4.635414e-02;2.036777e-02;1.002398e-01;4.779828e-02;3.919311e-02;2.682290e-01;1.099803e-01;1.019607e-01;1.328052e-01;4.350616e-02;9.472105e-03
1.119031e-01;1.151093e-02;1.711804e-02;1.769385e-01;4.995218e-02;1.490510e-02;3.216515e-01;5.565033e-02;1.473623e-01;6.489167e-02;2.147576e-02;6.640597e-03
1.315638e-01;9.454294e-03;1.205820e-02;2.393974e-01;2.669036e-02;8.070754e-03;2.834403e-01;6.229840e-02;1.641116e-01;3.536551e-02;2.188531e-02;5.664051e-03
1.325528e-01;5.869123e-03;6.526375e-03;2.926070e-01;2.523578e-02;8.132725e-03;2.436139e-01;5.442159e-02;1.878246e-01;1.568165e-02;2.055351e-02;6.980913e-03
1.230531e-01;9.909609e-03;9.265602e-03;2.842256e-01;1.628439e-02;1.229036e-02;2.541622e-01;4.786373e-02;1.936548e-01;2.150373e-02;2.189103e-02;5.895839e-03
1.152902e-01;1.124979e-02;1.684624e-02;2.378800e-01;1.112391e-02;1.188744e-02;3.282180e-01;3.465901e-02;1.841503e-01;3.026606e-02;1.363925e-02;4.789752e-03
8.771324e-02;1.674152e-02;2.333435e-02;1.776666e-01;6.352827e-02;2.459192e-02;3.416827e-01;2.704254e-02;1.502689e-01;5.902779e-02;1.968973e-02;8.712403e-03
5.820324e-02;3.866255e-02;2.714632e-02;1.152374e-01;1.605647e-01;3.717867e-02;2.590063e-01;4.121919e-02;1.012197e-01;1.161719e-01;3.034114e-02;1.504892e-02
4.638302e-02;7.248498e-02;2.673041e-02;5.356640e-02;2.529591e-01;3.270146e-02;1.211046e-01;9.402540e-02;5.813327e-02;1.779731e-01;3.953304e-02;2.440525e-02
2.678100e-02;1.212733e-01;1.397999e-02;3.593979e-02;2.379014e-01;2.496327e-02;4.871227e-02;2.021947e-01;2.697157e-02;1.741055e-01;6.655067e-02;2.062661e-02
1.694701e-02;1.258372e-01;4.643776e-02;2.969753e-02;1.339857e-01;6.440906e-02;5.491246e-02;2.367687e-01;3.352647e-02;1.011578e-01;1.436174e-01;1.270294e-02
2.525096e-02;9.221542e-02;1.154061e-01;1.448900e-02;2.946832e-02;1.208543e-01;6.333325e-02;1.530869e-01;8.769385e-02;4.666382e-02;2.383139e-01;1.322421e-02
3.009374e-02;4.546804e-02;1.458065e-01;6.706191e-03;4.472867e-02;1.257400e-01;4.841277e-02;5.866790e-02;1.463354e-01;4.510565e-02;2.778639e-01;2.507121e-02
4.502793e-02;1.840711e-02;1.024888e-01;1.288851e-02;5.089978e-02;8.486202e-02;4.454458e-02;8.006372e-02;1.561465e-01;6.353882e-02;2.827451e-01;5.838707e-02
7.859423e-02;3.264634e-02;3.425257e-02;5.543387e-03;4.995187e-02;6.426694e-02;6.165336e-02;9.036736e-02;1.371585e-01;7.820482e-02;2.950433e-01;7.231737e-02
9.519457e-02;5.134005e-02;3.595215e-02;2.891227e-02;4.645112e-02;6.953991e-02;1.253238e-01;9.640246e-02;1.006312e-01;6.392715e-02;2.453122e-01;4.101311e-02
1.113152e-01;7.154988e-02;4.179218e-02;3.090774e-02;3.525081e-02;5.423046e-02;1.632897e-01;1.421388e-01;8.880945e-02;4.615016e-02;1.918607e-01;2.270485e-02
1.242016e-01;6.706235e-02;4.565312e-02;2.903134e-02;2.625687e-02;9.526770e-02;1.457886e-01;2.151618e-01;6.875122e-02;6.782446e-02;1.089971e-01;6.003911e-03
1.117346e-01;5.145587e-02;6.108458e-02;2.415863e-02;3.817084e-02;1.056350e-01;1.649475e-01;1.631134e-01;4.652416e-02;6.607179e-02;1.522744e-01;1.482916e-02
1.102876e-01;4.766682e-02;8.054995e-02;3.662735e-02;2.479072e-02;1.010827e-01;1.479856e-01;1.473934e-01;4.112330e-02;6.084699e-02;1.787256e-01;2.292000e-02
1.136071e-01;7.657149e-02;7.644270e-02;6.674310e-02;3.256795e-02;6.271598e-02;8.389107e-02;1.554416e-01;8.253693e-02;5.887969e-02;1.413489e-01;4.925356e-02
1.108987e-01;8.036740e-02;5.525474e-02;5.147476e-02;6.210841e-02;7.762450e-02;1.212159e-01;1.432688e-01;8.078102e-02;6.602265e-02;9.892391e-02;5.205919e-02
1.014652e-01;6.739444e-02;3.522491e-02;6.250267e-02;7.365576e-02;1.054172e-01;1.464175e-01;1.161598e-01;8.730786e-02;7.343379e-02;9.320544e-02;3.781550e-02
1.010119e-01;7.065742e-02;3.922285e-02;8.253843e-02;7.512698e-02;1.184736e-01;1.064895e-01;7.974818e-02;8.364077e-02;5.898419e-02;1.440269e-01;4.007922e-02
8.865345e-02;9.631615e-02;5.312074e-02;8.465646e-02;8.104682e-02;1.175514e-01;8.733720e-02;9.302597e-02;9.373813e-02;5.511035e-02;1.232613e-01;2.618198e-02
8.479467e-02;6.696367e-02;6.036331e-02;6.514730e-02;6.767294e-02;1.209964e-01;1.042143e-01;8.761970e-02;1.104367e-01;1.003268e-01;1.203511e-01;1.111314e-02
8.890946e-02;1.060323e-01;5.236808e-02;3.925306e-02;2.264743e-02;6.096945e-02;1.759372e-01;1.215253e-01;8.340755e-02;1.028993e-01;1.089477e-01;3.710331e-02
1.492965e-01;1.740529e-01;3.816387e-02;2.042570e-02;3.474611e-02;2.899820e-02;1.541017e-01;1.528538e-01;4.759185e-02;4.413535e-02;1.317352e-01;2.389884e-02
2.196559e-01;1.901988e-01;2.879109e-02;1.188794e-02;2.613721e-02;2.067974e-02;1.259754e-01;1.712789e-01;4.421471e-02;2.907649e-02;1.114876e-01;2.061611e-02
2.559950e-01;1.568190e-01;1.794278e-02;1.804812e-02;1.615360e-02;1.754327e-02;1.379320e-01;1.920196e-01;4.018395e-02;5.496818e-02;7.265843e-02;1.973609e-02
2.272715e-01;8.389046e-02;1.031605e-02;2.415684e-02;8.123330e-03;1.462640e-02;2.230944e-01;2.074394e-01;2.958064e-02;1.068340e-01;3.717901e-02;2.748782e-02
1.523087e-01;4.994557e-02;8.585442e-03;2.160238e-02;6.435403e-03;1.632768e-02;3.034571e-01;2.077003e-01;2.652278e-02;1.255655e-01;4.195333e-02;3.959593e-02
1.126977e-01;3.467765e-02;6.476524e-03;1.725883e-02;7.623444e-03;2.898344e-02;2.879196e-01;2.089740e-01;2.127553e-02;9.051382e-02;1.345855e-01;4.901403e-02
6.411231e-02;2.796134e-02;9.291774e-03;9.670073e-03;1.409352e-02;5.574425e-02;2.333568e-01;2.232508e-01;2.027209e-02;5.281889e-02;2.443676e-01;4.506055e-02
1.157287e-01;5.033354e-02;1.363009e-02;1.488148e-02;1.639064e-02;7.141057e-02;2.021387e-01;2.201335e-01;2.107919e-02;5.418692e-02;2.042585e-01;1.582826e-02
1.933413e-01;4.897800e-02;1.074683e-02;2.674056e-02;8.904288e-03;4.326789e-02;2.638909e-01;1.930419e-01;2.292449e-02;6.596355e-02;8.343554e-02;3.876479e-02
2.197253e-01;7.225598e-02;9.466081e-03;1.858337e-02;1.465637e-02;3.099073e-02;1.856543e-01;1.738421e-01;2.801078e-02;4.876485e-02;1.543734e-01;4.367675e-02
2.055276e-01;8.589578e-02;9.559846e-03;9.892897e-03;1.358451e-02;3.691993e-02;1.802157e-01;1.057324e-01;1.292312e-02;1.133473e-01;1.967183e-01;2.968268e-02
1.202602e-01;8.615015e-02;1.337403e-02;2.272484e-02;1.415730e-02;3.424923e-02;1.863389e-01;9.435616e-02;1.999192e-02;1.473658e-01;2.256265e-01;3.540503e-02
1.606578e-01;4.435180e-02;1.982949e-02;2.406870e-02;2.186202e-02;4.093622e-02;2.096001e-01;7.303473e-02;3.069296e-02;1.291820e-01;2.017257e-01;4.405856e-02
1.173299e-01;7.997605e-02;3.268630e-02;5.317622e-02;5.054527e-02;7.581389e-02;1.687139e-01;1.288851e-01;5.366431e-02;7.011058e-02;1.248934e-01;4.420503e-02
5.860158e-02;8.243818e-02;3.687320e-02;4.920448e-02;5.496283e-02;1.319470e-01;1.198333e-01;1.499406e-01;1.075327e-01;8.472595e-02;9.275803e-02;3.118219e-02
9.950066e-02;6.364110e-02;3.050300e-02;3.306454e-02;9.307513e-02;1.212461e-01;1.029369e-01;1.904571e-01;1.167630e-01;7.421486e-02;6.238392e-02;1.221371e-02
1.465470e-01;4.375413e-02;2.171844e-02;1.176857e-02;1.217666e-01;9.463502e-02;8.631338e-02;2.736564e-01;1.028386e-01;6.468268e-02;2.558639e-02;6.732763e-03
2.174919e-01;1.848838e-02;1.285801e-02;1.843619e-02;1.038442e-01;6.121311e-02;6.723550e-02;3.801495e-01;5.813584e-02;4.253531e-02;1.015493e-02;9.457218e-03
3.273039e-01;1.518149e-02;6.356381e-03;3.071958e-02;4.662746e-02;3.516420e-02;6.029555e-02;3.778339e-01;2.690994e-02;4.244097e-02;1.231373e-02;1.885298e-02
3.956551e-01;1.680498e-02;1.127130e-02;4.089783e-02;2.439487e-02;2.435639e-02;6.177917e-02;2.732271e-01;2.189524e-02;5.636111e-02;2.398222e-02;4.937471e-02
3.819692e-01;2.317545e-02;1.563557e-02;2.623728e-02;4.959778e-02;1.693550e-02;4.318964e-02;3.200996e-01;1.254178e-02;3.653493e-02;4.209554e-02;3.198774e-02
3.742230e-01;6.163841e-02;1.575248e-02;1.712334e-02;5.395688e-02;2.610026e-02;4.039336e-02;2.582051e-01;6.026615e-02;2.047527e-02;5.991905e-02;1.194671e-02
2.562645e-01;1.519453e-01;1.326709e-02;2.772592e-02;2.300658e-02;7.620797e-02;4.146790e-02;1.178937e-01;2.017564e-01;2.451972e-02;4.404742e-02;2.189746e-02
8.144841e-02;1.857288e-01;1.902378e-02;2.710124e-02;2.941667e-02;1.269169e-01;2.286063e-02;1.107866e-01;2.917952e-01;3.913929e-02;2.360651e-02;4.217590e-02
7.122698e-02;1.523490e-01;4.200188e-02;1.193669e-02;2.516034e-02;1.126058e-01;2.560631e-02;1.008929e-01;2.899051e-01;1.007809e-01;2.448036e-02;4.305363e-02
9.374155e-02;1.211434e-01;4.930727e-02;6.922217e-03;1.638899e-02;6.492944e-02;6.227211e-02;1.220720e-01;2.543377e-01;1.576413e-01;3.065835e-02;2.058564e-02
1.224537e-01;1.214843e-01;3.919544e-02;1.052030e-02;1.200809e-02;5.175230e-02;8.343041e-02;1.278330e-01;1.980923e-01;1.612779e-01;5.277924e-02;1.917300e-02
1.567000e-01;1.087769e-01;2.227770e-02;1.697202e-02;1.678074e-02;6.653902e-02;7.687119e-02;1.587043e-01;1.509433e-01;1.170396e-01;7.806251e-02;3.033272e-02
1.585390e-01;1.278755e-01;3.255668e-02;1.063260e-02;1.352722e-02;9.973969e-02;5.474270e-02;1.856902e-01;1.830315e-01;3.593846e-02;5.955003e-02;3.817639e-02
1.890812e-01;1.443793e-01;3.238648e-02;1.259822e-02;2.709609e-02;1.432050e-01;4.097636e-02;9.942729e-02;1.527782e-01;7.558950e-02;4.214516e-02;4.033722e-02
1.681407e-01;1.290763e-01;3.638930e-02;1.361035e-02;3.094303e-02;1.443173e-01;3.417645e-02;1.370673e-01;1.062349e-01;1.169662e-01;5.039483e-02;3.268327e-02
1.391990e-01;1.155339e-01;3.931373e-02;2.253164e-02;4.027169e-02;1.458493e-01;6.083972e-02;1.667884e-01;8.928271e-02;9.920048e-02;4.518360e-02;3.600584e-02
1.174368e-01;1.157565e-01;3.244144e-02;3.031649e-02;3.966857e-02;1.140247e-01;7.399747e-02;1.828181e-01;8.323707e-02;9.894634e-02;8.981168e-02;2.154474e-02
1.435848e-01;1.526223e-01;4.159829e-02;3.003355e-02;2.769862e-02;6.055756e-02;1.513522e-01;1.400680e-01;4.856199e-02;5.608824e-02;1.204945e-01;2.734001e-02
1.736916e-01;2.556032e-01;5.540683e-02;2.755906e-02;2.259430e-02;5.240963e-02;1.102469e-01;8.825469e-02;5.071202e-02;5.322180e-02;8.921490e-02;2.108508e-02
2.127229e-01;3.911825e-01;4.979906e-02;2.235362e-02;1.168900e-02;4.851634e-02;5.141547e-02;3.768196e-02;6.118571e-02;4.776987e-02;3.661932e-02;2.906425e-02
3.038827e-01;4.217772e-01;2.821804e-02;1.356836e-02;1.213603e-02;3.563527e-02;1.590591e-02;2.869813e-02;5.997819e-02;3.465233e-02;1.940142e-02;2.614633e-02
4.063782e-01;3.543541e-01;1.152694e-02;8.164356e-03;1.782161e-02;1.898616e-02;1.528635e-02;2.623512e-02;4.244912e-02;3.479786e-02;4.999280e-02;1.400739e-02
4.371365e-01;3.128220e-01;1.218400e-02;9.972177e-03;1.514147e-02;1.567401e-02;1.275707e-02;9.850074e-03;2.779389e-02;4.451103e-02;8.869912e-02;1.345876e-02
4.359117e-01;2.591864e-01;1.748558e-02;1.358542e-02;8.092415e-03;1.942315e-02;3.152560e-02;3.648515e-02;2.247847e-02;4.234148e-02;9.903889e-02;1.444567e-02
4.359724e-01;1.354214e-01;2.259998e-02;1.579436e-02;2.119215e-02;1.715730e-02;6.694669e-02;4.409789e-02;1.769179e-02;3.904690e-02;1.658113e-01;1.826785e-02
3.722582e-01;1.160513e-01;3.432596e-02;1.363233e-02;2.102342e-02;2.900381e-02;6.345828e-02;2.699566e-02;2.459367e-02;4.670142e-02;2.315909e-01;2.036502e-02
2.797623e-01;7.484401e-02;2.778169e-02;1.710029e-02;1.929694e-02;2.906458e-02;6.291763e-02;3.286677e-02;3.212743e-02;7.586602e-02;3.312283e-01;1.714404e-02
2.506716e-01;1.053430e-01;1.654653e-02;2.367902e-02;1.136428e-02;1.864116e-02;5.933014e-02;3.312347e-02;2.539467e-02;7.582276e-02;3.659157e-01;1.416770e-02
2.480189e-01;1.016652e-01;3.418590e-02;2.340549e-02;8.940316e-03;2.762444e-02;4.474518e-02;2.039251e-02;1.785889e-02;7.074312e-02;3.946556e-01;7.764427e-03
3.071792e-01;9.600262e-02;2.954749e-02;5.516746e-02;1.569824e-02;2.549642e-02;4.530754e-02;3.492297e-02;2.057037e-02;6.195577e-02;2.977672e-01;1.038475e-02
3.695471e-01;1.356294e-01;1.886646e-02;8.634856e-02;2.363126e-02;1.879575e-02;4.883149e-02;5.013747e-02;2.088469e-02;5.713674e-02;1.584410e-01;1.175003e-02
3.821793e-01;1.649548e-01;2.098784e-02;5.423167e-02;4.575983e-02;3.318601e-02;5.218752e-02;6.677199e-02;4.899890e-02;7.200152e-02;4.591355e-02;1.282701e-02
2.634816e-01;1.189561e-01;2.658505e-02;2.465319e-02;5.438223e-02;6.180896e-02;7.183719e-02;6.851690e-02;8.983528e-02;7.350804e-02;1.270242e-01;1.941122e-02
1.512660e-01;8.612471e-02;2.888997e-02;4.182866e-02;4.345601e-02;7.177436e-02;1.053654e-01;8.428457e-02;1.063311e-01;6.737952e-02;1.901897e-01;2.311000e-02
2.492182e-01;8.931436e-02;2.078330e-02;4.650251e-02;2.239943e-02;4.588984e-02;1.105552e-01;8.779377e-02;7.027123e-02;4.846217e-02;1.915465e-01;1.726344e-02
3.041995e-01;6.797057e-02;1.636926e-02;4.306640e-02;3.991195e-02;3.518080e-02;1.016262e-01;1.044135e-01;5.639493e-02;3.763361e-02;1.665409e-01;2.669224e-02
2.836810e-01;1.628758e-01;2.055244e-02;3.887470e-02;6.021796e-02;2.831910e-02;7.134879e-02;9.542005e-02;6.370283e-02;4.661542e-02;8.675905e-02;4.163283e-02
3.252811e-01;1.945859e-01;2.769373e-02;3.934533e-02;4.679970e-02;3.194840e-02;4.487466e-02;4.973708e-02;5.158228e-02;3.729662e-02;1.203607e-01;3.049440e-02
2.648404e-01;2.007163e-01;8.551352e-02;4.836980e-02;5.447092e-02;4.782451e-02;2.653305e-02;6.511255e-02;3.867582e-02;4.878466e-02;8.457766e-02;3.458074e-02
1.538107e-01;2.191827e-01;1.257011e-01;6.770683e-02;7.606359e-02;6.631523e-02;4.269550e-02;6.915993e-02;3.289529e-02;5.777455e-02;4.873042e-02;3.996414e-02
1.416419e-01;2.296540e-01;1.232085e-01;7.368214e-02;6.283332e-02;6.590301e-02;5.812363e-02;8.155975e-02;2.703134e-02;5.460709e-02;4.184857e-02;3.990679e-02
1.400780e-01;2.301196e-01;9.002492e-02;5.775042e-02;3.577147e-02;5.800445e-02;1.031224e-01;1.172762e-01;3.618257e-02;4.920319e-02;5.809829e-02;2.436849e-02
1.797577e-01;1.453997e-01;4.042169e-02;2.546206e-02;1.403128e-02;3.466633e-02;1.459711e-01;2.157716e-01;2.975590e-02;3.888985e-02;8.609414e-02;4.377858e-02
1.379813e-01;9.164582e-02;2.010554e-02;3.829079e-02;1.677448e-02;2.820719e-02;1.859138e-01;2.648832e-01;2.569992e-02;3.274767e-02;5.931226e-02;9.843797e-02
6.731562e-02;4.899758e-02;2.133746e-02;3.988675e-02;2.799519e-02;3.506614e-02;2.363752e-01;2.349393e-01;2.792609e-02;2.436551e-02;1.038555e-01;1.319397e-01
5.708124e-02;2.477367e-02;4.655537e-02;2.425028e-02;3.620309e-02;6.870921e-02;1.974955e-01;1.405655e-01;3.464017e-02;1.731279e-02;2.398013e-01;1.126118e-01
8.949714e-02;9.972263e-03;6.304568e-02;1.228876e-02;2.598863e-02;1.157292e-01;6.510609e-02;5.496042e-02;2.555617e-02;1.882595e-02;4.491510e-01;6.987868e-02
9.275729e-02;1.506582e-02;4.026324e-02;1.611972e-02;1.061150e-02;1.076870e-01;5.048710e-02;4.703153e-02;1.158688e-02;4.594504e-02;5.204833e-01;4.196160e-02
9.012572e-02;2.925638e-02;1.497965e-02;2.640112e-02;2.149505e-02;6.393628e-02;5.906798e-02;5.493477e-02;1.306960e-02;1.191924e-01;4.903379e-01;1.720318e-02
6.953072e-02;5.970102e-02;1.111526e-02;2.606994e-02;4.304161e-02;3.129077e-02;4.454503e-02;7.503948e-02;3.910625e-02;1.992430e-01;3.702306e-01;3.108623e-02
4.983697e-02;9.887742e-02;1.563291e-02;2.132826e-02;7.786115e-02;3.265611e-02;5.296447e-02;7.269759e-02;5.663443e-02;2.158881e-01;2.496457e-01;5.597693e-02
8.338401e-02;1.426403e-01;3.277626e-02;2.533484e-02;8.006839e-02;3.882857e-02;7.771040e-02;9.456214e-02;5.055718e-02;1.307808e-01;1.951324e-01;4.822474e-02
1.088769e-01;1.666491e-01;3.766527e-02;2.275091e-02;3.640049e-02;4.872824e-02;1.239455e-01;1.493628e-01;3.386470e-02;3.887020e-02;1.981156e-01;3.477038e-02
9.494656e-02;1.312643e-01;2.990010e-02;1.519523e-02;3.784612e-02;5.325484e-02;1.795197e-01;2.193802e-01;1.414090e-02;4.728243e-02;1.445150e-01;3.275465e-02
8.213565e-02;8.729218e-02;2.959447e-02;1.596881e-02;4.774911e-02;5.125530e-02;2.181834e-01;3.014899e-01;2.362245e-02;6.754725e-02;5.614601e-02;1.901550e-02
6.739042e-02;6.071504e-02;2.373962e-02;3.167983e-02;3.434892e-02;2.537393e-02;1.793122e-01;3.039339e-01;5.038148e-02;9.394244e-02;1.126145e-01;1.656779e-02
4.128565e-02;6.155030e-02;2.493929e-02;4.617878e-02;2.405404e-02;1.542566e-02;1.713754e-01;2.485555e-01;8.716115e-02;1.023871e-01;1.660547e-01;1.103231e-02
6.539400e-02;3.827937e-02;2.458565e-02;4.857508e-02;1.746789e-02;2.310551e-02;1.845828e-01;2.520260e-01;9.956940e-02;8.703327e-02;1.435039e-01;1.587717e-02
5.248703e-02;2.694697e-02;1.708487e-02;4.921114e-02;1.442992e-02;2.041960e-02;2.159614e-01;3.082081e-01;1.062107e-01;8.416070e-02;8.742957e-02;1.744994e-02
5.513311e-02;3.163755e-02;1.606569e-02;4.872711e-02;1.269727e-02;1.696014e-02;2.304212e-01;3.064808e-01;1.151223e-01;9.037741e-02;6.335061e-02;1.302686e-02
5.307326e-02;3.407715e-02;1.534312e-02;3.995629e-02;1.334611e-02;1.792321e-02;2.656556e-01;2.950559e-01;1.146992e-01;9.201263e-02;4.710361e-02;1.175389e-02
7.821502e-02;4.168392e-02;1.004783e-02;2.215322e-02;1.563700e-02;2.046255e-02;2.270291e-01;1.720866e-01;7.065561e-02;1.082195e-01;2.280694e-01;5.740164e-03
8.148088e-02;4.735896e-02;1.547519e-02;4.284124e-02;2.470848e-02;2.852180e-02;1.477541e-01;8.879412e-02;4.903127e-02;1.065464e-01;3.619894e-01;5.498090e-03
4.074338e-02;2.919164e-02;1.891055e-02;3.554581e-02;5.736982e-02;2.632422e-02;1.131603e-01;1.259408e-01;4.363197e-02;1.089059e-01;3.946376e-01;5.637985e-03
3.526498e-02;2.575380e-02;1.560816e-02;2.006179e-02;1.018579e-01;1.668308e-02;6.205229e-02;8.258054e-02;3.356922e-02;1.250740e-01;4.759975e-01;5.496791e-03
2.950413e-02;2.101663e-02;8.880234e-03;2.927968e-02;8.253985e-02;2.784226e-02;4.005460e-02;3.580618e-02;2.186252e-02;1.081146e-01;5.891761e-01;5.923152e-03
3.258860e-02;1.296600e-02;9.173240e-03;2.760831e-02;3.013383e-02;5.995254e-02;3.854646e-02;1.924570e-02;1.035879e-02;7.024579e-02;6.864766e-01;2.704120e-03
3.647146e-02;7.119959e-03;1.515276e-02;1.094690e-02;1.585595e-02;9.051662e-02;2.779159e-02;1.655345e-02;1.389184e-02;5.904679e-02;7.032811e-01;3.371506e-03
6.077412e-02;1.653041e-02;1.680334e-02;3.328949e-03;2.457497e-02;8.140458e-02;3.002411e-02;1.421867e-02;3.296439e-02;6.825737e-02;6.423164e-01;8.802718e-03
9.919547e-02;1.912136e-02;1.094724e-02;4.606471e-03;4.503381e-02;4.730411e-02;5.270671e-02;3.008524e-02;4.373384e-02;5.493131e-02;5.722339e-01;2.010056e-02
1.688759e-01;2.737020e-02;6.110734e-03;9.436211e-03;4.876926e-02;2.270166e-02;8.897346e-02;4.797129e-02;2.916562e-02;2.595918e-02;4.889911e-01;3.567540e-02
2.214166e-01;3.610505e-02;4.348627e-03;1.384357e-02;2.814489e-02;1.659863e-02;1.199856e-01;3.949450e-02;1.184946e-02;1.431897e-02;4.498147e-01;4.407938e-02
1.996578e-01;6.184503e-02;5.207617e-03;2.467064e-02;1.074746e-02;1.697160e-02;1.139618e-01;2.621651e-02;1.616819e-02;1.534334e-02;4.723572e-01;3.685287e-02
2.970222e-01;5.022679e-02;4.456387e-03;2.838038e-02;1.880943e-02;1.929772e-02;6.172486e-02;2.640421e-02;2.203280e-02;2.001816e-02;4.290130e-01;2.261415e-02
3.967899e-01;7.493804e-02;5.781414e-03;1.729424e-02;3.793177e-02;1.684486e-02;2.248094e-02;4.011578e-02;2.443984e-02;1.721694e-02;3.319917e-01;1.417452e-02
3.909802e-01;1.534570e-01;8.673905e-03;6.320157e-03;7.419322e-02;1.024373e-02;1.752523e-02;4.578308e-02;1.937471e-02;1.357237e-02;2.491086e-01;1.076781e-02
3.629054e-01;2.335761e-01;1.004932e-02;1.285929e-02;9.021378e-02;1.030599e-02;3.081919e-02;3.538407e-02;1.781662e-02;1.326697e-02;1.732239e-01;9.579413e-03
4.507922e-01;2.478903e-01;1.677631e-02;2.204667e-02;4.251133e-02;1.251772e-02;5.387715e-02;3.328135e-02;2.490855e-02;2.064557e-02;6.326047e-02;1.149240e-02
3.663839e-01;2.210973e-01;2.925995e-02;2.066378e-02;2.506845e-02;1.427320e-02;7.198016e-02;4.941929e-02;2.289809e-02;2.701063e-02;1.394817e-01;1.246367e-02
2.707967e-01;1.398904e-01;4.437316e-02;2.936075e-02;3.003978e-02;3.748528e-02;1.105519e-01;6.247506e-02;3.391403e-02;4.528447e-02;1.745265e-01;2.130189e-02
2.137677e-01;9.669607e-02;4.785548e-02;4.391702e-02;4.013927e-02;5.625404e-02;9.793029e-02;6.405313e-02;5.648132e-02;9.399298e-02;1.649687e-01;2.394393e-02
2.839524e-01;1.321082e-01;2.318218e-02;2.578721e-02;3.536655e-02;4.568361e-02;6.932896e-02;4.777484e-02;3.421655e-02;8.169899e-02;1.983304e-01;2.257012e-02
4.077555e-01;1.349508e-01;1.147725e-02;1.314061e-02;2.941535e-02;6.657319e-02;5.529005e-02;4.984430e-02;1.944503e-02;7.132445e-02;1.071387e-01;3.364482e-02
4.431869e-01;1.116059e-01;1.335492e-02;2.872558e-02;2.219049e-02;7.292125e-02;7.963703e-02;4.885744e-02;1.741592e-02;6.799137e-02;6.488136e-02;2.923184e-02
3.526575e-01;1.401244e-01;1.799027e-02;3.871412e-02;2.339542e-02;5.766437e-02;1.089678e-01;5.965216e-02;1.714971e-02;4.669421e-02;1.161836e-01;2.080638e-02
2.634460e-01;2.783765e-01;4.332407e-02;2.700829e-02;3.746834e-02;6.257783e-02;8.061823e-02;6.639329e-02;2.220044e-02;2.011308e-02;8.726586e-02;1.120805e-02
2.474071e-01;2.567790e-01;6.817372e-02;3.614171e-02;3.982401e-02;9.427845e-02;9.051295e-02;6.140310e-02;2.418988e-02;2.446567e-02;4.110692e-02;1.571758e-02
1.702554e-01;1.594154e-01;3.819055e-02;4.189412e-02;4.106749e-02;6.838178e-02;2.335597e-01;1.487304e-01;1.956766e-02;3.365282e-02;2.689655e-02;1.838822e-02
6.578443e-02;7.340226e-02;2.357467e-02;3.550369e-02;3.710688e-02;8.197173e-02;2.891157e-01;2.443824e-01;5.086404e-02;4.381961e-02;4.100744e-02;1.346717e-02
4.393362e-02;4.694297e-02;1.966343e-02;2.655863e-02;3.013973e-02;6.415635e-02;2.584727e-01;2.733106e-01;8.274417e-02;5.876851e-02;7.521256e-02;2.009674e-02
6.637374e-02;4.252754e-02;1.295301e-02;4.117797e-02;5.673777e-02;5.047728e-02;1.660102e-01;2.169355e-01;8.545281e-02;6.059721e-02;1.609542e-01;3.980272e-02
8.480801e-02;2.857445e-02;1.661557e-02;5.802843e-02;5.424229e-02;6.220629e-02;8.575451e-02;1.546033e-01;9.382467e-02;4.888883e-02;2.075144e-01;1.049392e-01
8.629602e-02;4.816169e-02;2.927659e-02;6.168436e-02;4.215503e-02;7.434538e-02;1.155156e-01;1.045704e-01;8.730356e-02;5.608395e-02;1.381197e-01;1.564877e-01
5.896258e-02;6.173168e-02;3.111160e-02;4.097700e-02;5.396596e-02;7.135662e-02;1.709191e-01;6.822692e-02;1.193509e-01;4.953889e-02;8.997986e-02;1.838789e-01
7.570433e-02;5.123775e-02;2.879041e-02;2.948527e-02;4.452810e-02;6.533947e-02;1.835631e-01;1.397581e-01;1.295320e-01;6.467795e-02;6.544442e-02;1.219391e-01
8.147433e-02;3.889070e-02;3.735569e-02;4.128538e-02;3.540922e-02;8.523018e-02;1.410060e-01;1.681747e-01;1.061588e-01;7.242953e-02;1.148548e-01;7.773070e-02
6.196130e-02;4.717955e-02;4.671379e-02;2.480099e-02;4.460250e-02;1.230594e-01;7.217743e-02;1.545054e-01;7.361323e-02;5.641789e-02;2.354123e-01;5.955623e-02
3.600771e-02;3.234387e-02;5.237352e-02;5.413970e-03;2.347444e-02;1.656270e-01;4.949314e-02;9.029827e-02;8.994137e-02;5.197983e-02;3.678850e-01;3.516186e-02
3.037001e-02;1.790975e-02;4.257360e-02;1.191945e-02;1.761493e-02;1.525697e-01;5.062129e-02;3.464485e-02;7.076394e-02;1.133658e-01;4.330231e-01;2.462358e-02
4.189559e-02;3.037068e-02;3.197638e-02;1.518602e-02;3.631969e-02;1.037912e-01;6.958231e-02;8.324566e-02;4.162942e-02;1.249052e-01;3.969868e-01;2.411101e-02
6.885558e-02;7.846937e-02;3.785571e-02;1.868424e-02;4.673748e-02;6.832020e-02;8.160476e-02;1.798407e-01;2.994574e-02;8.694852e-02;2.864997e-01;1.623804e-02
6.820713e-02;1.034553e-01;3.969387e-02;1.461805e-02;3.811442e-02;5.601912e-02;1.101403e-01;2.769160e-01;2.185562e-02;5.262054e-02;1.966346e-01;2.172512e-02
5.401177e-02;7.144801e-02;2.606160e-02;1.550240e-02;3.246358e-02;7.181896e-02;8.780655e-02;2.498328e-01;2.890204e-02;7.712683e-02;2.594303e-01;2.559510e-02
8.453611e-02;4.469463e-02;1.356175e-02;2.240762e-02;3.442413e-02;7.765976e-02;7.691279e-02;1.763124e-01;2.582228e-02;1.029422e-01;3.250830e-01;1.564334e-02
8.812267e-02;3.693721e-02;1.058056e-02;2.969476e-02;2.631031e-02;7.183027e-02;7.116915e-02;1.188016e-01;1.257603e-02;1.155418e-01;4.060414e-01;1.239429e-02
7.724373e-02;3.936236e-02;8.578123e-03;3.900437e-02;2.193679e-02;5.776395e-02;7.637862e-02;9.753536e-02;1.692560e-02;1.174208e-01;4.392562e-01;8.594058e-03
7.345160e-02;2.416195e-02;9.409146e-03;3.915774e-02;1.439610e-02;4.476502e-02;8.985923e-02;8.492152e-02;1.935546e-02;9.060300e-02;5.012448e-01;8.674419e-03
1.185142e-01;3.584613e-02;2.050903e-02;1.792796e-02;1.569430e-02;5.837073e-02;7.423537e-02;9.632181e-02;2.480263e-02;4.508343e-02;4.854096e-01;7.284861e-03
1.542667e-01;5.934361e-02;3.967851e-02;1.827936e-02;2.060355e-02;6.642709e-02;6.817585e-02;8.612132e-02;1.978553e-02;2.592292e-02;4.315799e-01;9.815536e-03
1.174329e-01;3.775403e-02;3.946546e-02;2.154973e-02;1.935735e-02;5.340484e-02;6.783368e-02;7.094344e-02;1.818877e-02;2.634784e-02;5.119151e-01;1.580679e-02
1.325750e-01;3.377703e-02;2.210243e-02;1.439380e-02;1.166964e-02;3.257399e-02;7.095537e-02;4.490780e-02;1.608477e-02;2.458164e-02;5.717793e-01;2.459924e-02
2.418323e-01;4.364724e-02;8.232882e-03;1.823076e-02;8.897564e-03;2.832429e-02;6.837719e-02;3.974413e-02;1.157585e-02;2.599580e-02;4.772997e-01;2.784234e-02
3.986165e-01;7.943827e-02;6.575387e-03;1.745195e-02;1.170680e-02;3.528837e-02;4.395462e-02;6.793561e-02;1.210470e-02;2.470990e-02;2.829971e-01;1.922079e-02
5.235171e-01;1.429753e-01;1.211249e-02;8.490554e-03;2.988393e-02;2.617422e-02;3.410600e-02;1.130046e-01;1.276978e-02;1.750443e-02;6.899670e-02;1.046491e-02
3.928016e-01;1.818841e-01;1.259256e-02;3.596338e-03;5.771872e-02;2.059120e-02;3.827427e-02;1.034613e-01;9.969193e-03;1.063269e-02;1.600203e-01;8.457788e-03
3.981934e-01;2.234250e-01;1.469264e-02;5.972450e-03;6.624953e-02;1.230579e-02;4.837346e-02;6.329351e-02;7.089083e-03;5.252315e-03;1.495156e-01;5.637234e-03
3.895952e-01;2.852099e-01;1.463636e-02;4.160797e-03;4.591190e-02;7.152222e-03;7.394101e-02;4.402302e-02;1.056160e-02;6.581299e-03;1.144119e-01;3.814680e-03
3.474563e-01;3.716902e-01;1.719936e-02;5.681670e-03;1.954382e-02;1.148494e-02;8.207475e-02;4.501905e-02;1.914948e-02;7.714658e-03;6.879859e-02;4.187189e-03
3.864791e-01;4.185292e-01;2.300921e-02;7.012705e-03;1.866861e-02;1.462856e-02;4.830260e-02;3.495217e-02;2.292693e-02;7.677369e-03;1.325144e-02;4.562112e-03
4.062921e-01;3.965068e-01;2.259516e-02;8.651902e-03;2.654955e-02;1.147065e-02;2.893539e-02;4.118486e-02;1.878549e-02;6.556869e-03;2.998150e-02;2.489745e-03
4.077498e-01;3.339502e-01;2.682591e-02;1.218655e-02;3.036355e-02;1.051420e-02;3.884813e-02;6.129042e-02;1.865866e-02;1.347503e-02;4.381772e-02;2.319850e-03
3.957579e-01;2.006256e-01;2.400709e-02;1.834577e-02;2.451065e-02;2.649597e-02;7.823373e-02;7.507499e-02;3.215574e-02;2.872036e-02;8.902032e-02;7.051847e-03
2.979221e-01;1.959311e-01;2.362881e-02;1.933709e-02;1.999516e-02;3.123228e-02;8.802371e-02;7.182578e-02;3.572401e-02;4.623506e-02;1.534977e-01;1.664723e-02
1.618791e-01;1.630971e-01;2.587308e-02;3.167859e-02;2.342085e-02;4.253814e-02;8.601310e-02;9.047405e-02;4.656187e-02;8.183919e-02;2.221404e-01;2.448454e-02
2.561258e-01;1.203199e-01;2.035798e-02;1.983183e-02;2.082357e-02;4.802659e-02;6.117338e-02;6.850732e-02;3.162591e-02;7.304617e-02;2.667522e-01;1.340942e-02
2.481545e-01;1.060647e-01;2.457560e-02;8.999936e-03;1.263417e-02;6.174329e-02;3.817296e-02;3.889843e-02;1.809718e-02;5.638948e-02;3.775595e-01;8.710329e-03
1.457552e-01;9.743164e-02;2.393925e-02;1.238405e-02;1.998407e-02;6.200578e-02;5.072245e-02;4.090133e-02;1.204866e-02;4.898556e-02;4.794117e-01;6.430315e-03
8.690331e-02;7.832295e-02;1.691037e-02;1.040018e-02;4.137239e-02;4.513696e-02;5.075550e-02;3.447940e-02;1.236036e-02;6.555009e-02;5.516840e-01;6.124527e-03
1.095856e-01;8.720600e-02;9.828584e-03;8.681921e-03;5.920683e-02;2.582508e-02;5.271575e-02;3.360682e-02;2.180303e-02;8.653713e-02;4.976256e-01;7.377654e-03
9.341224e-02;6.485631e-02;1.944098e-02;1.779806e-02;4.491555e-02;2.012165e-02;9.404689e-02;1.116050e-01;3.924905e-02;1.056394e-01;3.758742e-01;1.304069e-02
1.027562e-01;4.531791e-02;2.735430e-02;6.005524e-02;4.078691e-02;1.686738e-02;1.270155e-01;1.882424e-01;7.685058e-02;1.026846e-01;1.995406e-01;1.252836e-02
1.215360e-01;4.207455e-02;1.713627e-02;7.622854e-02;4.148478e-02;1.420573e-02;1.445428e-01;2.677454e-01;1.041596e-01;8.556391e-02;7.857288e-02;6.749503e-03
7.345282e-02;3.300257e-02;1.998951e-02;9.679423e-02;2.989353e-02;1.701868e-02;1.812300e-01;3.745484e-01;6.963138e-02;4.135987e-02;5.272884e-02;1.035022e-02
3.528845e-02;2.258247e-02;2.176477e-02;6.872795e-02;1.972816e-02;3.426111e-02;2.303395e-01;4.590941e-01;3.531437e-02;2.268038e-02;3.520299e-02;1.501582e-02
1.664957e-02;4.040926e-02;2.187722e-02;2.338503e-02;1.147797e-02;4.667724e-02;2.933602e-01;4.702175e-01;2.019726e-02;2.191411e-02;1.765977e-02;1.617488e-02
