9.538044e-02;7.071236e-02;8.267826e-02;4.758739e-02;6.629274e-02;6.444864e-02;1.545136e-01;8.062832e-02;1.264683e-01;7.619371e-02;6.788260e-02;6.721359e-02
8.454587e-02;6.695263e-02;9.188710e-02;5.593605e-02;7.417732e-02;5.389589e-02;1.559957e-01;7.530921e-02;1.178898e-01;6.226997e-02;9.013763e-02;7.100283e-02
6.684288e-02;6.008122e-02;1.133712e-01;7.575354e-02;5.770094e-02;3.123363e-02;1.395472e-01;7.724603e-02;1.120716e-01;9.083004e-02;9.343243e-02;8.188941e-02
9.320086e-02;4.637276e-02;1.138955e-01;8.776698e-02;7.977641e-02;5.756308e-02;1.217926e-01;6.636036e-02;8.150081e-02;8.730404e-02;9.538404e-02;6.908261e-02
7.914317e-02;5.170443e-02;6.388402e-02;6.084671e-02;8.764026e-02;1.010414e-01;1.383588e-01;7.800295e-02;9.089467e-02;8.864595e-02;9.550585e-02;6.433175e-02
9.331185e-02;8.613387e-02;6.687159e-02;4.713608e-02;7.192053e-02;9.777708e-02;6.683744e-02;5.763894e-02;1.278275e-01;9.745878e-02;9.285194e-02;9.423447e-02
1.019129e-01;8.890030e-02;6.054652e-02;4.444271e-02;8.902977e-02;9.441856e-02;6.077407e-02;9.193320e-02;1.051391e-01;9.024330e-02;9.659058e-02;7.606899e-02
1.072506e-01;8.672929e-02;5.121594e-02;4.151794e-02;1.040909e-01;8.031172e-02;8.249307e-02;1.227318e-01;8.181451e-02;8.208087e-02;9.584224e-02;6.392112e-02
1.094831e-01;7.966629e-02;6.536970e-02;3.698865e-02;1.129781e-01;5.977772e-02;9.326043e-02;1.352335e-01;7.611552e-02;7.837289e-02;9.239461e-02;6.035965e-02
7.458252e-02;1.167600e-01;1.188788e-01;2.915436e-02;7.785794e-02;1.185271e-01;5.850000e-02;7.244167e-02;1.702194e-01;6.474771e-02;5.197796e-02;4.635246e-02
3.731360e-02;1.595567e-01;1.259065e-01;3.538005e-02;2.364581e-02;1.829039e-01;3.717731e-02;2.460821e-02;2.282789e-01;3.226512e-02;3.968347e-02;7.328040e-02
2.679559e-02;1.520873e-01;1.596949e-01;2.839114e-02;2.080441e-02;1.809033e-01;2.613481e-02;2.901194e-02;2.194587e-01;3.634432e-02;3.218526e-02;8.818833e-02
4.489395e-02;1.730238e-01;1.923702e-01;1.758874e-02;2.328573e-02;1.291808e-01;1.734966e-02;3.504944e-02;2.163384e-01;4.566478e-02;2.238939e-02;8.286505e-02
6.521086e-02;1.977739e-01;2.177903e-01;1.449823e-02;1.851803e-02;6.959756e-02;1.876233e-02;4.782496e-02;2.344539e-01;4.282468e-02;1.691041e-02;5.583488e-02
8.808097e-02;1.695291e-01;2.225145e-01;2.472157e-02;1.989635e-02;5.169319e-02;3.343853e-02;6.709253e-02;2.292574e-01;3.598190e-02;1.856334e-02;3.923054e-02
1.160458e-01;1.413563e-01;1.821376e-01;2.857086e-02;3.284464e-02;5.402074e-02;6.829058e-02;8.846692e-02;1.813073e-01;3.707273e-02;3.176162e-02;3.812489e-02
1.252484e-01;1.107640e-01;1.272480e-01;3.512742e-02;6.858296e-02;4.326054e-02;9.602424e-02;7.970406e-02;1.697618e-01;5.159232e-02;4.990152e-02;4.278484e-02
1.130087e-01;3.486558e-02;9.307523e-02;4.380888e-02;1.014656e-01;7.791398e-02;8.002190e-02;8.754170e-02;2.160422e-01;6.662218e-02;4.584755e-02;3.978652e-02
9.076556e-02;3.152969e-02;7.726357e-02;4.812904e-02;7.769378e-02;2.048634e-01;7.516947e-02;1.134003e-01;1.021314e-01;6.778032e-02;6.157859e-02;4.969491e-02
8.645452e-02;6.330995e-02;6.143440e-02;5.019620e-02;5.128015e-02;1.979259e-01;7.343020e-02;8.777699e-02;1.740058e-01;3.923253e-02;4.897728e-02;6.597611e-02
5.329686e-02;8.139218e-02;8.215112e-02;4.684592e-02;6.218588e-02;1.403340e-01;8.988109e-02;5.985594e-02;2.284222e-01;4.648155e-02;3.498344e-02;7.416984e-02
6.495471e-02;7.891127e-02;8.686609e-02;3.894880e-02;1.052347e-01;5.107345e-02;9.511766e-02;5.428915e-02;2.402431e-01;5.369864e-02;4.697600e-02;8.368648e-02
8.486802e-02;8.060501e-02;7.906153e-02;3.485978e-02;1.101338e-01;1.172293e-01;8.243418e-02;5.979695e-02;1.760178e-01;7.675306e-02;4.465904e-02;5.358153e-02
1.475268e-01;8.281827e-02;9.750125e-02;9.556881e-02;6.935352e-02;7.327562e-02;8.094146e-02;7.252295e-02;3.778989e-02;7.792872e-02;8.561794e-02;7.915471e-02
1.411412e-01;6.657939e-02;1.089525e-01;9.514543e-02;7.053516e-02;5.633818e-02;7.906733e-02;7.276916e-02;5.574994e-02;8.183303e-02;8.898652e-02;8.290218e-02
1.225650e-01;4.547182e-02;1.181318e-01;8.278122e-02;6.909646e-02;5.639300e-02;8.309337e-02;9.278753e-02;9.881166e-02;9.054412e-02;7.672876e-02;6.359518e-02
9.852398e-02;3.314933e-02;1.291851e-01;6.613768e-02;6.444715e-02;6.062361e-02;7.611424e-02;1.144392e-01;1.638352e-01;9.654537e-02;5.496237e-02;4.203681e-02
8.975199e-02;4.063348e-02;1.419105e-01;6.622142e-02;4.148035e-02;6.033328e-02;1.052131e-01;8.214565e-02;1.752643e-01;8.238899e-02;4.646935e-02;6.818756e-02
6.002980e-02;4.439948e-02;1.924925e-01;1.054076e-01;9.748074e-02;5.934419e-02;1.158131e-01;4.182643e-02;8.969840e-02;4.598220e-02;8.695105e-02;6.057449e-02
3.369334e-02;5.009277e-02;2.106995e-01;1.555087e-01;8.976690e-02;4.830676e-02;8.596109e-02;4.295297e-02;3.394733e-02;3.612230e-02;1.695865e-01;4.336186e-02
5.931139e-02;2.921918e-02;1.996010e-01;1.979202e-01;4.866371e-02;3.169098e-02;4.401767e-02;4.728227e-02;2.678482e-02;4.152306e-02;2.499275e-01;2.405817e-02
1.257292e-01;1.321612e-02;1.589154e-01;1.813148e-01;2.637479e-02;2.292624e-02;2.989235e-02;5.194076e-02;1.601537e-02;7.717653e-02;2.727934e-01;2.370490e-02
2.364141e-01;1.118460e-02;1.754854e-01;1.090382e-01;1.546185e-02;1.728309e-02;3.504687e-02;3.743537e-02;1.794796e-02;1.315885e-01;1.907093e-01;2.240469e-02
3.069675e-01;1.261302e-02;2.025585e-01;4.535024e-02;1.276676e-02;1.212192e-02;5.545904e-02;2.974018e-02;1.344540e-02;1.672034e-01;1.269570e-01;1.481710e-02
2.308779e-01;1.461477e-02;1.467649e-01;1.400980e-01;1.669599e-02;9.989797e-03;3.675582e-02;3.381685e-02;1.699420e-02;1.224853e-01;2.172984e-01;1.360807e-02
9.339601e-02;1.531409e-02;7.927072e-02;2.504596e-01;1.710928e-02;1.679152e-02;1.357043e-02;4.834679e-02;1.281251e-02;7.858475e-02;3.550597e-01;1.928462e-02
3.009085e-02;2.923217e-02;6.833246e-02;2.482194e-01;3.331396e-02;2.216427e-02;1.502576e-02;8.241822e-02;1.075147e-02;5.113906e-02;3.722707e-01;3.704177e-02
2.986394e-02;3.867749e-02;4.531145e-02;1.899799e-01;7.151776e-02;2.865816e-02;2.387156e-02;9.186944e-02;2.077166e-02;3.928033e-02;3.319682e-01;8.823018e-02
2.821035e-02;3.372405e-02;5.803326e-02;1.076705e-01;1.399356e-01;4.455500e-02;4.067038e-02;6.049000e-02;3.584930e-02;3.270125e-02;2.624590e-01;1.557013e-01
2.797320e-02;1.463755e-02;9.003891e-02;9.151296e-02;1.941985e-01;6.517719e-02;6.288461e-02;4.321432e-02;4.328456e-02;3.313899e-02;1.666555e-01;1.672837e-01
2.070691e-02;1.516902e-02;1.809121e-01;1.502037e-01;2.027517e-01;6.340129e-02;9.900966e-02;6.107956e-02;2.336274e-02;2.330052e-02;8.796829e-02;7.213449e-02
2.239039e-02;2.239296e-02;2.594944e-01;1.411819e-01;1.352448e-01;3.422843e-02;6.810421e-02;6.153059e-02;1.270392e-02;4.098606e-02;1.728059e-01;2.893632e-02
2.613203e-02;3.649550e-02;3.449196e-01;8.788043e-02;7.845436e-02;2.351534e-02;2.829843e-02;6.192491e-02;1.764503e-02;5.093407e-02;1.806848e-01;6.311547e-02
2.899273e-02;4.737697e-02;3.603746e-01;8.803011e-02;7.199170e-02;2.633123e-02;2.263625e-02;4.967180e-02;2.984908e-02;3.717053e-02;1.547258e-01;8.284925e-02
5.156812e-02;4.292306e-02;2.268297e-01;1.244313e-01;1.016263e-01;3.803519e-02;4.731402e-02;2.387740e-02;3.403724e-02;4.685225e-02;1.702263e-01;9.227911e-02
5.969802e-02;4.093527e-02;1.576190e-01;1.237042e-01;1.297662e-01;5.495853e-02;6.427098e-02;2.765876e-02;3.409602e-02;9.092780e-02;1.243843e-01;9.198079e-02
6.015566e-02;3.897046e-02;1.160780e-01;1.045170e-01;1.055316e-01;6.733708e-02;7.669216e-02;6.275496e-02;4.411324e-02;9.383707e-02;1.321578e-01;9.785502e-02
5.879476e-02;2.983044e-02;2.727380e-01;1.064428e-01;1.074249e-01;7.890682e-02;8.992391e-02;2.990403e-02;3.351799e-02;5.142166e-02;6.916539e-02;7.192932e-02
4.048977e-02;3.211144e-02;2.316746e-01;1.402719e-01;1.499855e-01;8.017958e-02;8.688796e-02;3.265660e-02;3.261416e-02;3.212127e-02;1.023832e-01;3.862404e-02
4.590952e-02;1.639971e-02;2.603587e-01;1.432027e-01;1.284711e-01;7.544332e-02;7.317508e-02;2.649588e-02;1.620631e-02;6.679904e-02;1.239907e-01;2.354807e-02
5.078609e-02;2.141255e-02;3.359856e-01;1.084057e-01;7.736848e-02;4.720255e-02;5.175479e-02;1.419934e-02;3.665714e-02;1.323297e-01;1.046742e-01;1.922386e-02
5.347551e-02;6.088196e-02;3.817347e-01;5.431104e-02;3.211170e-02;2.237903e-02;3.707474e-02;1.219166e-02;7.261918e-02;1.732141e-01;6.115624e-02;3.885017e-02
4.211422e-02;9.781078e-02;4.066432e-01;2.713429e-02;1.259001e-02;1.581125e-02;2.802659e-02;1.380241e-02;1.159374e-01;1.512831e-01;2.841837e-02;6.042852e-02
2.102115e-02;8.868438e-02;4.333909e-01;3.890824e-02;1.570377e-02;2.057349e-02;5.581448e-02;2.354874e-02;1.160939e-01;1.225864e-01;2.288363e-02;4.079095e-02
1.921923e-02;5.250601e-02;4.308346e-01;6.142620e-02;4.151645e-02;3.506646e-02;7.050209e-02;3.783342e-02;9.230617e-02;9.541608e-02;4.262506e-02;2.074817e-02
3.777425e-02;2.326244e-02;4.417803e-01;6.992251e-02;6.107418e-02;4.187548e-02;6.495492e-02;4.078591e-02;7.793132e-02;6.918160e-02;5.082287e-02;2.063424e-02
5.436942e-02;2.493862e-02;4.448572e-01;6.926247e-02;6.211245e-02;4.140466e-02;6.098501e-02;2.554372e-02;5.595136e-02;1.063431e-01;3.747182e-02;1.676012e-02
6.021351e-02;4.189218e-02;2.851382e-01;9.578370e-02;5.603191e-02;5.120084e-02;8.647306e-02;5.228050e-02;6.010077e-02;1.209500e-01;5.389383e-02;3.604152e-02
5.260512e-02;6.758969e-02;2.295191e-01;1.107440e-01;6.631622e-02;5.436115e-02;9.549180e-02;5.813022e-02;6.521706e-02;9.521639e-02;5.683916e-02;4.797015e-02
4.273893e-02;5.341026e-02;2.823287e-01;1.031364e-01;6.322177e-02;5.318876e-02;6.810203e-02;6.157940e-02;9.156592e-02;9.039231e-02;4.726148e-02;4.307405e-02
5.832369e-02;5.071824e-02;2.323073e-01;6.705619e-02;4.072739e-02;5.914127e-02;9.200341e-02;6.230173e-02;1.140556e-01;1.173435e-01;6.173029e-02;4.429143e-02
5.780262e-02;3.444303e-02;1.612401e-01;6.879486e-02;4.462405e-02;4.562438e-02;1.222611e-01;5.547235e-02;1.324426e-01;1.225570e-01;9.966458e-02;5.507341e-02
6.952628e-02;6.684171e-02;1.280393e-01;6.691807e-02;5.417885e-02;2.852910e-02;1.227635e-01;5.118721e-02;1.407517e-01;1.021344e-01;1.123755e-01;5.675428e-02
6.388729e-02;1.054876e-01;1.531551e-01;6.681304e-02;6.291971e-02;6.607921e-02;1.133289e-01;4.396303e-02;1.198753e-01;9.650535e-02;6.709763e-02;4.088778e-02
4.098102e-02;9.899927e-02;1.457864e-01;5.552986e-02;4.717042e-02;8.459194e-02;1.167655e-01;4.249566e-02;7.527957e-02;1.542839e-01;9.572148e-02;4.239495e-02
5.908499e-02;9.239321e-02;1.682087e-01;6.601445e-02;4.429867e-02;6.816252e-02;1.395055e-01;4.221381e-02;5.259456e-02;1.393059e-01;1.021127e-01;2.610499e-02
6.579928e-02;7.184886e-02;1.510867e-01;5.969049e-02;2.431021e-02;5.897793e-02;1.728006e-01;8.142885e-02;6.216376e-02;9.365737e-02;1.106116e-01;4.762430e-02
4.396970e-02;5.588793e-02;1.366464e-01;4.732062e-02;3.926878e-02;5.550560e-02;1.796820e-01;8.152990e-02;9.355260e-02;9.290975e-02;1.164156e-01;5.731105e-02
5.752261e-02;5.944495e-02;1.167656e-01;4.557666e-02;5.223971e-02;7.149717e-02;2.241209e-01;7.370574e-02;7.900674e-02;8.221970e-02;9.548628e-02;4.241396e-02
5.052594e-02;8.354103e-02;1.180755e-01;2.196499e-02;4.834678e-02;7.834673e-02;2.705159e-01;7.404698e-02;6.758276e-02;8.173059e-02;7.866570e-02;2.665704e-02
6.435559e-02;7.516745e-02;7.406787e-02;2.245767e-02;5.329108e-02;5.666650e-02;2.554685e-01;8.553497e-02;6.556731e-02;1.066922e-01;8.076192e-02;5.996898e-02
5.248388e-02;6.566858e-02;8.332088e-02;4.198243e-02;7.759644e-02;7.612392e-02;1.994060e-01;7.904793e-02;8.000866e-02;1.098580e-01;8.069241e-02;5.381090e-02
4.110860e-02;5.395373e-02;6.682584e-02;6.647401e-02;9.585064e-02;6.474438e-02;1.505537e-01;5.800978e-02;1.204414e-01;1.247651e-01;8.886535e-02;6.840748e-02
5.307421e-02;4.846342e-02;7.802165e-02;5.727674e-02;1.001440e-01;7.492481e-02;1.087109e-01;6.871427e-02;1.305303e-01;1.309664e-01;6.950108e-02;7.967220e-02
1.067116e-01;8.230837e-02;1.619920e-01;5.402883e-02;4.666851e-02;6.202621e-02;1.234146e-01;8.930075e-02;1.032953e-01;7.101259e-02;4.236452e-02;5.687663e-02
1.726935e-01;1.125494e-01;1.652533e-01;4.223184e-02;5.568500e-02;3.242418e-02;1.125917e-01;1.260926e-01;7.600698e-02;3.926748e-02;2.311102e-02;4.209297e-02
1.955731e-01;9.695006e-02;1.254614e-01;5.461570e-02;5.387941e-02;1.935452e-02;1.440689e-01;1.732990e-01;5.708990e-02;2.715822e-02;1.328234e-02;3.926748e-02
1.680879e-01;5.037206e-02;6.057082e-02;7.519009e-02;3.858265e-02;1.079036e-02;2.629621e-01;2.068920e-01;1.723569e-02;2.463091e-02;2.112786e-02;6.355758e-02
1.015730e-01;1.460653e-02;2.677394e-02;9.934008e-02;1.795484e-02;1.853775e-02;3.889411e-01;1.940902e-01;1.000991e-02;2.420973e-02;1.815519e-02;8.580769e-02
8.626594e-02;1.171420e-02;2.070143e-02;1.011508e-01;1.002466e-02;1.099040e-02;4.115247e-01;1.988396e-01;2.251838e-02;1.937796e-02;1.507781e-02;9.181407e-02
5.541971e-02;9.804068e-03;1.474584e-02;1.321871e-01;3.554832e-03;1.571661e-02;4.202940e-01;1.859007e-01;1.845634e-02;1.886582e-02;1.321142e-02;1.118435e-01
2.651596e-02;1.173961e-02;1.113061e-02;1.954232e-01;5.861163e-03;2.255284e-02;4.397240e-01;1.278700e-01;1.019970e-02;1.413022e-02;1.890676e-02;1.159459e-01
2.496188e-02;7.654389e-03;1.914544e-02;2.517699e-01;4.514826e-03;2.984557e-02;4.492314e-01;5.921333e-02;8.690147e-03;1.608016e-02;1.791959e-02;1.109735e-01
4.677041e-02;6.948848e-03;1.262103e-02;2.525915e-01;8.546478e-03;2.505281e-02;4.149413e-01;9.182437e-02;9.982422e-03;2.613479e-02;8.444347e-03;9.614173e-02
6.096033e-02;5.754033e-03;9.501456e-03;2.070427e-01;1.733596e-02;1.119503e-02;3.741616e-01;1.580133e-01;1.313854e-02;3.934707e-02;1.302112e-02;9.052887e-02
5.010035e-02;6.101460e-03;8.633574e-03;1.784727e-01;1.306247e-02;1.036589e-02;3.681071e-01;1.914566e-01;6.688638e-03;5.250471e-02;7.927775e-03;1.065787e-01
3.395037e-02;8.477338e-03;8.030976e-03;1.592106e-01;6.744322e-03;1.725917e-02;3.673923e-01;1.586181e-01;1.600942e-02;8.567557e-02;1.300710e-02;1.256248e-01
5.796655e-02;1.310877e-02;1.281435e-02;1.180346e-01;1.825384e-02;2.361434e-02;3.607125e-01;1.010329e-01;3.140044e-02;1.121866e-01;3.010442e-02;1.207708e-01
1.072563e-01;2.167116e-02;2.233512e-02;7.276062e-02;2.040685e-02;1.790486e-02;2.796302e-01;1.734206e-01;7.802710e-02;9.255245e-02;3.593323e-02;7.810159e-02
1.018624e-01;5.537504e-02;3.413953e-02;4.298159e-02;2.407753e-02;2.672802e-02;1.450725e-01;2.386778e-01;1.681295e-01;5.302630e-02;5.347762e-02;5.645222e-02
6.693064e-02;8.882808e-02;6.561505e-02;2.755682e-02;2.404710e-02;2.835499e-02;4.053716e-02;1.985849e-01;2.930601e-01;4.467975e-02;4.693916e-02;7.486634e-02
4.897431e-02;8.524440e-02;1.551318e-01;2.358242e-02;1.799841e-02;2.020426e-02;2.977119e-02;1.112544e-01;3.137104e-01;9.111651e-02;2.848744e-02;7.452435e-02
6.128916e-02;7.663304e-02;2.736641e-01;4.592296e-02;3.191978e-02;2.133785e-02;3.879045e-02;4.420296e-02;2.127447e-01;1.180054e-01;3.403883e-02;4.145076e-02
7.147672e-02;7.872652e-02;3.317412e-01;6.431827e-02;5.116504e-02;4.044458e-02;5.575405e-02;2.935586e-02;1.237794e-01;9.784492e-02;3.343808e-02;2.195534e-02
5.014878e-02;5.273781e-02;3.276955e-01;5.508976e-02;3.509995e-02;4.285081e-02;8.722316e-02;8.921026e-02;1.357544e-01;5.957077e-02;2.774821e-02;3.687059e-02
4.172121e-02;2.120912e-02;2.617016e-01;3.508822e-02;2.845281e-02;2.845324e-02;1.449950e-01;1.402929e-01;1.468596e-01;4.850380e-02;5.564724e-02;4.707528e-02
4.880572e-02;3.309635e-02;2.394516e-01;4.308998e-02;2.798026e-02;1.782723e-02;1.858802e-01;1.341913e-01;1.366407e-01;4.201467e-02;4.734075e-02;4.368133e-02
4.189637e-02;2.387409e-02;1.884304e-01;5.139996e-02;2.052442e-02;1.677382e-02;1.952844e-01;1.358273e-01;2.135474e-01;3.143339e-02;3.365713e-02;4.735136e-02
3.708452e-02;4.629835e-02;9.235919e-02;4.409863e-02;2.278687e-02;3.019777e-02;1.918624e-01;1.650175e-01;2.560715e-01;2.353823e-02;2.770887e-02;6.297604e-02
3.729453e-02;6.982043e-02;9.793267e-02;5.334703e-02;3.788081e-02;3.965430e-02;1.693559e-01;1.886671e-01;1.139914e-01;6.723154e-02;3.586444e-02;8.895981e-02
7.402438e-02;6.984968e-02;1.185862e-01;5.423190e-02;4.910274e-02;3.756876e-02;1.117883e-01;1.228286e-01;1.295573e-01;9.751834e-02;5.610455e-02;7.883923e-02
5.813174e-02;8.307628e-02;1.349083e-01;4.643273e-02;4.857009e-02;3.411623e-02;1.217728e-01;1.214440e-01;1.158830e-01;9.798058e-02;5.820874e-02;7.947545e-02
6.979469e-02;6.658589e-02;1.306579e-01;5.175114e-02;5.378380e-02;3.391800e-02;1.635195e-01;8.460224e-02;1.384017e-01;8.637942e-02;4.882697e-02;7.177868e-02
5.029249e-02;4.586031e-02;1.013186e-01;5.045772e-02;5.010575e-02;5.708245e-02;1.342786e-01;1.392621e-01;1.994595e-01;1.020616e-01;3.376608e-02;3.605475e-02
3.575319e-02;5.028423e-02;1.336383e-01;6.750552e-02;7.022890e-02;7.467465e-02;1.385030e-01;9.178803e-02;1.137166e-01;1.379498e-01;5.091331e-02;3.504437e-02
4.496047e-02;4.917057e-02;1.447209e-01;6.851434e-02;6.781143e-02;6.707785e-02;1.305197e-01;9.102453e-02;7.251897e-02;1.762612e-01;5.124990e-02;3.617017e-02
4.267685e-02;4.672462e-02;1.083058e-01;1.097682e-01;7.791619e-02;5.407921e-02;9.189267e-02;1.092690e-01;1.025529e-01;1.906257e-01;3.805514e-02;2.813367e-02
5.471940e-02;4.695081e-02;9.659141e-02;1.063163e-01;8.997285e-02;6.406690e-02;5.570375e-02;1.381727e-01;1.151627e-01;1.535976e-01;4.130650e-02;3.743912e-02
7.553232e-02;5.025667e-02;1.736373e-01;4.484859e-02;1.061996e-01;6.337462e-02;1.688143e-01;8.923356e-02;6.996341e-02;6.957275e-02;4.775721e-02;4.080966e-02
9.336055e-02;6.877654e-02;2.579871e-01;5.353301e-02;8.660053e-02;6.367157e-02;1.693063e-01;3.818933e-02;4.122651e-02;6.232155e-02;3.634853e-02;2.867848e-02
1.121217e-01;1.068635e-01;2.964858e-01;4.705318e-02;6.882282e-02;5.898690e-02;1.101234e-01;2.443952e-02;5.383929e-02;6.492838e-02;2.834086e-02;2.799477e-02
8.387808e-02;1.384424e-01;3.370491e-01;4.356382e-02;5.248090e-02;6.412976e-02;8.457677e-02;2.543026e-02;6.137082e-02;5.967453e-02;2.511718e-02;2.428643e-02
7.704589e-02;1.538672e-01;3.580913e-01;3.867948e-02;4.930884e-02;5.831501e-02;8.507625e-02;3.030433e-02;5.039414e-02;5.049765e-02;2.441761e-02;2.400228e-02
1.434533e-01;1.484208e-01;3.044301e-01;4.068062e-02;6.196748e-02;4.382085e-02;1.007627e-01;2.635390e-02;3.199955e-02;4.659209e-02;2.620389e-02;2.531463e-02
1.575350e-01;1.133780e-01;1.300693e-01;5.930385e-02;5.539966e-02;4.996795e-02;2.148539e-01;4.167768e-02;3.666271e-02;7.541492e-02;3.989619e-02;2.584074e-02
8.379894e-02;2.956957e-02;2.123496e-01;3.605238e-02;8.231231e-02;6.866169e-02;2.059047e-01;4.491808e-02;6.144714e-02;7.974747e-02;5.483580e-02;4.040235e-02
7.991241e-02;5.789949e-02;1.898604e-01;4.169150e-02;9.196137e-02;6.179863e-02;1.240095e-01;7.583378e-02;6.089169e-02;1.117290e-01;4.609831e-02;5.831392e-02
9.716176e-02;7.682958e-02;1.995367e-01;4.074429e-02;7.949591e-02;6.375688e-02;9.300691e-02;7.793650e-02;6.430184e-02;1.093500e-01;4.815523e-02;4.972431e-02
6.214027e-02;4.868542e-02;2.314701e-01;4.409391e-02;7.361347e-02;8.345732e-02;1.197172e-01;6.536022e-02;7.724299e-02;9.349670e-02;5.730981e-02;4.341264e-02
3.822966e-02;5.236703e-02;2.200515e-01;4.748208e-02;7.021463e-02;8.661469e-02;1.322429e-01;4.129585e-02;1.154634e-01;7.644722e-02;6.415851e-02;5.543255e-02
9.790730e-02;9.438192e-02;1.478475e-01;3.574972e-02;4.615420e-02;6.350163e-02;1.088464e-01;5.158421e-02;1.585887e-01;9.056255e-02;5.256192e-02;5.231391e-02
1.276467e-01;9.932473e-02;1.137507e-01;3.958737e-02;5.365057e-02;6.695285e-02;9.981507e-02;7.429362e-02;1.208227e-01;1.006337e-01;5.826510e-02;4.525693e-02
1.380822e-01;1.204918e-01;9.587596e-02;4.565446e-02;6.417136e-02;6.206090e-02;1.010320e-01;8.201066e-02;6.774524e-02;1.108830e-01;6.364726e-02;4.834512e-02
5.661451e-02;9.893624e-02;1.223021e-01;6.293534e-02;6.824290e-02;8.299977e-02;1.055996e-01;1.054727e-01;1.089038e-01;1.030244e-01;6.593902e-02;1.902960e-02
7.959963e-02;9.573092e-02;8.110379e-02;6.863480e-02;5.748701e-02;6.499448e-02;1.399838e-01;1.237584e-01;1.296412e-01;9.290910e-02;5.044423e-02;1.571253e-02
9.004791e-02;1.023310e-01;8.847484e-02;6.556474e-02;6.742585e-02;5.099343e-02;1.295436e-01;1.165817e-01;1.229344e-01;8.867587e-02;5.328443e-02;2.414218e-02
9.844401e-02;1.010638e-01;1.326430e-01;5.625323e-02;8.311588e-02;4.487488e-02;1.134313e-01;9.520618e-02;1.071513e-01;7.867086e-02;5.190222e-02;3.724339e-02
6.310598e-02;8.515241e-02;2.682019e-01;7.610185e-02;9.992312e-02;6.429434e-02;1.309927e-01;4.557482e-02;5.597688e-02;4.879617e-02;3.514859e-02;2.673121e-02
3.997811e-02;9.295150e-02;3.202192e-01;1.016351e-01;9.520587e-02;7.143231e-02;8.570660e-02;2.208204e-02;8.913185e-02;4.037358e-02;2.399226e-02;1.729148e-02
4.722131e-02;1.010524e-01;2.633516e-01;7.720093e-02;8.277458e-02;5.669458e-02;5.715989e-02;6.151063e-02;1.806023e-01;3.719005e-02;2.144078e-02;1.380088e-02
7.233000e-02;8.765555e-02;1.504790e-01;3.452468e-02;8.700793e-02;3.085369e-02;6.675245e-02;1.028367e-01;3.020956e-01;2.867946e-02;2.532334e-02;1.146163e-02
8.314101e-02;5.597300e-02;6.230201e-02;2.048211e-02;9.453928e-02;1.243985e-02;5.553896e-02;1.491054e-01;4.031087e-01;2.407721e-02;3.012181e-02;9.170593e-03
9.334849e-02;3.366381e-02;6.561289e-02;2.888892e-02;8.709452e-02;1.362847e-02;4.174143e-02;2.320127e-01;3.445797e-01;1.414814e-02;3.589965e-02;9.381231e-03
1.205269e-01;3.389735e-02;7.809572e-02;3.388618e-02;1.007063e-01;1.638776e-02;4.354663e-02;3.119299e-01;1.719183e-01;2.971213e-02;4.619338e-02;1.319944e-02
1.411165e-01;4.619070e-02;6.478307e-02;2.167188e-02;1.092405e-01;1.745171e-02;3.939893e-02;4.035517e-01;5.782099e-02;2.996900e-02;5.964673e-02;9.158307e-03
1.150709e-01;5.158325e-02;5.038324e-02;9.822730e-03;6.495287e-02;1.214278e-02;9.173286e-02;3.870493e-01;1.437431e-01;1.937877e-02;4.728784e-02;6.852397e-03
1.121006e-01;5.955912e-02;4.620226e-02;1.169562e-02;3.895019e-02;2.097705e-02;1.536970e-01;3.320476e-01;1.542578e-01;2.236371e-02;3.515132e-02;1.299769e-02
1.392806e-01;6.880075e-02;6.136426e-02;1.791947e-02;3.282813e-02;3.015821e-02;1.755442e-01;2.350518e-01;1.592480e-01;2.984098e-02;3.043669e-02;1.952697e-02
1.772066e-01;5.601756e-02;1.154576e-01;2.858437e-02;3.300536e-02;3.058867e-02;1.667857e-01;1.348467e-01;1.548708e-01;3.267531e-02;4.035868e-02;2.960266e-02
2.265829e-01;8.549481e-02;1.682595e-01;3.929564e-02;5.756122e-02;2.996341e-02;1.017784e-01;9.558360e-02;6.668845e-02;5.672310e-02;4.115497e-02;3.091403e-02
1.470647e-01;1.415785e-01;2.666429e-01;5.233334e-02;6.288253e-02;3.143758e-02;6.802403e-02;6.098334e-02;6.460321e-02;4.156339e-02;3.432669e-02;2.855989e-02
5.536252e-02;1.117631e-01;4.199750e-01;3.622331e-02;5.876492e-02;1.970232e-02;4.731829e-02;8.829290e-02;7.792502e-02;4.152713e-02;2.178161e-02;2.136390e-02
6.537476e-02;7.283334e-02;5.134113e-01;3.330296e-02;4.696734e-02;6.436642e-03;3.616856e-02;9.047157e-02;6.000208e-02;4.845123e-02;1.084558e-02;1.573468e-02
7.571174e-02;5.234643e-02;5.435700e-01;4.584287e-02;4.001878e-02;1.251130e-02;3.765348e-02;7.101525e-02;5.134919e-02;4.584226e-02;5.265600e-03;1.887314e-02
6.834205e-02;5.706393e-02;5.282516e-01;5.528807e-02;3.799002e-02;2.028612e-02;4.669142e-02;6.007148e-02;5.204903e-02;4.161417e-02;1.278841e-02;1.956370e-02
6.619338e-02;6.793866e-02;4.187232e-01;6.251018e-02;4.356365e-02;2.204044e-02;7.411994e-02;1.002218e-01;6.480023e-02;3.810708e-02;2.397373e-02;1.780768e-02
6.605309e-02;6.022620e-02;3.217598e-01;5.273663e-02;5.578327e-02;2.347833e-02;9.670062e-02;1.350679e-01;1.124804e-01;3.879395e-02;2.561844e-02;1.130138e-02
4.330114e-02;6.950069e-02;3.396982e-01;3.116005e-02;7.208420e-02;2.630816e-02;1.100578e-01;4.040017e-02;1.656420e-01;4.180465e-02;3.854346e-02;2.149938e-02
5.797902e-02;3.942789e-02;2.758883e-01;4.912227e-02;4.137628e-02;2.595952e-02;7.316361e-02;1.449124e-01;2.003891e-01;3.001958e-02;4.304330e-02;1.871876e-02
8.800634e-02;6.815876e-02;1.454234e-01;4.442839e-02;3.633401e-02;4.137439e-02;8.966797e-02;1.412090e-01;2.245902e-01;5.895707e-02;4.447059e-02;1.737990e-02
8.628502e-02;7.596695e-02;2.209563e-01;4.114929e-02;4.480410e-02;5.362049e-02;6.495751e-02;1.250345e-01;1.685587e-01;5.803927e-02;4.404357e-02;1.658441e-02
5.268961e-02;2.445623e-02;2.428854e-01;4.312562e-02;4.775301e-02;5.262816e-02;9.346692e-02;2.049150e-01;1.406045e-01;3.300440e-02;3.546708e-02;2.900410e-02
5.043613e-02;2.185344e-02;2.432282e-01;6.321416e-02;4.025925e-02;3.838376e-02;5.568619e-02;2.792307e-01;8.759712e-02;4.468663e-02;4.605024e-02;2.937422e-02
4.947077e-02;3.690341e-02;2.063420e-01;6.343926e-02;3.646779e-02;2.434833e-02;5.695785e-02;2.615106e-01;1.758960e-01;2.901774e-02;4.091828e-02;1.872798e-02
8.419777e-02;6.773997e-02;1.307238e-01;7.307237e-02;2.483466e-02;5.023501e-02;1.123394e-01;1.531316e-01;1.618282e-01;4.999923e-02;3.214959e-02;5.974837e-02
8.861490e-02;9.380715e-02;1.395549e-01;5.986325e-02;3.319019e-02;6.462257e-02;1.349208e-01;1.058513e-01;1.117789e-01;6.380334e-02;4.181083e-02;6.218185e-02
7.524689e-02;1.000016e-01;1.422152e-01;4.650554e-02;5.289539e-02;6.624642e-02;1.601205e-01;8.035616e-02;1.047907e-01;5.661669e-02;6.645985e-02;4.854508e-02
5.723256e-02;8.479332e-02;1.108318e-01;6.946871e-02;1.002714e-01;9.009218e-02;1.776890e-01;6.542578e-02;8.794482e-02;4.391741e-02;7.494650e-02;3.738647e-02
4.893964e-02;5.071647e-02;9.007391e-02;8.090772e-02;1.288181e-01;1.362036e-01;1.555118e-01;7.808615e-02;8.208456e-02;4.858790e-02;5.980771e-02;4.026246e-02
3.520776e-02;2.888134e-02;1.013827e-01;7.176292e-02;1.511463e-01;2.068428e-01;1.179665e-01;5.921677e-02;9.131063e-02;3.953207e-02;4.696945e-02;4.978083e-02
6.693275e-02;5.661789e-02;1.231593e-01;6.117555e-02;8.341299e-02;1.365945e-01;2.272604e-01;8.106286e-02;7.214522e-02;3.726050e-02;2.458412e-02;2.979391e-02
1.009473e-01;6.659423e-02;7.836327e-02;3.924749e-02;7.319815e-02;1.671594e-01;3.158205e-01;6.070872e-02;4.128276e-02;2.810487e-02;1.225149e-02;1.632180e-02
1.549466e-01;3.979825e-02;5.313449e-02;3.179075e-02;8.007804e-02;2.324394e-01;3.000028e-01;3.149394e-02;2.344392e-02;2.460810e-02;1.073911e-02;1.752459e-02
1.962024e-01;1.537546e-02;3.375843e-02;2.661308e-02;7.551667e-02;2.625502e-01;2.573231e-01;3.739969e-02;1.017057e-02;1.763785e-02;1.875586e-02;4.869670e-02
2.051998e-01;1.722899e-02;2.967726e-02;2.195222e-02;8.508479e-02;2.653541e-01;1.763058e-01;4.212520e-02;1.993759e-02;1.198706e-02;2.487403e-02;1.002732e-01
1.853723e-01;9.145167e-03;2.699873e-02;2.177105e-02;1.353406e-01;2.218005e-01;7.960396e-02;2.416903e-02;2.336295e-02;1.776946e-02;3.066956e-02;2.239967e-01
2.453340e-01;9.568430e-03;1.730241e-02;1.046535e-02;8.684142e-02;2.026017e-01;9.561461e-02;2.369088e-02;1.938496e-02;3.222038e-02;2.345568e-02;2.335202e-01
2.419050e-01;1.083308e-02;1.693688e-02;1.146845e-02;5.896767e-02;2.511801e-01;1.154655e-01;2.396389e-02;1.462369e-02;4.275054e-02;3.319303e-02;1.787122e-01
1.363913e-01;2.705883e-02;1.137660e-02;1.329010e-02;6.266798e-02;3.230394e-01;2.585219e-01;2.101096e-02;1.419458e-02;3.716517e-02;2.459565e-02;7.068748e-02
5.974798e-02;3.786012e-02;1.269984e-02;1.371827e-02;4.773412e-02;3.183143e-01;4.080611e-01;1.794773e-02;9.411834e-03;2.174920e-02;1.504889e-02;3.770664e-02
1.748890e-02;4.582550e-02;8.662674e-03;6.913094e-03;2.407061e-02;2.507088e-01;5.555857e-01;3.190849e-02;1.272324e-02;1.192003e-02;1.173619e-02;2.245682e-02
3.338214e-02;3.990946e-02;1.606510e-02;8.692775e-03;2.430777e-02;1.421912e-01;6.436661e-01;6.047822e-02;8.704543e-03;5.256321e-03;8.968021e-03;8.378329e-03
2.936420e-02;3.834978e-02;1.593741e-02;1.261342e-02;4.159489e-02;5.900418e-02;7.224923e-01;4.485049e-02;7.245270e-03;7.165979e-03;6.686304e-03;1.469583e-02
1.872875e-02;3.628774e-02;1.168628e-02;8.085276e-03;4.146623e-02;7.773503e-02;7.108101e-01;5.253163e-02;1.052773e-02;7.572507e-03;7.874075e-03;1.669476e-02
1.272565e-02;2.921295e-02;1.503416e-02;3.363935e-03;4.261079e-02;8.207095e-02;7.220016e-01;5.490499e-02;1.338728e-02;7.727070e-03;5.800203e-03;1.116051e-02
2.498051e-02;2.900156e-02;1.237197e-02;4.588647e-03;3.935761e-02;1.248819e-01;6.825045e-01;3.283098e-02;1.520216e-02;9.472317e-03;6.837160e-03;1.797067e-02
2.761059e-02;2.373658e-02;8.095911e-03;6.355930e-03;4.568755e-02;1.586253e-01;6.615957e-01;2.998107e-02;1.261202e-02;9.100306e-03;5.549090e-03;1.104995e-02
2.971050e-02;1.810572e-02;9.825271e-03;7.831722e-03;6.479245e-02;1.638222e-01;6.532040e-01;1.697286e-02;6.820026e-03;7.031130e-03;5.512979e-03;1.637118e-02
2.998178e-02;1.712976e-02;2.141449e-02;9.741263e-03;9.090929e-02;1.577000e-01;5.844434e-01;1.513583e-02;1.197545e-02;1.026587e-02;1.138507e-02;3.991773e-02
4.387830e-02;1.779049e-02;4.155655e-02;1.703178e-02;1.328516e-01;1.519865e-01;4.928664e-01;1.356164e-02;1.562470e-02;1.511451e-02;1.415263e-02;4.358491e-02
4.506610e-02;2.340128e-02;1.334633e-01;3.306139e-02;1.657370e-01;1.412477e-01;3.456830e-01;2.133197e-02;1.884888e-02;1.597498e-02;1.798565e-02;3.819872e-02
5.515124e-02;3.111995e-02;2.580256e-01;5.121746e-02;1.756490e-01;1.330271e-01;1.047655e-01;4.658135e-02;2.350478e-02;2.393215e-02;4.931904e-02;4.770691e-02
6.451569e-02;2.894370e-02;1.812122e-01;3.426420e-02;9.774724e-02;8.350424e-02;3.198412e-01;4.333314e-02;3.043616e-02;3.157857e-02;5.696815e-02;2.765551e-02
7.914194e-02;3.462987e-02;1.303834e-01;2.504328e-02;4.846559e-02;8.910132e-02;4.128910e-01;4.191368e-02;4.351776e-02;3.546998e-02;4.538685e-02;1.405534e-02
6.019898e-02;3.858435e-02;8.715518e-02;2.389619e-02;9.631442e-02;1.224238e-01;4.017937e-01;3.395179e-02;4.388621e-02;3.848336e-02;2.712014e-02;2.619194e-02
9.069768e-02;2.132927e-02;6.981973e-02;2.140756e-02;1.448616e-01;1.667835e-01;2.753326e-01;4.061941e-02;2.669683e-02;4.496018e-02;5.148709e-02;4.600462e-02
1.392906e-01;3.016087e-02;6.278966e-02;2.609950e-02;1.622381e-01;1.453794e-01;2.107005e-01;3.247243e-02;2.479493e-02;3.425206e-02;7.622405e-02;5.559790e-02
9.114166e-02;4.326558e-02;8.545700e-02;2.631773e-02;1.285249e-01;1.168736e-01;2.907212e-01;2.154592e-02;2.719725e-02;4.295002e-02;5.908184e-02;6.692322e-02
5.008208e-02;6.082474e-02;7.537781e-02;3.178143e-02;9.580470e-02;1.296654e-01;3.017896e-01;2.992962e-02;5.384351e-02;5.919394e-02;4.504684e-02;6.666031e-02
7.761630e-02;4.932838e-02;9.545240e-02;3.959803e-02;7.179426e-02;9.857626e-02;2.707906e-01;2.732137e-02;8.656859e-02;4.837830e-02;5.950443e-02;7.507107e-02
8.058747e-02;3.515210e-02;9.072849e-02;4.146291e-02;4.573466e-02;8.817327e-02;2.881212e-01;6.934305e-02;1.022267e-01;5.371339e-02;4.775491e-02;5.700183e-02
7.187539e-02;5.643213e-02;8.736897e-02;3.483955e-02;7.607375e-02;9.853426e-02;2.440798e-01;7.408987e-02;9.491839e-02;6.307595e-02;6.327219e-02;3.543973e-02
1.298746e-01;8.721962e-02;1.495535e-01;5.136123e-02;4.461079e-02;6.158425e-02;1.069776e-01;6.880592e-02;6.977293e-02;6.683199e-02;8.428413e-02;7.912349e-02
1.306840e-01;8.159023e-02;1.670860e-01;5.813512e-02;3.528560e-02;6.878930e-02;1.301858e-01;7.972521e-02;5.853564e-02;5.283011e-02;5.691206e-02;8.024102e-02
7.738481e-02;5.899852e-02;1.503799e-01;8.515063e-02;6.249335e-02;7.753748e-02;2.069299e-01;7.377336e-02;3.648219e-02;3.605863e-02;6.618626e-02;6.862497e-02
2.633130e-02;2.969779e-02;2.262301e-01;9.491490e-02;7.284742e-02;5.233419e-02;2.070119e-01;8.686529e-02;3.160317e-02;6.505962e-02;7.262489e-02;3.447947e-02
1.200289e-02;2.746029e-02;2.942224e-01;7.793888e-02;4.770327e-02;3.716478e-02;1.774835e-01;6.987714e-02;5.490260e-02;1.203952e-01;6.534301e-02;1.550592e-02
1.715132e-02;6.957516e-02;2.895695e-01;4.086057e-02;1.719310e-02;5.328944e-02;1.219021e-01;4.156753e-02;1.705897e-01;1.288318e-01;3.364773e-02;1.582211e-02
4.179026e-02;1.148077e-01;1.839935e-01;1.511236e-02;1.063010e-02;7.343643e-02;5.696302e-02;4.683276e-02;3.471167e-01;7.647577e-02;1.319565e-02;1.964572e-02
8.016957e-02;1.160098e-01;8.446828e-02;1.156562e-02;2.870433e-02;5.474142e-02;2.462797e-02;1.267131e-01;4.098656e-01;3.217378e-02;1.689898e-02;1.406153e-02
1.238468e-01;7.422668e-02;3.774553e-02;1.853373e-02;5.604692e-02;1.836842e-02;4.219317e-02;2.714224e-01;2.978958e-01;1.285962e-02;2.831637e-02;1.854464e-02
1.194969e-01;3.716058e-02;3.964314e-02;3.583652e-02;5.486410e-02;2.236950e-02;1.093328e-01;3.204004e-01;1.636603e-01;2.469143e-02;2.885134e-02;4.369301e-02
8.166343e-02;1.873454e-02;4.954004e-02;5.171013e-02;3.686501e-02;6.460558e-02;2.025325e-01;2.341399e-01;9.598056e-02;4.278720e-02;5.683004e-02;6.461110e-02
4.976945e-02;1.638563e-02;9.669173e-02;4.063496e-02;6.047482e-02;1.250983e-01;1.796236e-01;9.721359e-02;1.020036e-01;6.775578e-02;1.171993e-01;4.714930e-02
4.926477e-02;2.712868e-02;1.502650e-01;3.385801e-02;9.046380e-02;1.179999e-01;9.014162e-02;7.439026e-02;1.636040e-01;4.965108e-02;1.224589e-01;3.077400e-02
4.628311e-02;4.909983e-02;1.502672e-01;3.791254e-02;8.201223e-02;6.379267e-02;1.430279e-01;9.625513e-02;1.573003e-01;3.771405e-02;9.409079e-02;4.224423e-02
4.595225e-02;6.224214e-02;9.936202e-02;4.027733e-02;5.932268e-02;4.803476e-02;1.769744e-01;1.191690e-01;1.312478e-01;8.961836e-02;7.397712e-02;5.382213e-02
5.070874e-02;5.708948e-02;5.931593e-02;3.258761e-02;4.993571e-02;7.208141e-02;1.621614e-01;1.051929e-01;1.479424e-01;1.084300e-01;5.870705e-02;9.584740e-02
6.039206e-02;5.789396e-02;3.942610e-02;2.835488e-02;3.854252e-02;8.485137e-02;1.587374e-01;1.225119e-01;9.775475e-02;9.735278e-02;1.328623e-01;8.131997e-02
8.634471e-02;5.895857e-02;6.639712e-02;3.938945e-02;4.674482e-02;9.762637e-02;1.637834e-01;1.306604e-01;4.834130e-02;8.664297e-02;1.115302e-01;6.358083e-02
4.288799e-02;3.155154e-02;1.643241e-01;4.239906e-02;4.714816e-02;1.039589e-01;1.770123e-01;1.347874e-01;9.101989e-02;6.775449e-02;4.925337e-02;4.790280e-02
4.275820e-02;3.805804e-02;1.990218e-01;2.776450e-02;6.725539e-02;1.032552e-01;1.840052e-01;6.684085e-02;1.816517e-01;3.296783e-02;2.383464e-02;3.258673e-02
7.004393e-02;4.405008e-02;2.096528e-01;2.738192e-02;7.466033e-02;5.048544e-02;1.452809e-01;8.107700e-02;2.045702e-01;2.980076e-02;3.631691e-02;2.667974e-02
8.311483e-02;3.825811e-02;2.746206e-01;2.922099e-02;7.864197e-02;5.308751e-02;9.642230e-02;7.331487e-02;1.476886e-01;4.133628e-02;5.515903e-02;2.913482e-02
9.245320e-02;7.416989e-02;2.600217e-01;5.661187e-02;7.079838e-02;6.584664e-02;1.136786e-01;2.467773e-02;6.772149e-02;6.414550e-02;7.556338e-02;3.431166e-02
8.139050e-02;6.271014e-02;1.895345e-01;4.792345e-02;8.443600e-02;7.248637e-02;1.346591e-01;3.950831e-02;7.887141e-02;7.827558e-02;9.422802e-02;3.597658e-02
8.321349e-02;5.116860e-02;2.459421e-01;4.060091e-02;8.258357e-02;5.532066e-02;1.738983e-01;4.697933e-02;2.660892e-02;8.721123e-02;7.604454e-02;3.042827e-02
6.374990e-02;5.012938e-02;1.908215e-01;3.055701e-02;5.543481e-02;3.734000e-02;1.469960e-01;5.735751e-02;1.079844e-01;9.975848e-02;8.754465e-02;7.232631e-02
5.288587e-02;5.679026e-02;1.120177e-01;2.468938e-02;5.328857e-02;4.440949e-02;1.198027e-01;1.532596e-01;1.819581e-01;9.185342e-02;4.847553e-02;6.056941e-02
6.046240e-02;4.705378e-02;1.230139e-01;3.261382e-02;4.839334e-02;4.515524e-02;1.129595e-01;1.674200e-01;2.238997e-01;6.544566e-02;3.735986e-02;3.622283e-02
9.237491e-02;7.970003e-02;1.934005e-01;4.155626e-02;4.158112e-02;3.878077e-02;8.259803e-02;1.052789e-01;1.508525e-01;6.688667e-02;6.515644e-02;4.183376e-02
8.904365e-02;7.986175e-02;2.247792e-01;4.730872e-02;3.221600e-02;3.966041e-02;9.355392e-02;9.498436e-02;7.654606e-02;8.641959e-02;8.230346e-02;5.332293e-02
7.061753e-02;5.200347e-02;1.758220e-01;5.148118e-02;3.654064e-02;5.214441e-02;9.984779e-02;7.294659e-02;8.969269e-02;1.398925e-01;9.135829e-02;6.765296e-02
7.710037e-02;5.360179e-02;1.453040e-01;5.775310e-02;3.561143e-02;5.231067e-02;1.288247e-01;9.116850e-02;4.650753e-02;1.333805e-01;1.149914e-01;6.344586e-02
8.718983e-02;6.489210e-02;1.249042e-01;4.393184e-02;4.339712e-02;4.750387e-02;1.231376e-01;1.060876e-01;7.915304e-02;1.334342e-01;9.894104e-02;4.742758e-02
8.079194e-02;5.384618e-02;1.338119e-01;3.429413e-02;5.008557e-02;6.470997e-02;1.099555e-01;8.517026e-02;8.580619e-02;1.494889e-01;8.868679e-02;6.335273e-02
9.935986e-02;6.209527e-02;1.183883e-01;3.724272e-02;4.682150e-02;7.243821e-02;8.060232e-02;1.116527e-01;9.725743e-02;1.248438e-01;8.881520e-02;6.048281e-02
1.284495e-01;1.066834e-01;9.673501e-02;3.445644e-02;5.495074e-02;6.952976e-02;7.871552e-02;1.137086e-01;6.166267e-02;1.144987e-01;8.268866e-02;5.792104e-02
