2.138994e-02;8.970752e-02;8.514996e-02;8.587658e-02;1.991523e-01;2.087635e-01;1.737443e-02;1.468181e-02;1.890565e-02;2.242626e-02;1.049015e-01;1.316705e-01
2.214370e-02;5.493160e-02;5.393032e-02;5.271793e-02;1.710302e-01;3.088631e-01;1.743250e-02;2.519003e-02;2.126468e-02;3.389527e-02;1.057386e-01;1.328620e-01
4.639328e-02;7.217078e-02;4.843321e-02;2.390566e-02;1.511035e-01;3.737146e-01;3.532242e-02;5.340897e-02;2.032644e-02;3.268704e-02;3.495229e-02;1.075819e-01
5.645747e-02;1.313500e-01;2.197061e-01;4.991611e-02;9.305617e-02;1.793452e-01;2.170745e-02;4.991501e-02;1.233624e-02;1.347608e-02;7.872135e-02;9.401285e-02
7.657712e-02;2.151220e-01;3.126258e-01;5.096976e-02;3.463007e-02;6.364034e-02;9.834610e-03;3.355609e-02;1.884224e-02;1.815548e-02;9.881015e-02;6.723641e-02
5.459750e-02;2.713622e-01;3.024990e-01;4.350831e-02;5.208336e-02;1.202653e-01;1.687318e-02;1.805488e-02;2.187140e-02;2.569015e-02;5.006662e-02;2.312803e-02
3.334234e-02;2.596864e-01;2.816985e-01;2.587048e-02;8.085494e-02;1.448748e-01;2.694650e-02;2.147097e-02;2.179689e-02;2.498003e-02;2.655083e-02;5.192732e-02
4.096154e-02;2.142458e-01;2.502508e-01;2.059558e-02;7.709436e-02;1.318986e-01;2.319030e-02;5.659071e-02;3.488191e-02;4.197992e-02;5.073019e-02;5.758034e-02
4.872156e-02;1.596200e-01;2.465701e-01;2.374008e-02;8.874511e-02;7.511353e-02;2.177609e-02;1.144214e-01;5.217187e-02;4.484659e-02;5.284801e-02;7.142563e-02
4.712785e-02;9.170238e-02;1.455045e-01;3.404768e-02;6.660111e-02;2.123467e-01;9.030396e-02;1.491985e-01;3.514458e-02;4.425522e-02;2.929016e-02;5.447720e-02
3.160229e-02;7.540362e-02;8.408848e-02;2.160100e-02;3.985619e-02;2.037936e-01;2.185773e-01;1.985413e-01;2.757851e-02;3.138364e-02;2.321061e-02;4.436349e-02
5.257174e-02;6.125300e-02;4.802024e-02;1.427193e-02;1.392236e-02;1.935525e-01;3.120867e-01;2.116620e-01;2.614212e-02;2.362648e-02;2.133724e-02;2.155374e-02
1.285182e-01;4.885738e-02;3.465412e-02;1.398429e-02;1.114117e-02;2.753508e-01;2.739061e-01;1.329455e-01;2.017503e-02;2.946473e-02;1.467938e-02;1.632329e-02
2.432166e-01;4.529195e-02;3.676770e-02;1.014697e-02;2.378925e-02;3.238633e-01;1.654700e-01;5.228133e-02;1.854917e-02;2.735840e-02;1.196257e-02;4.130265e-02
2.941950e-01;4.088473e-02;5.415883e-02;1.056006e-02;5.798471e-02;2.832117e-01;5.657613e-02;3.650839e-02;3.908689e-02;3.762702e-02;1.141391e-02;7.779263e-02
2.017050e-01;3.761373e-02;8.522054e-02;9.568764e-03;1.281179e-01;2.303045e-01;1.571782e-02;3.790447e-02;7.687061e-02;3.692899e-02;1.418219e-02;1.258654e-01
6.731506e-02;2.996897e-02;6.436914e-02;2.015223e-02;2.336939e-01;1.525624e-01;2.323622e-02;4.022935e-02;1.079423e-01;2.273620e-02;1.824219e-02;2.195522e-01
2.988144e-02;4.021614e-02;3.770912e-02;5.146605e-02;2.700416e-01;9.103242e-02;3.123116e-02;5.507859e-02;8.503618e-02;1.961174e-02;4.082479e-02;2.478708e-01
1.940162e-02;7.325685e-02;3.986264e-02;1.385585e-01;1.917042e-01;8.109748e-02;2.712154e-02;1.199873e-01;2.730043e-02;2.129176e-02;1.139065e-01;1.465112e-01
1.949605e-02;7.287867e-02;6.526326e-02;2.406399e-01;8.897175e-02;8.853179e-02;3.463344e-02;1.499439e-01;2.176994e-02;1.294811e-02;1.695051e-01;3.541808e-02
7.440458e-02;3.880214e-02;1.313322e-01;2.099107e-01;2.413345e-02;6.703314e-02;8.723380e-02;1.038484e-01;2.471001e-02;5.373304e-02;1.455919e-01;3.926679e-02
1.161508e-01;4.097104e-02;2.303656e-01;7.581540e-02;1.475078e-02;5.113164e-02;1.478013e-01;4.388769e-02;2.981933e-02;1.307567e-01;6.458350e-02;5.396625e-02
7.930949e-02;9.108919e-02;2.407444e-01;1.737362e-02;1.461427e-02;7.164990e-02;1.356432e-01;2.913927e-02;3.167479e-02;1.550657e-01;3.236898e-02;1.013273e-01
2.693603e-02;1.718442e-01;1.547021e-01;2.561874e-02;1.681201e-02;1.137655e-01;7.823563e-02;3.627705e-02;5.918229e-02;9.970369e-02;2.165922e-02;1.952635e-01
1.960796e-02;2.526246e-01;8.444341e-02;2.691398e-02;2.152866e-02;1.578410e-01;4.369393e-02;3.967888e-02;8.904161e-02;3.191614e-02;4.681489e-03;2.280284e-01
2.745031e-02;3.175795e-01;6.716864e-02;2.930743e-02;3.110263e-02;1.555458e-01;2.618526e-02;2.780193e-02;1.097346e-01;1.721778e-02;1.820233e-02;1.727038e-01
6.366089e-02;3.476669e-01;6.824588e-02;3.177327e-02;2.880255e-02;1.143534e-01;3.412877e-02;3.291734e-02;1.209633e-01;1.447808e-02;3.404607e-02;1.089635e-01
7.242365e-02;3.335775e-01;8.439064e-02;3.019970e-02;3.304977e-02;1.045742e-01;3.794552e-02;5.092215e-02;1.348115e-01;2.752982e-02;3.208508e-02;5.849051e-02
5.016343e-02;2.836651e-01;1.401055e-01;3.146274e-02;3.983773e-02;9.644212e-02;3.573561e-02;6.348921e-02;1.226154e-01;3.125026e-02;4.396962e-02;6.126323e-02
7.727493e-02;2.223442e-01;2.009452e-01;5.340785e-02;2.620775e-02;9.158020e-02;4.536584e-02;6.665007e-02;8.333357e-02;3.780250e-02;5.460856e-02;4.047930e-02
9.241468e-02;1.920753e-01;2.153382e-01;7.307630e-02;3.194192e-02;8.765245e-02;5.992497e-02;6.518798e-02;4.370046e-02;3.947606e-02;6.031624e-02;3.889558e-02
1.185060e-01;2.222896e-01;1.790414e-01;5.438496e-02;4.174004e-02;6.674670e-02;6.841543e-02;6.476082e-02;7.037355e-02;2.174271e-02;5.558161e-02;3.641719e-02
7.871763e-02;1.933149e-01;1.208528e-01;5.805162e-02;6.335349e-02;1.637596e-01;6.046706e-02;7.501975e-02;8.826891e-02;2.809530e-02;2.742086e-02;4.267803e-02
3.779104e-02;1.589936e-01;9.414688e-02;6.202194e-02;7.494986e-02;2.192889e-01;7.320753e-02;5.853691e-02;7.309669e-02;2.901017e-02;3.958869e-02;7.936776e-02
5.302079e-02;1.327994e-01;1.010504e-01;5.161034e-02;6.342739e-02;2.083854e-01;8.154936e-02;5.618567e-02;6.481901e-02;5.345561e-02;5.926505e-02;7.443161e-02
3.956190e-02;1.242785e-01;1.302809e-01;4.467497e-02;4.410736e-02;1.966704e-01;8.137827e-02;7.452784e-02;7.718428e-02;5.801557e-02;5.560111e-02;7.371891e-02
4.255430e-02;1.549986e-01;1.719135e-01;4.767099e-02;5.799924e-02;1.859199e-01;5.219057e-02;5.185504e-02;7.352334e-02;3.596685e-02;5.242509e-02;7.298270e-02
6.158359e-02;1.559827e-01;1.331275e-01;6.591011e-02;6.301597e-02;2.081821e-01;5.580683e-02;5.877760e-02;5.534157e-02;4.508189e-02;3.494371e-02;6.224629e-02
4.325993e-02;1.559114e-01;1.360345e-01;8.282223e-02;3.407586e-02;1.936602e-01;7.625914e-02;8.630989e-02;5.464239e-02;3.755594e-02;4.399154e-02;5.547699e-02
4.036314e-02;1.363639e-01;1.323020e-01;1.024831e-01;6.234045e-02;1.864504e-01;9.250166e-02;7.707140e-02;5.312398e-02;2.976783e-02;4.749502e-02;3.973718e-02
5.122505e-02;1.542705e-01;1.613366e-01;9.657467e-02;7.740683e-02;1.527032e-01;8.853409e-02;5.151074e-02;5.405575e-02;4.104248e-02;3.439760e-02;3.694249e-02
4.917540e-02;1.664399e-01;1.729505e-01;8.774765e-02;8.350142e-02;1.097849e-01;9.301988e-02;4.027987e-02;5.009649e-02;4.701933e-02;4.101783e-02;5.896678e-02
7.165158e-02;1.212925e-01;1.703089e-01;9.438699e-02;7.024600e-02;1.013348e-01;9.680710e-02;5.748770e-02;4.398916e-02;3.313338e-02;6.221638e-02;7.714556e-02
7.820351e-02;1.233147e-01;1.656632e-01;6.449926e-02;5.714727e-02;1.577018e-01;9.083037e-02;6.499642e-02;3.076686e-02;3.194030e-02;6.440861e-02;7.052773e-02
6.309949e-02;1.499200e-01;1.544967e-01;7.157101e-02;4.938084e-02;1.736525e-01;1.049434e-01;8.555561e-02;3.176437e-02;4.312847e-02;4.509914e-02;2.738850e-02
7.344257e-02;1.849688e-01;1.369789e-01;8.202483e-02;3.037056e-02;1.388930e-01;1.057909e-01;8.028353e-02;4.881330e-02;4.553346e-02;3.087797e-02;4.202231e-02
4.456328e-02;1.841410e-01;1.462091e-01;7.541089e-02;4.350233e-02;1.106359e-01;9.203085e-02;9.907577e-02;5.717826e-02;4.798992e-02;4.508372e-02;5.417907e-02
6.169768e-02;9.351148e-02;7.066669e-02;5.484663e-02;3.512410e-02;1.684817e-01;1.720896e-01;1.486322e-01;5.127448e-02;7.448810e-02;3.018374e-02;3.900352e-02
8.810733e-02;3.673823e-02;3.642835e-02;3.121430e-02;4.249118e-02;2.645275e-01;1.950245e-01;1.313253e-01;5.829316e-02;6.469713e-02;2.003189e-02;3.112109e-02
1.105044e-01;2.582278e-02;2.307607e-02;2.505572e-02;4.016213e-02;2.914713e-01;1.695643e-01;1.070657e-01;8.268269e-02;5.998655e-02;2.079634e-02;4.381195e-02
1.664626e-01;2.659435e-02;3.830387e-02;2.032108e-02;3.816218e-02;2.715355e-01;9.723369e-02;6.222270e-02;1.184375e-01;4.016360e-02;1.808828e-02;1.024747e-01
2.142800e-01;2.202157e-02;4.703603e-02;2.420519e-02;9.307159e-02;1.948093e-01;3.246476e-02;2.489615e-02;1.270604e-01;3.841021e-02;1.579246e-02;1.659524e-01
1.619103e-01;2.899049e-02;3.356834e-02;3.066626e-02;1.216695e-01;1.987913e-01;1.576001e-02;3.214161e-02;1.117149e-01;3.578525e-02;3.457790e-02;1.944241e-01
9.421434e-02;3.265023e-02;5.136798e-02;3.652437e-02;1.216634e-01;2.406285e-01;1.540011e-02;5.544164e-02;8.042865e-02;3.038398e-02;4.688712e-02;1.944097e-01
7.735005e-02;4.419096e-02;6.851105e-02;3.727826e-02;1.321259e-01;2.283688e-01;3.020969e-02;5.356175e-02;9.078787e-02;3.087292e-02;1.939635e-02;1.873464e-01
6.491944e-02;5.217399e-02;5.533114e-02;4.719356e-02;1.484079e-01;2.548414e-01;2.644124e-02;5.550904e-02;9.668530e-02;2.344895e-02;3.714614e-02;1.379020e-01
1.016534e-01;4.685532e-02;3.879621e-02;3.909094e-02;1.185870e-01;3.420805e-01;3.480778e-02;5.688156e-02;6.695102e-02;1.748743e-02;3.302426e-02;1.037846e-01
1.505553e-01;3.216588e-02;2.719593e-02;2.164956e-02;7.807234e-02;4.216084e-01;7.402068e-02;6.650313e-02;3.112616e-02;1.323702e-02;8.139172e-03;7.572646e-02
1.405674e-01;7.834345e-02;2.878543e-02;1.960926e-02;4.137703e-02;3.652909e-01;1.578311e-01;9.798025e-02;1.585351e-02;9.702239e-03;1.587679e-02;2.878261e-02
6.165988e-02;1.170426e-01;5.744546e-02;1.881514e-02;2.905928e-02;2.215229e-01;2.098171e-01;2.149978e-01;2.813132e-02;1.401230e-02;1.974422e-02;7.751911e-03
1.047948e-02;8.521416e-02;1.059394e-01;4.423947e-02;2.655643e-02;1.275558e-01;1.470821e-01;3.479569e-01;7.567660e-02;1.111864e-02;1.506866e-02;3.112327e-03
1.419377e-02;3.327154e-02;1.067785e-01;1.142819e-01;2.817925e-02;8.006865e-02;5.440664e-02;3.495348e-01;1.773802e-01;2.648145e-02;7.586224e-03;7.837105e-03
2.591940e-02;1.948898e-02;6.054869e-02;1.849264e-01;4.808414e-02;7.824340e-02;1.063795e-02;1.988956e-01;2.902859e-01;6.031837e-02;1.944016e-02;3.210957e-03
4.040629e-02;2.792242e-02;2.782328e-02;1.505501e-01;8.245020e-02;1.060173e-01;1.397705e-02;7.359815e-02;3.234442e-01;1.121419e-01;2.950554e-02;1.216359e-02
4.673917e-02;2.857535e-02;2.699011e-02;6.319195e-02;1.063089e-01;8.871903e-02;2.007953e-02;5.286714e-02;2.633197e-01;2.501165e-01;3.084087e-02;2.225168e-02
4.815299e-02;2.339219e-02;3.215579e-02;1.855238e-02;1.079783e-01;4.639759e-02;3.858717e-02;7.433012e-02;1.709030e-01;3.688932e-01;3.451576e-02;3.614144e-02
4.938453e-02;2.904941e-02;3.069084e-02;2.406906e-02;1.104903e-01;5.011019e-02;5.342589e-02;9.836374e-02;9.226678e-02;4.092012e-01;2.203612e-02;3.091183e-02
4.080436e-02;2.913540e-02;2.876558e-02;3.213674e-02;1.067267e-01;4.275458e-02;4.686666e-02;8.988575e-02;1.466808e-01;3.973665e-01;2.081741e-02;1.805955e-02
4.253655e-02;2.106850e-02;2.142066e-02;5.888461e-02;8.677170e-02;4.845873e-02;3.389347e-02;8.696070e-02;2.515685e-01;3.085387e-01;2.871762e-02;1.118023e-02
5.884345e-02;2.027905e-02;2.469007e-02;1.108156e-01;5.620962e-02;9.993517e-02;4.372263e-02;9.970573e-02;3.067184e-01;1.368207e-01;2.821804e-02;1.404153e-02
4.073400e-02;2.572331e-02;3.478437e-02;1.314282e-01;3.432360e-02;1.330028e-01;4.400083e-02;1.482025e-01;3.043352e-01;7.768642e-02;1.490190e-02;1.087679e-02
2.381018e-02;3.243481e-02;5.357153e-02;9.934290e-02;2.166754e-02;9.834921e-02;5.824250e-02;3.160030e-01;2.178345e-01;5.945700e-02;5.525153e-03;1.376164e-02
3.627138e-02;5.322605e-02;5.736078e-02;3.237797e-02;1.997253e-02;8.946580e-02;1.652671e-01;3.387367e-01;1.187311e-01;4.879494e-02;1.443074e-02;2.536496e-02
4.581061e-02;5.317642e-02;3.128164e-02;2.224245e-02;2.765464e-02;3.055685e-01;1.919741e-01;1.843250e-01;5.490710e-02;3.921379e-02;1.593157e-02;2.791408e-02
4.659247e-02;3.378485e-02;3.066780e-02;2.244829e-02;9.372829e-02;4.256576e-01;1.258050e-01;9.169377e-02;4.574933e-02;3.167809e-02;7.628972e-03;4.456558e-02
2.954634e-02;3.791115e-02;7.677054e-02;6.907868e-02;1.724118e-01;3.125057e-01;5.799108e-02;7.571202e-02;4.372272e-02;3.856486e-02;3.485896e-02;5.092615e-02
1.293893e-02;7.285820e-02;1.644138e-01;1.156214e-01;1.534666e-01;1.477639e-01;4.414788e-02;8.667161e-02;3.627688e-02;9.356003e-02;5.310544e-02;1.917526e-02
1.253594e-02;1.142084e-01;2.007391e-01;8.222229e-02;8.421920e-02;1.014937e-01;4.208440e-02;8.628651e-02;9.322801e-02;1.404971e-01;2.799411e-02;1.449122e-02
2.148979e-02;1.827249e-01;1.679958e-01;3.246764e-02;3.861589e-02;7.864355e-02;2.997078e-02;8.473096e-02;1.873402e-01;1.328056e-01;1.617618e-02;2.703870e-02
3.024075e-02;2.366462e-01;1.273345e-01;2.222464e-02;2.483897e-02;6.780005e-02;1.815887e-02;1.102934e-01;2.251594e-01;7.106616e-02;4.017070e-02;2.606633e-02
5.521070e-02;2.051181e-01;9.739546e-02;2.131435e-02;4.118122e-02;7.716538e-02;2.838000e-02;1.554479e-01;1.445670e-01;6.988827e-02;8.813367e-02;1.619803e-02
8.622527e-02;1.472948e-01;6.316259e-02;2.111726e-02;8.572260e-02;4.838196e-02;3.590255e-02;2.360412e-01;8.031458e-02;4.852630e-02;1.381290e-01;9.181916e-03
9.909745e-02;7.710360e-02;5.160523e-02;2.471360e-02;8.944613e-02;4.753339e-02;5.053808e-02;3.077533e-01;7.814536e-02;4.773054e-02;1.154881e-01;1.084529e-02
9.691137e-02;7.267625e-02;7.863675e-02;2.106760e-02;6.721458e-02;6.814665e-02;7.422483e-02;3.060538e-01;7.376636e-02;5.830104e-02;6.432550e-02;1.867528e-02
6.338353e-02;1.116784e-01;9.147541e-02;3.918048e-02;5.417729e-02;8.625341e-02;8.643735e-02;2.515252e-01;8.434498e-02;8.328436e-02;2.153070e-02;2.672885e-02
6.314794e-02;8.214876e-02;7.606731e-02;5.760770e-02;3.639441e-02;8.661457e-02;1.243507e-01;1.881921e-01;8.458079e-02;1.088714e-01;2.932675e-02;6.269754e-02
6.426820e-02;8.792498e-02;7.012730e-02;7.270754e-02;4.908928e-02;9.410451e-02;1.506777e-01;1.275640e-01;7.661252e-02;9.577156e-02;3.148449e-02;7.966802e-02
5.547120e-02;1.030648e-01;1.042747e-01;5.995145e-02;6.799300e-02;1.267019e-01;1.054006e-01;1.697773e-01;7.845222e-02;6.481659e-02;2.498157e-02;3.911459e-02
5.799533e-02;1.351341e-01;1.468153e-01;4.602958e-02;6.046440e-02;1.724556e-01;2.938306e-02;2.092426e-01;4.858843e-02;5.757464e-02;1.419829e-02;2.211872e-02
6.319499e-02;1.859363e-01;1.819867e-01;3.412873e-02;4.221818e-02;1.464604e-01;1.864725e-02;1.723527e-01;5.751443e-02;5.054095e-02;1.704852e-02;2.997077e-02
6.059797e-02;2.429371e-01;1.957219e-01;2.528150e-02;3.073722e-02;1.040448e-01;3.097580e-02;1.389024e-01;5.344892e-02;4.705190e-02;3.029261e-02;4.000794e-02
6.161774e-02;2.163646e-01;1.305902e-01;3.480415e-02;4.125301e-02;1.048971e-01;5.965229e-02;1.153810e-01;7.185861e-02;7.618064e-02;4.331893e-02;4.408178e-02
4.969837e-02;1.041189e-01;6.977104e-02;3.852900e-02;4.694382e-02;9.956437e-02;1.479176e-01;1.481690e-01;8.086923e-02;1.219774e-01;3.150000e-02;6.094147e-02
3.691993e-02;5.875541e-02;3.397417e-02;3.432017e-02;3.922610e-02;1.054829e-01;2.513310e-01;1.052059e-01;6.547049e-02;1.498368e-01;2.580605e-02;9.367113e-02
3.235341e-02;8.584099e-02;4.177094e-02;3.560215e-02;2.094114e-02;8.587931e-02;2.950563e-01;7.693853e-02;7.763277e-02;1.204128e-01;2.948656e-02;9.808501e-02
3.246162e-02;9.819586e-02;6.037491e-02;4.858434e-02;3.622991e-02;1.366319e-01;2.433160e-01;9.125543e-02;1.046859e-01;5.349952e-02;2.351280e-02;7.125171e-02
3.166859e-02;1.555381e-01;1.224290e-01;6.396974e-02;3.271996e-02;1.133111e-01;1.812182e-01;7.990526e-02;1.031982e-01;4.170723e-02;2.228398e-02;5.205061e-02
4.161985e-02;1.864144e-01;1.031290e-01;6.498335e-02;4.618363e-02;7.867616e-02;1.478359e-01;1.009564e-01;8.320426e-02;5.167494e-02;2.901228e-02;6.630971e-02
4.300811e-02;1.112615e-01;1.206764e-01;4.377911e-02;5.730236e-02;9.042094e-02;1.503655e-01;1.220418e-01;6.931419e-02;6.725661e-02;4.877615e-02;7.579734e-02
4.641004e-02;8.074603e-02;1.069700e-01;3.269063e-02;4.790260e-02;1.226923e-01;1.735030e-01;1.073819e-01;9.522852e-02;6.619172e-02;8.350755e-02;3.677571e-02
4.398686e-02;6.044885e-02;9.647521e-02;2.674270e-02;4.918350e-02;1.591756e-01;1.935051e-01;5.829275e-02;1.300750e-01;3.041380e-02;1.063098e-01;4.539077e-02
4.198836e-02;4.411874e-02;7.680812e-02;1.725055e-02;4.745948e-02;1.731389e-01;1.822440e-01;5.394660e-02;1.314822e-01;2.056174e-02;1.617778e-01;4.922356e-02
4.904519e-02;4.577040e-02;9.777847e-02;1.153843e-02;3.718043e-02;2.087220e-01;1.104317e-01;3.603746e-02;1.065067e-01;2.484525e-02;2.382556e-01;3.388833e-02
5.609055e-02;5.262641e-02;9.697532e-02;8.013818e-03;2.571482e-02;2.017925e-01;8.031276e-02;3.662863e-02;1.015130e-01;2.735521e-02;2.885969e-01;2.438006e-02
4.797501e-02;5.476356e-02;8.095412e-02;1.256649e-02;2.024708e-02;1.924918e-01;8.253084e-02;3.968560e-02;1.165435e-01;2.888603e-02;2.728105e-01;5.054547e-02
3.854480e-02;7.044867e-02;6.769843e-02;8.741269e-03;1.950992e-02;2.046911e-01;1.082356e-01;3.905047e-02;1.230275e-01;4.154241e-02;2.110988e-01;6.741086e-02
3.651795e-02;8.606532e-02;9.590663e-02;2.668890e-02;1.741361e-02;1.829951e-01;1.244106e-01;4.148329e-02;1.261849e-01;5.534923e-02;1.374830e-01;6.950141e-02
3.458120e-02;1.219373e-01;1.256730e-01;4.253644e-02;3.220029e-02;1.550206e-01;9.354506e-02;6.279844e-02;1.307124e-01;5.454119e-02;8.464767e-02;6.180627e-02
5.263421e-02;1.977030e-01;2.049901e-01;3.172171e-02;2.465395e-02;1.209249e-01;5.559767e-02;6.420128e-02;1.056437e-01;4.206474e-02;5.817719e-02;4.168746e-02
5.922787e-02;1.859335e-01;1.753691e-01;2.059416e-02;3.117271e-02;9.171759e-02;6.840511e-02;1.203338e-01;7.585733e-02;3.299893e-02;8.995914e-02;4.843062e-02
5.581928e-02;1.626041e-01;6.068401e-02;3.194312e-02;3.458249e-02;5.823582e-02;1.113649e-01;1.647761e-01;9.205970e-02;4.909057e-02;1.211476e-01;5.769239e-02
4.817530e-02;1.313979e-01;6.241789e-02;2.973996e-02;2.875306e-02;1.217408e-01;1.101255e-01;1.443766e-01;7.285801e-02;5.771012e-02;1.377400e-01;5.496478e-02
4.406880e-02;1.071835e-01;6.197151e-02;3.001224e-02;3.019612e-02;1.729670e-01;1.006266e-01;1.205694e-01;7.017381e-02;5.662584e-02;1.602018e-01;4.540345e-02
4.611417e-02;1.182237e-01;9.075503e-02;3.265253e-02;2.257358e-02;1.476150e-01;1.027321e-01;9.495550e-02;7.866175e-02;4.862763e-02;1.887824e-01;2.830657e-02
6.466666e-02;1.297070e-01;5.365049e-02;5.156096e-02;3.194785e-02;1.603944e-01;4.713517e-02;6.934398e-02;1.039996e-01;4.273098e-02;1.848071e-01;6.005583e-02
5.771129e-02;1.405231e-01;8.407205e-02;4.414492e-02;4.080601e-02;1.140844e-01;1.191418e-01;1.316362e-01;7.815460e-02;4.566948e-02;1.134989e-01;3.055713e-02
4.707049e-02;1.460360e-01;8.879093e-02;2.275473e-02;2.529975e-02;1.511307e-01;1.506868e-01;1.039622e-01;7.118414e-02;4.641835e-02;1.022986e-01;4.436734e-02
5.442837e-02;1.541337e-01;7.573405e-02;1.836704e-02;1.424500e-02;1.995561e-01;1.221073e-01;7.072093e-02;6.996761e-02;3.208336e-02;1.476492e-01;4.100733e-02
5.512263e-02;1.747166e-01;1.171758e-01;2.314524e-02;2.741076e-02;1.599437e-01;7.124148e-02;6.928535e-02;7.407065e-02;2.653559e-02;1.664619e-01;3.489032e-02
6.547385e-02;2.114753e-01;8.808997e-02;4.739768e-02;5.385416e-02;1.356532e-01;6.614087e-02;5.620898e-02;9.115365e-02;3.484014e-02;1.209790e-01;2.873320e-02
5.274559e-02;1.954892e-01;1.607210e-01;5.343294e-02;6.473038e-02;1.383081e-01;5.829037e-02;5.528792e-02;8.197094e-02;3.658291e-02;5.473500e-02;4.770569e-02
4.644872e-02;1.593057e-01;1.360840e-01;4.727904e-02;5.270159e-02;1.886611e-01;6.605438e-02;4.442036e-02;9.130779e-02;4.463776e-02;7.824995e-02;4.484958e-02
3.846527e-02;1.242645e-01;9.283558e-02;4.676811e-02;4.569714e-02;2.152155e-01;8.000040e-02;6.618848e-02;9.983888e-02;6.834372e-02;9.356964e-02;2.881278e-02
3.232892e-02;9.344966e-02;6.884196e-02;5.151282e-02;1.021507e-01;1.648114e-01;6.625962e-02;1.013648e-01;1.180015e-01;1.138427e-01;5.307588e-02;3.436014e-02
2.269887e-02;9.161180e-02;4.831618e-02;5.220751e-02;1.498646e-01;1.545154e-01;5.331605e-02;1.021732e-01;1.517141e-01;1.141851e-01;3.632997e-02;2.306729e-02
2.810229e-02;9.212288e-02;5.214697e-02;4.251547e-02;1.830557e-01;1.100003e-01;3.755614e-02;7.249228e-02;1.818969e-01;1.143228e-01;5.362995e-02;3.215844e-02
2.389634e-02;6.496109e-02;4.126918e-02;3.260285e-02;1.969622e-01;1.028917e-01;4.112069e-02;7.244757e-02;1.939146e-01;1.146141e-01;7.792939e-02;3.739030e-02
1.822407e-02;7.128607e-02;5.363217e-02;3.918221e-02;1.905137e-01;9.260514e-02;6.328350e-02;8.952727e-02;1.868875e-01;9.725995e-02;5.956528e-02;3.803321e-02
2.418456e-02;9.420662e-02;9.156195e-02;6.167443e-02;1.871122e-01;9.440694e-02;6.412419e-02;4.635609e-02;1.796959e-01;8.348361e-02;4.742418e-02;2.576938e-02
2.967791e-02;6.809900e-02;7.955653e-02;7.300135e-02;1.896109e-01;1.110648e-01;5.067794e-02;7.913085e-02;1.862579e-01;7.627511e-02;3.150920e-02;2.513842e-02
1.693558e-02;3.922313e-02;6.999096e-02;1.191975e-01;1.915774e-01;1.049410e-01;3.239815e-02;1.162154e-01;2.003526e-01;6.567004e-02;2.002249e-02;2.347577e-02
1.936314e-02;3.333396e-02;8.554988e-02;1.356025e-01;1.919632e-01;1.129355e-01;3.067703e-02;1.082105e-01;1.967633e-01;4.735329e-02;2.399888e-02;1.424884e-02
1.713618e-02;2.870920e-02;9.851732e-02;1.536420e-01;1.981202e-01;1.331107e-01;5.207594e-02;8.056454e-02;1.679621e-01;3.370320e-02;2.235747e-02;1.410115e-02
1.984543e-02;5.033173e-02;1.223006e-01;1.582139e-01;1.782934e-01;6.647839e-02;7.516477e-02;1.263409e-01;1.303243e-01;3.007956e-02;2.790313e-02;1.472386e-02
2.801445e-02;6.089653e-02;9.338968e-02;1.299264e-01;1.541757e-01;1.116207e-01;6.213523e-02;1.865551e-01;9.046041e-02;3.218962e-02;3.713701e-02;1.349918e-02
4.071230e-02;6.156955e-02;4.399068e-02;5.259579e-02;1.285713e-01;1.521044e-01;4.069339e-02;1.738254e-01;1.818453e-01;2.840641e-02;5.615566e-02;3.952974e-02
2.930595e-02;8.350919e-02;8.430879e-02;8.331751e-02;1.454169e-01;1.206035e-01;6.494135e-02;9.749805e-02;1.739029e-01;4.024103e-02;3.320381e-02;4.375099e-02
5.306835e-02;7.562478e-02;6.413586e-02;8.791967e-02;1.816256e-01;1.465377e-01;7.924968e-02;6.817031e-02;1.362505e-01;5.850308e-02;2.031877e-02;2.859571e-02
7.331465e-02;6.950106e-02;7.387505e-02;9.985799e-02;1.802592e-01;1.060143e-01;6.748651e-02;7.173686e-02;1.352932e-01;7.321814e-02;2.267764e-02;2.676548e-02
9.278046e-02;6.138110e-02;7.460170e-02;1.162844e-01;1.655697e-01;3.452116e-02;8.402235e-02;7.646006e-02;1.583523e-01;8.981273e-02;2.778793e-02;1.842608e-02
9.681436e-02;5.905879e-02;7.327012e-02;1.134243e-01;1.499871e-01;5.006332e-02;7.070453e-02;5.157913e-02;1.631227e-01;1.176708e-01;3.678121e-02;1.752372e-02
7.506672e-02;5.102291e-02;5.588558e-02;1.067946e-01;1.439153e-01;6.216413e-02;4.577233e-02;6.770265e-02;1.415365e-01;1.549280e-01;4.189646e-02;5.331492e-02
3.902568e-02;7.202103e-02;6.236207e-02;8.569665e-02;1.439794e-01;6.253903e-02;3.678671e-02;6.600640e-02;1.299685e-01;1.766059e-01;4.181939e-02;8.318920e-02
3.535978e-02;8.867538e-02;6.317922e-02;4.938508e-02;1.426502e-01;8.171979e-02;3.034828e-02;6.389353e-02;1.279470e-01;1.816012e-01;4.128116e-02;9.395934e-02
