2.640224e-02;6.023415e-02;1.008455e-01;9.058920e-02;1.630059e-01;2.248021e-01;4.766957e-02;9.106820e-02;5.440112e-02;2.050611e-02;4.898537e-02;7.149057e-02
2.297639e-02;2.882905e-02;6.582781e-02;8.824793e-02;2.424362e-01;2.494482e-01;2.301779e-02;7.054896e-02;7.842667e-02;1.085870e-02;3.002203e-02;8.936030e-02
2.692183e-02;3.153554e-02;5.752794e-02;5.201292e-02;2.635030e-01;3.076064e-01;3.142561e-02;4.402301e-02;9.075349e-02;5.721359e-03;5.317206e-03;8.365168e-02
2.631592e-02;3.601760e-02;5.116062e-02;4.489125e-02;2.109259e-01;3.900582e-01;6.636856e-02;5.255568e-02;6.145070e-02;6.200283e-03;5.534094e-03;4.852114e-02
7.436784e-03;5.345535e-02;7.262617e-02;5.972048e-02;1.582048e-01;3.878332e-01;1.066486e-01;8.056480e-02;3.819574e-02;8.732425e-03;8.017503e-03;1.856410e-02
3.518679e-02;9.493785e-02;1.565115e-01;6.459328e-02;1.004859e-01;2.709751e-01;1.050258e-01;8.557285e-02;3.219066e-02;9.198053e-03;9.175603e-03;3.614655e-02
2.756356e-02;1.362155e-01;2.524939e-01;4.307995e-02;7.122619e-02;2.443144e-01;4.702557e-02;6.072346e-02;3.198309e-02;1.192167e-02;8.214632e-03;6.523815e-02
2.093141e-02;1.592908e-01;2.532415e-01;2.548150e-02;1.355459e-01;2.467875e-01;1.399046e-02;4.240450e-02;3.191387e-02;7.618346e-03;9.206546e-03;5.358777e-02
2.820671e-02;1.470542e-01;2.060116e-01;3.582827e-02;1.968193e-01;2.535105e-01;2.229416e-02;2.587244e-02;2.811589e-02;1.480454e-02;1.963708e-02;2.184526e-02
3.006236e-02;1.278482e-01;1.826009e-01;5.050254e-02;1.837678e-01;2.165962e-01;2.208141e-02;6.301490e-02;3.297580e-02;2.379027e-02;3.622316e-02;3.053641e-02
3.777989e-02;1.160009e-01;1.702939e-01;3.063444e-02;1.262145e-01;1.477622e-01;6.302549e-02;1.208494e-01;5.899687e-02;3.166369e-02;3.248946e-02;6.428935e-02
2.941407e-02;7.089378e-02;1.133540e-01;3.416504e-02;5.304952e-02;9.400477e-02;1.049257e-01;2.335753e-01;1.794986e-01;1.815647e-02;2.098648e-02;4.797629e-02
2.138847e-02;4.226889e-02;7.022998e-02;4.727699e-02;2.630830e-02;8.461565e-02;8.486808e-02;2.155906e-01;3.012053e-01;5.590632e-02;2.370210e-02;2.663928e-02
2.108632e-02;2.895233e-02;4.437198e-02;5.434352e-02;3.232121e-02;6.431895e-02;5.704822e-02;1.377849e-01;4.011814e-01;1.291998e-01;1.527693e-02;1.411444e-02
3.198744e-02;2.076139e-02;3.549351e-02;6.092351e-02;3.719645e-02;6.517603e-02;4.368585e-02;8.513863e-02;4.359088e-01;1.496410e-01;1.720147e-02;1.688598e-02
4.801605e-02;1.967293e-02;3.251824e-02;7.337557e-02;2.852290e-02;6.237393e-02;4.185022e-02;8.873342e-02;4.890339e-01;7.303079e-02;2.038873e-02;2.248326e-02
4.718857e-02;9.816206e-03;2.100094e-02;6.658375e-02;2.175109e-02;3.978882e-02;4.977424e-02;6.751251e-02;4.063388e-01;2.339941e-01;2.134744e-02;1.490358e-02
4.360882e-02;8.060799e-03;1.328127e-02;9.087235e-02;1.869986e-02;2.964539e-02;4.168933e-02;5.587911e-02;4.237917e-01;2.405313e-01;2.288272e-02;1.105730e-02
3.302094e-02;7.348097e-03;1.517348e-02;1.395298e-01;1.572010e-02;3.492104e-02;2.663543e-02;8.762442e-02;4.776200e-01;1.341600e-01;2.143273e-02;6.813932e-03
2.264055e-02;7.072426e-03;2.351726e-02;1.934816e-01;1.247121e-02;4.601796e-02;1.843496e-02;1.273098e-01;4.803514e-01;4.327094e-02;1.332957e-02;1.210219e-02
1.164302e-02;7.827482e-03;2.580054e-02;1.992273e-01;1.334584e-02;6.040108e-02;1.880446e-02;1.612839e-01;4.375836e-01;3.278045e-02;8.210191e-03;2.309209e-02
1.581177e-02;9.573177e-03;2.605984e-02;1.716511e-01;9.946113e-03;4.995959e-02;1.399169e-02;1.185915e-01;5.225774e-01;3.357051e-02;1.387790e-02;1.438944e-02
4.463964e-02;8.283755e-03;9.768712e-03;1.460240e-01;1.279545e-02;4.163216e-02;1.642150e-02;9.607566e-02;5.815296e-01;2.118699e-02;1.514723e-02;6.495281e-03
6.803746e-02;9.690174e-03;1.268483e-02;1.010674e-01;2.257228e-02;4.926749e-02;1.995362e-02;9.310412e-02;5.447457e-01;5.452210e-02;1.537903e-02;8.975799e-03
6.556158e-02;2.679687e-02;1.795170e-02;5.038709e-02;4.069695e-02;6.554301e-02;1.958868e-02;8.610142e-02;4.421597e-01;1.665799e-01;1.140462e-02;7.228472e-03
4.659385e-02;3.988430e-02;2.275814e-02;4.874279e-02;5.342914e-02;6.210579e-02;3.987501e-02;8.241417e-02;2.965023e-01;2.690149e-01;1.938993e-02;1.928968e-02
3.263476e-02;2.508948e-02;3.032243e-02;8.309425e-02;4.353759e-02;6.395117e-02;2.453678e-02;2.079948e-01;2.669597e-01;1.719451e-01;2.999858e-02;1.993535e-02
2.174530e-02;2.507287e-02;3.459787e-02;1.071009e-01;4.120576e-02;9.241926e-02;4.193360e-02;2.431284e-01;2.786076e-01;6.572894e-02;2.843843e-02;2.002113e-02
2.929885e-02;2.689472e-02;3.541870e-02;1.308158e-01;4.670062e-02;1.272747e-01;5.875015e-02;1.969647e-01;2.345185e-01;6.598190e-02;2.778067e-02;1.960067e-02
1.889588e-02;3.410080e-02;4.027678e-02;1.155935e-01;4.516163e-02;1.195672e-01;4.509280e-02;1.587722e-01;2.999672e-01;8.676697e-02;2.164737e-02;1.415770e-02
2.705555e-02;7.541874e-02;6.651908e-02;8.464886e-02;3.177898e-02;1.112356e-01;2.676051e-02;1.440343e-01;3.504117e-01;4.272102e-02;1.877183e-02;2.064378e-02
2.926785e-02;1.125787e-01;1.173105e-01;8.291468e-02;4.006340e-02;1.193082e-01;2.419542e-02;1.234931e-01;2.686569e-01;4.176562e-02;1.419456e-02;2.625104e-02
2.660339e-02;1.118938e-01;1.223782e-01;8.850749e-02;5.550243e-02;1.796222e-01;4.027906e-02;1.251383e-01;1.914107e-01;2.485059e-02;1.330425e-02;2.050949e-02
1.817718e-02;6.560919e-02;8.414854e-02;7.039320e-02;3.860614e-02;1.515110e-01;3.797663e-02;2.289391e-01;2.166122e-01;4.711396e-02;1.508379e-02;2.582902e-02
1.698029e-02;5.495366e-02;7.691593e-02;6.354919e-02;3.496829e-02;8.332441e-02;1.943693e-02;2.850465e-01;2.435913e-01;7.208657e-02;2.439548e-02;2.475150e-02
2.160681e-02;5.969879e-02;5.457545e-02;6.719669e-02;4.479635e-02;1.795215e-01;1.858299e-02;2.125519e-01;2.366329e-01;6.648280e-02;1.984276e-02;1.851114e-02
2.603825e-02;5.819980e-02;3.658750e-02;8.503769e-02;4.384893e-02;1.847573e-01;3.386302e-02;1.651338e-01;2.563804e-01;6.772391e-02;2.574805e-02;1.668136e-02
3.261257e-02;7.889124e-02;9.057391e-02;9.944315e-02;2.988223e-02;1.254787e-01;3.615872e-02;1.494284e-01;2.438146e-01;6.909204e-02;2.494016e-02;1.968438e-02
4.552297e-02;6.673726e-02;9.129773e-02;1.525870e-01;1.206452e-02;1.760262e-01;3.315897e-02;9.681319e-02;2.386829e-01;3.589854e-02;2.228938e-02;2.892144e-02
3.597568e-02;3.792759e-02;7.629961e-02;1.290629e-01;3.635722e-02;3.013333e-01;1.781502e-02;9.275471e-02;1.824885e-01;5.260175e-02;1.221400e-02;2.516971e-02
2.372809e-02;3.732705e-02;1.341737e-01;9.747409e-02;4.197827e-02;3.552504e-01;3.457388e-02;6.636324e-02;1.583072e-01;1.951033e-02;1.513349e-02;1.618018e-02
1.670236e-02;5.143511e-02;2.005286e-01;1.108465e-01;4.194576e-02;2.826968e-01;2.785660e-02;5.455499e-02;1.188051e-01;6.156809e-02;2.268032e-02;1.037996e-02
1.275236e-02;7.671385e-02;2.447549e-01;1.009165e-01;3.278897e-02;2.091212e-01;3.117966e-02;8.606168e-02;9.781276e-02;7.852013e-02;2.569310e-02;3.684801e-03
1.664497e-02;1.192344e-01;2.709427e-01;8.053120e-02;2.450626e-02;1.370491e-01;5.064566e-02;5.652478e-02;1.140257e-01;9.108008e-02;2.679261e-02;1.202248e-02
1.600715e-02;1.730787e-01;2.711834e-01;6.940981e-02;3.458951e-02;1.037089e-01;3.361684e-02;4.690298e-02;1.206746e-01;9.306644e-02;1.949208e-02;1.826954e-02
3.358320e-02;2.318107e-01;2.222864e-01;3.731956e-02;2.439886e-02;8.340927e-02;2.884144e-02;7.889966e-02;1.516042e-01;8.130688e-02;1.431252e-02;1.222728e-02
8.147581e-02;2.224412e-01;1.751426e-01;2.567089e-02;2.404555e-02;5.213087e-02;3.350602e-02;1.615239e-01;1.506626e-01;5.431162e-02;1.138829e-02;7.700610e-03
1.325426e-01;1.241350e-01;1.247480e-01;3.192055e-02;2.788362e-02;6.498475e-02;6.156321e-02;2.919351e-01;1.003607e-01;2.114539e-02;8.761203e-03;1.001988e-02
1.659285e-01;5.302256e-02;8.519103e-02;3.317814e-02;2.500332e-02;5.995112e-02;1.026717e-01;3.438495e-01;9.298296e-02;1.262478e-02;7.313266e-03;1.828305e-02
1.599342e-01;6.310468e-02;9.527224e-02;3.350831e-02;1.344904e-02;4.077135e-02;1.258943e-01;3.069005e-01;1.101853e-01;2.501070e-02;8.104521e-03;1.786477e-02
1.409943e-01;1.138724e-01;1.142181e-01;2.662862e-02;1.394899e-02;3.632242e-02;1.354207e-01;2.367890e-01;8.020039e-02;3.343139e-02;7.154955e-03;6.101872e-02
1.177259e-01;1.104117e-01;1.204793e-01;3.063339e-02;1.602251e-02;6.149030e-02;1.504391e-01;1.532895e-01;7.479809e-02;4.736074e-02;1.574068e-02;1.016089e-01
8.987311e-02;6.581859e-02;1.222335e-01;1.031947e-01;3.527621e-02;8.257974e-02;1.511733e-01;3.896839e-02;1.223240e-01;6.112763e-02;2.625340e-02;1.011774e-01
7.328564e-02;9.754536e-02;1.244648e-01;9.942559e-02;4.359429e-02;7.240840e-02;1.022768e-01;1.323507e-01;1.230352e-01;4.392143e-02;2.510084e-02;6.259099e-02
6.603037e-02;1.238121e-01;1.465552e-01;8.597983e-02;3.615930e-02;4.554019e-02;5.634196e-02;1.916029e-01;1.640020e-01;2.785190e-02;2.139817e-02;3.472603e-02
6.243646e-02;1.003135e-01;1.699930e-01;7.280371e-02;1.780830e-02;5.641157e-02;4.644769e-02;1.916397e-01;1.999847e-01;3.795728e-02;1.055697e-02;3.364709e-02
7.451478e-02;1.203614e-01;1.931078e-01;5.306381e-02;1.435574e-02;6.668834e-02;4.505052e-02;1.141989e-01;1.967960e-01;7.165352e-02;8.389913e-03;4.181940e-02
6.640564e-02;9.318966e-02;1.993716e-01;5.009259e-02;1.637338e-02;5.885495e-02;5.456083e-02;7.917099e-02;2.451741e-01;7.827459e-02;1.014526e-02;4.838650e-02
7.231668e-02;1.209855e-01;1.859443e-01;4.140748e-02;1.623799e-02;4.225508e-02;5.158066e-02;8.133952e-02;2.699637e-01;6.382506e-02;2.588328e-02;2.826069e-02
7.665450e-02;1.116561e-01;1.304821e-01;4.524654e-02;1.606450e-02;7.274412e-02;4.320705e-02;1.512205e-01;2.146389e-01;7.150541e-02;3.109029e-02;3.548996e-02
8.657883e-02;1.378231e-01;6.268129e-02;4.961746e-02;1.905402e-02;1.148790e-01;4.153872e-02;1.518734e-01;1.871023e-01;7.855513e-02;2.645116e-02;4.384556e-02
7.695320e-02;1.440999e-01;7.520494e-02;6.314198e-02;2.573251e-02;1.159956e-01;5.574819e-02;1.392476e-01;2.016881e-01;5.056706e-02;1.158743e-02;4.003350e-02
6.479155e-02;1.247002e-01;8.148106e-02;6.659785e-02;4.367708e-02;1.193210e-01;6.669005e-02;1.827893e-01;1.549087e-01;3.164558e-02;3.735460e-02;2.604307e-02
6.066461e-02;1.337761e-01;1.170216e-01;5.918814e-02;3.808696e-02;1.308325e-01;5.932622e-02;1.674030e-01;8.715045e-02;5.786429e-02;4.944281e-02;3.924327e-02
4.150898e-02;9.275027e-02;1.838860e-01;7.560028e-02;8.321196e-02;1.701435e-01;5.597387e-02;1.219195e-01;6.923310e-02;3.871360e-02;3.478635e-02;3.227263e-02
3.393910e-02;8.566957e-02;1.793800e-01;1.353956e-01;1.649801e-01;1.849052e-01;3.789137e-02;5.879973e-02;4.943674e-02;1.984055e-02;2.377850e-02;2.598350e-02
3.171742e-02;7.490323e-02;1.218496e-01;2.059406e-01;2.208398e-01;1.422387e-01;1.802945e-02;5.288135e-02;4.958681e-02;1.324783e-02;3.069509e-02;3.807014e-02
2.511879e-02;4.520349e-02;8.430314e-02;2.983272e-01;2.255433e-01;8.136117e-02;8.772590e-03;6.718026e-02;4.670076e-02;1.822110e-02;6.654221e-02;3.272601e-02
2.100029e-02;3.924390e-02;1.592560e-01;3.382235e-01;1.728529e-01;5.629845e-02;8.884056e-03;5.328556e-02;3.793636e-02;1.390386e-02;7.712942e-02;2.198566e-02
1.583638e-02;6.054574e-02;3.310840e-01;2.579502e-01;9.650102e-02;5.170104e-02;1.898477e-02;2.318783e-02;3.111465e-02;5.113478e-02;5.402614e-02;7.933433e-03
1.631583e-02;1.223823e-01;4.906363e-01;1.155398e-01;3.371760e-02;3.769824e-02;2.134991e-02;1.649360e-02;2.606216e-02;8.462530e-02;2.750181e-02;7.677118e-03
1.171877e-02;1.691497e-01;5.088031e-01;7.064982e-02;2.431928e-02;2.457465e-02;1.974642e-02;1.935216e-02;3.859171e-02;1.006283e-01;8.756347e-03;3.709748e-03
1.165728e-02;2.809412e-01;4.252793e-01;4.222932e-02;2.917471e-02;3.454757e-02;1.407701e-02;1.350759e-02;5.663997e-02;8.187256e-02;4.802228e-03;5.271291e-03
1.849072e-02;3.956090e-01;3.216673e-01;3.192206e-02;1.799010e-02;4.415656e-02;6.477574e-03;1.400236e-02;9.309433e-02;4.531432e-02;3.031325e-03;8.244413e-03
2.527386e-02;4.373868e-01;2.638302e-01;2.799659e-02;6.623948e-03;6.206581e-02;3.070715e-03;1.028023e-02;1.193638e-01;3.203263e-02;3.921457e-03;8.153989e-03
2.881317e-02;4.283547e-01;2.399486e-01;3.173372e-02;1.082262e-02;6.716690e-02;6.093811e-03;1.691826e-02;1.406377e-01;1.668842e-02;4.965135e-03;7.856977e-03
3.956312e-02;3.845669e-01;1.723339e-01;5.026718e-02;3.492429e-02;7.665223e-02;1.091602e-02;4.027236e-02;1.588356e-01;1.438541e-02;9.784618e-03;7.498282e-03
6.502825e-02;2.856705e-01;1.149952e-01;6.253237e-02;7.873152e-02;8.432589e-02;1.833726e-02;1.233153e-01;1.346715e-01;1.202464e-02;1.579525e-02;4.572201e-03
7.521978e-02;1.899435e-01;1.083682e-01;5.413292e-02;1.016354e-01;1.132483e-01;2.012590e-02;1.903352e-01;8.539967e-02;2.353808e-02;2.548628e-02;1.256672e-02
7.916906e-02;1.150941e-01;1.074057e-01;2.824170e-02;1.129878e-01;1.087365e-01;5.106658e-02;2.439693e-01;7.433637e-02;3.093245e-02;2.854288e-02;1.951755e-02
7.487992e-02;1.432722e-01;1.234715e-01;2.010044e-02;7.973062e-02;7.697321e-02;8.913761e-02;2.302935e-01;7.178038e-02;3.272784e-02;2.870278e-02;2.893003e-02
5.050146e-02;2.096835e-01;1.389262e-01;3.144841e-02;4.380979e-02;8.175819e-02;8.074638e-02;1.664970e-01;1.073979e-01;3.811816e-02;2.296774e-02;2.814529e-02
4.144148e-02;2.713872e-01;2.637540e-01;3.425035e-02;3.702301e-02;4.555456e-02;3.684258e-02;1.145405e-01;9.892759e-02;1.516442e-02;2.484397e-02;1.627030e-02
3.444367e-02;2.742757e-01;2.806068e-01;5.584533e-02;3.631498e-02;4.696263e-02;2.756585e-02;1.017465e-01;6.785441e-02;3.591984e-02;2.878505e-02;9.679213e-03
3.840795e-02;2.626958e-01;2.901598e-01;6.091774e-02;4.138527e-02;5.598833e-02;2.626709e-02;9.788572e-02;5.560615e-02;3.943897e-02;2.441147e-02;6.835738e-03
4.781783e-02;2.764180e-01;2.722636e-01;5.552772e-02;5.426710e-02;6.293444e-02;3.831141e-02;9.941244e-02;4.469670e-02;1.777220e-02;2.157580e-02;9.002792e-03
5.171433e-02;2.614678e-01;1.971897e-01;8.421497e-02;5.363604e-02;6.532566e-02;6.011221e-02;1.118614e-01;4.228434e-02;3.052103e-02;2.884074e-02;1.283179e-02
5.961927e-02;2.111753e-01;1.966869e-01;9.740188e-02;7.321747e-02;9.427166e-02;5.896331e-02;9.062564e-02;5.996138e-02;1.861426e-02;2.056542e-02;1.889746e-02
4.820946e-02;1.919715e-01;1.898138e-01;9.398860e-02;6.994143e-02;1.025923e-01;9.322653e-02;1.119720e-01;4.807733e-02;1.516046e-02;1.299260e-02;2.205398e-02
5.427043e-02;1.593654e-01;1.098486e-01;1.092338e-01;5.972017e-02;9.152135e-02;1.479422e-01;1.718292e-01;3.516528e-02;2.696920e-02;9.820319e-03;2.431406e-02
8.227878e-02;1.474353e-01;1.124559e-01;9.429558e-02;5.869776e-02;4.021353e-02;1.076001e-01;2.365048e-01;4.025893e-02;4.296704e-02;1.288912e-02;2.440317e-02
1.006228e-01;1.794994e-01;8.653295e-02;6.489537e-02;1.271585e-01;3.790029e-02;4.788804e-02;2.477855e-01;3.577673e-02;2.464963e-02;2.690819e-02;2.038241e-02
8.737066e-02;1.638015e-01;9.432028e-02;4.135352e-02;1.718357e-01;8.453205e-02;2.793204e-02;2.071802e-01;5.901667e-02;1.697033e-02;3.190150e-02;1.378544e-02
4.646962e-02;1.300990e-01;7.269923e-02;2.803871e-02;1.310126e-01;2.070567e-01;1.922127e-02;1.431410e-01;1.472466e-01;3.632158e-02;2.005985e-02;1.863389e-02
2.655732e-02;1.294198e-01;1.127864e-01;1.770617e-02;4.289655e-02;2.507581e-01;5.060564e-02;6.654925e-02;1.746274e-01;8.325846e-02;2.284374e-02;2.199128e-02
2.378327e-02;1.203926e-01;1.687468e-01;6.986255e-03;1.462412e-02;1.484546e-01;1.437665e-01;3.716024e-02;1.118784e-01;1.714608e-01;2.913726e-02;2.360921e-02
2.438171e-02;1.006207e-01;2.270010e-01;3.677401e-02;2.132417e-02;6.092969e-02;1.903229e-01;4.029354e-02;4.864468e-02;1.934746e-01;3.945604e-02;1.677707e-02
2.885274e-02;7.615719e-02;2.021507e-01;9.548581e-02;3.433878e-02;5.697989e-02;1.194043e-01;1.111244e-01;3.277303e-02;1.059806e-01;1.224076e-01;1.434507e-02
2.447736e-02;7.004697e-02;9.816442e-02;1.508398e-01;8.960371e-02;8.138078e-02;4.308913e-02;1.842967e-01;2.979271e-02;3.942717e-02;1.504456e-01;3.843573e-02
1.978740e-02;8.166387e-02;6.874614e-02;1.677431e-01;1.413928e-01;1.095526e-01;3.098868e-02;1.556695e-01;3.197239e-02;3.383535e-02;9.393692e-02;6.471121e-02
1.538267e-02;9.336052e-02;1.426804e-01;1.419280e-01;1.328473e-01;1.480153e-01;4.489992e-02;1.174491e-01;5.143291e-02;3.018543e-02;2.785138e-02;5.396714e-02
1.439345e-02;6.759967e-02;1.718464e-01;8.637699e-02;8.772900e-02;2.858680e-01;4.671383e-02;1.115373e-01;5.837169e-02;2.362487e-02;1.786094e-02;2.807779e-02
2.094932e-02;1.013520e-01;1.593498e-01;5.248143e-02;6.062250e-02;3.807448e-01;3.466445e-02;6.946743e-02;5.770475e-02;2.346839e-02;1.925768e-02;1.993751e-02
2.123179e-02;9.315573e-02;1.675598e-01;6.601639e-02;6.208534e-02;3.728091e-01;5.615881e-02;6.241847e-02;4.350136e-02;2.267551e-02;1.567556e-02;1.671215e-02
1.661215e-02;1.041328e-01;2.156999e-01;6.425361e-02;5.309878e-02;3.250327e-01;6.001605e-02;7.191790e-02;3.149201e-02;2.118278e-02;2.464975e-02;1.191160e-02
2.393190e-02;1.160758e-01;2.059578e-01;6.236921e-02;4.557942e-02;2.579422e-01;5.738175e-02;9.299964e-02;4.831354e-02;2.383068e-02;5.742470e-02;8.193303e-03
3.965845e-02;9.897555e-02;8.276986e-02;6.184147e-02;3.725396e-02;2.181059e-01;1.000472e-01;1.081766e-01;8.325749e-02;3.545422e-02;1.112060e-01;2.325329e-02
3.673392e-02;8.337867e-02;1.649522e-01;5.567292e-02;2.533786e-02;1.671948e-01;1.093848e-01;7.974821e-02;7.577784e-02;7.012144e-02;8.484461e-02;4.685269e-02
4.167528e-02;1.317479e-01;1.826724e-01;4.788075e-02;2.826071e-02;1.661902e-01;7.316989e-02;1.279569e-01;5.252514e-02;5.980014e-02;4.872048e-02;3.940018e-02
2.802910e-02;7.854691e-02;1.032714e-01;2.967705e-02;2.332062e-02;1.828006e-01;1.028753e-01;2.578126e-01;8.116224e-02;2.875739e-02;4.650091e-02;3.724598e-02
1.622561e-02;4.685029e-02;8.609210e-02;1.673677e-02;2.622254e-02;1.235454e-01;1.233999e-01;3.779668e-01;8.767143e-02;2.824208e-02;3.404920e-02;3.299787e-02
1.280216e-02;7.878017e-02;8.118033e-02;9.245040e-03;3.126798e-02;4.334635e-02;1.873215e-01;4.031656e-01;5.623776e-02;2.590158e-02;5.319395e-02;1.755759e-02
1.055103e-02;1.384896e-01;5.623155e-02;1.272835e-02;3.227052e-02;7.499536e-02;2.851389e-01;2.576319e-01;2.581188e-02;2.709700e-02;7.156797e-02;7.485894e-03
1.022989e-02;1.942076e-01;3.992407e-02;1.685637e-02;2.877995e-02;7.090118e-02;3.608587e-01;1.419027e-01;2.615152e-02;1.951931e-02;8.028241e-02;1.038622e-02
7.551098e-03;2.249260e-01;2.693932e-02;1.691857e-02;2.402986e-02;5.199880e-02;4.048013e-01;1.011237e-01;1.910111e-02;1.012159e-02;9.985916e-02;1.262945e-02
7.437571e-03;2.270785e-01;2.017856e-02;1.355537e-02;2.196821e-02;5.466525e-02;4.094821e-01;1.027804e-01;1.510975e-02;7.849439e-03;1.089279e-01;1.096696e-02
1.085253e-02;2.082017e-01;2.772898e-02;1.030463e-02;2.801596e-02;7.258806e-02;3.862678e-01;9.217171e-02;2.134824e-02;1.011957e-02;1.196050e-01;1.279580e-02
4.953120e-03;1.836963e-01;2.154307e-02;9.830086e-03;3.226574e-02;8.658684e-02;3.664172e-01;1.177322e-01;2.231962e-02;1.068313e-02;1.291976e-01;1.477511e-02
1.129698e-02;1.663124e-01;8.974652e-03;1.280189e-02;3.543092e-02;8.807280e-02;3.757356e-01;1.388775e-01;2.030905e-02;7.300813e-03;1.192281e-01;1.565934e-02
1.908255e-02;1.384776e-01;2.301925e-02;2.430965e-02;4.875177e-02;1.395093e-01;3.458507e-01;1.032520e-01;3.283980e-02;1.498197e-02;9.387179e-02;1.605358e-02
1.873733e-02;1.104995e-01;3.693241e-02;3.297464e-02;5.267968e-02;2.547168e-01;2.684630e-01;8.472057e-02;4.700742e-02;1.756957e-02;6.169117e-02;1.400793e-02
1.664465e-02;9.995651e-02;6.056686e-02;2.594617e-02;4.105378e-02;2.731589e-01;1.767457e-01;1.982348e-01;5.101582e-02;1.309098e-02;3.455335e-02;9.032391e-03
1.859169e-02;9.824870e-02;4.793802e-02;1.025461e-02;4.046122e-02;1.488084e-01;1.375155e-01;3.525839e-01;4.844542e-02;1.695129e-02;5.041051e-02;2.979079e-02
1.672456e-02;6.972666e-02;7.409852e-02;8.161127e-03;2.594797e-02;1.359627e-01;1.147121e-01;3.644275e-01;7.059745e-02;1.925632e-02;3.136598e-02;6.901915e-02
1.528120e-02;6.401573e-02;9.269536e-02;8.834218e-03;1.501256e-02;1.223558e-01;1.216781e-01;3.297330e-01;8.043163e-02;1.720091e-02;2.187928e-02;1.108822e-01
1.598394e-02;6.847816e-02;9.089456e-02;1.613722e-02;2.018251e-02;5.297593e-02;1.407513e-01;3.186498e-01;9.185292e-02;1.202809e-02;2.100431e-02;1.510612e-01
1.357315e-02;7.724458e-02;7.032952e-02;1.118071e-02;2.068582e-02;7.238852e-02;1.555131e-01;3.411793e-01;7.944377e-02;1.369021e-02;1.345740e-02;1.313139e-01
1.055767e-02;7.896872e-02;7.502864e-02;1.509931e-02;1.964601e-02;6.006453e-02;1.508834e-01;3.713369e-01;8.021279e-02;2.463293e-02;2.454100e-02;8.902816e-02
7.949737e-03;6.400450e-02;8.460345e-02;1.556609e-02;2.615495e-02;1.348367e-01;1.307804e-01;3.588346e-01;5.487997e-02;2.637308e-02;5.438583e-02;4.163083e-02
1.117324e-02;9.272479e-02;5.332371e-02;1.987223e-02;2.405145e-02;2.573966e-01;1.346401e-01;2.781049e-01;4.126643e-02;1.659246e-02;5.857680e-02;1.227724e-02
1.309410e-02;9.946108e-02;5.028724e-02;2.722100e-02;2.395785e-02;2.841705e-01;1.936732e-01;1.667039e-01;4.903704e-02;1.596742e-02;5.464365e-02;2.178302e-02
1.414271e-02;8.369827e-02;4.401730e-02;2.886016e-02;2.949938e-02;2.087527e-01;2.192592e-01;2.162046e-01;4.509284e-02;2.373403e-02;5.894276e-02;2.779603e-02
3.092407e-02;5.230212e-02;2.433386e-02;2.212504e-02;2.367151e-02;8.751068e-02;1.710213e-01;3.412346e-01;1.045232e-01;3.765998e-02;6.072879e-02;4.396481e-02
3.701230e-02;3.838357e-02;4.349964e-02;1.987061e-02;1.539531e-02;8.599588e-02;8.704327e-02;3.304020e-01;2.299604e-01;4.692286e-02;3.703201e-02;2.848219e-02
5.239295e-02;3.869113e-02;6.984410e-02;2.311340e-02;1.076260e-02;9.485293e-02;6.175011e-02;2.900757e-01;2.505326e-01;5.578010e-02;1.461134e-02;3.759307e-02
3.997042e-02;3.167753e-02;1.317051e-01;2.117264e-02;6.303248e-03;7.571617e-02;4.692936e-02;3.287920e-01;1.744142e-01;4.542574e-02;9.379649e-03;8.851400e-02
1.525814e-02;2.228130e-02;2.258778e-01;1.229137e-02;5.273254e-03;4.359504e-02;2.782067e-02;4.286804e-01;8.106335e-02;2.651948e-02;9.279982e-03;1.020591e-01
7.111573e-03;2.056589e-02;2.842223e-01;8.700245e-03;5.989946e-03;2.245916e-02;2.313803e-02;4.670821e-01;3.750278e-02;2.616137e-02;6.267031e-03;9.079956e-02
5.058089e-03;2.734344e-02;2.873912e-01;9.217410e-03;3.539345e-03;4.612263e-02;3.267537e-02;4.509201e-01;3.637677e-02;1.905485e-02;5.950151e-03;7.635063e-02
6.277477e-03;2.882109e-02;2.932047e-01;7.794802e-03;3.638442e-03;3.228007e-02;1.302435e-02;4.690732e-01;5.185242e-02;1.546044e-02;6.139157e-03;7.243386e-02
6.926588e-03;2.490590e-02;2.878578e-01;4.902572e-03;4.303072e-03;4.293656e-02;2.527759e-02;4.597281e-01;4.555198e-02;1.345526e-02;6.875623e-03;7.727887e-02
6.665623e-03;2.160791e-02;2.791015e-01;1.090721e-02;6.196876e-03;5.539918e-02;1.909792e-02;4.486449e-01;3.912473e-02;1.238360e-02;6.072495e-03;9.479807e-02
6.019525e-03;2.344889e-02;2.476766e-01;1.164037e-02;5.686732e-03;5.951225e-02;1.379421e-02;4.454575e-01;5.194696e-02;1.509786e-02;7.030046e-03;1.126891e-01
8.706705e-03;2.509965e-02;2.073291e-01;1.702281e-02;7.463370e-03;7.376496e-02;1.795798e-02;4.408291e-01;5.770133e-02;1.572467e-02;6.656898e-03;1.217434e-01
9.922770e-03;2.367033e-02;1.962420e-01;1.539790e-02;7.545848e-03;8.109304e-02;1.930875e-02;4.348301e-01;6.207299e-02;1.398665e-02;7.899409e-03;1.280303e-01
1.289446e-02;2.665594e-02;1.850691e-01;1.373095e-02;4.976453e-03;6.088113e-02;1.710472e-02;4.505779e-01;6.902690e-02;1.473366e-02;1.075231e-02;1.335965e-01
9.578293e-03;3.421793e-02;1.597262e-01;1.133730e-02;3.362451e-03;5.711019e-02;2.461403e-02;4.723836e-01;7.486825e-02;1.871507e-02;7.269721e-03;1.268170e-01
7.430897e-03;3.298183e-02;1.433509e-01;1.236090e-02;6.444493e-03;5.765942e-02;5.083841e-02;4.723178e-01;6.041601e-02;2.542344e-02;7.946734e-03;1.228292e-01
8.215200e-03;2.691247e-02;1.191102e-01;2.340492e-02;1.275562e-02;3.579526e-02;6.825173e-02;5.007020e-01;5.726209e-02;2.126366e-02;1.401422e-02;1.123126e-01
7.994308e-03;3.894083e-02;1.040892e-01;1.936960e-02;1.312735e-02;9.884425e-02;2.810682e-02;5.227852e-01;7.644714e-02;1.396049e-02;1.044346e-02;6.589132e-02
5.422218e-03;4.160210e-02;1.156380e-01;4.210741e-03;9.119336e-03;1.036205e-01;3.711004e-02;5.490168e-01;8.576831e-02;4.928609e-03;8.521822e-03;3.504157e-02
4.378548e-03;3.186397e-02;1.083343e-01;3.817980e-03;9.176500e-03;7.847235e-02;4.664062e-02;6.085581e-01;7.414249e-02;9.099437e-03;7.065149e-03;1.845058e-02
6.570571e-03;1.728636e-02;7.344317e-02;7.747012e-03;6.725181e-03;9.715468e-02;5.685338e-02;6.330876e-01;6.293440e-02;1.292830e-02;8.157199e-03;1.711218e-02
8.010284e-03;1.738756e-02;4.579205e-02;1.107908e-02;1.019584e-02;1.521930e-01;9.585842e-02;5.624942e-01;4.387064e-02;1.954241e-02;1.060208e-02;2.297447e-02
6.860690e-03;2.773643e-02;6.402208e-02;1.328427e-02;1.204462e-02;2.008138e-01;1.258493e-01;4.570435e-01;4.572828e-02;1.033949e-02;8.087440e-03;2.819015e-02
7.161151e-03;3.672970e-02;6.909565e-02;9.470816e-03;1.306584e-02;2.993492e-01;1.160924e-01;3.719749e-01;4.155730e-02;6.634939e-03;5.584893e-03;2.328324e-02
8.772562e-03;4.162877e-02;5.531775e-02;8.572384e-03;1.013315e-02;4.109294e-01;7.041903e-02;3.277734e-01;3.094202e-02;1.255443e-02;7.610267e-03;1.534691e-02
1.327844e-02;4.196799e-02;6.215235e-02;9.584271e-03;9.398088e-03;4.400018e-01;5.835601e-02;2.953842e-01;3.050716e-02;1.281453e-02;1.143734e-02;1.511780e-02
1.838978e-02;2.226117e-02;6.874041e-02;7.550407e-03;5.362711e-03;4.172108e-01;4.722282e-02;3.116477e-01;4.908533e-02;2.605675e-02;9.230743e-03;1.724140e-02
2.197341e-02;2.125577e-02;8.058833e-02;6.736033e-03;6.209716e-03;4.437942e-01;5.123423e-02;2.664994e-01;3.596251e-02;4.494742e-02;5.257358e-03;1.554172e-02
3.259578e-02;2.309908e-02;7.403442e-02;7.403866e-03;1.231261e-02;5.130111e-01;3.743079e-02;2.008975e-01;3.183859e-02;4.860945e-02;7.042894e-03;1.172384e-02
3.580742e-02;2.047310e-02;8.098620e-02;7.142291e-03;1.573398e-02;5.278454e-01;1.308829e-02;2.158570e-01;2.991663e-02;3.351533e-02;1.090007e-02;8.734276e-03
3.678293e-02;1.779829e-02;7.054923e-02;4.585349e-03;1.874685e-02;5.403403e-01;1.901744e-02;2.108567e-01;3.902855e-02;2.001306e-02;1.013040e-02;1.215084e-02
3.808728e-02;2.253559e-02;6.872627e-02;5.643642e-03;1.684408e-02;5.263475e-01;2.990364e-02;2.134806e-01;4.492986e-02;1.651156e-02;8.009458e-03;8.980678e-03
3.768928e-02;2.232600e-02;6.150512e-02;4.945319e-03;1.776961e-02;5.132585e-01;2.248486e-02;2.445885e-01;4.595309e-02;1.459286e-02;7.505746e-03;7.381095e-03
3.937456e-02;2.338669e-02;5.499615e-02;7.922676e-03;2.480775e-02;5.406589e-01;3.056745e-02;2.100243e-01;3.495819e-02;1.169560e-02;6.701556e-03;1.490621e-02
3.432363e-02;1.921940e-02;5.766942e-02;1.337696e-02;3.824885e-02;5.203089e-01;4.212606e-02;2.033667e-01;3.664821e-02;1.065973e-02;7.071189e-03;1.698088e-02
2.911763e-02;1.949796e-02;7.653698e-02;1.530532e-02;3.824347e-02;4.975864e-01;4.909052e-02;1.984885e-01;3.537902e-02;7.588785e-03;9.431724e-03;2.373369e-02
5.630101e-02;1.904576e-02;6.354487e-02;1.162507e-02;2.367069e-02;5.338866e-01;1.985796e-02;1.999424e-01;3.682024e-02;5.792962e-03;7.701667e-03;2.181084e-02
7.715207e-02;2.088471e-02;3.760476e-02;2.048865e-02;1.251529e-02;5.205436e-01;6.708045e-02;1.804027e-01;2.632940e-02;1.645718e-02;3.839765e-03;1.670139e-02
7.085560e-02;2.156514e-02;2.326708e-02;3.553465e-02;9.916051e-03;4.927886e-01;1.691464e-01;1.133307e-01;2.108629e-02;2.855063e-02;2.030421e-03;1.192845e-02
6.443729e-02;1.707300e-02;2.485670e-02;4.080026e-02;1.047664e-02;4.868615e-01;1.980431e-01;9.848484e-02;1.602208e-02;3.306514e-02;3.354723e-03;6.524809e-03
7.432778e-02;1.083031e-02;1.899332e-02;3.460326e-02;1.714954e-02;5.087964e-01;1.591357e-01;1.147629e-01;1.505517e-02;3.393897e-02;6.691573e-03;5.715087e-03
6.723135e-02;2.262878e-02;1.804027e-02;3.450453e-02;3.387553e-02;5.496489e-01;1.149384e-01;8.904422e-02;2.021758e-02;3.099402e-02;1.237450e-02;6.501947e-03
2.550706e-02;4.670805e-02;3.207528e-02;3.272585e-02;2.905193e-02;4.805804e-01;1.951163e-01;9.183519e-02;2.777338e-02;1.539644e-02;1.841480e-02;4.815274e-03
9.118049e-03;4.772175e-02;4.007184e-02;3.096441e-02;7.798516e-03;3.877083e-01;2.214708e-01;1.866770e-01;3.274532e-02;1.457344e-02;1.149139e-02;9.659189e-03
1.889966e-02;4.372100e-02;4.806854e-02;3.196919e-02;2.450039e-02;4.314836e-01;1.511947e-01;1.932899e-01;2.340399e-02;1.583460e-02;3.452779e-03;1.418173e-02
2.700736e-02;5.719028e-02;1.162994e-01;2.347685e-02;2.991183e-02;4.740544e-01;6.372160e-02;1.395724e-01;3.260126e-02;1.423223e-02;2.679184e-03;1.925321e-02
2.019534e-02;9.336182e-02;2.154181e-01;2.779524e-02;3.794480e-02;3.985180e-01;1.087521e-02;1.191273e-01;3.220632e-02;1.446003e-02;7.217633e-03;2.288018e-02
3.747834e-02;9.911966e-02;2.292792e-01;3.127715e-02;4.924542e-02;2.744641e-01;2.443586e-02;1.677263e-01;3.631140e-02;1.827070e-02;7.532393e-03;2.485953e-02
6.955963e-02;1.019569e-01;1.789454e-01;1.819879e-02;4.365226e-02;2.043074e-01;5.801620e-02;2.427884e-01;3.586664e-02;1.863318e-02;4.542589e-03;2.353260e-02
6.361689e-02;7.073695e-02;1.138501e-01;1.242401e-02;3.055192e-02;2.499091e-01;1.129089e-01;2.716654e-01;3.699847e-02;1.277790e-02;4.059097e-03;2.050129e-02
2.895427e-02;5.170344e-02;8.574262e-02;1.444081e-02;2.654547e-02;2.594046e-01;9.185974e-02;3.414286e-01;6.338917e-02;1.418823e-02;1.036580e-02;1.197729e-02
1.174466e-02;3.529681e-02;5.526997e-02;1.595468e-02;2.388680e-02;2.235718e-01;8.027794e-02;4.281862e-01;8.438220e-02;2.413644e-02;6.606079e-03;1.068650e-02
1.053173e-02;1.893251e-02;4.043170e-02;1.558805e-02;2.454043e-02;1.687698e-01;5.321095e-02;5.229996e-01;9.459252e-02;3.643198e-02;4.703642e-03;9.267188e-03
9.167978e-03;1.490353e-02;3.633601e-02;1.337340e-02;1.512923e-02;1.802005e-01;2.506964e-02;5.504143e-01;9.427777e-02;4.851606e-02;3.350679e-03;9.260932e-03
1.102281e-02;1.570388e-02;3.290552e-02;8.461696e-03;1.440293e-02;2.393227e-01;3.847878e-02;4.953556e-01;7.684316e-02;5.594240e-02;4.908171e-03;6.652379e-03
1.426100e-02;2.478365e-02;4.205365e-02;8.967498e-03;2.480252e-02;2.034032e-01;4.653484e-02;5.128127e-01;5.398620e-02;5.827167e-02;3.137826e-03;6.985358e-03
1.473034e-02;1.772434e-02;2.709218e-02;1.247470e-02;1.980961e-02;2.395779e-01;6.070602e-02;4.935959e-01;7.117879e-02;3.028579e-02;3.985109e-03;8.839332e-03
1.673177e-02;9.324254e-03;2.285447e-02;1.110828e-02;1.021615e-02;2.556463e-01;6.148316e-02;4.975671e-01;9.369931e-02;1.156179e-02;3.519915e-03;6.287576e-03
2.335786e-02;1.566704e-02;5.684954e-02;1.223055e-02;1.671280e-02;1.409441e-01;2.388946e-02;5.589495e-01;1.228691e-01;1.330006e-02;9.252692e-03;5.977347e-03
1.770783e-02;2.593302e-02;5.992374e-02;1.067129e-02;1.880703e-02;2.970316e-01;5.110812e-02;3.939593e-01;8.892142e-02;1.704994e-02;1.163083e-02;7.255830e-03
1.191341e-02;2.338795e-02;5.369516e-02;1.425377e-02;2.499729e-02;5.411423e-01;6.953689e-02;1.682890e-01;5.729973e-02;1.429402e-02;1.337044e-02;7.820038e-03
1.911281e-02;2.871640e-02;4.797970e-02;1.559114e-02;3.379764e-02;5.495794e-01;5.311338e-02;1.595605e-01;5.891833e-02;1.394295e-02;1.358910e-02;6.098654e-03
1.728754e-02;3.418776e-02;2.458972e-02;1.108719e-02;2.832735e-02;3.814650e-01;8.380357e-02;3.064009e-01;6.471887e-02;2.004901e-02;1.749335e-02;1.058974e-02
2.384944e-02;3.745169e-02;5.299195e-02;1.504891e-02;1.866305e-02;3.055103e-01;1.035216e-01;3.371265e-01;5.506813e-02;2.228955e-02;1.292950e-02;1.554928e-02
4.145668e-02;2.413353e-02;3.620525e-02;1.507348e-02;2.304726e-02;4.009851e-01;1.001389e-01;2.432357e-01;5.536374e-02;3.448008e-02;9.688225e-03;1.619205e-02
5.240575e-02;1.819927e-02;3.820803e-02;2.208430e-02;3.617825e-02;3.859506e-01;1.260169e-01;1.635199e-01;7.146005e-02;4.908377e-02;1.686120e-02;2.003201e-02
5.396020e-02;4.617528e-02;6.692668e-02;3.067673e-02;3.555993e-02;2.787659e-01;1.204984e-01;1.748024e-01;9.422471e-02;5.387051e-02;2.106311e-02;2.347616e-02
4.721683e-02;3.626458e-02;5.183483e-02;2.283485e-02;3.267891e-02;4.170311e-01;1.219779e-01;1.369433e-01;6.358810e-02;3.841361e-02;2.089768e-02;1.031843e-02
2.788499e-02;2.613975e-02;5.036827e-02;1.560038e-02;2.685957e-02;5.255439e-01;1.625118e-01;8.262707e-02;2.436079e-02;2.577024e-02;1.578731e-02;1.654598e-02
2.097684e-02;3.425524e-02;4.801057e-02;1.169835e-02;1.603654e-02;3.833363e-01;1.218238e-01;2.157346e-01;9.344991e-02;2.629641e-02;1.507397e-02;1.330742e-02
1.616511e-02;3.016566e-02;3.989669e-02;1.078405e-02;7.881242e-03;1.655828e-01;4.438345e-02;4.197242e-01;2.040062e-01;3.570978e-02;1.467852e-02;1.102224e-02
9.219435e-03;1.661156e-02;2.165674e-02;1.159636e-02;1.006378e-02;1.272004e-01;3.667903e-02;4.946971e-01;2.321858e-01;2.294213e-02;9.506828e-03;7.640785e-03
5.915201e-03;9.231634e-03;2.152860e-02;8.675358e-03;1.167531e-02;1.457235e-01;3.079119e-02;5.152967e-01;2.335931e-01;1.124080e-02;2.485574e-03;3.842999e-03
6.746117e-03;1.241804e-02;2.197503e-02;5.739238e-03;9.125421e-03;1.326900e-01;2.001502e-02;5.356341e-01;2.370158e-01;1.130634e-02;3.417105e-03;3.917938e-03
8.972174e-03;1.504851e-02;2.481967e-02;3.504600e-03;6.120188e-03;1.572251e-01;1.494617e-02;5.390851e-01;2.110331e-01;1.269014e-02;2.713235e-03;3.841998e-03
9.561873e-03;1.305275e-02;2.665001e-02;4.208976e-03;6.866795e-03;1.553491e-01;2.887111e-02;5.185891e-01;2.075427e-01;1.873838e-02;3.900335e-03;6.668858e-03
6.428543e-03;1.134035e-02;3.004597e-02;9.515626e-03;1.125311e-02;1.626140e-01;4.062926e-02;4.797994e-01;2.177971e-01;1.747977e-02;2.478262e-03;1.061855e-02
1.195979e-02;1.067756e-02;2.653673e-02;1.737734e-02;5.807867e-03;1.396225e-01;3.874437e-02;4.779317e-01;2.411822e-01;1.742505e-02;3.491329e-03;9.243655e-03
1.401233e-02;1.359739e-02;3.883339e-02;2.088872e-02;1.000753e-02;1.507474e-01;3.206972e-02;4.036139e-01;2.919828e-01;1.427673e-02;4.063121e-03;5.907032e-03
1.119453e-02;2.772258e-02;5.383286e-02;3.470536e-02;1.897020e-02;2.012688e-01;6.228634e-02;1.513210e-01;4.047849e-01;2.007039e-02;4.613848e-03;9.229215e-03
7.322660e-03;1.488189e-02;2.834857e-02;3.681089e-02;1.099056e-02;1.650681e-01;3.465505e-02;3.602491e-01;3.136245e-01;1.499050e-02;8.130440e-03;4.927719e-03
1.038462e-02;7.544411e-03;1.607661e-02;4.012350e-02;7.030691e-03;1.443323e-01;2.738886e-02;3.875256e-01;3.248459e-01;2.463829e-02;7.955601e-03;2.153575e-03
1.366810e-02;7.769900e-03;1.477601e-02;4.887382e-02;5.310180e-03;1.152405e-01;2.320920e-02;3.397833e-01;3.778625e-01;4.402802e-02;7.765583e-03;1.712944e-03
1.882662e-02;2.145282e-02;2.387602e-02;4.746620e-02;1.094822e-02;1.243410e-01;2.456370e-02;2.572906e-01;3.966878e-01;6.046694e-02;9.749658e-03;4.330385e-03
3.404036e-02;4.463119e-02;5.145222e-02;4.966374e-02;1.548096e-02;1.386987e-01;3.042544e-02;5.970667e-02;4.645103e-01;7.582792e-02;2.419847e-02;1.136399e-02
2.154313e-02;2.702482e-02;4.748410e-02;3.068214e-02;1.399766e-02;1.525763e-01;2.818542e-02;3.287634e-01;2.808226e-01;4.345725e-02;1.782232e-02;7.640802e-03
1.355360e-02;2.698894e-02;4.940084e-02;1.147221e-02;1.524912e-02;2.173214e-01;6.420112e-02;4.296130e-01;1.309526e-01;1.890520e-02;1.415677e-02;8.185203e-03
1.314949e-02;4.060201e-02;3.631123e-02;9.270424e-03;1.876811e-02;2.594367e-01;8.152995e-02;4.530884e-01;4.777504e-02;1.149222e-02;2.010171e-02;8.474725e-03
1.105264e-02;3.519868e-02;4.481948e-02;9.162323e-03;1.066928e-02;1.846638e-01;7.479765e-02;5.136010e-01;8.188181e-02;8.045360e-03;1.734013e-02;8.767862e-03
6.398959e-03;2.483821e-02;5.348033e-02;9.099027e-03;1.025838e-02;1.297513e-01;4.827861e-02;5.650581e-01;1.157645e-01;1.515783e-02;7.771044e-03;1.414375e-02
1.009594e-02;1.594167e-02;5.688985e-02;2.219218e-02;8.364476e-03;6.901170e-02;1.854671e-02;5.371954e-01;2.185407e-01;1.774816e-02;1.011789e-02;1.535532e-02
1.745394e-02;1.561247e-02;3.905004e-02;4.325802e-02;6.235289e-03;2.837493e-02;1.848994e-02;4.480498e-01;3.391401e-01;2.262137e-02;1.164432e-02;1.006990e-02
2.514887e-02;1.539599e-02;2.697393e-02;6.262770e-02;6.443458e-03;6.334771e-02;2.082192e-02;3.503923e-01;3.830994e-01;2.906971e-02;1.026423e-02;6.414773e-03
3.687415e-02;1.401678e-02;2.531128e-02;9.577359e-02;7.758154e-03;1.244092e-01;2.898938e-02;2.145731e-01;4.024270e-01;3.350436e-02;8.392667e-03;7.970350e-03
3.594696e-02;1.263934e-02;2.283239e-02;1.465956e-01;6.801450e-03;1.235363e-01;2.726852e-02;1.689683e-01;4.062126e-01;3.092639e-02;8.847750e-03;9.424385e-03
2.121105e-02;1.581190e-02;2.396603e-02;1.143582e-01;7.146299e-03;7.456596e-02;2.280979e-02;3.708827e-01;3.046644e-01;2.367928e-02;7.769347e-03;1.313499e-02
1.104790e-02;1.438372e-02;2.926440e-02;5.737438e-02;5.851914e-03;1.163924e-01;2.302967e-02;4.938818e-01;2.065313e-01;1.819104e-02;5.475522e-03;1.857591e-02
1.621326e-02;1.845548e-02;3.549998e-02;2.533566e-02;9.635259e-03;7.710164e-02;2.248942e-02;5.595257e-01;1.887690e-01;1.816130e-02;5.974423e-03;2.283893e-02
2.590863e-02;3.276158e-02;3.065990e-02;3.135725e-02;1.876889e-02;8.844902e-02;2.549315e-02;3.845757e-01;2.551277e-01;6.422977e-02;2.518152e-02;1.748685e-02
2.931758e-02;7.654379e-02;3.270021e-02;2.349101e-02;2.841164e-02;1.266760e-01;2.026154e-02;1.793486e-01;1.964952e-01;1.366075e-01;1.216136e-01;2.853331e-02
1.395879e-02;9.162185e-02;4.911694e-02;1.601857e-02;2.335640e-02;1.169804e-01;9.647537e-03;1.098531e-01;1.280401e-01;1.133125e-01;2.888630e-01;3.923074e-02
9.440466e-03;5.446434e-02;5.620821e-02;1.920243e-02;1.032453e-02;1.171691e-01;7.947057e-03;1.022043e-01;8.807924e-02;5.132883e-02;4.441504e-01;3.948113e-02
1.035015e-02;2.470423e-02;3.964666e-02;1.830470e-02;8.845355e-03;1.287098e-01;1.014291e-02;1.071687e-01;6.231549e-02;5.985025e-02;4.913623e-01;3.859952e-02
1.315735e-02;1.310379e-02;2.751810e-02;1.535854e-02;8.290932e-03;1.368663e-01;1.627297e-02;9.658182e-02;5.800811e-02;5.420863e-02;4.984248e-01;6.220869e-02
1.426604e-02;1.386160e-02;3.250396e-02;1.266186e-02;7.904372e-03;1.434289e-01;3.190018e-02;7.851163e-02;4.521487e-02;3.882658e-02;4.642819e-01;1.166381e-01
2.198351e-02;1.711277e-02;3.321503e-02;1.498704e-02;1.064191e-02;1.264093e-01;3.713430e-02;1.054545e-01;7.865641e-02;1.723278e-02;2.990001e-01;2.381724e-01
1.443801e-02;1.214576e-02;2.055869e-02;2.154922e-02;8.541081e-03;9.605703e-02;7.285964e-02;1.127700e-01;8.725341e-02;1.759897e-02;1.608894e-01;3.753388e-01
1.699734e-02;1.587067e-02;2.445665e-02;2.143267e-02;3.747333e-03;7.866925e-02;1.087183e-01;8.155704e-02;5.607792e-02;1.639929e-02;9.641626e-02;4.796572e-01
3.730229e-02;1.868977e-02;2.452711e-02;2.008411e-02;5.250270e-03;8.355558e-02;9.572545e-02;7.375389e-02;3.515753e-02;1.455460e-02;8.686624e-02;5.045332e-01
5.212541e-02;1.738139e-02;2.816195e-02;1.165582e-02;5.439768e-03;4.581625e-02;7.424021e-02;5.707347e-02;5.104654e-02;2.227307e-02;1.440029e-01;4.907832e-01
6.043610e-02;5.709644e-02;3.831238e-02;9.934440e-03;6.191372e-03;7.141636e-02;5.436911e-02;8.660201e-02;6.369112e-02;4.043139e-02;2.204773e-01;2.910420e-01
5.686493e-02;8.273790e-02;5.334981e-02;1.472301e-02;1.206928e-02;1.138841e-01;3.835111e-02;1.471309e-01;1.189288e-01;4.302458e-02;2.495208e-01;6.941475e-02
4.272280e-02;5.464269e-02;4.770416e-02;2.227708e-02;1.171110e-02;1.131516e-01;3.270343e-02;1.245100e-01;1.130797e-01;3.371466e-02;2.492189e-01;1.545637e-01
2.905044e-02;2.305060e-02;6.136027e-02;2.305081e-02;1.561014e-02;1.341933e-01;4.189092e-02;5.007129e-02;7.497536e-02;2.426223e-02;2.637041e-01;2.587805e-01
1.468028e-02;3.443744e-02;6.458360e-02;9.897555e-03;1.901013e-02;1.383783e-01;4.313438e-02;6.221604e-02;4.172293e-02;2.171334e-02;2.335202e-01;3.167059e-01
1.792221e-02;3.718415e-02;5.021852e-02;1.131119e-02;1.493936e-02;5.407885e-02;2.547190e-02;1.859933e-01;9.741753e-02;2.295177e-02;1.959753e-01;2.865359e-01
1.603671e-02;2.357453e-02;3.321732e-02;1.043971e-02;6.014557e-03;8.739199e-02;1.731757e-02;2.618265e-01;1.610875e-01;3.203435e-02;1.303434e-01;2.207158e-01
2.157313e-02;3.111543e-02;2.875548e-02;1.082067e-02;8.501823e-03;9.705321e-02;2.580833e-02;2.638727e-01;1.621790e-01;3.195417e-02;1.572280e-01;1.611381e-01
2.586336e-02;3.865435e-02;3.355651e-02;1.503614e-02;1.512896e-02;7.189195e-02;3.463298e-02;2.255812e-01;1.073580e-01;2.584800e-02;2.813176e-01;1.251310e-01
3.351128e-02;4.688341e-02;3.361246e-02;2.523970e-02;2.584482e-02;5.193681e-02;3.953682e-02;1.760587e-01;1.183123e-01;4.935751e-02;2.707226e-01;1.289836e-01
4.109583e-02;6.908766e-02;4.762241e-02;3.364575e-02;3.965358e-02;8.041669e-02;5.951508e-02;1.531300e-01;1.028779e-01;7.718080e-02;1.779593e-01;1.178150e-01
4.476964e-02;9.279127e-02;9.392326e-02;4.376903e-02;5.134202e-02;1.223429e-01;7.343937e-02;1.732568e-01;9.913707e-02;8.040155e-02;7.456464e-02;5.026250e-02
2.673232e-02;1.331614e-01;2.371078e-01;7.446544e-02;5.239775e-02;1.354825e-01;3.070241e-02;1.089758e-01;4.026390e-02;3.369160e-02;6.777299e-02;5.924615e-02
2.141637e-02;1.588483e-01;3.433973e-01;7.542020e-02;4.894928e-02;9.743135e-02;1.089119e-02;8.771762e-02;3.401795e-02;3.015042e-02;5.113010e-02;4.062985e-02
