6.815241e-02;5.434604e-02;1.349148e-01;4.833877e-02;8.502487e-02;6.497964e-02;1.436148e-01;1.065560e-01;8.282855e-02;8.717629e-02;6.753846e-02;5.652943e-02
4.775392e-02;5.710459e-02;1.588544e-01;4.255358e-02;7.691033e-02;5.665040e-02;1.624274e-01;8.365801e-02;9.691577e-02;7.559973e-02;7.146051e-02;7.011137e-02
4.609163e-02;8.441307e-02;1.822498e-01;4.683070e-02;7.774913e-02;4.741981e-02;1.799120e-01;5.573325e-02;1.003369e-01;6.347838e-02;6.233281e-02;5.345248e-02
7.053556e-02;1.118588e-01;1.689207e-01;5.243137e-02;5.401692e-02;4.146251e-02;1.504725e-01;4.169854e-02;1.067874e-01;8.147439e-02;6.991302e-02;5.042832e-02
5.372928e-02;9.141493e-02;1.193715e-01;3.511400e-02;6.195623e-02;5.648179e-02;1.226966e-01;6.226592e-02;9.307494e-02;9.986892e-02;1.202088e-01;8.381721e-02
5.270129e-02;6.172842e-02;9.199708e-02;2.861205e-02;5.739956e-02;8.798461e-02;1.332271e-01;9.603303e-02;5.123280e-02;1.233017e-01;1.306394e-01;8.514304e-02
7.318757e-02;7.635473e-02;6.704330e-02;1.129408e-01;1.293180e-01;5.872683e-02;6.432953e-02;9.608866e-02;5.042237e-02;7.198846e-02;9.829047e-02;1.013093e-01
8.158679e-02;7.923528e-02;9.401572e-02;1.362352e-01;1.130761e-01;3.790503e-02;3.085774e-02;1.284117e-01;5.854631e-02;5.184351e-02;8.752004e-02;1.007667e-01
8.221659e-02;8.499966e-02;9.462398e-02;1.180140e-01;1.006928e-01;6.308804e-02;3.288917e-02;1.005167e-01;9.914856e-02;5.734442e-02;9.729066e-02;6.917541e-02
8.614776e-02;8.851357e-02;8.109896e-02;8.323172e-02;1.282199e-01;8.007801e-02;2.719600e-02;6.654229e-02;1.471401e-01;5.924617e-02;1.034778e-01;4.910780e-02
9.414227e-02;1.124557e-01;5.705810e-02;4.375637e-02;1.555178e-01;6.288446e-02;1.741724e-02;3.832987e-02;2.056174e-01;5.564649e-02;1.082088e-01;4.896547e-02
1.196134e-01;8.979101e-02;3.469551e-02;2.506224e-02;1.794278e-01;2.542098e-02;2.417149e-02;7.730532e-02;1.806938e-01;4.198771e-02;1.749280e-01;2.690268e-02
1.645211e-01;7.440035e-02;3.436804e-02;1.780498e-02;1.494082e-01;1.975570e-02;1.985977e-02;1.295828e-01;1.036568e-01;3.999337e-02;2.116302e-01;3.501864e-02
2.016706e-01;7.020536e-02;4.385973e-02;2.050969e-02;1.033210e-01;1.240771e-02;2.414270e-02;1.194434e-01;8.188431e-02;5.453498e-02;2.238037e-01;4.421690e-02
2.033706e-01;7.840510e-02;4.696808e-02;1.959214e-02;5.305769e-02;1.276741e-02;2.586688e-02;1.247041e-01;1.416775e-01;6.415896e-02;1.895016e-01;3.992987e-02
1.705946e-01;1.153243e-01;6.886564e-02;1.429539e-02;4.130759e-02;1.302767e-02;3.993355e-02;1.680086e-01;1.828786e-01;5.073381e-02;1.108235e-01;2.420674e-02
1.457536e-01;9.648858e-02;8.191231e-02;1.018830e-02;4.896275e-02;1.785849e-02;8.516548e-02;1.902788e-01;1.990159e-01;3.720713e-02;6.345469e-02;2.371399e-02
1.533565e-01;6.745723e-02;8.310276e-02;1.554821e-02;4.766356e-02;2.811067e-02;1.245814e-01;1.728249e-01;1.692647e-01;4.764023e-02;6.883594e-02;2.161394e-02
1.984777e-01;5.572096e-02;7.751740e-02;3.213558e-02;7.369331e-02;2.626744e-02;1.358422e-01;7.765746e-02;1.100613e-01;5.733979e-02;1.347796e-01;2.050733e-02
1.957748e-01;5.649173e-02;2.712276e-02;2.652775e-02;1.152844e-01;2.434460e-02;4.304047e-02;1.031596e-01;1.889935e-01;5.752044e-02;1.416560e-01;2.008401e-02
1.905472e-01;5.355106e-02;4.846497e-02;2.882988e-02;8.454572e-02;4.321150e-02;4.055278e-02;1.351979e-01;1.775607e-01;5.983161e-02;1.177967e-01;1.990999e-02
1.701239e-01;6.519267e-02;6.091893e-02;4.119483e-02;7.031669e-02;6.168935e-02;7.545649e-02;1.018251e-01;1.787544e-01;6.563132e-02;7.530220e-02;3.359407e-02
1.165142e-01;7.428620e-02;7.435603e-02;5.983400e-02;5.796153e-02;6.299911e-02;7.534833e-02;1.694777e-01;1.777040e-01;5.674291e-02;3.174268e-02;4.303328e-02
9.093209e-02;8.497112e-02;9.576230e-02;8.710098e-02;7.138483e-02;6.055885e-02;5.086109e-02;1.993876e-01;1.243680e-01;3.124874e-02;4.505816e-02;5.836624e-02
7.258370e-02;7.206496e-02;8.193117e-02;8.611757e-02;1.032576e-01;3.952399e-02;6.152368e-02;1.997503e-01;1.254111e-01;3.288011e-02;6.373862e-02;6.121719e-02
6.919181e-02;6.112560e-02;5.834433e-02;5.781364e-02;1.219973e-01;4.482235e-02;4.337200e-02;1.924615e-01;1.753636e-01;4.082426e-02;7.713026e-02;5.755335e-02
8.124045e-02;4.984014e-02;6.723572e-02;4.783140e-02;1.002464e-01;9.365584e-02;5.728978e-02;1.750613e-01;1.910656e-01;4.204101e-02;5.378280e-02;4.070957e-02
7.028387e-02;4.819269e-02;1.053389e-01;9.181446e-02;6.518595e-02;1.018575e-01;9.891688e-02;1.152495e-01;1.643827e-01;4.788938e-02;5.332407e-02;3.756419e-02
5.436199e-02;5.642974e-02;1.144946e-01;1.178108e-01;8.623078e-02;7.572632e-02;9.864152e-02;9.820141e-02;1.496705e-01;4.964220e-02;5.824363e-02;4.054643e-02
9.207369e-02;8.816548e-02;8.452266e-02;1.061079e-01;1.318820e-01;4.268347e-02;7.857857e-02;7.546810e-02;1.398358e-01;4.279701e-02;5.232212e-02;6.556326e-02
1.079109e-01;9.870866e-02;1.012888e-01;1.239848e-01;1.183835e-01;3.345088e-02;6.406670e-02;7.685449e-02;9.504178e-02;4.161564e-02;6.811472e-02;7.057906e-02
7.541239e-02;9.162512e-02;1.728919e-01;1.155003e-01;7.307173e-02;7.997498e-02;1.169244e-01;3.463292e-02;5.835813e-02;8.749165e-02;4.687787e-02;4.723854e-02
6.264862e-02;8.438941e-02;1.518382e-01;6.319192e-02;5.149825e-02;1.081031e-01;1.252487e-01;6.060491e-02;6.887404e-02;1.110735e-01;5.265188e-02;5.987744e-02
7.828508e-02;1.242625e-01;8.524197e-02;4.257792e-02;6.125283e-02;1.054048e-01;9.776258e-02;9.490811e-02;7.046787e-02;9.621320e-02;8.229061e-02;6.133248e-02
7.534370e-02;8.932994e-02;9.022199e-02;4.324483e-02;8.864173e-02;7.012343e-02;1.679607e-01;9.585273e-02;7.003362e-02;7.204481e-02;1.036284e-01;3.357414e-02
6.382348e-02;4.982350e-02;1.290475e-01;7.350677e-02;1.254936e-01;7.334305e-02;1.996729e-01;5.920245e-02;3.956050e-02;4.042180e-02;7.736942e-02;6.873507e-02
5.291808e-02;4.391271e-02;1.410301e-01;1.082586e-01;1.909960e-01;6.588082e-02;1.528744e-01;3.352841e-02;2.334979e-02;2.441329e-02;5.903427e-02;1.038036e-01
1.734305e-02;2.715627e-02;1.242537e-01;1.503009e-01;2.888726e-01;6.967799e-02;9.864314e-02;1.470220e-02;1.688272e-02;1.592767e-02;4.257743e-02;1.336623e-01
5.011925e-03;1.355627e-02;9.013046e-02;1.760819e-01;4.054704e-01;7.947201e-02;4.073369e-02;9.322270e-03;1.396667e-02;9.154844e-03;1.030021e-02;1.467994e-01
5.942165e-03;7.654928e-03;8.353858e-02;2.166330e-01;4.140362e-01;5.778180e-02;3.270873e-02;1.767836e-02;1.143968e-02;1.467152e-02;2.750203e-02;1.104131e-01
4.311002e-03;1.415813e-02;9.761895e-02;2.700156e-01;3.639343e-01;4.734574e-02;1.618645e-02;2.369767e-02;1.052352e-02;1.656438e-02;7.130252e-02;6.434172e-02
5.366529e-03;1.705860e-02;1.189145e-01;2.930686e-01;3.243395e-01;3.455561e-02;1.462759e-02;3.217911e-02;1.079066e-02;1.777164e-02;1.064008e-01;2.492682e-02
5.116160e-03;2.306072e-02;1.052981e-01;2.914573e-01;2.867783e-01;2.121905e-02;1.501539e-02;5.368480e-02;1.696777e-02;1.443219e-02;1.348896e-01;3.208053e-02
9.527624e-03;2.515306e-02;9.422852e-02;2.635308e-01;2.147933e-01;2.780378e-02;1.662653e-02;6.960799e-02;5.428516e-02;2.311181e-02;1.429504e-01;5.838100e-02
9.721520e-03;2.273119e-02;7.325426e-02;1.996738e-01;2.308271e-01;2.376957e-02;1.639400e-02;6.475969e-02;1.303432e-01;2.561987e-02;1.086759e-01;9.422993e-02
8.449978e-03;1.578730e-02;4.753328e-02;1.446839e-01;2.690542e-01;3.069606e-02;1.817857e-02;4.030648e-02;1.642008e-01;2.336026e-02;6.842268e-02;1.693265e-01
1.958723e-02;2.054995e-02;7.007977e-02;1.543619e-01;2.525786e-01;2.329179e-02;2.041398e-02;2.590870e-02;9.332927e-02;1.429061e-02;5.901425e-02;2.465939e-01
3.740034e-02;5.426831e-02;1.631383e-01;1.479035e-01;1.574311e-01;2.098644e-02;2.176739e-02;3.566079e-02;3.567488e-02;2.037304e-02;8.029608e-02;2.250997e-01
6.289659e-02;8.197426e-02;2.434927e-01;1.098767e-01;9.086820e-02;2.348301e-02;3.692179e-02;4.189380e-02;2.996410e-02;2.848890e-02;1.034938e-01;1.466462e-01
7.013363e-02;7.955738e-02;2.900238e-01;7.866345e-02;8.846015e-02;3.184564e-02;8.205032e-02;3.351691e-02;2.407036e-02;4.182306e-02;1.059234e-01;7.393187e-02
4.961097e-02;4.986902e-02;1.810902e-01;1.084321e-01;1.620244e-01;7.171123e-02;1.131017e-01;4.628237e-02;3.116822e-02;4.802679e-02;6.567179e-02;7.301120e-02
3.908915e-02;4.058681e-02;7.768641e-02;9.140122e-02;1.540698e-01;1.078150e-01;1.912420e-01;5.092826e-02;4.706908e-02;4.295328e-02;5.725548e-02;9.990349e-02
2.833785e-02;2.909330e-02;1.376816e-01;7.506974e-02;1.202569e-01;1.062179e-01;2.291175e-01;4.424767e-02;6.390332e-02;3.596643e-02;4.658219e-02;8.352564e-02
2.618791e-02;3.625453e-02;2.368810e-01;6.930479e-02;1.327478e-01;8.446227e-02;1.533978e-01;2.855187e-02;7.591982e-02;2.795751e-02;2.269725e-02;1.056374e-01
5.270690e-02;7.567083e-02;2.454750e-01;8.192833e-02;1.103711e-01;5.445501e-02;4.185199e-02;2.575728e-02;7.496508e-02;4.553676e-02;3.254129e-02;1.587404e-01
5.368556e-02;6.586983e-02;1.674798e-01;1.183766e-01;1.333312e-01;4.983795e-02;1.024528e-01;3.956829e-02;6.326085e-02;4.655370e-02;1.433606e-02;1.452473e-01
5.955787e-02;4.008532e-02;1.607721e-01;1.320345e-01;1.518785e-01;6.070942e-02;1.017814e-01;3.305166e-02;7.364818e-02;4.378666e-02;2.988976e-02;1.128047e-01
6.030657e-02;4.809897e-02;1.866916e-01;1.077436e-01;1.497324e-01;6.301191e-02;8.394275e-02;3.052865e-02;8.022459e-02;5.166606e-02;4.052822e-02;9.752483e-02
5.742674e-02;5.221063e-02;2.151696e-01;5.870796e-02;1.640085e-01;6.552380e-02;7.080712e-02;4.326040e-02;7.270112e-02;5.054953e-02;6.048026e-02;8.915443e-02
4.842019e-02;5.702385e-02;1.899208e-01;8.637533e-02;1.468864e-01;6.061250e-02;1.011443e-01;4.848743e-02;7.367634e-02;5.642267e-02;4.857347e-02;8.245670e-02
4.333813e-02;1.020889e-01;1.829987e-01;8.521008e-02;1.166375e-01;5.515175e-02;8.088628e-02;6.706909e-02;7.314640e-02;5.265059e-02;5.953686e-02;8.128576e-02
5.172257e-02;1.031548e-01;1.757297e-01;1.102474e-01;9.024352e-02;5.392943e-02;1.093811e-01;4.907786e-02;7.411811e-02;6.412125e-02;6.806312e-02;5.021117e-02
8.225919e-02;8.650727e-02;3.024973e-01;7.655664e-02;7.488586e-02;5.769110e-02;1.152246e-01;2.555592e-02;4.898110e-02;7.466528e-02;2.703073e-02;2.814509e-02
7.278429e-02;1.125928e-01;4.261064e-01;5.835327e-02;5.808106e-02;3.417822e-02;8.151332e-02;1.892546e-02;3.580809e-02;6.402614e-02;2.063819e-02;1.699276e-02
4.988615e-02;1.209700e-01;5.359138e-01;4.168636e-02;4.732718e-02;1.385700e-02;4.571099e-02;1.146076e-02;4.250662e-02;5.822072e-02;1.689407e-02;1.556634e-02
7.382791e-02;1.169028e-01;5.335094e-01;3.208534e-02;4.790561e-02;1.555032e-02;2.860103e-02;1.198950e-02;5.025393e-02;5.059819e-02;1.299480e-02;2.578108e-02
1.202151e-01;1.122683e-01;4.547053e-01;3.940640e-02;4.654679e-02;1.867203e-02;2.361245e-02;2.326759e-02;5.640590e-02;5.283639e-02;2.150335e-02;3.056041e-02
1.246651e-01;1.034597e-01;3.345247e-01;4.567246e-02;5.042459e-02;2.986377e-02;5.438497e-02;3.445083e-02;5.483863e-02;6.369243e-02;5.669649e-02;4.732635e-02
7.706535e-02;9.510968e-02;2.244747e-01;8.443267e-02;5.837829e-02;3.974842e-02;9.901299e-02;3.643307e-02;6.347287e-02;7.954724e-02;7.745908e-02;6.486560e-02
5.720359e-02;1.032239e-01;1.933556e-01;7.890643e-02;6.971271e-02;5.487766e-02;9.295847e-02;6.034069e-02;8.986848e-02;1.076313e-01;4.107717e-02;5.084401e-02
4.928739e-02;9.478737e-02;1.729234e-01;9.742610e-02;6.175509e-02;5.814304e-02;9.432434e-02;7.209191e-02;7.453870e-02;1.157663e-01;5.133069e-02;5.762561e-02
7.126516e-02;9.347682e-02;2.306812e-01;1.080594e-01;6.710351e-02;4.354121e-02;7.479811e-02;6.778610e-02;7.530678e-02;8.557881e-02;2.786253e-02;5.454029e-02
8.686730e-02;7.841022e-02;1.142684e-01;1.069735e-01;8.433869e-02;7.499740e-02;1.211375e-01;7.085995e-02;7.146256e-02;5.885367e-02;3.609476e-02;9.573609e-02
4.624397e-02;9.553827e-02;8.221056e-02;8.787868e-02;9.328069e-02;8.450172e-02;1.558179e-01;8.648884e-02;6.431033e-02;6.893747e-02;6.492762e-02;6.986390e-02
3.747169e-02;6.147275e-02;1.075547e-01;5.960887e-02;6.699892e-02;5.927492e-02;1.245700e-01;8.604573e-02;4.774420e-02;1.047623e-01;1.691497e-01;7.534616e-02
3.547501e-02;5.136144e-02;1.054955e-01;5.383487e-02;6.101904e-02;4.238003e-02;8.800068e-02;5.023302e-02;1.237017e-01;1.485993e-01;1.642941e-01;7.560536e-02
6.984814e-02;5.306866e-02;7.998877e-02;4.084303e-02;5.051657e-02;2.815742e-02;5.465762e-02;4.843844e-02;1.903213e-01;1.524752e-01;1.450686e-01;8.661632e-02
8.797651e-02;4.260954e-02;4.330565e-02;3.462826e-02;3.934715e-02;1.741941e-02;5.608984e-02;9.486920e-02;2.002556e-01;1.436620e-01;1.318192e-01;1.080176e-01
9.078397e-02;2.970918e-02;2.551890e-02;5.407954e-02;2.925880e-02;1.507192e-02;1.216736e-01;1.174139e-01;1.309442e-01;1.434810e-01;8.599020e-02;1.560749e-01
1.736486e-01;4.466652e-02;3.626881e-02;4.434494e-02;5.829035e-02;1.194024e-02;9.596805e-02;2.182509e-01;4.818749e-02;1.048346e-01;4.747926e-02;1.161204e-01
1.669927e-01;5.597545e-02;3.750846e-02;2.448765e-02;7.288684e-02;1.941727e-02;9.105085e-02;2.821103e-01;1.042414e-01;5.356742e-02;6.060234e-02;3.115932e-02
1.111399e-01;5.354558e-02;4.269722e-02;2.843086e-02;6.281599e-02;3.601876e-02;1.502030e-01;2.413111e-01;1.460865e-01;4.614267e-02;6.465752e-02;1.695081e-02
8.622139e-02;4.433745e-02;4.213146e-02;3.922406e-02;4.931926e-02;4.182508e-02;1.628740e-01;1.865514e-01;1.683286e-01;7.327694e-02;7.516482e-02;3.074553e-02
1.176638e-01;2.017043e-02;4.846133e-02;6.511739e-02;3.436471e-02;4.172350e-02;1.345506e-01;1.874257e-01;1.054392e-01;9.040847e-02;8.378478e-02;7.089013e-02
1.522307e-01;4.823517e-02;6.827933e-02;3.750062e-02;3.413992e-02;5.994986e-02;8.782489e-02;2.317677e-01;1.288818e-01;3.694752e-02;4.829703e-02;6.594543e-02
1.612567e-01;4.048832e-02;5.052793e-02;2.756436e-02;5.113563e-02;6.717610e-02;1.105046e-01;2.489867e-01;5.770086e-02;8.833403e-02;2.157312e-02;7.475176e-02
1.247206e-01;4.210175e-02;2.851580e-02;2.339908e-02;6.229860e-02;3.479151e-02;1.937875e-01;1.922587e-01;1.192147e-01;1.003203e-01;3.336510e-02;4.522629e-02
1.005280e-01;6.080035e-02;4.123572e-02;4.017907e-02;4.701139e-02;3.937529e-02;1.654352e-01;2.469349e-01;1.290398e-01;7.474101e-02;3.632382e-02;1.839545e-02
7.559998e-02;6.025089e-02;9.501401e-02;5.025047e-02;4.612611e-02;5.280378e-02;8.036312e-02;1.292155e-01;1.338528e-01;1.236824e-01;8.664972e-02;6.619119e-02
8.757749e-02;5.968496e-02;1.115142e-01;5.303649e-02;5.479408e-02;7.376426e-02;1.151406e-01;5.454378e-02;1.385033e-01;1.208607e-01;6.054708e-02;7.003309e-02
5.340949e-02;3.599291e-02;1.739592e-01;6.129142e-02;6.985420e-02;6.286848e-02;1.208577e-01;7.172553e-02;9.429132e-02;1.046476e-01;8.394506e-02;6.715702e-02
4.192321e-02;5.393687e-02;1.995168e-01;5.138071e-02;4.905256e-02;4.455227e-02;8.880975e-02;4.587549e-02;1.413315e-01;1.525964e-01;7.159723e-02;5.942722e-02
3.488075e-02;8.973511e-02;1.635727e-01;3.245628e-02;2.472624e-02;4.907735e-02;5.053177e-02;4.291969e-02;2.775586e-01;1.358622e-01;3.470845e-02;6.397080e-02
4.462966e-02;1.089209e-01;8.932243e-02;1.929560e-02;1.470990e-02;4.731796e-02;2.136651e-02;8.347120e-02;4.070842e-01;7.817594e-02;2.128817e-02;6.441753e-02
6.758230e-02;9.227266e-02;3.644544e-02;1.450912e-02;2.099047e-02;2.852463e-02;4.163188e-02;1.792667e-01;4.061403e-01;3.113534e-02;4.139115e-02;4.011002e-02
1.112832e-01;6.871510e-02;2.613492e-02;7.638331e-03;2.941796e-02;1.660856e-02;1.102827e-01;2.332117e-01;2.822230e-01;3.468765e-02;6.015936e-02;1.963751e-02
1.191091e-01;7.220629e-02;3.718468e-02;9.854442e-03;3.841718e-02;3.676647e-02;1.623219e-01;1.966179e-01;1.822371e-01;5.206302e-02;6.604423e-02;2.717774e-02
1.893212e-01;1.188259e-01;8.877257e-02;3.201103e-02;3.106021e-02;3.852747e-02;1.296248e-01;4.987666e-02;1.234397e-01;8.051478e-02;5.011037e-02;6.791526e-02
3.074726e-01;1.040211e-01;8.677998e-02;3.145684e-02;2.937794e-02;2.363406e-02;8.376359e-02;1.680511e-01;5.163960e-02;4.861635e-02;1.854468e-02;4.664213e-02
3.462286e-01;5.728631e-02;6.835760e-02;1.548682e-02;2.811493e-02;2.192219e-02;1.097642e-01;2.424491e-01;5.529223e-02;2.257947e-02;9.141927e-03;2.337656e-02
3.450345e-01;3.001528e-02;5.529578e-02;5.136367e-03;2.305326e-02;1.410021e-02;1.434833e-01;3.059309e-01;2.911917e-02;1.539335e-02;7.599381e-03;2.583853e-02
2.562643e-01;4.136989e-02;5.435019e-02;9.305631e-03;2.214123e-02;1.466323e-02;2.034216e-01;2.873198e-01;3.879655e-02;2.558731e-02;1.231300e-02;3.446715e-02
1.867407e-01;5.257665e-02;8.220620e-02;1.634640e-02;2.164609e-02;2.672279e-02;2.410620e-01;2.301963e-01;4.123063e-02;2.992149e-02;2.654989e-02;4.480087e-02
2.068157e-01;5.873781e-02;1.407829e-01;2.313983e-02;2.808746e-02;2.031181e-02;2.004930e-01;1.665564e-01;3.153019e-02;3.204505e-02;3.926478e-02;5.223500e-02
2.241517e-01;1.073260e-01;1.558852e-01;2.199863e-02;3.056427e-02;2.572736e-02;6.617906e-02;1.923946e-01;3.812602e-02;4.765302e-02;4.020664e-02;4.978757e-02
1.673389e-01;1.005668e-01;6.902457e-02;1.990567e-02;2.383882e-02;1.853363e-02;7.718292e-02;2.435568e-01;1.250749e-01;7.652444e-02;4.717660e-02;3.127605e-02
1.313108e-01;9.656616e-02;3.606328e-02;3.283400e-02;2.011540e-02;1.406746e-02;6.229270e-02;2.596135e-01;1.431599e-01;8.922820e-02;6.469528e-02;5.005343e-02
1.253121e-01;7.809442e-02;7.527813e-02;4.283296e-02;2.510248e-02;2.444892e-02;8.093964e-02;1.764111e-01;1.742098e-01;6.109738e-02;5.172996e-02;8.454309e-02
1.275562e-01;4.879090e-02;7.491157e-02;2.866352e-02;2.784504e-02;3.429027e-02;1.577316e-01;1.384706e-01;1.657926e-01;6.049567e-02;4.413870e-02;9.131330e-02
1.294971e-01;3.431866e-02;7.360184e-02;3.553999e-02;3.585905e-02;4.930412e-02;2.148053e-01;1.318218e-01;7.647528e-02;8.094177e-02;5.766162e-02;8.017350e-02
1.250698e-01;4.416705e-02;7.187261e-02;3.733280e-02;4.938319e-02;5.435395e-02;1.931494e-01;1.553838e-01;1.039312e-01;4.577995e-02;5.956829e-02;6.000801e-02
1.208265e-01;3.765161e-02;8.154403e-02;3.156202e-02;4.936966e-02;6.956550e-02;1.866734e-01;1.572925e-01;1.251368e-01;2.534798e-02;3.909816e-02;7.593168e-02
1.348691e-01;5.736867e-02;1.094555e-01;4.520277e-02;3.321250e-02;6.350207e-02;1.402868e-01;6.308478e-02;1.988469e-01;3.576605e-02;4.523352e-02;7.317144e-02
1.353817e-01;5.520704e-02;8.161492e-02;5.243253e-02;3.009227e-02;5.705325e-02;1.534837e-01;6.660207e-02;2.180582e-01;6.119964e-02;4.574982e-02;4.312484e-02
9.660973e-02;4.139926e-02;7.216861e-02;5.727341e-02;4.079794e-02;5.189267e-02;2.032785e-01;9.191619e-02;1.919431e-01;7.948758e-02;4.022440e-02;3.300868e-02
6.540638e-02;4.592321e-02;6.773078e-02;4.112095e-02;7.211434e-02;7.373779e-02;1.661271e-01;1.633404e-01;1.080863e-01;7.206384e-02;4.990897e-02;7.443982e-02
8.395695e-02;8.746660e-02;7.549185e-02;3.188148e-02;6.363930e-02;6.357014e-02;1.174971e-01;1.718082e-01;7.680658e-02;7.065089e-02;4.067020e-02;1.165607e-01
7.006817e-02;1.116237e-01;9.702218e-02;4.737880e-02;6.234122e-02;6.783050e-02;1.012868e-01;1.583551e-01;6.028659e-02;7.143600e-02;3.230248e-02;1.200684e-01
6.865326e-02;1.054323e-01;1.252992e-01;3.968610e-02;8.122305e-02;8.942776e-02;1.114944e-01;9.879055e-02;8.208340e-02;7.954986e-02;2.908079e-02;8.927923e-02
6.146356e-02;8.880202e-02;1.462003e-01;6.649087e-02;9.428741e-02;6.947309e-02;1.234624e-01;8.317445e-02;1.154207e-01;4.794665e-02;4.681393e-02;5.646461e-02
8.527412e-02;4.456292e-02;9.936011e-02;5.696438e-02;7.692155e-02;6.676964e-02;2.527888e-01;5.080551e-02;7.241116e-02;7.831408e-02;6.749127e-02;4.833650e-02
6.706213e-02;4.102862e-02;8.374619e-02;2.541799e-02;4.964904e-02;7.906538e-02;3.773424e-01;6.112611e-02;5.527496e-02;8.520041e-02;4.361968e-02;3.146715e-02
3.862880e-02;2.437248e-02;5.910015e-02;1.253448e-02;2.903349e-02;7.928289e-02;4.838507e-01;8.735751e-02;4.833550e-02;8.206508e-02;2.806032e-02;2.737855e-02
1.438888e-02;1.048673e-02;4.366176e-02;6.857376e-03;4.319179e-02;7.027139e-02;5.834919e-01;9.640866e-02;3.928409e-02;5.826072e-02;1.575942e-02;1.793722e-02
5.553589e-03;9.336662e-03;2.508554e-02;4.239753e-03;6.941777e-02;5.649483e-02;6.860391e-01;7.283859e-02;2.429905e-02;2.554013e-02;1.349533e-02;7.659593e-03
4.716528e-03;1.350265e-02;1.441174e-02;4.541518e-03;6.802828e-02;5.160616e-02;7.515482e-01;4.473660e-02;1.456819e-02;1.146355e-02;1.701593e-02;3.860661e-03
7.610273e-03;1.187629e-02;6.516008e-03;3.985101e-03;4.870899e-02;6.915141e-02;7.777653e-01;3.350582e-02;1.510257e-02;7.254567e-03;1.563576e-02;2.887929e-03
5.840189e-03;1.026544e-02;6.753325e-03;8.945001e-03;4.026848e-02;8.865249e-02;7.862800e-01;2.207767e-02;1.167317e-02;9.256737e-03;7.009504e-03;2.977947e-03
7.867401e-03;8.633723e-03;9.663302e-03;1.327772e-02;4.027428e-02;9.801912e-02;7.630734e-01;1.952749e-02;1.771903e-02;1.283242e-02;6.498982e-03;2.613052e-03
1.027635e-02;1.926278e-02;5.233791e-03;8.864575e-03;3.686940e-02;8.061372e-02;7.273340e-01;3.284936e-02;4.694046e-02;1.878705e-02;7.834991e-03;5.133580e-03
5.693405e-03;2.925544e-02;9.384782e-03;1.128389e-02;3.408021e-02;7.700528e-02;7.033463e-01;3.900539e-02;5.783735e-02;1.996022e-02;9.129344e-03;4.018304e-03
6.887370e-03;4.320164e-02;9.970282e-03;1.834171e-02;2.293080e-02;6.831393e-02;7.033259e-01;4.749655e-02;4.693932e-02;1.259577e-02;1.525318e-02;4.743553e-03
1.420414e-02;5.614896e-02;2.110426e-02;2.418352e-02;3.259557e-02;5.173454e-02;6.418973e-01;6.494635e-02;3.961047e-02;1.715984e-02;2.583797e-02;1.057709e-02
1.822655e-02;4.799391e-02;3.188046e-02;1.997867e-02;4.844743e-02;6.080740e-02;6.251923e-01;4.194772e-02;4.039839e-02;2.207386e-02;3.158953e-02;1.146372e-02
1.516397e-02;2.274483e-02;1.945481e-02;8.423767e-03;4.128793e-02;8.210354e-02;7.070963e-01;2.297390e-02;3.885482e-02;1.806982e-02;1.829186e-02;5.534518e-03
7.915062e-03;1.721128e-02;1.243324e-02;7.069125e-03;2.861428e-02;8.591988e-02;7.670429e-01;1.711283e-02;3.596384e-02;8.013614e-03;9.435066e-03;3.268865e-03
5.473937e-03;1.649127e-02;8.959267e-03;5.458123e-03;2.160767e-02;6.646920e-02;7.772087e-01;3.327065e-02;3.713294e-02;8.000715e-03;1.601764e-02;3.909814e-03
6.427222e-03;1.280429e-02;1.077483e-02;8.204944e-03;1.900964e-02;4.800982e-02;7.815187e-01;5.551736e-02;2.856964e-02;5.107844e-03;1.992506e-02;4.130666e-03
3.908122e-03;9.327589e-03;4.768000e-03;7.783724e-03;2.206263e-02;4.024761e-02;7.723275e-01;8.671948e-02;2.367726e-02;8.800732e-03;1.644350e-02;3.933882e-03
6.646169e-03;7.539769e-03;1.495406e-02;5.980923e-03;1.863713e-02;3.313386e-02;7.268142e-01;1.340496e-01;2.592504e-02;1.300383e-02;8.071694e-03;5.243723e-03
8.898197e-03;1.256629e-02;1.703198e-02;7.051204e-03;7.138148e-03;2.596610e-02;6.818944e-01;1.763023e-01;2.787480e-02;1.591626e-02;8.484693e-03;1.087562e-02
2.867217e-02;4.236503e-02;4.178537e-02;1.261294e-02;1.617024e-02;3.070070e-02;5.266332e-01;1.842764e-01;5.016070e-02;2.845245e-02;2.075526e-02;1.741550e-02
3.734626e-02;6.296790e-02;8.749548e-02;1.487044e-02;2.275150e-02;2.168496e-02;2.876210e-01;2.557105e-01;1.033045e-01;5.067156e-02;2.711747e-02;2.845846e-02
2.504844e-02;5.476729e-02;8.730944e-02;6.592161e-03;1.407779e-02;2.031409e-02;2.214344e-01;3.215584e-01;1.212029e-01;4.523847e-02;5.385072e-02;2.860586e-02
1.409571e-02;9.368381e-02;6.891420e-02;8.705923e-03;1.040431e-02;1.384621e-02;2.901064e-01;2.540706e-01;6.454948e-02;2.339068e-02;1.380523e-01;2.018030e-02
9.110199e-03;1.532449e-01;3.050289e-02;8.252461e-03;1.525720e-02;1.512273e-02;3.508884e-01;1.263184e-01;1.900966e-02;1.092922e-02;2.510755e-01;1.028843e-02
5.912294e-03;1.638410e-01;2.323967e-02;5.271834e-03;1.498231e-02;9.112782e-03;3.582602e-01;9.575061e-02;1.267568e-02;1.014560e-02;2.911283e-01;9.679733e-03
8.292896e-03;1.511292e-01;3.507031e-02;6.209882e-03;1.661674e-02;8.424443e-03;3.529794e-01;1.006920e-01;1.698024e-02;9.563366e-03;2.828300e-01;1.121159e-02
1.180366e-02;1.627229e-01;2.645799e-02;5.390729e-03;1.969024e-02;1.005894e-02;3.589763e-01;8.519444e-02;1.379671e-02;1.262781e-02;2.789568e-01;1.432342e-02
1.416205e-02;1.700685e-01;2.788582e-02;6.576458e-03;2.179922e-02;1.674426e-02;3.494727e-01;9.178276e-02;8.632266e-03;1.068843e-02;2.678602e-01;1.432736e-02
8.123064e-03;1.391144e-01;4.717185e-02;1.016033e-02;1.991253e-02;1.345083e-02;3.372093e-01;1.407455e-01;1.287885e-02;1.116982e-02;2.407862e-01;1.927738e-02
1.134090e-02;1.039296e-01;1.054730e-01;8.189153e-03;1.889532e-02;1.279728e-02;3.134884e-01;2.273248e-01;1.663734e-02;9.407243e-03;1.412925e-01;3.122449e-02
1.341025e-02;6.721611e-02;1.826379e-01;3.811198e-03;1.101891e-02;1.129639e-02;2.166566e-01;2.950072e-01;6.526101e-03;2.022245e-02;9.901004e-02;7.318687e-02
8.427542e-03;1.702891e-02;2.215150e-01;7.031382e-03;7.953272e-03;1.039570e-02;1.187369e-01;3.070868e-01;2.604297e-02;2.334709e-02;6.365421e-02;1.887803e-01
9.021997e-03;1.474113e-02;2.048938e-01;6.651334e-03;7.661939e-03;1.228796e-02;1.033850e-01;2.758384e-01;4.467666e-02;2.123217e-02;4.001909e-02;2.595906e-01
1.843229e-02;1.449232e-02;1.771005e-01;1.014482e-02;1.572325e-02;1.221100e-02;1.437364e-01;2.341579e-01;5.694829e-02;2.222343e-02;2.462120e-02;2.702086e-01
3.165466e-02;2.995404e-02;1.228638e-01;8.061024e-03;1.842210e-02;2.341791e-02;2.758135e-01;1.676377e-01;5.407273e-02;2.089065e-02;4.137835e-02;2.058335e-01
5.581774e-02;3.563433e-02;7.742053e-02;7.495082e-03;1.959040e-02;4.136987e-02;3.670128e-01;1.396461e-01;4.091090e-02;1.966820e-02;6.958374e-02;1.258503e-01
7.863275e-02;4.333158e-02;1.065699e-01;8.633303e-03;3.461579e-02;4.963459e-02;2.970904e-01;1.712735e-01;3.174004e-02;1.757694e-02;7.314202e-02;8.775916e-02
4.962087e-02;5.699706e-02;1.034948e-01;1.582006e-02;4.745323e-02;4.110445e-02;2.195779e-01;1.960876e-01;3.424073e-02;2.658463e-02;7.757447e-02;1.314442e-01
4.381777e-02;5.332111e-02;8.782846e-02;2.781598e-02;3.624395e-02;3.005802e-02;1.887312e-01;2.178371e-01;2.499819e-02;3.101517e-02;8.276931e-02;1.755638e-01
5.413272e-02;5.495860e-02;9.108508e-02;2.617591e-02;3.219051e-02;2.991096e-02;2.033334e-01;1.845849e-01;3.445705e-02;2.588790e-02;8.078973e-02;1.824932e-01
4.185940e-02;5.637960e-02;8.517241e-02;1.635030e-02;4.641996e-02;3.293555e-02;2.263167e-01;1.362058e-01;5.789044e-02;4.513516e-02;8.138329e-02;1.739513e-01
4.672547e-02;1.047679e-01;1.100974e-01;1.604867e-02;4.049850e-02;4.596850e-02;1.919655e-01;1.405021e-01;7.588397e-02;4.190165e-02;1.020577e-01;8.358275e-02
6.023384e-02;1.711617e-01;1.310126e-01;3.305155e-02;6.414115e-02;5.907423e-02;1.151017e-01;1.192316e-01;4.053649e-02;5.701425e-02;1.052406e-01;4.420025e-02
6.086705e-02;1.236485e-01;1.824842e-01;4.260896e-02;8.611514e-02;3.484943e-02;1.115480e-01;1.128928e-01;6.085803e-02;4.746955e-02;8.087915e-02;5.577924e-02
4.258598e-02;7.018399e-02;1.925392e-01;6.816472e-02;9.246404e-02;6.517421e-02;1.290349e-01;1.099672e-01;7.894755e-02;4.922840e-02;3.669043e-02;6.501938e-02
2.698203e-02;6.153151e-02;1.890752e-01;1.153710e-01;9.129108e-02;8.342082e-02;1.058382e-01;6.909748e-02;6.056355e-02;6.166535e-02;5.336341e-02;8.180032e-02
3.853131e-02;4.880075e-02;1.707805e-01;1.189417e-01;1.220621e-01;6.689652e-02;1.230259e-01;6.264530e-02;4.739302e-02;6.152065e-02;5.498711e-02;8.441512e-02
6.255949e-02;4.510588e-02;1.263567e-01;1.395036e-01;1.119048e-01;4.054072e-02;1.421856e-01;7.708438e-02;4.935055e-02;8.208675e-02;5.344822e-02;6.987336e-02
6.169387e-02;4.358402e-02;1.371458e-01;1.610473e-01;8.615401e-02;6.090897e-02;1.465703e-01;6.485458e-02;4.861971e-02;7.992741e-02;4.921413e-02;6.027989e-02
5.982633e-02;4.378835e-02;1.572821e-01;1.598178e-01;1.449848e-01;7.572794e-02;1.003644e-01;6.973077e-02;4.504935e-02;5.790006e-02;4.541154e-02;4.011653e-02
6.048531e-02;6.404943e-02;1.418912e-01;1.461029e-01;1.840331e-01;5.501515e-02;7.028870e-02;8.896802e-02;5.253967e-02;7.282346e-02;3.991556e-02;2.388735e-02
4.425885e-02;8.436194e-02;1.138640e-01;1.454449e-01;1.314197e-01;1.092147e-01;5.344114e-02;1.017761e-01;5.277134e-02;8.334687e-02;4.141614e-02;3.868422e-02
3.254865e-02;7.322004e-02;1.127969e-01;1.522869e-01;1.173878e-01;1.428891e-01;9.409609e-02;8.210055e-02;4.415498e-02;5.985089e-02;5.133739e-02;3.733071e-02
4.158698e-02;7.924901e-02;1.208506e-01;1.160284e-01;9.718817e-02;1.408053e-01;1.625585e-01;5.383043e-02;3.679219e-02;5.028298e-02;5.056636e-02;5.026105e-02
3.876087e-02;5.570821e-02;1.008952e-01;1.029838e-01;7.793061e-02;1.575709e-01;1.933056e-01;8.366940e-02;4.981194e-02;5.235204e-02;3.839081e-02;4.862052e-02
4.879854e-02;3.965243e-02;8.031519e-02;1.069346e-01;8.252352e-02;1.907930e-01;1.565033e-01;1.162775e-01;4.382652e-02;6.279177e-02;2.300864e-02;4.857504e-02
7.522046e-02;7.881043e-02;1.282537e-01;1.261044e-01;8.688182e-02;1.146873e-01;7.779692e-02;5.882541e-02;5.278403e-02;7.508321e-02;5.878444e-02;6.676795e-02
9.135528e-02;1.006517e-01;1.408061e-01;8.474441e-02;9.487796e-02;7.110855e-02;1.311444e-01;4.565381e-02;4.331445e-02;7.171533e-02;6.539990e-02;5.922814e-02
9.794778e-02;1.126111e-01;7.127821e-02;7.793788e-02;6.836357e-02;6.305650e-02;1.686554e-01;8.260326e-02;5.857164e-02;9.323555e-02;6.286544e-02;4.287362e-02
9.466284e-02;1.096822e-01;9.319740e-02;7.494108e-02;6.128842e-02;5.999676e-02;1.541926e-01;8.329708e-02;7.765034e-02;1.236345e-01;4.750755e-02;1.994925e-02
6.695848e-02;1.176198e-01;1.331753e-01;5.902399e-02;6.863704e-02;6.511489e-02;1.391245e-01;6.986390e-02;7.903516e-02;1.236309e-01;5.535577e-02;2.246019e-02
5.948130e-02;9.427246e-02;1.652753e-01;7.008141e-02;6.415962e-02;4.561046e-02;1.268113e-01;7.403968e-02;8.654430e-02;1.275385e-01;5.832976e-02;2.785578e-02
7.710017e-02;5.290017e-02;1.437241e-01;5.848907e-02;8.105709e-02;5.610087e-02;1.000530e-01;7.317525e-02;1.254991e-01;1.158080e-01;4.998414e-02;6.610887e-02
6.832223e-02;3.719971e-02;1.739117e-01;4.372786e-02;5.588451e-02;7.408872e-02;2.090415e-01;8.861142e-02;9.209066e-02;5.840094e-02;4.417069e-02;5.455010e-02
5.574533e-02;5.541524e-02;3.041251e-01;4.143651e-02;6.463444e-02;6.005317e-02;2.369945e-01;5.061170e-02;3.512296e-02;4.133374e-02;3.207874e-02;2.244856e-02
6.858215e-02;7.064976e-02;3.699296e-01;3.836125e-02;4.155193e-02;3.718184e-02;2.018116e-01;3.871600e-02;3.467777e-02;4.884632e-02;2.832650e-02;2.136527e-02
5.361285e-02;6.322978e-02;5.194895e-01;4.287478e-02;1.931764e-02;1.940384e-02;1.360679e-01;2.675314e-02;2.558677e-02;5.393982e-02;2.508780e-02;1.463631e-02
1.726563e-02;3.195845e-02;6.867360e-01;5.354254e-02;2.839774e-02;1.219308e-02;6.992079e-02;1.254963e-02;1.167656e-02;5.670078e-02;1.271739e-02;6.341389e-03
9.162281e-03;2.912650e-02;7.515877e-01;4.639018e-02;2.365321e-02;5.942431e-03;5.322874e-02;5.964326e-03;4.576381e-03;6.158547e-02;4.992550e-03;3.790287e-03
6.914244e-03;2.116268e-02;7.548397e-01;4.408684e-02;2.048070e-02;3.573738e-03;5.943079e-02;5.111315e-03;6.219628e-03;6.871444e-02;6.520326e-03;2.945566e-03
4.780662e-03;2.229005e-02;7.438110e-01;4.503703e-02;3.069293e-02;8.560911e-03;6.150574e-02;3.929710e-03;5.634651e-03;6.686963e-02;5.109191e-03;1.778543e-03
9.530312e-03;2.022525e-02;7.540066e-01;4.660143e-02;2.905035e-02;5.345084e-03;5.805947e-02;3.959465e-03;6.811431e-03;6.103451e-02;3.732537e-03;1.643501e-03
7.657595e-03;1.905555e-02;7.469649e-01;5.365832e-02;3.248551e-02;6.564069e-03;5.690170e-02;3.959718e-03;6.151008e-03;5.516824e-02;8.906309e-03;2.527087e-03
9.616362e-03;1.519488e-02;7.237530e-01;6.992325e-02;3.958852e-02;8.741509e-03;5.595753e-02;6.314405e-03;1.315958e-02;4.317912e-02;1.119691e-02;3.374906e-03
1.254496e-02;1.875119e-02;6.328260e-01;1.285238e-01;6.140475e-02;2.435195e-02;4.649390e-02;8.654606e-03;1.665685e-02;2.386267e-02;2.238589e-02;3.543347e-03
9.932022e-03;1.508775e-02;4.327160e-01;2.393671e-01;1.251950e-01;4.793871e-02;4.176302e-02;1.458164e-02;1.390803e-02;1.473007e-02;3.729694e-02;7.483758e-03
1.516105e-02;1.009016e-02;2.974839e-01;2.565772e-01;1.754692e-01;7.888440e-02;5.582098e-02;1.933989e-02;1.879523e-02;2.539317e-02;3.671997e-02;1.026480e-02
2.001914e-02;1.744012e-02;2.411936e-01;2.049369e-01;1.456524e-01;9.561337e-02;8.402685e-02;3.573279e-02;2.127110e-02;4.116760e-02;8.586230e-02;7.083841e-03
2.071839e-02;1.664170e-02;2.010776e-01;1.650687e-01;6.478785e-02;7.751757e-02;8.234114e-02;4.126641e-02;3.866347e-02;4.040144e-02;2.076354e-01;4.388039e-02
1.627308e-02;2.714375e-02;1.425956e-01;1.722201e-01;2.278367e-02;4.186907e-02;4.506859e-02;3.645048e-02;3.852225e-02;2.266968e-02;3.267485e-01;1.076552e-01
1.141971e-02;3.678102e-02;8.572859e-02;2.096428e-01;2.167505e-02;2.346196e-02;2.005532e-02;5.037014e-02;2.382999e-02;1.826184e-02;3.513285e-01;1.474451e-01
1.136953e-02;4.997817e-02;7.420477e-02;2.638130e-01;2.019662e-02;1.890543e-02;1.211327e-02;8.258627e-02;9.595728e-03;1.765305e-02;3.345572e-01;1.050269e-01
1.729811e-02;5.597937e-02;7.368021e-02;3.400600e-01;3.357061e-02;1.549221e-02;1.046306e-02;9.397246e-02;8.690154e-03;2.247141e-02;2.904641e-01;3.785836e-02
2.399196e-02;7.010043e-02;7.079734e-02;4.159445e-01;4.166161e-02;1.517160e-02;1.808383e-02;7.309050e-02;1.089839e-02;1.423099e-02;2.185275e-01;2.750129e-02
2.857949e-02;6.373826e-02;8.046671e-02;4.939484e-01;2.085671e-02;1.330952e-02;1.672659e-02;6.365206e-02;1.708088e-02;1.835086e-02;1.698624e-01;1.342811e-02
7.691363e-02;3.043792e-02;1.211637e-01;4.329391e-01;2.713003e-02;1.536889e-02;3.271633e-02;5.086372e-02;2.821556e-02;3.549409e-02;1.418214e-01;6.935756e-03
1.588189e-01;1.376632e-02;2.441487e-01;2.525436e-01;2.579472e-02;8.899985e-03;6.018667e-02;2.179861e-02;3.983202e-02;5.697052e-02;1.114881e-01;5.751919e-03
1.725149e-01;2.280886e-02;3.293001e-01;8.913932e-02;2.280670e-02;2.114031e-02;5.459452e-02;2.562584e-02;3.725522e-02;8.420758e-02;1.235523e-01;1.705424e-02
1.154088e-01;4.453876e-02;3.717192e-01;8.653289e-02;2.112447e-02;2.634661e-02;2.497394e-02;3.007172e-02;2.244717e-02;1.246959e-01;1.225492e-01;9.591426e-03
8.252139e-02;4.043578e-02;3.440790e-01;1.282058e-01;2.827978e-02;2.357009e-02;2.968047e-02;3.290056e-02;3.187560e-02;1.786980e-01;6.442896e-02;1.532467e-02
4.782079e-02;3.749639e-02;2.402787e-01;1.514285e-01;3.138294e-02;1.375794e-02;3.742766e-02;3.180141e-02;5.351733e-02;1.852857e-01;1.480644e-01;2.173822e-02
3.090619e-02;5.037954e-02;2.220099e-01;1.399587e-01;4.177873e-02;2.187717e-02;5.981264e-02;2.941256e-02;5.479126e-02;1.395151e-01;1.731958e-01;3.636241e-02
2.860889e-02;5.006796e-02;2.070822e-01;1.114071e-01;8.402806e-02;6.476814e-02;1.673344e-01;3.419649e-02;4.005132e-02;7.777127e-02;1.040011e-01;3.068296e-02
2.619850e-02;4.009133e-02;1.249566e-01;1.095028e-01;1.316718e-01;1.227187e-01;2.392295e-01;4.420701e-02;2.557052e-02;7.732119e-02;4.001065e-02;1.852133e-02
3.185509e-02;2.712148e-02;1.807500e-01;8.966427e-02;1.671754e-01;1.206860e-01;1.765823e-01;3.209531e-02;2.811045e-02;5.962427e-02;6.811517e-02;1.822028e-02
1.680874e-02;3.199554e-02;2.629717e-01;6.768443e-02;1.737676e-01;8.374114e-02;1.466036e-01;2.632583e-02;2.509812e-02;6.763175e-02;7.591101e-02;2.146049e-02
4.124638e-02;4.552477e-02;3.399243e-01;8.589163e-02;1.422713e-01;6.456575e-02;6.569846e-02;3.936171e-02;2.450844e-02;6.784520e-02;6.764476e-02;1.551720e-02
3.705243e-02;5.065173e-02;3.721536e-01;1.868162e-01;1.056045e-01;5.358502e-02;4.614804e-02;4.059419e-02;2.532415e-02;3.449038e-02;3.759236e-02;9.987364e-03
2.010511e-02;4.351414e-02;3.265081e-01;2.800853e-01;1.039876e-01;6.026886e-02;4.075268e-02;4.996924e-02;1.939960e-02;2.453738e-02;2.309932e-02;7.772618e-03
1.389485e-02;6.863563e-02;2.388790e-01;2.978416e-01;1.286871e-01;7.262061e-02;3.442952e-02;6.307978e-02;1.318251e-02;2.298760e-02;3.773997e-02;8.021870e-03
1.508004e-02;9.183939e-02;2.040105e-01;3.047798e-01;1.308835e-01;5.511202e-02;3.240500e-02;7.479983e-02;1.596198e-02;1.459293e-02;5.067151e-02;9.863527e-03
2.871847e-02;6.796048e-02;1.951202e-01;3.128958e-01;1.113687e-01;6.081348e-02;1.956681e-02;7.975904e-02;1.472778e-02;1.666879e-02;8.173306e-02;1.066737e-02
3.987196e-02;2.699147e-02;2.692457e-01;2.816114e-01;9.284669e-02;6.052227e-02;1.406169e-02;5.801326e-02;1.006497e-02;1.803758e-02;1.175352e-01;1.119781e-02
3.120939e-02;1.878871e-02;3.539797e-01;2.455382e-01;7.528781e-02;5.050853e-02;1.473186e-02;3.516732e-02;1.212567e-02;1.927742e-02;1.193404e-01;2.404488e-02
1.374137e-02;2.072404e-02;3.962551e-01;2.291788e-01;6.731780e-02;3.343449e-02;1.587532e-02;4.886740e-02;1.477956e-02;2.298182e-02;1.085830e-01;2.826126e-02
1.283516e-02;2.219930e-02;3.995271e-01;2.346828e-01;8.802525e-02;2.249060e-02;1.658358e-02;7.256415e-02;1.361145e-02;1.811780e-02;7.838100e-02;2.098177e-02
1.216052e-02;3.224630e-02;4.637679e-01;1.951397e-01;7.916958e-02;2.456711e-02;2.912079e-02;6.386118e-02;2.213614e-02;2.535654e-02;3.707963e-02;1.539471e-02
2.899763e-02;4.269357e-02;4.273282e-01;1.623160e-01;6.894526e-02;3.137057e-02;2.705517e-02;4.915255e-02;4.816519e-02;4.919069e-02;5.007565e-02;1.470949e-02
5.330779e-02;5.643577e-02;3.112808e-01;1.472938e-01;8.293498e-02;4.091933e-02;4.333964e-02;5.010757e-02;5.618173e-02;5.870382e-02;6.774804e-02;3.174675e-02
5.170213e-02;4.651738e-02;2.782711e-01;1.068024e-01;9.563705e-02;3.329172e-02;4.644030e-02;6.980422e-02;3.885520e-02;7.174835e-02;1.212276e-01;3.970256e-02
5.416638e-02;3.558381e-02;2.475990e-01;1.271396e-01;8.736102e-02;4.481351e-02;3.451511e-02;5.431734e-02;3.326337e-02;7.959711e-02;1.665516e-01;3.509212e-02
5.453235e-02;4.409305e-02;3.385012e-01;1.317871e-01;8.035095e-02;3.408356e-02;4.036380e-02;3.949736e-02;4.194025e-02;5.186098e-02;1.012430e-01;4.174639e-02
6.490733e-02;6.104391e-02;4.239380e-01;7.068739e-02;6.172659e-02;3.688600e-02;5.935667e-02;2.916216e-02;3.963709e-02;4.157971e-02;5.124457e-02;5.983055e-02
3.077540e-02;7.259475e-02;4.223556e-01;1.091448e-01;8.506683e-02;4.394750e-02;4.602740e-02;2.888278e-02;2.665794e-02;4.224081e-02;5.579918e-02;3.650704e-02
1.457507e-02;8.154709e-02;3.499333e-01;2.094362e-01;1.069808e-01;4.012129e-02;3.105196e-02;4.820022e-02;1.037214e-02;1.988031e-02;7.500574e-02;1.289584e-02
1.338310e-02;9.947866e-02;3.091706e-01;2.750275e-01;1.094485e-01;3.074958e-02;1.923409e-02;4.936445e-02;6.310344e-03;8.756255e-03;7.430118e-02;4.775717e-03
1.305608e-02;8.469126e-02;2.778080e-01;3.346178e-01;1.138347e-01;2.130437e-02;1.115841e-02;5.055004e-02;1.000462e-02;9.704040e-03;6.775769e-02;5.513038e-03
8.993798e-03;7.228210e-02;2.238205e-01;3.907207e-01;1.315219e-01;2.199239e-02;1.467937e-02;5.817164e-02;5.852376e-03;7.046673e-03;6.070558e-02;4.212956e-03
8.563925e-03;6.973788e-02;1.458055e-01;4.286729e-01;1.582954e-01;2.882910e-02;1.396396e-02;7.287125e-02;7.059303e-03;6.226926e-03;5.606599e-02;3.907908e-03
8.968162e-03;9.133697e-02;1.505833e-01;4.058118e-01;1.576886e-01;2.703695e-02;6.916706e-03;6.696669e-02;8.009172e-03;1.511235e-02;5.192590e-02;9.643518e-03
8.796263e-03;1.445582e-01;1.099149e-01;3.546722e-01;1.876135e-01;2.382322e-02;1.125580e-02;4.736998e-02;9.550453e-03;3.389959e-02;3.673855e-02;3.180733e-02
3.903648e-02;1.480284e-01;1.304518e-01;2.488822e-01;1.981069e-01;4.588716e-02;4.343771e-02;2.837070e-02;1.674430e-02;3.961231e-02;1.772359e-02;4.371832e-02
8.165810e-02;1.199577e-01;2.099387e-01;1.469043e-01;1.530039e-01;7.488421e-02;8.844414e-02;2.553553e-02;1.697863e-02;4.293493e-02;1.159884e-02;2.816093e-02
1.079739e-01;8.432860e-02;2.681060e-01;8.595312e-02;1.118248e-01;7.040246e-02;1.261503e-01;2.872051e-02;2.398559e-02;5.259440e-02;1.246293e-02;2.749749e-02
7.669120e-02;4.210128e-02;3.325073e-01;1.238466e-01;1.144409e-01;3.923341e-02;1.278010e-01;2.111939e-02;3.145094e-02;4.378290e-02;1.279292e-02;3.423213e-02
4.917832e-02;4.779420e-02;2.457664e-01;1.169361e-01;1.121759e-01;7.332535e-02;1.697186e-01;2.821847e-02;4.311816e-02;6.619015e-02;2.573830e-02;2.183997e-02
6.642869e-02;4.656878e-02;1.080190e-01;7.552379e-02;1.293848e-01;1.218271e-01;2.607445e-01;3.989003e-02;4.232175e-02;5.210245e-02;2.836493e-02;2.882416e-02
6.746300e-02;2.797905e-02;1.207652e-01;5.700980e-02;1.667679e-01;1.628928e-01;2.164862e-01;4.173828e-02;3.644266e-02;3.880401e-02;1.947208e-02;4.417890e-02
3.558645e-02;1.763756e-02;1.374227e-01;6.462170e-02;2.649162e-01;1.705378e-01;1.255200e-01;3.203969e-02;3.701651e-02;3.248466e-02;1.968556e-02;6.253113e-02
1.827898e-02;1.006395e-02;1.089693e-01;4.567000e-02;2.759795e-01;1.544842e-01;2.542066e-01;1.891577e-02;5.210107e-02;1.915241e-02;1.027756e-02;3.190061e-02
1.390037e-02;1.000475e-02;1.531206e-01;6.965458e-02;2.823463e-01;1.331162e-01;1.927012e-01;1.321366e-02;7.138326e-02;1.442404e-02;1.040018e-02;3.573488e-02
1.280998e-02;1.545062e-02;2.004602e-01;1.184115e-01;2.821605e-01;8.658263e-02;1.204265e-01;3.284872e-02;7.118285e-02;1.274944e-02;9.605114e-03;3.731198e-02
3.240152e-02;5.631755e-02;2.687620e-01;1.325132e-01;2.092637e-01;6.305040e-02;5.466884e-02;6.600254e-02;4.481748e-02;2.602932e-02;2.527938e-02;2.089404e-02
3.835575e-02;8.208870e-02;2.398307e-01;1.950055e-01;1.331860e-01;6.611080e-02;5.073981e-02;6.758717e-02;2.592160e-02;3.667162e-02;4.758104e-02;1.692136e-02
