3.848324e-02;1.207810e-01;1.451245e-01;4.923052e-02;3.594847e-02;2.169906e-01;8.181295e-02;1.386563e-01;8.434323e-02;3.097704e-02;2.319108e-02;3.446118e-02
4.310662e-02;1.797268e-01;2.100388e-01;5.453911e-02;5.242831e-02;1.033887e-01;5.760369e-02;1.070317e-01;5.095871e-02;5.038242e-02;4.710328e-02;4.369180e-02
4.325488e-02;1.973538e-01;2.461836e-01;2.539204e-02;3.225761e-02;1.334388e-01;1.541718e-02;1.193755e-01;5.912757e-02;4.692419e-02;2.262731e-02;5.864755e-02
4.410011e-02;2.558528e-01;3.074477e-01;1.113147e-02;1.302012e-02;8.046529e-02;1.900385e-02;6.496473e-02;6.448420e-02;7.136406e-02;2.819857e-02;3.996712e-02
2.924913e-02;2.801411e-01;3.903349e-01;1.179013e-02;8.459001e-03;2.984983e-02;8.091957e-03;2.715893e-02;5.044587e-02;1.196579e-01;3.027249e-02;1.454880e-02
1.485141e-02;2.531813e-01;4.548290e-01;2.149197e-02;9.075277e-03;1.505856e-02;6.920073e-03;1.339653e-02;3.497068e-02;1.549952e-01;1.437420e-02;6.855847e-03
9.356771e-03;2.313481e-01;4.735087e-01;2.282134e-02;6.317906e-03;1.119575e-02;8.200548e-03;1.214691e-02;2.092117e-02;1.767751e-01;8.769483e-03;1.863821e-02
1.515792e-02;2.335443e-01;4.378362e-01;2.159943e-02;8.559545e-03;1.665974e-02;1.143354e-02;1.277391e-02;8.366218e-03;1.740576e-01;2.631511e-02;3.369664e-02
2.542534e-02;2.797153e-01;3.606989e-01;8.807294e-03;8.911627e-03;1.704308e-02;1.532980e-02;1.817487e-02;1.449977e-02;1.495420e-01;7.013783e-02;3.171409e-02
3.713460e-02;3.411871e-01;3.285384e-01;1.724597e-02;1.156354e-02;3.248680e-02;1.431398e-02;2.274329e-02;2.183675e-02;9.784094e-02;5.611761e-02;1.899102e-02
5.390442e-02;3.339298e-01;3.434405e-01;4.130322e-02;1.273384e-02;4.460111e-02;1.243101e-02;4.114018e-02;1.819258e-02;4.139011e-02;1.299226e-02;4.394106e-02
6.530051e-02;2.357124e-01;3.156237e-01;6.230150e-02;2.525646e-02;4.249712e-02;3.110199e-02;8.194270e-02;2.404473e-02;3.137230e-02;1.904343e-02;6.580319e-02
6.532295e-02;1.735364e-01;2.380956e-01;4.697792e-02;2.745726e-02;4.033757e-02;1.078883e-01;9.560061e-02;3.683414e-02;6.027335e-02;2.538634e-02;8.228944e-02
5.061077e-02;2.447894e-01;2.333597e-01;2.333447e-02;7.416449e-03;4.568166e-02;1.534410e-01;6.410005e-02;3.525813e-02;6.197738e-02;1.205713e-02;6.797387e-02
3.460325e-02;2.124324e-01;2.422042e-01;1.399006e-02;1.566039e-02;7.595050e-02;1.711121e-01;3.823813e-02;4.141127e-02;5.944086e-02;2.407040e-02;7.088638e-02
2.435440e-02;1.357849e-01;2.368101e-01;2.829133e-02;3.015503e-02;1.446193e-01;1.446971e-01;4.656616e-02;5.348290e-02;5.210545e-02;3.303442e-02;7.009897e-02
3.884127e-02;1.216180e-01;2.102731e-01;6.361510e-02;9.344730e-02;1.439957e-01;7.878821e-02;5.182445e-02;6.441068e-02;3.563204e-02;2.878322e-02;6.877106e-02
4.424741e-02;1.108281e-01;1.637272e-01;1.184310e-01;1.505009e-01;1.020293e-01;4.495776e-02;5.182822e-02;5.710848e-02;6.396149e-02;3.250549e-02;5.987461e-02
4.366690e-02;1.677341e-01;1.953227e-01;1.264287e-01;1.041681e-01;6.741153e-02;4.993374e-02;4.512319e-02;9.117304e-02;4.656328e-02;2.321580e-02;3.925892e-02
3.354651e-02;2.319259e-01;2.646663e-01;1.081818e-01;4.071578e-02;4.678437e-02;4.372647e-02;3.900887e-02;1.191621e-01;4.735582e-02;8.648107e-03;1.627801e-02
1.994051e-02;2.080488e-01;2.652169e-01;9.734712e-02;4.244164e-02;6.254994e-02;2.783635e-02;5.117394e-02;1.027051e-01;9.371271e-02;1.376972e-02;1.525736e-02
1.167563e-02;1.498205e-01;2.149380e-01;6.599497e-02;4.274721e-02;5.913957e-02;3.731050e-02;6.537288e-02;6.697424e-02;2.132794e-01;5.377215e-02;1.897493e-02
2.009884e-02;8.006416e-02;2.412411e-01;2.850084e-02;3.319582e-02;2.783460e-02;5.063444e-02;4.524752e-02;2.984005e-02;3.102399e-01;1.045535e-01;2.854922e-02
1.896613e-02;6.321603e-02;3.578984e-01;2.212816e-02;2.722844e-02;1.396625e-02;4.311783e-02;2.122123e-02;2.226561e-02;3.006405e-01;6.950615e-02;3.984528e-02
1.466660e-02;4.170399e-02;4.737734e-01;4.138880e-02;3.433006e-02;1.323856e-02;5.535850e-02;1.531165e-02;2.317670e-02;2.369388e-01;1.096678e-02;3.914611e-02
1.734850e-02;3.955626e-02;4.740985e-01;2.233573e-02;3.678747e-02;1.271076e-02;1.381017e-01;1.282825e-02;1.788474e-02;1.824617e-01;2.069534e-02;2.519104e-02
1.587767e-02;5.070345e-02;4.222939e-01;9.875562e-03;3.646068e-02;1.784312e-02;2.113561e-01;1.218557e-02;1.800265e-02;1.813835e-01;1.306656e-02;1.095116e-02
5.344673e-02;4.486840e-02;3.471824e-01;1.557217e-02;2.666447e-02;1.843353e-02;2.670086e-01;1.089596e-02;1.922907e-02;1.705600e-01;1.773913e-02;8.399624e-03
1.008093e-01;3.375603e-02;2.866974e-01;2.518638e-02;1.810307e-02;1.250410e-02;3.011190e-01;1.465948e-02;2.360026e-02;1.383961e-01;3.520701e-02;9.961853e-03
1.000264e-01;3.061072e-02;2.025935e-01;1.286810e-01;1.048850e-02;2.230483e-02;2.225120e-01;6.574118e-02;3.182212e-02;7.868007e-02;9.456207e-02;1.197762e-02
5.160098e-02;5.943843e-02;1.377129e-01;2.599827e-01;2.232356e-02;3.406977e-02;7.034478e-02;1.292847e-01;2.193740e-02;3.193423e-02;1.548680e-01;2.650254e-02
3.045837e-02;7.893624e-02;1.274293e-01;2.548493e-01;6.052645e-02;3.818391e-02;3.994235e-02;1.089594e-01;2.150591e-02;3.518844e-02;1.269240e-01;7.709633e-02
2.307928e-02;5.991950e-02;1.264019e-01;1.472111e-01;1.357076e-01;4.871394e-02;7.224379e-02;5.260472e-02;5.101671e-02;3.689485e-02;6.418820e-02;1.820184e-01
4.103182e-02;4.394356e-02;1.314768e-01;6.104093e-02;1.310588e-01;8.120993e-02;7.420155e-02;5.127770e-02;6.274640e-02;5.290015e-02;5.779884e-02;2.113135e-01
4.681924e-02;5.727325e-02;1.886033e-01;4.684956e-02;7.321165e-02;8.499110e-02;8.243927e-02;8.070131e-02;6.156591e-02;7.277276e-02;5.483032e-02;1.499423e-01
6.136125e-02;7.083489e-02;2.609323e-01;6.156800e-02;5.367550e-02;5.580761e-02;9.053711e-02;8.073957e-02;4.391528e-02;8.457445e-02;7.938130e-02;5.667277e-02
9.058046e-02;8.489554e-02;3.749561e-01;6.679494e-02;5.234402e-02;4.709886e-02;4.476483e-02;3.641111e-02;2.655613e-02;7.346015e-02;5.880823e-02;4.332966e-02
6.047092e-02;1.148073e-01;4.227742e-01;8.043005e-02;4.510302e-02;3.400163e-02;3.775964e-02;1.712475e-02;2.342553e-02;6.688612e-02;4.124361e-02;5.597330e-02
3.804259e-02;1.178584e-01;3.990008e-01;7.582169e-02;4.993527e-02;3.205206e-02;7.833923e-02;2.826096e-02;2.829951e-02;7.660307e-02;3.031201e-02;4.547442e-02
3.051116e-02;1.327629e-01;3.233435e-01;7.969812e-02;3.761747e-02;4.724597e-02;9.151617e-02;4.277406e-02;3.578702e-02;8.599778e-02;4.964844e-02;4.309744e-02
2.768120e-02;1.446735e-01;3.114015e-01;8.555956e-02;2.983285e-02;9.280222e-02;6.354270e-02;7.213766e-02;3.789268e-02;5.708994e-02;4.575800e-02;3.162817e-02
2.342893e-02;1.278936e-01;3.071576e-01;7.726315e-02;5.053802e-02;1.583203e-01;3.162616e-02;6.998926e-02;4.492764e-02;4.820108e-02;2.776979e-02;3.288446e-02
2.319699e-02;8.520467e-02;2.453591e-01;6.289723e-02;9.765457e-02;1.852216e-01;4.410225e-02;2.924909e-02;4.556873e-02;6.424392e-02;4.625826e-02;7.104358e-02
2.688602e-02;9.392325e-02;2.402367e-01;7.575458e-02;1.055794e-01;1.559491e-01;3.762027e-02;1.680225e-02;3.324193e-02;8.161234e-02;5.028863e-02;8.210540e-02
2.451987e-02;1.061329e-01;3.079923e-01;8.287800e-02;9.645976e-02;1.070282e-01;4.950206e-02;2.951160e-02;2.566026e-02;9.610707e-02;1.450032e-02;5.970765e-02
3.145470e-02;8.645774e-02;3.607369e-01;9.518281e-02;8.944759e-02;6.131640e-02;7.003172e-02;3.702393e-02;1.884120e-02;9.580605e-02;2.182265e-02;3.187829e-02
2.939406e-02;9.944668e-02;3.124980e-01;1.219644e-01;4.893712e-02;5.839960e-02;7.089338e-02;4.028189e-02;2.090623e-02;7.522319e-02;6.028259e-02;6.177284e-02
3.164462e-02;1.017760e-01;2.649208e-01;1.155122e-01;4.575272e-02;6.681737e-02;7.520162e-02;3.726802e-02;2.074744e-02;7.544722e-02;8.615430e-02;7.875758e-02
3.990093e-02;8.894945e-02;3.322988e-01;1.039183e-01;8.581659e-02;3.855613e-02;6.159094e-02;3.442368e-02;2.406812e-02;6.974226e-02;6.459793e-02;5.613689e-02
3.993853e-02;9.807603e-02;3.321279e-01;1.201604e-01;9.367088e-02;5.535392e-02;6.021578e-02;3.377360e-02;2.216721e-02;7.143475e-02;3.305699e-02;4.002398e-02
5.462216e-02;9.203204e-02;3.330270e-01;1.001128e-01;7.980120e-02;7.581306e-02;7.171493e-02;2.807141e-02;2.740065e-02;7.413194e-02;2.758678e-02;3.568595e-02
6.121502e-02;1.325826e-01;3.017192e-01;1.204179e-01;4.181618e-02;6.356179e-02;6.036070e-02;3.521024e-02;3.346244e-02;6.689722e-02;4.322084e-02;3.953589e-02
5.803544e-02;1.421355e-01;2.808159e-01;1.244104e-01;2.950256e-02;8.207950e-02;3.256832e-02;2.880315e-02;3.417324e-02;8.777785e-02;2.825741e-02;7.144076e-02
4.381567e-02;9.524200e-02;2.708125e-01;6.038068e-02;3.770683e-02;1.213047e-01;9.145015e-02;3.053674e-02;3.195843e-02;1.082362e-01;2.077436e-02;8.778168e-02
2.955363e-02;7.174725e-02;2.216967e-01;6.390144e-02;8.281728e-02;1.099734e-01;1.172697e-01;3.614610e-02;3.828135e-02;9.972483e-02;5.297199e-02;7.591627e-02
2.081007e-02;9.085944e-02;2.239557e-01;1.061745e-01;1.087744e-01;7.245499e-02;1.119231e-01;3.197576e-02;3.901768e-02;6.979712e-02;6.980472e-02;5.445242e-02
3.092884e-02;9.263279e-02;2.473457e-01;1.188626e-01;6.888058e-02;6.410997e-02;1.300314e-01;6.649417e-02;4.402674e-02;4.298070e-02;5.034484e-02;4.336168e-02
8.905777e-02;8.894859e-02;1.524460e-01;6.873938e-02;4.804077e-02;1.461637e-01;1.134869e-01;1.013008e-01;5.392122e-02;2.723353e-02;2.857524e-02;8.208615e-02
1.427301e-01;7.865065e-02;8.379421e-02;3.016291e-02;6.995102e-02;1.859434e-01;1.018581e-01;7.962983e-02;5.096140e-02;1.767044e-02;3.767857e-02;1.209693e-01
1.361939e-01;5.598660e-02;7.654354e-02;4.054413e-02;9.995578e-02;1.488118e-01;8.077926e-02;4.823965e-02;4.404903e-02;1.235625e-02;5.359785e-02;2.029422e-01
7.711229e-02;5.319795e-02;6.166677e-02;1.358577e-01;9.874558e-02;7.983918e-02;5.046831e-02;6.598697e-02;2.747072e-02;1.601061e-02;1.299467e-01;2.036972e-01
3.611605e-02;5.488553e-02;6.467433e-02;2.725111e-01;5.812255e-02;3.316077e-02;2.955171e-02;9.648273e-02;9.532896e-03;2.667552e-02;2.187455e-01;9.954130e-02
3.767163e-02;3.994419e-02;9.600205e-02;3.702506e-01;2.353535e-02;2.960492e-02;1.908293e-02;7.631271e-02;8.774053e-03;3.415922e-02;2.423875e-01;2.227485e-02
4.065047e-02;5.746611e-02;1.041873e-01;3.861438e-01;3.891255e-02;5.523297e-02;1.751757e-02;4.992454e-02;1.091610e-02;2.811523e-02;2.046833e-01;6.250125e-03
3.308819e-02;7.589490e-02;1.759561e-01;2.899165e-01;5.588236e-02;5.210480e-02;3.750594e-02;4.155683e-02;1.247568e-02;5.928439e-02;1.473030e-01;1.903122e-02
3.438630e-02;1.167462e-01;2.449873e-01;1.636695e-01;4.241035e-02;5.805821e-02;6.570971e-02;4.841567e-02;1.998840e-02;8.659130e-02;8.940394e-02;2.963318e-02
3.797571e-02;1.782154e-01;2.390374e-01;7.552236e-02;2.275454e-02;1.205640e-01;7.711343e-02;4.145048e-02;5.522092e-02;7.287006e-02;4.757209e-02;3.170354e-02
3.200764e-02;2.201084e-01;2.213560e-01;5.731561e-02;1.582720e-02;1.178822e-01;7.564995e-02;4.520675e-02;8.003378e-02;5.129099e-02;3.568393e-02;4.763755e-02
1.909781e-02;1.790781e-01;2.706922e-01;7.398773e-02;1.958614e-02;9.359434e-02;9.450088e-02;4.366576e-02;4.873120e-02;5.018983e-02;4.769906e-02;5.917696e-02
2.491034e-02;1.134111e-01;2.609683e-01;9.945831e-02;1.337378e-02;1.220270e-01;9.842668e-02;7.140198e-02;2.078474e-02;3.974992e-02;7.142039e-02;6.406745e-02
3.437534e-02;9.541353e-02;3.013544e-01;1.186266e-01;2.129544e-02;1.185226e-01;4.590256e-02;7.180136e-02;1.760155e-02;4.681220e-02;6.468593e-02;6.360854e-02
2.750604e-02;9.969524e-02;3.073640e-01;1.286795e-01;2.695982e-02;6.153403e-02;5.827161e-02;5.526045e-02;1.992046e-02;6.511794e-02;1.110471e-01;3.864375e-02
1.653503e-02;6.690229e-02;1.959275e-01;2.979583e-01;3.749700e-02;3.726000e-02;4.470430e-02;3.716729e-02;1.830943e-02;3.108563e-02;1.909927e-01;2.566064e-02
1.864997e-02;5.756864e-02;1.609523e-01;3.438210e-01;3.521090e-02;4.496132e-02;2.364517e-02;2.649601e-02;8.310755e-03;3.966910e-02;2.056998e-01;3.501508e-02
1.357576e-02;5.844245e-02;2.148296e-01;3.401147e-01;2.355386e-02;5.924094e-02;1.784987e-02;2.118187e-02;6.928607e-03;2.848413e-02;1.836572e-01;3.214104e-02
4.898275e-03;4.999190e-02;2.238319e-01;3.610384e-01;3.381864e-02;5.759992e-02;1.395238e-02;1.413037e-02;8.214260e-03;1.615570e-02;1.818274e-01;3.454084e-02
1.274993e-02;3.561853e-02;2.253126e-01;4.060412e-01;3.008006e-02;2.208480e-02;1.257293e-02;1.368114e-02;6.858303e-03;4.476814e-02;1.623481e-01;2.788421e-02
2.650704e-02;3.611391e-02;2.652270e-01;4.113327e-01;2.447338e-02;3.260189e-02;1.157750e-02;1.036390e-02;8.851825e-03;4.942174e-02;1.120509e-01;1.147808e-02
2.197239e-02;3.847738e-02;2.669758e-01;4.123175e-01;2.131778e-02;3.876159e-02;2.021732e-02;9.297326e-03;8.791468e-03;5.378910e-02;1.021030e-01;5.979322e-03
1.824847e-02;3.122907e-02;2.656407e-01;3.690290e-01;3.151846e-02;4.192104e-02;3.972511e-02;9.859321e-03;8.397964e-03;7.089379e-02;9.653395e-02;1.700307e-02
1.418003e-02;4.423376e-02;3.376153e-01;2.387905e-01;2.275531e-02;3.690944e-02;7.103489e-02;1.044897e-02;5.655006e-03;1.103088e-01;8.261357e-02;2.545448e-02
1.434270e-02;5.973149e-02;4.225158e-01;1.205667e-01;1.212653e-02;2.755318e-02;1.072206e-01;1.263288e-02;8.201783e-03;1.356880e-01;5.274758e-02;2.667272e-02
1.661799e-02;1.090358e-01;4.578685e-01;8.050849e-02;2.186042e-02;2.984746e-02;1.136083e-01;8.697846e-03;5.323332e-03;1.229166e-01;1.911055e-02;1.460467e-02
1.559304e-02;1.816354e-01;4.573948e-01;6.026008e-02;2.523783e-02;2.601117e-02;8.224043e-02;9.728164e-03;8.745118e-03;1.065670e-01;1.497720e-02;1.160979e-02
2.043575e-02;2.286692e-01;4.787943e-01;5.064713e-02;2.271332e-02;1.780563e-02;4.732429e-02;5.952852e-03;9.318839e-03;8.414286e-02;1.528544e-02;1.891040e-02
2.375128e-02;1.849745e-01;5.490797e-01;3.141316e-02;2.026418e-02;1.685128e-02;5.409753e-02;8.016502e-03;1.124968e-02;5.940435e-02;2.140842e-02;1.948942e-02
1.564632e-02;1.086987e-01;5.844928e-01;7.117013e-02;1.849781e-02;2.710986e-02;5.544068e-02;1.024415e-02;9.764304e-03;4.780872e-02;3.447039e-02;1.665617e-02
1.117956e-02;1.221229e-01;5.578334e-01;6.526996e-02;2.389274e-02;4.620535e-02;4.093736e-02;1.674827e-02;1.077216e-02;4.299689e-02;4.891231e-02;1.312908e-02
1.683394e-02;1.009666e-01;4.419259e-01;9.121019e-02;3.917886e-02;6.905602e-02;7.481033e-02;4.586416e-02;1.736403e-02;4.788834e-02;3.657481e-02;1.832682e-02
1.770475e-02;6.272914e-02;2.961454e-01;1.098455e-01;6.597331e-02;7.621376e-02;1.038613e-01;6.801200e-02;3.215865e-02;1.306892e-01;2.614784e-02;1.051909e-02
1.874712e-02;9.011791e-02;2.711972e-01;7.257656e-02;5.473925e-02;6.186577e-02;7.259804e-02;5.540909e-02;3.710676e-02;2.259053e-01;3.255748e-02;7.179538e-03
2.433761e-02;8.969922e-02;3.058768e-01;5.069000e-02;2.794988e-02;4.026803e-02;4.682084e-02;2.975305e-02;3.037280e-02;3.058799e-01;4.433860e-02;4.013323e-03
3.566406e-02;6.927762e-02;3.320944e-01;5.030063e-02;1.507853e-02;2.413763e-02;7.583898e-02;1.325559e-02;1.924146e-02;2.821712e-01;7.472678e-02;8.213139e-03
4.566652e-02;5.782513e-02;3.041095e-01;9.705064e-02;2.744135e-02;3.045916e-02;7.467567e-02;2.475875e-02;1.493346e-02;1.667372e-01;1.438178e-01;1.252479e-02
2.490233e-02;3.742424e-02;2.285541e-01;2.274606e-01;5.437387e-02;4.208563e-02;3.306811e-02;4.415054e-02;9.129201e-03;5.261600e-02;2.398096e-01;6.425713e-03
1.501910e-02;4.293213e-02;2.092838e-01;2.685064e-01;6.073881e-02;3.876302e-02;1.123308e-02;4.839854e-02;1.098242e-02;2.368198e-02;2.357221e-01;3.473861e-02
2.021310e-02;4.429533e-02;1.644019e-01;2.301930e-01;1.130658e-01;8.690986e-02;1.001972e-02;3.850414e-02;2.641191e-02;3.026405e-02;1.485271e-01;8.719413e-02
3.313620e-02;3.918653e-02;1.058043e-01;1.797693e-01;1.636938e-01;2.205304e-01;8.925670e-03;3.049337e-02;3.615220e-02;3.326788e-02;4.821556e-02;1.008248e-01
5.129920e-02;4.784686e-02;1.543163e-01;1.040901e-01;1.038018e-01;3.393690e-01;1.682827e-02;3.118279e-02;2.345103e-02;4.496928e-02;3.442429e-02;4.842111e-02
5.147228e-02;5.745932e-02;1.602610e-01;9.873454e-02;2.687551e-02;3.787870e-01;5.788498e-02;6.320880e-02;2.146926e-02;4.585273e-02;1.689246e-02;2.110209e-02
3.049933e-02;9.748171e-02;1.433654e-01;1.039611e-01;4.280508e-02;3.214633e-01;9.768369e-02;8.244777e-02;2.267495e-02;2.755021e-02;1.973071e-02;1.033669e-02
2.083282e-02;1.549587e-01;1.525906e-01;9.118231e-02;5.514190e-02;2.392835e-01;1.039037e-01;9.317681e-02;2.423764e-02;2.936860e-02;2.638668e-02;8.936860e-03
2.672739e-02;1.558676e-01;2.082207e-01;6.463300e-02;4.723442e-02;1.435762e-01;6.837144e-02;1.878539e-01;3.698676e-02;2.386682e-02;2.655880e-02;1.010304e-02
2.274857e-02;1.366493e-01;2.140955e-01;3.107362e-02;3.267523e-02;1.020783e-01;5.434192e-02;3.080513e-01;3.989711e-02;2.570396e-02;2.176055e-02;1.092473e-02
1.535983e-02;1.279717e-01;1.566603e-01;1.639567e-02;2.515801e-02;1.351469e-01;4.015784e-02;3.802508e-01;4.678669e-02;2.578042e-02;1.748233e-02;1.284959e-02
1.337843e-02;1.140153e-01;1.550311e-01;3.429871e-02;2.021331e-02;1.970497e-01;4.708205e-02;3.198154e-01;4.178446e-02;3.094027e-02;1.764845e-02;8.742862e-03
1.956124e-02;9.486495e-02;1.301205e-01;5.206484e-02;2.672077e-02;2.474317e-01;6.523930e-02;2.529453e-01;3.982238e-02;3.959066e-02;2.605813e-02;5.580320e-03
2.638995e-02;8.791823e-02;9.185532e-02;6.204654e-02;2.638024e-02;2.961606e-01;1.256231e-01;1.444557e-01;5.868464e-02;3.893564e-02;3.018386e-02;1.136619e-02
1.877968e-02;1.143753e-01;8.287004e-02;3.957079e-02;4.470447e-02;2.037899e-01;2.034254e-01;1.687313e-01;4.934452e-02;2.779778e-02;4.055382e-02;6.056936e-03
1.448588e-02;1.415728e-01;7.810113e-02;2.115374e-02;3.474571e-02;1.639804e-01;2.643972e-01;1.736600e-01;2.852643e-02;2.280959e-02;4.939310e-02;7.173959e-03
2.263214e-02;1.381778e-01;6.343557e-02;4.040461e-02;2.019050e-02;2.035388e-01;2.812615e-01;1.230996e-01;1.325686e-02;3.121057e-02;5.115076e-02;1.164116e-02
5.098210e-02;9.577659e-02;4.925063e-02;7.050676e-02;1.427181e-02;3.014351e-01;2.094960e-01;7.657773e-02;1.112557e-02;6.549488e-02;4.444009e-02;1.064273e-02
6.739122e-02;5.855951e-02;7.352822e-02;7.270758e-02;1.957869e-02;3.561427e-01;1.414423e-01;7.014594e-02;1.660070e-02;8.812767e-02;3.110277e-02;4.672694e-03
6.287715e-02;5.055486e-02;1.101107e-01;5.860679e-02;2.902474e-02;3.509784e-01;9.933039e-02;8.975771e-02;2.902907e-02;9.199886e-02;2.111103e-02;6.620285e-03
4.024140e-02;6.689278e-02;1.352475e-01;7.433469e-02;3.034647e-02;3.457381e-01;7.042354e-02;8.245990e-02;4.285256e-02;8.317189e-02;1.652953e-02;1.176155e-02
2.292615e-02;8.488392e-02;1.081254e-01;8.292702e-02;5.852022e-02;3.647556e-01;7.166571e-02;8.468921e-02;5.161531e-02;3.670489e-02;1.590259e-02;1.728401e-02
1.586019e-02;7.234067e-02;1.047420e-01;6.330355e-02;7.073800e-02;3.361351e-01;7.018458e-02;8.462564e-02;7.826704e-02;2.648625e-02;2.491391e-02;5.240307e-02
2.768274e-02;3.901548e-02;5.524072e-02;5.304891e-02;1.051997e-01;2.364640e-01;6.735475e-02;7.159281e-02;1.018434e-01;3.663321e-02;4.827739e-02;1.576469e-01
1.605171e-02;4.785131e-02;4.819111e-02;5.891131e-02;1.549954e-01;1.224378e-01;5.670353e-02;6.782611e-02;8.107091e-02;3.212139e-02;6.828963e-02;2.455498e-01
8.956697e-03;7.574991e-02;6.282870e-02;1.528111e-01;1.201317e-01;7.675129e-02;3.488910e-02;1.180317e-01;2.930021e-02;1.752565e-02;1.345351e-01;1.684888e-01
1.095730e-02;5.903085e-02;6.491423e-02;2.720745e-01;5.818182e-02;4.003606e-02;3.579707e-02;1.534142e-01;1.183475e-02;1.646069e-02;2.195920e-01;5.770655e-02
1.492127e-02;3.395524e-02;9.029635e-02;3.045982e-01;2.607365e-02;5.740812e-02;5.118182e-02;1.383255e-01;1.481741e-02;2.762201e-02;2.228086e-01;1.799177e-02
2.805182e-02;3.777318e-02;2.249807e-01;2.214876e-01;2.551204e-02;6.291289e-02;8.179186e-02;8.162083e-02;1.808096e-02;6.181473e-02;1.425359e-01;1.343751e-02
3.377094e-02;4.739164e-02;3.268363e-01;1.043227e-01;3.655913e-02;4.992100e-02;1.068593e-01;6.362382e-02;1.891088e-02;1.259531e-01;6.308816e-02;2.276310e-02
3.290913e-02;7.314298e-02;3.103920e-01;8.179840e-02;3.455193e-02;4.433652e-02;1.022587e-01;6.891937e-02;2.896358e-02;1.566470e-01;3.896139e-02;2.711898e-02
2.287051e-02;8.041581e-02;2.519208e-01;6.258791e-02;3.311445e-02;1.065801e-01;8.056894e-02;9.495483e-02;3.557384e-02;1.394787e-01;5.191672e-02;4.001737e-02
2.274496e-02;6.989775e-02;1.878870e-01;8.878106e-02;4.256349e-02;1.201168e-01;6.453272e-02;1.727901e-01;3.937484e-02;7.226509e-02;6.380296e-02;5.524315e-02
3.187222e-02;6.590650e-02;1.520253e-01;1.199746e-01;6.292160e-02;1.642702e-01;8.709080e-02;1.622277e-01;3.922801e-02;3.812660e-02;4.419164e-02;3.216486e-02
3.501461e-02;5.187726e-02;1.010017e-01;1.425392e-01;6.250994e-02;2.347641e-01;7.071499e-02;1.292295e-01;4.121584e-02;5.328592e-02;3.729773e-02;4.054908e-02
4.017105e-02;4.201376e-02;1.582318e-01;1.353948e-01;6.664036e-02;1.766771e-01;4.866888e-02;1.268376e-01;3.842412e-02;5.426163e-02;5.811960e-02;5.455925e-02
4.238708e-02;7.832666e-02;1.986723e-01;8.088873e-02;6.571288e-02;1.179287e-01;4.212468e-02;1.411461e-01;2.401598e-02;7.817141e-02;1.021740e-01;2.845148e-02
2.488926e-02;5.090756e-02;1.953312e-01;1.265665e-01;4.301751e-02;1.534912e-01;4.633854e-02;1.038257e-01;2.279180e-02;6.407572e-02;1.166646e-01;5.210049e-02
2.318605e-02;2.953567e-02;2.358777e-01;1.432744e-01;4.409470e-02;1.838946e-01;5.610467e-02;4.355453e-02;3.267655e-02;3.811807e-02;9.839838e-02;7.128464e-02
2.305550e-02;5.383613e-02;2.263146e-01;1.237851e-01;2.522552e-02;1.571795e-01;3.998022e-02;1.337491e-01;3.282700e-02;3.587920e-02;8.856723e-02;5.960086e-02
2.867719e-02;5.508946e-02;1.575235e-01;1.405360e-01;5.189731e-02;2.295777e-01;3.805310e-02;1.418055e-01;4.465107e-02;5.399382e-02;2.532625e-02;3.286907e-02
4.422477e-02;1.449096e-01;1.197273e-01;9.496459e-02;5.948439e-02;2.032703e-01;5.480785e-02;1.012312e-01;5.189426e-02;6.422894e-02;3.597476e-02;2.528194e-02
5.726500e-02;1.882948e-01;1.331494e-01;7.136865e-02;4.858471e-02;1.302460e-01;5.879096e-02;1.123934e-01;5.190643e-02;6.539480e-02;4.795466e-02;3.465122e-02
6.917176e-02;1.761875e-01;1.211318e-01;9.461949e-02;3.691664e-02;8.389917e-02;7.292493e-02;1.318855e-01;3.366710e-02;6.211577e-02;5.457327e-02;6.290708e-02
5.270800e-02;8.806610e-02;6.726304e-02;6.341062e-02;4.285035e-02;1.806646e-01;7.903952e-02;1.443986e-01;6.300868e-02;6.334529e-02;6.784892e-02;8.739626e-02
3.292314e-02;4.275018e-02;8.053293e-02;2.385539e-02;7.237721e-02;1.728449e-01;8.227944e-02;1.747210e-01;1.232967e-01;7.337790e-02;6.254783e-02;5.849341e-02
3.332216e-02;3.896116e-02;1.037877e-01;9.236617e-02;7.936320e-02;8.320156e-02;7.749987e-02;1.799756e-01;1.908506e-01;5.505980e-02;3.121618e-02;3.439600e-02
2.559742e-02;2.785914e-02;1.277831e-01;1.443560e-01;5.357449e-02;8.851862e-02;4.559068e-02;2.201137e-01;2.074117e-01;2.490029e-02;1.025242e-02;2.404251e-02
1.944017e-02;5.497520e-02;1.232663e-01;1.362955e-01;3.242329e-02;9.690896e-02;2.191781e-02;2.685662e-01;1.847359e-01;2.272638e-02;1.633408e-02;2.241026e-02
2.026123e-02;6.460538e-02;1.415320e-01;9.514693e-02;2.316837e-02;8.717631e-02;3.871516e-02;2.814111e-01;1.620080e-01;3.477654e-02;2.597274e-02;2.522632e-02
1.387722e-02;5.418069e-02;2.015363e-01;6.330752e-02;2.964045e-02;7.442375e-02;4.623654e-02;2.911608e-01;1.263903e-01;4.692674e-02;2.709691e-02;2.522287e-02
1.269116e-02;8.748942e-02;2.310338e-01;8.730516e-02;2.754479e-02;5.148355e-02;3.471858e-02;2.722535e-01;9.129784e-02;4.764849e-02;3.212333e-02;2.441037e-02
1.253951e-02;1.444945e-01;2.556887e-01;5.712949e-02;2.095413e-02;5.771359e-02;3.001258e-02;2.675668e-01;3.905616e-02;3.803395e-02;5.191482e-02;2.489579e-02
1.539533e-02;1.852388e-01;2.500495e-01;2.061599e-02;2.269369e-02;9.745084e-02;5.081605e-02;2.367430e-01;3.997931e-02;2.420837e-02;4.145390e-02;1.535523e-02
7.980486e-03;2.054223e-01;2.133173e-01;2.749976e-02;2.201618e-02;1.273322e-01;8.763684e-02;1.914710e-01;5.444659e-02;2.986971e-02;2.673680e-02;6.270786e-03
1.462397e-02;2.572002e-01;2.077788e-01;3.371757e-02;1.272880e-02;6.761049e-02;1.327283e-01;1.470854e-01;5.845784e-02;3.932412e-02;1.584674e-02;1.289783e-02
1.738588e-02;2.704421e-01;1.984207e-01;3.594958e-02;1.448006e-02;8.397253e-02;1.294893e-01;1.254399e-01;5.527291e-02;3.688679e-02;2.024930e-02;1.201104e-02
1.337680e-02;2.616177e-01;1.612785e-01;2.683877e-02;2.951024e-02;1.376033e-01;1.325055e-01;1.004989e-01;5.157140e-02;3.715785e-02;3.758984e-02;1.045118e-02
1.989260e-02;2.272404e-01;8.076322e-02;4.664060e-02;3.856220e-02;1.593532e-01;1.399227e-01;1.337393e-01;6.872149e-02;3.582544e-02;3.910359e-02;1.023529e-02
3.538943e-02;1.803277e-01;8.349427e-02;6.068638e-02;2.948595e-02;1.608703e-01;1.247743e-01;1.422297e-01;8.986678e-02;4.656788e-02;2.927799e-02;1.702923e-02
4.965063e-02;1.449897e-01;9.831187e-02;8.442356e-02;3.278708e-02;1.686593e-01;1.201732e-01;7.904352e-02;1.017668e-01;6.514500e-02;2.583590e-02;2.921341e-02
2.210786e-02;9.143844e-02;1.729334e-01;7.705560e-02;4.012951e-02;1.546578e-01;9.631517e-02;1.475418e-01;9.459773e-02;4.923164e-02;2.809983e-02;2.589122e-02
2.614140e-02;1.267388e-01;1.713335e-01;9.036324e-02;5.273546e-02;1.212319e-01;1.245447e-01;1.143818e-01;7.498575e-02;4.823968e-02;3.086992e-02;1.843391e-02
2.342939e-02;1.505514e-01;1.056242e-01;6.237043e-02;4.377948e-02;1.143777e-01;1.898600e-01;1.002972e-01;7.888827e-02;6.572562e-02;4.938322e-02;1.571303e-02
1.505659e-02;1.533709e-01;7.012907e-02;3.252855e-02;3.629701e-02;9.565447e-02;2.173052e-01;1.423487e-01;8.966259e-02;6.524520e-02;7.345798e-02;8.943767e-03
1.544632e-02;1.418258e-01;6.142966e-02;3.155490e-02;4.138065e-02;8.967376e-02;2.028390e-01;1.763628e-01;8.904295e-02;4.841081e-02;9.670798e-02;5.325294e-03
2.126899e-02;1.468600e-01;4.850273e-02;3.817496e-02;4.805735e-02;9.461492e-02;2.006706e-01;1.647295e-01;8.513276e-02;3.509041e-02;1.055795e-01;1.131819e-02
3.141174e-02;1.470513e-01;9.437736e-02;4.852392e-02;3.247336e-02;1.189684e-01;1.799052e-01;1.219735e-01;7.870372e-02;5.422897e-02;8.172315e-02;1.065945e-02
5.425550e-02;1.314084e-01;1.075537e-01;7.049023e-02;3.053543e-02;1.344281e-01;1.611017e-01;9.346320e-02;7.266429e-02;7.275806e-02;4.557602e-02;2.576541e-02
7.552272e-02;1.195890e-01;1.333157e-01;7.766381e-02;2.054692e-02;8.238241e-02;1.180894e-01;1.421668e-01;8.009809e-02;7.732211e-02;3.245231e-02;4.085082e-02
7.755812e-02;1.520073e-01;9.032381e-02;9.101373e-02;1.575882e-02;1.444015e-01;7.298633e-02;1.397231e-01;9.034464e-02;6.436556e-02;1.972872e-02;4.178839e-02
3.247615e-02;1.603725e-01;1.447382e-01;1.163651e-01;2.780005e-02;1.365676e-01;8.699123e-02;1.459302e-01;6.385724e-02;3.414388e-02;2.487013e-02;2.588782e-02
3.512887e-02;1.870017e-01;1.907896e-01;9.132087e-02;1.848076e-02;1.225918e-01;9.452010e-02;1.288165e-01;6.193359e-02;1.860764e-02;3.164160e-02;1.916690e-02
3.537685e-02;1.942597e-01;1.919837e-01;5.607475e-02;2.882464e-02;8.968902e-02;1.012931e-01;1.420160e-01;7.325910e-02;3.588851e-02;3.374529e-02;1.758923e-02
3.339403e-02;1.771500e-01;2.024532e-01;4.540092e-02;4.781365e-02;1.116388e-01;1.065624e-01;1.221947e-01;7.257873e-02;3.864389e-02;3.120403e-02;1.096558e-02
2.432427e-02;1.528085e-01;1.968879e-01;8.237509e-02;5.208237e-02;9.937725e-02;1.198602e-01;1.163118e-01;7.373362e-02;4.078431e-02;2.783981e-02;1.361491e-02
1.409825e-02;1.178328e-01;1.639114e-01;7.908229e-02;2.108647e-02;1.729093e-01;1.277498e-01;1.711728e-01;6.286068e-02;3.054010e-02;2.497364e-02;1.378239e-02
1.480664e-02;1.103444e-01;1.547033e-01;7.619309e-02;2.733691e-02;1.684721e-01;1.311871e-01;1.619012e-01;5.200978e-02;2.600038e-02;5.347168e-02;2.357358e-02
1.325350e-02;9.987407e-02;1.470098e-01;1.064433e-01;4.003232e-02;9.290969e-02;1.119375e-01;1.891543e-01;7.519300e-02;2.354538e-02;7.193276e-02;2.871431e-02
1.886227e-02;9.046023e-02;1.369428e-01;7.214885e-02;2.597349e-02;1.449930e-01;6.856541e-02;2.328601e-01;1.046554e-01;4.720839e-02;4.134676e-02;1.598328e-02
1.747613e-02;1.321431e-01;1.513305e-01;4.090498e-02;2.296181e-02;1.821362e-01;5.342202e-02;1.947934e-01;9.699307e-02;5.385625e-02;3.453978e-02;1.944279e-02
1.775917e-02;1.732531e-01;1.133595e-01;5.275178e-02;3.255287e-02;1.952963e-01;3.161743e-02;1.501867e-01;1.223739e-01;4.371148e-02;5.232865e-02;1.480910e-02
1.345970e-02;1.456651e-01;9.213182e-02;4.539593e-02;3.495016e-02;8.456843e-02;6.571849e-02;2.780143e-01;1.431357e-01;2.129046e-02;5.640420e-02;1.926564e-02
2.125618e-02;1.464197e-01;1.454496e-01;4.341837e-02;2.997315e-02;1.244673e-01;8.456571e-02;2.216292e-01;8.828015e-02;3.253504e-02;4.187306e-02;2.013252e-02
1.789591e-02;1.695379e-01;1.897971e-01;6.224690e-02;2.475505e-02;1.552694e-01;9.727471e-02;1.388487e-01;4.865166e-02;3.436869e-02;4.793510e-02;1.341892e-02
2.670041e-02;1.392371e-01;1.525134e-01;4.519812e-02;3.479490e-02;1.466316e-01;1.086687e-01;1.781994e-01;8.468686e-02;2.089338e-02;5.335882e-02;9.117240e-03
2.416947e-02;9.949097e-02;1.552152e-01;3.394756e-02;2.953655e-02;1.298651e-01;1.033667e-01;2.690939e-01;7.299637e-02;2.598156e-02;4.274406e-02;1.359255e-02
2.666946e-02;1.213728e-01;1.752974e-01;5.012452e-02;2.512565e-02;1.007348e-01;5.963815e-02;2.751915e-01;8.320165e-02;2.638709e-02;2.991189e-02;2.634501e-02
2.756714e-02;1.848279e-01;1.811177e-01;6.888025e-02;2.859624e-02;5.817164e-02;5.224345e-02;2.123164e-01;9.609061e-02;3.372946e-02;3.053671e-02;2.592251e-02
3.153067e-02;1.780200e-01;1.291423e-01;6.108763e-02;2.292727e-02;1.506908e-01;9.673841e-02;1.858724e-01;6.723923e-02;2.805988e-02;2.748324e-02;2.120814e-02
3.575630e-02;1.656661e-01;1.117925e-01;4.935556e-02;2.456744e-02;1.772624e-01;1.000201e-01;1.995784e-01;5.946646e-02;2.553342e-02;3.027409e-02;2.072729e-02
2.862603e-02;1.633201e-01;7.284129e-02;4.285121e-02;3.152434e-02;1.477180e-01;1.159810e-01;2.054689e-01;1.061934e-01;3.379538e-02;3.065312e-02;2.102719e-02
2.675079e-02;1.396334e-01;6.786492e-02;6.752668e-02;2.898366e-02;6.910930e-02;1.296655e-01;2.670004e-01;1.197750e-01;3.040872e-02;3.371837e-02;1.956337e-02
5.164147e-02;8.253343e-02;7.466885e-02;7.809097e-02;3.418333e-02;1.178894e-01;1.069785e-01;2.661913e-01;9.703482e-02;2.840313e-02;4.226182e-02;2.012306e-02
5.715683e-02;7.579187e-02;1.303105e-01;9.991982e-02;4.073851e-02;1.246626e-01;5.675605e-02;2.341284e-01;9.083481e-02;2.922418e-02;4.197404e-02;1.850240e-02
5.668630e-02;9.291582e-02;1.671464e-01;1.438231e-01;4.570464e-02;1.076525e-01;3.825147e-02;1.745027e-01;9.446558e-02;3.705017e-02;2.852933e-02;1.327206e-02
5.135207e-02;1.086391e-01;2.138688e-01;1.556312e-01;4.555238e-02;8.724485e-02;4.866445e-02;9.571399e-02;9.405505e-02;4.101601e-02;2.897298e-02;2.928920e-02
3.858701e-02;1.648386e-01;2.517171e-01;8.444973e-02;5.052072e-02;5.302936e-02;4.607683e-02;1.036154e-01;8.369232e-02;5.025103e-02;4.958145e-02;2.364055e-02
4.078240e-02;1.879725e-01;2.005137e-01;7.617534e-02;3.881778e-02;5.294164e-02;1.846535e-02;1.427427e-01;8.462931e-02;4.791069e-02;6.626916e-02;4.277948e-02
6.329408e-02;1.416425e-01;7.912228e-02;1.288756e-01;4.898619e-02;8.963423e-02;2.789999e-02;1.338457e-01;8.520018e-02;4.204963e-02;6.665287e-02;9.279665e-02
