3.576034e-02;1.538113e-01;3.005622e-01;1.362655e-01;5.353864e-02;3.695353e-02;1.683833e-02;2.671686e-02;2.077938e-02;6.517548e-02;1.355101e-01;1.808829e-02
1.960286e-02;6.186593e-02;1.693778e-01;2.006507e-01;1.327181e-01;6.549713e-02;1.347358e-02;3.087729e-02;1.449460e-02;2.510902e-02;2.006016e-01;6.573144e-02
2.217806e-02;2.132892e-02;6.308237e-02;1.554337e-01;2.092038e-01;1.062332e-01;1.828117e-02;2.067655e-02;1.932771e-02;2.109464e-02;1.725953e-01;1.705646e-01
5.133130e-02;1.303012e-02;5.744359e-02;8.277087e-02;2.029303e-01;2.324417e-01;1.184597e-02;1.584376e-02;2.139089e-02;1.465636e-02;1.025991e-01;1.937160e-01
1.033859e-01;2.627609e-02;5.841894e-02;6.650528e-02;1.084900e-01;3.971968e-01;3.154974e-02;3.125035e-02;1.419467e-02;1.644158e-02;3.507248e-02;1.112182e-01
1.045666e-01;6.278829e-02;3.994116e-02;5.286081e-02;3.654396e-02;4.440694e-01;1.083086e-01;7.496039e-02;1.276159e-02;2.060321e-02;7.954320e-03;3.464163e-02
5.107879e-02;9.409696e-02;3.261635e-02;4.279147e-02;4.108315e-02;3.334158e-01;1.795833e-01;1.494070e-01;2.716865e-02;1.534036e-02;2.101145e-02;1.240678e-02
9.742482e-03;9.753659e-02;9.322524e-02;3.367991e-02;4.414799e-02;1.778262e-01;1.554929e-01;2.836488e-01;5.124599e-02;2.211686e-02;2.112946e-02;1.020759e-02
2.041021e-02;5.037586e-02;1.464326e-01;3.911274e-02;5.060611e-02;8.786806e-02;6.024230e-02;3.869380e-01;9.838454e-02;2.625091e-02;1.741650e-02;1.596221e-02
2.382378e-02;2.211923e-02;1.366727e-01;6.100732e-02;3.009477e-02;7.070260e-02;2.778555e-02;3.375030e-01;2.167617e-01;4.383441e-02;1.370349e-02;1.599146e-02
2.541677e-02;2.597701e-02;8.540243e-02;6.176688e-02;1.532678e-02;6.791778e-02;4.461780e-02;1.929345e-01;3.004946e-01;1.482312e-01;2.352514e-02;8.389110e-03
2.959054e-02;4.371229e-02;5.329305e-02;4.457972e-02;3.550310e-02;1.001310e-01;4.668068e-02;1.170291e-01;2.175790e-01;2.248303e-01;6.298906e-02;2.408210e-02
4.583481e-02;1.064244e-01;9.241921e-02;5.009055e-02;3.849851e-02;1.078588e-01;5.053176e-02;6.176227e-02;1.076676e-01;1.879620e-01;9.667613e-02;5.427407e-02
4.362230e-02;1.622850e-01;1.718290e-01;7.209118e-02;7.671119e-02;1.222143e-01;5.994626e-02;5.486217e-02;2.292519e-02;9.647834e-02;5.837098e-02;5.866415e-02
2.029033e-02;1.697208e-01;2.010156e-01;5.295226e-02;1.267145e-01;1.328354e-01;7.074503e-02;3.728372e-02;7.681612e-02;4.677331e-02;1.156594e-02;5.328695e-02
2.133277e-02;9.739625e-02;1.164505e-01;2.466759e-02;1.012405e-01;1.613795e-01;9.497032e-02;1.200078e-01;1.322985e-01;4.073579e-02;3.756298e-02;5.195761e-02
3.165130e-02;7.878610e-02;8.721572e-02;3.107508e-02;5.062919e-02;1.689476e-01;1.211924e-01;1.534920e-01;1.259134e-01;5.626813e-02;3.716094e-02;5.766821e-02
3.213645e-02;1.022384e-01;1.141671e-01;4.283651e-02;6.690546e-02;1.928067e-01;1.167333e-01;1.251331e-01;7.180566e-02;6.510030e-02;1.213462e-02;5.800237e-02
6.987163e-02;9.164535e-02;9.576465e-02;4.254931e-02;9.033988e-02;2.227534e-01;7.822842e-02;1.165568e-01;5.640469e-02;5.762968e-02;3.394762e-02;4.430853e-02
7.470044e-02;6.430882e-02;6.829790e-02;3.130981e-02;9.641360e-02;2.463032e-01;9.118372e-02;1.005975e-01;9.914411e-02;6.366233e-02;3.448956e-02;2.958898e-02
5.273768e-02;5.295558e-02;5.690501e-02;6.398555e-02;6.671634e-02;2.406535e-01;9.614341e-02;9.553247e-02;1.323289e-01;8.032981e-02;3.893171e-02;2.278011e-02
3.736772e-02;4.424354e-02;6.734940e-02;6.882008e-02;5.119622e-02;1.415584e-01;8.399947e-02;1.809955e-01;1.409621e-01;1.011179e-01;5.401871e-02;2.837097e-02
4.462835e-02;3.745865e-02;5.433935e-02;6.345019e-02;5.484128e-02;1.601525e-01;6.038985e-02;1.389547e-01;9.265903e-02;8.355692e-02;1.711207e-01;3.844834e-02
2.984774e-02;3.207807e-02;5.309610e-02;2.533420e-02;5.353381e-02;1.673399e-01;4.663021e-02;7.758573e-02;6.139646e-02;8.438466e-02;2.740175e-01;9.475563e-02
3.424937e-02;3.069539e-02;3.903426e-02;1.705780e-02;6.331507e-02;1.438396e-01;5.535673e-02;6.710772e-02;3.883106e-02;6.735066e-02;3.248559e-01;1.183065e-01
4.165536e-02;4.951649e-02;4.692299e-02;5.100840e-02;8.676270e-02;1.261339e-01;5.453298e-02;4.863513e-02;6.498537e-02;1.116182e-01;2.394521e-01;7.877636e-02
5.360366e-02;9.172896e-02;9.214511e-02;9.223673e-02;6.583595e-02;7.874186e-02;7.270898e-02;1.020255e-01;8.675456e-02;9.730638e-02;1.025607e-01;6.435161e-02
1.106027e-01;1.324383e-01;8.320589e-02;7.682065e-02;2.791090e-02;1.247367e-01;9.718020e-02;1.052836e-01;5.726936e-02;5.186627e-02;5.950138e-02;7.318400e-02
1.810098e-01;1.036918e-01;6.226742e-02;4.145840e-02;5.922880e-02;1.556736e-01;7.454723e-02;6.826090e-02;5.188121e-02;3.852974e-02;3.584837e-02;1.276028e-01
1.289248e-01;5.806517e-02;6.347220e-02;3.243044e-02;1.052197e-01;1.048536e-01;4.654315e-02;4.380331e-02;9.212910e-02;2.801056e-02;6.755141e-02;2.289966e-01
5.522795e-02;6.242159e-02;4.313187e-02;6.030440e-02;9.687299e-02;5.358845e-02;4.845954e-02;5.713923e-02;7.402716e-02;3.912311e-02;1.841596e-01;2.255441e-01
4.165741e-02;6.347302e-02;4.120561e-02;8.014706e-02;8.293451e-02;4.659416e-02;4.143474e-02;5.218158e-02;3.652120e-02;6.741843e-02;2.968237e-01;1.496085e-01
3.782517e-02;9.162654e-02;7.119851e-02;1.447469e-01;7.243852e-02;5.482651e-02;3.928558e-02;5.329004e-02;2.616102e-02;7.662588e-02;2.858161e-01;4.615927e-02
4.127967e-02;1.126519e-01;1.280744e-01;1.816158e-01;6.531381e-02;8.049729e-02;2.466561e-02;6.865647e-02;2.023607e-02;5.945709e-02;1.959068e-01;2.164511e-02
4.080035e-02;9.093053e-02;1.464854e-01;1.737452e-01;7.375875e-02;9.839397e-02;3.699036e-02;5.753007e-02;3.634911e-02;5.612734e-02;1.317668e-01;5.712222e-02
4.084775e-02;7.328962e-02;1.225618e-01;1.663427e-01;1.125151e-01;1.288976e-01;4.558552e-02;8.289851e-02;4.551393e-02;6.225650e-02;5.577690e-02;6.351407e-02
3.137870e-02;8.176916e-02;1.548786e-01;1.792818e-01;1.219967e-01;1.146664e-01;4.078095e-02;1.195667e-01;3.555366e-02;4.960331e-02;2.914014e-02;4.138393e-02
3.154477e-02;7.981701e-02;1.467140e-01;1.838867e-01;1.080428e-01;1.215548e-01;4.248076e-02;1.360526e-01;2.976253e-02;5.677836e-02;4.275769e-02;2.060792e-02
3.685772e-02;6.991392e-02;1.370791e-01;2.001809e-01;9.836064e-02;9.604557e-02;4.687487e-02;1.719090e-01;2.658312e-02;6.080312e-02;3.233768e-02;2.305434e-02
3.656812e-02;5.336801e-02;1.609181e-01;1.694640e-01;9.952719e-02;1.340380e-01;4.821870e-02;1.389008e-01;4.595766e-02;3.295529e-02;3.723536e-02;4.284880e-02
4.292155e-02;6.004942e-02;2.025980e-01;1.213871e-01;8.079068e-02;9.356702e-02;5.501929e-02;9.363962e-02;6.059450e-02;3.986549e-02;1.027543e-01;4.681298e-02
2.844619e-02;5.634160e-02;2.194088e-01;7.128215e-02;4.692335e-02;1.186682e-01;4.887683e-02;1.236161e-01;5.336526e-02;4.179177e-02;1.419995e-01;4.928038e-02
2.285599e-02;7.076525e-02;2.427226e-01;1.135666e-01;3.672346e-02;8.769115e-02;3.826770e-02;9.605401e-02;5.082496e-02;2.375401e-02;1.506466e-01;6.612766e-02
2.561617e-02;6.100478e-02;2.358293e-01;1.601958e-01;4.106119e-02;6.716290e-02;2.643726e-02;7.531774e-02;5.459408e-02;1.548987e-02;1.723899e-01;6.490109e-02
1.665123e-02;8.027783e-02;2.480821e-01;1.586790e-01;4.868909e-02;5.614072e-02;3.119967e-02;8.774997e-02;4.044288e-02;3.187485e-02;1.348308e-01;6.538188e-02
2.924231e-02;1.266932e-01;3.168495e-01;1.190587e-01;3.618156e-02;6.522854e-02;2.244388e-02;7.718147e-02;2.982297e-02;3.073527e-02;8.989166e-02;5.667098e-02
6.118851e-02;1.717315e-01;3.544527e-01;4.842174e-02;5.306120e-02;7.204292e-02;2.808145e-02;6.353880e-02;3.023013e-02;3.680189e-02;5.710697e-02;2.334208e-02
7.033962e-02;1.482158e-01;2.750056e-01;7.848854e-02;6.853731e-02;9.559482e-02;2.451853e-02;6.858579e-02;4.173058e-02;3.391221e-02;4.766811e-02;4.740306e-02
6.295960e-02;8.077828e-02;1.621661e-01;1.429991e-01;8.532284e-02;1.130277e-01;3.168617e-02;7.342475e-02;5.457579e-02;3.138570e-02;8.193637e-02;7.973763e-02
4.711775e-02;7.039867e-02;1.815165e-01;1.205685e-01;7.879708e-02;1.324770e-01;2.729433e-02;9.051740e-02;4.923018e-02;2.783331e-02;7.617491e-02;9.807440e-02
3.354336e-02;7.246746e-02;2.004203e-01;6.514769e-02;9.358507e-02;1.467479e-01;3.689757e-02;1.150938e-01;4.497476e-02;3.435212e-02;6.094852e-02;9.582142e-02
1.845251e-02;9.978395e-02;1.657579e-01;6.463721e-02;9.887388e-02;1.849793e-01;3.421478e-02;1.141939e-01;5.521820e-02;4.429237e-02;5.275959e-02;6.683644e-02
1.907209e-02;1.034160e-01;1.825861e-01;7.086212e-02;8.667473e-02;1.816705e-01;5.685295e-02;8.951345e-02;6.533767e-02;6.488404e-02;3.783720e-02;4.129311e-02
3.310477e-02;1.247597e-01;2.523630e-01;6.444976e-02;7.919520e-02;1.019104e-01;8.571704e-02;5.993188e-02;6.403930e-02;8.232638e-02;1.590843e-02;3.629414e-02
3.918863e-02;1.826226e-01;2.962153e-01;3.846547e-02;5.389806e-02;6.496610e-02;7.292780e-02;5.868876e-02;4.803740e-02;8.079433e-02;2.045828e-02;4.373723e-02
3.521139e-02;2.517006e-01;2.489244e-01;3.093762e-02;3.557685e-02;8.714352e-02;4.330079e-02;6.651497e-02;6.501065e-02;5.520124e-02;3.548749e-02;4.499046e-02
3.136873e-02;2.683111e-01;1.865339e-01;5.286961e-02;4.024857e-02;9.245152e-02;4.501120e-02;4.864760e-02;1.042597e-01;5.430813e-02;4.679027e-02;2.919973e-02
4.322333e-02;2.275416e-01;1.614181e-01;6.476336e-02;3.538955e-02;9.021535e-02;7.612384e-02;5.450659e-02;8.540681e-02;8.789221e-02;4.894583e-02;2.457345e-02
5.419971e-02;1.915623e-01;1.123111e-01;6.297489e-02;3.803585e-02;5.599229e-02;1.355319e-01;8.041883e-02;7.023918e-02;1.156940e-01;5.178091e-02;3.125913e-02
7.069819e-02;1.793625e-01;1.563936e-01;5.635856e-02;5.447312e-02;4.838012e-02;1.184422e-01;1.051857e-01;5.110531e-02;7.993835e-02;5.160422e-02;2.805802e-02
8.756761e-02;1.129327e-01;1.124774e-01;8.160049e-02;5.561346e-02;1.711150e-01;5.705603e-02;1.309251e-01;4.844734e-02;3.886370e-02;4.893953e-02;5.446169e-02
7.466172e-02;1.414926e-01;1.402380e-01;8.818135e-02;4.593786e-02;1.775639e-01;3.840781e-02;9.676361e-02;6.755625e-02;2.878740e-02;5.839409e-02;4.201536e-02
4.838906e-02;1.328998e-01;2.069088e-01;7.473039e-02;5.827007e-02;1.130038e-01;5.981285e-02;7.014078e-02;7.201917e-02;4.026016e-02;7.050478e-02;5.306041e-02
2.918540e-02;8.628374e-02;2.452793e-01;1.116173e-01;5.954790e-02;1.151653e-01;6.620122e-02;6.203023e-02;6.494338e-02;5.749824e-02;3.795853e-02;6.428943e-02
3.397935e-02;9.836488e-02;2.373674e-01;1.116131e-01;4.080310e-02;1.274815e-01;4.917245e-02;7.058987e-02;7.617646e-02;6.484002e-02;5.835743e-02;3.125440e-02
5.741193e-02;6.318936e-02;1.876029e-01;1.200690e-01;5.007187e-02;1.114332e-01;3.726142e-02;7.440019e-02;8.207861e-02;5.510900e-02;5.974876e-02;1.016237e-01
3.461108e-02;1.934563e-01;2.836056e-01;7.841814e-02;4.370079e-02;9.160503e-02;3.334605e-02;5.440678e-02;5.115311e-02;2.491343e-02;1.777894e-02;9.300479e-02
4.397609e-02;2.109487e-01;3.259760e-01;6.027893e-02;3.765757e-02;9.447408e-02;2.771831e-02;4.993678e-02;3.925660e-02;2.494634e-02;2.030503e-02;6.452561e-02
7.064198e-02;1.732637e-01;2.137323e-01;8.911774e-02;3.605492e-02;1.155492e-01;2.936378e-02;7.410801e-02;5.411866e-02;5.339868e-02;4.891390e-02;4.173724e-02
7.847335e-02;1.574577e-01;1.223048e-01;1.228363e-01;3.596850e-02;9.049740e-02;4.418935e-02;1.034169e-01;5.641715e-02;6.401630e-02;1.026773e-01;2.174500e-02
4.642712e-02;1.650489e-01;2.426894e-01;1.109313e-01;6.259310e-02;5.016245e-02;3.963044e-02;9.906723e-02;3.708204e-02;4.256732e-02;8.226805e-02;2.153270e-02
4.339373e-02;2.017737e-01;2.631499e-01;9.250672e-02;5.061903e-02;7.731009e-02;4.238155e-02;7.497995e-02;4.083327e-02;3.586129e-02;3.975957e-02;3.743119e-02
5.623055e-02;1.877783e-01;2.293931e-01;1.069988e-01;2.380577e-02;7.895860e-02;9.164754e-02;5.356595e-02;3.652103e-02;5.194360e-02;3.129999e-02;5.185672e-02
5.960204e-02;1.609106e-01;1.726978e-01;9.156808e-02;4.251831e-02;1.057879e-01;1.235538e-01;3.527115e-02;5.741915e-02;5.019755e-02;3.553039e-02;6.494328e-02
5.917059e-02;1.004270e-01;1.742862e-01;3.926606e-02;9.217903e-02;1.775380e-01;6.572960e-02;4.331668e-02;9.565796e-02;4.507143e-02;4.685553e-02;6.050183e-02
4.465186e-02;5.901289e-02;1.420971e-01;3.132972e-02;1.488925e-01;1.651745e-01;6.058683e-02;4.358155e-02;1.553583e-01;4.668491e-02;4.974100e-02;5.288878e-02
1.953791e-02;4.457721e-02;1.209671e-01;2.453127e-02;1.572979e-01;1.464011e-01;7.007538e-02;5.525677e-02;1.784961e-01;8.788241e-02;4.852669e-02;4.645010e-02
3.061466e-02;3.618273e-02;1.028233e-01;1.481503e-02;1.064000e-01;2.220181e-01;5.947927e-02;4.319732e-02;1.397174e-01;1.579844e-01;5.523499e-02;3.153290e-02
3.947129e-02;2.534552e-02;8.199875e-02;1.092923e-02;4.446341e-02;3.123874e-01;1.007867e-01;3.303146e-02;7.940555e-02;1.900855e-01;5.604756e-02;2.604767e-02
2.717866e-02;5.368155e-02;7.516320e-02;2.009420e-02;3.298776e-02;2.805147e-01;2.144062e-01;3.839442e-02;5.737451e-02;1.300664e-01;5.460726e-02;1.553118e-02
2.156208e-02;5.233857e-02;6.974350e-02;3.811672e-02;4.544440e-02;2.038381e-01;3.188939e-01;4.118049e-02;6.298762e-02;5.926987e-02;6.114165e-02;2.548307e-02
2.619633e-02;3.515657e-02;6.466114e-02;3.137663e-02;2.726025e-02;2.030893e-01;2.596957e-01;5.883357e-02;1.002652e-01;1.017501e-01;6.759326e-02;2.412197e-02
2.484086e-02;3.473626e-02;5.839450e-02;2.449919e-02;2.454950e-02;1.958187e-01;1.263708e-01;4.674415e-02;1.795502e-01;1.948574e-01;6.914920e-02;2.048917e-02
2.588397e-02;3.728287e-02;6.098318e-02;2.631543e-02;2.047155e-02;1.282497e-01;7.195859e-02;8.149525e-02;2.510482e-01;2.018838e-01;5.236538e-02;4.206204e-02
4.181761e-02;5.975998e-02;7.371418e-02;2.714386e-02;2.630075e-02;8.838239e-02;7.074516e-02;1.431995e-01;2.571489e-01;1.338589e-01;3.719919e-02;4.072962e-02
5.310427e-02;1.297966e-01;1.078572e-01;3.122489e-02;2.502605e-02;7.476915e-02;7.172520e-02;1.425730e-01;1.612204e-01;1.333554e-01;2.920069e-02;4.014720e-02
4.521292e-02;1.887263e-01;1.632189e-01;3.492354e-02;1.482515e-02;6.030881e-02;6.340694e-02;9.317826e-02;9.518325e-02;1.877453e-01;2.067860e-02;3.259203e-02
4.454609e-02;2.511580e-01;2.447652e-01;3.520663e-02;9.878357e-03;7.047136e-02;4.134402e-02;4.633100e-02;9.621889e-02;1.136846e-01;2.595076e-02;2.044513e-02
3.583095e-02;2.418164e-01;3.233714e-01;3.809006e-02;2.304163e-02;7.463592e-02;3.323440e-02;4.371104e-02;6.376453e-02;7.647824e-02;2.641918e-02;1.960617e-02
3.378096e-02;1.816454e-01;3.490283e-01;3.453682e-02;2.103048e-02;7.785375e-02;3.989445e-02;2.220485e-02;7.479433e-02;1.157117e-01;2.858165e-02;2.093729e-02
2.992479e-02;1.369394e-01;3.528923e-01;2.736824e-02;2.826994e-02;7.404008e-02;3.979647e-02;3.113611e-02;1.181793e-01;9.959788e-02;3.055238e-02;3.130307e-02
2.221819e-02;1.214645e-01;2.841482e-01;7.173945e-02;4.273107e-02;1.284549e-01;4.260916e-02;5.946106e-02;1.193756e-01;4.757155e-02;3.514112e-02;2.508526e-02
2.495363e-02;7.219894e-02;1.497618e-01;9.908770e-02;2.997789e-02;2.670968e-01;7.287592e-02;7.753080e-02;7.039340e-02;4.371087e-02;6.849119e-02;2.392115e-02
2.982385e-02;8.320618e-02;2.001464e-01;7.576749e-02;5.544404e-02;2.551489e-01;6.796014e-02;7.002089e-02;5.163393e-02;3.397893e-02;5.751922e-02;1.935010e-02
3.708638e-02;1.345621e-01;3.331205e-01;3.981911e-02;5.145373e-02;1.351193e-01;4.880320e-02;4.246191e-02;6.006251e-02;4.870051e-02;4.039910e-02;2.841162e-02
2.155480e-02;1.506343e-01;2.771195e-01;4.397175e-02;3.086982e-02;1.856997e-01;5.760743e-02;3.689559e-02;7.726665e-02;6.315354e-02;2.556483e-02;2.966214e-02
3.053246e-02;1.114334e-01;1.919498e-01;6.767318e-02;4.848988e-02;1.718830e-01;6.909084e-02;5.023866e-02;1.173976e-01;7.309036e-02;3.512601e-02;3.309485e-02
4.351769e-02;1.275880e-01;2.469484e-01;5.660234e-02;3.336076e-02;1.320157e-01;7.689709e-02;5.622955e-02;1.073607e-01;4.533571e-02;4.671541e-02;2.742855e-02
4.234219e-02;1.422073e-01;2.802865e-01;3.616207e-02;4.203212e-02;1.333568e-01;7.340267e-02;6.835700e-02;9.198517e-02;4.079437e-02;3.397656e-02;1.509725e-02
3.939246e-02;1.495364e-01;2.751849e-01;4.384919e-02;3.989444e-02;1.482653e-01;4.818225e-02;7.296829e-02;8.124812e-02;4.677798e-02;3.205460e-02;2.264607e-02
3.046260e-02;7.703647e-02;2.672091e-01;5.068229e-02;3.335755e-02;2.288420e-01;4.210896e-02;6.532041e-02;7.633652e-02;5.433834e-02;4.089061e-02;3.341513e-02
1.486270e-02;7.258411e-02;2.259127e-01;5.515184e-02;7.368175e-02;1.970610e-01;7.089835e-02;8.137099e-02;9.304933e-02;3.973035e-02;4.493158e-02;3.076530e-02
3.011426e-02;9.064463e-02;2.300652e-01;5.427573e-02;5.718121e-02;1.671991e-01;6.862886e-02;8.068682e-02;1.077815e-01;4.273126e-02;3.802415e-02;3.266730e-02
4.957491e-02;1.254550e-01;2.520361e-01;8.525441e-02;5.060724e-02;1.290545e-01;4.097449e-02;6.477010e-02;8.573648e-02;5.471435e-02;2.197994e-02;3.984245e-02
5.182197e-02;7.279866e-02;1.866387e-01;1.370317e-01;8.231158e-02;1.341099e-01;4.028682e-02;7.865459e-02;9.891595e-02;5.742984e-02;2.503586e-02;3.496443e-02
3.639212e-02;1.113145e-01;2.013654e-01;1.058915e-01;7.748512e-02;2.363233e-01;4.667827e-02;4.208986e-02;6.137196e-02;3.358000e-02;2.385174e-02;2.365633e-02
2.710790e-02;1.584512e-01;3.194141e-01;5.458188e-02;3.938972e-02;2.210164e-01;3.566926e-02;3.311072e-02;4.437545e-02;2.622400e-02;2.160826e-02;1.905110e-02
2.990385e-02;1.752716e-01;3.516772e-01;2.993360e-02;3.790992e-02;1.856217e-01;3.277120e-02;3.943247e-02;4.754464e-02;2.079817e-02;2.403884e-02;2.509679e-02
3.394845e-02;2.155207e-01;3.268118e-01;3.613088e-02;3.509101e-02;1.410113e-01;4.640328e-02;4.236495e-02;4.302449e-02;1.754385e-02;2.927506e-02;3.287425e-02
2.808701e-02;2.061025e-01;3.064098e-01;6.496746e-02;3.595248e-02;1.208642e-01;4.696551e-02;5.462639e-02;4.519575e-02;2.860577e-02;3.218830e-02;3.003472e-02
3.079884e-02;1.570961e-01;3.033631e-01;9.535405e-02;4.819009e-02;8.010580e-02;5.776088e-02;8.456217e-02;4.849172e-02;3.602071e-02;3.390176e-02;2.435482e-02
3.046825e-02;1.610675e-01;2.394920e-01;1.032311e-01;5.696147e-02;1.344107e-01;4.503472e-02;7.630594e-02;5.384043e-02;3.606400e-02;4.498811e-02;1.813594e-02
3.714919e-02;1.133401e-01;1.821571e-01;1.256257e-01;8.101737e-02;1.467884e-01;3.430803e-02;6.966556e-02;8.488343e-02;4.503721e-02;5.610277e-02;2.392520e-02
3.550187e-02;1.172486e-01;2.140518e-01;1.112505e-01;8.622417e-02;1.629608e-01;3.165203e-02;7.280561e-02;7.977953e-02;3.580376e-02;3.342139e-02;1.929986e-02
2.775638e-02;1.761353e-01;2.694328e-01;1.062244e-01;5.970525e-02;1.309070e-01;4.403559e-02;3.704192e-02;7.197792e-02;2.743326e-02;1.919624e-02;3.015389e-02
5.054012e-02;2.069551e-01;1.858681e-01;8.593975e-02;4.904744e-02;1.410361e-01;6.690439e-02;3.686697e-02;6.865061e-02;4.187586e-02;2.363536e-02;4.268029e-02
5.865080e-02;1.474124e-01;2.014732e-01;5.249248e-02;5.414433e-02;1.835928e-01;5.729202e-02;5.062162e-02;7.562844e-02;5.131165e-02;4.073777e-02;2.664254e-02
5.253386e-02;1.751814e-01;2.515698e-01;3.847655e-02;4.943481e-02;1.516318e-01;3.028795e-02;6.209198e-02;7.184578e-02;4.729228e-02;3.492991e-02;3.472380e-02
3.828191e-02;1.908898e-01;2.301429e-01;4.131478e-02;5.529350e-02;1.477052e-01;4.578449e-02;5.083371e-02;6.093939e-02;4.009491e-02;3.013710e-02;6.858233e-02
3.944610e-02;2.062655e-01;1.389922e-01;6.276227e-02;5.898245e-02;1.560394e-01;4.124869e-02;5.184893e-02;8.152787e-02;5.239499e-02;3.383254e-02;7.665893e-02
3.859875e-02;1.657788e-01;2.225220e-01;6.677535e-02;4.528441e-02;1.187293e-01;3.121042e-02;7.695825e-02;8.231866e-02;4.838368e-02;4.214813e-02;6.129226e-02
5.137034e-02;1.528908e-01;2.868907e-01;6.293540e-02;2.972907e-02;8.059536e-02;3.299394e-02;6.051424e-02;7.381588e-02;3.662301e-02;7.758851e-02;5.405276e-02
4.529708e-02;1.985419e-01;2.827122e-01;2.671632e-02;2.903901e-02;1.169791e-01;3.188208e-02;4.822702e-02;6.923219e-02;2.197419e-02;6.985563e-02;5.954330e-02
4.103840e-02;1.896436e-01;2.793471e-01;3.253292e-02;3.161620e-02;1.354255e-01;1.696941e-02;6.987212e-02;8.311536e-02;2.648233e-02;4.880017e-02;4.515687e-02
2.271199e-02;1.863358e-01;3.158690e-01;4.471744e-02;1.946076e-02;1.333202e-01;2.759487e-02;7.157282e-02;7.077111e-02;3.454263e-02;4.243838e-02;3.066505e-02
2.478901e-02;2.258351e-01;3.350129e-01;5.650022e-02;2.152018e-02;7.456557e-02;3.322405e-02;4.714334e-02;6.872880e-02;3.231753e-02;4.276366e-02;3.759966e-02
4.566371e-02;2.060596e-01;2.617205e-01;7.109448e-02;3.010700e-02;9.845044e-02;3.635686e-02;3.577895e-02;7.626502e-02;3.956347e-02;4.861568e-02;5.032418e-02
4.644013e-02;1.481929e-01;2.133558e-01;7.346558e-02;5.562581e-02;1.417241e-01;3.595519e-02;6.998303e-02;6.245184e-02;4.681520e-02;4.807169e-02;5.791877e-02
3.549693e-02;1.365265e-01;2.551557e-01;4.962340e-02;4.803834e-02;1.155211e-01;4.368278e-02;1.174557e-01;7.099006e-02;5.046343e-02;3.251348e-02;4.453258e-02
1.812913e-02;1.055077e-01;3.043353e-01;3.627338e-02;5.107526e-02;1.318007e-01;5.846818e-02;1.004430e-01;6.200907e-02;5.719483e-02;2.689576e-02;4.786765e-02
1.668164e-02;1.210978e-01;3.221793e-01;3.098078e-02;3.106163e-02;2.224617e-01;3.441138e-02;4.030855e-02;6.610499e-02;4.494755e-02;2.796529e-02;4.179936e-02
3.085484e-02;1.698629e-01;2.714867e-01;2.599982e-02;1.963139e-02;1.929601e-01;5.403441e-02;5.372500e-02;8.070455e-02;3.661595e-02;3.808469e-02;2.603969e-02
4.395651e-02;1.230389e-01;1.640322e-01;2.784716e-02;2.680647e-02;1.717481e-01;8.871979e-02;1.081602e-01;1.153009e-01;3.791251e-02;6.070711e-02;3.177013e-02
3.306320e-02;4.210573e-02;1.029117e-01;3.044182e-02;2.073481e-02;2.065637e-01;1.498554e-01;1.366108e-01;1.381340e-01;3.971885e-02;6.255434e-02;3.730565e-02
4.464930e-02;1.358383e-01;1.524232e-01;2.489830e-02;2.435604e-02;1.367625e-01;1.522583e-01;1.252307e-01;9.160192e-02;3.433378e-02;3.512272e-02;4.252484e-02
4.122040e-02;2.290117e-01;2.139827e-01;2.786772e-02;3.446373e-02;9.693269e-02;9.706197e-02;1.013496e-01;9.772097e-02;2.692844e-02;1.171472e-02;2.174539e-02
2.249602e-02;1.922328e-01;2.710117e-01;5.081858e-02;4.437633e-02;1.004345e-01;7.735528e-02;8.668788e-02;9.337444e-02;4.007527e-02;1.338035e-02;7.756734e-03
1.167060e-02;1.133481e-01;2.464762e-01;8.938595e-02;6.329258e-02;1.259494e-01;6.324571e-02;9.693576e-02;6.741277e-02;9.681371e-02;1.681682e-02;8.652385e-03
6.257726e-03;5.770409e-02;1.618066e-01;1.129170e-01;1.228427e-01;1.883586e-01;3.849034e-02;7.705304e-02;6.002143e-02;1.429811e-01;1.836581e-02;1.320160e-02
5.858392e-03;2.737299e-02;5.698336e-02;8.023740e-02;1.873095e-01;3.006251e-01;6.163574e-02;3.707889e-02;1.189300e-01;8.652768e-02;1.472328e-02;2.271770e-02
1.974183e-02;3.980628e-02;1.040496e-01;5.210916e-02;1.487966e-01;3.893141e-01;4.561234e-02;3.474221e-02;1.029663e-01;2.568990e-02;8.358674e-03;2.881294e-02
4.608224e-02;6.837324e-02;1.426741e-01;4.169069e-02;8.465398e-02;4.757556e-01;1.773674e-02;3.011610e-02;4.361095e-02;1.948219e-02;3.868528e-03;2.595562e-02
6.522080e-02;8.113929e-02;1.088274e-01;3.819804e-02;7.398147e-02;5.130455e-01;2.325568e-02;3.789791e-02;2.341229e-02;1.622576e-02;4.509112e-03;1.428667e-02
5.546452e-02;8.836655e-02;5.589822e-02;2.161878e-02;3.812096e-02;4.831989e-01;7.552104e-02;1.326689e-01;2.331174e-02;1.414740e-02;8.127863e-03;3.555172e-03
2.548892e-02;1.108966e-01;6.111595e-02;1.190817e-02;1.830246e-02;3.701202e-01;1.248980e-01;2.328582e-01;2.272930e-02;8.933003e-03;1.085572e-02;1.893434e-03
1.036574e-02;1.122277e-01;6.384346e-02;1.423826e-02;2.205259e-02;1.934619e-01;1.481063e-01;3.765222e-01;3.532211e-02;8.936514e-03;1.019641e-02;4.726848e-03
9.770753e-03;8.178347e-02;8.081159e-02;1.097978e-02;1.316981e-02;1.970020e-01;1.027634e-01;4.259631e-01;5.360999e-02;1.054473e-02;8.466201e-03;5.135215e-03
8.106098e-03;7.064550e-02;1.066322e-01;1.522924e-02;1.900000e-02;1.817168e-01;8.520050e-02;4.054509e-01;8.274142e-02;1.269380e-02;7.216806e-03;5.366717e-03
1.482003e-02;5.598647e-02;8.968651e-02;2.224621e-02;2.418865e-02;3.308071e-01;9.246832e-02;2.614142e-01;8.082166e-02;1.363527e-02;6.232508e-03;7.693131e-03
2.495455e-02;7.572930e-02;1.288561e-01;3.718806e-02;3.688511e-02;3.675788e-01;9.715129e-02;1.163124e-01;7.075868e-02;2.154037e-02;1.247982e-02;1.056545e-02
2.264655e-02;1.087483e-01;1.502941e-01;5.790360e-02;8.132772e-02;2.699446e-01;9.277408e-02;1.026885e-01;5.751131e-02;3.208425e-02;1.182005e-02;1.225693e-02
2.315743e-02;1.299790e-01;1.437447e-01;5.222131e-02;1.061543e-01;2.541940e-01;9.049366e-02;7.328477e-02;5.899236e-02;3.274900e-02;1.474149e-02;2.028808e-02
2.917019e-02;1.345406e-01;1.677061e-01;3.146923e-02;8.490987e-02;2.334197e-01;7.414813e-02;1.250746e-01;5.360810e-02;2.071087e-02;1.863186e-02;2.661071e-02
1.314951e-02;8.072269e-02;1.157600e-01;2.817984e-02;6.287797e-02;3.706479e-01;6.072114e-02;1.602025e-01;5.939768e-02;1.654928e-02;1.490617e-02;1.688535e-02
1.995279e-02;6.492127e-02;6.253918e-02;3.816419e-02;7.466815e-02;3.087996e-01;8.082295e-02;2.070132e-01;8.784428e-02;2.701562e-02;2.124337e-02;7.015407e-03
3.379863e-02;5.219179e-02;7.624055e-02;5.440264e-02;6.859767e-02;1.705920e-01;1.172360e-01;2.099628e-01;1.205523e-01;4.329651e-02;2.773138e-02;2.539769e-02
6.351329e-02;6.406132e-02;7.956254e-02;6.495292e-02;4.544462e-02;2.207093e-01;1.439310e-01;1.370212e-01;9.092804e-02;4.599433e-02;1.842047e-02;2.546109e-02
7.445550e-02;6.563128e-02;8.598664e-02;6.318700e-02;5.036591e-02;3.520742e-01;1.200012e-01;5.899690e-02;4.803082e-02;4.288788e-02;8.382037e-03;3.000060e-02
4.881106e-02;4.774472e-02;7.613745e-02;6.286465e-02;1.106542e-01;3.559622e-01;8.249717e-02;8.557429e-02;3.769001e-02;2.246348e-02;1.290765e-02;5.669317e-02
2.411047e-02;5.820797e-02;9.206533e-02;9.859691e-02;1.460824e-01;2.882436e-01;5.457476e-02;9.868661e-02;3.269767e-02;9.413131e-03;2.859087e-02;6.873035e-02
2.693478e-02;1.034647e-01;1.811873e-01;1.205705e-01;9.695628e-02;2.063462e-01;3.694802e-02;9.963944e-02;3.687501e-02;9.868810e-03;3.398995e-02;4.721892e-02
4.485664e-02;1.448635e-01;2.478181e-01;8.960747e-02;3.994314e-02;1.918702e-01;3.861779e-02;8.602886e-02;5.504328e-02;1.041460e-02;2.604710e-02;2.488932e-02
3.430153e-02;7.403795e-02;8.351229e-02;5.074883e-02;6.478958e-02;3.497508e-01;3.577993e-02;2.094337e-01;6.170488e-02;1.150127e-02;1.297034e-02;1.146891e-02
2.049969e-02;6.610639e-02;1.186226e-01;8.005160e-02;5.796523e-02;2.768038e-01;2.172020e-02;2.603550e-01;5.442176e-02;1.338719e-02;1.324473e-02;1.682175e-02
2.067759e-02;7.256515e-02;1.488977e-01;8.269070e-02;8.856094e-02;2.050493e-01;3.909967e-02;2.344089e-01;5.526245e-02;1.580694e-02;1.568906e-02;2.129154e-02
3.145281e-02;7.761961e-02;1.569550e-01;5.308207e-02;8.361338e-02;2.480274e-01;6.139176e-02;1.753514e-01;4.582878e-02;1.952506e-02;1.614312e-02;3.100958e-02
2.534333e-02;9.062560e-02;1.491905e-01;3.710046e-02;4.623090e-02;2.449657e-01;7.815818e-02;1.794580e-01;6.095272e-02;2.335585e-02;1.653748e-02;4.808129e-02
4.090025e-02;4.526408e-02;9.899272e-02;3.843842e-02;5.901735e-02;2.615474e-01;8.601656e-02;2.120737e-01;8.035876e-02;2.540405e-02;8.940041e-03;4.304671e-02
4.574918e-02;5.393402e-02;6.740209e-02;2.338410e-02;5.137459e-02;3.149630e-01;5.325506e-02;2.556682e-01;8.197474e-02;2.303890e-02;1.033622e-02;1.891988e-02
2.862675e-02;6.374650e-02;1.015824e-01;3.169364e-02;3.816516e-02;3.485406e-01;4.037279e-02;2.501334e-01;5.346535e-02;1.723055e-02;1.160745e-02;1.483543e-02
2.213311e-02;7.775603e-02;1.212104e-01;5.005412e-02;7.451878e-02;3.273069e-01;4.743552e-02;2.042250e-01;3.471499e-02;1.540489e-02;1.092700e-02;1.431326e-02
3.047518e-02;9.441923e-02;1.178764e-01;5.521121e-02;7.642936e-02;3.195271e-01;5.120975e-02;1.644405e-01;3.857923e-02;2.519414e-02;1.752869e-02;9.109233e-03
4.270993e-02;1.293550e-01;1.446547e-01;7.651715e-02;9.221519e-02;1.858104e-01;2.494902e-02;1.315650e-01;4.142180e-02;4.859886e-02;5.265774e-02;2.954517e-02
2.090263e-02;1.080608e-01;2.277468e-01;8.842435e-02;7.783002e-02;1.757865e-01;4.588777e-02;5.419914e-02;4.092772e-02;8.271464e-02;4.137079e-02;3.614889e-02
1.728914e-02;1.380624e-01;2.277826e-01;8.810947e-02;6.475507e-02;1.386808e-01;4.097589e-02;4.504710e-02;6.999610e-02;1.118988e-01;1.878324e-02;3.861935e-02
3.803870e-02;1.780609e-01;1.550109e-01;7.725343e-02;5.444242e-02;1.067818e-01;4.839058e-02;7.563386e-02;1.108418e-01;1.080914e-01;2.193803e-02;2.551626e-02
8.866102e-02;1.614557e-01;5.708557e-02;5.971932e-02;8.903866e-02;6.979293e-02;7.650638e-02;1.507711e-01;1.162999e-01;7.180295e-02;3.881464e-02;2.005190e-02
1.615668e-01;8.811751e-02;5.954850e-02;3.462530e-02;1.468817e-01;4.525815e-02;7.647865e-02;2.468754e-01;6.084670e-02;2.923678e-02;3.040656e-02;2.015809e-02
2.141756e-01;4.652184e-02;5.720250e-02;3.330027e-02;1.575133e-01;6.155606e-02;3.839312e-02;3.061802e-01;2.815164e-02;2.311021e-02;1.761556e-02;1.627970e-02
2.150663e-01;3.846508e-02;4.929680e-02;3.073990e-02;1.114543e-01;7.238686e-02;4.862566e-02;3.020736e-01;5.813387e-02;1.925839e-02;1.882878e-02;3.567050e-02
1.782311e-01;4.652783e-02;4.580131e-02;3.597464e-02;4.832244e-02;1.098488e-01;6.295147e-02;2.431142e-01;1.231022e-01;3.625310e-02;2.329438e-02;4.657854e-02
1.356607e-01;4.917324e-02;4.426135e-02;4.169341e-02;3.391915e-02;1.600313e-01;9.602235e-02;1.665221e-01;1.404336e-01;6.782232e-02;1.800763e-02;4.645280e-02
1.181322e-01;3.759467e-02;2.862608e-02;3.753760e-02;5.615937e-02;1.552869e-01;1.159811e-01;1.979220e-01;1.198673e-01;6.420938e-02;1.761561e-02;5.106789e-02
1.176871e-01;4.083212e-02;2.789204e-02;2.316022e-02;1.296648e-01;1.046821e-01;9.989990e-02;2.611138e-01;8.735911e-02;5.656189e-02;1.887106e-02;3.227590e-02
9.173065e-02;8.996047e-02;3.459355e-02;3.363964e-02;1.341140e-01;1.107763e-01;8.176885e-02;2.339484e-01;8.565757e-02;6.615733e-02;1.828815e-02;1.936493e-02
3.983022e-02;1.585204e-01;6.195111e-02;4.076450e-02;6.126933e-02;2.217051e-01;6.753811e-02;1.562564e-01;9.658688e-02;5.325875e-02;1.467579e-02;2.764338e-02
2.304429e-02;2.035615e-01;1.657951e-01;4.102765e-02;4.191853e-02;1.957750e-01;3.970474e-02;1.281383e-01;6.559110e-02;4.882264e-02;1.300132e-02;3.361983e-02
2.613861e-02;2.160061e-01;2.779964e-01;3.010926e-02;4.109293e-02;1.030164e-01;7.447113e-02;1.020643e-01;3.432248e-02;6.212503e-02;1.370835e-02;1.894891e-02
3.065265e-02;2.011537e-01;3.306287e-01;4.337954e-02;5.649097e-02;4.590234e-02;8.655895e-02;8.755033e-02;3.623333e-02;4.517816e-02;2.369512e-02;1.257625e-02
3.728316e-02;1.930445e-01;2.942398e-01;7.235478e-02;5.941866e-02;6.487922e-02;5.704712e-02;9.797506e-02;4.238451e-02;2.601345e-02;2.809556e-02;2.726415e-02
7.000802e-02;2.112935e-01;2.046327e-01;7.354312e-02;4.112820e-02;1.135780e-01;3.280952e-02;1.231550e-01;4.717685e-02;2.883892e-02;1.593602e-02;3.790015e-02
8.491349e-02;2.067905e-01;1.710314e-01;4.182410e-02;5.529392e-02;1.547454e-01;6.408922e-02;9.191374e-02;4.556255e-02;4.118927e-02;1.274039e-02;2.990600e-02
5.288479e-02;1.923905e-01;2.497270e-01;4.745021e-02;6.597798e-02;1.321363e-01;5.760596e-02;8.067432e-02;4.973523e-02;2.340744e-02;1.619977e-02;3.181051e-02
3.720687e-02;1.475357e-01;2.695889e-01;5.923017e-02;6.344042e-02;9.737253e-02;5.693593e-02;1.167156e-01;7.853276e-02;1.086592e-02;2.739464e-02;3.518055e-02
6.575184e-02;1.209643e-01;1.989591e-01;6.193940e-02;6.557428e-02;1.193808e-01;5.012910e-02;1.108401e-01;8.534148e-02;4.742766e-02;2.881611e-02;4.487585e-02
1.146408e-01;1.247983e-01;1.663239e-01;4.348007e-02;7.394642e-02;9.597504e-02;3.861875e-02;1.384585e-01;6.589665e-02;7.261086e-02;1.360625e-02;5.164443e-02
1.214149e-01;1.252985e-01;1.582413e-01;2.336396e-02;7.245502e-02;1.344911e-01;3.293196e-02;1.708713e-01;5.058480e-02;6.425699e-02;1.302162e-02;3.306848e-02
1.489220e-01;9.485381e-02;1.519467e-01;3.917034e-02;4.086583e-02;1.285720e-01;6.205175e-02;1.866900e-01;6.762331e-02;4.231199e-02;2.336099e-02;1.363127e-02
1.705986e-01;5.977606e-02;1.434203e-01;4.495081e-02;4.727625e-02;7.881291e-02;8.710847e-02;1.946851e-01;5.506179e-02;3.761157e-02;3.996778e-02;4.073038e-02
1.259240e-01;7.967135e-02;1.639696e-01;5.100212e-02;5.221752e-02;1.039072e-01;6.378266e-02;1.685147e-01;6.357542e-02;5.430077e-02;2.621604e-02;4.691849e-02
7.503776e-02;1.257130e-01;2.086557e-01;4.901771e-02;5.550997e-02;1.325949e-01;4.212185e-02;1.548375e-01;5.748123e-02;6.142408e-02;1.234600e-02;2.526042e-02
6.837560e-02;1.515851e-01;1.949773e-01;3.503558e-02;5.160656e-02;1.574732e-01;4.106241e-02;1.550608e-01;5.500451e-02;5.195520e-02;4.784780e-03;3.307895e-02
5.383978e-02;8.776356e-02;1.123872e-01;2.927459e-02;6.856927e-02;3.189277e-01;3.751796e-02;1.658431e-01;5.646772e-02;2.637967e-02;1.602231e-02;2.700710e-02
1.802432e-02;4.494840e-02;8.702520e-02;1.876269e-02;8.204798e-02;4.044582e-01;7.186916e-02;1.433039e-01;5.819969e-02;1.810888e-02;2.326261e-02;2.998902e-02
4.155184e-02;5.474925e-02;1.136174e-01;2.087349e-02;1.132656e-01;3.443504e-01;3.317645e-02;1.279904e-01;6.714789e-02;2.168298e-02;2.123951e-02;4.035478e-02
5.028084e-02;8.103819e-02;1.746764e-01;6.542367e-02;1.296529e-01;2.147699e-01;3.352684e-02;1.131172e-01;5.370750e-02;1.545186e-02;2.667235e-02;4.168241e-02
6.998164e-02;1.284762e-01;2.225346e-01;1.052627e-01;1.125007e-01;1.365982e-01;4.660282e-02;8.507769e-02;2.937428e-02;1.447241e-02;2.355180e-02;2.556699e-02
9.238239e-02;1.787263e-01;2.065613e-01;9.375376e-02;6.145516e-02;1.329428e-01;3.462022e-02;9.897796e-02;3.087212e-02;2.102777e-02;1.895386e-02;2.972640e-02
9.503935e-02;1.435133e-01;2.185512e-01;6.702640e-02;4.723261e-02;1.741141e-01;2.217502e-02;9.992401e-02;6.049836e-02;2.956707e-02;1.670571e-02;2.565286e-02
8.467282e-02;1.240236e-01;2.295308e-01;2.385075e-02;6.258409e-02;1.552156e-01;4.331976e-02;1.406049e-01;7.104019e-02;3.123843e-02;1.296444e-02;2.095466e-02
7.752528e-02;1.381258e-01;2.504010e-01;6.111282e-02;6.896162e-02;1.503355e-01;3.175041e-02;1.073385e-01;5.941325e-02;1.575688e-02;1.410531e-02;2.517351e-02
7.721411e-02;1.451440e-01;2.384024e-01;6.721753e-02;7.004741e-02;2.089226e-01;2.432001e-02;5.659977e-02;4.060953e-02;2.661126e-02;1.719932e-02;2.771211e-02
7.346953e-02;1.643488e-01;2.164193e-01;6.710951e-02;6.670249e-02;1.760668e-01;2.931753e-02;6.992249e-02;5.946072e-02;3.239935e-02;1.600760e-02;2.877589e-02
6.045419e-02;1.340494e-01;2.284328e-01;5.874020e-02;6.723791e-02;1.355750e-01;5.352550e-02;1.245171e-01;7.255742e-02;2.122538e-02;1.626326e-02;2.742193e-02
7.078272e-02;8.244193e-02;2.059271e-01;3.668929e-02;5.145559e-02;2.274728e-01;5.336182e-02;1.092191e-01;8.337218e-02;2.812664e-02;2.295706e-02;2.819386e-02
5.904588e-02;1.095013e-01;1.372631e-01;4.244485e-02;5.895437e-02;2.032187e-01;7.099018e-02;1.853410e-01;5.885521e-02;3.383584e-02;1.638174e-02;2.416791e-02
4.580583e-02;1.060260e-01;1.293845e-01;6.174060e-02;5.685742e-02;2.111848e-01;7.392679e-02;2.105312e-01;3.472095e-02;3.286191e-02;1.886068e-02;1.809937e-02
4.448031e-02;1.230385e-01;2.756541e-01;5.146929e-02;2.707490e-02;1.278598e-01;3.847710e-02;1.648786e-01;5.098491e-02;4.302152e-02;2.916314e-02;2.389783e-02
3.520373e-02;1.807073e-01;3.713857e-01;6.078573e-02;1.554765e-02;7.232022e-02;4.566207e-02;8.607446e-02;3.658907e-02;4.274423e-02;3.638345e-02;1.659643e-02
2.259837e-02;1.650768e-01;4.005156e-01;1.095959e-01;3.113754e-02;4.615808e-02;2.721570e-02;6.562345e-02;2.562551e-02;3.540454e-02;6.166122e-02;9.387318e-03
1.607934e-02;1.141480e-01;2.936281e-01;1.647010e-01;4.941060e-02;1.076678e-01;2.308170e-02;8.912176e-02;2.264184e-02;2.086966e-02;8.837535e-02;1.027482e-02
2.102261e-02;8.740624e-02;2.734611e-01;2.065838e-01;3.471274e-02;6.673842e-02;3.189459e-02;9.426796e-02;3.631487e-02;2.034050e-02;1.071350e-01;2.012227e-02
2.087063e-02;6.674945e-02;1.881173e-01;1.620630e-01;9.076642e-02;1.295657e-01;5.101715e-02;9.754488e-02;4.732542e-02;3.714088e-02;9.257457e-02;1.626470e-02
2.360380e-02;5.216172e-02;1.833379e-01;1.612698e-01;9.517866e-02;1.145566e-01;7.233565e-02;5.932276e-02;4.665542e-02;7.249157e-02;1.113450e-01;7.741175e-03
2.627127e-02;6.182683e-02;2.693944e-01;1.464601e-01;4.953646e-02;5.765269e-02;9.326056e-02;3.288648e-02;3.146753e-02;9.800588e-02;1.247898e-01;8.447973e-03
2.058345e-02;6.822887e-02;3.156435e-01;9.264068e-02;2.089916e-02;5.469446e-02;1.572957e-01;3.472072e-02;2.364596e-02;8.862282e-02;1.121109e-01;1.091382e-02
1.892137e-02;6.002871e-02;2.971849e-01;9.156438e-02;2.293978e-02;3.287876e-02;2.440357e-01;2.828675e-02;2.179799e-02;9.058901e-02;8.138458e-02;1.038813e-02
1.782331e-02;5.644482e-02;3.043329e-01;8.584556e-02;2.176905e-02;1.776459e-02;2.855898e-01;2.431893e-02;1.475218e-02;1.106025e-01;5.498107e-02;5.775325e-03
1.499688e-02;8.595210e-02;3.350056e-01;7.159456e-02;1.911886e-02;1.685886e-02;2.633052e-01;2.379224e-02;1.158909e-02;1.214800e-01;3.287585e-02;3.430762e-03
1.584918e-02;1.221182e-01;3.224444e-01;5.220963e-02;1.790905e-02;5.399984e-02;2.050764e-01;2.375274e-02;1.378160e-02;1.424634e-01;2.434484e-02;6.050814e-03
2.596422e-02;1.952247e-01;1.501849e-01;6.925891e-02;2.667797e-02;1.070061e-01;1.591372e-01;4.090377e-02;3.532898e-02;1.563188e-01;2.215824e-02;1.183613e-02
2.620931e-02;2.145393e-01;2.519270e-01;6.086587e-02;1.826564e-02;1.146496e-01;1.185667e-01;4.213954e-02;4.502669e-02;7.642300e-02;2.192481e-02;9.462417e-03
4.248398e-02;2.176709e-01;2.924961e-01;5.430088e-02;2.978211e-02;1.119506e-01;1.084423e-01;4.259017e-02;4.176087e-02;2.185385e-02;3.032372e-02;6.344487e-03
7.245670e-02;1.538645e-01;2.018499e-01;4.175781e-02;6.821208e-02;1.571527e-01;9.434033e-02;7.457130e-02;2.678561e-02;6.450865e-02;3.912585e-02;5.374528e-03
6.559189e-02;1.360612e-01;1.639564e-01;5.817550e-02;1.005173e-01;1.057150e-01;6.634471e-02;1.090013e-01;3.820741e-02;1.087108e-01;3.311045e-02;1.460802e-02
4.722787e-02;1.773245e-01;1.358059e-01;5.431779e-02;6.762462e-02;1.235940e-01;5.197909e-02;7.683127e-02;7.877009e-02;1.074563e-01;4.186169e-02;3.720691e-02
6.236235e-02;1.603069e-01;1.788428e-01;4.645455e-02;4.174759e-02;1.462044e-01;4.794678e-02;6.151940e-02;9.017943e-02;7.388030e-02;4.277042e-02;4.778510e-02
8.023328e-02;9.104034e-02;2.867320e-01;8.008142e-02;3.639820e-02;6.728106e-02;8.732709e-02;3.806333e-02;7.526803e-02;8.981263e-02;3.878220e-02;2.898047e-02
8.777670e-02;4.969631e-02;2.927556e-01;1.272346e-01;2.776983e-02;4.142706e-02;9.795200e-02;2.395861e-02;1.034206e-01;1.016808e-01;3.424834e-02;1.207960e-02
7.415602e-02;4.416437e-02;3.129619e-01;1.460302e-01;2.851969e-02;4.250257e-02;7.480227e-02;1.922795e-02;1.403419e-01;8.211429e-02;2.781478e-02;7.364094e-03
5.398525e-02;9.144785e-02;3.370440e-01;1.000632e-01;2.682815e-02;7.938647e-02;5.050871e-02;2.665922e-02;1.387507e-01;7.065641e-02;1.773555e-02;6.934467e-03
4.749772e-02;7.498297e-02;3.072506e-01;1.108401e-01;2.377336e-02;8.479967e-02;4.282087e-02;8.256541e-02;1.175298e-01;5.706972e-02;4.420316e-02;6.666497e-03
3.677757e-02;3.897197e-02;2.031071e-01;1.678908e-01;4.115292e-02;1.042639e-01;6.094856e-02;1.434973e-01;7.070479e-02;4.014437e-02;7.074524e-02;2.179557e-02
2.654008e-02;6.288314e-02;1.902312e-01;1.843275e-01;7.921882e-02;1.107121e-01;5.549436e-02;1.183877e-01;3.223072e-02;5.648158e-02;5.344663e-02;3.004610e-02
2.168662e-02;6.394776e-02;1.467559e-01;1.693623e-01;1.423953e-01;1.308296e-01;8.017762e-02;6.572966e-02;2.363508e-02;7.475514e-02;2.786220e-02;5.286284e-02
2.572073e-02;5.196934e-02;1.247048e-01;1.043514e-01;1.779384e-01;1.869515e-01;8.934237e-02;4.218302e-02;3.099926e-02;5.545957e-02;3.101048e-02;7.936908e-02
3.125300e-02;5.912291e-02;1.770415e-01;1.120903e-01;1.525248e-01;1.939765e-01;7.119512e-02;5.412248e-02;2.370690e-02;3.928646e-02;1.656674e-02;6.911326e-02
2.338517e-02;9.673616e-02;2.269483e-01;9.428969e-02;1.162147e-01;1.688888e-01;4.756419e-02;6.147599e-02;1.827776e-02;3.743362e-02;3.874774e-02;7.003795e-02
3.114374e-02;1.326714e-01;2.907339e-01;6.211180e-02;6.077725e-02;1.273215e-01;2.502515e-02;6.085701e-02;2.645675e-02;6.876427e-02;4.357097e-02;7.056620e-02
4.191235e-02;1.094937e-01;2.814716e-01;1.021648e-01;4.718404e-02;1.259887e-01;3.195198e-02;4.421884e-02;2.488020e-02;9.173205e-02;4.902136e-02;4.998028e-02
3.562324e-02;9.404089e-02;2.151704e-01;1.110642e-01;7.151511e-02;1.414224e-01;6.244528e-02;5.142848e-02;3.308454e-02;9.002640e-02;4.434895e-02;4.983018e-02
3.924226e-02;9.083530e-02;9.472470e-02;1.061864e-01;1.066674e-01;1.627448e-01;8.385839e-02;8.209068e-02;7.113613e-02;6.719723e-02;1.438313e-02;8.093354e-02
4.355290e-02;5.154229e-02;8.444280e-02;4.507237e-02;5.138015e-02;3.748617e-01;5.089299e-02;1.149073e-01;7.622753e-02;2.991289e-02;1.506171e-02;6.214536e-02
3.368157e-02;4.123635e-02;1.120959e-01;2.717458e-02;8.727576e-02;4.003228e-01;6.590895e-02;8.735410e-02;6.909182e-02;1.167198e-02;9.019494e-03;5.516667e-02
2.276833e-02;3.211108e-02;1.011621e-01;4.069432e-02;1.546191e-01;3.043939e-01;1.224417e-01;4.172313e-02;9.120590e-02;9.952206e-03;7.042248e-03;7.188584e-02
1.442266e-02;1.444213e-02;6.790784e-02;2.185501e-02;2.041710e-01;1.783398e-01;2.541180e-01;2.581091e-02;1.028200e-01;1.718753e-02;9.160934e-03;8.976406e-02
