3.879167e-02;7.709848e-02;1.007370e-01;8.634986e-02;7.577173e-02;5.592562e-02;1.032053e-01;6.613003e-02;9.737737e-02;1.089557e-01;8.202159e-02;1.076357e-01
4.278576e-02;7.229858e-02;1.014379e-01;1.001819e-01;6.295581e-02;7.961860e-02;7.413238e-02;5.839119e-02;1.342950e-01;1.213063e-01;7.567348e-02;7.692304e-02
4.258189e-02;7.379138e-02;1.005787e-01;1.231702e-01;9.056706e-02;7.439180e-02;7.364169e-02;7.628740e-02;1.185977e-01;1.267624e-01;5.583842e-02;4.379132e-02
3.578927e-02;7.817803e-02;1.036336e-01;1.292986e-01;7.315670e-02;1.152739e-01;8.281071e-02;7.647526e-02;1.005384e-01;1.465377e-01;4.048944e-02;1.781846e-02
1.243375e-02;6.138282e-02;1.270740e-01;1.073240e-01;7.200949e-02;1.146034e-01;7.058039e-02;1.133616e-01;1.568197e-01;9.896250e-02;2.261718e-02;4.283107e-02
2.299467e-02;5.222755e-02;1.332959e-01;6.342741e-02;1.028553e-01;1.130341e-01;7.126201e-02;1.103129e-01;1.613011e-01;8.809433e-02;3.825647e-02;4.293829e-02
2.513336e-02;4.938925e-02;1.197798e-01;6.324533e-02;1.234858e-01;1.397980e-01;9.695488e-02;7.896802e-02;1.198872e-01;1.306019e-01;1.876939e-02;3.398704e-02
5.837396e-02;5.490901e-02;8.065958e-02;8.481312e-02;1.036450e-01;1.360069e-01;1.073337e-01;9.258581e-02;8.202729e-02;1.314106e-01;2.449320e-02;4.374192e-02
7.585234e-02;8.077863e-02;8.562741e-02;7.689273e-02;5.693092e-02;1.386324e-01;7.779623e-02;8.215191e-02;1.038729e-01;1.069425e-01;3.977456e-02;7.474753e-02
6.188562e-02;6.493551e-02;8.296565e-02;5.785770e-02;6.721973e-02;1.206470e-01;5.706804e-02;1.220649e-01;1.353534e-01;1.024067e-01;3.596673e-02;9.162915e-02
4.821806e-02;3.447957e-02;6.614443e-02;8.833354e-02;9.609982e-02;9.076998e-02;8.287153e-02;1.632747e-01;1.424291e-01;8.037017e-02;3.012662e-02;7.688247e-02
5.622604e-02;4.285676e-02;9.159058e-02;1.018928e-01;9.191407e-02;5.104579e-02;1.314237e-01;1.100616e-01;1.766590e-01;5.406154e-02;3.824585e-02;5.402223e-02
6.169904e-02;6.490202e-02;1.231663e-01;8.862820e-02;7.379013e-02;4.664354e-02;1.103698e-01;8.048504e-02;1.674948e-01;9.795356e-02;4.206743e-02;4.280007e-02
6.411215e-02;6.769941e-02;1.272170e-01;6.741653e-02;8.797777e-02;3.488476e-02;9.859189e-02;9.005219e-02;1.472823e-01;1.343666e-01;4.120823e-02;3.919125e-02
5.403676e-02;1.004712e-01;1.095966e-01;5.684599e-02;1.216826e-01;4.829414e-02;1.195595e-01;7.213991e-02;1.078722e-01;1.326588e-01;3.841440e-02;3.842783e-02
7.828902e-02;1.335398e-01;1.012556e-01;5.793545e-02;9.422487e-02;5.513360e-02;1.172592e-01;1.243609e-01;8.061000e-02;1.062994e-01;2.552284e-02;2.556930e-02
8.582473e-02;9.981535e-02;1.163156e-01;7.609598e-02;7.412350e-02;6.455373e-02;8.941798e-02;1.377330e-01;6.372027e-02;1.028386e-01;4.103539e-02;4.852589e-02
3.643797e-02;6.956358e-02;1.778799e-01;6.564992e-02;6.946118e-02;7.174382e-02;2.245612e-01;8.324019e-02;4.929898e-02;9.522951e-02;2.754424e-02;2.938963e-02
9.963173e-02;5.361920e-02;2.452020e-01;5.071555e-02;7.605464e-02;7.151356e-02;2.044496e-01;3.507379e-02;3.073500e-02;5.791875e-02;3.478187e-02;4.030434e-02
1.163423e-01;9.097068e-02;2.762142e-01;4.677166e-02;5.984407e-02;6.085909e-02;1.576824e-01;2.781530e-02;3.927743e-02;5.494683e-02;3.030980e-02;3.896618e-02
1.137690e-01;1.201217e-01;3.496797e-01;3.522009e-02;4.261319e-02;5.036226e-02;1.062095e-01;2.222173e-02;5.349498e-02;5.232170e-02;2.105348e-02;3.293269e-02
6.356517e-02;1.134300e-01;4.823511e-01;2.012338e-02;4.863182e-02;3.287308e-02;7.533105e-02;1.660143e-02;5.290617e-02;6.029297e-02;9.712848e-03;2.418100e-02
2.723309e-02;5.645125e-02;5.302352e-01;4.272162e-02;7.036466e-02;1.963629e-02;1.124550e-01;1.223490e-02;3.202568e-02;7.568909e-02;1.014840e-02;1.080474e-02
4.388468e-02;1.907765e-02;5.019673e-01;8.377559e-02;6.356333e-02;2.186556e-02;1.194718e-01;1.535465e-02;4.692386e-02;6.308129e-02;1.848098e-02;2.553310e-03
2.778615e-02;1.334646e-02;4.719299e-01;1.423988e-01;6.301289e-02;5.168892e-02;6.989390e-02;1.806223e-02;6.735182e-02;3.488679e-02;3.703027e-02;2.611906e-03
2.748658e-02;7.056960e-03;4.706243e-01;1.838190e-01;5.979484e-02;7.736930e-02;2.311637e-02;2.284636e-02;4.535622e-02;1.704348e-02;6.017178e-02;5.314893e-03
6.725170e-02;2.045170e-02;4.636784e-01;1.500919e-01;5.646029e-02;6.041763e-02;2.912916e-02;2.458866e-02;2.578057e-02;3.157757e-02;6.049569e-02;1.007666e-02
8.572350e-02;5.523679e-02;4.515650e-01;8.980718e-02;5.271941e-02;3.921099e-02;4.489550e-02;2.403455e-02;4.536391e-02;4.992468e-02;4.093169e-02;2.058672e-02
1.124429e-01;9.574651e-02;3.872431e-01;5.110716e-02;5.685449e-02;3.561937e-02;3.549159e-02;3.554749e-02;6.476958e-02;5.508182e-02;3.379025e-02;3.630581e-02
1.393536e-01;1.159654e-01;2.444594e-01;5.200119e-02;6.190202e-02;6.249104e-02;3.239961e-02;4.249382e-02;9.411791e-02;5.603207e-02;5.308967e-02;4.569429e-02
9.075373e-02;6.679035e-02;2.312329e-01;9.253736e-02;4.871421e-02;6.881475e-02;6.962942e-02;5.058343e-02;1.033657e-01;6.731737e-02;6.529827e-02;4.496260e-02
4.607142e-02;3.662309e-02;2.698497e-01;1.521948e-01;6.724326e-02;5.692969e-02;9.934726e-02;3.794549e-02;7.800898e-02;7.328817e-02;5.552964e-02;2.696844e-02
3.850272e-02;4.789654e-02;2.786513e-01;1.539398e-01;7.285840e-02;8.530473e-02;9.058876e-02;3.708691e-02;4.953700e-02;6.156007e-02;5.455649e-02;2.951732e-02
7.781118e-02;6.028873e-02;1.309942e-01;1.058158e-01;1.108888e-01;7.072908e-02;9.659883e-02;6.497020e-02;1.041635e-01;8.357587e-02;5.667378e-02;3.749003e-02
6.699457e-02;9.932996e-02;1.067970e-01;7.723486e-02;8.995087e-02;8.243489e-02;9.908520e-02;9.010903e-02;1.044434e-01;7.587865e-02;5.531449e-02;5.242706e-02
5.047357e-02;1.070377e-01;1.136849e-01;8.192140e-02;8.277766e-02;1.067427e-01;1.112435e-01;8.620816e-02;8.864085e-02;6.138368e-02;5.453294e-02;5.535294e-02
4.430265e-02;8.993682e-02;9.549711e-02;1.038194e-01;1.095336e-01;1.197635e-01;1.177562e-01;6.693722e-02;7.750547e-02;5.475798e-02;6.541120e-02;5.477880e-02
3.938180e-02;5.736931e-02;1.171589e-01;1.001803e-01;1.215161e-01;9.667183e-02;2.086265e-01;5.165318e-02;5.697738e-02;5.218589e-02;6.090257e-02;3.737629e-02
3.518938e-02;4.258075e-02;1.153991e-01;5.435830e-02;1.103249e-01;7.867091e-02;2.570197e-01;7.130028e-02;7.342254e-02;6.135206e-02;5.939193e-02;4.099008e-02
2.836041e-02;4.407438e-02;1.964709e-01;6.097431e-02;1.049004e-01;8.243223e-02;2.077342e-01;6.183468e-02;6.039063e-02;6.916859e-02;4.479656e-02;3.886269e-02
3.136567e-02;6.169834e-02;4.807659e-01;4.925411e-02;7.366187e-02;5.086750e-02;1.026306e-01;4.365413e-02;2.116852e-02;4.178670e-02;1.953187e-02;2.361480e-02
1.766045e-02;8.130979e-02;6.564507e-01;3.089902e-02;3.518628e-02;1.665272e-02;4.029661e-02;4.786300e-02;2.856625e-02;2.852607e-02;6.078946e-03;1.051011e-02
1.512992e-02;9.785342e-02;6.637004e-01;2.732204e-02;2.062797e-02;1.782423e-02;2.179180e-02;7.245561e-02;2.648685e-02;2.405910e-02;2.684179e-03;1.006444e-02
2.113928e-02;1.195090e-01;5.989747e-01;2.566013e-02;1.462328e-02;5.181085e-02;1.422144e-02;8.621016e-02;3.396454e-02;2.078425e-02;1.448269e-03;1.165410e-02
4.966435e-02;1.328914e-01;4.809045e-01;3.031611e-02;8.820114e-03;9.714860e-02;2.778439e-02;6.930097e-02;4.782896e-02;3.516232e-02;6.381341e-03;1.379695e-02
8.464049e-02;1.159516e-01;3.484375e-01;3.529689e-02;3.294775e-02;1.145988e-01;7.483175e-02;4.389174e-02;5.400876e-02;6.111738e-02;1.561643e-02;1.866100e-02
9.158055e-02;8.380587e-02;2.417952e-01;3.582349e-02;5.682380e-02;1.083973e-01;1.329447e-01;3.977920e-02;6.030326e-02;8.034860e-02;4.381343e-02;2.458466e-02
3.683740e-02;5.299043e-02;1.621174e-01;3.364348e-02;6.280028e-02;7.892985e-02;1.250990e-01;4.800899e-02;7.654457e-02;1.508891e-01;1.347309e-01;3.740849e-02
7.471851e-02;3.687667e-02;1.077500e-01;3.484219e-02;6.267492e-02;1.051942e-01;1.082617e-01;4.320890e-02;8.866114e-02;1.632905e-01;1.320848e-01;4.243649e-02
1.362634e-01;4.554000e-02;1.753431e-01;3.140641e-02;5.884812e-02;8.795146e-02;1.078315e-01;4.671308e-02;6.678733e-02;1.092788e-01;8.017257e-02;5.386430e-02
1.876489e-01;8.641263e-02;2.672527e-01;1.958261e-02;5.131450e-02;4.781165e-02;1.137788e-01;4.476577e-02;3.562619e-02;6.356281e-02;4.292023e-02;3.932319e-02
1.414429e-01;1.274970e-01;3.739846e-01;2.343148e-02;2.893238e-02;4.036485e-02;1.086802e-01;3.717513e-02;3.209975e-02;4.729891e-02;2.230469e-02;1.678816e-02
7.026433e-02;1.289488e-01;4.165618e-01;2.896233e-02;1.130158e-02;7.004805e-02;5.676800e-02;1.078993e-01;4.962287e-02;2.735986e-02;1.041338e-02;2.184970e-02
3.199346e-02;8.849155e-02;4.104681e-01;2.666635e-02;2.115490e-02;6.920538e-02;3.138686e-02;2.176504e-01;4.832134e-02;1.701438e-02;6.508403e-03;3.113883e-02
1.427477e-02;4.868333e-02;4.159079e-01;2.236211e-02;2.455307e-02;4.619795e-02;2.916367e-02;2.837217e-01;3.175414e-02;4.246320e-02;5.632033e-03;3.528613e-02
1.349810e-02;2.957085e-02;4.420925e-01;2.837892e-02;3.395117e-02;1.995706e-02;4.618501e-02;2.249281e-01;2.434578e-02;1.047202e-01;6.108812e-03;2.626343e-02
1.286612e-02;2.229441e-02;4.877473e-01;5.102104e-02;6.096970e-02;1.319995e-02;7.611395e-02;9.097149e-02;1.959372e-02;1.458612e-01;7.662385e-03;1.169871e-02
1.689409e-02;3.255178e-02;5.394897e-01;7.523265e-02;6.991237e-02;1.352738e-02;6.182413e-02;2.090971e-02;2.313112e-02;1.287033e-01;7.637540e-03;1.018629e-02
1.273857e-02;3.906566e-02;5.928804e-01;9.875546e-02;5.378455e-02;1.309798e-02;3.434035e-02;5.850488e-03;1.260607e-02;1.015019e-01;1.170936e-02;2.366922e-02
1.886092e-02;5.293696e-02;5.500612e-01;9.637705e-02;3.974039e-02;1.869131e-02;2.723562e-02;1.144623e-02;4.223900e-02;9.706774e-02;1.897936e-02;2.636424e-02
2.283444e-02;9.738197e-02;4.621814e-01;6.026985e-02;2.970326e-02;4.015008e-02;2.615881e-02;1.783276e-02;1.122254e-01;1.005547e-01;1.636936e-02;1.433789e-02
6.340261e-02;2.146610e-01;2.956918e-01;1.815568e-02;1.884912e-02;6.955270e-02;1.442259e-02;2.292725e-02;1.946315e-01;6.439385e-02;7.250984e-03;1.606084e-02
1.012019e-01;3.111008e-01;1.986658e-01;1.285642e-02;2.009620e-02;7.159030e-02;3.763248e-03;1.220923e-02;2.277970e-01;2.558790e-02;2.420473e-03;1.271079e-02
1.489955e-01;3.321506e-01;1.728981e-01;1.026641e-02;3.689731e-02;4.762022e-02;5.880370e-03;8.837389e-03;2.071901e-01;1.643481e-02;4.189306e-03;8.639981e-03
2.298110e-01;3.110727e-01;1.598706e-01;1.051299e-02;3.069822e-02;2.797729e-02;8.140534e-03;2.632581e-02;1.633811e-01;1.949535e-02;5.955418e-03;6.759117e-03
3.407069e-01;2.453884e-01;1.203904e-01;6.747349e-03;4.537546e-02;8.388883e-03;1.184999e-02;5.860516e-02;1.084949e-01;2.375444e-02;1.615031e-02;1.414785e-02
4.047835e-01;1.797046e-01;9.766118e-02;4.824945e-03;7.376116e-02;5.098533e-03;1.129702e-02;8.885207e-02;6.841121e-02;2.181592e-02;2.328175e-02;2.050815e-02
4.125959e-01;1.434355e-01;1.060751e-01;5.054428e-03;7.934935e-02;6.552590e-03;2.114899e-02;1.094348e-01;4.454659e-02;1.528768e-02;2.519602e-02;3.132307e-02
3.618996e-01;1.086321e-01;9.478385e-02;1.026454e-02;7.044128e-02;1.205430e-02;5.090084e-02;1.094025e-01;7.515759e-02;2.192666e-02;3.504681e-02;4.948993e-02
2.698439e-01;6.270038e-02;1.091570e-01;1.228509e-02;4.974293e-02;2.231932e-02;8.675834e-02;7.237712e-02;1.477749e-01;5.061172e-02;4.509012e-02;7.133917e-02
2.140313e-01;2.493990e-02;1.202527e-01;1.608215e-02;1.944245e-02;3.360573e-02;8.671214e-02;6.683121e-02;1.354311e-01;1.363752e-01;4.869477e-02;9.760144e-02
2.193402e-01;1.862741e-02;9.081702e-02;1.827459e-02;1.335126e-02;3.343391e-02;8.074874e-02;4.686086e-02;7.521565e-02;2.178879e-01;6.279147e-02;1.226510e-01
2.051908e-01;3.109789e-02;9.826610e-02;2.429735e-02;9.101114e-03;2.809725e-02;8.210389e-02;2.637633e-02;5.389398e-02;2.476683e-01;6.316091e-02;1.307460e-01
2.005507e-01;1.744396e-02;7.217834e-02;2.419862e-02;8.252900e-03;3.231909e-02;9.285879e-02;3.342219e-02;5.114353e-02;2.608073e-01;7.299626e-02;1.338282e-01
2.415559e-01;3.455228e-02;7.314681e-02;1.836949e-02;7.073260e-03;2.913761e-02;6.459615e-02;6.292826e-02;1.062219e-01;1.899580e-01;5.753827e-02;1.149221e-01
3.091177e-01;5.584571e-02;1.470963e-01;1.121856e-02;1.548993e-02;2.082035e-02;3.646506e-02;8.968473e-02;1.072058e-01;8.477759e-02;4.190873e-02;8.036952e-02
3.371711e-01;1.019704e-01;1.923742e-01;1.312795e-02;2.592054e-02;1.271710e-02;3.097363e-02;8.498488e-02;6.234856e-02;5.838968e-02;3.522668e-02;4.479530e-02
2.094792e-01;1.546726e-01;2.766590e-01;2.936155e-02;2.045272e-02;1.663112e-02;4.573524e-02;4.631660e-02;4.974076e-02;9.387887e-02;2.506340e-02;3.200898e-02
5.632159e-02;1.385248e-01;3.968445e-01;6.175755e-02;4.013929e-02;2.537550e-02;4.785345e-02;2.720271e-02;6.465948e-02;9.122074e-02;1.864384e-02;3.145654e-02
4.272343e-02;1.034607e-01;4.181610e-01;1.320573e-01;3.875049e-02;2.169389e-02;3.950314e-02;2.160853e-02;6.149160e-02;7.395539e-02;2.393158e-02;2.266295e-02
4.007619e-02;6.736095e-02;3.567072e-01;2.389426e-01;5.345599e-02;2.024269e-02;2.709457e-02;1.597415e-02;4.155762e-02;6.264757e-02;5.550200e-02;2.043848e-02
2.504236e-02;3.208380e-02;2.015547e-01;2.613414e-01;1.973732e-01;4.063984e-02;2.666730e-02;1.125337e-02;2.227299e-02;3.878361e-02;7.386872e-02;6.911878e-02
7.656933e-02;2.000514e-02;8.079442e-02;1.137538e-01;3.113598e-01;1.033112e-01;1.016696e-01;5.801006e-03;1.879982e-02;2.544630e-02;3.763333e-02;1.048563e-01
1.305769e-01;4.755552e-02;3.158634e-02;2.497880e-02;2.040491e-01;1.830114e-01;2.542345e-01;1.035324e-02;1.506192e-02;2.780441e-02;1.016917e-02;6.061863e-02
9.963737e-02;1.064323e-01;2.075292e-02;1.103349e-02;6.962974e-02;1.611252e-01;4.396025e-01;3.375116e-02;9.332137e-03;2.629318e-02;7.234023e-03;1.517595e-02
3.760487e-02;1.225745e-01;5.632001e-02;7.271566e-03;2.521436e-02;7.938992e-02;5.358620e-01;9.123608e-02;1.325167e-02;1.431341e-02;1.176485e-02;5.196696e-03
9.580968e-03;7.725889e-02;1.280415e-01;9.885365e-03;1.024848e-02;2.656136e-02;5.009969e-01;1.718279e-01;3.329244e-02;1.235564e-02;9.746056e-03;1.020458e-02
2.980825e-03;2.377092e-02;2.016321e-01;1.003150e-02;6.071405e-03;2.030728e-02;4.258792e-01;2.076263e-01;6.162233e-02;1.636716e-02;6.396255e-03;1.731476e-02
1.007848e-02;8.847008e-03;2.311157e-01;1.583957e-02;9.788711e-03;1.937499e-02;4.131643e-01;1.787563e-01;7.036969e-02;1.359038e-02;6.461349e-03;2.261360e-02
1.177467e-02;1.198583e-02;2.127150e-01;2.967481e-02;9.187869e-03;2.049754e-02;4.095785e-01;1.247127e-01;9.733240e-02;3.270134e-02;9.273333e-03;3.056600e-02
2.731919e-02;1.196107e-02;8.849719e-02;1.130971e-01;1.798968e-02;1.451811e-02;2.084639e-01;1.310142e-01;2.341266e-01;1.182160e-01;1.677091e-02;1.802608e-02
7.549318e-02;1.577122e-02;2.162378e-02;1.290057e-01;2.172078e-02;1.795808e-02;5.634043e-02;1.066782e-01;3.342161e-01;1.742108e-01;3.479610e-02;1.218559e-02
1.316353e-01;1.067432e-02;1.275686e-02;1.182198e-01;1.236119e-02;1.095297e-02;7.971442e-02;5.910066e-02;3.779070e-01;1.495449e-01;2.972124e-02;7.411247e-03
1.649465e-01;1.079997e-02;9.878920e-03;1.385281e-01;5.859789e-03;7.758506e-03;2.900232e-02;5.229716e-02;4.635241e-01;9.468997e-02;1.609645e-02;6.618240e-03
1.232774e-01;7.352692e-03;2.003362e-02;1.321227e-01;5.870347e-03;2.275096e-02;5.244461e-02;9.864187e-02;4.655855e-01;4.885082e-02;8.477824e-03;1.459177e-02
4.860403e-02;5.705315e-03;5.089471e-02;8.413910e-02;6.711656e-03;5.540400e-02;1.018175e-01;2.016389e-01;3.763165e-01;2.924880e-02;5.266844e-03;3.425268e-02
8.093170e-03;6.821093e-03;8.150009e-02;3.971456e-02;7.024886e-03;7.691354e-02;1.184118e-01;2.905795e-01;2.796827e-01;2.924306e-02;8.097107e-03;5.391851e-02
2.137869e-02;1.530310e-02;7.849691e-02;3.685133e-02;1.262203e-02;7.141773e-02;1.396377e-01;2.576176e-01;2.543918e-01;4.361036e-02;1.084417e-02;5.782864e-02
4.407830e-02;2.660014e-02;9.119037e-02;5.604529e-02;2.912034e-02;6.238195e-02;1.685174e-01;1.694774e-01;1.959912e-01;7.068247e-02;2.241567e-02;6.349938e-02
7.794699e-02;3.207861e-02;1.105113e-01;7.326964e-02;4.897390e-02;5.863517e-02;1.379852e-01;9.528895e-02;1.618531e-01;8.512356e-02;5.228325e-02;6.605035e-02
1.226795e-01;6.632051e-02;1.028413e-01;6.884536e-02;4.435815e-02;4.534800e-02;7.372668e-02;8.219805e-02;1.284930e-01;1.177948e-01;8.088213e-02;6.651258e-02
1.072137e-01;4.846844e-02;9.783697e-02;6.277489e-02;4.184730e-02;5.342057e-02;1.011219e-01;1.008940e-01;1.492617e-01;9.777512e-02;6.058874e-02;7.879660e-02
7.259038e-02;2.319476e-02;8.934575e-02;5.181557e-02;3.870862e-02;5.447006e-02;1.848515e-01;1.311509e-01;1.378029e-01;8.556756e-02;3.457705e-02;9.592494e-02
2.647295e-02;2.737320e-02;7.012789e-02;2.546518e-02;3.146616e-02;3.709507e-02;3.841744e-01;1.409183e-01;7.401969e-02;6.959120e-02;3.891393e-02;7.438209e-02
1.062054e-02;6.258111e-02;3.976616e-02;9.080892e-03;3.832088e-02;2.726191e-02;5.540773e-01;1.016950e-01;2.898904e-02;4.101986e-02;6.157165e-02;2.501570e-02
2.284012e-02;1.042111e-01;3.710308e-02;1.012247e-02;4.966836e-02;4.821530e-02;5.257051e-01;6.709329e-02;3.292843e-02;2.160282e-02;6.978643e-02;1.072345e-02
5.281477e-02;1.064744e-01;7.335144e-02;2.417832e-02;7.549894e-02;7.015248e-02;4.157783e-01;4.149306e-02;3.431979e-02;3.397861e-02;5.491918e-02;1.704062e-02
7.101010e-02;6.751654e-02;2.061599e-01;5.239983e-02;1.024165e-01;6.561138e-02;2.477177e-01;3.413915e-02;3.139883e-02;3.665114e-02;4.783658e-02;3.714238e-02
4.924284e-02;4.701096e-02;4.540005e-01;7.866325e-02;6.953958e-02;3.905090e-02;8.885657e-02;3.111765e-02;2.614025e-02;3.392237e-02;4.467051e-02;3.778462e-02
3.095461e-02;7.411712e-02;5.851234e-01;4.903661e-02;3.035385e-02;3.885669e-02;4.439273e-02;1.800445e-02;5.624495e-02;3.003128e-02;1.213205e-02;3.075225e-02
3.057468e-02;7.028083e-02;5.131220e-01;4.966277e-02;5.516616e-02;4.925942e-02;4.356465e-02;3.120143e-02;7.575507e-02;4.148788e-02;1.002299e-02;2.990219e-02
3.717086e-02;6.551720e-02;3.790754e-01;1.162571e-01;8.620743e-02;5.100890e-02;6.218172e-02;4.373940e-02;6.412610e-02;4.862669e-02;3.485737e-02;1.123192e-02
4.666072e-02;6.554198e-02;2.128858e-01;1.525565e-01;1.478916e-01;5.530729e-02;7.607582e-02;5.159241e-02;4.251453e-02;7.317197e-02;4.559051e-02;3.021090e-02
4.216957e-02;4.977372e-02;1.425385e-01;1.293273e-01;2.473463e-01;5.659321e-02;8.327062e-02;3.883903e-02;2.134258e-02;1.068129e-01;3.306505e-02;4.892114e-02
2.372178e-02;3.174580e-02;1.416125e-01;9.867386e-02;3.104914e-01;5.220426e-02;6.629027e-02;2.650479e-02;2.048292e-02;1.504061e-01;3.527573e-02;4.259066e-02
1.076471e-02;4.314899e-02;1.888482e-01;1.072374e-01;2.815990e-01;4.087109e-02;1.904273e-02;3.743131e-02;1.626051e-02;1.854619e-01;3.580162e-02;3.353257e-02
1.182147e-02;4.789403e-02;2.587549e-01;1.443042e-01;1.630682e-01;5.313073e-02;2.452764e-02;6.081370e-02;2.067789e-02;1.422656e-01;5.433724e-02;1.840442e-02
2.953189e-02;4.496332e-02;2.939456e-01;1.442243e-01;8.585718e-02;6.349748e-02;6.990207e-02;5.424244e-02;4.678636e-02;8.236507e-02;6.549240e-02;1.919190e-02
4.057394e-02;3.695670e-02;3.007276e-01;1.123650e-01;7.416485e-02;5.555521e-02;1.025397e-01;3.487908e-02;7.086836e-02;6.759401e-02;6.911746e-02;3.465808e-02
3.897671e-02;2.537785e-02;3.490027e-01;6.587160e-02;9.720196e-02;4.828418e-02;7.572126e-02;4.023723e-02;7.389012e-02;9.601172e-02;5.174903e-02;3.767564e-02
2.203909e-02;3.533148e-02;3.680439e-01;9.761325e-02;1.146170e-01;5.258032e-02;8.689828e-02;6.386714e-02;3.354773e-02;6.330561e-02;3.593409e-02;2.622210e-02
2.893862e-02;3.853401e-02;1.865571e-01;1.226989e-01;8.694414e-02;5.835760e-02;1.216755e-01;9.080360e-02;7.367170e-02;9.262373e-02;4.220359e-02;5.699161e-02
8.752580e-02;6.164509e-02;1.148640e-01;7.927696e-02;7.928187e-02;7.663414e-02;1.523544e-01;1.151571e-01;8.083622e-02;5.690340e-02;4.759086e-02;4.793003e-02
4.921047e-02;9.485815e-02;1.490343e-01;9.793986e-02;1.107095e-01;8.235773e-02;1.094504e-01;7.935403e-02;8.286127e-02;6.181566e-02;4.099889e-02;4.140965e-02
6.450476e-02;9.186325e-02;1.594752e-01;9.785096e-02;1.135174e-01;6.897926e-02;1.167843e-01;6.590349e-02;6.330200e-02;6.045566e-02;4.018405e-02;5.717971e-02
8.301314e-02;8.727812e-02;1.456772e-01;9.196509e-02;1.262696e-01;6.855364e-02;1.299206e-01;5.774473e-02;4.812534e-02;5.323017e-02;3.612923e-02;7.209306e-02
6.562107e-02;6.628541e-02;1.258826e-01;1.246710e-01;1.684721e-01;8.022759e-02;1.122138e-01;4.402563e-02;3.028481e-02;4.918953e-02;5.270907e-02;8.041738e-02
2.508240e-02;2.237486e-02;2.540371e-01;1.851130e-01;1.560684e-01;6.686680e-02;3.930872e-02;2.529125e-02;2.872326e-02;7.656485e-02;8.294187e-02;3.762741e-02
2.855494e-02;3.343340e-02;3.418647e-01;1.288152e-01;1.013339e-01;4.556882e-02;5.965473e-02;1.719856e-02;5.399837e-02;1.257844e-01;5.091067e-02;1.288226e-02
6.467574e-02;1.063153e-01;3.140929e-01;6.383453e-02;6.486557e-02;3.985887e-02;4.799721e-02;3.092186e-02;9.655590e-02;1.337861e-01;1.758818e-02;1.950789e-02
1.226021e-01;1.888292e-01;2.167356e-01;5.512165e-02;3.308078e-02;4.418372e-02;3.546421e-02;4.030357e-02;1.199770e-01;1.009627e-01;1.325803e-02;2.948145e-02
1.234208e-01;2.749313e-01;2.412600e-01;4.472873e-02;1.491733e-02;3.358522e-02;1.943412e-02;3.132453e-02;1.228654e-01;5.186059e-02;1.346988e-02;2.820197e-02
1.585569e-01;3.220492e-01;2.119332e-01;1.999313e-02;7.743148e-03;1.679884e-02;1.598020e-02;2.079897e-02;1.122698e-01;8.696964e-02;9.555666e-03;1.735126e-02
3.000003e-01;2.686085e-01;1.294138e-01;7.957497e-03;1.524782e-02;7.534226e-03;1.870333e-02;5.056082e-02;5.738834e-02;1.094552e-01;1.652389e-02;1.860621e-02
4.110500e-01;1.706006e-01;7.518519e-02;9.028264e-03;2.213947e-02;1.081907e-02;1.846312e-02;1.063902e-01;5.351544e-02;7.375057e-02;1.693134e-02;3.212679e-02
3.606049e-01;9.093483e-02;1.098509e-01;3.782345e-02;3.706405e-02;3.837389e-02;2.877584e-02;1.029635e-01;8.639406e-02;5.301839e-02;1.439661e-02;3.979961e-02
2.307277e-01;9.680645e-02;1.248943e-01;7.047827e-02;5.384982e-02;7.184865e-02;7.685138e-02;6.704848e-02;7.535644e-02;7.971910e-02;1.150950e-02;4.090994e-02
1.494764e-01;7.081364e-02;9.086431e-02;9.540248e-02;5.183253e-02;1.019375e-01;1.500517e-01;6.145053e-02;4.217143e-02;1.067663e-01;1.117586e-02;6.805737e-02
9.079536e-02;3.990375e-02;4.633572e-02;1.179158e-01;3.069993e-02;1.177235e-01;2.646590e-01;5.476728e-02;1.933863e-02;8.984113e-02;1.336276e-02;1.146572e-01
9.851588e-02;4.576130e-02;1.571855e-02;1.104485e-01;1.727399e-02;7.012451e-02;3.535972e-01;3.846180e-02;2.131243e-02;6.140435e-02;2.016850e-02;1.472130e-01
7.946215e-02;5.173478e-02;1.843988e-02;8.087992e-02;2.766656e-02;4.530470e-02;3.634215e-01;4.841711e-02;3.614561e-02;6.238156e-02;3.167345e-02;1.544728e-01
1.004305e-01;5.571555e-02;3.240480e-02;6.524589e-02;3.515834e-02;5.096396e-02;3.196538e-01;6.284623e-02;4.464595e-02;4.083335e-02;4.154016e-02;1.505615e-01
1.664865e-01;5.666303e-02;5.847417e-02;6.482610e-02;3.172311e-02;3.491488e-02;2.422161e-01;8.989275e-02;4.008414e-02;3.580073e-02;3.980758e-02;1.391109e-01
1.866565e-01;5.786693e-02;8.891875e-02;5.434410e-02;2.770391e-02;2.990141e-02;1.909348e-01;8.953714e-02;4.070687e-02;5.199182e-02;5.532732e-02;1.261104e-01
1.452893e-01;7.028408e-02;9.086842e-02;4.499495e-02;3.570845e-02;4.617948e-02;1.686519e-01;8.271945e-02;5.802086e-02;8.345983e-02;7.460524e-02;9.921800e-02
6.873879e-02;8.601363e-02;8.265911e-02;6.577630e-02;2.903317e-02;5.281316e-02;1.639652e-01;8.451653e-02;1.059495e-01;1.230670e-01;6.424203e-02;7.322552e-02
5.865733e-02;7.867189e-02;1.286657e-01;6.738608e-02;3.856345e-02;5.013983e-02;1.465993e-01;1.089594e-01;1.097714e-01;9.858972e-02;5.137721e-02;6.261860e-02
5.738813e-02;8.534197e-02;1.015818e-01;6.199912e-02;4.958156e-02;9.378261e-02;1.994283e-01;1.013164e-01;7.305924e-02;9.220375e-02;5.160310e-02;3.271395e-02
1.044098e-01;6.525048e-02;6.654261e-02;5.805898e-02;5.727267e-02;1.531988e-01;2.378398e-01;7.962014e-02;6.069051e-02;6.796517e-02;2.991960e-02;1.923140e-02
1.377369e-01;4.887866e-02;4.151855e-02;4.075685e-02;7.047169e-02;2.099570e-01;2.019332e-01;7.608049e-02;4.825060e-02;8.172877e-02;2.128502e-02;2.140224e-02
1.175136e-01;4.353733e-02;4.225850e-02;7.175870e-02;8.130091e-02;2.051244e-01;1.690439e-01;7.608315e-02;4.796784e-02;9.969452e-02;2.763542e-02;1.808172e-02
7.444517e-02;7.470398e-02;1.025104e-01;7.591208e-02;9.046757e-02;1.099348e-01;1.423624e-01;7.282365e-02;9.289858e-02;8.160628e-02;2.988608e-02;5.244886e-02
6.773904e-02;4.914398e-02;1.558060e-01;7.281401e-02;1.233752e-01;6.146874e-02;1.145406e-01;4.722385e-02;8.140668e-02;5.096937e-02;8.101768e-02;9.449480e-02
6.740967e-02;7.323430e-02;1.437057e-01;7.916173e-02;1.741617e-01;4.792835e-02;8.732154e-02;4.500043e-02;5.877883e-02;3.149973e-02;7.021593e-02;1.215821e-01
4.567085e-02;7.394814e-02;1.200279e-01;1.047404e-01;2.769841e-01;3.610264e-02;4.948301e-02;3.572157e-02;4.792877e-02;1.622127e-02;5.004328e-02;1.431281e-01
1.601724e-02;4.069185e-02;6.707738e-02;8.555205e-02;4.251817e-01;6.719525e-02;3.054437e-02;1.174590e-02;5.851448e-02;1.145928e-02;2.325743e-02;1.627630e-01
8.870108e-03;9.390820e-03;3.888246e-02;5.960972e-02;4.424797e-01;1.448684e-01;3.076034e-02;6.019568e-03;9.205289e-02;1.060237e-02;1.128589e-02;1.451777e-01
4.993842e-02;1.319263e-02;3.009969e-02;4.009206e-02;3.197501e-01;2.657179e-01;4.788693e-02;1.871381e-02;8.514350e-02;2.827689e-02;7.295160e-03;9.389291e-02
1.077662e-01;2.495472e-02;2.821543e-02;3.239634e-02;1.750315e-01;3.236325e-01;8.650097e-02;3.701319e-02;5.366067e-02;6.939591e-02;1.872893e-02;4.270360e-02
1.391085e-01;4.825739e-02;2.415488e-02;3.415840e-02;8.140539e-02;2.878040e-01;1.305246e-01;4.142797e-02;2.116790e-02;9.918580e-02;7.948142e-02;1.332368e-02
8.463736e-02;1.263320e-01;1.979974e-02;2.037052e-02;4.037897e-02;1.459980e-01;2.868343e-01;2.134534e-02;3.138620e-02;5.387228e-02;1.525233e-01;1.652210e-02
2.705743e-02;1.547605e-01;3.659750e-02;1.167757e-02;5.458382e-02;6.769064e-02;3.992788e-01;3.927393e-02;3.960142e-02;1.415697e-02;1.395327e-01;1.578871e-02
1.512011e-02;1.196991e-01;6.315476e-02;1.515041e-02;8.358650e-02;7.225325e-02;4.076940e-01;6.139012e-02;3.504995e-02;2.196400e-02;9.675126e-02;8.186535e-03
3.234159e-02;7.988992e-02;7.343359e-02;2.331842e-02;1.108483e-01;1.275231e-01;3.603779e-01;6.533516e-02;3.312756e-02;2.968607e-02;5.356234e-02;1.055608e-02
4.022085e-02;3.605149e-02;3.469491e-02;1.401803e-02;1.237165e-01;1.531126e-01;4.708591e-01;4.596729e-02;2.562899e-02;2.963521e-02;1.704434e-02;9.050729e-03
2.942971e-02;1.142590e-02;2.256307e-02;9.734144e-03;1.304571e-01;1.690651e-01;5.397209e-01;2.289175e-02;1.519952e-02;2.885445e-02;1.285883e-02;7.799533e-03
2.576528e-02;2.075246e-02;2.414826e-02;1.363134e-02;1.130018e-01;1.540949e-01;5.555600e-01;2.486591e-02;1.268893e-02;3.150226e-02;1.800375e-02;5.985073e-03
2.343375e-02;2.547557e-02;3.992507e-02;1.788349e-02;7.038536e-02;1.051828e-01;6.080679e-01;3.573172e-02;2.200396e-02;3.415063e-02;1.124784e-02;6.511915e-03
1.595823e-02;2.200149e-02;3.669523e-02;1.463527e-02;3.559639e-02;6.940369e-02;7.051315e-01;3.678444e-02;2.438821e-02;2.577510e-02;7.798588e-03;5.831826e-03
8.259491e-03;2.165796e-02;1.721330e-02;7.111916e-03;3.384401e-02;6.901872e-02;7.751195e-01;2.761528e-02;1.856220e-02;1.057932e-02;8.260331e-03;2.758024e-03
6.263630e-03;1.878025e-02;7.227036e-03;3.368193e-03;3.588850e-02;7.489468e-02;8.022897e-01;2.224882e-02;1.355200e-02;6.701667e-03;7.060481e-03;1.725056e-03
8.284119e-03;1.446042e-02;1.216574e-02;9.511881e-03;4.467279e-02;9.413635e-02;7.707143e-01;2.397116e-02;8.339932e-03;7.590130e-03;4.493750e-03;1.659400e-03
1.349988e-02;9.047868e-03;1.278030e-02;1.894546e-02;6.770533e-02;1.385538e-01;6.509838e-01;4.896452e-02;8.426243e-03;2.661241e-02;2.030162e-03;2.450188e-03
1.935529e-02;6.581084e-03;5.057283e-02;2.647314e-02;1.170075e-01;1.681307e-01;4.682899e-01;8.085902e-02;1.514958e-02;3.790512e-02;1.998965e-03;7.676919e-03
1.748098e-02;1.167828e-02;1.802509e-01;3.982871e-02;1.493237e-01;1.342255e-01;3.314230e-01;6.367847e-02;2.526835e-02;2.742907e-02;4.610303e-03;1.480264e-02
2.124614e-02;2.767258e-02;3.576944e-01;5.555563e-02;1.079059e-01;7.920658e-02;2.578761e-01;2.579240e-02;2.528438e-02;1.820947e-02;6.922221e-03;1.663430e-02
4.416122e-02;7.436815e-02;5.197905e-01;4.514733e-02;3.804795e-02;4.830572e-02;1.502653e-01;1.223840e-02;2.829229e-02;2.046772e-02;8.148843e-03;1.076655e-02
8.809720e-02;1.496502e-01;5.392140e-01;2.850575e-02;1.783286e-02;3.570084e-02;4.659157e-02;1.325199e-02;4.887994e-02;1.498633e-02;8.937839e-03;8.351489e-03
1.584092e-01;1.844984e-01;4.225873e-01;1.735258e-02;2.193367e-02;2.778467e-02;4.160282e-02;2.939696e-02;5.440575e-02;1.669909e-02;1.242312e-02;1.290649e-02
2.119855e-01;1.752732e-01;3.611899e-01;1.533079e-02;4.044202e-02;1.685762e-02;4.460560e-02;4.403956e-02;3.526118e-02;1.752794e-02;1.999670e-02;1.749006e-02
1.788662e-01;1.273863e-01;4.295186e-01;2.268312e-02;4.291973e-02;1.641755e-02;4.026532e-02;5.271336e-02;2.759232e-02;1.903737e-02;2.212266e-02;2.047743e-02
8.968147e-02;6.682968e-02;4.574836e-01;4.191647e-02;5.500104e-02;3.955929e-02;5.768332e-02;5.361437e-02;5.147452e-02;3.470750e-02;2.378665e-02;2.826203e-02
7.050989e-02;5.856286e-02;3.625406e-01;5.674052e-02;7.303315e-02;6.303625e-02;7.222585e-02;5.635730e-02;6.933434e-02;4.935215e-02;2.974960e-02;3.855752e-02
6.983382e-02;6.787404e-02;2.553580e-01;6.545122e-02;7.992364e-02;7.064822e-02;1.075569e-01;6.497575e-02;9.047140e-02;4.795195e-02;3.934778e-02;4.060729e-02
7.242383e-02;5.425268e-02;1.738216e-01;6.631120e-02;9.132960e-02;6.782880e-02;1.768811e-01;6.387987e-02;8.738422e-02;6.711592e-02;3.683800e-02;4.193312e-02
7.454720e-02;6.061362e-02;2.369953e-01;5.960093e-02;8.954192e-02;5.798985e-02;2.039675e-01;5.304968e-02;4.679757e-02;5.791161e-02;3.889057e-02;2.009421e-02
8.296213e-02;7.077996e-02;2.829388e-01;5.926796e-02;8.825690e-02;5.260142e-02;1.569921e-01;4.585543e-02;5.484354e-02;4.849572e-02;3.955507e-02;1.745107e-02
9.877715e-02;6.360150e-02;2.919441e-01;5.797404e-02;7.181767e-02;4.755811e-02;1.124200e-01;5.374917e-02;7.499798e-02;5.014991e-02;4.943265e-02;2.757775e-02
7.888792e-02;3.652516e-02;2.605148e-01;4.693935e-02;6.452715e-02;5.874465e-02;1.733589e-01;5.771682e-02;7.675529e-02;7.166093e-02;4.837590e-02;2.599321e-02
3.795382e-02;4.112276e-02;3.052973e-01;4.440553e-02;9.567884e-02;6.367850e-02;1.635141e-01;5.339727e-02;5.342781e-02;7.790664e-02;4.379903e-02;1.981842e-02
3.339754e-02;3.934255e-02;3.715442e-01;3.499765e-02;8.812393e-02;5.724385e-02;1.249223e-01;5.162405e-02;6.365214e-02;6.628865e-02;4.300559e-02;2.585754e-02
3.329849e-02;3.390342e-02;3.323240e-01;5.293306e-02;6.564207e-02;7.337160e-02;1.556493e-01;3.838540e-02;8.362457e-02;6.165537e-02;4.502811e-02;2.418461e-02
5.240957e-02;4.024456e-02;2.423078e-01;8.318490e-02;7.262285e-02;8.070108e-02;1.115588e-01;6.335443e-02;8.353661e-02;7.926017e-02;5.184521e-02;3.897402e-02
6.150929e-02;3.241101e-02;1.725180e-01;6.315968e-02;8.809090e-02;9.541097e-02;1.691291e-01;7.191377e-02;3.767253e-02;9.686802e-02;5.841995e-02;5.289671e-02
9.210539e-02;4.861742e-02;1.588566e-01;1.151681e-01;8.023985e-02;5.494486e-02;1.814015e-01;5.490424e-02;5.700289e-02;7.087602e-02;6.022778e-02;2.565533e-02
1.229379e-01;6.320261e-02;1.645305e-01;1.406983e-01;5.261571e-02;3.750182e-02;6.242597e-02;4.894309e-02;1.072506e-01;1.008356e-01;6.122445e-02;3.783349e-02
1.030035e-01;5.913522e-02;9.519932e-02;1.525720e-01;4.324408e-02;3.713108e-02;9.295608e-02;6.460771e-02;1.707420e-01;9.073635e-02;5.374644e-02;3.692619e-02
6.100166e-02;3.754585e-02;9.000035e-02;1.654760e-01;2.922435e-02;5.832386e-02;8.456116e-02;1.182422e-01;2.112674e-01;7.575314e-02;3.554206e-02;3.306200e-02
2.091591e-02;1.665063e-02;1.382814e-01;1.230967e-01;1.640723e-02;9.566648e-02;8.058213e-02;2.006361e-01;2.193035e-01;4.976956e-02;1.393043e-02;2.475979e-02
3.650995e-02;3.607917e-03;1.374416e-01;6.303088e-02;1.191676e-02;7.749943e-02;6.014999e-02;1.826105e-01;3.565742e-01;5.000790e-02;6.394086e-03;1.425673e-02
8.284292e-02;1.749709e-02;6.486843e-02;8.818740e-02;2.110559e-02;2.916148e-02;4.594274e-02;8.221631e-02;4.074619e-01;1.246799e-01;2.458640e-02;1.144990e-02
1.046987e-01;3.958810e-02;2.374285e-02;5.502458e-02;3.935408e-02;2.796417e-02;4.948718e-02;3.723078e-02;2.551427e-01;2.161625e-01;1.124461e-01;3.915833e-02
1.164858e-01;4.632302e-02;1.943995e-02;1.522252e-02;3.681231e-02;4.363678e-02;5.025081e-02;3.027663e-02;8.777774e-02;1.928578e-01;2.211371e-01;1.397796e-01
2.069126e-01;4.450561e-02;1.748040e-02;1.002353e-02;1.781441e-02;3.158249e-02;5.849125e-02;4.675056e-02;2.865179e-02;8.340373e-02;1.961267e-01;2.582569e-01
3.922897e-01;6.495822e-02;2.107413e-02;7.089467e-03;6.950450e-03;1.270515e-02;3.621848e-02;8.431305e-02;1.804260e-02;2.720363e-02;7.379866e-02;2.553565e-01
3.141374e-01;5.358815e-02;2.498581e-02;1.085987e-02;6.453260e-03;9.628337e-03;8.433247e-02;6.962296e-02;9.367411e-03;1.687051e-02;6.229963e-02;3.378542e-01
1.173024e-01;2.314168e-02;1.432826e-02;1.181460e-02;6.750463e-03;1.435440e-02;1.255416e-01;3.009655e-02;1.441157e-02;2.367214e-02;1.456828e-01;4.729036e-01
1.053249e-01;2.412510e-02;1.127711e-02;1.753438e-02;7.666499e-03;1.375559e-02;9.977131e-02;1.121233e-02;1.353673e-02;2.668998e-02;1.743593e-01;4.947467e-01
2.170355e-01;4.034419e-02;1.305968e-02;2.520155e-02;5.578370e-03;1.229658e-02;6.983880e-02;8.078781e-03;1.514652e-02;3.154933e-02;1.076193e-01;4.542514e-01
2.580810e-01;3.376826e-02;2.869324e-02;2.460912e-02;7.895544e-03;1.281815e-02;6.128836e-02;1.204426e-02;1.932044e-02;4.188119e-02;7.717244e-02;4.224279e-01
2.407769e-01;3.660964e-02;5.697424e-02;2.619839e-02;1.447024e-02;1.773429e-02;5.282638e-02;2.124211e-02;2.362556e-02;4.027098e-02;7.759100e-02;3.916802e-01
1.846329e-01;6.669261e-02;8.665185e-02;3.426673e-02;1.809364e-02;2.441021e-02;3.460781e-02;4.679773e-02;5.621684e-02;7.665357e-02;1.288680e-01;2.421082e-01
1.067524e-01;1.082602e-01;8.228696e-02;4.011427e-02;2.272560e-02;2.151440e-02;5.192956e-02;5.987674e-02;1.427891e-01;1.507534e-01;1.212687e-01;9.172862e-02
1.024134e-01;1.115517e-01;6.007636e-02;3.950472e-02;4.031190e-02;2.414566e-02;6.828808e-02;9.732179e-02;2.014312e-01;1.590930e-01;4.608637e-02;4.977590e-02
7.099087e-02;8.156214e-02;7.208876e-02;6.646489e-02;8.313479e-02;2.418107e-02;6.288201e-02;8.917258e-02;1.360838e-01;2.451731e-01;2.149123e-02;4.677476e-02
3.486178e-02;8.664657e-02;6.010818e-02;5.669693e-02;7.512134e-02;6.586120e-02;5.825540e-02;7.586396e-02;1.974924e-01;2.415069e-01;1.675978e-02;3.082560e-02
4.479787e-02;8.035082e-02;4.400994e-02;4.120832e-02;4.603918e-02;1.115770e-01;6.808334e-02;1.308968e-01;1.905075e-01;1.977547e-01;2.384220e-02;2.093224e-02
7.085113e-02;6.859712e-02;6.444181e-02;5.401615e-02;4.192183e-02;1.012616e-01;9.548055e-02;1.138039e-01;1.152952e-01;2.172243e-01;2.780866e-02;2.929782e-02
8.048895e-02;7.516308e-02;1.178111e-01;4.706765e-02;5.572456e-02;7.611087e-02;1.639730e-01;8.746106e-02;9.526246e-02;1.331643e-01;3.042523e-02;3.734772e-02
7.990962e-02;6.864621e-02;8.377226e-02;2.710920e-02;6.141819e-02;6.754562e-02;2.965143e-01;6.967592e-02;9.174992e-02;9.121966e-02;3.036453e-02;3.207459e-02
8.390868e-02;6.518285e-02;4.841420e-02;1.531855e-02;7.735968e-02;7.454598e-02;3.938918e-01;5.679610e-02;6.205429e-02;6.254475e-02;2.466572e-02;3.531735e-02
8.887456e-02;3.876438e-02;6.639516e-02;2.141029e-02;1.275888e-01;1.035725e-01;3.407582e-01;3.055199e-02;5.162081e-02;3.689130e-02;1.705500e-02;7.651706e-02
6.035538e-02;1.905693e-02;8.559103e-02;3.426317e-02;2.209427e-01;9.778198e-02;2.355273e-01;2.005765e-02;5.759046e-02;2.093243e-02;1.181878e-02;1.360822e-01
2.341137e-02;1.412668e-02;1.006951e-01;6.129850e-02;2.934685e-01;6.340608e-02;1.576278e-01;3.730251e-02;4.582883e-02;1.328510e-02;2.671159e-02;1.628379e-01
1.035215e-02;1.512151e-02;1.160799e-01;1.109685e-01;2.865486e-01;5.145509e-02;1.001255e-01;8.792940e-02;1.706817e-02;1.642696e-02;4.534876e-02;1.425755e-01
8.750571e-03;1.216296e-02;1.359381e-01;1.869821e-01;2.147978e-01;4.017407e-02;5.122552e-02;1.336517e-01;1.463025e-02;1.965594e-02;7.906336e-02;1.029676e-01
6.777056e-03;8.560043e-03;1.555616e-01;2.685115e-01;1.444856e-01;3.051708e-02;2.100521e-02;1.475458e-01;1.145730e-02;1.694398e-02;1.352669e-01;5.336803e-02
4.727265e-03;1.264467e-02;1.802649e-01;3.173740e-01;1.003773e-01;2.692728e-02;1.046914e-02;1.283514e-01;6.977464e-03;1.302992e-02;1.868162e-01;1.204042e-02
6.395319e-03;1.451408e-02;1.762129e-01;3.019492e-01;1.141924e-01;2.761329e-02;1.265961e-02;7.307122e-02;7.458010e-03;1.051067e-02;1.929630e-01;6.246032e-02
1.651779e-02;1.019964e-02;1.303671e-01;1.999090e-01;2.061950e-01;4.584323e-02;2.977582e-02;3.059032e-02;1.591589e-02;1.104667e-02;1.326002e-01;1.710393e-01
6.895016e-02;9.135220e-03;7.668245e-02;8.638455e-02;2.384445e-01;1.261831e-01;1.005153e-01;1.820976e-02;2.421797e-02;8.184965e-03;5.257997e-02;1.905121e-01
1.207123e-01;1.185059e-02;3.371922e-02;3.689729e-02;1.679907e-01;2.498246e-01;1.907196e-01;2.625265e-02;2.422210e-02;1.585354e-02;1.928830e-02;1.026691e-01
1.153087e-01;1.360382e-02;3.719053e-02;4.099258e-02;1.241672e-01;2.995384e-01;2.027613e-01;3.550404e-02;3.499504e-02;3.094380e-02;2.498164e-02;4.001301e-02
6.282588e-02;3.883579e-02;1.192110e-01;7.255692e-02;1.249782e-01;1.826489e-01;1.344431e-01;4.399677e-02;8.836926e-02;4.615111e-02;3.755991e-02;4.842316e-02
6.570200e-02;7.748397e-02;1.686973e-01;6.808557e-02;7.956250e-02;6.077392e-02;1.128197e-01;9.170470e-02;1.567362e-01;5.313236e-02;3.299178e-02;3.230993e-02
1.061578e-01;8.310730e-02;1.085530e-01;3.074013e-02;4.614079e-02;3.239206e-02;1.069716e-01;2.459359e-01;1.583020e-01;3.885517e-02;2.062702e-02;2.221740e-02
9.217930e-02;4.966839e-02;3.402805e-02;4.938011e-02;3.105699e-02;2.845756e-02;1.780030e-01;3.293084e-01;8.391620e-02;4.258627e-02;1.933894e-02;6.207678e-02
3.734608e-02;2.193587e-02;2.694819e-02;6.424364e-02;1.585084e-02;3.594316e-02;3.056750e-01;2.358288e-01;6.913233e-02;4.946790e-02;3.382900e-02;1.037992e-01
1.205855e-02;1.351946e-02;6.920521e-02;4.517226e-02;1.526906e-02;7.948434e-02;2.832809e-01;1.311962e-01;1.245851e-01;3.002895e-02;9.893231e-02;9.726762e-02
1.885377e-02;1.028445e-02;1.175931e-01;1.675364e-02;1.880886e-02;1.546818e-01;1.440526e-01;7.717273e-02;1.655339e-01;2.676411e-02;1.927454e-01;5.675567e-02
2.254619e-02;1.393283e-02;1.257863e-01;5.394894e-03;2.782308e-02;2.084591e-01;7.867838e-02;6.328248e-02;1.239236e-01;3.856131e-02;2.718794e-01;1.973240e-02
2.556619e-02;3.095378e-02;9.071056e-02;9.784445e-03;4.039535e-02;1.909689e-01;7.539432e-02;1.213158e-01;4.673304e-02;7.015599e-02;2.885687e-01;9.452895e-03
1.628782e-02;5.374806e-02;4.596953e-02;1.973873e-02;6.519811e-02;1.308697e-01;1.085555e-01;1.782277e-01;3.615038e-02;1.030953e-01;2.339653e-01;8.193734e-03
1.607552e-02;7.428946e-02;2.470182e-02;3.396470e-02;8.758614e-02;9.685870e-02;1.009109e-01;1.840027e-01;2.936110e-02;1.208071e-01;2.156709e-01;1.577099e-02
2.085596e-02;7.558005e-02;4.739578e-02;3.227600e-02;1.436228e-01;1.151320e-01;8.049577e-02;1.199379e-01;2.146075e-02;1.167710e-01;2.130831e-01;1.338890e-02
7.403535e-02;7.574479e-02;8.034468e-02;2.935228e-02;2.204974e-01;8.839314e-02;4.757968e-02;5.361870e-02;6.061703e-02;1.075621e-01;1.418202e-01;2.043460e-02
1.279368e-01;6.727169e-02;1.051921e-01;4.968863e-02;1.460282e-01;6.192587e-02;7.376876e-02;7.072616e-02;8.543851e-02;7.286604e-02;1.015379e-01;3.761940e-02
1.491229e-01;9.533869e-02;9.880693e-02;4.156356e-02;7.552097e-02;7.300387e-02;9.672944e-02;7.503068e-02;6.365905e-02;6.319976e-02;1.145633e-01;5.346078e-02
1.128615e-01;8.132683e-02;1.220909e-01;2.559662e-02;5.373183e-02;8.173735e-02;1.211542e-01;5.511284e-02;7.354333e-02;8.025222e-02;1.295120e-01;6.308037e-02
8.573171e-02;6.641435e-02;1.546324e-01;2.071920e-02;6.253058e-02;8.469423e-02;1.611828e-01;7.045668e-02;7.283064e-02;6.663430e-02;1.112610e-01;4.291213e-02
7.604607e-02;8.969143e-02;1.829344e-01;3.833061e-02;6.809000e-02;6.675731e-02;1.515097e-01;7.841428e-02;6.118169e-02;8.039154e-02;7.576741e-02;3.088565e-02
5.563449e-02;1.157394e-01;2.210308e-01;5.895387e-02;5.082051e-02;3.576830e-02;1.453880e-01;5.186725e-02;6.559949e-02;1.096496e-01;5.115955e-02;3.838878e-02
