6.857317e-02;7.450979e-02;1.343804e-01;8.107613e-02;8.594703e-02;1.057400e-01;2.152477e-01;8.399124e-02;3.441790e-02;4.112160e-02;3.679312e-02;3.820179e-02
5.202945e-02;5.445878e-02;1.224640e-01;7.202993e-02;7.510677e-02;1.141105e-01;3.220540e-01;7.965141e-02;3.346390e-02;2.356594e-02;2.681985e-02;2.424555e-02
2.893729e-02;5.247755e-02;8.001313e-02;4.980797e-02;5.124770e-02;9.006586e-02;4.693721e-01;1.035528e-01;3.157781e-02;1.190504e-02;2.118718e-02;9.855592e-03
1.312167e-02;1.063085e-01;2.549903e-02;1.990604e-02;2.377843e-02;3.169526e-02;6.234058e-01;1.108509e-01;1.877491e-02;5.770505e-03;1.611316e-02;4.775804e-03
1.902764e-02;1.479148e-01;8.770905e-03;5.366490e-03;1.922550e-02;6.666132e-02;6.440231e-01;6.287004e-02;7.124428e-03;3.804625e-03;1.090087e-02;4.310302e-03
1.218928e-02;1.568898e-01;9.353655e-03;9.045868e-03;2.378568e-02;8.451326e-02;6.544667e-01;2.643169e-02;6.506099e-03;5.500819e-03;7.771053e-03;3.546078e-03
2.684419e-02;1.253250e-01;8.591563e-03;9.196767e-03;2.851387e-02;1.102938e-01;6.330106e-01;2.465849e-02;1.159661e-02;9.754456e-03;8.374651e-03;3.839990e-03
6.624396e-02;6.926414e-02;9.694980e-03;1.116311e-02;4.525073e-02;2.005698e-01;5.491594e-01;1.601676e-02;1.346749e-02;1.187182e-02;4.124223e-03;3.173553e-03
9.749018e-02;3.731569e-02;1.614160e-02;1.023755e-02;6.572985e-02;2.864102e-01;4.383188e-01;1.255385e-02;8.429630e-03;2.037870e-02;3.758259e-03;3.235629e-03
1.104155e-01;2.397478e-02;2.193808e-02;8.546781e-03;1.108723e-01;3.505556e-01;3.098220e-01;1.829918e-02;9.325312e-03;2.582797e-02;7.199631e-03;3.222913e-03
9.998273e-02;1.621457e-02;2.295995e-02;9.268738e-03;1.715179e-01;4.164342e-01;1.916191e-01;2.276937e-02;1.331546e-02;1.693870e-02;1.193431e-02;7.045041e-03
6.539148e-02;1.168704e-02;1.700618e-02;1.445402e-02;1.838688e-01;4.172027e-01;2.257772e-01;1.659318e-02;1.035489e-02;1.780714e-02;9.266566e-03;1.059084e-02
6.261050e-02;1.651511e-02;2.442426e-02;8.721507e-03;1.808028e-01;4.060420e-01;2.516506e-01;1.204722e-02;9.709517e-03;1.448614e-02;6.507049e-03;6.483322e-03
5.231213e-02;1.911928e-02;2.516294e-02;1.350954e-02;2.103290e-01;4.145979e-01;2.196289e-01;1.577523e-02;5.791462e-03;1.411550e-02;4.670018e-03;4.988077e-03
3.496618e-02;1.750012e-02;2.625429e-02;1.627234e-02;2.382151e-01;4.143891e-01;2.102518e-01;1.130402e-02;7.491065e-03;1.092718e-02;3.191022e-03;9.237717e-03
2.422513e-02;1.949950e-02;2.843659e-02;1.983420e-02;2.741286e-01;4.309169e-01;1.606949e-01;1.354381e-02;9.197905e-03;9.205123e-03;6.499263e-03;3.818115e-03
2.468029e-02;1.841312e-02;3.026147e-02;1.463084e-02;2.476854e-01;4.143565e-01;2.132026e-01;1.224122e-02;6.498913e-03;9.919831e-03;4.294418e-03;3.815359e-03
4.936934e-02;1.687428e-02;1.991563e-02;1.690745e-02;1.822066e-01;3.852826e-01;2.583722e-01;2.285308e-02;8.076919e-03;2.581089e-02;5.692301e-03;8.638712e-03
5.305149e-02;2.541834e-02;1.741268e-02;1.498606e-02;1.063432e-01;3.180369e-01;3.785504e-01;2.714228e-02;1.047793e-02;3.724505e-02;7.460527e-03;3.875203e-03
2.955206e-02;3.415114e-02;2.069982e-02;1.113000e-02;7.327162e-02;2.162114e-01;4.898202e-01;5.415639e-02;2.420210e-02;2.892136e-02;1.218596e-02;5.697934e-03
1.611217e-02;2.942255e-02;2.613804e-02;1.342339e-02;5.925240e-02;1.217099e-01;4.841253e-01;1.349884e-01;5.740052e-02;2.322270e-02;1.584672e-02;1.835799e-02
2.160916e-02;1.087887e-02;3.213447e-02;2.284588e-02;5.028387e-02;6.265716e-02;3.885703e-01;1.774682e-01;1.412029e-01;4.754084e-02;1.651067e-02;2.829775e-02
3.188067e-02;1.304945e-02;2.509354e-02;3.668183e-02;5.426162e-02;9.289928e-02;2.248878e-01;1.171640e-01;2.336832e-01;1.253445e-01;2.814675e-02;1.690725e-02
3.707397e-02;2.366896e-02;3.639540e-02;2.581448e-02;6.377557e-02;9.077147e-02;1.680364e-01;5.942897e-02;1.817101e-01;2.260097e-01;7.222977e-02;1.508516e-02
3.074001e-02;2.623574e-02;2.802798e-02;1.729460e-02;6.614926e-02;7.466771e-02;1.552283e-01;4.982791e-02;9.269365e-02;2.730408e-01;1.588397e-01;2.725433e-02
3.519158e-02;1.753809e-02;5.123038e-02;9.433868e-03;6.038037e-02;9.767646e-02;6.496013e-02;5.148644e-02;3.824186e-02;2.573870e-01;2.713097e-01;4.516413e-02
3.900216e-02;2.151010e-02;3.387693e-02;1.636622e-02;5.508640e-02;1.365124e-01;1.339158e-01;4.854675e-02;4.518319e-02;1.736936e-01;2.515666e-01;4.473987e-02
6.487082e-02;2.070917e-02;3.051061e-02;1.974403e-02;6.771800e-02;1.444604e-01;2.582604e-01;5.339016e-02;3.825399e-02;9.263926e-02;1.465247e-01;6.291840e-02
6.530957e-02;3.821858e-02;3.751511e-02;2.081986e-02;8.172075e-02;1.420137e-01;2.071679e-01;7.453561e-02;6.750454e-02;9.486166e-02;1.167079e-01;5.362483e-02
7.816054e-02;4.991022e-02;4.122951e-02;2.137026e-02;7.524174e-02;7.650102e-02;2.528673e-01;4.906898e-02;9.851626e-02;1.291946e-01;1.000217e-01;2.791786e-02
7.278251e-02;4.793243e-02;4.717601e-02;2.301816e-02;7.062119e-02;7.477746e-02;2.420842e-01;7.802258e-02;9.216486e-02;1.393195e-01;7.689961e-02;3.520147e-02
9.845748e-02;5.037148e-02;5.479159e-02;3.203421e-02;8.088101e-02;8.182433e-02;1.934925e-01;5.329813e-02;9.350183e-02;1.457265e-01;7.228301e-02;4.333793e-02
1.032574e-01;4.351669e-02;4.442439e-02;2.997416e-02;7.875801e-02;1.124916e-01;1.429541e-01;5.789700e-02;8.473567e-02;1.301963e-01;1.124999e-01;5.929474e-02
8.941907e-02;4.549469e-02;7.737473e-02;2.566631e-02;7.553113e-02;1.430162e-01;1.177870e-01;6.096868e-02;6.492828e-02;1.283302e-01;1.170696e-01;5.441407e-02
6.936444e-02;4.429029e-02;9.985069e-02;3.606111e-02;8.241691e-02;1.259713e-01;1.342071e-01;6.630935e-02;6.055934e-02;1.325753e-01;9.572784e-02;5.266628e-02
4.337595e-02;5.005373e-02;4.754308e-02;5.375062e-02;8.950059e-02;1.517954e-01;2.365872e-01;3.681520e-02;6.440009e-02;1.340348e-01;6.256536e-02;2.957803e-02
5.689614e-02;5.033951e-02;7.361121e-02;4.754764e-02;7.615346e-02;1.541677e-01;2.132664e-01;4.284633e-02;7.542467e-02;1.260362e-01;6.179095e-02;2.191986e-02
7.192641e-02;4.380251e-02;8.835828e-02;3.114378e-02;8.394328e-02;1.408718e-01;1.237930e-01;7.851298e-02;8.775321e-02;1.376899e-01;7.576234e-02;3.644252e-02
8.039619e-02;6.436963e-02;6.897003e-02;3.859427e-02;7.978834e-02;1.239803e-01;1.337941e-01;6.434412e-02;9.251902e-02;1.256368e-01;8.143296e-02;4.617427e-02
8.091726e-02;6.344366e-02;9.234358e-02;3.037676e-02;6.346317e-02;1.131645e-01;1.280564e-01;4.202120e-02;1.203684e-01;1.147217e-01;9.758206e-02;5.354128e-02
5.996631e-02;7.754620e-02;1.375742e-01;2.832462e-02;4.901234e-02;1.094493e-01;8.423369e-02;7.874557e-02;1.255663e-01;1.097544e-01;8.842618e-02;5.140092e-02
5.047105e-02;9.317587e-02;1.640837e-01;5.896117e-02;8.330626e-02;9.060945e-02;1.168390e-01;8.743431e-02;7.868095e-02;1.001903e-01;4.962042e-02;2.662762e-02
6.539052e-02;9.844863e-02;1.193640e-01;7.767601e-02;7.643970e-02;4.684395e-02;1.241463e-01;7.111547e-02;1.025118e-01;1.223136e-01;6.059464e-02;3.515541e-02
9.156972e-02;9.109348e-02;1.228279e-01;6.422132e-02;4.303158e-02;7.120071e-02;9.987796e-02;7.230551e-02;8.362092e-02;1.125306e-01;8.246191e-02;6.525839e-02
9.106834e-02;9.446082e-02;1.372102e-01;5.054032e-02;4.036646e-02;7.485554e-02;1.458737e-01;7.094076e-02;6.648945e-02;8.232579e-02;9.387615e-02;5.199246e-02
4.407281e-02;4.008706e-02;6.813548e-02;3.699257e-02;4.822339e-02;6.267156e-02;1.625581e-01;1.297031e-01;1.336408e-01;8.527742e-02;1.021278e-01;8.650988e-02
5.135048e-02;3.861202e-02;5.216350e-02;2.677789e-02;3.392933e-02;5.397945e-02;1.312519e-01;1.302218e-01;1.855736e-01;1.117856e-01;1.158242e-01;6.853031e-02
4.790659e-02;4.291914e-02;5.081433e-02;2.266886e-02;3.226300e-02;5.164861e-02;1.348420e-01;1.315123e-01;1.969700e-01;1.148666e-01;1.114549e-01;6.213371e-02
4.242826e-02;5.680696e-02;5.570919e-02;2.672347e-02;4.627690e-02;5.592889e-02;1.402939e-01;1.238345e-01;2.060773e-01;1.038682e-01;8.021238e-02;6.183997e-02
5.353718e-02;5.093272e-02;7.440604e-02;3.392464e-02;9.470767e-02;8.800618e-02;2.306448e-01;1.276787e-01;1.329525e-01;5.021702e-02;1.775928e-02;4.523322e-02
4.881030e-02;4.348786e-02;6.371012e-02;3.116980e-02;1.246819e-01;1.157205e-01;2.481516e-01;1.023091e-01;9.098005e-02;4.197374e-02;2.797623e-02;6.102869e-02
3.108300e-02;3.089863e-02;5.242892e-02;6.404766e-02;1.585829e-01;1.099014e-01;1.841255e-01;1.019744e-01;8.730228e-02;2.927829e-02;5.982774e-02;9.054928e-02
1.250738e-02;2.170378e-02;7.948785e-02;1.352483e-01;1.440129e-01;6.936555e-02;8.147860e-02;1.347984e-01;5.653582e-02;2.064507e-02;1.524661e-01;9.175023e-02
1.947910e-02;1.765075e-02;1.461850e-01;1.821129e-01;7.217260e-02;3.287063e-02;4.439216e-02;1.466037e-01;3.023030e-02;4.937147e-02;2.173507e-01;4.158078e-02
3.035651e-02;2.071914e-02;2.678512e-01;1.264204e-01;2.645569e-02;2.032676e-02;7.772052e-02;8.036324e-02;1.222758e-02;1.707527e-01;1.541799e-01;1.262638e-02
3.045618e-02;3.946870e-02;3.190836e-01;4.928999e-02;2.098877e-02;1.937169e-02;8.260585e-02;2.766722e-02;4.089233e-02;2.801810e-01;6.591041e-02;2.408429e-02
2.176686e-02;6.938297e-02;2.939331e-01;1.603128e-02;1.115924e-02;2.053501e-02;5.185856e-02;2.853529e-02;1.168569e-01;2.834308e-01;3.434997e-02;5.215998e-02
1.215025e-02;9.459947e-02;2.591061e-01;1.347358e-02;1.175161e-02;1.494461e-02;2.453743e-02;4.115553e-02;2.382883e-01;1.844872e-01;3.025193e-02;7.525398e-02
2.997204e-02;9.900239e-02;2.152305e-01;1.967003e-02;1.468679e-02;1.612152e-02;3.028586e-02;5.732922e-02;3.299796e-01;1.097609e-01;3.292796e-02;4.503328e-02
4.439555e-02;8.510152e-02;1.779796e-01;2.723126e-02;1.619885e-02;2.128780e-02;4.676535e-02;8.206744e-02;3.005331e-01;1.073688e-01;3.953410e-02;5.153657e-02
6.365029e-02;7.247727e-02;1.436022e-01;3.882194e-02;1.833786e-02;2.455625e-02;6.723344e-02;8.798173e-02;2.619304e-01;1.069051e-01;4.460069e-02;6.990286e-02
5.172220e-02;5.719514e-02;2.648856e-01;6.045834e-02;4.289557e-02;4.068509e-02;5.323813e-02;5.273794e-02;2.061814e-01;7.108773e-02;5.628221e-02;4.263068e-02
3.742102e-02;3.644281e-02;3.842727e-01;8.846243e-02;5.700069e-02;4.346631e-02;6.657781e-02;3.146376e-02;1.132363e-01;7.198346e-02;4.300820e-02;2.666453e-02
4.802455e-02;6.551504e-02;3.872169e-01;1.528452e-01;6.912504e-02;2.738175e-02;4.504818e-02;2.589351e-02;5.688436e-02;5.640705e-02;4.672275e-02;1.893565e-02
3.188139e-02;7.976068e-02;3.083057e-01;1.792319e-01;1.474053e-01;3.725813e-02;4.260881e-02;2.639999e-02;4.458554e-02;3.121785e-02;3.699869e-02;3.434611e-02
2.100807e-02;4.831668e-02;2.384150e-01;1.334967e-01;2.331837e-01;7.895058e-02;6.732228e-02;2.886838e-02;6.531419e-02;1.903235e-02;1.659291e-02;4.949915e-02
4.810829e-02;1.909471e-02;1.395279e-01;7.572339e-02;2.051017e-01;1.604278e-01;1.847101e-01;3.529543e-02;6.532758e-02;2.588722e-02;8.468604e-03;3.232727e-02
4.565559e-02;2.593699e-02;5.634428e-02;6.853489e-02;1.032273e-01;1.685077e-01;4.150752e-01;3.240562e-02;3.208255e-02;2.783084e-02;1.014111e-02;1.425784e-02
2.324087e-02;3.272521e-02;3.145291e-02;4.782282e-02;6.270967e-02;1.022306e-01;5.743858e-01;6.378059e-02;1.659324e-02;2.447586e-02;1.581260e-02;4.769835e-03
8.739336e-03;2.223987e-02;3.700260e-02;2.751719e-02;5.653366e-02;5.123994e-02;6.381281e-01;8.979451e-02;1.645234e-02;3.177813e-02;1.455493e-02;6.019420e-03
1.108394e-02;2.093300e-02;4.005024e-02;2.591799e-02;5.200887e-02;6.138133e-02;6.434019e-01;6.287685e-02;3.076939e-02;2.943777e-02;1.496270e-02;7.175999e-03
1.357232e-02;1.862730e-02;5.220190e-02;3.466191e-02;7.305078e-02;7.196067e-02;6.325347e-01;3.125262e-02;2.343878e-02;2.634297e-02;1.462963e-02;7.726422e-03
1.827396e-02;2.773090e-02;9.488865e-02;3.257776e-02;9.251847e-02;7.706605e-02;5.510724e-01;2.569327e-02;2.541152e-02;3.112187e-02;1.357667e-02;1.006846e-02
3.840459e-02;3.941662e-02;1.473666e-01;3.905377e-02;1.019625e-01;7.463158e-02;3.993143e-01;3.851197e-02;3.730184e-02;3.652273e-02;2.402750e-02;2.348607e-02
5.491748e-02;4.122461e-02;1.486373e-01;4.418435e-02;1.124221e-01;7.115338e-02;3.086886e-01;4.682116e-02;4.318403e-02;3.842625e-02;5.126887e-02;3.907197e-02
4.571946e-02;5.499345e-02;9.627259e-02;8.814120e-02;7.979757e-02;1.005605e-01;2.567181e-01;5.735718e-02;6.208615e-02;4.130815e-02;4.799142e-02;6.905425e-02
5.785183e-02;6.632878e-02;1.321928e-01;1.180130e-01;5.819966e-02;8.736861e-02;2.083918e-01;6.131986e-02;5.776871e-02;4.654224e-02;4.968308e-02;5.633972e-02
8.430754e-02;3.208623e-02;1.096370e-01;9.988748e-02;8.452136e-02;8.762142e-02;3.055511e-01;3.970832e-02;2.770762e-02;4.706652e-02;4.491428e-02;3.699109e-02
6.785461e-02;3.332181e-02;8.296581e-02;5.194094e-02;1.142791e-01;1.169632e-01;3.356950e-01;5.502032e-02;4.021006e-02;3.924368e-02;3.126043e-02;3.124495e-02
4.033362e-02;3.136390e-02;1.317870e-01;8.850304e-02;1.618760e-01;1.286920e-01;2.696289e-01;4.019365e-02;2.395421e-02;2.885038e-02;2.726327e-02;2.755402e-02
1.578348e-02;3.011351e-02;2.375203e-01;1.660072e-01;1.775981e-01;1.151056e-01;1.412266e-01;2.894948e-02;1.507886e-02;1.819661e-02;3.352516e-02;2.089517e-02
1.476761e-02;3.111371e-02;4.179907e-01;1.793501e-01;1.075653e-01;8.512529e-02;5.974589e-02;2.241775e-02;2.111924e-02;2.113260e-02;3.135072e-02;8.321159e-03
2.246157e-02;2.712698e-02;5.454093e-01;1.074419e-01;5.112109e-02;5.286046e-02;9.373169e-02;1.145416e-02;2.550717e-02;4.466813e-02;1.538121e-02;2.836249e-03
2.180652e-02;2.875032e-02;5.663104e-01;5.524068e-02;5.350715e-02;2.713657e-02;1.353581e-01;8.350876e-03;2.370248e-02;6.469487e-02;8.386581e-03;6.755513e-03
1.621035e-02;5.175979e-02;5.685701e-01;2.988274e-02;5.444515e-02;1.895837e-02;1.304194e-01;2.572513e-02;2.223167e-02;7.131924e-02;5.898168e-03;4.579765e-03
2.526068e-02;8.126727e-02;5.521508e-01;3.964045e-02;6.432064e-02;2.386430e-02;7.297354e-02;5.418466e-02;2.125375e-02;5.261445e-02;4.994353e-03;7.475091e-03
7.861956e-02;1.083897e-01;4.698164e-01;4.092306e-02;6.235284e-02;2.610748e-02;5.411385e-02;5.450898e-02;3.926049e-02;4.125001e-02;1.114728e-02;1.351032e-02
1.318472e-01;1.017901e-01;3.168800e-01;3.968465e-02;5.920615e-02;4.351703e-02;1.223668e-01;3.452452e-02;4.740026e-02;4.681618e-02;3.015091e-02;2.581612e-02
1.018506e-01;6.625188e-02;2.595985e-01;9.656816e-02;6.640285e-02;6.964114e-02;1.376517e-01;1.678786e-02;4.063719e-02;7.421709e-02;3.899172e-02;3.140133e-02
5.291331e-02;4.976672e-02;2.805346e-01;1.401155e-01;8.717371e-02;5.270625e-02;1.243312e-01;2.090933e-02;6.341963e-02;7.676569e-02;3.158295e-02;1.978117e-02
5.042947e-02;4.201353e-02;3.990231e-01;1.296150e-01;8.546898e-02;4.104872e-02;8.122778e-02;3.104385e-02;4.839056e-02;4.785497e-02;3.055908e-02;1.332495e-02
5.668611e-02;4.060436e-02;4.936634e-01;8.727429e-02;7.419314e-02;3.549494e-02;4.373151e-02;3.667223e-02;4.162604e-02;4.062706e-02;3.951578e-02;9.911139e-03
4.760950e-02;4.499612e-02;4.513384e-01;1.024955e-01;5.341407e-02;4.033837e-02;8.739973e-02;3.952401e-02;4.003591e-02;4.449552e-02;3.824294e-02;1.010988e-02
4.809141e-02;2.161190e-02;4.118750e-01;9.753698e-02;4.495368e-02;3.844830e-02;1.008501e-01;3.185407e-02;6.975610e-02;6.757013e-02;3.934772e-02;2.810458e-02
6.602404e-02;4.976212e-02;3.868876e-01;6.624807e-02;4.586729e-02;4.377358e-02;5.622184e-02;2.895085e-02;8.514338e-02;8.936313e-02;3.636456e-02;4.539358e-02
5.362621e-02;7.010187e-02;2.379483e-01;7.278708e-02;1.027811e-01;9.095826e-02;7.400624e-02;4.601950e-02;5.036520e-02;9.791025e-02;4.753349e-02;5.596250e-02
7.011148e-02;6.583834e-02;1.480509e-01;7.697044e-02;1.333956e-01;1.090140e-01;7.927623e-02;3.550079e-02;6.047987e-02;9.349675e-02;5.979892e-02;6.806674e-02
8.023544e-02;4.966703e-02;1.561430e-01;7.226037e-02;1.346437e-01;1.113744e-01;1.538350e-01;4.429268e-02;5.198114e-02;5.564656e-02;4.005162e-02;4.986899e-02
5.624928e-02;2.831643e-02;1.860484e-01;7.638326e-02;1.512834e-01;1.048050e-01;2.273103e-01;3.884436e-02;3.304974e-02;3.879819e-02;2.376436e-02;3.514723e-02
2.607828e-02;3.380291e-02;2.216137e-01;1.362511e-01;1.774017e-01;9.466723e-02;1.733129e-01;3.421396e-02;1.943951e-02;3.300492e-02;2.047445e-02;2.973933e-02
3.126280e-02;5.810498e-02;2.929681e-01;2.042517e-01;1.624903e-01;6.826555e-02;6.226779e-02;3.464268e-02;9.463801e-03;2.830692e-02;2.718327e-02;2.079207e-02
6.113527e-02;8.234889e-02;3.403744e-01;2.029882e-01;1.213451e-01;4.276576e-02;3.544476e-02;3.403797e-02;8.864759e-03;2.278530e-02;3.107535e-02;1.683421e-02
7.007683e-02;9.327092e-02;3.266927e-01;1.499563e-01;1.098854e-01;5.538828e-02;6.912334e-02;2.896911e-02;1.231289e-02;2.931567e-02;3.128381e-02;2.372468e-02
9.336586e-02;1.238457e-01;3.013374e-01;1.191415e-01;7.016723e-02;4.314889e-02;6.101945e-02;2.907307e-02;4.453505e-02;6.685836e-02;2.742639e-02;2.008112e-02
1.193074e-01;1.699546e-01;3.029977e-01;1.470800e-01;3.193184e-02;2.823950e-02;3.815719e-02;2.164339e-02;6.906906e-02;3.651076e-02;1.880036e-02;1.630810e-02
1.210021e-01;2.147283e-01;2.855671e-01;1.545247e-01;1.875401e-02;2.991387e-02;1.450385e-02;1.646812e-02;9.991028e-02;2.329679e-02;9.252673e-03;1.207824e-02
1.477339e-01;2.190077e-01;2.218204e-01;1.419072e-01;2.286024e-02;2.213170e-02;1.959674e-02;3.643911e-02;1.208245e-01;3.019171e-02;7.662077e-03;9.824666e-03
2.357154e-01;1.738451e-01;1.327521e-01;7.632170e-02;6.599379e-02;1.157911e-02;5.700071e-02;7.728002e-02;1.064883e-01;2.865917e-02;1.902470e-02;1.533984e-02
3.131958e-01;1.395946e-01;1.001784e-01;1.944241e-02;9.439756e-02;1.265659e-02;9.916180e-02;9.084199e-02;6.394511e-02;2.401625e-02;2.369936e-02;1.887001e-02
3.135960e-01;1.581233e-01;1.279925e-01;2.394788e-02;6.277564e-02;2.092743e-02;9.815777e-02;6.925074e-02;5.334553e-02;2.996090e-02;1.934239e-02;2.257982e-02
2.445796e-01;1.602334e-01;2.441143e-01;4.177070e-02;4.043325e-02;3.839206e-02;6.466856e-02;5.290373e-02;3.342041e-02;3.099582e-02;1.991565e-02;2.857252e-02
1.383101e-01;9.213331e-02;3.701784e-01;6.897391e-02;5.006770e-02;3.423371e-02;8.527760e-02;5.770200e-02;2.361210e-02;3.272003e-02;2.605984e-02;2.073133e-02
6.332223e-02;2.777243e-02;3.934525e-01;1.085771e-01;8.755950e-02;4.304114e-02;8.445774e-02;8.428822e-02;3.866401e-02;2.514658e-02;3.353333e-02;1.018520e-02
4.763881e-02;2.128549e-02;2.984830e-01;1.159469e-01;1.649728e-01;7.076606e-02;7.240864e-02;6.748162e-02;5.921364e-02;2.991953e-02;2.702758e-02;2.485589e-02
5.236975e-02;1.871507e-02;2.559444e-01;7.566207e-02;2.258036e-01;9.181529e-02;1.167134e-01;2.931763e-02;6.916650e-02;3.195662e-02;6.828933e-03;2.570672e-02
4.613245e-02;2.783912e-02;3.019559e-01;6.553811e-02;2.117487e-01;8.252876e-02;1.233421e-01;1.749164e-02;6.332281e-02;1.896430e-02;1.910790e-02;2.202812e-02
4.429320e-02;3.617428e-02;4.003855e-01;9.383921e-02;1.572462e-01;5.518402e-02;6.431870e-02;3.770025e-02;4.548477e-02;1.657829e-02;2.821206e-02;2.058352e-02
4.100089e-02;3.357162e-02;5.016916e-01;1.090458e-01;1.157984e-01;3.549777e-02;1.656952e-02;5.060962e-02;2.846922e-02;1.260883e-02;3.471874e-02;2.041805e-02
1.724087e-02;2.695499e-02;5.251313e-01;1.086326e-01;1.214449e-01;3.517674e-02;5.241293e-02;4.094190e-02;2.437831e-02;1.152354e-02;2.697068e-02;9.191141e-03
1.375599e-02;1.120770e-02;3.675110e-01;7.787342e-02;1.916108e-01;8.867557e-02;1.623269e-01;2.720115e-02;2.133521e-02;1.684062e-02;1.293380e-02;8.727808e-03
2.074366e-02;1.967259e-02;2.160343e-01;3.846736e-02;2.141133e-01;1.241028e-01;2.856368e-01;2.139508e-02;2.741006e-02;1.783787e-02;6.741860e-03;7.844228e-03
3.174910e-02;2.430079e-02;1.834052e-01;4.410029e-02;1.938367e-01;1.301721e-01;3.106661e-01;1.905190e-02;2.775249e-02;1.436463e-02;9.980043e-03;1.062069e-02
4.679283e-02;1.768744e-02;2.120453e-01;5.846535e-02;1.535528e-01;1.305386e-01;2.736249e-01;2.842419e-02;2.197089e-02;1.903980e-02;1.633071e-02;2.152718e-02
5.976753e-02;5.326784e-02;2.549285e-01;6.964822e-02;1.353637e-01;1.063766e-01;1.514779e-01;4.482971e-02;4.297199e-02;2.958600e-02;2.443599e-02;2.734594e-02
9.505279e-02;1.085742e-01;1.439873e-01;1.043928e-01;9.404171e-02;8.275402e-02;1.447400e-01;5.197776e-02;5.810720e-02;4.819316e-02;3.822156e-02;2.995754e-02
9.200979e-02;1.068547e-01;1.014057e-01;1.038483e-01;1.054026e-01;6.211492e-02;1.861928e-01;5.896985e-02;5.546762e-02;4.246305e-02;5.087354e-02;3.439720e-02
5.812158e-02;6.389257e-02;1.396820e-01;1.441487e-01;1.197412e-01;4.950415e-02;1.637383e-01;6.554786e-02;5.251881e-02;4.774885e-02;5.802629e-02;3.732969e-02
4.146334e-02;6.156748e-02;1.843429e-01;1.319685e-01;1.379130e-01;7.034989e-02;1.258503e-01;5.177265e-02;6.310355e-02;6.180921e-02;4.493112e-02;2.492809e-02
6.242689e-02;5.084680e-02;2.039748e-01;1.185212e-01;1.373480e-01;8.166305e-02;9.262618e-02;3.930667e-02;7.049827e-02;6.736652e-02;2.714896e-02;4.827273e-02
8.106695e-02;5.116928e-02;1.814268e-01;8.640682e-02;1.360604e-01;6.455055e-02;1.113670e-01;6.607290e-02;6.693392e-02;6.830981e-02;2.435491e-02;6.228062e-02
8.156295e-02;7.901045e-02;1.758353e-01;4.955176e-02;1.111520e-01;5.927934e-02;1.433263e-01;7.223222e-02;5.468370e-02;6.778168e-02;4.317414e-02;6.241023e-02
7.726330e-02;7.048996e-02;1.519420e-01;4.361207e-02;1.114583e-01;9.483466e-02;1.404782e-01;6.235965e-02;5.629043e-02;6.793264e-02;6.253392e-02;6.080489e-02
5.981696e-02;8.657513e-02;1.161035e-01;7.346012e-02;1.441056e-01;9.914579e-02;9.069093e-02;5.347525e-02;6.156471e-02;8.645466e-02;5.936683e-02;6.924058e-02
7.016420e-02;1.131922e-01;1.598197e-01;1.036662e-01;1.173891e-01;7.991613e-02;7.225315e-02;5.277944e-02;6.433255e-02;7.096315e-02;4.194302e-02;5.358104e-02
9.685273e-02;8.713879e-02;1.441746e-01;1.294553e-01;7.283688e-02;6.736352e-02;1.106689e-01;7.029834e-02;8.011371e-02;5.565220e-02;2.622569e-02;5.921923e-02
8.077011e-02;9.593050e-02;1.028555e-01;1.084000e-01;6.243841e-02;5.286605e-02;1.289413e-01;1.110445e-01;9.644899e-02;4.675196e-02;5.392724e-02;5.962546e-02
1.023701e-01;1.108392e-01;8.452569e-02;6.418379e-02;7.203048e-02;5.501055e-02;1.348730e-01;1.088004e-01;8.887369e-02;6.278623e-02;6.149907e-02;5.420774e-02
1.126921e-01;1.108381e-01;1.059618e-01;4.537008e-02;5.576441e-02;8.317571e-02;1.384894e-01;9.478886e-02;5.415409e-02;7.666404e-02;4.515911e-02;7.694235e-02
1.295854e-01;9.380411e-02;1.515381e-01;5.284510e-02;6.091103e-02;9.828246e-02;1.106291e-01;1.156458e-01;4.414561e-02;5.171851e-02;2.916083e-02;6.173397e-02
1.164253e-01;6.794051e-02;1.590408e-01;6.891441e-02;7.118027e-02;9.480622e-02;1.262974e-01;1.101983e-01;5.069766e-02;6.664155e-02;3.999917e-02;2.785849e-02
8.591211e-02;7.064345e-02;1.562058e-01;6.124934e-02;6.049183e-02;7.586976e-02;1.479721e-01;7.871580e-02;6.847017e-02;8.945888e-02;6.428315e-02;4.072758e-02
3.329363e-02;6.601040e-02;1.490912e-01;6.133360e-02;6.488319e-02;8.058693e-02;1.867415e-01;5.346999e-02;1.022615e-01;9.610188e-02;6.886798e-02;3.735824e-02
3.974381e-02;3.814381e-02;1.769329e-01;3.772361e-02;9.790185e-02;1.051608e-01;1.806403e-01;7.146219e-02;8.625853e-02;9.456912e-02;4.935587e-02;2.210721e-02
7.135902e-02;3.616205e-02;1.869356e-01;4.492924e-02;9.532798e-02;1.047223e-01;1.165720e-01;6.794752e-02;7.398783e-02;1.071694e-01;5.923901e-02;3.564816e-02
9.894379e-02;7.243731e-02;1.303405e-01;4.580156e-02;7.578091e-02;8.675056e-02;1.305297e-01;5.772441e-02;7.538775e-02;9.704990e-02;6.076590e-02;6.848765e-02
8.538547e-02;6.339342e-02;1.524290e-01;5.677296e-02;6.550466e-02;7.037327e-02;1.231370e-01;5.437443e-02;1.237054e-01;7.785014e-02;8.422220e-02;4.285205e-02
7.471586e-02;4.834709e-02;2.144548e-01;5.886119e-02;6.033189e-02;5.470656e-02;1.155881e-01;5.058654e-02;1.116104e-01;6.181212e-02;8.412623e-02;6.485924e-02
7.709453e-02;6.601774e-02;1.823945e-01;5.831261e-02;5.969927e-02;5.465105e-02;1.088357e-01;8.079679e-02;5.980201e-02;6.262475e-02;9.272074e-02;9.705035e-02
5.077441e-02;6.236961e-02;2.367155e-01;8.168652e-02;6.638300e-02;6.782020e-02;1.096599e-01;6.503513e-02;5.728621e-02;4.689931e-02;8.437003e-02;7.100025e-02
3.003058e-02;3.459745e-02;2.222181e-01;1.010446e-01;9.764069e-02;9.734992e-02;2.605768e-01;3.641889e-02;3.028895e-02;3.314472e-02;2.330198e-02;3.338730e-02
2.286774e-02;2.185464e-02;1.088729e-01;6.046082e-02;1.026843e-01;1.173931e-01;4.636259e-01;2.787629e-02;2.048359e-02;2.265982e-02;1.358102e-02;1.763991e-02
1.423230e-02;2.123281e-02;5.394667e-02;3.000444e-02;8.623106e-02;1.160681e-01;5.982389e-01;3.468958e-02;1.806470e-02;1.013177e-02;9.437512e-03;7.722124e-03
8.113395e-03;2.074458e-02;1.892577e-02;1.427799e-02;7.064768e-02;9.877939e-02;6.820456e-01;4.997313e-02;1.638131e-02;9.600656e-03;7.215544e-03;3.294948e-03
4.702948e-03;1.734635e-02;9.019498e-03;5.973301e-03;6.213046e-02;6.628335e-02;7.321790e-01;6.790312e-02;1.579119e-02;8.728201e-03;7.160979e-03;2.781549e-03
5.653613e-03;1.215525e-02;1.046088e-02;2.335627e-03;5.002791e-02;3.831365e-02;7.294401e-01;1.161301e-01;1.816141e-02;9.270157e-03;4.844822e-03;3.206571e-03
6.273649e-03;8.850084e-03;1.793643e-02;3.152917e-03;2.798342e-02;2.967328e-02;6.734521e-01;1.966493e-01;1.910532e-02;8.411088e-03;4.305524e-03;4.206926e-03
5.755005e-03;1.111737e-02;2.078136e-02;9.581556e-03;2.221708e-02;3.740756e-02;5.547851e-01;2.570543e-01;4.509376e-02;2.554564e-02;5.986541e-03;4.674725e-03
1.083650e-02;1.200827e-02;3.079298e-02;2.896480e-02;3.326355e-02;4.289539e-02;3.182718e-01;2.696991e-01;1.754480e-01;6.168529e-02;9.381206e-03;6.753093e-03
2.521023e-02;1.373300e-02;3.041466e-02;4.762376e-02;2.976094e-02;2.605854e-02;1.948721e-01;1.639418e-01;3.033144e-01;1.344406e-01;2.393205e-02;6.697886e-03
2.279844e-02;6.830065e-03;2.833045e-02;4.126915e-02;1.983459e-02;1.371207e-02;2.369013e-01;1.018553e-01;2.816500e-01;2.016730e-01;3.851958e-02;6.626030e-03
3.832615e-02;9.613969e-03;2.099005e-02;3.978098e-02;2.705278e-02;2.409669e-02;1.494717e-01;8.730064e-02;2.900801e-01;2.518093e-01;5.192797e-02;9.549674e-03
4.953614e-02;1.196017e-02;3.458680e-02;3.889275e-02;1.742617e-02;2.255445e-02;2.368338e-01;9.683996e-02;2.490977e-01;2.077356e-01;2.461295e-02;9.923607e-03
5.318883e-02;2.395491e-02;4.014085e-02;3.083634e-02;2.265871e-02;2.171040e-02;1.847325e-01;1.110714e-01;2.439997e-01;2.084340e-01;4.000060e-02;1.927166e-02
2.183338e-02;1.871289e-02;4.592253e-02;1.197236e-02;1.851070e-02;3.405775e-02;3.883809e-01;1.111627e-01;1.549544e-01;1.275444e-01;4.550098e-02;2.144695e-02
3.842565e-02;2.050416e-02;5.742436e-02;2.237867e-02;3.939184e-02;5.159480e-02;4.381263e-01;8.443379e-02;9.633513e-02;7.704479e-02;5.256720e-02;2.177330e-02
4.811337e-02;2.541428e-02;8.906498e-02;4.283759e-02;6.004404e-02;7.015811e-02;3.483630e-01;6.155191e-02;4.825678e-02;9.742159e-02;5.956920e-02;4.920519e-02
5.714349e-02;3.641907e-02;1.221468e-01;4.021276e-02;8.246841e-02;8.830673e-02;1.846732e-01;5.254505e-02;7.233806e-02;1.484375e-01;5.852354e-02;5.678542e-02
6.728908e-02;5.478838e-02;1.021875e-01;3.971802e-02;1.020579e-01;8.181731e-02;1.648563e-01;6.616957e-02;9.276441e-02;1.237059e-01;5.532020e-02;4.932552e-02
6.550971e-02;4.769044e-02;8.035595e-02;5.880716e-02;1.154563e-01;8.159626e-02;1.569518e-01;5.227767e-02;1.338107e-01;1.188219e-01;3.722905e-02;5.149310e-02
6.123187e-02;3.397692e-02;5.167932e-02;1.138725e-01;7.960861e-02;1.157183e-01;1.290487e-01;5.399074e-02;1.199630e-01;1.581794e-01;3.705668e-02;4.567404e-02
7.876860e-02;6.525507e-02;6.801338e-02;1.428421e-01;1.024702e-01;1.216841e-01;7.628708e-02;7.111225e-02;7.899756e-02;1.236633e-01;3.445649e-02;3.644979e-02
5.451582e-02;7.220456e-02;1.129293e-01;1.154448e-01;1.110339e-01;9.986674e-02;1.946662e-01;5.777565e-02;4.785907e-02;7.156355e-02;2.575351e-02;3.638690e-02
4.821930e-02;5.341750e-02;1.159063e-01;7.782989e-02;1.233457e-01;1.049269e-01;3.208641e-01;4.498190e-02;2.263589e-02;3.899793e-02;2.282415e-02;2.605053e-02
5.011901e-02;3.241029e-02;1.318784e-01;7.089649e-02;1.689757e-01;1.196511e-01;2.957373e-01;2.988199e-02;2.737151e-02;2.506868e-02;1.745418e-02;3.055528e-02
3.540929e-02;2.474734e-02;2.037167e-01;9.766413e-02;2.244639e-01;1.153715e-01;1.784832e-01;1.546516e-02;2.999041e-02;1.741084e-02;1.527278e-02;4.200469e-02
1.937765e-02;5.649150e-02;3.672955e-01;1.255996e-01;1.966842e-01;6.956331e-02;4.979186e-02;1.093450e-02;2.787139e-02;2.151634e-02;2.050035e-02;3.437384e-02
1.831120e-02;5.490112e-02;4.878304e-01;1.118786e-01;1.319272e-01;3.924788e-02;4.179569e-02;1.043588e-02;2.845902e-02;3.065783e-02;2.517026e-02;1.938495e-02
3.498799e-02;4.943896e-02;4.436506e-01;7.165738e-02;9.208964e-02;3.882436e-02;1.115070e-01;1.961798e-02;3.014852e-02;4.817939e-02;4.082254e-02;1.907558e-02
5.286854e-02;8.171170e-02;1.655915e-01;9.004040e-02;1.133211e-01;1.003449e-01;1.666898e-01;3.592289e-02;3.731197e-02;6.576150e-02;4.390462e-02;4.653116e-02
7.478622e-02;7.851585e-02;9.994788e-02;1.056516e-01;1.536469e-01;1.166220e-01;1.074245e-01;4.051431e-02;4.204654e-02;6.283788e-02;5.074589e-02;6.726053e-02
8.052594e-02;6.755432e-02;8.826754e-02;9.220816e-02;2.031188e-01;1.066955e-01;1.163269e-01;3.177597e-02;5.211718e-02;6.854356e-02;4.149011e-02;5.137601e-02
8.379718e-02;6.638247e-02;1.225889e-01;8.163427e-02;2.079182e-01;8.445569e-02;1.358291e-01;2.455962e-02;5.282188e-02;7.600160e-02;2.897181e-02;3.503935e-02
6.446766e-02;4.678689e-02;1.325053e-01;1.025441e-01;1.286708e-01;8.308520e-02;1.717639e-01;4.667046e-02;7.933613e-02;8.843148e-02;2.725524e-02;2.848285e-02
4.713643e-02;4.780721e-02;1.545702e-01;1.017070e-01;9.200756e-02;9.310598e-02;1.737790e-01;6.771007e-02;7.830111e-02;7.104614e-02;3.254495e-02;4.028434e-02
7.298429e-02;6.578542e-02;1.216647e-01;9.861039e-02;1.024140e-01;7.989337e-02;1.471935e-01;7.489017e-02;8.360144e-02;6.474191e-02;5.054277e-02;3.767802e-02
5.180347e-02;8.977609e-02;1.140363e-01;1.033002e-01;1.236125e-01;7.063501e-02;1.161211e-01;6.313748e-02;8.987686e-02;6.882255e-02;5.442104e-02;5.445757e-02
8.945774e-02;8.893284e-02;1.438604e-01;8.215281e-02;9.060372e-02;1.062362e-01;7.828919e-02;7.496080e-02;6.134320e-02;5.064828e-02;5.954193e-02;7.397290e-02
1.070222e-01;1.167005e-01;7.903219e-02;5.687684e-02;8.436915e-02;8.080439e-02;4.844589e-02;5.837471e-02;1.231299e-01;8.728440e-02;8.231901e-02;7.564086e-02
4.590173e-02;1.111716e-01;8.934174e-02;5.837223e-02;8.796532e-02;7.402089e-02;1.003535e-01;7.246095e-02;1.478162e-01;7.644853e-02;7.690258e-02;5.924482e-02
5.900006e-02;6.679353e-02;1.742495e-01;6.286684e-02;7.148912e-02;6.374013e-02;1.534289e-01;9.465671e-02;5.695351e-02;4.364935e-02;9.261666e-02;6.055567e-02
5.250280e-02;5.453646e-02;1.897902e-01;5.022827e-02;6.039659e-02;5.555150e-02;1.165586e-01;9.992332e-02;1.330629e-01;7.330367e-02;6.807029e-02;4.607539e-02
7.092056e-02;5.275706e-02;1.769160e-01;4.009715e-02;5.156735e-02;4.112426e-02;8.466506e-02;1.050540e-01;2.167244e-01;7.900082e-02;4.494675e-02;3.622654e-02
8.103644e-02;4.017380e-02;1.344720e-01;3.927121e-02;4.188549e-02;2.710933e-02;9.774508e-02;1.488181e-01;2.665246e-01;6.814263e-02;2.374421e-02;3.107711e-02
7.001116e-02;3.791669e-02;7.641192e-02;7.917886e-02;2.662570e-02;2.043812e-02;1.351987e-01;1.568369e-01;2.267107e-01;5.211756e-02;2.087519e-02;9.767848e-02
3.544505e-02;5.194538e-02;3.482158e-02;1.131614e-01;2.329629e-02;3.116097e-02;1.785447e-01;8.611546e-02;1.103928e-01;7.202288e-02;6.212454e-02;2.009690e-01
1.946640e-02;5.430596e-02;3.422022e-02;8.660592e-02;4.453516e-02;4.846919e-02;2.025481e-01;2.794112e-02;3.681418e-02;6.084829e-02;1.119696e-01;2.722758e-01
2.872438e-02;3.475991e-02;2.550090e-02;6.516349e-02;5.469271e-02;5.149268e-02;2.344578e-01;3.394933e-02;4.885226e-02;3.524766e-02;1.089647e-01;2.781941e-01
4.264129e-02;2.303825e-02;1.265674e-02;8.786432e-02;3.088517e-02;5.233814e-02;3.068314e-01;7.688158e-02;5.328240e-02;3.900698e-02;4.499497e-02;2.295787e-01
9.864195e-02;2.438051e-02;2.302999e-02;7.131771e-02;2.962218e-02;4.453489e-02;3.077607e-01;2.140144e-01;2.853016e-02;3.383372e-02;1.195535e-02;1.123785e-01
1.239533e-01;3.522598e-02;3.626838e-02;3.256111e-02;5.444698e-02;2.254716e-02;2.393637e-01;3.207850e-01;6.692763e-02;2.126818e-02;1.628598e-02;3.036657e-02
1.226402e-01;6.563131e-02;4.787472e-02;1.618174e-02;5.053854e-02;1.859987e-02;1.685893e-01;3.078866e-01;1.496551e-01;2.530416e-02;1.833810e-02;8.760326e-03
1.244883e-01;1.211932e-01;1.027183e-01;1.903657e-02;4.748923e-02;1.490720e-02;8.208713e-02;2.207600e-01;2.001174e-01;2.747220e-02;2.251196e-02;1.721845e-02
9.267071e-02;1.256416e-01;2.948989e-01;4.135675e-02;4.924719e-02;1.544884e-02;5.845660e-02;1.129537e-01;1.458811e-01;2.993252e-02;1.291280e-02;2.059924e-02
3.310713e-02;8.584370e-02;4.859872e-01;6.847311e-02;5.261697e-02;1.854492e-02;8.556946e-02;4.389149e-02;7.425634e-02;3.114911e-02;1.018997e-02;1.037066e-02
3.669508e-02;7.540002e-02;5.058223e-01;7.763012e-02;6.866727e-02;2.837897e-02;8.712562e-02;1.797463e-02;4.618423e-02;3.097736e-02;1.233036e-02;1.281404e-02
5.732048e-02;6.214428e-02;4.116360e-01;6.734899e-02;7.791485e-02;2.697612e-02;6.912281e-02;7.370653e-02;5.942271e-02;3.656273e-02;2.016596e-02;3.767855e-02
7.467197e-02;1.891530e-02;2.233937e-01;3.841881e-02;5.859589e-02;2.999583e-02;1.512446e-01;1.543525e-01;9.222002e-02;5.984723e-02;2.541074e-02;7.293341e-02
5.680678e-02;3.252524e-02;1.584573e-01;3.897723e-02;3.473682e-02;2.005834e-02;2.446309e-01;1.585972e-01;1.190054e-01;5.434601e-02;2.664601e-02;5.521272e-02
6.560029e-02;4.175833e-02;1.431405e-01;3.703798e-02;3.400606e-02;2.993964e-02;3.306407e-01;6.061715e-02;1.425436e-01;3.468015e-02;1.671874e-02;6.331688e-02
4.624609e-02;3.139356e-02;9.497087e-02;2.106125e-02;3.935908e-02;5.270128e-02;2.955587e-01;2.071727e-01;7.471705e-02;4.279450e-02;3.554562e-02;5.847939e-02
6.175293e-02;6.937902e-02;1.859427e-01;2.783602e-02;5.687476e-02;4.377632e-02;1.885314e-01;1.937744e-01;6.029750e-02;5.831965e-02;3.409101e-02;1.942424e-02
8.626654e-02;7.371725e-02;2.120403e-01;6.759067e-02;6.389403e-02;5.048923e-02;1.612868e-01;6.217730e-02;7.489688e-02;7.083926e-02;4.665560e-02;3.014616e-02
9.271798e-02;5.771522e-02;1.639086e-01;7.474666e-02;4.365963e-02;6.726342e-02;1.237035e-01;9.480797e-02;1.033740e-01;5.865393e-02;5.208002e-02;6.736904e-02
9.452909e-02;3.926332e-02;1.278559e-01;5.389151e-02;5.058079e-02;6.732760e-02;1.120678e-01;7.829027e-02;1.606450e-01;8.026998e-02;5.399776e-02;8.128093e-02
8.854241e-02;3.468967e-02;8.196479e-02;6.401727e-02;5.582060e-02;6.098087e-02;1.289271e-01;7.062768e-02;1.777975e-01;1.226572e-01;4.402256e-02;6.995235e-02
5.556547e-02;5.296011e-02;9.770369e-02;8.903667e-02;6.339810e-02;6.481986e-02;9.267484e-02;1.360422e-01;1.303970e-01;1.199183e-01;3.621452e-02;6.126925e-02
4.300875e-02;5.939126e-02;9.355754e-02;5.716196e-02;7.243626e-02;1.469893e-01;1.078587e-01;1.227718e-01;1.101796e-01;9.133065e-02;4.687919e-02;4.843497e-02
4.435570e-02;3.514210e-02;9.768406e-02;8.161023e-02;7.296794e-02;1.786717e-01;7.215087e-02;1.062631e-01;1.051618e-01;1.030815e-01;6.730612e-02;3.560493e-02
3.712022e-02;4.589701e-02;7.521366e-02;1.000186e-01;8.487336e-02;1.606728e-01;5.299059e-02;9.800441e-02;9.880041e-02;1.381259e-01;7.547070e-02;3.281232e-02
2.830181e-02;6.190264e-02;4.800510e-02;1.092912e-01;1.232239e-01;1.239934e-01;9.755652e-02;8.202650e-02;9.745516e-02;1.308548e-01;7.427581e-02;2.311316e-02
4.824426e-02;5.392292e-02;3.686079e-02;1.009493e-01;9.633977e-02;1.209633e-01;1.329703e-01;1.075248e-01;1.360382e-01;6.230515e-02;6.787358e-02;3.600758e-02
4.443629e-02;3.064691e-02;7.079296e-02;8.311959e-02;8.763132e-02;1.145410e-01;1.938749e-01;8.295678e-02;1.164232e-01;7.467218e-02;5.419892e-02;4.670592e-02
3.525800e-02;1.488153e-02;1.647969e-01;5.907046e-02;1.048016e-01;1.121722e-01;2.903376e-01;5.040517e-02;4.349023e-02;6.592514e-02;3.224798e-02;2.661317e-02
3.286367e-02;2.069568e-02;2.141021e-01;6.507749e-02;1.267214e-01;9.527981e-02;2.526022e-01;4.782757e-02;3.005188e-02;5.225738e-02;4.069438e-02;2.182641e-02
3.091667e-02;1.834844e-02;2.932814e-01;1.006726e-01;1.349582e-01;1.177771e-01;1.325622e-01;3.696202e-02;2.266612e-02;3.842447e-02;5.319631e-02;2.023437e-02
1.756863e-02;8.012004e-03;4.003786e-01;1.211026e-01;9.188737e-02;1.816982e-01;4.240226e-02;2.616095e-02;1.917732e-02;3.018177e-02;5.213886e-02;9.291427e-03
9.906374e-03;9.644648e-03;5.058298e-01;1.088009e-01;7.422976e-02;1.376488e-01;2.783704e-02;2.021956e-02;2.444853e-02;2.334777e-02;5.305875e-02;5.028061e-03
9.833073e-03;1.980400e-02;5.543979e-01;9.588218e-02;8.330201e-02;6.723204e-02;5.580082e-02;1.222926e-02;2.099416e-02;3.033810e-02;4.591489e-02;4.271594e-03
1.048609e-02;2.679661e-02;5.825562e-01;7.601582e-02;7.203187e-02;5.498899e-02;5.333702e-02;1.321889e-02;2.186581e-02;3.923804e-02;4.016178e-02;9.302900e-03
1.586385e-02;3.662458e-02;6.164882e-01;5.292502e-02;5.825232e-02;4.507868e-02;3.902710e-02;1.938058e-02;2.445710e-02;4.369573e-02;3.218207e-02;1.602477e-02
3.413815e-02;4.124261e-02;5.018688e-01;3.280712e-02;6.126346e-02;5.511237e-02;1.025101e-01;3.604223e-02;4.265086e-02;4.252111e-02;2.949002e-02;2.035324e-02
4.126348e-02;2.146446e-02;3.712457e-01;4.075535e-02;7.978493e-02;6.086300e-02;1.343454e-01;4.895560e-02;6.138509e-02;6.546289e-02;5.497887e-02;1.949528e-02
3.766631e-02;1.791414e-02;3.098469e-01;6.261808e-02;7.665217e-02;5.999596e-02;1.487868e-01;5.876384e-02;7.467823e-02;6.785905e-02;5.608336e-02;2.913513e-02
4.511337e-02;2.377944e-02;2.729289e-01;9.861556e-02;5.915897e-02;7.025424e-02;1.793140e-01;5.968757e-02;6.589250e-02;6.091968e-02;3.378916e-02;3.054669e-02
4.351624e-02;3.494415e-02;2.876467e-01;1.227620e-01;8.196851e-02;7.115401e-02;1.364312e-01;3.547008e-02;6.361925e-02;6.912913e-02;3.423102e-02;1.912767e-02
3.386213e-02;4.280247e-02;3.639682e-01;1.140905e-01;7.105409e-02;6.912995e-02;7.543685e-02;4.638356e-02;5.202075e-02;5.424577e-02;5.863198e-02;1.837382e-02
4.131966e-02;5.201184e-02;3.590919e-01;1.155848e-01;6.553640e-02;6.202847e-02;7.321390e-02;6.265511e-02;3.190070e-02;4.988131e-02;6.455841e-02;2.221742e-02
5.150519e-02;4.840356e-02;3.095361e-01;1.294405e-01;7.535971e-02;6.679485e-02;8.633898e-02;6.170534e-02;3.190511e-02;7.018145e-02;5.240865e-02;1.642051e-02
6.859719e-02;5.911313e-02;2.146677e-01;1.050949e-01;7.105768e-02;6.691367e-02;1.326870e-01;4.475344e-02;5.521931e-02;8.454768e-02;6.914516e-02;2.820316e-02
4.701908e-02;3.577992e-02;2.533833e-01;7.101415e-02;1.000353e-01;9.075433e-02;1.269970e-01;4.213032e-02;6.743961e-02;6.386594e-02;4.360681e-02;5.797420e-02
3.387358e-02;1.761652e-02;2.949283e-01;4.904047e-02;1.186670e-01;8.316605e-02;2.646034e-01;2.840468e-02;3.949258e-02;3.243155e-02;1.867718e-02;1.909876e-02
1.368630e-02;1.318669e-02;3.421791e-01;5.278194e-02;1.536042e-01;8.712613e-02;2.550767e-01;1.818981e-02;1.927918e-02;1.683400e-02;1.069508e-02;1.736087e-02
1.154702e-02;9.931467e-03;3.734374e-01;7.345309e-02;2.115509e-01;9.522340e-02;1.641321e-01;1.009712e-02;1.142930e-02;1.035300e-02;1.198306e-02;1.686229e-02
7.744772e-03;6.415456e-03;3.853059e-01;9.897453e-02;2.905181e-01;1.093932e-01;2.857039e-02;8.412881e-03;1.404490e-02;6.552895e-03;1.297609e-02;3.109089e-02
8.424228e-03;7.399383e-03;3.188006e-01;9.544001e-02;3.090423e-01;1.083163e-01;7.977171e-02;8.422161e-03;1.389795e-02;1.085509e-02;4.964516e-03;3.466569e-02
1.010144e-02;9.986351e-03;3.113005e-01;9.910229e-02;3.144297e-01;1.092006e-01;5.627435e-02;1.213130e-02;8.138070e-03;1.223844e-02;1.429875e-02;4.279830e-02
1.519212e-02;2.429508e-02;2.777527e-01;7.784356e-02;2.725840e-01;1.120856e-01;8.484939e-02;2.183149e-02;1.129258e-02;2.328101e-02;2.887021e-02;5.012236e-02
2.382411e-02;2.698779e-02;1.692912e-01;4.920350e-02;2.066572e-01;1.377963e-01;1.681188e-01;2.729480e-02;3.209335e-02;3.119918e-02;4.139346e-02;8.614031e-02
2.033380e-02;2.482781e-02;6.171204e-02;7.221856e-02;2.280932e-01;1.657131e-01;1.738252e-01;1.632752e-02;2.946255e-02;2.657828e-02;3.765365e-02;1.432542e-01
1.034973e-02;2.775917e-02;5.987324e-02;9.869993e-02;2.577558e-01;1.381169e-01;1.017854e-01;2.918231e-02;2.501334e-02;2.250529e-02;4.919285e-02;1.797661e-01
1.270695e-02;4.667463e-02;7.966268e-02;1.321923e-01;2.184206e-01;6.496250e-02;5.444574e-02;7.012308e-02;1.612259e-02;2.305759e-02;1.238569e-01;1.577744e-01
1.039656e-02;5.463355e-02;1.032674e-01;1.734404e-01;1.219271e-01;2.651939e-02;1.751684e-02;1.439255e-01;1.538053e-02;2.246042e-02;2.280641e-01;8.246819e-02
9.074597e-03;3.947964e-02;1.135913e-01;1.839721e-01;5.730838e-02;2.562387e-02;2.041166e-02;1.665532e-01;1.457675e-02;2.833746e-02;3.062328e-01;3.483829e-02
1.158190e-02;1.762917e-02;1.418941e-01;1.724443e-01;3.516931e-02;2.421580e-02;4.234837e-02;1.333213e-01;6.087123e-03;5.859022e-02;3.462016e-01;1.051686e-02
1.014926e-02;1.158060e-02;1.989066e-01;1.608011e-01;3.039284e-02;1.858227e-02;7.293299e-02;5.917047e-02;8.529497e-03;1.034709e-01;3.129738e-01;1.250966e-02
1.120031e-02;1.057781e-02;2.963405e-01;1.283797e-01;2.749207e-02;1.057504e-02;1.020343e-01;3.118329e-02;1.616639e-02;1.744722e-01;1.853568e-01;6.221673e-03
