2.954430e-01;1.680962e-01;2.121749e-02;1.434816e-02;1.778906e-02;2.530106e-02;1.068509e-01;1.108722e-01;1.108156e-02;1.627178e-02;1.979335e-01;1.479515e-02
3.796233e-01;1.947293e-01;1.514533e-02;8.312452e-03;1.486828e-02;1.757613e-02;6.975674e-02;9.961411e-02;1.002237e-02;1.274278e-02;1.685412e-01;9.067987e-03
5.150334e-01;1.942341e-01;1.152865e-02;5.320626e-03;1.548602e-02;1.304794e-02;2.780469e-02;9.305158e-02;1.426577e-02;1.407459e-02;8.764563e-02;8.506960e-03
6.061668e-01;1.560451e-01;9.564829e-03;6.206638e-03;1.544993e-02;1.196044e-02;2.689180e-02;8.709773e-02;1.586556e-02;1.560895e-02;3.914349e-02;9.998680e-03
5.544911e-01;1.995428e-01;1.119151e-02;7.479590e-03;1.332350e-02;1.309294e-02;3.365143e-02;7.337179e-02;1.455947e-02;2.278033e-02;4.354021e-02;1.297536e-02
5.135024e-01;1.954518e-01;8.661029e-03;6.370522e-03;1.092995e-02;1.110705e-02;4.068630e-02;7.098791e-02;1.224983e-02;3.095806e-02;8.972499e-02;9.370133e-03
4.896323e-01;1.879038e-01;6.739347e-03;6.888002e-03;5.566361e-03;8.518662e-03;4.774904e-02;7.770431e-02;7.891661e-03;3.726204e-02;1.102954e-01;1.384902e-02
4.983156e-01;1.771272e-01;7.178142e-03;6.373557e-03;8.302802e-03;9.719937e-03;4.521192e-02;7.261769e-02;1.227341e-02;3.718451e-02;1.131879e-01;1.250728e-02
5.148469e-01;1.889250e-01;5.742275e-03;4.669600e-03;1.145324e-02;1.440443e-02;5.703607e-02;7.776824e-02;1.534075e-02;3.025069e-02;7.456375e-02;4.999046e-03
5.031835e-01;2.190855e-01;1.140708e-02;5.575611e-03;8.414240e-03;1.207224e-02;5.934700e-02;9.680686e-02;1.486124e-02;2.293872e-02;4.015614e-02;6.151826e-03
5.012769e-01;2.260699e-01;8.953395e-03;7.587936e-03;5.301330e-03;8.510013e-03;5.648271e-02;1.089057e-01;1.261838e-02;2.388058e-02;3.442403e-02;5.989222e-03
4.891637e-01;2.329080e-01;7.732384e-03;5.561928e-03;6.505217e-03;7.838534e-03;5.390815e-02;1.360826e-01;1.082741e-02;2.123932e-02;2.172376e-02;6.508936e-03
4.391608e-01;2.507524e-01;1.374209e-02;7.090883e-03;7.974437e-03;8.695736e-03;5.018265e-02;1.676914e-01;1.026681e-02;2.077094e-02;1.602850e-02;7.643424e-03
4.002401e-01;2.548328e-01;1.802255e-02;1.355124e-02;1.338327e-02;2.262740e-02;3.588968e-02;1.708086e-01;1.495498e-02;1.575753e-02;3.261656e-02;7.315338e-03
3.837217e-01;2.435522e-01;1.791402e-02;1.194224e-02;1.016879e-02;2.476424e-02;6.351100e-02;1.450907e-01;1.722918e-02;1.427909e-02;5.223157e-02;1.559527e-02
4.445924e-01;2.350360e-01;1.259544e-02;7.251018e-03;1.001749e-02;1.370855e-02;3.704927e-02;1.347950e-01;1.801189e-02;1.281824e-02;6.149040e-02;1.263432e-02
5.239419e-01;2.264397e-01;8.414028e-03;5.934103e-03;1.097174e-02;4.623213e-03;2.155535e-02;1.372401e-01;1.219606e-02;8.728228e-03;2.664112e-02;1.331428e-02
5.460025e-01;1.845559e-01;7.133036e-03;9.057173e-03;4.690522e-03;5.008195e-03;5.385198e-02;1.410413e-01;1.075418e-02;9.174480e-03;1.011139e-02;1.861940e-02
4.930145e-01;1.066513e-01;5.033868e-03;2.217391e-02;3.464589e-03;6.160813e-03;1.040621e-01;1.459366e-01;7.388465e-03;1.804896e-02;3.833238e-02;4.973261e-02
3.718676e-01;6.190972e-02;3.384685e-03;4.133557e-02;1.499430e-03;8.236894e-03;1.723932e-01;1.400406e-01;4.846979e-03;2.599834e-02;6.682769e-02;1.016592e-01
2.129038e-01;6.263308e-02;3.287729e-03;4.899013e-02;3.944272e-03;1.305305e-02;1.854428e-01;1.212805e-01;5.276723e-03;2.698873e-02;1.873229e-01;1.288761e-01
1.291123e-01;4.933706e-02;7.604161e-03;3.727627e-02;9.552232e-03;1.810967e-02;1.343322e-01;1.110673e-01;9.724319e-03;2.542567e-02;3.539525e-01;1.145063e-01
1.595970e-01;9.788320e-02;1.940630e-02;2.069872e-02;1.378635e-02;2.078972e-02;8.837853e-02;1.003234e-01;2.365359e-02;2.785794e-02;3.522927e-01;7.533247e-02
2.746917e-01;1.008952e-01;3.482591e-02;1.933937e-02;2.101465e-02;2.250194e-02;9.421406e-02;7.351558e-02;6.132907e-02;2.611441e-02;2.386923e-01;3.286589e-02
3.641170e-01;8.993046e-02;4.465159e-02;1.766831e-02;3.554754e-02;2.361469e-02;4.960731e-02;4.049863e-02;8.287410e-02;2.637232e-02;1.750971e-01;5.002099e-02
3.846992e-01;8.621631e-02;3.823756e-02;1.886047e-02;5.511951e-02;2.089269e-02;4.921219e-02;3.031113e-02;6.937560e-02;2.862183e-02;1.756513e-01;4.280223e-02
3.572877e-01;6.793057e-02;2.771595e-02;2.483223e-02;7.069464e-02;2.117058e-02;6.801172e-02;3.796094e-02;5.762935e-02;3.177636e-02;2.028381e-01;3.215180e-02
3.632205e-01;1.050613e-01;1.823150e-02;2.715354e-02;6.379411e-02;1.279694e-02;8.656865e-02;5.284804e-02;4.407574e-02;2.771665e-02;1.633640e-01;3.516905e-02
3.900837e-01;1.501032e-01;1.131513e-02;3.602019e-02;3.537542e-02;2.317650e-02;1.098638e-01;7.317813e-02;2.830981e-02;2.959968e-02;8.786574e-02;2.510867e-02
3.881529e-01;2.134038e-01;1.047814e-02;3.519836e-02;1.918127e-02;2.489300e-02;8.899942e-02;9.451254e-02;3.909796e-02;2.962767e-02;3.901866e-02;1.743633e-02
3.693278e-01;3.028997e-01;1.037907e-02;3.080771e-02;1.325026e-02;1.783077e-02;5.241195e-02;7.980848e-02;4.437381e-02;2.491742e-02;4.064598e-02;1.334709e-02
3.114440e-01;4.196056e-01;1.849458e-02;3.546837e-02;1.624829e-02;2.826755e-02;2.021076e-02;4.988092e-02;5.357006e-02;1.803993e-02;2.348208e-02;5.287796e-03
2.374072e-01;4.711850e-01;3.599339e-02;3.186578e-02;3.142227e-02;3.154869e-02;2.250889e-02;4.405817e-02;4.874522e-02;2.719792e-02;1.390585e-02;4.161648e-03
1.813836e-01;4.435878e-01;6.462836e-02;2.148336e-02;5.056557e-02;2.227542e-02;5.932808e-02;4.784831e-02;4.123931e-02;5.157382e-02;1.030440e-02;5.781949e-03
9.099913e-02;3.858704e-01;9.651165e-02;3.138749e-02;4.979138e-02;3.672850e-02;9.425341e-02;5.002049e-02;6.706137e-02;6.568250e-02;2.502412e-02;6.669496e-03
1.507384e-01;3.486443e-01;8.520584e-02;3.528215e-02;2.369846e-02;6.320716e-02;5.797205e-02;6.330033e-02;6.496270e-02;4.731740e-02;5.418887e-02;5.482276e-03
9.747508e-02;3.527398e-01;9.087849e-02;4.258605e-02;2.287573e-02;7.032096e-02;8.445398e-02;7.802708e-02;4.477555e-02;4.240019e-02;6.753790e-02;5.929207e-03
1.115530e-01;3.527747e-01;8.440938e-02;3.554265e-02;2.174922e-02;4.322226e-02;1.236700e-01;1.068362e-01;2.299544e-02;4.035662e-02;5.479079e-02;2.099669e-03
1.891887e-01;3.021995e-01;6.337643e-02;2.744855e-02;1.606084e-02;4.140371e-02;1.659427e-01;1.076601e-01;2.085037e-02;3.151176e-02;2.984353e-02;4.513784e-03
2.195101e-01;2.199760e-01;6.811577e-02;3.429097e-02;1.512464e-02;5.717869e-02;1.570030e-01;1.122681e-01;2.854077e-02;3.665693e-02;4.132805e-02;1.000695e-02
2.068027e-01;2.973378e-01;6.364147e-02;4.165241e-02;2.764483e-02;5.656327e-02;1.067377e-01;7.886057e-02;3.251031e-02;2.841303e-02;4.619467e-02;1.364122e-02
1.348882e-01;1.589536e-01;6.965907e-02;5.977507e-02;5.317752e-02;6.821616e-02;1.510110e-01;9.739111e-02;5.415056e-02;6.163561e-02;7.308280e-02;1.805921e-02
1.136067e-01;1.156560e-01;6.313618e-02;5.194486e-02;6.228353e-02;6.174578e-02;1.627603e-01;1.160485e-01;6.107153e-02;7.262888e-02;8.384921e-02;3.526853e-02
1.625420e-01;1.554502e-01;5.174518e-02;3.914463e-02;3.697275e-02;7.405246e-02;1.415931e-01;1.236588e-01;4.413257e-02;5.134034e-02;8.997411e-02;2.939379e-02
1.692455e-01;2.327807e-01;4.043335e-02;2.377382e-02;2.635184e-02;4.767538e-02;1.503679e-01;1.338283e-01;1.861852e-02;3.239810e-02;1.103439e-01;1.418270e-02
1.928972e-01;2.881235e-01;4.642032e-02;1.693782e-02;1.845440e-02;4.310251e-02;1.364338e-01;1.096490e-01;1.476383e-02;2.797051e-02;8.869226e-02;1.655482e-02
2.986487e-01;3.100637e-01;4.719825e-02;1.508326e-02;1.695938e-02;4.152111e-02;7.528677e-02;7.195815e-02;1.603620e-02;3.254194e-02;5.245085e-02;2.225165e-02
3.923880e-01;1.657729e-01;3.595828e-02;1.223664e-02;1.945423e-02;3.596418e-02;6.773611e-02;5.778814e-02;1.503498e-02;3.968943e-02;1.379061e-01;2.007108e-02
2.904554e-01;1.795468e-01;2.585060e-02;8.331710e-03;1.235314e-02;2.077296e-02;9.675048e-02;4.784802e-02;1.760302e-02;5.918423e-02;2.339622e-01;7.341464e-03
2.158584e-01;6.363900e-02;2.129732e-02;1.294914e-02;1.506745e-02;1.624281e-02;1.844532e-01;1.307932e-01;3.894380e-02;8.891577e-02;2.025186e-01;9.321467e-03
1.778851e-01;8.839630e-02;2.431214e-02;1.645316e-02;2.019454e-02;1.393860e-02;2.540125e-01;1.425838e-01;4.812815e-02;6.890556e-02;1.268118e-01;1.837836e-02
1.243524e-01;8.446264e-02;1.614282e-02;1.342208e-02;2.091509e-02;3.465095e-02;2.307263e-01;2.237302e-01;3.473951e-02;4.823531e-02;1.465623e-01;2.206045e-02
9.743461e-02;6.322435e-02;1.188346e-02;1.100940e-02;1.740362e-02;2.819180e-02;1.647838e-01;2.038893e-01;4.666225e-02;4.643748e-02;2.909419e-01;1.813812e-02
9.876105e-02;5.377439e-02;9.951367e-03;9.222090e-03;1.954508e-02;1.843453e-02;1.023237e-01;1.183944e-01;5.760404e-02;5.982596e-02;4.382707e-01;1.389263e-02
1.292175e-01;6.123678e-02;1.438525e-02;1.515844e-02;2.653737e-02;1.653127e-02;6.989060e-02;4.262000e-02;6.551235e-02;7.138120e-02;4.764061e-01;1.112312e-02
1.377029e-01;6.183308e-02;2.567903e-02;3.943580e-02;2.458739e-02;1.559909e-02;9.785600e-02;2.051607e-01;7.232574e-02;5.857927e-02;2.515811e-01;9.660033e-03
7.106176e-02;7.222906e-02;2.755820e-02;4.031502e-02;2.687579e-02;2.871697e-02;1.883668e-01;3.284706e-01;6.878506e-02;3.782975e-02;8.831126e-02;2.147969e-02
7.131843e-02;8.937421e-02;2.506783e-02;1.840364e-02;2.460742e-02;4.538757e-02;2.599361e-01;2.797717e-01;4.277627e-02;2.768909e-02;9.417415e-02;2.149362e-02
6.282224e-02;1.135683e-01;2.472663e-02;2.071061e-02;2.265037e-02;6.126585e-02;2.915265e-01;1.902270e-01;3.448958e-02;2.959589e-02;1.294433e-01;1.897379e-02
1.153597e-01;1.278872e-01;1.549533e-02;3.241726e-02;2.606875e-02;6.764625e-02;1.304231e-01;2.214160e-01;4.564722e-02;4.019842e-02;1.551873e-01;2.225337e-02
8.736083e-02;6.690491e-02;2.082364e-02;2.604867e-02;2.521632e-02;4.666252e-02;2.151712e-01;1.926339e-01;4.022979e-02;3.477054e-02;2.191618e-01;2.501593e-02
1.092094e-01;9.345432e-02;2.869277e-02;2.896826e-02;2.603637e-02;3.865908e-02;2.721988e-01;1.157770e-01;3.814259e-02;3.331502e-02;2.016047e-01;1.394169e-02
7.772608e-02;6.509929e-02;1.863088e-02;1.778211e-02;2.180807e-02;3.915012e-02;2.300040e-01;1.864682e-01;2.761062e-02;2.864062e-02;2.681402e-01;1.893989e-02
1.122182e-01;5.647570e-02;2.361643e-02;1.728275e-02;2.187585e-02;5.106068e-02;2.179175e-01;1.830889e-01;3.992921e-02;4.469581e-02;1.997578e-01;3.208115e-02
1.377629e-01;9.687418e-02;2.812725e-02;1.965840e-02;2.148751e-02;6.683312e-02;2.295699e-01;1.359405e-01;5.665761e-02;7.100058e-02;9.993111e-02;3.615692e-02
9.697878e-02;8.565462e-02;2.011254e-02;1.461979e-02;2.194032e-02;6.250856e-02;1.804347e-01;2.033336e-01;4.949639e-02;7.391518e-02;1.790659e-01;1.193961e-02
7.320426e-02;8.921186e-02;3.676622e-02;2.633871e-02;3.248425e-02;5.640031e-02;1.924264e-01;1.940622e-01;7.681319e-02;7.751173e-02;1.191685e-01;2.561236e-02
9.037926e-02;7.925612e-02;5.703709e-02;6.106852e-02;6.115540e-02;5.604332e-02;1.333317e-01;1.660843e-01;1.037216e-01;6.116009e-02;8.538942e-02;4.537311e-02
9.747490e-02;7.633968e-02;5.996657e-02;7.357322e-02;7.049804e-02;6.096636e-02;1.197934e-01;1.613946e-01;9.466392e-02;5.593976e-02;8.313190e-02;4.625761e-02
1.027364e-01;7.267696e-02;5.556937e-02;7.093585e-02;7.009729e-02;6.126794e-02;1.036721e-01;1.699881e-01;7.396290e-02;5.338033e-02;1.221111e-01;4.360170e-02
1.107191e-01;7.263717e-02;3.127883e-02;3.052305e-02;3.968239e-02;2.699026e-02;6.957936e-02;1.332554e-01;4.436912e-02;8.230067e-02;3.429521e-01;1.571249e-02
3.998849e-02;4.731831e-02;1.312144e-02;1.956901e-02;2.762874e-02;1.421082e-02;7.079367e-02;1.234896e-01;4.883087e-02;1.103944e-01;4.594837e-01;2.517092e-02
2.444088e-02;5.420572e-02;1.159388e-02;8.152899e-03;4.174904e-02;1.397062e-02;3.813868e-02;8.634182e-02;3.964264e-02;1.322425e-01;5.327990e-01;1.672234e-02
2.216235e-02;6.629159e-02;3.513297e-02;1.419454e-02;4.706228e-02;1.282223e-02;2.445249e-02;5.200234e-02;1.853620e-02;1.161762e-01;5.850211e-01;6.145796e-03
1.621140e-02;5.935467e-02;4.958156e-02;2.382722e-02;3.173430e-02;4.314396e-02;1.975184e-02;2.397106e-02;1.001283e-02;8.702299e-02;6.308044e-01;4.583702e-03
2.160676e-02;3.977473e-02;2.265131e-02;2.372454e-02;1.803775e-02;1.160335e-01;3.126238e-02;2.430615e-02;5.169265e-03;5.713778e-02;6.380625e-01;2.233242e-03
2.377221e-02;2.412891e-02;7.794833e-03;1.159415e-02;1.290789e-02;1.567735e-01;5.413630e-02;2.364860e-02;1.115792e-02;4.854649e-02;6.228738e-01;2.665382e-03
2.167160e-02;1.674872e-02;6.916656e-03;1.159360e-02;1.035007e-02;1.175004e-01;5.905101e-02;2.423557e-02;3.034342e-02;5.625011e-02;6.438394e-01;1.499433e-03
2.651813e-02;2.147938e-02;3.590693e-03;1.538296e-02;1.907297e-02;5.504595e-02;4.011803e-02;3.282554e-02;3.557606e-02;6.492218e-02;6.791545e-01;6.313610e-03
3.580188e-02;3.943588e-02;4.068423e-03;1.205885e-02;4.206666e-02;3.541637e-02;3.012170e-02;4.184609e-02;2.293033e-02;7.353927e-02;6.549431e-01;7.771427e-03
3.630134e-02;6.558339e-02;1.058286e-02;1.011868e-02;7.321950e-02;3.766393e-02;3.132528e-02;5.851967e-02;2.664015e-02;1.000212e-01;5.425295e-01;7.494517e-03
3.029395e-02;6.442291e-02;3.713613e-02;1.944939e-02;6.416877e-02;5.901038e-02;5.014225e-02;1.350807e-01;3.590637e-02;9.434457e-02;4.019214e-01;8.123225e-03
2.063105e-02;3.391892e-02;4.731007e-02;4.907393e-02;3.184433e-02;6.280365e-02;1.241912e-01;3.035819e-01;4.383762e-02;5.904219e-02;2.212609e-01;2.504242e-03
1.727549e-02;1.649857e-02;2.703838e-02;6.108383e-02;4.467998e-02;3.980358e-02;2.111837e-01;4.358445e-01;4.106922e-02;3.117944e-02;6.974938e-02;4.593907e-03
7.301900e-03;1.879587e-02;1.903618e-02;3.069554e-02;5.308495e-02;4.209104e-02;2.818900e-01;4.582698e-01;2.510501e-02;1.679051e-02;3.849166e-02;8.447532e-03
8.685113e-03;1.949115e-02;1.564686e-02;1.190728e-02;4.149666e-02;3.983242e-02;3.287350e-01;4.424967e-01;1.311730e-02;1.468018e-02;5.727949e-02;6.631913e-03
2.145783e-02;2.203340e-02;8.923715e-03;1.353510e-02;2.717802e-02;2.615718e-02;3.089934e-01;4.326487e-01;1.485184e-02;2.626437e-02;9.411309e-02;3.843390e-03
2.113805e-02;3.455147e-02;6.744238e-03;1.621550e-02;3.224187e-02;2.256796e-02;3.008691e-01;4.145378e-01;2.349837e-02;3.416884e-02;8.854664e-02;4.920126e-03
2.766005e-02;3.807811e-02;9.001895e-03;1.885095e-02;2.922685e-02;4.831051e-02;3.559132e-01;3.467970e-01;3.789965e-02;3.118753e-02;5.204541e-02;5.028906e-03
3.273545e-02;4.095700e-02;1.283162e-02;5.878706e-02;3.265156e-02;4.716295e-02;2.941583e-01;2.605043e-01;7.049231e-02;3.908172e-02;9.916969e-02;1.146801e-02
2.032692e-02;2.449551e-02;2.314832e-02;1.052913e-01;4.850432e-02;3.351276e-02;2.221954e-01;2.914697e-01;7.400139e-02;4.443193e-02;9.206628e-02;2.055613e-02
3.525073e-02;3.225446e-02;5.526528e-02;9.175886e-02;6.458351e-02;5.447932e-02;1.874076e-01;2.537089e-01;6.566079e-02;5.161830e-02;8.499496e-02;2.301730e-02
4.259149e-02;5.625705e-02;8.963560e-02;5.735922e-02;9.584884e-02;5.181310e-02;1.624940e-01;1.892297e-01;1.044855e-01;5.539345e-02;7.846975e-02;1.642238e-02
5.002872e-02;6.107478e-02;4.925112e-02;1.019667e-01;9.005322e-02;5.169620e-02;1.285508e-01;2.064054e-01;1.248849e-01;4.735786e-02;7.551082e-02;1.321953e-02
4.317748e-02;3.538420e-02;3.477761e-02;1.217452e-01;5.913311e-02;7.831144e-02;1.290863e-01;2.395577e-01;7.523029e-02;7.696100e-02;8.492243e-02;2.171315e-02
3.816858e-02;6.310118e-02;3.874028e-02;7.424288e-02;4.634178e-02;8.544957e-02;1.891547e-01;2.402520e-01;5.920265e-02;8.190516e-02;7.137829e-02;1.206288e-02
5.404879e-02;8.976659e-02;4.769314e-02;8.981986e-02;6.316651e-02;5.015643e-02;1.888927e-01;2.047794e-01;4.870898e-02;8.607850e-02;6.617843e-02;1.071074e-02
5.633817e-02;7.403940e-02;5.605102e-02;8.539216e-02;7.836123e-02;3.565407e-02;1.719654e-01;2.288760e-01;3.251808e-02;8.706077e-02;7.240418e-02;2.133954e-02
8.107457e-02;5.322686e-02;4.670633e-02;5.714128e-02;6.407013e-02;4.240933e-02;1.539537e-01;2.644752e-01;5.186619e-02;9.836488e-02;6.801429e-02;1.869723e-02
1.140384e-01;6.060489e-02;4.368805e-02;3.825118e-02;3.701284e-02;6.897786e-02;1.507953e-01;2.457477e-01;7.876758e-02;8.253217e-02;5.744313e-02;2.214089e-02
1.263246e-01;6.039484e-02;5.278495e-02;3.331564e-02;3.363818e-02;6.301962e-02;1.773573e-01;2.172107e-01;7.522298e-02;7.206342e-02;6.620299e-02;2.246480e-02
1.301342e-01;1.738834e-01;4.344852e-02;5.757189e-02;4.264786e-02;6.038149e-02;1.269110e-01;1.501191e-01;5.665512e-02;8.848305e-02;5.153843e-02;1.822599e-02
8.413122e-02;2.472792e-01;5.141570e-02;7.024883e-02;5.467996e-02;5.427070e-02;5.307420e-02;1.233545e-01;6.214329e-02;1.331244e-01;3.574740e-02;3.053068e-02
7.436285e-02;1.981001e-01;4.030053e-02;7.476125e-02;5.967606e-02;5.624046e-02;1.009474e-01;1.323988e-01;6.417818e-02;1.179707e-01;6.070202e-02;2.036170e-02
5.678415e-02;1.852213e-01;5.449126e-02;7.308180e-02;5.818954e-02;3.437262e-02;1.114105e-01;1.496340e-01;5.800554e-02;8.582282e-02;1.045841e-01;2.840241e-02
1.201245e-01;1.422170e-01;5.764484e-02;5.191830e-02;3.429929e-02;3.851203e-02;1.294844e-01;1.870624e-01;4.587321e-02;7.349433e-02;8.911954e-02;3.025016e-02
9.260557e-02;1.019330e-01;5.092335e-02;3.561184e-02;2.631515e-02;5.709924e-02;1.814343e-01;2.318249e-01;3.580528e-02;4.773231e-02;1.090299e-01;2.968518e-02
7.283165e-02;9.334389e-02;3.401051e-02;4.302876e-02;2.381124e-02;6.200066e-02;1.894993e-01;2.800087e-01;3.140311e-02;3.815693e-02;1.039743e-01;2.793090e-02
1.676460e-01;1.236538e-01;2.443703e-02;3.250017e-02;2.978408e-02;5.060925e-02;1.437785e-01;1.336890e-01;2.415728e-02;3.889364e-02;2.192529e-01;1.159833e-02
1.653533e-01;8.859047e-02;2.486138e-02;2.190433e-02;2.024903e-02;5.432295e-02;9.483039e-02;1.102445e-01;1.627554e-02;3.843341e-02;3.421982e-01;2.273647e-02
1.418001e-01;5.566391e-02;1.969665e-02;1.828288e-02;1.474263e-02;5.313073e-02;7.033917e-02;8.012546e-02;1.258499e-02;4.272294e-02;4.734292e-01;1.748136e-02
8.780134e-02;2.311226e-02;1.100464e-02;1.111630e-02;1.198769e-02;4.384518e-02;3.412880e-02;4.144792e-02;7.509237e-03;4.880837e-02;6.701658e-01;9.072495e-03
3.953459e-02;1.126192e-02;5.909637e-03;1.214220e-02;1.064681e-02;2.406136e-02;2.721925e-02;2.361414e-02;3.662995e-03;5.191104e-02;7.862824e-01;3.753702e-03
2.764561e-02;1.355634e-02;2.808062e-03;1.926710e-02;1.206045e-02;1.390293e-02;2.183037e-02;2.927640e-02;5.018316e-03;6.075670e-02;7.909709e-01;2.906772e-03
3.982837e-02;1.224436e-02;2.193517e-03;2.423289e-02;1.145587e-02;1.128654e-02;2.687118e-02;3.573841e-02;6.073432e-03;6.137932e-02;7.654592e-01;3.236856e-03
3.834401e-02;1.130086e-02;3.699414e-03;2.660825e-02;1.047320e-02;1.436631e-02;5.022987e-02;9.958120e-02;6.809542e-03;5.714776e-02;6.789637e-01;2.475819e-03
6.706162e-02;2.345883e-02;5.506117e-03;2.763130e-02;7.952110e-03;1.897155e-02;9.492667e-02;1.366587e-01;9.783356e-03;4.890650e-02;5.541576e-01;4.985586e-03
1.352648e-01;7.733741e-02;1.686249e-02;2.241486e-02;5.468721e-03;2.435798e-02;9.987165e-02;1.074931e-01;2.236140e-02;4.364813e-02;4.418034e-01;3.115980e-03
3.100192e-01;1.040687e-01;4.566196e-02;1.935119e-02;1.454960e-02;3.756750e-02;8.118402e-02;6.697351e-02;3.618088e-02;5.894068e-02;2.169435e-01;8.559307e-03
3.089995e-01;7.020218e-02;3.762004e-02;2.217481e-02;1.318659e-02;3.572440e-02;9.593549e-02;8.380499e-02;2.060942e-02;6.310108e-02;2.386885e-01;9.953121e-03
2.598605e-01;3.980355e-02;2.333357e-02;4.236411e-02;3.151024e-02;2.144758e-02;8.292385e-02;6.022214e-02;1.947881e-02;5.614060e-02;3.484896e-01;1.442545e-02
2.838338e-01;9.803078e-02;1.680991e-02;3.093612e-02;5.463938e-02;1.813216e-02;7.288168e-02;9.778273e-02;1.585655e-02;3.519044e-02;2.658481e-01;1.005831e-02
3.472586e-01;1.447641e-01;1.814999e-02;1.277673e-02;7.992191e-02;2.272699e-02;6.207520e-02;1.077452e-01;2.090795e-02;2.033175e-02;1.580253e-01;5.316344e-03
3.673792e-01;1.561305e-01;1.869903e-02;1.096785e-02;7.778171e-02;5.328193e-02;5.176585e-02;9.262450e-02;3.835651e-02;1.967626e-02;1.068796e-01;6.457032e-03
3.211310e-01;1.104488e-01;1.660406e-02;1.447183e-02;4.260811e-02;8.859712e-02;6.997242e-02;7.792644e-02;4.590229e-02;4.502684e-02;1.565932e-01;1.071792e-02
2.739006e-01;8.398863e-02;1.674938e-02;1.439242e-02;3.555530e-02;6.712417e-02;1.107787e-01;7.901654e-02;2.966641e-02;5.307647e-02;2.256261e-01;1.012523e-02
2.942275e-01;6.539534e-02;1.780958e-02;1.201308e-02;3.364641e-02;4.727402e-02;1.353673e-01;6.876776e-02;1.990417e-02;3.828197e-02;2.580354e-01;9.277408e-03
3.181811e-01;1.263462e-01;1.958988e-02;1.901360e-02;4.540578e-02;4.496338e-02;1.314735e-01;7.224473e-02;1.750288e-02;2.630990e-02;1.718388e-01;7.130282e-03
3.437553e-01;1.710545e-01;1.804399e-02;1.494532e-02;5.983851e-02;3.735003e-02;7.492115e-02;6.202095e-02;1.294485e-02;2.773238e-02;1.671861e-01;1.020692e-02
3.989381e-01;1.767567e-01;1.281158e-02;1.206657e-02;3.008481e-02;3.675078e-02;4.840383e-02;3.555249e-02;1.316425e-02;2.006273e-02;2.079755e-01;7.432606e-03
3.530259e-01;1.722043e-01;2.159177e-02;1.948057e-02;1.820742e-02;5.066790e-02;8.004824e-02;4.950684e-02;1.765798e-02;2.465788e-02;1.856771e-01;7.274059e-03
3.043491e-01;1.215444e-01;5.982701e-02;3.036159e-02;2.652590e-02;4.549365e-02;1.028061e-01;6.927332e-02;3.472661e-02;6.310759e-02;1.277148e-01;1.426998e-02
1.675600e-01;1.392585e-01;1.075578e-01;9.048513e-02;3.084128e-02;2.582774e-02;6.592867e-02;8.091398e-02;5.972924e-02;1.194793e-01;7.104307e-02;4.137519e-02
9.637012e-02;1.408616e-01;9.996504e-02;8.938291e-02;4.145017e-02;3.142729e-02;6.936453e-02;1.307720e-01;5.817474e-02;1.137354e-01;9.168322e-02;3.681294e-02
1.388181e-01;2.032754e-01;6.613621e-02;5.702472e-02;3.109274e-02;2.773229e-02;1.060729e-01;1.490708e-01;3.787557e-02;6.406228e-02;9.039363e-02;2.844545e-02
1.992905e-01;3.264679e-01;4.754056e-02;3.544559e-02;1.616248e-02;3.354665e-02;8.953623e-02;8.837748e-02;4.626241e-02;3.795490e-02;6.710178e-02;1.231341e-02
1.960700e-01;4.113227e-01;4.856168e-02;3.018779e-02;1.017544e-02;3.875735e-02;4.738761e-02;4.744067e-02;8.527934e-02;3.352286e-02;4.739010e-02;3.904580e-03
1.803748e-01;4.607412e-01;3.647870e-02;2.220314e-02;1.487192e-02;3.334479e-02;1.953390e-02;4.092757e-02;1.211981e-01;3.146647e-02;3.408458e-02;4.774764e-03
2.070106e-01;4.421115e-01;1.513948e-02;1.538696e-02;2.013829e-02;1.881794e-02;2.919243e-02;5.854913e-02;1.382222e-01;1.924094e-02;3.331776e-02;2.872714e-03
2.816250e-01;3.956609e-01;9.547987e-03;1.382114e-02;8.123605e-03;9.399650e-03;3.469339e-02;7.037814e-02;1.299564e-01;2.123122e-02;2.323325e-02;2.329300e-03
3.432777e-01;2.957767e-01;8.769301e-03;1.100081e-02;1.363008e-02;8.988517e-03;3.904632e-02;1.105322e-01;9.312713e-02;1.891790e-02;5.258373e-02;4.349639e-03
3.236811e-01;1.978979e-01;1.023767e-02;9.426027e-03;2.516281e-02;1.586917e-02;6.994803e-02;1.418286e-01;6.480705e-02;1.682124e-02;1.155621e-01;8.758254e-03
2.616888e-01;2.066479e-01;1.956724e-02;1.226970e-02;2.384483e-02;3.519476e-02;9.412882e-02;1.194587e-01;4.508084e-02;1.634104e-02;1.592785e-01;6.498814e-03
3.239456e-01;2.322962e-01;2.013404e-02;1.378702e-02;2.723842e-02;5.501719e-02;8.269897e-02;9.587701e-02;3.207893e-02;2.101976e-02;8.592918e-02;9.977652e-03
4.319330e-01;2.269766e-01;1.153529e-02;7.790802e-03;2.640166e-02;5.453781e-02;5.395282e-02;1.081996e-01;2.668003e-02;1.961678e-02;2.616047e-02;6.215187e-03
4.494400e-01;2.162719e-01;1.161821e-02;2.252162e-02;1.662098e-02;4.886690e-02;6.667203e-02;7.400551e-02;1.540381e-02;2.381288e-02;4.523971e-02;9.526421e-03
4.488860e-01;1.843331e-01;7.589579e-03;4.546813e-02;1.173139e-02;2.816108e-02;8.457977e-02;5.917928e-02;1.007709e-02;3.234592e-02;6.851009e-02;1.913859e-02
4.252430e-01;1.736992e-01;5.601222e-03;5.170130e-02;9.577910e-03;9.248756e-03;1.038393e-01;4.543462e-02;6.215390e-03;3.205096e-02;1.067401e-01;3.064820e-02
4.038327e-01;1.552596e-01;5.455542e-03;3.551878e-02;8.684817e-03;1.090613e-02;1.090216e-01;3.557359e-02;7.458733e-03;2.601780e-02;1.657716e-01;3.649914e-02
4.264079e-01;1.283223e-01;7.730894e-03;1.565663e-02;2.076292e-02;1.635612e-02;7.779156e-02;2.748477e-02;9.854585e-03;2.801662e-02;2.115196e-01;3.009598e-02
3.587557e-01;8.363722e-02;8.708552e-03;1.457694e-02;3.879471e-02;2.592542e-02;5.275802e-02;2.670339e-02;2.009071e-02;3.219530e-02;3.138128e-01;2.404125e-02
3.017683e-01;7.606683e-02;1.510234e-02;5.278362e-03;3.745930e-02;4.339839e-02;3.361683e-02;1.979141e-02;2.384348e-02;3.177600e-02;3.957562e-01;1.614259e-02
2.847581e-01;7.379448e-02;1.443655e-02;8.684357e-03;2.515670e-02;5.306240e-02;3.100649e-02;1.518013e-02;1.691380e-02;4.150552e-02;4.259838e-01;9.517711e-03
2.634118e-01;8.267775e-02;7.224321e-03;2.056629e-02;3.375683e-02;4.053020e-02;4.492750e-02;2.866056e-02;1.164878e-02;7.609363e-02;3.851759e-01;5.326400e-03
1.819157e-01;7.282441e-02;7.729725e-03;1.944863e-02;8.309088e-02;2.037322e-02;5.829204e-02;3.916523e-02;1.417660e-02;1.106977e-01;3.796968e-01;1.258893e-02
1.127883e-01;5.409713e-02;1.183642e-02;1.746723e-02;1.273998e-01;4.958162e-02;7.401457e-02;3.828627e-02;2.346633e-02;1.331362e-01;3.426816e-01;1.524458e-02
9.603527e-02;5.896864e-02;2.674999e-02;2.575655e-02;1.097290e-01;1.055197e-01;1.432842e-01;8.718532e-02;4.896073e-02;1.288686e-01;1.556273e-01;1.331474e-02
1.204834e-01;4.800995e-02;2.279603e-02;4.916915e-02;5.698358e-02;7.265466e-02;1.769847e-01;1.403752e-01;6.503902e-02;9.036921e-02;1.506295e-01;6.505665e-03
1.156536e-01;3.927223e-02;1.826341e-02;8.040544e-02;4.625603e-02;3.591264e-02;1.869494e-01;1.956476e-01;9.918325e-02;6.938559e-02;1.022389e-01;1.083189e-02
8.239497e-02;4.713221e-02;1.883083e-02;7.574175e-02;9.936401e-02;3.422759e-02;1.954344e-01;2.546279e-01;9.462773e-02;4.738107e-02;4.386174e-02;6.375729e-03
6.450871e-02;6.094721e-02;2.533585e-02;4.949026e-02;9.670134e-02;3.309453e-02;1.906409e-01;3.272001e-01;5.043752e-02;4.584382e-02;4.059293e-02;1.520692e-02
3.564680e-02;6.683879e-02;3.322176e-02;5.376593e-02;4.977438e-02;2.998226e-02;2.558827e-01;3.872370e-01;1.889539e-02;3.011661e-02;2.029361e-02;1.834475e-02
3.023123e-02;8.813559e-02;3.609179e-02;5.894446e-02;3.146295e-02;2.165779e-02;2.672640e-01;3.900920e-01;1.214432e-02;1.770153e-02;3.296296e-02;1.331144e-02
4.252912e-02;1.125742e-01;2.993337e-02;5.295302e-02;4.165738e-02;1.422696e-02;2.736895e-01;3.614815e-01;1.187909e-02;1.044883e-02;3.405755e-02;1.456946e-02
3.573711e-02;1.329019e-01;2.673967e-02;4.556980e-02;4.738507e-02;1.480477e-02;2.778369e-01;3.394261e-01;1.753125e-02;1.405298e-02;3.357320e-02;1.444119e-02
3.095663e-02;1.366828e-01;3.806585e-02;4.045404e-02;4.410366e-02;1.762941e-02;2.756244e-01;3.479789e-01;1.880202e-02;1.292646e-02;1.990703e-02;1.686883e-02
1.067967e-02;1.162551e-01;5.510788e-02;3.078058e-02;6.322244e-02;3.092746e-02;2.480880e-01;3.682862e-01;1.387382e-02;1.748547e-02;1.521908e-02;3.007426e-02
1.402843e-02;8.868948e-02;6.975072e-02;2.271850e-02;8.264679e-02;4.737283e-02;2.123499e-01;3.810186e-01;1.588679e-02;1.775357e-02;6.627641e-03;4.115673e-02
2.877651e-02;7.509876e-02;8.003373e-02;4.967194e-02;5.541059e-02;6.809114e-02;1.932282e-01;3.539041e-01;2.908055e-02;1.711988e-02;1.254288e-02;3.704171e-02
6.951798e-02;5.761847e-02;8.427502e-02;9.365385e-02;4.310337e-02;5.467116e-02;1.636824e-01;2.794479e-01;6.303794e-02;3.090245e-02;3.921922e-02;2.087036e-02
9.063382e-02;3.763848e-02;4.913547e-02;9.336934e-02;7.022549e-02;2.629259e-02;9.866747e-02;1.267017e-01;7.596224e-02;9.024608e-02;2.312760e-01;9.851271e-03
7.079346e-02;7.482207e-02;1.474517e-02;2.482435e-02;5.573813e-02;2.472791e-02;5.157171e-02;3.947117e-02;3.162235e-02;1.047285e-01;4.950272e-01;1.192801e-02
5.823909e-02;5.204412e-02;2.001804e-02;1.307950e-02;2.342778e-02;3.871757e-02;3.174015e-02;2.054789e-02;9.285436e-03;6.168217e-02;6.612390e-01;9.979210e-03
7.394420e-02;3.220354e-02;1.899783e-02;6.618510e-03;8.330286e-03;4.265570e-02;5.298131e-02;1.670950e-02;6.626397e-03;2.997674e-02;6.710693e-01;3.988670e-02
1.503511e-01;2.618784e-02;1.074205e-02;6.922586e-03;7.656893e-03;2.808272e-02;8.944797e-02;2.073077e-02;5.084231e-03;1.677913e-02;5.468099e-01;9.120481e-02
2.741320e-01;3.469683e-02;4.490810e-03;1.075948e-02;4.939528e-03;1.537846e-02;1.185768e-01;4.054322e-02;4.993937e-03;1.482025e-02;3.360844e-01;1.405842e-01
4.364313e-01;5.912650e-02;4.422992e-03;9.242076e-03;6.726706e-03;1.041572e-02;8.894386e-02;8.640397e-02;3.966392e-03;9.247057e-03;1.671897e-01;1.178837e-01
5.229979e-01;1.260462e-01;4.236102e-03;1.930304e-03;1.310314e-02;5.297781e-03;5.387761e-02;1.056491e-01;9.043524e-03;6.127675e-03;9.669553e-02;5.499512e-02
4.751022e-01;2.324154e-01;7.271398e-03;2.195724e-03;1.359801e-02;8.193498e-03;4.250253e-02;7.678177e-02;1.971576e-02;5.951836e-03;8.485393e-02;3.141794e-02
3.978688e-01;3.581119e-01;1.211785e-02;2.155536e-03;7.433050e-03;1.200988e-02;2.522152e-02;2.525512e-02;2.624689e-02;8.010426e-03;9.414258e-02;3.142637e-02
3.186091e-01;4.647243e-01;2.450610e-02;3.096186e-03;3.541880e-03;1.264316e-02;1.681642e-02;1.726786e-02;2.474141e-02;1.664918e-02;8.039307e-02;1.701133e-02
1.735461e-01;5.735127e-01;4.685628e-02;7.934870e-03;5.798991e-03;1.298937e-02;3.058018e-02;2.967813e-02;3.399682e-02;2.758904e-02;4.340004e-02;1.411738e-02
1.639150e-01;5.529534e-01;6.414839e-02;1.228166e-02;5.503633e-03;1.023571e-02;3.105371e-02;3.272604e-02;4.571495e-02;2.486674e-02;3.036433e-02;2.623639e-02
2.447090e-01;4.742944e-01;6.497282e-02;1.342578e-02;3.681875e-03;6.662882e-03;1.827264e-02;1.739461e-02;4.305528e-02;3.191516e-02;7.235464e-02;9.260953e-03
2.430107e-01;4.089296e-01;6.046864e-02;1.828387e-02;8.572521e-03;1.008022e-02;2.215018e-02;2.613785e-02;4.233873e-02;3.972213e-02;9.971966e-02;2.058600e-02
1.966741e-01;4.094473e-01;5.166248e-02;2.487103e-02;1.319507e-02;1.512332e-02;3.635011e-02;5.981527e-02;4.443142e-02;2.261662e-02;9.282377e-02;3.298956e-02
3.284596e-01;3.348660e-01;4.880224e-02;2.407415e-02;1.100916e-02;1.813628e-02;4.390654e-02;6.896454e-02;5.229962e-02;2.543484e-02;2.418067e-02;1.986644e-02
3.728277e-01;2.290696e-01;3.909999e-02;1.781791e-02;1.137473e-02;1.885770e-02;6.123159e-02;6.928825e-02;5.744063e-02;2.784014e-02;8.328484e-02;1.186698e-02
3.271229e-01;1.951039e-01;4.030902e-02;1.460139e-02;1.259536e-02;1.680689e-02;7.915103e-02;9.274496e-02;4.198693e-02;2.891910e-02;1.173214e-01;3.333701e-02
2.968554e-01;2.437226e-01;3.212687e-02;1.345155e-02;1.585708e-02;2.944548e-02;7.171584e-02;9.525050e-02;2.922774e-02;3.300415e-02;1.012871e-01;3.805571e-02
3.548916e-01;2.660153e-01;1.904690e-02;1.183837e-02;1.906843e-02;3.684025e-02;6.428191e-02;5.756221e-02;2.298604e-02;3.125178e-02;1.028493e-01;1.336793e-02
3.331951e-01;1.621683e-01;3.525075e-02;2.769168e-02;2.416424e-02;4.505459e-02;6.902030e-02;8.292457e-02;3.190348e-02;3.200664e-02;1.171825e-01;3.943778e-02
2.478177e-01;1.201463e-01;4.803695e-02;4.427063e-02;2.840702e-02;4.557156e-02;9.573427e-02;9.999087e-02;4.298349e-02;4.505083e-02;1.387816e-01;4.320873e-02
1.805017e-01;1.397862e-01;4.994493e-02;4.703315e-02;3.028195e-02;4.305984e-02;1.269413e-01;9.613697e-02;4.899061e-02;5.621140e-02;1.464668e-01;3.464509e-02
1.129139e-01;9.336445e-02;5.722970e-02;3.530189e-02;3.271017e-02;7.442973e-02;1.772804e-01;1.287530e-01;5.814460e-02;5.726080e-02;1.380512e-01;3.456016e-02
1.352588e-01;1.068739e-01;3.952540e-02;3.631618e-02;3.467295e-02;8.027089e-02;1.571392e-01;1.097584e-01;5.624638e-02;4.251500e-02;1.635317e-01;3.789118e-02
1.636133e-01;1.135392e-01;1.987019e-02;1.812530e-02;2.593617e-02;4.580147e-02;1.592073e-01;1.630666e-01;2.269249e-02;3.982388e-02;2.171345e-01;1.118963e-02
1.971885e-01;1.055914e-01;1.475182e-02;1.306790e-02;1.931534e-02;4.392032e-02;1.742788e-01;1.585755e-01;1.843159e-02;2.986395e-02;2.178117e-01;7.203088e-03
2.832053e-01;1.225494e-01;9.480106e-03;1.216867e-02;1.421920e-02;3.784073e-02;1.744487e-01;1.377175e-01;1.486732e-02;2.466897e-02;1.571047e-01;1.172942e-02
3.944382e-01;1.384557e-01;7.744063e-03;1.046683e-02;2.561664e-02;3.336064e-02;1.228317e-01;7.871184e-02;9.285876e-03;3.027120e-02;1.288040e-01;2.001334e-02
3.749412e-01;1.240626e-01;4.971110e-03;1.031341e-02;5.188895e-02;2.782900e-02;8.393748e-02;4.345210e-02;8.410964e-03;2.848140e-02;2.237517e-01;1.796009e-02
3.177501e-01;1.276705e-01;8.992279e-03;1.172895e-02;6.954890e-02;2.238227e-02;7.698833e-02;5.077159e-02;1.687928e-02;2.758008e-02;2.562388e-01;1.346881e-02
2.623934e-01;1.148481e-01;1.527446e-02;1.030837e-02;6.751090e-02;1.965923e-02;8.733927e-02;3.997110e-02;2.571704e-02;3.569797e-02;3.098710e-01;1.140914e-02
2.746897e-01;8.944069e-02;1.615711e-02;8.008721e-03;4.591844e-02;2.240812e-02;1.649950e-01;4.491462e-02;2.730343e-02;4.041817e-02;2.511099e-01;1.463615e-02
3.372152e-01;6.119028e-02;1.432983e-02;8.599104e-03;3.495495e-02;2.845480e-02;2.829275e-01;8.657686e-02;2.311219e-02;2.664215e-02;7.762222e-02;1.837501e-02
3.024411e-01;9.197757e-02;1.218278e-02;8.487664e-03;2.561841e-02;2.344928e-02;2.207761e-01;6.550007e-02;1.163777e-02;2.044445e-02;2.083212e-01;9.163574e-03
3.249246e-01;1.356664e-01;8.948496e-03;8.312929e-03;2.013578e-02;1.891791e-02;1.406957e-01;5.125814e-02;1.167328e-02;2.414756e-02;2.465518e-01;8.767482e-03
3.681200e-01;1.416139e-01;1.309810e-02;1.168874e-02;3.343543e-02;2.872519e-02;1.043314e-01;2.783755e-02;1.984513e-02;2.190921e-02;2.165545e-01;1.284094e-02
2.218457e-01;9.943672e-02;2.671631e-02;2.716669e-02;3.461822e-02;4.195612e-02;1.744263e-01;1.010012e-01;5.111164e-02;4.828130e-02;1.134464e-01;5.999344e-02
1.017481e-01;1.151173e-01;3.447998e-02;3.232500e-02;3.628128e-02;6.360099e-02;1.996058e-01;1.260695e-01;4.993301e-02;4.536013e-02;1.447505e-01;5.072843e-02
2.167988e-01;2.110328e-01;3.436136e-02;2.550266e-02;1.959967e-02;4.786079e-02;1.439786e-01;8.887051e-02;2.944855e-02;2.438142e-02;1.279289e-01;3.023588e-02
3.072324e-01;3.037435e-01;2.977261e-02;1.749699e-02;1.104241e-02;3.526651e-02;8.204222e-02;4.120911e-02;2.889401e-02;1.692390e-02;9.967265e-02;2.670364e-02
3.377515e-01;3.476727e-01;3.263322e-02;1.688309e-02;7.440338e-03;3.520654e-02;6.383794e-02;2.615567e-02;3.775166e-02;2.478039e-02;4.776590e-02;2.212106e-02
2.603429e-01;2.814928e-01;3.589302e-02;2.031007e-02;1.976138e-02;5.220882e-02;9.783214e-02;6.590279e-02;4.742630e-02;4.196051e-02;5.984037e-02;1.702892e-02
2.705527e-01;2.032664e-01;2.244108e-02;1.726371e-02;2.542792e-02;5.520109e-02;1.052791e-01;1.153948e-01;6.469511e-02;4.431155e-02;5.327494e-02;2.289151e-02
2.186394e-01;3.659895e-01;4.312333e-02;1.313250e-02;1.170196e-02;5.478920e-02;5.075157e-02;7.614582e-02;5.635917e-02;4.061598e-02;4.801691e-02;2.073466e-02
1.421524e-01;4.631183e-01;9.014342e-02;1.424686e-02;4.457312e-03;7.824276e-02;2.419095e-02;4.266746e-02;4.534904e-02;5.434224e-02;2.686108e-02;1.422817e-02
7.637478e-02;4.460075e-01;1.482526e-01;2.260484e-02;1.386627e-02;9.692168e-02;4.571210e-02;1.698108e-02;2.697991e-02;8.321336e-02;1.428449e-02;8.801439e-03
2.923644e-02;4.242269e-01;1.869335e-01;3.643532e-02;2.339609e-02;6.934385e-02;6.600659e-02;1.911695e-02;2.027690e-02;9.251696e-02;2.714317e-02;5.367382e-03
7.231592e-02;4.312221e-01;1.629248e-01;5.399067e-02;1.794553e-02;2.704346e-02;7.983726e-02;2.065886e-02;1.229813e-02;6.124888e-02;5.443391e-02;6.080412e-03
1.129718e-01;3.815605e-01;1.231076e-01;6.221860e-02;3.463360e-02;2.976236e-02;9.546676e-02;4.044603e-02;1.010321e-02;2.441295e-02;7.290491e-02;1.241164e-02
1.541617e-01;2.693146e-01;1.145528e-01;6.359356e-02;4.192137e-02;5.029333e-02;1.047414e-01;5.844459e-02;1.185250e-02;1.474831e-02;9.409213e-02;2.228377e-02
1.933548e-01;2.275488e-01;1.129384e-01;4.580496e-02;1.995038e-02;9.420541e-02;8.731191e-02;4.826817e-02;2.267122e-02;4.193535e-02;8.163434e-02;2.437614e-02
1.126360e-01;3.422285e-01;1.120416e-01;4.601572e-02;1.699920e-02;1.014313e-01;9.697787e-02;3.681191e-02;1.944735e-02;5.703811e-02;4.535917e-02;1.301324e-02
7.628724e-02;3.182707e-01;1.116338e-01;3.898173e-02;2.756901e-02;9.335626e-02;1.183576e-01;6.184425e-02;1.566844e-02;7.224490e-02;4.814465e-02;1.764137e-02
1.107281e-01;2.753731e-01;9.133344e-02;3.010873e-02;3.258260e-02;1.025707e-01;1.237527e-01;8.300821e-02;1.527617e-02;8.003248e-02;3.790899e-02;1.732486e-02
1.625493e-01;1.924344e-01;9.581109e-02;5.098660e-02;4.616266e-02;7.450564e-02;9.470136e-02;6.187770e-02;3.975213e-02;8.855424e-02;6.700734e-02;2.565755e-02
1.344139e-01;1.930067e-01;8.386847e-02;5.854135e-02;3.811550e-02;5.110560e-02;9.889009e-02;9.353215e-02;5.119949e-02;7.522424e-02;9.402283e-02;2.807972e-02
9.057613e-02;1.009068e-01;6.448671e-02;5.081971e-02;5.489118e-02;6.293617e-02;1.898553e-01;1.512812e-01;5.171608e-02;4.959844e-02;8.633850e-02;4.659379e-02
5.302335e-02;1.064618e-01;5.092330e-02;6.421994e-02;7.217471e-02;6.743222e-02;2.051861e-01;1.596904e-01;3.849664e-02;2.292557e-02;7.860699e-02;8.085891e-02
5.050233e-02;1.674056e-01;6.650011e-02;9.849367e-02;6.179279e-02;7.202345e-02;1.368947e-01;1.147816e-01;3.055564e-02;1.757485e-02;1.072748e-01;7.620053e-02
8.093935e-02;2.662176e-01;1.332713e-01;8.809414e-02;4.174841e-02;5.251001e-02;7.483476e-02;6.408954e-02;3.786120e-02;4.440131e-02;8.120345e-02;3.482892e-02
1.383131e-01;4.313693e-01;1.372366e-01;3.882615e-02;1.929461e-02;2.632143e-02;4.503744e-02;3.252029e-02;4.513731e-02;4.832647e-02;2.374626e-02;1.387097e-02
1.823089e-01;5.361481e-01;6.939855e-02;2.916194e-02;7.204420e-03;2.413128e-02;1.553047e-02;2.417269e-02;6.025518e-02;2.582765e-02;1.495205e-02;1.090877e-02
2.360708e-01;5.483873e-01;2.974486e-02;2.306546e-02;5.270978e-03;2.007734e-02;1.173905e-02;2.257125e-02;7.522466e-02;1.586326e-02;5.987596e-03;5.997361e-03
2.892268e-01;4.862763e-01;1.585530e-02;1.640361e-02;5.327122e-03;1.467582e-02;1.296120e-02;2.154597e-02;7.790801e-02;1.980487e-02;3.428688e-02;5.728127e-03
3.359508e-01;3.588802e-01;2.105999e-02;1.410469e-02;8.022464e-03;1.075818e-02;2.273540e-02;3.236331e-02;6.335954e-02;2.291816e-02;9.750697e-02;1.234037e-02
2.969078e-01;2.242919e-01;3.044712e-02;2.032463e-02;1.224010e-02;1.888834e-02;6.892274e-02;6.437527e-02;3.904942e-02;3.759105e-02;1.715860e-01;1.537552e-02
2.354064e-01;2.469246e-01;3.342047e-02;2.425939e-02;1.209646e-02;2.228274e-02;1.011035e-01;8.244482e-02;4.203834e-02;5.606803e-02;1.359130e-01;8.042239e-03
2.516407e-01;2.418090e-01;2.791983e-02;3.174887e-02;2.327691e-02;2.879256e-02;9.704491e-02;7.862051e-02;7.284377e-02;8.678895e-02;4.769870e-02;1.181524e-02
2.322609e-01;1.883437e-01;4.132454e-02;4.244225e-02;2.742253e-02;3.421330e-02;6.433679e-02;6.325536e-02;5.537758e-02;1.076516e-01;1.160060e-01;2.736543e-02
2.411929e-01;2.421963e-01;6.203260e-02;3.162821e-02;2.431999e-02;3.353693e-02;5.568295e-02;6.062513e-02;4.244133e-02;1.001464e-01;8.541175e-02;2.078553e-02
2.411960e-01;2.755018e-01;5.681039e-02;2.821716e-02;1.904666e-02;2.797174e-02;7.022870e-02;5.964151e-02;6.437006e-02;6.286247e-02;7.358329e-02;2.057023e-02
2.312277e-01;2.387578e-01;5.610976e-02;3.674843e-02;2.572268e-02;3.105792e-02;8.172645e-02;7.269364e-02;7.663085e-02;5.189623e-02;7.862423e-02;1.880422e-02
2.046116e-01;1.360989e-01;7.037648e-02;6.347231e-02;4.551562e-02;4.172607e-02;6.901438e-02;7.856433e-02;1.138266e-01;7.497106e-02;7.821026e-02;2.361236e-02
1.632246e-01;1.179133e-01;7.184727e-02;7.596701e-02;4.829620e-02;4.702482e-02;7.085063e-02;8.159128e-02;1.060020e-01;1.124326e-01;7.447243e-02;3.037784e-02
1.061812e-01;1.506084e-01;8.551425e-02;7.581143e-02;3.885963e-02;4.730868e-02;1.207685e-01;8.923556e-02;1.295013e-01;8.515479e-02;4.355943e-02;2.749681e-02
1.224724e-01;1.407263e-01;8.418441e-02;4.770003e-02;5.130124e-02;5.643897e-02;1.500701e-01;7.521034e-02;1.253604e-01;8.406089e-02;3.105329e-02;3.142163e-02
1.374234e-01;1.448755e-01;4.571714e-02;7.576828e-02;8.380245e-02;8.061609e-02;1.222622e-01;6.915996e-02;8.616365e-02;8.839985e-02;3.871648e-02;2.709512e-02
1.069568e-01;1.255316e-01;3.092267e-02;1.229277e-01;8.352274e-02;6.040820e-02;9.261302e-02;1.125237e-01;1.057785e-01;8.013230e-02;5.583376e-02;2.284892e-02
1.157067e-01;1.163102e-01;3.479644e-02;1.359398e-01;8.592281e-02;4.908086e-02;8.039346e-02;1.285749e-01;9.037353e-02;7.248247e-02;7.033551e-02;2.008333e-02
1.406621e-01;1.161846e-01;6.176848e-02;1.082834e-01;8.048567e-02;4.492442e-02;9.930325e-02;8.853047e-02;4.805600e-02;9.757727e-02;7.551027e-02;3.871410e-02
1.260424e-01;1.371273e-01;3.653979e-02;6.096629e-02;2.892853e-02;6.740167e-02;1.160023e-01;1.186703e-01;5.767864e-02;9.056322e-02;1.203884e-01;3.969117e-02
1.921293e-01;1.110746e-01;2.445062e-02;1.932238e-02;1.638438e-02;5.901460e-02;9.953099e-02;8.818243e-02;3.158826e-02;5.749314e-02;2.825375e-01;1.829183e-02
1.629335e-01;6.765023e-02;1.847722e-02;1.011193e-02;1.393704e-02;5.622428e-02;7.364939e-02;6.073793e-02;2.014833e-02;4.141426e-02;4.663748e-01;8.341067e-03
1.119148e-01;2.404985e-02;1.164819e-02;9.688893e-03;2.238841e-02;4.503922e-02;5.818472e-02;3.260419e-02;1.162324e-02;4.524649e-02;6.204649e-01;7.147154e-03
