1.194426e-01;5.990680e-02;1.204198e-01;1.224465e-01;1.189185e-01;4.398743e-02;1.082069e-01;6.446280e-02;8.534694e-02;5.719976e-02;4.519242e-02;5.446952e-02
1.044803e-01;4.026283e-02;1.410705e-01;7.246827e-02;9.231015e-02;5.780035e-02;1.940176e-01;6.922346e-02;8.068328e-02;5.309064e-02;4.820517e-02;4.638745e-02
1.352284e-01;7.671056e-02;1.587876e-01;5.348136e-02;5.506143e-02;4.512778e-02;1.583162e-01;5.153888e-02;7.427713e-02;7.089848e-02;6.633674e-02;5.423544e-02
1.279059e-01;1.015698e-01;1.826564e-01;4.734069e-02;4.579940e-02;3.487245e-02;1.544860e-01;3.188005e-02;7.312879e-02;6.930793e-02;7.736270e-02;5.368986e-02
7.130428e-02;1.251726e-01;2.729576e-01;4.941032e-02;4.448652e-02;3.501282e-02;1.333376e-01;1.852087e-02;6.827103e-02;5.286748e-02;8.512287e-02;4.353597e-02
1.122615e-01;1.287357e-01;2.888311e-01;6.433844e-02;5.999184e-02;4.033038e-02;9.539799e-02;4.006577e-02;4.561889e-02;3.539921e-02;6.179443e-02;2.723479e-02
1.960133e-01;1.428658e-01;1.658370e-01;5.949515e-02;6.695817e-02;3.639984e-02;9.430078e-02;6.599802e-02;5.048010e-02;3.596289e-02;4.851568e-02;3.717323e-02
2.635176e-01;1.069605e-01;1.470052e-01;4.027253e-02;6.871811e-02;2.571142e-02;8.243203e-02;1.242513e-01;5.210865e-02;2.585500e-02;3.854226e-02;2.462542e-02
3.200438e-01;2.010499e-02;1.810708e-01;3.049137e-02;5.418761e-02;2.573560e-02;5.420176e-02;1.864436e-01;2.705466e-02;1.723038e-02;3.721789e-02;4.621750e-02
3.404153e-01;7.357374e-02;8.533548e-02;3.357800e-02;4.615976e-02;1.848986e-02;7.512971e-02;1.935577e-01;2.216180e-02;2.093881e-02;3.166262e-02;5.899718e-02
3.314984e-01;5.776625e-02;8.848207e-02;3.531058e-02;4.789470e-02;1.591165e-02;9.035528e-02;2.103531e-01;2.001595e-02;1.655131e-02;2.642328e-02;5.943734e-02
3.354618e-01;3.747500e-02;8.248942e-02;3.094715e-02;5.654602e-02;1.452139e-02;8.254581e-02;2.609505e-01;1.282853e-02;1.483787e-02;2.467509e-02;4.672145e-02
3.012198e-01;4.252953e-02;1.351855e-01;2.101785e-02;6.145869e-02;1.550401e-02;7.027390e-02;2.465676e-01;2.246058e-02;1.496802e-02;3.451610e-02;3.429841e-02
3.261667e-01;1.250672e-01;1.563734e-01;1.379573e-02;3.821285e-02;1.621551e-02;4.398182e-02;1.607200e-01;4.061807e-02;1.471132e-02;2.128315e-02;4.285421e-02
3.681964e-01;2.221991e-01;1.153140e-01;7.931604e-03;2.620379e-02;9.593788e-03;1.685566e-02;1.074050e-01;7.432323e-02;1.342087e-02;8.372497e-03;3.018408e-02
3.352828e-01;3.161597e-01;1.163504e-01;4.601947e-03;1.576027e-02;5.491253e-03;5.933279e-03;7.495239e-02;9.143566e-02;6.674012e-03;8.948407e-03;1.840988e-02
2.788875e-01;3.797662e-01;1.286855e-01;3.336523e-03;1.498554e-02;3.731787e-03;6.823943e-03;5.649036e-02;1.034424e-01;6.143556e-03;6.929206e-03;1.077750e-02
2.335483e-01;3.993145e-01;1.099982e-01;6.298269e-03;1.978976e-02;1.188369e-02;6.563224e-03;5.399624e-02;1.376847e-01;6.475934e-03;6.625107e-03;7.822078e-03
2.039404e-01;3.535301e-01;9.350315e-02;7.657180e-03;2.822276e-02;2.925093e-02;6.670540e-03;6.100589e-02;1.954116e-01;8.202246e-03;7.026000e-03;5.579166e-03
1.739794e-01;3.173311e-01;1.122626e-01;8.784209e-03;1.703665e-02;6.136119e-02;6.144994e-03;5.413574e-02;2.267762e-01;1.121839e-02;5.450092e-03;5.519471e-03
1.689221e-01;2.963771e-01;1.148179e-01;1.028675e-02;9.507081e-03;1.168542e-01;7.399766e-03;4.193703e-02;2.112084e-01;7.098758e-03;5.141111e-03;1.044980e-02
1.524718e-01;2.535038e-01;1.277245e-01;1.624616e-02;8.799271e-03;1.836635e-01;1.363666e-02;2.486831e-02;1.907504e-01;8.882097e-03;5.771340e-03;1.368218e-02
7.940751e-02;2.127866e-01;1.698835e-01;2.579495e-02;1.091943e-02;2.299047e-01;2.279277e-02;1.130737e-02;1.941507e-01;1.674490e-02;1.044087e-02;1.586668e-02
6.786457e-02;1.686784e-01;1.999969e-01;2.866987e-02;1.346601e-02;2.115533e-01;2.977390e-02;1.783725e-02;2.096500e-01;2.562788e-02;1.085325e-02;1.602859e-02
9.378750e-02;1.331911e-01;2.768148e-01;2.732521e-02;2.188250e-02;1.695998e-01;2.968244e-02;3.341310e-02;1.606075e-01;2.607115e-02;8.262249e-03;1.936265e-02
6.991392e-02;1.164776e-01;3.945783e-01;2.535213e-02;1.866654e-02;1.471058e-01;3.173358e-02;3.425224e-02;8.049444e-02;4.865873e-02;1.300104e-02;1.976569e-02
6.506181e-02;1.033865e-01;4.311447e-01;5.404272e-02;3.511963e-02;1.060733e-01;2.982632e-02;2.331896e-02;3.791860e-02;5.387298e-02;4.548411e-02;1.475037e-02
4.379919e-02;8.785539e-02;3.439656e-01;8.050884e-02;8.763672e-02;8.057025e-02;2.631670e-02;2.847019e-02;3.373517e-02;5.517970e-02;9.032828e-02;4.163400e-02
4.121152e-02;5.590529e-02;2.374616e-01;7.803296e-02;1.285215e-01;9.063585e-02;8.607854e-02;3.396396e-02;3.230196e-02;4.184262e-02;6.363410e-02;1.104102e-01
7.200842e-02;2.584346e-02;1.945536e-01;1.051437e-01;1.214299e-01;1.442207e-01;1.058564e-01;3.434385e-02;3.748288e-02;2.549633e-02;1.804896e-02;1.155719e-01
1.215924e-01;1.558810e-02;1.214449e-01;1.076487e-01;8.477436e-02;2.737716e-01;8.449209e-02;5.674352e-02;2.510781e-02;3.605307e-02;7.984078e-03;6.479941e-02
1.411444e-01;1.683546e-02;5.043132e-02;1.064541e-01;4.622437e-02;3.652063e-01;9.970270e-02;6.932449e-02;1.495971e-02;6.110732e-02;3.708147e-03;2.490157e-02
1.053816e-01;3.922717e-02;2.330574e-02;1.284361e-01;2.936663e-02;3.082021e-01;2.161971e-01;5.067720e-02;1.934944e-02;6.595182e-02;3.794393e-03;1.011058e-02
4.573977e-02;8.363383e-02;1.739807e-02;8.811332e-02;3.309484e-02;1.544388e-01;4.424796e-01;3.423491e-02;4.848642e-02;3.862251e-02;6.870260e-03;6.887641e-03
2.842121e-02;8.781968e-02;2.673294e-02;2.075745e-02;4.479463e-02;7.183407e-02;4.918038e-01;1.111570e-01;6.213401e-02;3.503963e-02;8.826729e-03;1.067884e-02
1.719028e-02;5.210808e-02;4.243723e-02;1.719629e-02;3.711557e-02;6.793085e-02;3.605027e-01;2.470532e-01;7.315976e-02;6.402869e-02;7.195510e-03;1.408180e-02
1.421940e-02;1.293950e-02;3.982523e-02;4.983421e-02;1.729122e-02;8.773725e-02;2.243215e-01;2.336374e-01;2.178339e-01;8.069798e-02;9.049435e-03;1.261300e-02
2.508995e-02;2.431469e-02;2.242831e-02;8.207283e-02;1.409084e-02;7.706833e-02;1.676440e-01;1.096289e-01;3.562026e-01;9.714197e-02;1.384232e-02;1.047524e-02
2.901191e-02;3.266584e-02;2.135126e-02;7.246034e-02;1.519107e-02;5.643945e-02;2.019579e-01;7.390970e-02;3.374593e-01;1.157608e-01;3.115322e-02;1.263921e-02
2.143834e-02;2.241259e-02;2.749849e-02;3.529443e-02;1.731191e-02;8.457681e-02;3.064976e-01;9.684676e-02;2.543928e-01;9.037424e-02;3.257688e-02;1.077916e-02
2.236736e-02;2.548787e-02;4.515428e-02;2.980931e-02;2.788669e-02;1.076095e-01;4.392447e-01;8.432653e-02;1.379457e-01;4.021141e-02;2.359169e-02;1.636499e-02
3.113340e-02;4.800421e-02;6.813292e-02;3.197776e-02;4.195771e-02;8.454467e-02;4.372564e-01;7.446371e-02;9.085055e-02;5.673376e-02;1.525644e-02;1.968851e-02
4.754348e-02;5.415598e-02;7.550065e-02;2.728565e-02;3.821419e-02;9.928630e-02;2.857834e-01;6.576510e-02;1.477513e-01;1.050448e-01;3.378610e-02;1.988305e-02
6.833891e-02;4.182772e-02;5.743158e-02;3.018826e-02;4.516198e-02;1.557583e-01;1.976963e-01;5.460817e-02;1.765907e-01;1.153795e-01;4.364430e-02;1.337423e-02
8.267366e-02;2.751214e-02;4.774731e-02;5.019264e-02;8.807152e-02;1.657391e-01;2.217965e-01;4.164584e-02;1.592611e-01;6.941941e-02;3.421732e-02;1.172353e-02
9.848191e-02;5.190499e-02;9.039860e-02;5.617211e-02;8.686898e-02;1.435989e-01;1.676629e-01;5.896478e-02;1.343542e-01;5.507163e-02;3.905564e-02;1.746542e-02
8.633937e-02;7.617789e-02;9.279568e-02;7.432172e-02;5.882444e-02;8.620358e-02;1.362029e-01;6.543761e-02;1.113545e-01;1.225582e-01;5.773198e-02;3.205217e-02
9.293900e-02;6.992675e-02;7.067335e-02;8.054017e-02;5.199741e-02;5.519688e-02;8.486177e-02;5.480031e-02;1.514637e-01;1.757249e-01;6.801438e-02;4.386143e-02
9.839337e-02;4.276709e-02;3.227275e-02;1.220345e-01;2.909274e-02;3.350396e-02;7.892398e-02;7.677969e-02;2.119585e-01;1.751094e-01;6.385044e-02;3.531361e-02
6.890422e-02;2.269945e-02;7.156849e-02;1.290065e-01;1.048401e-02;4.012600e-02;1.697999e-01;1.184760e-01;1.877392e-01;9.971595e-02;2.800242e-02;5.347790e-02
2.768056e-02;1.633872e-02;1.371712e-01;6.238504e-02;1.243324e-02;4.689154e-02;3.109857e-01;1.294232e-01;1.207493e-01;4.367823e-02;9.547078e-03;8.271623e-02
2.123163e-02;3.505080e-02;1.382997e-01;2.120280e-02;4.042105e-02;5.428732e-02;4.140137e-01;8.449882e-02;7.068574e-02;2.850863e-02;2.166383e-02;7.013585e-02
2.245549e-02;5.222711e-02;1.399203e-01;2.212456e-02;9.944475e-02;8.085234e-02;3.448321e-01;4.678326e-02;5.764138e-02;4.359383e-02;3.204189e-02;5.808295e-02
2.545377e-02;3.669880e-02;2.580559e-01;6.351066e-02;1.707622e-01;9.112348e-02;1.001549e-01;4.917692e-02;5.755629e-02;4.884814e-02;4.118352e-02;5.747546e-02
1.213325e-02;2.109390e-02;4.089299e-01;9.572047e-02;1.304726e-01;5.146756e-02;8.400812e-02;2.850817e-02;4.377397e-02;3.427116e-02;5.614575e-02;3.347520e-02
2.706390e-02;3.468983e-02;3.623518e-01;1.137864e-01;7.407935e-02;4.526994e-02;1.817093e-01;3.292179e-02;2.733170e-02;2.518114e-02;3.877836e-02;3.683640e-02
5.696036e-02;4.470301e-02;1.735371e-01;1.664392e-01;7.837628e-02;8.233194e-02;2.754847e-01;3.255645e-02;1.160039e-02;2.689938e-02;1.586429e-02;3.524696e-02
6.537508e-02;4.334907e-02;7.517151e-02;2.226781e-01;7.792500e-02;1.042026e-01;3.173332e-01;2.884025e-02;5.408060e-03;3.419620e-02;7.318287e-03;1.820259e-02
7.971547e-02;2.683822e-02;3.745338e-02;2.204489e-01;7.965004e-02;1.789212e-01;2.745984e-01;3.112809e-02;5.725883e-03;5.367188e-02;3.541483e-03;8.307102e-03
1.255117e-01;1.316534e-02;2.882302e-02;1.539580e-01;6.844917e-02;2.866720e-01;1.926394e-01;5.819441e-02;5.187298e-03;5.701046e-02;3.320481e-03;7.068715e-03
1.491631e-01;1.761950e-02;8.911009e-02;7.206881e-02;7.836014e-02;3.283549e-01;1.261609e-01;7.195204e-02;6.612841e-03;3.662164e-02;5.195550e-03;1.878046e-02
1.256726e-01;3.315679e-02;1.870779e-01;4.103148e-02;1.074045e-01;2.392808e-01;1.075501e-01;5.248225e-02;1.785514e-02;2.430495e-02;9.413005e-03;5.477045e-02
8.303141e-02;4.032405e-02;2.344119e-01;5.184191e-02;1.173717e-01;1.612832e-01;1.206109e-01;3.687347e-02;2.734389e-02;2.646534e-02;1.674154e-02;8.370066e-02
4.512778e-02;3.651997e-02;2.781904e-01;8.377855e-02;8.640256e-02;1.455296e-01;1.244247e-01;3.141125e-02;2.984177e-02;3.621026e-02;2.513499e-02;7.742828e-02
6.654459e-02;2.585889e-02;3.109978e-01;8.362714e-02;7.818408e-02;1.497122e-01;1.146311e-01;2.542769e-02;3.981655e-02;3.953083e-02;1.856521e-02;4.710389e-02
6.722442e-02;3.808424e-02;2.515093e-01;7.703372e-02;9.686995e-02;1.720793e-01;9.152731e-02;3.901366e-02;4.078140e-02;5.503909e-02;1.721426e-02;5.362337e-02
4.675774e-02;3.270551e-02;1.567286e-01;1.276782e-01;8.090407e-02;2.071240e-01;1.475823e-01;5.457628e-02;4.692442e-02;4.873773e-02;1.070900e-02;3.957218e-02
5.658599e-02;3.768812e-02;1.849602e-01;1.147318e-01;8.478598e-02;1.833564e-01;1.606378e-01;3.997469e-02;4.300688e-02;3.771486e-02;9.466788e-03;4.709053e-02
7.020230e-02;4.739264e-02;1.698764e-01;8.570890e-02;9.039114e-02;2.153117e-01;1.410941e-01;2.987855e-02;3.292164e-02;3.349232e-02;1.677453e-02;6.695575e-02
7.521108e-02;4.631341e-02;1.607241e-01;9.012566e-02;7.245355e-02;2.395280e-01;8.749132e-02;3.866365e-02;4.213420e-02;5.166508e-02;3.570394e-02;5.998600e-02
5.542479e-02;5.222820e-02;1.138483e-01;1.526208e-01;5.928585e-02;2.519342e-01;5.213572e-02;6.626011e-02;5.943613e-02;7.101708e-02;3.935910e-02;2.644970e-02
5.040063e-02;4.531873e-02;1.411541e-01;1.652946e-01;3.568261e-02;2.490829e-01;8.062426e-02;6.389104e-02;3.939306e-02;6.933487e-02;3.420727e-02;2.561587e-02
5.401941e-02;3.418579e-02;1.226907e-01;1.606205e-01;4.173670e-02;2.575847e-01;1.083426e-01;5.410240e-02;2.515798e-02;6.978790e-02;3.192585e-02;3.984561e-02
6.846976e-02;2.790710e-02;1.118912e-01;1.624328e-01;5.297685e-02;2.184350e-01;1.011662e-01;5.148284e-02;6.251269e-02;8.255992e-02;2.390219e-02;3.626335e-02
8.747178e-02;4.838503e-02;1.272380e-01;1.355868e-01;5.933056e-02;1.018138e-01;1.355727e-01;5.694050e-02;6.530493e-02;8.289743e-02;5.446787e-02;4.499066e-02
6.717489e-02;7.806958e-02;9.513801e-02;1.108378e-01;8.156518e-02;7.161166e-02;1.867336e-01;8.029992e-02;4.467679e-02;6.574571e-02;5.828686e-02;5.986001e-02
8.548646e-02;1.152000e-01;7.584893e-02;7.219880e-02;8.525132e-02;6.832433e-02;2.454406e-01;4.707665e-02;5.640161e-02;7.670491e-02;3.700147e-02;3.506485e-02
1.087287e-01;7.429851e-02;1.481269e-01;4.197383e-02;9.637460e-02;6.736921e-02;2.028677e-01;3.063024e-02;1.214612e-01;6.134873e-02;1.955353e-02;2.726686e-02
1.005042e-01;5.349399e-02;2.097166e-01;3.901964e-02;1.132119e-01;5.841714e-02;1.206575e-01;3.632776e-02;1.655787e-01;3.710251e-02;2.054761e-02;4.542251e-02
6.688055e-02;8.599772e-02;2.261954e-01;1.074065e-01;8.369999e-02;4.503132e-02;7.167690e-02;5.944956e-02;1.329980e-01;1.636492e-02;5.780158e-02;4.649762e-02
4.171069e-02;9.582499e-02;1.806563e-01;2.165195e-01;8.650540e-02;3.430545e-02;4.595571e-02;6.527449e-02;6.612550e-02;2.253136e-02;1.078084e-01;3.678218e-02
2.411213e-02;6.717691e-02;1.244778e-01;3.216764e-01;1.211492e-01;3.346727e-02;2.446459e-02;6.750363e-02;2.317785e-02;1.194306e-02;1.634546e-01;1.739652e-02
1.226887e-02;3.450536e-02;1.083630e-01;3.463534e-01;1.187290e-01;3.928607e-02;2.641393e-02;7.863842e-02;1.294314e-02;7.739572e-03;2.020524e-01;1.270686e-02
7.939192e-03;2.754721e-02;1.121773e-01;3.257408e-01;7.300740e-02;4.032730e-02;2.956653e-02;1.032242e-01;2.165160e-02;6.153591e-03;2.354908e-01;1.717418e-02
1.014583e-02;2.604494e-02;1.313826e-01;2.682866e-01;6.218566e-02;3.248432e-02;1.724694e-02;1.211177e-01;5.350774e-02;7.809064e-03;2.611282e-01;8.660470e-03
7.865980e-03;2.985487e-02;1.366678e-01;2.345045e-01;5.598181e-02;3.531624e-02;1.441791e-02;1.162863e-01;5.548070e-02;1.641120e-02;2.796387e-01;1.757409e-02
9.397686e-03;7.980354e-02;1.376827e-01;2.192416e-01;5.483583e-02;3.729674e-02;1.772326e-02;9.459557e-02;2.604678e-02;1.423996e-02;2.788369e-01;3.029948e-02
6.575531e-03;1.720359e-01;1.225414e-01;2.048692e-01;5.200629e-02;3.318982e-02;1.404511e-02;7.968535e-02;1.144663e-02;1.500822e-02;2.499961e-01;3.860056e-02
8.461135e-03;2.255651e-01;1.113724e-01;2.054052e-01;5.017514e-02;3.637725e-02;1.234670e-02;8.654674e-02;1.010357e-02;1.600752e-02;2.137740e-01;2.386519e-02
7.143348e-03;2.024864e-01;1.185103e-01;2.265774e-01;4.543851e-02;4.712968e-02;1.410932e-02;1.029075e-01;9.685420e-03;1.097563e-02;2.002317e-01;1.480476e-02
6.403399e-03;1.249612e-01;1.320452e-01;2.608987e-01;5.051655e-02;6.857491e-02;1.127593e-02;1.182306e-01;9.998688e-03;1.014139e-02;1.928841e-01;1.406931e-02
4.509849e-03;8.479216e-02;1.290231e-01;2.886687e-01;5.687814e-02;9.224572e-02;1.091729e-02;1.243983e-01;7.800623e-03;1.101898e-02;1.793677e-01;1.037950e-02
3.724296e-03;6.657986e-02;1.422217e-01;2.885300e-01;5.695128e-02;1.048134e-01;8.068733e-03;1.334349e-01;6.459537e-03;1.016204e-02;1.685319e-01;1.052234e-02
4.045776e-03;4.060094e-02;1.536451e-01;2.761302e-01;6.063190e-02;1.263162e-01;1.198768e-02;1.394115e-01;6.950299e-03;1.606912e-02;1.531677e-01;1.104357e-02
6.146650e-03;4.809078e-02;1.601925e-01;2.646713e-01;6.835066e-02;1.427347e-01;1.562482e-02;1.339629e-01;7.528049e-03;1.180653e-02;1.345352e-01;6.355972e-03
5.609207e-03;5.691351e-02;1.735204e-01;2.601080e-01;8.141097e-02;1.152773e-01;1.369944e-02;1.354146e-01;8.666759e-03;1.434541e-02;1.242070e-01;1.082731e-02
5.380360e-03;5.741430e-02;1.850025e-01;2.702412e-01;8.823366e-02;8.027457e-02;1.311914e-02;1.397058e-01;8.123001e-03;2.485088e-02;1.204608e-01;7.193771e-03
5.096893e-03;5.881597e-02;2.069503e-01;2.737404e-01;9.284391e-02;5.586590e-02;1.057394e-02;1.320223e-01;7.442905e-03;3.260869e-02;1.117834e-01;1.225541e-02
4.856022e-03;6.311851e-02;2.273926e-01;2.769858e-01;1.052194e-01;3.954886e-02;1.271431e-02;1.088668e-01;8.022691e-03;3.852118e-02;9.879785e-02;1.595602e-02
3.533017e-03;6.050118e-02;2.369174e-01;2.806946e-01;1.140793e-01;3.414105e-02;1.678468e-02;9.823538e-02;6.066973e-03;4.998017e-02;8.675776e-02;1.230852e-02
3.241140e-03;5.510455e-02;2.532027e-01;2.590947e-01;1.173098e-01;3.035756e-02;1.351992e-02;1.172789e-01;6.910785e-03;6.014177e-02;7.022537e-02;1.361287e-02
4.019410e-03;4.929651e-02;2.424271e-01;2.350843e-01;1.116279e-01;3.146487e-02;1.905540e-02;1.688135e-01;8.723284e-03;5.573758e-02;6.204621e-02;1.170403e-02
5.307761e-03;4.019221e-02;2.407456e-01;2.187452e-01;1.027131e-01;4.270223e-02;1.317614e-02;2.156903e-01;5.966470e-03;4.514053e-02;6.080041e-02;8.820157e-03
5.962548e-03;3.397366e-02;2.632396e-01;2.064107e-01;1.013721e-01;5.044902e-02;1.355133e-02;2.282847e-01;7.753741e-03;2.764076e-02;5.782090e-02;3.540882e-03
2.188589e-03;3.191028e-02;2.954344e-01;2.013488e-01;1.040366e-01;5.205381e-02;1.353861e-02;2.149253e-01;6.125335e-03;1.585298e-02;5.809660e-02;4.488795e-03
4.235062e-03;2.782177e-02;3.432568e-01;1.939587e-01;1.070421e-01;6.034435e-02;1.774470e-02;1.677076e-01;6.394871e-03;1.242428e-02;5.654456e-02;2.525256e-03
3.419686e-03;2.867328e-02;3.909600e-01;1.835127e-01;1.095365e-01;7.066116e-02;1.867903e-02;1.228782e-01;6.903453e-03;7.783808e-03;5.230568e-02;4.686528e-03
7.966180e-03;2.413337e-02;4.611736e-01;1.519779e-01;1.006093e-01;6.836348e-02;3.107484e-02;8.452854e-02;1.083907e-02;9.952622e-03;4.404214e-02;5.338947e-03
1.965971e-02;3.325547e-02;5.545616e-01;1.059192e-01;8.847450e-02;4.764695e-02;2.797255e-02;4.906183e-02;1.880773e-02;1.821339e-02;2.945173e-02;6.975327e-03
3.456105e-02;5.089428e-02;5.531268e-01;7.190594e-02;8.313150e-02;4.319426e-02;2.586213e-02;6.401742e-02;1.959413e-02;2.072858e-02;2.036946e-02;1.261449e-02
3.655307e-02;5.706450e-02;4.174979e-01;6.245598e-02;1.062192e-01;5.812137e-02;6.361040e-02;1.170508e-01;2.198836e-02;2.247132e-02;2.286584e-02;1.410125e-02
2.338811e-02;4.407761e-02;2.274563e-01;8.426434e-02;1.446207e-01;8.315333e-02;9.241820e-02;1.749297e-01;2.570220e-02;3.345969e-02;5.620662e-02;1.032323e-02
1.952198e-02;2.616739e-02;3.690986e-01;1.098942e-01;1.335552e-01;6.489758e-02;6.569920e-02;9.405445e-02;2.213173e-02;2.176074e-02;5.485844e-02;1.836037e-02
1.589484e-02;3.190741e-02;3.577688e-01;1.394819e-01;1.623885e-01;7.032038e-02;5.575207e-02;5.290021e-02;1.779051e-02;2.539005e-02;5.296358e-02;1.744166e-02
3.636019e-02;4.000524e-02;2.539279e-01;1.265716e-01;1.353447e-01;8.653660e-02;1.104039e-01;7.698339e-02;3.008357e-02;5.372180e-02;2.864422e-02;2.141690e-02
8.658066e-02;5.389781e-02;1.500701e-01;7.917392e-02;8.864155e-02;9.905834e-02;1.752590e-01;8.922379e-02;4.931781e-02;5.275277e-02;3.246594e-02;4.355829e-02
1.082413e-01;6.317304e-02;1.103236e-01;8.153971e-02;7.887097e-02;7.256382e-02;1.908030e-01;9.253383e-02;4.126215e-02;6.615108e-02;4.218215e-02;5.235540e-02
9.491252e-02;5.179754e-02;1.729546e-01;1.082324e-01;1.134937e-01;5.937926e-02;1.113932e-01;8.973674e-02;4.104814e-02;6.779567e-02;3.843851e-02;5.081771e-02
1.043836e-01;6.356101e-02;1.410432e-01;1.289028e-01;1.191379e-01;5.375940e-02;6.295013e-02;1.140061e-01;5.390114e-02;5.111786e-02;4.088620e-02;6.635061e-02
9.267236e-02;6.381033e-02;1.525998e-01;9.749994e-02;9.308452e-02;6.302872e-02;9.840729e-02;8.845205e-02;5.177398e-02;9.755834e-02;5.933480e-02;4.177785e-02
6.136230e-02;6.153125e-02;2.087622e-01;6.592913e-02;8.139411e-02;6.378619e-02;9.753912e-02;6.874893e-02;6.219504e-02;1.253358e-01;7.139403e-02;3.202190e-02
8.116896e-02;7.040371e-02;1.778130e-01;5.841089e-02;9.159287e-02;6.054802e-02;9.174663e-02;8.453047e-02;5.407532e-02;1.248126e-01;6.848881e-02;3.640867e-02
7.548586e-02;6.673807e-02;1.490424e-01;8.001855e-02;9.960914e-02;6.510393e-02;8.459793e-02;8.721691e-02;5.964113e-02;1.205077e-01;7.661895e-02;3.541946e-02
5.530796e-02;7.716250e-02;2.141920e-01;8.260806e-02;9.341761e-02;5.279052e-02;8.885342e-02;5.513592e-02;7.154389e-02;8.716784e-02;9.541748e-02;2.640281e-02
7.144749e-02;1.274509e-01;1.745759e-01;9.009016e-02;6.604215e-02;5.312439e-02;1.265317e-01;5.597617e-02;7.024696e-02;7.409983e-02;6.297453e-02;2.743982e-02
6.743058e-02;1.060533e-01;1.909796e-01;8.230417e-02;8.257214e-02;5.421811e-02;1.361344e-01;7.339973e-02;6.815331e-02;6.991211e-02;2.562786e-02;4.321473e-02
5.175663e-02;9.418689e-02;1.899095e-01;9.246821e-02;7.234266e-02;7.954530e-02;1.345335e-01;5.734117e-02;7.861324e-02;6.034380e-02;4.817102e-02;4.078802e-02
9.804628e-02;9.083189e-02;1.167650e-01;9.933661e-02;6.090800e-02;9.696695e-02;1.153940e-01;8.366156e-02;9.532408e-02;5.675231e-02;3.904863e-02;4.696466e-02
8.224007e-02;4.656137e-02;1.564839e-01;9.454962e-02;9.396608e-02;6.343702e-02;1.278429e-01;1.082776e-01;7.084854e-02;5.483537e-02;5.625841e-02;4.469910e-02
9.774828e-02;9.438844e-02;2.935862e-01;7.976618e-02;6.942134e-02;3.491577e-02;1.013282e-01;6.776368e-02;4.796858e-02;6.024567e-02;3.610737e-02;1.676028e-02
6.742245e-02;1.411993e-01;3.803908e-01;6.757197e-02;5.076679e-02;2.318301e-02;7.141589e-02;4.065258e-02;5.099806e-02;6.646076e-02;2.512264e-02;1.481573e-02
1.644523e-01;1.990097e-01;3.474475e-01;4.128624e-02;2.890479e-02;1.200396e-02;3.429727e-02;2.927268e-02;5.204574e-02;5.547687e-02;1.505984e-02;2.074300e-02
3.594581e-01;2.013002e-01;2.147661e-01;1.658253e-02;1.877226e-02;9.592410e-03;1.822448e-02;2.694200e-02;4.498666e-02;3.194801e-02;1.279935e-02;4.462792e-02
5.342429e-01;8.404852e-02;9.432560e-02;1.377690e-02;2.146311e-02;9.061194e-03;2.115195e-02;3.352809e-02;5.220184e-02;3.041408e-02;1.629324e-02;8.949252e-02
4.959899e-01;9.176720e-02;8.411133e-02;2.290777e-02;1.499083e-02;8.689815e-03;3.923667e-02;2.696514e-02;4.745339e-02;2.976829e-02;2.219649e-02;1.159232e-01
4.410094e-01;1.211392e-01;5.524571e-02;2.573450e-02;7.707220e-03;8.632825e-03;4.964546e-02;2.192848e-02;3.392456e-02;4.486660e-02;5.746968e-02;1.326963e-01
2.640058e-01;1.110425e-01;9.292240e-02;2.797596e-02;1.391467e-02;1.326471e-02;1.114689e-01;3.802367e-02;3.819348e-02;6.707244e-02;8.753399e-02;1.345815e-01
2.045732e-01;9.615079e-02;1.087480e-01;2.030613e-02;2.291108e-02;2.835444e-02;1.586265e-01;6.783922e-02;4.163921e-02;5.124098e-02;6.669789e-02;1.329127e-01
4.047657e-01;9.218267e-02;6.866021e-02;1.521331e-02;1.596517e-02;2.255412e-02;1.049179e-01;6.438378e-02;2.044032e-02;2.662556e-02;3.724717e-02;1.270440e-01
4.178705e-01;5.070226e-02;6.276020e-02;1.855190e-02;1.238114e-02;1.726735e-02;1.245156e-01;6.569062e-02;2.236433e-02;3.062680e-02;4.390750e-02;1.333619e-01
4.293747e-01;4.214922e-02;9.394811e-02;2.060515e-02;1.070960e-02;1.654849e-02;1.019793e-01;7.342801e-02;1.572264e-02;3.024209e-02;3.637869e-02;1.289141e-01
4.542420e-01;4.811566e-02;1.232246e-01;1.687204e-02;1.651950e-02;1.578770e-02;6.503101e-02;8.807933e-02;2.152549e-02;2.518815e-02;2.938600e-02;9.602851e-02
4.577062e-01;7.439707e-02;1.173348e-01;1.224962e-02;3.273785e-02;1.415194e-02;3.394045e-02;1.032769e-01;3.704030e-02;2.660282e-02;2.711503e-02;6.344703e-02
4.255995e-01;1.252416e-01;1.371847e-01;1.222613e-02;4.228029e-02;1.049510e-02;1.996761e-02;9.012771e-02;4.327967e-02;2.514055e-02;1.937021e-02;4.908686e-02
3.846806e-01;1.375816e-01;1.584845e-01;1.956072e-02;4.022087e-02;1.316205e-02;2.883650e-02;6.223318e-02;4.057370e-02;4.163370e-02;1.902864e-02;5.400393e-02
3.023366e-01;1.146555e-01;1.617691e-01;4.787614e-02;3.691727e-02;2.580398e-02;6.094220e-02;3.806389e-02;6.232937e-02;5.405923e-02;2.651373e-02;6.873290e-02
2.348221e-01;6.204644e-02;1.250841e-01;7.101046e-02;4.392704e-02;4.599323e-02;9.684233e-02;4.580123e-02;7.237028e-02;8.704656e-02;4.005223e-02;7.500409e-02
1.878037e-01;1.204314e-01;1.222878e-01;5.094951e-02;6.472839e-02;5.219547e-02;1.046466e-01;4.132095e-02;6.576134e-02;9.055139e-02;4.426651e-02;5.505682e-02
1.612149e-01;1.561737e-01;1.402513e-01;3.971842e-02;8.003820e-02;4.874315e-02;8.437546e-02;5.861941e-02;7.215346e-02;6.448849e-02;3.750297e-02;5.672048e-02
1.463267e-01;7.999985e-02;1.058932e-01;4.252729e-02;6.454421e-02;5.214051e-02;6.835188e-02;1.200671e-01;1.124223e-01;8.980666e-02;5.102131e-02;6.689898e-02
4.279571e-02;7.037930e-02;1.158086e-01;4.457371e-02;7.538579e-02;5.779372e-02;8.244571e-02;1.075044e-01;1.501437e-01;1.738936e-01;4.234212e-02;3.693379e-02
9.495059e-02;6.250357e-02;9.656420e-02;4.303674e-02;6.803626e-02;5.420570e-02;7.850120e-02;9.387264e-02;1.580005e-01;1.960361e-01;2.811759e-02;2.617490e-02
1.664513e-01;6.698279e-02;8.368840e-02;3.913296e-02;5.447014e-02;4.914396e-02;1.004591e-01;7.476946e-02;1.281898e-01;1.607719e-01;4.121082e-02;3.472950e-02
1.904844e-01;5.406300e-02;1.481991e-01;4.964556e-02;6.003429e-02;5.235044e-02;1.053132e-01;5.127810e-02;8.813493e-02;1.073879e-01;4.613087e-02;4.697805e-02
1.468589e-01;7.188261e-02;1.701492e-01;5.652933e-02;6.028486e-02;7.432709e-02;8.460650e-02;4.533048e-02;7.305155e-02;1.107586e-01;4.816911e-02;5.805180e-02
8.089345e-02;1.030888e-01;1.316453e-01;7.665568e-02;9.677453e-02;9.162332e-02;9.531895e-02;7.848790e-02;6.991061e-02;9.209657e-02;5.057397e-02;3.293094e-02
9.639440e-02;1.037402e-01;1.250902e-01;9.224012e-02;9.538955e-02;8.938158e-02;8.446854e-02;8.457863e-02;6.090512e-02;7.793149e-02;5.635973e-02;3.352040e-02
9.835158e-02;1.012084e-01;1.301919e-01;1.032860e-01;9.013861e-02;9.152596e-02;8.265986e-02;8.242296e-02;4.783424e-02;7.687783e-02;5.186076e-02;4.364186e-02
7.945713e-02;7.581736e-02;1.245723e-01;8.615548e-02;9.698258e-02;1.206555e-01;1.254086e-01;6.513496e-02;3.155522e-02;1.000659e-01;3.842564e-02;5.576931e-02
4.664625e-02;5.840809e-02;9.460312e-02;8.983163e-02;1.615643e-01;1.246003e-01;1.359367e-01;5.737417e-02;6.229607e-02;8.243322e-02;3.077650e-02;5.552967e-02
4.642051e-02;6.359725e-02;1.074657e-01;1.126291e-01;1.813715e-01;9.373467e-02;9.638806e-02;9.331734e-02;7.387364e-02;6.424740e-02;2.663120e-02;4.032363e-02
3.164715e-02;4.698689e-02;2.074499e-01;7.217142e-02;1.285881e-01;1.520481e-01;6.520045e-02;7.030752e-02;9.670687e-02;8.547075e-02;1.986134e-02;2.356143e-02
3.367915e-02;5.299759e-02;2.541400e-01;5.689965e-02;1.202178e-01;1.374678e-01;6.995676e-02;3.435571e-02;1.147012e-01;9.355258e-02;1.734499e-02;1.468663e-02
6.102996e-02;8.398228e-02;1.826502e-01;5.826770e-02;1.430302e-01;1.018299e-01;8.256240e-02;5.121041e-02;1.003619e-01;1.026231e-01;1.938834e-02;1.306367e-02
6.091527e-02;1.230868e-01;1.506542e-01;4.616453e-02;1.765234e-01;1.533410e-01;6.030670e-02;4.853367e-02;9.713296e-02;5.309779e-02;1.622152e-02;1.402215e-02
3.639696e-02;1.500298e-01;2.060355e-01;4.186276e-02;1.289417e-01;2.186925e-01;2.607876e-02;2.385246e-02;9.289037e-02;4.066860e-02;1.580266e-02;1.874794e-02
1.291118e-02;1.293274e-01;3.014742e-01;4.855796e-02;6.962480e-02;1.994443e-01;3.569975e-02;1.915653e-02;7.432754e-02;7.562507e-02;1.318806e-02;2.066312e-02
9.600215e-03;8.216979e-02;4.303981e-01;5.479325e-02;5.237216e-02;9.594744e-02;6.394044e-02;1.279612e-02;4.667143e-02;1.235536e-01;1.127388e-02;1.648354e-02
1.689659e-02;3.872871e-02;5.509852e-01;5.640431e-02;4.283927e-02;3.204427e-02;5.905498e-02;8.155656e-03;3.222377e-02;1.421159e-01;7.095865e-03;1.345554e-02
2.195570e-02;2.892358e-02;5.859222e-01;4.742919e-02;3.667880e-02;3.384313e-02;5.254402e-02;8.944391e-03;2.106215e-02;1.382724e-01;1.286223e-02;1.156225e-02
2.760404e-02;3.334729e-02;5.387514e-01;4.027963e-02;2.965845e-02;3.410399e-02;5.481052e-02;8.411903e-03;3.150370e-02;1.565491e-01;3.390997e-02;1.107000e-02
2.880702e-02;2.552611e-02;4.393006e-01;7.843815e-02;2.754748e-02;2.726967e-02;4.874282e-02;7.299360e-03;4.287113e-02;2.006132e-01;6.448589e-02;9.098532e-03
1.802707e-02;2.013882e-02;3.654878e-01;1.082079e-01;3.177233e-02;3.186125e-02;3.295837e-02;1.011907e-02;5.122301e-02;2.228445e-01;9.769682e-02;9.663102e-03
2.535316e-02;3.170965e-02;3.577374e-01;1.230606e-01;4.432084e-02;3.785954e-02;2.176187e-02;1.471883e-02;5.533716e-02;1.746389e-01;1.018449e-01;1.165718e-02
5.517888e-02;7.219815e-02;4.048029e-01;8.233540e-02;4.752721e-02;3.284557e-02;3.169391e-02;1.524979e-02;5.035396e-02;1.073132e-01;8.186021e-02;1.864074e-02
5.744388e-02;1.088543e-01;4.619503e-01;4.569818e-02;4.701265e-02;3.726063e-02;5.800035e-02;1.751686e-02;3.018201e-02;7.529017e-02;4.077847e-02;2.001225e-02
2.239945e-02;7.135762e-02;5.489073e-01;6.824851e-02;4.642525e-02;3.514289e-02;6.680286e-02;1.719007e-02;2.015730e-02;6.867367e-02;1.544979e-02;1.924529e-02
9.332739e-03;3.720871e-02;6.822984e-01;6.242928e-02;3.731893e-02;1.674049e-02;3.681641e-02;9.091697e-03;8.386324e-03;7.067247e-02;2.111128e-02;8.593238e-03
1.073181e-02;2.891225e-02;7.010658e-01;4.620519e-02;4.545414e-02;1.452695e-02;2.379074e-02;8.464289e-03;1.536854e-02;7.576009e-02;2.296643e-02;6.753846e-03
1.025980e-02;4.450005e-02;7.091214e-01;3.660520e-02;3.754097e-02;1.859776e-02;2.736130e-02;9.323417e-03;2.374104e-02;5.935611e-02;1.873615e-02;4.856804e-03
1.687383e-02;7.668012e-02;7.270811e-01;3.812971e-02;1.709242e-02;2.452803e-02;1.355343e-02;1.323938e-02;3.260492e-02;2.319243e-02;1.159865e-02;5.425987e-03
2.153293e-02;1.062301e-01;6.844703e-01;4.053139e-02;1.039303e-02;2.360360e-02;2.137545e-02;1.245043e-02;3.595471e-02;2.474819e-02;9.765554e-03;8.944317e-03
2.499387e-02;1.287257e-01;6.272306e-01;3.410985e-02;1.760526e-02;3.327747e-02;2.810935e-02;1.287325e-02;3.431822e-02;3.310804e-02;1.163744e-02;1.401098e-02
5.460909e-02;1.533131e-01;5.772479e-01;2.602440e-02;1.542558e-02;3.471207e-02;3.436373e-02;1.938070e-02;3.815922e-02;2.028170e-02;1.017410e-02;1.630838e-02
4.544599e-02;1.480341e-01;5.961938e-01;2.616934e-02;2.052717e-02;3.152205e-02;1.888971e-02;2.704681e-02;4.145997e-02;2.587987e-02;7.910262e-03;1.092094e-02
7.237422e-03;1.366542e-01;6.448139e-01;2.700725e-02;1.261347e-02;1.439406e-02;2.190313e-02;3.430891e-02;4.190886e-02;4.384265e-02;6.741292e-03;8.574910e-03
2.346023e-02;1.439661e-01;6.313823e-01;2.195814e-02;1.070934e-02;1.371296e-02;1.347832e-02;3.651679e-02;4.127856e-02;5.018160e-02;4.429433e-03;8.926189e-03
1.580329e-02;1.722234e-01;6.075231e-01;2.217564e-02;7.314805e-03;2.799853e-02;1.506186e-02;2.767577e-02;5.350256e-02;3.387177e-02;4.075257e-03;1.277392e-02
4.684299e-02;2.074582e-01;5.474030e-01;1.874948e-02;5.598933e-03;4.587317e-02;1.368097e-02;1.302632e-02;6.612197e-02;1.209974e-02;6.950631e-03;1.619466e-02
5.533532e-02;2.298246e-01;4.942906e-01;1.932822e-02;8.799442e-03;6.007033e-02;9.851668e-03;7.510086e-03;7.832401e-02;1.412187e-02;7.306663e-03;1.523726e-02
8.327875e-02;2.381136e-01;4.207881e-01;2.447036e-02;1.364188e-02;6.469922e-02;1.555408e-02;9.306102e-03;9.570709e-02;1.097594e-02;1.090014e-02;1.256477e-02
1.057295e-01;2.498696e-01;3.858997e-01;2.672257e-02;1.561459e-02;4.970426e-02;2.834266e-02;8.919130e-03;9.401770e-02;1.478810e-02;1.033237e-02;1.005984e-02
1.324957e-01;2.596071e-01;3.904252e-01;2.452199e-02;1.199284e-02;3.024404e-02;2.347064e-02;1.052970e-02;8.777907e-02;1.369165e-02;5.868963e-03;9.373097e-03
1.554681e-01;2.557972e-01;3.744497e-01;1.902402e-02;9.635122e-03;3.329897e-02;1.366979e-02;1.535376e-02;9.048065e-02;1.591183e-02;6.977321e-03;9.933487e-03
1.623920e-01;2.504745e-01;3.676551e-01;1.871730e-02;8.231788e-03;3.105711e-02;1.469974e-02;1.277236e-02;9.930149e-02;1.491538e-02;1.023747e-02;9.545671e-03
1.472572e-01;2.370317e-01;3.744995e-01;2.005461e-02;1.157212e-02;4.299668e-02;1.753677e-02;1.075307e-02;1.057727e-01;1.249176e-02;8.863433e-03;1.117053e-02
1.198775e-01;2.427618e-01;3.656551e-01;2.371816e-02;1.608567e-02;3.251754e-02;3.497010e-02;1.830930e-02;9.664391e-02;2.120614e-02;1.261200e-02;1.564285e-02
6.687773e-02;2.244660e-01;3.543417e-01;3.375078e-02;1.610556e-02;5.790406e-02;6.470467e-02;2.032920e-02;8.616014e-02;4.389864e-02;1.576045e-02;1.570105e-02
8.028641e-02;1.895328e-01;3.779349e-01;4.592318e-02;1.434010e-02;9.037542e-02;4.713637e-02;2.076206e-02;7.081490e-02;3.897124e-02;1.014805e-02;1.377445e-02
3.950578e-02;1.595194e-01;4.726044e-01;7.596572e-02;1.436820e-02;9.354950e-02;1.670895e-02;2.690428e-02;5.338586e-02;2.794269e-02;5.051746e-03;1.449342e-02
8.971341e-03;1.733791e-01;5.134792e-01;9.304795e-02;1.204058e-02;4.839212e-02;7.136497e-03;3.533169e-02;5.272944e-02;3.088882e-02;3.191250e-03;2.141202e-02
1.000091e-02;2.491007e-01;4.341273e-01;5.220613e-02;1.523716e-02;3.470162e-02;1.120983e-02;3.400986e-02;7.825606e-02;3.739433e-02;6.046455e-03;3.770964e-02
2.223673e-02;3.182679e-01;2.997944e-01;2.106713e-02;1.334614e-02;6.175118e-02;1.270506e-02;1.963968e-02;1.343541e-01;3.322893e-02;1.180338e-02;5.180539e-02
3.511459e-02;3.179429e-01;2.292282e-01;2.566672e-02;1.000332e-02;7.974701e-02;5.635563e-03;1.072321e-02;1.958724e-01;1.827873e-02;2.043783e-02;5.134939e-02
4.005577e-02;2.571198e-01;2.348549e-01;2.685697e-02;8.278952e-03;8.878641e-02;1.189692e-02;1.219771e-02;2.420624e-01;2.108732e-02;2.235345e-02;3.444940e-02
4.558560e-02;2.454180e-01;1.917563e-01;1.964834e-02;7.953675e-03;1.064635e-01;1.242498e-02;1.000305e-02;3.187535e-01;1.411100e-02;1.052082e-02;1.736119e-02
4.008000e-02;2.357193e-01;1.464130e-01;1.725718e-02;7.598427e-03;1.209524e-01;1.298969e-02;1.193825e-02;3.742848e-01;1.861859e-02;5.723126e-03;8.425372e-03
5.309448e-02;2.372048e-01;1.298873e-01;1.880245e-02;4.435935e-03;1.277040e-01;1.327342e-02;1.189098e-02;3.822406e-01;8.885236e-03;3.607003e-03;8.973832e-03
6.066408e-02;2.443157e-01;1.283477e-01;1.560368e-02;5.983477e-03;1.466786e-01;8.246840e-03;1.074801e-02;3.525983e-01;1.009331e-02;2.765927e-03;1.395444e-02
5.291840e-02;2.452815e-01;1.362325e-01;1.645868e-02;5.557765e-03;1.843201e-01;6.318427e-03;8.882181e-03;3.146995e-01;1.202975e-02;1.612065e-03;1.568922e-02
5.038590e-02;2.454632e-01;1.414928e-01;1.328564e-02;8.708662e-03;2.149261e-01;7.797034e-03;8.779996e-03;2.769001e-01;1.297607e-02;2.927167e-03;1.635738e-02
4.715953e-02;2.568420e-01;1.603611e-01;1.030698e-02;8.919905e-03;2.325945e-01;6.222047e-03;3.512372e-03;2.432028e-01;1.258424e-02;3.724975e-03;1.456955e-02
4.176793e-02;2.751759e-01;1.833816e-01;1.123753e-02;9.875659e-03;2.142004e-01;6.004110e-03;3.990971e-03;2.201130e-01;2.102574e-02;2.955978e-03;1.027122e-02
4.792058e-02;3.083638e-01;2.092186e-01;1.326340e-02;7.165694e-03;1.610673e-01;6.702891e-03;4.713607e-03;2.120871e-01;1.724897e-02;3.512684e-03;8.735440e-03
5.892548e-02;3.296602e-01;2.084246e-01;1.401213e-02;1.082207e-02;1.255502e-01;6.502097e-03;5.475725e-03;2.129765e-01;1.731429e-02;1.627609e-03;8.709001e-03
5.259332e-02;3.350847e-01;2.185240e-01;1.541396e-02;8.792894e-03;1.239638e-01;6.986179e-03;5.139252e-03;2.024781e-01;1.501042e-02;4.787918e-03;1.122538e-02
5.016115e-02;3.459072e-01;2.401839e-01;1.038452e-02;5.394623e-03;1.171743e-01;5.017277e-03;6.411965e-03;1.820516e-01;2.046188e-02;4.217952e-03;1.263357e-02
4.882534e-02;3.518266e-01;2.789974e-01;1.106060e-02;5.296200e-03;8.765282e-02;7.969109e-03;3.492648e-03;1.587466e-01;2.993089e-02;1.457828e-03;1.474387e-02
4.021180e-02;3.594860e-01;3.415514e-01;1.278645e-02;6.370761e-03;4.571939e-02;4.680194e-03;6.642214e-03;1.270700e-01;4.004180e-02;2.596902e-03;1.284317e-02
4.025051e-02;3.681905e-01;3.945725e-01;1.151032e-02;7.764077e-03;1.181471e-02;6.275029e-03;5.352064e-03;1.007474e-01;4.094711e-02;2.408551e-03;1.016728e-02
4.198012e-02;3.764948e-01;4.081172e-01;1.206149e-02;4.965112e-03;8.140907e-03;6.656955e-03;4.413179e-03;8.820017e-02;4.187767e-02;1.691888e-03;5.400530e-03
3.191830e-02;3.604051e-01;4.492785e-01;1.128419e-02;3.776537e-03;3.751196e-03;3.321721e-03;4.551755e-03;7.242203e-02;4.998586e-02;2.365226e-03;6.939500e-03
3.461580e-02;2.956054e-01;5.220914e-01;1.062745e-02;5.959314e-03;7.978391e-03;7.031761e-03;4.104131e-03;4.413481e-02;6.372421e-02;1.227397e-03;2.899937e-03
3.264185e-02;2.294419e-01;5.916059e-01;1.756942e-02;8.723374e-03;7.654779e-03;6.735115e-03;3.635020e-03;1.775532e-02;7.801993e-02;2.596597e-03;3.620742e-03
2.104815e-02;1.723096e-01;6.319389e-01;2.390757e-02;8.548261e-03;8.524702e-03;6.617782e-03;3.950228e-03;2.106068e-02;9.047793e-02;4.575255e-03;7.040890e-03
6.984252e-03;1.447657e-01;6.408622e-01;2.288934e-02;9.274999e-03;9.518029e-03;6.345981e-03;4.271703e-03;5.026442e-02;9.425647e-02;4.039841e-03;6.527084e-03
1.438244e-02;1.695996e-01;6.037317e-01;2.119837e-02;7.025199e-03;7.413465e-03;4.831354e-03;5.838645e-03;7.172094e-02;8.048022e-02;4.050468e-03;9.727598e-03
3.953451e-02;2.184883e-01;5.277739e-01;1.717625e-02;9.010859e-03;6.844210e-03;6.125293e-03;5.457283e-03;9.235303e-02;5.918569e-02;5.403688e-03;1.264689e-02
6.861071e-02;2.554821e-01;4.410742e-01;1.358560e-02;8.915354e-03;1.048554e-02;1.339545e-02;8.858956e-03;1.125991e-01;4.632148e-02;8.492074e-03;1.217934e-02
7.392935e-02;2.469803e-01;4.278317e-01;1.957001e-02;1.316406e-02;1.354872e-02;2.772566e-02;1.505791e-02;1.078249e-01;3.087890e-02;1.076500e-02;1.272353e-02
1.850598e-02;2.023010e-01;5.308800e-01;2.856263e-02;2.541324e-02;1.165633e-02;3.188521e-02;1.646621e-02;7.074314e-02;3.477613e-02;1.240099e-02;1.640917e-02
7.507277e-02;1.821033e-01;5.191987e-01;2.403723e-02;2.048811e-02;2.693528e-02;1.633784e-02;1.048355e-02;6.310240e-02;3.198153e-02;1.082209e-02;1.943728e-02
9.443021e-02;2.009445e-01;4.392898e-01;2.052120e-02;1.328627e-02;4.388836e-02;2.469052e-02;1.576566e-02;8.310441e-02;2.456084e-02;1.709058e-02;2.242761e-02
6.485127e-02;1.833149e-01;4.745035e-01;2.043928e-02;1.993214e-02;5.416260e-02;2.291769e-02;1.234124e-02;8.180524e-02;2.654649e-02;1.979701e-02;1.938857e-02
2.191782e-02;1.468853e-01;5.459591e-01;3.243233e-02;3.304940e-02;4.545797e-02;4.311961e-02;1.425705e-02;6.325082e-02;1.905435e-02;2.067167e-02;1.394450e-02
3.509852e-02;1.598617e-01;5.164816e-01;3.120078e-02;4.234833e-02;4.224753e-02;4.488981e-02;1.904360e-02;5.410830e-02;2.019151e-02;1.663350e-02;1.789487e-02
4.797358e-02;1.961091e-01;4.411186e-01;3.877768e-02;4.095830e-02;5.004269e-02;3.329024e-02;2.434189e-02;5.526043e-02;3.229657e-02;1.864884e-02;2.118208e-02
2.007861e-02;2.438804e-01;3.351634e-01;4.800523e-02;4.117294e-02;7.848804e-02;3.653533e-02;3.184345e-02;7.210606e-02;4.332644e-02;2.484001e-02;2.456013e-02
5.590418e-02;2.138511e-01;3.360798e-01;4.132074e-02;4.180155e-02;6.063063e-02;6.246420e-02;3.942782e-02;6.977212e-02;4.434236e-02;1.882918e-02;1.557630e-02
7.729384e-02;2.055776e-01;3.464057e-01;3.597070e-02;3.921464e-02;4.422379e-02;7.001607e-02;4.016506e-02;5.356368e-02;4.397533e-02;1.400031e-02;2.959334e-02
4.546814e-02;1.713171e-01;3.963867e-01;2.719649e-02;4.595786e-02;5.195095e-02;7.222995e-02;2.853630e-02;4.743661e-02;4.905702e-02;2.540448e-02;3.905842e-02
4.752748e-02;1.447687e-01;3.616098e-01;4.409166e-02;7.586255e-02;4.783066e-02;5.579128e-02;3.605894e-02;5.301130e-02;6.855625e-02;3.931188e-02;2.557944e-02
6.584889e-02;1.289690e-01;2.856677e-01;4.721506e-02;7.795393e-02;4.344115e-02;8.447292e-02;6.580555e-02;6.116625e-02;7.864352e-02;3.062946e-02;3.018659e-02
6.530707e-02;1.114164e-01;3.249169e-01;4.292568e-02;4.756306e-02;4.114255e-02;8.573933e-02;7.090238e-02;7.407612e-02;5.788582e-02;3.279681e-02;4.532788e-02
5.376289e-02;7.713212e-02;3.418651e-01;3.041398e-02;7.104000e-02;4.105887e-02;8.161131e-02;5.649874e-02;7.541643e-02;5.468274e-02;5.642015e-02;6.009769e-02
5.696906e-02;8.069555e-02;3.336230e-01;2.528198e-02;6.141487e-02;4.579638e-02;7.678256e-02;5.376143e-02;7.107196e-02;6.044285e-02;6.981138e-02;6.434897e-02
6.258824e-02;1.035076e-01;2.571433e-01;4.280184e-02;6.315079e-02;4.514806e-02;1.106686e-01;4.250535e-02;7.548984e-02;7.164814e-02;4.548214e-02;7.986604e-02
8.395614e-02;7.836542e-02;1.806418e-01;4.182153e-02;7.485510e-02;3.373750e-02;1.529778e-01;4.656234e-02;6.986701e-02;9.398496e-02;6.518411e-02;7.804617e-02
5.809655e-02;8.503229e-02;1.374126e-01;4.182656e-02;6.853846e-02;6.800366e-02;1.052995e-01;7.839978e-02;9.968148e-02;9.826346e-02;8.386103e-02;7.558459e-02
5.079012e-02;1.191668e-01;1.563339e-01;6.016536e-02;7.903294e-02;7.492529e-02;7.068269e-02;7.980070e-02;9.426199e-02;8.601379e-02;7.234434e-02;5.648212e-02
6.852444e-02;1.359535e-01;1.313606e-01;7.263216e-02;8.381894e-02;5.667090e-02;1.017185e-01;7.153426e-02;7.613171e-02;9.348014e-02;6.018172e-02;4.799307e-02
8.222372e-02;1.163503e-01;1.510358e-01;4.718948e-02;8.596651e-02;7.368235e-02;1.313646e-01;6.453983e-02;4.653030e-02;9.834123e-02;6.701432e-02;3.576143e-02
9.975598e-02;9.592880e-02;1.552161e-01;3.180047e-02;7.674429e-02;9.180035e-02;1.185405e-01;6.947464e-02;8.260754e-02;8.639026e-02;5.230984e-02;3.943115e-02
9.760819e-02;4.020120e-02;1.408276e-01;5.902131e-02;7.096960e-02;6.521876e-02;1.234467e-01;9.660120e-02;1.356470e-01;9.691029e-02;3.442639e-02;3.912174e-02
8.209193e-02;8.341652e-02;1.447566e-01;4.128320e-02;9.476513e-02;6.725334e-02;1.239322e-01;7.186107e-02;1.046959e-01;1.127400e-01;3.023014e-02;4.297391e-02
5.619955e-02;9.930381e-02;1.664004e-01;2.095181e-02;9.541655e-02;7.623746e-02;1.182461e-01;7.459988e-02;7.322313e-02;1.069047e-01;3.718298e-02;7.533359e-02
