7.804688e-02;6.615473e-02;5.460789e-02;9.441678e-02;1.243037e-01;6.005954e-02;1.328458e-01;7.859517e-02;8.609270e-02;8.915000e-02;7.966040e-02;5.606645e-02
3.893855e-02;7.360702e-02;4.526275e-02;7.525745e-02;1.789206e-01;1.017256e-01;1.724185e-01;5.728080e-02;7.209469e-02;6.964158e-02;5.898244e-02;5.587000e-02
2.732481e-02;6.951717e-02;6.813025e-02;4.950166e-02;1.721688e-01;1.862310e-01;1.186201e-01;6.612587e-02;6.117345e-02;6.709346e-02;4.912501e-02;6.498843e-02
4.072259e-02;5.487368e-02;8.976948e-02;4.333009e-02;9.885709e-02;2.245535e-01;1.190134e-01;4.839025e-02;7.866126e-02;6.313524e-02;6.042418e-02;7.826926e-02
2.447821e-02;5.994831e-02;8.179689e-02;8.616718e-02;5.085819e-02;1.238279e-01;3.007282e-01;3.395426e-02;5.767109e-02;3.402962e-02;2.932477e-02;1.172154e-01
1.997064e-02;7.080545e-02;6.129883e-02;1.104781e-01;4.236316e-02;4.317969e-02;3.676440e-01;3.828781e-02;3.280146e-02;2.545763e-02;3.890595e-02;1.488072e-01
1.180941e-02;9.033214e-02;7.009541e-02;9.081976e-02;3.422577e-02;6.502738e-02;3.572109e-01;2.404291e-02;4.562937e-02;3.375746e-02;4.373727e-02;1.333122e-01
2.422430e-02;9.007670e-02;7.306994e-02;8.266233e-02;4.328943e-02;7.350294e-02;3.334111e-01;3.269102e-02;4.261125e-02;4.158912e-02;6.694158e-02;9.593030e-02
2.607678e-02;8.493532e-02;8.321545e-02;7.104241e-02;5.222857e-02;1.159610e-01;2.824535e-01;4.413735e-02;3.863275e-02;4.692198e-02;7.917397e-02;7.522091e-02
2.058438e-02;9.051640e-02;9.787964e-02;7.398086e-02;7.388490e-02;2.000938e-01;1.935982e-01;4.802995e-02;5.911201e-02;3.930181e-02;4.822774e-02;5.479026e-02
3.525926e-02;6.448528e-02;7.096790e-02;4.548214e-02;1.468973e-01;2.749283e-01;1.214513e-01;6.110221e-02;4.980638e-02;3.967211e-02;3.172850e-02;5.821937e-02
3.219034e-02;4.262801e-02;7.341240e-02;5.090120e-02;1.795529e-01;2.696991e-01;1.080973e-01;5.796184e-02;5.319441e-02;2.728268e-02;4.067043e-02;6.440935e-02
1.773470e-02;6.777539e-02;1.363181e-01;6.443194e-02;1.534133e-01;1.145067e-01;1.569369e-01;7.162011e-02;5.481447e-02;4.111663e-02;5.492410e-02;6.640766e-02
3.869098e-02;8.171327e-02;1.651569e-01;6.261259e-02;1.070418e-01;1.650608e-01;1.551448e-01;3.941322e-02;3.969860e-02;4.457217e-02;5.265984e-02;4.823506e-02
5.661092e-02;8.236287e-02;1.406279e-01;7.174046e-02;6.002007e-02;1.555049e-01;1.835598e-01;5.528526e-02;5.837739e-02;4.561498e-02;5.170514e-02;3.859025e-02
2.618646e-02;4.948045e-02;8.590039e-02;1.527686e-01;6.855681e-02;1.323148e-01;2.297957e-01;4.722736e-02;6.318233e-02;4.749598e-02;4.085506e-02;5.623608e-02
2.611177e-02;7.175799e-02;1.215377e-01;1.300306e-01;7.394619e-02;1.046920e-01;2.100452e-01;5.077820e-02;5.101934e-02;3.001855e-02;4.234481e-02;8.771757e-02
2.952669e-02;1.045483e-01;1.012395e-01;8.617165e-02;8.303469e-02;1.020584e-01;1.739202e-01;1.059672e-01;5.717460e-02;4.109700e-02;2.834500e-02;8.691667e-02
4.733608e-02;6.642068e-02;6.809289e-02;1.085566e-01;4.333692e-02;1.339387e-01;1.733360e-01;1.499449e-01;6.569775e-02;3.480566e-02;3.092934e-02;7.760451e-02
6.372359e-02;4.382864e-02;7.410900e-02;7.801287e-02;5.156014e-02;1.371940e-01;1.510415e-01;1.534391e-01;7.775381e-02;4.055570e-02;4.866195e-02;8.011971e-02
4.909642e-02;7.829224e-02;1.105740e-01;7.760091e-02;5.987267e-02;1.787087e-01;1.018532e-01;8.895759e-02;9.413908e-02;5.115143e-02;3.914321e-02;7.061058e-02
2.490022e-02;1.064859e-01;1.640679e-01;4.932513e-02;6.078060e-02;1.798898e-01;1.168101e-01;6.763741e-02;9.478816e-02;4.351486e-02;3.336913e-02;5.843082e-02
2.165340e-02;9.803282e-02;2.019212e-01;6.494409e-02;5.878153e-02;1.242222e-01;1.082940e-01;6.122828e-02;9.194822e-02;6.673954e-02;5.674269e-02;4.549199e-02
2.450912e-02;1.465034e-01;1.807613e-01;6.975647e-02;5.744768e-02;1.279895e-01;7.880334e-02;4.941549e-02;9.128042e-02;7.487890e-02;3.894809e-02;5.970631e-02
1.290728e-02;2.228995e-01;1.159327e-01;8.149525e-02;3.205811e-02;1.816452e-01;4.464178e-02;4.221835e-02;1.342927e-01;5.113199e-02;1.409209e-02;6.668499e-02
1.083707e-02;2.721539e-01;5.559141e-02;9.643457e-02;1.697998e-02;2.100498e-01;3.286330e-02;3.317209e-02;1.772272e-01;3.773171e-02;1.037838e-02;4.658064e-02
2.097326e-02;2.923245e-01;3.755789e-02;1.008029e-01;2.161841e-02;2.029077e-01;3.860191e-02;3.099545e-02;1.691373e-01;4.446241e-02;2.635746e-02;1.426088e-02
2.764431e-02;2.873533e-01;3.694087e-02;8.970915e-02;3.425069e-02;2.327771e-01;2.183389e-02;2.243072e-02;1.398842e-01;4.191283e-02;2.791317e-02;3.734973e-02
2.156483e-02;2.828413e-01;4.400063e-02;6.992785e-02;3.176847e-02;2.589768e-01;1.471256e-02;1.562077e-02;1.301716e-01;3.081902e-02;1.793438e-02;8.166175e-02
1.081078e-02;2.545465e-01;6.742030e-02;5.187022e-02;2.503384e-02;2.356531e-01;3.278479e-02;2.165340e-02;1.086862e-01;4.968468e-02;1.840751e-02;1.234486e-01
1.111180e-02;1.723207e-01;1.783392e-01;3.718567e-02;2.910348e-02;1.428781e-01;7.713089e-02;2.756840e-02;6.138166e-02;1.222489e-01;2.121484e-02;1.195165e-01
3.858497e-02;1.228940e-01;2.910184e-01;2.763477e-02;3.440629e-02;4.146056e-02;1.298581e-01;2.196823e-02;2.529815e-02;1.909292e-01;2.085697e-02;5.509037e-02
6.880725e-02;1.080575e-01;3.256855e-01;2.937451e-02;2.872138e-02;3.985985e-02;1.282815e-01;1.873000e-02;1.621305e-02;1.918937e-01;3.025672e-02;1.411913e-02
7.133234e-02;1.117740e-01;3.056785e-01;5.394828e-02;1.847484e-02;4.154836e-02;8.580339e-02;1.997970e-02;2.742801e-02;1.689041e-01;7.840688e-02;1.672166e-02
4.874456e-02;1.403134e-01;2.486211e-01;7.828072e-02;1.749088e-02;2.716069e-02;8.494078e-02;1.790319e-02;4.868764e-02;1.570738e-01;9.663741e-02;3.414578e-02
3.280303e-02;1.833289e-01;2.083792e-01;8.089999e-02;1.996697e-02;1.125322e-01;6.137765e-02;2.189197e-02;3.951254e-02;1.155291e-01;8.195296e-02;4.182554e-02
1.390591e-02;2.142222e-01;2.374423e-01;6.760841e-02;2.207926e-02;1.877566e-01;5.315866e-02;3.228400e-02;3.747955e-02;4.940931e-02;5.225066e-02;3.240314e-02
2.139835e-02;1.816102e-01;1.958761e-01;5.126705e-02;2.533748e-02;1.878652e-01;9.644839e-02;3.181635e-02;6.143747e-02;8.687903e-02;2.749242e-02;3.257200e-02
3.388342e-02;1.818758e-01;2.345246e-01;4.749870e-02;3.865133e-02;8.169099e-02;1.074750e-01;3.692098e-02;5.776992e-02;1.066642e-01;3.026054e-02;4.278457e-02
4.892731e-02;2.070621e-01;2.336062e-01;5.316213e-02;3.379762e-02;8.735133e-02;7.310247e-02;4.112756e-02;2.795761e-02;1.274130e-01;1.799653e-02;4.849603e-02
6.733195e-02;1.825540e-01;1.777966e-01;5.777792e-02;3.713328e-02;1.529043e-01;3.059704e-02;4.722925e-02;2.211078e-02;1.379640e-01;4.406333e-02;4.253756e-02
7.916664e-02;1.849698e-01;2.312404e-01;2.653020e-02;3.848109e-02;1.425443e-01;4.491284e-02;5.923625e-02;3.579582e-02;8.274762e-02;4.756345e-02;2.681154e-02
5.106038e-02;2.230012e-01;3.550588e-01;3.708012e-02;3.757178e-02;5.860711e-02;3.759743e-02;3.564954e-02;5.051460e-02;5.464975e-02;3.752165e-02;2.168763e-02
2.684576e-02;2.146242e-01;3.568486e-01;6.552202e-02;4.299441e-02;5.879244e-02;1.431966e-02;1.489351e-02;4.916625e-02;1.085269e-01;1.974094e-02;2.772524e-02
2.360720e-02;2.079701e-01;2.719384e-01;6.158876e-02;3.636846e-02;8.531781e-02;2.142245e-02;1.713164e-02;7.706870e-02;1.341629e-01;1.521457e-02;4.820890e-02
2.749542e-02;2.475600e-01;1.662830e-01;3.337337e-02;3.165361e-02;9.117444e-02;2.389554e-02;2.173759e-02;1.269811e-01;1.308905e-01;3.695277e-02;6.200260e-02
5.543232e-02;2.929921e-01;1.002383e-01;1.529280e-02;3.838009e-02;6.814825e-02;3.372516e-02;3.890355e-02;1.391051e-01;9.998230e-02;6.809142e-02;4.970862e-02
1.009750e-01;2.805732e-01;8.960371e-02;2.496929e-02;5.373890e-02;3.043187e-02;3.932254e-02;5.734048e-02;1.015602e-01;7.115408e-02;1.131518e-01;3.717886e-02
1.120747e-01;2.254264e-01;1.146402e-01;3.005117e-02;5.704426e-02;4.549109e-02;2.932269e-02;8.411481e-02;8.826879e-02;5.281004e-02;1.137853e-01;4.697062e-02
9.750617e-02;2.432267e-01;1.341555e-01;2.031183e-02;5.543992e-02;7.764471e-02;3.738098e-02;9.516791e-02;8.498918e-02;3.902878e-02;7.342908e-02;4.171927e-02
8.117123e-02;2.435281e-01;1.723221e-01;3.872930e-02;5.790628e-02;9.605687e-02;4.587656e-02;7.628855e-02;7.028578e-02;4.773047e-02;3.959914e-02;3.050560e-02
5.770228e-02;2.103419e-01;2.079058e-01;5.077616e-02;5.688214e-02;7.048690e-02;5.216948e-02;5.181970e-02;9.408473e-02;9.320662e-02;2.471732e-02;2.990696e-02
2.774533e-02;2.911174e-01;2.276809e-01;5.687530e-02;3.912840e-02;6.201164e-02;5.009269e-02;3.937927e-02;6.063275e-02;1.091576e-01;2.044795e-02;1.573077e-02
5.013938e-02;2.841376e-01;1.968678e-01;5.278209e-02;2.215074e-02;1.252847e-01;3.871350e-02;5.125555e-02;3.433882e-02;1.016759e-01;2.486079e-02;1.779314e-02
5.976873e-02;2.669587e-01;1.737871e-01;4.776479e-02;2.964502e-02;1.524195e-01;4.043084e-02;4.158080e-02;3.401646e-02;9.689623e-02;2.641544e-02;3.031641e-02
5.866664e-02;2.414366e-01;2.025766e-01;5.176938e-02;4.661400e-02;1.301317e-01;4.583839e-02;3.600870e-02;3.343200e-02;8.221722e-02;2.132538e-02;4.998341e-02
4.779947e-02;2.378460e-01;2.338772e-01;5.543576e-02;5.549261e-02;1.044447e-01;3.644398e-02;3.647913e-02;4.148817e-02;8.540622e-02;1.166682e-02;5.361992e-02
2.159788e-02;1.984890e-01;2.341744e-01;4.857147e-02;4.081809e-02;9.242722e-02;4.135052e-02;3.130702e-02;7.833622e-02;1.261520e-01;3.975978e-02;4.701642e-02
3.570108e-02;2.126664e-01;2.443600e-01;5.447782e-02;3.234221e-02;1.087550e-01;3.679548e-02;3.071070e-02;5.858405e-02;1.014956e-01;4.629849e-02;3.781330e-02
3.628968e-02;2.391421e-01;2.539347e-01;5.594036e-02;4.109412e-02;1.311540e-01;2.048029e-02;3.183439e-02;5.029682e-02;8.089199e-02;3.309276e-02;2.584882e-02
3.678370e-02;2.034642e-01;2.789582e-01;5.214772e-02;3.417435e-02;1.366587e-01;4.709980e-02;3.128033e-02;6.083948e-02;7.200432e-02;2.748774e-02;1.910145e-02
4.030642e-02;2.726310e-01;2.865990e-01;3.249981e-02;4.227604e-02;1.222865e-01;5.141576e-02;2.042307e-02;5.123191e-02;3.754674e-02;2.048933e-02;2.229438e-02
4.380099e-02;2.851415e-01;2.901405e-01;2.950910e-02;4.465554e-02;1.029370e-01;5.430466e-02;2.925536e-02;5.656659e-02;2.379498e-02;1.675582e-02;2.313794e-02
6.011702e-02;2.114567e-01;2.548081e-01;2.819917e-02;2.585254e-02;1.203583e-01;4.037648e-02;6.393191e-02;8.014780e-02;5.250122e-02;3.735763e-02;2.489316e-02
4.611195e-02;1.618529e-01;2.390161e-01;4.081579e-02;2.674971e-02;1.273447e-01;3.584674e-02;8.587809e-02;7.436372e-02;9.618559e-02;3.941709e-02;2.641762e-02
3.602895e-02;2.392840e-01;2.363414e-01;5.640300e-02;4.967513e-02;9.162530e-02;2.462461e-02;6.704788e-02;7.739616e-02;6.075175e-02;3.410122e-02;2.672058e-02
5.910562e-02;2.752806e-01;1.913898e-01;4.955282e-02;9.862700e-02;9.023617e-02;1.879894e-02;7.509057e-02;8.411641e-02;1.750199e-02;2.568855e-02;1.461160e-02
1.339700e-01;1.905736e-01;1.148920e-01;2.877597e-02;2.099826e-01;5.166869e-02;1.823602e-02;1.386289e-01;6.252309e-02;1.900766e-02;1.339457e-02;1.834684e-02
2.077718e-01;7.351813e-02;5.988599e-02;2.244985e-02;2.781698e-01;1.634999e-02;3.322172e-02;2.054694e-01;3.847175e-02;1.276217e-02;1.658958e-02;3.533991e-02
2.074948e-01;5.434388e-02;3.525354e-02;5.079206e-02;2.284796e-01;2.779966e-02;5.926670e-02;2.231476e-01;3.607935e-02;1.450108e-02;1.296340e-02;4.987831e-02
1.858303e-01;5.206600e-02;3.928672e-02;9.561478e-02;1.376838e-01;2.850110e-02;9.206059e-02;2.218589e-01;4.902295e-02;1.789569e-02;1.053874e-02;6.964046e-02
2.305442e-01;3.770288e-02;4.226725e-02;8.854382e-02;1.081878e-01;1.920215e-02;8.391535e-02;2.449719e-01;5.709732e-02;1.467735e-02;9.359069e-03;6.353094e-02
2.742635e-01;2.933122e-02;2.794776e-02;5.380062e-02;1.415592e-01;1.112839e-02;4.938518e-02;2.851842e-01;4.701031e-02;1.089070e-02;6.231653e-03;6.326724e-02
2.951002e-01;3.119464e-02;3.116146e-02;2.976267e-02;1.256390e-01;1.112149e-02;5.096539e-02;3.232743e-01;3.900338e-02;8.037354e-03;7.878183e-03;4.686198e-02
3.008195e-01;5.179494e-02;3.267561e-02;1.725196e-02;1.258577e-01;9.509552e-03;4.996244e-02;3.063112e-01;4.511597e-02;1.389090e-02;2.920870e-02;1.760168e-02
2.817963e-01;6.391059e-02;2.853877e-02;1.839252e-02;1.246699e-01;1.996201e-02;3.712841e-02;2.579013e-01;8.161795e-02;1.851016e-02;5.424996e-02;1.332211e-02
1.757354e-01;1.197635e-01;3.865768e-02;2.936354e-02;1.217153e-01;3.721438e-02;4.759243e-02;1.764905e-01;1.171077e-01;3.136906e-02;5.838753e-02;4.660304e-02
5.568413e-02;1.926583e-01;5.054709e-02;3.272361e-02;8.172685e-02;7.183755e-02;4.304548e-02;9.315453e-02;1.618954e-01;4.120643e-02;3.885627e-02;1.366644e-01
8.002566e-02;1.697960e-01;9.607746e-02;2.264339e-02;4.533328e-02;8.150923e-02;3.326024e-02;7.535737e-02;1.551856e-01;7.100192e-02;2.646865e-02;1.433412e-01
9.549662e-02;1.177030e-01;1.559247e-01;4.116038e-02;3.188178e-02;6.535802e-02;6.288461e-02;8.720263e-02;1.210575e-01;1.057932e-01;3.883868e-02;7.669901e-02
9.301555e-02;7.434268e-02;2.092077e-01;1.201483e-01;3.229604e-02;5.570362e-02;5.905363e-02;8.166936e-02;9.121671e-02;9.592191e-02;5.863299e-02;2.879147e-02
1.016130e-01;9.655228e-02;2.343306e-01;1.806353e-01;2.512046e-02;4.840314e-02;2.711435e-02;7.638774e-02;6.179008e-02;4.212520e-02;8.469585e-02;2.123203e-02
1.143000e-01;1.444814e-01;2.222733e-01;1.603941e-01;4.209559e-02;4.604198e-02;1.983687e-02;5.540789e-02;4.503467e-02;3.833787e-02;7.592541e-02;3.587097e-02
1.019940e-01;1.393269e-01;1.599423e-01;1.177148e-01;7.208943e-02;9.093246e-02;1.699551e-02;1.115271e-01;3.924667e-02;6.022172e-02;5.418105e-02;3.582809e-02
6.224373e-02;1.072115e-01;1.772878e-01;8.343001e-02;9.994034e-02;9.909918e-02;3.267931e-02;1.203504e-01;4.530431e-02;5.925127e-02;6.307179e-02;5.013029e-02
9.144987e-02;1.208996e-01;2.178006e-01;4.523405e-02;1.336674e-01;6.523919e-02;3.050088e-02;1.055693e-01;6.399339e-02;3.644960e-02;4.699131e-02;4.220474e-02
1.163161e-01;1.201994e-01;1.762960e-01;1.030303e-01;1.420942e-01;6.709301e-02;1.800361e-02;8.326515e-02;6.551728e-02;4.294858e-02;2.913186e-02;3.610444e-02
1.312919e-01;1.304564e-01;1.461565e-01;1.271483e-01;9.292349e-02;7.539151e-02;2.988767e-02;8.698923e-02;6.156890e-02;4.368746e-02;2.993383e-02;4.456487e-02
1.137400e-01;1.373587e-01;1.481270e-01;9.175967e-02;6.390316e-02;7.219493e-02;3.958963e-02;1.219379e-01;6.071495e-02;3.588277e-02;3.717229e-02;7.761908e-02
1.016546e-01;1.495340e-01;1.772112e-01;4.466196e-02;7.777929e-02;6.648238e-02;5.235892e-02;1.272946e-01;7.198749e-02;2.514957e-02;3.570787e-02;7.017810e-02
9.941760e-02;1.737393e-01;1.916753e-01;3.721507e-02;7.870641e-02;7.431058e-02;4.513116e-02;8.964506e-02;7.146072e-02;6.364375e-02;3.426589e-02;4.078921e-02
1.062576e-01;1.600424e-01;1.778637e-01;4.323835e-02;5.735943e-02;7.650404e-02;6.148848e-02;1.287824e-01;6.270716e-02;7.599071e-02;2.977026e-02;1.999564e-02
1.690031e-01;9.961993e-02;1.233677e-01;4.557416e-02;8.141636e-02;8.199169e-02;8.572992e-02;1.482125e-01;4.581334e-02;6.741419e-02;2.294456e-02;2.891255e-02
1.710081e-01;9.668157e-02;1.628442e-01;3.649957e-02;8.957306e-02;7.321768e-02;8.892276e-02;1.283002e-01;5.633463e-02;6.931312e-02;1.075022e-02;1.655484e-02
1.278019e-01;7.106971e-02;1.495485e-01;5.018027e-02;8.007322e-02;7.289807e-02;9.055471e-02;1.590784e-01;6.167213e-02;8.267450e-02;1.484571e-02;3.960280e-02
7.283580e-02;1.178038e-01;1.566864e-01;5.683552e-02;9.121048e-02;1.105422e-01;5.423264e-02;1.801926e-01;7.966917e-02;4.188620e-02;1.218828e-02;2.591691e-02
5.818347e-02;1.264577e-01;1.764123e-01;5.397145e-02;7.922772e-02;1.912591e-01;2.866743e-02;1.537154e-01;7.643471e-02;2.406490e-02;1.441876e-02;1.718699e-02
5.942341e-02;1.179130e-01;2.335239e-01;6.767354e-02;5.991468e-02;1.855263e-01;2.903218e-02;9.915506e-02;5.838165e-02;3.998268e-02;1.784615e-02;3.162760e-02
7.572197e-02;1.192542e-01;2.628946e-01;8.065872e-02;4.348701e-02;1.353529e-01;4.211091e-02;7.099987e-02;4.211037e-02;6.335838e-02;2.360231e-02;4.044881e-02
1.153974e-01;1.401707e-01;2.147830e-01;7.476082e-02;3.991263e-02;8.987606e-02;4.310198e-02;8.926976e-02;6.049559e-02;6.371505e-02;2.244793e-02;4.606911e-02
1.660549e-01;1.336327e-01;1.708242e-01;7.199633e-02;6.899177e-02;4.826293e-02;3.512924e-02;1.032563e-01;7.979318e-02;5.695875e-02;2.793347e-02;3.716614e-02
1.599826e-01;1.160439e-01;1.016816e-01;8.777037e-02;1.186609e-01;7.370538e-02;4.310319e-02;1.089657e-01;8.303338e-02;5.549410e-02;1.975377e-02;3.180514e-02
7.063691e-02;1.198142e-01;1.494523e-01;1.000537e-01;1.443108e-01;7.895742e-02;3.771900e-02;9.835643e-02;8.198959e-02;5.057857e-02;2.691933e-02;4.121166e-02
1.186498e-01;1.434232e-01;1.506121e-01;9.578633e-02;8.937532e-02;8.259589e-02;3.864060e-02;1.008459e-01;6.665626e-02;4.247627e-02;3.198479e-02;3.895346e-02
1.306778e-01;1.665264e-01;1.850458e-01;7.401864e-02;5.587331e-02;9.950235e-02;3.055196e-02;1.036167e-01;4.600592e-02;3.551203e-02;3.064027e-02;4.202890e-02
1.107560e-01;1.543830e-01;1.890841e-01;6.341382e-02;5.514001e-02;1.060410e-01;3.792508e-02;1.169784e-01;5.090652e-02;3.927835e-02;3.016387e-02;4.592973e-02
7.675794e-02;1.383868e-01;1.483334e-01;6.319103e-02;6.401656e-02;1.105919e-01;5.064666e-02;1.487869e-01;7.369693e-02;5.186523e-02;3.136618e-02;4.236050e-02
4.741694e-02;1.278325e-01;1.686906e-01;5.938375e-02;6.708930e-02;1.246049e-01;6.795730e-02;1.698462e-01;6.453790e-02;4.734385e-02;2.778581e-02;2.751091e-02
2.649190e-02;8.474007e-02;1.502106e-01;7.634448e-02;8.834825e-02;1.653236e-01;5.080006e-02;2.040553e-01;4.877033e-02;4.724331e-02;3.356727e-02;2.410487e-02
1.375867e-02;6.365117e-02;1.836620e-01;1.007043e-01;1.026303e-01;1.728020e-01;5.713127e-02;1.455822e-01;6.113981e-02;6.297480e-02;1.979922e-02;1.616441e-02
1.524893e-02;9.272190e-02;2.738275e-01;1.094749e-01;9.340740e-02;1.115950e-01;6.741368e-02;8.022851e-02;4.628832e-02;8.709808e-02;1.420910e-02;8.486711e-03
1.546515e-02;1.328872e-01;3.303773e-01;8.904186e-02;6.632335e-02;7.898824e-02;4.508042e-02;7.134563e-02;3.960083e-02;1.087012e-01;9.973180e-03;1.221567e-02
1.545106e-02;1.850658e-01;2.604921e-01;5.125644e-02;3.325017e-02;1.073240e-01;3.735435e-02;8.770698e-02;7.258928e-02;1.146083e-01;6.683487e-03;2.821814e-02
1.616376e-02;2.241622e-01;1.417376e-01;6.574250e-02;1.755941e-02;1.470319e-01;3.783812e-02;5.995639e-02;1.542356e-01;9.837230e-02;1.017969e-02;2.702051e-02
1.365090e-02;2.412062e-01;1.083689e-01;9.919586e-02;1.236287e-02;1.463071e-01;2.506212e-02;2.700791e-02;2.280622e-01;7.231293e-02;1.319761e-02;1.326534e-02
2.090943e-02;2.373831e-01;7.984186e-02;1.073830e-01;1.428973e-02;1.569359e-01;1.864894e-02;2.884058e-02;2.529952e-01;4.408069e-02;1.789856e-02;2.079300e-02
1.994570e-02;1.902332e-01;1.134342e-01;8.285577e-02;3.895544e-02;1.549129e-01;3.146924e-02;5.397725e-02;2.011419e-01;6.507891e-02;1.108552e-02;3.690997e-02
2.538161e-02;1.194604e-01;1.837640e-01;4.755003e-02;8.356390e-02;1.004304e-01;5.896879e-02;5.762164e-02;1.055820e-01;1.704622e-01;1.870245e-02;2.851260e-02
4.343724e-02;7.724585e-02;2.099950e-01;5.459598e-02;9.436525e-02;4.845474e-02;8.809632e-02;3.763272e-02;6.467652e-02;2.213201e-01;4.594160e-02;1.423858e-02
6.714492e-02;9.460802e-02;2.051234e-01;7.824041e-02;6.006318e-02;4.580586e-02;8.259731e-02;2.628604e-02;6.411659e-02;1.934616e-01;7.627589e-02;6.276819e-03
6.341066e-02;1.367987e-01;1.728745e-01;9.277773e-02;3.359518e-02;8.719660e-02;8.620147e-02;3.438124e-02;7.561220e-02;1.307497e-01;6.634807e-02;2.005390e-02
5.073375e-02;1.560713e-01;2.128520e-01;1.163216e-01;5.388048e-02;9.533012e-02;6.712656e-02;4.831686e-02;5.886389e-02;7.652932e-02;3.872389e-02;2.525030e-02
3.187351e-02;1.391727e-01;2.186930e-01;1.347795e-01;7.354217e-02;1.171771e-01;3.084156e-02;6.390723e-02;4.909100e-02;5.174850e-02;5.589452e-02;3.327920e-02
4.138343e-02;1.410133e-01;1.545838e-01;1.319505e-01;8.500147e-02;1.446628e-01;3.460431e-02;7.230531e-02;5.466958e-02;7.708433e-02;3.311205e-02;2.962911e-02
6.559762e-02;1.347355e-01;2.051378e-01;6.986385e-02;5.817681e-02;1.202585e-01;4.880666e-02;6.762467e-02;4.847135e-02;1.199947e-01;2.900784e-02;3.232470e-02
5.133799e-02;1.378595e-01;2.781363e-01;7.864284e-02;2.668429e-02;8.622674e-02;4.245358e-02;7.554265e-02;5.015274e-02;1.166387e-01;2.616337e-02;3.016127e-02
5.705602e-02;1.318936e-01;2.484256e-01;1.130911e-01;5.664834e-02;9.896944e-02;3.079871e-02;8.532677e-02;5.231174e-02;7.687326e-02;2.057114e-02;2.803428e-02
6.527332e-02;1.182551e-01;2.375100e-01;1.297754e-01;7.812352e-02;1.199865e-01;3.177315e-02;7.030066e-02;6.640696e-02;2.478467e-02;3.979430e-02;1.801644e-02
5.580068e-02;1.227399e-01;2.774531e-01;1.142923e-01;5.483586e-02;1.029218e-01;3.543060e-02;3.669165e-02;6.177692e-02;8.570567e-02;3.431582e-02;1.803581e-02
3.327104e-02;1.277712e-01;2.268315e-01;6.598822e-02;4.439187e-02;1.146481e-01;1.040568e-01;5.879212e-02;5.616782e-02;1.184348e-01;2.610061e-02;2.354588e-02
3.174901e-02;1.106908e-01;1.713553e-01;4.319680e-02;5.239529e-02;1.166999e-01;1.746077e-01;9.201344e-02;5.008243e-02;1.096350e-01;1.494239e-02;3.263194e-02
3.460298e-02;9.641590e-02;1.564047e-01;4.807479e-02;6.209720e-02;1.034635e-01;2.047030e-01;1.015158e-01;4.872178e-02;8.029734e-02;3.561202e-02;2.809104e-02
4.085225e-02;8.572549e-02;1.751158e-01;6.247165e-02;6.107669e-02;1.135251e-01;1.687567e-01;9.091432e-02;6.946558e-02;6.135999e-02;3.723750e-02;3.349898e-02
6.957214e-02;8.093498e-02;9.763032e-02;3.670162e-02;6.607683e-02;2.502526e-01;8.700611e-02;7.786875e-02;5.890163e-02;4.751691e-02;2.322560e-02;1.043125e-01
6.132272e-02;6.132816e-02;3.975746e-02;4.682748e-02;1.083225e-01;2.952036e-01;5.062612e-02;5.512759e-02;3.122908e-02;1.924120e-02;2.569299e-02;2.053211e-01
6.322890e-02;4.432520e-02;5.515616e-02;4.803087e-02;1.408617e-01;2.517244e-01;3.035869e-02;2.394412e-02;2.208066e-02;4.183894e-03;1.941469e-02;2.966907e-01
7.965109e-02;3.649475e-02;5.998150e-02;3.359086e-02;1.268157e-01;1.647220e-01;4.294408e-02;3.145368e-02;2.757577e-02;9.093185e-03;6.121507e-02;3.264623e-01
9.239380e-02;4.763558e-02;8.003806e-02;2.009399e-02;9.419639e-02;1.351366e-01;4.263607e-02;3.600589e-02;2.761982e-02;2.629313e-02;1.007358e-01;2.972148e-01
1.271839e-01;6.257669e-02;8.597144e-02;2.050715e-02;5.886343e-02;2.830558e-01;2.645643e-02;2.839264e-02;3.003135e-02;4.357292e-02;6.993522e-02;1.634530e-01
1.623073e-01;7.803608e-02;9.522348e-02;2.134353e-02;5.356979e-02;3.812411e-01;1.736182e-02;3.117329e-02;2.939870e-02;4.251588e-02;2.894173e-02;5.888720e-02
1.579725e-01;8.823002e-02;1.079943e-01;4.176972e-02;3.539548e-02;3.931008e-01;1.934536e-02;2.314801e-02;2.403020e-02;3.312077e-02;1.371594e-02;6.217688e-02
1.407756e-01;9.044743e-02;1.026597e-01;4.694292e-02;5.580584e-02;4.038003e-01;1.550646e-02;3.285750e-02;2.087085e-02;3.339024e-02;1.349695e-02;4.344622e-02
1.174871e-01;8.885279e-02;1.369459e-01;2.807360e-02;4.110679e-02;4.152567e-01;2.766071e-02;4.701779e-02;1.455341e-02;3.149404e-02;1.266527e-02;3.888597e-02
9.467914e-02;9.153175e-02;1.417999e-01;3.850777e-02;3.378269e-02;4.109265e-01;3.699371e-02;5.892519e-02;1.701731e-02;2.856689e-02;1.004283e-02;3.722632e-02
7.296453e-02;1.045251e-01;1.334045e-01;4.995845e-02;2.353320e-02;4.049579e-01;4.407084e-02;6.650312e-02;2.266355e-02;2.895075e-02;3.511929e-03;4.495614e-02
3.923055e-02;8.133449e-02;1.140143e-01;4.047471e-02;3.968741e-02;4.523941e-01;4.640710e-02;6.818586e-02;2.797069e-02;3.181155e-02;3.552534e-03;5.493673e-02
3.807658e-02;8.518597e-02;1.246430e-01;4.464744e-02;6.386182e-02;4.358282e-01;4.553007e-02;4.549171e-02;1.451787e-02;3.211112e-02;5.646826e-03;6.445942e-02
5.140025e-02;8.616012e-02;1.078871e-01;3.352437e-02;7.626136e-02;3.798022e-01;3.490497e-02;1.051119e-01;2.367622e-02;2.553448e-02;1.157530e-02;6.416171e-02
4.342039e-02;8.746424e-02;1.327678e-01;3.075661e-02;6.865647e-02;2.984850e-01;2.679206e-02;1.685228e-01;4.770932e-02;2.238472e-02;8.215565e-03;6.482505e-02
7.541655e-02;1.157974e-01;1.466267e-01;4.372348e-02;6.133116e-02;1.529331e-01;1.753405e-02;1.762921e-01;6.295593e-02;2.325239e-02;1.853799e-02;1.055993e-01
7.394692e-02;1.726217e-01;1.892489e-01;3.473855e-02;5.129746e-02;1.225071e-01;1.603152e-02;1.268480e-01;5.444153e-02;2.130870e-02;2.331664e-02;1.136930e-01
4.319465e-02;2.267993e-01;2.407146e-01;6.354863e-02;6.841933e-02;9.795076e-02;1.109760e-02;8.760656e-02;3.949919e-02;3.117133e-02;9.589182e-03;8.040881e-02
8.734760e-02;1.684249e-01;1.957469e-01;5.068476e-02;6.139214e-02;1.429534e-01;1.734991e-02;8.882509e-02;4.104778e-02;3.880650e-02;3.072162e-02;7.669937e-02
6.320277e-02;1.229225e-01;2.042218e-01;5.596375e-02;6.758869e-02;2.564750e-01;4.101718e-02;4.934484e-02;4.264447e-02;3.710573e-02;3.839300e-02;2.112024e-02
3.118221e-02;9.955344e-02;1.739882e-01;5.760569e-02;5.615777e-02;3.134630e-01;4.214382e-02;5.514278e-02;3.882315e-02;3.225567e-02;1.807625e-02;8.160809e-02
5.599370e-02;9.993434e-02;1.473683e-01;4.200535e-02;3.676778e-02;3.229530e-01;2.863385e-02;7.599450e-02;3.035919e-02;2.580996e-02;1.408477e-02;1.200952e-01
8.528090e-02;8.517952e-02;1.443572e-01;3.905137e-02;4.415271e-02;2.887817e-01;3.505421e-02;8.266261e-02;3.283559e-02;2.418208e-02;5.974547e-03;1.324875e-01
1.186582e-01;8.957530e-02;1.241985e-01;5.047158e-02;6.186476e-02;2.740356e-01;2.368923e-02;6.157350e-02;3.389440e-02;3.466814e-02;1.051978e-02;1.168509e-01
1.129773e-01;1.083654e-01;1.101953e-01;4.962378e-02;8.007987e-02;3.121775e-01;1.377821e-02;5.512124e-02;3.991769e-02;2.697045e-02;7.143758e-03;8.364944e-02
7.703682e-02;1.060512e-01;1.089194e-01;3.550610e-02;6.521208e-02;3.802985e-01;2.928217e-02;8.215798e-02;3.824650e-02;1.395361e-02;1.184522e-02;5.149044e-02
4.316813e-02;9.773629e-02;1.343093e-01;3.012665e-02;3.650853e-02;3.742415e-01;6.570512e-02;1.162812e-01;3.712188e-02;2.908750e-02;6.369194e-03;2.934471e-02
4.926862e-02;9.069236e-02;1.245577e-01;3.590309e-02;4.111754e-02;1.901845e-01;1.604557e-01;1.480485e-01;4.687590e-02;4.481628e-02;2.761394e-02;4.046590e-02
4.644009e-02;7.696334e-02;9.504647e-02;3.658487e-02;4.065533e-02;1.247512e-01;2.319159e-01;1.265690e-01;4.992959e-02;3.358689e-02;6.542066e-02;7.213663e-02
2.830096e-02;5.346048e-02;6.750528e-02;2.461364e-02;5.677408e-02;2.081337e-01;2.128743e-01;7.118305e-02;5.520513e-02;5.015326e-02;1.066996e-01;6.509659e-02
2.692878e-02;5.803590e-02;4.200668e-02;3.542078e-02;1.121391e-01;2.262035e-01;1.322797e-01;4.003914e-02;8.182064e-02;1.145324e-01;8.572660e-02;4.486689e-02
4.365497e-02;6.004527e-02;3.464507e-02;8.658790e-02;1.403124e-01;1.011640e-01;9.690282e-02;8.101316e-02;1.259230e-01;1.485293e-01;4.633067e-02;3.489149e-02
4.119716e-02;3.534433e-02;7.945588e-02;1.188228e-01;8.107275e-02;8.984499e-02;5.456606e-02;1.597910e-01;1.572898e-01;9.623305e-02;4.723465e-02;3.914748e-02
2.232449e-02;3.701841e-02;1.329376e-01;8.153828e-02;5.196973e-02;1.183997e-01;4.040923e-02;2.586816e-01;1.176390e-01;4.223507e-02;4.179546e-02;5.505145e-02
9.710515e-03;6.207188e-02;1.622220e-01;3.145567e-02;7.460366e-02;9.730016e-02;9.918038e-02;2.985442e-01;6.116594e-02;2.829147e-02;2.963341e-02;4.582074e-02
1.138428e-02;1.087958e-01;1.353138e-01;2.757605e-02;1.070926e-01;7.540467e-02;1.841121e-01;2.233406e-01;3.926159e-02;2.604577e-02;4.283229e-02;1.884054e-02
1.755794e-02;1.385812e-01;8.095650e-02;7.781486e-02;1.038022e-01;9.008428e-02;2.315650e-01;1.258190e-01;3.848791e-02;2.545961e-02;5.276871e-02;1.710284e-02
2.783250e-02;1.528990e-01;6.615260e-02;1.239880e-01;6.076434e-02;9.737667e-02;2.372143e-01;8.360524e-02;4.556502e-02;4.068637e-02;4.994811e-02;1.396791e-02
6.942179e-02;1.643556e-01;4.428504e-02;1.082234e-01;2.393913e-02;1.456506e-01;2.380362e-01;5.671807e-02;3.084573e-02;5.548194e-02;4.128355e-02;2.175893e-02
1.392817e-01;1.502794e-01;6.062718e-02;3.890259e-02;2.549231e-02;1.992288e-01;1.836147e-01;5.704744e-02;2.220405e-02;5.653201e-02;3.163876e-02;3.515105e-02
1.595203e-01;1.364908e-01;5.494745e-02;2.572680e-02;2.242599e-02;2.011284e-01;1.448801e-01;6.927526e-02;2.614611e-02;8.918308e-02;2.420584e-02;4.606993e-02
7.681770e-02;1.105805e-01;4.597911e-02;4.499244e-02;5.550288e-02;2.396575e-01;1.373883e-01;7.714026e-02;3.320166e-02;8.891213e-02;6.124855e-02;2.857902e-02
3.005692e-02;1.290319e-01;6.556174e-02;6.097665e-02;6.266529e-02;2.986998e-01;1.076308e-01;7.104583e-02;4.312582e-02;6.617375e-02;4.772271e-02;1.730883e-02
3.279737e-02;1.646604e-01;8.772685e-02;7.383266e-02;5.409369e-02;2.659935e-01;1.072721e-01;9.611904e-02;3.860728e-02;4.213337e-02;1.575096e-02;2.101276e-02
4.489671e-02;1.428379e-01;9.030352e-02;8.843681e-02;5.325036e-02;2.386847e-01;1.316825e-01;1.262676e-01;3.930559e-02;1.512934e-02;1.895741e-02;1.024762e-02
6.141201e-02;1.182300e-01;8.218905e-02;8.904342e-02;4.404590e-02;2.335294e-01;1.645063e-01;1.121916e-01;3.970087e-02;2.956302e-02;1.648692e-02;9.101429e-03
6.880054e-02;8.409513e-02;8.445691e-02;7.436725e-02;3.524969e-02;2.409609e-01;2.157931e-01;8.653967e-02;4.290868e-02;3.934527e-02;1.347132e-02;1.401152e-02
5.055805e-02;1.198502e-01;1.130499e-01;5.360843e-02;4.125246e-02;1.592112e-01;2.048673e-01;1.394588e-01;5.552435e-02;3.389870e-02;1.864602e-02;1.007458e-02
4.779984e-02;1.372172e-01;8.802486e-02;6.264535e-02;5.385190e-02;1.350701e-01;2.029597e-01;1.643542e-01;3.281639e-02;3.083696e-02;2.057955e-02;2.384393e-02
3.500054e-02;8.776619e-02;9.264655e-02;3.448940e-02;3.996222e-02;1.886688e-01;1.948879e-01;1.733474e-01;5.074081e-02;3.584293e-02;3.734222e-02;2.930498e-02
2.004730e-02;5.252245e-02;1.164806e-01;4.204627e-02;2.096679e-02;2.196163e-01;1.540906e-01;1.780354e-01;1.071841e-01;2.384414e-02;5.234177e-02;1.282422e-02
4.319447e-02;1.300967e-01;1.191249e-01;7.357372e-02;4.120031e-02;1.669059e-01;5.314735e-02;1.544962e-01;9.915557e-02;9.648714e-02;1.359413e-02;9.023564e-03
5.093957e-02;1.659590e-01;1.504836e-01;7.463761e-02;5.433603e-02;1.167428e-01;5.437801e-02;1.410602e-01;4.685212e-02;9.181713e-02;3.229500e-02;2.049895e-02
2.918436e-02;1.395433e-01;1.262966e-01;7.738798e-02;7.434051e-02;1.904974e-01;8.922031e-02;1.314062e-01;3.591894e-02;4.663584e-02;3.219962e-02;2.736900e-02
1.986608e-02;1.253455e-01;1.539510e-01;7.123910e-02;6.060873e-02;2.427227e-01;1.215076e-01;8.601636e-02;3.376579e-02;2.146268e-02;3.374108e-02;2.977340e-02
4.330161e-02;8.481120e-02;1.916155e-01;6.255385e-02;1.643915e-02;2.272791e-01;1.139886e-01;9.055653e-02;5.615049e-02;2.752168e-02;5.588620e-02;2.989617e-02
3.056596e-02;1.158251e-01;1.422191e-01;3.167950e-02;3.791300e-02;2.324169e-01;1.018960e-01;1.578023e-01;5.304658e-02;2.397414e-02;3.618475e-02;3.647670e-02
