1.467695e-01;3.197901e-02;1.067070e-01;2.696388e-02;3.326838e-02;5.259210e-02;8.044643e-02;3.639811e-02;4.073113e-02;1.176910e-01;1.795385e-01;1.469150e-01
1.327395e-01;5.709494e-02;1.080035e-01;3.760456e-02;5.561786e-02;6.354619e-02;1.932733e-01;7.349630e-02;7.532074e-02;7.626598e-02;4.568146e-02;8.135564e-02
1.020743e-01;5.282059e-02;1.076097e-01;2.268525e-02;6.071226e-02;8.369818e-02;2.455816e-01;6.189243e-02;6.926046e-02;8.178823e-02;6.571032e-02;4.616671e-02
1.079382e-01;4.544124e-02;8.873163e-02;2.203053e-02;7.230545e-02;1.028281e-01;2.505057e-01;4.612991e-02;5.358477e-02;7.035317e-02;7.999488e-02;6.015637e-02
1.206693e-01;3.558365e-02;6.958629e-02;1.929656e-02;1.030787e-01;1.510885e-01;2.391829e-01;2.511824e-02;3.216870e-02;5.175516e-02;9.165366e-02;6.081834e-02
1.515619e-01;2.225582e-02;2.907902e-02;2.581925e-02;1.223381e-01;2.212487e-01;2.445738e-01;1.143816e-02;1.397293e-02;3.482978e-02;6.935033e-02;5.353225e-02
1.201869e-01;3.138438e-02;2.905028e-02;2.231726e-02;6.988829e-02;1.982618e-01;3.565192e-01;1.927034e-02;1.440879e-02;4.106389e-02;5.007711e-02;4.757178e-02
6.233586e-02;4.198876e-02;1.530864e-02;1.464001e-02;4.187552e-02;1.572952e-01;5.225967e-01;1.922231e-02;2.376013e-02;3.311390e-02;4.091915e-02;2.694384e-02
3.123431e-02;4.105504e-02;1.529095e-02;4.772349e-03;2.327915e-02;1.056782e-01;6.399798e-01;2.346862e-02;2.018359e-02;3.759333e-02;4.095870e-02;1.650589e-02
2.177694e-02;3.020662e-02;1.511081e-02;6.189731e-03;2.133572e-02;6.477234e-02;6.962618e-01;4.515468e-02;1.524560e-02;3.068870e-02;4.474492e-02;8.512103e-03
1.764202e-02;2.069709e-02;1.193841e-02;5.723239e-03;2.048787e-02;4.162016e-02;7.533230e-01;4.251687e-02;1.814138e-02;2.161286e-02;3.769264e-02;8.604456e-03
1.297898e-02;1.564725e-02;9.796636e-03;5.412417e-03;1.421277e-02;4.084071e-02;7.860616e-01;5.083897e-02;1.148278e-02;1.461576e-02;3.471127e-02;3.400757e-03
7.879429e-03;1.359847e-02;6.804963e-03;3.344081e-03;1.566329e-02;4.375606e-02;7.822958e-01;6.487489e-02;1.109964e-02;8.254399e-03;3.634202e-02;6.086998e-03
3.736759e-03;1.914171e-02;8.615479e-03;1.859888e-03;1.880269e-02;4.754419e-02;7.706000e-01;7.548539e-02;1.132495e-02;6.237623e-03;3.280083e-02;3.850429e-03
7.194190e-03;1.983882e-02;8.690234e-03;2.271932e-03;2.068200e-02;6.639081e-02;7.598193e-01;6.691720e-02;1.244000e-02;6.754271e-03;2.640571e-02;2.595539e-03
4.095249e-03;2.577537e-02;1.047979e-02;3.807566e-03;3.035395e-02;8.046214e-02;7.548369e-01;4.229398e-02;1.604240e-02;7.202567e-03;2.153198e-02;3.118155e-03
7.494181e-03;3.247283e-02;1.211335e-02;4.081653e-03;3.830561e-02;7.578439e-02;7.597591e-01;2.370395e-02;1.783459e-02;4.684228e-03;1.728839e-02;6.477702e-03
1.349281e-02;3.776297e-02;9.201694e-03;5.322952e-03;3.711860e-02;7.043582e-02;7.429072e-01;3.328069e-02;1.373057e-02;9.551810e-03;1.954342e-02;7.651457e-03
1.108043e-02;3.962503e-02;1.399104e-02;7.008639e-03;3.406927e-02;7.689137e-02;7.444023e-01;3.130270e-02;7.880699e-03;7.618204e-03;1.654717e-02;9.583134e-03
9.339315e-03;3.394260e-02;1.848351e-02;5.876885e-03;3.463773e-02;7.329845e-02;7.638848e-01;2.415379e-02;1.062113e-02;6.779121e-03;1.159083e-02;7.391875e-03
1.011249e-02;3.426840e-02;1.237982e-02;6.455639e-03;2.995500e-02;6.265123e-02;7.830814e-01;1.948825e-02;1.509266e-02;8.425735e-03;1.494845e-02;3.140944e-03
1.147216e-02;2.954518e-02;8.916900e-03;7.398043e-03;2.759561e-02;5.848199e-02;7.822146e-01;2.848914e-02;1.586126e-02;8.409679e-03;1.829451e-02;3.320950e-03
9.161438e-03;2.730633e-02;1.413472e-02;5.511500e-03;2.759664e-02;5.917526e-02;7.748236e-01;3.637219e-02;1.251180e-02;6.413057e-03;2.233267e-02;4.660789e-03
6.653036e-03;2.103051e-02;9.211508e-03;6.338875e-03;3.759961e-02;7.238452e-02;7.721480e-01;3.240032e-02;9.741985e-03;7.055391e-03;2.153734e-02;3.898903e-03
1.136497e-02;1.921440e-02;1.200183e-02;8.627262e-03;6.580653e-02;1.004826e-01;7.272549e-01;1.906529e-02;1.019774e-02;1.160079e-02;9.135350e-03;5.248317e-03
1.839357e-02;2.072789e-02;5.850751e-02;2.257682e-02;9.264372e-02;1.051245e-01;6.036804e-01;2.225365e-02;1.712815e-02;2.038805e-02;1.003923e-02;8.536509e-03
2.593530e-02;2.215440e-02;1.395061e-01;4.083999e-02;8.733761e-02;7.542668e-02;4.983950e-01;2.834645e-02;2.094991e-02;2.651160e-02;2.207885e-02;1.251809e-02
2.513508e-02;1.749215e-02;1.532747e-01;4.434830e-02;8.163575e-02;6.918870e-02;4.566937e-01;4.147717e-02;2.032395e-02;4.532701e-02;2.368371e-02;2.141972e-02
2.553937e-02;1.456259e-02;8.674817e-02;3.353421e-02;7.814346e-02;8.550669e-02;5.050112e-01;3.964278e-02;2.498435e-02;5.084377e-02;2.153338e-02;3.395005e-02
2.775440e-02;1.898008e-02;4.210552e-02;2.921011e-02;6.844836e-02;8.085863e-02;5.842258e-01;4.202208e-02;2.714346e-02;3.246470e-02;1.861511e-02;2.817171e-02
1.721132e-02;2.996183e-02;6.359152e-02;3.257519e-02;6.875742e-02;6.945626e-02;5.843420e-01;4.353936e-02;2.708320e-02;1.898667e-02;2.821702e-02;1.627825e-02
2.168296e-02;3.176602e-02;1.091063e-01;2.362020e-02;1.025054e-01;9.590068e-02;4.578280e-01;3.991429e-02;2.168950e-02;3.378435e-02;3.332430e-02;2.887806e-02
4.348829e-02;6.041111e-02;1.233177e-01;3.420079e-02;1.154250e-01;8.388817e-02;2.938173e-01;4.999324e-02;5.142568e-02;4.160840e-02;5.145975e-02;5.096456e-02
8.757846e-02;7.663044e-02;9.039545e-02;3.233464e-02;4.350661e-02;4.109459e-02;1.036126e-01;8.375556e-02;6.647686e-02;1.284656e-01;1.342985e-01;1.118506e-01
8.542751e-02;6.876721e-02;6.607939e-02;4.937979e-02;2.550126e-02;5.525116e-02;1.243435e-01;8.437419e-02;9.066410e-02;1.363922e-01;1.074416e-01;1.063781e-01
9.335193e-02;5.747281e-02;5.903759e-02;5.949555e-02;3.924835e-02;6.171453e-02;1.155924e-01;7.826852e-02;1.051010e-01;1.229691e-01;1.015090e-01;1.062392e-01
9.624111e-02;3.654987e-02;7.643302e-02;7.457704e-02;4.983192e-02;5.841414e-02;9.239833e-02;7.183992e-02;9.384766e-02;1.080800e-01;1.182981e-01;1.234889e-01
8.293147e-02;9.215952e-02;2.788931e-01;7.649220e-02;5.264110e-02;3.741324e-02;5.826949e-02;6.205531e-02;3.486511e-02;6.450191e-02;8.536643e-02;7.441119e-02
7.660220e-02;1.337981e-01;4.554307e-01;6.277324e-02;3.218514e-02;3.325708e-02;4.174941e-02;2.719267e-02;6.044063e-02;2.799828e-02;2.896234e-02;1.961032e-02
3.287629e-02;1.683536e-01;4.353144e-01;4.852432e-02;2.446144e-02;6.907959e-02;2.626590e-02;3.205194e-02;1.191741e-01;1.788661e-02;1.174771e-02;1.426405e-02
8.612073e-02;1.660134e-01;2.406427e-01;3.496072e-02;5.102445e-02;1.036251e-01;5.031899e-02;6.663017e-02;1.498815e-01;1.687575e-02;2.477417e-02;9.132324e-03
1.285741e-01;1.134534e-01;1.045924e-01;1.787075e-02;6.938518e-02;7.415318e-02;7.757050e-02;1.250026e-01;2.017688e-01;2.050493e-02;5.549276e-02;1.163141e-02
1.313746e-01;7.855401e-02;6.271648e-02;8.918409e-03;6.092418e-02;2.378504e-02;6.064528e-02;1.634155e-01;2.536786e-01;3.226292e-02;1.132798e-01;1.044516e-02
1.168409e-01;7.559332e-02;5.116994e-02;6.078013e-03;4.808750e-02;1.157584e-02;4.087039e-02;2.121460e-01;2.013897e-01;3.158810e-02;1.863254e-01;1.833486e-02
1.049352e-01;8.002100e-02;3.369595e-02;7.622077e-03;3.800187e-02;1.255014e-02;2.571478e-02;2.979802e-01;1.385660e-01;1.988791e-02;2.207943e-01;2.023054e-02
1.087298e-01;1.266136e-01;2.418807e-02;1.713929e-02;2.418126e-02;1.067889e-02;5.896859e-02;2.993824e-01;1.417620e-01;2.318112e-02;1.538283e-01;1.134649e-02
1.580674e-01;1.955269e-01;3.870632e-02;2.991413e-02;1.036014e-02;1.362960e-02;4.560607e-02;2.427891e-01;1.663007e-01;2.234356e-02;6.770377e-02;9.052159e-03
2.709844e-01;2.202197e-01;5.596691e-02;4.165376e-02;1.170516e-02;1.780493e-02;2.734553e-02;1.462494e-01;1.378098e-01;3.435031e-02;1.785161e-02;1.805855e-02
3.573604e-01;1.932606e-01;8.614483e-02;3.652570e-02;1.998261e-02;1.767365e-02;3.562819e-02;5.515681e-02;6.682558e-02;4.962381e-02;4.364222e-02;3.817562e-02
4.096077e-01;1.412112e-01;1.468512e-01;2.609386e-02;2.329654e-02;1.155846e-02;3.014411e-02;1.326644e-02;3.480487e-02;4.735686e-02;7.315184e-02;4.265693e-02
2.588940e-01;1.718080e-01;2.043962e-01;5.659774e-02;2.461856e-02;2.826381e-02;2.616403e-02;3.150051e-02;8.758156e-02;4.365384e-02;5.029014e-02;1.623167e-02
1.543653e-01;2.664124e-01;2.523041e-01;7.001183e-02;2.502237e-02;3.925372e-02;1.626862e-02;2.313978e-02;7.980770e-02;3.292855e-02;1.815338e-02;2.233222e-02
1.112361e-01;2.551863e-01;3.625842e-01;5.025535e-02;4.952287e-02;3.130302e-02;1.008291e-02;2.394380e-02;4.315595e-02;2.982582e-02;5.258233e-03;2.764542e-02
4.918650e-02;1.372881e-01;5.061992e-01;3.437804e-02;7.293721e-02;1.501475e-02;1.728047e-02;2.304605e-02;4.559628e-02;7.043845e-02;6.854732e-03;2.178012e-02
5.010767e-02;2.936492e-02;5.886878e-01;3.581557e-02;7.649598e-02;1.777010e-02;3.559832e-02;1.096543e-02;2.564547e-02;1.099144e-01;8.210562e-03;1.142376e-02
5.520657e-02;6.630557e-02;5.929391e-01;3.745771e-02;5.115864e-02;1.331345e-02;4.129733e-02;1.274844e-02;1.652784e-02;9.701653e-02;1.002566e-02;6.003235e-03
3.756848e-02;6.206908e-02;6.172544e-01;5.230823e-02;3.207979e-02;1.370190e-02;4.403909e-02;1.733774e-02;2.124844e-02;7.639819e-02;2.159753e-02;4.397064e-03
3.159682e-02;2.397694e-02;6.411872e-01;5.470579e-02;2.818270e-02;1.931278e-02;6.202747e-02;2.030466e-02;2.237273e-02;6.651318e-02;2.597269e-02;3.847046e-03
3.970999e-02;5.456360e-02;6.476430e-01;4.157223e-02;2.353074e-02;1.771483e-02;7.030377e-02;2.175340e-02;1.498395e-02;4.790661e-02;1.411861e-02;6.199303e-03
3.633702e-02;3.545700e-02;6.727146e-01;5.075842e-02;4.653807e-02;1.299888e-02;4.734565e-02;2.676981e-02;1.868001e-02;3.558665e-02;8.867254e-03;7.946645e-03
4.316653e-02;2.404446e-02;6.653664e-01;4.696930e-02;5.659342e-02;1.232889e-02;2.296169e-02;3.341265e-02;2.341809e-02;3.835147e-02;1.638078e-02;1.700634e-02
4.917856e-02;4.887637e-02;5.960290e-01;4.104920e-02;6.248889e-02;2.338465e-02;1.993756e-02;3.978637e-02;2.019365e-02;4.732603e-02;2.478724e-02;2.696238e-02
5.174633e-02;6.892432e-02;5.036961e-01;3.382041e-02;5.601665e-02;3.501861e-02;4.434936e-02;4.243110e-02;3.761702e-02;5.911732e-02;3.518504e-02;3.207771e-02
4.592939e-02;5.063758e-02;5.046762e-01;3.444643e-02;5.073307e-02;4.099191e-02;4.254630e-02;3.677218e-02;4.149025e-02;6.524575e-02;5.061122e-02;3.591971e-02
3.272340e-02;1.700693e-02;5.845747e-01;4.140127e-02;5.237386e-02;2.757012e-02;3.302444e-02;3.233005e-02;3.065075e-02;6.987207e-02;5.951992e-02;1.895247e-02
1.322240e-02;4.590936e-02;6.100648e-01;4.365141e-02;4.897419e-02;2.021837e-02;2.572907e-02;3.587752e-02;3.663185e-02;6.186833e-02;4.575554e-02;1.209715e-02
6.813578e-02;8.024395e-02;3.125435e-01;6.060488e-02;5.020799e-02;5.492061e-02;8.499501e-02;7.811240e-02;7.696958e-02;5.836872e-02;4.433347e-02;3.056412e-02
7.065250e-02;7.030755e-02;2.205595e-01;7.315830e-02;6.829988e-02;6.847496e-02;1.536474e-01;8.026673e-02;6.936720e-02;5.606630e-02;3.180166e-02;3.739805e-02
4.985606e-02;4.791556e-02;2.687609e-01;7.808204e-02;1.135303e-01;7.306162e-02;1.793886e-01;5.614005e-02;4.079977e-02;3.743625e-02;2.887218e-02;2.615661e-02
2.491874e-02;2.568561e-02;3.455636e-01;9.874675e-02;1.326527e-01;8.799448e-02;1.333521e-01;3.014044e-02;1.963899e-02;3.424381e-02;5.125514e-02;1.580755e-02
2.114502e-02;1.312454e-02;4.739304e-01;1.083561e-01;9.050775e-02;9.481797e-02;5.213656e-02;1.687932e-02;2.673333e-02;3.921789e-02;5.522794e-02;7.923242e-03
2.969205e-02;2.985672e-02;5.833078e-01;7.283909e-02;4.655303e-02;5.810747e-02;3.943334e-02;8.986235e-03;3.280810e-02;6.534271e-02;2.849871e-02;4.574703e-03
2.662882e-02;5.881951e-02;6.280370e-01;4.053530e-02;2.791986e-02;1.978983e-02;4.526735e-02;1.330419e-02;3.368635e-02;8.824140e-02;1.111982e-02;6.650561e-03
3.540937e-02;1.117086e-01;5.828727e-01;2.546962e-02;2.282750e-02;1.640682e-02;3.572458e-02;2.345613e-02;4.803482e-02;6.966698e-02;9.074128e-03;1.934870e-02
8.399561e-02;1.678809e-01;5.005711e-01;2.557664e-02;1.268135e-02;1.341988e-02;1.568573e-02;2.603335e-02;7.061506e-02;3.973408e-02;1.653681e-02;2.726958e-02
1.718270e-01;1.646193e-01;4.005993e-01;2.871403e-02;1.253835e-02;9.247076e-03;2.620589e-02;2.897596e-02;5.371563e-02;4.064996e-02;3.196497e-02;3.094251e-02
2.365595e-01;1.365878e-01;3.218010e-01;2.397651e-02;1.165885e-02;1.298176e-02;3.800517e-02;4.344867e-02;4.398942e-02;4.478392e-02;4.923273e-02;3.697464e-02
1.701205e-01;1.445620e-01;2.719647e-01;3.087687e-02;1.742792e-02;1.914570e-02;4.830807e-02;5.902086e-02;5.613176e-02;6.424215e-02;7.108391e-02;4.711560e-02
5.921227e-02;1.271956e-01;3.108246e-01;3.881388e-02;2.648743e-02;2.461955e-02;6.444994e-02;6.576215e-02;6.054150e-02;8.945695e-02;8.952501e-02;4.311106e-02
1.377929e-01;9.883119e-02;2.820597e-01;4.109712e-02;3.796642e-02;1.722534e-02;6.039421e-02;4.720075e-02;6.003152e-02;1.011081e-01;7.684857e-02;3.944417e-02
1.252733e-01;1.290932e-01;2.413200e-01;4.536558e-02;3.782826e-02;2.522774e-02;3.520206e-02;6.176202e-02;9.624141e-02;9.572977e-02;6.875083e-02;3.820584e-02
1.028857e-01;1.321867e-01;3.619333e-01;2.397679e-02;4.019929e-02;2.996736e-02;3.361048e-02;4.840545e-02;9.353895e-02;5.854460e-02;4.247601e-02;3.227540e-02
1.913205e-01;7.468449e-02;3.198189e-01;3.521026e-02;4.262042e-02;3.506202e-02;6.802864e-02;3.053239e-02;5.978012e-02;5.451981e-02;4.182008e-02;4.660227e-02
1.542050e-01;5.505101e-02;3.857487e-01;5.181308e-02;4.611104e-02;3.692254e-02;5.551330e-02;2.277008e-02;3.122319e-02;4.950371e-02;5.116898e-02;5.996933e-02
5.837945e-02;9.554231e-02;4.663001e-01;5.811506e-02;4.177996e-02;3.071283e-02;4.293913e-02;2.636091e-02;3.419031e-02;5.175865e-02;4.415376e-02;4.976752e-02
1.071181e-01;1.165538e-01;3.840729e-01;3.613862e-02;4.678584e-02;2.688532e-02;6.908540e-02;2.880389e-02;6.037699e-02;4.667576e-02;4.162394e-02;3.587947e-02
1.785439e-01;1.017848e-01;3.226351e-01;5.061383e-02;4.722576e-02;3.183130e-02;6.450815e-02;2.182663e-02;6.005614e-02;5.082293e-02;3.964536e-02;3.050605e-02
1.619442e-01;1.008158e-01;3.466026e-01;5.915392e-02;6.017903e-02;3.496800e-02;5.949502e-02;2.871638e-02;3.898459e-02;5.206318e-02;3.113972e-02;2.593757e-02
1.202673e-01;8.897347e-02;3.721066e-01;5.764452e-02;6.289645e-02;3.566794e-02;6.681623e-02;3.663911e-02;4.413950e-02;5.601757e-02;3.871677e-02;2.011455e-02
5.797005e-02;5.858465e-02;1.457355e-01;7.915138e-02;5.378705e-02;4.346091e-02;9.238109e-02;9.068876e-02;1.236032e-01;1.447817e-01;5.834869e-02;5.150698e-02
6.899273e-02;6.012920e-02;1.593352e-01;9.454736e-02;5.033391e-02;4.136986e-02;8.455878e-02;8.515175e-02;1.052992e-01;1.366372e-01;6.355535e-02;5.008947e-02
5.115338e-02;7.663176e-02;2.457419e-01;9.018761e-02;5.660358e-02;4.280351e-02;9.470967e-02;6.365588e-02;7.803332e-02;1.020394e-01;5.381792e-02;4.462209e-02
5.845396e-02;1.047313e-01;3.766627e-01;5.626612e-02;5.501037e-02;3.330931e-02;8.865292e-02;3.219486e-02;6.898881e-02;5.412497e-02;3.140706e-02;4.019751e-02
8.472402e-02;1.553399e-01;4.220762e-01;3.735162e-02;3.218680e-02;2.173286e-02;4.984367e-02;2.493535e-02;6.502802e-02;4.222546e-02;1.253333e-02;5.202276e-02
9.985460e-02;2.162575e-01;3.911555e-01;4.225072e-02;1.407991e-02;1.979213e-02;1.013860e-02;2.222917e-02;6.319559e-02;4.250282e-02;1.763296e-02;6.091036e-02
1.187017e-01;2.148965e-01;2.664455e-01;4.516587e-02;3.056048e-02;2.375877e-02;3.807518e-02;2.726482e-02;6.896329e-02;6.362657e-02;4.221627e-02;6.032509e-02
5.140864e-02;1.533975e-01;4.057125e-01;5.113902e-02;4.470425e-02;2.186942e-02;3.504862e-02;2.720776e-02;5.555834e-02;8.381484e-02;3.662863e-02;3.351048e-02
4.603397e-02;8.704732e-02;5.428138e-01;6.019036e-02;4.342568e-02;1.387545e-02;3.956307e-02;1.155469e-02;3.611772e-02;8.741490e-02;1.463472e-02;1.732840e-02
4.836158e-02;3.413945e-02;6.283032e-01;7.618468e-02;3.434347e-02;7.862126e-03;4.567170e-02;5.340030e-03;2.347650e-02;8.463820e-02;6.776510e-03;4.902589e-03
4.100648e-02;1.534928e-02;6.544005e-01;1.091736e-01;2.490969e-02;6.492718e-03;4.325315e-02;4.106694e-03;3.187040e-02;6.288274e-02;3.272599e-03;3.282191e-03
3.510488e-02;8.519279e-03;6.324592e-01;1.368686e-01;2.841981e-02;6.557606e-03;3.515851e-02;5.267008e-03;5.373468e-02;4.645612e-02;9.614860e-03;1.839516e-03
2.964283e-02;1.479493e-02;6.046084e-01;1.586717e-01;2.248323e-02;9.733668e-03;2.476745e-02;3.871773e-03;7.095227e-02;3.518250e-02;2.161553e-02;3.675768e-03
2.097496e-02;1.042995e-02;5.650302e-01;1.974891e-01;2.227353e-02;2.376229e-02;1.776271e-02;9.822226e-03;6.386101e-02;2.675188e-02;3.975821e-02;2.084010e-03
8.616078e-03;1.053834e-02;5.064254e-01;2.422619e-01;2.882482e-02;5.606430e-02;1.411111e-02;1.520742e-02;3.384472e-02;2.089245e-02;5.973322e-02;3.480201e-03
7.809713e-03;6.561272e-03;4.099211e-01;2.763998e-01;3.283507e-02;1.092317e-01;1.393716e-02;3.332927e-02;1.398782e-02;1.567070e-02;7.755778e-02;2.758643e-03
5.543340e-03;1.191315e-02;3.212166e-01;2.885071e-01;4.186629e-02;1.439410e-01;1.176292e-02;6.520648e-02;6.577283e-03;9.088161e-03;9.122419e-02;3.153525e-03
6.360328e-03;1.888246e-02;2.438614e-01;2.891876e-01;6.107993e-02;1.389175e-01;1.155580e-02;9.585091e-02;7.910726e-03;1.912519e-02;9.992045e-02;7.347818e-03
6.389055e-03;2.714531e-02;1.969257e-01;2.856627e-01;9.572151e-02;8.913711e-02;1.377508e-02;1.087721e-01;1.339889e-02;4.777029e-02;9.970322e-02;1.559898e-02
1.405225e-02;3.057782e-02;2.245522e-01;2.329852e-01;1.230086e-01;4.986060e-02;1.706145e-02;8.177345e-02;2.303565e-02;1.010093e-01;7.018258e-02;3.190091e-02
2.543583e-02;2.539145e-02;2.306738e-01;1.597254e-01;1.499626e-01;5.456252e-02;2.949884e-02;4.988490e-02;2.655639e-02;1.410213e-01;4.704485e-02;6.024215e-02
2.401553e-02;2.158755e-02;2.161226e-01;1.055967e-01;1.895592e-01;5.298849e-02;4.509801e-02;3.927511e-02;2.316324e-02;1.097700e-01;7.877438e-02;9.404919e-02
1.419223e-02;1.506170e-02;2.286050e-01;1.277518e-01;2.247602e-01;5.213600e-02;6.229959e-02;2.455148e-02;1.847379e-02;4.887205e-02;7.398247e-02;1.093137e-01
7.088093e-03;6.052054e-03;2.400662e-01;1.150994e-01;2.388109e-01;6.407110e-02;9.369543e-02;1.222492e-02;3.369905e-02;4.146550e-02;4.534398e-02;1.023834e-01
5.144663e-03;7.509358e-03;2.738332e-01;7.530409e-02;2.404929e-01;7.421377e-02;1.012985e-01;1.345886e-02;3.481734e-02;7.723370e-02;1.987584e-02;7.681781e-02
5.077058e-03;8.550914e-03;3.286210e-01;9.224219e-02;2.090514e-01;6.409738e-02;6.512520e-02;3.802601e-02;2.477375e-02;1.126871e-01;1.031621e-02;4.143181e-02
5.538766e-03;8.114809e-03;3.901696e-01;1.007838e-01;1.565508e-01;5.590997e-02;3.546911e-02;8.877163e-02;1.718328e-02;1.024053e-01;1.936864e-02;1.973436e-02
7.821082e-03;1.019976e-02;4.674862e-01;9.524150e-02;1.279842e-01;5.013120e-02;1.183870e-02;1.189558e-01;1.584628e-02;5.796313e-02;2.222435e-02;1.430776e-02
1.030478e-02;1.449838e-02;5.356142e-01;7.911246e-02;1.191527e-01;4.586928e-02;2.704944e-02;8.660221e-02;1.935481e-02;2.872180e-02;1.759155e-02;1.612842e-02
1.511917e-02;1.743698e-02;5.334519e-01;6.896797e-02;1.154616e-01;5.729318e-02;4.514400e-02;3.897135e-02;3.677199e-02;2.517625e-02;2.198498e-02;2.422064e-02
2.357736e-02;1.773941e-02;4.300506e-01;1.104379e-01;1.082334e-01;7.460151e-02;5.998616e-02;2.361270e-02;4.793852e-02;4.186082e-02;2.334112e-02;3.862047e-02
4.422637e-02;2.447630e-02;2.678333e-01;1.577523e-01;1.174281e-01;7.137215e-02;7.766133e-02;5.653511e-02;6.024783e-02;4.405804e-02;2.768734e-02;5.072176e-02
5.267059e-02;2.983194e-02;1.811246e-01;1.770311e-01;1.242401e-01;7.424832e-02;5.849866e-02;8.174779e-02;9.643928e-02;5.084680e-02;3.191973e-02;4.140112e-02
3.898393e-02;4.081323e-02;2.711692e-01;1.119556e-01;1.051696e-01;6.125125e-02;6.639571e-02;5.876574e-02;1.042435e-01;7.434003e-02;3.845366e-02;2.845850e-02
2.287145e-02;5.986975e-02;2.926337e-01;1.342546e-01;9.565252e-02;7.849793e-02;5.326737e-02;4.119321e-02;7.696100e-02;6.951155e-02;4.885720e-02;2.642963e-02
2.834175e-02;4.946893e-02;2.883163e-01;1.921809e-01;9.533278e-02;7.007819e-02;4.447960e-02;4.887418e-02;7.478739e-02;5.228639e-02;3.880617e-02;1.704741e-02
3.507044e-02;8.369237e-02;2.673466e-01;1.538699e-01;8.181472e-02;7.348206e-02;8.060331e-02;6.356578e-02;5.300269e-02;5.692484e-02;3.436670e-02;1.626052e-02
3.421471e-02;1.247197e-01;2.710258e-01;8.530787e-02;6.742743e-02;8.575487e-02;8.882057e-02;6.418674e-02;5.183182e-02;6.560679e-02;3.833162e-02;2.277210e-02
5.249879e-02;9.815723e-02;2.883492e-01;6.921609e-02;7.273368e-02;7.781930e-02;8.853666e-02;5.219683e-02;7.159493e-02;6.632663e-02;2.825395e-02;3.431667e-02
6.137630e-02;8.801071e-02;2.931656e-01;1.034283e-01;5.804676e-02;7.331268e-02;8.266009e-02;5.460761e-02;7.565970e-02;4.793680e-02;2.524403e-02;3.655146e-02
4.414389e-02;8.261226e-02;2.603026e-01;1.317137e-01;6.489959e-02;1.052364e-01;7.288673e-02;5.166524e-02;6.593361e-02;4.101717e-02;5.096686e-02;2.862195e-02
3.814444e-02;8.114129e-02;2.475592e-01;1.339133e-01;7.490043e-02;8.964411e-02;9.076711e-02;3.798239e-02;6.417087e-02;5.290563e-02;5.642343e-02;3.244784e-02
3.238510e-02;1.828949e-01;2.474245e-01;1.130175e-01;5.205619e-02;4.609601e-02;7.247891e-02;3.785650e-02;5.775755e-02;6.817115e-02;5.035698e-02;3.950467e-02
9.319970e-02;2.276532e-01;2.236814e-01;7.974023e-02;4.025290e-02;3.108384e-02;8.283299e-02;3.860326e-02;3.865625e-02;5.523806e-02;4.340053e-02;4.565770e-02
1.430304e-01;1.810958e-01;2.279613e-01;6.213421e-02;5.251420e-02;4.167889e-02;1.062993e-01;3.218713e-02;3.367615e-02;3.165459e-02;4.524896e-02;4.251907e-02
1.274276e-01;6.850868e-02;2.265853e-01;6.479948e-02;4.611044e-02;3.528294e-02;1.571184e-01;4.582435e-02;4.736519e-02;6.794963e-02;6.260887e-02;5.041914e-02
8.694280e-02;4.225676e-02;1.868807e-01;6.913506e-02;5.728998e-02;4.369610e-02;1.794295e-01;4.676851e-02;4.365220e-02;1.216487e-01;8.700332e-02;3.529635e-02
1.172226e-01;5.640329e-02;1.534226e-01;5.867863e-02;6.297328e-02;5.082560e-02;1.937282e-01;3.444634e-02;2.285566e-02;1.188922e-01;9.057005e-02;3.998154e-02
1.047548e-01;5.293689e-02;9.330083e-02;3.001372e-02;6.397463e-02;6.338651e-02;3.844585e-01;2.645518e-02;1.724522e-02;8.263651e-02;4.580363e-02;3.503360e-02
6.632149e-02;4.359140e-02;8.076625e-02;3.386658e-02;9.090655e-02;9.662130e-02;4.395545e-01;2.475022e-02;2.464690e-02;5.876025e-02;1.930742e-02;2.090712e-02
5.584655e-02;4.608497e-02;1.569917e-01;5.324735e-02;1.499885e-01;1.228088e-01;2.950449e-01;2.073978e-02;2.428035e-02;3.439645e-02;2.034127e-02;2.022939e-02
7.667426e-02;5.596486e-02;2.585221e-01;7.230048e-02;1.478146e-01;9.498683e-02;1.279795e-01;3.640367e-02;2.269027e-02;4.331352e-02;3.499375e-02;2.835613e-02
7.260644e-02;6.038454e-02;2.439619e-01;7.311202e-02;1.037624e-01;6.494687e-02;1.892284e-01;3.562910e-02;4.127210e-02;4.297063e-02;4.053751e-02;3.158811e-02
9.617840e-02;8.881998e-02;3.537581e-01;5.009607e-02;4.493369e-02;2.486662e-02;1.506993e-01;2.615220e-02;6.426208e-02;3.920237e-02;3.757630e-02;2.345487e-02
1.357345e-01;1.271195e-01;3.733119e-01;2.999527e-02;3.181881e-02;2.492365e-02;8.871268e-02;1.787677e-02;6.560304e-02;4.548411e-02;3.590377e-02;2.351592e-02
1.876646e-01;1.713344e-01;3.248660e-01;2.313086e-02;2.841528e-02;2.182719e-02;5.883761e-02;1.510985e-02;5.438419e-02;5.446216e-02;3.674252e-02;2.322537e-02
1.660046e-01;1.822786e-01;3.708739e-01;2.479320e-02;2.870019e-02;1.273155e-02;5.246871e-02;1.641544e-02;5.140420e-02;4.933550e-02;2.378898e-02;2.120514e-02
9.289815e-02;1.291728e-01;4.911343e-01;4.763915e-02;2.899913e-02;1.595082e-02;3.812358e-02;2.296052e-02;4.915964e-02;5.286585e-02;1.202699e-02;1.906911e-02
3.943292e-02;5.977536e-02;4.541857e-01;6.732098e-02;6.863034e-02;3.070824e-02;6.455903e-02;3.686955e-02;5.637407e-02;8.782294e-02;1.324338e-02;2.107753e-02
2.207556e-02;2.071097e-02;2.703481e-01;6.617274e-02;1.329157e-01;6.508145e-02;1.471029e-01;5.092378e-02;7.670619e-02;1.062646e-01;1.429969e-02;2.739828e-02
1.908969e-02;1.570897e-02;1.455223e-01;4.248407e-02;1.782084e-01;1.090788e-01;2.109675e-01;5.319994e-02;7.775535e-02;8.630505e-02;1.871450e-02;4.296545e-02
3.206467e-02;1.833821e-02;1.266841e-01;3.743045e-02;1.567498e-01;1.284557e-01;2.709721e-01;5.818343e-02;6.047938e-02;5.516854e-02;1.807423e-02;3.739942e-02
2.631252e-02;1.874202e-02;5.724838e-02;2.372067e-02;7.828681e-02;8.482644e-02;4.371125e-01;8.188912e-02;9.803843e-02;6.829169e-02;8.214612e-03;1.731679e-02
2.148947e-02;1.390244e-02;2.093787e-02;1.700724e-02;2.988847e-02;3.960430e-02;4.765028e-01;1.118404e-01;1.296400e-01;1.082592e-01;1.811016e-02;1.281764e-02
2.172445e-02;1.215566e-02;1.426001e-02;2.476296e-02;4.528446e-02;3.435635e-02;3.502778e-01;1.001948e-01;1.484953e-01;2.031169e-01;3.743140e-02;7.939959e-03
2.941709e-02;2.179706e-02;2.887478e-02;3.133217e-02;1.261756e-01;3.305750e-02;1.096877e-01;6.369088e-02;1.167173e-01;3.484867e-01;7.760439e-02;1.315880e-02
2.638520e-02;2.307467e-02;1.509301e-02;1.580923e-02;1.813344e-01;2.256383e-02;1.439588e-01;3.960782e-02;2.977321e-02;3.952987e-01;9.155452e-02;1.554667e-02
3.018139e-02;2.449927e-02;2.258529e-02;2.006948e-02;1.721581e-01;2.287099e-02;1.418491e-01;4.792148e-02;6.059687e-02;3.578763e-01;8.798189e-02;1.140982e-02
2.768793e-02;2.928841e-02;3.544518e-02;7.733084e-02;1.205329e-01;3.482563e-02;1.021780e-01;6.895972e-02;1.107594e-01;2.858095e-01;8.359670e-02;2.358579e-02
1.576095e-02;2.589418e-02;5.217138e-02;8.487672e-02;5.337041e-02;3.654384e-02;3.644396e-01;7.884743e-02;1.016287e-01;1.263382e-01;4.433173e-02;1.579685e-02
1.601330e-02;2.932686e-02;4.829677e-02;4.913011e-02;6.069446e-02;4.985742e-02;4.879551e-01;7.992408e-02;8.534519e-02;5.035119e-02;2.754718e-02;1.555829e-02
2.693989e-02;4.305263e-02;4.131183e-02;1.812321e-02;9.624070e-02;5.490628e-02;4.381066e-01;8.251212e-02;7.442375e-02;7.227241e-02;3.077562e-02;2.133501e-02
4.783477e-02;6.524334e-02;6.236605e-02;2.746296e-02;1.563086e-01;6.774894e-02;1.122206e-01;1.127965e-01;1.317417e-01;1.310920e-01;5.005355e-02;3.513091e-02
3.625940e-02;5.485697e-02;4.551370e-02;2.464883e-02;9.134393e-02;4.870256e-02;2.584506e-01;1.349469e-01;1.369051e-01;8.858704e-02;4.493381e-02;3.485109e-02
4.184990e-02;6.025995e-02;5.371088e-02;3.564205e-02;9.371170e-02;7.314827e-02;2.211020e-01;1.284037e-01;1.170779e-01;7.994656e-02;5.279412e-02;4.235296e-02
5.561724e-02;6.070917e-02;7.009522e-02;4.133312e-02;1.361090e-01;1.262400e-01;1.343412e-01;1.191026e-01;9.955721e-02;5.714553e-02;4.965325e-02;5.009644e-02
6.394488e-02;5.552070e-02;7.002416e-02;4.898172e-02;1.632158e-01;1.539207e-01;1.182921e-01;9.368286e-02;9.423985e-02;7.228737e-02;2.885916e-02;3.703063e-02
9.181315e-02;5.561501e-02;7.271416e-02;5.412598e-02;1.358004e-01;1.091582e-01;2.471342e-01;5.422549e-02;6.467902e-02;6.523492e-02;1.801139e-02;3.148806e-02
9.595519e-02;4.300664e-02;6.644437e-02;3.426661e-02;9.649532e-02;7.997878e-02;3.935142e-01;4.935389e-02;3.192715e-02;4.505216e-02;2.958726e-02;3.441841e-02
6.214813e-02;2.886178e-02;8.841162e-02;4.401286e-02;9.364530e-02;8.959617e-02;4.262367e-01;3.989189e-02;2.363406e-02;3.832874e-02;3.200315e-02;3.322950e-02
2.586461e-02;2.835684e-02;2.043606e-01;5.044624e-02;1.132549e-01;9.163018e-02;3.303009e-01;2.496021e-02;2.589019e-02;2.883906e-02;3.683927e-02;3.925705e-02
3.837085e-02;4.922011e-02;3.776389e-01;6.194786e-02;9.070420e-02;5.676261e-02;1.587057e-01;1.664068e-02;3.416966e-02;3.049262e-02;4.343368e-02;4.191308e-02
7.068323e-02;1.031690e-01;3.832004e-01;5.437616e-02;6.265777e-02;3.911356e-02;1.100975e-01;2.233968e-02;3.671592e-02;4.198821e-02;4.251373e-02;3.314487e-02
1.150830e-01;1.277294e-01;2.421880e-01;3.250323e-02;5.522440e-02;6.114942e-02;1.651613e-01;3.910635e-02;3.474337e-02;4.829340e-02;4.638096e-02;3.243719e-02
1.062155e-01;1.261909e-01;1.710057e-01;2.801025e-02;6.105090e-02;6.935186e-02;1.983803e-01;5.451500e-02;3.635468e-02;7.040140e-02;5.170614e-02;2.681731e-02
5.636162e-02;1.131933e-01;2.132851e-01;3.098264e-02;7.236017e-02;7.211130e-02;1.667267e-01;4.262270e-02;6.799044e-02;7.397380e-02;5.622876e-02;3.416355e-02
5.864843e-02;8.439013e-02;2.452790e-01;4.539102e-02;9.008123e-02;8.212847e-02;1.758581e-01;3.286375e-02;5.261168e-02;5.368036e-02;4.262563e-02;3.644214e-02
4.358076e-02;9.849342e-02;2.451099e-01;6.417643e-02;9.301140e-02;7.989751e-02;1.189618e-01;4.270379e-02;7.293644e-02;4.427061e-02;4.643615e-02;5.042171e-02
8.418871e-02;9.474704e-02;2.162036e-01;7.373498e-02;9.765369e-02;7.299834e-02;5.450121e-02;5.889685e-02;8.174004e-02;6.405181e-02;4.041582e-02;6.086786e-02
1.010338e-01;5.927867e-02;1.784040e-01;7.685659e-02;1.101929e-01;6.546159e-02;7.545255e-02;7.425770e-02;9.219391e-02;6.935483e-02;4.476835e-02;5.274516e-02
9.490301e-02;4.814636e-02;1.396176e-01;1.072897e-01;1.016122e-01;7.328882e-02;8.702497e-02;8.504380e-02;9.155997e-02;8.574338e-02;5.728489e-02;2.848535e-02
8.413001e-02;9.888182e-02;1.146401e-01;1.044676e-01;6.189144e-02;8.754146e-02;9.368836e-02;1.104139e-01;7.691491e-02;8.861642e-02;4.610306e-02;3.271097e-02
5.854240e-02;1.018660e-01;1.627546e-01;7.099396e-02;6.155255e-02;7.596767e-02;8.583655e-02;1.121297e-01;5.978075e-02;1.101746e-01;4.933817e-02;5.106311e-02
1.075054e-01;6.759652e-02;1.392483e-01;8.044028e-02;7.065726e-02;5.317916e-02;1.005189e-01;8.779144e-02;6.849708e-02;1.377577e-01;5.004213e-02;3.676574e-02
1.764099e-01;4.575774e-02;1.549707e-01;6.278805e-02;6.799111e-02;5.939223e-02;9.017888e-02;7.346732e-02;7.951408e-02;1.107746e-01;3.798417e-02;4.077120e-02
2.005235e-01;6.200004e-02;1.602446e-01;3.467862e-02;7.668719e-02;5.422645e-02;7.320524e-02;8.423287e-02;8.052510e-02;7.469011e-02;2.674146e-02;7.224488e-02
1.464405e-01;9.622107e-02;1.299321e-01;5.866871e-02;8.411472e-02;4.912349e-02;7.460824e-02;5.859282e-02;7.722020e-02;1.153907e-01;3.959458e-02;7.009283e-02
1.041348e-01;1.267871e-01;1.042982e-01;8.242882e-02;9.304011e-02;2.672197e-02;8.919528e-02;5.555478e-02;8.581538e-02;1.588081e-01;2.784499e-02;4.537059e-02
9.456336e-02;1.382241e-01;1.141657e-01;9.523938e-02;6.272286e-02;2.924306e-02;8.188649e-02;6.406014e-02;1.153107e-01;1.367497e-01;3.022242e-02;3.761202e-02
1.350656e-01;9.462476e-02;2.207859e-01;7.263120e-02;3.945941e-02;4.336144e-02;8.826298e-02;4.662841e-02;8.509804e-02;9.214526e-02;3.701339e-02;4.492362e-02
2.137159e-01;1.383928e-01;2.398229e-01;5.354008e-02;3.827295e-02;3.741959e-02;7.617724e-02;2.953262e-02;3.882009e-02;4.811799e-02;3.622727e-02;4.996054e-02
2.845088e-01;1.430107e-01;1.649901e-01;6.447177e-02;2.711575e-02;2.636901e-02;9.152412e-02;2.995994e-02;1.640169e-02;5.742780e-02;2.954970e-02;6.467061e-02
3.179365e-01;1.398021e-01;8.650868e-02;8.334481e-02;1.453003e-02;2.107234e-02;1.263829e-01;3.637044e-02;1.048000e-02;6.186434e-02;1.721621e-02;8.449170e-02
2.279438e-01;1.457460e-01;5.424206e-02;1.219389e-01;7.466767e-03;2.680461e-02;2.018580e-01;3.227333e-02;7.470099e-03;4.604535e-02;1.646901e-02;1.117421e-01
7.132538e-02;1.279702e-01;3.243902e-02;1.616411e-01;1.488991e-02;4.019766e-02;3.357830e-01;2.253029e-02;7.908089e-03;2.732432e-02;2.175001e-02;1.362410e-01
7.337341e-02;8.213137e-02;2.322114e-02;9.833793e-02;3.532696e-02;5.631841e-02;4.170166e-01;3.735090e-02;1.198103e-02;1.917884e-02;2.559825e-02;1.201652e-01
4.328153e-02;5.161437e-02;2.013925e-02;3.884134e-02;3.574441e-02;7.947716e-02;5.229812e-01;4.014533e-02;1.121735e-02;1.832445e-02;2.969746e-02;1.085362e-01
2.507960e-02;5.532080e-02;1.015549e-02;6.226259e-02;1.479389e-02;6.398259e-02;5.579882e-01;4.179105e-02;1.438687e-02;2.013736e-02;2.260054e-02;1.115010e-01
1.982478e-02;4.927126e-02;5.501974e-03;1.069341e-01;9.250783e-03;4.960489e-02;5.268042e-01;6.389544e-02;7.659450e-03;4.122762e-02;1.377817e-02;1.062473e-01
4.653119e-02;3.441760e-02;1.008909e-02;1.169229e-01;8.217573e-03;5.463601e-02;4.410742e-01;1.170024e-01;1.231448e-02;7.129303e-02;8.612925e-03;7.888866e-02
8.770069e-02;2.138019e-02;1.565316e-02;8.307505e-02;6.808090e-03;6.634670e-02;3.398241e-01;2.139160e-01;2.327797e-02;7.745926e-02;8.115920e-03;5.644279e-02
1.331717e-01;1.655072e-02;2.331170e-02;3.536464e-02;8.383710e-03;6.521504e-02;2.414900e-01;3.286330e-01;4.309950e-02;5.077430e-02;9.247284e-03;4.475839e-02
1.680808e-01;2.358143e-02;5.232000e-02;1.816706e-02;3.290567e-02;3.789325e-02;1.791063e-01;3.815592e-01;3.589877e-02;2.549119e-02;1.500971e-02;2.998668e-02
1.937911e-01;3.219976e-02;8.975770e-02;1.082915e-02;7.864944e-02;1.323414e-02;9.551391e-02;3.859482e-01;3.928372e-02;1.334882e-02;2.672216e-02;2.072185e-02
1.966780e-01;4.327644e-02;9.986328e-02;9.621133e-03;1.095050e-01;1.475114e-02;3.880166e-02;3.676626e-01;4.870447e-02;1.546326e-02;3.969066e-02;1.598239e-02
1.868335e-01;5.909311e-02;7.484189e-02;1.425278e-02;1.033255e-01;1.809017e-02;6.349616e-02;3.356594e-01;5.962751e-02;2.086635e-02;4.860333e-02;1.531032e-02
2.114545e-01;8.921089e-02;6.140151e-02;1.210795e-02;7.683496e-02;1.736335e-02;4.746738e-02;2.844341e-01;1.073797e-01;2.648914e-02;5.055834e-02;1.529827e-02
2.530351e-01;1.375770e-01;7.646970e-02;2.292923e-02;3.795817e-02;2.290775e-02;5.299360e-02;1.741004e-01;1.278808e-01;3.964293e-02;4.010770e-02;1.439755e-02
3.046026e-01;1.895439e-01;1.296164e-01;2.560930e-02;1.430063e-02;2.979480e-02;2.880698e-02;7.552425e-02;1.087508e-01;4.549545e-02;2.398640e-02;2.396852e-02
2.936225e-01;2.105409e-01;1.678846e-01;2.799208e-02;3.847050e-02;3.404642e-02;4.630553e-02;2.391511e-02;6.044516e-02;3.401336e-02;2.796167e-02;3.480215e-02
1.808991e-01;2.262008e-01;1.541344e-01;2.543949e-02;5.485073e-02;3.287111e-02;9.609422e-02;4.605354e-02;7.799394e-02;3.238096e-02;3.447465e-02;3.860710e-02
1.883823e-01;2.021363e-01;1.390225e-01;1.622684e-02;4.196394e-02;2.998902e-02;8.311369e-02;8.056486e-02;1.315223e-01;2.436168e-02;3.882024e-02;2.389627e-02
1.918516e-01;1.639088e-01;1.660862e-01;1.607913e-02;3.205384e-02;2.676926e-02;4.516139e-02;1.248158e-01;1.605285e-01;2.201100e-02;2.902107e-02;2.171353e-02
1.594639e-01;1.465151e-01;1.766160e-01;1.505957e-02;3.538455e-02;2.665339e-02;5.064930e-02;1.484969e-01;1.652638e-01;2.451901e-02;2.328526e-02;2.809327e-02
1.944676e-01;1.178858e-01;1.469474e-01;2.093908e-02;4.655780e-02;3.164843e-02;6.594934e-02;1.431631e-01;1.343743e-01;3.658693e-02;1.897848e-02;4.250164e-02
1.588322e-01;1.022713e-01;9.671204e-02;2.196769e-02;6.894539e-02;3.383674e-02;1.241567e-01;1.731166e-01;9.420768e-02;4.713333e-02;2.838930e-02;5.043109e-02
1.244337e-01;1.232245e-01;1.586899e-01;1.426704e-02;6.269529e-02;3.240445e-02;1.071372e-01;1.849070e-01;7.731442e-02;4.031426e-02;2.729244e-02;4.731987e-02
3.005497e-01;1.349326e-01;1.443130e-01;1.234553e-02;4.744873e-02;2.408416e-02;5.080781e-02;6.077354e-02;1.160446e-01;3.312507e-02;3.298722e-02;4.258795e-02
3.022385e-01;1.483411e-01;9.526162e-02;9.766362e-03;3.734402e-02;2.363911e-02;6.869709e-02;1.459326e-01;8.820041e-02;2.369520e-02;3.066402e-02;2.621995e-02
2.525429e-01;1.411342e-01;9.503868e-02;1.589732e-02;2.923512e-02;2.230662e-02;6.795491e-02;2.184242e-01;7.483253e-02;3.230019e-02;2.113568e-02;2.919768e-02
1.055354e-01;1.064215e-01;9.424929e-02;4.987687e-02;6.876103e-02;6.887011e-02;1.133873e-01;1.913718e-01;5.759700e-02;7.091835e-02;3.683458e-02;3.617684e-02
4.474317e-02;6.675768e-02;1.107349e-01;6.697939e-02;1.010650e-01;1.025177e-01;1.664065e-01;1.181424e-01;4.778167e-02;9.260526e-02;4.645253e-02;3.581368e-02
5.509213e-02;4.911223e-02;1.282185e-01;6.512018e-02;1.144899e-01;1.008339e-01;1.851328e-01;7.097360e-02;5.699599e-02;9.282546e-02;4.715159e-02;3.405382e-02
3.574950e-02;2.970820e-02;3.294438e-01;5.989370e-02;1.047660e-01;7.689188e-02;1.863425e-01;3.110409e-02;4.156619e-02;6.307328e-02;2.076731e-02;2.069349e-02
3.071813e-02;3.080265e-02;4.048453e-01;5.286204e-02;8.094646e-02;5.224805e-02;2.013647e-01;3.199554e-02;3.371440e-02;4.966530e-02;1.756583e-02;1.327156e-02
4.075595e-02;3.314084e-02;4.157689e-01;5.595542e-02;7.106483e-02;2.625451e-02;2.136519e-01;2.964423e-02;3.528621e-02;4.399859e-02;1.719410e-02;1.728454e-02
5.017462e-02;2.178128e-02;3.202936e-01;4.894313e-02;9.024365e-02;5.492525e-02;2.829477e-01;2.447207e-02;2.618171e-02;4.195622e-02;1.834769e-02;1.973301e-02
5.531838e-02;2.492665e-02;1.836912e-01;3.579957e-02;1.063211e-01;8.285245e-02;3.866670e-01;2.411059e-02;1.760690e-02;4.782042e-02;1.385759e-02;2.102819e-02
5.622628e-02;1.588053e-02;9.292120e-02;1.983250e-02;8.541764e-02;8.479998e-02;5.155919e-01;1.963295e-02;3.062321e-02;3.954277e-02;1.979001e-02;1.974096e-02
5.626798e-02;5.030226e-02;2.190887e-01;2.249979e-02;7.176473e-02;5.411715e-02;3.590169e-01;3.991702e-02;3.894607e-02;3.405498e-02;3.005531e-02;2.396910e-02
7.181321e-02;4.432345e-02;2.666909e-01;3.736450e-02;7.704571e-02;6.769194e-02;2.829537e-01;2.946486e-02;3.280828e-02;3.418053e-02;3.350465e-02;2.215826e-02
5.813119e-02;2.720705e-02;3.360007e-01;3.522235e-02;6.136561e-02;5.726769e-02;2.819966e-01;2.257751e-02;3.064906e-02;4.509407e-02;2.594408e-02;1.854411e-02
3.693261e-02;3.254068e-02;3.788845e-01;3.339804e-02;6.011750e-02;2.773567e-02;2.538564e-01;2.797695e-02;4.047399e-02;5.274916e-02;2.106997e-02;3.426451e-02
6.850731e-02;2.748347e-02;2.641009e-01;4.919857e-02;6.464768e-02;5.277306e-02;3.207549e-01;2.907503e-02;3.660542e-02;3.851932e-02;2.461174e-02;2.372264e-02
5.001695e-02;4.906778e-02;3.667580e-01;5.085379e-02;7.290646e-02;6.116220e-02;2.071218e-01;3.117851e-02;2.806135e-02;3.753907e-02;2.295935e-02;2.237471e-02
5.868703e-02;6.800251e-02;4.482161e-01;4.282766e-02;5.778935e-02;4.946224e-02;1.419424e-01;2.886491e-02;2.523557e-02;4.240728e-02;1.741993e-02;1.914502e-02
4.934347e-02;7.546293e-02;5.782725e-01;3.544926e-02;2.960665e-02;3.146022e-02;7.927696e-02;2.317777e-02;2.230110e-02;4.464096e-02;1.597029e-02;1.503786e-02
1.961148e-02;5.466522e-02;6.991398e-01;3.688948e-02;1.439068e-02;1.529126e-02;5.040086e-02;1.361246e-02;1.231252e-02;4.925003e-02;1.471692e-02;1.971934e-02
2.538176e-02;2.266428e-02;6.920056e-01;5.084081e-02;3.933255e-02;1.281963e-02;4.639819e-02;1.047097e-02;9.312645e-03;3.884011e-02;3.266887e-02;1.926461e-02
2.286727e-02;1.894613e-02;5.835751e-01;6.892051e-02;7.581038e-02;2.539440e-02;5.158117e-02;1.753194e-02;1.163112e-02;3.084591e-02;7.724436e-02;1.565162e-02
4.771043e-02;1.254137e-02;3.375611e-01;5.335770e-02;1.341910e-01;7.763752e-02;1.310230e-01;2.956568e-02;2.604463e-02;1.848068e-02;8.305810e-02;4.882881e-02
8.641899e-02;1.599997e-02;1.205555e-01;2.793132e-02;1.324243e-01;1.472011e-01;2.630765e-01;2.087944e-02;4.024410e-02;2.877314e-02;5.204321e-02;6.445242e-02
1.017886e-01;1.728218e-02;4.145415e-02;1.734684e-02;8.805121e-02;2.177164e-01;3.398056e-01;1.039161e-02;3.590219e-02;6.693459e-02;2.747022e-02;3.585637e-02
7.555657e-02;3.037142e-02;2.321517e-02;1.282727e-02;5.485156e-02;2.625220e-01;4.153271e-01;7.761839e-03;2.164936e-02;6.929256e-02;1.377770e-02;1.284755e-02
5.069428e-02;6.193310e-02;2.095307e-02;1.725295e-02;4.880535e-02;2.438012e-01;4.937159e-01;9.095224e-03;7.414828e-03;3.331261e-02;8.339263e-03;4.682271e-03
3.352129e-02;1.162038e-01;2.343583e-02;1.663529e-02;3.887981e-02;1.631567e-01;5.630124e-01;1.176475e-02;7.438652e-03;1.158462e-02;1.157351e-02;2.793352e-03
3.575534e-02;1.777804e-01;1.293078e-02;1.178126e-02;2.071502e-02;8.843012e-02;5.942812e-01;2.316854e-02;7.068283e-03;5.249564e-03;2.025098e-02;2.588478e-03
3.544493e-02;2.150187e-01;1.135784e-02;7.902167e-03;1.556005e-02;5.593107e-02;5.927908e-01;2.846512e-02;5.203780e-03;6.193834e-03;2.044659e-02;5.685003e-03
2.850853e-02;2.284782e-01;1.068724e-02;7.676216e-03;1.536464e-02;6.876445e-02;5.821763e-01;2.495988e-02;5.619171e-03;5.374730e-03;1.486500e-02;7.525574e-03
3.812553e-02;2.082701e-01;1.407162e-02;1.066144e-02;3.496727e-02;1.131807e-01;5.228398e-01;2.068295e-02;8.461880e-03;7.279566e-03;8.873736e-03;1.258543e-02
9.891414e-02;1.426665e-01;3.224129e-02;1.369138e-02;6.878427e-02;1.619814e-01;4.117690e-01;1.294900e-02;1.306114e-02;1.366305e-02;3.514641e-03;2.676419e-02
9.885766e-02;7.562403e-02;9.488766e-02;3.523403e-02;1.271123e-01;1.357798e-01;3.014891e-01;8.019391e-03;2.576849e-02;1.761363e-02;1.472725e-02;6.488667e-02
4.020761e-02;3.961672e-02;2.511700e-01;6.680218e-02;1.388601e-01;5.518994e-02;2.107001e-01;2.431621e-02;3.412379e-02;1.787468e-02;3.864723e-02;8.249152e-02
2.416093e-02;2.584341e-02;3.820829e-01;6.708542e-02;8.579675e-02;5.833134e-02;2.103870e-01;2.465371e-02;2.071710e-02;2.658851e-02;3.359480e-02;4.075817e-02
5.682405e-02;6.524210e-02;3.966466e-01;4.626785e-02;5.445792e-02;7.018378e-02;1.989196e-01;2.133307e-02;1.981423e-02;3.290046e-02;2.002946e-02;1.738090e-02
9.783345e-02;8.406503e-02;2.968643e-01;4.111034e-02;6.847875e-02;5.008116e-02;1.521108e-01;4.213738e-02;3.142553e-02;3.529181e-02;5.853318e-02;4.206832e-02
9.947757e-02;5.900033e-02;2.076711e-01;4.489809e-02;6.669665e-02;5.973318e-02;1.324126e-01;6.484957e-02;4.797494e-02;6.777858e-02;9.917633e-02;5.033110e-02
