5.714809e-02;9.057268e-02;9.069163e-02;6.054170e-02;6.989891e-02;1.890334e-01;5.144999e-02;1.358418e-01;1.185020e-01;6.099558e-02;1.784788e-02;5.747631e-02
6.228887e-02;1.073152e-01;1.434938e-01;3.969502e-02;8.290824e-02;9.979337e-02;9.395887e-02;1.551355e-01;9.944686e-02;3.363470e-02;3.148186e-02;5.084761e-02
3.817221e-02;7.461323e-02;1.734453e-01;7.528698e-02;5.831357e-02;9.560867e-02;1.324725e-01;1.314791e-01;7.254232e-02;5.243932e-02;3.065359e-02;6.497318e-02
8.815269e-02;1.102718e-01;9.834613e-02;7.216720e-02;8.322425e-02;1.350255e-01;1.411441e-01;5.870175e-02;5.591368e-02;5.191101e-02;5.681202e-02;4.832986e-02
1.020755e-01;9.747399e-02;8.241113e-02;6.705923e-02;1.055030e-01;1.744840e-01;8.375570e-02;5.995355e-02;5.852291e-02;4.515811e-02;5.415885e-02;6.944405e-02
1.040337e-01;5.809961e-02;9.902631e-02;4.713589e-02;8.789875e-02;2.147703e-01;9.702657e-02;4.351755e-02;6.556904e-02;3.515883e-02;7.540296e-02;7.236043e-02
9.842731e-02;3.833874e-02;9.410972e-02;8.046822e-02;6.236946e-02;2.036150e-01;1.040840e-01;4.132025e-02;5.905008e-02;3.971807e-02;9.030268e-02;8.819654e-02
8.597103e-02;5.708275e-02;5.601269e-02;1.121680e-01;6.666020e-02;1.266759e-01;1.145203e-01;4.573435e-02;3.996360e-02;7.136840e-02;7.134789e-02;1.524949e-01
7.761505e-02;7.237922e-02;3.528149e-02;1.290203e-01;5.199615e-02;5.028220e-02;1.456885e-01;6.794099e-02;3.094194e-02;9.144633e-02;4.042148e-02;2.069865e-01
6.264943e-02;6.177834e-02;3.033986e-02;1.674671e-01;2.524833e-02;3.040181e-02;1.662365e-01;5.770093e-02;3.751047e-02;7.854453e-02;4.140045e-02;2.407223e-01
4.601097e-02;4.363767e-02;1.932259e-02;1.834523e-01;5.238204e-02;4.631235e-02;1.805047e-01;5.499859e-02;3.190274e-02;4.593973e-02;5.983629e-02;2.357000e-01
6.438438e-02;7.579830e-02;4.566772e-02;1.352699e-01;8.850298e-02;5.140977e-02;1.470356e-01;1.301026e-01;3.542982e-02;2.815131e-02;4.508882e-02;1.531587e-01
8.772837e-02;1.081775e-01;6.161783e-02;7.749335e-02;1.002124e-01;4.429828e-02;1.032016e-01;2.119587e-01;4.902843e-02;2.604169e-02;3.077482e-02;9.946688e-02
7.659388e-02;1.122674e-01;6.522302e-02;6.024854e-02;8.454152e-02;3.686760e-02;9.799533e-02;2.470534e-01;5.422300e-02;5.653007e-02;2.519339e-02;8.326291e-02
3.305563e-02;7.008150e-02;7.721160e-02;7.950220e-02;8.662844e-02;6.043801e-02;1.063127e-01;1.913265e-01;8.830945e-02;7.902586e-02;3.611116e-02;9.199689e-02
5.839820e-02;7.743288e-02;6.423528e-02;7.787371e-02;8.096999e-02;7.305292e-02;9.598719e-02;1.397965e-01;8.659736e-02;7.733370e-02;3.350179e-02;1.348205e-01
7.341329e-02;9.108028e-02;4.304737e-02;9.048283e-02;4.282416e-02;4.747697e-02;1.041586e-01;1.456531e-01;5.096154e-02;8.033448e-02;4.931056e-02;1.812568e-01
7.301163e-02;8.203797e-02;4.145188e-02;8.421473e-02;3.107336e-02;7.080178e-02;1.091896e-01;1.499999e-01;8.445466e-02;8.714604e-02;3.986708e-02;1.467514e-01
2.250274e-02;3.897205e-02;2.485869e-02;4.508629e-02;3.181693e-02;9.745806e-02;1.482855e-01;2.290391e-01;1.527462e-01;1.276499e-01;2.445028e-02;5.713419e-02
1.984234e-02;1.936694e-02;1.596462e-02;3.577585e-02;3.293544e-02;9.959371e-02;1.606360e-01;2.587684e-01;1.711396e-01;1.413104e-01;1.640355e-02;2.826324e-02
1.838958e-02;4.204394e-02;4.703890e-02;3.552359e-02;3.492723e-02;9.650044e-02;1.595567e-01;2.191682e-01;1.535640e-01;1.463557e-01;1.103145e-02;3.590025e-02
3.906054e-02;1.393341e-01;1.778383e-01;2.953411e-02;5.422487e-02;8.011734e-02;1.073898e-01;1.132724e-01;1.005251e-01;9.470961e-02;1.682280e-02;4.717109e-02
3.180930e-02;1.766724e-01;2.864978e-01;2.110563e-02;7.812791e-02;6.072352e-02;6.370879e-02;7.911973e-02;6.869528e-02;8.618300e-02;1.364020e-02;3.371648e-02
2.063419e-02;1.948747e-01;3.330114e-01;2.252444e-02;6.984113e-02;3.470299e-02;7.523603e-02;5.676330e-02;4.620574e-02;1.187185e-01;7.326283e-03;2.016127e-02
1.277430e-02;2.102843e-01;3.276774e-01;1.796779e-02;3.740684e-02;3.809535e-02;6.438190e-02;1.297705e-01;4.083803e-02;9.520894e-02;7.661031e-03;1.793368e-02
1.501349e-02;2.235683e-01;2.789396e-01;2.656083e-02;1.430582e-02;6.341029e-02;3.363289e-02;2.257135e-01;3.954993e-02;5.390636e-02;8.832530e-03;1.656651e-02
1.354791e-02;2.154501e-01;2.237397e-01;1.015455e-01;1.002979e-02;9.486943e-02;1.740813e-02;2.286616e-01;4.478714e-02;3.274521e-02;4.656038e-03;1.255949e-02
1.751262e-02;1.827814e-01;1.785484e-01;2.058948e-01;1.044099e-02;9.409987e-02;3.759819e-02;1.561030e-01;6.870156e-02;3.165810e-02;3.437696e-03;1.322339e-02
1.792528e-02;1.534048e-01;1.565859e-01;2.653698e-01;1.483135e-02;8.957290e-02;5.765273e-02;1.077584e-01;8.917200e-02;2.916929e-02;3.815074e-03;1.474253e-02
1.903899e-02;1.404780e-01;1.624402e-01;2.385368e-01;1.972487e-02;7.391714e-02;8.510211e-02;9.004188e-02;1.007883e-01;2.844980e-02;1.479450e-02;2.668748e-02
3.459802e-02;1.351720e-01;1.759004e-01;9.953715e-02;6.979039e-02;7.080685e-02;1.155407e-01;9.886092e-02;1.044919e-01;3.945040e-02;1.677517e-02;3.907610e-02
1.716087e-02;7.268974e-02;1.378429e-01;1.390603e-01;1.485868e-01;1.098483e-01;9.999599e-02;8.381346e-02;1.236676e-01;3.909592e-02;1.085130e-02;1.738676e-02
1.288471e-02;1.110858e-01;1.676312e-01;1.210128e-01;1.947481e-01;8.668281e-02;6.128843e-02;8.893110e-02;9.173296e-02;4.630805e-02;6.394901e-03;1.129907e-02
1.047116e-02;1.175832e-01;2.133374e-01;6.471652e-02;3.010713e-01;3.896467e-02;3.274742e-02;9.487350e-02;4.935086e-02;6.530215e-02;3.248707e-03;8.333075e-03
8.385601e-03;7.778268e-02;2.262773e-01;2.012934e-02;4.385118e-01;2.095760e-02;5.388250e-02;4.441223e-02;1.926781e-02;8.245356e-02;3.943932e-03;3.995772e-03
1.236858e-02;5.203136e-02;2.247033e-01;1.801139e-02;4.784363e-01;1.817914e-02;8.263386e-02;2.016178e-02;1.244684e-02;7.431869e-02;3.165853e-03;3.543024e-03
2.744829e-02;5.655748e-02;2.623662e-01;3.063761e-02;3.886556e-01;1.293804e-02;1.174436e-01;2.126702e-02;9.737251e-03;5.900720e-02;8.662838e-03;5.278862e-03
6.165077e-02;5.638436e-02;3.455707e-01;6.179524e-02;1.892093e-01;1.889305e-02;1.393296e-01;1.717216e-02;1.788640e-02;5.537837e-02;3.153991e-02;5.190177e-03
1.142933e-01;6.436930e-02;3.935258e-01;1.102299e-01;5.085779e-02;1.993809e-02;9.037072e-02;1.007699e-02;2.368747e-02;5.726282e-02;6.139048e-02;3.997373e-03
1.191045e-01;5.344970e-02;3.439582e-01;1.821607e-01;4.410025e-02;3.023566e-02;4.569151e-02;1.642359e-02;1.539539e-02;4.036869e-02;1.044481e-01;4.663728e-03
6.568228e-02;5.962932e-02;2.912833e-01;2.460967e-01;4.121332e-02;4.173474e-02;2.738444e-02;3.140568e-02;1.028701e-02;2.983438e-02;1.511771e-01;4.271682e-03
2.701425e-02;6.804528e-02;2.735035e-01;2.574924e-01;4.558254e-02;4.651935e-02;1.839200e-02;3.797831e-02;7.983191e-03;2.906528e-02;1.848819e-01;3.541957e-03
1.324134e-02;5.454917e-02;2.546503e-01;2.719438e-01;4.213063e-02;6.160320e-02;2.316933e-02;4.327157e-02;5.716182e-03;2.303059e-02;2.042336e-01;2.460388e-03
1.523699e-02;4.266378e-02;2.567571e-01;2.582519e-01;4.865880e-02;7.831649e-02;4.429916e-02;4.171810e-02;8.515204e-03;8.341691e-03;1.922050e-01;5.035758e-03
2.863292e-02;7.999365e-02;2.735926e-01;1.921516e-01;5.450470e-02;8.495396e-02;5.274988e-02;4.497513e-02;1.396704e-02;3.655307e-02;1.338424e-01;4.083054e-03
3.958837e-02;1.093161e-01;3.045917e-01;1.228882e-01;4.647794e-02;9.779675e-02;4.667671e-02;6.752604e-02;3.734798e-02;4.973316e-02;6.679312e-02;1.126386e-02
4.127478e-02;1.138707e-01;3.352412e-01;6.513666e-02;2.602744e-02;1.014221e-01;6.544792e-02;5.312706e-02;7.459518e-02;4.836341e-02;6.096085e-02;1.453268e-02
5.084822e-02;1.203914e-01;3.642128e-01;5.080955e-02;2.383141e-02;4.892320e-02;9.294929e-02;4.217598e-02;1.133514e-01;3.238710e-02;4.870459e-02;1.141512e-02
4.714485e-02;1.238057e-01;3.846676e-01;6.305270e-02;2.331298e-02;3.146787e-02;1.127838e-01;4.111821e-02;9.995142e-02;3.538321e-02;2.960900e-02;7.702723e-03
4.520459e-02;1.394896e-01;4.157138e-01;7.341418e-02;2.363241e-02;2.985986e-02;9.461967e-02;2.887250e-02;6.833665e-02;4.301585e-02;3.160828e-02;6.232637e-03
4.718575e-02;1.461986e-01;4.397882e-01;8.375178e-02;2.111101e-02;2.554369e-02;7.851648e-02;2.722226e-02;5.931900e-02;3.717541e-02;2.745690e-02;6.730966e-03
4.548660e-02;1.191560e-01;3.613128e-01;1.272358e-01;4.547026e-02;3.506279e-02;7.697650e-02;2.705761e-02;4.851482e-02;3.130094e-02;7.718489e-02;5.240950e-03
2.433245e-02;5.473927e-02;2.254928e-01;2.256337e-01;7.793614e-02;7.925012e-02;5.802723e-02;4.320844e-02;3.349207e-02;5.497405e-02;1.173799e-01;5.533842e-03
1.221519e-02;2.741515e-02;1.883881e-01;3.148479e-01;8.654910e-02;7.434005e-02;2.499135e-02;5.190717e-02;1.900233e-02;4.161081e-02;1.552420e-01;3.490840e-03
5.050522e-03;3.201256e-02;2.124992e-01;3.289048e-01;6.223697e-02;4.802207e-02;2.510381e-02;5.518660e-02;7.929808e-03;3.062937e-02;1.911032e-01;1.321160e-03
7.677784e-03;4.992450e-02;2.494186e-01;2.997911e-01;3.245400e-02;3.640879e-02;2.276325e-02;5.047281e-02;4.878464e-03;3.662722e-02;2.076862e-01;1.897365e-03
6.600978e-03;5.978055e-02;2.624613e-01;2.927849e-01;3.275681e-02;4.292710e-02;2.407805e-02;3.980698e-02;6.439387e-03;2.380124e-02;2.062098e-01;2.352931e-03
1.851987e-02;7.662150e-02;2.617985e-01;2.402998e-01;4.539956e-02;6.134743e-02;4.200385e-02;2.741781e-02;1.126957e-02;3.588751e-02;1.702611e-01;9.173542e-03
2.836060e-02;1.089537e-01;2.975204e-01;1.562301e-01;3.927661e-02;5.659281e-02;1.005746e-01;2.796664e-02;1.462369e-02;5.641534e-02;1.071140e-01;6.371531e-03
2.475209e-02;1.289043e-01;3.488377e-01;9.276373e-02;5.378277e-02;4.088288e-02;1.629702e-01;1.744094e-02;8.133312e-03;5.985577e-02;5.467856e-02;6.997739e-03
1.613924e-02;1.250727e-01;3.625611e-01;1.019871e-01;9.613053e-02;1.860058e-02;1.712818e-01;1.482589e-02;6.902070e-03;6.096695e-02;2.244183e-02;3.090207e-03
1.269982e-02;1.103131e-01;3.327186e-01;1.002380e-01;1.244349e-01;2.376263e-02;1.580144e-01;3.346268e-02;7.886024e-03;6.721926e-02;2.214220e-02;7.108439e-03
1.968233e-02;8.140071e-02;2.950640e-01;8.783848e-02;1.163375e-01;4.479035e-02;1.520206e-01;5.535749e-02;1.556798e-02;7.354700e-02;5.107485e-02;7.318716e-03
2.387271e-02;6.267811e-02;2.835003e-01;1.262444e-01;9.424302e-02;5.131451e-02;1.154658e-01;5.475342e-02;2.051495e-02;7.341167e-02;8.759216e-02;6.408911e-03
2.399899e-02;4.160996e-02;3.316984e-01;1.864683e-01;7.070887e-02;3.507293e-02;6.800721e-02;2.305401e-02;1.200974e-02;4.912116e-02;1.522566e-01;5.993773e-03
2.262216e-02;4.947003e-02;3.531138e-01;2.324412e-01;3.997823e-02;3.500425e-02;2.386041e-02;7.280665e-03;6.859035e-03;3.203331e-02;1.932450e-01;4.091868e-03
2.181361e-02;6.876685e-02;3.028971e-01;2.467828e-01;5.954572e-02;7.640101e-02;1.674078e-02;1.778392e-02;7.060487e-03;2.171829e-02;1.555705e-01;4.918889e-03
2.526197e-02;7.867515e-02;2.156044e-01;2.407154e-01;1.134909e-01;1.284274e-01;1.771791e-02;2.830847e-02;1.011115e-02;2.572232e-02;1.045785e-01;1.138637e-02
2.860234e-02;8.051129e-02;1.212158e-01;2.332566e-01;1.783913e-01;1.612468e-01;2.938915e-02;4.527952e-02;1.335066e-02;1.764378e-02;7.385194e-02;1.726077e-02
3.408178e-02;1.009363e-01;1.649707e-01;1.850940e-01;1.244575e-01;1.064325e-01;8.676125e-02;5.120297e-02;3.546698e-02;2.371773e-02;3.438313e-02;5.249530e-02
2.949998e-02;9.869637e-02;2.261274e-01;1.274767e-01;1.036099e-01;1.024046e-01;1.056568e-01;4.267517e-02;4.272843e-02;3.787605e-02;2.829630e-02;5.495225e-02
5.294086e-02;7.770903e-02;2.652983e-01;1.000220e-01;1.139970e-01;7.231437e-02;1.000228e-01;3.320213e-02;4.615894e-02;5.963635e-02;3.863928e-02;4.005888e-02
7.829171e-02;5.682952e-02;2.898620e-01;1.166910e-01;9.916706e-02;3.553591e-02;7.496618e-02;2.616017e-02;6.768017e-02;6.044975e-02;6.647903e-02;2.788751e-02
1.012630e-01;4.948533e-02;2.788512e-01;1.401888e-01;7.741400e-02;5.046219e-02;4.544329e-02;1.994724e-02;1.026715e-01;4.397723e-02;7.565442e-02;1.464189e-02
1.335595e-01;5.774704e-02;2.521464e-01;9.954549e-02;6.591104e-02;5.120417e-02;1.027296e-01;3.593077e-02;9.738477e-02;4.993439e-02;4.276079e-02;1.114607e-02
1.172937e-01;6.959721e-02;1.863251e-01;5.277776e-02;8.925386e-02;9.760265e-02;1.536589e-01;5.440121e-02;7.284042e-02;5.237591e-02;2.823236e-02;2.564092e-02
8.180188e-02;8.831993e-02;1.283319e-01;3.044808e-02;1.012047e-01;1.373164e-01;1.426297e-01;9.261122e-02;6.139120e-02;5.487227e-02;3.103418e-02;5.003855e-02
4.473973e-02;1.301252e-01;1.376560e-01;6.396656e-02;7.722402e-02;1.392089e-01;8.560347e-02;1.009917e-01;6.555987e-02;6.235534e-02;5.185042e-02;4.071875e-02
6.137361e-02;1.423602e-01;1.764931e-01;5.390710e-02;4.886458e-02;1.075526e-01;7.695034e-02;6.573554e-02;1.063510e-01;1.006213e-01;3.497286e-02;2.481765e-02
7.863593e-02;1.095356e-01;1.440629e-01;2.928407e-02;4.117900e-02;6.049144e-02;1.208985e-01;9.336143e-02;9.991685e-02;1.773737e-01;2.533310e-02;1.992750e-02
5.471775e-02;7.415654e-02;9.126800e-02;2.978430e-02;3.325706e-02;2.160096e-02;2.692484e-01;8.933328e-02;8.890177e-02;2.055356e-01;2.509177e-02;1.710461e-02
3.280563e-02;6.429026e-02;7.096815e-02;3.706358e-02;2.369725e-02;2.925955e-02;3.726830e-01;1.232981e-01;8.852625e-02;1.202810e-01;2.384536e-02;1.328187e-02
2.524899e-02;6.324635e-02;6.330348e-02;3.887717e-02;1.947846e-02;6.213783e-02;2.890041e-01;1.583535e-01;1.180155e-01;1.390883e-01;1.423861e-02;9.007883e-03
2.218429e-02;7.507358e-02;1.010399e-01;3.596022e-02;1.453539e-02;1.049704e-01;2.320551e-01;1.405900e-01;1.304781e-01;1.241143e-01;1.274026e-02;6.258510e-03
1.942789e-02;8.690565e-02;1.220686e-01;2.680587e-02;1.912986e-02;7.861077e-02;2.166939e-01;1.443458e-01;1.101934e-01;1.512718e-01;1.907279e-02;5.473546e-03
2.369579e-02;1.021824e-01;1.443394e-01;2.591461e-02;3.529843e-02;6.131138e-02;1.855642e-01;9.666680e-02;1.191157e-01;1.768652e-01;2.363647e-02;5.409646e-03
3.491551e-02;1.379444e-01;2.037561e-01;3.417047e-02;3.104795e-02;6.251843e-02;1.334839e-01;5.038018e-02;1.184447e-01;1.572780e-01;2.711530e-02;8.945080e-03
3.800339e-02;1.547326e-01;2.683391e-01;5.875675e-02;3.765655e-02;7.280374e-02;9.692979e-02;7.175340e-02;6.947447e-02;8.345026e-02;2.723359e-02;2.086632e-02
3.152876e-02;1.015337e-01;2.371614e-01;1.144291e-01;6.607642e-02;1.086462e-01;8.783689e-02;6.754556e-02;7.668781e-02;4.691972e-02;3.817000e-02;2.346441e-02
4.895581e-02;1.140468e-01;2.317535e-01;9.752280e-02;8.532438e-02;1.302976e-01;6.852487e-02;7.502118e-02;5.637963e-02;2.870390e-02;4.468783e-02;1.878173e-02
5.806225e-02;9.746756e-02;2.478833e-01;1.443139e-01;8.216362e-02;1.082258e-01;5.850840e-02;5.543578e-02;2.606843e-02;3.398440e-02;6.911302e-02;1.877352e-02
8.900652e-02;6.828328e-02;2.893992e-01;1.829429e-01;7.088730e-02;7.352094e-02;5.923489e-02;3.192686e-02;1.411703e-02;4.589849e-02;6.678060e-02;8.001953e-03
1.533307e-01;4.260948e-02;3.458845e-01;1.779020e-01;5.417737e-02;2.961762e-02;6.437509e-02;1.138052e-02;1.021542e-02;6.006447e-02;4.386605e-02;6.576792e-03
1.648301e-01;4.430316e-02;3.790375e-01;1.188073e-01;4.832715e-02;1.390618e-02;1.096867e-01;5.404582e-03;9.682341e-03;7.406479e-02;2.424115e-02;7.709054e-03
1.072565e-01;6.024470e-02;3.676135e-01;1.032434e-01;7.357952e-02;2.471587e-02;1.459826e-01;6.596174e-03;1.110227e-02;7.202289e-02;1.539427e-02;1.224851e-02
5.991781e-02;9.300970e-02;3.153028e-01;1.205783e-01;1.040943e-01;3.320631e-02;1.443011e-01;7.477278e-03;2.089781e-02;5.612598e-02;2.464131e-02;2.044734e-02
3.376497e-02;1.026639e-01;2.698621e-01;1.295323e-01;1.157636e-01;6.704367e-02;1.264760e-01;1.752135e-02;3.033140e-02;3.730299e-02;4.631445e-02;2.342330e-02
2.956290e-02;6.624282e-02;2.604577e-01;1.035949e-01;1.076844e-01;5.087337e-02;1.640314e-01;2.122964e-02;3.388491e-02;8.595205e-02;5.591558e-02;2.057046e-02
3.880234e-02;7.898951e-02;2.500924e-01;4.932606e-02;1.012172e-01;5.291305e-02;1.844836e-01;1.952407e-02;2.028630e-02;1.375660e-01;3.463105e-02;3.216843e-02
2.695568e-02;8.832514e-02;2.729985e-01;5.016560e-02;9.469742e-02;7.047529e-02;1.117279e-01;3.340099e-02;2.139302e-02;1.201545e-01;4.128960e-02;6.841634e-02
4.672508e-02;8.179326e-02;3.053044e-01;6.606084e-02;1.039036e-01;4.151576e-02;1.579098e-01;2.317709e-02;1.388829e-02;8.499785e-02;2.427192e-02;5.045219e-02
7.455933e-02;5.583937e-02;3.534960e-01;7.492772e-02;8.725978e-02;2.019010e-02;2.017598e-01;1.266035e-02;8.285200e-03;6.905241e-02;2.022583e-02;2.174417e-02
9.951202e-02;5.017881e-02;4.063889e-01;9.057157e-02;4.192786e-02;1.491973e-02;1.884128e-01;6.892386e-03;6.515812e-03;5.748259e-02;2.515446e-02;1.204314e-02
1.137491e-01;5.634904e-02;3.948040e-01;1.346604e-01;3.696534e-02;1.647135e-02;1.258897e-01;8.162763e-03;6.638142e-03;4.503143e-02;5.256076e-02;8.718088e-03
1.125015e-01;5.208361e-02;3.286813e-01;1.957649e-01;5.279253e-02;3.149228e-02;6.610430e-02;1.149965e-02;9.292315e-03;3.206627e-02;8.301412e-02;2.470727e-02
6.873269e-02;6.528883e-02;2.573357e-01;2.240714e-01;6.821577e-02;4.318447e-02;5.497570e-02;1.782287e-02;1.444882e-02;4.685117e-02;9.483077e-02;4.424182e-02
4.501342e-02;1.499984e-01;1.050882e-01;2.059652e-01;1.025643e-01;7.765209e-02;7.928702e-02;2.065693e-02;1.717705e-02;6.019767e-02;9.194319e-02;4.445655e-02
8.657692e-02;1.444365e-01;3.061076e-01;6.883390e-02;7.912328e-02;5.923678e-02;7.896857e-02;2.149371e-02;1.516423e-02;4.471722e-02;7.649452e-02;1.884676e-02
1.077100e-01;1.210698e-01;4.428396e-01;4.697958e-02;3.885512e-02;2.396897e-02;8.519533e-02;2.012175e-02;9.439564e-03;2.693760e-02;5.971482e-02;1.716789e-02
8.398107e-02;1.226689e-01;4.763077e-01;4.808684e-02;2.265564e-02;2.324174e-02;1.050295e-01;1.609838e-02;8.260277e-03;4.340695e-02;2.757779e-02;2.268524e-02
3.380897e-02;9.520084e-02;4.842456e-01;1.052115e-01;3.387487e-02;3.079676e-02;8.444896e-02;1.430385e-02;1.024281e-02;6.931305e-02;1.296473e-02;2.558811e-02
5.237375e-02;7.190106e-02;4.608837e-01;1.491046e-01;4.592732e-02;4.057226e-02;4.603256e-02;1.229348e-02;1.384698e-02;7.660022e-02;1.532742e-02;1.513670e-02
8.707046e-02;7.446702e-02;4.407138e-01;1.241187e-01;5.258583e-02;4.951398e-02;3.633762e-02;1.965068e-02;1.718443e-02;7.226783e-02;1.811790e-02;7.971760e-03
9.163395e-02;6.962030e-02;4.501881e-01;4.318270e-02;4.328231e-02;4.954582e-02;6.543207e-02;2.579199e-02;2.968428e-02;6.320575e-02;4.685028e-02;2.158243e-02
5.370238e-02;1.162953e-01;4.217710e-01;4.640163e-02;3.155706e-02;5.117625e-02;1.005538e-01;1.839272e-02;2.856536e-02;5.437696e-02;5.744371e-02;1.976387e-02
5.369704e-02;9.584917e-02;4.252844e-01;4.271991e-02;5.696676e-02;3.829459e-02;8.389651e-02;3.912296e-02;4.717364e-02;7.412293e-02;1.688707e-02;2.598498e-02
1.923487e-02;1.372332e-01;3.544440e-01;9.733924e-02;5.006546e-02;8.385856e-02;6.747098e-02;4.803225e-02;5.656403e-02;4.782544e-02;1.632615e-02;2.160580e-02
1.519543e-02;2.121955e-01;3.340524e-01;8.843630e-02;3.335768e-02;1.069086e-01;3.465669e-02;2.668844e-02;6.245141e-02;5.929659e-02;1.783254e-02;8.928400e-03
9.098955e-03;2.901053e-01;3.033369e-01;6.091595e-02;1.210362e-02;1.442536e-01;2.037874e-02;1.279366e-02;8.477025e-02;4.646399e-02;1.067992e-02;5.099171e-03
1.158316e-02;3.411300e-01;1.853143e-01;3.273496e-02;9.294427e-03;2.263051e-01;3.228910e-02;9.005206e-03;1.134877e-01;2.836544e-02;5.789177e-03;4.701460e-03
1.776666e-02;3.547043e-01;5.611551e-02;3.299153e-02;9.583987e-03;2.847666e-01;5.468430e-02;1.611993e-02;1.384264e-01;2.504754e-02;5.606343e-03;4.186972e-03
3.171147e-02;3.679605e-01;8.775704e-02;3.815607e-02;4.962240e-03;2.174266e-01;4.901106e-02;1.531065e-02;1.517522e-01;2.088717e-02;3.841687e-03;1.122332e-02
4.912843e-02;3.939843e-01;1.312847e-01;5.125356e-02;1.486740e-02;9.695259e-02;3.074738e-02;3.207363e-02;1.357340e-01;1.759610e-02;1.190209e-02;3.447585e-02
5.966570e-02;3.515045e-01;1.274190e-01;5.986307e-02;2.404256e-02;8.985580e-02;3.390069e-02;4.479842e-02;9.148671e-02;1.551847e-02;3.992368e-02;6.202132e-02
6.691653e-02;2.818732e-01;1.193914e-01;7.347646e-02;4.082939e-02;1.397909e-01;3.961564e-02;4.230477e-02;6.072493e-02;1.846075e-02;5.522664e-02;6.138938e-02
6.149663e-02;1.929132e-01;1.880716e-01;8.222067e-02;3.365328e-02;2.024852e-01;4.087176e-02;3.644099e-02;6.154337e-02;2.963106e-02;3.785874e-02;3.281355e-02
3.542950e-02;2.349225e-01;2.538971e-01;6.892690e-02;2.014181e-02;1.963621e-01;2.044581e-02;2.685532e-02;6.011400e-02;3.643372e-02;1.433473e-02;3.213661e-02
3.629252e-02;2.588898e-01;2.724888e-01;6.029074e-02;2.319712e-02;1.383957e-01;2.739417e-02;5.111912e-02;4.770722e-02;3.712966e-02;5.811115e-03;4.128402e-02
4.303337e-02;1.724071e-01;3.024294e-01;4.713617e-02;3.898685e-02;1.078312e-01;3.996420e-02;7.661618e-02;5.071774e-02;8.022849e-02;8.193704e-03;3.245568e-02
3.131692e-02;1.311294e-01;3.565095e-01;4.461810e-02;9.896851e-02;5.926251e-02;6.204468e-02;4.497096e-02;3.544293e-02;9.668002e-02;9.304887e-03;2.975158e-02
2.649673e-02;1.498414e-01;3.987145e-01;2.857436e-02;1.293408e-01;2.791568e-02;9.352363e-02;1.667330e-02;1.098752e-02;9.249002e-02;8.431077e-03;1.701094e-02
2.209928e-02;1.442018e-01;3.995567e-01;1.768104e-02;1.324439e-01;3.882296e-02;1.223134e-01;1.038668e-02;1.340960e-02;8.060259e-02;4.936630e-03;1.354540e-02
1.780463e-02;1.511243e-01;3.921664e-01;1.482825e-02;1.250346e-01;5.646494e-02;1.240052e-01;1.077724e-02;1.750510e-02;6.729047e-02;5.591333e-03;1.740750e-02
4.044800e-02;1.936875e-01;3.487654e-01;2.767719e-02;1.078048e-01;7.255975e-02;8.081629e-02;2.811718e-02;1.762564e-02;5.581608e-02;3.975780e-03;2.270653e-02
4.830079e-02;3.017875e-01;2.763728e-01;3.564839e-02;8.004409e-02;5.843352e-02;5.798089e-02;4.812812e-02;3.582716e-02;3.367020e-02;9.179636e-03;1.462684e-02
3.623959e-02;3.013904e-01;3.444033e-01;3.492087e-02;5.025012e-02;5.693602e-02;3.746352e-02;4.437803e-02;5.299753e-02;2.061442e-02;1.058524e-02;9.820976e-03
3.166417e-02;2.172261e-01;3.822275e-01;4.675635e-02;3.911159e-02;8.354633e-02;2.808776e-02;3.992426e-02;6.468160e-02;3.711980e-02;1.575113e-02;1.390341e-02
3.094978e-02;1.495768e-01;3.850085e-01;4.461482e-02;3.043901e-02;8.831142e-02;3.295230e-02;6.903915e-02;7.515576e-02;4.516470e-02;2.547636e-02;2.331137e-02
3.966264e-02;1.279538e-01;3.737164e-01;5.588190e-02;4.101024e-02;6.331665e-02;5.477063e-02;8.041708e-02;7.451418e-02;2.967279e-02;2.309267e-02;3.599104e-02
5.489602e-02;1.326784e-01;3.343110e-01;3.873871e-02;4.507106e-02;1.036200e-01;1.006195e-01;4.039029e-02;7.240999e-02;4.225592e-02;1.572174e-02;1.928731e-02
4.077529e-02;2.520015e-01;3.067878e-01;2.646105e-02;3.693479e-02;8.578549e-02;8.082196e-02;2.746363e-02;6.886543e-02;5.489395e-02;1.126037e-02;7.948642e-03
3.021937e-02;2.874451e-01;3.013403e-01;3.125631e-02;2.362675e-02;7.875450e-02;7.926106e-02;4.733624e-02;5.001578e-02;4.902746e-02;1.450627e-02;7.210921e-03
3.595264e-02;2.586751e-01;2.645490e-01;4.131249e-02;2.860020e-02;7.794626e-02;8.422060e-02;1.000195e-01;3.438044e-02;4.864034e-02;1.674084e-02;8.962691e-03
5.818996e-02;2.393554e-01;2.333773e-01;3.159045e-02;4.071709e-02;6.365056e-02;9.353047e-02;1.177250e-01;5.292553e-02;4.068077e-02;1.712575e-02;1.113177e-02
6.089277e-02;1.859470e-01;2.721236e-01;3.793095e-02;3.924557e-02;8.695494e-02;9.514640e-02;7.334869e-02;7.648399e-02;3.356610e-02;1.139253e-02;2.696744e-02
5.020821e-02;1.151501e-01;2.552606e-01;5.939909e-02;5.204068e-02;1.069560e-01;6.907097e-02;7.177851e-02;8.303558e-02;3.706474e-02;1.410683e-02;8.592870e-02
4.402525e-02;1.009559e-01;2.092517e-01;8.483896e-02;9.141146e-02;1.023319e-01;7.374328e-02;6.537946e-02;6.887027e-02;6.268204e-02;1.937908e-02;7.713068e-02
2.850575e-02;1.394284e-01;2.904226e-01;1.047991e-01;4.984315e-02;8.278449e-02;4.801583e-02;4.662346e-02;4.311250e-02;8.501674e-02;2.609085e-02;5.535707e-02
1.780960e-02;1.670566e-01;3.775749e-01;8.332517e-02;2.681757e-02;4.439121e-02;3.195627e-02;3.084933e-02;4.087294e-02;1.101433e-01;2.169552e-02;4.750763e-02
7.309128e-03;2.023688e-01;4.478784e-01;5.921455e-02;6.255364e-03;2.156911e-02;2.040047e-02;1.570224e-02;5.686509e-02;1.159599e-01;1.108096e-02;3.539614e-02
6.441148e-03;2.456177e-01;4.393010e-01;3.458740e-02;6.429393e-03;2.497271e-02;1.295406e-02;9.397901e-03;9.027454e-02;1.011857e-01;5.268087e-03;2.357031e-02
7.902695e-03;2.959713e-01;4.072157e-01;1.395562e-02;2.225582e-03;4.201694e-02;7.032324e-03;1.269269e-02;1.025567e-01;8.487628e-02;3.973335e-03;1.958079e-02
8.813522e-03;3.403915e-01;3.852277e-01;1.169864e-02;4.450890e-03;6.529824e-02;4.190890e-03;1.057912e-02;7.137906e-02;7.770777e-02;3.585874e-03;1.667675e-02
9.718755e-03;3.638179e-01;3.588822e-01;1.479004e-02;9.429181e-03;7.983275e-02;1.247887e-02;1.110576e-02;4.885019e-02;7.429561e-02;3.808658e-03;1.299007e-02
1.230302e-02;3.511842e-01;3.581839e-01;1.294864e-02;4.663881e-03;6.768689e-02;2.641258e-02;1.034563e-02;4.810995e-02;9.519415e-02;6.032999e-03;6.934128e-03
9.928358e-03;3.254721e-01;4.152653e-01;1.258308e-02;1.015343e-02;3.186332e-02;3.765019e-02;7.876507e-03;3.382191e-02;1.053851e-01;5.233112e-03;4.767645e-03
9.124573e-03;2.884929e-01;4.597979e-01;1.057025e-02;2.509346e-02;1.777104e-02;3.454379e-02;8.678882e-03;1.715005e-02;1.197577e-01;4.081328e-03;4.938039e-03
1.078491e-02;2.491744e-01;4.639700e-01;1.845919e-02;3.679391e-02;2.132471e-02;2.553417e-02;9.240142e-03;2.401045e-02;1.332293e-01;2.480637e-03;4.998125e-03
1.586767e-02;2.396718e-01;4.426659e-01;2.465355e-02;4.143867e-02;2.719382e-02;2.368385e-02;1.078052e-02;2.946424e-02;1.267134e-01;1.006178e-02;7.804838e-03
1.925714e-02;2.557470e-01;3.759311e-01;2.890326e-02;3.693761e-02;5.681697e-02;3.466808e-02;1.166331e-02;3.412214e-02;1.000919e-01;1.341782e-02;3.244374e-02
2.874383e-02;2.396602e-01;2.636188e-01;2.752873e-02;1.796974e-02;1.055070e-01;6.696703e-02;1.661273e-02;7.940444e-02;9.140155e-02;1.285981e-02;4.972619e-02
4.577233e-02;1.646012e-01;2.228335e-01;1.639869e-02;1.667052e-02;1.311066e-01;8.333486e-02;2.274885e-02;1.296554e-01;1.197248e-01;6.113196e-03;4.104019e-02
3.860351e-02;1.882964e-01;2.331716e-01;1.396321e-02;2.609073e-02;9.623343e-02;5.990222e-02;2.696451e-02;9.378437e-02;1.956055e-01;7.510111e-03;1.987450e-02
2.441173e-02;1.605064e-01;2.516664e-01;1.290825e-02;3.350902e-02;6.122812e-02;7.085435e-02;2.294658e-02;7.869790e-02;2.609324e-01;9.050021e-03;1.328888e-02
2.484657e-02;1.979177e-01;2.605434e-01;1.342491e-02;3.064417e-02;7.588915e-02;7.728309e-02;1.317862e-02;7.550003e-02;2.148673e-01;8.495837e-03;7.409340e-03
2.897619e-02;2.483580e-01;2.487464e-01;1.195137e-02;3.000272e-02;6.990848e-02;7.212736e-02;1.184209e-02;4.914568e-02;2.001451e-01;1.631161e-02;1.248504e-02
2.836045e-02;2.449026e-01;3.321879e-01;3.239483e-02;2.399745e-02;5.420577e-02;5.360245e-02;1.264852e-02;3.442493e-02;1.413875e-01;2.490157e-02;1.698605e-02
1.936997e-02;1.918549e-01;3.806163e-01;6.188759e-02;2.736704e-02;6.152688e-02;3.711577e-02;6.878981e-03;2.930841e-02;1.162829e-01;5.019284e-02;1.759840e-02
1.379103e-02;1.419210e-01;3.371384e-01;1.071126e-01;3.255043e-02;8.563366e-02;2.996583e-02;1.235208e-02;2.956927e-02;7.899205e-02;1.130857e-01;1.788790e-02
5.183556e-03;1.086535e-01;2.482125e-01;1.519280e-01;3.369441e-02;9.258884e-02;7.728720e-02;2.196711e-02;2.377601e-02;4.817561e-02;1.783101e-01;1.022319e-02
6.968183e-03;1.031822e-01;3.421646e-01;1.066630e-01;1.998843e-02;5.103999e-02;1.188899e-01;1.573335e-02;2.037778e-02;8.122447e-02;1.280553e-01;5.712744e-03
5.872675e-03;1.103715e-01;4.034215e-01;5.642091e-02;1.128620e-02;2.651272e-02;1.219234e-01;1.196319e-02;1.992894e-02;1.343063e-01;9.389874e-02;4.094054e-03
7.449859e-03;1.292879e-01;4.363780e-01;2.811185e-02;7.798133e-03;1.432811e-02;9.487309e-02;8.126415e-03;2.094053e-02;1.853097e-01;6.248933e-02;4.907146e-03
1.093497e-02;1.652993e-01;4.425312e-01;1.336526e-02;9.921884e-03;2.009384e-02;6.464090e-02;1.152639e-02;4.922995e-02;1.737684e-01;3.255998e-02;6.127916e-03
2.017766e-02;2.882577e-01;3.693134e-01;1.816026e-02;7.143954e-03;4.614131e-02;3.233277e-02;1.156307e-02;8.615127e-02;9.905200e-02;1.366560e-02;8.040938e-03
3.462354e-02;4.017423e-01;2.931906e-01;1.118316e-02;7.834516e-03;5.277450e-02;1.124282e-02;3.023662e-02;1.073959e-01;3.873653e-02;8.431529e-03;2.607901e-03
7.318198e-02;3.877437e-01;2.087506e-01;2.081282e-02;4.187590e-02;3.091292e-02;1.754691e-02;9.379778e-02;8.844011e-02;1.879745e-02;1.065160e-02;7.488197e-03
1.171671e-01;2.318364e-01;1.093312e-01;7.250094e-02;8.937424e-02;2.307295e-02;8.083589e-02;1.749100e-01;3.931352e-02;1.958650e-02;1.705897e-02;2.501222e-02
9.364562e-02;8.635194e-02;5.877295e-02;1.467379e-01;9.099897e-02;5.274850e-02;2.081593e-01;1.456877e-01;1.812954e-02;1.274101e-02;2.675035e-02;5.927620e-02
4.355782e-02;2.296574e-02;8.443065e-02;1.555891e-01;5.814697e-02;1.662528e-01;2.710496e-01;5.945541e-02;2.417961e-02;1.528504e-02;4.186144e-02;5.722574e-02
1.469404e-02;4.328643e-02;1.124099e-01;8.119402e-02;6.377988e-02;3.260996e-01;2.060838e-01;3.382133e-02;2.325173e-02;1.828430e-02;5.181142e-02;2.528358e-02
7.914126e-03;9.319401e-02;8.770140e-02;3.718932e-02;1.766426e-01;3.342744e-01;9.696052e-02;3.791768e-02;2.490647e-02;5.675786e-02;3.628199e-02;1.025955e-02
1.952693e-02;1.125792e-01;4.888666e-02;6.269272e-02;3.219464e-01;1.828433e-01;3.675287e-02;4.284280e-02;2.459694e-02;9.976038e-02;3.358079e-02;1.399089e-02
4.844604e-02;7.718192e-02;3.903328e-02;1.427824e-01;3.519209e-01;5.715185e-02;3.540133e-02;3.561987e-02;5.217665e-02;1.100239e-01;3.556459e-02;1.469734e-02
1.154254e-01;3.834359e-02;4.948014e-02;2.676519e-01;2.241615e-01;4.794240e-02;4.286609e-02;2.780144e-02;6.945796e-02;8.903924e-02;2.180768e-02;6.022616e-03
1.941796e-01;3.156898e-02;5.375184e-02;3.003783e-01;1.311074e-01;4.382725e-02;5.797895e-02;3.532669e-02;7.954704e-02;4.740939e-02;8.199355e-03;1.672520e-02
2.471728e-01;2.196771e-02;6.780346e-02;2.377128e-01;1.007365e-01;5.041669e-02;6.500167e-02;2.988315e-02;9.342262e-02;3.105766e-02;1.331959e-02;4.150528e-02
2.590042e-01;2.728935e-02;6.228059e-02;1.775336e-01;5.065022e-02;4.841883e-02;6.404388e-02;4.054889e-02;1.173910e-01;3.970451e-02;1.812633e-02;9.500851e-02
2.002397e-01;2.829392e-02;5.296715e-02;1.660329e-01;1.038205e-01;6.408291e-02;5.651197e-02;5.520487e-02;1.531951e-01;5.337358e-03;1.364717e-02;1.006664e-01
1.109108e-01;3.319596e-02;6.627546e-02;1.649176e-01;1.158226e-01;7.614772e-02;6.892785e-02;5.552630e-02;1.836220e-01;3.275137e-02;3.899811e-02;5.290411e-02
5.958056e-02;4.563152e-02;6.748994e-02;1.395807e-01;8.452989e-02;1.020711e-01;1.056227e-01;1.104648e-01;1.990348e-01;9.065558e-03;6.064914e-02;1.627929e-02
5.463563e-02;6.395080e-02;7.674318e-02;1.064736e-01;9.617937e-02;1.178372e-01;1.453842e-01;1.130944e-01;1.327020e-01;4.262040e-02;3.825366e-02;1.212560e-02
