3.714557e-02;3.439342e-02;1.006344e-01;4.394385e-02;7.749154e-02;1.010452e-01;2.550377e-01;7.219451e-02;8.724315e-02;1.331356e-01;3.466632e-02;2.306869e-02
4.588636e-02;2.879658e-02;6.993916e-02;4.011128e-02;7.080480e-02;1.354757e-01;2.987124e-01;5.422137e-02;6.390034e-02;1.480333e-01;2.593451e-02;1.818424e-02
5.106205e-02;2.651038e-02;3.355401e-02;2.884355e-02;6.209969e-02;1.894975e-01;3.786407e-01;2.997645e-02;3.682456e-02;1.382079e-01;1.547768e-02;9.305502e-03
3.960756e-02;3.725686e-02;1.326390e-02;1.578331e-02;5.439091e-02;2.600773e-01;4.685486e-01;1.575946e-02;1.551231e-02;6.964338e-02;6.563648e-03;3.592787e-03
6.144731e-02;4.205352e-02;1.355322e-02;1.210079e-02;6.467959e-02;2.839508e-01;4.638275e-01;1.540512e-02;9.839122e-03;2.489834e-02;3.216526e-03;5.028213e-03
9.522294e-02;3.270788e-02;5.313869e-02;1.744336e-02;9.376679e-02;2.343041e-01;3.729845e-01;2.079505e-02;8.556393e-03;4.373366e-02;5.813976e-03;2.153269e-02
9.276129e-02;3.426054e-02;1.488428e-01;3.702338e-02;1.135050e-01;1.515857e-01;2.735472e-01;1.927476e-02;1.402526e-02;4.833345e-02;1.674760e-02;5.009305e-02
5.340181e-02;3.915574e-02;3.567292e-01;7.399836e-02;8.202444e-02;6.364616e-02;1.619837e-01;1.756152e-02;1.992335e-02;4.751642e-02;2.797837e-02;5.608098e-02
2.794666e-02;4.670050e-02;5.042326e-01;6.537610e-02;7.880884e-02;7.272808e-02;7.302985e-02;2.231204e-02;2.094879e-02;4.293570e-02;2.130821e-02;2.367269e-02
6.403049e-03;3.727309e-02;4.324515e-01;5.316621e-02;8.426113e-02;9.084541e-02;1.549963e-01;2.461817e-02;2.752088e-02;5.228088e-02;1.946124e-02;1.672215e-02
1.760557e-02;3.824832e-02;2.538242e-01;3.133949e-02;1.035869e-01;1.214257e-01;2.608644e-01;3.420385e-02;2.114294e-02;7.165597e-02;1.928761e-02;2.681504e-02
3.789906e-02;4.330841e-02;1.052635e-01;3.556035e-02;9.228712e-02;1.172335e-01;3.336906e-01;4.632061e-02;2.601795e-02;9.780087e-02;2.302487e-02;4.159310e-02
8.174016e-02;3.250099e-02;1.211156e-01;4.691311e-02;7.780135e-02;8.878551e-02;2.852456e-01;3.943563e-02;6.424728e-02;9.652671e-02;2.956110e-02;3.612689e-02
5.062785e-02;4.863389e-02;1.120930e-01;7.373665e-02;9.655587e-02;7.583756e-02;1.903700e-01;7.962623e-02;7.207164e-02;1.036786e-01;4.911360e-02;4.765524e-02
6.879240e-02;5.059820e-02;1.371666e-01;7.573626e-02;6.755450e-02;8.983013e-02;1.707944e-01;4.801352e-02;6.407215e-02;9.274351e-02;8.484348e-02;4.985487e-02
6.672978e-02;6.787902e-02;1.482180e-01;7.788928e-02;6.031273e-02;9.692474e-02;1.619352e-01;5.093113e-02;6.562278e-02;8.230632e-02;7.856818e-02;4.268286e-02
5.426100e-02;7.240237e-02;1.395925e-01;7.390513e-02;6.662268e-02;1.019695e-01;1.812213e-01;5.753299e-02;7.626045e-02;7.611075e-02;6.329112e-02;3.683016e-02
6.422979e-02;3.818863e-02;1.026638e-01;6.431749e-02;7.521383e-02;7.332102e-02;1.932868e-01;9.567074e-02;8.694004e-02;1.062192e-01;5.213993e-02;4.780877e-02
7.159604e-02;2.882187e-02;6.809131e-02;4.705783e-02;9.695758e-02;1.232122e-01;2.553400e-01;6.263903e-02;5.976001e-02;1.138618e-01;3.088434e-02;4.177807e-02
7.501820e-02;2.074013e-02;4.673353e-02;3.687989e-02;1.097714e-01;1.786378e-01;2.679319e-01;3.625574e-02;6.305137e-02;1.200515e-01;1.892458e-02;2.600394e-02
8.293012e-02;1.578216e-02;2.175375e-02;2.987994e-02;8.589243e-02;2.217532e-01;2.632779e-01;4.360184e-02;3.099896e-02;1.807975e-01;7.978260e-03;1.535383e-02
7.566459e-02;3.064923e-02;4.728609e-02;2.329641e-02;7.368460e-02;1.954355e-01;2.357249e-01;5.575250e-02;1.336581e-02;2.020820e-01;2.077195e-02;2.628639e-02
6.626565e-02;3.644889e-02;9.129930e-02;3.574481e-02;1.121261e-01;1.151453e-01;1.420191e-01;7.095283e-02;4.415546e-02;1.686875e-01;4.814449e-02;6.901059e-02
6.110230e-02;1.248496e-02;7.397237e-02;4.161990e-02;1.373530e-01;1.498567e-01;1.675375e-01;5.350202e-02;9.724138e-02;6.565727e-02;4.195235e-02;9.772020e-02
8.419825e-02;7.128068e-03;5.654436e-02;3.053675e-02;1.072575e-01;2.244633e-01;1.807108e-01;2.759855e-02;1.359341e-01;3.276359e-02;1.086034e-02;1.020045e-01
7.529555e-02;9.395061e-03;3.439307e-02;1.909049e-02;1.344163e-01;1.702843e-01;1.027105e-01;2.396853e-02;2.226477e-01;3.132964e-02;4.702096e-03;1.717668e-01
5.177193e-02;8.004659e-03;3.403150e-02;1.593610e-02;1.687700e-01;6.375165e-02;5.353760e-02;2.150830e-02;2.572685e-01;1.930256e-02;7.787037e-03;2.983302e-01
3.265244e-02;6.340112e-03;2.343483e-02;2.031680e-02;1.691463e-01;2.296523e-02;4.049704e-02;2.150176e-02;1.898223e-01;1.505991e-02;1.340165e-02;4.448617e-01
1.995770e-02;1.217992e-02;1.869773e-02;3.914496e-02;1.836894e-01;1.704258e-02;2.470974e-02;3.239931e-02;9.173834e-02;3.374054e-02;5.292588e-02;4.737740e-01
9.089706e-03;2.415367e-02;2.424615e-02;9.387421e-02;1.639952e-01;1.186820e-02;1.367263e-02;8.926573e-02;5.539387e-02;5.880927e-02;1.224192e-01;3.332122e-01
9.884677e-03;3.053199e-02;2.416302e-02;1.847283e-01;8.347408e-02;9.646725e-03;1.345090e-02;1.880909e-01;2.665563e-02;5.692070e-02;2.272695e-01;1.451837e-01
1.274977e-02;2.566189e-02;3.105775e-02;2.544070e-01;3.064637e-02;1.322016e-02;1.218931e-02;2.304271e-01;1.316184e-02;3.299930e-02;3.110296e-01;3.244985e-02
8.828785e-03;1.341737e-02;4.818308e-02;2.760903e-01;1.536953e-02;1.519943e-02;1.008768e-02;2.018630e-01;4.865072e-03;2.736107e-02;3.639300e-01;1.480467e-02
7.469743e-03;8.636105e-03;5.808198e-02;2.669999e-01;1.082055e-02;1.347128e-02;8.566591e-03;1.536603e-01;6.610446e-03;3.284452e-02;4.188214e-01;1.401713e-02
4.111948e-03;2.048901e-02;7.586488e-02;2.358225e-01;1.416795e-02;1.508954e-02;8.264117e-03;1.283072e-01;8.032346e-03;2.968434e-02;4.370820e-01;2.308414e-02
6.687649e-03;3.893655e-02;1.276179e-01;2.016192e-01;2.598340e-02;2.030519e-02;7.803931e-03;1.055483e-01;1.059701e-02;4.026907e-02;3.974492e-01;1.718266e-02
2.348797e-02;5.115453e-02;2.265224e-01;1.466049e-01;3.157504e-02;1.812436e-02;1.028798e-02;6.585442e-02;2.590287e-02;1.086754e-01;2.698622e-01;2.194795e-02
5.419960e-02;7.222616e-02;2.488721e-01;8.989678e-02;3.775333e-02;3.775971e-02;4.920353e-02;6.685834e-02;7.321797e-02;1.427817e-01;9.036835e-02;3.686240e-02
7.928234e-02;8.241684e-02;1.389100e-01;7.516504e-02;6.190376e-02;6.326155e-02;9.628207e-02;9.271147e-02;8.881070e-02;9.470682e-02;6.829312e-02;5.825622e-02
9.962361e-02;8.109123e-02;1.264913e-01;7.075695e-02;7.000466e-02;6.651723e-02;1.089975e-01;9.250946e-02;7.451329e-02;6.320882e-02;8.201573e-02;6.427019e-02
1.143070e-01;8.022686e-02;1.151663e-01;8.050749e-02;8.013366e-02;6.777310e-02;1.083798e-01;9.622714e-02;6.962154e-02;5.189893e-02;7.286617e-02;6.289195e-02
5.337901e-02;4.781034e-02;1.324450e-01;1.239282e-01;1.152097e-01;6.028280e-02;1.018224e-01;8.731288e-02;6.825174e-02;7.532401e-02;8.134186e-02;5.289211e-02
2.974825e-02;3.810240e-02;1.627621e-01;1.455826e-01;1.024223e-01;3.270393e-02;6.465288e-02;1.032145e-01;6.673551e-02;7.797828e-02;1.271267e-01;4.897051e-02
3.657652e-02;3.831580e-02;1.226608e-01;1.422823e-01;9.978803e-02;2.404557e-02;7.478487e-02;1.152626e-01;7.674725e-02;7.141073e-02;1.602039e-01;3.792166e-02
3.837041e-02;3.230591e-02;1.401639e-01;1.223703e-01;1.010133e-01;3.806338e-02;1.190155e-01;1.145673e-01;4.770701e-02;1.012160e-01;1.181670e-01;2.704006e-02
5.730584e-02;5.163467e-02;1.169628e-01;1.438419e-01;1.160710e-01;5.837784e-02;1.001450e-01;8.874634e-02;4.664199e-02;1.118121e-01;8.953997e-02;1.892053e-02
6.212921e-02;6.742954e-02;7.540210e-02;1.067227e-01;1.135623e-01;7.481881e-02;1.233103e-01;7.974326e-02;7.841618e-02;1.384309e-01;5.750711e-02;2.252756e-02
5.817850e-02;6.257834e-02;5.876088e-02;1.258600e-01;7.831283e-02;7.721955e-02;1.355987e-01;6.857841e-02;1.028025e-01;1.378130e-01;4.715406e-02;4.714328e-02
6.088638e-02;4.474664e-02;1.327640e-01;1.197059e-01;9.357816e-02;7.238229e-02;1.472102e-01;5.696680e-02;7.651371e-02;9.631751e-02;4.614110e-02;5.278734e-02
3.434758e-02;3.990198e-02;3.365799e-01;7.797647e-02;8.665397e-02;5.529106e-02;1.510855e-01;4.520697e-02;5.169055e-02;4.894639e-02;3.469346e-02;3.762624e-02
2.975819e-02;6.154415e-02;4.411142e-01;5.324763e-02;6.392998e-02;4.802740e-02;1.130873e-01;3.284689e-02;4.923176e-02;4.296185e-02;3.520399e-02;2.904668e-02
4.955430e-02;9.780359e-02;5.059460e-01;4.411024e-02;3.326300e-02;3.723853e-02;6.104413e-02;2.612071e-02;5.965443e-02;3.161015e-02;3.041689e-02;2.323808e-02
7.718638e-02;1.495250e-01;5.241221e-01;3.444733e-02;2.343478e-02;2.286288e-02;4.192599e-02;2.111813e-02;4.943429e-02;1.484676e-02;2.497081e-02;1.612555e-02
1.613364e-01;1.628966e-01;4.676304e-01;2.705778e-02;2.166865e-02;1.205951e-02;6.134574e-02;1.406651e-02;2.618315e-02;7.117986e-03;2.221193e-02;1.642529e-02
2.553667e-01;1.401983e-01;3.689861e-01;1.912357e-02;2.708410e-02;6.481861e-03;7.354250e-02;3.187055e-02;1.722716e-02;9.631419e-03;3.136145e-02;1.912624e-02
2.908629e-01;1.101914e-01;2.624351e-01;1.575296e-02;4.347539e-02;1.859124e-02;6.320427e-02;7.674564e-02;2.876802e-02;9.196355e-03;4.034979e-02;4.042693e-02
2.692934e-01;1.052469e-01;1.740672e-01;3.786248e-02;3.271000e-02;2.821303e-02;1.048344e-01;1.086606e-01;1.649051e-02;2.248367e-02;2.993864e-02;7.019916e-02
2.809526e-01;1.032881e-01;1.072174e-01;5.261540e-02;2.192000e-02;1.896102e-02;1.345582e-01;1.198344e-01;1.697827e-02;2.863721e-02;1.910380e-02;9.593362e-02
2.983966e-01;9.123799e-02;6.636909e-02;6.399757e-02;1.524589e-02;1.478553e-02;1.487311e-01;1.333466e-01;2.370010e-02;2.495715e-02;1.183554e-02;1.073968e-01
2.507558e-01;5.808046e-02;4.283267e-02;9.034883e-02;1.410624e-02;1.468169e-02;1.948508e-01;1.297190e-01;1.876166e-02;2.018461e-02;8.946951e-03;1.567314e-01
1.481577e-01;4.364770e-02;5.202761e-02;1.176884e-01;1.045417e-02;1.836861e-02;2.557037e-01;8.368560e-02;1.237491e-02;1.832915e-02;2.036098e-02;2.192015e-01
8.974454e-02;5.124052e-02;5.647207e-02;1.195658e-01;5.223741e-03;3.075035e-02;2.916044e-01;3.936656e-02;9.578072e-03;1.352195e-02;2.736033e-02;2.655716e-01
7.610696e-02;4.062860e-02;3.008349e-02;9.541602e-02;4.484993e-03;5.100773e-02;3.196786e-01;2.542416e-02;5.664228e-03;1.093184e-02;2.918313e-02;3.113902e-01
6.642255e-02;1.885149e-02;3.228118e-02;6.641623e-02;7.300129e-03;6.981080e-02;2.862405e-01;4.899393e-02;3.904079e-03;1.214258e-02;8.220512e-02;3.054314e-01
3.674040e-02;1.820155e-02;6.255720e-02;4.401918e-02;1.106488e-02;8.130535e-02;2.320819e-01;7.129150e-02;6.610227e-03;1.612061e-02;1.391943e-01;2.808129e-01
2.671011e-02;1.438186e-02;6.649949e-02;7.597686e-02;1.233960e-02;6.591396e-02;1.892433e-01;8.643498e-02;1.366747e-02;2.076142e-02;1.471596e-01;2.809113e-01
7.617558e-02;1.289640e-02;3.711238e-02;1.510748e-01;1.245639e-02;3.485626e-02;1.663641e-01;7.593839e-02;1.339499e-02;1.832182e-02;9.816501e-02;3.032438e-01
1.041852e-01;1.816251e-02;3.631010e-02;1.996270e-01;1.255903e-02;1.867050e-02;1.625337e-01;4.928998e-02;1.775597e-02;2.860599e-02;5.340599e-02;2.988940e-01
1.388791e-01;1.793954e-02;5.418116e-02;1.968458e-01;2.173600e-02;1.753801e-02;1.469261e-01;4.945390e-02;3.904036e-02;3.054645e-02;4.066890e-02;2.462447e-01
1.970082e-01;4.973353e-02;7.567517e-02;1.574122e-01;4.617182e-02;2.230235e-02;1.053021e-01;6.539146e-02;5.761992e-02;2.716351e-02;4.002257e-02;1.561972e-01
1.989674e-01;7.168596e-02;1.085912e-01;1.298621e-01;7.343228e-02;3.249459e-02;7.993399e-02;6.144772e-02;6.386802e-02;2.416564e-02;4.296761e-02;1.125835e-01
1.241934e-01;7.854730e-02;1.755671e-01;7.477229e-02;1.017178e-01;4.753783e-02;8.747502e-02;4.336747e-02;6.541938e-02;3.544161e-02;5.552170e-02;1.104391e-01
4.218222e-02;1.860983e-02;2.876530e-01;1.306275e-01;4.630512e-02;4.792281e-02;1.164444e-01;5.474924e-02;2.775440e-02;4.765389e-02;6.183662e-02;1.182609e-01
4.283136e-02;1.723945e-02;2.897971e-01;1.571726e-01;5.382409e-02;4.100895e-02;1.097661e-01;5.664105e-02;3.123440e-02;2.805606e-02;4.007625e-02;1.323527e-01
4.888468e-02;3.324521e-02;1.737503e-01;1.668472e-01;8.097743e-02;4.490934e-02;1.447990e-01;5.226475e-02;5.123099e-02;3.472049e-02;3.817540e-02;1.301953e-01
5.543026e-02;2.142381e-02;1.098976e-01;1.247583e-01;1.063614e-01;6.130690e-02;1.723978e-01;7.305256e-02;6.907995e-02;5.521546e-02;6.156428e-02;8.951163e-02
5.406513e-02;3.274231e-02;1.049009e-01;1.811214e-01;6.366204e-02;6.723242e-02;1.903012e-01;8.096877e-02;4.660634e-02;4.325962e-02;4.600965e-02;8.913030e-02
8.599036e-02;4.331064e-02;8.821214e-02;1.800409e-01;6.890459e-02;6.858767e-02;2.135948e-01;6.268042e-02;3.583728e-02;3.401150e-02;4.666902e-02;7.216068e-02
8.629259e-02;3.216596e-02;8.275513e-02;1.393448e-01;1.108330e-01;6.249588e-02;1.830181e-01;4.966196e-02;6.736635e-02;5.033219e-02;5.465280e-02;8.108120e-02
8.852963e-02;5.473878e-02;6.890193e-02;1.072436e-01;1.114694e-01;7.381029e-02;1.425994e-01;6.325340e-02;1.001044e-01;8.477057e-02;4.318907e-02;6.138949e-02
7.323775e-02;6.522381e-02;1.033010e-01;8.107574e-02;8.046109e-02;8.645206e-02;1.269886e-01;8.910476e-02;9.363631e-02;7.695395e-02;6.524264e-02;5.832231e-02
8.938928e-02;6.082451e-02;1.461759e-01;6.800575e-02;6.998143e-02;9.862754e-02;1.324768e-01;6.702363e-02;9.452808e-02;7.831708e-02;3.718795e-02;5.746197e-02
1.109627e-01;9.366912e-02;2.002576e-01;6.993668e-02;7.029351e-02;7.086509e-02;1.200856e-01;2.806677e-02;9.059803e-02;8.005098e-02;2.988227e-02;3.533167e-02
7.721581e-02;1.266182e-01;3.093464e-01;6.472549e-02;4.585535e-02;5.755562e-02;9.094261e-02;2.304024e-02;7.937299e-02;7.406817e-02;2.739930e-02;2.385975e-02
2.858483e-02;1.756148e-01;3.720981e-01;5.420873e-02;3.170227e-02;6.715642e-02;4.974024e-02;2.245913e-02;1.159269e-01;4.892953e-02;1.572299e-02;1.785606e-02
4.954176e-02;2.461393e-01;3.060416e-01;3.578959e-02;1.560108e-02;8.803398e-02;2.153210e-02;2.127986e-02;1.772251e-01;2.140306e-02;6.789580e-03;1.062304e-02
7.869571e-02;3.123181e-01;1.788102e-01;2.122113e-02;1.807835e-02;9.620734e-02;1.353864e-02;1.303368e-02;2.372525e-01;1.963335e-02;5.703816e-03;5.507156e-03
1.085080e-01;3.490224e-01;7.200181e-02;1.374985e-02;2.113713e-02;7.398526e-02;6.539871e-03;2.138830e-02;3.098807e-01;1.655142e-02;2.383892e-03;4.851323e-03
1.185665e-01;3.175667e-01;5.700985e-02;2.447163e-02;1.928767e-02;5.890443e-02;9.970455e-03;2.492109e-02;3.368495e-01;2.453235e-02;2.902365e-03;5.017443e-03
9.810234e-02;2.841481e-01;5.395633e-02;3.113674e-02;3.138221e-02;7.110328e-02;1.037657e-02;3.047124e-02;3.620823e-01;1.949863e-02;4.002048e-03;3.740214e-03
6.935906e-02;2.672940e-01;5.784839e-02;2.734473e-02;1.459322e-02;1.098872e-01;8.131941e-03;1.683900e-02;4.061321e-01;1.406810e-02;3.359935e-03;5.142393e-03
4.810603e-02;2.425449e-01;6.361860e-02;2.182156e-02;1.480836e-02;1.512634e-01;3.624267e-03;1.374950e-02;4.127901e-01;2.053626e-02;1.427874e-03;5.709178e-03
3.469281e-02;2.215680e-01;7.352162e-02;1.895775e-02;9.744515e-03;1.844713e-01;6.044892e-03;7.484895e-03;4.123333e-01;2.361292e-02;1.183568e-03;6.384427e-03
2.324752e-02;2.068941e-01;8.419452e-02;1.683900e-02;4.718272e-03;1.998449e-01;8.954878e-03;5.006402e-03;4.140143e-01;2.493843e-02;2.113280e-03;9.234506e-03
2.267041e-02;1.910723e-01;9.326266e-02;1.350769e-02;4.984298e-03;1.911167e-01;1.087418e-02;8.610191e-03;4.109480e-01;3.663621e-02;3.273580e-03;1.304385e-02
2.382164e-02;1.848775e-01;1.015403e-01;9.197219e-03;4.472319e-03;1.685987e-01;1.477622e-02;1.486164e-02;4.121879e-01;4.331563e-02;4.016593e-03;1.833415e-02
2.725237e-02;1.928607e-01;1.081014e-01;8.421071e-03;2.809438e-03;1.471666e-01;9.839095e-03;2.277355e-02;4.172164e-01;4.167848e-02;2.907628e-03;1.897327e-02
3.819737e-02;2.160326e-01;9.992021e-02;9.663851e-03;4.319111e-03;1.375352e-01;5.618973e-03;1.626112e-02;4.153627e-01;3.439848e-02;2.542453e-03;2.014786e-02
5.686030e-02;2.243866e-01;1.018431e-01;1.286140e-02;5.460732e-03;1.239607e-01;6.897160e-03;1.500435e-02;3.988604e-01;2.544351e-02;6.887932e-03;2.153385e-02
1.037488e-01;2.027801e-01;1.079875e-01;1.468578e-02;1.148271e-02;9.760219e-02;1.331187e-02;2.681796e-02;3.580902e-01;2.960384e-02;1.118541e-02;2.270363e-02
1.404068e-01;1.576089e-01;1.121639e-01;2.105962e-02;2.446046e-02;6.778293e-02;2.706831e-02;6.411042e-02;2.837632e-01;5.477621e-02;1.963854e-02;2.716061e-02
1.811135e-01;8.560380e-02;1.627833e-01;1.882527e-02;3.218270e-02;3.606840e-02;5.233720e-02;1.060748e-01;1.933665e-01;7.154782e-02;2.822422e-02;3.187245e-02
2.187453e-01;8.127365e-02;1.950158e-01;1.367290e-02;5.212667e-02;5.429948e-02;3.996236e-02;1.642151e-01;8.719537e-02;3.664756e-02;3.193902e-02;2.490677e-02
2.566295e-01;7.802383e-02;1.364819e-01;8.955914e-03;5.140958e-02;3.563558e-02;2.467434e-02;2.394958e-01;9.057055e-02;2.265507e-02;2.129762e-02;3.417043e-02
2.564999e-01;3.535486e-02;1.271376e-01;3.700342e-02;2.821413e-02;3.643193e-02;6.266410e-02;1.795207e-01;7.467616e-02;8.440089e-02;4.032113e-02;3.777513e-02
1.505856e-01;6.096854e-02;1.016288e-01;7.074064e-02;2.772354e-02;3.903293e-02;1.822265e-01;9.140827e-02;5.586182e-02;1.065582e-01;5.095640e-02;6.230875e-02
1.184073e-01;6.438300e-02;6.907222e-02;7.472713e-02;2.886883e-02;3.682338e-02;2.402499e-01;1.046181e-01;4.925564e-02;7.696392e-02;4.097959e-02;9.565098e-02
9.500595e-02;5.055268e-02;3.801278e-02;8.255059e-02;2.457638e-02;6.457778e-02;2.962350e-01;9.752619e-02;3.369912e-02;4.916220e-02;3.250562e-02;1.355957e-01
4.694393e-02;2.358583e-02;1.040644e-01;6.067188e-02;2.598570e-02;1.475017e-01;2.482208e-01;7.066417e-02;3.044820e-02;3.172284e-02;8.344418e-02;1.267464e-01
1.903436e-02;1.612075e-02;1.994745e-01;1.607981e-02;2.961522e-02;2.413073e-01;1.236916e-01;4.010905e-02;4.567427e-02;3.489440e-02;1.581356e-01;7.586323e-02
1.861445e-02;2.372639e-02;2.326503e-01;9.049950e-03;3.182776e-02;2.715469e-01;5.204252e-02;1.668869e-02;3.731327e-02;4.960836e-02;2.191775e-01;3.775384e-02
1.987200e-02;5.820132e-02;1.998267e-01;1.058710e-02;4.310255e-02;2.352851e-01;4.954013e-02;1.590383e-02;2.514637e-02;8.369214e-02;2.381728e-01;2.066993e-02
1.664270e-02;1.223563e-01;1.197598e-01;3.242840e-02;9.036869e-02;1.526904e-01;6.559092e-02;2.245117e-02;2.174947e-02;1.350184e-01;2.027657e-01;1.817810e-02
4.563865e-02;1.473437e-01;8.442157e-02;2.983377e-02;1.005052e-01;1.035492e-01;7.288145e-02;4.737713e-02;4.171220e-02;1.600276e-01;1.434780e-01;2.323166e-02
7.809941e-02;8.774401e-02;1.287794e-01;5.216794e-02;1.097945e-01;1.074739e-01;1.168418e-01;5.719092e-02;5.925833e-02;8.161766e-02;8.521557e-02;3.581646e-02
1.010602e-01;5.112799e-02;1.664528e-01;6.825183e-02;1.188798e-01;1.065275e-01;1.283709e-01;5.681487e-02;5.897069e-02;4.032698e-02;5.648379e-02;4.673252e-02
1.169344e-01;3.034621e-02;2.728139e-01;6.074696e-02;1.090690e-01;1.008191e-01;1.002711e-01;5.018675e-02;5.183256e-02;3.340193e-02;3.007549e-02;4.350255e-02
1.614999e-01;9.852515e-02;3.653396e-01;2.952330e-02;5.887098e-02;6.103561e-02;5.640619e-02;5.200729e-02;3.866393e-02;2.560758e-02;1.995301e-02;3.256748e-02
1.456033e-01;1.551380e-01;3.202301e-01;2.569495e-02;4.022115e-02;5.128083e-02;5.865461e-02;6.756352e-02;3.970736e-02;2.891217e-02;3.315995e-02;3.383404e-02
1.054684e-01;1.561777e-01;1.704216e-01;6.892747e-02;6.692459e-02;8.265593e-02;7.627144e-02;7.578707e-02;3.733975e-02;4.267818e-02;5.422904e-02;6.311890e-02
8.021921e-02;1.301303e-01;1.838008e-01;9.343982e-02;4.850445e-02;5.170498e-02;6.587083e-02;6.915475e-02;5.323722e-02;7.958402e-02;4.992897e-02;9.442471e-02
9.574556e-02;1.231563e-01;1.651628e-01;7.591141e-02;4.466799e-02;8.317301e-02;7.309996e-02;4.579256e-02;8.549666e-02;7.780892e-02;6.374885e-02;6.623602e-02
9.955451e-02;8.709660e-02;1.466738e-01;6.740966e-02;8.394567e-02;9.773500e-02;9.259705e-02;4.613751e-02;8.501896e-02;6.438144e-02;6.249551e-02;6.695427e-02
7.328425e-02;4.384992e-02;2.023299e-01;4.964250e-02;8.857831e-02;9.084073e-02;9.005833e-02;7.856029e-02;9.429715e-02;5.526581e-02;5.755595e-02;7.573675e-02
7.852609e-02;4.203850e-02;1.941006e-01;7.372941e-02;6.598240e-02;8.188018e-02;8.375594e-02;9.821298e-02;9.013548e-02;6.739015e-02;5.271004e-02;7.153820e-02
1.003513e-01;4.820542e-02;1.259211e-01;1.013407e-01;1.195832e-01;8.541471e-02;9.688859e-02;9.520403e-02;5.412469e-02;8.611878e-02;3.805648e-02;4.879096e-02
1.008041e-01;6.671765e-02;8.151619e-02;8.777069e-02;1.416931e-01;8.033690e-02;1.303848e-01;7.173156e-02;6.144591e-02;7.534330e-02;4.911550e-02;5.314029e-02
6.238297e-02;8.198228e-02;8.973516e-02;6.896821e-02;1.217359e-01;7.200103e-02;1.298947e-01;5.917945e-02;1.059808e-01;8.039793e-02;6.104131e-02;6.670023e-02
6.422953e-02;8.836158e-02;1.162211e-01;5.935896e-02;8.637519e-02;6.657600e-02;1.072323e-01;8.579048e-02;1.169749e-01;8.942544e-02;5.206612e-02;6.738842e-02
7.287708e-02;9.199749e-02;9.443671e-02;7.884456e-02;1.030774e-01;7.320519e-02;1.088914e-01;7.871670e-02;9.817293e-02;8.177328e-02;5.514054e-02;6.286671e-02
3.877722e-02;7.693661e-02;5.411150e-02;7.223666e-02;1.974967e-01;6.607626e-02;1.275113e-01;9.975600e-02;4.729477e-02;1.095937e-01;5.519950e-02;5.500972e-02
4.758129e-02;8.759154e-02;7.945371e-02;6.791622e-02;2.234249e-01;3.769682e-02;9.241734e-02;1.170363e-01;4.972160e-02;9.801577e-02;4.324948e-02;5.589512e-02
4.165393e-02;8.967142e-02;1.126829e-01;9.387136e-02;1.510141e-01;5.671460e-02;1.123642e-01;7.972191e-02;9.483566e-02;5.680448e-02;5.437111e-02;5.629433e-02
5.420860e-02;8.058384e-02;1.181807e-01;7.965588e-02;1.024222e-01;5.368008e-02;1.256655e-01;1.329169e-01;1.120669e-01;5.497011e-02;4.247525e-02;4.317404e-02
8.355089e-02;7.815457e-02;1.077157e-01;5.158640e-02;8.527801e-02;3.352328e-02;8.265441e-02;1.570249e-01;1.344457e-01;9.631575e-02;4.203432e-02;4.771605e-02
8.200501e-02;1.097985e-01;8.537453e-02;6.179700e-02;6.476463e-02;4.639691e-02;5.629709e-02;8.637317e-02;1.454524e-01;9.667969e-02;6.492037e-02;1.001407e-01
6.536546e-02;1.193420e-01;1.331063e-01;8.062144e-02;5.431620e-02;4.715547e-02;5.157246e-02;7.729571e-02;1.190714e-01;8.769261e-02;5.748407e-02;1.069769e-01
4.617875e-02;1.015226e-01;1.624279e-01;7.621939e-02;7.056364e-02;5.708350e-02;5.831812e-02;8.160444e-02;9.606940e-02;9.256072e-02;5.355825e-02;1.038933e-01
6.699781e-02;6.656788e-02;2.188370e-01;5.624746e-02;8.077238e-02;5.431088e-02;5.585232e-02;5.337214e-02;1.012278e-01;9.276009e-02;5.162958e-02;1.014247e-01
1.314830e-01;4.795989e-02;2.496202e-01;5.226749e-02;7.056052e-02;4.898588e-02;5.715849e-02;5.031779e-02;7.671551e-02;9.471932e-02;5.076948e-02;6.944250e-02
1.368376e-01;1.038828e-01;1.969942e-01;4.010269e-02;4.860256e-02;5.096306e-02;4.812749e-02;6.533556e-02;5.414373e-02;9.893744e-02;9.540007e-02;6.067280e-02
1.108853e-01;1.249665e-01;1.459747e-01;4.426942e-02;4.234857e-02;6.030034e-02;6.397640e-02;6.234063e-02;9.659052e-02;8.355712e-02;9.721909e-02;6.757139e-02
9.980433e-02;7.593470e-02;1.330679e-01;7.253408e-02;6.147864e-02;5.618211e-02;9.007017e-02;7.090376e-02;9.088328e-02;8.267374e-02;8.428603e-02;8.218130e-02
9.770557e-02;7.722960e-02;1.124653e-01;5.949185e-02;5.278733e-02;5.478185e-02;1.040934e-01;8.780184e-02;1.161504e-01;9.255964e-02;7.401512e-02;7.091813e-02
8.893013e-02;7.126306e-02;1.026498e-01;3.818608e-02;5.600549e-02;5.401237e-02;9.915503e-02;1.065180e-01;1.161223e-01;1.100226e-01;9.408372e-02;6.305151e-02
8.179563e-02;5.632985e-02;1.313529e-01;4.490670e-02;4.400930e-02;4.275403e-02;1.194457e-01;1.307043e-01;4.762540e-02;1.190905e-01;1.126891e-01;6.929659e-02
8.846217e-02;5.056031e-02;1.331646e-01;5.999912e-02;5.186805e-02;4.311635e-02;9.499608e-02;1.245493e-01;1.035967e-01;9.701754e-02;9.883290e-02;5.383689e-02
8.641808e-02;3.509703e-02;1.074043e-01;5.545806e-02;9.753172e-02;4.653396e-02;6.895926e-02;1.095615e-01;1.353209e-01;9.059983e-02;9.383796e-02;7.327732e-02
9.480911e-02;1.778478e-02;7.490396e-02;4.509428e-02;1.343233e-01;1.042619e-01;9.267924e-02;7.313208e-02;1.162305e-01;7.760534e-02;5.814214e-02;1.110334e-01
1.580480e-01;1.793503e-02;4.478739e-02;3.816880e-02;9.815844e-02;2.106924e-01;1.848289e-01;3.736483e-02;4.898492e-02;8.157682e-02;1.704628e-02;6.240822e-02
1.429836e-01;6.372593e-02;1.322810e-02;3.333126e-02;4.064779e-02;2.277357e-01;3.414315e-01;2.106412e-02;1.277353e-02;7.990369e-02;8.111482e-03;1.506331e-02
5.590089e-02;1.321783e-01;8.029035e-03;1.746442e-02;2.198789e-02;1.528780e-01;5.195218e-01;1.527157e-02;1.609844e-02;3.347822e-02;2.329271e-02;3.898661e-03
1.566133e-02;1.666438e-01;6.541234e-03;5.710030e-03;1.860711e-02;8.764598e-02;6.004335e-01;2.044009e-02;1.919789e-02;1.399914e-02;4.170892e-02;3.410995e-03
5.214878e-03;1.659616e-01;5.096317e-03;2.834565e-03;1.657513e-02;5.838442e-02;6.192068e-01;2.282371e-02;1.742850e-02;2.506967e-02;5.830520e-02;3.099203e-03
5.330192e-03;1.529059e-01;7.887380e-03;2.694689e-03;1.892907e-02;4.928710e-02;6.323707e-01;2.670152e-02;1.633947e-02;2.999209e-02;5.509812e-02;2.463761e-03
1.222456e-02;1.397139e-01;9.510106e-03;4.214746e-03;2.619986e-02;7.668366e-02;6.398749e-01;1.817622e-02;1.649645e-02;1.581337e-02;3.856628e-02;2.525955e-03
4.543283e-02;1.171232e-01;8.589771e-03;9.543558e-03;4.531042e-02;1.219027e-01;5.716650e-01;2.955798e-02;1.276172e-02;1.497698e-02;2.086509e-02;2.270768e-03
1.089946e-01;9.101814e-02;2.173118e-02;1.693145e-02;8.368611e-02;1.544856e-01;4.177213e-01;3.692665e-02;1.123262e-02;3.272308e-02;1.375484e-02;1.079442e-02
1.553477e-01;6.805730e-02;7.083305e-02;2.617725e-02;1.633427e-01;1.777566e-01;2.074583e-01;3.844173e-02;1.376682e-02;4.197344e-02;1.677505e-02;2.007002e-02
8.471753e-02;2.280181e-02;1.005104e-01;3.322319e-02;2.353672e-01;1.716263e-01;2.501122e-01;1.934534e-02;2.680779e-02;2.251577e-02;9.441650e-03;2.353080e-02
1.747849e-02;1.779653e-02;1.568746e-01;4.194624e-02;2.678839e-01;1.653491e-01;2.232165e-01;1.315350e-02;3.483303e-02;1.604869e-02;1.045076e-02;3.496875e-02
2.214010e-02;1.611775e-02;2.668375e-01;4.827400e-02;2.191351e-01;1.262646e-01;1.885767e-01;1.766019e-02;2.369038e-02;1.621415e-02;1.630586e-02;3.878362e-02
2.109625e-02;1.378730e-02;4.064997e-01;5.552995e-02;1.703349e-01;9.263708e-02;1.261413e-01;1.436585e-02;1.689109e-02;1.660711e-02;2.731976e-02;3.878968e-02
3.214359e-02;2.855643e-02;5.167992e-01;6.390340e-02;1.192714e-01;5.902994e-02;7.147047e-02;1.559042e-02;1.609546e-02;1.961573e-02;2.747266e-02;3.005127e-02
2.827107e-02;3.362422e-02;5.085000e-01;5.288548e-02;1.057414e-01;5.696026e-02;7.332060e-02;3.611616e-02;2.822070e-02;2.708957e-02;3.238189e-02;1.688861e-02
3.654960e-02;2.757316e-02;3.653590e-01;2.865290e-02;8.862113e-02;7.613865e-02;1.516555e-01;6.797356e-02;4.466959e-02;3.270949e-02;5.937304e-02;2.072434e-02
3.735634e-02;3.641360e-02;2.560747e-01;3.101169e-02;5.233497e-02;8.555468e-02;2.713737e-01;5.243732e-02;5.251964e-02;3.883791e-02;4.940650e-02;3.667898e-02
4.049906e-02;5.376198e-02;2.885606e-01;3.684442e-02;6.407911e-02;7.605288e-02;2.617146e-01;3.084048e-02;5.175984e-02;4.686528e-02;1.847582e-02;3.054585e-02
5.666574e-02;5.873171e-02;2.901081e-01;5.092633e-02;5.756125e-02;7.396383e-02;1.957573e-01;4.147701e-02;7.225808e-02;4.684528e-02;2.796872e-02;2.773665e-02
7.561931e-02;6.537062e-02;1.584768e-01;8.239981e-02;4.668467e-02;6.355157e-02;1.440605e-01;7.979900e-02;9.027632e-02;8.229638e-02;6.277858e-02;4.868640e-02
7.658184e-02;6.944968e-02;1.639202e-01;6.570693e-02;6.488462e-02;6.607332e-02;1.617989e-01;9.819907e-02;7.711142e-02;6.309866e-02;5.113753e-02;4.203783e-02
4.871627e-02;6.927500e-02;1.814960e-01;6.266443e-02;6.159473e-02;8.551572e-02;2.052030e-01;7.747568e-02;6.117086e-02;4.507076e-02;4.949126e-02;5.232629e-02
5.113158e-02;6.737928e-02;1.586710e-01;5.456797e-02;6.933779e-02;1.454116e-01;2.503831e-01;5.366163e-02;3.510423e-02;3.087773e-02;3.814416e-02;4.532989e-02
7.722377e-02;6.124795e-02;8.713392e-02;3.157560e-02;5.654414e-02;2.597414e-01;2.910344e-01;2.803896e-02;1.477585e-02;4.429325e-02;2.231143e-02;2.607925e-02
7.639895e-02;3.769010e-02;2.581999e-02;1.519907e-02;4.194964e-02;4.196016e-01;2.628297e-01;3.128622e-02;9.347744e-03;6.022310e-02;9.941372e-03;9.712494e-03
5.062660e-02;1.480209e-02;6.207093e-03;9.868143e-03;3.806559e-02;5.570753e-01;1.921319e-01;3.335258e-02;1.255469e-02;7.209224e-02;8.266978e-03;4.956800e-03
4.624252e-02;4.950830e-03;1.394929e-02;1.110234e-02;4.828478e-02;5.548396e-01;1.668306e-01;2.862182e-02;1.690398e-02;9.441545e-02;8.379437e-03;5.479353e-03
7.015260e-02;5.933458e-03;1.507165e-02;9.682831e-03;7.910754e-02;4.947905e-01;1.176674e-01;2.283919e-02;1.166106e-02;1.607295e-01;6.923568e-03;5.440671e-03
9.960814e-02;1.137629e-02;1.893021e-02;3.230365e-02;9.869655e-02;3.949109e-01;6.183683e-02;3.922426e-02;1.232554e-02;2.137361e-01;6.150984e-03;1.090058e-02
1.361088e-01;1.593530e-02;3.341316e-02;4.123456e-02;7.067205e-02;3.068542e-01;1.180933e-01;4.867121e-02;2.070256e-02;1.818087e-01;1.388053e-02;1.262561e-02
2.099620e-01;1.318166e-02;2.820478e-02;3.523960e-02;7.982027e-02;2.921263e-01;1.228795e-01;5.331439e-02;1.657465e-02;1.156999e-01;1.733864e-02;1.565836e-02
2.284916e-01;1.216317e-02;5.546052e-02;3.384624e-02;1.195628e-01;2.568170e-01;1.127236e-01;5.564202e-02;1.631903e-02;8.174969e-02;1.210860e-02;1.511576e-02
1.545139e-01;2.318509e-02;1.406051e-01;3.965043e-02;1.291830e-01;1.825430e-01;1.125606e-01;5.699854e-02;3.636414e-02;8.662473e-02;9.067224e-03;2.870433e-02
8.202215e-02;3.173736e-02;2.256421e-01;6.479439e-02;1.579904e-01;1.088626e-01;1.180781e-01;4.444681e-02;5.208404e-02;7.553022e-02;8.998896e-03;2.981295e-02
3.981542e-02;2.630253e-02;2.992850e-01;1.160223e-01;2.063268e-01;8.181150e-02;5.501047e-02;3.174563e-02;2.006241e-02;9.850278e-02;8.971633e-03;1.614352e-02
3.431856e-02;2.879944e-02;3.161599e-01;1.260906e-01;2.146558e-01;7.075373e-02;3.730670e-02;3.544546e-02;1.211856e-02;8.671895e-02;2.047105e-02;1.716123e-02
2.922360e-02;3.894680e-02;1.845230e-01;7.530521e-02;2.587135e-01;8.379050e-02;1.226507e-01;3.778998e-02;4.064532e-02;6.482368e-02;2.951440e-02;3.407336e-02
2.860816e-02;3.600749e-02;9.479807e-02;4.713420e-02;3.040688e-01;9.060229e-02;1.749680e-01;2.949970e-02;6.171815e-02;5.381391e-02;2.639919e-02;5.238194e-02
2.227754e-02;1.950057e-02;1.226679e-01;3.014085e-02;3.271990e-01;1.071044e-01;1.736460e-01;1.566227e-02;7.357758e-02;3.206207e-02;1.428640e-02;6.187542e-02
2.159869e-02;7.774676e-03;1.515899e-01;1.179150e-02;2.850279e-01;1.566062e-01;1.672456e-01;9.434297e-03;7.656717e-02;1.258950e-02;6.457356e-03;9.331724e-02
2.568430e-02;3.687176e-03;1.212432e-01;1.608335e-02;2.638629e-01;1.627298e-01;1.494549e-01;1.399141e-02;1.024799e-01;4.995491e-03;8.215775e-03;1.275717e-01
1.583104e-02;3.839158e-03;1.009108e-01;4.650511e-02;3.078202e-01;1.147175e-01;1.118009e-01;2.492158e-02;1.201336e-01;6.584664e-03;1.389960e-02;1.330360e-01
9.761033e-03;6.313949e-03;1.398742e-01;1.130464e-01;2.614296e-01;7.204281e-02;8.732846e-02;6.239999e-02;7.513138e-02;1.248902e-02;4.794130e-02;1.122419e-01
8.417264e-03;1.342598e-02;2.432600e-01;1.599463e-01;1.510858e-01;4.421935e-02;7.436782e-02;8.792584e-02;3.005802e-02;3.160145e-02;8.474850e-02;7.094379e-02
7.274878e-03;2.619301e-02;3.718487e-01;1.261952e-01;6.735845e-02;3.292270e-02;8.421213e-02;6.814887e-02;2.648195e-02;6.661714e-02;8.402504e-02;3.872200e-02
2.007464e-02;4.026153e-02;4.589500e-01;6.621400e-02;4.168815e-02;3.811723e-02;9.530928e-02;3.288995e-02;3.712746e-02;9.690331e-02;3.698622e-02;3.547819e-02
4.173764e-02;3.970198e-02;3.823278e-01;5.336368e-02;8.218899e-02;7.192022e-02;8.946124e-02;4.119303e-02;4.160980e-02;9.109739e-02;1.769677e-02;4.770144e-02
6.064348e-02;4.688030e-02;2.933527e-01;5.322236e-02;9.382145e-02;6.591340e-02;7.869232e-02;4.729588e-02;5.333836e-02;1.069207e-01;4.236031e-02;5.755870e-02
8.018786e-02;5.995884e-02;1.164628e-01;4.357237e-02;6.217339e-02;8.091396e-02;1.817497e-01;8.033274e-02;8.286490e-02;7.923586e-02;7.797839e-02;5.456921e-02
7.213367e-02;3.839245e-02;6.165817e-02;3.272368e-02;1.088374e-01;9.723621e-02;1.801346e-01;6.524424e-02;1.145691e-01;6.111626e-02;5.958850e-02;1.083657e-01
5.787506e-02;2.388880e-02;3.466035e-02;5.511973e-02;1.306293e-01;9.412598e-02;1.404504e-01;6.062539e-02;1.110763e-01;4.965094e-02;1.073797e-01;1.345180e-01
3.921487e-02;1.435311e-02;5.198077e-02;7.613314e-02;1.056714e-01;6.265954e-02;6.931355e-02;5.924398e-02;9.181366e-02;6.059965e-02;2.521128e-01;1.169035e-01
5.928327e-02;1.273953e-02;9.504874e-02;6.235759e-02;5.415626e-02;2.663029e-02;5.100809e-02;4.597780e-02;6.701449e-02;1.189599e-01;3.490687e-01;5.775525e-02
1.092735e-01;1.324677e-02;1.664875e-01;2.599525e-02;2.733324e-02;7.682208e-03;8.068665e-02;1.851403e-02;5.383580e-02;2.486478e-01;2.335506e-01;1.474670e-02
1.111259e-01;1.671463e-02;2.299087e-01;1.319955e-02;4.541714e-02;4.058707e-03;9.141261e-02;6.621657e-03;6.263663e-02;3.454421e-01;6.625206e-02;7.210268e-03
5.821855e-02;2.316566e-02;2.731952e-01;8.965584e-03;8.536117e-02;4.693250e-03;7.336114e-02;8.847726e-03;8.352032e-02;3.588953e-01;1.398181e-02;7.794224e-03
1.511832e-02;3.208601e-02;2.812041e-01;7.862150e-03;1.264306e-01;7.106790e-03;4.766703e-02;1.017593e-02;1.170703e-01;3.360395e-01;1.187064e-02;7.368778e-03
1.009241e-02;4.583169e-02;2.634947e-01;8.693354e-03;1.315833e-01;8.201017e-03;2.532890e-02;3.593023e-02;1.470031e-01;3.059684e-01;1.001316e-02;7.859773e-03
9.294937e-03;6.422380e-02;2.671628e-01;9.266838e-03;7.534669e-02;9.540194e-03;2.262761e-02;6.561852e-02;1.765779e-01;2.810976e-01;9.193011e-03;1.005013e-02
9.117404e-03;6.909197e-02;2.847684e-01;1.407971e-02;2.520915e-02;1.268789e-02;2.244485e-02;7.507561e-02;1.713747e-01;3.014083e-01;5.877152e-03;8.864879e-03
1.085181e-02;6.714293e-02;2.826829e-01;9.915392e-03;2.074291e-02;1.523748e-02;1.594795e-02;9.072343e-02;1.754944e-01;2.935306e-01;6.335136e-03;1.139505e-02
6.476103e-03;6.438726e-02;2.612855e-01;8.809526e-03;1.936517e-02;1.280812e-02;1.853340e-02;1.216711e-01;1.739257e-01;2.908198e-01;6.105540e-03;1.581273e-02
9.291619e-03;5.786932e-02;2.213464e-01;1.192853e-02;1.491576e-02;2.185005e-02;1.884256e-02;1.435484e-01;1.661297e-01;3.089888e-01;4.653946e-03;2.063490e-02
3.968682e-03;5.505515e-02;1.888797e-01;1.367488e-02;1.101788e-02;2.236766e-02;1.288541e-02;1.545944e-01;1.543717e-01;3.545924e-01;5.317742e-03;2.327451e-02
5.600157e-03;6.250369e-02;1.723659e-01;1.052642e-02;9.203820e-03;1.769718e-02;1.138450e-02;1.483321e-01;1.482984e-01;3.774793e-01;9.546466e-03;2.706213e-02
5.587176e-03;8.645187e-02;1.577073e-01;7.620461e-03;1.010795e-02;3.236852e-02;1.142371e-02;1.340281e-01;1.843159e-01;3.185202e-01;1.258991e-02;3.927889e-02
6.966326e-03;1.384487e-01;1.296239e-01;8.762254e-03;5.895006e-03;6.159868e-02;1.025750e-02;1.041662e-01;2.723336e-01;1.959494e-01;8.241139e-03;5.775732e-02
8.712968e-03;1.851133e-01;1.008892e-01;1.379211e-02;3.950919e-03;8.819395e-02;7.273915e-03;6.186629e-02;3.733040e-01;8.038031e-02;7.638709e-03;6.888435e-02
1.111183e-02;1.845925e-01;8.786753e-02;1.248837e-02;1.988606e-03;9.208238e-02;4.092953e-03;4.296293e-02;4.490656e-01;4.373202e-02;4.657921e-03;6.535736e-02
9.120820e-03;1.426907e-01;9.828436e-02;1.058763e-02;3.516741e-03;7.320540e-02;4.537680e-03;7.487772e-02;4.719984e-01;5.277270e-02;3.891207e-03;5.451665e-02
1.992254e-02;1.104221e-01;1.266558e-01;1.292379e-02;6.199021e-03;4.684517e-02;5.028883e-03;1.062183e-01;4.527511e-01;6.384873e-02;3.172451e-03;4.601207e-02
3.597520e-02;1.367331e-01;1.616193e-01;1.421701e-02;6.903032e-03;4.116677e-02;9.192969e-03;1.129028e-01;3.712418e-01;5.720702e-02;6.241406e-03;4.659954e-02
8.603203e-02;2.188322e-01;1.897728e-01;1.832624e-02;1.132459e-02;6.489307e-02;9.227964e-03;9.071921e-02;2.189224e-01;3.996864e-02;4.802439e-03;4.717843e-02
1.255285e-01;2.290078e-01;2.445688e-01;2.469207e-02;3.064126e-02;5.485083e-02;1.356715e-02;5.947532e-02;1.145746e-01;5.865079e-02;4.563507e-03;3.987936e-02
9.425084e-02;1.826011e-01;3.380474e-01;4.014544e-02;6.622875e-02;3.147691e-02;2.459618e-02;3.348352e-02;6.322531e-02;8.993204e-02;7.563721e-03;2.844885e-02
2.555021e-02;1.580237e-01;3.363661e-01;8.633140e-02;6.398851e-02;4.617267e-02;2.709104e-02;4.725648e-02;1.026309e-01;7.887706e-02;4.919538e-03;2.279249e-02
4.984440e-02;1.864578e-01;2.436913e-01;1.305143e-01;3.689970e-02;5.935062e-02;3.194288e-02;4.079065e-02;1.534331e-01;3.637829e-02;1.062296e-02;2.007406e-02
9.292605e-02;1.900094e-01;3.865101e-01;8.557593e-02;1.746507e-02;3.510793e-02;2.924930e-02;1.754845e-02;1.098033e-01;1.213259e-02;1.045364e-02;1.321829e-02
9.009574e-02;2.143499e-01;5.084965e-01;3.194300e-02;1.373466e-02;3.430704e-02;1.264867e-02;6.339716e-03;5.098786e-02;1.162994e-02;1.240773e-02;1.305931e-02
6.715235e-02;2.002306e-01;5.537950e-01;2.489729e-02;1.173932e-02;3.886027e-02;1.640649e-02;1.113723e-02;3.916740e-02;8.912287e-03;9.623042e-03;1.807867e-02
4.732281e-02;1.635987e-01;5.959449e-01;2.513095e-02;9.138749e-03;3.690575e-02;1.899335e-02;2.557582e-02;3.936866e-02;1.188283e-02;1.130828e-02;1.482909e-02
2.803148e-02;1.082037e-01;6.221263e-01;2.782787e-02;2.888581e-02;1.760807e-02;4.991940e-02;3.433244e-02;3.489016e-02;2.593622e-02;1.164723e-02;1.059138e-02
1.258561e-02;5.678400e-02;6.087635e-01;3.886516e-02;4.525290e-02;8.334850e-03;8.376016e-02;2.298556e-02;6.730683e-02;4.090950e-02;7.812524e-03;6.639454e-03
9.074148e-03;2.770160e-02;5.730193e-01;5.843093e-02;5.338565e-02;1.665142e-02;9.000088e-02;1.168970e-02;9.537672e-02;4.210291e-02;1.831217e-02;4.254601e-03
8.777079e-03;1.653429e-02;4.879380e-01;1.048703e-01;6.774777e-02;5.560581e-02;4.725944e-02;4.976297e-02;7.468214e-02;3.066200e-02;5.001663e-02;6.143620e-03
6.572388e-03;2.126867e-02;3.255288e-01;1.268730e-01;1.034021e-01;1.069517e-01;3.342357e-02;1.121913e-01;2.669428e-02;4.218347e-02;7.506949e-02;1.984134e-02
4.999015e-03;2.471950e-02;1.856556e-01;1.040621e-01;1.550861e-01;1.484924e-01;5.476032e-02;1.059737e-01;1.394320e-02;8.458249e-02;6.253608e-02;5.518949e-02
7.740668e-03;1.459193e-02;1.159816e-01;9.251915e-02;2.180996e-01;1.573155e-01;8.351925e-02;4.961506e-02;3.259124e-02;9.458664e-02;3.228483e-02;1.011545e-01
2.629764e-02;2.883536e-02;1.498506e-01;1.058579e-01;2.007619e-01;9.445196e-02;1.357023e-01;2.575178e-02;4.022074e-02;5.964420e-02;3.058844e-02;1.020372e-01
3.982925e-02;4.444722e-02;2.461110e-01;1.110441e-01;1.359945e-01;4.373321e-02;1.394329e-01;3.351578e-02;4.144902e-02;3.840407e-02;5.313383e-02;7.290509e-02
3.245711e-02;3.428800e-02;4.445851e-01;9.447588e-02;8.293325e-02;2.949985e-02;9.119557e-02;2.994018e-02;4.034973e-02;3.116088e-02;5.588303e-02;3.323145e-02
2.674145e-02;9.413787e-03;6.483482e-01;7.636556e-02;5.664451e-02;1.581331e-02;3.009536e-02;1.068351e-02;4.220149e-02;4.377837e-02;2.852779e-02;1.138666e-02
4.375335e-02;2.848461e-02;6.236107e-01;6.275567e-02;4.041872e-02;1.712338e-02;3.826522e-02;1.226583e-02;4.660259e-02;6.370068e-02;1.574182e-02;7.277449e-03
9.484545e-02;3.859014e-02;3.977066e-01;7.448139e-02;4.918789e-02;2.416001e-02;5.595979e-02;1.673053e-02;4.362853e-02;1.449724e-01;3.852323e-02;2.121412e-02
1.250764e-01;3.352029e-02;2.911258e-01;8.433471e-02;4.976203e-02;2.492957e-02;5.742396e-02;1.514038e-02;4.933150e-02;1.647690e-01;8.182060e-02;2.276570e-02
1.227021e-01;2.396451e-02;2.734847e-01;1.063732e-01;3.938204e-02;1.673141e-02;4.008053e-02;1.447901e-02;4.808429e-02;1.536757e-01;1.450256e-01;1.601681e-02
1.616175e-01;1.679589e-02;2.822947e-01;8.564112e-02;2.326445e-02;7.777007e-03;4.128228e-02;1.019667e-02;4.655483e-02;1.772924e-01;1.365630e-01;1.072023e-02
1.910409e-01;1.839990e-02;3.222415e-01;3.656990e-02;1.792100e-02;3.576615e-03;5.320722e-02;5.588932e-03;4.163757e-02;2.385725e-01;6.650665e-02;4.737185e-03
1.431400e-01;4.276345e-02;3.663163e-01;1.867861e-02;2.543106e-02;2.530806e-03;5.695504e-02;3.565592e-03;4.125829e-02;2.631392e-01;2.899277e-02;7.228914e-03
7.939130e-02;7.868921e-02;4.171514e-01;2.062833e-02;3.342937e-02;6.302511e-03;5.441976e-02;6.941173e-03;3.898283e-02;2.342171e-01;1.548801e-02;1.435903e-02
8.469955e-02;8.154343e-02;4.381946e-01;5.006009e-02;3.493387e-02;1.330032e-02;4.724047e-02;1.291207e-02;3.368456e-02;1.438954e-01;3.778165e-02;2.175401e-02
1.151761e-01;5.688588e-02;4.654496e-01;6.452375e-02;3.444271e-02;1.636838e-02;4.342848e-02;1.654522e-02;2.356386e-02;7.357442e-02;6.205634e-02;2.798525e-02
1.146324e-01;1.031008e-01;4.225723e-01;4.705820e-02;2.284640e-02;1.630947e-02;3.170975e-02;1.358646e-02;5.951185e-02;8.993409e-02;4.568181e-02;3.305647e-02
1.481463e-01;1.578730e-01;3.256739e-01;2.679256e-02;1.510688e-02;2.865750e-02;3.568810e-02;2.507785e-02;9.298904e-02;7.771663e-02;3.334523e-02;3.293305e-02
2.243931e-01;1.268590e-01;2.572803e-01;2.404008e-02;2.569021e-02;4.187246e-02;4.786165e-02;3.612719e-02;9.972204e-02;5.777417e-02;3.319573e-02;2.518410e-02
1.288039e-01;8.370404e-02;3.173357e-01;4.093218e-02;4.814510e-02;5.467436e-02;8.885988e-02;5.222687e-02;5.746318e-02;7.815905e-02;2.614615e-02;2.354956e-02
