7.371752e-02;6.608878e-02;2.809556e-01;6.028078e-02;4.332773e-02;6.146850e-02;5.808399e-02;1.432898e-01;9.140433e-02;5.951228e-02;2.321009e-02;3.866059e-02
6.771220e-02;7.443812e-02;2.537079e-01;7.484889e-02;6.363045e-02;1.085970e-01;4.898677e-02;9.675633e-02;8.942561e-02;6.295317e-02;1.729845e-02;4.164520e-02
7.061735e-02;6.603508e-02;1.292031e-01;7.619590e-02;5.391112e-02;1.467800e-01;4.830864e-02;1.535939e-01;8.815163e-02;6.995870e-02;3.460388e-02;6.264070e-02
9.050630e-02;4.661817e-02;1.059897e-01;6.754070e-02;4.341190e-02;1.055500e-01;3.900145e-02;1.707870e-01;9.786964e-02;7.005031e-02;5.876867e-02;1.039061e-01
4.343119e-02;5.955183e-02;9.997827e-02;1.019839e-01;5.391999e-02;1.257105e-01;4.706077e-02;1.573263e-01;8.756324e-02;7.083901e-02;4.642446e-02;1.062105e-01
6.527209e-02;9.298472e-02;1.168226e-01;1.173488e-01;6.035035e-02;9.027882e-02;4.542232e-02;1.324282e-01;7.988381e-02;8.120076e-02;4.468134e-02;7.332622e-02
8.124835e-02;1.061612e-01;1.225158e-01;1.101832e-01;3.903795e-02;7.876273e-02;5.392773e-02;1.343652e-01;9.294579e-02;8.020956e-02;3.786342e-02;6.277896e-02
7.024941e-02;9.826438e-02;9.952088e-02;8.315423e-02;6.275036e-02;1.457910e-01;6.386607e-02;1.335064e-01;6.124027e-02;6.920552e-02;5.961556e-02;5.283597e-02
2.793934e-02;1.146678e-01;8.174230e-02;6.399582e-02;9.246328e-02;1.458069e-01;8.167823e-02;1.465757e-01;5.210604e-02;7.390589e-02;7.894722e-02;4.017146e-02
5.136522e-02;8.071387e-02;1.154080e-01;7.005861e-02;7.940627e-02;1.889295e-01;8.321463e-02;1.452979e-01;5.463267e-02;4.854478e-02;6.241051e-02;2.001805e-02
3.286615e-02;7.799943e-02;1.033631e-01;7.905050e-02;8.310641e-02;2.082032e-01;6.696539e-02;1.101239e-01;3.936600e-02;2.971228e-02;9.081073e-02;7.843284e-02
1.734762e-02;8.945344e-02;9.254497e-02;1.159272e-01;7.217662e-02;1.540059e-01;4.512014e-02;9.413512e-02;1.949231e-02;1.604915e-02;1.763660e-01;1.073816e-01
1.561448e-02;8.667386e-02;6.621609e-02;1.927111e-01;5.642770e-02;7.658595e-02;2.498512e-02;9.839731e-02;1.221704e-02;7.519805e-03;2.622764e-01;1.003751e-01
3.162131e-02;6.126173e-02;6.348099e-02;2.898077e-01;2.968217e-02;5.223724e-02;3.515685e-02;7.496302e-02;2.417215e-02;2.514517e-02;2.548620e-01;5.760965e-02
6.426105e-02;4.274115e-02;1.178758e-01;3.472054e-01;1.829510e-02;4.329096e-02;4.458700e-02;4.702631e-02;4.228240e-02;3.922725e-02;1.642448e-01;2.896289e-02
7.485069e-02;3.092586e-02;1.226228e-01;3.201930e-01;2.472980e-02;5.180972e-02;4.195539e-02;7.441905e-02;3.984293e-02;3.488295e-02;1.596456e-01;2.412231e-02
6.999591e-02;2.098447e-02;8.441839e-02;3.205459e-01;3.349953e-02;5.928811e-02;4.717400e-02;7.698648e-02;3.532629e-02;1.936851e-02;1.843419e-01;4.807055e-02
4.236609e-02;3.403319e-02;1.586353e-01;3.015257e-01;3.056288e-02;3.860777e-02;5.534176e-02;5.309983e-02;4.231817e-02;5.622147e-02;1.509147e-01;3.637314e-02
3.097596e-02;2.388675e-02;2.225713e-01;2.364972e-01;2.028552e-02;1.979050e-02;1.007757e-01;4.252612e-02;2.939524e-02;1.250071e-01;1.254459e-01;2.284283e-02
3.283271e-02;3.803976e-02;2.468635e-01;1.622631e-01;1.802963e-02;2.836755e-02;1.429490e-01;3.411349e-02;2.180642e-02;1.780037e-01;8.372474e-02;1.300633e-02
3.123887e-02;6.835735e-02;2.910213e-01;1.061989e-01;2.618980e-02;5.024590e-02;1.355015e-01;3.236545e-02;3.191527e-02;1.855782e-01;2.945091e-02;1.193650e-02
3.758924e-02;5.356369e-02;2.637362e-01;1.890998e-01;2.700740e-02;5.323194e-02;1.094099e-01;2.548549e-02;2.303093e-02;7.586633e-02;1.271861e-01;1.479308e-02
3.413266e-02;4.471816e-02;2.056456e-01;2.193673e-01;4.507848e-02;3.368037e-02;7.482830e-02;5.425485e-02;1.916570e-02;2.869148e-02;2.178569e-01;2.258022e-02
1.694157e-02;2.835620e-02;1.213787e-01;2.446547e-01;3.172902e-02;2.332002e-02;2.581518e-02;1.555293e-01;2.619250e-02;2.815521e-02;2.504905e-01;4.743717e-02
2.226317e-02;1.999262e-02;8.046994e-02;2.973036e-01;2.159556e-02;2.780888e-02;1.051728e-02;2.051052e-01;2.524819e-02;1.020972e-02;2.431405e-01;3.634524e-02
1.665273e-02;2.973086e-02;6.490608e-02;3.210905e-01;2.643431e-02;2.370409e-02;6.264463e-03;2.096854e-01;1.775610e-02;2.067276e-02;2.350386e-01;2.806409e-02
7.826987e-03;3.126579e-02;6.863342e-02;2.708486e-01;8.340712e-02;2.034465e-02;1.419224e-02;1.735894e-01;3.072642e-02;3.523868e-02;1.747970e-01;8.912970e-02
1.819649e-02;2.355035e-02;7.194462e-02;1.382017e-01;1.759848e-01;3.774714e-02;2.291841e-02;8.995516e-02;9.568189e-02;3.508050e-02;7.311419e-02;2.176247e-01
6.056044e-02;1.387422e-02;5.852720e-02;5.116899e-02;1.782153e-01;9.650250e-02;2.690680e-02;4.110655e-02;1.289205e-01;3.223058e-02;1.910826e-02;2.928787e-01
1.447909e-01;8.468464e-03;3.263653e-02;5.387702e-02;1.000338e-01;1.798326e-01;2.336942e-02;4.294124e-02;8.540922e-02;4.857114e-02;2.000703e-02;2.600625e-01
1.903338e-01;1.547621e-02;3.078369e-02;4.868099e-02;7.525051e-02;2.267635e-01;2.883060e-02;5.331730e-02;3.030823e-02;6.497793e-02;5.206133e-02;1.832160e-01
1.523486e-01;3.845610e-02;6.065184e-02;8.279581e-02;9.945373e-02;1.807224e-01;4.411738e-02;5.288005e-02;1.976903e-02;6.555458e-02;7.437614e-02;1.288744e-01
9.954434e-02;6.830248e-02;1.387721e-01;1.566253e-01;8.731783e-02;1.137171e-01;4.646915e-02;4.568381e-02;3.908410e-02;3.630774e-02;8.308744e-02;8.508865e-02
8.987080e-02;6.789541e-02;1.583796e-01;1.296113e-01;1.195869e-01;6.755105e-02;5.083468e-02;6.290279e-02;5.525250e-02;3.062726e-02;9.102830e-02;7.645930e-02
5.770499e-02;5.758543e-02;9.592526e-02;1.254214e-01;6.016456e-02;1.654615e-01;9.616651e-02;9.330197e-02;4.069789e-02;4.732556e-02;6.779110e-02;9.245384e-02
7.568236e-02;7.506582e-02;6.171919e-02;7.428230e-02;4.818079e-02;2.031979e-01;1.837449e-01;1.036399e-01;1.927027e-02;4.451506e-02;4.680384e-02;6.389761e-02
6.174464e-02;1.076220e-01;4.772505e-02;6.385008e-02;4.969398e-02;2.365616e-01;2.633640e-01;7.860992e-02;1.251958e-02;2.019913e-02;2.170679e-02;3.640321e-02
2.977547e-02;1.149117e-01;3.425184e-02;7.769629e-02;4.081760e-02;3.299564e-01;2.431459e-01;4.938355e-02;5.780690e-03;1.529768e-02;2.419631e-02;3.478652e-02
5.647717e-02;8.042255e-02;2.414192e-02;9.490628e-02;5.710688e-02;3.852905e-01;1.818732e-01;3.465925e-02;7.035630e-03;1.646682e-02;2.883271e-02;3.278702e-02
6.201167e-02;4.725098e-02;3.192519e-02;1.010982e-01;7.456978e-02;4.136990e-01;1.296458e-01;4.512735e-02;1.598906e-02;1.630097e-02;3.371135e-02;2.867059e-02
3.437528e-02;4.019489e-02;7.746067e-02;1.065163e-01;5.687152e-02;3.811413e-01;1.155623e-01;5.563695e-02;1.928831e-02;2.472908e-02;4.204847e-02;4.617488e-02
6.147552e-02;5.856483e-02;1.455347e-01;1.253988e-01;2.273381e-02;1.991697e-01;1.049522e-01;6.636898e-02;1.517905e-02;4.226514e-02;6.081767e-02;9.753963e-02
3.957261e-02;1.153037e-01;2.236137e-01;1.024984e-01;2.887387e-02;1.163277e-01;9.521172e-02;5.033757e-02;1.737366e-02;3.272075e-02;6.727073e-02;1.108956e-01
4.517914e-02;1.725306e-01;2.456711e-01;9.473735e-02;3.625215e-02;8.953393e-02;1.024222e-01;5.312745e-02;1.706613e-02;2.228809e-02;4.464076e-02;7.655106e-02
3.772426e-02;1.941421e-01;1.714457e-01;1.110751e-01;5.636762e-02;1.220147e-01;1.150317e-01;5.435733e-02;2.057765e-02;2.544228e-02;3.574449e-02;5.607709e-02
3.541387e-02;1.752052e-01;1.702103e-01;1.319217e-01;5.869748e-02;1.390657e-01;1.263091e-01;4.513527e-02;2.331931e-02;1.362593e-02;2.712094e-02;5.397523e-02
5.330607e-02;1.736270e-01;1.756663e-01;1.406071e-01;4.646132e-02;1.204085e-01;1.472989e-01;2.927038e-02;4.501461e-02;1.385756e-02;2.682098e-02;2.766122e-02
7.163563e-02;1.646499e-01;1.873372e-01;7.366637e-02;3.519060e-02;1.291157e-01;1.506628e-01;2.503309e-02;4.376745e-02;2.700957e-02;4.962075e-02;4.231080e-02
5.650739e-02;1.235746e-01;2.351857e-01;4.777540e-02;3.975493e-02;1.935163e-01;1.103532e-01;2.178342e-02;2.230525e-02;2.828607e-02;5.109764e-02;6.986006e-02
4.757453e-02;9.822670e-02;2.455308e-01;9.212547e-02;5.571738e-02;1.526742e-01;6.622180e-02;3.337177e-02;2.172227e-02;3.539782e-02;7.911708e-02;7.232024e-02
3.152025e-02;7.007921e-02;1.869646e-01;1.787194e-01;5.968147e-02;1.830136e-01;2.692962e-02;5.215305e-02;2.435080e-02;2.527657e-02;1.016847e-01;5.962671e-02
1.928210e-02;5.056383e-02;1.693309e-01;2.323042e-01;1.041483e-01;1.342011e-01;2.512026e-02;7.245910e-02;2.849876e-02;1.284504e-02;9.966377e-02;5.158265e-02
3.233936e-02;8.651367e-02;2.425853e-01;1.842684e-01;9.428193e-02;9.336401e-02;3.212647e-02;6.699872e-02;4.203033e-02;2.062116e-02;7.022150e-02;3.464925e-02
4.680693e-02;1.468360e-01;2.762046e-01;9.170122e-02;8.511771e-02;1.104522e-01;3.272084e-02;5.567009e-02;4.733085e-02;2.094395e-02;5.023960e-02;3.597607e-02
3.159474e-02;1.691065e-01;2.619446e-01;5.697665e-02;8.033704e-02;1.259069e-01;4.537528e-02;5.303352e-02;4.181012e-02;3.354668e-02;5.550087e-02;4.486717e-02
3.023280e-02;1.724992e-01;2.738280e-01;7.649548e-02;4.835881e-02;1.261214e-01;7.652543e-02;4.068705e-02;2.256611e-02;4.065925e-02;4.208446e-02;4.994201e-02
3.057899e-02;1.862140e-01;3.065282e-01;8.558496e-02;5.749001e-02;1.184096e-01;7.106886e-02;2.846932e-02;1.038743e-02;3.974411e-02;2.220749e-02;4.331706e-02
2.812508e-02;2.131831e-01;2.560678e-01;8.153163e-02;5.185032e-02;1.614134e-01;5.260140e-02;3.204644e-02;2.826998e-02;3.161102e-02;2.350396e-02;3.979599e-02
4.160557e-02;2.355151e-01;2.224901e-01;6.255212e-02;3.380421e-02;1.866371e-01;4.272864e-02;3.279376e-02;5.561379e-02;2.172895e-02;2.725684e-02;3.727379e-02
5.932177e-02;2.501470e-01;2.122451e-01;5.884302e-02;4.489890e-02;1.418686e-01;3.720411e-02;3.874887e-02;7.565464e-02;1.617146e-02;2.941561e-02;3.548085e-02
9.500947e-02;2.392336e-01;1.600962e-01;7.373153e-02;7.853381e-02;8.725832e-02;2.686536e-02;9.294196e-02;6.158904e-02;2.243022e-02;2.894290e-02;3.336762e-02
8.688271e-02;1.473496e-01;1.420334e-01;7.170939e-02;9.219354e-02;7.512732e-02;7.562539e-02;1.564110e-01;5.233660e-02;3.769280e-02;4.960269e-02;1.303551e-02
3.059235e-02;7.155610e-02;8.775966e-02;1.456654e-01;5.688436e-02;1.014814e-01;1.746302e-01;8.935984e-02;4.676340e-02;8.099282e-02;5.027192e-02;6.404252e-02
2.744573e-02;5.287575e-02;5.478930e-02;1.778783e-01;4.164172e-02;8.689982e-02;2.152395e-01;5.658277e-02;5.196240e-02;1.004787e-01;3.618902e-02;9.801684e-02
2.600302e-02;4.505032e-02;6.355102e-02;1.603320e-01;3.064277e-02;1.012916e-01;2.032526e-01;3.571144e-02;1.099369e-01;8.512895e-02;4.484453e-02;9.425484e-02
4.752299e-02;3.569727e-02;1.188332e-01;7.531531e-02;2.363919e-02;1.583864e-01;1.330177e-01;3.266922e-02;1.570724e-01;5.229715e-02;1.194941e-01;4.605518e-02
6.495792e-02;4.534904e-02;1.229833e-01;4.151392e-02;2.953402e-02;1.993468e-01;7.680459e-02;7.437141e-02;1.171631e-01;6.329048e-02;1.410643e-01;2.362110e-02
4.634777e-02;6.542561e-02;9.872687e-02;4.848193e-02;8.509921e-02;1.753559e-01;4.948832e-02;1.892482e-01;5.440460e-02;7.900412e-02;8.780801e-02;2.060942e-02
1.465743e-02;1.142773e-01;6.521517e-02;3.268716e-02;1.340948e-01;1.140738e-01;2.875429e-02;2.989480e-01;3.495620e-02;8.848605e-02;3.118874e-02;4.266124e-02
1.352140e-02;1.227107e-01;6.192309e-02;2.165736e-02;1.423693e-01;5.872414e-02;2.284702e-02;3.152213e-01;4.495593e-02;1.217639e-01;1.820379e-02;5.610213e-02
1.604657e-02;1.119373e-01;4.905523e-02;2.392481e-02;1.398688e-01;3.181592e-02;2.329680e-02;3.447948e-01;4.448103e-02;1.309053e-01;3.384469e-02;5.002882e-02
2.496917e-02;7.662808e-02;3.596354e-02;4.700162e-02;1.082527e-01;1.008020e-01;3.367221e-02;3.517917e-01;4.100433e-02;9.222737e-02;4.432042e-02;4.336680e-02
4.164098e-02;4.726669e-02;3.339875e-02;6.316503e-02;4.406959e-02;1.908887e-01;5.064856e-02;3.217057e-01;4.384783e-02;4.547052e-02;8.441535e-02;3.348224e-02
6.277999e-02;5.076629e-02;8.206036e-02;5.570627e-02;6.206972e-02;2.087490e-01;5.253467e-02;1.937114e-01;3.962864e-02;3.376995e-02;1.350983e-01;2.312527e-02
8.994675e-02;4.941371e-02;1.244942e-01;3.180407e-02;6.261715e-02;2.785385e-01;3.868951e-02;7.208403e-02;3.952266e-02;2.769544e-02;1.585154e-01;2.667864e-02
9.154411e-02;4.852485e-02;1.548170e-01;2.472389e-02;3.655623e-02;2.792446e-01;2.577448e-02;6.634142e-02;5.629763e-02;3.594379e-02;1.642942e-01;1.593784e-02
8.111037e-02;3.199244e-02;1.909313e-01;2.096949e-02;2.320237e-02;2.421261e-01;3.385419e-02;4.457554e-02;1.080128e-01;4.892522e-02;1.574330e-01;1.686714e-02
6.256997e-02;3.261463e-02;2.195815e-01;2.794892e-02;3.151483e-02;1.844379e-01;7.217135e-02;2.595965e-02;1.328266e-01;4.917097e-02;1.143961e-01;4.680769e-02
3.684577e-02;6.256703e-02;1.778744e-01;9.484010e-02;3.973915e-02;1.163781e-01;1.556004e-01;3.868914e-02;9.179730e-02;4.143039e-02;4.834718e-02;9.589110e-02
3.229368e-02;6.025563e-02;9.490813e-02;1.685977e-01;4.226851e-02;9.155618e-02;2.005394e-01;4.309749e-02;3.442404e-02;6.508953e-02;2.347897e-02;1.434908e-01
5.160896e-02;3.695144e-02;5.185536e-02;1.812124e-01;2.953229e-02;1.077034e-01;1.637184e-01;6.817108e-02;2.641506e-02;9.837451e-02;4.091426e-02;1.435428e-01
1.137053e-01;5.920345e-02;8.281401e-02;1.258871e-01;2.450117e-02;1.218986e-01;9.037068e-02;9.086993e-02;4.078928e-02;7.796352e-02;6.039498e-02;1.116019e-01
1.478853e-01;1.000884e-01;1.322167e-01;5.941924e-02;4.187580e-02;1.157775e-01;7.843693e-02;1.014488e-01;5.049622e-02;3.742584e-02;5.492700e-02;8.000232e-02
1.188710e-01;1.483536e-01;1.646305e-01;4.794665e-02;4.021918e-02;1.353647e-01;5.887520e-02;9.980244e-02;5.707069e-02;5.110503e-02;5.595801e-02;2.180307e-02
5.557930e-02;1.218632e-01;1.750682e-01;5.220715e-02;1.890826e-02;1.649205e-01;5.051930e-02;9.840714e-02;5.552198e-02;6.808300e-02;9.163702e-02;4.728498e-02
5.702959e-02;5.441508e-02;1.620859e-01;4.428820e-02;5.129220e-02;1.673280e-01;4.701767e-02;1.267866e-01;4.821767e-02;5.729516e-02;1.054672e-01;7.877664e-02
7.501505e-02;1.036556e-01;2.042543e-01;7.318225e-02;4.893808e-02;1.284214e-01;4.619363e-02;1.045291e-01;5.117963e-02;3.739185e-02;5.811266e-02;6.912650e-02
6.908728e-02;9.487297e-02;2.176149e-01;6.944809e-02;3.688125e-02;1.539236e-01;9.541946e-02;7.605270e-02;4.943914e-02;3.582600e-02;3.984124e-02;6.159329e-02
6.011191e-02;9.249818e-02;2.224389e-01;3.796065e-02;4.363262e-02;1.459594e-01;1.168200e-01;6.482973e-02;5.696235e-02;4.893189e-02;3.373265e-02;7.612169e-02
5.321839e-02;1.315313e-01;1.808823e-01;4.658844e-02;4.711959e-02;1.707352e-01;1.008110e-01;4.068807e-02;5.894414e-02;4.276938e-02;6.097545e-02;6.573661e-02
5.531524e-02;1.170521e-01;1.762839e-01;4.835261e-02;4.552303e-02;1.483571e-01;1.144057e-01;4.469587e-02;5.309959e-02;6.101431e-02;8.535286e-02;5.054776e-02
5.869410e-02;6.414439e-02;1.352912e-01;7.192840e-02;4.641972e-02;1.847163e-01;1.243926e-01;5.951152e-02;5.345629e-02;6.644546e-02;9.571501e-02;3.928494e-02
4.593163e-02;7.240707e-02;1.402070e-01;5.414069e-02;4.605846e-02;2.230701e-01;9.195315e-02;7.907896e-02;4.675008e-02;5.449554e-02;6.921625e-02;7.669106e-02
4.976256e-02;1.141870e-01;1.851937e-01;2.978559e-02;5.118184e-02;2.087330e-01;5.220647e-02;7.727659e-02;5.146152e-02;3.383255e-02;4.294923e-02;1.034300e-01
5.401927e-02;1.320065e-01;1.960138e-01;3.714235e-02;5.485981e-02;1.710073e-01;4.228719e-02;1.111391e-01;6.525734e-02;1.656737e-02;5.530235e-02;6.439764e-02
4.567574e-02;1.452160e-01;2.174014e-01;3.593292e-02;5.636887e-02;1.318692e-01;5.077176e-02;1.046778e-01;6.080482e-02;2.273175e-02;8.469227e-02;4.385745e-02
5.352265e-02;1.182118e-01;1.762276e-01;4.769703e-02;4.622005e-02;2.019656e-01;4.856265e-02;8.931036e-02;4.198359e-02;3.426129e-02;7.542697e-02;6.661034e-02
3.889785e-02;7.777388e-02;1.640727e-01;5.435736e-02;6.220385e-02;2.302776e-01;6.514578e-02;6.984521e-02;3.246761e-02;5.868378e-02;9.080576e-02;5.546858e-02
4.807899e-02;8.796149e-02;2.131177e-01;5.794800e-02;6.144386e-02;1.663757e-01;5.686760e-02;4.773290e-02;3.746639e-02;1.133611e-01;6.991957e-02;3.972672e-02
3.596592e-02;1.628998e-01;2.369069e-01;4.776109e-02;3.565153e-02;9.228694e-02;4.603361e-02;2.865774e-02;7.582125e-02;1.612598e-01;3.198539e-02;4.477012e-02
4.710656e-02;2.473736e-01;1.763635e-01;3.086047e-02;1.381008e-02;8.012316e-02;3.002067e-02;3.193767e-02;1.260502e-01;1.335887e-01;1.602524e-02;6.674014e-02
7.446441e-02;2.838055e-01;1.020972e-01;3.436729e-02;3.359223e-02;8.278094e-02;1.890961e-02;6.412052e-02;1.421549e-01;7.241659e-02;4.193273e-02;4.935814e-02
1.535239e-01;2.195191e-01;1.083063e-01;4.101108e-02;6.005586e-02;6.757093e-02;2.689118e-02;9.601177e-02;9.700250e-02;3.453901e-02;7.075297e-02;2.481530e-02
1.861412e-01;1.731911e-01;1.464086e-01;4.598719e-02;8.958186e-02;8.229946e-02;3.003377e-02;8.872554e-02;4.694920e-02;2.558879e-02;5.969506e-02;2.539813e-02
1.219537e-01;2.125172e-01;1.772396e-01;3.012487e-02;8.790047e-02;1.066229e-01;4.507442e-02;6.719319e-02;3.244635e-02;4.320878e-02;4.263924e-02;3.307940e-02
5.249018e-02;1.642107e-01;1.852957e-01;3.533194e-02;6.662795e-02;1.319022e-01;6.125024e-02;7.626702e-02;6.405448e-02;8.640043e-02;3.508831e-02;4.108082e-02
5.172329e-02;1.335696e-01;1.413325e-01;8.661712e-02;4.234570e-02;1.339605e-01;6.229658e-02;5.513944e-02;1.063812e-01;1.070319e-01;3.027210e-02;4.933014e-02
9.159701e-02;1.583180e-01;7.094873e-02;1.293442e-01;5.852602e-02;1.378027e-01;6.206046e-02;4.726769e-02;1.150646e-01;4.832247e-02;3.407922e-02;4.666898e-02
1.151930e-01;1.504980e-01;6.029511e-02;9.167413e-02;9.175599e-02;1.234605e-01;7.001095e-02;6.164893e-02;8.820173e-02;4.321967e-02;4.262932e-02;6.141260e-02
1.086055e-01;1.170337e-01;1.285015e-01;5.070702e-02;9.594326e-02;1.269973e-01;6.974769e-02;6.797326e-02;6.206153e-02;5.366572e-02;2.911673e-02;8.964684e-02
5.421910e-02;8.681457e-02;1.546347e-01;4.839345e-02;6.662342e-02;1.852867e-01;6.899579e-02;6.025569e-02;6.185481e-02;9.354679e-02;6.485445e-02;5.452052e-02
3.962115e-02;1.233075e-01;1.590289e-01;3.024739e-02;4.830830e-02;2.077033e-01;4.970314e-02;7.305686e-02;6.284058e-02;9.160612e-02;6.792462e-02;4.665209e-02
5.009563e-02;1.371463e-01;1.688193e-01;3.825440e-02;5.210610e-02;1.825985e-01;4.186992e-02;8.196125e-02;5.134962e-02;8.634273e-02;5.157761e-02;5.787866e-02
8.725163e-02;1.324928e-01;1.458938e-01;3.969692e-02;6.111709e-02;1.314611e-01;6.062577e-02;8.936389e-02;6.079273e-02;1.030380e-01;3.287320e-02;5.539307e-02
1.022069e-01;1.097259e-01;1.682653e-01;4.063827e-02;5.914073e-02;9.739220e-02;9.357321e-02;9.539066e-02;5.466549e-02;1.151481e-01;2.244121e-02;4.141202e-02
7.241689e-02;1.291939e-01;1.592081e-01;5.753827e-02;4.572428e-02;9.960620e-02;6.848120e-02;8.772365e-02;8.513906e-02;8.394193e-02;3.643852e-02;7.458793e-02
4.241509e-02;1.715287e-01;1.767796e-01;9.502096e-02;3.178019e-02;1.016949e-01;2.219314e-02;9.324155e-02;1.024954e-01;3.806843e-02;2.752344e-02;9.725869e-02
4.498288e-02;1.796108e-01;2.283751e-01;1.066054e-01;3.247351e-02;1.213791e-01;3.040458e-02;5.368834e-02;6.090024e-02;4.980425e-02;2.408108e-02;6.769475e-02
4.638558e-02;1.815912e-01;2.285810e-01;8.898969e-02;2.259006e-02;1.492731e-01;4.554511e-02;4.415164e-02;6.000369e-02;6.752427e-02;1.436343e-02;5.100115e-02
6.225152e-02;1.699553e-01;2.277529e-01;5.233242e-02;2.075087e-02;1.696767e-01;3.717720e-02;3.882249e-02;7.367874e-02;8.717190e-02;1.874818e-02;4.168175e-02
7.112447e-02;1.829924e-01;2.332225e-01;3.725988e-02;5.239600e-02;1.633759e-01;4.048681e-02;3.369790e-02;4.862720e-02;8.116187e-02;2.169337e-02;3.396168e-02
8.738835e-02;2.071488e-01;2.216029e-01;5.194057e-02;6.328055e-02;1.000269e-01;5.120865e-02;4.079074e-02;4.258989e-02;6.184849e-02;4.627064e-02;2.590353e-02
8.802558e-02;1.759177e-01;2.146119e-01;6.561760e-02;4.865528e-02;8.024789e-02;3.928755e-02;5.262332e-02;5.414886e-02;5.792670e-02;6.081328e-02;6.212430e-02
7.697141e-02;1.455563e-01;2.074325e-01;9.567108e-02;3.994089e-02;7.886973e-02;5.148618e-02;6.658928e-02;5.786675e-02;6.071278e-02;3.376121e-02;8.514187e-02
8.835348e-02;1.416521e-01;2.293649e-01;6.592004e-02;2.646654e-02;9.867676e-02;5.649767e-02;6.833174e-02;4.808273e-02;6.362935e-02;4.120231e-02;7.182232e-02
8.165541e-02;1.385924e-01;2.784063e-01;6.681822e-02;1.977887e-02;1.120028e-01;4.067282e-02;7.799577e-02;4.978661e-02;5.020416e-02;3.609043e-02;4.799614e-02
6.503548e-02;1.550694e-01;2.626669e-01;8.278399e-02;1.721410e-02;9.954847e-02;5.243751e-02;9.498885e-02;4.818353e-02;3.964539e-02;4.350036e-02;3.892593e-02
7.398313e-02;1.555106e-01;1.806987e-01;6.452511e-02;3.388451e-02;7.007647e-02;6.750400e-02;1.103878e-01;5.877575e-02;4.468544e-02;8.935278e-02;5.061579e-02
5.750059e-02;1.480319e-01;1.083432e-01;4.905631e-02;7.195875e-02;1.373040e-01;6.442687e-02;1.258372e-01;7.329939e-02;4.658018e-02;9.373157e-02;2.393003e-02
1.218518e-02;1.247337e-01;1.469321e-01;9.122904e-02;8.996540e-02;1.918604e-01;5.481302e-02;6.705268e-02;6.794875e-02;5.262892e-02;6.755474e-02;3.309602e-02
6.728774e-02;1.039658e-01;1.794228e-01;1.049276e-01;7.364462e-02;1.706510e-01;5.320045e-02;3.925584e-02;5.716476e-02;5.672158e-02;4.548675e-02;4.827099e-02
8.722456e-02;1.375203e-01;1.804387e-01;7.021349e-02;6.152160e-02;1.377944e-01;3.888248e-02;7.941671e-02;6.939980e-02;4.882994e-02;5.495607e-02;3.380193e-02
7.970996e-02;1.388639e-01;2.080196e-01;6.118593e-02;5.087600e-02;1.189858e-01;2.944470e-02;1.056012e-01;6.946380e-02;1.463583e-02;8.327841e-02;3.993485e-02
7.592236e-02;1.558881e-01;2.252292e-01;4.052056e-02;3.121320e-02;1.398486e-01;2.152685e-02;9.602179e-02;6.297671e-02;5.231779e-02;6.141804e-02;3.711683e-02
6.681589e-02;1.270142e-01;2.216164e-01;5.185463e-02;3.228460e-02;1.451916e-01;4.909800e-02;9.612201e-02;6.433475e-02;7.943967e-02;3.331472e-02;3.291348e-02
1.100212e-01;1.329900e-01;2.008011e-01;7.008566e-02;2.771963e-02;1.050304e-01;6.245624e-02;7.071683e-02;4.321537e-02;6.905055e-02;6.007413e-02;4.783889e-02
9.971610e-02;1.143986e-01;1.108706e-01;3.034566e-02;6.958774e-02;1.388611e-01;4.576185e-02;7.951740e-02;7.898504e-02;7.955833e-02;8.521740e-02;6.718012e-02
1.072568e-01;8.706187e-02;7.499716e-02;2.568580e-02;1.082299e-01;1.376928e-01;4.913965e-02;6.110818e-02;1.039551e-01;6.500424e-02;5.354756e-02;1.263210e-01
9.695249e-02;5.792350e-02;4.940647e-02;2.076288e-02;1.750104e-01;1.204493e-01;3.846889e-02;3.785417e-02;1.359783e-01;4.575939e-02;2.658922e-02;1.948449e-01
5.255909e-02;3.143601e-02;2.248296e-02;1.834562e-02;2.789187e-01;8.184225e-02;2.605404e-02;2.299191e-02;1.507882e-01;2.615766e-02;1.855175e-02;2.698718e-01
1.765748e-02;2.469786e-02;2.471139e-02;2.799507e-02;3.714396e-01;5.233157e-02;1.724590e-02;2.488479e-02;1.026897e-01;2.752540e-02;3.185023e-02;2.769710e-01
1.770569e-02;3.427114e-02;3.387737e-02;6.064170e-02;3.645013e-01;3.825723e-02;1.539044e-02;6.396328e-02;4.947159e-02;4.591241e-02;5.601325e-02;2.199947e-01
6.202006e-03;3.355002e-02;2.986361e-02;3.856419e-02;3.343721e-01;3.236960e-02;2.875155e-02;4.273550e-02;1.190085e-01;4.521655e-02;4.059420e-02;2.487722e-01
2.565728e-02;2.277592e-02;4.669163e-02;1.758736e-02;3.209711e-01;5.391205e-02;2.911662e-02;2.001390e-02;1.739069e-01;2.159609e-02;2.016653e-02;2.476046e-01
9.209149e-02;1.665119e-02;5.123812e-02;1.485831e-02;2.690897e-01;1.488064e-01;2.536679e-02;1.845644e-02;1.449737e-01;3.212261e-02;1.361992e-02;1.727254e-01
1.925218e-01;1.980493e-02;2.784392e-02;2.047680e-02;1.460628e-01;2.843542e-01;2.926591e-02;3.052986e-02;5.023739e-02;9.198219e-02;1.704730e-02;8.987301e-02
2.290680e-01;3.660976e-02;1.774630e-02;2.656570e-02;6.939560e-02;3.246821e-01;3.308330e-02;3.390346e-02;3.019356e-02;1.203267e-01;2.102133e-02;5.740413e-02
1.722246e-01;1.121504e-01;2.355649e-02;3.267115e-02;6.611984e-02;2.477059e-01;9.899437e-02;4.324210e-02;2.893057e-02;9.252146e-02;3.531115e-02;4.657198e-02
6.350044e-02;2.047766e-01;2.636295e-02;2.381385e-02;9.251016e-02;1.475616e-01;1.951504e-01;6.526702e-02;2.385090e-02;4.331368e-02;7.327287e-02;4.061951e-02
3.860530e-02;2.233810e-01;4.351878e-02;2.669093e-02;6.837912e-02;1.306220e-01;2.028202e-01;9.191782e-02;2.615061e-02;3.271873e-02;8.788415e-02;2.731130e-02
6.873029e-02;1.510454e-01;7.189816e-02;2.514532e-02;8.264890e-02;1.988910e-01;1.425754e-01;9.114806e-02;2.839780e-02;4.021382e-02;5.700578e-02;4.230010e-02
8.645082e-02;7.217044e-02;7.850914e-02;2.520076e-02;1.708482e-01;2.482865e-01;6.590600e-02;5.862122e-02;2.300313e-02;4.631586e-02;2.891904e-02;9.576887e-02
6.719598e-02;6.339792e-02;4.549463e-02;2.807969e-02;2.441749e-01;1.996931e-01;4.596277e-02;4.433057e-02;2.158864e-02;6.232614e-02;3.961286e-02;1.381429e-01
5.729172e-02;1.130591e-01;5.715563e-02;3.539487e-02;2.185315e-01;2.127910e-01;4.318218e-02;3.190729e-02;2.513290e-02;5.824152e-02;4.174716e-02;1.055651e-01
6.923521e-02;1.383705e-01;7.326053e-02;2.684542e-02;1.590854e-01;2.253401e-01;3.644372e-02;4.989488e-02;3.545832e-02;5.578453e-02;3.947033e-02;9.081104e-02
8.157536e-02;1.603024e-01;4.850264e-02;2.059101e-02;1.478631e-01;1.683639e-01;5.892103e-02;5.280569e-02;6.397375e-02;6.875531e-02;3.879172e-02;8.955408e-02
6.930348e-02;1.168605e-01;5.920290e-02;1.905099e-02;1.081349e-01;1.586485e-01;6.890928e-02;1.184009e-01;8.736570e-02;6.729277e-02;5.052470e-02;7.630530e-02
2.978684e-02;1.301668e-01;8.215903e-02;2.520963e-02;6.163672e-02;1.493987e-01;1.050282e-01;1.992854e-01;7.471756e-02;3.679763e-02;5.183481e-02;5.397862e-02
1.928547e-02;1.799677e-01;6.184503e-02;1.465425e-02;3.052253e-02;1.450046e-01;2.048009e-01;1.769224e-01;5.234064e-02;2.032850e-02;4.963795e-02;4.469007e-02
4.232516e-02;1.613595e-01;2.757182e-02;2.189092e-02;2.713325e-02;2.643454e-01;2.292958e-01;9.478796e-02;3.099532e-02;1.837180e-02;3.045963e-02;5.146348e-02
7.164853e-02;9.346664e-02;2.763334e-02;3.615081e-02;6.751617e-02;3.516363e-01;1.757676e-01;6.360843e-02;2.213092e-02;2.792177e-02;9.482947e-03;5.303657e-02
8.335743e-02;6.047219e-02;6.819150e-02;2.300707e-02;9.908511e-02;3.635478e-01;1.122073e-01;6.009265e-02;3.227438e-02;3.469510e-02;9.716917e-03;5.335258e-02
6.379128e-02;5.841867e-02;1.200602e-01;5.478752e-02;1.195024e-01;3.044735e-01;8.426458e-02;5.724169e-02;4.046319e-02;2.214835e-02;1.150519e-02;6.334344e-02
6.203121e-02;9.431467e-02;1.422540e-01;6.032700e-02;1.332598e-01;2.475229e-01;6.011555e-02;5.312502e-02;2.704788e-02;1.420531e-02;2.354882e-02;8.224777e-02
8.444922e-02;1.278747e-01;1.621953e-01;4.797375e-02;1.376684e-01;1.667759e-01;5.065236e-02;4.526514e-02;3.516939e-02;2.445845e-02;3.352791e-02;8.398936e-02
8.040503e-02;1.574277e-01;1.713211e-01;2.983725e-02;1.092443e-01;1.197549e-01;7.969181e-02;2.727103e-02;4.822531e-02;3.047959e-02;4.225153e-02;1.040904e-01
7.331112e-02;2.094886e-01;1.619136e-01;3.475191e-02;7.080159e-02;1.013837e-01;8.889521e-02;3.323116e-02;5.064957e-02;2.286722e-02;4.066314e-02;1.120432e-01
6.350846e-02;2.331494e-01;1.798082e-01;3.697395e-02;9.028472e-02;7.792381e-02;7.657810e-02;5.062919e-02;5.493285e-02;3.292721e-02;3.559690e-02;6.768720e-02
5.998420e-02;2.133913e-01;2.189639e-01;2.884814e-02;9.875652e-02;7.824403e-02;8.931979e-02;5.384009e-02;4.986627e-02;3.133687e-02;2.984083e-02;4.760808e-02
3.951655e-02;1.794456e-01;2.682054e-01;1.996072e-02;9.734584e-02;1.304789e-01;9.947850e-02;4.034482e-02;3.290587e-02;3.333495e-02;1.751246e-02;4.147038e-02
3.023976e-02;1.382331e-01;2.852458e-01;3.510912e-02;9.266536e-02;1.544507e-01;1.002712e-01;5.278868e-02;2.845963e-02;3.070892e-02;2.004321e-02;3.178449e-02
4.114555e-02;1.276543e-01;3.059197e-01;5.140944e-02;6.205975e-02;1.434362e-01;9.046378e-02;6.079804e-02;4.028500e-02;2.839644e-02;2.054132e-02;2.789050e-02
5.215018e-02;1.552306e-01;2.728336e-01;6.099780e-02;9.410528e-02;1.433700e-01;5.873094e-02;4.898569e-02;4.732005e-02;2.203299e-02;9.187715e-03;3.505525e-02
4.142390e-02;1.709198e-01;1.658150e-01;3.176294e-02;1.276334e-01;2.118143e-01;4.183176e-02;6.249445e-02;5.786892e-02;1.648774e-02;1.974555e-02;5.220224e-02
5.596428e-02;1.474757e-01;1.326331e-01;3.703732e-02;1.029057e-01;2.619442e-01;4.425849e-02;6.108246e-02;4.773875e-02;1.527155e-02;2.316301e-02;7.052534e-02
9.769223e-02;1.372021e-01;1.561428e-01;3.885987e-02;7.413439e-02;2.442799e-01;2.514600e-02;6.381316e-02;3.052367e-02;1.666821e-02;2.962272e-02;8.591495e-02
1.138163e-01;1.055631e-01;1.389916e-01;4.527678e-02;7.358414e-02;2.107915e-01;4.466254e-02;7.404977e-02;4.305612e-02;2.840851e-02;2.958193e-02;9.221768e-02
6.753720e-02;6.638155e-02;1.093417e-01;6.119822e-02;9.194762e-02;1.569015e-01;1.162438e-01;8.930512e-02;8.982515e-02;4.528187e-02;4.480243e-02;6.123375e-02
3.255099e-02;9.022001e-02;1.200662e-01;5.058930e-02;9.495733e-02;2.063312e-01;1.389528e-01;7.069168e-02;9.134962e-02;3.485315e-02;4.535426e-02;2.408342e-02
2.837919e-02;9.381434e-02;1.230027e-01;4.635187e-02;1.093988e-01;2.263753e-01;1.072663e-01;8.019337e-02;6.791741e-02;3.831350e-02;2.117139e-02;5.781582e-02
2.993281e-02;9.828637e-02;1.109836e-01;3.782393e-02;9.174766e-02;2.749636e-01;7.071082e-02;8.981983e-02;4.912334e-02;5.287850e-02;2.967567e-02;6.405380e-02
5.619304e-02;1.032429e-01;1.360614e-01;4.053787e-02;1.006529e-01;2.269714e-01;7.521135e-02;7.974007e-02;3.615765e-02;6.732846e-02;4.774349e-02;3.015937e-02
5.063066e-02;1.157340e-01;2.093818e-01;3.622823e-02;7.706941e-02;1.485811e-01;7.561575e-02;6.719147e-02;3.683451e-02;1.083791e-01;4.221542e-02;3.213843e-02
3.824157e-02;1.948138e-01;2.135573e-01;4.533760e-02;5.010710e-02;1.120999e-01;4.934169e-02;4.565746e-02;6.963880e-02;1.045581e-01;3.096356e-02;4.568317e-02
4.622419e-02;2.865046e-01;1.391730e-01;4.860635e-02;4.845139e-02;9.314248e-02;5.025174e-02;4.116643e-02;1.067422e-01;6.619868e-02;2.865247e-02;4.488652e-02
1.161965e-01;2.661883e-01;8.657776e-02;4.706412e-02;6.932931e-02;6.810799e-02;7.092276e-02;7.668401e-02;9.857679e-02;3.350693e-02;4.213220e-02;2.471325e-02
2.221616e-01;1.419056e-01;1.012049e-01;2.938771e-02;1.121074e-01;2.818805e-02;6.856870e-02;1.714296e-01;5.257965e-02;1.824053e-02;4.423289e-02;9.993392e-03
2.531474e-01;6.360683e-02;1.097405e-01;2.319367e-02;1.447993e-01;3.068451e-02;4.899630e-02;2.446588e-01;1.785276e-02;1.065300e-02;3.184488e-02;2.082197e-02
2.114170e-01;4.974354e-02;9.601210e-02;2.335537e-02;1.594644e-01;4.487750e-02;7.398038e-02;2.718247e-01;1.816624e-02;9.170316e-03;2.724006e-02;1.474837e-02
1.534403e-01;5.153279e-02;7.236846e-02;2.342158e-02;1.847396e-01;5.153015e-02;1.259707e-01;2.536138e-01;2.079863e-02;1.456655e-02;3.448443e-02;1.353291e-02
1.019040e-01;1.234786e-01;9.673272e-02;1.704684e-02;2.002130e-01;6.078805e-02;1.042537e-01;1.777336e-01;3.644221e-02;1.958813e-02;3.348683e-02;2.833230e-02
8.921047e-02;1.976807e-01;1.483286e-01;2.065285e-02;1.653955e-01;8.868740e-02;3.771076e-02;1.345683e-01;4.016721e-02;2.330429e-02;1.729618e-02;3.699758e-02
1.269549e-01;2.013324e-01;1.650154e-01;2.119679e-02;1.311646e-01;9.781546e-02;2.780708e-02;1.178228e-01;2.943245e-02;2.657649e-02;1.398953e-02;4.089212e-02
1.478273e-01;1.982966e-01;1.654860e-01;2.699332e-02;1.167132e-01;9.006362e-02;3.087918e-02;1.078184e-01;3.021997e-02;3.158309e-02;1.541208e-02;3.870726e-02
1.527223e-01;2.043842e-01;9.575570e-02;3.808340e-02;1.246188e-01;7.673314e-02;4.237042e-02;1.109277e-01;4.806566e-02;5.040564e-02;1.892956e-02;3.700356e-02
1.429096e-01;2.420355e-01;9.752653e-02;3.539184e-02;1.216449e-01;6.675766e-02;3.683322e-02;8.420391e-02;5.291499e-02;5.716443e-02;2.182289e-02;4.079454e-02
1.402624e-01;2.421850e-01;1.578087e-01;3.250282e-02;9.231101e-02;6.265390e-02;3.919918e-02;9.651729e-02;3.774118e-02;4.244860e-02;1.403923e-02;4.233062e-02
1.394548e-01;2.268838e-01;1.703197e-01;2.712275e-02;6.823401e-02;5.400411e-02;6.591484e-02;1.256721e-01;3.930193e-02;3.685226e-02;1.178209e-02;3.445759e-02
1.312921e-01;2.144733e-01;1.219530e-01;2.105565e-02;7.363990e-02;8.802487e-02;6.494894e-02;1.526718e-01;5.024525e-02;3.433094e-02;1.189389e-02;3.547036e-02
1.218390e-01;1.459498e-01;5.265548e-02;1.966179e-02;7.848514e-02;1.033213e-01;8.266304e-02;1.989049e-01;8.634651e-02;3.667629e-02;1.189464e-02;6.160205e-02
1.170628e-01;7.853252e-02;5.341453e-02;2.662781e-02;5.534031e-02;1.238331e-01;6.091076e-02;2.012992e-01;1.179478e-01;6.819344e-02;1.785354e-02;7.898429e-02
1.112048e-01;8.033276e-02;7.181396e-02;2.035280e-02;2.951551e-02;1.261790e-01;9.294070e-02;1.604277e-01;1.294511e-01;1.113794e-01;1.781273e-02;4.858951e-02
1.280985e-01;8.220430e-02;6.147879e-02;2.349944e-02;4.216247e-02;9.215388e-02;5.849359e-02;2.206450e-01;1.406212e-01;7.328650e-02;1.770680e-02;5.964961e-02
1.286692e-01;1.372177e-01;7.556795e-02;1.808057e-02;5.267393e-02;4.756949e-02;4.414118e-02;2.965816e-01;9.567074e-02;3.865972e-02;2.040832e-02;4.475971e-02
1.441163e-01;1.760208e-01;7.859937e-02;2.547858e-02;5.412282e-02;4.232386e-02;3.310027e-02;2.894304e-01;5.933628e-02;5.063457e-02;1.650536e-02;3.033132e-02
1.304303e-01;2.433056e-01;8.642742e-02;2.319306e-02;3.917048e-02;4.404400e-02;5.744261e-02;1.734668e-01;5.006459e-02;1.119299e-01;1.386576e-02;2.665946e-02
8.931536e-02;3.155001e-01;9.016561e-02;1.470406e-02;3.159940e-02;5.171026e-02;7.143243e-02;9.475225e-02;5.813103e-02;1.427837e-01;1.214346e-02;2.776226e-02
4.624465e-02;3.699237e-01;1.536925e-01;1.989137e-02;2.492684e-02;5.584071e-02;4.287081e-02;4.895259e-02;1.021016e-01;1.001128e-01;8.302068e-03;2.714025e-02
3.450261e-02;3.751694e-01;2.078871e-01;2.978513e-02;1.447320e-02;7.240916e-02;3.708942e-02;6.594045e-02;8.945607e-02;4.367558e-02;5.461072e-03;2.415077e-02
3.352881e-02;3.178784e-01;2.925929e-01;3.792737e-02;2.271970e-02;5.437015e-02;2.641333e-02;1.000761e-01;4.524155e-02;4.175238e-02;6.061746e-03;2.143762e-02
2.716051e-02;2.250784e-01;4.045549e-01;5.558931e-02;3.615634e-02;2.718122e-02;3.608144e-02;8.148536e-02;1.964260e-02;6.222737e-02;1.121498e-02;1.362751e-02
3.360599e-02;1.902337e-01;4.281307e-01;7.664306e-02;4.664203e-02;2.558209e-02;5.825254e-02;4.201140e-02;1.180101e-02;5.633688e-02;1.739459e-02;1.336607e-02
4.494665e-02;1.859686e-01;3.668635e-01;1.033144e-01;5.946074e-02;4.596802e-02;5.836916e-02;3.442872e-02;2.799685e-02;3.347486e-02;2.204796e-02;1.716052e-02
5.375958e-02;2.057822e-01;2.816380e-01;1.188835e-01;7.177466e-02;5.317391e-02;2.656408e-02;5.775522e-02;4.623703e-02;3.840495e-02;2.513473e-02;2.089212e-02
3.615471e-02;1.929508e-01;3.024425e-01;1.254704e-01;6.259167e-02;5.842322e-02;3.305916e-02;6.428520e-02;3.665037e-02;4.804428e-02;2.312547e-02;1.680223e-02
4.157441e-02;1.387874e-01;2.686246e-01;1.743757e-01;7.483453e-02;8.080561e-02;3.206339e-02;7.141364e-02;2.203862e-02;4.861008e-02;3.564560e-02;1.122638e-02
4.382574e-02;1.091557e-01;1.631314e-01;1.778163e-01;1.134211e-01;1.088578e-01;1.992075e-02;9.609687e-02;3.627034e-02;7.587086e-02;3.319420e-02;2.243886e-02
3.979751e-02;1.143752e-01;1.669063e-01;1.240181e-01;1.047841e-01;1.129231e-01;3.328325e-02;1.010746e-01;5.929878e-02;9.439018e-02;1.729445e-02;3.185434e-02
4.237491e-02;1.674198e-01;1.670267e-01;8.931819e-02;8.540210e-02;8.782171e-02;4.866969e-02;1.064614e-01;6.725514e-02;9.601198e-02;8.262381e-03;3.397593e-02
4.322744e-02;2.914461e-01;2.103002e-01;1.929769e-02;4.628172e-02;1.675011e-01;4.025530e-02;8.508903e-02;4.262262e-02;3.114990e-02;7.809007e-03;1.501984e-02
3.313076e-02;2.822321e-01;3.466374e-01;1.994677e-02;4.047962e-02;1.570584e-01;1.954916e-02;4.316066e-02;3.314379e-02;1.029939e-02;6.274567e-03;8.087439e-03
6.526302e-02;1.315823e-01;1.933828e-01;6.633522e-02;7.328858e-02;1.341403e-01;5.548574e-02;6.683150e-02;5.739107e-02;4.684557e-02;5.231233e-02;5.714156e-02
5.936230e-02;9.523194e-02;1.513496e-01;1.287520e-01;6.606347e-02;9.934277e-02;5.805033e-02;9.621894e-02;7.071532e-02;6.592672e-02;4.502731e-02;6.395926e-02
4.594302e-02;9.087921e-02;1.364473e-01;1.631386e-01;5.477904e-02;7.990591e-02;6.951810e-02;9.894469e-02;6.993493e-02;8.002976e-02;3.022450e-02;8.025505e-02
2.426432e-02;9.213205e-02;1.031781e-01;1.903227e-01;4.169738e-02;5.406581e-02;1.024192e-01;9.460672e-02;7.640781e-02;9.606531e-02;2.248747e-02;1.023531e-01
6.162610e-02;1.570635e-01;7.051217e-02;1.454791e-01;4.805256e-02;6.895979e-02;8.697553e-02;8.952424e-02;9.482858e-02;7.980883e-02;2.275433e-02;7.441530e-02
6.330570e-02;2.699375e-01;6.575856e-02;8.756930e-02;3.948884e-02;8.115779e-02;4.148756e-02;6.938171e-02;1.285523e-01;6.133197e-02;2.793218e-02;6.409648e-02
2.950339e-02;3.152913e-01;1.570494e-01;6.322743e-02;1.742918e-02;5.005557e-02;2.160225e-02;5.296716e-02;1.162698e-01;8.241914e-02;2.297549e-02;7.120996e-02
1.442786e-02;2.415823e-01;2.199460e-01;5.222267e-02;2.201423e-02;3.701519e-02;5.611687e-02;4.623182e-02;7.801938e-02;1.583150e-01;2.551120e-02;4.859742e-02
2.124791e-02;1.576665e-01;2.608646e-01;5.130874e-02;2.103231e-02;4.168877e-02;8.441070e-02;3.603264e-02;7.299016e-02;2.037409e-01;1.728176e-02;3.173503e-02
3.433862e-02;1.504909e-01;2.517983e-01;5.404750e-02;4.286875e-02;5.551912e-02;8.589253e-02;3.679664e-02;7.265562e-02;1.840493e-01;1.634172e-02;1.520103e-02
4.076402e-02;2.434869e-01;2.549742e-01;4.891799e-02;4.052800e-02;8.580409e-02;5.795276e-02;3.658925e-02;5.425516e-02;1.060909e-01;1.539052e-02;1.524633e-02
2.568862e-02;2.790461e-01;3.604095e-01;7.789116e-02;3.595365e-02;5.260179e-02;2.913260e-02;2.622116e-02;5.348814e-02;3.433796e-02;9.699867e-03;1.552946e-02
2.644223e-02;2.503071e-01;3.761913e-01;6.575253e-02;3.827297e-02;5.523141e-02;3.688613e-02;2.886106e-02;5.696081e-02;3.286699e-02;1.368273e-02;1.854470e-02
2.431121e-02;1.811173e-01;4.085110e-01;7.191354e-02;4.066922e-02;7.443251e-02;3.760650e-02;3.372465e-02;4.893367e-02;4.398971e-02;1.646602e-02;1.832461e-02
2.026964e-02;1.624825e-01;4.301657e-01;7.996131e-02;3.880944e-02;5.140775e-02;2.837796e-02;4.435156e-02;4.161834e-02;7.045754e-02;1.329803e-02;1.880026e-02
2.685676e-02;2.075586e-01;4.324125e-01;6.527274e-02;1.993145e-02;3.214966e-02;4.073759e-02;3.313895e-02;2.935562e-02;7.960073e-02;6.417383e-03;2.656799e-02
2.890826e-02;1.864082e-01;4.399604e-01;7.089347e-02;1.184849e-02;3.229953e-02;4.462469e-02;1.919143e-02;2.984061e-02;9.295161e-02;1.117762e-02;3.189571e-02
2.519018e-02;2.107200e-01;4.139290e-01;6.667231e-02;1.465405e-02;2.689977e-02;4.008448e-02;2.942486e-02;2.723874e-02;1.134128e-01;7.732938e-03;2.404084e-02
1.388619e-02;2.415225e-01;4.397328e-01;4.113071e-02;1.018840e-02;1.755099e-02;3.311520e-02;2.543098e-02;1.813983e-02;1.372918e-01;4.244099e-03;1.776653e-02
1.192357e-02;2.364116e-01;4.751456e-01;3.561740e-02;9.802231e-03;1.217149e-02;1.894958e-02;1.244481e-02;2.019513e-02;1.427871e-01;1.067221e-02;1.387924e-02
1.392397e-02;2.211352e-01;4.778844e-01;3.675063e-02;1.140164e-02;1.890072e-02;1.880210e-02;1.208272e-02;1.481508e-02;1.524797e-01;1.485834e-02;6.965556e-03
7.890484e-03;1.924864e-01;4.844343e-01;3.414389e-02;1.469271e-02;2.782054e-02;2.664509e-02;1.362613e-02;1.915305e-02;1.434039e-01;1.854349e-02;1.716006e-02
2.341203e-02;1.602477e-01;4.905729e-01;4.053793e-02;1.365809e-02;3.937195e-02;3.786779e-02;1.453624e-02;3.052644e-02;1.084498e-01;1.519003e-02;2.562908e-02
3.092490e-02;1.517226e-01;4.773308e-01;7.413365e-02;1.603039e-02;3.739497e-02;4.583022e-02;1.581135e-02;4.446626e-02;5.445272e-02;2.466334e-02;2.723883e-02
2.443958e-02;1.415223e-01;4.586961e-01;1.259502e-01;1.973757e-02;2.505561e-02;3.607222e-02;1.191005e-02;4.462931e-02;7.049434e-02;1.243766e-02;2.905500e-02
2.578270e-02;1.356234e-01;4.431868e-01;1.347330e-01;1.507094e-02;3.305442e-02;2.176930e-02;2.217865e-02;5.783050e-02;4.809980e-02;3.686389e-02;2.580656e-02
2.191845e-02;1.282255e-01;4.419624e-01;1.295872e-01;2.392100e-02;2.645598e-02;2.557483e-02;1.658276e-02;5.763084e-02;5.684819e-02;5.889552e-02;1.239737e-02
1.440169e-02;1.307558e-01;4.546668e-01;1.316249e-01;2.437785e-02;3.480954e-02;1.337855e-02;1.723971e-02;4.900938e-02;6.635419e-02;5.614474e-02;7.236880e-03
1.108438e-02;1.267015e-01;4.552307e-01;1.551506e-01;1.785207e-02;5.851519e-02;9.843115e-03;2.429417e-02;3.418470e-02;3.316537e-02;5.662589e-02;1.735230e-02
1.820605e-02;1.539469e-01;3.190383e-01;1.654879e-01;2.724695e-02;9.066088e-02;1.607200e-02;3.373719e-02;3.604754e-02;6.045160e-02;4.870104e-02;3.040372e-02
3.189749e-02;2.564691e-01;1.800407e-01;1.479600e-01;4.506610e-02;1.110016e-01;1.724940e-02;4.507691e-02;3.775932e-02;6.324942e-02;2.828463e-02;3.594533e-02
3.364538e-02;3.138746e-01;3.790659e-01;8.545160e-02;2.635044e-02;2.999706e-02;1.274631e-02;3.580140e-02;1.852374e-02;3.336779e-02;9.840943e-03;2.133485e-02
3.321771e-02;2.981933e-01;4.183603e-01;4.848171e-02;1.407128e-02;3.640523e-02;2.416631e-02;4.229490e-02;2.039198e-02;3.100164e-02;1.222225e-02;2.119338e-02
4.685998e-02;2.552842e-01;3.884671e-01;3.869280e-02;1.795353e-02;5.180150e-02;3.477758e-02;4.042835e-02;3.953565e-02;3.888377e-02;2.233983e-02;2.497572e-02
9.073047e-02;2.045884e-01;3.452726e-01;7.051689e-02;2.372327e-02;6.417473e-02;2.982002e-02;2.839521e-02;5.592537e-02;3.330288e-02;3.255051e-02;2.099963e-02
