9.219293e-02;1.442040e-01;3.523031e-02;4.500317e-02;4.660745e-02;4.871354e-02;1.730443e-01;1.455162e-01;3.572965e-02;4.421789e-02;1.588145e-01;3.072602e-02
9.658366e-02;2.101853e-01;5.030984e-02;7.701494e-02;4.035950e-02;4.302603e-02;1.381217e-01;1.131792e-01;2.681479e-02;3.489452e-02;1.437086e-01;2.580190e-02
1.101681e-01;1.963360e-01;7.630703e-02;1.033109e-01;4.833684e-02;3.805992e-02;1.103207e-01;9.431337e-02;1.889447e-02;2.929728e-02;1.580750e-01;1.658039e-02
9.262098e-02;1.708043e-01;1.075586e-01;1.484441e-01;5.264182e-02;2.376196e-02;6.679618e-02;6.518754e-02;1.814903e-02;4.146458e-02;2.013856e-01;1.118526e-02
4.913717e-02;1.161838e-01;1.160687e-01;1.891325e-01;4.361171e-02;4.652932e-02;4.332534e-02;7.129804e-02;2.206965e-02;4.981294e-02;2.390537e-01;1.377713e-02
2.887456e-02;1.187487e-01;1.100860e-01;2.050027e-01;3.198976e-02;4.895660e-02;4.908317e-02;9.927877e-02;2.455347e-02;3.899973e-02;2.345835e-01;9.843013e-03
2.482452e-02;1.742933e-01;1.103101e-01;1.506336e-01;4.831681e-02;3.987039e-02;9.765565e-02;1.212261e-01;2.400795e-02;2.449205e-02;1.549104e-01;2.945906e-02
3.723606e-02;2.060185e-01;8.481057e-02;8.968531e-02;1.057615e-01;8.159263e-02;1.520127e-01;1.065961e-01;1.680765e-02;1.000845e-02;5.675032e-02;5.272019e-02
7.124753e-02;1.812054e-01;4.001396e-02;6.560462e-02;1.246732e-01;1.084609e-01;1.885462e-01;9.402221e-02;1.443637e-02;1.099281e-02;4.385810e-02;5.693870e-02
5.619311e-02;1.611126e-01;3.376059e-02;3.967117e-02;8.638350e-02;9.662033e-02;2.478788e-01;1.189204e-01;8.621639e-03;1.156004e-02;7.337700e-02;6.590084e-02
9.319658e-02;1.921455e-01;4.408145e-02;3.465225e-02;3.875281e-02;8.933533e-02;2.442601e-01;1.099051e-01;7.081472e-03;1.163193e-02;7.642238e-02;5.853509e-02
1.225768e-01;2.469450e-01;6.066743e-02;6.761543e-02;9.726524e-02;7.651445e-02;1.551918e-01;7.651138e-02;8.864048e-03;1.829190e-02;4.599240e-02;2.356424e-02
1.071518e-01;1.562344e-01;7.605682e-02;5.442197e-02;1.301260e-01;6.277216e-02;1.569195e-01;1.226965e-01;1.073868e-02;2.745169e-02;4.697928e-02;4.845122e-02
8.041068e-02;1.562022e-01;7.820148e-02;6.359133e-02;9.772449e-02;6.840370e-02;1.099514e-01;1.861579e-01;1.063555e-02;2.518347e-02;6.980168e-02;5.373613e-02
5.506353e-02;9.210049e-02;6.288413e-02;6.940919e-02;7.360572e-02;9.532415e-02;2.052117e-01;1.998430e-01;1.044024e-02;1.649095e-02;6.971795e-02;4.990893e-02
7.825955e-02;1.315754e-01;6.839287e-02;4.422922e-02;4.105943e-02;8.460534e-02;2.369239e-01;1.703845e-01;1.320241e-02;1.300309e-02;7.799158e-02;4.037274e-02
1.030037e-01;1.974513e-01;7.357244e-02;5.279052e-02;2.441865e-02;7.087618e-02;2.020172e-01;1.422611e-01;1.465847e-02;9.909556e-03;7.337124e-02;3.566955e-02
9.631829e-02;8.972573e-02;9.872974e-02;1.393251e-01;8.801726e-02;1.046285e-01;1.427353e-01;1.016810e-01;3.802585e-02;3.608461e-02;4.163023e-02;2.309844e-02
8.127372e-02;8.105025e-02;1.015360e-01;1.807171e-01;9.297592e-02;1.001198e-01;9.113368e-02;1.048183e-01;5.338573e-02;3.954394e-02;3.724435e-02;3.620113e-02
6.161437e-02;7.729202e-02;8.990461e-02;1.547617e-01;7.624906e-02;1.088900e-01;1.019175e-01;1.171336e-01;5.879844e-02;4.282397e-02;7.010736e-02;4.050745e-02
3.925923e-02;5.461896e-02;3.663870e-02;4.604693e-02;3.698380e-02;8.701808e-02;2.412182e-01;2.440819e-01;3.736850e-02;3.306723e-02;1.230478e-01;2.065072e-02
3.400314e-02;2.709212e-02;1.034598e-02;2.274230e-02;2.353880e-02;7.820188e-02;3.534275e-01;2.873572e-01;1.860387e-02;2.325427e-02;1.181261e-01;3.306848e-03
2.623665e-02;1.109877e-02;4.455380e-03;2.347654e-02;2.244438e-02;1.293480e-01;4.028338e-01;2.594056e-01;1.332691e-02;2.550288e-02;8.036788e-02;1.503154e-03
2.735972e-02;7.414006e-03;5.447730e-03;2.527543e-02;3.036537e-02;2.195482e-01;3.933010e-01;2.020362e-01;1.486255e-02;3.172514e-02;3.760521e-02;5.059408e-03
4.147314e-02;1.183315e-02;1.656950e-02;2.298334e-02;8.218677e-02;2.847478e-01;3.498282e-01;9.265791e-02;2.865480e-02;2.376861e-02;2.474045e-02;2.055622e-02
6.212746e-02;5.110366e-02;3.067002e-02;3.310395e-02;1.335792e-01;1.780005e-01;2.930870e-01;5.963652e-02;7.418061e-02;1.801136e-02;3.243288e-02;3.406685e-02
8.310007e-02;1.154209e-01;3.109248e-02;3.275095e-02;9.752677e-02;9.111182e-02;2.325072e-01;1.194017e-01;6.839819e-02;2.108357e-02;8.449838e-02;2.310795e-02
1.618846e-01;1.596313e-01;2.746331e-02;2.264079e-02;6.213828e-02;6.672230e-02;1.609539e-01;1.486126e-01;4.670906e-02;2.280595e-02;1.123255e-01;8.112573e-03
2.418015e-01;1.534809e-01;2.721340e-02;4.291751e-02;6.897428e-02;6.868423e-02;9.970349e-02;1.151917e-01;6.076924e-02;3.381922e-02;7.043509e-02;1.700949e-02
1.574849e-01;2.221566e-01;4.371710e-02;4.032913e-02;7.819842e-02;6.546374e-02;1.232792e-01;8.905371e-02;5.997951e-02;4.601626e-02;6.218416e-02;1.213733e-02
8.865457e-02;3.387556e-01;7.544973e-02;2.800907e-02;7.268313e-02;4.842589e-02;1.012232e-01;5.169825e-02;3.288737e-02;1.030781e-01;5.541803e-02;3.716993e-03
1.195224e-01;4.160922e-01;9.367412e-02;2.007185e-02;6.263611e-02;2.818978e-02;6.557722e-02;3.033970e-02;2.406489e-02;1.176862e-01;1.946801e-02;2.677500e-03
1.439389e-01;4.697556e-01;9.219381e-02;1.802238e-02;3.794677e-02;1.498107e-02;5.601244e-02;4.555790e-02;1.817455e-02;7.470796e-02;2.669014e-02;2.018539e-03
1.500394e-01;5.251243e-01;8.192103e-02;1.471407e-02;1.258220e-02;3.665067e-02;3.657291e-02;5.528065e-02;1.689721e-02;3.462983e-02;3.119445e-02;4.393274e-03
1.565943e-01;5.434511e-01;5.826984e-02;2.419662e-02;1.007889e-02;6.428856e-02;9.757061e-03;4.672556e-02;3.823993e-02;2.473837e-02;1.837108e-02;5.288667e-03
1.224201e-01;5.187269e-01;3.569319e-02;4.732676e-02;1.310656e-02;1.115176e-01;2.298836e-02;2.087357e-02;6.943213e-02;2.292975e-02;1.096858e-02;4.016442e-03
1.910454e-01;4.538032e-01;2.989410e-02;4.514036e-02;2.742212e-02;8.008716e-02;5.532266e-02;2.329544e-02;5.844318e-02;1.710578e-02;1.597129e-02;2.469340e-03
3.308901e-01;3.826938e-01;4.298822e-02;1.960346e-02;2.944533e-02;2.511364e-02;5.976924e-02;4.526424e-02;2.418180e-02;1.437139e-02;1.836983e-02;7.309027e-03
4.498543e-01;2.957476e-01;3.564600e-02;5.753175e-03;2.082533e-02;1.806377e-02;4.402271e-02;5.618205e-02;1.113524e-02;1.842348e-02;2.845096e-02;1.589541e-02
5.054259e-01;2.314042e-01;1.678210e-02;1.133385e-02;1.406830e-02;1.991631e-02;4.778551e-02;6.634500e-02;1.514135e-02;3.048268e-02;1.931871e-02;2.199614e-02
4.406249e-01;1.586906e-01;9.089914e-03;2.347851e-02;9.603566e-03;3.180118e-02;9.870765e-02;6.886786e-02;1.777823e-02;3.610572e-02;7.327742e-02;3.197445e-02
2.417618e-01;8.133631e-02;1.551096e-02;2.816602e-02;5.709557e-03;7.466946e-02;1.547563e-01;5.713978e-02;1.509513e-02;2.671510e-02;2.498579e-01;4.928159e-02
8.671474e-02;3.781839e-02;2.431828e-02;1.241757e-02;1.543904e-02;1.030033e-01;1.047745e-01;3.968195e-02;1.208178e-02;2.107711e-02;5.069888e-01;3.568454e-02
1.361521e-01;4.051447e-02;2.246811e-02;4.926641e-03;1.663919e-02;7.240415e-02;2.539926e-02;3.108868e-02;8.983406e-03;3.459080e-02;5.902602e-01;1.657305e-02
1.143433e-01;4.731166e-02;1.337773e-02;1.034907e-02;3.202092e-02;4.707984e-02;3.927347e-02;3.517648e-02;7.111639e-03;6.562483e-02;5.750282e-01;1.330288e-02
7.458781e-02;6.499040e-02;1.333502e-02;1.523763e-02;5.760804e-02;1.830520e-02;5.169808e-02;9.226307e-02;1.807314e-02;9.157194e-02;4.897716e-01;1.255803e-02
1.453388e-01;4.796024e-02;1.261217e-02;1.844326e-02;3.608415e-02;2.690273e-02;7.353553e-02;1.352276e-01;3.138732e-02;7.128785e-02;3.923427e-01;8.877612e-03
1.562258e-01;5.774927e-02;1.855697e-02;6.630931e-02;2.702682e-02;4.033045e-02;1.209932e-01;2.466847e-01;7.062220e-02;6.488264e-02;1.135867e-01;1.703190e-02
9.994271e-02;4.909640e-02;1.692159e-02;7.039807e-02;2.753627e-02;3.222511e-02;1.527249e-01;2.768956e-01;6.547422e-02;4.373838e-02;1.482216e-01;1.682518e-02
1.077468e-01;4.231596e-02;1.739282e-02;4.582358e-02;3.094503e-02;4.947973e-02;2.087033e-01;2.836857e-01;6.343041e-02;2.396802e-02;1.126648e-01;1.384382e-02
9.350415e-02;4.814205e-02;2.336137e-02;1.610666e-02;3.316768e-02;7.824761e-02;2.128491e-01;1.656914e-01;6.057572e-02;6.200994e-02;1.973701e-01;8.974230e-03
8.328500e-02;4.244986e-02;2.928330e-02;2.588082e-02;3.259240e-02;1.199936e-01;1.967986e-01;1.233423e-01;6.277859e-02;1.115317e-01;1.588017e-01;1.326216e-02
6.607586e-02;3.523929e-02;2.792212e-02;1.162219e-02;5.280804e-02;9.326329e-02;1.888467e-01;1.712941e-01;5.512264e-02;1.031025e-01;1.786403e-01;1.606288e-02
7.541715e-02;4.017988e-02;2.664472e-02;1.391550e-02;6.775483e-02;8.460965e-02;1.498341e-01;7.836600e-02;5.667522e-02;1.222533e-01;2.671362e-01;1.721345e-02
3.280992e-02;2.755330e-02;1.955969e-02;1.860932e-02;9.950382e-02;7.504299e-02;1.378083e-01;1.058529e-01;6.930499e-02;1.354737e-01;2.604071e-01;1.807394e-02
7.683983e-02;5.261404e-02;9.217926e-03;1.468384e-02;9.494804e-02;4.037919e-02;9.366424e-02;1.076205e-01;7.320468e-02;1.284688e-01;2.940425e-01;1.431637e-02
1.207467e-01;6.916116e-02;1.178101e-02;3.667062e-02;3.618533e-02;2.872142e-02;8.244814e-02;7.909004e-02;4.250608e-02;6.684043e-02;4.158677e-01;9.981444e-03
1.155187e-01;4.115281e-02;1.566221e-02;3.607695e-02;2.812288e-02;3.497761e-02;7.215913e-02;8.513568e-02;2.126626e-02;3.714765e-02;5.021663e-01;1.061383e-02
1.558929e-01;3.289457e-02;1.394018e-02;2.244042e-02;2.945484e-02;3.088038e-02;6.500923e-02;4.524281e-02;2.167507e-02;3.254937e-02;5.284798e-01;2.154044e-02
2.589048e-01;4.217961e-02;6.748301e-03;4.393205e-02;1.864491e-02;1.499832e-02;7.901800e-02;2.646664e-02;1.660385e-02;3.009346e-02;4.279348e-01;3.447529e-02
3.831945e-01;5.869182e-02;4.431404e-03;7.997832e-02;2.233351e-02;1.428597e-02;8.377892e-02;3.952226e-02;1.368699e-02;3.336847e-02;2.337567e-01;3.297113e-02
4.811123e-01;7.861808e-02;2.845159e-03;8.012287e-02;1.723282e-02;2.039842e-02;5.798277e-02;5.556040e-02;1.702911e-02;3.421849e-02;1.353456e-01;1.953400e-02
5.324579e-01;9.719700e-02;3.070271e-03;4.615526e-02;1.196393e-02;2.372666e-02;4.694405e-02;6.455111e-02;2.297822e-02;2.676584e-02;1.054903e-01;1.869944e-02
5.268279e-01;1.110207e-01;6.018565e-03;2.451409e-02;1.251542e-02;2.506248e-02;6.256081e-02;7.977804e-02;2.474025e-02;3.210081e-02;7.244491e-02;2.241594e-02
4.234504e-01;1.189511e-01;8.563645e-03;4.949965e-02;1.414080e-02;3.035856e-02;8.986061e-02;8.993169e-02;2.157646e-02;5.143353e-02;7.349412e-02;2.873947e-02
2.913258e-01;1.362180e-01;1.033272e-02;5.846375e-02;2.528598e-02;2.475236e-02;1.203451e-01;8.904222e-02;2.075784e-02;5.261273e-02;1.337856e-01;3.707793e-02
3.617303e-01;1.164702e-01;1.496832e-02;3.011220e-02;3.909907e-02;1.691713e-02;8.653948e-02;7.561541e-02;2.415371e-02;3.142553e-02;1.673181e-01;3.565054e-02
3.473538e-01;6.572369e-02;2.415290e-02;1.018870e-02;4.943433e-02;3.448819e-02;3.847761e-02;5.616216e-02;3.959189e-02;2.724336e-02;2.882745e-01;1.890888e-02
2.761574e-01;7.242228e-02;3.732747e-02;1.140243e-02;3.241123e-02;6.199491e-02;4.857793e-02;2.859534e-02;3.804896e-02;3.074993e-02;3.532882e-01;9.023933e-03
2.396434e-01;4.405711e-02;3.672408e-02;1.378237e-02;1.379262e-02;6.074275e-02;1.002149e-01;6.937217e-02;2.097853e-02;3.271430e-02;3.588109e-01;9.166827e-03
1.704995e-01;4.644814e-02;1.988118e-02;2.251163e-02;2.976025e-02;4.275862e-02;1.323659e-01;1.323311e-01;2.574530e-02;5.821002e-02;3.031205e-01;1.636771e-02
1.178423e-01;4.792590e-02;9.764479e-03;1.423200e-02;4.692762e-02;3.113676e-02;1.011445e-01;1.255110e-01;3.600210e-02;1.086691e-01;3.449435e-01;1.590070e-02
5.817927e-02;4.296025e-02;6.302223e-03;7.717114e-03;6.707700e-02;2.263635e-02;5.235882e-02;6.929886e-02;3.332390e-02;1.782639e-01;4.418626e-01;2.001974e-02
3.805915e-02;5.699624e-02;6.090345e-03;8.425845e-03;8.570493e-02;1.541692e-02;2.679780e-02;3.863022e-02;2.219034e-02;2.214963e-01;4.429735e-01;3.721841e-02
6.522630e-02;4.921085e-02;5.697061e-03;9.736764e-03;8.708266e-02;1.254416e-02;4.598782e-02;3.811482e-02;2.430080e-02;1.985861e-01;4.008542e-01;6.265851e-02
7.930257e-02;5.287744e-02;5.074100e-03;1.208482e-02;9.109515e-02;1.572879e-02;6.027476e-02;4.909469e-02;2.375648e-02;1.680633e-01;3.380427e-01;1.046052e-01
5.678038e-02;4.721025e-02;7.856530e-03;1.569410e-02;7.820663e-02;3.151315e-02;9.806661e-02;1.150566e-01;2.367326e-02;1.111768e-01;3.055688e-01;1.091968e-01
6.879160e-02;4.764231e-02;1.117141e-02;1.372061e-02;4.403009e-02;3.345661e-02;1.613322e-01;1.799361e-01;2.628309e-02;6.921653e-02;2.916671e-01;5.275228e-02
8.494375e-02;5.346213e-02;1.251269e-02;1.036420e-02;3.558176e-02;3.430191e-02;1.963307e-01;1.839702e-01;2.550482e-02;6.186937e-02;2.708095e-01;3.034892e-02
5.548907e-02;3.056553e-02;1.468598e-02;2.414572e-02;4.380063e-02;5.519527e-02;2.004392e-01;2.381910e-01;2.556594e-02;7.244825e-02;2.058416e-01;3.363181e-02
4.442966e-02;4.680730e-02;1.553635e-02;3.049922e-02;2.322535e-02;5.380820e-02;2.117685e-01;3.362102e-01;3.346256e-02;7.392523e-02;9.601773e-02;3.430969e-02
4.428225e-02;2.696202e-02;1.131277e-02;2.657794e-02;1.455768e-02;3.922765e-02;2.413767e-01;4.055550e-01;3.610893e-02;6.787093e-02;6.247995e-02;2.368816e-02
3.940184e-02;2.043935e-02;1.047553e-02;2.001742e-02;1.551220e-02;2.467083e-02;2.217397e-01;3.997294e-01;3.905244e-02;7.039139e-02;1.212827e-01;1.728722e-02
4.940409e-02;2.001699e-02;8.825324e-03;6.879988e-03;3.046743e-02;2.554716e-02;1.877193e-01;2.364654e-01;3.061073e-02;1.072732e-01;2.705854e-01;2.620501e-02
7.734960e-02;3.602111e-02;1.015235e-02;7.158840e-03;3.393281e-02;2.579827e-02;1.393605e-01;1.413911e-01;2.960487e-02;1.167293e-01;3.559350e-01;2.656617e-02
8.122664e-02;5.811197e-02;1.046063e-02;9.485220e-03;2.510421e-02;2.264142e-02;1.619691e-01;2.113388e-01;3.125890e-02;8.895758e-02;2.775551e-01;2.189039e-02
7.964654e-02;6.585388e-02;1.043980e-02;6.158080e-03;2.387939e-02;3.101556e-02;3.713626e-01;2.280856e-01;2.083712e-02;5.055746e-02;8.550303e-02;2.666095e-02
5.517744e-02;7.170531e-02;9.371349e-03;6.150243e-03;1.881381e-02;3.276231e-02;4.807781e-01;2.138193e-01;1.875594e-02;3.336329e-02;4.247576e-02;1.682718e-02
3.523049e-02;5.501170e-02;1.170976e-02;1.563505e-02;1.745545e-02;2.818576e-02;4.126568e-01;3.161771e-01;1.882404e-02;3.151263e-02;4.800742e-02;9.593704e-03
4.504772e-02;4.862780e-02;2.197316e-02;2.689084e-02;1.857381e-02;2.000697e-02;3.221843e-01;3.767111e-01;3.118642e-02;3.821008e-02;4.122388e-02;9.363941e-03
1.700329e-02;4.623667e-02;1.887894e-02;2.209507e-02;1.279060e-02;2.327962e-02;2.761172e-01;3.532752e-01;5.565190e-02;4.463486e-02;1.208511e-01;9.185623e-03
4.645161e-02;2.253262e-02;9.936599e-03;1.054231e-02;9.229838e-03;2.082185e-02;1.475400e-01;2.188978e-01;7.375884e-02;6.588680e-02;3.694284e-01;4.973295e-03
7.674689e-02;2.260423e-02;9.159641e-03;3.823310e-03;7.555133e-03;2.427851e-02;6.050753e-02;7.412647e-02;6.643618e-02;6.211044e-02;5.890014e-01;3.650296e-03
9.925131e-02;1.909985e-02;1.079619e-02;1.479263e-03;2.795442e-03;2.941288e-02;4.210607e-02;3.575945e-02;5.541573e-02;4.354654e-02;6.524973e-01;7.840008e-03
1.133950e-01;2.447800e-02;1.011634e-02;5.445378e-03;3.008733e-03;3.088222e-02;2.640881e-02;3.551398e-02;4.838451e-02;4.314003e-02;6.525723e-01;6.654639e-03
1.399274e-01;4.179478e-02;6.258850e-03;7.072990e-03;5.656090e-03;2.962747e-02;5.185979e-02;3.180157e-02;3.726448e-02;5.176408e-02;5.894732e-01;7.499265e-03
1.251559e-01;6.059730e-02;1.090845e-02;4.761883e-03;7.783551e-03;2.644597e-02;1.448834e-01;1.116240e-01;3.285167e-02;4.818323e-02;4.158594e-01;1.094524e-02
9.679718e-02;4.293951e-02;1.594936e-02;6.259874e-03;7.729804e-03;2.560666e-02;2.727887e-01;1.635338e-01;5.770089e-02;2.968760e-02;2.723236e-01;8.683049e-03
8.951773e-02;4.481937e-02;1.831389e-02;1.333449e-02;1.178906e-02;3.721491e-02;3.034361e-01;1.453256e-01;5.759050e-02;2.352159e-02;2.482914e-01;6.845259e-03
9.212539e-02;5.718892e-02;2.455684e-02;1.418799e-02;1.054496e-02;4.040362e-02;1.948155e-01;6.158689e-02;4.146415e-02;3.460547e-02;4.180131e-01;1.050717e-02
1.147589e-01;4.878411e-02;2.110261e-02;6.394997e-03;1.168286e-02;3.266029e-02;6.951978e-02;8.684132e-02;2.989734e-02;4.573541e-02;5.180264e-01;1.459602e-02
1.165953e-01;5.501103e-02;2.362543e-02;1.320602e-02;1.760394e-02;3.582259e-02;1.053713e-01;9.759518e-02;2.987478e-02;5.006009e-02;4.420657e-01;1.316865e-02
1.400971e-01;9.155492e-02;5.324950e-02;6.787279e-02;6.944951e-02;8.786086e-02;1.498836e-01;8.838723e-02;4.758684e-02;3.085096e-02;1.342021e-01;3.900457e-02
2.350655e-01;1.800163e-01;4.636848e-02;5.785826e-02;5.217946e-02;6.791198e-02;8.856022e-02;8.556154e-02;2.990672e-02;2.245437e-02;9.669035e-02;3.742683e-02
3.948863e-01;2.111521e-01;2.887540e-02;2.699660e-02;1.878099e-02;3.346143e-02;3.411338e-02;6.091222e-02;3.473866e-02;1.969413e-02;1.090817e-01;2.730705e-02
5.434344e-01;1.938304e-01;2.746397e-02;9.172690e-03;7.170402e-03;1.461391e-02;2.761445e-02;4.742729e-02;3.784299e-02;2.097374e-02;5.194515e-02;1.851062e-02
5.801197e-01;1.434891e-01;3.064374e-02;1.579338e-02;4.848280e-03;1.544552e-02;3.599161e-02;4.048394e-02;3.211107e-02;3.611455e-02;4.496605e-02;1.999308e-02
5.372691e-01;1.195243e-01;2.601403e-02;2.890288e-02;3.551333e-03;1.607877e-02;5.279251e-02;3.927657e-02;2.028330e-02;6.380437e-02;6.653833e-02;2.596455e-02
4.035759e-01;1.100868e-01;1.652109e-02;4.201752e-02;5.564122e-03;1.456441e-02;8.276716e-02;5.479529e-02;1.052109e-02;9.137529e-02;1.262627e-01;4.194866e-02
1.039065e-01;9.975702e-02;1.291922e-02;3.338744e-02;6.355116e-03;1.287463e-02;1.035663e-01;7.407828e-02;2.087491e-02;7.730995e-02;4.083353e-01;4.663531e-02
1.522548e-01;5.401308e-02;8.201090e-03;1.482836e-02;4.691968e-03;8.125439e-03;8.440182e-02;8.580838e-02;3.164254e-02;3.846810e-02;4.869577e-01;3.060669e-02
2.025401e-01;5.942583e-02;1.342093e-02;1.222458e-02;5.730528e-03;1.530630e-02;7.306567e-02;8.360782e-02;5.508574e-02;2.951051e-02;4.249536e-01;2.512839e-02
2.460654e-01;8.717859e-02;1.381656e-02;8.462158e-03;1.018773e-02;2.161528e-02;7.762087e-02;3.097314e-02;6.621654e-02;2.898068e-02;3.501912e-01;5.869186e-02
3.443486e-01;1.023856e-01;7.907243e-03;1.266487e-02;3.872113e-03;1.192934e-02;8.015434e-02;2.660576e-02;3.708918e-02;1.944533e-02;2.798971e-01;7.370049e-02
4.381291e-01;1.004957e-01;7.164920e-03;1.919960e-02;4.322918e-03;8.753629e-03;8.297239e-02;1.441588e-02;1.875744e-02;2.284324e-02;2.145812e-01;6.836402e-02
4.715901e-01;8.965570e-02;5.023993e-03;2.493952e-02;6.366533e-03;7.242322e-03;7.710242e-02;1.367920e-02;3.021618e-02;1.863160e-02;1.993418e-01;5.621069e-02
4.712791e-01;9.191746e-02;6.601550e-03;2.505979e-02;9.591128e-03;1.106050e-02;9.302966e-02;2.697057e-02;3.238181e-02;1.899649e-02;1.576273e-01;5.548470e-02
4.051471e-01;7.796649e-02;1.012727e-02;2.228540e-02;1.183034e-02;1.070783e-02;1.263483e-01;4.819393e-02;2.151854e-02;1.638207e-02;1.899944e-01;5.949838e-02
2.553744e-01;9.003215e-02;1.390568e-02;1.669084e-02;1.069622e-02;1.654186e-02;1.316058e-01;4.563667e-02;1.905491e-02;1.936110e-02;3.264015e-01;5.469892e-02
1.647463e-01;9.265587e-02;1.655975e-02;1.590553e-02;1.087018e-02;2.347711e-02;9.679799e-02;4.453281e-02;2.439209e-02;3.398231e-02;4.393584e-01;3.672168e-02
2.677249e-01;4.671565e-02;1.532473e-02;1.882487e-02;2.318329e-02;3.228728e-02;9.848350e-02;7.563391e-02;2.448240e-02;4.794438e-02;3.343725e-01;1.502262e-02
2.776057e-01;7.902905e-02;1.958106e-02;1.654106e-02;4.573807e-02;3.915333e-02;1.475937e-01;8.739334e-02;3.730124e-02;4.749689e-02;1.694040e-01;3.316253e-02
2.285198e-01;6.912962e-02;1.943802e-02;3.284665e-02;4.175692e-02;5.296283e-02;1.101114e-01;5.399124e-02;6.505033e-02;5.283784e-02;2.458214e-01;2.753391e-02
2.248335e-01;7.571454e-02;1.911000e-02;3.921258e-02;3.928421e-02;8.446401e-02;6.153510e-02;5.823192e-02;9.600017e-02;6.453280e-02;2.159327e-01;2.114844e-02
1.736314e-01;8.475349e-02;3.871251e-02;4.714352e-02;4.132137e-02;1.159125e-01;6.969802e-02;7.026190e-02;1.000232e-01;6.347418e-02;1.657248e-01;2.934306e-02
1.837958e-01;9.639957e-02;3.704515e-02;5.040985e-02;6.373978e-02;1.181446e-01;1.060009e-01;8.917890e-02;6.068660e-02;6.592207e-02;8.302523e-02;4.565145e-02
1.958761e-01;8.306989e-02;2.753365e-02;3.770052e-02;4.957756e-02;1.191048e-01;1.337616e-01;7.067598e-02;7.777054e-02;7.935879e-02;6.440930e-02;6.116131e-02
1.605542e-01;6.431363e-02;4.609019e-02;5.188624e-02;7.762253e-02;8.325509e-02;1.420878e-01;7.941224e-02;6.129242e-02;8.613864e-02;1.189759e-01;2.837113e-02
1.268770e-01;8.820280e-02;4.662448e-02;6.959260e-02;7.650583e-02;5.476213e-02;1.502040e-01;1.118930e-01;5.259328e-02;6.389618e-02;1.187246e-01;4.012405e-02
1.049314e-01;1.114975e-01;5.162378e-02;6.002022e-02;3.118425e-02;7.509815e-02;1.644714e-01;1.390531e-01;8.108026e-02;4.550892e-02;8.354784e-02;5.198323e-02
1.033183e-01;1.201003e-01;4.266317e-02;6.895850e-02;6.585710e-02;9.160960e-02;1.456290e-01;1.129863e-01;7.626162e-02;6.228621e-02;6.716274e-02;4.316718e-02
1.408807e-01;1.512367e-01;2.353712e-02;4.358364e-02;5.232829e-02;6.062202e-02;1.131051e-01;8.827271e-02;3.912530e-02;5.659631e-02;1.818588e-01;4.885341e-02
1.251048e-01;1.142862e-01;3.269818e-02;1.659065e-02;2.704004e-02;4.081937e-02;8.214862e-02;7.260654e-02;2.444579e-02;5.688691e-02;3.621661e-01;4.520669e-02
5.886326e-02;6.524519e-02;4.168728e-02;1.761091e-02;2.249932e-02;4.234208e-02;4.177695e-02;3.673811e-02;1.165607e-02;5.870178e-02;5.786057e-01;2.427335e-02
6.498417e-02;4.077189e-02;7.703524e-02;2.484330e-02;1.857214e-02;5.105763e-02;3.253356e-02;1.340347e-02;7.369007e-03;4.788769e-02;6.137470e-01;7.794896e-03
4.175449e-02;2.326852e-02;9.538608e-02;5.741949e-02;1.985670e-02;9.464940e-02;3.211700e-02;2.144882e-02;6.033594e-03;3.734382e-02;5.649813e-01;5.740762e-03
2.687173e-02;1.115841e-02;6.106797e-02;6.479344e-02;3.685531e-02;1.876442e-01;4.542819e-02;1.677999e-02;5.775411e-03;3.121842e-02;5.080593e-01;4.347663e-03
2.863578e-02;1.450622e-02;1.746797e-02;2.876021e-02;4.016260e-02;2.455959e-01;8.557472e-02;1.766277e-02;1.756451e-02;2.906838e-02;4.704546e-01;4.546389e-03
3.021434e-02;1.492120e-02;2.304519e-02;1.179275e-02;2.121973e-02;1.996464e-01;9.603912e-02;3.292191e-02;4.139033e-02;4.172391e-02;4.847863e-01;2.298925e-03
3.818181e-02;1.841313e-02;2.438205e-02;2.044448e-02;1.460550e-02;1.230119e-01;6.741966e-02;1.936993e-02;5.052843e-02;6.405772e-02;5.554277e-01;4.157601e-03
7.517232e-02;2.458955e-02;2.336511e-02;1.965527e-02;2.188017e-02;7.989399e-02;5.462382e-02;2.780135e-02;2.892206e-02;6.264639e-02;5.736042e-01;7.845726e-03
9.098175e-02;4.443017e-02;1.469564e-02;2.114755e-02;1.663847e-02;6.857891e-02;9.326920e-02;1.020012e-01;2.908874e-02;5.043245e-02;4.615926e-01;7.143372e-03
8.238110e-02;6.677917e-02;9.094126e-03;2.055614e-02;1.739497e-02;7.404253e-02;1.610952e-01;1.748397e-01;2.766067e-02;5.974776e-02;2.991663e-01;7.242329e-03
8.272327e-02;6.223067e-02;1.419767e-02;1.420482e-02;1.857853e-02;1.070007e-01;1.607303e-01;1.163281e-01;2.788455e-02;7.794051e-02;3.086744e-01;9.506446e-03
1.115575e-01;4.099917e-02;1.801044e-02;1.519826e-02;1.565757e-02;8.966947e-02;5.732280e-02;5.276753e-02;2.556724e-02;5.817417e-02;5.088868e-01;6.189169e-03
1.443805e-01;2.854043e-02;2.240965e-02;1.335893e-02;1.167130e-02;6.343457e-02;5.782481e-02;3.762893e-02;2.463374e-02;4.998422e-02;5.400926e-01;6.040270e-03
2.173997e-01;5.246239e-02;2.084338e-02;8.315801e-03;1.554652e-02;3.590566e-02;5.635906e-02;2.360057e-02;2.664101e-02;5.054060e-02;4.814851e-01;1.090019e-02
3.007003e-01;6.588955e-02;1.689042e-02;6.702470e-03;2.951635e-02;3.723412e-02;6.629660e-02;3.021303e-02;2.838477e-02;4.217352e-02;3.573636e-01;1.863515e-02
3.464120e-01;8.666760e-02;1.806631e-02;4.660982e-03;4.025011e-02;4.631781e-02;6.906481e-02;3.022515e-02;2.606042e-02;3.200984e-02;2.772537e-01;2.301124e-02
3.695123e-01;8.557116e-02;1.063084e-02;6.107218e-03;3.469401e-02;3.088228e-02;6.565643e-02;2.739506e-02;2.089375e-02;2.667040e-02;2.964135e-01;2.557308e-02
4.120437e-01;1.076586e-01;6.875379e-03;1.955302e-02;1.903345e-02;2.964946e-02;7.657739e-02;2.565026e-02;1.160668e-02;3.398779e-02;2.286174e-01;2.874688e-02
3.986050e-01;1.102029e-01;6.977389e-03;1.903970e-02;2.177703e-02;1.666549e-02;6.779911e-02;2.263476e-02;1.315409e-02;5.072286e-02;2.448813e-01;2.754040e-02
3.419961e-01;8.780780e-02;1.317878e-02;1.059511e-02;4.343421e-02;1.880489e-02;4.716203e-02;2.378986e-02;2.403239e-02;5.744197e-02;3.124307e-01;1.932617e-02
2.932968e-01;7.944852e-02;2.134015e-02;3.031250e-02;4.702203e-02;2.954022e-02;4.743901e-02;2.474876e-02;3.163894e-02;6.227934e-02;3.186701e-01;1.426362e-02
2.874160e-01;8.023305e-02;1.891674e-02;5.485010e-02;2.713096e-02;2.807116e-02;9.608708e-02;3.119398e-02;3.846579e-02;9.378468e-02;2.275381e-01;1.631231e-02
2.566221e-01;7.056538e-02;2.058994e-02;4.800981e-02;2.678551e-02;1.767371e-02;1.706460e-01;1.280205e-01;4.792366e-02;8.188283e-02;1.148377e-01;1.644287e-02
2.152046e-01;6.369685e-02;2.196750e-02;1.857357e-02;2.103183e-02;2.079570e-02;2.126224e-01;1.599357e-01;4.200869e-02;4.186178e-02;1.636090e-01;1.869242e-02
2.258003e-01;8.414874e-02;2.253827e-02;2.224917e-02;1.371374e-02;1.748535e-02;2.472039e-01;1.836994e-01;4.121412e-02;3.927584e-02;8.430881e-02;1.836243e-02
2.156639e-01;7.227264e-02;2.288982e-02;2.234142e-02;2.193464e-02;1.878820e-02;3.046330e-01;1.574091e-01;3.143830e-02;3.255237e-02;8.636955e-02;1.370713e-02
2.058490e-01;8.606878e-02;1.776943e-02;2.408850e-02;2.418689e-02;2.097450e-02;3.042854e-01;1.445323e-01;2.798269e-02;4.210612e-02;9.763184e-02;4.524521e-03
1.939137e-01;9.143104e-02;1.437706e-02;5.596126e-02;3.259839e-02;2.564777e-02;2.649629e-01;1.464690e-01;3.878743e-02;5.541502e-02;7.212526e-02;8.311189e-03
1.573253e-01;8.779727e-02;2.299507e-02;9.394068e-02;3.930755e-02;5.409225e-02;2.042136e-01;1.386864e-01;4.686791e-02;6.196551e-02;8.159053e-02;1.121792e-02
1.457724e-01;6.929374e-02;2.728087e-02;1.044616e-01;5.651585e-02;5.894406e-02;1.749557e-01;1.398711e-01;5.443167e-02;8.071020e-02;8.032831e-02;7.434563e-03
1.606688e-01;6.551353e-02;3.473704e-02;6.899632e-02;6.540800e-02;4.105852e-02;1.639919e-01;1.243225e-01;7.931078e-02;1.129718e-01;6.197717e-02;2.104369e-02
1.499178e-01;8.971713e-02;4.648684e-02;3.081970e-02;6.522080e-02;6.320368e-02;1.307291e-01;1.104288e-01;1.104154e-01;9.910043e-02;6.397955e-02;3.998079e-02
1.102327e-01;7.478402e-02;5.871791e-02;4.833296e-02;4.218635e-02;7.323563e-02;1.371807e-01;1.079301e-01;1.093511e-01;8.782566e-02;9.409118e-02;5.613172e-02
1.414025e-01;8.361436e-02;4.941093e-02;6.563437e-02;4.103400e-02;6.507014e-02;1.321806e-01;1.047482e-01;7.505994e-02;9.171312e-02;9.332005e-02;5.681180e-02
1.625774e-01;7.773396e-02;3.913029e-02;8.566453e-02;5.076063e-02;7.285774e-02;8.376769e-02;1.096804e-01;6.425007e-02;1.125005e-01;9.870741e-02;4.236940e-02
1.461976e-01;9.127311e-02;5.433557e-02;7.313006e-02;5.511061e-02;1.033975e-01;8.603357e-02;8.920425e-02;8.637822e-02;1.091170e-01;5.495859e-02;5.086392e-02
9.646385e-02;8.923767e-02;4.888167e-02;6.692827e-02;5.759647e-02;1.033807e-01;1.225493e-01;1.100063e-01;7.996948e-02;7.478917e-02;8.792495e-02;6.227227e-02
8.210453e-02;1.120974e-01;5.285281e-02;7.085419e-02;5.205268e-02;9.803331e-02;1.298497e-01;8.273843e-02;1.153710e-01;5.213127e-02;7.946343e-02;7.245120e-02
1.624866e-01;1.142109e-01;5.297387e-02;6.413691e-02;3.808812e-02;6.180827e-02;1.394732e-01;8.195923e-02;1.179723e-01;5.946001e-02;5.696936e-02;5.046112e-02
2.251014e-01;1.002997e-01;3.856887e-02;4.412942e-02;3.686414e-02;4.826224e-02;1.116080e-01;1.157455e-01;7.532128e-02;4.261169e-02;1.299279e-01;3.155990e-02
2.568263e-01;2.141846e-01;3.129535e-02;1.818277e-02;1.698792e-02;3.022392e-02;1.126590e-01;1.150286e-01;3.016669e-02;2.529627e-02;1.107453e-01;3.840334e-02
2.264101e-01;3.714179e-01;3.640918e-02;1.482129e-02;1.019983e-02;3.691278e-02;6.344686e-02;7.613563e-02;3.323327e-02;1.758391e-02;7.139372e-02;4.203550e-02
1.795012e-01;5.268057e-01;3.749200e-02;1.717811e-02;8.387661e-03;3.730933e-02;2.808830e-02;4.418134e-02;5.157235e-02;9.876581e-03;3.562958e-02;2.397784e-02
1.802691e-01;5.640218e-01;3.202606e-02;1.726393e-02;1.163600e-02;3.116791e-02;2.972093e-02;3.294460e-02;5.909988e-02;1.169020e-02;2.505448e-02;5.105163e-03
2.150846e-01;5.187960e-01;2.298747e-02;1.218123e-02;9.279985e-03;2.436057e-02;4.566383e-02;3.617991e-02;5.981188e-02;1.398435e-02;3.802268e-02;3.647468e-03
3.259709e-01;4.177432e-01;1.246054e-02;1.153829e-02;4.023771e-03;3.080135e-02;3.457231e-02;4.556743e-02;7.957145e-02;1.137078e-02;1.900364e-02;7.376384e-03
4.188364e-01;3.373350e-01;8.913480e-03;8.706820e-03;1.022831e-02;2.932957e-02;2.104169e-02;6.741346e-02;6.826578e-02;6.651891e-03;1.868070e-02;4.596921e-03
4.531397e-01;3.238755e-01;6.924400e-03;7.320422e-03;1.970660e-02;2.962857e-02;1.514438e-02;5.721511e-02;5.596769e-02;5.871729e-03;1.859421e-02;6.611669e-03
4.150166e-01;3.831168e-01;1.236960e-02;1.079055e-02;1.894991e-02;3.555526e-02;1.381521e-02;2.814081e-02;5.648793e-02;1.369250e-02;5.333939e-03;6.730921e-03
3.225778e-01;4.394284e-01;3.332091e-02;1.158325e-02;1.402304e-02;3.614995e-02;1.504620e-02;1.895114e-02;4.455909e-02;3.996442e-02;1.837210e-02;6.023676e-03
2.018103e-01;4.522669e-01;7.294436e-02;1.994542e-02;2.750981e-02;2.080602e-02;3.665651e-02;2.481432e-02;2.149337e-02;9.353280e-02;2.020589e-02;8.014312e-03
1.412009e-01;4.087785e-01;1.041580e-01;2.865132e-02;6.094505e-02;1.590280e-02;4.715775e-02;2.198590e-02;2.156856e-02;1.182408e-01;2.487769e-02;6.532844e-03
1.751369e-01;3.822713e-01;7.860507e-02;3.886166e-02;6.549267e-02;2.550247e-02;3.964517e-02;3.276938e-02;1.949443e-02;9.172562e-02;3.537148e-02;1.512381e-02
2.267853e-01;3.341364e-01;3.802213e-02;3.691080e-02;8.317704e-02;3.246460e-02;4.330486e-02;4.525908e-02;3.169958e-02;8.369002e-02;2.697998e-02;1.757027e-02
2.818247e-01;2.897306e-01;3.251445e-02;2.607185e-02;9.186236e-02;3.425750e-02;3.614347e-02;4.638332e-02;3.531487e-02;1.006356e-01;1.456277e-02;1.069853e-02
2.748921e-01;3.139750e-01;3.737737e-02;2.375900e-02;7.215144e-02;3.078912e-02;3.870545e-02;3.802231e-02;4.791894e-02;9.516408e-02;1.576723e-02;1.147796e-02
2.427995e-01;3.225924e-01;4.775928e-02;2.986671e-02;5.879530e-02;4.085068e-02;5.094299e-02;3.835253e-02;4.288187e-02;8.645759e-02;2.310330e-02;1.559788e-02
2.366373e-01;3.389578e-01;5.349733e-02;2.273894e-02;4.144553e-02;4.254381e-02;6.344644e-02;4.860641e-02;3.331997e-02;7.012863e-02;2.251206e-02;2.616580e-02
1.883518e-01;3.784234e-01;7.070296e-02;2.465855e-02;3.961561e-02;4.143040e-02;5.894415e-02;5.511281e-02;4.128801e-02;4.806607e-02;1.728387e-02;3.612241e-02
1.250732e-01;3.340637e-01;1.018416e-01;7.142922e-02;5.732907e-02;3.977313e-02;6.033291e-02;5.233968e-02;3.556906e-02;5.015892e-02;2.989035e-02;4.219920e-02
6.716134e-02;2.824157e-01;9.524669e-02;9.365495e-02;5.475669e-02;5.907119e-02;7.615414e-02;9.380275e-02;2.446665e-02;5.778881e-02;5.779171e-02;3.768940e-02
8.765300e-02;2.513680e-01;8.626638e-02;7.383706e-02;5.943134e-02;7.172239e-02;9.996480e-02;1.024839e-01;2.044548e-02;4.948459e-02;4.228166e-02;5.506140e-02
5.636014e-02;1.470387e-01;7.994965e-02;5.963843e-02;1.240457e-01;1.065791e-01;1.552297e-01;8.608849e-02;2.346046e-02;3.283970e-02;1.942462e-02;1.093453e-01
3.817529e-02;7.865515e-02;5.440646e-02;9.170396e-02;1.625295e-01;1.416694e-01;1.683650e-01;5.104740e-02;2.345566e-02;2.013932e-02;1.979445e-02;1.500585e-01
3.064847e-02;5.173613e-02;3.443506e-02;1.615714e-01;1.475638e-01;1.224570e-01;1.566004e-01;6.324938e-02;1.414655e-02;2.040678e-02;4.354531e-02;1.536398e-01
4.252665e-02;8.744550e-02;5.099266e-02;2.220165e-01;1.007050e-01;7.303230e-02;1.080955e-01;2.914259e-02;1.189142e-02;1.821783e-02;1.346454e-01;1.212885e-01
3.016809e-02;1.367174e-01;8.482504e-02;2.270225e-01;4.502371e-02;4.300758e-02;7.547088e-02;4.517220e-02;9.896844e-03;3.016786e-02;2.087037e-01;6.382420e-02
8.899395e-02;3.004137e-01;1.172746e-01;1.111578e-01;1.545010e-02;2.875588e-02;5.997768e-02;2.739020e-02;3.464160e-02;6.509691e-02;1.336157e-01;1.723194e-02
1.822367e-01;4.027052e-01;7.763572e-02;2.972109e-02;1.639653e-02;2.951515e-02;4.978236e-02;4.947213e-02;4.603968e-02;5.041985e-02;5.271582e-02;1.335981e-02
2.824028e-01;3.322989e-01;2.733978e-02;3.978342e-02;2.285881e-02;2.634999e-02;7.131942e-02;7.239680e-02;3.272801e-02;2.012482e-02;4.639452e-02;2.600279e-02
2.774340e-01;2.014125e-01;4.424135e-02;7.827388e-02;1.250401e-02;3.751373e-02;1.092137e-01;6.806587e-02;1.520003e-02;8.580946e-03;1.100775e-01;3.748238e-02
1.584822e-01;1.397488e-01;7.255788e-02;9.123960e-02;4.245933e-02;5.914347e-02;1.099009e-01;5.063695e-02;1.596894e-02;3.183061e-02;1.980556e-01;2.997565e-02
9.801558e-02;7.178771e-02;6.653164e-02;2.383953e-02;1.028921e-01;7.352386e-02;8.900788e-02;1.231253e-01;5.838178e-02;5.928619e-02;2.053085e-01;2.829988e-02
7.810370e-02;7.212127e-02;7.037541e-02;1.050715e-01;9.481598e-02;5.981457e-02;9.682267e-02;2.275835e-01;6.381323e-02;3.526186e-02;5.761383e-02;3.860254e-02
5.009685e-02;1.244791e-01;5.907059e-02;6.522150e-02;8.863419e-02;3.890964e-02;1.882910e-01;2.468906e-01;3.208438e-02;1.542968e-02;6.263023e-02;2.826221e-02
4.158797e-02;1.750155e-01;2.146324e-02;3.216697e-02;9.053249e-02;3.284262e-02;3.013766e-01;1.881408e-01;2.200166e-02;1.049119e-02;7.292482e-02;1.145610e-02
7.270226e-02;1.791510e-01;1.970124e-02;4.259452e-02;5.766068e-02;4.227908e-02;3.287133e-01;1.348300e-01;3.033211e-02;1.177781e-02;6.815825e-02;1.209973e-02
1.390615e-01;1.579339e-01;2.043764e-02;9.253237e-02;4.798226e-02;6.808595e-02;2.711602e-01;8.659242e-02;2.226358e-02;2.608958e-02;5.488846e-02;1.297213e-02
2.501667e-01;1.032276e-01;1.300954e-02;1.176061e-01;4.579358e-02;9.949084e-02;2.126667e-01;5.530481e-02;1.395745e-02;4.405276e-02;3.137540e-02;1.334858e-02
2.569477e-01;9.771243e-02;1.155169e-02;6.911236e-02;2.954052e-02;8.971681e-02;2.625038e-01;7.953498e-02;1.244869e-02;3.960083e-02;2.809099e-02;2.323917e-02
2.392009e-01;1.338985e-01;1.076290e-02;3.135896e-02;2.069120e-02;8.131550e-02;2.968629e-01;8.234002e-02;1.002049e-02;3.298103e-02;3.199054e-02;2.857699e-02
1.879786e-01;1.847548e-01;7.544043e-03;1.109319e-02;1.422017e-02;6.057401e-02;3.276532e-01;8.634827e-02;1.636881e-02;3.817116e-02;4.769904e-02;1.759470e-02
1.322331e-01;2.341138e-01;7.369777e-03;1.287332e-02;8.356797e-03;4.646450e-02;3.259062e-01;1.153887e-01;1.997765e-02;3.877939e-02;5.304921e-02;5.487490e-03
1.072597e-01;2.827497e-01;1.105625e-02;6.411389e-03;1.153340e-02;4.323853e-02;3.207455e-01;1.245940e-01;1.745592e-02;2.520951e-02;4.545749e-02;4.288658e-03
9.421915e-02;3.075370e-01;1.606143e-02;1.911052e-02;1.118957e-02;4.259606e-02;2.913248e-01;1.472914e-01;1.588059e-02;1.472202e-02;3.657075e-02;3.496670e-03
8.665637e-02;3.272948e-01;2.603571e-02;1.947228e-02;1.386682e-02;4.756923e-02;2.500494e-01;1.351325e-01;2.345709e-02;3.373901e-02;3.039649e-02;6.330279e-03
1.101229e-01;2.891703e-01;3.728539e-02;2.447388e-02;2.204093e-02;6.001676e-02;2.297341e-01;8.491264e-02;3.171025e-02;5.528759e-02;4.038417e-02;1.486113e-02
1.184081e-01;1.760801e-01;3.280029e-02;2.904568e-02;3.895011e-02;6.359401e-02;2.917864e-01;9.228643e-02;3.635652e-02;6.276038e-02;3.680414e-02;2.112784e-02
8.211952e-02;1.038185e-01;1.629210e-02;2.293957e-02;4.977201e-02;5.648719e-02;3.933896e-01;1.383468e-01;3.183311e-02;3.897941e-02;4.521903e-02;2.080302e-02
6.313230e-02;1.138972e-01;2.373255e-02;1.974775e-02;3.653675e-02;4.684552e-02;3.677704e-01;1.489330e-01;4.209636e-02;3.210250e-02;8.337484e-02;2.183087e-02
