7.352847e-02;7.824486e-02;8.618478e-02;7.445827e-02;6.242942e-02;6.779064e-02;1.526266e-01;6.292869e-02;7.116955e-02;1.126981e-01;7.656704e-02;8.137352e-02
8.066808e-02;5.860804e-02;8.096898e-02;1.052124e-01;5.796831e-02;5.568109e-02;1.110117e-01;8.926898e-02;8.296992e-02;9.258737e-02;1.136876e-01;7.136755e-02
6.689640e-02;3.135087e-02;9.013227e-02;7.280199e-02;7.036471e-02;5.904763e-02;5.467523e-02;7.044782e-02;8.504654e-02;1.277694e-01;2.338966e-01;3.757052e-02
1.017433e-01;5.359437e-02;8.167509e-02;7.517640e-02;7.638490e-02;6.739084e-02;7.887784e-02;6.231173e-02;1.052754e-01;8.393823e-02;1.914790e-01;2.215289e-02
1.268200e-01;1.096934e-01;1.101867e-01;7.041321e-02;4.169784e-02;7.078864e-02;8.518690e-02;7.126032e-02;9.401773e-02;5.059391e-02;1.086693e-01;6.067205e-02
1.040839e-01;1.023604e-01;1.096678e-01;4.707838e-02;4.611172e-02;5.419916e-02;7.223450e-02;8.123127e-02;1.252897e-01;7.464078e-02;9.901224e-02;8.409016e-02
7.583588e-02;8.379874e-02;1.043201e-01;4.641796e-02;5.544040e-02;6.043831e-02;9.311648e-02;6.743621e-02;1.327168e-01;8.054841e-02;1.239553e-01;7.597543e-02
5.406501e-02;7.713598e-02;8.070469e-02;6.936353e-02;4.961804e-02;5.737990e-02;1.366366e-01;3.361271e-02;1.094936e-01;9.086718e-02;1.376948e-01;1.034281e-01
4.280564e-02;8.180554e-02;5.039622e-02;9.497132e-02;3.082904e-02;4.829891e-02;1.769963e-01;3.125875e-02;5.428773e-02;8.938589e-02;1.055955e-01;1.933692e-01
5.766185e-02;9.270004e-02;5.294073e-02;9.708369e-02;4.299149e-02;6.498202e-02;1.851139e-01;1.718661e-02;2.293143e-02;6.667654e-02;7.261062e-02;2.271211e-01
8.056149e-02;9.297194e-02;9.068347e-02;8.093695e-02;5.726298e-02;6.987973e-02;1.609235e-01;2.138507e-02;4.272396e-02;6.413442e-02;7.037105e-02;1.681654e-01
6.620178e-02;8.077726e-02;9.868754e-02;4.274462e-02;5.593151e-02;4.891785e-02;1.244485e-01;3.896683e-02;8.346098e-02;4.844575e-02;1.715015e-01;1.399158e-01
6.542175e-02;7.474688e-02;7.469462e-02;4.827333e-02;5.115825e-02;6.209104e-02;1.320724e-01;3.383708e-02;7.132082e-02;2.794902e-02;1.809563e-01;1.774784e-01
7.791340e-02;7.969627e-02;6.416278e-02;6.346080e-02;4.256782e-02;5.601956e-02;1.932271e-01;3.881010e-02;5.362898e-02;5.544192e-02;1.318160e-01;1.432552e-01
7.833546e-02;9.021352e-02;6.997086e-02;8.422346e-02;3.933937e-02;4.525821e-02;2.398135e-01;3.026115e-02;3.796770e-02;7.648896e-02;8.395472e-02;1.241730e-01
9.346537e-02;9.288049e-02;8.359001e-02;7.306891e-02;3.069144e-02;8.406636e-02;2.064229e-01;2.517135e-02;5.260069e-02;6.788196e-02;6.812594e-02;1.220346e-01
9.484780e-02;8.961108e-02;9.775801e-02;2.928796e-02;7.619123e-02;1.049282e-01;7.056820e-02;5.200685e-02;6.368715e-02;7.733805e-02;1.363865e-01;1.073890e-01
9.756004e-02;8.763634e-02;1.179049e-01;3.649946e-02;8.682656e-02;9.200865e-02;4.799459e-02;7.784525e-02;7.080642e-02;6.677996e-02;1.331989e-01;8.493898e-02
1.118895e-01;7.469214e-02;1.411223e-01;5.777126e-02;8.644627e-02;8.190246e-02;6.557176e-02;9.663217e-02;7.717574e-02;5.958505e-02;9.670847e-02;5.050291e-02
1.199176e-01;5.870232e-02;1.973520e-01;6.403330e-02;8.965996e-02;6.896932e-02;6.981318e-02;1.031588e-01;6.062312e-02;5.883968e-02;6.374467e-02;4.518608e-02
7.852872e-02;1.009014e-01;3.192444e-01;5.581500e-02;6.542644e-02;3.738336e-02;6.766686e-02;4.933733e-02;4.851079e-02;8.980048e-02;3.313443e-02;5.425078e-02
3.664317e-02;9.295155e-02;4.177251e-01;4.061951e-02;4.803321e-02;1.945448e-02;4.393886e-02;2.470454e-02;4.808988e-02;1.294659e-01;2.811572e-02;7.025806e-02
1.365560e-02;5.636401e-02;4.653035e-01;2.441446e-02;5.680308e-02;2.302239e-02;4.265715e-02;1.789189e-02;5.599696e-02;1.785632e-01;1.098850e-02;5.433939e-02
1.997922e-02;5.682580e-02;4.638635e-01;3.059813e-02;5.266053e-02;2.123925e-02;4.416915e-02;1.275632e-02;5.400305e-02;2.025962e-01;1.560303e-02;2.570576e-02
4.046795e-02;7.727326e-02;4.546133e-01;4.693339e-02;3.397882e-02;1.705985e-02;5.047782e-02;1.104357e-02;4.956403e-02;1.667359e-01;2.573209e-02;2.611997e-02
7.083872e-02;1.024890e-01;4.662455e-01;5.335861e-02;2.335471e-02;1.571131e-02;4.515806e-02;1.593875e-02;4.301070e-02;9.618483e-02;3.181192e-02;3.589795e-02
1.283380e-01;1.253319e-01;4.402657e-01;4.203082e-02;2.500255e-02;2.421728e-02;2.709822e-02;2.333926e-02;4.541204e-02;4.989513e-02;2.645017e-02;4.261904e-02
1.694989e-01;8.635566e-02;3.557361e-01;5.333307e-02;6.163448e-02;4.016960e-02;2.234035e-02;2.732372e-02;4.059358e-02;5.460953e-02;3.680948e-02;5.159556e-02
1.168514e-01;9.087151e-02;2.189633e-01;9.667268e-02;1.351987e-01;4.972678e-02;2.757610e-02;3.564539e-02;4.257268e-02;8.345505e-02;5.675020e-02;4.571620e-02
5.664532e-02;1.105673e-01;1.878206e-01;7.625306e-02;1.461075e-01;5.822831e-02;8.193758e-02;6.760444e-02;5.824769e-02;7.610911e-02;5.047773e-02;3.000131e-02
2.999914e-02;1.154597e-01;1.736915e-01;7.382879e-02;8.631191e-02;4.695876e-02;1.570186e-01;6.883188e-02;8.692721e-02;9.504247e-02;5.019031e-02;1.573968e-02
2.225085e-02;1.139589e-01;1.120910e-01;9.124550e-02;5.224744e-02;6.167329e-02;1.189881e-01;5.551719e-02;1.125178e-01;1.946758e-01;2.952973e-02;3.530452e-02
3.410751e-02;8.636474e-02;9.824760e-02;6.241357e-02;8.832642e-02;6.740373e-02;4.499526e-02;6.630784e-02;1.186151e-01;2.332290e-01;4.143800e-02;5.855113e-02
4.547887e-02;5.435493e-02;7.343508e-02;5.347361e-02;1.616239e-01;1.016207e-01;3.939141e-02;9.574891e-02;1.060066e-01;1.965164e-01;3.087155e-02;4.147810e-02
3.345738e-02;2.276101e-02;5.910340e-02;7.180055e-02;1.678833e-01;9.040031e-02;6.458309e-02;6.532440e-02;1.587239e-01;2.138298e-01;2.716094e-02;2.497199e-02
4.342875e-02;3.016138e-02;3.129435e-02;5.680187e-02;9.114049e-02;5.051775e-02;7.672281e-02;7.668594e-02;1.726020e-01;3.326617e-01;1.229367e-02;2.568938e-02
5.375451e-02;4.312607e-02;4.660291e-02;3.339106e-02;5.675713e-02;3.671131e-02;7.039978e-02;6.545396e-02;1.565018e-01;4.083425e-01;8.795351e-03;2.016366e-02
5.553637e-02;3.767957e-02;6.260818e-02;2.391143e-02;6.197129e-02;6.465440e-02;6.598219e-02;4.872556e-02;1.155996e-01;4.296600e-01;1.677415e-02;1.689727e-02
6.123462e-02;3.835888e-02;7.296742e-02;6.687727e-02;5.863558e-02;7.382161e-02;6.866741e-02;4.676915e-02;7.261532e-02;3.647108e-01;2.433557e-02;5.100634e-02
8.150159e-02;6.749921e-02;8.225596e-02;9.108336e-02;9.702083e-02;8.031930e-02;1.036405e-01;5.733941e-02;7.463624e-02;1.578725e-01;1.754458e-02;8.928657e-02
9.550936e-02;8.159164e-02;9.474558e-02;8.153429e-02;1.046695e-01;7.375922e-02;1.057811e-01;6.023005e-02;8.514210e-02;1.069970e-01;3.634540e-02;7.369479e-02
1.139115e-01;1.230088e-01;1.245215e-01;5.795337e-02;5.233712e-02;5.201030e-02;1.031117e-01;4.855827e-02;7.264777e-02;1.248971e-01;7.885930e-02;4.818322e-02
8.439060e-02;9.382743e-02;1.351127e-01;4.559127e-02;4.282289e-02;3.072095e-02;1.691713e-01;6.128874e-02;7.275626e-02;1.290901e-01;9.576363e-02;3.946414e-02
3.277845e-02;5.672107e-02;1.208153e-01;3.178777e-02;3.748409e-02;2.940750e-02;2.985646e-01;9.730053e-02;6.992150e-02;1.306176e-01;6.538167e-02;2.921986e-02
2.698797e-02;6.621105e-02;1.017492e-01;1.311525e-02;4.569235e-02;2.676645e-02;4.557136e-01;8.718997e-02;5.380099e-02;6.294461e-02;4.135415e-02;1.847438e-02
4.864762e-02;9.166373e-02;6.594831e-02;6.734977e-03;5.053234e-02;3.691569e-02;5.297219e-01;4.761318e-02;5.453518e-02;2.479617e-02;3.404799e-02;8.842967e-03
7.046696e-02;1.101906e-01;3.835034e-02;1.771967e-02;4.470517e-02;5.299962e-02;5.184073e-01;2.234192e-02;6.827900e-02;2.283603e-02;2.039503e-02;1.330827e-02
9.364624e-02;1.233563e-01;2.702701e-02;2.998611e-02;4.149783e-02;5.695226e-02;4.748556e-01;1.703597e-02;7.602923e-02;1.756847e-02;2.426685e-02;1.777820e-02
1.174990e-01;1.462190e-01;3.517680e-02;2.581701e-02;3.378979e-02;4.893943e-02;4.243940e-01;2.682052e-02;5.434636e-02;1.880091e-02;4.677925e-02;2.141795e-02
1.179457e-01;1.710775e-01;4.506246e-02;2.536133e-02;4.071517e-02;4.832210e-02;4.018224e-01;3.834495e-02;2.886011e-02;1.734095e-02;4.444705e-02;2.070026e-02
8.832215e-02;1.564251e-01;7.867303e-02;4.383769e-02;6.652806e-02;5.331367e-02;3.939361e-01;4.454960e-02;2.388241e-02;1.258980e-02;2.948174e-02;8.460719e-03
5.882750e-02;1.018244e-01;1.170082e-01;5.683122e-02;7.090553e-02;4.814856e-02;3.886425e-01;6.869167e-02;3.766975e-02;2.495931e-02;1.778589e-02;8.705360e-03
3.809513e-02;3.938749e-02;1.480656e-01;4.497921e-02;5.280783e-02;9.680746e-02;3.330641e-01;1.141083e-01;5.856306e-02;4.768556e-02;9.922750e-03;1.651356e-02
3.009853e-02;2.770506e-02;1.398658e-01;5.404292e-02;7.055687e-02;1.336938e-01;2.105714e-01;1.116973e-01;1.074197e-01;8.062128e-02;1.597021e-02;1.775717e-02
3.803293e-02;3.956579e-02;9.957205e-02;7.552087e-02;7.662743e-02;8.084127e-02;1.426367e-01;1.080041e-01;1.584785e-01;1.306230e-01;3.681352e-02;1.328378e-02
2.915989e-02;3.523900e-02;4.795807e-02;4.394715e-02;6.415904e-02;9.431651e-02;2.053326e-01;8.962098e-02;1.328850e-01;1.705073e-01;6.565297e-02;2.122155e-02
1.612576e-02;3.434375e-02;3.887240e-02;3.053628e-02;5.197983e-02;1.229920e-01;2.052852e-01;8.395395e-02;1.024719e-01;1.721833e-01;1.143749e-01;2.688064e-02
3.437205e-02;2.156529e-02;5.441330e-02;1.994762e-02;2.488553e-02;1.547604e-01;1.608485e-01;5.533540e-02;9.758702e-02;1.598317e-01;1.760895e-01;4.036377e-02
3.660940e-02;1.035521e-02;6.550305e-02;1.546605e-02;2.511960e-02;1.352988e-01;8.670230e-02;4.474090e-02;1.605268e-01;1.542506e-01;2.051389e-01;6.028843e-02
5.197693e-02;1.408000e-02;7.002550e-02;1.070375e-02;2.392453e-02;9.591421e-02;6.893566e-02;6.036929e-02;1.826917e-01;1.776920e-01;1.773482e-01;6.633825e-02
5.945002e-02;1.357784e-02;6.151329e-02;9.443216e-03;1.739267e-02;1.359972e-01;7.093246e-02;3.274122e-02;1.515506e-01;1.974429e-01;1.771252e-01;7.283348e-02
5.166388e-02;2.157632e-02;4.070738e-02;2.355276e-02;3.786112e-02;1.210465e-01;9.581657e-02;5.052537e-02;9.587482e-02;1.888033e-01;1.932402e-01;7.933179e-02
4.591785e-02;5.032896e-02;2.520479e-02;4.722371e-02;8.697333e-02;6.304879e-02;8.382365e-02;8.304451e-02;8.074743e-02;1.940582e-01;1.625409e-01;7.708801e-02
6.187260e-02;5.496436e-02;5.595611e-02;6.678703e-02;9.350105e-02;6.320074e-02;1.052140e-01;6.485214e-02;9.499624e-02;2.000206e-01;8.973905e-02;4.889606e-02
7.045746e-02;5.669174e-02;1.058206e-01;7.084849e-02;6.765953e-02;5.589867e-02;1.799601e-01;5.736676e-02;1.016335e-01;1.473802e-01;4.923608e-02;3.704686e-02
5.704660e-02;1.007635e-01;1.596869e-01;6.751583e-02;3.814710e-02;5.428096e-02;1.459943e-01;7.798957e-02;8.745400e-02;1.132596e-01;4.694599e-02;5.091560e-02
9.076183e-02;1.360051e-01;1.262253e-01;1.014379e-01;6.642117e-02;5.170216e-02;7.962304e-02;6.998382e-02;1.008334e-01;8.301149e-02;3.616354e-02;5.783119e-02
8.276285e-02;1.557975e-01;1.046961e-01;1.565841e-01;9.634797e-02;4.091579e-02;4.854020e-02;5.090494e-02;1.213222e-01;5.415431e-02;4.100892e-02;4.696504e-02
5.652155e-02;1.238954e-01;1.073536e-01;2.045858e-01;1.076008e-01;2.845285e-02;3.474113e-02;4.114003e-02;1.472952e-01;6.577640e-02;5.006140e-02;3.257575e-02
4.607432e-02;6.501688e-02;1.551052e-01;1.615936e-01;7.503847e-02;3.490990e-02;1.062006e-01;8.288819e-02;1.203834e-01;6.964146e-02;4.133392e-02;4.181411e-02
6.376288e-02;7.011142e-02;1.402061e-01;7.939707e-02;5.807426e-02;3.877111e-02;1.631961e-01;1.165156e-01;9.440068e-02;7.866833e-02;3.943346e-02;5.746299e-02
1.034459e-01;9.059856e-02;1.039234e-01;3.623918e-02;6.941193e-02;3.788677e-02;1.324135e-01;1.382940e-01;1.026379e-01;7.795444e-02;4.851970e-02;5.867463e-02
9.656192e-02;9.517503e-02;2.076821e-01;7.086864e-02;6.353588e-02;2.898824e-02;6.507242e-02;1.036769e-01;1.299380e-01;6.999274e-02;3.820717e-02;3.030091e-02
4.941561e-02;9.437434e-02;2.034143e-01;9.203028e-02;6.583123e-02;2.810985e-02;1.218437e-01;7.226782e-02;1.435812e-01;5.462821e-02;3.478733e-02;3.971604e-02
4.011624e-02;1.114315e-01;1.430960e-01;1.049664e-01;8.705858e-02;3.318454e-02;1.034861e-01;7.237849e-02;1.691211e-01;5.025472e-02;3.067415e-02;5.423220e-02
7.585816e-02;1.287671e-01;1.143488e-01;1.038726e-01;9.142583e-02;3.901841e-02;4.501096e-02;5.543352e-02;1.428096e-01;6.542078e-02;4.341486e-02;9.461924e-02
9.317190e-02;1.362850e-01;8.571547e-02;1.049101e-01;7.372356e-02;4.470006e-02;5.730247e-02;4.708855e-02;9.606934e-02;8.275183e-02;3.762851e-02;1.406532e-01
7.008673e-02;1.333179e-01;7.400310e-02;8.887770e-02;6.265526e-02;4.109059e-02;9.343266e-02;5.433569e-02;8.506072e-02;1.082156e-01;5.590471e-02;1.330194e-01
6.168770e-02;9.885659e-02;1.064678e-01;6.702434e-02;5.739525e-02;5.178932e-02;1.002820e-01;7.481041e-02;9.439717e-02;1.559000e-01;5.348932e-02;7.790010e-02
1.086419e-01;5.565668e-02;1.251970e-01;5.382607e-02;5.907874e-02;8.202241e-02;9.291293e-02;1.242682e-01;9.819896e-02;1.182164e-01;5.779719e-02;2.418347e-02
7.535231e-02;5.570474e-02;1.226964e-01;4.932765e-02;7.947537e-02;7.921634e-02;1.305174e-01;1.041076e-01;7.770276e-02;1.257840e-01;6.663555e-02;3.347988e-02
5.405840e-02;4.398476e-02;1.502549e-01;6.346717e-02;6.974643e-02;5.785195e-02;1.383565e-01;1.048808e-01;5.362077e-02;9.448376e-02;1.091356e-01;6.015903e-02
4.059182e-02;3.729826e-02;1.403936e-01;8.163622e-02;5.762016e-02;4.592363e-02;1.064383e-01;1.132014e-01;3.541897e-02;7.011811e-02;2.167189e-01;5.464073e-02
2.322916e-02;2.867659e-02;1.219577e-01;1.007852e-01;5.928436e-02;3.199388e-02;6.244857e-02;9.987571e-02;2.848123e-02;5.859303e-02;3.322515e-01;5.242307e-02
1.246730e-02;2.120405e-02;7.289986e-02;9.435091e-02;1.111055e-01;2.408860e-02;3.014285e-02;5.310613e-02;3.766162e-02;2.954756e-02;3.182929e-01;1.951327e-01
3.849838e-02;1.358635e-02;5.766084e-02;6.044983e-02;1.709860e-01;3.943132e-02;3.328364e-02;1.722860e-02;6.882592e-02;1.819003e-02;1.346805e-01;3.471786e-01
1.012653e-01;1.192937e-02;5.804105e-02;3.217461e-02;1.698781e-01;9.708028e-02;5.101125e-02;2.277114e-02;6.516096e-02;3.410384e-02;5.688060e-02;2.997036e-01
1.927264e-01;1.351771e-02;3.369677e-02;2.887020e-02;1.313511e-01;1.790541e-01;8.003430e-02;3.926038e-02;3.294425e-02;7.552082e-02;8.618225e-02;1.068418e-01
1.688003e-01;2.402427e-02;1.538857e-02;4.981125e-02;1.084261e-01;2.120935e-01;1.482856e-01;4.766678e-02;1.450779e-02;8.649271e-02;6.349486e-02;6.100824e-02
7.965875e-02;5.002850e-02;2.873219e-02;6.736905e-02;1.028516e-01;1.906333e-01;3.076772e-01;4.507752e-02;2.149395e-02;5.090392e-02;2.644709e-02;2.912700e-02
6.656148e-02;6.711534e-02;5.419436e-02;7.328968e-02;8.504526e-02;1.493020e-01;3.759181e-01;3.077907e-02;2.432794e-02;3.599402e-02;1.939850e-02;1.807425e-02
8.748256e-02;5.511883e-02;1.053791e-01;6.334987e-02;9.445837e-02;1.295341e-01;2.776013e-01;1.641441e-02;2.302445e-02;4.059439e-02;1.399649e-02;9.304620e-02
7.111270e-02;5.021245e-02;1.724128e-01;5.548048e-02;1.023119e-01;1.119185e-01;1.738129e-01;2.427035e-02;2.168067e-02;2.112593e-02;2.690723e-02;1.687540e-01
1.061895e-01;2.634332e-02;1.767005e-01;5.106219e-02;7.551829e-02;1.274934e-01;1.702267e-01;3.345460e-02;2.418382e-02;2.740307e-02;3.007603e-02;1.513485e-01
8.327276e-02;4.461409e-02;1.506170e-01;5.806810e-02;7.156337e-02;1.185461e-01;2.130430e-01;3.463361e-02;3.232272e-02;6.117556e-02;5.789918e-02;7.424460e-02
5.718245e-02;6.233061e-02;2.058504e-01;5.053011e-02;8.739498e-02;1.226275e-01;2.276658e-01;2.735006e-02;3.410160e-02;7.225502e-02;3.023025e-02;2.248125e-02
3.936239e-02;4.344266e-02;3.359407e-01;4.731635e-02;9.239955e-02;1.254229e-01;1.818960e-01;2.084319e-02;2.079026e-02;4.316085e-02;1.689279e-02;3.253230e-02
3.050818e-02;2.050036e-02;4.591013e-01;5.036716e-02;8.627524e-02;1.036993e-01;1.309059e-01;1.959021e-02;1.758337e-02;3.261252e-02;2.038056e-02;2.847597e-02
2.534404e-02;2.606406e-02;5.721702e-01;3.939113e-02;7.210723e-02;7.000208e-02;8.117508e-02;1.455640e-02;2.261796e-02;3.597558e-02;2.305934e-02;1.753695e-02
3.834248e-02;4.816936e-02;5.961005e-01;3.224996e-02;5.666331e-02;4.793331e-02;4.436396e-02;2.110520e-02;3.309461e-02;3.378882e-02;2.737667e-02;2.081183e-02
1.202267e-01;6.126791e-02;4.341641e-01;1.897754e-02;6.698479e-02;3.568981e-02;5.260333e-02;4.024967e-02;2.950207e-02;4.454300e-02;5.711000e-02;3.868110e-02
1.687922e-01;5.963339e-02;2.720618e-01;3.532071e-02;4.549130e-02;3.071086e-02;5.370900e-02;4.037337e-02;3.735533e-02;7.726758e-02;8.707087e-02;9.221356e-02
1.341034e-01;4.532875e-02;9.747837e-02;5.464825e-02;3.254559e-02;2.569510e-02;1.021420e-01;3.069252e-02;5.083660e-02;1.141400e-01;1.400438e-01;1.723456e-01
6.799006e-02;3.197868e-02;1.403179e-01;3.707911e-02;2.872812e-02;3.428060e-02;9.863404e-02;4.700591e-02;5.658168e-02;1.077580e-01;1.863293e-01;1.633165e-01
4.953954e-02;1.223901e-02;1.667492e-01;1.182253e-02;3.311906e-02;5.653852e-02;8.891173e-02;4.505693e-02;7.764362e-02;1.102501e-01;2.263584e-01;1.217714e-01
2.140851e-02;1.003279e-02;7.668608e-02;1.393152e-02;3.317782e-02;9.245570e-02;8.611422e-02;3.805832e-02;1.251625e-01;1.381766e-01;2.464000e-01;1.183960e-01
1.825652e-02;8.903871e-03;8.527474e-02;1.540000e-02;3.563203e-02;1.037748e-01;1.133245e-01;4.195088e-02;1.095488e-01;1.229676e-01;2.296992e-01;1.152671e-01
5.858611e-02;1.216755e-02;6.902134e-02;3.378914e-02;3.096323e-02;8.515760e-02;1.762197e-01;4.955791e-02;6.870987e-02;9.973877e-02;1.832383e-01;1.328505e-01
1.012598e-01;2.453866e-02;6.428815e-02;5.756655e-02;1.804160e-02;5.021311e-02;2.213043e-01;4.836120e-02;5.111692e-02;8.165263e-02;1.284387e-01;1.532185e-01
2.016169e-01;6.145470e-02;1.235224e-01;5.319346e-02;2.786553e-02;3.134701e-02;1.462166e-01;5.154939e-02;5.531362e-02;6.538400e-02;7.147148e-02;1.110649e-01
3.133912e-01;1.128383e-01;1.304718e-01;2.768430e-02;4.669959e-02;2.212639e-02;6.641261e-02;7.059313e-02;5.524845e-02;3.848824e-02;4.939017e-02;6.665580e-02
3.097717e-01;1.658777e-01;1.771587e-01;1.890197e-02;5.101343e-02;1.755410e-02;3.678883e-02;5.817120e-02;6.317267e-02;2.429072e-02;4.460267e-02;3.269640e-02
1.918744e-01;1.998047e-01;2.853378e-01;1.899378e-02;2.965818e-02;4.052035e-02;1.909694e-02;3.037647e-02;9.661561e-02;3.436637e-02;3.097069e-02;2.238467e-02
1.091311e-01;1.597101e-01;3.942174e-01;2.224080e-02;1.700537e-02;4.578885e-02;1.722822e-02;2.000319e-02;8.828586e-02;7.567257e-02;3.195006e-02;1.876641e-02
6.698779e-02;7.874244e-02;4.682847e-01;2.847758e-02;2.226351e-02;2.423967e-02;3.333035e-02;1.533796e-02;4.940759e-02;1.154827e-01;6.695946e-02;3.048622e-02
4.019222e-02;2.056428e-02;4.907652e-01;6.368410e-02;3.379900e-02;1.787458e-02;3.755270e-02;1.031908e-02;4.297719e-02;9.986822e-02;9.839854e-02;4.400491e-02
3.515783e-02;4.113225e-02;4.060855e-01;1.155996e-01;8.295219e-02;4.565922e-02;2.608155e-02;2.597369e-02;4.934698e-02;4.378447e-02;9.167903e-02;3.654772e-02
2.253241e-02;4.188650e-02;2.655878e-01;1.405032e-01;1.797786e-01;8.622299e-02;3.578766e-02;4.540005e-02;4.599500e-02;1.687798e-02;9.590951e-02;2.351840e-02
1.787268e-02;2.349946e-02;2.276944e-01;1.147592e-01;2.274878e-01;9.190311e-02;6.488445e-02;3.976418e-02;5.055394e-02;1.989842e-02;7.237654e-02;4.930579e-02
1.192962e-02;1.823697e-02;2.877062e-01;8.963415e-02;2.213164e-01;8.276283e-02;9.110522e-02;1.879062e-02;5.225578e-02;2.729782e-02;3.514032e-02;6.382407e-02
1.644709e-02;1.677940e-02;3.420621e-01;9.669294e-02;2.302828e-01;7.798048e-02;5.509831e-02;1.494755e-02;3.513642e-02;1.810783e-02;4.721775e-02;4.924729e-02
2.100122e-02;1.494628e-02;4.128755e-01;9.953564e-02;1.983526e-01;7.297776e-02;5.028256e-02;1.878504e-02;1.887761e-02;1.771254e-02;5.576617e-02;1.888718e-02
1.814267e-02;1.961943e-02;5.194786e-01;8.250227e-02;1.469377e-01;6.272172e-02;3.755665e-02;1.847538e-02;1.185309e-02;2.402337e-02;4.389057e-02;1.479854e-02
1.965951e-02;2.928348e-02;5.836670e-01;6.816435e-02;9.907615e-02;6.143267e-02;3.197965e-02;1.392894e-02;1.572390e-02;3.091972e-02;3.458386e-02;1.158067e-02
2.550989e-02;3.532057e-02;5.101470e-01;6.321587e-02;1.023359e-01;6.664213e-02;4.500014e-02;1.303759e-02;2.288496e-02;3.757435e-02;5.358187e-02;2.474975e-02
4.479638e-02;3.794200e-02;4.105079e-01;8.561800e-02;1.167615e-01;5.127449e-02;6.153755e-02;1.972039e-02;2.892283e-02;4.101484e-02;5.766566e-02;4.423850e-02
4.210814e-02;3.644139e-02;3.546675e-01;1.137194e-01;1.147026e-01;3.866561e-02;6.888944e-02;2.728907e-02;3.098599e-02;4.348037e-02;7.733327e-02;5.171726e-02
3.373174e-02;3.762936e-02;3.834296e-01;8.883522e-02;1.340874e-01;3.827875e-02;5.471636e-02;2.694782e-02;3.016178e-02;5.239302e-02;8.324982e-02;3.653903e-02
7.863583e-02;9.036427e-02;3.494217e-01;9.415471e-02;1.040016e-01;4.348833e-02;4.598788e-02;3.814908e-02;5.564467e-02;3.212798e-02;4.618857e-02;2.183532e-02
1.172198e-01;1.356775e-01;2.267652e-01;1.008156e-01;6.497218e-02;5.171052e-02;5.816205e-02;5.559690e-02;8.128675e-02;3.993489e-02;3.275470e-02;3.510391e-02
1.298533e-01;1.425731e-01;1.723938e-01;9.782106e-02;5.251908e-02;4.839095e-02;6.787383e-02;5.966324e-02;8.200362e-02;6.327491e-02;3.732998e-02;4.630304e-02
1.140097e-01;1.158746e-01;1.322467e-01;8.671182e-02;5.821357e-02;3.829655e-02;9.240553e-02;6.491387e-02;8.617067e-02;1.282166e-01;4.069791e-02;4.224239e-02
6.560472e-02;6.365138e-02;1.418197e-01;6.217575e-02;8.551619e-02;4.920360e-02;1.365680e-01;6.485429e-02;9.742837e-02;1.510708e-01;5.734552e-02;2.476170e-02
4.557305e-02;4.357574e-02;1.743954e-01;5.514656e-02;8.925043e-02;3.164594e-02;1.938582e-01;7.307677e-02;9.117691e-02;1.175475e-01;6.415115e-02;2.060225e-02
7.223594e-02;7.674571e-02;1.660071e-01;4.384515e-02;8.658709e-02;3.273834e-02;2.517231e-01;5.181035e-02;8.125226e-02;7.696217e-02;3.916056e-02;2.093220e-02
1.366241e-01;1.274868e-01;1.511702e-01;4.011824e-02;6.645181e-02;5.508156e-02;2.681457e-01;2.360085e-02;5.659298e-02;3.565915e-02;2.604454e-02;1.302411e-02
1.875495e-01;1.222076e-01;8.075190e-02;4.698760e-02;6.700993e-02;8.014430e-02;2.821558e-01;3.135101e-02;2.891392e-02;3.112320e-02;2.804899e-02;1.375632e-02
2.102393e-01;9.939197e-02;2.762689e-02;5.232229e-02;1.089108e-01;1.116016e-01;2.628730e-01;3.665623e-02;2.529886e-02;3.436952e-02;1.528469e-02;1.542488e-02
2.201055e-01;4.408870e-02;7.918581e-02;6.486988e-02;1.373019e-01;1.302059e-01;1.890470e-01;3.706327e-02;3.253979e-02;1.913477e-02;2.276922e-02;2.368836e-02
1.087764e-01;8.361364e-02;1.607225e-01;8.902772e-02;1.221478e-01;5.846598e-02;1.974693e-01;4.632874e-02;4.245855e-02;3.767285e-02;3.858129e-02;1.473511e-02
6.688029e-02;8.277022e-02;1.959963e-01;8.199515e-02;1.359196e-01;5.532996e-02;1.773196e-01;7.904791e-02;4.038079e-02;3.054515e-02;3.875374e-02;1.506135e-02
3.537989e-02;5.184881e-02;1.962909e-01;7.177171e-02;1.340290e-01;6.178650e-02;1.674146e-01;1.717369e-01;3.490561e-02;2.951769e-02;3.171626e-02;1.360215e-02
1.952874e-02;1.992039e-02;1.861630e-01;4.625150e-02;7.923569e-02;3.621121e-02;1.450429e-01;3.261530e-01;5.115748e-02;4.970441e-02;2.358519e-02;1.704656e-02
2.961883e-02;3.845350e-02;1.447588e-01;1.930836e-02;4.407488e-02;1.969790e-02;1.493302e-01;3.816596e-01;4.974256e-02;6.019167e-02;4.169634e-02;2.146748e-02
3.423340e-02;5.495748e-02;1.030614e-01;1.274722e-02;6.708682e-02;9.247108e-03;2.393837e-01;2.818905e-01;4.121767e-02;5.074063e-02;8.283252e-02;2.260160e-02
3.273664e-02;7.241543e-02;5.974822e-02;9.926324e-03;6.769249e-02;1.876559e-02;3.131979e-01;1.674801e-01;6.779677e-02;4.156195e-02;1.299848e-01;1.869384e-02
2.579259e-02;8.970907e-02;2.413708e-02;1.070045e-02;4.958091e-02;2.908068e-02;3.740328e-01;7.144102e-02;9.733284e-02;4.093391e-02;1.731360e-01;1.412269e-02
1.848026e-02;8.980814e-02;2.013434e-02;6.381109e-03;4.288805e-02;3.514653e-02;3.977278e-01;6.737451e-02;9.699921e-02;3.067270e-02;1.864014e-01;7.986047e-03
2.102439e-02;9.264794e-02;1.353167e-02;2.530422e-03;4.375999e-02;5.042057e-02;4.095818e-01;7.632308e-02;7.503749e-02;2.023665e-02;1.878343e-01;7.071566e-03
4.672753e-02;1.166217e-01;1.875655e-02;4.147738e-03;4.144415e-02;6.227337e-02;3.680381e-01;5.714620e-02;7.384920e-02;1.942264e-02;1.818367e-01;9.736165e-03
1.033924e-01;1.670535e-01;2.957279e-02;5.434060e-03;2.958385e-02;5.276567e-02;2.979265e-01;3.624475e-02;8.338637e-02;2.387545e-02;1.511010e-01;1.966359e-02
1.908140e-01;1.952937e-01;3.856798e-02;6.843807e-03;2.181925e-02;4.011782e-02;2.329698e-01;3.860905e-02;5.501181e-02;2.536413e-02;1.013023e-01;5.328636e-02
2.635345e-01;1.851162e-01;2.445904e-02;1.173283e-02;2.528492e-02;3.732022e-02;1.991237e-01;3.290300e-02;2.733658e-02;2.405052e-02;7.202258e-02;9.711592e-02
2.350226e-01;1.416975e-01;5.600480e-02;1.673156e-02;3.719218e-02;5.744894e-02;1.506981e-01;4.037859e-02;3.023166e-02;2.357464e-02;1.050513e-01;1.059681e-01
1.527957e-01;7.809943e-02;3.287683e-02;1.541454e-02;5.724132e-02;9.133228e-02;2.201923e-01;6.218098e-02;3.082299e-02;5.471205e-02;1.398172e-01;6.451432e-02
1.680007e-01;6.478234e-02;2.171778e-02;2.615629e-02;6.728641e-02;1.196036e-01;2.436177e-01;6.187716e-02;3.747996e-02;8.053998e-02;8.565726e-02;2.328081e-02
2.017244e-01;7.572150e-02;1.544579e-02;3.244136e-02;7.177956e-02;1.435980e-01;2.241012e-01;6.527003e-02;3.784671e-02;8.200293e-02;3.188055e-02;1.818801e-02
2.215885e-01;7.538325e-02;7.617363e-03;3.814923e-02;8.104631e-02;1.623210e-01;2.274810e-01;6.694033e-02;2.521101e-02;6.534752e-02;1.263088e-02;1.628357e-02
2.338503e-01;6.518460e-02;2.312085e-02;3.628081e-02;1.036598e-01;1.735217e-01;2.196919e-01;5.308299e-02;1.635928e-02;4.210923e-02;1.043161e-02;2.270696e-02
2.305660e-01;5.799970e-02;6.522587e-02;2.647979e-02;1.273554e-01;1.649803e-01;2.055792e-01;3.766317e-02;1.880810e-02;3.164612e-02;9.599019e-03;2.409731e-02
2.027088e-01;3.763304e-02;1.441220e-01;3.196812e-02;1.289164e-01;1.507190e-01;1.926698e-01;2.833796e-02;2.201575e-02;2.602120e-02;7.581200e-03;2.730672e-02
1.802938e-01;9.098465e-03;1.851470e-01;2.759573e-02;1.319552e-01;1.438964e-01;2.194712e-01;2.078275e-02;2.146688e-02;1.991815e-02;1.247848e-02;2.789596e-02
1.745056e-01;3.438310e-02;1.215803e-01;8.033341e-02;1.223136e-01;1.322156e-01;2.460740e-01;2.025797e-02;1.586818e-02;2.417046e-02;7.145046e-03;2.115261e-02
1.809859e-01;4.048282e-02;5.107973e-02;1.353542e-01;1.049252e-01;1.410656e-01;2.670482e-01;2.303304e-02;1.082173e-02;2.664688e-02;4.698939e-03;1.385783e-02
1.788781e-01;4.305596e-02;2.619127e-02;1.396083e-01;1.042920e-01;1.521717e-01;2.711865e-01;2.730018e-02;9.301209e-03;2.981715e-02;3.688412e-03;1.450920e-02
1.904485e-01;4.302284e-02;1.908793e-02;8.682822e-02;1.063962e-01;1.736960e-01;2.784139e-01;4.055259e-02;1.061083e-02;3.038993e-02;4.236295e-03;1.631691e-02
1.976832e-01;4.624882e-02;1.616346e-02;2.669208e-02;9.978412e-02;1.864973e-01;2.829833e-01;5.874779e-02;2.201923e-02;3.516784e-02;5.951786e-03;2.206106e-02
1.988091e-01;3.804952e-02;2.106078e-02;2.235067e-02;9.736299e-02;1.584809e-01;2.493151e-01;6.633896e-02;4.033517e-02;5.742519e-02;7.440188e-03;4.303155e-02
1.976945e-01;4.329785e-02;1.912312e-02;2.672513e-02;1.091097e-01;1.307291e-01;2.243361e-01;5.806828e-02;3.660785e-02;6.286937e-02;1.319075e-02;7.824820e-02
2.033523e-01;5.720309e-02;9.003747e-02;3.358151e-02;1.224872e-01;1.219162e-01;1.551539e-01;5.121310e-02;2.728976e-02;4.897402e-02;1.470414e-02;7.408730e-02
1.571083e-01;7.735302e-02;1.528879e-01;3.948437e-02;1.293757e-01;1.185287e-01;1.374582e-01;4.605985e-02;3.970172e-02;4.438060e-02;2.601381e-02;3.164800e-02
1.052073e-01;5.619992e-02;1.230143e-01;2.931711e-02;9.985927e-02;1.031580e-01;3.476000e-01;3.752227e-02;3.407739e-02;2.950067e-02;1.600763e-02;1.853623e-02
9.647854e-02;4.117380e-02;7.675572e-02;2.618143e-02;1.137116e-01;1.123742e-01;4.075657e-01;3.777625e-02;3.070381e-02;2.652730e-02;9.776745e-03;2.097488e-02
7.965001e-02;4.123876e-02;1.025485e-01;2.499956e-02;1.377609e-01;1.214268e-01;3.603091e-01;3.348164e-02;2.810659e-02;2.550817e-02;1.755401e-02;2.741590e-02
9.496450e-02;4.106688e-02;1.596176e-01;3.737916e-02;1.591067e-01;1.082086e-01;2.249036e-01;3.357728e-02;5.169537e-02;2.799481e-02;2.534235e-02;3.614321e-02
1.444261e-01;4.586183e-02;1.592992e-01;4.147297e-02;1.300818e-01;8.147249e-02;2.026038e-01;4.651556e-02;6.019511e-02;3.063895e-02;2.346934e-02;3.396286e-02
1.866219e-01;5.197046e-02;1.573550e-01;2.614313e-02;1.124180e-01;7.090857e-02;2.312665e-01;3.370457e-02;3.584493e-02;3.241137e-02;2.614128e-02;3.521430e-02
2.072442e-01;7.647128e-02;1.138890e-01;2.862335e-02;1.245894e-01;6.261705e-02;1.911212e-01;2.002208e-02;2.075353e-02;3.410855e-02;5.441262e-02;6.614774e-02
1.779859e-01;6.753871e-02;1.106158e-01;3.851768e-02;1.207462e-01;5.258166e-02;1.220327e-01;1.744553e-02;2.090966e-02;4.643276e-02;1.093132e-01;1.158802e-01
1.683481e-01;6.291713e-02;1.106324e-01;3.828331e-02;1.017834e-01;4.492917e-02;5.337885e-02;2.218368e-02;5.421852e-02;7.405096e-02;1.532165e-01;1.160580e-01
