1.791303e-01;1.218159e-01;1.173144e-01;6.564980e-02;6.291503e-02;3.107772e-02;5.876600e-02;4.093802e-02;7.069556e-02;8.019828e-02;5.663003e-02;1.148691e-01
1.788156e-01;8.684118e-02;1.322183e-01;3.200640e-02;9.497369e-02;3.604742e-02;8.767761e-02;4.399984e-02;6.801689e-02;9.526228e-02;5.787000e-02;8.627080e-02
1.863516e-01;5.978480e-02;1.416292e-01;5.745743e-02;8.915844e-02;3.147429e-02;9.430897e-02;4.224630e-02;6.090526e-02;1.126519e-01;5.927219e-02;6.475963e-02
1.284166e-01;8.464872e-02;1.620281e-01;8.408201e-02;7.109465e-02;5.260582e-02;6.621175e-02;4.952900e-02;7.746410e-02;7.066366e-02;8.790781e-02;6.534771e-02
1.062729e-01;7.975917e-02;1.103491e-01;9.995611e-02;7.445350e-02;4.147154e-02;1.317565e-01;7.228646e-02;6.664936e-02;7.675809e-02;5.455818e-02;8.572914e-02
1.028466e-01;7.252619e-02;7.169216e-02;1.124956e-01;9.054533e-02;4.540354e-02;1.232037e-01;7.520237e-02;5.870761e-02;9.208991e-02;4.227806e-02;1.130089e-01
1.051839e-01;6.628609e-02;6.417011e-02;1.511944e-01;7.564370e-02;6.061275e-02;1.150769e-01;7.237490e-02;3.820186e-02;8.833910e-02;3.086246e-02;1.320539e-01
1.126986e-01;5.383261e-02;5.406174e-02;1.939469e-01;6.387372e-02;5.930511e-02;1.263434e-01;6.999835e-02;2.295090e-02;7.422622e-02;2.224272e-02;1.465198e-01
1.220391e-01;3.838409e-02;5.240254e-02;2.005143e-01;5.989876e-02;4.866884e-02;1.493258e-01;5.964453e-02;3.479942e-02;5.311504e-02;1.942414e-02;1.617834e-01
1.131913e-01;2.978818e-02;1.156698e-01;1.588933e-01;2.955629e-02;6.194390e-02;1.565036e-01;6.557944e-02;3.772031e-02;4.113784e-02;4.086605e-02;1.491500e-01
1.016045e-01;2.200710e-02;1.882424e-01;1.125999e-01;3.987911e-02;8.329291e-02;1.332518e-01;6.578527e-02;3.994546e-02;4.850337e-02;5.642688e-02;1.084614e-01
1.109529e-01;3.181014e-02;1.863075e-01;1.278451e-01;6.819139e-02;7.767271e-02;9.553822e-02;6.715982e-02;5.412944e-02;6.076074e-02;4.197440e-02;7.765774e-02
1.048969e-01;2.986421e-02;1.049090e-01;1.618615e-01;9.507161e-02;6.354559e-02;1.379097e-01;8.951858e-02;5.441234e-02;6.344319e-02;3.375093e-02;6.081663e-02
7.573176e-02;3.318146e-02;6.163410e-02;1.837862e-01;1.038806e-01;7.054233e-02;1.485636e-01;9.298517e-02;5.548217e-02;6.528314e-02;5.110548e-02;5.782400e-02
6.858358e-02;5.302523e-02;9.478172e-02;1.806189e-01;1.062628e-01;9.452723e-02;9.547851e-02;9.148123e-02;5.196655e-02;5.012644e-02;3.546762e-02;7.768015e-02
7.414108e-02;5.747069e-02;1.108381e-01;1.871478e-01;1.308309e-01;1.116056e-01;8.073031e-02;7.332992e-02;3.867939e-02;4.532837e-02;2.196487e-02;6.793299e-02
7.659752e-02;5.528991e-02;1.027723e-01;1.918059e-01;1.273984e-01;9.925753e-02;8.092327e-02;8.560961e-02;4.440791e-02;4.853816e-02;2.810234e-02;5.929723e-02
5.027435e-02;3.318479e-02;8.176843e-02;1.738484e-01;1.019275e-01;1.078548e-01;7.214637e-02;1.291842e-01;6.994851e-02;7.947755e-02;3.177423e-02;6.861095e-02
3.512165e-02;2.360495e-02;5.862917e-02;1.543235e-01;8.918499e-02;1.337257e-01;9.037662e-02;1.722104e-01;7.331261e-02;7.754701e-02;2.852094e-02;6.344239e-02
5.005138e-02;2.929923e-02;9.100004e-02;1.397386e-01;8.798596e-02;1.023845e-01;1.145430e-01;1.665758e-01;6.154232e-02;6.444131e-02;3.232448e-02;6.011349e-02
4.683805e-02;3.271860e-02;1.662606e-01;1.480517e-01;9.281561e-02;7.006745e-02;1.051104e-01;1.224855e-01;3.961557e-02;6.321008e-02;6.463780e-02;4.818849e-02
2.810127e-02;3.558147e-02;2.103303e-01;1.657269e-01;8.078636e-02;4.792837e-02;9.790701e-02;7.536903e-02;3.826759e-02;7.634334e-02;1.106980e-01;3.296039e-02
2.225114e-02;2.297079e-02;2.085325e-01;2.315483e-01;8.387192e-02;5.536253e-02;7.215008e-02;4.381571e-02;2.542038e-02;6.559985e-02;1.499248e-01;1.855195e-02
1.801135e-02;2.102849e-02;1.762208e-01;3.538802e-01;6.445394e-02;5.643143e-02;4.521518e-02;3.770181e-02;1.744750e-02;3.148873e-02;1.603368e-01;1.778369e-02
2.318539e-02;2.171686e-02;1.977608e-01;3.613956e-01;5.073848e-02;4.455037e-02;2.826771e-02;2.617195e-02;1.749948e-02;5.264738e-02;1.599392e-01;1.612673e-02
3.057657e-02;4.566685e-02;2.929139e-01;2.068523e-01;5.021100e-02;2.992245e-02;4.246304e-02;2.982659e-02;3.425459e-02;7.778271e-02;1.444675e-01;1.506249e-02
5.019371e-02;8.030698e-02;3.142278e-01;1.062416e-01;4.497766e-02;3.959692e-02;6.999899e-02;2.709361e-02;5.648122e-02;6.540553e-02;1.302551e-01;1.522078e-02
6.486040e-02;9.682442e-02;2.628359e-01;1.314178e-01;5.145774e-02;3.886101e-02;6.336283e-02;3.463428e-02;5.917006e-02;4.081139e-02;1.292206e-01;2.654357e-02
4.816467e-02;6.954700e-02;2.551314e-01;1.466282e-01;5.609287e-02;4.302257e-02;5.320558e-02;4.879810e-02;5.632330e-02;6.603198e-02;1.306543e-01;2.640008e-02
3.059038e-02;2.637237e-02;2.049879e-01;2.437466e-01;6.796724e-02;6.924267e-02;3.828013e-02;5.413374e-02;4.330589e-02;7.220518e-02;1.221148e-01;2.705313e-02
3.580631e-02;2.790023e-02;2.240600e-01;1.904161e-01;8.871678e-02;5.990857e-02;5.388878e-02;8.350489e-02;4.277859e-02;5.378987e-02;1.086389e-01;3.059095e-02
3.588005e-02;4.035088e-02;2.418496e-01;1.674301e-01;8.011400e-02;4.946828e-02;5.626373e-02;8.983294e-02;5.258398e-02;6.104293e-02;9.588140e-02;2.930204e-02
4.043034e-02;2.658819e-02;1.926809e-01;2.295653e-01;6.902870e-02;6.594508e-02;6.308250e-02;7.754292e-02;5.331194e-02;7.605506e-02;7.564638e-02;3.012268e-02
4.140372e-02;3.238805e-02;1.307375e-01;2.658400e-01;8.454998e-02;9.504601e-02;4.566269e-02;7.741348e-02;4.175785e-02;1.082749e-01;4.220962e-02;3.471619e-02
5.344690e-02;2.660405e-02;1.339476e-01;2.435285e-01;8.256115e-02;1.154431e-01;4.850236e-02;7.477669e-02;6.927812e-02;9.033256e-02;3.990893e-02;2.166994e-02
4.871291e-02;3.191277e-02;1.994016e-01;1.690401e-01;7.632786e-02;1.016514e-01;7.656869e-02;8.390004e-02;6.021212e-02;9.652895e-02;3.702154e-02;1.872203e-02
4.324243e-02;2.728763e-02;1.452023e-01;2.133909e-01;6.217957e-02;5.571582e-02;6.866992e-02;8.314143e-02;6.257974e-02;1.325269e-01;7.230877e-02;3.375464e-02
3.985609e-02;3.130678e-02;1.728105e-01;2.185621e-01;4.539156e-02;5.037119e-02;4.590016e-02;5.610267e-02;8.144691e-02;1.422436e-01;8.648461e-02;2.952384e-02
3.739242e-02;3.374844e-02;1.843907e-01;1.492992e-01;5.944684e-02;5.388239e-02;3.684211e-02;8.134732e-02;9.306260e-02;1.752134e-01;7.192805e-02;2.344649e-02
2.578689e-02;3.857067e-02;1.246407e-01;1.221800e-01;1.038678e-01;4.951959e-02;4.420857e-02;1.079869e-01;1.118473e-01;1.871558e-01;6.335025e-02;2.088562e-02
1.406736e-02;3.600702e-02;1.832242e-01;1.902792e-01;1.113663e-01;3.525604e-02;4.833754e-02;6.741525e-02;9.403227e-02;1.271989e-01;6.605258e-02;2.676350e-02
2.357170e-02;3.393693e-02;2.568988e-01;1.531827e-01;9.687483e-02;4.132372e-02;1.408203e-01;3.718694e-02;6.113962e-02;5.479143e-02;6.185786e-02;3.841518e-02
4.018308e-02;3.623679e-02;3.091870e-01;8.949694e-02;8.813649e-02;4.332059e-02;1.667553e-01;2.743640e-02;6.270511e-02;4.480928e-02;5.841987e-02;3.331313e-02
6.703053e-02;2.195891e-02;3.913610e-01;6.573712e-02;6.007384e-02;2.664364e-02;1.447854e-01;2.971614e-02;6.377567e-02;6.022836e-02;5.041171e-02;1.827761e-02
6.297264e-02;4.498069e-02;4.457833e-01;4.458583e-02;5.801256e-02;1.581341e-02;9.824447e-02;4.942177e-02;5.511351e-02;7.352744e-02;2.923058e-02;2.231375e-02
3.876632e-02;1.184163e-01;4.321340e-01;2.125718e-02;4.532437e-02;2.533576e-02;3.399444e-02;1.081386e-01;5.155754e-02;5.375040e-02;1.208672e-02;5.923844e-02
5.186628e-02;1.683764e-01;3.935554e-01;2.686694e-02;1.305270e-02;4.482592e-02;1.696971e-02;1.181457e-01;5.228600e-02;2.718134e-02;5.802162e-03;8.107144e-02
7.123401e-02;1.605659e-01;4.208716e-01;3.235059e-02;2.305690e-02;4.105237e-02;3.073117e-02;8.762888e-02;4.518742e-02;2.358505e-02;4.273143e-03;5.946301e-02
7.825919e-02;1.071401e-01;4.879611e-01;5.033108e-02;3.967098e-02;2.388029e-02;4.317318e-02;5.389468e-02;3.238355e-02;5.190493e-02;8.363364e-03;2.303752e-02
8.257706e-02;4.539694e-02;5.391341e-01;7.219893e-02;4.363054e-02;1.027335e-02;5.921481e-02;2.665360e-02;3.915663e-02;6.452215e-02;6.877555e-03;1.036431e-02
7.569636e-02;7.642328e-03;4.846919e-01;1.128966e-01;5.073991e-02;2.379474e-02;6.176576e-02;2.789323e-02;7.081866e-02;6.218072e-02;1.231719e-02;9.562547e-03
6.111376e-02;9.411332e-03;3.943745e-01;1.832576e-01;6.676357e-02;5.015900e-02;5.022387e-02;2.983348e-02;6.937398e-02;5.252562e-02;2.503776e-02;7.925515e-03
3.398444e-02;2.267021e-02;3.978503e-01;2.332949e-01;6.687105e-02;4.590004e-02;4.257926e-02;2.312040e-02;5.440962e-02;3.597960e-02;3.128305e-02;1.205720e-02
2.051827e-02;2.577767e-02;3.205868e-01;2.729428e-01;7.253528e-02;7.989626e-02;3.119084e-02;2.712851e-02;4.272960e-02;3.342818e-02;5.805479e-02;1.521093e-02
1.774747e-02;3.698198e-02;1.910569e-01;3.078872e-01;1.176136e-01;1.165047e-01;3.259271e-02;4.810151e-02;2.700270e-02;3.186308e-02;6.226354e-02;1.038458e-02
1.896016e-02;3.142205e-02;2.200699e-01;2.608173e-01;1.656030e-01;1.015461e-01;6.464110e-02;3.989157e-02;1.798589e-02;2.695707e-02;3.890734e-02;1.319847e-02
1.024103e-02;2.418367e-02;1.615406e-01;2.182255e-01;2.782182e-01;9.230507e-02;9.206025e-02;2.449936e-02;2.057144e-02;2.813631e-02;2.364715e-02;2.637136e-02
1.421866e-02;2.602183e-02;1.491043e-01;1.834339e-01;3.387491e-01;7.907064e-02;5.926458e-02;1.906895e-02;1.571503e-02;5.936037e-02;2.563998e-02;3.035273e-02
1.871588e-02;2.310593e-02;1.834357e-01;2.537375e-01;2.778692e-01;5.900660e-02;1.871439e-02;2.098180e-02;1.882013e-02;7.536194e-02;3.393204e-02;1.631884e-02
1.806095e-02;2.034839e-02;1.538183e-01;3.338061e-01;2.060446e-01;6.467629e-02;2.123048e-02;4.138191e-02;1.547441e-02;5.080508e-02;6.512444e-02;9.228969e-03
1.339040e-02;1.566247e-02;1.920992e-01;3.434217e-01;1.392341e-01;1.074952e-01;1.534276e-02;3.914672e-02;1.869531e-02;2.355868e-02;8.726512e-02;4.688311e-03
1.661497e-02;9.573791e-03;2.578763e-01;2.633263e-01;1.114021e-01;1.121337e-01;2.846518e-02;2.244757e-02;4.608358e-02;4.142362e-02;8.728753e-02;3.365347e-03
2.413578e-02;1.318756e-02;3.180464e-01;1.337164e-01;1.273226e-01;6.690765e-02;6.504353e-02;1.620047e-02;7.683336e-02;9.111592e-02;6.296805e-02;4.522250e-03
2.728746e-02;4.715298e-02;3.242311e-01;3.247929e-02;1.741732e-01;2.732054e-02;7.812517e-02;3.375077e-02;7.231468e-02;1.428167e-01;3.478233e-02;5.565763e-03
2.809580e-02;7.877217e-02;3.444457e-01;3.655675e-02;1.708056e-01;1.974249e-02;4.576441e-02;5.701998e-02;5.097127e-02;1.384244e-01;2.065795e-02;8.743543e-03
2.180186e-02;9.644534e-02;4.202215e-01;6.794398e-02;1.172295e-01;2.706525e-02;2.789111e-02;6.148057e-02;3.821129e-02;1.028971e-01;1.082405e-02;7.988458e-03
3.266970e-02;1.060059e-01;3.615237e-01;8.051420e-02;1.337193e-01;3.493550e-02;4.338428e-02;4.027628e-02;5.071566e-02;9.239981e-02;1.561612e-02;8.239564e-03
4.327513e-02;1.482054e-01;2.585120e-01;9.031755e-02;1.346588e-01;4.976639e-02;7.278053e-02;2.547242e-02;7.874243e-02;6.057892e-02;2.556464e-02;1.212579e-02
7.813195e-02;1.759936e-01;3.308203e-01;6.913403e-02;7.288074e-02;4.388061e-02;4.804220e-02;3.170820e-02;7.111720e-02;3.462244e-02;3.267556e-02;1.099314e-02
7.540246e-02;2.205151e-01;2.918355e-01;1.038117e-01;5.846933e-02;3.637129e-02;1.376506e-02;3.045496e-02;1.051372e-01;2.503411e-02;2.491531e-02;1.428801e-02
4.610199e-02;2.755884e-01;2.057419e-01;1.154093e-01;5.062027e-02;4.450017e-02;1.517525e-02;3.216152e-02;1.352651e-01;3.358035e-02;8.640805e-03;3.721492e-02
4.784045e-02;2.507423e-01;2.542861e-01;7.616621e-02;4.624902e-02;4.281452e-02;1.748003e-02;2.707613e-02;1.199642e-01;5.274354e-02;9.485832e-03;5.515167e-02
5.576642e-02;1.876030e-01;3.250060e-01;4.696790e-02;4.869691e-02;3.215151e-02;2.210964e-02;3.416088e-02;9.500413e-02;8.573144e-02;1.113599e-02;5.566617e-02
7.259845e-02;1.208261e-01;4.095148e-01;4.480381e-02;4.764326e-02;1.856262e-02;2.066111e-02;2.574388e-02;5.451856e-02;1.279187e-01;1.724767e-02;3.996104e-02
1.065512e-01;8.941363e-02;3.688215e-01;9.037077e-02;4.723852e-02;2.723602e-02;2.009638e-02;2.083342e-02;3.990507e-02;1.143728e-01;4.877737e-02;2.638325e-02
1.218590e-01;6.020046e-02;2.890413e-01;1.356264e-01;5.259974e-02;4.777516e-02;3.241260e-02;2.015787e-02;5.293047e-02;6.877129e-02;1.065199e-01;1.210579e-02
7.007721e-02;6.120041e-02;3.424178e-01;1.325085e-01;6.282913e-02;5.361789e-02;3.333715e-02;1.061122e-02;3.690261e-02;5.922173e-02;1.261002e-01;1.117620e-02
6.457146e-02;9.213226e-02;3.225091e-01;1.091074e-01;6.310920e-02;3.987613e-02;3.506057e-02;1.879736e-02;3.527460e-02;7.786632e-02;1.103369e-01;3.135873e-02
8.171141e-02;1.116696e-01;3.335877e-01;7.497633e-02;6.917389e-02;3.246355e-02;3.555961e-02;3.011868e-02;5.614151e-02;6.267919e-02;7.613401e-02;3.578455e-02
4.033312e-02;1.019395e-01;4.260547e-01;5.902448e-02;7.241876e-02;5.540561e-02;2.599059e-02;2.086700e-02;5.744323e-02;5.977469e-02;4.624249e-02;3.450587e-02
4.432948e-02;9.515915e-02;4.082592e-01;9.233581e-02;7.898218e-02;4.757388e-02;2.715631e-02;1.660244e-02;5.458510e-02;6.494745e-02;2.700907e-02;4.305983e-02
5.540356e-02;9.522951e-02;2.796383e-01;1.112062e-01;8.727868e-02;3.984440e-02;4.707920e-02;3.878180e-02;7.871439e-02;8.394938e-02;4.700582e-02;3.586876e-02
8.551513e-02;7.648540e-02;2.089665e-01;1.141723e-01;9.669417e-02;3.725356e-02;5.582052e-02;5.716481e-02;8.476507e-02;8.318483e-02;5.903671e-02;4.094101e-02
1.065486e-01;9.995688e-02;1.704540e-01;1.097377e-01;1.117782e-01;4.965091e-02;4.063645e-02;7.591125e-02;9.799130e-02;5.559897e-02;4.404348e-02;3.769224e-02
1.193810e-01;8.858377e-02;1.606982e-01;8.082689e-02;8.150914e-02;6.666392e-02;3.835678e-02;5.732044e-02;1.117738e-01;7.580893e-02;5.457750e-02;6.449960e-02
1.017066e-01;7.095151e-02;1.763147e-01;8.475204e-02;8.568476e-02;6.760982e-02;6.058794e-02;4.657040e-02;8.328255e-02;9.131446e-02;5.813813e-02;7.308705e-02
6.730039e-02;9.193827e-02;2.160953e-01;6.218028e-02;1.001434e-01;6.026019e-02;6.222758e-02;5.830687e-02;8.233921e-02;9.095054e-02;5.622231e-02;5.203559e-02
6.818265e-02;1.037018e-01;2.668788e-01;5.407150e-02;7.098354e-02;4.231290e-02;6.713369e-02;4.933993e-02;1.042085e-01;8.630870e-02;4.140892e-02;4.546903e-02
7.997645e-02;1.116658e-01;2.487147e-01;5.446190e-02;4.904756e-02;3.140486e-02;7.568252e-02;4.243173e-02;1.251282e-01;8.107784e-02;4.425786e-02;5.615062e-02
5.459104e-02;4.710128e-02;1.089566e-01;5.394667e-02;6.157991e-02;6.240093e-02;1.503137e-01;8.205747e-02;1.694224e-01;5.921478e-02;8.338864e-02;6.702662e-02
5.545776e-02;3.000194e-02;5.630239e-02;3.842189e-02;1.064749e-01;6.899077e-02;1.661271e-01;7.496656e-02;1.572656e-01;7.394549e-02;6.996173e-02;1.020839e-01
4.310054e-02;2.954031e-02;4.439037e-02;3.734084e-02;1.500705e-01;6.713628e-02;1.534272e-01;6.115162e-02;1.461955e-01;6.816047e-02;3.950007e-02;1.599863e-01
2.407522e-02;4.225239e-02;5.358342e-02;7.891709e-02;1.597755e-01;4.922604e-02;9.448782e-02;7.407252e-02;1.021628e-01;4.154819e-02;6.765684e-02;2.122421e-01
1.427941e-02;8.901342e-02;5.332727e-02;1.561224e-01;8.074827e-02;4.011064e-02;3.486431e-02;1.223646e-01;4.415513e-02;2.264447e-02;1.929851e-01;1.493850e-01
1.324990e-02;1.033502e-01;8.734271e-02;2.039018e-01;3.376634e-02;5.651091e-02;1.690451e-02;1.227322e-01;3.443307e-02;4.007474e-02;2.422728e-01;4.546073e-02
2.116644e-02;7.359412e-02;1.361842e-01;2.123141e-01;3.553817e-02;6.455535e-02;3.428864e-02;7.018438e-02;4.434089e-02;4.945197e-02;2.285624e-01;2.981937e-02
4.489667e-02;3.673440e-02;2.236915e-01;1.832241e-01;3.235931e-02;4.781631e-02;5.954275e-02;4.886436e-02;5.682123e-02;6.386875e-02;1.828198e-01;1.936083e-02
6.040083e-02;4.659059e-02;3.163175e-01;1.036978e-01;6.531496e-02;2.291951e-02;7.749788e-02;3.332870e-02;5.647305e-02;8.387697e-02;1.084002e-01;2.518207e-02
6.388201e-02;9.538983e-02;3.513440e-01;6.490548e-02;1.155481e-01;1.396162e-02;6.466649e-02;3.018063e-02;4.174517e-02;8.040094e-02;4.574091e-02;3.223491e-02
7.751113e-02;1.214662e-01;3.392404e-01;7.199375e-02;1.310243e-01;1.505817e-02;4.485998e-02;3.416635e-02;4.062002e-02;5.999125e-02;2.715262e-02;3.691581e-02
8.938038e-02;1.120607e-01;3.387266e-01;8.645625e-02;1.219787e-01;1.875177e-02;5.061536e-02;3.332818e-02;4.498525e-02;5.302531e-02;1.717557e-02;3.351600e-02
5.307290e-02;9.225445e-02;3.644763e-01;7.977223e-02;9.162900e-02;2.400021e-02;5.479731e-02;4.313563e-02;4.342021e-02;7.496741e-02;2.785862e-02;5.061575e-02
7.134879e-02;9.580591e-02;3.568129e-01;6.064144e-02;5.041436e-02;2.528512e-02;4.278758e-02;5.327590e-02;3.446545e-02;9.382715e-02;5.992356e-02;5.541183e-02
9.101085e-02;1.063966e-01;3.619497e-01;7.128906e-02;4.676155e-02;2.385938e-02;3.680687e-02;4.647307e-02;4.136297e-02;6.786238e-02;5.869469e-02;4.753286e-02
1.080199e-01;1.017451e-01;3.380445e-01;8.416910e-02;5.930774e-02;2.671323e-02;4.731563e-02;4.234709e-02;3.617368e-02;3.864359e-02;5.141202e-02;6.610841e-02
1.089306e-01;6.497605e-02;3.180706e-01;8.502679e-02;6.518047e-02;2.894189e-02;5.613545e-02;3.421220e-02;3.646312e-02;2.692604e-02;6.073242e-02;1.144044e-01
8.385437e-02;1.112389e-01;3.041511e-01;8.338519e-02;5.814303e-02;3.741225e-02;4.556302e-02;3.492001e-02;4.014947e-02;2.526420e-02;4.256608e-02;1.333524e-01
3.843384e-02;8.516148e-02;2.967785e-01;1.011871e-01;5.317454e-02;2.969767e-02;4.566526e-02;5.910467e-02;3.952546e-02;3.407590e-02;6.810851e-02;1.490871e-01
4.839780e-02;7.057700e-02;2.310246e-01;1.197435e-01;3.337612e-02;2.458881e-02;7.257848e-02;6.864388e-02;3.692054e-02;5.157012e-02;9.424043e-02;1.483388e-01
8.418543e-02;3.410081e-02;1.677087e-01;1.155202e-01;6.142122e-02;4.236514e-02;9.715748e-02;6.316110e-02;6.652225e-02;6.485157e-02;8.469719e-02;1.183089e-01
9.668303e-02;9.800147e-02;3.068460e-01;6.370114e-02;5.193318e-02;4.551651e-02;6.962374e-02;4.070829e-02;5.998626e-02;4.529737e-02;5.904644e-02;6.265657e-02
7.515196e-02;1.303060e-01;4.637266e-01;4.268791e-02;2.309333e-02;2.607079e-02;4.127118e-02;1.896158e-02;3.521423e-02;3.231211e-02;5.493912e-02;5.626525e-02
3.879220e-02;1.190564e-01;5.722499e-01;3.729008e-02;1.474376e-02;1.575883e-02;2.568767e-02;1.947876e-02;3.566926e-02;2.314894e-02;4.288748e-02;5.523668e-02
2.824742e-02;7.749156e-02;6.081311e-01;4.958534e-02;2.742694e-02;1.951713e-02;2.888789e-02;1.505662e-02;3.793861e-02;4.175284e-02;2.338269e-02;4.258190e-02
3.024093e-02;3.100406e-02;6.132851e-01;5.618420e-02;4.833915e-02;2.403259e-02;5.733808e-02;1.632823e-02;3.175290e-02;5.212134e-02;1.723337e-02;2.213996e-02
3.397566e-02;1.931679e-02;6.428462e-01;5.625964e-02;5.263395e-02;1.735602e-02;7.863230e-02;1.334701e-02;2.555034e-02;4.157275e-02;1.119942e-02;7.309851e-03
2.947453e-02;1.437056e-02;6.714095e-01;5.939787e-02;4.267395e-02;1.352294e-02;7.032750e-02;9.562858e-03;2.908655e-02;3.354042e-02;2.069439e-02;5.938941e-03
3.491352e-02;1.760564e-02;6.870095e-01;5.576649e-02;3.784768e-02;1.042925e-02;6.593881e-02;7.586277e-03;3.208686e-02;2.785974e-02;1.178185e-02;1.117432e-02
3.781672e-02;2.003856e-02;6.746361e-01;4.660524e-02;3.291199e-02;1.079358e-02;6.895218e-02;5.612916e-03;3.868144e-02;3.984243e-02;9.402843e-03;1.470606e-02
3.427090e-02;1.449395e-02;6.387807e-01;4.018677e-02;3.424155e-02;1.372613e-02;7.788394e-02;7.811939e-03;3.560517e-02;7.518070e-02;1.154851e-02;1.626977e-02
3.379849e-02;1.497587e-02;6.077524e-01;4.539730e-02;3.706444e-02;1.056370e-02;8.564509e-02;9.029184e-03;2.783176e-02;1.026378e-01;1.087869e-02;1.442530e-02
3.471731e-02;1.184574e-02;6.161637e-01;5.081620e-02;3.573043e-02;6.399409e-03;8.910258e-02;7.395035e-03;1.494592e-02;1.106619e-01;1.233469e-02;9.887134e-03
3.289454e-02;1.291574e-02;6.185831e-01;5.466669e-02;3.917305e-02;7.796679e-03;9.167563e-02;4.561872e-03;1.756521e-02;1.002266e-01;1.321138e-02;6.729560e-03
3.005947e-02;1.833271e-02;6.460553e-01;4.905254e-02;3.321007e-02;9.297000e-03;9.672987e-02;3.328374e-03;1.337824e-02;8.768395e-02;7.938223e-03;4.934172e-03
3.177680e-02;2.123148e-02;6.520953e-01;4.784931e-02;3.008781e-02;8.063171e-03;9.132294e-02;4.979881e-03;1.962383e-02;7.484228e-02;1.416355e-02;3.963694e-03
3.436203e-02;1.786360e-02;6.573824e-01;5.157175e-02;3.544663e-02;1.042475e-02;6.873945e-02;5.071687e-03;2.710635e-02;6.507250e-02;2.215921e-02;4.799617e-03
3.489783e-02;1.273931e-02;6.457718e-01;6.190898e-02;3.973524e-02;1.331283e-02;5.250612e-02;3.998843e-03;3.752329e-02;6.611469e-02;2.457699e-02;6.914043e-03
3.623330e-02;1.192810e-02;6.257212e-01;7.509598e-02;4.528259e-02;8.805978e-03;4.204020e-02;6.549301e-03;4.009313e-02;5.637311e-02;4.354427e-02;8.332906e-03
2.842795e-02;1.117558e-02;5.103495e-01;1.289165e-01;6.773780e-02;3.070105e-02;2.687413e-02;1.562153e-02;2.873271e-02;5.126133e-02;9.507605e-02;5.125846e-03
1.923176e-02;1.531704e-02;3.403014e-01;1.836238e-01;9.769316e-02;5.231134e-02;4.015383e-02;3.165602e-02;2.335142e-02;6.173632e-02;1.289535e-01;5.670317e-03
1.381223e-02;2.289268e-02;2.587521e-01;2.052693e-01;1.328879e-01;5.414205e-02;4.302757e-02;4.518941e-02;2.028224e-02;5.447571e-02;1.397269e-01;9.541819e-03
1.783580e-02;2.043893e-02;2.861321e-01;2.189804e-01;1.498321e-01;3.351250e-02;3.023842e-02;3.035909e-02;7.242726e-03;3.790824e-02;1.196345e-01;4.788522e-02
4.078481e-02;2.534107e-02;2.477155e-01;2.128931e-01;1.885160e-01;3.542040e-02;2.094656e-02;2.269921e-02;7.166699e-03;3.328671e-02;8.503052e-02;8.019952e-02
4.553879e-02;2.522736e-02;1.922332e-01;1.734659e-01;2.933642e-01;5.927398e-02;3.320941e-02;1.759646e-02;9.834207e-03;2.366055e-02;5.037031e-02;7.622571e-02
2.337764e-02;1.559737e-02;1.750701e-01;1.317357e-01;3.557613e-01;8.139881e-02;4.343241e-02;8.242215e-03;2.647993e-02;2.053824e-02;2.406583e-02;9.430049e-02
1.722015e-02;5.647312e-03;1.334460e-01;1.192006e-01;3.541907e-01;7.441631e-02;7.451285e-02;5.583428e-03;4.243492e-02;3.899071e-02;3.515618e-02;9.920081e-02
2.986884e-02;1.144277e-02;1.134929e-01;1.041871e-01;3.477458e-01;6.167937e-02;1.003103e-01;7.649446e-03;4.388600e-02;4.159343e-02;3.198324e-02;1.061607e-01
2.799447e-02;1.226597e-02;1.434835e-01;8.276036e-02;3.602759e-01;7.519504e-02;1.194079e-01;1.107760e-02;4.019740e-02;2.304418e-02;1.259286e-02;9.170476e-02
1.716987e-02;1.175703e-02;1.744132e-01;6.605282e-02;3.420435e-01;1.192700e-01;1.081669e-01;1.649675e-02;5.684978e-02;1.248583e-02;1.284166e-02;6.245255e-02
1.484506e-02;9.659813e-03;1.313361e-01;4.223190e-02;3.195683e-01;1.983685e-01;1.571570e-01;2.220909e-02;4.412479e-02;1.617367e-02;1.337008e-02;3.095563e-02
1.435078e-02;7.802241e-03;7.614653e-02;4.313784e-02;3.163923e-01;2.524135e-01;1.956540e-01;2.219786e-02;2.373144e-02;1.328446e-02;1.375967e-02;2.112943e-02
1.132767e-02;5.939765e-03;8.186555e-02;5.085441e-02;2.698497e-01;2.378542e-01;2.111209e-01;2.928930e-02;2.972103e-02;1.050072e-02;1.904447e-02;4.263228e-02
1.157993e-02;5.430780e-03;1.559726e-01;5.140578e-02;2.698691e-01;1.839588e-01;1.974759e-01;2.387445e-02;3.501034e-02;1.459277e-02;1.491301e-02;3.591653e-02
1.569005e-02;5.749012e-03;1.996818e-01;5.357252e-02;2.828915e-01;1.103470e-01;1.497823e-01;1.044299e-02;3.463724e-02;1.576323e-02;1.878283e-02;1.026596e-01
1.709550e-02;6.654126e-03;2.112686e-01;5.946911e-02;2.605578e-01;7.474940e-02;1.730645e-01;6.395565e-03;2.913705e-02;1.497197e-02;1.608901e-02;1.305473e-01
1.938819e-02;8.296854e-03;2.312129e-01;7.189633e-02;2.647126e-01;7.380702e-02;1.456349e-01;9.914768e-03;2.413755e-02;1.705491e-02;1.912831e-02;1.148157e-01
1.743223e-02;7.924959e-03;2.330217e-01;6.007047e-02;2.592147e-01;9.219371e-02;1.686401e-01;1.152311e-02;2.403047e-02;1.751533e-02;1.352697e-02;9.490626e-02
1.846532e-02;4.355210e-03;2.012434e-01;4.405309e-02;2.632212e-01;9.177583e-02;2.033186e-01;8.506267e-03;2.371935e-02;8.935937e-03;9.329236e-03;1.230765e-01
1.679849e-02;2.890291e-03;1.771925e-01;3.589500e-02;2.894909e-01;9.427062e-02;2.126021e-01;8.359436e-03;2.445387e-02;7.512976e-03;6.369531e-03;1.241643e-01
1.238260e-02;3.424287e-03;1.554746e-01;3.667953e-02;3.074470e-01;1.023789e-01;2.213434e-01;7.732977e-03;3.515096e-02;7.036929e-03;1.120950e-02;9.973923e-02
1.156808e-02;4.410642e-03;1.278548e-01;3.837300e-02;3.107646e-01;1.042686e-01;2.606175e-01;7.777536e-03;3.822086e-02;5.543166e-03;1.016728e-02;8.043393e-02
1.587711e-02;5.058687e-03;1.041365e-01;4.612834e-02;2.658035e-01;9.332269e-02;3.174124e-01;9.820082e-03;3.530391e-02;7.400217e-03;6.995522e-03;9.274092e-02
1.360158e-02;1.058800e-02;1.594250e-01;6.726700e-02;2.012390e-01;5.577259e-02;3.028301e-01;1.412829e-02;2.840145e-02;1.013951e-02;3.716838e-02;9.943913e-02
2.206250e-02;1.220602e-02;3.327115e-01;7.622579e-02;1.361717e-01;2.843917e-02;2.096575e-01;1.674955e-02;2.155959e-02;1.817428e-02;7.089696e-02;5.514538e-02
2.660610e-02;1.939338e-02;4.275025e-01;5.878400e-02;1.370312e-01;6.411237e-02;1.057462e-01;1.641192e-02;2.976491e-02;1.564483e-02;6.500773e-02;3.399484e-02
3.666196e-02;3.151120e-02;3.361573e-01;5.181703e-02;2.148906e-01;7.890855e-02;6.419156e-02;1.851941e-02;4.766036e-02;2.782902e-02;3.961085e-02;5.224212e-02
2.346447e-02;3.298186e-02;9.538242e-02;6.326122e-02;3.096652e-01;9.400232e-02;1.363053e-01;1.931748e-02;6.497502e-02;4.970825e-02;6.739720e-02;4.353933e-02
1.386591e-02;1.881690e-02;2.886492e-01;4.969401e-02;2.112461e-01;5.743594e-02;1.581069e-01;1.141396e-02;4.008218e-02;3.195012e-02;4.295451e-02;7.578426e-02
1.197898e-02;2.245206e-02;2.945033e-01;6.355289e-02;1.937292e-01;3.040992e-02;1.863107e-01;1.596474e-02;3.410579e-02;1.959801e-02;3.128918e-02;9.610526e-02
1.909542e-02;2.135393e-02;1.129139e-01;6.985036e-02;2.943978e-01;7.359366e-02;1.647084e-01;2.375996e-02;4.030583e-02;2.474013e-02;2.691131e-02;1.283693e-01
1.370084e-02;1.750597e-02;2.040491e-01;6.460842e-02;2.640747e-01;8.609443e-02;1.300773e-01;2.560121e-02;3.219888e-02;2.333197e-02;1.779509e-02;1.209622e-01
2.432954e-02;2.189415e-02;2.363062e-01;5.945976e-02;1.875486e-01;7.794976e-02;1.656355e-01;3.225404e-02;4.324628e-02;3.330456e-02;2.782980e-02;9.024177e-02
3.915220e-02;4.494436e-02;2.049915e-01;7.956913e-02;1.633524e-01;8.943418e-02;1.595822e-01;2.916174e-02;3.510499e-02;4.531264e-02;3.760624e-02;7.178851e-02
4.504912e-02;4.953010e-02;2.152907e-01;8.541819e-02;1.320934e-01;9.448221e-02;1.622480e-01;3.581504e-02;4.351795e-02;5.369484e-02;3.166111e-02;5.119925e-02
6.750357e-02;6.917696e-02;2.839257e-01;5.386154e-02;7.997300e-02;7.357308e-02;1.785119e-01;2.977468e-02;4.275276e-02;4.935353e-02;2.371110e-02;4.788224e-02
7.539367e-02;1.012573e-01;3.346388e-01;3.272551e-02;3.643677e-02;6.530258e-02;1.423715e-01;2.818830e-02;7.084741e-02;3.886397e-02;2.184911e-02;5.212514e-02
5.278515e-02;1.441904e-01;3.831820e-01;2.524015e-02;2.461271e-02;7.878953e-02;7.415379e-02;1.885757e-02;1.248286e-01;2.053778e-02;1.364553e-02;3.917681e-02
6.956066e-02;1.735541e-01;3.693243e-01;2.627766e-02;3.415685e-02;9.017488e-02;2.149067e-02;1.631314e-02;1.516844e-01;1.398287e-02;9.736867e-03;2.374366e-02
9.611517e-02;1.645504e-01;3.585508e-01;3.332765e-02;5.405034e-02;8.199086e-02;2.940641e-02;1.103813e-02;1.241776e-01;1.505312e-02;7.613744e-03;2.412573e-02
1.377911e-01;1.472422e-01;3.165837e-01;3.098161e-02;9.089470e-02;6.838013e-02;6.465673e-02;2.607332e-02;7.973599e-02;9.946981e-03;8.771158e-03;1.894244e-02
2.116439e-01;1.252110e-01;1.805322e-01;1.869478e-02;1.463331e-01;4.413373e-02;9.772436e-02;5.549389e-02;5.924278e-02;1.397457e-02;1.972205e-02;2.729367e-02
2.187651e-01;8.708944e-02;1.078592e-01;4.206387e-02;1.534787e-01;3.166736e-02;1.085366e-01;7.254414e-02;7.340265e-02;2.017423e-02;3.086600e-02;5.355272e-02
1.313762e-01;5.852726e-02;1.533680e-01;1.055353e-01;8.936028e-02;3.411603e-02;1.366531e-01;4.468293e-02;6.557208e-02;3.743789e-02;4.014238e-02;1.032286e-01
4.296465e-02;4.069033e-02;1.816146e-01;1.476237e-01;4.861469e-02;3.384632e-02;1.927306e-01;2.991397e-02;7.334579e-02;3.743729e-02;3.310139e-02;1.381167e-01
1.103406e-01;6.851149e-02;9.527385e-02;1.407541e-01;6.737136e-02;3.677179e-02;1.652652e-01;4.569183e-02;1.045192e-01;2.632993e-02;2.877690e-02;1.103937e-01
1.477892e-01;1.154093e-01;1.387751e-01;8.236598e-02;7.518349e-02;3.356006e-02;8.015331e-02;6.840519e-02;1.615269e-01;3.005870e-02;2.727851e-02;3.949427e-02
1.357666e-01;1.246964e-01;1.459151e-01;4.972132e-02;8.020611e-02;3.143989e-02;4.735969e-02;7.270635e-02;2.239352e-01;3.249639e-02;4.110593e-02;1.465097e-02
1.559229e-01;1.085430e-01;1.066219e-01;2.636953e-02;8.559410e-02;2.660984e-02;3.077237e-02;1.087923e-01;2.195695e-01;4.034943e-02;7.756883e-02;1.328634e-02
1.901964e-01;6.226185e-02;8.102602e-02;1.415461e-02;9.718765e-02;1.873842e-02;3.229703e-02;1.885433e-01;1.117794e-01;5.067611e-02;1.415925e-01;1.154681e-02
2.079375e-01;2.880813e-02;6.272042e-02;7.040706e-03;8.798349e-02;1.172291e-02;2.071727e-02;2.759410e-01;5.521305e-02;2.862507e-02;2.000692e-01;1.322121e-02
2.065456e-01;1.813399e-02;5.455903e-02;4.294811e-03;6.013830e-02;8.808865e-03;5.041545e-02;3.193939e-01;6.548668e-02;1.168219e-02;1.874872e-01;1.305402e-02
2.402399e-01;1.345440e-02;5.410567e-02;8.593334e-03;4.765367e-02;6.330517e-03;6.659711e-02;3.584662e-01;4.660689e-02;1.526926e-02;1.280379e-01;1.464507e-02
2.783545e-01;3.370195e-02;5.830388e-02;1.019369e-02;4.961041e-02;4.843477e-03;1.022681e-01;3.382050e-01;3.636054e-02;1.312531e-02;5.974492e-02;1.528833e-02
3.231715e-01;5.205363e-02;7.068796e-02;9.751393e-03;5.789724e-02;9.405183e-03;1.025130e-01;2.675286e-01;6.227483e-02;7.276293e-03;2.174094e-02;1.569948e-02
3.521013e-01;7.012900e-02;9.398323e-02;1.461347e-02;5.251862e-02;1.206116e-02;7.498812e-02;1.993604e-01;7.652871e-02;8.696692e-03;2.453230e-02;2.048698e-02
2.986965e-01;8.181733e-02;1.062729e-01;2.139430e-02;3.439227e-02;2.137850e-02;7.765631e-02;2.001280e-01;6.606857e-02;2.197509e-02;4.044305e-02;2.977715e-02
2.038708e-01;8.279013e-02;8.404350e-02;3.316005e-02;4.299996e-02;2.863383e-02;8.098691e-02;2.689274e-01;4.570594e-02;4.415188e-02;4.067105e-02;4.405859e-02
1.813751e-01;8.046646e-02;8.584569e-02;3.126918e-02;4.693661e-02;2.891936e-02;6.464675e-02;2.910750e-01;3.556272e-02;3.732019e-02;7.518496e-02;4.139798e-02
1.830544e-01;6.706421e-02;1.042659e-01;2.407988e-02;4.784946e-02;2.046271e-02;7.175528e-02;2.514011e-01;4.755851e-02;2.233528e-02;1.081336e-01;5.203969e-02
1.125258e-01;4.700634e-02;9.243830e-02;3.685214e-02;3.425184e-02;3.035461e-02;8.242119e-02;2.381569e-01;6.456447e-02;3.612421e-02;1.474191e-01;7.788509e-02
1.640241e-01;4.617614e-02;6.481285e-02;3.834647e-02;3.556736e-02;3.969553e-02;8.939251e-02;1.943135e-01;7.259656e-02;3.975317e-02;1.536971e-01;6.162469e-02
2.162053e-01;5.649101e-02;8.469583e-02;3.446451e-02;4.587935e-02;4.435891e-02;5.088609e-02;1.589076e-01;7.779309e-02;5.329672e-02;1.377164e-01;3.930525e-02
2.010060e-01;6.554860e-02;9.506504e-02;3.263007e-02;5.554383e-02;3.846390e-02;6.840084e-02;1.752854e-01;6.501450e-02;7.339639e-02;9.756702e-02;3.207842e-02
1.745491e-01;5.359603e-02;7.103047e-02;2.009915e-02;5.645632e-02;3.353863e-02;6.353441e-02;2.400841e-01;7.159482e-02;7.419170e-02;1.050058e-01;3.631944e-02
1.403355e-01;5.122061e-02;5.869380e-02;1.614774e-02;3.600312e-02;4.924859e-02;8.187687e-02;2.865850e-01;7.798122e-02;5.618333e-02;1.198650e-01;2.585922e-02
1.947268e-01;5.129808e-02;7.113800e-02;1.871637e-02;2.181114e-02;5.200042e-02;7.605961e-02;2.721872e-01;4.521666e-02;3.946870e-02;1.121812e-01;4.519584e-02
2.467365e-01;5.345431e-02;3.727678e-02;2.696860e-02;2.557269e-02;2.670756e-02;1.144388e-01;2.088820e-01;3.756911e-02;3.099867e-02;8.576097e-02;1.056340e-01
2.219511e-01;4.515041e-02;3.835183e-02;2.337304e-02;2.539072e-02;2.842548e-02;2.058663e-01;1.497684e-01;2.328312e-02;3.930939e-02;6.196435e-02;1.371658e-01
1.687416e-01;3.685357e-02;4.579369e-02;3.177748e-02;2.614430e-02;3.501196e-02;2.386353e-01;1.370974e-01;2.059237e-02;5.026149e-02;5.817296e-02;1.509179e-01
1.980999e-01;3.685389e-02;3.162628e-02;4.171636e-02;2.945040e-02;2.195735e-02;2.126117e-01;1.303368e-01;1.000006e-02;9.116802e-02;5.620281e-02;1.399764e-01
2.258775e-01;2.318976e-02;3.798159e-02;4.725828e-02;2.178510e-02;1.608920e-02;1.755795e-01;1.159284e-01;2.057826e-02;1.230702e-01;5.431696e-02;1.383452e-01
2.304474e-01;1.967609e-02;4.475740e-02;5.802699e-02;2.562987e-02;1.798924e-02;1.646799e-01;1.041883e-01;2.241883e-02;1.098953e-01;6.203410e-02;1.402565e-01
2.237834e-01;3.420090e-02;4.815164e-02;8.558678e-02;2.793605e-02;1.923957e-02;1.675181e-01;1.045301e-01;2.458596e-02;6.673405e-02;6.648906e-02;1.312443e-01
2.322347e-01;5.245605e-02;7.572713e-02;1.302575e-01;2.491259e-02;2.055662e-02;1.178941e-01;8.488037e-02;3.608233e-02;3.474979e-02;6.176791e-02;1.284809e-01
2.058690e-01;7.034295e-02;9.923780e-02;1.510436e-01;3.808589e-02;3.869327e-02;1.087897e-01;3.845562e-02;3.377909e-02;3.330925e-02;6.948949e-02;1.129044e-01
9.867806e-02;7.769062e-02;1.636981e-01;1.186814e-01;5.435738e-02;5.463389e-02;1.285311e-01;4.106593e-02;3.265415e-02;3.629745e-02;9.012319e-02;1.035887e-01
1.008236e-01;6.390421e-02;2.031062e-01;5.480399e-02;4.057372e-02;4.571861e-02;1.543403e-01;5.275226e-02;4.149000e-02;4.629979e-02;9.394015e-02;1.022471e-01
9.156430e-02;3.064934e-02;1.210974e-01;3.674931e-02;2.138556e-02;4.475364e-02;2.016346e-01;8.787356e-02;4.627884e-02;6.383163e-02;1.369700e-01;1.172118e-01
3.252799e-02;2.599864e-02;1.054572e-01;4.487512e-02;2.452167e-02;6.613366e-02;1.839120e-01;1.104037e-01;3.345069e-02;8.202316e-02;1.836448e-01;1.070513e-01
7.157221e-02;3.271566e-02;1.376992e-01;3.793111e-02;3.605394e-02;6.414234e-02;1.115135e-01;8.768435e-02;5.449969e-02;1.031878e-01;1.669394e-01;9.606075e-02
1.147553e-01;5.247884e-02;7.270873e-02;3.404997e-02;6.457939e-02;6.112678e-02;1.223088e-01;9.349159e-02;1.089015e-01;1.033618e-01;8.622683e-02;8.601049e-02
1.167862e-01;5.275433e-02;1.126653e-01;4.110425e-02;7.449604e-02;5.648361e-02;1.422469e-01;8.601169e-02;1.260948e-01;7.906690e-02;3.915098e-02;7.313911e-02
1.570639e-01;6.114197e-02;8.974249e-02;6.159147e-02;6.638369e-02;3.736164e-02;1.554963e-01;8.290642e-02;9.655677e-02;5.784499e-02;4.747485e-02;8.643545e-02
1.786209e-01;4.165983e-02;7.501460e-02;1.176191e-01;8.150303e-02;2.324857e-02;1.341919e-01;6.318687e-02;6.973436e-02;4.752585e-02;5.753580e-02;1.101592e-01
1.607497e-01;4.666503e-02;9.505065e-02;1.234915e-01;7.443135e-02;2.558975e-02;1.129709e-01;6.554882e-02;5.336932e-02;5.909602e-02;6.923801e-02;1.137990e-01
1.258741e-01;5.814372e-02;1.245587e-01;8.356455e-02;4.617643e-02;5.417677e-02;1.109307e-01;6.049973e-02;8.090698e-02;7.582762e-02;8.109160e-02;9.824909e-02
1.061036e-01;8.842915e-02;1.299648e-01;8.613809e-02;5.841401e-02;5.953741e-02;1.257106e-01;6.177755e-02;5.853026e-02;6.972350e-02;7.104648e-02;8.462459e-02
