7.193998e-02;1.112929e-01;1.626540e-01;1.153042e-01;1.146102e-01;1.041896e-01;7.280506e-02;5.210192e-02;6.992046e-02;5.601897e-02;2.698503e-02;4.217766e-02
7.014072e-02;1.025958e-01;1.556141e-01;1.456892e-01;1.111615e-01;1.116510e-01;6.104556e-02;5.232367e-02;7.008499e-02;5.238350e-02;2.499652e-02;4.231348e-02
7.230838e-02;9.928171e-02;1.509614e-01;1.766060e-01;7.523225e-02;1.262050e-01;5.213745e-02;5.035033e-02;7.605035e-02;5.349166e-02;2.574159e-02;4.163391e-02
7.396098e-02;1.013653e-01;1.467423e-01;1.900992e-01;8.302096e-02;1.107439e-01;5.183995e-02;6.044874e-02;6.064121e-02;5.178601e-02;2.846884e-02;4.088278e-02
7.822721e-02;1.168702e-01;1.502998e-01;2.048548e-01;7.746103e-02;8.458541e-02;5.478038e-02;5.773082e-02;4.643279e-02;4.764394e-02;2.318017e-02;5.793344e-02
7.943771e-02;1.706163e-01;1.386041e-01;2.066448e-01;5.873119e-02;6.393775e-02;4.469937e-02;5.234358e-02;4.044672e-02;5.762909e-02;2.536531e-02;6.154410e-02
7.970478e-02;2.216181e-01;1.295239e-01;1.328139e-01;9.628497e-02;4.566193e-02;4.239667e-02;4.453703e-02;3.949539e-02;7.321992e-02;4.985736e-02;4.488599e-02
6.154434e-02;1.797399e-01;1.678257e-01;1.108191e-01;6.544821e-02;3.892018e-02;5.960286e-02;4.308235e-02;3.532769e-02;5.729770e-02;6.442430e-02;1.159677e-01
7.640348e-02;1.006784e-01;1.440507e-01;1.485686e-01;4.379280e-02;2.536601e-02;8.287488e-02;5.872894e-02;3.721878e-02;3.872002e-02;4.732594e-02;1.962713e-01
1.473856e-01;5.327123e-02;8.215614e-02;1.202248e-01;7.293808e-02;2.419829e-02;9.334819e-02;8.815835e-02;3.457654e-02;3.003642e-02;2.851308e-02;2.251933e-01
1.672569e-01;6.264669e-02;6.000210e-02;5.675829e-02;5.449560e-02;3.747695e-02;1.000027e-01;1.085299e-01;3.976502e-02;5.276921e-02;3.346612e-02;2.268306e-01
1.747297e-01;7.022226e-02;9.116593e-02;5.493261e-02;6.058367e-02;4.681430e-02;7.712967e-02;8.796091e-02;3.983000e-02;6.125502e-02;4.925000e-02;1.861259e-01
1.983704e-01;7.250268e-02;1.000670e-01;4.540448e-02;8.250681e-02;5.219049e-02;7.618225e-02;6.351811e-02;4.107028e-02;4.855260e-02;6.813934e-02;1.514956e-01
1.899380e-01;6.895886e-02;1.243442e-01;5.192736e-02;6.017783e-02;4.855843e-02;7.715555e-02;6.155805e-02;4.346732e-02;6.790391e-02;7.194724e-02;1.340633e-01
1.292187e-01;9.038638e-02;1.109083e-01;3.524992e-02;4.795393e-02;8.054216e-02;1.163697e-01;6.226757e-02;5.285211e-02;6.229735e-02;5.066413e-02;1.612897e-01
8.701801e-02;6.656059e-02;1.152865e-01;1.037839e-01;4.833599e-02;7.527681e-02;1.240236e-01;5.452567e-02;6.333937e-02;7.841058e-02;6.846152e-02;1.149774e-01
9.587392e-02;6.768540e-02;1.373736e-01;1.536036e-01;5.315689e-02;4.053106e-02;7.815710e-02;6.606087e-02;5.116257e-02;8.478614e-02;6.821857e-02;1.033902e-01
6.793234e-02;9.496053e-02;1.360201e-01;1.320867e-01;7.407468e-02;3.045216e-02;9.910470e-02;6.935779e-02;6.732135e-02;6.569695e-02;6.046098e-02;1.025317e-01
6.159195e-02;9.176208e-02;1.318792e-01;8.540818e-02;1.081410e-01;5.703639e-02;1.105457e-01;8.354344e-02;6.898936e-02;5.596382e-02;5.235365e-02;9.278537e-02
6.625029e-02;9.016789e-02;1.231957e-01;1.180560e-01;7.949483e-02;4.932508e-02;9.139982e-02;9.155958e-02;7.538874e-02;8.680546e-02;4.820458e-02;8.015202e-02
7.505716e-02;6.834912e-02;1.164853e-01;1.364587e-01;7.064886e-02;6.114845e-02;1.136815e-01;7.457079e-02;7.467309e-02;9.074432e-02;5.205075e-02;6.613191e-02
7.897317e-02;6.621514e-02;1.444513e-01;1.254826e-01;9.854842e-02;7.300171e-02;1.499766e-01;3.792810e-02;5.451910e-02;5.081977e-02;6.103606e-02;5.904800e-02
5.871728e-02;6.794454e-02;1.517537e-01;1.271022e-01;1.646465e-01;6.082289e-02;1.124114e-01;3.697176e-02;3.405708e-02;4.728501e-02;7.735477e-02;6.093283e-02
2.822499e-02;4.199528e-02;1.025311e-01;1.477448e-01;3.114363e-01;5.937167e-02;3.756036e-02;2.968670e-02;3.052016e-02;5.850812e-02;8.268443e-02;6.973609e-02
1.157573e-02;1.609815e-02;6.028888e-02;1.140698e-01;4.263726e-01;8.267316e-02;2.108164e-02;1.155675e-02;6.662712e-02;4.220288e-02;4.364466e-02;1.038086e-01
1.253346e-02;9.685318e-03;4.419214e-02;7.429547e-02;4.099938e-01;1.019881e-01;3.462685e-02;1.036947e-02;1.288633e-01;3.060966e-02;1.663924e-02;1.262032e-01
3.511465e-02;9.347989e-03;3.939901e-02;3.778246e-02;3.384404e-01;1.269607e-01;4.706533e-02;1.546362e-02;1.625910e-01;5.808917e-02;1.179141e-02;1.179542e-01
1.149012e-01;7.950259e-03;3.850352e-02;2.026198e-02;2.467929e-01;2.085627e-01;7.217988e-02;1.600903e-02;1.033391e-01;8.621606e-02;7.985970e-03;7.729743e-02
1.799233e-01;1.820558e-02;2.811931e-02;3.687573e-02;1.504459e-01;2.649440e-01;9.137625e-02;2.095186e-02;4.753427e-02;1.201790e-01;7.395824e-03;3.404897e-02
1.339356e-01;6.526734e-02;1.925200e-02;5.287999e-02;9.265234e-02;2.406380e-01;1.597054e-01;2.015739e-02;4.021928e-02;1.499152e-01;1.077823e-02;1.459918e-02
6.441624e-02;1.226100e-01;3.461061e-02;4.760602e-02;8.755060e-02;1.699817e-01;2.718816e-01;3.129223e-02;4.585756e-02;9.234259e-02;2.229425e-02;9.556600e-03
4.459475e-02;1.169012e-01;7.602397e-02;2.934268e-02;9.555572e-02;9.748859e-02;3.655451e-01;4.633680e-02;4.272675e-02;4.684675e-02;3.022839e-02;8.409256e-03
5.579920e-02;5.286846e-02;8.515736e-02;1.271144e-02;1.108286e-01;9.768489e-02;4.518100e-01;3.224599e-02;3.078527e-02;3.676357e-02;2.288242e-02;1.046278e-02
4.644072e-02;3.282891e-02;4.551570e-02;2.030243e-02;1.652420e-01;1.015942e-01;4.730901e-01;3.472427e-02;2.682921e-02;3.195941e-02;9.231404e-03;1.224166e-02
3.561789e-02;3.083465e-02;3.815040e-02;4.530436e-02;1.962126e-01;1.051745e-01;4.453535e-01;3.399003e-02;2.809842e-02;2.177933e-02;1.026163e-02;9.222618e-03
3.515533e-02;3.532787e-02;5.776893e-02;4.602275e-02;1.848354e-01;1.428858e-01;3.643543e-01;3.120465e-02;3.066651e-02;4.574672e-02;1.329405e-02;1.273759e-02
5.269882e-02;5.693583e-02;4.469517e-02;3.542268e-02;1.813709e-01;1.514095e-01;2.547741e-01;4.174959e-02;5.870071e-02;7.402053e-02;3.047929e-02;1.774287e-02
3.881038e-02;7.858521e-02;2.946623e-02;5.406836e-02;2.245330e-01;1.351213e-01;1.601043e-01;4.996151e-02;7.739677e-02;8.438868e-02;4.425252e-02;2.331168e-02
3.064556e-02;9.225324e-02;6.162668e-02;4.088014e-02;1.778067e-01;1.129744e-01;2.490731e-01;3.948809e-02;6.326307e-02;7.729716e-02;3.558492e-02;1.910688e-02
2.916548e-02;8.813180e-02;9.466954e-02;5.648566e-02;1.058941e-01;1.143113e-01;2.909535e-01;3.571230e-02;7.084867e-02;6.185438e-02;3.129264e-02;2.068053e-02
4.353681e-02;1.207296e-01;7.560536e-02;6.573085e-02;6.803624e-02;7.524702e-02;2.113765e-01;5.603504e-02;1.131084e-01;8.794764e-02;6.116424e-02;2.148230e-02
7.349250e-02;1.117606e-01;8.850019e-02;5.308506e-02;1.193084e-01;9.298568e-02;1.721462e-01;7.213652e-02;6.748901e-02;7.133684e-02;5.816087e-02;1.959803e-02
7.668439e-02;5.625371e-02;6.318796e-02;4.580781e-02;1.465767e-01;1.147647e-01;2.487148e-01;4.446901e-02;8.150968e-02;6.480277e-02;3.856158e-02;1.866689e-02
5.655254e-02;8.059967e-02;6.498604e-02;4.457250e-02;1.288850e-01;8.465175e-02;2.629996e-01;4.075648e-02;8.858632e-02;1.073550e-01;1.713747e-02;2.291770e-02
6.574824e-02;8.301981e-02;1.243354e-01;5.280124e-02;1.268182e-01;8.023792e-02;1.844139e-01;5.027607e-02;6.505094e-02;1.102097e-01;3.670129e-02;2.038733e-02
9.277399e-02;7.573026e-02;1.034412e-01;4.757378e-02;9.700505e-02;8.865707e-02;2.870429e-01;3.651990e-02;3.638504e-02;6.350499e-02;4.528905e-02;2.607677e-02
7.144408e-02;7.160795e-02;9.205815e-02;3.273611e-02;9.241585e-02;8.259273e-02;3.744824e-01;3.142348e-02;2.706612e-02;4.655562e-02;4.492321e-02;3.269428e-02
5.543800e-02;5.118628e-02;9.698050e-02;2.320495e-02;1.198737e-01;8.725012e-02;4.096614e-01;2.520234e-02;1.796069e-02;4.611150e-02;3.146029e-02;3.567016e-02
7.955240e-02;4.243067e-02;9.489574e-02;2.003462e-02;1.326595e-01;9.288727e-02;3.640237e-01;2.653135e-02;2.462039e-02;5.767513e-02;2.819591e-02;3.649331e-02
6.884022e-02;3.837614e-02;9.669674e-02;3.988199e-02;1.296249e-01;1.102190e-01;2.853039e-01;3.809475e-02;3.906256e-02;7.751677e-02;3.916475e-02;3.721822e-02
7.228079e-02;3.619890e-02;9.969279e-02;6.307197e-02;1.251324e-01;1.311704e-01;1.447151e-01;6.120757e-02;8.383165e-02;1.080564e-01;2.746630e-02;4.717575e-02
6.941921e-02;3.669371e-02;1.007308e-01;7.513000e-02;9.570161e-02;1.346847e-01;1.450970e-01;6.583495e-02;9.627643e-02;1.071050e-01;2.427746e-02;4.904916e-02
6.229008e-02;6.531951e-02;1.383823e-01;6.823165e-02;9.131958e-02;1.217776e-01;1.531283e-01;6.271552e-02;7.825804e-02;8.900147e-02;2.848121e-02;4.109473e-02
7.386763e-02;6.622501e-02;1.555386e-01;5.644473e-02;8.363710e-02;1.001667e-01;1.644144e-01;7.120219e-02;9.355558e-02;6.822631e-02;3.484038e-02;3.188147e-02
7.644219e-02;5.552756e-02;1.337269e-01;7.412702e-02;1.252115e-01;7.720082e-02;1.424559e-01;6.898709e-02;8.659924e-02;7.928872e-02;6.205391e-02;1.837919e-02
6.760669e-02;7.906475e-02;1.314542e-01;7.269852e-02;1.350781e-01;9.093313e-02;8.437052e-02;5.621751e-02;9.368300e-02;6.577465e-02;7.748450e-02;4.563433e-02
7.430843e-02;3.626335e-02;1.443917e-01;9.627219e-02;1.201750e-01;6.325423e-02;1.225697e-01;3.864227e-02;1.063869e-01;8.456704e-02;5.191319e-02;6.125595e-02
5.672938e-02;5.598379e-02;1.258176e-01;7.299034e-02;7.343262e-02;6.875548e-02;2.509851e-01;6.607810e-02;8.068436e-02;5.694273e-02;4.538395e-02;4.621651e-02
7.146744e-02;6.350210e-02;7.066965e-02;7.875551e-02;5.395308e-02;7.278964e-02;3.537582e-01;9.218445e-02;4.795788e-02;4.376208e-02;2.224562e-02;2.895440e-02
1.018723e-01;6.307431e-02;4.133895e-02;8.246461e-02;5.523956e-02;9.631785e-02;3.669840e-01;9.018075e-02;3.335412e-02;4.286392e-02;1.625745e-02;1.005231e-02
1.457351e-01;5.011315e-02;6.323056e-02;6.450749e-02;9.239554e-02;1.036437e-01;2.821074e-01;6.010980e-02;4.795644e-02;3.620936e-02;1.187517e-02;4.211633e-02
1.180493e-01;6.033563e-02;9.186548e-02;5.273470e-02;1.817655e-01;8.357938e-02;1.312748e-01;2.823314e-02;6.914239e-02;3.955414e-02;2.362025e-02;1.198453e-01
4.681946e-02;1.059324e-01;8.663706e-02;1.027495e-01;1.997573e-01;5.215283e-02;4.793252e-02;3.547797e-02;5.344619e-02;7.570411e-02;5.213365e-02;1.412569e-01
1.918287e-02;1.741051e-01;7.502276e-02;1.246002e-01;1.571570e-01;3.574544e-02;1.754855e-02;4.605139e-02;2.882175e-02;1.222084e-01;7.490619e-02;1.246503e-01
2.550954e-02;2.144962e-01;5.486617e-02;1.300776e-01;8.184666e-02;1.706454e-02;2.212219e-02;7.472773e-02;2.533588e-02;1.478212e-01;1.237909e-01;8.234144e-02
2.606494e-02;1.717872e-01;5.759558e-02;1.562691e-01;7.779697e-02;1.528574e-02;1.968817e-02;1.033523e-01;2.304318e-02;1.275914e-01;1.778213e-01;4.370404e-02
2.916800e-02;1.066796e-01;1.063574e-01;1.543338e-01;5.970062e-02;2.563628e-02;3.627921e-02;1.084452e-01;3.514898e-02;1.140584e-01;1.778147e-01;4.637770e-02
4.111319e-02;6.385502e-02;1.870832e-01;1.305357e-01;5.195546e-02;4.277168e-02;7.196223e-02;9.511417e-02;5.059094e-02;9.989078e-02;1.144286e-01;5.069910e-02
5.022731e-02;1.131599e-01;2.180816e-01;9.061397e-02;8.759623e-02;5.387759e-02;7.903920e-02;6.061989e-02;4.115801e-02;8.143232e-02;7.440053e-02;4.979344e-02
3.746738e-02;1.278963e-01;1.506584e-01;1.141951e-01;1.387709e-01;5.083640e-02;5.233461e-02;8.075423e-02;3.664673e-02;8.855543e-02;7.809975e-02;4.378474e-02
2.382467e-02;9.961962e-02;1.435178e-01;1.221688e-01;1.301382e-01;3.204207e-02;3.872304e-02;1.378028e-01;3.159470e-02;7.116083e-02;9.015764e-02;7.924975e-02
2.084377e-02;1.285083e-01;1.411715e-01;9.065060e-02;9.984138e-02;1.862108e-02;3.126040e-02;1.418374e-01;4.750095e-02;5.752934e-02;1.509385e-01;7.129674e-02
2.864248e-02;1.791239e-01;1.315828e-01;9.885243e-02;7.298477e-02;2.632058e-02;3.631875e-02;1.174088e-01;4.871621e-02;5.253360e-02;1.718504e-01;3.566539e-02
2.736365e-02;1.782376e-01;9.698617e-02;1.334933e-01;7.030542e-02;3.022706e-02;3.686390e-02;6.317452e-02;5.029368e-02;6.452027e-02;1.845439e-01;6.399041e-02
4.329475e-02;1.486035e-01;1.103890e-01;1.332922e-01;9.914223e-02;3.213440e-02;5.762185e-02;5.928404e-02;5.286612e-02;4.871058e-02;1.260790e-01;8.858233e-02
7.273500e-02;1.229043e-01;7.662170e-02;7.600487e-02;1.072297e-01;4.328461e-02;1.179077e-01;8.917946e-02;8.923525e-02;4.545397e-02;8.745901e-02;7.198452e-02
7.010303e-02;8.129562e-02;1.272872e-01;3.824255e-02;5.799994e-02;5.045651e-02;1.335195e-01;9.288025e-02;1.207351e-01;8.077710e-02;8.271843e-02;6.398476e-02
7.344699e-02;5.529529e-02;1.930819e-01;3.599999e-02;5.656070e-02;3.921887e-02;1.047725e-01;7.073272e-02;1.080424e-01;1.141065e-01;8.271155e-02;6.603054e-02
8.996528e-02;3.963413e-02;2.589900e-01;3.122355e-02;5.250325e-02;2.653040e-02;7.877710e-02;4.211511e-02;7.555577e-02;1.843982e-01;7.448237e-02;4.582485e-02
9.700669e-02;2.675473e-02;3.305569e-01;2.026782e-02;4.934118e-02;9.104303e-03;7.013004e-02;1.673739e-02;3.755517e-02;2.495917e-01;6.737462e-02;2.557946e-02
6.475834e-02;1.746674e-02;3.902464e-01;1.814538e-02;5.775084e-02;5.814423e-03;5.716043e-02;9.097932e-03;3.746220e-02;2.804478e-01;4.701579e-02;1.463378e-02
2.260157e-02;5.093791e-02;4.052643e-01;1.839129e-02;5.337608e-02;1.274548e-02;4.103260e-02;3.180335e-02;8.217292e-02;2.478964e-01;1.869062e-02;1.508739e-02
1.929558e-02;1.008307e-01;2.803640e-01;2.533009e-02;2.904901e-02;3.654002e-02;2.356859e-02;7.776905e-02;2.149922e-01;1.551548e-01;7.248405e-03;2.985750e-02
2.565310e-02;1.367344e-01;1.548309e-01;2.887976e-02;2.451338e-02;4.944242e-02;4.030647e-02;1.045196e-01;2.664631e-01;1.303740e-01;5.099110e-03;3.318371e-02
4.658142e-02;1.511465e-01;1.545612e-01;4.623413e-02;2.257947e-02;4.719947e-02;6.643356e-02;9.315928e-02;2.007639e-01;1.287763e-01;1.316140e-02;2.940334e-02
6.760088e-02;1.037639e-01;2.465169e-01;8.930621e-02;3.226323e-02;4.200925e-02;6.233958e-02;4.459825e-02;1.557762e-01;1.049879e-01;2.183440e-02;2.900331e-02
3.747513e-02;1.187604e-01;1.985682e-01;1.206913e-01;3.406782e-02;5.494853e-02;4.479939e-02;3.346806e-02;1.952388e-01;1.051023e-01;2.863486e-02;2.824510e-02
2.031961e-02;1.560981e-01;1.614334e-01;9.249613e-02;2.804082e-02;8.235875e-02;2.788469e-02;3.314351e-02;2.384302e-01;1.086161e-01;1.627475e-02;3.490392e-02
2.150221e-02;1.708965e-01;1.481398e-01;6.005093e-02;1.845407e-02;1.014111e-01;1.715993e-02;2.259576e-02;3.027002e-01;8.973894e-02;9.433637e-03;3.791697e-02
1.884189e-02;1.757028e-01;1.378360e-01;8.414829e-02;1.184420e-02;9.720400e-02;1.218351e-02;1.718085e-02;3.305282e-01;6.975026e-02;8.093632e-03;3.668634e-02
1.678271e-02;1.742326e-01;1.477500e-01;8.668467e-02;7.326064e-03;8.504895e-02;1.106726e-02;3.066418e-02;3.438808e-01;5.509284e-02;3.631079e-03;3.783885e-02
2.218095e-02;1.499287e-01;1.863301e-01;5.958023e-02;2.178449e-02;6.662582e-02;1.103083e-02;4.783701e-02;3.228867e-01;6.792677e-02;4.564222e-03;3.932411e-02
3.219844e-02;1.267201e-01;2.811828e-01;4.341171e-02;5.816081e-02;4.178586e-02;2.338254e-02;3.696386e-02;2.020953e-01;1.058648e-01;1.643010e-02;3.180378e-02
2.308228e-02;1.110930e-01;3.880430e-01;5.539693e-02;7.536296e-02;3.333627e-02;2.240806e-02;2.331990e-02;8.984120e-02;1.256779e-01;2.726880e-02;2.516976e-02
3.360964e-02;1.037868e-01;4.438491e-01;5.444431e-02;6.949059e-02;3.399220e-02;2.284941e-02;2.663824e-02;4.944528e-02;1.077675e-01;2.893554e-02;2.519153e-02
3.161446e-02;1.028213e-01;3.857148e-01;6.096971e-02;6.623445e-02;4.243669e-02;4.038879e-02;4.029712e-02;1.061764e-01;7.441562e-02;3.083939e-02;1.809135e-02
4.776740e-02;1.078179e-01;2.127548e-01;8.729558e-02;6.774087e-02;6.703859e-02;4.048864e-02;4.244947e-02;2.019303e-01;7.475588e-02;2.583882e-02;2.412174e-02
4.389599e-02;1.009279e-01;2.277621e-01;8.365639e-02;4.533055e-02;8.058004e-02;2.755838e-02;2.204558e-02;2.419556e-01;7.522795e-02;1.669982e-02;3.435970e-02
1.776638e-02;9.707204e-02;2.936889e-01;6.891679e-02;4.748992e-02;8.541131e-02;3.171633e-02;3.617503e-02;2.213491e-01;4.151169e-02;1.616782e-02;4.273470e-02
2.498669e-02;1.094657e-01;2.313124e-01;4.699800e-02;6.207724e-02;1.181762e-01;3.439268e-02;5.745940e-02;1.843761e-01;8.042096e-02;1.446206e-02;3.587256e-02
2.769639e-02;1.233782e-01;1.523938e-01;4.943849e-02;6.188129e-02;1.469490e-01;4.559867e-02;5.613571e-02;2.038425e-01;7.021465e-02;2.951637e-02;3.295486e-02
2.333597e-02;9.989173e-02;1.122883e-01;7.019671e-02;6.727771e-02;1.234354e-01;5.367687e-02;4.615047e-02;2.163033e-01;1.106076e-01;2.605981e-02;5.077616e-02
3.077115e-02;8.832739e-02;1.533128e-01;7.306588e-02;6.866135e-02;9.954068e-02;5.537443e-02;6.191456e-02;2.008902e-01;8.478353e-02;2.516749e-02;5.819045e-02
3.497442e-02;9.830648e-02;1.404223e-01;6.934790e-02;7.525813e-02;1.019619e-01;5.455157e-02;5.946919e-02;1.929963e-01;6.811934e-02;3.660949e-02;6.798295e-02
2.834172e-02;1.305316e-01;1.479431e-01;6.897152e-02;7.238988e-02;9.639245e-02;6.042516e-02;4.691858e-02;1.915296e-01;8.441114e-02;3.036612e-02;4.177909e-02
3.092444e-02;1.471709e-01;1.948227e-01;5.265375e-02;5.858236e-02;8.143181e-02;7.724962e-02;3.553877e-02;1.556675e-01;1.060094e-01;3.891400e-02;2.103474e-02
4.821717e-02;1.680944e-01;1.823413e-01;5.428638e-02;6.187977e-02;7.731374e-02;9.057440e-02;5.086013e-02;1.264004e-01;9.515063e-02;3.075079e-02;1.413085e-02
2.535209e-02;1.710488e-01;1.337877e-01;7.418993e-02;8.050828e-02;8.353403e-02;5.682436e-02;8.715927e-02;1.027826e-01;1.200365e-01;3.205985e-02;3.271659e-02
5.023729e-02;1.031449e-01;1.254080e-01;5.097539e-02;5.825797e-02;7.964989e-02;1.065239e-01;7.253376e-02;1.324418e-01;1.536884e-01;2.830805e-02;3.883059e-02
5.998937e-02;5.912830e-02;1.149284e-01;2.552796e-02;5.073861e-02;8.655068e-02;1.930607e-01;5.879164e-02;1.516845e-01;1.269062e-01;3.951508e-02;3.317863e-02
8.690356e-02;5.149883e-02;5.659190e-02;1.628101e-02;4.204578e-02;5.891602e-02;3.739693e-01;7.509357e-02;6.858192e-02;9.854937e-02;4.558465e-02;2.598408e-02
6.494866e-02;3.184199e-02;4.379829e-02;1.280474e-02;2.827176e-02;3.972235e-02;5.296786e-01;8.110896e-02;5.035085e-02;6.515554e-02;3.407152e-02;1.824677e-02
3.355453e-02;1.856103e-02;3.017387e-02;6.917048e-03;2.425423e-02;3.271081e-02;6.511201e-01;9.475854e-02;4.308770e-02;3.619145e-02;1.821178e-02;1.045899e-02
1.348620e-02;8.119200e-03;2.527039e-02;2.493236e-03;1.641383e-02;2.279165e-02;7.002707e-01;1.163817e-01;3.306987e-02;4.873494e-02;8.911957e-03;4.056382e-03
7.773869e-03;6.914949e-03;3.462997e-02;2.760315e-03;8.266227e-03;1.722075e-02;6.506510e-01;1.400460e-01;3.789531e-02;8.278301e-02;4.495425e-03;6.563147e-03
7.450370e-03;7.128291e-03;4.505978e-02;4.757712e-03;7.275254e-03;2.064924e-02;5.842875e-01;1.624980e-01;4.657011e-02;9.779467e-02;5.087249e-03;1.144188e-02
4.691374e-03;7.586928e-03;4.478849e-02;1.060765e-02;8.090993e-03;3.068969e-02;5.279741e-01;1.761784e-01;8.256052e-02;8.294427e-02;9.672754e-03;1.421486e-02
6.773631e-03;8.609007e-03;3.886259e-02;1.789338e-02;8.432911e-03;3.687522e-02;4.932393e-01;1.717992e-01;1.200641e-01;8.344624e-02;3.120672e-03;1.088368e-02
9.430657e-03;5.418098e-03;3.254738e-02;3.178441e-02;1.045800e-02;3.148365e-02;4.438880e-01;1.495705e-01;1.698514e-01;1.007391e-01;8.056517e-03;6.772145e-03
8.801843e-03;7.161352e-03;1.352504e-02;7.201997e-02;1.092541e-02;1.832540e-02;3.168605e-01;1.357605e-01;2.757323e-01;1.217354e-01;9.850233e-03;9.302137e-03
1.352367e-02;7.878004e-03;3.252285e-02;1.096873e-01;1.140980e-02;3.835705e-02;2.069686e-01;1.124111e-01;3.276023e-01;1.160371e-01;1.635351e-02;7.248705e-03
2.555150e-02;8.164056e-03;4.142822e-02;1.418324e-01;1.421151e-02;4.948009e-02;1.323094e-01;8.103854e-02;3.570781e-01;1.169868e-01;2.064434e-02;1.127508e-02
3.264310e-02;1.574625e-02;6.984299e-02;1.548921e-01;9.631269e-03;3.278618e-02;1.183270e-01;8.475398e-02;3.416874e-01;8.593293e-02;2.386951e-02;2.988729e-02
2.194136e-02;1.584324e-02;5.847820e-02;1.355054e-01;1.257224e-02;1.875182e-02;1.917080e-01;1.309145e-01;2.963428e-01;5.105502e-02;2.322046e-02;4.366695e-02
1.091733e-02;9.374019e-03;5.438880e-02;1.006361e-01;1.317711e-02;1.509377e-02;2.558411e-01;1.543045e-01;2.456643e-01;9.359337e-02;2.200054e-02;2.500917e-02
1.436311e-02;1.039426e-02;3.576500e-02;1.269976e-01;1.143539e-02;1.706694e-02;2.944712e-01;1.273445e-01;2.383085e-01;1.025293e-01;1.013088e-02;1.119322e-02
2.280353e-02;9.005235e-03;1.715626e-02;1.900975e-01;1.767031e-02;1.544968e-02;2.106550e-01;9.742228e-02;3.040560e-01;1.007994e-01;6.477392e-03;8.407422e-03
2.762685e-02;8.208074e-03;1.134677e-02;1.914789e-01;3.545044e-02;9.940019e-03;1.447269e-01;6.285542e-02;3.127042e-01;1.609364e-01;2.875130e-02;5.974703e-03
3.027813e-02;2.615947e-02;1.582508e-02;1.102145e-01;1.129141e-01;1.841147e-02;8.809898e-02;3.683340e-02;1.622470e-01;3.126909e-01;7.260110e-02;1.372585e-02
2.600181e-02;6.598602e-02;1.189794e-02;3.575927e-02;1.841591e-01;2.331779e-02;3.858719e-02;1.520422e-02;6.688420e-02;4.059988e-01;1.129999e-01;1.320374e-02
3.018098e-02;9.148354e-02;1.538064e-02;1.572184e-02;1.919537e-01;2.011689e-02;2.391282e-02;1.183896e-02;5.391292e-02;4.204227e-01;1.151967e-01;9.878219e-03
8.995063e-02;9.958479e-02;1.424374e-02;6.572953e-02;1.418264e-01;1.039393e-02;2.291108e-02;1.250763e-02;1.344493e-01;3.387624e-01;6.466521e-02;4.975427e-03
1.772961e-01;7.984700e-02;1.188681e-02;1.995452e-01;3.750085e-02;6.217036e-03;2.911759e-02;1.597064e-02;2.649024e-01;1.573076e-01;1.716958e-02;3.239245e-03
1.598142e-01;3.865862e-02;1.002094e-02;3.179286e-01;2.503791e-02;6.092717e-03;2.188119e-02;2.618477e-02;3.157503e-01;6.739506e-02;8.287502e-03;2.948201e-03
7.479212e-02;1.588297e-02;1.757686e-02;3.970529e-01;2.610536e-02;1.270834e-02;2.192242e-02;4.376258e-02;3.394356e-01;3.879743e-02;6.987034e-03;4.976403e-03
4.738663e-02;6.629328e-03;5.530785e-02;3.457650e-01;1.614310e-02;4.202500e-02;3.025677e-02;8.517098e-02;3.216866e-01;3.400875e-02;6.808693e-03;8.811360e-03
4.775130e-02;9.861721e-03;1.062786e-01;1.569862e-01;1.587331e-02;1.069339e-01;6.224383e-02;1.692995e-01;2.444657e-01;5.183762e-02;7.873252e-03;2.059516e-02
3.681853e-02;8.834315e-03;1.230416e-01;8.883726e-02;2.335918e-02;1.565908e-01;9.194107e-02;2.015211e-01;1.814067e-01;5.197788e-02;9.908161e-03;2.576335e-02
2.266102e-02;6.705359e-03;1.370853e-01;5.600417e-02;2.502494e-02;1.765991e-01;1.372430e-01;2.415196e-01;1.190522e-01;3.416061e-02;7.237842e-03;3.670681e-02
2.407484e-02;1.061222e-02;1.196793e-01;6.338528e-02;1.939422e-02;1.436993e-01;1.653701e-01;2.619105e-01;1.158881e-01;3.537462e-02;6.512092e-03;3.409946e-02
2.418365e-02;1.194124e-02;9.197094e-02;7.199711e-02;2.569260e-02;1.350483e-01;2.057386e-01;2.486563e-01;1.084027e-01;4.253571e-02;7.370461e-03;2.646229e-02
2.042154e-02;1.152505e-02;7.068165e-02;8.359091e-02;3.114771e-02;1.379452e-01;2.708816e-01;2.270584e-01;6.900888e-02;5.113498e-02;8.780116e-03;1.782389e-02
2.263337e-02;1.416650e-02;3.731408e-02;9.657189e-02;3.589369e-02;1.052015e-01;3.078400e-01;1.712012e-01;1.138670e-01;6.713273e-02;1.156209e-02;1.661605e-02
2.978222e-02;2.195914e-02;2.839713e-02;1.293520e-01;3.279478e-02;6.046885e-02;2.800564e-01;1.432242e-01;1.644233e-01;8.772129e-02;5.023621e-03;1.679715e-02
1.289184e-02;1.216537e-02;3.661039e-02;1.573763e-01;2.406049e-02;3.729770e-02;2.004812e-01;1.235787e-01;2.902070e-01;8.866335e-02;9.152315e-03;7.515330e-03
1.826119e-02;9.943163e-03;3.093483e-02;1.603576e-01;1.553324e-02;2.862520e-02;1.363472e-01;8.552792e-02;4.058699e-01;8.859275e-02;1.139694e-02;8.610096e-03
2.216180e-02;7.460850e-03;2.063166e-02;1.480019e-01;7.813524e-03;3.088582e-02;8.271050e-02;5.729696e-02;5.083966e-01;8.622319e-02;1.380991e-02;1.460726e-02
1.903192e-02;7.907772e-03;2.527200e-02;1.331678e-01;7.714821e-03;5.846394e-02;4.633800e-02;5.668698e-02;5.058159e-01;1.106999e-01;1.683530e-02;1.206558e-02
1.276883e-02;5.401444e-03;3.678823e-02;1.443291e-01;1.105618e-02;1.161523e-01;3.210868e-02;5.644130e-02;4.141276e-01;1.279038e-01;2.545542e-02;1.746712e-02
9.616170e-03;1.321959e-02;8.556847e-02;1.602049e-01;1.657185e-02;1.891219e-01;3.790106e-02;6.707511e-02;2.777351e-01;8.513905e-02;2.299612e-02;3.485060e-02
7.945583e-03;3.799903e-02;1.070685e-01;2.363335e-01;2.722975e-02;2.272153e-01;3.878688e-02;8.066767e-02;1.419356e-01;4.270871e-02;1.054438e-02;4.156508e-02
3.414008e-02;4.972619e-02;7.677209e-02;3.453196e-01;5.811840e-02;1.416991e-01;3.215475e-02;5.803395e-02;1.281895e-01;3.443886e-02;1.913262e-02;2.227483e-02
7.192509e-02;3.963289e-02;8.033345e-02;3.431518e-01;7.475147e-02;5.729685e-02;4.463441e-02;5.032064e-02;1.476628e-01;4.130976e-02;3.426745e-02;1.471344e-02
7.616479e-02;4.643422e-02;9.502986e-02;2.508811e-01;1.426611e-01;2.931180e-02;5.505488e-02;4.553771e-02;1.255689e-01;8.057690e-02;3.627697e-02;1.650177e-02
3.735496e-02;1.069281e-01;8.572357e-02;1.036495e-01;3.288558e-01;3.437825e-02;4.029539e-02;2.590705e-02;5.105010e-02;1.438060e-01;2.446564e-02;1.758563e-02
2.103295e-02;1.673160e-01;5.187435e-02;2.977175e-02;4.234848e-01;2.681583e-02;2.161928e-02;3.978680e-02;1.282503e-02;1.705849e-01;2.042690e-02;1.446143e-02
1.884870e-02;1.840724e-01;2.241477e-02;2.463372e-02;3.877599e-01;3.532302e-02;1.013318e-02;7.518364e-02;2.369370e-02;1.707929e-01;3.532204e-02;1.182206e-02
2.216464e-02;1.164344e-01;1.360537e-02;4.997858e-02;3.268448e-01;5.920863e-02;1.300222e-02;8.963548e-02;3.753970e-02;2.087374e-01;5.493353e-02;7.915311e-03
1.712938e-02;7.472484e-02;3.759792e-02;3.508789e-02;2.551114e-01;4.736616e-02;2.116374e-02;7.238073e-02;1.010350e-01;2.664645e-01;6.417903e-02;7.759416e-03
1.088300e-02;6.771298e-02;7.366311e-02;2.243715e-02;1.735683e-01;9.429298e-02;2.250334e-02;5.621361e-02;1.193530e-01;2.111151e-01;1.325839e-01;1.567355e-02
1.018918e-02;3.925697e-02;1.151466e-01;2.711552e-02;1.301184e-01;1.641903e-01;2.788491e-02;6.517331e-02;7.889674e-02;1.070190e-01;2.171760e-01;1.783304e-02
2.018404e-02;4.366196e-02;1.471345e-01;2.747491e-02;7.882006e-02;1.883161e-01;2.214737e-02;5.579596e-02;2.779504e-02;9.861064e-02;2.629356e-01;2.712378e-02
9.352029e-03;5.687755e-02;1.586568e-01;2.973034e-02;4.876732e-02;1.768965e-01;1.482328e-02;3.685800e-02;3.577588e-02;1.388187e-01;2.682059e-01;2.523767e-02
3.489995e-02;6.455679e-02;1.297552e-01;4.465160e-02;9.225547e-02;1.060946e-01;2.064771e-02;2.714830e-02;4.786297e-02;1.517239e-01;2.534992e-01;2.690428e-02
4.142578e-02;5.897396e-02;7.963377e-02;7.222068e-02;1.338465e-01;6.624455e-02;2.404819e-02;5.054883e-02;5.446966e-02;1.466509e-01;2.497083e-01;2.222882e-02
5.668871e-02;5.466552e-02;1.202955e-01;6.588966e-02;1.241259e-01;7.413293e-02;2.519602e-02;5.093022e-02;3.933550e-02;1.103847e-01;2.341072e-01;4.424810e-02
7.987393e-02;4.177928e-02;1.641740e-01;5.554348e-02;1.034048e-01;8.348116e-02;2.591372e-02;3.536297e-02;2.881182e-02;6.383511e-02;2.095376e-01;1.082822e-01
9.246796e-02;3.358394e-02;2.244311e-01;4.735052e-02;9.714743e-02;6.284009e-02;2.845936e-02;2.775523e-02;2.258479e-02;5.838327e-02;1.576957e-01;1.473006e-01
5.837849e-02;6.074645e-02;2.582714e-01;2.487415e-02;8.018953e-02;8.315003e-02;2.958374e-02;2.706171e-02;2.587243e-02;9.324051e-02;1.556795e-01;1.029521e-01
4.294917e-02;8.316010e-02;1.739195e-01;1.624429e-02;1.022326e-01;9.935006e-02;4.259533e-02;3.759762e-02;3.724180e-02;1.735441e-01;1.448807e-01;4.628465e-02
3.991640e-02;5.415976e-02;6.792578e-02;1.863695e-02;1.469971e-01;7.266277e-02;5.051637e-02;3.752733e-02;6.001814e-02;2.691648e-01;1.357266e-01;4.674798e-02
4.420769e-02;6.460325e-02;5.916717e-02;4.195037e-02;1.146429e-01;5.014523e-02;4.740461e-02;3.322991e-02;6.358456e-02;3.146259e-01;1.164447e-01;4.999372e-02
4.803589e-02;6.504571e-02;7.384643e-02;4.552205e-02;1.217351e-01;9.016088e-02;2.699699e-02;3.898681e-02;5.460676e-02;2.788075e-01;1.156126e-01;4.064329e-02
6.646103e-02;6.868994e-02;6.100074e-02;2.687690e-02;1.509672e-01;6.159438e-02;3.309535e-02;4.360101e-02;4.003113e-02;2.817219e-01;1.324008e-01;3.355956e-02
4.673630e-02;1.441302e-01;4.629100e-02;1.365464e-02;1.497458e-01;3.736984e-02;2.249056e-02;3.364748e-02;2.433556e-02;3.541948e-01;1.045455e-01;2.285824e-02
3.655044e-02;2.415411e-01;3.708814e-02;7.881088e-03;1.347184e-01;1.926164e-02;1.174637e-02;3.966922e-02;1.278582e-02;3.327400e-01;1.006738e-01;2.534397e-02
3.678890e-02;3.121557e-01;2.375354e-02;9.401518e-03;1.213904e-01;1.147965e-02;1.124550e-02;4.148505e-02;9.961389e-03;3.271223e-01;7.748750e-02;1.772864e-02
1.530585e-02;3.531278e-01;1.888475e-02;8.645401e-03;1.007656e-01;6.191642e-03;8.830130e-03;4.123276e-02;1.680485e-02;3.435306e-01;7.947475e-02;7.205804e-03
7.629428e-03;3.624045e-01;1.868146e-02;6.306823e-03;9.990203e-02;4.978496e-03;6.138714e-03;3.436331e-02;1.335613e-02;3.695455e-01;7.181954e-02;4.874127e-03
7.037340e-03;3.145798e-01;1.633573e-02;6.075680e-03;1.271498e-01;3.241971e-03;6.125477e-03;2.522548e-02;2.594332e-02;4.148714e-01;4.714299e-02;6.270999e-03
7.445303e-03;1.948642e-01;1.895528e-02;8.453075e-03;1.605602e-01;4.197990e-03;9.339213e-03;1.868458e-02;6.419457e-02;4.727506e-01;3.063234e-02;9.922715e-03
1.222509e-02;9.107597e-02;2.302155e-02;1.893654e-02;1.527415e-01;4.792121e-03;1.621903e-02;1.312430e-02;1.508147e-01;4.848116e-01;2.079355e-02;1.144412e-02
2.675814e-02;4.958441e-02;3.679119e-02;1.876757e-02;7.594403e-02;7.465968e-03;3.974130e-02;3.544082e-02;2.912804e-01;3.910684e-01;1.655460e-02;1.060314e-02
6.581941e-02;4.824873e-02;5.246964e-02;3.654780e-02;4.774152e-02;1.617254e-02;1.013770e-01;5.878424e-02;2.592329e-01;2.645849e-01;3.542720e-02;1.359418e-02
1.005042e-01;6.725628e-02;6.441329e-02;6.098654e-02;7.439770e-02;2.173228e-02;1.497502e-01;3.679121e-02;1.216140e-01;2.331500e-01;3.937391e-02;3.003041e-02
1.246319e-01;1.080528e-01;6.676464e-02;8.779871e-02;6.189061e-02;1.741915e-02;1.042175e-01;5.055325e-02;1.093010e-01;1.939118e-01;4.485606e-02;3.060242e-02
8.167580e-02;7.520251e-02;9.526984e-02;9.810225e-02;3.856367e-02;2.443976e-02;1.132260e-01;9.913146e-02;1.679904e-01;1.265735e-01;3.185364e-02;4.797111e-02
3.572221e-02;6.343292e-02;1.325912e-01;5.976374e-02;3.688474e-02;3.495893e-02;2.074706e-01;1.194728e-01;1.240285e-01;8.438611e-02;3.466141e-02;6.662698e-02
5.556195e-02;1.008467e-01;1.125033e-01;2.078819e-02;4.798073e-02;4.004339e-02;3.164414e-01;7.792701e-02;4.222924e-02;8.742421e-02;4.034423e-02;5.790959e-02
6.702547e-02;1.175568e-01;5.566038e-02;1.217014e-02;4.656119e-02;4.704985e-02;4.184865e-01;3.852044e-02;6.383644e-02;8.053028e-02;2.941895e-02;2.318352e-02
7.052216e-02;6.984776e-02;4.370012e-02;1.758194e-02;5.162230e-02;6.212191e-02;4.682523e-01;4.257664e-02;7.191474e-02;5.983266e-02;2.876901e-02;1.325844e-02
6.445263e-02;5.914389e-02;4.495784e-02;3.166138e-02;8.270487e-02;8.304621e-02;4.672019e-01;2.979539e-02;6.494435e-02;3.632689e-02;2.023456e-02;1.553014e-02
6.091308e-02;5.182840e-02;7.142727e-02;3.667609e-02;1.423379e-01;1.026865e-01;3.730377e-01;2.918542e-02;5.548629e-02;3.173060e-02;2.015935e-02;2.453131e-02
5.467902e-02;3.995374e-02;1.525256e-01;5.369948e-02;1.977861e-01;1.059829e-01;2.199725e-01;2.265628e-02;3.671029e-02;5.073084e-02;2.949008e-02;3.581314e-02
3.806078e-02;5.008560e-02;2.982629e-01;9.456246e-02;1.609503e-01;8.675940e-02;1.080314e-01;2.345310e-02;2.207224e-02;5.228171e-02;3.763425e-02;2.784578e-02
3.549187e-02;3.280041e-02;4.083723e-01;1.013784e-01;8.677065e-02;5.226512e-02;1.227408e-01;2.498370e-02;3.187703e-02;4.527544e-02;4.007239e-02;1.797191e-02
3.406691e-02;3.183503e-02;4.972684e-01;6.557091e-02;5.720612e-02;3.113556e-02;9.194016e-02;1.952574e-02;2.499958e-02;5.708448e-02;4.130549e-02;4.806154e-02
4.439899e-02;6.985942e-02;4.576788e-01;4.821637e-02;6.704432e-02;5.626466e-02;5.613953e-02;1.909284e-02;3.349309e-02;5.278656e-02;3.230350e-02;6.272192e-02
9.743610e-02;1.506583e-01;3.007792e-01;5.635449e-02;6.398348e-02;7.597023e-02;4.463126e-02;3.111135e-02;5.537610e-02;3.238144e-02;3.413877e-02;5.717919e-02
1.718836e-01;1.830300e-01;1.509526e-01;4.973768e-02;8.210486e-02;8.601263e-02;4.180131e-02;5.921274e-02;6.975312e-02;2.387681e-02;4.338565e-02;3.824905e-02
2.019418e-01;1.108527e-01;1.740506e-01;6.046550e-02;7.681549e-02;6.676771e-02;8.948457e-02;6.713180e-02;4.717266e-02;3.867196e-02;3.756170e-02;2.908344e-02
2.009325e-01;3.752635e-02;1.382411e-01;8.967157e-02;5.309333e-02;3.959474e-02;1.613547e-01;8.671981e-02;5.459579e-02;5.603919e-02;3.336978e-02;4.886113e-02
1.358532e-01;8.699129e-02;1.939505e-01;7.354435e-02;4.257175e-02;3.842137e-02;1.512076e-01;8.799056e-02;7.911601e-02;3.917615e-02;3.177872e-02;3.939838e-02
8.009644e-02;9.743161e-02;2.951540e-01;4.034802e-02;4.651435e-02;6.008773e-02;1.153816e-01;7.909935e-02;7.482043e-02;3.809050e-02;4.807433e-02;2.490157e-02
9.879624e-02;1.625042e-01;2.307981e-01;2.977673e-02;6.344139e-02;5.724875e-02;6.905644e-02;9.333251e-02;4.662962e-02;6.826619e-02;4.476091e-02;3.538893e-02
1.251807e-01;2.344400e-01;9.867314e-02;4.209902e-02;7.638736e-02;4.467749e-02;6.443229e-02;9.211809e-02;4.648740e-02;8.838040e-02;4.025176e-02;4.687229e-02
1.814873e-01;2.230833e-01;1.161136e-01;3.018215e-02;6.280304e-02;3.423155e-02;7.999647e-02;6.664283e-02;5.199367e-02;7.713705e-02;2.653289e-02;4.979605e-02
2.878969e-01;1.712198e-01;1.120927e-01;2.739039e-02;4.750276e-02;3.846895e-02;8.077670e-02;5.267090e-02;4.573504e-02;6.583895e-02;2.503312e-02;4.537382e-02
3.869793e-01;1.070288e-01;1.063032e-01;2.629244e-02;3.506848e-02;3.434403e-02;7.939123e-02;4.314625e-02;4.274232e-02;6.563149e-02;2.846340e-02;4.460907e-02
4.013222e-01;1.178028e-01;9.711351e-02;2.997404e-02;3.497329e-02;2.262981e-02;7.718232e-02;4.277746e-02;4.979197e-02;5.040608e-02;1.941756e-02;5.660887e-02
3.618766e-01;1.083485e-01;1.090703e-01;3.042715e-02;3.937639e-02;1.480800e-02;1.116330e-01;4.581509e-02;5.484355e-02;3.915187e-02;2.509048e-02;5.955896e-02
2.676127e-01;1.066135e-01;1.005420e-01;2.213759e-02;6.831802e-02;3.996706e-02;1.876538e-01;4.885247e-02;4.909851e-02;4.327172e-02;3.077911e-02;3.515370e-02
1.604467e-01;1.328265e-01;8.683144e-02;1.941670e-02;1.080174e-01;6.294234e-02;1.967914e-01;5.430964e-02;3.650602e-02;7.193235e-02;4.492990e-02;2.504969e-02
4.576804e-02;1.420332e-01;7.595654e-02;3.034435e-02;1.569358e-01;8.380670e-02;1.126787e-01;5.842789e-02;4.311828e-02;1.416762e-01;7.359249e-02;3.566178e-02
3.767801e-02;1.229588e-01;1.024411e-01;3.017107e-02;1.520934e-01;8.950996e-02;9.347290e-02;4.610518e-02;3.470160e-02;1.718165e-01;8.483799e-02;3.421365e-02
5.236581e-02;1.073157e-01;1.247648e-01;2.377914e-02;1.324044e-01;9.249953e-02;1.787960e-01;3.569840e-02;2.739702e-02;1.293689e-01;7.377814e-02;2.183224e-02
7.402079e-02;8.524665e-02;1.521927e-01;2.127101e-02;1.287862e-01;9.985325e-02;1.881512e-01;2.801693e-02;3.716639e-02;8.776417e-02;7.338665e-02;2.414393e-02
5.515163e-02;3.846753e-02;1.580764e-01;1.749006e-02;1.159547e-01;1.058648e-01;2.843046e-01;1.917745e-02;4.560773e-02;5.566791e-02;7.687134e-02;2.736586e-02
5.717104e-02;3.771037e-02;1.293208e-01;1.957223e-02;8.705030e-02;9.035823e-02;3.517627e-01;1.971705e-02;4.725796e-02;4.736507e-02;7.096782e-02;4.174643e-02
8.233050e-02;4.570262e-02;1.126933e-01;3.540161e-02;6.012279e-02;6.905865e-02;3.553583e-01;1.756072e-02;4.860844e-02;4.376147e-02;6.363700e-02;6.576465e-02
1.151712e-01;5.057137e-02;1.735072e-01;5.563048e-02;3.521990e-02;5.566502e-02;2.647870e-01;1.594231e-02;6.663391e-02;3.585739e-02;5.943955e-02;7.157457e-02
7.851579e-02;2.310061e-02;2.100872e-01;6.201467e-02;5.187047e-02;5.884678e-02;2.078367e-01;2.310503e-02;9.798053e-02;4.839176e-02;7.830558e-02;5.994491e-02
5.618291e-02;1.704237e-02;2.086411e-01;4.175113e-02;5.564822e-02;6.795745e-02;1.885468e-01;2.680125e-02;1.240059e-01;5.163021e-02;9.814887e-02;6.364379e-02
4.546234e-02;3.404910e-02;2.034381e-01;4.222403e-02;5.117654e-02;6.130308e-02;2.150989e-01;2.072672e-02;1.159819e-01;5.130499e-02;8.687089e-02;7.236341e-02
6.627620e-02;3.504240e-02;1.791074e-01;6.088750e-02;4.680616e-02;5.116016e-02;2.372627e-01;1.522136e-02;9.317296e-02;4.899827e-02;8.566336e-02;8.040155e-02
1.042328e-01;4.325828e-02;1.487157e-01;4.859465e-02;4.882912e-02;5.443229e-02;2.299152e-01;1.479318e-02;7.180807e-02;5.162949e-02;9.755523e-02;8.623593e-02
4.700544e-02;3.534063e-02;1.987742e-01;5.250666e-02;6.179903e-02;5.277575e-02;2.159910e-01;2.945069e-02;6.479736e-02;5.346402e-02;1.058826e-01;8.221260e-02
5.873145e-02;4.407226e-02;2.052602e-01;4.651322e-02;6.500468e-02;4.675161e-02;1.591082e-01;2.434375e-02;7.424573e-02;6.139818e-02;1.203182e-01;9.425264e-02
8.145465e-02;8.496790e-02;1.939079e-01;4.639303e-02;6.524297e-02;4.455539e-02;6.921188e-02;3.175648e-02;6.620022e-02;9.402899e-02;8.777621e-02;1.345044e-01
1.831853e-01;8.286846e-02;1.641768e-01;4.138209e-02;4.232119e-02;5.121186e-02;1.053942e-01;3.454371e-02;3.861568e-02;6.596775e-02;7.270331e-02;1.176297e-01
1.962640e-01;6.563593e-02;1.003174e-01;5.022737e-02;7.315835e-02;5.811216e-02;1.333141e-01;3.908072e-02;3.583137e-02;5.829440e-02;7.315037e-02;1.166139e-01
1.625076e-01;8.465937e-02;1.751596e-01;5.488622e-02;8.105812e-02;4.808263e-02;1.004406e-01;4.365256e-02;4.055205e-02;7.005199e-02;5.940755e-02;7.954176e-02
1.363249e-01;9.351984e-02;2.519233e-01;6.146840e-02;7.881747e-02;3.547790e-02;6.072349e-02;5.189743e-02;3.865975e-02;7.562667e-02;5.215846e-02;6.340251e-02
1.188050e-01;6.227371e-02;2.241694e-01;1.011208e-01;6.256262e-02;3.834374e-02;1.013334e-01;4.895882e-02;3.873313e-02;8.180266e-02;6.264990e-02;5.924681e-02
8.485857e-02;9.887254e-02;1.797078e-01;8.689346e-02;3.031900e-02;5.673437e-02;1.517262e-01;6.257690e-02;5.281259e-02;8.158863e-02;5.127233e-02;6.263765e-02
7.307289e-02;1.152961e-01;1.804008e-01;8.723643e-02;4.347786e-02;7.022258e-02;1.077076e-01;4.817893e-02;7.230414e-02;6.982494e-02;8.691066e-02;4.536708e-02
7.988054e-02;1.130692e-01;1.180874e-01;7.826802e-02;6.183086e-02;8.329250e-02;9.363255e-02;5.080223e-02;8.488276e-02;7.827362e-02;9.270211e-02;6.527821e-02
9.587630e-02;1.062022e-01;1.197119e-01;6.382383e-02;9.536060e-02;8.171839e-02;8.534992e-02;5.044379e-02;8.987801e-02;6.316610e-02;6.318408e-02;8.528494e-02
1.154606e-01;6.770124e-02;1.321474e-01;5.690094e-02;9.832752e-02;6.858752e-02;1.004315e-01;6.486493e-02;1.009985e-01;6.397665e-02;5.014986e-02;8.045339e-02
9.229568e-02;6.341987e-02;1.503703e-01;9.986039e-02;6.530490e-02;3.091573e-02;9.460990e-02;7.721727e-02;1.180952e-01;7.877921e-02;7.113752e-02;5.799405e-02
6.429487e-02;3.978143e-02;1.523491e-01;1.216991e-01;6.910142e-02;5.882602e-02;1.104541e-01;7.479335e-02;1.089151e-01;7.633177e-02;5.381088e-02;6.964301e-02
4.419637e-02;6.890704e-02;1.393431e-01;1.016600e-01;6.809622e-02;5.897491e-02;1.550709e-01;7.501557e-02;1.036380e-01;7.024176e-02;5.016834e-02;6.468771e-02
7.348848e-02;6.713632e-02;1.671371e-01;6.324638e-02;4.838019e-02;5.052753e-02;1.623104e-01;7.840647e-02;9.517108e-02;8.401828e-02;6.007685e-02;5.010094e-02
8.847644e-02;7.042175e-02;1.663835e-01;4.898071e-02;6.675062e-02;6.226451e-02;1.539297e-01;6.082303e-02;8.551527e-02;6.731847e-02;7.170121e-02;5.743485e-02
5.124098e-02;7.277206e-02;1.015362e-01;6.224144e-02;7.336045e-02;7.649463e-02;1.442353e-01;7.051109e-02;9.526547e-02;1.139151e-01;6.566387e-02;7.276346e-02
6.986570e-02;5.261529e-02;1.213788e-01;9.961729e-02;5.746949e-02;8.268730e-02;1.148289e-01;6.994468e-02;8.136671e-02;1.294162e-01;6.183987e-02;5.896980e-02
6.663139e-02;7.672346e-02;1.832072e-01;1.022399e-01;5.164974e-02;7.511190e-02;9.225357e-02;4.714329e-02;5.771121e-02;1.069104e-01;8.800162e-02;5.241636e-02
8.960579e-02;9.137576e-02;2.077131e-01;8.465049e-02;5.292779e-02;4.844313e-02;1.057004e-01;3.820170e-02;9.137573e-02;7.707223e-02;4.812852e-02;6.480545e-02
7.903187e-02;8.625707e-02;1.506091e-01;9.734781e-02;5.408817e-02;5.278191e-02;1.239222e-01;5.254377e-02;9.623668e-02;1.067711e-01;5.759716e-02;4.281317e-02
7.982131e-02;6.249813e-02;1.658958e-01;8.558932e-02;9.116190e-02;3.364159e-02;1.217442e-01;7.889742e-02;7.792296e-02;9.283583e-02;4.324497e-02;6.674659e-02
5.062556e-02;6.628156e-02;1.822221e-01;7.833749e-02;1.072873e-01;5.788888e-02;1.002411e-01;7.514691e-02;8.299582e-02;6.124989e-02;7.351565e-02;6.420771e-02
4.155447e-02;7.399022e-02;1.491350e-01;8.223534e-02;8.849265e-02;7.863145e-02;1.100547e-01;6.007915e-02;9.227901e-02;9.297686e-02;6.374265e-02;6.682848e-02
5.372525e-02;7.724674e-02;1.150600e-01;7.275147e-02;8.411582e-02;7.582979e-02;1.193451e-01;5.977996e-02;9.354296e-02;1.149348e-01;6.576581e-02;6.790234e-02
7.883593e-02;6.609755e-02;1.530336e-01;6.086680e-02;7.687057e-02;9.728727e-02;8.446674e-02;5.049594e-02;9.575719e-02;1.057133e-01;6.220415e-02;6.837101e-02
