4.220009e-02;3.349046e-02;7.505279e-02;7.173476e-02;1.133692e-01;1.058914e-01;1.027626e-01;7.832251e-02;1.012954e-01;1.021270e-01;1.132945e-01;6.045925e-02
3.436098e-02;8.414463e-02;6.598940e-02;4.859357e-02;9.982584e-02;8.721255e-02;1.414758e-01;7.805794e-02;1.177992e-01;7.895923e-02;1.148657e-01;4.871523e-02
4.846217e-02;1.723392e-01;4.766725e-02;4.539077e-02;6.345735e-02;6.632967e-02;1.738372e-01;5.956443e-02;1.405803e-01;4.124621e-02;1.176737e-01;2.345165e-02
6.245765e-02;2.262488e-01;6.472829e-02;3.479932e-02;6.826445e-02;3.648558e-02;1.575204e-01;4.579733e-02;1.328421e-01;2.918155e-02;1.292778e-01;1.239661e-02
5.537327e-02;2.055277e-01;7.564564e-02;3.599000e-02;1.089045e-01;2.645774e-02;1.092042e-01;5.324184e-02;9.250715e-02;4.742918e-02;1.552581e-01;3.446060e-02
4.375098e-02;1.683960e-01;5.635335e-02;5.119520e-02;1.295399e-01;2.114316e-02;1.600071e-01;6.505985e-02;4.918011e-02;3.480932e-02;1.883038e-01;3.226135e-02
3.375487e-02;1.586262e-01;2.555313e-02;2.399460e-02;1.297979e-01;3.443789e-02;2.076968e-01;5.540033e-02;8.468032e-02;6.394418e-02;1.684503e-01;1.366344e-02
2.613359e-02;1.373588e-01;2.670532e-02;2.524388e-02;1.184966e-01;6.963193e-02;2.146548e-01;4.922325e-02;7.943556e-02;1.008591e-01;1.410773e-01;1.117984e-02
3.901479e-02;8.455569e-02;4.090603e-02;2.889318e-02;8.722804e-02;1.081514e-01;1.960511e-01;7.247977e-02;7.174365e-02;9.795610e-02;1.588322e-01;1.418802e-02
5.034998e-02;1.342459e-01;4.291105e-02;3.483514e-02;3.973722e-02;1.072290e-01;1.118486e-01;6.461320e-02;5.120065e-02;7.203059e-02;2.621455e-01;2.885318e-02
3.295311e-02;1.715504e-01;4.551898e-02;3.202789e-02;2.898089e-02;6.060054e-02;9.294182e-02;5.815438e-02;4.094730e-02;4.477906e-02;3.495523e-01;4.199336e-02
4.339802e-02;9.972537e-02;3.201388e-02;2.985786e-02;6.637615e-02;1.545031e-02;1.609764e-01;6.683600e-02;3.059455e-02;5.553585e-02;3.694707e-01;2.976491e-02
4.699776e-02;9.765293e-02;5.217453e-02;3.252639e-02;1.098230e-01;2.656485e-02;1.274678e-01;3.879969e-02;4.428858e-02;6.202015e-02;3.418245e-01;1.985977e-02
4.411554e-02;1.131781e-01;3.531724e-02;1.762426e-02;1.376155e-01;3.553308e-02;1.000126e-01;4.239320e-02;5.211915e-02;5.001463e-02;3.601535e-01;1.192311e-02
4.750574e-02;7.403196e-02;3.368032e-02;2.609918e-02;1.310494e-01;2.761266e-02;1.546136e-01;4.817566e-02;3.839110e-02;1.901498e-02;3.746817e-01;2.514364e-02
2.854168e-02;1.038462e-01;2.115510e-02;1.668635e-02;1.057994e-01;1.986352e-02;1.829216e-01;5.734584e-02;6.154576e-02;4.382375e-02;3.480079e-01;1.046271e-02
3.494962e-02;1.586151e-01;2.997826e-02;1.282672e-02;8.515461e-02;2.074772e-02;1.638317e-01;6.981906e-02;5.319196e-02;6.085562e-02;2.912188e-01;1.881089e-02
4.883391e-02;1.833108e-01;6.120000e-02;1.752078e-02;1.147075e-01;3.453975e-02;2.076335e-01;6.764255e-02;4.423474e-02;2.922717e-02;1.759509e-01;1.519850e-02
6.198798e-02;1.425757e-01;9.051616e-02;3.490032e-02;1.111704e-01;6.907599e-02;2.228004e-01;6.259911e-02;3.728370e-02;2.230214e-02;8.646392e-02;5.832416e-02
8.439554e-02;9.336995e-02;7.828717e-02;8.372893e-02;5.499552e-02;1.111386e-01;1.254793e-01;9.348445e-02;2.647155e-02;3.470448e-02;1.088191e-01;1.051254e-01
7.902540e-02;8.003291e-02;6.036672e-02;1.206414e-01;5.459575e-02;1.211507e-01;6.769177e-02;1.259385e-01;2.843211e-02;3.947272e-02;1.003146e-01;1.223374e-01
4.623470e-02;8.280022e-02;8.455334e-02;9.793468e-02;7.838435e-02;1.128582e-01;1.191146e-01;1.425101e-01;4.304344e-02;3.945852e-02;5.260623e-02;1.005016e-01
5.219570e-02;4.873207e-02;6.769777e-02;7.807179e-02;5.083225e-02;1.291696e-01;1.804500e-01;1.177180e-01;4.537207e-02;2.567470e-02;1.303978e-01;7.368820e-02
5.093873e-02;2.655814e-02;5.627948e-02;5.481200e-02;2.981037e-02;1.688806e-01;1.823614e-01;7.491846e-02;3.135350e-02;1.967771e-02;2.549934e-01;4.941627e-02
3.490118e-02;3.357799e-02;7.541108e-02;2.986365e-02;2.029532e-02;2.001302e-01;1.237792e-01;3.334542e-02;2.580735e-02;2.171412e-02;3.564757e-01;4.469883e-02
2.174695e-02;4.727542e-02;1.308842e-01;2.903405e-02;1.445328e-02;2.221883e-01;5.692201e-02;2.934092e-02;2.001768e-02;2.215478e-02;3.785638e-01;2.741868e-02
1.282544e-02;4.191463e-02;1.747486e-01;2.645792e-02;1.426096e-02;2.282273e-01;2.077463e-02;2.592182e-02;2.702194e-02;2.570506e-02;3.960063e-01;6.135286e-03
1.368070e-02;3.033306e-02;1.849911e-01;1.839973e-02;1.097737e-02;1.931586e-01;2.109746e-02;1.510866e-02;6.537591e-02;2.145248e-02;4.073829e-01;1.804202e-02
1.949060e-02;1.858583e-02;1.624467e-01;8.886542e-03;2.642711e-02;1.496391e-01;3.877353e-02;1.631285e-02;1.345096e-01;1.631431e-02;3.816923e-01;2.692152e-02
1.615744e-02;1.464667e-02;1.049039e-01;2.034746e-02;4.672495e-02;1.274791e-01;9.644857e-02;1.901652e-02;1.674143e-01;1.854504e-02;2.988866e-01;6.942946e-02
9.013805e-03;2.282832e-02;5.136112e-02;4.386938e-02;4.100056e-02;1.622066e-01;2.017628e-01;1.958072e-02;1.104501e-01;2.098291e-02;2.077349e-01;1.092087e-01
8.174954e-03;2.357264e-02;3.250565e-02;6.538790e-02;2.021450e-02;1.956381e-01;3.041963e-01;3.175781e-02;4.029907e-02;3.055208e-02;1.207468e-01;1.269541e-01
1.359812e-02;2.345221e-02;1.220636e-02;6.543216e-02;1.794109e-02;2.206740e-01;3.354338e-01;5.012455e-02;2.516534e-02;4.353766e-02;8.790761e-02;1.045272e-01
1.636200e-02;1.867820e-02;1.846972e-02;4.682836e-02;1.697861e-02;2.419368e-01;3.077662e-01;4.104413e-02;6.077332e-02;3.933876e-02;1.199557e-01;7.186829e-02
2.898422e-02;1.408281e-02;3.193546e-02;1.358181e-02;2.166040e-02;2.281857e-01;2.400777e-01;3.269522e-02;1.011746e-01;3.051344e-02;2.125756e-01;4.453285e-02
3.283298e-02;1.305879e-02;6.040994e-02;1.189732e-02;4.293945e-02;1.567832e-01;1.756676e-01;4.087818e-02;6.609233e-02;2.569223e-02;3.557415e-01;1.800646e-02
2.655485e-02;1.221851e-02;1.093098e-01;3.620880e-02;3.140749e-02;1.282351e-01;1.027901e-01;3.525943e-02;5.094725e-02;2.478305e-02;4.233870e-01;1.889857e-02
3.049473e-02;2.789222e-02;7.242063e-02;5.755751e-02;2.035242e-02;1.315863e-01;6.094904e-02;4.260691e-02;5.244671e-02;4.416497e-02;4.297930e-01;2.973564e-02
1.972294e-02;2.832163e-02;4.124320e-02;5.903061e-02;2.013011e-02;1.946069e-01;8.491933e-02;4.767745e-02;4.009186e-02;4.551788e-02;3.794701e-01;3.926806e-02
1.713241e-02;1.909192e-02;8.167373e-02;3.824964e-02;1.590644e-02;2.352824e-01;1.530316e-01;5.890216e-02;3.975239e-02;3.555158e-02;2.497129e-01;5.571291e-02
6.792869e-03;2.792387e-02;1.111156e-01;1.647665e-02;2.212406e-02;1.867886e-01;1.253101e-01;5.243692e-02;7.451573e-02;4.371493e-02;3.092798e-01;2.352087e-02
1.137666e-02;3.999920e-02;6.630086e-02;2.670084e-02;1.525704e-02;1.498627e-01;8.033042e-02;4.569336e-02;1.318642e-01;5.224566e-02;3.566081e-01;2.376100e-02
4.363562e-02;2.852339e-02;5.931640e-02;8.085379e-02;5.558340e-02;6.838615e-02;1.214200e-01;4.122678e-02;1.760930e-01;3.283845e-02;2.635137e-01;2.860931e-02
7.213881e-02;3.221955e-02;6.855820e-02;1.056383e-01;1.390872e-01;1.050967e-01;1.117751e-01;3.912754e-02;1.506964e-01;4.480383e-02;1.094109e-01;2.144745e-02
9.557407e-02;3.971510e-02;8.557757e-02;1.479521e-01;2.131619e-01;1.043017e-01;8.616836e-02;3.290066e-02;9.555942e-02;5.228002e-02;3.580219e-02;1.100692e-02
9.766174e-02;2.243775e-02;9.439249e-02;1.965430e-01;2.250733e-01;6.315926e-02;9.169202e-02;3.047472e-02;1.025759e-01;3.790094e-02;3.079225e-02;7.296582e-03
1.093276e-01;1.968452e-02;9.940011e-02;2.277227e-01;2.119899e-01;1.990756e-02;1.009888e-01;2.912564e-02;1.143235e-01;3.116779e-02;2.351390e-02;1.284800e-02
1.129964e-01;1.439876e-02;9.722000e-02;2.049723e-01;1.774942e-01;5.721940e-02;1.033602e-01;4.398608e-02;1.119566e-01;3.632637e-02;2.691510e-02;1.315450e-02
8.965586e-02;5.155646e-02;1.053337e-01;1.383144e-01;1.420512e-01;5.668289e-02;1.243621e-01;6.647189e-02;1.054056e-01;4.380216e-02;6.530784e-02;1.105590e-02
2.894210e-02;8.320710e-02;9.525736e-02;3.921741e-02;9.962557e-02;5.961132e-02;1.778173e-01;7.015806e-02;8.112083e-02;4.165165e-02;1.583232e-01;6.506812e-02
1.469838e-02;5.362662e-02;3.998992e-02;6.000145e-02;3.632645e-02;1.300949e-01;2.182777e-01;4.981713e-02;6.785694e-02;1.492353e-02;2.469623e-01;6.742464e-02
5.647948e-03;3.100282e-02;3.242319e-02;8.822459e-02;7.773716e-02;8.429946e-02;2.168702e-01;2.864597e-02;9.411588e-02;1.749059e-02;2.885292e-01;3.501292e-02
1.745022e-02;1.853988e-02;3.082270e-02;1.069943e-01;1.076433e-01;1.021993e-01;2.149271e-01;3.247221e-02;8.091614e-02;3.829223e-02;2.239057e-01;2.583689e-02
3.323630e-02;1.284662e-02;5.355746e-02;1.222811e-01;1.146364e-01;1.481809e-01;2.310366e-01;5.143921e-02;7.130709e-02;3.831628e-02;8.838268e-02;3.477939e-02
3.479935e-02;2.041383e-02;5.318549e-02;9.973504e-02;9.567938e-02;1.570408e-01;1.623659e-01;4.691898e-02;7.253138e-02;4.773017e-02;1.914949e-01;1.810483e-02
3.404689e-02;1.997623e-02;5.237754e-02;7.278424e-02;6.301381e-02;1.038444e-01;1.163798e-01;4.458831e-02;8.730115e-02;2.887862e-02;3.364531e-01;4.035581e-02
2.485403e-02;7.659631e-03;4.977806e-02;8.373020e-02;8.120558e-02;7.674766e-02;1.204939e-01;4.257593e-02;1.082516e-01;5.459250e-02;2.797583e-01;7.035272e-02
1.804889e-02;1.038783e-02;6.172976e-02;9.689157e-02;9.132561e-02;5.352714e-02;1.084018e-01;3.837834e-02;8.460294e-02;2.658029e-02;3.116371e-01;9.848869e-02
2.350652e-02;2.728430e-02;7.453328e-02;1.111931e-01;7.201768e-02;6.460264e-02;8.166117e-02;4.029782e-02;5.208753e-02;4.818975e-02;3.117654e-01;9.286071e-02
4.025698e-02;8.172368e-02;1.150729e-01;1.043627e-01;6.818822e-02;1.763500e-01;9.042864e-02;5.990500e-02;1.010707e-01;5.356696e-02;6.539128e-02;4.368293e-02
5.122002e-02;7.753652e-02;1.006586e-01;4.426562e-02;4.410362e-02;1.689014e-01;6.099788e-02;5.342273e-02;5.086518e-02;3.572827e-02;2.639390e-01;4.836109e-02
6.873763e-02;1.166520e-01;1.295996e-01;4.767578e-02;8.163826e-02;9.711825e-02;7.280605e-02;4.440740e-02;4.276216e-02;4.827756e-02;2.216198e-01;2.870546e-02
4.982647e-02;2.002664e-01;1.028215e-01;3.134434e-02;1.137183e-01;1.230883e-01;4.504374e-02;3.600731e-02;2.776897e-02;6.390998e-02;1.542492e-01;5.195551e-02
1.776193e-02;2.182323e-01;1.134567e-01;2.364448e-02;1.278942e-01;1.908272e-01;3.365092e-02;2.168095e-02;2.134397e-02;6.266624e-02;1.399425e-01;2.889854e-02
7.320209e-03;1.336583e-01;2.274209e-01;1.634414e-02;7.991926e-02;2.715796e-01;4.700230e-02;1.392117e-02;1.195569e-02;3.218005e-02;1.454630e-01;1.323535e-02
5.313640e-03;4.795306e-02;3.025644e-01;9.984878e-03;3.442935e-02;3.406369e-01;8.021857e-02;6.378895e-03;8.680529e-03;1.918204e-02;1.392137e-01;5.443972e-03
4.362459e-03;1.364790e-02;2.951244e-01;1.064186e-02;1.596550e-02;3.597462e-01;1.350638e-01;1.500607e-02;1.489173e-02;1.532958e-02;1.128471e-01;7.373443e-03
4.264107e-03;9.626066e-03;2.155208e-01;2.434381e-02;2.491682e-02;3.319400e-01;2.486889e-01;1.852765e-02;2.436994e-02;1.861390e-02;6.856816e-02;1.061995e-02
5.573914e-03;1.014914e-02;1.100791e-01;4.491609e-02;3.947676e-02;2.764105e-01;4.049848e-01;1.715243e-02;2.492370e-02;1.852173e-02;3.089885e-02;1.691306e-02
3.949369e-03;1.211815e-02;3.843096e-02;5.784207e-02;3.914441e-02;2.003382e-01;5.214381e-01;2.189834e-02;1.770708e-02;3.984661e-02;1.217305e-02;3.511366e-02
3.819086e-03;2.323843e-02;2.582407e-02;9.152745e-02;1.762203e-02;1.131182e-01;5.320036e-01;2.392276e-02;1.076940e-02;8.884379e-02;1.074359e-02;5.856752e-02
3.430459e-03;2.950555e-02;1.290016e-02;1.341857e-01;9.232272e-03;6.981841e-02;4.634147e-01;3.551195e-02;6.933562e-03;1.295953e-01;1.960699e-02;8.586492e-02
5.486524e-03;3.779439e-02;1.569536e-02;1.449130e-01;1.301330e-02;5.080501e-02;3.998727e-01;4.331503e-02;9.620739e-03;1.216223e-01;2.922838e-02;1.286332e-01
8.476429e-03;4.252908e-02;4.105024e-02;1.129225e-01;2.997317e-02;9.191342e-02;3.315966e-01;3.845531e-02;2.124423e-02;8.138272e-02;3.901258e-02;1.614436e-01
1.173513e-02;3.965433e-02;7.291037e-02;7.751162e-02;4.793593e-02;1.505076e-01;2.591817e-01;4.665453e-02;3.352628e-02;6.528126e-02;4.533257e-02;1.497687e-01
1.900112e-02;2.455140e-02;1.074774e-01;7.911832e-02;3.036287e-02;1.547709e-01;2.334629e-01;4.979998e-02;3.955890e-02;8.225225e-02;8.585408e-02;9.379002e-02
2.239269e-02;3.057843e-02;7.541943e-02;9.174047e-02;1.971131e-02;1.547328e-01;2.716819e-01;3.271407e-02;2.583417e-02;8.910016e-02;1.025889e-01;8.350570e-02
1.119945e-02;2.372091e-02;4.272478e-02;9.265931e-02;1.836247e-02;2.097282e-01;3.310634e-01;3.016795e-02;1.818715e-02;8.282600e-02;6.286422e-02;7.649618e-02
8.949099e-03;2.863227e-02;6.286389e-02;8.777907e-02;2.059896e-02;2.572989e-01;3.107711e-01;2.263201e-02;2.141741e-02;6.154286e-02;3.528675e-02;8.222763e-02
1.460677e-02;2.920723e-02;5.897094e-02;6.670172e-02;2.676034e-02;2.434497e-01;3.050043e-01;3.773683e-02;1.668287e-02;5.293438e-02;7.260487e-02;7.534011e-02
1.354616e-02;2.204208e-02;3.095538e-02;5.134447e-02;2.040816e-02;2.159189e-01;3.982965e-01;3.713668e-02;2.000325e-02;5.632187e-02;6.936432e-02;6.466228e-02
7.138769e-03;2.301197e-02;4.940626e-02;3.565771e-02;2.371613e-02;1.609866e-01;4.493018e-01;4.115389e-02;3.974174e-02;6.182390e-02;5.505916e-02;5.300204e-02
8.831359e-03;1.831968e-02;9.247963e-02;2.955428e-02;1.853337e-02;6.075117e-02;4.375916e-01;9.459399e-02;9.258016e-02;7.150283e-02;3.199789e-02;4.326401e-02
1.044438e-02;1.821754e-02;1.264754e-01;2.241406e-02;1.894310e-02;9.474215e-02;3.658584e-01;1.475636e-01;1.047982e-01;5.539229e-02;1.863508e-02;1.651586e-02
9.455211e-03;2.042836e-02;1.479386e-01;1.635722e-02;2.006343e-02;1.220564e-01;3.662804e-01;1.358976e-01;8.075432e-02;4.305670e-02;2.213912e-02;1.557253e-02
7.331754e-03;1.811189e-02;1.296828e-01;1.800809e-02;2.242814e-02;1.776112e-01;3.759674e-01;9.046245e-02;8.090243e-02;4.164883e-02;2.043588e-02;1.740908e-02
8.330924e-03;1.631704e-02;8.172185e-02;2.489735e-02;1.616517e-02;1.469952e-01;4.153274e-01;1.229701e-01;9.378887e-02;4.367241e-02;1.363128e-02;1.618241e-02
4.293250e-03;1.953190e-02;3.445425e-02;2.225516e-02;1.365154e-02;1.192831e-01;4.467413e-01;1.861219e-01;1.068093e-01;2.621901e-02;8.093428e-03;1.254597e-02
6.235856e-03;2.443368e-02;2.936638e-02;1.614182e-02;1.422900e-02;1.167055e-01;3.961951e-01;2.358579e-01;1.178238e-01;2.925600e-02;5.214000e-03;8.540958e-03
9.732071e-03;3.858967e-02;4.718905e-02;2.808761e-02;1.449237e-02;1.320169e-01;3.448288e-01;2.246540e-01;1.057867e-01;3.260209e-02;1.142805e-02;1.059267e-02
9.137537e-03;3.620313e-02;3.961081e-02;3.494875e-02;1.247974e-02;1.442302e-01;3.252062e-01;1.764796e-01;1.404101e-01;4.083651e-02;2.198651e-02;1.847098e-02
7.204156e-03;2.040472e-02;1.877921e-02;3.407905e-02;1.157942e-02;1.323894e-01;3.564597e-01;1.475839e-01;1.831847e-01;4.355787e-02;2.603315e-02;1.874479e-02
6.202453e-03;1.663167e-02;2.696288e-02;2.037038e-02;1.245267e-02;1.412356e-01;3.859541e-01;1.708665e-01;1.536997e-01;3.167803e-02;1.750731e-02;1.643864e-02
5.433291e-03;1.896214e-02;3.435683e-02;2.909816e-02;1.173605e-02;1.617616e-01;4.273581e-01;1.301492e-01;1.020361e-01;2.701520e-02;2.813376e-02;2.395959e-02
3.865747e-03;1.611453e-02;4.133110e-02;3.544459e-02;1.330345e-02;1.710889e-01;4.559603e-01;1.067916e-01;5.786607e-02;2.900116e-02;4.216567e-02;2.706689e-02
5.350641e-03;2.489167e-02;5.196353e-02;5.277650e-02;2.332166e-02;8.490193e-02;4.589741e-01;1.231140e-01;5.796431e-02;3.437237e-02;6.218684e-02;2.018243e-02
6.090689e-03;2.924371e-02;5.385148e-02;6.204990e-02;1.207906e-02;1.098757e-01;4.047909e-01;1.192424e-01;7.283799e-02;3.223194e-02;7.241086e-02;2.529526e-02
7.510182e-03;2.572761e-02;6.000624e-02;6.726768e-02;2.083736e-02;1.378917e-01;4.019358e-01;8.873956e-02;6.411215e-02;2.446271e-02;6.568660e-02;3.582244e-02
1.232493e-02;4.152993e-02;8.372097e-02;5.861725e-02;3.479335e-02;1.532333e-01;3.637998e-01;6.603840e-02;6.882151e-02;3.221241e-02;4.459110e-02;4.031705e-02
1.584880e-02;4.233352e-02;6.893591e-02;3.377169e-02;4.069322e-02;2.107619e-01;3.299343e-01;9.202945e-02;8.005285e-02;4.454336e-02;2.416084e-02;1.693418e-02
2.712396e-02;3.883952e-02;3.485297e-02;2.152372e-02;4.479338e-02;1.967705e-01;3.438114e-01;1.083587e-01;9.984477e-02;4.731796e-02;2.143714e-02;1.532601e-02
3.391273e-02;4.267880e-02;5.642549e-02;3.527905e-02;6.704773e-02;1.328067e-01;2.924229e-01;1.371330e-01;1.277159e-01;3.264103e-02;2.309683e-02;1.883983e-02
3.743875e-02;7.343531e-02;1.055766e-01;4.875246e-02;1.050495e-01;1.114589e-01;2.315631e-01;1.153826e-01;9.206536e-02;1.926980e-02;2.237499e-02;3.763276e-02
3.234381e-02;1.159049e-01;9.919625e-02;7.574094e-02;1.093127e-01;9.728955e-02;2.481741e-01;6.614936e-02;4.228342e-02;2.196378e-02;2.694592e-02;6.469527e-02
3.256543e-02;9.996519e-02;5.029708e-02;9.798372e-02;7.234950e-02;8.467779e-02;3.414498e-01;7.514234e-02;3.798626e-02;2.486772e-02;7.458429e-03;7.525676e-02
1.840681e-02;8.241835e-02;4.555853e-02;6.534544e-02;3.312273e-02;6.860521e-02;4.601097e-01;6.461814e-02;3.235545e-02;2.877716e-02;1.609027e-02;8.459215e-02
1.110266e-02;1.267442e-01;3.230255e-02;7.577558e-02;3.344871e-02;4.117706e-02;4.316109e-01;1.005400e-01;1.651622e-02;3.488455e-02;1.303485e-02;8.286280e-02
1.474641e-02;1.283411e-01;1.783519e-02;1.012316e-01;2.931524e-02;4.746873e-02;3.717899e-01;1.536508e-01;1.069669e-02;4.774588e-02;6.361427e-03;7.081697e-02
2.911440e-02;8.981244e-02;1.336226e-02;9.068603e-02;2.901816e-02;6.099380e-02;3.100914e-01;2.592687e-01;1.232554e-02;5.558253e-02;3.729913e-03;4.601490e-02
8.338130e-02;4.859404e-02;3.503956e-02;4.488695e-02;4.509468e-02;6.028884e-02;2.463028e-01;3.500872e-01;2.138740e-02;3.912016e-02;7.520796e-03;1.829630e-02
1.274805e-01;3.457941e-02;7.084520e-02;2.334856e-02;6.807271e-02;3.420201e-02;2.182925e-01;3.443703e-01;2.621929e-02;1.809686e-02;1.380009e-02;2.069264e-02
1.135964e-01;4.151193e-02;8.786361e-02;3.870657e-02;6.645126e-02;4.968551e-02;2.071544e-01;2.780802e-01;2.551632e-02;3.202101e-02;2.482749e-02;3.458527e-02
6.331690e-02;5.984294e-02;9.636068e-02;5.662087e-02;6.069988e-02;5.705984e-02;2.262730e-01;2.350459e-01;3.508116e-02;5.502183e-02;2.603514e-02;2.864185e-02
5.374309e-02;1.537866e-01;1.180562e-01;4.930619e-02;5.244567e-02;3.792708e-02;2.018720e-01;1.813098e-01;3.389256e-02;4.241735e-02;3.453193e-02;4.071157e-02
7.482687e-02;1.676397e-01;1.138907e-01;4.312344e-02;4.586421e-02;5.114795e-02;1.916692e-01;1.565192e-01;3.396299e-02;3.367158e-02;3.684909e-02;5.083508e-02
8.965629e-02;1.234446e-01;9.131554e-02;4.921326e-02;3.195283e-02;8.062404e-02;2.229479e-01;1.446633e-01;3.465100e-02;3.761818e-02;3.251399e-02;6.139902e-02
1.036289e-01;6.275871e-02;5.610530e-02;3.238040e-02;3.360113e-02;1.250169e-01;2.919222e-01;1.411096e-01;3.226349e-02;3.690290e-02;1.735724e-02;6.695319e-02
7.102413e-02;5.725655e-02;3.456100e-02;2.371988e-02;1.895534e-02;1.246611e-01;3.741492e-01;2.127413e-01;2.327578e-02;1.712764e-02;9.486426e-03;3.304167e-02
4.995605e-02;5.675190e-02;3.987227e-02;3.913232e-02;2.543654e-02;9.999444e-02;3.790406e-01;2.515776e-01;1.631656e-02;1.466675e-02;4.923737e-03;2.233124e-02
7.099695e-02;7.590242e-02;5.829732e-02;4.981744e-02;3.023118e-02;5.945963e-02;2.706223e-01;2.968628e-01;1.948016e-02;2.438213e-02;1.094030e-02;3.300736e-02
1.060587e-01;1.249103e-01;1.060619e-01;8.567209e-02;6.889392e-02;6.243106e-02;1.497174e-01;1.671537e-01;2.707830e-02;2.310548e-02;1.417712e-02;6.474005e-02
1.115474e-01;1.104060e-01;1.222286e-01;7.724250e-02;7.450638e-02;6.137124e-02;2.329021e-01;1.050891e-01;1.139489e-02;1.218760e-02;2.224476e-02;5.887946e-02
7.907322e-02;6.580571e-02;1.139905e-01;6.385084e-02;6.794691e-02;5.493024e-02;3.065014e-01;1.690039e-01;8.779252e-03;1.150316e-02;1.246317e-02;4.615176e-02
4.489094e-02;4.422511e-02;1.228841e-01;7.619601e-02;4.661702e-02;4.911274e-02;2.974270e-01;2.453562e-01;1.292868e-02;1.899300e-02;1.602971e-02;2.533953e-02
1.173067e-01;1.162934e-01;1.199591e-01;5.644596e-02;3.070262e-02;3.449057e-02;1.391959e-01;2.320032e-01;3.381352e-02;3.566991e-02;2.450399e-02;5.961509e-02
1.649181e-01;1.278616e-01;9.333483e-02;4.136486e-02;2.052273e-02;2.312246e-02;1.108743e-01;1.844427e-01;2.997513e-02;3.380752e-02;1.349920e-02;1.562765e-01
1.297265e-01;7.064747e-02;3.699529e-02;5.413553e-02;1.175110e-02;2.281529e-02;2.062973e-01;1.330311e-01;1.041718e-02;2.251980e-02;4.414710e-02;2.575164e-01
5.114528e-02;2.342745e-02;2.066512e-02;5.353414e-02;8.563062e-03;7.756444e-02;2.996852e-01;6.739167e-02;1.709604e-02;1.117301e-02;1.116599e-01;2.580947e-01
1.951097e-02;1.820138e-02;3.384743e-02;3.706067e-02;1.114374e-02;1.975238e-01;3.326184e-01;4.026869e-02;2.246984e-02;1.350619e-02;1.232724e-01;1.505765e-01
1.241042e-02;1.440951e-02;5.677643e-02;1.928223e-02;2.018877e-02;3.144162e-01;3.221393e-01;6.466415e-02;2.825838e-02;2.103307e-02;7.087772e-02;5.554383e-02
2.212356e-02;1.470913e-02;8.229820e-02;1.022913e-02;2.598989e-02;3.355304e-01;2.086565e-01;7.532012e-02;5.054191e-02;2.020640e-02;1.263636e-01;2.803108e-02
2.791647e-02;3.567908e-02;8.028982e-02;3.128156e-02;2.323736e-02;2.899368e-01;6.807519e-02;1.003551e-01;7.037804e-02;4.814588e-02;1.799488e-01;4.475585e-02
2.222065e-02;8.773863e-02;5.699662e-02;5.025188e-02;4.031174e-02;2.019637e-01;7.353434e-02;1.300678e-01;7.888206e-02;1.035025e-01;1.241075e-01;3.042263e-02
1.154961e-02;1.077546e-01;5.704091e-02;4.427042e-02;9.946896e-02;9.525993e-02;9.097593e-02;1.430374e-01;7.849289e-02;1.531605e-01;6.206107e-02;5.692781e-02
2.201223e-02;7.479049e-02;5.026458e-02;5.012757e-02;9.972495e-02;4.358589e-02;1.503881e-01;1.406754e-01;1.150929e-01;1.260523e-01;5.785666e-02;6.942893e-02
4.314497e-02;4.128134e-02;4.451831e-02;4.735474e-02;6.729954e-02;2.720710e-02;2.125287e-01;1.986331e-01;1.437235e-01;8.517345e-02;2.514156e-02;6.399366e-02
2.466279e-02;3.291162e-02;3.552660e-02;4.229106e-02;4.440435e-02;3.483421e-02;2.424371e-01;2.774545e-01;1.180720e-01;5.267619e-02;5.734551e-02;3.738407e-02
3.797207e-02;4.551613e-02;3.595257e-02;3.445468e-02;2.451970e-02;7.123145e-02;1.731162e-01;3.583663e-01;8.027907e-02;2.306883e-02;7.336387e-02;4.215911e-02
4.281299e-02;4.176312e-02;5.447268e-02;3.393202e-02;2.710044e-02;1.823950e-01;6.388253e-02;3.898183e-01;4.709144e-02;1.827746e-02;5.270469e-02;4.574930e-02
4.060916e-02;5.388198e-02;6.128450e-02;2.596390e-02;4.622450e-02;2.042580e-01;1.001471e-01;3.113595e-01;5.319553e-02;2.045084e-02;2.711276e-02;5.551220e-02
4.504203e-02;5.177533e-02;6.984705e-02;2.550975e-02;4.034261e-02;2.208872e-01;1.114719e-01;2.562558e-01;6.593790e-02;2.033425e-02;4.357312e-02;4.902308e-02
4.057494e-02;7.885609e-02;8.015539e-02;3.652298e-02;2.347432e-02;2.545952e-01;6.130007e-02;1.955488e-01;6.108506e-02;3.823967e-02;9.227389e-02;3.737357e-02
3.294060e-02;5.399606e-02;6.622409e-02;3.368356e-02;2.630674e-02;1.800772e-01;2.628070e-01;1.709757e-01;3.150643e-02;4.474634e-02;6.348997e-02;3.324643e-02
4.088430e-02;4.417589e-02;6.319506e-02;3.636380e-02;4.037165e-02;1.231526e-01;3.594923e-01;1.465887e-01;4.898167e-02;4.373564e-02;2.841559e-02;2.464274e-02
4.633366e-02;4.990474e-02;7.048277e-02;5.135078e-02;4.097703e-02;2.202194e-01;3.415002e-01;6.987268e-02;4.373893e-02;1.611129e-02;1.440737e-02;3.510116e-02
5.095245e-02;8.390925e-02;7.900185e-02;9.919471e-02;9.594834e-02;2.014463e-01;1.569379e-01;7.255891e-02;5.129993e-02;4.175279e-02;3.382982e-02;3.316771e-02
4.693757e-02;8.416518e-02;1.257344e-01;1.570249e-01;1.766381e-01;1.524276e-01;4.965127e-02;7.704579e-02;3.922594e-02;3.166240e-02;2.987233e-02;2.961458e-02
2.808525e-02;1.128832e-01;1.387586e-01;1.178008e-01;1.994410e-01;1.260520e-01;1.040525e-01;8.315015e-02;3.026499e-02;1.159019e-02;3.096652e-02;1.695482e-02
2.970869e-02;1.131975e-01;1.212444e-01;1.259616e-01;1.655671e-01;1.628027e-01;1.384593e-01;6.913683e-02;1.551407e-02;1.979700e-02;3.059789e-02;8.012976e-03
5.539496e-02;6.692137e-02;8.003687e-02;1.582979e-01;8.808679e-02;2.926126e-01;1.288542e-01;5.548370e-02;1.333066e-02;3.530006e-02;1.929614e-02;6.384762e-03
6.013327e-02;2.245478e-02;9.983753e-02;1.164040e-01;9.512326e-02;3.922989e-01;8.272789e-02;4.384561e-02;2.093216e-02;3.522054e-02;8.863752e-03;2.215837e-02
3.526310e-02;2.339841e-02;2.036862e-01;4.405575e-02;1.651157e-01;3.261251e-01;6.481572e-02;3.011080e-02;3.235735e-02;2.176894e-02;1.211908e-02;4.118386e-02
2.796903e-02;7.552568e-02;2.274597e-01;6.065452e-02;2.274513e-01;1.770311e-01;5.512019e-02;2.236026e-02;4.213269e-02;8.510028e-03;1.034682e-02;6.543861e-02
1.651677e-02;1.763297e-01;1.678686e-01;8.050039e-02;2.329531e-01;9.973954e-02;5.225703e-02;2.564104e-02;3.726116e-02;7.546606e-03;2.227651e-02;8.110963e-02
3.134454e-02;2.509767e-01;1.041671e-01;1.074509e-01;1.872580e-01;9.625012e-02;4.468039e-02;4.189898e-02;1.882631e-02;9.184291e-03;5.268682e-02;5.527576e-02
5.141997e-02;2.338311e-01;4.952425e-02;1.419125e-01;1.654642e-01;8.210261e-02;3.377527e-02;8.118639e-02;3.183668e-02;1.693253e-02;9.373382e-02;1.828072e-02
3.155993e-02;1.304036e-01;4.272100e-02;1.813794e-01;1.580258e-01;5.663834e-02;1.469707e-02;1.352326e-01;3.774243e-02;4.167414e-02;1.200360e-01;4.988965e-02
1.088881e-02;4.303419e-02;8.732500e-02;1.792483e-01;1.560349e-01;8.368919e-02;5.919871e-02;2.025491e-01;2.409338e-02;3.936976e-02;6.450887e-02;5.005969e-02
1.851308e-02;3.916877e-02;1.244265e-01;1.550707e-01;7.382705e-02;1.740322e-01;7.518328e-02;2.282046e-01;2.855740e-02;2.127262e-02;5.232235e-02;9.421426e-03
1.241815e-02;4.497907e-02;1.059890e-01;1.300009e-01;1.282911e-01;2.260145e-01;6.167362e-02;1.438305e-01;1.729741e-02;1.749893e-02;7.699228e-02;3.501448e-02
1.681157e-02;6.388693e-02;1.111071e-01;1.637652e-01;1.158273e-01;2.512025e-01;4.310093e-02;9.780250e-02;1.556335e-02;7.953231e-03;7.660092e-02;3.637840e-02
2.691731e-02;9.129106e-02;1.191359e-01;1.587547e-01;1.307301e-01;1.977734e-01;8.776699e-02;5.353598e-02;2.584509e-02;3.015450e-02;4.470548e-02;3.338962e-02
2.490581e-02;9.740818e-02;1.405588e-01;9.711260e-02;1.778149e-01;1.829538e-01;9.101222e-02;2.992538e-02;2.785817e-02;4.843707e-02;4.448481e-02;3.752825e-02
2.220122e-02;9.241448e-02;8.905543e-02;9.390585e-02;1.631953e-01;2.434627e-01;9.830417e-02;5.384724e-02;3.676878e-02;4.061762e-02;3.652466e-02;2.970257e-02
