7.146811e-02;8.249301e-02;1.294050e-01;6.424067e-02;1.394497e-01;1.188385e-01;7.376193e-02;4.086612e-02;8.633449e-02;8.753272e-02;5.205595e-02;5.355383e-02
6.837596e-02;8.965331e-02;9.495204e-02;8.837242e-02;8.524148e-02;7.769280e-02;1.169209e-01;6.058021e-02;8.426084e-02;8.653229e-02;7.205094e-02;7.536682e-02
6.237569e-02;8.828285e-02;1.072432e-01;4.757954e-02;7.435159e-02;9.944043e-02;1.370000e-01;8.391818e-02;4.385265e-02;9.122106e-02;5.697693e-02;1.077579e-01
5.369662e-02;7.084682e-02;1.324866e-01;5.715630e-02;7.218176e-02;7.825355e-02;1.783049e-01;7.031643e-02;4.336290e-02;9.599604e-02;4.474484e-02;1.026532e-01
7.563739e-02;6.852367e-02;1.341525e-01;6.054088e-02;8.120694e-02;3.551510e-02;2.427387e-01;6.461912e-02;3.740712e-02;7.232115e-02;5.811224e-02;6.922518e-02
5.729601e-02;7.330054e-02;1.176442e-01;3.442822e-02;9.116065e-02;3.231900e-02;3.468215e-01;6.095889e-02;2.277269e-02;4.532858e-02;7.775384e-02;4.021582e-02
5.960970e-02;1.003337e-01;6.595749e-02;1.978739e-02;7.755687e-02;5.140227e-02;4.264764e-01;4.618979e-02;1.943451e-02;2.516321e-02;7.761550e-02;3.047324e-02
1.034478e-01;1.144122e-01;2.677285e-02;4.281999e-02;7.793969e-02;7.543258e-02;3.972071e-01;3.524366e-02;1.335709e-02;3.393956e-02;5.574503e-02;2.368251e-02
1.347224e-01;9.635258e-02;7.889758e-02;5.576343e-02;1.013409e-01;9.625575e-02;2.748699e-01;2.370417e-02;2.501009e-02;4.491031e-02;4.699883e-02;2.117397e-02
9.295753e-02;8.295294e-02;1.661325e-01;6.325100e-02;1.519527e-01;1.011627e-01;1.237257e-01;3.123968e-02;4.291898e-02;3.633740e-02;5.594936e-02;5.141958e-02
6.569464e-02;7.611427e-02;2.532824e-01;7.918200e-02;1.287689e-01;7.841687e-02;1.246938e-01;3.584009e-02;3.017651e-02;3.258065e-02;4.505363e-02;5.019628e-02
6.074260e-02;5.234525e-02;3.559060e-01;7.318813e-02;1.099203e-01;4.788686e-02;1.225104e-01;2.316701e-02;1.185827e-02;5.608575e-02;4.311121e-02;4.327825e-02
4.872256e-02;3.780768e-02;3.477950e-01;7.705808e-02;1.207719e-01;5.809826e-02;1.096760e-01;3.086580e-02;4.557361e-02;5.137519e-02;4.746474e-02;2.479121e-02
9.970215e-02;5.488675e-02;1.789132e-01;9.322833e-02;1.377815e-01;5.884961e-02;1.259164e-01;5.474882e-02;6.407087e-02;2.572790e-02;5.133373e-02;5.484073e-02
1.628603e-01;7.075761e-02;1.330181e-01;5.877806e-02;1.256547e-01;9.558082e-02;1.480788e-01;3.605033e-02;4.711802e-02;2.887976e-02;3.238797e-02;6.083558e-02
2.253710e-01;9.219903e-02;9.919944e-02;6.817245e-02;8.878226e-02;1.219412e-01;1.501880e-01;2.147705e-02;2.911764e-02;4.564263e-02;1.529658e-02;4.261269e-02
2.783214e-01;1.175051e-01;5.657552e-02;7.717963e-02;5.743413e-02;1.333648e-01;1.250054e-01;2.531854e-02;2.363379e-02;6.450769e-02;1.192006e-02;2.923402e-02
2.494452e-01;1.087098e-01;8.871451e-02;7.252105e-02;6.029917e-02;1.177140e-01;9.884194e-02;2.300345e-02;5.792875e-02;6.554990e-02;1.543954e-02;4.183275e-02
1.645978e-01;9.493994e-02;1.523265e-01;6.549260e-02;8.735298e-02;9.698634e-02;7.849279e-02;2.513664e-02;9.278975e-02;5.037824e-02;2.443543e-02;6.707097e-02
9.595942e-02;1.028159e-01;2.171855e-01;7.675365e-02;8.196905e-02;7.648993e-02;4.281180e-02;3.047271e-02;1.067745e-01;3.817478e-02;5.156722e-02;7.902559e-02
1.693068e-01;1.160868e-01;2.306241e-01;7.421204e-02;5.510585e-02;5.066495e-02;4.746180e-02;2.388648e-02;8.231268e-02;5.197931e-02;4.705612e-02;5.130303e-02
9.792200e-02;9.576631e-02;2.378841e-01;5.969354e-02;7.209036e-02;7.596384e-02;1.142941e-01;5.965643e-02;6.915477e-02;7.665833e-02;1.090980e-02;3.000641e-02
8.941142e-02;8.702872e-02;2.087799e-01;5.756227e-02;6.811625e-02;1.299830e-01;8.851989e-02;5.712260e-02;1.023335e-01;6.707740e-02;1.634044e-02;2.772465e-02
1.375181e-01;7.505235e-02;2.173758e-01;7.318582e-02;8.474733e-02;1.225340e-01;4.740716e-02;4.191483e-02;8.582638e-02;5.320958e-02;2.094998e-02;4.027875e-02
1.469464e-01;4.477249e-02;1.912209e-01;9.523338e-02;7.521278e-02;1.216274e-01;7.858422e-02;3.627715e-02;9.446267e-02;4.689740e-02;2.387159e-02;4.489362e-02
1.620676e-01;6.279353e-02;1.553435e-01;7.744665e-02;8.174689e-02;8.764926e-02;1.101725e-01;6.827130e-02;6.549394e-02;5.156072e-02;2.351518e-02;5.393896e-02
9.389970e-02;6.314499e-02;1.563784e-01;7.979502e-02;7.994692e-02;3.883877e-02;1.102333e-01;4.512734e-02;6.157717e-02;1.236792e-01;7.608496e-02;7.129419e-02
1.078969e-01;7.786638e-02;2.214680e-01;6.876954e-02;6.592599e-02;4.343587e-02;1.218654e-01;3.103294e-02;5.943946e-02;8.308262e-02;5.932736e-02;5.988946e-02
1.652511e-01;1.168596e-01;2.073578e-01;5.862265e-02;5.669355e-02;5.243926e-02;1.162891e-01;2.822836e-02;4.652042e-02;5.355301e-02;4.547677e-02;5.270841e-02
2.147675e-01;1.304651e-01;1.790092e-01;4.858183e-02;8.496515e-02;6.500567e-02;7.839573e-02;1.811346e-02;5.455824e-02;3.461141e-02;3.202639e-02;5.950022e-02
1.723012e-01;1.089404e-01;1.434172e-01;6.932380e-02;1.293854e-01;6.761687e-02;4.761380e-02;4.367768e-02;8.147106e-02;2.348878e-02;3.179174e-02;8.097199e-02
7.761404e-02;8.765826e-02;8.691914e-02;1.638474e-01;1.511793e-01;4.880350e-02;4.780427e-02;8.655065e-02;8.453636e-02;2.410037e-02;5.683997e-02;8.414677e-02
6.440101e-02;8.091505e-02;1.445109e-01;2.299002e-01;1.316932e-01;3.309637e-02;2.751631e-02;9.749923e-02;3.996713e-02;2.569023e-02;7.428226e-02;5.052802e-02
2.869034e-02;5.718160e-02;1.766458e-01;2.802864e-01;1.166379e-01;4.721893e-02;5.073087e-02;9.139682e-02;1.932113e-02;2.437538e-02;7.241757e-02;3.509736e-02
2.707896e-02;4.032364e-02;2.211705e-01;2.871144e-01;9.854991e-02;4.633526e-02;6.437352e-02;6.144397e-02;1.850422e-02;2.379425e-02;6.647883e-02;4.483259e-02
3.402539e-02;3.702011e-02;3.065120e-01;2.482714e-01;7.618708e-02;2.822674e-02;6.487123e-02;4.525594e-02;1.260920e-02;3.025006e-02;6.583065e-02;5.094017e-02
5.518910e-02;5.927996e-02;3.757201e-01;1.797660e-01;5.409300e-02;2.129149e-02;6.281062e-02;3.372777e-02;1.785282e-02;4.743195e-02;4.946177e-02;4.337541e-02
8.474512e-02;7.403769e-02;3.734211e-01;1.379568e-01;4.689477e-02;3.048867e-02;5.527182e-02;2.579787e-02;3.752159e-02;4.995854e-02;3.841077e-02;4.549528e-02
6.374060e-02;8.480388e-02;2.825644e-01;9.194314e-02;6.392477e-02;5.096653e-02;9.688797e-02;5.171661e-02;5.460170e-02;3.953319e-02;5.777573e-02;6.154152e-02
4.884250e-02;2.070018e-02;2.702384e-01;1.346981e-01;7.528213e-02;3.837214e-02;1.135012e-01;8.401480e-02;3.545155e-02;7.593590e-02;6.643496e-02;3.652804e-02
2.472314e-02;2.859168e-02;2.152100e-01;1.801640e-01;9.890183e-02;3.465542e-02;5.868601e-02;1.258412e-01;7.268286e-02;4.696628e-02;8.409034e-02;2.948719e-02
2.615155e-02;3.184380e-02;1.330756e-01;1.810253e-01;8.822121e-02;4.508044e-02;8.073962e-02;1.879052e-01;7.854033e-02;4.480428e-02;7.717529e-02;2.543736e-02
3.834567e-02;2.897561e-02;1.297473e-01;1.236390e-01;4.335118e-02;2.232094e-02;1.558128e-01;2.131446e-01;6.901660e-02;6.877583e-02;8.552745e-02;2.134292e-02
5.155623e-02;2.067539e-02;1.326554e-01;7.528455e-02;1.679033e-02;9.461295e-03;1.975826e-01;2.172400e-01;6.660051e-02;6.782568e-02;1.253704e-01;1.895761e-02
4.828975e-02;2.266536e-02;1.215287e-01;5.535001e-02;1.212089e-02;1.739137e-02;1.982024e-01;2.225713e-01;4.984644e-02;6.343027e-02;1.718906e-01;1.671301e-02
3.503937e-02;2.188853e-02;1.031586e-01;6.094979e-02;1.710207e-02;2.353500e-02;1.549385e-01;2.511706e-01;4.116410e-02;4.825260e-02;2.280971e-01;1.470362e-02
3.054021e-02;3.478634e-02;8.564664e-02;6.888322e-02;2.586663e-02;2.386334e-02;1.112109e-01;2.829355e-01;2.840647e-02;4.363569e-02;2.527636e-01;1.146142e-02
2.550481e-02;5.677626e-02;6.716841e-02;8.260429e-02;3.448604e-02;1.737359e-02;7.508890e-02;3.086649e-01;3.173794e-02;4.244988e-02;2.341917e-01;2.395320e-02
2.050190e-02;7.140156e-02;5.423001e-02;1.117448e-01;4.763014e-02;1.039296e-02;6.208989e-02;3.365561e-01;2.844189e-02;4.937024e-02;1.782983e-01;2.934216e-02
1.335718e-02;6.755170e-02;5.373801e-02;1.403894e-01;7.258444e-02;1.807435e-02;9.074272e-02;3.022602e-01;4.136077e-02;6.084937e-02;9.472591e-02;4.436602e-02
3.215781e-02;4.552502e-02;1.066951e-01;1.755879e-01;1.084885e-01;2.586324e-02;8.225524e-02;1.809225e-01;7.197425e-02;5.904343e-02;4.203283e-02;6.945415e-02
4.271030e-02;4.032386e-02;2.253046e-01;1.801739e-01;1.124443e-01;1.959674e-02;4.799177e-02;4.706075e-02;9.018910e-02;5.477338e-02;6.827065e-02;7.116071e-02
1.828661e-02;5.225227e-02;2.952200e-01;1.573195e-01;8.779985e-02;2.934175e-02;6.871433e-02;3.116767e-02;8.016367e-02;5.637018e-02;6.727630e-02;5.608774e-02
4.863081e-02;4.760043e-02;3.096689e-01;1.334617e-01;6.074443e-02;3.588988e-02;7.295440e-02;6.385628e-02;6.781338e-02;6.190835e-02;5.255599e-02;4.491544e-02
8.641206e-02;3.575552e-02;2.339032e-01;1.020197e-01;9.228387e-02;4.745466e-02;8.025988e-02;6.561650e-02;5.477014e-02;7.627018e-02;8.500984e-02;4.024439e-02
8.293088e-02;4.675713e-02;1.355060e-01;8.797178e-02;1.210098e-01;8.707137e-02;6.477271e-02;3.579744e-02;5.232016e-02;8.128820e-02;1.624738e-01;4.210077e-02
1.091019e-01;4.177290e-02;1.392162e-01;7.485611e-02;1.400330e-01;8.355503e-02;7.557693e-02;2.270305e-02;4.449898e-02;5.385279e-02;1.479750e-01;6.685807e-02
1.903213e-01;6.647967e-02;8.323570e-02;4.545718e-02;1.237326e-01;8.083646e-02;1.368448e-01;1.586697e-02;5.586326e-02;3.561405e-02;9.140946e-02;7.433844e-02
2.238992e-01;7.424971e-02;1.003829e-01;4.440503e-02;7.068336e-02;6.008983e-02;1.799699e-01;2.216681e-02;5.758095e-02;4.452159e-02;7.014212e-02;5.190866e-02
1.922068e-01;6.221726e-02;1.484909e-01;6.577481e-02;4.628978e-02;2.565410e-02;1.599105e-01;3.478781e-02;4.790447e-02;7.682279e-02;9.333847e-02;4.660227e-02
1.258313e-01;3.356736e-02;1.404848e-01;9.990503e-02;5.006520e-02;2.315251e-02;1.349266e-01;3.998727e-02;6.151330e-02;1.323336e-01;1.095295e-01;4.870362e-02
6.837171e-02;2.223068e-02;1.646374e-01;1.396316e-01;6.887286e-02;2.581713e-02;1.170584e-01;5.533669e-02;8.435701e-02;1.349276e-01;8.679894e-02;3.196001e-02
6.462490e-02;5.705753e-02;2.039798e-01;1.001628e-01;7.329816e-02;4.555712e-02;2.125360e-01;5.356542e-02;4.606264e-02;7.229187e-02;4.691719e-02;2.394653e-02
1.015454e-01;5.986587e-02;1.729258e-01;5.408844e-02;8.779504e-02;7.056142e-02;2.092254e-01;4.099466e-02;5.764434e-02;5.913176e-02;5.145352e-02;3.476836e-02
9.737110e-02;4.856730e-02;1.776656e-01;7.152050e-02;1.116647e-01;1.019752e-01;8.269400e-02;3.858601e-02;7.979321e-02;6.959815e-02;7.853194e-02;4.203239e-02
4.980914e-02;4.022500e-02;1.831961e-01;1.086247e-01;1.181281e-01;1.107674e-01;6.268063e-02;3.936690e-02;8.220343e-02;7.751548e-02;7.582203e-02;5.166110e-02
6.988357e-02;2.901604e-02;1.782309e-01;1.262715e-01;1.400551e-01;8.348326e-02;7.833970e-02;4.387728e-02;3.133351e-02;9.427916e-02;7.080942e-02;5.442051e-02
1.321506e-01;5.500924e-02;1.487502e-01;8.464695e-02;1.272786e-01;5.633824e-02;9.275098e-02;4.767757e-02;4.732119e-02;6.088335e-02;6.960966e-02;7.758345e-02
1.960049e-01;5.979004e-02;1.218035e-01;6.256702e-02;1.174948e-01;4.018814e-02;9.457279e-02;3.676646e-02;5.617582e-02;5.003886e-02;5.624816e-02;1.083495e-01
2.085044e-01;5.927562e-02;1.061963e-01;7.753945e-02;1.091385e-01;3.652512e-02;6.481226e-02;4.906305e-02;5.590218e-02;5.578101e-02;5.419912e-02;1.230630e-01
1.685932e-01;4.908327e-02;1.187953e-01;1.048925e-01;9.927943e-02;4.257313e-02;2.967379e-02;6.734493e-02;5.546552e-02;5.961864e-02;9.069687e-02;1.139833e-01
1.046765e-01;3.462261e-02;2.078775e-01;1.153925e-01;7.791086e-02;4.727619e-02;5.925181e-02;6.190951e-02;5.142577e-02;6.090605e-02;1.051808e-01;7.356984e-02
7.376736e-02;3.294393e-02;3.379529e-01;9.966350e-02;5.945335e-02;3.683929e-02;9.386814e-02;3.954124e-02;3.865206e-02;7.879532e-02;7.244408e-02;3.607879e-02
5.274142e-02;6.198263e-02;3.925745e-01;8.126688e-02;4.496364e-02;3.330372e-02;8.694589e-02;3.401279e-02;4.275529e-02;8.433788e-02;3.995708e-02;4.515826e-02
4.389240e-02;1.347191e-01;3.368927e-01;7.430496e-02;2.874530e-02;5.847481e-02;6.348891e-02;3.051079e-02;6.221947e-02;6.254131e-02;3.747834e-02;6.673185e-02
3.931316e-02;1.842822e-01;2.595500e-01;8.556678e-02;3.948604e-02;8.066956e-02;2.495069e-02;1.784359e-02;1.106289e-01;4.842807e-02;3.649813e-02;7.278288e-02
4.391475e-02;1.417762e-01;2.870891e-01;7.563601e-02;4.175156e-02;6.735864e-02;3.024182e-02;2.098512e-02;1.240536e-01;4.145834e-02;4.657683e-02;7.915792e-02
6.052794e-02;7.832975e-02;3.862556e-01;4.667694e-02;3.630179e-02;4.687117e-02;5.576124e-02;3.227104e-02;7.917031e-02;6.560387e-02;4.405772e-02;6.817262e-02
8.403643e-02;4.108933e-02;3.791319e-01;7.537007e-02;4.715693e-02;3.416592e-02;7.944100e-02;4.172566e-02;4.114931e-02;6.849442e-02;7.361791e-02;3.462115e-02
6.003902e-02;3.236035e-02;3.478787e-01;1.371302e-01;5.030989e-02;2.551168e-02;6.935111e-02;5.875171e-02;2.590268e-02;6.785179e-02;1.019165e-01;2.299643e-02
2.414389e-02;2.948743e-02;3.021801e-01;2.074009e-01;6.954370e-02;3.062397e-02;6.791220e-02;7.289447e-02;1.832963e-02;5.521335e-02;1.121118e-01;1.015866e-02
3.403138e-02;3.715663e-02;2.837856e-01;2.478308e-01;6.625689e-02;3.410106e-02;5.996902e-02;7.830721e-02;1.337370e-02;3.364609e-02;1.004935e-01;1.104805e-02
4.090102e-02;2.855332e-02;3.284226e-01;2.266635e-01;6.266642e-02;3.452295e-02;7.139450e-02;8.030356e-02;1.178679e-02;2.601604e-02;7.813173e-02;1.063757e-02
5.303293e-02;3.141253e-02;3.692459e-01;1.661850e-01;6.107064e-02;3.370361e-02;1.045473e-01;6.938305e-02;1.067392e-02;3.859693e-02;5.077046e-02;1.137779e-02
5.134299e-02;3.925285e-02;4.173600e-01;1.256296e-01;4.801381e-02;3.206788e-02;1.082348e-01;5.314305e-02;1.709354e-02;5.385891e-02;3.588281e-02;1.811977e-02
4.788340e-02;3.381313e-02;4.625382e-01;8.540206e-02;4.955767e-02;2.582859e-02;1.104782e-01;3.264692e-02;2.549884e-02;6.192099e-02;4.111515e-02;2.331674e-02
5.078962e-02;2.737869e-02;4.693519e-01;7.817936e-02;8.960653e-02;2.617330e-02;8.290289e-02;2.709176e-02;2.849888e-02;4.899734e-02;5.094896e-02;2.008080e-02
5.700107e-02;2.690072e-02;4.145022e-01;1.104558e-01;1.044539e-01;3.444194e-02;8.536813e-02;2.516030e-02;1.604296e-02;5.668300e-02;5.379571e-02;1.519433e-02
4.633249e-02;1.657533e-02;3.659434e-01;1.158916e-01;1.162162e-01;4.132630e-02;8.408951e-02;3.991736e-02;2.445845e-02;6.795960e-02;6.097945e-02;2.031020e-02
2.723151e-02;3.090271e-02;2.870734e-01;6.843089e-02;8.984379e-02;7.048570e-02;1.271728e-01;5.098884e-02;4.413574e-02;8.295680e-02;8.398211e-02;3.679563e-02
6.099862e-02;4.013297e-02;1.897368e-01;5.934424e-02;8.295998e-02;7.465561e-02;1.581629e-01;5.819998e-02;7.594358e-02;9.854855e-02;5.844904e-02;4.286770e-02
1.144574e-01;6.118038e-02;1.247364e-01;7.159320e-02;8.013076e-02;9.004785e-02;1.810123e-01;4.350017e-02;4.842235e-02;8.630870e-02;4.199959e-02;5.661091e-02
1.223162e-01;7.912210e-02;1.566063e-01;9.367769e-02;9.353092e-02;6.935685e-02;1.134028e-01;5.370652e-02;5.751682e-02;5.065071e-02;4.671550e-02;6.339756e-02
8.287480e-02;7.413119e-02;2.294891e-01;1.450406e-01;9.051744e-02;4.576593e-02;6.239186e-02;6.042861e-02;5.073684e-02;2.929419e-02;7.341351e-02;5.591588e-02
6.312825e-02;5.123697e-02;3.420742e-01;1.679673e-01;5.514435e-02;2.823861e-02;4.892722e-02;5.002263e-02;3.090538e-02;4.636414e-02;7.987336e-02;3.611749e-02
7.712723e-02;2.967637e-02;4.688520e-01;1.194118e-01;2.909274e-02;1.856047e-02;7.724876e-02;2.983787e-02;1.731751e-02;7.401591e-02;4.853368e-02;1.032566e-02
5.594423e-02;2.170736e-02;5.430287e-01;6.782097e-02;2.576804e-02;1.774063e-02;9.760971e-02;2.458982e-02;1.115469e-02;9.580672e-02;2.513766e-02;1.369144e-02
3.863429e-02;2.463406e-02;5.521786e-01;5.073851e-02;3.665348e-02;2.321981e-02;1.030297e-01;1.064206e-02;9.198691e-03;1.121229e-01;2.857192e-02;1.037612e-02
2.813505e-02;3.689879e-02;4.995821e-01;4.904263e-02;4.408819e-02;3.102783e-02;1.006606e-01;1.470173e-02;2.095181e-02;1.184876e-01;3.466120e-02;2.176243e-02
3.516213e-02;4.908919e-02;4.402266e-01;4.845243e-02;4.078499e-02;3.680226e-02;9.077138e-02;2.548383e-02;4.467502e-02;1.157826e-01;2.864673e-02;4.412279e-02
4.452645e-02;5.990306e-02;4.122173e-01;4.485636e-02;3.669796e-02;4.199632e-02;8.232156e-02;3.197160e-02;6.485649e-02;1.035092e-01;2.403868e-02;5.310495e-02
5.178133e-02;6.198879e-02;4.193271e-01;3.830747e-02;4.109079e-02;5.147051e-02;8.238124e-02;3.704898e-02;6.135430e-02;8.352315e-02;2.624659e-02;4.547982e-02
1.365738e-02;5.480820e-02;3.828201e-01;6.671774e-02;6.245749e-02;5.507766e-02;1.335894e-01;4.561241e-02;4.467115e-02;6.143249e-02;3.802822e-02;4.112779e-02
4.007194e-02;5.424031e-02;3.224955e-01;7.854408e-02;6.164255e-02;6.181428e-02;1.355808e-01;5.507231e-02;4.084750e-02;6.074806e-02;5.048852e-02;3.845404e-02
6.088887e-02;5.837511e-02;3.062830e-01;7.249260e-02;3.914623e-02;6.759075e-02;1.272495e-01;5.228912e-02;4.903316e-02;6.508133e-02;4.858835e-02;5.298198e-02
3.934838e-02;5.660723e-02;2.360456e-01;8.702192e-02;6.126627e-02;7.556724e-02;9.537246e-02;7.159956e-02;8.706279e-02;7.223929e-02;5.377325e-02;6.409595e-02
6.016168e-02;4.095195e-02;1.485877e-01;8.808269e-02;1.039604e-01;6.717239e-02;7.658176e-02;9.998547e-02;1.088289e-01;8.473082e-02;6.468104e-02;5.627520e-02
5.846909e-02;5.865319e-02;1.107442e-01;1.242763e-01;9.188166e-02;4.020249e-02;8.187293e-02;1.070069e-01;1.152846e-01;9.811877e-02;6.526306e-02;4.822684e-02
5.746054e-02;5.608337e-02;1.093027e-01;1.104243e-01;6.981339e-02;4.596572e-02;7.537623e-02;9.142426e-02;1.466012e-01;1.014659e-01;7.660331e-02;5.947915e-02
7.442653e-02;5.893873e-02;1.093599e-01;6.730849e-02;3.348001e-02;6.826310e-02;8.663356e-02;9.643554e-02;1.889132e-01;8.705860e-02;9.209877e-02;3.708357e-02
5.799452e-02;5.649626e-02;1.256093e-01;2.911998e-02;3.953741e-02;6.093083e-02;8.908048e-02;1.441601e-01;1.949863e-01;9.484650e-02;7.588562e-02;3.135264e-02
6.861020e-02;7.986289e-02;1.082512e-01;4.905852e-02;5.604864e-02;5.666779e-02;8.602142e-02;1.282815e-01;1.361762e-01;1.148643e-01;5.438966e-02;6.176766e-02
1.125094e-01;1.036771e-01;6.923154e-02;6.470621e-02;6.957267e-02;7.159126e-02;1.028179e-01;7.271253e-02;8.896682e-02;1.170101e-01;5.764894e-02;6.955545e-02
9.722572e-02;8.618702e-02;7.828926e-02;6.857713e-02;7.025665e-02;4.932437e-02;1.482572e-01;1.078596e-01;9.460966e-02;9.540907e-02;6.332092e-02;4.068339e-02
8.405602e-02;7.925075e-02;9.025870e-02;6.717235e-02;5.316416e-02;4.798057e-02;1.103740e-01;1.231581e-01;9.639411e-02;1.181681e-01;6.741139e-02;6.261179e-02
9.531461e-02;8.924586e-02;1.016693e-01;6.527334e-02;4.712570e-02;5.519162e-02;1.233040e-01;1.007975e-01;1.050767e-01;1.091355e-01;5.640107e-02;5.146474e-02
5.607018e-02;6.600187e-02;1.912231e-01;5.546740e-02;5.669999e-02;3.686518e-02;1.908401e-01;6.664920e-02;6.415203e-02;9.862533e-02;7.469350e-02;4.271203e-02
8.548378e-02;6.103458e-02;2.103745e-01;4.364996e-02;7.341707e-02;4.259141e-02;1.816014e-01;5.008872e-02;5.432012e-02;7.391233e-02;7.662242e-02;4.690363e-02
8.009845e-02;7.249604e-02;2.859212e-01;4.526497e-02;6.891147e-02;4.889900e-02;1.388623e-01;4.033343e-02;3.874703e-02;6.236619e-02;7.637832e-02;4.172166e-02
3.860537e-02;9.355029e-02;3.734039e-01;3.910374e-02;4.596043e-02;5.575469e-02;8.203365e-02;3.439336e-02;3.806899e-02;9.458811e-02;6.653753e-02;3.800003e-02
5.433387e-02;1.317275e-01;3.559434e-01;3.170974e-02;2.172517e-02;7.022877e-02;5.436755e-02;3.539228e-02;6.536241e-02;1.017548e-01;3.519281e-02;4.226165e-02
4.369138e-02;1.697459e-01;3.523396e-01;2.654939e-02;2.220163e-02;7.641257e-02;5.967340e-02;2.480675e-02;7.503174e-02;8.767193e-02;1.578527e-02;4.609041e-02
6.544717e-02;1.955632e-01;3.379635e-01;2.642446e-02;2.243646e-02;7.618766e-02;4.817382e-02;1.979261e-02;7.246497e-02;7.464059e-02;1.458146e-02;4.632406e-02
7.498294e-02;1.973393e-01;3.338740e-01;2.445674e-02;2.240875e-02;7.578623e-02;5.082004e-02;1.873479e-02;6.887167e-02;6.489735e-02;1.446007e-02;5.336817e-02
7.085415e-02;1.785481e-01;3.503813e-01;2.221378e-02;1.768019e-02;6.919684e-02;5.054127e-02;2.292569e-02;6.690183e-02;7.090970e-02;2.193031e-02;5.791683e-02
7.325364e-02;1.443053e-01;3.260570e-01;2.465121e-02;1.860460e-02;5.902412e-02;1.037771e-01;2.497054e-02;7.007361e-02;7.389473e-02;2.560292e-02;5.578518e-02
8.077597e-02;1.157968e-01;2.706088e-01;2.938970e-02;3.043110e-02;6.299364e-02;1.636728e-01;2.912744e-02;7.485212e-02;6.150755e-02;3.478006e-02;4.606402e-02
8.904853e-02;1.059538e-01;2.612608e-01;3.826451e-02;6.173974e-02;6.561724e-02;1.645810e-01;2.657701e-02;6.676634e-02;3.925286e-02;3.912333e-02;4.181482e-02
5.353622e-02;1.172220e-01;3.162301e-01;3.515104e-02;9.178376e-02;6.058897e-02;1.566683e-01;2.592563e-02;4.384084e-02;4.306218e-02;2.288996e-02;3.310100e-02
7.965766e-02;1.040180e-01;2.503911e-01;2.076861e-02;9.444264e-02;6.346882e-02;2.207824e-01;2.994010e-02;3.480254e-02;4.107044e-02;2.094139e-02;3.971625e-02
6.988369e-02;7.998602e-02;3.253017e-01;4.574656e-02;1.018319e-01;5.357691e-02;1.670724e-01;3.109708e-02;2.024853e-02;3.951041e-02;1.914956e-02;4.659528e-02
2.747102e-02;5.416291e-02;4.435468e-01;7.151335e-02;1.084909e-01;3.750379e-02;8.362452e-02;3.883463e-02;1.902257e-02;4.711083e-02;3.021161e-02;3.850712e-02
5.810919e-02;4.706158e-02;3.331541e-01;9.030408e-02;1.198429e-01;3.989448e-02;6.009424e-02;4.746985e-02;5.341400e-02;5.209015e-02;4.883413e-02;4.973125e-02
1.017284e-01;8.098620e-02;1.770339e-01;7.930765e-02;1.126592e-01;5.121240e-02;1.083151e-01;3.789839e-02;5.991164e-02;5.623683e-02;6.750118e-02;6.720916e-02
1.146675e-01;7.006911e-02;2.324735e-01;6.631717e-02;9.137493e-02;4.591108e-02;8.883039e-02;3.005329e-02;6.121142e-02;6.063942e-02;6.973471e-02;6.871753e-02
1.014872e-01;5.818554e-02;3.542180e-01;4.634331e-02;6.202633e-02;2.358591e-02;1.099690e-01;2.526210e-02;4.824726e-02;6.624817e-02;5.836380e-02;4.606335e-02
6.289182e-02;7.970224e-02;3.020864e-01;4.803928e-02;5.061501e-02;2.076481e-02;1.959690e-01;5.275806e-02;3.713638e-02;7.300075e-02;5.086353e-02;2.617264e-02
2.084063e-02;1.023333e-01;1.535678e-01;6.824473e-02;7.199253e-02;4.326092e-02;1.940743e-01;5.690577e-02;8.272550e-02;6.774228e-02;5.892362e-02;7.938863e-02
7.438725e-02;8.209062e-02;1.940014e-01;9.088111e-02;7.585765e-02;3.909061e-02;7.269781e-02;3.868809e-02;1.154624e-01;6.077118e-02;8.079866e-02;7.527326e-02
8.982655e-02;7.524607e-02;1.433865e-01;1.275645e-01;1.008896e-01;4.312080e-02;9.965732e-02;5.730768e-02;1.105385e-01;6.424662e-02;4.303212e-02;4.518373e-02
