5.400907e-02;1.463676e-01;1.005801e-01;3.438832e-02;3.607041e-02;1.846913e-01;6.741616e-02;1.319855e-01;9.759185e-02;5.331891e-02;5.099212e-02;4.258867e-02
3.218919e-02;1.232660e-01;1.250406e-01;2.578032e-02;3.136471e-02;1.608986e-01;7.083298e-02;2.063833e-01;1.114757e-01;4.369162e-02;4.085148e-02;2.822556e-02
2.412284e-02;7.207412e-02;8.154716e-02;2.302245e-02;2.848978e-02;1.478903e-01;6.139994e-02;3.060517e-01;1.429986e-01;6.733374e-02;2.402133e-02;2.104803e-02
2.902834e-02;7.199214e-02;6.329704e-02;2.905783e-02;4.347399e-02;9.940412e-02;1.116395e-01;2.433413e-01;1.946831e-01;6.955169e-02;2.122229e-02;2.330879e-02
2.908458e-02;6.722102e-02;7.199524e-02;2.141592e-02;4.360741e-02;1.120513e-01;1.877101e-01;1.386273e-01;2.360267e-01;4.565717e-02;2.137044e-02;2.523283e-02
3.519657e-02;6.712045e-02;6.896028e-02;4.501769e-02;5.718975e-02;1.437953e-01;1.796123e-01;1.089896e-01;1.938089e-01;4.928831e-02;2.270752e-02;2.831338e-02
4.532308e-02;7.893399e-02;8.902446e-02;5.113159e-02;6.254140e-02;1.589259e-01;1.428414e-01;1.303774e-01;1.056777e-01;6.456714e-02;2.968588e-02;4.097005e-02
7.821146e-02;8.218604e-02;8.015057e-02;5.722586e-02;5.571844e-02;2.050644e-01;1.089924e-01;1.015808e-01;7.865685e-02;4.745694e-02;5.353511e-02;5.122120e-02
6.892814e-02;9.730027e-02;7.649995e-02;5.456569e-02;5.583584e-02;1.504046e-01;1.527448e-01;1.300374e-01;6.584267e-02;6.558123e-02;5.870222e-02;2.355713e-02
4.717050e-02;7.391255e-02;8.543900e-02;4.541934e-02;6.027636e-02;2.090748e-01;1.711123e-01;1.200053e-01;4.569526e-02;4.466009e-02;8.025299e-02;1.698158e-02
3.126811e-02;5.772699e-02;5.735660e-02;2.834681e-02;6.458049e-02;2.404260e-01;1.668709e-01;1.077930e-01;3.678438e-02;8.216911e-02;1.047508e-01;2.192692e-02
8.880102e-03;3.923964e-02;3.149034e-02;2.266099e-02;9.815482e-02;1.922494e-01;1.353651e-01;9.190007e-02;3.969184e-02;1.928693e-01;1.171788e-01;3.031956e-02
7.701697e-02;4.874117e-02;2.856639e-02;2.865631e-02;1.087582e-01;9.422321e-02;1.306868e-01;6.608901e-02;5.939572e-02;2.528038e-01;7.528129e-02;2.978118e-02
1.823945e-01;5.376613e-02;2.508240e-02;6.251174e-02;6.790151e-02;3.304565e-02;1.322673e-01;3.935316e-02;1.626670e-01;1.578890e-01;4.521535e-02;3.790620e-02
2.462988e-01;2.189279e-02;1.723633e-02;1.127352e-01;2.838165e-02;3.084281e-02;9.975087e-02;4.335551e-02;2.478615e-01;5.850115e-02;4.140447e-02;5.173896e-02
2.147710e-01;1.318832e-02;1.978107e-02;1.469411e-01;1.277018e-02;3.574577e-02;1.014457e-01;5.237110e-02;2.626760e-01;4.080632e-02;4.620495e-02;5.329845e-02
1.340224e-01;1.873997e-02;2.881064e-02;1.642386e-01;2.421790e-02;4.585972e-02;1.361945e-01;9.546498e-02;2.217729e-01;3.784788e-02;5.119852e-02;4.163214e-02
5.291178e-02;3.180216e-02;4.459639e-02;1.537867e-01;4.319437e-02;8.162294e-02;1.795368e-01;1.486376e-01;1.449343e-01;4.474324e-02;3.322206e-02;4.101172e-02
1.872508e-02;4.162564e-02;6.394681e-02;1.501504e-01;4.393740e-02;7.934582e-02;2.075693e-01;1.710779e-01;8.711134e-02;6.682137e-02;4.331047e-02;2.637848e-02
3.650653e-02;3.275261e-02;4.216384e-02;1.337995e-01;4.433952e-02;1.058135e-01;1.861057e-01;1.261181e-01;1.045508e-01;3.947289e-02;9.506217e-02;5.331483e-02
4.753707e-02;2.700809e-02;1.972363e-02;1.108136e-01;7.184132e-02;1.105880e-01;9.523400e-02;1.006602e-01;1.341214e-01;1.416764e-01;7.608023e-02;6.471609e-02
4.277908e-02;2.207272e-02;1.668002e-02;1.046629e-01;7.856975e-02;5.551077e-02;9.849804e-02;1.398051e-01;1.284984e-01;2.140901e-01;5.173586e-02;4.709728e-02
5.583709e-02;2.482822e-02;2.533012e-02;9.627968e-02;6.691945e-02;9.244822e-02;1.134465e-01;1.488224e-01;7.217279e-02;2.167809e-01;5.058984e-02;3.654477e-02
9.805363e-02;2.507605e-02;3.625146e-02;6.882399e-02;7.978640e-02;1.740637e-01;6.779906e-02;9.433649e-02;9.102207e-02;1.335427e-01;5.238631e-02;7.885813e-02
5.938000e-02;3.546387e-02;2.780612e-02;1.739287e-01;7.533249e-02;1.250553e-01;1.451875e-01;7.826070e-02;8.234533e-02;6.850111e-02;4.621006e-02;8.252877e-02
2.032809e-02;4.666191e-02;2.237152e-02;1.803758e-01;1.754640e-01;7.873830e-02;1.924820e-01;8.614522e-02;7.513473e-02;6.744573e-02;2.162651e-02;3.322611e-02
1.654163e-02;5.311978e-02;8.803571e-03;1.046804e-01;2.726193e-01;1.224139e-01;1.285537e-01;1.351490e-01;6.281275e-02;7.498939e-02;9.162952e-03;1.115374e-02
8.401157e-03;6.019497e-02;1.247406e-02;5.467494e-02;2.787102e-01;1.481518e-01;9.192883e-02;1.918215e-01;5.992528e-02;7.342842e-02;1.476506e-02;5.523765e-03
2.426476e-02;5.649712e-02;9.613038e-03;4.379094e-02;2.158588e-01;1.409321e-01;8.525608e-02;2.370915e-01;7.874421e-02;8.189600e-02;1.475089e-02;1.130462e-02
3.524147e-02;4.090698e-02;7.669698e-03;4.613335e-02;1.566813e-01;1.318998e-01;1.017380e-01;2.558703e-01;1.111665e-01;7.223324e-02;2.338993e-02;1.706946e-02
8.084445e-02;2.079499e-02;1.038701e-02;4.607950e-02;1.053021e-01;1.150720e-01;1.302050e-01;2.613766e-01;1.326090e-01;4.537431e-02;3.108463e-02;2.087039e-02
1.662229e-01;3.410342e-02;6.424797e-03;4.886374e-02;7.032338e-02;7.494190e-02;1.103336e-01;2.436522e-01;1.695615e-01;2.471296e-02;3.039496e-02;2.046460e-02
1.686859e-01;2.387669e-02;1.376045e-02;2.974703e-02;6.723717e-02;8.116248e-02;1.141896e-01;1.628747e-01;2.669036e-01;3.903696e-02;2.095873e-02;1.156665e-02
9.025016e-02;1.970210e-02;8.633476e-03;4.030180e-02;1.229130e-01;1.056371e-01;9.665772e-02;1.032807e-01;2.269895e-01;1.344694e-01;1.910367e-02;3.206136e-02
2.361294e-02;2.317425e-02;4.882867e-03;5.730565e-02;2.065321e-01;1.424094e-01;7.792798e-02;8.320507e-02;1.257207e-01;2.060947e-01;2.041361e-02;2.872078e-02
1.188997e-02;2.675745e-02;5.835842e-03;8.702131e-02;2.806099e-01;1.541985e-01;5.674700e-02;4.512974e-02;7.373591e-02;2.251619e-01;1.538434e-02;1.752823e-02
2.403390e-02;2.149443e-02;1.058598e-02;1.245615e-01;2.831797e-01;1.354130e-01;1.003512e-01;2.949325e-02;7.172275e-02;1.763468e-01;1.213999e-02;1.067755e-02
4.411612e-02;1.655403e-02;2.370731e-02;1.603850e-01;2.412267e-01;1.134974e-01;1.180993e-01;3.607906e-02;1.230720e-01;1.069526e-01;1.180918e-02;4.501323e-03
5.476425e-02;1.146699e-02;4.421721e-02;1.678841e-01;1.752755e-01;7.201526e-02;1.428434e-01;5.795095e-02;2.164645e-01;4.139209e-02;8.284798e-03;7.440945e-03
5.083995e-02;1.732677e-02;6.183377e-02;1.367325e-01;1.260304e-01;5.363162e-02;1.427554e-01;1.004805e-01;2.532469e-01;2.515956e-02;1.292364e-02;1.903904e-02
3.631027e-02;1.666471e-02;6.521032e-02;6.815262e-02;1.030428e-01;9.184707e-02;1.291386e-01;1.986198e-01;1.991241e-01;2.866533e-02;2.646203e-02;3.676233e-02
9.694085e-03;1.324539e-02;6.254363e-02;3.139344e-02;8.625969e-02;1.358784e-01;1.489203e-01;2.790681e-01;9.887967e-02;5.767352e-02;4.090558e-02;3.553823e-02
3.477251e-02;1.880912e-02;2.601022e-02;4.882079e-02;9.644128e-02;1.605140e-01;9.655050e-02;2.347122e-01;1.516096e-01;6.704491e-02;4.586902e-02;1.884579e-02
4.157907e-02;1.036018e-02;8.641223e-03;7.028222e-02;1.206479e-01;1.811721e-01;9.191845e-02;2.009961e-01;1.716182e-01;3.796289e-02;3.238734e-02;3.243432e-02
4.826491e-02;1.766062e-02;1.806790e-02;9.271272e-02;1.259103e-01;1.785978e-01;6.218216e-02;1.876292e-01;1.335193e-01;6.547844e-02;3.140053e-02;3.857615e-02
6.213700e-02;1.403068e-02;1.815004e-02;1.712039e-01;1.031715e-01;1.364297e-01;8.966755e-02;1.276015e-01;1.144378e-01;8.428912e-02;3.680095e-02;4.208019e-02
6.717116e-02;2.492202e-02;2.448727e-02;1.856497e-01;8.036489e-02;8.143000e-02;1.934325e-01;8.711708e-02;1.050487e-01;9.116986e-02;2.988828e-02;2.931863e-02
5.050381e-02;4.517656e-02;2.172271e-02;1.219498e-01;1.701483e-01;6.586748e-02;1.602333e-01;1.086466e-01;8.466327e-02;1.191704e-01;2.234347e-02;2.957421e-02
1.956661e-02;5.109455e-02;1.864821e-02;6.328573e-02;1.801957e-01;1.727895e-01;6.765781e-02;1.377890e-01;7.397141e-02;1.132242e-01;6.890211e-02;3.287525e-02
2.283774e-02;3.952162e-02;3.054392e-02;3.791425e-02;1.265179e-01;2.750380e-01;6.503084e-02;1.056914e-01;6.765255e-02;6.769647e-02;1.252137e-01;3.634160e-02
2.918256e-02;2.481828e-02;3.400614e-02;3.366814e-02;7.524429e-02;2.594520e-01;1.693550e-01;6.864214e-02;5.656103e-02;3.433411e-02;1.117268e-01;1.030096e-01
7.023542e-02;3.789049e-02;3.231179e-02;5.149492e-02;4.081136e-02;1.701983e-01;2.533780e-01;8.134620e-02;3.747156e-02;2.819992e-02;4.843970e-02;1.482224e-01
1.410929e-01;5.921229e-02;7.868952e-02;3.803454e-02;5.736898e-02;1.164014e-01;2.060946e-01;1.266153e-01;1.970457e-02;3.485159e-02;1.379633e-02;1.081380e-01
1.255301e-01;1.056594e-01;1.352367e-01;5.500788e-02;9.339537e-02;6.534592e-02;1.486686e-01;1.164219e-01;3.040547e-02;4.431553e-02;3.204785e-02;4.796539e-02
6.134447e-02;1.535169e-01;1.890972e-01;9.498187e-02;7.850394e-02;6.988010e-02;9.301898e-02;7.873261e-02;5.090069e-02;4.893347e-02;5.114376e-02;2.994605e-02
3.928540e-02;1.241954e-01;1.778251e-01;1.513738e-01;6.820846e-02;8.936176e-02;9.104040e-02;7.134649e-02;5.484642e-02;3.808927e-02;5.673986e-02;3.768761e-02
1.836742e-02;7.539614e-02;1.236391e-01;1.599082e-01;9.978548e-02;1.620920e-01;7.683837e-02;7.126284e-02;7.525756e-02;2.315865e-02;5.993594e-02;5.435831e-02
2.253672e-02;6.464329e-02;9.813718e-02;8.539038e-02;1.153341e-01;2.321162e-01;7.975946e-02;9.695698e-02;1.074010e-01;2.316726e-02;1.911488e-02;5.544262e-02
3.449168e-02;7.445060e-02;1.035427e-01;5.880023e-02;9.057588e-02;2.375301e-01;9.260280e-02;1.080291e-01;7.821430e-02;2.381268e-02;4.147050e-02;5.647948e-02
6.177511e-02;5.076322e-02;6.977113e-02;9.572366e-02;9.853730e-02;1.976718e-01;1.231205e-01;5.799525e-02;7.157458e-02;4.292351e-02;6.016110e-02;6.998284e-02
7.632070e-02;7.765154e-02;6.622102e-02;8.812625e-02;9.795729e-02;1.247648e-01;9.128703e-02;1.030330e-01;8.635759e-02;5.972283e-02;6.061343e-02;6.794462e-02
9.818204e-02;9.125311e-02;8.087190e-02;6.646355e-02;1.016729e-01;1.102637e-01;9.941851e-02;1.118575e-01;8.706888e-02;6.380751e-02;3.691627e-02;5.222416e-02
7.985384e-02;6.399400e-02;7.084224e-02;8.511546e-02;1.180026e-01;1.530489e-01;1.496404e-01;1.157810e-01;6.075227e-02;5.417256e-02;2.162784e-02;2.716890e-02
5.247064e-02;4.040876e-02;5.821193e-02;9.278991e-02;1.185316e-01;1.415568e-01;1.482501e-01;1.401735e-01;5.921742e-02;1.069127e-01;2.276195e-02;1.871466e-02
3.361208e-02;5.491853e-02;4.799082e-02;7.083140e-02;8.576260e-02;6.480487e-02;2.008718e-01;1.726546e-01;6.638175e-02;1.633703e-01;2.341105e-02;1.539021e-02
2.011033e-02;3.860276e-02;4.916039e-02;4.274570e-02;4.863789e-02;4.106838e-02;2.321219e-01;2.732910e-01;9.339537e-02;1.219670e-01;1.972397e-02;1.917529e-02
1.410599e-02;1.949803e-02;4.059010e-02;3.727879e-02;3.752267e-02;9.176071e-02;2.547003e-01;2.737146e-01;1.218772e-01;8.139037e-02;1.304814e-02;1.451308e-02
1.529953e-02;3.311262e-02;7.375616e-02;4.090210e-02;3.696596e-02;1.377089e-01;3.343285e-01;1.363257e-01;1.042891e-01;7.280507e-02;5.449994e-03;9.056266e-03
1.462097e-02;3.629403e-02;7.967830e-02;4.515583e-02;4.745739e-02;1.218745e-01;3.623201e-01;1.091895e-01;9.244576e-02;6.734525e-02;8.802094e-03;1.481626e-02
1.843016e-02;3.678690e-02;8.551598e-02;3.723300e-02;6.402528e-02;1.254877e-01;3.015917e-01;1.270100e-01;8.723846e-02;7.716734e-02;2.086943e-02;1.864406e-02
2.581539e-02;3.907999e-02;9.682110e-02;3.996088e-02;7.531739e-02;1.233227e-01;2.986750e-01;1.340651e-01;7.774115e-02;4.911941e-02;2.150706e-02;1.857476e-02
3.111346e-02;3.675616e-02;7.693577e-02;2.951636e-02;8.585522e-02;1.682233e-01;3.268720e-01;1.186733e-01;6.283019e-02;4.240952e-02;9.962188e-03;1.085254e-02
2.972400e-02;2.902768e-02;6.197412e-02;4.839069e-02;9.694518e-02;1.255029e-01;2.847637e-01;1.404183e-01;5.202029e-02;1.083391e-01;1.024282e-02;1.265135e-02
3.687015e-02;4.336424e-02;5.928842e-02;5.752801e-02;9.988192e-02;1.004440e-01;1.758870e-01;1.890375e-01;6.455100e-02;1.473559e-01;6.655839e-03;1.913609e-02
4.166598e-02;4.639805e-02;4.169748e-02;5.968629e-02;7.985141e-02;1.424613e-01;1.510641e-01;2.102579e-01;7.592012e-02;1.107540e-01;1.934270e-02;2.090068e-02
1.790392e-02;2.856887e-02;2.513669e-02;5.131687e-02;7.461743e-02;2.435336e-01;1.176703e-01;2.768689e-01;1.113913e-01;3.427642e-02;8.809444e-03;9.906237e-03
7.810655e-03;4.120488e-02;2.340008e-02;3.886443e-02;7.132905e-02;2.579970e-01;1.148176e-01;3.170253e-01;9.843091e-02;1.326929e-02;1.139474e-02;4.456040e-03
1.727272e-02;5.691040e-02;1.143576e-02;2.676044e-02;4.350185e-02;2.747455e-01;1.353956e-01;3.253385e-01;6.823200e-02;2.067881e-02;1.697261e-02;2.755697e-03
3.031445e-02;5.642139e-02;1.338149e-02;2.590560e-02;2.312893e-02;3.309230e-01;1.398858e-01;2.756224e-01;3.270175e-02;4.531862e-02;2.063124e-02;5.765426e-03
3.860945e-02;3.488284e-02;2.305612e-02;5.162069e-02;4.639999e-02;3.814382e-01;1.160111e-01;1.778963e-01;4.434986e-02;5.667690e-02;1.748196e-02;1.157653e-02
4.666633e-02;3.231027e-02;3.897084e-02;5.746049e-02;9.923153e-02;3.824931e-01;9.357905e-02;7.619702e-02;7.657692e-02;4.978198e-02;1.844104e-02;2.829144e-02
6.208709e-02;3.024135e-02;3.233743e-02;4.686904e-02;1.054952e-01;3.257667e-01;8.713241e-02;1.402427e-01;6.836147e-02;5.008256e-02;1.374002e-02;3.764404e-02
9.817372e-02;3.465602e-02;2.440911e-02;5.003585e-02;3.709561e-02;3.252264e-01;1.275183e-01;1.130624e-01;3.401569e-02;9.603859e-02;3.163001e-02;2.813835e-02
9.763614e-02;4.615069e-02;8.181229e-03;6.609062e-02;1.592204e-02;2.766318e-01;1.986311e-01;1.166142e-01;2.630016e-02;7.355388e-02;5.690007e-02;1.738806e-02
1.268796e-01;4.130960e-02;5.767914e-03;7.262053e-02;1.747452e-02;2.665229e-01;2.104094e-01;8.973365e-02;2.033607e-02;7.022768e-02;6.527984e-02;1.343834e-02
1.493615e-01;2.421293e-02;1.944904e-02;5.819825e-02;3.382630e-02;3.122804e-01;1.540462e-01;4.045692e-02;2.689603e-02;1.090352e-01;3.934148e-02;3.289582e-02
1.173761e-01;1.430261e-02;4.380175e-02;3.722586e-02;9.963362e-02;3.214430e-01;1.034590e-01;1.341446e-02;5.376300e-02;8.372708e-02;1.940704e-02;9.244649e-02
4.679357e-02;1.064547e-02;5.110263e-02;3.567565e-02;2.139500e-01;2.256816e-01;6.070618e-02;6.785287e-03;8.629506e-02;3.283617e-02;1.503889e-02;2.144895e-01
2.565560e-02;1.355813e-02;2.962389e-02;5.198925e-02;2.989352e-01;8.964253e-02;3.215927e-02;1.003493e-02;8.835515e-02;1.400748e-02;1.793752e-02;3.281011e-01
2.702592e-02;8.679876e-03;3.001473e-02;6.255382e-02;3.018952e-01;8.898871e-02;1.616008e-02;1.296042e-02;7.411134e-02;1.531090e-02;1.947206e-02;3.428270e-01
3.395158e-02;1.617229e-02;3.658517e-02;7.776275e-02;2.641665e-01;1.817490e-01;1.459256e-02;1.769929e-02;5.553747e-02;1.738843e-02;1.404234e-02;2.703526e-01
2.676069e-02;4.017958e-02;7.044160e-02;1.019958e-01;2.170584e-01;2.358160e-01;3.046400e-02;1.690275e-02;2.595726e-02;2.198131e-02;1.660485e-02;1.958378e-01
2.896816e-02;6.176448e-02;8.383391e-02;1.021386e-01;1.703898e-01;2.337687e-01;5.559254e-02;1.835469e-02;3.005459e-02;2.568386e-02;3.252166e-02;1.569290e-01
2.498690e-02;4.235747e-02;5.066805e-02;5.585387e-02;2.011926e-01;2.404664e-01;9.120137e-02;4.370596e-02;5.020795e-02;2.944498e-02;2.746576e-02;1.424488e-01
5.397215e-02;2.929873e-02;3.149815e-02;2.780398e-02;1.679535e-01;2.692695e-01;8.422716e-02;6.506941e-02;4.792985e-02;3.642154e-02;1.402837e-02;1.725276e-01
6.664055e-02;2.513754e-02;3.894730e-02;5.649628e-02;1.407178e-01;2.599566e-01;7.000898e-02;5.074088e-02;4.783780e-02;2.874137e-02;1.957744e-02;1.951974e-01
3.121791e-02;2.502163e-02;3.835382e-02;7.118505e-02;1.633162e-01;2.393403e-01;1.062871e-01;4.449512e-02;4.565579e-02;3.484242e-02;1.926903e-02;1.810157e-01
3.283481e-02;3.514075e-02;4.135096e-02;7.728911e-02;2.019968e-01;1.526279e-01;1.349580e-01;5.754952e-02;3.626273e-02;5.384821e-02;2.922225e-02;1.469189e-01
2.897443e-02;5.902870e-02;5.067165e-02;6.164918e-02;2.111604e-01;1.213864e-01;1.297507e-01;5.407072e-02;3.074174e-02;7.532974e-02;6.821612e-02;1.090202e-01
3.239083e-02;6.742296e-02;1.514145e-01;9.633345e-02;1.125915e-01;5.513004e-02;1.004895e-01;3.504675e-02;3.948884e-02;1.610976e-01;8.431004e-02;6.428397e-02
2.564779e-02;6.390718e-02;2.084828e-01;9.302476e-02;7.512007e-02;3.863089e-02;1.061154e-01;2.480284e-02;5.163676e-02;2.106734e-01;6.755783e-02;3.440035e-02
1.396806e-02;8.653737e-02;2.267742e-01;6.066530e-02;5.809545e-02;5.316215e-02;1.033070e-01;1.228325e-02;9.003477e-02;2.292982e-01;4.205635e-02;2.381791e-02
1.028062e-02;1.451790e-01;1.569819e-01;3.106689e-02;3.299130e-02;1.208637e-01;7.182872e-02;2.867719e-02;2.014344e-01;1.566085e-01;2.590685e-02;1.818094e-02
3.062621e-02;1.725830e-01;7.535889e-02;3.173739e-02;3.067481e-02;1.430558e-01;4.833953e-02;7.461119e-02;3.078610e-01;5.071289e-02;2.450984e-02;9.929491e-03
6.557223e-02;1.213648e-01;3.688775e-02;2.907477e-02;6.482411e-02;8.902901e-02;5.627886e-02;1.752546e-01;2.340780e-01;4.322376e-02;6.555307e-02;1.885901e-02
1.055219e-01;8.809645e-02;4.758842e-02;1.796690e-02;8.766316e-02;4.573484e-02;4.870003e-02;3.107822e-01;7.140155e-02;4.480225e-02;1.100522e-01;2.169006e-02
1.174812e-01;4.962032e-02;5.472703e-02;1.281348e-02;7.414163e-02;5.610843e-02;6.929690e-02;3.809545e-01;4.000633e-02;2.571722e-02;9.218276e-02;2.695025e-02
1.101816e-01;5.833493e-02;5.838441e-02;2.454805e-02;5.445584e-02;5.945002e-02;1.169188e-01;3.646753e-01;3.903552e-02;2.667610e-02;4.633071e-02;4.100874e-02
1.018186e-01;9.086384e-02;5.786233e-02;3.359948e-02;5.104633e-02;8.369870e-02;8.802392e-02;2.844328e-01;6.581531e-02;6.128479e-02;2.768722e-02;5.386662e-02
5.584067e-02;8.240373e-02;8.052454e-02;2.944381e-02;3.780079e-02;6.518605e-02;6.572843e-02;2.488270e-01;9.708858e-02;1.117191e-01;4.525396e-02;8.018325e-02
2.409025e-02;9.899289e-02;8.220836e-02;2.587542e-02;3.757887e-02;5.326103e-02;7.599517e-02;2.445175e-01;6.685462e-02;1.393427e-01;6.792233e-02;8.336092e-02
2.733260e-02;1.071164e-01;6.453637e-02;2.425021e-02;4.687078e-02;6.055391e-02;5.980295e-02;1.913258e-01;1.223936e-01;1.467689e-01;8.193465e-02;6.711377e-02
5.182913e-02;1.158157e-01;7.329018e-02;3.448157e-02;4.498449e-02;6.451464e-02;7.247274e-02;1.219766e-01;1.856628e-01;1.151696e-01;6.368696e-02;5.611554e-02
5.661798e-02;7.751006e-02;8.426305e-02;3.094928e-02;2.691574e-02;1.319365e-01;1.324899e-01;1.297214e-01;1.290927e-01;6.925623e-02;6.605225e-02;6.519495e-02
4.362699e-02;5.017636e-02;6.974316e-02;2.859432e-02;6.131011e-02;1.572680e-01;1.386074e-01;1.484168e-01;1.094578e-01;6.958834e-02;4.467246e-02;7.853837e-02
4.002842e-02;6.859813e-02;5.519043e-02;2.800892e-02;7.906720e-02;1.475375e-01;1.368534e-01;1.590549e-01;1.536377e-01;2.527909e-02;2.959740e-02;7.714678e-02
3.066106e-02;9.411325e-02;4.811348e-02;3.249452e-02;8.865039e-02;9.016741e-02;1.008615e-01;1.374424e-01;1.881382e-01;8.526804e-02;2.952218e-02;7.456753e-02
3.567193e-02;1.393736e-01;9.138775e-02;2.077848e-02;9.794839e-02;1.037453e-01;5.119063e-02;1.019314e-01;1.684050e-01;9.777138e-02;2.948925e-02;6.230689e-02
4.425070e-02;1.457146e-01;1.653392e-01;4.025108e-02;8.228807e-02;9.759531e-02;5.943713e-02;8.974992e-02;1.417733e-01;6.068236e-02;2.316306e-02;4.975539e-02
7.947817e-02;7.873920e-02;1.868330e-01;9.072984e-02;7.214279e-02;7.029101e-02;7.224746e-02;1.145834e-01;1.440646e-01;4.659145e-02;1.975468e-02;2.454442e-02
8.073201e-02;8.067185e-02;1.761699e-01;1.150561e-01;7.985633e-02;5.939180e-02;6.029697e-02;1.426333e-01;1.390373e-01;2.969160e-02;1.600539e-02;2.045750e-02
4.120068e-02;1.265944e-01;2.310285e-01;8.525231e-02;6.518789e-02;6.673879e-02;4.464258e-02;1.672998e-01;9.659874e-02;1.831593e-02;1.268764e-02;4.445277e-02
3.065706e-02;1.097123e-01;3.064194e-01;6.969943e-02;4.214850e-02;5.162653e-02;5.205459e-02;1.947429e-01;5.707563e-02;2.203261e-02;2.286719e-02;4.096380e-02
3.487575e-02;1.743222e-01;2.706814e-01;6.337830e-02;4.303196e-02;5.552627e-02;6.602678e-02;1.698488e-01;3.966525e-02;2.304078e-02;3.979649e-02;1.980601e-02
3.460303e-02;2.635090e-01;1.874103e-01;4.222838e-02;4.629324e-02;9.281900e-02;7.649150e-02;1.276260e-01;4.168956e-02;2.908705e-02;4.175217e-02;1.649075e-02
6.528290e-02;2.691438e-01;1.728031e-01;4.804490e-02;5.011061e-02;1.380911e-01;5.131014e-02;7.432208e-02;3.204932e-02;4.243220e-02;3.037236e-02;2.603756e-02
8.938522e-02;2.749719e-01;1.249246e-01;4.447661e-02;6.663153e-02;1.965914e-01;4.044511e-02;2.476729e-02;2.535184e-02;4.101440e-02;3.430969e-02;3.713035e-02
5.881784e-02;2.116583e-01;1.313949e-01;6.904156e-02;9.553505e-02;1.674651e-01;2.710772e-02;5.701233e-02;4.650154e-02;3.183677e-02;3.834153e-02;6.528727e-02
5.723859e-02;1.270596e-01;1.138055e-01;1.016016e-01;1.487504e-01;1.223373e-01;3.514113e-02;8.194151e-02;7.068635e-02;3.253686e-02;2.007446e-02;8.882668e-02
6.689758e-02;1.481226e-01;8.239405e-02;1.177505e-01;1.491355e-01;6.151479e-02;2.939997e-02;1.228632e-01;8.334970e-02;2.754261e-02;4.489738e-02;6.613202e-02
3.359547e-02;1.539964e-01;1.163410e-01;1.056145e-01;1.194061e-01;1.048286e-01;4.143825e-02;1.177714e-01;6.260961e-02;2.486987e-02;5.608618e-02;6.344266e-02
5.735927e-02;1.844938e-01;1.173979e-01;8.222118e-02;9.407534e-02;1.585297e-01;6.615216e-02;7.352508e-02;4.379493e-02;1.738774e-02;3.983425e-02;6.522862e-02
5.922847e-02;1.988629e-01;1.358629e-01;4.699650e-02;7.066241e-02;1.319358e-01;4.118867e-02;1.077906e-01;6.818382e-02;4.319654e-02;5.540245e-02;4.068898e-02
4.590542e-02;1.610105e-01;1.053178e-01;4.743744e-02;9.665808e-02;1.227162e-01;5.028561e-02;1.696996e-01;6.683238e-02;4.709386e-02;5.829962e-02;2.874346e-02
5.290322e-02;1.237609e-01;1.131336e-01;4.907460e-02;1.007314e-01;8.832158e-02;5.635278e-02;1.851223e-01;7.960014e-02;6.350195e-02;4.569272e-02;4.180491e-02
4.525802e-02;9.649497e-02;1.555221e-01;5.849705e-02;7.901124e-02;1.154538e-01;8.294017e-02;1.535720e-01;6.205247e-02;7.216660e-02;4.002752e-02;3.900413e-02
4.130478e-02;5.993414e-02;1.813098e-01;3.353187e-02;6.013091e-02;1.480813e-01;6.827591e-02;1.795443e-01;8.484627e-02;6.200055e-02;4.005512e-02;4.098515e-02
4.528646e-02;1.243885e-01;2.009748e-01;4.054927e-02;5.422945e-02;1.217490e-01;2.938172e-02;1.700455e-01;1.058398e-01;4.192157e-02;3.418595e-02;3.144803e-02
3.908102e-02;1.528553e-01;1.694780e-01;2.566260e-02;5.063290e-02;9.853463e-02;5.376000e-02;1.660321e-01;1.390336e-01;3.571011e-02;4.478498e-02;2.443474e-02
4.363658e-02;1.031113e-01;1.020914e-01;1.904481e-02;4.531412e-02;1.163417e-01;8.255994e-02;2.000630e-01;1.549048e-01;4.557171e-02;5.531066e-02;3.204992e-02
