7.638551e-02;5.478928e-02;9.715331e-02;5.215426e-02;9.167060e-02;6.988646e-02;1.007094e-01;7.896410e-02;1.027768e-01;1.009308e-01;1.141179e-01;6.046158e-02
7.197092e-02;7.504563e-02;1.184938e-01;4.637089e-02;8.481167e-02;9.541844e-02;1.169840e-01;7.704552e-02;7.907095e-02;7.713464e-02;1.034274e-01;5.422620e-02
6.141475e-02;7.432704e-02;1.198040e-01;6.630736e-02;4.597221e-02;1.137629e-01;1.344894e-01;7.917767e-02;6.554864e-02;1.191345e-01;8.097738e-02;3.908413e-02
5.724496e-02;6.374412e-02;9.917212e-02;7.695737e-02;6.115461e-02;1.079344e-01;1.369833e-01;7.429238e-02;4.674288e-02;1.483466e-01;7.087974e-02;5.654744e-02
5.939401e-02;5.073018e-02;1.392396e-01;6.760702e-02;1.028412e-01;7.916870e-02;1.253527e-01;8.175325e-02;4.437899e-02;1.364070e-01;4.550997e-02;6.761736e-02
8.869441e-02;5.625551e-02;1.486984e-01;6.079050e-02;9.423519e-02;7.027321e-02;1.821130e-01;7.488555e-02;5.226982e-02;8.575860e-02;4.480272e-02;4.122314e-02
6.854375e-02;4.338527e-02;1.575483e-01;6.584449e-02;1.060796e-01;7.604673e-02;1.635312e-01;1.111748e-01;5.591005e-02;7.053471e-02;5.390859e-02;2.749251e-02
4.547256e-02;2.997340e-02;2.059090e-01;8.454569e-02;1.214517e-01;6.876225e-02;1.207485e-01;1.482968e-01;3.912693e-02;4.989636e-02;5.326341e-02;3.255337e-02
5.715492e-02;7.433073e-02;2.111475e-01;7.116489e-02;1.201902e-01;6.023205e-02;9.582626e-02;1.173018e-01;5.389778e-02;4.576376e-02;3.080034e-02;6.218968e-02
8.311196e-02;9.603214e-02;1.433111e-01;4.384323e-02;1.195852e-01;7.621811e-02;1.188831e-01;6.201534e-02;9.569432e-02;3.523827e-02;2.576006e-02;1.003072e-01
8.985591e-02;6.597138e-02;1.478183e-01;4.677334e-02;1.246644e-01;7.481356e-02;1.156321e-01;3.451612e-02;1.308867e-01;2.692383e-02;2.504097e-02;1.171034e-01
1.248789e-01;7.175892e-02;1.385065e-01;4.038389e-02;1.143814e-01;6.884594e-02;8.190000e-02;1.550558e-02;1.512459e-01;4.338308e-02;1.535827e-02;1.338515e-01
1.475498e-01;9.013332e-02;9.934147e-02;2.839784e-02;9.042353e-02;6.219350e-02;7.273690e-02;1.646821e-02;1.454051e-01;7.189906e-02;2.407878e-02;1.513725e-01
1.563345e-01;6.279933e-02;9.486340e-02;2.697122e-02;7.913725e-02;6.063887e-02;7.708514e-02;2.872126e-02;1.289539e-01;7.945723e-02;5.504235e-02;1.499956e-01
1.331174e-01;2.767385e-02;1.406193e-01;4.254094e-02;8.713770e-02;5.240370e-02;1.026820e-01;3.875722e-02;1.015859e-01;7.718042e-02;7.406403e-02;1.222376e-01
7.999565e-02;2.200023e-02;2.562186e-01;5.846797e-02;1.123422e-01;6.664477e-02;1.001984e-01;2.491747e-02;9.246168e-02;6.051798e-02;6.794859e-02;5.828652e-02
8.196406e-02;4.538409e-02;2.901230e-01;5.782818e-02;1.134430e-01;6.309253e-02;6.892813e-02;1.939767e-02;1.199402e-01;2.884020e-02;5.031344e-02;6.074550e-02
1.046163e-01;5.040991e-02;2.043628e-01;6.393936e-02;1.132722e-01;5.746796e-02;1.208328e-01;3.494095e-02;1.029843e-01;3.547381e-02;4.421323e-02;6.748646e-02
1.295170e-01;6.321505e-02;1.255181e-01;6.518666e-02;1.370503e-01;6.115668e-02;1.827709e-01;4.163319e-02;5.104044e-02;2.886302e-02;4.017939e-02;7.386938e-02
1.168960e-01;6.438015e-02;1.852207e-01;4.323638e-02;1.319250e-01;6.228517e-02;1.507033e-01;4.633602e-02;4.009202e-02;5.686548e-02;2.559241e-02;7.646750e-02
1.112146e-01;4.411309e-02;1.466018e-01;7.322348e-02;7.942000e-02;7.569946e-02;1.201411e-01;5.160372e-02;8.551384e-02;9.980893e-02;5.959132e-02;5.306873e-02
9.263419e-02;5.471455e-02;1.397083e-01;7.530351e-02;6.799645e-02;8.080900e-02;1.181922e-01;5.954534e-02;9.480895e-02;8.427486e-02;6.804052e-02;6.397215e-02
6.281007e-02;7.123695e-02;9.703751e-02;8.758356e-02;8.311865e-02;8.919962e-02;1.063617e-01;6.673633e-02;1.011403e-01;7.093521e-02;7.591578e-02;8.792436e-02
3.282992e-02;6.938259e-02;2.183855e-01;8.916311e-02;4.822717e-02;1.091504e-01;1.031392e-01;6.525148e-02;7.240903e-02;4.478071e-02;6.589341e-02;8.138749e-02
3.293635e-02;6.987063e-02;2.822889e-01;6.856988e-02;2.770971e-02;1.284366e-01;1.148458e-01;7.203037e-02;5.424922e-02;4.745216e-02;3.836756e-02;6.324283e-02
2.798838e-02;6.535362e-02;2.886381e-01;5.808970e-02;4.092157e-02;1.419085e-01;1.200162e-01;7.795262e-02;6.382386e-02;5.039657e-02;1.482231e-02;5.008855e-02
3.319959e-02;5.539638e-02;2.502803e-01;8.390375e-02;7.030772e-02;1.311724e-01;1.312769e-01;6.721396e-02;7.600874e-02;3.833073e-02;1.741410e-02;4.549547e-02
2.411207e-02;2.904121e-02;2.003703e-01;1.264036e-01;1.054901e-01;9.074956e-02;1.182522e-01;9.740374e-02;9.357668e-02;5.170590e-02;2.410886e-02;3.878590e-02
3.521039e-02;1.236955e-02;1.307091e-01;1.726532e-01;1.216791e-01;1.155919e-01;9.284570e-02;1.004304e-01;1.187401e-01;6.205800e-02;1.787871e-02;1.983390e-02
3.164420e-02;2.408449e-02;7.037467e-02;1.550465e-01;1.884141e-01;1.621608e-01;7.239560e-02;6.811850e-02;1.074069e-01;9.175158e-02;1.682276e-02;1.177988e-02
1.957097e-02;4.903159e-02;3.306834e-02;9.248462e-02;3.054880e-01;1.589729e-01;3.893907e-02;2.702844e-02;7.145214e-02;1.743406e-01;1.591719e-02;1.370612e-02
8.883381e-03;7.944853e-02;1.170046e-02;5.266042e-02;3.710530e-01;1.024329e-01;2.235573e-02;1.300732e-02;4.518192e-02;2.586562e-01;2.030333e-02;1.431676e-02
3.252266e-02;8.045641e-02;1.250220e-02;6.297433e-02;3.146069e-01;8.680798e-02;1.570068e-02;9.887613e-03;9.489488e-02;2.701601e-01;1.017644e-02;9.309810e-03
6.178405e-02;5.515799e-02;1.752114e-02;1.019223e-01;2.197813e-01;8.278709e-02;3.453686e-02;1.057178e-02;1.421483e-01;2.605870e-01;8.211754e-03;4.990455e-03
7.542140e-02;4.008373e-02;2.657558e-02;1.322114e-01;1.621062e-01;7.649198e-02;4.786152e-02;1.100056e-02;1.867972e-01;2.257123e-01;9.743081e-03;5.995078e-03
7.622442e-02;2.756719e-02;2.323717e-02;1.524191e-01;1.495962e-01;6.572174e-02;6.270902e-02;1.420860e-02;2.274120e-01;1.791609e-01;1.563485e-02;6.108779e-03
8.583339e-02;2.547963e-02;3.007949e-02;1.608700e-01;1.290771e-01;5.392704e-02;6.939121e-02;2.332733e-02;2.363775e-01;1.597351e-01;1.831977e-02;7.582497e-03
8.051179e-02;2.781557e-02;8.598831e-02;1.848148e-01;8.109218e-02;3.502422e-02;8.078494e-02;4.007391e-02;2.257140e-01;1.205003e-01;1.532229e-02;2.235768e-02
6.075324e-02;2.757591e-02;1.772057e-01;1.890560e-01;5.596821e-02;2.722932e-02;8.479419e-02;6.587958e-02;1.889102e-01;7.196958e-02;1.467480e-02;3.598332e-02
5.043457e-02;4.195514e-02;2.401603e-01;1.755529e-01;8.640883e-02;3.326609e-02;8.355754e-02;6.441247e-02;1.071305e-01;5.991474e-02;1.762409e-02;3.958283e-02
2.831951e-02;4.871626e-02;2.089275e-01;1.540072e-01;1.302519e-01;2.676455e-02;8.351314e-02;5.237458e-02;1.093274e-01;1.001959e-01;1.948677e-02;3.811529e-02
5.880594e-02;4.464801e-02;1.074074e-01;1.158324e-01;2.049411e-01;5.227233e-02;9.933815e-02;5.155890e-02;1.044137e-01;1.016075e-01;2.723144e-02;3.194323e-02
6.702936e-02;2.507267e-02;9.853265e-02;1.673713e-01;2.237074e-01;6.381328e-02;1.419255e-01;4.653742e-02;5.298776e-02;5.387576e-02;2.492160e-02;3.422536e-02
3.343710e-02;3.633105e-02;1.143718e-01;1.682326e-01;2.289297e-01;6.174471e-02;1.263748e-01;3.420345e-02;8.761427e-02;6.009859e-02;2.033573e-02;2.832614e-02
3.689581e-02;1.986682e-02;8.907387e-02;1.449965e-01;2.366481e-01;5.966251e-02;1.073314e-01;4.031512e-02;1.354259e-01;7.194879e-02;3.245093e-02;2.538425e-02
4.649872e-02;2.636418e-02;8.437849e-02;1.422880e-01;1.870770e-01;5.406408e-02;1.036226e-01;3.600113e-02;1.637601e-01;8.919975e-02;3.799459e-02;2.875134e-02
3.187792e-02;3.432109e-02;8.843068e-02;1.384537e-01;1.966501e-01;7.483110e-02;7.469380e-02;5.001885e-02;1.309032e-01;1.185065e-01;3.059608e-02;3.071696e-02
4.066018e-02;2.684262e-02;1.135380e-01;1.478157e-01;2.002894e-01;6.904428e-02;6.028570e-02;6.972458e-02;1.264267e-01;9.091397e-02;1.954402e-02;3.491477e-02
5.669322e-02;2.097424e-02;1.395551e-01;1.627751e-01;1.778684e-01;6.022238e-02;4.796616e-02;7.753493e-02;1.278273e-01;6.380948e-02;3.308113e-02;3.169258e-02
4.710770e-02;2.919319e-02;1.870304e-01;9.716063e-02;1.578603e-01;5.441217e-02;1.065764e-01;6.170941e-02;8.003081e-02;8.846053e-02;5.225183e-02;3.820669e-02
2.608970e-02;1.841752e-02;2.132975e-01;9.529994e-02;9.835741e-02;7.293848e-02;1.323097e-01;6.951313e-02;9.235973e-02;9.373518e-02;5.128676e-02;3.639495e-02
1.801220e-02;2.436746e-02;2.294788e-01;8.233108e-02;7.120188e-02;9.658063e-02;1.423987e-01;1.061973e-01;8.695362e-02;6.888808e-02;3.200275e-02;4.158752e-02
1.052968e-02;2.952054e-02;2.417060e-01;4.997995e-02;5.664425e-02;8.448616e-02;1.964459e-01;1.456859e-01;6.547564e-02;5.392706e-02;2.202074e-02;4.357822e-02
1.775320e-02;6.358222e-02;1.978929e-01;3.482519e-02;8.122037e-02;4.927078e-02;2.543139e-01;1.202419e-01;5.257144e-02;4.553689e-02;5.117457e-02;3.161664e-02
2.451904e-02;9.596454e-02;9.706444e-02;3.200967e-02;9.518225e-02;6.355315e-02;3.046375e-01;5.617866e-02;6.819452e-02;4.758797e-02;9.508265e-02;2.002563e-02
5.363594e-02;9.010822e-02;2.650477e-02;3.467632e-02;4.665557e-02;6.249454e-02;2.584353e-01;6.390646e-02;8.826483e-02;1.306371e-01;1.033954e-01;4.128558e-02
1.296163e-01;7.774106e-02;6.307181e-02;3.034617e-02;2.834772e-02;5.502015e-02;1.537176e-01;3.975493e-02;8.309247e-02;1.818934e-01;1.111476e-01;4.625076e-02
2.024390e-01;7.014228e-02;5.473908e-02;1.976148e-02;4.686477e-02;6.636136e-02;1.084975e-01;2.423225e-02;1.246714e-01;1.696535e-01;7.992687e-02;3.271058e-02
1.952904e-01;3.798793e-02;3.329632e-02;1.956937e-02;8.130991e-02;6.616293e-02;8.107945e-02;1.689468e-02;1.935702e-01;1.093930e-01;4.767258e-02;1.177732e-01
1.192280e-01;1.508852e-02;3.651074e-02;3.623774e-02;1.103980e-01;5.222262e-02;4.599901e-02;3.102594e-02;2.237040e-01;5.752671e-02;4.879852e-02;2.232602e-01
5.478377e-02;2.357991e-02;5.587492e-02;6.779305e-02;1.087928e-01;3.159055e-02;1.977699e-02;5.545852e-02;1.678876e-01;4.584202e-02;1.251194e-01;2.435005e-01
1.054203e-02;2.166855e-02;7.876281e-02;1.034876e-01;8.086401e-02;1.303120e-02;1.684173e-02;9.203160e-02;1.145402e-01;4.968073e-02;2.602611e-01;1.582884e-01
1.455528e-02;8.421454e-03;1.210855e-01;1.084027e-01;5.745380e-02;1.120209e-02;2.996668e-02;1.131461e-01;7.654687e-02;4.580330e-02;3.523277e-01;6.108845e-02
1.134051e-02;7.827961e-03;1.509499e-01;9.940488e-02;4.486399e-02;1.633267e-02;4.001844e-02;1.011462e-01;3.629232e-02;7.568767e-02;4.024348e-01;1.370076e-02
1.953514e-02;8.328566e-03;1.812665e-01;7.246162e-02;2.965294e-02;1.743663e-02;6.217404e-02;7.751317e-02;3.317605e-02;1.121673e-01;3.702501e-01;1.603797e-02
2.221402e-02;7.848796e-03;2.094782e-01;4.767704e-02;2.042703e-02;1.322459e-02;7.343148e-02;6.720147e-02;3.202413e-02;1.625856e-01;3.229487e-01;2.093888e-02
2.834254e-02;1.153384e-02;2.490524e-01;2.529801e-02;1.849188e-02;1.672889e-02;4.971949e-02;5.820110e-02;3.281957e-02;2.238451e-01;2.583949e-01;2.757226e-02
5.756560e-02;3.113222e-02;2.460689e-01;2.161855e-02;2.220520e-02;2.185251e-02;4.509718e-02;5.869284e-02;6.997290e-02;1.936909e-01;1.763864e-01;5.571691e-02
9.584294e-02;4.687193e-02;1.880679e-01;3.744594e-02;2.378375e-02;2.446239e-02;8.740520e-02;6.415273e-02;7.362445e-02;1.512197e-01;1.238966e-01;8.322652e-02
1.113882e-01;3.622289e-02;1.585924e-01;4.229738e-02;2.837490e-02;2.654401e-02;1.166862e-01;6.775821e-02;5.727500e-02;1.445533e-01;1.047894e-01;1.055181e-01
1.151486e-01;2.149304e-02;1.400949e-01;4.548668e-02;3.470813e-02;2.112754e-02;1.296175e-01;1.045851e-01;3.736041e-02;1.139131e-01;1.228164e-01;1.136486e-01
1.078284e-01;2.937078e-02;1.779600e-01;6.276558e-02;4.954259e-02;1.743209e-02;7.632679e-02;7.227714e-02;4.991794e-02;1.091539e-01;1.472860e-01;1.001386e-01
7.880142e-02;3.795165e-02;2.112696e-01;5.572959e-02;5.479135e-02;1.883541e-02;9.001730e-02;7.652947e-02;5.571698e-02;1.496291e-01;9.980799e-02;7.092023e-02
5.804365e-02;2.856089e-02;2.298936e-01;5.592588e-02;3.617869e-02;1.406322e-02;6.006544e-02;7.238024e-02;5.135171e-02;1.649972e-01;1.923515e-01;3.618799e-02
3.003555e-02;1.270439e-02;2.631575e-01;6.259783e-02;3.040280e-02;1.371773e-02;5.941968e-02;4.120817e-02;4.193270e-02;1.873783e-01;2.452255e-01;1.221981e-02
3.056865e-02;1.830946e-02;2.884785e-01;4.439344e-02;4.090343e-02;1.627059e-02;3.724659e-02;5.192693e-02;5.368255e-02;1.551187e-01;2.255133e-01;3.758784e-02
2.856144e-02;1.948705e-02;2.717065e-01;4.292988e-02;3.993863e-02;1.925853e-02;4.762945e-02;8.674673e-02;5.629442e-02;1.321370e-01;1.917234e-01;6.358701e-02
4.770213e-02;2.315733e-02;2.175749e-01;5.788086e-02;3.225058e-02;3.016998e-02;8.933382e-02;1.019596e-01;7.799721e-02;1.324579e-01;1.153636e-01;7.415207e-02
5.721852e-02;6.870146e-02;9.807235e-02;7.611299e-02;9.890877e-02;7.773042e-02;9.801639e-02;9.946598e-02;1.057835e-01;1.248976e-01;4.304945e-02;5.204264e-02
5.049617e-02;7.447933e-02;7.926551e-02;7.705522e-02;1.061861e-01;8.546252e-02;9.721167e-02;9.791306e-02;1.293026e-01;1.261307e-01;3.427613e-02;4.222101e-02
3.222100e-02;8.513243e-02;1.337888e-01;8.083241e-02;8.867027e-02;7.427342e-02;1.104408e-01;6.812489e-02;9.825147e-02;1.113533e-01;6.077411e-02;5.613710e-02
5.747213e-02;1.048747e-01;2.002292e-01;5.399676e-02;3.659049e-02;3.243877e-02;1.438950e-01;7.830337e-02;5.448024e-02;7.827318e-02;1.028636e-01;5.658262e-02
7.126785e-02;1.319864e-01;2.312326e-01;2.649629e-02;2.442611e-02;2.208466e-02;1.608568e-01;6.695209e-02;3.613136e-02;6.648799e-02;1.358453e-01;2.623251e-02
6.257065e-02;1.256537e-01;2.774976e-01;2.772204e-02;2.244856e-02;1.651221e-02;1.462129e-01;5.515766e-02;2.292614e-02;4.225099e-02;1.440250e-01;5.702258e-02
2.933063e-02;6.562091e-02;3.137920e-01;5.599599e-02;1.361776e-02;1.518385e-02;9.653229e-02;7.391986e-02;5.569004e-02;3.283050e-02;1.012083e-01;1.462779e-01
6.218896e-02;2.243583e-02;2.636395e-01;9.931909e-02;2.158710e-02;1.474052e-02;4.289134e-02;6.818023e-02;1.295604e-01;4.726913e-02;4.176948e-02;1.864185e-01
1.387759e-01;1.944160e-02;1.395516e-01;1.328338e-01;4.252365e-02;1.081716e-02;1.600496e-02;3.657955e-02;2.292160e-01;9.425218e-02;1.683422e-02;1.231693e-01
1.647299e-01;4.084461e-02;6.531127e-02;1.238812e-01;7.828166e-02;1.395946e-02;1.448592e-02;1.690826e-02;2.329618e-01;1.705170e-01;2.620331e-02;5.191555e-02
1.120300e-01;9.803668e-02;3.739114e-02;9.445507e-02;1.229472e-01;1.976221e-02;1.673804e-02;9.693705e-03;1.504002e-01;2.967522e-01;2.192673e-02;1.986680e-02
2.463488e-02;1.702816e-01;2.907166e-02;6.908226e-02;1.295253e-01;2.231652e-02;1.563407e-02;9.514326e-03;9.286150e-02;3.888080e-01;2.717416e-02;2.109578e-02
9.053014e-02;1.945871e-01;3.271292e-02;5.382482e-02;1.000344e-01;2.028553e-02;1.748271e-02;8.072904e-03;1.246581e-01;3.333189e-01;1.005544e-02;1.443713e-02
1.677011e-01;1.521123e-01;4.705967e-02;9.251895e-02;6.914424e-02;1.359873e-02;2.561760e-02;8.971565e-03;1.909328e-01;2.037524e-01;1.831128e-02;1.027934e-02
2.176576e-01;7.356514e-02;5.915509e-02;1.747041e-01;4.051571e-02;8.479820e-03;2.022146e-02;2.453796e-02;2.466252e-01;1.009798e-01;1.438559e-02;1.917251e-02
1.628606e-01;2.220628e-02;1.099595e-01;2.432114e-01;2.126929e-02;2.537949e-02;1.898264e-02;7.199106e-02;1.987148e-01;4.778055e-02;1.938591e-02;5.825847e-02
7.998443e-02;2.325943e-02;1.845057e-01;2.005343e-01;2.968843e-02;4.525004e-02;7.646275e-02;1.241514e-01;9.552513e-02;2.570664e-02;2.637936e-02;8.855248e-02
4.539096e-02;5.918651e-02;1.628200e-01;9.281245e-02;8.210331e-02;4.869201e-02;1.748655e-01;1.198755e-01;6.290080e-02;2.337613e-02;6.015827e-02;6.781863e-02
5.232698e-02;9.269641e-02;8.703701e-02;4.163169e-02;1.510059e-01;7.732335e-02;2.250925e-01;6.998534e-02;3.458067e-02;5.437622e-02;8.336626e-02;3.057770e-02
7.454158e-02;5.426472e-02;6.199360e-02;9.843776e-02;1.706716e-01;1.317437e-01;1.633878e-01;3.298834e-02;4.870193e-02;6.747635e-02;6.375103e-02;3.204150e-02
4.485772e-02;3.011686e-02;1.581041e-01;1.085056e-01;1.775394e-01;1.302977e-01;1.222295e-01;2.369477e-02;6.354252e-02;4.195140e-02;5.834386e-02;4.081653e-02
4.601443e-02;2.150739e-02;2.656230e-01;7.538893e-02;1.497092e-01;1.025041e-01;1.088687e-01;3.985179e-02;6.200802e-02;3.654755e-02;6.532207e-02;2.665481e-02
4.303636e-02;4.894898e-02;3.326299e-01;5.998004e-02;1.238962e-01;8.604402e-02;6.630655e-02;7.246702e-02;8.446542e-02;2.476566e-02;4.411594e-02;1.334404e-02
4.144799e-02;6.139849e-02;2.618409e-01;9.248387e-02;1.214671e-01;8.377486e-02;6.690772e-02;9.570233e-02;9.402313e-02;4.484176e-02;2.094224e-02;1.516957e-02
8.362704e-02;5.514028e-02;2.029454e-01;7.650584e-02;9.162229e-02;6.652066e-02;1.121111e-01;9.541324e-02;1.155377e-01;4.857282e-02;2.034505e-02;3.165865e-02
9.221532e-02;4.037391e-02;2.253004e-01;9.651428e-02;6.739670e-02;5.271893e-02;1.224883e-01;9.597559e-02;8.625881e-02;5.081414e-02;2.284084e-02;4.710287e-02
8.493344e-02;2.044572e-02;1.537453e-01;1.368287e-01;7.124609e-02;5.802976e-02;1.563241e-01;1.076019e-01;6.261732e-02;6.099556e-02;4.333119e-02;4.390098e-02
9.267044e-02;4.282685e-02;1.640695e-01;1.130634e-01;6.749306e-02;6.289797e-02;1.382367e-01;8.317063e-02;8.523641e-02;6.497359e-02;5.300061e-02;3.236077e-02
8.664416e-02;7.410357e-02;2.131369e-01;8.482933e-02;6.876609e-02;7.587166e-02;1.258917e-01;5.362699e-02;7.221569e-02;5.519751e-02;7.023599e-02;1.948044e-02
5.796978e-02;9.295094e-02;2.196310e-01;5.279125e-02;8.005974e-02;9.689189e-02;1.250206e-01;5.605780e-02;4.391364e-02;4.423358e-02;1.003685e-01;3.011128e-02
3.771347e-02;1.393374e-01;1.586363e-01;2.590614e-02;9.224606e-02;1.022052e-01;1.040892e-01;7.182813e-02;3.597864e-02;4.696072e-02;1.324044e-01;5.269432e-02
4.944988e-02;1.386687e-01;1.461299e-01;3.486682e-02;9.133125e-02;7.875948e-02;8.703544e-02;6.870934e-02;6.234840e-02;5.700704e-02;1.163861e-01;6.930757e-02
7.266045e-02;1.083640e-01;2.331800e-01;5.935035e-02;4.850067e-02;4.882545e-02;1.356758e-01;5.431898e-02;7.435183e-02;4.452966e-02;7.871652e-02;4.152615e-02
5.650411e-02;9.733096e-02;2.291863e-01;6.612765e-02;5.340355e-02;5.194007e-02;1.918884e-01;5.409034e-02;7.104238e-02;3.552445e-02;7.946659e-02;1.349519e-02
7.210129e-02;9.122945e-02;1.275047e-01;8.736431e-02;8.866892e-02;5.638602e-02;1.705178e-01;6.183253e-02;6.990687e-02;4.773010e-02;1.062048e-01;2.055325e-02
7.435827e-02;1.103393e-01;1.000127e-01;7.940118e-02;1.358306e-01;6.235512e-02;1.548990e-01;5.907595e-02;4.419356e-02;5.307695e-02;9.742571e-02;2.903154e-02
6.390001e-02;7.849000e-02;1.520475e-01;5.105109e-02;1.738508e-01;1.020142e-01;1.437962e-01;6.243568e-02;4.210524e-02;4.138444e-02;5.510557e-02;3.381935e-02
5.391860e-02;7.077031e-02;1.476393e-01;7.589091e-02;1.548559e-01;1.245988e-01;1.279119e-01;5.890284e-02;5.689246e-02;4.665573e-02;4.032112e-02;4.164219e-02
3.978458e-02;5.828141e-02;1.315588e-01;1.000816e-01;1.138247e-01;1.014431e-01;8.992680e-02;5.683896e-02;6.857543e-02;8.742534e-02;1.038689e-01;4.839034e-02
2.563622e-02;5.250394e-02;1.034334e-01;8.792388e-02;7.035389e-02;6.422844e-02;1.003166e-01;5.621012e-02;6.985807e-02;1.428904e-01;1.681149e-01;5.853017e-02
4.885261e-02;6.618845e-02;6.627835e-02;7.195218e-02;5.062596e-02;3.561214e-02;1.391130e-01;7.053009e-02;9.336386e-02;1.232899e-01;1.816708e-01;5.252266e-02
5.465486e-02;5.935358e-02;5.162665e-02;4.545638e-02;3.035475e-02;4.534253e-02;1.984768e-01;8.411273e-02;9.047752e-02;9.642022e-02;1.637129e-01;8.001104e-02
8.379375e-02;6.143187e-02;6.252759e-02;7.650384e-02;2.478903e-02;3.412298e-02;1.687498e-01;6.708337e-02;1.224056e-01;1.142974e-01;9.640735e-02;8.788747e-02
1.116188e-01;7.935731e-02;6.904839e-02;6.920347e-02;4.533264e-02;6.265837e-02;1.259110e-01;5.513587e-02;1.746412e-01;1.224727e-01;4.047969e-02;4.414054e-02
7.223561e-02;3.685595e-02;8.580040e-02;4.864444e-02;8.784048e-02;7.085762e-02;1.555474e-01;1.072550e-01;1.256420e-01;6.306394e-02;7.569612e-02;7.056100e-02
5.235167e-02;2.566954e-02;8.881638e-02;5.229516e-02;1.112026e-01;6.526668e-02;1.455096e-01;1.023620e-01;1.634700e-01;4.809285e-02;6.150008e-02;8.346348e-02
4.155278e-02;1.668447e-02;8.984665e-02;4.849418e-02;1.532041e-01;4.904641e-02;1.131422e-01;8.991966e-02;2.212476e-01;3.142578e-02;4.631776e-02;9.911844e-02
6.885462e-02;1.729506e-02;7.751744e-02;4.294046e-02;1.588483e-01;8.446728e-02;9.093699e-02;6.195365e-02;2.349377e-01;4.872397e-02;3.236809e-02;8.115639e-02
1.254061e-01;2.508508e-02;5.928605e-02;3.915737e-02;1.229860e-01;1.771797e-01;8.990107e-02;4.391843e-02;1.604474e-01;9.261835e-02;2.159639e-02;4.241806e-02
1.325636e-01;5.222253e-02;3.780056e-02;5.551152e-02;8.450135e-02;2.151859e-01;1.483375e-01;3.329437e-02;7.171598e-02;1.166080e-01;3.383473e-02;1.842406e-02
8.601232e-02;8.793415e-02;4.071796e-02;5.108294e-02;8.181681e-02;1.604015e-01;2.485568e-01;3.231642e-02;3.265481e-02;8.277790e-02;7.744207e-02;1.828630e-02
3.323561e-02;8.933904e-02;1.017971e-01;3.308612e-02;1.166301e-01;7.547789e-02;2.787390e-01;6.951287e-02;3.159897e-02;2.978595e-02;1.050505e-01;3.574684e-02
1.002217e-02;5.680826e-02;2.097944e-01;2.845346e-02;1.204925e-01;5.855708e-02;1.931068e-01;1.042376e-01;4.222378e-02;2.295672e-02;8.075713e-02;7.259005e-02
1.693140e-02;3.569607e-02;2.960564e-01;4.588468e-02;9.912737e-02;8.374358e-02;1.108872e-01;1.053682e-01;5.205118e-02;2.216448e-02;3.917681e-02;9.291260e-02
3.212835e-02;3.509234e-02;3.149907e-01;7.299378e-02;7.666920e-02;9.486237e-02;1.015253e-01;8.054477e-02;5.284423e-02;2.293006e-02;2.404718e-02;9.137182e-02
3.980499e-02;4.448006e-02;2.809019e-01;7.281820e-02;6.917414e-02;9.300049e-02;1.641128e-01;6.511713e-02;4.005544e-02;2.955578e-02;1.584156e-02;8.513752e-02
3.840823e-02;3.255250e-02;2.255408e-01;5.625456e-02;7.467121e-02;1.014222e-01;1.831559e-01;7.629655e-02;4.367031e-02;5.619118e-02;3.189986e-02;7.993664e-02
1.696320e-02;1.178664e-02;1.693195e-01;6.234788e-02;7.788837e-02;1.272380e-01;1.960122e-01;9.935096e-02;5.862545e-02;7.414773e-02;2.921687e-02;7.710318e-02
4.183744e-02;3.641652e-02;1.218806e-01;3.842302e-02;8.272880e-02;1.110003e-01;2.672971e-01;9.447157e-02;5.688560e-02;5.661630e-02;2.911672e-02;6.332602e-02
6.393161e-02;5.506658e-02;1.213109e-01;4.119708e-02;8.166764e-02;1.208515e-01;2.402878e-01;7.553654e-02;6.143383e-02;4.680027e-02;4.381406e-02;4.810219e-02
6.278324e-02;3.061999e-02;1.881449e-01;6.238535e-02;8.009741e-02;1.182826e-01;1.567010e-01;7.337879e-02;9.384739e-02;3.892276e-02;4.538766e-02;4.944880e-02
4.125229e-02;2.346847e-02;2.142532e-01;8.358947e-02;1.057971e-01;8.944887e-02;1.067264e-01;8.896842e-02;1.239782e-01;3.326193e-02;4.612446e-02;4.313120e-02
3.104870e-02;4.706308e-02;1.921465e-01;1.196605e-01;1.098420e-01;8.571992e-02;9.814186e-02;9.212762e-02;1.062625e-01;2.990497e-02;4.812532e-02;3.995708e-02
3.861426e-02;4.646102e-02;1.255161e-01;1.146933e-01;1.111224e-01;6.473833e-02;8.880781e-02;9.099063e-02;1.199911e-01;1.035090e-01;3.992304e-02;5.563292e-02
3.634594e-02;4.237790e-02;1.048482e-01;9.114112e-02;1.091874e-01;5.514744e-02;9.377988e-02;1.176849e-01;1.348198e-01;1.194455e-01;4.096806e-02;5.425389e-02
6.441604e-02;5.802139e-02;1.209172e-01;9.201688e-02;1.114407e-01;5.512025e-02;1.071545e-01;8.251576e-02;8.325851e-02;1.074040e-01;5.631934e-02;6.141542e-02
8.784677e-02;9.921112e-02;9.964720e-02;8.702530e-02;1.427070e-01;5.771447e-02;7.485294e-02;3.504891e-02;5.093885e-02;1.331409e-01;8.022604e-02;5.164048e-02
7.040189e-02;1.221334e-01;5.029234e-02;7.170995e-02;1.775126e-01;5.595249e-02;4.427372e-02;4.809495e-02;4.875086e-02;1.926131e-01;8.541396e-02;3.285077e-02
4.900750e-02;1.499399e-01;2.823029e-02;4.560612e-02;1.868889e-01;8.215740e-02;3.008722e-02;7.917451e-02;3.161483e-02;2.330909e-01;6.121069e-02;2.299182e-02
2.628868e-02;1.433068e-01;3.606826e-02;2.336220e-02;1.488421e-01;1.763640e-01;3.266618e-02;7.905026e-02;2.987479e-02;1.857447e-01;1.055248e-01;1.290729e-02
1.228674e-02;8.203389e-02;6.414577e-02;1.930320e-02;1.054539e-01;3.280323e-01;5.468902e-02;4.709138e-02;1.630522e-02;1.030719e-01;1.584150e-01;9.171727e-03
1.196702e-02;2.000802e-02;9.892713e-02;8.220599e-03;5.923235e-02;4.281769e-01;9.230457e-02;1.411991e-02;1.645993e-02;4.659339e-02;1.941298e-01;9.860474e-03
1.199204e-02;1.194934e-02;1.065799e-01;5.978505e-03;3.525522e-02;3.798504e-01;1.240146e-01;1.369958e-02;4.425965e-02;4.340897e-02;2.068669e-01;1.614479e-02
1.588500e-02;1.120642e-02;1.039860e-01;1.022378e-02;2.582501e-02;3.130827e-01;1.169706e-01;1.323804e-02;8.340348e-02;5.372404e-02;2.328229e-01;1.963212e-02
2.572668e-02;1.035715e-02;9.677434e-02;1.407622e-02;3.168600e-02;2.554049e-01;9.102657e-02;3.691904e-02;1.021174e-01;6.904060e-02;2.381290e-01;2.874205e-02
3.218554e-02;1.407240e-02;8.507689e-02;2.199518e-02;5.967202e-02;2.052242e-01;1.349778e-01;5.371391e-02;6.243870e-02;8.809876e-02;2.011452e-01;4.139939e-02
3.570633e-02;2.134848e-02;7.820823e-02;3.340351e-02;6.272403e-02;1.795193e-01;1.649764e-01;6.664532e-02;4.230357e-02;1.016945e-01;1.769353e-01;3.653498e-02
2.165357e-02;1.982701e-02;7.267664e-02;6.122263e-02;5.684880e-02;1.667764e-01;2.238764e-01;6.982917e-02;4.383057e-02;1.181685e-01;1.218097e-01;2.348050e-02
1.877963e-02;3.284208e-02;4.607745e-02;7.370582e-02;5.548268e-02;1.338447e-01;2.580307e-01;8.674407e-02;8.397352e-02;1.037102e-01;9.045111e-02;1.635807e-02
2.515712e-02;5.812963e-02;3.740683e-02;6.974405e-02;8.016661e-02;8.946969e-02;1.806412e-01;1.119625e-01;7.553098e-02;1.214674e-01;1.290928e-01;2.123116e-02
2.486557e-02;6.764227e-02;3.878571e-02;7.831470e-02;1.177278e-01;1.058691e-01;9.560277e-02;9.401855e-02;5.855890e-02;1.625800e-01;1.113468e-01;4.468784e-02
3.486509e-02;7.493005e-02;4.837992e-02;9.816369e-02;1.295816e-01;1.212980e-01;1.029978e-01;6.728133e-02;2.760011e-02;1.798074e-01;7.549853e-02;3.959652e-02
2.741371e-02;7.774591e-02;5.212590e-02;9.050544e-02;1.809837e-01;1.020184e-01;7.847060e-02;6.687792e-02;4.575687e-02;2.021186e-01;4.586443e-02;3.011854e-02
3.723108e-02;5.689706e-02;5.839306e-02;1.209529e-01;1.677819e-01;1.000292e-01;7.663728e-02;5.261039e-02;9.445666e-02;1.776198e-01;3.310579e-02;2.428494e-02
5.876352e-02;3.828517e-02;1.337616e-01;1.729808e-01;8.622144e-02;1.027125e-01;8.157969e-02;3.835296e-02;1.132260e-01;1.240193e-01;2.994545e-02;2.015163e-02
5.138291e-02;2.853673e-02;2.249312e-01;1.527439e-01;6.177935e-02;8.257404e-02;9.088308e-02;6.100655e-02;9.760144e-02;8.406319e-02;3.877813e-02;2.571950e-02
3.147966e-02;3.450971e-02;2.819731e-01;8.936328e-02;7.674897e-02;5.171278e-02;1.357230e-01;8.633066e-02;8.805839e-02;7.048892e-02;3.585142e-02;1.776008e-02
1.796678e-02;5.326785e-02;2.583569e-01;6.589083e-02;9.432027e-02;5.739772e-02;1.042897e-01;1.042022e-01;5.105792e-02;7.895980e-02;5.808777e-02;5.620233e-02
5.405754e-02;4.288879e-02;2.075505e-01;1.207287e-01;7.118454e-02;8.566843e-02;6.164721e-02;9.175439e-02;8.500522e-02;8.407005e-02;3.293945e-02;6.250512e-02
9.827952e-02;5.887618e-02;8.218317e-02;1.559829e-01;1.299984e-01;8.818491e-02;5.885540e-02;4.574933e-02;1.258830e-01;7.385965e-02;3.685772e-02;4.528983e-02
7.196967e-02;9.392989e-02;4.074837e-02;1.001047e-01;1.903791e-01;1.429790e-01;4.850347e-02;3.550017e-02;8.595493e-02;1.139336e-01;6.253536e-02;1.346174e-02
2.893210e-02;8.275769e-02;3.970122e-02;5.304503e-02;1.546139e-01;2.207748e-01;9.028982e-02;4.258632e-02;3.985485e-02;1.151923e-01;1.201833e-01;1.206858e-02
1.279070e-02;5.447134e-02;3.092355e-02;3.161014e-02;9.414209e-02;2.680678e-01;1.416249e-01;4.300044e-02;4.481814e-02;7.546659e-02;1.924126e-01;1.067167e-02
7.502341e-03;5.807041e-02;2.431087e-02;3.239504e-02;8.561397e-02;2.288529e-01;1.260583e-01;6.159885e-02;4.018508e-02;9.963386e-02;2.204738e-01;1.530460e-02
8.511129e-03;8.417957e-02;1.643155e-02;3.228894e-02;1.254998e-01;1.488565e-01;7.308490e-02;7.233943e-02;3.911946e-02;2.126243e-01;1.673967e-01;1.966764e-02
7.421026e-03;1.027767e-01;1.065813e-02;2.189222e-02;1.630813e-01;7.905805e-02;3.382986e-02;8.014356e-02;4.266249e-02;3.208065e-01;9.656029e-02;4.110983e-02
5.470872e-03;1.170699e-01;5.914276e-03;1.648181e-02;1.838306e-01;3.451744e-02;1.768660e-02;8.568934e-02;4.572583e-02;3.693036e-01;4.769026e-02;7.061958e-02
3.482396e-03;1.264430e-01;6.059136e-03;1.734490e-02;1.873386e-01;2.197076e-02;1.317730e-02;5.563567e-02;4.693599e-02;3.921794e-01;2.509080e-02;1.043420e-01
1.034147e-02;1.196630e-01;8.735917e-03;1.847717e-02;1.731117e-01;2.744434e-02;1.521501e-02;3.186082e-02;4.739047e-02;4.027498e-01;2.121201e-02;1.237984e-01
1.340678e-02;1.009114e-01;1.226161e-02;2.275364e-02;1.580633e-01;3.363369e-02;1.748728e-02;1.828971e-02;5.262367e-02;4.307574e-01;2.326629e-02;1.165453e-01
3.549338e-02;7.313778e-02;3.280527e-02;3.412378e-02;1.287863e-01;6.064874e-02;2.503990e-02;2.774899e-02;1.042252e-01;3.716899e-01;3.477448e-02;7.152630e-02
7.291702e-02;4.875210e-02;5.273211e-02;5.481631e-02;1.087520e-01;7.771528e-02;5.177221e-02;1.669062e-02;1.789832e-01;2.731304e-01;2.850433e-02;3.523435e-02
9.531090e-02;3.049442e-02;5.978830e-02;6.613367e-02;8.396186e-02;6.566004e-02;7.892761e-02;9.732625e-03;2.385588e-01;2.294948e-01;2.484036e-02;1.709663e-02
1.069804e-01;3.233188e-02;5.573635e-02;7.815272e-02;6.254329e-02;4.793386e-02;9.585438e-02;1.889542e-02;2.716916e-01;1.648813e-01;3.651293e-02;2.848588e-02
1.201667e-01;2.493412e-02;5.665226e-02;1.114895e-01;4.520324e-02;3.718465e-02;1.011223e-01;2.842875e-02;3.107082e-01;8.637594e-02;3.895920e-02;3.877513e-02
1.031436e-01;1.923812e-02;8.699860e-02;1.272064e-01;6.536560e-02;2.242919e-02;7.781431e-02;4.104786e-02;2.641430e-01;9.340644e-02;6.583029e-02;3.337659e-02
1.011902e-01;2.681946e-02;1.315219e-01;1.312330e-01;7.030803e-02;2.629794e-02;6.793159e-02;4.422601e-02;1.842176e-01;1.180849e-01;6.899273e-02;2.917651e-02
9.191313e-02;2.677035e-02;1.375295e-01;1.228695e-01;6.799492e-02;5.831955e-02;8.922537e-02;4.907391e-02;1.160254e-01;1.440751e-01;5.276714e-02;4.343613e-02
4.537833e-02;1.998487e-02;9.164025e-02;1.746874e-01;6.333607e-02;6.021159e-02;9.954276e-02;5.764916e-02;1.448332e-01;1.469035e-01;5.664854e-02;3.918423e-02
4.912981e-02;2.122009e-02;5.252677e-02;2.188567e-01;7.681233e-02;4.589834e-02;1.066428e-01;5.219539e-02;1.469913e-01;1.248301e-01;7.971583e-02;2.518064e-02
6.604353e-02;2.815176e-02;3.014298e-02;2.254254e-01;6.906033e-02;3.061283e-02;1.240730e-01;5.406290e-02;1.464376e-01;1.320322e-01;6.457429e-02;2.938316e-02
6.408343e-02;2.913640e-02;5.600851e-02;2.071170e-01;4.703262e-02;6.076754e-02;1.512764e-01;4.071377e-02;1.388881e-01;1.224816e-01;4.559475e-02;3.689986e-02
5.265957e-02;3.529472e-02;9.840698e-02;1.431407e-01;1.030562e-01;1.333912e-01;1.279217e-01;2.228237e-02;9.760690e-02;1.141476e-01;4.662252e-02;2.546943e-02
3.505368e-02;5.394288e-02;7.044400e-02;6.751394e-02;2.204365e-01;1.162877e-01;1.035073e-01;6.448520e-02;8.754534e-02;1.172478e-01;4.774607e-02;1.578947e-02
1.832387e-02;4.831343e-02;3.165571e-02;4.270779e-02;2.969229e-01;4.503481e-02;9.522687e-02;1.052642e-01;1.494927e-01;1.208040e-01;3.223661e-02;1.401720e-02
7.848958e-03;3.803431e-02;1.472048e-02;2.312618e-02;3.102271e-01;1.971686e-02;5.964341e-02;1.134955e-01;2.354136e-01;1.440471e-01;2.369233e-02;1.003418e-02
7.042027e-03;3.991401e-02;1.198939e-02;1.939243e-02;2.750602e-01;2.060798e-02;2.105807e-02;1.265198e-01;2.925440e-01;1.471926e-01;2.849308e-02;1.018636e-02
6.303142e-03;4.522176e-02;1.199511e-02;3.484601e-02;2.369599e-01;3.422152e-02;1.647420e-02;2.006573e-01;2.642166e-01;1.059085e-01;3.252810e-02;1.066779e-02
6.790174e-03;5.057101e-02;1.437681e-02;7.292082e-02;1.894517e-01;5.317318e-02;3.978778e-02;2.683155e-01;1.622218e-01;8.234358e-02;5.090351e-02;9.144139e-03
8.110025e-03;7.142144e-02;4.451076e-02;1.192129e-01;1.104576e-01;6.667060e-02;6.956976e-02;2.836382e-01;6.586359e-02;8.145447e-02;6.842605e-02;1.066465e-02
1.001657e-02;1.103735e-01;5.347361e-02;1.138529e-01;9.425844e-02;7.914421e-02;8.197669e-02;2.153285e-01;4.794255e-02;9.161340e-02;7.732506e-02;2.469456e-02
2.036106e-02;1.276410e-01;4.358304e-02;7.540501e-02;1.286879e-01;7.328492e-02;6.813629e-02;1.328951e-01;5.796138e-02;1.354249e-01;7.136831e-02;6.525110e-02
1.370266e-02;1.046379e-01;2.925126e-02;3.370772e-02;1.731239e-01;5.422951e-02;4.644517e-02;1.544829e-01;6.584679e-02;1.778448e-01;5.972020e-02;8.700716e-02
1.146264e-02;9.374103e-02;1.969120e-02;4.222128e-02;2.112489e-01;3.392410e-02;3.248905e-02;1.016659e-01;7.718112e-02;2.433740e-01;6.846963e-02;6.453117e-02
1.237434e-02;8.052780e-02;1.658015e-02;3.966439e-02;2.494222e-01;2.178144e-02;2.554109e-02;5.261655e-02;7.954136e-02;3.170526e-01;6.371933e-02;4.117876e-02
1.662795e-02;6.249787e-02;2.004780e-02;4.218604e-02;2.307854e-01;3.753772e-02;3.265505e-02;5.318203e-02;6.292918e-02;3.445565e-01;6.149751e-02;3.549693e-02
1.748997e-02;7.148583e-02;2.267846e-02;3.980963e-02;1.790569e-01;8.067636e-02;4.277012e-02;8.257663e-02;5.555270e-02;2.981381e-01;7.796782e-02;3.179749e-02
1.140023e-02;7.886321e-02;2.352045e-02;4.629745e-02;1.471891e-01;1.325803e-01;6.592643e-02;1.379686e-01;4.062980e-02;2.106417e-01;8.552299e-02;1.945966e-02
8.884301e-03;8.141369e-02;2.278589e-02;4.659517e-02;1.583693e-01;1.648429e-01;6.062394e-02;1.894578e-01;2.443242e-02;1.435665e-01;8.446088e-02;1.456707e-02
6.611545e-03;8.696707e-02;1.140944e-02;5.226042e-02;1.906379e-01;1.287344e-01;3.492462e-02;2.004261e-01;3.609722e-02;1.733925e-01;6.271853e-02;1.582012e-02
4.913635e-03;8.776492e-02;1.197852e-02;5.671430e-02;2.140117e-01;7.719351e-02;2.094508e-02;1.737256e-01;5.996053e-02;2.261433e-01;4.157211e-02;2.507680e-02
1.147487e-02;7.865387e-02;1.917246e-02;7.612769e-02;1.977687e-01;5.450438e-02;2.364108e-02;1.125116e-01;8.763332e-02;2.721082e-01;3.662512e-02;2.977863e-02
2.827236e-02;5.980204e-02;4.036108e-02;1.086481e-01;1.330292e-01;5.468936e-02;7.056596e-02;6.821524e-02;1.242809e-01;2.618095e-01;2.715579e-02;2.317046e-02
4.010531e-02;3.734159e-02;7.752802e-02;1.335138e-01;6.687291e-02;4.182230e-02;1.128573e-01;7.144898e-02;1.591690e-01;1.990534e-01;4.377513e-02;1.651228e-02
4.296247e-02;2.754736e-02;1.270930e-01;1.425421e-01;4.787273e-02;3.438034e-02;1.448589e-01;9.443558e-02;1.596827e-01;1.109926e-01;4.798609e-02;1.964622e-02
3.547762e-02;4.248416e-02;1.797067e-01;1.088802e-01;4.511811e-02;4.571430e-02;1.720023e-01;7.435852e-02;1.182807e-01;1.044776e-01;4.346869e-02;3.003118e-02
4.754188e-02;7.101745e-02;1.837163e-01;5.926722e-02;6.342427e-02;5.471694e-02;1.721326e-01;6.158594e-02;9.701834e-02;1.176460e-01;2.887170e-02;4.306140e-02
6.313873e-02;7.849787e-02;1.307016e-01;4.568908e-02;7.607751e-02;5.935423e-02;1.195559e-01;6.715061e-02;8.604825e-02;1.661448e-01;5.587031e-02;5.177113e-02
5.423982e-02;4.203058e-02;8.140114e-02;9.412673e-02;1.256509e-01;5.507577e-02;1.084963e-01;7.286991e-02;9.181578e-02;1.867904e-01;3.975927e-02;4.774335e-02
3.960520e-02;2.512112e-02;1.089907e-01;1.219258e-01;1.343461e-01;6.918312e-02;8.064096e-02;5.776628e-02;6.343979e-02;2.249670e-01;4.356464e-02;3.044927e-02
4.327242e-02;2.371834e-02;1.121726e-01;1.037527e-01;1.100858e-01;7.789125e-02;1.406128e-01;4.666002e-02;6.163805e-02;1.932914e-01;5.321256e-02;3.369201e-02
6.120067e-02;6.704190e-02;1.687144e-01;5.636931e-02;9.503641e-02;7.202687e-02;1.775250e-01;7.152442e-02;4.960235e-02;1.178737e-01;2.708609e-02;3.599887e-02
5.622643e-02;1.083618e-01;2.062301e-01;6.272374e-02;6.877419e-02;8.338965e-02;1.575160e-01;7.743829e-02;4.752076e-02;5.490413e-02;2.114123e-02;5.577365e-02
3.692903e-02;1.000947e-01;1.943366e-01;7.720076e-02;6.270746e-02;9.156943e-02;1.439678e-01;6.574031e-02;8.043063e-02;5.406979e-02;2.774574e-02;6.520774e-02
4.459083e-02;5.984545e-02;1.942614e-01;1.212311e-01;8.135075e-02;6.595404e-02;1.229316e-01;7.771131e-02;1.135684e-01;5.679150e-02;2.251258e-02;3.925089e-02
4.717769e-02;2.078726e-02;2.232176e-01;1.394381e-01;6.637488e-02;6.326125e-02;1.438164e-01;7.489477e-02;1.207224e-01;6.412742e-02;2.039191e-02;1.579023e-02
4.818951e-02;2.050017e-02;2.055114e-01;1.147201e-01;7.845079e-02;1.190227e-01;1.528421e-01;4.462841e-02;1.070300e-01;7.845847e-02;2.011309e-02;1.053324e-02
5.451979e-02;2.516648e-02;1.397293e-01;9.907661e-02;1.227927e-01;1.480385e-01;1.203195e-01;4.940113e-02;1.102599e-01;1.020687e-01;2.183918e-02;6.788132e-03
5.068698e-02;1.644479e-02;8.985122e-02;9.811756e-02;1.490737e-01;1.904076e-01;1.275250e-01;5.175342e-02;9.012791e-02;1.031041e-01;2.705499e-02;5.852640e-03
4.447056e-02;8.420863e-03;5.670276e-02;1.066067e-01;1.155262e-01;2.081394e-01;1.168168e-01;1.059627e-01;1.062815e-01;9.749075e-02;2.675146e-02;6.830416e-03
4.488669e-02;8.875591e-03;3.914886e-02;1.198678e-01;5.581378e-02;1.212783e-01;8.876456e-02;1.500406e-01;1.783129e-01;1.519825e-01;3.394613e-02;7.082376e-03
3.459846e-02;7.437256e-03;6.676692e-02;1.284504e-01;6.135773e-02;3.897924e-02;7.183851e-02;1.241271e-01;2.023210e-01;2.171334e-01;3.908761e-02;7.902377e-03
2.154392e-02;8.482462e-03;9.658894e-02;1.220064e-01;1.504867e-01;4.264256e-02;7.112993e-02;7.360263e-02;1.614109e-01;2.014133e-01;3.500628e-02;1.568598e-02
1.422709e-02;1.584147e-02;1.342621e-01;7.709075e-02;2.131066e-01;1.583045e-01;7.570010e-02;5.792562e-02;9.160040e-02;1.046332e-01;2.666812e-02;3.064008e-02
7.623987e-03;2.092685e-02;1.691551e-01;3.245690e-02;1.527317e-01;2.853589e-01;1.028830e-01;6.265823e-02;4.954112e-02;5.556538e-02;2.046498e-02;4.063389e-02
7.678560e-03;1.608460e-02;2.074797e-01;3.052182e-02;6.702891e-02;3.210667e-01;1.195158e-01;7.770331e-02;3.825457e-02;4.583329e-02;1.716135e-02;5.167147e-02
6.642159e-03;1.077073e-02;2.383198e-01;4.164880e-02;3.408545e-02;2.837375e-01;1.348973e-01;8.911751e-02;4.387867e-02;4.038985e-02;1.508882e-02;6.142340e-02
9.363350e-03;1.626887e-02;2.383312e-01;3.476689e-02;4.643118e-02;2.105464e-01;1.717466e-01;1.073012e-01;3.902433e-02;4.427332e-02;1.495837e-02;6.698827e-02
1.315852e-02;3.621353e-02;2.188195e-01;3.290555e-02;4.512871e-02;1.155162e-01;2.376205e-01;1.279642e-01;3.072035e-02;5.448101e-02;2.219034e-02;6.528161e-02
2.838158e-02;7.025125e-02;1.462568e-01;3.959604e-02;9.357621e-02;4.950168e-02;3.027872e-01;9.737079e-02;3.271600e-02;6.122235e-02;3.358154e-02;4.475856e-02
6.495603e-02;8.418745e-02;9.106233e-02;3.151152e-02;1.429844e-01;7.782901e-02;3.214197e-01;4.254303e-02;2.370507e-02;4.791856e-02;3.937636e-02;3.250648e-02
9.240530e-02;6.355789e-02;1.326198e-01;4.478960e-02;1.562357e-01;8.775201e-02;2.613470e-01;1.785561e-02;2.877701e-02;5.003021e-02;2.955172e-02;3.507813e-02
8.093915e-02;3.555466e-02;2.122542e-01;6.982509e-02;1.233906e-01;8.587217e-02;1.849559e-01;2.986642e-02;4.669972e-02;6.893697e-02;2.598740e-02;3.571777e-02
6.610940e-02;3.263304e-02;2.377763e-01;6.634015e-02;1.152211e-01;7.417041e-02;1.642361e-01;5.834811e-02;4.757275e-02;7.004657e-02;3.845390e-02;2.909213e-02
6.123919e-02;4.383158e-02;1.773290e-01;5.718817e-02;1.277961e-01;7.407787e-02;1.664567e-01;8.597499e-02;5.270223e-02;8.062334e-02;4.933299e-02;2.344782e-02
5.051646e-02;4.665101e-02;2.238355e-01;6.453472e-02;8.632386e-02;1.092453e-01;1.144469e-01;7.302371e-02;7.307158e-02;8.575190e-02;3.816871e-02;3.443038e-02
3.500656e-02;3.802212e-02;1.471530e-01;7.150301e-02;9.000809e-02;9.693141e-02;1.094190e-01;1.142650e-01;1.035363e-01;1.209627e-01;3.953815e-02;3.365475e-02
3.729307e-02;4.383827e-02;7.794078e-02;6.832451e-02;9.678546e-02;4.042266e-02;1.160093e-01;1.292662e-01;1.246396e-01;1.728606e-01;6.868541e-02;2.393411e-02
2.884469e-02;3.873008e-02;7.062131e-02;5.587773e-02;8.921426e-02;5.231190e-02;1.100118e-01;1.035995e-01;1.202183e-01;2.016537e-01;8.330905e-02;4.560766e-02
3.419300e-02;3.513204e-02;8.247709e-02;5.031503e-02;6.001345e-02;6.867896e-02;1.164711e-01;8.545838e-02;1.349680e-01;1.662668e-01;8.998259e-02;7.604352e-02
4.288808e-02;6.867778e-02;7.687822e-02;7.716098e-02;6.208368e-02;8.052441e-02;1.303611e-01;8.659717e-02;1.331474e-01;8.441675e-02;7.397341e-02;8.329095e-02
5.002296e-02;5.994285e-02;7.448649e-02;9.068172e-02;8.324968e-02;1.149780e-01;1.290256e-01;7.273687e-02;1.286721e-01;6.286459e-02;5.197636e-02;8.136278e-02
6.323453e-02;3.795728e-02;1.692556e-01;6.972786e-02;8.390926e-02;1.246719e-01;1.273124e-01;8.980438e-02;7.963876e-02;6.784582e-02;3.868458e-02;4.795750e-02
5.029112e-02;3.345614e-02;1.660152e-01;9.615338e-02;7.616474e-02;8.684146e-02;1.256359e-01;6.993158e-02;6.431189e-02;9.656119e-02;9.147280e-02;4.316460e-02
3.819606e-02;1.409107e-02;8.815737e-02;7.326992e-02;1.397366e-01;9.258895e-02;1.030483e-01;5.828943e-02;7.342480e-02;1.336075e-01;1.281494e-01;5.744056e-02
7.101074e-02;1.364756e-02;5.571379e-02;4.774220e-02;1.982769e-01;6.392627e-02;1.042359e-01;6.215662e-02;6.549704e-02;1.150685e-01;1.148781e-01;8.784639e-02
1.203659e-01;2.178796e-02;4.357914e-02;5.891554e-02;1.688915e-01;4.186326e-02;1.456978e-01;5.788021e-02;3.953734e-02;9.126534e-02;8.333346e-02;1.268825e-01
1.474487e-01;1.767261e-02;3.596808e-02;1.062949e-01;5.403158e-02;8.764046e-02;1.571283e-01;5.000512e-02;1.851738e-02;1.480351e-01;4.619696e-02;1.310608e-01
