7.812566e-02;5.461786e-02;1.350601e-01;3.829423e-02;7.663632e-02;5.109008e-02;1.038729e-01;8.275532e-02;1.210468e-01;1.174614e-01;6.237371e-02;7.866570e-02
5.413710e-02;7.882651e-02;1.202738e-01;7.388677e-02;6.118241e-02;3.626486e-02;1.005769e-01;1.063903e-01;1.249711e-01;9.857697e-02;7.069235e-02;7.422085e-02
8.178055e-02;1.016283e-01;1.255851e-01;9.578834e-02;6.260910e-02;5.321189e-02;1.014205e-01;9.205694e-02;9.475229e-02;6.002214e-02;5.642416e-02;7.472068e-02
9.806593e-02;9.497353e-02;1.131322e-01;8.602115e-02;7.044168e-02;7.877973e-02;8.940592e-02;7.741805e-02;1.090794e-01;5.676885e-02;4.689857e-02;7.901493e-02
8.744603e-02;5.665059e-02;1.374063e-01;6.625114e-02;9.205384e-02;7.393348e-02;8.628219e-02;7.708143e-02;1.245339e-01;7.438290e-02;5.796928e-02;6.600902e-02
5.846762e-02;7.928953e-02;1.343013e-01;6.420068e-02;1.474048e-01;4.897451e-02;1.026079e-01;5.961289e-02;9.246616e-02;1.101449e-01;5.486565e-02;4.766404e-02
5.691708e-02;1.034883e-01;1.264988e-01;6.946089e-02;9.867509e-02;4.121174e-02;1.199085e-01;3.547275e-02;8.273835e-02;1.270893e-01;4.770993e-02;9.082932e-02
7.511596e-02;9.191021e-02;8.484349e-02;5.892311e-02;7.295212e-02;4.681229e-02;1.229615e-01;7.229254e-02;7.465748e-02;8.983389e-02;1.136957e-01;9.600173e-02
7.169046e-02;6.958991e-02;9.563934e-02;5.011147e-02;9.530117e-02;6.655651e-02;2.052902e-01;5.383256e-02;9.958615e-02;8.162890e-02;6.986805e-02;4.090530e-02
3.244003e-02;4.376628e-02;1.088387e-01;7.722799e-02;1.225989e-01;8.708324e-02;1.508942e-01;7.415230e-02;1.441651e-01;6.072142e-02;5.710603e-02;4.100581e-02
1.873044e-02;3.016700e-02;9.848415e-02;1.230711e-01;1.306750e-01;7.656622e-02;9.305253e-02;1.344003e-01;1.296157e-01;4.109890e-02;8.834114e-02;3.579746e-02
2.114864e-02;2.196041e-02;1.133571e-01;1.409010e-01;1.061655e-01;5.683930e-02;8.839180e-02;1.648201e-01;8.587399e-02;6.336153e-02;1.109693e-01;2.621148e-02
2.333745e-02;2.943804e-02;1.606719e-01;1.109395e-01;6.844328e-02;5.270801e-02;9.936646e-02;1.223438e-01;8.391953e-02;1.415755e-01;8.884629e-02;1.841010e-02
3.968707e-02;6.766503e-02;1.289334e-01;4.934056e-02;5.025194e-02;9.199168e-02;5.201675e-02;5.435758e-02;2.250305e-01;1.835277e-01;3.380489e-02;2.339302e-02
9.391522e-02;7.770978e-02;5.490828e-02;1.655378e-02;9.017066e-02;7.763670e-02;2.436019e-02;1.489683e-01;2.468482e-01;9.888040e-02;5.061959e-02;1.942890e-02
1.485729e-01;4.742419e-02;3.603570e-02;1.999925e-02;1.311782e-01;3.221055e-02;4.155946e-02;2.879379e-01;1.264865e-01;4.995391e-02;5.483644e-02;2.380506e-02
1.498904e-01;1.605507e-02;3.090716e-02;6.054416e-02;1.107734e-01;1.471172e-02;1.172674e-01;3.039069e-01;4.870003e-02;6.309834e-02;3.349245e-02;5.065304e-02
9.943634e-02;1.029067e-02;1.058463e-02;1.129455e-01;5.953894e-02;2.622925e-02;2.552801e-01;1.698922e-01;4.874434e-02;9.318507e-02;2.396680e-02;8.990617e-02
8.039645e-02;1.149207e-02;2.014576e-02;1.471272e-01;3.460185e-02;3.618852e-02;3.453109e-01;7.391822e-02;4.972625e-02;8.864505e-02;1.207987e-02;1.003679e-01
1.201170e-01;1.151241e-02;2.846311e-02;1.511396e-01;2.459145e-02;3.726700e-02;3.064233e-01;7.778224e-02;6.779981e-02;9.114216e-02;1.960968e-02;6.415216e-02
1.447992e-01;2.238392e-02;1.730897e-02;1.637950e-01;8.824415e-03;2.742108e-02;2.577366e-01;1.340356e-01;4.453623e-02;9.609926e-02;1.524498e-02;6.781480e-02
1.587699e-01;1.872494e-02;1.587937e-02;1.599419e-01;1.006072e-02;2.914430e-02;2.159761e-01;1.850574e-01;4.495513e-02;8.961368e-02;1.219163e-02;5.968487e-02
1.482935e-01;2.858029e-02;1.841208e-02;9.985067e-02;3.929963e-02;3.676404e-02;1.106026e-01;2.484899e-01;8.405953e-02;9.694865e-02;9.799534e-03;7.889947e-02
1.083172e-01;2.789963e-02;1.294095e-02;9.799547e-02;6.420793e-02;3.025607e-02;1.228371e-01;2.259415e-01;7.505349e-02;9.397124e-02;1.063147e-02;1.299478e-01
6.375865e-02;1.952143e-02;7.491546e-03;1.314063e-01;4.596352e-02;1.808063e-02;1.999019e-01;1.508925e-01;3.512732e-02;8.824578e-02;1.316385e-02;2.264465e-01
2.136637e-02;1.657866e-02;7.275342e-03;1.385166e-01;1.971110e-02;9.121223e-03;2.462296e-01;6.395890e-02;2.004666e-02;8.094411e-02;1.595788e-02;3.602935e-01
2.377342e-02;1.746808e-02;5.531715e-03;9.818115e-02;7.139510e-03;7.930928e-03;2.549491e-01;2.953188e-02;1.678861e-02;9.333070e-02;1.683204e-02;4.285429e-01
1.660752e-02;1.518843e-02;4.800440e-03;8.275700e-02;5.127733e-03;7.471908e-03;2.538429e-01;2.605703e-02;1.227797e-02;1.256468e-01;1.436468e-02;4.358577e-01
2.268877e-02;9.604537e-03;5.685268e-03;1.138960e-01;2.659453e-03;8.631924e-03;2.109528e-01;1.672760e-02;1.240997e-02;1.720555e-01;1.979999e-02;4.048883e-01
2.682907e-02;4.569640e-03;1.010071e-02;1.456521e-01;3.270496e-03;6.935223e-03;2.014911e-01;1.003081e-02;8.020176e-03;2.189851e-01;2.848770e-02;3.356279e-01
3.584149e-02;5.603970e-03;1.233369e-02;1.495643e-01;6.071873e-03;7.993074e-03;2.343281e-01;1.883261e-02;8.042217e-03;2.610281e-01;2.930059e-02;2.310600e-01
7.552733e-02;1.721242e-02;1.268140e-02;1.146101e-01;2.137614e-02;2.563217e-02;2.379542e-01;8.247203e-02;1.403531e-02;2.417736e-01;2.897074e-02;1.277545e-01
1.254790e-01;4.127510e-02;2.782264e-02;6.343361e-02;4.809705e-02;4.028309e-02;2.015928e-01;1.622814e-01;2.766214e-02;1.389223e-01;4.527227e-02;7.787859e-02
1.276571e-01;5.853000e-02;5.555644e-02;4.138610e-02;5.768878e-02;4.321819e-02;1.190555e-01;1.606419e-01;5.548717e-02;1.349886e-01;6.774088e-02;7.804944e-02
1.054502e-01;4.477107e-02;6.623632e-02;1.186993e-01;5.417572e-02;3.672107e-02;7.753050e-02;1.266633e-01;6.050319e-02;1.582783e-01;7.000480e-02;8.096621e-02
1.127213e-01;3.249142e-02;4.098225e-02;1.705600e-01;3.496250e-02;1.783349e-02;5.312767e-02;1.225013e-01;5.991405e-02;1.999267e-01;6.655741e-02;8.842193e-02
1.136823e-01;5.090377e-02;3.299477e-02;1.205163e-01;2.123675e-02;1.294181e-02;8.647489e-02;8.846508e-02;4.475657e-02;2.487832e-01;5.767974e-02;1.215648e-01
9.687486e-02;8.055690e-02;4.858334e-02;5.275835e-02;2.434909e-02;2.106662e-02;1.007023e-01;7.406721e-02;6.485368e-02;1.868232e-01;1.522959e-01;9.706853e-02
1.671901e-01;7.539422e-02;7.198257e-02;2.059812e-02;1.870958e-02;3.959071e-02;7.146987e-02;4.883232e-02;8.681425e-02;1.081415e-01;2.258783e-01;6.539837e-02
1.703413e-01;5.141917e-02;6.791101e-02;1.928101e-02;1.975779e-02;6.083203e-02;5.569882e-02;3.352076e-02;1.051740e-01;8.426665e-02;2.429374e-01;8.886006e-02
1.295035e-01;3.742617e-02;6.719941e-02;2.296893e-02;2.976357e-02;7.520332e-02;6.081276e-02;3.933626e-02;9.748834e-02;1.129497e-01;2.261135e-01;1.012345e-01
9.784978e-02;4.364771e-02;5.764876e-02;3.142244e-02;4.875283e-02;5.526472e-02;9.459195e-02;5.987899e-02;8.138853e-02;1.621146e-01;1.491061e-01;1.183337e-01
1.227611e-01;5.678819e-02;7.597045e-02;3.379387e-02;4.985416e-02;3.532789e-02;1.435638e-01;5.511749e-02;7.173899e-02;1.702070e-01;7.990564e-02;1.049713e-01
1.355088e-01;5.702651e-02;7.772346e-02;3.915907e-02;5.135416e-02;3.682809e-02;1.796009e-01;5.403845e-02;6.505664e-02;1.481229e-01;8.327084e-02;7.231021e-02
8.802226e-02;5.749026e-02;1.050909e-01;3.430423e-02;5.420635e-02;3.117404e-02;1.740766e-01;7.460476e-02;7.419278e-02;1.385186e-01;1.095685e-01;5.875083e-02
5.786702e-02;3.799390e-02;1.073818e-01;2.465511e-02;4.508189e-02;2.683730e-02;2.577512e-01;5.780104e-02;6.422769e-02;1.343881e-01;1.174550e-01;6.855990e-02
4.307801e-02;5.535094e-02;8.968776e-02;4.246365e-02;4.592996e-02;5.180184e-02;3.422108e-01;3.416585e-02;4.387068e-02;1.082256e-01;7.916079e-02;6.405415e-02
7.020468e-02;6.824994e-02;4.523389e-02;5.034043e-02;6.555281e-02;7.116359e-02;3.221140e-01;4.364038e-02;4.264894e-02;1.043476e-01;4.779870e-02;6.870494e-02
9.070053e-02;8.351084e-02;5.814015e-02;4.644848e-02;7.538017e-02;6.592553e-02;2.557273e-01;5.369674e-02;2.939467e-02;1.070361e-01;4.905771e-02;8.498174e-02
7.246543e-02;1.260241e-01;7.519411e-02;4.042854e-02;7.702659e-02;6.067736e-02;2.485290e-01;5.943463e-02;5.360126e-02;9.281568e-02;2.910643e-02;6.469696e-02
6.120259e-02;1.198280e-01;9.813140e-02;2.923222e-02;5.399543e-02;5.509138e-02;1.920500e-01;8.514678e-02;1.062190e-01;8.449047e-02;4.683747e-02;6.777529e-02
4.763611e-02;7.966317e-02;8.167899e-02;3.770088e-02;3.897501e-02;4.699173e-02;2.086811e-01;8.922054e-02;1.137092e-01;8.189689e-02;7.027292e-02;1.035734e-01
7.537061e-02;6.015004e-02;6.938749e-02;4.171420e-02;5.087024e-02;3.501828e-02;2.321250e-01;6.754468e-02;8.686042e-02;7.601674e-02;8.441366e-02;1.205287e-01
7.567625e-02;4.484927e-02;1.127331e-01;6.156413e-02;7.153690e-02;6.161860e-02;1.804441e-01;5.462593e-02;8.337198e-02;9.141395e-02;7.270860e-02;8.945721e-02
5.945782e-02;2.955398e-02;1.634282e-01;8.062416e-02;8.383873e-02;1.355484e-01;9.163195e-02;7.239792e-02;9.953942e-02;1.066676e-01;4.650564e-02;3.080619e-02
2.544738e-02;2.835797e-02;2.299739e-01;4.521483e-02;5.192856e-02;1.273689e-01;1.788543e-01;1.068546e-01;5.466706e-02;7.936288e-02;2.724607e-02;4.472352e-02
2.596788e-02;4.539865e-02;2.572756e-01;3.373577e-02;3.703731e-02;7.734732e-02;2.703975e-01;1.144037e-01;2.546588e-02;5.404386e-02;1.912866e-02;3.979790e-02
4.061493e-02;7.224863e-02;2.080280e-01;3.498507e-02;6.111043e-02;3.029892e-02;3.624126e-01;7.898749e-02;2.036252e-02;3.090967e-02;3.437199e-02;2.566972e-02
4.118105e-02;9.372269e-02;1.471330e-01;2.916342e-02;8.766485e-02;3.345638e-02;4.175538e-01;3.652620e-02;2.387080e-02;1.418957e-02;5.424519e-02;2.129299e-02
5.535812e-02;8.894473e-02;1.008558e-01;1.895060e-02;8.997495e-02;5.368902e-02;3.896154e-01;4.735321e-02;4.284456e-02;3.277189e-02;6.188106e-02;1.776064e-02
5.525465e-02;5.960815e-02;7.946396e-02;3.112413e-02;8.690414e-02;5.920954e-02;3.562087e-01;7.303600e-02;5.261655e-02;5.489096e-02;6.763078e-02;2.405245e-02
3.904844e-02;7.865562e-02;4.709217e-02;3.414322e-02;6.616786e-02;3.631429e-02;3.829218e-01;7.493676e-02;6.527831e-02;4.871519e-02;1.063036e-01;2.042276e-02
1.959085e-02;9.036542e-02;2.494297e-02;1.728980e-02;2.387880e-02;2.573084e-02;4.122569e-01;5.699491e-02;1.086262e-01;3.172865e-02;1.757372e-01;1.285737e-02
2.169412e-02;8.325973e-02;2.813539e-02;6.746354e-03;6.082003e-02;1.698616e-02;3.573632e-01;5.022298e-02;1.173064e-01;2.057468e-02;2.228999e-01;1.399112e-02
4.259519e-02;7.414766e-02;3.984537e-02;1.426373e-02;1.010694e-01;1.049447e-02;2.935154e-01;5.047887e-02;8.145130e-02;1.606249e-02;2.482017e-01;2.787438e-02
5.283212e-02;5.661422e-02;5.859595e-02;2.377647e-02;1.084852e-01;7.889656e-03;2.279448e-01;1.026325e-01;4.271615e-02;3.200406e-02;2.339984e-01;5.251052e-02
4.115191e-02;2.802870e-02;8.487180e-02;2.979608e-02;7.166920e-02;1.303088e-02;1.665521e-01;1.810438e-01;4.241240e-02;6.543660e-02;1.809153e-01;9.509122e-02
2.696816e-02;1.444648e-02;1.000008e-01;2.414187e-02;1.977210e-02;2.237540e-02;1.313379e-01;2.434857e-01;3.389988e-02;1.010901e-01;1.391793e-01;1.433024e-01
1.744327e-02;2.256363e-02;9.511950e-02;1.971349e-02;2.417725e-02;2.320520e-02;1.523826e-01;2.253881e-01;2.345765e-02;1.323169e-01;1.134507e-01;1.507817e-01
2.373003e-02;3.915825e-02;8.611739e-02;2.148039e-02;5.019327e-02;2.559431e-02;2.097675e-01;1.848512e-01;2.300929e-02;1.325745e-01;9.050862e-02;1.130152e-01
3.900600e-02;7.351247e-02;9.647065e-02;1.874940e-02;7.641571e-02;3.286000e-02;2.769669e-01;1.466059e-01;2.713363e-02;7.192360e-02;8.636607e-02;5.398972e-02
6.285271e-02;8.772086e-02;8.270153e-02;1.685630e-02;7.699874e-02;4.033994e-02;2.720208e-01;1.307494e-01;4.425357e-02;6.109343e-02;7.075191e-02;5.366092e-02
7.769911e-02;9.350288e-02;6.239330e-02;2.730040e-02;6.098587e-02;4.409754e-02;2.020127e-01;1.360749e-01;5.929066e-02;4.727913e-02;1.061445e-01;8.321901e-02
5.663636e-02;8.710791e-02;1.038432e-01;2.915846e-02;6.496160e-02;3.150828e-02;1.154023e-01;1.341278e-01;5.149679e-02;6.314518e-02;1.610506e-01;1.015615e-01
6.120985e-02;7.805122e-02;9.289743e-02;2.001514e-02;5.056004e-02;2.925987e-02;1.144997e-01;1.545104e-01;3.200072e-02;8.565298e-02;1.823192e-01;9.902339e-02
7.221933e-02;6.175911e-02;9.259161e-02;2.222788e-02;4.074566e-02;2.348435e-02;1.776534e-01;1.746278e-01;4.598137e-02;6.935539e-02;1.381667e-01;8.118740e-02
5.639364e-02;5.487232e-02;1.065140e-01;2.660484e-02;2.532012e-02;3.908171e-02;2.363029e-01;1.485814e-01;5.970527e-02;6.703210e-02;1.096306e-01;6.996115e-02
5.422207e-02;5.599150e-02;9.021753e-02;3.423773e-02;3.410866e-02;4.601493e-02;2.905587e-01;1.792795e-01;4.989189e-02;5.056615e-02;7.641003e-02;3.850124e-02
6.053127e-02;5.646774e-02;5.303708e-02;2.359846e-02;5.201772e-02;4.429279e-02;2.901202e-01;1.947142e-01;5.100070e-02;5.150479e-02;7.646766e-02;4.624731e-02
5.732363e-02;5.567695e-02;5.896352e-02;2.710749e-02;4.967073e-02;3.960171e-02;2.234551e-01;1.381293e-01;7.463422e-02;9.033432e-02;9.975047e-02;8.535262e-02
5.664817e-02;6.128559e-02;7.515471e-02;4.432323e-02;4.024605e-02;5.433142e-02;1.812745e-01;9.818295e-02;5.890361e-02;1.024922e-01;1.074077e-01;1.197499e-01
7.772036e-02;8.554380e-02;7.414790e-02;2.326469e-02;7.543637e-02;5.283154e-02;1.288133e-01;1.172632e-01;9.325850e-02;7.100973e-02;7.296690e-02;1.277437e-01
9.302664e-02;8.889230e-02;1.022251e-01;3.812691e-02;7.962922e-02;6.901483e-02;1.143889e-01;1.025962e-01;8.821112e-02;7.465316e-02;7.530147e-02;7.393410e-02
7.789054e-02;5.952807e-02;1.718311e-01;6.424664e-02;5.970679e-02;6.160377e-02;1.181382e-01;9.383478e-02;8.868723e-02;7.572221e-02;6.907478e-02;5.973587e-02
6.107460e-02;4.929134e-02;1.894684e-01;7.178859e-02;5.810107e-02;5.008250e-02;1.682136e-01;9.667692e-02;6.835273e-02;8.668665e-02;5.456686e-02;4.569674e-02
8.206147e-02;6.779084e-02;1.509200e-01;6.539427e-02;5.400071e-02;7.367934e-02;1.801606e-01;8.402115e-02;6.253052e-02;9.663113e-02;4.561877e-02;3.719113e-02
9.195076e-02;6.244223e-02;1.069662e-01;5.124181e-02;7.315291e-02;8.720476e-02;1.337040e-01;5.990519e-02;1.211670e-01;1.069013e-01;5.470738e-02;5.065649e-02
6.915745e-02;4.836021e-02;1.068213e-01;5.291248e-02;9.629808e-02;7.178523e-02;9.568402e-02;7.534096e-02;1.533594e-01;1.072016e-01;6.223553e-02;6.084378e-02
5.798804e-02;6.157651e-02;1.739033e-01;8.235475e-02;7.543832e-02;4.886016e-02;1.084142e-01;1.156165e-01;8.830868e-02;9.287047e-02;5.291213e-02;4.175702e-02
8.662918e-02;8.570801e-02;2.010867e-01;7.890737e-02;5.226357e-02;5.470052e-02;8.641473e-02;1.066353e-01;1.083722e-01;6.132822e-02;4.962753e-02;2.832666e-02
1.137293e-01;7.857888e-02;1.663518e-01;6.911007e-02;5.553052e-02;4.240790e-02;8.674245e-02;1.050276e-01;1.419764e-01;5.902310e-02;4.140699e-02;4.011502e-02
5.762649e-02;6.393568e-02;2.209502e-01;7.733094e-02;7.221533e-02;3.890191e-02;6.253786e-02;1.404617e-01;9.725361e-02;6.927513e-02;4.461750e-02;5.489367e-02
2.775625e-02;4.869566e-02;1.852990e-01;8.148343e-02;5.017515e-02;5.249634e-02;1.636128e-01;9.653357e-02;1.354248e-01;7.328971e-02;4.036996e-02;4.486335e-02
8.009272e-02;6.552275e-02;1.020274e-01;8.471783e-02;6.447069e-02;6.331733e-02;2.251936e-01;5.658319e-02;9.288146e-02;6.233148e-02;5.897165e-02;4.388991e-02
9.667629e-02;5.822985e-02;1.169286e-01;6.673736e-02;7.491837e-02;6.892443e-02;1.525251e-01;9.542772e-02;8.078407e-02;6.332488e-02;6.678982e-02;5.873355e-02
8.288859e-02;6.591354e-02;1.887157e-01;3.724900e-02;7.397169e-02;5.543667e-02;1.577946e-01;1.138510e-01;9.415269e-02;4.491648e-02;5.851476e-02;2.659526e-02
8.773764e-02;5.923913e-02;1.879206e-01;5.929977e-02;6.041827e-02;3.927153e-02;1.777075e-01;1.168636e-01;5.552592e-02;5.501525e-02;6.755906e-02;3.344164e-02
8.806656e-02;7.922460e-02;1.427066e-01;7.275412e-02;5.811868e-02;5.716711e-02;1.492791e-01;1.258362e-01;6.340862e-02;6.311402e-02;6.608892e-02;3.423541e-02
6.511699e-02;9.575113e-02;1.397913e-01;6.807808e-02;4.936867e-02;7.617024e-02;1.414851e-01;8.829959e-02;1.316405e-01;5.202987e-02;6.019355e-02;3.207493e-02
4.938578e-02;9.084336e-02;6.070568e-02;7.872897e-02;4.271835e-02;9.311953e-02;1.338201e-01;7.286456e-02;2.122939e-01;6.640641e-02;6.080303e-02;3.831028e-02
6.647912e-02;8.379899e-02;8.336598e-02;5.793077e-02;6.494424e-02;8.465683e-02;9.905476e-02;9.106442e-02;1.999952e-01;8.788769e-02;5.181414e-02;2.900785e-02
5.177309e-02;6.317827e-02;1.476148e-01;4.482814e-02;6.878324e-02;6.945342e-02;1.390916e-01;8.431581e-02;1.659224e-01;6.924073e-02;5.327376e-02;4.252477e-02
7.597329e-02;8.970021e-02;8.580867e-02;6.982754e-02;6.745986e-02;8.740491e-02;1.468891e-01;8.068392e-02;9.649370e-02;7.218885e-02;6.255881e-02;6.501108e-02
6.463567e-02;6.401087e-02;1.073561e-01;9.457621e-02;4.675296e-02;1.012414e-01;1.354129e-01;6.999549e-02;6.153555e-02;6.361827e-02;1.043604e-01;8.650430e-02
7.432774e-02;5.058590e-02;9.171838e-02;1.121321e-01;5.227249e-02;7.385655e-02;1.401678e-01;7.620436e-02;7.223626e-02;6.609944e-02;1.120940e-01;7.830502e-02
1.019933e-01;3.859484e-02;6.546383e-02;1.231551e-01;7.534638e-02;6.495182e-02;1.461164e-01;6.124507e-02;1.273945e-01;6.249029e-02;9.813318e-02;3.511532e-02
1.166465e-01;3.177352e-02;4.009441e-02;1.099256e-01;7.515328e-02;1.322419e-01;1.188276e-01;2.908640e-02;1.835239e-01;4.419504e-02;6.694932e-02;5.158257e-02
8.483368e-02;2.871157e-02;3.346569e-02;6.878864e-02;5.619355e-02;1.845822e-01;4.607410e-02;5.902344e-02;2.637574e-01;2.399999e-02;4.740173e-02;1.031680e-01
1.264092e-01;2.387750e-02;2.957629e-02;3.786622e-02;3.413698e-02;1.108163e-01;7.441773e-02;5.543022e-02;3.448956e-01;3.178074e-02;5.764528e-02;7.314796e-02
1.788194e-01;3.385574e-02;2.254931e-02;4.596721e-02;3.044087e-02;5.458434e-02;1.303162e-01;3.935494e-02;3.140083e-01;6.166057e-02;4.995424e-02;3.848896e-02
1.960717e-01;7.381201e-02;2.528967e-02;3.983233e-02;4.761221e-02;4.636496e-02;1.514087e-01;3.247200e-02;1.945927e-01;1.346444e-01;3.407977e-02;2.381951e-02
1.487667e-01;1.326855e-01;2.639306e-02;2.186180e-02;7.467702e-02;3.906550e-02;1.039602e-01;4.196941e-02;1.146037e-01;2.409316e-01;1.835183e-02;3.673366e-02
6.928317e-02;1.868836e-01;1.566915e-02;1.314121e-02;1.027165e-01;1.744839e-02;4.101042e-02;1.022501e-01;8.601598e-02;3.048304e-01;1.307292e-02;4.767803e-02
2.034204e-02;2.066107e-01;2.409241e-02;1.550136e-02;1.015171e-01;2.737786e-02;2.578294e-02;1.813553e-01;5.584150e-02;2.645731e-01;4.297975e-02;3.402600e-02
2.699032e-02;1.542875e-01;7.109813e-02;2.101869e-02;6.025397e-02;7.639609e-02;3.037126e-02;1.957760e-01;7.668863e-02;1.439128e-01;1.228536e-01;2.035308e-02
3.724446e-02;7.547742e-02;1.311899e-01;1.879858e-02;1.865363e-02;1.174118e-01;4.623559e-02;1.044527e-01;1.603595e-01;6.601616e-02;1.843838e-01;3.977650e-02
3.798990e-02;4.425609e-02;1.243695e-01;2.831331e-02;1.675706e-02;8.785137e-02;1.176224e-01;4.736693e-02;2.012356e-01;5.573887e-02;1.345176e-01;1.039814e-01
3.336272e-02;4.172747e-02;6.541106e-02;4.293679e-02;1.366297e-02;4.040879e-02;2.226789e-01;4.644737e-02;1.328175e-01;1.094584e-01;6.261154e-02;1.884765e-01
8.354750e-02;3.488906e-02;2.063208e-02;3.287721e-02;2.776355e-02;3.138322e-02;2.312995e-01;1.009001e-01;5.041140e-02;1.558200e-01;2.939604e-02;2.010802e-01
1.636027e-01;4.806779e-02;3.822947e-02;1.697425e-02;7.028284e-02;3.814840e-02;1.175093e-01;1.752029e-01;5.600105e-02;9.340195e-02;6.730422e-02;1.152750e-01
1.837345e-01;6.166799e-02;5.313670e-02;1.863033e-02;1.130456e-01;2.246561e-02;7.342662e-02;1.904166e-01;8.396492e-02;2.810536e-02;1.010567e-01;7.034905e-02
1.617004e-01;5.457465e-02;7.981942e-02;2.661619e-02;1.170344e-01;2.705022e-02;8.089627e-02;1.580058e-01;8.393140e-02;3.201985e-02;1.095232e-01;6.882814e-02
1.385257e-01;8.006412e-02;1.138512e-01;3.125308e-02;1.065178e-01;4.032708e-02;6.592148e-02;1.129550e-01;1.017887e-01;6.744212e-02;7.913211e-02;6.222175e-02
1.145565e-01;1.015459e-01;9.522659e-02;2.244074e-02;9.669557e-02;2.727419e-02;9.834728e-02;1.285257e-01;1.132544e-01;7.626618e-02;8.247709e-02;4.338982e-02
1.243603e-01;1.010750e-01;6.352091e-02;1.414481e-02;7.183322e-02;1.229800e-02;9.882092e-02;1.465495e-01;1.257988e-01;9.013624e-02;8.909509e-02;6.236711e-02
1.315065e-01;1.082684e-01;9.437545e-02;8.653685e-03;4.644965e-02;2.057047e-02;9.717630e-02;1.167513e-01;1.039672e-01;1.091020e-01;9.639048e-02;6.678861e-02
1.148791e-01;8.222553e-02;1.123847e-01;1.206010e-02;4.132027e-02;3.552815e-02;1.297788e-01;1.652761e-01;6.243538e-02;8.928702e-02;1.016503e-01;5.317454e-02
1.654687e-01;7.485706e-02;8.954136e-02;1.256030e-02;3.547941e-02;4.025135e-02;9.865310e-02;1.923061e-01;6.430239e-02;9.153524e-02;8.147100e-02;5.357390e-02
1.778043e-01;6.172728e-02;6.477770e-02;2.542506e-02;3.187763e-02;3.459601e-02;1.243286e-01;1.580564e-01;1.053648e-01;7.980561e-02;1.050292e-01;3.120749e-02
1.838833e-01;4.480766e-02;5.173343e-02;2.328141e-02;2.543409e-02;4.430750e-02;1.262971e-01;1.614436e-01;1.054225e-01;1.059449e-01;8.463895e-02;4.280560e-02
1.519809e-01;5.302677e-02;7.637081e-02;5.607578e-02;2.993359e-02;6.130951e-02;1.273019e-01;1.402307e-01;1.026438e-01;1.077530e-01;3.429242e-02;5.908086e-02
1.134124e-01;5.357184e-02;1.280819e-01;6.810324e-02;5.763601e-02;4.977009e-02;8.214867e-02;6.584635e-02;1.443373e-01;1.023474e-01;5.747010e-02;7.727475e-02
1.605880e-01;1.023218e-01;1.509029e-01;3.436908e-02;3.493397e-02;4.085573e-02;7.209971e-02;5.262772e-02;1.282768e-01;9.817249e-02;6.764890e-02;5.720287e-02
2.070411e-01;1.194902e-01;1.349583e-01;2.978043e-02;3.182979e-02;3.032592e-02;5.476299e-02;7.007933e-02;1.012757e-01;9.214459e-02;7.484486e-02;5.346673e-02
2.235430e-01;1.018654e-01;8.085062e-02;3.468512e-02;2.760697e-02;2.153631e-02;6.237119e-02;8.311867e-02;6.692257e-02;1.404577e-01;7.753915e-02;7.950328e-02
1.660548e-01;5.863689e-02;4.276277e-02;4.387981e-02;2.057686e-02;2.565327e-02;9.305580e-02;6.978652e-02;6.850930e-02;2.018522e-01;7.857026e-02;1.306616e-01
9.439914e-02;3.355729e-02;5.366887e-02;3.712168e-02;2.810443e-02;3.937611e-02;8.435695e-02;5.830989e-02;1.340323e-01;1.498221e-01;1.505393e-01;1.367118e-01
4.194788e-02;4.839715e-02;9.334708e-02;2.627316e-02;4.076720e-02;4.780372e-02;8.570426e-02;7.109716e-02;1.408410e-01;1.058620e-01;1.978115e-01;1.001479e-01
1.582735e-01;9.097575e-02;9.717993e-02;3.226818e-02;4.313239e-02;3.181341e-02;7.511297e-02;5.549864e-02;9.051157e-02;1.223413e-01;1.106402e-01;9.225220e-02
1.098570e-01;1.273392e-01;7.634096e-02;5.402994e-02;2.569883e-02;3.228551e-02;5.149451e-02;3.424245e-02;1.588123e-01;1.283532e-01;9.715677e-02;1.043893e-01
1.168983e-01;1.170083e-01;8.005869e-02;4.722998e-02;2.316078e-02;1.998677e-02;8.764096e-02;4.902340e-02;1.450304e-01;1.153273e-01;1.045181e-01;9.411709e-02
8.707841e-02;9.721886e-02;7.070284e-02;3.961422e-02;1.601682e-02;1.796627e-02;9.416129e-02;6.955392e-02;1.320424e-01;1.528540e-01;1.397210e-01;8.306996e-02
1.970332e-01;7.710250e-02;5.422609e-02;3.648171e-02;3.256823e-02;3.526521e-02;8.900090e-02;6.879091e-02;8.807420e-02;1.302376e-01;9.691051e-02;9.430892e-02
1.324803e-01;5.059706e-02;6.992097e-02;3.752201e-02;7.221271e-02;3.985429e-02;9.517416e-02;8.730689e-02;8.205208e-02;1.362111e-01;1.409394e-01;5.572911e-02
1.152970e-01;4.533327e-02;7.471656e-02;4.094478e-02;7.609892e-02;4.104776e-02;8.509362e-02;8.472235e-02;6.580915e-02;1.316412e-01;1.697874e-01;6.950795e-02
1.343308e-01;5.128458e-02;1.115662e-01;4.829207e-02;7.452744e-02;5.381655e-02;8.479364e-02;6.565591e-02;4.886945e-02;1.115944e-01;1.394112e-01;7.585783e-02
1.203559e-01;4.458117e-02;1.695609e-01;5.756491e-02;7.887928e-02;6.241722e-02;9.486461e-02;4.478717e-02;4.262210e-02;1.079591e-01;1.014269e-01;7.498073e-02
9.532436e-02;3.394660e-02;1.955695e-01;5.149652e-02;7.456031e-02;5.620423e-02;1.252245e-01;4.868751e-02;6.798009e-02;1.198348e-01;7.891209e-02;5.225950e-02
1.301079e-01;6.709500e-02;1.508510e-01;4.034506e-02;6.907552e-02;4.874126e-02;1.243535e-01;3.948590e-02;8.100038e-02;1.374578e-01;6.858399e-02;4.290266e-02
1.613166e-01;3.969251e-02;1.563330e-01;2.989588e-02;6.676064e-02;4.224126e-02;5.385742e-02;4.370313e-02;7.758963e-02;1.462018e-01;1.191529e-01;6.325512e-02
1.084715e-01;7.060605e-02;1.174816e-01;3.793793e-02;6.114894e-02;2.818474e-02;7.552531e-02;4.377536e-02;6.725865e-02;1.711075e-01;1.579411e-01;6.056137e-02
1.425351e-01;1.128431e-01;1.172553e-01;5.307654e-02;5.406903e-02;2.484266e-02;1.069629e-01;3.634936e-02;4.309472e-02;1.564488e-01;7.904885e-02;7.347366e-02
9.763643e-02;1.112688e-01;1.591683e-01;5.617160e-02;3.626928e-02;3.632366e-02;1.323310e-01;5.359558e-02;6.241302e-02;1.179553e-01;8.106669e-02;5.580036e-02
1.012144e-01;1.384982e-01;1.402014e-01;4.660460e-02;7.249053e-02;5.689112e-02;6.819251e-02;7.414743e-02;8.539657e-02;7.017856e-02;8.595292e-02;6.023171e-02
1.042500e-01;1.304637e-01;1.482530e-01;4.128166e-02;7.936846e-02;5.967964e-02;6.311039e-02;7.543422e-02;9.966249e-02;6.231754e-02;7.559910e-02;6.057975e-02
1.075697e-01;1.101821e-01;1.596069e-01;3.186600e-02;8.085921e-02;5.701215e-02;6.508595e-02;7.001700e-02;1.092177e-01;6.056468e-02;7.298467e-02;7.503401e-02
1.062872e-01;8.154079e-02;1.819952e-01;3.241224e-02;8.141170e-02;4.416647e-02;6.378436e-02;6.830916e-02;1.085419e-01;5.584205e-02;6.667168e-02;1.090373e-01
8.502258e-02;6.247102e-02;1.025710e-01;5.917155e-02;8.341546e-02;3.273491e-02;7.406139e-02;5.445184e-02;8.759893e-02;1.473970e-01;7.381888e-02;1.372855e-01
1.113867e-01;4.306135e-02;4.951860e-02;7.839277e-02;9.363180e-02;4.349303e-02;6.518682e-02;4.066887e-02;1.316970e-01;1.276987e-01;1.075739e-01;1.076905e-01
1.104157e-01;3.893787e-02;4.416365e-02;9.141427e-02;6.405497e-02;5.448518e-02;6.535552e-02;7.243217e-02;1.633331e-01;1.121017e-01;1.174962e-01;6.580973e-02
8.948311e-02;4.332013e-02;8.060952e-02;7.679015e-02;5.490910e-02;5.770060e-02;8.828939e-02;1.111464e-01;1.149603e-01;1.115417e-01;7.311612e-02;9.813353e-02
8.332878e-02;6.471017e-02;9.269030e-02;4.592572e-02;6.685754e-02;5.231728e-02;1.562418e-01;1.107669e-01;6.219816e-02;9.045738e-02;7.579820e-02;9.870774e-02
7.651391e-02;8.670002e-02;6.542849e-02;3.192082e-02;6.373689e-02;6.631972e-02;2.067884e-01;7.647376e-02;6.996793e-02;4.929489e-02;1.236761e-01;8.317903e-02
9.950514e-02;7.554244e-02;4.551962e-02;5.440974e-02;6.165808e-02;1.074961e-01;1.674492e-01;5.498924e-02;5.181689e-02;7.539145e-02;7.838096e-02;1.278411e-01
1.906969e-01;5.202331e-02;4.263513e-02;5.327281e-02;8.330502e-02;1.307482e-01;1.233863e-01;5.744234e-02;3.104749e-02;1.067874e-01;2.109551e-02;1.075595e-01
2.775339e-01;3.818581e-02;3.625374e-02;3.556023e-02;8.841754e-02;1.498904e-01;1.183501e-01;6.243322e-02;3.868971e-02;9.431911e-02;2.051388e-02;3.985242e-02
3.076277e-01;6.513193e-02;2.605612e-02;2.032889e-02;7.693608e-02;1.455799e-01;1.374790e-01;5.540271e-02;4.159380e-02;6.016612e-02;1.872853e-02;4.496921e-02
2.300449e-01;1.389355e-01;6.383767e-02;2.497194e-02;8.998375e-02;1.062555e-01;1.125776e-01;3.859217e-02;4.967779e-02;4.664018e-02;4.511587e-02;5.336710e-02
1.110748e-01;1.777273e-01;1.251111e-01;3.451149e-02;1.082358e-01;8.143988e-02;1.300677e-01;3.905948e-02;4.808119e-02;3.516836e-02;5.506274e-02;5.446012e-02
4.779344e-02;1.454147e-01;1.821053e-01;4.387366e-02;1.363591e-01;8.931622e-02;1.320409e-01;6.534161e-02;4.237537e-02;2.555394e-02;4.203044e-02;4.779519e-02
9.223354e-02;7.800414e-02;1.512288e-01;4.662397e-02;1.252999e-01;1.147668e-01;1.530114e-01;7.675577e-02;2.964461e-02;5.109027e-02;2.914677e-02;5.219404e-02
1.110708e-01;5.411619e-02;5.054000e-02;3.611393e-02;1.170989e-01;1.354284e-01;2.787337e-01;7.017019e-02;3.079923e-02;6.339092e-02;2.142067e-02;3.111702e-02
1.250305e-01;4.761815e-02;1.937724e-02;3.220421e-02;1.115426e-01;1.362110e-01;3.545517e-01;4.932723e-02;3.252950e-02;5.833611e-02;1.243009e-02;2.084176e-02
1.229283e-01;4.257652e-02;3.045987e-02;3.352806e-02;1.120579e-01;1.299155e-01;3.935143e-01;2.751803e-02;1.738436e-02;5.214782e-02;1.516613e-02;2.280314e-02
1.283171e-01;5.815483e-02;2.667184e-02;3.549630e-02;1.038928e-01;1.177058e-01;4.187448e-01;1.882478e-02;1.795291e-02;4.052040e-02;1.276168e-02;2.095676e-02
1.309986e-01;6.806498e-02;1.936762e-02;3.643534e-02;9.477440e-02;1.097015e-01;4.496157e-01;2.025118e-02;1.418003e-02;3.203340e-02;5.446483e-03;1.913084e-02
1.021086e-01;8.909240e-02;6.526496e-02;3.125902e-02;6.862009e-02;7.710102e-02;4.712424e-01;2.480290e-02;1.801830e-02;2.820191e-02;1.012190e-02;1.416654e-02
7.880610e-02;9.700952e-02;9.289705e-02;4.131868e-02;3.986416e-02;6.515942e-02;4.705684e-01;2.904209e-02;2.409674e-02;3.836245e-02;9.514874e-03;1.336053e-02
7.313058e-02;8.276940e-02;8.736301e-02;4.325796e-02;4.005209e-02;7.216640e-02;4.633936e-01;3.465532e-02;3.539588e-02;4.541263e-02;1.111502e-02;1.128811e-02
5.992346e-02;8.226863e-02;6.268670e-02;2.196804e-02;6.471695e-02;7.623394e-02;4.433799e-01;4.881794e-02;5.525887e-02;5.409949e-02;2.262146e-02;8.024584e-03
4.232463e-02;8.874632e-02;6.953466e-02;2.834785e-02;1.084742e-01;6.933994e-02;3.972061e-01;5.542794e-02;5.311113e-02;4.821746e-02;3.036464e-02;8.905153e-03
3.321328e-02;8.165424e-02;1.288840e-01;4.416894e-02;1.145069e-01;4.792857e-02;3.138947e-01;7.769529e-02;6.474075e-02;4.836330e-02;2.239442e-02;2.255557e-02
2.688571e-02;6.558606e-02;1.969139e-01;4.151180e-02;6.320143e-02;7.759944e-02;2.012416e-01;1.054654e-01;1.054368e-01;5.996382e-02;1.400062e-02;4.219347e-02
2.508019e-02;4.972016e-02;2.262880e-01;4.026099e-02;8.872578e-02;1.212599e-01;1.513488e-01;9.706526e-02;9.377863e-02;5.034973e-02;8.111387e-03;4.801119e-02
2.875815e-02;4.871624e-02;1.919083e-01;6.358168e-02;1.980035e-01;9.314352e-02;1.638678e-01;5.739583e-02;6.374519e-02;4.459816e-02;1.499931e-02;3.128238e-02
3.523568e-02;4.225506e-02;1.445944e-01;1.158533e-01;2.555046e-01;3.867134e-02;1.076657e-01;4.252556e-02;1.007677e-01;7.418764e-02;2.326364e-02;1.947538e-02
4.153621e-02;2.638509e-02;8.081346e-02;2.003810e-01;1.711822e-01;1.453610e-02;7.697850e-02;6.999964e-02;1.605347e-01;1.118249e-01;3.514579e-02;1.068236e-02
4.815473e-02;1.435775e-02;2.040251e-02;2.640140e-01;7.123980e-02;1.227162e-02;1.072627e-01;9.069746e-02;2.033779e-01;1.225460e-01;4.218920e-02;3.486327e-03
5.469633e-02;8.670228e-03;4.176264e-02;2.973780e-01;3.792626e-02;9.394721e-03;5.662318e-02;1.106806e-01;2.118243e-01;1.217427e-01;4.581372e-02;3.487295e-03
5.914727e-02;5.600551e-03;3.806882e-02;2.949223e-01;2.512069e-02;7.398509e-03;8.676025e-02;1.245129e-01;1.975318e-01;1.106421e-01;4.669703e-02;3.597755e-03
7.542772e-02;5.496545e-03;3.643522e-02;2.611615e-01;3.049135e-02;1.022336e-02;1.077713e-01;1.422671e-01;1.745590e-01;1.039759e-01;4.778093e-02;4.410010e-03
9.099342e-02;1.495020e-02;8.247423e-02;1.777784e-01;4.358454e-02;2.655205e-02;1.310732e-01;1.365021e-01;1.276904e-01;1.115184e-01;4.460637e-02;1.227671e-02
1.025822e-01;2.894844e-02;1.164420e-01;9.820124e-02;7.712381e-02;5.570346e-02;1.194315e-01;9.224085e-02;8.002294e-02;1.468559e-01;4.257152e-02;3.987609e-02
1.085895e-01;3.840303e-02;8.200249e-02;5.361890e-02;1.160344e-01;5.668819e-02;6.496013e-02;5.427805e-02;4.906824e-02;2.223008e-01;5.178655e-02;1.022697e-01
6.784725e-02;6.145868e-02;2.659948e-02;3.475800e-02;1.284050e-01;3.155247e-02;2.559664e-02;5.035710e-02;5.278880e-02;2.956557e-01;6.455988e-02;1.604210e-01
3.569424e-02;5.070528e-02;2.420019e-02;5.176877e-02;1.116170e-01;2.491025e-02;5.681116e-02;7.185466e-02;6.040213e-02;2.902110e-01;7.639989e-02;1.454254e-01
4.359030e-02;4.556561e-02;5.442101e-02;6.253861e-02;8.835028e-02;3.428697e-02;1.172563e-01;7.750770e-02;7.946178e-02;2.289858e-01;7.567423e-02;9.236144e-02
6.181251e-02;6.715915e-02;9.627862e-02;5.974189e-02;7.310868e-02;3.920619e-02;1.481764e-01;7.834459e-02;8.021746e-02;1.724257e-01;7.047529e-02;5.305357e-02
8.114398e-02;6.163285e-02;1.010855e-01;4.728851e-02;5.565666e-02;4.047858e-02;8.296901e-02;1.083586e-01;9.848811e-02;1.901162e-01;8.164588e-02;5.113613e-02
7.075512e-02;3.935329e-02;5.414146e-02;3.399190e-02;5.610674e-02;4.795757e-02;7.470427e-02;1.626710e-01;9.370719e-02;1.945485e-01;1.234999e-01;4.856308e-02
4.819884e-02;3.034124e-02;4.067929e-02;2.695890e-02;4.455314e-02;8.969377e-02;5.335630e-02;1.914643e-01;6.412476e-02;1.777354e-01;1.845761e-01;4.831794e-02
1.415477e-02;5.715572e-02;5.036356e-02;2.764694e-02;7.146448e-02;1.203863e-01;4.685313e-02;1.603259e-01;2.538348e-02;1.593703e-01;2.233858e-01;4.350956e-02
1.818341e-02;6.529469e-02;7.011554e-02;4.905283e-02;1.989885e-01;7.855295e-02;6.155364e-02;7.962032e-02;3.099639e-02;1.575558e-01;1.574657e-01;3.262025e-02
6.603567e-02;8.631423e-02;1.035623e-01;7.064561e-02;2.387395e-01;5.172570e-02;9.743945e-02;4.315653e-02;3.277049e-02;1.126310e-01;7.784712e-02;1.913245e-02
1.297832e-01;1.449244e-01;1.452529e-01;5.246843e-02;1.743968e-01;6.720218e-02;1.114404e-01;3.053267e-02;2.291797e-02;6.064989e-02;4.156069e-02;1.887063e-02
2.046321e-01;2.157928e-01;1.292026e-01;2.842464e-02;1.105687e-01;5.387798e-02;8.924986e-02;2.592511e-02;1.525712e-02;4.615086e-02;4.765132e-02;3.326692e-02
1.728603e-01;2.390696e-01;1.327864e-01;2.495913e-02;1.061812e-01;2.820259e-02;4.334806e-02;3.945583e-02;2.611218e-02;8.792599e-02;8.142014e-02;1.767868e-02
3.862337e-02;2.004415e-01;1.629184e-01;2.602537e-02;1.108532e-01;5.047622e-02;5.177072e-02;5.800159e-02;3.041941e-02;1.455213e-01;9.945005e-02;2.549892e-02
1.402041e-01;1.898791e-01;7.014790e-02;4.136584e-02;7.540704e-02;7.178712e-02;7.685932e-02;6.233361e-02;3.275285e-02;1.276838e-01;8.647300e-02;2.510630e-02
1.561862e-01;1.525720e-01;3.547928e-02;4.329439e-02;4.351998e-02;5.238285e-02;7.739586e-02;6.411504e-02;5.821186e-02;1.552025e-01;1.082176e-01;5.342234e-02
6.264266e-02;6.638762e-02;4.208140e-02;4.509470e-02;3.203007e-02;6.424323e-02;9.487649e-02;8.451565e-02;1.457058e-01;1.591877e-01;1.266210e-01;7.661366e-02
3.768064e-02;3.487159e-02;6.419090e-02;3.923989e-02;4.815094e-02;5.106789e-02;9.784655e-02;1.146540e-01;1.519946e-01;1.576647e-01;1.185446e-01;8.409372e-02
3.288801e-02;2.535462e-02;8.086728e-02;3.010658e-02;5.478550e-02;2.609392e-02;1.036262e-01;1.457545e-01;1.235916e-01;1.599572e-01;1.406724e-01;7.630223e-02
1.888864e-02;1.874335e-02;1.114939e-01;1.670196e-02;3.534693e-02;3.580620e-02;9.918964e-02;2.002642e-01;7.007869e-02;1.645561e-01;1.083470e-01;1.205834e-01
8.122833e-03;2.653708e-02;1.379864e-01;1.041416e-02;1.185187e-02;6.247913e-02;8.513650e-02;2.429743e-01;3.966126e-02;1.514316e-01;5.263939e-02;1.707655e-01
8.144490e-03;3.546915e-02;1.481545e-01;2.405415e-02;1.570721e-02;9.070168e-02;6.805710e-02;2.434798e-01;5.493423e-02;1.112147e-01;3.057056e-02;1.695124e-01
1.359149e-02;5.259698e-02;1.644390e-01;4.139467e-02;3.037381e-02;1.097016e-01;7.188107e-02;2.168831e-01;8.066148e-02;6.747832e-02;2.203521e-02;1.289633e-01
2.747141e-02;6.544866e-02;1.691351e-01;5.272103e-02;4.296312e-02;8.580136e-02;8.782686e-02;1.616223e-01;9.998710e-02;8.870329e-02;4.943253e-02;6.888716e-02
4.356334e-02;6.568330e-02;1.600569e-01;3.834987e-02;4.124416e-02;6.874561e-02;1.306112e-01;1.315985e-01;8.876248e-02;1.318561e-01;6.125272e-02;3.827580e-02
4.201658e-02;5.788882e-02;1.658975e-01;2.900278e-02;4.234334e-02;7.365786e-02;2.051973e-01;1.392911e-01;8.855131e-02;9.401570e-02;4.461052e-02;1.752709e-02
2.618696e-02;4.292190e-02;1.611394e-01;4.008792e-02;3.473172e-02;9.189501e-02;2.000348e-01;1.425945e-01;8.063498e-02;8.411121e-02;4.555188e-02;5.010969e-02
2.833738e-02;4.316538e-02;1.383288e-01;5.092558e-02;4.755129e-02;8.412360e-02;1.246728e-01;1.509158e-01;7.671405e-02;1.132456e-01;5.757466e-02;8.444490e-02
4.200676e-02;5.187120e-02;9.044932e-02;4.708806e-02;5.341357e-02;6.071033e-02;1.318053e-01;1.673154e-01;6.761938e-02;1.169352e-01;9.085016e-02;7.993534e-02
2.604525e-02;4.122093e-02;8.640166e-02;3.974250e-02;3.817255e-02;6.687722e-02;1.149377e-01;1.565797e-01;8.210673e-02;1.209057e-01;1.389136e-01;8.809651e-02
8.874029e-02;4.053241e-02;9.656292e-02;3.299541e-02;3.859686e-02;6.548521e-02;8.846065e-02;1.167395e-01;8.756502e-02;1.053470e-01;1.377132e-01;1.012615e-01
1.777806e-01;3.706694e-02;7.631363e-02;3.710239e-02;3.938705e-02;4.841236e-02;1.540822e-01;9.281538e-02;4.505543e-02;9.345624e-02;8.736154e-02;1.111662e-01
1.753438e-01;1.316958e-01;1.906393e-01;3.030784e-02;4.820331e-02;5.195753e-02;1.011866e-01;6.399287e-02;3.756411e-02;3.643689e-02;5.099087e-02;8.168113e-02
1.049404e-01;1.741488e-01;2.743160e-01;3.684531e-02;5.371360e-02;4.496125e-02;7.801783e-02;6.078732e-02;4.809461e-02;3.154121e-02;2.878829e-02;6.384534e-02
8.222847e-02;1.591287e-01;3.612891e-01;3.212459e-02;5.114715e-02;3.587566e-02;5.821219e-02;6.411136e-02;4.620520e-02;4.552484e-02;1.417587e-02;4.997687e-02
4.272632e-02;8.988968e-02;4.380252e-01;9.747390e-02;5.728594e-02;2.439055e-02;5.065409e-02;5.051757e-02;4.981276e-02;5.033848e-02;2.545750e-02;2.342803e-02
3.140181e-02;6.225400e-02;3.393472e-01;2.021520e-01;7.604473e-02;3.287147e-02;3.685034e-02;7.973511e-02;4.188168e-02;3.123408e-02;4.897640e-02;1.725129e-02
2.368646e-02;9.745663e-02;1.810880e-01;2.129256e-01;1.486769e-01;4.646653e-02;4.204850e-02;9.485953e-02;2.704339e-02;2.532559e-02;4.547009e-02;5.495277e-02
1.780100e-02;1.121627e-01;1.275955e-01;1.359009e-01;2.491312e-01;4.881521e-02;6.181034e-02;5.208898e-02;3.369807e-02;2.808877e-02;2.224264e-02;1.106646e-01
1.863809e-02;6.301228e-02;1.545983e-01;1.015316e-01;2.719140e-01;4.234158e-02;5.244926e-02;2.499124e-02;3.898685e-02;2.046825e-02;8.940559e-02;1.216630e-01
1.565821e-02;2.699277e-02;1.973758e-01;1.330096e-01;1.881376e-01;2.604579e-02;1.955605e-02;4.556082e-02;1.927633e-02;3.608920e-02;2.285288e-01;6.376895e-02
1.270648e-02;2.226152e-02;2.730099e-01;1.338498e-01;1.004785e-01;2.464153e-02;4.513981e-02;6.195978e-02;1.593885e-02;4.734926e-02;2.385942e-01;2.407032e-02
2.123410e-02;2.061402e-02;4.270080e-01;9.082920e-02;5.368270e-02;2.457278e-02;8.770169e-02;5.110617e-02;2.502334e-02;4.240170e-02;1.377818e-01;1.804450e-02
2.359784e-02;3.539075e-02;5.862559e-01;5.721809e-02;6.929465e-02;2.277549e-02;8.208623e-02;2.481594e-02;1.272816e-02;3.839026e-02;3.098359e-02;1.646311e-02
8.569150e-03;5.684320e-02;6.771457e-01;4.900890e-02;5.216096e-02;1.353492e-02;4.199600e-02;2.139591e-02;1.122906e-02;2.971602e-02;2.016114e-02;1.823906e-02
1.839255e-02;8.320083e-02;6.457947e-01;7.004054e-02;4.245033e-02;2.304093e-02;2.089475e-02;2.086986e-02;1.272128e-02;1.614634e-02;2.396752e-02;2.248036e-02
2.970042e-02;1.096769e-01;6.087881e-01;6.824415e-02;4.177549e-02;3.548091e-02;1.245541e-02;1.960213e-02;2.158101e-02;1.009316e-02;2.786991e-02;1.473236e-02
6.167163e-02;1.228072e-01;5.622949e-01;6.299708e-02;3.448926e-02;3.856463e-02;1.277318e-02;1.375411e-02;3.597029e-02;1.484849e-02;2.417374e-02;1.565540e-02
1.345780e-01;1.162110e-01;4.435038e-01;5.477852e-02;3.046923e-02;3.098188e-02;2.692750e-02;2.055058e-02;4.765122e-02;1.905414e-02;3.869695e-02;3.659718e-02
1.318861e-01;8.727068e-02;1.995992e-01;6.816148e-02;4.826805e-02;3.922896e-02;1.279638e-01;6.820876e-02;8.663152e-02;5.440237e-02;3.549761e-02;5.288155e-02
4.372238e-02;6.065672e-02;3.617565e-01;9.551790e-02;5.281737e-02;3.336328e-02;1.181651e-01;6.632441e-02;6.822076e-02;4.985312e-02;2.702885e-02;2.257360e-02
1.466951e-02;3.233464e-02;4.400387e-01;1.220312e-01;5.439180e-02;2.357770e-02;1.315120e-01;5.706529e-02;4.726598e-02;3.111774e-02;3.579709e-02;1.019844e-02
1.246641e-02;2.064497e-02;5.093961e-01;1.028590e-01;4.050411e-02;1.481881e-02;1.883917e-01;2.292713e-02;3.239655e-02;3.114839e-02;2.155210e-02;2.894750e-03
9.984152e-03;4.352487e-02;5.683714e-01;5.259300e-02;2.539367e-02;1.327561e-02;1.877174e-01;1.367700e-02;2.397297e-02;4.864013e-02;7.619707e-03;5.230120e-03
2.472457e-02;1.078697e-01;5.639578e-01;2.925943e-02;1.774149e-02;3.366950e-02;1.063416e-01;2.228910e-02;3.183901e-02;4.906562e-02;4.092284e-03;9.149914e-03
1.161120e-01;1.977969e-01;3.992473e-01;2.752087e-02;2.902379e-02;7.263958e-02;2.971858e-02;3.655121e-02;4.626073e-02;2.417670e-02;6.532591e-03;1.441974e-02
2.518368e-01;1.973915e-01;2.103242e-01;3.085418e-02;5.985750e-02;6.354856e-02;3.255713e-02;4.676305e-02;3.969337e-02;1.653652e-02;1.295066e-02;3.768648e-02
2.914824e-01;1.297721e-01;1.176786e-01;4.485797e-02;7.060224e-02;4.261946e-02;8.476782e-02;4.524810e-02;2.365693e-02;3.279563e-02;4.077241e-02;7.574628e-02
1.573861e-01;4.843344e-02;9.482720e-02;4.431900e-02;5.275795e-02;6.494895e-02;1.383307e-01;7.459774e-02;5.921387e-02;8.465748e-02;1.003429e-01;8.018462e-02
5.999495e-02;3.562480e-02;5.859900e-02;4.262795e-02;5.829399e-02;5.312998e-02;1.410274e-01;1.298360e-01;1.097806e-01;1.398315e-01;1.241694e-01;4.708445e-02
5.439996e-02;1.887088e-02;7.918297e-02;3.752491e-02;4.440025e-02;2.595394e-02;2.009370e-01;1.225034e-01;1.117916e-01;1.385298e-01;1.180159e-01;4.788934e-02
6.755307e-02;5.122254e-02;9.852535e-02;2.952717e-02;5.196451e-02;3.189414e-02;3.008269e-01;8.570354e-02;5.903315e-02;8.331212e-02;8.628420e-02;5.415333e-02
