8.784653e-02;5.483177e-02;1.207385e-01;6.429110e-02;1.068140e-01;8.097788e-02;6.652629e-02;9.176885e-02;9.825485e-02;1.178260e-01;5.750058e-02;5.262372e-02
8.769412e-02;1.064738e-01;6.532335e-02;5.415574e-02;8.775207e-02;8.546298e-02;7.611187e-02;1.302035e-01;9.809324e-02;1.115359e-01;4.471633e-02;5.247710e-02
6.808060e-02;1.508466e-01;5.660971e-02;7.967632e-02;1.048520e-01;6.695362e-02;6.444197e-02;1.375536e-01;7.249223e-02;1.207432e-01;5.161700e-02;2.613301e-02
5.719629e-02;1.490858e-01;8.466657e-02;8.977269e-02;6.682360e-02;9.927117e-02;6.720501e-02;9.311003e-02;9.328432e-02;1.224288e-01;3.934572e-02;3.780991e-02
5.329007e-02;1.469778e-01;7.689591e-02;4.937051e-02;5.537593e-02;1.117625e-01;9.472411e-02;8.840605e-02;8.132710e-02;1.267319e-01;3.853025e-02;7.660792e-02
1.148185e-01;1.161590e-01;9.286574e-02;4.896469e-02;4.968444e-02;7.691758e-02;9.571753e-02;8.359944e-02;6.341176e-02;1.042534e-01;5.544271e-02;9.816513e-02
1.265585e-01;8.873093e-02;1.163961e-01;6.978249e-02;3.571325e-02;5.765946e-02;8.923320e-02;9.243076e-02;9.678746e-02;7.374965e-02;5.664773e-02;9.631050e-02
9.532648e-02;4.822592e-02;1.247566e-01;6.009309e-02;4.830135e-02;5.965408e-02;1.614836e-01;3.961856e-02;1.292565e-01;7.035434e-02;7.179257e-02;9.113683e-02
4.216574e-02;2.409077e-02;1.383610e-01;4.316216e-02;5.561930e-02;6.745944e-02;2.243012e-01;7.617267e-02;1.084915e-01;7.036248e-02;7.221518e-02;7.759852e-02
4.520629e-02;2.848060e-02;1.657543e-01;5.786906e-02;5.570295e-02;5.996431e-02;1.752064e-01;8.209266e-02;5.102806e-02;1.142919e-01;1.083499e-01;5.605370e-02
4.784238e-02;6.524747e-02;1.902977e-01;5.453094e-02;3.492462e-02;4.682366e-02;1.031970e-01;3.964492e-02;7.933615e-02;1.619759e-01;1.220784e-01;5.410083e-02
6.507225e-02;1.153298e-01;1.495349e-01;3.435534e-02;3.103223e-02;3.510795e-02;4.648534e-02;3.037180e-02;1.912922e-01;1.473063e-01;9.524152e-02;5.887038e-02
1.149351e-01;1.383415e-01;8.058454e-02;1.842333e-02;6.712655e-02;2.843834e-02;2.451602e-02;9.675214e-02;2.273090e-01;7.153250e-02;9.049020e-02;4.155076e-02
1.853788e-01;9.533520e-02;4.839351e-02;9.828306e-03;1.301770e-01;2.307762e-02;3.366386e-02;1.791041e-01;1.330210e-01;3.364253e-02;1.002687e-01;2.810938e-02
2.289051e-01;6.089832e-02;5.181661e-02;2.260521e-02;1.724879e-01;1.626406e-02;4.359183e-02;2.147322e-01;5.184994e-02;4.483330e-02;6.478705e-02;2.722855e-02
2.254182e-01;7.384308e-02;5.921865e-02;2.813411e-02;1.742094e-01;1.245404e-02;3.273130e-02;1.805763e-01;8.391190e-02;3.586876e-02;6.933482e-02;2.429944e-02
2.399616e-01;6.593202e-02;5.330802e-02;1.803854e-02;1.917194e-01;1.655538e-02;3.389415e-02;1.747410e-01;9.203807e-02;4.873812e-02;4.762077e-02;1.745294e-02
2.673462e-01;5.092014e-02;5.460877e-02;1.159555e-02;2.138399e-01;1.913783e-02;5.187351e-02;2.000594e-01;5.464787e-02;3.709775e-02;1.883216e-02;2.004093e-02
2.893771e-01;6.036823e-02;4.846002e-02;1.145270e-02;2.016027e-01;2.072229e-02;5.021987e-02;2.230162e-01;3.313036e-02;2.245781e-02;2.370154e-02;1.549111e-02
2.743305e-01;6.004034e-02;5.628674e-02;1.087395e-02;1.370993e-01;1.169812e-02;5.164052e-02;2.451147e-01;4.829028e-02;3.378853e-02;4.049756e-02;3.033943e-02
2.466769e-01;5.336615e-02;5.758319e-02;1.552249e-02;6.619628e-02;1.496227e-02;1.111171e-01;2.853396e-01;4.114314e-02;2.676362e-02;3.666328e-02;4.466602e-02
2.073904e-01;4.404156e-02;4.729201e-02;1.936680e-02;3.593882e-02;2.717110e-02;2.458878e-01;2.307541e-01;3.686392e-02;2.716715e-02;1.926495e-02;5.886132e-02
1.770584e-01;2.452153e-02;2.537424e-02;2.225164e-02;2.441663e-02;3.478412e-02;3.734785e-01;1.735136e-01;3.404194e-02;3.702257e-02;1.848893e-02;5.504778e-02
1.572339e-01;1.637308e-02;2.338050e-02;3.049908e-02;8.359996e-03;2.270533e-02;3.918963e-01;2.286914e-01;2.470797e-02;3.249229e-02;1.724633e-02;4.641376e-02
1.798979e-01;2.475995e-02;2.122783e-02;2.142566e-02;1.979925e-02;1.579252e-02;3.461760e-01;2.607563e-01;1.229093e-02;3.093218e-02;1.783103e-02;4.911046e-02
2.097958e-01;3.210562e-02;2.506242e-02;2.765931e-02;2.207051e-02;2.065826e-02;2.932069e-01;2.544786e-01;9.926231e-03;2.876906e-02;1.310572e-02;6.316151e-02
1.873062e-01;2.266264e-02;1.734881e-02;4.851323e-02;7.071787e-03;2.355325e-02;3.245743e-01;2.049972e-01;1.759830e-02;4.818636e-02;1.749208e-02;8.069586e-02
1.402813e-01;1.238568e-02;1.597086e-02;6.221194e-02;1.703821e-02;2.801902e-02;2.818142e-01;1.983010e-01;7.095578e-02;7.015926e-02;1.952222e-02;8.334054e-02
1.121937e-01;2.644015e-02;1.768445e-02;8.075802e-02;1.921776e-02;2.508084e-02;1.535876e-01;2.057492e-01;1.198034e-01;9.250305e-02;2.845421e-02;1.185277e-01
7.503793e-02;2.778100e-02;2.102492e-02;1.134099e-01;9.472960e-03;1.861294e-02;2.172357e-01;1.299066e-01;9.896252e-02;9.303147e-02;2.100508e-02;1.745190e-01
4.413981e-02;2.784177e-02;8.403276e-03;1.506055e-01;1.053078e-02;1.597719e-02;3.242506e-01;3.451769e-02;4.684311e-02;1.016061e-01;9.862148e-03;2.254220e-01
4.596929e-02;2.469602e-02;1.214390e-02;1.555468e-01;8.093881e-03;1.387039e-02;3.219787e-01;4.105400e-02;1.426457e-02;1.295332e-01;7.341492e-03;2.255077e-01
6.112938e-02;1.878675e-02;1.209580e-02;1.433454e-01;1.069073e-02;1.884620e-02;2.723391e-01;6.831516e-02;1.368963e-02;1.735646e-01;1.067558e-02;1.965216e-01
7.259866e-02;1.121402e-02;1.158925e-02;1.194524e-01;1.916278e-02;2.263272e-02;2.236153e-01;1.175550e-01;2.781257e-02;2.051928e-01;1.542365e-02;1.537508e-01
7.420934e-02;1.098114e-02;1.744015e-02;8.819280e-02;1.322581e-02;2.158394e-02;2.327495e-01;1.172818e-01;2.880170e-02;2.217357e-01;1.696632e-02;1.568317e-01
6.789472e-02;1.043618e-02;1.443044e-02;6.145370e-02;8.512563e-03;2.505982e-02;2.990496e-01;9.771961e-02;2.366231e-02;2.033957e-01;2.541350e-02;1.629718e-01
7.273509e-02;1.183575e-02;2.458117e-02;4.475330e-02;1.381069e-02;4.760765e-02;3.561829e-01;1.262240e-01;3.475248e-02;1.343852e-01;1.535024e-02;1.177815e-01
7.726593e-02;2.437080e-02;5.145989e-02;4.051248e-02;3.315742e-02;8.167433e-02;3.637870e-01;1.356866e-01;3.363602e-02;7.185522e-02;2.487583e-02;6.171845e-02
7.011209e-02;3.308078e-02;6.874720e-02;4.148470e-02;4.725441e-02;9.616292e-02;3.365897e-01;1.345920e-01;4.168013e-02;6.253041e-02;3.327673e-02;3.448890e-02
8.035045e-02;2.834088e-02;7.908127e-02;4.779574e-02;4.207437e-02;6.003016e-02;3.023102e-01;1.449461e-01;3.219215e-02;7.143670e-02;5.360169e-02;5.784030e-02
8.225442e-02;2.644227e-02;5.549752e-02;5.141588e-02;2.297966e-02;6.104710e-02;2.979696e-01;9.008589e-02;3.005023e-02;1.010761e-01;8.764232e-02;9.353904e-02
3.715600e-02;3.189163e-02;3.075812e-02;3.838828e-02;3.275979e-02;8.064453e-02;2.467469e-01;4.873135e-02;5.274570e-02;1.580313e-01;1.170609e-01;1.250855e-01
1.147895e-01;3.594664e-02;4.396029e-02;4.310530e-02;3.437331e-02;4.822256e-02;1.867206e-01;4.815276e-02;5.373791e-02;1.426218e-01;1.261851e-01;1.221843e-01
1.322296e-01;9.738281e-02;9.423930e-02;5.550976e-02;5.621665e-02;4.478757e-02;2.184248e-01;3.499870e-02;4.947286e-02;7.693546e-02;5.737280e-02;8.242969e-02
2.347635e-01;1.360366e-01;9.941948e-02;4.414446e-02;3.923019e-02;2.721264e-02;1.821157e-01;5.578199e-02;2.736306e-02;5.314908e-02;3.001552e-02;7.076770e-02
3.065551e-01;1.348001e-01;8.338960e-02;2.664737e-02;2.287253e-02;2.370920e-02;1.493714e-01;8.904978e-02;2.274239e-02;4.627647e-02;1.828821e-02;7.629791e-02
3.178520e-01;9.317063e-02;7.727493e-02;3.119483e-02;1.157013e-02;1.965651e-02;1.682433e-01;1.071258e-01;2.087154e-02;4.884651e-02;1.454152e-02;8.965234e-02
2.315206e-01;5.887083e-02;6.050339e-02;5.564861e-02;4.785057e-03;3.024422e-02;2.411176e-01;9.977863e-02;1.454507e-02;5.681263e-02;2.326335e-02;1.229100e-01
1.373869e-01;8.068235e-02;5.333000e-02;6.907595e-02;1.002022e-02;5.393826e-02;2.781470e-01;7.130010e-02;1.239620e-02;5.351866e-02;5.448069e-02;1.257237e-01
8.736768e-02;8.420334e-02;8.201841e-02;6.815462e-02;2.758912e-02;7.671698e-02;2.579194e-01;4.232051e-02;2.424623e-02;6.166824e-02;9.216320e-02;9.563223e-02
4.959948e-02;8.159970e-02;1.409737e-01;6.039883e-02;3.984186e-02;7.743370e-02;2.282583e-01;2.605359e-02;2.469164e-02;8.408515e-02;1.140174e-01;7.304670e-02
8.777067e-02;6.719280e-02;1.488440e-01;5.068399e-02;3.300014e-02;6.260654e-02;1.506800e-01;4.161163e-02;3.692969e-02;9.591831e-02;1.528106e-01;7.195166e-02
1.041005e-01;5.237292e-02;7.229196e-02;6.399915e-02;3.145125e-02;5.096803e-02;9.298670e-02;4.544966e-02;5.407234e-02;1.553633e-01;1.880863e-01;8.885781e-02
1.377888e-01;3.509509e-02;5.769191e-02;6.763835e-02;3.757777e-02;3.695416e-02;1.593179e-01;4.152168e-02;7.414040e-02;1.168781e-01;1.319769e-01;1.034190e-01
1.268236e-01;3.229553e-02;7.110020e-02;5.631211e-02;4.351292e-02;5.465590e-02;1.929914e-01;7.250036e-02;9.271373e-02;6.987648e-02;9.315118e-02;9.406652e-02
1.030022e-01;3.504485e-02;8.007562e-02;5.294876e-02;5.252353e-02;8.423498e-02;2.158656e-01;4.912469e-02;1.034590e-01;6.559125e-02;6.951109e-02;8.861838e-02
8.309252e-02;5.520961e-02;6.088246e-02;5.981560e-02;7.491951e-02;9.548150e-02;1.858387e-01;6.395731e-02;1.058388e-01;9.866426e-02;6.354311e-02;5.275663e-02
7.862402e-02;6.144553e-02;6.526855e-02;4.888103e-02;9.072959e-02;8.713531e-02;1.225171e-01;8.458233e-02;1.192760e-01;1.403278e-01;6.110111e-02;4.011164e-02
6.497347e-02;5.830171e-02;6.236012e-02;4.407395e-02;8.893202e-02;1.320254e-01;1.138141e-01;1.016710e-01;1.216952e-01;1.409163e-01;4.105844e-02;3.017827e-02
4.832010e-02;5.061882e-02;7.868201e-02;4.826499e-02;6.851137e-02;1.248129e-01;9.959032e-02;1.094812e-01;8.209929e-02;2.241038e-01;3.296603e-02;3.254908e-02
4.376153e-02;3.179955e-02;7.514790e-02;6.183469e-02;4.945741e-02;9.218044e-02;1.002111e-01;1.026195e-01;7.253624e-02;2.889244e-01;4.122926e-02;4.029801e-02
5.919125e-02;5.335681e-02;1.890438e-01;7.852925e-02;4.908337e-02;6.983475e-02;1.108058e-01;5.357450e-02;8.793151e-02;1.813248e-01;3.729476e-02;3.002940e-02
1.196300e-01;9.867086e-02;2.901792e-01;5.369874e-02;4.875361e-02;4.383943e-02;9.531535e-02;5.123460e-02;6.694973e-02;7.350852e-02;2.927131e-02;2.894867e-02
1.960540e-01;1.270134e-01;2.813334e-01;3.394599e-02;4.831294e-02;2.577239e-02;6.199555e-02;7.586651e-02;5.106883e-02;3.391832e-02;2.569710e-02;3.902157e-02
2.627562e-01;1.027135e-01;1.841044e-01;2.963516e-02;5.995532e-02;2.414547e-02;7.125366e-02;1.115943e-01;4.377966e-02;2.753686e-02;3.021460e-02;5.231097e-02
3.245246e-01;1.870956e-02;1.584881e-01;2.297065e-02;5.376780e-02;2.443359e-02;7.919168e-02;1.428914e-01;3.948119e-02;2.923496e-02;3.930094e-02;6.700557e-02
3.411328e-01;6.163766e-02;1.370226e-01;1.841176e-02;2.188900e-02;2.707389e-02;6.938170e-02;1.158651e-01;3.329331e-02;3.775957e-02;3.918232e-02;9.735018e-02
2.970289e-01;4.052781e-02;7.917397e-02;2.684659e-02;2.150862e-02;3.617240e-02;1.382274e-01;7.905453e-02;2.937664e-02;7.330768e-02;5.539745e-02;1.233780e-01
1.920548e-01;3.256082e-02;9.311172e-02;4.622432e-02;2.185127e-02;3.276787e-02;2.130501e-01;5.571253e-02;2.125146e-02;9.386620e-02;7.153668e-02;1.260123e-01
1.087822e-01;2.618590e-02;8.808638e-02;6.977601e-02;1.479123e-02;3.392615e-02;2.973124e-01;3.433606e-02;2.025080e-02;9.962934e-02;8.259810e-02;1.243255e-01
1.206331e-01;4.306818e-02;3.954174e-02;6.564426e-02;1.367713e-02;3.189073e-02;3.251951e-01;3.903910e-02;2.020113e-02;8.608477e-02;8.167116e-02;1.333535e-01
1.156130e-01;4.095358e-02;5.426854e-02;6.316885e-02;1.528140e-02;2.280194e-02;3.305262e-01;4.418373e-02;2.223156e-02;6.569531e-02;8.227368e-02;1.430022e-01
9.177155e-02;2.998854e-02;4.819074e-02;6.156036e-02;1.611559e-02;2.721921e-02;3.429629e-01;4.588455e-02;2.241378e-02;5.548322e-02;9.685908e-02;1.615505e-01
1.095988e-01;3.199857e-02;6.430909e-02;4.109433e-02;2.493802e-02;4.678016e-02;2.159358e-01;8.078421e-02;7.695413e-02;7.110182e-02;1.146161e-01;1.218890e-01
1.008226e-01;3.189794e-02;8.409271e-02;1.994684e-02;2.563368e-02;8.185269e-02;1.315293e-01;9.613757e-02;1.273655e-01;4.671565e-02;1.576293e-01;9.637632e-02
7.150065e-02;2.353805e-02;7.989815e-02;1.329332e-02;1.468745e-02;1.082232e-01;9.893245e-02;7.579287e-02;1.238858e-01;6.985312e-02;2.445194e-01;7.587560e-02
4.791145e-02;3.797403e-02;6.594598e-02;1.562383e-02;1.622573e-02;1.165718e-01;5.203940e-02;5.391622e-02;9.189517e-02;1.028190e-01;3.533859e-01;4.569146e-02
3.207191e-02;6.858713e-02;4.887043e-02;2.331351e-02;3.476150e-02;9.110115e-02;3.213717e-02;6.536554e-02;6.253015e-02;1.416193e-01;3.732810e-01;2.636115e-02
5.907235e-02;5.759750e-02;6.795567e-02;2.935974e-02;3.202757e-02;9.040830e-02;4.234200e-02;6.726780e-02;5.652186e-02;1.329037e-01;3.242288e-01;4.031472e-02
8.123848e-02;3.448551e-02;7.820109e-02;3.028676e-02;2.515168e-02;1.082953e-01;4.842258e-02;6.126164e-02;5.553249e-02;8.293663e-02;3.525077e-01;4.168018e-02
5.291867e-02;8.689904e-02;4.417463e-02;2.624069e-02;3.777972e-02;9.263714e-02;4.181414e-02;1.095701e-01;3.811963e-02;1.483295e-01;2.651997e-01;5.631710e-02
3.070779e-02;1.196793e-01;2.441109e-02;1.607013e-02;6.702665e-02;6.478838e-02;3.904258e-02;1.313038e-01;4.558756e-02;2.403684e-01;1.424316e-01;7.858276e-02
3.278107e-02;9.650481e-02;2.511452e-02;2.492036e-02;1.014761e-01;2.603553e-02;3.953345e-02;8.205228e-02;6.324118e-02;3.021982e-01;6.848276e-02;1.376597e-01
3.130729e-02;9.140481e-02;2.337165e-02;3.070832e-02;1.108167e-01;1.998943e-02;2.501215e-02;6.172571e-02;4.627310e-02;3.223611e-01;8.045188e-02;1.565779e-01
4.337054e-02;8.690284e-02;5.027541e-02;3.361163e-02;9.618159e-02;4.751542e-02;3.931315e-02;7.565439e-02;3.884075e-02;2.823646e-01;8.244105e-02;1.235286e-01
3.917357e-02;5.050366e-02;8.481101e-02;2.713979e-02;5.454501e-02;1.020430e-01;5.995627e-02;6.261541e-02;4.157226e-02;1.737854e-01;2.242261e-01;7.962855e-02
2.712023e-02;2.770579e-02;1.158642e-01;1.880859e-02;2.262889e-02;1.176678e-01;6.297497e-02;3.538827e-02;6.619391e-02;6.866641e-02;3.515188e-01;8.546223e-02
3.084877e-02;1.775287e-02;1.482621e-01;1.608158e-02;1.300315e-02;1.229207e-01;5.014716e-02;1.571459e-02;8.287289e-02;3.305782e-02;4.059944e-01;6.334389e-02
3.094325e-02;1.514150e-02;1.331608e-01;2.035618e-02;1.375818e-02;1.099581e-01;9.690697e-02;1.676912e-02;8.242218e-02;2.645504e-02;3.394886e-01;1.146401e-01
2.619017e-02;1.975963e-02;8.192749e-02;4.595913e-02;1.662912e-02;7.353923e-02;1.689835e-01;2.363048e-02;5.899984e-02;3.381436e-02;2.159512e-01;2.346159e-01
3.747191e-02;2.707730e-02;3.443205e-02;1.018410e-01;1.790647e-02;2.886463e-02;2.281615e-01;3.834828e-02;3.748320e-02;4.810534e-02;9.571254e-02;3.045957e-01
6.452266e-02;3.156004e-02;2.451271e-02;1.278005e-01;2.115300e-02;2.293843e-02;2.362837e-01;5.480407e-02;2.954893e-02;6.955216e-02;4.916678e-02;2.681570e-01
1.244841e-01;3.148130e-02;3.817262e-02;1.012302e-01;2.709073e-02;2.137459e-02;2.105853e-01;1.173971e-01;3.572352e-02;8.222276e-02;3.771565e-02;1.725222e-01
1.548527e-01;3.018313e-02;5.486778e-02;5.064911e-02;3.864752e-02;2.134607e-02;2.134790e-01;1.724308e-01;4.736270e-02;6.650302e-02;5.508349e-02;9.459481e-02
1.351849e-01;3.379468e-02;8.118299e-02;3.349043e-02;2.565544e-02;3.094524e-02;2.682141e-01;1.585564e-01;3.684223e-02;5.742190e-02;6.847517e-02;7.023651e-02
8.614725e-02;4.673881e-02;1.084663e-01;4.216769e-02;3.179780e-02;5.185768e-02;2.622504e-01;9.724674e-02;3.199499e-02;6.855525e-02;9.193859e-02;8.083858e-02
4.490695e-02;3.779045e-02;1.192908e-01;5.164517e-02;6.617919e-02;4.657706e-02;2.407198e-01;5.736688e-02;5.398124e-02;1.005342e-01;1.296902e-01;5.131802e-02
5.047017e-02;5.016876e-02;1.478719e-01;5.209703e-02;7.421980e-02;4.471488e-02;1.728988e-01;6.784888e-02;6.344978e-02;8.786414e-02;8.770496e-02;1.006910e-01
4.541421e-02;7.759957e-02;1.805120e-01;4.522475e-02;5.373336e-02;4.501067e-02;1.113477e-01;9.429251e-02;8.197889e-02;6.199566e-02;7.575084e-02;1.271398e-01
6.879435e-02;8.037507e-02;1.380555e-01;4.498767e-02;4.434615e-02;3.566113e-02;1.032632e-01;1.063046e-01;1.080322e-01;6.956147e-02;7.744703e-02;1.231716e-01
9.096092e-02;5.410965e-02;7.815933e-02;7.306802e-02;4.901433e-02;5.062916e-02;1.103226e-01;1.007123e-01;1.102901e-01;9.058326e-02;6.337146e-02;1.287789e-01
7.921912e-02;5.776206e-02;7.302425e-02;6.849334e-02;3.643574e-02;6.780791e-02;1.472462e-01;6.379848e-02;9.703140e-02;9.098469e-02;9.378950e-02;1.244074e-01
6.555885e-02;5.426660e-02;6.220275e-02;5.617260e-02;3.384273e-02;7.348392e-02;1.687387e-01;1.029952e-01;1.035960e-01;8.063712e-02;9.323355e-02;1.052720e-01
5.848234e-02;4.181684e-02;1.061167e-01;5.164391e-02;4.596695e-02;6.769575e-02;1.428067e-01;1.371762e-01;1.049791e-01;9.728347e-02;6.746969e-02;7.856224e-02
9.881739e-02;6.561136e-02;1.209410e-01;5.631012e-02;6.583483e-02;5.972568e-02;1.245477e-01;1.041745e-01;8.120947e-02;1.087304e-01;6.511152e-02;4.898594e-02
1.062766e-01;7.982381e-02;9.706984e-02;4.283248e-02;5.497294e-02;9.542653e-02;1.516123e-01;6.687514e-02;7.598402e-02;9.724914e-02;5.548080e-02;7.639643e-02
5.522148e-02;9.570993e-02;8.732790e-02;6.067536e-02;4.965586e-02;1.104987e-01;1.380114e-01;6.009702e-02;1.311868e-01;8.754379e-02;5.395358e-02;7.011814e-02
8.535661e-02;8.621597e-02;6.603197e-02;7.205538e-02;4.862592e-02;1.166594e-01;9.826376e-02;4.307988e-02;1.451871e-01;9.233680e-02;6.091666e-02;8.527051e-02
1.082636e-01;8.615877e-02;7.660271e-02;9.676655e-02;5.032673e-02;1.077088e-01;7.437342e-02;6.301119e-02;1.156327e-01;9.945241e-02;5.970312e-02;6.200003e-02
1.437838e-01;9.826057e-02;7.501802e-02;1.060034e-01;4.444261e-02;7.515521e-02;7.944321e-02;7.819114e-02;8.311316e-02;7.672063e-02;7.036385e-02;6.950431e-02
1.591924e-01;7.437923e-02;4.626223e-02;1.125354e-01;4.316603e-02;8.761182e-02;1.073710e-01;7.846945e-02;8.801951e-02;6.681409e-02;5.740632e-02;7.877263e-02
1.438268e-01;5.457846e-02;5.688667e-02;8.096562e-02;5.187233e-02;7.609357e-02;1.802312e-01;9.291277e-02;5.651497e-02;8.535350e-02;5.253563e-02;6.822850e-02
8.964501e-02;5.514346e-02;3.626979e-02;3.007573e-02;4.355907e-02;8.114702e-02;3.130647e-01;9.928942e-02;5.257358e-02;7.059580e-02;6.528330e-02;6.335311e-02
6.218328e-02;5.756903e-02;2.592571e-02;1.717652e-02;3.923721e-02;8.943811e-02;4.107318e-01;7.867127e-02;4.661312e-02;5.384963e-02;6.617021e-02;5.243410e-02
3.524468e-02;6.817479e-02;1.396715e-02;8.268301e-03;2.564504e-02;8.015405e-02;5.234326e-01;5.976613e-02;3.834847e-02;2.649223e-02;8.237872e-02;3.812783e-02
1.623664e-02;6.548734e-02;1.290215e-02;4.875475e-03;1.457854e-02;4.523871e-02;5.752181e-01;9.697159e-02;2.715092e-02;8.015452e-03;1.169401e-01;1.638499e-02
1.391160e-02;4.814393e-02;1.964950e-02;6.299024e-03;1.376975e-02;1.810789e-02;5.212393e-01;2.002831e-01;1.981056e-02;6.937242e-03;1.072792e-01;2.456896e-02
1.301041e-02;2.386660e-02;5.299114e-02;6.740090e-03;1.057405e-02;1.755644e-02;3.850802e-01;2.968698e-01;3.285090e-02;1.342042e-02;5.294229e-02;9.409766e-02
2.201383e-02;7.328940e-03;6.410389e-02;1.904646e-02;7.183807e-03;2.011432e-02;2.404324e-01;2.704573e-01;1.234306e-01;1.816151e-02;1.694519e-02;1.907817e-01
6.811374e-02;6.390322e-03;4.187619e-02;4.750298e-02;6.804761e-03;1.567240e-02;1.142561e-01;1.560345e-01;3.058491e-01;3.051169e-02;9.571211e-03;1.974169e-01
1.087541e-01;7.629334e-03;1.743475e-02;5.799380e-02;2.094208e-02;9.756158e-03;7.080550e-02;7.159724e-02;4.158538e-01;1.067964e-01;1.849043e-02;9.394644e-02
8.096190e-02;1.942702e-02;1.016007e-02;3.615616e-02;5.571734e-02;1.412847e-02;8.083554e-02;3.017498e-02;3.497514e-01;2.681497e-01;3.569849e-02;1.883899e-02
3.468595e-02;4.895211e-02;1.448043e-02;8.600570e-03;7.129628e-02;2.011394e-02;4.688361e-02;4.810353e-02;2.119073e-01;3.539679e-01;1.216204e-01;1.938792e-02
3.409360e-02;5.563273e-02;3.321796e-02;1.215191e-02;4.608402e-02;4.019842e-02;3.617352e-02;4.010408e-02;1.220744e-01;2.579210e-01;2.704141e-01;5.193423e-02
5.187429e-02;3.510731e-02;5.807655e-02;1.669057e-02;2.352431e-02;5.095844e-02;5.935694e-02;2.529100e-02;9.439014e-02;1.354766e-01;3.725639e-01;7.668990e-02
5.984348e-02;2.496864e-02;5.971810e-02;2.330801e-02;1.361189e-02;4.345010e-02;9.051403e-02;3.638865e-02;6.211442e-02;7.851911e-02;3.850740e-01;1.224896e-01
6.186154e-02;2.326662e-02;6.794309e-02;2.073031e-02;1.463039e-02;3.185391e-02;1.224861e-01;5.190371e-02;4.936928e-02;5.592624e-02;3.899611e-01;1.100677e-01
7.396535e-02;2.135008e-02;5.480386e-02;1.218934e-02;2.175960e-02;2.999814e-02;9.567672e-02;9.352967e-02;9.748915e-02;1.072737e-01;2.925545e-01;9.940990e-02
9.926260e-02;4.524908e-02;5.138563e-02;1.351114e-02;2.636989e-02;3.039123e-02;5.750708e-02;1.062015e-01;9.796589e-02;1.476836e-01;1.742583e-01;1.502140e-01
1.058176e-01;8.225744e-02;3.495115e-02;1.800104e-02;2.223394e-02;2.160216e-02;4.432690e-02;7.232963e-02;1.592448e-01;1.399045e-01;1.364158e-01;1.629151e-01
5.863075e-02;1.110331e-01;4.968936e-02;1.933477e-02;2.927120e-02;2.606630e-02;6.794809e-02;5.187609e-02;1.935754e-01;1.188293e-01;1.518183e-01;1.219274e-01
7.763544e-02;1.036037e-01;4.935159e-02;2.330014e-02;2.785484e-02;3.776873e-02;9.219186e-02;3.948193e-02;9.992553e-02;1.458493e-01;1.628191e-01;1.402179e-01
1.211173e-01;9.197862e-02;6.066893e-02;3.361202e-02;3.075047e-02;3.797094e-02;1.640829e-01;1.135153e-01;4.866786e-02;8.906750e-02;1.213739e-01;8.719436e-02
9.653814e-02;5.796374e-02;8.647829e-02;4.102116e-02;3.193183e-02;4.246593e-02;1.779733e-01;1.733925e-01;8.563792e-02;5.446660e-02;7.845040e-02;7.368018e-02
5.266044e-02;5.270644e-02;8.472368e-02;2.475320e-02;3.789192e-02;4.012022e-02;1.904838e-01;1.819132e-01;8.469284e-02;9.437662e-02;6.157883e-02;9.409877e-02
6.267028e-02;7.129523e-02;5.834305e-02;2.814054e-02;5.125152e-02;4.982099e-02;2.158766e-01;1.363523e-01;2.962591e-02;1.398155e-01;7.165504e-02;8.515310e-02
4.721216e-02;7.650430e-02;6.102749e-02;4.524205e-02;5.049090e-02;5.103777e-02;1.907918e-01;7.312530e-02;8.800143e-02;1.414694e-01;9.606468e-02;7.903273e-02
5.494690e-02;6.262983e-02;5.032397e-02;3.788160e-02;4.193670e-02;4.767618e-02;1.256773e-01;1.217595e-01;1.891121e-01;1.048472e-01;7.790807e-02;8.530062e-02
5.023708e-02;5.957874e-02;9.233711e-02;4.043308e-02;5.137284e-02;3.507808e-02;7.748525e-02;1.423739e-01;2.119672e-01;1.069443e-01;5.146828e-02;8.072413e-02
2.842968e-02;7.053142e-02;1.571429e-01;5.047503e-02;7.261887e-02;5.047528e-02;3.554130e-02;7.230444e-02;1.524107e-01;1.281874e-01;8.486526e-02;9.701765e-02
5.704996e-02;5.773832e-02;1.782089e-01;3.134214e-02;6.504161e-02;4.420749e-02;7.600160e-02;1.036499e-01;1.087583e-01;1.263504e-01;6.644677e-02;8.520453e-02
3.318409e-02;5.491044e-02;1.514197e-01;4.351608e-02;4.624926e-02;5.238349e-02;1.341272e-01;8.783448e-02;1.416464e-01;1.015369e-01;9.530447e-02;5.788751e-02
4.514832e-02;6.264365e-02;1.361990e-01;6.281254e-02;3.622017e-02;7.320772e-02;1.642592e-01;7.689493e-02;1.627889e-01;7.625590e-02;7.597198e-02;2.759771e-02
6.114141e-02;5.809357e-02;1.154737e-01;6.738428e-02;4.183174e-02;5.764914e-02;1.544419e-01;1.375616e-01;1.238071e-01;8.499657e-02;6.576277e-02;3.185626e-02
5.818769e-02;7.637061e-02;1.274677e-01;8.161048e-02;5.950895e-02;4.485752e-02;1.458020e-01;1.066412e-01;8.456346e-02;8.747736e-02;6.415306e-02;6.336001e-02
7.644247e-02;8.891657e-02;1.238581e-01;7.073515e-02;5.121153e-02;6.175302e-02;1.291393e-01;7.046294e-02;8.956089e-02;7.985950e-02;9.217654e-02;6.588405e-02
8.438863e-02;7.221911e-02;1.109863e-01;4.743182e-02;7.339539e-02;5.768297e-02;8.833025e-02;8.605625e-02;1.002201e-01;1.136549e-01;1.041747e-01;6.145964e-02
5.825075e-02;6.638858e-02;1.699950e-01;4.938800e-02;1.054717e-01;6.663530e-02;7.095691e-02;9.589986e-02;9.362911e-02;9.040048e-02;6.851559e-02;6.446880e-02
5.997688e-02;7.461078e-02;1.279857e-01;5.920793e-02;9.326144e-02;8.125262e-02;9.930442e-02;9.558812e-02;8.109844e-02;8.625594e-02;7.154556e-02;6.991220e-02
7.385085e-02;7.917219e-02;6.285933e-02;4.606250e-02;7.504248e-02;7.712494e-02;1.258911e-01;8.482021e-02;1.146534e-01;9.133872e-02;1.007672e-01;6.841712e-02
9.402952e-02;8.123405e-02;9.973108e-02;3.306567e-02;6.946112e-02;6.419712e-02;1.163530e-01;6.903866e-02;1.561473e-01;7.009402e-02;8.198132e-02;6.466705e-02
8.774317e-02;7.117656e-02;8.879956e-02;2.248142e-02;5.840695e-02;6.095769e-02;1.318059e-01;8.746609e-02;1.479264e-01;1.008287e-01;9.748167e-02;4.492592e-02
8.530086e-02;6.244152e-02;1.080157e-01;4.034394e-02;6.953243e-02;5.102528e-02;1.228226e-01;1.034158e-01;1.051724e-01;1.159630e-01;9.946632e-02;3.650006e-02
8.013669e-02;6.621268e-02;1.706730e-01;5.552845e-02;8.290619e-02;5.882550e-02;1.058761e-01;9.210210e-02;7.707245e-02;9.493287e-02;7.216717e-02;4.356677e-02
9.628658e-02;5.349680e-02;1.338431e-01;5.993287e-02;8.668718e-02;6.301600e-02;1.006823e-01;7.646112e-02;1.061426e-01;1.172745e-01;7.451822e-02;3.165866e-02
1.072766e-01;6.732106e-02;8.425370e-02;7.032142e-02;7.705389e-02;5.531888e-02;1.333447e-01;5.783385e-02;1.375766e-01;7.970787e-02;8.979644e-02;4.019513e-02
1.059964e-01;8.733220e-02;1.045270e-01;6.539310e-02;6.499960e-02;4.024577e-02;1.555163e-01;5.083837e-02;1.302687e-01;6.467577e-02;8.145160e-02;4.875521e-02
5.652246e-02;7.175272e-02;1.074259e-01;6.267200e-02;5.570444e-02;6.275714e-02;2.142987e-01;5.203684e-02;1.335720e-01;8.473542e-02;5.966025e-02;3.886207e-02
5.292141e-02;5.252656e-02;1.186566e-01;6.859943e-02;8.024672e-02;5.955123e-02;1.877469e-01;7.203533e-02;1.121875e-01;9.366215e-02;5.312268e-02;4.874351e-02
3.655856e-02;3.023465e-02;1.463442e-01;8.189980e-02;8.607883e-02;5.477690e-02;1.807570e-01;5.184548e-02;8.963268e-02;9.815329e-02;7.841773e-02;6.530090e-02
3.841552e-02;5.048524e-02;1.770872e-01;6.913255e-02;6.458621e-02;6.036103e-02;1.268669e-01;7.004062e-02;6.655511e-02;1.224997e-01;9.103239e-02;6.293756e-02
3.361995e-02;6.435065e-02;2.050101e-01;5.015980e-02;4.084028e-02;4.915009e-02;8.031636e-02;6.294673e-02;1.241075e-01;1.613329e-01;7.558779e-02;5.257784e-02
2.214848e-02;7.496596e-02;2.570323e-01;3.027961e-02;2.163217e-02;3.323156e-02;4.693456e-02;3.653513e-02;1.818042e-01;2.171695e-01;3.925061e-02;3.901590e-02
2.116324e-02;1.087265e-01;2.697794e-01;1.707693e-02;1.658866e-02;4.513868e-02;2.128631e-02;2.288020e-02;2.291667e-01;1.961645e-01;1.183032e-02;4.019846e-02
6.232589e-02;1.537284e-01;1.625659e-01;1.584462e-02;2.704787e-02;7.486794e-02;2.746372e-02;4.219658e-02;2.967420e-01;8.610584e-02;1.668101e-02;3.443022e-02
1.475257e-01;1.277304e-01;8.773526e-02;1.021427e-02;6.187191e-02;5.563040e-02;3.592643e-02;1.259730e-01;2.510421e-01;3.551972e-02;2.706214e-02;3.376863e-02
2.324509e-01;6.453994e-02;4.190929e-02;2.731135e-02;8.945756e-02;1.882448e-02;5.873166e-02;2.382299e-01;1.335396e-01;2.920585e-02;2.554973e-02;4.024970e-02
2.114767e-01;2.090328e-02;2.777106e-02;8.061936e-02;5.051909e-02;2.141644e-02;1.168993e-01;2.682352e-01;5.114428e-02;4.720822e-02;1.924990e-02;8.455703e-02
1.533332e-01;1.461929e-02;1.131626e-02;1.160443e-01;2.281618e-02;2.670532e-02;1.606721e-01;1.891327e-01;4.679890e-02;8.975055e-02;1.529866e-02;1.535125e-01
1.465647e-01;1.186494e-02;2.195141e-02;9.673043e-02;1.630403e-02;2.349717e-02;1.505221e-01;1.777553e-01;3.810686e-02;1.326391e-01;1.723117e-02;1.668329e-01
2.004025e-01;1.824445e-02;3.571078e-02;6.014685e-02;4.713696e-02;1.619017e-02;9.840755e-02;2.188646e-01;4.739434e-02;1.068724e-01;2.992561e-02;1.207039e-01
2.477144e-01;4.982915e-02;5.275156e-02;2.938363e-02;5.274201e-02;9.745246e-03;5.291202e-02;2.703644e-01;6.442586e-02;5.827497e-02;4.852540e-02;6.333134e-02
1.848200e-01;9.212044e-02;9.473922e-02;1.702154e-02;3.484805e-02;8.829273e-03;3.996020e-02;2.483512e-01;1.625008e-01;3.583999e-02;4.331287e-02;3.765633e-02
1.095410e-01;1.028685e-01;1.448396e-01;2.138607e-02;1.847785e-02;1.298787e-02;6.577896e-02;1.805607e-01;2.197421e-01;5.299759e-02;3.709463e-02;3.372509e-02
9.615840e-02;8.752490e-02;1.629699e-01;3.342406e-02;2.986252e-02;1.983452e-02;9.962727e-02;1.261215e-01;2.231079e-01;5.883845e-02;3.740620e-02;2.512446e-02
1.392159e-01;6.344438e-02;1.032866e-01;4.052323e-02;4.128213e-02;2.448082e-02;8.591571e-02;7.994328e-02;2.153544e-01;9.038250e-02;5.148109e-02;6.469003e-02
1.492107e-01;5.331380e-02;5.941253e-02;4.426466e-02;1.834172e-02;2.201262e-02;7.705184e-02;1.846357e-01;1.559176e-01;8.621988e-02;5.576618e-02;9.385277e-02
1.053392e-01;7.094476e-02;7.200557e-02;7.124680e-02;4.626521e-02;5.809207e-02;9.843607e-02;1.259791e-01;1.063030e-01;8.768383e-02;4.352661e-02;1.141779e-01
9.493010e-02;9.152890e-02;1.181355e-01;6.550911e-02;7.399575e-02;7.165577e-02;7.335537e-02;7.217092e-02;7.649887e-02;7.531840e-02;8.262074e-02;1.042806e-01
9.670966e-02;1.002993e-01;1.141184e-01;5.813975e-02;8.714318e-02;7.302755e-02;5.853266e-02;8.498753e-02;7.946859e-02;8.356836e-02;9.208237e-02;7.192270e-02
1.197529e-01;9.592746e-02;8.458253e-02;5.040387e-02;7.754222e-02;6.382301e-02;8.681853e-02;1.136230e-01;6.823400e-02;9.244023e-02;7.151520e-02;7.533710e-02
7.789876e-02;4.917200e-02;2.308718e-01;7.441100e-02;8.499583e-02;7.905643e-02;1.580514e-01;3.201728e-02;5.376675e-02;6.856555e-02;4.184927e-02;4.934398e-02
6.182036e-02;7.029179e-02;2.574050e-01;6.975559e-02;6.566910e-02;5.571875e-02;1.411964e-01;3.468098e-02;1.095272e-01;7.019415e-02;4.539690e-02;1.834382e-02
8.622375e-02;1.050611e-01;2.472177e-01;4.783254e-02;3.756547e-02;3.591641e-02;6.006425e-02;9.948248e-02;1.544251e-01;6.891467e-02;4.035348e-02;1.694302e-02
1.344605e-01;9.345692e-02;1.758150e-01;2.582942e-02;2.521598e-02;2.430672e-02;1.010689e-01;1.793281e-01;1.340173e-01;4.912500e-02;3.109679e-02;2.627933e-02
1.432475e-01;5.178864e-02;1.243689e-01;2.413057e-02;2.093178e-02;3.685968e-02;2.156010e-01;2.096155e-01;6.887988e-02;5.021021e-02;1.844078e-02;3.592548e-02
1.143925e-01;3.955841e-02;8.662350e-02;3.813754e-02;1.457566e-02;4.437263e-02;3.125115e-01;1.694991e-01;2.473237e-02;7.516783e-02;1.421944e-02;6.620958e-02
1.076481e-01;6.850354e-02;6.633561e-02;6.473653e-02;1.305951e-02;3.830108e-02;3.086546e-01;1.012672e-01;2.140522e-02;9.611917e-02;3.161559e-02;8.235387e-02
1.113083e-01;8.933050e-02;7.674890e-02;7.344873e-02;2.087573e-02;4.887418e-02;2.447076e-01;6.430019e-02;4.080978e-02;1.037997e-01;5.631923e-02;6.947723e-02
8.943136e-02;8.953441e-02;1.520847e-01;6.051952e-02;2.186209e-02;5.245139e-02;2.199041e-01;5.277279e-02;2.805912e-02;1.050372e-01;7.270720e-02;5.563610e-02
7.275948e-02;3.762057e-02;1.800689e-01;2.406811e-02;3.262904e-02;3.710974e-02;2.534217e-01;1.047974e-01;6.819586e-02;7.221127e-02;6.960227e-02;4.751565e-02
3.284901e-02;4.322149e-02;9.016984e-02;2.409934e-02;5.459780e-02;5.705282e-02;2.536807e-01;1.257392e-01;9.646668e-02;9.086034e-02;8.206049e-02;4.920240e-02
7.840989e-02;6.163639e-02;6.859102e-02;3.153391e-02;5.854074e-02;7.973702e-02;2.031662e-01;9.887321e-02;7.325725e-02;1.092656e-01;8.113890e-02;5.584985e-02
6.775723e-02;6.730866e-02;7.704393e-02;2.735962e-02;7.503027e-02;7.670409e-02;1.594561e-01;9.484793e-02;1.174262e-01;1.170468e-01;6.500733e-02;5.501186e-02
1.010255e-01;7.172690e-02;1.238648e-01;2.698234e-02;6.530719e-02;5.666511e-02;1.453022e-01;1.091978e-01;1.041507e-01;9.113864e-02;5.456951e-02;5.006928e-02
1.681597e-01;1.299946e-01;2.991804e-01;3.441507e-02;2.786532e-02;3.059133e-02;1.005638e-01;5.655814e-02;4.863296e-02;4.293093e-02;3.276679e-02;2.834089e-02
2.031207e-01;1.933030e-01;2.893878e-01;4.073587e-02;3.122822e-02;3.545614e-02;7.324301e-02;2.450407e-02;3.985950e-02;3.493375e-02;1.304121e-02;2.118671e-02
2.344344e-01;2.403560e-01;2.339344e-01;3.769294e-02;1.776060e-02;3.071580e-02;4.195940e-02;3.163343e-02;4.614690e-02;5.641734e-02;6.564569e-03;2.238435e-02
2.421052e-01;2.545247e-01;1.933691e-01;3.610509e-02;1.190058e-02;4.085108e-02;1.609317e-02;2.643537e-02;7.201064e-02;8.260851e-02;8.248800e-03;1.574777e-02
2.088019e-01;2.185359e-01;1.981557e-01;3.892185e-02;7.459580e-03;8.633967e-02;2.468800e-02;2.637904e-02;8.977401e-02;7.929580e-02;8.093015e-03;1.355553e-02
1.746213e-01;1.655218e-01;2.067751e-01;3.618282e-02;2.003999e-02;1.075372e-01;6.744551e-02;4.386159e-02;7.803270e-02;6.534774e-02;1.511534e-02;1.951886e-02
1.452603e-01;1.121411e-01;2.018725e-01;3.401819e-02;4.085777e-02;9.399988e-02;1.213382e-01;7.417975e-02;5.294769e-02;6.009372e-02;3.498254e-02;2.830814e-02
1.199704e-01;5.760440e-02;1.700437e-01;3.647128e-02;6.203233e-02;7.085141e-02;1.484150e-01;1.122516e-01;5.668761e-02;7.454143e-02;5.670005e-02;3.443078e-02
1.451015e-01;3.160997e-02;1.092972e-01;3.140087e-02;4.350099e-02;5.966263e-02;1.114095e-01;1.154230e-01;1.134648e-01;1.402756e-01;6.006585e-02;3.878814e-02
1.906386e-01;1.044924e-01;9.000209e-02;4.113602e-02;4.292030e-02;5.729308e-02;1.150996e-01;5.340180e-02;1.340031e-01;8.408688e-02;4.292898e-02;4.399721e-02
1.701785e-01;1.222909e-01;1.448504e-01;4.602138e-02;4.664226e-02;8.149836e-02;1.041140e-01;4.942846e-02;1.007094e-01;4.608377e-02;3.560999e-02;5.257267e-02
7.192712e-02;7.420793e-02;1.282602e-01;3.805837e-02;5.584177e-02;8.854911e-02;1.416383e-01;1.421294e-01;9.593724e-02;8.062505e-02;4.498694e-02;3.783850e-02
4.218921e-02;5.116427e-02;7.714588e-02;4.504175e-02;6.857040e-02;9.983123e-02;1.620808e-01;1.595990e-01;1.002956e-01;8.432429e-02;5.027944e-02;5.947809e-02
5.849170e-02;4.794753e-02;6.222133e-02;4.681345e-02;7.652363e-02;9.034551e-02;1.616455e-01;1.501482e-01;1.215575e-01;6.287842e-02;5.868013e-02;6.274722e-02
7.315972e-02;5.901148e-02;5.941522e-02;6.042107e-02;8.789314e-02;7.168373e-02;1.328667e-01;1.429482e-01;1.242897e-01;5.355511e-02;6.644361e-02;6.831235e-02
7.731708e-02;7.427888e-02;5.248466e-02;8.981145e-02;9.564541e-02;6.094663e-02;9.973668e-02;1.400721e-01;1.070125e-01;8.515911e-02;6.068883e-02;5.684669e-02
6.328576e-02;7.421877e-02;5.615911e-02;1.178286e-01;1.017309e-01;6.972017e-02;1.148480e-01;1.412568e-01;8.067372e-02;8.997852e-02;5.493000e-02;3.536965e-02
4.662199e-02;6.912660e-02;1.326121e-01;1.063433e-01;1.035908e-01;9.767165e-02;1.028647e-01;1.282254e-01;6.186122e-02;8.261935e-02;4.782823e-02;2.063463e-02
4.761751e-02;6.827711e-02;1.658184e-01;1.005792e-01;9.832595e-02;8.700013e-02;7.724755e-02;8.149167e-02;8.140247e-02;9.433656e-02;6.188982e-02;3.601356e-02
3.188875e-02;6.281311e-02;2.982569e-01;6.808765e-02;6.492481e-02;6.007266e-02;7.124028e-02;5.426607e-02;7.218108e-02;1.158318e-01;6.901104e-02;3.142587e-02
3.442527e-02;8.553785e-02;3.372778e-01;6.187012e-02;3.997815e-02;5.505794e-02;4.056380e-02;5.425412e-02;5.639934e-02;1.449775e-01;6.219916e-02;2.745892e-02
9.784111e-02;9.919009e-02;2.238040e-01;3.738311e-02;3.836515e-02;4.398100e-02;3.612803e-02;8.092529e-02;1.342873e-01;1.196609e-01;5.010255e-02;3.833147e-02
1.492664e-01;8.660115e-02;1.211832e-01;4.189157e-02;3.759711e-02;3.964457e-02;7.479966e-02;1.188312e-01;1.302881e-01;7.777273e-02;3.773904e-02;8.438537e-02
1.215011e-01;7.759789e-02;5.588216e-02;7.888363e-02;2.734192e-02;3.671887e-02;1.419488e-01;1.109888e-01;7.409457e-02;6.635114e-02;3.269014e-02;1.760011e-01
5.613443e-02;8.247529e-02;2.139238e-02;1.174469e-01;1.376777e-02;3.912501e-02;1.983185e-01;7.849039e-02;2.878590e-02;7.076200e-02;1.797318e-02;2.753282e-01
1.041337e-01;5.417758e-02;4.297668e-02;8.958609e-02;1.225211e-02;4.761292e-02;1.886099e-01;1.239869e-01;2.517702e-02;5.946548e-02;1.457791e-02;2.374437e-01
1.810655e-01;3.088131e-02;1.238734e-01;3.617186e-02;2.087427e-02;4.103462e-02;1.430665e-01;2.248349e-01;3.167847e-02;3.391520e-02;1.809589e-02;1.145079e-01
2.210507e-01;3.081716e-02;1.759813e-01;1.379635e-02;2.627306e-02;2.001596e-02;9.411493e-02;3.256082e-01;2.469835e-02;1.035000e-02;2.548262e-02;3.181136e-02
1.683736e-01;6.217704e-02;1.374214e-01;1.622355e-02;2.709531e-02;1.348191e-02;7.839163e-02;3.319390e-01;9.459715e-02;1.295266e-02;2.564222e-02;3.170456e-02
9.921552e-02;8.431980e-02;1.543509e-01;3.960611e-02;2.322005e-02;2.003926e-02;1.026637e-01;2.454348e-01;1.621189e-01;3.096449e-02;1.595770e-02;2.210876e-02
5.344057e-02;6.617613e-02;2.757642e-01;8.094554e-02;3.700370e-02;2.390091e-02;1.010567e-01;1.353010e-01;1.471523e-01;4.958334e-02;1.706359e-02;1.261201e-02
2.585299e-02;3.888256e-02;4.298448e-01;1.377469e-01;6.394313e-02;2.435519e-02;7.271938e-02;5.555122e-02;6.887621e-02;3.942189e-02;3.081297e-02;1.199272e-02
3.023819e-02;4.918712e-02;5.223957e-01;1.272608e-01;5.755902e-02;2.339455e-02;3.733116e-02;5.621652e-02;2.368754e-02;2.884771e-02;3.042808e-02;1.345360e-02
3.922584e-02;7.867663e-02;4.924504e-01;8.424330e-02;4.017790e-02;1.906578e-02;5.416417e-02;6.452195e-02;4.464203e-02;4.426482e-02;1.739849e-02;2.116871e-02
7.296643e-02;1.204564e-01;3.490369e-01;6.253467e-02;4.097956e-02;2.527115e-02;5.237738e-02;5.740610e-02;1.287936e-01;3.833070e-02;1.709549e-02;3.475172e-02
1.269004e-01;1.077195e-01;2.347190e-01;5.385746e-02;4.505230e-02;3.299485e-02;5.326268e-02;6.240723e-02;1.647782e-01;3.973202e-02;3.408698e-02;4.448941e-02
1.195712e-01;5.805139e-02;1.892828e-01;5.670120e-02;4.762056e-02;3.228841e-02;3.744094e-02;9.827320e-02;1.515986e-01;7.149980e-02;7.420700e-02;6.346498e-02
1.300981e-01;6.421030e-02;2.725980e-01;4.823061e-02;4.773160e-02;2.884861e-02;3.350043e-02;1.054043e-01;1.071084e-01;4.930179e-02;6.211657e-02;5.085134e-02
1.327000e-01;1.177175e-01;4.080553e-01;4.201432e-02;3.072776e-02;1.797027e-02;3.801364e-02;7.223277e-02;6.714857e-02;2.325796e-02;3.066196e-02;1.949991e-02
1.334641e-01;1.680231e-01;3.818925e-01;3.675897e-02;2.019003e-02;1.465274e-02;4.187406e-02;5.854042e-02;9.325783e-02;1.635696e-02;1.430699e-02;2.068221e-02
1.323074e-01;1.795034e-01;3.865228e-01;3.038663e-02;1.426314e-02;1.411275e-02;2.737508e-02;4.012166e-02;1.233996e-01;2.010000e-02;1.545580e-02;1.645180e-02
1.600014e-01;1.770549e-01;3.631534e-01;2.177396e-02;1.644926e-02;1.056932e-02;2.067004e-02;2.469513e-02;1.426404e-01;2.896935e-02;1.444355e-02;1.957940e-02
1.528690e-01;1.714283e-01;3.792489e-01;2.395438e-02;1.349502e-02;7.342025e-03;2.504059e-02;2.888923e-02;1.420684e-01;2.786331e-02;1.416350e-02;1.363732e-02
1.010353e-01;1.783126e-01;4.048967e-01;3.330011e-02;1.349462e-02;7.696172e-03;3.027068e-02;2.995112e-02;1.589065e-01;2.414013e-02;7.798541e-03;1.019760e-02
7.380596e-02;1.961560e-01;3.776930e-01;3.628295e-02;1.940079e-02;1.147715e-02;3.185794e-02;2.793808e-02;1.764782e-01;2.879564e-02;1.145218e-02;8.662097e-03
1.567113e-01;1.822050e-01;2.694441e-01;3.524182e-02;5.522021e-02;1.325099e-02;3.617068e-02;7.762394e-02;1.130411e-01;2.439050e-02;1.729567e-02;1.940467e-02
2.656273e-01;1.413406e-01;1.907198e-01;2.543149e-02;8.187207e-02;1.880233e-02;3.892010e-02;1.205665e-01;4.361647e-02;1.929175e-02;2.160166e-02;3.220992e-02
3.446166e-01;9.548255e-02;1.031539e-01;1.499585e-02;6.952765e-02;5.563604e-02;6.440426e-02;1.463891e-01;2.169215e-02;1.566729e-02;1.826294e-02;5.017161e-02
3.336827e-01;5.773731e-02;4.573216e-02;1.934472e-02;2.853802e-02;1.183488e-01;1.181247e-01;1.367667e-01;2.628298e-02;2.211566e-02;1.911182e-02;7.421437e-02
2.418448e-01;4.014798e-02;3.174664e-02;3.494361e-02;1.100085e-02;1.323743e-01;2.196624e-01;1.070496e-01;1.790168e-02;3.960660e-02;2.360102e-02;1.001205e-01
1.377840e-01;2.233143e-02;1.626643e-02;3.999383e-02;1.466173e-02;9.151394e-02;3.477844e-01;9.538119e-02;1.367657e-02;4.435186e-02;4.732617e-02;1.289284e-01
5.088471e-02;1.427443e-02;3.865607e-02;2.606724e-02;4.072193e-02;7.830985e-02;3.771789e-01;8.837213e-02;3.150961e-02;3.563272e-02;8.565125e-02;1.327412e-01
5.380737e-02;2.005642e-02;5.114528e-02;1.077308e-02;4.857444e-02;1.271297e-01;2.598507e-01;6.059085e-02;5.955170e-02;5.210727e-02;1.493800e-01;1.070332e-01
4.943439e-02;1.648933e-02;4.960989e-02;7.690833e-03;4.862196e-02;2.091290e-01;1.256718e-01;4.125059e-02;6.624528e-02;8.886893e-02;2.200736e-01;7.691436e-02
2.812875e-02;1.534931e-02;4.929695e-02;1.510338e-02;5.188826e-02;2.502041e-01;9.156099e-02;2.744373e-02;4.555377e-02;1.135280e-01;2.668165e-01;4.512627e-02
1.863867e-02;1.118334e-02;3.810953e-02;1.786602e-02;6.059322e-02;2.059503e-01;1.671524e-01;2.862869e-02;3.266951e-02;1.326230e-01;2.574120e-01;2.917319e-02
4.141268e-02;7.243924e-03;3.972156e-02;2.942228e-02;6.918154e-02;1.509706e-01;1.967056e-01;4.060809e-02;2.185529e-02;1.491882e-01;2.115067e-01;4.218344e-02
4.398055e-02;1.839536e-02;6.376491e-02;3.474407e-02;8.570553e-02;1.248938e-01;1.811725e-01;7.006872e-02;2.041374e-02;1.594404e-01;1.598770e-01;3.754339e-02
2.782186e-02;1.782831e-02;6.274280e-02;3.644496e-02;1.322089e-01;9.326839e-02;1.231425e-01;1.162316e-01;4.646101e-02;2.081548e-01;1.136467e-01;2.204834e-02
2.366213e-02;2.163536e-02;5.398923e-02;2.653481e-02;1.570681e-01;6.107591e-02;8.347937e-02;1.394828e-01;7.379487e-02;2.416724e-01;1.070694e-01;1.053565e-02
1.459598e-02;2.560238e-02;2.313587e-02;3.499060e-02;1.512898e-01;6.349582e-02;7.150850e-02;1.415773e-01;7.982941e-02;2.463397e-01;1.325375e-01;1.509716e-02
