1.540594e-01;1.589965e-01;6.483654e-02;5.051516e-02;7.992016e-02;8.455736e-02;9.812868e-02;6.686155e-02;5.482513e-02;8.836847e-02;3.829554e-02;6.063545e-02
1.237805e-01;2.198522e-01;1.086568e-01;5.790828e-02;4.654285e-02;6.495365e-02;7.877790e-02;9.930046e-02;4.332863e-02;7.105051e-02;4.969027e-02;3.615810e-02
5.772971e-02;2.000400e-01;1.318957e-01;4.245562e-02;5.426866e-02;1.320203e-01;4.390591e-02;8.318730e-02;2.545323e-02;5.634133e-02;1.487141e-01;2.398813e-02
2.865579e-02;1.095018e-01;1.420313e-01;1.561113e-02;1.872940e-02;2.172326e-01;3.144527e-02;3.610237e-02;3.329499e-02;7.363722e-02;2.728299e-01;2.092832e-02
3.501586e-02;4.581106e-02;1.129433e-01;1.523393e-02;2.444534e-02;2.214433e-01;4.089101e-02;4.845169e-02;3.670270e-02;8.357669e-02;3.050511e-01;3.043411e-02
3.948052e-02;1.839449e-02;9.068435e-02;1.406479e-02;3.584161e-02;2.229775e-01;6.644591e-02;5.308177e-02;4.676683e-02;7.789128e-02;3.096225e-01;2.474850e-02
4.447606e-02;3.860255e-02;8.047375e-02;1.970816e-02;5.812923e-02;1.878161e-01;9.009857e-02;6.280034e-02;5.602111e-02;4.589140e-02;2.962486e-01;1.973416e-02
4.603406e-02;5.532493e-02;8.554517e-02;3.288221e-02;6.739223e-02;1.562987e-01;9.670936e-02;6.289744e-02;6.768324e-02;5.754255e-02;2.591475e-01;1.254261e-02
3.263077e-02;8.689325e-02;7.952887e-02;4.470678e-02;7.206126e-02;1.710894e-01;8.295497e-02;8.328809e-02;5.830711e-02;5.798176e-02;1.952697e-01;3.528809e-02
5.102449e-02;6.382591e-02;7.029611e-02;3.902365e-02;1.081336e-01;1.357002e-01;1.123670e-01;8.613683e-02;5.651911e-02;7.167168e-02;1.620250e-01;4.327649e-02
8.306578e-02;1.199526e-01;8.524803e-02;1.479459e-02;8.867225e-02;1.319638e-01;6.712109e-02;9.185251e-02;2.983356e-02;1.144212e-01;1.235591e-01;4.951540e-02
6.093728e-02;1.328923e-01;7.163957e-02;2.687936e-02;5.290546e-02;1.548554e-01;7.140734e-02;7.384177e-02;2.488662e-02;7.452086e-02;2.169912e-01;3.824287e-02
4.332655e-02;8.760131e-02;6.141268e-02;2.927173e-02;7.050056e-02;1.733744e-01;9.818705e-02;4.050425e-02;1.758450e-02;4.797656e-02;2.977841e-01;3.247620e-02
4.572737e-02;7.858148e-02;5.291966e-02;2.476126e-02;5.963641e-02;1.872593e-01;7.936070e-02;5.041389e-02;1.425877e-02;5.251097e-02;3.338054e-01;2.076484e-02
6.439407e-02;1.283326e-01;3.271148e-02;1.498066e-02;3.567841e-02;1.907954e-01;7.550517e-02;6.464478e-02;2.154872e-02;4.433271e-02;3.033627e-01;2.371342e-02
6.127470e-02;1.765154e-01;1.931325e-02;1.059029e-02;2.860513e-02;1.977510e-01;1.140966e-01;5.049044e-02;1.913635e-02;6.397542e-02;2.370547e-01;2.119666e-02
3.693210e-02;2.189765e-01;3.873920e-02;1.897012e-02;2.423511e-02;1.781894e-01;1.279148e-01;1.087557e-01;1.979672e-02;5.196964e-02;1.575246e-01;1.799603e-02
7.280007e-02;1.822404e-01;8.344603e-02;4.085432e-02;2.472256e-02;1.439323e-01;1.106177e-01;1.048133e-01;2.266194e-02;4.613485e-02;1.497678e-01;1.800859e-02
6.391953e-02;9.227067e-02;1.556648e-01;1.138203e-01;3.757666e-02;7.308681e-02;1.284946e-01;1.068517e-01;3.176396e-02;1.994151e-02;8.659641e-02;9.001308e-02
9.145777e-02;7.320787e-02;1.264408e-01;1.767043e-01;2.723330e-02;6.753089e-02;1.460726e-01;8.960143e-02;2.298878e-02;3.498390e-02;3.619506e-02;1.075832e-01
1.648593e-01;7.557008e-02;6.689475e-02;1.448056e-01;8.636916e-02;6.621567e-02;1.186444e-01;1.122542e-01;1.264639e-02;3.375615e-02;3.746564e-02;8.051859e-02
2.259412e-01;8.962306e-02;5.366611e-02;5.629055e-02;2.051517e-01;4.908474e-02;5.338486e-02;1.661061e-01;1.344640e-02;1.779567e-02;2.384125e-02;4.566839e-02
2.037451e-01;1.380965e-01;5.533918e-02;1.461332e-02;2.582179e-01;6.614528e-02;2.497658e-02;1.824046e-01;2.003345e-02;1.045207e-02;1.260625e-02;1.336972e-02
1.300210e-01;1.849182e-01;4.786509e-02;1.661277e-02;1.955254e-01;1.633193e-01;2.824054e-02;1.475254e-01;5.446639e-02;7.040271e-03;1.269943e-02;1.176623e-02
6.593894e-02;2.397311e-01;5.846572e-02;2.614449e-02;9.044850e-02;2.604128e-01;2.839606e-02;8.125962e-02;1.069510e-01;1.689019e-02;1.204581e-02;1.331578e-02
3.146232e-02;2.924071e-01;1.066853e-01;3.361974e-02;3.040257e-02;2.486946e-01;1.745000e-02;2.922845e-02;1.332021e-01;4.363015e-02;9.727578e-03;2.349018e-02
1.823584e-02;3.155371e-01;1.539181e-01;3.288371e-02;1.210848e-02;1.728122e-01;1.181104e-02;1.914508e-02;1.156765e-01;9.632786e-02;1.288608e-02;3.865798e-02
2.541638e-02;2.806210e-01;2.265705e-01;2.393073e-02;2.704587e-02;7.129085e-02;1.260713e-02;2.747342e-02;7.875447e-02;1.510745e-01;2.468383e-02;5.053125e-02
3.785675e-02;2.024697e-01;2.657407e-01;3.973375e-02;5.354162e-02;6.576196e-02;2.145018e-02;2.232952e-02;4.543154e-02;1.565400e-01;4.334125e-02;4.580297e-02
4.447005e-02;1.564060e-01;2.448967e-01;7.379906e-02;7.142208e-02;1.029664e-01;2.687054e-02;2.307321e-02;3.621694e-02;1.269765e-01;5.620944e-02;3.669299e-02
4.529061e-02;1.444896e-01;1.846983e-01;9.770091e-02;7.661067e-02;1.249477e-01;4.580465e-02;3.945664e-02;6.380783e-02;8.962526e-02;5.930667e-02;2.826118e-02
4.028813e-02;2.019905e-01;2.406186e-01;6.124336e-02;8.014525e-02;7.066730e-02;3.976139e-02;3.824983e-02;6.508601e-02;9.944093e-02;3.998562e-02;2.252312e-02
3.686929e-02;1.886889e-01;2.313895e-01;2.998208e-02;5.388232e-02;1.311968e-01;3.557900e-02;5.186558e-02;3.264898e-02;8.451711e-02;7.830679e-02;4.507357e-02
3.507236e-02;1.898929e-01;1.867276e-01;2.685413e-02;3.217142e-02;1.561121e-01;3.164333e-02;5.675938e-02;4.838686e-02;8.381958e-02;1.035167e-01;4.904365e-02
2.325170e-02;2.069070e-01;1.306108e-01;2.778126e-02;6.045515e-02;1.740830e-01;3.610572e-02;4.585926e-02;6.400518e-02;8.389170e-02;1.064512e-01;4.059803e-02
2.570336e-02;2.139737e-01;1.412219e-01;2.754081e-02;4.958445e-02;2.037333e-01;4.793567e-02;5.293308e-02;6.795609e-02;5.624820e-02;8.438967e-02;2.877976e-02
4.485699e-02;1.722547e-01;1.592020e-01;2.943245e-02;5.539029e-02;2.029781e-01;5.540805e-02;6.073539e-02;5.984860e-02;8.514088e-02;5.929590e-02;1.545661e-02
6.336907e-02;1.144313e-01;1.703518e-01;3.956219e-02;9.295931e-02;1.773054e-01;4.579828e-02;6.626166e-02;4.213630e-02;1.205298e-01;5.209723e-02;1.519776e-02
5.426148e-02;1.552469e-01;1.762005e-01;5.030680e-02;1.209311e-01;9.063710e-02;5.257439e-02;5.485945e-02;6.743580e-02;1.091079e-01;5.134282e-02;1.709576e-02
6.659690e-02;2.187417e-01;1.498288e-01;3.288738e-02;7.853796e-02;1.429108e-01;5.971122e-02;3.240107e-02;9.229701e-02;6.079438e-02;4.593664e-02;1.935604e-02
7.862218e-02;2.133820e-01;1.276621e-01;2.282457e-02;5.520466e-02;2.116024e-01;5.021248e-02;2.403385e-02;8.702284e-02;6.053586e-02;4.753959e-02;2.135748e-02
5.384577e-02;2.254862e-01;1.328586e-01;3.021362e-02;4.278793e-02;2.089685e-01;4.760331e-02;3.586404e-02;7.917766e-02;6.175769e-02;6.172697e-02;1.970971e-02
3.546251e-02;2.254711e-01;1.645960e-01;2.731139e-02;3.657197e-02;1.487789e-01;6.305829e-02;7.640532e-02;5.483972e-02;7.313597e-02;7.233440e-02;2.203433e-02
6.545244e-02;2.307550e-01;1.385806e-01;1.707296e-02;2.789919e-02;1.144728e-01;9.263720e-02;8.719464e-02;7.647765e-02;8.492216e-02;4.992610e-02;1.460936e-02
9.788669e-02;2.370610e-01;1.444435e-01;2.080525e-02;3.963363e-02;9.253878e-02;9.342788e-02;1.098006e-01;7.047001e-02;4.452777e-02;3.846067e-02;1.094427e-02
1.355142e-01;2.541017e-01;1.718857e-01;1.784427e-02;3.675526e-02;5.777342e-02;5.474675e-02;1.612295e-01;3.650752e-02;2.465611e-02;3.756707e-02;1.141847e-02
1.329607e-01;2.628627e-01;1.664968e-01;1.661300e-02;2.009472e-02;4.083398e-02;3.861869e-02;1.512975e-01;7.295261e-02;5.029484e-02;3.080710e-02;1.616740e-02
1.461578e-01;2.762454e-01;1.646147e-01;3.021855e-02;2.322822e-02;4.531299e-02;4.691310e-02;1.185698e-01;6.589906e-02;3.615288e-02;2.308205e-02;2.360548e-02
1.382909e-01;2.322722e-01;1.227653e-01;4.721308e-02;2.137676e-02;1.219565e-01;6.233000e-02;7.502856e-02;6.910042e-02;5.942776e-02;2.276831e-02;2.747023e-02
1.016129e-01;1.829319e-01;9.196368e-02;4.252470e-02;4.260682e-02;2.097897e-01;7.000247e-02;6.894595e-02;7.117672e-02;5.500050e-02;3.527365e-02;2.817096e-02
6.646174e-02;1.694474e-01;1.558389e-01;2.199725e-02;5.693036e-02;1.862283e-01;6.191571e-02;1.192700e-01;4.384424e-02;3.741779e-02;4.437672e-02;3.627172e-02
5.231941e-02;2.023902e-01;1.970831e-01;2.311186e-02;5.852129e-02;1.363208e-01;2.994957e-02;1.406010e-01;4.162005e-02;5.076145e-02;4.401055e-02;2.331065e-02
6.173637e-02;2.218490e-01;1.993017e-01;2.448945e-02;4.631978e-02;1.694987e-01;3.801425e-02;1.153491e-01;3.108644e-02;4.310631e-02;3.341393e-02;1.583499e-02
6.511544e-02;2.283919e-01;2.219710e-01;2.880457e-02;3.482826e-02;1.440745e-01;3.462001e-02;8.564144e-02;5.302706e-02;5.654955e-02;3.275451e-02;1.422184e-02
6.055309e-02;2.471436e-01;2.294121e-01;3.369568e-02;3.632465e-02;7.652489e-02;4.947409e-02;6.320018e-02;6.610041e-02;6.940994e-02;4.300104e-02;2.516033e-02
3.183091e-02;2.115827e-01;7.817183e-02;6.980909e-02;8.033102e-02;8.714537e-02;8.777234e-02;9.943233e-02;1.285820e-01;5.727781e-02;3.360551e-02;3.445903e-02
4.908143e-02;1.460979e-01;1.156733e-01;5.191689e-02;8.185217e-02;6.954091e-02;6.914564e-02;1.556211e-01;1.252004e-01;4.926971e-02;5.339183e-02;3.320876e-02
6.786892e-02;1.174225e-01;1.026453e-01;4.161913e-02;9.143934e-02;5.585102e-02;4.468416e-02;2.396901e-01;1.076537e-01;4.307580e-02;6.122050e-02;2.682943e-02
7.296249e-02;7.338426e-02;6.516960e-02;3.070471e-02;9.937895e-02;3.973259e-02;4.663898e-02;3.803760e-01;9.098604e-02;3.112340e-02;5.766368e-02;1.187933e-02
5.833400e-02;1.985556e-02;2.513111e-02;4.077030e-02;7.192151e-02;3.325725e-02;1.282257e-01;4.219536e-01;5.144877e-02;7.036638e-02;3.352901e-02;4.520684e-02
4.605946e-02;1.192602e-02;8.983136e-03;7.716988e-02;3.260899e-02;2.874059e-02;2.740635e-01;2.915235e-01;2.838360e-02;9.720305e-02;1.513530e-02;8.820304e-02
3.144956e-02;1.616461e-02;8.561260e-03;1.030675e-01;1.142023e-02;5.256163e-02;4.068521e-01;1.445046e-01;1.800205e-02;8.517151e-02;1.928243e-02;1.029627e-01
2.560496e-02;1.628324e-02;1.730811e-02;1.036552e-01;1.288670e-02;1.188046e-01;4.327833e-01;9.384697e-02;2.590754e-02;5.022914e-02;1.653450e-02;8.615559e-02
2.798772e-02;2.078281e-02;3.424767e-02;8.711439e-02;2.667299e-02;1.825705e-01;3.879091e-01;7.033345e-02;4.606662e-02;4.460822e-02;1.512700e-02;5.657948e-02
1.569964e-02;2.514471e-02;5.263263e-02;6.045803e-02;3.880092e-02;1.705656e-01;2.769694e-01;1.714668e-01;5.912087e-02;7.333580e-02;2.523578e-02;3.056980e-02
5.627844e-02;4.899780e-02;5.506618e-02;8.698308e-02;5.110150e-02;9.272140e-02;1.501164e-01;1.659722e-01;6.958713e-02;1.266486e-01;3.656567e-02;5.996155e-02
1.693659e-02;4.370456e-02;2.259801e-02;6.919317e-02;2.044085e-02;3.990938e-02;3.420961e-01;2.047317e-01;7.395110e-02;8.423610e-02;2.277082e-02;5.943169e-02
4.233574e-02;4.853126e-02;2.503669e-02;6.194959e-02;2.753002e-02;6.276419e-02;4.136688e-01;1.327399e-01;4.695355e-02;5.130065e-02;2.036094e-02;6.682868e-02
1.661820e-02;2.117169e-02;2.017783e-02;7.494568e-02;3.656388e-02;6.164419e-02;3.822488e-01;2.231398e-01;3.351615e-02;4.576892e-02;1.388933e-02;7.031551e-02
4.441256e-02;2.013662e-02;4.102475e-02;7.863743e-02;3.605465e-02;4.389429e-02;2.321801e-01;3.140449e-01;3.722660e-02;3.988903e-02;3.208545e-02;8.041364e-02
2.942996e-02;2.803431e-02;7.374819e-02;6.476653e-02;2.964501e-02;1.511169e-01;2.838032e-01;1.426314e-01;4.987560e-02;4.552710e-02;6.188361e-02;3.953816e-02
1.241868e-02;1.367571e-02;6.704197e-02;4.460635e-02;3.837164e-02;1.726550e-01;4.143851e-01;4.577285e-02;5.877505e-02;3.105529e-02;6.472207e-02;3.652024e-02
1.141397e-02;7.141618e-03;6.528882e-02;2.491154e-02;4.981796e-02;2.166620e-01;4.045555e-01;2.335190e-02;9.568610e-02;1.725721e-02;6.267903e-02;2.123435e-02
1.181011e-02;4.766629e-03;7.478362e-02;6.567109e-03;5.744837e-02;2.760243e-01;2.837827e-01;4.196693e-02;1.183995e-01;2.078617e-02;8.368645e-02;1.997816e-02
1.792517e-02;7.346369e-03;8.197618e-02;1.519110e-02;7.172254e-02;3.238594e-01;1.769942e-01;4.406241e-02;1.164741e-01;1.690477e-02;1.066031e-01;2.094069e-02
1.831505e-02;1.530042e-02;6.894292e-02;3.149421e-02;8.537856e-02;3.133177e-01;1.882612e-01;5.420409e-02;8.584250e-02;2.431932e-02;9.582193e-02;1.880216e-02
1.326508e-02;2.156061e-02;3.999320e-02;4.100196e-02;9.082501e-02;3.020039e-01;2.455940e-01;5.626771e-02;5.062750e-02;4.678082e-02;7.232977e-02;1.975037e-02
3.051257e-02;2.420807e-02;5.715847e-02;3.118914e-02;4.792309e-02;3.656685e-01;1.595955e-01;1.990532e-02;4.234110e-02;3.048962e-02;1.708248e-01;2.018388e-02
3.979896e-02;1.464678e-02;6.314145e-02;1.375969e-02;3.483399e-02;4.724970e-01;9.025265e-02;8.313049e-03;2.917254e-02;1.905494e-02;2.027152e-01;1.181382e-02
5.442647e-02;9.764146e-03;5.822532e-02;1.168702e-02;3.900197e-02;5.356582e-01;5.829848e-02;1.660440e-02;1.203327e-02;1.421754e-02;1.799321e-01;1.015104e-02
6.758405e-02;9.988960e-03;5.309222e-02;9.919030e-03;3.487278e-02;5.492433e-01;6.484850e-02;1.968164e-02;8.358818e-03;1.090524e-02;1.641035e-01;7.401984e-03
6.850923e-02;1.801312e-02;5.763365e-02;1.217792e-02;4.287755e-02;5.158976e-01;7.036595e-02;2.234268e-02;9.735257e-03;1.159688e-02;1.648169e-01;6.033272e-03
6.206935e-02;2.134343e-02;6.865730e-02;1.286544e-02;5.198177e-02;5.012282e-01;3.735997e-02;1.939506e-02;1.495320e-02;1.692722e-02;1.825185e-01;1.070051e-02
4.699494e-02;2.082480e-02;6.903804e-02;1.794964e-02;6.993705e-02;4.342943e-01;6.203967e-02;3.260472e-02;2.420760e-02;1.586802e-02;1.930316e-01;1.320959e-02
2.480435e-02;2.486368e-02;5.715653e-02;1.633772e-02;9.443060e-02;2.919355e-01;1.467497e-01;5.028014e-02;3.993692e-02;5.003236e-02;1.919363e-01;1.153622e-02
3.268292e-02;2.360059e-02;5.493250e-02;3.545449e-02;1.021751e-01;1.584746e-01;1.957089e-01;7.359696e-02;7.084037e-02;8.254461e-02;1.554971e-01;1.449182e-02
5.840848e-02;1.046637e-02;4.927180e-02;4.467859e-02;8.505446e-02;2.073772e-01;1.563446e-01;1.363162e-01;6.336068e-02;5.516379e-02;1.109517e-01;2.260618e-02
6.629862e-02;2.074553e-02;3.284162e-02;2.008112e-02;6.295805e-02;2.513220e-01;1.470121e-01;1.842049e-01;4.177048e-02;4.064459e-02;1.104342e-01;2.168684e-02
4.371534e-02;2.081461e-02;2.019966e-02;7.031428e-03;4.267514e-02;2.824736e-01;2.214841e-01;1.757734e-01;3.698450e-02;4.247268e-02;8.450355e-02;2.187203e-02
2.440234e-02;1.572522e-02;2.714373e-02;6.676449e-03;3.884173e-02;3.910293e-01;2.166010e-01;1.138279e-01;3.059834e-02;3.075506e-02;8.955728e-02;1.484168e-02
4.325217e-02;1.620939e-02;3.155061e-02;1.601859e-02;4.637687e-02;4.173163e-01;1.889384e-01;8.331576e-02;3.648717e-02;1.475411e-02;9.691279e-02;8.867864e-03
6.501792e-02;1.746983e-02;3.877911e-02;2.674674e-02;5.234673e-02;3.392434e-01;1.980532e-01;7.651559e-02;4.220372e-02;1.737910e-02;1.084009e-01;1.784376e-02
7.200504e-02;2.525066e-02;4.967106e-02;2.892988e-02;3.133174e-02;2.831548e-01;2.460755e-01;8.022709e-02;4.250221e-02;1.692160e-02;1.006930e-01;2.323751e-02
4.280965e-02;2.055747e-02;4.388879e-02;1.955653e-02;1.934926e-02;2.700116e-01;3.309634e-01;8.800887e-02;3.941145e-02;2.323090e-02;7.908396e-02;2.312810e-02
3.262715e-02;2.506900e-02;2.649494e-02;1.505938e-02;4.073559e-02;3.263867e-01;3.142468e-01;7.409916e-02;3.827321e-02;2.316560e-02;6.246401e-02;2.137834e-02
3.641835e-02;3.969607e-02;3.060562e-02;2.050681e-02;5.512583e-02;3.532995e-01;2.227888e-01;7.531177e-02;5.577138e-02;2.610430e-02;6.337059e-02;2.100096e-02
3.893249e-02;5.203330e-02;6.147703e-02;2.220157e-02;4.839349e-02;3.092609e-01;1.331511e-01;1.022980e-01;1.015595e-01;2.507805e-02;7.962753e-02;2.598698e-02
4.965669e-02;5.366821e-02;6.126420e-02;3.458406e-02;6.149207e-02;2.262578e-01;1.863684e-01;1.032400e-01;1.024965e-01;3.242816e-02;6.042925e-02;2.811471e-02
4.721230e-02;4.506624e-02;5.459526e-02;3.822418e-02;5.127637e-02;2.204508e-01;2.697811e-01;1.207868e-01;6.346188e-02;3.405568e-02;3.485688e-02;2.023256e-02
3.140411e-02;3.092989e-02;4.949913e-02;4.971305e-02;2.619705e-02;2.441316e-01;2.698646e-01;1.470981e-01;8.394827e-02;3.368577e-02;2.121624e-02;1.231215e-02
2.319924e-02;1.665414e-02;5.061442e-02;9.488399e-02;3.525221e-02;1.793930e-01;1.737225e-01;2.038803e-01;1.463685e-01;4.106101e-02;1.288696e-02;2.208382e-02
1.636840e-02;6.379021e-02;1.146445e-01;1.006041e-01;5.674342e-02;1.822743e-01;7.290566e-02;1.762688e-01;1.395592e-01;4.568139e-02;2.402868e-02;7.131394e-03
1.640591e-02;8.892033e-02;1.820996e-01;7.853506e-02;8.776404e-02;1.687784e-01;5.152748e-02;8.931299e-02;1.458625e-01;5.354630e-02;3.067047e-02;6.576838e-03
1.383050e-02;7.896277e-02;1.977470e-01;1.170668e-01;7.643963e-02;1.667729e-01;4.346748e-02;8.634537e-02;1.380402e-01;3.591546e-02;3.879711e-02;6.614853e-03
8.364312e-03;4.440817e-02;1.510844e-01;1.936560e-01;6.138634e-02;2.032463e-01;5.046076e-02;1.080395e-01;7.271309e-02;3.895077e-02;5.822398e-02;9.466371e-03
3.740301e-03;2.566938e-02;1.035360e-01;1.906937e-01;8.756065e-02;2.183073e-01;6.312769e-02;1.059139e-01;2.007284e-02;1.039987e-01;6.221184e-02;1.516763e-02
5.516924e-03;1.541431e-02;8.459974e-02;9.106865e-02;1.898333e-01;1.829570e-01;1.273295e-01;6.315219e-02;4.310488e-02;1.218808e-01;3.299606e-02;4.214661e-02
1.004203e-02;1.321908e-02;8.361680e-02;3.622975e-02;2.544123e-01;2.175788e-01;1.435506e-01;3.783404e-02;8.272450e-02;6.100153e-02;1.282478e-02;4.696575e-02
2.509091e-02;1.022319e-02;7.174384e-02;2.311341e-02;2.192519e-01;3.564375e-01;1.000925e-01;4.431403e-02;8.679363e-02;1.965447e-02;8.791363e-03;3.449311e-02
4.523916e-02;1.197804e-02;5.506770e-02;2.578376e-02;9.492552e-02;5.168070e-01;6.848780e-02;9.247196e-02;4.715208e-02;1.980167e-02;5.436585e-03;1.684876e-02
5.646154e-02;1.211166e-02;6.524423e-02;3.369974e-02;5.013607e-02;5.642929e-01;6.854680e-02;1.044800e-01;1.887917e-02;1.610343e-02;5.691652e-03;4.352720e-03
6.524096e-02;1.250481e-02;4.433683e-02;4.020666e-02;6.976850e-02;5.612351e-01;6.648930e-02;9.371565e-02;1.685712e-02;1.205228e-02;1.441090e-02;3.181903e-03
7.178119e-02;1.686053e-02;4.333517e-02;3.904097e-02;6.152723e-02;5.512140e-01;4.932168e-02;9.813230e-02;1.840978e-02;1.494369e-02;2.231403e-02;1.311938e-02
5.189844e-02;2.087962e-02;4.013970e-02;2.725746e-02;5.123178e-02;6.116064e-01;3.491157e-02;9.632733e-02;1.895294e-02;1.555158e-02;2.030603e-02;1.093714e-02
3.647685e-02;1.226641e-02;3.907141e-02;1.822012e-02;4.159888e-02;6.884021e-01;4.110734e-02;6.206575e-02;1.569079e-02;1.438387e-02;1.928243e-02;1.143414e-02
2.528214e-02;7.854116e-03;4.012366e-02;1.804416e-02;3.983960e-02;7.084396e-01;3.880739e-02;5.403873e-02;1.762491e-02;1.868846e-02;1.793162e-02;1.332559e-02
3.219993e-02;1.680818e-02;6.996968e-02;2.198230e-02;7.255903e-02;6.123443e-01;4.040929e-02;5.563992e-02;3.146768e-02;1.330101e-02;1.347690e-02;1.984181e-02
2.194580e-02;1.513098e-02;8.530765e-02;2.235269e-02;9.503686e-02;4.546823e-01;6.100944e-02;5.084940e-02;6.428129e-02;4.133132e-02;2.955350e-02;5.851883e-02
6.145121e-02;1.433402e-02;5.819047e-02;1.805010e-02;8.307151e-02;3.731919e-01;1.133532e-01;4.803511e-02;5.106916e-02;6.650864e-02;2.399050e-02;8.875414e-02
7.510039e-02;6.435519e-03;3.577670e-02;1.292851e-02;8.517612e-02;3.745051e-01;1.258311e-01;4.200101e-02;6.151361e-02;8.909906e-02;6.369642e-03;8.526323e-02
7.605623e-02;4.015833e-03;4.323536e-02;3.041062e-03;1.020850e-01;3.662859e-01;9.898531e-02;2.181246e-02;9.395944e-02;9.356926e-02;7.446957e-03;8.950718e-02
6.928442e-02;3.222163e-03;6.496027e-02;8.753179e-03;1.636102e-01;2.973700e-01;4.463304e-02;1.010831e-02;1.308644e-01;5.138538e-02;1.093884e-02;1.448698e-01
4.760688e-02;4.367217e-03;8.650938e-02;1.721865e-02;2.417548e-01;2.031651e-01;2.043673e-02;8.920445e-03;1.398311e-01;1.361149e-02;6.423490e-03;2.101547e-01
2.619255e-02;1.013214e-02;9.178395e-02;2.755360e-02;2.962956e-01;1.505461e-01;2.310347e-02;9.012610e-03;1.163579e-01;6.597021e-03;8.160388e-03;2.342647e-01
2.387813e-02;1.057600e-02;1.084216e-01;4.577722e-02;3.302129e-01;1.259903e-01;4.808116e-02;6.700935e-03;7.645800e-02;6.078186e-03;8.491088e-03;2.093345e-01
1.519361e-02;9.883183e-03;1.103198e-01;8.271536e-02;3.488528e-01;1.082380e-01;7.882253e-02;1.163703e-02;4.004567e-02;8.695018e-03;1.849739e-02;1.670996e-01
1.333307e-02;1.523792e-02;8.950517e-02;1.347880e-01;3.594367e-01;9.799177e-02;9.622390e-02;1.756188e-02;1.182011e-02;8.718352e-03;1.657628e-02;1.388069e-01
1.424582e-02;1.144438e-02;5.530052e-02;1.618533e-01;3.988045e-01;1.344008e-01;7.369223e-02;1.452663e-02;2.254304e-02;1.325894e-02;2.976571e-03;9.695327e-02
1.501908e-02;2.665290e-02;5.637323e-02;1.537655e-01;3.976043e-01;1.851134e-01;4.468486e-02;2.605837e-02;1.929814e-02;2.783622e-02;1.715733e-02;3.043665e-02
2.046479e-02;5.506260e-02;7.655190e-02;1.583285e-01;2.499197e-01;1.903557e-01;3.724383e-02;3.297967e-02;2.162637e-02;4.963326e-02;3.323957e-02;7.459407e-02
1.557714e-02;6.152196e-02;7.977360e-02;2.102215e-01;1.301978e-01;2.021814e-01;2.563727e-02;7.346157e-02;2.386699e-02;5.876566e-02;6.271316e-02;5.608198e-02
9.683318e-03;4.445061e-02;7.718049e-02;2.901943e-01;7.323527e-02;2.067982e-01;2.115655e-02;1.011442e-01;1.319457e-02;3.530488e-02;8.853541e-02;3.912234e-02
1.231895e-02;2.304429e-02;8.123364e-02;3.421525e-01;7.717390e-02;2.238966e-01;2.155490e-02;7.044136e-02;1.559905e-02;1.650244e-02;9.554042e-02;2.054202e-02
2.172859e-02;1.801056e-02;1.164817e-01;3.191588e-01;8.867544e-02;2.029393e-01;2.795050e-02;4.612404e-02;3.739230e-02;3.020315e-02;8.117257e-02;1.016304e-02
4.648810e-02;2.435273e-02;1.704416e-01;2.495554e-01;9.607399e-02;1.125405e-01;5.407236e-02;2.103564e-02;6.528682e-02;4.905672e-02;1.033532e-01;7.742908e-03
7.519384e-02;2.246444e-02;1.944056e-01;2.000163e-01;1.166504e-01;5.816082e-02;4.987342e-02;8.612009e-03;5.383730e-02;6.284345e-02;1.463934e-01;1.154893e-02
1.225322e-01;2.188199e-02;2.279256e-01;1.388126e-01;9.630947e-02;4.363530e-02;4.648179e-02;7.196354e-03;3.737682e-02;9.357926e-02;1.573184e-01;6.950177e-03
1.934418e-01;2.168687e-02;1.967375e-01;8.351471e-02;6.060675e-02;2.380598e-02;3.843153e-02;7.027230e-03;2.582911e-02;1.246258e-01;2.139127e-01;1.037995e-02
2.161292e-01;1.531908e-02;1.199716e-01;6.727032e-02;4.019108e-02;2.190446e-02;2.872575e-02;5.342376e-03;1.746486e-02;1.634631e-01;2.915263e-01;1.269194e-02
2.110921e-01;1.200355e-02;8.336824e-02;3.480825e-02;1.659884e-02;1.547994e-02;2.577617e-02;5.871334e-03;1.781488e-02;2.263373e-01;3.244890e-01;2.636047e-02
1.780679e-01;1.483709e-02;8.135814e-02;3.678937e-02;2.003506e-02;1.075153e-02;1.974077e-02;8.480889e-03;1.453355e-02;2.758407e-01;3.101634e-01;2.940167e-02
1.315348e-01;1.805016e-02;1.046959e-01;8.930475e-02;2.748302e-02;1.616220e-02;1.293267e-02;6.575674e-03;1.374645e-02;2.776996e-01;2.795248e-01;2.228993e-02
1.358878e-01;1.908039e-02;1.587017e-01;9.467973e-02;3.073906e-02;1.786446e-02;1.956838e-02;5.326926e-03;2.110749e-02;2.556677e-01;2.223212e-01;1.905524e-02
1.990775e-01;3.376475e-02;2.256175e-01;7.699885e-02;1.579281e-02;1.208838e-02;2.269762e-02;7.213099e-03;2.042489e-02;2.084100e-01;1.492834e-01;2.863119e-02
2.265605e-01;6.236384e-02;2.379600e-01;7.585493e-02;2.021173e-02;2.176573e-02;3.742574e-02;7.164738e-03;2.734812e-02;1.346691e-01;1.083101e-01;4.036544e-02
1.838965e-01;1.020607e-01;2.323304e-01;6.581618e-02;4.484424e-02;4.254314e-02;4.354762e-02;7.348683e-03;2.873250e-02;8.716103e-02;9.651425e-02;6.520472e-02
1.373219e-01;1.049285e-01;2.235470e-01;9.553184e-02;6.280554e-02;6.734471e-02;3.669497e-02;9.020290e-03;2.939156e-02;5.547992e-02;9.943455e-02;7.849922e-02
1.351162e-01;5.363110e-02;2.614059e-01;1.169698e-01;7.135062e-02;6.415168e-02;5.059560e-02;9.192035e-03;3.036484e-02;6.350879e-02;8.704305e-02;5.667030e-02
8.280460e-02;7.055122e-02;3.025178e-01;8.357264e-02;7.607850e-02;5.908723e-02;5.815114e-02;1.345019e-02;2.280919e-02;9.805453e-02;8.281139e-02;5.011157e-02
7.323416e-02;7.406746e-02;3.137572e-01;6.701616e-02;8.923099e-02;5.526507e-02;6.377463e-02;1.408228e-02;1.394427e-02;1.085760e-01;6.685586e-02;6.019600e-02
1.415729e-01;7.498980e-02;3.039757e-01;4.629062e-02;1.131390e-01;3.309206e-02;9.656090e-02;1.078855e-02;7.010537e-03;1.053214e-01;3.836050e-02;2.889798e-02
1.762855e-01;5.190187e-02;3.134857e-01;5.688741e-02;1.121675e-01;1.958476e-02;1.076874e-01;6.263402e-03;7.372363e-03;1.039813e-01;3.550764e-02;8.875041e-03
1.809882e-01;5.708051e-02;3.439752e-01;5.755253e-02;1.011432e-01;1.443361e-02;9.170613e-02;3.905061e-03;9.624336e-03;1.104566e-01;2.441880e-02;4.715825e-03
1.342992e-01;7.945187e-02;3.763626e-01;6.375577e-02;1.055596e-01;9.757237e-03;7.584421e-02;3.770130e-03;1.029375e-02;1.218544e-01;1.061365e-02;8.437749e-03
5.609474e-02;1.139780e-01;3.962481e-01;5.642194e-02;8.805440e-02;2.167801e-02;6.894512e-02;5.493230e-03;2.167519e-02;1.359883e-01;2.486190e-02;1.056114e-02
7.430269e-02;1.751778e-01;3.501612e-01;2.627800e-02;5.448601e-02;4.229128e-02;7.028497e-02;1.063857e-02;4.223217e-02;1.082656e-01;2.568304e-02;2.019883e-02
1.194073e-01;2.083669e-01;2.692770e-01;2.933077e-02;4.797842e-02;6.315881e-02;7.034009e-02;1.963646e-02;5.303763e-02;7.606199e-02;3.103637e-02;1.236829e-02
9.826311e-02;1.600040e-01;2.969621e-01;4.553260e-02;8.054159e-02;6.429545e-02;4.489276e-02;1.857322e-02;2.921990e-02;1.003673e-01;3.831084e-02;2.303719e-02
7.539546e-02;1.705718e-01;3.885701e-01;3.177091e-02;5.448998e-02;5.434115e-02;4.514202e-02;2.032574e-02;1.722015e-02;7.646575e-02;4.037784e-02;2.532913e-02
1.079523e-01;8.079223e-02;3.497471e-01;1.068179e-01;5.553789e-02;9.345709e-02;7.167071e-02;1.833015e-02;1.548982e-02;5.693401e-02;1.893951e-02;2.433132e-02
1.646684e-01;5.324104e-02;2.458970e-01;1.006935e-01;1.141396e-01;1.116008e-01;7.315461e-02;1.772339e-02;1.494176e-02;6.596986e-02;1.690006e-02;2.106992e-02
1.067461e-01;1.353237e-01;2.176801e-01;6.042767e-02;1.366212e-01;1.030636e-01;4.361808e-02;2.679111e-02;4.296748e-02;7.957431e-02;1.983390e-02;2.735273e-02
1.316017e-01;2.021203e-01;2.201442e-01;7.634711e-02;6.258886e-02;5.308139e-02;3.705257e-02;1.425055e-02;5.794002e-02;7.633847e-02;1.273387e-02;5.580095e-02
7.024339e-02;2.056792e-01;3.187134e-01;5.294460e-02;3.254637e-02;3.638222e-02;2.665343e-02;1.036195e-02;4.867644e-02;1.266022e-01;6.794867e-03;6.440202e-02
2.504895e-02;2.292706e-01;2.980807e-01;7.072048e-02;3.011300e-02;5.780367e-02;1.419090e-02;9.644866e-03;4.922071e-02;9.373017e-02;8.493726e-03;1.136822e-01
2.556569e-02;2.899816e-01;2.264513e-01;1.191845e-01;1.857518e-02;7.285246e-02;9.262307e-03;9.263115e-03;5.993464e-02;3.717634e-02;9.232385e-03;1.225204e-01
3.315030e-02;3.482943e-01;1.746165e-01;1.529671e-01;1.206050e-02;7.314911e-02;1.149593e-02;1.112244e-02;6.700901e-02;1.129968e-02;1.950559e-02;8.532961e-02
7.049486e-02;3.620098e-01;1.249501e-01;1.430428e-01;2.648871e-02;5.639269e-02;2.539000e-02;2.920032e-02;6.700665e-02;9.703865e-03;5.129663e-02;3.402348e-02
1.438077e-01;2.955174e-01;6.244223e-02;6.600179e-02;1.108613e-01;2.828347e-02;4.051735e-02;6.297495e-02;4.555127e-02;1.980104e-02;1.081797e-01;1.606175e-02
1.967445e-01;1.728276e-01;1.230246e-01;2.849932e-02;1.901715e-01;1.801170e-02;3.334033e-02;8.208216e-02;2.405968e-02;1.398837e-02;9.299804e-02;2.425217e-02
2.218951e-01;9.541028e-02;1.493244e-01;2.575327e-02;2.251752e-01;1.888422e-02;2.748163e-02;8.961564e-02;2.700634e-02;1.743665e-02;6.755970e-02;3.445767e-02
1.800821e-01;1.034752e-01;1.750501e-01;2.629325e-02;2.136019e-01;3.343470e-02;2.401602e-02;8.653811e-02;2.647677e-02;2.606071e-02;4.133508e-02;6.363595e-02
8.673939e-02;1.137075e-01;1.604787e-01;2.310037e-02;1.642144e-01;3.826330e-02;5.284922e-02;6.175546e-02;7.690196e-02;4.646739e-02;6.496687e-02;1.105555e-01
7.181433e-02;1.134982e-01;1.426309e-01;2.745437e-02;9.530599e-02;5.390970e-02;6.289335e-02;6.442069e-02;1.014201e-01;3.970965e-02;1.451006e-01;8.184209e-02
5.842509e-02;1.209645e-01;1.525110e-01;4.079030e-02;5.524015e-02;8.576051e-02;5.278401e-02;7.485412e-02;8.478848e-02;4.587359e-02;1.764167e-01;5.159150e-02
4.861972e-02;1.296976e-01;1.164460e-01;8.362482e-02;5.602559e-02;1.021460e-01;3.786715e-02;8.959373e-02;8.158740e-02;6.899322e-02;1.516955e-01;3.370319e-02
6.270141e-02;1.363017e-01;6.114895e-02;9.619504e-02;7.458141e-02;8.245712e-02;2.954210e-02;1.338664e-01;1.112877e-01;9.199435e-02;8.688615e-02;3.303773e-02
8.820774e-02;1.163470e-01;9.056734e-02;7.262779e-02;9.109837e-02;4.354651e-02;2.519010e-02;1.164383e-01;1.608156e-01;8.173534e-02;5.921834e-02;5.420749e-02
8.482274e-02;7.502802e-02;1.120502e-01;3.638518e-02;6.721321e-02;3.993084e-02;5.301695e-02;9.920934e-02;1.939158e-01;7.891584e-02;1.039680e-01;5.554390e-02
8.788129e-02;1.247511e-01;1.116551e-01;4.458841e-02;3.654791e-02;3.186093e-02;5.675711e-02;1.556440e-01;1.849723e-01;5.450801e-02;7.352521e-02;3.730855e-02
9.581678e-02;1.212973e-01;9.116131e-02;4.671317e-02;2.823530e-02;3.939994e-02;3.596732e-02;2.407895e-01;1.837488e-01;2.908909e-02;4.994132e-02;3.784010e-02
6.547809e-02;7.692608e-02;7.754651e-02;5.354532e-02;2.824452e-02;7.539833e-02;2.140203e-02;3.472732e-01;1.564199e-01;3.349363e-02;3.049203e-02;3.378033e-02
3.922057e-02;5.910696e-02;1.036695e-01;5.083453e-02;3.649822e-02;5.222144e-02;2.917025e-02;4.230528e-01;1.060274e-01;3.124830e-02;2.472161e-02;4.422833e-02
6.196671e-02;5.617513e-02;1.115626e-01;5.686159e-02;3.604525e-02;9.320123e-02;3.621595e-02;3.958713e-01;6.006791e-02;1.683832e-02;3.988792e-02;3.530614e-02
4.052523e-02;5.779731e-02;1.078621e-01;9.476996e-02;5.971840e-02;1.264684e-01;5.975001e-02;3.434227e-01;5.032778e-02;8.771273e-03;3.426400e-02;1.632284e-02
2.423662e-02;6.843954e-02;1.382633e-01;9.780312e-02;7.450201e-02;1.588574e-01;1.074037e-01;2.449209e-01;3.914802e-02;9.455671e-03;2.216459e-02;1.480502e-02
2.313279e-02;6.480995e-02;1.637993e-01;1.237804e-01;4.881775e-02;2.283246e-01;1.161957e-01;1.512183e-01;3.947897e-02;9.731527e-03;9.447085e-03;2.126360e-02
2.753650e-02;6.624509e-02;1.458330e-01;2.248334e-01;5.924980e-02;2.279243e-01;6.711225e-02;9.499578e-02;4.334374e-02;1.796736e-02;5.689783e-03;1.926905e-02
3.208110e-02;5.158514e-02;6.850976e-02;2.663215e-01;1.019780e-01;2.175751e-01;4.641462e-02;8.591040e-02;6.749748e-02;4.597004e-02;6.059923e-03;1.009694e-02
3.645885e-02;3.304661e-02;3.031530e-02;2.092299e-01;1.180127e-01;2.489929e-01;6.818927e-02;7.586517e-02;9.874190e-02;7.106852e-02;3.672951e-03;6.405903e-03
4.020069e-02;5.805862e-02;2.795250e-02;9.382802e-02;1.084598e-01;2.936538e-01;6.235730e-02;1.333187e-01;1.018908e-01;6.392264e-02;6.092367e-03;1.026484e-02
4.604531e-02;6.822772e-02;8.568803e-02;5.827214e-02;9.589808e-02;3.348851e-01;3.716923e-02;1.171253e-01;7.201484e-02;4.864012e-02;1.530737e-02;2.072674e-02
4.273637e-02;3.562456e-02;1.656109e-01;1.744504e-01;5.328296e-02;2.670368e-01;2.310837e-02;4.666846e-02;7.221777e-02;7.097003e-02;1.511786e-02;3.317548e-02
2.372826e-02;4.183025e-02;1.487137e-01;2.784533e-01;5.901820e-02;1.720033e-01;2.602393e-02;5.087040e-02;9.899078e-02;6.015189e-02;8.799649e-03;3.141620e-02
1.768110e-02;3.232609e-02;9.205911e-02;3.082290e-01;8.193643e-02;1.611128e-01;3.431417e-02;8.696657e-02;9.998949e-02;4.455072e-02;6.509481e-03;3.432507e-02
2.998891e-02;1.301390e-02;6.691365e-02;2.786566e-01;1.028768e-01;1.719944e-01;4.908784e-02;1.144619e-01;8.956083e-02;2.397752e-02;9.466022e-03;5.000171e-02
4.399197e-02;7.697986e-02;1.141325e-01;1.653479e-01;1.005972e-01;1.820125e-01;5.466917e-02;8.766441e-02;6.478890e-02;2.116934e-02;2.185613e-02;6.679007e-02
3.683484e-02;8.834300e-02;1.665503e-01;9.612836e-02;5.351920e-02;2.221150e-01;2.591086e-02;1.358292e-01;6.916716e-02;2.944352e-02;2.911020e-02;4.704834e-02
3.206324e-02;9.207289e-02;1.705092e-01;9.766351e-02;2.696998e-02;2.497275e-01;1.516343e-02;1.874017e-01;5.566869e-02;2.244350e-02;3.059163e-02;1.972480e-02
3.369794e-02;1.001579e-01;1.778276e-01;5.589354e-02;2.351780e-02;3.241791e-01;1.476922e-02;1.737310e-01;3.220018e-02;1.767056e-02;3.282970e-02;1.352536e-02
3.906026e-02;1.019594e-01;2.314410e-01;6.669562e-02;3.333103e-02;2.601042e-01;1.644762e-02;1.110727e-01;5.723337e-02;1.747873e-02;3.285129e-02;3.232478e-02
4.444157e-02;9.992471e-02;3.326947e-01;9.042728e-02;2.901289e-02;1.132213e-01;3.145328e-02;1.035061e-01;5.971180e-02;2.100405e-02;3.073656e-02;4.386575e-02
4.891486e-02;1.199883e-01;3.669646e-01;6.744277e-02;2.429928e-02;1.430047e-01;3.100644e-02;7.638684e-02;4.256578e-02;2.394109e-02;2.506849e-02;3.041693e-02
5.518067e-02;1.774084e-01;3.065522e-01;3.895577e-02;2.438533e-02;9.264874e-02;3.167358e-02;1.249437e-01;8.167165e-02;1.145128e-02;2.174336e-02;3.338534e-02
6.003126e-02;1.467873e-01;1.670409e-01;4.248042e-02;3.078288e-02;1.351452e-01;4.754663e-02;1.668881e-01;9.771856e-02;2.169515e-02;4.059534e-02;4.328820e-02
5.244820e-02;1.414956e-01;2.014946e-01;6.080161e-02;3.604871e-02;6.561228e-02;5.605046e-02;1.370988e-01;8.002218e-02;3.007828e-02;6.242073e-02;7.642853e-02
4.636577e-02;1.346301e-01;1.897887e-01;6.859662e-02;3.939407e-02;1.772744e-01;5.498940e-02;7.175378e-02;3.961553e-02;3.108235e-02;6.333464e-02;8.317469e-02
3.604181e-02;1.069725e-01;1.625763e-01;9.171032e-02;6.897030e-02;1.399347e-01;5.116769e-02;8.844502e-02;4.918564e-02;3.646718e-02;8.218142e-02;8.634713e-02
2.926492e-02;1.248932e-01;1.760628e-01;1.205478e-01;8.251021e-02;1.094626e-01;3.782184e-02;7.673936e-02;4.176578e-02;3.694665e-02;8.468440e-02;7.930049e-02
3.502434e-02;1.261437e-01;1.643174e-01;9.688093e-02;7.327768e-02;1.762900e-01;2.475687e-02;7.532881e-02;4.229267e-02;3.208867e-02;6.816746e-02;8.543138e-02
4.366355e-02;1.186536e-01;1.459263e-01;7.441763e-02;5.459576e-02;1.800558e-01;3.712932e-02;1.046631e-01;7.511846e-02;4.136465e-02;5.302064e-02;7.139124e-02
4.423159e-02;1.385856e-01;1.525859e-01;5.547284e-02;5.102179e-02;1.506119e-01;4.343784e-02;1.306595e-01;9.393249e-02;4.819062e-02;4.576838e-02;4.550156e-02
