8.688464e-02;8.270928e-02;8.918626e-02;1.215563e-01;1.331409e-01;5.039530e-02;8.020043e-02;7.133257e-02;5.463515e-02;1.097810e-01;3.588050e-02;8.429768e-02
6.503374e-02;1.162175e-01;7.974420e-02;9.439467e-02;1.174287e-01;1.431448e-01;5.277956e-02;6.310112e-02;5.481096e-02;1.034684e-01;2.478218e-02;8.509415e-02
2.878292e-02;1.559504e-01;7.845975e-02;4.657619e-02;7.313187e-02;2.413661e-01;3.192312e-02;5.365567e-02;6.585407e-02;9.572210e-02;1.507140e-02;1.135064e-01
1.547459e-02;1.787384e-01;1.170283e-01;2.175678e-02;5.613377e-02;2.383168e-01;3.507487e-02;5.463565e-02;6.221236e-02;8.169333e-02;2.054627e-02;1.183888e-01
3.583399e-02;1.834213e-01;1.573002e-01;2.715806e-02;5.606854e-02;1.536860e-01;6.146777e-02;5.768920e-02;5.605036e-02;1.115310e-01;2.308988e-02;7.670382e-02
6.024526e-02;1.500000e-01;2.116759e-01;4.715653e-02;4.154059e-02;8.006331e-02;1.042370e-01;4.176979e-02;4.849626e-02;1.383812e-01;2.736604e-02;4.906809e-02
7.854915e-02;1.327948e-01;1.959300e-01;6.657891e-02;6.240584e-02;8.488013e-02;1.095226e-01;2.598187e-02;3.073408e-02;1.110022e-01;2.763592e-02;7.398447e-02
6.789036e-02;1.892733e-01;1.404571e-01;9.163831e-02;8.064096e-02;8.577633e-02;7.807737e-02;4.556811e-02;2.546338e-02;8.390851e-02;2.130984e-02;8.999644e-02
4.320978e-02;2.318383e-01;1.067216e-01;8.200153e-02;7.121428e-02;2.011663e-01;5.902137e-02;4.333773e-02;3.822434e-02;3.524808e-02;1.819107e-02;6.982563e-02
2.275387e-02;2.131683e-01;1.127861e-01;4.721281e-02;9.983739e-02;2.832915e-01;4.226444e-02;3.049851e-02;3.281356e-02;2.300508e-02;2.805249e-02;6.431597e-02
2.917317e-02;1.447817e-01;1.210358e-01;6.134155e-02;9.560803e-02;3.163851e-01;3.466534e-02;3.115954e-02;3.243460e-02;4.143134e-02;3.404150e-02;5.794230e-02
5.357796e-02;8.589911e-02;1.049297e-01;9.060396e-02;8.211277e-02;2.673477e-01;5.332779e-02;3.400233e-02;4.736145e-02;6.658348e-02;3.636234e-02;7.789144e-02
5.710172e-02;9.587914e-02;8.321135e-02;8.359648e-02;7.536851e-02;1.668398e-01;6.584746e-02;7.023066e-02;8.634079e-02;8.793142e-02;3.468365e-02;9.296895e-02
8.452477e-02;6.138283e-02;4.856869e-02;4.834382e-02;4.741109e-02;2.438410e-01;1.062017e-01;1.439929e-01;8.242711e-02;6.399568e-02;2.012495e-02;4.918547e-02
1.352790e-01;4.164940e-02;2.949808e-02;3.995646e-02;3.837165e-02;3.174056e-01;9.918602e-02;1.524506e-01;4.908902e-02;4.575658e-02;1.585414e-02;3.550346e-02
1.747101e-01;3.203833e-02;3.815262e-02;2.888481e-02;3.343901e-02;3.610514e-01;8.443714e-02;1.360360e-01;2.168360e-02;3.480154e-02;1.505939e-02;3.970606e-02
1.751764e-01;2.586390e-02;5.871537e-02;2.640916e-02;6.596261e-02;3.345917e-01;6.733672e-02;9.730665e-02;2.210636e-02;2.681503e-02;1.285444e-02;8.686168e-02
1.161740e-01;3.168444e-02;8.425737e-02;4.444116e-02;1.215835e-01;2.708373e-01;5.233475e-02;5.027167e-02;4.190600e-02;2.342931e-02;1.279383e-02;1.502867e-01
1.096435e-01;3.116694e-02;7.794502e-02;3.866887e-02;1.284730e-01;3.015057e-01;5.060818e-02;3.140314e-02;5.594643e-02;2.183648e-02;9.388827e-03;1.434139e-01
1.198171e-01;4.040783e-02;5.558498e-02;3.760028e-02;8.645675e-02;3.314798e-01;7.672821e-02;8.537373e-02;5.437936e-02;2.333277e-02;1.143659e-02;7.740262e-02
1.033785e-01;5.573144e-02;5.874965e-02;3.008218e-02;6.145172e-02;3.058454e-01;8.254562e-02;1.457991e-01;6.723224e-02;3.439638e-02;1.871819e-02;3.606955e-02
8.391941e-02;6.750498e-02;8.674217e-02;3.527155e-02;7.114697e-02;2.795258e-01;7.350275e-02;1.545381e-01;7.595912e-02;2.707819e-02;2.177236e-02;2.303859e-02
8.509916e-02;9.723883e-02;1.217511e-01;6.861953e-02;9.810919e-02;2.078128e-01;6.778543e-02;8.258502e-02;5.643219e-02;4.404518e-02;1.893182e-02;5.158977e-02
1.025471e-01;1.480346e-01;1.591457e-01;5.235504e-02;7.254674e-02;1.793552e-01;6.374025e-02;6.557743e-02;3.559823e-02;5.485332e-02;1.186957e-02;5.437686e-02
6.895682e-02;1.634316e-01;1.727396e-01;3.589159e-02;6.373132e-02;2.006058e-01;7.029570e-02;5.043387e-02;5.474678e-02;5.231562e-02;1.856764e-02;4.828371e-02
8.006103e-02;1.261367e-01;1.487517e-01;4.058014e-02;9.648476e-02;2.151606e-01;6.957594e-02;6.047741e-02;5.140869e-02;4.333259e-02;2.202099e-02;4.600935e-02
1.202625e-01;1.271171e-01;1.359591e-01;4.048246e-02;1.025776e-01;2.285384e-01;4.974634e-02;5.066448e-02;4.353265e-02;3.900843e-02;1.693509e-02;4.517575e-02
1.353574e-01;1.207091e-01;1.118432e-01;2.541803e-02;9.080611e-02;2.673013e-01;4.762084e-02;5.789988e-02;2.880908e-02;2.403841e-02;1.332060e-02;7.687605e-02
1.156393e-01;9.357005e-02;1.018653e-01;3.855437e-02;9.670922e-02;2.575224e-01;5.196244e-02;6.945683e-02;2.323522e-02;3.757956e-02;9.269345e-03;1.046360e-01
8.790385e-02;9.167153e-02;1.151703e-01;3.177489e-02;1.033162e-01;2.723189e-01;4.718068e-02;5.991377e-02;3.056639e-02;3.961320e-02;9.665340e-03;1.109051e-01
7.679480e-02;8.826982e-02;1.051488e-01;2.984446e-02;8.711397e-02;3.189189e-01;4.066925e-02;7.176829e-02;4.957725e-02;2.323525e-02;1.390482e-02;9.475426e-02
6.302038e-02;9.224746e-02;9.573479e-02;3.101824e-02;6.210925e-02;3.653058e-01;2.466719e-02;8.845682e-02;5.849018e-02;2.456859e-02;1.957318e-02;7.480817e-02
3.380219e-02;8.225589e-02;8.466258e-02;4.283723e-02;4.776070e-02;3.502102e-01;4.706896e-02;1.296945e-01;7.063698e-02;4.224643e-02;1.973464e-02;4.908965e-02
3.180005e-02;5.551244e-02;5.793592e-02;6.418517e-02;5.027856e-02;3.130589e-01;2.865851e-02;1.873166e-01;7.632587e-02;3.129611e-02;2.972179e-02;7.391002e-02
4.009913e-02;6.973191e-02;1.162185e-01;1.003991e-01;6.913216e-02;2.750216e-01;2.002147e-02;1.251702e-01;5.130312e-02;3.236341e-02;5.709891e-02;4.344046e-02
5.412936e-02;7.551194e-02;2.129345e-01;1.418658e-01;7.311523e-02;1.718509e-01;3.141012e-02;7.554155e-02;3.037136e-02;2.874299e-02;8.102885e-02;2.349725e-02
4.521525e-02;8.701612e-02;2.861137e-01;1.546159e-01;4.622194e-02;1.132014e-01;3.145219e-02;6.583320e-02;3.033118e-02;3.666545e-02;6.389294e-02;3.944071e-02
3.985891e-02;7.905765e-02;3.042509e-01;1.171629e-01;3.658794e-02;1.502159e-01;4.785614e-02;6.238252e-02;4.673342e-02;3.407994e-02;3.559719e-02;4.621661e-02
4.861574e-02;6.989969e-02;3.267060e-01;7.455874e-02;3.532547e-02;1.857385e-01;6.863116e-02;5.068953e-02;3.331514e-02;3.956565e-02;3.504498e-02;3.190939e-02
4.825870e-02;9.747274e-02;3.707811e-01;7.189407e-02;3.241273e-02;1.598178e-01;6.852566e-02;2.364152e-02;2.244774e-02;6.821266e-02;2.280806e-02;1.372722e-02
5.767904e-02;1.282449e-01;4.122125e-01;5.345432e-02;4.366448e-02;1.264989e-01;3.963188e-02;2.694309e-02;1.886181e-02;7.671917e-02;9.036827e-03;7.053104e-03
4.934708e-02;1.539029e-01;4.903749e-01;2.558134e-02;3.623751e-02;8.083797e-02;1.773170e-02;3.747547e-02;1.964871e-02;7.177788e-02;3.973795e-03;1.311077e-02
2.587521e-02;1.526855e-01;4.938011e-01;2.608341e-02;6.027610e-02;4.784458e-02;3.041655e-02;3.675270e-02;1.835971e-02;8.486724e-02;4.286974e-03;1.875091e-02
2.036572e-02;1.284741e-01;4.355977e-01;2.993602e-02;1.229399e-01;3.585863e-02;3.420101e-02;2.614011e-02;2.150505e-02;1.206114e-01;5.927417e-03;1.844293e-02
2.077203e-02;1.012056e-01;3.754443e-01;2.757392e-02;1.713786e-01;3.445341e-02;6.300176e-02;2.108377e-02;2.174102e-02;1.435499e-01;5.559203e-03;1.423646e-02
1.790932e-02;7.879108e-02;3.339048e-01;2.372503e-02;1.858829e-01;4.660759e-02;1.048201e-01;2.477391e-02;2.008064e-02;1.467526e-01;8.311946e-03;8.440087e-03
2.549571e-02;6.316158e-02;3.054762e-01;3.681313e-02;1.727978e-01;6.089249e-02;1.304844e-01;2.628443e-02;2.963824e-02;1.316855e-01;1.109845e-02;6.172089e-03
3.711389e-02;5.794060e-02;2.657249e-01;8.740911e-02;1.311286e-01;9.316988e-02;1.057718e-01;2.199906e-02;6.841286e-02;9.516484e-02;2.974170e-02;6.422763e-03
4.227468e-02;3.444799e-02;2.096458e-01;1.725704e-01;8.120845e-02;1.128911e-01;6.579427e-02;3.891722e-02;1.098821e-01;5.672824e-02;6.771635e-02;7.923515e-03
2.841918e-02;3.897769e-02;1.981738e-01;2.586000e-01;4.880964e-02;1.049345e-01;3.718542e-02;5.402621e-02;9.064816e-02;2.766762e-02;1.057785e-01;6.779312e-03
1.419479e-02;5.258492e-02;1.705199e-01;2.933075e-01;4.338875e-02;1.204678e-01;3.298841e-02;8.876617e-02;3.890740e-02;2.210291e-02;1.143296e-01;8.441861e-03
2.718481e-02;6.503046e-02;1.753703e-01;2.694088e-01;6.175708e-02;1.194355e-01;2.737228e-02;9.914585e-02;2.450357e-02;2.061660e-02;8.862058e-02;2.155424e-02
4.133943e-02;6.814656e-02;2.153446e-01;1.633678e-01;9.143811e-02;1.253341e-01;3.529592e-02;7.531276e-02;4.877995e-02;4.739058e-02;5.569916e-02;3.255107e-02
3.630859e-02;1.124532e-01;1.798110e-01;1.234296e-01;1.143181e-01;1.134175e-01;3.710667e-02;6.601346e-02;3.512574e-02;6.644148e-02;7.642666e-02;3.914798e-02
2.150692e-02;1.555424e-01;1.377774e-01;1.503337e-01;1.306233e-01;1.038592e-01;3.026119e-02;6.162079e-02;1.382502e-02;6.054154e-02;7.717475e-02;5.693373e-02
1.375797e-02;2.037692e-01;1.170003e-01;1.338961e-01;1.262252e-01;7.521573e-02;2.829546e-02;6.815664e-02;7.265700e-03;5.884980e-02;1.036902e-01;6.387762e-02
1.508331e-02;1.921733e-01;9.922068e-02;1.380422e-01;7.785437e-02;4.976657e-02;1.809417e-02;1.198823e-01;7.143246e-03;4.328471e-02;1.928196e-01;4.663558e-02
1.706937e-02;1.259969e-01;5.276717e-02;1.673104e-01;5.765511e-02;5.900789e-02;2.101693e-02;1.445315e-01;9.127333e-03;4.623237e-02;2.663898e-01;3.289526e-02
1.636184e-02;7.976505e-02;8.074504e-02;1.853330e-01;6.563361e-02;5.446744e-02;3.587297e-02;1.232080e-01;9.935076e-03;6.903486e-02;2.638035e-01;1.583974e-02
2.143995e-02;8.136877e-02;1.513686e-01;1.699373e-01;1.009539e-01;6.967761e-02;4.911467e-02;6.911638e-02;1.370191e-02;7.702425e-02;1.658293e-01;3.046730e-02
3.412069e-02;1.053363e-01;2.154853e-01;1.708441e-01;1.341584e-01;6.291043e-02;4.306224e-02;4.132746e-02;1.717322e-02;6.844930e-02;9.227351e-02;1.485898e-02
2.694761e-02;1.347268e-01;2.111909e-01;1.974621e-01;6.656808e-02;1.019280e-01;2.942980e-02;4.283135e-02;1.539598e-02;5.428809e-02;9.367011e-02;2.556118e-02
2.444458e-02;1.627022e-01;1.544313e-01;1.804222e-01;7.153221e-02;1.378173e-01;3.868939e-02;4.467699e-02;2.394900e-02;4.879681e-02;8.629048e-02;2.624752e-02
2.668285e-02;1.647678e-01;1.558705e-01;1.710691e-01;9.618724e-02;1.405331e-01;3.082882e-02;3.752799e-02;3.061411e-02;4.933500e-02;8.400072e-02;1.258275e-02
3.566684e-02;1.601104e-01;2.021897e-01;1.472622e-01;9.208336e-02;1.053451e-01;4.239690e-02;4.954007e-02;2.350835e-02;3.732798e-02;7.538410e-02;2.918509e-02
4.488374e-02;1.458724e-01;1.873955e-01;9.888053e-02;1.408271e-01;1.337804e-01;5.210364e-02;5.478093e-02;2.114767e-02;2.643992e-02;6.798219e-02;2.590594e-02
4.165924e-02;1.069125e-01;1.827422e-01;1.570158e-01;1.518006e-01;1.273697e-01;3.649269e-02;5.067282e-02;2.344295e-02;3.481774e-02;7.293705e-02;1.413671e-02
4.120557e-02;8.310650e-02;1.668173e-01;1.751166e-01;1.253533e-01;8.903845e-02;2.398721e-02;5.401903e-02;2.715638e-02;5.422537e-02;1.138213e-01;4.615297e-02
5.660576e-02;1.009646e-01;1.141026e-01;1.007891e-01;7.406338e-02;1.431907e-01;7.018991e-02;8.802874e-02;4.998953e-02;3.778525e-02;1.059444e-01;5.834613e-02
8.430398e-02;8.316631e-02;8.872852e-02;5.310478e-02;5.381744e-02;1.954905e-01;8.950898e-02;1.200076e-01;6.270278e-02;3.166916e-02;4.383162e-02;9.366832e-02
6.653285e-02;5.319031e-02;6.557494e-02;7.737371e-02;5.911616e-02;1.567656e-01;6.422679e-02;1.315092e-01;6.197842e-02;3.051606e-02;1.299473e-01;1.032687e-01
3.907624e-02;3.795470e-02;8.407129e-02;1.363234e-01;3.918120e-02;7.456794e-02;3.961053e-02;1.300507e-01;5.245082e-02;4.025716e-02;2.577544e-01;6.870152e-02
5.485341e-02;4.680915e-02;1.453970e-01;1.539151e-01;1.677874e-02;1.485840e-02;4.566414e-02;8.996412e-02;4.602769e-02;6.606977e-02;3.022494e-01;1.741297e-02
1.119161e-01;4.890587e-02;1.837096e-01;1.004871e-01;2.367783e-02;2.469035e-02;8.738575e-02;3.196120e-02;5.002899e-02;1.348579e-01;1.849478e-01;1.743143e-02
1.374234e-01;4.265943e-02;1.852213e-01;5.037785e-02;3.051393e-02;2.956023e-02;1.248892e-01;2.077667e-02;5.773336e-02;2.141179e-01;8.998853e-02;1.673821e-02
1.235262e-01;4.717046e-02;1.792998e-01;4.022158e-02;5.220733e-02;2.083694e-02;1.459970e-01;1.933560e-02;5.895843e-02;2.620276e-01;4.006782e-02;1.035123e-02
7.526341e-02;7.404034e-02;1.952154e-01;4.476286e-02;8.966049e-02;1.783240e-02;1.302482e-01;1.732729e-02;5.293968e-02;2.561086e-01;3.750950e-02;9.091913e-03
2.157741e-02;1.196359e-01;2.597052e-01;2.357287e-02;1.471013e-01;2.401705e-02;9.344079e-02;2.648182e-02;2.596915e-02;2.164751e-01;3.321826e-02;8.805096e-03
2.126797e-02;1.843735e-01;2.824110e-01;2.092786e-02;1.484730e-01;3.397460e-02;6.220058e-02;4.275419e-02;2.151134e-02;1.436498e-01;3.153693e-02;6.919303e-03
2.638339e-02;2.596468e-01;3.145144e-01;2.729341e-02;8.151778e-02;3.372800e-02;5.860101e-02;5.511165e-02;2.434291e-02;7.989014e-02;3.544866e-02;3.521884e-03
4.068278e-02;2.388956e-01;3.714222e-01;3.427705e-02;3.063668e-02;3.443751e-02;7.123536e-02;4.429710e-02;2.794334e-02;5.910728e-02;3.779457e-02;9.270537e-03
4.660925e-02;1.510230e-01;4.054357e-01;3.669489e-02;3.115413e-02;3.468616e-02;8.177087e-02;3.822380e-02;2.727926e-02;7.001206e-02;5.443239e-02;2.267841e-02
3.835867e-02;1.220571e-01;4.267538e-01;4.187099e-02;3.913050e-02;3.372692e-02;7.310162e-02;4.334466e-02;1.977207e-02;8.457595e-02;5.224622e-02;2.506154e-02
3.817008e-02;1.808625e-01;3.794788e-01;5.286030e-02;6.071388e-02;5.741114e-02;4.696109e-02;3.190479e-02;2.045641e-02;7.622322e-02;3.430943e-02;2.064841e-02
3.668191e-02;2.551579e-01;3.003469e-01;4.704343e-02;6.073610e-02;7.490321e-02;3.016817e-02;1.855361e-02;2.480292e-02;8.458678e-02;4.456331e-02;2.245577e-02
4.762342e-02;2.751461e-01;2.920348e-01;5.404717e-02;5.966160e-02;4.147017e-02;4.372268e-02;3.125222e-02;2.832535e-02;8.382183e-02;1.924717e-02;2.364746e-02
5.091635e-02;1.788510e-01;2.802526e-01;5.388829e-02;5.468051e-02;3.776149e-02;6.451462e-02;5.077324e-02;2.742511e-02;1.139124e-01;6.709934e-02;1.992503e-02
4.664821e-02;1.209288e-01;2.464932e-01;8.910395e-02;5.122546e-02;3.497995e-02;5.116483e-02;5.798016e-02;2.390835e-02;1.506305e-01;1.132607e-01;1.367591e-02
4.266257e-02;1.186391e-01;2.524751e-01;1.145944e-01;6.029729e-02;6.184533e-02;4.106726e-02;5.344903e-02;2.749967e-02;1.160408e-01;8.182870e-02;2.960066e-02
6.823885e-02;1.950547e-01;2.769910e-01;9.359497e-02;4.642080e-02;5.102380e-02;5.268718e-02;5.327819e-02;3.698210e-02;5.011271e-02;5.607299e-02;1.954271e-02
7.538816e-02;1.607865e-01;2.751828e-01;7.846101e-02;4.731221e-02;6.715932e-02;4.697954e-02;7.142624e-02;3.657803e-02;9.035978e-02;3.307646e-02;1.728991e-02
5.456216e-02;1.556081e-01;3.518080e-01;7.565550e-02;4.702893e-02;7.099925e-02;3.458622e-02;5.247777e-02;2.956812e-02;8.701012e-02;1.923248e-02;2.146344e-02
3.932371e-02;2.326621e-01;3.875590e-01;6.282520e-02;4.044627e-02;5.342039e-02;2.847333e-02;3.376612e-02;3.109526e-02;6.473503e-02;1.097871e-02;1.471492e-02
3.632849e-02;2.628663e-01;4.204739e-01;5.411661e-02;3.397116e-02;6.021882e-02;2.268996e-02;2.438573e-02;2.001821e-02;3.855877e-02;1.776910e-02;8.602937e-03
3.428778e-02;2.724876e-01;4.369604e-01;5.463755e-02;2.383671e-02;6.806833e-02;1.553640e-02;2.212251e-02;1.551362e-02;3.191660e-02;9.171619e-03;1.546087e-02
4.553086e-02;2.706693e-01;3.790123e-01;4.778794e-02;1.464883e-02;5.271013e-02;1.874653e-02;3.101072e-02;1.924320e-02;6.044316e-02;3.851350e-02;2.168351e-02
3.978329e-02;2.834179e-01;2.688172e-01;4.153520e-02;9.390036e-03;6.723213e-02;2.096885e-02;3.641546e-02;5.010943e-02;9.996270e-02;5.857155e-02;2.379640e-02
3.337889e-02;2.864631e-01;2.536233e-01;3.598001e-02;2.136233e-02;6.849518e-02;2.286652e-02;4.565293e-02;7.433573e-02;8.565865e-02;4.799102e-02;2.419227e-02
4.104277e-02;3.151653e-01;3.183891e-01;3.584691e-02;2.037778e-02;6.242886e-02;1.920676e-02;4.101484e-02;6.685204e-02;3.928765e-02;1.771139e-02;2.267673e-02
4.701518e-02;3.363082e-01;3.331630e-01;3.231553e-02;1.920390e-02;4.659158e-02;1.425500e-02;3.347499e-02;5.174550e-02;5.610545e-02;1.083889e-02;1.898284e-02
4.719352e-02;3.410795e-01;3.449090e-01;2.882121e-02;1.380208e-02;5.420490e-02;1.090495e-02;3.072894e-02;4.557420e-02;5.876991e-02;9.099167e-03;1.491261e-02
4.262269e-02;3.208866e-01;3.964695e-01;1.599860e-02;1.618612e-02;7.453194e-02;8.404801e-03;3.419576e-02;3.850686e-02;2.780351e-02;1.882330e-02;5.570219e-03
3.307768e-02;3.030681e-01;4.366443e-01;2.805086e-02;1.311704e-02;4.646913e-02;1.262157e-02;2.545450e-02;2.973255e-02;4.820369e-02;1.580399e-02;7.756614e-03
1.924402e-02;2.532561e-01;5.055506e-01;3.830674e-02;1.606492e-02;2.948193e-02;1.626185e-02;2.186321e-02;1.121016e-02;6.793580e-02;1.535066e-02;5.473977e-03
1.767568e-02;2.032682e-01;5.395012e-01;2.447931e-02;2.104972e-02;1.416536e-02;2.798774e-02;1.683316e-02;1.519220e-02;8.784763e-02;2.699181e-02;5.008059e-03
2.830075e-02;1.475345e-01;4.891416e-01;6.605359e-02;1.986671e-02;2.300324e-02;3.460670e-02;1.033548e-02;1.700646e-02;8.453064e-02;7.239056e-02;7.229651e-03
3.648202e-02;9.119010e-02;3.632347e-01;2.217246e-01;2.696275e-02;2.365959e-02;2.642586e-02;1.475571e-02;1.391326e-02;4.261189e-02;1.296832e-01;9.356280e-03
2.818506e-02;5.663843e-02;1.525712e-01;4.008240e-01;8.969043e-02;3.133299e-02;1.361305e-02;3.244741e-02;1.388593e-02;1.816351e-02;1.522601e-01;1.038791e-02
1.292919e-02;4.883926e-02;1.427253e-01;3.457949e-01;1.459631e-01;6.519921e-02;2.163989e-02;4.706316e-02;1.815920e-02;2.461565e-02;1.179738e-01;9.097390e-03
1.038740e-02;4.593015e-02;1.672047e-01;2.217096e-01;1.501096e-01;9.663326e-02;3.633053e-02;5.184348e-02;5.193849e-02;4.181217e-02;7.829015e-02;4.781036e-02
1.611219e-02;4.758392e-02;1.552133e-01;1.058401e-01;1.504822e-01;1.440651e-01;3.509088e-02;3.368378e-02;9.244172e-02;5.150599e-02;5.630907e-02;1.116717e-01
6.477818e-02;6.639654e-02;1.130765e-01;8.164424e-02;1.610379e-01;2.178045e-01;1.896460e-02;2.525547e-02;7.201971e-02;3.951322e-02;2.971145e-02;1.097977e-01
1.279784e-01;7.246353e-02;1.198159e-01;8.530395e-02;7.967836e-02;2.874235e-01;1.107304e-02;5.854003e-02;3.359576e-02;5.959689e-02;1.731522e-02;4.721538e-02
1.215793e-01;6.779430e-02;1.326090e-01;7.574422e-02;3.305971e-02;3.006318e-01;2.832067e-02;8.284362e-02;2.319963e-02;9.522647e-02;1.885781e-02;2.013345e-02
7.542352e-02;9.436066e-02;1.234063e-01;6.030231e-02;4.007897e-02;2.934651e-01;6.477870e-02;8.963364e-02;3.983213e-02;8.486157e-02;1.368708e-02;2.017012e-02
2.503542e-02;1.291644e-01;1.018431e-01;4.724489e-02;4.384945e-02;2.593106e-01;1.089073e-01;1.164709e-01;8.612342e-02;4.834170e-02;1.666066e-02;1.704823e-02
2.702482e-02;1.376065e-01;9.172890e-02;2.768864e-02;4.403049e-02;2.023380e-01;1.298265e-01;1.680343e-01;1.131316e-01;3.086352e-02;1.473972e-02;1.298698e-02
4.009544e-02;1.137019e-01;1.131167e-01;2.961441e-02;3.268897e-02;2.565533e-01;1.186636e-01;1.818450e-01;8.004870e-02;1.976567e-02;7.190712e-03;6.715630e-03
4.898537e-02;1.201731e-01;1.386507e-01;2.919743e-02;2.513180e-02;2.946172e-01;9.194563e-02;1.791536e-01;3.947581e-02;1.866028e-02;6.074345e-03;7.934703e-03
5.734446e-02;1.409408e-01;1.704901e-01;2.893759e-02;2.634965e-02;2.802643e-01;6.243198e-02;1.556742e-01;2.793159e-02;2.216263e-02;1.169417e-02;1.577844e-02
5.926234e-02;1.730394e-01;2.220491e-01;5.061890e-02;2.809693e-02;1.719850e-01;5.037447e-02;1.256390e-01;2.999833e-02;3.612148e-02;2.427939e-02;2.853576e-02
4.118836e-02;2.235728e-01;2.832691e-01;5.770604e-02;5.688994e-02;1.074970e-01;4.687789e-02;7.682178e-02;3.220329e-02;3.151471e-02;1.609580e-02;2.636317e-02
2.623060e-02;2.366628e-01;3.318625e-01;3.367129e-02;5.185921e-02;1.549095e-01;4.139931e-02;4.332982e-02;2.648800e-02;1.391155e-02;2.053680e-02;1.913853e-02
1.866587e-02;2.204760e-01;3.069580e-01;6.072434e-02;5.345140e-02;1.679562e-01;4.776984e-02;3.010397e-02;3.046095e-02;1.270339e-02;2.468726e-02;2.604277e-02
2.334165e-02;1.706476e-01;2.138897e-01;9.106300e-02;4.346124e-02;2.063325e-01;6.046341e-02;7.475015e-02;4.314477e-02;2.728610e-02;1.084342e-02;3.477643e-02
3.082224e-02;1.267726e-01;1.756700e-01;5.221802e-02;3.760948e-02;2.406241e-01;4.709793e-02;1.322195e-01;6.021415e-02;3.448849e-02;3.191050e-02;3.035292e-02
5.603904e-02;8.328713e-02;1.328496e-01;2.982568e-02;1.950456e-02;3.326309e-01;4.870775e-02;1.672520e-01;5.404056e-02;3.035136e-02;2.831793e-02;1.719349e-02
5.887707e-02;6.361920e-02;1.093203e-01;4.607449e-02;5.727335e-02;3.550905e-01;3.707751e-02;1.452316e-01;4.149457e-02;2.598650e-02;1.279247e-02;4.716245e-02
3.853627e-02;5.711465e-02;1.399672e-01;9.095116e-02;8.961803e-02;2.765173e-01;4.284988e-02;1.026147e-01;2.896233e-02;3.111959e-02;4.833331e-02;5.341549e-02
2.575276e-02;1.198931e-01;1.888305e-01;1.231344e-01;8.663859e-02;1.087581e-01;7.258147e-02;1.041607e-01;2.562362e-02;4.290300e-02;6.816293e-02;3.356083e-02
3.647466e-02;1.900583e-01;1.729525e-01;9.125572e-02;5.389217e-02;1.489075e-01;6.538832e-02;1.013711e-01;2.660130e-02;4.208753e-02;5.240313e-02;1.860771e-02
6.944583e-02;1.950102e-01;1.872682e-01;3.625443e-02;2.730098e-02;2.025836e-01;3.673434e-02;1.248948e-01;3.452013e-02;2.717811e-02;3.425467e-02;2.455470e-02
6.492583e-02;1.642754e-01;2.131841e-01;4.169612e-02;3.488443e-02;1.528147e-01;8.364152e-02;1.156518e-01;3.618435e-02;3.271244e-02;3.646588e-02;2.356351e-02
3.185662e-02;1.148716e-01;1.967894e-01;6.773454e-02;5.089248e-02;1.739803e-01;1.129086e-01;1.044037e-01;3.796494e-02;4.312905e-02;3.383051e-02;3.163834e-02
3.224379e-02;1.276102e-01;1.921749e-01;4.747434e-02;3.587582e-02;2.241201e-01;9.683524e-02;1.213909e-01;4.196662e-02;4.280349e-02;2.185079e-02;1.565387e-02
3.090270e-02;1.048831e-01;2.702550e-01;4.244639e-02;2.232432e-02;1.996587e-01;7.010239e-02;1.528720e-01;4.314472e-02;2.150740e-02;1.504953e-02;2.685387e-02
3.196764e-02;9.357394e-02;1.770332e-01;6.180061e-02;3.384042e-02;1.330911e-01;1.407279e-01;1.433807e-01;5.174095e-02;3.297557e-02;3.109166e-02;6.877630e-02
3.616302e-02;8.405824e-02;1.151409e-01;8.411003e-02;3.428212e-02;1.008463e-01;1.792735e-01;1.398665e-01;4.877626e-02;4.904003e-02;2.975894e-02;9.868407e-02
7.124284e-02;5.187068e-02;7.083448e-02;1.040834e-01;3.337068e-02;6.950814e-02;1.792916e-01;1.371205e-01;4.891051e-02;8.182697e-02;1.343843e-02;1.385017e-01
8.965307e-02;2.857619e-02;4.757849e-02;1.234010e-01;2.165247e-02;4.389882e-02;1.772526e-01;9.108213e-02;3.489183e-02;9.039510e-02;2.579642e-02;2.258219e-01
5.901571e-02;3.773472e-02;4.041610e-02;1.383601e-01;1.449422e-02;3.844751e-02;2.031028e-01;3.663921e-02;2.377425e-02;6.892492e-02;2.515827e-02;3.139322e-01
3.623943e-02;3.625430e-02;7.156485e-02;1.314682e-01;1.402624e-02;5.650858e-02;1.980035e-01;4.411655e-02;2.360454e-02;3.182983e-02;4.721293e-02;3.091710e-01
3.375365e-02;2.795296e-02;1.219768e-01;9.380956e-02;2.293190e-02;7.683272e-02;1.660240e-01;4.890240e-02;5.097362e-02;2.126378e-02;1.176585e-01;2.179202e-01
3.485126e-02;2.536053e-02;1.624374e-01;4.421671e-02;2.144786e-02;1.111980e-01;1.304581e-01;4.020496e-02;8.078414e-02;2.602396e-02;2.076740e-01;1.153431e-01
4.108525e-02;2.005107e-02;1.729005e-01;2.560139e-02;2.139296e-02;1.532886e-01;8.642622e-02;3.062403e-02;8.844274e-02;5.162676e-02;2.789959e-01;2.956458e-02
3.689623e-02;2.670187e-02;1.652931e-01;2.363149e-02;2.707627e-02;2.049685e-01;4.912111e-02;2.612594e-02;6.981178e-02;7.474707e-02;2.603860e-01;3.524060e-02
4.862357e-02;3.927781e-02;1.616135e-01;1.228722e-02;2.040462e-02;2.875764e-01;3.752411e-02;2.672105e-02;4.726008e-02;8.372414e-02;1.937043e-01;4.128322e-02
5.633451e-02;4.259370e-02;1.475689e-01;2.074321e-02;3.718895e-02;3.479197e-01;4.077359e-02;3.947216e-02;3.041012e-02;6.350993e-02;1.227169e-01;5.076839e-02
5.613298e-02;3.236825e-02;1.371388e-01;2.891052e-02;9.990501e-02;3.413939e-01;3.327300e-02;4.936252e-02;3.398392e-02;3.991664e-02;8.960672e-02;5.800779e-02
5.005104e-02;4.403402e-02;1.219105e-01;4.679137e-02;1.494690e-01;2.699651e-01;4.803375e-02;5.725836e-02;4.700632e-02;3.692707e-02;6.883126e-02;5.972216e-02
4.511606e-02;5.780382e-02;9.065500e-02;8.068611e-02;1.423251e-01;2.131625e-01;6.470034e-02;5.120473e-02;7.832044e-02;3.286354e-02;6.331179e-02;7.985066e-02
3.762764e-02;6.953581e-02;8.200606e-02;6.592028e-02;9.025231e-02;1.673541e-01;7.839486e-02;9.170479e-02;1.010069e-01;4.269240e-02;5.987904e-02;1.136258e-01
4.101158e-02;8.375372e-02;9.942158e-02;5.250668e-02;7.197260e-02;1.471061e-01;6.898704e-02;9.577271e-02;9.090639e-02;6.683680e-02;6.260583e-02;1.191190e-01
4.932135e-02;8.715442e-02;1.048596e-01;4.636662e-02;9.319266e-02;1.520549e-01;3.943325e-02;8.339180e-02;1.151853e-01;7.187478e-02;5.564028e-02;1.015251e-01
2.790175e-02;7.365613e-02;1.041516e-01;3.497851e-02;1.079002e-01;1.332675e-01;3.118168e-02;9.200086e-02;1.542748e-01;8.290880e-02;7.581378e-02;8.196432e-02
2.727806e-02;6.969944e-02;1.154973e-01;3.603080e-02;1.028451e-01;1.115616e-01;4.250594e-02;8.178303e-02;1.863822e-01;7.229132e-02;8.190569e-02;7.221960e-02
2.048035e-02;5.444949e-02;1.005974e-01;6.279115e-02;8.841301e-02;1.063087e-01;5.301594e-02;1.132421e-01;2.246404e-01;4.018112e-02;5.840703e-02;7.747332e-02
4.482955e-02;5.199289e-02;8.745450e-02;9.163491e-02;5.524657e-02;1.285305e-01;5.556446e-02;1.433860e-01;2.248592e-01;2.603977e-02;3.637357e-02;5.408809e-02
4.352110e-02;6.500664e-02;1.078837e-01;1.043834e-01;1.941364e-02;1.538584e-01;4.127542e-02;1.773019e-01;1.908053e-01;2.390387e-02;3.990903e-02;3.273762e-02
3.006892e-02;6.679691e-02;1.218828e-01;7.327319e-02;4.332466e-02;1.421520e-01;2.698674e-02;2.311257e-01;1.331400e-01;2.442374e-02;6.921066e-02;3.761480e-02
2.241509e-02;5.879343e-02;1.521191e-01;4.944582e-02;2.298535e-02;1.165458e-01;4.407727e-02;2.597861e-01;1.576479e-01;2.404158e-02;7.455534e-02;1.758722e-02
1.632300e-02;4.059093e-02;1.780255e-01;3.283432e-02;3.593975e-02;1.186061e-01;4.636154e-02;2.646531e-01;1.521454e-01;2.331737e-02;5.878376e-02;3.241920e-02
1.768224e-02;6.361610e-02;2.223073e-01;5.642117e-02;3.743514e-02;1.041148e-01;3.824736e-02;2.561745e-01;9.207487e-02;1.847954e-02;4.981818e-02;4.362885e-02
1.492468e-02;9.013400e-02;1.990638e-01;6.176287e-02;3.806668e-02;1.197977e-01;4.619956e-02;2.495888e-01;5.088504e-02;1.710716e-02;5.700098e-02;5.546869e-02
2.674312e-02;9.477271e-02;1.322863e-01;5.174858e-02;3.003023e-02;1.141431e-01;2.022284e-02;2.966072e-01;8.396705e-02;1.824417e-02;4.780680e-02;8.342796e-02
2.555611e-02;1.038070e-01;1.093999e-01;4.150262e-02;4.351147e-02;1.097862e-01;2.613185e-02;3.063187e-01;1.095075e-01;1.765995e-02;3.264018e-02;7.417860e-02
2.036206e-02;1.015171e-01;1.574611e-01;3.831680e-02;6.005402e-02;1.405047e-01;2.439389e-02;2.733604e-01;6.933676e-02;1.803196e-02;3.295437e-02;6.370693e-02
9.464049e-03;8.279146e-02;1.544355e-01;3.299227e-02;5.954795e-02;1.528246e-01;3.156826e-02;2.722227e-01;7.260953e-02;1.539113e-02;4.757405e-02;6.857855e-02
9.167804e-03;1.017104e-01;1.330442e-01;2.694457e-02;3.316593e-02;1.366438e-01;3.243745e-02;2.883610e-01;8.840262e-02;1.589392e-02;6.790274e-02;6.632562e-02
2.195048e-02;1.306126e-01;1.116059e-01;2.247312e-02;2.938556e-02;1.664234e-01;3.741554e-02;2.325843e-01;7.313603e-02;2.387293e-02;8.882525e-02;6.171489e-02
3.072375e-02;1.330279e-01;8.613618e-02;1.810065e-02;2.900732e-02;2.274766e-01;5.592432e-02;2.028040e-01;5.987641e-02;1.814711e-02;8.462346e-02;5.415236e-02
2.800506e-02;1.099412e-01;6.068040e-02;1.829852e-02;1.845051e-02;2.708884e-01;6.202684e-02;2.079651e-01;9.716367e-02;1.999755e-02;6.349573e-02;4.308704e-02
2.834896e-02;9.478617e-02;1.087898e-01;3.445929e-02;3.083421e-02;2.892862e-01;7.187577e-02;1.275076e-01;9.458505e-02;2.897838e-02;3.848541e-02;5.206314e-02
2.982812e-02;9.987159e-02;1.770617e-01;5.120932e-02;4.648719e-02;2.307440e-01;9.499431e-02;1.120678e-01;5.549255e-02;3.106320e-02;2.437465e-02;4.680556e-02
3.098069e-02;9.158510e-02;1.588839e-01;5.099376e-02;4.494886e-02;1.616141e-01;9.964959e-02;2.113681e-01;7.469752e-02;2.301976e-02;3.467151e-02;1.758706e-02
2.454990e-02;6.757277e-02;1.250678e-01;3.435070e-02;3.088195e-02;2.805871e-01;7.359533e-02;2.121372e-01;4.445164e-02;2.519724e-02;4.060722e-02;4.100113e-02
2.325294e-02;5.980174e-02;1.210757e-01;3.795267e-02;2.849246e-02;3.155385e-01;5.625712e-02;2.269420e-01;3.359880e-02;2.169471e-02;3.428188e-02;4.111144e-02
2.111173e-02;5.624261e-02;1.302785e-01;2.786718e-02;4.123638e-02;2.481723e-01;5.191175e-02;2.816024e-01;5.890812e-02;2.166111e-02;3.205753e-02;2.895047e-02
2.077274e-02;1.287736e-01;1.593386e-01;1.334513e-02;3.645526e-02;1.979046e-01;5.397445e-02;2.468573e-01;7.339518e-02;2.028731e-02;3.368510e-02;1.521068e-02
2.367422e-02;2.110005e-01;1.735866e-01;1.714983e-02;2.020522e-02;2.087652e-01;6.942096e-02;1.488003e-01;5.992820e-02;1.886357e-02;3.185600e-02;1.674931e-02
1.861971e-02;2.399011e-01;1.489312e-01;2.221596e-02;2.841940e-02;1.714992e-01;7.451500e-02;1.645664e-01;6.519815e-02;1.495946e-02;2.402080e-02;2.715367e-02
1.878345e-02;2.576415e-01;1.481217e-01;1.987382e-02;3.407190e-02;1.504973e-01;7.431551e-02;1.664521e-01;4.835658e-02;1.384368e-02;2.686230e-02;4.118016e-02
2.570656e-02;2.542060e-01;1.538372e-01;1.574145e-02;1.798793e-02;1.310575e-01;6.112856e-02;1.783917e-01;5.849620e-02;1.558477e-02;3.442279e-02;5.343938e-02
3.552625e-02;2.376426e-01;1.650903e-01;2.310888e-02;1.251251e-02;1.218401e-01;4.721779e-02;1.326881e-01;9.859935e-02;2.892570e-02;3.868700e-02;5.816137e-02
3.924675e-02;2.187790e-01;1.575376e-01;4.273886e-02;2.068230e-02;1.115483e-01;3.875924e-02;1.136597e-01;1.085779e-01;3.594124e-02;4.054022e-02;7.198898e-02
4.657221e-02;1.708160e-01;1.909271e-01;4.272431e-02;2.895778e-02;1.257052e-01;2.627328e-02;1.268437e-01;1.240531e-01;2.609342e-02;2.975182e-02;6.128214e-02
4.257665e-02;1.336428e-01;1.581333e-01;5.786819e-02;4.491367e-02;1.167289e-01;2.542381e-02;1.972135e-01;1.371959e-01;1.819843e-02;2.573999e-02;4.236496e-02
4.098489e-02;1.353903e-01;1.432970e-01;6.960689e-02;5.332426e-02;6.403551e-02;4.282593e-02;2.464403e-01;1.045957e-01;2.431233e-02;3.388829e-02;4.129865e-02
2.715523e-02;9.108339e-02;1.727439e-01;5.038764e-02;3.825846e-02;1.241592e-01;5.405298e-02;2.517253e-01;6.847707e-02;3.149109e-02;4.120259e-02;4.926321e-02
3.341545e-02;9.884293e-02;1.456671e-01;3.717742e-02;2.694608e-02;1.635458e-01;7.001936e-02;2.494941e-01;5.704655e-02;2.874445e-02;3.554505e-02;5.355567e-02
4.747221e-02;1.336896e-01;1.140003e-01;3.442174e-02;2.810569e-02;1.729683e-01;8.446922e-02;2.604300e-01;6.441224e-02;1.689082e-02;1.949069e-02;2.364935e-02
2.858789e-02;1.119546e-01;1.084213e-01;5.335324e-02;4.293324e-02;2.025862e-01;9.043188e-02;2.059516e-01;8.726799e-02;1.795024e-02;1.905086e-02;3.151100e-02
3.330398e-02;1.097920e-01;1.267453e-01;7.343572e-02;6.198373e-02;1.934063e-01;7.976250e-02;1.304210e-01;1.084323e-01;1.973993e-02;1.904049e-02;4.393671e-02
4.378834e-02;1.528024e-01;1.545337e-01;5.015785e-02;5.208559e-02;1.405156e-01;6.067249e-02;1.402302e-01;8.234774e-02;2.374423e-02;2.552309e-02;7.359880e-02
2.848311e-02;1.902597e-01;2.019116e-01;2.911805e-02;3.471139e-02;9.283511e-02;3.647671e-02;1.809314e-01;6.539289e-02;2.230151e-02;3.339637e-02;8.418220e-02
2.068710e-02;1.860882e-01;1.909687e-01;3.368654e-02;3.450134e-02;1.645326e-01;3.036451e-02;1.770545e-01;3.991222e-02;1.168750e-02;4.360061e-02;6.691620e-02
1.796873e-02;1.927267e-01;1.678059e-01;3.418321e-02;2.912390e-02;1.644353e-01;3.406294e-02;1.981045e-01;3.798774e-02;6.970735e-03;5.325380e-02;6.337658e-02
2.766940e-02;1.807042e-01;1.658908e-01;5.469561e-02;1.364441e-02;1.157359e-01;1.738538e-02;2.391491e-01;5.249270e-02;1.125057e-02;6.076587e-02;6.061607e-02
3.199607e-02;1.710137e-01;1.523689e-01;7.153453e-02;2.384895e-02;1.169230e-01;1.704190e-02;2.369206e-01;7.023066e-02;2.425418e-02;5.866976e-02;2.519783e-02
3.623349e-02;1.110088e-01;1.316495e-01;6.425464e-02;4.187626e-02;1.477135e-01;2.816590e-02;2.169600e-01;7.944991e-02;3.470804e-02;6.229490e-02;4.568502e-02
3.825147e-02;1.542157e-01;1.653049e-01;3.741370e-02;4.376575e-02;1.375933e-01;4.185759e-02;1.947928e-01;3.484930e-02;2.886842e-02;5.205253e-02;7.103463e-02
2.961659e-02;1.777640e-01;1.457863e-01;3.116426e-02;3.099816e-02;1.511804e-01;2.889268e-02;2.208687e-01;8.532430e-02;2.075169e-02;2.832312e-02;4.932986e-02
2.017481e-02;1.894488e-01;1.537414e-01;4.216339e-02;2.081931e-02;1.518339e-01;2.452968e-02;2.064070e-01;1.033017e-01;2.650486e-02;3.818113e-02;2.289407e-02
2.208006e-02;2.204526e-01;1.886400e-01;4.553448e-02;1.097505e-02;1.985790e-01;3.690604e-02;1.074923e-01;5.488222e-02;2.902570e-02;4.292820e-02;4.250430e-02
2.115461e-02;1.876789e-01;1.907183e-01;4.513214e-02;2.070761e-02;1.621125e-01;4.165091e-02;1.501514e-01;7.636090e-02;2.303734e-02;3.155629e-02;4.973913e-02
