7.802851e-02;7.350359e-02;9.858104e-02;5.496129e-02;6.038404e-02;8.276436e-02;8.518411e-02;8.080102e-02;1.170682e-01;1.228208e-01;5.674867e-02;8.915437e-02
7.139692e-02;4.718914e-02;8.161531e-02;4.807307e-02;3.967135e-02;7.094841e-02;9.860721e-02;6.549576e-02;1.534807e-01;1.282356e-01;8.251801e-02;1.127685e-01
4.576674e-02;4.880743e-02;9.468430e-02;6.045578e-02;4.615304e-02;6.951747e-02;1.238674e-01;7.416013e-02;1.648641e-01;1.134870e-01;7.011374e-02;8.812280e-02
6.957898e-02;4.876844e-02;1.632298e-01;7.255386e-02;7.587540e-02;7.608712e-02;1.606093e-01;6.932356e-02;9.934429e-02;8.462019e-02;5.337612e-02;2.663298e-02
7.044612e-02;2.448546e-02;1.748774e-01;1.070117e-01;9.713428e-02;5.985449e-02;1.234803e-01;7.160122e-02;9.338564e-02;9.991238e-02;5.126207e-02;2.654895e-02
6.050022e-02;2.068029e-02;1.621153e-01;1.498541e-01;9.921458e-02;4.758669e-02;9.398504e-02;7.008354e-02;1.126237e-01;1.073048e-01;4.674951e-02;2.930221e-02
4.253328e-02;2.305731e-02;1.446415e-01;1.844571e-01;1.186529e-01;3.884158e-02;6.019902e-02;6.342111e-02;1.537609e-01;1.201747e-01;3.048150e-02;1.977912e-02
1.508826e-02;1.629887e-02;7.926352e-02;1.634065e-01;1.988831e-01;5.942452e-02;3.922012e-02;3.658620e-02;1.488388e-01;1.887620e-01;4.262843e-02;1.159966e-02
6.597627e-03;1.054374e-02;3.533563e-02;8.019843e-02;2.205840e-01;1.704029e-01;4.793230e-02;2.529784e-02;6.766263e-02;2.064779e-01;1.123652e-01;1.660186e-02
1.375562e-02;1.173085e-02;1.626895e-02;1.534498e-02;1.350983e-01;3.156774e-01;1.108245e-01;2.554213e-02;2.467312e-02;1.238124e-01;1.673649e-01;3.990699e-02
3.640106e-02;3.575455e-03;1.491535e-02;1.118298e-02;5.952138e-02;3.097886e-01;2.520469e-01;2.590365e-02;3.047587e-02;4.906267e-02;1.397861e-01;6.734002e-02
9.914538e-02;6.716276e-03;1.107609e-02;1.724685e-02;2.178342e-02;1.909308e-01;3.949863e-01;4.175096e-02;1.796177e-02;2.404733e-02;8.303350e-02;9.132129e-02
1.786158e-01;1.316508e-02;1.957878e-02;2.198249e-02;8.982791e-03;8.615392e-02;4.286542e-01;7.812814e-02;9.368915e-03;1.491579e-02;4.148561e-02;9.896847e-02
2.927925e-01;2.616838e-02;2.022155e-02;1.927267e-02;6.080321e-03;4.036204e-02;3.354990e-01;1.178489e-01;1.204179e-02;9.353280e-03;2.384306e-02;9.651645e-02
4.219103e-01;6.402991e-02;3.003305e-02;8.546461e-03;9.314217e-03;1.859572e-02;1.684351e-01;1.595348e-01;1.790638e-02;1.019470e-02;1.067380e-02;8.082560e-02
4.902000e-01;1.059505e-01;4.637891e-02;7.188869e-03;1.401556e-02;1.096062e-02;6.117401e-02;1.606521e-01;1.858191e-02;8.408220e-03;1.331622e-02;6.317309e-02
5.274008e-01;1.368059e-01;6.706326e-02;8.378742e-03;1.586355e-02;1.165729e-02;1.102854e-02;1.382540e-01;1.788064e-02;6.144663e-03;8.992828e-03;5.052975e-02
5.416362e-01;1.515544e-01;6.375664e-02;6.648863e-03;1.535435e-02;1.052686e-02;1.983197e-02;1.143646e-01;1.532383e-02;4.786531e-03;1.149414e-02;4.472158e-02
5.423412e-01;1.542716e-01;7.463567e-02;5.668208e-03;1.489655e-02;7.275660e-03;2.183753e-02;1.098058e-01;1.437748e-02;5.070786e-03;1.041960e-02;3.939981e-02
5.628645e-01;1.421892e-01;6.456453e-02;4.277116e-03;1.255091e-02;6.753945e-03;7.327112e-03;1.191087e-01;1.226746e-02;3.055459e-03;1.324767e-02;5.179342e-02
5.538756e-01;1.267724e-01;7.294103e-02;5.548999e-03;1.202739e-02;9.787366e-03;2.014436e-02;1.168841e-01;7.094562e-03;5.659495e-03;1.062725e-02;5.863741e-02
5.835550e-01;1.089872e-01;6.299678e-02;5.317017e-03;1.042459e-02;1.098125e-02;6.600304e-03;1.173496e-01;1.209203e-02;5.231486e-03;9.910138e-03;6.655464e-02
5.523059e-01;9.588572e-02;6.519014e-02;6.551545e-03;8.857289e-03;9.017702e-03;3.590881e-02;1.062414e-01;2.127494e-02;7.611959e-03;1.401448e-02;7.714006e-02
5.538315e-01;7.045149e-02;4.922292e-02;5.445863e-03;1.003597e-02;1.291694e-02;4.818823e-02;9.991799e-02;3.223192e-02;9.275371e-03;1.545279e-02;9.302910e-02
5.270119e-01;5.904239e-02;3.991285e-02;9.724115e-03;7.605975e-03;2.099831e-02;6.059088e-02;9.223174e-02;4.784936e-02;1.538621e-02;1.324977e-02;1.063965e-01
4.932192e-01;4.925584e-02;3.451391e-02;1.726906e-02;8.011437e-03;2.612203e-02;8.010986e-02;8.641429e-02;3.973512e-02;2.532397e-02;1.942364e-02;1.206017e-01
4.765903e-01;2.459606e-02;3.672330e-02;2.520247e-02;5.419390e-03;2.444548e-02;9.918163e-02;7.825877e-02;2.632669e-02;3.422522e-02;2.450124e-02;1.445294e-01
4.569951e-01;3.338587e-02;2.829312e-02;3.066135e-02;5.941212e-03;2.745916e-02;1.026061e-01;6.221632e-02;2.650020e-02;4.232396e-02;2.633415e-02;1.572835e-01
4.455602e-01;1.496180e-02;3.974742e-02;3.598076e-02;1.003148e-02;3.157151e-02;1.027118e-01;5.506026e-02;2.536874e-02;4.662870e-02;2.694002e-02;1.654373e-01
4.255416e-01;3.134080e-02;3.542130e-02;4.033723e-02;1.269109e-02;2.731380e-02;9.796401e-02;5.508895e-02;2.676053e-02;4.826856e-02;3.000520e-02;1.692669e-01
3.781291e-01;2.895229e-02;2.782680e-02;5.357582e-02;1.035011e-02;2.370056e-02;1.242093e-01;6.144044e-02;1.878304e-02;5.363551e-02;3.871172e-02;1.806853e-01
2.980570e-01;2.300555e-02;1.876605e-02;7.965593e-02;1.040804e-02;1.988726e-02;1.723840e-01;6.467141e-02;1.044535e-02;5.398970e-02;4.846764e-02;2.002621e-01
2.339256e-01;1.417346e-02;3.526354e-02;9.423214e-02;8.777536e-03;1.448304e-02;2.213376e-01;5.244015e-02;1.218131e-02;4.466664e-02;5.409041e-02;2.144285e-01
2.247548e-01;3.490473e-02;2.912092e-02;8.763779e-02;1.076417e-02;1.518014e-02;2.359914e-01;4.148033e-02;1.747510e-02;3.293920e-02;6.102527e-02;2.087262e-01
1.866311e-01;2.153796e-02;3.677044e-02;7.136238e-02;2.123176e-02;3.296227e-02;2.254925e-01;6.369302e-02;2.707390e-02;3.127277e-02;7.716842e-02;2.048035e-01
1.142877e-01;1.443526e-02;5.124819e-02;4.345309e-02;4.791250e-02;5.664639e-02;1.774354e-01;1.096596e-01;6.838772e-02;4.010249e-02;1.129358e-01;1.634959e-01
5.670001e-02;8.632437e-03;8.387347e-02;3.738937e-02;6.798831e-02;8.478650e-02;1.259833e-01;9.505507e-02;1.482134e-01;4.597450e-02;1.457914e-01;9.961236e-02
4.176271e-02;7.799601e-03;1.010976e-01;2.459762e-02;5.532343e-02;1.395823e-01;8.033959e-02;4.758414e-02;1.985884e-01;5.344434e-02;1.809994e-01;6.888088e-02
5.887009e-02;1.606908e-02;1.105204e-01;2.034049e-02;3.948474e-02;1.725012e-01;8.132806e-02;2.814406e-02;1.433469e-01;7.653077e-02;1.851355e-01;6.772873e-02
6.570001e-02;3.559231e-02;7.984024e-02;1.927496e-02;5.484595e-02;1.463657e-01;1.290738e-01;8.051281e-02;6.185549e-02;1.186103e-01;1.584767e-01;4.985170e-02
5.085718e-02;4.675218e-02;4.976849e-02;4.127539e-02;1.176462e-01;8.683804e-02;1.142670e-01;1.157442e-01;5.538271e-02;1.737660e-01;1.197961e-01;2.790649e-02
3.916595e-02;4.180227e-02;4.018101e-02;6.936072e-02;1.608759e-01;6.116334e-02;7.606182e-02;9.529119e-02;7.575271e-02;2.183682e-01;8.991458e-02;3.206237e-02
4.034583e-02;2.323817e-02;5.277634e-02;1.143624e-01;1.512778e-01;6.495582e-02;8.025028e-02;5.093639e-02;1.122108e-01;2.182025e-01;6.040621e-02;3.103754e-02
3.555437e-02;1.579174e-02;9.945174e-02;1.621719e-01;1.036812e-01;5.872350e-02;9.942398e-02;5.203310e-02;1.376067e-01;1.604173e-01;5.018023e-02;2.496427e-02
2.718304e-02;2.151584e-02;1.493648e-01;1.671106e-01;8.198460e-02;4.012349e-02;1.748861e-01;6.159632e-02;1.181279e-01;8.966338e-02;4.361082e-02;2.483323e-02
3.524917e-02;4.222085e-02;1.346777e-01;1.043222e-01;8.522592e-02;4.552917e-02;3.066071e-01;5.259431e-02;5.811535e-02;5.382140e-02;4.512657e-02;3.651021e-02
7.173486e-02;4.085992e-02;8.593873e-02;5.969420e-02;9.557353e-02;7.117751e-02;3.661277e-01;3.020141e-02;4.042584e-02;5.048410e-02;4.824341e-02;3.953882e-02
5.974276e-02;4.066185e-02;9.213853e-02;5.925493e-02;1.107197e-01;9.960391e-02;3.367778e-01;2.029837e-02;4.303286e-02;7.118274e-02;3.362479e-02;3.296182e-02
5.846784e-02;7.265186e-02;6.671396e-02;6.292847e-02;1.121282e-01;1.205900e-01;2.723852e-01;3.345743e-02;6.361036e-02;8.541415e-02;3.122098e-02;2.043154e-02
4.553404e-02;7.857054e-02;1.046358e-01;6.628500e-02;1.029124e-01;9.909617e-02;1.873384e-01;5.100987e-02;1.006234e-01;9.678890e-02;5.133890e-02;1.586652e-02
3.711786e-02;6.538164e-02;1.487001e-01;8.480629e-02;9.528802e-02;6.767987e-02;1.004311e-01;6.594013e-02;1.137002e-01;1.235806e-01;6.837103e-02;2.900316e-02
5.968568e-02;3.909215e-02;1.219106e-01;9.673505e-02;1.224157e-01;5.703732e-02;9.352962e-02;6.204538e-02;9.948999e-02;1.339983e-01;6.725667e-02;4.680352e-02
7.247999e-02;6.303334e-02;1.645532e-01;6.694812e-02;9.267168e-02;8.611029e-02;1.987236e-01;7.597978e-02;6.067831e-02;4.734307e-02;3.981742e-02;3.166113e-02
6.572707e-02;5.547361e-02;1.799119e-01;6.732972e-02;7.258925e-02;8.004196e-02;2.080280e-01;8.487706e-02;5.165781e-02;8.216530e-02;2.947326e-02;2.272509e-02
5.100322e-02;5.344397e-02;1.554406e-01;5.697191e-02;5.770646e-02;6.405397e-02;1.823110e-01;8.839924e-02;1.064561e-01;1.184006e-01;5.121647e-02;1.459646e-02
5.805729e-02;5.387290e-02;1.142669e-01;3.948701e-02;4.032885e-02;4.091568e-02;1.367973e-01;7.150757e-02;1.763747e-01;1.698749e-01;7.824792e-02;2.026897e-02
6.472365e-02;6.855974e-02;1.816880e-01;9.567901e-02;3.987103e-02;4.184331e-02;9.104221e-02;4.775254e-02;1.304219e-01;1.436023e-01;4.551527e-02;4.930107e-02
6.439003e-02;4.734432e-02;2.398363e-01;1.740114e-01;6.430487e-02;6.278490e-02;8.388572e-02;7.666578e-02;4.380190e-02;6.265229e-02;1.701909e-02;6.330341e-02
3.843914e-02;1.410655e-02;2.076704e-01;1.701274e-01;6.806254e-02;8.975934e-02;7.049111e-02;1.089706e-01;1.274575e-01;3.038875e-02;1.475334e-02;5.977318e-02
2.098592e-02;1.553803e-02;1.921217e-01;1.085852e-01;5.129345e-02;1.276734e-01;4.754674e-02;1.139318e-01;2.342287e-01;1.400949e-02;1.178842e-02;6.229708e-02
1.890949e-02;1.841390e-02;1.524858e-01;5.449393e-02;2.974064e-02;1.467219e-01;4.798758e-02;1.219167e-01;3.153397e-01;1.073174e-02;1.672043e-02;6.653824e-02
2.845835e-02;2.415448e-02;1.185110e-01;4.538503e-02;3.728060e-02;1.379607e-01;2.750694e-02;1.378666e-01;3.309948e-01;2.540477e-02;1.789906e-02;6.857768e-02
3.430877e-02;2.978366e-02;1.026748e-01;3.989099e-02;4.723967e-02;1.342701e-01;2.913012e-02;1.457413e-01;3.167548e-01;2.171229e-02;1.624594e-02;8.224761e-02
3.397996e-02;3.394074e-02;8.132311e-02;5.988062e-02;6.032332e-02;9.951247e-02;1.600801e-02;1.199648e-01;3.307911e-01;2.185620e-02;4.829366e-02;9.412599e-02
3.871806e-02;2.455481e-02;5.523025e-02;8.973604e-02;5.266140e-02;4.235649e-02;2.367645e-02;9.225681e-02;3.804218e-01;2.179920e-02;1.145167e-01;6.407195e-02
3.790278e-02;1.267591e-02;4.084486e-02;1.000324e-01;2.952363e-02;2.309213e-02;2.517457e-02;1.068698e-01;3.996732e-01;2.153811e-02;1.724834e-01;3.018921e-02
3.184189e-02;9.262654e-03;6.222834e-02;9.102596e-02;1.502959e-02;1.606053e-02;5.068422e-02;1.400612e-01;3.598756e-01;2.446285e-02;1.752893e-01;2.417772e-02
3.737475e-02;1.770117e-02;1.100519e-01;8.038538e-02;1.259326e-02;1.983342e-02;8.099947e-02;1.262596e-01;3.099989e-01;3.322121e-02;1.473210e-01;2.425991e-02
4.545372e-02;3.638405e-02;1.676166e-01;7.224772e-02;2.882181e-02;3.733492e-02;1.186389e-01;6.890900e-02;2.321132e-01;4.714174e-02;1.254552e-01;1.988324e-02
4.824699e-02;4.714497e-02;1.668821e-01;6.024847e-02;5.430073e-02;4.774750e-02;1.331471e-01;3.766871e-02;1.567240e-01;5.959585e-02;1.380397e-01;5.025386e-02
3.989289e-02;5.637224e-02;8.110205e-02;6.148490e-02;7.614262e-02;6.275416e-02;7.158680e-02;6.451249e-02;1.639368e-01;8.936445e-02;1.209499e-01;1.119007e-01
1.939300e-02;8.597323e-02;4.478459e-02;4.632535e-02;9.470625e-02;7.563548e-02;4.478221e-02;1.053026e-01;1.456827e-01;1.205351e-01;1.030487e-01;1.138308e-01
1.752620e-02;8.625498e-02;3.001978e-02;6.271568e-02;9.894865e-02;8.640262e-02;4.968566e-02;1.752843e-01;9.730732e-02;1.193497e-01;9.786079e-02;7.864434e-02
1.682693e-02;5.651414e-02;3.578882e-02;9.073423e-02;9.785685e-02;1.000651e-01;8.717436e-02;1.992440e-01;6.635404e-02;1.018456e-01;1.166346e-01;3.096123e-02
1.659832e-02;3.628224e-02;4.602861e-02;1.277050e-01;8.787310e-02;1.228901e-01;1.446298e-01;1.326830e-01;4.453659e-02;7.888868e-02;1.459976e-01;1.588705e-02
1.929262e-02;2.719953e-02;2.990069e-02;1.658306e-01;8.692476e-02;1.322646e-01;1.819076e-01;1.095458e-01;3.381575e-02;7.172054e-02;1.259643e-01;1.563329e-02
9.980524e-03;6.275136e-02;2.573326e-02;1.855245e-01;8.858325e-02;9.106639e-02;1.340687e-01;1.994086e-01;2.996996e-02;7.432516e-02;8.407790e-02;1.451040e-02
6.967126e-03;1.173593e-01;2.281446e-02;1.587187e-01;1.063583e-01;6.403210e-02;6.832068e-02;2.317751e-01;3.966352e-02;8.550812e-02;7.109377e-02;2.738890e-02
1.560590e-02;1.486398e-01;2.729524e-02;1.307439e-01;1.387080e-01;6.410641e-02;4.531069e-02;1.842319e-01;4.309843e-02;9.400329e-02;6.183718e-02;4.641923e-02
4.836264e-02;1.103762e-01;7.066026e-02;1.093467e-01;1.218266e-01;7.183411e-02;8.219373e-02;1.072535e-01;8.159760e-02;8.741725e-02;5.094185e-02;5.818952e-02
4.961060e-02;8.893628e-02;1.031955e-01;1.144917e-01;5.861966e-02;7.326794e-02;1.213860e-01;7.376655e-02;1.148021e-01;9.424285e-02;6.583702e-02;4.184385e-02
3.124016e-02;7.003906e-02;1.164661e-01;1.105622e-01;5.355323e-02;6.732503e-02;1.818593e-01;9.277770e-02;1.107171e-01;7.776284e-02;6.224640e-02;2.545091e-02
3.298103e-02;7.409616e-02;1.202479e-01;9.786100e-02;5.293813e-02;4.455965e-02;2.449850e-01;8.533885e-02;9.253512e-02;6.850345e-02;5.493199e-02;3.102174e-02
4.183065e-02;7.538710e-02;1.195472e-01;8.099937e-02;7.389108e-02;5.968224e-02;2.298725e-01;7.400548e-02;6.962761e-02;7.260586e-02;7.180941e-02;3.074151e-02
3.709352e-02;8.642831e-02;1.075811e-01;6.851581e-02;8.574812e-02;6.813736e-02;1.913681e-01;7.641227e-02;8.503497e-02;9.204900e-02;6.244872e-02;3.918266e-02
2.201527e-02;7.671341e-02;1.093242e-01;6.169286e-02;8.360837e-02;8.264084e-02;1.345805e-01;1.232221e-01;1.076764e-01;8.778487e-02;6.176314e-02;4.897810e-02
4.814759e-02;6.136261e-02;1.342646e-01;7.561041e-02;7.349651e-02;6.520750e-02;1.481616e-01;1.046089e-01;9.387301e-02;9.049397e-02;7.108858e-02;3.368463e-02
7.330555e-02;8.357065e-02;1.189948e-01;8.515838e-02;8.245886e-02;4.305507e-02;1.610884e-01;9.904823e-02;7.249884e-02;8.988043e-02;5.583872e-02;3.510208e-02
5.710381e-02;1.104520e-01;1.333725e-01;8.002693e-02;6.738883e-02;4.244432e-02;1.436221e-01;1.179093e-01;8.984625e-02;7.863173e-02;3.716761e-02;4.203457e-02
3.520979e-02;8.338258e-02;1.963055e-01;7.318980e-02;4.159972e-02;3.654521e-02;1.726914e-01;1.357482e-01;9.977317e-02;6.356589e-02;2.687062e-02;3.511807e-02
4.250988e-02;6.961051e-02;1.932521e-01;7.755549e-02;4.166745e-02;3.102095e-02;2.411565e-01;1.263707e-01;8.081264e-02;4.709962e-02;2.727850e-02;2.166562e-02
6.600504e-02;1.068628e-01;1.273318e-01;6.936178e-02;5.441517e-02;5.058797e-02;2.952783e-01;7.969446e-02;5.722326e-02;4.630179e-02;3.052753e-02;1.641013e-02
1.040289e-01;8.646804e-02;1.025708e-01;9.622822e-02;6.955365e-02;7.546365e-02;2.556731e-01;4.704931e-02;6.708667e-02;4.885130e-02;2.528811e-02;2.173827e-02
1.000507e-01;4.262155e-02;1.161748e-01;9.327072e-02;1.107776e-01;1.024768e-01;1.851103e-01;5.975733e-02;9.090494e-02;5.458354e-02;1.858206e-02;2.568971e-02
7.327913e-02;2.578650e-02;1.618713e-01;8.032101e-02;1.433545e-01;1.004482e-01;1.305573e-01;5.483256e-02;1.062725e-01;7.516669e-02;1.629559e-02;3.181470e-02
5.714307e-02;2.645775e-02;2.029759e-01;1.216015e-01;1.591068e-01;8.108599e-02;7.917643e-02;4.296959e-02;8.845568e-02;8.541565e-02;1.922093e-02;3.639067e-02
1.949373e-02;3.528466e-02;2.892894e-01;1.231952e-01;1.516387e-01;5.900434e-02;5.970151e-02;5.853687e-02;5.901700e-02;8.944396e-02;3.248578e-02;2.290888e-02
1.279444e-02;2.765793e-02;3.546948e-01;1.384844e-01;1.204780e-01;3.664499e-02;6.452297e-02;8.141626e-02;4.808742e-02;6.689489e-02;3.408626e-02;1.423753e-02
2.360892e-02;3.969575e-02;3.801247e-01;9.374402e-02;9.119067e-02;2.440759e-02;9.563232e-02;8.717456e-02;7.003440e-02;5.261329e-02;2.752224e-02;1.425161e-02
3.072104e-02;4.959204e-02;4.106818e-01;9.324086e-02;7.238597e-02;3.714791e-02;1.266691e-01;5.561131e-02;4.718910e-02;3.895719e-02;2.227820e-02;1.552544e-02
2.705326e-02;4.578540e-02;3.979779e-01;1.350923e-01;6.597378e-02;3.449648e-02;1.233439e-01;3.869537e-02;3.435732e-02;4.897081e-02;2.984562e-02;1.840789e-02
2.720458e-02;3.783416e-02;2.690239e-01;1.739397e-01;9.421168e-02;5.446272e-02;1.306237e-01;4.699005e-02;2.964009e-02;6.084431e-02;3.957524e-02;3.564984e-02
4.602963e-02;3.512237e-02;3.167291e-01;1.380144e-01;7.828364e-02;5.149329e-02;1.069482e-01;6.415436e-02;4.013724e-02;5.251789e-02;3.462208e-02;3.594783e-02
2.995695e-02;5.079630e-02;3.735789e-01;1.107843e-01;6.166806e-02;3.177394e-02;1.061821e-01;7.874004e-02;4.385104e-02;4.808851e-02;3.280426e-02;3.177563e-02
5.269960e-02;6.869148e-02;3.263978e-01;8.209064e-02;5.718247e-02;3.821054e-02;1.475130e-01;7.003225e-02;5.862333e-02;5.005372e-02;2.574874e-02;2.275649e-02
6.454870e-02;6.166115e-02;3.319732e-01;5.860527e-02;6.071824e-02;4.105116e-02;1.650884e-01;4.807875e-02;6.828975e-02;4.874007e-02;2.404043e-02;2.720492e-02
3.241226e-02;6.386548e-02;3.158231e-01;6.734163e-02;6.764092e-02;3.888176e-02;1.718707e-01;5.080564e-02;5.530164e-02;6.244585e-02;3.882276e-02;3.478831e-02
3.765623e-02;7.044721e-02;2.780307e-01;6.778641e-02;7.083371e-02;4.621718e-02;1.698302e-01;6.765860e-02;6.405592e-02;6.000419e-02;4.661674e-02;2.086298e-02
5.506657e-02;6.176624e-02;2.823500e-01;1.112194e-01;6.638621e-02;4.107803e-02;8.600811e-02;6.632955e-02;6.187242e-02;6.924825e-02;5.161964e-02;4.705559e-02
4.603533e-02;6.894655e-02;1.917408e-01;9.471481e-02;6.416713e-02;6.100376e-02;1.205895e-01;7.319243e-02;6.457889e-02;8.279369e-02;5.054267e-02;8.169454e-02
5.733964e-02;9.043474e-02;1.030103e-01;8.211099e-02;6.205310e-02;7.410660e-02;1.131481e-01;1.094360e-01;6.667678e-02;9.366551e-02;8.710960e-02;6.090858e-02
3.699346e-02;8.527362e-02;9.495433e-02;6.602548e-02;6.127730e-02;8.701850e-02;1.393485e-01;1.047662e-01;6.970281e-02;1.041635e-01;9.700105e-02;5.347535e-02
9.131375e-02;6.949724e-02;1.221559e-01;5.397842e-02;5.843731e-02;7.736133e-02;1.745519e-01;5.969619e-02;7.316361e-02;8.214454e-02;7.701674e-02;6.068306e-02
1.595608e-01;8.393044e-02;1.049168e-01;4.025600e-02;6.618394e-02;8.423801e-02;2.213786e-01;4.254107e-02;4.876505e-02;6.102945e-02;4.917360e-02;3.802617e-02
2.033493e-01;9.037054e-02;6.594921e-02;3.483252e-02;6.472485e-02;1.033711e-01;2.188627e-01;4.916341e-02;3.479471e-02;5.586622e-02;2.647251e-02;5.224297e-02
2.303836e-01;9.370124e-02;2.888689e-02;2.970987e-02;5.851747e-02;1.074964e-01;2.203033e-01;5.258012e-02;3.148091e-02;5.373934e-02;3.121261e-02;6.198826e-02
1.965971e-01;8.281094e-02;6.551184e-02;2.598391e-02;5.236157e-02;9.115797e-02;2.189433e-01;5.320653e-02;3.840429e-02;4.614540e-02;5.823581e-02;7.064131e-02
1.671843e-01;8.330100e-02;1.025209e-01;3.945635e-02;5.536838e-02;6.717237e-02;2.129884e-01;3.299074e-02;4.253819e-02;5.015926e-02;6.464778e-02;8.167227e-02
1.467481e-01;1.018206e-01;1.232395e-01;5.189723e-02;4.963693e-02;4.101039e-02;2.441481e-01;5.416572e-02;3.087141e-02;4.451308e-02;4.897846e-02;6.297050e-02
1.300855e-01;1.208706e-01;1.783035e-01;5.670591e-02;3.239503e-02;5.211523e-02;2.115964e-01;6.994084e-02;3.775207e-02;3.407892e-02;3.752927e-02;3.862683e-02
7.595442e-02;1.283958e-01;2.076362e-01;8.296645e-02;3.921407e-02;4.871362e-02;1.493410e-01;7.743884e-02;7.481678e-02;3.354902e-02;3.387643e-02;4.809742e-02
7.013962e-02;9.633832e-02;1.803565e-01;1.473414e-01;5.232362e-02;3.034440e-02;7.876854e-02;8.860226e-02;1.390992e-01;4.256008e-02;4.224182e-02;3.188420e-02
9.181886e-02;3.094743e-02;1.855645e-01;1.609798e-01;5.489973e-02;3.960181e-02;9.770418e-02;8.243695e-02;1.457393e-01;6.324684e-02;3.882322e-02;8.237459e-03
6.791262e-02;2.210419e-02;2.138425e-01;1.184955e-01;8.836086e-02;7.371020e-02;1.122448e-01;4.843916e-02;1.070263e-01;1.022230e-01;2.994363e-02;1.569734e-02
3.177932e-02;6.211388e-02;1.679244e-01;7.073864e-02;1.481167e-01;7.863855e-02;5.770314e-02;3.458813e-02;8.673270e-02;1.903403e-01;3.102838e-02;4.029576e-02
1.428672e-02;1.312514e-01;6.416690e-02;4.909617e-02;1.738750e-01;4.346022e-02;1.953575e-02;7.397222e-02;9.832646e-02;2.405241e-01;3.888992e-02;5.261511e-02
7.264122e-03;1.612109e-01;2.083149e-02;6.624036e-02;1.392159e-01;3.405961e-02;2.306730e-02;1.588439e-01;8.098807e-02;2.126216e-01;5.611141e-02;3.954526e-02
5.676540e-03;1.380389e-01;2.265780e-02;1.272157e-01;9.479822e-02;4.440391e-02;3.509511e-02;2.246786e-01;4.779471e-02;1.658318e-01;7.345647e-02;2.035216e-02
6.695918e-03;9.628031e-02;1.667992e-02;1.832716e-01;7.676510e-02;5.682369e-02;7.248540e-02;2.241987e-01;2.267004e-02;1.445448e-01;9.074273e-02;8.841842e-03
8.539035e-03;5.804116e-02;2.302661e-02;2.284320e-01;6.951267e-02;6.683189e-02;1.053249e-01;1.765324e-01;1.511541e-02;1.305071e-01;1.097456e-01;8.391272e-03
1.438303e-02;5.512237e-02;2.972889e-02;2.434133e-01;6.112726e-02;7.477673e-02;1.288932e-01;1.377160e-01;9.211814e-03;1.183442e-01;1.134822e-01;1.380097e-02
1.146245e-02;5.340888e-02;2.667969e-02;2.589775e-01;6.126291e-02;7.515338e-02;1.142956e-01;1.292277e-01;1.374869e-02;1.294440e-01;1.170243e-01;9.314864e-03
1.414863e-02;7.613832e-02;2.205650e-02;2.570985e-01;6.888872e-02;6.101130e-02;8.310229e-02;1.447000e-01;2.593675e-02;1.344406e-01;9.902184e-02;1.345663e-02
8.169070e-03;1.108326e-01;1.074215e-02;2.316289e-01;8.606013e-02;4.758145e-02;5.227788e-02;1.591293e-01;4.262040e-02;1.553592e-01;8.029520e-02;1.530364e-02
9.354847e-03;1.474887e-01;7.106564e-03;1.669074e-01;1.108080e-01;3.855411e-02;1.892192e-02;1.472386e-01;7.088964e-02;1.906379e-01;6.668184e-02;2.541056e-02
4.373090e-03;1.584802e-01;1.424875e-02;9.959046e-02;1.432619e-01;3.556403e-02;1.211491e-02;1.064760e-01;9.838680e-02;2.405506e-01;5.300667e-02;3.394655e-02
3.399411e-03;1.418155e-01;1.229959e-02;4.929209e-02;1.893750e-01;2.775102e-02;1.414346e-02;6.230012e-02;9.982997e-02;2.979538e-01;5.170939e-02;5.013068e-02
8.274351e-03;1.231513e-01;1.089738e-02;3.051919e-02;2.302025e-01;2.466400e-02;1.881332e-02;3.169062e-02;8.533777e-02;3.288602e-01;5.086461e-02;5.672483e-02
9.376050e-03;8.762560e-02;2.715418e-02;4.197710e-02;2.503391e-01;4.186963e-02;1.843383e-02;2.274417e-02;7.448111e-02;3.207136e-01;4.826175e-02;5.702385e-02
8.652889e-03;4.217286e-02;7.272808e-02;6.715370e-02;2.351073e-01;8.973998e-02;1.643354e-02;2.694690e-02;6.447778e-02;2.803580e-01;4.203623e-02;5.419263e-02
1.296627e-02;2.138210e-02;1.376839e-01;7.995085e-02;1.885430e-01;1.420326e-01;3.241076e-02;2.637726e-02;6.379237e-02;2.193845e-01;3.618766e-02;3.928866e-02
1.557906e-02;2.150379e-02;1.998276e-01;8.066010e-02;1.325449e-01;1.741512e-01;5.473283e-02;2.065289e-02;7.596581e-02;1.730051e-01;2.870061e-02;2.267614e-02
2.734407e-02;1.615317e-02;2.168840e-01;7.789845e-02;7.320756e-02;1.524840e-01;1.106995e-01;3.478768e-02;1.070840e-01;1.486760e-01;2.514056e-02;9.641135e-03
3.238501e-02;9.643609e-03;1.465095e-01;1.398923e-01;4.380458e-02;8.327862e-02;1.521506e-01;9.362970e-02;1.517896e-01;1.127653e-01;2.692643e-02;7.224762e-03
3.193096e-02;9.264232e-03;7.055118e-02;2.490552e-01;2.989272e-02;2.348753e-02;1.353549e-01;1.443417e-01;1.922388e-01;8.281618e-02;2.550297e-02;5.563564e-03
2.496450e-02;9.803887e-03;6.721461e-02;3.348954e-01;4.221309e-02;9.074484e-03;8.099747e-02;1.237890e-01;1.907091e-01;8.291135e-02;2.913024e-02;4.296890e-03
1.611230e-02;2.740911e-02;8.176389e-02;3.438221e-01;9.613425e-02;1.670319e-02;6.888770e-02;8.016499e-02;1.644882e-01;7.144647e-02;2.612072e-02;6.947062e-03
7.339309e-03;4.990705e-02;1.147779e-01;2.182206e-01;1.554364e-01;5.101775e-02;1.326525e-01;7.790697e-02;1.126335e-01;5.049790e-02;1.607749e-02;1.353263e-02
6.768339e-03;4.089225e-02;1.616020e-01;6.816606e-02;1.338872e-01;6.749505e-02;2.330351e-01;1.276876e-01;8.519514e-02;4.806035e-02;7.511188e-03;1.969963e-02
7.344079e-03;3.034938e-02;1.795728e-01;5.986087e-02;5.525317e-02;4.656291e-02;3.111641e-01;1.447127e-01;8.676802e-02;5.191978e-02;6.219334e-03;2.027288e-02
1.312422e-02;3.236148e-02;1.486159e-01;1.349129e-01;3.993761e-02;2.704755e-02;3.626010e-01;1.088996e-01;7.435130e-02;3.845289e-02;6.690176e-03;1.300545e-02
2.118960e-02;3.894807e-02;7.613723e-02;1.551776e-01;8.698545e-02;5.363876e-02;4.141026e-01;6.826220e-02;4.753632e-02;1.940012e-02;1.156401e-02;7.057998e-03
2.036507e-02;5.571216e-02;3.585608e-02;9.150129e-02;1.019839e-01;8.132938e-02;4.424240e-01;6.829345e-02;5.180916e-02;2.922875e-02;1.800384e-02;3.492959e-03
1.814806e-02;6.141979e-02;2.760373e-02;4.341036e-02;8.450992e-02;8.333860e-02;4.561680e-01;9.248789e-02;6.692141e-02;3.756118e-02;2.597948e-02;2.451604e-03
8.276747e-03;6.240743e-02;2.413968e-02;2.744366e-02;6.005335e-02;7.471249e-02;4.729308e-01;1.151443e-01;8.636095e-02;3.405014e-02;3.140645e-02;3.073964e-03
1.433815e-02;5.847058e-02;5.250143e-02;3.688229e-02;4.735817e-02;6.823533e-02;4.535767e-01;1.255669e-01;7.782239e-02;3.047747e-02;2.962366e-02;5.146957e-03
3.568298e-02;4.500734e-02;9.290724e-02;8.215813e-02;5.337355e-02;6.563541e-02;3.981151e-01;1.060973e-01;5.033938e-02;3.364789e-02;2.488802e-02;1.214772e-02
7.152376e-02;3.688538e-02;1.218586e-01;1.044394e-01;8.296357e-02;7.649357e-02;3.073269e-01;7.831673e-02;3.948224e-02;3.766189e-02;2.454919e-02;1.849891e-02
1.057136e-01;5.152436e-02;1.440693e-01;9.389399e-02;9.911286e-02;8.160066e-02;1.979018e-01;6.735631e-02;5.862933e-02;3.737328e-02;2.605627e-02;3.676820e-02
1.347780e-01;4.166971e-02;1.145517e-01;7.972262e-02;9.306647e-02;7.921724e-02;1.839597e-01;7.770801e-02;8.244184e-02;3.953703e-02;2.571095e-02;4.763675e-02
1.281552e-01;3.823970e-02;1.166830e-01;7.492517e-02;9.389241e-02;5.166442e-02;2.385714e-01;6.569439e-02;7.034231e-02;3.731252e-02;3.273444e-02;5.178501e-02
7.290633e-02;4.820666e-02;1.513949e-01;8.156972e-02;1.214630e-01;5.849155e-02;2.592504e-01;4.028300e-02;3.578429e-02;4.221164e-02;4.586387e-02;4.257469e-02
6.724439e-02;3.487085e-02;1.361380e-01;8.071464e-02;1.199285e-01;5.131485e-02;2.628007e-01;6.564137e-02;4.593358e-02;3.673782e-02;5.341553e-02;4.525990e-02
8.031080e-02;3.772802e-02;1.275884e-01;7.843301e-02;1.160707e-01;5.021415e-02;2.505076e-01;8.456707e-02;4.298023e-02;2.972538e-02;4.420959e-02;5.766505e-02
8.324735e-02;5.406690e-02;8.896505e-02;7.966772e-02;1.205634e-01;7.498574e-02;1.915680e-01;8.894604e-02;5.622293e-02;4.192878e-02;3.413226e-02;8.570585e-02
9.618729e-02;5.252223e-02;9.455831e-02;7.374624e-02;1.241321e-01;5.821021e-02;1.598398e-01;8.329576e-02;5.252442e-02;5.625851e-02;3.364936e-02;1.150758e-01
8.690295e-02;3.427204e-02;1.217900e-01;8.107272e-02;1.229575e-01;3.668342e-02;1.586097e-01;4.382338e-02;5.166379e-02;6.690578e-02;3.001161e-02;1.653072e-01
7.793976e-02;2.909779e-02;1.377974e-01;7.430559e-02;1.152959e-01;4.991270e-02;1.606238e-01;4.730285e-02;4.802766e-02;6.990242e-02;4.334680e-02;1.464473e-01
8.553641e-02;3.379180e-02;1.606236e-01;7.187738e-02;1.028582e-01;5.390760e-02;1.211900e-01;7.184552e-02;6.433926e-02;5.488542e-02;6.112235e-02;1.180225e-01
9.174180e-02;4.826187e-02;1.853844e-01;7.997146e-02;9.578986e-02;4.401047e-02;8.972657e-02;9.103680e-02;7.275920e-02;4.044005e-02;5.468164e-02;1.061958e-01
1.245711e-01;6.038183e-02;1.606192e-01;8.313740e-02;9.434459e-02;5.913870e-02;8.063237e-02;7.977250e-02;6.689435e-02;3.983755e-02;5.284895e-02;9.782135e-02
1.614628e-01;6.098678e-02;8.591629e-02;7.803866e-02;9.403939e-02;8.861119e-02;8.574316e-02;6.242776e-02;1.092709e-01;5.319342e-02;5.642380e-02;6.388586e-02
1.325396e-01;4.129256e-02;6.505588e-02;6.698336e-02;1.061889e-01;1.042744e-01;1.614807e-01;7.061054e-02;1.074688e-01;5.115039e-02;5.310158e-02;3.985326e-02
1.066313e-01;6.922291e-02;5.854448e-02;6.548639e-02;1.001892e-01;8.242209e-02;2.653596e-01;6.630196e-02;5.717438e-02;3.220969e-02;4.939949e-02;4.705850e-02
7.688053e-02;8.702764e-02;1.104253e-01;3.205761e-02;9.231023e-02;8.516605e-02;3.049808e-01;5.890647e-02;4.042748e-02;3.587894e-02;3.629721e-02;3.964172e-02
4.437441e-02;9.157980e-02;1.722947e-01;3.394797e-02;8.490175e-02;4.725756e-02;2.560540e-01;1.011937e-01;6.192402e-02;5.804050e-02;2.223979e-02;2.619179e-02
1.700424e-02;7.998025e-02;1.747472e-01;6.370113e-02;7.933807e-02;2.039988e-02;2.059540e-01;1.212062e-01;9.529432e-02;9.522399e-02;2.891268e-02;1.823801e-02
1.685799e-02;5.728104e-02;1.231323e-01;8.210880e-02;8.312678e-02;2.758379e-02;1.310879e-01;1.109002e-01;1.464301e-01;1.522986e-01;4.985905e-02;1.933357e-02
1.279932e-02;5.598928e-02;4.668849e-02;1.444913e-01;7.566244e-02;2.332808e-02;5.513788e-02;1.509333e-01;1.601956e-01;1.853290e-01;7.033104e-02;1.911424e-02
2.424369e-02;5.256529e-02;2.268651e-02;1.362511e-01;7.095122e-02;2.566272e-02;3.089430e-02;1.448717e-01;1.585013e-01;2.246163e-01;8.822222e-02;2.053366e-02
2.052462e-02;3.813493e-02;2.917633e-02;7.231365e-02;1.000431e-01;4.154207e-02;5.898086e-02;1.147458e-01;1.356793e-01;2.578171e-01;1.088615e-01;2.218071e-02
1.111427e-02;2.223188e-02;3.791068e-02;9.322797e-02;8.797230e-02;5.664932e-02;1.040894e-01;1.077789e-01;7.830735e-02;2.436364e-01;1.418609e-01;1.522074e-02
6.532728e-03;1.969145e-02;3.281871e-02;1.004535e-01;6.272368e-02;7.449383e-02;1.606055e-01;9.092724e-02;3.803344e-02;2.089913e-01;1.843955e-01;2.033306e-02
1.182820e-02;1.951511e-02;2.474404e-02;7.670343e-02;8.008521e-02;1.007607e-01;1.659333e-01;5.955891e-02;4.201435e-02;2.073218e-01;1.890693e-01;2.246560e-02
7.424586e-03;1.749455e-02;2.412059e-02;6.884288e-02;1.162505e-01;8.503377e-02;1.190818e-01;7.138158e-02;5.020171e-02;2.433723e-01;1.773937e-01;1.940207e-02
8.765579e-03;2.581282e-02;2.292255e-02;5.196799e-02;1.987428e-01;6.811032e-02;6.195424e-02;6.572624e-02;7.418091e-02;2.642330e-01;1.401293e-01;1.745423e-02
1.732193e-02;2.421926e-02;3.337778e-02;6.762787e-02;2.375059e-01;6.091850e-02;3.822916e-02;4.102455e-02;1.085176e-01;2.496895e-01;1.016655e-01;1.990240e-02
2.234893e-02;2.297872e-02;5.519721e-02;1.129478e-01;1.583358e-01;5.470287e-02;7.920424e-02;4.345641e-02;1.395350e-01;2.173386e-01;7.834783e-02;1.560655e-02
2.201623e-02;2.439481e-02;1.132268e-01;1.447443e-01;6.766015e-02;4.654103e-02;1.295721e-01;6.661787e-02;1.506212e-01;1.644796e-01;5.518239e-02;1.494346e-02
1.706273e-02;3.634835e-02;1.843059e-01;1.095063e-01;6.008006e-02;5.005899e-02;1.955200e-01;7.660101e-02;1.035144e-01;1.024558e-01;4.136470e-02;2.318172e-02
4.139597e-02;4.635806e-02;1.712755e-01;8.548272e-02;6.565683e-02;6.028039e-02;2.350094e-01;7.027981e-02;8.402895e-02;7.688671e-02;3.366789e-02;2.967772e-02
4.197267e-02;4.379044e-02;7.787871e-02;9.761269e-02;7.116640e-02;5.754036e-02;2.513497e-01;9.328991e-02;1.112856e-01;9.106029e-02;2.525245e-02;3.780070e-02
2.812547e-02;6.056625e-02;1.473007e-01;8.412001e-02;8.741570e-02;4.726259e-02;1.239205e-01;1.307128e-01;1.133896e-01;7.670470e-02;6.422358e-02;3.625823e-02
2.501789e-02;1.107690e-01;1.703004e-01;7.147662e-02;8.094843e-02;5.539202e-02;1.636172e-01;1.028627e-01;6.736629e-02;6.716239e-02;3.476349e-02;5.032358e-02
1.271698e-02;1.105794e-01;2.144009e-01;5.212037e-02;4.123470e-02;7.247457e-02;1.907042e-01;1.210541e-01;4.836524e-02;5.220912e-02;1.408535e-02;7.005511e-02
1.855681e-02;7.439151e-02;2.299897e-01;3.962267e-02;2.038239e-02;7.294609e-02;2.008273e-01;1.583044e-01;4.309685e-02;4.579158e-02;9.576120e-03;8.651466e-02
4.021300e-02;4.620183e-02;2.317087e-01;3.670195e-02;1.326471e-02;4.929776e-02;2.051826e-01;1.864446e-01;4.679132e-02;4.786202e-02;1.343908e-02;8.289248e-02
8.539219e-02;6.115154e-02;2.262971e-01;4.331027e-02;1.904306e-02;2.469129e-02;2.109927e-01;1.658871e-01;4.136132e-02;3.806344e-02;3.101899e-02;5.279095e-02
1.202297e-01;1.069529e-01;1.758131e-01;4.207961e-02;3.638914e-02;2.510646e-02;2.395265e-01;9.407859e-02;3.411554e-02;2.498035e-02;6.519740e-02;3.553076e-02
1.045010e-01;1.572792e-01;9.897257e-02;2.339679e-02;3.513815e-02;3.719833e-02;2.541277e-01;7.867731e-02;4.636155e-02;2.648998e-02;7.252852e-02;6.532896e-02
1.164747e-01;1.727934e-01;6.983778e-02;2.171274e-02;2.504186e-02;3.804647e-02;2.179199e-01;7.663218e-02;4.538320e-02;4.218582e-02;4.914654e-02;1.248254e-01
1.556251e-01;1.403841e-01;6.664722e-02;3.464686e-02;2.638080e-02;4.668468e-02;1.679942e-01;6.749880e-02;3.474351e-02;6.531281e-02;4.829023e-02;1.457917e-01
1.812189e-01;1.064891e-01;4.777988e-02;4.273250e-02;4.123584e-02;5.353871e-02;1.594075e-01;7.201688e-02;3.659873e-02;8.408917e-02;3.854430e-02;1.363485e-01
1.698359e-01;7.391277e-02;7.701023e-02;5.470498e-02;5.222142e-02;5.144111e-02;1.425432e-01;5.069932e-02;6.225384e-02;8.313170e-02;6.234895e-02;1.198966e-01
1.882963e-01;9.182147e-02;1.238968e-01;4.441290e-02;4.178273e-02;6.203001e-02;1.124852e-01;7.299931e-02;8.770236e-02;5.186619e-02;5.282953e-02;6.987721e-02
1.171696e-01;1.196531e-01;1.296534e-01;4.296877e-02;4.516144e-02;6.752709e-02;1.110314e-01;1.082387e-01;8.276741e-02;5.594257e-02;7.601427e-02;4.387228e-02
6.033953e-02;9.176000e-02;1.257770e-01;4.588702e-02;6.581896e-02;7.583785e-02;1.492912e-01;8.233515e-02;6.058133e-02;6.005795e-02;9.492023e-02;8.739380e-02
9.488495e-02;1.079578e-01;9.323853e-02;5.198060e-02;6.554081e-02;6.733551e-02;1.490760e-01;3.428176e-02;5.858803e-02;4.969938e-02;9.990840e-02;1.275082e-01
1.322309e-01;1.383274e-01;7.629640e-02;2.910155e-02;5.127791e-02;6.648038e-02;1.289091e-01;6.522412e-02;6.816001e-02;6.538914e-02;6.925791e-02;1.093451e-01
7.728112e-02;1.143185e-01;7.872155e-02;4.651887e-02;4.741390e-02;6.863533e-02;1.358402e-01;1.205488e-01;7.787903e-02;8.192237e-02;6.883167e-02;8.208860e-02
6.094736e-02;1.251482e-01;8.428741e-02;4.830249e-02;5.246709e-02;9.539001e-02;1.149238e-01;1.081884e-01;8.655341e-02;8.588570e-02;7.844741e-02;5.945877e-02
4.832184e-02;1.174915e-01;9.887575e-02;9.361491e-02;5.249023e-02;9.383560e-02;7.866652e-02;7.971853e-02;5.090182e-02;9.431111e-02;1.244887e-01;6.728353e-02
5.711276e-02;9.657302e-02;1.223862e-01;1.234851e-01;6.231703e-02;6.190267e-02;7.104996e-02;5.629604e-02;3.714168e-02;9.117953e-02;1.457930e-01;7.476301e-02
8.106481e-02;8.393813e-02;1.178225e-01;1.278531e-01;5.026018e-02;8.629487e-02;1.087301e-01;5.136109e-02;5.540758e-02;7.850326e-02;1.092067e-01;4.955763e-02
7.036783e-02;8.945165e-02;1.255079e-01;8.140659e-02;4.077959e-02;7.920922e-02;1.510326e-01;7.270181e-02;5.957886e-02;6.765188e-02;1.039201e-01;5.839191e-02
5.970665e-02;8.619525e-02;1.083115e-01;6.411327e-02;5.630742e-02;7.033973e-02;1.617788e-01;7.277652e-02;6.520347e-02;5.744396e-02;1.109174e-01;8.690609e-02
5.332198e-02;8.738026e-02;1.104544e-01;8.215739e-02;7.016921e-02;4.699045e-02;1.219006e-01;9.617610e-02;6.832857e-02;4.975331e-02;1.451048e-01;6.826302e-02
6.127922e-02;6.502250e-02;9.570885e-02;1.155630e-01;7.950883e-02;6.244252e-02;7.820655e-02;9.474763e-02;8.323679e-02;9.711915e-02;1.411788e-01;2.598621e-02
5.478586e-02;4.190297e-02;9.110569e-02;1.040842e-01;8.922190e-02;6.655749e-02;1.000932e-01;1.060984e-01;8.150127e-02;1.369008e-01;7.972150e-02;4.802677e-02
4.491388e-02;5.395633e-02;1.117409e-01;8.784516e-02;6.867785e-02;7.629707e-02;1.078324e-01;1.259572e-01;9.416419e-02;1.099777e-01;5.721700e-02;6.142031e-02
1.052686e-01;6.365397e-02;1.653761e-01;6.986079e-02;6.582125e-02;5.721950e-02;1.379821e-01;6.579722e-02;8.667014e-02;3.474511e-02;5.979772e-02;8.780746e-02
9.085432e-02;5.670730e-02;2.044734e-01;8.655094e-02;6.283691e-02;4.048427e-02;1.467740e-01;6.555352e-02;6.422995e-02;5.180621e-02;7.086584e-02;5.886341e-02
8.212495e-02;4.714191e-02;1.948279e-01;1.237363e-01;6.363923e-02;3.575264e-02;1.250603e-01;7.240354e-02;7.708286e-02;4.984310e-02;7.634968e-02;5.203767e-02
1.081812e-01;1.962041e-02;1.455130e-01;1.756821e-01;8.134818e-02;3.094240e-02;8.552053e-02;8.476799e-02;1.103135e-01;4.736938e-02;7.619023e-02;3.455111e-02
1.522589e-01;1.340180e-02;7.045165e-02;1.847252e-01;1.037841e-01;2.683027e-02;5.714880e-02;9.416012e-02;1.637256e-01;5.507605e-02;6.767788e-02;1.075969e-02
1.735947e-01;6.977039e-03;2.258048e-02;1.637243e-01;1.065775e-01;2.616389e-02;7.058116e-02;9.729755e-02;2.112969e-01;6.722774e-02;4.830092e-02;5.677793e-03
1.595481e-01;7.696781e-03;4.405858e-02;1.372456e-01;8.083433e-02;2.293665e-02;9.338434e-02;7.279807e-02;2.593070e-01;8.361403e-02;3.152492e-02;7.051677e-03
1.156189e-01;1.767279e-02;7.237790e-02;1.141283e-01;7.423657e-02;3.138346e-02;9.158100e-02;3.905253e-02;2.908816e-01;1.206483e-01;1.966139e-02;1.275730e-02
5.740417e-02;2.822720e-02;7.473472e-02;8.594740e-02;9.152085e-02;3.978001e-02;6.792092e-02;2.012336e-02;2.598155e-01;2.183544e-01;1.804654e-02;3.812496e-02
2.473141e-02;6.702393e-02;4.155583e-02;5.410022e-02;1.176487e-01;3.645275e-02;3.736032e-02;2.170063e-02;1.581980e-01;3.533830e-01;2.293155e-02;6.491355e-02
9.721753e-03;1.148231e-01;1.280373e-02;3.367766e-02;1.280360e-01;2.171885e-02;1.973999e-02;2.452443e-02;8.864012e-02;4.340544e-01;2.465499e-02;8.760498e-02
9.802480e-03;1.442915e-01;1.099500e-02;3.126502e-02;1.228250e-01;1.588569e-02;1.371848e-02;2.658298e-02;6.296346e-02;4.435565e-01;2.834677e-02;8.976702e-02
7.164698e-03;1.676587e-01;1.189621e-02;2.778340e-02;1.177196e-01;1.759362e-02;1.427493e-02;3.321491e-02;5.351838e-02;4.383074e-01;2.580098e-02;8.506706e-02
1.014370e-02;1.798051e-01;1.084860e-02;1.498789e-02;1.194698e-01;1.911085e-02;1.667463e-02;3.943949e-02;3.694566e-02;4.362800e-01;2.861439e-02;8.767989e-02
1.220946e-02;1.507231e-01;1.578733e-02;1.758410e-02;1.174038e-01;2.405722e-02;2.311354e-02;3.645411e-02;6.719777e-02;4.185493e-01;2.928085e-02;8.763951e-02
1.940104e-02;9.574553e-02;5.232863e-02;3.519757e-02;1.028389e-01;4.055052e-02;3.716280e-02;2.926526e-02;1.375781e-01;3.635902e-01;1.601297e-02;7.032860e-02
4.298733e-02;3.747763e-02;1.019460e-01;6.267517e-02;7.019357e-02;5.062132e-02;6.527663e-02;1.732174e-02;2.435084e-01;2.572285e-01;1.311499e-02;3.764870e-02
6.620213e-02;1.958225e-02;1.089292e-01;9.332538e-02;5.115537e-02;3.805565e-02;1.018778e-01;3.224372e-02;3.006981e-01;1.401072e-01;2.714449e-02;2.067875e-02
7.948762e-02;2.846867e-02;1.136127e-01;1.280535e-01;3.719150e-02;1.742541e-02;9.712239e-02;6.288096e-02;3.071117e-01;7.785685e-02;3.122491e-02;1.956383e-02
8.394793e-02;3.389712e-02;1.568516e-01;1.713875e-01;3.378334e-02;8.892980e-03;5.610827e-02;6.637523e-02;2.861392e-01;4.602996e-02;4.026227e-02;1.632454e-02
6.452680e-02;6.578647e-02;2.497369e-01;1.592107e-01;4.828974e-02;1.831807e-02;4.606989e-02;6.435715e-02;1.784146e-01;4.825022e-02;3.131132e-02;2.572818e-02
3.875059e-02;1.098822e-01;3.403016e-01;9.744429e-02;4.554686e-02;3.574084e-02;7.659423e-02;6.003074e-02;8.662865e-02;5.024303e-02;2.039856e-02;3.843836e-02
4.451593e-02;1.152665e-01;3.689862e-01;5.208172e-02;3.908196e-02;3.858257e-02;1.045103e-01;7.074603e-02;5.713664e-02;5.270033e-02;1.561960e-02;4.077214e-02
5.175690e-02;1.033242e-01;2.926331e-01;7.029494e-02;4.373590e-02;4.378426e-02;1.235700e-01;7.320547e-02;6.220705e-02;7.033292e-02;2.720181e-02;3.795350e-02
6.442419e-02;1.124251e-01;1.323495e-01;1.263590e-01;5.170540e-02;4.794810e-02;1.142474e-01;7.139387e-02;1.006840e-01;9.108630e-02;4.592716e-02;4.144990e-02
5.314798e-02;1.127020e-01;1.772029e-01;1.303727e-01;5.711788e-02;4.825307e-02;7.855741e-02;4.294970e-02;1.291245e-01;8.442958e-02;5.076811e-02;3.537416e-02
5.048777e-02;1.194984e-01;2.409202e-01;7.856178e-02;5.095332e-02;3.229599e-02;7.646743e-02;4.306579e-02;1.303856e-01;9.246722e-02;4.928130e-02;3.561527e-02
6.996308e-02;1.263933e-01;2.024321e-01;6.626887e-02;2.880922e-02;2.892636e-02;6.669876e-02;6.495712e-02;1.251191e-01;1.218609e-01;4.497430e-02;5.359685e-02
5.821678e-02;1.306533e-01;1.895964e-01;4.823971e-02;2.471406e-02;2.287847e-02;4.572933e-02;6.422122e-02;1.662752e-01;1.388897e-01;5.348504e-02;5.710084e-02
4.741032e-02;1.094209e-01;2.556382e-01;6.919651e-02;3.671378e-02;1.830777e-02;7.041942e-02;5.312007e-02;1.357792e-01;1.339044e-01;3.346433e-02;3.662510e-02
2.493961e-02;6.366774e-02;2.177989e-01;8.724946e-02;7.107498e-02;3.624754e-02;1.037064e-01;6.156284e-02;1.342051e-01;1.407261e-01;4.257549e-02;1.624584e-02
2.512980e-02;3.745063e-02;1.805273e-01;8.856811e-02;6.549378e-02;4.984821e-02;9.125359e-02;5.712929e-02;1.832993e-01;1.470940e-01;4.529722e-02;2.890876e-02
4.908461e-02;3.520454e-02;1.730528e-01;8.156368e-02;5.273438e-02;5.417232e-02;9.917816e-02;7.226498e-02;1.606167e-01;1.355390e-01;4.576329e-02;4.082549e-02
6.520841e-02;3.870986e-02;1.260503e-01;7.146396e-02;7.094802e-02;4.022138e-02;1.320153e-01;2.267704e-01;9.647644e-02;7.861084e-02;2.546684e-02;2.805838e-02
6.288502e-02;7.396775e-02;7.045863e-02;5.607333e-02;4.473863e-02;5.347957e-02;1.194247e-01;2.951854e-01;8.100670e-02;5.717577e-02;4.257479e-02;4.302971e-02
4.941673e-02;1.140861e-01;7.945851e-02;4.929842e-02;2.289897e-02;6.012892e-02;1.035209e-01;2.568566e-01;1.040774e-01;6.268296e-02;4.692330e-02;5.065119e-02
