8.416942e-02;3.725265e-02;1.432843e-01;5.471220e-02;8.558661e-02;7.408579e-02;1.731347e-01;1.023326e-01;8.877216e-02;7.613441e-02;4.095514e-02;3.957996e-02
5.908549e-02;4.638313e-02;1.274866e-01;4.303555e-02;5.403995e-02;6.511663e-02;2.382490e-01;1.282001e-01;1.020108e-01;5.867183e-02;4.884320e-02;2.887768e-02
5.336281e-02;4.437137e-02;1.646225e-01;5.170255e-02;3.929219e-02;5.118866e-02;2.130788e-01;1.112317e-01;8.499696e-02;6.846226e-02;8.150779e-02;3.618248e-02
3.840766e-02;4.188301e-02;1.883610e-01;8.177475e-02;4.957403e-02;3.848100e-02;1.760370e-01;8.344016e-02;6.238812e-02;8.007390e-02;1.231437e-01;3.643569e-02
2.298930e-02;4.097694e-02;1.919297e-01;1.366283e-01;8.449802e-02;4.561590e-02;1.172182e-01;5.616542e-02;3.763876e-02;7.447500e-02;1.524772e-01;3.938727e-02
1.725498e-02;4.748088e-02;2.353724e-01;1.604348e-01;1.146436e-01;4.751175e-02;8.426842e-02;3.121676e-02;2.589040e-02;5.970325e-02;1.183451e-01;5.787766e-02
4.469511e-02;6.514356e-02;2.663839e-01;1.356851e-01;8.743391e-02;4.041610e-02;7.120135e-02;4.141248e-02;3.327666e-02;7.671298e-02;8.258642e-02;5.505250e-02
6.338590e-02;6.941251e-02;2.021996e-01;1.080700e-01;5.911096e-02;4.875453e-02;8.008782e-02;8.892576e-02;5.774788e-02;7.183629e-02;1.104155e-01;4.005321e-02
4.175296e-02;5.830013e-02;1.776525e-01;6.861864e-02;7.375246e-02;4.919259e-02;9.572624e-02;1.141397e-01;7.084100e-02;5.673006e-02;1.581794e-01;3.511433e-02
2.424324e-02;5.689787e-02;1.647032e-01;9.422562e-02;8.533026e-02;4.402862e-02;8.570765e-02;1.088443e-01;6.399285e-02;5.794409e-02;1.748360e-01;3.924626e-02
4.546212e-02;4.031386e-02;1.436581e-01;1.606680e-01;9.427895e-02;3.979960e-02;6.782752e-02;9.377962e-02;5.373498e-02;6.218494e-02;1.462201e-01;5.207224e-02
4.729523e-02;4.078997e-02;1.854642e-01;1.437055e-01;8.363300e-02;5.554427e-02;8.344278e-02;7.054510e-02;5.818296e-02;7.561174e-02;1.067498e-01;4.903544e-02
5.170697e-02;5.742982e-02;1.895246e-01;8.844396e-02;8.674499e-02;7.418457e-02;8.024069e-02;5.703777e-02;8.281835e-02;8.022060e-02;7.557905e-02;7.606862e-02
5.080980e-02;6.351044e-02;1.439526e-01;8.130296e-02;1.169495e-01;8.257370e-02;1.017728e-01;6.670912e-02;6.029328e-02;8.287448e-02;8.464580e-02;6.460552e-02
6.780408e-02;5.656086e-02;1.491940e-01;1.011286e-01;1.023262e-01;8.354849e-02;1.851398e-01;3.132173e-02;5.631441e-02;7.121239e-02;5.637408e-02;3.907529e-02
8.706808e-02;5.463972e-02;1.246474e-01;6.246701e-02;1.030447e-01;1.062270e-01;2.157588e-01;4.401651e-02;6.346525e-02;5.704397e-02;2.872078e-02;5.290078e-02
6.615089e-02;4.106840e-02;1.130147e-01;4.951152e-02;1.521806e-01;1.381425e-01;1.935486e-01;2.977070e-02;7.882629e-02;4.816142e-02;1.787407e-02;7.175037e-02
3.177039e-02;2.520624e-02;1.050923e-01;5.845912e-02;2.343178e-01;1.559998e-01;1.140568e-01;1.426765e-02;9.190371e-02;3.975644e-02;1.687060e-02;1.122991e-01
1.175969e-02;4.938858e-02;1.046712e-01;1.142994e-01;2.329936e-01;1.200345e-01;4.984543e-02;2.779529e-02;5.501549e-02;6.858024e-02;6.184229e-02;1.037742e-01
9.924707e-03;7.220509e-02;1.554789e-01;1.628969e-01;1.693410e-01;6.588356e-02;3.076294e-02;4.281589e-02;1.917686e-02;9.523953e-02;1.181459e-01;5.812873e-02
1.345982e-02;6.762948e-02;2.304239e-01;1.542872e-01;9.446540e-02;3.466680e-02;5.453846e-02;4.772694e-02;4.513993e-02;1.087835e-01;1.290606e-01;1.981788e-02
2.698657e-02;6.091199e-02;2.540810e-01;1.127069e-01;5.595317e-02;4.299135e-02;8.942474e-02;3.298141e-02;8.144960e-02;1.154758e-01;9.684578e-02;3.019167e-02
4.317678e-02;1.066953e-01;2.116499e-01;8.357143e-02;8.430371e-02;7.069433e-02;8.577546e-02;2.888252e-02;9.504119e-02;8.318825e-02;6.954852e-02;3.747268e-02
6.037033e-02;1.455499e-01;1.977511e-01;7.766876e-02;9.991757e-02;7.662155e-02;4.189514e-02;3.516037e-02;1.034315e-01;4.865464e-02;7.105974e-02;4.191944e-02
6.895429e-02;1.457265e-01;2.384985e-01;7.690080e-02;8.905558e-02;6.027711e-02;3.365289e-02;3.493006e-02;9.715861e-02;3.667233e-02;7.884683e-02;3.932649e-02
7.158023e-02;1.132685e-01;3.115746e-01;7.821401e-02;5.465300e-02;5.000255e-02;2.513649e-02;4.059402e-02;6.584326e-02;3.930310e-02;8.459228e-02;6.523792e-02
9.651820e-02;4.019319e-02;1.997606e-01;4.822038e-02;8.405805e-02;8.094288e-02;1.136956e-01;4.926565e-02;4.867132e-02;3.664226e-02;8.025049e-02;1.217813e-01
1.688656e-01;1.756513e-02;8.908156e-02;2.354107e-02;7.934548e-02;1.459880e-01;1.351423e-01;6.305991e-02;5.530999e-02;3.990056e-02;5.892412e-02;1.232763e-01
2.656201e-01;2.272585e-02;3.372592e-02;2.594516e-02;5.223555e-02;2.067891e-01;9.493668e-02;6.995565e-02;3.404005e-02;8.320969e-02;2.973956e-02;8.107667e-02
2.828463e-01;5.047425e-02;2.161333e-02;3.951794e-02;3.148910e-02;2.306371e-01;7.630738e-02;6.466122e-02;2.668548e-02;1.229106e-01;1.650459e-02;3.635279e-02
2.140836e-01;1.145305e-01;2.401511e-02;4.930116e-02;2.519846e-02;1.905773e-01;1.354865e-01;4.552399e-02;4.300605e-02;1.133594e-01;2.511369e-02;1.980412e-02
1.126295e-01;2.327686e-01;2.543885e-02;3.331110e-02;2.567921e-02;9.977359e-02;2.408320e-01;3.031258e-02;7.618259e-02;6.814421e-02;4.351117e-02;1.141666e-02
3.777442e-02;2.556007e-01;7.402895e-02;2.157360e-02;3.570275e-02;3.720658e-02;2.766836e-01;7.016675e-02;7.962020e-02;4.573645e-02;4.301142e-02;2.289457e-02
3.496908e-02;1.710315e-01;1.631533e-01;1.983049e-02;2.853499e-02;1.923022e-02;2.369578e-01;1.723565e-01;4.179458e-02;6.499244e-02;2.089641e-02;2.625276e-02
3.132048e-02;6.871884e-02;1.879897e-01;1.834005e-02;1.321613e-02;4.204763e-02;1.789574e-01;2.880282e-01;2.448027e-02;1.027428e-01;1.661688e-02;2.754157e-02
3.603514e-02;3.293277e-02;1.176579e-01;4.529647e-02;1.568841e-02;5.663930e-02;1.647300e-01;2.754872e-01;1.210360e-01;9.398616e-02;1.515939e-02;2.535133e-02
4.942914e-02;3.166208e-02;5.163349e-02;7.804322e-02;1.576899e-02;4.981304e-02;1.726754e-01;1.719494e-01;2.667655e-01;7.760300e-02;1.931657e-02;1.534011e-02
5.847536e-02;2.985739e-02;4.899251e-02;1.032602e-01;2.376392e-02;3.025118e-02;1.681993e-01;9.184586e-02;3.258978e-01;9.032173e-02;1.959152e-02;9.543235e-03
4.927868e-02;3.911797e-02;6.986029e-02;1.121616e-01;3.305648e-02;3.225726e-02;2.031763e-01;1.240001e-01;2.183947e-01;9.253512e-02;1.494709e-02;1.121441e-02
4.538273e-02;4.708733e-02;1.149592e-01;8.431524e-02;3.453773e-02;3.720412e-02;2.178225e-01;1.899953e-01;1.204305e-01;6.518591e-02;2.925287e-02;1.382659e-02
8.223955e-02;4.458196e-02;1.296951e-01;4.809276e-02;2.783883e-02;4.256446e-02;2.017307e-01;1.835785e-01;1.300130e-01;5.579075e-02;3.080394e-02;2.307048e-02
1.060106e-01;7.130750e-02;9.942619e-02;7.163756e-02;1.816322e-02;6.110577e-02;1.274243e-01;1.540918e-01;1.328759e-01;8.248793e-02;3.534829e-02;4.012095e-02
9.434912e-02;7.669384e-02;9.876829e-02;7.634993e-02;2.196856e-02;7.924049e-02;1.493086e-01;1.476721e-01;1.111359e-01;7.941806e-02;3.188025e-02;3.321495e-02
1.416530e-01;8.107115e-02;1.356350e-01;4.165496e-02;2.407111e-02;6.271533e-02;1.701683e-01;1.307483e-01;1.060663e-01;5.582294e-02;2.582082e-02;2.457265e-02
1.569612e-01;1.019901e-01;1.308427e-01;2.967946e-02;5.040273e-02;6.667431e-02;1.662916e-01;1.046457e-01;7.729474e-02;5.245456e-02;4.236574e-02;2.039706e-02
9.260850e-02;9.638269e-02;8.716730e-02;3.845126e-02;4.097304e-02;4.978402e-02;1.214940e-01;9.298396e-02;1.846752e-01;1.035591e-01;6.563056e-02;2.629033e-02
6.495579e-02;6.455983e-02;6.148421e-02;4.729391e-02;2.754902e-02;2.163061e-02;1.152109e-01;1.185437e-01;2.610020e-01;1.301151e-01;5.600388e-02;3.165102e-02
4.504579e-02;4.327636e-02;4.251920e-02;4.849046e-02;1.822901e-02;1.643747e-02;1.797669e-01;1.680488e-01;2.738182e-01;1.037703e-01;3.180458e-02;2.879289e-02
2.266524e-02;4.131904e-02;5.391715e-02;2.578110e-02;1.624509e-02;2.342614e-02;3.045277e-01;2.128098e-01;1.960776e-01;6.126357e-02;2.049556e-02;2.147211e-02
1.620496e-02;2.757610e-02;8.613319e-02;1.234103e-02;9.961528e-03;1.404550e-02;3.557966e-01;2.768248e-01;1.295654e-01;3.690937e-02;1.560310e-02;1.903841e-02
1.011011e-02;3.329722e-02;6.600910e-02;1.555132e-02;1.823261e-02;1.482357e-02;4.091942e-01;2.840507e-01;7.908843e-02;3.388959e-02;1.967032e-02;1.608284e-02
3.527998e-03;7.134754e-02;3.536785e-02;1.047346e-02;2.974579e-02;1.808798e-02;5.264960e-01;2.019430e-01;4.125934e-02;2.567162e-02;2.965856e-02;6.420895e-03
5.197380e-03;1.059833e-01;1.628680e-02;8.169213e-03;3.287195e-02;3.753330e-02;6.183044e-01;9.479237e-02;2.610542e-02;1.683073e-02;3.365429e-02;4.270835e-03
1.103284e-02;1.173546e-01;2.345644e-02;8.934117e-03;3.131176e-02;7.648564e-02;5.971338e-01;5.851756e-02;2.557518e-02;1.222549e-02;3.243025e-02;5.542328e-03
3.467176e-02;9.934323e-02;3.679044e-02;1.998614e-02;5.728133e-02;1.298165e-01;4.293402e-01;1.059567e-01;2.962582e-02;2.300998e-02;2.912326e-02;5.054575e-03
6.440684e-02;5.940291e-02;1.313056e-01;5.261230e-02;1.192197e-01;1.563870e-01;1.130803e-01;1.630542e-01;4.480242e-02;4.959201e-02;3.133842e-02;1.479825e-02
3.607695e-02;6.896462e-02;1.846863e-01;4.877608e-02;6.160399e-02;5.751983e-02;3.415328e-01;1.083566e-01;2.438463e-02;3.398534e-02;1.762257e-02;1.649029e-02
3.050350e-02;8.580124e-02;2.048078e-01;3.777605e-02;2.743037e-02;3.689604e-02;4.125473e-01;7.935246e-02;2.492585e-02;2.216912e-02;2.248159e-02;1.530868e-02
4.199994e-02;1.071540e-01;2.013651e-01;3.249871e-02;1.860565e-02;2.773831e-02;4.423565e-01;4.623834e-02;2.412466e-02;2.235270e-02;2.020699e-02;1.535913e-02
4.145490e-02;1.142078e-01;2.199949e-01;3.238308e-02;3.793377e-02;4.746695e-02;3.388889e-01;7.703104e-02;3.644610e-02;2.408732e-02;1.574844e-02;1.435685e-02
4.740132e-02;9.997917e-02;2.514864e-01;3.858225e-02;5.819497e-02;5.338814e-02;1.916576e-01;1.235574e-01;7.761712e-02;2.309269e-02;2.183939e-02;1.320350e-02
5.279397e-02;8.422595e-02;2.785162e-01;3.786959e-02;4.172133e-02;4.759027e-02;2.344837e-01;8.712555e-02;8.354621e-02;2.248541e-02;1.393684e-02;1.570496e-02
2.825675e-02;6.712679e-02;3.698414e-01;4.508185e-02;3.802873e-02;3.204327e-02;2.182368e-01;4.947378e-02;7.049938e-02;4.160252e-02;2.472422e-02;1.508454e-02
2.364529e-02;2.586211e-02;3.180089e-01;7.804462e-02;8.611013e-02;5.129795e-02;2.026112e-01;4.163330e-02;4.984858e-02;5.524350e-02;4.001414e-02;2.768027e-02
3.148337e-02;1.710203e-02;1.948255e-01;7.230315e-02;1.409927e-01;1.357079e-01;2.210767e-01;4.403708e-02;2.486656e-02;4.229568e-02;3.196448e-02;4.334491e-02
5.756915e-02;1.030014e-02;9.086107e-02;7.240070e-02;1.122810e-01;2.061876e-01;2.805874e-01;4.066454e-02;1.620975e-02;6.281851e-02;1.665329e-02;3.346687e-02
5.551779e-02;1.208099e-02;3.342346e-02;9.451846e-02;5.435516e-02;2.049186e-01;3.965774e-01;3.356937e-02;1.387999e-02;8.166073e-02;7.648783e-03;1.184919e-02
3.918540e-02;1.949334e-02;1.530430e-02;1.104575e-01;3.331541e-02;1.677360e-01;5.153453e-01;2.663386e-02;1.151236e-02;5.390644e-02;4.729294e-03;2.380915e-03
2.913949e-02;1.686706e-02;2.004603e-02;1.119602e-01;2.897983e-02;1.553098e-01;5.512742e-01;3.413932e-02;1.125243e-02;3.229829e-02;4.891413e-03;3.841964e-03
4.645941e-02;1.064508e-02;1.899169e-02;1.183884e-01;3.424738e-02;1.892294e-01;4.643345e-01;4.031672e-02;1.009071e-02;5.611407e-02;6.378216e-03;4.804496e-03
7.172371e-02;1.482868e-02;1.425522e-02;1.119708e-01;4.079951e-02;2.482013e-01;3.641683e-01;3.083896e-02;1.029352e-02;8.175320e-02;6.696653e-03;4.470168e-03
9.308259e-02;2.175781e-02;1.779261e-02;9.351595e-02;6.111961e-02;2.757870e-01;2.968080e-01;2.122316e-02;1.552753e-02;8.915585e-02;6.706713e-03;7.523149e-03
9.048114e-02;2.702940e-02;5.133646e-02;5.721451e-02;9.961494e-02;2.124821e-01;2.867754e-01;4.025639e-02;2.560662e-02;7.667196e-02;1.158875e-02;2.094236e-02
1.198885e-01;2.963112e-02;7.692450e-02;4.510397e-02;1.453120e-01;1.269903e-01;2.234742e-01;5.533371e-02;4.574756e-02;5.481779e-02;2.137332e-02;5.540311e-02
1.692492e-01;1.520320e-02;4.471262e-02;3.752506e-02;1.299953e-01;1.600278e-01;2.641188e-01;5.267112e-02;3.464102e-02;1.904156e-02;1.484693e-02;5.796737e-02
2.149350e-01;8.341950e-03;2.191790e-02;2.384204e-02;1.036222e-01;2.426133e-01;2.447988e-01;5.437080e-02;2.295453e-02;2.700917e-02;6.671001e-03;2.892325e-02
1.979408e-01;1.212607e-02;5.111720e-02;2.397459e-02;1.211787e-01;2.288089e-01;2.087822e-01;4.295577e-02;2.978375e-02;3.281083e-02;7.124322e-03;4.339683e-02
1.188113e-01;1.012465e-02;9.950429e-02;4.339902e-02;1.888814e-01;1.658219e-01;1.526608e-01;2.631123e-02;2.873029e-02;2.303694e-02;1.186957e-02;1.308486e-01
4.864203e-02;1.788885e-02;1.613987e-01;7.712681e-02;2.331217e-01;1.026809e-01;6.547848e-02;2.738642e-02;2.503254e-02;3.259503e-02;2.937922e-02;1.792694e-01
5.552700e-02;3.400267e-02;1.977840e-01;9.912820e-02;2.035424e-01;6.944925e-02;6.104705e-02;2.943693e-02;3.238308e-02;4.111765e-02;3.897017e-02;1.376116e-01
8.532295e-02;4.889335e-02;1.835020e-01;1.195898e-01;1.360905e-01;5.955102e-02;1.053632e-01;3.900906e-02;6.399217e-02;5.171277e-02;2.231106e-02;8.466209e-02
9.952065e-02;4.708358e-02;1.082265e-01;1.149667e-01;9.034618e-02;9.229776e-02;2.160634e-01;3.288838e-02;7.133257e-02;3.980008e-02;2.814831e-02;5.932602e-02
1.418275e-01;3.004899e-02;7.135771e-02;9.335913e-02;1.047055e-01;9.195529e-02;2.527465e-01;3.946277e-02;6.084180e-02;5.463223e-02;2.994556e-02;2.911695e-02
1.608789e-01;1.208877e-02;6.644578e-02;7.098570e-02;1.105821e-01;1.217911e-01;2.019314e-01;5.353231e-02;8.198381e-02;6.945664e-02;2.724370e-02;2.307989e-02
1.332556e-01;2.227687e-02;5.379314e-02;6.556606e-02;1.125228e-01;1.711116e-01;1.599701e-01;5.049669e-02;8.068515e-02;7.297149e-02;3.556480e-02;4.178567e-02
8.546323e-02;4.037868e-02;7.538512e-02;9.568346e-02;7.822694e-02;1.333424e-01;1.722655e-01;4.905768e-02;5.479766e-02;1.250452e-01;4.705948e-02;4.329457e-02
7.852525e-02;6.308024e-02;1.221847e-01;7.893285e-02;8.377117e-02;1.021913e-01;1.505927e-01;6.717783e-02;5.640252e-02;1.279054e-01;4.807909e-02;2.115688e-02
4.922461e-02;4.920993e-02;1.201040e-01;6.279415e-02;1.308367e-01;1.006394e-01;1.456039e-01;6.767880e-02;5.672339e-02;6.429855e-02;4.582953e-02;1.070570e-01
5.443624e-02;3.055379e-02;8.547179e-02;4.468253e-02;1.766224e-01;9.169810e-02;1.347198e-01;5.119928e-02;5.557185e-02;5.170350e-02;3.484730e-02;1.884935e-01
4.335766e-02;1.853465e-02;5.860469e-02;6.627730e-02;2.231972e-01;6.654941e-02;8.704604e-02;3.665362e-02;4.014733e-02;4.790899e-02;6.230122e-02;2.494219e-01
2.821743e-02;1.420376e-02;9.804594e-02;1.428170e-01;1.846533e-01;3.383564e-02;2.375471e-02;2.760470e-02;1.887668e-02;5.309962e-02;1.720016e-01;2.028896e-01
2.671204e-02;1.272833e-02;1.448732e-01;2.063523e-01;1.119525e-01;2.943254e-02;3.482017e-02;3.293328e-02;2.125808e-02;4.671559e-02;2.637793e-01;6.844280e-02
2.010138e-02;1.332710e-02;1.911497e-01;2.179249e-01;6.524584e-02;3.073806e-02;5.371498e-02;3.584978e-02;2.147662e-02;2.850688e-02;2.916485e-01;3.031626e-02
1.734259e-02;1.103576e-02;2.645865e-01;2.035473e-01;7.612693e-02;2.502922e-02;4.965916e-02;3.853246e-02;2.089057e-02;1.598371e-02;2.583359e-01;1.892984e-02
1.973033e-02;1.191291e-02;3.309880e-01;1.402137e-01;7.235217e-02;1.992914e-02;3.642574e-02;3.479828e-02;1.747849e-02;6.563415e-02;2.250550e-01;2.548204e-02
2.092739e-02;7.128109e-03;3.468731e-01;8.944680e-02;4.367433e-02;8.778114e-03;4.013490e-02;2.701620e-02;2.377028e-02;1.453307e-01;2.072242e-01;3.969588e-02
1.848666e-02;1.102850e-02;3.310407e-01;7.957043e-02;2.428211e-02;1.304645e-02;7.401103e-02;1.327789e-02;2.180602e-02;2.043341e-01;1.763607e-01;3.275549e-02
1.333464e-02;1.330051e-02;3.555208e-01;5.871817e-02;1.756690e-02;2.028520e-02;8.560982e-02;1.361475e-02;3.245898e-02;2.594000e-01;1.145316e-01;1.565855e-02
1.795699e-02;9.592524e-03;3.810295e-01;3.304438e-02;2.966776e-02;2.100995e-02;7.297729e-02;1.370944e-02;1.972690e-02;3.042760e-01;6.891988e-02;2.808941e-02
3.367319e-02;2.098565e-02;3.657471e-01;2.841893e-02;2.992241e-02;1.581820e-02;7.018950e-02;1.041555e-02;4.729447e-02;3.214446e-01;3.290704e-02;2.318343e-02
4.911389e-02;4.726004e-02;3.312500e-01;1.856009e-02;2.729189e-02;8.870661e-03;6.236232e-02;2.180333e-02;8.680975e-02;3.005482e-01;2.228615e-02;2.384368e-02
5.850573e-02;7.296106e-02;2.885013e-01;3.140455e-02;2.631666e-02;1.357485e-02;6.310339e-02;5.370247e-02;1.032143e-01;2.131309e-01;1.974073e-02;5.584404e-02
6.441482e-02;8.801483e-02;3.366832e-01;4.919580e-02;2.584047e-02;1.778638e-02;7.885289e-02;6.254663e-02;5.856633e-02;1.087645e-01;4.853066e-02;6.080348e-02
7.227514e-02;5.965321e-02;3.868165e-01;5.969261e-02;3.825207e-02;1.608853e-02;6.681130e-02;3.807583e-02;3.801231e-02;1.221090e-01;4.928891e-02;5.292451e-02
5.705700e-02;2.301548e-02;3.210713e-01;9.293569e-02;4.853611e-02;1.368379e-02;4.855605e-02;4.526158e-02;5.643209e-02;2.013044e-01;2.923926e-02;6.290729e-02
3.824727e-02;3.467437e-02;2.442857e-01;7.485447e-02;4.682968e-02;1.288488e-02;6.586599e-02;6.152082e-02;5.518676e-02;2.381340e-01;6.114345e-02;6.637266e-02
3.998588e-02;2.556456e-02;2.823877e-01;5.396167e-02;4.407188e-02;2.432723e-02;8.476326e-02;4.505013e-02;3.606641e-02;2.571382e-01;4.955859e-02;5.712444e-02
5.824517e-02;3.664479e-02;2.486979e-01;4.278921e-02;6.013904e-02;4.265362e-02;8.176576e-02;3.573671e-02;4.800448e-02;2.403806e-01;7.927945e-02;2.566332e-02
7.470446e-02;5.854237e-02;1.981104e-01;6.542132e-02;7.876494e-02;6.786770e-02;7.671393e-02;3.628523e-02;3.081099e-02;1.768428e-01;9.433267e-02;4.160312e-02
7.946586e-02;8.520953e-02;2.264224e-01;6.484620e-02;8.826985e-02;6.892186e-02;7.711145e-02;2.311454e-02;2.612247e-02;1.394114e-01;7.181625e-02;4.928822e-02
8.202298e-02;8.268905e-02;2.307189e-01;7.649310e-02;1.414870e-01;4.211566e-02;8.263790e-02;1.884972e-02;3.768112e-02;1.173744e-01;6.449770e-02;2.343244e-02
7.254644e-02;5.510470e-02;1.567692e-01;1.272985e-01;1.994968e-01;4.975185e-02;1.062191e-01;3.918347e-02;3.229479e-02;7.872020e-02;6.108901e-02;2.152581e-02
8.719072e-02;5.218320e-02;1.424442e-01;1.181063e-01;1.318602e-01;9.487590e-02;1.374200e-01;3.193956e-02;6.248965e-02;7.367824e-02;3.849399e-02;2.931806e-02
7.631744e-02;3.036226e-02;1.199110e-01;5.781645e-02;1.121783e-01;9.967155e-02;1.953657e-01;3.918808e-02;6.242171e-02;6.311449e-02;6.100351e-02;8.264963e-02
4.761016e-02;2.117047e-02;9.311954e-02;5.510954e-02;1.678595e-01;1.404652e-01;1.770436e-01;3.491764e-02;5.138974e-02;4.031982e-02;5.016985e-02;1.208248e-01
2.825292e-02;1.495236e-02;5.826437e-02;5.042856e-02;2.365467e-01;1.720691e-01;1.364959e-01;2.291195e-02;5.300740e-02;2.608098e-02;2.809184e-02;1.728978e-01
5.204190e-02;1.103140e-02;4.458472e-02;3.966568e-02;2.811029e-01;1.717568e-01;6.272847e-02;2.147236e-02;5.467968e-02;3.667877e-02;6.778826e-03;2.174785e-01
1.200832e-01;6.111042e-03;3.564101e-02;1.403802e-02;1.767108e-01;2.214448e-01;7.203921e-02;5.761177e-02;3.289721e-02;1.071243e-01;6.786327e-03;1.495123e-01
1.363653e-01;1.074631e-02;1.592841e-02;2.036562e-02;8.609225e-02;2.928201e-01;9.262615e-02;9.668545e-02;1.449947e-02;1.561170e-01;1.402007e-02;6.373389e-02
8.699125e-02;4.365858e-02;8.425181e-03;3.621528e-02;4.381276e-02;2.840510e-01;2.160504e-01;9.605534e-02;1.720569e-02;1.268290e-01;1.983638e-02;2.086909e-02
2.212808e-02;9.444991e-02;1.869573e-02;3.004180e-02;4.330422e-02;1.839413e-01;4.146450e-01;7.054853e-02;3.235511e-02;5.390175e-02;2.660504e-02;9.383504e-03
1.904731e-02;8.788122e-02;5.831172e-02;1.368632e-02;3.799224e-02;8.308396e-02;4.853618e-01;1.288943e-01;2.544178e-02;2.145020e-02;2.550519e-02;1.334388e-02
2.575590e-02;4.209146e-02;1.049433e-01;8.940155e-03;2.542683e-02;4.295043e-02;4.079941e-01;2.464129e-01;3.414384e-02;2.617770e-02;1.421818e-02;2.094515e-02
3.009819e-02;1.534772e-02;1.253121e-01;3.165841e-02;1.707322e-02;5.077025e-02;2.734511e-01;2.763189e-01;1.055572e-01;3.429032e-02;1.008612e-02;3.003642e-02
3.975001e-02;2.646255e-02;9.672458e-02;1.252514e-01;1.990012e-02;5.515843e-02;1.474664e-01;1.427244e-01;2.733520e-01;3.750138e-02;9.827754e-03;2.588097e-02
5.562622e-02;2.264866e-02;3.921391e-02;1.648045e-01;1.883616e-02;2.567875e-02;1.704751e-01;8.433898e-02;3.205006e-01;6.830326e-02;1.236817e-02;1.720566e-02
5.994764e-02;1.119391e-02;2.617570e-02;1.190151e-01;2.782743e-02;3.136260e-02;1.973863e-01;9.161267e-02;2.712079e-01;1.319062e-01;1.616727e-02;1.619733e-02
4.751011e-02;1.466291e-02;3.258781e-02;6.316406e-02;3.391666e-02;3.516039e-02;1.872459e-01;1.273660e-01;1.888057e-01;2.255842e-01;2.459540e-02;1.940092e-02
5.370200e-02;2.299153e-02;3.953698e-02;6.552986e-02;3.749876e-02;2.937143e-02;1.473257e-01;1.264815e-01;1.411587e-01;2.779479e-01;3.810618e-02;2.034941e-02
1.014027e-01;4.004517e-02;4.055855e-02;9.556759e-02;3.778956e-02;3.292981e-02;1.781302e-01;1.062284e-01;1.048179e-01;1.984152e-01;3.084729e-02;3.326760e-02
8.023700e-02;3.737447e-02;7.515943e-02;6.130294e-02;3.147743e-02;3.947296e-02;2.758642e-01;1.303517e-01;1.637153e-01;5.874960e-02;1.659983e-02;2.969519e-02
4.146725e-02;2.988116e-02;6.709325e-02;3.140137e-02;3.781266e-02;6.310619e-02;3.749725e-01;9.414764e-02;1.636316e-01;6.415482e-02;1.495087e-02;1.738064e-02
3.401721e-02;4.259631e-02;5.092411e-02;3.149447e-02;5.467094e-02;7.835960e-02;3.981645e-01;7.503289e-02;1.055820e-01;8.366412e-02;2.248035e-02;2.301349e-02
7.046834e-02;4.535520e-02;5.287850e-02;4.254320e-02;8.207221e-02;8.632826e-02;2.686200e-01;1.035177e-01;8.748040e-02;9.886204e-02;2.070862e-02;4.116556e-02
9.788613e-02;4.854795e-02;5.431620e-02;5.705785e-02;1.191989e-01;1.266192e-01;1.048340e-01;1.097378e-01;1.409343e-01;7.534079e-02;1.913117e-02;4.639554e-02
9.658359e-02;3.809769e-02;3.586248e-02;4.315871e-02;1.109049e-01;1.798744e-01;1.926111e-01;1.085974e-01;8.485727e-02;6.375196e-02;2.135459e-02;2.434592e-02
1.025176e-01;2.196704e-02;2.676325e-02;3.236609e-02;1.030968e-01;1.960105e-01;3.047822e-01;7.985773e-02;4.915258e-02;5.231658e-02;1.685367e-02;1.431593e-02
9.530976e-02;1.465971e-02;3.621005e-02;3.018245e-02;1.488045e-01;2.104915e-01;2.980065e-01;3.524268e-02;5.339129e-02;2.952728e-02;9.283062e-03;3.889117e-02
6.834769e-02;8.193017e-03;5.738343e-02;4.363817e-02;2.181028e-01;1.921681e-01;1.977251e-01;2.695729e-02;8.231035e-02;1.735930e-02;7.085940e-03;8.072873e-02
4.393025e-02;1.154365e-02;1.111063e-01;8.520060e-02;2.529418e-01;1.376100e-01;8.363747e-02;2.568942e-02;9.781362e-02;2.336841e-02;2.185090e-02;1.053077e-01
3.110101e-02;2.685021e-02;2.107902e-01;1.266486e-01;1.973920e-01;8.200750e-02;6.883549e-02;4.016436e-02;6.389807e-02;4.168960e-02;3.539969e-02;7.522326e-02
6.099777e-02;5.515762e-02;3.030973e-01;1.356955e-01;1.112809e-01;5.224601e-02;5.203171e-02;5.026593e-02;3.723811e-02;7.483937e-02;3.345963e-02;3.369024e-02
7.977687e-02;8.283389e-02;1.859147e-01;6.534316e-02;9.538651e-02;6.191174e-02;1.497921e-01;5.105589e-02;7.048149e-02;9.257913e-02;2.853742e-02;3.638708e-02
6.236789e-02;8.296459e-02;8.795525e-02;4.576541e-02;1.531173e-01;9.289359e-02;1.360706e-01;5.637079e-02;9.847780e-02;1.055302e-01;4.218382e-02;3.630283e-02
4.112750e-02;5.834126e-02;1.657118e-01;7.130409e-02;1.676781e-01;7.649664e-02;6.196454e-02;7.411049e-02;7.838108e-02;1.253671e-01;4.337031e-02;3.614705e-02
3.456271e-02;2.817643e-02;1.269587e-01;9.199974e-02;1.451784e-01;7.743844e-02;1.924912e-01;9.158386e-02;6.118106e-02;9.965449e-02;2.578031e-02;2.499471e-02
6.019323e-02;4.045907e-02;1.293873e-01;1.096994e-01;1.049403e-01;1.102769e-01;1.335255e-01;8.340490e-02;9.170997e-02;4.979806e-02;3.356272e-02;5.304259e-02
4.572842e-02;3.662653e-02;1.558353e-01;9.702541e-02;7.333701e-02;1.191813e-01;1.560664e-01;6.662005e-02;8.570935e-02;4.795174e-02;4.671055e-02;6.920797e-02
5.031550e-02;4.908526e-02;1.187886e-01;6.371874e-02;1.338126e-01;8.467747e-02;1.819339e-01;8.113396e-02;6.226090e-02;6.667800e-02;4.155260e-02;6.604256e-02
3.109419e-02;3.464688e-02;1.788686e-01;9.357529e-02;1.580465e-01;9.533668e-02;8.175828e-02;7.234783e-02;5.857166e-02;9.087505e-02;4.425988e-02;6.061917e-02
3.522428e-02;3.995747e-02;3.772298e-01;9.730012e-02;8.132629e-02;5.258832e-02;1.349153e-01;3.094033e-02;3.915380e-02;2.978744e-02;5.074221e-02;3.083461e-02
3.741607e-02;6.124061e-02;3.950467e-01;9.374937e-02;8.101732e-02;6.360734e-02;1.170171e-01;2.479162e-02;1.755206e-02;4.135684e-02;4.293669e-02;2.426824e-02
4.267614e-02;9.257473e-02;4.338867e-01;6.286629e-02;5.458371e-02;5.517810e-02;9.845971e-02;2.245899e-02;2.702603e-02;6.127825e-02;3.014942e-02;1.886199e-02
3.214735e-02;1.362031e-01;4.560946e-01;2.711284e-02;3.144607e-02;9.241345e-02;5.973228e-02;2.205366e-02;4.688914e-02;6.064774e-02;1.926881e-02;1.599093e-02
4.198247e-02;1.786215e-01;4.078987e-01;3.105297e-02;1.767310e-02;1.659944e-01;1.729260e-02;1.759958e-02;5.983620e-02;3.783252e-02;1.314182e-02;1.107414e-02
6.333354e-02;2.061158e-01;3.617931e-01;3.492984e-02;1.297977e-02;1.866282e-01;2.690713e-02;1.277541e-02;5.998575e-02;1.664540e-02;1.082952e-02;7.076560e-03
9.002467e-02;2.181579e-01;3.682301e-01;4.015016e-02;3.076069e-02;1.371047e-01;2.103057e-02;1.582676e-02;4.322284e-02;1.472306e-02;1.281879e-02;7.949748e-03
1.358402e-01;1.924373e-01;3.218619e-01;4.357836e-02;8.045760e-02;5.517188e-02;2.638949e-02;4.432348e-02;5.720221e-02;1.297250e-02;1.569677e-02;1.406826e-02
1.923737e-01;1.193412e-01;1.973155e-01;5.376083e-02;1.170410e-01;5.131955e-02;5.541054e-02;7.809660e-02;6.684882e-02;2.132822e-02;2.496124e-02;2.220284e-02
1.956254e-01;8.139306e-02;1.498324e-01;4.595552e-02;1.096783e-01;7.038084e-02;7.492031e-02;9.187876e-02;9.689175e-02;3.071424e-02;2.668664e-02;2.604283e-02
1.328614e-01;1.392232e-01;2.460318e-01;2.293281e-02;6.530679e-02;6.455848e-02;5.370637e-02;5.228558e-02;1.550188e-01;2.845404e-02;1.760442e-02;2.201629e-02
8.495915e-02;1.716012e-01;2.855506e-01;2.372364e-02;3.714724e-02;7.769702e-02;3.872261e-02;2.522293e-02;1.733246e-01;4.204351e-02;1.763448e-02;2.237310e-02
6.646220e-02;1.888097e-01;3.456949e-01;2.372638e-02;2.516194e-02;7.163495e-02;1.622894e-02;1.552140e-02;1.702939e-01;4.308296e-02;1.366336e-02;1.971940e-02
4.265723e-02;1.845503e-01;4.184358e-01;1.889854e-02;2.301234e-02;6.139539e-02;1.377002e-02;2.260371e-02;1.288931e-01;4.104549e-02;1.477314e-02;2.996501e-02
4.357254e-02;1.777792e-01;4.676514e-01;2.409049e-02;2.257424e-02;5.217702e-02;1.831397e-02;2.647522e-02;7.791361e-02;4.322153e-02;1.133349e-02;3.489729e-02
1.100191e-01;1.778633e-01;4.335428e-01;3.024833e-02;2.331701e-02;3.732825e-02;1.919693e-02;3.159750e-02;3.998632e-02;4.600746e-02;1.330362e-02;3.758946e-02
1.413650e-01;1.609587e-01;3.790373e-01;3.774086e-02;2.438612e-02;2.961754e-02;3.275333e-02;3.372032e-02;6.453784e-02;3.129653e-02;2.230782e-02;4.227864e-02
1.018738e-01;9.656936e-02;3.437041e-01;4.566149e-02;3.178201e-02;3.158149e-02;3.940504e-02;4.842601e-02;1.489067e-01;3.626705e-02;3.042508e-02;4.539791e-02
9.053874e-02;1.087479e-01;2.597344e-01;5.439552e-02;3.610953e-02;3.588272e-02;3.805623e-02;5.868197e-02;1.714356e-01;6.027734e-02;3.805724e-02;4.808287e-02
9.760107e-02;1.331314e-01;1.848763e-01;6.931980e-02;5.660648e-02;7.017797e-02;5.662331e-02;3.785493e-02;1.039752e-01;9.124008e-02;3.710831e-02;6.148520e-02
9.494269e-02;1.191124e-01;2.465055e-01;8.758279e-02;6.719915e-02;4.321776e-02;5.805890e-02;2.291655e-02;1.234249e-01;7.608312e-02;2.222201e-02;3.873417e-02
8.273961e-02;1.078493e-01;2.930138e-01;7.826857e-02;6.336416e-02;7.422994e-02;4.890736e-02;2.726275e-02;1.300288e-01;4.458360e-02;9.575195e-03;4.017698e-02
6.337243e-02;8.341507e-02;3.214014e-01;3.862104e-02;5.427533e-02;7.561450e-02;6.975272e-02;4.206622e-02;1.112829e-01;5.659478e-02;2.806968e-02;5.553394e-02
7.265713e-02;7.586413e-02;3.411334e-01;3.997264e-02;3.977801e-02;4.473077e-02;7.400596e-02;5.919030e-02;9.373891e-02;5.331348e-02;4.606220e-02;5.955301e-02
8.157519e-02;1.089378e-01;2.794939e-01;4.438274e-02;4.861264e-02;4.677041e-02;7.556190e-02;6.290656e-02;1.012211e-01;6.029445e-02;4.023717e-02;5.000614e-02
8.397561e-02;1.068811e-01;2.209940e-01;5.906634e-02;5.999593e-02;7.064534e-02;9.148727e-02;6.638416e-02;9.829672e-02;4.671107e-02;4.071878e-02;5.484371e-02
7.826309e-02;6.370258e-02;1.277503e-01;5.948547e-02;4.736831e-02;7.771935e-02;1.850636e-01;4.717785e-02;7.968958e-02;7.152697e-02;7.137045e-02;9.088250e-02
8.785205e-02;3.083643e-02;7.656683e-02;5.826197e-02;2.941511e-02;3.157747e-02;1.830418e-01;1.154046e-01;1.819747e-01;9.434316e-02;6.422123e-02;4.650469e-02
7.068560e-02;3.098555e-02;7.272753e-02;6.187365e-02;2.414933e-02;2.992936e-02;1.586294e-01;1.443703e-01;2.253630e-01;7.543641e-02;4.584914e-02;6.000062e-02
5.083312e-02;1.813720e-02;7.280768e-02;9.653957e-02;1.577401e-02;2.484458e-02;1.341069e-01;1.419948e-01;3.159154e-01;5.107621e-02;2.293662e-02;5.503392e-02
7.874195e-02;8.463688e-03;4.219227e-02;2.021548e-01;9.924030e-03;1.093471e-02;8.852796e-02;7.844565e-02;4.104798e-01;4.053724e-02;1.056927e-02;1.902869e-02
1.234665e-01;6.322607e-03;1.617777e-02;2.543321e-01;1.566734e-02;5.833087e-03;6.778931e-02;2.729071e-02;4.055059e-01;5.749005e-02;1.059468e-02;9.529932e-03
1.261974e-01;1.497502e-02;1.478330e-02;1.985877e-01;7.996875e-02;1.002611e-02;5.197302e-02;2.492293e-02;2.962840e-01;1.568988e-01;1.496450e-02;1.041850e-02
7.935722e-02;5.491658e-02;1.585534e-02;7.601933e-02;1.711490e-01;1.679625e-02;3.876072e-02;5.696229e-02;1.141344e-01;2.970085e-01;5.978866e-02;1.925172e-02
4.518948e-02;7.950211e-02;2.877818e-02;3.893273e-02;1.537157e-01;6.898815e-02;2.702553e-02;6.834731e-02;3.746223e-02;2.713968e-01;1.550287e-01;2.563306e-02
4.101770e-02;6.268878e-02;7.237868e-02;2.511765e-02;7.830846e-02;1.156003e-01;3.760134e-02;4.341505e-02;8.449713e-02;1.471989e-01;2.285694e-01;6.360672e-02
7.301662e-02;3.856033e-02;1.187203e-01;2.180833e-02;3.066678e-02;9.365821e-02;5.810731e-02;2.692803e-02;1.162961e-01;7.808212e-02;1.966913e-01;1.474646e-01
1.438806e-01;5.488801e-02;1.177295e-01;4.047015e-02;1.518108e-02;4.580727e-02;6.410177e-02;3.315610e-02;1.275592e-01;8.157014e-02;9.461784e-02;1.810384e-01
2.372081e-01;1.067611e-01;8.178093e-02;4.981777e-02;3.445293e-02;4.816776e-02;5.426832e-02;5.764505e-02;7.735869e-02;5.674933e-02;9.368198e-02;1.021080e-01
1.912868e-01;1.485470e-01;8.687954e-02;3.478440e-02;6.390524e-02;4.126779e-02;4.580434e-02;4.409675e-02;7.931848e-02;8.858105e-02;1.187281e-01;5.680053e-02
1.326130e-01;1.423115e-01;7.549655e-02;4.657476e-02;8.758644e-02;5.931350e-02;6.001195e-02;3.495597e-02;1.147460e-01;1.088042e-01;9.328040e-02;4.430562e-02
7.563600e-02;1.094881e-01;7.813116e-02;6.216623e-02;8.395613e-02;5.328119e-02;5.043717e-02;3.607155e-02;1.344556e-01;1.684029e-01;9.426120e-02;5.371282e-02
7.183069e-02;6.861176e-02;7.991916e-02;6.260928e-02;6.512722e-02;5.036940e-02;6.143640e-02;5.665662e-02;1.430176e-01;1.631953e-01;9.606925e-02;8.115731e-02
9.102730e-02;6.655309e-02;1.214913e-01;1.126449e-01;4.578139e-02;6.545902e-02;5.730277e-02;4.677808e-02;1.589265e-01;1.130485e-01;5.265474e-02;6.833249e-02
1.104227e-01;1.074117e-01;1.113545e-01;1.298223e-01;7.633568e-02;5.752650e-02;4.777792e-02;3.675464e-02;1.510506e-01;6.856246e-02;3.559427e-02;6.738668e-02
8.303191e-02;8.406927e-02;8.656655e-02;1.142218e-01;1.037770e-01;4.912008e-02;7.636656e-02;6.039094e-02;1.030843e-01;8.685283e-02;5.992481e-02;9.259393e-02
9.045250e-02;5.570302e-02;8.970311e-02;1.279268e-01;1.192989e-01;4.564846e-02;8.102746e-02;8.020849e-02;6.936037e-02;9.343833e-02;5.774852e-02;8.948404e-02
1.071384e-01;6.176679e-02;7.531830e-02;1.295472e-01;1.284283e-01;6.872138e-02;6.340807e-02;8.531376e-02;7.969917e-02;7.338389e-02;6.537362e-02;6.190115e-02
8.141705e-02;6.787669e-02;1.172354e-01;6.359371e-02;1.402478e-01;7.748169e-02;7.424664e-02;8.374679e-02;6.421160e-02;7.498287e-02;6.037451e-02;9.458528e-02
