1.036601e-01;9.302495e-02;2.371098e-02;2.992517e-02;2.807460e-02;4.077347e-02;1.894329e-01;1.986030e-01;2.378063e-02;3.379073e-02;1.949067e-01;4.031663e-02
2.071671e-01;2.069762e-01;4.188386e-02;1.933929e-02;1.094808e-02;3.822273e-02;1.025758e-01;7.278156e-02;2.786208e-02;3.952777e-02;2.021306e-01;3.058493e-02
2.281262e-01;2.711555e-01;3.650229e-02;8.162813e-03;6.708625e-03;2.499313e-02;9.489521e-02;9.857911e-02;2.876653e-02;2.784718e-02;1.515577e-01;2.270568e-02
2.696249e-01;3.458996e-01;4.298286e-02;6.535171e-03;1.001763e-02;1.688392e-02;6.254327e-02;8.202501e-02;3.133776e-02;2.057875e-02;9.594890e-02;1.562221e-02
3.768193e-01;3.418153e-01;3.742494e-02;1.496749e-02;3.092822e-02;1.624222e-02;3.183084e-02;7.266150e-02;2.397531e-02;9.925514e-03;3.382336e-02;9.586065e-03
4.215026e-01;2.317780e-01;1.701335e-02;1.314011e-02;5.267722e-02;2.788003e-02;5.142850e-02;8.298778e-02;1.291220e-02;8.383490e-03;7.312436e-02;7.172306e-03
3.735369e-01;1.553824e-01;1.555640e-02;8.365892e-03;4.518339e-02;3.469388e-02;7.751632e-02;7.341790e-02;9.952752e-03;2.253065e-02;1.757351e-01;8.128389e-03
2.657568e-01;7.848205e-02;1.705753e-02;1.246497e-02;1.947926e-02;3.970894e-02;9.779504e-02;6.048854e-02;1.174339e-02;4.911386e-02;3.419841e-01;5.925569e-03
2.093204e-01;8.432396e-02;1.685703e-02;3.815894e-03;5.204601e-03;3.365741e-02;1.036804e-01;5.629537e-02;2.796991e-02;7.750283e-02;3.719112e-01;9.461094e-03
1.992336e-01;6.997941e-02;1.427542e-02;1.079040e-02;1.717283e-02;1.613347e-02;1.791428e-01;9.057806e-02;5.309794e-02;9.031115e-02;2.487418e-01;1.054317e-02
1.722535e-01;9.270695e-02;1.361112e-02;2.340607e-02;2.570445e-02;1.231010e-02;2.291462e-01;1.025527e-01;6.019668e-02;5.955669e-02;1.932656e-01;1.529006e-02
2.011138e-01;1.322611e-01;1.417894e-02;1.822026e-02;2.422386e-02;1.860366e-02;2.047825e-01;1.186101e-01;5.241687e-02;5.831916e-02;1.387048e-01;1.856492e-02
9.302079e-02;1.870185e-01;1.586406e-02;2.403822e-02;2.654909e-02;3.545054e-02;1.916171e-01;1.068072e-01;7.161419e-02;8.151697e-02;1.500550e-01;1.644839e-02
2.227739e-01;2.535851e-01;3.632590e-02;2.560435e-02;2.488052e-02;3.137541e-02;8.121958e-02;6.602728e-02;5.004707e-02;5.272956e-02;1.381918e-01;1.723948e-02
1.969034e-01;2.970024e-01;6.637421e-02;4.775076e-02;2.749331e-02;3.533167e-02;6.962714e-02;6.504629e-02;4.348933e-02;4.679738e-02;8.562400e-02;1.856013e-02
7.935837e-02;2.499393e-01;8.206380e-02;9.665744e-02;4.839433e-02;3.937473e-02;8.144820e-02;1.131278e-01;3.410332e-02;3.952939e-02;1.025385e-01;3.346485e-02
5.172427e-02;1.678229e-01;6.462454e-02;1.337926e-01;9.241667e-02;3.551246e-02;5.512831e-02;1.896541e-01;1.794598e-02;2.592246e-02;1.173178e-01;4.813794e-02
4.884118e-02;1.265078e-01;4.440936e-02;1.426022e-01;1.471884e-01;3.612497e-02;4.231956e-02;2.099798e-01;2.093852e-02;1.836400e-02;1.188973e-01;4.382690e-02
2.731524e-02;7.314776e-02;2.667853e-02;2.086851e-01;1.616658e-01;4.120963e-02;4.061886e-02;2.418270e-01;1.534174e-02;1.927972e-02;1.232034e-01;2.102727e-02
2.212038e-02;5.296171e-02;4.246356e-02;2.405314e-01;1.288524e-01;3.374995e-02;2.335402e-02;2.859352e-01;7.309477e-03;1.056439e-02;1.165334e-01;3.562411e-02
3.803846e-02;1.059222e-01;7.165816e-02;2.267108e-01;8.909178e-02;2.379804e-02;2.030512e-02;2.620363e-01;7.428932e-03;9.443302e-03;1.069355e-01;3.863148e-02
9.591150e-02;2.253785e-01;7.709379e-02;1.459290e-01;6.010464e-02;2.847369e-02;5.862695e-02;1.711350e-01;1.102160e-02;9.940675e-03;7.945574e-02;3.692898e-02
1.524382e-01;2.792778e-01;6.872389e-02;7.128637e-02;5.444307e-02;3.547440e-02;1.028772e-01;1.033617e-01;1.096344e-02;9.325327e-03;7.802373e-02;3.380483e-02
1.873409e-01;1.748724e-01;4.889200e-02;5.600759e-02;6.324562e-02;3.763407e-02;1.009718e-01;1.955572e-01;9.725093e-03;1.977611e-02;8.636799e-02;1.960923e-02
1.562397e-01;1.823379e-01;5.987548e-02;7.292520e-02;7.678854e-02;5.128416e-02;6.044247e-02;2.201477e-01;1.748256e-02;2.169177e-02;5.828713e-02;2.249726e-02
1.390897e-01;1.960782e-01;8.334936e-02;8.597513e-02;6.718251e-02;4.512295e-02;6.663182e-02;2.105097e-01;1.477759e-02;1.907101e-02;4.736386e-02;2.484818e-02
1.234413e-01;1.975623e-01;8.074661e-02;7.828604e-02;6.269728e-02;3.052155e-02;5.577051e-02;2.335311e-01;1.274037e-02;1.779614e-02;7.272528e-02;3.418155e-02
1.408114e-01;1.451168e-01;4.884088e-02;6.296078e-02;6.263471e-02;4.369240e-02;7.142700e-02;2.593033e-01;1.042961e-02;1.999282e-02;9.671479e-02;3.807548e-02
1.466030e-01;6.233792e-02;5.861134e-02;5.810508e-02;7.365438e-02;4.379095e-02;1.284028e-01;2.315236e-01;2.944705e-02;2.889088e-02;9.945595e-02;3.917695e-02
1.444451e-01;1.380320e-01;4.666424e-02;4.652539e-02;5.003249e-02;2.511520e-02;1.441143e-01;1.782727e-01;4.142199e-02;4.755737e-02;9.709269e-02;4.072650e-02
2.415204e-01;2.186377e-01;4.046471e-02;2.940267e-02;3.624951e-02;1.738186e-02;1.015872e-01;1.612822e-01;2.737182e-02;3.999252e-02;5.312376e-02;3.298571e-02
4.075215e-01;2.497668e-01;2.081434e-02;9.861197e-03;1.999344e-02;1.752059e-02;5.776874e-02;1.122968e-01;1.216766e-02;1.434374e-02;5.144181e-02;2.650335e-02
4.255608e-01;2.131191e-01;1.366852e-02;1.454440e-02;1.424394e-02;1.860865e-02;6.175609e-02;9.396473e-02;9.070383e-03;1.142275e-02;9.522972e-02;2.881091e-02
3.412345e-01;1.572857e-01;1.744481e-02;1.651265e-02;1.376826e-02;2.702608e-02;9.240021e-02;8.058910e-02;1.088759e-02;1.721076e-02;1.911933e-01;3.444700e-02
1.740816e-01;1.002243e-01;3.452625e-02;1.100957e-02;1.837488e-02;5.331868e-02;9.309725e-02;6.290052e-02;1.861943e-02;2.375606e-02;3.810678e-01;2.902360e-02
9.686390e-02;4.906982e-02;3.968997e-02;1.417386e-02;2.533023e-02;7.207732e-02;4.786018e-02;4.660659e-02;1.604002e-02;3.906894e-02;5.390018e-01;1.421735e-02
1.115242e-01;7.837689e-02;2.288531e-02;2.539400e-02;3.327724e-02;5.548268e-02;5.539148e-02;7.010240e-02;9.935592e-03;6.386716e-02;4.545524e-01;1.921065e-02
7.791810e-02;1.458113e-01;2.227939e-02;2.434155e-02;6.592925e-02;3.868551e-02;3.732058e-02;8.005776e-02;1.857508e-02;9.948272e-02;3.667430e-01;2.285578e-02
6.424327e-02;1.338323e-01;2.482394e-02;1.810435e-02;8.724186e-02;3.431284e-02;5.469171e-02;7.280686e-02;3.704714e-02;1.136148e-01;3.367487e-01;2.253222e-02
1.186266e-01;8.301032e-02;6.604604e-02;4.347250e-02;9.947217e-02;2.722030e-02;9.515918e-02;8.483125e-02;8.512420e-02;1.045979e-01;1.715330e-01;2.090661e-02
1.109401e-01;8.547346e-02;8.154525e-02;6.174074e-02;8.473099e-02;2.819969e-02;1.316258e-01;1.456568e-01;1.034428e-01;8.656660e-02;6.018316e-02;1.989464e-02
1.271442e-01;1.016296e-01;5.216660e-02;4.072175e-02;5.883553e-02;3.349176e-02;1.372020e-01;1.801352e-01;5.486806e-02;7.325240e-02;1.168769e-01;2.367599e-02
1.025297e-01;1.005818e-01;4.799338e-02;2.494053e-02;4.838437e-02;3.438330e-02;1.587946e-01;1.947444e-01;3.060856e-02;6.617370e-02;1.604838e-01;3.038188e-02
1.193237e-01;9.610371e-02;4.342026e-02;2.090047e-02;4.420050e-02;4.566336e-02;1.231399e-01;2.071665e-01;3.846797e-02;8.084276e-02;1.360917e-01;4.467916e-02
7.574501e-02;7.375258e-02;2.631873e-02;2.596569e-02;4.535057e-02;8.291622e-02;1.560256e-01;1.198245e-01;3.551146e-02;6.328113e-02;2.435106e-01;5.179792e-02
4.525156e-02;5.431549e-02;2.419695e-02;1.904638e-02;3.980140e-02;1.292276e-01;2.193328e-01;8.180544e-02;2.147311e-02;5.200271e-02;2.610929e-01;5.245360e-02
5.597739e-02;2.242729e-02;3.172528e-02;1.273097e-02;1.760066e-02;1.361631e-01;1.895100e-01;1.101685e-01;1.837819e-02;3.202596e-02;3.330172e-01;4.027545e-02
6.871142e-02;9.754663e-03;4.693131e-02;8.034373e-03;1.175986e-02;1.147748e-01;6.837945e-02;9.040496e-02;3.765119e-02;2.598508e-02;4.235319e-01;9.408104e-02
6.386711e-02;1.240008e-02;3.222398e-02;7.724064e-03;1.789121e-02;6.735941e-02;8.657005e-02;4.111230e-02;5.766671e-02;2.888661e-02;3.420137e-01;2.422849e-01
4.968736e-02;2.490209e-02;1.462193e-02;8.594048e-03;1.807226e-02;2.849649e-02;1.287046e-01;1.725825e-02;5.249739e-02;2.443716e-02;2.012378e-01;4.314906e-01
5.702675e-02;3.777692e-02;7.031215e-03;3.727520e-02;9.839232e-03;1.619157e-02;1.621378e-01;1.803195e-02;2.935304e-02;4.168629e-02;8.328074e-02;5.003693e-01
6.092055e-02;4.417700e-02;2.566074e-03;7.574182e-02;4.717321e-03;1.311332e-02;1.878144e-01;1.242167e-02;1.410260e-02;6.412470e-02;4.185270e-02;4.784479e-01
5.181941e-02;4.496458e-02;3.347630e-03;1.089893e-01;1.057894e-03;1.036486e-02;1.915780e-01;1.146510e-02;1.064134e-02;9.661116e-02;3.500501e-02;4.341557e-01
5.867535e-02;3.702199e-02;1.973484e-03;1.120416e-01;2.123587e-03;1.403334e-02;1.733421e-01;2.934964e-02;5.669400e-03;1.426231e-01;4.428422e-02;3.788621e-01
1.186018e-01;2.845168e-02;3.708383e-03;7.513365e-02;8.943846e-03;2.782605e-02;1.378936e-01;7.325394e-02;9.582989e-03;1.692120e-01;3.475578e-02;3.126363e-01
2.063029e-01;2.169426e-02;5.651611e-03;2.348734e-02;1.558563e-02;3.060661e-02;9.962368e-02;1.460376e-01;1.688084e-02;1.352282e-01;2.908155e-02;2.698198e-01
2.621062e-01;2.184233e-02;8.210516e-03;2.203433e-02;2.141851e-02;1.713732e-02;1.016895e-01;2.296279e-01;2.124021e-02;5.197928e-02;3.012106e-02;2.125928e-01
2.664004e-01;2.675761e-02;1.207370e-02;1.994175e-02;2.085703e-02;1.330660e-02;1.306482e-01;2.980124e-01;2.146596e-02;3.432442e-02;1.703688e-02;1.391751e-01
2.233663e-01;2.833387e-02;1.067848e-02;2.419453e-02;1.888697e-02;2.141859e-02;2.013487e-01;3.241718e-01;2.980631e-02;2.496518e-02;1.877731e-02;7.405195e-02
1.633954e-01;2.578786e-02;5.897613e-03;3.461953e-02;1.150794e-02;3.905501e-02;3.318501e-01;2.771530e-01;3.012686e-02;4.160022e-02;1.587967e-02;2.312681e-02
1.469395e-01;4.082765e-02;7.402601e-03;2.744965e-02;1.656737e-02;5.344389e-02;3.551560e-01;2.002760e-01;3.796166e-02;3.105933e-02;3.723058e-02;4.568575e-02
1.622689e-01;7.092372e-02;1.214879e-02;1.542966e-02;1.912354e-02;4.758826e-02;2.588971e-01;2.007811e-01;4.989392e-02;2.245547e-02;9.693595e-02;4.355365e-02
1.636717e-01;9.671170e-02;1.501978e-02;1.971694e-02;1.713465e-02;3.064563e-02;1.649470e-01;2.137346e-01;5.749015e-02;3.875123e-02;1.298725e-01;5.230409e-02
1.680278e-01;6.188200e-02;1.879670e-02;2.728056e-02;1.964870e-02;3.927869e-02;2.240137e-01;1.978504e-01;4.347570e-02;3.939282e-02;9.744488e-02;6.290809e-02
1.201136e-01;5.374211e-02;1.765675e-02;2.736513e-02;2.684453e-02;4.651060e-02;1.642483e-01;1.552026e-01;4.625385e-02;5.121194e-02;2.599893e-01;3.086129e-02
8.105896e-02;4.120694e-02;8.939807e-03;1.627557e-02;2.314250e-02;3.000860e-02;9.823394e-02;9.107378e-02;3.787843e-02;6.100607e-02;4.881700e-01;2.300534e-02
8.442651e-02;1.772952e-02;6.905525e-03;9.411885e-03;9.792618e-03;2.569590e-02;6.162071e-02;3.345976e-02;2.137818e-02;5.065536e-02;6.671470e-01;1.177692e-02
8.645048e-02;1.354646e-02;4.964018e-03;9.094703e-03;4.811482e-03;1.934859e-02;3.760453e-02;2.539704e-02;1.170301e-02;4.679900e-02;7.298433e-01;1.043744e-02
5.755662e-02;2.580619e-02;4.608860e-03;1.093728e-02;1.134183e-02;1.525951e-02;3.440035e-02;4.746318e-02;9.631516e-03;5.580762e-02;7.146457e-01;1.254137e-02
4.545530e-02;4.189247e-02;3.971641e-03;8.521600e-03;2.147290e-02;1.440340e-02;2.468566e-02;6.808823e-02;1.508649e-02;8.308268e-02;6.546723e-01;1.866740e-02
4.644286e-02;4.856164e-02;3.850916e-03;5.707007e-03;3.360834e-02;1.215173e-02;2.666217e-02;9.310720e-02;2.298303e-02;1.034228e-01;5.759888e-01;2.751347e-02
5.246232e-02;3.713798e-02;8.556373e-03;1.111986e-02;3.936951e-02;1.316071e-02;5.190774e-02;1.196107e-01;3.067670e-02;1.196425e-01;4.843746e-01;3.198100e-02
9.117189e-02;2.921817e-02;1.414449e-02;1.951771e-02;3.435116e-02;1.428464e-02;9.954233e-02;2.049790e-01;4.202692e-02;1.023931e-01;3.203601e-01;2.801050e-02
1.012045e-01;2.110085e-02;1.331684e-02;2.216480e-02;2.487388e-02;1.324183e-02;1.425719e-01;2.670358e-01;4.230922e-02;5.739412e-02;2.782791e-01;1.650713e-02
8.717737e-02;2.691096e-02;1.294045e-02;1.228474e-02;2.418925e-02;1.948069e-02;1.993567e-01;3.166393e-01;5.379552e-02;4.411562e-02;1.782622e-01;2.484716e-02
7.073618e-02;3.814286e-02;1.413991e-02;1.986438e-02;1.916241e-02;3.004703e-02;2.845702e-01;2.125539e-01;4.403420e-02;6.328076e-02;1.754438e-01;2.802448e-02
5.376691e-02;5.085669e-02;1.647136e-02;2.813723e-02;1.595936e-02;4.513106e-02;2.901353e-01;1.494013e-01;3.735446e-02;6.369668e-02;2.157743e-01;3.331529e-02
5.855831e-02;5.723789e-02;2.029552e-02;2.026694e-02;3.201240e-02;6.274662e-02;2.313268e-01;1.759468e-01;4.657827e-02;6.494544e-02;2.048446e-01;2.524042e-02
1.035542e-01;4.533046e-02;1.915364e-02;1.306243e-02;3.887890e-02;7.995392e-02;3.213988e-01;1.586038e-01;5.331326e-02;6.270731e-02;7.792953e-02;2.611381e-02
6.820472e-02;4.558706e-02;1.694583e-02;2.078491e-02;3.222101e-02;7.211056e-02;3.638930e-01;1.387032e-01;4.845823e-02;7.587993e-02;8.689407e-02;3.031759e-02
4.506435e-02;6.750801e-02;2.426277e-02;3.034498e-02;1.770965e-02;5.721025e-02;2.891202e-01;2.120592e-01;4.712084e-02;7.242101e-02;1.010749e-01;3.610381e-02
5.600946e-02;7.327785e-02;2.715326e-02;2.871352e-02;2.046725e-02;4.636870e-02;2.246344e-01;1.632822e-01;7.261314e-02;7.412005e-02;1.661396e-01;4.722064e-02
5.994888e-02;4.751416e-02;1.835197e-02;1.583249e-02;2.447726e-02;3.015160e-02;1.166420e-01;1.010361e-01;7.573321e-02;9.464177e-02;3.803336e-01;3.533689e-02
7.590718e-02;6.263456e-02;8.003867e-03;1.192994e-02;3.282125e-02;1.727242e-02;4.916483e-02;6.645770e-02;4.269908e-02;8.997294e-02;5.136892e-01;2.944701e-02
5.969563e-02;8.923738e-02;6.054330e-03;1.033007e-02;3.793808e-02;1.804381e-02;3.384173e-02;6.172401e-02;4.219410e-02;9.143589e-02;5.283519e-01;2.115312e-02
3.899391e-02;1.259638e-01;4.943522e-03;1.026459e-02;5.201564e-02;1.435101e-02;3.437887e-02;6.203861e-02;6.020011e-02;1.113444e-01;4.567077e-01;2.879770e-02
2.343600e-02;1.552777e-01;1.310218e-02;1.204354e-02;6.842053e-02;2.173384e-02;3.701200e-02;4.142582e-02;7.084664e-02;1.358053e-01;3.846028e-01;3.629358e-02
3.558515e-02;1.227302e-01;3.305338e-02;1.756660e-02;7.053576e-02;4.215633e-02;6.523976e-02;9.116595e-02;6.070152e-02;1.260355e-01;3.062141e-01;2.901582e-02
7.765846e-02;5.118274e-02;4.633480e-02;2.546477e-02;4.957353e-02;4.899353e-02;1.590808e-01;1.617148e-01;5.152630e-02;9.629749e-02;2.188311e-01;1.334166e-02
8.225968e-02;4.505631e-02;3.388533e-02;2.963440e-02;2.739820e-02;4.446562e-02;2.168151e-01;2.171853e-01;4.680639e-02;6.531242e-02;1.751534e-01;1.602786e-02
6.226372e-02;7.165908e-02;2.783931e-02;2.202712e-02;2.748136e-02;4.845708e-02;2.766352e-01;2.280306e-01;3.356954e-02;5.014764e-02;1.333404e-01;1.854903e-02
6.027853e-02;9.614451e-02;2.756075e-02;1.349485e-02;2.706777e-02;4.771705e-02;3.434299e-01;2.066008e-01;2.210326e-02;3.509159e-02;9.998396e-02;2.052705e-02
8.253132e-02;1.172187e-01;2.839326e-02;2.035736e-02;1.991891e-02;4.761633e-02;2.772121e-01;1.955971e-01;2.200823e-02;3.374252e-02;1.320840e-01;2.332015e-02
1.197169e-01;9.814897e-02;2.981693e-02;2.080402e-02;3.558146e-02;6.039574e-02;1.953555e-01;1.668113e-01;3.561235e-02;6.005372e-02;1.494007e-01;2.830248e-02
9.492920e-02;7.625896e-02;3.243335e-02;2.384238e-02;5.179506e-02;6.984178e-02;3.082617e-01;1.118152e-01;5.324886e-02;6.733266e-02;7.896484e-02;3.127598e-02
4.738821e-02;8.380470e-02;1.990079e-02;3.070099e-02;6.370196e-02;8.422136e-02;3.180526e-01;8.257117e-02;8.622483e-02;7.296174e-02;7.140409e-02;3.906759e-02
2.270569e-02;5.709566e-02;1.477515e-02;4.349665e-02;3.629990e-02;8.807009e-02;2.735514e-01;1.847002e-01;8.608450e-02;5.326097e-02;1.021990e-01;3.776085e-02
5.956125e-02;3.399704e-02;1.854776e-02;7.177573e-02;3.578374e-02;1.226701e-01;1.962982e-01;1.978226e-01;7.534979e-02;5.021457e-02;8.577982e-02;5.219942e-02
7.236177e-02;3.853912e-02;4.306826e-02;6.222191e-02;7.215691e-02;1.635628e-01;1.411124e-01;7.430296e-02;4.580877e-02;4.683724e-02;2.057125e-01;3.431537e-02
8.023817e-02;3.619230e-02;4.362020e-02;4.742478e-02;6.284054e-02;1.544611e-01;1.893234e-01;4.493372e-02;2.980422e-02;2.786771e-02;2.429130e-01;4.038075e-02
1.114663e-01;2.999071e-02;2.378331e-02;5.839424e-02;3.198408e-02;9.858867e-02;3.100526e-01;4.290523e-02;1.798979e-02;2.066291e-02;1.860233e-01;6.815889e-02
1.660018e-01;3.450321e-02;3.926053e-03;6.214488e-02;1.534555e-02;3.677516e-02;3.727574e-01;9.215973e-02;1.004825e-02;2.886105e-02;1.041311e-01;7.334585e-02
2.417390e-01;3.888827e-02;5.715870e-03;4.311556e-02;1.778886e-02;2.808461e-02;2.869904e-01;1.787331e-01;1.206937e-02;3.581624e-02;6.260277e-02;4.845588e-02
3.065863e-01;5.396561e-02;5.435364e-03;7.968793e-03;1.570362e-02;2.776370e-02;1.614208e-01;3.016748e-01;1.560701e-02;2.890041e-02;5.246698e-02;2.250667e-02
2.778668e-01;5.861042e-02;9.902490e-03;2.046883e-02;9.116754e-03;3.057327e-02;1.292603e-01;3.646829e-01;2.160477e-02;1.275293e-02;4.688206e-02;1.827856e-02
2.768215e-01;5.985993e-02;7.979454e-03;1.078759e-02;2.076212e-02;3.165226e-02;9.583011e-02;3.941337e-01;2.187977e-02;1.477674e-02;5.101163e-02;1.450530e-02
2.891476e-01;9.279316e-02;6.360901e-03;1.015919e-02;3.394184e-02;2.909614e-02;9.178286e-02;3.414321e-01;2.278987e-02;1.293342e-02;5.852920e-02;1.103374e-02
2.634095e-01;1.362431e-01;6.940219e-03;6.415261e-03;3.830227e-02;2.910634e-02;1.276379e-01;2.439483e-01;2.053626e-02;1.567036e-02;1.011440e-01;1.064647e-02
2.162733e-01;2.023423e-01;1.653260e-02;1.040525e-02;3.869416e-02;2.649670e-02;1.411017e-01;1.891431e-01;2.510089e-02;2.136153e-02;1.026341e-01;9.914434e-03
2.654933e-01;1.714452e-01;1.731140e-02;1.817962e-02;4.714358e-02;3.440516e-02;1.102384e-01;1.963932e-01;2.184547e-02;3.197397e-02;7.290058e-02;1.267018e-02
2.078394e-01;9.588030e-02;1.240747e-02;1.888603e-02;6.468233e-02;4.774840e-02;1.010500e-01;2.129313e-01;2.668563e-02;4.355677e-02;1.551967e-01;1.313579e-02
1.300119e-01;6.441477e-02;2.108158e-02;2.932861e-02;6.568123e-02;5.191367e-02;1.226644e-01;2.497819e-01;4.034849e-02;3.740025e-02;1.674289e-01;1.994437e-02
1.833104e-01;7.437052e-02;2.587534e-02;2.823999e-02;6.060471e-02;4.469757e-02;1.143099e-01;2.555219e-01;5.742362e-02;3.412657e-02;1.143528e-01;7.166705e-03
1.748683e-01;9.646130e-02;2.648970e-02;2.765406e-02;5.240422e-02;4.370552e-02;1.315793e-01;2.449136e-01;6.421088e-02;5.762680e-02;6.299471e-02;1.709159e-02
1.180840e-01;1.299552e-01;3.316956e-02;4.758405e-02;3.824599e-02;6.307121e-02;1.473065e-01;1.865819e-01;5.525292e-02;7.534032e-02;8.659269e-02;1.881562e-02
1.545297e-01;2.281102e-01;3.634827e-02;2.908849e-02;2.801148e-02;5.356340e-02;1.109985e-01;1.345212e-01;6.893080e-02;6.874096e-02;7.442506e-02;1.273191e-02
1.638167e-01;3.975816e-01;4.297052e-02;1.595999e-02;1.502540e-02;4.318995e-02;5.442343e-02;7.624493e-02;8.512480e-02;6.111466e-02;3.736017e-02;7.187813e-03
1.887466e-01;5.004513e-01;3.457593e-02;8.862623e-03;1.836578e-02;4.788534e-02;1.610245e-02;3.060630e-02;1.032329e-01;3.489495e-02;9.047067e-03;7.228764e-03
2.422780e-01;4.568995e-01;2.269240e-02;6.179465e-03;4.638579e-02;3.628789e-02;2.059119e-02;3.085269e-02;9.603388e-02;1.672906e-02;1.801285e-02;7.057299e-03
3.673541e-01;3.363433e-01;1.164477e-02;1.123878e-02;7.593271e-02;1.123279e-02;1.485375e-02;6.211328e-02;5.811778e-02;1.573765e-02;2.498908e-02;1.044202e-02
5.339292e-01;1.476357e-01;1.613783e-02;1.497708e-02;5.599462e-02;1.287840e-02;2.580435e-02;1.167917e-01;2.472372e-02;1.993017e-02;1.924819e-02;1.194902e-02
4.813137e-01;2.286785e-01;1.503352e-02;7.795409e-03;1.562811e-02;1.814930e-02;2.602609e-02;1.112397e-01;3.490742e-02;2.579727e-02;2.924530e-02;6.185654e-03
4.765589e-01;2.420318e-01;1.467233e-02;5.436331e-03;5.180733e-02;1.324904e-02;2.557539e-02;9.435479e-02;2.712367e-02;2.673087e-02;1.702298e-02;5.436608e-03
5.180842e-01;2.047789e-01;1.295829e-02;4.488282e-03;6.336994e-02;8.152202e-03;2.123930e-02;1.130214e-01;1.179191e-02;1.400731e-02;2.297609e-02;5.132144e-03
5.278833e-01;2.258418e-01;1.199452e-02;1.702430e-03;4.949997e-02;5.809928e-03;1.585728e-02;1.238279e-01;8.425993e-03;9.066284e-03;1.320674e-02;6.883878e-03
5.472125e-01;2.008788e-01;1.184463e-02;2.681552e-03;3.142896e-02;6.553915e-03;1.906307e-02;1.325683e-01;5.860514e-03;8.704000e-03;2.584335e-02;7.360354e-03
5.283648e-01;2.090377e-01;1.136343e-02;3.262037e-03;2.151737e-02;8.636370e-03;3.337168e-02;1.209379e-01;1.083198e-02;1.635984e-02;2.589141e-02;1.042552e-02
4.890343e-01;2.101973e-01;1.037309e-02;4.503805e-03;2.339915e-02;1.543311e-02;4.868072e-02;1.028057e-01;1.186496e-02;2.254453e-02;4.944523e-02;1.171802e-02
3.668510e-01;1.571491e-01;1.514241e-02;2.102385e-02;3.861714e-02;3.075132e-02;8.415390e-02;9.343277e-02;1.901373e-02;3.754171e-02;1.206665e-01;1.565654e-02
2.354361e-01;1.387451e-01;2.739345e-02;2.381115e-02;4.643885e-02;4.124520e-02;1.252731e-01;1.100803e-01;3.385552e-02;6.154329e-02;1.293547e-01;2.682312e-02
1.521475e-01;1.320864e-01;4.844065e-02;2.737996e-02;5.789898e-02;4.500570e-02;1.632573e-01;1.467765e-01;4.550566e-02;8.895221e-02;6.054142e-02;3.200776e-02
1.553140e-01;1.351507e-01;5.016921e-02;4.051534e-02;8.130408e-02;3.989026e-02;1.421165e-01;1.038816e-01;6.067687e-02;9.297962e-02;6.065354e-02;3.734820e-02
1.962695e-01;1.322358e-01;4.014488e-02;4.118285e-02;6.340538e-02;4.748056e-02;1.240079e-01;8.587036e-02;6.618566e-02;9.303331e-02;7.255013e-02;3.763369e-02
1.886127e-01;9.143794e-02;5.347404e-02;5.593728e-02;3.666570e-02;4.396270e-02;1.135042e-01;8.857371e-02;6.006274e-02;1.117790e-01;1.118741e-01;4.411590e-02
1.823693e-01;8.827117e-02;9.130124e-02;6.299675e-02;4.080831e-02;4.365665e-02;8.035862e-02;7.185242e-02;5.344671e-02;1.410364e-01;9.760095e-02;4.630150e-02
1.617451e-01;8.894676e-02;9.839109e-02;5.278531e-02;4.451135e-02;5.170568e-02;1.179005e-01;1.115654e-01;4.881882e-02;1.275019e-01;5.445510e-02;4.167290e-02
1.643894e-01;6.090126e-02;5.865888e-02;8.707099e-02;2.397284e-02;5.130990e-02;1.413152e-01;1.072849e-01;6.379256e-02;1.212988e-01;7.512157e-02;4.488373e-02
1.620403e-01;7.664455e-02;3.485436e-02;9.808079e-02;3.192031e-02;6.961084e-02;1.203771e-01;5.879745e-02;1.034030e-01;1.302110e-01;7.009349e-02;4.396692e-02
1.672237e-01;1.043343e-01;3.255595e-02;7.303445e-02;3.163253e-02;7.746124e-02;1.099727e-01;5.103546e-02;7.836606e-02;1.226603e-01;8.071598e-02;7.100737e-02
1.621714e-01;1.168573e-01;2.916992e-02;3.540233e-02;5.226348e-02;4.860056e-02;1.130753e-01;7.639502e-02;1.001966e-01;1.326743e-01;7.198562e-02;6.120817e-02
1.414974e-01;8.405818e-02;4.384467e-02;5.859838e-02;6.587844e-02;6.989975e-02;6.591035e-02;1.145312e-01;9.505951e-02;1.372844e-01;7.121325e-02;5.222449e-02
1.242330e-01;7.857437e-02;3.615354e-02;6.243389e-02;6.349716e-02;8.459891e-02;6.511832e-02;9.186777e-02;1.327004e-01;1.733108e-01;5.370303e-02;3.380884e-02
9.685974e-02;8.422180e-02;4.984770e-02;5.372208e-02;6.909660e-02;7.210707e-02;7.121082e-02;8.164031e-02;1.639827e-01;1.612321e-01;5.151474e-02;4.456428e-02
6.954463e-02;7.848114e-02;6.551821e-02;9.148984e-02;6.183040e-02;6.284835e-02;8.817554e-02;1.174803e-01;1.109625e-01;1.510441e-01;6.882419e-02;3.380078e-02
8.850056e-02;9.278376e-02;6.674679e-02;7.873086e-02;8.939448e-02;5.609223e-02;1.143530e-01;1.493001e-01;6.020872e-02;1.049843e-01;7.820845e-02;2.069662e-02
8.998413e-02;1.030634e-01;4.446595e-02;6.691992e-02;1.023355e-01;6.234264e-02;1.087753e-01;1.347814e-01;9.790633e-02;9.900593e-02;5.798567e-02;3.243385e-02
1.547967e-01;1.090649e-01;2.288702e-02;6.107586e-02;7.102066e-02;4.332127e-02;1.073449e-01;6.375258e-02;1.170448e-01;1.051411e-01;1.102213e-01;3.432891e-02
1.245000e-01;1.309186e-01;3.275306e-02;3.593500e-02;3.802072e-02;2.975833e-02;9.974125e-02;1.159713e-01;7.610039e-02;5.924053e-02;2.365543e-01;2.050650e-02
9.408636e-02;8.052546e-02;3.163796e-02;2.359338e-02;2.747282e-02;2.350244e-02;9.242352e-02;1.246830e-01;4.747283e-02;5.333593e-02;3.950124e-01;6.253907e-03
3.805231e-02;4.136939e-02;1.666229e-02;4.572027e-02;2.155556e-02;1.209427e-02;4.855435e-02;8.950448e-02;2.590788e-02;6.527249e-02;5.888821e-01;6.424521e-03
3.721437e-02;3.044030e-02;6.438978e-03;6.000792e-02;2.126430e-02;6.485913e-03;1.316806e-02;4.282210e-02;1.347739e-02;7.438623e-02;6.896938e-01;4.600631e-03
2.218790e-02;1.699066e-02;4.273193e-03;5.043705e-02;3.739714e-02;6.982067e-03;2.697561e-02;3.265304e-02;1.599650e-02;9.701264e-02;6.841376e-01;4.956631e-03
1.638536e-02;1.999440e-02;4.012459e-03;2.933861e-02;5.646209e-02;1.002981e-02;1.993076e-02;1.817950e-02;1.581816e-02;1.268633e-01;6.755860e-01;7.399453e-03
1.286009e-02;2.338929e-02;6.798826e-03;9.059329e-03;6.917392e-02;1.584890e-02;2.167815e-02;5.184224e-02;1.317305e-02;1.406732e-01;6.287715e-01;6.731434e-03
2.474369e-02;1.234556e-02;1.416545e-02;1.073371e-02;7.728475e-02;2.751799e-02;2.599141e-02;6.217045e-02;1.995104e-02;1.358938e-01;5.827566e-01;6.445529e-03
2.098583e-02;1.302272e-02;2.703242e-02;2.143113e-02;8.349884e-02;3.841556e-02;4.922965e-02;9.384272e-02;3.636570e-02;1.235981e-01;4.891174e-01;3.459902e-03
3.825533e-02;1.081376e-02;3.138153e-02;6.386638e-02;6.041377e-02;3.489863e-02;8.781089e-02;1.562443e-01;7.240574e-02;9.242296e-02;3.461956e-01;5.291121e-03
5.232253e-02;2.982279e-02;2.965260e-02;1.363126e-01;3.715019e-02;2.509670e-02;9.036160e-02;2.370957e-01;1.361618e-01;5.988983e-02;1.601504e-01;5.983225e-03
3.805725e-02;5.465540e-02;4.668600e-02;1.046424e-01;1.658672e-02;3.139624e-02;1.449106e-01;3.319741e-01;9.688351e-02;3.734919e-02;7.841359e-02;1.844496e-02
2.016156e-02;8.473139e-02;7.179891e-02;4.398362e-02;1.521457e-02;3.159827e-02;1.805418e-01;3.595456e-01;4.010522e-02;2.900178e-02;9.485944e-02;2.845776e-02
4.746446e-02;1.423552e-01;6.621911e-02;1.467750e-02;1.308582e-02;2.645600e-02;2.290171e-01;3.178914e-01;1.976007e-02;2.109171e-02;7.969474e-02;2.228699e-02
7.874735e-02;1.844001e-01;3.993370e-02;1.082865e-02;1.118654e-02;3.316827e-02;2.769903e-01;2.692296e-01;1.394755e-02;1.231771e-02;5.607475e-02;1.317554e-02
1.037362e-01;1.950660e-01;3.165055e-02;1.550705e-02;1.240195e-02;4.502660e-02;2.593540e-01;2.540216e-01;1.982839e-02;1.058460e-02;4.044438e-02;1.237861e-02
1.402264e-01;1.959959e-01;3.243631e-02;2.158430e-02;1.790310e-02;5.105370e-02;1.412950e-01;2.543736e-01;2.435034e-02;2.256254e-02;7.932592e-02;1.889294e-02
9.963423e-02;1.418654e-01;3.178782e-02;2.708014e-02;4.149358e-02;4.883631e-02;2.733204e-01;1.863251e-01;2.245635e-02;3.128262e-02;8.067505e-02;1.524302e-02
6.825558e-02;1.384170e-01;5.185584e-02;2.480838e-02;3.196761e-02;1.538660e-02;2.738173e-01;2.290507e-01;1.752016e-02;2.489904e-02;1.164923e-01;7.529526e-03
5.552268e-02;1.199597e-01;4.728492e-02;2.932869e-02;1.851571e-02;3.399408e-02;2.235384e-01;2.000527e-01;1.736058e-02;2.918274e-02;2.148308e-01;1.042903e-02
9.817809e-02;1.757954e-01;4.738624e-02;3.414921e-02;2.278286e-02;4.313985e-02;2.308344e-01;8.892294e-02;2.277438e-02;3.692595e-02;1.884628e-01;1.064784e-02
7.917870e-02;2.211017e-01;7.113142e-02;3.226093e-02;2.480903e-02;6.817861e-02;1.804169e-01;8.976143e-02;4.078392e-02;4.772777e-02;1.002589e-01;4.439064e-02
1.328936e-01;1.586270e-01;5.735184e-02;2.006622e-02;2.056555e-02;5.472849e-02;1.626534e-01;1.064534e-01;2.322526e-02;3.775533e-02;1.801853e-01;4.549459e-02
9.743494e-02;1.111767e-01;5.072434e-02;1.683288e-02;2.065165e-02;3.928281e-02;1.370603e-01;9.969967e-02;1.689959e-02;4.268139e-02;3.466577e-01;2.089803e-02
5.139097e-02;1.410820e-01;4.792105e-02;1.297482e-02;1.747352e-02;2.374912e-02;9.852093e-02;6.032735e-02;1.442405e-02;6.024094e-02;4.630288e-01;8.866525e-03
6.370746e-02;1.796323e-01;4.401347e-02;1.223263e-02;1.508228e-02;2.653495e-02;7.460562e-02;7.670355e-02;1.588997e-02;6.068140e-02;4.211662e-01;9.750238e-03
8.252370e-02;2.383686e-01;3.768862e-02;2.103983e-02;1.742243e-02;3.842162e-02;7.500246e-02;1.189315e-01;2.259353e-02;4.557532e-02;2.851277e-01;1.730462e-02
1.301894e-01;2.680234e-01;2.801830e-02;3.509060e-02;1.569772e-02;3.628128e-02;7.845686e-02;1.342233e-01;3.634458e-02;3.131498e-02;1.868614e-01;1.949818e-02
2.088453e-01;2.614857e-01;2.028113e-02;4.019072e-02;3.210991e-02;2.223058e-02;9.632382e-02;1.337105e-01;4.515218e-02;2.931017e-02;9.237961e-02;1.798028e-02
2.506450e-01;2.268635e-01;3.057660e-02;9.577509e-03;5.845428e-02;1.289812e-02;1.186331e-01;1.349065e-01;3.178990e-02;1.905371e-02;9.259712e-02;1.400463e-02
2.557318e-01;1.340294e-01;2.509362e-02;3.908800e-02;3.796749e-02;4.248852e-02;1.307235e-01;1.354586e-01;1.827735e-02;2.620819e-02;1.391876e-01;1.574593e-02
2.245259e-01;1.253026e-01;1.661895e-02;2.724887e-02;3.021407e-02;3.884515e-02;1.080830e-01;1.751059e-01;2.662675e-02;3.384536e-02;1.667900e-01;2.679336e-02
