9.998751e-02;7.185078e-02;1.269089e-01;6.063260e-02;8.969317e-02;9.912102e-02;7.990794e-02;5.786902e-02;1.122781e-01;5.717925e-02;7.711243e-02;6.745933e-02
9.205285e-02;6.134629e-02;1.362962e-01;9.264871e-02;9.793063e-02;8.813574e-02;8.448042e-02;8.567391e-02;6.487272e-02;7.085536e-02;5.463216e-02;7.107497e-02
7.189913e-02;5.806608e-02;1.451715e-01;1.296778e-01;8.077921e-02;6.847202e-02;8.658435e-02;9.264238e-02;8.073246e-02;6.283557e-02;5.068814e-02;7.245136e-02
5.965780e-02;7.184803e-02;1.377517e-01;1.164286e-01;4.189325e-02;6.122918e-02;1.255132e-01;1.306489e-01;9.259783e-02;5.700623e-02;4.848650e-02;5.693880e-02
5.805684e-02;9.350595e-02;1.077633e-01;4.691040e-02;5.830349e-02;7.670498e-02;1.766824e-01;1.789824e-01;7.052993e-02;6.827120e-02;4.092938e-02;2.335968e-02
4.567119e-02;6.703215e-02;1.534465e-01;9.301735e-02;9.677747e-02;6.502794e-02;1.302016e-01;1.362957e-01;9.233651e-02;4.748822e-02;3.669304e-02;3.601231e-02
4.618603e-02;5.339772e-02;1.270739e-01;1.075079e-01;1.095857e-01;1.166377e-01;1.023734e-01;9.685787e-02;9.954549e-02;4.353118e-02;5.193875e-02;4.536434e-02
1.530183e-01;1.242464e-01;1.315895e-01;8.172274e-02;4.838181e-02;6.180739e-02;8.650772e-02;6.557931e-02;6.173082e-02;5.852067e-02;6.167708e-02;6.521818e-02
1.804926e-01;1.244889e-01;1.305497e-01;7.413998e-02;6.128822e-02;4.794219e-02;9.704973e-02;6.271379e-02;6.346945e-02;6.278022e-02;4.545145e-02;4.963378e-02
1.556024e-01;1.021267e-01;9.876863e-02;1.220145e-01;7.799658e-02;4.701470e-02;9.986171e-02;5.559332e-02;9.075738e-02;7.092311e-02;4.109435e-02;3.824659e-02
1.101420e-01;7.029431e-02;5.476629e-02;2.262106e-01;7.387162e-02;3.197942e-02;8.116744e-02;4.716236e-02;1.674250e-01;7.640900e-02;3.464188e-02;2.593003e-02
4.836505e-02;3.068287e-02;5.590715e-02;3.241968e-01;3.565540e-02;1.332892e-02;6.120810e-02;6.022310e-02;2.957239e-01;4.768619e-02;1.459752e-02;1.242501e-02
1.751303e-02;9.591523e-03;1.148140e-01;2.629099e-01;9.170276e-03;1.391043e-02;8.713244e-02;1.018834e-01;3.460290e-01;2.599966e-02;4.320167e-03;6.726069e-03
1.057012e-02;1.287520e-02;1.327355e-01;1.731600e-01;1.402967e-02;1.829397e-02;1.241053e-01;1.381179e-01;3.304869e-01;3.222559e-02;5.077627e-03;8.322294e-03
6.631189e-03;1.008986e-02;1.639838e-01;1.179551e-01;6.448018e-03;2.167652e-02;2.029430e-01;1.872531e-01;2.342905e-01;3.849757e-02;4.172787e-03;6.058468e-03
1.712100e-02;3.949151e-02;2.047389e-01;6.184475e-02;1.157677e-02;3.073143e-02;2.780770e-01;1.728899e-01;1.295899e-01;4.117520e-02;5.072799e-03;7.690902e-03
5.828693e-02;8.159389e-02;1.891059e-01;2.229791e-02;2.943101e-02;4.734427e-02;2.848396e-01;1.318076e-01;8.888821e-02;4.147561e-02;7.361679e-03;1.756742e-02
1.295555e-01;9.522192e-02;1.637492e-01;3.922181e-02;5.984985e-02;7.286661e-02;2.293591e-01;7.411245e-02;6.084317e-02;2.913809e-02;9.657439e-03;3.642482e-02
1.510388e-01;8.634682e-02;2.696446e-01;9.826196e-02;7.935810e-02;5.828329e-02;1.280491e-01;2.477351e-02;2.455536e-02;1.523707e-02;1.719909e-02;4.725235e-02
6.212449e-02;6.177096e-02;5.503376e-01;1.123635e-01;6.071215e-02;3.380072e-02;3.216101e-02;2.476814e-02;1.160110e-02;1.135562e-02;1.284960e-02;2.615508e-02
1.860273e-02;4.648024e-02;7.355277e-01;6.310672e-02;3.698608e-02;1.490787e-02;3.117063e-02;1.678272e-02;1.207922e-02;1.348926e-02;4.285482e-03;6.581384e-03
3.479376e-02;8.945490e-02;6.916569e-01;3.637188e-02;1.904999e-02;1.698533e-02;4.421090e-02;1.989435e-02;2.075306e-02;1.317225e-02;5.454251e-03;8.202419e-03
6.539879e-02;1.364405e-01;6.064762e-01;3.950979e-02;1.365799e-02;2.575748e-02;3.825016e-02;2.184075e-02;2.489376e-02;9.840884e-03;8.870215e-03;9.063545e-03
1.195782e-01;1.567640e-01;5.215705e-01;3.318575e-02;7.283872e-03;1.885854e-02;3.847845e-02;2.658907e-02;4.091504e-02;1.314865e-02;1.134363e-02;1.228427e-02
1.165718e-01;1.444938e-01;4.880373e-01;3.184573e-02;1.580628e-02;2.330041e-02;4.149906e-02;3.280838e-02;5.234267e-02;1.702292e-02;1.809655e-02;1.817515e-02
9.675930e-02;8.645372e-02;2.247311e-01;8.635042e-02;7.941514e-02;7.575206e-02;1.066244e-01;6.558821e-02;5.869665e-02;2.739081e-02;2.972185e-02;6.251629e-02
9.381828e-02;7.294353e-02;1.023770e-01;7.244828e-02;8.633159e-02;1.122045e-01;1.603882e-01;8.421466e-02;8.859520e-02;2.589817e-02;4.580611e-02;5.497456e-02
9.162509e-02;6.713980e-02;9.360589e-02;4.156836e-02;7.551253e-02;1.376457e-01;2.112797e-01;6.841605e-02;9.887577e-02;3.473443e-02;4.299024e-02;3.660647e-02
7.707050e-02;5.464600e-02;8.936291e-02;3.504385e-02;6.613693e-02;1.715429e-01;2.583871e-01;6.878401e-02;9.023870e-02;3.728984e-02;2.520143e-02;2.629581e-02
6.501526e-02;4.487855e-02;6.243655e-02;3.874295e-02;6.295672e-02;2.104199e-01;2.989655e-01;8.286938e-02;8.007747e-02;2.950336e-02;8.951670e-03;1.518271e-02
8.396071e-02;3.076543e-02;7.175551e-02;2.738726e-02;9.709528e-02;1.763885e-01;2.126278e-01;8.352134e-02;1.049325e-01;3.048346e-02;9.113995e-03;7.196824e-02
1.124372e-01;2.966178e-02;6.863791e-02;5.448142e-02;1.494252e-01;8.247270e-02;9.504328e-02;4.956066e-02;1.205235e-01;3.767798e-02;2.940460e-02;1.706738e-01
1.068113e-01;5.677458e-02;4.032910e-02;1.581512e-01;1.292243e-01;4.035155e-02;3.607596e-02;3.860892e-02;7.476044e-02;5.215662e-02;8.966064e-02;1.770953e-01
5.689519e-02;5.375749e-02;3.796455e-02;3.538025e-01;6.401663e-02;3.200785e-02;2.005022e-02;3.453067e-02;3.164472e-02;4.327318e-02;1.753932e-01;9.666378e-02
1.529558e-02;2.934755e-02;3.281705e-02;5.070497e-01;1.614681e-02;2.938410e-02;9.509856e-03;7.414889e-02;1.023275e-02;1.965531e-02;2.389548e-01;1.745757e-02
8.842804e-03;2.008314e-02;4.202269e-02;4.408359e-01;1.633170e-02;3.803955e-02;1.092065e-02;1.473118e-01;9.960520e-03;1.271685e-02;2.450504e-01;7.884047e-03
8.747051e-03;4.240984e-02;3.634752e-02;3.403377e-01;2.431189e-02;4.585679e-02;1.030523e-02;2.024888e-01;1.172213e-02;1.279117e-02;2.575161e-01;7.165719e-03
6.395763e-03;9.543359e-02;2.740506e-02;2.354551e-01;7.390898e-02;3.988642e-02;1.975362e-02;2.090893e-01;2.485278e-02;1.831699e-02;2.042797e-01;4.522270e-02
1.243460e-02;9.181651e-02;3.349891e-02;1.157187e-01;2.181770e-01;3.427176e-02;3.956122e-02;1.419345e-01;7.353425e-02;1.848943e-02;9.885737e-02;1.217058e-01
1.284217e-02;3.652164e-02;4.317613e-02;4.133648e-02;3.626012e-01;3.647082e-02;5.152518e-02;6.005073e-02;1.198697e-01;1.167705e-02;2.960107e-02;1.943279e-01
1.236609e-02;2.329301e-02;5.594039e-02;5.899229e-02;3.838879e-01;3.596469e-02;4.839984e-02;3.062346e-02;1.162452e-01;7.180708e-03;2.354725e-02;2.035592e-01
1.048706e-02;2.475394e-02;8.476349e-02;1.614409e-01;3.066881e-01;2.781903e-02;3.691786e-02;1.914577e-02;8.243378e-02;1.418192e-02;6.963038e-02;1.617377e-01
1.757751e-02;4.924199e-02;1.319205e-01;2.370237e-01;1.880776e-01;2.502334e-02;1.942621e-02;4.207101e-02;4.048022e-02;3.850158e-02;1.362418e-01;7.441460e-02
2.243294e-02;5.429778e-02;2.179323e-01;1.970439e-01;1.127783e-01;3.179641e-02;2.342534e-02;5.683054e-02;2.818147e-02;6.615814e-02;1.586668e-01;3.045597e-02
2.989698e-02;5.285674e-02;2.740113e-01;1.170206e-01;8.206918e-02;3.831262e-02;5.227044e-02;6.003506e-02;2.538428e-02;7.298411e-02;1.467152e-01;4.844356e-02
4.371984e-02;6.563807e-02;2.851770e-01;9.320608e-02;7.364310e-02;4.246111e-02;7.111433e-02;5.338367e-02;2.843454e-02;6.854471e-02;1.115734e-01;6.310418e-02
3.873315e-02;6.576716e-02;2.226257e-01;1.148619e-01;1.064454e-01;5.508493e-02;8.940791e-02;5.379059e-02;5.016385e-02;5.470886e-02;7.585987e-02;7.255074e-02
5.785349e-02;9.804314e-02;9.053030e-02;1.317751e-01;1.682336e-01;5.751387e-02;8.547427e-02;8.494417e-02;3.175966e-02;5.686693e-02;2.909819e-02;1.079073e-01
6.177082e-02;8.362884e-02;1.613506e-01;6.731711e-02;1.181776e-01;5.975458e-02;1.621350e-01;7.187293e-02;3.101085e-02;7.183771e-02;5.841450e-02;5.272948e-02
6.879296e-02;4.263734e-02;1.249414e-01;3.567156e-02;1.081719e-01;8.272339e-02;3.169303e-01;6.047838e-02;3.144820e-02;6.536579e-02;4.213347e-02;2.070537e-02
8.021837e-02;2.281542e-02;9.713575e-02;2.968264e-02;1.122580e-01;1.197669e-01;3.710367e-01;3.782329e-02;2.204517e-02;4.593129e-02;2.725882e-02;3.402756e-02
1.000419e-01;1.527075e-02;9.012037e-02;2.770459e-02;1.309706e-01;1.753853e-01;3.358777e-01;2.706787e-02;1.684356e-02;3.120228e-02;1.804993e-02;3.146520e-02
1.314705e-01;9.101056e-03;6.781807e-02;2.067553e-02;1.404122e-01;2.350275e-01;3.064712e-01;3.137995e-02;1.088649e-02;2.615389e-02;6.426036e-03;1.417756e-02
1.458243e-01;9.049901e-03;4.071708e-02;1.835601e-02;1.422250e-01;2.456033e-01;3.012862e-01;4.012343e-02;1.064398e-02;3.546065e-02;3.180632e-03;7.529596e-03
1.218257e-01;1.446180e-02;7.070563e-02;2.236520e-02;1.589908e-01;1.987856e-01;2.780376e-01;3.682807e-02;2.310609e-02;3.217600e-02;7.274237e-03;3.544315e-02
7.109260e-02;2.329330e-02;1.771475e-01;4.764969e-02;1.646995e-01;1.096204e-01;2.009614e-01;3.118375e-02;3.903855e-02;2.295228e-02;2.812655e-02;8.423458e-02
4.300505e-02;3.626160e-02;2.924565e-01;6.839269e-02;1.405714e-01;5.389127e-02;1.163202e-01;2.749958e-02;3.656273e-02;2.911489e-02;6.122052e-02;9.470368e-02
4.241723e-02;4.528642e-02;3.965468e-01;6.633934e-02;9.270671e-02;2.999118e-02;7.633960e-02;3.590241e-02;2.954118e-02;5.295511e-02;7.356275e-02;5.841130e-02
4.614797e-02;5.504895e-02;4.476855e-01;4.709706e-02;6.690972e-02;3.322970e-02;5.790768e-02;4.596586e-02;5.567321e-02;7.254594e-02;4.780902e-02;2.397945e-02
6.368118e-02;7.496201e-02;3.453562e-01;5.021530e-02;6.815287e-02;5.939109e-02;7.341251e-02;5.805913e-02;8.106907e-02;4.982929e-02;3.227148e-02;4.359991e-02
6.626160e-02;5.687303e-02;1.970347e-01;8.674781e-02;1.089289e-01;7.243754e-02;1.277599e-01;4.365918e-02;7.269870e-02;7.559163e-02;4.698028e-02;4.502664e-02
6.393836e-02;3.631868e-02;1.476771e-01;9.353811e-02;1.202966e-01;9.829859e-02;1.395147e-01;5.463661e-02;7.894892e-02;7.566053e-02;5.588958e-02;3.528226e-02
1.034043e-01;8.357117e-02;1.060175e-01;7.109517e-02;8.805024e-02;8.423074e-02;1.498679e-01;6.931346e-02;6.989782e-02;5.981066e-02;6.334333e-02;5.139782e-02
1.150837e-01;7.503890e-02;7.265005e-02;5.264417e-02;5.129364e-02;7.370222e-02;1.326954e-01;9.244949e-02;9.861612e-02;9.342515e-02;9.835087e-02;4.405029e-02
1.411550e-01;6.783865e-02;5.803940e-02;3.167528e-02;3.720962e-02;8.527835e-02;1.569323e-01;8.897001e-02;1.044732e-01;9.330203e-02;8.329917e-02;5.182701e-02
1.510242e-01;5.587846e-02;3.810750e-02;1.851358e-02;6.651253e-02;8.655634e-02;1.458136e-01;7.138443e-02;1.015156e-01;7.802383e-02;5.433781e-02;1.323322e-01
1.303869e-01;3.412015e-02;2.303161e-02;2.077874e-02;1.385876e-01;6.608462e-02;9.036378e-02;4.303207e-02;9.663010e-02;5.098354e-02;3.482298e-02;2.711778e-01
6.184757e-02;1.454036e-02;1.597766e-02;1.994044e-02;2.596415e-01;2.631738e-02;4.383058e-02;2.163381e-02;1.074243e-01;2.226813e-02;2.081855e-02;3.857598e-01
2.026134e-02;6.947967e-03;2.836716e-02;2.327085e-02;3.416118e-01;2.205698e-02;2.883436e-02;1.396400e-02;1.314582e-01;9.142322e-03;1.317988e-02;3.609051e-01
1.735194e-02;1.053908e-02;2.900372e-02;2.159642e-02;3.686076e-01;3.768767e-02;3.136495e-02;9.161022e-03;1.412262e-01;9.720265e-03;2.782812e-02;2.959131e-01
4.509855e-02;1.890358e-02;2.239801e-02;1.855459e-02;3.466516e-01;7.267469e-02;6.521955e-02;1.300292e-02;1.233519e-01;1.306288e-02;3.075145e-02;2.303303e-01
6.958846e-02;2.236620e-02;3.786446e-02;2.343928e-02;3.081561e-01;1.029531e-01;9.721212e-02;2.334680e-02;8.763207e-02;1.641058e-02;1.947958e-02;1.915512e-01
4.002677e-02;2.180676e-02;6.531719e-02;4.145056e-02;2.805783e-01;8.392450e-02;6.999159e-02;3.138416e-02;7.431880e-02;1.759952e-02;1.328167e-02;2.603202e-01
1.999104e-02;1.930181e-02;8.062190e-02;4.520138e-02;2.460728e-01;6.510752e-02;4.353245e-02;3.973089e-02;8.135781e-02;2.147139e-02;2.806918e-02;3.095419e-01
2.470424e-02;1.143457e-02;6.911230e-02;4.591376e-02;2.098136e-01;6.186090e-02;5.046834e-02;3.225095e-02;8.698102e-02;1.550278e-02;3.631638e-02;3.556412e-01
9.468373e-03;4.734405e-03;6.161518e-02;6.750812e-02;2.641164e-01;6.467779e-02;4.981180e-02;1.839943e-02;4.891259e-02;1.215341e-02;5.215697e-02;3.464456e-01
1.013011e-02;5.987393e-03;5.993172e-02;9.948160e-02;2.994302e-01;5.084752e-02;1.735476e-02;1.078729e-02;3.063705e-02;6.078921e-03;5.670194e-02;3.526315e-01
1.118522e-02;8.445692e-03;4.558538e-02;1.608783e-01;2.732516e-01;3.845061e-02;2.399792e-02;1.625102e-02;1.772757e-02;1.128745e-02;8.722782e-02;3.057114e-01
5.683374e-03;7.656640e-03;6.971822e-02;2.311648e-01;1.848772e-01;1.996349e-02;1.521111e-02;3.146630e-02;1.155099e-02;1.963406e-02;2.128063e-01;1.902675e-01
3.258170e-03;8.475091e-03;9.906177e-02;2.836586e-01;1.020468e-01;1.781246e-02;6.759397e-03;5.391058e-02;8.980198e-03;2.348858e-02;3.128628e-01;7.968555e-02
2.731401e-03;6.067231e-03;1.209972e-01;3.421450e-01;6.063163e-02;1.778631e-02;6.199677e-03;6.365000e-02;9.014222e-03;2.891032e-02;3.212301e-01;2.063682e-02
2.266183e-03;3.647228e-03;1.518284e-01;3.740661e-01;4.208625e-02;1.786025e-02;5.134770e-03;6.028326e-02;1.148296e-02;3.358811e-02;2.934225e-01;4.334027e-03
2.381198e-03;4.089298e-03;1.832340e-01;3.556212e-01;2.586403e-02;1.534616e-02;6.936391e-03;6.806185e-02;6.429242e-03;3.733349e-02;2.922820e-01;2.421124e-03
7.007537e-03;7.282002e-03;2.045293e-01;2.949802e-01;2.246971e-02;1.263627e-02;2.313814e-02;9.319793e-02;7.501961e-03;4.333060e-02;2.786295e-01;5.296952e-03
1.465383e-02;2.435083e-02;2.712700e-01;1.966037e-01;2.829744e-02;1.670836e-02;6.661268e-02;8.696847e-02;2.521906e-02;6.645512e-02;1.955158e-01;7.344644e-03
3.311592e-02;5.725313e-02;3.432358e-01;9.153103e-02;3.403015e-02;2.638770e-02;9.451407e-02;6.588847e-02;3.918812e-02;7.633761e-02;1.232260e-01;1.529202e-02
4.426807e-02;6.030298e-02;3.445356e-01;1.484872e-01;4.820218e-02;2.634492e-02;7.690193e-02;5.455106e-02;3.062222e-02;4.697541e-02;9.983209e-02;1.897633e-02
2.537802e-02;3.252965e-02;2.817367e-01;2.990137e-01;5.861056e-02;2.116453e-02;2.880519e-02;6.372073e-02;2.172776e-02;3.190400e-02;1.289117e-01;6.497542e-03
1.670783e-02;1.112846e-02;3.663003e-01;2.924864e-01;3.809748e-02;1.738373e-02;2.367907e-02;3.620129e-02;3.456279e-02;5.018995e-02;1.036496e-01;9.613136e-03
1.997236e-02;2.107162e-02;2.963586e-01;2.144526e-01;5.272282e-02;2.007826e-02;4.184179e-02;1.087413e-01;4.609739e-02;1.043552e-01;6.142884e-02;1.287921e-02
2.540989e-02;1.775220e-02;2.799923e-01;1.437740e-01;4.593419e-02;1.522730e-02;6.672764e-02;1.213735e-01;4.372450e-02;1.694491e-01;6.364475e-02;6.990612e-03
2.560457e-02;1.291827e-02;3.443033e-01;7.112214e-02;2.621322e-02;9.287790e-03;9.292818e-02;7.187539e-02;3.173820e-02;2.506824e-01;5.829827e-02;5.028189e-03
2.803552e-02;9.679495e-03;3.826508e-01;3.497236e-02;1.360700e-02;4.108522e-03;1.004126e-01;1.939216e-02;2.282207e-02;3.291506e-01;5.121594e-02;3.952954e-03
2.843442e-02;1.479645e-02;3.866924e-01;2.603674e-02;1.114784e-02;4.026938e-03;1.014646e-01;4.300155e-03;1.675466e-02;3.689145e-01;3.517427e-02;2.257036e-03
2.935577e-02;2.114177e-02;3.935424e-01;2.118465e-02;1.245600e-02;2.798935e-03;1.047310e-01;4.401329e-03;1.736016e-02;3.637944e-01;2.588536e-02;3.348231e-03
2.819248e-02;3.261692e-02;4.119264e-01;2.109980e-02;1.425844e-02;3.227868e-03;1.157603e-01;3.611749e-03;1.361215e-02;3.338970e-01;1.891448e-02;2.882401e-03
3.159349e-02;4.717241e-02;4.228281e-01;2.265187e-02;1.706990e-02;5.325485e-03;1.339000e-01;5.899245e-03;8.407173e-03;2.813129e-01;1.986198e-02;3.977470e-03
2.474001e-02;5.319683e-02;4.193326e-01;3.092564e-02;2.278096e-02;8.441291e-03;1.551858e-01;9.843851e-03;1.335358e-02;2.224340e-01;3.610395e-02;3.661436e-03
2.501451e-02;6.110433e-02;4.125839e-01;3.442990e-02;2.737045e-02;1.757551e-02;1.726921e-01;1.692916e-02;9.795271e-03;1.739741e-01;4.163403e-02;6.896694e-03
2.222325e-02;7.216132e-02;4.685068e-01;3.700071e-02;3.175325e-02;2.493525e-02;1.292268e-01;2.628913e-02;2.588190e-02;1.134756e-01;3.181673e-02;1.672927e-02
2.589569e-02;9.746656e-02;5.922328e-01;2.774067e-02;1.512968e-02;3.905365e-02;6.066440e-02;2.115780e-02;5.248298e-02;4.096676e-02;9.299417e-03;1.790964e-02
2.895384e-02;9.059530e-02;6.442018e-01;3.095442e-02;2.228485e-02;3.466951e-02;3.359088e-02;2.671401e-02;3.950195e-02;3.069744e-02;5.689966e-03;1.214611e-02
3.526920e-02;7.259458e-02;5.943202e-01;4.509787e-02;2.741683e-02;3.746777e-02;4.494123e-02;3.222518e-02;2.932632e-02;3.928302e-02;1.613288e-02;2.592498e-02
1.909878e-02;4.749532e-02;4.981636e-01;5.761745e-02;2.849923e-02;5.639462e-02;9.190872e-02;3.066930e-02;5.155752e-02;6.336204e-02;2.775590e-02;2.747756e-02
1.473929e-02;3.562398e-02;4.728215e-01;7.636607e-02;3.083703e-02;3.784420e-02;1.159556e-01;1.775419e-02;4.447379e-02;1.022623e-01;3.707963e-02;1.424237e-02
2.158320e-02;1.633643e-02;4.733004e-01;1.119818e-01;3.564200e-02;1.786948e-02;1.134112e-01;2.393043e-02;2.734735e-02;1.012844e-01;5.061935e-02;6.693883e-03
2.608067e-02;2.253865e-02;4.698023e-01;1.284755e-01;3.442787e-02;7.264100e-03;1.093753e-01;2.113537e-02;2.662297e-02;8.870830e-02;6.015303e-02;5.415896e-03
4.185732e-02;4.951266e-02;4.103208e-01;1.114863e-01;3.781566e-02;1.734602e-02;1.238927e-01;1.786008e-02;3.370742e-02;8.727650e-02;5.890193e-02;1.002262e-02
4.982352e-02;6.525257e-02;3.730746e-01;8.381425e-02;4.277099e-02;2.579828e-02;1.378357e-01;3.384826e-02;3.969787e-02;7.596628e-02;5.632538e-02;1.579227e-02
3.643123e-02;8.995440e-02;4.401211e-01;4.702218e-02;3.627453e-02;3.552531e-02;1.042945e-01;3.898758e-02;7.813773e-02;3.982516e-02;3.482936e-02;1.859692e-02
3.353574e-02;1.137367e-01;5.649237e-01;3.071177e-02;8.257707e-03;5.165366e-02;2.604361e-02;1.257107e-02;1.231577e-01;1.334770e-02;9.672409e-03;1.238833e-02
3.806403e-02;1.029903e-01;5.706487e-01;2.613407e-02;1.858311e-02;5.956815e-02;1.924785e-02;1.627568e-02;8.599191e-02;2.364230e-02;1.546151e-02;2.339235e-02
5.067977e-02;7.370550e-02;3.553707e-01;3.472221e-02;3.350316e-02;8.498278e-02;4.259576e-02;3.348539e-02;1.301624e-01;8.626356e-02;2.757602e-02;4.695277e-02
5.499629e-02;8.174603e-02;1.998074e-01;3.074779e-02;3.783192e-02;9.450790e-02;5.091174e-02;4.837555e-02;1.921242e-01;1.207984e-01;3.182989e-02;5.632281e-02
4.539074e-02;1.040125e-01;1.768450e-01;1.992909e-02;2.655092e-02;9.594525e-02;4.577087e-02;4.911588e-02;1.892177e-01;1.486838e-01;3.295774e-02;6.558053e-02
2.709172e-02;1.431449e-01;1.891644e-01;9.186677e-03;1.219800e-02;1.088561e-01;2.997235e-02;3.877413e-02;1.658855e-01;1.574551e-01;2.875961e-02;8.951147e-02
1.589283e-02;2.321574e-01;1.438443e-01;8.039957e-03;4.173987e-03;1.281592e-01;9.849108e-03;2.247296e-02;2.408100e-01;6.983782e-02;7.860666e-03;1.169018e-01
1.275913e-02;2.888592e-01;9.388282e-02;7.854905e-03;2.760643e-03;1.360107e-01;7.302452e-03;1.360396e-02;2.922001e-01;2.450619e-02;3.710102e-03;1.165498e-01
1.369504e-02;2.824557e-01;8.077254e-02;9.960525e-03;3.816475e-03;1.302910e-01;7.796166e-03;1.410932e-02;3.163826e-01;2.407817e-02;8.156179e-03;1.084863e-01
1.937531e-02;2.385417e-01;1.059492e-01;1.039972e-02;5.256676e-03;1.171615e-01;1.095304e-02;1.351757e-02;3.484332e-01;2.009317e-02;1.155320e-02;9.876586e-02
1.520238e-02;1.768410e-01;1.661222e-01;1.240781e-02;7.744087e-03;8.719922e-02;1.673837e-02;2.110619e-02;3.482980e-01;6.063938e-02;9.350867e-03;7.835056e-02
3.897563e-02;1.348395e-01;2.449921e-01;1.601394e-02;1.058257e-02;4.628793e-02;2.161783e-02;2.802992e-02;2.881512e-01;1.080862e-01;1.132705e-02;5.109607e-02
9.190772e-02;1.237907e-01;2.984763e-01;2.167721e-02;2.295705e-02;3.098055e-02;2.301351e-02;2.028350e-02;1.762736e-01;1.332472e-01;2.462817e-02;3.276449e-02
1.398996e-01;1.331047e-01;2.733431e-01;2.740509e-02;3.260789e-02;5.871318e-02;3.862876e-02;2.877689e-02;6.308503e-02;1.026283e-01;3.719399e-02;6.461333e-02
1.023510e-01;1.135216e-01;1.145354e-01;2.322165e-02;4.396777e-02;1.098396e-01;2.334604e-02;3.430293e-02;1.602501e-01;7.443231e-02;5.368964e-02;1.465420e-01
1.643956e-02;1.244785e-01;7.210620e-02;1.697606e-02;1.203955e-02;1.258059e-01;4.613237e-02;1.904532e-02;2.894861e-01;1.001290e-01;1.610104e-02;1.612605e-01
1.546502e-02;1.248187e-01;7.054286e-02;1.701286e-02;2.428558e-02;1.226345e-01;5.654388e-02;1.522974e-02;3.584436e-01;6.097359e-02;1.614784e-02;1.179019e-01
1.387682e-02;1.026425e-01;8.577763e-02;2.389891e-02;3.320397e-02;1.293252e-01;5.662221e-02;4.061620e-02;3.232889e-01;5.885301e-02;1.535383e-02;1.165409e-01
2.404682e-02;1.089903e-01;1.000489e-01;3.016979e-02;4.005253e-02;1.471658e-01;7.035908e-02;4.817749e-02;2.327381e-01;4.533553e-02;1.767826e-02;1.352374e-01
2.427696e-02;1.407437e-01;8.636764e-02;2.730519e-02;4.424240e-02;1.901412e-01;7.819950e-02;2.810755e-02;1.396956e-01;7.225808e-02;1.402864e-02;1.546335e-01
5.328757e-02;1.531799e-01;6.460044e-02;2.205769e-02;3.767227e-02;1.721596e-01;1.007422e-01;3.900871e-02;1.186413e-01;6.679047e-02;2.915408e-02;1.427058e-01
7.545925e-02;7.021481e-02;1.165571e-01;9.326264e-02;8.830531e-02;5.918521e-02;1.062326e-01;7.052854e-02;1.305762e-01;8.733273e-02;5.279401e-02;4.955163e-02
8.418019e-02;6.694248e-02;1.309332e-01;1.087962e-01;1.019080e-01;4.517137e-02;1.015721e-01;6.822674e-02;1.333378e-01;7.518560e-02;5.068312e-02;3.306325e-02
8.410493e-02;7.322962e-02;2.013312e-01;1.007941e-01;9.894369e-02;4.976377e-02;1.279145e-01;3.863256e-02;9.677891e-02;6.163008e-02;4.797889e-02;1.889761e-02
4.914277e-02;7.264690e-02;3.298726e-01;5.995253e-02;9.995803e-02;3.604172e-02;1.361877e-01;2.843966e-02;4.917489e-02;9.766068e-02;3.104487e-02;9.877644e-03
2.598431e-02;7.268482e-02;3.853807e-01;3.654645e-02;9.519808e-02;3.007236e-02;1.080728e-01;4.296225e-02;4.199212e-02;1.353666e-01;1.672768e-02;9.011833e-03
2.305779e-02;1.112871e-01;3.518496e-01;2.104900e-02;6.482697e-02;9.052580e-02;6.774373e-02;5.327141e-02;6.850468e-02;1.254427e-01;7.592643e-03;1.484866e-02
7.407029e-02;1.887965e-01;2.296117e-01;1.268291e-02;2.311534e-02;1.525919e-01;3.922015e-02;4.253108e-02;1.514299e-01;6.048391e-02;5.525242e-03;1.994109e-02
1.369097e-01;2.309273e-01;1.242784e-01;8.432669e-03;1.646621e-02;1.048195e-01;1.023771e-01;2.601854e-02;1.507442e-01;7.319672e-02;1.276517e-02;1.306447e-02
2.264626e-01;2.236281e-01;7.508539e-02;6.370190e-03;3.094979e-02;3.236596e-02;1.817254e-01;3.223658e-02;7.397914e-02;8.538005e-02;2.182698e-02;9.989777e-03
3.218702e-01;2.022506e-01;5.189358e-02;5.133410e-03;4.846915e-02;1.557910e-02;1.736090e-01;6.223294e-02;2.736444e-02;4.696158e-02;3.103194e-02;1.360408e-02
4.085005e-01;1.789944e-01;4.560511e-02;5.488345e-03;4.761629e-02;1.566780e-02;9.512088e-02;1.112016e-01;2.525683e-02;1.619292e-02;2.593965e-02;2.441573e-02
4.843533e-01;1.440886e-01;3.803654e-02;8.420879e-03;2.668789e-02;3.471687e-02;3.824596e-02;1.083903e-01;4.604866e-02;1.052569e-02;1.652649e-02;4.395886e-02
4.978524e-01;1.013953e-01;3.204136e-02;1.771416e-02;1.265339e-02;6.584871e-02;4.255722e-02;5.460967e-02;6.411372e-02;3.372067e-02;8.443641e-03;6.904981e-02
4.621965e-01;8.062151e-02;1.620639e-02;3.123731e-02;7.726933e-03;6.823134e-02;6.742295e-02;3.945312e-02;4.702836e-02;7.318375e-02;7.975679e-03;9.871613e-02
3.924399e-01;6.079217e-02;7.279404e-03;4.473498e-02;3.411168e-03;5.449378e-02;1.461633e-01;4.072762e-02;1.873918e-02;1.009129e-01;9.966890e-03;1.203386e-01
2.864192e-01;4.689453e-02;1.200231e-02;5.552801e-02;4.680031e-03;3.929744e-02;2.696759e-01;4.299119e-02;1.250466e-02;9.646848e-02;1.005064e-02;1.234876e-01
2.173235e-01;2.707686e-02;1.708575e-02;7.372926e-02;4.366860e-03;1.953851e-02;3.483990e-01;5.198804e-02;1.043500e-02;8.493350e-02;1.120953e-02;1.339142e-01
1.695808e-01;2.534123e-02;1.783012e-02;1.027422e-01;5.759690e-03;1.890020e-02;3.501361e-01;7.282047e-02;1.004260e-02;7.761604e-02;1.277539e-02;1.364552e-01
1.245372e-01;2.647394e-02;1.054349e-02;1.274738e-01;4.768252e-03;1.678678e-02;3.958120e-01;9.395187e-02;7.053985e-03;4.945314e-02;1.188562e-02;1.312599e-01
8.152131e-02;3.202628e-02;1.255169e-02;1.152826e-01;5.616645e-03;2.741636e-02;4.655771e-01;9.673567e-02;1.171170e-02;2.921146e-02;1.294901e-02;1.094002e-01
5.553067e-02;3.345899e-02;1.523228e-02;8.568458e-02;1.370949e-02;5.333565e-02;5.037909e-01;9.297822e-02;1.362656e-02;2.258442e-02;1.937146e-02;9.069674e-02
4.248027e-02;3.553260e-02;2.605017e-02;6.360449e-02;3.884633e-02;1.025272e-01;4.740957e-01;8.500522e-02;1.136859e-02;2.401657e-02;2.000206e-02;7.647071e-02
6.245803e-02;4.900129e-02;5.987523e-02;5.483826e-02;6.459330e-02;1.244054e-01;3.524802e-01;8.166593e-02;2.368570e-02;3.577668e-02;3.042011e-02;6.079992e-02
9.057570e-02;7.532240e-02;1.026697e-01;4.302931e-02;6.977940e-02;1.014783e-01;2.168764e-01;8.848786e-02;6.237327e-02;5.600062e-02;4.216271e-02;5.124445e-02
1.069664e-01;7.219505e-02;1.270464e-01;4.116827e-02;5.748502e-02;9.895147e-02;1.683441e-01;8.195448e-02;7.091594e-02;5.771219e-02;7.103182e-02;4.622893e-02
7.055183e-02;7.540774e-02;9.950937e-02;3.169383e-02;3.574274e-02;1.044786e-01;2.146935e-01;7.333153e-02;1.132545e-01;4.783865e-02;8.202276e-02;5.147499e-02
6.310321e-02;7.736342e-02;8.636454e-02;2.993819e-02;3.398691e-02;9.432397e-02;1.762557e-01;9.669086e-02;1.564935e-01;4.923292e-02;8.865120e-02;4.759558e-02
1.109200e-01;7.260052e-02;7.823319e-02;2.473709e-02;3.116232e-02;8.993173e-02;9.553127e-02;8.461943e-02;2.020146e-01;4.824340e-02;1.097624e-01;5.224406e-02
1.621870e-01;6.995919e-02;7.261755e-02;2.094569e-02;2.836176e-02;8.065294e-02;6.103678e-02;7.158436e-02;1.927507e-01;5.011504e-02;1.196338e-01;7.015520e-02
1.606097e-01;6.298415e-02;7.481583e-02;2.287215e-02;3.817200e-02;6.612056e-02;6.353493e-02;9.641792e-02;1.796999e-01;6.104426e-02;1.104218e-01;6.330677e-02
1.054604e-01;4.990120e-02;8.145973e-02;3.112748e-02;5.571407e-02;5.318758e-02;8.775535e-02;6.776682e-02;2.230393e-01;7.583156e-02;8.907335e-02;7.968319e-02
6.117036e-02;5.201148e-02;1.118922e-01;2.833231e-02;5.175332e-02;4.780442e-02;9.376751e-02;4.046551e-02;2.353557e-01;5.788203e-02;1.318181e-01;8.774704e-02
7.837149e-02;6.715651e-02;1.246748e-01;3.009726e-02;3.729867e-02;3.980603e-02;8.249218e-02;5.437122e-02;2.179588e-01;8.072957e-02;1.400886e-01;4.695490e-02
9.946032e-02;9.428247e-02;2.005453e-01;2.262048e-02;3.189940e-02;3.474652e-02;5.977605e-02;7.354847e-02;1.754616e-01;6.715018e-02;9.932345e-02;4.118569e-02
9.562849e-02;1.734958e-01;2.869378e-01;2.011006e-02;1.697990e-02;2.237363e-02;1.668158e-02;5.051436e-02;1.840319e-01;4.673528e-02;5.710695e-02;2.940428e-02
1.510197e-01;1.962977e-01;2.585341e-01;1.813162e-02;1.542031e-02;1.983227e-02;2.628044e-02;4.498649e-02;1.486626e-01;4.802140e-02;3.432975e-02;3.848371e-02
2.048029e-01;1.592638e-01;2.089826e-01;2.002472e-02;2.607458e-02;2.029596e-02;6.218163e-02;6.520830e-02;8.038199e-02;4.945385e-02;3.787480e-02;6.545491e-02
