1.031660e-01;4.088619e-02;1.973188e-01;2.740765e-02;8.511983e-02;1.235006e-01;1.656253e-01;4.408812e-02;4.803338e-02;4.916670e-02;3.669650e-02;7.899093e-02
1.047352e-01;6.372560e-02;3.484868e-01;4.329214e-02;6.247653e-02;4.893643e-02;9.766268e-02;3.953952e-02;4.490119e-02;4.275709e-02;6.270768e-02;4.077905e-02
9.972304e-02;5.397376e-02;3.169642e-01;3.478865e-02;6.025871e-02;6.947202e-02;1.079255e-01;4.264167e-02;3.830534e-02;5.088716e-02;8.393089e-02;4.112912e-02
1.128020e-01;4.110472e-02;2.396394e-01;2.810874e-02;5.424406e-02;9.780428e-02;9.269734e-02;4.145928e-02;4.174905e-02;8.476049e-02;1.150975e-01;5.053324e-02
1.089595e-01;3.796725e-02;1.217297e-01;3.586311e-02;5.973625e-02;9.231488e-02;8.951903e-02;6.393996e-02;5.476595e-02;1.604585e-01;1.325099e-01;4.223593e-02
9.492915e-02;5.515514e-02;8.290288e-02;3.641832e-02;6.660030e-02;4.827970e-02;8.047432e-02;7.419783e-02;5.374090e-02;2.215913e-01;1.300841e-01;5.562605e-02
6.031185e-02;6.337728e-02;6.461463e-02;3.520712e-02;6.921206e-02;3.134222e-02;5.151163e-02;8.270251e-02;3.679001e-02;2.924731e-01;1.526187e-01;5.983883e-02
3.019351e-02;6.964928e-02;4.363218e-02;6.701458e-02;8.220524e-02;2.986333e-02;9.944046e-02;7.855501e-02;4.968833e-02;2.769315e-01;1.214502e-01;5.137635e-02
5.421469e-02;6.322718e-02;6.404748e-02;1.025775e-01;7.868650e-02;4.189023e-02;1.552303e-01;6.085679e-02;7.581376e-02;1.854404e-01;6.545836e-02;5.255682e-02
3.656156e-02;5.965989e-02;1.337746e-01;9.021717e-02;6.306121e-02;4.458806e-02;2.489237e-01;5.666244e-02;5.604135e-02;1.056098e-01;5.391333e-02;5.098692e-02
3.685767e-02;6.862761e-02;1.328094e-01;4.797902e-02;7.634179e-02;4.020396e-02;2.627440e-01;4.703673e-02;4.229960e-02;1.280289e-01;7.297714e-02;4.409416e-02
1.106802e-01;7.058623e-02;1.205358e-01;3.614722e-02;1.071436e-01;4.094503e-02;1.609444e-01;3.968235e-02;3.866298e-02;1.268412e-01;8.092293e-02;6.690799e-02
9.774735e-02;7.005234e-02;1.304517e-01;3.263057e-02;1.149867e-01;2.767842e-02;1.705484e-01;5.414440e-02;4.154190e-02;1.289070e-01;6.187247e-02;6.943876e-02
4.270221e-02;6.549563e-02;7.222231e-02;4.705304e-02;1.021493e-01;3.937694e-02;1.899969e-01;7.775539e-02;4.878063e-02;1.694477e-01;6.930168e-02;7.571844e-02
7.316229e-02;3.722093e-02;3.587695e-02;5.889335e-02;9.548790e-02;5.552460e-02;1.695286e-01;7.379536e-02;6.840443e-02;1.577391e-01;9.416234e-02;8.020423e-02
7.008193e-02;4.106456e-02;7.555683e-02;5.337919e-02;8.204812e-02;5.218062e-02;9.415238e-02;6.647229e-02;8.518389e-02;1.574079e-01;1.224915e-01;9.998087e-02
8.565441e-02;5.976570e-02;1.019653e-01;6.069007e-02;4.482156e-02;3.679774e-02;1.468572e-01;6.601385e-02;7.128396e-02;1.681797e-01;8.422484e-02;7.374569e-02
7.853281e-02;5.076200e-02;1.752048e-01;3.988278e-02;8.266604e-02;6.127327e-02;1.665121e-01;9.984380e-02;6.088558e-02;9.506010e-02;3.480444e-02;5.457237e-02
1.001398e-01;8.161509e-02;1.744794e-01;2.492959e-02;8.701379e-02;4.123017e-02;1.030533e-01;1.302631e-01;7.631429e-02;9.917700e-02;4.412626e-02;3.765812e-02
1.129576e-01;8.927621e-02;1.320135e-01;3.525466e-02;9.653008e-02;4.414398e-02;7.580806e-02;1.415190e-01;7.832287e-02;1.087461e-01;4.848243e-02;3.694548e-02
1.172587e-01;7.095106e-02;1.248476e-01;5.487857e-02;9.552558e-02;5.053294e-02;9.988271e-02;1.413114e-01;7.052977e-02;1.023806e-01;4.351895e-02;2.838220e-02
8.439651e-02;8.579539e-02;1.744326e-01;6.817529e-02;6.961498e-02;4.261344e-02;1.260427e-01;1.281010e-01;5.877037e-02;8.445298e-02;4.543839e-02;3.216643e-02
2.426941e-02;1.001356e-01;2.225742e-01;6.317479e-02;4.450463e-02;3.948868e-02;1.873128e-01;1.005646e-01;8.475048e-02;5.850499e-02;5.009896e-02;2.462085e-02
6.543881e-02;1.101563e-01;1.813117e-01;4.909349e-02;3.599266e-02;5.295824e-02;2.436197e-01;6.655148e-02;9.530536e-02;3.988013e-02;3.873870e-02;2.095341e-02
1.107143e-01;8.375181e-02;9.542158e-02;4.488213e-02;2.595123e-02;1.093770e-01;2.441042e-01;9.847219e-02;7.850826e-02;7.123984e-02;1.800940e-02;1.956804e-02
1.342867e-01;4.935113e-02;5.180895e-02;3.200024e-02;2.586190e-02;1.702738e-01;1.938185e-01;1.784887e-01;4.458356e-02;9.750544e-02;7.904546e-03;1.411649e-02
1.439899e-01;4.336648e-02;2.984707e-02;1.350377e-02;3.252720e-02;2.063784e-01;1.266436e-01;2.212597e-01;5.169532e-02;1.081254e-01;1.017055e-02;1.249264e-02
1.462297e-01;2.510370e-02;1.682228e-02;4.177335e-02;3.997119e-02;2.129576e-01;8.557090e-02;2.112097e-01;6.305918e-02;1.193570e-01;1.787083e-02;2.007459e-02
1.302926e-01;5.985271e-02;2.744227e-02;5.652691e-02;4.216017e-02;1.781298e-01;1.392624e-01;1.395216e-01;5.810842e-02;1.022289e-01;4.452228e-02;2.195189e-02
9.559044e-02;1.050057e-01;4.292614e-02;4.347339e-02;3.768132e-02;1.252564e-01;2.515194e-01;7.822295e-02;5.747554e-02;6.864103e-02;7.839745e-02;1.581025e-02
6.845289e-02;1.195409e-01;3.338498e-02;2.022193e-02;4.911913e-02;8.751518e-02;3.276132e-01;7.588951e-02;5.209669e-02;4.821524e-02;9.246188e-02;2.548849e-02
7.481033e-02;1.336494e-01;1.982118e-02;1.724418e-02;6.681454e-02;6.118661e-02;3.201302e-01;7.033159e-02;5.339801e-02;5.291851e-02;8.760132e-02;4.209410e-02
1.012333e-01;1.363743e-01;5.662621e-02;5.425429e-02;6.196135e-02;7.620817e-02;2.219355e-01;4.850855e-02;5.213974e-02;7.196160e-02;5.484237e-02;6.395449e-02
9.703840e-02;1.158647e-01;6.495176e-02;8.291817e-02;5.634656e-02;9.203984e-02;1.457052e-01;7.592178e-02;4.940312e-02;7.953748e-02;6.349314e-02;7.677983e-02
8.545257e-02;1.025559e-01;6.855628e-02;9.445813e-02;7.532883e-02;1.046930e-01;1.305317e-01;8.211933e-02;4.221327e-02;7.184140e-02;8.408225e-02;5.816736e-02
7.113490e-02;8.567967e-02;7.189780e-02;8.301070e-02;6.709364e-02;1.171178e-01;1.749421e-01;7.540477e-02;4.779304e-02;7.021269e-02;9.591319e-02;3.979974e-02
4.533638e-02;7.730631e-02;5.222142e-02;7.680019e-02;5.575097e-02;1.391774e-01;2.048428e-01;6.568947e-02;4.735613e-02;9.038299e-02;7.735963e-02;6.777638e-02
8.873428e-02;1.008830e-01;5.820161e-02;5.792177e-02;7.024729e-02;1.129536e-01;1.930085e-01;5.896536e-02;6.300590e-02;9.355194e-02;3.598269e-02;6.654413e-02
9.177253e-02;1.385870e-01;1.095069e-01;5.160141e-02;7.049692e-02;7.798555e-02;1.560716e-01;5.399007e-02;8.204977e-02;9.002180e-02;3.590368e-02;4.201266e-02
8.497864e-02;7.459506e-02;1.895926e-01;5.204158e-02;6.360935e-02;9.768629e-02;9.741035e-02;6.499745e-02;1.003383e-01;7.380320e-02;5.854956e-02;4.239761e-02
5.942291e-02;4.724554e-02;2.106326e-01;5.820981e-02;9.626059e-02;8.663617e-02;5.731061e-02;5.174558e-02;1.003823e-01;6.821400e-02;7.866538e-02;8.527450e-02
2.679846e-02;4.632726e-02;2.181022e-01;6.928329e-02;1.191441e-01;6.457315e-02;5.653368e-02;4.453402e-02;8.162251e-02;8.627883e-02;8.918261e-02;9.761991e-02
3.587551e-02;3.542651e-02;3.917465e-01;5.499657e-02;8.919583e-02;4.197972e-02;7.292520e-02;3.617388e-02;3.677967e-02;8.640550e-02;5.943076e-02;5.906441e-02
2.254291e-02;4.394146e-02;5.768681e-01;4.369989e-02;6.020975e-02;4.213116e-02;5.811793e-02;2.150893e-02;1.500651e-02;5.017861e-02;3.783720e-02;2.795753e-02
6.165790e-03;4.678079e-02;6.948041e-01;4.134383e-02;3.622344e-02;2.657883e-02;4.459593e-02;1.583839e-02;1.273920e-02;3.687937e-02;1.311619e-02;2.493412e-02
1.040178e-02;4.583490e-02;7.324460e-01;3.676579e-02;1.817084e-02;1.025835e-02;4.436646e-02;1.425689e-02;1.725954e-02;4.177009e-02;1.128941e-02;1.717998e-02
2.598190e-02;3.710596e-02;5.760546e-01;5.318535e-02;3.817196e-02;1.926130e-02;5.812259e-02;1.597484e-02;3.959390e-02;6.982526e-02;5.082217e-02;1.590024e-02
3.684775e-02;3.898003e-02;3.868254e-01;1.042301e-01;7.145635e-02;3.058709e-02;4.928788e-02;1.892240e-02;4.199190e-02;8.171358e-02;1.214557e-01;1.770186e-02
2.514904e-02;3.722944e-02;2.456615e-01;1.823211e-01;1.196332e-01;2.993153e-02;2.300427e-02;2.273941e-02;2.078915e-02;5.311783e-02;1.856209e-01;5.480255e-02
1.216094e-02;2.617666e-02;1.486751e-01;2.074754e-01;1.935985e-01;3.552825e-02;1.760918e-02;1.885778e-02;8.017315e-03;1.712660e-02;1.575077e-01;1.572665e-01
1.907602e-02;1.333198e-02;1.039169e-01;1.423739e-01;2.704011e-01;6.149041e-02;3.618328e-02;8.641063e-03;1.044897e-02;4.486912e-03;6.718268e-02;2.624667e-01
5.367093e-02;9.540067e-03;6.547511e-02;6.179189e-02;3.073269e-01;1.132534e-01;7.851410e-02;6.860742e-03;1.457576e-02;8.274819e-03;4.097689e-02;2.397394e-01
1.150015e-01;1.073590e-02;6.106187e-02;3.655608e-02;2.637137e-01;1.761474e-01;1.549584e-01;7.309691e-03;1.196848e-02;6.255327e-03;5.219446e-02;1.040972e-01
1.341416e-01;1.156207e-02;5.344336e-02;3.335684e-02;1.614587e-01;2.015460e-01;2.645741e-01;8.617001e-03;5.923633e-03;1.692743e-02;4.038856e-02;6.806060e-02
9.510484e-02;2.628345e-02;2.611635e-02;2.980923e-02;1.098054e-01;1.945661e-01;4.132853e-01;1.360954e-02;5.829946e-03;3.278151e-02;2.225691e-02;3.055147e-02
4.836144e-02;2.758286e-02;1.206273e-02;2.997978e-02;8.510632e-02;1.893073e-01;5.208958e-01;1.351292e-02;9.447267e-03;3.490805e-02;1.217022e-02;1.666533e-02
2.285320e-02;2.411212e-02;4.139462e-02;2.943829e-02;8.003663e-02;1.829234e-01;5.368561e-01;1.662996e-02;1.078130e-02;3.192481e-02;7.943073e-03;1.510652e-02
2.580006e-02;2.608246e-02;1.064767e-01;3.317413e-02;8.556970e-02;1.578768e-01;4.354317e-01;2.769067e-02;1.261063e-02;3.132162e-02;2.012950e-02;3.783601e-02
3.867339e-02;2.852773e-02;1.400916e-01;4.366369e-02;9.593330e-02;1.035892e-01;3.900815e-01;3.080595e-02;1.281014e-02;3.124631e-02;2.809065e-02;5.648653e-02
3.464114e-02;3.229038e-02;8.016315e-02;4.168854e-02;1.074018e-01;1.064639e-01;4.658826e-01;1.763673e-02;1.192794e-02;2.289192e-02;3.682970e-02;4.218215e-02
2.430904e-02;2.345726e-02;8.028603e-02;3.518046e-02;8.814264e-02;1.012558e-01;5.156643e-01;2.258034e-02;1.957629e-02;2.762740e-02;1.890164e-02;4.301877e-02
2.894218e-02;2.539686e-02;6.131390e-02;3.287878e-02;8.821535e-02;1.171941e-01;5.052670e-01;2.954124e-02;2.421497e-02;3.267803e-02;2.606468e-02;2.829295e-02
3.188822e-02;1.771733e-02;5.282851e-02;2.201863e-02;1.012932e-01;1.795045e-01;4.612615e-01;2.330339e-02;1.821378e-02;3.283400e-02;3.038852e-02;2.874847e-02
3.353941e-02;1.396360e-02;9.364630e-02;2.748258e-02;8.639202e-02;2.126617e-01;3.883758e-01;1.605991e-02;1.055181e-02;2.484446e-02;2.802446e-02;6.445800e-02
4.365135e-02;1.812535e-02;1.296888e-01;5.202792e-02;7.320096e-02;2.054755e-01;2.929127e-01;2.348397e-02;1.662574e-02;2.343856e-02;3.781335e-02;8.355572e-02
6.056770e-02;3.557244e-02;1.255367e-01;6.911515e-02;9.037659e-02;1.987281e-01;1.813791e-01;2.840890e-02;2.082062e-02;3.071767e-02;4.972835e-02;1.090486e-01
6.919283e-02;3.485481e-02;1.574024e-01;7.279184e-02;6.326564e-02;1.970088e-01;1.137597e-01;2.467518e-02;2.563163e-02;3.881526e-02;5.179408e-02;1.508079e-01
8.144336e-02;4.065549e-02;1.569930e-01;7.342910e-02;7.332002e-02;1.959683e-01;1.395688e-01;2.977083e-02;3.059684e-02;4.654611e-02;3.453607e-02;9.717201e-02
7.188801e-02;5.935553e-02;1.276274e-01;5.754857e-02;9.697501e-02;1.126119e-01;7.843228e-02;6.590996e-02;8.748104e-02;8.056866e-02;6.179819e-02;9.980347e-02
8.536338e-02;5.533598e-02;8.168531e-02;7.478545e-02;7.587962e-02;4.610081e-02;6.104904e-02;9.171643e-02;1.656542e-01;1.402518e-01;3.710016e-02;8.507780e-02
7.966317e-02;6.358526e-02;8.217609e-02;7.090397e-02;6.907252e-02;3.549206e-02;6.944034e-02;9.891115e-02;1.776802e-01;1.398727e-01;3.273741e-02;8.046512e-02
7.579476e-02;9.114500e-02;1.603599e-01;6.161347e-02;6.309965e-02;2.931079e-02;8.025712e-02;7.709220e-02;1.531139e-01;1.071435e-01;3.554777e-02;6.552184e-02
1.188367e-01;1.457208e-01;2.677401e-01;5.097372e-02;5.418142e-02;4.356763e-02;8.507621e-02;4.438377e-02;7.493266e-02;5.091295e-02;3.381808e-02;2.985598e-02
1.923676e-01;2.149650e-01;2.486976e-01;2.900234e-02;3.888060e-02;4.359802e-02;6.080031e-02;5.190147e-02;5.413191e-02;2.882807e-02;2.118272e-02;1.564435e-02
3.284099e-01;2.602676e-01;1.445854e-01;9.931053e-03;4.315939e-02;2.412862e-02;3.586403e-02;6.931622e-02;3.170797e-02;2.030755e-02;1.477441e-02;1.754786e-02
4.576581e-01;2.247556e-01;5.708005e-02;8.591578e-03;5.516255e-02;7.686371e-03;2.101816e-02;1.102758e-01;9.991250e-03;1.174580e-02;1.018022e-02;2.585451e-02
4.922945e-01;1.806747e-01;3.775173e-02;1.249272e-02;6.338906e-02;3.651168e-03;1.926277e-02;1.357351e-01;1.218958e-02;6.601222e-03;7.417446e-03;2.854017e-02
4.480085e-01;1.749815e-01;3.584368e-02;2.169569e-02;6.999033e-02;3.543231e-03;1.210054e-02;1.363052e-01;5.550301e-02;6.381047e-03;9.949384e-03;2.569788e-02
3.646910e-01;2.069850e-01;6.706619e-02;2.096404e-02;5.333724e-02;5.323756e-03;1.020967e-02;1.086342e-01;1.248591e-01;1.103504e-02;1.114661e-02;1.574811e-02
2.467469e-01;2.618466e-01;1.375925e-01;1.488449e-02;2.704728e-02;1.552310e-02;7.126775e-03;5.623096e-02;1.943787e-01;1.863938e-02;7.814874e-03;1.216845e-02
1.397270e-01;2.794904e-01;2.365900e-01;1.420747e-02;1.676146e-02;2.268983e-02;6.047633e-03;1.892789e-02;2.059217e-01;4.468792e-02;4.300693e-03;1.064803e-02
7.225036e-02;1.899452e-01;3.887702e-01;2.933027e-02;1.942798e-02;1.837812e-02;1.742257e-02;1.326918e-02;1.295204e-01;1.026838e-01;1.156791e-02;7.433977e-03
5.937120e-02;6.909360e-02;5.237743e-01;5.528565e-02;2.063516e-02;9.268028e-03;2.565024e-02;8.762157e-03;4.374992e-02;1.447588e-01;3.322669e-02;6.424325e-03
4.937065e-02;3.582499e-02;5.030189e-01;1.277508e-01;1.993266e-02;8.700618e-03;2.357940e-02;1.261601e-02;1.577776e-02;1.175628e-01;7.835416e-02;7.511253e-03
3.039994e-02;5.303384e-02;3.248007e-01;2.315567e-01;5.151214e-02;1.861461e-02;1.273028e-02;3.385371e-02;2.240518e-02;5.829649e-02;1.425950e-01;2.020140e-02
1.894820e-02;4.677501e-02;1.702039e-01;2.908921e-01;1.120109e-01;2.367212e-02;1.738049e-02;5.213066e-02;3.139186e-02;1.847724e-02;1.639808e-01;5.413678e-02
2.800340e-02;2.898208e-02;1.550308e-01;2.314288e-01;1.869251e-01;2.831150e-02;2.715008e-02;3.807580e-02;4.816624e-02;2.774659e-02;8.719625e-02;1.129833e-01
4.343825e-02;2.076287e-02;1.176965e-01;1.523752e-01;2.425471e-01;4.911751e-02;5.535585e-02;2.720450e-02;7.366413e-02;3.591682e-02;3.474521e-02;1.471760e-01
5.623008e-02;2.321699e-02;1.011548e-01;1.111300e-01;2.283738e-01;7.738679e-02;9.607019e-02;3.307753e-02;7.608396e-02;4.184335e-02;4.923109e-02;1.062014e-01
4.915904e-02;2.924057e-02;1.405899e-01;8.993809e-02;1.907680e-01;8.425064e-02;1.487386e-01;3.344705e-02;6.025301e-02;3.432137e-02;7.517762e-02;6.411605e-02
2.779707e-02;2.542266e-02;1.773618e-01;6.996559e-02;2.174314e-01;1.030978e-01;1.698374e-01;2.467277e-02;3.842760e-02;2.043102e-02;5.491528e-02;7.063957e-02
2.495174e-02;2.118710e-02;1.433991e-01;5.588659e-02;2.605146e-01;1.419480e-01;1.966344e-01;2.151552e-02;2.046100e-02;2.343306e-02;1.923985e-02;7.082899e-02
3.816074e-02;1.366645e-02;7.918063e-02;3.660511e-02;2.100924e-01;1.804862e-01;3.246071e-01;2.958982e-02;1.852051e-02;2.143108e-02;1.785109e-02;2.980883e-02
3.589233e-02;3.376622e-02;6.101565e-02;2.563639e-02;8.708705e-02;1.339317e-01;4.713161e-01;5.811389e-02;2.733841e-02;2.502580e-02;1.845487e-02;2.242152e-02
2.128476e-02;4.939588e-02;3.669513e-02;1.813642e-02;2.751451e-02;8.597223e-02;6.059119e-01;7.360717e-02;2.310373e-02;2.269050e-02;1.869207e-02;1.699573e-02
1.168021e-02;5.221381e-02;1.364521e-02;1.243986e-02;2.621574e-02;8.417579e-02;6.995952e-01;4.715732e-02;1.010394e-02;1.257259e-02;2.337215e-02;6.828200e-03
6.915856e-03;4.797005e-02;1.733216e-02;7.519418e-03;2.652723e-02;8.622997e-02;7.398883e-01;2.293249e-02;8.416459e-03;7.300624e-03;2.597046e-02;2.996994e-03
1.273835e-02;3.630843e-02;1.703195e-02;6.570945e-03;2.994016e-02;8.060102e-02;7.313215e-01;3.636829e-02;1.540511e-02;7.590551e-03;2.055776e-02;5.565950e-03
2.052219e-02;3.411359e-02;2.936670e-02;1.557556e-02;3.473519e-02;8.840169e-02;6.285751e-01;6.324036e-02;3.700440e-02;1.584911e-02;2.162960e-02;1.098649e-02
1.495646e-02;3.227464e-02;5.835973e-02;4.158987e-02;5.056186e-02;8.142252e-02;4.380103e-01;9.710231e-02;7.336020e-02;4.790238e-02;3.961168e-02;2.484804e-02
6.646390e-02;3.268581e-02;4.479022e-02;5.679217e-02;7.168105e-02;8.591095e-02;2.747460e-01;6.372005e-02;7.597022e-02;8.672822e-02;7.796609e-02;6.254526e-02
2.420673e-01;6.568874e-02;2.611091e-02;3.827966e-02;3.622229e-02;6.837355e-02;2.730479e-01;2.376827e-02;2.861982e-02;4.050765e-02;6.217768e-02;9.513628e-02
3.338034e-01;1.078826e-01;6.692082e-02;3.992150e-02;2.013910e-02;5.190006e-02;2.082976e-01;3.916281e-02;2.163929e-02;1.449162e-02;1.929571e-02;7.654550e-02
3.368889e-01;1.264301e-01;1.089510e-01;5.183440e-02;2.639430e-02;3.959670e-02;1.466843e-01;4.358282e-02;2.771430e-02;1.726703e-02;1.172150e-02;6.293462e-02
2.737366e-01;1.330709e-01;1.050247e-01;7.221714e-02;3.703358e-02;3.423155e-02;1.186553e-01;3.769591e-02;4.552197e-02;4.255882e-02;2.756158e-02;7.269198e-02
4.765152e-02;9.299226e-02;7.007471e-02;3.192607e-02;6.039235e-02;6.275989e-02;2.598815e-01;7.819715e-02;8.111469e-02;8.623647e-02;7.299189e-02;5.578149e-02
5.151155e-02;5.480896e-02;8.722364e-02;2.782309e-02;5.984112e-02;8.165941e-02;3.206414e-01;8.310511e-02;6.396735e-02;6.742729e-02;6.044956e-02;4.154153e-02
6.837726e-02;4.655120e-02;7.455285e-02;2.893944e-02;5.254548e-02;1.056051e-01;3.862892e-01;7.121189e-02;4.200873e-02;4.597618e-02;4.003046e-02;3.791213e-02
6.639213e-02;2.908684e-02;4.595338e-02;3.102782e-02;4.546707e-02;1.473954e-01;4.850526e-01;4.103047e-02;1.990105e-02;2.693552e-02;2.167510e-02;4.008263e-02
4.042767e-02;2.006488e-02;2.120050e-02;2.711902e-02;4.293665e-02;1.910820e-01;5.627492e-01;1.705646e-02;9.578294e-03;2.276554e-02;1.363976e-02;3.138004e-02
2.589678e-02;2.082673e-02;1.232500e-02;1.978898e-02;3.908086e-02;1.914807e-01;5.993736e-01;1.290075e-02;6.584490e-03;4.432369e-02;9.729655e-03;1.768879e-02
1.979641e-02;2.865738e-02;1.618662e-02;1.343505e-02;3.720196e-02;1.670303e-01;6.039840e-01;2.074808e-02;9.655916e-03;6.518643e-02;5.770223e-03;1.234762e-02
1.878139e-02;3.295938e-02;1.793752e-02;1.084962e-02;5.992784e-02;1.658451e-01;5.487446e-01;4.970503e-02;2.162820e-02;5.579665e-02;1.082394e-02;7.000748e-03
2.970623e-02;2.479224e-02;5.086438e-02;2.176917e-02;1.107569e-01;2.041555e-01;4.240770e-01;5.477576e-02;2.789886e-02;3.073533e-02;1.425943e-02;6.209189e-03
3.074737e-02;1.367475e-02;4.201286e-02;1.548454e-02;1.207814e-01;2.021684e-01;4.812050e-01;2.665726e-02;1.364957e-02;3.650720e-02;1.071932e-02;6.392299e-03
2.819262e-02;8.353819e-03;1.491362e-02;1.005303e-02;1.056579e-01;1.826901e-01;5.778515e-01;1.714515e-02;4.983173e-03;3.526962e-02;9.516255e-03;5.373174e-03
2.381287e-02;9.647685e-03;1.132232e-02;8.127845e-03;9.935141e-02;1.672905e-01;6.078026e-01;1.801017e-02;7.443720e-03;3.678263e-02;6.598555e-03;3.809719e-03
2.895440e-02;8.215250e-03;3.651391e-02;1.454268e-02;1.254837e-01;1.574880e-01;5.545043e-01;2.317172e-02;8.371494e-03;3.472717e-02;3.360576e-03;4.666731e-03
3.806613e-02;9.308923e-03;1.296201e-01;2.542675e-02;1.674740e-01;1.568805e-01;3.911324e-01;1.169598e-02;1.680645e-02;2.904130e-02;9.015902e-03;1.553153e-02
3.275874e-02;1.587867e-02;3.145269e-01;4.772117e-02;1.793130e-01;1.533437e-01;1.458744e-01;8.284857e-03;2.995941e-02;2.572299e-02;2.029180e-02;2.632447e-02
3.023038e-02;2.189047e-02;3.618002e-01;5.602973e-02;1.387899e-01;1.210854e-01;1.628968e-01;1.863043e-02;2.625255e-02;2.430988e-02;2.089182e-02;1.719251e-02
3.549348e-02;1.976572e-02;2.812546e-01;5.253176e-02;1.128250e-01;1.060847e-01;2.731056e-01;2.653919e-02;2.161499e-02;3.510210e-02;2.297242e-02;1.271054e-02
4.569230e-02;1.643912e-02;1.349846e-01;3.078176e-02;9.909585e-02;1.074348e-01;3.881058e-01;3.477097e-02;2.025843e-02;6.444067e-02;3.818864e-02;1.980710e-02
3.735438e-02;1.631318e-02;1.192425e-01;2.511457e-02;1.071950e-01;1.339330e-01;4.062168e-01;3.460364e-02;2.580516e-02;4.727815e-02;2.664385e-02;2.029970e-02
3.159313e-02;2.327413e-02;1.813005e-01;2.988566e-02;1.223070e-01;1.351461e-01;3.717509e-01;3.056025e-02;1.893289e-02;2.596115e-02;1.716943e-02;1.211896e-02
8.722540e-02;6.456363e-02;1.543410e-01;2.837830e-02;6.554373e-02;7.067515e-02;1.514828e-01;6.947210e-02;8.832252e-02;8.324269e-02;6.409840e-02;7.265420e-02
1.208321e-01;8.861817e-02;1.034484e-01;3.247282e-02;5.407249e-02;3.657630e-02;9.736762e-02;8.455715e-02;9.500497e-02;9.307306e-02;9.968276e-02;9.429424e-02
1.232703e-01;8.662675e-02;1.076649e-01;3.718061e-02;5.829471e-02;3.622502e-02;1.172501e-01;7.727534e-02;8.051039e-02;7.887248e-02;1.070305e-01;8.979890e-02
1.009951e-01;7.247909e-02;1.668114e-01;4.565509e-02;8.016949e-02;2.908275e-02;1.414106e-01;4.977849e-02;7.693436e-02;6.146174e-02;1.011190e-01;7.410286e-02
5.082047e-02;5.173657e-02;2.497310e-01;8.259505e-02;1.395508e-01;5.386029e-02;1.390705e-01;6.857260e-02;5.048987e-02;3.336027e-02;3.549574e-02;4.471690e-02
2.792534e-02;2.855242e-02;2.306568e-01;1.378971e-01;1.660167e-01;5.519338e-02;1.081405e-01;1.030822e-01;3.515967e-02;3.481644e-02;2.694213e-02;4.561740e-02
2.036388e-02;2.271351e-02;1.831670e-01;2.169724e-01;1.860410e-01;3.923195e-02;4.508192e-02;1.245303e-01;2.187616e-02;3.799677e-02;6.446108e-02;3.756412e-02
1.009199e-02;2.119154e-02;1.935087e-01;2.862303e-01;2.001160e-01;3.125050e-02;2.029196e-02;8.661716e-02;8.729512e-03;2.334539e-02;9.359208e-02;2.503490e-02
3.758581e-03;2.225762e-02;1.646735e-01;3.042088e-01;2.349425e-01;2.723898e-02;2.506948e-02;3.333588e-02;3.641465e-03;3.428573e-02;9.234773e-02;5.423978e-02
6.132984e-03;1.742962e-02;1.100004e-01;2.364000e-01;3.351637e-01;4.555798e-02;2.766479e-02;1.864124e-02;8.354296e-03;2.930229e-02;5.978503e-02;1.055676e-01
1.636592e-02;1.076114e-02;7.761382e-02;1.323135e-01;4.215709e-01;9.262863e-02;3.722140e-02;1.440454e-02;2.123659e-02;1.336977e-02;2.768651e-02;1.348274e-01
4.170367e-02;1.070995e-02;5.603292e-02;5.358950e-02;3.737941e-01;2.366972e-01;6.078233e-02;1.734413e-02;2.374041e-02;1.222896e-02;2.658831e-02;8.678854e-02
7.205637e-02;7.766321e-03;2.902842e-02;2.278723e-02;2.245432e-01;3.972736e-01;1.393820e-01;1.360001e-02;1.084562e-02;2.568403e-02;2.540623e-02;3.162711e-02
7.245717e-02;7.662401e-03;2.012878e-02;2.200293e-02;9.213124e-02;3.892569e-01;2.821577e-01;1.998884e-02;1.148962e-02;4.551769e-02;1.468358e-02;2.252324e-02
3.449292e-02;1.704216e-02;1.457219e-02;2.525985e-02;8.364388e-02;2.792744e-01;4.214475e-01;3.110951e-02;1.016460e-02;4.273826e-02;2.458539e-02;1.566924e-02
1.449268e-02;3.649609e-02;1.426242e-02;2.142677e-02;6.998583e-02;1.954230e-01;5.191770e-01;2.472172e-02;7.040544e-03;1.917678e-02;5.842447e-02;1.937267e-02
1.664881e-02;4.955791e-02;1.829756e-02;2.063114e-02;6.741161e-02;1.407367e-01;5.304341e-01;3.814403e-02;9.833101e-03;1.051463e-02;6.275646e-02;3.503393e-02
1.498650e-02;5.051807e-02;3.609055e-02;2.368073e-02;8.366314e-02;1.142069e-01;5.317571e-01;3.744126e-02;1.502271e-02;1.393349e-02;3.802584e-02;4.067377e-02
2.352172e-02;3.932478e-02;1.989242e-02;1.819571e-02;6.279954e-02;1.053788e-01;6.087616e-01;3.555456e-02;1.865900e-02;1.690273e-02;2.343666e-02;2.757248e-02
1.304372e-02;2.287855e-02;1.619545e-02;1.286426e-02;4.435303e-02;1.029407e-01;7.142830e-01;1.962981e-02;1.648608e-02;7.791237e-03;1.919987e-02;1.033422e-02
8.526190e-03;1.755015e-02;1.264309e-02;1.422427e-02;5.905592e-02;8.693101e-02;7.336223e-01;2.460126e-02;1.404263e-02;9.341325e-03;1.465024e-02;4.811589e-03
1.973723e-02;1.851284e-02;3.487821e-02;1.434323e-02;5.140975e-02;9.234458e-02;6.941286e-01;2.769462e-02;1.315496e-02;1.572838e-02;9.291146e-03;8.776389e-03
1.901816e-02;2.025514e-02;3.058170e-02;1.471558e-02;3.559165e-02;9.660764e-02;6.934627e-01;2.596487e-02;2.097782e-02;2.442618e-02;8.921259e-03;9.477238e-03
2.034856e-02;1.191654e-02;1.996118e-02;1.572846e-02;5.130541e-02;1.293971e-01;6.499244e-01;3.027375e-02;2.400254e-02;3.487653e-02;5.690186e-03;6.575383e-03
2.814071e-02;8.138184e-03;3.149989e-02;1.783756e-02;8.716939e-02;1.703361e-01;5.235747e-01;3.509928e-02;2.554828e-02;4.842994e-02;4.290881e-03;1.993506e-02
2.394758e-02;1.037788e-02;9.907358e-02;2.805807e-02;1.444848e-01;1.579454e-01;3.686689e-01;3.172227e-02;3.190297e-02;4.351525e-02;8.389119e-03;5.191414e-02
1.803025e-02;1.211551e-02;2.420165e-01;7.494742e-02;1.860968e-01;9.817462e-02;1.699140e-01;3.343254e-02;4.116076e-02;3.565824e-02;2.360166e-02;6.485163e-02
2.179516e-02;1.791909e-02;4.209273e-01;9.424129e-02;1.408444e-01;6.080513e-02;9.291882e-02;2.608972e-02;2.935507e-02;3.293619e-02;3.132759e-02;3.084032e-02
3.025626e-02;3.500954e-02;4.868695e-01;6.051340e-02;8.894540e-02;5.289691e-02;1.139483e-01;1.872318e-02;3.218888e-02;4.510870e-02;2.533408e-02;1.020591e-02
4.093266e-02;6.553335e-02;4.328265e-01;3.000735e-02;6.853759e-02;4.517779e-02;9.715006e-02;3.635630e-02;6.343012e-02;6.276208e-02;3.153492e-02;2.575127e-02
3.538944e-02;9.044312e-02;3.629492e-01;2.791315e-02;6.686715e-02;5.398877e-02;8.047050e-02;5.048862e-02;7.913046e-02;6.061217e-02;4.758380e-02;4.416363e-02
2.732878e-02;7.498570e-02;3.868685e-01;5.650882e-02;5.795434e-02;6.134287e-02;7.545717e-02;4.119949e-02;8.281261e-02;6.357690e-02;3.320583e-02;3.875903e-02
1.628906e-02;3.949909e-02;4.372364e-01;1.057802e-01;8.197980e-02;4.213123e-02;4.359672e-02;5.042221e-02;6.074140e-02;6.259874e-02;3.624358e-02;2.348160e-02
8.855851e-03;1.870995e-02;3.226994e-01;1.548354e-01;1.075841e-01;3.172505e-02;5.143639e-02;1.023221e-01;4.168631e-02;3.046958e-02;9.958899e-02;3.008694e-02
6.708860e-03;1.802570e-02;1.911895e-01;1.778761e-01;1.234161e-01;3.702443e-02;2.711972e-02;1.562738e-01;3.775556e-02;1.397313e-02;1.664043e-01;4.423285e-02
1.075712e-02;2.709646e-02;1.420759e-01;1.746391e-01;1.141883e-01;2.941514e-02;1.398896e-02;1.538544e-01;3.339099e-02;2.278970e-02;2.334055e-01;4.439845e-02
1.451331e-02;4.080644e-02;1.467310e-01;1.742542e-01;9.120706e-02;1.951739e-02;1.836435e-02;1.134690e-01;2.168109e-02;3.279743e-02;2.958147e-01;3.084410e-02
1.275996e-02;4.893079e-02;1.431579e-01;1.819551e-01;7.303089e-02;1.674231e-02;9.058888e-03;7.940735e-02;1.671611e-02;2.255733e-02;3.535301e-01;4.215333e-02
1.403544e-02;6.521861e-02;1.369716e-01;1.858279e-01;5.420740e-02;2.011562e-02;9.190931e-03;6.164982e-02;1.674462e-02;1.660626e-02;3.979284e-01;2.150335e-02
1.810654e-02;1.046924e-01;1.406754e-01;1.856286e-01;4.438221e-02;2.482585e-02;1.513548e-02;4.169361e-02;1.031478e-02;1.067837e-02;3.919675e-01;1.189923e-02
1.802459e-02;1.300949e-01;1.679208e-01;1.921988e-01;3.499379e-02;2.867123e-02;1.389232e-02;2.933590e-02;1.340767e-02;1.107536e-02;3.508344e-01;9.550210e-03
1.413636e-02;1.021933e-01;2.129751e-01;2.162986e-01;3.022165e-02;3.646510e-02;1.491834e-02;2.878293e-02;1.446789e-02;1.885472e-02;3.063289e-01;4.357093e-03
8.720222e-03;4.151144e-02;2.578234e-01;2.579129e-01;3.496061e-02;4.497508e-02;1.139104e-02;2.892303e-02;1.394873e-02;1.768941e-02;2.744350e-01;7.709238e-03
7.376906e-03;1.065089e-02;2.931390e-01;2.896735e-01;3.570762e-02;4.573209e-02;1.035339e-02;2.182500e-02;1.666520e-02;1.747817e-02;2.468749e-01;4.523261e-03
1.354769e-02;1.364356e-02;3.308443e-01;2.920259e-01;3.993865e-02;4.001007e-02;1.513545e-02;1.613384e-02;1.692064e-02;1.849976e-02;1.990794e-01;4.220758e-03
4.021800e-02;1.300519e-02;3.919921e-01;2.481590e-01;3.456790e-02;2.561840e-02;1.863497e-02;1.049209e-02;4.478212e-02;3.353123e-02;1.360730e-01;2.926093e-03
7.000217e-02;1.488059e-02;4.566451e-01;1.689774e-01;2.869654e-02;1.531643e-02;2.078492e-02;1.037032e-02;7.784396e-02;5.875799e-02;7.484201e-02;2.882541e-03
1.000864e-01;1.406378e-02;5.172773e-01;9.938079e-02;2.555094e-02;1.161641e-02;3.079908e-02;6.761999e-03;7.382526e-02;9.678045e-02;1.775654e-02;6.101047e-03
9.029695e-02;1.775612e-02;5.220599e-01;5.898977e-02;2.835449e-02;6.046269e-03;3.485604e-02;6.069546e-03;3.822009e-02;1.567173e-01;3.596728e-02;4.666377e-03
5.671221e-02;2.363382e-02;5.254693e-01;3.447288e-02;3.066508e-02;6.767883e-03;3.261591e-02;6.460297e-03;2.547120e-02;2.174942e-01;3.219835e-02;8.038864e-03
3.527346e-02;4.800189e-02;4.934155e-01;1.976638e-02;2.898590e-02;1.172416e-02;2.683545e-02;1.150552e-02;5.213212e-02;2.098380e-01;2.169163e-02;4.083001e-02
3.309006e-02;1.004692e-01;4.019009e-01;2.278712e-02;1.762304e-02;2.966966e-02;1.850263e-02;1.740497e-02;1.210064e-01;1.213481e-01;1.670084e-02;9.949706e-02
7.596608e-02;1.320552e-01;2.940090e-01;2.462747e-02;1.060084e-02;5.144184e-02;1.180879e-02;2.324196e-02;1.803356e-01;4.892850e-02;3.210472e-02;1.148800e-01
1.596588e-01;1.152399e-01;2.278729e-01;2.144662e-02;1.863380e-02;5.447490e-02;1.777010e-02;3.667954e-02;1.675476e-01;3.148129e-02;6.565645e-02;8.353809e-02
2.274635e-01;9.757817e-02;2.014676e-01;1.633617e-02;4.038990e-02;3.490256e-02;2.895989e-02;7.431755e-02;8.971678e-02;3.743523e-02;1.061327e-01;4.530003e-02
2.185393e-01;8.099248e-02;1.804471e-01;1.902287e-02;4.171391e-02;2.574731e-02;3.244559e-02;9.250493e-02;7.862838e-02;5.752983e-02;1.137436e-01;5.868473e-02
1.601402e-01;4.812555e-02;1.409990e-01;4.215909e-02;2.228558e-02;3.295051e-02;6.029195e-02;6.813485e-02;8.495497e-02;1.176086e-01;9.575050e-02;1.265991e-01
1.351266e-01;3.609796e-02;1.662132e-01;4.566279e-02;1.782864e-02;2.386117e-02;8.982055e-02;2.105374e-02;5.003131e-02;1.263309e-01;1.135943e-01;1.743789e-01
1.106954e-01;4.118538e-02;1.598072e-01;3.804782e-02;2.016927e-02;2.038371e-02;1.021972e-01;1.559067e-02;3.590850e-02;1.074314e-01;1.630599e-01;1.855235e-01
8.039766e-02;2.207665e-02;1.199892e-01;2.316432e-02;3.116344e-02;6.315512e-02;8.782065e-02;1.889141e-02;4.320341e-02;1.215375e-01;2.408118e-01;1.477888e-01
6.793900e-02;1.702838e-02;1.388045e-01;1.314240e-02;2.029194e-02;1.423007e-01;5.196961e-02;1.386716e-02;3.651125e-02;1.464880e-01;2.606661e-01;9.099099e-02
6.033364e-02;2.469504e-02;6.785984e-02;1.095982e-02;2.448077e-02;1.869393e-01;4.541173e-02;1.162761e-02;3.477180e-02;1.774683e-01;2.873964e-01;6.805571e-02
6.064225e-02;1.702712e-02;7.641484e-02;1.386638e-02;2.822737e-02;1.582622e-01;3.573377e-02;1.854349e-02;4.041936e-02;1.914868e-01;2.958580e-01;6.351843e-02
5.652462e-02;3.206107e-02;6.151459e-02;2.014897e-02;3.687833e-02;1.057508e-01;6.284504e-02;2.461930e-02;5.105984e-02;2.124097e-01;2.822102e-01;5.397761e-02
3.382201e-02;2.511353e-02;7.792556e-02;2.373518e-02;5.203195e-02;8.362946e-02;8.205249e-02;2.782300e-02;6.685410e-02;2.181942e-01;2.555548e-01;5.326375e-02
2.543444e-02;1.164560e-02;6.087461e-02;1.957847e-02;4.141874e-02;1.149146e-01;7.693399e-02;2.373218e-02;5.931693e-02;2.320192e-01;2.818288e-01;5.230248e-02
3.850982e-02;1.075398e-02;6.717596e-02;1.055901e-02;2.943305e-02;1.644337e-01;5.258330e-02;1.861507e-02;3.785439e-02;2.122291e-01;3.010648e-01;5.678786e-02
2.949355e-02;1.342779e-02;5.580715e-02;8.699276e-03;2.504436e-02;1.866676e-01;5.104826e-02;1.936943e-02;5.085519e-02;1.875594e-01;3.043988e-01;6.762917e-02
3.103928e-02;9.991747e-03;6.386612e-02;7.783138e-03;2.036316e-02;1.560487e-01;5.625301e-02;5.299079e-02;8.534767e-02;1.520720e-01;2.786577e-01;8.558665e-02
5.270892e-02;7.017504e-03;5.282767e-02;1.315584e-02;1.555849e-02;9.489924e-02;1.105659e-01;1.010380e-01;8.944870e-02;1.175315e-01;2.334307e-01;1.118175e-01
9.625696e-02;1.685460e-02;4.645061e-02;1.748778e-02;1.275901e-02;5.605274e-02;1.728188e-01;1.289773e-01;5.107365e-02;9.022640e-02;1.713412e-01;1.397010e-01
1.894690e-01;2.598620e-02;7.054046e-02;3.077999e-02;9.250036e-03;3.032662e-02;1.803214e-01;8.756495e-02;3.434739e-02;7.982470e-02;1.163688e-01;1.452205e-01
3.054722e-01;5.551688e-02;9.630740e-02;2.437904e-02;1.400547e-02;1.501531e-02;1.106762e-01;7.291587e-02;5.697508e-02;6.198719e-02;7.278660e-02;1.139628e-01
3.630246e-01;9.987403e-02;1.421666e-01;1.471308e-02;3.175236e-02;9.551542e-03;4.051261e-02;1.069282e-01;4.887984e-02;3.243475e-02;4.423818e-02;6.592427e-02
3.310802e-01;1.567460e-01;2.050619e-01;1.044899e-02;3.925021e-02;7.356434e-03;2.224098e-02;9.698062e-02;4.117550e-02;2.073466e-02;3.598145e-02;3.294305e-02
2.648491e-01;2.079000e-01;2.632356e-01;1.306415e-02;3.789984e-02;1.348480e-02;3.140309e-02;5.883535e-02;4.508214e-02;2.221432e-02;2.751709e-02;1.451453e-02
2.552621e-01;2.429462e-01;2.534865e-01;1.352719e-02;2.172913e-02;2.474027e-02;4.639227e-02;2.823136e-02;5.014309e-02;2.150938e-02;2.584447e-02;1.618800e-02
1.971241e-01;2.263649e-01;3.418735e-01;2.908405e-02;2.400273e-02;3.519956e-02;2.945614e-02;1.157994e-02;5.092162e-02;1.324451e-02;1.802311e-02;2.312595e-02
1.186197e-01;2.205518e-01;4.395168e-01;4.069361e-02;1.019580e-02;5.145023e-02;9.053383e-03;8.665956e-03;5.756683e-02;8.565486e-03;9.646228e-03;2.547422e-02
8.659053e-02;1.836028e-01;4.882396e-01;3.750649e-02;7.593166e-03;6.294203e-02;8.417516e-03;6.517869e-03;6.106144e-02;7.243884e-03;6.077345e-03;4.420732e-02
4.918589e-02;1.325405e-01;5.555272e-01;2.917094e-02;9.713163e-03;6.280033e-02;6.528680e-03;5.666205e-03;6.143432e-02;7.067083e-03;7.242478e-03;7.312323e-02
1.031336e-02;8.756275e-02;6.174281e-01;2.943325e-02;1.040534e-02;5.290589e-02;9.759656e-03;4.000208e-03;5.454577e-02;8.586970e-03;1.184713e-02;1.032116e-01
3.464825e-02;7.395932e-02;6.290665e-01;3.064224e-02;7.745597e-03;4.247617e-02;9.999719e-03;7.282414e-03;3.494439e-02;1.200179e-02;1.936352e-02;9.787008e-02
5.442772e-02;5.038693e-02;5.932652e-01;4.228758e-02;2.392515e-02;3.666596e-02;3.110729e-02;1.287147e-02;1.368053e-02;3.534398e-02;2.912325e-02;7.691487e-02
1.001840e-01;5.181709e-02;5.537152e-01;4.454126e-02;2.841352e-02;2.297213e-02;1.904211e-02;1.055753e-02;2.178324e-02;6.468249e-02;2.197275e-02;6.031879e-02
1.512523e-01;3.686448e-02;5.751035e-01;4.321516e-02;2.552226e-02;1.073914e-02;1.517823e-02;3.352938e-03;8.479581e-03;9.467087e-02;9.385952e-03;2.623560e-02
1.374810e-01;4.630544e-02;5.815464e-01;3.630800e-02;2.393788e-02;5.398070e-03;1.544164e-02;4.406493e-03;1.611886e-02;1.116437e-01;1.068657e-02;1.072605e-02
5.954684e-02;6.468654e-02;6.380116e-01;2.815186e-02;2.165859e-02;3.697874e-03;1.493886e-02;4.058341e-03;1.690594e-02;1.283619e-01;1.268679e-02;7.294808e-03
5.457526e-02;8.000511e-02;6.313726e-01;2.833643e-02;2.064080e-02;4.249243e-03;2.203093e-02;3.150602e-03;1.275469e-02;1.315009e-01;8.675010e-03;2.708381e-03
7.554477e-02;1.091220e-01;5.679384e-01;2.968475e-02;2.325455e-02;9.823121e-03;2.523132e-02;6.670709e-03;1.383605e-02;1.123631e-01;1.179635e-02;1.473495e-02
8.421265e-02;1.308839e-01;5.060189e-01;2.632821e-02;2.656515e-02;2.101386e-02;2.293835e-02;1.370495e-02;2.791920e-02;8.207344e-02;2.797466e-02;3.036680e-02
1.493242e-01;7.960282e-02;4.431995e-01;1.929605e-02;3.471985e-02;2.912368e-02;2.259641e-02;2.208607e-02;4.395247e-02;5.267421e-02;6.409492e-02;3.932972e-02
1.559319e-01;1.015962e-01;4.023192e-01;3.122304e-02;3.832812e-02;2.768117e-02;2.633116e-02;2.380029e-02;3.520704e-02;5.321336e-02;5.653387e-02;4.783466e-02
1.148575e-01;1.255334e-01;4.100315e-01;4.956930e-02;3.795633e-02;2.821387e-02;3.828042e-02;3.459997e-02;3.668588e-02;5.378546e-02;2.673948e-02;4.374690e-02
1.277994e-01;9.629960e-02;3.978736e-01;4.767945e-02;3.684447e-02;3.469539e-02;4.881989e-02;4.072469e-02;3.555923e-02;5.652229e-02;3.136535e-02;4.581667e-02
1.338591e-01;5.081940e-02;3.747617e-01;4.938326e-02;5.267049e-02;4.447512e-02;6.204743e-02;4.319265e-02;3.719975e-02;6.384537e-02;2.570387e-02;6.204191e-02
8.922902e-02;7.035995e-02;3.342336e-01;5.807523e-02;4.517613e-02;5.602786e-02;7.472259e-02;3.812765e-02;7.483008e-02;6.803475e-02;1.643108e-02;7.475212e-02
1.081619e-01;4.936294e-02;3.028481e-01;4.090248e-02;3.619813e-02;5.458423e-02;8.351197e-02;5.096940e-02;1.002786e-01;7.907321e-02;3.678369e-02;5.732534e-02
7.548707e-02;6.170460e-02;3.015134e-01;4.766737e-02;5.484507e-02;5.402984e-02;8.570170e-02;3.558147e-02;8.173250e-02;1.006771e-01;3.474190e-02;6.631801e-02
1.220728e-01;5.508903e-02;2.601398e-01;6.378590e-02;8.692797e-02;4.537408e-02;7.074066e-02;3.635277e-02;5.365523e-02;7.690918e-02;3.182976e-02;9.712294e-02
1.448331e-01;6.787030e-02;2.679117e-01;6.965813e-02;8.233508e-02;2.994714e-02;7.273515e-02;5.105752e-02;4.250927e-02;5.698421e-02;3.310021e-02;8.105808e-02
1.258085e-01;9.365269e-02;2.996390e-01;7.819346e-02;7.631219e-02;3.832624e-02;7.894870e-02;4.974420e-02;3.516288e-02;4.868850e-02;3.024423e-02;4.527945e-02
8.033030e-02;9.881227e-02;3.260782e-01;7.657252e-02;6.594591e-02;4.836727e-02;7.482415e-02;5.618019e-02;5.262710e-02;4.818947e-02;3.828408e-02;3.378852e-02
3.398638e-02;1.123066e-01;3.120862e-01;7.495338e-02;6.895836e-02;4.909004e-02;8.993872e-02;5.195648e-02;6.507656e-02;5.263309e-02;5.934292e-02;2.967129e-02
4.574961e-02;6.515649e-02;3.338621e-01;8.317079e-02;6.660534e-02;4.729788e-02;8.603171e-02;4.890047e-02;5.614437e-02;3.994672e-02;7.317056e-02;5.396391e-02
8.400566e-02;5.660810e-02;3.130745e-01;8.710020e-02;4.569463e-02;4.669504e-02;8.886203e-02;5.904484e-02;5.701095e-02;4.422702e-02;5.400663e-02;6.367043e-02
1.195088e-01;1.065812e-01;1.099406e-01;4.455756e-02;4.346241e-02;6.940994e-02;2.153805e-01;1.261832e-01;5.241594e-02;6.299785e-02;2.383117e-02;2.573076e-02
2.202904e-01;1.446778e-01;1.204734e-01;3.583097e-02;3.378827e-02;5.460080e-02;1.226664e-01;1.001467e-01;3.901256e-02;6.414272e-02;2.642586e-02;3.794404e-02
2.130445e-01;1.165011e-01;8.237324e-02;2.788220e-02;6.583849e-02;6.340885e-02;2.350191e-01;5.238747e-02;2.888042e-02;3.997707e-02;3.318959e-02;4.149795e-02
1.471692e-01;7.799754e-02;8.185890e-02;2.419101e-02;8.474412e-02;9.014686e-02;3.431008e-01;3.011617e-02;2.227023e-02;3.855529e-02;2.771878e-02;3.213105e-02
8.692133e-02;5.280329e-02;7.151058e-02;1.980220e-02;8.973902e-02;1.180914e-01;4.516829e-01;1.728182e-02;1.714761e-02;3.591102e-02;1.881191e-02;2.029699e-02
4.411035e-02;3.242530e-02;2.831445e-02;1.212339e-02;7.455584e-02;1.294030e-01;5.895650e-01;1.950837e-02;1.320799e-02;3.431518e-02;1.204497e-02;1.042608e-02
3.473747e-02;3.810678e-02;1.327806e-02;6.692448e-03;5.162320e-02;1.099929e-01;6.665026e-01;2.096923e-02;1.159498e-02;2.797187e-02;1.322661e-02;5.303876e-03
1.649352e-02;4.923968e-02;1.361926e-02;6.053552e-03;4.587945e-02;9.870207e-02;7.039160e-01;1.635209e-02;9.085800e-03;1.664774e-02;1.705842e-02;6.952395e-03
1.020116e-02;4.792668e-02;7.946439e-03;5.454525e-03;4.170846e-02;7.755497e-02;7.386311e-01;1.582986e-02;1.097121e-02;8.631477e-03;2.709500e-02;8.049115e-03
9.608273e-03;3.992658e-02;4.529907e-03;5.444328e-03;3.573380e-02;6.980463e-02;7.573321e-01;1.934841e-02;1.064442e-02;9.707415e-03;3.246739e-02;5.452712e-03
8.455858e-03;3.045926e-02;1.125332e-02;4.529023e-03;2.982766e-02;6.411882e-02;7.755882e-01;2.605432e-02;9.794977e-03;8.424428e-03;2.761785e-02;3.876298e-03
1.100595e-02;2.285441e-02;9.884731e-03;6.204422e-03;2.419507e-02;5.559058e-02;7.861322e-01;3.789058e-02;1.525497e-02;1.316496e-02;1.328771e-02;4.534435e-03
2.295589e-02;1.352294e-02;3.044704e-02;1.233761e-02;4.971363e-02;6.966629e-02;7.124923e-01;3.614520e-02;1.675729e-02;1.686309e-02;7.780683e-03;1.131808e-02
2.833067e-02;1.202157e-02;8.082135e-02;2.223752e-02;7.372230e-02;8.309015e-02;6.048056e-01;2.466352e-02;1.955693e-02;1.556878e-02;1.798724e-02;1.719438e-02
3.179095e-02;1.595547e-02;1.104923e-01;3.918720e-02;6.649774e-02;5.584607e-02;5.547859e-01;3.594549e-02;2.921391e-02;1.735766e-02;2.252001e-02;2.040734e-02
2.181280e-02;1.208431e-02;8.222324e-02;3.542833e-02;7.400372e-02;6.387020e-02;5.683286e-01;5.516162e-02;3.134224e-02;2.117003e-02;2.079789e-02;1.377702e-02
2.576178e-02;2.134326e-02;4.958337e-02;2.883149e-02;8.948331e-02;8.631301e-02;5.628572e-01;5.349137e-02;2.756548e-02;2.265843e-02;2.492291e-02;7.188448e-03
3.559118e-02;4.051209e-02;2.801820e-02;3.169153e-02;9.827115e-02;8.625086e-02;5.184031e-01;4.479250e-02;2.609526e-02;3.601617e-02;3.440701e-02;1.995094e-02
5.058203e-02;5.379204e-02;6.690110e-02;4.333203e-02;1.031719e-01;8.304696e-02;4.076507e-01;4.274205e-02;2.125415e-02;6.301180e-02;2.658382e-02;3.793135e-02
4.641910e-02;5.392803e-02;9.259927e-02;4.575828e-02;7.224274e-02;6.398527e-02;3.760626e-01;6.369212e-02;4.765575e-02;7.320111e-02;2.725559e-02;3.720011e-02
6.479713e-02;1.286639e-01;1.223514e-01;4.910217e-02;9.065468e-02;5.948040e-02;1.412563e-01;3.887054e-02;1.066007e-01;1.085130e-01;3.860601e-02;5.110368e-02
8.680001e-02;1.179002e-01;1.309266e-01;4.368011e-02;9.095772e-02;7.094476e-02;1.091302e-01;4.651144e-02;9.441818e-02;1.046442e-01;4.297179e-02;6.111474e-02
1.060702e-01;7.983433e-02;1.185934e-01;4.834822e-02;8.348821e-02;8.407482e-02;1.253035e-01;6.686784e-02;6.412084e-02;1.095337e-01;4.835367e-02;6.541132e-02
1.051918e-01;6.637459e-02;1.177572e-01;6.200920e-02;6.296664e-02;1.012283e-01;1.440619e-01;8.331629e-02;4.262742e-02;9.994219e-02;5.291017e-02;6.161430e-02
6.152509e-02;8.892350e-02;1.523070e-01;6.177559e-02;3.501663e-02;9.779277e-02;1.451540e-01;8.477456e-02;9.648141e-02;6.600805e-02;5.289144e-02;5.734997e-02
