8.089449e-02;2.980221e-02;1.340011e-01;6.591725e-02;1.093783e-01;7.854593e-02;1.158597e-01;6.168407e-02;6.016707e-02;1.309332e-01;8.137532e-02;5.144135e-02
8.149491e-02;2.470662e-02;1.684725e-01;6.756485e-02;1.078817e-01;8.058101e-02;1.106986e-01;4.725445e-02;4.906398e-02;1.294836e-01;8.116277e-02;5.163507e-02
5.112208e-02;5.894432e-02;1.689292e-01;9.375680e-02;9.273461e-02;4.665253e-02;1.014122e-01;4.085255e-02;4.515014e-02;1.584683e-01;6.414017e-02;7.783712e-02
1.003452e-01;1.032513e-01;1.242270e-01;1.107798e-01;6.085593e-02;2.568044e-02;7.696394e-02;2.655339e-02;4.185417e-02;1.325411e-01;6.844102e-02;1.285068e-01
1.478882e-01;1.303862e-01;9.972507e-02;1.112880e-01;5.501780e-02;1.753676e-02;5.052374e-02;3.592981e-02;3.727036e-02;1.014830e-01;7.037598e-02;1.425751e-01
1.867337e-01;1.266520e-01;6.978501e-02;9.902184e-02;6.120583e-02;2.454399e-02;3.535118e-02;4.373882e-02;4.306686e-02;8.737331e-02;9.852216e-02;1.240053e-01
1.502676e-01;8.869777e-02;7.936097e-02;7.597897e-02;8.125543e-02;4.737991e-02;8.116489e-02;4.871799e-02;8.602680e-02;6.867504e-02;9.654384e-02;9.593082e-02
6.491897e-02;5.547970e-02;8.253998e-02;6.081967e-02;6.996072e-02;8.307715e-02;1.233205e-01;7.141381e-02;1.386875e-01;8.917821e-02;8.978957e-02;7.081427e-02
6.217522e-02;4.156947e-02;5.346015e-02;7.023643e-02;7.971548e-02;4.765672e-02;1.744616e-01;9.911796e-02;1.282986e-01;8.901785e-02;8.340454e-02;7.088592e-02
9.504507e-02;4.163137e-02;5.521175e-02;8.517119e-02;7.388531e-02;4.649895e-02;1.466008e-01;1.038690e-01;9.531347e-02;7.033246e-02;9.607984e-02;9.036075e-02
1.117411e-01;6.082981e-02;5.964667e-02;8.316091e-02;5.746405e-02;9.634886e-02;9.163348e-02;1.338553e-01;8.422881e-02;4.352843e-02;9.429415e-02;8.326848e-02
1.122266e-01;9.904982e-02;1.109870e-01;7.178384e-02;4.761536e-02;4.388029e-02;8.444861e-02;1.013185e-01;7.527152e-02;7.653207e-02;1.053987e-01;7.148770e-02
1.451273e-01;1.023348e-01;5.726670e-02;6.076247e-02;7.690672e-02;5.561283e-02;1.014079e-01;5.535172e-02;1.115222e-01;1.029688e-01;8.310858e-02;4.763008e-02
1.338578e-01;9.334327e-02;4.455584e-02;5.773197e-02;8.369496e-02;5.025683e-02;9.044498e-02;7.569697e-02;1.069020e-01;7.266627e-02;1.056004e-01;8.524868e-02
1.103501e-01;1.194810e-01;4.013440e-02;5.512291e-02;7.604281e-02;6.114392e-02;9.048676e-02;8.870032e-02;9.119060e-02;3.841897e-02;1.035954e-01;1.253329e-01
5.663767e-02;1.617224e-01;2.997017e-02;6.659466e-02;4.950904e-02;6.364890e-02;1.314013e-01;7.242423e-02;6.146294e-02;5.292955e-02;6.381486e-02;1.898842e-01
3.510359e-02;1.542435e-01;3.580635e-02;8.466858e-02;3.845162e-02;5.696740e-02;1.507374e-01;4.390483e-02;5.706860e-02;7.391966e-02;3.977342e-02;2.293550e-01
4.189378e-02;1.049561e-01;2.621805e-02;9.011076e-02;4.790011e-02;5.885614e-02;1.205646e-01;5.077887e-02;6.894299e-02;1.215187e-01;4.982587e-02;2.184340e-01
9.929718e-02;5.480465e-02;3.799033e-02;6.928960e-02;6.904815e-02;6.615933e-02;7.256155e-02;9.466115e-02;5.949581e-02;1.520542e-01;6.067443e-02;1.639636e-01
1.275375e-01;3.959796e-02;5.256614e-02;4.402786e-02;9.165294e-02;4.789044e-02;4.980830e-02;1.335266e-01;4.877085e-02;1.637632e-01;8.868469e-02;1.121735e-01
1.071006e-01;3.351387e-02;4.958411e-02;3.823735e-02;1.099175e-01;4.124575e-02;8.765018e-02;1.478640e-01;4.691342e-02;1.529529e-01;1.219763e-01;6.304412e-02
9.446324e-02;3.713751e-02;5.903535e-02;6.196611e-02;9.955069e-02;4.095174e-02;1.193262e-01;1.363275e-01;7.417779e-02;1.258729e-01;1.296928e-01;2.149814e-02
1.009612e-01;4.984831e-02;1.050596e-01;8.626477e-02;8.069795e-02;4.564640e-02;1.083895e-01;1.076251e-01;8.149012e-02;9.152580e-02;1.173131e-01;2.517825e-02
1.311232e-01;4.335297e-02;1.219501e-01;9.306958e-02;6.365994e-02;5.756424e-02;1.045362e-01;7.101949e-02;9.655950e-02;6.052566e-02;1.088610e-01;4.777819e-02
1.190162e-01;3.173750e-02;1.359225e-01;9.074496e-02;5.335709e-02;4.015932e-02;1.100510e-01;7.999187e-02;7.018536e-02;9.496666e-02;1.087257e-01;6.514184e-02
7.383958e-02;4.740747e-02;1.453246e-01;9.529830e-02;5.409734e-02;4.120355e-02;6.906191e-02;1.030651e-01;3.761315e-02;1.405983e-01;1.056920e-01;8.679867e-02
4.370633e-02;3.315967e-02;2.057101e-01;9.336036e-02;4.685664e-02;4.397553e-02;6.630301e-02;1.023719e-01;5.788820e-02;1.482891e-01;6.900734e-02;8.937176e-02
5.297043e-02;5.533955e-02;2.332795e-01;7.428177e-02;4.258363e-02;5.235769e-02;4.583301e-02;1.319218e-01;5.098637e-02;1.658233e-01;2.164613e-02;7.297683e-02
4.362369e-02;6.555058e-02;2.473697e-01;5.409719e-02;4.020208e-02;3.294677e-02;8.582042e-02;1.047977e-01;6.753427e-02;1.363646e-01;6.809901e-02;5.359399e-02
1.164046e-01;5.390773e-02;2.769640e-01;3.858642e-02;4.051103e-02;4.060433e-02;9.545290e-02;3.737498e-02;5.265439e-02;1.042886e-01;5.133983e-02;9.191117e-02
1.226850e-01;1.150805e-01;1.860156e-01;8.044632e-02;6.742758e-02;5.012947e-02;5.151540e-02;2.300393e-02;7.085463e-02;8.404087e-02;6.046663e-02;8.833402e-02
1.753542e-01;1.567170e-01;9.182566e-02;8.959833e-02;7.569421e-02;5.125235e-02;3.636752e-02;3.626668e-02;6.476006e-02;4.811102e-02;1.039167e-01;7.013623e-02
1.878294e-01;1.299910e-01;7.389407e-02;6.336015e-02;8.768263e-02;6.361356e-02;3.247702e-02;3.645851e-02;7.501217e-02;1.826728e-02;8.580679e-02;1.456074e-01
2.109469e-01;8.381364e-02;1.053378e-01;3.410322e-02;9.229341e-02;7.607624e-02;3.541668e-02;2.658777e-02;9.895297e-02;2.628448e-02;4.368346e-02;1.665034e-01
2.863323e-01;5.547380e-02;1.114458e-01;2.892268e-02;7.334115e-02;1.025884e-01;4.484307e-02;1.547260e-02;8.968505e-02;4.323150e-02;1.942823e-02;1.292353e-01
3.179422e-01;7.971125e-02;6.311075e-02;5.755447e-02;5.012575e-02;1.289646e-01;9.631185e-02;1.518594e-02;5.350424e-02;6.773191e-02;8.690858e-03;6.116617e-02
2.816505e-01;1.350982e-01;2.334883e-02;7.840718e-02;3.374583e-02;1.225221e-01;1.791614e-01;1.065961e-02;2.490604e-02;7.529122e-02;1.352755e-02;2.168163e-02
1.635555e-01;2.097254e-01;4.116669e-02;5.326683e-02;3.947115e-02;6.907941e-02;2.924013e-01;2.594697e-02;1.676072e-02;4.824466e-02;2.844649e-02;1.193489e-02
5.415128e-02;2.352783e-01;4.371207e-02;1.676011e-02;6.796782e-02;4.008271e-02;3.858818e-01;5.088214e-02;2.386588e-02;2.670145e-02;4.786322e-02;6.853304e-03
3.099668e-02;2.006668e-01;4.022340e-02;7.538359e-03;1.116544e-01;4.033915e-02;3.850190e-01;5.960687e-02;2.301580e-02;2.338492e-02;7.323219e-02;4.322422e-03
2.851080e-02;1.553876e-01;4.111410e-02;4.424631e-03;1.460339e-01;4.045887e-02;3.608941e-01;7.553011e-02;1.702521e-02;2.032663e-02;1.015158e-01;8.778321e-03
1.416981e-02;1.211922e-01;4.523807e-02;3.864415e-03;1.562279e-01;4.473992e-02;3.572987e-01;9.712306e-02;1.153695e-02;1.354843e-02;1.247913e-01;1.026922e-02
1.128905e-02;1.010533e-01;3.794589e-02;5.719868e-03;1.408891e-01;5.091644e-02;3.805110e-01;1.087371e-01;1.347838e-02;1.163624e-02;1.322777e-01;5.545891e-03
1.151214e-02;9.039396e-02;2.563889e-02;4.490497e-03;1.062108e-01;5.459334e-02;4.244931e-01;1.033037e-01;2.507374e-02;1.298055e-02;1.362894e-01;5.019878e-03
1.356624e-02;9.135137e-02;1.756033e-02;4.520112e-03;5.959179e-02;5.802807e-02;4.674252e-01;7.991143e-02;4.024399e-02;2.139661e-02;1.413707e-01;5.034198e-03
1.571811e-02;1.031262e-01;1.340905e-02;3.304907e-03;1.861057e-02;7.142341e-02;5.011140e-01;4.137678e-02;6.085469e-02;2.796273e-02;1.398991e-01;3.200534e-03
3.655900e-02;1.069348e-01;1.517475e-02;7.741125e-03;2.572763e-02;1.058061e-01;4.349782e-01;4.325086e-02;7.304253e-02;3.315831e-02;1.123559e-01;5.270758e-03
7.003792e-02;1.071743e-01;2.446159e-02;2.150015e-02;4.744097e-02;1.452317e-01;3.505921e-01;3.630422e-02;5.951692e-02;2.185630e-02;1.013219e-01;1.456193e-02
1.047290e-01;7.598861e-02;3.993122e-02;3.309181e-02;5.986292e-02;1.615594e-01;2.780661e-01;4.698438e-02;4.801816e-02;3.247162e-02;9.071673e-02;2.857995e-02
1.281260e-01;7.604136e-02;7.663431e-02;3.749762e-02;4.821857e-02;1.536041e-01;2.329065e-01;7.021480e-02;4.536264e-02;5.016403e-02;6.215955e-02;1.907055e-02
1.330999e-01;9.577697e-02;8.694354e-02;4.502410e-02;4.235348e-02;1.622348e-01;2.038661e-01;6.960997e-02;4.402236e-02;7.660473e-02;3.206155e-02;8.402528e-03
1.506014e-01;7.008740e-02;4.308229e-02;5.026637e-02;5.284470e-02;1.971624e-01;1.877545e-01;8.470742e-02;4.111271e-02;9.811077e-02;1.577889e-02;8.491109e-03
1.599404e-01;4.045950e-02;1.180416e-02;4.934028e-02;5.929470e-02;2.207790e-01;1.735159e-01;1.054109e-01;4.649017e-02;1.132756e-01;8.518998e-03;1.117034e-02
1.739492e-01;3.458424e-02;2.207656e-02;5.024770e-02;6.832873e-02;2.258477e-01;1.317931e-01;1.026531e-01;4.042948e-02;1.191132e-01;1.139193e-02;1.958501e-02
1.782719e-01;3.468364e-02;5.654617e-02;5.196373e-02;8.677699e-02;1.993729e-01;9.394045e-02;7.777587e-02;4.798761e-02;1.100922e-01;2.230032e-02;4.028824e-02
1.493982e-01;5.646823e-02;8.778639e-02;4.287316e-02;1.217330e-01;1.477452e-01;7.452863e-02;6.296273e-02;6.945433e-02;9.038773e-02;3.355071e-02;6.311171e-02
9.084091e-02;8.405519e-02;8.746299e-02;8.936106e-02;1.327919e-01;1.048024e-01;8.167945e-02;8.323433e-02;5.057153e-02;6.797974e-02;5.661385e-02;7.060659e-02
7.823727e-02;1.153424e-01;8.561995e-02;1.389526e-01;1.049822e-01;8.220455e-02;9.132539e-02;9.670636e-02;6.070529e-02;3.942724e-02;5.181988e-02;5.467686e-02
8.060097e-02;1.409796e-01;9.238476e-02;1.320171e-01;9.998002e-02;6.867367e-02;8.712308e-02;8.855125e-02;4.867327e-02;5.243665e-02;5.716946e-02;5.141010e-02
5.076906e-02;1.395401e-01;8.202853e-02;9.227797e-02;1.087912e-01;6.788671e-02;7.537609e-02;6.789017e-02;5.941797e-02;7.220786e-02;8.245926e-02;1.013551e-01
5.860332e-02;9.320638e-02;8.625414e-02;5.887775e-02;1.161057e-01;5.432461e-02;5.485917e-02;5.383370e-02;1.065875e-01;6.973227e-02;6.482095e-02;1.827946e-01
1.361039e-01;4.685812e-02;8.387528e-02;4.205240e-02;1.020465e-01;6.616227e-02;6.286824e-02;4.864112e-02;1.281593e-01;5.842106e-02;3.574263e-02;1.890691e-01
2.612692e-01;5.518230e-02;7.263452e-02;2.570733e-02;6.473941e-02;6.968597e-02;8.281859e-02;3.874893e-02;1.123259e-01;8.326970e-02;1.156136e-02;1.220568e-01
3.376962e-01;8.907142e-02;4.332531e-02;1.997916e-02;3.175188e-02;7.016216e-02;1.088062e-01;3.989994e-02;6.646036e-02;1.272134e-01;1.512852e-02;5.050541e-02
3.632536e-01;1.342374e-01;1.412313e-02;1.879165e-02;2.530745e-02;6.361893e-02;1.294439e-01;3.128457e-02;2.191570e-02;1.550732e-01;1.589675e-02;2.705373e-02
3.148271e-01;1.820601e-01;1.802062e-02;1.985268e-02;2.128485e-02;4.617381e-02;1.485346e-01;1.735585e-02;2.262906e-02;1.437562e-01;4.034442e-02;2.516066e-02
2.406711e-01;2.265725e-01;2.996615e-02;2.146644e-02;1.704274e-02;3.773814e-02;1.880884e-01;1.390873e-02;2.116671e-02;1.301341e-01;5.695673e-02;1.628830e-02
2.221076e-01;2.260092e-01;3.574844e-02;1.632327e-02;1.511982e-02;3.470825e-02;2.040319e-01;1.368455e-02;2.203937e-02;1.357839e-01;6.168726e-02;1.275637e-02
2.425845e-01;1.705379e-01;2.749237e-02;1.617025e-02;2.074973e-02;4.202605e-02;1.926512e-01;1.321049e-02;2.620765e-02;1.618579e-01;7.036559e-02;1.614636e-02
2.552677e-01;9.445301e-02;2.970682e-02;1.860354e-02;3.242274e-02;6.023162e-02;1.638032e-01;1.860061e-02;4.635734e-02;1.822732e-01;7.092835e-02;2.735184e-02
2.248591e-01;4.899273e-02;4.958426e-02;1.906920e-02;4.595992e-02;5.957377e-02;1.100286e-01;2.153172e-02;1.040171e-01;1.926231e-01;8.299844e-02;4.076204e-02
1.906853e-01;5.713782e-02;6.068768e-02;2.470825e-02;4.338996e-02;3.926377e-02;8.788072e-02;3.185890e-02;1.212436e-01;1.925623e-01;9.392326e-02;5.665855e-02
2.159090e-01;7.352716e-02;7.953738e-02;3.052165e-02;4.557120e-02;3.096895e-02;9.702501e-02;3.803457e-02;7.832726e-02;1.652006e-01;8.268713e-02;6.269018e-02
2.384698e-01;7.034411e-02;9.136742e-02;3.377916e-02;4.877739e-02;4.056771e-02;1.680270e-01;3.542310e-02;3.153693e-02;8.509146e-02;9.784333e-02;5.877261e-02
1.921288e-01;7.324362e-02;1.034798e-01;2.048446e-02;2.966280e-02;4.165239e-02;1.630502e-01;1.581917e-02;5.209485e-02;1.657110e-01;1.097421e-01;3.293074e-02
1.747702e-01;1.006114e-01;8.170393e-02;1.736487e-02;3.801146e-02;5.438135e-02;1.799170e-01;2.015154e-02;3.239422e-02;1.914732e-01;8.418926e-02;2.503154e-02
1.089657e-01;1.243353e-01;4.891552e-02;2.280485e-02;3.996555e-02;6.058100e-02;2.376022e-01;2.267660e-02;3.418209e-02;2.438253e-01;3.435253e-02;2.179333e-02
1.517849e-01;1.166642e-01;5.135708e-02;2.193433e-02;3.950910e-02;4.403201e-02;2.146011e-01;2.299221e-02;5.049731e-02;2.448218e-01;1.492946e-02;2.687647e-02
2.102828e-01;1.105047e-01;2.989469e-02;1.414961e-02;3.047543e-02;3.447385e-02;1.776065e-01;1.874605e-02;6.945382e-02;2.184623e-01;4.825603e-02;3.769428e-02
1.792013e-01;1.341196e-01;3.208757e-02;1.401546e-02;1.824197e-02;3.992337e-02;1.831521e-01;2.917261e-02;8.448039e-02;1.669842e-01;8.423435e-02;3.438706e-02
6.794427e-02;1.127045e-01;7.712073e-02;7.517099e-02;9.842702e-02;8.490393e-02;1.627140e-01;6.538238e-02;9.488086e-02;5.554723e-02;5.685385e-02;4.835030e-02
7.576129e-02;7.688976e-02;9.867834e-02;9.886862e-02;1.185254e-01;1.008896e-01;1.319240e-01;5.921554e-02;6.727694e-02;6.334347e-02;3.986717e-02;6.875990e-02
5.899267e-02;4.896422e-02;1.305885e-01;8.818636e-02;1.095808e-01;7.770415e-02;1.346029e-01;4.767560e-02;6.007795e-02;1.015864e-01;5.696381e-02;8.507660e-02
7.193861e-02;5.221409e-02;1.493928e-01;5.726509e-02;4.417757e-02;2.676399e-02;1.164295e-01;7.073461e-02;9.093240e-02;8.743214e-02;1.115310e-01;1.211883e-01
7.475504e-02;4.932797e-02;1.730016e-01;6.280994e-02;1.787028e-02;1.181052e-02;1.004562e-01;9.186713e-02;1.343378e-01;5.575263e-02;1.030680e-01;1.249429e-01
1.226686e-01;2.458207e-02;1.636511e-01;1.022750e-01;2.591584e-02;8.856635e-03;7.075940e-02;8.094518e-02;2.044594e-01;4.654224e-02;6.850778e-02;8.083685e-02
1.861410e-01;3.602988e-02;9.990867e-02;1.469166e-01;4.808435e-02;6.435837e-03;4.153545e-02;6.480891e-02;2.494681e-01;6.717698e-02;3.413366e-02;1.936066e-02
1.846650e-01;6.161226e-02;5.090129e-02;1.669759e-01;8.294103e-02;6.874969e-03;5.574493e-02;7.280816e-02;2.224420e-01;6.988345e-02;2.006761e-02;5.083376e-03
1.365495e-01;4.614672e-02;3.168543e-02;1.788635e-01;1.821073e-01;1.834819e-02;6.711904e-02;6.621186e-02;1.753539e-01;6.841228e-02;2.119231e-02;8.009863e-03
6.168843e-02;1.720487e-02;3.591264e-02;1.561153e-01;3.285054e-01;6.705026e-02;7.059704e-02;3.716103e-02;1.022459e-01;9.434524e-02;1.981724e-02;9.356582e-03
2.850566e-02;2.177061e-02;1.735108e-02;1.092015e-01;3.987089e-01;1.270485e-01;4.963621e-02;3.285709e-02;5.662945e-02;1.265694e-01;2.234129e-02;9.380352e-03
1.823772e-02;2.193318e-02;1.741221e-02;9.619995e-02;3.601873e-01;1.564285e-01;3.694465e-02;6.413141e-02;5.738951e-02;1.397639e-01;1.873026e-02;1.264146e-02
1.015554e-02;2.831268e-02;4.860387e-02;1.340156e-01;2.647040e-01;1.599860e-01;5.152527e-02;8.119857e-02;6.020884e-02;1.288596e-01;1.532828e-02;1.710172e-02
1.789747e-02;2.895899e-02;1.025654e-01;1.671767e-01;1.629490e-01;1.320096e-01;8.839600e-02;8.052725e-02;7.516785e-02;1.032779e-01;2.239330e-02;1.868063e-02
2.254048e-02;2.548610e-02;1.187512e-01;1.874251e-01;1.095315e-01;1.020110e-01;9.729958e-02;8.798823e-02;1.140741e-01;6.914259e-02;3.120126e-02;3.454889e-02
4.270035e-02;2.121626e-02;2.474215e-02;1.608765e-01;1.262585e-01;8.096784e-02;7.585990e-02;7.900771e-02;2.846814e-01;3.794374e-02;3.296965e-02;3.277598e-02
4.516039e-02;1.572300e-02;5.817434e-02;1.347173e-01;1.087118e-01;6.770770e-02;4.680241e-02;4.777101e-02;3.764449e-01;4.435108e-02;3.233779e-02;2.209817e-02
3.670411e-02;1.460209e-02;8.565381e-02;9.700935e-02;8.118662e-02;7.128754e-02;2.915765e-02;9.142809e-02;4.198896e-01;2.202660e-02;2.530067e-02;2.575389e-02
2.742199e-02;1.673210e-02;1.121385e-01;6.978278e-02;6.010113e-02;1.105506e-01;3.053110e-02;1.545012e-01;3.455606e-01;1.544046e-02;1.567501e-02;4.156441e-02
2.160804e-02;2.330702e-02;1.457083e-01;4.405439e-02;4.293028e-02;1.521633e-01;5.084489e-02;2.050683e-01;2.242082e-01;1.870580e-02;1.115282e-02;6.024852e-02
2.831415e-02;2.660577e-02;1.698260e-01;6.569811e-02;7.072392e-02;1.493660e-01;5.917638e-02;1.820446e-01;1.286212e-01;2.166289e-02;4.138594e-02;5.657499e-02
3.505405e-02;3.000262e-02;1.983404e-01;1.094439e-01;9.489392e-02;8.881297e-02;4.851740e-02;1.128085e-01;1.389014e-01;2.497742e-02;8.342829e-02;3.481901e-02
4.809938e-02;5.510346e-02;2.347915e-01;1.006886e-01;7.414963e-02;3.573329e-02;6.562681e-02;8.666343e-02;1.329229e-01;2.673114e-02;9.845495e-02;4.103486e-02
6.974162e-02;7.538569e-02;2.106361e-01;7.552890e-02;4.599816e-02;4.182601e-02;8.190010e-02;7.727277e-02;1.200808e-01;3.451561e-02;1.018227e-01;6.529149e-02
7.442131e-02;6.640981e-02;1.233682e-01;6.578304e-02;5.056945e-02;7.116581e-02;5.123199e-02;1.157008e-01;1.559091e-01;2.903905e-02;1.373605e-01;5.904092e-02
5.593314e-02;4.145912e-02;1.308526e-01;5.217743e-02;6.697766e-02;7.164341e-02;3.280265e-02;1.718160e-01;1.526526e-01;4.169197e-02;1.385409e-01;4.345253e-02
5.134954e-02;2.744779e-02;1.433649e-01;5.531275e-02;6.721760e-02;5.448198e-02;3.910279e-02;2.057637e-01;1.516014e-01;2.903093e-02;1.368276e-01;3.849912e-02
4.013836e-02;3.416654e-02;1.538621e-01;4.619321e-02;5.429216e-02;4.541851e-02;2.460608e-02;2.110656e-01;1.819874e-01;4.165261e-02;1.280047e-01;3.861270e-02
4.948752e-02;4.625122e-02;1.945788e-01;6.841659e-02;9.617303e-02;5.351935e-02;6.617063e-02;1.611160e-01;1.324119e-01;3.864928e-02;6.626807e-02;2.695764e-02
6.638878e-02;6.054843e-02;2.182823e-01;9.050706e-02;6.283073e-02;7.386283e-02;8.982100e-02;1.249267e-01;7.723315e-02;4.157744e-02;4.231927e-02;5.170229e-02
7.128083e-02;6.876218e-02;1.992147e-01;6.178007e-02;5.243012e-02;7.867339e-02;9.948095e-02;9.323011e-02;1.311199e-01;4.925584e-02;3.416857e-02;6.060332e-02
5.659157e-02;6.016724e-02;1.159108e-01;7.393584e-02;7.800149e-02;8.185553e-02;9.991486e-02;7.650465e-02;1.191787e-01;9.805843e-02;8.170517e-02;5.817565e-02
8.598578e-02;3.589490e-02;6.049970e-02;1.357136e-01;8.434331e-02;5.450283e-02;6.976554e-02;6.454927e-02;1.890473e-01;8.794149e-02;8.823162e-02;4.352459e-02
1.008468e-01;1.444324e-02;5.108608e-02;1.856928e-01;6.116779e-02;2.886938e-02;3.969197e-02;3.112808e-02;3.247158e-01;5.404640e-02;8.573409e-02;2.257765e-02
9.495339e-02;1.169579e-02;5.051835e-02;1.973905e-01;4.714992e-02;1.670468e-02;3.341647e-02;2.325038e-02;3.921265e-01;2.805605e-02;7.959269e-02;2.514529e-02
7.601772e-02;1.477864e-02;6.089846e-02;1.766150e-01;5.563967e-02;2.359834e-02;3.593430e-02;3.921855e-02;3.827296e-01;2.817896e-02;7.354423e-02;3.284648e-02
4.588399e-02;2.581614e-02;9.759265e-02;1.096596e-01;5.858526e-02;6.727409e-02;4.118382e-02;1.111971e-01;2.740982e-01;2.645358e-02;6.400107e-02;7.825449e-02
1.844327e-02;3.539068e-02;1.366011e-01;4.535757e-02;4.956691e-02;1.031788e-01;7.761978e-02;1.635621e-01;1.583661e-01;4.134788e-02;5.907880e-02;1.114870e-01
2.429020e-02;4.266302e-02;1.630656e-01;2.866519e-02;3.305917e-02;1.060226e-01;1.004997e-01;1.759217e-01;9.766918e-02;6.159006e-02;5.112817e-02;1.154254e-01
4.515568e-02;4.778355e-02;1.557869e-01;5.669038e-02;4.872257e-02;8.262133e-02;1.268094e-01;1.576694e-01;5.022184e-02;6.802953e-02;5.972027e-02;1.007891e-01
4.547038e-02;3.980246e-02;1.099860e-01;8.544512e-02;7.568853e-02;8.207187e-02;1.600234e-01;1.385387e-01;8.212261e-02;6.128016e-02;6.708720e-02;5.248354e-02
2.712988e-02;3.900334e-02;1.873458e-01;8.555713e-02;6.569565e-02;7.726938e-02;1.589043e-01;1.016385e-01;8.950407e-02;6.758695e-02;6.666154e-02;3.370340e-02
1.507621e-02;3.843542e-02;1.803183e-01;1.043192e-01;7.620799e-02;4.747101e-02;1.929276e-01;8.728023e-02;8.081023e-02;6.809452e-02;7.528903e-02;3.377026e-02
2.422710e-02;5.120005e-02;1.080585e-01;1.121014e-01;1.509691e-01;2.620550e-02;2.306310e-01;1.094934e-01;3.343280e-02;5.799736e-02;5.651454e-02;3.916934e-02
2.858027e-02;6.626154e-02;6.349428e-02;6.312618e-02;1.771741e-01;3.294571e-02;2.602452e-01;1.066737e-01;6.212458e-02;4.151573e-02;5.944137e-02;3.841727e-02
2.671417e-02;9.377759e-02;5.823697e-02;3.043192e-02;1.476281e-01;4.975719e-02;3.286367e-01;6.513650e-02;6.304907e-02;3.635563e-02;7.690896e-02;2.336715e-02
3.753361e-02;1.032882e-01;8.507250e-02;5.167665e-02;7.626878e-02;6.933650e-02;3.645851e-01;5.265320e-02;3.132959e-02;4.815464e-02;6.589714e-02;1.420417e-02
7.099041e-02;7.074257e-02;6.929866e-02;6.802133e-02;1.052261e-01;8.262638e-02;3.098783e-01;7.918193e-02;4.526603e-02;5.205452e-02;3.357739e-02;1.313634e-02
9.744558e-02;4.864115e-02;5.446856e-02;6.581126e-02;1.125364e-01;8.035091e-02;2.805831e-01;1.303824e-01;5.202803e-02;4.217475e-02;1.896594e-02;1.661192e-02
9.791148e-02;3.978057e-02;1.227377e-01;4.211647e-02;1.034108e-01;9.792020e-02;2.269221e-01;1.567466e-01;4.873414e-02;2.822976e-02;9.358515e-03;2.613169e-02
7.867009e-02;3.538669e-02;2.012557e-01;3.892238e-02;1.138852e-01;8.868597e-02;1.599499e-01;1.423117e-01;5.493426e-02;3.175260e-02;1.313551e-02;4.111001e-02
4.803093e-02;4.961272e-02;2.189887e-01;4.843048e-02;1.198701e-01;7.621700e-02;1.308410e-01;1.338760e-01;6.537382e-02;3.287577e-02;2.527964e-02;5.060374e-02
2.168995e-02;9.183658e-02;2.386449e-01;6.083442e-02;9.876850e-02;4.821125e-02;1.206288e-01;1.185012e-01;6.611609e-02;3.475883e-02;5.283897e-02;4.717053e-02
3.837977e-02;6.599930e-02;2.899401e-01;7.069972e-02;7.620049e-02;4.073187e-02;1.110167e-01;1.114815e-01;5.588422e-02;3.591527e-02;7.443622e-02;2.931483e-02
4.665837e-02;5.037662e-02;3.038453e-01;7.347129e-02;8.855369e-02;3.590384e-02;1.004691e-01;8.560862e-02;7.269564e-02;4.502016e-02;6.977456e-02;2.762291e-02
3.985810e-02;6.611621e-02;2.592545e-01;6.814334e-02;1.058498e-01;4.617850e-02;1.447894e-01;7.246792e-02;6.071010e-02;5.385378e-02;4.425776e-02;3.852072e-02
3.322462e-02;8.126245e-02;1.668985e-01;5.980868e-02;9.382474e-02;5.403846e-02;1.912156e-01;7.544556e-02;6.870165e-02;6.498776e-02;6.035038e-02;5.024152e-02
4.866647e-02;5.592623e-02;1.817379e-01;6.523544e-02;7.852030e-02;4.794702e-02;1.865105e-01;7.333729e-02;8.841666e-02;5.286784e-02;7.323846e-02;4.759601e-02
6.066362e-02;4.232385e-02;2.106738e-01;7.491134e-02;8.488492e-02;5.852310e-02;1.731488e-01;5.272262e-02;8.503118e-02;2.873662e-02;7.362021e-02;5.475992e-02
6.722198e-02;2.934773e-02;2.209239e-01;6.265812e-02;7.373069e-02;5.804569e-02;1.540844e-01;8.930498e-02;7.076985e-02;3.266169e-02;9.038991e-02;5.086103e-02
5.010607e-02;4.090130e-02;1.793270e-01;5.232980e-02;8.035902e-02;6.320151e-02;1.714056e-01;1.198454e-01;8.296569e-02;3.510318e-02;7.478847e-02;4.966697e-02
9.287530e-02;4.620104e-02;1.142503e-01;3.043735e-02;8.258355e-02;6.883363e-02;1.943206e-01;8.609314e-02;9.703834e-02;3.709652e-02;6.210640e-02;8.816382e-02
1.493782e-01;5.655829e-02;5.255228e-02;3.656923e-02;8.002360e-02;9.262493e-02;2.298335e-01;4.806731e-02;7.694820e-02;5.244958e-02;5.041247e-02;7.458243e-02
1.505711e-01;7.452261e-02;6.193434e-02;4.236422e-02;7.711118e-02;9.917568e-02;2.840949e-01;3.619315e-02;4.108798e-02;6.001320e-02;2.441883e-02;4.851285e-02
9.981615e-02;1.256551e-01;5.990865e-02;3.356969e-02;5.797750e-02;9.090557e-02;3.368134e-01;6.244085e-02;2.900244e-02;4.874343e-02;1.574428e-02;3.942291e-02
4.581455e-02;1.365938e-01;7.817326e-02;3.600455e-02;4.481808e-02;7.433612e-02;3.688768e-01;9.543830e-02;3.331494e-02;3.237765e-02;2.889542e-02;2.535646e-02
1.565866e-02;9.282380e-02;1.776367e-01;4.809403e-02;3.799219e-02;5.779829e-02;3.037519e-01;1.375262e-01;4.219000e-02;3.082003e-02;2.707667e-02;2.863161e-02
9.743429e-03;7.554418e-02;2.372937e-01;4.975154e-02;4.032181e-02;5.596496e-02;2.234816e-01;1.592927e-01;5.536566e-02;3.848265e-02;1.435888e-02;4.039890e-02
1.880706e-02;1.297481e-01;2.046808e-01;6.922771e-02;8.101280e-02;6.548682e-02;1.379616e-01;1.238596e-01;7.708852e-02;3.707515e-02;1.509148e-02;3.996037e-02
3.222189e-02;1.511476e-01;1.282413e-01;1.285366e-01;9.855767e-02;4.085639e-02;7.974866e-02;1.003847e-01;1.287612e-01;5.775445e-02;2.716777e-02;2.662181e-02
5.719799e-02;8.584117e-02;8.589179e-02;1.806788e-01;7.338513e-02;1.518795e-02;8.431882e-02;1.307758e-01;1.579479e-01;7.978465e-02;3.676029e-02;1.222973e-02
7.779749e-02;3.537122e-02;7.076482e-02;2.051800e-01;5.449743e-02;1.316558e-02;1.278128e-01;1.378387e-01;1.612591e-01;7.633132e-02;2.975026e-02;1.023132e-02
8.388452e-02;4.426979e-02;5.305884e-02;1.924599e-01;7.322096e-02;2.039272e-02;1.477780e-01;1.000150e-01;1.565150e-01;7.547113e-02;4.430926e-02;8.624796e-03
7.093119e-02;3.423773e-02;9.925529e-02;1.666422e-01;6.336246e-02;2.493986e-02;1.706416e-01;7.079165e-02;1.482112e-01;7.402772e-02;6.351103e-02;1.344796e-02
6.140991e-02;3.412529e-02;1.488608e-01;1.536313e-01;5.183246e-02;3.188836e-02;1.811837e-01;6.658956e-02;1.245439e-01;5.907367e-02;7.008222e-02;1.677881e-02
6.384046e-02;5.413303e-02;1.849800e-01;1.332036e-01;6.514437e-02;4.384725e-02;1.730922e-01;5.136636e-02;1.032028e-01;5.099353e-02;5.913793e-02;1.705846e-02
7.302497e-02;7.364926e-02;1.856000e-01;1.216679e-01;8.739557e-02;5.000334e-02;1.196226e-01;4.535881e-02;8.854298e-02;7.637711e-02;6.201151e-02;1.674602e-02
8.086348e-02;5.652565e-02;1.600060e-01;1.294605e-01;6.709792e-02;5.131159e-02;1.079184e-01;6.092248e-02;9.125754e-02;7.279836e-02;1.058358e-01;1.600223e-02
6.950333e-02;5.199996e-02;1.402749e-01;1.503526e-01;8.241899e-02;3.937156e-02;9.565696e-02;5.267174e-02;9.917948e-02;7.743528e-02;1.257046e-01;1.543070e-02
5.519555e-02;2.702495e-02;1.437919e-01;1.388978e-01;8.258653e-02;3.309982e-02;9.856256e-02;5.367758e-02;1.224340e-01;9.422432e-02;1.336908e-01;1.681431e-02
1.016696e-01;5.914010e-02;9.324875e-02;6.436019e-02;1.011153e-01;7.306548e-02;1.396778e-01;6.927622e-02;1.102437e-01;8.714700e-02;6.765003e-02;3.340585e-02
1.123123e-01;6.154276e-02;9.832696e-02;5.622941e-02;1.109975e-01;9.646561e-02;1.184540e-01;8.476918e-02;1.207635e-01;6.747324e-02;3.058809e-02;4.207753e-02
9.200407e-02;5.419490e-02;1.659008e-01;4.057796e-02;9.153639e-02;6.360533e-02;1.578882e-01;6.102623e-02;1.102557e-01;5.541015e-02;6.563602e-02;4.196413e-02
6.064420e-02;3.201602e-02;2.387273e-01;6.721119e-02;5.267382e-02;4.669252e-02;1.761962e-01;8.028726e-02;7.121877e-02;4.830931e-02;6.762926e-02;5.839418e-02
4.627098e-02;6.352856e-02;2.981401e-01;6.509253e-02;3.182606e-02;3.282498e-02;1.680835e-01;9.274932e-02;4.237486e-02;3.765588e-02;5.083855e-02;7.061466e-02
2.958796e-02;1.164164e-01;3.499772e-01;6.087649e-02;2.817609e-02;1.793954e-02;1.676040e-01;8.235452e-02;2.363744e-02;2.442770e-02;4.038770e-02;5.861491e-02
6.005866e-02;1.753505e-01;2.839895e-01;4.869379e-02;4.445804e-02;3.473787e-02;1.944877e-01;5.291426e-02;1.542507e-02;1.779503e-02;4.579334e-02;2.629620e-02
1.005158e-01;1.941529e-01;1.401479e-01;2.735850e-02;5.232166e-02;7.208577e-02;2.540107e-01;5.020207e-02;1.898597e-02;1.892337e-02;5.395291e-02;1.734230e-02
9.519337e-02;1.777454e-01;8.400070e-02;1.313120e-02;4.186928e-02;8.842545e-02;3.149697e-01;7.064502e-02;3.478574e-02;2.110946e-02;4.841642e-02;9.708283e-03
8.356974e-02;1.410764e-01;9.480547e-02;2.065825e-02;3.175735e-02;7.789246e-02;3.507875e-01;8.820186e-02;3.925148e-02;2.496797e-02;3.964539e-02;7.386102e-03
7.933459e-02;1.041620e-01;1.264126e-01;5.803794e-02;3.496262e-02;7.152173e-02;3.629613e-01;7.503822e-02;2.670834e-02;2.763235e-02;2.288266e-02;1.034571e-02
7.029264e-02;8.067234e-02;1.491904e-01;9.329841e-02;4.586853e-02;7.719336e-02;3.834534e-01;4.101226e-02;1.187410e-02;2.820563e-02;1.164428e-02;7.294556e-03
4.636558e-02;6.651673e-02;1.112515e-01;7.719871e-02;5.212231e-02;8.718830e-02;4.228362e-01;5.039167e-02;1.810618e-02;2.880176e-02;2.912766e-02;1.009337e-02
2.588503e-02;5.343585e-02;6.923725e-02;3.661361e-02;6.050897e-02;1.079189e-01;4.706647e-01;6.374355e-02;3.100829e-02;2.471929e-02;4.333146e-02;1.293309e-02
4.574019e-02;4.383801e-02;7.446329e-02;2.842943e-02;6.692220e-02;1.026459e-01;4.499977e-01;6.343784e-02;3.558290e-02;2.604063e-02;4.574636e-02;1.715554e-02
7.482791e-02;4.563995e-02;1.098099e-01;3.293510e-02;6.903759e-02;7.489348e-02;3.856168e-01;5.883765e-02;4.016531e-02;3.219017e-02;4.110658e-02;3.493951e-02
7.852387e-02;5.558664e-02;1.062907e-01;5.626263e-02;4.947856e-02;6.641959e-02;3.306021e-01;4.269660e-02;4.550808e-02;7.408715e-02;3.641234e-02;5.813174e-02
6.905473e-02;6.014241e-02;1.152215e-01;6.123203e-02;7.151464e-02;7.974926e-02;2.570860e-01;4.435045e-02;4.237168e-02;1.017126e-01;3.472956e-02;6.283518e-02
5.060219e-02;4.960687e-02;1.200353e-01;4.352842e-02;8.058155e-02;9.627405e-02;2.515586e-01;4.805418e-02;5.414710e-02;1.006475e-01;2.825934e-02;7.670495e-02
4.175103e-02;2.918108e-02;8.534762e-02;4.242639e-02;7.073453e-02;9.453463e-02;3.104752e-01;5.729242e-02;6.914949e-02;5.764320e-02;3.747040e-02;1.039940e-01
3.775163e-02;4.234658e-02;9.227157e-02;6.156928e-02;7.824715e-02;8.473175e-02;2.802030e-01;6.048478e-02;5.818984e-02;5.404004e-02;5.075014e-02;9.941423e-02
4.269733e-02;4.002858e-02;9.972133e-02;7.665291e-02;8.165275e-02;7.880069e-02;2.327105e-01;5.630372e-02;7.418804e-02;7.266405e-02;8.194200e-02;6.263805e-02
5.649926e-02;4.782461e-02;1.066418e-01;7.185813e-02;7.222505e-02;7.438080e-02;2.159075e-01;7.587068e-02;8.121789e-02;7.393397e-02;8.219567e-02;4.144462e-02
7.934214e-02;5.613786e-02;1.043079e-01;7.079120e-02;7.636498e-02;7.906629e-02;1.745222e-01;1.120733e-01;8.044174e-02;5.626297e-02;6.813578e-02;4.255366e-02
1.048113e-01;5.968660e-02;8.840911e-02;9.313122e-02;7.148336e-02;7.159185e-02;1.142313e-01;1.323490e-01;7.365415e-02;6.935212e-02;8.716671e-02;3.413334e-02
7.514104e-02;4.423384e-02;7.205012e-02;1.019614e-01;7.973385e-02;5.585379e-02;1.283634e-01;1.019072e-01;8.546019e-02;1.141610e-01;1.076689e-01;3.346525e-02
7.477908e-02;5.762140e-02;5.368420e-02;9.562013e-02;1.112347e-01;8.510669e-02;1.009782e-01;5.551706e-02;1.399526e-01;1.238957e-01;6.754342e-02;3.406676e-02
6.192723e-02;4.170725e-02;4.401644e-02;1.205413e-01;1.072949e-01;7.395278e-02;5.345134e-02;6.347764e-02;2.449577e-01;1.022940e-01;5.746158e-02;2.891785e-02
3.360456e-02;2.456624e-02;8.414192e-02;1.184453e-01;7.350710e-02;6.147816e-02;4.939989e-02;9.401275e-02;3.012598e-01;7.602819e-02;5.075128e-02;3.280476e-02
1.335582e-02;1.476598e-02;1.313327e-01;7.238920e-02;3.153802e-02;5.611068e-02;8.128420e-02;2.032004e-01;2.299168e-01;5.622788e-02;4.585664e-02;6.402163e-02
6.942238e-03;1.596075e-02;1.625999e-01;3.044509e-02;1.444426e-02;4.006251e-02;1.157872e-01;3.091413e-01;1.068221e-01;5.581911e-02;4.064681e-02;1.013288e-01
3.840371e-03;1.736330e-02;1.692884e-01;1.326315e-02;1.197808e-02;2.254114e-02;1.447921e-01;3.538317e-01;4.152434e-02;6.851187e-02;3.013769e-02;1.229278e-01
7.296720e-03;2.348267e-02;1.701434e-01;1.436266e-02;1.153643e-02;2.966399e-02;1.746497e-01;3.285852e-01;4.563564e-02;5.974709e-02;2.463282e-02;1.102637e-01
4.343705e-03;3.850477e-02;2.064681e-01;1.623399e-02;1.691835e-02;6.749832e-02;1.754313e-01;2.853889e-01;2.893720e-02;4.404173e-02;2.403978e-02;9.219376e-02
7.550913e-03;6.313176e-02;2.751795e-01;3.295463e-02;3.507520e-02;1.059884e-01;1.194812e-01;1.813642e-01;5.122385e-02;3.038828e-02;1.852111e-02;7.914094e-02
1.242111e-02;8.686397e-02;3.653411e-01;5.846027e-02;6.244818e-02;1.022563e-01;6.114689e-02;7.814389e-02;6.683210e-02;2.394227e-02;1.241842e-02;6.972548e-02
1.415589e-02;8.757520e-02;4.025944e-01;6.400145e-02;6.906293e-02;1.004876e-01;6.682196e-02;4.434952e-02;5.552019e-02;2.304710e-02;1.162240e-02;6.076125e-02
1.467172e-02;6.833911e-02;3.912714e-01;4.401727e-02;4.877909e-02;1.360588e-01;8.523482e-02;8.167915e-02;4.504493e-02;1.953863e-02;9.409581e-03;5.595554e-02
1.233231e-02;3.598753e-02;4.126775e-01;3.250332e-02;2.471464e-02;1.567260e-01;1.122818e-01;9.846433e-02;3.060506e-02;2.233885e-02;7.296768e-03;5.407179e-02
2.135772e-02;3.500911e-02;4.059408e-01;4.622735e-02;2.600732e-02;1.435018e-01;1.290921e-01;8.284301e-02;2.533812e-02;3.124082e-02;9.743976e-03;4.369783e-02
3.640456e-02;6.846152e-02;3.376863e-01;5.453837e-02;4.637291e-02;1.145972e-01;1.400459e-01;5.603327e-02;4.599117e-02;3.211212e-02;2.726438e-02;4.049235e-02
5.590800e-02;1.049498e-01;2.250078e-01;6.569628e-02;7.182591e-02;1.030386e-01;1.364586e-01;5.160970e-02;5.724747e-02;4.053557e-02;3.704039e-02;5.068192e-02
6.004039e-02;1.020946e-01;1.122586e-01;8.558489e-02;8.888014e-02;1.200045e-01;1.234827e-01;8.362025e-02;7.118417e-02;4.538750e-02;2.864379e-02;7.881846e-02
2.781877e-02;3.185207e-02;2.496841e-01;6.877851e-02;5.559586e-02;9.137389e-02;1.203346e-01;1.174058e-01;6.117312e-02;3.806072e-02;2.599960e-02;1.119230e-01
3.778709e-02;5.787846e-02;3.088985e-01;5.744347e-02;4.566912e-02;8.923086e-02;8.824033e-02;1.095476e-01;4.617277e-02;2.079268e-02;3.230258e-02;1.060365e-01
4.300435e-02;6.307180e-02;3.624695e-01;5.704398e-02;4.966589e-02;8.684845e-02;9.238733e-02;7.650309e-02;7.212473e-02;2.646676e-02;1.766876e-02;5.274544e-02
2.688255e-02;5.449900e-02;3.073003e-01;5.025462e-02;4.193689e-02;5.409649e-02;9.833629e-02;1.489461e-01;9.043562e-02;3.128072e-02;1.844152e-02;7.758992e-02
2.956877e-02;8.063984e-02;2.866727e-01;3.856155e-02;3.794249e-02;3.856693e-02;9.879529e-02;1.913109e-01;5.665100e-02;3.882435e-02;2.011025e-02;8.235592e-02
4.135345e-02;7.891982e-02;2.054351e-01;4.562745e-02;4.302409e-02;6.443189e-02;1.133133e-01;1.504826e-01;9.566387e-02;6.074113e-02;4.323862e-02;5.776873e-02
4.187220e-02;6.891360e-02;1.483629e-01;6.359404e-02;7.464854e-02;8.418329e-02;1.474244e-01;9.317409e-02;1.196011e-01;4.021228e-02;5.547309e-02;6.254046e-02
2.973718e-02;5.873663e-02;1.593683e-01;6.938948e-02;9.306770e-02;7.800225e-02;1.561599e-01;1.681645e-01;8.694115e-02;1.599804e-02;5.280511e-02;3.162981e-02
1.261330e-02;5.561601e-02;1.303352e-01;4.766374e-02;1.084074e-01;5.988466e-02;1.754812e-01;2.221157e-01;6.308792e-02;1.250297e-02;9.016503e-02;2.212685e-02
8.626978e-03;6.448040e-02;7.227182e-02;1.857137e-02;1.191682e-01;3.971299e-02;2.231592e-01;2.035610e-01;4.071216e-02;1.115216e-02;1.556739e-01;4.290980e-02
8.010443e-03;7.234530e-02;2.426792e-02;4.590562e-03;1.050031e-01;4.776189e-02;2.800635e-01;1.277478e-01;2.843669e-02;2.432772e-02;2.423617e-01;3.508344e-02
8.351694e-03;7.960286e-02;1.126891e-02;2.954349e-03;6.613893e-02;5.681972e-02;3.182001e-01;5.962838e-02;3.808846e-02;3.128523e-02;3.120303e-01;1.563117e-02
1.027882e-02;8.862929e-02;1.618112e-02;3.628179e-03;2.804858e-02;6.279755e-02;3.360496e-01;3.353582e-02;4.750546e-02;5.144185e-02;3.195940e-01;2.309768e-03
1.846077e-02;9.944762e-02;1.316251e-02;8.143009e-03;1.761417e-02;7.767048e-02;3.440323e-01;2.805154e-02;4.837155e-02;6.435422e-02;2.718739e-01;8.817894e-03
4.149887e-02;1.087515e-01;1.368596e-02;1.120816e-02;3.229459e-02;1.051655e-01;3.285057e-01;3.873743e-02;4.053083e-02;7.053067e-02;2.020407e-01;7.050149e-03
6.741234e-02;1.087905e-01;2.870539e-02;2.142543e-02;4.855527e-02;1.204970e-01;3.108232e-01;3.835077e-02;4.052078e-02;4.754269e-02;1.517222e-01;1.565438e-02
8.339599e-02;7.732471e-02;6.796598e-02;3.038751e-02;5.704281e-02;1.249811e-01;2.509589e-01;6.657124e-02;4.450253e-02;4.304830e-02;1.275778e-01;2.624311e-02
9.237481e-02;1.209295e-01;1.137007e-01;4.642169e-02;6.033752e-02;5.911864e-02;2.268272e-01;5.885766e-02;4.598362e-02;6.349691e-02;9.231699e-02;1.963478e-02
8.710384e-02;1.584721e-01;1.479464e-01;4.765943e-02;4.139324e-02;4.169505e-02;2.449390e-01;6.029568e-02;5.500030e-02;3.732824e-02;6.508882e-02;1.307797e-02
7.818692e-02;1.718935e-01;1.415738e-01;6.498663e-02;2.738675e-02;6.873252e-02;2.520879e-01;3.201510e-02;5.045033e-02;3.932086e-02;6.331290e-02;1.005273e-02
9.887756e-02;1.506580e-01;9.067964e-02;9.423831e-02;4.169868e-02;8.357473e-02;2.155828e-01;3.541997e-02;4.973065e-02;6.262102e-02;6.353693e-02;1.338167e-02
1.111815e-01;1.055101e-01;7.905108e-02;1.063741e-01;7.642543e-02;9.096027e-02;1.844086e-01;2.911574e-02;3.889775e-02;7.767200e-02;8.148880e-02;1.891452e-02
8.141275e-02;7.502292e-02;8.217493e-02;5.300419e-02;6.060910e-02;8.766187e-02;2.893258e-01;6.434050e-02;4.999212e-02;3.987592e-02;9.739425e-02;1.918560e-02
6.760020e-02;6.575750e-02;5.097752e-02;3.491015e-02;4.857188e-02;7.770103e-02;3.695368e-01;6.470031e-02;7.231773e-02;5.136226e-02;7.903856e-02;1.752602e-02
5.028545e-02;9.809376e-02;4.685864e-02;6.535141e-02;4.983504e-02;7.938752e-02;3.788339e-01;3.946930e-02;4.790888e-02;8.164165e-02;4.357621e-02;1.875822e-02
8.285923e-02;1.057908e-01;3.213226e-02;9.279940e-02;6.601230e-02;9.075471e-02;3.615222e-01;2.596975e-02;1.870309e-02;8.549689e-02;1.649119e-02;2.146821e-02
1.077456e-01;1.043457e-01;5.623870e-02;6.835662e-02;7.094586e-02;7.043169e-02;2.982185e-01;3.984234e-02;3.048689e-02;8.745053e-02;4.826768e-02;1.766981e-02
1.191212e-01;1.062434e-01;8.773658e-02;5.629800e-02;5.073659e-02;6.508522e-02;2.228466e-01;6.048744e-02;6.371398e-02;9.942135e-02;4.829149e-02;2.001809e-02
1.289825e-01;8.655681e-02;8.527204e-02;9.575319e-02;5.704731e-02;9.179383e-02;1.571787e-01;5.119330e-02;7.566374e-02;1.236388e-01;2.889585e-02;1.802391e-02
1.518841e-01;4.876888e-02;5.192286e-02;1.254631e-01;6.265421e-02;1.502614e-01;1.077688e-01;3.910439e-02;5.626663e-02;1.689886e-01;1.701790e-02;1.989908e-02
1.885284e-01;2.805760e-02;7.419968e-03;1.055083e-01;5.303023e-02;2.142194e-01;8.390353e-02;4.833748e-02;4.083612e-02;2.096430e-01;8.082128e-03;1.243384e-02
2.031079e-01;1.921082e-02;1.444381e-02;4.905524e-02;3.900422e-02;2.139205e-01;7.502964e-02;6.741027e-02;6.595911e-02;2.266480e-01;1.280234e-02;1.340806e-02
2.031208e-01;1.831333e-02;1.622838e-02;5.340365e-02;3.279415e-02;1.829622e-01;6.746823e-02;8.205969e-02;7.163605e-02;2.482653e-01;1.301766e-02;1.073063e-02
1.947549e-01;2.036007e-02;1.243491e-02;6.656662e-02;3.947007e-02;1.578234e-01;7.461737e-02;8.305211e-02;7.369460e-02;2.543198e-01;1.281494e-02;1.009125e-02
1.937249e-01;2.548874e-02;1.832960e-02;5.204305e-02;5.464981e-02;1.489852e-01;7.442885e-02;7.678384e-02;6.326996e-02;2.505266e-01;2.852980e-02;1.323963e-02
1.667279e-01;2.643274e-02;3.946332e-02;2.903348e-02;7.278576e-02;1.203422e-01;7.911623e-02;7.690303e-02;8.224622e-02;2.189242e-01;4.920289e-02;3.882199e-02
1.453868e-01;2.838669e-02;5.967723e-02;6.313180e-02;6.534458e-02;9.051061e-02;8.027420e-02;9.018712e-02;8.158945e-02;1.899958e-01;4.909506e-02;5.642069e-02
1.460724e-01;3.346248e-02;6.945328e-02;8.555222e-02;5.216110e-02;9.440105e-02;9.009871e-02;9.347178e-02;4.855916e-02;1.803601e-01;4.320772e-02;6.319997e-02
1.266690e-01;2.657886e-02;3.251638e-02;6.873016e-02;5.098716e-02;1.447456e-01;1.355040e-01;9.056652e-02;6.266593e-02;1.864577e-01;2.646863e-02;4.811003e-02
8.481316e-02;2.173334e-02;3.580780e-02;6.578056e-02;6.954868e-02;1.724332e-01;1.228807e-01;9.897660e-02;6.609789e-02;2.243376e-01;1.559547e-02;2.199496e-02
7.186354e-02;3.562195e-02;4.884446e-02;7.027686e-02;7.409699e-02;1.850158e-01;1.058941e-01;9.068096e-02;3.243419e-02;2.469471e-01;1.972043e-02;1.860368e-02
9.518233e-02;3.342054e-02;4.919510e-02;6.387278e-02;5.256604e-02;1.740472e-01;1.002901e-01;9.208488e-02;6.228582e-02;2.343224e-01;1.863939e-02;2.409341e-02
1.278052e-01;2.804895e-02;2.847236e-02;5.482979e-02;4.391615e-02;1.788221e-01;8.947913e-02;1.051502e-01;5.215039e-02;2.472163e-01;2.096383e-02;2.314563e-02
1.421477e-01;3.717275e-02;4.378043e-02;4.599642e-02;5.619451e-02;1.341560e-01;8.442311e-02;8.070295e-02;6.181153e-02;2.264435e-01;4.835406e-02;3.881692e-02
8.207302e-02;5.940485e-02;8.258145e-02;7.950225e-02;7.181594e-02;1.001063e-01;7.153683e-02;8.681724e-02;6.634501e-02;1.054876e-01;8.258749e-02;1.117420e-01
6.092561e-02;5.854809e-02;1.089184e-01;9.864204e-02;6.751611e-02;8.679545e-02;7.432431e-02;8.963723e-02;5.548346e-02;6.106979e-02;9.892696e-02;1.392126e-01
6.016080e-02;7.511142e-02;1.183546e-01;1.072212e-01;6.241655e-02;7.672791e-02;9.196107e-02;7.834506e-02;4.396561e-02;4.539814e-02;1.066158e-01;1.337219e-01
7.243721e-02;1.110750e-01;1.046412e-01;1.110185e-01;6.029861e-02;8.897661e-02;8.669395e-02;6.160663e-02;7.055580e-02;8.421343e-02;7.329781e-02;7.518532e-02
5.553138e-02;8.624176e-02;7.529747e-02;6.419159e-02;9.047803e-02;8.610745e-02;7.881871e-02;5.639137e-02;6.109508e-02;1.775148e-01;1.107289e-01;5.760344e-02
3.209383e-02;7.058515e-02;5.752913e-02;3.840346e-02;1.122599e-01;8.903312e-02;6.748716e-02;4.735297e-02;4.793292e-02;2.486172e-01;1.366852e-01;5.202004e-02
1.495948e-02;3.965601e-02;5.930281e-02;2.146253e-02;8.302786e-02;1.316012e-01;6.797612e-02;2.713598e-02;4.766580e-02;1.977788e-01;2.563947e-01;5.303867e-02
8.353979e-03;1.264361e-02;8.456846e-02;1.520657e-02;4.262279e-02;1.615763e-01;7.658285e-02;1.375914e-02;5.486365e-02;8.769464e-02;3.727995e-01;6.932855e-02
6.895370e-03;1.022294e-02;8.969060e-02;1.154753e-02;3.380500e-02;1.312145e-01;1.118628e-01;2.549764e-02;7.047234e-02;3.312760e-02;3.381197e-01;1.375440e-01
