6.180475e-02;5.332227e-02;7.177138e-02;2.462907e-02;7.315040e-02;6.851351e-02;1.251094e-01;1.068728e-01;1.055292e-01;7.279453e-02;9.247159e-02;1.440311e-01
7.150722e-02;4.460201e-02;8.373007e-02;3.604042e-02;7.341253e-02;8.876067e-02;1.213280e-01;9.514371e-02;1.237414e-01;7.914703e-02;7.366428e-02;1.089227e-01
7.917387e-02;4.477815e-02;9.196682e-02;5.114489e-02;6.415668e-02;9.323210e-02;9.663931e-02;6.936669e-02;1.552391e-01;1.092149e-01;5.827790e-02;8.680958e-02
6.881666e-02;7.044357e-02;1.155236e-01;3.338949e-02;5.161976e-02;6.741972e-02;6.921507e-02;9.384949e-02;1.584148e-01;1.262694e-01;6.828245e-02;7.675605e-02
6.461007e-02;5.657188e-02;1.615383e-01;3.967252e-02;6.569923e-02;3.876632e-02;7.371572e-02;1.170782e-01;1.125782e-01;1.202044e-01;1.096400e-01;3.992499e-02
1.002860e-01;6.142285e-02;1.586588e-01;4.245366e-02;7.277990e-02;5.172287e-02;8.860791e-02;9.846679e-02;8.871953e-02;7.419413e-02;1.026666e-01;6.002104e-02
9.716671e-02;7.547120e-02;1.246323e-01;7.236964e-02;7.510006e-02;6.281720e-02;9.942982e-02;8.654837e-02;9.109559e-02;6.097186e-02;8.959531e-02;6.480198e-02
6.584587e-02;6.672006e-02;1.142902e-01;9.044790e-02;8.414505e-02;6.352151e-02;7.805474e-02;8.868419e-02;1.175440e-01;9.393001e-02;8.167787e-02;5.513866e-02
6.007228e-02;3.841346e-02;1.235736e-01;6.874910e-02;1.097141e-01;6.646613e-02;5.935154e-02;1.198011e-01;1.048901e-01;1.062421e-01;8.449717e-02;5.822938e-02
5.731910e-02;4.292433e-02;9.566329e-02;3.933505e-02;1.069060e-01;6.056920e-02;9.375742e-02;1.240310e-01;1.063879e-01;1.074962e-01;9.903929e-02;6.657113e-02
4.188721e-02;5.927366e-02;6.912706e-02;5.420278e-02;8.690728e-02;6.876452e-02;1.059073e-01;1.097863e-01;1.085845e-01;1.376527e-01;7.443167e-02;8.347511e-02
6.370321e-02;6.819317e-02;1.182856e-01;5.642350e-02;5.792325e-02;9.308138e-02;9.013755e-02;9.564628e-02;1.360959e-01;1.164631e-01;4.754775e-02;5.649935e-02
9.327218e-02;7.057920e-02;1.172559e-01;5.845527e-02;7.980034e-02;8.980753e-02;7.307591e-02;7.493310e-02;1.169228e-01;8.828196e-02;5.973251e-02;7.788336e-02
9.902472e-02;4.537410e-02;1.149313e-01;8.147721e-02;7.702667e-02;8.461040e-02;1.539373e-01;4.457058e-02;8.973106e-02;7.388614e-02;7.598433e-02;5.944626e-02
8.169761e-02;3.712963e-02;9.231173e-02;5.273282e-02;4.967874e-02;1.000289e-01;2.806215e-01;1.207334e-01;5.099140e-02;3.738028e-02;5.634407e-02;4.034993e-02
6.460240e-02;2.389265e-02;5.072498e-02;3.746429e-02;2.816151e-02;7.198336e-02;3.500686e-01;1.564385e-01;5.556410e-02;2.393335e-02;5.885917e-02;7.830705e-02
4.198333e-02;8.475872e-03;2.884765e-02;4.431892e-02;1.313090e-02;3.745440e-02;3.841389e-01;1.655098e-01;5.916278e-02;2.001793e-02;5.344820e-02;1.435114e-01
1.484232e-02;6.354582e-03;2.913190e-02;4.675184e-02;7.351278e-03;4.649565e-02;3.469532e-01;1.076207e-01;5.843225e-02;1.871731e-02;7.824462e-02;2.391044e-01
1.096656e-02;7.176260e-03;2.465044e-02;3.380819e-02;9.889959e-03;6.151168e-02;2.658867e-01;4.484344e-02;5.043241e-02;1.967569e-02;1.192089e-01;3.519498e-01
1.065441e-02;8.504620e-03;2.149101e-02;3.700404e-02;9.059277e-03;5.474591e-02;2.374975e-01;2.462144e-02;3.507276e-02;1.662917e-02;1.453693e-01;3.993506e-01
1.163224e-02;1.191843e-02;3.870589e-02;5.225550e-02;1.315783e-02;6.065729e-02;2.318389e-01;9.029853e-03;3.006410e-02;1.175924e-02;1.758592e-01;3.531215e-01
1.408686e-02;1.506540e-02;5.531234e-02;7.438578e-02;2.243049e-02;9.533446e-02;2.347414e-01;1.530488e-02;2.604513e-02;7.684313e-03;1.712121e-01;2.683969e-01
1.754772e-02;2.179299e-02;4.723411e-02;9.225736e-02;3.343242e-02;1.199505e-01;2.176986e-01;4.076415e-02;1.877753e-02;2.466835e-02;1.501871e-01;2.156892e-01
8.726046e-02;4.003247e-02;4.641296e-02;6.849992e-02;3.173361e-02;8.984198e-02;1.539929e-01;6.588681e-02;2.930029e-02;1.970956e-02;1.499489e-01;2.173801e-01
1.227167e-01;2.627693e-02;5.491240e-02;8.923066e-02;1.293736e-02;3.325284e-02;3.056335e-01;3.638649e-02;1.106742e-02;1.651202e-02;7.164122e-02;2.194326e-01
9.516492e-02;1.713876e-02;3.755617e-02;9.239189e-02;9.162201e-03;4.656210e-02;3.672203e-01;1.972436e-02;1.194978e-02;1.785856e-02;8.398587e-02;2.012851e-01
6.418645e-02;8.367686e-03;6.194025e-02;4.476747e-02;1.242060e-02;4.768348e-02;4.407579e-01;7.547818e-02;2.202610e-02;1.640290e-02;6.984710e-02;1.361219e-01
3.328579e-02;7.967831e-03;8.453973e-02;3.509439e-02;1.253311e-02;5.820311e-02;3.572309e-01;1.026311e-01;3.697777e-02;1.064226e-02;1.236640e-01;1.372299e-01
1.232877e-02;4.653896e-03;9.523175e-02;4.458077e-02;1.064498e-02;7.801696e-02;2.317058e-01;6.444140e-02;4.823364e-02;1.077753e-02;2.118669e-01;1.875176e-01
1.029591e-02;5.341995e-03;1.025393e-01;2.282038e-02;1.194276e-02;9.894957e-02;1.078734e-01;2.905020e-02;5.579492e-02;1.067773e-02;3.342011e-01;2.105128e-01
1.273547e-02;4.594041e-03;8.884511e-02;4.209590e-03;7.941625e-03;1.099644e-01;5.110960e-02;9.606159e-03;5.403780e-02;1.533782e-02;4.677300e-01;1.738884e-01
1.489528e-02;3.547055e-03;5.735591e-02;4.008892e-03;9.193923e-03;1.251979e-01;2.350919e-02;9.362243e-03;3.735738e-02;3.149141e-02;5.853245e-01;9.875636e-02
1.697267e-02;3.566180e-03;3.149011e-02;7.360266e-03;1.639389e-02;1.303852e-01;1.644649e-02;1.471639e-02;3.009020e-02;8.235614e-02;6.264957e-01;2.372678e-02
1.255867e-02;1.139488e-02;1.994535e-02;9.455108e-03;3.077830e-02;1.005616e-01;1.713973e-02;3.291643e-02;2.325342e-02;2.294964e-01;4.979322e-01;1.456799e-02
5.803379e-03;4.016494e-02;1.114067e-02;1.506810e-02;4.790835e-02;6.388158e-02;1.395022e-02;5.735666e-02;5.726380e-02;3.612603e-01;3.137165e-01;1.248545e-02
8.249257e-03;6.267212e-02;2.996973e-02;3.512378e-02;7.803949e-02;4.242124e-02;2.002954e-02;6.316798e-02;1.136511e-01;3.653064e-01;1.703049e-01;1.106440e-02
1.308139e-02;6.542302e-02;7.156540e-02;6.821187e-02;8.824469e-02;2.383933e-02;3.836303e-02;6.437496e-02;9.824224e-02;3.202240e-01;1.232299e-01;2.520025e-02
1.795029e-02;5.117001e-02;1.095302e-01;8.553541e-02;6.168215e-02;2.301672e-02;7.775833e-02;8.177307e-02;9.181122e-02;2.753640e-01;9.571198e-02;2.869670e-02
2.521192e-02;3.713576e-02;9.682804e-02;7.491039e-02;2.749572e-02;3.621617e-02;8.313919e-02;6.941089e-02;2.110376e-01;2.078724e-01;1.063959e-01;2.434598e-02
2.974883e-02;3.429659e-02;1.042014e-01;5.631562e-02;2.647871e-02;5.086293e-02;5.549355e-02;1.112497e-01;2.380567e-01;1.624061e-01;1.149424e-01;1.594752e-02
1.077375e-02;2.855826e-02;1.950739e-01;3.164075e-02;3.047832e-02;3.370435e-02;9.705520e-02;2.198465e-01;8.948068e-02;1.775654e-01;4.234741e-02;4.347551e-02
1.031827e-02;1.158524e-02;2.206427e-01;4.898778e-02;2.301383e-02;1.627774e-02;1.270906e-01;2.097024e-01;6.442181e-02;1.439288e-01;7.574200e-02;4.828880e-02
1.940440e-02;4.333878e-02;2.389484e-01;4.399363e-02;1.741919e-02;2.306176e-02;1.232570e-01;1.699941e-01;5.948652e-02;1.201799e-01;8.198915e-02;5.892719e-02
6.159665e-02;9.768164e-02;2.058996e-01;3.252226e-02;3.406527e-02;2.665363e-02;1.562095e-01;9.876040e-02;5.287803e-02;8.574881e-02;8.749882e-02;6.048543e-02
1.274708e-01;1.265922e-01;1.361803e-01;2.526193e-02;4.768525e-02;3.610693e-02;1.796302e-01;7.473886e-02;4.227267e-02;6.570462e-02;9.391616e-02;4.444021e-02
1.809103e-01;9.539685e-02;8.804359e-02;2.968928e-02;5.835942e-02;5.559625e-02;1.711892e-01;6.941773e-02;4.807467e-02;6.766409e-02;8.287659e-02;5.278197e-02
1.713783e-01;3.049106e-02;1.039571e-01;3.862641e-02;6.602696e-02;6.534705e-02;1.671500e-01;9.904376e-02;7.321877e-02;5.153857e-02;6.629867e-02;6.692333e-02
1.510903e-01;3.899065e-02;1.557883e-01;3.233922e-02;4.728151e-02;5.122441e-02;1.352984e-01;1.096208e-01;8.858514e-02;3.758824e-02;8.947371e-02;6.271930e-02
1.223019e-01;6.500730e-02;1.884913e-01;3.313043e-02;5.236951e-02;3.535820e-02;5.637632e-02;7.511496e-02;9.673241e-02;7.553695e-02;1.534646e-01;4.611610e-02
9.469765e-02;7.444707e-02;1.976799e-01;3.277500e-02;5.457782e-02;3.632973e-02;5.549800e-02;6.012126e-02;5.508778e-02;1.013466e-01;1.820855e-01;5.535362e-02
6.268731e-02;6.372508e-02;1.764163e-01;2.404871e-02;4.580911e-02;4.192932e-02;1.024007e-01;8.382124e-02;5.359692e-02;1.293148e-01;1.455061e-01;7.074457e-02
6.153296e-02;7.101734e-02;1.966179e-01;3.014041e-02;3.397039e-02;5.112035e-02;1.454780e-01;8.951095e-02;4.961132e-02;1.185032e-01;7.592113e-02;7.657613e-02
2.956806e-02;6.280152e-02;1.787442e-01;3.139844e-02;3.762269e-02;5.951440e-02;1.789023e-01;8.567496e-02;5.637266e-02;1.184897e-01;9.121498e-02;6.969608e-02
9.181941e-02;6.640712e-02;1.076171e-01;4.626200e-02;4.489960e-02;8.031125e-02;1.614519e-01;8.667488e-02;1.048011e-01;8.035564e-02;7.393792e-02;5.546206e-02
8.118618e-02;6.291584e-02;1.215129e-01;7.209917e-02;7.502951e-02;1.147000e-01;1.537947e-01;7.511071e-02;7.288409e-02;9.122720e-02;4.708511e-02;3.245466e-02
4.175992e-02;4.503625e-02;2.042258e-01;7.443049e-02;8.398299e-02;9.999016e-02;1.159548e-01;5.958492e-02;4.379190e-02;1.161952e-01;4.523030e-02;6.981730e-02
2.128533e-02;7.293780e-02;2.449297e-01;8.152154e-02;9.236983e-02;5.454570e-02;6.753086e-02;5.222949e-02;6.451222e-02;8.869593e-02;5.516977e-02;1.042718e-01
4.943994e-02;9.620576e-02;2.316785e-01;9.868392e-02;8.762512e-02;4.373060e-02;5.938388e-02;4.584525e-02;7.979731e-02;8.591220e-02;4.472158e-02;7.697595e-02
9.256401e-02;1.025635e-01;2.034726e-01;9.135392e-02;6.984070e-02;3.480222e-02;7.758921e-02;4.744979e-02;8.128859e-02;1.017261e-01;5.851867e-02;3.883062e-02
1.315957e-01;9.243538e-02;1.644343e-01;6.753366e-02;7.043628e-02;3.191089e-02;1.228041e-01;5.192455e-02;7.668340e-02;8.206028e-02;7.074885e-02;3.743266e-02
1.621966e-01;5.632153e-02;1.140032e-01;4.906201e-02;7.389510e-02;4.306608e-02;1.630905e-01;7.447820e-02;7.250250e-02;6.691422e-02;6.602941e-02;5.844057e-02
1.738016e-01;7.626820e-02;1.800309e-01;5.296779e-02;8.936923e-02;4.199070e-02;1.122952e-01;8.976813e-02;3.285694e-02;4.386934e-02;5.903697e-02;4.774493e-02
1.657396e-01;9.131269e-02;2.200333e-01;5.165533e-02;9.686264e-02;5.741498e-02;7.920840e-02;7.140747e-02;2.953881e-02;3.846909e-02;4.681934e-02;5.153830e-02
1.056137e-01;8.316881e-02;2.868059e-01;8.699705e-02;1.481260e-01;5.733387e-02;5.828822e-02;4.019076e-02;4.750542e-02;2.701899e-02;2.778197e-02;3.116930e-02
4.397263e-02;7.462309e-02;3.011866e-01;1.239472e-01;1.755082e-01;8.753400e-02;4.416878e-02;2.721953e-02;6.184118e-02;2.201064e-02;2.469746e-02;1.329058e-02
1.743462e-02;6.569294e-02;3.338602e-01;1.189982e-01;1.539803e-01;1.130079e-01;4.809348e-02;3.277727e-02;5.308041e-02;2.082358e-02;2.429760e-02;1.795347e-02
1.506310e-02;5.553396e-02;4.231449e-01;8.547653e-02;1.001848e-01;1.095512e-01;6.656601e-02;4.158281e-02;3.781473e-02;2.855075e-02;1.954644e-02;1.698469e-02
2.609129e-02;4.944083e-02;3.961607e-01;7.530146e-02;1.095348e-01;9.682789e-02;9.251904e-02;4.887635e-02;2.656065e-02;3.248081e-02;2.784131e-02;1.836483e-02
5.185175e-02;4.651234e-02;2.021752e-01;1.110632e-01;1.035548e-01;1.089017e-01;8.684462e-02;9.773023e-02;7.355739e-02;2.267534e-02;7.237037e-02;2.276313e-02
4.304674e-02;4.351184e-02;1.061177e-01;1.332649e-01;7.310173e-02;9.885043e-02;1.113978e-01;1.567698e-01;7.945934e-02;3.054463e-02;1.063737e-01;1.756139e-02
2.577078e-02;6.092232e-02;7.176977e-02;1.283263e-01;5.557162e-02;7.249396e-02;9.567299e-02;2.035736e-01;7.517739e-02;3.126572e-02;1.333313e-01;4.612428e-02
1.439775e-02;6.548918e-02;5.492825e-02;9.014162e-02;7.739946e-02;3.941588e-02;7.212918e-02;1.754791e-01;1.487670e-01;2.804398e-02;1.218249e-01;1.119838e-01
3.198251e-02;3.832321e-02;7.191178e-02;4.822545e-02;1.089135e-01;2.877261e-02;6.320690e-02;8.926859e-02;2.563017e-01;4.280677e-02;6.311149e-02;1.571756e-01
9.289692e-02;2.216383e-02;6.859315e-02;4.391921e-02;8.657690e-02;7.310507e-02;6.758342e-02;7.226288e-02;2.371865e-01;9.525251e-02;1.849658e-02;1.219631e-01
1.518002e-01;3.350382e-02;3.995148e-02;7.493515e-02;4.272001e-02;1.041758e-01;7.526380e-02;7.982022e-02;1.251506e-01;1.803861e-01;3.169829e-02;6.059445e-02
1.164253e-01;8.336025e-02;2.843797e-02;8.638069e-02;5.213892e-02;7.856832e-02;1.482481e-01;5.076833e-02;6.335239e-02;1.628923e-01;1.086494e-01;2.077807e-02
4.942386e-02;1.147277e-01;3.309360e-02;5.479313e-02;8.741657e-02;3.389163e-02;2.056084e-01;4.822624e-02;6.620882e-02;7.279584e-02;2.106771e-01;2.313716e-02
1.507759e-02;8.924499e-02;6.085726e-02;2.868086e-02;1.033006e-01;1.619431e-02;1.898731e-01;1.131748e-01;4.462495e-02;2.634615e-02;2.497980e-01;6.282737e-02
1.589147e-02;3.823962e-02;1.125643e-01;2.364315e-02;6.642987e-02;3.314931e-02;1.252842e-01;1.863382e-01;2.617067e-02;5.911908e-02;1.632133e-01;1.499569e-01
1.350428e-02;1.790534e-02;1.467389e-01;1.847977e-02;3.245968e-02;7.209869e-02;7.757981e-02;2.333618e-01;3.333529e-02;6.660085e-02;5.703508e-02;2.309004e-01
2.622851e-02;2.115108e-02;1.345319e-01;3.295653e-02;2.383397e-02;9.960417e-02;4.304976e-02;1.977910e-01;7.895223e-02;4.883149e-02;1.984329e-02;2.732261e-01
7.282011e-02;2.821041e-02;9.320495e-02;7.536616e-02;3.093073e-02;7.893199e-02;3.098039e-02;1.040399e-01;1.801846e-01;2.888902e-02;4.228690e-02;2.341548e-01
1.317143e-01;1.896879e-02;5.387015e-02;1.281389e-01;3.440911e-02;2.296729e-02;2.795906e-02;7.407078e-02;2.885204e-01;3.367465e-02;6.245529e-02;1.232513e-01
1.733623e-01;1.032299e-02;4.328136e-02;1.603261e-01;2.618487e-02;2.360447e-02;2.633620e-02;6.245576e-02;3.548011e-01;3.361408e-02;6.606056e-02;1.965024e-02
1.757633e-01;1.374685e-02;4.271628e-02;1.629382e-01;2.225574e-02;2.206948e-02;2.774231e-02;3.461490e-02;3.601414e-01;2.551982e-02;6.784693e-02;4.464479e-02
1.442439e-01;2.874686e-02;5.347707e-02;1.408141e-01;3.373903e-02;3.951252e-02;2.823816e-02;5.724484e-02;3.263808e-01;1.963797e-02;5.401038e-02;7.395438e-02
8.634431e-02;3.444242e-02;8.632591e-02;8.761179e-02;3.427960e-02;7.609215e-02;3.684013e-02;1.162029e-01;2.209628e-01;1.877453e-02;4.066217e-02;1.614613e-01
2.413041e-02;2.562510e-02;1.307177e-01;3.492032e-02;2.130182e-02;8.604254e-02;4.406454e-02;2.043919e-01;1.164718e-01;4.758913e-02;1.611285e-02;2.486318e-01
1.775041e-02;1.583346e-02;1.574938e-01;1.618545e-02;1.118323e-02;5.931106e-02;4.839197e-02;2.518030e-01;6.316892e-02;7.473524e-02;1.706455e-02;2.670790e-01
1.869828e-02;1.114913e-02;1.663105e-01;1.686715e-02;1.584996e-02;3.392551e-02;6.475071e-02;2.497491e-01;4.840077e-02;9.188998e-02;4.449275e-02;2.379161e-01
1.694807e-02;2.620246e-02;1.453632e-01;2.367706e-02;3.854396e-02;1.817867e-02;1.010886e-01;2.321845e-01;4.114333e-02;8.527812e-02;9.811535e-02;1.732767e-01
1.647418e-02;6.217077e-02;9.637514e-02;2.767209e-02;8.059108e-02;1.294344e-02;1.601247e-01;1.646773e-01;2.869449e-02;5.215197e-02;1.895656e-01;1.085593e-01
1.691935e-02;1.104191e-01;4.373787e-02;2.018378e-02;1.037133e-01;1.382723e-02;2.222300e-01;8.226153e-02;5.392290e-02;2.298653e-02;2.750509e-01;3.474750e-02
1.571029e-02;1.377096e-01;3.239156e-02;5.685487e-03;8.046027e-02;1.956397e-02;2.388761e-01;5.698398e-02;8.555031e-02;3.382607e-02;2.788116e-01;1.443079e-02
1.715966e-02;1.595009e-01;2.707983e-02;1.513005e-02;5.032854e-02;2.195928e-02;2.331439e-01;5.006260e-02;1.019579e-01;4.964743e-02;2.617600e-01;1.226994e-02
3.999821e-02;1.702997e-01;3.191403e-02;4.262983e-02;2.336438e-02;3.469541e-02;1.993907e-01;4.297169e-02;8.663344e-02;9.423282e-02;2.154419e-01;1.842783e-02
1.107825e-01;1.351082e-01;2.791518e-02;8.927755e-02;2.043475e-02;5.829162e-02;1.475454e-01;3.783369e-02;4.363972e-02;1.558384e-01;1.379494e-01;3.538347e-02
1.910367e-01;6.697566e-02;2.039649e-02;1.128647e-01;2.278576e-02;8.666164e-02;1.122329e-01;7.257430e-02;3.552401e-02;1.939044e-01;5.559220e-02;2.945132e-02
2.487421e-01;2.393380e-02;1.737829e-02;8.704006e-02;2.805470e-02;9.993313e-02;7.536367e-02;1.086107e-01;7.833137e-02;1.953331e-01;2.162497e-02;1.565409e-02
2.530890e-01;2.317610e-02;3.989787e-02;4.180889e-02;3.298790e-02;9.394397e-02;5.357418e-02;1.028115e-01;1.213379e-01;1.801257e-01;1.688486e-02;4.036221e-02
1.937541e-01;2.748504e-02;7.575438e-02;1.128465e-02;5.346914e-02;7.104982e-02;4.696422e-02;8.049406e-02;1.953334e-01;1.267654e-01;2.549111e-02;9.215465e-02
1.131540e-01;2.104033e-02;9.289743e-02;9.737067e-03;7.213326e-02;5.006567e-02;6.004813e-02;5.093683e-02;2.811515e-01;6.169994e-02;2.555762e-02;1.615782e-01
4.169727e-02;9.015204e-03;7.912812e-02;1.575435e-02;9.062655e-02;3.133238e-02;7.813583e-02;4.251004e-02;3.077860e-01;4.324856e-02;1.992393e-02;2.408418e-01
1.932942e-02;1.155598e-02;5.256938e-02;2.029199e-02;1.037190e-01;2.167952e-02;8.969783e-02;5.826985e-02;2.720594e-01;2.437186e-02;1.745238e-02;3.090034e-01
1.792271e-02;2.396030e-02;3.094108e-02;1.966557e-02;9.374670e-02;2.186458e-02;7.283014e-02;8.304299e-02;2.094446e-01;2.820560e-02;8.234409e-02;3.160317e-01
2.460457e-02;3.842688e-02;2.896430e-02;3.218045e-02;6.835573e-02;1.853801e-02;3.743439e-02;1.294500e-01;1.541937e-01;5.971396e-02;1.593430e-01;2.487951e-01
2.436298e-02;3.681793e-02;5.700870e-02;4.472867e-02;3.645695e-02;2.167530e-02;6.331373e-02;1.572855e-01;1.177484e-01;9.119846e-02;1.986032e-01;1.508003e-01
3.997805e-02;3.798052e-02;1.041848e-01;5.395633e-02;4.096097e-02;2.307669e-02;6.117473e-02;1.356719e-01;1.106419e-01;1.048456e-01;1.856399e-01;1.018886e-01
4.148562e-02;3.712772e-02;1.426513e-01;6.475082e-02;4.525461e-02;2.448760e-02;8.333957e-02;1.161627e-01;1.140428e-01;8.787313e-02;1.469604e-01;9.586373e-02
5.883479e-02;4.083959e-02;1.472237e-01;6.929366e-02;4.340126e-02;2.366865e-02;1.082905e-01;1.018729e-01;1.072197e-01;8.010741e-02;1.363534e-01;8.289448e-02
7.086883e-02;4.691603e-02;1.076796e-01;5.283963e-02;7.005356e-02;2.739397e-02;1.077981e-01;1.030718e-01;8.909781e-02;7.227647e-02;1.716650e-01;8.033924e-02
6.329582e-02;1.198420e-02;8.640672e-02;4.089614e-02;6.367663e-02;2.121392e-02;1.088385e-01;1.680015e-01;8.285853e-02;6.185526e-02;1.536248e-01;1.373481e-01
3.458821e-02;2.252399e-02;7.833630e-02;6.584540e-02;4.296203e-02;2.571253e-02;7.332917e-02;1.462296e-01;1.747221e-01;7.573668e-02;1.038104e-01;1.562036e-01
3.790150e-02;3.788087e-02;8.100316e-02;7.056430e-02;6.048661e-02;4.602844e-02;5.205534e-02;1.509898e-01;1.449634e-01;8.355278e-02;6.082428e-02;1.737496e-01
6.380717e-02;4.880887e-02;7.713825e-02;4.859947e-02;8.077123e-02;5.152304e-02;8.551373e-02;1.055304e-01;4.976740e-02;1.114621e-01;5.662002e-02;2.204582e-01
5.067665e-02;5.113403e-02;5.582586e-02;3.715504e-02;8.285768e-02;3.866141e-02;1.050783e-01;7.633159e-02;1.100453e-01;1.003267e-01;9.337512e-02;1.985324e-01
4.517358e-02;4.759627e-02;5.914184e-02;4.396188e-02;6.462204e-02;4.734047e-02;9.644850e-02;1.283102e-01;1.336819e-01;7.430167e-02;1.560186e-01;1.034030e-01
4.972292e-02;3.847006e-02;7.394563e-02;4.848925e-02;3.694247e-02;6.878928e-02;9.187916e-02;1.209209e-01;1.869531e-01;6.788467e-02;1.800617e-01;3.594086e-02
5.412787e-02;4.730089e-02;1.026258e-01;6.828636e-02;3.921618e-02;6.442921e-02;9.660728e-02;9.887715e-02;1.459429e-01;8.794585e-02;1.337261e-01;6.091444e-02
5.468569e-02;4.887348e-02;9.767814e-02;6.831301e-02;4.493494e-02;5.401455e-02;7.770959e-02;1.046260e-01;1.501012e-01;1.025802e-01;1.024529e-01;9.403028e-02
4.974335e-02;5.199011e-02;8.404654e-02;3.764552e-02;4.217541e-02;5.501463e-02;5.498035e-02;1.190710e-01;1.737139e-01;1.487600e-01;6.928989e-02;1.135693e-01
7.761913e-02;6.707330e-02;1.373201e-01;6.608993e-02;4.694457e-02;6.235777e-02;1.258464e-01;9.068400e-02;8.552761e-02;1.052335e-01;6.240772e-02;7.289607e-02
5.358126e-02;4.831875e-02;2.153985e-01;1.024482e-01;6.272315e-02;4.744586e-02;1.295526e-01;9.164927e-02;9.951912e-02;6.910051e-02;4.763172e-02;3.263108e-02
5.492328e-02;2.767505e-02;2.497262e-01;1.209352e-01;6.111840e-02;3.572627e-02;1.404190e-01;8.223685e-02;9.756375e-02;6.989846e-02;3.957477e-02;2.020276e-02
4.425813e-02;1.990332e-02;2.761050e-01;1.197232e-01;6.738682e-02;2.552692e-02;1.724307e-01;6.340698e-02;7.795696e-02;7.889503e-02;3.234053e-02;2.206625e-02
2.374299e-02;2.448380e-02;2.950970e-01;8.390167e-02;6.100877e-02;4.644622e-02;2.125873e-01;7.351681e-02;4.698331e-02;8.203452e-02;3.116639e-02;1.903121e-02
3.860591e-02;3.240187e-02;2.859304e-01;3.908557e-02;5.374611e-02;6.358229e-02;2.469000e-01;7.485801e-02;4.331262e-02;8.793639e-02;2.301582e-02;1.062501e-02
7.166611e-02;5.884076e-02;2.335760e-01;3.151157e-02;5.806023e-02;7.760884e-02;2.312948e-01;7.892235e-02;2.840298e-02;8.921126e-02;2.578567e-02;1.511941e-02
9.566458e-02;7.687131e-02;1.688718e-01;6.067570e-02;6.064536e-02;8.041437e-02;1.696742e-01;8.761264e-02;5.660459e-02;8.709620e-02;3.024611e-02;2.562308e-02
9.196800e-02;6.469978e-02;1.717163e-01;1.109864e-01;4.465644e-02;6.173534e-02;1.426888e-01;9.608606e-02;7.385991e-02;7.350942e-02;3.613140e-02;3.196217e-02
6.310655e-02;2.834806e-02;3.542755e-01;8.847826e-02;5.869354e-02;4.750999e-02;1.603516e-01;4.374440e-02;6.459569e-02;4.443048e-02;2.920751e-02;1.725846e-02
6.445640e-02;4.346282e-02;3.534991e-01;4.259660e-02;5.640136e-02;4.269966e-02;1.788076e-01;4.217610e-02;6.770056e-02;5.087059e-02;3.060380e-02;2.672549e-02
6.382865e-02;4.388810e-02;2.812781e-01;6.376339e-02;7.156387e-02;5.630852e-02;1.478875e-01;7.584411e-02;5.121186e-02;9.802137e-02;1.491923e-02;3.148532e-02
3.280399e-02;4.758599e-02;2.900528e-01;6.363971e-02;8.105076e-02;5.571958e-02;1.019231e-01;8.422071e-02;6.378923e-02;1.293025e-01;2.975527e-02;2.015637e-02
3.310134e-02;4.906986e-02;3.240680e-01;4.176805e-02;6.396500e-02;3.996908e-02;1.392703e-01;9.249949e-02;4.338266e-02;1.337729e-01;2.879321e-02;1.034023e-02
2.544005e-02;4.785404e-02;3.051998e-01;8.043294e-02;3.083178e-02;3.192763e-02;1.866504e-01;7.890985e-02;4.567936e-02;1.162809e-01;3.585082e-02;1.494255e-02
5.982186e-02;4.719450e-02;2.591966e-01;8.132720e-02;4.202125e-02;6.370482e-02;1.647477e-01;7.914377e-02;4.902766e-02;9.137475e-02;3.826959e-02;2.417020e-02
8.004475e-02;7.105029e-02;2.385669e-01;5.980010e-02;5.848967e-02;8.843049e-02;9.824780e-02;9.462526e-02;7.573120e-02;6.335822e-02;4.532957e-02;2.632579e-02
5.946315e-02;8.694883e-02;2.155388e-01;5.758713e-02;6.307449e-02;9.813590e-02;1.008395e-01;1.265868e-01;7.829911e-02;5.304344e-02;4.005516e-02;2.042771e-02
1.289279e-01;8.829806e-02;1.274393e-01;5.038711e-02;5.092384e-02;3.766899e-02;1.072654e-01;9.110990e-02;9.067003e-02;5.877464e-02;7.420277e-02;9.433202e-02
7.034028e-02;8.969346e-02;8.217745e-02;5.873780e-02;5.768865e-02;5.779855e-02;7.042359e-02;5.832376e-02;1.674220e-01;1.180646e-01;1.119782e-01;5.735172e-02
7.556622e-02;5.389366e-02;7.366630e-02;6.009987e-02;7.889220e-02;5.421832e-02;8.180460e-02;5.171078e-02;1.341381e-01;2.055105e-01;9.477880e-02;3.572076e-02
8.046849e-02;2.521634e-02;5.504503e-02;5.478902e-02;9.761231e-02;4.567534e-02;7.791135e-02;3.809249e-02;1.143340e-01;2.851494e-01;9.469756e-02;3.100869e-02
8.267474e-02;4.402354e-02;3.323651e-02;4.001983e-02;1.161802e-01;3.345616e-02;7.301067e-02;2.403880e-02;1.483511e-01;3.115384e-01;6.996441e-02;2.350557e-02
1.256399e-01;5.471706e-02;2.403632e-02;3.884006e-02;1.031732e-01;2.392954e-02;1.013636e-01;1.218797e-02;2.060110e-01;2.542789e-01;4.538158e-02;1.044090e-02
1.974270e-01;4.018739e-02;1.967068e-02;6.325410e-02;6.016716e-02;1.665131e-02;1.318330e-01;1.970556e-02;2.692775e-01;1.473042e-01;2.655518e-02;7.966899e-03
2.426545e-01;1.614230e-02;1.460541e-02;9.435264e-02;2.671340e-02;7.994963e-03;1.438458e-01;4.471572e-02;3.398759e-01;4.664773e-02;1.001887e-02;1.243278e-02
2.005749e-01;1.085887e-02;2.393627e-02;1.162696e-01;2.429599e-02;5.079177e-03;1.177419e-01;6.800772e-02;3.760401e-01;3.658068e-02;1.327412e-02;7.340566e-03
1.391456e-01;1.442656e-02;5.379393e-02;1.256928e-01;1.820597e-02;7.734185e-03;9.594508e-02;1.056019e-01;3.709186e-01;2.672192e-02;2.019892e-02;2.161461e-02
9.486070e-02;2.534333e-02;8.938452e-02;1.241995e-01;1.761488e-02;1.574271e-02;9.975122e-02;1.160258e-01;2.923462e-01;6.091284e-02;3.935517e-02;2.446316e-02
6.422548e-02;3.504066e-02;1.127851e-01;1.271682e-01;4.609768e-02;2.418068e-02;1.123043e-01;9.106283e-02;2.049703e-01;9.681323e-02;6.141431e-02;2.393720e-02
1.205901e-01;2.845608e-02;7.585061e-02;8.747177e-02;7.867239e-02;1.770909e-02;1.672898e-01;3.099010e-02;1.693817e-01;1.400148e-01;6.296185e-02;2.061162e-02
1.123600e-01;2.105037e-02;3.794371e-02;5.940296e-02;7.346485e-02;1.697737e-02;2.067639e-01;3.537952e-02;2.428028e-01;1.247730e-01;4.812525e-02;2.095639e-02
7.305761e-02;1.889239e-02;3.983838e-02;8.607740e-02;8.144126e-02;2.326801e-02;1.937871e-01;4.984474e-02;2.603436e-01;8.329952e-02;5.789791e-02;3.225203e-02
5.417070e-02;2.123341e-02;7.549100e-02;1.073210e-01;8.205824e-02;3.547089e-02;1.375327e-01;6.373958e-02;2.365604e-01;7.225722e-02;5.509818e-02;5.906662e-02
6.769571e-02;2.964668e-02;1.497108e-01;1.189979e-01;7.443549e-02;4.247567e-02;1.072080e-01;6.451125e-02;1.279281e-01;1.071361e-01;5.427745e-02;5.597672e-02
5.803448e-02;2.511561e-02;1.880541e-01;1.303300e-01;6.601351e-02;4.151343e-02;9.129442e-02;6.851251e-02;1.294194e-01;8.865322e-02;7.987694e-02;3.318245e-02
2.609019e-02;3.351226e-02;2.498146e-01;1.270487e-01;5.298576e-02;4.528971e-02;6.813386e-02;8.663448e-02;1.327771e-01;4.852664e-02;8.567002e-02;4.351662e-02
1.684079e-02;6.020009e-02;3.127608e-01;8.554903e-02;2.832666e-02;4.091084e-02;8.220946e-02;1.076858e-01;8.627307e-02;4.037950e-02;6.384780e-02;7.501626e-02
5.072051e-02;9.939914e-02;2.835728e-01;4.419230e-02;1.797720e-02;2.967426e-02;1.153732e-01;1.181439e-01;5.385235e-02;5.650602e-02;3.886953e-02;9.171885e-02
9.251579e-02;1.339851e-01;1.665723e-01;2.537729e-02;3.251934e-02;3.582651e-02;1.612354e-01;1.137867e-01;4.483523e-02;5.570415e-02;6.624220e-02;7.140005e-02
1.167154e-01;1.390528e-01;5.119835e-02;3.064819e-02;4.631562e-02;5.375629e-02;2.013106e-01;1.139017e-01;5.378990e-02;4.931817e-02;9.817038e-02;4.582253e-02
1.079514e-01;9.492037e-02;1.259159e-01;4.250675e-02;4.924803e-02;5.350016e-02;1.907988e-01;6.637154e-02;5.960618e-02;5.794678e-02;8.309866e-02;6.813541e-02
9.444333e-02;6.132077e-02;1.403036e-01;5.153089e-02;6.111086e-02;5.655466e-02;1.641860e-01;7.886771e-02;8.468096e-02;6.386051e-02;7.385331e-02;6.928739e-02
1.249006e-01;7.774337e-02;1.532664e-01;4.341383e-02;8.444489e-02;5.495095e-02;1.010543e-01;1.102224e-01;1.032074e-01;6.174711e-02;3.701447e-02;4.803418e-02
1.386136e-01;1.025014e-01;1.488968e-01;5.568646e-02;7.656123e-02;3.652320e-02;4.616499e-02;9.165944e-02;9.839170e-02;6.665704e-02;6.879212e-02;6.955203e-02
6.050795e-02;8.768551e-02;2.109118e-01;5.708559e-02;6.039505e-02;3.574979e-02;6.526216e-02;7.646486e-02;1.092274e-01;5.424604e-02;9.203910e-02;9.042475e-02
7.071766e-02;5.565643e-02;2.143200e-01;4.891751e-02;7.197085e-02;3.932269e-02;1.158284e-01;1.076358e-01;1.019388e-01;4.727058e-02;5.305678e-02;7.336453e-02
1.374474e-01;4.101419e-02;1.123758e-01;4.626492e-02;6.339659e-02;9.774846e-02;1.697703e-01;1.016914e-01;9.577277e-02;5.055210e-02;4.103815e-02;4.292791e-02
1.835465e-01;6.527045e-02;6.219516e-02;2.965796e-02;7.021488e-02;1.278874e-01;1.976447e-01;5.582067e-02;8.484016e-02;6.072279e-02;2.733140e-02;3.486807e-02
1.874934e-01;9.374311e-02;6.358414e-02;5.486731e-02;8.101853e-02;1.237593e-01;1.913650e-01;3.530987e-02;6.252655e-02;6.285166e-02;1.467962e-02;2.880155e-02
1.574976e-01;9.886833e-02;9.909537e-02;1.175063e-01;9.266488e-02;1.003215e-01;1.441549e-01;3.663405e-02;5.048721e-02;5.034949e-02;1.574404e-02;3.667624e-02
1.236762e-01;6.605604e-02;1.881181e-01;1.639991e-01;1.057981e-01;6.793647e-02;1.053991e-01;3.367911e-02;3.443542e-02;4.260981e-02;2.360801e-02;4.468473e-02
9.658965e-02;5.792265e-02;2.491658e-01;1.830374e-01;9.592987e-02;5.036363e-02;1.011639e-01;3.467380e-02;1.420418e-02;3.563696e-02;3.161734e-02;4.969481e-02
1.030109e-01;9.663698e-02;1.585017e-01;1.586258e-01;6.645301e-02;7.519794e-02;1.245652e-01;4.191678e-02;5.647844e-02;4.320735e-02;2.560360e-02;4.980232e-02
1.287396e-01;7.424300e-02;8.227573e-02;8.458621e-02;7.414202e-02;1.499758e-01;1.271442e-01;7.756880e-02;6.402390e-02;4.145907e-02;5.400269e-02;4.183895e-02
1.033709e-01;7.192782e-02;6.108625e-02;5.770594e-02;4.298521e-02;2.050061e-01;1.185168e-01;7.877063e-02;7.069756e-02;6.677603e-02;7.960823e-02;4.354844e-02
9.559637e-02;6.926861e-02;7.447512e-02;6.342469e-02;4.297430e-02;1.944210e-01;1.230467e-01;5.205364e-02;1.019651e-01;6.400689e-02;8.177808e-02;3.698953e-02
8.933022e-02;6.213233e-02;1.226911e-01;6.728837e-02;7.779368e-02;1.342116e-01;1.365341e-01;3.670838e-02;8.685074e-02;8.267713e-02;7.226727e-02;3.151514e-02
1.094450e-01;4.229735e-02;1.382168e-01;8.138026e-02;1.105103e-01;9.881552e-02;1.191025e-01;5.854877e-02;4.306575e-02;1.047048e-01;4.992547e-02;4.398751e-02
1.231549e-01;5.713497e-02;1.118777e-01;8.597681e-02;1.095281e-01;1.210710e-01;1.264586e-01;5.369534e-02;3.845870e-02;8.754313e-02;4.398054e-02;4.112018e-02
1.257714e-01;5.085937e-02;7.682234e-02;6.766984e-02;9.476173e-02;1.426456e-01;1.345109e-01;3.991311e-02;8.751974e-02;8.172674e-02;6.546398e-02;3.233529e-02
8.710837e-02;3.571941e-02;4.921350e-02;4.860518e-02;8.822423e-02;1.280366e-01;1.032316e-01;3.865606e-02;2.054268e-01;1.029175e-01;7.013293e-02;4.272780e-02
4.653434e-02;3.413141e-02;2.594825e-02;5.632462e-02;1.102603e-01;8.551213e-02;5.255807e-02;7.169633e-02;3.049105e-01;1.119558e-01;5.655282e-02;4.361546e-02
2.871627e-02;6.177805e-02;3.798353e-02;6.926793e-02;6.901164e-02;4.542932e-02;3.182765e-02;1.538510e-01;2.591709e-01;9.296601e-02;1.044083e-01;4.558929e-02
2.963214e-02;5.273309e-02;5.484161e-02;7.469292e-02;3.970163e-02;2.589805e-02;7.965291e-02;1.848414e-01;1.299027e-01;9.557872e-02;1.923257e-01;4.019915e-02
4.473043e-02;3.241345e-02;7.199843e-02;5.636401e-02;2.730487e-02;2.647085e-02;1.506746e-01;1.327013e-01;8.533870e-02;1.429184e-01;2.046424e-01;2.444258e-02
4.173524e-02;2.731311e-02;7.880046e-02;3.155858e-02;2.553895e-02;3.596380e-02;1.699359e-01;7.355715e-02;1.096602e-01;2.331666e-01;1.486086e-01;2.416138e-02
3.107915e-02;3.230705e-02;7.088555e-02;2.805194e-02;2.921966e-02;7.031022e-02;1.078952e-01;3.008267e-02;2.191732e-01;2.265154e-01;1.064423e-01;4.803770e-02
2.596107e-02;4.471743e-02;5.464646e-02;4.211707e-02;4.098966e-02;8.562171e-02;5.722128e-02;6.184401e-02;2.977916e-01;1.619712e-01;7.852434e-02;4.859415e-02
4.317980e-02;4.326684e-02;5.557783e-02;5.150528e-02;7.702667e-02;7.021449e-02;6.007032e-02;1.253092e-01;2.277011e-01;1.063900e-01;1.118388e-01;2.791973e-02
6.459463e-02;3.278214e-02;6.601819e-02;5.483841e-02;8.925256e-02;5.824829e-02;6.483213e-02;1.628131e-01;1.291562e-01;9.658448e-02;1.533389e-01;2.754099e-02
6.961261e-02;2.186476e-02;7.702702e-02;7.489441e-02;6.156189e-02;5.849710e-02;1.163541e-01;1.487639e-01;8.664601e-02;1.072462e-01;1.367583e-01;4.077370e-02
6.297438e-02;2.945332e-02;8.699622e-02;9.031163e-02;4.107957e-02;7.245650e-02;1.539827e-01;8.306676e-02;7.279196e-02;1.590933e-01;1.015288e-01;4.626491e-02
3.125557e-02;3.586400e-02;8.073419e-02;6.723218e-02;4.456334e-02;9.306458e-02;1.428269e-01;5.986198e-02;6.717771e-02;2.024620e-01;1.384485e-01;3.650901e-02
2.874628e-02;3.328182e-02;5.579038e-02;4.038659e-02;4.569472e-02;1.001416e-01;1.205013e-01;6.965095e-02;8.182526e-02;2.381080e-01;1.453111e-01;4.056191e-02
5.165948e-02;2.817718e-02;5.445559e-02;4.434607e-02;4.657330e-02;8.346795e-02;1.580053e-01;6.913947e-02;7.927681e-02;2.192276e-01;1.307320e-01;3.493937e-02
7.884660e-02;3.519667e-02;6.367172e-02;4.694303e-02;4.254934e-02;5.746548e-02;1.633255e-01;1.120779e-01;8.903954e-02;1.422265e-01;1.344479e-01;3.420983e-02
8.410832e-02;3.908819e-02;7.049401e-02;4.229728e-02;6.292291e-02;5.232222e-02;1.602101e-01;1.348820e-01;1.566405e-01;7.762966e-02;8.668123e-02;3.272359e-02
7.015221e-02;6.015239e-02;9.803233e-02;4.533550e-02;6.848387e-02;4.846986e-02;1.381431e-01;1.267143e-01;1.669362e-01;7.050271e-02;7.521567e-02;3.186185e-02
4.777078e-02;7.692798e-02;1.688962e-01;5.414624e-02;5.926708e-02;5.688326e-02;9.913226e-02;1.374284e-01;1.213099e-01;9.497736e-02;6.401866e-02;1.924196e-02
3.288621e-02;6.588487e-02;2.510480e-01;4.435601e-02;5.305770e-02;8.715035e-02;1.003403e-01;1.113125e-01;8.783699e-02;7.075966e-02;6.394328e-02;3.142417e-02
2.089857e-02;4.367553e-02;3.443321e-01;4.372143e-02;5.453135e-02;7.871466e-02;1.190491e-01;8.397445e-02;6.219438e-02;6.700976e-02;5.871194e-02;2.318678e-02
2.295887e-02;2.525616e-02;3.560006e-01;6.626564e-02;6.612014e-02;7.602553e-02;1.281904e-01;7.921546e-02;3.767072e-02;6.648771e-02;5.343646e-02;2.237228e-02
2.474980e-02;1.589490e-02;2.995594e-01;8.443300e-02;9.575573e-02;8.945610e-02;1.176303e-01;9.335744e-02;2.701180e-02;5.831328e-02;5.929498e-02;3.454338e-02
6.434556e-02;4.659013e-02;1.875730e-01;7.026187e-02;1.386017e-01;1.010632e-01;1.338056e-01;7.094128e-02;5.918835e-02;3.783423e-02;4.571969e-02;4.407533e-02
1.101279e-01;9.595560e-02;9.825393e-02;4.468094e-02;1.280934e-01;1.221664e-01;1.830927e-01;4.408002e-02;6.922151e-02;4.268050e-02;2.394766e-02;3.769937e-02
1.203849e-01;1.071503e-01;1.034378e-01;4.182127e-02;9.817410e-02;1.192404e-01;2.110378e-01;5.368721e-02;5.023044e-02;5.082203e-02;1.371572e-02;3.029801e-02
9.854098e-02;1.038765e-01;1.446292e-01;3.466247e-02;8.145551e-02;1.046452e-01;2.450076e-01;5.899338e-02;3.832095e-02;5.191201e-02;1.648016e-02;2.147597e-02
5.305077e-02;1.102879e-01;1.547506e-01;3.888217e-02;6.848587e-02;8.008882e-02;2.762045e-01;9.929672e-02;3.844821e-02;3.963475e-02;2.690408e-02;1.396552e-02
3.472129e-02;1.103037e-01;1.752311e-01;7.273971e-02;6.796344e-02;5.203486e-02;2.591554e-01;1.170622e-01;3.783961e-02;2.828006e-02;3.139147e-02;1.327725e-02
3.417603e-02;7.809629e-02;2.834912e-01;6.357893e-02;3.391987e-02;2.463784e-02;1.555357e-01;1.680072e-01;7.328699e-02;4.754139e-02;1.764928e-02;2.007928e-02
1.128915e-02;4.888307e-02;3.734846e-01;2.858447e-02;1.292083e-02;3.849991e-02;1.277384e-01;2.001660e-01;7.199889e-02;5.632680e-02;3.474285e-03;2.663363e-02
8.055850e-03;4.064468e-02;3.571646e-01;2.120922e-02;1.804920e-02;7.178354e-02;1.599043e-01;1.788591e-01;5.977156e-02;5.238336e-02;2.293122e-03;2.988143e-02
9.220373e-03;6.431884e-02;3.179330e-01;3.277965e-02;4.183559e-02;1.031877e-01;1.616621e-01;1.335082e-01;5.997013e-02;4.073402e-02;5.208658e-03;2.964174e-02
1.102085e-02;1.113577e-01;2.530524e-01;8.079401e-02;8.904035e-02;9.347843e-02;1.218735e-01;8.819629e-02;8.537842e-02;3.298862e-02;8.885359e-03;2.393409e-02
1.169915e-02;1.078919e-01;1.923728e-01;1.373271e-01;1.260047e-01;4.475832e-02;1.140366e-01;7.276095e-02;1.167154e-01;4.750911e-02;1.759920e-02;1.132472e-02
1.711654e-02;8.407430e-02;1.779328e-01;1.853941e-01;1.221107e-01;1.883344e-02;8.490618e-02;6.285978e-02;1.527830e-01;6.531129e-02;2.203575e-02;6.642242e-03
2.823706e-02;4.095433e-02;1.345842e-01;2.303652e-01;9.152221e-02;1.876927e-02;7.666149e-02;6.351392e-02;1.974573e-01;8.125817e-02;3.084111e-02;5.835737e-03
3.168721e-02;3.352406e-02;1.151198e-01;2.408641e-01;5.424630e-02;2.224203e-02;6.290591e-02;8.701468e-02;2.148059e-01;9.954400e-02;3.350205e-02;4.544014e-03
2.528537e-02;4.333539e-02;1.073382e-01;2.485061e-01;7.222139e-02;1.487432e-02;5.794936e-02;7.803177e-02;2.137289e-01;9.937789e-02;3.450313e-02;4.848245e-03
2.152352e-02;8.952625e-02;1.165765e-01;2.114344e-01;1.283106e-01;1.694419e-02;6.978181e-02;5.427290e-02;1.738367e-01;7.685898e-02;3.220525e-02;8.728932e-03
1.286077e-02;1.471664e-01;1.524371e-01;1.446445e-01;1.725605e-01;3.958749e-02;7.984767e-02;4.414485e-02;1.278190e-01;4.761375e-02;2.154112e-02;9.776953e-03
6.999780e-03;1.744508e-01;1.837256e-01;1.020320e-01;1.766153e-01;7.826611e-02;7.378908e-02;5.087899e-02;9.360551e-02;3.292473e-02;1.202826e-02;1.468392e-02
5.500668e-03;1.742788e-01;2.164931e-01;7.507142e-02;1.393885e-01;1.285617e-01;8.856861e-02;5.610248e-02;6.742603e-02;2.170106e-02;4.279654e-03;2.262810e-02
5.578056e-03;1.489951e-01;2.451700e-01;6.126180e-02;7.910395e-02;1.645285e-01;1.305440e-01;6.220376e-02;4.266204e-02;2.152723e-02;4.541270e-03;3.388432e-02
7.090959e-03;1.072230e-01;2.645651e-01;5.081482e-02;4.412708e-02;1.561884e-01;1.919507e-01;7.612479e-02;3.111452e-02;2.247990e-02;4.752724e-03;4.356803e-02
7.261525e-03;5.965597e-02;3.033927e-01;3.705105e-02;1.794272e-02;1.163142e-01;2.391392e-01;9.699039e-02;3.188165e-02;3.325045e-02;4.448432e-03;5.267175e-02
1.805553e-02;3.604726e-02;3.358426e-01;3.148803e-02;7.287566e-03;6.412554e-02;2.505374e-01;1.129448e-01;3.637007e-02;4.796200e-02;5.144036e-03;5.419515e-02
3.554973e-02;4.486893e-02;3.681332e-01;2.591750e-02;7.641730e-03;2.727738e-02;2.271909e-01;1.208661e-01;3.651125e-02;5.562898e-02;4.271754e-03;4.614261e-02
8.035043e-02;6.461643e-02;3.681111e-01;3.696978e-02;1.136614e-02;1.592195e-02;1.967805e-01;1.096433e-01;3.161084e-02;4.600999e-02;6.923294e-03;3.169626e-02
1.023312e-01;8.742504e-02;3.492758e-01;4.125312e-02;2.841588e-02;1.771668e-02;1.963871e-01;8.886123e-02;1.964572e-02;2.994492e-02;2.159518e-02;1.714803e-02
9.954831e-02;1.345011e-01;2.832119e-01;3.291895e-02;5.798651e-02;3.558097e-02;2.106763e-01;5.603841e-02;1.428974e-02;1.279222e-02;5.540435e-02;7.051209e-03
8.475689e-02;1.711553e-01;1.917476e-01;1.769559e-02;6.093993e-02;7.052724e-02;2.181985e-01;4.425814e-02;2.915438e-02;1.772682e-02;8.541935e-02;8.420413e-03
1.076554e-01;1.835061e-01;1.303998e-01;1.213354e-02;4.217930e-02;8.248490e-02;2.254280e-01;4.332723e-02;3.975382e-02;3.546112e-02;8.645112e-02;1.121961e-02
1.562280e-01;1.655883e-01;8.424804e-02;2.459879e-02;3.624827e-02;8.715913e-02;2.147496e-01;3.928206e-02;3.369048e-02;6.684889e-02;6.661294e-02;2.474557e-02
1.478551e-01;1.130451e-01;9.421491e-02;4.102295e-02;5.525696e-02;9.213345e-02;1.985212e-01;4.436398e-02;3.884372e-02;8.129010e-02;5.017326e-02;4.327934e-02
8.689924e-02;7.192684e-02;1.304052e-01;4.766878e-02;6.427441e-02;8.168673e-02;2.010837e-01;5.194835e-02;4.741448e-02;7.297406e-02;7.646561e-02;6.725264e-02
9.167435e-02;9.255915e-02;8.711809e-02;3.063054e-02;1.040145e-01;9.318973e-02;1.769279e-01;1.045899e-01;4.687547e-02;2.742267e-02;7.143389e-02;7.356388e-02
1.705901e-01;6.805253e-02;7.238952e-02;2.927281e-02;1.240729e-01;9.497618e-02;1.492070e-01;8.260496e-02;8.235218e-02;2.860075e-02;2.703380e-02;7.084724e-02
2.456696e-01;5.418462e-02;6.703811e-02;2.456329e-02;1.231790e-01;9.011243e-02;1.446327e-01;3.830620e-02;9.285746e-02;3.666968e-02;1.107678e-02;7.171009e-02
2.966080e-01;8.012619e-02;7.989370e-02;1.430405e-02;1.108550e-01;8.000788e-02;1.083480e-01;1.131456e-02;8.513986e-02;4.657090e-02;1.665684e-02;7.017495e-02
2.971536e-01;7.559008e-02;8.276467e-02;1.473344e-02;1.271170e-01;8.627843e-02;7.123363e-02;6.197602e-03;9.829791e-02;4.810408e-02;2.062717e-02;7.190249e-02
2.447796e-01;3.456882e-02;1.018981e-01;1.557182e-02;1.671274e-01;1.223205e-01;4.799429e-02;1.459641e-02;1.086316e-01;3.293595e-02;3.071165e-02;7.886380e-02
1.673221e-01;2.318702e-02;1.104861e-01;2.421754e-02;1.971678e-01;1.501863e-01;5.875393e-02;1.583538e-02;1.078631e-01;3.166068e-02;3.103163e-02;8.228844e-02
1.234922e-01;1.790528e-02;1.067263e-01;3.911735e-02;2.357101e-01;1.522532e-01;5.230328e-02;1.904514e-02;1.090211e-01;2.640095e-02;3.105822e-02;8.696686e-02
1.039293e-01;1.978638e-02;1.239701e-01;5.400806e-02;2.442375e-01;1.427691e-01;4.751394e-02;2.226864e-02;1.003581e-01;3.246738e-02;3.051182e-02;7.817972e-02
1.026293e-01;2.947591e-02;1.358030e-01;4.466195e-02;2.185740e-01;1.480005e-01;5.154381e-02;3.686790e-02;9.203704e-02;3.819681e-02;3.667888e-02;6.553096e-02
9.450589e-02;2.564050e-02;1.426944e-01;4.235402e-02;1.813577e-01;1.572521e-01;7.084535e-02;4.752655e-02;8.497071e-02;3.965160e-02;5.467844e-02;5.852274e-02
4.606238e-02;4.349120e-02;1.540596e-01;5.897542e-02;1.592724e-01;1.600149e-01;1.046046e-01;5.622625e-02;7.131234e-02;4.131273e-02;4.989781e-02;5.477041e-02
6.662062e-02;5.233737e-02;1.238619e-01;5.377782e-02;1.533582e-01;1.433287e-01;2.026108e-01;5.843025e-02;4.205095e-02;3.062322e-02;2.670208e-02;4.629821e-02
5.311615e-02;6.323478e-02;7.007840e-02;4.297666e-02;1.373755e-01;9.815624e-02;3.438288e-01;3.810950e-02;5.680265e-02;3.036522e-02;3.782230e-02;2.813385e-02
3.357548e-02;6.229094e-02;8.708823e-02;3.471336e-02;1.452639e-01;7.215092e-02;3.883525e-01;4.071819e-02;5.278904e-02;1.955957e-02;4.418822e-02;1.930955e-02
4.084489e-02;4.379734e-02;1.264924e-01;4.505509e-02;1.581609e-01;5.901603e-02;3.070392e-01;8.233324e-02;4.457148e-02;3.336163e-02;2.929152e-02;3.003622e-02
4.051976e-02;5.077083e-02;1.491213e-01;5.505548e-02;1.341346e-01;5.509824e-02;1.510139e-01;9.956174e-02;8.977884e-02;5.784178e-02;5.483819e-02;6.226538e-02
5.975742e-02;5.738183e-02;1.354339e-01;1.041583e-01;1.421699e-01;4.358572e-02;5.775278e-02;5.847689e-02;1.299792e-01;6.876044e-02;8.079349e-02;6.175019e-02
