2.025664e-02;1.307308e-01;2.898674e-01;5.005287e-02;3.370550e-02;1.136955e-01;4.430895e-02;1.575849e-01;1.026129e-01;1.474150e-02;1.492003e-02;2.752298e-02
1.766376e-02;1.376807e-01;2.815753e-01;2.727542e-02;2.118384e-02;6.916656e-02;3.187379e-02;2.307936e-01;1.390630e-01;1.895346e-02;9.869775e-03;1.490082e-02
1.627939e-02;1.212995e-01;2.293709e-01;3.452905e-02;2.313112e-02;1.031232e-01;2.776116e-02;2.414425e-01;1.607448e-01;2.006929e-02;1.661170e-02;5.637365e-03
1.228627e-02;9.805035e-02;1.511433e-01;2.784756e-02;2.346486e-02;1.234402e-01;3.635433e-02;2.754518e-01;1.995143e-01;2.376957e-02;1.925793e-02;9.419468e-03
1.763251e-02;1.057045e-01;1.209975e-01;3.242134e-02;3.804702e-02;6.438840e-02;4.536049e-02;3.390025e-01;1.837213e-01;2.022485e-02;2.151920e-02;1.098023e-02
4.930202e-02;8.426169e-02;1.283771e-01;5.725097e-02;7.377269e-02;2.226364e-01;8.125141e-02;1.533832e-01;4.944958e-02;2.821233e-02;2.800750e-02;4.409514e-02
4.298292e-02;9.086476e-02;8.985602e-02;8.928713e-02;1.307962e-01;2.761587e-01;4.116973e-02;8.902408e-02;3.756011e-02;2.975409e-02;2.549815e-02;5.704818e-02
5.916933e-02;1.148454e-01;9.566966e-02;8.003436e-02;1.185231e-01;3.404465e-01;2.543214e-02;4.351244e-02;2.136865e-02;3.181562e-02;2.388229e-02;4.530043e-02
8.409712e-02;9.886589e-02;8.650143e-02;4.375787e-02;6.700770e-02;4.116713e-01;7.115031e-02;5.892086e-02;1.343680e-02;2.732961e-02;1.546233e-02;2.179878e-02
8.211586e-02;6.137065e-02;5.837430e-02;1.774376e-02;2.532174e-02;4.904637e-01;1.263968e-01;7.601804e-02;1.272037e-02;2.761254e-02;1.692671e-02;4.935565e-03
4.236265e-02;4.629589e-02;3.441475e-02;2.071166e-02;2.433842e-02;4.069056e-01;2.356030e-01;1.230305e-01;1.854652e-02;2.062037e-02;2.256091e-02;4.609765e-03
2.305664e-02;5.168424e-02;2.577148e-02;1.445044e-02;1.953328e-02;2.810155e-01;2.992813e-01;2.144773e-01;2.685358e-02;1.726057e-02;2.208638e-02;4.529256e-03
1.462108e-02;4.100865e-02;1.723688e-02;7.169012e-03;1.440047e-02;2.529995e-01;2.710572e-01;2.912557e-01;3.843318e-02;2.093281e-02;2.608985e-02;4.795589e-03
6.633246e-03;3.344330e-02;1.575405e-02;9.714952e-03;1.896648e-02;3.440535e-01;2.267637e-01;2.546828e-01;3.014387e-02;2.547009e-02;2.362673e-02;1.074731e-02
2.714482e-02;2.562845e-02;3.218433e-02;1.352472e-02;3.994722e-02;4.366666e-01;1.374095e-01;1.912563e-01;2.843473e-02;3.459954e-02;1.243704e-02;2.076677e-02
3.414706e-02;2.462266e-02;7.247129e-02;4.127054e-02;9.273733e-02;3.181972e-01;4.713893e-02;1.566308e-01;8.520225e-02;4.322832e-02;1.515411e-02;6.919959e-02
3.010234e-02;2.587575e-02;8.963443e-02;6.149732e-02;1.240766e-01;2.807678e-01;8.864370e-02;1.074862e-01;7.815142e-02;2.409734e-02;9.905056e-03;7.976201e-02
2.127799e-02;3.359802e-02;1.049210e-01;6.416038e-02;1.119586e-01;3.059134e-01;1.188882e-01;1.412723e-01;3.351386e-02;1.442786e-02;9.164065e-03;4.090429e-02
2.241008e-02;4.065475e-02;9.346296e-02;4.831571e-02;1.020942e-01;2.492800e-01;1.321817e-01;1.929513e-01;5.992922e-02;1.628579e-02;1.363359e-02;2.880072e-02
1.679567e-02;3.485067e-02;4.586433e-02;1.230683e-02;4.757827e-02;3.728394e-01;1.382192e-01;2.098404e-01;5.560608e-02;2.985319e-02;2.342718e-02;1.281883e-02
1.316315e-02;3.024949e-02;3.800568e-02;9.722854e-03;1.349600e-02;2.468297e-01;1.276618e-01;3.696297e-01;6.551066e-02;3.518878e-02;4.133186e-02;9.210258e-03
1.536563e-02;1.983714e-02;2.911558e-02;8.186912e-03;8.889839e-03;1.708948e-01;9.839320e-02;5.126187e-01;6.304307e-02;2.255582e-02;3.364354e-02;1.745582e-02
6.855255e-03;3.285262e-02;1.846654e-02;4.542975e-03;1.080085e-02;1.275841e-01;2.439311e-01;4.386665e-01;4.110492e-02;1.167594e-02;4.801252e-02;1.550659e-02
1.092671e-02;4.626209e-02;1.260868e-02;5.447852e-03;8.765795e-03;1.246149e-01;3.881841e-01;2.816342e-01;2.837260e-02;3.207554e-02;5.189466e-02;9.212892e-03
3.554413e-02;4.267882e-02;7.362371e-03;7.513521e-03;1.314831e-02;2.558397e-01;3.915000e-01;1.163638e-01;1.564362e-02;8.166919e-02;2.864306e-02;4.093537e-03
6.185716e-02;2.176451e-02;6.865922e-03;1.257637e-02;3.993998e-02;4.186103e-01;2.369118e-01;5.579470e-02;9.520099e-03;1.220560e-01;1.219886e-02;1.904256e-03
6.483609e-02;2.183417e-02;1.147303e-02;2.262246e-02;7.459214e-02;4.679496e-01;6.131471e-02;1.230536e-01;1.979925e-02;1.087031e-01;1.406386e-02;9.757966e-03
4.560063e-02;3.550468e-02;4.129898e-02;3.257851e-02;7.600323e-02;3.473938e-01;1.137452e-01;1.792039e-01;3.620049e-02;5.766426e-02;1.591587e-02;1.889053e-02
3.499634e-02;6.698906e-02;8.339707e-02;3.396108e-02;4.586779e-02;2.131553e-01;1.938103e-01;2.132584e-01;5.014317e-02;3.467641e-02;1.072313e-02;1.902191e-02
3.661260e-02;7.271539e-02;9.013163e-02;1.811727e-02;4.476933e-02;2.112128e-01;2.340339e-01;1.925669e-01;3.524841e-02;4.353878e-02;1.315155e-02;7.901470e-03
3.714719e-02;7.116608e-02;7.135566e-02;2.223382e-02;4.569547e-02;1.814854e-01;3.023659e-01;1.545388e-01;3.240887e-02;5.607236e-02;1.521450e-02;1.031599e-02
1.288508e-02;5.850464e-02;5.322062e-02;2.232554e-02;4.145421e-02;2.446150e-01;2.566616e-01;1.890530e-01;3.747172e-02;5.236784e-02;2.208433e-02;9.356485e-03
2.937771e-02;5.586568e-02;6.163210e-02;2.737717e-02;8.069355e-02;2.934541e-01;1.355052e-01;2.061299e-01;3.142034e-02;4.891927e-02;1.810709e-02;1.151795e-02
6.378351e-02;5.984236e-02;6.427217e-02;1.823654e-02;8.694512e-02;3.395582e-01;1.165133e-01;1.498348e-01;2.727155e-02;3.719458e-02;3.051819e-02;6.029661e-03
4.352941e-02;4.801669e-02;5.896782e-02;1.479579e-02;5.091682e-02;3.965347e-01;1.727160e-01;1.391418e-01;2.006094e-02;2.505327e-02;2.400713e-02;6.259711e-03
1.635283e-02;6.026975e-02;6.434270e-02;1.336956e-02;4.534433e-02;2.717834e-01;2.933723e-01;1.648488e-01;2.058813e-02;1.901953e-02;1.954227e-02;1.116643e-02
2.149607e-02;8.929224e-02;1.263780e-01;4.491068e-02;4.389757e-02;2.174563e-01;2.209066e-01;1.378243e-01;1.822623e-02;3.449313e-02;2.803157e-02;1.708721e-02
2.148864e-02;1.518889e-01;2.339232e-01;6.807904e-02;3.385168e-02;1.569304e-01;1.161885e-01;8.209331e-02;2.847947e-02;5.949145e-02;2.860738e-02;1.897801e-02
2.200188e-02;2.336546e-01;2.600942e-01;6.367903e-02;3.652537e-02;6.952009e-02;7.213312e-02;7.204473e-02;6.938482e-02;6.389314e-02;2.015885e-02;1.691014e-02
2.719582e-02;2.708881e-01;1.842413e-01;4.358231e-02;3.500512e-02;8.903203e-02;5.107845e-02;1.130267e-01;1.076994e-01;4.536135e-02;2.051859e-02;1.237083e-02
5.393702e-02;1.947337e-01;1.321683e-01;3.078792e-02;4.359877e-02;1.263324e-01;5.254263e-02;2.100853e-01;9.607521e-02;2.104498e-02;2.960888e-02;9.084849e-03
8.126756e-02;9.559488e-02;9.659332e-02;1.696470e-02;5.825423e-02;9.764222e-02;7.054073e-02;3.494405e-01;6.931029e-02;1.737811e-02;3.874823e-02;8.265235e-03
7.856371e-02;6.329733e-02;7.231944e-02;1.108490e-02;7.000697e-02;6.946406e-02;6.842472e-02;4.399042e-01;5.766515e-02;2.579663e-02;3.771286e-02;5.759994e-03
6.340991e-02;1.000661e-01;1.134448e-01;1.461457e-02;7.162336e-02;3.817155e-02;2.252129e-02;4.213021e-01;7.703779e-02;3.861057e-02;3.329384e-02;5.904185e-03
4.071460e-02;1.803176e-01;1.213786e-01;1.885325e-02;4.747729e-02;6.428346e-02;3.407788e-02;3.085789e-01;1.034446e-01;5.000386e-02;2.401074e-02;6.859185e-03
3.659946e-02;2.085544e-01;1.286338e-01;2.997361e-02;2.722890e-02;1.189898e-01;4.782637e-02;2.280989e-01;1.083174e-01;4.160727e-02;1.737680e-02;6.793276e-03
3.395820e-02;1.591479e-01;1.473599e-01;4.246055e-02;2.619439e-02;1.711018e-01;1.038923e-01;1.658534e-01;8.544793e-02;3.835582e-02;1.328678e-02;1.294105e-02
2.019069e-02;9.428996e-02;1.909856e-01;6.529056e-02;5.583241e-02;1.247576e-01;9.865803e-02;1.609837e-01;6.887682e-02;7.000992e-02;2.127262e-02;2.885208e-02
1.435287e-02;1.200153e-01;1.943454e-01;5.313505e-02;5.227071e-02;7.801032e-02;3.866975e-02;1.101521e-01;8.105980e-02;1.899348e-01;2.517985e-02;4.287415e-02
8.014481e-03;1.306087e-01;1.841856e-01;1.982119e-02;2.672173e-02;6.903960e-02;1.908226e-02;8.996912e-02;6.275819e-02;2.745644e-01;5.890214e-02;5.633259e-02
1.312635e-02;1.496238e-01;1.775699e-01;9.788559e-03;1.731280e-02;7.497431e-02;1.759056e-02;8.027221e-02;7.285404e-02;2.479070e-01;6.879641e-02;7.018393e-02
1.565118e-02;1.856306e-01;2.049333e-01;9.774432e-03;1.419398e-02;8.439343e-02;2.580193e-02;7.864216e-02;9.932984e-02;1.378527e-01;4.317815e-02;1.006182e-01
1.950658e-02;1.738967e-01;2.574703e-01;1.008144e-02;1.142614e-02;8.820259e-02;3.077685e-02;6.969119e-02;8.339002e-02;1.011986e-01;1.759743e-02;1.367621e-01
1.924360e-02;1.416549e-01;2.467845e-01;1.026734e-02;8.708471e-03;1.049107e-01;4.323888e-02;5.492257e-02;7.570608e-02;1.171154e-01;1.157670e-02;1.658709e-01
1.734313e-02;1.542772e-01;1.932576e-01;1.084319e-02;1.500793e-02;1.287755e-01;3.879385e-02;5.290873e-02;8.502834e-02;1.064210e-01;6.822272e-03;1.905212e-01
1.549313e-02;1.807032e-01;1.725510e-01;1.058388e-02;1.329527e-02;1.478824e-01;1.754886e-02;4.975834e-02;7.614374e-02;9.477858e-02;6.648122e-03;2.146135e-01
1.189830e-02;1.913315e-01;1.449195e-01;9.459587e-03;1.225128e-02;1.705834e-01;3.879933e-02;3.366803e-02;9.463368e-02;6.065224e-02;1.360876e-02;2.181943e-01
1.058383e-02;2.113169e-01;1.029038e-01;9.286801e-03;9.864185e-03;2.068006e-01;2.658129e-02;3.401706e-02;1.148838e-01;2.738439e-02;2.190641e-02;2.244709e-01
1.431864e-02;2.525126e-01;9.311284e-02;1.409778e-02;5.767311e-03;1.922104e-01;1.170477e-02;3.827167e-02;1.372451e-01;2.385472e-02;2.108116e-02;1.958230e-01
1.703193e-02;3.323848e-01;7.399429e-02;2.424926e-02;8.034575e-03;1.540590e-01;1.116553e-02;3.538330e-02;1.700478e-01;1.664390e-02;1.335280e-02;1.436528e-01
4.150467e-02;3.995497e-01;5.939352e-02;2.758457e-02;1.264210e-02;1.215112e-01;1.952443e-02;2.985700e-02;1.837600e-01;1.660199e-02;1.002541e-02;7.804535e-02
8.253002e-02;3.761026e-01;7.468266e-02;2.619855e-02;2.140841e-02;1.032227e-01;2.228675e-02;4.912673e-02;1.609172e-01;4.133016e-02;8.941265e-03;3.325296e-02
1.109715e-01;2.894224e-01;6.716444e-02;2.198303e-02;3.398194e-02;9.406063e-02;1.580612e-02;1.285942e-01;1.209408e-01;7.604483e-02;1.479203e-02;2.623805e-02
1.071059e-01;1.505209e-01;6.377836e-02;1.479283e-02;4.075375e-02;7.057977e-02;7.401267e-02;2.592962e-01;8.393237e-02;6.267827e-02;3.713216e-02;3.541677e-02
9.773627e-02;8.687460e-02;8.371934e-02;1.733186e-02;4.902371e-02;9.707774e-02;1.530475e-01;2.796536e-01;4.581930e-02;1.847797e-02;3.436986e-02;3.686824e-02
8.500210e-02;9.928348e-02;1.010783e-01;2.527512e-02;4.699533e-02;1.051297e-01;1.594435e-01;2.146945e-01;6.858127e-02;2.829953e-02;2.448674e-02;4.173046e-02
9.614556e-02;1.566843e-01;9.776028e-02;2.867866e-02;3.104841e-02;1.070899e-01;1.091979e-01;1.631530e-01;1.048924e-01;3.030370e-02;2.333969e-02;5.170619e-02
1.247096e-01;1.856034e-01;1.283708e-01;2.061515e-02;1.739277e-02;1.327099e-01;4.027748e-02;1.762341e-01;9.540299e-02;2.264864e-02;2.042104e-02;3.561421e-02
1.721475e-01;2.141859e-01;1.396849e-01;1.019032e-02;2.743755e-02;1.060102e-01;4.476890e-02;1.654804e-01;5.373094e-02;1.700205e-02;2.361649e-02;2.574481e-02
2.391179e-01;2.281695e-01;1.390265e-01;8.898668e-03;3.829283e-02;6.138023e-02;2.607891e-02;1.583709e-01;3.301487e-02;1.916073e-02;2.726849e-02;2.122051e-02
3.044209e-01;1.583317e-01;9.654530e-02;8.867206e-03;5.067323e-02;5.090978e-02;3.174574e-02;1.955799e-01;3.616328e-02;2.729360e-02;1.906701e-02;2.040238e-02
3.059269e-01;1.183364e-01;6.985811e-02;6.291212e-03;5.311206e-02;6.879675e-02;4.701395e-02;2.160368e-01;3.125757e-02;3.023351e-02;3.043349e-02;2.270329e-02
2.562168e-01;1.415282e-01;5.470609e-02;1.846420e-02;4.068324e-02;8.987156e-02;2.095335e-02;1.965972e-01;4.412670e-02;4.190742e-02;3.793827e-02;5.700694e-02
1.927698e-01;1.218009e-01;4.261339e-02;3.591576e-02;2.252612e-02;1.126957e-01;3.623772e-02;1.598127e-01;5.005861e-02;8.119253e-02;3.700091e-02;1.073759e-01
1.358611e-01;1.502186e-01;1.279784e-01;3.797259e-02;2.809168e-02;8.874603e-02;4.127944e-02;1.246572e-01;5.017506e-02;8.547637e-02;2.749889e-02;1.020448e-01
1.141243e-01;2.692944e-01;1.713288e-01;2.560680e-02;2.850257e-02;6.466796e-02;4.887655e-02;8.122288e-02;4.993410e-02;5.642512e-02;3.025915e-02;5.975732e-02
9.764840e-02;2.825249e-01;2.049900e-01;1.628438e-02;2.209341e-02;9.066635e-02;9.199455e-02;4.915371e-02;4.170991e-02;4.443751e-02;3.060548e-02;2.789146e-02
7.630207e-02;2.501322e-01;2.183801e-01;9.416771e-03;2.219066e-02;1.138001e-01;1.194150e-01;3.221452e-02;5.319056e-02;3.623153e-02;2.623816e-02;4.248827e-02
7.634765e-02;2.257042e-01;2.153883e-01;1.560781e-02;2.171894e-02;1.066904e-01;8.766683e-02;7.535633e-02;8.238791e-02;3.502500e-02;1.423704e-02;4.386961e-02
8.327404e-02;2.596906e-01;2.112368e-01;1.942164e-02;1.950221e-02;8.524937e-02;6.827522e-02;7.567192e-02;6.799281e-02;5.617984e-02;1.728964e-02;3.621593e-02
8.763493e-02;2.591361e-01;2.372336e-01;2.266910e-02;1.375218e-02;5.844960e-02;7.735809e-02;7.028277e-02;7.075577e-02;5.805952e-02;1.350216e-02;3.116625e-02
6.032996e-02;2.323607e-01;2.970007e-01;2.633252e-02;1.553505e-02;5.155372e-02;6.464084e-02;7.902611e-02;6.698597e-02;5.224786e-02;1.556305e-02;3.842347e-02
5.301620e-02;2.145142e-01;3.629720e-01;1.834979e-02;2.132089e-02;6.167333e-02;5.977333e-02;6.262701e-02;4.206912e-02;4.299203e-02;2.216196e-02;3.853011e-02
5.053318e-02;1.867759e-01;3.100556e-01;6.606409e-02;4.195922e-02;9.616338e-02;3.969666e-02;5.125105e-02;4.825097e-02;3.675590e-02;3.749134e-02;3.500260e-02
3.196067e-02;1.207351e-01;1.673869e-01;8.671681e-02;1.202160e-01;2.030594e-01;2.852813e-02;6.056504e-02;4.143262e-02;3.517225e-02;4.355615e-02;6.067087e-02
4.900931e-02;7.647453e-02;7.326798e-02;5.370102e-02;1.619404e-01;3.211352e-01;3.421070e-02;5.645517e-02;3.737175e-02;2.315963e-02;2.583520e-02;8.743917e-02
6.001478e-02;6.786770e-02;9.700613e-02;2.055141e-02;1.277137e-01;4.613136e-01;8.625600e-03;3.322541e-02;3.270754e-02;1.323773e-02;1.074096e-02;6.699549e-02
1.112714e-01;4.889128e-02;6.611875e-02;1.793605e-02;6.783216e-02;5.511723e-01;4.142623e-02;1.793495e-02;1.817079e-02;2.178816e-02;1.018270e-02;2.727523e-02
1.502899e-01;3.000627e-02;3.864801e-02;2.147566e-02;2.925519e-02;5.475151e-01;7.510140e-02;3.006785e-02;8.262142e-03;4.396427e-02;9.100100e-03;1.631415e-02
1.245640e-01;4.189112e-02;4.906362e-02;2.367000e-02;2.637798e-02;4.718952e-01;1.374048e-01;4.266956e-02;7.002571e-03;4.982319e-02;6.567799e-03;1.907022e-02
7.354360e-02;5.778876e-02;5.522851e-02;2.256945e-02;1.249768e-02;4.230891e-01;1.804946e-01;6.784302e-02;1.567918e-02;5.668506e-02;1.086112e-02;2.371988e-02
4.710973e-02;3.989415e-02;4.900771e-02;1.885631e-02;7.749412e-02;3.598683e-01;1.699203e-01;7.403609e-02;3.253322e-02;7.086248e-02;1.518017e-02;4.523742e-02
4.243983e-02;6.726395e-02;5.795969e-02;5.307261e-02;1.465342e-01;3.213224e-01;7.353764e-02;6.466071e-02;4.926582e-02;5.262186e-02;1.714551e-02;5.417579e-02
4.764294e-02;1.037876e-01;1.171380e-01;5.193622e-02;1.230311e-01;3.335434e-01;2.188280e-02;5.124333e-02;4.649714e-02;3.589317e-02;1.813651e-02;4.926782e-02
6.168542e-02;1.020329e-01;1.221639e-01;3.512837e-02;6.814002e-02;2.592971e-01;8.093302e-02;9.779748e-02;5.282183e-02;4.638205e-02;2.593890e-02;4.767903e-02
6.087158e-02;7.413159e-02;4.243568e-02;1.566281e-02;2.910393e-02;1.807191e-01;2.385481e-01;2.175342e-01;4.228290e-02;3.759189e-02;3.730719e-02;2.381102e-02
3.490996e-02;6.310653e-02;3.671537e-02;6.848309e-03;2.726636e-02;1.300543e-01;3.029937e-01;2.987994e-01;3.590259e-02;1.596845e-02;3.288603e-02;1.454908e-02
2.154815e-02;6.506110e-02;2.392605e-02;3.663461e-03;2.590313e-02;1.318220e-01;3.628148e-01;2.843355e-01;2.501759e-02;1.285822e-02;3.415660e-02;8.893439e-03
3.639279e-02;5.815312e-02;1.417128e-02;8.052641e-03;1.647796e-02;2.041985e-01;3.952569e-01;1.603878e-01;1.410419e-02;5.561177e-02;3.125520e-02;5.937817e-03
6.279376e-02;3.940504e-02;2.030032e-02;1.259649e-02;1.498468e-02;3.380201e-01;2.869033e-01;5.294665e-02;7.192881e-03;1.453556e-01;1.342799e-02;6.073231e-03
7.492028e-02;2.399244e-02;2.426295e-02;1.287863e-02;2.659109e-02;4.363830e-01;1.147008e-01;3.548197e-02;8.505723e-03;2.260616e-01;1.029740e-02;5.924083e-03
6.486039e-02;2.944092e-02;1.822209e-02;1.311715e-02;3.578323e-02;4.500648e-01;5.787040e-02;5.091059e-02;1.583198e-02;2.457915e-01;1.333143e-02;4.775533e-03
3.856822e-02;3.527446e-02;1.555205e-02;1.371790e-02;2.439515e-02;3.693603e-01;2.037638e-01;7.543536e-02;2.214625e-02;1.633953e-01;3.171726e-02;6.673963e-03
2.398107e-02;5.161391e-02;4.219493e-02;1.497346e-02;1.648548e-02;2.722983e-01;2.634429e-01;1.532215e-01;3.442406e-02;6.168643e-02;5.289353e-02;1.278446e-02
2.153396e-02;4.637033e-02;5.294450e-02;3.002118e-02;5.783013e-02;2.990580e-01;2.008988e-01;1.268920e-01;5.093361e-02;6.039833e-02;3.627917e-02;1.684006e-02
2.439225e-02;4.979107e-02;3.630285e-02;2.309130e-02;6.488578e-02;4.681496e-01;1.197667e-01;7.654417e-02;5.883784e-02;4.795317e-02;1.183022e-02;1.845504e-02
2.809823e-02;3.020635e-02;2.318639e-02;1.609180e-02;6.474714e-02;5.060884e-01;1.065945e-01;1.248984e-01;3.085065e-02;4.564317e-02;8.926499e-03;1.466849e-02
3.259496e-02;5.188829e-02;3.916311e-02;1.670965e-02;6.823575e-02;4.521808e-01;1.208849e-01;1.005870e-01;1.652209e-02;7.340479e-02;1.055759e-02;1.727101e-02
4.502527e-02;6.480229e-02;8.280101e-02;1.957866e-02;5.072242e-02;2.939378e-01;1.678660e-01;1.435663e-01;2.685504e-02;7.088391e-02;1.381426e-02;2.014710e-02
3.799897e-02;7.425338e-02;9.178889e-02;2.169942e-02;3.785848e-02;2.658634e-01;2.147855e-01;1.673692e-01;1.962014e-02;4.139428e-02;1.042038e-02;1.694790e-02
2.604580e-02;7.222527e-02;4.789110e-02;2.427189e-02;3.736174e-02;2.759898e-01;2.300154e-01;1.161939e-01;5.925967e-02;6.575757e-02;3.190447e-02;1.308332e-02
2.675155e-02;5.975116e-02;4.160143e-02;3.583618e-02;3.509197e-02;1.762152e-01;1.552290e-01;1.458779e-01;1.923967e-01;6.579271e-02;4.826201e-02;1.719414e-02
2.337311e-02;4.013554e-02;3.978696e-02;4.304728e-02;2.073578e-02;1.402156e-01;8.943363e-02;2.082504e-01;3.026117e-01;3.697225e-02;3.395937e-02;2.147840e-02
2.056015e-02;3.565189e-02;3.002914e-02;4.594789e-02;1.120815e-02;1.221213e-01;9.022003e-02;2.178844e-01;3.596224e-01;3.062365e-02;1.741693e-02;1.871414e-02
2.099233e-02;4.336091e-02;4.318652e-02;6.048653e-02;1.029945e-02;8.182040e-02;1.084353e-01;1.529566e-01;4.142239e-01;3.314882e-02;1.721694e-02;1.387218e-02
2.231887e-02;3.696933e-02;5.408001e-02;7.586335e-02;1.469589e-02;1.276178e-01;1.177443e-01;1.564187e-01;3.346534e-01;3.250642e-02;1.381242e-02;1.331955e-02
3.197274e-02;2.592379e-02;3.861359e-02;8.573978e-02;2.735781e-02;1.861969e-01;1.125238e-01;1.427906e-01;2.813232e-01;4.167897e-02;1.242073e-02;1.345814e-02
3.943371e-02;3.330112e-02;4.428512e-02;7.546990e-02;4.290046e-02;1.979551e-01;5.146623e-02;1.681589e-01;2.664931e-01;5.032733e-02;1.446975e-02;1.573940e-02
3.765812e-02;5.011049e-02;4.353837e-02;5.262675e-02;4.871545e-02;1.173987e-01;4.431167e-02;1.671612e-01;2.990394e-01;1.005123e-01;2.579748e-02;1.313011e-02
3.008666e-02;5.543316e-02;5.002453e-02;3.614285e-02;4.170548e-02;1.180302e-01;5.348406e-02;1.309798e-01;2.678154e-01;1.704473e-01;3.578323e-02;1.006728e-02
2.965758e-02;4.870416e-02;4.842079e-02;2.834581e-02;3.792812e-02;1.930633e-01;1.108943e-01;8.692945e-02;1.799725e-01;1.960872e-01;3.637672e-02;3.620042e-03
2.674835e-02;2.020199e-02;6.190004e-02;2.797071e-02;2.351967e-02;2.130240e-01;1.369464e-01;1.003423e-01;1.643120e-01;1.839012e-01;3.313060e-02;8.002642e-03
2.667886e-02;5.603217e-02;8.651466e-02;5.002944e-02;1.944871e-02;1.423399e-01;1.062266e-01;7.568054e-02;1.821656e-01;1.990331e-01;4.301468e-02;1.283581e-02
3.118501e-02;6.175357e-02;7.785235e-02;5.926568e-02;3.090684e-02;1.660121e-01;6.863534e-02;1.391939e-01;1.799473e-01;1.420595e-01;3.275853e-02;1.042988e-02
3.887403e-02;4.515766e-02;2.965502e-02;4.232079e-02;5.162996e-02;3.291316e-01;3.892938e-02;1.749158e-01;1.521447e-01;7.404534e-02;1.611552e-02;7.080249e-03
4.037281e-02;6.363274e-02;4.204994e-02;1.637532e-02;3.695351e-02;4.438987e-01;8.671331e-02;9.052870e-02;9.452372e-02;6.115117e-02;1.462652e-02;9.173515e-03
4.099162e-02;6.278634e-02;6.561189e-02;1.480263e-02;2.533901e-02;4.592095e-01;1.516235e-01;4.140289e-02;6.764478e-02;4.395549e-02;1.455727e-02;1.207508e-02
3.718099e-02;6.163920e-02;4.602386e-02;1.518236e-02;1.861786e-02;4.752637e-01;1.369492e-01;7.284564e-02;7.390562e-02;3.410639e-02;1.605493e-02;1.223019e-02
2.397178e-02;5.040432e-02;4.349952e-02;2.950106e-02;1.344734e-02;4.191386e-01;1.268799e-01;1.131270e-01;1.062867e-01;4.775230e-02;1.360739e-02;1.238406e-02
4.387796e-02;7.702533e-02;7.574184e-02;4.341206e-02;1.768407e-02;3.811526e-01;4.027680e-02;9.556054e-02;1.301531e-01;6.139604e-02;1.661068e-02;1.710901e-02
3.825200e-02;6.951562e-02;6.907930e-02;3.314745e-02;2.854867e-02;3.153624e-01;1.360339e-01;1.362813e-01;9.923568e-02;4.281971e-02;1.386604e-02;1.785795e-02
2.505478e-02;6.104304e-02;5.382736e-02;2.731981e-02;4.093868e-02;2.972493e-01;1.677325e-01;1.424603e-01;1.045570e-01;5.053489e-02;1.389343e-02;1.538894e-02
3.947870e-02;5.645832e-02;6.005298e-02;2.742722e-02;3.990078e-02;3.450266e-01;9.787933e-02;9.569629e-02;1.012584e-01;8.740051e-02;2.987769e-02;1.954319e-02
3.343824e-02;4.813778e-02;4.454660e-02;3.018209e-02;1.518233e-02;3.407235e-01;1.237702e-01;1.368282e-01;6.536859e-02;1.014997e-01;3.291984e-02;2.740286e-02
3.540400e-02;5.645372e-02;5.929036e-02;4.680601e-02;3.835156e-02;3.299562e-01;8.490755e-02;1.159485e-01;9.505307e-02;8.772830e-02;2.315462e-02;2.694608e-02
4.025797e-02;7.521652e-02;1.168844e-01;5.236514e-02;3.725107e-02;3.257625e-01;5.058464e-02;6.880093e-02;1.163362e-01;4.682441e-02;3.309575e-02;3.662048e-02
3.191033e-02;1.142917e-01;1.498604e-01;5.634324e-02;5.598837e-02;2.433545e-01;2.542807e-02;6.519754e-02;9.522530e-02;5.817815e-02;6.089082e-02;4.333157e-02
2.166217e-02;1.206314e-01;1.669290e-01;5.566175e-02;4.871577e-02;2.143868e-01;2.869418e-02;9.301393e-02;7.469519e-02;6.545839e-02;6.418818e-02;4.596319e-02
1.932446e-02;1.154100e-01;1.381325e-01;7.559372e-02;5.742377e-02;1.818965e-01;4.008404e-02;1.503768e-01;7.006079e-02;5.642400e-02;5.443872e-02;4.083467e-02
2.246167e-02;8.786227e-02;1.609346e-01;1.927212e-01;1.208133e-01;5.160709e-02;4.721127e-02;1.603650e-01;4.061599e-02;4.123150e-02;4.645576e-02;2.772026e-02
1.869980e-02;9.209621e-02;2.212319e-01;2.314889e-01;1.240506e-01;1.021229e-01;2.605636e-02;7.815885e-02;2.153598e-02;3.391978e-02;3.840750e-02;1.223123e-02
2.072465e-02;1.685859e-01;3.344429e-01;1.754110e-01;9.288003e-02;3.941499e-02;1.972241e-02;4.064338e-02;2.960156e-02;4.693811e-02;2.128708e-02;1.034804e-02
3.846524e-02;2.621710e-01;3.200691e-01;9.892455e-02;5.552322e-02;2.539770e-02;2.246566e-02;5.426564e-02;5.292961e-02;4.235123e-02;1.594413e-02;1.149288e-02
8.197851e-02;2.589046e-01;2.306345e-01;5.229585e-02;5.603675e-02;5.404433e-02;3.750098e-02;1.136250e-01;5.640387e-02;2.531370e-02;1.952363e-02;1.373834e-02
1.178732e-01;1.201825e-01;1.748908e-01;3.923719e-02;6.236663e-02;8.920533e-02;6.148731e-02;2.163814e-01;5.818618e-02;2.444504e-02;1.659759e-02;1.914679e-02
1.143801e-01;7.389058e-02;9.943067e-02;4.540855e-02;5.554623e-02;9.033669e-02;5.340583e-02;2.958462e-01;8.366341e-02;4.773989e-02;1.134956e-02;2.900222e-02
8.695720e-02;9.785024e-02;1.103424e-01;4.667342e-02;4.056444e-02;4.231218e-02;9.327327e-02;2.799160e-01;8.693229e-02;6.301631e-02;7.938040e-03;4.422416e-02
6.639263e-02;1.087359e-01;1.376078e-01;6.564523e-02;1.732418e-02;7.685559e-02;1.121762e-01;2.353955e-01;8.053303e-02;5.626546e-02;9.126513e-03;3.394193e-02
7.694399e-02;9.288361e-02;8.416449e-02;9.834390e-02;3.087307e-02;8.152198e-02;1.165258e-01;2.396650e-01;9.836075e-02;4.278833e-02;9.987911e-03;2.794122e-02
9.053988e-02;1.007719e-01;1.239123e-01;8.748462e-02;2.679175e-02;7.351286e-02;8.953468e-02;2.489396e-01;1.010786e-01;3.082054e-02;7.481744e-03;1.913156e-02
1.176260e-01;1.122805e-01;1.211529e-01;6.342032e-02;4.942254e-02;5.343932e-02;7.442332e-02;2.571725e-01;9.776776e-02;2.469762e-02;8.642820e-03;1.995434e-02
1.275979e-01;1.528232e-01;1.212536e-01;3.678968e-02;5.754044e-02;3.676064e-02;1.014137e-01;2.309451e-01;6.938191e-02;2.509726e-02;1.202512e-02;2.837148e-02
1.044465e-01;1.076905e-01;1.684743e-01;4.570277e-02;5.350208e-02;9.382835e-02;1.018536e-01;1.746782e-01;4.477340e-02;4.218403e-02;1.888743e-02;4.397887e-02
5.315028e-02;1.436815e-01;2.160736e-01;5.055074e-02;3.339708e-02;1.498722e-01;7.428513e-02;1.207437e-01;5.033634e-02;4.706325e-02;2.186019e-02;3.898589e-02
5.987092e-02;1.416696e-01;2.321746e-01;3.495584e-02;3.787616e-02;1.708136e-01;6.304621e-02;1.262996e-01;5.268028e-02;3.474223e-02;2.429055e-02;2.158050e-02
6.777809e-02;1.598601e-01;2.319992e-01;5.730402e-02;3.996150e-02;1.410665e-01;3.011705e-02;1.371257e-01;6.529614e-02;2.390777e-02;2.545949e-02;2.012439e-02
9.136787e-02;1.085653e-01;1.943109e-01;6.366381e-02;6.562144e-02;1.212325e-01;6.659236e-02;1.142381e-01;8.816895e-02;2.661011e-02;2.603658e-02;3.359209e-02
8.970325e-02;2.281789e-01;1.468429e-01;8.354011e-02;6.035064e-02;8.190878e-02;5.385415e-02;1.187652e-01;7.765293e-02;2.101070e-02;1.687413e-02;2.131840e-02
6.762400e-02;1.892665e-01;1.694865e-01;1.004815e-01;5.252357e-02;8.691776e-02;3.626403e-02;1.589996e-01;8.288012e-02;2.261639e-02;1.364580e-02;1.929426e-02
7.376975e-02;1.811091e-01;1.018194e-01;1.167850e-01;4.320059e-02;1.325638e-01;6.125900e-03;1.718905e-01;9.802775e-02;2.938145e-02;1.524247e-02;3.008434e-02
7.085189e-02;1.852833e-01;1.456638e-01;1.195668e-01;3.109277e-02;1.115901e-01;4.028120e-02;1.225346e-01;9.254275e-02;3.281758e-02;1.656335e-02;3.121179e-02
7.042266e-02;1.106052e-01;1.124892e-01;1.280923e-01;8.461697e-02;9.781146e-02;7.332516e-02;1.080882e-01;1.107209e-01;4.167073e-02;2.882556e-02;3.333164e-02
6.548364e-02;1.570505e-01;1.234595e-01;6.988066e-02;8.186359e-02;1.064831e-01;5.112601e-02;1.214378e-01;1.227760e-01;3.488122e-02;4.119037e-02;2.436758e-02
5.703060e-02;1.394645e-01;1.250029e-01;3.801050e-02;8.278447e-02;1.097218e-01;3.062037e-02;1.551870e-01;1.131516e-01;6.268498e-02;5.404311e-02;3.229816e-02
5.559413e-02;1.098838e-01;7.021432e-02;4.751348e-02;1.184036e-01;1.182651e-01;3.008047e-02;1.600734e-01;1.165251e-01;9.579840e-02;4.876028e-02;2.888789e-02
4.608654e-02;1.306097e-01;9.481566e-02;3.553671e-02;1.342178e-01;1.071999e-01;4.999930e-02;1.107402e-01;1.451506e-01;9.763813e-02;2.584621e-02;2.215931e-02
4.809700e-02;1.251021e-01;9.105198e-02;5.639300e-02;1.367464e-01;9.845226e-02;7.257567e-02;7.840870e-02;1.787519e-01;8.050670e-02;1.621392e-02;1.770035e-02
4.839572e-02;1.101067e-01;1.212639e-01;6.956332e-02;1.102884e-01;9.245200e-02;8.819287e-02;9.487760e-02;1.765764e-01;5.978142e-02;1.153701e-02;1.696465e-02
4.556306e-02;1.321054e-01;9.439352e-02;5.111909e-02;9.400879e-02;1.242585e-01;6.333591e-02;1.536833e-01;1.662735e-01;4.661669e-02;1.125259e-02;1.738965e-02
6.047492e-02;1.457087e-01;3.845721e-02;4.816302e-02;8.874857e-02;1.631854e-01;4.072648e-02;1.975993e-01;1.374864e-01;3.686850e-02;2.387501e-02;1.870651e-02
4.888694e-02;1.117054e-01;1.742177e-01;4.460395e-02;8.461139e-02;1.131351e-01;3.549795e-02;1.759125e-01;1.320875e-01;3.295022e-02;2.158074e-02;2.481058e-02
3.632377e-02;9.740660e-02;2.591119e-01;9.690813e-02;8.303294e-02;3.901847e-02;4.828674e-02;1.365378e-01;1.374284e-01;3.221991e-02;1.348229e-02;2.024298e-02
3.686746e-02;1.220062e-01;3.235728e-01;8.862429e-02;5.423029e-02;6.091715e-02;4.405953e-02;1.038711e-01;1.059714e-01;3.047551e-02;1.407344e-02;1.533092e-02
4.001490e-02;1.639474e-01;3.218342e-01;9.047110e-02;4.734965e-02;5.227081e-02;2.033153e-02;1.122190e-01;9.651371e-02;3.080683e-02;1.536059e-02;8.880144e-03
5.165963e-02;1.538837e-01;2.663921e-01;1.158027e-01;3.117965e-02;2.265913e-02;5.519177e-02;1.249842e-01;1.000175e-01;4.462020e-02;1.151456e-02;2.209487e-02
6.963887e-02;1.927063e-01;1.667658e-01;8.306950e-02;3.341300e-02;6.166868e-02;5.152364e-02;1.436607e-01;1.151506e-01;4.472260e-02;1.428877e-02;2.339157e-02
7.702649e-02;2.761137e-01;1.113293e-01;3.066291e-02;4.996858e-02;1.298938e-01;2.696636e-02;1.446841e-01;9.745771e-02;2.012659e-02;1.857905e-02;1.719138e-02
7.080937e-02;2.166383e-01;1.770437e-01;5.229435e-02;3.902281e-02;1.617788e-01;3.458357e-02;1.058291e-01;7.377154e-02;3.220408e-02;2.002641e-02;1.599804e-02
6.992350e-02;1.844457e-01;1.490081e-01;7.812785e-02;1.902989e-02;1.442253e-01;4.167747e-02;1.587310e-01;7.978828e-02;4.112349e-02;1.872993e-02;1.518957e-02
5.882378e-02;1.507142e-01;1.162659e-01;6.807683e-02;4.143834e-02;1.720115e-01;8.324503e-02;1.714767e-01;7.024865e-02;3.365622e-02;1.626529e-02;1.777753e-02
7.289879e-02;1.180518e-01;6.949463e-02;4.402010e-02;5.535076e-02;1.848872e-01;8.420312e-02;1.871836e-01;9.886288e-02;4.079436e-02;1.756960e-02;2.668322e-02
6.182859e-02;1.834706e-01;1.739315e-01;4.753995e-02;4.490128e-02;9.647460e-02;4.631541e-02;1.741666e-01;8.539478e-02;4.158222e-02;2.393937e-02;2.045518e-02
5.330907e-02;2.123543e-01;2.302794e-01;4.501673e-02;3.931759e-02;1.169547e-01;6.272307e-02;1.326536e-01;5.653948e-02;2.558343e-02;1.703380e-02;8.234899e-03
5.839669e-02;1.792627e-01;2.210061e-01;5.692420e-02;3.768594e-02;8.938865e-02;4.757183e-02;1.470777e-01;9.652977e-02;2.933852e-02;1.654696e-02;2.027090e-02
6.251674e-02;2.087845e-01;1.928640e-01;9.274486e-02;5.906226e-02;6.007567e-02;3.581044e-02;1.495758e-01;7.441844e-02;2.605342e-02;1.484548e-02;2.324830e-02
5.410250e-02;2.075407e-01;2.278822e-01;9.123509e-02;7.967703e-02;7.878552e-02;4.485614e-02;1.239273e-01;4.966879e-02;1.741406e-02;1.102889e-02;1.388181e-02
5.463327e-02;1.195644e-01;2.656295e-01;1.149973e-01;9.172454e-02;6.467421e-02;3.002561e-02;1.385610e-01;7.901381e-02;2.007679e-02;1.036310e-02;1.073639e-02
4.719559e-02;1.349512e-01;2.767173e-01;6.362742e-02;6.426218e-02;7.351696e-02;4.231030e-02;1.680577e-01;8.124913e-02;1.863240e-02;1.602757e-02;1.345224e-02
5.074709e-02;1.715313e-01;2.360431e-01;4.455521e-02;5.532958e-02;7.206733e-02;4.934007e-02;1.805616e-01;7.696404e-02;2.851101e-02;1.708853e-02;1.726121e-02
