4.434779e-02;3.264696e-02;1.993232e-01;8.898713e-02;6.031514e-02;8.180223e-02;9.835985e-02;5.214875e-02;1.132918e-01;7.497226e-02;7.799681e-02;7.580802e-02
4.300195e-02;4.852205e-02;1.765851e-01;4.732511e-02;7.113957e-02;8.195328e-02;7.485830e-02;4.847873e-02;1.307335e-01;8.758096e-02;8.304427e-02;1.067772e-01
6.417640e-02;9.682690e-02;8.013786e-02;9.611496e-02;7.290825e-02;7.692050e-02;8.237670e-02;5.121470e-02;1.309853e-01;8.704729e-02;6.114260e-02;1.001485e-01
7.401887e-02;9.107611e-02;1.308707e-01;9.444589e-02;3.836876e-02;5.508696e-02;6.080693e-02;5.360722e-02;1.862479e-01;6.983469e-02;7.200730e-02;7.362863e-02
7.783294e-02;7.756776e-02;1.564183e-01;6.376779e-02;6.565414e-02;6.203411e-02;1.000288e-01;7.920527e-02;1.210044e-01;8.207189e-02;8.358872e-02;3.082587e-02
1.424943e-01;9.314980e-02;1.816352e-01;4.329019e-02;4.288613e-02;3.894542e-02;1.450479e-01;5.075639e-02;2.777697e-02;7.510631e-02;8.894888e-02;6.996250e-02
1.315190e-01;1.131677e-01;1.629898e-01;3.248044e-02;4.920515e-02;4.294789e-02;2.152982e-01;4.409073e-02;2.574577e-02;5.378039e-02;7.949162e-02;4.928347e-02
1.125285e-01;1.272477e-01;1.540098e-01;2.425763e-02;4.955862e-02;4.213320e-02;2.787243e-01;4.480658e-02;2.015604e-02;3.707523e-02;7.713223e-02;3.237005e-02
6.579765e-02;1.332168e-01;1.572361e-01;1.735936e-02;5.580865e-02;4.115435e-02;3.425710e-01;4.595571e-02;1.707461e-02;1.618876e-02;8.128767e-02;2.634921e-02
1.473090e-02;1.339999e-01;1.518631e-01;1.597193e-02;7.102149e-02;3.862733e-02;3.759000e-01;4.664850e-02;1.200250e-02;2.006957e-02;9.399132e-02;2.517349e-02
2.782345e-02;1.589520e-01;8.968727e-02;2.142421e-02;6.968860e-02;4.039432e-02;3.728850e-01;4.648484e-02;1.906747e-02;2.797841e-02;1.124777e-01;1.313677e-02
6.555182e-02;1.660175e-01;7.685659e-02;4.111118e-02;4.704923e-02;4.017600e-02;3.257490e-01;4.285797e-02;2.424041e-02;4.305959e-02;1.156584e-01;1.167245e-02
9.470455e-02;1.568679e-01;7.681772e-02;7.187361e-02;3.776559e-02;4.388164e-02;2.797885e-01;3.552643e-02;2.129526e-02;6.411013e-02;1.027609e-01;1.460776e-02
1.130549e-01;1.517744e-01;4.272543e-02;1.183783e-01;5.046444e-02;5.230087e-02;2.480651e-01;2.710722e-02;2.508956e-02;8.018840e-02;7.396299e-02;1.688835e-02
1.269897e-01;1.402687e-01;3.483103e-02;1.493940e-01;7.073244e-02;4.877571e-02;2.520561e-01;1.483015e-02;2.870112e-02;8.071633e-02;3.480230e-02;1.790245e-02
1.141454e-01;1.489646e-01;3.866499e-02;1.249760e-01;7.351199e-02;5.063726e-02;2.583996e-01;1.863710e-02;4.303420e-02;5.724678e-02;5.399919e-02;1.778295e-02
9.402101e-02;1.400726e-01;6.030297e-02;7.761052e-02;8.738293e-02;5.082853e-02;2.484458e-01;2.515116e-02;4.381688e-02;6.145627e-02;8.661967e-02;2.429165e-02
7.622383e-02;8.790246e-02;6.765132e-02;5.395192e-02;9.439761e-02;6.810109e-02;2.819199e-01;3.323728e-02;3.120796e-02;7.802384e-02;1.041789e-01;2.320387e-02
5.325931e-02;5.347151e-02;6.401430e-02;2.148170e-02;9.497759e-02;8.274177e-02;4.000254e-01;3.205374e-02;2.612842e-02;5.491570e-02;1.040088e-01;1.292182e-02
3.404951e-02;4.346234e-02;6.529356e-02;2.480389e-02;7.622758e-02;7.271690e-02;4.898665e-01;4.037433e-02;3.007437e-02;4.065141e-02;7.034529e-02;1.213438e-02
3.456436e-02;6.306999e-02;1.057388e-01;2.184751e-02;6.516384e-02;4.671211e-02;4.671565e-01;6.355018e-02;3.623392e-02;3.955594e-02;4.518291e-02;1.122399e-02
6.488117e-02;4.704684e-02;1.000545e-01;2.236900e-02;5.740947e-02;4.690411e-02;2.203266e-01;1.298477e-01;7.991581e-02;7.167051e-02;9.120611e-02;6.836827e-02
5.454873e-02;7.313823e-02;8.556799e-02;2.353779e-02;4.488771e-02;3.525122e-02;1.681047e-01;1.478725e-01;7.198834e-02;6.945008e-02;1.347521e-01;9.090059e-02
4.512405e-02;5.009922e-02;1.190084e-01;3.023811e-02;2.812655e-02;2.687160e-02;2.011583e-01;1.620410e-01;8.863580e-02;4.984988e-02;1.065438e-01;9.230327e-02
3.313015e-02;2.102456e-02;1.404667e-01;5.838900e-02;2.460761e-02;2.689345e-02;1.651464e-01;1.618655e-01;1.335112e-01;5.620947e-02;6.304938e-02;1.157066e-01
4.127937e-02;9.300789e-03;1.595614e-01;1.177775e-01;3.523927e-02;2.382290e-02;1.068659e-01;1.241419e-01;1.843403e-01;4.743254e-02;2.825958e-02;1.219786e-01
6.993063e-02;1.183941e-02;1.858733e-01;1.912012e-01;4.522529e-02;1.278808e-02;4.775594e-02;6.960730e-02;2.284986e-01;3.327978e-02;2.178509e-02;8.221537e-02
1.086182e-01;8.676434e-03;1.868742e-01;2.293901e-01;4.518309e-02;7.156024e-03;3.008111e-02;4.091321e-02;2.581985e-01;4.949737e-02;1.798759e-02;1.742426e-02
1.251876e-01;1.179800e-02;1.669050e-01;2.275443e-01;4.473376e-02;6.465403e-03;2.688809e-02;3.230416e-02;2.667381e-01;4.150691e-02;1.700642e-02;3.292227e-02
1.192478e-01;5.795976e-03;1.746174e-01;2.102032e-01;3.755078e-02;6.563460e-03;2.795431e-02;4.439605e-02;2.687264e-01;3.381478e-02;1.619129e-02;5.493849e-02
8.375288e-02;6.120188e-03;2.360461e-01;1.642891e-01;3.848440e-02;8.762126e-03;3.678073e-02;7.793765e-02;2.257153e-01;2.342813e-02;8.268690e-03;9.041470e-02
4.692027e-02;2.006741e-02;3.110549e-01;1.071104e-01;3.276521e-02;1.672247e-02;6.545629e-02;1.084903e-01;1.678175e-01;1.623835e-02;1.658623e-02;9.077058e-02
3.216274e-02;4.089538e-02;3.167976e-01;6.272030e-02;2.314368e-02;3.134577e-02;1.308897e-01;1.319082e-01;1.211568e-01;1.915357e-02;1.409352e-02;7.573275e-02
4.277868e-02;4.480782e-02;2.664764e-01;4.732155e-02;1.951594e-02;3.984651e-02;1.837956e-01;1.546772e-01;8.070344e-02;2.594467e-02;1.591077e-02;7.822140e-02
2.987258e-02;4.046591e-02;1.782437e-01;5.027532e-02;2.412505e-02;4.859190e-02;2.367349e-01;1.897814e-01;5.844862e-02;3.832876e-02;2.638452e-02;7.874730e-02
3.052854e-02;3.111709e-02;8.989199e-02;7.901473e-02;5.071608e-02;4.910179e-02;2.776610e-01;1.768204e-01;6.346253e-02;5.210566e-02;3.414657e-02;6.543358e-02
3.082565e-02;3.665783e-02;1.846165e-01;8.322562e-02;9.937636e-02;5.578214e-02;2.935891e-01;8.943219e-02;4.425111e-02;3.467793e-02;2.348269e-02;2.408290e-02
2.273046e-02;4.822740e-02;1.437528e-01;6.494474e-02;1.462443e-01;1.116280e-01;3.095935e-01;6.891229e-02;2.156357e-02;2.023749e-02;2.466712e-02;1.749827e-02
2.016265e-02;4.668567e-02;8.292022e-02;5.081291e-02;1.548104e-01;1.530632e-01;3.199720e-01;7.409798e-02;2.722465e-02;1.463058e-02;2.815580e-02;2.746386e-02
2.466518e-02;4.559856e-02;8.778183e-02;5.687495e-02;1.266861e-01;1.353516e-01;3.306181e-01;7.752541e-02;2.842635e-02;1.843828e-02;3.303624e-02;3.499728e-02
3.022736e-02;5.108046e-02;1.552006e-01;7.123931e-02;1.176555e-01;7.549953e-02;1.394208e-01;1.046621e-01;8.256979e-02;6.328075e-02;7.152118e-02;3.764251e-02
3.493676e-02;3.909716e-02;9.942701e-02;7.795688e-02;1.115303e-01;9.705362e-02;7.757506e-02;7.146204e-02;1.217242e-01;1.107066e-01;9.385685e-02;6.467343e-02
4.591960e-02;4.137418e-02;5.951842e-02;6.156176e-02;1.127069e-01;1.088202e-01;7.837643e-02;4.437774e-02;1.086738e-01;1.467101e-01;9.683228e-02;9.512848e-02
8.241580e-02;4.477381e-02;3.744584e-02;5.806748e-02;1.080092e-01;9.185203e-02;1.027684e-01;4.056214e-02;6.953351e-02;1.576344e-01;1.119687e-01;9.496862e-02
1.591010e-01;2.566963e-02;4.910361e-02;5.300669e-02;5.992125e-02;1.369525e-01;1.205968e-01;2.675490e-02;3.452973e-02;1.093698e-01;1.656516e-01;5.934255e-02
1.879303e-01;1.291986e-02;6.819078e-02;2.894657e-02;4.033642e-02;1.765099e-01;9.531568e-02;1.525766e-02;5.098726e-02;6.035710e-02;2.065842e-01;5.666427e-02
1.524436e-01;5.692548e-02;5.512320e-02;2.198859e-02;5.309896e-02;1.173698e-01;1.042818e-01;3.046393e-02;6.386839e-02;4.306518e-02;1.854079e-01;1.159633e-01
1.244396e-01;1.269246e-01;2.396401e-02;6.165496e-02;3.294716e-02;4.167239e-02;2.051543e-01;2.877402e-02;3.444587e-02;3.228798e-02;1.002553e-01;1.874799e-01
1.771432e-01;1.324009e-01;1.561014e-02;9.070623e-02;9.009157e-03;4.866194e-02;2.176163e-01;3.144781e-02;1.480680e-02;3.920867e-02;3.725976e-02;1.861291e-01
2.847917e-01;8.360905e-02;1.480785e-02;7.810780e-02;9.605711e-03;9.194157e-02;1.515660e-01;5.451291e-02;3.125846e-02;4.065974e-02;1.795851e-02;1.411807e-01
3.976606e-01;5.563780e-02;3.144683e-02;3.816328e-02;1.645709e-02;1.023038e-01;7.973228e-02;8.691767e-02;4.854893e-02;2.943628e-02;1.262910e-02;1.010663e-01
4.649980e-01;7.268689e-02;4.586638e-02;1.110719e-02;2.602385e-02;5.827340e-02;5.159406e-02;1.008364e-01;4.283231e-02;1.940027e-02;1.176099e-02;9.462038e-02
4.297542e-01;6.493210e-02;5.617891e-02;1.198875e-02;2.401268e-02;6.843979e-02;6.280714e-02;8.081043e-02;3.413609e-02;4.218712e-02;1.970214e-02;1.050507e-01
3.343644e-01;7.763836e-02;7.884519e-02;2.023470e-02;2.767943e-02;7.679680e-02;7.011546e-02;5.454479e-02;4.889775e-02;7.494321e-02;3.881402e-02;9.712595e-02
2.587993e-01;6.877275e-02;1.009539e-01;3.105279e-02;4.640203e-02;6.517083e-02;7.268932e-02;6.518889e-02;7.747848e-02;8.250479e-02;5.536652e-02;7.562040e-02
2.386496e-01;5.110126e-02;7.195395e-02;4.139814e-02;7.020187e-02;5.015191e-02;1.200747e-01;6.050682e-02;8.475463e-02;7.765432e-02;4.322444e-02;9.032834e-02
2.409846e-01;7.472289e-02;4.327447e-02;5.778398e-02;3.942038e-02;4.083658e-02;1.574122e-01;2.959710e-02;6.158641e-02;1.065375e-01;3.962262e-02;1.082213e-01
2.325639e-01;6.153651e-02;4.284678e-02;6.144683e-02;3.115897e-02;6.037375e-02;1.465201e-01;4.070051e-02;4.764012e-02;1.061608e-01;5.733741e-02;1.117143e-01
2.216681e-01;4.719297e-02;3.769154e-02;4.378930e-02;5.290460e-02;9.649449e-02;9.888841e-02;6.350329e-02;5.390079e-02;1.062321e-01;9.553170e-02;8.220272e-02
1.908154e-01;5.682569e-02;3.611560e-02;2.802404e-02;6.463726e-02;8.258189e-02;6.811291e-02;6.429342e-02;6.000798e-02;1.596660e-01;1.056447e-01;8.327514e-02
1.654170e-01;4.945115e-02;2.994966e-02;4.421240e-02;6.104929e-02;4.701418e-02;1.485967e-01;6.751959e-02;7.911665e-02;1.315934e-01;9.366247e-02;8.241751e-02
1.195772e-01;3.959109e-02;4.246910e-02;5.787445e-02;3.805031e-02;3.947617e-02;1.709675e-01;8.748960e-02;1.202200e-01;1.564949e-01;6.245839e-02;6.533126e-02
8.954505e-02;4.643806e-02;8.332346e-02;7.192022e-02;4.107184e-02;5.673182e-02;1.492784e-01;8.769053e-02;1.143017e-01;1.442762e-01;4.340418e-02;7.201847e-02
6.937063e-02;4.194182e-02;1.395815e-01;7.599140e-02;3.067868e-02;7.141046e-02;1.406382e-01;8.360927e-02;8.104896e-02;1.432024e-01;4.065701e-02;8.186967e-02
8.018428e-02;4.222064e-02;1.269719e-01;7.764667e-02;3.150519e-02;5.468434e-02;1.441695e-01;7.881174e-02;7.378430e-02;1.532149e-01;5.271598e-02;8.409060e-02
7.936058e-02;4.809396e-02;1.337317e-01;8.759739e-02;4.180498e-02;4.904842e-02;8.359358e-02;8.333564e-02;8.471807e-02;1.556213e-01;6.268205e-02;9.041228e-02
7.628326e-02;4.420215e-02;1.335085e-01;8.606810e-02;5.783210e-02;6.403488e-02;6.946652e-02;8.012907e-02;9.265347e-02;1.199026e-01;8.643211e-02;8.948719e-02
1.003442e-01;2.534400e-02;1.048983e-01;1.083206e-01;5.128126e-02;6.901351e-02;9.389318e-02;5.899185e-02;9.686087e-02;1.119451e-01;1.175040e-01;6.160322e-02
7.839853e-02;2.977429e-02;7.881093e-02;9.859856e-02;6.374753e-02;8.427050e-02;1.039093e-01;5.204349e-02;7.717892e-02;1.353377e-01;1.139036e-01;8.402660e-02
3.347777e-02;4.036646e-02;4.778090e-02;6.221412e-02;9.443048e-02;7.814511e-02;6.763574e-02;5.657661e-02;8.213404e-02;1.804747e-01;8.543812e-02;1.713260e-01
1.075376e-02;4.858303e-02;2.216376e-02;3.269112e-02;1.108832e-01;4.568489e-02;3.033466e-02;1.063018e-01;8.258769e-02;2.220713e-01;8.186422e-02;2.060805e-01
1.915483e-02;5.410910e-02;3.194642e-02;3.618518e-02;1.119814e-01;3.072431e-02;2.541802e-02;1.494599e-01;7.321914e-02;2.233397e-01;7.157742e-02;1.728846e-01
1.931888e-02;5.553395e-02;3.759321e-02;4.530093e-02;1.078387e-01;4.283908e-02;3.615175e-02;1.307277e-01;6.743825e-02;2.224993e-01;6.477453e-02;1.699836e-01
2.888534e-02;4.147221e-02;4.214348e-02;7.842063e-02;9.373832e-02;4.953146e-02;7.711846e-02;8.279010e-02;8.316486e-02;2.115867e-01;6.041660e-02;1.507318e-01
2.878542e-02;3.408109e-02;6.765521e-02;1.131767e-01;8.368082e-02;4.282225e-02;1.257516e-01;7.696828e-02;1.084970e-01;1.759844e-01;5.966859e-02;8.292864e-02
4.864518e-02;4.687706e-02;1.248028e-01;1.061398e-01;6.487060e-02;3.242975e-02;1.929476e-01;6.592783e-02;8.548658e-02;1.126434e-01;7.273819e-02;4.649132e-02
5.890657e-02;4.928415e-02;1.453595e-01;8.551512e-02;6.626882e-02;4.412879e-02;1.944894e-01;4.217767e-02;5.602017e-02;1.052125e-01;7.322911e-02;7.940816e-02
6.507611e-02;5.794156e-02;1.130305e-01;5.658155e-02;6.903204e-02;7.944791e-02;9.835357e-02;5.447903e-02;6.997804e-02;1.604818e-01;5.914392e-02;1.164539e-01
6.455098e-02;3.918016e-02;7.165110e-02;4.450248e-02;8.143816e-02;6.995076e-02;7.556963e-02;6.864220e-02;7.173682e-02;1.734933e-01;9.380777e-02;1.454767e-01
4.748823e-02;4.006797e-02;7.405289e-02;4.346200e-02;8.389274e-02;5.575302e-02;6.230622e-02;9.333267e-02;6.675777e-02;1.797694e-01;1.114219e-01;1.416951e-01
4.951014e-02;5.154444e-02;6.793197e-02;4.366485e-02;9.202807e-02;5.748892e-02;5.158121e-02;1.008327e-01;7.631584e-02;2.372442e-01;9.690583e-02;7.495170e-02
5.336218e-02;3.591292e-02;6.277195e-02;4.556257e-02;9.506810e-02;6.333752e-02;6.211624e-02;9.213993e-02;6.536585e-02;2.379139e-01;7.310874e-02;1.133401e-01
3.850789e-02;2.157324e-02;6.179708e-02;5.794692e-02;9.481107e-02;8.946338e-02;9.858361e-02;8.722511e-02;6.287778e-02;1.887825e-01;7.932081e-02;1.191107e-01
5.551017e-02;1.523590e-02;9.139365e-02;5.581706e-02;9.836870e-02;8.527599e-02;1.038499e-01;1.035181e-01;1.032219e-01;1.476291e-01;8.215291e-02;5.802663e-02
6.873654e-02;2.111502e-02;1.286290e-01;6.967521e-02;1.083612e-01;1.137103e-01;1.263882e-01;1.002103e-01;7.430990e-02;8.864469e-02;5.681866e-02;4.340106e-02
7.020732e-02;7.916682e-02;1.453895e-01;9.112888e-02;9.661904e-02;9.339470e-02;1.300181e-01;7.363116e-02;4.394878e-02;7.114114e-02;5.799361e-02;4.736096e-02
1.521051e-01;1.037271e-01;1.458665e-01;6.174996e-02;4.356461e-02;3.741580e-02;1.472622e-01;8.766333e-02;2.979640e-02;7.556528e-02;3.272106e-02;8.256256e-02
1.752670e-01;8.968755e-02;1.175481e-01;5.120368e-02;2.315176e-02;3.098451e-02;1.836950e-01;8.082952e-02;2.394650e-02;7.622065e-02;4.075038e-02;1.067153e-01
1.619879e-01;6.248755e-02;7.201917e-02;6.030568e-02;1.234955e-02;2.549591e-02;2.566495e-01;7.068259e-02;1.419379e-02;8.722053e-02;3.397431e-02;1.426334e-01
1.033795e-01;2.352246e-02;2.448869e-02;8.627950e-02;6.872555e-03;1.631409e-02;3.647723e-01;5.976053e-02;1.115811e-02;9.764206e-02;2.083291e-02;1.849774e-01
6.341439e-02;2.302053e-02;6.952399e-03;1.060276e-01;7.748561e-03;1.650647e-02;4.110877e-01;4.034038e-02;1.005573e-02;8.144681e-02;2.192762e-02;2.114718e-01
6.071027e-02;3.147095e-02;1.299956e-02;1.119574e-01;9.066095e-03;1.498688e-02;4.012632e-01;2.382204e-02;1.223198e-02;6.579261e-02;2.487641e-02;2.308226e-01
8.294360e-02;4.052686e-02;1.314783e-02;1.007374e-01;9.736015e-03;2.077279e-02;3.446881e-01;1.637300e-02;9.391960e-03;1.087768e-01;2.803039e-02;2.248752e-01
7.793874e-02;4.127352e-02;1.379194e-02;9.425099e-02;8.654314e-03;2.240821e-02;3.076439e-01;2.338735e-02;8.720268e-03;1.471079e-01;2.763742e-02;2.271855e-01
8.789957e-02;6.176440e-02;1.255162e-02;8.300426e-02;7.969448e-03;3.411640e-02;2.900637e-01;1.913690e-02;7.499100e-03;1.238525e-01;2.989100e-02;2.422510e-01
8.385769e-02;8.819645e-02;1.812394e-02;5.903004e-02;4.473849e-02;4.394988e-02;2.761793e-01;3.561889e-02;9.046281e-03;7.150876e-02;2.982721e-02;2.399231e-01
5.406544e-02;1.072082e-01;4.137206e-02;2.910147e-02;1.191630e-01;5.260824e-02;2.208633e-01;7.797522e-02;2.312760e-02;4.093636e-02;5.652371e-02;1.770554e-01
2.708912e-02;8.754393e-02;8.832879e-02;3.181316e-02;1.698957e-01;6.315605e-02;1.534644e-01;1.176218e-01;3.218675e-02;4.466414e-02;8.317244e-02;1.010637e-01
6.711745e-02;5.190952e-02;1.100705e-01;7.179690e-02;1.584392e-01;4.464493e-02;1.182873e-01;1.143964e-01;2.261247e-02;7.395835e-02;8.754754e-02;7.921944e-02
6.285205e-02;5.448699e-02;1.131191e-01;8.887524e-02;1.374309e-01;3.944878e-02;1.469678e-01;7.043486e-02;3.240951e-02;8.522148e-02;7.420342e-02;9.454996e-02
3.805730e-02;9.093530e-02;9.369400e-02;9.400489e-02;1.112089e-01;2.937640e-02;1.789238e-01;3.864421e-02;3.794000e-02;1.103400e-01;5.734517e-02;1.195299e-01
7.197996e-02;9.008042e-02;4.922103e-02;1.225004e-01;9.635691e-02;2.711593e-02;1.294941e-01;3.464829e-02;2.361269e-02;1.531514e-01;4.516001e-02;1.566789e-01
8.591703e-02;7.661037e-02;4.731496e-02;1.191485e-01;6.750356e-02;2.678331e-02;1.088847e-01;3.486886e-02;2.258118e-02;1.314520e-01;6.027978e-02;2.186557e-01
5.921323e-02;8.614527e-02;7.423193e-02;1.264262e-01;5.721113e-02;3.803389e-02;1.499133e-01;3.459800e-02;2.044122e-02;7.695842e-02;7.518491e-02;2.016425e-01
5.953294e-02;8.704706e-02;8.725610e-02;1.195719e-01;9.176789e-02;2.916952e-02;1.105112e-01;6.151819e-02;5.404769e-02;9.370842e-02;8.295472e-02;1.229144e-01
3.853249e-02;7.825585e-02;8.424331e-02;1.019294e-01;6.147405e-02;4.200630e-02;8.305970e-02;9.277422e-02;8.085123e-02;1.616389e-01;8.462424e-02;9.061030e-02
3.289540e-02;6.226966e-02;9.202203e-02;8.470719e-02;7.074649e-02;4.689614e-02;9.113222e-02;9.839505e-02;8.584573e-02;1.630169e-01;9.228519e-02;7.978795e-02
8.241413e-02;3.609643e-02;1.368926e-01;6.455832e-02;5.261799e-02;6.446015e-02;1.007687e-01;9.230706e-02;1.029160e-01;1.636665e-01;6.967828e-02;3.362372e-02
7.219830e-02;3.129792e-02;1.757103e-01;4.531657e-02;3.788402e-02;1.038884e-01;1.337436e-01;9.055661e-02;8.243810e-02;1.432000e-01;5.361863e-02;3.014748e-02
5.913012e-02;3.629849e-02;1.745538e-01;2.682129e-02;4.736322e-02;1.267981e-01;1.488633e-01;9.235270e-02;4.183623e-02;1.359607e-01;6.643512e-02;4.358695e-02
5.468173e-02;6.681715e-02;1.899563e-01;2.724812e-02;4.958439e-02;1.166642e-01;1.421538e-01;6.868613e-02;3.609411e-02;1.138916e-01;7.300756e-02;6.121491e-02
4.606827e-02;7.902452e-02;2.147296e-01;4.631961e-02;5.300371e-02;8.810008e-02;1.313435e-01;5.550922e-02;4.732181e-02;8.689065e-02;8.153359e-02;7.015549e-02
4.956116e-02;1.092000e-01;1.809507e-01;6.294288e-02;4.739089e-02;7.165732e-02;1.298977e-01;5.979912e-02;5.617136e-02;7.727045e-02;9.752896e-02;5.762946e-02
3.395712e-02;1.114936e-01;1.508349e-01;5.412612e-02;8.268343e-02;1.103283e-01;1.263293e-01;6.086793e-02;5.372185e-02;5.617520e-02;9.389553e-02;6.558670e-02
5.986718e-02;6.591773e-02;1.944322e-01;4.693585e-02;8.159261e-02;1.090624e-01;1.094331e-01;5.893207e-02;4.282033e-02;8.071357e-02;9.282021e-02;5.747272e-02
8.627025e-02;5.889602e-02;1.720556e-01;6.000914e-02;6.319019e-02;1.154995e-01;9.196644e-02;6.829067e-02;3.765527e-02;8.436211e-02;1.114079e-01;5.039681e-02
8.282392e-02;7.241891e-02;1.710945e-01;5.547240e-02;4.344286e-02;9.441940e-02;1.078122e-01;4.455900e-02;3.106059e-02;1.240536e-01;1.014675e-01;7.137509e-02
8.904430e-02;7.713353e-02;1.361463e-01;6.390940e-02;4.471854e-02;6.305054e-02;1.410607e-01;4.683553e-02;3.604832e-02;1.452539e-01;7.167780e-02;8.512127e-02
9.970842e-02;7.380180e-02;1.425261e-01;6.236307e-02;3.536234e-02;4.664562e-02;1.494019e-01;7.724826e-02;4.913685e-02;1.259593e-01;8.359947e-02;5.424683e-02
8.053868e-02;5.734913e-02;1.818022e-01;6.221016e-02;3.766375e-02;5.900336e-02;1.097429e-01;8.848220e-02;7.163954e-02;9.506680e-02;9.154432e-02;6.495690e-02
6.751988e-02;6.580096e-02;1.440620e-01;5.847534e-02;6.289034e-02;7.712460e-02;1.661118e-01;7.709963e-02;1.007072e-01;8.938573e-02;4.302421e-02;4.779835e-02
7.421422e-02;4.218670e-02;1.441622e-01;4.771080e-02;5.443251e-02;1.211588e-01;1.947700e-01;7.008383e-02;5.957551e-02;7.660331e-02;6.908562e-02;4.601652e-02
6.223000e-02;4.036495e-02;1.492096e-01;3.402563e-02;3.350118e-02;1.723432e-01;2.154141e-01;5.861341e-02;3.828096e-02;4.745310e-02;1.238169e-01;2.474699e-02
3.222926e-02;1.980438e-02;1.333686e-01;2.301928e-02;1.398856e-02;2.049460e-01;2.083278e-01;6.030253e-02;4.219824e-02;2.309727e-02;2.059548e-01;3.276322e-02
1.661438e-02;9.733496e-03;9.865735e-02;2.090914e-02;1.363683e-02;1.858609e-01;1.356252e-01;6.337993e-02;5.010538e-02;5.428473e-02;3.177667e-01;3.342595e-02
1.189267e-02;1.689926e-02;6.469995e-02;1.335054e-02;1.969084e-02;1.385473e-01;5.690556e-02;4.993345e-02;3.722940e-02;5.982802e-02;5.234871e-01;7.536023e-03
6.108292e-03;1.825390e-02;3.573398e-02;4.201281e-03;1.500277e-02;1.210912e-01;2.751113e-02;2.445203e-02;1.934748e-02;6.614470e-02;6.522560e-01;9.897225e-03
8.087928e-03;8.632123e-03;2.262077e-02;4.304493e-03;1.179373e-02;1.597222e-01;1.549828e-02;1.249214e-02;2.845351e-02;5.191003e-02;6.474130e-01;2.907178e-02
5.151760e-03;3.061719e-03;5.671815e-02;2.847984e-03;8.157050e-03;1.649119e-01;9.247603e-03;7.350774e-03;5.377113e-02;2.853823e-02;6.253194e-01;3.492434e-02
6.432440e-03;3.686321e-03;8.847518e-02;5.199999e-03;9.524434e-03;1.328475e-01;2.593211e-02;1.684224e-02;7.682039e-02;2.107318e-02;5.483760e-01;6.479024e-02
5.744054e-03;4.925545e-03;1.176651e-01;5.295943e-03;1.468035e-02;1.192250e-01;4.107736e-02;2.300862e-02;9.872112e-02;1.363014e-02;4.444153e-01;1.116115e-01
1.260767e-02;9.530810e-03;1.546500e-01;9.044005e-03;1.978063e-02;1.302947e-01;5.474199e-02;3.200965e-02;1.211812e-01;9.992564e-03;3.280821e-01;1.180846e-01
2.228153e-02;1.842147e-02;1.630237e-01;1.075963e-02;1.892567e-02;1.295077e-01;5.013550e-02;2.894318e-02;1.297442e-01;2.214392e-02;3.328579e-01;7.325561e-02
2.326777e-02;1.529535e-02;1.317201e-01;5.354594e-03;1.520152e-02;1.261129e-01;4.245408e-02;2.729489e-02;1.245235e-01;1.674134e-02;4.017911e-01;7.024280e-02
2.176150e-02;1.219946e-02;8.588555e-02;5.584478e-03;1.672868e-02;1.250369e-01;3.271399e-02;1.957855e-02;1.277404e-01;1.803700e-02;4.880621e-01;4.667132e-02
1.220042e-02;6.410614e-03;3.739068e-02;4.352095e-03;1.602685e-02;1.186228e-01;3.010590e-02;1.154575e-02;1.251643e-01;3.393932e-02;5.592896e-01;4.495158e-02
4.347045e-03;5.494943e-03;2.444034e-02;1.768583e-03;1.795292e-02;1.057328e-01;2.200679e-02;1.784219e-02;1.216671e-01;4.816435e-02;5.916073e-01;3.897560e-02
8.737071e-03;6.255250e-03;4.804741e-02;5.935530e-03;1.955686e-02;9.703731e-02;4.942986e-02;3.985990e-02;1.124854e-01;4.348629e-02;5.123960e-01;5.677319e-02
1.764348e-02;9.937670e-03;6.251126e-02;1.914805e-02;5.024514e-02;1.409921e-01;8.702788e-02;5.805672e-02;1.115645e-01;1.818935e-02;3.478814e-01;7.680246e-02
3.919063e-02;1.698482e-02;7.414084e-02;4.582321e-02;8.140221e-02;1.609753e-01;1.072244e-01;6.627173e-02;9.905492e-02;4.020914e-02;1.996366e-01;6.908634e-02
4.567936e-02;1.296841e-02;9.108997e-02;5.931003e-02;8.585075e-02;1.634543e-01;9.006345e-02;6.129873e-02;1.073681e-01;4.142490e-02;1.862641e-01;5.522797e-02
4.265318e-02;1.383358e-02;9.643757e-02;5.166410e-02;4.630889e-02;1.342601e-01;5.566614e-02;5.293896e-02;1.655282e-01;4.285508e-02;2.591767e-01;3.867749e-02
2.738652e-02;1.322800e-02;8.423910e-02;2.886927e-02;3.714326e-02;9.981965e-02;6.717020e-02;2.601678e-02;2.473640e-01;6.692676e-02;2.662034e-01;3.563301e-02
2.310328e-02;2.314533e-02;1.252089e-01;4.525267e-02;3.205337e-02;9.221008e-02;5.504603e-02;3.759073e-02;2.437959e-01;7.733216e-02;2.321642e-01;1.309731e-02
5.060429e-02;3.443308e-02;1.216897e-01;7.329134e-02;6.117413e-02;9.277216e-02;8.758420e-02;4.393824e-02;1.543337e-01;7.356438e-02;1.922399e-01;1.437486e-02
5.583904e-02;2.904030e-02;1.152754e-01;8.188154e-02;8.063921e-02;9.156196e-02;1.082408e-01;4.188037e-02;8.291526e-02;8.661975e-02;1.910311e-01;3.507516e-02
4.319742e-02;5.399698e-02;7.127409e-02;6.316045e-02;1.292009e-01;5.972210e-02;1.012162e-01;4.798414e-02;6.790783e-02;1.381760e-01;1.890327e-01;3.513128e-02
3.294544e-02;7.937508e-02;2.689347e-02;3.972038e-02;1.708605e-01;5.262852e-02;5.287855e-02;4.212993e-02;8.446154e-02;1.848250e-01;1.883795e-01;4.490204e-02
4.168563e-02;7.543569e-02;3.039363e-02;6.069716e-02;1.547790e-01;5.439694e-02;3.243036e-02;3.372433e-02;1.014602e-01;2.072361e-01;1.590122e-01;4.874871e-02
4.380217e-02;5.406724e-02;7.509352e-02;1.062113e-01;1.023721e-01;4.698683e-02;1.015469e-01;3.794117e-02;1.155830e-01;1.644309e-01;1.127386e-01;3.922625e-02
4.554931e-02;5.100115e-02;1.399781e-01;1.111282e-01;5.320477e-02;7.258472e-02;1.506331e-01;4.582819e-02;8.394117e-02;1.025190e-01;9.908911e-02;4.454314e-02
5.206845e-02;7.159269e-02;1.543732e-01;6.532296e-02;5.110516e-02;9.313638e-02;1.680050e-01;5.238275e-02;7.720383e-02;5.802976e-02;1.142466e-01;4.253317e-02
4.777107e-02;7.088160e-02;1.148682e-01;5.467492e-02;5.772515e-02;6.282338e-02;1.437133e-01;7.161566e-02;8.734741e-02;7.800679e-02;1.609332e-01;4.963941e-02
3.012356e-02;5.592614e-02;6.633976e-02;5.024965e-02;5.959035e-02;8.638665e-02;1.088000e-01;1.124610e-01;1.098145e-01;9.053900e-02;1.805473e-01;4.922210e-02
3.161845e-02;5.302752e-02;4.485178e-02;3.890545e-02;6.758201e-02;9.207892e-02;9.718514e-02;1.234411e-01;1.613616e-01;9.084111e-02;1.454963e-01;5.361055e-02
2.843514e-02;4.513831e-02;9.189347e-02;4.292012e-02;1.034032e-01;8.436695e-02;1.015169e-01;6.746227e-02;1.598016e-01;1.467143e-01;8.183973e-02;4.650792e-02
5.123347e-02;3.374274e-02;8.908645e-02;4.324601e-02;1.193106e-01;1.103757e-01;1.418155e-01;6.562552e-02;1.094019e-01;1.374107e-01;5.274424e-02;4.600733e-02
4.883389e-02;2.646401e-02;8.493711e-02;6.779291e-02;1.055568e-01;1.318328e-01;1.438795e-01;7.834727e-02;1.120877e-01;1.185896e-01;3.630506e-02;4.537333e-02
3.767664e-02;2.949618e-02;1.121771e-01;6.611181e-02;6.512136e-02;1.406889e-01;1.110237e-01;8.602039e-02;1.355727e-01;1.221233e-01;3.660464e-02;5.738321e-02
4.919757e-02;4.773203e-02;1.247087e-01;5.325488e-02;5.951371e-02;1.046686e-01;6.578244e-02;1.016586e-01;1.147832e-01;1.292132e-01;8.564789e-02;6.383913e-02
7.164919e-02;7.395017e-02;1.169840e-01;8.696347e-02;6.708141e-02;8.709611e-02;8.251295e-02;8.359236e-02;1.020096e-01;7.996026e-02;9.213641e-02;5.606401e-02
9.751187e-02;9.995251e-02;1.160921e-01;9.805031e-02;6.091629e-02;6.798168e-02;8.125335e-02;6.762818e-02;8.910777e-02;6.102586e-02;8.786490e-02;7.261514e-02
1.123502e-01;1.267229e-01;1.148115e-01;1.147988e-01;5.635445e-02;5.999563e-02;6.371628e-02;5.121811e-02;7.968174e-02;5.552876e-02;8.367988e-02;8.114170e-02
7.333478e-02;8.045837e-02;6.074411e-02;7.544691e-02;9.819886e-02;6.253737e-02;8.013186e-02;1.162377e-01;9.544491e-02;1.097023e-01;6.586905e-02;8.189366e-02
4.657060e-02;2.405632e-02;7.143266e-02;5.882331e-02;1.463022e-01;6.462859e-02;9.787852e-02;1.660238e-01;1.116352e-01;1.283154e-01;3.345310e-02;5.088025e-02
3.773917e-02;3.728315e-02;9.085938e-02;7.145385e-02;1.543042e-01;6.055858e-02;1.089493e-01;1.680328e-01;8.535301e-02;1.038972e-01;3.836365e-02;4.320575e-02
2.825101e-02;4.032306e-02;1.553956e-01;1.347304e-01;1.458120e-01;8.303259e-02;9.220681e-02;1.016999e-01;5.641050e-02;6.565451e-02;6.208967e-02;3.439399e-02
2.237011e-02;5.240759e-02;1.860171e-01;1.867209e-01;1.135382e-01;1.037528e-01;8.489692e-02;6.070000e-02;4.813441e-02;5.851482e-02;5.307389e-02;2.987324e-02
3.912408e-02;7.438879e-02;2.222378e-01;1.790269e-01;7.806353e-02;9.003628e-02;9.411451e-02;4.225111e-02;5.844489e-02;5.380074e-02;4.549305e-02;2.301835e-02
8.801524e-02;1.190434e-01;1.809603e-01;1.041005e-01;7.753945e-02;6.297775e-02;8.149831e-02;3.500119e-02;8.413514e-02;1.075487e-01;4.242887e-02;1.675105e-02
7.909806e-02;1.211143e-01;9.433813e-02;5.474764e-02;1.206312e-01;6.474271e-02;4.497175e-02;3.141605e-02;6.581011e-02;2.359171e-01;6.551254e-02;2.170042e-02
3.599395e-02;9.843832e-02;3.313315e-02;2.365053e-02;1.661240e-01;9.627363e-02;1.939172e-02;2.805443e-02;5.820453e-02;3.749444e-01;5.112479e-02;1.466653e-02
9.443348e-03;5.058496e-02;1.865419e-02;2.344854e-02;1.635338e-01;1.454805e-01;1.662502e-02;3.232650e-02;1.107109e-01;3.437763e-01;7.532061e-02;1.009536e-02
6.863379e-03;2.475999e-02;4.194646e-02;1.580410e-02;1.646638e-01;2.458654e-01;2.851825e-02;2.579864e-02;7.647864e-02;2.353258e-01;1.251852e-01;8.790298e-03
7.747413e-03;1.625671e-02;4.479385e-02;8.134202e-03;1.630885e-01;3.696938e-01;6.317667e-02;1.483078e-02;2.079791e-02;9.607763e-02;1.800761e-01;1.532656e-02
1.669409e-02;1.929646e-02;3.679409e-02;1.204070e-02;1.525149e-01;3.939757e-01;5.670931e-02;1.581834e-02;1.744188e-02;7.167254e-02;1.926166e-01;1.442543e-02
1.146461e-02;1.243680e-02;4.534209e-02;2.455940e-02;1.690935e-01;4.059797e-01;1.745577e-02;1.717473e-02;1.301068e-02;6.907769e-02;2.046401e-01;9.764898e-03
1.512161e-02;1.341380e-02;5.272618e-02;2.123432e-02;1.470738e-01;3.869739e-01;3.382062e-02;8.037204e-03;1.561337e-02;8.764981e-02;2.044558e-01;1.387955e-02
1.972201e-02;7.318556e-03;5.267224e-02;1.478587e-02;1.019300e-01;3.690165e-01;3.888781e-02;9.893700e-03;2.201975e-02;1.245483e-01;2.134013e-01;2.580398e-02
2.047161e-02;9.544522e-03;6.850752e-02;1.435252e-02;6.131736e-02;3.125971e-01;6.088707e-02;1.383312e-02;3.832423e-02;1.388205e-01;2.242076e-01;3.713693e-02
4.071553e-02;1.951556e-02;7.558752e-02;2.420214e-02;5.221480e-02;1.858558e-01;1.507173e-01;1.299866e-02;5.530022e-02;1.182150e-01;1.910031e-01;7.367449e-02
6.940936e-02;2.659975e-02;7.987759e-02;4.279210e-02;4.232262e-02;8.874482e-02;2.537395e-01;2.836090e-02;4.174992e-02;7.631391e-02;1.205492e-01;1.295402e-01
1.620173e-01;1.637140e-02;4.672268e-02;7.426529e-02;2.606518e-02;4.282317e-02;2.692067e-01;4.362429e-02;1.833013e-02;5.897873e-02;8.014331e-02;1.614518e-01
2.552809e-01;2.170845e-02;3.697319e-02;7.736126e-02;1.339400e-02;4.132619e-02;1.942704e-01;6.998773e-02;2.432207e-02;7.258096e-02;5.047926e-02;1.423156e-01
3.569452e-01;5.923764e-02;4.376804e-02;4.560054e-02;2.953725e-02;4.606522e-02;9.517010e-02;1.127132e-01;3.322916e-02;5.514128e-02;2.472667e-02;9.786572e-02
4.086544e-01;8.696023e-02;6.932221e-02;1.933322e-02;6.470697e-02;3.583289e-02;4.206197e-02;1.364592e-01;2.212823e-02;2.904577e-02;2.293818e-02;6.255674e-02
3.950484e-01;1.181209e-01;9.595937e-02;9.922567e-03;8.243862e-02;2.825300e-02;2.403236e-02;1.253732e-01;3.001677e-02;2.379801e-02;2.862737e-02;3.840940e-02
3.266985e-01;1.540199e-01;1.371742e-01;9.345943e-03;6.274071e-02;2.069119e-02;3.920901e-02;8.438729e-02;6.691687e-02;4.850664e-02;2.433663e-02;2.597312e-02
2.343599e-01;1.709282e-01;1.928887e-01;1.080331e-02;3.299900e-02;3.442627e-02;3.898024e-02;5.433498e-02;1.223127e-01;7.505738e-02;1.780622e-02;1.510313e-02
1.327528e-01;1.641479e-01;2.503648e-01;1.899484e-02;1.801331e-02;5.618482e-02;2.611188e-02;3.274703e-02;2.046458e-01;6.969125e-02;1.135957e-02;1.498602e-02
1.052574e-02;1.399811e-01;2.847146e-01;2.377375e-02;1.409088e-02;7.059582e-02;2.032834e-02;1.580716e-02;3.163325e-01;6.131385e-02;1.946582e-02;2.307033e-02
8.348845e-02;1.024876e-01;2.246019e-01;1.584759e-02;2.998198e-02;4.252229e-02;3.199469e-02;3.562077e-02;2.982757e-01;8.494256e-02;2.698347e-02;2.325296e-02
1.001626e-01;5.621330e-02;2.409405e-01;1.023133e-02;6.905016e-02;2.750142e-02;4.449458e-02;9.424520e-02;2.094444e-01;8.495716e-02;4.079341e-02;2.196581e-02
1.090312e-01;2.584756e-02;2.794485e-01;1.285098e-02;1.124560e-01;3.059876e-02;3.603163e-02;1.589029e-01;1.193618e-01;5.216231e-02;4.894808e-02;1.436035e-02
1.394221e-01;3.739906e-02;2.402972e-01;1.514583e-02;1.351243e-01;2.544137e-02;2.870074e-02;2.030902e-01;7.524262e-02;4.137724e-02;4.081879e-02;1.794044e-02
1.808004e-01;3.759103e-02;2.129807e-01;1.685543e-02;1.228625e-01;1.601799e-02;2.349789e-02;2.329075e-01;5.732306e-02;4.038831e-02;3.181120e-02;2.696398e-02
1.636321e-01;8.449653e-02;1.878463e-01;2.044704e-02;9.323625e-02;1.648832e-02;4.953058e-02;1.982262e-01;9.364945e-02;3.119849e-02;3.626947e-02;2.497922e-02
1.058000e-01;1.414097e-01;1.981604e-01;3.379544e-02;6.501494e-02;3.014124e-02;5.548316e-02;1.221075e-01;1.709682e-01;3.175625e-02;2.697754e-02;1.838555e-02
8.007724e-02;1.676131e-01;1.727396e-01;5.259794e-02;2.977788e-02;5.846182e-02;3.029282e-02;7.455318e-02;2.618279e-01;4.753009e-02;1.672379e-02;7.804632e-03
5.929454e-02;1.463993e-01;1.048813e-01;4.787816e-02;4.445217e-02;1.182460e-01;1.991462e-02;4.775076e-02;3.377053e-01;4.782494e-02;1.877325e-02;6.879714e-03
1.077755e-01;9.798610e-02;5.094276e-02;2.167271e-02;6.378600e-02;1.545400e-01;1.292163e-02;1.016699e-01;3.249271e-01;2.806763e-02;2.667286e-02;9.037767e-03
1.842695e-01;5.549644e-02;3.255726e-02;6.960124e-03;1.189154e-01;8.508005e-02;1.364133e-02;2.294262e-01;2.071955e-01;2.250040e-02;3.231933e-02;1.163854e-02
2.276369e-01;2.500700e-02;2.682592e-02;1.477499e-02;1.141006e-01;2.722981e-02;4.699637e-02;3.530839e-01;1.043388e-01;1.843737e-02;1.815898e-02;2.340927e-02
1.907038e-01;1.630237e-02;2.372831e-02;4.501531e-02;5.639917e-02;1.424101e-02;1.243210e-01;3.401749e-01;5.043686e-02;3.258886e-02;1.379319e-02;9.229519e-02
1.083188e-01;1.314711e-02;2.957422e-02;7.551863e-02;1.687785e-02;2.058045e-02;2.148734e-01;2.076269e-01;4.643992e-02;4.087908e-02;3.617654e-02;1.899871e-01
3.975645e-02;1.530794e-02;6.356773e-02;6.638823e-02;1.411613e-02;6.017577e-02;2.070073e-01;8.189680e-02;9.258915e-02;3.973090e-02;1.164045e-01;2.030591e-01
2.337019e-02;3.962802e-02;9.190412e-02;3.361199e-02;3.121413e-02;9.357223e-02;1.017350e-01;7.640542e-02;1.204949e-01;6.749180e-02;1.998527e-01;1.207195e-01
1.555006e-02;9.563848e-02;5.973749e-02;2.067585e-02;6.713212e-02;6.833855e-02;3.660656e-02;1.834043e-01;7.560077e-02;1.518153e-01;1.683853e-01;5.711517e-02
5.161144e-02;1.057433e-01;2.976909e-02;3.385736e-02;8.685898e-02;3.132388e-02;5.284201e-02;1.781363e-01;1.122427e-01;1.894782e-01;8.350768e-02;4.462902e-02
1.115089e-01;6.532177e-02;2.622526e-02;7.424352e-02;5.230229e-02;1.649503e-02;9.298839e-02;1.033350e-01;2.269901e-01;1.384580e-01;5.009166e-02;4.204015e-02
1.152868e-01;3.042693e-02;5.235891e-02;9.466337e-02;2.143828e-02;3.454781e-02;8.038073e-02;1.058723e-01;2.814128e-01;7.355901e-02;4.334499e-02;6.670810e-02
6.733045e-02;1.600696e-02;9.618893e-02;6.172840e-02;1.801962e-02;5.712155e-02;5.575537e-02;2.019722e-01;1.864757e-01;5.808789e-02;3.589810e-02;1.454148e-01
2.435137e-02;2.205725e-02;1.296934e-01;2.445144e-02;1.649353e-02;4.520905e-02;7.020346e-02;2.852602e-01;8.755094e-02;7.373875e-02;3.691578e-02;1.840748e-01
1.826564e-02;2.886304e-02;1.341151e-01;2.663600e-02;4.095078e-02;2.459868e-02;9.673804e-02;2.733836e-01;5.374883e-02;8.021840e-02;6.722759e-02;1.552542e-01
3.002181e-02;4.706911e-02;1.145836e-01;3.929313e-02;7.561805e-02;1.864906e-02;1.512640e-01;2.019982e-01;3.616787e-02;6.192329e-02;1.406169e-01;8.279506e-02
3.541921e-02;9.015780e-02;7.633126e-02;3.206050e-02;1.068645e-01;1.898441e-02;2.249372e-01;1.068069e-01;3.803925e-02;3.626207e-02;2.027421e-01;3.139486e-02
2.206613e-02;1.241191e-01;5.075581e-02;1.825882e-02;9.474971e-02;2.746717e-02;2.512601e-01;7.963706e-02;5.418693e-02;2.954189e-02;2.218562e-01;2.610099e-02
1.286481e-02;1.467328e-01;3.387748e-02;8.827791e-03;6.123437e-02;2.738037e-02;2.606808e-01;8.045106e-02;1.039273e-01;3.265263e-02;2.147056e-01;1.666499e-02
1.345743e-02;1.697431e-01;2.151499e-02;8.478815e-03;3.528668e-02;2.329876e-02;2.698635e-01;6.355657e-02;1.369452e-01;4.215861e-02;2.055999e-01;1.009631e-02
1.423138e-02;1.895085e-01;1.491033e-02;1.015654e-02;3.130883e-02;2.449269e-02;2.601411e-01;6.545994e-02;1.412161e-01;4.068565e-02;2.009540e-01;6.934973e-03
1.759756e-02;1.919883e-01;1.670438e-02;1.069971e-02;4.574598e-02;2.960047e-02;2.470610e-01;5.796051e-02;1.261758e-01;2.883076e-02;2.191327e-01;8.502773e-03
1.550151e-02;1.777357e-01;2.396076e-02;5.921253e-03;6.763858e-02;3.348408e-02;2.427948e-01;4.976055e-02;1.036574e-01;2.901652e-02;2.396832e-01;1.084564e-02
2.523912e-02;1.440661e-01;3.755634e-02;1.198273e-02;8.319569e-02;3.092270e-02;2.304298e-01;6.084758e-02;8.309598e-02;2.744861e-02;2.455942e-01;1.962113e-02
2.539482e-02;8.406479e-02;8.783303e-02;2.171276e-02;7.451940e-02;2.173656e-02;1.940296e-01;1.196281e-01;5.611574e-02;4.983954e-02;2.062357e-01;5.888996e-02
1.858306e-02;2.053760e-02;1.598881e-01;2.297129e-02;4.158727e-02;2.919581e-02;1.210544e-01;2.139086e-01;3.343848e-02;1.009683e-01;1.020531e-01;1.358140e-01
1.000238e-02;1.788386e-02;1.856530e-01;1.587757e-02;1.407567e-02;5.628191e-02;8.240021e-02;2.564098e-01;3.750815e-02;1.114780e-01;2.195001e-02;1.904795e-01
9.360979e-03;2.074784e-02;1.637415e-01;1.756995e-02;1.426908e-02;9.283878e-02;7.737433e-02;2.356438e-01;5.324642e-02;8.126461e-02;1.895478e-02;2.149879e-01
3.944374e-02;2.659038e-02;1.211459e-01;5.678175e-02;3.685717e-02;1.060667e-01;5.407348e-02;1.677815e-01;1.152656e-01;4.245579e-02;3.481354e-02;1.987245e-01
1.076937e-01;2.163877e-02;6.422959e-02;1.181629e-01;4.629410e-02;6.296907e-02;4.412556e-02;7.383769e-02;2.519726e-01;2.466762e-02;7.669955e-02;1.077089e-01
1.734491e-01;1.107133e-02;2.432956e-02;1.466267e-01;2.906195e-02;2.726294e-02;6.412759e-02;4.646046e-02;3.322516e-01;2.717096e-02;9.209978e-02;2.608805e-02
2.251196e-01;6.151572e-03;2.407688e-02;1.330924e-01;1.652021e-02;1.613406e-02;9.991267e-02;2.761718e-02;3.451210e-01;2.577297e-02;7.302607e-02;7.455362e-03
2.552608e-01;1.082654e-02;3.338147e-02;9.685817e-02;2.047698e-02;1.678677e-02;1.335295e-01;2.209550e-02;3.203270e-01;4.062804e-02;4.280335e-02;7.025863e-03
2.508867e-01;1.521718e-02;4.827781e-02;6.749507e-02;3.381725e-02;3.312526e-02;1.348414e-01;1.733871e-02;2.819729e-01;6.758370e-02;3.716157e-02;1.228242e-02
2.033681e-01;2.699835e-02;6.599844e-02;4.931924e-02;5.323026e-02;5.431461e-02;1.200612e-01;1.484443e-02;2.399229e-01;1.224266e-01;2.941702e-02;2.009881e-02
1.409629e-01;3.807442e-02;6.899503e-02;4.172790e-02;7.409927e-02;7.641709e-02;1.123547e-01;1.119035e-02;2.192906e-01;1.628950e-01;3.006219e-02;2.393043e-02
1.077629e-01;4.301499e-02;6.921457e-02;4.850559e-02;7.927044e-02;7.829476e-02;9.323332e-02;1.278104e-02;2.258583e-01;1.912000e-01;2.306161e-02;2.780249e-02
9.839804e-02;4.379953e-02;7.107100e-02;5.737058e-02;8.536980e-02;6.958266e-02;7.421599e-02;1.615376e-02;2.324810e-01;1.974808e-01;2.519103e-02;2.888582e-02
1.128319e-01;2.865323e-02;8.143264e-02;6.972066e-02;7.562179e-02;5.063971e-02;7.144417e-02;2.006599e-02;2.630400e-01;1.578833e-01;4.044554e-02;2.822101e-02
1.359793e-01;1.767198e-02;7.012501e-02;1.145183e-01;5.780554e-02;3.298594e-02;6.896432e-02;2.823462e-02;3.090062e-01;1.067531e-01;3.835176e-02;1.960392e-02
1.445063e-01;1.074957e-02;7.060197e-02;1.408666e-01;4.921670e-02;2.557511e-02;6.140799e-02;2.614402e-02;3.218879e-01;7.211555e-02;5.854682e-02;1.838140e-02
1.422044e-01;1.291479e-02;6.900090e-02;1.426466e-01;4.182586e-02;1.838459e-02;6.844832e-02;2.131125e-02;3.097295e-01;5.707224e-02;9.568014e-02;2.078145e-02
1.256894e-01;1.700703e-02;6.872335e-02;1.525697e-01;4.129133e-02;1.229868e-02;7.250384e-02;3.092211e-02;2.820144e-01;5.465487e-02;1.196065e-01;2.271882e-02
9.048050e-02;1.210440e-02;9.156379e-02;1.630607e-01;5.504553e-02;1.684216e-02;5.669156e-02;2.403771e-02;2.528379e-01;6.035114e-02;1.385412e-01;3.844336e-02
8.363529e-02;1.111823e-02;1.159850e-01;1.288848e-01;7.159004e-02;1.625739e-02;7.924144e-02;6.314481e-02;1.601225e-01;9.148512e-02;1.127067e-01;6.582875e-02
7.318671e-02;1.308579e-02;1.078899e-01;7.701882e-02;7.048244e-02;3.961129e-02;9.535202e-02;7.267286e-02;1.842996e-01;9.768349e-02;1.071976e-01;6.151956e-02
3.658614e-02;2.674370e-02;8.976434e-02;4.086581e-02;7.783999e-02;5.151474e-02;1.264666e-01;6.648812e-02;2.160545e-01;1.014714e-01;1.097789e-01;5.642577e-02
4.508716e-02;3.678550e-02;6.846058e-02;7.231691e-02;9.373069e-02;4.172876e-02;1.703634e-01;4.382910e-02;1.713489e-01;1.058054e-01;1.090581e-01;4.148554e-02
8.695381e-02;3.695427e-02;4.959292e-02;7.658534e-02;1.012529e-01;3.844374e-02;1.603118e-01;3.483374e-02;1.659749e-01;9.871983e-02;1.221409e-01;2.823574e-02
1.136829e-01;2.963863e-02;5.793717e-02;8.249777e-02;9.644847e-02;2.746505e-02;1.063022e-01;4.931181e-02;1.786694e-01;9.834450e-02;1.239062e-01;3.579589e-02
7.454333e-02;1.697071e-02;9.364907e-02;1.036804e-01;1.001730e-01;4.448362e-02;1.120829e-01;3.333735e-02;2.140633e-01;6.047661e-02;1.012628e-01;4.527696e-02
7.165496e-02;3.333488e-02;1.428537e-01;9.002400e-02;1.044228e-01;5.123954e-02;8.154891e-02;3.587917e-02;2.007597e-01;4.623152e-02;1.000310e-01;4.201983e-02
7.823617e-02;5.327170e-02;1.083746e-01;5.826621e-02;1.188111e-01;4.498896e-02;6.186739e-02;5.597749e-02;1.856104e-01;7.913086e-02;1.037077e-01;5.175747e-02
4.715239e-02;4.129856e-02;1.751668e-01;5.399254e-02;1.456940e-01;6.665731e-02;1.078069e-01;5.512087e-02;9.482073e-02;7.949936e-02;8.232178e-02;5.046880e-02
6.243019e-02;2.340858e-02;1.622110e-01;4.531765e-02;1.635432e-01;9.294321e-02;1.537731e-01;5.214810e-02;7.725184e-02;5.840138e-02;6.588911e-02;4.268265e-02
5.154373e-02;3.990459e-02;1.099366e-01;6.033700e-02;1.868143e-01;9.376869e-02;1.046832e-01;6.848197e-02;1.237457e-01;5.694140e-02;6.622468e-02;3.761819e-02
3.998322e-02;4.127758e-02;1.918979e-01;8.317747e-02;1.407266e-01;6.677430e-02;7.943039e-02;8.704308e-02;1.286765e-01;5.034743e-02;5.809143e-02;3.257405e-02
