1.860334e-01;1.192105e-01;4.640839e-02;6.834331e-03;2.508023e-02;5.580834e-02;4.511741e-01;3.677882e-02;1.366205e-02;1.227577e-02;1.669265e-02;3.004152e-02
9.567782e-02;6.493366e-02;1.861215e-02;6.309087e-03;3.871780e-02;9.520193e-02;6.212052e-01;1.646980e-02;1.715225e-02;5.567997e-03;1.164032e-02;8.512000e-03
6.319785e-02;4.124922e-02;4.661079e-02;1.302999e-02;7.356251e-02;1.112705e-01;5.460606e-01;2.383141e-02;2.201222e-02;1.837033e-02;1.471855e-02;2.608607e-02
3.848471e-02;3.210095e-02;1.235809e-01;3.455202e-02;9.125585e-02;8.459300e-02;3.424937e-01;2.638590e-02;3.841027e-02;5.955397e-02;6.613324e-02;6.245541e-02
2.434930e-02;3.398709e-02;2.614264e-01;5.076567e-02;6.567500e-02;4.564781e-02;1.694099e-01;1.548682e-02;3.063527e-02;1.105926e-01;1.158772e-01;7.614692e-02
2.498948e-02;3.964250e-02;3.990103e-01;4.920992e-02;3.820928e-02;2.592217e-02;1.101956e-01;1.196136e-02;2.110935e-02;1.419168e-01;8.700659e-02;5.082659e-02
5.724547e-02;6.973615e-02;4.459406e-01;3.065347e-02;2.241752e-02;2.058059e-02;1.170359e-01;1.282040e-02;3.901401e-02;1.080530e-01;6.416197e-02;1.234092e-02
1.206683e-01;7.944404e-02;4.164901e-01;1.896401e-02;1.349418e-02;1.348558e-02;1.462554e-01;1.804826e-02;2.254251e-02;4.626830e-02;5.853356e-02;4.580576e-02
1.513502e-01;6.278271e-02;3.669733e-01;2.639490e-02;1.598462e-02;1.794581e-02;1.774100e-01;2.610348e-02;2.570483e-02;4.739097e-02;2.196400e-02;5.999514e-02
1.581017e-01;3.449981e-02;2.571360e-01;3.001970e-02;3.978639e-02;3.833912e-02;2.472415e-01;2.242893e-02;1.586106e-02;5.247245e-02;4.579403e-02;5.831938e-02
1.147430e-01;2.733615e-02;1.210702e-01;2.359165e-02;3.829027e-02;3.246153e-02;2.101741e-01;5.387062e-02;1.141737e-01;1.249306e-01;8.705150e-02;5.230661e-02
7.093477e-02;3.833332e-02;1.436983e-01;3.862121e-02;4.463552e-02;3.454969e-02;1.268092e-01;5.848691e-02;1.444621e-01;1.453745e-01;9.762826e-02;5.646625e-02
4.550703e-02;3.573791e-02;1.581952e-01;7.156382e-02;8.052683e-02;4.473079e-02;1.096657e-01;4.932745e-02;1.317716e-01;1.313637e-01;9.280130e-02;4.880868e-02
3.632050e-02;5.662071e-02;1.368573e-01;1.100544e-01;1.682181e-01;6.795312e-02;7.939085e-02;9.594521e-02;5.548966e-02;7.768322e-02;5.943930e-02;5.602762e-02
2.226936e-02;5.170527e-02;8.321736e-02;1.215209e-01;2.403419e-01;8.673539e-02;4.732170e-02;1.195262e-01;4.846716e-02;2.284398e-02;7.018284e-02;8.586793e-02
1.945336e-02;3.387669e-02;5.775249e-02;9.633069e-02;2.644653e-01;7.996102e-02;5.485403e-02;1.106077e-01;6.517309e-02;1.478483e-02;4.778652e-02;1.549543e-01
1.834355e-02;1.595504e-02;4.121785e-02;4.805313e-02;2.634854e-01;4.225394e-02;6.361265e-02;5.823875e-02;1.761782e-01;1.739469e-02;1.785991e-02;2.374069e-01
4.165835e-02;4.874064e-03;4.373975e-02;1.925299e-02;2.041232e-01;4.324653e-02;4.869476e-02;1.326069e-02;3.172477e-01;2.577705e-02;1.235809e-02;2.257668e-01
1.236157e-01;3.542627e-03;4.420741e-02;1.373688e-02;1.246251e-01;1.054179e-01;3.353847e-02;2.306734e-02;2.983075e-01;8.548316e-02;9.986166e-03;1.344716e-01
2.258914e-01;7.780108e-03;1.850171e-02;1.808879e-02;4.036010e-02;1.891669e-01;4.272377e-02;4.837112e-02;1.111935e-01;2.412501e-01;9.936623e-03;4.673581e-02
2.284270e-01;2.484733e-02;6.712452e-03;2.781285e-02;1.846752e-02;1.867742e-01;6.352203e-02;5.117326e-02;2.466480e-02;3.443762e-01;1.168556e-02;1.153682e-02
1.878479e-01;7.307930e-02;7.333387e-03;3.681932e-02;1.768605e-02;1.401464e-01;1.177248e-01;3.744721e-02;3.528148e-02;3.220207e-01;1.875274e-02;5.860720e-03
1.209834e-01;1.643393e-01;1.490860e-02;3.266129e-02;2.546516e-02;1.031028e-01;2.386443e-01;3.050559e-02;3.085283e-02;1.852270e-01;4.122531e-02;1.208439e-02
4.758913e-02;2.394277e-01;1.347731e-02;2.245672e-02;2.441809e-02;1.026355e-01;3.216547e-01;2.974714e-02;2.625312e-02;8.265272e-02;7.158869e-02;1.809913e-02
1.664968e-01;1.375990e-01;3.779016e-03;3.808429e-02;1.500421e-02;1.341656e-01;2.040893e-01;2.701350e-02;2.065905e-02;2.000465e-01;4.186880e-02;1.119400e-02
2.376796e-01;5.849182e-02;9.105727e-03;3.592767e-02;2.061971e-02;1.647602e-01;9.870182e-02;4.165772e-02;2.543887e-02;2.849712e-01;1.361554e-02;9.030179e-03
2.473149e-01;3.662215e-02;1.080761e-02;2.400608e-02;3.386551e-02;1.879856e-01;7.121193e-02;5.372325e-02;4.455136e-02;2.300289e-01;1.454974e-02;4.533283e-02
1.718872e-01;2.410430e-02;2.342314e-02;2.042511e-02;7.645138e-02;1.685929e-01;7.233105e-02;5.200460e-02;1.031702e-01;1.078097e-01;2.512483e-02;1.546756e-01
6.558730e-02;3.034394e-02;6.180723e-02;3.461580e-02;1.330850e-01;8.056831e-02;5.627162e-02;2.694341e-02;1.609415e-01;7.733048e-02;5.336123e-02;2.191441e-01
6.496441e-02;3.482432e-02;9.744629e-02;4.397881e-02;1.209635e-01;6.998706e-02;8.468385e-02;3.389804e-02;1.462215e-01;4.936834e-02;6.142909e-02;1.922348e-01
1.188126e-01;3.104143e-02;1.126369e-01;4.627311e-02;8.415045e-02;6.307060e-02;1.208444e-01;4.510091e-02;8.863387e-02;7.495336e-02;6.819788e-02;1.462845e-01
1.488749e-01;6.070599e-02;7.704712e-02;3.608265e-02;9.344646e-02;6.462801e-02;1.495112e-01;4.567248e-02;8.346935e-02;6.041386e-02;5.121298e-02;1.289351e-01
1.347618e-01;4.291089e-02;5.826320e-02;3.879330e-02;9.080394e-02;8.142554e-02;1.311449e-01;3.177917e-02;1.061156e-01;1.407932e-01;4.524617e-02;9.796237e-02
2.561824e-01;5.328418e-02;6.953164e-02;4.535401e-02;6.881683e-02;7.330165e-02;1.187280e-01;3.017623e-02;7.364444e-02;1.141580e-01;3.945951e-02;5.736306e-02
3.270934e-01;4.526592e-02;4.846777e-02;4.671637e-02;6.489247e-02;7.197081e-02;9.451069e-02;2.717847e-02;5.382181e-02;1.370394e-01;4.368739e-02;3.935556e-02
2.385440e-01;5.592137e-02;4.857651e-02;4.657777e-02;4.923641e-02;9.878179e-02;8.449077e-02;3.845238e-02;7.684134e-02;1.638471e-01;3.512597e-02;6.360463e-02
1.628034e-01;7.174774e-02;1.045824e-01;4.992645e-02;4.146577e-02;7.795352e-02;1.067219e-01;7.316086e-02;1.284137e-01;8.436442e-02;3.717884e-02;6.168101e-02
1.445724e-01;6.104696e-02;1.255974e-01;3.346337e-02;5.912141e-02;8.551404e-02;2.046134e-01;6.125863e-02;6.858352e-02;6.324472e-02;3.327717e-02;5.970694e-02
1.357320e-01;3.728978e-02;9.684539e-02;3.409135e-02;9.745099e-02;7.672538e-02;2.038151e-01;3.999097e-02;7.509708e-02;6.415601e-02;2.701190e-02;1.117941e-01
1.121764e-01;3.661454e-02;8.767445e-02;4.037144e-02;1.391654e-01;6.449064e-02;1.620052e-01;3.059248e-02;9.606790e-02;4.453074e-02;2.147369e-02;1.648371e-01
5.505554e-02;4.992295e-02;1.318306e-01;7.189260e-02;1.432845e-01;4.474833e-02;9.117622e-02;6.320976e-02;7.255430e-02;2.719163e-02;8.763757e-02;1.614960e-01
3.730933e-02;5.645664e-02;2.267353e-01;9.850587e-02;8.943405e-02;2.866472e-02;6.037820e-02;9.208431e-02;4.152240e-02;4.226613e-02;1.579115e-01;6.873151e-02
6.798158e-02;4.462243e-02;2.915793e-01;7.976731e-02;6.601014e-02;2.912402e-02;6.414630e-02;6.279292e-02;5.824457e-02;6.378575e-02;1.242806e-01;4.766514e-02
9.441282e-02;4.311823e-02;2.883948e-01;5.724365e-02;6.734027e-02;4.241075e-02;5.459779e-02;4.075545e-02;9.711856e-02;6.839170e-02;5.905290e-02;8.716309e-02
8.705702e-02;5.367683e-02;2.736641e-01;5.594195e-02;7.859571e-02;5.723958e-02;4.333790e-02;5.054457e-02;1.290094e-01;5.980648e-02;3.890277e-02;7.222365e-02
5.514767e-02;3.355904e-02;3.758928e-01;9.244605e-02;6.397171e-02;4.013922e-02;8.794697e-02;3.954732e-02;5.569296e-02;4.881612e-02;4.533493e-02;6.150518e-02
7.852957e-02;4.637502e-02;2.676806e-01;8.630476e-02;6.057497e-02;4.677993e-02;1.249356e-01;4.235737e-02;3.310446e-02;4.351850e-02;5.539846e-02;1.144408e-01
1.196641e-01;5.887499e-02;1.002046e-01;7.161438e-02;7.958425e-02;5.897067e-02;1.749553e-01;5.277770e-02;4.587616e-02;4.260987e-02;9.389577e-02;1.009723e-01
9.801780e-02;5.424081e-02;1.442364e-01;3.851793e-02;5.627139e-02;5.671012e-02;1.476638e-01;7.055103e-02;7.031108e-02;7.896110e-02;9.154734e-02;9.297127e-02
4.910867e-02;4.514559e-02;2.239850e-01;4.435730e-02;3.620172e-02;7.542241e-02;1.250989e-01;6.385996e-02;4.565331e-02;9.543088e-02;7.512844e-02;1.206078e-01
7.611133e-02;5.295204e-02;1.085603e-01;4.039613e-02;6.533973e-02;7.732330e-02;1.712195e-01;7.805448e-02;7.389727e-02;1.142816e-01;8.892396e-02;5.294039e-02
6.980190e-02;3.433317e-02;7.338399e-02;4.252170e-02;9.055541e-02;8.170933e-02;1.519517e-01;7.392051e-02;1.124701e-01;8.967835e-02;8.247620e-02;9.719768e-02
5.566471e-02;2.941734e-02;5.580506e-02;6.515421e-02;1.059957e-01;8.463060e-02;1.175651e-01;8.676814e-02;1.213158e-01;7.176851e-02;9.127219e-02;1.146427e-01
3.402088e-02;2.630652e-02;5.499038e-02;1.033827e-01;9.471226e-02;7.462148e-02;7.155841e-02;1.188891e-01;9.010305e-02;5.664891e-02;1.762836e-01;9.848274e-02
2.168235e-02;1.772963e-02;6.100374e-02;1.430666e-01;5.700541e-02;7.107382e-02;4.283342e-02;1.303739e-01;3.321223e-02;6.514359e-02;3.101737e-01;4.670161e-02
1.542998e-02;1.133219e-02;6.715158e-02;1.707294e-01;2.394102e-02;7.975911e-02;3.397064e-02;1.435293e-01;3.731999e-02;4.131659e-02;3.581586e-01;1.736158e-02
1.716825e-02;1.933006e-02;1.209520e-01;1.527777e-01;2.447185e-02;7.071143e-02;8.068284e-02;1.372793e-01;3.010794e-02;7.590012e-02;2.475046e-01;2.311384e-02
3.957048e-02;4.310265e-02;1.552033e-01;1.025419e-01;4.251799e-02;9.209426e-02;1.141242e-01;7.924810e-02;5.939692e-02;1.401478e-01;1.035488e-01;2.850361e-02
8.598160e-02;6.709836e-02;1.275042e-01;7.235671e-02;6.724129e-02;1.182864e-01;9.747483e-02;6.739414e-02;1.016830e-01;1.411611e-01;2.490455e-02;2.891380e-02
1.357377e-01;6.016439e-02;1.170030e-01;7.728008e-02;9.258113e-02;9.010758e-02;8.294681e-02;7.983655e-02;9.100213e-02;9.435976e-02;5.312614e-02;2.585473e-02
1.575801e-01;4.150415e-02;1.681008e-01;1.100017e-01;1.089119e-01;4.847727e-02;8.100980e-02;6.767505e-02;3.380965e-02;4.456554e-02;9.834017e-02;4.002389e-02
9.126351e-02;5.314369e-02;1.353517e-01;9.248987e-02;8.212364e-02;6.992213e-02;1.063876e-01;6.372278e-02;3.376015e-02;5.991420e-02;1.362666e-01;7.565420e-02
8.531801e-02;7.358811e-02;1.405301e-01;7.947601e-02;7.200337e-02;6.795150e-02;8.442416e-02;6.122237e-02;7.649589e-02;5.699194e-02;1.230506e-01;7.894789e-02
9.510933e-02;6.804394e-02;2.480746e-01;6.313854e-02;4.686556e-02;5.592453e-02;7.166078e-02;4.033276e-02;1.339978e-01;6.915744e-02;6.118438e-02;4.651039e-02
1.141999e-01;1.116835e-01;2.902080e-01;4.377174e-02;3.905027e-02;4.575868e-02;5.682995e-02;2.342749e-02;1.271890e-01;5.274225e-02;5.172607e-02;4.341309e-02
8.347542e-02;9.682504e-02;3.332653e-01;5.153380e-02;2.954959e-02;2.472131e-02;4.714224e-02;1.997244e-02;9.666830e-02;1.190050e-01;6.861895e-02;2.922263e-02
4.335437e-02;6.947250e-02;4.637661e-01;5.701282e-02;2.391297e-02;1.385921e-02;3.824314e-02;1.541084e-02;4.032508e-02;1.646163e-01;5.962839e-02;1.039826e-02
3.857939e-02;1.739094e-01;4.922672e-01;3.826227e-02;1.242862e-02;1.429179e-02;1.888507e-02;1.029917e-02;4.647654e-02;1.288147e-01;1.968931e-02;6.096616e-03
6.191137e-02;3.118694e-01;4.242046e-01;1.691269e-02;5.156028e-03;1.919412e-02;8.414052e-03;7.677721e-03;7.059499e-02;6.295572e-02;4.527170e-03;6.582117e-03
1.093052e-01;4.424687e-01;2.796213e-01;1.068080e-02;3.294884e-03;1.664775e-02;4.569994e-03;8.633990e-03;8.767104e-02;2.462509e-02;4.273999e-03;8.207296e-03
2.239812e-01;4.803144e-01;1.437172e-01;9.616992e-03;9.582643e-03;1.058480e-02;3.607303e-03;1.582364e-02;5.913664e-02;2.886970e-02;6.787074e-03;7.978360e-03
3.790492e-01;3.785831e-01;9.897222e-02;7.766483e-03;2.493942e-02;8.888582e-03;7.524460e-03;3.165536e-02;2.324414e-02;1.651500e-02;6.847966e-03;1.601404e-02
4.765177e-01;2.085796e-01;9.344102e-02;1.584797e-02;3.339110e-02;5.710682e-03;1.947652e-02;4.495122e-02;2.907987e-02;2.325759e-02;7.554352e-03;4.219236e-02
4.857978e-01;8.382421e-02;8.557744e-02;3.732346e-02;2.781118e-02;6.593275e-03;4.228763e-02;4.798389e-02;2.185316e-02;3.579456e-02;1.940485e-02;1.057485e-01
4.343510e-01;1.112737e-01;6.465146e-02;4.173994e-02;1.780645e-02;1.063645e-02;4.833533e-02;4.398242e-02;2.544692e-02;3.933025e-02;2.293770e-02;1.395083e-01
3.815838e-01;1.482687e-01;6.477661e-02;3.352693e-02;2.062414e-02;1.242025e-02;4.880592e-02;5.106362e-02;1.836600e-02;4.640451e-02;2.837377e-02;1.457857e-01
3.161203e-01;2.097243e-01;1.016784e-01;1.710530e-02;1.412048e-02;1.239047e-02;2.950691e-02;6.491273e-02;1.492316e-02;4.017356e-02;4.073245e-02;1.386120e-01
5.083624e-01;2.110685e-01;5.748692e-02;1.134935e-02;3.018169e-02;3.188523e-03;1.544192e-02;5.884964e-02;6.774439e-03;1.150497e-02;2.074116e-02;6.505054e-02
5.550709e-01;1.914946e-01;4.855780e-02;9.559784e-03;5.474274e-02;2.643669e-03;8.206798e-03;5.896157e-02;8.039868e-03;6.387190e-03;1.056533e-02;4.576974e-02
5.560170e-01;1.715927e-01;5.232434e-02;8.629269e-03;7.456507e-02;5.020766e-03;1.007911e-02;5.410567e-02;6.191932e-03;4.507537e-03;1.210808e-02;4.485856e-02
5.148758e-01;1.937152e-01;6.872517e-02;1.066163e-02;6.495649e-02;1.863625e-02;1.566645e-02;3.773861e-02;1.530806e-02;9.080574e-03;1.435721e-02;3.627847e-02
3.720800e-01;2.552315e-01;1.216957e-01;1.441703e-02;2.723103e-02;7.337862e-02;3.351577e-02;2.230406e-02;2.866939e-02;1.410048e-02;1.954081e-02;1.783565e-02
2.414503e-01;2.997475e-01;1.382333e-01;1.231975e-02;3.131455e-02;8.508972e-02;4.012686e-02;3.130795e-02;7.099332e-02;2.198694e-02;1.634444e-02;1.108536e-02
1.736085e-01;3.455806e-01;1.433413e-01;9.666770e-03;1.722754e-02;3.936591e-02;2.379890e-02;2.883371e-02;1.696428e-01;3.255500e-02;8.728288e-03;7.650671e-03
1.434596e-01;3.507376e-01;1.380962e-01;6.159477e-03;5.200185e-03;5.583074e-02;9.137608e-03;1.383430e-02;2.346398e-01;2.394515e-02;4.664355e-03;1.429496e-02
1.138002e-01;3.430776e-01;1.766965e-01;6.737977e-03;5.690142e-03;7.733782e-02;3.898430e-03;9.613839e-03;2.191504e-01;1.625604e-02;3.463933e-03;2.427714e-02
7.631608e-02;3.244379e-01;2.824354e-01;7.250797e-03;4.178872e-03;7.230874e-02;1.262756e-02;1.343773e-02;1.413288e-01;3.030193e-02;4.628178e-03;3.074799e-02
9.270835e-02;2.597772e-01;3.914687e-01;1.294659e-02;8.103610e-03;4.179287e-02;2.227667e-02;1.450362e-02;6.320803e-02;6.408483e-02;5.947080e-03;2.318248e-02
7.590695e-02;1.704850e-01;4.664881e-01;2.532094e-02;9.670326e-03;2.652810e-02;5.241665e-02;1.128807e-02;5.495975e-02;8.889575e-02;5.743144e-03;1.229728e-02
5.128517e-02;8.848815e-02;4.965341e-01;5.807955e-02;2.077178e-02;2.719075e-02;1.046441e-01;1.438090e-02;4.947861e-02;6.976442e-02;1.165052e-02;7.731865e-03
6.109226e-02;5.088082e-02;4.479180e-01;7.436357e-02;4.016692e-02;2.973618e-02;1.438963e-01;2.309813e-02;6.263704e-02;3.967663e-02;1.385729e-02;1.267687e-02
6.294392e-02;1.277187e-01;4.094109e-01;5.080891e-02;4.459503e-02;5.505466e-02;6.676193e-02;2.075156e-02;7.010263e-02;6.566170e-02;1.284985e-02;1.334023e-02
3.158221e-02;1.180060e-01;6.006204e-01;4.421772e-02;2.115813e-02;5.128796e-02;1.100229e-02;2.284608e-02;4.414017e-02;3.243073e-02;9.683745e-03;1.302455e-02
2.008507e-02;1.046327e-01;6.744471e-01;4.207311e-02;1.258141e-02;5.018624e-02;1.324453e-02;2.057191e-02;2.879033e-02;1.465667e-02;6.297725e-03;1.243313e-02
4.654741e-02;1.161601e-01;6.200969e-01;3.723706e-02;1.107822e-02;7.047430e-02;1.335009e-02;1.146378e-02;3.805264e-02;1.342556e-02;7.489380e-03;1.462463e-02
6.227735e-02;1.253280e-01;5.433155e-01;3.545360e-02;1.596888e-02;5.757678e-02;3.891204e-02;1.356193e-02;4.708259e-02;2.579601e-02;1.523511e-02;1.949225e-02
3.877860e-02;9.586370e-02;4.716411e-01;5.304265e-02;4.462857e-02;6.938033e-02;8.371063e-02;2.977752e-02;2.414682e-02;4.572150e-02;2.135337e-02;2.195529e-02
3.708861e-02;6.810890e-02;5.006720e-01;7.856355e-02;4.062171e-02;6.041734e-02;1.054958e-01;2.356492e-02;1.400070e-02;4.712539e-02;1.195866e-02;1.238246e-02
2.356751e-02;3.899724e-02;5.682597e-01;9.450082e-02;2.923377e-02;3.576401e-02;1.333629e-01;9.317256e-03;1.181080e-02;3.962681e-02;9.317612e-03;6.241593e-03
2.014891e-02;1.297947e-02;6.245213e-01;9.763723e-02;2.341611e-02;1.972247e-02;1.469397e-01;5.408890e-03;1.382089e-02;2.527626e-02;5.597760e-03;4.530942e-03
2.195165e-02;2.249398e-02;6.077894e-01;8.390715e-02;2.439272e-02;1.389667e-02;1.685958e-01;7.637052e-03;1.478489e-02;2.445942e-02;7.731062e-03;2.360168e-03
3.060920e-02;5.854624e-02;5.243914e-01;6.032079e-02;4.104007e-02;2.858920e-02;1.799841e-01;1.489028e-02;1.426512e-02;3.427378e-02;6.953077e-03;6.136789e-03
2.301713e-02;8.986305e-02;5.139201e-01;3.810469e-02;4.631107e-02;5.805846e-02;1.451239e-01;1.224943e-02;1.772529e-02;3.233718e-02;1.057779e-02;1.271193e-02
2.583675e-02;1.068214e-01;5.344081e-01;5.396118e-02;2.748434e-02;8.656030e-02;7.457937e-02;1.956392e-02;2.385947e-02;1.751757e-02;1.127942e-02;1.812818e-02
2.385220e-02;9.908725e-02;5.848691e-01;4.551009e-02;1.139768e-02;8.206522e-02;4.271286e-02;4.762173e-02;1.207025e-02;1.637433e-02;1.204760e-02;2.239162e-02
4.578630e-02;6.391359e-02;4.179065e-01;5.556640e-02;4.118976e-02;4.583097e-02;1.147990e-01;8.077943e-02;1.882920e-02;6.427474e-02;3.284106e-02;1.828296e-02
6.198710e-02;3.616166e-02;2.996001e-01;6.782711e-02;4.946806e-02;2.443576e-02;1.555059e-01;8.086509e-02;3.064853e-02;1.100015e-01;6.950955e-02;1.398970e-02
6.670753e-02;1.796746e-02;2.889575e-01;8.276376e-02;3.180312e-02;1.278563e-02;1.383727e-01;5.465200e-02;3.891611e-02;1.185451e-01;1.425856e-01;5.943457e-03
5.303905e-02;7.463925e-03;2.273370e-01;1.204178e-01;1.768196e-02;1.542921e-02;9.329802e-02;4.220536e-02;7.283298e-02;9.216133e-02;2.505117e-01;7.621734e-03
3.864795e-02;5.123500e-03;1.887833e-01;1.454474e-01;1.858242e-02;1.757422e-02;5.426013e-02;2.881015e-02;9.978893e-02;1.037477e-01;2.848106e-01;1.442374e-02
3.465119e-02;9.358726e-03;1.952913e-01;1.427064e-01;1.431900e-02;2.263714e-02;6.505574e-02;3.232940e-02;1.062764e-01;1.088727e-01;2.493895e-01;1.911251e-02
3.493304e-02;1.624009e-02;2.195396e-01;1.078856e-01;1.658993e-02;2.466170e-02;8.920451e-02;2.903089e-02;1.032867e-01;1.854563e-01;1.604066e-01;1.276515e-02
5.268980e-02;3.871264e-02;2.368422e-01;6.763870e-02;2.676726e-02;2.466702e-02;1.097878e-01;2.220735e-02;8.719189e-02;2.308975e-01;8.409790e-02;1.849986e-02
6.611019e-02;5.258772e-02;2.444775e-01;4.925716e-02;3.759514e-02;3.695849e-02;1.059214e-01;3.204633e-02;7.537176e-02;2.211855e-01;5.417604e-02;2.431281e-02
5.715736e-02;4.757833e-02;2.979861e-01;5.983863e-02;4.693505e-02;4.840170e-02;7.294129e-02;3.271212e-02;6.113445e-02;1.698182e-01;8.151959e-02;2.397729e-02
3.183052e-02;3.765769e-02;2.809816e-01;7.610317e-02;2.847806e-02;2.494284e-02;6.672429e-02;2.463224e-02;7.708126e-02;1.972743e-01;1.395350e-01;1.475910e-02
5.897354e-02;5.685655e-02;1.881725e-01;7.355027e-02;3.539013e-02;2.321352e-02;7.265382e-02;3.728950e-02;7.313572e-02;1.671541e-01;1.912723e-01;2.233806e-02
6.938980e-02;5.253245e-02;1.726035e-01;6.518754e-02;3.440881e-02;2.300759e-02;6.457818e-02;2.175570e-02;1.103036e-01;1.793781e-01;1.837694e-01;2.308533e-02
6.255046e-02;3.985752e-02;2.103145e-01;5.950474e-02;2.251619e-02;1.677694e-02;5.203953e-02;2.228408e-02;1.225108e-01;2.303350e-01;1.473089e-01;1.400144e-02
4.624554e-02;4.660269e-02;2.102904e-01;5.230023e-02;2.152829e-02;1.915808e-02;9.169432e-02;2.771104e-02;9.297097e-02;2.229767e-01;1.470106e-01;2.151112e-02
4.497538e-02;5.289085e-02;1.739431e-01;3.946574e-02;2.760362e-02;3.100208e-02;1.344736e-01;2.727314e-02;8.601150e-02;2.098534e-01;1.574305e-01;1.507705e-02
6.662485e-02;5.793850e-02;1.356967e-01;2.379890e-02;2.565733e-02;2.772718e-02;1.112214e-01;3.795521e-02;1.119940e-01;2.362451e-01;1.533448e-01;1.179587e-02
6.249095e-02;5.013514e-02;1.894435e-01;4.064773e-02;2.658304e-02;2.795571e-02;7.936210e-02;2.875816e-02;1.040831e-01;2.490372e-01;1.196428e-01;2.186061e-02
5.403398e-02;3.972298e-02;2.283695e-01;5.718117e-02;3.516632e-02;2.935073e-02;8.605982e-02;2.946561e-02;8.039380e-02;2.259709e-01;1.052179e-01;2.906729e-02
5.890649e-02;4.493903e-02;1.425877e-01;6.839021e-02;4.143295e-02;2.967938e-02;1.071183e-01;2.876536e-02;8.104999e-02;1.970870e-01;1.675984e-01;3.244527e-02
2.651917e-02;4.703008e-02;2.108342e-01;7.895370e-02;3.049034e-02;3.281010e-02;8.758505e-02;3.700472e-02;9.403394e-02;1.926661e-01;1.422988e-01;1.977375e-02
1.986433e-02;4.684423e-02;2.761863e-01;7.408366e-02;2.666225e-02;2.833396e-02;9.008542e-02;3.265405e-02;7.974458e-02;2.100063e-01;9.790246e-02;1.763249e-02
7.601466e-02;4.780129e-02;1.291188e-01;6.689113e-02;6.009609e-02;6.542083e-02;1.562088e-01;7.707150e-02;8.319720e-02;1.379255e-01;6.815978e-02;3.209450e-02
1.881935e-01;1.362012e-01;2.411977e-01;3.832703e-02;4.407324e-02;4.165663e-02;1.034110e-01;5.614208e-02;3.730052e-02;4.837530e-02;2.584472e-02;3.927708e-02
2.752044e-01;1.716956e-01;2.183675e-01;3.112700e-02;4.021206e-02;2.989693e-02;6.913260e-02;4.414943e-02;3.138823e-02;2.998566e-02;1.506409e-02;4.377642e-02
3.705705e-01;1.803276e-01;1.813446e-01;2.368107e-02;3.090936e-02;2.310188e-02;4.171782e-02;3.577566e-02;2.716605e-02;1.687601e-02;1.381333e-02;5.471610e-02
4.820109e-01;1.410131e-01;1.092838e-01;1.808723e-02;1.998299e-02;2.012556e-02;2.701197e-02;2.768987e-02;3.933166e-02;1.955086e-02;1.432503e-02;8.158703e-02
6.027350e-01;2.062779e-02;4.133260e-02;1.690998e-02;1.729847e-02;1.698306e-02;2.459977e-02;2.828691e-02;5.168393e-02;3.490033e-02;1.776540e-02;1.268768e-01
5.815582e-01;9.955906e-02;4.649165e-02;9.216673e-03;3.228401e-02;7.975889e-03;1.704934e-02;4.518593e-02;3.065104e-02;2.198377e-02;8.066426e-03;9.997803e-02
5.922334e-01;9.839404e-02;5.518615e-02;4.941024e-03;5.897189e-02;6.329536e-03;1.473215e-02;5.850546e-02;1.208353e-02;1.585966e-02;9.923318e-03;7.283984e-02
5.935276e-01;1.092291e-01;5.733806e-02;5.196683e-03;6.977928e-02;6.162518e-03;1.031672e-02;6.088603e-02;7.181576e-03;1.239177e-02;8.863130e-03;5.912749e-02
6.105641e-01;1.309915e-01;4.558777e-02;3.996720e-03;6.071475e-02;3.805991e-03;1.083389e-02;5.586161e-02;4.114637e-03;8.088171e-03;8.299539e-03;5.714127e-02
6.099542e-01;1.414464e-01;5.479218e-02;5.733178e-03;4.581228e-02;3.885640e-03;1.219194e-02;4.942641e-02;3.151744e-03;6.570774e-03;7.857667e-03;5.917754e-02
6.195855e-01;1.366043e-01;3.956366e-02;7.382328e-03;4.848662e-02;5.389282e-03;1.250249e-02;4.900092e-02;3.828062e-03;1.241974e-02;7.575885e-03;5.766131e-02
6.050375e-01;1.441848e-01;4.760102e-02;8.261239e-03;5.854044e-02;4.649295e-03;6.603260e-03;4.853623e-02;4.847184e-03;1.020090e-02;1.098701e-02;5.055115e-02
5.917947e-01;1.527372e-01;4.580676e-02;5.156669e-03;7.412791e-02;5.107553e-03;5.643734e-03;4.948591e-02;4.955149e-03;7.407823e-03;1.121119e-02;4.656539e-02
5.880064e-01;1.561663e-01;4.149738e-02;3.723270e-03;7.720257e-02;6.452354e-03;5.761690e-03;5.299237e-02;6.341772e-03;6.273987e-03;1.156209e-02;4.401986e-02
5.751650e-01;1.614867e-01;4.529961e-02;8.425656e-03;7.576789e-02;7.844983e-03;4.770436e-03;5.499316e-02;5.369618e-03;6.711088e-03;1.129053e-02;4.287532e-02
5.629027e-01;1.627548e-01;4.279493e-02;1.278942e-02;7.658528e-02;8.588775e-03;7.686225e-03;5.971242e-02;6.325704e-03;6.495995e-03;1.306771e-02;4.029605e-02
5.638550e-01;1.608328e-01;3.884674e-02;1.431201e-02;7.347505e-02;8.025517e-03;1.009729e-02;6.792305e-02;7.829999e-03;7.338596e-03;1.186877e-02;3.559515e-02
5.309358e-01;1.701324e-01;5.107521e-02;1.355189e-02;7.034035e-02;4.982471e-03;1.086908e-02;7.688907e-02;1.197023e-02;1.062477e-02;1.586601e-02;3.276271e-02
5.101683e-01;1.742195e-01;6.651216e-02;1.059432e-02;6.744871e-02;5.947893e-03;5.495140e-03;9.037333e-02;1.455365e-02;1.039495e-02;1.720776e-02;2.708432e-02
5.194629e-01;1.570822e-01;5.250920e-02;7.969365e-03;6.118559e-02;5.499353e-03;7.832021e-03;1.211952e-01;1.560820e-02;8.821781e-03;1.451004e-02;2.832417e-02
4.913836e-01;1.251917e-01;5.783993e-02;8.051606e-03;4.188919e-02;1.056964e-02;1.855740e-02;1.471875e-01;3.381329e-02;1.325161e-02;1.025033e-02;4.201417e-02
3.970111e-01;1.027256e-01;4.416374e-02;1.804925e-02;2.738478e-02;2.543524e-02;5.816194e-02;1.330320e-01;6.396745e-02;4.401787e-02;1.032695e-02;7.572404e-02
2.432359e-01;1.121215e-01;2.325564e-02;4.025145e-02;1.556781e-02;3.915301e-02;1.277574e-01;9.631713e-02;6.803332e-02;7.765184e-02;2.482101e-02;1.318341e-01
1.194270e-01;1.130192e-01;2.996340e-02;4.526977e-02;1.667788e-02;4.989144e-02;1.729269e-01;8.815812e-02;6.500014e-02;7.161125e-02;7.132579e-02;1.567291e-01
7.989228e-02;8.622278e-02;6.381579e-02;3.155670e-02;4.057331e-02;5.701409e-02;1.740585e-01;8.194853e-02;8.359120e-02;6.821977e-02;1.144346e-01;1.186724e-01
1.125884e-01;7.758044e-02;9.840272e-02;2.572807e-02;5.896815e-02;5.457430e-02;1.572219e-01;7.546449e-02;7.676481e-02;7.953403e-02;1.145337e-01;6.863897e-02
1.837501e-01;4.360757e-02;1.086839e-01;4.666557e-02;7.703124e-02;4.336458e-02;8.796810e-02;8.792682e-02;6.197249e-02;9.963755e-02;3.835059e-02;1.210415e-01
1.100815e-01;6.163958e-02;1.281385e-01;4.734311e-02;5.378346e-02;3.962830e-02;1.094547e-01;1.000526e-01;7.044412e-02;1.012017e-01;4.052746e-02;1.377050e-01
7.422780e-02;8.375340e-02;1.201193e-01;4.926486e-02;4.718892e-02;5.272449e-02;1.537193e-01;7.706561e-02;7.084385e-02;8.062004e-02;6.711827e-02;1.233541e-01
8.929133e-02;8.087801e-02;9.705747e-02;5.506225e-02;6.965685e-02;6.632856e-02;1.529129e-01;4.137429e-02;8.075179e-02;6.366912e-02;9.412933e-02;1.088881e-01
8.348523e-02;5.275821e-02;1.270240e-01;6.354966e-02;7.828691e-02;5.941099e-02;1.140181e-01;6.187945e-02;8.817506e-02;6.013180e-02;1.060841e-01;1.051964e-01
8.761898e-02;6.155359e-02;1.399266e-01;5.980355e-02;5.913047e-02;5.443253e-02;6.958477e-02;8.322908e-02;1.279176e-01;8.911545e-02;9.886158e-02;6.882577e-02
1.174245e-01;7.470939e-02;9.915894e-02;5.910680e-02;7.142443e-02;5.072213e-02;6.767962e-02;1.144439e-01;1.097204e-01;7.863393e-02;8.009257e-02;7.688343e-02
9.984816e-02;6.530119e-02;1.141207e-01;5.072673e-02;6.588789e-02;4.411095e-02;1.308833e-01;1.032017e-01;1.026776e-01;5.665726e-02;9.236541e-02;7.421914e-02
7.557177e-02;3.224879e-02;1.318359e-01;3.764715e-02;4.801688e-02;7.211655e-02;1.057854e-01;6.205970e-02;1.203942e-01;7.724351e-02;1.080125e-01;1.290676e-01
8.739991e-02;5.328361e-02;1.072668e-01;3.513763e-02;5.226089e-02;7.659078e-02;8.304700e-02;6.941842e-02;7.816957e-02;9.084912e-02;1.207507e-01;1.458256e-01
9.179738e-02;6.683248e-02;8.249357e-02;3.827477e-02;6.344090e-02;5.345819e-02;8.741963e-02;8.767655e-02;7.727307e-02;1.109370e-01;1.031054e-01;1.372910e-01
1.286101e-01;6.699932e-02;1.296206e-01;4.461797e-02;4.734300e-02;2.529728e-02;1.373564e-01;6.198664e-02;8.274201e-02;9.214844e-02;8.633965e-02;9.693859e-02
1.603591e-01;6.092625e-02;1.452307e-01;4.481186e-02;3.568052e-02;3.475172e-02;1.326604e-01;7.545127e-02;6.621749e-02;7.783718e-02;5.843205e-02;1.076414e-01
1.837007e-01;7.565262e-02;1.006173e-01;4.683629e-02;3.412776e-02;4.099204e-02;1.067568e-01;8.302894e-02;5.898475e-02;1.112208e-01;4.776619e-02;1.103158e-01
1.925668e-01;9.479312e-02;6.146839e-02;4.624688e-02;3.074771e-02;3.306585e-02;1.308568e-01;6.586523e-02;8.588424e-02;1.098384e-01;8.239011e-02;6.627642e-02
1.407111e-01;1.231344e-01;1.356846e-01;5.214274e-02;3.526674e-02;5.583931e-02;9.925391e-02;8.107664e-02;8.512551e-02;6.796486e-02;8.915994e-02;3.464018e-02
1.034900e-01;1.120704e-01;1.504440e-01;3.878392e-02;5.071634e-02;5.773335e-02;6.849880e-02;8.159983e-02;8.147815e-02;1.123543e-01;9.379365e-02;4.903723e-02
9.555420e-02;8.631378e-02;8.372292e-02;2.678794e-02;5.690527e-02;5.637809e-02;7.803500e-02;5.625890e-02;1.496373e-01;1.083351e-01;1.022280e-01;9.984352e-02
7.509491e-02;4.693182e-02;9.976840e-02;3.794736e-02;3.979915e-02;6.292827e-02;1.014555e-01;6.287823e-02;1.541925e-01;8.950044e-02;1.079473e-01;1.215562e-01
1.074567e-01;8.505508e-02;1.310004e-01;3.286998e-02;4.254864e-02;5.910792e-02;7.728283e-02;7.272888e-02;1.180648e-01;1.157602e-01;8.023849e-02;7.788611e-02
1.152253e-01;9.422228e-02;1.329977e-01;2.615776e-02;3.999876e-02;6.022663e-02;9.683908e-02;6.871324e-02;1.489754e-01;7.647376e-02;9.057770e-02;4.959247e-02
9.892535e-02;6.457130e-02;1.399650e-01;3.164428e-02;4.837624e-02;6.880771e-02;1.280491e-01;7.424564e-02;1.517793e-01;4.354060e-02;9.723379e-02;5.286165e-02
