9.745426e-02;1.365221e-01;7.503357e-02;3.834668e-02;7.575897e-02;7.968768e-02;9.431309e-02;9.226739e-02;6.556392e-02;9.329684e-02;9.771564e-02;5.403986e-02
1.085256e-01;1.028989e-01;1.369387e-01;4.553039e-02;5.954524e-02;8.014861e-02;6.861538e-02;1.100342e-01;6.666040e-02;8.786328e-02;8.685597e-02;4.638343e-02
1.023078e-01;9.251126e-02;2.019588e-01;6.194118e-02;5.995912e-02;5.287782e-02;9.866571e-02;7.869066e-02;6.373134e-02;8.077345e-02;6.955250e-02;3.703043e-02
1.703357e-01;8.237603e-02;1.621377e-01;3.344039e-02;4.622885e-02;5.632323e-02;1.337011e-01;3.351932e-02;5.973959e-02;8.124408e-02;7.163176e-02;6.932221e-02
2.057344e-01;9.260650e-02;1.328243e-01;2.863574e-02;4.624974e-02;4.187963e-02;1.189847e-01;3.551010e-02;5.001239e-02;6.756534e-02;7.477392e-02;1.052233e-01
2.112094e-01;1.038192e-01;9.865791e-02;4.173233e-02;5.693832e-02;4.684702e-02;7.257766e-02;5.146400e-02;7.502850e-02;6.260373e-02;4.274584e-02;1.363761e-01
1.074341e-01;6.584494e-02;1.501382e-01;5.043811e-02;5.648503e-02;6.348963e-02;1.260383e-01;4.835010e-02;9.810786e-02;7.684037e-02;6.829993e-02;8.853351e-02
1.229095e-01;3.338238e-02;1.940934e-01;4.451614e-02;3.800520e-02;6.657547e-02;1.521973e-01;5.365214e-02;9.039931e-02;4.284085e-02;6.121615e-02;1.002122e-01
1.288613e-01;9.532024e-02;1.786905e-01;2.169716e-02;4.561449e-02;4.799971e-02;1.611430e-01;8.236091e-02;5.454757e-02;1.963536e-02;7.709078e-02;8.703900e-02
1.314197e-01;1.071420e-01;1.835372e-01;1.434024e-02;4.636798e-02;4.718278e-02;1.289841e-01;6.471565e-02;8.052545e-02;2.094669e-02;1.011874e-01;7.365091e-02
1.259094e-01;7.427872e-02;1.890294e-01;3.112722e-02;4.721116e-02;5.584160e-02;1.023417e-01;5.527520e-02;8.694238e-02;4.425009e-02;1.086413e-01;7.915168e-02
8.627166e-02;4.444962e-02;2.415870e-01;3.654263e-02;3.926809e-02;5.600162e-02;1.234460e-01;6.692073e-02;6.422722e-02;1.087687e-01;7.678900e-02;5.572766e-02
3.744493e-02;2.627161e-02;3.053446e-01;4.430781e-02;3.524381e-02;3.710116e-02;1.287604e-01;7.374476e-02;2.347551e-02;1.712055e-01;6.031192e-02;5.678798e-02
3.176248e-02;3.398369e-02;3.136039e-01;3.610671e-02;2.958911e-02;1.972574e-02;7.761484e-02;5.155809e-02;1.399941e-02;1.424688e-01;1.644943e-01;8.509299e-02
3.651826e-02;5.120793e-02;3.873203e-01;3.468343e-02;3.488971e-02;2.371435e-02;7.109448e-02;3.306580e-02;1.325582e-02;7.248182e-02;1.554559e-01;8.631227e-02
3.489146e-02;7.002226e-02;5.030178e-01;3.749831e-02;3.021734e-02;3.528487e-02;5.669375e-02;2.081710e-02;9.552361e-03;6.308713e-02;8.763290e-02;5.128476e-02
3.251471e-02;8.855578e-02;5.080494e-01;4.126922e-02;3.388041e-02;4.889488e-02;3.335814e-02;1.457321e-02;4.451650e-02;7.449447e-02;4.518535e-02;3.470795e-02
5.534574e-02;1.081196e-01;3.922603e-01;5.874809e-02;4.599167e-02;6.806904e-02;4.183391e-02;3.003806e-02;8.515756e-02;6.037107e-02;3.771780e-02;1.634714e-02
9.254655e-02;7.984763e-02;2.435187e-01;7.963975e-02;5.820790e-02;7.663286e-02;7.147876e-02;5.690954e-02;6.995054e-02;5.275266e-02;8.148252e-02;3.703258e-02
1.003993e-01;6.839135e-02;2.272938e-01;7.688185e-02;5.566316e-02;7.697549e-02;8.146980e-02;6.073240e-02;7.497196e-02;4.398721e-02;9.574136e-02;3.749229e-02
1.021662e-01;2.556664e-02;3.173199e-01;7.384214e-02;4.223359e-02;5.444019e-02;1.202528e-01;3.071870e-02;7.469407e-02;4.397982e-02;6.591164e-02;4.887427e-02
7.047150e-02;4.299983e-02;3.847630e-01;8.552887e-02;4.380927e-02;2.089112e-02;1.093244e-01;3.498917e-02;4.902774e-02;7.371955e-02;3.348597e-02;5.098962e-02
3.231875e-02;3.856174e-02;3.702872e-01;8.695045e-02;4.725721e-02;4.079152e-02;1.447143e-01;5.961193e-02;2.874895e-02;7.112122e-02;2.935970e-02;5.027702e-02
1.953016e-02;3.321768e-02;3.129826e-01;6.353028e-02;4.523922e-02;6.749190e-02;2.427097e-01;6.865250e-02;1.865225e-02;4.813939e-02;2.358658e-02;5.626775e-02
2.879228e-02;2.871830e-02;2.396382e-01;2.707222e-02;3.486483e-02;8.257936e-02;3.546957e-01;4.318063e-02;2.831223e-02;5.634838e-02;1.876625e-02;5.703157e-02
6.207476e-02;2.254513e-02;1.808300e-01;1.446855e-02;3.273845e-02;8.465390e-02;3.936152e-01;4.883993e-02;1.548526e-02;8.887501e-02;1.496613e-02;4.090768e-02
9.561360e-02;1.367928e-02;1.629358e-01;1.449308e-02;3.342178e-02;7.254668e-02;3.935652e-01;3.882396e-02;2.307332e-02;1.011296e-01;2.269788e-02;2.801983e-02
1.307195e-01;1.047627e-02;1.443879e-01;2.032549e-02;2.937051e-02;5.574653e-02;3.687858e-01;6.599589e-02;3.489565e-02;9.178594e-02;2.535347e-02;2.215710e-02
1.471864e-01;1.210572e-02;1.272397e-01;2.404235e-02;1.949177e-02;2.529156e-02;3.187779e-01;1.098585e-01;3.650923e-02;8.930901e-02;7.006160e-02;2.012618e-02
1.264979e-01;1.779536e-02;1.096848e-01;4.116638e-02;1.457718e-02;3.244102e-02;2.440607e-01;1.408831e-01;4.043866e-02;7.789009e-02;1.397995e-01;1.476532e-02
6.988854e-02;4.265967e-02;8.809897e-02;7.653046e-02;2.020027e-02;4.963914e-02;1.297840e-01;2.054025e-01;2.616537e-02;5.105395e-02;2.210880e-01;1.948923e-02
2.239010e-02;6.670102e-02;6.528246e-02;9.405266e-02;3.363842e-02;4.331486e-02;7.878654e-02;2.614810e-01;3.023940e-02;4.126469e-02;2.357000e-01;2.714879e-02
1.765579e-02;7.408272e-02;6.256769e-02;1.022795e-01;4.687822e-02;3.072891e-02;7.908642e-02;2.807411e-01;4.965883e-02;3.246587e-02;1.881412e-01;3.571365e-02
2.303341e-02;7.234859e-02;9.809323e-02;1.235885e-01;7.122357e-02;2.364819e-02;3.844600e-02;2.783104e-01;4.582908e-02;3.894237e-02;1.295609e-01;5.697581e-02
1.864818e-02;5.947583e-02;1.602573e-01;1.236732e-01;8.500174e-02;2.466116e-02;7.885841e-02;2.186634e-01;5.472991e-02;3.702438e-02;7.494410e-02;6.406231e-02
3.285123e-02;6.242197e-02;1.834257e-01;1.105469e-01;8.462677e-02;2.552753e-02;1.478861e-01;1.645390e-01;4.674494e-02;3.702570e-02;5.213963e-02;5.226459e-02
3.872914e-02;6.636946e-02;1.370610e-01;1.048819e-01;6.103812e-02;6.186607e-02;1.845611e-01;1.713774e-01;4.689930e-02;3.977318e-02;3.051184e-02;5.693148e-02
5.004551e-02;6.023886e-02;9.865732e-02;8.502528e-02;5.320879e-02;5.795023e-02;1.791810e-01;1.736652e-01;4.772202e-02;3.788115e-02;1.103102e-01;4.611448e-02
6.741232e-02;7.003503e-02;8.853775e-02;1.148645e-01;6.645090e-02;4.148356e-02;1.617886e-01;9.437489e-02;5.614705e-02;6.484328e-02;1.293769e-01;4.468533e-02
4.989548e-02;5.099105e-02;8.408634e-02;1.227083e-01;9.859396e-02;4.415481e-02;1.375461e-01;9.247019e-02;6.829583e-02;1.014339e-01;8.570755e-02;6.411653e-02
4.669629e-02;4.185488e-02;9.185290e-02;8.544155e-02;7.918335e-02;4.035157e-02;2.037790e-01;1.453246e-01;6.494435e-02;6.494498e-02;9.644856e-02;3.917797e-02
5.577519e-02;5.847219e-02;1.009784e-01;6.671862e-02;6.850849e-02;7.125939e-02;1.990234e-01;1.290689e-01;7.722975e-02;3.558678e-02;7.992763e-02;5.745129e-02
9.610578e-02;7.128484e-02;1.043486e-01;4.731826e-02;7.755993e-02;7.171956e-02;1.643750e-01;8.664684e-02;7.070728e-02;5.255999e-02;8.093460e-02;7.643931e-02
1.012347e-01;7.870813e-02;1.086797e-01;3.702825e-02;7.406534e-02;4.747928e-02;1.568191e-01;8.521545e-02;6.972271e-02;6.492615e-02;8.457971e-02;9.154146e-02
1.287675e-01;8.852987e-02;1.179751e-01;2.703298e-02;6.796370e-02;5.036378e-02;1.139821e-01;7.821426e-02;7.347403e-02;8.174454e-02;8.758799e-02;8.436421e-02
1.698730e-01;8.110125e-02;1.473335e-01;3.863243e-02;9.227016e-02;8.583334e-02;1.389196e-01;3.469620e-02;5.980358e-02;3.316296e-02;6.233355e-02;5.604051e-02
1.235284e-01;4.625925e-02;2.063165e-01;5.841007e-02;9.803350e-02;8.866851e-02;1.524298e-01;4.344523e-02;3.947710e-02;2.637905e-02;6.416781e-02;5.288464e-02
8.306496e-02;2.462229e-02;2.846758e-01;6.343716e-02;8.932901e-02;7.308041e-02;1.151416e-01;6.461421e-02;2.866974e-02;3.154332e-02;7.491358e-02;6.690796e-02
7.358743e-02;2.568091e-02;3.426865e-01;4.493106e-02;7.432873e-02;4.545256e-02;9.094512e-02;9.054968e-02;3.432167e-02;4.139820e-02;6.862113e-02;6.749701e-02
6.075044e-02;5.700277e-02;3.361156e-01;2.960863e-02;6.964226e-02;3.199944e-02;8.500068e-02;9.747372e-02;3.231738e-02;6.202465e-02;6.641633e-02;7.164805e-02
9.359343e-02;8.126248e-02;2.227780e-01;3.863362e-02;6.546589e-02;5.423341e-02;9.109100e-02;7.911784e-02;5.538652e-02;7.837023e-02;5.243265e-02;8.763495e-02
1.327997e-01;6.401046e-02;1.343642e-01;4.839381e-02;6.574690e-02;6.380092e-02;1.148432e-01;8.525074e-02;8.059414e-02;7.490607e-02;6.080563e-02;7.448425e-02
1.292673e-01;8.363993e-02;1.256070e-01;6.360571e-02;5.579314e-02;6.621827e-02;1.069560e-01;9.458666e-02;7.718732e-02;6.542173e-02;9.650097e-02;3.521591e-02
7.912301e-02;7.248510e-02;1.483950e-01;7.734833e-02;5.025484e-02;4.227076e-02;1.480256e-01;1.044102e-01;8.745709e-02;5.977259e-02;9.163000e-02;3.882751e-02
7.381165e-02;5.241083e-02;1.396552e-01;5.957139e-02;4.455307e-02;6.573596e-02;1.644539e-01;9.140079e-02;8.515325e-02;7.280474e-02;8.623433e-02;6.421492e-02
1.320167e-01;5.571610e-02;1.050384e-01;4.906638e-02;4.698039e-02;9.065201e-02;1.689609e-01;8.472834e-02;6.769915e-02;8.894803e-02;4.396982e-02;6.622379e-02
1.549444e-01;4.830842e-02;9.116665e-02;5.131042e-02;6.074430e-02;9.119581e-02;1.718254e-01;9.011798e-02;5.818181e-02;9.715939e-02;2.817670e-02;5.686870e-02
1.144754e-01;8.303456e-02;1.161532e-01;6.289266e-02;6.766497e-02;9.691080e-02;1.666071e-01;4.415920e-02;6.115566e-02;8.429444e-02;4.327616e-02;5.937579e-02
1.118854e-01;9.413438e-02;1.402399e-01;7.897528e-02;4.691441e-02;1.062086e-01;1.347564e-01;3.522258e-02;8.257501e-02;7.647791e-02;3.628294e-02;5.632720e-02
1.289450e-01;5.224080e-02;1.782884e-01;6.870438e-02;6.500103e-02;8.145642e-02;1.166126e-01;3.429670e-02;1.094314e-01;8.848360e-02;4.175945e-02;3.478024e-02
8.479239e-02;5.315566e-02;1.619669e-01;5.753051e-02;7.122416e-02;8.100337e-02;1.294364e-01;4.420295e-02;1.257366e-01;1.046749e-01;4.531967e-02;4.095648e-02
9.764279e-02;7.924846e-02;8.973195e-02;7.294433e-02;5.995154e-02;5.872862e-02;8.140187e-02;5.155351e-02;1.105038e-01;1.486708e-01;7.604140e-02;7.358097e-02
1.294600e-01;8.259092e-02;1.112420e-01;5.694398e-02;4.336740e-02;2.643661e-02;6.126798e-02;6.100297e-02;9.246410e-02;1.204883e-01;9.895219e-02;1.157837e-01
8.911375e-02;7.162442e-02;9.693906e-02;2.876606e-02;6.296683e-02;7.275558e-02;1.649544e-01;9.957388e-02;7.393224e-02;6.439283e-02;8.021807e-02;9.476285e-02
9.527919e-02;6.350591e-02;1.076647e-01;2.290220e-02;6.906444e-02;1.213933e-01;2.181815e-01;9.954053e-02;7.145461e-02;4.058952e-02;3.448076e-02;5.594330e-02
8.513287e-02;4.538763e-02;1.235082e-01;5.398923e-02;7.097089e-02;1.114294e-01;2.280102e-01;1.186468e-01;5.321201e-02;2.802947e-02;3.807946e-02;4.360383e-02
7.792023e-02;1.908886e-02;1.672309e-01;6.904584e-02;7.027715e-02;7.679312e-02;2.271142e-01;1.457553e-01;4.235271e-02;4.057777e-02;3.497984e-02;2.886412e-02
7.970170e-02;1.580106e-02;2.101654e-01;4.516373e-02;5.574353e-02;5.475428e-02;2.802081e-01;1.279559e-01;3.310643e-02;6.974839e-02;1.894831e-02;8.703311e-03
6.120498e-02;3.052210e-02;2.273281e-01;2.357694e-02;5.300051e-02;5.313692e-02;3.187260e-01;6.145846e-02;2.287512e-02;8.742357e-02;3.356203e-02;2.718526e-02
2.873729e-02;5.404085e-02;1.933431e-01;2.659504e-02;6.227305e-02;9.962733e-02;3.042566e-01;2.670014e-02;5.161679e-02;6.148661e-02;2.506111e-02;6.626211e-02
2.874488e-02;8.100096e-02;1.223469e-01;2.887662e-02;6.704734e-02;1.356740e-01;2.725977e-01;2.571774e-02;6.687857e-02;4.406974e-02;3.638924e-02;9.065626e-02
5.865235e-02;7.877540e-02;7.691184e-02;2.114942e-02;7.292631e-02;1.208787e-01;2.429219e-01;5.805130e-02;4.348865e-02;5.581893e-02;8.267490e-02;8.775026e-02
1.050736e-01;6.792776e-02;1.143178e-01;3.358525e-02;6.473492e-02;6.325230e-02;1.568570e-01;7.533807e-02;3.952797e-02;5.098616e-02;1.006255e-01;1.277737e-01
9.115723e-02;8.659320e-02;1.202908e-01;6.677397e-02;6.910557e-02;4.135224e-02;1.481418e-01;4.829983e-02;6.780350e-02;6.852887e-02;7.963518e-02;1.123178e-01
7.418595e-02;7.415712e-02;7.424434e-02;6.192666e-02;7.555550e-02;4.078820e-02;2.265874e-01;5.247601e-02;8.870205e-02;6.248964e-02;1.152880e-01;5.359912e-02
6.121277e-02;5.051113e-02;9.621152e-02;5.220776e-02;6.000404e-02;4.082248e-02;2.303248e-01;5.574402e-02;7.144820e-02;2.970530e-02;1.558200e-01;9.598803e-02
7.527038e-02;3.405681e-02;1.164815e-01;4.371020e-02;4.428163e-02;8.473310e-02;2.218103e-01;6.197808e-02;3.127819e-02;6.085338e-02;1.214280e-01;1.041185e-01
1.533211e-01;7.578974e-02;1.211538e-01;7.006986e-02;8.152225e-02;7.361753e-02;1.705940e-01;4.947392e-02;3.527032e-02;1.063626e-01;4.221615e-02;2.060882e-02
1.435203e-01;8.358824e-02;1.319779e-01;7.560807e-02;8.211261e-02;3.255549e-02;1.194607e-01;7.467955e-02;2.767517e-02;9.326130e-02;7.457483e-02;6.098587e-02
1.091956e-01;5.669303e-02;2.272535e-01;7.768296e-02;5.512007e-02;2.835327e-02;8.859700e-02;8.541328e-02;2.657125e-02;8.454391e-02;1.092705e-01;5.130572e-02
1.335471e-01;2.241489e-02;2.951630e-01;6.918958e-02;2.737737e-02;2.362236e-02;1.282850e-01;7.100849e-02;2.313588e-02;6.566565e-02;1.060015e-01;3.458915e-02
1.490013e-01;1.320808e-02;3.386094e-01;4.752936e-02;2.339218e-02;1.622860e-02;1.607324e-01;4.068674e-02;2.031014e-02;9.264880e-02;7.433426e-02;2.331873e-02
1.163245e-01;1.992361e-02;3.734035e-01;3.741201e-02;1.687594e-02;8.554020e-03;1.472776e-01;2.396478e-02;2.071041e-02;1.476762e-01;5.489510e-02;3.298227e-02
9.325357e-02;2.099138e-02;3.984371e-01;3.405181e-02;1.381555e-02;1.973655e-02;1.364498e-01;1.113203e-02;1.649307e-02;1.768842e-01;4.891134e-02;2.984356e-02
9.588540e-02;3.226671e-02;4.293270e-01;2.777961e-02;1.192795e-02;2.403656e-02;1.324699e-01;9.121713e-03;1.711344e-02;1.773709e-01;2.616121e-02;1.653961e-02
1.023243e-01;6.887825e-02;4.095317e-01;2.242523e-02;1.221940e-02;2.570199e-02;1.074491e-01;1.252308e-02;4.643047e-02;1.286380e-01;2.658058e-02;3.729807e-02
1.062722e-01;1.319048e-01;3.604228e-01;1.317616e-02;8.160630e-03;2.869594e-02;7.483930e-02;1.377334e-02;7.841862e-02;6.679888e-02;2.118046e-02;9.635696e-02
8.931410e-02;2.087789e-01;3.005868e-01;1.392258e-02;6.631328e-03;2.956373e-02;4.692096e-02;1.125452e-02;1.001905e-01;3.531954e-02;1.119604e-02;1.463211e-01
1.006477e-01;2.673459e-01;2.338399e-01;1.853603e-02;6.681279e-03;2.605753e-02;2.911612e-02;1.080216e-02;1.157511e-01;2.633843e-02;1.878260e-02;1.461013e-01
1.610309e-01;2.965414e-01;1.717228e-01;2.539542e-02;8.817456e-03;2.488367e-02;2.304476e-02;1.737595e-02;1.206482e-01;2.052686e-02;2.689550e-02;1.031172e-01
2.230189e-01;2.800426e-01;1.215350e-01;2.923331e-02;1.926745e-02;2.763249e-02;4.726977e-02;2.359209e-02;1.080048e-01;2.514555e-02;4.525442e-02;5.000363e-02
2.634934e-01;2.354476e-01;9.310234e-02;2.093315e-02;3.193783e-02;2.787695e-02;9.283403e-02;3.442595e-02;9.177434e-02;1.936269e-02;7.100371e-02;1.780802e-02
2.299189e-01;1.838398e-01;9.151209e-02;2.740418e-02;4.018015e-02;2.587894e-02;1.396051e-01;5.181160e-02;7.188948e-02;2.511071e-02;8.993560e-02;2.291347e-02
1.931886e-01;1.436473e-01;1.247314e-01;3.331385e-02;4.560291e-02;2.245965e-02;1.622092e-01;6.097382e-02;6.717815e-02;3.042033e-02;1.019355e-01;1.433925e-02
2.087955e-01;1.012700e-01;1.440265e-01;2.439132e-02;4.957061e-02;2.284423e-02;1.625471e-01;6.481522e-02;6.754652e-02;2.830471e-02;1.010545e-01;2.483387e-02
2.004144e-01;1.144668e-01;1.612756e-01;2.972330e-02;4.711343e-02;2.405964e-02;1.501211e-01;7.145213e-02;7.245724e-02;2.686088e-02;8.733138e-02;1.472411e-02
1.502859e-01;1.438106e-01;1.824109e-01;6.109820e-02;3.804245e-02;2.942799e-02;1.151073e-01;6.389757e-02;7.850502e-02;5.311661e-02;7.058623e-02;1.371123e-02
1.098554e-01;1.689916e-01;1.815825e-01;1.071632e-01;3.525719e-02;3.704782e-02;7.022541e-02;5.766433e-02;1.006654e-01;6.289974e-02;5.541975e-02;1.322766e-02
8.437119e-02;1.713348e-01;2.070608e-01;1.290900e-01;2.986399e-02;5.049062e-02;5.963204e-02;3.677215e-02;1.123907e-01;5.186560e-02;3.509144e-02;3.203659e-02
7.939810e-02;1.192586e-01;2.667417e-01;1.136436e-01;3.173071e-02;5.211879e-02;6.262116e-02;4.288141e-02;9.354895e-02;6.162286e-02;2.571461e-02;5.071953e-02
7.303921e-02;5.736943e-02;3.451388e-01;9.277716e-02;6.047616e-02;4.040266e-02;9.347824e-02;4.384964e-02;5.153482e-02;6.462601e-02;3.433423e-02;4.297361e-02
7.729723e-02;4.968452e-02;3.480742e-01;1.300394e-01;7.952252e-02;4.168991e-02;8.304315e-02;4.397754e-02;2.066486e-02;5.015284e-02;5.686324e-02;1.899051e-02
4.796632e-02;4.704086e-02;2.433353e-01;1.750593e-01;1.238028e-01;6.336369e-02;5.857528e-02;6.134930e-02;2.725595e-02;3.137396e-02;7.730810e-02;4.356907e-02
1.426622e-02;4.930284e-02;1.178697e-01;1.718363e-01;2.048954e-01;6.262792e-02;4.534959e-02;6.963695e-02;6.941875e-02;2.089621e-02;7.442176e-02;9.947834e-02
4.990507e-02;3.459809e-02;8.091898e-02;1.058942e-01;2.586313e-01;7.743984e-02;5.899703e-02;4.579690e-02;1.056282e-01;2.582362e-02;3.766832e-02;1.186985e-01
1.196094e-01;2.842627e-02;7.546200e-02;5.306770e-02;2.159429e-01;1.416820e-01;1.031952e-01;2.632444e-02;8.928538e-02;4.370352e-02;1.833445e-02;8.496673e-02
1.559120e-01;4.244070e-02;3.963045e-02;5.285130e-02;1.356301e-01;1.974443e-01;1.875815e-01;1.827057e-02;4.548777e-02;6.345163e-02;1.330625e-02;4.799329e-02
1.319613e-01;7.358544e-02;1.989052e-02;6.793725e-02;7.120958e-02;1.883086e-01;3.035344e-01;1.329251e-02;1.558173e-02;5.483655e-02;3.033871e-02;2.952335e-02
9.550500e-02;9.430239e-02;3.309690e-02;5.299794e-02;5.239704e-02;1.352190e-01;3.867545e-01;1.906749e-02;2.649459e-02;3.340395e-02;5.146071e-02;1.930053e-02
7.549614e-02;1.132279e-01;2.083384e-02;2.360599e-02;5.895153e-02;9.888891e-02;4.316188e-01;2.872398e-02;4.642119e-02;3.059421e-02;6.251691e-02;9.120530e-03
6.081030e-02;1.192048e-01;2.903390e-02;2.368963e-02;4.751974e-02;6.890032e-02;4.652622e-01;3.516380e-02;5.828986e-02;3.144234e-02;5.296167e-02;7.721463e-03
5.087769e-02;1.053431e-01;5.896441e-02;2.300547e-02;4.563707e-02;3.785594e-02;4.852796e-01;4.857422e-02;4.812204e-02;3.167735e-02;5.122130e-02;1.344185e-02
3.757268e-02;9.840063e-02;5.737043e-02;1.326079e-02;6.298713e-02;3.902667e-02;5.094763e-01;5.429038e-02;3.959196e-02;2.486719e-02;5.254790e-02;1.060790e-02
2.583867e-02;9.962355e-02;5.145610e-02;1.050757e-02;5.220155e-02;4.079554e-02;5.413992e-01;5.238611e-02;4.562403e-02;2.186860e-02;4.909115e-02;9.207997e-03
3.724844e-02;9.713286e-02;4.304276e-02;1.120023e-02;4.516491e-02;4.211939e-02;5.533929e-01;5.736778e-02;4.243829e-02;2.204674e-02;4.063848e-02;8.207148e-03
5.751078e-02;8.853804e-02;3.342389e-02;1.373852e-02;5.364267e-02;6.656796e-02;5.467807e-01;5.381155e-02;2.965120e-02;2.137509e-02;2.590032e-02;9.059316e-03
8.402459e-02;7.535739e-02;3.593178e-02;2.010729e-02;6.963221e-02;1.002214e-01;5.076216e-01;3.038189e-02;2.152927e-02;2.313103e-02;1.533236e-02;1.672918e-02
1.411088e-01;6.697778e-02;6.470805e-02;3.274445e-02;5.799058e-02;1.311999e-01;3.456402e-01;3.266377e-02;3.870695e-02;3.838645e-02;2.502398e-02;2.484912e-02
2.161239e-01;6.875759e-02;5.069123e-02;3.758359e-02;4.863433e-02;1.272880e-01;2.872880e-01;3.461448e-02;3.027319e-02;4.414056e-02;2.290714e-02;3.169796e-02
2.704864e-01;7.238088e-02;3.012339e-02;3.669835e-02;5.728706e-02;1.404739e-01;2.651808e-01;2.827704e-02;1.673848e-02;4.862127e-02;1.086217e-02;2.287026e-02
3.089869e-01;8.091625e-02;1.114353e-02;3.761866e-02;5.450604e-02;1.508779e-01;2.490146e-01;2.493179e-02;1.095347e-02;5.178169e-02;3.021182e-03;1.624792e-02
3.290907e-01;7.770392e-02;1.160569e-02;3.597616e-02;5.832875e-02;1.551735e-01;2.137791e-01;2.494949e-02;1.697792e-02;5.319827e-02;5.577493e-03;1.763903e-02
3.425796e-01;7.864359e-02;9.253883e-03;3.218611e-02;6.455947e-02;1.600038e-01;1.964293e-01;2.715522e-02;1.428951e-02;5.291595e-02;3.543318e-03;1.844026e-02
3.340777e-01;8.539192e-02;1.461686e-02;2.551631e-02;6.946906e-02;1.635623e-01;1.810641e-01;3.022042e-02;1.764350e-02;5.238966e-02;4.756599e-03;2.129160e-02
2.991357e-01;8.135071e-02;2.700901e-02;2.744592e-02;8.026461e-02;1.699758e-01;1.847928e-01;3.103375e-02;2.097899e-02;5.021208e-02;3.886575e-03;2.391404e-02
2.503091e-01;5.716035e-02;5.465806e-02;3.059870e-02;1.084356e-01;1.783457e-01;1.591173e-01;4.019856e-02;3.032782e-02;4.438025e-02;1.261864e-02;3.384997e-02
2.233515e-01;3.019761e-02;7.928998e-02;2.779101e-02;1.615903e-01;2.116543e-01;5.812021e-02;5.705561e-02;4.371756e-02;4.416858e-02;2.518871e-02;3.787468e-02
1.863065e-01;2.951863e-02;5.278401e-02;1.943525e-02;1.515947e-01;1.796310e-01;2.133541e-01;5.530326e-02;2.116572e-02;2.891043e-02;2.580123e-02;3.619514e-02
1.392308e-01;2.968533e-02;6.775849e-02;1.705999e-02;1.646778e-01;1.355464e-01;2.255323e-01;3.316567e-02;8.344357e-02;1.980701e-02;2.834874e-02;5.574386e-02
9.821706e-02;1.588261e-02;6.513857e-02;1.708107e-02;1.744377e-01;1.305084e-01;1.981647e-01;2.677858e-02;1.490046e-01;1.645747e-02;2.297903e-02;8.535029e-02
7.578302e-02;1.286688e-02;6.487274e-02;2.258869e-02;1.646505e-01;1.419437e-01;1.765187e-01;2.185392e-02;1.774437e-01;2.008100e-02;1.161359e-02;1.097836e-01
5.277292e-02;7.780796e-03;4.697439e-02;2.912616e-02;1.782201e-01;1.354291e-01;1.513583e-01;1.524036e-02;2.127142e-01;1.667209e-02;9.117124e-03;1.445945e-01
2.969837e-02;7.681086e-03;4.500249e-02;3.342905e-02;1.881289e-01;9.910008e-02;1.264017e-01;2.193881e-02;2.496199e-01;1.310364e-02;7.706336e-03;1.781897e-01
2.040962e-02;1.225610e-02;4.631997e-02;3.979984e-02;1.828157e-01;5.342847e-02;1.113159e-01;3.273118e-02;2.686212e-01;1.044963e-02;1.990854e-02;2.019439e-01
1.499034e-02;2.505037e-02;4.792284e-02;5.144130e-02;1.692539e-01;3.752466e-02;9.055821e-02;6.621734e-02;2.673278e-01;1.144168e-02;2.628236e-02;1.919892e-01
2.441889e-02;4.950389e-02;6.624279e-02;7.074869e-02;1.546575e-01;2.947846e-02;5.617514e-02;9.455854e-02;2.530287e-01;1.700200e-02;3.687660e-02;1.473089e-01
3.039742e-02;8.304225e-02;8.034658e-02;8.657578e-02;1.269042e-01;3.000253e-02;5.017537e-02;1.704129e-01;1.785432e-01;2.587240e-02;6.992200e-02;6.780537e-02
3.186637e-02;1.029709e-01;1.011454e-01;9.577828e-02;8.775628e-02;3.704188e-02;6.772246e-02;2.246709e-01;1.051692e-01;2.348059e-02;1.002164e-01;2.218125e-02
3.774012e-02;9.248962e-02;1.245857e-01;9.047818e-02;6.700184e-02;5.096685e-02;9.980005e-02;2.035429e-01;6.908621e-02;2.806249e-02;9.612130e-02;4.012473e-02
4.798100e-02;8.097777e-02;1.444922e-01;7.174801e-02;5.587909e-02;5.629525e-02;1.515831e-01;1.656702e-01;5.799722e-02;3.561398e-02;9.660824e-02;3.515391e-02
5.492120e-02;6.723126e-02;1.105825e-01;6.057358e-02;7.825398e-02;7.923113e-02;1.410347e-01;1.536531e-01;6.188709e-02;3.702803e-02;1.021107e-01;5.349275e-02
3.834493e-02;7.501161e-02;9.153698e-02;8.192353e-02;1.100556e-01;8.456076e-02;1.572699e-01;1.706230e-01;4.465933e-02;3.249912e-02;5.963077e-02;5.388439e-02
2.692561e-02;8.548564e-02;9.933281e-02;8.264256e-02;1.095764e-01;7.360519e-02;1.697783e-01;1.198443e-01;5.476817e-02;4.950093e-02;4.302111e-02;8.551898e-02
2.746583e-02;9.303010e-02;1.199930e-01;6.266207e-02;1.026507e-01;7.794272e-02;1.445083e-01;9.773660e-02;7.716431e-02;4.578808e-02;6.651809e-02;8.454023e-02
3.076116e-02;9.151141e-02;6.370868e-02;8.613656e-02;1.240926e-01;7.599135e-02;1.046473e-01;1.342708e-01;1.120894e-01;3.951564e-02;7.155649e-02;6.571865e-02
5.499809e-02;4.212830e-02;7.697766e-02;9.263149e-02;1.344211e-01;4.977778e-02;1.483601e-01;1.327377e-01;1.382739e-01;3.535864e-02;4.190533e-02;5.242999e-02
5.722434e-02;3.189821e-02;5.085746e-02;7.332967e-02;1.596655e-01;7.424475e-02;1.726577e-01;1.222056e-01;1.484454e-01;3.121978e-02;1.783710e-02;6.041442e-02
5.616319e-02;6.593665e-02;5.828319e-02;5.588920e-02;1.632240e-01;8.293360e-02;1.498121e-01;9.754126e-02;1.310423e-01;4.800466e-02;2.773677e-02;6.343310e-02
1.247371e-01;8.695157e-02;8.903979e-02;5.150980e-02;1.272320e-01;8.171996e-02;1.187289e-01;2.490724e-02;1.204204e-01;5.230260e-02;6.966534e-02;5.278536e-02
9.487930e-02;5.562351e-02;1.564827e-01;7.827500e-02;8.442402e-02;7.746198e-02;9.959862e-02;7.438032e-02;8.382481e-02;3.264797e-02;9.364598e-02;6.875585e-02
5.984317e-02;5.144852e-02;1.415506e-01;7.494999e-02;7.648496e-02;6.637423e-02;1.174655e-01;1.140100e-01;9.926321e-02;5.372183e-02;6.881006e-02;7.607792e-02
5.497964e-02;5.613807e-02;1.251404e-01;5.532426e-02;7.819402e-02;4.845310e-02;1.182843e-01;1.412670e-01;9.414680e-02;9.246372e-02;6.384481e-02;7.176382e-02
4.748776e-02;5.360441e-02;1.427748e-01;4.866369e-02;8.584060e-02;5.553876e-02;1.119121e-01;1.208529e-01;1.073056e-01;9.073821e-02;8.484324e-02;5.043792e-02
9.683050e-02;7.844865e-02;6.770460e-02;5.302218e-02;6.932557e-02;9.036856e-02;1.285963e-01;9.579371e-02;1.230315e-01;5.619872e-02;7.874626e-02;6.193344e-02
1.108810e-01;8.446418e-02;1.103942e-01;5.089536e-02;4.599938e-02;6.983224e-02;1.342143e-01;6.972255e-02;8.909809e-02;6.753144e-02;9.197894e-02;7.498834e-02
1.149152e-01;8.367891e-02;1.206783e-01;4.694918e-02;5.294347e-02;7.048544e-02;1.279879e-01;6.712664e-02;8.469691e-02;6.128440e-02;9.498945e-02;7.426420e-02
1.096049e-01;8.564902e-02;1.081765e-01;4.889689e-02;6.123723e-02;8.673132e-02;1.073970e-01;6.981887e-02;9.646761e-02;4.113851e-02;1.089889e-01;7.589331e-02
1.150881e-01;4.697743e-02;1.730348e-01;7.103237e-02;7.155661e-02;6.677248e-02;1.278007e-01;7.107583e-02;5.987095e-02;5.482575e-02;5.926760e-02;8.269726e-02
1.558011e-01;5.830920e-02;1.707297e-01;5.492111e-02;7.221444e-02;6.636705e-02;1.268053e-01;6.553597e-02;3.319520e-02;5.725550e-02;6.497525e-02;7.389019e-02
2.222515e-01;8.464527e-02;1.304770e-01;3.776075e-02;6.171444e-02;5.879063e-02;1.262172e-01;7.493690e-02;3.217314e-02;4.753726e-02;5.363088e-02;6.986497e-02
2.869960e-01;1.057372e-01;7.428679e-02;3.636255e-02;4.829534e-02;4.528421e-02;1.541385e-01;9.250623e-02;2.215246e-02;3.603624e-02;3.599720e-02;6.220729e-02
3.090437e-01;1.133222e-01;6.818896e-02;3.315308e-02;3.861886e-02;3.481361e-02;1.739996e-01;1.039870e-01;1.886509e-02;3.287000e-02;2.054050e-02;5.259739e-02
2.957925e-01;1.032150e-01;5.510962e-02;3.113859e-02;3.226698e-02;3.244727e-02;2.273430e-01;1.107047e-01;1.540458e-02;2.860783e-02;2.140038e-02;4.656945e-02
2.681059e-01;7.157844e-02;4.915776e-02;2.843752e-02;2.590035e-02;3.664583e-02;2.977087e-01;1.074853e-01;2.456508e-02;2.600642e-02;1.655586e-02;4.785275e-02
2.627042e-01;5.985022e-02;3.903376e-02;2.513675e-02;2.448134e-02;4.400459e-02;3.220156e-01;1.016660e-01;2.348751e-02;2.833998e-02;1.727050e-02;5.200946e-02
2.547839e-01;5.590420e-02;4.072236e-02;2.738138e-02;2.313286e-02;5.265118e-02;3.165863e-01;9.085578e-02;3.185231e-02;3.210416e-02;2.069846e-02;5.332716e-02
2.723545e-01;3.368868e-02;2.738417e-02;2.878663e-02;2.623090e-02;7.410077e-02;3.117464e-01;8.398582e-02;3.487722e-02;3.348335e-02;1.827910e-02;5.508237e-02
3.015597e-01;3.758058e-02;4.158361e-02;2.883680e-02;2.194173e-02;7.015292e-02;2.635170e-01;8.655163e-02;3.240080e-02;3.449057e-02;1.517510e-02;6.620959e-02
3.166990e-01;6.150940e-02;4.185899e-02;2.635058e-02;1.332702e-02;6.427381e-02;2.510030e-01;8.651518e-02;2.708110e-02;2.948970e-02;1.543446e-02;6.645778e-02
3.431218e-01;6.336784e-02;3.527425e-02;2.926821e-02;2.145382e-02;7.839813e-02;2.212041e-01;9.110975e-02;2.118062e-02;2.445826e-02;1.136459e-02;5.979864e-02
3.577632e-01;7.063337e-02;3.421744e-02;3.316935e-02;3.457929e-02;7.450373e-02;1.769088e-01;9.907895e-02;2.815169e-02;1.702785e-02;1.659170e-02;5.737461e-02
3.591072e-01;8.380958e-02;3.443305e-02;3.884582e-02;3.926850e-02;4.774149e-02;1.595409e-01;1.094141e-01;2.400115e-02;2.095725e-02;1.977497e-02;6.310589e-02
3.193218e-01;7.863444e-02;4.108654e-02;4.438712e-02;4.120744e-02;4.503695e-02;1.574854e-01;1.121458e-01;2.509164e-02;2.803394e-02;3.096343e-02;7.660554e-02
2.772271e-01;4.642060e-02;5.480364e-02;5.520565e-02;4.403327e-02;5.504373e-02;1.808010e-01;1.115646e-01;2.739585e-02;3.881613e-02;2.969464e-02;7.899373e-02
2.134060e-01;3.730552e-02;7.645620e-02;5.899272e-02;4.810499e-02;6.504159e-02;2.084966e-01;9.631395e-02;3.357570e-02;5.350412e-02;2.954215e-02;7.926042e-02
1.569042e-01;4.509438e-02;8.451063e-02;5.015216e-02;4.656329e-02;8.229490e-02;2.043558e-01;1.007280e-01;4.317319e-02;6.741875e-02;4.127377e-02;7.753088e-02
9.861335e-02;3.050519e-02;8.592402e-02;5.013414e-02;4.674076e-02;6.994209e-02;1.672179e-01;1.346576e-01;1.090549e-01;9.028634e-02;4.642712e-02;7.049660e-02
5.909750e-02;4.518070e-02;7.569227e-02;4.017920e-02;4.181961e-02;5.550040e-02;9.799591e-02;1.694579e-01;1.806402e-01;1.221859e-01;5.843176e-02;5.381854e-02
6.790141e-02;5.646856e-02;8.524484e-02;4.471009e-02;4.421870e-02;5.955758e-02;1.287512e-01;1.194573e-01;1.355013e-01;1.284527e-01;6.993006e-02;5.980622e-02
6.290944e-02;6.587294e-02;8.484393e-02;5.282389e-02;5.039983e-02;6.351980e-02;1.515605e-01;9.318452e-02;1.078091e-01;1.256808e-01;6.614029e-02;7.525495e-02
6.139395e-02;7.880086e-02;6.580915e-02;6.260089e-02;6.497002e-02;5.844240e-02;1.709244e-01;8.610942e-02;1.058171e-01;1.261932e-01;5.168134e-02;6.725734e-02
6.001333e-02;5.022895e-02;1.106470e-01;6.297305e-02;5.445024e-02;5.033139e-02;1.339689e-01;9.040130e-02;1.135930e-01;1.418332e-01;8.703259e-02;4.452709e-02
9.481210e-02;5.892919e-02;1.274524e-01;6.053990e-02;3.537894e-02;5.379589e-02;1.204588e-01;8.675522e-02;1.010310e-01;1.413143e-01;8.902014e-02;3.051225e-02
1.246546e-01;7.874107e-02;5.234688e-02;5.644570e-02;4.012035e-02;4.744111e-02;1.176907e-01;7.413286e-02;1.150946e-01;1.089857e-01;1.220416e-01;6.230486e-02
9.899109e-02;6.180225e-02;8.630361e-02;5.293247e-02;4.888321e-02;3.387129e-02;1.339513e-01;6.399524e-02;1.381555e-01;7.174914e-02;1.116446e-01;9.772041e-02
8.468823e-02;3.159014e-02;6.338648e-02;6.043243e-02;7.341104e-02;6.302831e-02;1.576071e-01;9.283628e-02;1.173412e-01;4.310634e-02;9.721266e-02;1.153598e-01
1.012577e-01;3.242733e-02;8.657426e-02;5.648386e-02;7.909346e-02;6.509697e-02;1.102067e-01;1.104215e-01;7.653125e-02;5.553781e-02;8.122265e-02;1.451465e-01
1.175651e-01;4.554484e-02;9.064400e-02;5.678384e-02;5.545325e-02;5.748694e-02;1.090537e-01;9.990406e-02;8.926333e-02;6.804165e-02;7.295081e-02;1.373085e-01
1.301301e-01;5.490754e-02;7.010276e-02;7.233937e-02;3.764842e-02;6.350179e-02;1.226783e-01;7.661762e-02;9.691627e-02;8.360998e-02;8.018835e-02;1.113595e-01
1.314719e-01;5.988939e-02;9.124794e-02;8.227687e-02;3.755184e-02;7.592127e-02;9.555735e-02;4.272654e-02;1.285363e-01;9.385011e-02;9.331984e-02;6.765063e-02
1.072010e-01;6.068921e-02;1.138896e-01;5.896809e-02;5.374032e-02;5.743622e-02;9.128781e-02;8.027415e-02;1.306157e-01;9.564807e-02;9.551940e-02;5.473049e-02
