7.004258e-02;5.341743e-02;3.049478e-01;5.901618e-02;5.703637e-02;5.688167e-02;7.909095e-02;6.291487e-02;7.618011e-02;5.558269e-02;7.293686e-02;5.195253e-02
1.016815e-01;3.814517e-02;1.909661e-01;7.393625e-02;6.010052e-02;4.664245e-02;1.145196e-01;5.787728e-02;9.732784e-02;7.722683e-02;9.311017e-02;4.846638e-02
9.511770e-02;4.769542e-02;1.401709e-01;4.986758e-02;4.588633e-02;5.317009e-02;1.345448e-01;9.285101e-02;1.236098e-01;8.753253e-02;6.878061e-02;6.077333e-02
9.424365e-02;6.177647e-02;1.020320e-01;4.864892e-02;5.277698e-02;5.273709e-02;1.502419e-01;1.076855e-01;1.189589e-01;8.482232e-02;6.230178e-02;6.377444e-02
8.534050e-02;5.309210e-02;1.919379e-01;4.866775e-02;5.405739e-02;4.339214e-02;1.496698e-01;1.001842e-01;7.175678e-02;8.097722e-02;5.179734e-02;6.912692e-02
6.188193e-02;3.559673e-02;4.689871e-01;4.441209e-02;4.392846e-02;2.850678e-02;1.037949e-01;4.661917e-02;2.341601e-02;6.144030e-02;4.616057e-02;3.525592e-02
8.252220e-02;4.121784e-02;4.032002e-01;3.441056e-02;6.997123e-02;3.973893e-02;1.416736e-01;4.197400e-02;2.183821e-02;4.548396e-02;5.333576e-02;2.463355e-02
1.041800e-01;3.539387e-02;2.217453e-01;1.802130e-02;7.441564e-02;6.124371e-02;2.022348e-01;4.269693e-02;3.393863e-02;5.749147e-02;9.314096e-02;5.549750e-02
8.196025e-02;2.239105e-02;1.298558e-01;2.527090e-02;6.671497e-02;7.424720e-02;1.737582e-01;2.695971e-02;7.137936e-02;9.934829e-02;1.344783e-01;9.363595e-02
3.915231e-02;2.462559e-02;9.383992e-02;2.677823e-02;4.474122e-02;8.238786e-02;1.868637e-01;3.544647e-02;8.239756e-02;1.122473e-01;1.641668e-01;1.073531e-01
4.010063e-02;3.065048e-02;5.017769e-02;2.210348e-02;2.843159e-02;1.005924e-01;1.513704e-01;2.574465e-02;6.032694e-02;1.294417e-01;2.419970e-01;1.190630e-01
7.885896e-02;5.391287e-02;1.215156e-01;3.696891e-02;3.388580e-02;7.376795e-02;9.127801e-02;5.206307e-02;6.115085e-02;1.124134e-01;1.948112e-01;8.937338e-02
1.618670e-01;8.832338e-02;1.397139e-01;4.952590e-02;4.326760e-02;4.755474e-02;1.228711e-01;4.614109e-02;6.281406e-02;8.488810e-02;8.531331e-02;6.771983e-02
2.134025e-01;1.301538e-01;1.589189e-01;4.803263e-02;4.250825e-02;3.990180e-02;1.266982e-01;2.970486e-02;6.390160e-02;5.309954e-02;4.007273e-02;5.360523e-02
1.902753e-01;1.575388e-01;2.063235e-01;4.132155e-02;3.227102e-02;4.025767e-02;9.005549e-02;4.792948e-02;6.312305e-02;5.274638e-02;4.414653e-02;3.401120e-02
1.687216e-01;1.607749e-01;1.483766e-01;2.637082e-02;3.971050e-02;5.300761e-02;8.583236e-02;6.201024e-02;9.561731e-02;5.820498e-02;6.502341e-02;3.634970e-02
1.228008e-01;1.195550e-01;9.076940e-02;2.283485e-02;4.415442e-02;9.637360e-02;1.212311e-01;3.784343e-02;1.444901e-01;5.540524e-02;8.978896e-02;5.475307e-02
9.208580e-02;7.126310e-02;7.403863e-02;2.248363e-02;4.229715e-02;1.050958e-01;1.365905e-01;4.149286e-02;1.903864e-01;4.033808e-02;1.239544e-01;5.997360e-02
7.768597e-02;5.281998e-02;6.072145e-02;1.826853e-02;5.243271e-02;5.823790e-02;1.144447e-01;8.576373e-02;2.165273e-01;4.250351e-02;1.865346e-01;3.405970e-02
9.572572e-02;4.650095e-02;5.951473e-02;1.178007e-02;6.204099e-02;2.520685e-02;7.843999e-02;7.341997e-02;2.000615e-01;4.616814e-02;2.617216e-01;3.941947e-02
1.162310e-01;5.367318e-02;6.842606e-02;9.214121e-03;6.468506e-02;1.965675e-02;4.374534e-02;8.986412e-02;1.585716e-01;5.796038e-02;2.826536e-01;3.531868e-02
1.109349e-01;5.837408e-02;7.058296e-02;2.192127e-02;6.215289e-02;2.966354e-02;6.043337e-02;9.265454e-02;1.051261e-01;1.141128e-01;2.010112e-01;7.303223e-02
9.384382e-02;4.818929e-02;9.866731e-02;3.325142e-02;5.491526e-02;3.924286e-02;9.831503e-02;1.055138e-01;5.637629e-02;2.123024e-01;9.707887e-02;6.230364e-02
1.187925e-01;3.851217e-02;1.160934e-01;2.629281e-02;3.465006e-02;4.107350e-02;1.084987e-01;1.623211e-01;2.152298e-02;2.129780e-01;8.918337e-02;3.008139e-02
1.672376e-01;3.804513e-02;8.607987e-02;2.563512e-02;3.260687e-02;2.599754e-02;1.299057e-01;2.046141e-01;3.712357e-02;1.182327e-01;9.497575e-02;3.954609e-02
1.976227e-01;6.693099e-02;8.920550e-02;1.623653e-02;3.528471e-02;1.125925e-02;1.394727e-01;2.310948e-01;6.172227e-02;5.075029e-02;5.636241e-02;4.405784e-02
2.158826e-01;1.142274e-01;1.310017e-01;8.621608e-03;3.314560e-02;1.060112e-02;1.012257e-01;2.009706e-01;1.075688e-01;2.209461e-02;2.479208e-02;2.986809e-02
2.261149e-01;1.236335e-01;1.620273e-01;1.328174e-02;3.705904e-02;2.097294e-02;5.280566e-02;1.334939e-01;1.209479e-01;4.598192e-02;3.392457e-02;2.975664e-02
2.398525e-01;1.006227e-01;1.289760e-01;1.891230e-02;4.274610e-02;2.820907e-02;4.972494e-02;1.273192e-01;8.696981e-02;7.403535e-02;6.356879e-02;3.906319e-02
2.040037e-01;1.221028e-01;1.411132e-01;2.330793e-02;1.820594e-02;3.385470e-02;5.799139e-02;1.639115e-01;5.231925e-02;7.660849e-02;7.115258e-02;3.542852e-02
1.941609e-01;9.517126e-02;1.338207e-01;2.192635e-02;2.502972e-02;3.543406e-02;5.920452e-02;1.741965e-01;7.842738e-02;9.273712e-02;5.994929e-02;2.994213e-02
2.023972e-01;6.798611e-02;1.438119e-01;2.202166e-02;2.932438e-02;3.722478e-02;5.957966e-02;1.768293e-01;1.020904e-01;8.731880e-02;4.234520e-02;2.907057e-02
1.879144e-01;9.463907e-02;1.547625e-01;2.960362e-02;3.352027e-02;3.542496e-02;6.482545e-02;1.317549e-01;1.080891e-01;7.491292e-02;6.079744e-02;2.375541e-02
1.816633e-01;1.010199e-01;1.380238e-01;3.524565e-02;3.582191e-02;4.511062e-02;5.892516e-02;8.376342e-02;1.052371e-01;1.064291e-01;8.195843e-02;2.680153e-02
1.297982e-01;8.046979e-02;9.994590e-02;5.084011e-02;3.098798e-02;7.449625e-02;7.899107e-02;8.131356e-02;1.091035e-01;1.660377e-01;5.981541e-02;3.820055e-02
8.668035e-02;5.684570e-02;1.033398e-01;5.415274e-02;3.928820e-02;9.105305e-02;9.734917e-02;1.257177e-01;1.058806e-01;1.622978e-01;4.739563e-02;2.999913e-02
4.982297e-02;3.360908e-02;1.078409e-01;4.908862e-02;5.875061e-02;1.098450e-01;1.235835e-01;1.488152e-01;1.280432e-01;1.153197e-01;4.218309e-02;3.309808e-02
5.480370e-02;3.138101e-02;9.965601e-02;3.565312e-02;6.744768e-02;9.696878e-02;1.307766e-01;1.254069e-01;1.411039e-01;1.483819e-01;3.036395e-02;3.805640e-02
6.538036e-02;3.334243e-02;9.017050e-02;2.276777e-02;6.126975e-02;9.445121e-02;1.581091e-01;1.133808e-01;1.178541e-01;1.479954e-01;5.317800e-02;4.210054e-02
5.953645e-02;3.311013e-02;9.080587e-02;4.888189e-02;6.438398e-02;8.417308e-02;1.458238e-01;9.945346e-02;1.149920e-01;1.215758e-01;8.138128e-02;5.588233e-02
7.031002e-02;3.373802e-02;7.382647e-02;7.008930e-02;5.400346e-02;6.025007e-02;1.173227e-01;8.860501e-02;1.232004e-01;1.691904e-01;8.194482e-02;5.751929e-02
6.471615e-02;5.207332e-02;6.111137e-02;7.832252e-02;5.272017e-02;5.383512e-02;1.056192e-01;7.007439e-02;1.743346e-01;1.467677e-01;8.262132e-02;5.780407e-02
4.926163e-02;6.789562e-02;1.260146e-01;6.415109e-02;9.084237e-02;7.703103e-02;7.367772e-02;4.994225e-02;1.835790e-01;1.096674e-01;5.155039e-02;5.638693e-02
3.876574e-02;4.520953e-02;1.748779e-01;3.124183e-02;1.203820e-01;6.398764e-02;8.631851e-02;6.690094e-02;1.099066e-01;1.721980e-01;4.665338e-02;4.355803e-02
6.367426e-02;6.436399e-02;1.224006e-01;3.623891e-02;9.747995e-02;4.756242e-02;1.000459e-01;8.812833e-02;9.965998e-02;1.804906e-01;6.957692e-02;3.037814e-02
1.121861e-01;6.072319e-02;7.674430e-02;5.432078e-02;7.634882e-02;6.185108e-02;1.193039e-01;9.666208e-02;1.163694e-01;1.300036e-01;5.159482e-02;4.389201e-02
1.288615e-01;7.084586e-02;1.039605e-01;6.233190e-02;5.544144e-02;7.688470e-02;1.737098e-01;7.657385e-02;7.666533e-02;8.211698e-02;4.454831e-02;4.805979e-02
9.184135e-02;8.211966e-02;1.158711e-01;5.633751e-02;9.681361e-02;9.431903e-02;1.919202e-01;6.014679e-02;5.631790e-02;6.863916e-02;4.856689e-02;3.710679e-02
7.561560e-02;8.535846e-02;1.183731e-01;4.122346e-02;1.020235e-01;7.859362e-02;1.577071e-01;8.868058e-02;7.395207e-02;8.109846e-02;5.196583e-02;4.540828e-02
8.042789e-02;6.889461e-02;1.275330e-01;6.508452e-02;1.004574e-01;6.853522e-02;9.632681e-02;1.181273e-01;7.310849e-02;9.406304e-02;4.435688e-02;6.308494e-02
8.082695e-02;6.744113e-02;1.096222e-01;6.263109e-02;1.002233e-01;9.150147e-02;1.066913e-01;1.417693e-01;6.566381e-02;8.178959e-02;3.365264e-02;5.818712e-02
4.616530e-02;7.021891e-02;1.465212e-01;6.133331e-02;5.934018e-02;9.004427e-02;1.719615e-01;1.095493e-01;7.485362e-02;8.671537e-02;4.699711e-02;3.629991e-02
6.967637e-02;6.577131e-02;1.397220e-01;3.373612e-02;5.855900e-02;6.904649e-02;1.078310e-01;6.900649e-02;1.096061e-01;1.692017e-01;5.698548e-02;5.085796e-02
8.212466e-02;6.641082e-02;1.230612e-01;4.226869e-02;7.519273e-02;8.215394e-02;9.641251e-02;6.295159e-02;1.064191e-01;1.745442e-01;4.643658e-02;4.202396e-02
6.726168e-02;6.798701e-02;9.952864e-02;5.941812e-02;7.994971e-02;7.965891e-02;9.744471e-02;9.482569e-02;1.204761e-01;1.323894e-01;5.432585e-02;4.673422e-02
5.472666e-02;7.390046e-02;1.050502e-01;5.698823e-02;7.565735e-02;8.437008e-02;1.028509e-01;1.121273e-01;1.026322e-01;9.718428e-02;8.951498e-02;4.499722e-02
8.727739e-02;5.749347e-02;1.772737e-01;4.873955e-02;5.563168e-02;6.927661e-02;1.260869e-01;7.836692e-02;6.548297e-02;9.297270e-02;7.305362e-02;6.834444e-02
9.288770e-02;5.613965e-02;2.228851e-01;3.619430e-02;5.360387e-02;4.599491e-02;1.771737e-01;4.948762e-02;7.456857e-02;1.005589e-01;4.234670e-02;4.815900e-02
1.100675e-01;4.438940e-02;2.254466e-01;4.068447e-02;3.965136e-02;2.154478e-02;1.934319e-01;7.735259e-02;6.437662e-02;1.080628e-01;4.646347e-02;2.852855e-02
1.226573e-01;3.438877e-02;2.211858e-01;3.547709e-02;4.138527e-02;2.131578e-02;2.133685e-01;7.242693e-02;5.211262e-02;1.228006e-01;3.170133e-02;3.118013e-02
1.362993e-01;3.587447e-02;2.307816e-01;2.342510e-02;5.148339e-02;1.923664e-02;2.326360e-01;3.656737e-02;3.853112e-02;1.566925e-01;1.877513e-02;1.969732e-02
1.409468e-01;2.374893e-02;2.370433e-01;1.732027e-02;6.436951e-02;1.846292e-02;2.282140e-01;3.350062e-02;2.404313e-02;1.810769e-01;1.758888e-02;1.368482e-02
1.242598e-01;2.382653e-02;2.477759e-01;1.283565e-02;7.933147e-02;2.544898e-02;2.165960e-01;1.314568e-02;2.098065e-02;1.951902e-01;1.492613e-02;2.568300e-02
1.002202e-01;2.341865e-02;2.458363e-01;1.327122e-02;9.470435e-02;3.310580e-02;1.961178e-01;1.931292e-02;2.342873e-02;1.896235e-01;2.230740e-02;3.865314e-02
6.926032e-02;2.360186e-02;2.138351e-01;2.463960e-02;9.404997e-02;5.139768e-02;1.547236e-01;3.869110e-02;5.171689e-02;1.548396e-01;2.301399e-02;1.002302e-01
3.582463e-02;4.618508e-02;1.698437e-01;4.501554e-02;6.832390e-02;7.591864e-02;9.139434e-02;5.225649e-02;1.065330e-01;9.659251e-02;3.351643e-02;1.785957e-01
4.032004e-02;7.676561e-02;1.179167e-01;9.593669e-02;4.302773e-02;7.529929e-02;5.664132e-02;4.390656e-02;1.611201e-01;4.330520e-02;6.047408e-02;1.852867e-01
4.658070e-02;1.033162e-01;1.075286e-01;1.307828e-01;2.986097e-02;5.643519e-02;3.763476e-02;2.641695e-02;1.942017e-01;3.760571e-02;8.066663e-02;1.489696e-01
5.581773e-02;1.104895e-01;1.451166e-01;1.101239e-01;3.072936e-02;3.465596e-02;4.728283e-02;4.046443e-02;1.858260e-01;5.607313e-02;6.893223e-02;1.144882e-01
8.035609e-02;1.054902e-01;1.496148e-01;6.981771e-02;4.340857e-02;3.023254e-02;7.276765e-02;6.787098e-02;1.821253e-01;5.589243e-02;5.243535e-02;8.998842e-02
8.297411e-02;9.519060e-02;1.120918e-01;5.463578e-02;3.848509e-02;4.427517e-02;1.058605e-01;7.497772e-02;1.812996e-01;6.765657e-02;1.021038e-01;4.044934e-02
7.961582e-02;7.595372e-02;1.055186e-01;5.508008e-02;3.642469e-02;4.407525e-02;1.238754e-01;6.084855e-02;1.608977e-01;7.521409e-02;1.229919e-01;5.950401e-02
9.067289e-02;8.010733e-02;1.127410e-01;4.670273e-02;3.264578e-02;5.403131e-02;1.082435e-01;7.947316e-02;1.202521e-01;6.292083e-02;1.306234e-01;8.158598e-02
1.255687e-01;6.714206e-02;1.065255e-01;5.448657e-02;4.433374e-02;6.250162e-02;9.299778e-02;9.375169e-02;7.969387e-02;4.107929e-02;1.291230e-01;1.027962e-01
1.347037e-01;7.638001e-02;1.091066e-01;5.912121e-02;3.434748e-02;6.315310e-02;9.181307e-02;8.855018e-02;9.584154e-02;4.194336e-02;1.247513e-01;8.028842e-02
1.539723e-01;6.476300e-02;1.396139e-01;3.808304e-02;4.219239e-02;4.776691e-02;9.549329e-02;9.706191e-02;7.185267e-02;4.299590e-02;1.469044e-01;5.930034e-02
1.646909e-01;6.709799e-02;1.561940e-01;2.979278e-02;4.480498e-02;2.757606e-02;7.368805e-02;1.022819e-01;8.181156e-02;3.937882e-02;1.713637e-01;4.131914e-02
1.812399e-01;5.282584e-02;1.694718e-01;3.171230e-02;3.247524e-02;1.298527e-02;7.604891e-02;1.237188e-01;5.897179e-02;4.815283e-02;1.721660e-01;4.023116e-02
1.886569e-01;4.825755e-02;1.800645e-01;3.144728e-02;3.316873e-02;2.781938e-02;6.756274e-02;1.407249e-01;4.640549e-02;3.518029e-02;1.449129e-01;5.579937e-02
1.861496e-01;5.290787e-02;1.779786e-01;5.403911e-02;3.884874e-02;3.515856e-02;6.109741e-02;1.463867e-01;3.615000e-02;2.608191e-02;1.122591e-01;7.294236e-02
1.798720e-01;5.473833e-02;1.836439e-01;5.777845e-02;3.976695e-02;3.367653e-02;4.890565e-02;1.461399e-01;4.976374e-02;2.916812e-02;1.045754e-01;7.197101e-02
1.798819e-01;4.745392e-02;1.880093e-01;5.414608e-02;4.464580e-02;4.168835e-02;6.385243e-02;1.542364e-01;2.718831e-02;4.757766e-02;8.873561e-02;6.258417e-02
1.595346e-01;3.448963e-02;1.669027e-01;4.830737e-02;3.871171e-02;5.308844e-02;8.746674e-02;1.534502e-01;3.406784e-02;8.418697e-02;8.304834e-02;5.674542e-02
9.235946e-02;5.529740e-02;1.021539e-01;7.678797e-02;1.573584e-02;5.851782e-02;1.503957e-01;1.202397e-01;4.155548e-02;1.026043e-01;7.949675e-02;1.048558e-01
4.076033e-02;7.489464e-02;3.862717e-02;1.044233e-01;1.884936e-02;5.541509e-02;2.252402e-01;8.627278e-02;3.622006e-02;1.095966e-01;6.343248e-02;1.462680e-01
5.462439e-02;6.361694e-02;3.035202e-02;1.209249e-01;1.852793e-02;4.142213e-02;2.697525e-01;2.729617e-02;3.510430e-02;9.531330e-02;7.097679e-02;1.720886e-01
7.693659e-02;3.384805e-02;3.219501e-02;1.299334e-01;1.760245e-02;3.774371e-02;3.011763e-01;6.047067e-02;2.618441e-02;7.003842e-02;5.055111e-02;1.633199e-01
9.821431e-02;2.422987e-02;6.692876e-02;1.205163e-01;3.265942e-02;4.895741e-02;2.894076e-01;8.718471e-02;2.052750e-02;5.998902e-02;3.172716e-02;1.196579e-01
1.118234e-01;3.892294e-02;1.155566e-01;8.733626e-02;4.797637e-02;7.377117e-02;2.088274e-01;1.087660e-01;2.216846e-02;5.695064e-02;5.144374e-02;7.645696e-02
9.467115e-02;6.226851e-02;2.260743e-01;5.838770e-02;4.864279e-02;7.787148e-02;1.374371e-01;9.924857e-02;4.198925e-02;6.449085e-02;5.405740e-02;3.486096e-02
6.040931e-02;7.282331e-02;2.871097e-01;8.029641e-02;5.791173e-02;7.308184e-02;1.041681e-01;8.158399e-02;3.192560e-02;6.300534e-02;5.627212e-02;3.141258e-02
8.538653e-02;8.517754e-02;2.200418e-01;1.131556e-01;5.054851e-02;6.148002e-02;1.125793e-01;5.468760e-02;4.831317e-02;4.237967e-02;9.063189e-02;3.561838e-02
6.541424e-02;9.107768e-02;1.776389e-01;9.962254e-02;7.405253e-02;5.910840e-02;1.244874e-01;2.961644e-02;8.866049e-02;3.931305e-02;8.375698e-02;6.725128e-02
7.890150e-02;9.615446e-02;1.953701e-01;8.143184e-02;7.560088e-02;4.377695e-02;1.456120e-01;3.877841e-02;6.816314e-02;4.107167e-02;5.826854e-02;7.687057e-02
8.155157e-02;1.096891e-01;1.988580e-01;9.774169e-02;4.391492e-02;2.682978e-02;1.752853e-01;2.352384e-02;4.208144e-02;5.386877e-02;7.216167e-02;7.449388e-02
1.191059e-01;6.995688e-02;2.016153e-01;9.259547e-02;5.898791e-02;4.107791e-02;1.292816e-01;3.933119e-02;8.609702e-02;4.280545e-02;7.554562e-02;4.359980e-02
1.123843e-01;3.351611e-02;1.939896e-01;8.549476e-02;1.115475e-01;5.317598e-02;1.308406e-01;2.474481e-02;7.719515e-02;2.659775e-02;8.054642e-02;6.996695e-02
1.057222e-01;4.826606e-02;2.082795e-01;9.618431e-02;1.027902e-01;4.673855e-02;1.315072e-01;1.117712e-02;5.055361e-02;4.586571e-02;8.654087e-02;6.637472e-02
1.242843e-01;4.736056e-02;1.649913e-01;1.117252e-01;7.262109e-02;4.435826e-02;1.410502e-01;3.496561e-02;7.665809e-02;4.886642e-02;1.000246e-01;3.309434e-02
1.202249e-01;2.863159e-02;1.710098e-01;1.258692e-01;8.507783e-02;5.438186e-02;1.158691e-01;2.725172e-02;9.119707e-02;3.492644e-02;1.096836e-01;3.587686e-02
1.010096e-01;5.333829e-02;2.067725e-01;9.141222e-02;9.663811e-02;6.991838e-02;1.102788e-01;4.247410e-02;8.001929e-02;2.524566e-02;7.842137e-02;4.447162e-02
5.153279e-02;5.581680e-02;2.852260e-01;4.970817e-02;8.301254e-02;9.515940e-02;7.666104e-02;7.236843e-02;2.437324e-02;8.395796e-02;3.165662e-02;9.052699e-02
2.893869e-02;3.109731e-02;3.094675e-01;6.919830e-02;5.377914e-02;7.762268e-02;6.544843e-02;8.019522e-02;3.097453e-02;1.130868e-01;3.443414e-02;1.057572e-01
4.341409e-02;6.142535e-02;2.322078e-01;9.381819e-02;5.877579e-02;5.635668e-02;9.269476e-02;6.152776e-02;7.332209e-02;8.937810e-02;7.393027e-02;6.314905e-02
3.359005e-02;1.018251e-01;1.706680e-01;9.246510e-02;5.173879e-02;6.978097e-02;1.065125e-01;4.544407e-02;1.387594e-01;5.428237e-02;8.357509e-02;5.135853e-02
4.668097e-02;1.087860e-01;1.560291e-01;8.156229e-02;3.971110e-02;1.195757e-01;7.160543e-02;3.322486e-02;1.712186e-01;2.827642e-02;3.050442e-02;1.128252e-01
6.430281e-02;8.455499e-02;1.198345e-01;6.961406e-02;5.874899e-02;1.242005e-01;4.315995e-02;4.759514e-02;1.487869e-01;5.876560e-02;7.476883e-02;1.056678e-01
9.514197e-02;5.958497e-02;9.465156e-02;4.866411e-02;6.683536e-02;8.219653e-02;9.810317e-02;8.343799e-02;1.102439e-01;6.810610e-02;1.267360e-01;6.629829e-02
1.315564e-01;5.310652e-02;1.120259e-01;2.863711e-02;9.923621e-02;3.317181e-02;1.224557e-01;1.029281e-01;9.227001e-02;6.737452e-02;1.370039e-01;2.023388e-02
1.505835e-01;6.556778e-02;1.137468e-01;3.626891e-02;9.570935e-02;3.917030e-02;8.817847e-02;1.305593e-01;8.736736e-02;6.095227e-02;9.698276e-02;3.491316e-02
1.676502e-01;5.603018e-02;1.157121e-01;4.285348e-02;8.865824e-02;3.930354e-02;8.081651e-02;1.741354e-01;7.260938e-02;4.945707e-02;6.313062e-02;4.964321e-02
1.675923e-01;5.379988e-02;1.049505e-01;3.956839e-02;8.271115e-02;6.067873e-02;1.173990e-01;1.918422e-01;6.623060e-02;3.509577e-02;2.359418e-02;5.653736e-02
1.688938e-01;4.831486e-02;1.028971e-01;4.142546e-02;7.215188e-02;6.846772e-02;7.716412e-02;2.078165e-01;6.289821e-02;4.345133e-02;5.300057e-02;5.351840e-02
1.530461e-01;5.547011e-02;1.092537e-01;3.930828e-02;6.560149e-02;8.682367e-02;9.725586e-02;1.932430e-01;6.701735e-02;5.153574e-02;3.451565e-02;4.692899e-02
1.484410e-01;3.307999e-02;1.039345e-01;5.418137e-02;5.697361e-02;9.299323e-02;1.102242e-01;1.874904e-01;5.936831e-02;5.086252e-02;4.870390e-02;5.374702e-02
1.592721e-01;4.908572e-02;9.575005e-02;5.763081e-02;6.583297e-02;9.420763e-02;1.145124e-01;1.773650e-01;5.869633e-02;5.688097e-02;2.115951e-02;4.960650e-02
1.664813e-01;3.195426e-02;6.052231e-02;7.500897e-02;5.138256e-02;9.527043e-02;1.479066e-01;1.666936e-01;3.730837e-02;5.514761e-02;4.414919e-02;6.817478e-02
1.580726e-01;3.807105e-02;5.149913e-02;7.035313e-02;7.307396e-02;1.003154e-01;1.363008e-01;1.439606e-01;4.184470e-02;5.737874e-02;7.087146e-02;5.825848e-02
1.552119e-01;5.994943e-02;8.732891e-02;5.707913e-02;7.321727e-02;9.925574e-02;1.146665e-01;1.316249e-01;4.753177e-02;6.234758e-02;5.392935e-02;5.785758e-02
1.782662e-01;7.980315e-02;9.915741e-02;5.663351e-02;1.027264e-01;7.807999e-02;7.861648e-02;1.332253e-01;3.371925e-02;4.688829e-02;4.298972e-02;6.989441e-02
1.839745e-01;8.601165e-02;9.041756e-02;4.827679e-02;1.116967e-01;4.986877e-02;1.068409e-01;1.313692e-01;3.561832e-02;1.930733e-02;5.524293e-02;8.137535e-02
1.731073e-01;8.637026e-02;7.774344e-02;4.258034e-02;1.134187e-01;7.590642e-02;1.317516e-01;1.210362e-01;1.066492e-02;1.552227e-02;6.871551e-02;8.318305e-02
1.568424e-01;8.202414e-02;7.380215e-02;3.432154e-02;9.663300e-02;6.285799e-02;1.302906e-01;1.283828e-01;5.190589e-02;2.739336e-02;7.421982e-02;8.132639e-02
1.487694e-01;8.063355e-02;8.303244e-02;3.953949e-02;8.896735e-02;6.767504e-02;1.079480e-01;1.397303e-01;5.033731e-02;2.109936e-02;9.046022e-02;8.180752e-02
1.373452e-01;7.294103e-02;9.521277e-02;4.045098e-02;7.849453e-02;6.704734e-02;1.170980e-01;1.415704e-01;4.827565e-02;4.514951e-02;9.401339e-02;6.240118e-02
1.368024e-01;5.790534e-02;1.282701e-01;3.957757e-02;9.560454e-02;5.745327e-02;1.084211e-01;1.278518e-01;4.366057e-02;3.487811e-02;1.362643e-01;3.331091e-02
1.538392e-01;5.146215e-02;1.272693e-01;3.097412e-02;9.137165e-02;5.613590e-02;1.205223e-01;1.250815e-01;3.950668e-02;3.292115e-02;1.353364e-01;3.557964e-02
1.973800e-01;4.064607e-02;1.418686e-01;3.428638e-02;7.169294e-02;3.011801e-02;1.100899e-01;1.758632e-01;3.014962e-02;5.086619e-02;8.826531e-02;2.877388e-02
2.293566e-01;4.747749e-02;1.301062e-01;3.871689e-02;7.602889e-02;2.416950e-02;7.222102e-02;1.971807e-01;2.845390e-02;4.637491e-02;7.573724e-02;3.417668e-02
2.471750e-01;5.190984e-02;1.079973e-01;3.302119e-02;8.404290e-02;2.477521e-02;6.988769e-02;2.019603e-01;2.027972e-02;3.863126e-02;8.686902e-02;3.345063e-02
2.476086e-01;8.939487e-02;9.246372e-02;2.540228e-02;7.722887e-02;2.022878e-02;7.240004e-02;1.707382e-01;6.929469e-02;3.848844e-02;7.522100e-02;2.153051e-02
2.344514e-01;1.522664e-01;1.002341e-01;1.887863e-02;5.578119e-02;2.259690e-02;6.593629e-02;1.066792e-01;1.407287e-01;2.677571e-02;5.672463e-02;1.894692e-02
2.259053e-01;2.083040e-01;1.099982e-01;1.714444e-02;3.804620e-02;2.247466e-02;5.503580e-02;5.447717e-02;1.909861e-01;3.172134e-02;3.547683e-02;1.042985e-02
1.886625e-01;2.279247e-01;1.254330e-01;1.975005e-02;2.588684e-02;4.094946e-02;3.826887e-02;3.989122e-02;2.262048e-01;2.096988e-02;2.769563e-02;1.836303e-02
1.430889e-01;2.358659e-01;1.581008e-01;1.644072e-02;1.197159e-02;6.344157e-02;2.363820e-02;2.802059e-02;2.673343e-01;1.732237e-02;1.989588e-02;1.487918e-02
1.470950e-01;2.265345e-01;1.901266e-01;1.099021e-02;8.167254e-03;7.456060e-02;1.569885e-02;1.855838e-02;2.650341e-01;1.955873e-02;1.044405e-02;1.323169e-02
2.066319e-01;1.901969e-01;2.056165e-01;1.443050e-02;6.808913e-03;6.808904e-02;1.894655e-02;2.055255e-02;2.173918e-01;2.298135e-02;1.041353e-02;1.794042e-02
2.739089e-01;1.548853e-01;2.461917e-01;1.709362e-02;1.362006e-02;4.420342e-02;2.073123e-02;1.852781e-02;1.540057e-01;1.809823e-02;1.896350e-02;1.977058e-02
3.051950e-01;1.471702e-01;2.240524e-01;1.556102e-02;1.462229e-02;1.160827e-02;5.629766e-02;3.076077e-02;1.082320e-01;3.029252e-02;2.922931e-02;2.697857e-02
3.006391e-01;1.200842e-01;1.813472e-01;1.558580e-02;2.208618e-02;1.655281e-02;9.669556e-02;3.128156e-02;7.145134e-02;4.677240e-02;4.625252e-02;5.125125e-02
2.136924e-01;9.250168e-02;1.896132e-01;1.896293e-02;3.050424e-02;3.625196e-02;1.212556e-01;4.304054e-02;6.121075e-02;5.134350e-02;5.443351e-02;8.718973e-02
1.225368e-01;7.849075e-02;1.645935e-01;3.519857e-02;4.532740e-02;6.972293e-02;1.333030e-01;5.821613e-02;1.103196e-01;6.190898e-02;4.470606e-02;7.567628e-02
1.520809e-01;1.034102e-01;2.521383e-01;3.731699e-02;3.374510e-02;5.161703e-02;1.094479e-01;4.366795e-02;8.764838e-02;5.309585e-02;3.632371e-02;3.950768e-02
2.099977e-01;1.808221e-01;2.427232e-01;3.285741e-02;2.642917e-02;2.822528e-02;6.472028e-02;2.669310e-02;5.873286e-02;4.513110e-02;4.746846e-02;3.619936e-02
2.460731e-01;2.166609e-01;2.158767e-01;2.467160e-02;2.663596e-02;2.484510e-02;3.864136e-02;3.708424e-02;6.683912e-02;2.660028e-02;4.289791e-02;3.317371e-02
3.144502e-01;2.285017e-01;1.800519e-01;1.302362e-02;2.511873e-02;1.530912e-02;1.629483e-02;4.817849e-02;8.266991e-02;2.081503e-02;3.491245e-02;2.067401e-02
3.945083e-01;2.010731e-01;1.413545e-01;5.882053e-03;3.006575e-02;8.221815e-03;1.266863e-02;6.323807e-02;6.810683e-02;1.362186e-02;3.557095e-02;2.568818e-02
4.264988e-01;1.696206e-01;1.293310e-01;6.245100e-03;3.216556e-02;5.280713e-03;1.451439e-02;6.621327e-02;5.457026e-02;1.271875e-02;3.680977e-02;4.603174e-02
3.789287e-01;1.551240e-01;1.099591e-01;1.101992e-02;2.944022e-02;1.086435e-02;2.570856e-02;5.872436e-02;5.553437e-02;4.397243e-02;4.883932e-02;7.188459e-02
1.723296e-01;1.592481e-01;8.041359e-02;1.787175e-02;2.307248e-02;2.016129e-02;8.092833e-02;7.432035e-02;7.201088e-02;1.104506e-01;7.276347e-02;1.164296e-01
2.857573e-01;1.001805e-01;9.463374e-02;1.572740e-02;1.224410e-02;1.652968e-02;9.390099e-02;7.688814e-02;6.595948e-02;9.440215e-02;4.569848e-02;9.807806e-02
3.992079e-01;8.958024e-02;9.168503e-02;8.686454e-03;1.220600e-02;1.536199e-02;7.674775e-02;6.820850e-02;5.449145e-02;5.678601e-02;3.992317e-02;8.711555e-02
4.043778e-01;5.247225e-02;7.346764e-02;1.828119e-02;1.548667e-02;1.591416e-02;8.814568e-02;4.824184e-02;5.830222e-02;8.254629e-02;4.484860e-02;9.791562e-02
2.978766e-01;7.543462e-02;1.459837e-01;4.539170e-02;2.703224e-02;2.993624e-02;3.910989e-02;6.765581e-02;6.807679e-02;8.649086e-02;4.103354e-02;7.597796e-02
2.054138e-01;8.730999e-02;1.151942e-01;6.047170e-02;3.570420e-02;3.366112e-02;1.111451e-01;1.217802e-01;6.014444e-02;5.039486e-02;2.839630e-02;9.038404e-02
1.437156e-01;5.089939e-02;4.798977e-02;6.449292e-02;2.679875e-02;2.107017e-02;2.297907e-01;1.648955e-01;4.469214e-02;3.103970e-02;2.603014e-02;1.485852e-01
5.770567e-02;2.044810e-02;1.995653e-02;6.769548e-02;9.794048e-03;9.539345e-03;3.379795e-01;1.467742e-01;1.983853e-02;3.218457e-02;3.925548e-02;2.388286e-01
3.037090e-02;2.244860e-02;2.682739e-02;6.187930e-02;6.817768e-03;2.275797e-02;3.680446e-01;7.025522e-02;1.765980e-02;3.474976e-02;3.536330e-02;3.028255e-01
4.756794e-02;1.817758e-02;1.620564e-02;5.620631e-02;8.720809e-03;3.454616e-02;3.442139e-01;2.563878e-02;3.419865e-02;2.963759e-02;4.904652e-02;3.358401e-01
3.421364e-02;1.047438e-02;2.600376e-02;5.434149e-02;1.274157e-02;3.614447e-02;3.117442e-01;2.490698e-02;3.712277e-02;2.965929e-02;6.861942e-02;3.540280e-01
2.568208e-02;1.720812e-02;3.177356e-02;6.131255e-02;1.211464e-02;4.550743e-02;2.932590e-01;2.456047e-02;3.376064e-02;3.339051e-02;6.467140e-02;3.567596e-01
3.581942e-02;1.965846e-02;3.311885e-02;6.308816e-02;7.568602e-03;5.412789e-02;2.940786e-01;2.819995e-02;1.401416e-02;2.516665e-02;7.395545e-02;3.512038e-01
1.864988e-02;1.578460e-02;6.972635e-02;5.237674e-02;7.827655e-03;7.381184e-02;2.666634e-01;2.003490e-02;2.425101e-02;2.837554e-02;1.113425e-01;3.111556e-01
2.715100e-02;1.603825e-02;1.081325e-01;5.081753e-02;2.207472e-02;7.754477e-02;2.157119e-01;3.132522e-02;3.153756e-02;3.859557e-02;1.562522e-01;2.248188e-01
3.853793e-02;1.946284e-02;1.137206e-01;4.965266e-02;3.595765e-02;8.149440e-02;1.733876e-01;4.725515e-02;5.084109e-02;6.857228e-02;1.762329e-01;1.448848e-01
5.588256e-02;2.794688e-02;1.065916e-01;3.570554e-02;4.463256e-02;7.350831e-02;1.491553e-01;6.343142e-02;7.318780e-02;9.712699e-02;1.753571e-01;9.747390e-02
3.975706e-02;2.750909e-02;8.521655e-02;2.635371e-02;4.686944e-02;7.064765e-02;1.847884e-01;7.835671e-02;5.054492e-02;1.206440e-01;1.495302e-01;1.197823e-01
4.927507e-02;3.090780e-02;5.068421e-02;2.155484e-02;3.629368e-02;5.915544e-02;2.343297e-01;8.118093e-02;8.788911e-02;1.153701e-01;1.020796e-01;1.312796e-01
1.073257e-01;4.009478e-02;5.358828e-02;2.015429e-02;3.717974e-02;5.446093e-02;1.588530e-01;5.956758e-02;1.119060e-01;1.332088e-01;7.605527e-02;1.476056e-01
8.459588e-02;3.222992e-02;9.067375e-02;4.569691e-02;3.784873e-02;7.274573e-02;1.163409e-01;3.574777e-02;7.632796e-02;1.174842e-01;8.713480e-02;2.031735e-01
6.029977e-02;3.118419e-02;1.323816e-01;4.674317e-02;3.362353e-02;7.368462e-02;1.834048e-01;2.540028e-02;3.956467e-02;6.629937e-02;8.355294e-02;2.238610e-01
1.066333e-01;3.591695e-02;1.060435e-01;3.942129e-02;3.697018e-02;6.713911e-02;1.849113e-01;3.401935e-02;3.134489e-02;7.006622e-02;7.922257e-02;2.083114e-01
9.415578e-02;2.716211e-02;1.064393e-01;6.463443e-02;2.606720e-02;7.724737e-02;1.464472e-01;5.742823e-02;5.297384e-02;6.661075e-02;7.630406e-02;2.045297e-01
4.286993e-02;4.208229e-02;1.473982e-01;8.552083e-02;2.775405e-02;9.439173e-02;1.282544e-01;8.004646e-02;5.381513e-02;4.638968e-02;5.312803e-02;1.983494e-01
6.222372e-02;5.832490e-02;1.193557e-01;5.876700e-02;5.222651e-02;8.810545e-02;1.767152e-01;6.972925e-02;4.128245e-02;5.041353e-02;6.600582e-02;1.568505e-01
6.002644e-02;5.732749e-02;1.147888e-01;3.114170e-02;7.563349e-02;6.810036e-02;1.714422e-01;4.501779e-02;5.811182e-02;8.985489e-02;8.779767e-02;1.407574e-01
4.928929e-02;4.447440e-02;1.544545e-01;4.874356e-02;8.360232e-02;7.264820e-02;9.525126e-02;5.252751e-02;9.326445e-02;1.157610e-01;9.396599e-02;9.601760e-02
6.530644e-02;3.037105e-02;1.015549e-01;6.518220e-02;7.695600e-02;1.006208e-01;9.865942e-02;5.930801e-02;1.090260e-01;1.250272e-01;8.438308e-02;8.360492e-02
1.017578e-01;3.878684e-02;1.173162e-01;8.984964e-02;5.009411e-02;7.341439e-02;1.132233e-01;4.254921e-02;1.157082e-01;9.527556e-02;7.388716e-02;8.813748e-02
9.777939e-02;6.182211e-02;1.323929e-01;6.711381e-02;5.329052e-02;6.485907e-02;1.399637e-01;5.652324e-02;1.119883e-01;9.421031e-02;6.515436e-02;5.490220e-02
1.083050e-01;6.227743e-02;1.145629e-01;5.606747e-02;6.076491e-02;6.196597e-02;1.540929e-01;7.046960e-02;9.242474e-02;8.587518e-02;7.303522e-02;6.015873e-02
1.068632e-01;7.931675e-02;1.138406e-01;5.335974e-02;6.335457e-02;7.030566e-02;1.229220e-01;7.079910e-02;8.931284e-02;9.520885e-02;7.120438e-02;6.351235e-02
9.888709e-02;7.727467e-02;1.632669e-01;5.007484e-02;5.794575e-02;6.794313e-02;1.122936e-01;5.656298e-02;8.974139e-02;9.563969e-02;6.579164e-02;6.457831e-02
1.158885e-01;8.527671e-02;2.144384e-01;4.055172e-02;4.326854e-02;5.309502e-02;1.023080e-01;3.190324e-02;7.318001e-02;8.966085e-02;8.762127e-02;6.280769e-02
1.194556e-01;7.785936e-02;1.580282e-01;2.728156e-02;3.585047e-02;7.314862e-02;8.320805e-02;2.346283e-02;3.948582e-02;1.211083e-01;1.668846e-01;7.422665e-02
4.283490e-02;5.305093e-02;7.949714e-02;2.302813e-02;5.037049e-02;1.000595e-01;5.969466e-02;3.726876e-02;3.195942e-02;2.023709e-01;2.624996e-01;5.736557e-02
3.166093e-02;4.743822e-02;6.225161e-02;2.396315e-02;7.134892e-02;6.149767e-02;2.886231e-02;5.467536e-02;5.750996e-02;2.905355e-01;2.319114e-01;3.834496e-02
5.754599e-02;6.907293e-02;5.804028e-02;2.316073e-02;8.249250e-02;2.113663e-02;3.442768e-02;3.516034e-02;6.852505e-02;3.496011e-01;1.648120e-01;3.602483e-02
4.448940e-02;6.975237e-02;4.961609e-02;2.745311e-02;9.258411e-02;1.645617e-02;5.084104e-02;2.347776e-02;7.666359e-02;3.853031e-01;1.353169e-01;2.804641e-02
1.286201e-02;5.603057e-02;3.574798e-02;4.513678e-02;1.093810e-01;1.810446e-02;2.655729e-02;2.655873e-02;1.110837e-01;4.018854e-01;1.337522e-01;2.289981e-02
5.021429e-02;3.908440e-02;3.067613e-02;5.581148e-02;1.014928e-01;2.189376e-02;6.037975e-02;3.055654e-02;1.266482e-01;3.677963e-01;1.015879e-01;1.385850e-02
5.706896e-02;3.539039e-02;3.479224e-02;6.865903e-02;9.324523e-02;2.586002e-02;3.845082e-02;3.471664e-02;1.316456e-01;3.607820e-01;9.498791e-02;2.440109e-02
5.258620e-02;3.510330e-02;7.218489e-02;6.933210e-02;8.268268e-02;2.613723e-02;5.587293e-02;3.161026e-02;1.313831e-01;3.353966e-01;8.666058e-02;2.105011e-02
3.382239e-02;3.132152e-02;7.103533e-02;6.619038e-02;8.365337e-02;2.327727e-02;4.208676e-02;2.570992e-02;1.325298e-01;3.638417e-01;1.095235e-01;1.700808e-02
2.512031e-02;3.565264e-02;6.140840e-02;5.714406e-02;1.040636e-01;1.934565e-02;5.041325e-02;2.993930e-02;1.176308e-01;3.602661e-01;1.230360e-01;1.597975e-02
2.797459e-02;4.326296e-02;5.515560e-02;4.357984e-02;1.080931e-01;3.304497e-02;3.683220e-02;3.211017e-02;9.207592e-02;3.733695e-01;1.360016e-01;1.849964e-02
2.558292e-02;5.925675e-02;4.293809e-02;2.680931e-02;9.808651e-02;5.366951e-02;2.940072e-02;3.914785e-02;8.848216e-02;3.479243e-01;1.654365e-01;2.326538e-02
1.763675e-02;5.865752e-02;4.406533e-02;1.143083e-02;7.934009e-02;8.824580e-02;3.071983e-02;3.953777e-02;7.170653e-02;2.944909e-01;2.325776e-01;3.159107e-02
1.613314e-02;3.489877e-02;6.006096e-02;1.363326e-02;4.451491e-02;1.173804e-01;3.650496e-02;4.196424e-02;5.056673e-02;2.596330e-01;2.812862e-01;4.342342e-02
2.929710e-02;9.952328e-03;6.949056e-02;1.070960e-02;2.267700e-02;1.181187e-01;6.614596e-02;4.311862e-02;6.176035e-02;2.434290e-01;2.687052e-01;5.659566e-02
6.540704e-02;1.301965e-02;5.104386e-02;2.162017e-02;1.253347e-02;7.901859e-02;1.428300e-01;5.487137e-02;6.802014e-02;1.940565e-01;1.905469e-01;1.070323e-01
9.665252e-02;2.139596e-02;4.945717e-02;3.698976e-02;7.716706e-03;4.273473e-02;2.312152e-01;8.022175e-02;3.992593e-02;1.198051e-01;1.135098e-01;1.603752e-01
1.796618e-01;3.570922e-02;8.096013e-02;3.871462e-02;9.681077e-03;2.172341e-02;2.251665e-01;1.209408e-01;2.674134e-02;6.941321e-02;5.299234e-02;1.382956e-01
2.756423e-01;3.999753e-02;8.358312e-02;2.199271e-02;1.876389e-02;1.439959e-02;1.673398e-01;1.825119e-01;2.255302e-02;5.475597e-02;2.781248e-02;9.064770e-02
3.352679e-01;5.102509e-02;9.290963e-02;1.177667e-02;2.327458e-02;1.741363e-02;9.679433e-02;2.382995e-01;2.116512e-02;3.400964e-02;2.072490e-02;5.733901e-02
3.513739e-01;5.516347e-02;9.237226e-02;9.176618e-03;2.794090e-02;1.603164e-02;6.540343e-02;2.538186e-01;3.115258e-02;2.735745e-02;1.713409e-02;5.307517e-02
3.125532e-01;6.487748e-02;1.255508e-01;1.341529e-02;2.947190e-02;1.068560e-02;9.353471e-02;2.096723e-01;3.115837e-02;3.626712e-02;2.357795e-02;4.923532e-02
2.437070e-01;7.885911e-02;1.651415e-01;2.464345e-02;3.831235e-02;1.731587e-02;1.096629e-01;1.498170e-01;3.773424e-02;4.571349e-02;3.845763e-02;5.063546e-02
1.745727e-01;8.712014e-02;1.486107e-01;3.665568e-02;6.260811e-02;2.873234e-02;9.387290e-02;1.169767e-01;6.502973e-02;6.483768e-02;6.993072e-02;5.105256e-02
1.095923e-01;6.818835e-02;1.423339e-01;7.394550e-02;6.068103e-02;4.301987e-02;9.592624e-02;8.815467e-02;9.672333e-02;1.097759e-01;7.917070e-02;3.248816e-02
1.300193e-01;9.596245e-02;2.355112e-01;6.728035e-02;5.763089e-02;2.933679e-02;7.339132e-02;7.620593e-02;8.926271e-02;8.208553e-02;4.014038e-02;2.317314e-02
1.920368e-01;1.136992e-01;2.230182e-01;4.673710e-02;5.504166e-02;2.225221e-02;4.715443e-02;9.341135e-02;7.876546e-02;5.961584e-02;4.408713e-02;2.418072e-02
2.572633e-01;1.108515e-01;1.384426e-01;3.741561e-02;5.951167e-02;1.908822e-02;3.241502e-02;1.400589e-01;6.351142e-02;5.549173e-02;5.391268e-02;3.203743e-02
2.685694e-01;8.398490e-02;1.173642e-01;4.134591e-02;5.612415e-02;2.225834e-02;4.473436e-02;1.769866e-01;4.544628e-02;5.464116e-02;5.112230e-02;3.742236e-02
2.422450e-01;6.308995e-02;9.660826e-02;4.293769e-02;4.177256e-02;2.578766e-02;1.110963e-01;1.961600e-01;2.165094e-02;5.472510e-02;4.720806e-02;5.671853e-02
1.737690e-01;5.435309e-02;7.879774e-02;5.470555e-02;2.307303e-02;1.796930e-02;2.025988e-01;1.814880e-01;2.880826e-02;5.935315e-02;3.364078e-02;9.144337e-02
7.639194e-02;5.638694e-02;7.901946e-02;7.186954e-02;1.311078e-02;3.090349e-02;2.880226e-01;1.250366e-01;2.929166e-02;4.929441e-02;4.217221e-02;1.385003e-01
3.719902e-02;5.502396e-02;6.051870e-02;6.403675e-02;9.171125e-03;6.148152e-02;3.313400e-01;6.078320e-02;3.611654e-02;4.320873e-02;7.573803e-02;1.653823e-01
8.275836e-02;3.606461e-02;8.812427e-02;3.164370e-02;1.332187e-02;1.074084e-01;2.304267e-01;2.246892e-02;6.269860e-02;4.895824e-02;1.615552e-01;1.145711e-01
8.242989e-02;2.983613e-02;1.466167e-01;1.784377e-02;1.502812e-02;1.421401e-01;1.115108e-01;2.802160e-02;6.944039e-02;5.973802e-02;2.338806e-01;6.351388e-02
6.157607e-02;3.883769e-02;1.786245e-01;2.254255e-02;1.796896e-02;1.451120e-01;4.702675e-02;2.719945e-02;6.011192e-02;7.298312e-02;2.723534e-01;5.566368e-02
3.810276e-02;4.351228e-02;1.619610e-01;1.348432e-02;2.744887e-02;1.412286e-01;3.704182e-02;3.260496e-02;4.456194e-02;9.612523e-02;3.011495e-01;6.277873e-02
7.434734e-02;3.634671e-02;1.496864e-01;1.956192e-02;2.262607e-02;1.198024e-01;2.848267e-02;3.015536e-02;5.001907e-02;1.064948e-01;2.735002e-01;8.897712e-02
5.049886e-02;2.429291e-02;1.264898e-01;2.992113e-02;3.926757e-02;8.919381e-02;1.040028e-01;5.118256e-02;7.108557e-02;1.165611e-01;2.319886e-01;6.551524e-02
6.249740e-02;3.954752e-02;1.176670e-01;3.063200e-02;6.012139e-02;5.510125e-02;9.865277e-02;5.867396e-02;9.676190e-02;1.171788e-01;1.799850e-01;8.318102e-02
1.052174e-01;6.460690e-02;1.887108e-01;2.318927e-02;5.636011e-02;3.958951e-02;3.938721e-02;3.678188e-02;9.516574e-02;1.145916e-01;1.415725e-01;9.482709e-02
1.334686e-01;6.804989e-02;1.746026e-01;2.945929e-02;3.952101e-02;4.049081e-02;3.615414e-02;5.438421e-02;9.957198e-02;1.045599e-01;1.058386e-01;1.138990e-01
1.379481e-01;5.862560e-02;1.787359e-01;4.560620e-02;5.495672e-02;3.226922e-02;6.647296e-02;6.935193e-02;9.700101e-02;8.861713e-02;8.929902e-02;8.111629e-02
1.310429e-01;8.604217e-02;1.778118e-01;5.892492e-02;5.680713e-02;2.194155e-02;8.854933e-02;8.357041e-02;6.482428e-02;1.051889e-01;6.982408e-02;5.547253e-02
1.142025e-01;7.950970e-02;1.581714e-01;4.117826e-02;4.565986e-02;4.307717e-02;1.069256e-01;6.577738e-02;6.823212e-02;1.214033e-01;7.205550e-02;8.380706e-02
1.039631e-01;7.604806e-02;1.616200e-01;7.533490e-02;3.428905e-02;4.287769e-02;1.061713e-01;4.628251e-02;5.128571e-02;1.103589e-01;9.241834e-02;9.935041e-02
1.142210e-01;1.263842e-01;1.430898e-01;8.544521e-02;4.814573e-02;3.763447e-02;7.695459e-02;5.281542e-02;5.255848e-02;9.523863e-02;8.906111e-02;7.845139e-02
1.711292e-01;1.622927e-01;1.356501e-01;6.835335e-02;4.412051e-02;4.147156e-02;7.091184e-02;4.528973e-02;7.105570e-02;1.016401e-01;5.254352e-02;3.554157e-02
1.696294e-01;1.602483e-01;1.507750e-01;5.533442e-02;3.439667e-02;2.061407e-02;6.083619e-02;4.039581e-02;7.595952e-02;1.362696e-01;4.413229e-02;5.140869e-02
1.444311e-01;1.304092e-01;1.170908e-01;6.246848e-02;5.618937e-02;4.582725e-02;4.308209e-02;4.226617e-02;1.158317e-01;1.219545e-01;6.321856e-02;5.723074e-02
1.004601e-01;9.130012e-02;1.502422e-01;7.215358e-02;8.599856e-02;6.170423e-02;8.769833e-02;5.145707e-02;1.361313e-01;7.759793e-02;5.878628e-02;2.647030e-02
9.218723e-02;1.135895e-01;1.571327e-01;7.402401e-02;8.108321e-02;7.727754e-02;6.405556e-02;4.904361e-02;1.133795e-01;7.330190e-02;3.645058e-02;6.847466e-02
6.373649e-02;1.000730e-01;1.623456e-01;6.519149e-02;5.052739e-02;7.535277e-02;6.578501e-02;6.716847e-02;1.115547e-01;8.754898e-02;6.138901e-02;8.932720e-02
6.810113e-02;9.372861e-02;1.473556e-01;4.266027e-02;4.732836e-02;6.094215e-02;1.375913e-01;7.841415e-02;8.547454e-02;1.030013e-01;6.098775e-02;7.441488e-02
9.825769e-02;1.002134e-01;2.047026e-01;5.620134e-02;5.212665e-02;5.142480e-02;1.132175e-01;6.679017e-02;4.247352e-02;8.565403e-02;8.428387e-02;4.465434e-02
1.035948e-01;8.651966e-02;1.682118e-01;4.971358e-02;6.201510e-02;4.097064e-02;1.298316e-01;7.026232e-02;7.149620e-02;7.741532e-02;8.429553e-02;5.567343e-02
1.266570e-01;8.947491e-02;1.320126e-01;2.822985e-02;6.966018e-02;5.359206e-02;1.177202e-01;6.246723e-02;7.746193e-02;1.102722e-01;5.775616e-02;7.469567e-02
1.085231e-01;7.238051e-02;1.234556e-01;4.119899e-02;7.621632e-02;6.826958e-02;1.210493e-01;7.129735e-02;8.833206e-02;1.165608e-01;4.487045e-02;6.784594e-02
5.833635e-02;4.715946e-02;1.124212e-01;6.974366e-02;8.380997e-02;8.476957e-02;1.759801e-01;6.117825e-02;9.948349e-02;1.011744e-01;4.655481e-02;5.938874e-02
6.812754e-02;8.452900e-02;7.501537e-02;8.199215e-02;9.304725e-02;7.110752e-02;2.151809e-01;6.159129e-02;7.469595e-02;1.053563e-01;3.590807e-02;3.344864e-02
3.351963e-02;9.961025e-02;7.777364e-02;7.625614e-02;9.505153e-02;5.552245e-02;1.715443e-01;5.763387e-02;1.200591e-01;1.184001e-01;3.584359e-02;5.878546e-02
5.755635e-02;9.752143e-02;1.625958e-01;7.189950e-02;5.443604e-02;4.686417e-02;1.140459e-01;2.727564e-02;1.508978e-01;9.237778e-02;3.643377e-02;8.809579e-02
8.183162e-02;8.880622e-02;1.728392e-01;6.473918e-02;5.405373e-02;5.527050e-02;1.191386e-01;4.339495e-02;1.192706e-01;7.195991e-02;5.400528e-02;7.469022e-02
1.179817e-01;9.187193e-02;1.336126e-01;8.511785e-02;8.291870e-02;5.764009e-02;1.348275e-01;3.299062e-02;1.070208e-01;6.618169e-02;4.479001e-02;4.504640e-02
1.375659e-01;1.007052e-01;1.407911e-01;7.458827e-02;7.783703e-02;6.921473e-02;8.683873e-02;2.842778e-02;1.017710e-01;6.493741e-02;6.444927e-02;5.287352e-02
8.765572e-02;7.481284e-02;1.731246e-01;5.706697e-02;4.976350e-02;8.208536e-02;6.762596e-02;6.342159e-02;1.154928e-01;9.674396e-02;7.021310e-02;6.199362e-02
3.679697e-02;7.226049e-02;1.931261e-01;6.103663e-02;6.273115e-02;7.564544e-02;9.035522e-02;8.060338e-02;1.263313e-01;9.433576e-02;5.665500e-02;5.012248e-02
