7.327386e-02;6.797368e-02;8.225575e-02;7.380863e-02;7.372741e-02;1.100638e-01;9.795734e-02;9.018625e-02;6.543940e-02;8.180581e-02;9.973361e-02;8.377450e-02
8.157346e-02;6.440858e-02;8.405224e-02;6.877806e-02;6.890290e-02;1.046175e-01;9.760755e-02;9.717898e-02;6.848508e-02;7.813738e-02;1.039711e-01;8.228718e-02
9.545452e-02;6.981137e-02;1.039032e-01;7.175606e-02;8.377554e-02;9.247157e-02;7.828812e-02;9.422524e-02;7.878159e-02;6.571958e-02;1.152237e-01;5.058959e-02
8.084231e-02;6.196617e-02;9.861296e-02;6.217434e-02;7.312945e-02;1.257524e-01;1.362195e-01;8.951265e-02;7.086837e-02;5.721976e-02;7.688446e-02;6.681757e-02
1.027377e-01;4.881186e-02;1.339174e-01;4.074331e-02;6.129807e-02;1.440374e-01;1.679745e-01;7.882979e-02;7.501765e-02;4.084617e-02;5.923323e-02;4.655290e-02
1.224543e-01;5.494887e-02;1.643363e-01;2.791874e-02;7.287168e-02;1.303824e-01;1.261546e-01;9.187355e-02;7.966468e-02;5.171730e-02;3.995264e-02;3.772501e-02
1.008199e-01;6.482188e-02;1.311314e-01;3.553404e-02;9.702021e-02;1.025274e-01;8.969092e-02;1.142127e-01;6.898960e-02;5.738822e-02;8.597746e-02;5.188619e-02
6.225323e-02;9.778943e-02;6.950877e-02;1.760793e-02;1.179613e-01;6.810125e-02;1.759453e-01;9.272061e-02;5.551507e-02;4.470966e-02;1.599689e-01;3.791858e-02
3.023884e-02;1.161151e-01;2.472750e-02;3.588978e-02;9.211797e-02;7.222775e-02;2.425496e-01;6.999112e-02;6.682748e-02;5.626973e-02;1.656408e-01;2.740431e-02
1.384556e-02;1.129204e-01;2.997335e-02;8.152493e-02;5.556210e-02;1.164803e-01;2.247399e-01;7.514582e-02;5.345224e-02;9.236672e-02;1.290773e-01;1.491139e-02
3.660870e-02;9.834227e-02;3.873044e-02;1.141623e-01;4.349116e-02;1.717957e-01;1.462248e-01;7.103550e-02;3.637460e-02;1.262448e-01;8.456394e-02;3.242577e-02
4.588687e-02;7.157066e-02;4.608078e-02;1.079459e-01;5.396954e-02;2.274681e-01;1.251484e-01;8.553942e-02;4.082153e-02;1.354408e-01;1.457987e-02;4.554820e-02
3.008372e-02;6.931599e-02;6.138959e-02;7.261785e-02;7.385161e-02;2.189436e-01;1.114515e-01;1.058060e-01;4.567907e-02;1.235689e-01;4.422738e-02;4.306484e-02
1.580522e-02;1.198539e-01;7.488964e-02;3.707604e-02;4.417297e-02;2.134546e-01;1.083742e-01;9.234275e-02;4.946996e-02;1.266155e-01;8.394436e-02;3.400087e-02
3.938652e-02;1.055864e-01;8.549942e-02;3.824725e-02;4.250689e-02;1.959429e-01;8.512520e-02;9.765593e-02;7.926666e-02;9.265227e-02;1.059435e-01;3.218706e-02
5.420912e-02;8.956429e-02;1.024042e-01;4.707383e-02;3.579406e-02;2.058710e-01;7.589098e-02;9.792357e-02;6.230787e-02;1.056758e-01;1.007430e-01;2.254220e-02
5.649017e-02;5.967557e-02;1.088564e-01;5.829923e-02;4.701506e-02;1.773230e-01;1.092385e-01;1.120872e-01;6.106953e-02;1.441433e-01;4.894533e-02;1.685672e-02
4.143390e-02;7.518448e-02;7.591227e-02;6.181452e-02;6.992956e-02;1.207373e-01;1.214950e-01;1.278674e-01;5.683053e-02;1.770591e-01;3.761544e-02;3.412048e-02
5.708715e-02;8.149270e-02;4.155091e-02;6.266281e-02;7.887531e-02;8.997108e-02;1.112813e-01;1.106486e-01;7.600774e-02;2.173363e-01;4.126725e-02;3.181881e-02
5.724337e-02;6.359997e-02;4.774764e-02;5.152963e-02;6.598140e-02;1.395587e-01;1.128765e-01;7.402143e-02;9.165257e-02;2.138438e-01;3.435612e-02;4.758894e-02
4.952985e-02;3.996993e-02;5.469536e-02;3.750402e-02;7.322422e-02;1.464294e-01;1.301060e-01;7.829518e-02;8.102501e-02;1.797664e-01;7.192730e-02;5.752734e-02
7.168765e-02;4.774857e-02;5.317786e-02;4.925728e-02;8.516223e-02;1.291270e-01;1.083300e-01;1.138155e-01;4.699969e-02;1.594750e-01;9.162977e-02;4.358940e-02
5.360557e-02;9.016675e-02;4.299916e-02;6.370488e-02;7.964763e-02;1.282334e-01;8.713751e-02;1.195878e-01;5.683361e-02;1.318449e-01;9.128176e-02;5.495713e-02
2.023813e-02;1.224707e-01;6.121952e-02;7.155941e-02;5.337726e-02;1.015380e-01;1.408029e-01;9.671938e-02;5.127769e-02;8.402675e-02;1.443716e-01;5.239867e-02
2.037922e-02;1.060408e-01;6.119987e-02;6.773666e-02;4.193771e-02;8.671261e-02;1.926502e-01;9.025035e-02;3.671865e-02;5.653066e-02;1.875044e-01;5.233889e-02
3.337881e-02;8.711479e-02;5.416832e-02;7.438193e-02;7.136152e-02;7.886934e-02;1.929650e-01;1.067481e-01;4.523629e-02;8.336951e-02;1.283601e-01;4.404633e-02
2.533187e-02;1.038298e-01;6.122548e-02;8.583382e-02;9.603340e-02;1.017725e-01;2.039880e-01;1.132329e-01;4.247811e-02;8.024346e-02;6.232509e-02;2.370545e-02
6.945486e-02;1.273840e-01;9.356806e-02;7.697159e-02;9.136626e-02;1.148645e-01;1.287402e-01;1.144767e-01;5.821871e-02;5.769725e-02;3.293367e-02;3.432429e-02
5.749460e-02;1.630386e-01;7.743942e-02;8.217063e-02;1.299393e-01;7.802461e-02;7.026305e-02;8.172704e-02;8.818442e-02;1.076848e-01;3.914735e-02;2.488620e-02
3.705094e-02;1.871653e-01;9.410533e-02;7.095520e-02;1.562782e-01;9.534163e-02;3.287245e-02;6.685138e-02;8.907712e-02;1.234983e-01;2.594437e-02;2.085971e-02
2.169815e-02;1.401794e-01;1.503170e-01;5.962299e-02;1.096739e-01;1.757829e-01;3.961224e-02;4.295790e-02;6.495441e-02;1.002042e-01;7.479671e-02;2.020024e-02
2.003075e-02;7.136919e-02;2.056665e-01;5.349932e-02;4.579333e-02;2.734738e-01;8.273012e-02;1.864378e-02;4.279736e-02;6.621590e-02;9.654113e-02;2.323877e-02
1.812374e-02;2.585619e-02;1.868811e-01;3.544575e-02;4.728112e-02;3.161155e-01;1.376287e-01;1.805140e-02;3.646275e-02;4.169033e-02;1.042813e-01;3.218210e-02
1.063428e-02;1.530395e-02;1.222578e-01;1.739861e-02;6.062178e-02;2.893811e-01;2.356556e-01;1.963055e-02;4.099539e-02;3.130002e-02;1.023763e-01;5.444471e-02
1.292791e-02;2.393982e-02;8.640324e-02;2.095876e-02;8.541183e-02;2.139813e-01;2.875943e-01;3.045244e-02;4.500944e-02;4.213479e-02;7.424779e-02;7.693834e-02
1.788059e-02;4.610357e-02;4.895708e-02;2.800417e-02;9.512445e-02;1.505435e-01;2.770249e-01;3.807771e-02;4.739933e-02;7.119822e-02;5.634578e-02;1.233408e-01
2.144407e-02;5.038761e-02;3.476663e-02;2.541335e-02;1.089598e-01;1.094339e-01;2.441123e-01;4.007166e-02;5.821429e-02;6.425010e-02;4.719669e-02;1.957497e-01
3.403033e-02;3.370630e-02;7.262137e-02;1.728794e-02;1.166095e-01;1.190492e-01;1.772629e-01;3.842211e-02;7.341442e-02;3.049839e-02;6.803379e-02;2.190638e-01
6.521133e-02;3.708576e-02;8.636782e-02;1.801541e-02;9.491410e-02;1.582303e-01;1.343255e-01;3.566623e-02;7.881003e-02;3.866591e-02;9.254146e-02;1.601661e-01
7.168521e-02;5.847897e-02;7.598206e-02;3.186338e-02;8.028117e-02;1.736323e-01;1.171242e-01;4.084765e-02;8.140188e-02;6.508450e-02;1.261593e-01;7.745941e-02
4.695643e-02;7.393520e-02;8.614112e-02;5.222869e-02;9.464634e-02;1.473585e-01;8.569612e-02;8.730820e-02;1.063067e-01;5.552796e-02;9.485897e-02;6.903574e-02
4.183898e-02;7.349290e-02;1.282868e-01;5.934671e-02;7.991514e-02;1.472246e-01;6.411065e-02;9.546652e-02;1.225239e-01;6.610107e-02;5.818271e-02;6.351007e-02
3.854233e-02;7.232454e-02;1.425283e-01;5.279683e-02;8.324514e-02;1.221040e-01;1.205325e-01;9.369358e-02;8.870864e-02;8.011825e-02;3.842676e-02;6.697918e-02
3.490599e-02;4.894803e-02;1.187289e-01;4.503419e-02;8.498449e-02;9.672098e-02;1.430931e-01;7.932650e-02;6.323129e-02;7.109573e-02;1.173491e-01;9.658171e-02
4.159800e-02;8.504783e-02;9.086588e-02;6.655565e-02;8.178686e-02;1.618853e-01;6.464559e-02;7.159527e-02;5.807614e-02;5.141121e-02;1.198119e-01;1.067205e-01
4.412729e-02;1.444429e-01;5.880230e-02;6.247717e-02;6.959785e-02;1.663790e-01;9.110100e-02;6.770349e-02;6.633457e-02;5.878642e-02;1.056336e-01;6.461439e-02
3.455297e-02;1.224915e-01;5.647194e-02;8.062362e-02;8.083542e-02;1.588138e-01;1.410510e-01;5.533107e-02;6.501623e-02;7.579260e-02;7.868778e-02;5.033203e-02
3.498539e-02;8.309811e-02;6.866933e-02;7.555323e-02;6.714118e-02;1.268018e-01;1.961785e-01;5.338544e-02;7.218263e-02;7.956862e-02;6.687665e-02;7.555915e-02
3.160347e-02;8.209892e-02;7.968061e-02;5.368675e-02;5.422447e-02;1.232062e-01;2.030132e-01;3.819397e-02;7.718122e-02;5.505124e-02;8.358027e-02;1.184798e-01
3.037465e-02;8.158519e-02;6.361575e-02;4.480123e-02;8.192576e-02;1.669624e-01;1.103890e-01;9.090803e-02;9.906949e-02;7.599840e-02;6.012470e-02;9.424543e-02
2.541409e-02;5.678702e-02;3.915438e-02;6.154660e-02;7.621013e-02;1.613831e-01;6.735595e-02;1.250404e-01;1.559441e-01;8.645312e-02;6.834321e-02;7.636797e-02
2.815685e-02;3.822114e-02;5.549142e-02;7.956436e-02;3.515321e-02;1.118903e-01;5.766267e-02;1.658210e-01;1.837558e-01;8.250839e-02;9.718738e-02;6.458750e-02
2.211280e-02;3.952947e-02;7.096416e-02;6.803972e-02;4.680769e-02;7.194766e-02;9.349410e-02;1.689894e-01;1.499319e-01;8.124167e-02;1.268510e-01;6.009047e-02
2.365936e-02;5.877763e-02;8.337891e-02;4.531992e-02;5.446284e-02;1.247472e-01;8.938402e-02;1.375526e-01;8.848681e-02;7.994335e-02;1.321625e-01;8.212487e-02
3.734367e-02;5.435321e-02;7.088778e-02;4.836918e-02;5.863439e-02;1.450496e-01;9.550332e-02;1.233168e-01;7.811725e-02;7.716922e-02;1.078022e-01;1.034534e-01
4.286031e-02;3.719771e-02;6.048403e-02;6.484046e-02;6.748996e-02;1.407261e-01;1.037312e-01;1.217995e-01;9.965951e-02;8.635256e-02;6.186213e-02;1.129965e-01
4.724909e-02;5.000726e-02;6.785505e-02;4.495521e-02;4.546046e-02;1.982567e-01;1.294533e-01;1.056737e-01;8.256912e-02;8.833287e-02;3.167727e-02;1.085101e-01
2.614057e-02;5.679361e-02;4.219616e-02;1.629045e-02;3.889187e-02;2.938890e-01;1.862174e-01;8.378317e-02;7.371037e-02;5.939361e-02;5.350507e-02;6.918880e-02
1.289832e-02;5.507281e-02;4.410812e-02;1.741615e-02;4.466539e-02;3.229471e-01;2.247332e-01;8.553087e-02;6.352443e-02;2.800148e-02;4.394938e-02;5.715274e-02
2.330130e-02;7.449384e-02;8.904725e-02;1.722606e-02;3.364324e-02;2.982623e-01;1.780134e-01;8.599615e-02;5.273465e-02;6.196058e-02;3.157685e-02;5.374437e-02
3.181010e-02;9.720680e-02;9.317879e-02;5.329793e-02;4.136623e-02;1.872315e-01;1.707952e-01;8.327971e-02;5.416090e-02;6.756730e-02;6.449853e-02;5.560702e-02
2.949775e-02;6.862420e-02;8.167382e-02;2.368699e-02;6.086881e-02;1.641968e-01;1.726214e-01;8.980487e-02;7.147630e-02;8.883666e-02;1.112121e-01;3.750020e-02
2.351561e-02;7.856148e-02;6.603506e-02;2.463149e-02;8.524545e-02;2.065489e-01;1.374951e-01;8.980574e-02;6.350519e-02;1.096528e-01;8.475113e-02;3.025201e-02
1.595449e-02;7.673597e-02;4.848687e-02;2.497648e-02;1.223853e-01;2.173067e-01;1.124298e-01;7.719928e-02;5.075055e-02;1.680185e-01;5.751980e-02;2.823633e-02
1.867726e-02;5.561813e-02;3.290716e-02;3.550642e-02;1.704307e-01;1.869151e-01;7.453140e-02;4.832349e-02;5.183987e-02;2.576107e-01;3.812605e-02;2.951365e-02
3.028546e-02;2.767320e-02;2.348953e-02;5.790765e-02;1.764357e-01;1.368977e-01;8.895647e-02;3.239536e-02;8.996971e-02;2.997776e-01;1.358620e-02;2.262550e-02
3.690807e-02;2.485872e-02;4.024100e-02;1.094374e-01;1.341778e-01;9.621583e-02;1.309499e-01;2.081345e-02;1.516898e-01;2.175468e-01;1.995933e-02;1.720182e-02
3.752988e-02;5.825602e-02;8.288377e-02;1.485737e-01;1.090448e-01;6.578165e-02;1.243293e-01;5.778896e-02;1.584354e-01;1.127752e-01;3.023180e-02;1.436955e-02
4.370948e-02;8.901557e-02;1.063094e-01;1.455726e-01;1.133627e-01;7.367429e-02;9.704191e-02;8.522697e-02;1.391648e-01;7.129121e-02;2.723564e-02;8.395433e-03
4.883323e-02;9.040871e-02;9.597114e-02;1.176659e-01;1.202081e-01;1.154635e-01;5.790060e-02;9.645907e-02;1.395835e-01;7.770321e-02;2.498731e-02;1.481568e-02
1.940856e-02;3.426538e-02;3.437320e-02;1.017323e-01;9.607907e-02;1.359145e-01;9.619266e-02;9.259062e-02;1.346371e-01;1.669254e-01;5.416398e-02;3.371725e-02
1.281112e-02;4.666339e-02;4.366023e-02;1.150032e-01;1.492493e-01;1.637713e-01;1.055552e-01;6.688646e-02;8.303384e-02;1.465618e-01;3.504164e-02;3.176251e-02
1.943651e-02;4.677264e-02;3.374089e-02;1.184220e-01;2.037564e-01;1.840755e-01;5.978013e-02;3.947787e-02;5.203614e-02;1.892706e-01;2.538104e-02;2.785024e-02
1.971956e-02;3.710172e-02;1.513217e-02;7.553478e-02;1.851548e-01;1.321557e-01;5.726029e-02;3.180080e-02;7.428738e-02;3.335553e-01;1.660732e-02;2.169026e-02
1.944690e-02;4.051025e-02;2.987139e-02;2.332792e-02;9.275013e-02;1.370449e-01;6.208446e-02;3.441382e-02;1.020522e-01;4.050128e-01;2.968582e-02;2.379937e-02
3.016433e-02;4.665709e-02;4.122742e-02;2.388356e-02;5.198341e-02;1.059870e-01;8.676987e-02;4.001806e-02;1.113982e-01;3.699223e-01;4.230480e-02;4.968398e-02
4.843487e-02;5.572561e-02;7.864976e-02;8.338047e-02;9.824084e-02;1.127907e-01;6.702090e-02;7.904238e-02;9.448933e-02;1.952981e-01;3.397574e-02;5.295134e-02
5.565562e-02;4.735700e-02;8.465475e-02;1.313333e-01;1.139999e-01;1.098226e-01;8.608131e-02;7.047095e-02;1.084967e-01;1.191916e-01;4.391964e-02;2.901666e-02
5.252033e-02;5.191423e-02;1.006518e-01;1.689902e-01;1.009907e-01;9.353086e-02;8.132619e-02;6.331552e-02;1.301252e-01;8.660065e-02;5.079253e-02;1.924182e-02
4.482050e-02;4.703453e-02;1.178745e-01;1.700961e-01;9.270857e-02;8.183342e-02;6.264433e-02;9.747216e-02;1.174285e-01;7.694857e-02;5.055206e-02;4.058689e-02
3.470105e-02;2.913881e-02;1.380232e-01;1.125707e-01;1.014256e-01;8.162317e-02;8.247542e-02;1.648137e-01;7.052621e-02;1.060601e-01;3.475052e-02;4.389158e-02
3.394451e-02;5.410543e-02;1.332289e-01;9.837539e-02;9.501509e-02;6.148266e-02;1.154927e-01;1.829486e-01;5.383124e-02;9.449694e-02;4.893811e-02;2.814044e-02
3.359426e-02;9.588648e-02;9.293836e-02;6.041393e-02;8.549392e-02;6.089035e-02;1.839898e-01;1.614849e-01;5.515640e-02;6.060634e-02;9.436145e-02;1.518377e-02
3.045617e-02;1.291307e-01;3.679932e-02;3.147040e-02;6.769438e-02;6.179848e-02;2.580593e-01;1.288486e-01;7.429122e-02;2.562048e-02;1.390338e-01;1.679718e-02
3.203916e-02;1.083359e-01;4.909728e-02;4.242226e-02;4.295466e-02;1.284530e-01;2.362992e-01;7.508969e-02;6.806717e-02;5.533613e-02;1.236512e-01;3.825434e-02
4.728174e-02;6.835975e-02;6.425302e-02;6.755579e-02;4.904297e-02;1.942261e-01;1.813221e-01;5.659457e-02;4.481942e-02;9.298066e-02;7.165224e-02;6.191160e-02
6.415544e-02;5.060458e-02;5.871847e-02;6.927110e-02;5.278382e-02;2.227629e-01;1.142721e-01;8.496449e-02;5.053037e-02;1.382058e-01;2.919789e-02;6.453297e-02
6.778679e-02;7.016835e-02;7.111219e-02;4.681936e-02;7.240553e-02;2.445852e-01;5.486085e-02;9.217018e-02;5.391203e-02;1.413495e-01;4.863297e-02;3.619704e-02
4.326838e-02;8.358299e-02;9.745250e-02;3.279460e-02;6.815944e-02;2.353521e-01;4.325786e-02;1.331970e-01;6.046901e-02;1.081876e-01;5.904312e-02;3.523537e-02
3.029995e-02;8.341230e-02;9.663151e-02;4.025810e-02;7.789178e-02;2.097915e-01;3.857346e-02;1.498257e-01;7.456990e-02;1.000634e-01;6.810317e-02;3.057910e-02
4.507137e-02;6.532206e-02;7.745746e-02;6.427266e-02;8.498707e-02;1.756780e-01;7.789950e-02;9.001337e-02;9.344469e-02;1.270997e-01;7.580599e-02;2.294810e-02
3.403268e-02;7.312675e-02;1.171755e-01;6.746642e-02;5.656994e-02;1.410204e-01;6.955004e-02;1.353228e-01;9.059201e-02;1.161513e-01;7.429782e-02;2.469440e-02
3.008457e-02;9.019228e-02;1.135431e-01;8.611009e-02;6.290194e-02;1.435381e-01;9.736934e-02;1.285678e-01;7.536546e-02;9.105667e-02;5.642403e-02;2.484667e-02
2.928293e-02;7.216477e-02;7.785089e-02;9.202342e-02;1.075036e-01;1.465019e-01;1.140220e-01;1.092579e-01;9.169840e-02;8.927135e-02;3.566344e-02;3.475929e-02
2.110312e-02;6.079887e-02;8.295186e-02;1.157656e-01;1.430576e-01;1.276824e-01;1.359711e-01;1.118564e-01;7.663642e-02;7.635184e-02;2.312079e-02;2.470396e-02
1.137873e-02;4.766310e-02;6.598877e-02;1.582815e-01;1.907404e-01;1.171363e-01;1.225831e-01;1.074026e-01;6.654075e-02;6.055872e-02;3.459343e-02;1.713254e-02
1.097359e-02;3.864271e-02;3.513147e-02;1.462495e-01;2.090572e-01;1.464211e-01;5.935363e-02;1.160726e-01;6.199331e-02;1.035275e-01;5.941571e-02;1.316172e-02
1.332201e-02;5.552460e-02;4.125594e-02;1.167543e-01;1.658464e-01;1.349753e-01;1.148148e-01;8.944418e-02;7.446156e-02;1.197529e-01;5.676198e-02;1.708614e-02
1.547671e-02;9.442136e-02;8.240966e-02;1.298284e-01;7.277421e-02;7.865367e-02;1.080467e-01;9.988763e-02;9.590189e-02;1.526707e-01;5.152577e-02;1.840333e-02
2.000934e-02;9.919434e-02;6.847188e-02;1.180529e-01;1.066057e-01;1.252329e-01;1.351931e-01;7.639983e-02;7.175928e-02;1.185140e-01;4.548716e-02;1.507940e-02
1.364632e-02;6.327105e-02;4.519015e-02;1.015137e-01;1.515334e-01;1.370286e-01;1.998986e-01;9.189730e-02;4.614317e-02;8.050166e-02;4.792447e-02;2.145155e-02
1.265647e-02;3.736068e-02;4.428443e-02;1.069423e-01;1.574697e-01;8.909419e-02;1.984245e-01;1.102474e-01;4.428353e-02;1.398921e-01;3.454193e-02;2.480280e-02
2.221904e-02;4.267160e-02;5.353047e-02;1.037494e-01;1.491800e-01;8.819529e-02;1.901191e-01;1.232560e-01;6.643777e-02;1.194912e-01;2.751991e-02;1.363019e-02
1.671750e-02;4.522457e-02;5.979449e-02;8.645167e-02;1.345598e-01;1.198067e-01;1.895832e-01;1.286273e-01;9.597325e-02;7.101175e-02;3.596426e-02;1.628553e-02
1.733461e-02;3.949463e-02;6.385675e-02;7.654703e-02;1.120921e-01;1.207607e-01;1.855801e-01;1.579147e-01;9.220230e-02;6.181243e-02;4.459895e-02;2.780575e-02
1.501539e-02;3.568960e-02;5.616209e-02;6.939958e-02;9.521961e-02;1.385905e-01;1.514571e-01;2.077802e-01;1.086978e-01;5.198886e-02;4.196893e-02;2.803026e-02
1.421657e-02;3.006797e-02;6.779363e-02;4.565486e-02;9.014312e-02;1.465257e-01;1.452569e-01;2.396291e-01;1.185248e-01;5.651242e-02;3.150419e-02;1.417072e-02
1.500746e-02;4.216142e-02;9.376105e-02;4.082696e-02;8.860243e-02;1.130127e-01;9.821854e-02;2.161191e-01;1.441796e-01;1.170320e-01;2.216836e-02;8.910458e-03
1.517550e-02;4.265229e-02;1.100737e-01;5.061313e-02;1.006363e-01;8.233774e-02;4.932480e-02;1.984034e-01;1.756223e-01;1.438767e-01;2.448864e-02;6.795522e-03
8.928354e-03;3.920763e-02;8.931401e-02;7.696135e-02;1.394277e-01;4.429299e-02;6.768351e-02;1.875487e-01;1.722339e-01;1.338157e-01;2.834770e-02;1.223847e-02
8.372416e-03;3.741327e-02;6.305790e-02;1.044286e-01;1.424538e-01;7.341047e-02;9.652194e-02;1.349559e-01;1.793333e-01;1.158834e-01;3.148441e-02;1.268462e-02
1.661216e-02;3.926504e-02;5.932171e-02;1.159119e-01;7.452483e-02;1.585132e-01;1.410658e-01;1.034628e-01;1.574575e-01;9.262248e-02;3.201921e-02;9.223350e-03
2.528670e-02;3.992821e-02;9.066332e-02;1.004894e-01;6.878923e-02;2.181034e-01;1.232901e-01;9.213144e-02;1.019969e-01;7.764389e-02;3.979811e-02;2.187935e-02
3.621425e-02;5.419823e-02;1.070700e-01;6.360164e-02;6.338511e-02;2.512468e-01;7.133453e-02;8.901382e-02;6.581102e-02;1.172228e-01;5.274883e-02;2.815297e-02
4.219984e-02;5.527711e-02;8.975652e-02;3.675291e-02;9.064383e-02;2.502864e-01;6.697670e-02;9.077420e-02;6.392819e-02;1.302100e-01;5.065896e-02;3.253534e-02
4.778499e-02;4.133621e-02;6.818721e-02;7.314914e-02;9.902945e-02;2.271698e-01;9.646893e-02;8.368439e-02;7.433740e-02;9.378728e-02;4.824097e-02;4.682418e-02
5.474924e-02;5.077426e-02;7.241054e-02;8.390687e-02;7.824244e-02;2.257816e-01;6.738395e-02;7.807998e-02;1.001864e-01;7.398953e-02;5.869519e-02;5.579999e-02
4.792136e-02;6.073141e-02;7.520527e-02;5.083209e-02;8.094341e-02;2.590607e-01;4.399284e-02;8.840942e-02;9.618826e-02;8.564439e-02;7.040299e-02;4.066793e-02
2.296923e-02;9.343328e-02;6.111794e-02;8.574352e-02;9.147986e-02;1.899197e-01;5.915479e-02;9.490119e-02;9.215875e-02;1.286938e-01;6.196363e-02;1.846438e-02
1.661774e-02;1.072722e-01;6.561398e-02;7.329489e-02;1.516721e-01;1.060185e-01;4.547865e-02;9.291919e-02;1.304420e-01;1.514721e-01;3.529642e-02;2.390224e-02
2.817264e-02;6.408734e-02;7.898372e-02;6.479346e-02;1.645930e-01;9.072021e-02;5.025299e-02;8.877274e-02;1.773946e-01;1.414718e-01;2.838773e-02;2.236975e-02
4.509798e-02;2.891125e-02;7.513227e-02;1.180406e-01;8.239291e-02;7.033642e-02;6.944475e-02;1.510686e-01;2.267079e-01;8.225049e-02;3.849603e-02;1.212079e-02
4.287058e-02;2.555478e-02;7.135401e-02;1.307396e-01;5.756208e-02;5.739773e-02;7.457838e-02;2.073298e-01;2.159347e-01;5.328237e-02;4.579598e-02;1.759984e-02
2.245032e-02;4.890414e-02;1.089010e-01;7.731291e-02;5.667476e-02;7.017640e-02;6.766918e-02;2.715860e-01;1.434352e-01;5.805323e-02;4.062777e-02;3.420909e-02
2.873498e-02;5.792330e-02;1.732211e-01;5.622557e-02;3.277810e-02;8.809858e-02;5.496925e-02;3.069735e-01;7.273088e-02;5.323140e-02;4.877177e-02;2.634167e-02
2.946354e-02;7.827994e-02;1.441037e-01;5.439677e-02;6.814270e-02;1.199126e-01;8.022054e-02;2.042616e-01;1.060792e-01;4.075451e-02;4.701819e-02;2.736676e-02
4.500806e-02;9.162150e-02;1.065475e-01;7.074667e-02;5.834846e-02;1.688714e-01;9.738881e-02;1.401895e-01;9.017201e-02;5.435305e-02;3.365711e-02;4.309584e-02
8.752971e-02;8.694676e-02;6.503709e-02;7.376310e-02;3.736777e-02;2.336521e-01;7.331441e-02;8.683348e-02;5.711357e-02;9.661585e-02;4.470259e-02;5.712353e-02
1.369787e-01;6.728020e-02;3.492561e-02;5.478661e-02;4.479450e-02;3.097672e-01;3.808153e-02;6.726932e-02;3.208008e-02;1.107347e-01;3.990417e-02;6.339747e-02
1.477382e-01;6.926022e-02;2.951856e-02;3.718982e-02;4.612265e-02;3.605582e-01;3.286220e-02;8.948439e-02;4.605326e-02;7.317323e-02;1.654053e-02;5.149878e-02
1.170121e-01;1.118966e-01;4.315096e-02;2.975368e-02;5.941258e-02;3.648829e-01;2.522016e-02;7.541171e-02;4.870574e-02;4.767619e-02;3.574958e-02;4.112776e-02
6.338355e-02;1.388892e-01;6.404516e-02;2.708825e-02;7.616348e-02;3.291835e-01;2.346759e-02;8.774512e-02;5.231724e-02;4.816321e-02;5.399625e-02;3.555750e-02
3.430858e-02;1.244139e-01;9.111415e-02;4.602864e-02;8.773349e-02;2.950545e-01;3.826699e-02;9.248964e-02;6.641956e-02;3.457832e-02;5.049536e-02;3.909682e-02
4.762930e-02;1.113342e-01;1.258126e-01;5.606730e-02;7.450745e-02;2.555987e-01;4.662484e-02;7.187193e-02;8.071782e-02;4.840384e-02;3.062092e-02;5.081108e-02
4.871611e-02;8.816039e-02;1.135294e-01;2.961468e-02;5.449281e-02;3.471389e-01;3.289443e-02;7.524727e-02;9.541442e-02;4.562930e-02;1.640733e-02;5.275504e-02
4.925136e-02;5.446240e-02;8.853689e-02;2.445121e-02;6.325580e-02;4.154243e-01;2.418657e-02;1.064204e-01;8.465367e-02;3.295845e-02;1.341358e-02;4.298529e-02
5.539845e-02;4.740280e-02;8.053804e-02;5.000955e-02;8.244085e-02;4.090529e-01;2.372506e-02;5.791798e-02;8.523505e-02;5.603878e-02;9.858914e-03;4.238155e-02
5.211063e-02;3.903873e-02;6.413808e-02;5.934240e-02;7.238127e-02;3.781065e-01;1.963216e-02;9.885536e-02;1.012093e-01;6.393732e-02;9.824459e-03;4.142385e-02
3.085797e-02;3.633086e-02;6.534995e-02;5.604737e-02;5.731432e-02;4.557124e-01;1.652228e-02;1.179179e-01;7.150912e-02;5.171983e-02;8.180770e-03;3.253723e-02
2.210020e-02;4.169321e-02;8.717731e-02;4.186665e-02;5.517281e-02;5.593123e-01;1.158217e-02;6.136639e-02;4.312458e-02;4.362028e-02;1.217953e-02;2.080456e-02
3.542696e-02;5.156998e-02;6.238237e-02;3.590286e-02;5.192477e-02;5.687437e-01;1.743543e-02;6.757178e-02;4.840193e-02;3.538663e-02;1.396049e-02;1.129309e-02
5.816578e-02;9.564538e-02;5.273747e-02;4.887595e-02;4.979217e-02;4.861082e-01;2.612928e-02;6.687921e-02;5.239313e-02;3.746313e-02;1.697554e-02;8.834734e-03
5.455228e-02;1.753563e-01;8.916058e-02;6.349108e-02;5.074587e-02;3.162786e-01;3.604065e-02;8.637010e-02;4.622867e-02;4.645974e-02;1.267669e-02;2.263940e-02
3.662306e-02;2.253896e-01;1.767562e-01;6.679642e-02;3.658510e-02;1.732557e-01;6.814346e-02;8.194599e-02;3.036318e-02;4.319012e-02;2.033618e-02;4.061505e-02
3.045774e-02;2.196006e-01;1.888694e-01;5.133797e-02;2.653998e-02;9.969626e-02;1.480313e-01;7.332753e-02;3.353031e-02;3.012869e-02;4.823726e-02;5.024289e-02
1.810309e-02;1.850451e-01;1.001539e-01;2.708796e-02;3.332692e-02;8.710316e-02;2.299345e-01;1.093835e-01;5.236333e-02;1.321397e-02;9.824231e-02;4.604232e-02
2.484416e-02;1.441617e-01;4.562705e-02;1.117503e-02;4.694635e-02;7.671060e-02;2.649934e-01;1.355530e-01;4.919799e-02;1.813244e-02;1.564151e-01;2.624328e-02
5.984774e-02;1.017528e-01;5.627835e-02;9.613797e-03;5.780534e-02;3.479590e-02;2.580321e-01;1.594746e-01;3.743782e-02;2.072273e-02;1.891550e-01;1.508400e-02
8.853786e-02;6.873632e-02;6.277718e-02;1.152470e-02;6.156551e-02;3.745962e-02;2.373841e-01;1.973190e-01;2.737746e-02;1.438249e-02;1.677540e-01;2.518184e-02
1.040895e-01;6.806079e-02;6.980076e-02;1.656958e-02;6.302442e-02;3.345415e-02;2.322815e-01;2.364008e-01;2.097792e-02;2.070443e-02;1.064274e-01;2.820868e-02
9.164356e-02;8.329461e-02;7.511391e-02;2.221720e-02;6.270320e-02;3.010514e-02;2.475607e-01;2.401184e-01;2.767325e-02;2.870189e-02;7.359827e-02;1.726988e-02
7.577337e-02;9.209770e-02;5.386246e-02;1.200916e-02;6.648392e-02;5.053696e-02;2.823263e-01;1.849448e-01;2.627112e-02;1.655160e-02;1.185752e-01;2.056741e-02
6.534211e-02;1.054412e-01;3.739521e-02;8.653795e-03;6.202241e-02;6.747378e-02;2.781228e-01;1.185653e-01;3.650849e-02;1.370453e-02;1.916565e-01;1.511387e-02
5.069162e-02;1.061741e-01;5.016492e-02;1.477267e-02;5.405397e-02;7.725531e-02;2.384924e-01;8.437298e-02;5.181929e-02;2.995774e-02;2.111863e-01;3.105860e-02
5.197302e-02;7.243142e-02;6.117832e-02;2.098572e-02;4.340729e-02;1.461796e-01;1.860942e-01;1.030340e-01;5.776656e-02;3.080974e-02;1.743408e-01;5.179938e-02
8.999545e-02;8.665862e-02;5.590619e-02;2.730053e-02;2.353968e-02;2.574243e-01;1.040273e-01;1.389042e-01;4.420046e-02;2.808574e-02;9.313032e-02;5.082717e-02
9.800377e-02;7.274370e-02;3.358983e-02;4.007249e-02;3.984459e-02;3.192564e-01;6.564154e-02;1.219836e-01;4.809129e-02;6.260472e-02;5.778695e-02;4.038118e-02
8.177036e-02;7.728942e-02;6.583695e-02;3.984910e-02;5.895069e-02;3.001577e-01;5.083086e-02;1.151747e-01;4.699159e-02;9.286258e-02;4.198097e-02;2.830502e-02
8.860151e-02;1.460366e-01;8.601671e-02;4.796989e-02;6.269190e-02;2.196325e-01;3.579664e-02;1.232944e-01;3.840388e-02;8.176892e-02;2.604294e-02;4.374409e-02
1.011031e-01;1.722500e-01;7.417914e-02;4.144161e-02;6.511914e-02;2.483690e-01;2.601784e-02;1.042259e-01;3.229234e-02;6.855036e-02;2.543506e-02;4.101653e-02
1.001263e-01;1.520935e-01;5.891412e-02;2.619415e-02;7.049285e-02;2.909306e-01;3.486591e-02;9.264659e-02;3.770410e-02;5.193437e-02;5.104202e-02;3.305554e-02
9.060836e-02;8.747360e-02;6.171995e-02;2.152992e-02;7.597096e-02;2.889478e-01;7.747398e-02;1.010460e-01;5.124889e-02;3.084473e-02;7.708135e-02;3.605432e-02
7.765021e-02;7.213535e-02;7.971425e-02;3.064745e-02;7.200145e-02;2.162011e-01;1.396825e-01;1.356547e-01;4.952940e-02;1.355510e-02;6.185083e-02;5.137762e-02
5.643939e-02;9.037776e-02;1.030091e-01;4.660836e-02;5.022940e-02;1.593462e-01;1.657953e-01;1.600676e-01;3.844664e-02;3.310050e-02;5.191965e-02;4.466004e-02
3.978786e-02;7.280691e-02;1.256969e-01;4.259302e-02;5.037362e-02;2.115730e-01;1.347917e-01;1.846629e-01;3.932327e-02;2.898627e-02;4.322544e-02;2.617917e-02
3.449210e-02;7.528571e-02;1.086332e-01;3.382374e-02;4.053609e-02;2.536563e-01;1.330820e-01;1.819900e-01;5.823937e-02;1.984355e-02;4.873312e-02;1.168488e-02
2.954445e-02;5.726339e-02;1.153942e-01;2.672816e-02;3.132328e-02;3.561539e-01;1.297937e-01;1.331931e-01;3.756965e-02;2.477872e-02;4.613480e-02;1.212261e-02
3.032422e-02;1.041955e-01;1.302178e-01;2.599451e-02;3.687961e-02;3.190933e-01;1.131635e-01;1.447780e-01;3.508341e-02;2.557368e-02;2.631657e-02;8.379845e-03
3.165809e-02;1.488106e-01;1.222617e-01;2.994596e-02;3.961759e-02;2.359438e-01;1.119609e-01;1.694297e-01;3.796219e-02;2.801145e-02;3.425642e-02;1.014153e-02
2.976480e-02;1.376534e-01;7.516403e-02;2.269576e-02;5.300763e-02;2.766021e-01;1.162348e-01;1.408711e-01;4.680724e-02;3.425152e-02;4.942735e-02;1.752024e-02
5.202803e-02;1.053266e-01;6.240023e-02;2.176948e-02;6.185465e-02;2.879395e-01;9.857500e-02;1.253425e-01;6.119838e-02;2.762999e-02;5.095401e-02;4.498169e-02
5.779873e-02;1.063006e-01;1.056234e-01;3.502772e-02;6.260642e-02;2.032510e-01;5.043391e-02;1.033816e-01;6.713603e-02;2.163397e-02;1.028569e-01;8.394976e-02
6.592549e-02;1.408605e-01;8.930901e-02;2.351144e-02;4.454031e-02;2.619798e-01;3.124995e-02;7.058050e-02;4.529116e-02;2.509122e-02;1.222686e-01;7.939206e-02
9.377342e-02;1.540167e-01;9.542327e-02;1.781185e-02;4.294327e-02;2.900535e-01;3.454110e-02;5.775307e-02;3.869889e-02;2.787980e-02;9.686894e-02;5.023625e-02
9.160779e-02;1.187134e-01;1.069736e-01;4.501329e-02;6.501020e-02;2.860815e-01;4.059660e-02;5.144296e-02;5.213927e-02;1.769542e-02;6.776515e-02;5.696080e-02
6.104205e-02;7.823004e-02;1.158448e-01;7.371948e-02;9.831299e-02;2.586791e-01;5.146578e-02;5.621427e-02;5.959944e-02;1.473164e-02;3.356367e-02;9.859676e-02
3.916007e-02;5.583252e-02;9.624054e-02;8.932733e-02;1.407065e-01;1.903216e-01;4.994673e-02;6.656459e-02;7.008334e-02;2.129552e-02;2.592809e-02;1.545932e-01
5.503247e-02;3.562201e-02;9.148445e-02;8.123438e-02;1.643278e-01;1.821479e-01;3.054193e-02;6.166419e-02;6.010218e-02;1.855425e-02;2.782530e-02;1.914631e-01
7.654928e-02;4.309648e-02;9.579550e-02;5.551856e-02;1.252113e-01;2.335414e-01;5.422607e-02;5.442200e-02;4.875827e-02;2.127146e-02;3.810547e-02;1.535043e-01
7.748683e-02;7.261151e-02;1.138968e-01;3.767318e-02;7.789695e-02;2.254163e-01;7.833649e-02;1.019833e-01;3.405574e-02;3.288490e-02;5.998862e-02;8.776940e-02
4.849037e-02;8.570649e-02;1.825081e-01;4.911525e-02;5.509119e-02;9.380099e-02;1.060634e-01;1.335559e-01;3.635038e-02;4.427635e-02;1.136234e-01;5.141816e-02
3.367975e-02;1.023477e-01;2.085042e-01;6.365658e-02;4.212240e-02;1.475193e-01;8.775965e-02;1.016309e-01;3.799387e-02;3.271391e-02;1.049573e-01;3.711429e-02
2.958278e-02;1.181875e-01;2.048232e-01;7.086685e-02;3.502820e-02;2.174778e-01;4.104391e-02;1.031175e-01;4.915635e-02;1.982083e-02;8.509956e-02;2.579543e-02
2.553188e-02;9.945623e-02;1.889853e-01;5.370705e-02;4.181231e-02;3.334580e-01;2.594336e-02;1.035766e-01;4.560611e-02;1.071865e-02;4.764957e-02;2.355493e-02
2.136319e-02;7.850204e-02;2.187092e-01;5.615644e-02;7.979758e-02;3.350216e-01;4.413388e-02;8.693442e-02;1.939246e-02;6.539441e-03;2.726293e-02;2.618682e-02
2.306448e-02;1.220827e-01;2.567117e-01;7.680807e-02;1.072576e-01;1.025117e-01;7.528296e-02;1.383958e-01;1.807621e-02;1.292644e-02;3.822150e-02;2.866071e-02
1.529909e-02;1.247017e-01;1.932469e-01;6.185681e-02;5.307080e-02;2.350056e-01;8.213792e-02;1.224243e-01;1.400813e-02;1.668868e-02;5.079582e-02;3.076419e-02
1.458597e-02;1.219349e-01;2.037980e-01;5.746173e-02;3.204237e-02;2.658990e-01;8.293654e-02;1.021397e-01;1.978500e-02;1.233748e-02;4.741952e-02;3.965979e-02
1.972107e-02;6.734397e-02;1.809011e-01;4.956496e-02;4.281947e-02;4.020827e-01;3.274049e-02;1.364422e-01;1.757483e-02;6.285451e-03;1.852341e-02;2.600032e-02
1.889919e-02;5.235505e-02;1.559686e-01;4.697170e-02;3.811907e-02;4.323344e-01;3.467419e-02;1.597772e-01;2.464353e-02;7.706059e-03;1.406477e-02;1.448632e-02
2.336397e-02;9.049413e-02;1.959322e-01;4.871632e-02;5.065678e-02;2.631034e-01;7.797514e-02;1.646659e-01;3.217982e-02;1.059979e-02;2.157024e-02;2.074226e-02
2.629782e-02;7.379567e-02;1.186401e-01;6.073905e-02;6.023193e-02;3.457485e-01;7.573816e-02;1.292166e-01;4.211251e-02;1.012181e-02;2.221126e-02;3.514658e-02
2.450953e-02;5.777162e-02;8.921685e-02;8.411423e-02;8.343364e-02;3.991107e-01;5.182276e-02;8.862871e-02;4.083706e-02;7.820068e-03;2.021003e-02;5.252482e-02
2.265994e-02;4.475437e-02;9.102044e-02;1.021279e-01;1.034820e-01;3.873478e-01;3.399002e-02;8.463866e-02;4.237017e-02;5.816742e-03;1.399568e-02;6.779628e-02
2.334784e-02;4.823797e-02;1.143580e-01;9.406427e-02;9.744569e-02;3.456969e-01;4.359314e-02;8.030560e-02;5.838184e-02;1.528441e-02;1.316408e-02;6.612023e-02
4.343608e-02;6.177604e-02;1.180333e-01;6.601069e-02;6.137466e-02;3.832838e-01;4.612338e-02;6.105862e-02;5.550668e-02;2.688833e-02;2.005428e-02;5.645416e-02
6.864465e-02;7.176394e-02;7.546945e-02;3.816962e-02;3.791596e-02;4.249369e-01;4.883552e-02;8.562326e-02;5.905503e-02;3.663818e-02;1.706704e-02;3.588047e-02
7.936762e-02;7.741550e-02;3.940586e-02;2.440599e-02;4.834561e-02;4.353141e-01;4.716728e-02;1.177838e-01;6.272700e-02;3.548630e-02;1.288209e-02;1.969885e-02
8.268727e-02;8.204434e-02;3.453236e-02;3.597909e-02;6.816179e-02;4.073156e-01;5.911498e-02;1.119943e-01;6.101530e-02;3.757641e-02;8.688525e-03;1.088995e-02
8.969471e-02;6.769386e-02;2.686056e-02;4.864685e-02;8.261020e-02;3.850273e-01;7.627010e-02;1.008600e-01;4.927810e-02;4.991634e-02;1.152163e-02;1.162035e-02
1.005747e-01;8.256523e-02;3.034606e-02;4.490829e-02;8.584047e-02;3.736369e-01;6.430011e-02;1.020119e-01;4.267846e-02;5.319619e-02;9.461225e-03;1.048049e-02
1.113529e-01;1.009493e-01;3.193879e-02;2.973672e-02;7.159681e-02;3.854171e-01;7.195998e-02;1.000653e-01;3.252764e-02;4.741776e-02;7.822270e-03;9.215431e-03
1.219675e-01;1.367990e-01;2.387435e-02;2.234997e-02;5.925507e-02;3.828629e-01;6.332956e-02;1.009605e-01;2.782706e-02;4.025915e-02;5.820412e-03;1.469450e-02
1.060753e-01;1.873447e-01;4.361262e-02;1.961491e-02;5.557726e-02;3.190829e-01;6.490706e-02;9.353407e-02;3.553716e-02;3.212813e-02;1.618596e-02;2.640000e-02
8.102427e-02;1.944017e-01;8.531322e-02;2.238803e-02;4.171134e-02;2.658131e-01;6.671596e-02;1.220413e-01;4.121101e-02;2.589190e-02;2.176478e-02;3.172348e-02
6.580685e-02;1.361664e-01;1.077025e-01;2.262271e-02;4.054517e-02;2.914829e-01;8.331103e-02;1.173515e-01;3.710403e-02;3.018810e-02;3.259337e-02;3.512533e-02
4.986483e-02;1.210930e-01;1.432117e-01;3.683987e-02;5.638261e-02;2.251292e-01;6.906904e-02;1.522151e-01;6.609506e-02;3.091577e-02;2.936920e-02;1.981466e-02
3.404670e-02;5.575719e-02;1.321181e-01;3.802222e-02;6.080225e-02;3.131846e-01;6.745602e-02;1.692550e-01;6.442204e-02;2.254428e-02;2.192924e-02;2.046232e-02
2.750534e-02;9.496871e-02;1.905694e-01;3.869142e-02;7.114501e-02;2.511913e-01;4.457988e-02;1.336095e-01;5.671745e-02;4.067418e-02;2.003735e-02;3.031039e-02
1.751378e-02;9.573542e-02;2.068475e-01;5.358251e-02;6.122990e-02;2.427467e-01;5.790954e-02;1.020633e-01;5.615151e-02;5.826514e-02;1.797491e-02;2.997974e-02
2.427955e-02;4.452760e-02;1.071646e-01;4.603798e-02;6.165488e-02;3.728996e-01;5.919884e-02;1.412042e-01;5.056251e-02;4.964291e-02;1.855277e-02;2.427456e-02
3.361182e-02;6.072189e-02;1.326431e-01;5.271056e-02;6.144142e-02;3.464524e-01;4.043925e-02;1.282653e-01;3.631591e-02;4.974626e-02;2.984378e-02;2.780829e-02
3.312873e-02;7.063401e-02;2.251526e-01;9.100590e-02;8.877119e-02;2.118740e-01;2.980840e-02;7.673021e-02;3.913686e-02;4.761051e-02;4.914727e-02;3.700033e-02
2.045047e-02;7.368654e-02;2.137997e-01;9.302919e-02;9.286539e-02;2.532906e-01;2.777804e-02;8.877478e-02;3.272775e-02;3.118704e-02;4.373150e-02;2.867903e-02
2.140094e-02;9.554130e-02;2.218790e-01;6.716966e-02;7.780717e-02;2.621325e-01;2.666050e-02;1.177297e-01;3.303977e-02;2.378313e-02;3.335273e-02;1.950363e-02
2.915288e-02;9.623970e-02;2.218637e-01;3.799156e-02;6.825577e-02;3.381059e-01;3.549111e-02;8.310191e-02;2.914674e-02;1.985405e-02;1.952914e-02;2.126754e-02
3.082143e-02;7.706710e-02;1.644199e-01;5.160252e-02;5.589566e-02;4.309552e-01;4.740023e-02;5.178133e-02;2.790172e-02;1.552107e-02;1.694704e-02;2.968679e-02
3.194810e-02;9.019846e-02;1.289480e-01;5.749834e-02;4.673909e-02;4.291935e-01;3.848675e-02;5.103392e-02;4.581499e-02;1.941362e-02;3.092255e-02;2.980266e-02
2.132643e-02;1.250865e-01;1.564118e-01;5.186588e-02;4.451451e-02;3.531032e-01;4.058845e-02;9.206621e-02;4.619401e-02;2.283522e-02;2.965947e-02;1.634825e-02
2.599132e-02;6.619459e-02;1.585435e-01;4.080097e-02;2.341512e-02;4.277136e-01;3.329929e-02;1.328233e-01;3.985254e-02;1.665210e-02;2.470565e-02;1.000805e-02
3.807080e-02;6.026850e-02;1.309011e-01;2.720182e-02;3.410666e-02;4.526584e-01;2.384336e-02;1.296272e-01;2.949584e-02;1.887725e-02;2.684426e-02;2.810483e-02
4.290108e-02;1.168029e-01;1.406878e-01;1.976079e-02;3.619736e-02;3.515136e-01;2.164205e-02;1.393327e-01;3.966816e-02;2.461318e-02;2.835824e-02;3.852218e-02
2.833499e-02;1.580689e-01;1.922610e-01;2.747677e-02;3.213997e-02;3.064950e-01;2.601008e-02;1.164306e-01;3.057252e-02;2.468075e-02;2.437988e-02;3.314949e-02
2.614211e-02;1.692378e-01;2.503009e-01;3.335092e-02;1.983030e-02;2.295973e-01;4.674265e-02;1.242339e-01;2.973429e-02;2.335538e-02;2.321045e-02;2.426408e-02
2.166834e-02;1.365088e-01;2.325863e-01;2.581509e-02;1.890764e-02;2.770746e-01;3.742689e-02;1.355837e-01;5.772369e-02;2.161726e-02;1.725473e-02;1.783282e-02
