7.423776e-02;4.856605e-02;1.473704e-01;8.067953e-02;5.360255e-02;7.284550e-02;1.375593e-01;1.009034e-01;7.357363e-02;9.900415e-02;7.131796e-02;4.033980e-02
6.489884e-02;4.656773e-02;9.705237e-02;7.402194e-02;7.320178e-02;7.772466e-02;1.249041e-01;1.278375e-01;9.053305e-02;1.085251e-01;7.968854e-02;3.504443e-02
7.205308e-02;3.837145e-02;1.020364e-01;5.823693e-02;6.341252e-02;7.402395e-02;1.838814e-01;1.354544e-01;7.178126e-02;9.636854e-02;5.073070e-02;5.364937e-02
6.326222e-02;6.530590e-02;1.256542e-01;5.833429e-02;8.404497e-02;7.029327e-02;1.525351e-01;1.359131e-01;5.621681e-02;9.232167e-02;4.775214e-02;4.836630e-02
2.755936e-02;7.881733e-02;1.064813e-01;7.128926e-02;8.750809e-02;8.248147e-02;1.855538e-01;1.238478e-01;7.252436e-02;6.658942e-02;3.935372e-02;5.799417e-02
5.341175e-02;6.262305e-02;1.199740e-01;7.037376e-02;7.823323e-02;9.439858e-02;2.022455e-01;1.057956e-01;6.925080e-02;6.399778e-02;3.521817e-02;4.447782e-02
6.319489e-02;4.281931e-02;1.482730e-01;6.126834e-02;1.043797e-01;7.582611e-02;1.640393e-01;1.126325e-01;7.446947e-02;9.704331e-02;2.132035e-02;3.473358e-02
7.338464e-02;4.159001e-02;1.337001e-01;5.422345e-02;1.197654e-01;7.031976e-02;1.571678e-01;1.142821e-01;8.260053e-02;6.919494e-02;5.488304e-02;2.888826e-02
8.374863e-02;8.445693e-02;9.832851e-02;3.897183e-02;1.115873e-01;7.706197e-02;1.275097e-01;9.607970e-02;1.159820e-01;7.270079e-02;7.628782e-02;1.728490e-02
6.477848e-02;1.072871e-01;9.934057e-02;4.503523e-02;7.709015e-02;6.711449e-02;1.701504e-01;7.864370e-02;1.131232e-01;7.572212e-02;8.218508e-02;1.952951e-02
3.268083e-02;8.080486e-02;8.453463e-02;5.892500e-02;8.423995e-02;6.311835e-02;1.239267e-01;1.169995e-01;1.229383e-01;1.101029e-01;8.627806e-02;3.545093e-02
5.393298e-02;4.691929e-02;9.280590e-02;3.749223e-02;5.234279e-02;4.404612e-02;1.608768e-01;1.290588e-01;1.648732e-01;1.140567e-01;7.466763e-02;2.892754e-02
4.630194e-02;4.752604e-02;8.838334e-02;3.332298e-02;5.309900e-02;5.016584e-02;1.264117e-01;1.321828e-01;1.849529e-01;9.262814e-02;1.059703e-01;3.905511e-02
4.095824e-02;5.216549e-02;6.218245e-02;2.674573e-02;4.979347e-02;6.032978e-02;1.194317e-01;1.117897e-01;1.810051e-01;8.667324e-02;1.262377e-01;8.268742e-02
5.691768e-02;4.984615e-02;3.185514e-02;4.493494e-02;3.190221e-02;4.423570e-02;1.901856e-01;5.801979e-02;1.214145e-01;1.464107e-01;8.980327e-02;1.344743e-01
4.107561e-02;3.949710e-02;2.469709e-02;6.455599e-02;1.430510e-02;1.367457e-02;2.580861e-01;5.073186e-02;8.113977e-02;1.529705e-01;6.509506e-02;1.941712e-01
1.772175e-02;2.873994e-02;1.619187e-02;7.818352e-02;6.264281e-03;2.321420e-02;3.145647e-01;4.383826e-02;8.047301e-02;1.147285e-01;3.627905e-02;2.398009e-01
2.365069e-02;2.294907e-02;1.835404e-02;8.970879e-02;5.767038e-03;2.212522e-02;3.488107e-01;1.679643e-02;7.033812e-02;9.416272e-02;2.804550e-02;2.592917e-01
2.859093e-02;1.511228e-02;1.566292e-02;8.897056e-02;4.254102e-03;1.573666e-02;3.394019e-01;4.239129e-02;5.908351e-02;1.377186e-01;3.737347e-02;2.157037e-01
4.753646e-02;8.828525e-03;1.185383e-02;1.029493e-01;6.053309e-03;1.901309e-02;3.459886e-01;7.272813e-02;6.390481e-02;1.405686e-01;2.753031e-02;1.530450e-01
6.609924e-02;1.331916e-02;1.874375e-02;9.962076e-02;2.816679e-02;5.475507e-02;3.431938e-01;1.020558e-01;6.088677e-02;9.798659e-02;2.460656e-02;9.056574e-02
7.803176e-02;2.467988e-02;2.925565e-02;7.706733e-02;4.931055e-02;7.599680e-02;3.361060e-01;1.056322e-01;6.419711e-02;6.893388e-02;2.986532e-02;6.092357e-02
7.611948e-02;3.278271e-02;5.739372e-02;6.477147e-02;4.650961e-02;6.099993e-02;2.819172e-01;9.201456e-02;4.328745e-02;1.096340e-01;4.620091e-02;8.836895e-02
8.340221e-02;3.069254e-02;6.392268e-02;8.151796e-02;2.494898e-02;3.493791e-02;1.445180e-01;1.174969e-01;3.489472e-02;1.495184e-01;6.685671e-02;1.672930e-01
7.046101e-02;3.392513e-02;3.617249e-02;6.694165e-02;3.333474e-02;4.663113e-02;1.736748e-01;1.066542e-01;4.642208e-02;1.317297e-01;7.273255e-02;1.813205e-01
6.358932e-02;3.319066e-02;4.676285e-02;3.356404e-02;2.396918e-02;5.148177e-02;2.142768e-01;7.375268e-02;4.438920e-02;1.229353e-01;9.278535e-02;1.993029e-01
8.661793e-02;5.009397e-02;8.693300e-02;5.008753e-02;2.680128e-02;7.558411e-02;1.547884e-01;7.648315e-02;5.786883e-02;8.423965e-02;6.423127e-02;1.862709e-01
1.509256e-01;7.890665e-02;8.621332e-02;6.210900e-02;4.405536e-02;4.505126e-02;1.598171e-01;1.506669e-01;7.601171e-02;7.439143e-02;1.906270e-02;5.278889e-02
1.937740e-01;8.119941e-02;5.364475e-02;4.450275e-02;6.076467e-02;2.965094e-02;1.315116e-01;2.261615e-01;8.017001e-02;5.375437e-02;1.523250e-02;2.963348e-02
2.378952e-01;6.976169e-02;3.147870e-02;2.441781e-02;7.143094e-02;1.507380e-02;6.889839e-02;3.322116e-01;6.193605e-02;2.476854e-02;1.738770e-02;4.473960e-02
2.229372e-01;4.011553e-02;3.125455e-02;2.075553e-02;4.968871e-02;7.448218e-03;1.186446e-01;3.609794e-01;4.509473e-02;3.250134e-02;2.101284e-02;4.956728e-02
2.015426e-01;1.977331e-02;2.725419e-02;3.191210e-02;3.885791e-02;1.304298e-02;2.029408e-01;3.023366e-01;5.009533e-02;3.331771e-02;2.098344e-02;5.794292e-02
1.837007e-01;3.924887e-02;5.377540e-02;4.687202e-02;3.810177e-02;3.820079e-02;2.425844e-01;1.388685e-01;6.269221e-02;5.898885e-02;2.317710e-02;7.378943e-02
1.807119e-01;5.088123e-02;6.463068e-02;5.356884e-02;3.286486e-02;5.350199e-02;2.159200e-01;9.561205e-02;6.312206e-02;6.723877e-02;3.067001e-02;9.127764e-02
1.680546e-01;2.993453e-02;3.662544e-02;5.492993e-02;3.201754e-02;4.520350e-02;1.033112e-01;2.553560e-01;6.014267e-02;5.667302e-02;3.753411e-02;1.202175e-01
1.326720e-01;3.783905e-02;2.767169e-02;6.417419e-02;2.452202e-02;2.853909e-02;1.168386e-01;2.896301e-01;4.846702e-02;6.932875e-02;2.674262e-02;1.335748e-01
1.090761e-01;4.275190e-02;4.105711e-02;6.025091e-02;4.351185e-02;3.007292e-02;1.948531e-01;2.392418e-01;2.873962e-02;7.547788e-02;2.002406e-02;1.149427e-01
8.635246e-02;4.367984e-02;8.986006e-02;5.643295e-02;8.975259e-02;4.880027e-02;2.086175e-01;2.131704e-01;2.032722e-02;4.573507e-02;2.508357e-02;7.218797e-02
1.104998e-01;6.765702e-02;1.184397e-01;5.815830e-02;6.452741e-02;4.918762e-02;1.915376e-01;1.609125e-01;2.509327e-02;8.250290e-02;2.369812e-02;4.778584e-02
1.167009e-01;6.521563e-02;7.102995e-02;5.851007e-02;3.198130e-02;2.944060e-02;2.739455e-01;1.326840e-01;2.696621e-02;1.217989e-01;1.675922e-02;5.496770e-02
8.298694e-02;3.846134e-02;3.072600e-02;4.624178e-02;1.496770e-02;4.005148e-02;4.194793e-01;1.104291e-01;3.618014e-02;1.082370e-01;1.725053e-02;5.498871e-02
3.851840e-02;9.274654e-03;3.759076e-02;2.053844e-02;1.269248e-02;7.745589e-02;5.153925e-01;1.048194e-01;6.267851e-02;5.410431e-02;2.390699e-02;4.302765e-02
2.895534e-02;6.844315e-03;5.724452e-02;1.005490e-02;1.551537e-02;1.382225e-01;4.506683e-01;8.208793e-02;1.002960e-01;3.620790e-02;4.486930e-02;2.903367e-02
3.587902e-02;1.517773e-02;8.297770e-02;1.315519e-02;2.729843e-02;2.269848e-01;2.895379e-01;3.924640e-02;1.228477e-01;5.609308e-02;6.834105e-02;2.246094e-02
3.552883e-02;2.043924e-02;1.162220e-01;2.677935e-02;4.481745e-02;3.373510e-01;7.763091e-02;5.590340e-02;1.135384e-01;7.107153e-02;7.565399e-02;2.506401e-02
3.169044e-02;2.428496e-02;9.998579e-02;3.133216e-02;5.520717e-02;2.903991e-01;1.531695e-01;8.721769e-02;8.447882e-02;6.462957e-02;5.389922e-02;2.370553e-02
8.402530e-02;3.510639e-02;8.399744e-02;3.812692e-02;5.733789e-02;2.214699e-01;8.639508e-02;8.714337e-02;1.226991e-01;8.698400e-02;5.509790e-02;4.161679e-02
1.118360e-01;3.408330e-02;4.827230e-02;5.371126e-02;3.477268e-02;9.353837e-02;2.410129e-01;6.204811e-02;1.186287e-01;7.774844e-02;6.164750e-02;6.270043e-02
9.504148e-02;2.157257e-02;1.905084e-02;7.026970e-02;2.184740e-02;5.231793e-02;3.045340e-01;5.142020e-02;1.116220e-01;7.782725e-02;7.090619e-02;1.035905e-01
1.045255e-01;1.716829e-02;4.042822e-02;4.561817e-02;2.162729e-02;9.762078e-02;2.266061e-01;1.089651e-01;1.017975e-01;8.725245e-02;6.237086e-02;8.601976e-02
1.720630e-01;2.731977e-02;6.450993e-02;4.547473e-02;4.162118e-02;1.021067e-01;1.625597e-01;1.375541e-01;5.239731e-02;6.788297e-02;5.115132e-02;7.535940e-02
2.277543e-01;5.683957e-02;8.240326e-02;5.441498e-02;6.043822e-02;6.343909e-02;1.418687e-01;1.157717e-01;4.384746e-02;5.515636e-02;3.212194e-02;6.594438e-02
2.937335e-01;1.154952e-01;1.007981e-01;2.858386e-02;7.960131e-02;5.130850e-02;8.125380e-02;1.075407e-01;3.272386e-02;3.686157e-02;2.612489e-02;4.597474e-02
2.995717e-01;1.313172e-01;7.162088e-02;5.569333e-02;6.202025e-02;4.512100e-02;1.150023e-01;1.147824e-01;2.599474e-02;1.872729e-02;1.569136e-02;4.445754e-02
3.145650e-01;1.092813e-01;3.662899e-02;5.934047e-02;6.914178e-02;3.028257e-02;1.462991e-01;1.555973e-01;2.100024e-02;1.030039e-02;7.432959e-03;4.012987e-02
3.303640e-01;4.908397e-02;5.193749e-02;4.032484e-02;1.031484e-01;2.704555e-02;1.132371e-01;2.059700e-01;2.190974e-02;1.194683e-02;8.876409e-03;3.615572e-02
3.286720e-01;7.052330e-02;5.277455e-02;2.076344e-02;1.646535e-01;2.690495e-02;3.773322e-02;2.000032e-01;5.016079e-02;9.697134e-03;9.844188e-03;2.826976e-02
2.643904e-01;1.439151e-01;5.868439e-02;1.747948e-02;1.443394e-01;4.638344e-02;1.136355e-02;1.389266e-01;1.228917e-01;2.204777e-02;1.215630e-02;1.742186e-02
1.695584e-01;2.047824e-01;8.329192e-02;1.083980e-02;6.141182e-02;8.276431e-02;3.224707e-02;9.276497e-02;2.084368e-01;3.265603e-02;1.000837e-02;1.123816e-02
8.257841e-02;2.410050e-01;1.175429e-01;9.797812e-03;1.628377e-02;9.329272e-02;5.237501e-02;4.926438e-02;2.802436e-01;3.740016e-02;8.734439e-03;1.148174e-02
6.011411e-02;2.379344e-01;1.547447e-01;1.262437e-02;2.282155e-02;5.021350e-02;4.677331e-02;3.352330e-02;3.075056e-01;5.071577e-02;8.588787e-03;1.444057e-02
7.325752e-02;1.954478e-01;1.850204e-01;1.412840e-02;9.880566e-03;6.226712e-02;3.355887e-02;3.957845e-02;2.673242e-01;9.446685e-02;7.902830e-03;1.716711e-02
5.459161e-02;1.335485e-01;2.591338e-01;1.332767e-02;1.486276e-02;5.785261e-02;2.831977e-02;4.768181e-02;1.953387e-01;1.706993e-01;6.963172e-03;1.768022e-02
4.434457e-02;1.065869e-01;3.541577e-01;1.032712e-02;1.248579e-02;3.213377e-02;2.641369e-02;5.522650e-02;1.297531e-01;2.064348e-01;4.903809e-03;1.723224e-02
5.555674e-02;1.303560e-01;4.246423e-01;1.606521e-02;2.929769e-02;2.729892e-02;1.765240e-02;6.454399e-02;3.862648e-02;1.734346e-01;6.676936e-03;1.584873e-02
2.357873e-02;1.031186e-01;4.634660e-01;1.888954e-02;3.737196e-02;2.788428e-02;2.690862e-02;4.011425e-02;8.869587e-02;1.565766e-01;4.594148e-03;8.801366e-03
2.789990e-02;7.861161e-02;4.533664e-01;4.751556e-02;3.910859e-02;2.716684e-02;3.899631e-02;2.373515e-02;9.043149e-02;1.502295e-01;1.585218e-02;7.086406e-03
2.390669e-02;6.602260e-02;3.781183e-01;1.252768e-01;4.190304e-02;5.083643e-02;2.895009e-02;4.540116e-02;8.754773e-02;1.040635e-01;3.970235e-02;8.271261e-03
3.084204e-02;6.820715e-02;2.028953e-01;2.302299e-01;7.686028e-02;8.021032e-02;2.674107e-02;9.856665e-02;6.811862e-02;4.714547e-02;6.181513e-02;8.368030e-03
2.929158e-02;3.522637e-02;2.818057e-01;2.177272e-01;8.039363e-02;5.559845e-02;4.801632e-02;9.158263e-02;6.463244e-02;3.154593e-02;5.608309e-02;8.096622e-03
2.523960e-02;2.630500e-02;3.208120e-01;1.836379e-01;8.609326e-02;3.506722e-02;8.214724e-02;7.959274e-02;6.383993e-02;3.707550e-02;5.218044e-02;8.009232e-03
2.904378e-02;3.295391e-02;2.608242e-01;1.593329e-01;7.878007e-02;4.192250e-02;1.236692e-01;8.718467e-02;6.181110e-02;6.327274e-02;5.193058e-02;9.274398e-03
2.701124e-02;3.440452e-02;2.809986e-01;1.318618e-01;5.217243e-02;4.262779e-02;1.467552e-01;6.949350e-02;8.854704e-02;6.843467e-02;5.177405e-02;5.919111e-03
2.334932e-02;5.951552e-02;3.575988e-01;9.685549e-02;4.468657e-02;4.561060e-02;1.269736e-01;5.440411e-02;8.401827e-02;5.306431e-02;4.482301e-02;9.100415e-03
3.999371e-02;6.237669e-02;3.627555e-01;6.735592e-02;4.835998e-02;5.152036e-02;7.970034e-02;7.533402e-02;6.948368e-02;9.307592e-02;3.370013e-02;1.634377e-02
5.269505e-02;7.849169e-02;2.556051e-01;4.723571e-02;6.663304e-02;7.506093e-02;4.732746e-02;1.132660e-01;7.355452e-02;1.354505e-01;2.771716e-02;2.696276e-02
7.084359e-02;4.611099e-02;1.685342e-01;1.186287e-01;8.390611e-02;6.898627e-02;7.706282e-02;1.271514e-01;7.131215e-02;1.153133e-01;2.773482e-02;2.441581e-02
6.401609e-02;5.804858e-02;2.595322e-01;1.343712e-01;7.387473e-02;4.109303e-02;6.692726e-02;9.112163e-02;8.960778e-02;8.544002e-02;1.554621e-02;2.042126e-02
6.382199e-02;6.639720e-02;2.158294e-01;1.301456e-01;7.547676e-02;4.035516e-02;7.427842e-02;1.003020e-01;1.100409e-01;9.179822e-02;1.089083e-02;2.066353e-02
7.015394e-02;6.298149e-02;1.422205e-01;1.276406e-01;9.684197e-02;5.420266e-02;8.286238e-02;1.194769e-01;9.068578e-02;1.102073e-01;1.860644e-02;2.411999e-02
4.811426e-02;1.002998e-01;2.487778e-01;5.794929e-02;8.102485e-02;7.395249e-02;7.276879e-02;7.235766e-02;1.088434e-01;8.045156e-02;3.064305e-02;2.481706e-02
1.289207e-02;9.632210e-02;2.956419e-01;6.796503e-02;4.823080e-02;6.245414e-02;6.485316e-02;1.046378e-01;9.947426e-02;1.016447e-01;2.727871e-02;1.860532e-02
2.882889e-02;7.232004e-02;2.374042e-01;1.072121e-01;5.662666e-02;4.666765e-02;7.593723e-02;1.452917e-01;8.669006e-02;9.858641e-02;2.431780e-02;2.011730e-02
4.859352e-02;6.603521e-02;1.830560e-01;1.191376e-01;6.357314e-02;5.320863e-02;6.785939e-02;1.392022e-01;1.134237e-01;9.492607e-02;2.330007e-02;2.768443e-02
7.538664e-02;9.918460e-02;1.814690e-01;1.051472e-01;5.818255e-02;6.084361e-02;6.035505e-02;7.724134e-02;1.313189e-01;1.030528e-01;2.229407e-02;2.552424e-02
6.924798e-02;1.305417e-01;1.655447e-01;1.054376e-01;6.304417e-02;5.611555e-02;8.152040e-02;7.583752e-02;1.092198e-01;1.010064e-01;1.551938e-02;2.696477e-02
2.500858e-02;9.470008e-02;2.412011e-01;1.090588e-01;6.331866e-02;6.023745e-02;1.039251e-01;7.317934e-02;6.759533e-02;9.711189e-02;2.504219e-02;3.962148e-02
3.173313e-02;6.241708e-02;3.351839e-01;9.746274e-02;5.567523e-02;7.380023e-02;8.854681e-02;5.070811e-02;4.850658e-02;7.380567e-02;3.897279e-02;4.318774e-02
4.024949e-02;7.221189e-02;3.196713e-01;7.747290e-02;7.279846e-02;6.057674e-02;4.898156e-02;4.024413e-02;7.994905e-02;1.052847e-01;4.867576e-02;3.388399e-02
1.853411e-02;7.997791e-02;2.443158e-01;7.206758e-02;7.063862e-02;6.023594e-02;7.943273e-02;5.879394e-02;1.138226e-01;1.278306e-01;4.564361e-02;2.870652e-02
4.754533e-02;7.983682e-02;2.259555e-01;7.870787e-02;5.113750e-02;7.545977e-02;1.177094e-01;9.692059e-02;7.820685e-02;8.072369e-02;3.323812e-02;3.455862e-02
5.862050e-02;8.135083e-02;2.431067e-01;7.068320e-02;4.842227e-02;5.762143e-02;1.212373e-01;1.141817e-01;8.245527e-02;5.245329e-02;2.989274e-02;3.997480e-02
4.420558e-02;6.797507e-02;2.636778e-01;8.501219e-02;4.959058e-02;5.605627e-02;1.472918e-01;9.195346e-02;8.830013e-02;5.006038e-02;2.030678e-02;3.556991e-02
4.912012e-02;6.493302e-02;3.169388e-01;8.742427e-02;5.707993e-02;6.323051e-02;1.490030e-01;5.055629e-02;7.104312e-02;4.555267e-02;1.647456e-02;2.864363e-02
9.964121e-02;9.644897e-02;3.103871e-01;5.402577e-02;5.893600e-02;6.759837e-02;1.558944e-01;4.372229e-02;4.267809e-02;3.300591e-02;1.617993e-02;2.148192e-02
1.477076e-01;1.067235e-01;2.673553e-01;3.377844e-02;4.332573e-02;5.100925e-02;1.944135e-01;5.151465e-02;3.404650e-02;2.626315e-02;1.945391e-02;2.440836e-02
1.596359e-01;9.502269e-02;1.861723e-01;3.448335e-02;4.243430e-02;4.531183e-02;2.672060e-01;6.297158e-02;2.794321e-02;2.428450e-02;2.150848e-02;3.302588e-02
9.600874e-02;5.097444e-02;1.090277e-01;5.811317e-02;4.990272e-02;4.926421e-02;3.717982e-01;6.392207e-02;3.078193e-02;4.514318e-02;3.395941e-02;4.110431e-02
1.273283e-01;2.987977e-02;1.564304e-01;5.556861e-02;3.315780e-02;3.522360e-02;3.384136e-01;7.775437e-02;3.422293e-02;3.364825e-02;3.595910e-02;4.241323e-02
1.983038e-01;2.577604e-02;1.247127e-01;4.950093e-02;6.640272e-02;4.493168e-02;2.115233e-01;1.167718e-01;4.607540e-02;3.360457e-02;4.349518e-02;3.890190e-02
1.907777e-01;7.100154e-02;4.866629e-02;5.924385e-02;9.093751e-02;6.500850e-02;1.762042e-01;1.125963e-01;5.131246e-02;5.307118e-02;4.510582e-02;3.607460e-02
1.459390e-01;6.829285e-02;5.005568e-02;6.528534e-02;8.070028e-02;5.882711e-02;2.234668e-01;1.166693e-01;4.381715e-02;5.937573e-02;4.685757e-02;4.071321e-02
9.981613e-02;5.855653e-02;6.207989e-02;6.137814e-02;6.006699e-02;5.496868e-02;2.765040e-01;1.284870e-01;4.773796e-02;5.080808e-02;4.049609e-02;5.910055e-02
5.430644e-02;3.900712e-02;4.722516e-02;5.051794e-02;2.508569e-02;5.945580e-02;3.831546e-01;1.404428e-01;4.725398e-02;4.863762e-02;3.144512e-02;7.346769e-02
5.865097e-02;2.695869e-02;1.009065e-02;4.469358e-02;1.554072e-02;2.208467e-02;4.716876e-01;1.676198e-01;3.614427e-02;6.052929e-02;1.897302e-02;6.702685e-02
8.485255e-02;2.357924e-02;3.070480e-02;3.032006e-02;1.601878e-02;3.549945e-02;4.125034e-01;2.022679e-01;5.531196e-02;4.717331e-02;1.683411e-02;4.493443e-02
1.302056e-01;2.902696e-02;4.125062e-02;2.252368e-02;1.962031e-02;2.496810e-02;3.334777e-01;2.630607e-01;5.813600e-02;2.298610e-02;1.361792e-02;4.112633e-02
1.675767e-01;3.298101e-02;5.070676e-02;1.963024e-02;2.671177e-02;1.936723e-02;2.620346e-01;2.739213e-01;6.472402e-02;2.615919e-02;1.375302e-02;4.243419e-02
1.913178e-01;3.662901e-02;7.259054e-02;2.872443e-02;2.226865e-02;3.592274e-02;2.734106e-01;1.998373e-01;5.529491e-02;3.083625e-02;2.018335e-02;3.298436e-02
1.890407e-01;3.321568e-02;7.840499e-02;2.612734e-02;2.544582e-02;4.439474e-02;3.179331e-01;1.098262e-01;4.102691e-02;4.429725e-02;3.294815e-02;5.733906e-02
1.651263e-01;2.944354e-02;5.666918e-02;1.642852e-02;2.618155e-02;2.646044e-02;2.787121e-01;2.068532e-01;2.956928e-02;4.760147e-02;2.369913e-02;9.325536e-02
1.590818e-01;5.388300e-02;4.292022e-02;1.839784e-02;3.574653e-02;4.102267e-02;2.311978e-01;2.024810e-01;4.979085e-02;4.055702e-02;1.599471e-02;1.089267e-01
1.716508e-01;6.750636e-02;5.836118e-02;3.614242e-02;5.470045e-02;4.622928e-02;2.005999e-01;1.327919e-01;4.055044e-02;4.953459e-02;2.663273e-02;1.152999e-01
1.146609e-01;5.847221e-02;4.707351e-02;6.074433e-02;7.210566e-02;5.514880e-02;2.016827e-01;1.035623e-01;5.736363e-02;9.921321e-02;5.030109e-02;7.967161e-02
1.013826e-01;4.729633e-02;5.943806e-02;7.606293e-02;7.478592e-02;3.842597e-02;1.834380e-01;1.462386e-01;7.913741e-02;8.403457e-02;5.033954e-02;5.942013e-02
1.184726e-01;4.591879e-02;7.164308e-02;6.034320e-02;6.487916e-02;6.074050e-02;1.298477e-01;1.901890e-01;1.044839e-01;5.663858e-02;3.827197e-02;5.857150e-02
1.529621e-01;5.064685e-02;7.263175e-02;3.765832e-02;4.766252e-02;7.165407e-02;7.692465e-02;1.990309e-01;1.008115e-01;7.209711e-02;3.886467e-02;7.905550e-02
1.716612e-01;5.415870e-02;1.242089e-01;2.817754e-02;3.355265e-02;4.916148e-02;1.825414e-01;1.244231e-01;5.597984e-02;5.554136e-02;3.879086e-02;8.180302e-02
9.080932e-02;4.461321e-02;1.906792e-01;5.465468e-02;6.946345e-02;8.002535e-02;1.410719e-01;1.029477e-01;6.533921e-02;3.531449e-02;5.244126e-02;7.264019e-02
5.298792e-02;5.704228e-02;1.495536e-01;5.508525e-02;7.794815e-02;9.123386e-02;1.866440e-01;1.149604e-01;6.763848e-02;4.572212e-02;5.704960e-02;4.413434e-02
8.537268e-02;5.358649e-02;8.344483e-02;4.019684e-02;5.858346e-02;7.420550e-02;2.596667e-01;1.455282e-01;6.837717e-02;5.160525e-02;5.047254e-02;2.896038e-02
1.139815e-01;3.945822e-02;5.965000e-02;3.621167e-02;3.518657e-02;4.059793e-02;2.894791e-01;1.863261e-01;7.114078e-02;5.543660e-02;4.212622e-02;3.040534e-02
1.150628e-01;2.053752e-02;3.357364e-02;4.159678e-02;1.782783e-02;2.895995e-02;3.358578e-01;1.877131e-01;6.496239e-02;7.070813e-02;3.274920e-02;5.045092e-02
1.042671e-01;2.294109e-02;3.324786e-02;4.248375e-02;1.876876e-02;2.851696e-02;3.818794e-01;1.287451e-01;5.063765e-02;9.099844e-02;3.002043e-02;6.749349e-02
1.043835e-01;5.312597e-02;5.848052e-02;4.090925e-02;2.027087e-02;3.199454e-02;3.541222e-01;1.074616e-01;2.729196e-02;9.521265e-02;3.562994e-02;7.111701e-02
9.848691e-02;6.270320e-02;5.714199e-02;4.163412e-02;2.429680e-02;4.906739e-02;2.901170e-01;1.406217e-01;3.179136e-02;8.475731e-02;4.687751e-02;7.250469e-02
1.161273e-01;4.578397e-02;5.620781e-02;4.687030e-02;3.084704e-02;7.638821e-02;1.692246e-01;1.638148e-01;4.817464e-02;7.017589e-02;7.974511e-02;9.664042e-02
8.279506e-02;4.592261e-02;8.732753e-02;4.511800e-02;2.577990e-02;7.822420e-02;1.701062e-01;1.210738e-01;5.166857e-02;1.023784e-01;9.037752e-02;9.922819e-02
5.445404e-02;5.199106e-02;9.090624e-02;5.550662e-02;5.317336e-02;7.960066e-02;2.003116e-01;5.052383e-02;4.652466e-02;1.312664e-01;8.055792e-02;1.051836e-01
1.018181e-01;3.969129e-02;7.521661e-02;5.612367e-02;5.948636e-02;4.917080e-02;2.221789e-01;6.928837e-02;6.038834e-02;1.193764e-01;5.614555e-02;9.111567e-02
1.215491e-01;3.107837e-02;7.879218e-02;4.286973e-02;4.352546e-02;4.523841e-02;2.351595e-01;9.383100e-02;5.290814e-02;1.029322e-01;4.093612e-02;1.111798e-01
1.509212e-01;3.439046e-02;5.343932e-02;4.394720e-02;4.812468e-02;3.961300e-02;1.859796e-01;6.893510e-02;5.652172e-02;1.380962e-01;5.177164e-02;1.282599e-01
1.636244e-01;7.256336e-02;6.172410e-02;6.634915e-02;7.293203e-02;4.095373e-02;9.067723e-02;7.887680e-02;3.426028e-02;1.593250e-01;5.641671e-02;1.022972e-01
1.513564e-01;6.438123e-02;6.441217e-02;9.236392e-02;8.278273e-02;3.633977e-02;6.538897e-02;1.142730e-01;3.894052e-02;1.476639e-01;7.315947e-02;6.893785e-02
1.136961e-01;4.483908e-02;5.159698e-02;8.039034e-02;7.364406e-02;5.940675e-02;1.522817e-01;1.415329e-01;4.283027e-02;1.200958e-01;8.883849e-02;3.084748e-02
8.964132e-02;5.080064e-02;9.552918e-02;4.648458e-02;4.739897e-02;6.434698e-02;1.624554e-01;1.276917e-01;5.330755e-02;8.783007e-02;1.054569e-01;6.905681e-02
7.769244e-02;5.100507e-02;5.449093e-02;2.793030e-02;3.871984e-02;6.200663e-02;2.789667e-01;1.025240e-01;5.706602e-02;6.355637e-02;1.119873e-01;7.405447e-02
8.451187e-02;3.680265e-02;1.439165e-01;2.916600e-02;3.911608e-02;7.988103e-02;2.419828e-01;6.365348e-02;5.758513e-02;5.260144e-02;1.105899e-01;6.019309e-02
5.514512e-02;6.691656e-02;2.222882e-01;3.791963e-02;4.570007e-02;9.717847e-02;1.485444e-01;6.281509e-02;6.989469e-02;6.003913e-02;9.989575e-02;3.366278e-02
2.897275e-02;9.360681e-02;2.575544e-01;3.933441e-02;6.354105e-02;1.000870e-01;1.321416e-01;5.238150e-02;5.965321e-02;6.282853e-02;8.828621e-02;2.161261e-02
3.327552e-02;1.225193e-01;2.487695e-01;2.925254e-02;8.745012e-02;1.165401e-01;1.137142e-01;2.690817e-02;3.667640e-02;6.704123e-02;9.649176e-02;2.136115e-02
5.800486e-02;1.295746e-01;1.793314e-01;3.067368e-02;9.914655e-02;1.117632e-01;1.066035e-01;5.069923e-02;3.247617e-02;7.998057e-02;9.233782e-02;2.940838e-02
4.304885e-02;1.127334e-01;1.660188e-01;4.936492e-02;1.151041e-01;1.038646e-01;1.043754e-01;7.339383e-02;3.801860e-02;9.600916e-02;7.730899e-02;2.075928e-02
1.868767e-02;8.413117e-02;1.604833e-01;7.824744e-02;1.315003e-01;1.086767e-01;8.597811e-02;7.022145e-02;3.891650e-02;1.221256e-01;8.126642e-02;1.976537e-02
1.848265e-02;8.212124e-02;1.167020e-01;6.861314e-02;1.518631e-01;1.316284e-01;8.919919e-02;4.500390e-02;3.997744e-02;1.507655e-01;8.035539e-02;2.528800e-02
2.689607e-02;8.375357e-02;1.125980e-01;6.983371e-02;1.532581e-01;1.483919e-01;9.103496e-02;3.771018e-02;4.726950e-02;1.344300e-01;7.236178e-02;2.246228e-02
3.772813e-02;9.904035e-02;1.406692e-01;6.486549e-02;1.579511e-01;1.527852e-01;5.215438e-02;4.434148e-02;7.293881e-02;1.073680e-01;5.087446e-02;1.928339e-02
5.820441e-02;1.077169e-01;1.561658e-01;4.734408e-02;1.467934e-01;1.177396e-01;9.388633e-02;5.808588e-02;6.440051e-02;7.864136e-02;4.716929e-02;2.385249e-02
5.877123e-02;1.035709e-01;1.439962e-01;5.863456e-02;9.735104e-02;1.107589e-01;1.175580e-01;8.651887e-02;5.970768e-02;8.191013e-02;4.778235e-02;3.344016e-02
5.276597e-02;8.831618e-02;1.456230e-01;8.990723e-02;8.075437e-02;9.351524e-02;7.870805e-02;1.015006e-01;5.975957e-02;1.165684e-01;4.687024e-02;4.571122e-02
7.426619e-02;9.196843e-02;1.305367e-01;1.114303e-01;6.744500e-02;7.971701e-02;9.064309e-02;6.200749e-02;7.088679e-02;1.143046e-01;6.146334e-02;4.533114e-02
5.671729e-02;5.407738e-02;1.275875e-01;1.432195e-01;7.644682e-02;8.254194e-02;1.191664e-01;3.450871e-02;1.041370e-01;9.187649e-02;6.812298e-02;4.159805e-02
5.574510e-02;5.763863e-02;1.131441e-01;1.356699e-01;1.014505e-01;8.316799e-02;9.991628e-02;5.181147e-02;1.122537e-01;8.467200e-02;5.245683e-02;5.207358e-02
5.253668e-02;7.275798e-02;1.282548e-01;1.288383e-01;8.294611e-02;8.801454e-02;1.106440e-01;6.435452e-02;9.111589e-02;9.284503e-02;3.785276e-02;4.983934e-02
