1.878384e-01;5.062631e-02;1.514465e-01;1.024684e-01;6.462765e-02;4.320597e-02;5.966534e-02;6.481608e-02;8.621836e-02;6.160840e-02;5.534197e-02;7.213658e-02
1.340924e-01;4.378909e-02;2.457255e-01;9.040041e-02;3.630256e-02;4.721351e-02;1.339198e-01;4.164974e-02;5.324534e-02;6.137875e-02;5.980395e-02;5.247894e-02
7.630805e-02;3.541643e-02;2.996151e-01;8.116326e-02;6.133284e-02;4.435413e-02;1.687131e-01;3.301684e-02;3.152340e-02;5.714039e-02;6.987916e-02;4.153720e-02
6.662914e-02;4.391682e-02;3.766373e-01;7.660767e-02;6.612203e-02;3.666314e-02;1.332122e-01;2.682526e-02;1.757679e-02;6.227667e-02;6.287390e-02;3.065905e-02
5.760582e-02;5.978725e-02;4.030849e-01;6.666934e-02;6.585316e-02;4.262570e-02;1.085401e-01;1.762536e-02;2.808340e-02;6.997768e-02;4.152052e-02;3.862667e-02
9.633806e-02;9.295016e-02;3.226855e-01;5.340004e-02;5.887767e-02;3.936110e-02;1.439685e-01;2.035182e-02;4.477673e-02;6.216648e-02;2.687518e-02;3.824872e-02
1.464130e-01;1.236195e-01;2.099282e-01;4.851736e-02;5.437605e-02;3.768263e-02;1.905318e-01;3.329721e-02;4.716589e-02;4.816079e-02;2.192998e-02;3.837767e-02
1.774505e-01;1.188739e-01;1.696151e-01;4.945459e-02;5.042639e-02;3.048438e-02;2.098836e-01;3.726143e-02;4.129885e-02;4.500034e-02;3.023957e-02;4.001119e-02
1.323779e-01;7.004335e-02;2.113533e-01;7.334677e-02;4.372805e-02;4.653194e-02;1.864017e-01;3.594741e-02;5.216403e-02;4.802834e-02;5.556103e-02;4.451620e-02
1.283014e-01;8.104052e-02;1.918841e-01;7.278364e-02;3.667317e-02;5.172854e-02;1.008582e-01;3.106033e-02;5.935350e-02;7.723398e-02;1.063197e-01;6.276292e-02
1.599545e-01;8.883304e-02;1.118593e-01;4.569820e-02;5.877989e-02;4.228983e-02;1.118114e-01;3.974483e-02;6.760374e-02;8.473571e-02;1.094988e-01;7.919078e-02
1.506008e-01;4.922971e-02;1.395580e-01;5.752896e-02;7.857116e-02;7.284151e-02;1.289260e-01;4.311770e-02;7.101431e-02;7.506537e-02;7.262083e-02;6.092560e-02
1.096838e-01;6.870934e-02;2.065649e-01;8.280583e-02;8.043826e-02;9.179652e-02;6.540735e-02;3.766948e-02;5.773054e-02;6.997707e-02;6.951220e-02;5.970471e-02
8.617052e-02;8.841464e-02;1.775608e-01;9.846514e-02;9.764627e-02;8.115028e-02;4.428604e-02;4.419377e-02;5.371704e-02;6.139438e-02;8.597016e-02;8.103095e-02
1.438912e-01;5.007650e-02;9.710933e-02;8.225179e-02;1.634850e-01;7.193385e-02;8.694708e-02;3.104923e-02;8.227367e-02;3.588090e-02;5.574683e-02;9.935456e-02
1.547490e-01;1.876380e-02;9.529418e-02;6.178495e-02;2.151729e-01;7.613551e-02;8.900595e-02;2.947325e-02;9.576488e-02;2.350953e-02;2.908289e-02;1.112632e-01
1.562925e-01;1.798451e-02;1.040762e-01;3.907736e-02;2.363346e-01;7.340702e-02;7.586091e-02;2.246496e-02;1.115331e-01;2.037046e-02;1.596306e-02;1.266353e-01
1.599018e-01;3.117414e-02;1.012617e-01;4.316077e-02;2.127255e-01;6.333691e-02;7.638821e-02;1.983484e-02;1.117445e-01;1.967230e-02;2.502704e-02;1.357724e-01
1.427573e-01;5.343457e-02;1.559789e-01;5.489166e-02;1.641098e-01;4.477946e-02;7.705996e-02;2.831780e-02;8.482397e-02;2.629794e-02;4.566516e-02;1.218835e-01
1.096097e-01;7.581239e-02;2.374832e-01;6.128542e-02;1.336735e-01;3.042591e-02;8.743618e-02;3.007988e-02;5.178280e-02;4.060028e-02;4.994826e-02;9.186245e-02
7.881268e-02;9.836508e-02;2.998314e-01;5.510493e-02;1.279410e-01;2.226273e-02;9.148324e-02;2.648901e-02;4.436004e-02;5.547702e-02;3.036104e-02;6.951184e-02
1.313749e-01;9.212292e-02;2.390638e-01;3.005229e-02;1.272782e-01;3.047628e-02;6.688509e-02;3.447889e-02;3.634520e-02;4.773394e-02;4.095192e-02;1.232366e-01
9.003843e-02;7.131141e-02;2.526509e-01;3.518708e-02;8.289772e-02;4.488990e-02;6.782280e-02;4.465169e-02;6.087799e-02;3.871394e-02;6.709138e-02;1.438667e-01
1.154730e-01;6.558262e-02;2.565310e-01;3.574811e-02;1.018136e-01;5.542814e-02;5.038399e-02;2.832236e-02;5.680478e-02;5.553459e-02;7.614081e-02;1.022370e-01
1.804142e-01;9.118716e-02;1.485323e-01;3.113300e-02;1.223542e-01;5.311362e-02;8.915840e-02;2.770890e-02;4.962032e-02;5.476597e-02;7.683523e-02;7.517661e-02
1.488224e-01;9.423061e-02;1.822544e-01;3.517420e-02;1.112972e-01;4.929075e-02;1.024945e-01;3.110699e-02;5.927602e-02;4.283344e-02;6.312450e-02;8.009487e-02
1.134516e-01;9.823319e-02;1.796727e-01;4.328997e-02;1.007209e-01;5.206264e-02;1.192209e-01;4.066417e-02;6.555077e-02;5.337837e-02;6.029700e-02;7.345782e-02
1.134230e-01;8.392235e-02;2.039536e-01;4.985908e-02;6.072727e-02;4.068285e-02;5.567842e-02;4.911354e-02;6.682511e-02;6.205606e-02;1.023740e-01;1.113847e-01
1.440843e-01;9.068581e-02;1.854462e-01;3.347374e-02;3.934359e-02;3.357759e-02;1.118973e-01;6.041149e-02;5.175757e-02;7.273354e-02;1.211127e-01;5.547619e-02
1.513463e-01;6.632015e-02;1.948314e-01;3.487707e-02;3.737513e-02;3.341161e-02;1.733271e-01;6.490463e-02;4.783428e-02;6.280909e-02;9.225655e-02;4.070666e-02
1.593887e-01;6.281563e-02;2.146874e-01;3.383037e-02;3.629493e-02;2.396160e-02;2.265258e-01;5.938538e-02;3.245316e-02;4.378166e-02;6.461150e-02;4.226383e-02
1.430221e-01;1.332485e-01;2.078173e-01;2.579198e-02;3.186576e-02;2.564870e-02;2.691147e-01;4.226099e-02;2.533648e-02;2.185195e-02;4.646082e-02;2.758069e-02
1.326633e-01;1.995999e-01;1.651689e-01;2.503532e-02;3.765666e-02;4.303502e-02;2.578871e-01;2.718684e-02;3.153270e-02;2.451653e-02;2.806230e-02;2.765543e-02
1.887491e-01;1.962946e-01;1.161654e-01;3.295841e-02;5.241081e-02;6.452090e-02;1.984338e-01;2.779882e-02;3.063107e-02;4.263387e-02;1.515885e-02;3.424430e-02
2.204877e-01;1.624342e-01;9.481087e-02;2.529592e-02;7.005539e-02;8.118059e-02;1.526368e-01;3.135562e-02;5.438597e-02;4.604952e-02;2.628360e-02;3.502382e-02
1.827979e-01;1.123160e-01;9.645010e-02;3.816559e-02;9.240205e-02;7.994281e-02;1.304087e-01;2.503443e-02;9.531112e-02;3.661007e-02;4.149584e-02;6.906536e-02
1.603245e-01;5.843771e-02;1.235800e-01;6.387740e-02;1.117374e-01;5.710139e-02;9.694339e-02;3.921391e-02;1.062148e-01;3.298881e-02;3.864396e-02;1.109367e-01
1.647693e-01;7.082732e-02;1.481769e-01;7.307225e-02;9.667790e-02;3.676363e-02;5.910698e-02;5.511976e-02;7.772204e-02;4.781933e-02;6.238443e-02;1.075602e-01
1.419604e-01;1.008876e-01;1.585817e-01;7.351067e-02;7.404616e-02;2.915066e-02;8.715949e-02;5.967245e-02;5.512685e-02;4.971809e-02;8.130087e-02;8.888502e-02
1.523340e-01;6.782544e-02;1.280438e-01;6.745910e-02;7.789896e-02;3.779706e-02;1.427701e-01;4.355637e-02;4.628175e-02;7.158975e-02;7.230181e-02;9.214185e-02
1.323386e-01;7.731708e-02;1.111303e-01;8.255917e-02;9.380002e-02;5.119333e-02;9.878106e-02;6.291042e-02;4.225139e-02;8.978657e-02;7.376984e-02;8.416222e-02
8.647813e-02;7.974337e-02;8.199371e-02;1.076929e-01;1.031432e-01;4.319839e-02;6.530862e-02;1.181724e-01;4.676651e-02;8.367155e-02;1.166100e-01;6.722119e-02
3.675826e-02;6.483560e-02;8.212844e-02;1.157861e-01;7.979926e-02;3.477672e-02;5.854375e-02;1.774313e-01;6.025580e-02;4.048466e-02;2.128417e-01;3.635841e-02
2.717655e-02;6.170084e-02;8.106588e-02;1.095936e-01;5.820278e-02;4.769380e-02;5.670331e-02;1.958967e-01;5.720823e-02;2.232984e-02;2.543944e-01;2.803404e-02
2.722521e-02;5.881478e-02;7.013737e-02;1.130431e-01;3.868219e-02;5.709589e-02;4.906833e-02;1.915794e-01;4.432525e-02;2.178856e-02;2.819143e-01;4.632558e-02
2.314087e-02;6.080407e-02;7.018717e-02;1.260973e-01;3.370115e-02;6.585488e-02;4.260488e-02;1.818688e-01;2.541989e-02;2.013710e-02;3.088548e-01;4.132912e-02
2.594684e-02;6.944294e-02;7.184702e-02;1.232561e-01;3.452975e-02;5.935029e-02;3.895667e-02;1.807720e-01;2.709624e-02;2.866495e-02;2.916014e-01;4.853584e-02
4.216672e-02;8.150835e-02;6.078420e-02;9.958156e-02;5.110007e-02;3.973315e-02;4.221625e-02;1.705999e-01;5.441834e-02;6.399030e-02;2.076514e-01;8.624969e-02
4.723229e-02;6.086175e-02;5.879017e-02;6.864408e-02;8.102903e-02;3.527228e-02;5.373261e-02;1.186412e-01;1.456567e-01;7.110654e-02;7.976806e-02;1.792653e-01
3.409823e-02;3.827154e-02;9.125073e-02;4.094560e-02;9.713201e-02;4.267067e-02;6.157712e-02;4.602630e-02;2.321940e-01;4.135386e-02;5.299000e-02;2.214899e-01
7.161380e-02;4.665888e-02;1.023914e-01;3.183306e-02;9.320407e-02;4.856360e-02;6.775583e-02;3.079974e-02;2.221942e-01;2.931172e-02;1.052281e-01;1.504457e-01
1.113534e-01;5.230703e-02;8.867302e-02;4.112909e-02;9.729371e-02;8.390518e-02;9.300616e-02;5.204138e-02;1.407168e-01;6.626923e-02;1.240297e-01;4.927526e-02
1.045906e-01;4.701522e-02;8.508663e-02;6.458547e-02;1.050783e-01;9.862175e-02;1.214185e-01;5.236107e-02;7.444841e-02;8.618484e-02;9.088894e-02;6.972027e-02
6.675356e-02;3.828637e-02;1.361812e-01;7.705873e-02;9.924225e-02;7.618252e-02;1.366563e-01;4.643554e-02;8.221361e-02;7.437716e-02;9.656757e-02;7.004531e-02
6.819862e-02;4.822155e-02;1.849858e-01;8.909360e-02;9.997689e-02;5.883943e-02;1.244821e-01;3.775088e-02;6.817778e-02;5.852240e-02;1.076565e-01;5.409444e-02
8.340779e-02;9.543254e-02;1.247156e-01;5.677843e-02;1.003914e-01;6.099761e-02;5.907388e-02;7.330726e-02;8.574253e-02;5.673287e-02;1.742020e-01;2.921802e-02
1.691226e-01;1.107602e-01;5.209591e-02;2.160938e-02;7.928726e-02;5.996352e-02;1.397919e-01;5.593257e-02;7.326681e-02;5.936394e-02;1.341931e-01;4.461284e-02
2.368413e-01;9.583157e-02;3.222362e-02;1.593951e-02;6.685317e-02;7.036600e-02;1.917715e-01;5.930182e-02;5.477129e-02;7.410910e-02;5.898868e-02;4.300246e-02
2.504532e-01;8.179326e-02;3.956017e-02;1.459181e-02;6.841417e-02;7.330393e-02;1.917760e-01;7.343185e-02;4.865365e-02;8.277176e-02;2.589068e-02;4.935946e-02
2.308160e-01;7.576486e-02;5.878052e-02;1.477723e-02;8.722447e-02;7.278029e-02;1.915287e-01;7.384573e-02;5.245208e-02;7.407571e-02;2.303541e-02;4.491894e-02
2.082338e-01;5.952303e-02;6.131138e-02;2.825068e-02;1.101431e-01;7.284385e-02;1.842776e-01;5.930847e-02;7.556269e-02;4.563192e-02;3.677762e-02;5.813575e-02
1.537370e-01;5.898026e-02;7.194512e-02;3.770996e-02;1.105098e-01;5.064449e-02;1.494265e-01;7.461383e-02;1.232529e-01;4.392120e-02;4.527573e-02;7.998325e-02
9.218898e-02;5.834656e-02;1.206055e-01;5.412981e-02;9.193283e-02;4.373805e-02;1.020455e-01;9.471236e-02;1.671461e-01;4.889039e-02;6.208277e-02;6.418114e-02
1.150305e-01;6.487186e-02;1.240334e-01;5.706989e-02;9.827366e-02;5.730405e-02;7.325999e-02;8.830962e-02;1.646690e-01;4.586847e-02;5.262073e-02;5.868877e-02
1.359405e-01;6.089507e-02;1.353602e-01;6.488629e-02;8.706579e-02;7.145317e-02;7.837604e-02;7.736513e-02;1.311749e-01;6.034462e-02;4.096731e-02;5.617089e-02
1.570711e-01;6.484197e-02;1.108947e-01;6.270608e-02;9.019765e-02;7.569337e-02;1.371531e-01;4.295742e-02;9.946753e-02;5.455394e-02;4.296438e-02;6.149878e-02
2.350332e-01;9.269382e-02;6.567596e-02;6.152473e-02;9.525587e-02;7.374960e-02;1.727394e-01;3.606907e-02;5.127429e-02;4.031618e-02;2.997297e-02;4.569491e-02
2.241195e-01;1.060379e-01;3.773157e-02;4.781986e-02;7.867663e-02;7.232327e-02;2.460293e-01;4.520730e-02;4.136227e-02;4.196893e-02;1.750627e-02;4.121731e-02
1.691554e-01;1.113888e-01;4.449149e-02;2.963450e-02;5.331057e-02;5.929900e-02;3.228591e-01;4.415594e-02;8.114694e-02;3.274217e-02;2.139275e-02;3.042329e-02
1.072778e-01;1.146789e-01;3.792350e-02;1.722831e-02;3.906321e-02;4.318458e-02;3.905405e-01;4.395951e-02;1.277681e-01;2.767538e-02;3.532947e-02;1.537088e-02
6.079359e-02;1.111204e-01;3.198536e-02;1.028382e-02;3.812373e-02;4.076501e-02;4.365986e-01;3.774376e-02;1.466713e-01;2.320278e-02;5.095118e-02;1.176039e-02
4.930693e-02;1.106422e-01;1.811400e-02;1.316152e-02;3.734085e-02;4.664112e-02;4.694080e-01;3.076893e-02;1.220696e-01;2.414389e-02;5.120665e-02;2.719624e-02
6.538329e-02;1.205380e-01;5.548805e-02;1.902506e-02;2.844114e-02;5.001213e-02;4.177738e-01;2.430786e-02;6.538393e-02;1.726048e-02;5.210819e-02;8.427808e-02
1.122079e-01;1.443591e-01;7.514787e-02;1.977391e-02;2.309445e-02;4.342068e-02;3.187452e-01;1.700369e-02;2.371460e-02;2.047030e-02;3.357381e-02;1.684884e-01
1.501191e-01;1.623019e-01;6.684633e-02;1.751823e-02;2.222865e-02;3.783043e-02;2.543130e-01;1.832942e-02;1.591998e-02;2.923504e-02;1.243916e-02;2.129188e-01
1.750654e-01;1.451783e-01;6.105784e-02;2.082009e-02;2.863052e-02;4.518912e-02;2.076868e-01;2.933938e-02;1.877013e-02;6.499160e-02;2.514538e-02;1.781254e-01
1.856479e-01;1.072450e-01;5.409124e-02;2.023059e-02;4.233637e-02;5.618302e-02;1.891472e-01;5.132217e-02;3.674963e-02;8.545444e-02;6.243795e-02;1.091545e-01
1.698545e-01;5.933923e-02;5.212300e-02;1.574721e-02;6.537247e-02;6.023025e-02;1.993686e-01;6.329026e-02;8.034375e-02;7.669581e-02;9.869272e-02;5.894222e-02
1.593351e-01;5.654678e-02;6.846300e-02;2.855936e-02;8.122087e-02;4.139102e-02;2.063890e-01;6.155691e-02;9.455345e-02;5.693337e-02;8.681482e-02;5.823642e-02
1.563160e-01;1.081834e-01;9.823496e-02;5.445030e-02;7.575482e-02;3.476218e-02;1.751594e-01;7.519088e-02;5.765343e-02;6.146405e-02;6.123538e-02;4.159517e-02
1.666452e-01;1.228035e-01;8.360053e-02;6.743740e-02;7.447609e-02;4.557645e-02;1.716254e-01;6.813527e-02;5.642806e-02;4.922029e-02;5.660852e-02;3.744330e-02
1.358176e-01;1.210002e-01;1.083094e-01;6.830575e-02;7.207277e-02;5.090899e-02;1.964450e-01;5.199604e-02;4.959455e-02;6.921094e-02;5.116471e-02;2.517410e-02
6.574591e-02;1.299056e-01;1.230283e-01;7.288612e-02;4.814965e-02;5.916217e-02;2.186612e-01;5.511479e-02;3.308420e-02;8.624342e-02;6.916407e-02;3.885460e-02
6.640351e-02;1.207980e-01;8.067191e-02;7.156256e-02;6.207354e-02;6.462143e-02;2.386668e-01;6.435223e-02;4.176409e-02;6.740590e-02;8.133955e-02;4.034049e-02
9.982405e-02;1.077971e-01;9.845357e-02;7.371509e-02;7.526671e-02;3.562603e-02;2.051831e-01;6.928373e-02;5.586654e-02;3.526859e-02;7.967462e-02;6.404092e-02
6.408361e-02;7.308054e-02;1.227542e-01;6.849197e-02;1.207502e-01;3.674571e-02;1.486425e-01;8.468797e-02;6.889101e-02;4.439877e-02;6.722608e-02;1.002474e-01
7.994577e-02;6.024965e-02;9.687508e-02;4.337697e-02;1.725057e-01;4.883068e-02;1.268005e-01;7.137828e-02;1.078202e-01;4.441177e-02;5.330523e-02;9.450021e-02
1.459189e-01;6.264629e-02;7.882761e-02;2.408343e-02;1.349259e-01;8.497659e-02;1.162424e-01;7.137535e-02;1.243275e-01;4.659358e-02;3.779672e-02;7.228569e-02
1.546780e-01;7.743303e-02;4.977586e-02;3.937925e-02;8.355778e-02;1.159696e-01;1.687529e-01;8.320709e-02;8.040729e-02;7.052090e-02;3.219629e-02;4.412204e-02
1.173165e-01;9.285778e-02;3.808947e-02;4.427689e-02;5.612339e-02;1.046510e-01;2.773087e-01;6.918371e-02;7.150821e-02;7.223568e-02;3.092909e-02;2.551952e-02
7.701620e-02;1.061241e-01;2.219224e-02;3.065046e-02;4.630316e-02;6.980787e-02;3.766218e-01;5.146017e-02;9.337845e-02;4.674321e-02;6.065089e-02;1.905147e-02
4.027876e-02;1.048256e-01;1.917669e-02;1.455123e-02;6.392227e-02;6.224303e-02;4.402283e-01;4.140984e-02;9.322917e-02;2.063253e-02;8.764347e-02;1.185902e-02
2.348814e-02;9.555679e-02;2.658666e-02;1.124877e-02;8.972764e-02;7.383315e-02;4.703807e-01;2.547027e-02;6.729519e-02;1.364824e-02;9.448596e-02;8.278436e-03
4.393134e-02;1.019398e-01;3.609920e-02;2.394608e-02;8.884107e-02;7.212243e-02;4.568485e-01;2.763127e-02;4.617982e-02;1.407544e-02;8.023127e-02;8.153780e-03
6.624377e-02;1.079354e-01;4.237519e-02;3.281394e-02;8.656462e-02;8.198083e-02;4.339509e-01;2.892960e-02;2.840143e-02;2.451948e-02;5.719829e-02;9.086543e-03
5.315644e-02;1.109933e-01;6.900916e-02;2.889732e-02;8.026651e-02;6.463899e-02;4.464015e-01;3.044020e-02;3.763447e-02;3.347796e-02;3.161798e-02;1.346617e-02
5.221580e-02;1.322329e-01;6.182157e-02;1.884302e-02;5.356557e-02;6.597376e-02;4.633912e-01;3.637983e-02;4.652274e-02;2.921880e-02;2.633253e-02;1.350241e-02
7.209691e-02;1.278427e-01;4.460681e-02;1.757772e-02;7.074661e-02;8.649237e-02;4.410602e-01;2.644167e-02;3.668838e-02;2.840002e-02;3.102987e-02;1.701681e-02
8.078306e-02;8.719018e-02;6.490139e-02;1.785316e-02;8.921938e-02;9.416775e-02;4.366979e-01;1.680963e-02;3.003850e-02;3.072236e-02;2.708370e-02;2.453296e-02
4.276165e-02;7.182257e-02;6.150304e-02;2.537341e-02;7.707711e-02;9.316810e-02;5.104663e-01;2.162108e-02;2.240017e-02;2.965502e-02;1.458452e-02;2.956705e-02
3.007594e-02;8.915154e-02;6.409883e-02;2.360532e-02;4.849849e-02;7.645138e-02;5.402141e-01;2.521880e-02;1.676701e-02;3.361056e-02;3.506919e-02;1.723874e-02
6.118733e-02;8.362830e-02;3.829100e-02;1.578395e-02;4.878639e-02;6.001076e-02;5.217019e-01;3.400053e-02;2.431512e-02;3.791140e-02;6.121672e-02;1.316669e-02
7.133628e-02;7.183863e-02;5.193601e-02;2.111600e-02;5.649212e-02;5.550824e-02;4.789428e-01;3.466058e-02;3.019664e-02;3.865702e-02;7.530070e-02;1.401500e-02
7.031931e-02;8.040592e-02;8.065594e-02;2.256498e-02;6.271629e-02;4.738019e-02;4.117056e-01;3.918691e-02;4.963167e-02;3.880362e-02;7.408909e-02;2.254047e-02
7.702290e-02;9.437621e-02;9.014569e-02;4.724897e-02;5.490144e-02;4.868194e-02;2.388890e-01;3.155272e-02;9.068246e-02;8.840460e-02;5.640164e-02;8.169245e-02
7.392365e-02;9.844135e-02;1.129391e-01;6.582435e-02;5.854787e-02;5.414441e-02;1.361345e-01;3.092621e-02;1.004660e-01;1.183479e-01;5.430107e-02;9.600363e-02
8.686320e-02;9.371298e-02;1.416728e-01;6.147775e-02;4.903994e-02;5.265972e-02;1.181512e-01;4.397852e-02;8.952263e-02;1.230768e-01;8.130948e-02;5.853491e-02
1.164549e-01;6.952266e-02;1.428173e-01;3.758327e-02;4.391030e-02;8.853895e-02;1.092507e-01;7.760952e-02;7.028789e-02;8.111390e-02;1.207734e-01;4.213715e-02
9.710620e-02;4.148154e-02;1.110626e-01;1.999368e-02;4.792679e-02;1.522359e-01;9.064464e-02;7.889329e-02;6.358845e-02;7.776357e-02;1.719930e-01;4.731041e-02
5.161041e-02;2.690532e-02;1.183011e-01;1.977680e-02;6.840488e-02;1.942924e-01;7.402250e-02;4.701616e-02;6.265706e-02;8.994523e-02;2.051324e-01;4.193582e-02
3.777771e-02;4.745426e-02;1.638813e-01;2.178302e-02;6.431831e-02;1.469115e-01;1.246012e-01;3.746379e-02;4.727336e-02;6.701627e-02;1.786714e-01;6.284789e-02
1.359017e-02;5.305849e-02;1.384437e-01;4.759793e-02;4.712636e-02;8.392110e-02;2.524298e-01;5.165135e-02;3.414170e-02;3.854062e-02;1.578110e-01;8.168777e-02
4.357276e-02;3.626104e-02;8.634426e-02;5.652726e-02;2.871547e-02;7.754677e-02;3.095630e-01;6.174110e-02;3.190189e-02;5.878532e-02;1.090597e-01;9.998142e-02
5.163265e-02;4.198425e-02;1.028529e-01;5.191236e-02;2.489560e-02;7.390928e-02;2.904833e-01;3.692859e-02;2.371593e-02;6.066524e-02;8.563665e-02;1.553832e-01
4.933411e-02;4.448485e-02;9.621730e-02;2.598104e-02;4.219147e-02;7.722376e-02;2.352198e-01;3.377224e-02;3.926679e-02;7.975511e-02;9.925655e-02;1.772970e-01
5.054625e-02;3.577752e-02;8.153309e-02;2.123655e-02;6.340212e-02;9.097710e-02;1.306885e-01;4.155407e-02;6.907574e-02;1.103977e-01;1.672577e-01;1.375537e-01
1.171183e-01;5.499652e-02;1.421703e-01;2.467676e-02;6.086459e-02;7.168945e-02;7.127994e-02;3.887450e-02;5.388147e-02;1.191267e-01;1.580697e-01;8.725177e-02
1.082299e-01;3.957068e-02;1.268865e-01;2.016661e-02;4.401732e-02;6.212187e-02;1.317109e-01;4.345367e-02;3.894636e-02;1.124864e-01;1.708841e-01;1.015257e-01
8.403993e-02;4.383340e-02;1.446563e-01;2.984009e-02;5.076812e-02;5.750368e-02;1.413892e-01;3.846140e-02;4.169424e-02;8.335701e-02;1.873021e-01;9.715467e-02
1.094843e-01;4.518041e-02;1.272595e-01;4.511746e-02;7.435191e-02;4.845528e-02;1.182823e-01;4.899571e-02;4.916578e-02;8.374804e-02;1.705022e-01;7.945713e-02
5.153889e-02;6.197536e-02;1.058096e-01;5.424987e-02;7.782505e-02;4.711341e-02;1.371261e-01;7.082714e-02;5.307576e-02;1.012135e-01;1.734201e-01;6.582525e-02
6.926802e-02;8.740392e-02;9.273919e-02;3.084073e-02;4.790826e-02;5.320035e-02;1.540136e-01;7.255815e-02;4.872880e-02;6.654593e-02;1.874262e-01;8.936693e-02
4.551331e-02;9.340700e-02;1.084039e-01;2.781249e-02;4.397053e-02;3.363707e-02;1.630759e-01;7.199939e-02;5.002023e-02;9.336808e-02;1.636415e-01;1.051506e-01
6.047012e-02;8.248538e-02;9.634829e-02;2.680864e-02;4.780621e-02;3.915005e-02;1.672679e-01;1.038709e-01;6.582739e-02;1.241089e-01;1.157971e-01;7.005912e-02
1.048152e-01;7.580221e-02;8.897361e-02;3.684998e-02;3.695925e-02;4.591912e-02;1.086719e-01;1.352929e-01;7.397225e-02;9.561761e-02;1.152201e-01;8.190580e-02
9.350503e-02;4.236376e-02;5.690771e-02;5.918130e-02;4.677467e-02;5.527992e-02;8.169495e-02;9.047680e-02;1.014335e-01;7.249913e-02;1.938741e-01;1.060092e-01
7.843971e-02;5.112150e-02;4.382724e-02;7.149945e-02;3.860272e-02;5.184749e-02;7.377568e-02;6.730790e-02;1.007720e-01;7.823125e-02;2.366463e-01;1.079288e-01
9.266022e-02;7.248870e-02;5.670569e-02;6.931206e-02;3.159675e-02;5.004888e-02;6.081124e-02;8.522900e-02;1.113321e-01;7.118517e-02;1.971296e-01;1.015006e-01
8.862125e-02;4.355696e-02;1.252466e-01;6.125282e-02;6.170779e-02;4.165221e-02;9.857504e-02;9.881793e-02;1.230630e-01;6.134946e-02;1.075284e-01;8.862868e-02
5.982351e-02;6.973623e-02;1.769827e-01;6.868804e-02;4.948900e-02;3.788764e-02;9.869324e-02;8.759674e-02;9.408461e-02;6.051477e-02;1.321051e-01;6.439833e-02
8.853797e-02;9.168684e-02;1.681503e-01;7.591856e-02;4.595063e-02;3.444679e-02;6.874962e-02;7.181194e-02;8.487716e-02;9.773295e-02;1.139871e-01;5.815018e-02
1.311309e-01;8.034331e-02;1.144447e-01;6.961514e-02;4.244913e-02;6.715851e-02;7.038993e-02;7.340813e-02;9.655733e-02;1.018797e-01;9.660043e-02;5.602278e-02
1.263369e-01;8.475085e-02;8.341754e-02;8.948275e-02;4.095463e-02;9.948070e-02;7.876553e-02;6.989665e-02;1.058429e-01;8.676790e-02;7.785489e-02;5.644875e-02
1.458303e-01;9.149387e-02;1.220869e-01;9.921753e-02;6.471091e-02;7.673253e-02;6.736329e-02;6.035377e-02;6.908291e-02;6.172045e-02;6.945742e-02;7.195009e-02
1.388043e-01;1.050009e-01;1.252552e-01;1.082576e-01;6.666625e-02;6.678215e-02;9.832152e-02;7.340290e-02;6.517544e-02;5.563317e-02;5.353351e-02;4.316700e-02
1.299921e-01;1.134666e-01;1.269769e-01;9.438059e-02;8.278787e-02;6.685133e-02;9.045007e-02;7.869361e-02;7.789490e-02;6.107773e-02;5.438773e-02;2.304054e-02
7.399382e-02;1.984417e-01;1.186280e-01;6.619938e-02;9.508293e-02;7.868644e-02;7.349836e-02;8.458589e-02;8.702866e-02;5.407543e-02;3.342808e-02;3.635130e-02
7.197135e-02;2.029549e-01;1.313375e-01;6.941713e-02;7.557525e-02;5.376082e-02;7.908899e-02;9.572698e-02;9.578916e-02;5.678958e-02;2.015360e-02;4.743471e-02
3.300888e-02;1.052150e-01;1.734652e-01;9.355514e-02;7.090987e-02;5.638232e-02;1.807355e-01;7.605388e-02;7.191838e-02;7.277181e-02;3.712863e-02;2.885541e-02
1.702359e-02;4.811567e-02;2.101846e-01;5.965059e-02;7.425691e-02;6.009908e-02;2.578049e-01;5.641500e-02;6.065680e-02;8.243800e-02;5.183226e-02;2.152261e-02
3.528561e-02;5.306418e-02;2.107525e-01;3.778440e-02;6.848071e-02;4.265035e-02;2.553414e-01;4.327492e-02;5.487392e-02;1.027021e-01;6.756043e-02;2.822947e-02
6.107624e-02;5.853366e-02;1.462746e-01;5.582290e-02;1.086380e-01;6.193729e-02;1.923184e-01;2.146734e-02;4.330077e-02;1.345906e-01;8.626701e-02;2.977325e-02
6.976222e-02;4.249853e-02;1.558119e-01;8.293600e-02;1.201566e-01;6.358712e-02;1.041588e-01;3.228995e-02;5.466023e-02;1.627456e-01;8.990125e-02;2.149191e-02
6.269443e-02;2.042213e-02;2.393607e-01;7.832231e-02;1.095017e-01;6.639687e-02;9.030899e-02;3.638016e-02;5.895421e-02;1.512325e-01;6.421451e-02;2.221155e-02
6.993591e-02;2.256822e-02;2.646204e-01;7.774012e-02;1.173114e-01;8.066976e-02;7.551302e-02;3.214542e-02;5.422246e-02;1.243346e-01;5.074929e-02;3.018949e-02
9.068277e-02;2.649454e-02;2.909940e-01;7.687511e-02;9.735337e-02;5.286540e-02;9.718229e-02;3.959550e-02;5.176906e-02;9.262723e-02;5.001831e-02;3.354239e-02
1.069832e-01;2.674628e-02;3.121446e-01;8.015470e-02;8.454745e-02;4.580175e-02;9.669513e-02;4.659372e-02;5.612415e-02;6.896155e-02;4.525098e-02;2.999654e-02
8.879830e-02;2.466711e-02;2.929991e-01;7.637475e-02;8.401344e-02;8.314650e-02;7.302076e-02;4.649036e-02;6.457878e-02;9.033194e-02;4.462358e-02;3.095545e-02
6.158255e-02;2.505782e-02;2.666755e-01;6.863784e-02;1.168809e-01;8.290757e-02;1.114065e-01;4.393223e-02;6.029978e-02;1.021685e-01;3.536283e-02;2.508793e-02
4.109541e-02;2.576204e-02;2.761315e-01;6.110220e-02;1.650748e-01;4.866737e-02;1.208698e-01;5.889824e-02;7.218233e-02;8.871895e-02;2.443045e-02;1.706698e-02
2.738050e-02;2.802283e-02;2.664614e-01;6.049842e-02;1.787263e-01;4.780761e-02;1.092553e-01;7.161596e-02;9.072272e-02;8.858839e-02;1.834154e-02;1.257899e-02
3.545983e-02;2.937006e-02;2.419217e-01;5.807456e-02;1.528879e-01;5.663167e-02;1.456482e-01;7.111692e-02;8.498581e-02;8.928765e-02;1.876626e-02;1.584945e-02
2.869512e-02;1.951069e-02;2.419681e-01;6.360126e-02;1.296927e-01;7.359144e-02;1.374125e-01;7.298883e-02;8.251667e-02;1.018831e-01;2.819234e-02;1.994731e-02
2.449602e-02;2.021325e-02;2.413950e-01;6.664545e-02;1.096649e-01;7.947090e-02;1.453814e-01;6.444886e-02;8.455772e-02;1.229505e-01;2.543219e-02;1.534378e-02
3.449393e-02;2.725451e-02;2.220711e-01;7.844527e-02;7.904766e-02;1.031387e-01;1.340611e-01;5.522200e-02;8.956823e-02;1.232816e-01;2.884537e-02;2.457057e-02
4.781235e-02;4.650624e-02;1.628349e-01;8.297873e-02;1.288304e-01;8.286284e-02;9.900404e-02;6.320160e-02;1.019800e-01;1.265230e-01;3.186240e-02;2.560341e-02
4.193182e-02;5.338342e-02;1.293416e-01;5.862416e-02;1.598927e-01;5.596257e-02;7.289418e-02;6.224262e-02;1.454636e-01;1.436342e-01;4.944101e-02;2.718818e-02
5.011595e-02;3.556430e-02;1.166914e-01;7.205427e-02;1.177637e-01;7.205462e-02;1.315892e-01;3.932229e-02;1.470580e-01;1.181034e-01;6.623234e-02;3.345055e-02
8.714277e-02;4.086745e-02;1.278006e-01;9.141601e-02;7.381812e-02;6.420442e-02;1.731053e-01;6.123797e-02;9.961625e-02;8.536342e-02;5.318389e-02;4.224375e-02
1.393317e-01;7.219697e-02;1.632420e-01;7.411715e-02;5.192349e-02;5.072759e-02;1.512178e-01;9.711237e-02;5.614293e-02;6.551052e-02;3.434915e-02;4.412834e-02
1.642645e-01;9.658111e-02;1.962796e-01;4.745219e-02;3.782343e-02;3.762227e-02;8.733384e-02;1.077417e-01;5.037057e-02;6.835220e-02;4.977008e-02;5.640852e-02
1.288995e-01;7.240605e-02;2.363032e-01;3.910438e-02;4.643311e-02;3.507669e-02;5.740624e-02;8.256451e-02;4.342664e-02;9.605283e-02;9.474314e-02;6.758381e-02
8.660408e-02;6.460010e-02;2.577274e-01;4.393667e-02;4.740714e-02;3.203759e-02;5.322765e-02;6.332688e-02;3.674799e-02;1.120594e-01;1.246016e-01;7.772359e-02
8.273954e-02;8.015388e-02;2.603554e-01;4.484168e-02;4.273818e-02;2.642847e-02;7.514065e-02;7.558502e-02;3.240843e-02;9.697827e-02;1.126896e-01;6.994093e-02
1.046395e-01;6.464800e-02;2.971755e-01;4.403040e-02;4.450155e-02;2.485832e-02;1.007563e-01;9.828050e-02;3.682059e-02;7.617170e-02;7.125494e-02;3.686272e-02
9.098300e-02;5.764747e-02;2.466290e-01;4.302634e-02;6.078991e-02;2.982941e-02;1.222802e-01;9.184617e-02;5.319883e-02;8.602567e-02;6.873028e-02;4.901376e-02
3.672293e-02;7.243261e-02;1.899171e-01;3.282447e-02;5.754085e-02;3.498341e-02;1.701922e-01;1.055661e-01;5.020945e-02;9.879564e-02;9.781259e-02;5.300270e-02
7.812881e-02;7.558358e-02;2.136195e-01;3.624922e-02;4.267997e-02;2.928184e-02;2.158077e-01;9.659797e-02;4.095932e-02;7.541426e-02;5.937228e-02;3.630558e-02
1.169256e-01;6.919836e-02;1.731362e-01;6.039118e-02;5.527624e-02;3.885440e-02;2.443498e-01;6.981437e-02;4.769515e-02;5.511883e-02;3.244242e-02;3.679755e-02
1.417265e-01;8.682564e-02;1.123186e-01;5.351422e-02;5.542987e-02;3.120335e-02;2.142823e-01;5.779280e-02;5.462422e-02;7.288231e-02;6.324493e-02;5.615531e-02
9.113313e-02;8.255085e-02;1.401772e-01;4.255396e-02;7.088001e-02;6.594036e-02;1.708361e-01;5.781690e-02;7.141452e-02;7.118176e-02;7.844599e-02;5.706926e-02
8.570386e-02;6.975846e-02;8.650655e-02;3.548799e-02;9.751038e-02;7.631188e-02;1.351746e-01;6.147737e-02;7.342548e-02;8.744604e-02;1.139040e-01;7.729339e-02
9.771138e-02;5.146662e-02;7.568785e-02;3.804935e-02;6.009735e-02;5.256156e-02;1.225947e-01;7.209294e-02;7.509525e-02;1.048214e-01;1.329376e-01;1.168840e-01
1.033285e-01;5.798230e-02;1.070914e-01;4.663043e-02;3.937282e-02;3.496748e-02;1.244332e-01;7.914709e-02;7.109735e-02;1.076481e-01;1.133693e-01;1.149320e-01
9.938605e-02;7.075273e-02;1.074734e-01;7.751661e-02;4.252996e-02;3.379935e-02;1.481750e-01;1.018339e-01;7.930224e-02;9.565002e-02;6.662419e-02;7.695650e-02
8.313312e-02;5.282635e-02;8.453091e-02;7.838952e-02;4.380675e-02;4.453082e-02;1.271392e-01;1.297664e-01;1.226097e-01;8.767264e-02;6.725357e-02;7.834096e-02
7.639867e-02;3.284768e-02;1.014389e-01;7.936949e-02;3.392378e-02;5.236914e-02;1.103100e-01;1.489859e-01;1.172335e-01;8.350608e-02;7.293706e-02;9.067989e-02
7.455594e-02;5.020949e-02;1.474160e-01;5.871141e-02;5.448597e-02;5.537325e-02;1.180687e-01;1.219592e-01;9.059297e-02;7.499864e-02;7.959176e-02;7.403669e-02
8.833408e-02;7.243526e-02;1.347275e-01;4.529416e-02;7.415510e-02;5.247300e-02;1.419538e-01;6.247859e-02;7.693360e-02;1.287911e-01;9.194026e-02;3.048351e-02
7.934925e-02;7.703054e-02;1.690752e-01;5.242082e-02;8.628821e-02;5.870995e-02;1.195723e-01;6.216203e-02;7.306246e-02;1.080656e-01;6.651529e-02;4.774834e-02
1.140670e-01;9.093999e-02;2.089025e-01;4.730153e-02;8.501795e-02;4.874556e-02;1.299214e-01;3.937936e-02;4.577794e-02;5.903409e-02;6.297954e-02;6.793318e-02
1.113422e-01;7.754601e-02;3.100868e-01;4.827473e-02;7.538299e-02;4.278385e-02;9.832478e-02;2.335263e-02;2.530092e-02;6.751560e-02;6.350066e-02;5.658880e-02
8.361284e-02;4.163034e-02;4.539413e-01;5.258288e-02;6.045483e-02;3.196337e-02;6.017190e-02;2.111332e-02;1.395956e-02;9.572643e-02;5.287838e-02;3.196488e-02
6.359356e-02;3.791189e-02;4.805762e-01;4.943562e-02;5.779151e-02;3.116387e-02;6.285089e-02;1.547927e-02;2.265965e-02;1.072640e-01;3.757833e-02;3.369517e-02
3.863592e-02;5.341786e-02;4.580804e-01;3.256597e-02;6.909245e-02;2.813557e-02;8.112565e-02;1.977759e-02;3.159801e-02;1.128570e-01;2.899440e-02;4.571915e-02
