1.040347e-01;1.208990e-01;7.051542e-02;3.592338e-02;7.294478e-02;6.142255e-02;1.880845e-01;9.626919e-02;5.394805e-02;7.172056e-02;8.688901e-02;3.734901e-02
1.018340e-01;1.021229e-01;5.525114e-02;3.942674e-02;7.162482e-02;6.657621e-02;1.521425e-01;1.464606e-01;5.241845e-02;7.024454e-02;6.528603e-02;7.661208e-02
1.126693e-01;7.116070e-02;3.615721e-02;4.787953e-02;7.402825e-02;7.665081e-02;1.048819e-01;2.207380e-01;4.629830e-02;9.182221e-02;1.752998e-02;1.001837e-01
7.884277e-02;2.818974e-02;4.066294e-02;5.257416e-02;4.481157e-02;7.726239e-02;1.867388e-01;1.958043e-01;6.217361e-02;1.164627e-01;3.185092e-02;8.462606e-02
5.564576e-02;3.720871e-02;3.393900e-02;5.981130e-02;2.558357e-02;8.869624e-02;2.669726e-01;1.337674e-01;7.222042e-02;1.131129e-01;2.543443e-02;8.760773e-02
9.513899e-02;2.946772e-02;4.410448e-02;4.752192e-02;3.476975e-02;7.625260e-02;2.827365e-01;1.816707e-01;4.763221e-02;8.475035e-02;2.391264e-02;5.204216e-02
8.297339e-02;2.256717e-02;7.623916e-02;4.963898e-02;3.630184e-02;9.610089e-02;2.650852e-01;1.984956e-01;6.260119e-02;6.416070e-02;3.000923e-02;1.582666e-02
5.173013e-02;4.007324e-02;1.116202e-01;7.176570e-02;3.302769e-02;1.240306e-01;2.531656e-01;1.541476e-01;4.782059e-02;4.832715e-02;2.993965e-02;3.435182e-02
3.885947e-02;5.472925e-02;1.152943e-01;6.986111e-02;5.265586e-02;1.392532e-01;2.477603e-01;1.447046e-01;3.442166e-02;4.621060e-02;2.696070e-02;2.928883e-02
5.362313e-02;4.175318e-02;7.536071e-02;5.445569e-02;5.753628e-02;1.332633e-01;2.195787e-01;1.825506e-01;5.599454e-02;7.063404e-02;2.831335e-02;2.693653e-02
9.187075e-02;4.718237e-02;6.943022e-02;7.695861e-02;5.285871e-02;1.002252e-01;1.580871e-01;1.404936e-01;4.913352e-02;1.051298e-01;4.172213e-02;6.690793e-02
9.979413e-02;5.834326e-02;6.464896e-02;9.727483e-02;7.525510e-02;5.409150e-02;1.347137e-01;1.653189e-01;5.155564e-02;8.456011e-02;5.520039e-02;5.924345e-02
9.580093e-02;3.080929e-02;4.986360e-02;8.817394e-02;1.153558e-01;8.484747e-02;1.189755e-01;1.736054e-01;5.412182e-02;5.736931e-02;6.686718e-02;6.420972e-02
7.927816e-02;5.253790e-02;4.200415e-02;7.585984e-02;9.468658e-02;9.452158e-02;1.044744e-01;1.148241e-01;1.092562e-01;8.676267e-02;8.001117e-02;6.578319e-02
8.758976e-02;4.881115e-02;5.420315e-02;7.350479e-02;9.043251e-02;1.046665e-01;1.068518e-01;9.412829e-02;1.126092e-01;7.733802e-02;9.749945e-02;5.236546e-02
1.089749e-01;4.165716e-02;5.768853e-02;7.047184e-02;9.053359e-02;9.001300e-02;1.243563e-01;1.106636e-01;8.505721e-02;5.943360e-02;1.038730e-01;5.727731e-02
1.385180e-01;7.643285e-02;9.373763e-02;6.274845e-02;5.885185e-02;6.132863e-02;1.415123e-01;9.356575e-02;7.147054e-02;8.444052e-02;7.678656e-02;4.060697e-02
1.051999e-01;9.730444e-02;1.439966e-01;5.272869e-02;3.114228e-02;8.504591e-02;1.289959e-01;7.117231e-02;9.559090e-02;7.947963e-02;6.561980e-02;4.372368e-02
7.079589e-02;1.170256e-01;1.542509e-01;5.343235e-02;2.108511e-02;1.197440e-01;1.021266e-01;5.633277e-02;1.373194e-01;5.172121e-02;4.481466e-02;7.135157e-02
4.256042e-02;1.395296e-01;1.373107e-01;4.883932e-02;2.169071e-02;1.685514e-01;8.571713e-02;4.772897e-02;1.725865e-01;2.754769e-02;2.037475e-02;8.756290e-02
4.389890e-02;1.531091e-01;1.047959e-01;4.322785e-02;3.089480e-02;1.938030e-01;7.066878e-02;4.057503e-02;1.885496e-01;3.624635e-02;1.293900e-02;8.129165e-02
5.765034e-02;1.607572e-01;1.120795e-01;4.711742e-02;3.014743e-02;1.906203e-01;4.692407e-02;3.585391e-02;1.982470e-01;5.082292e-02;1.516741e-02;5.461245e-02
8.503230e-02;1.634096e-01;1.060641e-01;4.817092e-02;4.127963e-02;1.751270e-01;4.845007e-02;4.422228e-02;1.913564e-01;5.085624e-02;2.694649e-02;1.908497e-02
1.169672e-01;1.374898e-01;8.106540e-02;5.270700e-02;5.934787e-02;1.307615e-01;7.504901e-02;6.028400e-02;1.438604e-01;5.104689e-02;5.516444e-02;3.625651e-02
1.184861e-01;1.054875e-01;6.880554e-02;5.369674e-02;6.433202e-02;8.510477e-02;1.344129e-01;9.905141e-02;8.381695e-02;6.389309e-02;7.709932e-02;4.581361e-02
7.851973e-02;8.035298e-02;7.287990e-02;5.545663e-02;6.053517e-02;7.220910e-02;1.579890e-01;1.128315e-01;1.131092e-01;7.692449e-02;6.696749e-02;5.222474e-02
8.222268e-02;5.434567e-02;5.624922e-02;3.608087e-02;4.757934e-02;6.642150e-02;1.524652e-01;9.667741e-02;1.433429e-01;1.128676e-01;7.788104e-02;7.386662e-02
7.336930e-02;4.604746e-02;8.961857e-02;3.111321e-02;4.012876e-02;5.280985e-02;1.594551e-01;1.288540e-01;1.410887e-01;7.474310e-02;6.936511e-02;9.340685e-02
5.046405e-02;5.721475e-02;1.016410e-01;3.823862e-02;2.989755e-02;5.929255e-02;1.846658e-01;1.436282e-01;1.371515e-01;7.226467e-02;3.441959e-02;9.112172e-02
4.929483e-02;4.659411e-02;7.875488e-02;3.538666e-02;2.232003e-02;6.748788e-02;1.793054e-01;1.540873e-01;1.470112e-01;1.152268e-01;3.852259e-02;6.600829e-02
6.464072e-02;5.467453e-02;5.803158e-02;2.673280e-02;1.489829e-02;7.413071e-02;2.156302e-01;1.311778e-01;1.365336e-01;1.370073e-01;5.278419e-02;3.375817e-02
6.977411e-02;4.764971e-02;8.652052e-02;3.071794e-02;1.108156e-02;7.792828e-02;2.325428e-01;6.322452e-02;1.393206e-01;1.612511e-01;4.480118e-02;3.518771e-02
6.425021e-02;7.857484e-02;1.089541e-01;3.288033e-02;2.517495e-02;7.769161e-02;1.640597e-01;7.297617e-02;1.218379e-01;1.640906e-01;4.860215e-02;4.090752e-02
9.014132e-02;9.894264e-02;7.624685e-02;3.607335e-02;3.640627e-02;6.071930e-02;5.576259e-02;8.653592e-02;1.205121e-01;2.038974e-01;7.547627e-02;5.928602e-02
9.376790e-02;1.088935e-01;7.426638e-02;2.686166e-02;3.288011e-02;5.250172e-02;6.484183e-02;1.018293e-01;1.301063e-01;1.812128e-01;6.884067e-02;6.399791e-02
8.228974e-02;8.221210e-02;9.357016e-02;4.400556e-02;4.158213e-02;1.211835e-01;9.712266e-02;9.803206e-02;8.269632e-02;1.311792e-01;7.000054e-02;5.612611e-02
8.955178e-02;7.310820e-02;9.423412e-02;5.853451e-02;7.404181e-02;1.019948e-01;1.366463e-01;8.673699e-02;7.468586e-02;1.000910e-01;6.301574e-02;4.735886e-02
7.919323e-02;8.383769e-02;1.804956e-01;6.511182e-02;9.260438e-02;4.938888e-02;1.246679e-01;7.678344e-02;6.627499e-02;7.841165e-02;6.294220e-02;4.028822e-02
5.945118e-02;5.463985e-02;3.030711e-01;5.947948e-02;9.956004e-02;4.044908e-02;1.211049e-01;5.597207e-02;3.426826e-02;8.182856e-02;6.285276e-02;2.732277e-02
4.384128e-02;3.241688e-02;3.828867e-01;3.759804e-02;1.160488e-01;3.412010e-02;1.234355e-01;2.725371e-02;1.903413e-02;9.770750e-02;5.148739e-02;3.416986e-02
2.731110e-02;3.889412e-02;3.774395e-01;2.791649e-02;1.385093e-01;4.732599e-02;1.463950e-01;1.125444e-02;1.893485e-02;9.491275e-02;3.269913e-02;3.840730e-02
4.139845e-02;3.983128e-02;3.501224e-01;2.568139e-02;1.352540e-01;4.903368e-02;1.723450e-01;1.588862e-02;1.986765e-02;9.269128e-02;2.870958e-02;2.917673e-02
5.706994e-02;3.440117e-02;3.371288e-01;3.398398e-02;1.071343e-01;3.870536e-02;1.858271e-01;3.111769e-02;2.058388e-02;8.736519e-02;4.438216e-02;2.230047e-02
5.777619e-02;3.882430e-02;2.749382e-01;7.129101e-02;7.237951e-02;4.821482e-02;1.428565e-01;8.813514e-02;2.877225e-02;7.750093e-02;7.850632e-02;2.080483e-02
6.624281e-02;5.185227e-02;1.863418e-01;9.979656e-02;6.647642e-02;5.575678e-02;8.284545e-02;1.166794e-01;4.484421e-02;8.124758e-02;9.723445e-02;5.068221e-02
9.859749e-02;5.766169e-02;1.143335e-01;8.880594e-02;1.184778e-01;5.156745e-02;6.993779e-02;8.678549e-02;6.430502e-02;7.477345e-02;7.738352e-02;9.737090e-02
1.507496e-01;3.725736e-02;1.045697e-01;5.578706e-02;1.538931e-01;5.362925e-02;7.979907e-02;5.001964e-02;1.021094e-01;3.655810e-02;4.291595e-02;1.327118e-01
2.032675e-01;2.694629e-02;1.052577e-01;2.881388e-02;1.636495e-01;6.688903e-02;7.129271e-02;2.269391e-02;1.223285e-01;1.858968e-02;3.383648e-02;1.364349e-01
2.356739e-01;3.294508e-02;8.705428e-02;1.997176e-02;1.643263e-01;8.184102e-02;6.228221e-02;1.306801e-02;1.174729e-01;2.474177e-02;3.051294e-02;1.301097e-01
2.374298e-01;2.574344e-02;9.463071e-02;2.164490e-02;1.610478e-01;1.037793e-01;5.235325e-02;1.037111e-02;1.132580e-01;2.533417e-02;3.522649e-02;1.191810e-01
2.289132e-01;3.683286e-02;8.510063e-02;1.111176e-02;1.607691e-01;1.197069e-01;5.077967e-02;1.099966e-02;1.154998e-01;2.564193e-02;3.887666e-02;1.157679e-01
1.958881e-01;3.223507e-02;9.189355e-02;2.938558e-02;1.581555e-01;1.149163e-01;5.577675e-02;1.132769e-02;1.170470e-01;2.444935e-02;4.736942e-02;1.215556e-01
1.441457e-01;3.899802e-02;8.757182e-02;2.797312e-02;1.545798e-01;1.057812e-01;8.348744e-02;1.420982e-02;1.193501e-01;3.515656e-02;5.922325e-02;1.295232e-01
6.259464e-02;8.383583e-02;7.801740e-02;2.620592e-02;1.665991e-01;9.528074e-02;7.250692e-02;3.660830e-02;1.185354e-01;5.485008e-02;5.997110e-02;1.449945e-01
1.862805e-01;8.389928e-02;7.514535e-02;2.632828e-02;1.432426e-01;8.924654e-02;7.793646e-02;2.783091e-02;1.081689e-01;4.197310e-02;3.382196e-02;1.061261e-01
1.743549e-01;5.986806e-02;8.301482e-02;1.971399e-02;1.599644e-01;1.112373e-01;5.685388e-02;2.327942e-02;1.394740e-01;3.666357e-02;3.216010e-02;1.034156e-01
1.181957e-01;2.515186e-02;7.507221e-02;2.174149e-02;1.967717e-01;1.306296e-01;5.612534e-02;2.098848e-02;1.684366e-01;3.661182e-02;3.035584e-02;1.199193e-01
8.730531e-02;2.389424e-02;7.724668e-02;4.737414e-02;2.010032e-01;1.149856e-01;8.009738e-02;3.826629e-02;1.448418e-01;2.544280e-02;3.352993e-02;1.260127e-01
6.841306e-02;3.397527e-02;1.072260e-01;9.264397e-02;1.707053e-01;9.888809e-02;6.661447e-02;7.532433e-02;1.005504e-01;2.543863e-02;4.858977e-02;1.116308e-01
4.229989e-02;2.949882e-02;1.741381e-01;1.222843e-01;1.129387e-01;9.767130e-02;8.372787e-02;1.059740e-01;6.453987e-02;3.165101e-02;6.409445e-02;7.118169e-02
4.963665e-02;2.465116e-02;2.193493e-01;9.071302e-02;9.349704e-02;1.005617e-01;1.209241e-01;9.393686e-02;4.768414e-02;4.731520e-02;6.346602e-02;4.826478e-02
6.783041e-02;3.599282e-02;1.529584e-01;3.777179e-02;1.124559e-01;1.022755e-01;1.463642e-01;7.167166e-02;9.066437e-02;4.778070e-02;7.079165e-02;6.344260e-02
6.357296e-02;4.470455e-02;1.056659e-01;4.494964e-02;1.118840e-01;1.073228e-01;1.102771e-01;7.502303e-02;1.065219e-01;7.042631e-02;1.011818e-01;5.847004e-02
8.895220e-02;4.843707e-02;4.314504e-02;8.426695e-02;1.397981e-01;8.760551e-02;7.375176e-02;8.849962e-02;7.400551e-02;1.207883e-01;1.036576e-01;4.709237e-02
1.050452e-01;6.609996e-02;7.525101e-02;7.367916e-02;1.279607e-01;1.028145e-01;1.143878e-01;8.025411e-02;5.056932e-02;9.686428e-02;6.770975e-02;3.936424e-02
9.263866e-02;5.027596e-02;9.610350e-02;4.625503e-02;1.078678e-01;8.344436e-02;1.254698e-01;1.121596e-01;7.531486e-02;9.643409e-02;5.408253e-02;5.995376e-02
8.193264e-02;7.171065e-02;9.129598e-02;4.996887e-02;7.620268e-02;8.250190e-02;8.797616e-02;8.841533e-02;1.311525e-01;8.314360e-02;7.723138e-02;7.846837e-02
7.449086e-02;8.140025e-02;1.072611e-01;3.911839e-02;7.672147e-02;1.174702e-01;9.497789e-02;5.735654e-02;1.391722e-01;6.840201e-02;7.153787e-02;7.209127e-02
6.686494e-02;1.071943e-01;1.099965e-01;5.550556e-02;8.103430e-02;1.062953e-01;1.206569e-01;1.046762e-01;8.502276e-02;5.285837e-02;3.352410e-02;7.637088e-02
4.630978e-02;8.278236e-02;1.184907e-01;8.714359e-02;1.029155e-01;8.108385e-02;1.327162e-01;1.171100e-01;5.147930e-02;2.892981e-02;5.948740e-02;9.155153e-02
3.546223e-02;7.935806e-02;1.240378e-01;1.236049e-01;1.250920e-01;7.494614e-02;9.920476e-02;1.290818e-01;3.753203e-02;1.442655e-02;8.593220e-02;7.132154e-02
4.730736e-02;6.890774e-02;1.093492e-01;1.612518e-01;1.198262e-01;7.696933e-02;4.181224e-02;1.583551e-01;4.143240e-02;2.218793e-02;1.020274e-01;5.057324e-02
6.157429e-02;4.552945e-02;1.226334e-01;1.267389e-01;8.615846e-02;8.075084e-02;1.758511e-01;1.514192e-01;2.381095e-02;3.452703e-02;7.618767e-02;1.481866e-02
5.829912e-02;2.503615e-02;1.618862e-01;5.735538e-02;5.974394e-02;8.902633e-02;3.061427e-01;1.125760e-01;2.380889e-02;4.506798e-02;3.888521e-02;2.217206e-02
3.535457e-02;3.397828e-02;1.532716e-01;1.690198e-02;4.413032e-02;1.382487e-01;3.396607e-01;7.133742e-02;4.841620e-02;4.670503e-02;2.228401e-02;4.971123e-02
1.917699e-02;6.582975e-02;1.093295e-01;1.761073e-02;4.239103e-02;2.271403e-01;2.576089e-01;5.461639e-02;6.212898e-02;4.954346e-02;1.609335e-02;7.853065e-02
3.857239e-02;1.063697e-01;6.804028e-02;3.349390e-02;5.921296e-02;2.892458e-01;1.377025e-01;4.711900e-02;8.238105e-02;3.568967e-02;2.404735e-02;7.812537e-02
7.025045e-02;1.517368e-01;4.509732e-02;4.794902e-02;8.453185e-02;2.995773e-01;5.850469e-02;3.962873e-02;9.361983e-02;2.620608e-02;2.340293e-02;5.949500e-02
1.194765e-01;1.820859e-01;7.535271e-02;4.733869e-02;7.882384e-02;2.549984e-01;2.548557e-02;2.654349e-02;1.042850e-01;2.020306e-02;1.883142e-02;4.657539e-02
1.746258e-01;1.991981e-01;7.249060e-02;4.385110e-02;5.793416e-02;1.859067e-01;2.989721e-02;2.219781e-02;9.525493e-02;2.923194e-02;3.012289e-02;5.928876e-02
1.929377e-01;2.059759e-01;8.451574e-02;4.094866e-02;3.843640e-02;1.307521e-01;6.184948e-02;3.213543e-02;9.058601e-02;2.670437e-02;2.127571e-02;7.388253e-02
1.770030e-01;2.061458e-01;1.052295e-01;3.828439e-02;1.831835e-02;1.019094e-01;9.391797e-02;3.670728e-02;9.573255e-02;2.860787e-02;2.894912e-02;6.919474e-02
1.331993e-01;1.907773e-01;1.268151e-01;3.347735e-02;3.666827e-02;7.534940e-02;1.276774e-01;4.321668e-02;1.098464e-01;3.580596e-02;3.161380e-02;5.555301e-02
1.389939e-01;1.601408e-01;1.278513e-01;3.366535e-02;4.887310e-02;5.306794e-02;1.452619e-01;5.123517e-02;1.089513e-01;5.483655e-02;3.923229e-02;3.789037e-02
1.616411e-01;1.038888e-01;1.272388e-01;2.334463e-02;5.852754e-02;5.530633e-02;2.002878e-01;7.795711e-02;7.932740e-02;4.610254e-02;4.522860e-02;2.114944e-02
1.329757e-01;5.339705e-02;1.073865e-01;3.497854e-02;6.159361e-02;6.821593e-02;2.716762e-01;8.579069e-02;4.396039e-02;4.229491e-02;5.303563e-02;4.469497e-02
1.029551e-01;4.920447e-02;1.068092e-01;3.950644e-02;4.807356e-02;6.460593e-02;3.221569e-01;7.479206e-02;2.842369e-02;6.008414e-02;4.180617e-02;6.158234e-02
1.154972e-01;7.077409e-02;1.077255e-01;4.197557e-02;1.899382e-02;5.756263e-02;3.031026e-01;8.827029e-02;2.660634e-02;6.236482e-02;3.706910e-02;7.005803e-02
9.798272e-02;6.023195e-02;8.474756e-02;3.575437e-02;3.084595e-02;6.524680e-02;3.282936e-01;9.306678e-02;3.538909e-02;5.143768e-02;3.856383e-02;7.843962e-02
1.123765e-01;5.267628e-02;5.749200e-02;5.426922e-02;2.853715e-02;6.306471e-02;3.488196e-01;6.182777e-02;4.900313e-02;6.062393e-02;5.584942e-02;5.546026e-02
1.264626e-01;5.106996e-02;6.533874e-02;6.108477e-02;4.326234e-02;5.669979e-02;3.015868e-01;6.975153e-02;5.271856e-02;5.955302e-02;6.366311e-02;4.880888e-02
8.608139e-02;3.685250e-02;1.276450e-01;5.159845e-02;6.500150e-02;6.264413e-02;2.530425e-01;1.102620e-01;6.950673e-02;6.163778e-02;4.191713e-02;3.381084e-02
8.547562e-02;5.417697e-02;1.853509e-01;4.045621e-02;6.259943e-02;7.654507e-02;1.575731e-01;9.858272e-02;1.173605e-01;3.702005e-02;5.419342e-02;3.066602e-02
6.748316e-02;9.389489e-02;2.459734e-01;4.461779e-02;5.033209e-02;8.462024e-02;9.486465e-02;5.267303e-02;1.449058e-01;4.322096e-02;4.102321e-02;3.639070e-02
5.692697e-02;1.219304e-01;2.749505e-01;4.442301e-02;4.448692e-02;9.041846e-02;5.274928e-02;4.089078e-02;1.537733e-01;4.912312e-02;3.397596e-02;3.635126e-02
7.624780e-02;1.311060e-01;2.388225e-01;4.828896e-02;5.351378e-02;7.215708e-02;8.938933e-02;5.748866e-02;1.306333e-01;4.109933e-02;4.127230e-02;1.998091e-02
9.128890e-02;1.367111e-01;2.171616e-01;5.589622e-02;5.097291e-02;7.396518e-02;8.506308e-02;6.982862e-02;1.343149e-01;3.559899e-02;2.581714e-02;2.338134e-02
8.365487e-02;1.371790e-01;2.326919e-01;6.263494e-02;4.317757e-02;9.813783e-02;6.730773e-02;5.146488e-02;1.338794e-01;3.231386e-02;2.336510e-02;3.419294e-02
5.930332e-02;1.322732e-01;2.646057e-01;6.210983e-02;4.369746e-02;1.062877e-01;4.411064e-02;4.761601e-02;1.372515e-01;2.938540e-02;4.070013e-02;3.265911e-02
5.202049e-02;1.190698e-01;2.639861e-01;5.838526e-02;4.520272e-02;1.081583e-01;4.249177e-02;6.315866e-02;1.553378e-01;3.869989e-02;3.263222e-02;2.085699e-02
5.923099e-02;1.069040e-01;2.605512e-01;6.070279e-02;3.182478e-02;8.689364e-02;6.517707e-02;7.666205e-02;1.686498e-01;4.749360e-02;2.145602e-02;1.445405e-02
4.537498e-02;1.034344e-01;2.684956e-01;6.923990e-02;3.848816e-02;7.881805e-02;4.179383e-02;7.890783e-02;1.816414e-01;4.810435e-02;1.666967e-02;2.903188e-02
2.515129e-02;9.442992e-02;2.656942e-01;7.661044e-02;5.508683e-02;1.039914e-01;4.966336e-02;6.476960e-02;1.744816e-01;3.848013e-02;2.462062e-02;2.702050e-02
3.111505e-02;9.934556e-02;2.922299e-01;7.401411e-02;5.656520e-02;1.224540e-01;4.970379e-02;3.460661e-02;1.588625e-01;2.877268e-02;2.162658e-02;3.070397e-02
3.308329e-02;1.034323e-01;3.363685e-01;6.520724e-02;4.785255e-02;1.353039e-01;3.801773e-02;2.501393e-02;1.279873e-01;3.884937e-02;1.192327e-02;3.696069e-02
2.872835e-02;9.764732e-02;4.067191e-01;4.525407e-02;3.983342e-02;1.304069e-01;4.329318e-02;2.967197e-02;7.832815e-02;4.326494e-02;1.935779e-02;3.749485e-02
2.530379e-02;6.965932e-02;4.441965e-01;3.461777e-02;4.833150e-02;9.818596e-02;8.999055e-02;3.755898e-02;6.018136e-02;5.258455e-02;1.802599e-02;2.136373e-02
4.735409e-02;4.823244e-02;4.256130e-01;4.586672e-02;7.857820e-02;6.231005e-02;9.917271e-02;3.175243e-02;5.542620e-02;5.208215e-02;3.331088e-02;2.030106e-02
5.933851e-02;2.339284e-02;4.142129e-01;8.659825e-02;8.876187e-02;4.076796e-02;8.118918e-02;3.917500e-02;5.488465e-02;4.444096e-02;3.532355e-02;3.191429e-02
4.152646e-02;2.418053e-02;4.179771e-01;1.246509e-01;9.040304e-02;4.262561e-02;5.560217e-02;7.284427e-02;5.097314e-02;3.386324e-02;2.812199e-02;1.723149e-02
4.017499e-02;3.351765e-02;3.189231e-01;1.178256e-01;1.456888e-01;6.081161e-02;3.664250e-02;7.210651e-02;8.534329e-02;2.674431e-02;3.120950e-02;3.101220e-02
8.185599e-02;2.188884e-02;1.850823e-01;7.254338e-02;2.056653e-01;9.636632e-02;8.997703e-02;4.714531e-02;1.200553e-01;2.108661e-02;1.829436e-02;4.003926e-02
1.187586e-01;3.341473e-02;1.419132e-01;4.224263e-02;1.713854e-01;1.420489e-01;1.560030e-01;2.310449e-02;9.304313e-02;4.153445e-02;1.316636e-02;2.338508e-02
1.148133e-01;6.020319e-02;8.348156e-02;3.205765e-02;9.362605e-02;1.418874e-01;2.995949e-01;3.678394e-02;4.857816e-02;5.629139e-02;1.524361e-02;1.743878e-02
6.893808e-02;7.992335e-02;4.258092e-02;2.447022e-02;4.453728e-02;9.777782e-02;4.431008e-01;8.345231e-02;3.294781e-02;4.436817e-02;2.390120e-02;1.400200e-02
3.945071e-02;7.524967e-02;8.083007e-02;1.578205e-02;3.408691e-02;5.668273e-02;4.245241e-01;1.281384e-01;3.810394e-02;2.828852e-02;4.214495e-02;3.671794e-02
7.854429e-02;6.705000e-02;1.371943e-01;2.288775e-02;3.673454e-02;3.845331e-02;2.791555e-01;1.235914e-01;4.923864e-02;3.393988e-02;4.841537e-02;8.479506e-02
1.494787e-01;6.881217e-02;1.505437e-01;6.924011e-02;4.070561e-02;2.654842e-02;1.425890e-01;9.047000e-02;8.739708e-02;3.925310e-02;3.973828e-02;9.522384e-02
1.692633e-01;5.838753e-02;1.130628e-01;1.318034e-01;6.225664e-02;2.613792e-02;1.037806e-01;5.832395e-02;1.154769e-01;6.236229e-02;3.479572e-02;6.434895e-02
1.460356e-01;5.605149e-02;7.832093e-02;1.672202e-01;1.045603e-01;2.851877e-02;8.406609e-02;3.795631e-02;1.124973e-01;1.084829e-01;4.046446e-02;3.582579e-02
8.662196e-02;7.753332e-02;4.685457e-02;1.381381e-01;1.771098e-01;5.119164e-02;7.941046e-02;2.415970e-02;7.863129e-02;1.624927e-01;5.149512e-02;2.636129e-02
3.441706e-02;1.010871e-01;1.654401e-02;8.866522e-02;2.270562e-01;5.274993e-02;8.007539e-02;2.982358e-02;7.538490e-02;1.973481e-01;6.942220e-02;2.742626e-02
3.935853e-02;1.065396e-01;3.308966e-02;5.270751e-02;2.242462e-01;5.055406e-02;7.769138e-02;3.649885e-02;7.135441e-02;2.017995e-01;7.780697e-02;2.835333e-02
2.585757e-02;9.024911e-02;4.523811e-02;5.335020e-02;2.196815e-01;4.008455e-02;8.747011e-02;4.413730e-02;5.322459e-02;2.109671e-01;8.874376e-02;4.099606e-02
1.887741e-02;7.870632e-02;3.847337e-02;8.594558e-02;2.126960e-01;4.474341e-02;6.991436e-02;4.409795e-02;4.169616e-02;2.127575e-01;9.994029e-02;5.215161e-02
2.767357e-02;7.011712e-02;2.765116e-02;1.147040e-01;1.919039e-01;5.116259e-02;5.838906e-02;3.164045e-02;6.084855e-02;2.127666e-01;9.799250e-02;5.515046e-02
6.147032e-02;4.647041e-02;7.141788e-02;1.271146e-01;1.466564e-01;4.491466e-02;1.175316e-01;3.724163e-02;5.836823e-02;1.686308e-01;7.708181e-02;4.310162e-02
7.138274e-02;3.718537e-02;1.082606e-01;1.005818e-01;9.542638e-02;3.520651e-02;2.229220e-01;6.102009e-02;7.354935e-02;9.814049e-02;5.083957e-02;4.548514e-02
5.082425e-02;4.559026e-02;1.178257e-01;5.936139e-02;9.345657e-02;3.598890e-02;2.910517e-01;6.197198e-02;9.411415e-02;6.402455e-02;4.529488e-02;4.049568e-02
3.905773e-02;4.425099e-02;1.050265e-01;5.406208e-02;1.115981e-01;4.023315e-02;3.002214e-01;6.106320e-02;7.536903e-02;7.974023e-02;4.776066e-02;4.161686e-02
5.091742e-02;6.886113e-02;8.000329e-02;6.330452e-02;1.246228e-01;5.687752e-02;1.856965e-01;6.473743e-02;4.281596e-02;1.083932e-01;7.467469e-02;7.909560e-02
5.144188e-02;6.647328e-02;4.971550e-02;7.584064e-02;1.286188e-01;6.271640e-02;1.294013e-01;6.994355e-02;6.442478e-02;1.037670e-01;8.303186e-02;1.146250e-01
5.817213e-02;4.456324e-02;8.922758e-02;7.423484e-02;1.159311e-01;5.462460e-02;1.228822e-01;5.012576e-02;1.187010e-01;1.134542e-01;6.869648e-02;8.938689e-02
4.121146e-02;5.606565e-02;1.226479e-01;9.403237e-02;1.075039e-01;7.863747e-02;1.058765e-01;4.043673e-02;1.147026e-01;1.099154e-01;7.289857e-02;5.607146e-02
5.798080e-02;7.243492e-02;1.204457e-01;8.054419e-02;9.825240e-02;9.173341e-02;1.258271e-01;3.861188e-02;9.770797e-02;8.620511e-02;7.911684e-02;5.113959e-02
7.406970e-02;7.277495e-02;9.892749e-02;5.639541e-02;1.013854e-01;8.348136e-02;1.349607e-01;6.417637e-02;9.975556e-02;9.186555e-02;8.456708e-02;3.764035e-02
8.019361e-02;5.704720e-02;1.013007e-01;3.619697e-02;1.236501e-01;8.367275e-02;1.481372e-01;8.076636e-02;7.965438e-02;9.645177e-02;8.758018e-02;2.534875e-02
1.045992e-01;6.701072e-02;1.582029e-01;5.505294e-02;1.119221e-01;1.125072e-01;1.198200e-01;9.036241e-02;4.086154e-02;4.269044e-02;5.361186e-02;4.335870e-02
1.071469e-01;7.553896e-02;2.891232e-01;4.315208e-02;8.246011e-02;8.564916e-02;1.272230e-01;5.850925e-02;3.310426e-02;4.517693e-02;3.090959e-02;2.200659e-02
8.036783e-02;4.979072e-02;4.720202e-01;5.584394e-02;7.002308e-02;5.594872e-02;8.249037e-02;3.482197e-02;2.218364e-02;4.063537e-02;1.850092e-02;1.737326e-02
4.550198e-02;2.553623e-02;6.120989e-01;4.952221e-02;5.781003e-02;3.307451e-02;7.425261e-02;1.699132e-02;2.038840e-02;3.228821e-02;1.269502e-02;1.984054e-02
2.197006e-02;2.770340e-02;6.712651e-01;4.702295e-02;4.824143e-02;2.180435e-02;6.904966e-02;1.037845e-02;2.491005e-02;3.157494e-02;1.283152e-02;1.324802e-02
7.254458e-03;3.305708e-02;6.562764e-01;3.703058e-02;3.913878e-02;3.260600e-02;6.525769e-02;1.812230e-02;2.395486e-02;3.769846e-02;1.540574e-02;3.419762e-02
2.281759e-02;4.299435e-02;5.869494e-01;3.458669e-02;2.442438e-02;4.943812e-02;6.265549e-02;2.532242e-02;3.811675e-02;3.749396e-02;2.308927e-02;5.211155e-02
3.621746e-02;6.131338e-02;5.467822e-01;3.705822e-02;4.017705e-02;5.403110e-02;5.093748e-02;1.945353e-02;5.887130e-02;3.015861e-02;1.899789e-02;4.600171e-02
5.745518e-02;6.808124e-02;5.107238e-01;3.908301e-02;5.266247e-02;3.177628e-02;5.235399e-02;4.121957e-02;4.997806e-02;3.431616e-02;2.761048e-02;3.473984e-02
7.209107e-02;7.819570e-02;2.983736e-01;6.252524e-02;7.010239e-02;5.900176e-02;1.333123e-01;6.371915e-02;3.960871e-02;5.364845e-02;3.004065e-02;3.938103e-02
5.995978e-02;7.053005e-02;2.907522e-01;8.129339e-02;6.341466e-02;5.601671e-02;1.487085e-01;3.962494e-02;6.001276e-02;6.081440e-02;2.628495e-02;4.258769e-02
4.421715e-02;7.554454e-02;3.328716e-01;9.225290e-02;4.493087e-02;5.911941e-02;1.175866e-01;2.536849e-02;7.704224e-02;5.989462e-02;1.621614e-02;5.495540e-02
3.398671e-02;1.044252e-01;2.706494e-01;8.307290e-02;5.230860e-02;9.667125e-02;1.141723e-01;2.662368e-02;9.250028e-02;4.368886e-02;1.438653e-02;6.751432e-02
2.529797e-02;1.328615e-01;1.512077e-01;8.372094e-02;6.551259e-02;1.710369e-01;1.244751e-01;2.385727e-02;1.229386e-01;2.370912e-02;6.606094e-03;6.877626e-02
3.681185e-02;1.402498e-01;7.737702e-02;8.679875e-02;6.793374e-02;2.217185e-01;1.038939e-01;1.725345e-02;1.599070e-01;1.535390e-02;2.502178e-02;4.768031e-02
4.581831e-02;1.263331e-01;5.386143e-02;7.616238e-02;6.799939e-02;2.349322e-01;7.480645e-02;4.617007e-02;1.951829e-01;2.043281e-02;4.108054e-02;1.722042e-02
5.770742e-02;9.992567e-02;5.060691e-02;6.590913e-02;8.460553e-02;2.073416e-01;5.630687e-02;6.535397e-02;1.900604e-01;1.635605e-02;8.128092e-02;2.454558e-02
7.250682e-02;8.469015e-02;5.369984e-02;5.936863e-02;1.163955e-01;1.600073e-01;7.273283e-02;5.324978e-02;1.743644e-01;2.011905e-02;1.115840e-01;2.128163e-02
1.100289e-01;6.320958e-02;4.834116e-02;4.564164e-02;1.320681e-01;1.157473e-01;8.916679e-02;9.960081e-02;1.439430e-01;2.311915e-02;1.160217e-01;1.311189e-02
1.327618e-01;3.276940e-02;5.021762e-02;3.829651e-02;1.521749e-01;4.753461e-02;1.052884e-01;2.140834e-01;8.594788e-02;2.171724e-02;1.055163e-01;1.369187e-02
1.239383e-01;2.198801e-02;7.566758e-02;4.200720e-02;1.455486e-01;3.161587e-02;9.669589e-02;2.742466e-01;4.709608e-02;3.397821e-02;8.781272e-02;1.940496e-02
1.068898e-01;1.896567e-02;7.802256e-02;7.394607e-02;1.162199e-01;4.365356e-02;1.281330e-01;2.761824e-01;3.948210e-02;4.018509e-02;5.703111e-02;2.128872e-02
1.113585e-01;2.065569e-02;7.609866e-02;1.181077e-01;1.087325e-01;3.765930e-02;1.272507e-01;2.576075e-01;3.245149e-02;5.315906e-02;3.988509e-02;1.703360e-02
1.171063e-01;2.484227e-02;1.115872e-01;1.382729e-01;1.048264e-01;3.736597e-02;1.249502e-01;1.949877e-01;3.290167e-02;6.000004e-02;2.782446e-02;2.533514e-02
1.137871e-01;5.664866e-02;1.683992e-01;1.186027e-01;8.515912e-02;4.772289e-02;1.019597e-01;1.350199e-01;5.317463e-02;6.065468e-02;3.234739e-02;2.652403e-02
9.582393e-02;7.779620e-02;1.707875e-01;8.313661e-02;8.736815e-02;6.355321e-02;1.130904e-01;1.319951e-01;5.971844e-02;5.410552e-02;4.176299e-02;2.086196e-02
8.243792e-02;7.903472e-02;1.176345e-01;6.726024e-02;8.340630e-02;5.952112e-02;1.715440e-01;1.463789e-01;6.507238e-02;5.327409e-02;4.570051e-02;2.873531e-02
1.139511e-01;5.721609e-02;1.575855e-01;6.110612e-02;4.543959e-02;6.008139e-02;1.358962e-01;1.191223e-01;9.967145e-02;6.347074e-02;5.242106e-02;3.403861e-02
1.150096e-01;7.700381e-02;1.745196e-01;5.571809e-02;7.760501e-02;8.694360e-02;1.182464e-01;8.032621e-02;9.152769e-02;4.725197e-02;5.283795e-02;2.301013e-02
1.310036e-01;7.676497e-02;1.567807e-01;5.665082e-02;9.002205e-02;8.626124e-02;1.561909e-01;5.729336e-02;7.268578e-02;3.583009e-02;4.838526e-02;3.213121e-02
1.289114e-01;5.908863e-02;1.454940e-01;8.150495e-02;8.011572e-02;6.481460e-02;2.342910e-01;4.190724e-02;4.650570e-02;5.164192e-02;3.479005e-02;3.093483e-02
8.594854e-02;8.027821e-02;1.279079e-01;8.348873e-02;5.298559e-02;4.120797e-02;3.214618e-01;4.795214e-02;2.676855e-02;7.638425e-02;2.079906e-02;3.481725e-02
9.587229e-02;1.429429e-01;5.528214e-02;6.319766e-02;4.009095e-02;3.635279e-02;3.587107e-01;4.542570e-02;1.677301e-02;8.186250e-02;1.750113e-02;4.598828e-02
9.381234e-02;1.380589e-01;8.482812e-02;6.149622e-02;3.912318e-02;3.146340e-02;3.523825e-01;3.214781e-02;2.000711e-02;8.398190e-02;2.048227e-02;4.221630e-02
8.089646e-02;1.019754e-01;5.592856e-02;7.506792e-02;4.979674e-02;3.550028e-02;3.925700e-01;4.004782e-02;1.603411e-02;9.158184e-02;2.536676e-02;3.523409e-02
9.072638e-02;9.153669e-02;7.942048e-02;6.814159e-02;4.273760e-02;3.345408e-02;3.977979e-01;3.848099e-02;1.645015e-02;8.639386e-02;2.176560e-02;3.309467e-02
9.978771e-02;6.128323e-02;1.141646e-01;5.259938e-02;4.562234e-02;2.464794e-02;3.824007e-01;4.801650e-02;2.447951e-02;7.487508e-02;2.559181e-02;4.653113e-02
1.314185e-01;4.388036e-02;9.361850e-02;5.636963e-02;4.176998e-02;2.089193e-02;3.801039e-01;6.751482e-02;2.696926e-02;5.859300e-02;2.025768e-02;5.861246e-02
1.254461e-01;3.626710e-02;8.303867e-02;5.939635e-02;2.757633e-02;2.608788e-02;3.996969e-01;7.325794e-02;2.898499e-02;4.985479e-02;2.110456e-02;6.928840e-02
1.093342e-01;2.621954e-02;1.017115e-01;8.089878e-02;2.427960e-02;2.977694e-02;3.979581e-01;6.169887e-02;2.020888e-02;4.049436e-02;2.111870e-02;8.630047e-02
9.539720e-02;3.757758e-02;6.704272e-02;1.099291e-01;2.785971e-02;3.210745e-02;4.185768e-01;4.758621e-02;1.329644e-02;3.546907e-02;2.360892e-02;9.154880e-02
8.308390e-02;5.174131e-02;4.884317e-02;1.103666e-01;2.430440e-02;4.127315e-02;4.353624e-01;4.404374e-02;2.469002e-02;2.886992e-02;2.250169e-02;8.491977e-02
7.495948e-02;5.237754e-02;7.491459e-02;1.058391e-01;3.671592e-02;4.191549e-02;4.138679e-01;4.685735e-02;2.884773e-02;2.267844e-02;2.215193e-02;7.887444e-02
5.735212e-02;3.889098e-02;6.976277e-02;1.173294e-01;5.164701e-02;5.224498e-02;4.038731e-01;4.247828e-02;2.859511e-02;2.987466e-02;2.633844e-02;8.161323e-02
4.126161e-02;2.859294e-02;8.223812e-02;9.245743e-02;5.834244e-02;5.648249e-02;3.715594e-01;4.782847e-02;3.968402e-02;6.029694e-02;4.453053e-02;7.672562e-02
6.625620e-02;4.266354e-02;1.046461e-01;3.078811e-02;3.569310e-02;6.133014e-02;3.647899e-01;5.396267e-02;6.451922e-02;7.116248e-02;5.841193e-02;4.577661e-02
6.782719e-02;4.389938e-02;8.544048e-02;4.658932e-02;3.544031e-02;6.570981e-02;4.201112e-01;2.769927e-02;6.225930e-02;5.286614e-02;5.567038e-02;3.648721e-02
5.203126e-02;4.417454e-02;8.306219e-02;5.088990e-02;3.502076e-02;5.525481e-02;4.451734e-01;4.435721e-02;4.446412e-02;3.938337e-02;6.195169e-02;4.423673e-02
3.845458e-02;3.751126e-02;1.027660e-01;4.230012e-02;3.400742e-02;5.693188e-02;4.267566e-01;4.693655e-02;5.838948e-02;4.384353e-02;5.962063e-02;5.248196e-02
4.807832e-02;4.264247e-02;1.008715e-01;3.034003e-02;5.390441e-02;7.143030e-02;3.637990e-01;6.942209e-02;6.976326e-02;4.380830e-02;5.256043e-02;5.337990e-02
4.063526e-02;3.516946e-02;1.302312e-01;3.092324e-02;7.874764e-02;8.326589e-02;2.627641e-01;9.800719e-02;5.656406e-02;7.656625e-02;4.889119e-02;5.823448e-02
8.265524e-02;6.209157e-02;1.611361e-01;3.541150e-02;7.918639e-02;7.076138e-02;1.412794e-01;1.031200e-01;8.007658e-02;7.802395e-02;5.800390e-02;4.825404e-02
1.092102e-01;8.762698e-02;1.261142e-01;4.545752e-02;6.356799e-02;6.319142e-02;1.455080e-01;1.086122e-01;7.947461e-02;8.081651e-02;4.587571e-02;4.454467e-02
1.042468e-01;7.965525e-02;1.326172e-01;3.442360e-02;5.750059e-02;7.755652e-02;1.278207e-01;1.252700e-01;7.323751e-02;7.962351e-02;3.134016e-02;7.670821e-02
6.349324e-02;6.545391e-02;8.358912e-02;3.235141e-02;5.424759e-02;7.011642e-02;1.406102e-01;1.370101e-01;1.656759e-01;7.473005e-02;2.422916e-02;8.849283e-02
4.981508e-02;7.466942e-02;6.278384e-02;3.804635e-02;6.309949e-02;7.491234e-02;1.939337e-01;1.349484e-01;1.429133e-01;4.885090e-02;2.593964e-02;9.008751e-02
8.463806e-02;7.081854e-02;7.321190e-02;5.812259e-02;7.050106e-02;6.472375e-02;2.148996e-01;9.939783e-02;9.147474e-02;4.995935e-02;5.756164e-02;6.469094e-02
7.646579e-02;6.251398e-02;1.212037e-01;4.896715e-02;7.201934e-02;3.903290e-02;2.484786e-01;6.835925e-02;7.409293e-02;6.894886e-02;8.354720e-02;3.637033e-02
9.038219e-02;3.989244e-02;1.618735e-01;4.920188e-02;6.985264e-02;3.595021e-02;2.578676e-01;6.174079e-02;6.181857e-02;7.976771e-02;6.082024e-02;3.083214e-02
8.272886e-02;3.169809e-02;1.420635e-01;8.285358e-02;7.379484e-02;4.788830e-02;2.917805e-01;8.702017e-02;4.209850e-02;4.824118e-02;3.251278e-02;3.731971e-02
6.108526e-02;5.338625e-02;1.203593e-01;9.883391e-02;7.437032e-02;5.529441e-02;2.864313e-01;8.627384e-02;3.627996e-02;4.284820e-02;2.492801e-02;5.990918e-02
5.167334e-02;7.837506e-02;8.773286e-02;9.149890e-02;5.620215e-02;5.027274e-02;3.234361e-01;7.381324e-02;3.201367e-02;5.113894e-02;1.803162e-02;8.581144e-02
5.240388e-02;8.002605e-02;6.883983e-02;7.682455e-02;4.971397e-02;5.809998e-02;3.508627e-01;6.132856e-02;2.991376e-02;4.314638e-02;3.203479e-02;9.680548e-02
5.053880e-02;6.132168e-02;7.292829e-02;6.336062e-02;5.899279e-02;8.315329e-02;3.795503e-01;4.884217e-02;3.342782e-02;2.982337e-02;4.167967e-02;7.638115e-02
4.380819e-02;3.665449e-02;7.317452e-02;5.008479e-02;9.191514e-02;1.116802e-01;3.996078e-01;4.083708e-02;4.943674e-02;2.959373e-02;3.896398e-02;3.424330e-02
