1.128197e-01;4.481395e-02;9.387276e-02;2.576773e-02;5.803040e-02;6.542751e-02;1.216058e-01;9.793971e-02;7.099669e-02;7.124002e-02;9.397715e-02;1.435086e-01
1.298650e-01;5.811014e-02;8.620621e-02;2.262766e-02;6.825869e-02;7.507437e-02;1.108115e-01;6.533575e-02;9.197808e-02;7.961891e-02;7.876487e-02;1.333489e-01
1.159380e-01;7.063056e-02;6.564692e-02;6.083966e-02;1.075601e-01;5.367892e-02;6.938435e-02;7.492144e-02;1.147136e-01;8.524729e-02;8.652090e-02;9.491830e-02
8.446865e-02;8.196498e-02;7.312929e-02;6.115944e-02;8.988436e-02;5.612822e-02;8.735719e-02;1.228306e-01;9.660517e-02;7.927753e-02;1.038326e-01;6.336205e-02
5.662759e-02;8.564174e-02;7.735518e-02;4.499953e-02;5.900130e-02;8.755839e-02;1.584258e-01;1.602992e-01;8.511647e-02;7.472569e-02;7.098164e-02;3.926740e-02
6.696228e-02;8.992658e-02;1.323785e-01;5.491631e-02;3.696948e-02;9.590822e-02;1.225149e-01;1.418996e-01;9.694094e-02;7.119567e-02;5.422440e-02;3.616314e-02
1.040044e-01;3.398561e-02;6.717210e-02;4.113878e-02;6.665780e-02;5.743616e-02;5.268292e-02;1.034796e-01;1.498858e-01;1.337513e-01;1.026076e-01;8.719789e-02
1.053076e-01;3.528329e-02;4.718495e-02;4.009312e-02;6.337535e-02;4.547685e-02;4.801378e-02;9.568181e-02;1.688404e-01;1.533167e-01;9.958471e-02;9.784152e-02
1.098448e-01;5.478328e-02;4.597463e-02;3.927128e-02;6.020370e-02;4.750828e-02;3.785551e-02;9.882107e-02;1.699421e-01;1.496950e-01;8.529458e-02;1.008058e-01
1.007176e-01;8.124143e-02;4.966009e-02;3.971095e-02;5.532619e-02;5.589375e-02;7.381234e-02;1.131098e-01;1.477847e-01;1.187142e-01;6.426869e-02;9.976033e-02
6.823785e-02;9.334261e-02;5.434541e-02;4.070561e-02;7.444785e-02;8.111145e-02;1.917813e-01;1.260565e-01;9.641869e-02;5.581847e-02;7.202505e-02;4.570918e-02
6.124862e-02;8.622563e-02;1.786235e-01;3.687424e-02;9.328531e-02;7.139905e-02;1.273353e-01;9.600663e-02;4.738036e-02;4.828978e-02;7.234219e-02;8.098944e-02
6.518016e-02;9.535374e-02;3.588807e-01;6.020499e-02;6.786538e-02;3.849363e-02;4.561974e-02;5.491548e-02;3.952851e-02;5.617283e-02;5.537701e-02;6.240777e-02
7.188435e-02;1.129999e-01;4.145875e-01;5.727635e-02;4.221973e-02;3.096184e-02;1.575031e-02;3.757203e-02;1.010584e-01;5.197055e-02;3.481662e-02;2.890252e-02
6.673472e-02;1.440126e-01;3.590741e-01;4.272877e-02;2.251048e-02;2.752185e-02;2.690377e-02;2.784458e-02;1.823130e-01;5.118171e-02;2.879656e-02;2.037792e-02
8.900351e-02;1.619893e-01;2.602319e-01;2.943439e-02;1.965280e-02;1.838210e-02;3.163108e-02;4.729528e-02;2.403371e-01;3.689508e-02;4.528373e-02;1.986363e-02
1.754775e-01;1.375155e-01;2.080902e-01;1.744191e-02;2.426469e-02;9.077012e-03;3.437971e-02;9.774177e-02;1.876513e-01;2.856632e-02;4.077621e-02;3.901783e-02
2.609332e-01;1.104238e-01;1.722681e-01;1.141268e-02;2.654368e-02;1.383686e-02;4.441082e-02;1.465618e-01;9.932984e-02;2.176971e-02;2.861633e-02;6.389330e-02
2.872998e-01;6.363042e-02;1.130257e-01;1.392308e-02;2.665680e-02;3.532881e-02;1.295174e-01;1.510549e-01;4.264500e-02;1.947142e-02;3.486491e-02;8.258180e-02
2.695633e-01;4.326378e-02;7.103594e-02;1.782338e-02;2.570027e-02;5.438592e-02;2.064229e-01;1.016667e-01;2.713847e-02;2.656657e-02;6.552084e-02;9.091197e-02
2.051443e-01;5.417513e-02;1.108945e-01;2.474857e-02;2.867175e-02;5.263285e-02;2.119832e-01;4.629924e-02;4.180990e-02;4.754731e-02;8.980732e-02;8.628587e-02
9.184490e-02;5.632797e-02;1.455392e-01;3.400924e-02;3.817229e-02;7.557871e-02;2.320077e-01;2.290408e-02;6.001402e-02;6.414448e-02;1.053177e-01;7.413965e-02
8.214307e-02;3.807404e-02;1.597376e-01;4.745919e-02;5.196489e-02;7.621176e-02;1.959543e-01;4.334888e-02;6.102888e-02;7.885732e-02;8.836849e-02;7.685155e-02
8.301356e-02;6.573889e-02;1.578792e-01;3.635541e-02;6.539491e-02;6.326210e-02;1.018030e-01;7.520440e-02;7.757480e-02;1.004468e-01;1.081627e-01;6.516431e-02
8.370484e-02;6.394502e-02;1.181674e-01;2.524112e-02;7.494781e-02;5.605592e-02;1.111688e-01;7.063708e-02;8.678950e-02;1.154217e-01;1.218410e-01;7.207982e-02
1.799789e-01;8.041078e-02;1.494659e-01;2.222956e-02;5.607813e-02;4.190193e-02;1.030758e-01;4.498897e-02;8.433535e-02;8.106509e-02;9.553576e-02;6.093380e-02
2.658741e-01;8.648853e-02;2.254193e-01;2.005144e-02;2.977168e-02;2.694093e-02;8.439964e-02;1.638026e-02;7.325254e-02;5.197166e-02;5.318442e-02;6.626546e-02
3.181283e-01;9.265257e-02;1.833419e-01;1.617747e-02;2.810913e-02;1.272060e-02;7.920185e-02;5.796295e-02;4.014232e-02;3.804991e-02;4.501847e-02;8.849458e-02
3.446812e-01;8.376177e-02;6.991925e-02;1.577982e-02;3.195846e-02;2.615564e-02;9.550963e-02;1.344534e-01;4.312453e-02;2.138078e-02;4.536863e-02;8.790684e-02
3.207371e-01;8.509134e-02;7.904409e-02;1.289048e-02;2.740188e-02;2.624438e-02;5.623257e-02;1.988480e-01;6.419461e-02;2.301266e-02;4.165211e-02;6.465083e-02
2.561995e-01;7.250994e-02;8.272172e-02;9.319900e-03;2.087659e-02;2.407331e-02;1.386665e-01;2.244879e-01;3.852360e-02;2.966019e-02;3.742230e-02;6.553853e-02
1.889147e-01;4.600827e-02;5.455537e-02;2.432946e-02;1.675003e-02;3.489505e-02;2.426359e-01;2.221985e-01;2.325507e-02;3.471055e-02;4.478069e-02;6.696634e-02
1.255077e-01;4.811994e-02;6.925377e-02;3.501143e-02;2.466565e-02;6.792793e-02;2.465804e-01;1.668119e-01;5.694035e-02;4.940376e-02;6.008116e-02;4.969600e-02
1.034652e-01;5.170376e-02;5.885848e-02;5.181051e-02;3.945510e-02;1.038622e-01;1.758303e-01;1.140391e-01;9.106589e-02;9.598385e-02;8.582766e-02;2.809796e-02
5.981321e-02;6.376936e-02;8.343196e-02;6.317565e-02;3.598445e-02;1.026865e-01;1.255890e-01;1.223187e-01;6.872348e-02;1.105100e-01;1.217175e-01;4.228020e-02
4.074451e-02;7.923701e-02;8.384318e-02;8.460996e-02;6.262624e-02;9.241875e-02;8.161115e-02;1.546972e-01;5.989044e-02;9.513383e-02;1.190351e-01;4.615262e-02
3.769964e-02;6.880644e-02;8.262386e-02;9.035295e-02;6.688546e-02;1.012473e-01;8.741189e-02;1.295726e-01;9.565727e-02;9.798413e-02;9.547454e-02;4.628394e-02
8.396035e-02;5.963687e-02;8.798186e-02;7.307425e-02;6.500520e-02;9.608663e-02;8.962769e-02;6.992395e-02;1.255726e-01;9.820051e-02;7.803611e-02;7.289395e-02
1.215256e-01;9.427936e-02;1.167660e-01;5.218047e-02;7.066008e-02;6.322969e-02;9.155861e-02;6.134488e-02;1.028395e-01;1.000355e-01;4.636373e-02;7.921647e-02
1.304972e-01;8.489528e-02;1.122923e-01;5.332661e-02;8.093827e-02;5.428404e-02;1.256357e-01;7.234113e-02;7.941636e-02;8.374067e-02;6.342813e-02;5.920431e-02
1.209538e-01;6.716841e-02;7.398304e-02;6.525353e-02;6.584263e-02;6.253607e-02;1.353564e-01;9.853402e-02;1.119348e-01;8.621031e-02;5.098262e-02;6.124434e-02
9.308899e-02;8.418873e-02;7.947768e-02;6.593243e-02;6.765316e-02;8.513340e-02;1.436949e-01;1.057706e-01;9.664108e-02;8.122402e-02;5.481069e-02;4.238427e-02
9.857536e-02;1.102592e-01;9.190001e-02;7.765540e-02;9.215323e-02;8.671720e-02;1.054602e-01;8.487569e-02;9.069306e-02;7.303984e-02;6.351417e-02;2.515671e-02
1.086619e-01;7.037775e-02;7.945729e-02;1.024121e-01;8.155967e-02;8.446560e-02;1.031015e-01;6.333409e-02;9.099496e-02;1.048257e-01;6.484210e-02;4.596724e-02
9.458667e-02;4.160245e-02;6.571089e-02;9.070498e-02;7.668910e-02;8.638328e-02;1.260423e-01;8.870080e-02;9.681595e-02;1.110192e-01;7.340607e-02;4.833826e-02
6.964397e-02;2.558039e-02;8.423250e-02;6.297455e-02;9.268166e-02;1.219145e-01;1.389138e-01;9.012976e-02;1.092687e-01;9.409714e-02;7.074012e-02;3.982287e-02
7.785425e-02;6.235572e-02;9.884421e-02;4.999020e-02;8.151237e-02;9.761228e-02;1.201133e-01;7.191440e-02;1.275778e-01;8.583868e-02;6.343202e-02;6.295475e-02
8.239906e-02;7.982364e-02;1.197917e-01;8.082666e-02;7.567082e-02;4.032698e-02;1.182996e-01;6.071806e-02;9.140537e-02;7.498011e-02;8.756465e-02;8.819328e-02
7.370389e-02;7.277101e-02;1.370914e-01;8.112057e-02;5.621626e-02;6.409176e-02;9.560661e-02;7.698824e-02;7.943062e-02;8.149631e-02;9.098482e-02;9.049847e-02
8.971068e-02;4.724675e-02;1.479233e-01;6.019659e-02;3.557476e-02;6.238084e-02;8.243188e-02;8.147357e-02;5.677864e-02;1.381303e-01;1.142105e-01;8.394217e-02
8.060586e-02;4.338653e-02;1.022842e-01;6.690909e-02;4.167219e-02;4.333052e-02;1.358044e-01;6.607247e-02;8.288830e-02;1.728978e-01;1.152865e-01;4.886215e-02
4.759433e-02;8.673036e-02;9.926303e-02;7.679591e-02;4.772337e-02;5.420371e-02;1.448340e-01;6.802075e-02;1.005291e-01;1.257617e-01;9.429992e-02;5.424393e-02
5.370334e-02;1.217267e-01;1.623715e-01;5.530838e-02;1.004689e-01;5.868370e-02;1.613411e-01;5.825582e-02;7.115116e-02;6.203316e-02;4.365106e-02;5.130518e-02
6.733470e-02;9.019493e-02;2.427486e-01;5.823884e-02;8.851378e-02;8.306959e-02;1.720000e-01;6.288400e-02;5.696832e-02;2.483528e-02;2.060799e-02;3.260398e-02
7.145792e-02;8.967430e-02;2.231719e-01;7.877674e-02;7.060057e-02;8.380441e-02;1.467702e-01;6.006696e-02;8.964139e-02;2.110833e-02;3.655754e-02;2.836977e-02
7.917389e-02;9.734168e-02;2.321979e-01;1.020492e-01;5.817787e-02;7.167625e-02;8.976403e-02;3.847484e-02;1.216289e-01;1.677932e-02;5.870010e-02;3.403599e-02
6.735787e-02;8.226870e-02;2.625566e-01;1.130963e-01;4.820540e-02;2.834467e-02;8.875754e-02;6.074637e-02;9.557503e-02;4.530046e-02;7.767645e-02;3.011459e-02
5.396055e-02;6.637508e-02;2.991507e-01;7.487492e-02;4.908337e-02;5.509324e-02;1.188154e-01;7.104500e-02;4.506933e-02;7.671314e-02;7.715809e-02;1.266114e-02
5.887055e-02;6.260543e-02;3.108578e-01;4.717297e-02;3.232672e-02;7.398802e-02;7.544419e-02;8.524102e-02;8.375333e-02;7.562359e-02;6.971477e-02;2.440161e-02
6.023266e-02;3.804136e-02;2.913546e-01;7.128050e-02;2.633905e-02;6.536236e-02;5.828424e-02;1.217023e-01;9.099187e-02;6.972799e-02;7.426914e-02;3.241390e-02
7.325450e-02;2.389150e-02;3.348181e-01;5.838528e-02;3.007460e-02;4.111573e-02;1.373078e-01;9.172131e-02;5.456328e-02;9.086152e-02;4.622713e-02;1.777918e-02
7.460169e-02;2.093028e-02;3.450926e-01;5.250515e-02;3.043719e-02;1.515520e-02;1.685393e-01;8.085182e-02;4.938583e-02;8.948717e-02;5.055097e-02;2.246284e-02
6.669153e-02;2.342204e-02;3.364317e-01;4.203248e-02;4.116199e-02;3.179881e-02;1.632323e-01;8.186796e-02;4.837499e-02;1.012200e-01;3.850292e-02;2.526317e-02
5.639783e-02;5.106527e-02;3.246767e-01;3.861773e-02;3.730393e-02;5.599756e-02;1.280515e-01;6.669135e-02;6.766092e-02;1.068058e-01;3.635710e-02;3.037431e-02
4.204345e-02;7.503135e-02;2.511941e-01;4.184580e-02;4.054980e-02;8.683427e-02;8.569571e-02;6.118638e-02;1.319937e-01;8.517409e-02;5.720979e-02;4.124159e-02
5.406921e-02;9.168875e-02;2.024526e-01;3.922559e-02;5.264793e-02;1.082041e-01;7.251800e-02;3.817328e-02;1.616611e-01;7.487814e-02;6.073117e-02;4.375005e-02
1.282745e-01;7.505223e-02;1.703686e-01;3.792654e-02;5.234338e-02;7.211332e-02;1.223125e-01;1.238625e-01;7.525271e-02;7.015163e-02;4.051694e-02;3.182513e-02
2.029383e-01;7.796226e-02;9.813375e-02;2.926287e-02;6.537268e-02;3.792434e-02;6.749927e-02;2.442290e-01;6.792024e-02;4.415528e-02;3.505517e-02;2.954688e-02
2.264306e-01;6.606872e-02;1.085365e-01;1.890050e-02;7.638425e-02;1.893386e-02;5.964670e-02;2.884583e-01;5.568236e-02;2.273264e-02;3.591720e-02;2.230840e-02
2.470840e-01;9.067773e-02;1.178430e-01;9.608327e-03;7.671158e-02;1.785765e-02;7.589696e-02;2.658571e-01;2.458339e-02;1.482973e-02;3.481596e-02;2.423462e-02
2.861663e-01;9.416410e-02;1.218617e-01;2.105879e-02;6.607075e-02;2.040033e-02;5.266517e-02;2.130239e-01;3.960724e-02;1.884211e-02;3.111927e-02;3.502030e-02
3.523104e-01;7.068330e-02;1.173525e-01;2.597598e-02;5.735698e-02;2.165108e-02;4.753241e-02;1.583782e-01;3.881813e-02;2.979348e-02;3.344379e-02;4.670382e-02
4.413434e-01;7.089972e-02;8.847466e-02;1.658868e-02;4.807102e-02;2.163384e-02;4.520897e-02;9.038860e-02;2.014050e-02;3.912119e-02;3.547141e-02;8.265802e-02
3.917960e-01;9.940385e-02;1.365718e-01;1.932985e-02;2.796677e-02;2.485787e-02;5.854069e-02;4.638274e-02;3.794908e-02;4.449556e-02;3.258251e-02;8.012336e-02
3.475938e-01;9.582386e-02;1.371641e-01;2.687890e-02;2.180993e-02;2.530635e-02;7.349217e-02;6.366133e-02;3.910130e-02;4.759904e-02;4.638273e-02;7.518648e-02
2.611826e-01;9.618471e-02;1.244575e-01;2.405610e-02;2.115080e-02;4.305779e-02;6.876948e-02;9.022407e-02;5.304078e-02;7.762950e-02;6.730404e-02;7.294268e-02
1.086613e-01;9.062008e-02;2.009052e-01;2.542360e-02;3.751642e-02;6.465963e-02;8.282589e-02;1.041284e-01;5.746426e-02;9.820714e-02;7.132034e-02;5.826778e-02
4.829365e-02;5.154051e-02;2.381157e-01;3.673822e-02;5.429098e-02;7.822178e-02;1.011911e-01;9.501080e-02;7.428562e-02;9.240448e-02;7.414859e-02;5.575859e-02
4.409097e-02;4.137652e-02;2.225188e-01;5.472685e-02;4.942394e-02;1.070263e-01;1.495080e-01;3.147798e-02;8.679789e-02;8.483743e-02;7.898155e-02;4.923382e-02
5.263028e-02;4.671631e-02;1.487172e-01;4.736069e-02;5.304654e-02;1.133475e-01;1.586572e-01;9.172431e-02;5.323256e-02;1.207664e-01;7.757743e-02;3.622360e-02
6.042632e-02;6.098857e-02;1.818501e-01;5.123116e-02;4.414346e-02;8.890832e-02;1.567352e-01;1.089607e-01;5.604114e-02;9.337096e-02;6.584969e-02;3.149443e-02
6.245305e-02;4.905717e-02;1.854557e-01;6.917100e-02;6.119561e-02;7.722111e-02;1.804093e-01;9.747398e-02;9.231043e-02;6.076690e-02;3.418300e-02;3.030272e-02
6.399025e-02;5.024539e-02;1.655958e-01;5.350181e-02;8.529635e-02;7.660298e-02;1.463847e-01;7.178818e-02;1.006736e-01;9.885123e-02;4.869927e-02;3.837034e-02
6.047466e-02;6.358543e-02;1.276833e-01;6.302635e-02;9.700274e-02;7.856105e-02;1.678553e-01;5.712950e-02;8.243003e-02;1.127944e-01;5.207209e-02;3.738524e-02
7.363137e-02;6.408309e-02;1.017047e-01;8.462825e-02;8.196446e-02;6.946734e-02;1.915689e-01;5.453828e-02;7.879919e-02;1.197490e-01;3.514420e-02;4.472119e-02
6.694312e-02;7.293954e-02;7.745302e-02;9.807692e-02;7.241280e-02;8.153234e-02;1.393453e-01;5.280011e-02;6.700882e-02;2.090623e-01;3.592365e-02;2.650214e-02
6.902605e-02;7.261106e-02;7.287626e-02;6.496979e-02;4.173779e-02;6.315869e-02;1.132839e-01;6.491005e-02;1.071061e-01;2.743141e-01;2.782023e-02;2.818597e-02
5.293825e-02;6.483052e-02;5.376694e-02;5.298078e-02;6.300518e-02;5.886498e-02;1.217903e-01;9.833711e-02;9.728277e-02;2.608490e-01;3.098431e-02;4.436985e-02
3.608895e-02;5.564414e-02;8.450779e-02;6.823740e-02;6.632413e-02;8.419804e-02;1.487306e-01;9.656703e-02;7.161125e-02;1.805606e-01;5.473877e-02;5.279135e-02
5.371233e-02;5.515293e-02;1.010942e-01;6.555443e-02;7.188972e-02;8.080967e-02;1.254719e-01;1.164715e-01;1.144949e-01;1.149266e-01;5.238635e-02;4.803549e-02
6.392810e-02;5.257558e-02;8.955280e-02;6.520974e-02;7.112273e-02;7.223908e-02;1.349399e-01;1.110465e-01;1.155662e-01;1.353911e-01;5.732135e-02;3.110684e-02
8.895503e-02;7.747970e-02;1.074699e-01;5.238424e-02;5.557970e-02;7.329362e-02;1.474408e-01;6.605753e-02;8.180054e-02;1.519699e-01;8.068100e-02;1.688811e-02
6.655058e-02;1.237113e-01;2.073312e-01;6.131390e-02;5.336931e-02;6.736112e-02;1.288536e-01;4.217937e-02;6.003907e-02;8.392807e-02;6.984804e-02;3.551442e-02
1.264917e-01;1.286272e-01;3.716195e-01;4.826580e-02;4.824028e-02;3.937398e-02;8.658735e-02;2.995793e-02;2.754557e-02;3.466810e-02;3.318497e-02;2.543775e-02
1.725417e-01;1.276174e-01;3.887056e-01;3.908832e-02;4.693052e-02;2.862910e-02;6.835628e-02;1.958220e-02;1.752671e-02;3.024699e-02;2.943018e-02;3.134508e-02
2.081697e-01;1.236270e-01;3.273148e-01;3.528718e-02;4.593416e-02;2.981221e-02;6.799348e-02;1.386093e-02;2.098144e-02;4.090942e-02;4.563709e-02;4.047268e-02
2.227712e-01;1.016746e-01;2.346992e-01;3.323488e-02;4.510896e-02;4.294824e-02;5.921705e-02;2.022311e-02;3.825875e-02;7.049425e-02;7.440843e-02;5.696132e-02
1.658411e-01;4.833265e-02;1.791168e-01;4.225390e-02;6.115361e-02;5.674285e-02;1.069757e-01;4.924229e-02;8.122484e-02;8.591474e-02;6.942121e-02;5.378036e-02
1.275616e-01;8.628423e-02;1.560583e-01;4.819896e-02;7.998231e-02;5.848063e-02;1.070071e-01;6.929947e-02;7.438976e-02;6.969936e-02;7.050602e-02;5.253226e-02
1.361520e-01;9.231134e-02;8.200971e-02;5.659625e-02;8.297745e-02;4.141048e-02;1.167273e-01;7.318954e-02;9.439398e-02;1.048561e-01;6.746960e-02;5.190630e-02
8.439551e-02;6.131220e-02;1.253486e-01;3.471088e-02;8.856086e-02;7.744757e-02;9.763201e-02;8.943716e-02;1.043544e-01;1.280191e-01;6.415624e-02;4.462548e-02
7.727753e-02;6.101139e-02;1.058719e-01;7.627261e-02;6.127160e-02;7.248367e-02;1.269242e-01;1.146109e-01;1.285414e-01;8.537096e-02;3.650231e-02;5.386160e-02
8.525767e-02;6.167420e-02;9.396704e-02;7.099976e-02;5.896552e-02;7.187842e-02;1.342721e-01;1.019132e-01;1.234557e-01;1.099802e-01;2.799062e-02;5.964555e-02
9.495850e-02;8.353812e-02;1.012424e-01;5.532834e-02;5.676261e-02;4.920323e-02;1.128267e-01;7.933307e-02;1.005645e-01;1.631419e-01;3.754336e-02;6.555729e-02
9.269985e-02;1.028592e-01;1.365096e-01;4.591454e-02;4.152206e-02;4.719906e-02;1.018724e-01;6.750558e-02;7.149623e-02;1.835029e-01;5.333585e-02;5.558274e-02
7.458827e-02;9.902818e-02;1.698636e-01;6.721304e-02;3.989080e-02;5.012179e-02;1.174643e-01;5.911336e-02;5.398981e-02;1.670194e-01;5.696488e-02;4.474252e-02
6.420186e-02;6.347784e-02;1.926160e-01;8.299851e-02;3.126485e-02;5.950537e-02;1.332293e-01;4.831983e-02;9.951623e-02;1.343727e-01;5.826435e-02;3.223319e-02
6.859608e-02;7.181484e-02;1.665214e-01;8.830264e-02;7.689701e-02;7.523733e-02;1.125243e-01;5.334240e-02;1.250107e-01;7.745169e-02;4.195043e-02;4.235112e-02
9.022003e-02;1.050818e-01;2.651628e-01;5.838007e-02;7.997943e-02;6.683209e-02;9.997350e-02;4.073485e-02;8.047676e-02;4.812155e-02;3.344525e-02;3.159183e-02
1.051957e-01;8.852115e-02;3.198249e-01;5.124405e-02;6.344518e-02;4.358765e-02;9.799401e-02;5.209400e-02;5.463688e-02;5.066373e-02;4.067347e-02;3.211926e-02
1.063361e-01;7.076033e-02;2.506071e-01;5.912825e-02;5.579462e-02;4.496183e-02;1.441140e-01;7.488440e-02;4.428802e-02;5.846979e-02;5.035978e-02;4.029568e-02
9.927385e-02;6.009633e-02;1.712372e-01;5.960813e-02;5.818854e-02;6.053107e-02;1.781480e-01;8.569724e-02;6.449375e-02;5.615478e-02;5.009599e-02;5.647510e-02
8.233836e-02;7.437348e-02;2.553318e-01;4.021145e-02;6.364517e-02;7.437333e-02;1.331827e-01;7.509115e-02;7.575530e-02;3.498918e-02;4.770063e-02;4.300746e-02
2.547658e-02;7.470956e-02;2.320850e-01;5.257281e-02;6.921227e-02;1.011644e-01;1.574859e-01;5.563834e-02;8.124337e-02;4.310215e-02;6.144463e-02;4.586499e-02
8.830127e-02;6.958108e-02;2.126873e-01;5.321463e-02;5.219565e-02;9.958933e-02;1.400555e-01;5.595172e-02;5.605754e-02;4.724969e-02;7.147338e-02;5.364283e-02
8.907917e-02;7.042618e-02;1.921192e-01;4.915726e-02;4.061290e-02;6.761517e-02;1.381461e-01;4.505452e-02;4.109784e-02;8.609071e-02;1.200743e-01;6.052672e-02
7.165399e-02;1.011669e-01;1.660791e-01;4.373116e-02;4.720557e-02;4.745105e-02;1.183301e-01;4.675874e-02;5.748465e-02;1.054184e-01;1.248062e-01;6.991412e-02
8.456597e-02;1.036904e-01;1.945207e-01;4.464896e-02;6.276757e-02;4.486957e-02;9.092873e-02;5.232624e-02;4.465353e-02;1.107968e-01;1.116683e-01;5.456326e-02
5.938193e-02;7.644422e-02;1.524971e-01;3.610133e-02;6.745824e-02;3.675161e-02;6.611786e-02;6.212924e-02;7.061360e-02;1.403139e-01;1.446774e-01;8.751342e-02
4.814750e-02;6.579762e-02;1.195225e-01;3.259241e-02;4.959742e-02;3.154557e-02;1.162868e-01;5.434380e-02;8.450462e-02;1.627337e-01;1.352927e-01;9.963538e-02
7.932095e-02;7.138576e-02;1.336560e-01;3.251632e-02;4.003516e-02;4.585448e-02;1.624116e-01;4.364766e-02;7.444219e-02;1.375543e-01;8.165268e-02;9.752289e-02
1.166815e-01;6.666703e-02;1.287648e-01;3.384581e-02;6.158174e-02;4.065961e-02;1.609387e-01;8.757979e-02;8.846568e-02;7.881158e-02;7.219994e-02;6.380384e-02
1.410827e-01;6.042253e-02;7.654323e-02;3.565702e-02;6.338031e-02;7.354991e-02;1.154359e-01;9.939272e-02;1.171020e-01;7.427784e-02;1.000551e-01;4.310076e-02
1.236948e-01;7.875069e-02;8.641659e-02;4.219039e-02;5.264245e-02;8.729709e-02;8.766513e-02;8.149978e-02;9.773032e-02;1.171798e-01;7.043310e-02;7.449990e-02
6.073989e-02;9.710242e-02;1.223248e-01;5.672112e-02;4.503435e-02;8.992154e-02;8.393420e-02;4.159869e-02;1.187298e-01;1.392020e-01;7.574822e-02;6.894286e-02
4.765997e-02;8.293286e-02;1.100067e-01;8.234724e-02;6.657983e-02;3.968295e-02;1.075906e-01;6.388564e-02;1.057026e-01;1.132026e-01;1.112831e-01;6.912595e-02
6.122560e-02;3.522970e-02;1.385939e-01;1.225965e-01;5.588586e-02;5.468892e-02;8.855738e-02;8.923289e-02;3.955407e-02;1.291286e-01;9.943610e-02;8.587042e-02
1.036707e-01;7.101852e-02;1.422466e-01;1.174860e-01;3.244241e-02;6.316260e-02;5.420862e-02;1.070226e-01;7.881640e-02;1.033561e-01;5.038102e-02;7.618845e-02
1.280002e-01;9.661183e-02;1.362702e-01;9.911065e-02;2.429733e-02;7.579155e-02;4.725070e-02;1.252409e-01;1.179379e-01;6.992958e-02;2.860322e-02;5.095600e-02
1.173952e-01;8.711278e-02;1.222480e-01;7.049566e-02;4.678664e-02;8.790517e-02;1.290708e-01;1.226017e-01;1.074486e-01;3.629088e-02;4.624784e-02;2.639677e-02
1.080939e-01;6.942357e-02;1.067740e-01;5.220985e-02;7.945886e-02;9.203523e-02;1.824903e-01;1.013401e-01;8.508381e-02;3.416926e-02;6.620876e-02;2.271250e-02
7.638159e-02;6.510773e-02;1.723963e-01;5.633463e-02;1.005060e-01;6.990422e-02;7.774738e-02;8.498079e-02;1.212260e-01;6.871337e-02;7.928804e-02;2.741404e-02
4.843920e-02;5.726240e-02;3.125800e-01;5.517581e-02;8.332881e-02;5.813517e-02;1.107815e-01;6.137406e-02;8.888122e-02;4.713350e-02;5.164797e-02;2.526027e-02
7.825420e-02;7.849663e-02;3.839216e-01;6.197278e-02;6.787774e-02;5.124814e-02;1.118089e-01;5.001511e-02;1.937408e-02;5.660632e-02;2.639674e-02;1.402776e-02
1.093483e-01;7.756957e-02;3.169128e-01;4.718758e-02;5.385433e-02;3.944768e-02;1.213965e-01;7.302952e-02;5.114543e-02;5.322664e-02;3.037748e-02;2.650422e-02
1.732934e-01;5.773070e-02;2.061624e-01;2.998977e-02;5.309542e-02;3.027564e-02;1.469820e-01;1.199519e-01;5.841012e-02;4.850668e-02;3.364625e-02;4.195572e-02
2.585266e-01;1.757726e-02;1.059931e-01;2.668624e-02;5.804265e-02;2.769257e-02;1.618279e-01;1.707527e-01;4.977595e-02;3.291032e-02;3.332983e-02;5.688487e-02
2.839411e-01;4.537570e-02;1.090263e-01;2.954708e-02;4.126686e-02;2.371330e-02;1.301150e-01;1.291140e-01;3.719046e-02;2.729855e-02;5.641852e-02;8.699314e-02
2.728404e-01;5.810403e-02;1.475234e-01;3.325732e-02;3.731910e-02;2.441445e-02;1.286083e-01;8.435742e-02;2.799010e-02;2.964461e-02;5.947470e-02;9.646614e-02
2.609584e-01;6.344981e-02;6.281382e-02;4.145402e-02;3.625117e-02;3.440107e-02;1.059089e-01;9.340214e-02;2.349102e-02;6.079407e-02;1.074609e-01;1.096147e-01
1.171304e-01;6.061368e-02;2.753243e-01;3.566553e-02;2.811116e-02;1.906031e-02;1.164113e-01;6.956570e-02;2.776974e-02;7.547542e-02;1.079374e-01;6.693509e-02
6.110938e-02;4.575252e-02;3.747067e-01;2.907168e-02;3.862113e-02;3.699258e-02;1.154153e-01;6.222137e-02;5.319295e-02;5.050382e-02;8.251845e-02;4.989408e-02
1.154336e-01;5.083961e-02;2.916105e-01;2.721541e-02;3.992911e-02;5.094933e-02;1.180653e-01;5.330814e-02;6.480865e-02;5.158372e-02;8.452898e-02;5.172767e-02
1.212686e-01;6.227181e-02;2.351970e-01;2.840078e-02;3.464371e-02;5.521650e-02;1.024966e-01;3.947962e-02;6.229435e-02;9.700239e-02;1.115365e-01;5.019211e-02
1.003678e-01;6.089301e-02;1.398403e-01;2.612165e-02;4.542102e-02;6.407283e-02;7.712953e-02;7.816181e-02;6.698910e-02;1.486260e-01;1.453967e-01;4.698028e-02
8.816602e-02;4.837607e-02;9.629529e-02;4.416124e-02;4.674629e-02;5.172510e-02;1.175002e-01;9.755848e-02;1.055721e-01;1.308912e-01;1.270516e-01;4.595638e-02
9.280785e-02;7.492235e-02;9.625404e-02;4.677410e-02;4.053563e-02;4.944400e-02;1.425523e-01;8.031923e-02;1.212242e-01;1.225637e-01;8.768575e-02;4.491694e-02
8.892246e-02;6.206581e-02;1.132564e-01;7.116665e-02;4.200533e-02;8.325116e-02;1.202701e-01;5.862475e-02;9.218118e-02;1.190851e-01;9.356360e-02;5.560745e-02
7.882281e-02;4.368786e-02;6.546219e-02;9.537011e-02;4.236810e-02;1.224705e-01;1.291395e-01;5.685038e-02;6.298036e-02;1.025826e-01;1.100570e-01;9.020863e-02
9.814716e-02;6.515925e-02;9.233481e-02;7.855402e-02;3.160809e-02;1.122302e-01;1.112912e-01;6.218800e-02;5.830439e-02;6.993236e-02;1.346046e-01;8.564593e-02
8.237281e-02;6.412706e-02;1.389228e-01;7.207000e-02;3.340745e-02;8.664901e-02;9.667519e-02;3.971769e-02;7.052665e-02;7.878954e-02;1.615694e-01;7.517232e-02
6.904395e-02;7.525668e-02;1.482487e-01;7.529341e-02;4.941013e-02;8.504437e-02;7.425398e-02;5.621011e-02;8.544428e-02;9.467017e-02;1.357132e-01;5.141101e-02
5.189360e-02;6.933345e-02;1.180864e-01;7.009570e-02;7.710076e-02;8.159320e-02;1.034563e-01;8.984300e-02;9.705077e-02;1.169654e-01;8.650807e-02;3.807334e-02
4.942518e-02;6.919512e-02;8.021022e-02;7.532053e-02;9.878165e-02;8.409990e-02;1.551982e-01;1.000779e-01;9.254543e-02;9.680361e-02;4.988138e-02;4.846087e-02
3.600021e-02;6.709877e-02;1.222575e-01;6.551378e-02;7.186484e-02;5.768212e-02;1.721780e-01;1.171032e-01;1.147683e-01;6.359957e-02;3.739695e-02;7.453681e-02
3.328957e-02;7.658201e-02;1.427433e-01;7.480833e-02;5.490921e-02;4.425199e-02;1.636269e-01;1.392687e-01;7.573093e-02;6.284425e-02;5.005338e-02;8.189142e-02
5.047629e-02;8.232167e-02;1.074473e-01;7.018414e-02;6.242366e-02;6.211352e-02;1.378582e-01;1.205706e-01;9.079366e-02;9.751917e-02;3.723945e-02;8.105227e-02
7.458116e-02;8.644798e-02;8.332592e-02;5.281791e-02;7.546823e-02;5.708809e-02;1.212540e-01;9.249242e-02;1.062322e-01;1.275830e-01;6.078715e-02;6.192199e-02
8.778610e-02;7.948940e-02;9.395265e-02;5.634779e-02;7.162174e-02;4.590762e-02;1.051931e-01;7.497749e-02;1.067943e-01;1.507765e-01;8.848119e-02;3.867211e-02
7.869478e-02;8.008850e-02;1.063324e-01;6.097038e-02;6.573129e-02;4.831375e-02;1.062346e-01;6.825086e-02;1.173541e-01;1.397959e-01;8.673277e-02;4.150069e-02
7.458894e-02;5.974002e-02;8.202317e-02;5.282615e-02;8.788815e-02;1.189536e-01;1.067305e-01;1.041096e-01;1.307005e-01;8.492666e-02;4.916001e-02;4.835276e-02
6.842139e-02;4.068562e-02;9.033614e-02;7.133341e-02;1.158296e-01;1.639275e-01;1.227389e-01;1.580484e-01;6.233782e-02;4.593209e-02;3.210756e-02;2.830150e-02
5.479056e-02;3.630536e-02;1.103209e-01;7.961065e-02;9.306532e-02;8.367912e-02;1.975617e-01;1.620372e-01;6.734358e-02;3.901430e-02;4.221164e-02;3.405967e-02
5.345561e-02;5.888226e-02;1.170988e-01;1.200077e-01;7.852574e-02;9.666294e-02;1.294462e-01;1.158105e-01;8.433038e-02;5.665808e-02;4.048244e-02;4.863943e-02
4.781790e-02;7.667472e-02;2.220110e-01;6.785792e-02;8.291496e-02;1.014811e-01;1.198051e-01;7.479943e-02;6.879861e-02;6.353814e-02;3.961192e-02;3.468923e-02
6.821287e-02;7.246217e-02;2.774023e-01;6.960791e-02;5.912318e-02;5.489864e-02;1.330858e-01;5.562542e-02;6.220218e-02;5.292269e-02;5.738415e-02;3.707271e-02
7.410019e-02;5.781797e-02;2.446487e-01;7.203636e-02;5.456367e-02;6.624424e-02;1.349659e-01;6.603487e-02;5.820411e-02;5.004345e-02;7.157559e-02;4.976498e-02
2.647239e-02;1.874139e-02;1.585214e-01;1.050097e-01;1.000278e-01;1.000425e-01;1.593137e-01;7.533032e-02;5.042966e-02;5.659049e-02;8.725315e-02;6.226747e-02
4.135023e-02;2.737403e-02;1.322827e-01;1.170345e-01;1.132401e-01;8.760548e-02;1.436124e-01;4.814826e-02;4.184815e-02;5.963641e-02;1.027161e-01;8.515163e-02
5.735529e-02;2.976806e-02;9.749427e-02;8.886579e-02;1.088761e-01;7.783679e-02;2.063879e-01;3.061079e-02;5.301450e-02;4.985846e-02;9.207359e-02;1.078585e-01
4.276485e-02;2.194474e-02;8.913035e-02;7.540023e-02;9.248704e-02;7.363074e-02;2.330460e-01;2.315597e-02;5.128285e-02;6.851021e-02;1.063173e-01;1.223297e-01
5.099938e-02;3.276281e-02;1.086808e-01;9.922671e-02;4.153154e-02;6.863247e-02;2.355569e-01;2.579969e-02;2.698494e-02;6.755618e-02;1.096355e-01;1.326331e-01
6.815826e-02;4.849830e-02;8.358771e-02;9.138703e-02;3.084785e-02;6.225927e-02;2.529398e-01;1.636554e-02;4.227073e-02;5.809399e-02;7.894616e-02;1.666454e-01
9.324162e-02;4.620712e-02;6.728126e-02;8.982837e-02;2.697916e-02;3.854243e-02;2.738698e-01;4.055680e-02;4.271326e-02;4.614929e-02;6.312785e-02;1.715030e-01
1.107783e-01;1.783684e-02;5.284064e-02;7.339434e-02;2.247224e-02;4.392182e-02;2.911403e-01;8.736317e-02;4.427290e-02;3.384183e-02;5.468502e-02;1.674526e-01
1.180200e-01;3.114977e-02;7.973933e-02;5.508436e-02;3.467387e-02;3.832841e-02;2.388353e-01;9.972869e-02;4.904671e-02;4.343436e-02;6.618425e-02;1.457750e-01
8.658131e-02;6.177077e-02;8.282340e-02;4.631535e-02;3.353177e-02;3.617992e-02;2.256075e-01;6.451404e-02;7.838724e-02;6.528960e-02;1.092355e-01;1.097636e-01
1.229196e-01;6.034729e-02;1.469103e-01;3.042316e-02;2.882524e-02;4.723778e-02;1.568338e-01;6.498256e-02;6.867577e-02;9.320517e-02;1.055515e-01;7.408776e-02
1.252089e-01;4.916547e-02;2.433974e-01;4.681145e-02;3.499408e-02;4.772655e-02;9.894025e-02;6.723654e-02;3.440898e-02;9.230760e-02;1.034115e-01;5.639117e-02
1.011323e-01;4.949572e-02;1.951389e-01;5.297857e-02;3.497015e-02;4.095711e-02;1.037689e-01;7.365002e-02;4.134993e-02;9.829227e-02;1.189390e-01;8.932705e-02
7.816125e-02;5.348800e-02;1.386620e-01;6.335007e-02;3.358451e-02;3.694100e-02;1.448581e-01;5.617207e-02;3.662459e-02;1.070358e-01;1.350818e-01;1.160408e-01
6.254514e-02;4.596449e-02;1.543174e-01;7.266887e-02;3.606682e-02;4.208171e-02;1.501160e-01;5.277392e-02;4.131329e-02;1.126661e-01;1.345124e-01;9.497387e-02
5.113468e-02;3.940497e-02;1.348579e-01;4.578800e-02;4.360266e-02;4.446759e-02;1.366644e-01;6.705192e-02;6.839419e-02;1.257040e-01;1.595784e-01;8.335128e-02
4.600735e-02;4.797300e-02;8.435140e-02;3.238090e-02;4.295515e-02;6.913743e-02;1.097764e-01;4.541715e-02;8.037391e-02;1.723968e-01;1.833912e-01;8.583930e-02
2.797502e-02;4.520553e-02;9.390816e-02;3.745525e-02;4.704393e-02;6.791278e-02;1.331559e-01;3.375185e-02;6.756162e-02;1.955514e-01;1.760651e-01;7.441351e-02
2.814769e-02;2.895796e-02;7.747338e-02;4.636908e-02;3.359409e-02;5.309609e-02;1.399538e-01;4.519028e-02;8.635411e-02;2.208872e-01;1.698162e-01;7.016014e-02
3.634042e-02;4.398011e-02;1.435832e-01;4.350469e-02;4.572060e-02;4.439668e-02;1.154767e-01;5.084338e-02;7.165143e-02;1.894861e-01;1.363082e-01;7.870857e-02
6.038653e-02;7.885749e-02;1.360383e-01;2.487961e-02;7.855557e-02;4.012417e-02;1.273395e-01;3.447290e-02;7.661692e-02;1.294835e-01;1.245333e-01;8.871212e-02
7.899384e-02;7.022635e-02;1.321632e-01;4.594745e-02;7.455224e-02;6.671269e-02;1.133117e-01;5.431784e-02;9.149064e-02;8.126505e-02;1.008501e-01;9.016891e-02
1.429702e-01;5.578656e-02;6.862307e-02;4.059033e-02;6.154070e-02;8.628294e-02;1.265644e-01;5.824814e-02;9.094487e-02;9.914523e-02;7.666299e-02;9.264057e-02
1.537368e-01;6.594022e-02;9.805340e-02;5.581193e-02;6.315574e-02;7.793748e-02;1.435876e-01;5.112287e-02;6.999512e-02;7.840598e-02;5.888246e-02;8.337047e-02
1.210613e-01;5.051997e-02;1.458733e-01;7.976081e-02;5.144155e-02;4.757993e-02;1.320932e-01;7.438722e-02;9.612153e-02;8.324844e-02;6.674843e-02;5.116428e-02
9.942713e-02;5.693841e-02;1.098173e-01;7.255679e-02;6.295452e-02;5.901210e-02;1.447487e-01;6.202472e-02;1.148292e-01;9.546416e-02;6.773762e-02;5.448939e-02
8.876798e-02;6.752460e-02;1.230202e-01;5.883968e-02;7.572877e-02;7.359260e-02;1.332393e-01;5.396606e-02;1.032895e-01;8.083141e-02;7.761380e-02;6.358609e-02
6.670766e-02;7.346955e-02;1.239127e-01;4.896438e-02;6.308734e-02;8.354049e-02;1.217098e-01;7.109757e-02;1.052744e-01;5.156088e-02;1.131471e-01;7.752806e-02
8.819950e-02;6.495956e-02;1.149283e-01;6.420837e-02;9.069023e-02;7.794913e-02;9.308238e-02;5.534405e-02;1.273408e-01;7.572711e-02;8.553553e-02;6.203503e-02
9.050743e-02;4.650892e-02;1.367245e-01;7.926840e-02;9.870867e-02;4.858513e-02;8.846782e-02;5.541261e-02;1.299870e-01;8.286682e-02;7.729358e-02;6.566915e-02
6.071148e-02;5.351586e-02;1.453646e-01;8.013371e-02;7.997497e-02;4.107278e-02;1.108923e-01;6.695587e-02;1.371409e-01;8.873753e-02;7.668271e-02;5.881727e-02
9.761491e-02;6.538075e-02;1.212985e-01;9.320236e-02;7.230430e-02;4.640604e-02;1.071421e-01;5.530703e-02;1.231506e-01;9.390656e-02;6.248783e-02;6.179906e-02
1.029956e-01;7.630167e-02;1.290528e-01;8.374663e-02;6.026778e-02;5.141479e-02;1.035102e-01;8.345858e-02;1.070978e-01;7.975109e-02;6.876396e-02;5.363895e-02
6.743299e-02;5.945166e-02;1.157211e-01;5.804240e-02;6.889655e-02;6.093448e-02;1.205847e-01;6.784337e-02;1.108966e-01;1.113587e-01;9.633657e-02;6.250086e-02
7.117624e-02;4.814109e-02;7.905146e-02;5.630476e-02;7.634164e-02;8.715297e-02;1.552524e-01;4.521748e-02;9.356362e-02;1.442019e-01;8.664551e-02;5.695086e-02
3.991620e-02;7.917977e-02;8.907029e-02;5.729628e-02;7.263625e-02;1.109058e-01;1.401894e-01;9.040486e-02;9.394092e-02;1.300826e-01;5.828957e-02;3.808804e-02
3.654584e-02;8.512966e-02;9.858537e-02;5.283954e-02;5.663543e-02;9.614757e-02;1.621404e-01;1.037464e-01;1.152813e-01;1.209898e-01;2.544182e-02;4.651683e-02
5.490565e-02;6.953188e-02;7.335992e-02;5.783593e-02;4.584981e-02;6.994377e-02;1.704356e-01;9.566820e-02;1.533562e-01;1.025938e-01;4.477153e-02;6.174769e-02
