8.081389e-02;1.226749e-01;1.477234e-01;4.935884e-02;7.353738e-02;8.476768e-02;8.285559e-02;8.445916e-02;6.745066e-02;8.096312e-02;4.754895e-02;7.784641e-02
6.317198e-02;1.327612e-01;1.254693e-01;7.444518e-02;5.664215e-02;1.100111e-01;1.136080e-01;6.058666e-02;9.750012e-02;8.944348e-02;3.361516e-02;4.274566e-02
4.787096e-02;1.158577e-01;1.410832e-01;8.171202e-02;5.690666e-02;8.817241e-02;1.112137e-01;8.118228e-02;7.338915e-02;8.375406e-02;6.991465e-02;4.894318e-02
6.217026e-02;1.227808e-01;1.282856e-01;7.390715e-02;8.398282e-02;5.295199e-02;1.050367e-01;8.399180e-02;4.366941e-02;8.651625e-02;1.077854e-01;4.892186e-02
7.880886e-02;1.244133e-01;9.636695e-02;6.043618e-02;7.182992e-02;5.847460e-02;1.355426e-01;7.499789e-02;6.225030e-02;8.585407e-02;1.020766e-01;4.894878e-02
5.600015e-02;9.962981e-02;1.516186e-01;3.837876e-02;5.516985e-02;8.949430e-02;1.337744e-01;8.922396e-02;9.073737e-02;9.424481e-02;6.302173e-02;3.870634e-02
8.106866e-02;6.673367e-02;1.661332e-01;3.668918e-02;7.986017e-02;9.583194e-02;1.314810e-01;9.088787e-02;5.761655e-02;1.081756e-01;5.981201e-02;2.571006e-02
9.210665e-02;4.426537e-02;1.347601e-01;6.127311e-02;7.775577e-02;7.524686e-02;1.832420e-01;5.596175e-02;8.129811e-02;9.203901e-02;7.531058e-02;2.674063e-02
1.033650e-01;4.380800e-02;1.144908e-01;7.185946e-02;6.385113e-02;9.964384e-02;1.759751e-01;4.408197e-02;1.114598e-01;7.447055e-02;5.058118e-02;4.641310e-02
7.791653e-02;5.508352e-02;1.319090e-01;4.402751e-02;7.796301e-02;1.025218e-01;1.337261e-01;5.616870e-02;8.772624e-02;6.378860e-02;9.482384e-02;7.434507e-02
5.812324e-02;3.039643e-02;1.927420e-01;9.600366e-02;1.021820e-01;7.629438e-02;1.152339e-01;4.501710e-02;6.288964e-02;6.980184e-02;1.007163e-01;5.059949e-02
5.727778e-02;8.016137e-02;3.427709e-01;7.541633e-02;6.629880e-02;3.844013e-02;1.010778e-01;3.046337e-02;6.688301e-02;6.186961e-02;4.279029e-02;3.655056e-02
7.261284e-02;7.734131e-02;2.984352e-01;6.009065e-02;6.469359e-02;5.322326e-02;1.423501e-01;4.344409e-02;7.234464e-02;5.229378e-02;3.041372e-02;3.275684e-02
1.027800e-01;6.320522e-02;2.485244e-01;5.511655e-02;8.185207e-02;5.850910e-02;1.334512e-01;6.411628e-02;7.850237e-02;4.680588e-02;3.585761e-02;3.127944e-02
1.579514e-01;6.124172e-02;2.590507e-01;3.875773e-02;9.480285e-02;5.259174e-02;5.898480e-02;8.795743e-02;8.023416e-02;3.646622e-02;4.069084e-02;3.127048e-02
1.697511e-01;9.240635e-02;2.739478e-01;4.491711e-02;7.170222e-02;4.613109e-02;7.477143e-02;7.591884e-02;5.309650e-02;3.899112e-02;3.311484e-02;2.525165e-02
2.335729e-01;6.747911e-02;2.531393e-01;3.497958e-02;8.219472e-02;6.008418e-02;2.867929e-02;8.159354e-02;2.780172e-02;4.094675e-02;4.092311e-02;4.860590e-02
1.520837e-01;1.050889e-01;2.146207e-01;5.220503e-02;5.480117e-02;5.248746e-02;1.162797e-01;4.509462e-02;3.445420e-02;4.795831e-02;4.855189e-02;7.637437e-02
4.927155e-02;1.068365e-01;1.023184e-01;6.912919e-02;5.263051e-02;4.909105e-02;2.026939e-01;3.239945e-02;3.252998e-02;8.109941e-02;9.801517e-02;1.239850e-01
5.559602e-02;5.816336e-02;1.030152e-01;3.903028e-02;5.667612e-02;4.679634e-02;1.763527e-01;3.498661e-02;4.346123e-02;1.005950e-01;1.614469e-01;1.238803e-01
5.814494e-02;4.179718e-02;1.324350e-01;2.363435e-02;4.903217e-02;6.762928e-02;1.221858e-01;3.807547e-02;6.273363e-02;9.146991e-02;2.193271e-01;9.353510e-02
5.107455e-02;3.753752e-02;1.648803e-01;2.333632e-02;3.087094e-02;9.166197e-02;7.849605e-02;3.313278e-02;7.897488e-02;8.104736e-02;2.493149e-01;7.967243e-02
1.519787e-02;1.271948e-02;1.646576e-01;1.852948e-02;2.096656e-02;9.567378e-02;8.861151e-02;1.719559e-02;8.959088e-02;8.867186e-02;2.751701e-01;1.130154e-01
4.716812e-02;1.456265e-02;1.266892e-01;1.557687e-02;1.877936e-02;6.603586e-02;7.591932e-02;1.910945e-02;9.750336e-02;9.389986e-02;2.764702e-01;1.482857e-01
7.645755e-02;1.588729e-02;1.134723e-01;2.263452e-02;1.423863e-02;4.868811e-02;7.649334e-02;2.877641e-02;8.215999e-02;8.846492e-02;2.480424e-01;1.846845e-01
1.136900e-01;2.297368e-02;9.822173e-02;4.228635e-02;1.233525e-02;3.997806e-02;8.143664e-02;3.274350e-02;5.045843e-02;7.419541e-02;2.008589e-01;2.308220e-01
1.661644e-01;2.977547e-02;4.439854e-02;5.783902e-02;1.451525e-02;2.845431e-02;1.649932e-01;4.235172e-02;2.868981e-02;5.157706e-02;1.260431e-01;2.451980e-01
1.534407e-01;1.955407e-02;4.334288e-02;6.901648e-02;7.964494e-03;2.235332e-02;2.555720e-01;5.092445e-02;2.434898e-02;4.320205e-02;7.745009e-02;2.328305e-01
1.467233e-01;1.356681e-02;1.919549e-02;7.923763e-02;6.991225e-03;1.850748e-02;3.205578e-01;5.417328e-02;1.749612e-02;4.765071e-02;6.032007e-02;2.155801e-01
1.703098e-01;2.135289e-02;3.475747e-02;7.841273e-02;6.443846e-03;1.347723e-02;3.171189e-01;6.111614e-02;1.681234e-02;5.227173e-02;4.345834e-02;1.844685e-01
1.790389e-01;1.440314e-02;4.900666e-02;7.884374e-02;7.569077e-03;5.728566e-03;3.079961e-01;6.872833e-02;1.687860e-02;5.842236e-02;3.874865e-02;1.746359e-01
1.844909e-01;2.016496e-02;3.777366e-02;7.714353e-02;9.900332e-03;1.175457e-02;3.018261e-01;7.114173e-02;1.305990e-02;6.354452e-02;3.548218e-02;1.737176e-01
1.772249e-01;1.890769e-02;4.733963e-02;8.278939e-02;6.167534e-03;1.709845e-02;2.860656e-01;6.149426e-02;1.118000e-02;6.960718e-02;4.616314e-02;1.759622e-01
1.719622e-01;1.394995e-02;4.643593e-02;9.451772e-02;1.094835e-02;2.346089e-02;2.551511e-01;4.962613e-02;1.419868e-02;6.876995e-02;6.201513e-02;1.889641e-01
1.658925e-01;3.249021e-02;3.475231e-02;1.107419e-01;1.177189e-02;2.223323e-02;2.219084e-01;2.562573e-02;1.421423e-02;7.356662e-02;8.183811e-02;2.049649e-01
1.171882e-01;4.521262e-02;5.747813e-02;1.235465e-01;1.392852e-02;1.392301e-02;1.895192e-01;2.665533e-02;2.588279e-02;9.101339e-02;8.314648e-02;2.125059e-01
1.361434e-01;3.653254e-02;7.277724e-02;1.312449e-01;9.667266e-03;9.513591e-03;1.582212e-01;2.427152e-02;2.728637e-02;9.905148e-02;7.275490e-02;2.225356e-01
2.094542e-01;1.891019e-02;5.370199e-02;1.171314e-01;1.135987e-02;1.325349e-02;1.270170e-01;3.655132e-02;2.643011e-02;1.338348e-01;6.116854e-02;1.911871e-01
2.531843e-01;2.074592e-02;9.260148e-02;8.049089e-02;1.841889e-02;1.660407e-02;9.240613e-02;6.173349e-02;5.470044e-02;1.240463e-01;5.246343e-02;1.326047e-01
3.122382e-01;4.258101e-02;1.021749e-01;4.233665e-02;2.856037e-02;1.669602e-02;6.430458e-02;8.628874e-02;8.068839e-02;7.894216e-02;3.946587e-02;1.057231e-01
3.705193e-01;5.747783e-02;1.086348e-01;2.118445e-02;3.114145e-02;1.349742e-02;4.303920e-02;1.065833e-01;7.579244e-02;4.327444e-02;3.707333e-02;9.178214e-02
3.740884e-01;6.015029e-02;1.347028e-01;1.860055e-02;3.506940e-02;1.296463e-02;4.628674e-02;1.349180e-01;5.856107e-02;2.782123e-02;2.951077e-02;6.732605e-02
2.571684e-01;1.022335e-01;1.754848e-01;3.591694e-02;4.846429e-02;2.273797e-02;6.174799e-02;1.359060e-01;5.516559e-02;2.963178e-02;3.273086e-02;4.281176e-02
1.762895e-01;1.362165e-01;1.839338e-01;4.846575e-02;6.460109e-02;3.066822e-02;6.956198e-02;1.355775e-01;5.794954e-02;3.298759e-02;3.447801e-02;2.927056e-02
2.470209e-01;1.481209e-01;1.387787e-01;3.758421e-02;7.268248e-02;2.851831e-02;4.623136e-02;1.432332e-01;5.661697e-02;2.557594e-02;2.752274e-02;2.811432e-02
3.216155e-01;1.261041e-01;1.045949e-01;1.618632e-02;7.521591e-02;2.774531e-02;3.673352e-02;1.470588e-01;6.957571e-02;2.892298e-02;2.833078e-02;1.791613e-02
3.350756e-01;1.002187e-01;1.076967e-01;1.419019e-02;6.828005e-02;2.953337e-02;5.473816e-02;1.393814e-01;5.650313e-02;3.814818e-02;3.266831e-02;2.356635e-02
3.198629e-01;1.165102e-01;1.082885e-01;1.387887e-02;5.691909e-02;3.070083e-02;7.740330e-02;1.094139e-01;6.102091e-02;3.035729e-02;4.368088e-02;3.196333e-02
2.717481e-01;1.430181e-01;1.429812e-01;3.009513e-02;4.065517e-02;3.341895e-02;8.435096e-02;5.886240e-02;7.884897e-02;2.944433e-02;5.028795e-02;3.628874e-02
2.661750e-01;1.765099e-01;1.775330e-01;4.131870e-02;3.898298e-02;3.394742e-02;5.235158e-02;3.109911e-02;7.660404e-02;3.366240e-02;3.685379e-02;3.496206e-02
2.548005e-01;1.866578e-01;2.161925e-01;4.065480e-02;3.281366e-02;4.335881e-02;3.903080e-02;2.455248e-02;5.800185e-02;2.945134e-02;3.055348e-02;4.393206e-02
2.776264e-01;1.767324e-01;2.063578e-01;3.530936e-02;3.967662e-02;3.191421e-02;6.149631e-02;2.594168e-02;4.264857e-02;2.878814e-02;3.727085e-02;3.623767e-02
3.283527e-01;1.503715e-01;1.972304e-01;2.311421e-02;4.194902e-02;3.103788e-02;6.522591e-02;3.518060e-02;2.756570e-02;2.548428e-02;4.025821e-02;3.422952e-02
3.629757e-01;1.369138e-01;2.167916e-01;2.253544e-02;3.482415e-02;2.778118e-02;5.357699e-02;3.858878e-02;1.851613e-02;1.537771e-02;3.137015e-02;4.074835e-02
3.643728e-01;1.321751e-01;2.329646e-01;2.825782e-02;1.805163e-02;2.310021e-02;2.638142e-02;3.907475e-02;2.523687e-02;2.010650e-02;4.001673e-02;5.026140e-02
2.974786e-01;1.171172e-01;2.549726e-01;3.065967e-02;1.622646e-02;2.286051e-02;1.924376e-02;4.514461e-02;4.928994e-02;3.534796e-02;5.096753e-02;6.069111e-02
1.809638e-01;9.372118e-02;2.715504e-01;2.358800e-02;3.247302e-02;2.046636e-02;5.152944e-02;6.774905e-02;8.871613e-02;6.566703e-02;6.114183e-02;4.243367e-02
1.429172e-01;9.935846e-02;2.131469e-01;1.728844e-02;2.851576e-02;2.060161e-02;7.549326e-02;7.596454e-02;1.293054e-01;6.851690e-02;7.685164e-02;5.203991e-02
1.906212e-01;1.002331e-01;1.881495e-01;2.652227e-02;3.600613e-02;2.642994e-02;6.069822e-02;4.940424e-02;1.373553e-01;5.342922e-02;7.305215e-02;5.809878e-02
1.977451e-01;6.339011e-02;2.468482e-01;3.291325e-02;3.800298e-02;2.793537e-02;7.839672e-02;2.630211e-02;1.094583e-01;7.360599e-02;5.152119e-02;5.388070e-02
1.552321e-01;6.859199e-02;2.113920e-01;4.346144e-02;4.192933e-02;6.541523e-02;1.319855e-01;6.138569e-02;8.093736e-02;7.852957e-02;3.605201e-02;2.508772e-02
1.204885e-01;8.577663e-02;1.637108e-01;5.946410e-02;4.919039e-02;8.241304e-02;1.306444e-01;7.900316e-02;7.211358e-02;8.701870e-02;3.791397e-02;3.226272e-02
7.961684e-02;7.814210e-02;1.884665e-01;7.891759e-02;4.694436e-02;6.910917e-02;1.059435e-01;8.479422e-02;7.239500e-02;1.131458e-01;4.174130e-02;4.078361e-02
6.889513e-02;9.109621e-02;2.317301e-01;6.691351e-02;3.674127e-02;5.711787e-02;9.366800e-02;9.131022e-02;6.450252e-02;1.122316e-01;4.507846e-02;4.071511e-02
1.003172e-01;1.252885e-01;2.214192e-01;7.527560e-02;3.680825e-02;5.402688e-02;9.238652e-02;7.404710e-02;7.727569e-02;6.835721e-02;4.708454e-02;2.771331e-02
1.133044e-01;9.767104e-02;3.301876e-01;5.377719e-02;4.746768e-02;5.177094e-02;8.338381e-02;3.248493e-02;4.729300e-02;7.334698e-02;3.930759e-02;3.000484e-02
1.137524e-01;8.549854e-02;3.143669e-01;4.036911e-02;5.602788e-02;4.824009e-02;1.194678e-01;4.288978e-02;3.401342e-02;7.197286e-02;4.153443e-02;3.186670e-02
1.008536e-01;6.178723e-02;1.688371e-01;3.191212e-02;5.966543e-02;5.061176e-02;2.649955e-01;4.803507e-02;2.774101e-02;8.190372e-02;6.219969e-02;4.145774e-02
6.759688e-02;2.999622e-02;8.311983e-02;2.450147e-02;5.243542e-02;6.565115e-02;3.524017e-01;4.107829e-02;3.441777e-02;9.334658e-02;1.008544e-01;5.460026e-02
7.266787e-02;4.115707e-02;8.217990e-02;1.854268e-02;5.393039e-02;7.255886e-02;2.267115e-01;2.856487e-02;5.421745e-02;1.119292e-01;1.700787e-01;6.746147e-02
6.317772e-02;4.674613e-02;6.765904e-02;2.508935e-02;5.599571e-02;7.747940e-02;7.180069e-02;2.246977e-02;6.231306e-02;1.724766e-01;2.733851e-01;6.140742e-02
5.427435e-02;3.797195e-02;7.144640e-02;2.307244e-02;6.467444e-02;6.528532e-02;4.691171e-02;3.480450e-02;6.846867e-02;2.022194e-01;2.714824e-01;5.938840e-02
3.640992e-02;2.369704e-02;8.923914e-02;3.302261e-02;9.388862e-02;5.534657e-02;1.446341e-01;2.470333e-02;7.859641e-02;1.821825e-01;1.958513e-01;4.242849e-02
9.849302e-02;8.557160e-02;1.280558e-01;5.559709e-02;3.794251e-02;5.274745e-02;2.147249e-01;2.798285e-02;5.399601e-02;1.108717e-01;9.063853e-02;4.337851e-02
1.805463e-01;1.265575e-01;1.914063e-01;4.001988e-02;3.588314e-02;4.768322e-02;1.414446e-01;4.010442e-02;4.712885e-02;5.793441e-02;4.913315e-02;4.215814e-02
2.303879e-01;1.678691e-01;1.743603e-01;2.244522e-02;4.242524e-02;5.147020e-02;9.409184e-02;4.261395e-02;4.684997e-02;4.357396e-02;5.185065e-02;3.206166e-02
2.632452e-01;1.939655e-01;1.743778e-01;1.078331e-02;4.123394e-02;5.215167e-02;6.140310e-02;4.297135e-02;4.398289e-02;3.740657e-02;5.259358e-02;2.588509e-02
3.010332e-01;1.776733e-01;1.629355e-01;1.622386e-02;4.360713e-02;4.783560e-02;7.170308e-02;4.369732e-02;3.423131e-02;2.798231e-02;5.197755e-02;2.109977e-02
3.404411e-01;1.312878e-01;1.158393e-01;2.237644e-02;4.360445e-02;3.386977e-02;9.322664e-02;4.875322e-02;2.743473e-02;4.027882e-02;5.231648e-02;5.057126e-02
3.311568e-01;1.068114e-01;1.006867e-01;3.737760e-02;4.219152e-02;2.604563e-02;1.131409e-01;4.296522e-02;2.707733e-02;5.637653e-02;5.042466e-02;6.574564e-02
2.781574e-01;1.191699e-01;1.429272e-01;4.431198e-02;4.708816e-02;2.992102e-02;1.055446e-01;3.868365e-02;2.096167e-02;6.877819e-02;5.088278e-02;5.357345e-02
2.686239e-01;1.576307e-01;1.255755e-01;4.162642e-02;4.963018e-02;3.697400e-02;7.818609e-02;3.869896e-02;2.218213e-02;8.248672e-02;6.980430e-02;2.858115e-02
3.389073e-01;1.466347e-01;1.477269e-01;1.887139e-02;2.607246e-02;3.411467e-02;8.944984e-02;3.631363e-02;2.629894e-02;4.554842e-02;5.003655e-02;4.002519e-02
3.821213e-01;1.526143e-01;1.747363e-01;2.704515e-02;1.728918e-02;2.757473e-02;5.243592e-02;3.227380e-02;2.001280e-02;2.744602e-02;3.050654e-02;5.594407e-02
3.663076e-01;1.622044e-01;1.655858e-01;2.919626e-02;2.602032e-02;2.741971e-02;4.772180e-02;3.343624e-02;2.061636e-02;4.515340e-02;3.125411e-02;4.508393e-02
2.924422e-01;1.309584e-01;2.133977e-01;3.702629e-02;4.272048e-02;2.575802e-02;6.131965e-02;3.504236e-02;2.896482e-02;5.605033e-02;5.167387e-02;2.464588e-02
2.636928e-01;1.225725e-01;2.571764e-01;3.606481e-02;4.090512e-02;2.647751e-02;4.939953e-02;2.407147e-02;3.292627e-02;4.958952e-02;4.950804e-02;4.761603e-02
2.601827e-01;1.277678e-01;2.605374e-01;3.833961e-02;4.080686e-02;3.099338e-02;3.966798e-02;2.316462e-02;2.484854e-02;4.982444e-02;5.302555e-02;5.084115e-02
2.152237e-01;1.267313e-01;2.641192e-01;3.387122e-02;5.126265e-02;4.020525e-02;4.122122e-02;3.568381e-02;3.876390e-02;4.275544e-02;5.500831e-02;5.515403e-02
1.501863e-01;1.104401e-01;2.494923e-01;5.751355e-02;5.929250e-02;6.009319e-02;6.670532e-02;4.964136e-02;5.374149e-02;4.289753e-02;5.857257e-02;4.142373e-02
1.726934e-01;6.961938e-02;1.881004e-01;7.505722e-02;5.404160e-02;5.953769e-02;1.199438e-01;5.069005e-02;4.615948e-02;6.198437e-02;6.783461e-02;3.433800e-02
1.689097e-01;6.787555e-02;2.033642e-01;6.168979e-02;6.733005e-02;6.167565e-02;1.051823e-01;5.667178e-02;4.699307e-02;7.034775e-02;5.618980e-02;3.377039e-02
1.550579e-01;9.434868e-02;1.850529e-01;4.860296e-02;6.984332e-02;5.041426e-02;8.768751e-02;7.702894e-02;7.759328e-02;5.995444e-02;4.302888e-02;5.138693e-02
1.400737e-01;7.465313e-02;1.283843e-01;3.867404e-02;7.685369e-02;4.949273e-02;1.142852e-01;8.322155e-02;1.027080e-01;7.130114e-02;5.715944e-02;6.319310e-02
9.983231e-02;7.408056e-02;1.380151e-01;4.307510e-02;7.493534e-02;7.724613e-02;1.183873e-01;7.706874e-02;9.716830e-02;6.449440e-02;7.121602e-02;6.448071e-02
8.433725e-02;7.102296e-02;1.724204e-01;4.606742e-02;4.833261e-02;9.087542e-02;8.644750e-02;7.785162e-02;8.759993e-02;7.998648e-02;8.886363e-02;6.619480e-02
8.899128e-02;4.978561e-02;1.604702e-01;6.179734e-02;5.675508e-02;8.701956e-02;8.649717e-02;6.678987e-02;9.111507e-02;1.090226e-01;8.959462e-02;5.216150e-02
6.688087e-02;2.834039e-02;1.648573e-01;7.905040e-02;6.347556e-02;9.166024e-02;9.859427e-02;7.393455e-02;1.055860e-01;1.059299e-01;9.438666e-02;2.730382e-02
1.093334e-01;1.040906e-01;1.277293e-01;6.679808e-02;4.702690e-02;5.848898e-02;1.041305e-01;7.055741e-02;1.057001e-01;9.267007e-02;5.711024e-02;5.636448e-02
1.143724e-01;1.065806e-01;1.419646e-01;6.721551e-02;4.661495e-02;5.876593e-02;1.007269e-01;6.639226e-02;9.645209e-02;8.878492e-02;5.256248e-02;5.956737e-02
1.214091e-01;1.105513e-01;1.466420e-01;6.436753e-02;4.694591e-02;6.355966e-02;9.262384e-02;6.737678e-02;8.654668e-02;8.564820e-02;4.938412e-02;6.494495e-02
1.301844e-01;1.141023e-01;1.534374e-01;4.962844e-02;6.121746e-02;6.557331e-02;9.131245e-02;7.072797e-02;7.193516e-02;7.975252e-02;3.329468e-02;7.883397e-02
1.108000e-01;8.330020e-02;1.782556e-01;4.901215e-02;5.328330e-02;4.879707e-02;1.004039e-01;7.388751e-02;5.924926e-02;6.127538e-02;8.985441e-02;9.188127e-02
1.254939e-01;7.022396e-02;1.839705e-01;3.416355e-02;4.663028e-02;3.912947e-02;1.140062e-01;6.692323e-02;8.685213e-02;3.606124e-02;9.721984e-02;9.932565e-02
7.508053e-02;4.909607e-02;1.612932e-01;4.295778e-02;5.096574e-02;4.651417e-02;1.422369e-01;6.073742e-02;1.261713e-01;5.114336e-02;1.030569e-01;9.074669e-02
2.897583e-02;3.218489e-02;1.351403e-01;3.898345e-02;5.096917e-02;5.749664e-02;1.817642e-01;4.994145e-02;1.605001e-01;6.346492e-02;1.310769e-01;6.950212e-02
3.614359e-02;3.576956e-02;1.307573e-01;4.011303e-02;4.324262e-02;4.691175e-02;2.009002e-01;4.621457e-02;1.543970e-01;5.985225e-02;1.128048e-01;9.289318e-02
3.808663e-02;4.683967e-02;1.317053e-01;6.998091e-02;3.232770e-02;2.354351e-02;2.015426e-01;2.748592e-02;1.326696e-01;1.117186e-01;7.942571e-02;1.046738e-01
5.163007e-02;4.139962e-02;1.510454e-01;6.053216e-02;2.693512e-02;3.128929e-02;1.824213e-01;2.810471e-02;1.555482e-01;1.039880e-01;8.130630e-02;8.579988e-02
2.733470e-02;3.614596e-02;2.005917e-01;4.958607e-02;2.783806e-02;4.943154e-02;1.645632e-01;3.007336e-02;2.133935e-01;4.948641e-02;8.523722e-02;6.631822e-02
3.823922e-02;4.557182e-02;2.068508e-01;3.440560e-02;2.827741e-02;4.543861e-02;1.619521e-01;2.695482e-02;2.079875e-01;4.724070e-02;9.072940e-02;6.635196e-02
5.547182e-02;4.045923e-02;1.721847e-01;5.233821e-02;2.399133e-02;2.911154e-02;1.830697e-01;1.833339e-02;1.799605e-01;6.576537e-02;8.666467e-02;9.264949e-02
4.600152e-02;4.061530e-02;1.571817e-01;7.172599e-02;2.115995e-02;2.396609e-02;2.060761e-01;1.447775e-02;1.424958e-01;9.338514e-02;5.670871e-02;1.262060e-01
4.735342e-02;4.257194e-02;1.605981e-01;7.872712e-02;1.631657e-02;2.313610e-02;1.985954e-01;1.063037e-02;1.147088e-01;8.977216e-02;6.363893e-02;1.539511e-01
6.636042e-02;5.164161e-02;1.288951e-01;7.668111e-02;1.728556e-02;2.373543e-02;1.764810e-01;1.496250e-02;1.149889e-01;9.391180e-02;6.361844e-02;1.714382e-01
9.147625e-02;7.563039e-02;1.128433e-01;7.888777e-02;2.021879e-02;1.514935e-02;1.687584e-01;2.211359e-02;7.448204e-02;8.461455e-02;6.616659e-02;1.896590e-01
9.153054e-02;9.180864e-02;1.008843e-01;8.382632e-02;2.234338e-02;2.627679e-02;1.602651e-01;1.875421e-02;4.956386e-02;8.349323e-02;8.235043e-02;1.889032e-01
1.299528e-01;6.770404e-02;1.128696e-01;9.687591e-02;3.354505e-02;2.351279e-02;1.496709e-01;2.894209e-02;4.124327e-02;7.405856e-02;8.499678e-02;1.566283e-01
1.253504e-01;4.317488e-02;6.316120e-02;1.231985e-01;5.973683e-02;3.993605e-02;1.594875e-01;4.388709e-02;1.481643e-02;7.971793e-02;1.026941e-01;1.448391e-01
1.554117e-01;4.033734e-02;7.352754e-02;1.001326e-01;1.029912e-01;5.758978e-02;1.374424e-01;6.125405e-02;3.118730e-02;7.641600e-02;7.853627e-02;8.517382e-02
1.648724e-01;4.914487e-02;1.152967e-01;8.026892e-02;1.198221e-01;6.238041e-02;1.499018e-01;8.256171e-02;3.464750e-02;6.482522e-02;2.756963e-02;4.870873e-02
1.971606e-01;7.065405e-02;1.331029e-01;5.601994e-02;1.129258e-01;4.882330e-02;1.145820e-01;1.074201e-01;2.245735e-02;3.712913e-02;5.209051e-02;4.763431e-02
1.851896e-01;8.346238e-02;1.384122e-01;3.751383e-02;9.911888e-02;2.914103e-02;1.193546e-01;1.069743e-01;5.098237e-02;4.362675e-02;6.807829e-02;3.814564e-02
1.667298e-01;1.180477e-01;1.550938e-01;4.248701e-02;8.003839e-02;5.033361e-02;7.907619e-02;6.398129e-02;8.350602e-02;5.763525e-02;7.099567e-02;3.207530e-02
1.473417e-01;1.468262e-01;2.077789e-01;4.339031e-02;5.798159e-02;5.368160e-02;6.352404e-02;3.338764e-02;1.126771e-01;5.087216e-02;5.400344e-02;2.853535e-02
1.206574e-01;1.685758e-01;2.051025e-01;4.948733e-02;4.200239e-02;5.221347e-02;7.857337e-02;4.605086e-02;1.376650e-01;4.683106e-02;2.783633e-02;2.500447e-02
7.649198e-02;1.347733e-01;2.969419e-01;3.837835e-02;3.595297e-02;4.704046e-02;9.178564e-02;5.542002e-02;1.126260e-01;5.788827e-02;1.932469e-02;3.337640e-02
1.420931e-02;1.031871e-01;4.228020e-01;3.306378e-02;3.650583e-02;4.130045e-02;1.041493e-01;5.017811e-02;6.937674e-02;7.815311e-02;1.531711e-02;3.175712e-02
2.838347e-02;9.194107e-02;4.942010e-01;3.015841e-02;3.464102e-02;3.309896e-02;1.032410e-01;4.718632e-02;3.052806e-02;7.368284e-02;1.948685e-02;1.345101e-02
4.588055e-02;1.167074e-01;4.975824e-01;3.209453e-02;2.186154e-02;2.000261e-02;7.016493e-02;4.164024e-02;4.399717e-02;7.412440e-02;1.786396e-02;1.808027e-02
1.046796e-01;1.901444e-01;4.462036e-01;2.138921e-02;1.187979e-02;1.601430e-02;3.293825e-02;3.174956e-02;5.363188e-02;6.615421e-02;1.142044e-02;1.379479e-02
1.224414e-01;1.833685e-01;4.614099e-01;2.092113e-02;1.527255e-02;1.323154e-02;2.630701e-02;2.155684e-02;3.463399e-02;6.830765e-02;1.595244e-02;1.659704e-02
8.483481e-02;1.086817e-01;5.251995e-01;3.313856e-02;2.915614e-02;1.609040e-02;5.661972e-02;2.409708e-02;2.873373e-02;6.680699e-02;1.853920e-02;8.102216e-03
4.400689e-02;5.560923e-02;5.160359e-01;4.100902e-02;3.874122e-02;1.902601e-02;1.088050e-01;3.190987e-02;3.764625e-02;7.496946e-02;1.745174e-02;1.478941e-02
3.034232e-02;5.005562e-02;4.039714e-01;4.068342e-02;6.255752e-02;4.282138e-02;1.710982e-01;3.777700e-02;4.190917e-02;7.582513e-02;1.968627e-02;2.327257e-02
1.689132e-02;4.580592e-02;3.542400e-01;4.138586e-02;8.422416e-02;6.172710e-02;1.702750e-01;3.927262e-02;4.954127e-02;8.284642e-02;2.901015e-02;2.478014e-02
2.983057e-02;9.288161e-02;2.994379e-01;3.440522e-02;8.546252e-02;7.552096e-02;6.184358e-02;4.115885e-02;5.462094e-02;1.640470e-01;4.229967e-02;1.849118e-02
8.606134e-02;9.512535e-02;2.738933e-01;4.328963e-02;3.763479e-02;5.561909e-02;8.318666e-02;3.341547e-02;4.750703e-02;1.786719e-01;3.143715e-02;3.415826e-02
9.074715e-02;7.749849e-02;2.971496e-01;4.572330e-02;3.019189e-02;3.882098e-02;1.049393e-01;4.514816e-02;5.396137e-02;1.475152e-01;2.410346e-02;4.420110e-02
5.173116e-02;2.716511e-02;3.115110e-01;3.869655e-02;5.473078e-02;4.041301e-02;1.347150e-01;9.492524e-02;8.076315e-02;8.371122e-02;3.427203e-02;4.736572e-02
5.364580e-02;4.479275e-02;2.962368e-01;5.074233e-02;6.445910e-02;3.908249e-02;1.325113e-01;9.266921e-02;7.742929e-02;7.551573e-02;4.147278e-02;3.144246e-02
6.019493e-02;6.112406e-02;2.550682e-01;5.447464e-02;8.488878e-02;4.628764e-02;1.130418e-01;7.778851e-02;1.138027e-01;7.427625e-02;3.877319e-02;2.027935e-02
5.248436e-02;6.753807e-02;1.391503e-01;3.477863e-02;1.027665e-01;5.011329e-02;8.051275e-02;1.139353e-01;1.799116e-01;1.091146e-01;4.006416e-02;2.963042e-02
3.149161e-02;4.225567e-02;1.938632e-01;3.828501e-02;8.008043e-02;4.986254e-02;1.238577e-01;9.442227e-02;1.552897e-01;1.222000e-01;3.499211e-02;3.339971e-02
4.939700e-02;3.525545e-02;1.867882e-01;3.563708e-02;5.652003e-02;5.667629e-02;1.239695e-01;8.281456e-02;1.567261e-01;1.633154e-01;2.369848e-02;2.920193e-02
5.609767e-02;3.093272e-02;1.407048e-01;3.482002e-02;4.334060e-02;5.835354e-02;1.971586e-01;6.729443e-02;1.266093e-01;2.006391e-01;2.231178e-02;2.173758e-02
5.619365e-02;2.588422e-02;1.156132e-01;3.220972e-02;4.051166e-02;5.943958e-02;2.487483e-01;8.733088e-02;9.072487e-02;2.006087e-01;2.108699e-02;2.164817e-02
5.114840e-02;3.268344e-02;1.154820e-01;2.309368e-02;5.732743e-02;6.803887e-02;2.575855e-01;9.618821e-02;7.725254e-02;1.555687e-01;3.882276e-02;2.680847e-02
6.108138e-02;4.438290e-02;1.444761e-01;3.878376e-02;6.871384e-02;7.671938e-02;1.782033e-01;1.046820e-01;9.703950e-02;9.992987e-02;3.143572e-02;5.455223e-02
5.012195e-02;5.974907e-02;1.461323e-01;4.077301e-02;6.325056e-02;6.702247e-02;1.429820e-01;1.293459e-01;1.155672e-01;8.353896e-02;3.094952e-02;7.056710e-02
5.020864e-02;7.898784e-02;1.074776e-01;3.461668e-02;5.122722e-02;6.230263e-02;1.278710e-01;1.592854e-01;1.326876e-01;8.249656e-02;4.179407e-02;7.104483e-02
5.873282e-02;7.704930e-02;5.920505e-02;3.973631e-02;6.508055e-02;6.872662e-02;1.285265e-01;1.248109e-01;1.252079e-01;1.170287e-01;6.057536e-02;7.531993e-02
7.327215e-02;7.680997e-02;5.140201e-02;5.339474e-02;7.662480e-02;6.090151e-02;1.486306e-01;5.599948e-02;1.096859e-01;1.563096e-01;6.334328e-02;7.362597e-02
6.926198e-02;7.596730e-02;5.110658e-02;7.159215e-02;4.797593e-02;7.170670e-02;1.246250e-01;8.309787e-02;1.384597e-01;1.965971e-01;3.429841e-02;3.531132e-02
6.997731e-02;5.860288e-02;5.961451e-02;7.779855e-02;5.495636e-02;6.120697e-02;1.373037e-01;1.269058e-01;1.279931e-01;1.613361e-01;3.766351e-02;2.664115e-02
6.215954e-02;2.837664e-02;8.810804e-02;4.909952e-02;5.539045e-02;8.028082e-02;2.365926e-01;1.081292e-01;6.457925e-02;1.465607e-01;6.139163e-02;1.933164e-02
5.547489e-02;3.475237e-02;1.063304e-01;3.989444e-02;6.764001e-02;7.730797e-02;3.328307e-01;7.509885e-02;5.488924e-02;8.571909e-02;5.206080e-02;1.800122e-02
7.118387e-02;4.762958e-02;1.274598e-01;3.015745e-02;8.894470e-02;7.180186e-02;3.321840e-01;5.220941e-02;4.317711e-02;7.522415e-02;4.362275e-02;1.640528e-02
7.117514e-02;6.404728e-02;1.365159e-01;2.806767e-02;1.014693e-01;7.905056e-02;2.360064e-01;6.159326e-02;6.231326e-02;8.260217e-02;5.851533e-02;1.864365e-02
7.620129e-02;4.912766e-02;1.006538e-01;5.356482e-02;9.223229e-02;8.801898e-02;1.664292e-01;1.053881e-01;8.265367e-02;9.414503e-02;7.702845e-02;1.455664e-02
9.061376e-02;4.550921e-02;1.179080e-01;4.450352e-02;6.424575e-02;5.290245e-02;2.551014e-01;5.842404e-02;8.225136e-02;1.000390e-01;4.554568e-02;4.295581e-02
1.066577e-01;4.878090e-02;1.522902e-01;3.393164e-02;5.924284e-02;5.309710e-02;2.354961e-01;5.192230e-02;7.387713e-02;1.049908e-01;4.303050e-02;3.668284e-02
1.116568e-01;5.939389e-02;1.548996e-01;3.579221e-02;5.708303e-02;5.340803e-02;2.066654e-01;5.543945e-02;7.193799e-02;1.094137e-01;4.838846e-02;3.592144e-02
6.903146e-02;8.974935e-02;1.853019e-01;3.280862e-02;6.099441e-02;5.844558e-02;1.244276e-01;6.607655e-02;7.695037e-02;1.227933e-01;6.149079e-02;5.193007e-02
1.027795e-01;8.320061e-02;1.640515e-01;2.866057e-02;5.253632e-02;4.957494e-02;1.917436e-01;6.060952e-02;7.681204e-02;8.362168e-02;5.862438e-02;4.778537e-02
1.462993e-01;8.189877e-02;1.594030e-01;3.264933e-02;4.852673e-02;4.806125e-02;1.734298e-01;5.834141e-02;7.434717e-02;7.615871e-02;5.664830e-02;4.423618e-02
1.003113e-01;1.025837e-01;2.149818e-01;2.654046e-02;5.724727e-02;6.708227e-02;8.890619e-02;5.819405e-02;7.882021e-02;1.063946e-01;4.985686e-02;4.908131e-02
9.034027e-02;1.029454e-01;2.143586e-01;2.107617e-02;6.776597e-02;8.705419e-02;1.011144e-01;3.670777e-02;8.645528e-02;1.155376e-01;3.396472e-02;4.267975e-02
1.370557e-01;9.617324e-02;1.690881e-01;2.952910e-02;7.275591e-02;8.603310e-02;1.565282e-01;1.125965e-02;7.120086e-02;9.353723e-02;3.916330e-02;3.767568e-02
1.073717e-01;7.915892e-02;1.753388e-01;3.219896e-02;6.179032e-02;6.255523e-02;2.722657e-01;2.730712e-02;5.349735e-02;6.630290e-02;4.240347e-02;1.980960e-02
5.723321e-02;7.234487e-02;2.201480e-01;2.785007e-02;4.712954e-02;3.724932e-02;3.355509e-01;3.711540e-02;4.442682e-02;5.249605e-02;4.781215e-02;2.064364e-02
1.020473e-01;7.636862e-02;1.887808e-01;2.325864e-02;5.762695e-02;2.579278e-02;3.043339e-01;4.756746e-02;4.703028e-02;5.602783e-02;4.018517e-02;3.098027e-02
9.095784e-02;7.683200e-02;1.775380e-01;3.003869e-02;6.459899e-02;4.372358e-02;3.281054e-01;3.022314e-02;4.666355e-02;4.734838e-02;3.222708e-02;3.174343e-02
8.227086e-02;6.945881e-02;2.152614e-01;3.890584e-02;6.905622e-02;5.436990e-02;2.825456e-01;3.407940e-02;3.800861e-02;5.723211e-02;3.263574e-02;2.617542e-02
1.327944e-01;8.364892e-02;2.207997e-01;3.380802e-02;5.147084e-02;4.315352e-02;2.237041e-01;4.212007e-02;5.005376e-02;7.316022e-02;2.708486e-02;1.820157e-02
1.226235e-01;7.374326e-02;2.787043e-01;3.026655e-02;3.832976e-02;3.012355e-02;1.919561e-01;4.133108e-02;5.828984e-02;7.171027e-02;4.004818e-02;2.287360e-02
1.245053e-01;5.610714e-02;1.443687e-01;3.721005e-02;7.003924e-02;3.393248e-02;2.409163e-01;4.557583e-02;5.699991e-02;1.050652e-01;5.084685e-02;3.443301e-02
5.305247e-02;2.654298e-02;2.883691e-01;4.180599e-02;8.688635e-02;5.397541e-02;2.141841e-01;3.829556e-02;4.992214e-02;9.849428e-02;3.003618e-02;1.843539e-02
4.488015e-02;3.251535e-02;2.576908e-01;4.026415e-02;8.656926e-02;5.868982e-02;1.918464e-01;5.016667e-02;5.166305e-02;1.311109e-01;3.492127e-02;1.968207e-02
3.261401e-02;4.820734e-02;1.129982e-01;4.023677e-02;1.037325e-01;7.033031e-02;1.511442e-01;1.022755e-01;8.980480e-02;1.738552e-01;4.771177e-02;2.708935e-02
2.274170e-02;4.705614e-02;1.759831e-01;4.361718e-02;8.888194e-02;6.909456e-02;1.145751e-01;9.221164e-02;1.498015e-01;1.211774e-01;3.986109e-02;3.499862e-02
4.548592e-02;3.881614e-02;1.619256e-01;3.951149e-02;8.719406e-02;9.487773e-02;1.686243e-01;8.607630e-02;1.173140e-01;8.399725e-02;2.903571e-02;4.714151e-02
4.931960e-02;4.233071e-02;1.787237e-01;4.104631e-02;7.540748e-02;9.617592e-02;1.841996e-01;1.008645e-01;9.465115e-02;6.204922e-02;3.162458e-02;4.360722e-02
5.378361e-02;4.668465e-02;2.589790e-01;5.675551e-02;6.080407e-02;7.951915e-02;1.680586e-01;6.360149e-02;7.956817e-02;5.746501e-02;3.761500e-02;3.716570e-02
4.359857e-02;5.971425e-02;2.851060e-01;8.083934e-02;7.369891e-02;7.194056e-02;1.250704e-01;6.037575e-02;3.900282e-02;6.994912e-02;5.655554e-02;3.414869e-02
5.134003e-02;6.739850e-02;1.647541e-01;7.940428e-02;6.943788e-02;5.765166e-02;1.866256e-01;7.557213e-02;5.108610e-02;7.521308e-02;7.145373e-02;5.006297e-02
8.338010e-02;5.959811e-02;2.045338e-01;6.270593e-02;4.625478e-02;6.007270e-02;1.985341e-01;5.410535e-02;6.002777e-02;7.411474e-02;4.830174e-02;4.837084e-02
1.159530e-01;6.478824e-02;1.293702e-01;4.165131e-02;4.820499e-02;9.443442e-02;1.410917e-01;1.434011e-01;7.507500e-02;4.844221e-02;4.487087e-02;5.271698e-02
9.725469e-02;8.951674e-02;1.106138e-01;3.331411e-02;5.035339e-02;8.859826e-02;1.133853e-01;1.571647e-01;1.014478e-01;5.905339e-02;3.310086e-02;6.619692e-02
8.682883e-02;9.258354e-02;1.066387e-01;4.329137e-02;5.328041e-02;8.768796e-02;1.071084e-01;1.591705e-01;9.825482e-02;6.805017e-02;3.167408e-02;6.543110e-02
9.158796e-02;9.186174e-02;1.002164e-01;5.593289e-02;5.677969e-02;8.845438e-02;8.614346e-02;1.547257e-01;9.402463e-02;7.360407e-02;4.330570e-02;6.336335e-02
9.579538e-02;8.871474e-02;1.225487e-01;4.950772e-02;4.490560e-02;7.164218e-02;1.182233e-01;1.520067e-01;8.434995e-02;8.369102e-02;5.071574e-02;3.789888e-02
5.376787e-02;9.146062e-02;1.553261e-01;4.535536e-02;5.750960e-02;6.357821e-02;9.550296e-02;1.308896e-01;1.079575e-01;1.042452e-01;4.786728e-02;4.653976e-02
5.221432e-02;4.428662e-02;1.968358e-01;4.503028e-02;6.092484e-02;6.185235e-02;1.254720e-01;6.435339e-02;9.794700e-02;1.109916e-01;5.826927e-02;8.182250e-02
5.449153e-02;5.186347e-02;2.015309e-01;3.421899e-02;5.253770e-02;5.637365e-02;1.241337e-01;5.700358e-02;9.645732e-02;1.139050e-01;6.823238e-02;8.925175e-02
5.592836e-02;6.598586e-02;1.993978e-01;2.343189e-02;3.273987e-02;5.262418e-02;8.936661e-02;7.229310e-02;1.433532e-01;1.044017e-01;6.464136e-02;9.583598e-02
5.398663e-02;7.725348e-02;1.700100e-01;3.828707e-02;2.493890e-02;4.565948e-02;7.470734e-02;9.068467e-02;1.827074e-01;8.820181e-02;7.842155e-02;7.514169e-02
4.317948e-02;7.604266e-02;1.873724e-01;4.364522e-02;3.774027e-02;5.183710e-02;1.476748e-01;7.912192e-02;1.860114e-01;4.879047e-02;7.972194e-02;1.886226e-02
4.569164e-02;8.484919e-02;2.379218e-01;3.825885e-02;2.820827e-02;6.883521e-02;1.111532e-01;5.268973e-02;1.772453e-01;5.359794e-02;3.891266e-02;6.263611e-02
6.618983e-02;9.038653e-02;2.289347e-01;3.561178e-02;5.240135e-02;7.736496e-02;8.531550e-02;3.745014e-02;1.537792e-01;7.499328e-02;2.956352e-02;6.800918e-02
8.846793e-02;5.729954e-02;2.759946e-01;3.203695e-02;6.924155e-02;6.368215e-02;1.506345e-01;3.322878e-02;9.070854e-02;6.559682e-02;4.241444e-02;3.069426e-02
7.339551e-02;8.828316e-02;4.191778e-01;3.025034e-02;4.428739e-02;4.152291e-02;1.259840e-01;2.886158e-02;6.513950e-02;4.666740e-02;1.998906e-02;1.644135e-02
5.584742e-02;1.303956e-01;4.749377e-01;3.017536e-02;1.913990e-02;4.041726e-02;3.384869e-02;2.938302e-02;9.148552e-02;5.101387e-02;1.319880e-02;3.015685e-02
5.314010e-02;1.429175e-01;4.630890e-01;3.360872e-02;1.729511e-02;3.897554e-02;1.969691e-02;2.404231e-02;9.619775e-02;5.949545e-02;1.843357e-02;3.310801e-02
7.660573e-02;1.556248e-01;4.335134e-01;3.561906e-02;1.391859e-02;3.665642e-02;3.735481e-02;3.080771e-02;7.550421e-02;5.546640e-02;2.407472e-02;2.485421e-02
1.248831e-01;1.570003e-01;3.915259e-01;3.649049e-02;1.736550e-02;2.897271e-02;5.000094e-02;3.684508e-02;6.715787e-02;4.419959e-02;2.428855e-02;2.126999e-02
1.526766e-01;1.477380e-01;3.514997e-01;3.275481e-02;2.703980e-02;2.217301e-02;7.699958e-02;3.976162e-02;6.772704e-02;4.081795e-02;2.796430e-02;1.284760e-02
1.757876e-01;1.461433e-01;3.205118e-01;2.560189e-02;3.157047e-02;1.830235e-02;8.526964e-02;4.443005e-02;4.979007e-02;4.318003e-02;4.300293e-02;1.640990e-02
1.896492e-01;1.520844e-01;2.808707e-01;1.630294e-02;4.055420e-02;1.747575e-02;1.047095e-01;5.391482e-02;3.976536e-02;3.573835e-02;5.135294e-02;1.758190e-02
2.006844e-01;1.637497e-01;2.755611e-01;1.812934e-02;4.370189e-02;2.030803e-02;8.008480e-02;4.707005e-02;3.189145e-02;4.947479e-02;5.317194e-02;1.617247e-02
2.121437e-01;1.622698e-01;2.430091e-01;1.437121e-02;3.536467e-02;2.107660e-02;1.195761e-01;4.349163e-02;4.168578e-02;4.337035e-02;4.648145e-02;1.715961e-02
2.170664e-01;1.690922e-01;2.451995e-01;2.371752e-02;3.144122e-02;2.465764e-02;9.296469e-02;4.014960e-02;5.658443e-02;3.415856e-02;4.393106e-02;2.103716e-02
1.849005e-01;1.751383e-01;2.907336e-01;2.629996e-02;2.715512e-02;2.294962e-02;6.432489e-02;3.247249e-02;6.947985e-02;4.691602e-02;3.932140e-02;2.030827e-02
1.837227e-01;1.792475e-01;3.033644e-01;2.691076e-02;2.311909e-02;2.514805e-02;5.777702e-02;3.215431e-02;6.250152e-02;5.241847e-02;4.039740e-02;1.323882e-02
1.889313e-01;1.668237e-01;2.781337e-01;2.455492e-02;2.298384e-02;2.415042e-02;7.574528e-02;3.405827e-02;5.511043e-02;6.027812e-02;5.012595e-02;1.910399e-02
1.979346e-01;1.579111e-01;2.619580e-01;2.181638e-02;2.682350e-02;1.713217e-02;1.043126e-01;4.016778e-02;4.794584e-02;5.970936e-02;5.054624e-02;1.374248e-02
1.817582e-01;1.575744e-01;3.002232e-01;2.541524e-02;2.261865e-02;2.156138e-02;9.270824e-02;3.348872e-02;5.484290e-02;5.013453e-02;4.228068e-02;1.739390e-02
1.503011e-01;1.609488e-01;3.466569e-01;3.105470e-02;2.493541e-02;2.325397e-02;6.965766e-02;3.005798e-02;6.096610e-02;4.309543e-02;4.001367e-02;1.905823e-02
1.466157e-01;1.537933e-01;3.382288e-01;2.789201e-02;2.300374e-02;1.964871e-02;9.790185e-02;3.155778e-02;5.431736e-02;4.353184e-02;4.441981e-02;1.908905e-02
1.503568e-01;1.490283e-01;3.289263e-01;2.519478e-02;2.252968e-02;1.597931e-02;1.171656e-01;3.229700e-02;4.816905e-02;3.572801e-02;5.176355e-02;2.286166e-02
2.084158e-01;1.349390e-01;2.861495e-01;2.515925e-02;3.960894e-02;1.186304e-02;8.721387e-02;5.431359e-02;3.807836e-02;3.210542e-02;4.762123e-02;3.453191e-02
2.852454e-01;1.119732e-01;2.122631e-01;1.474776e-02;4.819246e-02;2.443937e-02;6.416185e-02;7.318149e-02;2.885611e-02;4.043040e-02;5.170982e-02;4.479905e-02
2.309781e-01;1.228392e-01;2.872113e-01;2.422947e-02;4.138823e-02;1.915095e-02;8.314530e-02;4.058955e-02;3.277451e-02;4.065609e-02;4.359781e-02;3.343946e-02
2.541497e-01;1.785637e-01;2.574633e-01;2.489307e-02;3.855550e-02;1.797523e-02;5.037434e-02;3.417304e-02;2.685772e-02;2.226495e-02;4.648511e-02;4.824434e-02
2.110436e-01;2.105101e-01;2.739975e-01;2.723255e-02;3.002615e-02;2.722209e-02;4.089195e-02;2.182540e-02;3.838179e-02;2.643309e-02;4.802520e-02;4.441060e-02
1.464349e-01;2.374637e-01;3.187775e-01;2.172415e-02;2.332889e-02;2.654640e-02;3.042047e-02;2.442464e-02;4.473057e-02;3.689769e-02;6.226697e-02;2.698401e-02
1.926847e-01;2.169189e-01;2.512718e-01;2.121801e-02;3.413019e-02;1.834626e-02;4.961275e-02;4.499313e-02;3.617773e-02;3.282197e-02;7.803907e-02;2.378556e-02
2.611772e-01;1.565436e-01;1.855406e-01;2.465265e-02;4.908050e-02;2.418266e-02;6.175437e-02;7.310580e-02;3.386005e-02;2.542394e-02;7.777256e-02;2.690616e-02
2.810417e-01;1.010545e-01;1.670588e-01;3.274637e-02;5.657532e-02;3.809935e-02;8.741421e-02;8.840016e-02;2.862210e-02;3.439461e-02;5.330956e-02;3.128341e-02
2.483854e-01;6.825705e-02;1.229837e-01;5.863737e-02;6.144641e-02;6.190442e-02;1.121803e-01;8.102894e-02;4.453924e-02;6.200894e-02;3.292061e-02;4.570763e-02
1.955996e-01;4.778567e-02;9.430636e-02;8.604500e-02;6.166794e-02;6.697062e-02;1.354739e-01;6.517769e-02;4.736078e-02;8.579697e-02;4.250832e-02;7.130715e-02
1.312661e-01;7.707764e-02;1.089967e-01;1.008746e-01;5.856815e-02;5.243780e-02;1.604926e-01;4.634821e-02;3.398481e-02;9.557375e-02;4.969820e-02;8.468142e-02
6.790417e-02;7.718786e-02;1.486719e-01;7.303020e-02;7.018330e-02;5.447311e-02;1.634463e-01;2.457105e-02;3.651889e-02;8.129339e-02;9.019262e-02;1.125273e-01
6.969280e-02;5.907745e-02;1.877673e-01;5.013457e-02;6.621441e-02;5.840697e-02;1.290209e-01;2.183364e-02;4.881110e-02;5.011977e-02;1.320440e-01;1.268772e-01
4.457192e-02;3.511028e-02;2.384882e-01;2.589644e-02;4.283023e-02;7.121512e-02;1.183559e-01;1.214752e-02;3.670181e-02;2.777080e-02;1.974545e-01;1.494572e-01
3.428976e-02;2.382336e-02;2.211989e-01;1.785901e-02;2.016081e-02;7.704707e-02;1.328474e-01;1.549180e-02;1.816767e-02;2.507867e-02;2.337209e-01;1.803147e-01
3.788116e-02;2.143647e-02;1.607966e-01;1.674638e-02;1.298021e-02;7.530992e-02;1.581892e-01;1.437094e-02;1.264608e-02;2.582250e-02;2.321952e-01;2.316253e-01
4.783850e-02;1.819377e-02;7.885408e-02;3.319187e-02;7.314616e-03;6.255162e-02;1.939028e-01;2.064700e-02;1.249654e-02;2.483133e-02;1.843555e-01;3.158224e-01
4.704208e-02;1.033872e-02;5.394969e-02;4.433272e-02;6.158189e-03;5.318462e-02;2.183596e-01;1.550179e-02;8.379932e-03;1.969819e-02;1.384885e-01;3.845660e-01
6.974287e-02;1.399319e-02;4.885813e-02;6.438915e-02;5.451377e-03;3.141474e-02;2.155821e-01;2.365425e-02;7.268770e-03;1.392489e-02;9.280126e-02;4.129192e-01
9.885117e-02;1.593957e-02;2.376988e-02;7.639416e-02;5.288356e-03;1.767884e-02;2.117220e-01;3.283702e-02;1.104256e-02;1.445841e-02;5.678752e-02;4.352305e-01
1.562004e-01;1.211155e-02;1.718252e-02;6.953046e-02;9.089013e-03;8.697972e-03;1.998708e-01;6.219513e-02;8.329915e-03;1.504727e-02;2.445701e-02;4.172880e-01
3.164044e-01;3.298352e-02;2.453044e-02;3.733575e-02;1.269381e-02;6.063801e-03;1.403158e-01;1.143871e-01;1.297971e-02;9.995019e-03;1.892379e-02;2.733869e-01
4.926491e-01;5.132246e-02;2.861963e-02;1.269987e-02;1.826221e-02;4.143051e-03;8.069970e-02;1.504098e-01;1.315257e-02;5.960364e-03;1.628791e-02;1.257934e-01
5.767663e-01;6.502076e-02;3.401711e-02;6.705915e-03;2.705694e-02;4.016199e-03;3.085287e-02;1.465762e-01;1.914210e-02;2.645324e-03;1.243570e-02;7.476467e-02
6.129795e-01;9.885104e-02;3.814462e-02;5.292129e-03;3.128695e-02;2.291630e-03;1.745103e-02;1.258717e-01;2.621419e-02;5.031632e-03;5.876468e-03;3.070913e-02
5.240532e-01;1.577127e-01;5.543667e-02;9.080042e-03;2.382622e-02;8.808926e-03;1.214440e-02;8.304230e-02;5.850079e-02;1.349069e-02;1.515069e-02;3.875332e-02
3.172330e-01;1.980369e-01;1.375111e-01;1.753559e-02;9.750846e-03;1.801500e-02;2.838318e-02;4.390360e-02;8.662361e-02;3.332397e-02;2.137978e-02;8.830348e-02
2.150729e-01;1.544703e-01;2.419122e-01;1.300331e-02;1.712023e-02;2.118848e-02;5.704291e-02;2.150112e-02;6.659511e-02;5.559302e-02;1.145055e-02;1.250500e-01
1.639101e-01;7.527387e-02;3.468095e-01;1.923634e-02;2.540154e-02;1.812349e-02;8.578813e-02;8.854119e-03;3.109116e-02;8.092112e-02;2.387426e-02;1.207164e-01
2.474868e-01;5.095097e-02;3.430242e-01;3.873920e-02;2.295681e-02;8.949270e-03;9.709823e-02;2.340954e-02;1.391948e-02;7.755339e-02;2.958216e-02;4.633002e-02
3.108753e-01;3.431544e-02;2.900363e-01;5.866700e-02;1.896313e-02;8.354345e-03;1.006202e-01;4.336153e-02;1.174305e-02;6.337509e-02;4.601961e-02;1.366897e-02
2.847545e-01;2.851315e-02;2.839845e-01;7.690688e-02;1.859061e-02;1.006360e-02;9.215367e-02;5.471531e-02;9.646329e-03;5.113772e-02;7.370480e-02;1.582900e-02
2.170101e-01;4.775461e-02;3.174201e-01;9.184345e-02;2.410905e-02;1.210100e-02;7.650629e-02;5.668815e-02;1.340612e-02;3.739047e-02;9.334987e-02;1.242078e-02
1.806116e-01;3.227356e-02;3.383690e-01;9.803594e-02;2.351388e-02;1.064375e-02;7.393010e-02;5.883081e-02;1.558630e-02;4.782479e-02;1.017180e-01;1.866224e-02
1.676853e-01;3.253026e-02;3.555208e-01;9.036361e-02;2.149756e-02;8.904815e-03;7.459769e-02;5.153129e-02;1.318214e-02;5.868882e-02;9.574648e-02;2.975126e-02
