4.566894e-02;2.611661e-02;1.404385e-01;4.264903e-02;1.241442e-01;1.098375e-01;2.611215e-01;4.938309e-02;1.977175e-02;2.703421e-02;7.348547e-02;8.034932e-02
4.745015e-02;3.553824e-02;1.291307e-01;2.629849e-02;1.608143e-01;1.332650e-01;1.593830e-01;7.061756e-02;2.199146e-02;4.327681e-02;9.112767e-02;8.110674e-02
3.504983e-02;2.971389e-02;1.349343e-01;4.589372e-02;1.358827e-01;1.187446e-01;1.626868e-01;7.301652e-02;4.232019e-02;7.956115e-02;6.105855e-02;8.113780e-02
4.887765e-02;3.834458e-02;2.283040e-01;5.723677e-02;5.921965e-02;6.649692e-02;1.814079e-01;3.949364e-02;2.573446e-02;1.202373e-01;8.364078e-02;5.100641e-02
7.589243e-02;6.764605e-02;2.325583e-01;5.662854e-02;4.191485e-02;2.963522e-02;1.470553e-01;3.748102e-02;8.311950e-02;1.188662e-01;9.532396e-02;1.387861e-02
9.821910e-02;1.072810e-01;1.533537e-01;4.462280e-02;3.526130e-02;2.542762e-02;1.032123e-01;5.440231e-02;1.513947e-01;8.004034e-02;1.082678e-01;3.851696e-02
8.449434e-02;1.463522e-01;2.173306e-01;2.745271e-02;1.359194e-02;2.903410e-02;5.131803e-02;4.673643e-02;2.337822e-01;3.180946e-02;7.537246e-02;4.272554e-02
4.484990e-02;1.246408e-01;3.568904e-01;2.568112e-02;1.166344e-02;1.706192e-02;1.877016e-02;2.426919e-02;1.979971e-01;1.300780e-01;2.629665e-02;2.180127e-02
2.159539e-02;7.159963e-02;4.702727e-01;4.120042e-02;1.194474e-02;7.737509e-03;1.570209e-02;1.127319e-02;9.880952e-02;2.040280e-01;3.625296e-02;9.583783e-03
1.211570e-02;2.659911e-02;4.838063e-01;7.772686e-02;1.651282e-02;6.008819e-03;1.447704e-02;9.869917e-03;4.340373e-02;2.077276e-01;9.686573e-02;4.886346e-03
7.314675e-03;1.437185e-02;4.172634e-01;1.323787e-01;2.944381e-02;8.844210e-03;1.356072e-02;7.526453e-03;2.162993e-02;1.406726e-01;2.024301e-01;4.563576e-03
6.618900e-03;1.248256e-02;3.045373e-01;1.900370e-01;5.207910e-02;1.107860e-02;7.626793e-03;1.123363e-02;1.139530e-02;6.306556e-02;3.179078e-01;1.193749e-02
6.012004e-03;9.457293e-03;2.116615e-01;2.187055e-01;8.416940e-02;1.266617e-02;9.920740e-03;1.548227e-02;1.075721e-02;2.384446e-02;3.620610e-01;3.526234e-02
7.997556e-03;7.456461e-03;1.840664e-01;2.088698e-01;1.320092e-01;1.727632e-02;9.076340e-03;9.577570e-03;7.597870e-03;1.453461e-02;3.129595e-01;8.857840e-02
4.180474e-03;1.005955e-02;1.542663e-01;1.739650e-01;1.869886e-01;2.719940e-02;1.696124e-02;7.154908e-03;8.084494e-03;1.837823e-02;2.039167e-01;1.888451e-01
6.605905e-03;5.031161e-03;1.193470e-01;1.353178e-01;2.316894e-01;3.518898e-02;1.600022e-02;6.013183e-03;9.650609e-03;1.658954e-02;1.067229e-01;3.118433e-01
4.783578e-03;2.232732e-03;9.843341e-02;1.143243e-01;2.344909e-01;4.158571e-02;2.122262e-02;2.293878e-03;6.302177e-03;9.055790e-03;8.212270e-02;3.831522e-01
4.796535e-03;3.868286e-03;8.768663e-02;1.086908e-01;2.370241e-01;4.040963e-02;2.072635e-02;3.440002e-03;2.787890e-03;1.023683e-02;4.406196e-02;4.362710e-01
4.217366e-03;4.191996e-03;9.802135e-02;1.228947e-01;2.081029e-01;3.042539e-02;1.172472e-02;3.732042e-03;3.813766e-03;1.488476e-02;8.434409e-02;4.136469e-01
5.544120e-03;5.407491e-03;9.835474e-02;1.253232e-01;1.914813e-01;2.751610e-02;8.560502e-03;4.087635e-03;4.416781e-03;2.210555e-02;1.300864e-01;3.771161e-01
3.835170e-03;5.246039e-03;9.522665e-02;1.226066e-01;1.884595e-01;3.314914e-02;1.873516e-02;2.417177e-03;3.963479e-03;2.167783e-02;1.423829e-01;3.623003e-01
6.368699e-03;6.209399e-03;1.126507e-01;1.416005e-01;1.649677e-01;2.684432e-02;1.433251e-02;5.519147e-03;2.266737e-03;1.928541e-02;1.838819e-01;3.160730e-01
3.165770e-03;8.747245e-03;1.491103e-01;1.725675e-01;1.167859e-01;1.778572e-02;1.290952e-02;8.740948e-03;2.960396e-03;1.995709e-02;2.752957e-01;2.119738e-01
5.787063e-03;7.800807e-03;2.129854e-01;1.954963e-01;7.523656e-02;1.241201e-02;5.588625e-03;1.129516e-02;4.964944e-03;2.401726e-02;3.333324e-01;1.110835e-01
5.912272e-03;6.160030e-03;3.285858e-01;1.906506e-01;5.036353e-02;8.729744e-03;5.152847e-03;9.561786e-03;7.306335e-03;5.494295e-02;2.868713e-01;4.576278e-02
7.447463e-03;9.077367e-03;4.648339e-01;1.494515e-01;3.685975e-02;7.106461e-03;1.042309e-02;5.804262e-03;1.344549e-02;1.093861e-01;1.707081e-01;1.545649e-02
8.007031e-03;2.255112e-02;5.585544e-01;8.860707e-02;1.989475e-02;4.596441e-03;1.338125e-02;2.043271e-03;1.775707e-02;1.721100e-01;8.818801e-02;4.309563e-03
3.905136e-03;4.823080e-02;6.018487e-01;5.322279e-02;9.810363e-03;3.244627e-03;1.015832e-02;2.784695e-03;2.987665e-02;1.977759e-01;3.449731e-02;4.644759e-03
1.744309e-02;9.753105e-02;5.638954e-01;3.498796e-02;6.390854e-03;6.741638e-03;6.681192e-03;5.782876e-03;7.811477e-02;1.638006e-01;1.172478e-02;6.905799e-03
4.438557e-02;1.693810e-01;4.407053e-01;1.709955e-02;7.943076e-03;1.562181e-02;4.750999e-03;1.471243e-02;1.610054e-01;9.571968e-02;1.841809e-02;1.025713e-02
1.101514e-01;1.867266e-01;3.235616e-01;1.213646e-02;1.538942e-02;1.920142e-02;9.399977e-03;4.153340e-02;2.033783e-01;4.897316e-02;1.808064e-02;1.146775e-02
2.032500e-01;1.289883e-01;2.600748e-01;1.713421e-02;3.340684e-02;1.222613e-02;2.414550e-02;8.607090e-02;1.563248e-01;3.010482e-02;2.090934e-02;2.736436e-02
2.137739e-01;8.989670e-02;2.475093e-01;3.073460e-02;4.669321e-02;1.680884e-02;6.628158e-02;8.737262e-02;7.064676e-02;3.807554e-02;3.260848e-02;5.959840e-02
1.399187e-01;7.334714e-02;2.449753e-01;5.431664e-02;5.522995e-02;3.729116e-02;8.987594e-02;5.518675e-02;5.014885e-02;5.437135e-02;6.372292e-02;8.161524e-02
8.146483e-02;8.561932e-02;2.099509e-01;6.820412e-02;5.279146e-02;3.769763e-02;6.030613e-02;7.848272e-02;1.266104e-01;5.652204e-02;7.345752e-02;6.889296e-02
5.171416e-02;1.118394e-01;1.776123e-01;7.329238e-02;6.317698e-02;4.628805e-02;6.154380e-02;9.526125e-02;1.036751e-01;6.915108e-02;9.133992e-02;5.510562e-02
2.817878e-02;8.621786e-02;3.095049e-01;7.145351e-02;8.013608e-02;4.999147e-02;9.774124e-02;3.908690e-02;7.898718e-02;5.576222e-02;7.002126e-02;3.291855e-02
2.612360e-02;6.939148e-02;4.175439e-01;9.075869e-02;8.815327e-02;4.949939e-02;5.911192e-02;2.687697e-02;5.435757e-02;2.985475e-02;6.368257e-02;2.464588e-02
2.057940e-02;5.143397e-02;3.642143e-01;1.050655e-01;1.502333e-01;5.973673e-02;7.902113e-02;2.207608e-02;3.368226e-02;2.506259e-02;5.529656e-02;3.359807e-02
2.955710e-02;3.292112e-02;2.189510e-01;6.960399e-02;2.451435e-01;1.059854e-01;1.652341e-01;1.252934e-02;1.932290e-02;1.482835e-02;3.113961e-02;5.478360e-02
4.185753e-02;2.557736e-02;1.341260e-01;2.556791e-02;2.792059e-01;2.014363e-01;2.069667e-01;8.794232e-03;1.497304e-02;8.925240e-03;5.101150e-03;4.746852e-02
7.276765e-02;3.740640e-02;6.291701e-02;2.783886e-02;1.562053e-01;2.209162e-01;3.593766e-01;9.759077e-03;1.122125e-02;8.328114e-03;9.154364e-03;2.410914e-02
6.950914e-02;6.521013e-02;1.135242e-01;4.660467e-02;6.980900e-02;1.285451e-01;3.642214e-01;4.063473e-02;3.872332e-02;2.245124e-02;2.208207e-02;1.868503e-02
6.086272e-02;5.054552e-02;2.044938e-01;6.533962e-02;5.276963e-02;9.290225e-02;2.426761e-01;5.791212e-02;5.631951e-02;5.678642e-02;4.077325e-02;1.861913e-02
5.936626e-02;2.329772e-02;2.419058e-01;8.896873e-02;5.653331e-02;8.996662e-02;1.604922e-01;6.389719e-02;8.665033e-02;6.050001e-02;3.938733e-02;2.903449e-02
3.967593e-02;1.208854e-02;2.872319e-01;1.286970e-01;5.553991e-02;6.200529e-02;1.010944e-01;7.939260e-02;1.268038e-01;3.484891e-02;2.744002e-02;4.518166e-02
1.217840e-02;2.517814e-02;3.761037e-01;1.299552e-01;2.201597e-02;3.384464e-02;6.030343e-02;1.135256e-01;1.310493e-01;1.551107e-02;1.805498e-02;6.227948e-02
1.257473e-02;2.649556e-02;4.258707e-01;1.083941e-01;7.245226e-03;1.929330e-02;5.946027e-02;1.255580e-01;1.181107e-01;1.373890e-02;1.798448e-02;6.527407e-02
1.034895e-02;3.051504e-02;4.376553e-01;9.920055e-02;1.054078e-02;2.080780e-02;6.855763e-02;1.241866e-01;1.073367e-01;1.316547e-02;1.296768e-02;6.471751e-02
7.084361e-03;3.259245e-02;4.415718e-01;9.044258e-02;5.077285e-03;2.416718e-02;7.671475e-02;1.312902e-01;1.066062e-01;1.235540e-02;6.132095e-03;6.596563e-02
9.968069e-03;3.466743e-02;4.129469e-01;7.742427e-02;9.071161e-03;2.580707e-02;8.443847e-02;1.446805e-01;1.149241e-01;1.670527e-02;5.185480e-03;6.418134e-02
1.390377e-02;3.748739e-02;3.686973e-01;6.404194e-02;7.824991e-03;2.706408e-02;9.133164e-02;1.537760e-01;1.421254e-01;2.051473e-02;6.945705e-03;6.628701e-02
1.060868e-02;5.031080e-02;3.508070e-01;5.830891e-02;7.868861e-03;3.028334e-02;8.858801e-02;1.599423e-01;1.449855e-01;2.069346e-02;7.861483e-03;6.974169e-02
7.525469e-03;6.864581e-02;3.580442e-01;5.141744e-02;7.914778e-03;2.847522e-02;1.008747e-01;1.563299e-01;1.142686e-01;2.255774e-02;8.403767e-03;7.554250e-02
2.258600e-02;8.832162e-02;3.400520e-01;4.322767e-02;1.274064e-02;2.389360e-02;1.462547e-01;1.254320e-01;8.809020e-02;2.657159e-02;1.117983e-02;7.165000e-02
4.545794e-02;1.024421e-01;2.848765e-01;4.125908e-02;2.733821e-02;2.412279e-02;2.186704e-01;8.138607e-02;7.307861e-02;2.332929e-02;2.356500e-02;5.447400e-02
5.843018e-02;1.009583e-01;2.040129e-01;3.643449e-02;4.843747e-02;4.224841e-02;2.685283e-01;7.605052e-02;7.722286e-02;1.772373e-02;3.296509e-02;3.698783e-02
7.090095e-02;6.722268e-02;1.805947e-01;2.823111e-02;7.997555e-02;6.885883e-02;2.051514e-01;1.266479e-01;8.693765e-02;2.590048e-02;3.225353e-02;2.732517e-02
3.741985e-02;9.936824e-02;2.825561e-01;4.192180e-02;8.196058e-02;6.097646e-02;6.817005e-02;1.017992e-01;1.120782e-01;3.907145e-02;3.211464e-02;4.256343e-02
4.922744e-02;1.015634e-01;2.892049e-01;4.912352e-02;6.587083e-02;2.696555e-02;1.224646e-01;5.004581e-02;8.588562e-02;6.443939e-02;3.542695e-02;5.978195e-02
1.045235e-01;9.698130e-02;2.314968e-01;2.384504e-02;7.066566e-02;3.094426e-02;1.326786e-01;7.720909e-02;6.658205e-02;6.988408e-02;4.310634e-02;5.208334e-02
7.787722e-02;6.461538e-02;2.591003e-01;5.363327e-02;4.202593e-02;3.567373e-02;1.643820e-01;7.997779e-02;5.814289e-02;5.852287e-02;5.051171e-02;5.553699e-02
7.868713e-02;7.842896e-02;2.824653e-01;4.971419e-02;2.503525e-02;2.407399e-02;2.107937e-01;8.115127e-02;5.187839e-02;3.453486e-02;4.176113e-02;4.147582e-02
9.754052e-02;1.445087e-01;2.548931e-01;3.041548e-02;2.188041e-02;2.238800e-02;2.438373e-01;5.825952e-02;3.215501e-02;2.664297e-02;3.390294e-02;3.357602e-02
2.063106e-01;1.905748e-01;1.659879e-01;2.015019e-02;2.428308e-02;3.966382e-02;2.262297e-01;2.380046e-02;1.197416e-02;3.117591e-02;2.871468e-02;3.113472e-02
3.558371e-01;1.654366e-01;6.799152e-02;1.442809e-02;3.692172e-02;5.932829e-02;1.449395e-01;2.463055e-02;2.963964e-02;4.129199e-02;1.522500e-02;4.433004e-02
4.464165e-01;1.240674e-01;3.532894e-02;9.816635e-03;5.854832e-02;7.604899e-02;6.097134e-02;2.227030e-02;3.591355e-02;4.053258e-02;1.405659e-02;7.602880e-02
4.056197e-01;6.891853e-02;3.247618e-02;1.028008e-02;7.904150e-02;9.526370e-02;1.122498e-01;1.625037e-02;3.427884e-02;3.664233e-02;1.807943e-02;9.089949e-02
3.419484e-01;7.035791e-02;3.908878e-02;1.470011e-02;9.883235e-02;1.062855e-01;1.646331e-01;1.956473e-02;2.155107e-02;3.524582e-02;1.427849e-02;7.351378e-02
2.552318e-01;7.227546e-02;8.420961e-02;2.783347e-02;1.228607e-01;9.737746e-02;1.454629e-01;2.114244e-02;5.533017e-02;2.549125e-02;1.863059e-02;7.415414e-02
1.503154e-01;5.027625e-02;1.904890e-01;5.106754e-02;1.373235e-01;8.259629e-02;8.910184e-02;3.292340e-02;6.914911e-02;2.246942e-02;4.023426e-02;8.405402e-02
1.184906e-01;5.202246e-02;2.873339e-01;5.948550e-02;1.039261e-01;5.527136e-02;6.071344e-02;4.093948e-02;5.985960e-02;3.808391e-02;5.700928e-02;6.686438e-02
1.217937e-01;7.646377e-02;3.283282e-01;5.285227e-02;6.785474e-02;4.709773e-02;6.564593e-02;3.218708e-02;5.133532e-02;5.173853e-02;5.704408e-02;4.765868e-02
1.200386e-01;8.077153e-02;2.856472e-01;5.756202e-02;8.646289e-02;7.906874e-02;6.081618e-02;4.944763e-02;5.979258e-02;5.733279e-02;3.029256e-02;3.276730e-02
7.603793e-02;6.760546e-02;1.535538e-01;4.830091e-02;1.281107e-01;1.112911e-01;1.648923e-01;4.869182e-02;9.321021e-02;3.201654e-02;3.732192e-02;3.896730e-02
7.543222e-02;5.157788e-02;2.408823e-01;5.446018e-02;1.557245e-01;1.259134e-01;1.087520e-01;3.129638e-02;5.596666e-02;3.485951e-02;2.915885e-02;3.597606e-02
1.202012e-01;3.107820e-02;2.211702e-01;5.363937e-02;1.468971e-01;1.115775e-01;1.445759e-01;2.223567e-02;4.904758e-02;3.265291e-02;2.583085e-02;4.109355e-02
1.355659e-01;5.228490e-02;1.776838e-01;3.459838e-02;1.375165e-01;8.830240e-02;1.227202e-01;3.182898e-02;8.052464e-02;4.806426e-02;3.333221e-02;5.757787e-02
1.134266e-01;5.597146e-02;2.457551e-01;5.404092e-02;9.016027e-02;5.840541e-02;1.237243e-01;4.371443e-02;5.734897e-02;4.417036e-02;3.240344e-02;8.087875e-02
9.547807e-02;8.002118e-02;1.548916e-01;5.330369e-02;4.254893e-02;4.768509e-02;1.100038e-01;6.440709e-02;1.195513e-01;8.827436e-02;6.015135e-02;8.368346e-02
1.009015e-01;7.922815e-02;1.144635e-01;5.539946e-02;3.314794e-02;4.222831e-02;8.576079e-02;6.058539e-02;1.491458e-01;9.805461e-02;5.667067e-02;1.244139e-01
1.154573e-01;4.730401e-02;1.547868e-01;7.158990e-02;3.473562e-02;3.887678e-02;1.274190e-01;6.377146e-02;1.002466e-01;7.171205e-02;6.826255e-02;1.058380e-01
1.365056e-01;8.365689e-02;1.363347e-01;5.329053e-02;4.331892e-02;3.387260e-02;2.272624e-01;5.298067e-02;5.456591e-02;5.208549e-02;5.729419e-02;6.883205e-02
1.224205e-01;1.028733e-01;1.653979e-01;3.165873e-02;4.051309e-02;3.186656e-02;2.795213e-01;6.230251e-02;3.470279e-02;3.853566e-02;4.684628e-02;4.336137e-02
1.105463e-01;1.116988e-01;1.850550e-01;2.781255e-02;4.291920e-02;3.571715e-02;2.884742e-01;5.912061e-02;3.209582e-02;3.359346e-02;4.197550e-02;3.099151e-02
1.019532e-01;1.182447e-01;2.040650e-01;3.064552e-02;4.515514e-02;4.115399e-02;2.846473e-01;4.601095e-02;3.490112e-02;2.018780e-02;3.512727e-02;3.790805e-02
5.711899e-02;9.667110e-02;1.848675e-01;3.381524e-02;2.407678e-02;2.284424e-02;2.887153e-01;7.332782e-02;6.237396e-02;3.568888e-02;8.101059e-02;3.948961e-02
8.329372e-02;7.311033e-02;2.032813e-01;5.651316e-02;2.500064e-02;2.842885e-02;2.035173e-01;7.762599e-02;8.363217e-02;4.293938e-02;5.432705e-02;6.833011e-02
1.010459e-01;5.119158e-02;2.056529e-01;1.053846e-01;3.150564e-02;2.139908e-02;1.313484e-01;7.038148e-02;1.412239e-01;4.570512e-02;3.451891e-02;6.064247e-02
1.456362e-01;1.944459e-02;1.601731e-01;1.660038e-01;4.508267e-02;1.168113e-02;7.013851e-02;5.668332e-02;2.039459e-01;6.683282e-02;2.959629e-02;2.478153e-02
1.653905e-01;1.535962e-02;1.153713e-01;1.752998e-01;7.713553e-02;1.633395e-02;4.948502e-02;4.589109e-02;1.920772e-01;1.089102e-01;3.139444e-02;7.351302e-03
1.197741e-01;4.047245e-02;8.471328e-02;1.379589e-01;1.311690e-01;3.167757e-02;4.726076e-02;2.960120e-02;1.451398e-01;1.819693e-01;3.400223e-02;1.626146e-02
5.336450e-02;1.081703e-01;5.511155e-02;8.363566e-02;1.702513e-01;3.361712e-02;3.050430e-02;2.640854e-02;1.026705e-01;2.620445e-01;4.451681e-02;2.970482e-02
1.872295e-02;1.980942e-01;3.017853e-02;4.598298e-02;1.693044e-01;2.951639e-02;2.504114e-02;2.848134e-02;5.813878e-02;2.997046e-01;5.979602e-02;3.703862e-02
8.425136e-03;2.770956e-01;1.708041e-02;1.968578e-02;1.490963e-01;2.997627e-02;1.055764e-02;3.941793e-02;5.110195e-02;2.955882e-01;6.710496e-02;3.486989e-02
1.065330e-02;3.087723e-01;1.354450e-02;2.564072e-02;1.282119e-01;3.777167e-02;1.091577e-02;5.117907e-02;5.125353e-02;2.630025e-01;7.316397e-02;2.589079e-02
8.949092e-03;2.810930e-01;1.234831e-02;3.109767e-02;1.176630e-01;5.948169e-02;1.652486e-02;6.604652e-02;3.782829e-02;2.352154e-01;1.092314e-01;2.452082e-02
1.132407e-02;2.032891e-01;1.493552e-02;3.264186e-02;1.131952e-01;8.696173e-02;3.667801e-02;7.184521e-02;2.392899e-02;2.338828e-01;1.544528e-01;1.686462e-02
1.360204e-02;1.624436e-01;2.387240e-02;3.245026e-02;1.040528e-01;1.033587e-01;4.288651e-02;6.985676e-02;1.501810e-02;2.398987e-01;1.805042e-01;1.205591e-02
1.019436e-02;1.671057e-01;1.775083e-02;3.140727e-02;1.152641e-01;1.000508e-01;3.916083e-02;7.338557e-02;1.890004e-02;2.452515e-01;1.679741e-01;1.355478e-02
1.030026e-02;2.256690e-01;1.786772e-02;2.495636e-02;1.248967e-01;8.117034e-02;2.734355e-02;7.311613e-02;2.241875e-02;2.424636e-01;1.291365e-01;2.066106e-02
7.431544e-03;2.732647e-01;1.350505e-02;2.267732e-02;1.368081e-01;5.770219e-02;1.020159e-02;6.147742e-02;2.729016e-02;2.628007e-01;1.052558e-01;2.158530e-02
7.662093e-03;2.789420e-01;9.536539e-03;2.874434e-02;1.443721e-01;3.664342e-02;7.991602e-03;4.261916e-02;3.765707e-02;2.907522e-01;8.596417e-02;2.911527e-02
1.103728e-02;2.510331e-01;7.283784e-03;3.812126e-02;1.575265e-01;2.013514e-02;1.153320e-02;2.565979e-02;4.932730e-02;3.248155e-01;7.133711e-02;3.219007e-02
1.402043e-02;2.145337e-01;1.287061e-02;4.264085e-02;1.680708e-01;1.490887e-02;1.373444e-02;1.840529e-02;5.186772e-02;3.495768e-01;6.663953e-02;3.273100e-02
1.802194e-02;1.734752e-01;2.881044e-02;5.218697e-02;1.650679e-01;2.514490e-02;1.769620e-02;1.976055e-02;6.566748e-02;3.418305e-01;6.474433e-02;2.759367e-02
3.439766e-02;1.001096e-01;8.559060e-02;6.999932e-02;1.440607e-01;3.298108e-02;2.381284e-02;2.273861e-02;9.850907e-02;3.143543e-01;5.802820e-02;1.541804e-02
7.288250e-02;4.985936e-02;1.556682e-01;9.052909e-02;9.197974e-02;2.577555e-02;4.786877e-02;2.927397e-02;1.494993e-01;2.323639e-01;4.617006e-02;8.129637e-03
1.077302e-01;2.976695e-02;1.597525e-01;1.092005e-01;4.816961e-02;1.369942e-02;8.287042e-02;4.914865e-02;2.032261e-01;1.480069e-01;3.934454e-02;9.084094e-03
8.729926e-02;4.196458e-02;1.502583e-01;1.119879e-01;2.860053e-02;1.200801e-02;1.370301e-01;7.713988e-02;2.081722e-01;9.398279e-02;2.908144e-02;2.247504e-02
4.046655e-02;5.741227e-02;1.728660e-01;7.422727e-02;2.506834e-02;1.829597e-02;2.521456e-01;1.054279e-01;1.363123e-01;5.944826e-02;2.068621e-02;3.764320e-02
3.258255e-02;6.465033e-02;1.684815e-01;3.528462e-02;2.740498e-02;2.867549e-02;3.853730e-01;9.536812e-02;6.110312e-02;4.152073e-02;2.647811e-02;3.307744e-02
6.008966e-02;9.866410e-02;1.088386e-01;1.996616e-02;4.398196e-02;5.261944e-02;4.413093e-01;5.262212e-02;3.091082e-02;3.551182e-02;2.946429e-02;2.602183e-02
8.747878e-02;1.023864e-01;8.562911e-02;2.720796e-02;7.940613e-02;8.677822e-02;3.560358e-01;5.236251e-02;2.164515e-02;4.104230e-02;2.229124e-02;3.773637e-02
1.136574e-01;8.062936e-02;1.422754e-01;4.144904e-02;1.272209e-01;1.070320e-01;1.369721e-01;6.681020e-02;5.590069e-02;4.586151e-02;1.766010e-02;6.453136e-02
7.195607e-02;3.239457e-02;2.605842e-01;5.694924e-02;1.034949e-01;8.396893e-02;1.100411e-01;5.742347e-02;6.968444e-02;3.388429e-02;5.091470e-02;6.870409e-02
7.819183e-02;2.932092e-02;3.773498e-01;5.651245e-02;8.058165e-02;4.153677e-02;9.436886e-02;3.984758e-02;5.509153e-02;5.042171e-02;5.197129e-02;4.480564e-02
7.551225e-02;5.395275e-02;4.458969e-01;4.140562e-02;4.966646e-02;3.318955e-02;7.253993e-02;3.777261e-02;4.114383e-02;6.275898e-02;3.879275e-02;4.736837e-02
8.227445e-02;6.605106e-02;3.520721e-01;5.662771e-02;6.259383e-02;4.470579e-02;1.136652e-01;3.250607e-02;5.573438e-02;4.864382e-02;3.409221e-02;5.103333e-02
9.724391e-02;5.999022e-02;2.685642e-01;8.520591e-02;7.881735e-02;3.892661e-02;1.126681e-01;5.316717e-02;6.674669e-02;2.807791e-02;5.537804e-02;5.521392e-02
6.757376e-02;6.973226e-02;1.805146e-01;8.867444e-02;1.420271e-01;5.585624e-02;7.276849e-02;6.641555e-02;8.597965e-02;3.721586e-02;5.527406e-02;7.796797e-02
1.059725e-01;5.958392e-02;1.069404e-01;5.122267e-02;1.657134e-01;8.382016e-02;1.596475e-01;3.948412e-02;8.313290e-02;3.231246e-02;2.280321e-02;8.936674e-02
1.539391e-01;6.925964e-02;5.852075e-02;2.545316e-02;1.160713e-01;1.131677e-01;2.896618e-01;2.203934e-02;4.507500e-02;4.033292e-02;1.410816e-02;5.237108e-02
1.200863e-01;9.254535e-02;5.070236e-02;2.108951e-02;6.755937e-02;9.784194e-02;4.045246e-01;3.282692e-02;2.469148e-02;4.089054e-02;2.373997e-02;2.350169e-02
5.318396e-02;1.176309e-01;8.021180e-02;1.295312e-02;3.897754e-02;6.335589e-02;4.849712e-01;4.476854e-02;2.319585e-02;3.012821e-02;4.094000e-02;9.682967e-03
3.226763e-02;1.027177e-01;1.544100e-01;1.315243e-02;2.526903e-02;3.063403e-02;4.765781e-01;6.538336e-02;2.132580e-02;2.037778e-02;4.208166e-02;1.580252e-02
1.993972e-02;6.502419e-02;2.427521e-01;1.904124e-02;1.549099e-02;1.810718e-02;4.109115e-01;8.964819e-02;3.575432e-02;2.275589e-02;2.485688e-02;3.571774e-02
8.954368e-03;3.167215e-02;3.151507e-01;3.617411e-02;1.137205e-02;1.804575e-02;3.345055e-01;9.879816e-02;5.403301e-02;2.878621e-02;9.813465e-03;5.269454e-02
1.025703e-02;2.181377e-02;3.434129e-01;7.255466e-02;1.750786e-02;1.650055e-02;2.557362e-01;8.370133e-02;8.534530e-02;3.528474e-02;8.186569e-03;4.969911e-02
2.815780e-02;1.893098e-02;2.912260e-01;1.346446e-01;2.850810e-02;1.171409e-02;1.648127e-01;8.031616e-02;1.479492e-01;5.392348e-02;1.378195e-02;2.603501e-02
5.155705e-02;9.525463e-03;1.907269e-01;1.992197e-01;3.848310e-02;8.181736e-03;9.151493e-02;7.209786e-02;2.206955e-01;8.887988e-02;2.261394e-02;6.503890e-03
7.542028e-02;5.057794e-03;1.021375e-01;2.395408e-01;4.623109e-02;3.898637e-03;4.579538e-02;6.303824e-02;2.627636e-01;1.238048e-01;2.634810e-02;5.963865e-03
8.866042e-02;3.729379e-03;7.093162e-02;2.410237e-01;5.975837e-02;5.166862e-03;4.452310e-02;4.655834e-02;2.644067e-01;1.400660e-01;2.764934e-02;7.526060e-03
9.452782e-02;9.426622e-03;5.296025e-02;2.214957e-01;6.949789e-02;4.772365e-03;3.572822e-02;4.257233e-02;2.808115e-01;1.524698e-01;2.906666e-02;6.670846e-03
1.004030e-01;9.907797e-03;2.588721e-02;2.081848e-01;7.300771e-02;6.910970e-03;4.285242e-02;3.789635e-02;2.906092e-01;1.635050e-01;3.533333e-02;5.502228e-03
9.808982e-02;1.007174e-02;5.375454e-02;2.032383e-01;6.241354e-02;5.721896e-03;4.418402e-02;3.957855e-02;2.874558e-01;1.544639e-01;3.582239e-02;5.205545e-03
8.868494e-02;5.643788e-03;7.762144e-02;2.073270e-01;4.845277e-02;3.995186e-03;4.773718e-02;4.322432e-02;2.971583e-01;1.409804e-01;3.358274e-02;5.591963e-03
5.946769e-02;1.049317e-02;1.224101e-01;1.728583e-01;3.949079e-02;5.747440e-03;1.176053e-01;5.806995e-02;2.555650e-01;1.147943e-01;2.983199e-02;1.366607e-02
2.944215e-02;1.901173e-02;1.759126e-01;1.219194e-01;3.594677e-02;1.515731e-02;2.304563e-01;7.391370e-02;1.673080e-01;8.372353e-02;2.428241e-02;2.292607e-02
8.259168e-03;1.417653e-02;1.964688e-01;8.477033e-02;3.396692e-02;2.089353e-02;3.708173e-01;8.127894e-02;7.813455e-02;5.959688e-02;2.413018e-02;2.750693e-02
1.888339e-02;2.580061e-02;1.603121e-01;5.352594e-02;4.203665e-02;3.307926e-02;4.705862e-01;5.836278e-02;5.080628e-02;4.445014e-02;2.428333e-02;1.787329e-02
2.696368e-02;4.322747e-02;9.899353e-02;4.453527e-02;7.112796e-02;5.754673e-02;4.366892e-01;4.957924e-02;9.057398e-02;4.638340e-02;2.195716e-02;1.242239e-02
4.150650e-02;2.908987e-02;9.398606e-02;7.570220e-02;1.103137e-01;7.154360e-02;2.782451e-01;7.365578e-02;9.245084e-02;8.039130e-02;3.344762e-02;1.966747e-02
6.480223e-02;2.659640e-02;2.177125e-01;8.057737e-02;6.872767e-02;4.725185e-02;1.279167e-01;6.107262e-02;1.250730e-01;1.008024e-01;5.631178e-02;2.315551e-02
7.679171e-02;4.410226e-02;1.415078e-01;6.952079e-02;4.033469e-02;3.466045e-02;6.910953e-02;5.534885e-02;1.852031e-01;1.883244e-01;5.857267e-02;3.652384e-02
4.559615e-02;5.794142e-02;8.787394e-02;4.478855e-02;4.696485e-02;3.647456e-02;5.097423e-02;4.119874e-02;2.023101e-01;2.952334e-01;4.950843e-02;4.113567e-02
4.992041e-02;6.385031e-02;1.353184e-01;3.352017e-02;6.709856e-02;5.103144e-02;7.692412e-02;3.763838e-02;1.550270e-01;2.544596e-01;3.890081e-02;3.631079e-02
7.580180e-02;5.291552e-02;2.194169e-01;4.218033e-02;7.846621e-02;5.063041e-02;1.860266e-01;2.827766e-02;9.830199e-02;9.430575e-02;3.287810e-02;4.079874e-02
9.286166e-02;6.273817e-02;2.637110e-01;3.882334e-02;6.197683e-02;4.984207e-02;1.809159e-01;3.220597e-02;9.191129e-02;5.276457e-02;3.453460e-02;3.771454e-02
9.303436e-02;6.835235e-02;3.242558e-01;3.563812e-02;4.010137e-02;3.628924e-02;1.542682e-01;4.447439e-02;6.870688e-02;6.619708e-02;4.140201e-02;2.728022e-02
8.515880e-02;5.565237e-02;3.925805e-01;5.753034e-02;4.400712e-02;2.946587e-02;1.309108e-01;3.170109e-02;2.535217e-02;7.895076e-02;4.918124e-02;1.950898e-02
7.588270e-02;7.410351e-02;3.592744e-01;6.616770e-02;5.242119e-02;2.756345e-02;1.112305e-01;3.111384e-02;5.116341e-02;7.327763e-02;5.089434e-02;2.690730e-02
7.700294e-02;7.923493e-02;2.752945e-01;7.159998e-02;5.819681e-02;4.371519e-02;1.117360e-01;4.774864e-02;8.239327e-02;7.259397e-02;4.025688e-02;4.022691e-02
5.388019e-02;6.501460e-02;2.279067e-01;6.548498e-02;5.047603e-02;3.633496e-02;1.536632e-01;4.533600e-02;9.962925e-02;9.605574e-02;6.644353e-02;3.977477e-02
6.609601e-02;7.302807e-02;1.799679e-01;6.683967e-02;5.165594e-02;2.422609e-02;1.440548e-01;5.224029e-02;1.146656e-01;1.182634e-01;6.523018e-02;4.373216e-02
6.722753e-02;7.315028e-02;1.671265e-01;6.640689e-02;4.181611e-02;2.792367e-02;1.368696e-01;5.328442e-02;1.546307e-01;1.016820e-01;6.514793e-02;4.473438e-02
7.085929e-02;6.258345e-02;1.750681e-01;5.987914e-02;5.248233e-02;3.527341e-02;1.427426e-01;6.938238e-02;1.295479e-01;7.163610e-02;7.205849e-02;5.848685e-02
8.890445e-02;4.819967e-02;1.520658e-01;4.816628e-02;6.875271e-02;5.291713e-02;1.306270e-01;7.865484e-02;1.250242e-01;5.653825e-02;7.541412e-02;7.473549e-02
1.101009e-01;4.089504e-02;1.439144e-01;5.491831e-02;7.491758e-02;5.809252e-02;1.335793e-01;6.154771e-02;9.791214e-02;7.963455e-02;6.355006e-02;8.093757e-02
1.000569e-01;9.511498e-02;1.626448e-01;8.412746e-02;6.473354e-02;4.675167e-02;1.085321e-01;8.164088e-02;6.150044e-02;8.409127e-02;6.024082e-02;5.056510e-02
1.222558e-01;1.413361e-01;1.421462e-01;7.680809e-02;4.826139e-02;4.642489e-02;7.076915e-02;1.039557e-01;4.533900e-02;7.770985e-02;9.160997e-02;3.338388e-02
1.775294e-01;8.829520e-02;2.031249e-01;5.691883e-02;3.917708e-02;5.733667e-02;9.768104e-02;8.537702e-02;3.357446e-02;4.893794e-02;5.014893e-02;6.189844e-02
1.150845e-01;1.073863e-01;2.548565e-01;5.868360e-02;4.528841e-02;3.406887e-02;1.109387e-01;7.988364e-02;4.045044e-02;4.655988e-02;3.658354e-02;7.021561e-02
4.983398e-02;1.063499e-01;2.991273e-01;6.397682e-02;4.043387e-02;2.976955e-02;1.535677e-01;7.934079e-02;3.528640e-02;3.955816e-02;4.598777e-02;5.676784e-02
4.601000e-02;1.211087e-01;2.992499e-01;5.348093e-02;3.162633e-02;2.448815e-02;2.157923e-01;6.152897e-02;2.067007e-02;2.545782e-02;6.922736e-02;3.135946e-02
5.052053e-02;1.490920e-01;2.278436e-01;3.178759e-02;2.362118e-02;1.852729e-02;3.100894e-01;5.654667e-02;1.773213e-02;8.669415e-03;9.428632e-02;1.128384e-02
5.137628e-02;1.640454e-01;1.012022e-01;1.428236e-02;1.744883e-02;2.031858e-02;4.214375e-01;6.112672e-02;2.119187e-02;1.168110e-02;1.065993e-01;9.289823e-03
5.751999e-02;1.527959e-01;3.335441e-02;1.165352e-02;2.290310e-02;4.031941e-02;4.758109e-01;5.567567e-02;2.108081e-02;1.439547e-02;1.016409e-01;1.284984e-02
5.938949e-02;1.175206e-01;9.301808e-02;1.029533e-02;2.620006e-02;2.933652e-02;4.170974e-01;1.158362e-01;1.791657e-02;8.879059e-03;8.774222e-02;1.676846e-02
6.450859e-02;8.755479e-02;1.680197e-01;7.771468e-03;2.025427e-02;8.683451e-03;3.502638e-01;1.861716e-01;1.043558e-02;6.794380e-03;6.406831e-02;2.547406e-02
5.058565e-02;6.088078e-02;2.316742e-01;1.031317e-02;1.139870e-02;7.363790e-03;2.692465e-01;2.521274e-01;7.804296e-03;1.131613e-02;4.001946e-02;4.726992e-02
3.099980e-02;5.244965e-02;2.812060e-01;1.180806e-02;6.308559e-03;6.224783e-03;1.931447e-01;2.862051e-01;1.564467e-02;1.676892e-02;2.706737e-02;7.217247e-02
1.595865e-02;5.218470e-02;3.254690e-01;1.500647e-02;5.449408e-03;5.810254e-03;1.350762e-01;2.841638e-01;2.245237e-02;1.926985e-02;2.506145e-02;9.409776e-02
1.134081e-02;5.269158e-02;3.541646e-01;1.712358e-02;4.780952e-03;6.162582e-03;1.159564e-01;2.742295e-01;2.077796e-02;1.957424e-02;1.964485e-02;1.035529e-01
1.145598e-02;5.885274e-02;3.395808e-01;1.343827e-02;4.807642e-03;5.826783e-03;1.646494e-01;2.485871e-01;1.619853e-02;1.894780e-02;2.474055e-02;9.291440e-02
3.263874e-02;8.498110e-02;2.846364e-01;1.224745e-02;1.171705e-02;6.006427e-03;2.270818e-01;1.980068e-01;1.271006e-02;1.294409e-02;4.818307e-02;6.884705e-02
5.982045e-02;1.278747e-01;1.906744e-01;9.974796e-03;1.967937e-02;1.045586e-02;2.945284e-01;1.458398e-01;1.370106e-02;1.052156e-02;7.300960e-02;4.392005e-02
1.018745e-01;1.805125e-01;9.446511e-02;8.460213e-03;2.216214e-02;2.171683e-02;3.231172e-01;1.071285e-01;2.112017e-02;1.595039e-02;7.244299e-02;3.104952e-02
1.631186e-01;2.172838e-01;4.608356e-02;1.002158e-02;1.888591e-02;3.858139e-02;3.034212e-01;6.790778e-02;2.464283e-02;2.879279e-02;4.740712e-02;3.385336e-02
1.981913e-01;2.220284e-01;5.610771e-02;1.871332e-02;2.060327e-02;4.629458e-02;2.361070e-01;3.169963e-02;3.520877e-02;4.590917e-02;4.325283e-02;4.588396e-02
1.554970e-01;2.105961e-01;1.394570e-01;3.372015e-02;2.509297e-02;3.955973e-02;1.707556e-01;2.854475e-02;4.477471e-02;4.830313e-02;4.932139e-02;5.437744e-02
5.701620e-02;2.269566e-01;1.650378e-01;3.852644e-02;3.250203e-02;3.263135e-02;1.691325e-01;7.645536e-02;4.933332e-02;4.605593e-02;5.240806e-02;5.394441e-02
1.468957e-01;2.225184e-01;1.171867e-01;3.457623e-02;3.343277e-02;3.678508e-02;1.804827e-01;7.830946e-02;2.974731e-02;3.370855e-02;4.934433e-02;3.701277e-02
9.963975e-02;2.660861e-01;8.321875e-02;2.730679e-02;2.818669e-02;4.271038e-02;2.289281e-01;1.002597e-01;2.569031e-02;2.472920e-02;4.315200e-02;3.009233e-02
9.383556e-02;2.561833e-01;1.105063e-01;3.065568e-02;2.813109e-02;2.722337e-02;2.622236e-01;9.066960e-02;2.545374e-02;2.569932e-02;1.636821e-02;3.305037e-02
1.253737e-01;2.029400e-01;9.965878e-02;3.185828e-02;3.767903e-02;4.907439e-02;2.645443e-01;4.270411e-02;3.832226e-02;2.788733e-02;3.338819e-02;4.656960e-02
9.911458e-02;1.061542e-01;1.132514e-01;3.692118e-02;6.380973e-02;6.708610e-02;1.699050e-01;7.434031e-02;6.842172e-02;9.088282e-02;2.917920e-02;8.093382e-02
8.436330e-02;6.816735e-02;9.601619e-02;4.477283e-02;5.405796e-02;5.234740e-02;9.512464e-02;1.009822e-01;1.273210e-01;1.162852e-01;7.271298e-02;8.784907e-02
9.556083e-02;7.563149e-02;1.007302e-01;3.725372e-02;4.056147e-02;4.283231e-02;9.029353e-02;1.148845e-01;1.426713e-01;1.051121e-01;7.938611e-02;7.508244e-02
9.531518e-02;8.069301e-02;1.495954e-01;4.133086e-02;4.183918e-02;3.865444e-02;1.315966e-01;6.547893e-02;1.145490e-01;1.005912e-01;7.464319e-02;6.571301e-02
7.342521e-02;5.558473e-02;2.407671e-01;4.420789e-02;6.918468e-02;4.770221e-02;2.016670e-01;3.308304e-02;5.801446e-02;6.813461e-02;5.633274e-02;5.189628e-02
6.569637e-02;4.113648e-02;3.319051e-01;4.320363e-02;5.387503e-02;4.768525e-02;2.132818e-01;3.421640e-02;4.986140e-02;4.691743e-02;3.702336e-02;3.519771e-02
4.756514e-02;2.684726e-02;4.576655e-01;4.839911e-02;4.871483e-02;4.861287e-02;1.650200e-01;2.967418e-02;2.671061e-02;5.238006e-02;2.940083e-02;1.900962e-02
2.589332e-02;3.662157e-02;5.560116e-01;4.280864e-02;4.623259e-02;4.244836e-02;9.627272e-02;2.054860e-02;2.407857e-02;6.336828e-02;3.115681e-02;1.455894e-02
1.564041e-02;4.744739e-02;5.977606e-01;3.121861e-02;3.885682e-02;3.367258e-02;8.095348e-02;1.535504e-02;2.710848e-02;7.020006e-02;3.025494e-02;1.153163e-02
8.156893e-03;3.260070e-02;5.785539e-01;3.918714e-02;6.471585e-02;2.205077e-02;1.051657e-01;1.871956e-02;2.623780e-02;6.941328e-02;2.646357e-02;8.734830e-03
1.984848e-02;2.639252e-02;4.165632e-01;5.738932e-02;8.601616e-02;6.049784e-02;1.640194e-01;2.892447e-02;3.361105e-02;5.948917e-02;2.478583e-02;2.246254e-02
1.616376e-02;3.734281e-02;3.273332e-01;5.327049e-02;7.912968e-02;1.049855e-01;2.157058e-01;2.764341e-02;3.474402e-02;5.232433e-02;2.643827e-02;2.491879e-02
2.867177e-02;3.222163e-02;3.378553e-01;3.154608e-02;5.191489e-02;1.161410e-01;2.641240e-01;2.511455e-02;2.106028e-02;5.052804e-02;2.433239e-02;1.649003e-02
3.781623e-02;4.630592e-02;3.719170e-01;3.018209e-02;4.393457e-02;9.145258e-02;2.711458e-01;9.264335e-03;9.065860e-03;5.390347e-02;2.742870e-02;7.583464e-03
4.704808e-02;7.853558e-02;3.792796e-01;3.274347e-02;4.445739e-02;5.895965e-02;2.169058e-01;2.628578e-02;2.123136e-02;5.366003e-02;2.971494e-02;1.117834e-02
6.482209e-02;1.053307e-01;4.068386e-01;4.603753e-02;4.723042e-02;3.343697e-02;1.473051e-01;2.495288e-02;2.290946e-02;5.366746e-02;2.510332e-02;2.236542e-02
5.559036e-02;1.472636e-01;3.830871e-01;5.920948e-02;4.926690e-02;3.472211e-02;8.687975e-02;2.821899e-02;2.996027e-02;5.392236e-02;2.317949e-02;4.869963e-02
4.293630e-02;1.911210e-01;2.803588e-01;8.144502e-02;3.993367e-02;7.256084e-02;5.434681e-02;2.449490e-02;8.391031e-02;4.166182e-02;1.942999e-02;6.780057e-02
6.978100e-02;1.648774e-01;2.045276e-01;8.770603e-02;4.664406e-02;9.272224e-02;7.313614e-02;3.701028e-02;8.494548e-02;2.356375e-02;5.357172e-02;6.151424e-02
9.460483e-02;9.686359e-02;1.892288e-01;6.142076e-02;5.560452e-02;8.205041e-02;1.387063e-01;7.363847e-02;3.851552e-02;5.349532e-02;7.986721e-02;3.600418e-02
9.064724e-02;9.092640e-02;2.318398e-01;4.787363e-02;5.325582e-02;4.431321e-02;1.353520e-01;6.503246e-02;5.237721e-02;7.398438e-02;7.065144e-02;4.374639e-02
9.315675e-02;1.023378e-01;2.317992e-01;6.709876e-02;7.583869e-02;6.437546e-02;1.098462e-01;3.373077e-02;5.151381e-02;6.551159e-02;5.815127e-02;4.663963e-02
1.339046e-01;9.590150e-02;1.644953e-01;4.198104e-02;8.440053e-02;7.633098e-02;1.342625e-01;5.009998e-02;5.536859e-02;8.868569e-02;3.389694e-02;4.067233e-02
2.028512e-01;1.062095e-01;8.911254e-02;3.577868e-02;5.600083e-02;8.300146e-02;2.051735e-01;2.539693e-02;5.718188e-02;7.349518e-02;2.402958e-02;4.176879e-02
1.677789e-01;1.547432e-01;1.064293e-01;2.286188e-02;3.970726e-02;6.036777e-02;2.791988e-01;3.861997e-02;3.010293e-02;4.190380e-02;3.249199e-02;2.579417e-02
9.158366e-02;1.853656e-01;1.776933e-01;1.478650e-02;4.074722e-02;3.480614e-02;3.167058e-01;4.258916e-02;2.413594e-02;1.756910e-02;3.888214e-02;1.513548e-02
7.732520e-02;1.827180e-01;2.420081e-01;1.110179e-02;4.080814e-02;1.878351e-02;3.185963e-01;3.654950e-02;2.135235e-02;9.547924e-03;3.414930e-02;7.059789e-03
8.218541e-02;1.241981e-01;3.206655e-01;2.467747e-02;3.165799e-02;1.432747e-02;2.940954e-01;4.739711e-02;1.398453e-02;1.076265e-02;2.649129e-02;9.557075e-03
5.279563e-02;3.163195e-02;4.061593e-01;4.764884e-02;2.753275e-02;1.373256e-02;2.632058e-01;7.870059e-02;9.999890e-03;1.525827e-02;2.297202e-02;3.036243e-02
2.219784e-02;4.201070e-02;4.383531e-01;3.401837e-02;1.482171e-02;1.192977e-02;2.075791e-01;1.091668e-01;2.308965e-02;1.689732e-02;2.139913e-02;5.853653e-02
1.267577e-02;4.724650e-02;4.490094e-01;3.829661e-02;6.115689e-03;1.195395e-02;1.585882e-01;1.208049e-01;4.473836e-02;2.023049e-02;1.217318e-02;7.816698e-02
1.153369e-02;4.092983e-02;4.453869e-01;7.012966e-02;6.514844e-03;1.435933e-02;1.144204e-01;1.140281e-01;7.888235e-02;2.171257e-02;6.259905e-03;7.584240e-02
1.285112e-02;5.041068e-02;4.153813e-01;8.816478e-02;1.033954e-02;1.638489e-02;8.006968e-02;1.237789e-01;1.182863e-01;1.920448e-02;6.214193e-03;5.891413e-02
1.577162e-02;5.652747e-02;4.006782e-01;8.373506e-02;6.759085e-03;1.955023e-02;6.264494e-02;1.350983e-01;1.281684e-01;1.882646e-02;6.934241e-03;6.530607e-02
2.570909e-02;7.569731e-02;3.778169e-01;6.842183e-02;7.584164e-03;1.932831e-02;8.219925e-02;1.229955e-01;1.065897e-01;2.240163e-02;1.126279e-02;7.999353e-02
4.472610e-02;8.994983e-02;3.330956e-01;5.869131e-02;1.502891e-02;2.148572e-02;1.328509e-01;9.332196e-02;8.614167e-02;2.661300e-02;2.196049e-02;7.613450e-02
4.305431e-02;9.108508e-02;2.957301e-01;6.068020e-02;3.589214e-02;2.844133e-02;1.797439e-01;6.960661e-02;7.252001e-02;3.000483e-02;2.771156e-02;6.552994e-02
4.398009e-02;6.709985e-02;2.631857e-01;6.352179e-02;7.359105e-02;4.237296e-02;1.664114e-01;1.063878e-01;6.464031e-02;3.294866e-02;3.032002e-02;4.554030e-02
3.395763e-02;7.021531e-02;3.566210e-01;6.573486e-02;6.812714e-02;3.822504e-02;7.137869e-02;1.124709e-01;9.623528e-02;3.477992e-02;1.958801e-02;3.266624e-02
2.271348e-02;1.007433e-01;3.654625e-01;7.729696e-02;5.187523e-02;4.164223e-02;5.021213e-02;7.224701e-02;1.082014e-01;2.440558e-02;3.446544e-02;5.073478e-02
4.309289e-02;8.545729e-02;3.600533e-01;8.199427e-02;2.458732e-02;3.529914e-02;7.883336e-02;4.639672e-02;9.598187e-02;4.144950e-02;3.596986e-02;7.088446e-02
6.652916e-02;7.219981e-02;2.170876e-01;9.106661e-02;2.984797e-02;2.511730e-02;1.257072e-01;7.601715e-02;1.092529e-01;7.379770e-02;5.344228e-02;5.993434e-02
1.369744e-01;6.030616e-02;1.620109e-01;5.422259e-02;3.479604e-02;3.018555e-02;1.667557e-01;6.406041e-02;6.159813e-02;1.038399e-01;8.881798e-02;3.643220e-02
1.159593e-01;7.375035e-02;1.849163e-01;3.702906e-02;4.868245e-02;4.089340e-02;1.439909e-01;5.799596e-02;6.205950e-02;1.016309e-01;8.731648e-02;4.577541e-02
8.988784e-02;7.592754e-02;2.375993e-01;4.826359e-02;6.090025e-02;3.955610e-02;9.588989e-02;6.037144e-02;4.600396e-02;1.059919e-01;9.237984e-02;4.722833e-02
6.448606e-02;6.130737e-02;2.765230e-01;6.261669e-02;9.011067e-02;4.468436e-02;8.326361e-02;4.357080e-02;3.095517e-02;9.453987e-02;9.561495e-02;5.232744e-02
7.063448e-02;4.231130e-02;3.074974e-01;7.861775e-02;1.403104e-01;5.576416e-02;3.530407e-02;2.452605e-02;4.596222e-02;6.553234e-02;7.257912e-02;6.096074e-02
6.123341e-02;4.869078e-02;3.217514e-01;8.356424e-02;1.546739e-01;5.839562e-02;6.716121e-02;3.173382e-02;4.896281e-02;4.960440e-02;4.150636e-02;3.272198e-02
5.246814e-02;5.090850e-02;3.645574e-01;7.652728e-02;1.363624e-01;5.642197e-02;4.970498e-02;3.375509e-02;4.458521e-02;5.801734e-02;4.316650e-02;3.352520e-02
2.981885e-02;4.632901e-02;3.891976e-01;6.677776e-02;9.987547e-02;5.537594e-02;6.612806e-02;2.125454e-02;4.157848e-02;9.506636e-02;4.281503e-02;4.578298e-02
6.431701e-02;3.983643e-02;2.963555e-01;6.581384e-02;8.468531e-02;5.203425e-02;7.462393e-02;3.653758e-02;2.935823e-02;1.607241e-01;4.936906e-02;4.634482e-02
5.533167e-02;2.998977e-02;1.963356e-01;6.803377e-02;6.409129e-02;3.948716e-02;1.143946e-01;7.044966e-02;5.401194e-02;2.289992e-01;3.812594e-02;4.074934e-02
4.372067e-02;3.691113e-02;1.892814e-01;6.284150e-02;7.113086e-02;6.006721e-02;8.444570e-02;8.314265e-02;1.165884e-01;1.893665e-01;3.724301e-02;2.526094e-02
8.625158e-02;4.984749e-02;1.231366e-01;5.132867e-02;1.072344e-01;6.591544e-02;8.872955e-02;6.382870e-02;1.417601e-01;1.436277e-01;4.819563e-02;3.014404e-02
5.838959e-02;4.777344e-02;6.744312e-02;5.009232e-02;9.781231e-02;6.815999e-02;1.209920e-01;6.911395e-02;1.225986e-01;2.390077e-01;3.521819e-02;2.339879e-02
3.492871e-02;3.341294e-02;8.181510e-02;4.771714e-02;6.241725e-02;5.562508e-02;1.027461e-01;6.487519e-02;1.181640e-01;3.139785e-01;3.150221e-02;5.281776e-02
8.147626e-02;5.707835e-02;7.782555e-02;4.927730e-02;3.992965e-02;4.586214e-02;9.151656e-02;4.893048e-02;1.543277e-01;2.552389e-01;4.006110e-02;5.847603e-02
1.064351e-01;8.098552e-02;1.779159e-01;5.164144e-02;2.874010e-02;2.140965e-02;9.912898e-02;3.935385e-02;9.035617e-02;1.727522e-01;7.194796e-02;5.933321e-02
1.202959e-01;6.880700e-02;2.092030e-01;3.236178e-02;3.923242e-02;2.431509e-02;1.743617e-01;4.671937e-02;5.715261e-02;1.273445e-01;5.679299e-02;4.341361e-02
1.041726e-01;7.494467e-02;1.230621e-01;2.451142e-02;6.202387e-02;5.682704e-02;2.878923e-01;3.804491e-02;5.716733e-02;1.046537e-01;4.139848e-02;2.530167e-02
9.749391e-02;7.718167e-02;4.937043e-02;2.914899e-02;8.701476e-02;9.264216e-02;3.827204e-01;2.211468e-02;4.529587e-02;8.342621e-02;2.031062e-02;1.328032e-02
1.269365e-01;7.697657e-02;5.258237e-02;3.709855e-02;9.233204e-02;1.159151e-01;3.797478e-01;1.165608e-02;2.178440e-02;6.540068e-02;5.977799e-03;1.359205e-02
1.705310e-01;7.845339e-02;2.930612e-02;4.381363e-02;9.169236e-02;1.293838e-01;3.348301e-01;7.480752e-03;1.840722e-02;7.447553e-02;5.800491e-03;1.582549e-02
1.942586e-01;6.380831e-02;6.433870e-03;4.858849e-02;9.472156e-02;1.446155e-01;3.078260e-01;9.039065e-03;1.399023e-02;9.557103e-02;7.973083e-03;1.317422e-02
1.850969e-01;4.496261e-02;2.213151e-02;4.219735e-02;1.107733e-01;1.559306e-01;2.819249e-01;1.310376e-02;2.664025e-02;9.424704e-02;4.989170e-03;1.800269e-02
1.873477e-01;2.972414e-02;3.735742e-02;2.974734e-02;1.359502e-01;1.678052e-01;2.602417e-01;1.398406e-02;3.509156e-02;7.552079e-02;5.099485e-03;2.213041e-02
1.901072e-01;3.264990e-02;4.831081e-02;1.827158e-02;1.523681e-01;1.704325e-01;2.500452e-01;9.430910e-03;3.856218e-02;5.757918e-02;3.151387e-03;2.909103e-02
1.911006e-01;2.525591e-02;6.177106e-02;2.225033e-02;1.599923e-01;1.649915e-01;2.264189e-01;8.685741e-03;4.962765e-02;5.365159e-02;4.429957e-03;3.182447e-02
1.773090e-01;2.079044e-02;7.877949e-02;1.361562e-02;1.666914e-01;1.664217e-01;2.178916e-01;8.556175e-03;5.571933e-02;5.549786e-02;6.396244e-03;3.233115e-02
1.481933e-01;2.304319e-02;8.634261e-02;2.038804e-02;1.675633e-01;1.655537e-01;2.334225e-01;1.091354e-02;5.308801e-02;4.476197e-02;1.230818e-02;3.442166e-02
