1.047120e-01;1.905469e-01;8.935807e-02;5.326295e-02;5.846892e-02;5.703322e-02;1.098716e-01;6.780556e-02;7.810437e-02;3.888279e-02;5.647077e-02;9.548284e-02
8.247618e-02;7.962870e-02;2.096619e-01;6.427926e-02;7.923798e-02;5.419732e-02;1.440344e-01;5.638346e-02;6.597896e-02;7.061760e-02;5.617100e-02;3.733325e-02
3.275957e-02;5.188369e-02;2.586522e-01;7.105262e-02;8.726234e-02;5.248089e-02;2.135056e-01;4.057621e-02;4.948114e-02;6.599110e-02;4.731194e-02;2.904281e-02
8.536408e-02;7.229907e-02;1.987098e-01;6.041516e-02;9.144397e-02;5.814113e-02;2.581937e-01;2.739368e-02;3.653480e-02;4.479191e-02;3.673948e-02;2.997324e-02
1.158320e-01;1.009141e-01;8.726230e-02;4.022694e-02;9.465080e-02;6.620297e-02;3.544379e-01;2.302213e-02;2.836331e-02;2.449176e-02;3.604504e-02;2.855066e-02
6.792916e-02;1.104375e-01;7.523085e-02;2.842809e-02;7.534270e-02;6.577137e-02;4.078077e-01;3.144996e-02;4.210396e-02;2.971049e-02;4.360384e-02;2.218429e-02
4.069180e-02;1.240769e-01;7.649624e-02;1.917609e-02;5.848306e-02;5.700663e-02;4.268024e-01;2.469179e-02;6.435151e-02;3.427641e-02;5.337110e-02;2.057609e-02
6.358816e-02;1.336010e-01;4.733038e-02;1.488389e-02;5.478827e-02;4.978797e-02;4.289214e-01;2.979751e-02;8.033033e-02;2.929907e-02;5.205197e-02;1.562003e-02
2.783793e-02;1.311215e-01;2.897173e-02;1.479751e-02;6.186019e-02;5.252925e-02;4.621906e-01;3.569719e-02;8.554080e-02;2.778463e-02;6.352870e-02;8.139925e-03
2.917133e-02;1.154709e-01;3.736471e-02;1.545088e-02;7.086843e-02;5.953774e-02;4.669129e-01;2.773560e-02;8.430305e-02;2.342604e-02;6.229576e-02;7.462656e-03
2.024941e-02;1.155576e-01;3.639977e-02;1.366568e-02;6.033968e-02;5.375683e-02;4.828997e-01;3.300559e-02;8.304384e-02;3.245302e-02;5.768423e-02;1.094470e-02
7.521158e-02;1.058269e-01;4.585828e-02;2.580408e-02;4.721271e-02;4.759756e-02;4.096949e-01;4.687452e-02;7.013223e-02;5.138158e-02;4.539435e-02;2.901139e-02
1.345050e-01;1.150462e-01;7.204667e-02;3.131323e-02;5.008320e-02;5.436552e-02;3.606198e-01;3.625943e-02;4.503163e-02;4.665415e-02;2.513115e-02;2.894402e-02
1.510666e-01;1.505618e-01;7.761145e-02;2.303396e-02;4.662544e-02;5.446785e-02;3.974347e-01;1.969872e-02;1.634085e-02;2.915857e-02;1.769141e-02;1.630857e-02
1.546482e-01;1.747108e-01;6.330320e-02;1.991258e-02;3.923153e-02;5.756281e-02;4.145064e-01;1.573706e-02;1.297954e-02;2.245115e-02;1.675876e-02;8.197855e-03
1.932198e-01;1.479942e-01;4.759525e-02;2.220717e-02;4.397742e-02;6.768205e-02;3.890788e-01;1.504456e-02;1.555240e-02;2.930732e-02;1.263607e-02;1.570500e-02
2.190900e-01;8.854420e-02;5.030844e-02;3.806336e-02;7.079580e-02;7.678092e-02;3.438872e-01;1.676915e-02;1.568438e-02;4.011223e-02;1.156079e-02;2.840357e-02
2.351432e-01;1.838423e-02;8.023338e-02;5.986822e-02;1.113298e-01;8.515336e-02;2.415311e-01;3.112647e-02;1.657722e-02;7.025118e-02;1.646914e-02;3.393273e-02
2.797439e-01;6.391449e-02;5.325069e-02;6.131203e-02;1.386599e-01;1.062552e-01;4.472305e-02;6.130513e-02;2.319939e-02;1.177360e-01;2.292101e-02;2.697914e-02
2.235194e-01;4.818419e-02;4.012790e-02;3.202699e-02;1.124100e-01;1.041146e-01;2.229297e-01;6.058242e-02;3.168470e-02;9.317674e-02;1.336448e-02;1.787895e-02
2.037806e-01;3.532403e-02;2.624449e-02;2.683873e-02;1.063890e-01;1.104760e-01;2.969965e-01;5.995932e-02;3.015770e-02;7.786208e-02;1.329871e-02;1.267288e-02
1.935831e-01;4.612956e-02;2.785664e-02;2.565874e-02;1.150904e-01;1.132114e-01;3.199573e-01;5.407937e-02;2.242782e-02;5.429059e-02;1.481299e-02;1.290203e-02
1.964160e-01;3.646990e-02;4.347963e-02;1.838665e-02;1.265204e-01;1.165103e-01;3.197922e-01;4.968273e-02;1.960732e-02;3.209685e-02;1.785645e-02;2.318152e-02
1.607830e-01;4.407071e-02;5.379136e-02;3.585045e-02;9.740879e-02;9.342619e-02;3.265508e-01;5.135332e-02;3.402757e-02;5.221478e-02;2.066723e-02;2.985584e-02
1.508632e-01;6.809206e-02;6.798209e-02;3.768795e-02;7.694148e-02;8.116140e-02;2.892337e-01;4.450652e-02;5.695233e-02;5.248186e-02;2.785677e-02;4.624058e-02
1.806075e-01;7.900577e-02;7.098169e-02;6.068410e-02;9.261298e-02;8.905720e-02;2.297060e-01;2.936744e-02;4.794505e-02;4.821972e-02;2.177650e-02;5.003603e-02
2.000006e-01;7.106826e-02;5.656381e-02;1.053973e-01;1.139713e-01;9.874836e-02;2.040465e-01;3.392380e-02;3.281987e-02;4.574145e-02;6.853246e-03;3.086534e-02
1.924027e-01;6.738256e-02;3.453178e-02;1.070821e-01;1.250531e-01;9.857358e-02;2.231717e-01;3.694105e-02;3.671491e-02;5.550531e-02;5.661154e-03;1.698005e-02
1.758550e-01;8.781677e-02;2.950488e-02;8.486431e-02;1.056687e-01;9.740961e-02;2.829361e-01;2.858444e-02;3.070612e-02;4.882464e-02;1.000373e-02;1.782575e-02
1.184060e-01;1.104217e-01;4.838566e-02;5.001853e-02;8.468159e-02;7.788615e-02;3.753376e-01;3.285760e-02;3.848353e-02;3.432307e-02;1.633924e-02;1.285920e-02
5.364221e-02;1.046850e-01;6.005869e-02;2.329237e-02;8.835581e-02;8.580302e-02;4.190171e-01;4.296794e-02;4.861674e-02;4.121608e-02;2.508533e-02;7.259737e-03
3.753708e-02;1.020554e-01;8.245584e-02;2.739215e-02;1.060052e-01;7.824330e-02;4.079531e-01;4.120958e-02;4.001879e-02;3.415996e-02;3.221384e-02;1.075578e-02
7.297213e-02;1.147204e-01;8.552454e-02;3.247283e-02;9.700985e-02;5.957062e-02;3.975216e-01;3.258269e-02;2.831620e-02;2.079394e-02;3.279486e-02;2.572036e-02
7.433194e-02;1.027201e-01;6.404515e-02;2.671230e-02;7.625800e-02;6.485448e-02;4.190658e-01;3.842343e-02;2.305243e-02;3.376403e-02;4.032442e-02;3.644798e-02
5.288906e-02;5.784833e-02;7.302446e-02;1.760034e-02;9.132956e-02;9.434637e-02;4.152268e-01;5.079215e-02;3.204310e-02;4.826630e-02;4.573457e-02;2.089890e-02
4.754243e-02;5.061957e-02;7.800146e-02;2.369526e-02;8.792212e-02;8.939254e-02;4.364486e-01;6.433808e-02;3.479124e-02;3.588384e-02;3.360415e-02;1.776066e-02
5.281946e-02;5.948481e-02;5.392811e-02;3.107792e-02;5.734917e-02;6.721526e-02;5.079973e-01;6.424110e-02;3.051929e-02;2.841337e-02;2.638151e-02;2.057274e-02
7.156112e-02;4.508326e-02;5.763684e-02;5.233869e-02;9.201209e-02;7.252646e-02;3.563695e-01;2.939941e-02;4.920467e-02;6.838940e-02;5.262861e-02;5.284996e-02
9.827442e-02;5.399430e-02;1.160560e-01;7.276642e-02;7.378148e-02;7.535453e-02;1.730186e-01;2.935988e-02;6.694616e-02;9.521092e-02;6.949591e-02;7.574132e-02
1.064777e-01;5.415908e-02;1.344521e-01;7.758197e-02;6.246040e-02;7.531726e-02;1.234799e-01;3.516372e-02;7.014307e-02;1.008965e-01;8.071022e-02;7.915794e-02
1.351252e-01;5.352378e-02;1.431270e-01;6.843910e-02;6.584276e-02;7.209940e-02;1.109102e-01;3.161967e-02;6.644658e-02;1.082650e-01;8.668298e-02;5.791837e-02
1.367658e-01;5.583417e-02;1.335727e-01;4.256576e-02;7.699265e-02;5.815038e-02;1.767169e-01;3.204837e-02;3.577473e-02;1.139653e-01;8.649428e-02;5.111891e-02
1.020935e-01;5.169979e-02;1.155296e-01;4.333877e-02;6.471483e-02;5.043279e-02;2.629088e-01;3.878949e-02;4.914866e-02;1.032756e-01;7.496198e-02;4.310615e-02
8.426674e-02;2.212076e-02;1.053121e-01;4.685770e-02;5.698448e-02;4.575998e-02;3.924526e-01;4.095206e-02;4.730444e-02;8.872597e-02;4.540337e-02;2.385979e-02
6.693794e-02;6.476215e-02;7.992540e-02;3.509830e-02;5.689947e-02;5.485427e-02;4.585204e-01;3.634914e-02;3.714258e-02;5.923745e-02;3.186078e-02;1.841214e-02
9.500552e-02;7.361837e-02;8.270250e-02;1.917406e-02;7.777005e-02;8.556408e-02;4.140798e-01;2.611176e-02;3.355396e-02;4.676922e-02;2.410538e-02;2.154533e-02
1.293171e-01;4.851430e-02;6.101115e-02;2.629720e-02;1.289387e-01;1.019579e-01;3.384219e-01;2.584327e-02;3.813571e-02;3.726242e-02;3.117994e-02;3.312037e-02
9.094397e-02;6.297683e-02;1.582974e-01;7.754498e-02;1.688662e-01;1.017549e-01;6.819240e-02;4.867273e-02;5.459512e-02;5.667516e-02;4.774500e-02;6.373528e-02
9.214997e-02;5.278644e-02;1.545417e-01;9.699254e-02;9.814020e-02;6.581701e-02;2.029185e-01;4.924500e-02;5.124451e-02;5.155270e-02;3.448309e-02;5.012828e-02
1.256177e-01;3.950040e-02;1.441197e-01;1.166347e-01;8.656894e-02;6.297127e-02;2.227735e-01;3.894738e-02;5.418182e-02;3.571742e-02;2.489590e-02;4.807124e-02
1.854169e-01;4.770408e-02;1.205681e-01;1.009645e-01;1.034314e-01;6.743572e-02;1.950802e-01;2.801863e-02;5.177974e-02;2.342080e-02;1.945734e-02;5.672262e-02
2.336019e-01;7.262557e-02;1.251561e-01;6.536801e-02;1.101567e-01;6.033972e-02;1.596491e-01;2.887070e-02;3.501082e-02;2.396825e-02;2.161898e-02;6.363416e-02
2.362375e-01;8.986524e-02;1.471728e-01;7.293696e-02;8.815549e-02;4.602632e-02;1.401868e-01;3.044158e-02;3.041106e-02;3.216036e-02;2.425574e-02;6.215020e-02
3.154744e-01;9.379926e-02;1.521212e-01;5.372202e-02;7.384717e-02;4.410063e-02;7.998118e-02;2.976737e-02;2.607981e-02;4.019330e-02;2.824324e-02;6.267040e-02
3.794372e-01;7.520124e-02;8.021408e-02;5.305557e-02;3.948453e-02;4.413365e-02;1.045560e-01;3.634987e-02;2.597854e-02;3.894586e-02;3.965801e-02;8.298545e-02
1.885178e-01;8.781630e-02;1.135732e-01;4.428418e-02;6.979734e-02;5.183800e-02;1.788864e-01;5.071764e-02;4.147290e-02;4.485655e-02;4.529847e-02;8.294121e-02
6.513713e-02;6.430865e-02;1.282112e-01;6.288625e-02;8.891556e-02;6.392671e-02;2.741047e-01;4.225329e-02;4.749202e-02;5.144778e-02;4.266937e-02;6.864745e-02
1.546986e-01;6.343897e-02;1.075190e-01;5.952928e-02;8.699457e-02;6.214241e-02;2.802672e-01;2.646710e-02;3.523814e-02;4.402842e-02;2.841689e-02;5.125941e-02
1.747919e-01;7.268378e-02;9.194461e-02;3.901842e-02;9.485997e-02;6.395677e-02;2.712594e-01;3.756458e-02;3.205638e-02;5.253696e-02;3.022365e-02;3.910361e-02
1.842646e-01;8.572478e-02;5.516547e-02;5.049088e-02;8.259596e-02;5.441875e-02;2.328423e-01;5.625277e-02;4.896035e-02;6.493773e-02;3.589336e-02;4.845309e-02
2.217205e-01;9.030198e-02;5.704787e-02;7.037031e-02;8.268828e-02;4.831990e-02;1.518494e-01;7.314383e-02;5.289084e-02;5.623128e-02;3.197782e-02;6.345794e-02
2.173336e-01;1.078832e-01;7.500910e-02;4.889893e-02;1.002067e-01;7.895762e-02;1.397538e-01;5.501996e-02;5.940241e-02;4.110622e-02;3.850812e-02;3.792036e-02
1.847689e-01;9.637804e-02;8.449869e-02;3.470904e-02;1.089065e-01;8.730848e-02;2.119818e-01;3.584572e-02;4.862545e-02;4.705309e-02;2.755250e-02;3.237171e-02
1.433887e-01;7.648531e-02;1.338744e-01;4.696074e-02;8.408225e-02;6.709275e-02;1.026037e-01;4.045455e-02;5.612931e-02;7.761571e-02;8.651081e-02;8.480170e-02
1.113185e-01;9.484585e-02;1.665712e-01;4.870826e-02;7.472685e-02;5.240716e-02;3.612132e-02;4.284415e-02;6.073487e-02;1.012015e-01;1.023878e-01;1.081325e-01
1.205551e-01;1.176091e-01;1.188793e-01;4.211449e-02;7.133716e-02;5.127276e-02;8.331368e-02;3.459185e-02;6.513276e-02;1.132708e-01;7.887302e-02;1.030501e-01
1.808993e-01;9.780178e-02;6.745123e-02;2.670706e-02;6.522258e-02;5.094262e-02;1.285191e-01;3.850708e-02;9.622095e-02;9.655333e-02;8.264904e-02;6.852593e-02
2.154181e-01;6.197323e-02;7.437223e-02;2.276749e-02;7.146896e-02;4.981260e-02;1.131008e-01;2.952744e-02;1.415208e-01;6.731464e-02;6.804662e-02;8.467703e-02
2.738368e-01;1.828591e-02;6.995627e-02;1.997959e-02;9.140894e-02;5.412161e-02;7.675260e-02;1.097270e-02;1.878174e-01;2.209459e-02;4.185036e-02;1.329232e-01
3.488491e-01;3.284321e-02;5.243924e-02;1.458639e-02;9.191477e-02;5.943476e-02;6.169735e-02;1.081592e-02;1.569499e-01;1.828062e-02;1.470887e-02;1.374797e-01
4.202797e-01;3.970006e-02;5.326592e-02;1.055292e-02;8.597442e-02;6.273513e-02;7.550836e-02;7.276396e-03;9.414659e-02;1.752478e-02;1.398778e-02;1.190479e-01
4.683850e-01;4.887413e-02;3.480299e-02;1.280858e-02;7.675340e-02;6.279543e-02;9.365894e-02;9.831401e-03;5.905283e-02;2.656306e-02;1.278413e-02;9.369015e-02
4.406888e-01;9.366594e-02;3.532429e-02;2.457737e-02;6.793830e-02;6.656685e-02;1.245082e-01;9.381626e-03;2.920118e-02;3.429598e-02;9.638947e-03;6.421258e-02
3.481005e-01;1.145892e-01;4.695364e-02;2.904151e-02;7.841719e-02;7.709981e-02;2.061723e-01;9.323999e-03;9.469739e-03;3.085950e-02;7.266734e-03;4.270580e-02
2.279699e-01;9.445105e-02;3.938289e-02;3.097294e-02;8.497844e-02;8.426119e-02;3.281841e-01;1.970973e-02;2.543781e-02;2.061623e-02;1.403697e-02;2.999878e-02
1.113596e-01;8.087657e-02;3.467267e-02;2.656767e-02;6.006203e-02;7.528257e-02;4.556054e-01;3.091796e-02;3.686103e-02;3.001322e-02;3.041431e-02;2.736707e-02
5.347434e-02;6.568850e-02;5.918017e-02;3.021259e-02;4.447285e-02;5.595376e-02;4.941998e-01;3.735211e-02;3.450510e-02;4.563873e-02;3.310543e-02;4.621668e-02
4.569063e-02;6.996699e-02;6.404627e-02;5.278573e-02;5.576982e-02;4.770216e-02;4.480225e-01;6.209284e-02;3.613927e-02;4.825899e-02;1.996300e-02;4.956187e-02
5.551330e-02;6.470494e-02;4.336910e-02;8.957408e-02;5.143647e-02;4.466597e-02;3.252874e-01;1.125399e-01;7.688124e-02;7.393955e-02;2.830484e-02;3.378326e-02
7.753748e-02;3.266662e-02;6.215953e-02;1.006285e-01;7.513130e-02;6.181974e-02;9.544025e-02;1.445958e-01;1.324276e-01;1.460394e-01;4.921855e-02;2.233512e-02
5.063678e-02;2.268892e-02;5.415364e-02;4.122806e-02;8.217321e-02;4.389739e-02;3.862801e-01;7.947231e-02;7.663053e-02;1.163249e-01;3.260911e-02;1.390510e-02
3.342903e-02;2.840443e-02;3.579546e-02;3.076952e-02;7.965419e-02;7.039376e-02;4.967031e-01;6.509120e-02;4.680160e-02;7.673997e-02;2.286305e-02;1.335476e-02
4.460489e-02;3.863768e-02;5.156406e-02;5.306099e-02;1.386185e-01;9.887561e-02;3.692769e-01;5.124477e-02;5.254441e-02;6.329404e-02;2.056566e-02;1.771248e-02
4.720356e-02;4.612872e-02;8.512548e-02;1.598850e-01;2.187420e-01;6.751400e-02;1.597352e-01;4.394880e-02;6.210016e-02;6.094322e-02;2.249746e-02;2.617633e-02
5.278191e-02;5.268500e-02;9.379733e-02;2.053075e-01;1.630107e-01;5.795394e-02;2.002857e-01;3.750938e-02;3.919094e-02;6.103674e-02;1.735055e-02;1.909031e-02
7.132837e-02;6.198333e-02;1.140301e-01;1.726215e-01;8.788289e-02;5.604364e-02;2.418284e-01;4.542431e-02;3.656800e-02;7.419680e-02;1.580297e-02;2.228973e-02
6.615631e-02;7.072230e-02;1.253890e-01;1.013059e-01;1.011194e-01;4.181048e-02;2.167285e-01;6.633998e-02;5.909611e-02;9.787074e-02;3.236440e-02;2.109692e-02
6.410189e-02;1.020150e-01;8.558952e-02;9.442492e-02;6.822112e-02;6.886107e-02;2.280170e-01;7.584600e-02;6.795008e-02;9.378055e-02;3.968419e-02;1.150861e-02
9.429020e-02;1.453013e-01;8.881601e-02;5.862835e-02;6.737231e-02;5.052121e-02;1.984528e-01;7.419581e-02;7.448580e-02;7.860360e-02;4.283685e-02;2.649577e-02
9.894284e-02;1.362341e-01;1.269152e-01;7.000717e-02;7.137691e-02;7.785039e-02;1.154595e-01;8.409804e-02;7.596639e-02;8.205179e-02;3.427795e-02;2.681967e-02
7.824027e-02;9.533203e-02;1.351020e-01;6.652345e-02;7.579341e-02;1.002350e-01;1.155424e-01;7.533414e-02;9.544639e-02;8.304247e-02;4.918652e-02;3.022196e-02
6.145372e-02;8.961045e-02;1.347947e-01;5.275806e-02;5.558731e-02;1.211053e-01;1.070732e-01;6.856680e-02;1.144897e-01;1.136634e-01;4.383783e-02;3.705958e-02
6.076693e-02;8.292194e-02;1.361156e-01;9.702721e-02;7.774066e-02;1.134781e-01;9.806956e-02;4.854047e-02;1.046799e-01;9.575717e-02;3.870783e-02;4.619453e-02
8.746405e-02;5.600530e-02;1.651349e-01;1.078872e-01;1.375004e-01;7.853021e-02;7.998975e-02;5.789138e-02;8.664706e-02;6.847506e-02;2.737262e-02;4.710221e-02
5.025107e-02;7.545587e-02;1.842871e-01;1.086713e-01;1.257329e-01;6.778691e-02;8.644157e-02;6.109155e-02;5.927747e-02;1.021901e-01;3.686263e-02;4.195165e-02
7.316003e-02;7.069417e-02;1.615674e-01;1.946370e-01;8.210908e-02;3.307161e-02;1.094274e-01;4.377531e-02;4.763741e-02;1.251195e-01;2.813343e-02;3.066752e-02
7.823638e-02;6.399709e-02;1.758724e-01;2.343666e-01;1.108264e-01;2.992851e-02;8.999469e-02;2.623383e-02;3.758959e-02;1.047158e-01;1.858311e-02;2.965548e-02
5.753030e-02;8.382104e-02;1.773968e-01;2.409446e-01;1.515931e-01;6.013966e-02;5.474203e-02;2.423913e-02;3.415779e-02;8.329262e-02;1.355373e-02;1.858911e-02
4.658301e-02;7.667318e-02;1.346211e-01;1.973533e-01;2.022774e-01;1.102426e-01;5.287460e-02;3.595058e-02;2.715824e-02;7.975705e-02;1.958407e-02;1.692489e-02
5.197643e-02;4.840790e-02;1.045945e-01;8.583927e-02;2.702419e-01;1.504487e-01;7.166068e-02;2.846673e-02;3.841721e-02;1.096591e-01;2.051091e-02;1.977662e-02
5.523804e-02;2.462479e-02;6.889011e-02;3.761140e-02;3.411130e-01;1.202190e-01;6.032778e-02;3.192679e-02;4.537054e-02;1.719169e-01;1.952096e-02;2.324068e-02
5.253380e-02;4.179529e-02;5.267437e-02;4.306540e-02;3.104299e-01;7.719533e-02;6.828097e-02;5.378712e-02;4.467021e-02;1.970027e-01;2.896568e-02;2.959925e-02
4.435158e-02;6.976853e-02;4.786761e-02;6.522337e-02;1.614764e-01;1.470243e-01;1.186542e-01;7.135472e-02;4.541862e-02;1.659544e-01;3.661722e-02;2.628907e-02
4.354750e-02;6.705372e-02;8.215970e-02;8.925749e-02;4.851572e-02;1.689733e-01;1.375555e-01;8.078735e-02;5.924221e-02;1.358101e-01;4.818746e-02;3.890991e-02
1.265485e-01;7.136247e-02;1.573258e-01;6.172862e-02;3.973844e-02;8.888335e-02;1.511019e-01;4.083722e-02;6.303909e-02;1.042213e-01;5.233638e-02;4.287684e-02
1.203135e-01;5.989872e-02;2.078145e-01;3.734850e-02;5.299713e-02;4.522127e-02;2.191865e-01;2.936446e-02;3.586559e-02;8.636241e-02;6.079518e-02;4.483214e-02
9.906054e-02;4.463878e-02;1.856227e-01;2.980813e-02;4.245493e-02;6.483360e-02;2.958763e-01;3.148791e-02;3.890800e-02;7.598609e-02;5.539991e-02;3.592305e-02
7.253215e-02;3.509806e-02;1.650368e-01;4.137219e-02;7.763591e-02;9.666231e-02;3.084591e-01;3.754088e-02;4.000682e-02;5.787268e-02;4.891776e-02;1.886532e-02
5.880634e-02;2.488271e-02;1.450211e-01;4.691572e-02;1.276902e-01;1.052709e-01;2.676612e-01;4.506449e-02;4.512914e-02;6.261837e-02;4.269951e-02;2.824033e-02
2.957180e-02;1.993002e-02;2.373934e-01;6.993239e-02;1.467701e-01;7.734501e-02;1.782191e-01;4.795427e-02;4.748183e-02;7.389265e-02;3.115088e-02;4.035847e-02
2.368085e-02;2.602187e-02;2.949103e-01;8.968528e-02;1.576529e-01;7.723501e-02;1.343245e-01;3.996348e-02;3.692929e-02;5.295582e-02;3.042977e-02;3.621085e-02
5.245670e-02;1.775726e-02;2.059576e-01;7.015313e-02;1.965439e-01;9.915578e-02;2.074433e-01;3.058288e-02;3.820528e-02;2.908750e-02;1.999022e-02;3.266640e-02
7.905576e-02;1.226952e-02;1.428760e-01;6.507485e-02;2.127865e-01;1.267388e-01;1.966498e-01;3.487424e-02;3.782244e-02;3.895630e-02;2.030977e-02;3.258590e-02
9.777030e-02;2.200630e-02;9.826512e-02;5.787478e-02;1.576145e-01;1.280138e-01;2.539578e-01;2.972037e-02;4.480883e-02;4.559486e-02;1.951962e-02;4.485365e-02
1.159934e-01;2.611947e-02;1.026822e-01;5.205403e-02;1.651305e-01;1.199353e-01;1.963325e-01;4.140722e-02;6.181115e-02;3.956755e-02;2.001934e-02;5.894735e-02
1.199037e-01;1.781178e-02;1.195389e-01;5.622558e-02;1.445888e-01;1.338451e-01;1.685157e-01;5.749080e-02;6.470555e-02;3.545625e-02;2.314867e-02;5.876920e-02
1.097115e-01;4.173094e-02;1.519665e-01;6.212318e-02;1.147433e-01;1.422521e-01;1.321126e-01;5.720688e-02;5.492627e-02;4.336835e-02;3.807043e-02;5.178783e-02
9.580716e-02;6.134561e-02;1.504046e-01;1.135453e-01;1.009715e-01;1.299391e-01;9.675674e-02;4.959126e-02;5.559419e-02;5.480797e-02;4.111167e-02;5.012491e-02
8.821177e-02;6.638213e-02;1.132359e-01;1.415533e-01;9.460955e-02;1.072728e-01;1.196356e-01;5.471148e-02;5.962105e-02;5.007455e-02;4.164978e-02;6.304207e-02
7.645575e-02;7.052171e-02;1.435461e-01;1.225125e-01;1.041186e-01;8.820225e-02;1.379564e-01;5.548185e-02;5.535648e-02;3.816227e-02;4.013306e-02;6.755304e-02
8.400333e-02;6.243807e-02;1.609315e-01;7.886484e-02;1.107421e-01;7.972405e-02;1.765617e-01;4.321713e-02;4.064086e-02;4.636160e-02;4.322678e-02;7.328813e-02
1.045384e-01;3.658078e-02;1.347667e-01;8.061162e-02;1.091436e-01;9.131580e-02;1.852088e-01;5.585522e-02;5.645509e-02;5.015515e-02;4.688915e-02;4.847967e-02
1.109779e-01;5.346886e-02;6.979124e-02;7.396451e-02;8.237566e-02;9.772573e-02;1.172219e-01;6.338071e-02;7.187998e-02;7.985170e-02;8.109469e-02;9.826721e-02
1.251792e-01;5.543773e-02;1.031896e-01;6.745047e-02;7.795814e-02;4.753192e-02;8.276681e-02;7.437220e-02;9.373515e-02;4.908643e-02;5.744603e-02;1.658463e-01
1.103167e-01;4.964045e-02;1.463025e-01;6.584577e-02;7.459532e-02;3.646995e-02;8.058681e-02;6.850668e-02;7.656491e-02;4.471321e-02;4.765889e-02;1.987988e-01
1.163740e-01;9.722620e-02;1.693966e-01;6.135613e-02;6.159353e-02;2.643404e-02;6.173272e-02;6.066976e-02;4.550562e-02;7.349023e-02;3.577875e-02;1.904424e-01
1.394578e-01;1.173331e-01;1.755482e-01;7.029594e-02;5.347845e-02;3.358025e-02;5.074649e-02;6.009058e-02;3.792363e-02;8.546890e-02;3.569626e-02;1.403805e-01
1.316839e-01;8.311652e-02;1.256876e-01;7.666243e-02;7.513270e-02;5.317499e-02;9.150461e-02;7.856004e-02;6.958475e-02;7.346109e-02;6.480380e-02;7.662751e-02
9.191820e-02;7.450043e-02;9.621489e-02;4.671571e-02;7.103182e-02;6.262785e-02;1.630854e-01;7.860071e-02;7.477119e-02;5.137626e-02;1.444471e-01;4.471034e-02
6.784976e-02;1.066812e-01;7.267938e-02;4.112577e-02;4.882853e-02;7.052052e-02;2.001812e-01;6.238605e-02;5.860503e-02;6.517211e-02;1.570425e-01;4.892793e-02
8.436462e-02;8.240197e-02;4.573770e-02;6.566136e-02;4.495818e-02;8.901382e-02;1.631718e-01;6.024660e-02;5.281512e-02;1.488937e-01;8.471147e-02;7.802366e-02
1.245179e-01;5.133792e-02;4.276372e-02;6.910001e-02;6.935167e-02;1.154372e-01;1.069163e-01;6.191792e-02;6.027623e-02;1.807107e-01;5.327400e-02;6.439648e-02
1.129930e-01;4.386542e-02;8.780646e-02;4.895627e-02;8.088318e-02;1.043291e-01;1.040633e-01;5.633166e-02;1.160026e-01;1.174025e-01;8.898726e-02;3.837941e-02
9.666947e-02;4.471671e-02;1.485737e-01;5.288303e-02;8.463839e-02;7.241008e-02;1.564827e-01;4.115546e-02;1.119455e-01;7.440925e-02;8.480632e-02;3.130944e-02
1.019122e-01;4.363269e-02;1.467526e-01;6.863286e-02;1.048638e-01;7.038502e-02;1.875478e-01;3.996711e-02;5.882244e-02;1.026952e-01;4.262671e-02;3.216163e-02
1.076534e-01;1.701531e-02;9.589675e-02;5.793129e-02;1.393575e-01;8.305710e-02;1.324339e-01;5.161618e-02;1.258385e-01;8.375901e-02;5.733556e-02;4.810544e-02
9.383518e-02;1.671442e-02;1.022008e-01;5.749273e-02;1.829648e-01;8.163044e-02;1.268600e-01;3.986591e-02;1.043227e-01;7.174988e-02;5.931717e-02;6.304593e-02
8.446329e-02;1.999751e-02;9.421138e-02;5.336626e-02;2.032171e-01;1.095057e-01;1.266119e-01;2.372359e-02;1.150530e-01;7.320329e-02;3.807608e-02;5.857086e-02
8.554964e-02;2.201699e-02;1.149456e-01;5.656169e-02;2.145548e-01;1.178827e-01;1.143848e-01;1.665037e-02;8.124617e-02;7.008804e-02;3.869250e-02;6.742673e-02
7.923843e-02;2.778553e-02;2.077544e-01;7.275132e-02;2.230879e-01;1.076546e-01;4.872646e-02;1.119160e-02;2.938683e-02;8.585817e-02;4.180167e-02;6.476305e-02
4.666726e-02;3.337678e-02;2.468980e-01;7.905637e-02;2.196256e-01;8.916909e-02;5.011759e-02;1.953634e-02;4.526995e-02;7.948964e-02;4.194333e-02;4.885009e-02
4.190159e-02;4.159298e-02;2.591925e-01;8.386821e-02;2.053853e-01;7.670987e-02;8.073144e-02;3.160468e-02;4.035418e-02;6.584332e-02;3.807839e-02;3.473755e-02
3.013624e-02;4.253164e-02;3.126444e-01;9.648331e-02;1.760183e-01;7.269182e-02;7.064785e-02;3.490050e-02;3.077370e-02;5.507081e-02;4.454876e-02;3.355264e-02
1.807362e-02;4.661630e-02;3.897204e-01;1.132170e-01;1.590961e-01;5.842460e-02;2.585744e-02;3.115901e-02;2.337049e-02;4.604407e-02;6.078296e-02;2.763803e-02
1.331887e-02;4.571376e-02;3.998026e-01;1.173677e-01;1.667466e-01;5.020440e-02;2.996658e-02;3.290428e-02;1.837448e-02;3.719163e-02;6.335953e-02;2.504967e-02
1.395840e-02;4.244926e-02;3.928840e-01;1.172230e-01;1.727445e-01;4.913964e-02;3.109478e-02;3.989847e-02;1.364264e-02;3.245321e-02;6.574614e-02;2.876598e-02
1.383395e-02;3.949548e-02;3.749885e-01;1.233589e-01;1.740743e-01;6.392791e-02;4.424687e-02;4.200780e-02;1.024916e-02;2.535070e-02;6.466384e-02;2.380260e-02
7.914599e-03;3.380629e-02;3.716519e-01;1.290529e-01;1.777289e-01;7.721477e-02;3.347434e-02;4.821637e-02;9.636587e-03;2.563271e-02;6.556836e-02;2.010229e-02
8.069371e-03;2.865478e-02;3.475792e-01;1.237593e-01;1.701226e-01;9.285375e-02;5.881949e-02;4.680967e-02;9.917159e-03;3.291424e-02;6.053089e-02;1.996952e-02
9.200590e-03;2.008861e-02;3.354950e-01;1.258793e-01;1.673203e-01;1.250651e-01;6.577794e-02;3.614924e-02;1.100622e-02;2.779898e-02;5.834516e-02;1.787369e-02
1.417436e-02;2.668804e-02;3.216051e-01;1.511284e-01;1.560011e-01;1.216279e-01;6.890216e-02;3.067127e-02;7.922340e-03;2.077760e-02;5.555784e-02;2.494389e-02
3.426722e-02;4.252928e-02;2.773070e-01;1.591623e-01;1.472873e-01;8.850028e-02;6.588447e-02;3.191975e-02;9.792435e-03;1.478883e-02;7.561909e-02;5.294192e-02
4.514723e-02;4.342502e-02;2.559824e-01;1.476961e-01;1.310200e-01;6.166166e-02;4.794128e-02;4.413274e-02;2.497680e-02;1.857111e-02;1.026145e-01;7.683113e-02
2.739670e-02;4.147433e-02;2.278104e-01;1.539352e-01;1.145760e-01;5.969689e-02;4.388062e-02;7.042351e-02;5.059162e-02;2.673139e-02;1.146667e-01;6.881653e-02
1.780552e-02;5.531995e-02;1.982890e-01;1.759231e-01;1.158343e-01;8.183654e-02;5.008497e-02;9.935426e-02;3.900918e-02;1.598481e-02;1.061083e-01;4.445012e-02
7.907145e-03;7.739601e-02;1.979015e-01;2.132043e-01;1.243098e-01;8.213590e-02;3.503383e-02;8.623513e-02;1.563142e-02;2.077258e-02;9.267193e-02;4.680051e-02
3.527330e-02;1.106529e-01;1.788281e-01;2.056059e-01;1.229350e-01;5.779852e-02;2.734043e-02;4.914043e-02;2.456389e-02;2.090459e-02;8.481705e-02;8.213985e-02
7.680241e-02;1.241788e-01;1.389433e-01;1.286403e-01;1.452156e-01;4.573918e-02;3.952920e-02;2.077262e-02;4.281231e-02;1.646924e-02;7.449701e-02;1.464000e-01
1.279693e-01;8.016678e-02;1.036929e-01;6.599084e-02;1.441318e-01;5.393899e-02;6.015565e-02;1.515896e-02;6.394476e-02;1.256099e-02;5.514332e-02;2.171457e-01
2.050906e-01;3.077832e-02;7.019626e-02;4.434291e-02;1.235348e-01;7.282336e-02;8.162310e-02;9.899993e-03;6.432979e-02;1.616504e-02;4.765439e-02;2.335614e-01
2.809741e-01;3.683351e-02;4.400814e-02;3.163832e-02;1.128670e-01;9.118333e-02;1.327337e-01;7.973160e-03;3.672450e-02;2.884004e-02;4.047475e-02;1.557494e-01
3.155037e-01;5.612463e-02;2.449309e-02;2.985189e-02;1.042557e-01;1.011190e-01;2.107968e-01;8.809317e-03;2.659629e-02;4.317686e-02;1.925050e-02;6.002218e-02
2.892435e-01;6.470104e-02;1.927244e-02;2.532162e-02;8.664033e-02;1.037052e-01;2.863145e-01;9.674156e-03;1.663971e-02;4.620576e-02;8.523384e-03;4.375830e-02
2.152426e-01;9.302780e-02;1.940926e-02;2.613547e-02;8.052415e-02;1.001460e-01;3.731294e-01;9.289081e-03;4.712726e-03;3.751761e-02;8.508805e-03;3.235708e-02
1.314726e-01;1.090069e-01;4.365342e-02;2.878000e-02;8.284559e-02;9.836769e-02;4.416553e-01;8.122004e-03;1.119929e-02;2.025661e-02;4.119304e-03;2.052128e-02
6.955532e-02;8.377460e-02;5.017322e-02;2.510155e-02;9.704020e-02;1.047918e-01;4.917491e-01;1.136697e-02;1.530567e-02;2.305956e-02;7.176365e-03;2.090563e-02
7.490513e-02;4.390037e-02;3.737628e-02;2.381845e-02;1.005736e-01;1.077707e-01;5.011197e-01;1.242123e-02;2.708575e-02;3.169400e-02;1.623889e-02;2.309587e-02
6.982701e-02;3.631485e-02;5.217864e-02;4.344498e-02;1.072980e-01;9.962192e-02;4.746565e-01;2.284200e-02;2.594678e-02;2.798670e-02;1.965294e-02;2.022977e-02
7.492016e-02;3.214800e-02;9.752115e-02;5.393840e-02;1.252952e-01;1.071123e-01;3.819380e-01;3.755185e-02;1.897576e-02;3.535202e-02;1.496762e-02;2.027964e-02
8.672514e-02;3.281998e-02;1.474344e-01;4.937130e-02;1.283803e-01;1.076867e-01;2.969083e-01;4.386594e-02;2.595427e-02;4.514695e-02;1.863914e-02;1.706753e-02
9.080602e-02;3.838145e-02;1.483887e-01;3.566583e-02;1.112913e-01;9.184746e-02;3.187863e-01;3.360875e-02;2.521387e-02;4.606945e-02;3.284258e-02;2.709834e-02
7.626729e-02;5.034368e-02;4.671533e-02;3.623293e-02;8.823249e-02;8.223559e-02;4.504372e-01;3.890497e-02;2.286776e-02;3.222133e-02;3.428867e-02;4.125276e-02
4.545360e-02;4.029960e-02;7.008790e-02;5.068089e-02;6.596333e-02;7.433987e-02;4.117349e-01;5.867315e-02;4.982929e-02;4.528275e-02;4.737733e-02;4.027738e-02
3.858068e-02;3.848381e-02;9.460232e-02;5.698869e-02;7.781927e-02;7.017659e-02;3.360308e-01;7.299571e-02;6.731646e-02;4.835107e-02;4.507605e-02;5.357857e-02
5.545457e-02;5.787031e-02;8.368528e-02;5.983786e-02;8.369447e-02;6.569720e-02;2.928784e-01;7.491779e-02;9.179113e-02;5.652097e-02;2.946675e-02;4.818527e-02
5.518728e-02;4.881298e-02;1.148203e-01;9.268647e-02;7.513412e-02;6.570443e-02;2.664936e-01;7.159483e-02;6.644184e-02;8.816494e-02;3.253337e-02;2.242580e-02
6.764425e-02;5.606643e-02;1.733990e-01;1.030127e-01;1.020457e-01;5.573430e-02;1.730311e-01;6.120965e-02;4.935971e-02;9.607667e-02;4.335447e-02;1.906606e-02
1.069810e-01;1.208602e-01;1.638197e-01;6.483127e-02;9.770612e-02;5.746014e-02;9.446385e-02;5.289253e-02;7.659669e-02;8.845052e-02;4.303400e-02;3.290398e-02
1.124610e-01;1.541727e-01;1.396348e-01;3.599967e-02;6.753484e-02;5.155420e-02;1.594865e-01;4.499476e-02;7.057580e-02;7.238587e-02;4.470609e-02;4.649384e-02
9.247839e-02;1.299691e-01;1.225054e-01;3.821294e-02;6.225310e-02;3.799006e-02;2.805571e-01;5.354911e-02;4.809622e-02;4.682318e-02;4.682534e-02;4.074004e-02
1.520553e-01;1.027805e-01;9.237456e-02;3.949993e-02;6.981793e-02;6.444733e-02;2.845818e-01;5.753539e-02;3.700030e-02;4.070532e-02;2.691487e-02;3.228680e-02
2.521498e-01;6.865689e-02;8.159111e-02;3.294964e-02;9.360154e-02;9.378684e-02;2.003083e-01;4.998029e-02;3.991937e-02;3.723468e-02;1.784078e-02;3.198076e-02
2.445666e-01;6.496429e-02;1.115403e-01;3.767857e-02;9.661261e-02;7.022867e-02;2.065257e-01;2.895501e-02;3.855932e-02;3.172567e-02;2.010983e-02;4.853338e-02
2.256543e-01;8.083966e-02;1.717117e-01;3.741646e-02;9.151218e-02;4.337081e-02;1.545928e-01;2.250944e-02;3.956159e-02;3.165211e-02;3.063373e-02;7.054521e-02
2.526965e-01;6.488583e-02;2.530693e-01;4.447678e-02;7.389657e-02;2.685283e-02;8.121491e-02;1.502404e-02;3.089964e-02;4.103036e-02;4.604878e-02;6.990446e-02
2.374558e-01;7.637323e-02;3.056351e-01;4.029786e-02;4.602911e-02;2.567873e-02;8.467785e-02;2.552364e-02;3.314828e-02;4.412897e-02;3.696385e-02;4.408759e-02
1.518656e-01;8.268744e-02;2.202380e-01;2.644124e-02;8.095664e-02;4.216604e-02;1.926025e-01;4.006088e-02;2.333967e-02;4.709063e-02;3.279699e-02;5.975443e-02
7.944191e-02;8.439012e-02;1.748480e-01;3.628893e-02;7.595481e-02;6.079497e-02;2.753165e-01;2.821686e-02;3.929338e-02;4.421134e-02;4.298302e-02;5.826005e-02
1.205266e-01;6.092689e-02;1.872955e-01;4.107557e-02;5.731312e-02;5.766492e-02;2.791750e-01;2.799262e-02;3.987645e-02;4.087747e-02;3.622071e-02;5.105513e-02
1.327831e-01;3.917328e-02;1.688214e-01;4.899853e-02;7.919855e-02;5.882179e-02;2.864991e-01;3.610899e-02;2.960214e-02;3.099978e-02;2.633707e-02;6.265626e-02
9.732942e-02;6.865566e-02;1.575086e-01;4.662796e-02;5.960821e-02;4.855750e-02;2.230241e-01;4.987302e-02;7.903588e-02;5.118214e-02;6.482957e-02;5.376802e-02
1.140654e-01;1.035847e-01;1.779704e-01;4.597048e-02;4.718674e-02;4.015582e-02;1.920177e-01;3.893828e-02;5.905098e-02;6.230655e-02;8.166656e-02;3.708641e-02
2.140659e-01;1.026984e-01;1.317433e-01;3.517552e-02;5.269391e-02;5.048931e-02;1.737596e-01;3.036175e-02;4.142185e-02;4.190721e-02;7.132805e-02;5.435528e-02
3.115974e-01;1.019495e-01;8.661050e-02;2.739308e-02;5.881519e-02;6.321961e-02;1.625590e-01;3.226656e-02;3.029701e-02;2.361000e-02;4.695008e-02;5.473215e-02
3.582467e-01;7.855929e-02;9.716129e-02;3.106123e-02;6.776024e-02;6.409033e-02;1.312222e-01;3.159065e-02;3.431031e-02;1.842784e-02;2.251272e-02;6.505723e-02
2.954009e-01;5.151205e-02;1.710161e-01;5.410721e-02;8.023360e-02;4.809682e-02;7.375918e-02;2.840801e-02;5.129460e-02;2.955382e-02;3.499890e-02;8.161876e-02
2.391770e-01;4.850678e-02;2.700560e-01;5.982796e-02;6.808199e-02;3.582384e-02;4.275814e-02;2.724156e-02;5.090252e-02;4.043851e-02;5.128734e-02;6.589834e-02
2.034944e-01;7.171852e-02;2.832645e-01;7.138331e-02;5.236226e-02;4.154531e-02;5.738234e-02;2.557223e-02;4.700261e-02;5.268792e-02;5.688901e-02;3.669771e-02
1.762269e-01;1.080316e-01;1.503526e-01;9.955734e-02;5.768294e-02;4.725454e-02;9.818884e-02;2.891486e-02;4.025272e-02;6.665955e-02;6.130064e-02;6.557751e-02
1.311940e-01;1.547360e-01;1.721333e-01;1.055907e-01;6.971289e-02;4.127290e-02;4.315605e-02;2.365736e-02;5.822631e-02;5.188418e-02;5.995411e-02;8.848217e-02
1.600840e-01;1.274013e-01;2.086533e-01;9.405149e-02;6.571253e-02;3.535805e-02;6.800898e-02;1.691813e-02;4.233250e-02;5.120291e-02;6.142583e-02;6.885098e-02
1.807041e-01;8.836921e-02;1.833375e-01;8.411817e-02;6.045148e-02;4.579955e-02;8.728809e-02;2.933604e-02;5.539996e-02;6.668206e-02;6.278987e-02;5.572393e-02
1.787098e-01;3.754520e-02;1.116391e-01;7.207770e-02;6.917784e-02;9.525948e-02;9.624178e-02;5.997159e-02;7.210591e-02;7.696692e-02;6.497175e-02;6.533295e-02
1.741638e-01;4.889350e-02;1.310386e-01;7.374860e-02;8.721173e-02;8.832434e-02;6.565978e-02;4.932392e-02;5.526031e-02;7.334621e-02;7.036003e-02;8.266913e-02
1.326060e-01;6.045555e-02;1.258265e-01;1.002460e-01;8.276034e-02;4.861236e-02;4.468552e-02;6.053866e-02;8.090676e-02;1.118521e-01;6.974851e-02;8.176173e-02
1.211587e-01;7.849792e-02;1.128139e-01;8.916415e-02;6.652267e-02;7.541128e-02;5.056675e-02;6.355539e-02;7.702504e-02;1.135300e-01;5.843740e-02;9.331690e-02
9.147898e-02;9.587028e-02;1.392648e-01;7.273885e-02;5.438071e-02;7.847064e-02;5.442471e-02;7.162765e-02;7.534330e-02;1.006580e-01;4.170692e-02;1.240352e-01
1.082203e-01;1.254354e-01;1.278048e-01;5.879901e-02;7.297222e-02;6.510708e-02;5.824538e-02;6.568725e-02;7.461101e-02;9.064206e-02;3.493799e-02;1.175375e-01
1.457013e-01;2.048342e-01;6.330992e-02;3.162434e-02;6.267194e-02;6.279922e-02;5.556272e-02;5.549610e-02;7.948725e-02;8.955749e-02;4.677176e-02;1.021838e-01
1.184080e-01;1.974802e-01;8.065806e-02;4.963555e-02;6.111907e-02;1.001411e-01;4.745410e-02;5.612906e-02;8.285791e-02;6.724197e-02;6.542108e-02;7.345396e-02
8.369079e-02;1.155867e-01;1.252364e-01;5.842534e-02;1.076354e-01;8.709696e-02;4.444090e-02;5.199855e-02;8.880489e-02;7.544890e-02;9.797984e-02;6.365529e-02
8.138210e-02;8.960219e-02;1.271017e-01;5.337005e-02;1.203364e-01;4.902149e-02;5.381660e-02;4.114315e-02;9.489982e-02;1.094188e-01;1.146591e-01;6.524867e-02
5.111315e-02;9.625521e-02;1.080445e-01;3.058473e-02;8.930755e-02;5.747453e-02;6.928486e-02;3.835922e-02;9.776609e-02;1.409703e-01;1.525299e-01;6.830997e-02
8.693255e-02;6.740042e-02;1.090031e-01;3.861805e-02;5.002406e-02;4.705935e-02;6.359297e-02;5.378180e-02;1.517386e-01;1.440547e-01;1.253060e-01;6.248848e-02
1.317944e-01;6.020198e-02;8.702855e-02;6.305461e-02;5.055624e-02;4.829537e-02;7.165634e-02;5.443716e-02;2.353971e-01;8.522855e-02;6.532554e-02;4.702419e-02
1.082227e-01;5.796290e-02;8.451717e-02;8.071271e-02;6.123573e-02;6.589197e-02;1.101234e-01;8.728573e-02;1.927851e-01;5.712749e-02;6.082244e-02;3.331265e-02
5.592311e-02;5.022240e-02;2.063472e-01;8.799030e-02;8.960303e-02;5.386984e-02;1.191977e-01;7.987893e-02;7.727130e-02;7.732150e-02;7.750194e-02;2.487270e-02
6.279483e-02;4.150467e-02;3.149022e-01;7.896250e-02;1.099743e-01;3.874375e-02;1.190218e-01;4.197442e-02;3.260991e-02;7.980455e-02;5.556003e-02;2.414701e-02
5.229216e-02;5.424779e-02;3.866462e-01;7.208496e-02;9.605976e-02;3.046747e-02;8.401330e-02;2.491931e-02;3.403571e-02;8.929222e-02;4.566134e-02;3.027982e-02
2.545641e-02;1.108079e-01;4.238144e-01;5.322917e-02;5.315543e-02;2.306709e-02;5.399033e-02;2.409335e-02;4.299597e-02;1.003858e-01;2.991145e-02;5.909269e-02
3.334651e-02;1.602825e-01;3.850491e-01;2.728430e-02;2.419922e-02;2.579502e-02;3.780441e-02;2.477800e-02;6.562986e-02;8.746073e-02;1.822049e-02;1.101498e-01
2.334819e-02;1.489829e-01;3.280032e-01;2.769278e-02;3.535915e-02;3.075591e-02;2.567333e-02;2.065960e-02;1.088017e-01;7.205294e-02;4.950793e-02;1.291624e-01
6.236685e-02;1.402348e-01;2.717088e-01;2.740201e-02;3.175630e-02;3.554166e-02;2.289271e-02;1.945991e-02;1.646680e-01;4.300223e-02;6.484992e-02;1.161169e-01
6.949057e-02;1.465683e-01;2.588901e-01;3.165461e-02;2.914337e-02;4.135366e-02;2.930845e-02;3.166641e-02;1.987954e-01;3.545297e-02;4.408621e-02;8.358994e-02
7.886343e-02;1.473080e-01;2.536180e-01;3.369329e-02;3.431526e-02;5.230382e-02;4.244761e-02;6.806115e-02;2.008721e-01;2.285886e-02;1.444592e-02;5.121253e-02
8.070203e-02;1.305255e-01;2.440107e-01;3.367900e-02;3.912373e-02;6.058392e-02;4.612907e-02;8.732279e-02;1.776167e-01;3.209544e-02;2.492606e-02;4.328495e-02
6.067029e-02;1.317934e-01;2.625225e-01;4.305264e-02;5.200524e-02;7.194303e-02;3.710558e-02;6.639977e-02;1.233899e-01;6.599072e-02;3.334306e-02;5.178386e-02
4.291479e-02;1.192081e-01;2.979626e-01;4.658720e-02;4.658104e-02;7.107176e-02;8.620527e-02;6.434456e-02;7.297925e-02;7.657842e-02;2.506298e-02;5.050401e-02
4.672370e-02;1.085419e-01;2.496106e-01;4.177688e-02;5.296879e-02;7.188306e-02;6.855135e-02;6.935260e-02;1.436245e-01;6.711447e-02;3.081847e-02;4.903370e-02
4.745872e-02;1.159651e-01;2.002878e-01;5.648582e-02;5.953031e-02;7.974885e-02;5.353249e-02;3.898789e-02;1.589077e-01;6.106834e-02;6.608929e-02;6.193759e-02
