6.050904e-02;5.560823e-02;1.401895e-01;6.535120e-02;7.024498e-02;5.106955e-02;1.466175e-01;8.458285e-02;8.504292e-02;5.026507e-02;1.166615e-01;7.385774e-02
4.755138e-02;4.212070e-02;2.129284e-01;6.555085e-02;6.799907e-02;5.491451e-02;1.582939e-01;5.819761e-02;6.616416e-02;6.452996e-02;9.361961e-02;6.812987e-02
3.363994e-02;2.459185e-02;2.997474e-01;5.276081e-02;6.065150e-02;5.604477e-02;1.971530e-01;4.086587e-02;3.749213e-02;9.072986e-02;5.732612e-02;4.899677e-02
3.188328e-02;2.560171e-02;3.312772e-01;3.869197e-02;6.626775e-02;6.567430e-02;2.184635e-01;4.838764e-02;4.327083e-02;7.014339e-02;3.550583e-02;2.483257e-02
4.853950e-02;3.063429e-02;2.839640e-01;3.182480e-02;7.504272e-02;7.899419e-02;2.443774e-01;3.602667e-02;4.241150e-02;8.039169e-02;2.054262e-02;2.725062e-02
4.066555e-02;3.412155e-02;2.492477e-01;3.165831e-02;6.460538e-02;6.601014e-02;2.737355e-01;3.083390e-02;4.592140e-02;1.227813e-01;2.346907e-02;1.695025e-02
5.232657e-02;2.693972e-02;2.459049e-01;2.486049e-02;6.826062e-02;4.382176e-02;3.087483e-01;3.015870e-02;3.264920e-02;1.302841e-01;1.590096e-02;2.014472e-02
5.296576e-02;2.070607e-02;2.372128e-01;2.465537e-02;7.297657e-02;4.051650e-02;3.093151e-01;4.264564e-02;3.220927e-02;1.264264e-01;2.591052e-02;1.445999e-02
3.533959e-02;3.185684e-02;2.044243e-01;2.675688e-02;6.465411e-02;8.037342e-02;2.569389e-01;5.504910e-02;7.085425e-02;1.166130e-01;1.443582e-02;4.270379e-02
2.107688e-02;5.668641e-02;1.535370e-01;2.304295e-02;4.290584e-02;1.411025e-01;1.686685e-01;4.788745e-02;1.401642e-01;1.041863e-01;2.492474e-02;7.581711e-02
1.431312e-02;7.477263e-02;1.173640e-01;2.815124e-02;2.558780e-02;1.744349e-01;1.054904e-01;5.061871e-02;2.090288e-01;8.640197e-02;3.027627e-02;8.356015e-02
1.902023e-02;7.249887e-02;1.406424e-01;3.154209e-02;2.884876e-02;1.836668e-01;5.546677e-02;5.357713e-02;2.197245e-01;7.611792e-02;3.856121e-02;8.033328e-02
2.334992e-02;6.570791e-02;1.525303e-01;2.273377e-02;3.222284e-02;1.923105e-01;9.503330e-02;3.755872e-02;1.960038e-01;7.730574e-02;2.817056e-02;7.707258e-02
2.601871e-02;7.266882e-02;1.243418e-01;3.133522e-02;3.287715e-02;1.950907e-01;9.493891e-02;2.994302e-02;2.286996e-01;6.729812e-02;1.383755e-02;8.295044e-02
3.523563e-02;9.170242e-02;1.115889e-01;3.607065e-02;3.868202e-02;2.004661e-01;4.945363e-02;3.751634e-02;2.549486e-01;4.924340e-02;6.129197e-03;8.896316e-02
4.449009e-02;1.083429e-01;1.063338e-01;4.087084e-02;4.417580e-02;1.872813e-01;4.123578e-02;3.624932e-02;2.271942e-01;4.587745e-02;2.502109e-02;9.292740e-02
4.692617e-02;1.359944e-01;1.046908e-01;4.965057e-02;4.756068e-02;1.757092e-01;2.761112e-02;4.339957e-02;2.029588e-01;3.220430e-02;3.062833e-02;1.026661e-01
5.570795e-02;1.612886e-01;1.315984e-01;4.383539e-02;4.216072e-02;1.548007e-01;3.515024e-02;2.733329e-02;1.783305e-01;4.331293e-02;2.426440e-02;1.022170e-01
6.684598e-02;1.905568e-01;1.604051e-01;3.255555e-02;3.490375e-02;1.353256e-01;3.425841e-02;1.949024e-02;1.686874e-01;4.349670e-02;1.469408e-02;9.878039e-02
8.734084e-02;2.144702e-01;1.498725e-01;3.505126e-02;3.076023e-02;1.078196e-01;4.486195e-02;2.411936e-02;1.628397e-01;3.123594e-02;2.471379e-02;8.691470e-02
1.268121e-01;2.188082e-01;1.217793e-01;4.635011e-02;4.416081e-02;8.803454e-02;4.685504e-02;2.198066e-02;1.469416e-01;2.235093e-02;5.164158e-02;6.428509e-02
1.803299e-01;2.367161e-01;7.541972e-02;5.808774e-02;4.726776e-02;7.192324e-02;4.137680e-02;3.012875e-02;1.381876e-01;1.948261e-02;5.740735e-02;4.367245e-02
2.090579e-01;2.356407e-01;8.170988e-02;5.759848e-02;4.717918e-02;5.998940e-02;5.448285e-02;3.619622e-02;1.215626e-01;2.075477e-02;4.728319e-02;2.854481e-02
2.284857e-01;2.113157e-01;9.413318e-02;4.685993e-02;5.191439e-02;4.565452e-02;7.103999e-02;4.128523e-02;1.126006e-01;2.053454e-02;5.748342e-02;1.869277e-02
2.606066e-01;1.745823e-01;8.816303e-02;3.171925e-02;4.667287e-02;3.734142e-02;1.082158e-01;5.497062e-02;9.374589e-02;1.977008e-02;6.740496e-02;1.680715e-02
2.888308e-01;1.323490e-01;5.846480e-02;2.661623e-02;5.711178e-02;2.113406e-02;1.588736e-01;6.660792e-02;7.051852e-02;2.416955e-02;6.555963e-02;2.976420e-02
2.832562e-01;1.063693e-01;4.121268e-02;3.440000e-02;6.382616e-02;1.973761e-02;2.210452e-01;7.427632e-02;4.803862e-02;2.935832e-02;4.727365e-02;3.120600e-02
2.156256e-01;6.336953e-02;1.039903e-01;4.738469e-02;7.768267e-02;4.482947e-02;2.466926e-01;5.184082e-02;3.737931e-02;3.777463e-02;3.217368e-02;4.125663e-02
1.283982e-01;5.515642e-02;2.399639e-01;5.663809e-02;5.974403e-02;5.854309e-02;1.779773e-01;5.614579e-02;5.086656e-02;4.515138e-02;2.900345e-02;4.241177e-02
7.879694e-02;3.466554e-02;3.647614e-01;5.495432e-02;5.524715e-02;4.647928e-02;1.018910e-01;5.777841e-02;5.545020e-02;6.433908e-02;4.697355e-02;3.866307e-02
3.680521e-02;3.402279e-02;4.149022e-01;5.688921e-02;7.278679e-02;3.760160e-02;6.736342e-02;5.305180e-02;6.217922e-02;7.945407e-02;4.776042e-02;3.718325e-02
3.303538e-02;4.374185e-02;3.290955e-01;9.158231e-02;9.645136e-02;5.301861e-02;7.796135e-02;4.887614e-02;6.339167e-02;6.351352e-02;7.545250e-02;2.387984e-02
4.519749e-02;3.905878e-02;3.484828e-01;8.500338e-02;9.496637e-02;4.467776e-02;1.054753e-01;4.994721e-02;3.368860e-02;7.399417e-02;5.900992e-02;2.049812e-02
4.967821e-02;3.639918e-02;4.410618e-01;6.308958e-02;7.575082e-02;3.042919e-02;9.662886e-02;4.882498e-02;2.305684e-02;7.204148e-02;4.830479e-02;1.473428e-02
6.490272e-02;2.201667e-02;4.422176e-01;7.770173e-02;5.511931e-02;2.587452e-02;1.042975e-01;5.407266e-02;1.911559e-02;5.246041e-02;5.905551e-02;2.316573e-02
6.352200e-02;1.573945e-02;4.101708e-01;1.088843e-01;4.868016e-02;2.247298e-02;1.160831e-01;6.817210e-02;1.581422e-02;4.470628e-02;6.264733e-02;2.310722e-02
6.416799e-02;2.073511e-02;4.121643e-01;1.223329e-01;3.579240e-02;1.816304e-02;1.171416e-01;6.390346e-02;1.540780e-02;4.885765e-02;6.294859e-02;1.838513e-02
6.160406e-02;2.783884e-02;4.500133e-01;1.000329e-01;4.939589e-02;1.926945e-02;1.163189e-01;4.882848e-02;9.670679e-03;5.783768e-02;5.008770e-02;9.102096e-03
5.627860e-02;5.833685e-02;4.370066e-01;7.372760e-02;7.336628e-02;2.675651e-02;1.071083e-01;3.374770e-02;1.973077e-02;6.315988e-02;3.512174e-02;1.565916e-02
7.060342e-02;1.025082e-01;3.671503e-01;6.896891e-02;7.784604e-02;2.877041e-02;1.003837e-01;2.675991e-02;3.834361e-02;5.907124e-02;2.610347e-02;3.349084e-02
7.872075e-02;1.202340e-01;3.163892e-01;7.572292e-02;6.775911e-02;3.838914e-02;1.101479e-01;2.211909e-02;5.372560e-02;4.570444e-02;2.622803e-02;4.485985e-02
7.781746e-02;7.771570e-02;3.329996e-01;6.494038e-02;5.950228e-02;3.093297e-02;1.701477e-01;4.283663e-02;5.106758e-02;2.843564e-02;2.694093e-02;3.666315e-02
7.397934e-02;5.968004e-02;2.966979e-01;4.610484e-02;5.309925e-02;2.620164e-02;2.491115e-01;5.733390e-02;3.934969e-02;3.842350e-02;2.834569e-02;3.167270e-02
3.509753e-02;5.104598e-02;2.293086e-01;5.157456e-02;6.512780e-02;3.312121e-02;3.097416e-01;4.277733e-02;4.670549e-02;5.318082e-02;5.753036e-02;2.478881e-02
6.962590e-02;6.918980e-02;1.960558e-01;6.846476e-02;9.760113e-02;3.488862e-02;2.353808e-01;5.012669e-02;3.918030e-02;5.407308e-02;6.468745e-02;2.072564e-02
1.001679e-01;9.617391e-02;2.405275e-01;7.352363e-02;7.991322e-02;3.776858e-02;1.564072e-01;4.126108e-02;3.240759e-02;6.124179e-02;4.850762e-02;3.210004e-02
7.309133e-02;1.031745e-01;2.107635e-01;6.972691e-02;6.962460e-02;4.885926e-02;1.111168e-01;3.411471e-02;5.645726e-02;1.112338e-01;5.056322e-02;6.127417e-02
6.586062e-02;1.136445e-01;2.196134e-01;4.491856e-02;7.042725e-02;5.377647e-02;9.585796e-02;4.640741e-02;7.478426e-02;1.174026e-01;4.604471e-02;5.126226e-02
4.355256e-02;6.414213e-02;2.600386e-01;4.912486e-02;9.675021e-02;7.058519e-02;1.193158e-01;8.007352e-02;7.218114e-02;6.027170e-02;3.200833e-02;5.195599e-02
1.261686e-01;9.769491e-02;1.891351e-01;2.586562e-02;5.132712e-02;5.691472e-02;1.317340e-01;7.531185e-02;6.926479e-02;5.913898e-02;4.725922e-02;7.018498e-02
1.399984e-01;8.365135e-02;1.620001e-01;5.371974e-02;6.599985e-02;4.387430e-02;1.249362e-01;7.025318e-02;6.798361e-02;6.462957e-02;5.807323e-02;6.488038e-02
1.196820e-01;7.389834e-02;2.198289e-01;8.552128e-02;6.595466e-02;3.021945e-02;8.467277e-02;6.952042e-02;4.638313e-02;6.198760e-02;7.586682e-02;6.646457e-02
8.419666e-02;6.677959e-02;3.689541e-01;7.696725e-02;4.107315e-02;1.624175e-02;6.150611e-02;4.681042e-02;3.377477e-02;6.371366e-02;7.714229e-02;6.284018e-02
5.066210e-02;1.154132e-01;4.208856e-01;4.802007e-02;2.166240e-02;2.565614e-02;5.069615e-02;2.951303e-02;4.985969e-02;5.691991e-02;5.361116e-02;7.710059e-02
7.448415e-02;1.791899e-01;3.782731e-01;2.450537e-02;1.630596e-02;3.689514e-02;3.130945e-02;2.651431e-02;5.346516e-02;4.065483e-02;3.415412e-02;1.042485e-01
7.789371e-02;2.417592e-01;3.144341e-01;2.255356e-02;2.351765e-02;4.024891e-02;2.738836e-02;2.121445e-02;7.643989e-02;3.077882e-02;1.891864e-02;1.048528e-01
1.098535e-01;2.775756e-01;2.662362e-01;2.856915e-02;2.407566e-02;3.829817e-02;2.128431e-02;1.806196e-02;9.778510e-02;2.610021e-02;1.668493e-02;7.547525e-02
1.356142e-01;2.849333e-01;2.068620e-01;2.903239e-02;2.595781e-02;4.270329e-02;2.330505e-02;3.014966e-02;1.048025e-01;3.168027e-02;3.687824e-02;4.808125e-02
1.558276e-01;2.523993e-01;1.488225e-01;2.903997e-02;3.408076e-02;5.418490e-02;4.103959e-02;3.662564e-02;8.604085e-02;4.055399e-02;7.818874e-02;4.319614e-02
1.574915e-01;2.257702e-01;1.086318e-01;3.590630e-02;4.193502e-02;7.432359e-02;3.309877e-02;3.528414e-02;8.658107e-02;4.772859e-02;1.052199e-01;4.802892e-02
1.354325e-01;1.878303e-01;1.588162e-01;3.677935e-02;5.473284e-02;8.488782e-02;3.831662e-02;2.479405e-02;8.417325e-02;5.521380e-02;1.079570e-01;3.106622e-02
1.478731e-01;1.414428e-01;1.245371e-01;3.402417e-02;7.504622e-02;8.678917e-02;5.600860e-02;3.466429e-02;8.392572e-02;6.303568e-02;1.236528e-01;2.900035e-02
1.472136e-01;1.005227e-01;1.056299e-01;5.690345e-02;7.975595e-02;7.815360e-02;7.420368e-02;5.070465e-02;9.124383e-02;7.104371e-02;1.044542e-01;4.017067e-02
1.138349e-01;8.644100e-02;1.351860e-01;6.592643e-02;6.832543e-02;6.657363e-02;8.405270e-02;7.259748e-02;9.106972e-02;7.697287e-02;7.942194e-02;5.959790e-02
1.066950e-01;1.053959e-01;1.947928e-01;5.736278e-02;4.299649e-02;5.207531e-02;7.592846e-02;1.062915e-01;8.625380e-02;5.266713e-02;4.837643e-02;7.116439e-02
1.251305e-01;1.287894e-01;2.130731e-01;3.981894e-02;4.661166e-02;6.169457e-02;5.476192e-02;9.693084e-02;9.771096e-02;5.834931e-02;2.930247e-02;4.782645e-02
1.111569e-01;1.271245e-01;2.227351e-01;3.471726e-02;5.691616e-02;7.636014e-02;4.312933e-02;7.015996e-02;1.311274e-01;6.105784e-02;2.530190e-02;4.021350e-02
9.446640e-02;8.226870e-02;2.276121e-01;5.225335e-02;5.192523e-02;7.337892e-02;8.303770e-02;9.279700e-02;1.205937e-01;5.483420e-02;3.685836e-02;2.997435e-02
9.395207e-02;4.490419e-02;1.870203e-01;6.352350e-02;3.348260e-02;6.027918e-02;1.675446e-01;1.179707e-01;8.353673e-02;5.530348e-02;6.203634e-02;3.044625e-02
6.951823e-02;2.845756e-02;1.685655e-01;6.798969e-02;3.125914e-02;4.203041e-02;1.932087e-01;1.544886e-01;6.899126e-02;6.664298e-02;8.992282e-02;1.892499e-02
4.090869e-02;4.368041e-02;1.298179e-01;7.126415e-02;3.447758e-02;2.768129e-02;1.353736e-01;2.228134e-01;9.546027e-02;5.700925e-02;1.243757e-01;1.713772e-02
2.486263e-02;8.146670e-02;9.177940e-02;7.143292e-02;3.753453e-02;3.192202e-02;5.653425e-02;2.581623e-01;1.437709e-01;2.803464e-02;1.398020e-01;3.469778e-02
2.137569e-02;9.891119e-02;6.276496e-02;5.423861e-02;5.638696e-02;2.631448e-02;4.473726e-02;2.016312e-01;2.227402e-01;4.389748e-02;8.647186e-02;8.053008e-02
1.487427e-02;7.187202e-02;6.261931e-02;2.916781e-02;6.694245e-02;2.355399e-02;5.198317e-02;1.415435e-01;3.017629e-01;5.641728e-02;4.763836e-02;1.316250e-01
2.194654e-02;3.888315e-02;7.793596e-02;1.659395e-02;6.733650e-02;2.703609e-02;4.937647e-02;9.032856e-02;4.027065e-01;3.434267e-02;3.003978e-02;1.434738e-01
5.435602e-02;1.775965e-02;9.849815e-02;1.179146e-02;6.262337e-02;3.012049e-02;5.714725e-02;7.043564e-02;4.338626e-01;3.187657e-02;1.956991e-02;1.119589e-01
1.062368e-01;1.631432e-02;8.363406e-02;1.975427e-02;4.782262e-02;5.968558e-02;5.627824e-02;6.741766e-02;3.246192e-01;1.379395e-01;2.849303e-02;5.180468e-02
1.241883e-01;2.208840e-02;3.982639e-02;3.756328e-02;3.014690e-02;8.533487e-02;8.398707e-02;6.386798e-02;1.953170e-01;2.623169e-01;3.660391e-02;1.875908e-02
9.801103e-02;4.044517e-02;2.388627e-02;4.268062e-02;2.424187e-02;8.581281e-02;1.505297e-01;4.340252e-02;8.764125e-02;3.120387e-01;7.872949e-02;1.258054e-02
5.002784e-02;5.896398e-02;2.021149e-02;2.773798e-02;2.231692e-02;5.985683e-02;2.419222e-01;3.874249e-02;5.526848e-02;2.288297e-01;1.845843e-01;1.153784e-02
2.139571e-02;4.905763e-02;3.227359e-02;1.308853e-02;2.332464e-02;3.281948e-02;2.922290e-01;7.304624e-02;5.840580e-02;1.040431e-01;2.745056e-01;2.581060e-02
1.197447e-02;3.270458e-02;6.585886e-02;1.104554e-02;2.003869e-02;1.606977e-02;2.657753e-01;1.622455e-01;4.411105e-02;4.594520e-02;2.451323e-01;7.909880e-02
9.109508e-03;2.100384e-02;1.139172e-01;1.198568e-02;8.201885e-03;1.577057e-02;1.992369e-01;2.721739e-01;3.890773e-02;3.868442e-02;1.163532e-01;1.546551e-01
9.239815e-03;9.618337e-03;1.437059e-01;1.870733e-02;5.712806e-03;2.777035e-02;1.251280e-01;3.136623e-01;7.378069e-02;3.533100e-02;2.892550e-02;2.084179e-01
1.952032e-02;1.351988e-02;1.372005e-01;3.530192e-02;8.901490e-03;3.518583e-02;6.779838e-02;2.537071e-01;1.923569e-01;2.737908e-02;3.106434e-02;1.780642e-01
2.593088e-02;1.340559e-02;1.040735e-01;6.219567e-02;1.496840e-02;2.993865e-02;5.369618e-02;1.984926e-01;3.502741e-01;2.737134e-02;2.795251e-02;9.170059e-02
3.363452e-02;9.244754e-03;5.884080e-02;8.540208e-02;1.562888e-02;1.656306e-02;4.067673e-02;1.491346e-01;5.132556e-01;2.508612e-02;2.856185e-02;2.397107e-02
3.799051e-02;4.645098e-03;3.939044e-02;9.547571e-02;1.197408e-02;7.991510e-03;2.650959e-02;9.349667e-02;6.137967e-01;2.097749e-02;3.766787e-02;1.008442e-02
3.804768e-02;3.179726e-03;3.690434e-02;1.005906e-01;1.321380e-02;4.198235e-03;2.449605e-02;4.709550e-02;6.472360e-01;3.356523e-02;4.611827e-02;5.354593e-03
4.751557e-02;1.830343e-03;3.867296e-02;1.031100e-01;1.634471e-02;2.250712e-03;2.599052e-02;1.728368e-02;6.513989e-01;3.856938e-02;4.944424e-02;7.589023e-03
5.880919e-02;2.717474e-03;4.634048e-02;1.012408e-01;1.842194e-02;1.707146e-03;2.445415e-02;3.000331e-02;6.050035e-01;4.192738e-02;6.090258e-02;8.472041e-03
6.575029e-02;3.316754e-03;7.411953e-02;1.087012e-01;1.698506e-02;3.041454e-03;1.837065e-02;3.988047e-02;5.429594e-01;3.492505e-02;8.386926e-02;8.080928e-03
6.683896e-02;4.640590e-03;1.288382e-01;1.248121e-01;1.594245e-02;3.353228e-03;1.812059e-02;4.613099e-02;4.461069e-01;3.369925e-02;1.044951e-01;7.021715e-03
6.679684e-02;1.495398e-02;2.148145e-01;1.345308e-01;1.767751e-02;3.520854e-03;1.888063e-02;5.505985e-02;3.170888e-01;3.484257e-02;1.058865e-01;1.594714e-02
6.761084e-02;3.417484e-02;2.800189e-01;1.237141e-01;2.511030e-02;7.705453e-03;7.218404e-02;4.765736e-02;1.932122e-01;4.404721e-02;9.164248e-02;1.292232e-02
5.718153e-02;3.567080e-02;2.974008e-01;1.055333e-01;2.844184e-02;1.335281e-02;1.472697e-01;5.119532e-02;1.035411e-01;6.567407e-02;7.582444e-02;1.891426e-02
2.720813e-02;2.330459e-02;2.179337e-01;7.944223e-02;2.311433e-02;1.075845e-02;2.420622e-01;1.277149e-01;6.245942e-02;9.592074e-02;4.336951e-02;4.671181e-02
4.014261e-02;4.280451e-02;1.948001e-01;5.213271e-02;1.425584e-02;1.310093e-02;2.215566e-01;1.553355e-01;4.682088e-02;1.053581e-01;3.177093e-02;8.192140e-02
2.236854e-02;3.262590e-02;2.604369e-01;4.693585e-02;7.920044e-03;1.708096e-02;2.041634e-01;1.549367e-01;4.146983e-02;1.000335e-01;1.950222e-02;9.252611e-02
1.686558e-02;1.113486e-02;2.828777e-01;4.685816e-02;9.084397e-03;2.222596e-02;2.121877e-01;1.591241e-01;7.001970e-02;6.821693e-02;9.909669e-03;9.149529e-02
1.040846e-02;1.132228e-02;2.637541e-01;3.852623e-02;5.735443e-03;2.382521e-02;2.433521e-01;1.791943e-01;8.298541e-02;4.531796e-02;7.260343e-03;8.831820e-02
6.258253e-03;1.500392e-02;2.344555e-01;2.147153e-02;5.801530e-03;2.063922e-02;2.861616e-01;1.955932e-01;6.775047e-02;5.265234e-02;1.133936e-02;8.287306e-02
8.043442e-03;2.640931e-02;2.150745e-01;1.196124e-02;1.095472e-02;1.740044e-02;3.442039e-01;1.863594e-01;3.861637e-02;5.415658e-02;1.309954e-02;7.372059e-02
8.311258e-03;4.125401e-02;2.052126e-01;6.035988e-03;1.960516e-02;1.401399e-02;4.052668e-01;1.501843e-01;3.014488e-02;3.781711e-02;2.440425e-02;5.774968e-02
1.005757e-02;6.431340e-02;2.282205e-01;7.202937e-03;3.203092e-02;1.185771e-02;4.221689e-01;1.060093e-01;3.295276e-02;1.816800e-02;3.881171e-02;2.820631e-02
1.917011e-02;8.728833e-02;2.548176e-01;1.513460e-02;3.995463e-02;1.166829e-02;3.818814e-01;7.845055e-02;3.065992e-02;2.474000e-02;4.455603e-02;1.167855e-02
3.119218e-02;1.156731e-01;2.576540e-01;1.430004e-02;4.821988e-02;1.645694e-02;3.577660e-01;4.720860e-02;2.450661e-02;2.381021e-02;4.213367e-02;2.107887e-02
2.209590e-02;1.315377e-01;2.432974e-01;9.494211e-03;4.969534e-02;1.774429e-02;3.731492e-01;4.840638e-02;2.653809e-02;2.238487e-02;3.329686e-02;2.235977e-02
1.879855e-02;1.417446e-01;1.976737e-01;1.138901e-02;4.988749e-02;2.388696e-02;4.142347e-01;4.246123e-02;2.283659e-02;2.304293e-02;3.103950e-02;2.300476e-02
1.805042e-02;1.321166e-01;1.066734e-01;1.594352e-02;5.820305e-02;2.541320e-02;4.443516e-01;4.961429e-02;4.274388e-02;3.617208e-02;4.747405e-02;2.324389e-02
2.930983e-02;1.194309e-01;1.214892e-01;1.464645e-02;5.044402e-02;2.136177e-02;4.371864e-01;6.443344e-02;3.482715e-02;3.559294e-02;5.374225e-02;1.753572e-02
3.231908e-02;1.188266e-01;1.139605e-01;8.975099e-03;5.269779e-02;2.355027e-02;4.711478e-01;5.180129e-02;2.579686e-02;2.838466e-02;5.695615e-02;1.558390e-02
3.685645e-02;1.248340e-01;7.286204e-02;1.596592e-02;5.380018e-02;2.514312e-02;4.794696e-01;4.721368e-02;3.193167e-02;2.941580e-02;6.228340e-02;2.022416e-02
5.020112e-02;1.580008e-01;1.492796e-01;1.254250e-02;4.373988e-02;1.881263e-02;3.819747e-01;5.971908e-02;3.446772e-02;1.905465e-02;5.786158e-02;1.434570e-02
4.439147e-02;1.762087e-01;2.166453e-01;1.452400e-02;3.901601e-02;2.028530e-02;3.163368e-01;5.350882e-02;2.807491e-02;1.962160e-02;6.465743e-02;6.729661e-03
6.115411e-02;1.982166e-01;2.283205e-01;1.138700e-02;3.233226e-02;1.319300e-02;2.752666e-01;4.194617e-02;3.580111e-02;1.419211e-02;8.082820e-02;7.362334e-03
9.066483e-02;2.314633e-01;1.899822e-01;8.907302e-03;2.708986e-02;1.376667e-02;2.489576e-01;2.976418e-02;4.107892e-02;1.502141e-02;9.346525e-02;9.838430e-03
1.623948e-01;2.306627e-01;1.322221e-01;1.448615e-02;2.833249e-02;3.123469e-02;1.955227e-01;2.982116e-02;4.109047e-02;3.648189e-02;8.176303e-02;1.598791e-02
2.478400e-01;1.882495e-01;9.168504e-02;2.231062e-02;4.349790e-02;5.310829e-02;1.215981e-01;2.756767e-02;4.343125e-02;6.277181e-02;5.939555e-02;3.854433e-02
2.545641e-01;1.275188e-01;9.345149e-02;2.841705e-02;8.633127e-02;7.376251e-02;6.387884e-02;2.441138e-02;7.123411e-02;6.799985e-02;3.892734e-02;6.950325e-02
1.356217e-01;8.504286e-02;1.077454e-01;3.444209e-02;1.528733e-01;9.263816e-02;7.400224e-02;1.865222e-02;1.201559e-01;3.698973e-02;3.045033e-02;1.113860e-01
1.467339e-01;9.365416e-02;1.052703e-01;3.771280e-02;1.537839e-01;7.120755e-02;8.132373e-02;1.961610e-02;1.308988e-01;1.543924e-02;2.734674e-02;1.170129e-01
8.528122e-02;1.229696e-01;1.280101e-01;4.007972e-02;1.341116e-01;4.935767e-02;8.277649e-02;1.464912e-02;1.636253e-01;4.219120e-02;3.053977e-02;1.064083e-01
2.339310e-01;7.670168e-02;9.198615e-02;2.563387e-02;1.136258e-01;8.341566e-02;9.708901e-02;2.015396e-02;1.403945e-01;3.195380e-02;2.473882e-02;6.037579e-02
2.524181e-01;4.205221e-02;5.842708e-02;3.678470e-02;9.528510e-02;1.355858e-01;1.437438e-01;2.180039e-02;8.136661e-02;7.882129e-02;1.475216e-02;3.896284e-02
2.374874e-01;8.774957e-02;1.899746e-02;5.879584e-02;5.849120e-02;1.499308e-01;1.865209e-01;1.566382e-02;3.569826e-02;1.097953e-01;2.061985e-02;2.024956e-02
2.268762e-01;1.197813e-01;1.502143e-02;6.945530e-02;3.821624e-02;1.299352e-01;2.269931e-01;6.961611e-03;1.349695e-02;1.092674e-01;2.159438e-02;2.240073e-02
1.998365e-01;1.320951e-01;2.618710e-02;6.693535e-02;3.370297e-02;1.229040e-01;2.580302e-01;7.843724e-03;8.676996e-03;1.068672e-01;2.287782e-02;1.404306e-02
1.608064e-01;1.145538e-01;2.896817e-02;9.001427e-02;3.166839e-02;1.284874e-01;2.683355e-01;9.798197e-03;1.561396e-02;1.243085e-01;1.513122e-02;1.231421e-02
1.535572e-01;8.276797e-02;1.397246e-02;1.151290e-01;3.145884e-02;1.449488e-01;2.589350e-01;1.176762e-02;1.047122e-02;1.449537e-01;2.026309e-02;1.177505e-02
1.584166e-01;6.882569e-02;1.316795e-02;1.323599e-01;3.040342e-02;1.611356e-01;2.408771e-01;8.251990e-03;4.999360e-03;1.523191e-01;1.895084e-02;1.029247e-02
1.673371e-01;5.523661e-02;1.890078e-02;1.460357e-01;3.249384e-02;1.642600e-01;2.196168e-01;7.392073e-03;7.200244e-03;1.539913e-01;1.427183e-02;1.326371e-02
1.624397e-01;5.012790e-02;4.930402e-02;1.400903e-01;3.985858e-02;1.471316e-01;1.924519e-01;1.189091e-02;1.932012e-02;1.367778e-01;2.401880e-02;2.658838e-02
1.469197e-01;2.219478e-02;9.162689e-02;1.218686e-01;5.796884e-02;1.294023e-01;1.490094e-01;2.888724e-02;4.403668e-02;1.108566e-01;5.056908e-02;4.665990e-02
1.514919e-01;5.350718e-02;9.998753e-02;9.745318e-02;7.596043e-02;1.152646e-01;1.654420e-01;3.180561e-02;3.966274e-02;6.602836e-02;5.198732e-02;5.140912e-02
1.551897e-01;6.437059e-02;1.088006e-01;8.069638e-02;1.114634e-01;9.854364e-02;2.261443e-01;2.839698e-02;2.132915e-02;2.581524e-02;2.736915e-02;5.188077e-02
8.301684e-02;6.174587e-02;1.756265e-01;9.050729e-02;1.394342e-01;7.005031e-02;1.621116e-01;3.404441e-02;3.634452e-02;4.600099e-02;4.035104e-02;6.076639e-02
1.193259e-01;6.014584e-02;2.353723e-01;1.070122e-01;9.621241e-02;6.573070e-02;8.745699e-02;3.389200e-02;2.599216e-02;3.969580e-02;6.506842e-02;6.409533e-02
1.326743e-01;4.272936e-02;2.339762e-01;7.877305e-02;7.920008e-02;5.890128e-02;1.216313e-01;4.612551e-02;3.038405e-02;4.776091e-02;7.695249e-02;5.089151e-02
8.491795e-02;4.707199e-02;1.223342e-01;6.662202e-02;6.937932e-02;1.074148e-01;1.351528e-01;4.649485e-02;6.916171e-02;1.162934e-01;9.561543e-02;3.954154e-02
4.800425e-02;8.582220e-02;1.271655e-01;5.750390e-02;8.106432e-02;9.220938e-02;1.367602e-01;5.166334e-02;7.714002e-02;1.287187e-01;8.505434e-02;2.889379e-02
9.607399e-02;9.454037e-02;1.943021e-01;5.758934e-02;7.210957e-02;8.052455e-02;6.638163e-02;6.382344e-02;4.878825e-02;1.111899e-01;8.302305e-02;3.165390e-02
1.660348e-01;1.385633e-01;1.948231e-01;3.380889e-02;4.696048e-02;4.668630e-02;1.216978e-01;5.785022e-02;4.524761e-02;5.926048e-02;5.379256e-02;3.527443e-02
1.706438e-01;1.602666e-01;1.844704e-01;3.058955e-02;4.673102e-02;3.826157e-02;1.478463e-01;4.727167e-02;4.367189e-02;5.361255e-02;5.390361e-02;2.273102e-02
2.055667e-01;1.476409e-01;1.423796e-01;3.333779e-02;5.985923e-02;5.405972e-02;1.517556e-01;3.116638e-02;4.634238e-02;6.027498e-02;4.195372e-02;2.566295e-02
2.223408e-01;9.977546e-02;1.092489e-01;4.266946e-02;1.107819e-01;6.680805e-02;1.042019e-01;1.787002e-02;6.821816e-02;5.109901e-02;2.252027e-02;8.446602e-02
1.235166e-01;5.976979e-02;1.407323e-01;5.229279e-02;1.949909e-01;5.704067e-02;3.893429e-02;2.878141e-02;1.200715e-01;2.249598e-02;1.756538e-02;1.438084e-01
4.092008e-02;4.070250e-02;1.412672e-01;6.380799e-02;2.419274e-01;5.539097e-02;5.480960e-02;3.384868e-02;1.310711e-01;1.309887e-02;1.393667e-02;1.692190e-01
3.521215e-02;4.651549e-02;1.265900e-01;7.525119e-02;2.383044e-01;5.392210e-02;4.886563e-02;4.246820e-02;1.077277e-01;1.027178e-02;2.909718e-02;1.857741e-01
4.895242e-02;7.272750e-02;1.230915e-01;8.876997e-02;2.083865e-01;4.712221e-02;3.898966e-02;4.351466e-02;9.919069e-02;7.323623e-03;4.010189e-02;1.818295e-01
3.614349e-02;9.252917e-02;1.091157e-01;1.018770e-01;1.839237e-01;4.059907e-02;3.717199e-02;5.463937e-02;1.046352e-01;1.086651e-02;6.531113e-02;1.631876e-01
2.854866e-02;1.035784e-01;1.424645e-01;1.159334e-01;1.395099e-01;3.500408e-02;3.131064e-02;7.880387e-02;8.707038e-02;1.853260e-02;1.024571e-01;1.167865e-01
2.724862e-02;9.679437e-02;2.381412e-01;1.251489e-01;9.467671e-02;3.062940e-02;3.634271e-02;8.219963e-02;4.647128e-02;3.240210e-02;1.216428e-01;6.830231e-02
3.780495e-02;7.679186e-02;3.406376e-01;1.082257e-01;5.878446e-02;2.723634e-02;7.214201e-02;4.386278e-02;5.130452e-02;6.177992e-02;8.390178e-02;3.752797e-02
3.207237e-02;6.374410e-02;3.492049e-01;8.357560e-02;6.359141e-02;2.226644e-02;8.790319e-02;5.382233e-02;6.827598e-02;7.793934e-02;6.289953e-02;3.470478e-02
3.142193e-02;8.582746e-02;2.294019e-01;5.371872e-02;1.105002e-01;4.124225e-02;7.528509e-02;9.952201e-02;6.311898e-02;7.288381e-02;7.956713e-02;5.751053e-02
7.353503e-02;9.739073e-02;1.806341e-01;6.148069e-02;1.058316e-01;4.967778e-02;8.017611e-02;7.860452e-02;1.110213e-01;4.823602e-02;6.686109e-02;4.655109e-02
4.639875e-02;1.097213e-01;1.279672e-01;5.960292e-02;1.001378e-01;4.392664e-02;7.741936e-02;6.800400e-02;1.625988e-01;8.895876e-02;6.867845e-02;4.658602e-02
7.381272e-02;1.180894e-01;8.728074e-02;5.360125e-02;9.416533e-02;4.122411e-02;7.543388e-02;1.010682e-01;1.090576e-01;1.193628e-01;3.106894e-02;9.583493e-02
1.024978e-01;9.838959e-02;1.181645e-01;6.204458e-02;7.756086e-02;3.606170e-02;9.220788e-02;6.827545e-02;6.593838e-02;1.278705e-01;5.320854e-02;9.778024e-02
1.079691e-01;7.199279e-02;7.521394e-02;5.471366e-02;5.756240e-02;4.439654e-02;1.140395e-01;1.119402e-01;1.077562e-01;1.251773e-01;5.666054e-02;7.257784e-02
9.741961e-02;7.087407e-02;6.766488e-02;3.700801e-02;6.119059e-02;3.475614e-02;9.083500e-02;1.470204e-01;1.418641e-01;1.147594e-01;7.893872e-02;5.766911e-02
1.045379e-01;9.799530e-02;8.129614e-02;3.613784e-02;5.095563e-02;2.419152e-02;5.918222e-02;1.566913e-01;1.550746e-01;1.052167e-01;7.812825e-02;5.059265e-02
1.009031e-01;1.543950e-01;6.910013e-02;3.731614e-02;3.672074e-02;2.678145e-02;5.498656e-02;1.389431e-01;1.448165e-01;9.798556e-02;7.570807e-02;6.234371e-02
5.916438e-02;1.308406e-01;7.520199e-02;3.266050e-02;2.436721e-02;2.852396e-02;4.777776e-02;2.086948e-01;1.028331e-01;1.351841e-01;6.764533e-02;8.710621e-02
4.093125e-02;6.845415e-02;6.899831e-02;3.286839e-02;3.419224e-02;2.472428e-02;3.811678e-02;2.044827e-01;1.470599e-01;1.536729e-01;1.048766e-01;8.162248e-02
5.376063e-02;9.433129e-02;6.790794e-02;3.978870e-02;3.996073e-02;2.772388e-02;5.035669e-02;1.232390e-01;1.923340e-01;1.196126e-01;1.294246e-01;6.155996e-02
8.909869e-02;9.219471e-02;8.086854e-02;3.582524e-02;5.013575e-02;3.028940e-02;7.219881e-02;1.136738e-01;1.283875e-01;1.276936e-01;1.143958e-01;6.523819e-02
7.521109e-02;1.294994e-01;7.217882e-02;3.288623e-02;7.845153e-02;3.706363e-02;7.154158e-02;1.116141e-01;7.662432e-02;1.212341e-01;8.554358e-02;1.081516e-01
1.010234e-01;1.408071e-01;9.950808e-02;4.032966e-02;7.788660e-02;4.906015e-02;7.250496e-02;1.009131e-01;8.155070e-02;1.185366e-01;5.637426e-02;6.150536e-02
1.228490e-01;1.163778e-01;8.506402e-02;4.415366e-02;5.991710e-02;5.011224e-02;8.553351e-02;7.475824e-02;1.144685e-01;1.620672e-01;4.887999e-02;3.581868e-02
1.127811e-01;1.051725e-01;9.886564e-02;5.551351e-02;5.464867e-02;4.345698e-02;1.020866e-01;7.729180e-02;9.618644e-02;1.610781e-01;5.172876e-02;4.118983e-02
1.057209e-01;1.039006e-01;1.500028e-01;4.796893e-02;7.236631e-02;5.465352e-02;1.028616e-01;4.219473e-02;9.260406e-02;1.024505e-01;6.259561e-02;6.268051e-02
1.413156e-01;9.080499e-02;1.569905e-01;2.492882e-02;6.187634e-02;4.314161e-02;1.535281e-01;4.727174e-02;9.171505e-02;7.839862e-02;4.684920e-02;6.317945e-02
1.961897e-01;1.080023e-01;1.362930e-01;2.409233e-02;5.008707e-02;4.087087e-02;1.763828e-01;4.021732e-02;6.532917e-02;6.757049e-02;3.278903e-02;6.217590e-02
2.577040e-01;1.100469e-01;1.044220e-01;2.359092e-02;6.064712e-02;5.531343e-02;1.838082e-01;2.656215e-02;2.912076e-02;6.112260e-02;2.126889e-02;6.639295e-02
1.845713e-01;7.433335e-02;2.138636e-01;4.513731e-02;7.258087e-02;6.229566e-02;1.782808e-01;1.864714e-02;2.125775e-02;4.759583e-02;2.559312e-02;5.584325e-02
6.334180e-02;9.949938e-02;3.529979e-01;4.729689e-02;4.850200e-02;5.813384e-02;9.653373e-02;3.449341e-02;3.674519e-02;7.091837e-02;5.155888e-02;3.997857e-02
3.516068e-02;9.991679e-02;2.919865e-01;2.489174e-02;5.026705e-02;5.309786e-02;1.641334e-01;5.792334e-02;5.613319e-02;8.188549e-02;5.407465e-02;3.052932e-02
1.047929e-01;1.089546e-01;1.736998e-01;3.647959e-02;5.418145e-02;3.524025e-02;2.368951e-01;8.924011e-02;4.051409e-02;4.821166e-02;3.675284e-02;3.503759e-02
1.541481e-01;1.245743e-01;1.481721e-01;2.703842e-02;4.814393e-02;2.413165e-02;2.450172e-01;8.635303e-02;3.674777e-02;3.986852e-02;2.756117e-02;3.824393e-02
9.488600e-02;1.306186e-01;1.772797e-01;3.786446e-02;4.867503e-02;2.403770e-02;2.259621e-01;5.820774e-02;5.863072e-02;4.747706e-02;5.561792e-02;4.074298e-02
4.727925e-02;1.195551e-01;2.787221e-01;3.897876e-02;4.066140e-02;2.417146e-02;1.620935e-01;5.044382e-02;7.597621e-02;3.000153e-02;7.391984e-02;5.819704e-02
4.727081e-02;1.153144e-01;3.598429e-01;3.419545e-02;2.650864e-02;2.480814e-02;9.992290e-02;4.267719e-02;6.419168e-02;4.839982e-02;6.702730e-02;6.984074e-02
4.729626e-02;1.121247e-01;4.020375e-01;2.622401e-02;2.228833e-02;2.755812e-02;7.709596e-02;3.994980e-02;5.234621e-02;6.099320e-02;6.445805e-02;6.762791e-02
8.242829e-02;1.023209e-01;3.443709e-01;3.088958e-02;3.069776e-02;2.797875e-02;6.771699e-02;4.299057e-02;6.298860e-02;8.411961e-02;7.856502e-02;4.493301e-02
8.934038e-02;5.906475e-02;2.864222e-01;4.559094e-02;4.546738e-02;3.735152e-02;1.122662e-01;4.908652e-02;8.275829e-02;7.007341e-02;8.560507e-02;3.697338e-02
7.430717e-02;5.174504e-02;2.563437e-01;4.229945e-02;4.675584e-02;5.043422e-02;1.923147e-01;5.393131e-02;8.890142e-02;5.172700e-02;6.584480e-02;2.539545e-02
7.023402e-02;7.026830e-02;2.390160e-01;6.543563e-02;3.342798e-02;5.261731e-02;1.905949e-01;5.505067e-02;8.990615e-02;6.082112e-02;3.453464e-02;3.809325e-02
5.864426e-02;5.788700e-02;2.075424e-01;9.018282e-02;6.900743e-02;3.953895e-02;1.550335e-01;5.623066e-02;7.408949e-02;7.699312e-02;6.442048e-02;5.042991e-02
5.845789e-02;6.236425e-02;2.354314e-01;8.229016e-02;1.057939e-01;4.045760e-02;1.602084e-01;5.286764e-02;4.045378e-02;6.822933e-02;6.791095e-02;2.553466e-02
6.293999e-02;6.503835e-02;3.077892e-01;6.567930e-02;1.021652e-01;3.213381e-02;9.993833e-02;3.201037e-02;4.697609e-02;7.086674e-02;6.409537e-02;5.036724e-02
6.437029e-02;4.639047e-02;3.631432e-01;5.497800e-02;7.959099e-02;3.798013e-02;1.340389e-01;2.864885e-02;3.838898e-02;5.548016e-02;4.614326e-02;5.084673e-02
7.149109e-02;3.148271e-02;2.486253e-01;4.833449e-02;6.197959e-02;4.886734e-02;1.912755e-01;4.619423e-02;6.763463e-02;7.819404e-02;6.563102e-02;4.028998e-02
