9.016068e-02;7.275841e-02;1.074290e-01;5.424171e-02;4.780493e-02;5.343247e-02;6.175573e-02;8.947717e-02;1.071479e-01;1.090994e-01;1.449819e-01;6.171079e-02
1.041807e-01;6.692862e-02;9.230352e-02;5.337177e-02;4.806044e-02;5.094729e-02;6.672540e-02;8.450270e-02;8.899067e-02;1.072905e-01;1.574213e-01;7.927707e-02
1.116211e-01;6.956762e-02;1.048548e-01;5.313745e-02;5.368757e-02;4.570697e-02;7.551041e-02;8.712696e-02;6.713551e-02;9.854335e-02;1.534271e-01;7.968117e-02
1.292963e-01;6.460642e-02;1.315109e-01;4.596149e-02;5.351975e-02;4.209220e-02;7.927505e-02;7.826551e-02;6.721310e-02;1.000882e-01;1.190254e-01;8.914575e-02
1.583741e-01;6.785744e-02;1.305358e-01;4.807901e-02;5.462489e-02;3.959386e-02;8.646809e-02;6.624909e-02;4.993218e-02;1.061227e-01;5.785781e-02;1.343051e-01
1.412817e-01;1.018627e-01;9.715421e-02;4.927472e-02;4.980889e-02;3.297594e-02;9.662856e-02;7.392664e-02;4.869515e-02;8.472816e-02;8.066761e-02;1.429957e-01
7.950769e-02;1.182103e-01;1.759767e-01;4.961687e-02;4.729130e-02;3.372575e-02;8.507047e-02;8.879256e-02;4.762862e-02;9.948496e-02;1.161874e-01;5.850741e-02
8.790677e-02;9.018318e-02;1.562289e-01;5.107203e-02;6.395982e-02;2.991166e-02;5.015038e-02;7.963225e-02;8.322448e-02;1.278105e-01;1.267753e-01;5.314477e-02
1.176718e-01;6.819462e-02;1.064911e-01;5.144474e-02;6.544409e-02;2.674755e-02;6.257159e-02;5.360403e-02;8.030156e-02;9.542852e-02;1.507080e-01;1.213924e-01
9.467677e-02;7.209416e-02;1.371673e-01;3.593741e-02;5.083008e-02;4.270143e-02;1.163132e-01;6.778902e-02;6.598818e-02;1.060135e-01;9.585007e-02;1.146388e-01
1.050395e-01;7.322340e-02;1.319196e-01;2.544445e-02;5.305813e-02;5.430662e-02;1.295589e-01;7.979944e-02;7.513072e-02;8.838392e-02;9.345546e-02;9.067994e-02
1.011490e-01;9.228786e-02;1.324893e-01;1.866606e-02;4.026445e-02;5.188245e-02;1.068870e-01;9.492292e-02;7.212469e-02;4.636524e-02;1.759718e-01;6.698927e-02
6.888985e-02;6.524590e-02;1.269961e-01;3.489602e-02;6.149166e-02;4.039134e-02;1.036246e-01;7.578418e-02;7.783383e-02;8.143495e-02;1.902210e-01;7.319047e-02
1.011068e-01;6.851269e-02;8.835431e-02;6.491061e-02;5.685169e-02;4.266876e-02;5.236569e-02;6.991207e-02;5.468415e-02;9.369197e-02;1.828523e-01;1.240890e-01
9.485151e-02;6.882300e-02;9.409391e-02;7.003284e-02;6.073534e-02;4.276201e-02;4.871646e-02;7.557517e-02;5.878696e-02;1.030815e-01;1.721147e-01;1.104266e-01
8.618354e-02;7.582167e-02;9.069981e-02;6.708509e-02;6.494030e-02;5.112862e-02;9.521753e-02;8.582614e-02;6.829224e-02;1.065858e-01;1.290729e-01;7.914631e-02
1.009802e-01;8.607119e-02;1.131600e-01;4.759603e-02;4.917625e-02;5.935715e-02;1.268765e-01;5.841954e-02;4.693383e-02;1.097275e-01;6.443352e-02;1.372682e-01
1.351446e-01;7.977691e-02;9.023371e-02;3.738441e-02;5.169953e-02;7.742950e-02;1.086484e-01;4.029439e-02;7.070597e-02;9.702523e-02;9.474804e-02;1.169093e-01
1.172144e-01;6.599112e-02;6.640619e-02;3.243264e-02;7.929505e-02;8.560187e-02;8.542107e-02;3.458109e-02;1.281896e-01;7.224568e-02;1.240306e-01;1.085906e-01
6.591306e-02;4.114855e-02;5.935785e-02;4.492795e-02;1.180370e-01;6.834295e-02;7.211310e-02;4.389030e-02;1.642448e-01;7.355801e-02;8.187243e-02;1.665940e-01
7.548299e-02;4.588372e-02;8.554053e-02;6.444593e-02;1.097142e-01;4.382571e-02;4.747965e-02;7.851501e-02;1.251931e-01;9.595826e-02;6.475553e-02;1.632054e-01
7.820828e-02;6.313315e-02;1.260386e-01;7.548589e-02;7.526130e-02;3.808464e-02;3.500767e-02;9.738772e-02;1.030464e-01;1.003019e-01;1.108197e-01;9.722477e-02
7.859967e-02;8.280876e-02;1.622951e-01;6.411587e-02;7.128266e-02;3.945893e-02;5.936048e-02;7.952615e-02;1.152416e-01;8.881660e-02;1.023058e-01;5.618832e-02
1.052699e-01;1.169732e-01;1.277834e-01;5.743903e-02;8.449002e-02;3.811751e-02;6.223695e-02;7.182007e-02;1.135413e-01;1.170701e-01;5.662199e-02;4.863649e-02
1.008315e-01;1.177842e-01;8.866680e-02;5.463662e-02;5.456465e-02;2.941126e-02;1.015238e-01;9.911111e-02;1.143290e-01;1.329642e-01;4.669126e-02;5.948562e-02
5.441738e-02;8.406550e-02;9.773242e-02;5.813200e-02;5.899894e-02;5.966363e-02;9.778687e-02;9.736160e-02;1.572608e-01;1.188115e-01;6.531378e-02;5.045553e-02
8.037605e-02;6.379960e-02;7.799722e-02;6.757152e-02;7.391299e-02;5.463562e-02;6.724359e-02;8.736889e-02;1.725483e-01;1.288548e-01;7.504909e-02;5.064232e-02
7.843354e-02;6.936014e-02;7.301839e-02;6.238980e-02;7.085422e-02;4.007177e-02;5.844270e-02;7.495619e-02;1.583457e-01;2.245366e-01;4.931886e-02;4.027208e-02
7.787450e-02;8.244757e-02;4.329306e-02;4.643638e-02;4.823560e-02;4.587006e-02;8.241617e-02;1.225871e-01;1.455455e-01;2.525165e-01;2.200814e-02;3.076939e-02
6.387465e-02;1.421142e-01;3.771641e-02;5.517097e-02;2.599673e-02;3.261283e-02;7.371150e-02;1.639771e-01;1.602211e-01;1.624690e-01;2.128819e-02;6.084731e-02
4.095700e-02;1.118528e-01;2.996188e-02;3.815745e-02;3.184266e-02;4.463802e-02;5.955006e-02;1.805313e-01;2.297904e-01;1.620265e-01;1.952730e-02;5.116456e-02
5.445884e-02;8.324809e-02;1.945628e-02;2.657361e-02;3.659191e-02;5.172086e-02;9.673470e-02;1.840296e-01;2.025778e-01;1.714824e-01;2.453096e-02;4.859499e-02
6.673244e-02;9.488416e-02;3.840343e-02;3.202720e-02;2.720304e-02;4.314150e-02;1.261296e-01;1.654598e-01;1.459832e-01;1.420570e-01;4.793383e-02;7.004473e-02
1.178577e-01;8.411938e-02;8.808086e-02;4.307367e-02;2.948663e-02;3.830258e-02;1.160855e-01;1.532652e-01;1.086199e-01;9.222639e-02;6.738623e-02;6.149589e-02
1.414300e-01;9.934495e-02;1.244397e-01;5.561188e-02;6.372788e-02;4.545230e-02;8.392523e-02;1.046318e-01;9.684750e-02;7.611288e-02;6.486516e-02;4.361070e-02
1.305105e-01;1.641299e-01;1.143238e-01;7.794232e-02;6.758439e-02;3.943382e-02;7.303137e-02;8.589308e-02;8.121020e-02;6.392051e-02;5.950831e-02;4.251181e-02
1.289533e-01;1.715825e-01;7.936066e-02;8.776698e-02;5.457192e-02;3.628720e-02;8.400943e-02;7.534169e-02;3.938002e-02;4.715075e-02;6.850845e-02;1.270871e-01
1.717726e-01;1.834586e-01;4.194386e-02;5.021890e-02;4.456995e-02;2.902218e-02;4.777208e-02;5.715107e-02;3.949050e-02;5.716708e-02;7.817583e-02;1.992573e-01
2.134662e-01;1.146149e-01;8.225255e-02;3.312048e-02;3.851845e-02;2.140238e-02;4.359316e-02;6.341357e-02;3.116332e-02;3.853802e-02;1.617682e-01;1.581488e-01
1.648236e-01;6.810039e-02;1.132067e-01;2.730579e-02;2.241949e-02;2.447559e-02;6.537042e-02;5.684152e-02;5.773473e-02;4.811760e-02;2.540471e-01;9.755713e-02
9.471734e-02;6.116179e-02;1.282642e-01;2.029064e-02;2.968718e-02;3.387535e-02;1.315448e-01;5.019579e-02;8.257338e-02;5.320457e-02;2.025127e-01;1.119723e-01
9.694499e-02;5.569168e-02;1.346513e-01;3.051987e-02;8.313106e-02;5.927487e-02;2.419778e-01;4.861990e-02;6.437282e-02;7.062731e-02;4.977233e-02;6.441604e-02
9.865183e-02;4.901811e-02;1.558284e-01;4.292729e-02;1.252947e-01;8.279919e-02;2.642877e-01;3.459144e-02;4.657495e-02;3.971701e-02;2.261631e-02;3.769307e-02
7.030573e-02;3.436808e-02;2.682227e-01;6.123684e-02;1.425493e-01;9.086739e-02;1.737941e-01;2.709976e-02;2.433016e-02;2.364781e-02;4.324184e-02;4.033620e-02
3.564361e-02;2.613396e-02;4.341200e-01;7.149233e-02;1.031425e-01;7.316320e-02;8.279352e-02;3.275463e-02;2.534826e-02;4.176858e-02;4.663574e-02;2.700369e-02
3.619761e-02;4.995696e-02;4.990415e-01;5.385710e-02;6.975429e-02;5.087302e-02;8.062903e-02;2.807247e-02;2.549082e-02;6.263646e-02;2.677733e-02;1.671344e-02
6.639811e-02;8.794612e-02;4.030359e-01;3.392100e-02;5.068478e-02;5.243179e-02;7.488162e-02;4.725746e-02;5.167219e-02;8.276940e-02;2.830712e-02;2.069450e-02
1.185370e-01;8.589942e-02;2.283497e-01;1.808637e-02;4.299767e-02;5.057914e-02;1.713512e-01;5.549235e-02;5.585085e-02;8.304586e-02;3.936990e-02;5.044052e-02
1.110368e-01;5.936595e-02;1.731047e-01;3.374663e-02;4.134724e-02;5.521075e-02;2.964347e-01;4.532197e-02;3.696733e-02;5.389773e-02;3.536093e-02;5.820523e-02
6.147511e-02;3.721265e-02;1.185076e-01;4.886731e-02;6.157236e-02;7.048962e-02;4.019846e-01;5.336002e-02;3.691753e-02;4.022384e-02;2.270323e-02;4.668610e-02
2.485224e-02;1.998279e-02;6.901406e-02;4.510819e-02;1.031629e-01;9.008976e-02;4.112959e-01;6.529964e-02;6.849796e-02;4.404871e-02;3.209070e-02;2.655716e-02
1.495723e-02;1.151404e-02;9.439031e-02;2.777497e-02;8.682835e-02;1.058840e-01;3.800602e-01;4.607396e-02;1.046783e-01;6.410525e-02;4.646122e-02;1.727217e-02
1.870565e-02;2.122373e-02;1.094933e-01;1.802031e-02;6.056613e-02;1.201217e-01;3.811235e-01;3.440928e-02;6.994638e-02;8.708671e-02;5.619628e-02;2.310697e-02
1.965390e-02;1.745981e-02;1.005614e-01;3.177975e-02;6.566075e-02;9.474409e-02;4.018963e-01;3.761132e-02;5.121433e-02;9.719209e-02;5.446843e-02;2.775781e-02
5.616131e-02;1.676130e-02;7.760262e-02;3.771526e-02;8.297656e-02;6.191940e-02;3.922436e-01;3.374686e-02;8.273129e-02;7.600620e-02;4.368208e-02;3.845349e-02
1.359294e-01;3.872661e-02;7.107998e-02;3.859404e-02;5.700722e-02;4.360261e-02;3.290233e-01;3.933598e-02;9.436801e-02;5.754357e-02;3.250278e-02;6.228649e-02
2.238771e-01;6.937124e-02;7.486903e-02;5.745533e-02;4.395331e-02;2.865300e-02;2.257662e-01;5.028869e-02;9.128246e-02;4.979269e-02;2.354468e-02;6.114624e-02
2.902553e-01;1.117717e-01;8.871412e-02;4.766322e-02;4.325433e-02;3.161286e-02;1.428129e-01;5.227795e-02;8.433865e-02;3.887560e-02;1.974455e-02;4.867879e-02
3.397875e-01;1.256862e-01;8.665355e-02;4.227167e-02;4.795282e-02;2.697001e-02;9.712987e-02;6.038665e-02;7.679436e-02;3.807337e-02;1.780176e-02;4.049223e-02
3.366452e-01;1.256032e-01;8.263995e-02;4.349196e-02;5.722661e-02;1.778022e-02;6.235902e-02;8.719597e-02;5.439034e-02;4.463959e-02;2.889310e-02;5.913482e-02
3.057411e-01;1.207277e-01;8.927235e-02;4.003937e-02;5.476188e-02;2.271209e-02;6.062169e-02;9.211002e-02;3.664498e-02;4.868948e-02;4.749326e-02;8.118605e-02
2.659486e-01;1.133646e-01;1.246047e-01;3.569377e-02;4.298417e-02;2.307429e-02;8.126878e-02;8.080570e-02;3.432680e-02;4.734047e-02;6.226371e-02;8.832435e-02
2.482995e-01;9.181365e-02;1.357859e-01;2.115164e-02;4.106571e-02;2.899435e-02;1.673620e-01;6.618129e-02;3.100025e-02;4.146672e-02;6.557906e-02;6.129996e-02
2.362456e-01;5.384897e-02;8.570445e-02;2.553434e-02;5.410001e-02;3.728211e-02;2.363444e-01;8.414722e-02;3.747285e-02;5.315312e-02;5.457552e-02;4.159145e-02
1.444613e-01;3.939110e-02;1.234486e-01;4.003908e-02;5.295554e-02;3.351772e-02;1.643097e-01;9.348197e-02;7.383461e-02;6.140530e-02;9.731425e-02;7.584084e-02
1.129302e-01;4.427308e-02;1.629925e-01;5.785898e-02;5.541299e-02;3.372172e-02;1.053803e-01;6.522015e-02;6.777731e-02;6.001425e-02;1.138464e-01;1.205722e-01
9.914243e-02;6.016729e-02;2.197105e-01;6.175716e-02;5.974295e-02;2.840180e-02;7.134250e-02;4.041116e-02;4.735151e-02;8.824999e-02;1.121793e-01;1.115435e-01
5.381841e-02;7.085813e-02;2.697242e-01;6.030466e-02;6.149921e-02;2.892759e-02;7.397671e-02;5.891084e-02;3.883155e-02;1.018003e-01;1.027093e-01;7.863922e-02
8.310375e-02;9.004641e-02;2.250776e-01;5.341024e-02;5.782216e-02;4.124066e-02;1.167546e-01;6.480644e-02;4.521231e-02;9.475771e-02;8.160385e-02;4.616424e-02
1.212089e-01;1.142272e-01;1.873346e-01;5.228808e-02;4.976773e-02;4.172462e-02;1.278887e-01;6.774516e-02;4.012857e-02;9.295107e-02;7.320805e-02;3.152725e-02
7.690275e-02;9.012933e-02;2.202989e-01;6.047124e-02;5.567921e-02;4.656288e-02;6.028097e-02;6.924993e-02;6.148758e-02;1.009167e-01;1.157838e-01;4.223677e-02
4.748061e-02;8.232138e-02;2.088552e-01;5.678414e-02;8.385971e-02;5.647206e-02;6.018928e-02;5.942840e-02;7.717005e-02;1.416787e-01;8.060170e-02;4.515874e-02
8.288081e-02;6.086110e-02;1.718083e-01;5.922625e-02;9.267709e-02;6.719936e-02;9.866316e-02;4.048062e-02;6.325682e-02;1.354125e-01;6.162001e-02;6.591403e-02
1.036834e-01;6.840852e-02;1.811641e-01;6.847022e-02;6.146757e-02;5.498470e-02;9.670646e-02;5.148274e-02;4.476778e-02;1.037223e-01;7.762914e-02;8.751306e-02
8.986636e-02;6.430823e-02;1.535100e-01;5.736945e-02;8.135061e-02;6.822550e-02;9.120060e-02;7.209667e-02;5.866832e-02;1.154195e-01;5.680235e-02;9.118241e-02
6.752545e-02;6.680951e-02;1.010941e-01;4.622161e-02;1.056421e-01;8.153170e-02;1.482171e-01;9.427998e-02;3.860383e-02;9.184396e-02;7.350689e-02;8.472372e-02
8.489397e-02;4.587816e-02;1.005783e-01;4.556525e-02;1.176480e-01;6.315705e-02;1.492866e-01;7.551326e-02;4.779564e-02;8.284865e-02;1.134010e-01;7.343416e-02
1.023766e-01;4.743317e-02;1.346829e-01;4.244884e-02;8.836478e-02;8.508223e-02;1.046650e-01;8.244190e-02;5.706862e-02;7.485307e-02;1.142843e-01;6.629858e-02
9.743328e-02;6.712057e-02;1.071265e-01;4.372376e-02;5.575022e-02;1.045707e-01;9.495817e-02;1.103911e-01;7.153685e-02;7.849448e-02;9.826721e-02;7.062713e-02
6.161311e-02;6.415704e-02;9.056857e-02;7.366175e-02;6.914158e-02;7.620905e-02;1.067867e-01;9.283716e-02;7.547320e-02;9.258871e-02;1.151126e-01;8.185055e-02
1.006145e-01;5.848381e-02;1.059687e-01;6.978837e-02;6.658968e-02;5.547635e-02;9.392873e-02;7.317197e-02;7.738191e-02;1.281582e-01;9.392808e-02;7.650969e-02
6.243079e-02;5.205257e-02;9.639461e-02;6.994022e-02;6.374418e-02;4.148687e-02;1.142557e-01;1.018555e-01;8.175372e-02;1.613541e-01;9.948336e-02;5.524840e-02
5.883684e-02;3.692363e-02;1.222106e-01;6.669820e-02;5.892911e-02;5.047391e-02;1.223396e-01;1.084207e-01;1.135234e-01;1.144245e-01;8.484213e-02;6.237725e-02
6.222969e-02;2.572078e-02;1.535554e-01;6.992371e-02;4.726503e-02;4.190456e-02;1.234330e-01;1.014738e-01;1.344517e-01;9.964503e-02;8.087236e-02;5.952498e-02
7.385448e-02;3.217740e-02;2.144436e-01;5.700535e-02;2.867411e-02;2.718900e-02;1.375204e-01;8.000422e-02;1.484611e-01;1.026433e-01;5.322454e-02;4.480261e-02
7.978696e-02;4.686047e-02;2.753404e-01;3.903376e-02;3.023000e-02;2.341540e-02;1.461387e-01;4.809122e-02;1.109743e-01;1.069570e-01;4.501998e-02;4.815183e-02
7.529768e-02;6.816988e-02;3.030551e-01;2.866059e-02;2.842675e-02;2.671842e-02;1.420433e-01;5.291361e-02;6.195882e-02;1.325516e-01;2.424161e-02;5.596258e-02
7.880126e-02;9.449609e-02;3.261285e-01;2.629662e-02;2.848258e-02;3.096030e-02;1.234051e-01;5.730988e-02;4.026273e-02;1.278727e-01;2.159373e-02;4.439054e-02
9.069099e-02;1.320720e-01;3.592847e-01;3.117344e-02;3.033731e-02;3.114411e-02;9.597050e-02;4.868898e-02;2.517460e-02;1.080287e-01;2.143914e-02;2.599558e-02
1.030499e-01;1.699128e-01;3.715995e-01;2.992858e-02;3.116984e-02;2.692258e-02;6.823768e-02;3.712197e-02;2.399090e-02;9.425242e-02;2.135742e-02;2.245644e-02
1.020924e-01;1.661509e-01;3.599636e-01;2.900903e-02;3.217808e-02;2.161908e-02;6.389962e-02;5.072767e-02;4.760038e-02;8.421257e-02;2.280576e-02;1.974097e-02
9.230718e-02;1.038055e-01;3.568669e-01;3.382967e-02;3.353164e-02;1.491901e-02;6.453885e-02;7.802038e-02;8.507437e-02;7.945632e-02;3.148087e-02;2.616929e-02
6.202944e-02;8.031033e-02;3.707633e-01;4.420298e-02;4.707284e-02;2.436639e-02;6.914545e-02;7.359778e-02;6.837116e-02;9.409485e-02;3.958369e-02;2.646178e-02
5.676188e-02;9.884889e-02;3.863508e-01;4.272389e-02;5.093637e-02;3.506067e-02;6.782302e-02;4.712709e-02;4.888178e-02;9.237011e-02;4.461481e-02;2.850069e-02
8.150736e-02;9.680474e-02;3.497144e-01;3.819826e-02;3.989737e-02;3.553946e-02;8.353499e-02;4.196975e-02;5.238851e-02;1.045353e-01;5.206706e-02;2.384286e-02
1.102963e-01;1.197161e-01;3.080710e-01;3.638903e-02;3.072507e-02;2.433394e-02;1.087384e-01;5.742928e-02;3.608117e-02;9.729788e-02;4.630135e-02;2.462048e-02
8.730347e-02;1.478242e-01;2.640494e-01;4.497638e-02;2.991871e-02;2.426864e-02;1.580009e-01;5.065846e-02;3.797296e-02;8.392813e-02;4.844948e-02;2.264934e-02
7.468683e-02;1.711084e-01;1.867502e-01;5.493358e-02;3.751541e-02;2.529103e-02;1.127202e-01;8.886329e-02;6.793929e-02;9.917610e-02;5.178443e-02;2.923123e-02
1.111556e-01;1.665188e-01;1.591054e-01;4.587340e-02;4.717662e-02;3.452636e-02;6.396270e-02;1.135818e-01;7.799856e-02;9.456211e-02;3.606110e-02;4.947755e-02
1.140146e-01;1.702669e-01;1.961252e-01;3.602878e-02;4.382988e-02;3.362409e-02;7.170134e-02;9.956276e-02;6.865650e-02;9.189028e-02;3.485995e-02;3.943978e-02
1.335092e-01;1.258791e-01;2.279923e-01;3.953635e-02;6.469907e-02;2.339962e-02;7.197882e-02;6.662041e-02;3.450648e-02;1.031532e-01;3.049110e-02;7.823434e-02
8.857735e-02;9.387110e-02;2.569885e-01;5.870672e-02;7.737742e-02;4.396553e-02;5.417003e-02;6.617140e-02;2.786461e-02;9.686033e-02;2.348469e-02;1.119623e-01
7.697369e-02;1.010779e-01;2.432449e-01;6.421831e-02;5.504286e-02;5.546565e-02;5.430069e-02;8.301702e-02;4.524855e-02;9.742998e-02;2.015675e-02;1.038237e-01
8.896972e-02;7.328301e-02;1.510503e-01;6.110789e-02;5.197067e-02;5.660451e-02;1.433521e-01;8.229657e-02;6.722345e-02;9.924266e-02;3.570408e-02;8.919498e-02
7.767992e-02;6.241611e-02;1.002599e-01;4.827612e-02;6.069775e-02;5.409167e-02;1.934629e-01;8.832897e-02;6.643945e-02;9.802776e-02;4.460236e-02;1.057171e-01
9.121223e-02;5.153149e-02;8.935963e-02;4.515912e-02;4.655851e-02;6.698555e-02;1.756697e-01;6.928527e-02;8.225974e-02;1.130926e-01;6.952593e-02;9.936017e-02
5.394033e-02;7.458214e-02;1.738996e-01;6.338672e-02;6.217318e-02;1.012678e-01;1.063350e-01;6.313561e-02;8.603882e-02;9.584240e-02;4.354532e-02;7.585309e-02
7.355689e-02;6.967197e-02;1.397796e-01;5.355870e-02;7.911938e-02;1.116522e-01;1.505754e-01;4.974923e-02;7.690642e-02;6.134711e-02;4.942276e-02;8.466028e-02
6.831027e-02;6.588409e-02;1.550275e-01;5.589554e-02;7.179082e-02;1.013906e-01;1.647298e-01;4.354660e-02;7.207571e-02;5.594033e-02;4.914612e-02;9.626260e-02
5.273556e-02;8.579646e-02;1.812634e-01;4.885087e-02;6.007179e-02;6.871580e-02;1.766417e-01;5.468098e-02;7.678525e-02;5.500549e-02;4.316685e-02;9.628577e-02
6.607609e-02;8.082575e-02;2.013508e-01;4.873757e-02;6.490617e-02;6.954561e-02;1.572665e-01;9.386897e-02;4.913689e-02;5.644494e-02;3.230951e-02;7.953122e-02
7.793300e-02;4.636659e-02;2.006808e-01;8.533593e-02;7.252675e-02;5.993672e-02;1.121366e-01;8.079813e-02;5.440368e-02;7.095698e-02;6.333154e-02;7.559334e-02
7.106211e-02;4.764162e-02;1.993803e-01;8.132014e-02;7.422251e-02;6.087497e-02;1.035816e-01;6.498545e-02;7.891060e-02;7.037786e-02;7.751841e-02;7.012440e-02
8.708240e-02;7.208667e-02;1.962143e-01;4.635551e-02;6.066347e-02;6.657526e-02;1.230409e-01;6.270353e-02;7.292177e-02;8.127710e-02;6.508420e-02;6.599486e-02
9.711861e-02;9.542699e-02;1.879318e-01;4.766515e-02;5.415116e-02;7.207730e-02;1.528979e-01;4.444315e-02;4.642257e-02;8.607865e-02;4.918643e-02;6.660032e-02
1.152991e-01;1.144578e-01;1.500987e-01;6.007929e-02;3.649306e-02;7.062740e-02;1.449040e-01;5.854721e-02;6.144717e-02;6.847644e-02;5.749683e-02;6.207304e-02
1.343411e-01;9.314254e-02;1.111594e-01;3.517040e-02;5.900529e-02;7.241862e-02;1.448157e-01;6.849661e-02;7.774521e-02;5.784132e-02;8.302722e-02;6.283645e-02
1.293937e-01;6.083026e-02;8.187020e-02;2.877621e-02;8.362430e-02;8.566302e-02;1.491357e-01;3.589877e-02;6.827956e-02;8.497264e-02;1.268463e-01;6.470932e-02
1.160148e-01;6.349280e-02;7.144018e-02;4.934701e-02;7.089195e-02;6.988926e-02;1.718477e-01;3.814860e-02;8.766796e-02;9.689829e-02;1.136145e-01;5.074702e-02
7.723039e-02;4.242681e-02;9.657554e-02;5.794466e-02;5.316208e-02;6.608637e-02;2.084387e-01;7.860927e-02;9.775244e-02;7.583622e-02;9.160773e-02;5.432981e-02
5.943979e-02;3.693385e-02;1.591047e-01;6.491358e-02;6.607661e-02;8.513677e-02;1.954049e-01;7.040282e-02;6.691338e-02;5.891551e-02;9.031487e-02;4.644324e-02
6.483529e-02;4.073738e-02;2.490765e-01;6.607581e-02;9.900507e-02;9.805166e-02;1.320523e-01;4.416965e-02;3.591677e-02;5.798731e-02;6.703268e-02;4.505962e-02
5.390833e-02;3.654216e-02;3.928229e-01;4.825139e-02;9.306189e-02;6.255332e-02;1.379956e-01;2.405649e-02;2.015327e-02;4.972876e-02;4.579157e-02;3.513428e-02
6.639028e-02;3.672646e-02;4.389535e-01;4.103662e-02;7.547624e-02;4.132313e-02;1.485447e-01;2.586560e-02;1.596559e-02;3.793024e-02;4.350208e-02;2.828557e-02
8.445375e-02;3.579978e-02;3.468472e-01;5.316938e-02;5.725420e-02;5.569970e-02;2.050823e-01;3.033195e-02;1.337198e-02;3.267960e-02;4.883928e-02;3.647088e-02
9.145113e-02;3.520602e-02;1.965219e-01;6.017786e-02;3.665140e-02;5.949427e-02;3.289688e-01;3.569451e-02;1.588453e-02;3.741115e-02;5.331874e-02;4.921965e-02
6.361858e-02;3.332577e-02;1.327825e-01;5.248674e-02;4.152799e-02;6.818751e-02;4.078135e-01;3.461193e-02;1.813502e-02;3.437455e-02;5.731177e-02;5.582412e-02
2.575173e-02;2.428447e-02;1.139546e-01;4.225628e-02;3.058418e-02;7.273194e-02;4.837276e-01;2.349504e-02;1.761545e-02;3.624246e-02;6.491394e-02;6.444231e-02
4.087439e-02;2.001454e-02;8.929659e-02;3.296374e-02;4.074491e-02;6.619494e-02;4.903598e-01;1.844271e-02;1.920342e-02;3.839569e-02;7.327843e-02;7.023083e-02
3.604490e-02;2.197523e-02;7.954275e-02;3.001114e-02;4.721338e-02;7.847041e-02;4.677958e-01;2.872842e-02;2.740880e-02;3.887098e-02;7.799610e-02;6.594203e-02
3.715854e-02;2.524893e-02;6.231251e-02;2.425591e-02;4.448412e-02;9.586002e-02;4.561449e-01;4.775618e-02;3.619144e-02;3.787487e-02;7.733057e-02;5.538200e-02
2.545889e-02;1.559378e-02;8.566350e-02;1.575396e-02;6.262413e-02;9.993380e-02;4.372037e-01;3.955403e-02;4.283902e-02;4.556546e-02;8.688414e-02;4.292563e-02
2.835462e-02;1.185483e-02;7.916758e-02;1.669742e-02;6.838724e-02;9.020541e-02;4.487746e-01;2.442591e-02;4.458322e-02;5.450200e-02;9.156372e-02;4.148348e-02
3.331872e-02;1.746327e-02;1.080907e-01;1.532826e-02;6.615543e-02;1.003631e-01;4.147089e-01;2.679214e-02;3.815594e-02;5.962028e-02;8.689328e-02;3.310989e-02
2.818308e-02;1.684839e-02;9.928308e-02;1.471970e-02;7.551139e-02;1.364639e-01;3.564317e-01;3.022165e-02;3.750089e-02;7.393202e-02;9.673466e-02;3.416959e-02
3.357014e-02;2.596675e-02;1.206330e-01;1.458637e-02;9.496477e-02;1.569884e-01;2.667640e-01;3.123356e-02;3.770208e-02;7.394846e-02;1.039606e-01;3.968203e-02
3.928408e-02;5.243212e-02;8.641496e-02;1.826819e-02;1.064647e-01;1.504833e-01;2.666264e-01;2.845952e-02;2.766770e-02;8.426195e-02;1.103553e-01;2.928182e-02
4.412582e-02;8.333098e-02;7.516067e-02;2.912660e-02;1.116605e-01;1.165748e-01;2.505085e-01;4.460026e-02;3.752665e-02;8.322433e-02;9.685338e-02;2.730751e-02
3.911370e-02;9.986957e-02;1.497188e-01;2.541675e-02;1.113697e-01;1.100425e-01;1.965429e-01;5.675699e-02;3.133927e-02;7.295897e-02;7.038649e-02;3.648431e-02
3.981389e-02;1.109886e-01;1.492422e-01;3.430753e-02;1.312802e-01;1.097983e-01;1.585988e-01;6.220102e-02;2.856778e-02;7.592545e-02;6.414339e-02;3.513300e-02
5.917740e-02;1.279077e-01;1.005266e-01;3.385061e-02;1.556351e-01;1.089748e-01;1.011403e-01;7.841054e-02;3.761731e-02;9.046622e-02;7.389328e-02;3.240009e-02
6.073003e-02;1.361164e-01;1.240512e-01;3.049194e-02;1.518867e-01;1.040726e-01;6.390075e-02;7.968182e-02;4.130573e-02;9.649452e-02;7.656713e-02;3.470111e-02
4.923945e-02;1.139710e-01;1.165950e-01;3.056976e-02;1.295841e-01;1.039833e-01;1.475646e-01;6.720822e-02;4.859222e-02;8.796369e-02;6.988028e-02;3.484830e-02
4.473050e-02;7.758304e-02;1.210121e-01;3.003953e-02;1.342275e-01;9.999039e-02;2.021056e-01;3.277541e-02;6.733643e-02;8.118043e-02;7.360342e-02;3.541559e-02
4.103855e-02;5.675337e-02;1.155579e-01;3.405252e-02;1.336065e-01;1.019572e-01;2.271049e-01;3.584736e-02;5.724463e-02;8.322579e-02;7.935343e-02;3.425783e-02
4.857923e-02;5.818683e-02;1.345782e-01;3.500104e-02;1.076362e-01;1.239005e-01;2.250967e-01;4.415832e-02;3.182980e-02;7.431278e-02;8.821393e-02;2.850644e-02
5.287086e-02;6.007535e-02;1.274755e-01;4.707517e-02;1.036285e-01;1.382537e-01;2.264222e-01;3.311641e-02;2.360249e-02;6.774508e-02;9.164661e-02;2.808801e-02
4.014907e-02;6.909946e-02;1.267862e-01;3.946690e-02;1.104944e-01;1.250674e-01;2.083039e-01;2.827859e-02;2.942504e-02;8.479778e-02;9.918232e-02;3.894906e-02
3.621890e-02;6.872476e-02;1.415355e-01;3.203222e-02;9.032407e-02;1.167255e-01;1.777623e-01;3.227586e-02;4.669454e-02;1.030501e-01;1.172322e-01;3.742408e-02
4.199151e-02;4.597158e-02;1.570834e-01;4.698721e-02;7.701706e-02;9.697773e-02;1.676120e-01;2.684676e-02;5.303859e-02;1.001215e-01;1.425490e-01;4.380367e-02
3.995292e-02;3.346014e-02;1.463394e-01;4.615694e-02;9.442857e-02;9.140723e-02;1.769647e-01;1.569887e-02;4.598908e-02;1.015288e-01;1.512556e-01;5.681773e-02
3.739770e-02;4.096982e-02;1.157738e-01;4.136375e-02;1.075757e-01;8.944248e-02;2.048502e-01;2.881675e-02;3.412841e-02;1.211221e-01;1.326577e-01;4.590163e-02
3.803228e-02;4.713620e-02;1.571705e-01;4.582686e-02;1.091048e-01;6.771865e-02;1.603073e-01;3.670972e-02;3.699149e-02;1.351150e-01;1.297880e-01;3.609920e-02
5.466495e-02;5.760217e-02;2.369933e-01;5.280905e-02;9.488557e-02;5.109686e-02;8.120417e-02;4.387627e-02;4.950459e-02;1.168274e-01;1.284061e-01;3.212949e-02
8.026416e-02;4.634156e-02;2.739816e-01;4.655118e-02;9.747934e-02;7.568505e-02;7.887488e-02;4.300147e-02;5.451237e-02;7.528903e-02;8.270060e-02;4.531873e-02
6.961111e-02;6.012390e-02;2.135724e-01;3.325985e-02;1.076401e-01;9.703842e-02;1.136522e-01;4.131623e-02;7.986232e-02;6.322415e-02;6.236111e-02;5.833821e-02
6.662972e-02;7.439048e-02;1.587478e-01;5.348680e-02;8.967981e-02;8.856738e-02;1.017142e-01;3.937745e-02;8.058441e-02;1.081178e-01;9.232788e-02;4.637632e-02
6.473713e-02;6.521093e-02;1.579935e-01;6.120970e-02;5.549161e-02;5.549191e-02;1.504526e-01;4.182569e-02;7.252090e-02;1.359586e-01;9.563977e-02;4.346779e-02
9.870057e-02;5.609822e-02;1.394336e-01;4.242836e-02;7.980228e-02;4.388392e-02;1.494399e-01;6.771167e-02;4.924383e-02;1.106333e-01;1.129205e-01;4.970387e-02
1.655511e-01;1.073441e-01;1.355084e-01;4.411311e-02;1.074917e-01;5.591088e-02;7.205005e-02;4.101626e-02;6.496359e-02;7.217042e-02;8.220227e-02;5.167814e-02
1.572277e-01;7.132310e-02;1.839868e-01;4.127857e-02;9.062085e-02;6.263305e-02;1.567529e-01;3.593445e-02;5.347084e-02;2.972662e-02;4.359553e-02;7.344969e-02
1.445551e-01;6.369884e-02;2.004553e-01;3.002471e-02;6.447963e-02;6.125960e-02;2.068376e-01;4.828301e-02;3.396541e-02;3.904754e-02;3.626221e-02;7.113112e-02
1.392305e-01;8.391769e-02;2.217766e-01;3.062712e-02;5.760530e-02;5.214866e-02;1.773750e-01;5.355730e-02;3.345353e-02;5.697750e-02;3.882001e-02;5.451085e-02
1.191316e-01;8.610324e-02;2.505534e-01;5.138716e-02;6.359547e-02;4.740721e-02;1.331838e-01;4.996932e-02;2.984219e-02;7.486517e-02;5.407859e-02;3.988285e-02
1.072077e-01;7.033175e-02;1.824065e-01;7.497830e-02;9.754077e-02;7.370631e-02;1.392833e-01;4.693503e-02;2.883735e-02;7.822867e-02;5.819821e-02;4.234602e-02
8.802532e-02;6.038510e-02;3.491090e-01;4.929141e-02;8.206958e-02;6.448554e-02;9.625974e-02;2.412122e-02;4.317069e-02;5.735506e-02;4.728857e-02;3.843876e-02
6.532142e-02;5.271216e-02;3.458580e-01;4.178092e-02;5.746465e-02;5.804957e-02;1.180276e-01;3.147202e-02;4.813915e-02;7.060550e-02;6.717209e-02;4.339695e-02
1.030660e-01;3.927207e-02;2.282690e-01;2.355108e-02;5.837762e-02;5.973744e-02;1.809102e-01;2.909450e-02;4.174823e-02;9.123338e-02;9.181114e-02;5.292931e-02
1.235561e-01;6.663343e-02;1.953102e-01;3.961070e-02;6.421528e-02;3.609220e-02;1.324622e-01;2.954776e-02;4.421314e-02;1.130092e-01;9.651361e-02;5.883605e-02
6.747892e-02;5.672210e-02;2.288068e-01;5.270287e-02;4.800348e-02;4.051464e-02;1.300621e-01;2.471593e-02;4.898481e-02;1.322955e-01;1.184870e-01;5.122574e-02
9.623487e-02;6.016360e-02;2.453132e-01;6.600162e-02;6.780604e-02;3.151988e-02;1.329379e-01;6.289805e-02;6.278832e-02;8.146601e-02;6.156736e-02;3.130314e-02
9.223405e-02;1.017869e-01;2.162824e-01;6.826124e-02;7.397346e-02;5.801942e-02;1.376689e-01;6.456990e-02;6.858304e-02;3.779062e-02;3.771562e-02;4.311447e-02
9.314730e-02;1.098773e-01;1.978323e-01;6.371295e-02;5.062806e-02;9.128260e-02;1.106011e-01;6.457278e-02;8.424491e-02;4.251844e-02;4.919701e-02;4.238530e-02
9.612003e-02;9.513858e-02;1.505613e-01;4.879434e-02;5.692717e-02;9.670053e-02;1.011842e-01;9.540627e-02;9.131103e-02;5.150443e-02;8.465189e-02;3.170020e-02
9.887646e-02;6.803174e-02;8.396600e-02;2.960597e-02;8.305278e-02;7.634991e-02;1.125063e-01;1.017796e-01;1.172006e-01;9.138376e-02;1.123117e-01;2.493518e-02
7.828142e-02;7.209199e-02;6.896623e-02;4.019053e-02;7.020777e-02;6.690329e-02;1.099197e-01;8.167674e-02;1.559911e-01;1.342713e-01;9.232757e-02;2.917225e-02
4.754936e-02;8.828355e-02;8.898152e-02;5.219732e-02;4.796495e-02;8.596122e-02;7.461680e-02;5.235093e-02;2.063878e-01;1.564390e-01;5.878814e-02;4.047943e-02
2.333624e-02;7.902703e-02;1.554226e-01;4.911342e-02;4.606741e-02;9.445642e-02;5.834812e-02;5.702060e-02;1.693953e-01;1.707897e-01;4.636605e-02;5.065711e-02
4.961672e-02;6.486623e-02;2.236730e-01;3.255836e-02;5.225715e-02;7.135620e-02;9.155195e-02;4.712833e-02;6.523811e-02;2.141874e-01;4.755417e-02;4.001246e-02
7.476661e-02;4.927001e-02;2.552733e-01;2.894139e-02;6.016981e-02;3.513759e-02;1.177455e-01;2.984566e-02;3.978775e-02;2.419427e-01;3.469528e-02;3.242433e-02
6.841824e-02;4.580349e-02;2.698880e-01;2.832145e-02;6.226987e-02;2.646380e-02;1.093541e-01;4.071000e-02;2.988346e-02;2.395099e-01;5.574740e-02;2.363024e-02
4.514949e-02;7.602959e-02;2.685572e-01;2.737013e-02;6.018985e-02;3.546921e-02;7.518075e-02;5.918390e-02;4.030573e-02;2.106914e-01;7.542313e-02;2.644969e-02
5.545969e-02;9.481554e-02;2.409853e-01;2.616832e-02;5.398656e-02;3.746637e-02;9.298348e-02;8.401112e-02;5.622456e-02;1.336282e-01;7.867802e-02;4.559287e-02
8.400001e-02;1.004476e-01;1.969483e-01;3.429079e-02;6.627728e-02;3.378076e-02;1.037850e-01;6.956901e-02;8.486191e-02;1.091801e-01;7.205751e-02;4.480175e-02
7.397458e-02;1.101971e-01;2.212463e-01;3.745507e-02;7.349343e-02;2.837537e-02;6.926639e-02;4.331039e-02;1.018460e-01;1.272731e-01;7.712796e-02;3.643420e-02
5.620142e-02;8.428434e-02;2.268924e-01;4.239795e-02;5.460684e-02;5.626974e-02;1.056781e-01;6.374493e-02;8.045446e-02;9.588117e-02;9.664404e-02;3.694471e-02
9.940434e-02;6.316753e-02;1.488996e-01;5.576394e-02;7.385575e-02;6.814182e-02;8.849811e-02;8.076241e-02;6.857551e-02;8.102800e-02;1.083761e-01;6.352690e-02
1.078379e-01;5.273664e-02;1.392349e-01;5.319917e-02;8.117566e-02;7.483143e-02;7.840466e-02;7.721120e-02;7.451361e-02;7.706332e-02;1.019475e-01;8.184391e-02
1.212956e-01;7.371788e-02;1.291217e-01;4.149190e-02;8.065888e-02;9.297802e-02;1.124308e-01;5.308603e-02;8.580415e-02;6.495306e-02;8.157627e-02;6.288572e-02
1.684650e-01;7.348047e-02;1.170416e-01;4.574782e-02;1.033957e-01;9.048528e-02;1.130838e-01;3.039412e-02;7.358445e-02;6.583539e-02;7.691219e-02;4.157421e-02
1.283432e-01;7.603665e-02;1.384244e-01;5.034602e-02;8.883781e-02;7.560782e-02;1.396743e-01;2.710431e-02;7.394026e-02;7.790729e-02;7.868695e-02;4.509090e-02
6.227250e-02;8.237910e-02;1.271369e-01;3.880617e-02;7.493696e-02;6.937025e-02;2.690346e-01;2.333027e-02;5.629858e-02;6.901621e-02;7.893952e-02;4.847898e-02
7.726697e-02;1.071704e-01;1.245475e-01;3.602909e-02;6.735980e-02;5.168441e-02;2.962401e-01;2.711056e-02;4.761460e-02;5.898084e-02;5.682553e-02;4.917018e-02
9.102938e-02;1.115462e-01;2.089730e-01;3.161284e-02;6.260745e-02;4.222457e-02;2.078913e-01;3.953883e-02;4.605061e-02;7.395538e-02;4.822852e-02;3.634191e-02
1.256055e-01;8.694475e-02;2.507959e-01;4.888105e-02;5.467707e-02;4.445032e-02;1.220112e-01;4.046371e-02;4.550005e-02;9.331662e-02;4.838466e-02;3.896915e-02
6.000791e-02;4.931196e-02;1.506091e-01;5.990062e-02;8.719852e-02;6.431345e-02;2.928322e-01;2.940039e-02;3.069634e-02;7.362770e-02;4.873592e-02;5.336589e-02
5.448262e-02;4.863662e-02;1.316664e-01;5.521485e-02;8.531831e-02;7.099393e-02;3.491460e-01;3.191979e-02;2.935630e-02;4.803396e-02;5.022883e-02;4.500229e-02
3.345012e-02;7.236474e-02;1.621507e-01;5.715721e-02;6.633232e-02;7.596301e-02;3.439207e-01;2.779123e-02;3.399241e-02;4.676658e-02;3.895336e-02;4.115757e-02
8.426610e-02;9.886091e-02;1.187523e-01;5.115044e-02;1.048985e-01;8.671854e-02;2.275181e-01;4.131852e-02;3.796154e-02;5.898745e-02;5.414255e-02;3.542498e-02
7.374081e-02;7.651577e-02;1.250771e-01;4.076198e-02;1.293722e-01;8.990787e-02;2.038306e-01;4.316785e-02;3.741873e-02;7.911161e-02;7.537112e-02;2.572429e-02
6.039453e-02;6.057110e-02;1.498428e-01;4.541337e-02;1.199672e-01;8.260910e-02;2.491442e-01;3.856249e-02;2.569939e-02;7.567232e-02;6.127291e-02;3.085067e-02
4.205880e-02;5.158765e-02;1.783591e-01;5.267854e-02;9.387678e-02;6.629239e-02;2.329455e-01;4.374202e-02;3.892377e-02;1.107585e-01;6.375567e-02;2.502135e-02
4.260780e-02;4.507953e-02;3.038662e-01;4.224856e-02;6.147113e-02;3.854342e-02;2.065596e-01;5.238449e-02;3.726192e-02;8.517098e-02;5.674368e-02;2.806267e-02
5.367584e-02;5.106536e-02;1.811343e-01;3.952213e-02;8.616258e-02;5.285841e-02;2.987329e-01;5.597356e-02;3.329332e-02;5.921477e-02;5.860513e-02;2.976168e-02
5.410626e-02;5.838578e-02;2.374830e-01;4.629101e-02;5.981349e-02;3.346432e-02;2.386796e-01;4.852720e-02;4.468209e-02;7.705235e-02;7.427084e-02;2.724404e-02
5.472196e-02;3.677696e-02;3.226776e-01;3.973728e-02;6.601323e-02;4.523244e-02;1.594868e-01;2.930279e-02;5.108158e-02;8.557077e-02;7.370114e-02;3.569749e-02
3.427136e-02;3.078236e-02;2.698307e-01;3.125346e-02;6.875398e-02;4.741411e-02;2.552603e-01;2.852367e-02;4.254340e-02;8.129748e-02;6.818911e-02;4.188010e-02
3.683087e-02;4.652307e-02;2.561485e-01;3.023609e-02;5.342544e-02;5.478523e-02;2.826784e-01;2.001306e-02;2.560043e-02;7.115510e-02;7.070640e-02;5.189747e-02
3.765848e-02;6.780113e-02;2.273234e-01;5.660220e-02;8.845749e-02;7.745708e-02;1.461211e-01;5.726695e-02;5.980877e-02;7.610638e-02;6.850640e-02;3.689052e-02
6.858556e-02;7.288010e-02;1.553646e-01;6.157172e-02;9.419160e-02;8.252945e-02;9.122830e-02;7.659736e-02;8.205988e-02;7.799158e-02;7.080453e-02;6.619536e-02
7.748153e-02;7.022373e-02;1.184160e-01;5.653347e-02;8.105299e-02;8.114722e-02;1.116371e-01;6.926136e-02;6.983229e-02;8.818748e-02;8.077122e-02;9.545559e-02
9.366514e-02;4.668060e-02;8.358655e-02;4.909720e-02;6.453475e-02;8.028439e-02;9.025467e-02;5.628084e-02;3.847133e-02;1.267024e-01;1.582660e-01;1.121761e-01
9.336356e-02;4.613249e-02;5.788732e-02;3.311224e-02;4.084028e-02;5.861050e-02;1.148792e-01;7.734510e-02;5.652635e-02;1.519261e-01;1.935495e-01;7.582736e-02
9.730694e-02;5.908536e-02;5.979637e-02;2.756856e-02;4.375096e-02;3.529220e-02;1.130543e-01;7.031205e-02;1.184136e-01;1.673018e-01;1.281148e-01;8.000306e-02
1.035334e-01;7.308859e-02;7.147595e-02;2.580601e-02;4.466343e-02;4.845744e-02;1.252420e-01;8.209459e-02;1.397264e-01;1.492742e-01;5.332786e-02;8.331005e-02
1.097770e-01;7.290801e-02;9.447908e-02;3.228069e-02;4.252811e-02;5.906109e-02;1.350279e-01;9.013282e-02;1.081933e-01;1.147574e-01;5.762450e-02;8.322991e-02
9.133111e-02;6.886175e-02;1.134633e-01;6.203633e-02;5.980741e-02;6.199894e-02;6.973764e-02;5.547095e-02;8.067514e-02;1.636914e-01;8.061475e-02;9.231127e-02
6.164432e-02;6.293625e-02;1.602059e-01;3.508481e-02;6.050844e-02;6.348701e-02;6.952918e-02;6.721013e-02;7.777853e-02;1.831873e-01;1.001207e-01;5.830738e-02
9.159072e-02;7.002393e-02;3.035587e-01;5.008500e-02;7.536738e-02;4.531094e-02;1.175405e-01;2.925223e-02;5.117806e-02;7.675924e-02;6.085862e-02;2.847476e-02
6.951237e-02;5.761967e-02;3.827253e-01;4.919272e-02;7.835745e-02;4.428344e-02;1.354737e-01;2.367332e-02;3.087760e-02;4.603868e-02;3.980255e-02;4.244322e-02
