2.177202e-02;1.196287e-01;1.880846e-01;6.431863e-02;3.853051e-02;2.311359e-01;5.399853e-02;1.406684e-01;8.526585e-02;1.794047e-02;1.618769e-02;2.246875e-02
1.147607e-02;9.127484e-02;1.661676e-01;5.413346e-02;2.426823e-02;1.624780e-01;5.177323e-02;2.622389e-01;1.288825e-01;1.653713e-02;1.240833e-02;1.836177e-02
4.918130e-03;5.511598e-02;1.623032e-01;3.021904e-02;1.813725e-02;8.906770e-02;6.701717e-02;3.815541e-01;1.558812e-01;1.420761e-02;6.109887e-03;1.546871e-02
4.771363e-03;4.506749e-02;1.779442e-01;3.154240e-02;3.339319e-02;7.042028e-02;5.182227e-02;4.042816e-01;1.562904e-01;9.975054e-03;2.336384e-03;1.215538e-02
6.744354e-03;4.231499e-02;1.482255e-01;6.810428e-02;5.400033e-02;6.132072e-02;2.850404e-02;3.607086e-01;2.017264e-01;1.655417e-02;5.778376e-03;6.018287e-03
1.185397e-02;3.141342e-02;1.078594e-01;9.420139e-02;5.907639e-02;4.408158e-02;4.001692e-02;3.122384e-01;2.577871e-01;3.194297e-02;7.309151e-03;2.219367e-03
1.242500e-02;3.147843e-02;6.788160e-02;8.439446e-02;7.180966e-02;7.082561e-02;5.123376e-02;2.408730e-01;2.826993e-01;7.233859e-02;9.939652e-03;4.100891e-03
1.195420e-02;4.127032e-02;4.028896e-02;6.816521e-02;1.083228e-01;1.015529e-01;4.474619e-02;1.838976e-01;2.655514e-01;1.057645e-01;2.211247e-02;6.373554e-03
1.237296e-02;4.339912e-02;3.678507e-02;6.139523e-02;5.706416e-02;1.431755e-01;6.155963e-02;1.971799e-01;2.361770e-01;8.901749e-02;4.958346e-02;1.229048e-02
2.295250e-02;3.930093e-02;6.359975e-02;4.487754e-02;2.407241e-02;2.603916e-01;6.322374e-02;1.360000e-01;1.641759e-01;7.419095e-02;8.452119e-02;2.269351e-02
3.247381e-02;2.608488e-02;9.729686e-02;2.756640e-02;1.178211e-02;3.447104e-01;5.018853e-02;7.457176e-02;1.077550e-01;6.714638e-02;1.247422e-01;3.568166e-02
3.144926e-02;1.964514e-02;9.961439e-02;2.231799e-02;1.679829e-02;3.300791e-01;4.158150e-02;7.703760e-02;1.169302e-01;6.744371e-02;1.398869e-01;3.721593e-02
2.746934e-02;2.452710e-02;9.106686e-02;1.404911e-02;1.288704e-02;3.168502e-01;2.819338e-02;9.710327e-02;1.359232e-01;6.844302e-02;1.519398e-01;3.154763e-02
2.560545e-02;2.188303e-02;7.063925e-02;1.229643e-02;2.032532e-02;3.070619e-01;3.193645e-02;1.041971e-01;1.510930e-01;6.049151e-02;1.615660e-01;3.290460e-02
2.023961e-02;2.766610e-02;6.817520e-02;2.344370e-02;2.210116e-02;2.468530e-01;5.015851e-02;1.111977e-01;1.725648e-01;8.717381e-02;1.432029e-01;2.722354e-02
1.228764e-02;2.068614e-02;5.888083e-02;3.556383e-02;3.310470e-02;1.730366e-01;5.267266e-02;1.389515e-01;2.037573e-01;1.580957e-01;9.362955e-02;1.933369e-02
1.103001e-02;2.842864e-02;5.041926e-02;3.044047e-02;3.611787e-02;1.085607e-01;3.477408e-02;1.767274e-01;2.587956e-01;2.053551e-01;4.738205e-02;1.196877e-02
1.460363e-02;2.886527e-02;4.614326e-02;3.606968e-02;3.749119e-02;8.259325e-02;2.924864e-02;1.894444e-01;2.909708e-01;1.992597e-01;3.561719e-02;9.693004e-03
2.058905e-02;4.294634e-02;4.957186e-02;4.987938e-02;4.560347e-02;1.044297e-01;3.797164e-02;2.044327e-01;2.596302e-01;1.488151e-01;1.967997e-02;1.645055e-02
1.881865e-02;4.503575e-02;3.313855e-02;7.013357e-02;4.706671e-02;1.585749e-01;6.600020e-02;2.306682e-01;1.793648e-01;1.149503e-01;1.784547e-02;1.840289e-02
1.731057e-02;3.137004e-02;4.072585e-02;5.862971e-02;5.716797e-02;1.501817e-01;4.188276e-02;2.630022e-01;2.281361e-01;6.856254e-02;2.543445e-02;1.759606e-02
1.786292e-02;4.896558e-02;5.543951e-02;4.882945e-02;5.936913e-02;1.126421e-01;3.791531e-02;2.571733e-01;2.814756e-01;3.562475e-02;2.644702e-02;1.825535e-02
1.397071e-02;2.313839e-02;3.643223e-02;4.949494e-02;4.365905e-02;8.860576e-02;3.914913e-02;3.122387e-01;2.898562e-01;6.349945e-02;2.539314e-02;1.456234e-02
1.378060e-02;2.513502e-02;3.057285e-02;3.787746e-02;4.128528e-02;1.016880e-01;3.077814e-02;3.360015e-01;2.525356e-01;8.832913e-02;2.495490e-02;1.706145e-02
1.471601e-02;2.038719e-02;2.743965e-02;1.816010e-02;4.029551e-02;1.104875e-01;2.252232e-02;2.724243e-01;2.894630e-01;1.073521e-01;5.898285e-02;1.776945e-02
1.958374e-02;4.319958e-02;5.092064e-02;9.504689e-03;2.202837e-02;1.394033e-01;2.755851e-02;1.674856e-01;3.157909e-01;1.077305e-01;7.166732e-02;2.512687e-02
2.253277e-02;3.326322e-02;7.383179e-02;3.051438e-02;2.868527e-02;1.782887e-01;7.798579e-02;1.519888e-01;2.488051e-01;9.051095e-02;3.447688e-02;2.911633e-02
3.292666e-02;6.660750e-02;8.369411e-02;5.226964e-02;7.283810e-02;2.023785e-01;1.175642e-01;1.333675e-01;9.175791e-02;7.796443e-02;3.160842e-02;3.702306e-02
3.465974e-02;8.944941e-02;9.112652e-02;4.922152e-02;8.347123e-02;2.230796e-01;1.103532e-01;1.070131e-01;7.532825e-02;6.848064e-02;3.773703e-02;3.007979e-02
5.833858e-02;1.139049e-01;1.790686e-01;7.050840e-02;6.726057e-02;1.414058e-01;4.435963e-02;6.818935e-02;5.909764e-02;6.732044e-02;6.009933e-02;7.044674e-02
7.386021e-02;1.183953e-01;2.232616e-01;1.338593e-01;4.832010e-02;7.261398e-02;2.272973e-02;1.109951e-01;5.926872e-02;2.633176e-02;3.086019e-02;7.950404e-02
7.191253e-02;8.965097e-02;1.779813e-01;1.998800e-01;6.883340e-02;7.072779e-02;1.402376e-02;1.250399e-01;7.249942e-02;1.814893e-02;2.263027e-02;6.867170e-02
6.662442e-02;4.995000e-02;1.297613e-01;2.450691e-01;9.433545e-02;8.151156e-02;9.251354e-03;1.402512e-01;7.965498e-02;1.980159e-02;1.372191e-02;7.006710e-02
4.405467e-02;3.609216e-02;1.656597e-01;1.822784e-01;8.222308e-02;9.966552e-02;3.742001e-02;1.831499e-01;6.580792e-02;2.427756e-02;9.969578e-03;6.940156e-02
2.485274e-02;4.653818e-02;1.985066e-01;8.200138e-02;6.632371e-02;1.003299e-01;9.293067e-02;2.511592e-01;3.632776e-02;1.885621e-02;4.924868e-02;3.292505e-02
1.374585e-02;7.699130e-02;1.315484e-01;3.443703e-02;8.428577e-02;5.466941e-02;1.716817e-01;2.668063e-01;2.468720e-02;1.476129e-02;1.102794e-01;1.610636e-02
1.110368e-02;1.042067e-01;4.053846e-02;2.607129e-02;8.106346e-02;3.928896e-02;2.828853e-01;1.893382e-01;3.669943e-02;1.332434e-02;1.584950e-01;1.698505e-02
1.182767e-02;1.102030e-01;3.261957e-02;3.004090e-02;5.935691e-02;5.878530e-02;3.489862e-01;1.003594e-01;5.999981e-02;1.846073e-02;1.573760e-01;1.198458e-02
1.592937e-02;1.004269e-01;3.609675e-02;4.121776e-02;3.989258e-02;9.230220e-02;3.474600e-01;5.128921e-02;8.489493e-02;5.736369e-02;1.201853e-01;1.294125e-02
1.647325e-02;8.766146e-02;3.835545e-02;5.712518e-02;2.199105e-02;1.683110e-01;2.959859e-01;5.082291e-02;7.614331e-02;8.343952e-02;7.954397e-02;2.414700e-02
2.439071e-02;7.660580e-02;4.779493e-02;6.399386e-02;2.097190e-02;2.458030e-01;2.179196e-01;6.330279e-02;4.398584e-02;1.114246e-01;4.242870e-02;4.137832e-02
4.070734e-02;6.041264e-02;4.007257e-02;6.968434e-02;2.509035e-02;3.434185e-01;1.371810e-01;5.343360e-02;2.650548e-02;1.246564e-01;2.119363e-02;5.764413e-02
5.221327e-02;6.162535e-02;3.063673e-02;6.427113e-02;3.642217e-02;3.519719e-01;1.009954e-01;6.872809e-02;2.472332e-02;1.202263e-01;2.967012e-02;5.851630e-02
5.882515e-02;7.531442e-02;4.236664e-02;4.971892e-02;5.362331e-02;3.084815e-01;9.763981e-02;8.284794e-02;3.649430e-02;1.024010e-01;3.728034e-02;5.500668e-02
6.371406e-02;8.688368e-02;6.404378e-02;5.142602e-02;5.984712e-02;2.901702e-01;6.981121e-02;7.434066e-02;5.753355e-02;9.082367e-02;4.503192e-02;4.637407e-02
4.707713e-02;1.203634e-01;7.435780e-02;7.312265e-02;4.877369e-02;2.894408e-01;5.820885e-02;8.338218e-02;8.170704e-02;5.651381e-02;2.696349e-02;4.008913e-02
3.489417e-02;1.845623e-01;7.038751e-02;7.846709e-02;3.752971e-02;1.984835e-01;6.236827e-02;1.608470e-01;6.159129e-02;4.382445e-02;2.464763e-02;4.239710e-02
2.611138e-02;2.155852e-01;1.142912e-01;6.814260e-02;5.714499e-02;1.514611e-01;8.412147e-02;1.590920e-01;3.791395e-02;3.636974e-02;3.250571e-02;1.726064e-02
2.716336e-02;2.095820e-01;1.005813e-01;5.019067e-02;1.127500e-01;1.492517e-01;8.221833e-02;1.490045e-01;3.367983e-02;3.218430e-02;4.668553e-02;6.708296e-03
2.729765e-02;1.680787e-01;8.477003e-02;3.933483e-02;1.772192e-01;1.523168e-01;7.913297e-02;1.643814e-01;2.956006e-02;2.711754e-02;4.408151e-02;6.709278e-03
2.572275e-02;1.047501e-01;8.825053e-02;7.071308e-02;1.997671e-01;1.378799e-01;7.159198e-02;2.010250e-01;3.824906e-02;2.517172e-02;2.794785e-02;8.930909e-03
1.894112e-02;7.837281e-02;1.290691e-01;7.629975e-02;1.271134e-01;1.088532e-01;9.653996e-02;2.498258e-01;6.323121e-02;2.784548e-02;7.561180e-03;1.634697e-02
9.958468e-03;7.445100e-02;1.329339e-01;4.420575e-02;4.374665e-02;1.191661e-01;9.588186e-02;2.943166e-01;1.006135e-01;4.247296e-02;2.032489e-02;2.192838e-02
4.558789e-03;4.667870e-02;1.038675e-01;1.712938e-02;2.568933e-02;1.977590e-01;7.043315e-02;3.191269e-01;1.191999e-01;4.792682e-02;2.870801e-02;1.892251e-02
6.494787e-03;1.659895e-02;7.102182e-02;1.992061e-02;4.556770e-02;2.681760e-01;7.648617e-02;3.003859e-01;1.035287e-01;4.127371e-02;3.492615e-02;1.561946e-02
7.310643e-03;4.139587e-02;5.348095e-02;3.328520e-02;5.831692e-02;2.669234e-01;1.042778e-01;2.655599e-01;9.275816e-02;3.584166e-02;3.106735e-02;9.782217e-03
7.017555e-03;6.115084e-02;6.449903e-02;3.057786e-02;5.354419e-02;2.141346e-01;1.307605e-01;2.691314e-01;9.851995e-02;3.614500e-02;2.006319e-02;1.445586e-02
7.998683e-03;7.133999e-02;9.761447e-02;4.249885e-02;6.450235e-02;1.479679e-01;9.236864e-02;3.058131e-01;1.014529e-01;3.204863e-02;1.808329e-02;1.831114e-02
1.392099e-02;5.747007e-02;1.043722e-01;2.426352e-02;5.143125e-02;1.290377e-01;1.225203e-01;3.309321e-01;1.011604e-01;3.141856e-02;1.651259e-02;1.696031e-02
1.507626e-02;5.934036e-02;1.165305e-01;3.934420e-02;4.427133e-02;1.125876e-01;1.477961e-01;3.115423e-01;9.177709e-02;3.862735e-02;8.727191e-03;1.437978e-02
1.435038e-02;6.656967e-02;1.254401e-01;3.838411e-02;4.898084e-02;1.313217e-01;1.049785e-01;2.957554e-01;8.818460e-02;5.641130e-02;1.896127e-02;1.066206e-02
1.691756e-02;3.569474e-02;1.045754e-01;2.551233e-02;6.558546e-02;1.588643e-01;7.192775e-02;3.146103e-01;7.809867e-02;8.238877e-02;3.423215e-02;1.159256e-02
1.486648e-02;3.429207e-02;7.912531e-02;4.195897e-02;7.501732e-02;1.819436e-01;8.816990e-02;2.381680e-01;5.959471e-02;9.742779e-02;6.667241e-02;2.276349e-02
8.592610e-03;3.808323e-02;7.603001e-02;5.965801e-02;5.987740e-02;2.215957e-01;1.472052e-01;1.527268e-01;4.643355e-02;8.529761e-02;8.578347e-02;1.871649e-02
1.159743e-02;5.696161e-02;8.749205e-02;3.766268e-02;6.732426e-02;2.696299e-01;1.666632e-01;1.148226e-01;3.490288e-02;8.088260e-02;6.712231e-02;4.938501e-03
1.652183e-02;7.120009e-02;6.307353e-02;3.683149e-02;9.475875e-02;2.762246e-01;1.012647e-01;1.321904e-01;5.279965e-02;8.394751e-02;6.289618e-02;8.291208e-03
7.137146e-03;4.878458e-02;1.008404e-02;6.112330e-02;7.427554e-02;2.216967e-01;1.936821e-01;2.074286e-01;7.429694e-02;6.127559e-02;3.003710e-02;1.017834e-02
1.142423e-02;4.404532e-02;3.731415e-02;5.820075e-02;8.154394e-02;2.574171e-01;1.861742e-01;1.871305e-01;6.915505e-02;4.410300e-02;1.832879e-02;5.162965e-03
1.676548e-02;7.578865e-02;4.660738e-02;5.597785e-02;7.480802e-02;2.502091e-01;1.796109e-01;1.552559e-01;5.390032e-02;5.390198e-02;2.334153e-02;1.383291e-02
2.494605e-02;9.352354e-02;1.020287e-01;3.598149e-02;7.392483e-02;1.881586e-01;1.311387e-01;1.808724e-01;4.545534e-02;5.533148e-02;5.000971e-02;1.862926e-02
2.610862e-02;7.231656e-02;1.580437e-01;3.361601e-02;4.219928e-02;8.403841e-02;4.200247e-02;2.984448e-01;1.188818e-01;4.683917e-02;6.292568e-02;1.458345e-02
1.835457e-02;1.004040e-01;1.060129e-01;3.638915e-02;4.135074e-02;1.418155e-01;4.281062e-02;3.112679e-01;1.293472e-01;2.389212e-02;3.397134e-02;1.438398e-02
2.212146e-02;1.173531e-01;6.993859e-02;4.442671e-02;4.047015e-02;2.110435e-01;6.467094e-02;2.710219e-01;9.950364e-02;2.274894e-02;2.687529e-02;9.825778e-03
4.817707e-02;1.199813e-01;5.536658e-02;5.008612e-02;4.273196e-02;3.468730e-01;5.848496e-02;1.728667e-01;4.988000e-02;2.527069e-02;1.654206e-02;1.373960e-02
6.678987e-02;9.009604e-02;4.635966e-02;3.950116e-02;6.213173e-02;4.824656e-01;3.407432e-02;8.525662e-02;3.219615e-02;2.250785e-02;1.139566e-02;2.722542e-02
4.827614e-02;6.050533e-02;7.795475e-02;5.348089e-02;7.810892e-02;4.429076e-01;3.772199e-02;8.078491e-02;4.972092e-02;1.465564e-02;9.504914e-03;4.637805e-02
3.071765e-02;3.960558e-02;9.070852e-02;8.452771e-02;1.068750e-01;3.701645e-01;4.459209e-02;9.190992e-02;6.111821e-02;9.032777e-03;1.054870e-02;6.019927e-02
2.258696e-02;4.796635e-02;1.184880e-01;8.741305e-02;1.017520e-01;2.653271e-01;5.169174e-02;1.420616e-01;5.731896e-02;1.731127e-02;2.588901e-02;6.219410e-02
2.548253e-02;1.178098e-01;1.964009e-01;5.918337e-02;6.305069e-02;1.738540e-01;2.498592e-02;1.463767e-01;7.135852e-02;2.648045e-02;4.491015e-02;5.010708e-02
1.686221e-02;1.281675e-01;2.096840e-01;3.735458e-02;1.908284e-02;3.223548e-01;3.407512e-02;7.602227e-02;5.706663e-02;1.800290e-02;5.417408e-02;2.715304e-02
2.058679e-02;1.128386e-01;1.098774e-01;3.380994e-02;2.223621e-02;3.067598e-01;8.156872e-02;1.906222e-01;4.381057e-02;1.497404e-02;5.387843e-02;9.037325e-03
1.618040e-02;9.336708e-02;4.042536e-02;3.821173e-02;2.896012e-02;2.955974e-01;1.010683e-01;2.553185e-01;5.371542e-02;1.435158e-02;5.193423e-02;1.086996e-02
1.160376e-02;1.015293e-01;6.221976e-02;4.524239e-02;3.452986e-02;3.632996e-01;9.471414e-02;1.624256e-01;5.211734e-02;2.597116e-02;3.371390e-02;1.263329e-02
1.485368e-02;8.335879e-02;7.176020e-02;3.395225e-02;4.519350e-02;4.300377e-01;7.245640e-02;1.246030e-01;5.686089e-02;3.819009e-02;1.337948e-02;1.535410e-02
1.796134e-02;3.428907e-02;4.829409e-02;2.751072e-02;6.327894e-02;4.163256e-01;3.859345e-02;2.094602e-01;5.274610e-02;5.615928e-02;1.749337e-02;1.788778e-02
1.529086e-02;6.387888e-02;3.773087e-02;1.570284e-02;6.605070e-02;3.369634e-01;1.058982e-01;1.706426e-01;5.472199e-02;7.022110e-02;4.232029e-02;2.057838e-02
1.233327e-02;1.010012e-01;6.851528e-02;3.345429e-02;4.665071e-02;2.039357e-01;1.557510e-01;1.811261e-01;6.672807e-02;6.465935e-02;4.525369e-02;2.059139e-02
6.806423e-03;7.823062e-02;1.106374e-01;4.646619e-02;2.942611e-02;2.242433e-01;1.067752e-01;2.542066e-01;7.743860e-02;2.917623e-02;1.598459e-02;2.060879e-02
1.157337e-02;7.361244e-02;1.008746e-01;3.706835e-02;3.554961e-02;4.143611e-01;4.474408e-02;1.765767e-01;5.831349e-02;1.454162e-02;1.221746e-02;2.056719e-02
1.932298e-02;8.143269e-02;7.231347e-02;2.139141e-02;3.035580e-02;4.988501e-01;6.357334e-02;9.157939e-02;5.063754e-02;3.688603e-02;1.703680e-02;1.662047e-02
3.098247e-02;5.423594e-02;9.237126e-02;2.139420e-02;4.362714e-02;4.064168e-01;8.106982e-02;1.042977e-01;6.970070e-02;4.276302e-02;4.026517e-02;1.287586e-02
4.665425e-02;1.030164e-01;1.406578e-01;3.403053e-02;8.804040e-02;2.215052e-01;5.949692e-02;7.876047e-02;9.323548e-02;5.904809e-02;4.519228e-02;3.036217e-02
2.823850e-02;1.720795e-01;1.196792e-01;3.445373e-02;6.115850e-02;1.825009e-01;6.022650e-02;1.528592e-01;8.060142e-02;3.829987e-02;2.534519e-02;4.455757e-02
3.453275e-02;1.552795e-01;1.221481e-01;3.597802e-02;2.551159e-02;2.073563e-01;6.847145e-02;1.988575e-01;7.521541e-02;2.836342e-02;1.676433e-02;3.152170e-02
5.025254e-02;1.304287e-01;1.117961e-01;4.016331e-02;3.647447e-02;2.850577e-01;6.860019e-02;1.648193e-01;5.238882e-02;3.038011e-02;9.077125e-03;2.056166e-02
7.028314e-02;1.333690e-01;7.567557e-02;3.803752e-02;4.436038e-02;3.462588e-01;7.730392e-02;1.194302e-01;3.255156e-02;3.455691e-02;9.820174e-03;1.835274e-02
7.325885e-02;1.426591e-01;6.152628e-02;3.475120e-02;3.930185e-02;3.666485e-01;7.571051e-02;1.053933e-01;2.863658e-02;3.428548e-02;2.069776e-02;1.713058e-02
5.463356e-02;1.337082e-01;7.803095e-02;3.367192e-02;2.494474e-02;3.970217e-01;6.607123e-02;1.098021e-01;2.811705e-02;2.508921e-02;2.705730e-02;2.185203e-02
4.255433e-02;9.303948e-02;1.143664e-01;4.903591e-02;2.857531e-02;3.649527e-01;7.009476e-02;1.492687e-01;2.643133e-02;1.371908e-02;2.182388e-02;2.613800e-02
3.519838e-02;1.229243e-01;1.291988e-01;3.717948e-02;2.564643e-02;3.007020e-01;7.973859e-02;1.761332e-01;3.582823e-02;1.414755e-02;1.264564e-02;3.065744e-02
2.575023e-02;1.652486e-01;1.008739e-01;2.570687e-02;2.274946e-02;2.571460e-01;9.972598e-02;2.001959e-01;4.682333e-02;1.607398e-02;1.416066e-02;2.554503e-02
1.874224e-02;1.696257e-01;6.007746e-02;2.166411e-02;5.104657e-02;2.263045e-01;1.171847e-01;2.118920e-01;6.829743e-02;2.297158e-02;1.995614e-02;1.223757e-02
1.166065e-02;1.445799e-01;4.448967e-02;1.340673e-02;1.150580e-01;2.091465e-01;1.119848e-01;2.168564e-01;7.126837e-02;2.903202e-02;2.841727e-02;4.099780e-03
7.498426e-03;1.097558e-01;5.727826e-02;1.256903e-02;1.790781e-01;2.124487e-01;9.395789e-02;2.137615e-01;5.192629e-02;2.671031e-02;3.159177e-02;3.424046e-03
6.693251e-03;8.806401e-02;5.595542e-02;9.025619e-03;2.203819e-01;2.179362e-01;9.926261e-02;2.027190e-01;3.903357e-02;2.319068e-02;3.322474e-02;4.512995e-03
1.170739e-02;8.611113e-02;5.555810e-02;9.158551e-03;2.433995e-01;2.073273e-01;8.961406e-02;2.150986e-01;3.187938e-02;1.292060e-02;3.227986e-02;4.945497e-03
1.516075e-02;8.200561e-02;5.458641e-02;1.961222e-02;2.168658e-01;1.853673e-01;6.603672e-02;2.733817e-01;4.886476e-02;8.704937e-03;2.484046e-02;4.573336e-03
1.825484e-02;7.187300e-02;7.204691e-02;3.857104e-02;1.385726e-01;1.516244e-01;5.234668e-02;3.634415e-01;5.438599e-02;1.526369e-02;1.713570e-02;6.483737e-03
1.151515e-02;4.622956e-02;7.907803e-02;4.165884e-02;5.833005e-02;1.399055e-01;4.574921e-02;4.402031e-01;8.779824e-02;2.859687e-02;1.044473e-02;1.049067e-02
5.104277e-03;2.902718e-02;8.497256e-02;2.076917e-02;2.755615e-02;1.720106e-01;4.748888e-02;4.496311e-01;1.121737e-01;3.384088e-02;5.283902e-03;1.214160e-02
6.966401e-03;5.102568e-02;8.006865e-02;2.112391e-02;3.872073e-02;2.327784e-01;2.839560e-02;3.943556e-01;1.015894e-01;3.376141e-02;3.858202e-03;7.355997e-03
1.264962e-02;6.358019e-02;5.886061e-02;3.369854e-02;1.096386e-01;2.030537e-01;2.553611e-02;3.558424e-01;1.002067e-01;2.627501e-02;6.901602e-03;3.756911e-03
1.515003e-02;4.759324e-02;5.119369e-02;4.604351e-02;1.884238e-01;1.377440e-01;5.258615e-02;3.277237e-01;1.053697e-01;1.322553e-02;9.898835e-03;5.047825e-03
1.311438e-02;5.497781e-02;5.171429e-02;4.313801e-02;1.509081e-01;2.053385e-01;8.600486e-02;2.599759e-01;1.099919e-01;1.138408e-02;1.034931e-02;3.102850e-03
1.421096e-02;7.408410e-02;5.779275e-02;6.505672e-02;6.606399e-02;2.745515e-01;9.316371e-02;2.311078e-01;8.829924e-02;1.389329e-02;1.512057e-02;6.655376e-03
1.538012e-02;5.672580e-02;7.570250e-02;1.005060e-01;4.973669e-02;2.946621e-01;4.399177e-02;2.344013e-01;8.009515e-02;1.677260e-02;1.941431e-02;1.261171e-02
1.813531e-02;5.682794e-02;5.883590e-02;8.518656e-02;5.471486e-02;3.383662e-01;5.228090e-02;2.052719e-01;7.467762e-02;2.082073e-02;1.790264e-02;1.697943e-02
2.360337e-02;8.689916e-02;6.240818e-02;4.879825e-02;8.193599e-02;3.570496e-01;3.961187e-02;1.567609e-01;8.352478e-02;2.513630e-02;1.466153e-02;1.961009e-02
2.328273e-02;1.040224e-01;1.027699e-01;7.385964e-02;1.069330e-01;2.450346e-01;5.276040e-02;1.590686e-01;8.423161e-02;2.663986e-02;7.870266e-03;1.352707e-02
1.520436e-02;1.269196e-01;9.793918e-02;1.025934e-01;1.144419e-01;1.271272e-01;9.968315e-02;1.687631e-01;7.844275e-02;4.723577e-02;8.591405e-03;1.305810e-02
1.395442e-02;1.473261e-01;9.303664e-02;8.426300e-02;1.063944e-01;1.381012e-01;9.407537e-02;1.849768e-01;6.341044e-02;4.982067e-02;1.091669e-02;1.372428e-02
1.484826e-02;1.250527e-01;9.404826e-02;6.291049e-02;1.047426e-01;2.152273e-01;7.237703e-02;1.941317e-01;5.799242e-02;3.840040e-02;9.950687e-03;1.031819e-02
1.179372e-02;1.006329e-01;9.831813e-02;5.097853e-02;9.010186e-02;2.783188e-01;6.849014e-02;1.669501e-01;8.385881e-02;2.787575e-02;1.246272e-02;1.021858e-02
6.694543e-03;7.795028e-02;9.374771e-02;5.167033e-02;6.424331e-02;3.180397e-01;4.189299e-02;2.162293e-01;7.919478e-02;3.145732e-02;8.303306e-03;1.057635e-02
8.658134e-03;5.683792e-02;8.800782e-02;4.405672e-02;7.402172e-02;2.227486e-01;4.628700e-02;3.477532e-01;7.673874e-02;1.891623e-02;9.156525e-03;6.817461e-03
1.186486e-02;6.117052e-02;8.109304e-02;3.853677e-02;6.733916e-02;2.238748e-01;3.735936e-02;3.712420e-01;8.153445e-02;1.444338e-02;6.506075e-03;5.035619e-03
2.128687e-02;5.002261e-02;7.120905e-02;3.501283e-02;5.795779e-02;2.697956e-01;3.782291e-02;3.401247e-01;8.640582e-02;1.718187e-02;6.164921e-03;7.015066e-03
2.475513e-02;9.354583e-02;1.108446e-01;2.980322e-02;4.438750e-02;1.689150e-01;4.962432e-02;3.228438e-01;1.080311e-01;2.521644e-02;1.082600e-02;1.120695e-02
8.722641e-02;6.153661e-02;9.894190e-02;3.249973e-02;5.313072e-02;2.167895e-01;6.373224e-02;2.366728e-01;9.037705e-02;3.041333e-02;1.426267e-02;1.441705e-02
1.428269e-01;8.850288e-02;1.087750e-01;6.362759e-02;7.099124e-02;9.258803e-02;7.647655e-02;2.235870e-01;6.959844e-02;2.947923e-02;1.438184e-02;1.916524e-02
6.498810e-02;8.447994e-02;1.057610e-01;5.563394e-02;5.575958e-02;2.398054e-01;6.510724e-02;1.840209e-01;7.678630e-02;3.570846e-02;1.200674e-02;1.994241e-02
3.833612e-02;1.154453e-01;1.259791e-01;4.284831e-02;4.625950e-02;3.139966e-01;5.417859e-02;1.467468e-01;5.383923e-02;3.415515e-02;1.227881e-02;1.593650e-02
4.986495e-02;1.389267e-01;1.888551e-01;4.716612e-02;6.660249e-02;1.916000e-01;4.984050e-02;1.510974e-01;5.083214e-02;2.869305e-02;1.788341e-02;1.863817e-02
2.574904e-02;1.313685e-01;1.691488e-01;5.343018e-02;5.104382e-02;2.666734e-01;5.900633e-02;1.251540e-01;5.817422e-02;2.068026e-02;2.213106e-02;1.744046e-02
1.336835e-02;1.237890e-01;1.535348e-01;5.078271e-02;6.288792e-02;3.516563e-01;4.340719e-02;9.317851e-02;4.764829e-02;2.455603e-02;1.493096e-02;2.025994e-02
1.280335e-02;9.923130e-02;1.343700e-01;6.026916e-02;6.254418e-02;4.043364e-01;4.048754e-02;7.844996e-02;4.939678e-02;2.380967e-02;1.138885e-02;2.291277e-02
1.437998e-02;6.132189e-02;7.109711e-02;9.913486e-02;5.076847e-02;4.450274e-01;6.354925e-02;1.153817e-01;3.273474e-02;2.271323e-02;8.293962e-03;1.559739e-02
1.258126e-02;5.199420e-02;7.070655e-02;7.822557e-02;8.519361e-02;3.573944e-01;7.885262e-02;1.822992e-01;4.869976e-02;1.996677e-02;7.278654e-03;6.807441e-03
7.118529e-03;3.466916e-02;6.437757e-02;3.688452e-02;1.054333e-01;2.921987e-01;8.214967e-02;2.583252e-01;8.626398e-02;2.174230e-02;6.839134e-03;3.997993e-03
3.755566e-03;1.356498e-02;5.120067e-02;1.983558e-02;1.211403e-01;2.427868e-01;6.321473e-02;3.178851e-01;1.320789e-01;2.389180e-02;6.016392e-03;4.629197e-03
5.184222e-03;3.124824e-02;4.381261e-02;2.245234e-02;1.427468e-01;1.930244e-01;3.021483e-02;3.252191e-01;1.730444e-01;2.217574e-02;3.832013e-03;7.045346e-03
7.432808e-03;3.208718e-02;5.336765e-02;2.684733e-02;1.015248e-01;1.726021e-01;2.851488e-02;3.421577e-01;2.002768e-01;1.932184e-02;5.265387e-03;1.060150e-02
1.228190e-02;3.588895e-02;5.741959e-02;2.782607e-02;9.459458e-02;1.162942e-01;4.890034e-02;3.396751e-01;2.346431e-01;1.634024e-02;3.830902e-03;1.230493e-02
1.811243e-02;2.985831e-02;5.267105e-02;4.089951e-02;8.345693e-02;1.562173e-01;7.349181e-02;2.392414e-01;2.583022e-01;3.206706e-02;6.680304e-03;9.001687e-03
1.826823e-02;2.238179e-02;5.537139e-02;4.364785e-02;6.062981e-02;2.505243e-01;7.266548e-02;1.521407e-01;2.570464e-01;5.350404e-02;9.146873e-03;4.673102e-03
1.312977e-02;2.455852e-02;5.524869e-02;3.390813e-02;4.646281e-02;2.889348e-01;6.622179e-02;1.483004e-01;2.474945e-01;6.098811e-02;9.682664e-03;5.069837e-03
1.627809e-02;2.188052e-02;6.644759e-02;3.383058e-02;4.092959e-02;2.744193e-01;9.899970e-02;1.642198e-01;2.222915e-01;4.668582e-02;8.179027e-03;5.838554e-03
2.384344e-02;1.915322e-02;6.646485e-02;4.261927e-02;4.057044e-02;2.026451e-01;1.857359e-01;1.567524e-01;2.170935e-01;3.276703e-02;8.779315e-03;3.575419e-03
3.162322e-02;1.389262e-02;5.102025e-02;7.175604e-02;4.752934e-02;8.724524e-02;2.196743e-01;1.942607e-01;2.379965e-01;3.154703e-02;1.124345e-02;2.211341e-03
3.112586e-02;1.272633e-02;3.438311e-02;9.386894e-02;3.851471e-02;6.231646e-02;1.478589e-01;2.568440e-01;2.735753e-01;3.126827e-02;1.305664e-02;4.461423e-03
2.562955e-02;1.757552e-02;2.139234e-02;1.006968e-01;3.861913e-02;1.101446e-01;6.506556e-02;2.729627e-01;2.983961e-01;2.812624e-02;1.560704e-02;5.784402e-03
1.718386e-02;3.559000e-02;6.294552e-02;8.252563e-02;7.255749e-02;1.384581e-01;3.229797e-02;2.496773e-01;2.572973e-01;2.720362e-02;1.352810e-02;1.073507e-02
7.871350e-03;4.557205e-02;7.760167e-02;4.354510e-02;8.933454e-02;1.757018e-01;2.074353e-02;3.110299e-01;1.811117e-01;2.997807e-02;1.022969e-02;7.280594e-03
4.988104e-03;3.710199e-02;6.167253e-02;3.164170e-02;8.162037e-02;1.821466e-01;1.360818e-02;3.491487e-01;1.860422e-01;3.190074e-02;1.233389e-02;7.795010e-03
1.259266e-02;3.758115e-02;5.895044e-02;4.049874e-02;5.765486e-02;1.597221e-01;3.580902e-02;3.074957e-01;2.217729e-01;3.485366e-02;1.747999e-02;1.558871e-02
1.544867e-02;4.985116e-02;6.901223e-02;4.309945e-02;5.055716e-02;1.817875e-01;9.875952e-02;2.089922e-01;2.019677e-01;4.296541e-02;2.131106e-02;1.624797e-02
8.832215e-03;3.219168e-02;5.269498e-02;6.596924e-02;8.285742e-02;1.442638e-01;9.140401e-02;2.420714e-01;2.035306e-01;5.635388e-02;9.384602e-03;1.044611e-02
1.049663e-02;3.605454e-02;7.329051e-02;9.467088e-02;1.277054e-01;1.034479e-01;6.533479e-02;1.938436e-01;1.916219e-01;7.971144e-02;6.437711e-03;1.738462e-02
4.359423e-03;3.716574e-02;7.502194e-02;8.713963e-02;1.100890e-01;1.443563e-01;5.286682e-02;2.165529e-01;1.708412e-01;8.111310e-02;5.349677e-03;1.514428e-02
6.565458e-03;2.916528e-02;6.940572e-02;4.897736e-02;6.605267e-02;7.054670e-02;7.448766e-02;2.665538e-01;2.808952e-01;7.099529e-02;7.261001e-03;9.093926e-03
8.074739e-03;1.294875e-02;5.607135e-02;5.195679e-02;4.884580e-02;7.657377e-02;1.032587e-01;2.499563e-01;3.310972e-01;4.801589e-02;8.608436e-03;4.592268e-03
8.331914e-03;1.779830e-02;3.483289e-02;5.676597e-02;5.856963e-02;1.135965e-01;1.259210e-01;2.660370e-01;2.528273e-01;5.424426e-02;6.739067e-03;4.336195e-03
8.238460e-03;1.992381e-02;4.904223e-02;9.405163e-02;4.884123e-02;1.315473e-01;1.418843e-01;2.956088e-01;1.562659e-01;4.550869e-02;4.985130e-03;4.102587e-03
8.252300e-03;2.229462e-02;6.977823e-02;1.562857e-01;5.048899e-02;1.205436e-01;1.553008e-01;2.383488e-01;1.201353e-01;4.853059e-02;5.933326e-03;4.107728e-03
1.410709e-02;3.058567e-02;4.716239e-02;1.454240e-01;6.913394e-02;1.296869e-01;1.056415e-01;2.620776e-01;1.302606e-01;5.099112e-02;9.565259e-03;5.363916e-03
1.454139e-02;5.929280e-02;4.613432e-02;8.837587e-02;5.307826e-02;1.766334e-01;4.260228e-02;3.216221e-01;1.265694e-01;4.560261e-02;1.325984e-02;1.228767e-02
1.210414e-02;7.707483e-02;6.483722e-02;3.685627e-02;3.017489e-02;2.481272e-01;3.110564e-02;3.187125e-01;1.318414e-01;2.418765e-02;1.656885e-02;8.409432e-03
1.512169e-02;9.406926e-02;9.803347e-02;2.449249e-02;3.751454e-02;2.537121e-01;2.683083e-02;2.998426e-01;1.054964e-01;2.136523e-02;1.589996e-02;7.621496e-03
1.668553e-02;9.587640e-02;1.007266e-01;2.505884e-02;3.348375e-02;3.119135e-01;3.346266e-02;2.748321e-01;6.707703e-02;2.474129e-02;9.182757e-03;6.959531e-03
1.859519e-02;6.779405e-02;5.309572e-02;2.654326e-02;3.053637e-02;4.664318e-01;4.288022e-02;1.723989e-01;7.426993e-02;3.138404e-02;6.163325e-03;9.907279e-03
1.623904e-02;7.513966e-02;8.664215e-02;3.196067e-02;3.279122e-02;5.014724e-01;3.443072e-02;9.739891e-02;7.009852e-02;3.082162e-02;6.317774e-03;1.668738e-02
1.026995e-02;6.558379e-02;1.340550e-01;3.545883e-02;2.878895e-02;4.224414e-01;2.643886e-02;1.528860e-01;7.631666e-02;2.564458e-02;6.683530e-03;1.543247e-02
1.352968e-02;9.520343e-02;2.072674e-01;4.175962e-02;4.016506e-02;3.061218e-01;4.357737e-02;1.105135e-01;8.553257e-02;2.845026e-02;1.421152e-02;1.366789e-02
1.930771e-02;9.635022e-02;1.539256e-01;4.105184e-02;4.645806e-02;1.971743e-01;5.559748e-02;1.992346e-01;1.180052e-01;4.075078e-02;1.004977e-02;2.209444e-02
1.702368e-02;8.841804e-02;9.608008e-02;4.855213e-02;4.953700e-02;2.027372e-01;5.679782e-02;2.296634e-01;1.305298e-01;4.685988e-02;1.721224e-02;1.658879e-02
1.711257e-02;8.456767e-02;6.400295e-02;5.361832e-02;4.331206e-02;2.484217e-01;3.631058e-02;2.393279e-01;1.339661e-01;4.284037e-02;2.189812e-02;1.462159e-02
1.955442e-02;5.594774e-02;4.104521e-02;5.878038e-02;3.660251e-02;2.422028e-01;3.245733e-02;2.840547e-01;1.272437e-01;5.575335e-02;2.092229e-02;2.543560e-02
1.677157e-02;8.624742e-02;5.073684e-02;5.615715e-02;4.243466e-02;2.301265e-01;4.497559e-02;2.616139e-01;1.050162e-01;4.750168e-02;3.734265e-02;2.107578e-02
1.105579e-02;9.878848e-02;6.693148e-02;3.417322e-02;5.179956e-02;2.806671e-01;6.819062e-02;1.819407e-01;9.683829e-02;4.200054e-02;4.414861e-02;2.346569e-02
1.973469e-02;1.100441e-01;7.338420e-02;4.414155e-02;4.908521e-02;2.747416e-01;8.824465e-02;1.549868e-01;1.067369e-01;3.767217e-02;2.403886e-02;1.718936e-02
3.262693e-02;1.167018e-01;7.208093e-02;5.208463e-02;4.868635e-02;2.310622e-01;8.785141e-02;1.768916e-01;1.341695e-01;2.934420e-02;1.005001e-02;8.450397e-03
4.264158e-02;9.015646e-02;1.143614e-01;4.579761e-02;6.148334e-02;2.030397e-01;8.985981e-02;1.676030e-01;1.374566e-01;2.147000e-02;1.216697e-02;1.396349e-02
5.035802e-02;7.887706e-02;1.121070e-01;6.444385e-02;8.506285e-02;1.780261e-01;9.713966e-02;1.446503e-01;1.108834e-01;5.110631e-02;1.191882e-02;1.542664e-02
3.087004e-02;5.745761e-02;6.205717e-02;5.412285e-02;7.526938e-02;2.501997e-01;5.904869e-02;2.248627e-01;7.039056e-02;8.740108e-02;1.386959e-02;1.445069e-02
1.874053e-02;4.325549e-02;6.915340e-02;2.081530e-02;4.567307e-02;3.094436e-01;4.897699e-02;2.422038e-01;1.044309e-01;7.472980e-02;8.893360e-03;1.368374e-02
1.420171e-02;2.832651e-02;8.800835e-02;2.422578e-02;6.769061e-02;2.831029e-01;7.466125e-02;1.604086e-01;1.561285e-01;8.437434e-02;8.814960e-03;1.005646e-02
1.739831e-02;3.311926e-02;1.057217e-01;4.178821e-02;7.135300e-02;1.454333e-01;9.157504e-02;1.890454e-01;1.769117e-01;1.073561e-01;1.346015e-02;6.837871e-03
2.762155e-02;5.356476e-02;8.748256e-02;4.687783e-02;6.609428e-02;1.433481e-01;7.866008e-02;2.556296e-01;1.277412e-01;7.308226e-02;2.816449e-02;1.173334e-02
4.120187e-02;1.228068e-01;7.173567e-02;3.324831e-02;4.537242e-02;1.531217e-01;7.054972e-02;2.505694e-01;1.222247e-01;5.216445e-02;2.305889e-02;1.394602e-02
5.563982e-02;1.327504e-01;7.071103e-02;5.676275e-02;2.539041e-02;1.776253e-01;7.944049e-02;2.011890e-01;9.387314e-02;7.152588e-02;1.661731e-02;1.847460e-02
6.930447e-02;1.363838e-01;8.509163e-02;5.388340e-02;2.167271e-02;1.586115e-01;6.249347e-02;1.901854e-01;8.890257e-02;6.699690e-02;2.916475e-02;3.730945e-02
8.097972e-02;1.808823e-01;1.468963e-01;3.864403e-02;3.665870e-02;9.025998e-02;7.604830e-02;1.642487e-01;7.718722e-02;2.364119e-02;4.860713e-02;3.594654e-02
6.828042e-02;2.120538e-01;1.654633e-01;2.083867e-02;3.801300e-02;1.074134e-01;9.849769e-02;1.363391e-01;5.996419e-02;1.201154e-02;5.465264e-02;2.647231e-02
4.305134e-02;2.811306e-01;1.789210e-01;1.107424e-02;2.855670e-02;9.786744e-02;1.303892e-01;1.081267e-01;3.825887e-02;1.392217e-02;5.485110e-02;1.385067e-02
2.142001e-02;3.384715e-01;1.667997e-01;1.477305e-02;2.025468e-02;8.149261e-02;1.576448e-01;9.193110e-02;2.810651e-02;1.449026e-02;5.284819e-02;1.176744e-02
1.695430e-02;3.435724e-01;1.249823e-01;1.380207e-02;2.285466e-02;6.907925e-02;2.102639e-01;8.400760e-02;3.445096e-02;1.119454e-02;6.134554e-02;7.492539e-03
1.614089e-02;2.814568e-01;8.632256e-02;1.620140e-02;4.355800e-02;8.632074e-02;2.483422e-01;9.237479e-02;2.958725e-02;1.704581e-02;7.288943e-02;9.760129e-03
1.513341e-02;2.490848e-01;8.199419e-02;1.156622e-02;6.049095e-02;8.340097e-02;2.757730e-01;9.634067e-02;2.140803e-02;1.941155e-02;7.610928e-02;9.286911e-03
2.097413e-02;2.231723e-01;9.657031e-02;1.378334e-02;7.982273e-02;7.273271e-02;2.663360e-01;1.106604e-01;1.978752e-02;1.579395e-02;7.338283e-02;6.983758e-03
4.140517e-02;1.754636e-01;1.089492e-01;3.907109e-02;1.156712e-01;5.762339e-02;2.270022e-01;1.320348e-01;2.240863e-02;8.185010e-03;6.314074e-02;9.044932e-03
5.529544e-02;1.795697e-01;1.215770e-01;6.746395e-02;1.154257e-01;4.859412e-02;1.836297e-01;1.402501e-01;1.961393e-02;7.995209e-03;5.070178e-02;9.883410e-03
6.299607e-02;1.670914e-01;1.396819e-01;8.481585e-02;8.271950e-02;4.922956e-02;1.718250e-01;1.619018e-01;1.909956e-02;9.690252e-03;4.205718e-02;8.891913e-03
6.316606e-02;1.657571e-01;1.610780e-01;9.549399e-02;6.914937e-02;4.239866e-02;1.577976e-01;1.666423e-01;1.884216e-02;7.532940e-03;4.664658e-02;5.495185e-03
5.879716e-02;1.966379e-01;1.789562e-01;9.371445e-02;6.163142e-02;3.019791e-02;1.275446e-01;1.701883e-01;2.240920e-02;9.741670e-03;4.137049e-02;8.810696e-03
4.897829e-02;2.262481e-01;2.277949e-01;9.073680e-02;3.933020e-02;1.742356e-02;6.701681e-02;1.862006e-01;3.453910e-02;1.309505e-02;3.000142e-02;1.863517e-02
5.202854e-02;2.220644e-01;2.510373e-01;7.663398e-02;2.343693e-02;4.821421e-02;3.880927e-02;1.917447e-01;4.403833e-02;1.136119e-02;1.835213e-02;2.227903e-02
5.994038e-02;1.873668e-01;2.245215e-01;4.730038e-02;3.445496e-02;9.776212e-02;9.011558e-02;1.683270e-01;4.257231e-02;1.389732e-02;1.391717e-02;1.982464e-02
6.310295e-02;1.371645e-01;2.229503e-01;5.334681e-02;6.112335e-02;1.295051e-01;1.042401e-01;1.282686e-01;3.035977e-02;1.800512e-02;3.315995e-02;1.877346e-02
5.567086e-02;2.631288e-01;1.852803e-01;4.258214e-02;6.533778e-02;6.321775e-02;5.939776e-02;1.532701e-01;4.759288e-02;1.632112e-02;3.684352e-02;1.135706e-02
4.163820e-02;2.878403e-01;1.723558e-01;3.511716e-02;5.439816e-02;5.898810e-02;6.064823e-02;1.771891e-01;5.174119e-02;1.679977e-02;3.523230e-02;8.051594e-03
2.623923e-02;2.955271e-01;1.855687e-01;4.676416e-02;3.931561e-02;6.754062e-02;7.708909e-02;1.482213e-01;4.580595e-02;1.685666e-02;4.650522e-02;4.566356e-03
2.597591e-02;3.305660e-01;1.591987e-01;4.266473e-02;5.873291e-02;4.744306e-02;9.404568e-02;1.220213e-01;3.966608e-02;1.999068e-02;4.981617e-02;9.878685e-03
3.098565e-02;3.203672e-01;1.111525e-01;2.250566e-02;6.197662e-02;4.917990e-02;1.273237e-01;1.288850e-01;6.620025e-02;3.100234e-02;3.648989e-02;1.393132e-02
3.608311e-02;2.356861e-01;8.194967e-02;4.820989e-02;3.948469e-02;1.008127e-01;1.388355e-01;1.264441e-01;1.080767e-01;4.483181e-02;2.464739e-02;1.493832e-02
2.973712e-02;1.484918e-01;8.505753e-02;7.589026e-02;2.779968e-02;1.268461e-01;1.213937e-01;1.685024e-01;1.285750e-01;5.488489e-02;1.945680e-02;1.336462e-02
2.190951e-02;1.238963e-01;8.219405e-02;7.314266e-02;2.983086e-02;1.062027e-01;1.405942e-01;2.070404e-01;1.186072e-01;6.060574e-02;2.056194e-02;1.541457e-02
1.559774e-02;1.030464e-01;8.941235e-02;5.181150e-02;6.148406e-02;6.018896e-02;1.602254e-01;1.686591e-01;1.840217e-01;7.739332e-02;1.553682e-02;1.262276e-02
8.131259e-03;1.020956e-01;1.059070e-01;2.367264e-02;4.440831e-02;5.487470e-02;1.376729e-01;1.895595e-01;2.516838e-01;6.529418e-02;8.467056e-03;8.232935e-03
7.524929e-03;1.373578e-01;1.354531e-01;2.462088e-02;4.495310e-02;9.122263e-02;1.240119e-01;1.781523e-01;1.953903e-01;5.023878e-02;5.935584e-03;5.138732e-03
1.213860e-02;1.696579e-01;1.353935e-01;2.950045e-02;5.258809e-02;7.650608e-02;9.301353e-02;2.338723e-01;1.333616e-01;5.524338e-02;5.107982e-03;3.616561e-03
1.716520e-02;2.144056e-01;1.424724e-01;2.516446e-02;3.898821e-02;4.865341e-02;6.546729e-02;2.265633e-01;1.445653e-01;5.975130e-02;1.022914e-02;6.574345e-03
1.501940e-02;1.943501e-01;1.412252e-01;2.639155e-02;2.205432e-02;1.027462e-01;4.062822e-02;2.389324e-01;1.521282e-01;4.084228e-02;1.337569e-02;1.230635e-02
2.026386e-02;1.470950e-01;1.154487e-01;3.278897e-02;1.939554e-02;2.165418e-01;3.231054e-02;2.555812e-01;1.185789e-01;2.200891e-02;8.983241e-03;1.100344e-02
2.127869e-02;9.198646e-02;7.245015e-02;4.501371e-02;3.421188e-02;3.620955e-01;3.209244e-02;2.306036e-01;8.201866e-02;1.269297e-02;6.973441e-03;8.582472e-03
1.634146e-02;6.875187e-02;4.671044e-02;4.353664e-02;4.628113e-02;4.300249e-01;2.408092e-02;2.363783e-01;7.272466e-02;5.108605e-03;3.810794e-03;6.250300e-03
1.621567e-02;7.496163e-02;3.142141e-02;3.552705e-02;3.625842e-02;4.304026e-01;3.516296e-02;2.472561e-01;6.844891e-02;1.332439e-02;4.886500e-03;6.134264e-03
1.908886e-02;7.113911e-02;2.534253e-02;3.542634e-02;6.056346e-02;4.224166e-01;5.507282e-02;2.177815e-01;6.298611e-02;2.083256e-02;5.062974e-03;4.287203e-03
2.152423e-02;6.643922e-02;3.118855e-02;3.257698e-02;7.027711e-02;4.595249e-01;7.042053e-02;1.547792e-01;4.750531e-02;2.764348e-02;1.324384e-02;4.876664e-03
1.907239e-02;7.397757e-02;3.898134e-02;2.913467e-02;4.718053e-02;5.008345e-01;7.216084e-02;1.287905e-01;3.274068e-02;3.096737e-02;1.851101e-02;7.648591e-03
2.731335e-02;7.830624e-02;7.104788e-02;2.795866e-02;3.694914e-02;4.762609e-01;8.828852e-02;1.171562e-01;2.080241e-02;3.102740e-02;1.648922e-02;8.400169e-03
4.619529e-02;1.064517e-01;1.050898e-01;2.788259e-02;4.362478e-02;3.906160e-01;7.441893e-02;1.128983e-01;2.836592e-02;3.575923e-02;6.631411e-03;2.206602e-02
5.726711e-02;1.134159e-01;1.272303e-01;2.663794e-02;6.276884e-02;3.622752e-01;3.246814e-02;1.047185e-01;3.088165e-02;4.096504e-02;1.687393e-02;2.449741e-02
4.932542e-02;7.607041e-02;1.336253e-01;2.136775e-02;1.336463e-01;3.001712e-01;5.216982e-02;8.650552e-02;4.729304e-02;4.135693e-02;2.442500e-02;3.404323e-02
3.649173e-02;2.687818e-02;1.610035e-01;2.908280e-02;2.143430e-01;2.745634e-01;3.951269e-02;6.388725e-02;6.032581e-02;2.410818e-02;2.694725e-02;4.285624e-02
3.016502e-02;4.446226e-02;1.890768e-01;2.099977e-02;2.415541e-01;2.832814e-01;1.504260e-02;3.794350e-02;5.884613e-02;1.373936e-02;1.724126e-02;4.764780e-02
2.220774e-02;4.377710e-02;1.934196e-01;2.017076e-02;2.346902e-01;2.511652e-01;1.602605e-02;4.195102e-02;6.620184e-02;2.623896e-02;1.083446e-02;7.331707e-02
1.663532e-02;4.090093e-02;1.860143e-01;2.488667e-02;2.226822e-01;2.244960e-01;3.293280e-02;4.478706e-02;7.217569e-02;2.586907e-02;7.177299e-03;1.014426e-01
1.925506e-02;5.210257e-02;1.533697e-01;5.722966e-02;2.281078e-01;2.040525e-01;3.927859e-02;4.278595e-02;6.914793e-02;9.059822e-03;1.431408e-02;1.112964e-01
3.568167e-02;9.890986e-02;9.653374e-02;9.493003e-02;2.078925e-01;1.509706e-01;3.293286e-02;7.793553e-02;6.030301e-02;2.142909e-02;4.308125e-02;7.939988e-02
2.168929e-02;1.200981e-01;1.058153e-01;1.475696e-01;1.727929e-01;1.684654e-01;1.621289e-02;9.569944e-02;3.358409e-02;1.876966e-02;6.280610e-02;3.649728e-02
1.042851e-02;1.264480e-01;1.410398e-01;1.678459e-01;1.068720e-01;1.936695e-01;2.279840e-02;1.057578e-01;2.352535e-02;1.127204e-02;6.155767e-02;2.878506e-02
2.403728e-02;1.422843e-01;1.784204e-01;1.574030e-01;7.356509e-02;1.248549e-01;3.373675e-02;1.244198e-01;3.720712e-02;2.912919e-02;4.109156e-02;3.385068e-02
2.043204e-02;1.254162e-01;1.878039e-01;1.182573e-01;8.086958e-02;1.846280e-01;4.920080e-02;1.140205e-01;4.587307e-02;3.815906e-02;2.079588e-02;1.454359e-02
2.053282e-02;8.578001e-02;1.744002e-01;9.488173e-02;1.386016e-01;2.110186e-01;4.684049e-02;7.382628e-02;4.753304e-02;5.375344e-02;3.550891e-02;1.732281e-02
1.401890e-02;1.136181e-01;1.478643e-01;6.711726e-02;1.691461e-01;2.305851e-01;6.626773e-02;6.213068e-02;3.445616e-02;5.631598e-02;2.504953e-02;1.343024e-02
1.325738e-02;1.376910e-01;1.559638e-01;4.988397e-02;1.468795e-01;2.489316e-01;6.278148e-02;6.817194e-02;3.734816e-02;4.620617e-02;1.637339e-02;1.651157e-02
2.039423e-02;1.395816e-01;1.601288e-01;2.954533e-02;1.232263e-01;2.745605e-01;4.448961e-02;8.005650e-02;5.981210e-02;3.473950e-02;1.477816e-02;1.868736e-02
2.498409e-02;1.223670e-01;9.871193e-02;2.925084e-02;8.667871e-02;2.833523e-01;6.857158e-02;1.243331e-01;8.392354e-02;3.184957e-02;1.980566e-02;2.617167e-02
5.656004e-02;1.065602e-01;7.926132e-02;2.823127e-02;4.331521e-02;3.200993e-01;7.188927e-02;1.174367e-01;7.497361e-02;2.359225e-02;2.008689e-02;5.799396e-02
1.072772e-01;4.046208e-02;8.271136e-02;3.901978e-02;5.064651e-02;3.430562e-01;6.346148e-02;8.970369e-02;4.028542e-02;5.366736e-02;2.569083e-02;6.401810e-02
9.576084e-02;1.350801e-01;9.446586e-02;5.683401e-02;5.024606e-02;2.291187e-01;6.717320e-02;9.524561e-02;1.752142e-02;5.096244e-02;3.607718e-02;7.151467e-02
4.948276e-02;2.309130e-01;9.864034e-02;4.451983e-02;4.225168e-02;1.623946e-01;1.221575e-01;1.020170e-01;2.344634e-02;3.444584e-02;3.270815e-02;5.702296e-02
2.323120e-02;2.531706e-01;8.584205e-02;3.862255e-02;3.845920e-02;1.571844e-01;1.774578e-01;1.089868e-01;3.534817e-02;2.134691e-02;3.055365e-02;2.979671e-02
1.476091e-02;2.153992e-01;8.616087e-02;4.404764e-02;8.147033e-02;1.519660e-01;1.882177e-01;1.137274e-01;3.797052e-02;1.781793e-02;3.295029e-02;1.551118e-02
1.697453e-02;1.703382e-01;9.158108e-02;3.889110e-02;1.643439e-01;1.264348e-01;1.561961e-01;1.327916e-01;3.728202e-02;2.044300e-02;3.758634e-02;7.137380e-03
1.966975e-02;1.310711e-01;1.214576e-01;8.760449e-02;1.875220e-01;8.327960e-02;9.267956e-02;1.824875e-01;4.443606e-02;1.598576e-02;2.956530e-02;4.241272e-03
