4.875735e-02;1.234361e-01;1.973997e-01;9.718046e-02;5.122599e-02;1.475988e-01;7.320637e-02;1.084055e-01;4.980460e-02;4.685472e-02;3.800545e-02;1.812504e-02
4.761667e-02;8.564145e-02;1.538724e-01;5.562625e-02;6.176847e-02;1.439534e-01;1.051408e-01;1.330270e-01;6.878020e-02;5.658935e-02;5.664749e-02;3.133652e-02
4.873779e-02;7.226299e-02;1.129222e-01;7.449908e-02;6.665911e-02;1.793114e-01;8.174640e-02;1.427320e-01;6.856029e-02;6.914003e-02;4.105197e-02;4.237668e-02
5.500228e-02;5.501721e-02;9.769943e-02;6.890079e-02;8.571240e-02;2.365178e-01;6.581917e-02;1.039931e-01;6.287262e-02;7.457539e-02;2.538898e-02;6.850083e-02
4.603915e-02;5.208383e-02;1.017188e-01;4.775879e-02;1.107707e-01;2.132092e-01;1.151464e-01;6.215682e-02;8.521904e-02;5.341617e-02;2.887184e-02;8.360934e-02
3.647964e-02;4.634385e-02;9.680823e-02;5.504296e-02;1.367909e-01;1.651606e-01;1.366608e-01;8.138389e-02;1.037830e-01;2.297240e-02;2.835111e-02;9.022257e-02
4.967174e-02;7.314407e-02;9.802379e-02;7.487340e-02;1.172211e-01;1.516427e-01;1.072216e-01;8.121087e-02;1.068294e-01;3.944235e-02;3.623280e-02;6.448621e-02
6.682253e-02;1.088447e-01;9.190041e-02;7.822376e-02;5.790647e-02;1.368539e-01;5.279097e-02;1.008827e-01;9.977899e-02;8.449640e-02;7.907356e-02;4.242553e-02
5.285442e-02;8.823623e-02;1.174305e-01;5.864480e-02;4.813637e-02;9.608947e-02;1.118790e-01;7.932014e-02;8.737378e-02;1.088000e-01;9.536978e-02;5.586537e-02
3.076889e-02;5.628287e-02;1.140666e-01;4.554652e-02;4.043410e-02;9.519314e-02;1.372846e-01;1.222317e-01;7.720061e-02;1.316391e-01;8.974645e-02;5.960538e-02
4.335246e-02;7.075638e-02;5.120667e-02;6.127461e-02;6.353778e-02;1.184680e-01;6.461505e-02;1.115357e-01;1.399779e-01;1.526980e-01;6.025251e-02;6.232480e-02
3.808386e-02;6.422762e-02;8.957688e-02;6.019254e-02;6.699783e-02;9.426831e-02;9.601195e-02;9.185594e-02;1.372277e-01;1.529846e-01;5.787043e-02;5.070226e-02
3.062936e-02;6.747860e-02;8.592176e-02;3.880500e-02;6.287643e-02;1.243568e-01;7.340357e-02;1.090818e-01;1.196216e-01;1.790268e-01;4.679598e-02;6.200233e-02
3.145074e-02;4.148474e-02;5.298589e-02;2.927973e-02;8.411133e-02;1.622999e-01;5.660370e-02;1.143766e-01;1.063586e-01;1.865704e-01;4.163704e-02;9.284136e-02
1.262037e-02;4.151592e-02;5.900770e-02;3.748158e-02;1.062408e-01;1.890142e-01;3.520137e-02;1.412163e-01;7.171926e-02;1.687219e-01;1.841297e-02;1.188476e-01
3.409753e-02;3.434066e-02;4.956482e-02;3.900198e-02;7.318457e-02;1.550271e-01;9.343503e-02;1.400852e-01;8.961693e-02;1.558260e-01;1.919401e-02;1.166261e-01
1.141681e-01;7.609942e-02;4.710212e-02;3.176234e-02;4.888688e-02;8.746472e-02;9.643617e-02;6.893538e-02;6.501532e-02;1.235624e-01;6.288166e-02;1.776855e-01
1.232845e-01;7.730711e-02;4.849580e-02;3.980286e-02;7.128403e-02;6.542487e-02;1.049635e-01;7.628121e-02;7.318663e-02;5.210194e-02;6.119947e-02;2.066681e-01
8.970741e-02;5.104980e-02;5.810843e-02;4.809299e-02;8.533440e-02;9.087649e-02;1.086304e-01;7.633742e-02;8.518846e-02;2.975634e-02;6.947468e-02;2.074431e-01
9.200241e-02;5.320836e-02;5.420599e-02;6.823220e-02;8.811893e-02;1.420221e-01;1.025782e-01;6.535040e-02;6.272172e-02;6.095449e-02;8.374635e-02;1.268589e-01
1.145279e-01;3.996165e-02;5.756490e-02;7.262028e-02;9.844817e-02;1.555915e-01;8.428956e-02;7.602277e-02;5.959403e-02;8.801293e-02;6.021003e-02;9.315627e-02
7.980154e-02;7.437681e-02;8.780682e-02;6.142079e-02;7.427698e-02;1.528446e-01;1.201140e-01;7.815860e-02;5.438856e-02;1.035813e-01;5.406710e-02;5.916291e-02
8.763797e-02;7.704111e-02;7.703882e-02;5.919637e-02;4.931704e-02;1.676116e-01;1.291645e-01;9.718671e-02;4.035500e-02;1.225403e-01;6.403143e-02;2.887905e-02
9.154909e-02;6.731667e-02;4.842736e-02;5.716568e-02;3.641479e-02;2.189914e-01;1.068599e-01;9.577970e-02;3.697601e-02;1.427941e-01;6.420147e-02;3.352396e-02
8.291345e-02;6.047636e-02;3.795993e-02;4.438546e-02;2.845182e-02;2.923176e-01;7.061223e-02;7.677869e-02;5.691224e-02;1.613503e-01;5.185064e-02;3.599130e-02
4.453907e-02;5.007618e-02;4.754343e-02;2.314327e-02;4.900383e-02;3.546069e-01;3.513214e-02;6.567672e-02;8.805830e-02;1.705551e-01;4.532369e-02;2.634143e-02
3.780268e-02;5.135779e-02;5.690897e-02;2.317555e-02;6.487149e-02;3.600873e-01;2.296938e-02;7.698910e-02;8.816468e-02;1.591948e-01;4.033506e-02;1.814324e-02
5.393842e-02;5.280986e-02;5.632982e-02;2.116410e-02;8.022945e-02;3.648050e-01;1.586801e-02;7.348897e-02;8.899590e-02;1.292373e-01;4.097259e-02;2.216049e-02
6.560975e-02;4.437553e-02;4.046427e-02;2.850902e-02;1.012339e-01;3.951545e-01;2.773974e-02;8.079067e-02;6.464687e-02;9.856457e-02;3.408060e-02;1.883057e-02
7.133667e-02;3.686162e-02;2.966088e-02;4.873117e-02;1.106222e-01;4.230300e-01;2.801924e-02;9.218720e-02;4.012812e-02;6.836767e-02;2.700197e-02;2.405315e-02
5.573830e-02;3.972863e-02;5.122605e-02;6.145297e-02;1.047700e-01;3.971133e-01;2.311656e-02;1.079998e-01;3.047847e-02;5.609037e-02;3.238256e-02;3.990299e-02
3.320071e-02;3.306632e-02;1.006075e-01;5.881803e-02;1.030423e-01;3.099988e-01;6.093556e-02;1.183411e-01;5.882619e-02;4.277728e-02;3.443160e-02;4.595459e-02
2.416182e-02;3.067577e-02;8.420635e-02;4.568950e-02;1.240821e-01;2.477792e-01;9.617186e-02;1.141081e-01;9.466686e-02;7.672714e-02;2.211910e-02;3.961225e-02
2.645187e-02;2.432779e-02;4.995837e-02;2.786749e-02;9.715503e-02;2.694710e-01;8.389137e-02;1.051842e-01;1.273861e-01;1.390388e-01;1.807533e-02;3.119262e-02
2.111567e-02;2.564594e-02;3.320011e-02;1.986472e-02;9.291071e-02;3.040010e-01;7.966002e-02;9.111936e-02;1.132524e-01;1.703721e-01;2.215314e-02;2.670476e-02
2.049491e-02;2.881388e-02;4.566357e-02;1.784630e-02;6.702269e-02;3.313348e-01;6.730740e-02;9.012530e-02;9.064522e-02;1.907696e-01;1.812039e-02;3.185587e-02
2.589578e-02;3.988391e-02;5.567816e-02;2.605113e-02;4.553916e-02;3.793817e-01;3.956011e-02;9.751934e-02;8.818640e-02;1.361938e-01;2.300839e-02;4.310202e-02
2.572358e-02;6.768932e-02;6.374424e-02;5.411229e-02;8.494098e-02;3.200715e-01;3.329611e-02;1.382222e-01;9.572641e-02;5.141483e-02;1.863936e-02;4.641911e-02
4.569604e-02;9.219768e-02;7.689990e-02;7.138450e-02;1.383819e-01;1.892777e-01;6.043100e-02;1.034475e-01;7.341772e-02;6.141768e-02;2.679774e-02;6.065062e-02
5.630967e-02;1.065064e-01;7.255816e-02;6.877690e-02;1.520077e-01;1.544017e-01;5.828790e-02;7.686313e-02;4.593664e-02;1.074559e-01;3.400204e-02;6.689378e-02
5.453945e-02;1.001344e-01;5.131663e-02;7.509014e-02;1.739825e-01;1.479361e-01;5.629310e-02;7.905135e-02;5.951580e-02;1.066957e-01;3.783973e-02;5.760516e-02
4.653419e-02;9.833505e-02;3.810034e-02;1.255347e-01;2.120792e-01;1.323841e-01;4.083027e-02;1.174849e-01;3.598789e-02;8.746389e-02;2.785670e-02;3.740893e-02
3.959626e-02;8.599141e-02;4.743204e-02;1.526309e-01;1.674418e-01;1.311967e-01;3.630762e-02;1.712206e-01;2.640595e-02;5.352180e-02;6.725415e-02;2.100070e-02
3.104987e-02;6.228977e-02;6.832524e-02;1.570478e-01;1.133949e-01;1.182062e-01;6.267511e-02;1.947118e-01;4.040406e-02;3.516327e-02;9.908016e-02;1.765186e-02
2.978094e-02;3.750326e-02;1.013689e-01;1.406535e-01;7.515469e-02;1.010552e-01;1.082269e-01;1.849676e-01;5.269811e-02;4.264866e-02;9.321784e-02;3.272441e-02
3.739218e-02;5.113910e-02;1.462929e-01;9.468020e-02;5.807701e-02;9.929616e-02;1.629078e-01;1.343338e-01;7.222773e-02;5.493101e-02;5.328404e-02;3.543815e-02
3.118350e-02;6.781589e-02;1.669562e-01;5.351451e-02;5.996816e-02;1.096556e-01;1.502573e-01;1.529809e-01;7.227233e-02;8.542291e-02;2.674217e-02;2.323048e-02
2.517929e-02;5.251570e-02;1.253443e-01;8.048921e-02;1.189842e-01;1.825522e-01;5.113487e-02;1.383571e-01;5.017091e-02;1.150590e-01;3.122313e-02;2.899009e-02
2.446071e-02;4.415375e-02;7.381011e-02;1.200055e-01;1.279636e-01;2.181014e-01;3.632200e-02;1.132159e-01;5.234845e-02;9.994384e-02;4.313359e-02;4.654115e-02
4.118142e-02;4.904598e-02;4.827686e-02;1.053142e-01;1.722898e-01;2.022516e-01;5.470255e-02;9.710328e-02;8.722339e-02;5.302076e-02;4.643816e-02;4.315206e-02
5.242366e-02;5.293826e-02;4.064561e-02;3.882347e-02;1.974418e-01;1.493320e-01;5.916205e-02;1.450455e-01;8.894140e-02;8.378433e-02;5.451773e-02;3.694415e-02
3.793755e-02;4.901237e-02;6.103255e-02;7.621109e-02;1.469844e-01;1.653099e-01;5.905831e-02;1.596311e-01;6.727075e-02;9.544436e-02;6.020797e-02;2.189956e-02
2.891773e-02;4.567488e-02;5.617162e-02;7.870676e-02;6.865592e-02;2.193360e-01;8.898887e-02;1.486113e-01;6.834005e-02;1.227775e-01;4.341736e-02;3.040197e-02
3.345151e-02;3.429469e-02;5.042624e-02;7.468718e-02;5.230641e-02;2.437847e-01;7.880596e-02;1.290249e-01;6.821942e-02;1.419140e-01;4.526433e-02;4.782064e-02
3.450840e-02;3.813357e-02;6.344765e-02;4.159426e-02;5.759694e-02;2.611489e-01;9.857816e-02;1.198983e-01;7.487044e-02;1.122308e-01;6.321163e-02;3.478096e-02
2.579626e-02;4.241073e-02;6.421122e-02;5.524911e-02;7.222290e-02;2.715349e-01;1.309390e-01;1.144954e-01;9.359945e-02;5.778672e-02;5.494592e-02;1.680846e-02
1.795348e-02;4.545359e-02;5.241295e-02;1.068688e-01;1.576474e-01;2.035844e-01;9.452245e-02;9.760206e-02;7.334857e-02;9.950126e-02;4.260065e-02;8.504435e-03
2.270835e-02;3.648144e-02;5.843280e-02;1.594182e-01;2.195156e-01;1.491125e-01;7.608511e-02;6.178959e-02;6.050953e-02;1.144218e-01;3.535217e-02;6.172976e-03
3.331470e-02;4.001395e-02;4.903868e-02;1.765417e-01;2.060971e-01;1.223003e-01;6.393621e-02;9.663583e-02;6.315678e-02;8.794294e-02;3.963472e-02;2.138716e-02
6.837495e-02;3.914936e-02;2.818997e-02;1.722111e-01;1.910030e-01;1.280130e-01;5.986400e-02;8.617343e-02;6.281096e-02;6.281821e-02;5.358643e-02;4.780555e-02
5.000390e-02;4.678824e-02;3.422976e-02;1.387610e-01;1.648262e-01;1.922255e-01;5.199747e-02;6.755518e-02;7.300312e-02;7.956092e-02;5.253138e-02;4.851727e-02
2.566892e-02;5.449220e-02;5.020118e-02;8.061058e-02;1.329700e-01;2.057912e-01;7.545981e-02;8.836068e-02;8.724929e-02;9.852605e-02;4.779498e-02;5.287512e-02
6.628621e-02;7.474582e-02;7.516538e-02;6.209091e-02;1.113378e-01;1.573046e-01;9.749060e-02;1.115128e-01;6.883109e-02;1.056824e-01;3.170897e-02;3.784338e-02
1.044045e-01;1.203721e-01;6.283771e-02;9.643988e-02;6.377970e-02;1.603646e-01;8.909661e-02;9.769451e-02;4.215923e-02;9.987220e-02;4.009021e-02;2.288879e-02
1.115307e-01;1.471714e-01;5.072426e-02;1.357096e-01;4.397756e-02;2.086206e-01;7.755673e-02;6.417502e-02;2.147810e-02;9.571346e-02;3.286176e-02;1.048086e-02
9.984245e-02;1.848267e-01;5.106281e-02;1.504968e-01;3.880360e-02;1.926433e-01;1.032546e-01;4.448015e-02;1.341093e-02;8.624944e-02;1.924454e-02;1.568468e-02
6.953619e-02;1.934884e-01;5.930838e-02;1.180266e-01;7.397993e-02;1.606679e-01;1.653663e-01;4.567870e-02;1.460599e-02;6.596629e-02;9.438396e-03;2.393680e-02
3.572744e-02;1.522478e-01;5.780637e-02;1.035178e-01;9.436637e-02;1.672166e-01;2.405017e-01;3.956385e-02;1.090037e-02;5.064225e-02;9.403519e-03;3.810592e-02
3.215598e-02;9.487754e-02;5.533405e-02;1.056770e-01;5.751980e-02;1.861847e-01;2.916009e-01;3.618621e-02;2.603589e-02;4.325520e-02;1.486928e-02;5.630354e-02
3.574693e-02;9.086394e-02;6.028922e-02;8.918443e-02;2.300290e-02;2.178371e-01;2.463496e-01;3.883827e-02;6.417257e-02;4.181794e-02;2.251872e-02;6.937838e-02
5.529855e-02;1.096832e-01;7.592216e-02;7.705054e-02;1.551457e-02;2.411612e-01;1.419038e-01;4.702277e-02;8.035792e-02;5.381920e-02;3.061877e-02;7.164723e-02
6.859558e-02;1.271561e-01;8.521259e-02;7.390784e-02;1.282927e-02;2.300709e-01;1.011084e-01;6.017099e-02;6.417852e-02;6.233256e-02;4.954061e-02;6.489665e-02
7.181954e-02;1.464859e-01;1.064430e-01;7.361469e-02;3.391555e-02;2.242714e-01;6.007503e-02;6.906028e-02;4.188801e-02;6.257419e-02;5.343716e-02;5.641535e-02
6.523862e-02;1.852197e-01;1.035916e-01;6.786481e-02;4.679595e-02;2.254896e-01;2.745511e-02;7.603548e-02;3.139333e-02;7.645123e-02;4.807204e-02;4.639251e-02
4.821020e-02;2.266646e-01;8.935165e-02;5.862589e-02;3.111056e-02;2.150149e-01;3.996136e-02;7.671827e-02;6.201684e-02;9.235027e-02;3.189177e-02;2.808363e-02
2.458853e-02;1.751935e-01;4.671319e-02;7.138220e-02;2.993829e-02;2.518154e-01;9.187935e-02;1.338258e-01;4.636175e-02;7.974380e-02;1.927746e-02;2.928071e-02
3.183603e-02;1.561753e-01;2.837071e-02;6.655616e-02;4.472350e-02;3.023054e-01;1.100828e-01;1.191998e-01;4.609709e-02;4.947474e-02;9.755766e-03;3.542261e-02
4.284814e-02;1.525802e-01;4.672441e-02;8.647063e-02;5.069884e-02;2.879968e-01;9.394760e-02;1.156352e-01;4.624855e-02;3.781564e-02;1.413574e-02;2.489818e-02
4.204240e-02;1.344337e-01;4.161292e-02;8.226983e-02;5.278844e-02;2.422967e-01;1.498671e-01;1.366718e-01;5.048157e-02;3.788339e-02;1.288532e-02;1.676690e-02
2.567797e-02;1.338786e-01;4.359889e-02;7.713781e-02;5.503013e-02;2.320088e-01;1.867501e-01;1.263247e-01;4.358017e-02;4.277241e-02;1.385866e-02;1.938179e-02
1.966278e-02;1.144784e-01;5.283707e-02;8.347665e-02;5.910548e-02;2.071617e-01;2.261457e-01;8.946770e-02;5.174170e-02;5.260214e-02;2.270114e-02;2.061952e-02
2.501980e-02;8.582380e-02;7.641444e-02;9.103710e-02;5.294425e-02;2.011078e-01;2.273574e-01;8.639476e-02;4.695876e-02;7.367726e-02;1.784749e-02;1.541707e-02
1.456835e-02;1.098561e-01;6.070216e-02;8.190218e-02;3.280385e-02;2.253215e-01;2.081143e-01;1.307665e-01;4.427495e-02;7.272819e-02;7.824588e-03;1.113732e-02
2.153960e-02;1.253289e-01;5.680811e-02;6.364931e-02;5.781542e-02;2.776269e-01;1.474878e-01;1.025389e-01;5.342623e-02;6.551723e-02;1.349922e-02;1.476245e-02
2.238898e-02;1.005571e-01;6.458798e-02;4.934733e-02;9.632481e-02;2.709657e-01;1.004575e-01;1.040633e-01;7.805159e-02;8.638326e-02;1.523894e-02;1.163365e-02
3.025707e-02;9.048023e-02;6.984336e-02;6.715926e-02;1.031818e-01;2.170888e-01;1.286605e-01;1.201187e-01;5.998987e-02;8.361059e-02;1.552973e-02;1.408011e-02
3.628999e-02;1.561984e-01;7.449654e-02;7.150298e-02;1.084785e-01;2.297648e-01;8.802284e-02;8.863639e-02;3.705953e-02;6.497115e-02;2.315912e-02;2.141975e-02
4.628813e-02;1.976396e-01;1.157801e-01;6.029211e-02;8.227256e-02;2.169180e-01;6.983063e-02;6.343130e-02;2.938388e-02;6.724925e-02;2.848495e-02;2.242948e-02
5.027138e-02;2.004678e-01;8.806592e-02;3.556680e-02;6.576855e-02;2.332021e-01;6.936355e-02;8.702786e-02;3.661070e-02;8.604530e-02;2.908102e-02;1.852898e-02
4.148802e-02;1.476648e-01;6.866597e-02;4.863497e-02;4.785641e-02;2.739869e-01;8.175237e-02;9.680570e-02;5.011073e-02;8.705965e-02;4.359308e-02;1.238140e-02
3.880943e-02;8.232906e-02;4.111727e-02;8.324780e-02;5.615742e-02;3.184119e-01;1.308312e-01;8.690924e-02;4.538697e-02;8.038088e-02;2.304877e-02;1.336996e-02
3.658249e-02;6.189885e-02;3.388554e-02;8.984298e-02;7.301029e-02;2.974374e-01;1.641642e-01;8.939773e-02;3.511104e-02;8.879866e-02;1.523227e-02;1.463862e-02
2.934536e-02;7.091574e-02;5.761739e-02;9.471803e-02;8.421385e-02;2.734157e-01;1.677349e-01;7.021287e-02;3.629912e-02;8.211743e-02;1.220781e-02;2.120170e-02
2.565694e-02;6.341412e-02;8.236800e-02;8.351018e-02;6.259295e-02;2.298030e-01;1.657668e-01;9.945218e-02;6.578432e-02;6.922023e-02;2.877013e-02;2.366118e-02
3.197205e-02;7.206907e-02;9.060656e-02;7.640865e-02;5.712083e-02;1.703134e-01;1.440621e-01;1.367453e-01;9.564387e-02;6.949385e-02;3.241307e-02;2.315133e-02
3.811560e-02;8.930780e-02;8.917817e-02;7.372884e-02;6.545884e-02;1.572585e-01;8.771000e-02;1.444069e-01;1.221703e-01;7.523384e-02;3.341647e-02;2.401472e-02
3.490322e-02;1.205046e-01;1.309289e-01;7.596014e-02;2.884105e-02;1.660860e-01;8.094986e-02;1.406853e-01;9.918096e-02;5.107156e-02;2.766493e-02;4.322352e-02
4.039963e-02;1.873425e-01;1.535822e-01;7.791853e-02;2.401643e-02;1.760111e-01;5.458988e-02;1.295585e-01;4.099946e-02;3.789941e-02;1.906253e-02;5.861978e-02
4.667329e-02;2.188388e-01;1.531447e-01;1.055992e-01;2.998310e-02;1.692025e-01;3.715051e-02;9.641063e-02;1.975851e-02;3.807176e-02;1.840806e-02;6.675893e-02
1.110230e-01;2.046068e-01;1.122777e-01;1.281291e-01;3.632017e-02;1.721252e-01;2.306199e-02;6.722327e-02;1.398683e-02;4.869944e-02;2.113128e-02;6.141518e-02
1.807467e-01;2.009982e-01;5.849365e-02;1.046672e-01;4.174539e-02;1.802419e-01;2.047920e-02;5.987623e-02;1.506205e-02;5.999186e-02;2.995748e-02;4.774021e-02
1.949536e-01;2.184262e-01;5.926906e-02;5.244199e-02;4.395403e-02;1.785693e-01;2.264457e-02;6.685111e-02;2.066410e-02;5.827774e-02;5.184260e-02;3.210564e-02
1.419560e-01;2.466277e-01;7.870852e-02;3.185460e-02;4.309641e-02;1.646892e-01;3.093999e-02;7.465460e-02;2.977793e-02;4.954773e-02;6.589786e-02;4.224945e-02
6.203250e-02;2.624949e-01;1.126264e-01;7.079431e-02;2.819165e-02;1.621514e-01;3.522306e-02;1.088640e-01;3.207665e-02;4.174406e-02;4.364321e-02;4.015783e-02
4.399576e-02;2.130972e-01;1.013980e-01;9.634864e-02;4.605575e-02;2.026912e-01;3.983011e-02;1.317027e-01;4.406976e-02;3.345310e-02;1.135189e-02;3.600592e-02
5.809882e-02;1.791553e-01;1.358431e-01;1.078034e-01;3.787449e-02;2.226172e-01;5.343090e-02;9.080763e-02;3.226768e-02;3.571297e-02;1.239487e-02;3.399365e-02
9.152984e-02;1.997170e-01;1.165567e-01;7.332138e-02;2.832256e-02;2.371586e-01;4.776336e-02;1.193122e-01;1.493749e-02;3.545332e-02;1.345115e-02;2.247636e-02
9.755716e-02;2.137912e-01;9.196610e-02;5.032466e-02;2.435745e-02;2.509881e-01;2.731861e-02;1.533880e-01;3.128508e-02;3.091063e-02;1.787362e-02;1.023938e-02
6.592767e-02;2.132843e-01;7.015938e-02;7.661844e-02;2.297729e-02;2.809735e-01;2.479967e-02;1.396692e-01;3.555750e-02;3.816550e-02;1.589467e-02;1.597288e-02
7.589062e-02;1.894135e-01;5.960349e-02;8.006339e-02;3.263438e-02;2.503697e-01;3.722597e-02;1.271927e-01;3.803417e-02;7.352837e-02;2.009688e-02;1.594679e-02
8.728432e-02;1.843345e-01;7.185633e-02;6.791326e-02;3.805033e-02;1.558830e-01;5.387325e-02;1.164385e-01;2.984246e-02;1.210148e-01;4.115355e-02;3.235571e-02
6.682555e-02;1.173013e-01;5.321020e-02;5.261759e-02;3.058382e-02;1.575380e-01;8.433680e-02;8.362954e-02;4.899145e-02;1.752486e-01;6.963337e-02;6.008378e-02
7.391523e-02;6.666511e-02;5.427860e-02;4.032549e-02;3.695136e-02;1.545225e-01;1.068101e-01;4.859293e-02;7.817989e-02;1.957959e-01;7.621417e-02;6.774872e-02
7.968959e-02;6.386396e-02;6.622501e-02;3.513518e-02;4.074742e-02;1.556730e-01;1.186505e-01;6.058904e-02;8.056999e-02;1.967137e-01;3.635900e-02;6.578374e-02
8.732490e-02;9.991587e-02;6.759043e-02;5.361027e-02;3.327572e-02;1.402695e-01;4.827822e-02;1.619654e-01;6.279991e-02;1.159711e-01;5.675968e-02;7.223898e-02
1.104623e-01;1.420725e-01;1.197516e-01;7.683104e-02;3.021565e-02;1.047112e-01;5.150096e-02;1.674754e-01;5.508338e-02;1.139140e-02;8.196785e-02;4.853672e-02
1.153195e-01;1.589338e-01;1.219778e-01;7.362901e-02;2.592206e-02;7.912197e-02;7.472512e-02;1.695609e-01;5.808826e-02;2.753968e-02;7.799017e-02;1.719183e-02
6.734669e-02;7.985595e-02;9.502559e-02;5.207722e-02;4.006811e-02;1.435359e-01;1.068337e-01;1.891377e-01;8.718457e-02;5.080675e-02;6.292550e-02;2.520234e-02
4.837412e-02;7.562829e-02;7.381818e-02;4.016632e-02;2.495238e-02;2.648364e-01;1.216574e-01;1.644988e-01;7.618301e-02;5.710046e-02;3.346162e-02;1.932310e-02
5.848980e-02;6.443651e-02;6.462836e-02;5.488237e-02;6.862946e-02;3.747558e-01;8.326436e-02;8.895532e-02;5.527038e-02;7.068971e-02;8.115138e-03;7.882853e-03
5.120924e-02;8.544460e-02;7.631120e-02;7.664984e-02;7.352987e-02;2.937175e-01;9.329524e-02;1.168326e-01;4.991479e-02;5.590797e-02;1.850776e-02;8.679388e-03
5.296689e-02;1.118525e-01;6.968782e-02;1.041394e-01;6.232664e-02;2.056225e-01;1.040068e-01;1.476043e-01;4.350325e-02;6.047876e-02;2.665783e-02;1.115328e-02
5.390451e-02;1.137380e-01;4.392244e-02;9.337892e-02;8.761098e-02;2.016885e-01;7.136410e-02;1.598172e-01;5.915164e-02;8.258072e-02;1.965405e-02;1.318892e-02
6.134282e-02;1.103474e-01;4.504924e-02;4.936833e-02;9.052977e-02;2.298114e-01;7.166182e-02;1.557172e-01;5.994475e-02;8.829940e-02;1.394210e-02;2.398565e-02
5.214418e-02;1.121840e-01;7.034165e-02;3.164352e-02;6.239037e-02;2.569994e-01;8.415177e-02;1.497970e-01;6.272107e-02;7.516038e-02;9.889419e-03;3.257718e-02
2.716231e-02;1.052461e-01;1.129567e-01;5.018923e-02;4.804673e-02;2.662249e-01;2.876970e-02;1.637111e-01;9.487396e-02;4.862884e-02;1.881860e-02;3.537197e-02
2.540483e-02;9.496252e-02;9.693914e-02;5.023622e-02;6.800003e-02;1.931093e-01;4.822073e-02;1.945369e-01;1.296333e-01;4.142461e-02;2.878412e-02;2.874841e-02
2.708841e-02;9.035630e-02;8.210551e-02;3.777206e-02;9.568220e-02;2.256624e-01;3.918976e-02;1.880429e-01;1.197712e-01;5.253663e-02;2.297155e-02;1.882108e-02
2.084920e-02;8.320696e-02;8.109405e-02;4.347153e-02;1.052457e-01;3.088457e-01;3.858898e-02;1.661860e-01;1.024036e-01;2.903858e-02;8.481338e-03;1.258829e-02
2.416067e-02;1.070213e-01;1.091262e-01;6.554640e-02;8.472779e-02;2.693830e-01;4.169831e-02;1.709667e-01;8.109991e-02;2.984423e-02;6.432010e-03;9.993581e-03
2.205061e-02;1.360996e-01;1.895343e-01;8.200163e-02;4.837590e-02;1.886265e-01;4.996923e-02;1.772685e-01;6.083280e-02;2.668219e-02;6.793591e-03;1.176514e-02
1.434038e-02;1.366190e-01;1.833326e-01;6.496276e-02;5.462748e-02;2.175768e-01;2.922491e-02;1.941723e-01;6.637471e-02;1.938789e-02;5.946211e-03;1.343505e-02
1.430450e-02;1.256345e-01;1.187797e-01;4.313789e-02;5.126049e-02;2.765504e-01;3.763841e-02;2.172932e-01;7.244700e-02;2.835723e-02;4.730965e-03;9.865672e-03
1.721079e-02;1.115013e-01;6.721319e-02;4.134998e-02;3.541194e-02;3.013841e-01;6.141756e-02;2.394567e-01;7.091425e-02;4.060604e-02;5.781147e-03;7.753026e-03
1.435615e-02;8.412708e-02;5.384247e-02;3.253710e-02;2.933812e-02;3.273197e-01;9.121312e-02;2.430303e-01;7.094533e-02;3.988316e-02;7.319985e-03;6.087504e-03
2.195565e-02;9.057035e-02;4.273948e-02;3.092927e-02;4.508273e-02;2.878429e-01;6.059441e-02;2.762988e-01;8.447606e-02;3.617165e-02;1.269227e-02;1.064641e-02
2.319790e-02;1.111795e-01;4.842740e-02;3.515471e-02;6.147620e-02;2.603831e-01;2.140555e-02;2.971396e-01;8.097130e-02;3.664774e-02;1.345142e-02;1.056560e-02
2.446125e-02;1.011551e-01;6.310759e-02;3.217907e-02;5.496278e-02;3.433285e-01;5.219962e-02;2.237109e-01;5.215007e-02;3.153316e-02;9.856963e-03;1.135501e-02
2.119448e-02;7.224575e-02;7.230635e-02;3.114286e-02;2.372656e-02;4.570070e-01;4.574214e-02;1.840930e-01;4.605067e-02;2.210612e-02;1.204852e-02;1.233662e-02
2.355176e-02;4.738571e-02;5.405522e-02;3.379656e-02;4.204322e-02;4.808925e-01;1.754963e-02;1.940234e-01;5.513341e-02;2.521902e-02;1.486167e-02;1.148782e-02
3.494480e-02;8.022479e-02;7.903575e-02;3.032061e-02;4.780563e-02;3.828474e-01;2.716645e-02;1.919691e-01;5.432295e-02;4.008258e-02;1.259460e-02;1.868542e-02
3.711318e-02;8.503068e-02;9.584434e-02;1.918208e-02;2.183541e-02;3.745818e-01;2.361686e-02;2.319501e-01;4.557984e-02;2.959242e-02;1.025778e-02;2.541547e-02
3.111054e-02;7.803683e-02;5.479706e-02;1.578279e-02;2.160998e-02;4.651394e-01;2.325699e-02;2.104865e-01;5.030509e-02;1.333172e-02;1.477768e-02;2.136553e-02
2.787810e-02;9.707659e-02;9.090135e-02;2.430630e-02;2.675094e-02;3.648471e-01;2.413920e-02;2.408107e-01;5.888618e-02;1.161463e-02;1.551985e-02;1.726910e-02
2.619579e-02;9.254640e-02;9.485100e-02;4.065602e-02;3.578447e-02;2.319998e-01;4.260820e-02;3.091823e-01;6.791439e-02;2.661930e-02;1.433272e-02;1.730966e-02
2.266625e-02;7.670505e-02;7.937321e-02;2.353492e-02;2.595401e-02;3.322203e-01;3.187344e-02;2.726871e-01;8.193482e-02;2.681307e-02;1.167774e-02;1.456014e-02
2.411947e-02;6.319927e-02;4.733385e-02;2.242031e-02;3.351463e-02;2.686731e-01;4.087460e-02;3.581910e-01;9.549849e-02;2.369845e-02;6.677089e-03;1.579972e-02
3.024633e-02;7.300494e-02;7.857578e-02;4.364832e-02;5.282669e-02;2.737951e-01;5.624803e-02;2.560850e-01;8.357798e-02;1.975394e-02;1.530749e-02;1.693037e-02
2.464905e-02;9.551660e-02;8.651301e-02;6.705357e-02;6.495578e-02;2.295199e-01;7.935906e-02;2.034005e-01;7.826135e-02;4.652944e-02;1.440786e-02;9.833943e-03
2.877389e-02;1.153242e-01;1.315443e-01;8.482508e-02;8.266828e-02;2.227409e-01;2.571776e-02;1.598479e-01;5.024670e-02;6.536549e-02;1.970733e-02;1.323826e-02
4.521726e-02;1.387499e-01;1.326501e-01;1.122111e-01;6.240982e-02;2.128929e-01;5.107331e-02;1.107836e-01;3.241323e-02;4.869179e-02;2.765794e-02;2.524900e-02
7.392237e-02;1.302381e-01;1.307075e-01;1.329664e-01;5.646776e-02;2.305186e-01;3.599581e-02;7.198137e-02;3.743326e-02;5.468268e-02;2.200903e-02;2.307707e-02
9.298178e-02;1.085416e-01;1.438625e-01;1.268391e-01;5.021716e-02;2.792175e-01;1.712226e-02;5.131763e-02;3.917202e-02;6.282443e-02;9.492263e-03;1.841180e-02
9.647844e-02;6.154447e-02;1.431529e-01;8.133614e-02;6.244017e-02;3.624530e-01;9.755529e-03;3.440790e-02;4.594466e-02;7.041301e-02;7.606709e-03;2.446702e-02
8.740079e-02;4.458672e-02;1.386538e-01;3.080232e-02;4.854686e-02;4.382769e-01;2.230585e-02;4.768405e-02;4.699198e-02;6.116135e-02;8.641918e-03;2.494738e-02
5.962854e-02;5.684621e-02;1.764819e-01;5.237178e-02;7.057562e-02;4.139355e-01;2.317120e-02;4.049489e-02;3.672914e-02;3.503521e-02;1.203013e-02;2.269992e-02
3.704413e-02;4.322444e-02;2.345267e-01;3.652509e-02;8.706065e-02;3.679620e-01;1.668437e-02;4.910885e-02;4.143180e-02;2.016251e-02;1.229664e-02;5.397285e-02
3.603773e-02;4.634959e-02;2.270113e-01;2.740537e-02;9.755296e-02;3.100298e-01;1.742794e-02;4.386713e-02;5.567501e-02;2.087950e-02;5.988321e-03;1.117753e-01
2.287840e-02;4.935956e-02;1.663445e-01;1.388000e-02;1.136805e-01;2.438896e-01;1.929956e-02;2.806820e-02;8.638839e-02;4.042775e-02;2.963307e-02;1.861505e-01
1.958999e-02;5.094890e-02;1.001121e-01;2.652737e-02;1.292212e-01;1.802617e-01;1.780641e-02;4.494428e-02;1.219522e-01;2.072940e-02;7.241625e-02;2.154901e-01
2.797479e-02;4.356151e-02;5.220845e-02;5.439564e-02;1.325937e-01;1.576603e-01;1.739504e-02;1.030921e-01;1.385645e-01;3.365019e-02;8.657118e-02;1.523326e-01
5.151745e-02;5.029975e-02;4.962388e-02;7.512355e-02;1.156392e-01;1.607002e-01;4.878350e-02;1.530268e-01;1.073945e-01;4.625017e-02;4.953695e-02;9.210402e-02
6.240390e-02;4.749241e-02;4.714746e-02;7.530404e-02;1.341342e-01;2.691658e-01;7.128058e-02;9.968728e-02;7.656889e-02;4.028468e-02;1.564013e-02;6.089062e-02
5.150646e-02;4.661861e-02;4.977046e-02;9.212108e-02;1.573423e-01;3.535123e-01;3.447671e-02;5.376198e-02;4.988723e-02;3.939797e-02;2.390774e-02;4.769728e-02
4.189754e-02;6.769325e-02;7.993264e-02;8.801854e-02;9.558169e-02;3.411073e-01;3.320119e-02;5.674879e-02;3.804247e-02;3.987912e-02;1.140406e-02;1.064934e-01
4.247117e-02;8.431169e-02;1.052631e-01;8.927228e-02;8.641770e-02;2.728577e-01;9.919634e-03;8.541394e-02;6.122719e-02;2.316714e-02;3.582031e-02;1.038581e-01
4.052674e-02;6.927621e-02;1.648640e-01;7.973002e-02;1.088820e-01;1.972238e-01;1.253231e-02;9.954939e-02;5.223146e-02;5.285522e-02;5.809146e-02;6.423738e-02
5.747331e-02;6.390797e-02;1.951914e-01;5.296441e-02;8.465326e-02;1.792428e-01;1.241872e-02;9.174658e-02;4.376337e-02;8.518588e-02;6.352697e-02;6.992541e-02
5.574967e-02;9.570330e-02;2.020060e-01;4.030858e-02;8.102991e-02;2.073875e-01;1.253504e-02;5.668867e-02;3.400848e-02;9.087335e-02;3.980649e-02;8.390297e-02
4.204493e-02;1.092186e-01;1.515736e-01;3.840079e-02;9.057688e-02;3.014018e-01;2.924574e-02;4.977684e-02;3.749339e-02;4.758706e-02;2.195845e-02;8.072185e-02
4.288947e-02;9.469467e-02;1.321746e-01;4.796203e-02;5.510117e-02;3.620912e-01;2.374719e-02;5.016143e-02;6.656761e-02;2.222005e-02;2.289480e-02;7.949573e-02
1.794247e-02;9.104716e-02;1.397617e-01;4.704950e-02;4.116609e-02;3.450017e-01;3.381861e-02;6.257027e-02;6.130096e-02;4.733125e-02;3.017521e-02;8.283500e-02
2.979935e-02;1.045626e-01;1.470574e-01;3.360148e-02;4.404595e-02;3.372288e-01;3.988306e-02;7.210347e-02;4.917820e-02;3.269925e-02;2.112762e-02;8.871283e-02
2.959638e-02;8.803421e-02;1.336677e-01;4.969167e-02;5.284318e-02;3.821191e-01;1.577601e-02;8.076272e-02;4.880355e-02;3.115819e-02;2.377995e-02;6.376735e-02
4.922911e-02;4.335051e-02;1.911285e-01;4.886476e-02;3.521381e-02;3.600180e-01;2.199333e-02;6.623320e-02;5.420321e-02;5.236523e-02;3.232934e-02;4.507105e-02
6.949124e-02;7.086185e-02;1.884521e-01;4.267355e-02;2.853218e-02;2.435149e-01;1.711959e-02;5.121467e-02;8.207144e-02;4.636744e-02;4.312893e-02;1.165721e-01
7.127495e-02;5.640212e-02;1.675673e-01;5.169994e-02;6.037068e-02;2.242724e-01;3.225623e-02;5.388825e-02;1.001727e-01;1.742331e-02;4.927974e-02;1.153925e-01
4.140355e-02;5.795614e-02;1.570865e-01;6.596905e-02;8.732443e-02;2.393788e-01;6.300022e-02;9.021288e-02;7.021815e-02;4.820496e-02;2.207288e-02;5.717250e-02
4.924015e-02;6.943768e-02;1.298316e-01;7.426523e-02;9.166595e-02;2.166882e-01;9.538068e-02;1.082808e-01;4.271738e-02;2.728178e-02;2.917988e-02;6.603085e-02
5.863272e-02;7.318313e-02;1.045753e-01;9.359283e-02;8.771827e-02;2.188507e-01;1.105548e-01;1.116778e-01;4.507666e-02;2.181282e-02;1.786892e-02;5.645601e-02
