4.535237e-02;4.941965e-02;2.004065e-01;4.120879e-02;7.471990e-02;7.179318e-02;2.701240e-01;3.510062e-02;4.708808e-02;6.101245e-02;6.807364e-02;3.570084e-02
2.942386e-02;7.077709e-02;1.801106e-01;6.701279e-02;7.483743e-02;8.839533e-02;2.500724e-01;3.791505e-02;5.889864e-02;6.316343e-02;5.576313e-02;2.363029e-02
4.870236e-02;8.888577e-02;1.330780e-01;6.432471e-02;9.236990e-02;9.984869e-02;2.205994e-01;3.547328e-02;4.808995e-02;8.243127e-02;4.452989e-02;4.166685e-02
9.515407e-02;1.126928e-01;1.296348e-01;6.172720e-02;5.864581e-02;7.696389e-02;1.508724e-01;5.715452e-02;5.621500e-02;9.192314e-02;5.972739e-02;4.928900e-02
9.638438e-02;1.158842e-01;9.848193e-02;6.679995e-02;6.858137e-02;5.821366e-02;1.278235e-01;4.697201e-02;9.184046e-02;8.160175e-02;1.036326e-01;4.378404e-02
5.735517e-02;5.464045e-02;9.769964e-02;5.050930e-02;5.374693e-02;5.469276e-02;8.199816e-02;4.500485e-02;1.131667e-01;1.356816e-01;1.603228e-01;9.518154e-02
7.131068e-02;5.098075e-02;9.325964e-02;3.711164e-02;4.393312e-02;5.218407e-02;6.468657e-02;5.047381e-02;1.022913e-01;1.414053e-01;1.790792e-01;1.132839e-01
7.748126e-02;6.009709e-02;7.683854e-02;3.843611e-02;7.357973e-02;4.624677e-02;9.084031e-02;8.293971e-02;1.122394e-01;1.561121e-01;1.409514e-01;4.423759e-02
7.508758e-02;4.524659e-02;8.920267e-02;4.265589e-02;5.607974e-02;3.463649e-02;6.154422e-02;8.911601e-02;1.103689e-01;1.529003e-01;1.777445e-01;6.541712e-02
7.223306e-02;5.772449e-02;1.141786e-01;5.882937e-02;4.117589e-02;4.382272e-02;7.464710e-02;7.636259e-02;1.175442e-01;1.237867e-01;1.589770e-01;6.071819e-02
6.602146e-02;7.340217e-02;1.145087e-01;5.255555e-02;3.539519e-02;6.698788e-02;5.439001e-02;5.128747e-02;1.785351e-01;9.634017e-02;1.077519e-01;1.028243e-01
5.551746e-02;6.897699e-02;1.223470e-01;4.220821e-02;3.265212e-02;7.378058e-02;3.442470e-02;6.527851e-02;1.908892e-01;6.610216e-02;1.423742e-01;1.054489e-01
4.873484e-02;6.251801e-02;1.584185e-01;3.422884e-02;4.327618e-02;7.150327e-02;6.703885e-02;5.204624e-02;1.385912e-01;1.099388e-01;1.337862e-01;7.991905e-02
8.290440e-02;7.673816e-02;1.851255e-01;2.765673e-02;5.882966e-02;6.454694e-02;9.544495e-02;3.703403e-02;6.803887e-02;1.506231e-01;9.452817e-02;5.852946e-02
1.238439e-01;9.457237e-02;1.745401e-01;3.392215e-02;5.731016e-02;5.589014e-02;1.006638e-01;3.265962e-02;6.222072e-02;1.308050e-01;8.298501e-02;5.058710e-02
1.131003e-01;1.078997e-01;1.512313e-01;3.923144e-02;5.817420e-02;4.478333e-02;7.724267e-02;3.965104e-02;1.122180e-01;9.260787e-02;6.895495e-02;9.490525e-02
4.235736e-02;1.063888e-01;2.012213e-01;3.156231e-02;5.438238e-02;4.799439e-02;1.144692e-01;4.762091e-02;1.196973e-01;7.201023e-02;4.621697e-02;1.160789e-01
7.224604e-02;7.607067e-02;1.973455e-01;3.639915e-02;5.324427e-02;4.173071e-02;1.870169e-01;5.196118e-02;6.875169e-02;8.949452e-02;7.864673e-02;4.709265e-02
2.597344e-02;6.792394e-02;1.856981e-01;4.107954e-02;7.603664e-02;5.018866e-02;2.181879e-01;4.506947e-02;6.947356e-02;9.207276e-02;9.021959e-02;3.807648e-02
5.933813e-02;8.759347e-02;2.005029e-01;2.287535e-02;5.020455e-02;6.385422e-02;1.631580e-01;3.873317e-02;9.377892e-02;7.079630e-02;8.732530e-02;6.183979e-02
5.673429e-02;1.018934e-01;1.890281e-01;1.651644e-02;5.968054e-02;7.282683e-02;1.786226e-01;3.469383e-02;8.628020e-02;4.390325e-02;1.012744e-01;5.854625e-02
5.907506e-02;8.508576e-02;1.808636e-01;1.514779e-02;7.758047e-02;8.664242e-02;1.790304e-01;3.198894e-02;6.777246e-02;6.238621e-02;1.074650e-01;4.696192e-02
6.987070e-02;6.231506e-02;1.750021e-01;1.772868e-02;8.971424e-02;1.034231e-01;1.448083e-01;2.896752e-02;6.536167e-02;7.777250e-02;1.260302e-01;3.900588e-02
6.744621e-02;6.398819e-02;1.740450e-01;5.986438e-02;1.100638e-01;8.620753e-02;1.330764e-01;2.399146e-02;6.193591e-02;7.914438e-02;9.579498e-02;4.444173e-02
9.668017e-02;7.318852e-02;1.205222e-01;1.049494e-01;1.282784e-01;4.502431e-02;1.397896e-01;4.951047e-02;5.390748e-02;7.827771e-02;6.180286e-02;4.806888e-02
1.616432e-01;9.131988e-02;1.097890e-01;9.978186e-02;1.231834e-01;3.549798e-02;1.100103e-01;5.423823e-02;4.328745e-02;5.923581e-02;6.072133e-02;5.129164e-02
1.982761e-01;6.865676e-02;1.431736e-01;7.434476e-02;9.750669e-02;3.999510e-02;1.360012e-01;5.133807e-02;3.066638e-02;4.099893e-02;6.293715e-02;5.610532e-02
1.720769e-01;6.697703e-02;2.248126e-01;5.948757e-02;7.163243e-02;5.711180e-02;1.294144e-01;3.949724e-02;3.046653e-02;2.711850e-02;6.266920e-02;5.873582e-02
9.376850e-02;7.821170e-02;3.249171e-01;7.741018e-02;5.565543e-02;7.365934e-02;8.900517e-02;2.983796e-02;3.118885e-02;3.834533e-02;5.665831e-02;5.134211e-02
4.917343e-02;1.252068e-01;3.298683e-01;9.472027e-02;5.142715e-02;8.802667e-02;6.592449e-02;3.645239e-02;3.052344e-02;4.372094e-02;4.937416e-02;3.558196e-02
6.971513e-02;1.248617e-01;3.032249e-01;7.485071e-02;5.281145e-02;1.207678e-01;6.071439e-02;4.440946e-02;2.832011e-02;3.828410e-02;5.025446e-02;3.178582e-02
6.682644e-02;9.040029e-02;3.108156e-01;4.764097e-02;6.166599e-02;1.602717e-01;5.407748e-02;4.962150e-02;4.509121e-02;3.135037e-02;5.837939e-02;2.385909e-02
5.573441e-02;5.409651e-02;2.959419e-01;3.142420e-02;8.038235e-02;1.609651e-01;1.020131e-01;3.991583e-02;7.273325e-02;2.509577e-02;5.834697e-02;2.335062e-02
2.711081e-02;3.893953e-02;2.278207e-01;5.430127e-02;8.727320e-02;1.200721e-01;2.039370e-01;5.220974e-02;7.554310e-02;2.988417e-02;4.516776e-02;3.774066e-02
3.420282e-02;3.934264e-02;1.327062e-01;1.040460e-01;7.181077e-02;1.019738e-01;2.672903e-01;7.429485e-02;4.785821e-02;4.603529e-02;2.951207e-02;5.092698e-02
4.040201e-02;2.785308e-02;7.091470e-02;1.226904e-01;5.499065e-02;1.363685e-01;2.401475e-01;1.271959e-01;3.944350e-02;6.686936e-02;2.449544e-02;4.862894e-02
6.657892e-02;2.692246e-02;3.543670e-02;1.056317e-01;6.867985e-02;1.471914e-01;1.714397e-01;2.050492e-01;5.619877e-02;6.622267e-02;1.691009e-02;3.373847e-02
9.043539e-02;3.597325e-02;6.317686e-02;6.735528e-02;9.715157e-02;9.166722e-02;1.232632e-01;2.727416e-01;5.132264e-02;3.703903e-02;3.559365e-02;3.428023e-02
1.009817e-01;3.655932e-02;6.574006e-02;3.860117e-02;1.238531e-01;4.562096e-02;1.065230e-01;2.962695e-01;4.931175e-02;2.563122e-02;7.366744e-02;3.724078e-02
9.251061e-02;4.559583e-02;5.528683e-02;2.155339e-02;1.273287e-01;3.962170e-02;1.014971e-01;2.571992e-01;5.246942e-02;6.374253e-02;1.092923e-01;3.390232e-02
8.578643e-02;4.458453e-02;4.437836e-02;2.132041e-02;1.172051e-01;4.349485e-02;8.383828e-02;1.899530e-01;7.337644e-02;1.444319e-01;1.265534e-01;2.507731e-02
9.442415e-02;4.996058e-02;4.244314e-02;3.098430e-02;1.033709e-01;3.898549e-02;7.614662e-02;1.143272e-01;8.342294e-02;2.035647e-01;1.352394e-01;2.713063e-02
1.038099e-01;5.801089e-02;9.621442e-02;5.583588e-02;8.784881e-02;3.584680e-02;6.802689e-02;6.360321e-02;6.581788e-02;1.955403e-01;1.263489e-01;4.309606e-02
9.523267e-02;6.434996e-02;1.559079e-01;6.556609e-02;7.772992e-02;4.488057e-02;4.495529e-02;5.807353e-02;6.274834e-02;1.724950e-01;1.045500e-01;5.351072e-02
7.693917e-02;5.259969e-02;1.478278e-01;5.427996e-02;6.996785e-02;5.718603e-02;8.093096e-02;1.046717e-01;5.071132e-02;1.517237e-01;9.899519e-02;5.416663e-02
1.042521e-01;8.927776e-02;1.751327e-01;5.359862e-02;5.384491e-02;4.955445e-02;5.988719e-02;1.477117e-01;2.934824e-02;6.727185e-02;9.489445e-02;7.522599e-02
6.194602e-02;8.996684e-02;2.442940e-01;6.237636e-02;3.248539e-02;4.894005e-02;5.421643e-02;8.748545e-02;4.057600e-02;6.481656e-02;1.169244e-01;9.597250e-02
5.263535e-02;1.065589e-01;2.464252e-01;5.739311e-02;4.030785e-02;7.199390e-02;3.410846e-02;5.240650e-02;6.170488e-02;6.205446e-02;9.874104e-02;1.156704e-01
9.826664e-02;1.502158e-01;1.884733e-01;4.931158e-02;4.159503e-02;1.088644e-01;3.204144e-02;3.096622e-02;8.686936e-02;3.834132e-02;3.672500e-02;1.383298e-01
1.098196e-01;1.844203e-01;1.485784e-01;4.497402e-02;3.387330e-02;1.248361e-01;3.633418e-02;2.761511e-02;8.895914e-02;4.747009e-02;3.138871e-02;1.217310e-01
1.186816e-01;2.025858e-01;1.263084e-01;4.424006e-02;4.490621e-02;1.338327e-01;3.451621e-02;3.558603e-02;8.460821e-02;7.384496e-02;2.378368e-02;7.710618e-02
1.329489e-01;1.995947e-01;1.155546e-01;3.963209e-02;5.886099e-02;1.343484e-01;3.919328e-02;4.501501e-02;7.551123e-02;8.831713e-02;2.789442e-02;4.312930e-02
1.405903e-01;1.785220e-01;8.320849e-02;3.198038e-02;7.212251e-02;1.268373e-01;6.117028e-02;5.209222e-02;7.121779e-02;9.601700e-02;5.146153e-02;3.478022e-02
1.461362e-01;1.432085e-01;8.250269e-02;2.938246e-02;9.601584e-02;1.092833e-01;4.889408e-02;5.579150e-02;5.902025e-02;8.636469e-02;9.342405e-02;4.997644e-02
1.471729e-01;9.916395e-02;6.977651e-02;4.512154e-02;1.146932e-01;8.566970e-02;7.963582e-02;5.986981e-02;4.536407e-02;5.584083e-02;1.117862e-01;8.590551e-02
1.113699e-01;7.854930e-02;7.171753e-02;8.405569e-02;1.212874e-01;7.073746e-02;1.282318e-01;7.525259e-02;3.854611e-02;4.391316e-02;6.256658e-02;1.137724e-01
5.504068e-02;5.817600e-02;1.282720e-01;1.070107e-01;8.970462e-02;5.360350e-02;1.566376e-01;6.573916e-02;2.489222e-02;6.057128e-02;8.265927e-02;1.176928e-01
1.076547e-01;6.597798e-02;1.324975e-01;8.394749e-02;5.549223e-02;7.080454e-02;1.308754e-01;3.633524e-02;2.312227e-02;6.372009e-02;1.142754e-01;1.152971e-01
1.098286e-01;6.822237e-02;1.288546e-01;7.300385e-02;6.526726e-02;8.150403e-02;1.299445e-01;2.796553e-02;5.834942e-02;6.305668e-02;9.432816e-02;9.967495e-02
5.433986e-02;4.186552e-02;1.483267e-01;6.175658e-02;4.711886e-02;7.948687e-02;1.953733e-01;4.120861e-02;8.044003e-02;6.875940e-02;1.097603e-01;7.156404e-02
7.667810e-02;6.671589e-02;7.881079e-02;4.373754e-02;8.809023e-02;7.588320e-02;1.846730e-01;7.199115e-02;8.503451e-02;6.488668e-02;9.757603e-02;6.592292e-02
7.053093e-02;5.722004e-02;8.211579e-02;4.787735e-02;8.297807e-02;9.483796e-02;1.159755e-01;6.610519e-02;7.383217e-02;6.926109e-02;1.431127e-01;9.615326e-02
4.902468e-02;4.540595e-02;9.828576e-02;5.209224e-02;8.555864e-02;1.058688e-01;1.073386e-01;4.685602e-02;6.281950e-02;5.982978e-02;1.713572e-01;1.155628e-01
6.373648e-02;4.427066e-02;1.060881e-01;6.773351e-02;5.914303e-02;8.930825e-02;1.181382e-01;5.488969e-02;5.334485e-02;7.162175e-02;1.490857e-01;1.226398e-01
5.580307e-02;5.616536e-02;8.775938e-02;6.282939e-02;6.863291e-02;7.015959e-02;1.145732e-01;5.637332e-02;6.836141e-02;7.605000e-02;1.717221e-01;1.115703e-01
3.700985e-02;8.393000e-02;6.718679e-02;4.217676e-02;1.096101e-01;6.338312e-02;9.527928e-02;8.840320e-02;6.877941e-02;7.979538e-02;1.761885e-01;8.825766e-02
6.891978e-02;8.366199e-02;9.687302e-02;5.559852e-02;9.938266e-02;6.961422e-02;7.547209e-02;8.449237e-02;6.550067e-02;7.919420e-02;1.274901e-01;9.380037e-02
5.179609e-02;8.815929e-02;6.829320e-02;7.090206e-02;1.039393e-01;8.435345e-02;7.879914e-02;8.113880e-02;5.179879e-02;7.966620e-02;1.409070e-01;1.002468e-01
9.155797e-02;9.313767e-02;8.768071e-02;7.407930e-02;9.484512e-02;6.889953e-02;5.911508e-02;7.561045e-02;5.164559e-02;6.642722e-02;1.046313e-01;1.323701e-01
9.455407e-02;7.190541e-02;1.326700e-01;8.761737e-02;9.383156e-02;5.076965e-02;5.300675e-02;6.029895e-02;5.340878e-02;4.895331e-02;9.455793e-02;1.584262e-01
8.173154e-02;4.748012e-02;1.306500e-01;1.145471e-01;1.096377e-01;5.238196e-02;5.914690e-02;7.014915e-02;4.456863e-02;2.841078e-02;8.636538e-02;1.749309e-01
8.567965e-02;8.443034e-02;2.190266e-01;5.176919e-02;1.145239e-01;6.804491e-02;8.243474e-02;8.627927e-02;3.362108e-02;2.586024e-02;6.158233e-02;8.674775e-02
8.208922e-02;9.603848e-02;2.876233e-01;7.527322e-02;9.736156e-02;5.369829e-02;6.878117e-02;5.794641e-02;2.874890e-02;1.984234e-02;6.201925e-02;7.057790e-02
6.303643e-02;1.030840e-01;2.912905e-01;9.948166e-02;1.005849e-01;5.016955e-02;5.776970e-02;4.230024e-02;2.683833e-02;1.886985e-02;4.721766e-02;9.935719e-02
9.909528e-02;1.272270e-01;2.131906e-01;6.938155e-02;8.233940e-02;5.798413e-02;9.475282e-02;4.396173e-02;3.441987e-02;4.835091e-02;7.569082e-02;5.360587e-02
1.560790e-01;1.311088e-01;2.057753e-01;4.060341e-02;4.991962e-02;4.106887e-02;9.237553e-02;5.460824e-02;2.931472e-02;6.252722e-02;6.905196e-02;6.756736e-02
1.634465e-01;1.397537e-01;2.314746e-01;6.187371e-02;4.721596e-02;3.386399e-02;8.444326e-02;5.822707e-02;1.651328e-02;4.677195e-02;5.278276e-02;6.363327e-02
1.541988e-01;1.460223e-01;2.143335e-01;6.689113e-02;4.881444e-02;3.696643e-02;6.139693e-02;6.226949e-02;3.402169e-02;5.071456e-02;7.156970e-02;5.280105e-02
8.828049e-02;1.006356e-01;1.552094e-01;6.091196e-02;6.414737e-02;5.827367e-02;1.273727e-01;6.983230e-02;5.197254e-02;6.651952e-02;9.940775e-02;5.743671e-02
1.228825e-01;5.784209e-02;2.237177e-01;5.616711e-02;8.501706e-02;5.087864e-02;1.737132e-01;3.518650e-02;2.639324e-02;6.012144e-02;6.533987e-02;4.274064e-02
1.315574e-01;9.130448e-02;2.363946e-01;5.089868e-02;6.789526e-02;2.931388e-02;1.851652e-01;2.362750e-02;1.993589e-02;6.022618e-02;6.462216e-02;3.905877e-02
9.782292e-02;9.999701e-02;2.250847e-01;3.585905e-02;6.663560e-02;5.312064e-02;1.840850e-01;1.907711e-02;1.915034e-02;7.328160e-02;8.908598e-02;3.680003e-02
6.094686e-02;8.335278e-02;1.979289e-01;2.530594e-02;7.974505e-02;8.845799e-02;2.018623e-01;1.817649e-02;2.110730e-02;7.938559e-02;1.203367e-01;2.339413e-02
5.699059e-02;8.425583e-02;1.745660e-01;3.201637e-02;7.898232e-02;8.742522e-02;1.986523e-01;2.956539e-02;2.037298e-02;7.714947e-02;1.287636e-01;3.125995e-02
4.459166e-02;1.234118e-01;1.436045e-01;4.699742e-02;7.282940e-02;7.648779e-02;1.553123e-01;4.395406e-02;2.917531e-02;9.758401e-02;1.087399e-01;5.731186e-02
6.909724e-02;1.583028e-01;1.265026e-01;5.890908e-02;6.877010e-02;6.980041e-02;6.976961e-02;4.441115e-02;4.132300e-02;1.084361e-01;9.145723e-02;9.322075e-02
1.246809e-01;1.379483e-01;1.674116e-01;5.047840e-02;4.520105e-02;5.826986e-02;7.606429e-02;4.362225e-02;3.852360e-02;7.172017e-02;1.114306e-01;7.464901e-02
1.322347e-01;9.586579e-02;2.205065e-01;4.490775e-02;2.768916e-02;6.933557e-02;1.026288e-01;2.918573e-02;3.696620e-02;4.920302e-02;1.375035e-01;5.397316e-02
1.038657e-01;4.439336e-02;2.575990e-01;4.392979e-02;1.727560e-02;7.999891e-02;1.558430e-01;1.669172e-02;3.288792e-02;3.146626e-02;1.565384e-01;5.951033e-02
7.597420e-02;2.801263e-02;2.210170e-01;4.290314e-02;2.616301e-02;7.242948e-02;2.029558e-01;1.820005e-02;2.796283e-02;3.710571e-02;1.444334e-01;1.028427e-01
5.655662e-02;2.660375e-02;1.791367e-01;4.039847e-02;4.048810e-02;6.632943e-02;2.019995e-01;1.649651e-02;3.874906e-02;5.007084e-02;1.444991e-01;1.386719e-01
8.500553e-02;2.988835e-02;1.536006e-01;3.667621e-02;5.020728e-02;6.568705e-02;1.884174e-01;2.196848e-02;3.997734e-02;5.803481e-02;1.432262e-01;1.273108e-01
6.990630e-02;5.648533e-02;1.830546e-01;4.119471e-02;4.330262e-02;5.862089e-02;1.957714e-01;3.082974e-02;4.794699e-02;6.794620e-02;1.154677e-01;8.947355e-02
2.257583e-02;8.857901e-02;2.054289e-01;4.374340e-02;2.819102e-02;3.823254e-02;1.949495e-01;3.919415e-02;5.929456e-02;8.141618e-02;1.148838e-01;8.351116e-02
7.095361e-02;4.467026e-02;1.861518e-01;3.256002e-02;4.751703e-02;5.705232e-02;1.527828e-01;3.125015e-02;6.143611e-02;6.866468e-02;1.308916e-01;1.160696e-01
6.500117e-02;2.850572e-02;1.479577e-01;3.573652e-02;4.615280e-02;6.176398e-02;2.033836e-01;4.421828e-02;4.903749e-02;7.462317e-02;8.872765e-02;1.548919e-01
4.993114e-02;3.853537e-02;1.033381e-01;3.293075e-02;3.840413e-02;4.068111e-02;2.136749e-01;3.602301e-02;5.815589e-02;7.888519e-02;1.734715e-01;1.359689e-01
9.960689e-02;6.405366e-02;6.410644e-02;3.012061e-02;4.156290e-02;3.096191e-02;2.054650e-01;2.425464e-02;6.814495e-02;5.885497e-02;1.852146e-01;1.276535e-01
5.278875e-02;6.048148e-02;9.206326e-02;3.144639e-02;4.323756e-02;4.314892e-02;2.109808e-01;1.720024e-02;6.265181e-02;5.168874e-02;2.056130e-01;1.286991e-01
6.025317e-02;6.049087e-02;1.192481e-01;4.474169e-02;2.505860e-02;4.552207e-02;1.988079e-01;3.181212e-02;6.461047e-02;6.730704e-02;1.885683e-01;9.357971e-02
5.380621e-02;5.399481e-02;7.968046e-02;7.121251e-02;4.463732e-02;7.873230e-02;1.781790e-01;7.696605e-02;5.104797e-02;1.027584e-01;1.425843e-01;6.640064e-02
9.962106e-02;9.235489e-02;2.389685e-01;6.340788e-02;2.458326e-02;5.913036e-02;1.116695e-01;4.196791e-02;3.878022e-02;8.587726e-02;8.039632e-02;6.324288e-02
1.499300e-01;1.487110e-01;2.712621e-01;4.624131e-02;3.021701e-02;4.160947e-02;7.620301e-02;1.749004e-02;3.973695e-02;7.335442e-02;4.255069e-02;6.269401e-02
2.313828e-01;1.825772e-01;2.054088e-01;3.685303e-02;3.600566e-02;2.107063e-02;7.470825e-02;3.278785e-02;2.310748e-02;5.637408e-02;4.308091e-02;5.664327e-02
3.039297e-01;1.836596e-01;1.611414e-01;3.470244e-02;4.807060e-02;1.517210e-02;7.414302e-02;4.829882e-02;1.761990e-02;3.924694e-02;3.465226e-02;3.936335e-02
3.110099e-01;1.273884e-01;1.688308e-01;4.303082e-02;7.231551e-02;3.069690e-02;8.445077e-02;6.553428e-02;2.049944e-02;2.695956e-02;1.845289e-02;3.083073e-02
2.526520e-01;5.058074e-02;1.711995e-01;6.720976e-02;1.087201e-01;3.712407e-02;8.615953e-02;8.704038e-02;2.881009e-02;3.312621e-02;4.394326e-02;3.343435e-02
2.016687e-01;4.567495e-02;1.594430e-01;9.284742e-02;1.291953e-01;4.071883e-02;8.823675e-02;9.017037e-02;2.935754e-02;3.742860e-02;5.031500e-02;3.494360e-02
1.802202e-01;7.656866e-02;1.462057e-01;9.358986e-02;1.355956e-01;4.486118e-02;9.082256e-02;7.926122e-02;3.447079e-02;3.646471e-02;4.209173e-02;3.984777e-02
1.547564e-01;8.456838e-02;1.534546e-01;8.947238e-02;1.294543e-01;6.454092e-02;7.739834e-02;7.672496e-02;4.333502e-02;4.163262e-02;3.972540e-02;4.493672e-02
1.182822e-01;9.508821e-02;2.238228e-01;5.359985e-02;9.522299e-02;7.022441e-02;7.167730e-02;9.052548e-02;6.711330e-02;3.938275e-02;3.866998e-02;3.639069e-02
7.773293e-02;6.526390e-02;2.165549e-01;4.753765e-02;7.357407e-02;3.075016e-02;1.395120e-01;8.494046e-02;9.601822e-02;6.345414e-02;5.882512e-02;4.583643e-02
6.320533e-02;4.365958e-02;1.958221e-01;5.742302e-02;1.087472e-01;1.919536e-02;1.380361e-01;6.642275e-02;1.144788e-01;8.188479e-02;6.781138e-02;4.331356e-02
1.070801e-01;6.446607e-02;1.639674e-01;5.378018e-02;1.179802e-01;2.815615e-02;1.094780e-01;5.702928e-02;9.011589e-02;8.480409e-02;8.177759e-02;4.136501e-02
1.711009e-01;5.634599e-02;1.249763e-01;6.617740e-02;9.558866e-02;1.775381e-02;1.375254e-01;7.515389e-02;4.924235e-02;7.730296e-02;8.527942e-02;4.355304e-02
1.588851e-01;4.921732e-02;1.608287e-01;3.983217e-02;6.874298e-02;3.696978e-02;1.148853e-01;7.270455e-02;4.054813e-02;7.436142e-02;9.858039e-02;8.444426e-02
1.262345e-01;4.887932e-02;7.747173e-02;1.944256e-02;3.832296e-02;4.653793e-02;9.043723e-02;5.667847e-02;8.643385e-02;1.216395e-01;1.173025e-01;1.706194e-01
1.244754e-01;6.861860e-02;6.189623e-02;2.744282e-02;3.520900e-02;4.519888e-02;7.882839e-02;4.163656e-02;8.266126e-02;1.257578e-01;1.023325e-01;2.059425e-01
1.256672e-01;1.042409e-01;6.742667e-02;2.996867e-02;4.242742e-02;4.302097e-02;6.954689e-02;5.032521e-02;5.805840e-02;1.074161e-01;1.151126e-01;1.867890e-01
8.674409e-02;1.157546e-01;1.211863e-01;2.489174e-02;4.231692e-02;3.827018e-02;8.291647e-02;5.354206e-02;1.074883e-01;9.425806e-02;1.361795e-01;9.645169e-02
7.867841e-02;1.083482e-01;1.917269e-01;4.418857e-02;4.027166e-02;6.398796e-02;6.446028e-02;6.684638e-02;1.063554e-01;1.039628e-01;6.004396e-02;7.112949e-02
1.274826e-01;1.011493e-01;1.832862e-01;3.855078e-02;5.459788e-02;7.253692e-02;5.055997e-02;8.177622e-02;6.076251e-02;1.158309e-01;5.453574e-02;5.893084e-02
1.400361e-01;7.371385e-02;1.550598e-01;4.193401e-02;6.955587e-02;6.993997e-02;9.527782e-02;9.166373e-02;7.896204e-02;8.396966e-02;5.953215e-02;4.035501e-02
1.310997e-01;7.595039e-02;1.594644e-01;5.619818e-02;8.172856e-02;6.106913e-02;1.033891e-01;8.306894e-02;8.386196e-02;6.670900e-02;5.670469e-02;4.075591e-02
1.167893e-01;7.892528e-02;1.645738e-01;6.141543e-02;9.170114e-02;7.316579e-02;8.181728e-02;7.867685e-02;5.099490e-02;8.397609e-02;7.740159e-02;4.056246e-02
1.344726e-01;1.075023e-01;1.086689e-01;3.532275e-02;7.392191e-02;9.440161e-02;1.259000e-01;7.620262e-02;3.728272e-02;7.076926e-02;9.034780e-02;4.520755e-02
1.744934e-01;1.030633e-01;1.213316e-01;4.921056e-02;5.014344e-02;7.234933e-02;1.550080e-01;4.519742e-02;3.328700e-02;6.370859e-02;7.457003e-02;5.763729e-02
1.608437e-01;9.063810e-02;1.493327e-01;6.786704e-02;4.644733e-02;5.229628e-02;1.631040e-01;2.422766e-02;2.663899e-02;5.808351e-02;8.792552e-02;7.259511e-02
8.905115e-02;7.912716e-02;7.537386e-02;8.022389e-02;5.228769e-02;5.333667e-02;2.248920e-01;2.719517e-02;2.534778e-02;7.500520e-02;1.250839e-01;9.307553e-02
7.737623e-02;7.242231e-02;9.007415e-02;6.484742e-02;6.001693e-02;8.130584e-02;2.482622e-01;2.677764e-02;1.620698e-02;6.502099e-02;1.167525e-01;8.093677e-02
5.346446e-02;5.973233e-02;1.496785e-01;4.457906e-02;7.763772e-02;9.167401e-02;2.419080e-01;3.753403e-02;2.384409e-02;5.540428e-02;9.552905e-02;6.901452e-02
6.068360e-02;3.802199e-02;1.132630e-01;4.469986e-02;8.945285e-02;9.931482e-02;2.424217e-01;4.632156e-02;4.396247e-02;5.407795e-02;9.780084e-02;6.997932e-02
7.683061e-02;5.943267e-02;1.719421e-01;5.424901e-02;5.003094e-02;6.266405e-02;2.229284e-01;4.140416e-02;6.097088e-02;5.281846e-02;8.850030e-02;5.822842e-02
4.300735e-02;5.195634e-02;1.701967e-01;6.076619e-02;7.162203e-02;6.768416e-02;2.421043e-01;2.258693e-02;7.082978e-02;5.563533e-02;9.305402e-02;5.055694e-02
3.840653e-02;3.221510e-02;1.876101e-01;6.277698e-02;6.893048e-02;8.126677e-02;2.464799e-01;1.938258e-02;5.537312e-02;6.673243e-02;9.754600e-02;4.327995e-02
3.646892e-02;5.736718e-02;1.799486e-01;5.629652e-02;5.251301e-02;9.816609e-02;2.392604e-01;2.426822e-02;3.846861e-02;7.282839e-02;1.050640e-01;3.935009e-02
3.918730e-02;7.012507e-02;1.805552e-01;4.275942e-02;6.645496e-02;1.010613e-01;2.128421e-01;3.815750e-02;3.311174e-02;7.399774e-02;9.849953e-02;4.324811e-02
3.626434e-02;7.806060e-02;1.971269e-01;3.016344e-02;9.283071e-02;9.964157e-02;1.998436e-01;3.981748e-02;2.780281e-02;7.328269e-02;8.711191e-02;3.805395e-02
3.057426e-02;9.709981e-02;1.774583e-01;3.670220e-02;1.177583e-01;8.993129e-02;1.778196e-01;4.304854e-02;4.091302e-02;8.151295e-02;8.278853e-02;2.439325e-02
1.002075e-01;1.408615e-01;1.616676e-01;3.775324e-02;1.121763e-01;6.928902e-02;1.156756e-01;3.665774e-02;4.082306e-02;8.672028e-02;6.948830e-02;2.867981e-02
1.302403e-01;1.654707e-01;1.598745e-01;4.295341e-02;1.070734e-01;5.490706e-02;6.986577e-02;5.188412e-02;3.824185e-02;9.290604e-02;6.079891e-02;2.578402e-02
1.363085e-01;1.626153e-01;1.881602e-01;4.922789e-02;9.733129e-02;4.692156e-02;6.404074e-02;4.619951e-02;3.317231e-02;8.750446e-02;6.536745e-02;2.315080e-02
1.523510e-01;1.711728e-01;1.539242e-01;5.085865e-02;1.066818e-01;4.188233e-02;8.573661e-02;4.331631e-02;3.125918e-02;7.747263e-02;6.032331e-02;2.502120e-02
1.819870e-01;1.714881e-01;1.572547e-01;5.677585e-02;8.835767e-02;3.162491e-02;8.170084e-02;5.456917e-02;3.580997e-02;7.002546e-02;3.384251e-02;3.656382e-02
1.866771e-01;1.618010e-01;1.512029e-01;5.976642e-02;6.551189e-02;1.541227e-02;7.949104e-02;6.308535e-02;5.628737e-02;7.921245e-02;4.212872e-02;3.942362e-02
1.558511e-01;1.778189e-01;1.299928e-01;4.672722e-02;8.169539e-02;3.790014e-02;9.912170e-02;4.364111e-02;4.398029e-02;9.176462e-02;4.740811e-02;4.409855e-02
1.077549e-01;2.168584e-01;1.388384e-01;2.911438e-02;8.527599e-02;5.301689e-02;8.274020e-02;2.802535e-02;3.991919e-02;1.083386e-01;6.995828e-02;4.015949e-02
1.162833e-01;2.098770e-01;1.263255e-01;2.055913e-02;5.438429e-02;5.596316e-02;1.151665e-01;3.751900e-02;4.103699e-02;8.662091e-02;8.589033e-02;5.037392e-02
7.866137e-02;1.594787e-01;1.342963e-01;2.548832e-02;3.649626e-02;5.774391e-02;1.764081e-01;4.476562e-02;5.439808e-02;7.309932e-02;9.796591e-02;6.119814e-02
9.685597e-02;1.164135e-01;1.468125e-01;3.243402e-02;3.690071e-02;5.388092e-02;2.031480e-01;3.761974e-02;6.632074e-02;5.386654e-02;8.864998e-02;6.709731e-02
1.083483e-01;8.529158e-02;1.464161e-01;3.836241e-02;4.933013e-02;4.481390e-02;2.327785e-01;3.444432e-02;6.087646e-02;4.206964e-02;7.283711e-02;8.443147e-02
1.366405e-01;9.988311e-02;1.109633e-01;4.096334e-02;4.688773e-02;3.671691e-02;2.396460e-01;4.600617e-02;3.983165e-02;4.432426e-02;5.378828e-02;1.043487e-01
2.023177e-01;1.012099e-01;6.391191e-02;4.537039e-02;4.100689e-02;3.155914e-02;2.323943e-01;5.168038e-02;3.036186e-02;5.696535e-02;3.817930e-02;1.050428e-01
2.746157e-01;7.906765e-02;5.024305e-02;3.442244e-02;3.266251e-02;3.093048e-02;2.241359e-01;4.828493e-02;3.661108e-02;5.678208e-02;3.372837e-02;9.851579e-02
2.986750e-01;7.914065e-02;7.364865e-02;2.557145e-02;2.961246e-02;3.053377e-02;2.146531e-01;3.804323e-02;4.382076e-02;4.357084e-02;3.303156e-02;8.969851e-02
2.443370e-01;4.399715e-02;1.187565e-01;3.286983e-02;4.419760e-02;4.408862e-02;1.935374e-01;4.383391e-02;4.850774e-02;4.255082e-02;5.299890e-02;9.032450e-02
1.726077e-01;7.281306e-02;1.667133e-01;3.732639e-02;5.242621e-02;5.025935e-02;1.498335e-01;4.549331e-02;3.997720e-02;4.622502e-02;7.458201e-02;9.174301e-02
1.493891e-01;7.055745e-02;1.539342e-01;2.614474e-02;3.608102e-02;4.822368e-02;2.327869e-01;3.850409e-02;3.384500e-02;4.417495e-02;8.021454e-02;8.614422e-02
8.846613e-02;5.590967e-02;9.373054e-02;2.233695e-02;2.827809e-02;4.290327e-02;3.835593e-01;3.989815e-02;4.103366e-02;5.652273e-02;7.881919e-02;6.854232e-02
7.408363e-02;4.471367e-02;9.220395e-02;2.637267e-02;4.467046e-02;4.075592e-02;4.271562e-01;4.125851e-02;3.484058e-02;4.571485e-02;6.475870e-02;6.347081e-02
1.209292e-01;4.116264e-02;7.445639e-02;2.516579e-02;4.036252e-02;3.483798e-02;4.265879e-01;3.859221e-02;2.209899e-02;4.165486e-02;6.825301e-02;6.589850e-02
1.332169e-01;4.504831e-02;9.207345e-02;2.584464e-02;3.808969e-02;4.436164e-02;3.722924e-01;4.486362e-02;2.740470e-02;5.180390e-02;6.369086e-02;6.130991e-02
1.167561e-01;1.266134e-01;1.610304e-01;3.869762e-02;3.861721e-02;3.684973e-02;2.192068e-01;6.059090e-02;4.721642e-02;5.891788e-02;4.845006e-02;4.705347e-02
1.151891e-01;1.556072e-01;1.902379e-01;3.785145e-02;4.128936e-02;4.866438e-02;1.525645e-01;5.204477e-02;5.630286e-02;5.968204e-02;4.279286e-02;4.777364e-02
1.427263e-01;1.302839e-01;2.172025e-01;4.646550e-02;6.416004e-02;5.598418e-02;7.668417e-02;5.009491e-02;6.807755e-02;5.489558e-02;4.291659e-02;5.050882e-02
1.476930e-01;7.932082e-02;2.669314e-01;5.156839e-02;7.016442e-02;3.962921e-02;1.350294e-01;2.406465e-02;5.771977e-02;4.801990e-02;3.398208e-02;4.587699e-02
1.357703e-01;1.364883e-01;2.948299e-01;4.447395e-02;5.327745e-02;3.667900e-02;1.063841e-01;2.002229e-02;5.953956e-02;4.587553e-02;3.278290e-02;3.387673e-02
1.306937e-01;1.814604e-01;3.160335e-01;4.205982e-02;3.882846e-02;3.083660e-02;6.782600e-02;4.163532e-02;6.328576e-02;4.651105e-02;2.488339e-02;1.594608e-02
1.688229e-01;1.625822e-01;2.628306e-01;3.945287e-02;3.859711e-02;2.418821e-02;1.116390e-01;5.754515e-02;4.356399e-02;3.918918e-02;2.271994e-02;2.886881e-02
1.776092e-01;1.198822e-01;2.189958e-01;3.621422e-02;4.184458e-02;2.977913e-02;1.777074e-01;5.545196e-02;3.006515e-02;3.972822e-02;2.590326e-02;4.681890e-02
1.589051e-01;7.130399e-02;1.914373e-01;3.099593e-02;4.447340e-02;4.427197e-02;1.984970e-01;4.686998e-02;4.161379e-02;5.964069e-02;4.909724e-02;6.289349e-02
1.674677e-01;1.149499e-01;1.949380e-01;3.401576e-02;5.241542e-02;5.686440e-02;1.111040e-01;3.645090e-02;4.392405e-02;7.960596e-02;5.342515e-02;5.483881e-02
1.710390e-01;1.662035e-01;2.241044e-01;4.604056e-02;4.595528e-02;4.289309e-02;6.805534e-02;4.392833e-02;4.385622e-02;7.288584e-02;3.248351e-02;4.255495e-02
1.502662e-01;1.675376e-01;1.924194e-01;2.877220e-02;2.781515e-02;4.059814e-02;1.219066e-01;7.573388e-02;5.441954e-02;7.744880e-02;2.662258e-02;3.645993e-02
1.311810e-01;1.459593e-01;1.650463e-01;4.073367e-02;3.268796e-02;6.229630e-02;1.243452e-01;7.155412e-02;5.272568e-02;8.508671e-02;3.156031e-02;5.682335e-02
1.715600e-01;9.239541e-02;1.568858e-01;4.572916e-02;6.076898e-02;5.847209e-02;1.206676e-01;5.407005e-02;3.704479e-02;8.409052e-02;3.922518e-02;7.909036e-02
2.204488e-01;9.584408e-02;1.192218e-01;4.054462e-02;6.465836e-02;5.796423e-02;1.236059e-01;5.359282e-02;5.079509e-02;7.018102e-02;2.550583e-02;7.763743e-02
1.858550e-01;1.362525e-01;7.525820e-02;6.375954e-02;7.011887e-02;6.580665e-02;1.031165e-01;4.204498e-02;5.178809e-02;7.673275e-02;3.305837e-02;9.620851e-02
1.700329e-01;1.181349e-01;8.048076e-02;5.910823e-02;9.380578e-02;7.566524e-02;8.605095e-02;4.407519e-02;8.918937e-02;7.616213e-02;2.204937e-02;8.524520e-02
2.301915e-01;9.158217e-02;9.406569e-02;3.174243e-02;9.937121e-02;5.988226e-02;6.822563e-02;3.552341e-02;1.116799e-01;4.558028e-02;3.811539e-02;9.404013e-02
2.150024e-01;7.505104e-02;1.083239e-01;2.554514e-02;1.179098e-01;5.839058e-02;5.669561e-02;2.391068e-02;1.260214e-01;5.109647e-02;5.048218e-02;9.157079e-02
1.251308e-01;7.647496e-02;9.957834e-02;4.661968e-02;9.476446e-02;8.902372e-02;8.878667e-02;4.818718e-02;1.551211e-01;6.562898e-02;3.041527e-02;8.026878e-02
1.234649e-01;7.576853e-02;1.022606e-01;8.850471e-02;5.362146e-02;6.368684e-02;9.594353e-02;5.902286e-02;1.761311e-01;5.735315e-02;3.637785e-02;6.786444e-02
1.815315e-01;4.781606e-02;1.233932e-01;1.001667e-01;5.691728e-02;3.864893e-02;9.948063e-02;3.333706e-02;1.268295e-01;7.867905e-02;5.119630e-02;6.200382e-02
1.610872e-01;6.531253e-02;1.196730e-01;9.740656e-02;7.717302e-02;5.275613e-02;7.948212e-02;3.948602e-02;1.126617e-01;8.838931e-02;3.338714e-02;7.318519e-02
1.315351e-01;1.162049e-01;9.644049e-02;8.144109e-02;9.942836e-02;4.346086e-02;6.878535e-02;5.887492e-02;1.051244e-01;8.354301e-02;4.548429e-02;6.967730e-02
1.233829e-01;8.956779e-02;1.642911e-01;6.018811e-02;9.530213e-02;3.536130e-02;1.040823e-01;6.488872e-02;5.556469e-02;5.788404e-02;6.817456e-02;8.131231e-02
1.105712e-01;6.570014e-02;2.505014e-01;6.491230e-02;5.841692e-02;4.235224e-02;9.945414e-02;4.559303e-02;5.069234e-02;4.347125e-02;8.258581e-02;8.574925e-02
1.173320e-01;1.277259e-01;2.713192e-01;6.514753e-02;3.252045e-02;5.340175e-02;6.749887e-02;3.198752e-02;5.190637e-02;4.822349e-02;6.233282e-02;7.060413e-02
1.793573e-01;1.803567e-01;2.142453e-01;5.873188e-02;4.558861e-02;5.370745e-02;4.670347e-02;3.194746e-02;5.031626e-02;4.608054e-02;4.807800e-02;4.488704e-02
2.731453e-01;1.476962e-01;1.250895e-01;5.537291e-02;7.288995e-02;4.398153e-02;6.536143e-02;4.414141e-02;4.639868e-02;3.420094e-02;3.847805e-02;5.324415e-02
3.023065e-01;8.431062e-02;1.180052e-01;7.084409e-02;7.363261e-02;2.481685e-02;9.050163e-02;5.708326e-02;3.852947e-02;3.274132e-02;3.169894e-02;7.552946e-02
2.982555e-01;5.317605e-02;9.607218e-02;8.025362e-02;5.947376e-02;2.307244e-02;1.497752e-01;5.790090e-02;3.193717e-02;4.701447e-02;3.070002e-02;7.236865e-02
2.629874e-01;6.747197e-02;9.148508e-02;5.881829e-02;5.760604e-02;2.943157e-02;2.052450e-01;5.117156e-02;3.668804e-02;4.863051e-02;2.739856e-02;6.306598e-02
1.948240e-01;8.040459e-02;1.132110e-01;5.551324e-02;6.633478e-02;3.547609e-02;2.518835e-01;4.777380e-02;4.688495e-02;4.125490e-02;2.681565e-02;3.962354e-02
1.254175e-01;8.641452e-02;1.343936e-01;6.923412e-02;6.844733e-02;4.517571e-02;2.601432e-01;5.233927e-02;4.568667e-02;4.501991e-02;3.658210e-02;3.114614e-02
5.461323e-02;8.087064e-02;1.973969e-01;7.654615e-02;7.509815e-02;6.975303e-02;1.653459e-01;5.737019e-02;4.967739e-02;7.325049e-02;6.415218e-02;3.592584e-02
6.170944e-02;8.246771e-02;1.999681e-01;4.361729e-02;7.136376e-02;5.065916e-02;1.879253e-01;5.125430e-02;6.238100e-02;7.760324e-02;6.975679e-02;4.129391e-02
1.362077e-01;1.067822e-01;1.145639e-01;2.609329e-02;5.946065e-02;4.226035e-02;2.732165e-01;4.559309e-02;5.211145e-02;4.655181e-02;5.831328e-02;3.884559e-02
2.064366e-01;1.026061e-01;8.971503e-02;2.554769e-02;5.388900e-02;4.420587e-02;2.794060e-01;3.937123e-02;4.307376e-02;2.870226e-02;4.221601e-02;4.483046e-02
1.984259e-01;7.388531e-02;8.784227e-02;2.543809e-02;3.045074e-02;3.721408e-02;3.180161e-01;4.725996e-02;4.845747e-02;4.999470e-02;5.655503e-02;2.646042e-02
1.714569e-01;5.148724e-02;1.128585e-01;3.448508e-02;2.811463e-02;2.687183e-02;3.160728e-01;5.850338e-02;5.424814e-02;6.222690e-02;4.742576e-02;3.624884e-02
1.612198e-01;6.434736e-02;1.385212e-01;3.054660e-02;4.721871e-02;2.995064e-02;3.053303e-01;5.027634e-02;4.290023e-02;4.855632e-02;2.812849e-02;5.300391e-02
1.421962e-01;2.084130e-02;1.448597e-01;4.412763e-02;4.866081e-02;4.666727e-02;2.457392e-01;5.962384e-02;5.785574e-02;5.485915e-02;7.487305e-02;5.969611e-02
8.310302e-02;5.811318e-02;1.108354e-01;5.003028e-02;4.468878e-02;6.151387e-02;1.657943e-01;9.161909e-02;7.254583e-02;6.343613e-02;1.176108e-01;8.070926e-02
5.561956e-02;7.973526e-02;1.082458e-01;4.468691e-02;5.030795e-02;6.867765e-02;1.743548e-01;9.529667e-02;5.942766e-02;7.679552e-02;1.165143e-01;7.033797e-02
9.847260e-02;8.378731e-02;9.571154e-02;4.859789e-02;5.592417e-02;7.068226e-02;1.777632e-01;8.230519e-02;4.739806e-02;7.877244e-02;8.840290e-02;7.218249e-02
9.664506e-02;9.183133e-02;9.934305e-02;6.760837e-02;5.704673e-02;7.057879e-02;1.683557e-01;8.413252e-02;5.210336e-02;6.470763e-02;6.473287e-02;8.291463e-02
8.046152e-02;1.028929e-01;1.098795e-01;7.739817e-02;6.190746e-02;7.094695e-02;1.198677e-01;7.351284e-02;7.107805e-02;9.487265e-02;7.317059e-02;6.401176e-02
1.137245e-01;9.790205e-02;1.809374e-01;4.408546e-02;6.182076e-02;6.619547e-02;8.283319e-02;6.252921e-02;6.551276e-02;1.044597e-01;6.255133e-02;5.744818e-02
1.553608e-01;1.137160e-01;1.964245e-01;2.980897e-02;5.719535e-02;5.631581e-02;1.172244e-01;5.426724e-02;5.916057e-02;7.996156e-02;4.552698e-02;3.503783e-02
1.857188e-01;1.125093e-01;1.645764e-01;4.319373e-02;7.084052e-02;5.206352e-02;1.434512e-01;6.091897e-02;4.732085e-02;5.268136e-02;3.664695e-02;3.007845e-02
1.998643e-01;5.700341e-02;2.017349e-01;4.853381e-02;9.404523e-02;4.064728e-02;1.281058e-01;7.746643e-02;3.236181e-02;3.540283e-02;3.466793e-02;5.016623e-02
2.343817e-01;8.750480e-02;1.782383e-01;4.620312e-02;1.043007e-01;4.119011e-02;8.924933e-02;6.906141e-02;3.203905e-02;3.661759e-02;2.777141e-02;5.344238e-02
2.479094e-01;9.116229e-02;1.778024e-01;4.294409e-02;1.128155e-01;3.741436e-02;9.520118e-02;5.082626e-02;1.750550e-02;2.980275e-02;4.453069e-02;5.208566e-02
2.371506e-01;8.101687e-02;1.876230e-01;4.005612e-02;1.139617e-01;3.093347e-02;1.025786e-01;5.062198e-02;1.967853e-02;3.408304e-02;5.196660e-02;5.032961e-02
2.225861e-01;7.512874e-02;2.055626e-01;4.964525e-02;1.031338e-01;2.015947e-02;1.051493e-01;6.400561e-02;2.641003e-02;3.451280e-02;4.501405e-02;4.869226e-02
1.402191e-01;5.824437e-02;2.129922e-01;7.728558e-02;9.627637e-02;5.385521e-02;8.811492e-02;7.755569e-02;4.411883e-02;5.956507e-02;4.780561e-02;4.396708e-02
8.651778e-02;3.966841e-02;1.803962e-01;8.965877e-02;1.269614e-01;8.218763e-02;8.284977e-02;9.766823e-02;6.747883e-02;6.652972e-02;3.744089e-02;4.264233e-02
6.157169e-02;3.265757e-02;1.076108e-01;7.908970e-02;1.140708e-01;6.774957e-02;1.568649e-01;1.118896e-01;1.100217e-01;7.188921e-02;3.508239e-02;5.150198e-02
5.392626e-02;3.469826e-02;1.091477e-01;6.474088e-02;7.635003e-02;5.099601e-02;1.929206e-01;8.161670e-02;1.333873e-01;8.990920e-02;6.208394e-02;5.022314e-02
6.006221e-02;2.316225e-02;1.372539e-01;5.084792e-02;8.907302e-02;6.018517e-02;2.036171e-01;6.550442e-02;8.862869e-02;8.430418e-02;9.193786e-02;4.542315e-02
2.899375e-02;3.169248e-02;1.488492e-01;4.803810e-02;1.363212e-01;5.387677e-02;1.907159e-01;8.877493e-02;4.153237e-02;6.501695e-02;1.149671e-01;5.122136e-02
3.799554e-02;3.947240e-02;1.277142e-01;4.874218e-02;1.536604e-01;4.048975e-02;1.691513e-01;1.060402e-01;6.371287e-02;6.666283e-02;8.461475e-02;6.174355e-02
6.070747e-02;3.470889e-02;1.395249e-01;6.384386e-02;1.019820e-01;5.164906e-02;1.659549e-01;8.312202e-02;1.007973e-01;6.422395e-02;6.042595e-02;7.305975e-02
7.831286e-02;5.014563e-02;1.385645e-01;5.793649e-02;7.177826e-02;4.525308e-02;1.916776e-01;9.711886e-02;1.107530e-01;5.957970e-02;3.905972e-02;5.982026e-02
9.829294e-02;7.651707e-02;1.420355e-01;4.312756e-02;6.785271e-02;5.486038e-02;1.679920e-01;7.412257e-02;7.436966e-02;7.240489e-02;6.189275e-02;6.653204e-02
1.561517e-01;1.052337e-01;7.106552e-02;7.077699e-02;4.601601e-02;3.455186e-02;8.256939e-02;3.088470e-02;8.848990e-02;1.200251e-01;8.700120e-02;1.072340e-01
1.771668e-01;1.055813e-01;5.808317e-02;7.631823e-02;4.380565e-02;2.219186e-02;5.892479e-02;2.401187e-02;9.746226e-02;1.336833e-01;8.586150e-02;1.169092e-01
1.866446e-01;9.832062e-02;6.116857e-02;7.900899e-02;4.103356e-02;1.792766e-02;5.253217e-02;1.778435e-02;9.114330e-02;1.422298e-01;8.697526e-02;1.252311e-01
1.269407e-01;6.996520e-02;1.349682e-01;6.478763e-02;6.390397e-02;4.388812e-02;8.877477e-02;3.880642e-02;4.696427e-02;1.144450e-01;8.759738e-02;1.189585e-01
7.061628e-02;5.922568e-02;2.022144e-01;4.783984e-02;5.950862e-02;5.296073e-02;8.878761e-02;6.301564e-02;7.908493e-02;8.700565e-02;8.010843e-02;1.096321e-01
9.368525e-02;7.582723e-02;1.715254e-01;4.608085e-02;4.541377e-02;6.022137e-02;7.452043e-02;6.044109e-02;1.066705e-01;9.914150e-02;5.532127e-02;1.111513e-01
9.930570e-02;7.085172e-02;1.242902e-01;4.708597e-02;6.483697e-02;6.227839e-02;7.473975e-02;8.450159e-02;9.619167e-02;1.058495e-01;7.332414e-02;9.674431e-02
1.010713e-01;6.641715e-02;1.182968e-01;4.723482e-02;7.731110e-02;4.782921e-02;9.762281e-02;1.036350e-01;9.092731e-02;7.588249e-02;1.002425e-01;7.352942e-02
6.769818e-02;7.286045e-02;1.525344e-01;5.043091e-02;8.066458e-02;5.185483e-02;1.401587e-01;9.322372e-02;8.194885e-02;5.991309e-02;7.777076e-02;7.094153e-02
7.505055e-02;6.870601e-02;2.090300e-01;4.636679e-02;5.277760e-02;5.935005e-02;1.691779e-01;7.382605e-02;5.358573e-02;6.117637e-02;6.405955e-02;6.689337e-02
1.707583e-01;5.157793e-02;1.805143e-01;3.867751e-02;4.929503e-02;4.129615e-02;1.962919e-01;7.734454e-02;3.194021e-02;4.953954e-02;5.244017e-02;6.032439e-02
2.203507e-01;5.343411e-02;1.704161e-01;3.962768e-02;8.527433e-02;2.873619e-02;1.688106e-01;6.496298e-02;3.933049e-02;3.583013e-02;4.327179e-02;4.995490e-02
2.308064e-01;9.321604e-02;1.182598e-01;3.588980e-02;8.330040e-02;2.657277e-02;2.029839e-01;5.925399e-02;5.203428e-02;2.081828e-02;4.249518e-02;3.436913e-02
2.282772e-01;1.031636e-01;9.834097e-02;3.574796e-02;8.516083e-02;5.255187e-02;1.926552e-01;5.934732e-02;4.426014e-02;2.181795e-02;3.639936e-02;4.227750e-02
2.072374e-01;1.124565e-01;1.708986e-01;2.952445e-02;7.916285e-02;7.695775e-02;1.407380e-01;4.385589e-02;3.429280e-02;3.294197e-02;4.134385e-02;3.059002e-02
1.954069e-01;1.253420e-01;2.421813e-01;2.576401e-02;7.057840e-02;7.146522e-02;8.812481e-02;3.296149e-02;3.556879e-02;3.335361e-02;4.619030e-02;3.306316e-02
1.720821e-01;1.111508e-01;2.807300e-01;3.971744e-02;8.580823e-02;7.259998e-02;6.070172e-02;4.225693e-02;4.127849e-02;2.708982e-02;3.385779e-02;3.272680e-02
1.716198e-01;7.732267e-02;2.358446e-01;4.528921e-02;9.353749e-02;6.887791e-02;1.168648e-01;4.819504e-02;4.194786e-02;3.502974e-02;2.927055e-02;3.620029e-02
2.157672e-01;5.429376e-02;1.217497e-01;4.473636e-02;8.617091e-02;4.981950e-02;1.823717e-01;8.046621e-02;4.599141e-02;3.517340e-02;3.860581e-02;4.485406e-02
2.385214e-01;6.375086e-02;1.158705e-01;4.700180e-02;6.358477e-02;3.029797e-02;1.927680e-01;9.039798e-02;5.017058e-02;2.620389e-02;3.562819e-02;4.580407e-02
2.295505e-01;6.232894e-02;1.005039e-01;4.547067e-02;5.499663e-02;4.096387e-02;2.365546e-01;8.084377e-02;4.984455e-02;2.723134e-02;2.707676e-02;4.463451e-02
1.950763e-01;3.476653e-02;1.107198e-01;4.788921e-02;4.823746e-02;7.161737e-02;2.683235e-01;6.619796e-02;5.015992e-02;2.939361e-02;2.708707e-02;5.053118e-02
1.564565e-01;2.917105e-02;5.849813e-02;5.766009e-02;5.114722e-02;9.648284e-02;2.924443e-01;5.875696e-02;4.568401e-02;4.341340e-02;4.160612e-02;6.867943e-02
1.094347e-01;4.648153e-02;8.873153e-02;6.723557e-02;4.531858e-02;8.591855e-02;3.053866e-01;4.473548e-02;2.941903e-02;4.501446e-02;5.210865e-02;8.021536e-02
6.313246e-02;4.843933e-02;7.515251e-02;6.237925e-02;4.360259e-02;6.464729e-02;3.589982e-01;3.966274e-02;3.543985e-02;4.144662e-02;7.940411e-02;8.769502e-02
5.976574e-02;3.356780e-02;1.172711e-01;4.286015e-02;4.952564e-02;5.762112e-02;3.384381e-01;4.232292e-02;4.393026e-02;5.242305e-02;1.029647e-01;5.930933e-02
5.035666e-02;2.374664e-02;1.263555e-01;3.685142e-02;5.379689e-02;8.534393e-02;3.113430e-01;2.884863e-02;4.756818e-02;6.462438e-02;1.172444e-01;5.392029e-02
5.382480e-02;2.577239e-02;1.395162e-01;4.181261e-02;6.753176e-02;1.323693e-01;2.636791e-01;2.601973e-02;3.482847e-02;5.960021e-02;1.060659e-01;4.897945e-02
5.298575e-02;1.769080e-02;1.208985e-01;5.513958e-02;8.432310e-02;1.529134e-01;2.626418e-01;2.186462e-02;3.204780e-02;6.622813e-02;9.988289e-02;3.338367e-02
