4.196350e-02;1.359020e-01;1.924916e-01;6.906836e-02;5.634418e-02;1.712456e-01;6.354009e-02;9.408680e-02;6.106767e-02;4.298477e-02;3.540263e-02;3.590271e-02
3.788982e-02;7.427540e-02;1.192685e-01;4.717381e-02;5.343655e-02;2.922331e-01;8.081937e-02;1.318741e-01;6.441199e-02;3.823408e-02;2.742663e-02;3.295653e-02
2.375362e-02;6.316563e-02;7.743060e-02;3.616426e-02;4.731261e-02;3.180674e-01;1.091816e-01;1.095448e-01;1.078362e-01;6.679106e-02;1.582801e-02;2.492427e-02
1.678794e-02;4.576003e-02;7.502212e-02;3.875625e-02;5.925504e-02;2.622932e-01;1.393476e-01;1.052798e-01;1.647582e-01;4.834872e-02;3.050556e-02;1.388552e-02
1.316343e-02;4.936798e-02;5.118319e-02;3.684908e-02;6.207978e-02;2.719701e-01;1.823663e-01;8.352369e-02;1.283877e-01;6.862068e-02;3.739938e-02;1.508859e-02
1.061942e-02;6.855769e-02;5.320514e-02;3.545033e-02;3.449156e-02;2.415302e-01;1.857979e-01;1.179812e-01;1.174101e-01;9.427087e-02;2.553732e-02;1.514821e-02
2.035930e-02;8.594039e-02;3.570133e-02;3.499631e-02;4.342822e-02;1.571965e-01;1.774970e-01;1.784131e-01;1.508855e-01;8.168587e-02;1.486797e-02;1.902848e-02
2.992945e-02;1.047120e-01;2.914654e-02;5.752932e-02;5.342137e-02;1.121940e-01;1.789474e-01;2.143040e-01;1.209601e-01;6.463836e-02;1.573823e-02;1.847935e-02
4.361775e-02;1.175926e-01;4.829720e-02;7.407997e-02;5.548602e-02;8.989116e-02;1.404557e-01;1.810139e-01;1.177829e-01;9.298106e-02;1.507594e-02;2.372582e-02
4.839389e-02;8.954358e-02;4.511695e-02;7.001760e-02;6.276822e-02;8.044010e-02;1.227631e-01;1.648389e-01;1.442331e-01;1.211655e-01;2.498998e-02;2.572909e-02
3.615074e-02;9.881206e-02;6.743228e-02;8.628541e-02;5.765864e-02;8.758412e-02;1.687689e-01;1.049976e-01;1.084720e-01;9.455359e-02;4.850546e-02;4.077922e-02
6.353086e-02;1.018273e-01;1.245726e-01;9.530368e-02;6.166923e-02;8.721061e-02;1.108046e-01;6.554028e-02;7.722527e-02;8.248719e-02;8.242089e-02;4.740747e-02
7.018992e-02;9.378053e-02;1.261723e-01;9.021403e-02;5.624151e-02;7.144955e-02;9.852738e-02;7.892287e-02;7.193743e-02;1.070309e-01;9.407116e-02;4.146241e-02
4.333193e-02;7.398061e-02;1.318173e-01;8.043599e-02;8.025312e-02;1.123482e-01;7.750140e-02;1.099233e-01;8.329173e-02;8.629332e-02;7.350731e-02;4.731582e-02
3.250152e-02;6.464157e-02;1.244805e-01;7.071181e-02;9.683223e-02;7.768214e-02;1.183003e-01;1.694317e-01;7.325664e-02;5.126539e-02;7.343583e-02;4.746050e-02
2.506488e-02;8.437625e-02;1.104443e-01;5.287605e-02;9.704961e-02;5.436149e-02;1.615549e-01;1.827396e-01;7.325272e-02;2.993661e-02;9.458572e-02;3.375792e-02
2.333632e-02;1.015855e-01;7.187160e-02;3.512949e-02;8.137918e-02;4.854722e-02;2.366269e-01;1.631175e-01;7.418416e-02;2.296283e-02;1.254973e-01;1.576198e-02
3.114432e-02;8.155981e-02;2.708564e-02;5.706555e-02;4.845281e-02;9.619947e-02;2.599348e-01;1.325875e-01;5.924045e-02;6.754650e-02;1.187371e-01;2.044602e-02
6.568629e-02;3.429535e-02;1.459445e-02;9.791123e-02;3.130343e-02;1.996404e-01;1.787073e-01;1.123965e-01;3.276084e-02;1.408334e-01;6.825769e-02;2.361308e-02
9.032161e-02;1.898616e-02;1.550923e-02;1.056857e-01;3.027516e-02;2.892461e-01;7.194570e-02;1.224393e-01;1.849977e-02;1.977603e-01;2.162100e-02;1.770994e-02
9.627681e-02;2.516986e-02;3.542284e-02;7.812472e-02;3.799907e-02;3.133515e-01;2.014369e-02;1.239415e-01;3.026592e-02;1.997813e-01;2.491433e-02;1.460844e-02
8.638700e-02;2.757651e-02;7.207914e-02;4.669719e-02;5.265705e-02;2.938663e-01;3.142630e-02;1.098184e-01;5.988006e-02;1.530401e-01;4.074525e-02;2.582675e-02
8.051579e-02;3.940213e-02;1.141794e-01;2.787090e-02;7.717426e-02;2.665003e-01;3.101494e-02;9.787015e-02;1.014684e-01;7.783002e-02;3.799576e-02;4.817801e-02
6.672321e-02;2.599619e-02;1.753065e-01;1.566598e-02;1.147352e-01;2.117950e-01;4.114616e-02;5.813907e-02;1.201709e-01;6.656168e-02;2.777795e-02;7.598224e-02
3.897049e-02;1.681854e-02;2.183610e-01;1.981509e-02;1.674609e-01;1.452871e-01;5.266091e-02;5.673489e-02;1.417192e-01;3.202699e-02;2.548238e-02;8.466249e-02
3.843867e-02;2.662535e-02;2.123979e-01;1.695474e-02;1.889602e-01;9.932718e-02;4.762753e-02;4.307986e-02;1.664488e-01;6.134902e-02;2.178222e-02;7.700850e-02
3.801277e-02;2.401230e-02;1.749775e-01;3.089002e-02;1.898633e-01;1.189718e-01;4.016765e-02;4.514027e-02;1.558084e-01;8.049193e-02;2.124486e-02;8.041919e-02
3.273170e-02;2.657298e-02;1.409036e-01;5.937871e-02;1.798345e-01;1.410453e-01;3.442025e-02;6.986461e-02;1.478214e-01;5.475712e-02;1.928556e-02;9.338427e-02
1.721592e-02;2.646882e-02;1.155873e-01;5.216001e-02;1.200664e-01;1.443736e-01;5.207826e-02;7.117853e-02;1.305995e-01;1.383062e-01;3.264540e-02;9.932015e-02
4.259096e-02;3.668993e-02;1.252582e-01;4.780601e-02;6.693035e-02;1.831445e-01;5.174294e-02;4.380044e-02;1.046414e-01;1.864951e-01;2.968032e-02;8.121993e-02
3.621687e-02;4.431422e-02;1.327770e-01;5.208461e-02;3.874039e-02;2.127824e-01;4.027016e-02;3.854707e-02;1.061142e-01;2.140169e-01;3.235478e-02;5.178133e-02
2.149121e-02;4.525506e-02;1.317885e-01;5.477437e-02;6.350505e-02;2.086728e-01;6.457155e-02;3.757776e-02;1.218423e-01;1.972786e-01;2.577604e-02;2.746683e-02
2.853188e-02;4.682874e-02;1.290816e-01;6.123575e-02;1.015467e-01;2.347229e-01;5.512503e-02;5.635959e-02;1.119856e-01;8.885153e-02;4.595843e-02;3.977225e-02
4.504274e-02;2.624988e-02;1.201980e-01;6.060599e-02;1.085610e-01;2.429540e-01;8.169118e-02;7.893456e-02;8.979575e-02;5.350600e-02;4.366037e-02;4.880052e-02
1.114142e-01;3.113959e-02;8.104344e-02;4.924323e-02;8.873279e-02;2.631096e-01;9.062392e-02;7.570709e-02;7.888559e-02;4.283409e-02;3.406829e-02;5.319812e-02
1.330684e-01;6.324255e-02;4.035105e-02;8.274551e-02;4.293917e-02;2.706254e-01;5.960635e-02;9.830110e-02;5.576410e-02;7.290678e-02;3.922638e-02;4.122323e-02
8.170304e-02;6.262447e-02;4.359966e-02;1.230808e-01;2.605576e-02;2.300810e-01;1.452196e-01;8.273654e-02;3.585001e-02;1.002906e-01;5.654535e-02;1.221317e-02
6.444425e-02;3.632388e-02;2.706712e-02;1.343108e-01;2.666066e-02;2.137835e-01;1.659945e-01;6.701819e-02;2.801485e-02;1.468652e-01;6.408412e-02;2.543296e-02
5.531066e-02;3.705090e-02;1.717916e-02;1.251603e-01;3.246754e-02;2.008712e-01;1.554624e-01;6.975803e-02;3.688348e-02;1.771731e-01;6.848005e-02;2.420312e-02
2.504527e-02;5.953670e-02;1.344477e-02;6.872330e-02;7.137788e-02;1.187599e-01;2.478068e-01;6.053291e-02;4.364598e-02;1.215202e-01;1.499636e-01;1.964263e-02
2.573239e-02;5.883620e-02;2.519708e-02;3.717704e-02;1.103435e-01;5.170493e-02;2.665338e-01;9.398147e-02;4.535467e-02;5.232434e-02;1.950704e-01;3.774419e-02
1.984466e-02;3.047742e-02;5.711729e-02;2.012946e-02;1.035999e-01;7.930159e-02;1.577275e-01;2.235472e-01;2.962333e-02;2.365238e-02;1.496358e-01;1.053436e-01
2.374603e-02;1.446976e-02;7.009570e-02;1.424012e-02;4.730926e-02;1.329362e-01;7.155402e-02;3.196362e-01;3.495342e-02;2.735187e-02;6.090791e-02;1.827994e-01
4.251523e-02;1.895900e-02;4.869919e-02;4.977360e-02;2.973697e-02;1.500405e-01;4.696995e-02;2.577788e-01;1.090668e-01;3.550325e-02;2.100947e-02;1.899472e-01
8.150065e-02;2.019138e-02;3.403591e-02;1.180394e-01;4.200004e-02;9.601039e-02;6.926749e-02;1.117572e-01;2.382369e-01;4.052219e-02;3.741462e-02;1.110238e-01
1.109267e-01;1.179655e-02;3.344512e-02;1.509442e-01;3.713022e-02;6.253843e-02;8.960614e-02;7.919831e-02;2.820017e-01;4.382580e-02;5.531490e-02;4.327194e-02
1.011040e-01;1.492955e-02;5.053348e-02;1.558961e-01;4.125743e-02;4.936554e-02;1.141326e-01;1.009140e-01;2.385391e-01;4.700650e-02;5.661827e-02;2.970338e-02
7.807919e-02;3.793285e-02;9.374242e-02;1.537550e-01;6.730697e-02;6.033813e-02;1.352445e-01;9.701933e-02;1.863863e-01;2.047061e-02;4.489559e-02;2.482905e-02
4.152945e-02;5.698611e-02;1.206572e-01;1.296088e-01;7.404733e-02;9.146723e-02;1.213085e-01;1.132696e-01;1.420555e-01;5.336860e-02;2.913506e-02;2.656654e-02
2.039049e-02;4.371700e-02;1.039264e-01;9.969904e-02;5.677695e-02;1.016599e-01;1.611433e-01;1.345510e-01;1.032486e-01;8.587302e-02;4.055968e-02;4.845456e-02
4.477856e-02;1.445006e-02;5.560138e-02;7.900427e-02;6.055364e-02;1.605404e-01;1.093193e-01;1.576117e-01;1.169897e-01;8.343593e-02;3.247338e-02;8.524171e-02
6.224832e-02;2.545433e-02;2.128471e-02;7.226946e-02;3.948287e-02;1.815556e-01;1.001585e-01;1.569840e-01;1.115028e-01;9.164996e-02;3.034655e-02;1.070629e-01
7.765497e-02;4.259187e-02;7.011086e-02;6.000206e-02;4.270200e-02;1.620657e-01;6.601572e-02;1.732872e-01;1.073644e-01;6.904799e-02;2.864926e-02;1.005080e-01
5.751425e-02;4.329823e-02;1.276313e-01;4.612825e-02;4.139897e-02;1.339243e-01;4.072434e-02;1.817279e-01;1.221789e-01;7.287972e-02;3.794326e-02;9.465052e-02
5.376333e-02;7.335441e-02;1.423980e-01;4.802658e-02;2.235610e-02;6.677887e-02;5.959492e-02;2.033110e-01;7.944331e-02;9.200852e-02;5.219362e-02;1.067715e-01
5.501053e-02;1.020700e-01;1.266807e-01;3.108481e-02;3.797887e-02;9.652486e-02;6.245390e-02;2.131215e-01;4.721919e-02;8.062810e-02;5.241354e-02;9.481402e-02
5.296516e-02;1.124698e-01;1.012413e-01;2.025511e-02;4.425544e-02;1.552315e-01;6.492277e-02;2.243381e-01;5.226759e-02;5.080302e-02;6.194725e-02;5.930280e-02
5.561496e-02;9.546900e-02;6.638907e-02;3.352150e-02;4.267790e-02;2.135907e-01;6.754647e-02;2.081158e-01;5.327985e-02;4.499036e-02;6.214860e-02;5.665572e-02
6.115540e-02;7.048270e-02;7.685001e-02;5.305829e-02;5.788513e-02;2.278847e-01;4.131939e-02;1.353184e-01;8.807253e-02;1.011057e-01;4.269591e-02;4.417188e-02
6.731339e-02;3.261323e-02;7.206799e-02;6.899945e-02;5.362421e-02;1.179352e-01;5.797663e-02;1.748833e-01;1.375951e-01;1.171581e-01;3.422436e-02;6.560903e-02
5.170624e-02;1.806514e-02;4.123403e-02;6.378298e-02;5.538166e-02;1.720520e-01;6.474526e-02;1.546071e-01;1.416962e-01;1.156287e-01;5.866649e-02;6.243424e-02
4.024711e-02;2.126102e-02;2.821617e-02;5.711302e-02;6.928888e-02;2.028940e-01;8.654565e-02;1.769389e-01;1.065455e-01;1.275752e-01;4.521966e-02;3.815484e-02
4.408736e-02;1.731572e-02;4.053944e-02;7.187526e-02;8.858094e-02;2.142861e-01;9.674418e-02;1.808703e-01;7.611641e-02;9.005680e-02;1.641280e-02;6.311459e-02
3.388988e-02;4.151391e-02;5.435985e-02;8.145143e-02;9.719852e-02;2.133749e-01;8.939730e-02;1.508839e-01;9.011347e-02;4.744710e-02;3.240390e-02;6.796589e-02
3.360892e-02;1.013552e-01;7.386000e-02;3.826844e-02;6.063630e-02;1.413805e-01;1.036875e-01;1.792187e-01;8.663104e-02;6.056973e-02;7.051224e-02;5.027137e-02
2.917736e-02;1.554237e-01;5.663037e-02;2.674016e-02;5.406072e-02;1.383207e-01;1.164965e-01;1.687907e-01;9.184815e-02;4.026650e-02;7.715613e-02;4.508905e-02
2.704842e-02;1.945467e-01;4.524117e-02;1.947843e-02;4.450168e-02;1.268024e-01;1.334940e-01;1.589312e-01;7.953852e-02;4.419011e-02;7.631474e-02;4.991261e-02
2.870326e-02;1.996722e-01;4.982981e-02;1.937514e-02;2.947575e-02;1.207182e-01;1.326521e-01;1.304878e-01;6.957506e-02;6.373278e-02;7.443945e-02;8.133856e-02
4.413743e-02;1.474268e-01;7.432297e-02;3.624501e-02;4.716431e-02;1.547902e-01;1.063028e-01;1.036507e-01;6.632441e-02;7.824590e-02;5.163132e-02;8.975806e-02
4.944706e-02;8.118651e-02;7.728591e-02;5.575763e-02;5.940647e-02;1.909602e-01;9.657511e-02;7.696673e-02;7.198150e-02;7.990912e-02;7.890194e-02;8.162180e-02
4.311362e-02;6.275813e-02;5.495059e-02;6.121505e-02;5.528870e-02;2.148851e-01;1.014796e-01;1.215806e-01;8.469830e-02;5.558542e-02;8.219443e-02;6.225050e-02
4.952595e-02;9.393924e-02;3.391590e-02;5.655623e-02;1.048968e-01;1.805621e-01;9.770879e-02;1.369090e-01;7.018169e-02;7.385722e-02;4.405801e-02;5.788899e-02
6.876211e-02;9.710234e-02;3.624525e-02;5.180437e-02;1.455101e-01;1.114233e-01;8.931478e-02;1.255122e-01;5.799328e-02;7.634325e-02;8.505391e-02;5.493514e-02
6.675272e-02;9.480064e-02;5.338168e-02;3.897107e-02;1.433381e-01;1.180780e-01;7.304297e-02;1.590436e-01;5.687720e-02;5.044646e-02;8.896659e-02;5.630099e-02
5.140302e-02;8.622025e-02;7.219582e-02;4.595530e-02;1.557411e-01;8.330639e-02;1.096749e-01;1.828765e-01;5.198469e-02;3.594201e-02;8.798556e-02;3.671454e-02
2.452037e-02;7.843400e-02;1.082904e-01;6.056938e-02;1.371965e-01;9.425272e-02;1.779060e-01;1.398369e-01;5.113676e-02;2.674577e-02;8.127437e-02;1.983694e-02
1.441331e-02;1.126846e-01;8.998813e-02;4.143308e-02;1.318250e-01;8.536596e-02;2.165893e-01;1.297236e-01;4.457452e-02;2.476196e-02;8.984864e-02;1.879193e-02
1.321504e-02;1.372842e-01;5.568058e-02;2.025576e-02;1.323778e-01;6.424068e-02;2.887138e-01;1.123227e-01;3.625220e-02;1.869532e-02;1.108162e-01;1.014567e-02
1.265083e-02;1.514362e-01;3.009123e-02;1.213913e-02;1.273179e-01;4.291027e-02;3.433496e-01;9.121616e-02;2.229992e-02;1.945834e-02;1.416868e-01;5.443585e-03
1.323529e-02;1.487800e-01;2.765849e-02;1.017386e-02;1.136316e-01;3.573862e-02;3.458925e-01;8.697393e-02;2.917956e-02;1.893336e-02;1.543819e-01;1.542081e-02
1.974282e-02;1.313232e-01;4.840903e-02;7.430573e-03;1.010883e-01;3.672939e-02;3.229844e-01;9.656302e-02;4.464693e-02;2.424314e-02;1.551991e-01;1.164003e-02
1.650950e-02;1.125883e-01;6.683777e-02;1.255792e-02;8.511888e-02;3.312708e-02;3.143789e-01;1.192153e-01;5.268250e-02;2.620935e-02;1.508785e-01;9.896169e-03
1.910735e-02;7.677109e-02;6.079018e-02;1.913301e-02;6.056359e-02;1.160849e-01;2.886263e-01;1.032899e-01;5.092447e-02;4.552042e-02;1.479607e-01;1.122807e-02
3.183039e-02;6.558380e-02;4.353263e-02;2.862027e-02;3.558301e-02;1.817515e-01;2.182406e-01;1.086248e-01;6.099666e-02;6.493363e-02;1.362723e-01;2.403030e-02
2.271905e-02;8.201033e-02;3.987151e-02;4.545236e-02;3.327780e-02;1.755376e-01;1.675401e-01;1.524023e-01;6.020217e-02;6.645924e-02;1.313643e-01;2.316317e-02
3.370860e-02;7.759828e-02;3.149885e-02;6.184622e-02;2.381493e-02;9.789804e-02;1.992947e-01;1.809380e-01;7.478989e-02;7.143886e-02;1.285051e-01;1.866859e-02
3.735549e-02;8.049246e-02;5.115752e-02;5.822967e-02;5.766142e-02;6.198064e-02;1.756011e-01;1.446696e-01;8.601124e-02;1.037783e-01;1.207382e-01;2.232436e-02
3.267572e-02;7.361712e-02;5.471692e-02;3.903761e-02;7.059221e-02;6.285817e-02;2.225138e-01;1.207170e-01;5.243401e-02;1.172302e-01;1.226892e-01;3.091813e-02
3.573422e-02;6.820893e-02;4.765434e-02;4.701520e-02;5.491693e-02;9.143412e-02;2.476162e-01;1.060824e-01;4.708787e-02;1.147886e-01;1.238040e-01;1.565715e-02
6.994136e-02;6.508859e-02;4.921965e-02;4.679452e-02;5.379660e-02;7.784308e-02;1.888174e-01;1.053502e-01;5.332418e-02;1.055520e-01;1.216636e-01;6.260883e-02
7.093668e-02;6.654806e-02;3.633859e-02;3.433711e-02;7.410717e-02;9.434858e-02;1.423449e-01;1.544079e-01;5.617133e-02;6.432790e-02;1.353696e-01;7.076223e-02
6.141805e-02;6.970430e-02;3.525400e-02;3.424083e-02;9.221288e-02;1.348193e-01;1.460111e-01;1.338371e-01;5.694569e-02;5.278390e-02;1.361277e-01;4.664519e-02
5.327469e-02;7.459695e-02;2.995186e-02;5.882955e-02;9.821400e-02;1.504750e-01;1.131126e-01;1.357826e-01;5.957581e-02;8.120906e-02;1.252231e-01;1.975469e-02
3.102574e-02;8.998084e-02;5.128272e-02;5.039100e-02;8.693582e-02;1.040178e-01;1.813154e-01;1.455623e-01;5.563803e-02;8.167029e-02;1.115389e-01;1.064106e-02
2.695950e-02;8.734309e-02;7.661921e-02;5.910657e-02;8.612963e-02;1.072402e-01;1.432637e-01;1.463873e-01;5.906472e-02;7.689666e-02;1.054874e-01;2.550206e-02
1.328459e-02;9.579933e-02;1.059642e-01;6.159899e-02;7.448648e-02;1.083494e-01;1.339616e-01;1.400198e-01;7.993099e-02;5.407425e-02;9.888568e-02;3.364462e-02
3.278961e-02;1.100783e-01;8.308890e-02;5.497366e-02;4.940647e-02;1.117898e-01;2.085063e-01;1.217580e-01;6.541916e-02;4.950202e-02;8.204890e-02;3.063889e-02
5.810723e-02;9.340934e-02;3.789587e-02;6.030732e-02;2.862566e-02;2.091340e-01;2.110463e-01;9.643275e-02;4.004942e-02;8.840540e-02;5.320799e-02;2.337881e-02
7.309271e-02;5.339975e-02;3.443680e-02;5.306249e-02;4.069510e-02;2.953664e-01;1.464476e-01;8.109257e-02;3.960528e-02;1.215476e-01;3.284190e-02;2.841185e-02
5.903291e-02;2.445447e-02;7.739624e-02;3.410671e-02;9.080424e-02;3.056844e-01;9.457067e-02;6.783602e-02;6.540979e-02;1.151972e-01;3.109054e-02;3.441685e-02
3.344298e-02;4.188463e-02;1.167549e-01;4.718603e-02;1.323568e-01;2.571000e-01;7.687144e-02;6.426032e-02;8.875283e-02;7.023721e-02;2.978583e-02;4.136705e-02
2.574688e-02;7.415267e-02;1.360404e-01;6.351098e-02;1.197935e-01;2.361830e-01;7.991188e-02;7.056190e-02;1.018629e-01;2.824869e-02;1.949447e-02;4.449268e-02
4.305360e-02;1.051465e-01;9.422169e-02;5.601421e-02;8.817404e-02;2.546005e-01;9.509709e-02;7.018255e-02;9.612039e-02;2.607417e-02;3.557782e-02;3.573738e-02
4.753535e-02;6.938763e-02;6.061389e-02;3.769320e-02;8.955140e-02;2.232869e-01;1.158645e-01;1.093791e-01;9.949767e-02;7.738458e-02;5.138183e-02;1.842393e-02
3.749049e-02;6.702532e-02;3.885794e-02;4.530941e-02;1.143138e-01;2.211405e-01;9.987988e-02;1.514667e-01;7.959098e-02;1.005450e-01;3.418589e-02;1.019403e-02
3.050760e-02;6.655782e-02;2.574862e-02;6.926097e-02;1.359717e-01;2.094583e-01;1.275132e-01;1.200367e-01;4.800896e-02;1.075325e-01;5.328495e-02;6.118718e-03
3.687231e-02;5.301588e-02;4.840690e-02;6.678016e-02;8.806037e-02;2.019413e-01;1.370258e-01;1.074718e-01;4.366601e-02;1.469119e-01;5.948705e-02;1.036054e-02
4.233786e-02;2.061531e-02;4.615818e-02;4.950440e-02;7.909568e-02;2.365521e-01;1.267271e-01;7.360103e-02;5.948111e-02;1.939525e-01;5.425193e-02;1.772274e-02
3.800607e-02;4.171669e-02;5.562055e-02;2.747089e-02;1.005464e-01;2.292774e-01;7.454356e-02;3.072026e-02;7.809135e-02;2.437572e-01;6.257577e-02;1.767381e-02
2.291958e-02;6.142614e-02;4.540231e-02;4.740978e-02;1.143047e-01;2.668155e-01;5.726148e-02;5.563210e-02;4.756681e-02;2.262593e-01;2.958421e-02;2.541811e-02
3.805849e-02;6.349031e-02;6.707985e-02;7.490086e-02;9.257312e-02;2.488623e-01;1.074027e-01;3.053002e-02;2.177734e-02;1.878558e-01;2.472221e-02;4.274702e-02
5.275312e-02;7.695886e-02;9.202757e-02;5.829382e-02;5.181637e-02;1.102290e-01;1.340032e-01;6.641418e-02;3.953080e-02;1.881925e-01;6.636082e-02;6.341978e-02
6.086548e-02;7.104770e-02;6.604118e-02;4.665804e-02;1.003931e-01;1.935488e-01;1.153758e-01;9.360821e-02;8.649164e-02;9.295741e-02;3.398355e-02;3.902905e-02
7.230268e-02;6.286455e-02;7.334980e-02;2.289222e-02;6.649535e-02;2.679221e-01;8.343939e-02;9.122100e-02;9.652933e-02;1.034532e-01;3.618957e-02;2.334081e-02
2.381546e-02;1.106777e-01;1.175524e-01;5.777349e-02;7.797524e-02;1.923031e-01;8.728529e-02;1.183659e-01;8.140998e-02;5.324172e-02;3.207543e-02;4.752427e-02
1.250376e-02;1.167124e-01;1.386829e-01;3.877782e-02;1.109012e-01;1.209624e-01;1.668900e-01;1.410534e-01;4.034769e-02;6.460333e-03;6.598102e-02;4.072702e-02
8.116137e-03;1.243216e-01;1.172619e-01;2.260195e-02;1.245459e-01;7.646371e-02;2.068452e-01;1.607952e-01;2.881064e-02;1.023917e-02;9.045991e-02;2.953875e-02
6.276143e-03;1.229543e-01;7.293747e-02;1.706118e-02;1.390772e-01;4.439631e-02;2.420120e-01;1.492311e-01;2.730634e-02;2.251320e-02;1.334258e-01;2.280889e-02
7.242683e-03;1.120056e-01;1.988312e-02;9.620121e-03;1.406836e-01;4.710297e-02;2.770520e-01;1.158592e-01;2.505235e-02;2.224822e-02;2.039874e-01;1.926283e-02
8.395262e-03;8.955105e-02;1.221224e-02;7.725312e-03;1.303703e-01;5.010398e-02;2.935646e-01;8.380260e-02;1.939520e-02;2.206528e-02;2.704856e-01;1.232861e-02
1.804797e-02;6.373448e-02;1.586008e-02;8.137688e-03;1.536017e-01;4.523772e-02;2.777286e-01;6.317042e-02;1.392985e-02;1.900416e-02;3.107062e-01;1.084117e-02
2.252136e-02;3.991304e-02;2.278585e-02;1.568848e-02;1.767463e-01;3.795235e-02;2.194943e-01;1.297466e-01;1.174601e-02;9.204964e-03;2.656986e-01;4.850222e-02
2.044250e-02;2.085364e-02;3.495762e-02;2.739267e-02;1.248427e-01;5.535419e-02;1.436931e-01;2.586962e-01;1.523478e-02;1.751151e-02;1.658600e-01;1.151611e-01
9.351055e-03;1.232639e-02;5.810550e-02;2.522848e-02;5.053306e-02;1.307627e-01;5.715157e-02;3.568200e-01;2.036323e-02;3.630447e-02;6.288124e-02;1.801723e-01
1.069313e-02;2.080267e-02;5.550939e-02;1.219259e-02;1.817476e-02;2.048916e-01;4.150879e-02;3.367493e-01;2.676685e-02;3.107673e-02;1.788626e-02;2.237480e-01
2.962517e-02;3.356018e-02;4.968685e-02;2.028768e-02;2.652326e-02;2.440915e-01;3.858266e-02;2.469954e-01;4.023236e-02;2.668431e-02;2.335288e-02;2.203778e-01
6.226860e-02;3.518280e-02;5.795295e-02;5.157207e-02;3.986115e-02;2.308052e-01;4.151792e-02;1.574448e-01;8.064780e-02;2.255057e-02;2.486474e-02;1.953314e-01
8.784258e-02;2.942389e-02;6.534965e-02;1.002802e-01;4.329060e-02;1.677956e-01;3.301167e-02;1.321790e-01;1.294341e-01;1.721458e-02;2.743792e-02;1.667403e-01
1.303330e-01;1.868088e-02;5.790729e-02;1.446553e-01;4.646645e-02;1.096671e-01;4.506217e-02;1.061125e-01;1.557145e-01;1.348894e-02;3.465296e-02;1.372590e-01
1.323183e-01;2.301605e-02;8.241968e-02;1.608691e-01;2.687568e-02;5.269895e-02;2.030958e-02;1.667878e-01;1.642412e-01;2.205977e-02;5.022888e-02;9.817496e-02
8.148554e-02;5.082724e-02;9.378842e-02;1.190250e-01;3.944597e-02;8.634479e-02;8.125259e-02;2.031052e-01;1.174199e-01;1.853327e-02;6.324743e-02;4.552455e-02
2.796879e-02;9.226516e-02;6.977621e-02;9.732086e-02;8.464728e-02;1.167474e-01;8.437573e-02;1.375720e-01;6.415189e-02;5.735112e-02;1.278747e-01;3.994894e-02
3.005431e-02;6.785896e-02;4.323928e-02;4.853367e-02;9.888784e-02;1.543258e-01;8.078837e-02;1.824357e-01;4.496729e-02;4.113272e-02;1.249684e-01;8.280766e-02
2.009582e-02;6.115466e-02;4.122126e-02;4.351386e-02;7.577775e-02;1.908103e-01;1.289978e-01;1.676409e-01;4.756061e-02;3.154643e-02;8.359838e-02;1.080823e-01
1.547858e-02;6.148052e-02;3.622849e-02;5.500913e-02;3.722074e-02;2.157137e-01;1.525494e-01;1.180515e-01;3.749105e-02;2.127752e-02;8.661693e-02;1.628824e-01
4.923128e-02;5.325257e-02;3.974913e-02;4.690980e-02;2.715000e-02;2.016910e-01;1.471931e-01;7.394626e-02;3.365573e-02;2.201401e-02;1.250305e-01;1.801766e-01
5.357038e-02;4.021745e-02;6.865495e-02;4.127550e-02;4.364936e-02;1.633216e-01;1.424861e-01;8.992108e-02;5.145281e-02;1.873166e-02;1.207451e-01;1.659741e-01
3.256745e-02;7.990355e-02;1.451066e-01;7.408726e-02;7.154233e-02;1.097651e-01;7.169423e-02;1.305033e-01;5.732855e-02;1.817906e-02;5.987997e-02;1.494426e-01
3.080077e-02;9.769500e-02;2.142241e-01;7.987625e-02;7.007869e-02;6.791081e-02;4.884693e-02;1.613621e-01;5.017882e-02;1.790400e-02;2.807566e-02;1.330468e-01
4.404107e-02;1.176450e-01;2.224155e-01;6.000631e-02;6.526841e-02;5.507429e-02;5.807227e-02;1.665214e-01;3.458288e-02;1.828992e-02;5.062242e-02;1.074604e-01
6.568144e-02;1.612840e-01;1.698836e-01;3.886026e-02;6.033886e-02;8.781665e-02;6.702270e-02;1.497083e-01;2.407070e-02;1.752740e-02;8.625668e-02;7.154945e-02
6.634860e-02;1.571354e-01;1.129228e-01;2.350965e-02;5.671055e-02;1.471139e-01;9.168992e-02;1.338102e-01;2.921809e-02;2.602148e-02;1.047150e-01;5.080438e-02
5.724856e-02;8.253330e-02;9.786582e-02;2.699909e-02;4.815444e-02;1.890361e-01;1.262118e-01;1.104522e-01;4.814536e-02;3.777402e-02;1.072909e-01;6.828847e-02
4.565508e-02;6.627281e-02;6.111964e-02;2.744684e-02;8.936154e-02;2.001372e-01;1.335300e-01;1.197926e-01;7.023870e-02;2.986932e-02;1.151094e-01;4.146690e-02
1.824963e-02;5.839713e-02;4.038668e-02;1.663830e-02;1.241864e-01;1.628046e-01;9.964707e-02;2.052733e-01;7.416619e-02;2.199587e-02;1.001597e-01;7.809522e-02
3.617828e-02;2.911289e-02;6.351642e-02;1.447475e-02;1.256711e-01;1.821435e-01;7.488104e-02;1.928215e-01;8.203895e-02;2.922297e-02;7.799218e-02;9.194655e-02
2.799235e-02;4.786517e-02;7.200126e-02;2.296543e-02;1.078904e-01;1.854317e-01;1.059763e-01;1.379592e-01;6.601743e-02;3.381518e-02;9.232835e-02;9.975734e-02
1.668284e-02;4.551180e-02;4.309184e-02;3.253868e-02;9.988408e-02;1.583342e-01;1.064423e-01;1.412150e-01;6.352148e-02;4.457610e-02;1.554945e-01;9.270720e-02
2.558832e-02;4.314375e-02;4.493680e-02;2.591594e-02;7.744531e-02;1.182292e-01;1.480281e-01;1.897125e-01;6.948897e-02;3.798537e-02;1.616824e-01;5.784347e-02
2.070498e-02;3.986812e-02;6.490028e-02;3.671930e-02;6.324013e-02;1.484098e-01;1.697608e-01;2.488373e-01;5.857478e-02;2.975188e-02;1.052882e-01;1.394449e-02
1.865263e-02;3.505124e-02;7.875403e-02;6.652657e-02;6.832376e-02;1.831014e-01;1.353605e-01;2.466290e-01;4.923567e-02;2.864528e-02;5.907551e-02;3.064442e-02
1.844252e-02;3.558145e-02;9.995717e-02;9.040696e-02;7.983355e-02;2.258088e-01;7.822914e-02;2.206205e-01;4.831996e-02;2.646510e-02;3.457272e-02;4.176212e-02
1.661846e-02;3.066189e-02;9.819812e-02;8.572691e-02;1.215842e-01;2.147665e-01;6.401554e-02;1.572205e-01;4.259039e-02;1.329505e-02;6.607945e-02;8.924302e-02
1.948308e-02;4.096891e-02;7.987650e-02;6.593564e-02;1.315817e-01;1.329004e-01;1.050420e-01;1.626906e-01;5.487815e-02;1.848478e-02;8.477888e-02;1.033794e-01
2.585769e-02;3.524796e-02;7.013708e-02;4.845458e-02;8.712842e-02;1.120426e-01;1.323049e-01;1.757003e-01;6.248213e-02;2.885926e-02;1.031530e-01;1.186321e-01
3.716359e-02;3.768973e-02;3.691640e-02;4.403619e-02;6.867725e-02;1.900724e-01;1.087032e-01;1.818862e-01;5.571945e-02;2.135094e-02;1.146901e-01;1.030947e-01
4.773484e-02;4.811426e-02;5.628107e-02;2.588897e-02;6.912337e-02;1.973451e-01;1.287000e-01;1.492366e-01;3.871407e-02;2.600779e-02;1.020988e-01;1.107551e-01
8.138602e-02;1.138728e-01;1.077591e-01;5.813295e-02;5.991128e-02;9.026185e-02;1.472595e-01;1.239437e-01;4.760668e-02;2.774922e-02;8.536139e-02;5.675546e-02
1.076259e-01;1.353525e-01;9.019793e-02;8.086605e-02;7.069649e-02;1.039290e-01;9.916029e-02;9.589014e-02;6.679970e-02;3.106734e-02;7.608739e-02;4.232724e-02
1.047888e-01;1.127647e-01;7.132720e-02;7.575198e-02;7.030167e-02;1.200130e-01;7.940081e-02;1.177933e-01;7.626077e-02;2.442561e-02;1.024470e-01;4.472524e-02
4.708494e-02;1.257981e-01;1.158571e-01;6.703107e-02;7.769220e-02;1.106367e-01;7.316493e-02;1.614035e-01;8.601328e-02;2.260315e-02;6.591000e-02;4.680504e-02
4.419075e-02;1.783298e-01;1.678340e-01;6.071008e-02;6.166209e-02;7.704707e-02;9.273324e-02;1.191334e-01;6.303068e-02;1.595578e-02;8.638091e-02;3.299227e-02
3.602053e-02;1.902237e-01;1.716226e-01;5.222354e-02;4.935176e-02;7.613876e-02;1.304983e-01;7.979542e-02;3.883940e-02;2.363565e-02;9.392028e-02;5.773006e-02
4.363989e-02;1.492332e-01;1.199057e-01;5.054431e-02;3.276689e-02;1.219350e-01;1.697062e-01;5.541798e-02;2.370857e-02;7.084320e-02;7.740876e-02;8.489028e-02
9.303772e-02;6.515248e-02;4.842141e-02;5.185380e-02;2.279633e-02;2.243998e-01;1.484580e-01;5.831746e-02;2.678890e-02;1.375520e-01;4.429379e-02;7.892828e-02
1.225075e-01;4.929017e-02;3.269443e-02;4.268435e-02;2.613807e-02;3.105178e-01;7.678349e-02;6.516268e-02;3.482949e-02;1.572805e-01;3.570290e-02;4.640859e-02
1.101252e-01;5.483151e-02;4.209314e-02;2.724571e-02;4.902783e-02;3.653062e-01;2.135908e-02;5.435304e-02;4.964981e-02;1.364879e-01;6.743035e-02;2.209015e-02
5.738392e-02;4.253706e-02;6.777152e-02;3.810409e-02;8.936317e-02;3.506472e-01;2.701704e-02;5.535885e-02;6.058550e-02;8.231849e-02;1.047673e-01;2.414590e-02
3.088998e-02;4.598009e-02;9.714092e-02;5.038514e-02;1.344347e-01;3.008040e-01;1.652416e-02;5.600530e-02;7.913498e-02;3.672671e-02;1.105525e-01;4.142148e-02
5.241537e-02;6.132878e-02;1.147122e-01;6.119861e-02;1.220223e-01;1.820106e-01;3.962317e-02;6.658577e-02;9.865991e-02;2.944971e-02;9.469750e-02;7.729615e-02
7.089816e-02;9.648404e-02;1.151922e-01;6.529094e-02;6.633473e-02;1.054138e-01;4.669843e-02;1.173258e-01;1.091403e-01;4.015725e-02;9.111554e-02;7.594878e-02
7.120063e-02;1.006482e-01;6.499761e-02;4.611035e-02;8.697761e-02;1.807808e-01;3.703513e-02;1.224887e-01;8.111287e-02;7.923848e-02;5.558597e-02;7.382373e-02
4.786542e-02;8.373569e-02;5.884239e-02;1.833852e-02;1.030036e-01;2.656419e-01;3.725915e-02;1.597007e-01;4.072392e-02;6.634552e-02;4.564915e-02;7.289408e-02
2.469305e-02;3.399082e-02;5.738889e-02;2.592003e-02;7.009822e-02;3.897291e-01;2.258866e-02;1.420645e-01;2.865536e-02;1.097754e-01;3.965203e-02;5.544400e-02
1.783037e-02;4.606118e-02;7.446451e-02;3.286206e-02;3.136770e-02;3.863720e-01;6.688184e-02;9.717717e-02;3.717363e-02;1.365216e-01;3.559752e-02;3.769050e-02
1.574616e-02;5.292215e-02;8.089220e-02;2.678157e-02;6.987984e-02;3.371177e-01;7.175648e-02;6.239967e-02;4.882007e-02;1.478505e-01;5.882440e-02;2.700925e-02
2.355353e-02;2.691355e-02;7.209710e-02;1.405685e-02;9.059156e-02;3.671205e-01;2.379054e-02;9.734350e-02;5.454801e-02;1.156420e-01;8.472376e-02;2.961915e-02
2.376743e-02;4.057937e-02;6.181348e-02;3.101907e-02;9.826931e-02;3.690938e-01;5.714992e-02;9.537065e-02;3.601748e-02;8.639951e-02;7.551938e-02;2.500054e-02
2.339627e-02;5.518438e-02;4.765094e-02;4.728031e-02;8.385149e-02;3.539689e-01;2.768473e-02;1.366758e-01;5.789922e-02;9.549008e-02;4.569429e-02;2.522363e-02
3.127715e-02;9.223402e-02;9.628893e-02;5.925681e-02;5.162963e-02;2.461947e-01;4.967582e-02;2.068152e-01;6.501614e-02;5.546888e-02;9.516349e-03;3.662637e-02
2.455413e-02;1.514804e-01;1.450308e-01;5.148279e-02;5.854727e-02;1.447746e-01;8.356448e-02;2.128076e-01;6.008789e-02;2.667405e-02;1.912049e-02;2.187550e-02
1.975932e-02;1.730956e-01;1.156078e-01;2.278974e-02;7.786819e-02;1.438809e-01;1.190750e-01;1.915738e-01;5.790301e-02;3.827022e-02;2.356904e-02;1.660743e-02
2.027882e-02;1.603398e-01;1.000306e-01;4.521229e-02;1.149484e-01;1.281199e-01;1.151787e-01;1.932723e-01;5.842459e-02;2.700148e-02;2.790956e-02;9.283555e-03
1.661377e-02;1.082235e-01;1.393052e-01;8.119819e-02;1.064858e-01;8.726691e-02;8.336720e-02;2.483707e-01;7.989868e-02;2.084182e-02;2.186377e-02;6.564469e-03
1.136879e-02;4.793325e-02;1.796536e-01;6.647785e-02;5.280227e-02;6.191816e-02;8.404497e-02;3.093770e-01;1.154959e-01;3.830165e-02;1.536047e-02;1.726608e-02
1.175617e-02;4.543673e-02;1.782570e-01;4.327098e-02;4.645329e-02;1.052000e-01;8.566759e-02;2.992167e-01;1.152977e-01;3.246609e-02;1.478989e-02;2.218779e-02
1.092658e-02;5.066090e-02;1.382139e-01;8.009326e-02;1.185513e-01;1.067237e-01;7.263747e-02;2.442588e-01;1.144761e-01;2.977557e-02;1.319502e-02;2.048738e-02
1.552177e-02;7.192652e-02;1.038890e-01;1.302909e-01;1.642701e-01;8.140145e-02;5.099998e-02;1.824369e-01;1.381052e-01;2.821789e-02;1.699143e-02;1.594885e-02
2.862106e-02;1.074483e-01;9.539510e-02;1.562149e-01;1.310309e-01;7.320870e-02;4.396594e-02;1.589290e-01;1.378768e-01;1.831422e-02;2.502663e-02;2.396844e-02
3.098709e-02;1.401819e-01;1.144708e-01;1.508532e-01;1.254081e-01;6.943057e-02;2.894822e-02;1.331165e-01;1.131682e-01;2.117379e-02;3.001807e-02;4.224371e-02
3.912384e-02;1.245137e-01;1.418183e-01;1.153110e-01;1.209949e-01;1.085976e-01;2.717412e-02;1.386153e-01;8.172803e-02;2.506803e-02;2.355004e-02;5.350517e-02
3.972903e-02;6.046375e-02;1.769678e-01;8.926336e-02;8.707453e-02;1.116401e-01;3.775290e-02;1.944727e-01;7.913338e-02;4.095454e-02;2.138098e-02;6.116702e-02
2.468096e-02;4.367181e-02;1.736578e-01;8.377968e-02;5.132224e-02;1.060570e-01;3.733116e-02;1.872872e-01;9.312436e-02;4.243727e-02;1.914801e-02;1.375025e-01
1.023453e-02;6.034959e-02;1.707761e-01;9.168527e-02;8.308442e-02;1.062529e-01;3.199608e-02;1.539114e-01;8.079576e-02;3.780967e-02;2.210178e-02;1.510025e-01
5.079457e-03;7.228298e-02;1.879412e-01;9.329035e-02;8.878148e-02;1.059964e-01;2.528496e-02;1.498322e-01;6.848960e-02;2.932575e-02;2.760931e-02;1.460863e-01
8.644105e-03;6.792174e-02;2.277821e-01;6.933589e-02;4.922255e-02;9.918682e-02;1.230224e-02;1.760089e-01;6.504396e-02;5.356186e-02;2.572471e-02;1.452651e-01
1.030345e-02;6.436659e-02;2.453698e-01;4.962733e-02;2.574625e-02;8.015858e-02;1.582122e-02;2.002615e-01;5.567381e-02;8.949742e-02;2.844437e-02;1.347297e-01
1.367799e-02;6.489610e-02;2.292934e-01;4.662644e-02;2.891927e-02;6.661949e-02;2.879026e-02;2.239771e-01;5.544366e-02;9.479155e-02;4.342044e-02;1.035443e-01
2.370713e-02;5.730169e-02;1.772397e-01;7.110177e-02;4.992987e-02;7.596102e-02;3.913741e-02;2.552784e-01;5.805949e-02;8.854895e-02;4.558844e-02;5.814609e-02
1.714183e-02;5.810605e-02;1.090365e-01;6.505150e-02;5.136782e-02;8.751946e-02;4.305558e-02;3.174219e-01;1.108009e-01;8.212061e-02;2.591818e-02;3.245972e-02
1.305954e-02;6.168392e-02;1.420994e-01;4.296130e-02;2.094917e-02;1.304691e-01;3.366504e-02;3.396153e-01;1.037291e-01;3.567994e-02;2.317489e-02;5.291335e-02
2.020955e-02;4.205319e-02;1.403240e-01;4.867870e-02;4.396673e-02;1.612896e-01;2.289989e-02;3.184100e-01;7.411594e-02;3.556993e-02;4.615080e-02;4.633163e-02
1.838442e-02;7.166702e-02;1.028616e-01;6.030729e-02;5.014793e-02;1.316157e-01;5.005521e-02;3.044515e-01;7.658552e-02;5.279190e-02;3.843474e-02;4.269716e-02
9.382056e-03;7.704188e-02;1.033897e-01;8.153760e-02;4.603647e-02;1.708720e-01;4.546369e-02;2.768929e-01;6.158287e-02;4.641598e-02;2.383057e-02;5.755425e-02
1.477124e-02;9.724914e-02;1.311684e-01;6.431840e-02;3.983628e-02;1.336982e-01;5.887275e-02;2.732817e-01;8.303725e-02;3.228693e-02;2.230576e-02;4.917392e-02
1.081620e-02;1.099376e-01;1.485990e-01;6.651884e-02;3.447400e-02;1.050285e-01;7.386935e-02;2.705837e-01;9.153970e-02;2.501512e-02;2.372889e-02;3.988907e-02
5.150782e-03;1.094208e-01;1.714131e-01;6.959195e-02;2.500917e-02;9.108226e-02;6.034966e-02;2.950178e-01;1.006279e-01;2.724103e-02;2.056411e-02;2.453136e-02
7.171889e-03;1.028689e-01;1.888554e-01;6.366882e-02;1.711472e-02;9.519758e-02;3.120168e-02;3.215094e-01;1.128565e-01;3.327523e-02;1.410065e-02;1.217920e-02
7.478486e-03;9.078755e-02;1.776184e-01;4.405636e-02;2.827401e-02;7.724716e-02;7.006318e-02;3.350345e-01;1.136679e-01;3.695306e-02;8.854350e-03;9.964954e-03
8.305380e-03;1.089113e-01;1.265996e-01;1.827505e-02;5.767512e-02;9.086997e-02;7.521901e-02;3.392388e-01;8.723862e-02;3.023593e-02;3.957530e-02;1.785596e-02
1.214295e-02;1.260489e-01;6.456959e-02;2.095992e-02;9.106745e-02;1.651491e-01;9.796094e-02;2.728799e-01;5.948102e-02;1.838006e-02;5.493536e-02;1.642477e-02
1.056729e-02;1.089183e-01;8.720490e-02;3.473357e-02;1.294865e-01;1.896994e-01;1.060715e-01;2.200310e-01;4.142341e-02;1.075102e-02;4.714922e-02;1.396383e-02
6.828756e-03;8.045639e-02;6.735614e-02;2.949146e-02;1.157787e-01;2.725848e-01;1.118008e-01;2.124870e-01;3.674690e-02;8.479605e-03;3.913631e-02;1.885320e-02
7.289947e-03;5.593536e-02;4.779197e-02;2.445705e-02;8.877175e-02;3.613170e-01;1.136568e-01;1.998614e-01;4.170103e-02;1.620562e-02;2.553742e-02;1.747470e-02
8.959514e-03;5.897266e-02;3.310622e-02;3.389203e-02;6.380183e-02;3.763718e-01;7.825444e-02;2.420944e-01;5.945640e-02;1.980993e-02;1.276492e-02;1.251591e-02
8.914124e-03;6.123397e-02;6.084851e-02;5.068753e-02;5.644837e-02;3.671901e-01;3.604155e-02;2.622564e-01;5.913481e-02;2.195165e-02;3.850708e-03;1.144232e-02
1.157619e-02;4.072643e-02;5.555989e-02;4.525873e-02;6.709050e-02;3.711256e-01;3.669952e-02;2.441701e-01;7.451669e-02;2.489609e-02;1.225778e-02;1.612256e-02
1.653317e-02;6.411345e-02;5.061560e-02;2.274132e-02;5.928461e-02;3.737111e-01;6.436427e-02;2.022569e-01;7.816177e-02;2.829395e-02;2.001209e-02;1.991175e-02
1.887549e-02;1.096867e-01;1.242830e-01;4.615985e-02;6.597394e-02;3.147736e-01;4.658694e-02;1.220972e-01;6.019406e-02;3.568167e-02;2.653188e-02;2.915555e-02
2.501442e-02;9.620244e-02;1.756413e-01;4.121479e-02;6.698837e-02;2.757348e-01;5.105713e-02;1.110680e-01;6.007313e-02;3.473501e-02;2.152555e-02;4.074514e-02
2.581830e-02;3.029747e-02;1.625521e-01;3.902917e-02;7.770999e-02;3.363732e-01;6.031979e-02;1.117894e-01;5.299104e-02;3.279869e-02;2.140715e-02;4.891367e-02
2.311040e-02;1.943583e-02;1.138845e-01;4.245660e-02;7.798710e-02;4.003142e-01;6.945734e-02;1.175556e-01;4.700693e-02;2.190873e-02;1.946613e-02;4.741667e-02
1.897245e-02;3.357623e-02;9.545016e-02;4.960847e-02;7.464919e-02;3.986649e-01;6.996482e-02;1.331169e-01;4.813850e-02;7.884175e-03;1.671070e-02;5.326361e-02
2.095380e-02;3.343358e-02;1.088745e-01;5.373976e-02;9.947515e-02;3.417451e-01;6.341254e-02;1.334637e-01;4.999404e-02;9.548247e-03;1.532336e-02;7.003620e-02
1.714287e-02;3.011875e-02;1.252055e-01;4.621416e-02;1.557537e-01;2.464003e-01;4.465670e-02;1.634194e-01;6.922277e-02;1.012524e-02;1.464665e-02;7.709406e-02
1.797219e-02;4.651649e-02;1.142932e-01;3.285356e-02;1.505735e-01;2.973801e-01;2.682066e-02;1.347410e-01;7.421164e-02;1.227841e-02;1.846478e-02;7.389437e-02
1.620723e-02;5.077697e-02;1.132612e-01;3.346850e-02;1.291041e-01;3.159441e-01;3.261864e-02;1.263900e-01;7.568017e-02;1.486291e-02;2.067374e-02;7.101246e-02
1.688619e-02;7.556584e-02;1.564732e-01;2.450546e-02;1.243005e-01;2.815636e-01;3.426123e-02;1.110745e-01;7.799441e-02;1.618359e-02;1.825963e-02;6.293186e-02
1.146340e-02;8.066119e-02;1.656617e-01;5.786070e-02;1.274020e-01;2.761539e-01;4.689281e-02;1.009350e-01;5.107778e-02;8.462577e-03;1.559864e-02;5.783017e-02
1.237132e-02;6.040889e-02;1.289897e-01;5.597981e-02;1.162502e-01;3.378919e-01;5.713292e-02;1.102363e-01;3.126389e-02;6.767781e-03;2.346636e-02;5.924091e-02
1.258850e-02;5.642965e-02;1.435546e-01;2.058634e-02;1.135929e-01;3.349613e-01;7.135461e-02;1.039843e-01;4.034691e-02;1.268826e-02;3.485564e-02;5.505692e-02
1.467258e-02;1.025312e-01;2.050164e-01;8.560948e-02;1.160919e-01;1.172535e-01;7.453306e-02;1.103945e-01;6.676868e-02;1.575352e-02;3.411989e-02;5.725526e-02
9.171305e-03;9.489044e-02;1.373282e-01;8.944568e-02;9.255718e-02;2.317847e-01;5.593593e-02;1.419681e-01;6.662347e-02;1.232822e-02;2.117540e-02;4.679129e-02
1.001413e-02;8.190198e-02;1.700813e-01;7.421292e-02;9.400313e-02;3.022303e-01;2.783515e-02;1.113382e-01;6.093747e-02;8.253723e-03;1.671497e-02;4.247668e-02
7.961162e-03;7.064064e-02;2.120429e-01;4.834990e-02;1.058949e-01;2.895494e-01;2.231540e-02;1.148835e-01;5.500958e-02;6.491916e-03;1.773828e-02;4.912249e-02
1.096429e-02;5.774995e-02;1.795299e-01;3.137681e-02;6.714539e-02;3.629262e-01;2.095976e-02;1.497204e-01;5.148817e-02;8.702519e-03;1.700331e-02;4.243318e-02
6.109275e-03;4.876553e-02;1.647237e-01;2.861782e-02;4.157776e-02;4.187123e-01;1.488031e-02;1.519316e-01;6.381569e-02;9.294508e-03;1.835746e-02;3.321404e-02
6.184623e-03;3.701264e-02;1.818234e-01;4.601970e-02;4.989714e-02;3.527787e-01;2.022850e-02;1.718438e-01;7.742915e-02;1.075501e-02;1.518335e-02;3.084398e-02
6.600082e-03;5.454497e-02;1.752087e-01;3.530968e-02;5.494310e-02;2.508232e-01;3.653769e-02;2.467381e-01;8.290631e-02;6.009446e-03;1.670969e-02;3.366905e-02
9.635333e-03;5.801148e-02;1.209476e-01;2.880416e-02;5.305171e-02;3.630438e-01;3.133776e-02;2.083162e-01;6.834654e-02;6.544564e-03;1.695879e-02;3.500205e-02
1.297132e-02;6.296650e-02;1.461376e-01;4.047891e-02;7.519885e-02;3.286609e-01;4.211450e-02;1.301295e-01;9.136708e-02;5.474124e-03;1.379212e-02;5.070855e-02
1.175247e-02;5.631317e-02;1.744435e-01;2.653763e-02;8.831283e-02;1.885564e-01;2.885872e-02;2.431619e-01;1.062102e-01;5.535383e-03;1.294170e-02;5.737618e-02
6.960801e-03;4.127029e-02;1.171948e-01;3.513546e-02;7.105035e-02;3.727249e-01;2.682405e-02;2.152004e-01;6.296106e-02;6.941798e-03;1.146813e-02;3.226788e-02
9.578459e-03;4.138269e-02;1.078127e-01;1.867241e-02;7.281248e-02;4.389594e-01;4.007953e-02;1.515115e-01;7.088047e-02;7.388077e-03;1.123816e-02;2.968406e-02
8.817036e-03;5.066115e-02;1.282371e-01;2.792597e-02;7.208316e-02;3.809394e-01;4.257020e-02;1.387816e-01;8.312934e-02;8.654116e-03;1.943675e-02;3.876422e-02
6.744308e-03;5.258084e-02;1.365888e-01;2.460438e-02;4.995301e-02;4.155361e-01;2.023863e-02;1.919796e-01;4.640406e-02;4.551404e-03;1.739683e-02;3.342196e-02
1.083279e-02;3.246384e-02;1.663927e-01;2.718207e-02;4.153712e-02;4.658321e-01;1.510211e-02;1.651472e-01;3.611302e-02;5.658234e-03;8.757002e-03;2.498172e-02
7.434829e-03;5.991090e-02;1.664070e-01;3.553911e-02;2.520781e-02;4.006474e-01;2.552653e-02;1.977238e-01;5.529793e-02;5.817294e-03;5.919733e-03;1.456760e-02
9.075560e-03;7.643523e-02;1.865434e-01;5.351366e-02;2.772295e-02;2.622043e-01;1.950719e-02;2.732966e-01;7.133253e-02;5.932700e-03;4.926140e-03;9.509832e-03
5.522795e-03;8.010709e-02;1.348015e-01;7.513081e-02;4.258850e-02;3.262906e-01;1.480007e-02;2.548370e-01;4.320548e-02;9.217721e-03;7.840917e-03;5.657491e-03
7.992971e-03;5.425549e-02;1.183990e-01;5.004183e-02;4.213428e-02;4.326926e-01;1.837989e-02;2.019705e-01;4.588677e-02;8.728907e-03;6.383951e-03;1.313376e-02
