3.928153e-02;9.826215e-02;3.241501e-02;1.386561e-02;1.134979e-02;2.280149e-02;3.256562e-01;3.686429e-01;1.874516e-02;2.035707e-02;1.121310e-02;3.740998e-02
3.876168e-02;1.161433e-01;2.892531e-02;8.448196e-03;9.812942e-03;2.535365e-02;3.280582e-01;3.695690e-01;1.371082e-02;1.838048e-02;8.675821e-03;3.416053e-02
4.318899e-02;1.508549e-01;2.221390e-02;6.151212e-03;1.234800e-02;2.441686e-02;3.374859e-01;3.333251e-01;1.072434e-02;1.441173e-02;1.579955e-02;2.907949e-02
9.180402e-02;1.701013e-01;1.293939e-02;6.030527e-03;1.385782e-02;3.007922e-02;3.379135e-01;2.789972e-01;1.053312e-02;1.103498e-02;1.697768e-02;1.973121e-02
1.287835e-01;1.723583e-01;1.017842e-02;5.427964e-03;1.548168e-02;4.228836e-02;3.162799e-01;2.319429e-01;1.288385e-02;1.127574e-02;3.725648e-02;1.584291e-02
1.450258e-01;1.711146e-01;1.597236e-02;9.257630e-03;1.508684e-02;4.546718e-02;2.433271e-01;2.571417e-01;1.687579e-02;1.139180e-02;5.264892e-02;1.669027e-02
1.200735e-01;9.819461e-02;2.092510e-02;1.168139e-02;1.823465e-02;4.510672e-02;2.910226e-01;2.894994e-01;1.619647e-02;2.102326e-02;4.136569e-02;2.667656e-02
1.082991e-01;6.078872e-02;1.923202e-02;3.382057e-02;2.678067e-02;5.073743e-02;2.894243e-01;2.437944e-01;3.382825e-02;4.277534e-02;5.073395e-02;3.978519e-02
1.411225e-01;5.164137e-02;2.392377e-02;5.539889e-02;3.377655e-02;6.121228e-02;2.114544e-01;2.122508e-01;4.978384e-02;6.449453e-02;5.256420e-02;4.237694e-02
1.884897e-01;7.438197e-02;3.336994e-02;4.554766e-02;2.768802e-02;5.278329e-02;1.162513e-01;1.726284e-01;3.065538e-02;5.341499e-02;1.818648e-01;2.292452e-02
1.522424e-01;1.191062e-01;2.963090e-02;2.498202e-02;1.598628e-02;5.336976e-02;1.394430e-01;1.642617e-01;3.122126e-02;2.965371e-02;2.227150e-01;1.738793e-02
1.032993e-01;1.060067e-01;2.726520e-02;2.337857e-02;1.365105e-02;4.711641e-02;2.002956e-01;2.087049e-01;3.490123e-02;3.470191e-02;1.809064e-01;1.977272e-02
9.397552e-02;1.221200e-01;2.763006e-02;2.175873e-02;1.309256e-02;4.331411e-02;2.528829e-01;2.373100e-01;3.179274e-02;3.510886e-02;9.720147e-02;2.381311e-02
8.431900e-02;1.350394e-01;1.932752e-02;1.964121e-02;1.677298e-02;4.555657e-02;2.863246e-01;2.628644e-01;1.939037e-02;3.525012e-02;5.427187e-02;2.124193e-02
7.015180e-02;3.583738e-02;2.884168e-02;2.187533e-02;1.715314e-02;4.072751e-02;2.305945e-01;3.759968e-01;2.318402e-02;6.083020e-02;5.973548e-02;3.507220e-02
2.949618e-02;5.680384e-02;4.221394e-02;1.972415e-02;9.638191e-03;6.124646e-02;2.249948e-01;3.862603e-01;2.152614e-02;4.491451e-02;5.916678e-02;4.401470e-02
2.111158e-02;6.900888e-02;5.515079e-02;2.153739e-02;6.872904e-03;7.760852e-02;2.216541e-01;4.159736e-01;1.917705e-02;2.511974e-02;2.412081e-02;4.266453e-02
2.593566e-02;3.725312e-02;6.813568e-02;2.172057e-02;1.149798e-02;8.492156e-02;2.291182e-01;4.341354e-01;2.148498e-02;1.646207e-02;1.030137e-02;3.903339e-02
2.339978e-02;9.531542e-02;6.168537e-02;1.791330e-02;7.408536e-03;6.771637e-02;2.441410e-01;3.857582e-01;1.640601e-02;1.865640e-02;1.851258e-02;4.308705e-02
2.466273e-02;1.388566e-01;4.698008e-02;1.128294e-02;5.496482e-03;5.077386e-02;2.888701e-01;3.443535e-01;1.344735e-02;1.898079e-02;1.231133e-02;4.398416e-02
4.268872e-02;1.658818e-01;3.062599e-02;8.479648e-03;7.175136e-03;4.566151e-02;3.335315e-01;2.889547e-01;1.121181e-02;1.398004e-02;2.113609e-02;3.067294e-02
7.292968e-02;1.748246e-01;1.837081e-02;9.038652e-03;1.186241e-02;4.709828e-02;3.784840e-01;2.339319e-01;9.266411e-03;9.275598e-03;1.594344e-02;1.897416e-02
7.646447e-02;1.774567e-01;1.788444e-02;1.033712e-02;1.486905e-02;5.764693e-02;3.907336e-01;1.792066e-01;8.063677e-03;1.924609e-02;2.984174e-02;1.824958e-02
8.858952e-02;1.782183e-01;3.963665e-02;2.361657e-02;2.131475e-02;7.542666e-02;3.834310e-01;1.098212e-01;1.255941e-02;2.312034e-02;2.194299e-02;2.232265e-02
1.078211e-01;4.654982e-02;4.130990e-02;3.732435e-02;2.741726e-02;9.240743e-02;4.350619e-01;1.250409e-01;1.711014e-02;2.201949e-02;1.726335e-02;3.067444e-02
7.887228e-02;8.307773e-02;2.746397e-02;3.010991e-02;1.912580e-02;6.238025e-02;4.606299e-01;1.592091e-01;1.941689e-02;1.452826e-02;2.601712e-02;1.916883e-02
4.466380e-02;9.188108e-02;2.058868e-02;1.682182e-02;1.799058e-02;2.741676e-02;4.236078e-01;2.807709e-01;2.471798e-02;1.922858e-02;1.549749e-02;1.681458e-02
2.388544e-02;9.886289e-02;2.471185e-02;1.222249e-02;1.291315e-02;1.495912e-02;3.548414e-01;3.668446e-01;2.675467e-02;1.909825e-02;2.666790e-02;1.823813e-02
4.072464e-02;6.849668e-02;3.810136e-02;1.156759e-02;6.408385e-03;2.293390e-02;3.001755e-01;4.119331e-01;2.311883e-02;1.957319e-02;3.011079e-02;2.685609e-02
3.040680e-02;4.160261e-02;4.139286e-02;1.387930e-02;8.605167e-03;3.074630e-02;2.724835e-01;4.582239e-01;1.853248e-02;2.648273e-02;3.131051e-02;2.633383e-02
1.807702e-02;5.347476e-02;4.567582e-02;1.842581e-02;1.292483e-02;2.948471e-02;2.629897e-01;4.692996e-01;2.276851e-02;2.739836e-02;1.632758e-02;2.315328e-02
2.310791e-02;7.114558e-02;5.187616e-02;2.365723e-02;1.509391e-02;1.887235e-02;2.635814e-01;4.544518e-01;2.814972e-02;2.363927e-02;9.731760e-03;1.669291e-02
2.862879e-02;8.676449e-02;5.031961e-02;2.154618e-02;1.504022e-02;1.623181e-02;2.803114e-01;4.399091e-01;1.940715e-02;1.495745e-02;1.674200e-02;1.014183e-02
3.512249e-02;9.486142e-02;4.402009e-02;1.998854e-02;1.635458e-02;1.554172e-02;3.016987e-01;4.093719e-01;1.442116e-02;1.242039e-02;1.780296e-02;1.839601e-02
5.632003e-02;1.132463e-01;3.610015e-02;2.923624e-02;2.096266e-02;1.509343e-02;3.199779e-01;3.551525e-01;1.120138e-02;1.114155e-02;1.232267e-02;1.924511e-02
8.205464e-02;1.381213e-01;1.999439e-02;3.510128e-02;2.584541e-02;2.181877e-02;3.304418e-01;3.023999e-01;8.673255e-03;7.995619e-03;1.113730e-02;1.641633e-02
1.163690e-01;1.525209e-01;1.433423e-02;3.226855e-02;2.926479e-02;4.469746e-02;3.050591e-01;2.528526e-01;8.902588e-03;7.265830e-03;2.510014e-02;1.136469e-02
1.406296e-01;1.537216e-01;1.485499e-02;2.572655e-02;2.761549e-02;6.444009e-02;2.686005e-01;2.273138e-01;1.167137e-02;1.115054e-02;4.333573e-02;1.093977e-02
1.267737e-01;1.356110e-01;2.013584e-02;2.457946e-02;2.509560e-02;6.596773e-02;2.197220e-01;2.478671e-01;1.227507e-02;1.799860e-02;9.581236e-02;8.161535e-03
1.469601e-01;6.081949e-02;1.812204e-02;2.483611e-02;4.020788e-02;4.127144e-02;2.373452e-01;2.796937e-01;1.059875e-02;1.795958e-02;1.133888e-01;8.796935e-03
1.519785e-01;4.054511e-02;1.655175e-02;2.578669e-02;4.645016e-02;3.073101e-02;3.179902e-01;2.915252e-01;1.284169e-02;1.524461e-02;3.475359e-02;1.560148e-02
1.374856e-01;6.464627e-02;1.436200e-02;3.048407e-02;4.290345e-02;2.504364e-02;3.098322e-01;2.752382e-01;1.486044e-02;1.565843e-02;4.950021e-02;1.998555e-02
8.868174e-02;7.041800e-02;1.923671e-02;3.016278e-02;4.221907e-02;4.599695e-02;3.164260e-01;2.705739e-01;1.520103e-02;1.309379e-02;6.339400e-02;2.459595e-02
9.728730e-02;6.968107e-02;2.694549e-02;4.364976e-02;6.433862e-02;8.562198e-02;2.378866e-01;2.223981e-01;2.528737e-02;2.510208e-02;6.372277e-02;3.807885e-02
6.838531e-02;7.309740e-02;4.624459e-02;7.113783e-02;1.334675e-01;1.028101e-01;1.266969e-01;1.607416e-01;5.553585e-02;4.902160e-02;7.661030e-02;3.625087e-02
9.662543e-02;6.729598e-02;5.122918e-02;6.659498e-02;1.248430e-01;7.595389e-02;1.087459e-01;1.426554e-01;6.842171e-02;5.344525e-02;1.012647e-01;4.292455e-02
1.059675e-01;8.157983e-02;5.471994e-02;7.548670e-02;1.050401e-01;7.373972e-02;9.702595e-02;1.384972e-01;6.984437e-02;5.509665e-02;9.562238e-02;4.737962e-02
9.319966e-02;1.073456e-01;5.075926e-02;7.063928e-02;8.809255e-02;8.773815e-02;1.652167e-01;1.232107e-01;5.786949e-02;5.370082e-02;6.144050e-02;4.078733e-02
1.003778e-01;1.249725e-01;3.910091e-02;4.668791e-02;8.780523e-02;7.509322e-02;2.097728e-01;1.259670e-01;4.288676e-02;4.538585e-02;7.236560e-02;2.958444e-02
9.131379e-02;8.649631e-02;4.043345e-02;3.597395e-02;3.776891e-02;7.070244e-02;2.330649e-01;1.834669e-01;2.892925e-02;2.880571e-02;1.311489e-01;3.189554e-02
6.990623e-02;6.991401e-02;3.523919e-02;3.275875e-02;2.633840e-02;8.788308e-02;2.835406e-01;2.191689e-01;3.378532e-02;1.849894e-02;9.825344e-02;2.471307e-02
5.567365e-02;7.305475e-02;3.250239e-02;4.057219e-02;2.445089e-02;1.001400e-01;3.479002e-01;2.074812e-01;2.970728e-02;1.502153e-02;5.629757e-02;1.719846e-02
8.991381e-02;6.511580e-02;3.282746e-02;4.427451e-02;2.483276e-02;1.279270e-01;3.668544e-01;1.442367e-01;1.865117e-02;3.244963e-02;3.652609e-02;1.639057e-02
1.305001e-01;5.148072e-02;2.601304e-02;3.912792e-02;3.837636e-02;1.680831e-01;3.187878e-01;1.020116e-01;2.482538e-02;4.808207e-02;3.521208e-02;1.749975e-02
1.382573e-01;4.998202e-02;1.880878e-02;2.986206e-02;4.425744e-02;1.837309e-01;2.798618e-01;9.456280e-02;3.681041e-02;4.870384e-02;4.975506e-02;2.540770e-02
1.791396e-01;6.206835e-02;3.165635e-02;1.896324e-02;3.946084e-02;1.355413e-01;3.027317e-01;9.669513e-02;2.559052e-02;3.408773e-02;6.019671e-02;1.386854e-02
2.154486e-01;4.729410e-02;2.627803e-02;1.460666e-02;3.482038e-02;1.738702e-01;2.528290e-01;1.255653e-01;2.583615e-02;3.162676e-02;3.786730e-02;1.395756e-02
2.154729e-01;2.556422e-02;3.412163e-02;2.440273e-02;3.794039e-02;2.032157e-01;2.307002e-01;1.440523e-01;2.741735e-02;3.278979e-02;1.603389e-02;8.288831e-03
1.811854e-01;4.961301e-02;3.782603e-02;1.478361e-02;6.091518e-02;1.485261e-01;2.494787e-01;1.470766e-01;3.909194e-02;2.799238e-02;2.334739e-02;2.016363e-02
1.246011e-01;3.519396e-02;4.198839e-02;1.976000e-02;5.291113e-02;1.704807e-01;2.497420e-01;1.486609e-01;4.715355e-02;3.913485e-02;3.542384e-02;3.494954e-02
6.367300e-02;1.219903e-02;5.348517e-02;2.241771e-02;1.019925e-01;1.442969e-01;2.901392e-01;9.355041e-02;7.954430e-02;3.499683e-02;5.148138e-02;5.222348e-02
5.222321e-02;1.752074e-02;5.786782e-02;1.654627e-02;1.586529e-01;9.150374e-02;3.177077e-01;3.039554e-02;1.004734e-01;1.436318e-02;6.403248e-02;7.871301e-02
7.178170e-02;2.359208e-02;4.418991e-02;1.890686e-02;1.800954e-01;5.236072e-02;2.962531e-01;3.996927e-02;8.482266e-02;1.822793e-02;8.122772e-02;8.857273e-02
6.257651e-02;2.576549e-02;2.855139e-02;2.240419e-02;1.685476e-01;6.197825e-02;2.600366e-01;5.880668e-02;7.129940e-02;1.879837e-02;1.313186e-01;8.991685e-02
5.363079e-02;4.726990e-02;2.497994e-02;2.793511e-02;1.169451e-01;1.038124e-01;2.144731e-01;5.017149e-02;5.513337e-02;2.251836e-02;2.137664e-01;6.936417e-02
5.478121e-02;8.156761e-02;3.451492e-02;5.221595e-02;8.096366e-02;1.247983e-01;1.555848e-01;5.624775e-02;3.962190e-02;2.806206e-02;2.545013e-01;3.714047e-02
8.977604e-02;1.297592e-01;4.066048e-02;9.547938e-02;1.105854e-01;9.422436e-02;1.220577e-01;5.452214e-02;3.516039e-02;3.148391e-02;1.894337e-01;6.857319e-03
5.191099e-02;1.287096e-01;5.126232e-02;1.262349e-01;1.789177e-01;6.019583e-02;9.011208e-02;8.557618e-02;1.902016e-02;2.274400e-02;1.486172e-01;3.669906e-02
9.566255e-02;9.728939e-02;4.445568e-02;6.626825e-02;1.730385e-01;9.804525e-02;1.136443e-01;6.578725e-02;2.638984e-02;1.823776e-02;1.554148e-01;4.576639e-02
9.965134e-02;7.555310e-02;4.479917e-02;5.490074e-02;1.456460e-01;6.301254e-02;1.687204e-01;7.721118e-02;2.982713e-02;2.295671e-02;1.621821e-01;5.553955e-02
8.852115e-02;6.926055e-02;5.417915e-02;4.810419e-02;1.053403e-01;9.899582e-02;2.255658e-01;9.460483e-02;2.301930e-02;2.415750e-02;1.121557e-01;5.609578e-02
6.695890e-02;5.954942e-02;5.015812e-02;5.773428e-02;7.098988e-02;1.131870e-01;2.451629e-01;8.486903e-02;2.911898e-02;4.908458e-02;1.108646e-01;6.232237e-02
8.293897e-02;4.178973e-02;3.609269e-02;6.280077e-02;4.962875e-02;8.348499e-02;2.146705e-01;9.363946e-02;4.016260e-02;5.481567e-02;1.707986e-01;6.917726e-02
1.078416e-01;6.952123e-02;4.390290e-02;4.247008e-02;4.196517e-02;7.734841e-02;1.697199e-01;9.763328e-02;5.048876e-02;4.965340e-02;1.748556e-01;7.459962e-02
1.124168e-01;8.955345e-02;5.148378e-02;2.444917e-02;3.192555e-02;9.232683e-02;2.276731e-01;1.373376e-01;4.308861e-02;3.808974e-02;8.841524e-02;6.324007e-02
1.082281e-01;1.067933e-01;5.200622e-02;3.477830e-02;5.910337e-02;1.000914e-01;1.797893e-01;1.669683e-01;4.393674e-02;4.581082e-02;6.886825e-02;3.362586e-02
7.516606e-02;8.441991e-02;4.944654e-02;3.355035e-02;7.963569e-02;8.655357e-02;1.690109e-01;1.627793e-01;4.288620e-02;5.104915e-02;1.197572e-01;4.574515e-02
1.130041e-01;7.314086e-02;1.873534e-02;1.701727e-02;5.964959e-02;5.890980e-02;1.660741e-01;1.668847e-01;7.123290e-02;6.742728e-02;1.279269e-01;5.999716e-02
1.338325e-01;7.075626e-02;2.302228e-02;1.727927e-02;3.473587e-02;5.407130e-02;1.564347e-01;1.238828e-01;7.358408e-02;9.027195e-02;1.576439e-01;6.448507e-02
1.247504e-01;1.010825e-01;3.318743e-02;1.368718e-02;3.321396e-02;5.981578e-02;1.666498e-01;9.678183e-02;7.226440e-02;1.032255e-01;1.199146e-01;7.542669e-02
6.510311e-02;1.271182e-01;4.813271e-02;2.033671e-02;3.370319e-02;7.097114e-02;1.338723e-01;9.868865e-02;6.094947e-02;9.745932e-02;1.190548e-01;1.246105e-01
1.510251e-01;6.022908e-02;3.568954e-02;2.297730e-02;2.647895e-02;4.568660e-02;4.345478e-02;1.085582e-01;3.967069e-02;5.399895e-02;2.412155e-01;1.710154e-01
1.831959e-01;8.806233e-02;2.063752e-02;2.545693e-02;1.660739e-02;3.738086e-02;8.382419e-02;7.703618e-02;2.817856e-02;3.659776e-02;2.372193e-01;1.658030e-01
1.438232e-01;1.205411e-01;2.287624e-02;1.291783e-02;1.716551e-02;4.162488e-02;1.758677e-01;1.079403e-01;1.082757e-02;3.250261e-02;1.745711e-01;1.393420e-01
8.136854e-02;1.336504e-01;2.051483e-02;1.223307e-02;1.563438e-02;4.428476e-02;2.705441e-01;2.097221e-01;9.200405e-03;1.672054e-02;1.226646e-01;6.346235e-02
8.063560e-02;1.591430e-01;1.022574e-02;1.151257e-02;1.067120e-02;4.644347e-02;3.401414e-01;2.192134e-01;6.986661e-03;7.472763e-03;7.911363e-02;2.844057e-02
8.771544e-02;1.989718e-01;1.286648e-02;6.905667e-03;7.752266e-03;4.902580e-02;3.858480e-01;1.962931e-01;5.421409e-03;4.399406e-03;3.474128e-02;1.005939e-02
6.349062e-02;2.193067e-01;1.078376e-02;8.739940e-03;2.067223e-02;4.699264e-02;3.992690e-01;1.904457e-01;7.290234e-03;4.787069e-03;2.651131e-02;1.710847e-03
5.108266e-02;2.237465e-01;9.580698e-03;8.266212e-03;4.292052e-02;4.445344e-02;3.810162e-01;2.095938e-01;7.130205e-03;2.816331e-03;1.775133e-02;1.642130e-03
3.844785e-02;2.109336e-01;1.345320e-02;8.218152e-03;5.489017e-02;4.863975e-02;3.495052e-01;2.418684e-01;6.251500e-03;3.581072e-03;1.984524e-02;4.365910e-03
2.860717e-02;1.790339e-01;2.315033e-02;8.427517e-03;3.841594e-02;6.308448e-02;3.033616e-01;3.114907e-01;7.382961e-03;8.203145e-03;1.922481e-02;9.617443e-03
1.655567e-02;1.267340e-01;3.729877e-02;9.545048e-03;9.654112e-03;6.515403e-02;2.784974e-01;3.912886e-01;1.973801e-02;1.091339e-02;1.897573e-02;1.564528e-02
1.159913e-02;7.696993e-02;3.936275e-02;1.975195e-02;1.888508e-02;5.954124e-02;2.632431e-01;4.130487e-01;4.733832e-02;1.383265e-02;2.305162e-02;1.337551e-02
2.860300e-02;3.313249e-02;2.953990e-02;3.694121e-02;2.878796e-02;4.693682e-02;2.660273e-01;3.874092e-01;7.622582e-02;2.356896e-02;3.283562e-02;9.991782e-03
4.948127e-02;1.413433e-02;2.846188e-02;5.008958e-02;3.590248e-02;4.289037e-02;2.509079e-01;2.625712e-01;8.339565e-02;5.238302e-02;1.146505e-01;1.513187e-02
4.444166e-02;2.910563e-02;2.333204e-02;3.127318e-02;4.238348e-02;8.151867e-02;2.142650e-01;1.727298e-01;5.345231e-02;8.692821e-02;1.892618e-01;3.130826e-02
4.902287e-02;1.875207e-02;1.132723e-02;2.078983e-02;5.824972e-02;7.175328e-02;1.209578e-01;1.463662e-01;3.655655e-02;1.055594e-01;3.278854e-01;3.277973e-02
5.552772e-02;2.454665e-02;7.582743e-03;1.695060e-02;7.809135e-02;3.924659e-02;5.920832e-02;1.036731e-01;4.774256e-02;1.181321e-01;4.242207e-01;2.507757e-02
4.174939e-02;2.802668e-02;5.293949e-03;9.960975e-03;7.881756e-02;1.825939e-02;4.904984e-02;1.026104e-01;6.064257e-02;1.132212e-01;4.790668e-01;1.330114e-02
3.119554e-02;2.015875e-02;5.020157e-03;1.307738e-02;6.175286e-02;1.223263e-02;3.125073e-02;9.393616e-02;7.303259e-02;1.080097e-01;5.414872e-01;8.846261e-03
4.761969e-02;2.994118e-02;6.355657e-03;1.147853e-02;2.854172e-02;1.128301e-02;4.047647e-02;1.093018e-01;7.434419e-02;8.929553e-02;5.447164e-01;6.645822e-03
8.275103e-02;3.877403e-02;7.538955e-03;1.383932e-02;1.635681e-02;1.166862e-02;6.518981e-02;1.188425e-01;6.806696e-02;8.575169e-02;4.832572e-01;7.963061e-03
9.018902e-02;4.588749e-02;1.938398e-02;2.599635e-02;2.227810e-02;2.558701e-02;1.498393e-01;1.181238e-01;7.155363e-02;1.022388e-01;3.043731e-01;2.454933e-02
6.169634e-02;4.405767e-02;3.020728e-02;2.400926e-02;3.825593e-02;2.173829e-02;2.567517e-01;2.984196e-01;4.815157e-02;7.846830e-02;7.484292e-02;2.340112e-02
4.627063e-02;5.176098e-02;3.278578e-02;2.394488e-02;2.731465e-02;1.823090e-02;2.587469e-01;3.136831e-01;3.680494e-02;5.741915e-02;1.138232e-01;1.921493e-02
4.806210e-02;4.890575e-02;3.335618e-02;2.206656e-02;1.564042e-02;1.428147e-02;3.346122e-01;2.843599e-01;3.150073e-02;5.163357e-02;9.765147e-02;1.792966e-02
3.863000e-02;6.772359e-02;2.594410e-02;2.144135e-02;1.925299e-02;2.034069e-02;3.699641e-01;2.554004e-01;2.539828e-02;3.883775e-02;1.020314e-01;1.503542e-02
4.951352e-02;1.074262e-01;2.761708e-02;1.207917e-02;1.846435e-02;2.308870e-02;3.518479e-01;2.095744e-01;2.541141e-02;3.950913e-02;1.159853e-01;1.948277e-02
3.069737e-02;1.444013e-01;2.507619e-02;1.834395e-02;1.687236e-02;2.533776e-02;3.475774e-01;2.129811e-01;2.480004e-02;4.722293e-02;8.712818e-02;1.956142e-02
3.571413e-02;1.567226e-01;2.300240e-02;1.788658e-02;2.698629e-02;3.558176e-02;3.404848e-01;2.324027e-01;2.346693e-02;3.526818e-02;6.408675e-02;8.396784e-03
3.647206e-02;1.614584e-01;1.508003e-02;1.645785e-02;2.521619e-02;3.718289e-02;3.478712e-01;2.662511e-01;1.897523e-02;2.093552e-02;4.652723e-02;7.572396e-03
3.363803e-02;1.722902e-01;1.982013e-02;1.476515e-02;1.888008e-02;4.674153e-02;3.508674e-01;2.518251e-01;1.832983e-02;1.873551e-02;4.181814e-02;1.228890e-02
6.355222e-02;1.849287e-01;2.186197e-02;2.025088e-02;1.280017e-02;6.665494e-02;3.517990e-01;1.964734e-01;1.359105e-02;2.910548e-02;2.632317e-02;1.265905e-02
1.406335e-01;1.617446e-01;1.922274e-02;2.396566e-02;1.345899e-02;1.009431e-01;3.106160e-01;1.370727e-01;1.357233e-02;4.213440e-02;1.996907e-02;1.666695e-02
2.054688e-01;1.012524e-01;2.231555e-02;2.161263e-02;2.665417e-02;1.314933e-01;2.739356e-01;9.160641e-02;2.827662e-02;4.549930e-02;3.067461e-02;2.121057e-02
1.488867e-01;3.885497e-02;2.741814e-02;2.524099e-02;5.302034e-02;1.136143e-01;2.810719e-01;1.018663e-01;6.653772e-02;3.244576e-02;8.173685e-02;2.930599e-02
6.718634e-02;4.466207e-02;3.312546e-02;2.472745e-02;6.540634e-02;7.934739e-02;2.463158e-01;1.170639e-01;8.128330e-02;3.535154e-02;1.620784e-01;4.345195e-02
8.127335e-02;8.118182e-02;2.924694e-02;2.357239e-02;6.856046e-02;6.690554e-02;1.243213e-01;1.078366e-01;5.880064e-02;2.914244e-02;2.865686e-01;4.258996e-02
1.286838e-01;1.051211e-01;2.976557e-02;1.648969e-02;6.919381e-02;5.802579e-02;1.537559e-01;7.047915e-02;4.128798e-02;3.353290e-02;2.662674e-01;2.739694e-02
1.029828e-01;1.214034e-01;3.205617e-02;3.614920e-02;8.882372e-02;9.551515e-02;2.095553e-01;8.155072e-02;3.544487e-02;5.539849e-02;1.122800e-01;2.884021e-02
8.136228e-02;1.014106e-01;4.736713e-02;3.800666e-02;6.846531e-02;9.213985e-02;2.312630e-01;9.651466e-02;2.713131e-02;4.710459e-02;1.337656e-01;3.546914e-02
6.542163e-02;1.477659e-01;6.353928e-02;6.757153e-02;3.531878e-02;4.321967e-02;1.809789e-01;9.817848e-02;3.065969e-02;4.780184e-02;1.634429e-01;5.610144e-02
1.306663e-01;1.594994e-01;5.835609e-02;7.564044e-02;7.343151e-02;2.245126e-02;1.227823e-01;8.451018e-02;3.434172e-02;4.985758e-02;1.108787e-01;7.758456e-02
1.589597e-01;1.454149e-01;5.717606e-02;8.677119e-02;5.965251e-02;2.151691e-02;1.015706e-01;8.603189e-02;4.392558e-02;6.065914e-02;8.847620e-02;8.984536e-02
1.428118e-01;1.186767e-01;5.886936e-02;8.256542e-02;1.968854e-02;3.979645e-02;1.372415e-01;1.427750e-01;6.791589e-02;6.689792e-02;5.685899e-02;6.590249e-02
9.910778e-02;1.309145e-01;5.123197e-02;5.153077e-02;6.365392e-02;4.713551e-02;1.420632e-01;1.602087e-01;6.179319e-02;4.996871e-02;1.070358e-01;3.535597e-02
1.002784e-01;1.249027e-01;8.265933e-02;9.893540e-02;4.601562e-02;5.182378e-02;1.531502e-01;1.199405e-01;3.792597e-02;3.641891e-02;8.067247e-02;6.727666e-02
6.477904e-02;1.498515e-01;7.193390e-02;7.833119e-02;3.114986e-02;7.573232e-02;1.416109e-01;1.440415e-01;3.239188e-02;4.175507e-02;1.085864e-01;5.983640e-02
1.065118e-01;1.575614e-01;3.189095e-02;1.540892e-02;1.239720e-02;4.156362e-02;2.101172e-01;1.705983e-01;3.651445e-02;4.105475e-02;1.420427e-01;3.433872e-02
1.312094e-01;1.339800e-01;3.179742e-02;9.159246e-03;1.975076e-02;5.556591e-02;2.413272e-01;1.490102e-01;4.418882e-02;3.116753e-02;1.326237e-01;2.021983e-02
1.584336e-01;1.015594e-01;3.447965e-02;1.306666e-02;4.283290e-02;7.321732e-02;2.476770e-01;1.092733e-01;6.119853e-02;2.597731e-02;1.096960e-01;2.258825e-02
1.255149e-01;6.383256e-02;3.592417e-02;2.190804e-02;7.562247e-02;8.256548e-02;2.031578e-01;6.012417e-02;7.915386e-02;1.876236e-02;1.672210e-01;6.621321e-02
7.874295e-02;4.532462e-02;3.288085e-02;2.102740e-02;7.053561e-02;6.552778e-02;1.726139e-01;6.798907e-02;6.184917e-02;1.766228e-02;2.742890e-01;9.155735e-02
9.762831e-02;5.822942e-02;3.153297e-02;2.943450e-02;5.803584e-02;3.450929e-02;1.054707e-01;8.692390e-02;4.082637e-02;2.102939e-02;3.497844e-01;8.659492e-02
9.010613e-02;7.001515e-02;3.401327e-02;4.093689e-02;4.337435e-02;2.560656e-02;7.979080e-02;1.028649e-01;3.113215e-02;2.184970e-02;3.956604e-01;6.464968e-02
6.939702e-02;7.536299e-02;4.050767e-02;5.488621e-02;2.651381e-02;4.073029e-02;8.542317e-02;1.088165e-01;2.099621e-02;3.064138e-02;4.115447e-01;3.518004e-02
5.893119e-02;8.623482e-02;5.389066e-02;5.640067e-02;2.682711e-02;4.599888e-02;1.020047e-01;9.458446e-02;2.246561e-02;3.582804e-02;3.970917e-01;1.974218e-02
4.739073e-02;9.099296e-02;6.836238e-02;5.605228e-02;2.714743e-02;3.188631e-02;9.814265e-02;7.616237e-02;1.787906e-02;3.384596e-02;4.435474e-01;8.590479e-03
4.730493e-02;8.075319e-02;5.541869e-02;6.564863e-02;1.585993e-02;5.065748e-02;9.204849e-02;9.562586e-02;1.324849e-02;2.573748e-02;4.531322e-01;4.564559e-03
2.730801e-02;7.881791e-02;4.774621e-02;8.462873e-02;2.562465e-02;7.550232e-02;7.843788e-02;1.325205e-01;1.115735e-02;2.202291e-02;4.129909e-01;3.242539e-03
2.378116e-02;6.174803e-02;4.096035e-02;8.268954e-02;2.447698e-02;1.109538e-01;8.153991e-02;1.609346e-01;1.128921e-02;1.962786e-02;3.784156e-01;3.582918e-03
2.652419e-02;6.563840e-02;4.136747e-02;6.955931e-02;2.031562e-02;1.127998e-01;7.016876e-02;1.876413e-01;8.796177e-03;1.773329e-02;3.650857e-01;1.437001e-02
2.282009e-02;7.199353e-02;4.130284e-02;5.677260e-02;2.114123e-02;8.258862e-02;6.418569e-02;1.984486e-01;1.587963e-02;1.908702e-02;3.905036e-01;1.527662e-02
2.737617e-02;7.790658e-02;4.200687e-02;5.224040e-02;1.375679e-02;5.337596e-02;5.902137e-02;1.757789e-01;2.501414e-02;2.680045e-02;4.347906e-01;1.193180e-02
5.775946e-02;1.077243e-01;4.947147e-02;4.167227e-02;2.326744e-02;4.858653e-02;8.937622e-02;1.119714e-01;3.416095e-02;4.298275e-02;3.808601e-01;1.216717e-02
8.550685e-02;1.481885e-01;5.909153e-02;2.323401e-02;3.260029e-02;5.566021e-02;9.889115e-02;8.643690e-02;4.238216e-02;5.099197e-02;2.927580e-01;2.425833e-02
7.277399e-02;1.401951e-01;6.375516e-02;5.496331e-02;3.685835e-02;5.686225e-02;9.624340e-02;1.097019e-01;3.923489e-02;7.777721e-02;2.315006e-01;2.013386e-02
8.318139e-02;7.504982e-02;5.242621e-02;7.633317e-02;4.580175e-02;5.960906e-02;1.302199e-01;1.180130e-01;5.567230e-02;6.804741e-02;2.073141e-01;2.833187e-02
7.430442e-02;8.746210e-02;5.851055e-02;5.019844e-02;4.866349e-02;7.621972e-02;1.070025e-01;9.474465e-02;6.480628e-02;7.203878e-02;2.096921e-01;5.635702e-02
7.754243e-02;9.234677e-02;6.478952e-02;4.184967e-02;5.552672e-02;6.703749e-02;9.595029e-02;7.555248e-02;6.945214e-02;8.432695e-02;2.197632e-01;5.586234e-02
8.990595e-02;8.695329e-02;7.480270e-02;2.933422e-02;4.958665e-02;8.130253e-02;1.032732e-01;7.110730e-02;7.210252e-02;8.647926e-02;1.972750e-01;5.787737e-02
9.731039e-02;1.001468e-01;6.847466e-02;4.793333e-02;5.769241e-02;8.628738e-02;8.759041e-02;7.171608e-02;7.595122e-02;8.215629e-02;1.531057e-01;7.163526e-02
8.385886e-02;8.743742e-02;4.026465e-02;1.002486e-01;6.777247e-02;7.481302e-02;9.097731e-02;9.551193e-02;7.471348e-02;8.332703e-02;1.262730e-01;7.480218e-02
7.582953e-02;7.369979e-02;4.615286e-02;9.315339e-02;6.331695e-02;8.297144e-02;1.183735e-01;9.609485e-02;9.027918e-02;7.822674e-02;1.343400e-01;4.756179e-02
1.484166e-01;8.019689e-02;4.898777e-02;7.170504e-02;5.550873e-02;1.204482e-01;1.293100e-01;6.454945e-02;1.066527e-01;6.350044e-02;6.498758e-02;4.573658e-02
2.241721e-01;1.322423e-01;3.883998e-02;5.293542e-02;3.967142e-02;8.511578e-02;1.182749e-01;3.534284e-02;1.324748e-01;5.101370e-02;4.645948e-02;4.345738e-02
2.112119e-01;1.397403e-01;5.065201e-02;3.403040e-02;2.886050e-02;5.664476e-02;9.836097e-02;8.004049e-02;1.317970e-01;5.338654e-02;8.426889e-02;3.100623e-02
1.590231e-01;1.476123e-01;5.327119e-02;2.895403e-02;3.622124e-02;5.727979e-02;9.923458e-02;1.202828e-01;8.818973e-02;5.180996e-02;1.413404e-01;1.678082e-02
7.702582e-02;1.820884e-01;5.437469e-02;4.002462e-02;4.146496e-02;6.701309e-02;1.187868e-01;1.242229e-01;7.069879e-02;4.679569e-02;1.598282e-01;1.767597e-02
8.147852e-02;2.173857e-01;4.825908e-02;3.614694e-02;3.292483e-02;7.745437e-02;1.886161e-01;1.207676e-01;6.892025e-02;3.515163e-02;7.512049e-02;1.777451e-02
7.516357e-02;9.264675e-02;1.979319e-02;1.228371e-02;1.405776e-02;4.490041e-02;2.885381e-01;2.257763e-01;3.362120e-02;2.769735e-02;1.464075e-01;1.911419e-02
5.473068e-02;7.836939e-02;2.631651e-02;1.246208e-02;1.202194e-02;3.891110e-02;3.068229e-01;2.830243e-01;2.474217e-02;1.971395e-02;1.284771e-01;1.440787e-02
4.414694e-02;9.646554e-02;2.925108e-02;1.479615e-02;1.594717e-02;3.077129e-02;3.414426e-01;3.174233e-01;1.971700e-02;1.346703e-02;6.447854e-02;1.209339e-02
2.400427e-02;1.413151e-01;2.602147e-02;1.765147e-02;2.070012e-02;2.569149e-02;3.669649e-01;3.213849e-01;2.182460e-02;9.078309e-03;1.956121e-02;5.802150e-03
2.434670e-02;1.745683e-01;1.691873e-02;1.609271e-02;2.157245e-02;2.535124e-02;3.732243e-01;3.064714e-01;1.626793e-02;6.960776e-03;1.591060e-02;2.314768e-03
2.103710e-02;1.864414e-01;1.736875e-02;1.027288e-02;1.808830e-02;2.476622e-02;3.732388e-01;3.117128e-01;1.203137e-02;7.471388e-03;1.613584e-02;1.435216e-03
2.279031e-02;1.785695e-01;2.440170e-02;1.264237e-02;1.261919e-02;2.189671e-02;3.598108e-01;3.265804e-01;1.038807e-02;9.253656e-03;1.444754e-02;6.599793e-03
1.380324e-02;1.554861e-01;3.295976e-02;1.660939e-02;8.735777e-03;1.781839e-02;3.452849e-01;3.635278e-01;1.391319e-02;1.053029e-02;9.121323e-03;1.220988e-02
9.567915e-03;1.264309e-01;3.973924e-02;1.134670e-02;9.285222e-03;1.811506e-02;3.337775e-01;3.923321e-01;1.834773e-02;1.510553e-02;7.857623e-03;1.809451e-02
5.272013e-03;1.005028e-01;4.067247e-02;8.410529e-03;8.416714e-03;2.021612e-02;3.269326e-01;4.098731e-01;2.670444e-02;1.951836e-02;1.145616e-02;2.202472e-02
9.831966e-03;6.886441e-02;3.850351e-02;1.038913e-02;7.521284e-03;2.073191e-02;3.167371e-01;4.318516e-01;3.224814e-02;2.089015e-02;1.393952e-02;2.849134e-02
1.226395e-02;3.603138e-02;3.498527e-02;1.581834e-02;9.324478e-03;2.411447e-02;3.218696e-01;4.398367e-01;3.433229e-02;1.837271e-02;1.929800e-02;3.375281e-02
1.952618e-02;2.113016e-02;4.064718e-02;1.967438e-02;1.457311e-02;3.392700e-02;3.129767e-01;4.184427e-01;3.597967e-02;2.265735e-02;2.316569e-02;3.729982e-02
2.103248e-02;6.735569e-02;4.883384e-02;3.365706e-02;1.704120e-02;3.076967e-02;2.921937e-01;3.601854e-01;4.573729e-02;3.179905e-02;1.587878e-02;3.551584e-02
2.589506e-02;8.900750e-02;5.343213e-02;4.336327e-02;1.434718e-02;3.090287e-02;2.898766e-01;3.040922e-01;5.295028e-02;2.918132e-02;3.255146e-02;3.440012e-02
4.589304e-02;8.248503e-02;5.428578e-02;4.053526e-02;1.967668e-02;3.111172e-02;2.891410e-01;2.508313e-01;4.782726e-02;3.536792e-02;6.843024e-02;3.441477e-02
4.405610e-02;4.433077e-02;4.662078e-02;3.962034e-02;2.236663e-02;2.652854e-02;3.496955e-01;2.185474e-01;3.487505e-02;4.224037e-02;9.182287e-02;3.929564e-02
4.954991e-02;1.038964e-01;3.392209e-02;3.283738e-02;2.167585e-02;3.725037e-02;3.739203e-01;1.684716e-01;3.775642e-02;3.717792e-02;6.773451e-02;3.580723e-02
7.092157e-02;1.574635e-01;5.080616e-02;2.916708e-02;2.210259e-02;6.291007e-02;3.285321e-01;7.544179e-02;5.517240e-02;3.875266e-02;6.701970e-02;4.171038e-02
