1.431631e-01;1.385329e-01;2.019020e-01;5.780946e-02;4.535646e-02;4.834849e-02;8.837467e-02;4.056073e-02;9.284587e-02;5.120362e-02;3.692309e-02;5.497964e-02
1.833107e-01;1.276209e-01;1.450767e-01;6.328887e-02;7.486727e-02;4.390065e-02;9.806632e-02;6.922827e-02;8.305442e-02;1.918817e-02;4.993510e-02;4.246261e-02
2.227083e-01;6.323110e-02;1.370401e-01;4.209325e-02;9.809671e-02;2.290091e-02;1.368129e-01;9.388261e-02;6.161452e-02;2.615733e-02;6.233080e-02;3.313154e-02
2.230083e-01;4.198081e-02;1.517252e-01;3.945742e-02;9.335215e-02;2.770960e-02;1.659073e-01;9.864447e-02;4.164824e-02;2.264622e-02;5.494382e-02;3.897646e-02
1.817161e-01;5.896007e-02;1.097216e-01;5.678482e-02;6.393008e-02;3.249632e-02;2.456791e-01;9.397465e-02;3.424141e-02;3.604497e-02;3.695590e-02;4.949501e-02
1.327843e-01;7.038574e-02;7.608572e-02;7.911305e-02;6.463289e-02;4.418414e-02;2.857017e-01;7.576872e-02;3.809672e-02;4.413813e-02;2.654132e-02;6.256760e-02
8.694717e-02;7.367256e-02;1.027419e-01;8.946639e-02;7.838701e-02;5.411509e-02;2.781980e-01;5.665630e-02;4.373696e-02;3.113811e-02;3.934542e-02;6.559509e-02
6.820662e-02;9.906776e-02;1.517992e-01;4.676273e-02;8.787604e-02;6.579026e-02;2.274738e-01;4.900105e-02;3.756403e-02;4.291630e-02;5.836903e-02;6.517314e-02
6.502160e-02;1.103742e-01;1.356862e-01;1.021347e-01;1.067803e-01;7.816658e-02;1.330511e-01;6.437685e-02;3.824251e-02;4.979064e-02;5.465395e-02;6.172129e-02
3.871007e-02;8.586855e-02;1.114902e-01;1.387109e-01;1.247325e-01;9.102634e-02;1.272117e-01;6.227908e-02;5.604807e-02;5.049427e-02;4.642623e-02;6.700212e-02
5.581028e-02;7.808538e-02;1.090790e-01;8.380461e-02;1.219483e-01;7.640423e-02;1.228274e-01;6.936747e-02;8.627532e-02;5.857705e-02;5.436115e-02;8.345972e-02
8.119743e-02;7.329500e-02;2.157294e-01;5.309523e-02;9.839160e-02;5.668972e-02;1.087933e-01;5.671645e-02;4.659063e-02;9.485439e-02;4.690953e-02;6.773741e-02
1.077498e-01;9.366755e-02;2.020593e-01;7.945938e-02;8.950458e-02;5.190527e-02;1.138518e-01;3.868255e-02;6.618509e-02;5.686491e-02;5.357291e-02;4.649683e-02
1.617513e-01;1.204112e-01;1.730590e-01;6.901623e-02;8.907759e-02;4.369713e-02;1.028836e-01;5.649205e-02;5.986185e-02;3.399715e-02;5.901500e-02;3.073780e-02
2.252519e-01;1.175635e-01;1.542892e-01;5.849547e-02;9.254348e-02;2.751824e-02;8.296622e-02;9.075056e-02;4.607999e-02;3.068823e-02;4.691957e-02;2.693372e-02
2.575556e-01;9.281747e-02;1.169794e-01;5.700656e-02;8.336579e-02;2.304330e-02;1.242072e-01;1.117777e-01;2.643649e-02;3.583208e-02;3.246394e-02;3.851446e-02
2.364809e-01;7.372698e-02;9.339095e-02;7.473701e-02;5.982309e-02;2.933791e-02;1.732852e-01;1.144956e-01;2.709740e-02;4.558462e-02;1.773038e-02;5.430989e-02
1.816035e-01;6.801642e-02;6.927862e-02;1.153217e-01;3.869411e-02;3.520067e-02;2.236836e-01;9.991296e-02;2.059058e-02;5.498964e-02;1.216206e-02;8.054610e-02
1.360383e-01;8.394977e-02;8.243977e-02;1.383197e-01;3.972893e-02;3.961375e-02;2.288425e-01;6.607211e-02;1.782841e-02;5.216418e-02;2.244209e-02;9.256051e-02
9.523250e-02;1.009222e-01;1.051295e-01;1.382268e-01;5.740339e-02;5.065048e-02;2.091055e-01;3.721269e-02;3.472422e-02;4.902904e-02;3.572301e-02;8.664064e-02
8.435848e-02;8.246390e-02;1.273315e-01;1.344773e-01;7.305919e-02;5.163072e-02;2.025649e-01;4.235841e-02;4.386252e-02;4.954420e-02;3.977602e-02;6.857289e-02
1.105653e-01;5.271617e-02;1.470312e-01;1.475125e-01;5.402540e-02;3.525871e-02;1.995068e-01;7.021374e-02;4.179755e-02;5.124059e-02;3.715086e-02;5.298122e-02
8.623844e-02;7.895260e-02;8.095569e-02;1.851319e-01;5.170077e-02;3.684146e-02;2.162690e-01;6.341781e-02;4.855353e-02;6.762750e-02;2.257503e-02;6.173622e-02
8.513726e-02;9.783166e-02;6.043129e-02;1.554648e-01;4.822316e-02;4.821497e-02;2.245587e-01;5.045122e-02;4.693861e-02;7.778169e-02;4.456883e-02;6.039777e-02
8.011977e-02;1.141358e-01;4.940664e-02;1.183110e-01;7.125524e-02;5.181206e-02;2.182425e-01;6.692173e-02;4.476511e-02;7.467462e-02;5.491761e-02;5.543791e-02
5.613788e-02;1.038869e-01;8.027887e-02;9.428808e-02;7.459901e-02;5.023806e-02;1.934687e-01;8.530030e-02;6.652811e-02;6.947067e-02;5.434692e-02;7.145657e-02
8.133078e-02;8.258816e-02;1.108841e-01;8.087853e-02;8.654248e-02;5.119820e-02;8.167958e-02;1.083102e-01;8.135671e-02;9.136227e-02;7.645614e-02;6.741286e-02
6.896426e-02;7.137199e-02;9.145293e-02;7.525011e-02;9.183434e-02;6.138240e-02;1.062081e-01;1.016624e-01;1.038171e-01;9.503532e-02;9.280523e-02;4.021587e-02
9.815510e-02;7.963850e-02;1.013651e-01;7.318196e-02;8.498575e-02;7.607707e-02;1.107659e-01;8.044692e-02;9.016954e-02;7.611708e-02;9.005116e-02;3.904601e-02
1.860441e-01;9.625624e-02;1.045208e-01;5.183400e-02;7.045443e-02;8.738664e-02;1.472023e-01;3.343930e-02;4.024851e-02;6.219863e-02;7.054557e-02;4.986959e-02
2.104595e-01;1.043481e-01;8.096205e-02;2.662620e-02;6.657571e-02;6.642392e-02;1.368878e-01;4.698800e-02;5.237854e-02;5.854461e-02;8.777505e-02;6.203054e-02
2.358966e-01;1.390887e-01;8.363490e-02;2.635625e-02;6.334844e-02;4.647179e-02;1.038306e-01;7.588668e-02;5.179797e-02;3.943519e-02;8.782700e-02;4.642583e-02
2.910479e-01;1.267091e-01;5.861144e-02;3.518017e-02;4.577298e-02;4.066413e-02;1.217517e-01;9.396344e-02;3.795492e-02;4.136040e-02;4.890455e-02;5.807929e-02
2.884573e-01;9.009614e-02;3.443898e-02;4.852980e-02;3.534926e-02;4.373626e-02;1.734708e-01;9.338431e-02;3.073020e-02;6.146726e-02;3.214063e-02;6.819903e-02
2.193779e-01;6.669920e-02;4.980848e-02;7.039475e-02;3.267429e-02;3.984204e-02;2.123444e-01;7.400717e-02;2.447930e-02;7.131338e-02;4.292839e-02;9.613069e-02
1.556278e-01;5.580300e-02;7.185064e-02;8.693419e-02;2.825240e-02;3.282499e-02;2.584371e-01;4.342192e-02;2.553736e-02;5.571504e-02;5.430261e-02;1.312929e-01
1.136247e-01;5.458012e-02;1.015565e-01;7.921649e-02;2.969388e-02;4.235686e-02;2.824020e-01;2.711032e-02;3.617401e-02;4.031391e-02;5.518217e-02;1.377890e-01
1.032467e-01;6.073431e-02;1.558423e-01;4.726152e-02;3.664325e-02;6.741281e-02;2.086791e-01;4.706582e-02;4.935523e-02;5.696479e-02;6.884053e-02;9.795366e-02
1.299101e-01;6.816784e-02;1.580926e-01;7.475221e-02;6.629574e-02;6.214453e-02;1.018096e-01;4.889007e-02;6.452508e-02;8.581905e-02;6.510042e-02;7.449265e-02
9.122507e-02;6.497939e-02;5.675678e-02;1.155848e-01;7.658718e-02;3.826592e-02;2.328772e-01;4.475870e-02;2.254080e-02;7.267381e-02;6.535426e-02;1.183961e-01
5.252576e-02;6.025301e-02;2.788457e-02;1.078070e-01;7.248298e-02;2.831852e-02;2.972987e-01;8.172490e-02;3.437484e-02;5.461003e-02;5.605531e-02;1.266644e-01
3.075516e-02;5.979333e-02;3.693403e-02;8.270947e-02;4.685740e-02;4.282511e-02;3.363667e-01;1.029707e-01;4.660903e-02;5.001476e-02;4.630395e-02;1.178603e-01
2.170754e-02;6.992407e-02;3.577641e-02;6.165095e-02;2.713078e-02;4.636180e-02;3.709941e-01;8.513866e-02;6.116098e-02;7.520510e-02;3.000136e-02;1.149482e-01
2.542014e-02;8.804737e-02;2.691967e-02;6.505938e-02;2.087567e-02;4.321759e-02;3.749561e-01;3.589839e-02;6.729411e-02;9.605665e-02;3.098839e-02;1.252665e-01
1.948963e-02;9.685767e-02;2.625697e-02;8.101819e-02;1.856083e-02;4.089454e-02;3.267470e-01;5.624842e-02;5.179765e-02;1.117181e-01;3.502090e-02;1.353901e-01
3.618616e-02;8.511637e-02;3.466899e-02;8.332127e-02;1.161860e-02;5.020676e-02;2.683978e-01;7.116085e-02;5.205749e-02;1.469782e-01;3.011093e-02;1.301766e-01
8.489591e-02;5.054798e-02;6.065083e-02;5.916389e-02;2.991612e-02;5.558240e-02;1.828998e-01;1.304279e-01;7.372617e-02;1.333134e-01;3.448226e-02;1.043935e-01
1.353395e-01;2.795997e-02;1.028565e-01;3.635775e-02;6.842722e-02;4.209439e-02;8.631022e-02;2.053331e-01;7.103520e-02;8.245558e-02;8.022014e-02;6.161040e-02
1.408313e-01;3.118814e-02;1.098113e-01;2.241951e-02;8.914907e-02;3.127647e-02;7.687821e-02;2.113287e-01;9.038235e-02;4.140598e-02;1.390498e-01;1.627919e-02
9.329837e-02;6.692091e-02;7.439907e-02;5.531690e-02;7.188822e-02;3.948995e-02;8.368146e-02;1.455172e-01;1.430306e-01;3.675628e-02;1.501251e-01;3.957589e-02
3.971769e-02;1.014796e-01;4.888043e-02;8.382612e-02;4.007187e-02;7.659060e-02;6.997602e-02;8.512285e-02;2.292499e-01;3.973158e-02;1.002723e-01;8.508109e-02
1.794174e-02;1.040185e-01;5.248119e-02;7.456357e-02;2.462436e-02;1.102062e-01;5.648392e-02;7.091937e-02;2.402016e-01;4.683968e-02;5.751924e-02;1.442005e-01
2.986108e-02;6.392178e-02;1.070812e-01;3.296300e-02;5.093611e-02;9.792504e-02;9.828746e-02;8.068723e-02;1.453213e-01;1.060412e-01;4.380354e-02;1.431710e-01
6.991617e-02;2.750057e-02;1.512030e-01;1.422905e-02;7.159153e-02;6.816550e-02;1.807058e-01;4.774128e-02;6.407560e-02;1.619200e-01;3.306702e-02;1.098846e-01
9.273586e-02;1.488347e-02;1.659551e-01;1.862283e-02;6.732597e-02;3.976320e-02;2.584750e-01;3.314525e-02;4.268628e-02;1.860693e-01;1.884291e-02;6.149483e-02
9.245798e-02;1.568169e-02;1.504415e-01;1.482281e-02;4.217555e-02;2.652909e-02;3.065379e-01;4.010332e-02;6.780929e-02;1.743205e-01;2.610057e-02;4.301970e-02
8.121493e-02;1.194748e-02;1.310908e-01;2.364527e-02;2.306893e-02;2.131378e-02;3.475176e-01;6.876006e-02;6.528172e-02;1.391125e-01;5.186782e-02;3.517907e-02
6.757985e-02;2.077305e-02;1.415188e-01;3.608799e-02;1.611893e-02;2.470779e-02;3.847299e-01;8.042036e-02;5.428097e-02;7.854403e-02;6.966461e-02;2.557373e-02
5.891579e-02;2.951986e-02;1.615980e-01;4.364859e-02;1.990825e-02;5.822169e-02;3.695657e-01;7.603219e-02;4.433826e-02;3.389854e-02;8.349113e-02;2.086196e-02
5.540897e-02;4.508492e-02;1.782012e-01;4.072688e-02;3.393017e-02;6.411714e-02;3.275248e-01;5.554718e-02;3.749154e-02;7.410134e-02;7.046407e-02;1.740185e-02
7.462161e-02;4.851859e-02;1.978015e-01;3.080300e-02;3.786142e-02;4.169163e-02;3.040813e-01;2.734820e-02;6.448591e-02;9.304231e-02;5.568056e-02;2.406396e-02
7.055190e-02;2.124171e-02;2.578311e-01;2.510175e-02;3.480545e-02;3.730841e-02;2.602822e-01;4.327291e-02;6.723261e-02;1.083267e-01;4.663470e-02;2.741062e-02
5.311660e-02;2.102231e-02;2.947967e-01;3.046603e-02;3.026638e-02;3.652587e-02;2.249166e-01;5.862310e-02;5.049871e-02;1.304692e-01;4.142207e-02;2.787643e-02
4.473515e-02;2.820025e-02;3.208326e-01;3.885813e-02;4.674694e-02;2.157747e-02;1.860759e-01;4.541417e-02;3.738707e-02;1.408071e-01;5.771605e-02;3.164918e-02
4.749073e-02;2.913294e-02;3.312610e-01;3.751233e-02;5.814410e-02;2.951127e-02;1.586990e-01;2.672381e-02;3.424525e-02;1.713208e-01;5.221432e-02;2.374440e-02
3.734194e-02;3.620110e-02;3.280091e-01;2.876393e-02;5.879554e-02;5.145246e-02;1.458389e-01;4.400981e-02;2.768382e-02;1.632550e-01;5.182783e-02;2.682052e-02
1.722641e-02;4.705290e-02;2.966172e-01;2.534205e-02;4.177611e-02;8.705124e-02;1.501829e-01;5.513224e-02;4.904203e-02;1.087052e-01;7.122947e-02;5.064225e-02
2.456883e-02;5.633945e-02;2.651397e-01;2.975358e-02;2.620886e-02;1.149144e-01;1.306486e-01;6.261809e-02;5.283345e-02;9.676930e-02;6.122918e-02;7.897659e-02
2.684158e-02;6.438654e-02;2.499049e-01;2.953655e-02;2.299760e-02;1.172686e-01;1.195728e-01;7.421608e-02;5.667431e-02;9.033825e-02;6.223202e-02;8.603090e-02
3.223830e-02;7.835188e-02;2.420201e-01;3.745709e-02;3.140575e-02;1.271793e-01;9.252150e-02;6.594564e-02;5.552241e-02;9.227566e-02;5.752753e-02;8.755486e-02
4.262932e-02;9.841948e-02;2.271220e-01;5.556535e-02;2.716895e-02;1.418862e-01;4.622193e-02;5.266305e-02;1.054858e-01;7.951926e-02;3.617070e-02;8.714796e-02
4.656271e-02;9.990582e-02;1.838669e-01;6.509768e-02;3.359396e-02;1.318840e-01;8.345585e-02;4.952800e-02;1.334577e-01;6.368048e-02;3.953048e-02;6.943638e-02
7.219506e-02;9.222186e-02;1.651201e-01;6.206793e-02;4.618220e-02;1.039173e-01;1.223476e-01;7.188591e-02;1.086033e-01;5.273951e-02;5.589242e-02;4.682675e-02
1.165008e-01;8.171660e-02;1.312661e-01;4.586135e-02;7.492588e-02;7.296638e-02;1.763277e-01;1.080817e-01;5.646440e-02;4.193988e-02;6.866005e-02;2.528927e-02
1.294056e-01;7.146337e-02;8.163036e-02;2.621006e-02;9.931135e-02;4.818447e-02;2.030207e-01;1.265181e-01;7.314680e-02;4.441231e-02;7.331961e-02;2.337724e-02
1.230794e-01;3.975249e-02;8.777667e-02;3.283733e-02;9.240112e-02;5.027968e-02;1.940949e-01;1.549999e-01;3.948187e-02;6.653009e-02;8.008751e-02;3.867907e-02
1.022879e-01;5.834277e-02;1.201672e-01;4.847619e-02;7.297651e-02;4.756014e-02;1.556783e-01;1.214342e-01;8.670549e-02;7.078308e-02;7.165185e-02;4.393640e-02
8.478212e-02;7.849129e-02;1.629080e-01;4.710587e-02;7.796337e-02;4.110762e-02;1.715406e-01;7.431615e-02;1.003076e-01;5.439573e-02;7.344567e-02;3.363599e-02
7.989539e-02;8.927133e-02;1.981611e-01;5.220234e-02;6.525352e-02;5.992716e-02;1.622806e-01;5.981505e-02;8.735666e-02;4.956723e-02;8.102500e-02;1.524460e-02
8.293470e-02;9.864929e-02;1.920716e-01;4.586810e-02;5.705176e-02;5.444554e-02;1.720004e-01;6.309003e-02;8.564305e-02;5.504668e-02;7.406781e-02;1.913109e-02
1.087393e-01;1.224857e-01;1.700884e-01;3.605951e-02;5.241473e-02;4.862390e-02;1.167936e-01;7.846352e-02;1.122526e-01;6.838822e-02;6.082895e-02;2.486154e-02
1.410415e-01;1.205649e-01;1.479442e-01;3.129967e-02;4.402268e-02;4.346256e-02;1.461769e-01;5.678854e-02;1.190809e-01;7.488804e-02;4.304161e-02;3.168846e-02
1.576594e-01;1.224463e-01;1.499840e-01;2.251129e-02;5.483511e-02;5.224133e-02;1.425783e-01;5.296779e-02;1.126937e-01;7.899968e-02;3.815487e-02;1.492827e-02
1.862764e-01;1.173837e-01;1.377795e-01;2.064452e-02;6.947251e-02;3.695950e-02;1.356749e-01;7.143278e-02;7.118405e-02;8.453444e-02;4.502596e-02;2.363173e-02
1.732984e-01;1.067065e-01;1.564817e-01;2.207493e-02;7.482324e-02;3.343314e-02;1.230371e-01;8.175318e-02;6.223591e-02;8.220857e-02;5.099992e-02;3.294747e-02
1.696056e-01;1.510322e-01;1.820927e-01;1.826511e-02;6.529944e-02;2.570215e-02;7.041835e-02;6.939087e-02;8.673917e-02;7.236148e-02;5.268610e-02;3.640686e-02
2.085701e-01;1.743634e-01;1.475945e-01;1.744952e-02;5.391298e-02;2.978749e-02;9.331173e-02;5.444334e-02;8.276242e-02;5.991748e-02;5.241274e-02;2.547438e-02
2.282358e-01;1.849057e-01;1.107231e-01;1.405134e-02;5.743825e-02;2.739072e-02;1.002157e-01;6.191473e-02;7.738804e-02;4.686602e-02;6.627297e-02;2.459755e-02
2.321852e-01;1.792152e-01;1.024479e-01;1.327711e-02;5.741831e-02;3.094205e-02;1.093343e-01;6.153120e-02;7.097316e-02;3.809108e-02;7.206289e-02;3.252166e-02
2.283187e-01;1.436850e-01;1.058738e-01;2.017889e-02;6.489830e-02;3.331525e-02;1.199485e-01;6.716871e-02;6.021737e-02;4.194441e-02;6.521517e-02;4.923595e-02
2.016225e-01;1.122161e-01;1.077283e-01;2.739947e-02;6.928879e-02;3.976608e-02;1.549656e-01;7.162614e-02;5.393904e-02;5.230843e-02;5.327231e-02;5.586722e-02
1.203780e-01;9.928957e-02;9.322657e-02;5.411656e-02;6.072736e-02;5.568862e-02;2.373314e-01;6.594370e-02;4.672542e-02;6.541003e-02;4.320778e-02;5.795500e-02
5.650266e-02;8.533930e-02;1.001022e-01;6.865113e-02;4.528197e-02;7.265945e-02;3.074835e-01;4.545025e-02;3.420985e-02;6.002837e-02;4.092403e-02;8.336728e-02
5.800204e-02;5.627112e-02;8.697438e-02;4.882858e-02;6.761065e-02;7.403467e-02;3.298926e-01;4.893660e-02;3.769647e-02;3.502660e-02;7.107018e-02;8.565610e-02
4.820692e-02;7.630306e-02;7.004244e-02;4.158320e-02;7.157578e-02;9.085848e-02;3.177070e-01;5.054633e-02;4.618535e-02;4.060788e-02;6.175701e-02;8.462654e-02
5.624665e-02;9.751128e-02;2.761116e-02;5.090033e-02;5.204933e-02;9.201171e-02;3.038981e-01;8.708308e-02;4.187951e-02;5.342378e-02;4.908394e-02;8.830114e-02
1.231677e-01;8.445866e-02;4.839425e-02;4.259313e-02;7.892652e-02;7.817176e-02;2.270800e-01;1.136016e-01;4.732991e-02;4.182814e-02;4.358876e-02;7.085954e-02
1.654676e-01;7.355149e-02;1.125991e-01;4.567420e-02;1.229783e-01;5.440950e-02;1.380281e-01;1.208000e-01;5.010810e-02;3.874537e-02;5.007796e-02;2.756028e-02
1.445587e-01;8.960214e-02;1.383415e-01;6.448601e-02;1.828038e-01;3.923909e-02;1.036480e-01;8.343706e-02;3.346670e-02;2.546688e-02;7.337026e-02;2.157988e-02
1.235433e-01;9.658152e-02;1.854246e-01;5.488743e-02;2.039816e-01;5.214658e-02;6.854361e-02;2.553122e-02;4.110523e-02;2.623117e-02;1.017385e-01;2.028524e-02
1.265228e-01;9.611579e-02;1.715186e-01;3.283152e-02;1.948219e-01;9.101722e-02;4.908418e-02;3.757946e-02;4.655840e-02;1.684879e-02;1.174904e-01;1.961101e-02
1.315269e-01;7.453950e-02;1.202402e-01;2.813806e-02;2.140053e-01;1.047366e-01;5.841932e-02;6.215559e-02;4.778657e-02;1.660451e-02;1.289506e-01;1.289682e-02
1.217535e-01;5.438593e-02;1.175446e-01;3.332622e-02;2.342728e-01;9.881539e-02;5.960045e-02;6.731436e-02;4.207040e-02;2.156751e-02;1.367144e-01;1.263453e-02
9.526134e-02;5.114574e-02;1.116656e-01;6.879466e-02;2.156671e-01;1.073911e-01;7.595127e-02;5.812663e-02;3.766828e-02;2.640256e-02;1.364171e-01;1.550856e-02
5.323596e-02;8.915249e-02;1.002191e-01;1.150723e-01;1.421812e-01;1.627744e-01;6.855016e-02;3.030657e-02;6.730359e-02;2.500134e-02;1.016522e-01;4.455069e-02
3.728275e-02;1.110514e-01;1.085013e-01;1.375703e-01;8.663860e-02;2.179478e-01;5.793314e-02;2.152376e-02;7.508314e-02;2.162252e-02;5.428186e-02;7.056341e-02
3.925767e-02;1.220611e-01;1.360394e-01;1.223645e-01;5.955192e-02;2.288144e-01;5.421207e-02;2.559087e-02;7.124386e-02;3.184094e-02;2.572663e-02;8.329668e-02
3.581960e-02;1.073252e-01;1.721176e-01;9.183893e-02;6.708252e-02;1.880941e-01;1.122390e-01;3.646558e-02;6.283785e-02;3.046194e-02;1.736149e-02;7.835619e-02
3.618262e-02;8.373422e-02;1.970501e-01;7.186262e-02;1.113154e-01;1.486449e-01;1.394918e-01;4.759127e-02;5.365599e-02;2.952607e-02;1.755891e-02;6.338617e-02
2.549551e-02;5.087376e-02;3.549963e-01;5.706501e-02;1.417614e-01;9.447067e-02;1.034351e-01;3.021101e-02;4.213434e-02;4.633639e-02;3.018702e-02;2.303357e-02
2.786225e-02;2.388613e-02;4.295758e-01;4.592524e-02;1.124918e-01;2.863581e-02;1.666576e-01;2.756309e-02;2.426410e-02;4.708577e-02;3.788426e-02;2.816818e-02
3.600128e-02;2.982935e-02;4.226203e-01;4.861049e-02;8.097006e-02;3.929680e-02;1.842588e-01;4.514170e-02;1.926547e-02;3.834727e-02;3.631137e-02;1.934716e-02
3.555938e-02;3.186531e-02;4.454859e-01;4.407130e-02;5.672453e-02;4.077207e-02;1.802162e-01;5.352248e-02;2.035251e-02;4.218319e-02;3.592313e-02;1.332404e-02
3.457431e-02;2.233446e-02;4.733184e-01;4.276370e-02;5.109160e-02;4.670862e-02;1.836740e-01;2.992636e-02;1.732476e-02;5.028276e-02;3.713003e-02;1.087099e-02
4.418841e-02;4.720597e-02;4.010340e-01;3.785619e-02;5.706744e-02;6.786601e-02;1.790620e-01;3.162245e-02;4.332432e-02;4.289504e-02;3.828270e-02;9.595506e-03
5.274954e-02;7.052202e-02;2.692443e-01;3.705601e-02;6.366066e-02;7.809618e-02;1.676468e-01;5.673404e-02;9.017712e-02;5.346813e-02;3.779139e-02;2.285385e-02
1.059823e-01;7.240544e-02;1.294981e-01;6.705131e-02;5.979045e-02;8.628256e-02;1.367394e-01;5.819862e-02;1.054348e-01;4.629754e-02;7.834200e-02;5.397755e-02
1.236221e-01;1.057054e-01;1.349108e-01;8.761591e-02;7.160857e-02;9.571134e-02;6.417545e-02;4.646493e-02;7.978354e-02;5.613068e-02;6.880212e-02;6.546919e-02
1.261881e-01;9.629568e-02;1.351206e-01;9.025715e-02;8.079760e-02;1.048232e-01;8.050754e-02;5.940942e-02;7.046859e-02;4.584283e-02;4.762409e-02;6.266525e-02
8.644229e-02;5.994889e-02;2.048848e-01;8.022662e-02;1.224007e-01;8.699030e-02;1.484210e-01;6.104165e-02;3.785668e-02;4.269372e-02;3.633023e-02;3.276305e-02
5.480088e-02;3.128536e-02;2.938818e-01;6.762484e-02;1.340215e-01;5.854193e-02;1.972753e-01;4.277856e-02;1.875884e-02;6.204921e-02;2.975045e-02;9.231390e-03
3.814079e-02;3.297882e-02;3.424562e-01;5.584859e-02;1.174458e-01;4.893910e-02;2.280757e-01;1.958928e-02;1.420090e-02;7.249574e-02;1.600476e-02;1.382436e-02
2.966810e-02;5.580929e-02;3.309880e-01;4.900544e-02;9.324772e-02;5.168295e-02;2.463570e-01;1.674131e-02;1.580898e-02;6.758431e-02;7.572225e-03;3.553465e-02
2.460469e-02;8.207417e-02;2.847117e-01;3.198403e-02;7.250932e-02;6.582958e-02;2.529900e-01;1.085572e-02;2.268393e-02;5.704372e-02;9.439966e-03;8.527324e-02
2.264259e-02;8.421131e-02;2.453490e-01;2.104705e-02;5.317818e-02;8.235020e-02;2.436105e-01;1.291482e-02;4.746919e-02;4.780965e-02;1.414666e-02;1.252708e-01
1.802134e-02;6.961198e-02;2.411574e-01;1.598976e-02;4.366963e-02;1.070511e-01;2.361515e-01;8.984025e-03;8.494934e-02;4.152871e-02;9.032103e-03;1.238531e-01
2.504531e-02;5.963982e-02;2.506445e-01;1.780086e-02;4.803076e-02;1.367010e-01;2.171723e-01;8.976127e-03;1.032193e-01;3.019577e-02;1.375854e-02;8.881567e-02
2.943303e-02;6.697977e-02;2.268600e-01;1.912695e-02;4.749587e-02;1.572586e-01;2.083286e-01;2.043473e-02;1.022535e-01;3.535391e-02;1.288521e-02;7.358980e-02
3.307742e-02;7.525235e-02;1.847424e-01;2.654456e-02;4.357903e-02;1.717594e-01;1.633801e-01;2.756682e-02;1.259414e-01;5.892034e-02;1.425929e-02;7.497691e-02
5.321498e-02;7.406103e-02;1.564626e-01;4.217077e-02;3.945659e-02;1.674641e-01;9.960634e-02;2.987562e-02;1.862564e-01;7.085603e-02;1.426529e-02;6.631024e-02
8.213148e-02;5.724043e-02;1.216463e-01;4.715749e-02;6.748172e-02;8.633985e-02;1.455229e-01;5.926247e-02;1.970256e-01;4.840633e-02;4.075683e-02;4.702855e-02
6.888622e-02;5.169280e-02;9.321581e-02;3.990386e-02;7.531647e-02;9.519429e-02;1.969136e-01;7.415553e-02;1.646966e-01;2.880344e-02;6.574947e-02;4.547192e-02
2.158699e-02;4.091841e-02;9.818848e-02;2.514373e-02;7.716133e-02;1.084037e-01;2.305575e-01;1.048928e-01;1.245702e-01;4.456476e-02;7.994406e-02;4.406797e-02
4.022909e-02;6.312595e-02;1.211344e-01;5.853014e-02;7.519563e-02;9.107225e-02;1.660564e-01;8.201262e-02;8.064979e-02;8.587784e-02;8.472368e-02;5.139210e-02
6.529143e-02;6.450256e-02;1.358756e-01;6.361447e-02;5.565023e-02;1.135651e-01;1.211761e-01;5.040461e-02;7.999764e-02;1.082855e-01;1.058476e-01;3.578911e-02
7.251319e-02;5.077867e-02;1.028726e-01;7.866523e-02;3.604203e-02;8.941469e-02;1.334471e-01;8.695794e-02;7.147631e-02;1.388872e-01;1.075791e-01;3.136595e-02
7.477151e-02;5.839835e-02;1.152620e-01;6.649911e-02;2.242278e-02;5.213405e-02;1.165901e-01;1.196120e-01;6.807174e-02;1.472654e-01;9.339641e-02;6.557646e-02
8.696948e-02;6.316922e-02;9.014166e-02;4.896810e-02;2.385249e-02;6.802329e-02;1.027015e-01;1.263322e-01;7.821524e-02;1.293175e-01;8.438511e-02;9.792421e-02
8.063197e-02;8.691074e-02;6.534500e-02;3.332410e-02;4.202465e-02;8.549429e-02;1.223686e-01;1.175067e-01;8.371358e-02;9.203316e-02;9.650190e-02;9.414534e-02
6.422824e-02;7.838996e-02;7.445826e-02;5.441104e-02;8.978365e-02;8.556592e-02;1.274103e-01;1.244688e-01;8.501043e-02;9.514140e-02;7.062062e-02;5.051145e-02
5.383217e-02;6.302952e-02;5.903102e-02;5.101105e-02;8.754763e-02;6.900707e-02;1.193020e-01;1.280634e-01;9.811128e-02;1.253401e-01;6.477087e-02;8.095399e-02
8.509099e-02;7.256168e-02;8.426580e-02;4.024059e-02;7.322751e-02;5.787263e-02;1.592085e-01;9.542825e-02;7.755336e-02;9.947137e-02;5.647654e-02;9.860283e-02
1.291418e-01;8.243468e-02;6.587087e-02;5.949391e-02;7.378658e-02;8.171897e-02;1.717251e-01;8.380581e-02;7.550053e-02;6.639099e-02;3.812347e-02;7.200727e-02
1.311961e-01;1.296405e-01;4.893257e-02;5.380191e-02;9.654870e-02;6.195601e-02;1.724596e-01;5.990364e-02;7.323135e-02;7.017064e-02;6.971515e-02;3.244378e-02
1.368009e-01;1.601918e-01;6.439303e-02;5.596466e-02;8.475769e-02;5.289255e-02;1.569779e-01;4.281685e-02;8.792524e-02;7.080914e-02;5.648670e-02;2.998359e-02
1.176826e-01;1.279588e-01;8.879176e-02;7.370853e-02;4.074107e-02;9.647146e-02;1.266807e-01;5.499033e-02;1.022099e-01;9.214404e-02;4.734038e-02;3.128048e-02
1.043843e-01;9.011143e-02;6.389887e-02;5.459707e-02;5.962575e-02;1.011091e-01;1.166866e-01;8.509828e-02;1.015488e-01;9.283611e-02;8.655993e-02;4.354386e-02
1.245386e-01;6.442902e-02;5.209433e-02;5.295779e-02;8.496445e-02;6.844273e-02;1.424477e-01;1.176436e-01;6.488164e-02;9.778003e-02;7.074811e-02;5.907198e-02
1.409139e-01;6.271774e-02;7.800686e-02;5.212205e-02;7.872222e-02;5.882331e-02;1.255564e-01;9.959169e-02;8.128916e-02;1.113925e-01;4.361130e-02;6.725284e-02
1.454766e-01;6.539241e-02;8.508305e-02;6.525450e-02;6.839770e-02;7.983670e-02;9.987898e-02;8.580916e-02;7.983204e-02;1.206325e-01;3.848820e-02;6.591818e-02
1.286587e-01;7.613145e-02;6.149584e-02;7.900915e-02;4.124290e-02;1.000300e-01;1.061461e-01;8.606447e-02;9.193309e-02;1.206947e-01;5.236885e-02;5.622488e-02
9.093813e-02;6.899707e-02;1.163075e-01;6.918897e-02;6.610312e-02;7.195309e-02;1.030543e-01;1.007921e-01;7.918491e-02;1.644492e-01;3.125336e-02;3.777817e-02
6.295592e-02;4.454063e-02;1.256404e-01;7.795375e-02;6.961612e-02;8.422271e-02;1.160777e-01;8.895693e-02;4.978960e-02;1.679722e-01;4.528164e-02;6.699241e-02
5.650327e-02;6.401913e-02;1.007106e-01;7.549317e-02;7.572928e-02;1.134863e-01;8.615644e-02;8.775961e-02;9.156413e-02;9.379993e-02;5.663035e-02;9.814776e-02
7.123125e-02;9.896339e-02;6.590366e-02;4.841891e-02;4.858279e-02;9.026662e-02;1.247751e-01;8.512725e-02;8.658232e-02;1.034127e-01;7.701738e-02;9.971862e-02
7.167903e-02;1.044091e-01;5.700340e-02;3.627269e-02;4.288348e-02;9.479477e-02;1.238624e-01;9.170141e-02;6.531077e-02;1.032081e-01;9.865776e-02;1.102170e-01
5.985864e-02;8.937333e-02;7.559314e-02;6.639909e-02;3.197018e-02;1.137815e-01;9.071404e-02;1.006262e-01;5.514567e-02;9.245963e-02;9.083632e-02;1.332423e-01
7.076694e-02;9.104665e-02;8.107090e-02;7.543562e-02;4.878839e-02;1.018463e-01;1.159464e-01;9.341937e-02;7.863890e-02;6.748564e-02;5.154479e-02;1.240101e-01
1.072858e-01;8.907792e-02;8.408078e-02;5.760452e-02;6.225476e-02;8.674496e-02;1.707068e-01;6.402913e-02;8.209147e-02;5.505693e-02;4.846235e-02;9.260461e-02
1.198047e-01;6.820335e-02;1.111388e-01;5.200587e-02;6.410178e-02;7.010689e-02;2.538333e-01;6.685103e-02;5.908135e-02;4.002099e-02;5.518889e-02;3.966311e-02
1.137531e-01;9.046331e-02;1.491217e-01;3.331262e-02;4.935473e-02;5.472780e-02;2.516193e-01;7.543145e-02;7.108863e-02;4.941563e-02;3.868632e-02;2.302534e-02
1.129107e-01;1.049105e-01;1.630637e-01;4.896955e-02;4.272190e-02;4.857795e-02;2.272325e-01;6.623133e-02;7.206593e-02;5.783911e-02;3.513301e-02;2.034371e-02
1.105311e-01;9.702845e-02;1.003049e-01;6.418088e-02;3.346115e-02;4.301460e-02;3.261957e-01;4.993337e-02;4.789523e-02;4.743551e-02;3.731342e-02;4.270567e-02
8.329603e-02;9.581695e-02;4.611108e-02;6.243059e-02;2.656419e-02;4.097559e-02;4.358042e-01;3.204281e-02;3.791124e-02;4.062969e-02;3.153970e-02;6.687792e-02
7.267924e-02;1.021796e-01;4.626549e-02;5.213681e-02;2.322865e-02;6.096702e-02;4.445127e-01;2.104470e-02;4.017221e-02;3.575433e-02;2.751930e-02;7.353988e-02
8.479635e-02;9.923393e-02;5.314879e-02;5.309189e-02;2.157659e-02;6.240242e-02;4.289829e-01;2.489830e-02;3.320667e-02;3.174013e-02;2.750152e-02;7.942057e-02
1.154411e-01;1.046758e-01;4.211907e-02;5.548528e-02;1.916869e-02;4.241350e-02;4.135044e-01;2.726833e-02;3.101425e-02;3.245997e-02;2.530022e-02;9.114942e-02
1.370821e-01;9.329737e-02;3.263529e-02;4.990507e-02;1.499764e-02;4.786793e-02;4.106753e-01;3.208376e-02;2.359232e-02;3.043985e-02;2.635329e-02;1.010701e-01
1.414831e-01;7.714513e-02;3.928270e-02;3.483095e-02;1.915193e-02;6.142380e-02;4.065797e-01;3.012140e-02;2.716273e-02;2.828695e-02;3.273384e-02;1.017977e-01
1.279844e-01;5.833129e-02;5.111794e-02;2.663814e-02;2.871517e-02;7.635912e-02;3.903326e-01;2.839378e-02;3.306205e-02;3.271393e-02;3.796377e-02;1.083877e-01
1.061459e-01;3.638458e-02;6.407761e-02;3.762108e-02;3.424913e-02;8.259780e-02;3.446191e-01;3.940795e-02;5.007387e-02;4.639787e-02;5.421802e-02;1.042071e-01
7.897162e-02;4.432314e-02;8.250766e-02;3.983048e-02;3.926981e-02;8.165263e-02;3.060796e-01;4.829359e-02;7.734236e-02;4.854679e-02;5.701168e-02;9.617066e-02
4.782876e-02;4.680183e-02;9.415023e-02;3.754989e-02;5.101267e-02;9.882136e-02;2.790489e-01;5.220452e-02;1.041743e-01;4.422130e-02;6.061217e-02;8.357403e-02
4.395564e-02;3.624508e-02;9.359831e-02;3.392574e-02;6.706105e-02;1.328947e-01;2.414241e-01;5.909157e-02;1.052609e-01;4.187087e-02;7.739842e-02;6.727364e-02
4.118321e-02;2.761348e-02;1.273970e-01;2.770346e-02;8.321629e-02;1.589894e-01;2.022811e-01;4.768997e-02;8.104396e-02;6.169924e-02;8.786526e-02;5.331765e-02
5.446169e-02;3.930302e-02;1.576385e-01;3.117609e-02;8.777986e-02;1.491658e-01;1.691189e-01;5.349865e-02;7.304332e-02;6.544798e-02;7.134461e-02;4.802162e-02
6.279530e-02;5.442167e-02;1.457860e-01;3.536181e-02;8.613048e-02;1.337827e-01;1.470098e-01;6.270830e-02;8.725253e-02;6.517155e-02;6.905660e-02;5.052329e-02
7.371859e-02;5.219020e-02;7.677907e-02;3.276928e-02;9.962036e-02;1.184419e-01;2.026548e-01;6.544051e-02;7.426000e-02;7.386311e-02;8.340489e-02;4.685731e-02
6.030706e-02;4.045359e-02;8.858347e-02;2.211839e-02;7.270351e-02;1.207023e-01;2.401966e-01;5.081921e-02;8.513568e-02;7.826260e-02;8.525725e-02;5.546037e-02
4.834754e-02;2.986038e-02;1.077323e-01;2.519610e-02;5.223243e-02;1.291288e-01;2.837178e-01;3.351007e-02;8.198112e-02;7.690804e-02;6.897229e-02;6.241317e-02
5.376893e-02;3.550851e-02;1.309963e-01;2.222224e-02;5.499620e-02;9.804502e-02;3.421363e-01;3.604172e-02;5.812262e-02;5.932835e-02;5.352172e-02;5.531208e-02
5.079134e-02;5.253765e-02;1.216971e-01;2.370227e-02;5.765916e-02;8.914401e-02;3.347698e-01;2.734135e-02;5.581700e-02;4.386757e-02;8.191289e-02;6.075989e-02
4.727323e-02;5.510119e-02;1.164705e-01;3.460449e-02;6.141425e-02;1.015390e-01;2.617767e-01;3.110539e-02;9.000218e-02;5.377674e-02;8.570980e-02;6.122655e-02
6.393857e-02;6.084744e-02;8.180440e-02;5.757407e-02;7.549666e-02;9.360973e-02;2.076718e-01;5.167302e-02;1.100540e-01;6.214237e-02;8.117040e-02;5.401756e-02
9.928530e-02;5.099125e-02;1.052127e-01;7.200017e-02;7.893084e-02;5.059880e-02;1.784810e-01;6.679827e-02;9.432887e-02;6.271394e-02;7.283986e-02;6.781908e-02
9.983808e-02;5.894314e-02;1.505310e-01;6.379541e-02;6.840032e-02;4.762040e-02;1.392090e-01;4.529913e-02;8.122931e-02;8.917469e-02;8.394565e-02;7.201388e-02
7.839093e-02;6.069218e-02;7.911170e-02;4.367753e-02;6.567770e-02;5.783697e-02;1.407588e-01;6.840464e-02;1.327757e-01;1.113834e-01;8.911593e-02;7.217453e-02
7.302676e-02;4.967029e-02;7.636043e-02;5.223646e-02;6.506173e-02;5.869108e-02;1.547143e-01;6.915565e-02;1.379429e-01;1.070700e-01;8.537513e-02;7.069518e-02
7.240938e-02;6.318580e-02;9.335472e-02;4.863838e-02;6.280097e-02;7.476856e-02;1.728850e-01;7.279919e-02;1.119603e-01;9.697419e-02;8.034715e-02;4.987637e-02
6.303072e-02;7.678648e-02;7.017311e-02;3.214424e-02;5.343561e-02;9.795514e-02;1.718748e-01;7.611080e-02;1.315184e-01;1.229902e-01;4.658320e-02;5.739729e-02
8.943650e-02;8.781954e-02;5.095655e-02;3.419069e-02;5.795607e-02;9.379141e-02;1.724374e-01;7.741216e-02;1.291477e-01;1.342852e-01;2.574895e-02;4.681779e-02
7.598468e-02;8.148272e-02;4.534255e-02;4.065020e-02;7.405555e-02;2.029220e-01;1.170067e-01;7.940236e-02;6.982061e-02;1.339312e-01;2.598966e-02;5.341178e-02
4.742790e-02;3.436114e-02;4.755987e-02;4.294898e-02;7.623909e-02;3.194245e-01;1.287796e-01;9.565698e-02;5.033255e-02;9.139412e-02;2.661189e-02;3.926346e-02
5.550909e-02;2.659276e-02;5.298213e-02;7.147732e-02;9.214087e-02;3.067774e-01;1.134857e-01;1.031011e-01;5.201818e-02;8.389004e-02;2.915040e-02;1.287495e-02
7.125813e-02;4.330596e-02;3.746663e-02;1.183791e-01;1.886556e-01;1.712350e-01;9.800108e-02;7.506654e-02;6.048160e-02;7.214201e-02;3.721052e-02;2.679784e-02
7.069657e-02;6.393509e-02;4.454042e-02;1.399383e-01;2.742193e-01;5.740193e-02;9.066678e-02;7.311001e-02;5.882659e-02;5.386122e-02;3.993505e-02;3.286871e-02
4.884174e-02;4.584546e-02;5.962967e-02;1.143904e-01;2.647718e-01;1.062075e-01;1.285485e-01;7.492945e-02;4.204207e-02;3.532635e-02;3.329865e-02;4.616844e-02
6.016946e-02;3.565476e-02;6.665697e-02;1.021434e-01;2.383581e-01;1.034074e-01;1.458166e-01;5.521484e-02;4.711153e-02;3.615208e-02;4.675312e-02;6.256168e-02
8.090761e-02;4.631133e-02;1.350775e-01;1.030390e-01;1.741304e-01;5.245245e-02;1.065450e-01;7.232279e-02;4.562614e-02;6.006087e-02;4.868505e-02;7.484183e-02
1.029357e-01;5.990011e-02;1.803953e-01;1.001793e-01;7.037957e-02;5.049135e-02;9.504745e-02;8.891296e-02;6.725100e-02;6.213752e-02;5.859965e-02;6.377017e-02
9.298389e-02;6.636424e-02;1.936517e-01;5.821479e-02;9.191421e-02;3.068888e-02;1.453836e-01;7.895106e-02;6.368918e-02;6.464445e-02;5.110012e-02;6.241393e-02
6.208660e-02;2.612985e-02;2.092743e-01;2.433397e-02;1.511091e-01;6.552189e-02;1.496501e-01;4.539086e-02;7.894783e-02;7.628712e-02;2.804370e-02;8.322479e-02
6.250753e-02;5.982057e-02;1.883382e-01;5.000697e-02;1.108131e-01;9.059568e-02;9.226168e-02;7.524807e-02;1.012776e-01;5.656352e-02;4.170289e-02;7.086427e-02
8.042086e-02;7.953686e-02;1.542795e-01;6.536725e-02;7.530880e-02;7.021062e-02;1.076691e-01;7.673875e-02;1.080690e-01;4.650510e-02;4.730057e-02;8.859360e-02
8.588009e-02;7.715082e-02;1.276009e-01;5.808254e-02;8.840580e-02;4.699425e-02;1.039166e-01;4.885591e-02;1.116762e-01;8.090287e-02;5.945240e-02;1.110816e-01
9.671970e-02;7.184190e-02;1.161577e-01;5.074250e-02;8.437849e-02;5.157357e-02;7.381406e-02;3.798483e-02;1.188776e-01;1.111562e-01;5.873482e-02;1.280187e-01
5.082279e-02;7.607889e-02;1.080770e-01;5.206700e-02;7.308753e-02;8.856934e-02;5.132246e-02;3.596272e-02;1.169852e-01;9.692192e-02;1.003709e-01;1.497343e-01
9.814558e-02;6.146219e-02;1.117262e-01;3.594704e-02;6.769689e-02;7.515670e-02;3.880618e-02;4.617533e-02;9.536899e-02;8.546618e-02;1.441614e-01;1.398874e-01
1.162480e-01;4.018823e-02;1.296687e-01;3.181396e-02;7.381339e-02;7.192394e-02;7.491408e-02;4.412231e-02;1.218007e-01;8.158136e-02;1.101808e-01;1.037446e-01
