4.055100e-02;9.159479e-02;1.866573e-01;4.342199e-02;1.091895e-01;5.915934e-02;1.956640e-01;3.025580e-02;3.500199e-02;8.531121e-02;7.947962e-02;4.371336e-02
4.273892e-02;7.829601e-02;7.764216e-02;4.298423e-02;1.021330e-01;7.987253e-02;2.875431e-01;4.111525e-02;4.747535e-02;9.389994e-02;6.604662e-02;4.025292e-02
5.295318e-02;4.324836e-02;2.662019e-01;5.377754e-02;9.048709e-02;5.698929e-02;1.991992e-01;2.859752e-02;3.726706e-02;6.753254e-02;5.447917e-02;4.926710e-02
4.547113e-02;3.010479e-02;3.567089e-01;6.250830e-02;7.101376e-02;4.852082e-02;1.704886e-01;2.647872e-02;4.311781e-02;4.266082e-02;5.129653e-02;5.162976e-02
5.187863e-02;4.264359e-02;2.537700e-01;6.895731e-02;1.303544e-01;7.940782e-02;1.903323e-01;2.795959e-02;4.150470e-02;3.735149e-02;4.219364e-02;3.364642e-02
4.852607e-02;4.905539e-02;1.638671e-01;7.971952e-02;1.478459e-01;1.075553e-01;1.765652e-01;4.943480e-02;4.500411e-02;5.531464e-02;4.587258e-02;3.123938e-02
3.510371e-02;4.513736e-02;2.198715e-01;6.991614e-02;1.252343e-01;9.891212e-02;1.212034e-01;4.473255e-02;5.698088e-02;6.829780e-02;8.127382e-02;3.333639e-02
5.345892e-02;6.766618e-02;2.176108e-01;7.344544e-02;9.203947e-02;8.849385e-02;1.172085e-01;4.270974e-02;7.478163e-02;6.453910e-02;6.558632e-02;4.246006e-02
7.618400e-02;1.175843e-01;1.773031e-01;7.093061e-02;7.992010e-02;7.173953e-02;9.355633e-02;3.075950e-02;5.762047e-02;6.454499e-02;7.535990e-02;8.449714e-02
9.881970e-02;1.018576e-01;1.734972e-01;8.779785e-02;9.665021e-02;7.699363e-02;1.048352e-01;3.095690e-02;4.450917e-02;6.225167e-02;6.253224e-02;5.929871e-02
6.526591e-02;6.822917e-02;2.334836e-01;9.158395e-02;1.004287e-01;5.679918e-02;1.339360e-01;3.444310e-02;3.305867e-02;6.131739e-02;6.792845e-02;5.352591e-02
3.742599e-02;3.586663e-02;3.691183e-01;1.425233e-01;7.977637e-02;3.389896e-02;8.760452e-02;1.441525e-02;2.169379e-02;5.477447e-02;8.584879e-02;3.705369e-02
1.170757e-02;2.520164e-02;5.358273e-01;1.602807e-01;5.026691e-02;1.643445e-02;2.806106e-02;5.107296e-03;1.093831e-02;6.449851e-02;7.693518e-02;1.474116e-02
1.548294e-02;3.050874e-02;6.440710e-01;1.215531e-01;2.840334e-02;6.128309e-03;1.478298e-02;3.503790e-03;7.496426e-03;7.828775e-02;4.519357e-02;4.588101e-03
2.554415e-02;6.149703e-02;6.511192e-01;7.650398e-02;1.555570e-02;7.971713e-03;2.312031e-02;7.624329e-03;1.037529e-02;9.085825e-02;2.304575e-02;6.784312e-03
2.418658e-02;6.052590e-02;5.829064e-01;5.335585e-02;1.544566e-02;1.246631e-02;3.037436e-02;1.365969e-02;6.129877e-02;1.149744e-01;2.020480e-02;1.060128e-02
2.055861e-02;7.512005e-02;5.311333e-01;2.836309e-02;1.314266e-02;1.015516e-02;1.758328e-02;9.799426e-03;1.180077e-01;1.545673e-01;1.407475e-02;7.494800e-03
1.995150e-02;1.035758e-01;5.077010e-01;1.665600e-02;9.657710e-03;3.676454e-03;9.308232e-03;3.933467e-03;1.485495e-01;1.666442e-01;4.702246e-03;5.643830e-03
1.821209e-02;1.123716e-01;5.378510e-01;2.190095e-02;9.972894e-03;3.669094e-03;8.840674e-03;8.747888e-03;1.161227e-01;1.565222e-01;2.477717e-03;3.311018e-03
2.254149e-02;1.237437e-01;5.851011e-01;2.791190e-02;1.360521e-02;5.482781e-03;1.438999e-02;7.272887e-03;4.467070e-02;1.433218e-01;6.133105e-03;5.825479e-03
2.562293e-02;1.291361e-01;5.899996e-01;2.635255e-02;1.625993e-02;1.225118e-02;3.064004e-02;1.082894e-02;2.661826e-02;1.061118e-01;8.639184e-03;1.753945e-02
1.057057e-02;1.477603e-01;5.990150e-01;3.166888e-02;1.736004e-02;1.937177e-02;1.779440e-02;1.008946e-02;5.618786e-02;5.611123e-02;8.685583e-03;2.538491e-02
1.890306e-02;1.643730e-01;6.293917e-01;2.546098e-02;9.113905e-03;1.736195e-02;1.017559e-02;8.756825e-03;6.012906e-02;2.595847e-02;6.279938e-03;2.409549e-02
2.178501e-02;1.651887e-01;6.564812e-01;2.592198e-02;6.758370e-03;1.775208e-02;1.311519e-02;7.677908e-03;4.571116e-02;1.533790e-02;4.868032e-03;1.940243e-02
2.283013e-02;1.651970e-01;6.677989e-01;2.807016e-02;1.011220e-02;1.980678e-02;1.036195e-02;9.647095e-03;3.062013e-02;9.276402e-03;6.583089e-03;1.969607e-02
3.623001e-02;1.641084e-01;6.600333e-01;2.627802e-02;1.272326e-02;2.406225e-02;9.148045e-03;1.003013e-02;2.448649e-02;4.550404e-03;9.396514e-03;1.895315e-02
5.434703e-02;1.610356e-01;6.156960e-01;2.543498e-02;1.600540e-02;2.516680e-02;9.135072e-03;1.149239e-02;3.830975e-02;7.888878e-03;1.424695e-02;2.124116e-02
8.286893e-02;1.404053e-01;5.349702e-01;2.561816e-02;2.194443e-02;1.964609e-02;1.281569e-02;2.280328e-02;6.657824e-02;2.637867e-02;2.361119e-02;2.235988e-02
1.503722e-01;8.847916e-02;4.157569e-01;2.676233e-02;4.589406e-02;1.606792e-02;2.063016e-02;4.603151e-02;7.239681e-02;4.503502e-02;3.864817e-02;3.392570e-02
1.866835e-01;5.890425e-02;2.271955e-01;3.992451e-02;4.927876e-02;1.779622e-02;7.807424e-02;8.465035e-02;6.925479e-02;5.785307e-02;7.239730e-02;5.798758e-02
1.093253e-01;5.571206e-02;2.378108e-01;5.965748e-02;9.599169e-02;5.231376e-02;1.602524e-01;3.675397e-02;6.365001e-02;5.428367e-02;4.420543e-02;3.004338e-02
5.865124e-02;8.206318e-02;3.841973e-01;7.162929e-02;9.119196e-02;3.721527e-02;1.204664e-01;2.193926e-02;4.686082e-02;6.279498e-02;1.307724e-02;9.913023e-03
4.524652e-02;8.516059e-02;4.773808e-01;6.081773e-02;8.793727e-02;2.127775e-02;8.198912e-02;1.565806e-02;3.519299e-02;7.133491e-02;1.041016e-02;7.594136e-03
1.663072e-02;7.396228e-02;5.874943e-01;3.984703e-02;7.076765e-02;1.023222e-02;6.224421e-02;1.438348e-02;2.113152e-02;8.709454e-02;1.025678e-02;5.955219e-03
1.518359e-02;5.964183e-02;6.187273e-01;4.092811e-02;4.353963e-02;3.921114e-03;8.493353e-02;9.603430e-03;1.942675e-02;9.191816e-02;7.743282e-03;4.433247e-03
1.165367e-02;4.126228e-02;5.843027e-01;7.502660e-02;3.765595e-02;1.441815e-02;1.048268e-01;1.473174e-02;1.629743e-02;8.367189e-02;1.236547e-02;3.787236e-03
1.092911e-02;2.862238e-02;4.658403e-01;1.539183e-01;5.092539e-02;3.969917e-02;8.309679e-02;4.123557e-02;1.940192e-02;5.734731e-02;4.197865e-02;7.005101e-03
5.319573e-03;2.577125e-02;2.788937e-01;2.157343e-01;1.273210e-01;6.888168e-02;4.227785e-02;7.375810e-02;1.658053e-02;5.479553e-02;6.554833e-02;2.511810e-02
6.228003e-03;1.970391e-02;1.365395e-01;1.627609e-01;2.420395e-01;9.236022e-02;7.900786e-02;6.273764e-02;3.203505e-02;5.818346e-02;4.515773e-02;6.324625e-02
2.450554e-02;8.925484e-03;7.835604e-02;7.776757e-02;2.909500e-01;1.680976e-01;1.348999e-01;3.561891e-02;4.849692e-02;3.491913e-02;1.365498e-02;8.380795e-02
6.756890e-02;1.221616e-02;4.387394e-02;3.065928e-02;1.971701e-01;2.857103e-01;2.167292e-01;2.906018e-02;3.404165e-02;2.374920e-02;5.450658e-03;5.377041e-02
7.603084e-02;3.143448e-02;1.795126e-02;1.798997e-02;7.938075e-02;2.887190e-01;3.900311e-01;3.606813e-02;1.125055e-02;3.116695e-02;6.749916e-03;1.322708e-02
4.262658e-02;5.945230e-02;9.001963e-03;1.534892e-02;2.925521e-02;1.715258e-01;5.656574e-01;5.904007e-02;1.652162e-02;1.671389e-02;1.234648e-02;2.509793e-03
1.665387e-02;5.980590e-02;2.379977e-02;1.141155e-02;1.810884e-02;7.218388e-02;6.033553e-01;1.389382e-01;2.479905e-02;1.039385e-02;1.533059e-02;5.219197e-03
1.552467e-02;3.976146e-02;6.025939e-02;1.262936e-02;2.079503e-02;3.373878e-02;4.887651e-01;2.065548e-01;5.687546e-02;3.415776e-02;1.671132e-02;1.422677e-02
3.001148e-02;3.313207e-02;1.040696e-01;1.804648e-02;3.919898e-02;4.504046e-02;3.136945e-01;2.074633e-01;9.828541e-02;6.232451e-02;2.605294e-02;2.268026e-02
4.756129e-02;3.299955e-02;1.464766e-01;5.020022e-02;8.005412e-02;6.781558e-02;1.569084e-01;1.606089e-01;1.267544e-01;7.073896e-02;3.635260e-02;2.352931e-02
5.985010e-02;5.415742e-02;1.315682e-01;8.788056e-02;9.323138e-02;6.533297e-02;1.512229e-01;9.772183e-02;9.384727e-02;7.646145e-02;5.778128e-02;3.094456e-02
7.111783e-02;2.917269e-02;1.023559e-01;3.272719e-02;4.447354e-02;4.791981e-02;2.276593e-01;9.014315e-02;1.147497e-01;1.320947e-01;6.511543e-02;4.247071e-02
4.972895e-02;2.821719e-02;8.725718e-02;2.029137e-02;1.243575e-02;3.305696e-02;2.896424e-01;1.378544e-01;1.315463e-01;1.017504e-01;4.770820e-02;6.051089e-02
2.310450e-02;1.777981e-02;1.091645e-01;1.115436e-02;8.068881e-03;2.026584e-02;3.461907e-01;2.066727e-01;1.034176e-01;6.677569e-02;1.623704e-02;7.116838e-02
7.071594e-03;1.509718e-02;1.104160e-01;7.391219e-03;8.303162e-03;1.466454e-02;4.572753e-01;2.082153e-01;5.004268e-02;5.147450e-02;1.165310e-02;5.839537e-02
6.439076e-03;3.820358e-02;6.942620e-02;4.408265e-03;2.006083e-02;2.375086e-02;5.919187e-01;1.361368e-01;2.240636e-02;3.246101e-02;2.945834e-02;2.532997e-02
1.224710e-02;7.414401e-02;2.558465e-02;4.306814e-03;3.012756e-02;4.673017e-02;6.440531e-01;6.963854e-02;2.079727e-02;1.639395e-02;4.535442e-02;1.062239e-02
4.389986e-02;8.034620e-02;1.864350e-02;1.003150e-02;5.751628e-02;8.126176e-02;5.868523e-01;3.151086e-02;1.717929e-02;2.444912e-02;3.758309e-02;1.072625e-02
8.767208e-02;4.628434e-02;3.918760e-02;2.280449e-02;1.259860e-01;1.201358e-01;4.479321e-01;1.518658e-02;1.138782e-02;4.043163e-02;1.799406e-02;2.499753e-02
6.749371e-02;1.841659e-02;9.655197e-02;3.525692e-02;2.096607e-01;1.338697e-01;2.738846e-01;1.480694e-02;2.394013e-02;3.069080e-02;1.401925e-02;8.140874e-02
2.825827e-02;1.677753e-02;1.622387e-01;6.050972e-02;2.623610e-01;1.021549e-01;1.293496e-01;8.563460e-03;3.069805e-02;2.246259e-02;2.661778e-02;1.500084e-01
2.101622e-02;2.255279e-02;2.088043e-01;9.935959e-02;2.805695e-01;6.379857e-02;3.525391e-02;9.659098e-03;2.422243e-02;3.027081e-02;4.724261e-02;1.572502e-01
2.205006e-02;2.243699e-02;1.803265e-01;1.125335e-01;2.992195e-01;7.301635e-02;3.761678e-02;1.701207e-02;2.323791e-02;3.899285e-02;3.548517e-02;1.380724e-01
1.966067e-02;3.218872e-02;1.471896e-01;9.582834e-02;2.773497e-01;9.610762e-02;5.891491e-02;2.076431e-02;3.071312e-02;3.892974e-02;3.816442e-02;1.441889e-01
2.188619e-02;2.135259e-02;1.598344e-01;5.877462e-02;2.325104e-01;1.165430e-01;1.414700e-01;1.553419e-02;3.749851e-02;2.505967e-02;3.426440e-02;1.352721e-01
3.398274e-02;2.384842e-02;1.796296e-01;3.087159e-02;2.055192e-01;1.426287e-01;2.131623e-01;1.091116e-02;4.127871e-02;1.532158e-02;1.707239e-02;8.577354e-02
3.887532e-02;2.443275e-02;2.133929e-01;2.258456e-02;2.113776e-01;1.675697e-01;2.080070e-01;7.125053e-03;3.343004e-02;1.606904e-02;7.330603e-03;4.980548e-02
3.292414e-02;1.026406e-02;2.437870e-01;1.916069e-02;2.387030e-01;1.711737e-01;1.693073e-01;6.103662e-03;3.434445e-02;1.295698e-02;6.260863e-03;5.501425e-02
3.274471e-02;1.076837e-02;2.416722e-01;1.933656e-02;2.519713e-01;1.620461e-01;1.527403e-01;5.559369e-03;4.095871e-02;8.468118e-03;5.409271e-03;6.832497e-02
2.920860e-02;1.854296e-02;2.300339e-01;2.959864e-02;2.563128e-01;1.384297e-01;1.403072e-01;5.139473e-03;4.741067e-02;6.928722e-03;7.235184e-03;9.085210e-02
2.518866e-02;3.591664e-02;2.358716e-01;5.131925e-02;2.400277e-01;1.093188e-01;1.208210e-01;4.309160e-03;4.610511e-02;1.078368e-02;1.077009e-02;1.095684e-01
3.167751e-02;5.622664e-02;2.912184e-01;8.432936e-02;1.804693e-01;7.253490e-02;9.477166e-02;1.471715e-02;4.120162e-02;2.073032e-02;1.965091e-02;9.247223e-02
4.087702e-02;6.295618e-02;3.771751e-01;1.007373e-01;1.247166e-01;5.136848e-02;5.248617e-02;2.764708e-02;4.495069e-02;3.217052e-02;2.532231e-02;5.959255e-02
4.755172e-02;5.277332e-02;4.033501e-01;9.042814e-02;9.186592e-02;5.612779e-02;4.371152e-02;4.274156e-02;6.048527e-02;3.673111e-02;2.999801e-02;4.423558e-02
6.585447e-02;7.972448e-02;3.169528e-01;6.957880e-02;6.748984e-02;5.839591e-02;1.088807e-01;6.412508e-02;6.994697e-02;4.478240e-02;2.708995e-02;2.717866e-02
8.640721e-02;9.259064e-02;2.453503e-01;7.910668e-02;8.040367e-02;4.576952e-02;8.949789e-02;7.237158e-02;7.756791e-02;5.490809e-02;4.970954e-02;2.631694e-02
7.752918e-02;8.489847e-02;1.928184e-01;9.197024e-02;8.602291e-02;4.852143e-02;1.058557e-01;4.079369e-02;1.219003e-01;5.904064e-02;5.506276e-02;3.558626e-02
5.926353e-02;6.986731e-02;1.421782e-01;7.774805e-02;7.079019e-02;6.842043e-02;1.485964e-01;6.281935e-02;1.191802e-01;8.659685e-02;3.830648e-02;5.623300e-02
2.087711e-02;5.899764e-02;1.304912e-01;9.191352e-02;5.770502e-02;9.157466e-02;1.512142e-01;7.630950e-02;7.883970e-02;1.415078e-01;2.724061e-02;7.332896e-02
5.879413e-02;3.999387e-02;1.127637e-01;1.111558e-01;7.552245e-02;1.139957e-01;7.622737e-02;4.749847e-02;6.902747e-02;1.588629e-01;4.170226e-02;9.445598e-02
1.091990e-01;7.893411e-02;9.586760e-02;8.032324e-02;5.521535e-02;6.388997e-02;6.745850e-02;3.805612e-02;8.504895e-02;1.112748e-01;1.226074e-01;9.212495e-02
1.109984e-01;7.393999e-02;1.056703e-01;7.556092e-02;5.989913e-02;5.672380e-02;7.785045e-02;3.065576e-02;7.085045e-02;9.464359e-02;1.435990e-01;9.960823e-02
7.709999e-02;5.541566e-02;1.749101e-01;7.432236e-02;9.324959e-02;5.934701e-02;1.158953e-01;3.512766e-02;4.894389e-02;6.754567e-02;1.308954e-01;6.724732e-02
2.069061e-02;2.540431e-02;2.246431e-01;1.410795e-01;1.312814e-01;6.407602e-02;1.275786e-01;5.183716e-02;1.641652e-02;2.655867e-02;1.162024e-01;5.423182e-02
8.782521e-03;1.970531e-02;2.206687e-01;2.152347e-01;1.283019e-01;4.479989e-02;7.631947e-02;6.472620e-02;1.303585e-02;1.213836e-02;1.529056e-01;4.338144e-02
1.125671e-02;1.934700e-02;2.131019e-01;2.572133e-01;1.026525e-01;2.672119e-02;3.829530e-02;7.362264e-02;1.082700e-02;1.169603e-02;2.128152e-01;2.245116e-02
1.763053e-02;2.050360e-02;2.175399e-01;2.296270e-01;6.595818e-02;2.986844e-02;4.412700e-02;6.463107e-02;8.743737e-03;1.583116e-02;2.542996e-01;3.123983e-02
1.234321e-02;1.092463e-02;2.620004e-01;2.137440e-01;3.571631e-02;2.183054e-02;2.897759e-02;4.128388e-02;8.798433e-03;2.974144e-02;3.219145e-01;1.272513e-02
7.192228e-03;7.524714e-03;3.126263e-01;2.036866e-01;2.758033e-02;1.171386e-02;1.002778e-02;1.950436e-02;3.309963e-03;4.888332e-02;3.411988e-01;6.751801e-03
5.266293e-03;1.088830e-02;3.050584e-01;1.860646e-01;2.485034e-02;7.749884e-03;4.615065e-03;1.073470e-02;5.247896e-03;7.069397e-02;3.568179e-01;1.201262e-02
1.060260e-02;1.340884e-02;2.932222e-01;1.533532e-01;2.628898e-02;7.304606e-03;8.092522e-03;6.362090e-03;1.029225e-02;9.063522e-02;3.705727e-01;9.864814e-03
1.219738e-02;1.648922e-02;3.007834e-01;1.318489e-01;2.621817e-02;7.140073e-03;6.850995e-03;5.331894e-03;9.227346e-03;1.052002e-01;3.743688e-01;4.343674e-03
7.820670e-03;7.705201e-03;2.802356e-01;1.424065e-01;3.012068e-02;7.308632e-03;7.122651e-03;2.908489e-03;6.858369e-03;8.931707e-02;4.090531e-01;9.143010e-03
7.726530e-03;4.224223e-03;2.448674e-01;1.704175e-01;3.287069e-02;1.045298e-02;6.111814e-03;4.549426e-03;1.108729e-02;5.874197e-02;4.419184e-01;7.031720e-03
7.062955e-03;6.199981e-03;2.198517e-01;1.995830e-01;3.810362e-02;1.319865e-02;6.635106e-03;7.928615e-03;8.060834e-03;4.021237e-02;4.458119e-01;7.351232e-03
2.712780e-03;7.821361e-03;1.956716e-01;2.344294e-01;4.341525e-02;1.567730e-02;4.537576e-03;1.195153e-02;5.547514e-03;2.183609e-02;4.465267e-01;9.872787e-03
7.042391e-03;1.168705e-02;1.763415e-01;2.488498e-01;5.328998e-02;1.662541e-02;8.041553e-03;1.857770e-02;8.228615e-03;1.039900e-02;4.261238e-01;1.479320e-02
6.227728e-03;1.552254e-02;1.603731e-01;2.457670e-01;7.255407e-02;1.613738e-02;7.236972e-03;1.797749e-02;4.888323e-03;2.548462e-03;4.046772e-01;4.608971e-02
8.728025e-03;1.429609e-02;1.440427e-01;1.974354e-01;1.118890e-01;2.110461e-02;7.860031e-03;1.446947e-02;5.439340e-03;9.909859e-03;3.268259e-01;1.379996e-01
9.650631e-03;1.674267e-02;1.056449e-01;1.143445e-01;1.722956e-01;3.096693e-02;2.061899e-02;1.078246e-02;1.545076e-02;8.883497e-03;1.869277e-01;3.076912e-01
1.043860e-02;1.581283e-02;7.480544e-02;6.046273e-02;2.175132e-01;4.205018e-02;3.338179e-02;6.092091e-03;1.598678e-02;5.216266e-03;7.643075e-02;4.418094e-01
2.505556e-02;1.465777e-02;6.503824e-02;4.477690e-02;2.370291e-01;5.386408e-02;4.339784e-02;3.174597e-03;1.901299e-02;6.829541e-03;2.345097e-02;4.637124e-01
2.464063e-02;1.724690e-02;7.456619e-02;4.315957e-02;2.561425e-01;7.003843e-02;5.199356e-02;5.894365e-03;1.967732e-02;5.144983e-03;1.272823e-02;4.187672e-01
2.285287e-02;1.553364e-02;1.254064e-01;6.391038e-02;2.626344e-01;7.947096e-02;7.677569e-02;5.696801e-03;1.829434e-02;5.630266e-03;1.417524e-02;3.096190e-01
1.603930e-02;1.059659e-02;2.282789e-01;9.515671e-02;2.394763e-01;7.614214e-02;9.120866e-02;6.208923e-03;1.590730e-02;7.054080e-03;2.699754e-02;1.869335e-01
1.868008e-02;1.966359e-02;3.392282e-01;1.019623e-01;1.967366e-01;6.914138e-02;8.173730e-02;1.241232e-02;1.055317e-02;1.127104e-02;3.549651e-02;1.031175e-01
2.617111e-02;3.996170e-02;4.144138e-01;7.729269e-02;1.561902e-01;6.751627e-02;5.356305e-02;2.204966e-02;1.738238e-02;2.568331e-02;4.060334e-02;5.917246e-02
1.063702e-01;8.004332e-02;2.419090e-01;3.757158e-02;1.461173e-01;8.654973e-02;6.032924e-02;3.416809e-02;5.414503e-02;4.925433e-02;3.009561e-02;7.344657e-02
1.892093e-01;1.073696e-01;1.479198e-01;5.184164e-02;1.138073e-01;6.843226e-02;4.706964e-02;3.515260e-02;6.001097e-02;4.271111e-02;3.321913e-02;1.032567e-01
1.944014e-01;1.258072e-01;1.748560e-01;4.655296e-02;9.231597e-02;5.037385e-02;4.933803e-02;2.133502e-02;5.126423e-02;3.849377e-02;5.482713e-02;1.004344e-01
1.735312e-01;1.201531e-01;1.278562e-01;4.212227e-02;7.413612e-02;4.534178e-02;1.015538e-01;1.564977e-02;5.599076e-02;5.055226e-02;6.865784e-02;1.244549e-01
7.826968e-02;8.247586e-02;9.235524e-02;5.424845e-02;8.044710e-02;5.870710e-02;1.419260e-01;6.716215e-02;9.446850e-02;8.767898e-02;6.581756e-02;9.644345e-02
4.782670e-02;5.966970e-02;9.562841e-02;5.582463e-02;6.836621e-02;8.950150e-02;1.456111e-01;1.034784e-01;1.195553e-01;1.137814e-01;4.327663e-02;5.748000e-02
5.065886e-02;5.277644e-02;8.145147e-02;6.073520e-02;6.467912e-02;1.005071e-01;1.542738e-01;1.052463e-01;1.092525e-01;1.121786e-01;4.915409e-02;5.908647e-02
7.248556e-02;4.483036e-02;6.286398e-02;7.646101e-02;6.470100e-02;9.582433e-02;1.553468e-01;1.098888e-01;1.078343e-01;8.495443e-02;6.038642e-02;6.442305e-02
8.772003e-02;3.603479e-02;1.161961e-01;5.775800e-02;7.059689e-02;1.023628e-01;1.657486e-01;1.018495e-01;9.663855e-02;5.606807e-02;6.206265e-02;4.696395e-02
6.599808e-02;4.914708e-02;1.153073e-01;3.645051e-02;6.149340e-02;9.291605e-02;1.411559e-01;1.277842e-01;7.738175e-02;8.030153e-02;7.850043e-02;7.356387e-02
5.290202e-02;5.695556e-02;1.058881e-01;3.388003e-02;6.139232e-02;7.307466e-02;1.221887e-01;1.346988e-01;9.230077e-02;1.018168e-01;8.962391e-02;7.527833e-02
5.460430e-02;5.912877e-02;1.075335e-01;6.231148e-02;6.552859e-02;7.822081e-02;1.458104e-01;1.004456e-01;8.099271e-02;1.281503e-01;5.703490e-02;6.023865e-02
6.543889e-02;5.212512e-02;1.127113e-01;6.832626e-02;6.744891e-02;7.017709e-02;1.331363e-01;8.559769e-02;1.021414e-01;1.358912e-01;4.828330e-02;5.872257e-02
7.321212e-02;6.438372e-02;1.498073e-01;8.505322e-02;6.388861e-02;7.918552e-02;7.551990e-02;6.032263e-02;9.844290e-02;1.475020e-01;4.655943e-02;5.612260e-02
2.134892e-01;1.543482e-01;1.990604e-01;2.937824e-02;3.959696e-02;7.224946e-02;7.419404e-02;2.892882e-02;4.138475e-02;6.691779e-02;3.465007e-02;4.580212e-02
1.951795e-01;1.772825e-01;2.627258e-01;2.029407e-02;3.675288e-02;5.002955e-02;6.830324e-02;2.783335e-02;4.302014e-02;4.998491e-02;2.957026e-02;3.902381e-02
8.304498e-02;1.885802e-01;3.413654e-01;3.398925e-02;3.954688e-02;3.387702e-02;9.601220e-02;4.802319e-02;3.728481e-02;3.745007e-02;2.640949e-02;3.441649e-02
1.106958e-01;2.202161e-01;3.167610e-01;1.999151e-02;2.627570e-02;2.793795e-02;1.168563e-01;4.154226e-02;4.780474e-02;3.747442e-02;1.550162e-02;1.894267e-02
1.839436e-01;2.856065e-01;2.678511e-01;1.591106e-02;1.429136e-02;3.239509e-02;8.651222e-02;1.571600e-02;5.431073e-02;2.309484e-02;9.163710e-03;1.120387e-02
2.220395e-01;3.164333e-01;2.533032e-01;1.612042e-02;6.948232e-03;3.756588e-02;4.274786e-02;1.694262e-02;4.918187e-02;1.575187e-02;7.218874e-03;1.574646e-02
2.386145e-01;2.700066e-01;2.606341e-01;1.987656e-02;1.126194e-02;3.438742e-02;2.205767e-02;2.797985e-02;6.620879e-02;2.331216e-02;9.497077e-03;1.616336e-02
2.554686e-01;2.066500e-01;2.431467e-01;1.799634e-02;1.848591e-02;2.332678e-02;1.718457e-02;4.354042e-02;8.529539e-02;3.914533e-02;2.098281e-02;2.877710e-02
2.552636e-01;1.692447e-01;1.976703e-01;2.432043e-02;2.433365e-02;1.464896e-02;4.004251e-02;5.517917e-02;8.253339e-02;5.346873e-02;3.912419e-02;4.417044e-02
1.779766e-01;1.891630e-01;1.334077e-01;3.025874e-02;4.505187e-02;3.103538e-02;7.638678e-02;6.859320e-02;5.829499e-02;7.585553e-02;7.298751e-02;4.098869e-02
1.144808e-01;1.941887e-01;1.943932e-01;3.478654e-02;2.970798e-02;2.969986e-02;8.435921e-02;8.358889e-02;9.081209e-02;4.838777e-02;4.447668e-02;5.111814e-02
1.186906e-01;2.239663e-01;1.867536e-01;3.804998e-02;2.089723e-02;4.407264e-02;8.353999e-02;7.738204e-02;5.629484e-02;6.356099e-02;3.398681e-02;5.280496e-02
1.295818e-01;1.345302e-01;1.343727e-01;6.871136e-02;5.400337e-02;5.889449e-02;1.045056e-01;6.588992e-02;6.085890e-02;8.815759e-02;4.516283e-02;5.533127e-02
5.945104e-02;7.894206e-02;1.473583e-01;6.371874e-02;8.224131e-02;6.962714e-02;1.081898e-01;7.902887e-02;9.059492e-02;8.089477e-02;7.626937e-02;6.368365e-02
4.871593e-02;7.272352e-02;1.560117e-01;5.308548e-02;8.942657e-02;6.545504e-02;9.614481e-02;7.737052e-02;9.962619e-02;8.312921e-02;9.395991e-02;6.435116e-02
7.247166e-02;6.814399e-02;1.376179e-01;4.555729e-02;8.385890e-02;4.423283e-02;1.070926e-01;8.674819e-02;1.260724e-01;9.044810e-02;8.590472e-02;5.185146e-02
8.171009e-02;5.989206e-02;1.383224e-01;4.445539e-02;7.023858e-02;4.701771e-02;1.262492e-01;1.196403e-01;1.269713e-01;9.109028e-02;4.960789e-02;4.480474e-02
8.746342e-02;3.031945e-02;1.487046e-01;4.259016e-02;1.142814e-01;8.890511e-02;1.008547e-01;1.093433e-01;1.273517e-01;7.595160e-02;3.183806e-02;4.239656e-02
7.013807e-02;3.306073e-02;1.398679e-01;3.481324e-02;1.815893e-01;9.905905e-02;1.127234e-01;4.993755e-02;1.467474e-01;5.633467e-02;3.218993e-02;4.353871e-02
5.949390e-02;3.667361e-02;1.728282e-01;3.329341e-02;1.792832e-01;8.286325e-02;1.419151e-01;1.829004e-02;1.247569e-01;6.389213e-02;3.487106e-02;5.183923e-02
5.772096e-02;4.908685e-02;2.405977e-01;3.487856e-02;1.434016e-01;5.850975e-02;1.559999e-01;2.777554e-02;7.718664e-02;5.533445e-02;3.726109e-02;6.224693e-02
4.292443e-02;4.925220e-02;2.920336e-01;5.696435e-02;1.373602e-01;5.289831e-02;1.408453e-01;4.483309e-02;5.490144e-02;3.225005e-02;3.666714e-02;5.907002e-02
6.227828e-02;8.906282e-02;1.706472e-01;7.021892e-02;1.497753e-01;6.862698e-02;9.836485e-02;5.995805e-02;8.660694e-02;6.598804e-02;4.210419e-02;3.636848e-02
8.188400e-02;9.857948e-02;1.014453e-01;4.495982e-02;1.080250e-01;1.008689e-01;1.540659e-01;5.772319e-02;9.821477e-02;6.640203e-02;3.894217e-02;4.888950e-02
7.204425e-02;1.009152e-01;1.005469e-01;5.023222e-02;9.126063e-02;1.237114e-01;1.915824e-01;5.838369e-02;7.268657e-02;4.961907e-02;4.204363e-02;4.697391e-02
8.930075e-02;8.579202e-02;1.169444e-01;6.572879e-02;6.833605e-02;7.782965e-02;1.682480e-01;8.579076e-02;7.108011e-02;6.819993e-02;4.893040e-02;5.381921e-02
7.582826e-02;3.335556e-02;1.314533e-01;7.543287e-02;7.125497e-02;5.381957e-02;1.558120e-01;9.762952e-02;7.906536e-02;6.231218e-02;9.209138e-02;7.194508e-02
8.451594e-02;4.401357e-02;1.087121e-01;7.325722e-02;6.543640e-02;6.105318e-02;1.598010e-01;9.586252e-02;7.194091e-02;5.705536e-02;8.360707e-02;9.474472e-02
1.258376e-01;7.730836e-02;7.457370e-02;5.994935e-02;7.145692e-02;5.348915e-02;1.295113e-01;1.256720e-01;5.839187e-02;5.480126e-02;7.673179e-02;9.227677e-02
1.850401e-01;1.149032e-01;3.780054e-02;4.068793e-02;9.181128e-02;3.979236e-02;8.416065e-02;1.650085e-01;5.899339e-02;4.423841e-02;6.432510e-02;7.323854e-02
2.663863e-01;1.236878e-01;3.298407e-02;1.351076e-02;1.193707e-01;2.263815e-02;4.388342e-02;2.079768e-01;5.943446e-02;2.626135e-02;4.527125e-02;3.859495e-02
3.103411e-01;6.727005e-02;3.527186e-02;2.852587e-02;1.589658e-01;1.487342e-02;3.894654e-02;2.421666e-01;3.369093e-02;2.410717e-02;2.601119e-02;1.982955e-02
2.923681e-01;2.398490e-02;4.141279e-02;1.272209e-02;2.197170e-01;2.135911e-02;2.775191e-02;2.527986e-01;2.075318e-02;1.665296e-02;5.150137e-02;1.897801e-02
2.429104e-01;5.996220e-02;4.375084e-02;1.450988e-02;2.107854e-01;2.612129e-02;1.836049e-02;1.870392e-01;6.321750e-02;1.823718e-02;1.020932e-01;1.301232e-02
1.712630e-01;1.630661e-01;3.914700e-02;1.638841e-02;1.316854e-01;5.912796e-02;1.652924e-02;1.001496e-01;1.730888e-01;1.588024e-02;9.598956e-02;1.768461e-02
9.631836e-02;2.404074e-01;6.836425e-02;1.404704e-02;4.498305e-02;1.016126e-01;1.340961e-02;4.314723e-02;2.642410e-01;3.147834e-02;4.349330e-02;3.849782e-02
4.740774e-02;2.206249e-01;1.223798e-01;9.525057e-03;2.045739e-02;9.930157e-02;1.889327e-02;3.455350e-02;2.810636e-01;7.486410e-02;1.626787e-02;5.466117e-02
2.693613e-02;1.464234e-01;1.835374e-01;7.365240e-03;1.565287e-02;6.702377e-02;2.604897e-02;4.629169e-02;2.952777e-01;1.260579e-01;1.100624e-02;4.837882e-02
4.062665e-02;1.061952e-01;2.227557e-01;1.025780e-02;2.595351e-02;3.632482e-02;4.387522e-02;5.067012e-02;2.488776e-01;1.545148e-01;2.689646e-02;3.305210e-02
8.236400e-02;1.213525e-01;2.511429e-01;2.286989e-02;3.273742e-02;2.179337e-02;6.245246e-02;4.117979e-02;1.365384e-01;1.540593e-01;4.557897e-02;2.793099e-02
1.076380e-01;1.502034e-01;2.635637e-01;2.925892e-02;3.279558e-02;3.327283e-02;7.817788e-02;2.720094e-02;4.360477e-02;1.510234e-01;5.661569e-02;2.664490e-02
9.778117e-02;1.568530e-01;1.944731e-01;1.858011e-02;4.508723e-02;2.782224e-02;7.169911e-02;4.121099e-02;1.511550e-01;1.057585e-01;6.002044e-02;2.955907e-02
1.145127e-01;8.375374e-02;2.837440e-01;1.929610e-02;4.218777e-02;2.755067e-02;3.976567e-02;6.847885e-02;1.690400e-01;6.601810e-02;4.662207e-02;3.903034e-02
1.318680e-01;6.913625e-02;2.614450e-01;3.802670e-02;5.718002e-02;4.951682e-02;8.018822e-02;7.416952e-02;8.726142e-02;5.899028e-02;4.533916e-02;4.687868e-02
1.428923e-01;1.103597e-01;2.786607e-01;3.574873e-02;5.222360e-02;5.982956e-02;7.573905e-02;6.176576e-02;6.672543e-02;4.318017e-02;3.481108e-02;3.806391e-02
1.505760e-01;1.646805e-01;3.173605e-01;3.025307e-02;3.413069e-02;5.406484e-02;4.231667e-02;4.598206e-02;8.819460e-02;3.341445e-02;1.693527e-02;2.209144e-02
1.510429e-01;1.847070e-01;3.308474e-01;3.429112e-02;2.450032e-02;4.776088e-02;4.507079e-02;1.522577e-02;9.210405e-02;4.331797e-02;9.510508e-03;2.162130e-02
1.565725e-01;1.724088e-01;3.323935e-01;3.621463e-02;3.486030e-02;3.109293e-02;4.666910e-02;2.816657e-02;6.304073e-02;4.377753e-02;2.213855e-02;3.266490e-02
1.474235e-01;1.559873e-01;3.045693e-01;4.588540e-02;3.801250e-02;3.194691e-02;4.226645e-02;3.762941e-02;5.304725e-02;5.372378e-02;4.246539e-02;4.704282e-02
1.037436e-01;1.179237e-01;2.249783e-01;5.041979e-02;6.159547e-02;8.094823e-02;6.152204e-02;3.466244e-02;8.307154e-02;6.551520e-02;4.505044e-02;7.056922e-02
1.137316e-01;8.777546e-02;1.504224e-01;5.184293e-02;1.010102e-01;9.815048e-02;5.671225e-02;6.013753e-02;1.128713e-01;6.006192e-02;2.645754e-02;8.082642e-02
8.919226e-02;7.935183e-02;1.092433e-01;9.725931e-02;9.455591e-02;5.331860e-02;7.432857e-02;7.553278e-02;1.111284e-01;7.116150e-02;3.834523e-02;1.065822e-01
6.382503e-02;7.691602e-02;1.569189e-01;1.417091e-01;9.396750e-02;2.752482e-02;8.018498e-02;5.703706e-02;8.655052e-02;8.963057e-02;4.929871e-02;7.643679e-02
8.497585e-02;8.146498e-02;1.188563e-01;8.188854e-02;9.280366e-02;5.303572e-02;9.668159e-02;8.442946e-02;1.259777e-01;9.341934e-02;4.310638e-02;4.336052e-02
5.593089e-02;9.704970e-02;7.838716e-02;6.262466e-02;8.065623e-02;6.839318e-02;1.260557e-01;1.354513e-01;1.088569e-01;6.494831e-02;7.049447e-02;5.115152e-02
6.188258e-02;8.931357e-02;9.379534e-02;8.989081e-02;5.603252e-02;1.166247e-01;1.350808e-01;1.499885e-01;9.122200e-02;4.525894e-02;4.549304e-02;2.541724e-02
7.451749e-02;6.504475e-02;8.609278e-02;8.558962e-02;4.083716e-02;1.310451e-01;1.289277e-01;1.210031e-01;9.695908e-02;4.681433e-02;6.727813e-02;5.589072e-02
8.409980e-02;6.368208e-02;7.756677e-02;6.959479e-02;5.118764e-02;1.261839e-01;1.031489e-01;9.371878e-02;1.022297e-01;5.725520e-02;9.098139e-02;8.035104e-02
1.613622e-01;1.058880e-01;7.776012e-02;3.571930e-02;6.033654e-02;6.912910e-02;8.789974e-02;5.920833e-02;4.100732e-02;7.252716e-02;1.033066e-01;1.258555e-01
1.722554e-01;1.364970e-01;8.367977e-02;3.042580e-02;5.141975e-02;7.327223e-02;8.403081e-02;5.685076e-02;4.974591e-02;5.659079e-02;8.781979e-02;1.174120e-01
1.717927e-01;1.491793e-01;8.066732e-02;3.843347e-02;4.546244e-02;6.367132e-02;9.438451e-02;7.057239e-02;4.046850e-02;4.607454e-02;9.446330e-02;1.048301e-01
1.200721e-01;8.369377e-02;5.891684e-02;4.658625e-02;2.062239e-02;3.485531e-02;7.862370e-02;7.309807e-02;4.840187e-02;8.937347e-02;1.798228e-01;1.659334e-01
1.001879e-01;5.079151e-02;6.285739e-02;5.149292e-02;3.135081e-02;3.668922e-02;7.009774e-02;7.997134e-02;2.237734e-02;1.021168e-01;1.933094e-01;1.987576e-01
7.920407e-02;5.095206e-02;6.802953e-02;5.597602e-02;3.948003e-02;3.019576e-02;6.397733e-02;8.715665e-02;5.787833e-02;1.007572e-01;1.675113e-01;1.988817e-01
6.426192e-02;9.495854e-02;7.743410e-02;6.476358e-02;6.088184e-02;2.404248e-02;5.385664e-02;9.854718e-02;6.491813e-02;9.218764e-02;1.115981e-01;1.925499e-01
7.496329e-02;1.227477e-01;1.352129e-01;6.137366e-02;7.206978e-02;4.504016e-02;9.324838e-02;8.646888e-02;3.971536e-02;7.841696e-02;5.906503e-02;1.316779e-01
8.001674e-02;6.395589e-02;2.268016e-01;6.390138e-02;6.374203e-02;6.593001e-02;1.674122e-01;3.736061e-02;4.245977e-02;8.930809e-02;4.990197e-02;4.920965e-02
2.290328e-02;5.040861e-02;3.893653e-01;6.562714e-02;7.402005e-02;5.384843e-02;1.660958e-01;2.176110e-02;3.565677e-02;6.861958e-02;3.280972e-02;1.888417e-02
1.655404e-02;5.150303e-02;4.894024e-01;5.680271e-02;4.762653e-02;3.176837e-02;1.092609e-01;2.183944e-02;4.647893e-02;7.755258e-02;3.506537e-02;1.614573e-02
2.306399e-02;5.168419e-02;6.069467e-01;4.074453e-02;1.643347e-02;1.274774e-02;6.353509e-02;1.426009e-02;4.195425e-02;9.219369e-02;2.700971e-02;9.426527e-03
1.384048e-02;3.308817e-02;7.137856e-01;3.146959e-02;1.799534e-02;7.492199e-03;2.880531e-02;1.016666e-02;2.565664e-02;9.672064e-02;1.120369e-02;9.775638e-03
1.065514e-02;2.187124e-02;7.291986e-01;3.271830e-02;2.328424e-02;4.926966e-03;2.018931e-02;7.055441e-03;2.029339e-02;1.156726e-01;7.217426e-03;6.917380e-03
1.298480e-02;1.037393e-02;7.128779e-01;4.016119e-02;2.921167e-02;6.016162e-03;2.539846e-02;2.809033e-03;1.279883e-02;1.286749e-01;1.510231e-02;3.590822e-03
1.756869e-02;1.090556e-02;6.927699e-01;5.287015e-02;3.399603e-02;7.298546e-03;3.055281e-02;2.479277e-03;9.095364e-03;1.138556e-01;2.343854e-02;5.169529e-03
1.844814e-02;9.646686e-03;6.671544e-01;7.859868e-02;3.958327e-02;6.980577e-03;2.664621e-02;6.393704e-03;1.568947e-02;8.356643e-02;4.007210e-02;7.220350e-03
4.065587e-02;2.632934e-02;5.329849e-01;9.556703e-02;7.772368e-02;2.546244e-02;5.503889e-02;1.773555e-02;1.963731e-02;4.102492e-02;3.329312e-02;3.454701e-02
7.050351e-02;4.201165e-02;2.722719e-01;1.137824e-01;1.078776e-01;4.494740e-02;8.672581e-02;2.413827e-02;1.879037e-02;2.017044e-02;1.004926e-01;9.828801e-02
6.623205e-02;4.330245e-02;1.672100e-01;1.087184e-01;1.238628e-01;4.567510e-02;8.319371e-02;3.109998e-02;1.749560e-02;3.280300e-02;1.408319e-01;1.395751e-01
3.361064e-02;3.539003e-02;1.571584e-01;1.447954e-01;1.623157e-01;3.241574e-02;4.398885e-02;6.592815e-02;1.431405e-02;3.086520e-02;1.668344e-01;1.123836e-01
9.689563e-03;2.027311e-02;1.622323e-01;2.518891e-01;1.274791e-01;2.149539e-02;4.239079e-02;1.382363e-01;1.175736e-02;1.773707e-02;1.801475e-01;1.667242e-02
1.082558e-02;7.908259e-03;1.895091e-01;2.648778e-01;7.487345e-02;2.328050e-02;3.700632e-02;1.408576e-01;2.173921e-02;3.009311e-02;1.722863e-01;2.674275e-02
1.972398e-02;1.523186e-02;2.726110e-01;2.011037e-01;6.264565e-02;2.253132e-02;4.966539e-02;9.922792e-02;3.451457e-02;6.961139e-02;1.363816e-01;1.675151e-02
4.120640e-02;1.893773e-02;3.639162e-01;8.704594e-02;5.333638e-02;2.285234e-02;1.416857e-01;4.075694e-02;3.251615e-02;1.248944e-01;6.622087e-02;6.630892e-03
4.572640e-02;2.144818e-02;3.894610e-01;3.884263e-02;3.965627e-02;2.408352e-02;2.088961e-01;1.171107e-02;1.916330e-02;1.741447e-01;2.122545e-02;5.641344e-03
3.456577e-02;4.806545e-02;3.484077e-01;2.338943e-02;2.236502e-02;8.624160e-02;1.824737e-01;1.159838e-02;4.052800e-02;1.677093e-01;1.426971e-02;2.038595e-02
3.196161e-02;9.720878e-02;2.595076e-01;1.930285e-02;1.292433e-02;2.191720e-01;8.600843e-02;1.421943e-02;1.030862e-01;9.310621e-02;1.196029e-02;5.154224e-02
3.945932e-02;1.360082e-01;1.571707e-01;2.445604e-02;2.613389e-02;3.117909e-01;2.412963e-02;1.978773e-02;1.580232e-01;3.566686e-02;1.605502e-02;5.131855e-02
7.937867e-02;1.219811e-01;9.796463e-02;2.000336e-02;1.038358e-01;2.611160e-01;1.920290e-02;5.109061e-02;1.419525e-01;2.249453e-02;5.577890e-02;2.520112e-02
1.559387e-01;6.906868e-02;5.968007e-02;1.714602e-02;2.424483e-01;1.072135e-01;1.413095e-02;1.239824e-01;7.451711e-02;2.591836e-02;8.376334e-02;2.619260e-02
1.827918e-01;3.461488e-02;3.495423e-02;5.101730e-02;2.649558e-01;1.704548e-02;4.107665e-02;1.647838e-01;4.231490e-02;5.096819e-02;6.520653e-02;5.027036e-02
1.220000e-01;3.729028e-02;2.862903e-02;1.229190e-01;1.519162e-01;1.426155e-02;1.275669e-01;1.163895e-01;3.208574e-02;9.066988e-02;3.040013e-02;1.258717e-01
6.113286e-02;4.800172e-02;4.823946e-02;1.372854e-01;5.936795e-02;3.263310e-02;1.894273e-01;6.116900e-02;5.242819e-02;8.762582e-02;3.876767e-02;1.839215e-01
2.889786e-02;3.528927e-02;1.095439e-01;7.455429e-02;3.157403e-02;9.950300e-02;1.591454e-01;4.678388e-02;1.188209e-01;5.788734e-02;8.454292e-02;1.534572e-01
3.611610e-02;2.278208e-02;1.780026e-01;3.935844e-02;4.273453e-02;1.858904e-01;7.308571e-02;3.245050e-02;1.622792e-01;3.175994e-02;1.402860e-01;5.525458e-02
4.622096e-02;4.714826e-02;1.511329e-01;6.366036e-02;3.651997e-02;1.900238e-01;8.560852e-02;3.044960e-02;1.151371e-01;2.888335e-02;1.276507e-01;7.756449e-02
3.656040e-02;9.275188e-02;7.549871e-02;1.189675e-01;2.814753e-02;1.172083e-01;1.692864e-01;3.565306e-02;5.063130e-02;4.054430e-02;6.465401e-02;1.700967e-01
3.230884e-02;1.141973e-01;5.519709e-02;1.339179e-01;3.660273e-02;6.158825e-02;2.115613e-01;3.671638e-02;1.631827e-02;2.941618e-02;4.951339e-02;2.226624e-01
2.739520e-02;1.004928e-01;1.236696e-01;1.020359e-01;3.432120e-02;3.691464e-02;1.982195e-01;3.674690e-02;3.625956e-02;1.443361e-02;7.166483e-02;2.178463e-01
2.261269e-02;5.068037e-02;2.358187e-01;6.023254e-02;3.170509e-02;5.908626e-02;1.553026e-01;3.305090e-02;6.746938e-02;1.609596e-02;1.168350e-01;1.511104e-01
1.660916e-02;2.537993e-02;3.201668e-01;2.960741e-02;2.841820e-02;8.089441e-02;1.286162e-01;2.313304e-02;7.112046e-02;1.881012e-02;1.485559e-01;1.086885e-01
2.297824e-02;3.115476e-02;3.488371e-01;2.446061e-02;2.837098e-02;8.063225e-02;1.113445e-01;1.551177e-02;5.625166e-02;2.192081e-02;1.505881e-01;1.079492e-01
1.919376e-02;3.420660e-02;3.487289e-01;3.498152e-02;3.168586e-02;6.919539e-02;1.215647e-01;1.108099e-02;4.553724e-02;2.401830e-02;1.521371e-01;1.076697e-01
2.512298e-02;3.622878e-02;2.802882e-01;1.756437e-02;4.360645e-02;7.289246e-02;1.531470e-01;1.279683e-02;4.105043e-02;2.646082e-02;1.577791e-01;1.330625e-01
3.379627e-02;6.131142e-02;1.171077e-01;5.137297e-02;5.017721e-02;6.259635e-02;1.901901e-01;1.992164e-02;2.857985e-02;2.414841e-02;1.642930e-01;1.965051e-01
3.689703e-02;5.873457e-02;3.214138e-02;6.476475e-02;5.596856e-02;6.837604e-02;2.247079e-01;1.132188e-02;2.311355e-02;2.600797e-02;1.647752e-01;2.331912e-01
4.668203e-02;1.010963e-01;3.365408e-02;8.236937e-02;4.011666e-02;6.854899e-02;2.350883e-01;2.262419e-02;1.324375e-02;2.296123e-02;1.014870e-01;2.321281e-01
5.934155e-02;1.382696e-01;4.283158e-02;8.696277e-02;2.278354e-02;7.489949e-02;2.320571e-01;2.368922e-02;8.511323e-03;2.521532e-02;5.372006e-02;2.317184e-01
7.449186e-02;1.384418e-01;6.330294e-02;7.420575e-02;1.817173e-02;7.914389e-02;2.076366e-01;2.396301e-02;1.374986e-02;3.774020e-02;5.068756e-02;2.184649e-01
1.059436e-01;1.115012e-01;1.073103e-01;4.835882e-02;2.102009e-02;7.821783e-02;1.637712e-01;3.290989e-02;2.323531e-02;5.777555e-02;7.284256e-02;1.771137e-01
8.658192e-02;9.352058e-02;1.092730e-01;7.086153e-02;3.833139e-02;7.191797e-02;1.446000e-01;6.363269e-02;5.996845e-02;9.193665e-02;8.819593e-02;8.117986e-02
7.175263e-02;8.953056e-02;1.427205e-01;8.476117e-02;5.004343e-02;5.245122e-02;1.305054e-01;7.543267e-02;8.805319e-02;7.908737e-02;5.980009e-02;7.586179e-02
8.909684e-02;6.206952e-02;1.504886e-01;6.903142e-02;5.556468e-02;6.175664e-02;1.267418e-01;7.701387e-02;1.101815e-01;6.315807e-02;4.652433e-02;8.837288e-02
8.235306e-02;5.898016e-02;1.284578e-01;8.735697e-02;7.211225e-02;9.128764e-02;1.167954e-01;6.108016e-02;1.022070e-01;4.426852e-02;4.535441e-02;1.097466e-01
5.929557e-02;9.644099e-02;1.138578e-01;9.779791e-02;7.858269e-02;1.102666e-01;8.409333e-02;4.705483e-02;9.644623e-02;5.839810e-02;4.426034e-02;1.135055e-01
3.281449e-02;1.327055e-01;1.308244e-01;6.954589e-02;6.771208e-02;8.608375e-02;9.241693e-02;5.600347e-02;1.211926e-01;5.342473e-02;5.250132e-02;1.047749e-01
4.295667e-02;9.653823e-02;1.772386e-01;5.580851e-02;9.325850e-02;6.516292e-02;1.324785e-01;7.786090e-02;9.882557e-02;5.791710e-02;4.918271e-02;5.277181e-02
9.768670e-02;5.913313e-02;2.161850e-01;4.663301e-02;6.622598e-02;6.453445e-02;1.787821e-01;5.210335e-02;5.583483e-02;7.083751e-02;4.712882e-02;4.491504e-02
1.003239e-01;7.834236e-02;1.991343e-01;5.908195e-02;6.639708e-02;6.062339e-02;1.768874e-01;3.229456e-02;4.308954e-02;7.447120e-02;6.056627e-02;4.878800e-02
7.807653e-02;7.993348e-02;1.501590e-01;7.558683e-02;7.772961e-02;6.508000e-02;2.435296e-01;2.830501e-02;3.022760e-02;6.833730e-02;5.287850e-02;5.015660e-02
5.989332e-02;7.358424e-02;2.052292e-01;6.584745e-02;6.920178e-02;6.181200e-02;2.785456e-01;3.747991e-02;2.341132e-02;5.072969e-02;3.567467e-02;3.859079e-02
5.356374e-02;7.451628e-02;2.343000e-01;5.349131e-02;9.155492e-02;6.567992e-02;2.255523e-01;4.114114e-02;3.013924e-02;5.162235e-02;4.149555e-02;3.694323e-02
8.854154e-02;8.695018e-02;2.257292e-01;5.603423e-02;1.190967e-01;6.793242e-02;9.735224e-02;4.647505e-02;4.351174e-02;6.484221e-02;5.770592e-02;4.582849e-02
1.059768e-01;7.639194e-02;2.133162e-01;6.781565e-02;9.718180e-02;6.494011e-02;1.438588e-01;3.737432e-02;4.400778e-02;6.050828e-02;4.781502e-02;4.081324e-02
9.308974e-02;4.648269e-02;1.905398e-01;8.083129e-02;9.519327e-02;9.579457e-02;1.207036e-01;6.617071e-02;6.319821e-02;4.939040e-02;4.575205e-02;5.285364e-02
7.368061e-02;5.939806e-02;1.699744e-01;7.748938e-02;9.002019e-02;9.371696e-02;1.474532e-01;6.810921e-02;5.698487e-02;5.003152e-02;5.361900e-02;5.952251e-02
7.075229e-02;5.999033e-02;1.743594e-01;7.754863e-02;7.958387e-02;8.857603e-02;1.584054e-01;7.433847e-02;4.439317e-02;4.937626e-02;6.192554e-02;6.075063e-02
7.377274e-02;4.975585e-02;1.742630e-01;7.289401e-02;7.862008e-02;4.607413e-02;1.402686e-01;1.036155e-01;7.052147e-02;5.492018e-02;6.136436e-02;7.393010e-02
6.879548e-02;6.557612e-02;1.310161e-01;6.971917e-02;9.401908e-02;4.012261e-02;8.432811e-02;1.027981e-01;1.213463e-01;8.891786e-02;5.601346e-02;7.734766e-02
7.498441e-02;5.775809e-02;1.507849e-01;7.272155e-02;8.224308e-02;5.565802e-02;6.915586e-02;8.640964e-02;1.218713e-01;9.151134e-02;6.701582e-02;6.988595e-02
9.359313e-02;4.488041e-02;1.999460e-01;7.936447e-02;6.755278e-02;6.071435e-02;1.188570e-01;6.078193e-02;9.627223e-02;7.681116e-02;6.425613e-02;3.697038e-02
1.027918e-01;7.908773e-02;2.058219e-01;8.004636e-02;6.683843e-02;3.949552e-02;1.180374e-01;5.836324e-02;7.595712e-02;4.757968e-02;7.633892e-02;4.964188e-02
1.345538e-01;9.845984e-02;2.123571e-01;7.225032e-02;5.873065e-02;2.412796e-02;8.948303e-02;5.139609e-02;7.545047e-02;2.767793e-02;1.047982e-01;5.071458e-02
1.354366e-01;9.472615e-02;2.207657e-01;5.123433e-02;4.632834e-02;3.357829e-02;6.974062e-02;5.170703e-02;6.698554e-02;4.450243e-02;1.260787e-01;5.891639e-02
1.169807e-01;7.493323e-02;2.116272e-01;4.546611e-02;5.588018e-02;5.056795e-02;8.057726e-02;6.531572e-02;4.799208e-02;5.953083e-02;9.300981e-02;9.811895e-02
1.018241e-01;5.661659e-02;2.001815e-01;7.410185e-02;7.708184e-02;6.672589e-02;7.243463e-02;6.857581e-02;3.138779e-02;6.172081e-02;7.412816e-02;1.152210e-01
8.544186e-02;5.842571e-02;1.365376e-01;1.188752e-01;4.523752e-02;1.219793e-01;8.023149e-02;5.873656e-02;5.423594e-02;7.957189e-02;8.605271e-02;7.467429e-02
9.325374e-02;5.745590e-02;9.958455e-02;1.388415e-01;8.949810e-02;7.772110e-02;5.339478e-02;3.065179e-02;9.006972e-02;9.116765e-02;1.060021e-01;7.235908e-02
1.045111e-01;5.876946e-02;1.312588e-01;1.198437e-01;9.821985e-02;4.983377e-02;5.690824e-02;2.511081e-02;8.651591e-02;9.269322e-02;7.173357e-02;1.046016e-01
