9.414785e-02;9.601557e-02;1.690278e-01;5.159758e-02;5.785715e-02;6.160521e-02;1.578034e-01;5.480661e-02;8.243328e-02;5.967632e-02;5.830008e-02;5.672921e-02
1.047525e-01;7.664827e-02;1.379861e-01;4.855898e-02;6.808540e-02;6.473933e-02;1.303914e-01;6.120741e-02;1.380847e-01;4.943226e-02;4.687545e-02;7.323822e-02
8.590313e-02;4.700566e-02;1.050513e-01;4.726538e-02;9.986843e-02;7.233087e-02;7.529438e-02;6.829446e-02;1.913554e-01;5.740566e-02;6.028909e-02;8.993623e-02
5.828173e-02;5.158981e-02;7.455495e-02;4.732501e-02;9.219852e-02;7.066320e-02;6.891615e-02;1.231556e-01;1.696500e-01;8.004303e-02;9.253245e-02;7.108957e-02
3.454170e-02;7.215496e-02;6.495364e-02;8.147809e-02;5.797884e-02;6.825288e-02;4.042181e-02;2.334989e-01;1.030265e-01;8.479930e-02;1.223321e-01;3.656123e-02
2.602770e-02;6.494295e-02;6.761821e-02;1.045596e-01;3.429683e-02;7.956114e-02;6.410720e-02;2.694209e-01;6.516112e-02;4.607506e-02;1.481255e-01;3.010385e-02
2.958407e-02;4.950878e-02;1.144928e-01;1.120315e-01;3.929577e-02;1.021870e-01;1.125065e-01;2.142494e-01;4.392343e-02;3.264574e-02;1.269484e-01;2.262641e-02
4.472182e-02;5.409633e-02;1.796618e-01;1.077830e-01;5.874948e-02;1.126793e-01;1.348151e-01;1.581144e-01;2.766555e-02;2.190941e-02;8.312974e-02;1.667418e-02
6.273000e-02;7.437384e-02;2.276212e-01;9.413079e-02;5.337722e-02;1.094305e-01;1.112553e-01;1.482488e-01;1.334984e-02;2.585718e-02;5.159542e-02;2.802997e-02
5.408742e-02;7.742038e-02;2.575872e-01;6.781565e-02;4.453303e-02;7.073299e-02;1.355117e-01;1.592327e-01;2.213376e-02;3.523597e-02;5.003854e-02;2.567062e-02
2.295414e-02;6.766286e-02;3.257352e-01;9.248666e-02;6.786159e-02;3.755621e-02;8.719631e-02;1.531212e-01;2.616765e-02;3.040867e-02;7.058431e-02;1.826518e-02
2.375560e-02;6.489939e-02;3.989966e-01;1.096889e-01;7.369545e-02;4.356866e-02;5.915750e-02;8.613145e-02;3.787096e-02;1.690742e-02;7.277541e-02;1.255272e-02
3.294743e-02;6.671689e-02;4.957624e-01;9.623513e-02;6.629295e-02;3.104000e-02;3.348301e-02;4.083671e-02;3.817711e-02;1.938673e-02;6.897507e-02;1.014655e-02
2.814826e-02;5.824898e-02;5.240694e-01;7.839409e-02;5.256054e-02;2.595828e-02;6.321533e-02;5.446183e-02;3.265985e-02;1.883626e-02;5.197826e-02;1.146884e-02
2.937288e-02;4.488315e-02;5.118186e-01;7.498414e-02;4.031290e-02;3.677514e-02;6.255962e-02;6.076108e-02;4.365927e-02;2.294596e-02;6.141507e-02;1.051209e-02
4.807046e-02;5.328171e-02;4.120621e-01;6.520566e-02;5.691137e-02;3.049251e-02;9.974341e-02;4.436809e-02;4.415450e-02;3.349343e-02;7.756384e-02;3.465292e-02
5.455822e-02;5.308920e-02;2.585299e-01;7.248454e-02;9.966534e-02;3.721557e-02;1.167562e-01;4.867594e-02;4.635631e-02;4.954733e-02;9.542532e-02;6.769613e-02
7.424562e-02;4.105443e-02;2.785400e-01;8.559868e-02;9.208258e-02;6.705310e-02;6.047147e-02;3.924099e-02;5.372515e-02;5.099169e-02;9.124830e-02;6.574803e-02
5.534650e-02;1.802725e-02;3.493485e-01;8.564290e-02;7.354951e-02;9.386873e-02;4.218830e-02;3.208219e-02;6.712083e-02;6.573743e-02;7.329260e-02;4.379535e-02
4.495899e-02;1.975859e-02;3.807194e-01;6.237043e-02;7.371212e-02;8.307055e-02;8.583555e-02;2.672044e-02;7.132711e-02;7.575095e-02;5.115834e-02;2.461761e-02
3.511098e-02;4.015671e-02;4.631453e-01;3.653122e-02;7.278374e-02;6.492946e-02;8.959652e-02;2.221772e-02;5.174597e-02;6.953036e-02;4.008525e-02;1.416673e-02
2.611110e-02;2.255273e-02;6.363617e-01;4.044691e-02;5.598126e-02;4.915981e-02;4.525188e-02;1.319307e-02;1.964216e-02;5.727560e-02;2.240340e-02;1.162031e-02
1.538982e-02;2.969287e-02;6.597655e-01;4.249554e-02;3.293786e-02;2.686272e-02;3.863158e-02;2.552611e-02;2.779531e-02;5.106986e-02;3.377839e-02;1.605438e-02
3.388938e-02;4.552745e-02;5.231192e-01;5.566624e-02;4.761026e-02;2.685331e-02;8.044434e-02;2.697372e-02;3.978566e-02;5.369952e-02;3.827145e-02;2.815955e-02
9.722272e-02;3.103743e-02;3.100674e-01;7.367986e-02;6.782891e-02;5.003635e-02;9.583486e-02;4.736315e-02;5.783665e-02;5.918403e-02;6.110470e-02;4.880390e-02
1.196804e-01;2.329694e-02;2.253581e-01;9.476749e-02;6.876308e-02;6.506099e-02;8.057949e-02;6.657895e-02;6.002858e-02;5.096278e-02;7.937650e-02;6.554665e-02
1.076640e-01;3.151185e-02;2.112677e-01;1.365870e-01;7.223523e-02;7.930601e-02;4.882961e-02;8.542209e-02;3.988912e-02;3.830962e-02;9.062153e-02;5.835630e-02
6.277686e-02;2.424674e-02;2.371047e-01;1.706483e-01;7.843088e-02;7.473382e-02;6.630232e-02;8.082439e-02;3.918799e-02;4.123683e-02;8.313773e-02;4.136945e-02
4.607325e-02;1.052364e-02;3.091094e-01;1.633678e-01;7.481165e-02;4.417657e-02;1.203538e-01;4.211089e-02;5.658483e-02;4.845830e-02;5.718718e-02;2.724267e-02
4.585616e-02;1.582622e-02;3.541993e-01;1.202298e-01;7.471113e-02;2.814064e-02;1.749443e-01;2.782057e-02;4.115976e-02;6.742854e-02;3.487913e-02;1.480449e-02
3.962288e-02;2.785794e-02;3.786339e-01;6.652092e-02;7.811444e-02;2.060718e-02;2.158262e-01;2.329384e-02;2.366331e-02;9.177496e-02;2.277733e-02;1.130704e-02
3.177335e-02;3.455829e-02;3.606006e-01;3.320806e-02;7.234669e-02;3.804200e-02;2.150116e-01;3.000650e-02;3.646831e-02;1.009047e-01;2.330197e-02;2.377803e-02
3.513278e-02;6.265545e-02;3.095801e-01;2.326997e-02;5.302982e-02;8.028330e-02;1.674920e-01;6.138407e-02;4.426786e-02;8.141774e-02;3.151390e-02;4.997299e-02
5.643430e-02;9.356426e-02;2.660201e-01;3.736680e-02;4.207059e-02;1.070561e-01;1.157527e-01;6.580000e-02;5.351852e-02;5.982127e-02;3.134811e-02;7.124726e-02
9.966256e-02;9.672368e-02;2.062370e-01;6.033732e-02;5.848310e-02;1.002394e-01;1.086043e-01;5.282937e-02;5.104430e-02;5.524569e-02;3.328724e-02;7.730597e-02
1.473731e-01;7.614648e-02;2.395120e-01;6.618708e-02;8.345651e-02;6.683650e-02;9.560135e-02;3.137409e-02;5.438511e-02;5.434644e-02;3.634685e-02;4.843460e-02
1.333086e-01;6.789140e-02;3.110569e-01;4.017464e-02;5.418273e-02;5.694861e-02;1.182952e-01;3.365129e-02;5.240002e-02;6.799031e-02;3.798708e-02;2.611311e-02
1.328538e-01;5.869263e-02;2.769632e-01;3.255752e-02;3.936032e-02;5.688325e-02;1.720326e-01;3.805023e-02;2.953400e-02;7.468978e-02;4.532776e-02;4.305489e-02
1.247396e-01;2.145078e-02;2.028714e-01;4.338293e-02;4.827553e-02;7.363075e-02;2.145564e-01;3.589141e-02;2.578682e-02;8.675194e-02;6.348115e-02;5.918130e-02
1.021652e-01;5.156140e-02;1.118094e-01;4.349876e-02;5.574694e-02;8.694416e-02;2.498495e-01;3.604259e-02;3.263026e-02;9.415012e-02;7.418951e-02;6.141220e-02
5.066812e-02;3.740457e-02;8.828327e-02;2.951521e-02;8.938154e-02;9.157211e-02;2.803365e-01;5.194989e-02;3.504492e-02;1.175791e-01;7.831892e-02;4.994590e-02
4.971572e-02;2.807409e-02;1.120155e-01;3.334499e-02;1.010929e-01;7.933566e-02;2.708296e-01;4.290244e-02;3.362959e-02;1.108108e-01;8.096642e-02;5.728232e-02
2.722784e-02;2.532655e-02;1.478055e-01;2.959851e-02;9.854423e-02;7.196228e-02;2.910448e-01;3.328569e-02;4.342479e-02;9.022603e-02;8.790395e-02;5.364978e-02
2.788902e-02;1.663409e-02;1.324449e-01;3.514632e-02;9.748758e-02;7.144756e-02;3.049421e-01;2.940431e-02;6.606957e-02;7.260391e-02;1.001020e-01;4.582864e-02
1.706285e-02;2.206089e-02;1.459299e-01;3.790260e-02;8.912096e-02;7.490153e-02;3.044804e-01;2.241420e-02;7.175697e-02;7.048472e-02;1.042710e-01;3.961399e-02
2.418927e-02;1.624262e-02;1.801856e-01;3.207385e-02;7.450037e-02;7.159745e-02;2.974713e-01;2.168566e-02;6.927444e-02;6.714321e-02;1.046669e-01;4.096933e-02
1.665322e-02;1.689580e-02;1.734098e-01;3.379820e-02;7.149161e-02;7.628977e-02;2.988812e-01;2.442415e-02;6.921675e-02;6.921820e-02;1.069126e-01;4.280875e-02
2.999223e-02;1.975457e-02;1.590985e-01;4.107619e-02;5.803072e-02;6.570228e-02;3.015881e-01;2.410821e-02;7.440207e-02;7.851674e-02;1.014226e-01;4.630768e-02
6.371466e-02;3.942288e-02;1.391361e-01;4.962727e-02;5.131411e-02;6.310438e-02;2.872175e-01;4.053067e-02;7.272948e-02;6.807580e-02;7.934603e-02;4.578106e-02
8.116444e-02;4.423473e-02;1.691258e-01;4.633387e-02;4.125302e-02;6.379294e-02;2.890374e-01;3.764584e-02;6.349340e-02;6.303418e-02;6.443644e-02;3.644792e-02
6.233378e-02;3.254250e-02;2.106379e-01;5.175889e-02;4.161514e-02;9.527188e-02;2.606822e-01;2.381281e-02;4.589156e-02;6.806832e-02;7.353016e-02;3.385492e-02
5.444076e-02;4.335726e-02;2.292418e-01;5.796352e-02;6.081064e-02;1.202238e-01;2.214283e-01;1.823876e-02;3.449860e-02;5.423127e-02;7.427116e-02;3.129420e-02
5.711923e-02;5.306511e-02;2.364145e-01;5.265427e-02;6.619674e-02;1.337745e-01;2.064547e-01;1.607136e-02;3.465107e-02;4.267545e-02;7.527897e-02;2.564421e-02
6.415074e-02;4.821008e-02;2.526819e-01;3.866535e-02;6.635954e-02;1.367999e-01;1.946557e-01;1.557184e-02;3.940284e-02;4.241874e-02;7.593570e-02;2.514775e-02
6.524987e-02;4.608510e-02;2.751442e-01;2.649854e-02;6.726487e-02;1.276249e-01;1.848139e-01;1.466072e-02;5.456747e-02;4.034264e-02;7.045760e-02;2.729011e-02
6.660298e-02;3.417865e-02;3.070095e-01;2.922885e-02;6.059732e-02;1.000716e-01;1.963300e-01;1.595708e-02;6.983950e-02;3.761302e-02;5.581467e-02;2.675693e-02
6.187173e-02;4.340282e-02;3.193356e-01;3.569720e-02;5.823533e-02;6.626423e-02;2.265894e-01;1.784488e-02;6.805033e-02;2.756990e-02;4.654275e-02;2.859574e-02
4.453540e-02;4.695000e-02;2.962377e-01;4.979209e-02;5.727864e-02;5.502621e-02;2.670557e-01;2.057066e-02;4.933115e-02;2.078184e-02;4.752754e-02;4.491302e-02
6.406259e-02;7.426392e-02;2.415771e-01;6.655725e-02;4.570421e-02;4.483377e-02;2.740247e-01;1.860202e-02;2.708174e-02;2.985892e-02;4.139504e-02;7.203875e-02
1.182871e-01;6.825439e-02;1.874160e-01;8.919202e-02;4.961751e-02;3.883989e-02;2.320356e-01;2.682792e-02;2.301428e-02;4.970296e-02;3.514023e-02;8.167210e-02
2.193719e-01;8.364107e-02;1.529767e-01;8.826254e-02;7.046182e-02;3.614250e-02;1.304144e-01;3.847608e-02;3.023533e-02;5.185090e-02;3.516594e-02;6.300085e-02
3.053783e-01;1.242739e-01;1.225657e-01;7.826144e-02;8.352693e-02;4.130425e-02;5.728091e-02;4.481922e-02;2.171356e-02;3.469282e-02;4.034589e-02;4.583712e-02
2.992128e-01;1.716536e-01;1.004887e-01;5.120016e-02;5.796338e-02;6.947211e-02;7.394397e-02;4.061357e-02;3.552134e-02;3.313692e-02;4.263302e-02;2.416054e-02
2.892177e-01;2.087760e-01;1.038581e-01;2.517790e-02;3.314458e-02;6.933967e-02;6.645195e-02;5.189869e-02;5.338562e-02;4.750729e-02;3.225012e-02;1.899228e-02
2.969725e-01;2.136214e-01;1.276058e-01;1.530458e-02;1.992896e-02;4.351893e-02;6.525697e-02;5.067882e-02;6.034281e-02;5.850415e-02;2.858355e-02;1.968165e-02
3.320372e-01;1.850191e-01;1.103855e-01;1.402107e-02;1.951550e-02;3.297803e-02;1.015165e-01;3.628567e-02;4.795280e-02;5.438596e-02;3.474642e-02;3.115622e-02
3.256911e-01;1.260649e-01;9.728701e-02;2.260797e-02;3.635893e-02;3.508971e-02;1.567079e-01;4.699595e-02;3.703576e-02;4.147841e-02;2.774114e-02;4.694118e-02
2.937733e-01;9.250276e-02;9.771560e-02;4.900063e-02;5.061315e-02;2.871140e-02;1.670897e-01;7.401302e-02;3.806202e-02;3.437765e-02;1.765035e-02;5.649044e-02
2.642722e-01;1.071487e-01;9.377678e-02;6.895521e-02;4.404211e-02;2.393943e-02;1.706501e-01;8.019929e-02;4.206012e-02;3.991262e-02;1.654150e-02;4.850191e-02
2.250503e-01;1.106670e-01;9.028829e-02;8.103543e-02;3.000158e-02;3.313212e-02;2.071047e-01;6.737906e-02;4.977499e-02;4.730321e-02;2.025159e-02;3.801176e-02
1.576295e-01;9.871548e-02;7.583740e-02;7.687023e-02;4.501587e-02;4.749322e-02;2.286229e-01;6.155394e-02;6.341882e-02;7.229450e-02;3.214212e-02;4.040602e-02
5.913734e-02;1.108348e-01;8.754726e-02;5.462885e-02;7.776046e-02;7.861518e-02;1.852420e-01;6.712481e-02;6.041571e-02;1.211798e-01;5.799298e-02;3.952078e-02
7.921674e-02;9.709366e-02;1.180913e-01;4.102067e-02;1.073274e-01;8.314171e-02;9.810111e-02;5.019952e-02;7.898864e-02;1.385333e-01;7.516935e-02;3.311658e-02
9.526437e-02;8.046914e-02;1.600828e-01;5.760976e-02;7.511222e-02;4.695495e-02;1.895558e-01;2.481692e-02;8.379077e-02;9.941305e-02;5.745712e-02;2.947306e-02
1.668550e-01;7.709220e-02;1.819563e-01;4.181983e-02;4.992906e-02;3.351307e-02;2.258128e-01;2.994594e-02;6.347081e-02;5.078881e-02;4.755893e-02;3.125720e-02
1.954598e-01;8.079403e-02;5.854420e-02;3.880192e-02;6.102952e-02;4.297724e-02;3.022968e-01;4.934889e-02;4.774005e-02;4.056042e-02;5.645567e-02;2.599149e-02
1.793784e-01;7.698706e-02;1.373232e-01;3.918509e-02;3.942202e-02;3.586155e-02;2.629416e-01;3.714515e-02;4.163809e-02;4.844101e-02;5.419723e-02;4.747955e-02
1.635941e-01;8.976808e-02;1.393919e-01;2.910540e-02;4.831696e-02;2.581891e-02;2.775421e-01;4.605726e-02;3.593426e-02;4.175646e-02;5.472593e-02;4.798857e-02
1.077330e-01;9.614556e-02;1.069188e-01;3.592241e-02;6.334374e-02;5.427638e-02;3.520998e-01;4.576157e-02;3.505848e-02;2.355765e-02;4.796709e-02;3.121549e-02
4.850604e-02;1.020719e-01;8.925173e-02;4.543709e-02;6.920977e-02;6.161300e-02;3.181733e-01;3.382749e-02;6.406000e-02;6.294776e-02;6.295381e-02;4.194809e-02
1.516429e-01;1.221224e-01;1.518412e-01;4.083654e-02;4.513704e-02;3.432918e-02;1.588344e-01;5.170182e-02;6.529459e-02;6.877939e-02;6.089315e-02;4.858741e-02
2.534503e-01;1.632133e-01;1.531173e-01;4.944637e-02;2.672263e-02;2.280916e-02;7.493045e-02;5.041276e-02;4.249182e-02;6.290422e-02;5.963888e-02;4.086292e-02
2.526989e-01;1.559455e-01;9.193926e-02;5.269256e-02;3.541314e-02;3.915588e-02;1.269449e-01;5.306379e-02;3.444158e-02;5.266602e-02;6.559835e-02;3.944024e-02
2.047093e-01;1.075534e-01;6.978824e-02;5.602378e-02;4.913886e-02;4.841479e-02;2.346341e-01;4.153337e-02;4.312830e-02;4.532279e-02;7.108467e-02;2.866842e-02
1.927119e-01;7.666340e-02;1.102230e-01;4.996772e-02;4.302697e-02;4.885910e-02;2.407468e-01;5.804123e-02;5.268079e-02;4.686228e-02;5.501667e-02;2.520011e-02
2.047370e-01;1.241532e-01;1.383440e-01;3.005571e-02;3.323779e-02;4.218757e-02;1.350510e-01;9.024920e-02;3.883722e-02;7.182603e-02;5.803696e-02;3.328435e-02
1.741591e-01;1.094572e-01;1.390063e-01;4.509751e-02;4.539737e-02;5.752105e-02;1.020609e-01;8.370683e-02;5.820238e-02;6.342489e-02;6.943465e-02;5.253177e-02
1.318508e-01;6.181901e-02;1.291085e-01;6.267090e-02;6.805451e-02;8.393346e-02;1.411873e-01;7.809951e-02;6.883705e-02;6.070833e-02;6.848142e-02;4.524919e-02
7.595987e-02;8.485156e-02;1.382185e-01;7.168361e-02;8.463788e-02;7.276013e-02;1.472357e-01;5.813581e-02;8.427904e-02;7.322706e-02;5.996049e-02;4.905034e-02
8.900005e-02;9.579031e-02;1.145574e-01;5.527391e-02;8.617013e-02;4.941593e-02;1.603227e-01;5.173730e-02;9.996410e-02;7.936671e-02;7.627078e-02;4.213066e-02
1.026641e-01;5.932019e-02;8.050296e-02;8.032281e-02;6.819259e-02;7.160856e-02;1.153141e-01;6.074333e-02;1.026053e-01;1.164952e-01;6.057332e-02;8.165745e-02
9.651659e-02;4.972003e-02;7.580357e-02;9.437342e-02;4.288889e-02;5.151416e-02;1.615757e-01;6.147135e-02;1.266049e-01;1.326670e-01;4.056372e-02;6.630059e-02
7.793149e-02;6.957139e-02;1.228507e-01;6.221879e-02;5.236496e-02;5.151751e-02;1.538555e-01;9.116372e-02;1.028102e-01;9.347804e-02;6.825481e-02;5.398292e-02
6.709018e-02;7.380480e-02;1.153102e-01;5.812988e-02;5.635372e-02;7.939906e-02;1.140007e-01;1.087682e-01;9.512085e-02;1.240241e-01;7.386980e-02;3.412847e-02
4.993496e-02;6.092728e-02;8.082169e-02;5.149768e-02;7.552690e-02;7.510905e-02;1.044283e-01;1.175323e-01;1.039643e-01;1.914282e-01;4.737906e-02;4.145024e-02
4.361648e-02;8.141693e-02;1.110665e-01;5.232558e-02;7.831635e-02;3.320507e-02;9.050353e-02;1.315194e-01;1.552008e-01;1.423128e-01;2.944026e-02;5.107622e-02
5.571712e-02;8.268426e-02;8.462353e-02;5.064457e-02;7.239305e-02;3.031655e-02;5.118249e-02;1.259977e-01;1.607306e-01;1.952215e-01;3.928555e-02;5.120303e-02
3.922518e-02;7.674766e-02;8.150683e-02;4.492883e-02;7.240290e-02;5.104334e-02;6.664362e-02;1.049178e-01;9.523616e-02;3.005868e-01;2.312718e-02;4.363368e-02
6.153576e-02;8.468097e-02;1.056826e-01;5.116638e-02;8.091476e-02;4.896427e-02;6.563509e-02;1.046906e-01;5.174249e-02;3.007457e-01;1.171371e-02;3.252762e-02
8.567819e-02;1.015220e-01;1.398200e-01;5.475758e-02;7.903215e-02;4.386308e-02;6.497534e-02;1.262310e-01;5.182329e-02;2.217640e-01;9.625194e-03;2.090823e-02
8.737551e-02;1.121364e-01;9.107948e-02;5.644530e-02;7.865589e-02;3.556588e-02;9.343638e-02;1.300581e-01;8.193289e-02;1.694658e-01;2.158301e-02;4.226533e-02
7.456089e-02;1.069010e-01;7.708523e-02;4.484177e-02;5.640424e-02;4.613813e-02;7.546581e-02;1.169085e-01;1.460719e-01;1.840818e-01;1.767111e-02;5.386967e-02
8.745005e-02;1.025502e-01;5.659203e-02;3.927304e-02;3.160794e-02;6.524678e-02;7.475311e-02;8.812407e-02;1.455086e-01;2.466861e-01;2.227438e-02;3.993360e-02
7.935482e-02;9.601715e-02;6.651710e-02;3.972381e-02;5.579774e-02;6.523775e-02;9.411706e-02;8.728641e-02;9.561627e-02;2.452330e-01;2.625726e-02;4.884164e-02
5.756254e-02;6.193136e-02;9.294669e-02;3.081701e-02;5.495327e-02;6.064602e-02;9.110594e-02;6.370559e-02;1.624005e-01;2.584332e-01;2.154795e-02;4.394992e-02
6.608455e-02;5.020469e-02;7.198080e-02;2.828740e-02;3.729160e-02;6.960258e-02;5.131153e-02;7.194600e-02;2.173622e-01;2.716509e-01;1.690729e-02;4.737050e-02
6.336100e-02;4.939608e-02;7.341912e-02;4.253792e-02;5.025805e-02;5.633105e-02;8.480866e-02;8.789739e-02;1.962208e-01;2.378144e-01;1.268837e-02;4.526714e-02
7.124894e-02;3.698086e-02;6.192436e-02;4.852530e-02;7.850483e-02;9.969991e-02;1.296275e-01;1.237989e-01;1.245066e-01;1.700092e-01;2.186722e-02;3.330634e-02
7.686857e-02;6.108158e-02;5.791317e-02;5.733113e-02;6.068490e-02;1.160984e-01;1.120702e-01;9.014084e-02;1.654340e-01;1.575579e-01;2.428862e-02;2.053062e-02
4.492758e-02;5.126139e-02;7.392669e-02;6.271080e-02;3.463449e-02;9.689002e-02;1.250874e-01;8.028992e-02;1.827084e-01;1.896120e-01;2.611208e-02;3.183915e-02
6.113507e-02;5.993519e-02;6.967183e-02;4.753870e-02;4.385671e-02;9.827396e-02;1.110576e-01;5.744882e-02;1.250709e-01;2.337961e-01;4.043248e-02;5.178262e-02
5.117886e-02;6.367215e-02;1.024201e-01;2.137967e-02;4.076396e-02;9.487416e-02;4.930080e-02;7.532723e-02;1.023653e-01;3.220604e-01;3.515493e-02;4.150244e-02
4.192372e-02;7.880270e-02;1.363460e-01;2.090259e-02;4.515987e-02;7.544909e-02;3.389398e-02;8.185664e-02;1.273907e-01;2.868190e-01;3.585773e-02;3.559797e-02
8.099344e-02;5.923719e-02;1.525947e-01;3.732612e-02;5.231440e-02;7.104760e-02;3.252538e-02;9.213062e-02;8.704338e-02;2.527736e-01;3.634197e-02;4.567159e-02
4.954655e-02;4.576410e-02;1.344381e-01;5.635965e-02;4.018689e-02;8.010659e-02;5.562043e-02;1.155270e-01;6.299849e-02;2.857156e-01;3.091971e-02;4.281689e-02
4.666981e-02;4.435542e-02;9.786969e-02;5.363352e-02;2.821931e-02;6.465580e-02;9.508038e-02;9.377544e-02;1.214440e-01;2.814121e-01;2.580780e-02;4.707677e-02
5.649340e-02;7.193985e-02;7.879414e-02;3.560047e-02;2.697454e-02;6.834783e-02;1.302126e-01;7.081641e-02;1.541413e-01;2.210539e-01;2.849186e-02;5.713373e-02
6.974160e-02;7.442127e-02;8.466595e-02;2.168828e-02;3.327116e-02;6.548364e-02;9.493783e-02;6.094311e-02;1.697590e-01;2.478729e-01;2.614608e-02;5.106914e-02
7.259683e-02;1.079895e-01;7.471600e-02;1.971886e-02;3.287678e-02;4.738440e-02;8.286155e-02;6.766618e-02;1.848665e-01;2.523846e-01;2.214635e-02;3.479249e-02
8.790486e-02;1.258294e-01;1.025909e-01;2.796664e-02;3.308251e-02;3.759163e-02;5.749566e-02;6.198094e-02;2.520813e-01;1.546778e-01;2.606417e-02;3.273419e-02
1.195793e-01;1.270351e-01;1.263142e-01;2.881800e-02;3.134102e-02;2.477983e-02;3.625535e-02;6.260075e-02;3.114797e-01;7.247061e-02;1.996404e-02;3.936216e-02
1.332478e-01;1.089988e-01;1.526616e-01;2.765619e-02;3.043793e-02;3.190532e-02;6.783891e-02;7.067037e-02;2.592748e-01;5.957417e-02;2.499179e-02;3.274222e-02
5.379273e-02;1.059597e-01;2.232041e-01;2.890643e-02;4.322145e-02;3.987436e-02;1.495276e-01;6.458186e-02;1.304657e-01;7.096654e-02;4.770931e-02;4.179030e-02
6.417217e-02;9.389414e-02;2.299801e-01;2.150973e-02;5.223881e-02;4.774733e-02;1.943822e-01;4.973735e-02;5.425864e-02;7.935154e-02;7.176232e-02;4.096575e-02
5.049642e-02;6.401297e-02;2.947647e-01;1.228795e-02;5.324216e-02;4.846208e-02;1.552521e-01;4.951003e-02;4.833617e-02;1.056270e-01;7.907208e-02;3.893627e-02
1.059207e-01;6.851868e-02;4.231566e-01;2.638729e-02;3.372702e-02;3.301105e-02;5.275438e-02;4.370808e-02;3.971292e-02;1.016924e-01;4.070163e-02;3.070929e-02
1.164646e-01;8.949663e-02;2.803896e-01;3.672856e-02;3.230729e-02;3.293079e-02;1.632042e-01;4.098726e-02;3.653947e-02;8.255768e-02;4.629090e-02;4.210303e-02
9.722341e-02;7.632983e-02;1.471261e-01;3.903584e-02;4.738837e-02;4.380948e-02;2.815976e-01;5.513822e-02;3.381361e-02;9.395359e-02;4.953962e-02;3.504431e-02
1.298187e-01;7.981219e-02;1.696164e-01;3.305733e-02;3.913582e-02;3.184834e-02;2.624838e-01;5.193272e-02;3.675341e-02;7.875942e-02;5.628797e-02;3.049387e-02
1.396694e-01;6.811837e-02;1.362348e-01;2.835485e-02;4.146887e-02;4.533460e-02;2.611664e-01;4.346527e-02;4.378908e-02;8.390396e-02;6.535394e-02;4.314043e-02
1.344431e-01;4.492846e-02;5.435695e-02;2.969624e-02;4.481885e-02;6.229764e-02;3.107476e-01;3.452493e-02;4.903767e-02;9.487615e-02;8.490565e-02;5.536677e-02
1.075147e-01;3.481993e-02;1.447357e-01;3.534468e-02;5.473255e-02;6.011230e-02;2.356867e-01;3.771139e-02;5.472481e-02;1.262629e-01;7.482326e-02;3.353102e-02
1.164152e-01;6.174167e-02;1.967945e-01;3.960033e-02;8.246331e-02;6.325027e-02;1.388260e-01;3.362354e-02;5.074565e-02;1.325545e-01;6.724299e-02;1.674201e-02
1.173298e-01;6.907428e-02;1.396319e-01;3.733994e-02;5.473918e-02;5.595832e-02;2.871596e-01;2.784216e-02;2.619761e-02;1.050054e-01;5.539917e-02;2.432273e-02
8.671361e-02;7.125573e-02;1.061603e-01;2.931658e-02;4.892474e-02;5.420906e-02;3.753369e-01;3.869009e-02;2.492524e-02;9.399813e-02;4.574889e-02;2.472080e-02
7.179636e-02;4.858754e-02;1.395837e-01;2.588017e-02;5.931487e-02;5.255705e-02;3.774964e-01;2.520867e-02;3.693253e-02;7.823574e-02;4.943647e-02;3.497047e-02
8.096733e-02;3.319256e-02;1.480716e-01;2.609190e-02;5.026397e-02;3.920357e-02;3.543304e-01;3.706161e-02;4.642170e-02;8.200262e-02;5.808548e-02;4.430724e-02
7.651962e-02;4.596689e-02;1.682892e-01;2.471278e-02;4.917102e-02;3.685930e-02;3.250222e-01;5.290467e-02;4.215639e-02;8.485220e-02;5.720643e-02;3.633928e-02
7.420032e-02;5.721254e-02;1.252681e-01;2.786230e-02;5.543855e-02;6.600595e-02;3.591678e-01;5.977259e-02;3.331365e-02;7.268335e-02;4.431209e-02;2.476276e-02
4.698842e-02;4.896408e-02;6.936244e-02;4.891893e-02;5.353744e-02;6.794987e-02;1.252948e-01;1.126843e-01;1.606556e-01;1.781426e-01;4.381815e-02;4.368338e-02
5.027724e-02;4.823889e-02;6.586934e-02;4.754239e-02;5.158747e-02;6.532720e-02;1.022911e-01;1.179291e-01;1.837948e-01;1.836988e-01;4.179021e-02;4.165345e-02
5.036327e-02;4.717812e-02;6.361014e-02;4.810974e-02;4.937637e-02;6.469893e-02;9.495962e-02;1.181087e-01;1.976209e-01;1.857268e-01;3.990543e-02;4.034195e-02
6.187706e-02;5.072885e-02;1.261824e-01;4.565649e-02;5.881156e-02;6.016015e-02;1.191461e-01;9.925940e-02;1.627158e-01;1.412469e-01;3.592720e-02;3.828809e-02
7.928447e-02;6.570592e-02;2.109199e-01;5.467133e-02;1.032913e-01;7.514019e-02;1.565888e-01;6.365760e-02;4.925324e-02;4.594830e-02;4.480472e-02;5.073421e-02
7.068207e-02;6.537098e-02;2.530034e-01;7.287104e-02;1.161186e-01;8.394671e-02;1.185139e-01;3.225576e-02;2.780182e-02;3.729771e-02;6.313439e-02;5.900360e-02
4.695103e-02;4.108179e-02;3.240238e-01;7.291154e-02;1.000277e-01;7.361668e-02;6.918963e-02;3.277159e-02;3.476205e-02;5.813057e-02;7.780740e-02;6.872618e-02
3.143578e-02;5.669477e-02;3.729132e-01;5.610763e-02;7.047836e-02;6.273003e-02;5.129867e-02;4.519874e-02;5.730420e-02;8.193775e-02;7.208212e-02;4.181868e-02
4.998322e-02;1.041400e-01;3.255296e-01;4.252102e-02;4.768151e-02;7.518560e-02;5.138734e-02;3.796262e-02;9.855811e-02;8.441731e-02;5.366250e-02;2.897114e-02
5.117330e-02;1.397726e-01;2.680836e-01;5.735384e-02;5.004076e-02;7.641384e-02;6.760310e-02;3.103867e-02;1.283811e-01;7.857421e-02;2.332810e-02;2.823680e-02
4.322724e-02;9.291667e-02;3.254725e-01;6.061751e-02;5.465567e-02;6.861582e-02;7.006319e-02;4.470307e-02;8.181594e-02;8.184483e-02;2.966599e-02;4.640155e-02
4.786072e-02;4.481959e-02;3.463688e-01;6.265997e-02;6.697851e-02;4.462756e-02;1.031760e-01;4.834104e-02;5.579204e-02;1.037747e-01;4.220002e-02;3.340108e-02
6.332891e-02;3.193708e-02;3.435612e-01;6.252682e-02;6.993718e-02;4.708377e-02;1.325599e-01;3.526469e-02;4.179252e-02;1.174179e-01;3.734978e-02;1.724033e-02
4.949379e-02;3.263781e-02;3.385304e-01;5.510688e-02;7.266436e-02;5.434216e-02;1.425249e-01;3.594468e-02;3.129085e-02;1.365855e-01;3.513743e-02;1.574129e-02
2.711467e-02;4.228889e-02;3.218619e-01;4.020908e-02;6.818968e-02;6.220333e-02;1.255552e-01;3.938981e-02;3.284632e-02;1.361669e-01;5.830937e-02;4.586494e-02
1.795468e-02;7.115983e-02;2.812047e-01;2.128357e-02;4.232804e-02;7.407789e-02;9.587309e-02;5.424813e-02;3.792181e-02;1.054187e-01;1.157636e-01;8.276606e-02
5.231747e-02;9.898192e-02;2.269286e-01;1.964658e-02;2.119630e-02;8.506903e-02;6.695019e-02;6.628939e-02;3.748716e-02;6.960539e-02;1.357492e-01;1.197787e-01
9.895760e-02;1.248758e-01;1.890147e-01;3.044753e-02;2.357668e-02;7.903785e-02;5.346424e-02;5.359153e-02;5.847771e-02;4.298433e-02;1.101403e-01;1.354317e-01
1.375544e-01;1.396959e-01;1.606739e-01;3.829122e-02;3.578003e-02;7.166600e-02;6.599172e-02;4.013253e-02;6.107216e-02;5.424130e-02;6.353824e-02;1.313626e-01
1.297376e-01;1.215118e-01;1.517551e-01;3.632290e-02;4.417018e-02;5.525158e-02;1.162344e-01;4.011108e-02;3.496972e-02;8.011225e-02;8.534645e-02;1.044770e-01
7.912924e-02;9.308916e-02;1.924720e-01;4.311308e-02;5.797823e-02;5.408150e-02;1.224941e-01;5.339208e-02;6.548749e-02;8.659693e-02;7.778756e-02;7.437865e-02
1.148280e-01;9.288193e-02;1.705858e-01;3.685217e-02;5.027185e-02;4.133713e-02;7.387157e-02;7.955033e-02;8.638765e-02;5.821398e-02;6.614389e-02;1.290757e-01
1.471027e-01;1.180444e-01;1.570217e-01;4.835694e-02;3.548270e-02;5.219717e-02;6.538833e-02;7.672294e-02;7.275666e-02;5.055825e-02;5.337799e-02;1.229902e-01
1.375313e-01;1.313357e-01;1.680013e-01;5.118988e-02;4.908141e-02;6.941298e-02;7.187289e-02;7.136111e-02;6.094244e-02;8.008056e-02;4.458120e-02;6.460913e-02
1.173971e-01;8.490226e-02;1.684933e-01;4.247367e-02;5.162146e-02;6.908593e-02;7.992841e-02;8.159550e-02;7.822033e-02;8.740655e-02;7.286342e-02;6.601208e-02
1.239167e-01;8.850890e-02;1.340145e-01;5.321699e-02;4.664791e-02;5.321170e-02;9.293512e-02;8.657481e-02;6.143942e-02;7.361929e-02;6.586187e-02;1.200528e-01
1.058212e-01;1.210477e-01;1.077156e-01;6.028812e-02;5.401830e-02;3.885316e-02;1.033357e-01;8.388349e-02;3.981311e-02;7.698873e-02;6.405015e-02;1.441848e-01
9.926284e-02;1.181557e-01;5.922733e-02;6.435528e-02;6.237900e-02;3.952363e-02;1.024538e-01;7.833420e-02;9.245542e-02;6.922273e-02;6.451755e-02;1.501125e-01
9.737045e-02;4.642916e-02;1.361252e-01;4.622157e-02;6.959216e-02;6.911563e-02;1.053376e-01;8.343223e-02;1.165055e-01;6.553155e-02;6.116464e-02;1.031744e-01
1.078059e-01;7.758793e-02;1.091815e-01;6.242697e-02;9.015702e-02;6.587300e-02;9.663498e-02;7.419401e-02;1.284779e-01;5.396515e-02;6.323594e-02;7.045977e-02
8.833598e-02;7.419014e-02;2.038049e-01;7.553973e-02;7.963301e-02;5.159801e-02;9.441579e-02;6.130422e-02;1.231180e-01;4.298175e-02;5.180456e-02;5.327388e-02
6.661467e-02;7.063803e-02;2.843860e-01;7.914551e-02;5.797233e-02;4.863716e-02;9.104418e-02;6.625132e-02;8.844101e-02;7.151096e-02;3.679834e-02;3.856048e-02
1.078849e-01;1.207008e-01;2.481659e-01;5.942539e-02;3.868691e-02;5.971257e-02;6.808639e-02;6.602827e-02;6.983329e-02;9.135691e-02;2.789871e-02;4.221991e-02
1.756095e-01;1.226074e-01;1.421343e-01;4.197540e-02;5.325541e-02;4.978162e-02;8.273374e-02;6.338587e-02;8.042774e-02;9.012183e-02;4.432409e-02;5.364311e-02
1.763408e-01;7.565466e-02;1.204156e-01;5.976481e-02;5.221980e-02;3.571368e-02;1.080893e-01;7.043954e-02;6.312967e-02;1.092322e-01;5.666989e-02;7.233007e-02
1.048850e-01;1.795445e-02;1.784023e-01;5.802070e-02;5.161844e-02;3.993155e-02;1.152088e-01;7.387714e-02;7.964275e-02;1.433404e-01;6.627095e-02;7.084753e-02
2.587915e-02;7.820340e-02;1.977574e-01;3.466445e-02;5.149062e-02;6.103309e-02;9.571754e-02;7.823586e-02;9.675086e-02;1.455247e-01;7.790911e-02;5.683373e-02
5.676424e-02;9.811136e-02;2.304761e-01;3.888556e-02;6.504503e-02;6.350370e-02;1.005622e-01;7.701083e-02;6.318264e-02;9.788736e-02;5.695535e-02;5.161565e-02
6.382044e-02;8.748680e-02;2.394740e-01;4.080036e-02;7.265829e-02;6.097376e-02;1.261635e-01;3.883902e-02;5.249540e-02;1.098675e-01;5.316831e-02;5.425267e-02
1.314154e-01;5.035871e-02;1.725270e-01;4.122612e-02;6.856767e-02;4.597001e-02;1.306664e-01;5.007914e-02;9.948897e-02;1.250297e-01;4.723582e-02;3.743516e-02
1.509576e-01;4.358381e-02;1.472043e-01;5.749836e-02;6.031149e-02;3.498255e-02;8.852012e-02;5.346645e-02;1.267531e-01;1.286598e-01;8.623543e-02;2.182687e-02
1.881787e-01;4.182942e-02;1.777241e-01;5.734878e-02;4.863639e-02;2.659419e-02;7.765123e-02;3.950297e-02;9.940482e-02;1.085834e-01;9.169313e-02;4.285275e-02
1.959477e-01;8.483629e-02;1.765320e-01;4.820922e-02;4.519163e-02;3.180899e-02;8.890425e-02;3.823517e-02;7.637816e-02;8.881689e-02;7.793218e-02;4.720752e-02
1.943054e-01;6.450957e-02;1.725432e-01;4.761594e-02;4.989441e-02;3.546162e-02;7.490846e-02;3.466009e-02;7.184555e-02;1.065538e-01;1.084104e-01;3.929161e-02
1.759218e-01;2.898355e-02;1.968998e-01;5.123162e-02;5.048729e-02;3.199557e-02;6.437459e-02;2.809792e-02;6.152448e-02;1.116598e-01;1.549183e-01;4.390527e-02
1.387379e-01;3.955094e-02;2.600767e-01;5.963267e-02;6.214149e-02;3.563163e-02;4.985933e-02;2.701128e-02;4.679354e-02;8.929178e-02;1.519800e-01;3.929273e-02
1.516712e-01;6.026361e-02;2.554435e-01;5.868977e-02;6.281660e-02;3.749044e-02;5.239322e-02;3.204158e-02;3.719016e-02;7.309666e-02;1.181054e-01;6.079778e-02
1.340275e-01;7.370175e-02;2.638797e-01;4.969189e-02;5.036455e-02;3.750194e-02;6.011890e-02;4.306798e-02;4.350560e-02;7.125138e-02;1.086328e-01;6.425600e-02
7.731525e-02;4.402729e-02;3.263878e-01;3.846764e-02;3.652418e-02;4.088860e-02;9.907056e-02;5.912967e-02;4.580824e-02;6.335227e-02;1.060748e-01;6.295376e-02
4.881763e-02;5.140348e-02;3.339838e-01;3.014308e-02;3.361596e-02;4.246242e-02;1.189480e-01;6.174365e-02;5.123529e-02;4.658834e-02;9.155970e-02;8.949868e-02
1.194933e-01;5.099979e-02;3.237678e-01;4.039138e-02;2.166113e-02;2.924849e-02;1.178193e-01;5.394655e-02;4.493331e-02;3.363482e-02;5.754695e-02;1.065572e-01
1.073994e-01;3.893389e-02;3.474444e-01;5.649877e-02;3.215642e-02;3.434614e-02;1.109371e-01;4.771478e-02;3.433304e-02;3.566840e-02;4.951235e-02;1.050554e-01
7.829031e-02;4.837659e-02;3.567340e-01;4.420662e-02;3.214252e-02;4.195584e-02;1.097442e-01;4.421159e-02;4.798946e-02;4.151782e-02;4.730421e-02;1.075268e-01
7.696553e-02;6.188039e-02;3.888243e-01;3.079792e-02;2.686400e-02;4.951220e-02;9.064206e-02;3.739278e-02;5.163059e-02;4.581644e-02;4.054658e-02;9.912725e-02
7.063922e-02;7.303685e-02;3.728854e-01;4.673862e-02;3.732946e-02;5.128195e-02;8.596568e-02;4.543943e-02;4.862671e-02;5.351499e-02;4.302961e-02;7.151212e-02
1.461037e-01;6.874269e-02;2.608874e-01;6.402563e-02;5.976238e-02;4.959565e-02;9.173021e-02;5.815877e-02;4.608162e-02;5.579890e-02;4.209169e-02;5.702130e-02
1.775906e-01;1.294994e-01;1.678038e-01;5.878133e-02;7.623207e-02;4.056186e-02;7.604493e-02;6.138632e-02;4.974385e-02;7.195631e-02;4.093067e-02;4.946887e-02
1.426255e-01;1.301040e-01;1.800317e-01;5.630441e-02;7.722179e-02;3.940624e-02;7.058466e-02;5.854028e-02;7.978470e-02;9.329233e-02;4.089005e-02;3.121438e-02
7.536306e-02;9.604861e-02;2.010078e-01;7.259224e-02;7.375155e-02;5.092449e-02;3.738693e-02;5.828695e-02;1.363794e-01;1.281583e-01;4.639659e-02;2.370406e-02
4.169467e-02;6.917284e-02;1.833288e-01;5.981301e-02;9.045919e-02;5.366296e-02;5.952923e-02;4.373195e-02;1.617337e-01;1.497251e-01;6.184464e-02;2.530389e-02
4.362093e-02;4.932285e-02;1.472842e-01;5.945937e-02;9.478869e-02;5.976702e-02;1.048869e-01;4.216404e-02;1.506858e-01;1.388151e-01;8.182988e-02;2.737511e-02
6.941634e-02;2.869292e-02;1.166058e-01;3.877256e-02;8.501500e-02;6.199222e-02;1.945535e-01;5.369240e-02;1.050327e-01;1.283981e-01;7.634271e-02;4.148564e-02
1.110941e-01;5.450130e-02;1.028485e-01;6.077925e-02;5.572279e-02;5.084813e-02;2.562144e-01;5.194964e-02;6.256424e-02;1.020761e-01;4.208687e-02;4.931471e-02
1.204247e-01;6.317315e-02;1.595087e-01;7.434400e-02;6.470599e-02;4.122956e-02;1.970126e-01;4.260019e-02;9.073827e-02;7.640219e-02;2.586919e-02;4.399138e-02
1.302264e-01;2.931594e-02;2.134746e-01;7.881978e-02;8.823994e-02;3.413377e-02;9.086718e-02;4.709617e-02;9.856053e-02;8.913029e-02;5.600432e-02;4.413116e-02
1.911778e-01;1.039617e-01;1.651309e-01;7.018835e-02;7.764357e-02;4.003522e-02;1.286925e-01;3.449677e-02;4.667053e-02;6.074813e-02;4.157324e-02;3.968128e-02
1.751444e-01;1.346327e-01;1.784767e-01;6.313703e-02;6.605534e-02;4.199154e-02;1.635194e-01;2.889181e-02;3.291745e-02;6.661674e-02;3.018073e-02;1.843613e-02
1.332901e-01;1.008405e-01;1.900469e-01;6.996349e-02;7.856416e-02;4.301014e-02;1.362073e-01;2.887278e-02;4.551176e-02;1.066269e-01;4.691855e-02;2.014752e-02
1.197897e-01;3.135559e-02;1.877133e-01;8.165676e-02;1.034133e-01;4.981510e-02;1.234265e-01;3.908904e-02;4.957450e-02;1.120043e-01;6.620415e-02;3.595781e-02
8.283487e-02;5.379493e-02;3.350418e-01;7.373785e-02;1.123293e-01;4.679467e-02;1.075127e-01;3.153211e-02;2.524108e-02;5.709402e-02;3.939422e-02;3.469244e-02
6.587087e-02;2.130039e-02;3.810971e-01;8.677264e-02;1.660072e-01;7.235127e-02;6.677845e-02;2.052330e-02;1.330084e-02;4.690881e-02;2.795111e-02;3.113806e-02
6.407207e-02;3.057205e-02;1.783445e-01;5.919439e-02;1.722177e-01;1.224606e-01;2.381617e-01;2.381884e-02;1.760179e-02;3.981207e-02;2.195446e-02;3.178991e-02
4.871911e-02;4.007018e-02;6.019775e-02;2.808849e-02;1.113220e-01;1.228913e-01;4.627849e-01;3.706801e-02;2.439005e-02;3.582906e-02;1.577608e-02;1.286304e-02
3.596791e-02;3.019448e-02;9.366077e-02;2.754374e-02;6.808973e-02;9.017149e-02;5.279131e-01;4.261865e-02;2.030425e-02;3.138607e-02;2.247341e-02;9.676395e-03
2.846621e-02;1.799455e-02;1.024879e-01;3.661356e-02;1.217738e-01;9.948272e-02;4.363124e-01;3.862790e-02;2.851582e-02;5.249070e-02;2.518872e-02;1.204577e-02
2.392831e-02;4.010068e-02;1.052797e-01;5.318597e-02;1.499572e-01;1.212097e-01;3.021320e-01;4.499326e-02;3.331662e-02;8.304792e-02;2.252311e-02;2.032555e-02
5.943859e-02;5.494375e-02;1.388132e-01;7.539619e-02;1.062809e-01;1.114536e-01;2.258594e-01;4.473520e-02;2.753850e-02;8.256738e-02;3.390459e-02;3.906877e-02
6.639650e-02;5.667524e-02;1.470588e-01;6.334901e-02;1.386022e-01;7.349566e-02;2.031336e-01;3.231831e-02;3.760904e-02;7.443998e-02;6.391129e-02;4.301032e-02
6.770010e-02;4.631496e-02;1.566130e-01;4.330741e-02;1.345947e-01;7.477240e-02;1.484753e-01;3.018433e-02;8.574011e-02;8.042906e-02;9.571785e-02;3.615069e-02
5.022897e-02;3.851332e-02;1.481969e-01;5.151600e-02;8.799762e-02;7.838774e-02;1.991815e-01;3.860739e-02;9.310006e-02;8.725905e-02;6.093547e-02;6.607600e-02
5.384916e-02;4.797528e-02;1.380039e-01;6.154620e-02;1.041050e-01;6.574951e-02;2.619825e-01;3.632331e-02;6.014909e-02;7.681667e-02;2.416318e-02;6.933624e-02
7.422016e-02;5.970142e-02;1.535776e-01;5.462113e-02;1.135521e-01;5.975537e-02;2.542862e-01;3.272513e-02;5.053191e-02;6.885804e-02;2.334270e-02;5.482823e-02
5.604077e-02;8.073334e-02;1.982539e-01;6.043157e-02;9.442694e-02;6.062952e-02;2.221136e-01;4.963879e-02;4.051750e-02;5.951171e-02;3.412623e-02;4.357613e-02
1.217509e-01;8.569239e-02;1.912934e-01;5.862823e-02;5.759359e-02;3.910884e-02;1.701718e-01;4.483271e-02;5.118750e-02;5.748872e-02;7.414833e-02;4.810354e-02
1.332033e-01;1.052197e-01;2.902363e-01;5.310204e-02;5.712775e-02;4.082130e-02;1.415261e-01;2.421365e-02;2.848422e-02;4.598544e-02;4.460518e-02;3.547500e-02
1.440053e-01;1.125171e-01;3.145683e-01;5.161985e-02;5.283767e-02;4.224989e-02;1.257914e-01;2.333373e-02;1.620258e-02;4.525384e-02;3.735962e-02;3.426075e-02
1.352951e-01;1.139885e-01;3.361685e-01;4.477847e-02;4.578131e-02;4.374246e-02;1.132821e-01;2.434249e-02;2.461843e-02;4.227776e-02;3.465829e-02;4.106650e-02
5.484941e-02;7.122160e-02;3.186141e-01;5.437183e-02;7.569813e-02;3.971245e-02;1.400153e-01;2.123687e-02;4.989593e-02;6.417302e-02;5.671183e-02;5.349958e-02
