7.817139e-02;1.115947e-01;6.009767e-02;8.920256e-02;3.602233e-02;3.628872e-02;2.040861e-01;9.034468e-02;4.511536e-02;5.945198e-02;1.330124e-01;5.661224e-02
1.142358e-01;1.489224e-01;6.308734e-02;5.678065e-02;3.107964e-02;4.600580e-02;1.898002e-01;1.039171e-01;2.333548e-02;6.968772e-02;1.217710e-01;3.137692e-02
1.215193e-01;1.413315e-01;5.768456e-02;4.012374e-02;3.536045e-02;5.466320e-02;1.859877e-01;1.193807e-01;3.698025e-02;6.564411e-02;1.005981e-01;4.072620e-02
8.578183e-02;1.649631e-01;3.601505e-02;2.166371e-02;3.330635e-02;8.861713e-02;1.573016e-01;1.339384e-01;4.222258e-02;6.407560e-02;1.055123e-01;6.660236e-02
1.500385e-01;9.561008e-02;3.498579e-02;3.224521e-02;2.211250e-02;7.958953e-02;1.666375e-01;1.139438e-01;7.858733e-02;8.280661e-02;7.578590e-02;6.765725e-02
1.289768e-01;9.437790e-02;4.085679e-02;3.514519e-02;2.274884e-02;6.969008e-02;1.991464e-01;1.535482e-01;6.785917e-02;7.458644e-02;7.741829e-02;3.564600e-02
1.017359e-01;9.110270e-02;5.219683e-02;4.307787e-02;3.416149e-02;8.125692e-02;1.867097e-01;1.666667e-01;6.727507e-02;6.019497e-02;8.241016e-02;3.321164e-02
1.002472e-01;6.602015e-02;6.478993e-02;4.144858e-02;5.367950e-02;9.647101e-02;1.164995e-01;1.646267e-01;8.684201e-02;6.179687e-02;8.160571e-02;6.597284e-02
9.674446e-02;6.273704e-02;5.271056e-02;5.764545e-02;5.500632e-02;8.660318e-02;8.463696e-02;1.442548e-01;7.169741e-02;6.461542e-02;1.377980e-01;8.555035e-02
5.730433e-02;7.455300e-02;3.723846e-02;4.593610e-02;5.082865e-02;5.435375e-02;7.315913e-02;1.587680e-01;4.645559e-02;8.489917e-02;2.436291e-01;7.287468e-02
5.112754e-02;7.684159e-02;3.445612e-02;4.380098e-02;4.181079e-02;4.734568e-02;1.189305e-01;1.672742e-01;4.364944e-02;8.000027e-02;2.467855e-01;4.797743e-02
8.767685e-02;1.104367e-01;3.333313e-02;4.002756e-02;2.819956e-02;5.339487e-02;1.829894e-01;1.597708e-01;2.883303e-02;5.197698e-02;1.764316e-01;4.692951e-02
1.088139e-01;1.534873e-01;4.497935e-02;2.051139e-02;2.924568e-02;8.038937e-02;2.150359e-01;1.309815e-01;4.363553e-02;4.718535e-02;9.167761e-02;3.405714e-02
4.617032e-02;1.740204e-01;5.352279e-02;4.780585e-02;4.830452e-02;1.264896e-01;1.514829e-01;1.336439e-01;3.726167e-02;8.964863e-02;6.565635e-02;2.599314e-02
8.453775e-02;1.860191e-01;5.639252e-02;4.415121e-02;3.577458e-02;1.120283e-01;1.672409e-01;1.100783e-01;3.157132e-02;7.468995e-02;6.454395e-02;3.297213e-02
1.037615e-01;1.606703e-01;5.961925e-02;4.440184e-02;5.393782e-02;7.218478e-02;1.278746e-01;1.105181e-01;3.663895e-02;8.425914e-02;1.162489e-01;2.988483e-02
1.013022e-01;1.256991e-01;6.499507e-02;4.844037e-02;4.749828e-02;4.530297e-02;1.110879e-01;6.774136e-02;5.188153e-02;1.120212e-01;1.649840e-01;5.904601e-02
9.050249e-02;8.605409e-02;5.741257e-02;4.836229e-02;5.226339e-02;5.970120e-02;8.537672e-02;1.088125e-01;1.069797e-01;6.557188e-02;1.541594e-01;8.480371e-02
9.211401e-02;8.080201e-02;5.050160e-02;4.602116e-02;5.502334e-02;5.648583e-02;1.093674e-01;1.019426e-01;1.201828e-01;5.499728e-02;1.464143e-01;8.614755e-02
1.002489e-01;7.971764e-02;4.360957e-02;2.950993e-02;4.510596e-02;4.984787e-02;1.489447e-01;1.143222e-01;1.042721e-01;6.649497e-02;1.352543e-01;8.267184e-02
1.189753e-01;8.958312e-02;3.091045e-02;1.867044e-02;1.908860e-02;5.358766e-02;2.420578e-01;1.488133e-01;6.182232e-02;5.776630e-02;9.663170e-02;6.209306e-02
1.155393e-01;7.558798e-02;2.772387e-02;3.228990e-02;3.563868e-02;7.189818e-02;2.757891e-01;1.739054e-01;5.660993e-02;3.197699e-02;7.021110e-02;3.282946e-02
1.308034e-01;5.824943e-02;3.380518e-02;2.139473e-02;4.200322e-02;8.929116e-02;2.386065e-01;1.261962e-01;7.564724e-02;5.544568e-02;9.078978e-02;3.776753e-02
1.747130e-01;3.241903e-02;3.156159e-02;1.391158e-02;3.890117e-02;1.395163e-01;1.964751e-01;8.406124e-02;8.634631e-02;1.021217e-01;6.377215e-02;3.620083e-02
1.755252e-01;3.297282e-02;2.000623e-02;2.287166e-02;3.041198e-02;1.626995e-01;2.054438e-01;1.139229e-01;7.823923e-02;1.252386e-01;1.858404e-02;1.408407e-02
1.879418e-01;2.787781e-02;1.911790e-02;2.478785e-02;3.196431e-02;1.648746e-01;2.210120e-01;9.425521e-02;8.616114e-02;1.119007e-01;1.754314e-02;1.256358e-02
2.310388e-01;1.837571e-02;1.122321e-02;1.663336e-02;3.944620e-02;1.765564e-01;2.156592e-01;6.034939e-02;9.220436e-02;8.677827e-02;3.005732e-02;2.167774e-02
2.172554e-01;2.732447e-02;1.343965e-02;1.482982e-02;4.623765e-02;1.622652e-01;2.189176e-01;6.492808e-02;5.967466e-02;4.958511e-02;1.052271e-01;2.031519e-02
1.188292e-01;4.541741e-02;2.365394e-02;1.397321e-02;4.838176e-02;1.308777e-01;2.320704e-01;6.623799e-02;3.788860e-02;3.061555e-02;2.389156e-01;1.313865e-02
6.984740e-02;4.402199e-02;2.883248e-02;1.717638e-02;5.190077e-02;9.064426e-02;2.005104e-01;4.908732e-02;4.496820e-02;3.321866e-02;3.554232e-01;1.436900e-02
1.750667e-01;2.716921e-02;2.592680e-02;1.948437e-02;4.799355e-02;6.163146e-02;1.420634e-01;2.987707e-02;4.547016e-02;3.377306e-02;3.585961e-01;3.294809e-02
1.898633e-01;3.910861e-02;2.886336e-02;1.935272e-02;5.173322e-02;5.999912e-02;1.191972e-01;2.421083e-02;3.377745e-02;2.373358e-02;3.526850e-01;5.747567e-02
2.057885e-01;3.346973e-02;2.481343e-02;2.775721e-02;5.197019e-02;7.011722e-02;1.193388e-01;2.178203e-02;2.395592e-02;2.439555e-02;3.278474e-01;6.876411e-02
2.664275e-01;1.204460e-02;2.975476e-02;2.802633e-02;5.840760e-02;7.843940e-02;1.388327e-01;2.517631e-02;3.157446e-02;1.974214e-02;2.524720e-01;5.910217e-02
3.142515e-01;1.753737e-02;3.256104e-02;1.714015e-02;6.197121e-02;8.019907e-02;1.766449e-01;2.612196e-02;3.875346e-02;1.308823e-02;1.629888e-01;5.874232e-02
3.574232e-01;2.919517e-02;3.320620e-02;1.972157e-02;5.964183e-02;7.921150e-02;1.883049e-01;3.587711e-02;4.859616e-02;1.224951e-02;9.976168e-02;3.681114e-02
4.077246e-01;6.665730e-02;2.397634e-02;1.516803e-02;4.182535e-02;7.599537e-02;1.892026e-01;4.190874e-02;5.339789e-02;1.603330e-02;5.333800e-02;1.477248e-02
4.358900e-01;7.672985e-02;2.243160e-02;1.293197e-02;2.944613e-02;7.053663e-02;1.748168e-01;4.382442e-02;6.105476e-02;2.116006e-02;2.845435e-02;2.272342e-02
3.966211e-01;8.554351e-02;2.829934e-02;1.262961e-02;4.142922e-02;7.146465e-02;1.390721e-01;3.931896e-02;6.642739e-02;2.380294e-02;7.298935e-02;2.240179e-02
3.106551e-01;5.188903e-02;3.826449e-02;1.049440e-02;5.984650e-02;8.074034e-02;1.558687e-01;4.694577e-02;8.456068e-02;2.243671e-02;1.099128e-01;2.838538e-02
1.669576e-01;2.293358e-02;4.621756e-02;1.250138e-02;8.073124e-02;1.001824e-01;2.238523e-01;5.850897e-02;1.065352e-01;2.287099e-02;1.137047e-01;4.500422e-02
3.965902e-02;3.405796e-02;4.922900e-02;1.612287e-02;9.947206e-02;9.039911e-02;2.488706e-01;6.128499e-02;1.029189e-01;2.219643e-02;1.772648e-01;5.852423e-02
1.324527e-01;4.020196e-02;3.944881e-02;2.321391e-02;7.631300e-02;6.173414e-02;2.086269e-01;8.609509e-02;5.913658e-02;1.377866e-02;2.064796e-01;5.251867e-02
1.493673e-01;3.837051e-02;4.456113e-02;3.241486e-02;4.281336e-02;6.629821e-02;1.765678e-01;9.055442e-02;3.389715e-02;1.959003e-02;2.648940e-01;4.067119e-02
1.136864e-01;8.905811e-02;5.785419e-02;3.727943e-02;2.785258e-02;1.021386e-01;1.495989e-01;7.306833e-02;5.901508e-02;3.211873e-02;2.449875e-01;1.334216e-02
1.212298e-01;8.674110e-02;5.664318e-02;4.411122e-02;4.086342e-02;8.962376e-02;1.709141e-01;9.159084e-02;1.003402e-01;4.686583e-02;1.051745e-01;4.590199e-02
1.282402e-01;9.159621e-02;5.288700e-02;3.287797e-02;2.222478e-02;6.387740e-02;1.520526e-01;1.531027e-01;8.760155e-02;7.881895e-02;8.073606e-02;5.598465e-02
8.507302e-02;6.438076e-02;6.957268e-02;5.886905e-02;2.697095e-02;8.866742e-02;1.323072e-01;1.610472e-01;7.119013e-02;7.707064e-02;1.040255e-01;6.082545e-02
6.931056e-02;3.560130e-02;5.880110e-02;7.627556e-02;4.936217e-02;9.495575e-02;1.440963e-01;1.292453e-01;6.256325e-02;1.281064e-01;1.009630e-01;5.071926e-02
6.672492e-02;2.767708e-02;3.819693e-02;4.938647e-02;4.746003e-02;1.360258e-01;1.617795e-01;1.191633e-01;4.848009e-02;1.784068e-01;7.558614e-02;5.111295e-02
5.535056e-02;3.277023e-02;3.215313e-02;5.392611e-02;3.926118e-02;1.412379e-01;1.374961e-01;1.505787e-01;5.932004e-02;1.383033e-01;8.825241e-02;7.135031e-02
5.492677e-02;4.478671e-02;3.965027e-02;7.485589e-02;5.047145e-02;1.065788e-01;8.714898e-02;1.563926e-01;8.788453e-02;1.233253e-01;9.020974e-02;8.376899e-02
1.037001e-01;5.661662e-02;5.702047e-02;4.955925e-02;4.565876e-02;7.613558e-02;9.155456e-02;1.300438e-01;1.080244e-01;1.199111e-01;1.073719e-01;5.440341e-02
1.011006e-01;5.542487e-02;4.859946e-02;5.293425e-02;3.544427e-02;1.025460e-01;1.342899e-01;9.653155e-02;9.031536e-02;8.070976e-02;1.449965e-01;5.710752e-02
1.144162e-01;5.837665e-02;3.291263e-02;4.574693e-02;5.174473e-02;1.203383e-01;1.045811e-01;9.485264e-02;9.217381e-02;8.158997e-02;1.571809e-01;4.608618e-02
1.111154e-01;8.074688e-02;4.385144e-02;3.454496e-02;4.401651e-02;9.970036e-02;1.059045e-01;1.261280e-01;7.654990e-02;1.264792e-01;1.040866e-01;4.687620e-02
5.636833e-02;6.623571e-02;5.652494e-02;2.908442e-02;3.837480e-02;1.024310e-01;1.518452e-01;1.461192e-01;1.191627e-01;1.182091e-01;5.805836e-02;5.758617e-02
7.707592e-02;6.011765e-02;5.327574e-02;3.455414e-02;3.242574e-02;1.049006e-01;1.451087e-01;1.448906e-01;1.278241e-01;1.173151e-01;5.313252e-02;4.937916e-02
8.112826e-02;8.505480e-02;6.181506e-02;4.567651e-02;1.699630e-02;1.126804e-01;1.288124e-01;1.459827e-01;1.070999e-01;1.306334e-01;3.291536e-02;5.120476e-02
9.977452e-02;7.638899e-02;8.651753e-02;7.562556e-02;2.717852e-02;8.240525e-02;1.333871e-01;1.212413e-01;8.492927e-02;1.233684e-01;4.727701e-02;4.190658e-02
9.234923e-02;8.496616e-02;8.312912e-02;5.890380e-02;6.193310e-02;7.188471e-02;1.202237e-01;1.232606e-01;8.037023e-02;1.280160e-01;6.625587e-02;2.870743e-02
1.126067e-01;8.923252e-02;4.216014e-02;6.936397e-02;4.256232e-02;6.341194e-02;1.614428e-01;1.293599e-01;4.596951e-02;4.709177e-02;1.588887e-01;3.790976e-02
1.164557e-01;9.533111e-02;3.645041e-02;8.060110e-02;2.692785e-02;5.946231e-02;1.677954e-01;1.501598e-01;3.927620e-02;3.450729e-02;1.609221e-01;3.211070e-02
1.871141e-01;1.078650e-01;1.856780e-02;7.510744e-02;2.643145e-02;7.970379e-02;1.907046e-01;1.136026e-01;2.772601e-02;3.264784e-02;1.193184e-01;2.121093e-02
2.839288e-01;9.813111e-02;2.146800e-02;6.236921e-02;2.374401e-02;1.223782e-01;2.105283e-01;6.123691e-02;1.541596e-02;3.282787e-02;5.412209e-02;1.384957e-02
3.388804e-01;5.820639e-02;1.362261e-02;6.645064e-02;2.879738e-02;1.685588e-01;1.967200e-01;3.860506e-02;1.863801e-02;3.842293e-02;1.918801e-02;1.390976e-02
3.167921e-01;9.935381e-03;3.711567e-02;4.776022e-02;3.420044e-02;1.941316e-01;2.040965e-01;5.704670e-02;2.537967e-02;4.257476e-02;1.827432e-02;1.269264e-02
2.960843e-01;2.555811e-02;3.246528e-02;7.015187e-02;3.789234e-02;2.108978e-01;1.943175e-01;4.429312e-02;1.922700e-02;4.681278e-02;1.703577e-02;5.264142e-03
2.641126e-01;4.963114e-02;1.309407e-02;1.175335e-01;3.175990e-02;1.948590e-01;2.046848e-01;4.604468e-02;1.330917e-02;4.261264e-02;1.692049e-02;5.437958e-03
2.275461e-01;6.551670e-02;1.454458e-02;1.685106e-01;2.674400e-02;1.544923e-01;2.165054e-01;5.694395e-02;1.060456e-02;3.951751e-02;1.242388e-02;6.650341e-03
2.282110e-01;5.911411e-02;1.150385e-02;1.927549e-01;1.938822e-02;1.528193e-01;2.113574e-01;5.602365e-02;1.055690e-02;4.443249e-02;9.493574e-03;4.344611e-03
2.386280e-01;5.120105e-02;7.701723e-03;1.794687e-01;1.939320e-02;1.618395e-01;2.193304e-01;5.288702e-02;4.888962e-03;5.100438e-02;6.691347e-03;6.965612e-03
2.409261e-01;5.117181e-02;1.122754e-02;1.652565e-01;2.910426e-02;1.626716e-01;2.109482e-01;4.535884e-02;1.092243e-02;5.445842e-02;1.143132e-02;6.523097e-03
2.257196e-01;6.073191e-02;8.762858e-03;1.564457e-01;4.078441e-02;1.560734e-01;2.272815e-01;5.108974e-02;8.695171e-03;5.412671e-02;4.843775e-03;5.445185e-03
1.973835e-01;6.889191e-02;5.883019e-03;1.254337e-01;3.989622e-02;1.688688e-01;2.604477e-01;5.853240e-02;8.675870e-03;4.814548e-02;1.198294e-02;5.858465e-03
1.690473e-01;7.473234e-02;4.236277e-03;7.337834e-02;3.602731e-02;1.830034e-01;3.205948e-01;6.244847e-02;1.242587e-02;3.992351e-02;1.817411e-02;6.008314e-03
1.451253e-01;8.275462e-02;4.079879e-03;3.439904e-02;2.403571e-02;1.567328e-01;3.897538e-01;8.269422e-02;1.335539e-02;3.657280e-02;2.546067e-02;5.035747e-03
1.317223e-01;8.647011e-02;4.764423e-03;4.521880e-02;1.403181e-02;1.326402e-01;4.053523e-01;7.826249e-02;2.673146e-02;3.946755e-02;2.792150e-02;7.417116e-03
1.176958e-01;8.753354e-02;6.573811e-03;5.147191e-02;1.476161e-02;1.210720e-01;3.760555e-01;8.598633e-02;4.826501e-02;4.709993e-02;3.567879e-02;7.805747e-03
1.135617e-01;8.907513e-02;6.813850e-03;3.597664e-02;1.637315e-02;1.277273e-01;3.699050e-01;8.838378e-02;4.779954e-02;4.882739e-02;4.257023e-02;1.298635e-02
1.270451e-01;1.055894e-01;9.865800e-03;2.703207e-02;1.240380e-02;1.149558e-01;3.812630e-01;9.729071e-02;2.714280e-02;2.523539e-02;5.104316e-02;2.113303e-02
1.505922e-01;1.188543e-01;1.385326e-02;1.937094e-02;8.979487e-03;9.139179e-02;3.827383e-01;1.069002e-01;2.184397e-02;1.098726e-02;4.987104e-02;2.461729e-02
1.985492e-01;1.234884e-01;1.786854e-02;1.959616e-02;1.154258e-02;7.746202e-02;3.577473e-01;1.069426e-01;1.204692e-02;1.127750e-02;4.416645e-02;1.931230e-02
2.171990e-01;1.135246e-01;2.523146e-02;2.344394e-02;1.292469e-02;7.043546e-02;3.269529e-01;1.058787e-01;1.602555e-02;1.281186e-02;6.248970e-02;1.308220e-02
1.835222e-01;9.761815e-02;3.826602e-02;2.276090e-02;1.763543e-02;6.977189e-02;2.964745e-01;9.941950e-02;2.212637e-02;2.084978e-02;1.229095e-01;8.645682e-03
1.240089e-01;7.683534e-02;5.034870e-02;1.841920e-02;1.546053e-02;7.920972e-02;2.982321e-01;8.467154e-02;2.486222e-02;2.532937e-02;1.849210e-01;1.770138e-02
1.767442e-01;7.652906e-02;4.764269e-02;1.181728e-02;1.342932e-02;6.745429e-02;3.091696e-01;5.030936e-02;1.725478e-02;3.326300e-02;1.660532e-01;3.033330e-02
1.984281e-01;1.040020e-01;4.206815e-02;1.232098e-02;1.294972e-02;4.369523e-02;2.915465e-01;1.232681e-01;1.727941e-02;5.345441e-02;7.457192e-02;2.641537e-02
9.419521e-02;8.845284e-02;3.411376e-02;1.887041e-02;1.437108e-02;7.332965e-02;3.173496e-01;1.414148e-01;1.813934e-02;6.398534e-02;1.145086e-01;2.126942e-02
9.451178e-02;6.597441e-02;2.269995e-02;1.777126e-02;1.714900e-02;8.526764e-02;3.023770e-01;1.432621e-01;2.995929e-02;7.272764e-02;1.248306e-01;2.346926e-02
8.795847e-02;5.019569e-02;2.292642e-02;2.339711e-02;2.662422e-02;1.026652e-01;2.206498e-01;1.270822e-01;6.591680e-02;1.163019e-01;1.297419e-01;2.654027e-02
4.622485e-02;1.506522e-02;2.645216e-02;2.312852e-02;3.378740e-02;9.933618e-02;1.160190e-01;1.333485e-01;1.514559e-01;2.152377e-01;1.087951e-01;3.114949e-02
3.209048e-02;1.833326e-02;2.053108e-02;1.841872e-02;3.018345e-02;7.332678e-02;6.398930e-02;1.034196e-01;2.221503e-01;3.081061e-01;8.035515e-02;2.909576e-02
4.775297e-02;1.976023e-02;2.418658e-02;2.642135e-02;3.966025e-02;4.293577e-02;9.064987e-02;9.902795e-02;2.128026e-01;3.312507e-01;4.186729e-02;2.368442e-02
6.595384e-02;1.669299e-02;4.439147e-02;3.388411e-02;4.550208e-02;2.734088e-02;1.018728e-01;1.301697e-01;1.592420e-01;3.295301e-01;1.916129e-02;2.625856e-02
7.741630e-02;3.057441e-02;5.878068e-02;3.756635e-02;3.089117e-02;2.376329e-02;1.068533e-01;1.384143e-01;2.600677e-01;1.888509e-01;2.617457e-02;2.064694e-02
9.093419e-02;4.997129e-02;8.568768e-02;3.826977e-02;1.984740e-02;3.797871e-02;1.126677e-01;1.822595e-01;2.510119e-01;8.500575e-02;2.350515e-02;2.286106e-02
7.856625e-02;5.552129e-02;9.489252e-02;3.370509e-02;2.372598e-02;5.189382e-02;1.267962e-01;2.284655e-01;1.467449e-01;7.962929e-02;4.756361e-02;3.249554e-02
4.176970e-02;4.841721e-02;8.984176e-02;2.696888e-02;3.577652e-02;7.762234e-02;1.476832e-01;2.268442e-01;8.941434e-02;6.744611e-02;1.035698e-01;4.464602e-02
7.599633e-02;6.044710e-02;8.919938e-02;3.077588e-02;4.834246e-02;7.970579e-02;1.329701e-01;1.386464e-01;8.838283e-02;8.920192e-02;1.191197e-01;4.721219e-02
7.695679e-02;8.515878e-02;8.159527e-02;4.507288e-02;4.959159e-02;8.005176e-02;1.059034e-01;1.422352e-01;8.931666e-02;1.379485e-01;6.476674e-02;4.140230e-02
7.117239e-02;8.448321e-02;5.214699e-02;4.842231e-02;5.439025e-02;6.976942e-02;1.629113e-01;1.704204e-01;9.311878e-02;8.558950e-02;7.519142e-02;3.238405e-02
6.349279e-02;6.403995e-02;5.323987e-02;5.757937e-02;5.815661e-02;6.925226e-02;2.093900e-01;1.934647e-01;6.673280e-02;7.567722e-02;7.204321e-02;1.693121e-02
6.953477e-02;5.947720e-02;5.506630e-02;6.752032e-02;5.488878e-02;6.847765e-02;1.360975e-01;1.798867e-01;7.764336e-02;7.979408e-02;1.074009e-01;4.421252e-02
7.747710e-02;6.000875e-02;5.332595e-02;5.899756e-02;5.223724e-02;6.382521e-02;1.328834e-01;1.868484e-01;6.992260e-02;7.929876e-02;1.229258e-01;4.224914e-02
9.494473e-02;6.888248e-02;5.128932e-02;4.969467e-02;4.542472e-02;5.921856e-02;1.310364e-01;1.821387e-01;5.924582e-02;7.840002e-02;1.400113e-01;3.971332e-02
1.376066e-01;6.901591e-02;4.971995e-02;3.793404e-02;3.606749e-02;5.992675e-02;1.336734e-01;1.913635e-01;4.575874e-02;8.078745e-02;1.203441e-01;3.780214e-02
2.074723e-01;7.659601e-02;3.327615e-02;1.780153e-02;3.198086e-02;6.624354e-02;1.914029e-01;1.612230e-01;1.951586e-02;4.273220e-02;1.352111e-01;1.654465e-02
2.208463e-01;9.488483e-02;3.288134e-02;1.913347e-02;2.927173e-02;8.562775e-02;2.101279e-01;1.383161e-01;2.235495e-02;2.893252e-02;1.074051e-01;1.021800e-02
2.529610e-01;1.055389e-01;4.793250e-02;2.067502e-02;3.355148e-02;1.074691e-01;2.110187e-01;8.757094e-02;4.254470e-02;2.953075e-02;3.877429e-02;2.243269e-02
2.057713e-01;6.642374e-02;6.441701e-02;2.829315e-02;5.981201e-02;1.226372e-01;1.937423e-01;2.838042e-02;8.675090e-02;4.074446e-02;5.106603e-02;5.196148e-02
1.177347e-01;3.474949e-02;7.621045e-02;4.073530e-02;8.610099e-02;1.123153e-01;2.024419e-01;4.566331e-02;1.234967e-01;5.172557e-02;4.042368e-02;6.840246e-02
1.079158e-01;2.307574e-02;8.406298e-02;4.778830e-02;9.753495e-02;1.017799e-01;1.839541e-01;3.433502e-02;1.432787e-01;5.122827e-02;5.193029e-02;7.311602e-02
1.306733e-01;3.708560e-02;8.248828e-02;3.857772e-02;9.825251e-02;8.486619e-02;1.661326e-01;5.619035e-02;1.312567e-01;4.796254e-02;6.292062e-02;6.359357e-02
1.579612e-01;5.898820e-02;8.631653e-02;2.389038e-02;9.242468e-02;8.564366e-02;1.758301e-01;3.635610e-02;1.173664e-01;4.456059e-02;7.156602e-02;4.909604e-02
1.928939e-01;7.923534e-02;7.309969e-02;1.868778e-02;7.275773e-02;1.113118e-01;2.023245e-01;3.916472e-02;8.787707e-02;4.502068e-02;3.765208e-02;3.997483e-02
2.298102e-01;6.196411e-02;4.241076e-02;2.474834e-02;5.990979e-02;1.257873e-01;2.166441e-01;6.018462e-02;5.105931e-02;3.452252e-02;6.260285e-02;3.035611e-02
2.645449e-01;4.255289e-02;3.116330e-02;2.112153e-02;4.775027e-02;1.771348e-01;2.413758e-01;7.957312e-02;2.407301e-02;2.546951e-02;2.188926e-02;2.335157e-02
2.579211e-01;3.952712e-02;1.221300e-02;1.620099e-02;3.943506e-02;1.947044e-01;2.453136e-01;8.215107e-02;1.687538e-02;3.398573e-02;3.289243e-02;2.878011e-02
2.260340e-01;5.466445e-02;1.166630e-02;1.861763e-02;3.503186e-02;1.617137e-01;2.557377e-01;9.824289e-02;1.851090e-02;3.885729e-02;5.450918e-02;2.641412e-02
1.700289e-01;6.312265e-02;2.279802e-02;1.156954e-02;3.032124e-02;1.232498e-01;2.608802e-01;9.533677e-02;3.301546e-02;4.829354e-02;1.267845e-01;1.459943e-02
7.984967e-02;7.012463e-02;3.014561e-02;3.635617e-02;3.509765e-02;1.014336e-01;2.415175e-01;1.177010e-01;4.376671e-02;4.450502e-02;1.885269e-01;1.097552e-02
1.134355e-01;7.378981e-02;2.925333e-02;5.633351e-02;4.571668e-02;1.137520e-01;1.749613e-01;1.413325e-01;4.152715e-02;2.590977e-02;1.587232e-01;2.526525e-02
1.601136e-01;8.198452e-02;2.813773e-02;5.550429e-02;6.036511e-02;1.454280e-01;1.189154e-01;1.433306e-01;3.243205e-02;2.780354e-02;1.070767e-01;3.890842e-02
1.167383e-01;1.044098e-01;3.480253e-02;4.474319e-02;3.931686e-02;1.442040e-01;1.338671e-01;1.069033e-01;3.292730e-02;5.371592e-02;1.593850e-01;2.898659e-02
8.501868e-02;7.421553e-02;2.931925e-02;4.232682e-02;2.642041e-02;1.265124e-01;1.703778e-01;1.214795e-01;3.352961e-02;6.879562e-02;1.940563e-01;2.794820e-02
9.745608e-02;6.203714e-02;2.727188e-02;2.316637e-02;4.304531e-02;1.293158e-01;2.225366e-01;1.028122e-01;3.246221e-02;6.004606e-02;1.749630e-01;2.488742e-02
1.457137e-01;6.120561e-02;4.027980e-02;2.603218e-02;4.580558e-02;1.021615e-01;1.386647e-01;1.219935e-01;2.778140e-02;4.776722e-02;1.652592e-01;7.733560e-02
1.845192e-01;9.557382e-02;5.390158e-02;1.500842e-02;4.362813e-02;6.637002e-02;7.271378e-02;9.920160e-02;4.202598e-02;5.056714e-02;1.514206e-01;1.250697e-01
1.324885e-01;8.462560e-02;4.493228e-02;1.103397e-02;3.799813e-02;5.682290e-02;1.314369e-01;9.740510e-02;4.681847e-02;5.487464e-02;1.599461e-01;1.416174e-01
7.178536e-02;6.168631e-02;3.396406e-02;2.171144e-02;3.115832e-02;5.131180e-02;1.528402e-01;1.184148e-01;5.021437e-02;4.993799e-02;1.993060e-01;1.576694e-01
4.538098e-02;6.745379e-02;2.835190e-02;3.592194e-02;2.742842e-02;5.135787e-02;1.283949e-01;1.380409e-01;5.509748e-02;3.091968e-02;2.382699e-01;1.533822e-01
8.253411e-02;1.347925e-01;3.769951e-02;3.129528e-02;1.567870e-02;6.111218e-02;1.866499e-01;1.112394e-01;5.073983e-02;5.110571e-02;1.436301e-01;9.352265e-02
6.952742e-02;1.116843e-01;2.781077e-02;2.073173e-02;2.493789e-02;5.086165e-02;2.514148e-01;1.927071e-01;4.350797e-02;3.671969e-02;1.424211e-01;2.767567e-02
8.282577e-02;1.310671e-01;2.258504e-02;1.631503e-02;1.831046e-02;4.439704e-02;2.574700e-01;2.087938e-01;4.134035e-02;3.766325e-02;1.165369e-01;2.269530e-02
1.271560e-01;1.719817e-01;1.699662e-02;1.337166e-02;1.269867e-02;4.674637e-02;2.875487e-01;1.603944e-01;3.255787e-02;3.145097e-02;8.564854e-02;1.344858e-02
1.633534e-01;2.087778e-01;1.017048e-02;8.584753e-03;8.486120e-03;5.348776e-02;3.310263e-01;1.167100e-01;2.162462e-02;1.740628e-02;5.239571e-02;7.976820e-03
1.935276e-01;2.073929e-01;8.657190e-03;1.074682e-02;9.255046e-03;6.374484e-02;3.535693e-01;9.668420e-02;1.329744e-02;8.571322e-03;2.636056e-02;8.192856e-03
1.836628e-01;1.804849e-01;7.593223e-03;1.216608e-02;9.764149e-03;6.664328e-02;3.598303e-01;1.105400e-01;2.104139e-02;8.762595e-03;3.291979e-02;6.591485e-03
1.596028e-01;1.747356e-01;6.913757e-03;8.952042e-03;7.832662e-03;6.220352e-02;3.842621e-01;1.299414e-01;2.460670e-02;8.484172e-03;2.792102e-02;4.544204e-03
1.515196e-01;1.721761e-01;5.522592e-03;5.770411e-03;9.359841e-03;5.882840e-02;3.877774e-01;1.449497e-01;2.545796e-02;1.118939e-02;2.473639e-02;2.712146e-03
1.289849e-01;1.618353e-01;4.894851e-03;4.767501e-03;1.183974e-02;5.984307e-02;4.012011e-01;1.518000e-01;2.740773e-02;1.634288e-02;2.847585e-02;2.607025e-03
9.657382e-02;1.387476e-01;5.976584e-03;5.196920e-03;1.719845e-02;6.718019e-02;4.249182e-01;1.608976e-01;2.644467e-02;1.237953e-02;4.152793e-02;2.958436e-03
5.649550e-02;1.079393e-01;9.370806e-03;9.650142e-03;3.253707e-02;7.582944e-02;4.896607e-01;1.311349e-01;2.595704e-02;1.096832e-02;4.782294e-02;2.633912e-03
3.435034e-02;7.584393e-02;1.212734e-02;9.391337e-03;3.899642e-02;7.164813e-02;5.225182e-01;1.485326e-01;1.991798e-02;1.181741e-02;5.225905e-02;2.597222e-03
4.282485e-02;5.388755e-02;6.828739e-03;6.216718e-03;3.086581e-02;6.939440e-02;5.197182e-01;1.896867e-01;1.667508e-02;1.560602e-02;4.324366e-02;5.052106e-03
4.556507e-02;3.319815e-02;7.931956e-03;9.121771e-03;3.469829e-02;9.092285e-02;5.078074e-01;2.002745e-01;1.641662e-02;2.049020e-02;2.709025e-02;6.482960e-03
4.383139e-02;2.489514e-02;1.327209e-02;1.233258e-02;4.058334e-02;1.117170e-01;4.890844e-01;1.855480e-01;1.895018e-02;2.184518e-02;2.577363e-02;1.216708e-02
4.680135e-02;5.462188e-02;2.368580e-02;1.613741e-02;6.335515e-02;9.604083e-02;4.498917e-01;1.544904e-01;1.666951e-02;2.863145e-02;2.935043e-02;2.032409e-02
8.911722e-02;1.010394e-01;3.546019e-02;3.671458e-02;8.861255e-02;7.775658e-02;3.640030e-01;8.287442e-02;2.489590e-02;2.912499e-02;4.681985e-02;2.358131e-02
8.758113e-02;7.840775e-02;3.492488e-02;4.695733e-02;8.387537e-02;8.017360e-02;3.210999e-01;1.251338e-01;2.975144e-02;2.457427e-02;6.058398e-02;2.693665e-02
7.615791e-02;4.747864e-02;2.472377e-02;4.535390e-02;6.224477e-02;8.941101e-02;3.113517e-01;1.935229e-01;2.259175e-02;3.103502e-02;6.609582e-02;3.003283e-02
7.844965e-02;7.524691e-02;3.068119e-02;2.315016e-02;2.807574e-02;8.626782e-02;3.154393e-01;2.060240e-01;2.732891e-02;3.511044e-02;6.408866e-02;3.013716e-02
1.205637e-01;5.746362e-02;3.564955e-02;5.232007e-02;4.987011e-02;7.906368e-02;3.084465e-01;1.026861e-01;4.366193e-02;5.182498e-02;6.820592e-02;3.024386e-02
1.267084e-01;7.110889e-02;3.639671e-02;6.040568e-02;4.105522e-02;6.511173e-02;2.401503e-01;8.196194e-02;6.232064e-02;5.416251e-02;1.209863e-01;3.963163e-02
1.180915e-01;7.727176e-02;4.508464e-02;4.511680e-02;4.150616e-02;7.117219e-02;2.208073e-01;1.219929e-01;5.701300e-02;3.685835e-02;1.137138e-01;5.137158e-02
1.233209e-01;1.223654e-01;3.206042e-02;3.927777e-02;4.488216e-02;6.652863e-02;1.730642e-01;1.290047e-01;3.878974e-02;4.476825e-02;1.483956e-01;3.754211e-02
1.120801e-01;9.574092e-02;5.198330e-02;3.467117e-02;2.250825e-02;5.678640e-02;1.491827e-01;1.371138e-01;4.811295e-02;6.503300e-02;1.817278e-01;4.505961e-02
9.090429e-02;1.104536e-01;5.304426e-02;7.249348e-02;7.620778e-02;9.101905e-02;1.580848e-01;1.156348e-01;5.172402e-02;4.184164e-02;1.132224e-01;2.536989e-02
9.693280e-02;1.206261e-01;4.250888e-02;6.797104e-02;7.056859e-02;9.884535e-02;1.540671e-01;1.182600e-01;4.918958e-02;4.404162e-02;1.092055e-01;2.778341e-02
1.179025e-01;1.273645e-01;4.783003e-02;3.289960e-02;3.624284e-02;9.998083e-02;1.676793e-01;1.302996e-01;4.132112e-02;3.665063e-02;1.320688e-01;2.976036e-02
1.579701e-01;1.052274e-01;4.669874e-02;5.488492e-02;9.659439e-02;1.040796e-01;1.388667e-01;1.109810e-01;3.218637e-02;3.818219e-02;8.815437e-02;2.617429e-02
1.474978e-01;6.892708e-02;3.282009e-02;6.016981e-02;1.666847e-01;1.513231e-01;1.037079e-01;9.482495e-02;4.247053e-02;3.673861e-02;8.838661e-02;6.448805e-03
8.251094e-02;1.155378e-01;3.032943e-02;5.939743e-02;1.630122e-01;1.701512e-01;1.043390e-01;1.007985e-01;5.859813e-02;1.933558e-02;7.255829e-02;2.343154e-02
7.184818e-02;1.275558e-01;3.355066e-02;2.383058e-02;1.085681e-01;1.568878e-01;1.642793e-01;1.035127e-01;7.392870e-02;3.018282e-02;6.563341e-02;4.022198e-02
6.644471e-02;1.108542e-01;3.236547e-02;2.743024e-02;3.862613e-02;8.920509e-02;2.402654e-01;1.298302e-01;7.914946e-02;2.422876e-02;1.214047e-01;4.019561e-02
9.010430e-02;7.408859e-02;2.684938e-02;5.182559e-02;7.997771e-02;1.118403e-01;1.982650e-01;1.743603e-01;4.665394e-02;4.007884e-02;9.660954e-02;9.346544e-03
9.179692e-02;6.495456e-02;1.646383e-02;9.387089e-02;5.880716e-02;1.817304e-01;1.309247e-01;1.872240e-01;4.230544e-02;2.826882e-02;8.223285e-02;2.142046e-02
8.601245e-02;4.669952e-02;1.618828e-02;1.208064e-01;3.996415e-02;1.763264e-01;1.372357e-01;1.716485e-01;5.603875e-02;3.233876e-02;9.167114e-02;2.506996e-02
7.806645e-02;3.239940e-02;3.578884e-02;1.076847e-01;1.173688e-01;9.564435e-02;1.792370e-01;1.385082e-01;5.817087e-02;2.810190e-02;1.051341e-01;2.389536e-02
6.826510e-02;3.359573e-02;4.542264e-02;1.175682e-01;1.258371e-01;1.186105e-01;1.211701e-01;1.161849e-01;5.278084e-02;2.354532e-02;1.324457e-01;4.457385e-02
9.097591e-02;8.653520e-02;4.656710e-02;1.411463e-01;6.477436e-02;1.286085e-01;1.056043e-01;1.051028e-01;4.272984e-02;3.566694e-02;8.510017e-02;6.718849e-02
1.444942e-01;1.637254e-01;3.983976e-02;9.625458e-02;4.467826e-02;6.857037e-02;1.086347e-01;1.135127e-01;5.308669e-02;4.450507e-02;6.857038e-02;5.412784e-02
1.338282e-01;1.923038e-01;3.684685e-02;5.968165e-02;5.990440e-02;3.377445e-02;8.062049e-02;5.726613e-02;6.482705e-02;6.949978e-02;1.573028e-01;5.414437e-02
1.357759e-01;1.671418e-01;3.366946e-02;3.343522e-02;4.662235e-02;4.272730e-02;9.665172e-02;9.729043e-02;4.763610e-02;7.363021e-02;1.657060e-01;5.971354e-02
2.014253e-01;1.675785e-01;3.781070e-02;3.762937e-02;3.591543e-02;4.403672e-02;1.182403e-01;1.424476e-01;5.895864e-02;7.552800e-02;4.982465e-02;3.060474e-02
1.938585e-01;1.410540e-01;4.153857e-02;4.244062e-02;2.856945e-02;2.838184e-02;1.259895e-01;2.071913e-01;5.905457e-02;6.742509e-02;4.415767e-02;2.033892e-02
1.675529e-01;1.447752e-01;4.258889e-02;4.955548e-02;4.962811e-02;3.038458e-02;1.157734e-01;2.318623e-01;6.632416e-02;4.862155e-02;3.111130e-02;2.182199e-02
1.522126e-01;1.599328e-01;3.742138e-02;5.664228e-02;5.207393e-02;5.448125e-02;1.653277e-01;1.725755e-01;5.195263e-02;3.672522e-02;2.144539e-02;3.920930e-02
1.610604e-01;2.430179e-01;3.701223e-02;5.994119e-02;4.981947e-02;9.373627e-02;1.019903e-01;9.191772e-02;3.771785e-02;2.662253e-02;3.622290e-02;6.094124e-02
1.543261e-01;2.606501e-01;3.539755e-02;5.335685e-02;2.688826e-02;7.918187e-02;7.409439e-02;7.709559e-02;4.568128e-02;6.244639e-02;6.414847e-02;6.673320e-02
6.552253e-02;2.108538e-01;5.362267e-02;4.993550e-02;5.920249e-02;8.018428e-02;1.242363e-01;1.021065e-01;6.326396e-02;7.628968e-02;5.941269e-02;5.536972e-02
6.636824e-02;1.708750e-01;5.960369e-02;3.839095e-02;7.271214e-02;8.297338e-02;1.591738e-01;8.372746e-02;6.398652e-02;6.950060e-02;1.054084e-01;2.727982e-02
9.577970e-02;1.426968e-01;5.935431e-02;3.707936e-02;5.313419e-02;4.111457e-02;1.663861e-01;1.411544e-01;5.488176e-02;4.816827e-02;1.367169e-01;2.353372e-02
1.322016e-01;1.098985e-01;5.531627e-02;3.785257e-02;5.108067e-02;2.170247e-02;1.525273e-01;1.544017e-01;6.023048e-02;4.203604e-02;1.670391e-01;1.571321e-02
7.951677e-02;6.690699e-02;4.601068e-02;6.094573e-02;6.211543e-02;4.840542e-02;2.194963e-01;1.672761e-01;6.024387e-02;3.985103e-02;1.205137e-01;2.871793e-02
7.169563e-02;5.399545e-02;3.750475e-02;7.530948e-02;4.566642e-02;7.454886e-02;2.481929e-01;1.770064e-01;5.833831e-02;3.704047e-02;8.105253e-02;3.964876e-02
9.732977e-02;5.125062e-02;4.339303e-02;7.019755e-02;4.785591e-02;6.199484e-02;2.217370e-01;1.274198e-01;5.807380e-02;4.591745e-02;1.420757e-01;3.275447e-02
1.040007e-01;6.891304e-02;4.471935e-02;5.721772e-02;6.597482e-02;3.857999e-02;1.828780e-01;8.269582e-02;6.037973e-02;5.805858e-02;2.025904e-01;3.399186e-02
1.379591e-01;6.699914e-02;4.347178e-02;5.504012e-02;6.884306e-02;3.473500e-02;1.438844e-01;7.631712e-02;4.715290e-02;6.006789e-02;2.024893e-01;6.304020e-02
1.706897e-01;1.352706e-01;4.582793e-02;4.420296e-02;3.468095e-02;3.319708e-02;1.561069e-01;1.130851e-01;3.018902e-02;5.252729e-02;1.168230e-01;6.739962e-02
1.064891e-01;1.376858e-01;3.739561e-02;3.667389e-02;1.758436e-02;4.404201e-02;1.961088e-01;1.403911e-01;2.955989e-02;3.836802e-02;1.796013e-01;3.610016e-02
8.510739e-02;9.993079e-02;3.080795e-02;3.318045e-02;1.501052e-02;5.061535e-02;1.790756e-01;1.900358e-01;4.201428e-02;3.877406e-02;2.140495e-01;2.139831e-02
