5.677056e-02;2.095298e-01;2.233399e-01;5.554844e-02;4.985914e-02;1.018185e-01;3.879433e-02;1.243982e-01;4.496705e-02;3.186646e-02;2.646755e-02;3.664001e-02
7.426350e-02;2.024131e-01;1.777383e-01;4.134610e-02;3.440315e-02;6.854708e-02;9.902017e-02;1.506133e-01;3.559168e-02;2.877923e-02;1.879320e-02;6.849122e-02
8.100342e-02;1.276528e-01;1.102367e-01;3.573782e-02;2.088208e-02;4.895988e-02;2.050164e-01;1.590009e-01;2.332899e-02;3.316623e-02;2.805272e-02;1.269620e-01
5.918559e-02;8.315773e-02;5.780642e-02;3.700827e-02;1.552608e-02;5.811459e-02;2.937267e-01;1.335402e-01;3.876154e-02;3.244882e-02;3.590953e-02;1.548145e-01
6.635951e-02;1.371332e-01;1.067463e-01;1.846175e-02;2.290364e-02;3.620569e-02;2.705002e-01;1.150664e-01;4.312316e-02;3.018157e-02;2.181541e-02;1.315032e-01
5.846982e-02;1.138497e-01;1.183699e-01;2.832787e-02;3.748845e-02;5.363875e-02;2.419400e-01;1.013265e-01;5.773830e-02;3.152115e-02;3.366920e-02;1.236603e-01
4.670519e-02;8.509135e-02;8.311372e-02;3.278363e-02;4.017602e-02;1.483001e-01;1.830282e-01;1.077289e-01;8.116569e-02;2.740197e-02;5.619422e-02;1.083110e-01
4.594875e-02;1.322213e-01;1.007327e-01;1.346676e-02;2.792686e-02;2.225139e-01;1.406752e-01;7.201651e-02;9.545411e-02;2.970927e-02;6.458291e-02;5.475183e-02
3.136739e-02;7.965039e-02;1.003692e-01;1.818472e-02;4.286515e-02;2.738908e-01;1.001065e-01;8.638021e-02;1.193463e-01;4.284697e-02;6.718709e-02;3.780521e-02
2.310812e-02;8.173927e-02;7.806029e-02;2.010153e-02;5.889106e-02;2.204095e-01;5.074957e-02;1.222875e-01;1.572712e-01;8.180367e-02;5.792226e-02;4.765605e-02
2.679482e-02;8.320972e-02;6.052863e-02;2.483954e-02;9.766746e-02;1.184836e-01;4.631331e-02;1.464258e-01;1.977622e-01;1.034197e-01;4.846992e-02;4.608528e-02
2.692350e-02;3.831137e-02;6.417799e-02;3.130031e-02;1.121776e-01;8.948206e-02;4.203386e-02;1.778944e-01;2.384956e-01;1.025349e-01;3.870234e-02;3.796609e-02
2.897266e-02;8.592906e-02;7.169572e-02;5.082902e-02;8.414138e-02;4.294653e-02;8.474491e-02;1.894290e-01;2.376646e-01;7.179805e-02;2.786452e-02;2.398463e-02
3.663113e-02;9.109998e-02;5.783970e-02;5.908960e-02;6.106566e-02;5.530386e-02;8.924283e-02;2.034797e-01;2.281060e-01;5.636467e-02;3.140169e-02;3.037515e-02
4.954769e-02;4.451960e-02;9.953229e-02;7.059609e-02;4.742282e-02;1.160359e-01;9.434819e-02;1.637192e-01;1.700570e-01;3.504564e-02;5.663040e-02;5.254515e-02
6.387770e-02;9.123489e-02;1.155659e-01;7.708897e-02;4.076979e-02;1.605617e-01;6.494386e-02;9.288779e-02;1.033886e-01;7.120196e-02;6.281868e-02;5.566012e-02
3.806837e-02;8.251569e-02;9.235915e-02;5.166252e-02;3.393890e-02;1.911871e-01;1.553843e-01;8.508034e-02;9.407757e-02;9.060308e-02;3.445936e-02;5.066363e-02
1.994216e-02;3.637855e-02;8.738111e-02;2.344296e-02;3.277973e-02;1.526876e-01;2.958579e-01;1.066526e-01;1.098534e-01;6.619655e-02;3.864228e-02;3.018514e-02
2.302777e-02;3.246526e-02;9.544297e-02;1.839725e-02;3.299588e-02;1.103586e-01;3.343171e-01;1.326916e-01;9.241945e-02;3.825586e-02;5.910618e-02;3.052209e-02
5.157493e-02;1.787225e-02;1.101635e-01;1.529664e-02;2.199357e-02;1.612533e-01;2.474363e-01;1.157422e-01;6.704009e-02;4.345667e-02;1.069747e-01;4.119588e-02
9.281669e-02;1.531978e-02;1.502367e-01;8.299919e-03;1.378562e-02;2.213011e-01;9.950396e-02;6.024774e-02;6.237921e-02;4.383602e-02;1.810215e-01;5.125171e-02
1.213459e-01;3.391502e-02;1.808063e-01;1.650904e-02;1.814612e-02;2.135866e-01;2.199558e-02;3.246871e-02;7.364990e-02;4.177833e-02;2.069430e-01;3.885553e-02
1.250331e-01;3.851347e-02;1.664229e-01;3.904291e-02;2.059959e-02;2.078120e-01;5.115031e-02;2.482919e-02;7.921256e-02;3.484916e-02;1.895795e-01;2.295527e-02
1.068336e-01;3.043791e-02;1.411439e-01;4.817519e-02;4.653775e-02;2.028702e-01;7.985564e-02;4.091553e-02;8.455310e-02;4.445738e-02;1.519504e-01;2.226943e-02
6.525685e-02;6.167306e-02;9.164272e-02;4.465621e-02;1.052496e-01;1.424833e-01;8.759086e-02;1.032474e-01;8.277804e-02;9.100799e-02;8.336838e-02;4.104568e-02
4.294201e-02;8.475342e-02;4.322253e-02;5.145927e-02;8.847798e-02;1.992758e-01;8.143102e-02;1.488137e-01;6.790254e-02;9.147592e-02;6.301717e-02;3.722872e-02
4.351831e-02;7.268938e-02;6.099920e-02;5.075097e-02;6.748901e-02;1.915448e-01;7.484438e-02;1.978780e-01;4.038902e-02;8.435402e-02;7.132553e-02;4.421738e-02
2.401174e-02;7.789196e-02;5.354527e-02;5.093642e-02;6.743052e-02;1.401956e-01;1.251691e-01;2.580140e-01;4.136325e-02;7.277158e-02;4.798859e-02;4.068194e-02
2.708763e-02;8.055084e-02;7.727252e-02;3.743075e-02;7.778759e-02;9.243906e-02;1.574017e-01;2.472132e-01;5.085232e-02;5.705659e-02;7.309949e-02;2.180831e-02
6.328001e-02;6.656109e-02;1.005607e-01;2.226649e-02;3.984648e-02;2.084095e-01;8.819156e-02;1.444202e-01;4.713158e-02;5.775212e-02;1.414274e-01;2.015274e-02
9.508568e-02;5.705029e-02;1.134764e-01;2.234587e-02;5.311517e-02;2.492870e-01;4.541909e-02;6.820814e-02;5.222737e-02;4.429936e-02;1.795291e-01;1.995646e-02
8.987981e-02;8.656875e-02;8.186591e-02;2.436272e-02;6.004189e-02;2.524971e-01;4.361914e-02;5.013230e-02;6.182544e-02;6.283325e-02;1.747921e-01;1.158156e-02
6.966121e-02;9.503870e-02;1.169311e-01;2.027952e-02;4.296117e-02;2.523668e-01;2.984045e-02;5.569824e-02;6.043079e-02;5.836904e-02;1.789903e-01;1.943266e-02
6.349801e-02;7.675438e-02;1.646659e-01;1.682941e-02;2.279768e-02;1.966453e-01;5.547074e-02;5.576686e-02;7.851089e-02;6.762189e-02;1.701504e-01;3.128850e-02
4.915997e-02;5.730541e-02;1.592449e-01;2.710582e-02;3.724573e-02;1.701424e-01;1.246236e-01;7.928192e-02;8.642705e-02;6.119748e-02;1.018178e-01;4.644788e-02
5.190576e-02;5.114160e-02;1.300987e-01;2.715748e-02;4.742075e-02;1.928195e-01;1.684538e-01;1.208841e-01;7.827609e-02;4.738999e-02;4.771835e-02;3.673386e-02
5.369940e-02;7.433139e-02;1.288877e-01;2.194193e-02;4.503451e-02;1.473797e-01;1.659905e-01;1.434895e-01;6.468923e-02;4.130922e-02;8.202506e-02;3.122180e-02
6.111539e-02;6.888925e-02;1.312617e-01;2.553153e-02;3.776370e-02;1.016388e-01;1.344797e-01;1.356308e-01;9.863871e-02;3.774518e-02;1.339039e-01;3.340156e-02
9.048841e-02;5.414057e-02;1.161990e-01;4.129942e-02;3.985823e-02;1.210694e-01;1.234100e-01;1.030541e-01;1.091286e-01;5.496255e-02;9.553342e-02;5.085630e-02
7.887702e-02;5.851541e-02;1.095999e-01;4.571753e-02;4.037507e-02;2.085933e-01;1.099138e-01;8.312880e-02;9.765193e-02;6.041436e-02;6.325126e-02;4.396168e-02
8.301669e-02;5.028407e-02;9.338855e-02;4.602866e-02;4.158804e-02;1.982367e-01;9.403948e-02;1.329303e-01;1.115536e-01;5.515750e-02;5.197311e-02;4.180332e-02
8.836906e-02;4.712629e-02;1.076658e-01;3.647634e-02;2.826036e-02;1.286236e-01;9.179398e-02;1.740261e-01;1.176782e-01;4.443470e-02;1.022417e-01;3.330380e-02
6.445372e-02;5.911510e-02;1.340962e-01;4.050739e-02;2.477133e-02;7.151502e-02;9.343322e-02;1.872811e-01;1.228173e-01;5.297381e-02;1.081869e-01;4.084887e-02
3.835069e-02;8.722967e-02;1.256467e-01;4.209081e-02;2.873497e-02;7.153331e-02;8.973140e-02;1.806968e-01;1.610748e-01;6.502756e-02;5.607319e-02;5.381007e-02
3.016367e-02;1.031977e-01;1.097337e-01;3.582665e-02;4.345376e-02;9.543122e-02;9.531804e-02;1.366746e-01;1.331785e-01;5.574962e-02;1.192495e-01;4.202309e-02
3.610152e-02;1.174854e-01;1.396285e-01;2.566030e-02;5.269684e-02;1.153514e-01;1.040397e-01;1.008453e-01;9.956720e-02;4.573307e-02;1.207608e-01;4.213006e-02
5.639729e-02;1.175529e-01;1.426160e-01;3.082857e-02;2.715539e-02;1.446622e-01;1.274763e-01;9.872981e-02;1.180186e-01;2.716601e-02;6.961102e-02;3.978591e-02
6.272256e-02;7.766595e-02;1.070245e-01;3.470467e-02;3.442818e-02;1.488278e-01;1.433539e-01;1.129735e-01;1.470152e-01;3.816969e-02;5.311741e-02;3.999660e-02
4.728140e-02;6.134225e-02;1.060545e-01;2.757545e-02;2.416711e-02;1.721264e-01;1.363520e-01;9.699914e-02;1.625011e-01;4.855002e-02;6.914874e-02;4.790198e-02
4.273174e-02;6.738921e-02;9.317243e-02;2.371550e-02;2.624224e-02;2.487075e-01;1.398682e-01;8.731238e-02;1.462121e-01;3.879150e-02;5.110067e-02;3.475663e-02
5.921045e-02;6.630649e-02;5.704322e-02;1.361080e-02;4.287081e-02;2.614318e-01;1.368947e-01;6.447154e-02;1.478620e-01;5.614703e-02;5.291848e-02;4.123268e-02
6.090681e-02;1.014037e-01;9.259783e-02;1.707168e-02;3.881684e-02;1.483349e-01;1.077308e-01;9.187357e-02;1.597856e-01;6.309529e-02;6.751394e-02;5.086916e-02
5.612511e-02;1.000113e-01;7.743987e-02;2.308037e-02;3.948897e-02;1.049335e-01;1.214347e-01;1.528373e-01;1.411318e-01;7.347502e-02;6.883626e-02;4.120565e-02
4.118067e-02;7.303713e-02;7.015909e-02;2.176917e-02;3.220689e-02;1.416786e-01;1.687636e-01;1.561723e-01;9.343217e-02;6.504872e-02;8.411574e-02;5.243598e-02
3.709936e-02;7.173464e-02;6.216088e-02;3.733908e-02;3.183293e-02;1.402199e-01;1.479037e-01;1.350014e-01;9.616809e-02;6.807461e-02;1.164860e-01;5.597944e-02
4.270646e-02;8.179501e-02;9.849767e-02;4.897746e-02;5.622222e-02;1.244387e-01;1.201834e-01;1.048406e-01;1.092258e-01;4.763357e-02;1.128111e-01;5.266790e-02
4.370626e-02;7.075205e-02;1.155512e-01;3.997775e-02;3.274870e-02;1.613695e-01;1.014117e-01;1.053999e-01;1.051607e-01;4.319890e-02;1.375239e-01;4.319932e-02
6.557151e-02;8.546662e-02;1.393610e-01;4.077865e-02;2.494265e-02;1.613410e-01;5.912710e-02;1.085701e-01;7.667565e-02;3.943964e-02;1.500208e-01;4.870527e-02
7.141621e-02;1.065666e-01;1.605325e-01;3.617349e-02;5.383850e-02;1.772687e-01;5.274219e-02;8.540716e-02;7.556400e-02;3.269118e-02;1.010988e-01;4.670057e-02
5.897001e-02;8.883914e-02;1.278636e-01;2.616141e-02;4.883428e-02;1.993553e-01;6.618543e-02;8.604733e-02;1.045197e-01;5.784009e-02;8.473903e-02;5.064459e-02
5.535992e-02;1.058296e-01;1.075466e-01;3.285253e-02;2.883895e-02;1.367024e-01;2.726597e-02;1.083195e-01;1.305760e-01;8.214919e-02;1.489897e-01;3.556949e-02
4.795709e-02;8.576971e-02;1.344837e-01;3.014787e-02;3.198997e-02;1.003923e-01;1.030221e-01;1.114687e-01;1.389321e-01;6.556657e-02;1.026624e-01;4.760760e-02
3.469427e-02;8.684147e-02;1.353733e-01;2.058142e-02;3.970667e-02;1.536729e-01;9.011900e-02;1.071923e-01;1.514627e-01;5.119792e-02;8.572016e-02;4.343794e-02
3.180163e-02;6.982629e-02;1.097863e-01;3.073980e-02;3.503094e-02;1.894408e-01;5.264781e-02;1.322098e-01;1.643741e-01;4.155008e-02;1.009420e-01;4.165052e-02
2.969544e-02;6.603963e-02;1.354456e-01;3.064536e-02;5.612456e-02;1.672717e-01;5.771491e-02;1.500938e-01;1.506790e-01;4.679587e-02;7.669167e-02;3.280255e-02
3.636730e-02;1.052833e-01;1.191325e-01;6.461176e-02;5.226408e-02;1.068940e-01;6.103917e-02;1.477458e-01;1.198689e-01;7.067750e-02;6.200310e-02;5.411270e-02
3.626286e-02;1.201982e-01;1.353389e-01;6.768598e-02;4.084156e-02;1.257707e-01;8.986393e-02;1.197902e-01;8.645529e-02;7.947408e-02;3.356504e-02;6.475310e-02
3.846459e-02;1.012153e-01;1.386235e-01;5.621945e-02;3.305065e-02;1.130894e-01;1.499193e-01;1.173095e-01;8.388351e-02;5.372329e-02;4.037794e-02;7.412362e-02
3.755308e-02;6.360912e-02;1.216192e-01;3.925308e-02;2.242793e-02;1.246903e-01;1.779671e-01;9.970475e-02;1.087510e-01;3.273662e-02;1.034855e-01;6.820228e-02
5.218495e-02;2.973886e-02;1.157415e-01;1.503544e-02;1.654067e-02;2.131873e-01;1.143084e-01;5.828654e-02;1.125498e-01;3.500905e-02;2.009500e-01;3.646753e-02
6.480550e-02;5.277134e-02;1.251348e-01;1.338222e-02;2.629504e-02;2.537883e-01;4.176321e-02;4.774947e-02;7.577542e-02;4.208675e-02;2.423393e-01;1.410863e-02
5.104527e-02;1.121696e-01;1.027306e-01;1.810588e-02;5.988206e-02;1.910984e-01;2.639239e-02;9.658900e-02;5.080847e-02;8.863211e-02;1.702245e-01;3.232174e-02
2.686828e-02;1.827559e-01;4.997072e-02;2.553970e-02;1.469888e-01;6.622294e-02;2.945123e-02;1.193960e-01;4.838219e-02;1.785939e-01;4.073808e-02;8.509222e-02
1.618276e-02;1.780590e-01;1.718796e-02;2.391377e-02;1.905387e-01;3.574509e-02;2.702558e-02;9.007281e-02;4.634569e-02;2.201612e-01;4.040001e-02;1.143675e-01
2.110413e-02;1.515618e-01;2.003853e-02;2.098330e-02;2.078258e-01;3.045449e-02;2.035471e-02;7.126936e-02;5.671723e-02;2.301076e-01;4.537837e-02;1.242047e-01
3.516892e-02;1.109181e-01;3.030040e-02;3.155607e-02;2.220889e-01;4.787833e-02;4.452967e-02;4.721930e-02;6.831224e-02;2.244947e-01;2.302318e-02;1.145102e-01
7.896616e-02;6.729789e-02;4.102368e-02;5.333546e-02;1.701305e-01;6.329401e-02;1.271657e-01;4.269242e-02;9.386032e-02;1.709322e-01;2.597265e-02;6.532897e-02
1.226338e-01;4.159585e-02;3.896683e-02;9.809418e-02;9.705961e-02;4.232550e-02;1.958048e-01;4.475498e-02;1.356337e-01;9.351364e-02;5.154702e-02;3.807014e-02
1.459814e-01;2.508907e-02;1.952171e-02;1.535734e-01;5.079567e-02;2.026682e-02;1.636332e-01;5.086470e-02;1.679703e-01;2.873880e-02;1.293837e-01;4.418117e-02
1.388048e-01;2.378459e-02;2.111539e-02;1.984076e-01;1.526292e-02;1.794592e-02;9.299483e-02;4.889337e-02;1.947728e-01;2.281133e-02;1.944540e-01;3.075245e-02
1.061052e-01;2.810893e-02;3.082363e-02;2.298192e-01;3.182943e-02;2.614212e-02;4.126012e-02;4.960359e-02;1.901861e-01;1.640075e-02;2.110599e-01;3.866103e-02
6.845376e-02;4.077519e-02;5.347664e-02;2.095445e-01;5.972815e-02;7.491411e-02;1.893947e-02;6.976575e-02;1.515757e-01;3.203404e-02;1.655551e-01;5.523759e-02
4.206890e-02;5.629694e-02;7.884838e-02;1.107407e-01;5.525736e-02;1.490270e-01;3.986410e-02;1.169328e-01;1.209849e-01;4.793423e-02;7.923645e-02;1.028083e-01
3.046303e-02;5.907074e-02;1.284542e-01;5.818547e-02;3.868418e-02;1.657871e-01;4.025815e-02;1.669047e-01;7.051136e-02;6.493507e-02;3.522220e-02;1.415239e-01
2.765217e-02;4.507282e-02;1.572085e-01;4.961152e-02;2.252454e-02;1.529149e-01;3.460165e-02;1.785938e-01;5.704287e-02;8.467086e-02;3.619908e-02;1.539073e-01
2.606375e-02;4.631741e-02;1.627645e-01;3.428545e-02;2.177988e-02;1.505636e-01;4.400465e-02;1.756213e-01;4.854880e-02;9.590320e-02;5.061153e-02;1.435360e-01
2.311366e-02;5.098139e-02;1.299082e-01;2.706661e-02;5.568531e-02;1.447032e-01;4.833380e-02;1.812347e-01;6.145858e-02;1.001977e-01;5.736793e-02;1.199488e-01
3.674474e-02;5.631221e-02;6.316811e-02;4.636944e-02;7.296909e-02;1.115237e-01;2.872834e-02;1.873602e-01;1.613295e-01;9.104197e-02;7.254200e-02;7.191069e-02
7.010747e-02;5.240286e-02;6.284682e-02;3.954849e-02;5.286528e-02;6.649340e-02;4.722255e-02;1.739563e-01;2.190890e-01;1.032091e-01;7.619932e-02;3.605938e-02
8.271725e-02;5.502403e-02;5.203830e-02;9.881245e-02;3.512170e-02;5.669128e-02;4.908590e-02;1.306770e-01;2.130497e-01;1.260674e-01;4.769874e-02;5.301625e-02
6.674672e-02;4.643433e-02;4.289656e-02;1.816320e-01;5.398899e-02;4.391879e-02;5.031217e-02;1.165600e-01;1.832241e-01;7.850623e-02;5.039556e-02;8.538463e-02
5.557766e-02;4.736387e-02;4.240904e-02;2.289594e-01;6.576149e-02;5.875009e-02;4.874410e-02;1.184849e-01;1.469318e-01;5.379058e-02;4.533324e-02;8.789388e-02
3.513126e-02;3.876219e-02;6.835052e-02;1.809275e-01;4.486290e-02;8.015910e-02;5.283067e-02;1.630897e-01;1.694453e-01;6.210848e-02;4.469213e-02;5.964033e-02
4.419970e-02;5.223067e-02;7.565084e-02;1.016852e-01;3.286327e-02;8.526687e-02;6.949367e-02;2.220999e-01;1.923617e-01;5.076158e-02;4.139164e-02;3.199504e-02
5.112102e-02;6.362629e-02;7.402866e-02;9.694173e-02;4.334342e-02;8.406450e-02;6.450468e-02;2.062523e-01;1.936961e-01;5.595163e-02;2.918408e-02;3.728560e-02
6.175316e-02;6.588173e-02;9.825572e-02;1.163655e-01;5.694667e-02;6.096675e-02;3.689754e-02;1.625314e-01;2.107677e-01;6.533017e-02;2.490559e-02;3.939801e-02
7.709638e-02;5.403983e-02;1.227396e-01;1.035937e-01;8.968987e-02;4.353120e-02;4.395542e-02;1.279066e-01;2.042961e-01;7.979298e-02;3.123751e-02;2.212085e-02
7.135682e-02;6.847464e-02;9.947670e-02;9.619442e-02;1.603294e-01;5.873122e-02;5.012228e-02;1.020975e-01;1.609760e-01;8.183969e-02;3.332510e-02;1.707624e-02
5.454601e-02;6.384686e-02;8.127870e-02;8.293505e-02;1.762679e-01;1.664965e-01;5.798066e-02;8.558746e-02;1.187782e-01;5.738311e-02;2.409815e-02;3.080128e-02
3.052129e-02;3.932951e-02;5.499157e-02;6.376287e-02;1.090197e-01;3.274159e-01;5.159625e-02;8.430224e-02;9.501877e-02;4.213360e-02;5.400254e-02;4.790565e-02
3.547042e-02;4.340416e-02;9.393129e-02;4.538967e-02;6.504951e-02;3.665712e-01;3.712113e-02;6.813230e-02;9.006372e-02;4.943370e-02;6.444245e-02;4.099044e-02
3.380687e-02;2.205592e-02;1.020621e-01;2.181884e-02;2.839336e-02;4.092114e-01;7.374807e-02;6.795818e-02;7.793456e-02;3.989587e-02;8.222710e-02;4.088780e-02
2.289439e-02;2.831032e-02;1.140682e-01;3.333291e-02;4.167270e-02;4.050492e-01;7.095668e-02;5.313445e-02;7.074229e-02;3.028934e-02;8.644986e-02;4.309966e-02
2.258093e-02;2.807987e-02;1.437806e-01;4.544195e-02;2.930174e-02;4.048618e-01;4.338727e-02;4.287208e-02;6.975339e-02;4.025556e-02;8.444740e-02;4.523741e-02
2.682240e-02;1.926197e-02;1.750358e-01;4.260418e-02;4.555441e-02;3.871907e-01;4.013214e-02;4.555701e-02;6.624379e-02;4.618949e-02;6.708672e-02;3.832135e-02
2.508818e-02;2.766355e-02;1.945519e-01;2.627309e-02;5.230197e-02;3.885680e-01;5.433470e-02;3.996649e-02;6.692755e-02;4.088546e-02;5.369860e-02;2.974045e-02
1.892352e-02;4.264376e-02;1.929702e-01;1.702145e-02;5.945718e-02;4.288685e-01;3.535879e-02;4.281173e-02;5.235473e-02;3.685495e-02;3.692612e-02;3.580904e-02
1.112842e-02;6.139183e-02;1.256526e-01;3.334174e-02;8.289833e-02;4.371350e-01;4.920939e-02;3.358571e-02;6.547431e-02;3.346699e-02;2.954382e-02;3.717190e-02
2.476023e-02;8.213037e-02;5.369678e-02;5.402626e-02;1.530434e-01;3.216286e-01;3.757170e-02;5.741936e-02;1.005149e-01;4.775982e-02;3.326706e-02;3.418152e-02
1.621699e-02;9.412286e-02;4.588162e-02;5.174322e-02;1.958702e-01;1.920525e-01;2.182774e-02;5.517440e-02;1.524202e-01;8.134141e-02;4.767201e-02;4.567678e-02
1.609290e-02;9.935886e-02;5.689358e-02;6.240583e-02;2.064900e-01;6.209319e-02;3.145651e-02;7.295310e-02;2.031458e-01;8.531902e-02;5.373551e-02;5.005566e-02
4.112776e-02;7.663508e-02;4.579923e-02;9.064003e-02;1.714037e-01;2.444058e-02;3.474167e-02;1.263825e-01;2.424494e-01;7.262634e-02;3.927767e-02;3.447606e-02
6.174920e-02;4.273672e-02;4.130919e-02;9.616160e-02;1.342741e-01;7.179330e-02;2.502202e-02;1.412333e-01;2.683840e-01;5.225039e-02;3.324743e-02;3.183879e-02
6.549796e-02;3.869738e-02;4.709479e-02;9.039006e-02;9.372970e-02;9.344738e-02;2.713254e-02;1.521422e-01;2.808470e-01;4.089496e-02;4.041634e-02;2.970961e-02
6.620344e-02;4.146473e-02;4.203625e-02;9.462522e-02;4.627176e-02;8.246685e-02;1.930382e-02;1.907944e-01;2.877242e-01;4.154034e-02;5.021914e-02;3.734985e-02
4.765129e-02;2.327463e-02;5.844271e-02;1.026241e-01;5.142675e-02;7.025417e-02;2.220564e-02;2.111812e-01;2.859278e-01;3.692276e-02;5.152278e-02;3.856609e-02
4.711419e-02;1.698534e-02;4.880260e-02;1.097100e-01;8.546890e-02;8.374395e-02;2.143354e-02;1.899508e-01;2.836099e-01;3.504455e-02;4.241627e-02;3.571999e-02
5.744635e-02;2.535849e-02;5.058125e-02;1.237422e-01;8.222757e-02;7.434410e-02;1.509405e-02;1.947219e-01;2.900575e-01;2.473274e-02;3.276168e-02;2.893210e-02
5.571734e-02;2.700268e-02;4.597379e-02;1.291640e-01;5.014480e-02;7.458636e-02;2.151336e-02;2.133895e-01;3.099335e-01;1.965112e-02;2.864014e-02;2.428342e-02
3.878286e-02;3.435465e-02;4.003421e-02;1.120612e-01;1.932749e-02;7.964587e-02;2.275727e-02;2.332435e-01;3.466937e-01;2.460662e-02;2.645634e-02;2.203635e-02
3.119241e-02;2.363954e-02;1.490828e-02;9.550610e-02;5.057109e-02;8.288735e-02;1.356080e-02;2.388659e-01;3.747734e-01;3.490239e-02;2.532027e-02;1.387246e-02
2.686230e-02;1.567682e-02;1.414303e-02;1.150299e-01;3.508687e-02;7.349781e-02;2.260286e-02;2.418791e-01;3.848783e-01;3.583188e-02;2.459754e-02;9.913615e-03
1.662675e-02;9.688051e-03;1.921799e-02;1.312065e-01;4.749899e-02;6.136983e-02;2.710563e-02;2.340044e-01;3.806812e-01;3.446957e-02;2.925924e-02;8.871868e-03
8.120276e-03;1.351969e-02;3.106297e-02;1.273775e-01;7.522114e-02;4.316106e-02;2.759335e-02;2.237943e-01;3.718035e-01;3.971261e-02;2.761930e-02;1.101423e-02
1.375692e-02;2.845930e-02;6.458474e-02;7.514298e-02;1.674839e-01;6.357714e-02;4.927998e-02;2.259072e-01;2.497827e-01;3.806191e-02;1.161406e-02;1.234926e-02
1.564730e-02;3.998261e-02;6.997231e-02;6.847400e-02;2.096934e-01;1.316905e-01;6.348546e-02;2.006262e-01;1.341965e-01;4.424368e-02;9.607268e-03;1.238065e-02
7.315899e-03;3.399324e-02;5.598711e-02;9.544992e-02;2.368494e-01;1.068642e-01;4.848380e-02;1.626000e-01;1.432102e-01;8.289733e-02;9.880220e-03;1.646872e-02
6.527580e-03;2.273175e-02;2.935392e-02;8.394483e-02;2.599466e-01;6.103296e-02;2.921929e-02;1.324527e-01;2.001653e-01;1.387997e-01;8.813133e-03;2.701223e-02
8.385695e-03;1.960205e-02;2.211918e-02;5.404475e-02;2.505787e-01;5.217386e-02;1.514583e-02;1.244691e-01;2.371324e-01;1.714239e-01;1.625454e-02;2.866995e-02
9.281957e-03;1.560045e-02;2.853276e-02;3.872223e-02;2.467869e-01;4.926646e-02;2.421710e-02;1.347160e-01;2.512597e-01;1.611289e-01;2.075340e-02;1.973420e-02
6.877798e-03;1.566056e-02;2.975849e-02;8.478743e-02;2.587644e-01;8.580334e-02;3.020643e-02;1.239102e-01;2.235077e-01;1.136239e-01;1.412510e-02;1.297461e-02
7.741903e-03;2.105507e-02;3.256496e-02;1.514360e-01;3.008220e-01;4.981298e-02;3.175781e-02;1.113022e-01;1.965184e-01;7.216530e-02;1.557175e-02;9.251704e-03
1.124985e-02;1.840172e-02;3.433999e-02;1.682110e-01;3.276146e-01;5.103370e-02;2.890929e-02;1.108419e-01;1.524791e-01;6.946900e-02;1.735609e-02;1.009371e-02
1.163309e-02;3.329803e-02;3.492632e-02;1.461815e-01;3.329361e-01;6.116969e-02;3.230422e-02;1.243963e-01;1.164410e-01;7.449432e-02;1.716519e-02;1.505430e-02
9.592400e-03;3.938701e-02;4.193161e-02;1.238290e-01;2.929957e-01;4.262707e-02;3.194697e-02;1.428867e-01;1.681232e-01;7.330906e-02;1.363465e-02;1.973666e-02
1.740115e-02;4.329070e-02;2.821059e-02;8.852164e-02;2.394284e-01;5.963770e-02;2.702196e-02;1.692508e-01;2.306664e-01;7.206515e-02;1.287584e-02;1.162966e-02
2.224499e-02;2.717511e-02;2.198713e-02;6.459145e-02;1.733321e-01;1.076946e-01;2.806074e-02;1.798751e-01;2.830347e-01;6.669536e-02;1.316152e-02;1.214720e-02
1.108610e-02;2.645122e-02;4.555166e-02;8.287246e-02;9.504136e-02;9.320050e-02;4.870760e-02;1.836977e-01;3.152668e-01;6.968828e-02;1.201019e-02;1.642613e-02
1.121562e-02;2.635901e-02;5.180047e-02;8.549143e-02;2.607274e-02;7.013454e-02;5.703697e-02;2.088234e-01;3.520689e-01;8.113616e-02;1.654141e-02;1.331936e-02
2.603084e-02;2.328742e-02;2.482410e-02;7.461475e-02;4.397655e-02;8.530562e-02;5.387509e-02;2.178790e-01;3.433812e-01;7.790924e-02;1.730832e-02;1.160785e-02
3.419276e-02;2.562033e-02;3.124933e-02;7.222250e-02;7.519504e-02;9.464086e-02;4.540000e-02;2.005839e-01;3.233535e-01;6.436101e-02;2.204233e-02;1.113846e-02
3.199326e-02;3.513175e-02;4.474838e-02;9.480577e-02;8.680534e-02;8.966264e-02;3.536088e-02;1.819136e-01;3.232590e-01;4.321082e-02;1.977711e-02;1.333144e-02
2.317653e-02;2.889640e-02;3.876941e-02;1.220334e-01;8.512636e-02;8.199084e-02;2.490669e-02;2.439047e-01;2.896649e-01;3.656347e-02;8.132296e-03;1.683508e-02
1.877574e-02;3.059050e-02;4.367927e-02;1.317263e-01;4.507486e-02;9.031203e-02;4.372810e-02;2.533208e-01;2.669590e-01;4.142639e-02;1.338405e-02;2.102306e-02
1.368327e-02;2.678060e-02;1.115280e-01;1.179526e-01;4.057844e-02;7.144197e-02;4.872283e-02;2.491893e-01;2.499071e-01;3.796586e-02;1.108858e-02;2.116148e-02
6.143135e-03;1.459952e-02;1.418430e-01;9.495394e-02;4.384263e-02;6.876633e-02;3.078857e-02;2.794875e-01;2.593542e-01;3.329367e-02;1.280781e-02;1.411968e-02
5.362911e-03;1.998467e-02;1.290195e-01;1.626572e-01;8.046583e-02;5.691513e-02;1.819679e-02;2.373333e-01;2.404959e-01;2.870556e-02;1.277185e-02;8.091392e-03
6.502442e-03;1.509208e-02;1.255862e-01;2.011901e-01;9.651317e-02;4.287578e-02;1.436285e-02;2.132623e-01;2.335782e-01;2.999523e-02;1.267936e-02;8.362311e-03
6.042430e-03;3.406287e-02;1.905681e-01;1.715961e-01;5.397929e-02;5.771528e-02;1.232731e-02;2.324576e-01;1.984762e-01;2.561345e-02;6.160967e-03;1.100046e-02
1.146433e-02;6.190663e-02;2.399203e-01;1.328099e-01;3.529781e-02;8.009359e-02;1.507525e-02;2.200036e-01;1.520278e-01;2.848013e-02;9.649837e-03;1.327087e-02
1.135378e-02;8.429270e-02;1.912632e-01;1.029589e-01;6.605089e-02;9.758902e-02;3.044281e-02;1.917462e-01;1.569761e-01;4.190156e-02;1.170081e-02;1.372409e-02
6.729424e-03;5.647704e-02;6.220941e-02;8.443505e-02;6.729089e-02;1.196193e-01;2.772449e-02;3.302145e-01;1.839630e-01;4.040544e-02;7.500610e-03;1.343098e-02
7.278827e-03;3.152990e-02;1.486083e-01;1.174521e-01;5.506804e-02;9.643187e-02;1.486999e-02;3.162778e-01;1.657445e-01;2.875275e-02;9.832050e-03;8.153857e-03
6.193936e-03;3.220858e-02;1.888243e-01;1.323307e-01;4.112226e-02;1.017147e-01;1.843699e-02;2.958741e-01;1.457091e-01;2.188474e-02;9.826724e-03;5.873937e-03
1.012741e-02;1.935754e-02;1.999176e-01;1.287223e-01;3.039975e-02;1.541191e-01;2.558893e-02;2.931705e-01;8.480860e-02;2.552106e-02;1.365611e-02;1.461119e-02
1.661198e-02;2.513864e-02;1.364978e-01;1.056020e-01;2.884276e-02;1.931694e-01;3.488585e-02;2.350281e-01;1.521211e-01;3.128649e-02;2.282630e-02;1.798959e-02
1.872118e-02;2.171986e-02;1.102653e-01;7.341603e-02;3.907916e-02;1.577375e-01;6.149075e-02;2.264113e-01;1.701250e-01;7.630266e-02;2.214839e-02;2.258280e-02
2.055570e-02;3.305762e-02;1.311861e-01;5.157044e-02;4.038322e-02;1.081917e-01;7.710905e-02;2.514037e-01;1.172506e-01;1.256440e-01;1.912346e-02;2.452436e-02
2.964078e-02;5.753136e-02;1.329292e-01;4.779820e-02;6.849567e-02;6.818853e-02;7.672764e-02;2.756297e-01;5.352298e-02;1.414561e-01;2.874519e-02;1.933465e-02
3.842317e-02;8.145217e-02;1.091970e-01;4.654593e-02;8.839908e-02;5.046096e-02;9.373395e-02;2.500376e-01;9.908462e-02;7.765675e-02;6.028604e-02;4.722784e-03
4.251311e-02;9.376785e-02;1.476641e-01;5.652497e-02;1.025958e-01;3.978596e-02;8.310308e-02;2.247395e-01;1.055387e-01;2.578005e-02;6.992663e-02;8.060252e-03
4.129101e-02;1.109335e-01;1.711024e-01;4.629831e-02;1.226396e-01;5.630663e-02;1.005494e-01;1.895626e-01;6.823961e-02;2.966692e-02;5.489760e-02;8.512384e-03
3.298244e-02;1.051468e-01;1.261738e-01;1.919532e-02;1.190489e-01;1.058922e-01;1.281492e-01;1.661784e-01;8.289493e-02;4.326180e-02;5.454737e-02;1.652888e-02
2.850628e-02;8.955755e-02;8.635483e-02;4.927990e-02;1.103008e-01;1.712270e-01;9.901269e-02;1.596452e-01;9.683141e-02;3.523608e-02;5.213394e-02;2.191434e-02
3.360551e-02;7.054777e-02;1.239544e-01;6.170814e-02;9.913300e-02;1.926125e-01;3.816427e-02;1.379079e-01;1.200415e-01;4.992167e-02;4.492299e-02;2.748036e-02
2.386667e-02;5.060780e-02;1.440670e-01;4.732361e-02;8.593240e-02;9.665947e-02;3.068195e-02;2.443923e-01;1.618170e-01;3.915631e-02;4.773779e-02;2.775775e-02
2.742230e-02;2.953456e-02;1.526445e-01;7.533472e-02;8.008326e-02;8.575876e-02;5.480688e-02;2.406317e-01;1.830482e-01;1.927166e-02;3.345397e-02;1.800939e-02
3.835333e-02;3.697983e-02;1.115263e-01;7.742152e-02;7.348268e-02;9.760600e-02;8.634348e-02;1.738475e-01;2.212879e-01;4.163350e-02;2.834681e-02;1.317111e-02
3.132252e-02;4.358050e-02;6.408453e-02;9.420375e-02;9.205605e-02;1.023577e-01;6.653094e-02;2.326259e-01;1.986990e-01;4.685723e-02;1.625359e-02;1.142830e-02
2.185935e-02;6.462029e-02;1.397879e-01;9.258262e-02;9.085578e-02;8.360216e-02;3.681429e-02;2.513619e-01;1.499547e-01;4.127624e-02;2.120408e-02;6.080637e-03
1.564096e-02;8.250481e-02;1.674442e-01;5.076517e-02;8.464457e-02;9.648599e-02;5.704901e-02;2.419727e-01;1.190256e-01;3.940765e-02;2.737299e-02;1.768643e-02
2.000766e-02;9.717191e-02;9.681758e-02;7.659207e-02;9.912009e-02;5.709771e-02;6.269114e-02;2.512217e-01;1.357960e-01;4.407442e-02;3.163270e-02;2.777703e-02
1.765755e-02;8.575385e-02;1.229746e-01;1.174582e-01;8.512051e-02;4.223955e-02;5.947427e-02;2.300405e-01;1.660280e-01;3.507483e-02;1.822943e-02;1.994865e-02
1.143245e-02;7.733291e-02;1.939339e-01;7.848612e-02;6.101047e-02;6.016754e-02;5.201316e-02;2.229752e-01;1.862323e-01;2.793033e-02;1.386206e-02;1.462349e-02
1.389681e-02;5.897786e-02;1.791402e-01;6.141301e-02;5.475931e-02;7.569690e-02;5.341192e-02;2.552431e-01;1.808283e-01;3.573185e-02;1.633263e-02;1.456806e-02
1.950772e-02;5.315686e-02;1.387711e-01;7.371239e-02;7.057058e-02;7.219263e-02;7.511637e-02;2.658215e-01;1.700027e-01;3.374325e-02;1.442883e-02;1.297607e-02
3.188050e-02;8.004434e-02;6.030719e-02;4.895813e-02;1.016666e-01;9.366290e-02;4.668786e-02;1.857139e-01;2.433491e-01;3.819663e-02;3.645160e-02;3.308131e-02
2.031700e-02;7.740239e-02;5.797375e-02;6.872501e-02;7.131477e-02;9.529150e-02;7.435128e-02;2.134347e-01;1.980503e-01;4.781308e-02;4.667978e-02;2.864647e-02
1.708342e-02;8.539353e-02;1.239018e-01;8.929634e-02;5.122859e-02;1.218271e-01;5.877311e-02;1.367004e-01;1.781498e-01;5.723177e-02;4.984889e-02;3.056513e-02
1.497543e-02;8.871458e-02;2.005428e-01;8.241863e-02;4.230889e-02;5.790099e-02;3.966592e-02;1.926930e-01;1.772633e-01;5.646496e-02;2.743696e-02;1.961451e-02
1.080054e-02;1.141513e-01;1.844186e-01;4.704677e-02;2.185627e-02;8.446987e-02;4.671295e-02;2.894348e-01;1.419011e-01;4.231079e-02;6.671089e-03;1.022595e-02
9.398350e-03;1.404699e-01;1.408118e-01;2.177763e-02;1.680837e-02;1.005223e-01;7.129074e-02;3.213103e-01;1.273769e-01;3.571861e-02;1.007064e-02;4.444453e-03
8.789081e-03;1.496734e-01;1.084077e-01;1.052396e-02;2.293660e-02;1.337672e-01;1.065535e-01;2.586705e-01;1.296039e-01;5.178582e-02;1.598928e-02;3.299069e-03
1.229318e-02;1.300651e-01;9.000892e-02;1.864030e-02;2.627882e-02;1.622049e-01;1.183606e-01;2.374350e-01;1.279999e-01;5.535610e-02;1.458617e-02;6.771012e-03
1.411850e-02;1.106437e-01;3.860980e-02;3.109756e-02;3.520043e-02;2.065435e-01;1.205025e-01;2.539437e-01;1.332534e-01;3.963269e-02;8.716239e-03;7.738026e-03
1.702571e-02;1.341757e-01;5.316332e-02;2.322907e-02;3.998270e-02;2.367247e-01;1.242793e-01;1.688754e-01;1.432431e-01;3.286586e-02;1.799905e-02;8.436104e-03
1.386459e-02;1.319652e-01;4.860176e-02;9.814681e-03;3.069161e-02;2.051736e-01;1.093804e-01;2.654483e-01;1.276286e-01;3.093862e-02;2.210684e-02;4.385721e-03
1.301511e-02;1.447596e-01;4.536344e-02;2.029984e-02;2.837725e-02;1.973576e-01;1.206381e-01;2.389311e-01;1.348872e-01;3.276926e-02;1.949443e-02;4.107077e-03
1.177345e-02;1.570619e-01;3.893174e-02;1.370776e-02;2.320250e-02;1.864537e-01;1.312615e-01;2.388673e-01;1.488385e-01;3.423225e-02;1.149482e-02;4.174615e-03
1.114503e-02;1.861344e-01;8.704693e-02;5.688686e-03;1.656043e-02;1.501743e-01;1.362067e-01;2.112196e-01;1.327613e-01;5.073937e-02;1.023533e-02;2.088070e-03
9.515812e-03;1.891133e-01;1.164975e-01;5.168993e-03;1.752653e-02;1.259128e-01;1.460707e-01;2.061416e-01;1.139984e-01;6.073072e-02;7.251535e-03;2.072152e-03
7.015021e-03;1.799924e-01;1.501867e-01;1.232794e-02;1.726380e-02;1.105030e-01;1.405916e-01;2.146192e-01;9.982144e-02;5.871591e-02;6.362664e-03;2.600362e-03
9.163046e-03;2.030290e-01;1.833000e-01;1.658056e-02;2.418305e-02;1.189750e-01;1.388642e-01;1.548218e-01;8.047520e-02;5.438532e-02;1.162152e-02;4.601395e-03
1.464835e-02;2.029750e-01;1.862786e-01;1.070735e-02;3.098572e-02;1.274723e-01;1.153444e-01;1.861623e-01;7.227034e-02;3.319209e-02;1.486403e-02;5.099489e-03
2.252253e-02;1.528474e-01;1.753370e-01;1.618007e-02;2.870835e-02;1.542384e-01;1.007905e-01;1.965849e-01;9.677111e-02;3.441656e-02;1.456957e-02;7.033650e-03
3.070762e-02;8.781623e-02;1.839891e-01;4.911543e-02;4.183361e-02;2.094196e-01;9.227511e-02;1.046441e-01;1.263794e-01;4.474220e-02;1.615959e-02;1.291805e-02
2.214072e-02;1.932211e-01;1.222019e-01;4.385402e-02;7.535145e-02;1.436571e-01;3.503996e-02;1.672851e-01;1.172470e-01;4.284600e-02;2.075290e-02;1.640272e-02
1.793114e-02;1.944118e-01;1.761367e-01;4.861031e-02;7.324646e-02;1.123286e-01;7.496276e-02;1.323999e-01;9.930452e-02;4.263156e-02;1.792317e-02;1.011302e-02
1.518497e-02;1.795323e-01;1.544781e-01;6.148263e-02;6.295973e-02;1.122476e-01;1.121968e-01;1.290899e-01;1.068809e-01;3.884326e-02;2.010391e-02;6.999971e-03
1.110643e-02;1.803844e-01;8.660857e-02;4.236491e-02;4.638378e-02;1.242208e-01;1.793112e-01;1.221216e-01;1.365639e-01;3.700471e-02;2.825395e-02;5.675725e-03
8.430176e-03;1.303659e-01;9.223331e-02;2.271759e-02;3.254886e-02;1.082185e-01;1.829885e-01;2.273273e-01;1.241361e-01;2.395189e-02;3.611470e-02;1.096714e-02
6.959840e-03;9.419978e-02;1.272226e-01;2.146158e-02;3.711540e-02;1.278808e-01;1.462532e-01;2.655561e-01;9.985752e-02;2.494570e-02;3.894084e-02;9.606621e-03
1.377399e-02;1.221411e-01;1.734355e-01;1.813889e-02;4.577329e-02;9.760671e-02;1.060470e-01;2.630802e-01;8.173236e-02;3.102532e-02;3.627145e-02;1.097416e-02
1.616879e-02;1.308882e-01;2.048663e-01;5.297090e-02;5.299466e-02;9.722645e-02;6.663736e-02;2.347911e-01;8.427457e-02;2.117169e-02;2.375254e-02;1.425739e-02
1.765864e-02;1.433442e-01;1.975839e-01;5.725175e-02;5.325888e-02;1.457200e-01;7.599346e-02;1.848197e-01;8.875300e-02;1.544201e-02;1.294855e-02;7.225926e-03
2.808251e-02;1.717691e-01;1.445485e-01;2.704610e-02;4.128200e-02;1.414268e-01;8.037760e-02;2.421874e-01;9.615470e-02;1.757838e-02;3.773774e-03;5.773170e-03
2.890138e-02;1.682511e-01;1.348940e-01;3.660790e-02;3.437140e-02;1.300640e-01;6.651883e-02;2.435869e-01;1.101401e-01;1.917605e-02;1.135415e-02;1.613429e-02
3.208738e-02;1.380308e-01;1.321837e-01;5.900771e-02;2.449608e-02;1.822366e-01;5.347220e-02;1.654058e-01;1.302329e-01;2.019038e-02;2.308080e-02;3.957552e-02
2.950590e-02;1.236221e-01;9.691284e-02;4.703135e-02;2.403473e-02;1.874405e-01;8.673506e-02;2.285086e-01;9.451972e-02;1.756484e-02;2.619555e-02;3.792880e-02
3.045204e-02;1.754486e-01;1.324207e-01;2.991970e-02;2.462230e-02;1.387489e-01;1.117110e-01;2.305467e-01;5.878152e-02;2.418492e-02;2.806111e-02;1.510247e-02
3.080937e-02;1.924849e-01;1.391667e-01;3.436892e-02;2.426375e-02;9.631462e-02;9.829078e-02;2.399688e-01;8.031808e-02;2.316737e-02;2.020594e-02;2.064074e-02
2.031825e-02;1.987394e-01;1.199740e-01;5.349109e-02;2.677080e-02;1.191788e-01;7.221913e-02;2.071640e-01;1.145435e-01;3.882058e-02;1.082902e-02;1.795138e-02
3.044205e-02;1.562963e-01;1.627570e-01;6.050372e-02;1.986520e-02;1.358868e-01;4.201498e-02;1.123881e-01;1.600240e-01;5.991508e-02;3.033955e-02;2.956713e-02
3.211103e-02;1.057277e-01;1.445975e-01;5.204912e-02;2.052239e-02;1.261653e-01;3.505737e-02;1.760617e-01;1.502956e-01;6.437062e-02;4.800346e-02;4.503815e-02
