1.166195e-01;1.072062e-01;1.332274e-01;5.123781e-02;7.340877e-02;1.125296e-01;1.189108e-01;6.554429e-02;6.984379e-02;4.950722e-02;5.703764e-02;4.492689e-02
1.691837e-01;9.307849e-02;9.230486e-02;5.641469e-02;5.164249e-02;8.858112e-02;2.213825e-01;5.364768e-02;3.568078e-02;2.564518e-02;3.935867e-02;7.307984e-02
1.514638e-01;5.207653e-02;4.719481e-02;5.959304e-02;2.251933e-02;5.841728e-02;3.538461e-01;8.018807e-02;2.364838e-02;1.930989e-02;3.560472e-02;9.613799e-02
1.019254e-01;2.484817e-02;2.448293e-02;6.009767e-02;1.101193e-02;4.496135e-02;4.865396e-01;8.313976e-02;1.622206e-02;1.042277e-02;4.294366e-02;9.340471e-02
4.525324e-02;1.165182e-02;4.610721e-02;5.122739e-02;1.101933e-02;5.525319e-02;5.058644e-01;7.985470e-02;3.900149e-02;1.510980e-02;6.364450e-02;7.601294e-02
1.820917e-02;1.374823e-02;6.249567e-02;3.399209e-02;1.735959e-02;9.523740e-02;4.315809e-01;5.357470e-02;6.177200e-02;2.686680e-02;7.958589e-02;1.055775e-01
1.527109e-02;1.552778e-02;5.748373e-02;2.233914e-02;1.495531e-02;1.144909e-01;3.882193e-01;3.152203e-02;6.238135e-02;4.894914e-02;6.892575e-02;1.599344e-01
1.768138e-02;1.376791e-02;3.072284e-02;3.265944e-02;1.824777e-02;1.067925e-01;3.691840e-01;2.612271e-02;4.677085e-02;4.518652e-02;9.585118e-02;1.970130e-01
1.703367e-02;7.970287e-03;5.096553e-02;2.832949e-02;2.086534e-02;1.300668e-01;2.900950e-01;1.856757e-02;4.714474e-02;2.619926e-02;1.645467e-01;1.982156e-01
2.297127e-02;7.626516e-03;9.196419e-02;1.438068e-02;3.182067e-02;1.796560e-01;1.882484e-01;1.468606e-02;6.365464e-02;1.863836e-02;2.179883e-01;1.483649e-01
4.092439e-02;1.080894e-02;1.293528e-01;1.714576e-02;4.289846e-02;2.279131e-01;8.617042e-02;9.264038e-03;7.218967e-02;1.920915e-02;2.579992e-01;8.612417e-02
5.187964e-02;1.597858e-02;1.431335e-01;1.917922e-02;2.990708e-02;2.448620e-01;7.742811e-02;2.409961e-02;6.785462e-02;2.912653e-02;2.559904e-01;4.056068e-02
4.148078e-02;2.300417e-02;1.273497e-01;3.066886e-02;3.054225e-02;2.272655e-01;1.435576e-01;4.167483e-02;5.337671e-02;4.678060e-02;2.070003e-01;2.729880e-02
2.389493e-02;3.760098e-02;1.055738e-01;4.299205e-02;7.989856e-02;2.093228e-01;1.405263e-01;5.431654e-02;3.042752e-02;8.160907e-02;1.741769e-01;1.966055e-02
2.988164e-02;5.585343e-02;8.818262e-02;4.807095e-02;1.196083e-01;1.516982e-01;1.254479e-01;7.946066e-02;1.899278e-02;1.109897e-01;1.422005e-01;2.961326e-02
5.156705e-02;9.007997e-02;8.475315e-02;3.810171e-02;1.445205e-01;7.634328e-02;1.071657e-01;1.037024e-01;3.257180e-02;1.449080e-01;1.072915e-01;1.899498e-02
4.250622e-02;1.044497e-01;9.494976e-02;3.522124e-02;9.399670e-02;9.860303e-02;7.995351e-02;5.847145e-02;4.055520e-02;1.536822e-01;1.647088e-01;3.290223e-02
3.779717e-02;6.531502e-02;1.611777e-01;2.922563e-02;3.712933e-02;1.272123e-01;8.713491e-02;3.973982e-02;3.580096e-02;8.951630e-02;2.214579e-01;6.849300e-02
5.626790e-02;3.295882e-02;1.809554e-01;6.430753e-02;1.832452e-02;1.424786e-01;1.303182e-01;2.403484e-02;2.671741e-02;3.404060e-02;1.743739e-01;1.152223e-01
8.443929e-02;1.752861e-02;1.427173e-01;1.001187e-01;1.028013e-02;1.000365e-01;2.046617e-01;2.554640e-02;1.610853e-02;2.855811e-02;9.690250e-02;1.731022e-01
1.021110e-01;1.836218e-02;1.159362e-01;1.157734e-01;7.116024e-03;7.019892e-02;2.432345e-01;3.302852e-02;9.880835e-03;2.458930e-02;4.655640e-02;2.132127e-01
1.017523e-01;2.555180e-02;1.298278e-01;9.867645e-02;9.962658e-03;5.816842e-02;2.009774e-01;4.167085e-02;1.540035e-02;3.045646e-02;9.029680e-02;1.972587e-01
7.048854e-02;4.677957e-02;1.780845e-01;7.386544e-02;2.837106e-02;6.247770e-02;1.400448e-01;6.412681e-02;5.154011e-02;4.193432e-02;1.102161e-01;1.320711e-01
4.706289e-02;4.976447e-02;1.918043e-01;5.461569e-02;5.767500e-02;7.014247e-02;1.936161e-01;7.281589e-02;8.153056e-02;5.212192e-02;7.233562e-02;5.651509e-02
6.635951e-02;4.353281e-02;1.141780e-01;4.231603e-02;8.251835e-02;7.360762e-02;2.697386e-01;6.885037e-02;9.183339e-02;6.175952e-02;5.031868e-02;3.498713e-02
2.769953e-02;2.935249e-02;1.650366e-01;7.020945e-02;9.086545e-02;7.139298e-02;2.580322e-01;5.292094e-02;5.452404e-02;6.441420e-02;7.120716e-02;4.434496e-02
1.114390e-01;9.774370e-02;1.740694e-01;7.281849e-02;5.290951e-02;3.963984e-02;1.940799e-01;3.942643e-02;7.689463e-02;4.898738e-02;5.854001e-02;3.345178e-02
1.222735e-01;9.134617e-02;2.422273e-01;5.448217e-02;5.521442e-02;2.890601e-02;1.646447e-01;4.064853e-02;5.766746e-02;5.951830e-02;5.169067e-02;3.138080e-02
8.015953e-02;6.680621e-02;3.272014e-01;5.723672e-02;4.539851e-02;2.926761e-02;1.436562e-01;2.405834e-02;4.328284e-02;6.808760e-02;6.820711e-02;4.663795e-02
9.124441e-02;7.101399e-02;2.395084e-01;5.319880e-02;4.993165e-02;6.112649e-02;1.435447e-01;6.579833e-02;6.578136e-02;7.237927e-02;4.147457e-02;4.499799e-02
1.197664e-01;9.176101e-02;1.780109e-01;4.848374e-02;5.126733e-02;6.218682e-02;1.262905e-01;7.806258e-02;8.550474e-02;7.349979e-02;4.419316e-02;4.097307e-02
1.202530e-01;1.038590e-01;1.619211e-01;4.731261e-02;4.889887e-02;5.739618e-02;1.198429e-01;8.016688e-02;8.968014e-02;7.401689e-02;5.486758e-02;4.178482e-02
7.500275e-02;1.223125e-01;1.669493e-01;3.680234e-02;4.078702e-02;7.660120e-02;1.165466e-01;9.646917e-02;1.238177e-01;5.370805e-02;5.656631e-02;3.443716e-02
1.684832e-01;1.541644e-01;1.201484e-01;2.207276e-02;4.047324e-02;4.356284e-02;8.828306e-02;8.906066e-02;1.935532e-01;2.066669e-02;4.125636e-02;1.827515e-02
2.057617e-01;1.562383e-01;8.784957e-02;1.412945e-02;4.600152e-02;1.115604e-02;6.724119e-02;1.053455e-01;2.221435e-01;2.094617e-02;4.357111e-02;1.961610e-02
2.022934e-01;1.309136e-01;8.585382e-02;1.526087e-02;4.893798e-02;1.723403e-02;7.035545e-02;1.375553e-01;1.781954e-01;3.036102e-02;5.846592e-02;2.457317e-02
1.738930e-01;9.628206e-02;6.566314e-02;2.897757e-02;4.095637e-02;3.905720e-02;9.880246e-02;1.386415e-01;1.632770e-01;5.522426e-02;6.234059e-02;3.688486e-02
1.441367e-01;7.999122e-02;1.046718e-01;2.980760e-02;6.443033e-02;3.532695e-02;7.491036e-02;1.299357e-01;1.936045e-01;4.601182e-02;6.805445e-02;2.911858e-02
1.679135e-01;8.824694e-02;8.783872e-02;1.689911e-02;7.340799e-02;1.742348e-02;4.225415e-02;1.566562e-01;2.097418e-01;3.779257e-02;8.311839e-02;1.870712e-02
2.226061e-01;6.900617e-02;5.351214e-02;7.075367e-03;8.765389e-02;9.291324e-03;3.374991e-02;2.052999e-01;1.790464e-01;2.218857e-02;9.638758e-02;1.418256e-02
2.873397e-01;5.488876e-02;4.148815e-02;6.003489e-03;1.042754e-01;6.608760e-03;2.562779e-02;2.473896e-01;1.053689e-01;9.734151e-03;9.745094e-02;1.382433e-02
3.275719e-01;4.763766e-02;4.705481e-02;8.438529e-03;9.758393e-02;4.743224e-03;3.252130e-02;2.561333e-01;5.946590e-02;1.155631e-02;7.981652e-02;2.747660e-02
3.230149e-01;3.762001e-02;5.131551e-02;1.458811e-02;7.404881e-02;8.736083e-03;8.522692e-02;2.354419e-01;4.089967e-02;2.054716e-02;5.833124e-02;5.022965e-02
2.644400e-01;4.090244e-02;6.265838e-02;2.253633e-02;5.289573e-02;2.747433e-02;1.426720e-01;1.876117e-01;3.143452e-02;2.918079e-02;4.275191e-02;9.544185e-02
1.981731e-01;5.488995e-02;7.890006e-02;2.573907e-02;4.594395e-02;4.455106e-02;1.481835e-01;1.388493e-01;2.511567e-02;3.717392e-02;5.460490e-02;1.478754e-01
1.796716e-01;5.818350e-02;8.229952e-02;2.004417e-02;3.887663e-02;5.603216e-02;8.092443e-02;1.418105e-01;3.279177e-02;5.052055e-02;6.027116e-02;1.985740e-01
1.453704e-01;8.504637e-02;4.128471e-02;2.089148e-02;5.127168e-02;4.437655e-02;6.165866e-02;1.523686e-01;5.643087e-02;8.731037e-02;8.844899e-02;1.655413e-01
5.839465e-02;9.773070e-02;8.664341e-02;5.433023e-02;5.269407e-02;1.003548e-01;8.167930e-02;1.327750e-01;1.227748e-01;8.965459e-02;6.565106e-02;5.731737e-02
6.587250e-02;9.592371e-02;8.101690e-02;5.682841e-02;5.529366e-02;1.124233e-01;7.418475e-02;1.081117e-01;1.035757e-01;1.024386e-01;7.064059e-02;7.369013e-02
1.044760e-01;7.628147e-02;1.078036e-01;4.943198e-02;8.646190e-02;1.137931e-01;5.013677e-02;8.680303e-02;5.739084e-02;8.058180e-02;1.012582e-01;8.558136e-02
1.657593e-01;8.241580e-02;1.710181e-01;4.383649e-02;8.743264e-02;6.881529e-02;5.424798e-02;5.498801e-02;9.258017e-02;5.401873e-02;7.398321e-02;5.090420e-02
2.087245e-01;1.002651e-01;1.824002e-01;4.203696e-02;5.883079e-02;4.991641e-02;6.907870e-02;6.227639e-02;9.558096e-02;5.543311e-02;4.415525e-02;3.130165e-02
2.677840e-01;1.079193e-01;1.704670e-01;2.728632e-02;5.108089e-02;2.536966e-02;5.585355e-02;1.056138e-01;6.941398e-02;4.783316e-02;3.135239e-02;4.002593e-02
3.416872e-01;9.009165e-02;1.439896e-01;1.770290e-02;7.494309e-02;1.038038e-02;4.056082e-02;1.619346e-01;1.345287e-02;3.451266e-02;2.050062e-02;5.024357e-02
3.123665e-01;7.135893e-02;1.244032e-01;1.573471e-02;8.047764e-02;1.498636e-02;6.951385e-02;1.628310e-01;3.416054e-02;3.339259e-02;2.052846e-02;6.024625e-02
3.078286e-01;6.066813e-02;4.785934e-02;2.140895e-02;8.359042e-02;2.450899e-02;9.561656e-02;1.613267e-01;3.382239e-02;3.791100e-02;3.940076e-02;8.605820e-02
3.125055e-01;6.182621e-02;1.843363e-01;2.650913e-02;3.836228e-02;2.412492e-02;6.818270e-02;9.441280e-02;3.101350e-02;2.661307e-02;4.715574e-02;8.495779e-02
3.694238e-01;5.738784e-02;1.823961e-01;1.815718e-02;9.264041e-03;2.815142e-02;5.992918e-02;7.003654e-02;1.707415e-02;3.054456e-02;5.301692e-02;1.046182e-01
3.411970e-01;3.961660e-02;1.263087e-01;2.573437e-02;9.630487e-03;3.238393e-02;9.361780e-02;5.717696e-02;1.200821e-02;4.840843e-02;5.999179e-02;1.539257e-01
2.789241e-01;2.487495e-02;1.008988e-01;3.994395e-02;1.474221e-02;2.394985e-02;1.264320e-01;4.283074e-02;8.362775e-03;5.970218e-02;7.575368e-02;2.035847e-01
2.303946e-01;2.193385e-02;9.795678e-02;4.709486e-02;1.683215e-02;2.221487e-02;1.399719e-01;3.604039e-02;1.258070e-02;6.024792e-02;8.154685e-02;2.331851e-01
2.026308e-01;2.796359e-02;1.008684e-01;4.106634e-02;1.522342e-02;1.735353e-02;1.606921e-01;3.426377e-02;2.167631e-02;6.071490e-02;7.791971e-02;2.396271e-01
1.641832e-01;2.537082e-02;6.892840e-02;3.847723e-02;1.593879e-02;3.185093e-02;2.108801e-01;4.127308e-02;2.691666e-02;5.552751e-02;9.545671e-02;2.251965e-01
1.521590e-01;3.991148e-02;8.384457e-02;3.075352e-02;2.036115e-02;3.494319e-02;2.213813e-01;3.315266e-02;2.586814e-02;5.513647e-02;9.782361e-02;2.046650e-01
1.416958e-01;3.597236e-02;7.908648e-02;2.426609e-02;4.132839e-02;3.820671e-02;1.870297e-01;3.611685e-02;2.198129e-02;6.312356e-02;1.210861e-01;2.101067e-01
7.616390e-02;2.492862e-02;6.106473e-02;2.978147e-02;8.614813e-02;4.775550e-02;1.064247e-01;7.381450e-02;3.082977e-02;9.281654e-02;1.688183e-01;2.014538e-01
7.227202e-02;2.151659e-02;7.008539e-02;3.380883e-02;1.151891e-01;7.704725e-02;8.922176e-02;6.275488e-02;3.001506e-02;8.617503e-02;1.770057e-01;1.649084e-01
5.204505e-02;1.608187e-02;4.478716e-02;2.926639e-02;1.026846e-01;1.173621e-01;8.904365e-02;3.498818e-02;4.749527e-02;1.356335e-01;2.242972e-01;1.063152e-01
2.069815e-02;1.194854e-02;4.654006e-02;2.793353e-02;7.179866e-02;1.418733e-01;8.214428e-02;2.682820e-02;4.730737e-02;1.945279e-01;2.600967e-01;6.830336e-02
3.663028e-02;4.070483e-02;7.360664e-02;5.237022e-02;4.789808e-02;9.872093e-02;6.936683e-02;3.036045e-02;5.358688e-02;2.117310e-01;2.242184e-01;6.080547e-02
5.415130e-02;5.753391e-02;1.010163e-01;6.429978e-02;5.532898e-02;8.112254e-02;5.735731e-02;3.366754e-02;7.971912e-02;2.007568e-01;1.732535e-01;4.179291e-02
8.878940e-02;5.902797e-02;9.563133e-02;4.274057e-02;6.250463e-02;9.462932e-02;8.509973e-02;4.747088e-02;8.933914e-02;1.652840e-01;1.334040e-01;3.607908e-02
7.711252e-02;5.682745e-02;1.181103e-01;4.773321e-02;6.494214e-02;8.804425e-02;1.041180e-01;6.915966e-02;6.586275e-02;1.297816e-01;1.274668e-01;5.084121e-02
6.653023e-02;5.193846e-02;9.536847e-02;4.732665e-02;8.852459e-02;6.760802e-02;9.572502e-02;8.427872e-02;1.042032e-01;1.468231e-01;9.320034e-02;5.847317e-02
6.572784e-02;5.803222e-02;9.865104e-02;4.051616e-02;9.659663e-02;5.261503e-02;7.667836e-02;1.053601e-01;1.224742e-01;1.535149e-01;8.193960e-02;4.789389e-02
8.239380e-02;5.302434e-02;1.557184e-01;4.194199e-02;7.462166e-02;7.538750e-02;6.406621e-02;8.837591e-02;7.429910e-02;1.344146e-01;1.027522e-01;5.300424e-02
1.819897e-01;9.520584e-02;2.303237e-01;4.643955e-02;8.115686e-02;5.338690e-02;7.733255e-02;2.264664e-02;3.052879e-02;7.122431e-02;5.293977e-02;5.682544e-02
2.993062e-01;1.084174e-01;1.828535e-01;2.727792e-02;5.707898e-02;4.716167e-02;8.238985e-02;3.154079e-02;1.703515e-02;4.846261e-02;3.775445e-02;6.072150e-02
3.751597e-01;1.316577e-01;1.241226e-01;1.686816e-02;4.530195e-02;4.634557e-02;5.652297e-02;5.625261e-02;2.233232e-02;3.989692e-02;2.793709e-02;5.760247e-02
4.210556e-01;1.572888e-01;1.229343e-01;8.171066e-03;4.292459e-02;3.526162e-02;3.349229e-02;7.933065e-02;1.503746e-02;2.335206e-02;1.636019e-02;4.479139e-02
4.773299e-01;1.663359e-01;8.995531e-02;3.512413e-03;4.293058e-02;1.748012e-02;2.199603e-02;1.051685e-01;1.188868e-02;1.066149e-02;1.421316e-02;3.852792e-02
4.850958e-01;1.764934e-01;6.716079e-02;4.951574e-03;5.816063e-02;7.775936e-03;1.536953e-02;1.226714e-01;1.073012e-02;9.855671e-03;1.064928e-02;3.108581e-02
4.106230e-01;2.064390e-01;6.960025e-02;6.129026e-03;6.547786e-02;1.154434e-02;3.819625e-02;1.036128e-01;3.062083e-02;2.259435e-02;1.177446e-02;2.338785e-02
2.627952e-01;2.264662e-01;1.273166e-01;1.526412e-02;4.121658e-02;4.892644e-02;6.884674e-02;5.755183e-02;7.742688e-02;4.511598e-02;1.054963e-02;1.852385e-02
1.221849e-01;1.969730e-01;2.513118e-01;2.309450e-02;1.883642e-02;9.234095e-02;5.945047e-02;4.214337e-02;9.979837e-02;6.689435e-02;8.472154e-03;1.849967e-02
4.129741e-02;1.169376e-01;4.059413e-01;2.366954e-02;3.186218e-02;8.130142e-02;4.439007e-02;3.361375e-02;7.251749e-02;1.162764e-01;1.797410e-02;1.421873e-02
2.596251e-02;5.216005e-02;4.397798e-01;6.391072e-02;5.140372e-02;3.580319e-02;5.512919e-02;2.878591e-02;3.444890e-02;1.399791e-01;6.325334e-02;9.383564e-03
2.156307e-02;3.748965e-02;3.651470e-01;1.147552e-01;6.475979e-02;2.602662e-02;4.779608e-02;4.111439e-02;2.347123e-02;9.755128e-02;1.380292e-01;2.229649e-02
2.312389e-02;4.853280e-02;2.738061e-01;1.459278e-01;8.485010e-02;3.811540e-02;4.960001e-02;4.994686e-02;2.356537e-02;4.654387e-02;1.661174e-01;4.987051e-02
2.654881e-02;5.158443e-02;2.780735e-01;1.308512e-01;1.005804e-01;4.313510e-02;7.420963e-02;4.474710e-02;3.153362e-02;3.350998e-02;1.301296e-01;5.509667e-02
4.428164e-02;5.145909e-02;3.104816e-01;9.045681e-02;1.085582e-01;5.129918e-02;1.016065e-01;3.318089e-02;2.844999e-02;4.553359e-02;7.866479e-02;5.602773e-02
5.824779e-02;9.498945e-02;3.082075e-01;6.241491e-02;8.724108e-02;8.066023e-02;1.088659e-01;4.400160e-02;2.808519e-02;5.656604e-02;3.923884e-02;3.148156e-02
5.278397e-02;7.462123e-02;2.256217e-01;1.786225e-01;7.052609e-02;6.273026e-02;6.301042e-02;5.468409e-02;4.045110e-02;8.109016e-02;4.903131e-02;4.682714e-02
2.896823e-02;5.418853e-02;1.776188e-01;1.905406e-01;8.646900e-02;5.908734e-02;4.650757e-02;5.644393e-02;6.040817e-02;1.120510e-01;6.732962e-02;6.038728e-02
3.291407e-02;6.936046e-02;1.778126e-01;1.271100e-01;8.829980e-02;9.259529e-02;3.469319e-02;6.474951e-02;7.044805e-02;1.443053e-01;5.628210e-02;4.142966e-02
3.563921e-02;7.277247e-02;1.661398e-01;9.208502e-02;9.813861e-02;8.172744e-02;6.489647e-02;4.627448e-02;7.789922e-02;1.203832e-01;9.342268e-02;5.062139e-02
3.597619e-02;7.514516e-02;1.504035e-01;6.075256e-02;9.026231e-02;5.964523e-02;6.956338e-02;7.948194e-02;1.098935e-01;1.241473e-01;8.103365e-02;6.369524e-02
9.250975e-02;6.844999e-02;1.138452e-01;7.157862e-02;6.896826e-02;9.257217e-02;1.046336e-01;8.395413e-02;8.487888e-02;7.304850e-02;8.828176e-02;5.727920e-02
9.827626e-02;7.853711e-02;1.312386e-01;7.330992e-02;7.640643e-02;9.030116e-02;1.007421e-01;7.095429e-02;7.528643e-02;6.429279e-02;7.869502e-02;6.195991e-02
8.354058e-02;7.926213e-02;1.389573e-01;7.369772e-02;8.525290e-02;1.149793e-01;9.974454e-02;6.568121e-02;6.991211e-02;4.735194e-02;7.835373e-02;6.326660e-02
5.813045e-02;7.534643e-02;1.304778e-01;7.577910e-02;1.178314e-01;1.338070e-01;1.070775e-01;4.575374e-02;5.582953e-02;6.220162e-02;6.785348e-02;6.991191e-02
6.166028e-02;7.961082e-02;1.095333e-01;8.373820e-02;1.358074e-01;1.194692e-01;9.856761e-02;3.240970e-02;5.026238e-02;1.049018e-01;4.362313e-02;8.041627e-02
7.083999e-02;7.688164e-02;1.120270e-01;6.672962e-02;1.178811e-01;8.216564e-02;1.111930e-01;5.298387e-02;4.506392e-02;1.514886e-01;3.632769e-02;7.641785e-02
2.905462e-02;4.746674e-02;9.053386e-02;4.294043e-02;4.638857e-02;4.044132e-02;3.072354e-01;1.591599e-01;1.026204e-01;7.755303e-02;3.563048e-02;2.097522e-02
2.179899e-02;4.481686e-02;7.968139e-02;2.174681e-02;2.428999e-02;3.390833e-02;4.008381e-01;2.115525e-01;1.007684e-01;3.638892e-02;1.350334e-02;1.070638e-02
1.519097e-02;4.854498e-02;5.823196e-02;9.651285e-03;1.758769e-02;3.185315e-02;4.715831e-01;2.082423e-01;8.578713e-02;2.921601e-02;1.495124e-02;9.160091e-03
1.339232e-02;6.221949e-02;3.434219e-02;9.678335e-03;1.892576e-02;5.226420e-02;5.472687e-01;1.515468e-01;6.215401e-02;1.903851e-02;2.145798e-02;7.711716e-03
1.688275e-02;8.272199e-02;2.851841e-02;1.559726e-02;3.055195e-02;6.847142e-02;5.568600e-01;9.607884e-02;5.451850e-02;1.477435e-02;2.557198e-02;9.452559e-03
2.177994e-02;1.012102e-01;3.429510e-02;1.628805e-02;3.996048e-02;6.373337e-02;5.599642e-01;6.940366e-02;4.668162e-02;1.503360e-02;2.024087e-02;1.140880e-02
2.692656e-02;9.310050e-02;2.377730e-02;9.603890e-03;4.008898e-02;7.999051e-02;6.403870e-01;3.051647e-02;2.165719e-02;1.030830e-02;1.494178e-02;8.701524e-03
1.327224e-02;5.082374e-02;2.361474e-02;7.975557e-03;3.709088e-02;8.734067e-02;7.025577e-01;2.653582e-02;1.282279e-02;1.384625e-02;1.763060e-02;6.489013e-03
1.239209e-02;4.034541e-02;2.316102e-02;1.098987e-02;3.220301e-02;7.415992e-02;7.033622e-01;4.316863e-02;1.725569e-02;1.497054e-02;2.068439e-02;7.307244e-03
1.658427e-02;4.466572e-02;3.396828e-02;1.984531e-02;4.594540e-02;7.380783e-02;6.642796e-01;4.280302e-02;1.583347e-02;1.110468e-02;2.068101e-02;1.048141e-02
1.742942e-02;4.124497e-02;4.697678e-02;4.217725e-02;6.700587e-02;8.084460e-02;5.768600e-01;5.131876e-02;2.190525e-02;1.808039e-02;2.323626e-02;1.292050e-02
3.572810e-02;3.647707e-02;7.932420e-02;7.905893e-02;9.249268e-02;7.033073e-02;3.997059e-01;6.191564e-02;3.174031e-02;2.975723e-02;4.266810e-02;4.080107e-02
5.148265e-02;9.651557e-02;1.067752e-01;1.336732e-01;1.084818e-01;4.621602e-02;1.948363e-01;3.844669e-02;3.004682e-02;4.676414e-02;6.834016e-02;7.842156e-02
6.569352e-02;1.347090e-01;1.318771e-01;1.258329e-01;1.008552e-01;3.865973e-02;1.025229e-01;5.229037e-02;4.844095e-02;5.072168e-02;8.653541e-02;6.186135e-02
4.667838e-02;9.798467e-02;1.821224e-01;8.982708e-02;9.296267e-02;6.218018e-02;1.165839e-01;5.165585e-02;4.403126e-02;6.463645e-02;9.293567e-02;5.840157e-02
7.609764e-02;9.370184e-02;1.991337e-01;7.498383e-02;1.032644e-01;7.231754e-02;9.303715e-02;6.861670e-02;3.431462e-02;5.976781e-02;5.371441e-02;7.105031e-02
9.599472e-02;1.027813e-01;1.812259e-01;8.132716e-02;9.378084e-02;5.703564e-02;6.370234e-02;7.287377e-02;6.363004e-02;5.873383e-02;4.769816e-02;8.121630e-02
8.909980e-02;8.246826e-02;1.925586e-01;9.460981e-02;5.712716e-02;4.512525e-02;1.016891e-01;6.512354e-02;8.225370e-02;5.654378e-02;5.900979e-02;7.439119e-02
5.311523e-02;6.988660e-02;1.377965e-01;1.370062e-01;3.915269e-02;6.964913e-02;1.394181e-01;8.142839e-02;1.162512e-01;5.187999e-02;6.336707e-02;4.104891e-02
8.131745e-02;5.848898e-02;8.686363e-02;1.179167e-01;5.955706e-02;7.886247e-02;1.053954e-01;1.142124e-01;1.429204e-01;5.304574e-02;5.266296e-02;4.875673e-02
9.100503e-02;5.422766e-02;3.495980e-02;9.162112e-02;7.119632e-02;8.621124e-02;1.331644e-01;1.256461e-01;1.239042e-01;6.083755e-02;5.404906e-02;7.317752e-02
8.098414e-02;6.819544e-02;9.441344e-02;7.309756e-02;6.550784e-02;9.915847e-02;1.465692e-01;6.651977e-02;9.422803e-02;9.127179e-02;3.202455e-02;8.802971e-02
9.087481e-02;6.212386e-02;9.313078e-02;7.284594e-02;8.540291e-02;9.566765e-02;1.151075e-01;5.433721e-02;1.077175e-01;9.746277e-02;3.238219e-02;9.294694e-02
8.142758e-02;9.354098e-02;7.593365e-02;7.485942e-02;8.303519e-02;8.464801e-02;1.195107e-01;9.986213e-02;9.835478e-02;9.832586e-02;1.916333e-02;7.133839e-02
5.808488e-02;5.685307e-02;1.508567e-01;3.463390e-02;6.753458e-02;6.492099e-02;2.788881e-01;7.357245e-02;6.592093e-02;6.839976e-02;4.037749e-02;3.995708e-02
4.725700e-02;3.816412e-02;2.592213e-01;4.893441e-02;9.349538e-02;7.518567e-02;2.542475e-01;4.693430e-02;3.215824e-02;5.498357e-02;3.144802e-02;1.797049e-02
3.069753e-02;3.095556e-02;3.782066e-01;6.385062e-02;8.789994e-02;4.815683e-02;1.770578e-01;3.709561e-02;5.048114e-02;5.410687e-02;2.789181e-02;1.359972e-02
2.243842e-02;2.477462e-02;5.003032e-01;6.184110e-02;6.875527e-02;2.347146e-02;1.048740e-01;2.186079e-02;5.781230e-02;8.447444e-02;2.284665e-02;6.547795e-03
1.273679e-02;4.465893e-02;5.588541e-01;4.356272e-02;4.497696e-02;1.054485e-02;7.715222e-02;2.684771e-02;4.974447e-02;1.168609e-01;9.492385e-03;4.568002e-03
1.253572e-02;6.674148e-02;5.834449e-01;2.952987e-02;2.410862e-02;1.099197e-02;4.920407e-02;4.835773e-02;5.577553e-02;1.088432e-01;3.951383e-03;6.515589e-03
1.901547e-02;1.017345e-01;5.940084e-01;2.501815e-02;1.513457e-02;3.170673e-02;2.225509e-02;4.501862e-02;6.554733e-02;6.688943e-02;4.515022e-03;9.156739e-03
3.654398e-02;1.315279e-01;5.517374e-01;2.934459e-02;1.696291e-02;5.018578e-02;2.474932e-02;2.988854e-02;7.036061e-02;4.169854e-02;4.280353e-03;1.272006e-02
7.037310e-02;1.578132e-01;4.812768e-01;4.514986e-02;2.775447e-02;5.698581e-02;2.269021e-02;1.871974e-02;5.887747e-02;3.869940e-02;6.097073e-03;1.556287e-02
1.073931e-01;1.691290e-01;3.837889e-01;6.975878e-02;3.870837e-02;6.181056e-02;3.237220e-02;1.759409e-02;4.691562e-02;4.133660e-02;1.066608e-02;2.052671e-02
1.158077e-01;1.444750e-01;2.794386e-01;1.108349e-01;7.055736e-02;5.831999e-02;5.472773e-02;2.872577e-02;4.560098e-02;5.868598e-02;9.909901e-03;2.291613e-02
7.656886e-02;8.911338e-02;2.274661e-01;1.111866e-01;9.522014e-02;5.551521e-02;9.131182e-02;5.837985e-02;4.285509e-02;1.112100e-01;2.065317e-02;2.051976e-02
4.778187e-02;6.938135e-02;1.801510e-01;7.311730e-02;9.160443e-02;1.058088e-01;1.004671e-01;1.013138e-01;3.072335e-02;1.263765e-01;5.765164e-02;1.562296e-02
6.801011e-02;9.196418e-02;1.530100e-01;1.204609e-01;7.610418e-02;8.468155e-02;1.082971e-01;9.749175e-02;4.374173e-02;6.429937e-02;5.031682e-02;4.162229e-02
8.495273e-02;7.751232e-02;1.531167e-01;1.076824e-01;7.001309e-02;6.836812e-02;1.057655e-01;1.101720e-01;6.023144e-02;7.339041e-02;3.936868e-02;4.942667e-02
5.900272e-02;7.408223e-02;1.333719e-01;8.245338e-02;5.620217e-02;8.570600e-02;9.323208e-02;1.346300e-01;8.297852e-02;8.506864e-02;6.269144e-02;5.058089e-02
3.256386e-02;7.973060e-02;1.161007e-01;5.827760e-02;7.374494e-02;1.353727e-01;8.648249e-02;1.273346e-01;8.130300e-02;9.279544e-02;6.515648e-02;5.113762e-02
4.903194e-02;8.030512e-02;9.950144e-02;3.111986e-02;1.309172e-01;1.332199e-01;7.859691e-02;1.185988e-01;6.663448e-02;7.343017e-02;6.736860e-02;7.127568e-02
3.120192e-02;1.132871e-01;1.357665e-01;4.872435e-02;1.236395e-01;1.054430e-01;6.781968e-02;8.292448e-02;8.191094e-02;6.780425e-02;7.290492e-02;6.857338e-02
4.055297e-02;1.253281e-01;1.594034e-01;5.920967e-02;1.040888e-01;8.443368e-02;7.601756e-02;5.309265e-02;9.244172e-02;6.535421e-02;7.607016e-02;6.400710e-02
4.512873e-02;1.113202e-01;1.409602e-01;4.837563e-02;6.102117e-02;6.610811e-02;9.158194e-02;7.221946e-02;1.130563e-01;1.383340e-01;7.221426e-02;3.968005e-02
8.118877e-02;6.817107e-02;1.297277e-01;5.934886e-02;6.530175e-02;6.129705e-02;1.215998e-01;5.714926e-02;8.585211e-02;1.373471e-01;8.269019e-02;5.032631e-02
5.180570e-02;4.285128e-02;2.187920e-01;6.208058e-02;6.073145e-02;5.449114e-02;1.203264e-01;3.215395e-02;7.280293e-02;1.108522e-01;1.107563e-01;6.235616e-02
4.847758e-02;3.724150e-02;2.841598e-01;5.403544e-02;4.695934e-02;3.766624e-02;8.402330e-02;2.340222e-02;6.065195e-02;1.680742e-01;1.019025e-01;5.340590e-02
3.073817e-02;4.948948e-02;3.590251e-01;3.358880e-02;2.475645e-02;2.565735e-02;5.271401e-02;1.673097e-02;4.687497e-02;2.635218e-01;6.940923e-02;2.749366e-02
1.941670e-02;8.152688e-02;3.497328e-01;1.564972e-02;8.985169e-03;2.803034e-02;3.304367e-02;1.121671e-02;1.273956e-01;2.705745e-01;2.314708e-02;3.128087e-02
1.402581e-02;1.581534e-01;2.302373e-01;1.803227e-02;5.668441e-03;5.982713e-02;1.606900e-02;1.106555e-02;2.557287e-01;1.576242e-01;1.289915e-02;6.066894e-02
1.881252e-02;2.375455e-01;1.182741e-01;3.011230e-02;3.322932e-03;8.420129e-02;7.382931e-03;1.464769e-02;3.503918e-01;6.353735e-02;7.089629e-03;6.468195e-02
3.711314e-02;2.782306e-01;6.961411e-02;4.712508e-02;3.292768e-03;7.671640e-02;6.750125e-03;2.813321e-02;3.799234e-01;2.465048e-02;5.043142e-03;4.340747e-02
7.118389e-02;2.547944e-01;5.697192e-02;4.901854e-02;1.305270e-02;4.926355e-02;1.577135e-02;8.356127e-02;3.287108e-01;3.962230e-02;1.701965e-02;2.102959e-02
1.319968e-01;1.848339e-01;5.343079e-02;2.977878e-02;2.995789e-02;2.148534e-02;3.040901e-02;1.737716e-01;2.360851e-01;5.701635e-02;3.920301e-02;1.203142e-02
2.190007e-01;1.192506e-01;5.886712e-02;1.149590e-02;6.153956e-02;8.490594e-03;4.026617e-02;2.404926e-01;1.292366e-01;4.102587e-02;5.386767e-02;1.646670e-02
3.256744e-01;8.671918e-02;8.694839e-02;6.404776e-03;8.529069e-02;8.360169e-03;1.883653e-02;2.415721e-01;4.978724e-02;1.833220e-02;4.689135e-02;2.518299e-02
3.916751e-01;6.872617e-02;1.016490e-01;8.368464e-03;7.255687e-02;8.976649e-03;3.113005e-02;2.129998e-01;2.078301e-02;1.431862e-02;3.032234e-02;3.849396e-02
4.263781e-01;5.161828e-02;8.273756e-02;1.066045e-02;4.413632e-02;1.765154e-02;5.833768e-02;1.884755e-01;1.449833e-02;1.838226e-02;2.058659e-02;6.653737e-02
4.669346e-01;2.989090e-02;6.456217e-02;1.051422e-02;2.667461e-02;2.595896e-02;6.660013e-02;1.597044e-01;1.575706e-02;1.993585e-02;2.067031e-02;9.279679e-02
5.004552e-01;8.056477e-02;7.306819e-02;8.242859e-03;3.849649e-02;1.286851e-02;3.630823e-02;1.070264e-01;2.187379e-02;1.195263e-02;3.318493e-02;7.595802e-02
5.041478e-01;1.450226e-01;8.613585e-02;6.644079e-03;4.070430e-02;6.601437e-03;1.993109e-02;6.117444e-02;2.448776e-02;6.002725e-03;4.945130e-02;4.969670e-02
4.906436e-01;1.899651e-01;9.690638e-02;5.750478e-03;4.357402e-02;3.112261e-03;1.397940e-02;3.510262e-02;1.885544e-02;5.473173e-03;6.532428e-02;3.131321e-02
4.767629e-01;1.877434e-01;8.410654e-02;4.096464e-03;6.615017e-02;3.592212e-03;1.351654e-02;4.473848e-02;1.540580e-02;5.433228e-03;6.939234e-02;2.906197e-02
4.470062e-01;1.805503e-01;9.459202e-02;4.149680e-03;8.488172e-02;3.490908e-03;1.309283e-02;4.657851e-02;2.146077e-02;7.849609e-03;6.996536e-02;2.638205e-02
3.868113e-01;1.898678e-01;1.077758e-01;5.224998e-03;8.093701e-02;5.850379e-03;2.157546e-02;5.538987e-02;3.285528e-02;1.701106e-02;7.246925e-02;2.423179e-02
2.816494e-01;1.802268e-01;1.663297e-01;1.604292e-02;6.026613e-02;1.138909e-02;4.803148e-02;7.116140e-02;5.213593e-02;2.543966e-02;6.068016e-02;2.664738e-02
2.171061e-01;1.542771e-01;1.726695e-01;2.772973e-02;6.267045e-02;2.320197e-02;9.018320e-02;7.438517e-02;6.008299e-02;3.437022e-02;4.664132e-02;3.668229e-02
1.758707e-01;1.350069e-01;1.254968e-01;3.154740e-02;9.354712e-02;4.704118e-02;1.379749e-01;6.225154e-02;5.854816e-02;4.140765e-02;4.931950e-02;4.198814e-02
1.522125e-01;9.273470e-02;1.461379e-01;2.245759e-02;1.278876e-01;6.829987e-02;1.662906e-01;4.022707e-02;4.179798e-02;5.096409e-02;5.923390e-02;3.175625e-02
2.430047e-01;1.149310e-01;8.957791e-02;2.747272e-02;1.043318e-01;3.464066e-02;1.128562e-01;4.779306e-02;6.796692e-02;4.445197e-02;7.866587e-02;3.430717e-02
2.011720e-01;9.718657e-02;1.126740e-01;4.663436e-02;6.178320e-02;6.557140e-02;8.254194e-02;6.279064e-02;7.536815e-02;5.657488e-02;7.322980e-02;6.447311e-02
9.478033e-02;9.178125e-02;1.523756e-01;4.040633e-02;6.207328e-02;5.755021e-02;7.581580e-02;6.513345e-02;1.162814e-01;1.200550e-01;7.471570e-02;4.903162e-02
1.013845e-01;8.700485e-02;1.274890e-01;4.578844e-02;6.722073e-02;6.777263e-02;1.093266e-01;4.953250e-02;1.153013e-01;9.917624e-02;8.896562e-02;4.103754e-02
1.033242e-01;7.837279e-02;1.250048e-01;5.201931e-02;6.482507e-02;7.606075e-02;1.165788e-01;4.924336e-02;1.026872e-01;8.434566e-02;9.151892e-02;5.601921e-02
1.005407e-01;7.871635e-02;1.235105e-01;5.774543e-02;5.404339e-02;8.044089e-02;1.175510e-01;6.066050e-02;9.088486e-02;7.670614e-02;8.801008e-02;7.119019e-02
1.125151e-01;9.364004e-02;1.255590e-01;6.466985e-02;4.452901e-02;8.381639e-02;1.193402e-01;6.428972e-02;5.795609e-02;6.353837e-02;8.277524e-02;8.737092e-02
1.171611e-01;1.187368e-01;1.340449e-01;5.153572e-02;2.700738e-02;7.423292e-02;8.617487e-02;4.326648e-02;1.715226e-01;4.199734e-02;5.194848e-02;8.237143e-02
8.289479e-02;1.532438e-01;1.171022e-01;2.612641e-02;9.988511e-03;4.703307e-02;3.491731e-02;6.548077e-02;3.695646e-01;3.710549e-02;2.123719e-02;3.530594e-02
1.239540e-01;1.478501e-01;6.214231e-02;1.641197e-02;2.496284e-02;3.309884e-02;4.260985e-02;1.363173e-01;3.237199e-01;2.892997e-02;4.527133e-02;1.473172e-02
1.503773e-01;9.904360e-02;7.672816e-02;1.960552e-02;4.112219e-02;3.293688e-02;8.521397e-02;1.593215e-01;2.101299e-01;3.820323e-02;6.499206e-02;2.232564e-02
2.004326e-01;5.874572e-02;9.160538e-02;2.240917e-02;5.208975e-02;3.253185e-02;8.939709e-02;1.605191e-01;1.615970e-01;4.372524e-02;6.193509e-02;2.501207e-02
2.423600e-01;1.153576e-01;1.032747e-01;1.706967e-02;6.378700e-02;1.867905e-02;5.342949e-02;1.605294e-01;1.068081e-01;2.954317e-02;6.527772e-02;2.388409e-02
2.751232e-01;1.027766e-01;7.543837e-02;1.105945e-02;8.541903e-02;1.733303e-02;3.577850e-02;1.982177e-01;8.261114e-02;2.666686e-02;6.318942e-02;2.638672e-02
2.864258e-01;7.062832e-02;6.554575e-02;1.507467e-02;1.067882e-01;1.813099e-02;1.628891e-02;2.306449e-01;8.514512e-02;2.636240e-02;4.483499e-02;3.412978e-02
2.459904e-01;5.135837e-02;5.229339e-02;2.188671e-02;1.168178e-01;1.959817e-02;6.082866e-02;2.339002e-01;7.868023e-02;2.707268e-02;3.729624e-02;5.427722e-02
2.030399e-01;5.273923e-02;1.305271e-01;2.499839e-02;1.010696e-01;3.009908e-02;6.772012e-02;1.684708e-01;6.085746e-02;4.799873e-02;4.442306e-02;6.805661e-02
2.651609e-01;5.195529e-02;1.572124e-01;3.972152e-02;4.757515e-02;5.405669e-02;4.290909e-02;7.193282e-02;5.381275e-02;7.600172e-02;4.901603e-02;9.064561e-02
2.767969e-01;2.356362e-02;9.715650e-02;5.363490e-02;1.684272e-02;7.511189e-02;4.801205e-02;4.749371e-02;4.979249e-02;1.214080e-01;6.566267e-02;1.245245e-01
2.628123e-01;2.223402e-02;9.804246e-02;4.845464e-02;2.486173e-02;8.781507e-02;7.100502e-02;3.861854e-02;3.940094e-02;1.286040e-01;5.978983e-02;1.183614e-01
2.458406e-01;7.310704e-02;1.254499e-01;3.609636e-02;2.442501e-02;8.573169e-02;6.653260e-02;6.222900e-02;6.579242e-02;8.352545e-02;6.260675e-02;6.866311e-02
1.822705e-01;1.099954e-01;1.147858e-01;5.665177e-02;6.464250e-02;4.942916e-02;6.727145e-02;1.037856e-01;8.650135e-02;5.983410e-02;4.980296e-02;5.502946e-02
2.132534e-01;1.006118e-01;7.873736e-02;4.362299e-02;1.285047e-01;2.642219e-02;5.133453e-02;1.654890e-01;6.680477e-02;4.148639e-02;3.765815e-02;4.607473e-02
2.573585e-01;7.541520e-02;4.937700e-02;1.681048e-02;2.222070e-01;1.519302e-02;2.559032e-02;2.311003e-01;3.332576e-02;1.894743e-02;3.267475e-02;2.200025e-02
2.528248e-01;4.530144e-02;4.553157e-02;7.632405e-03;2.869328e-01;8.231226e-03;8.184571e-03;2.607723e-01;2.177883e-02;6.616107e-03;4.593707e-02;1.025690e-02
2.321936e-01;3.855359e-02;4.685459e-02;5.191175e-03;2.712424e-01;7.848182e-03;1.620533e-02;2.654304e-01;4.045338e-02;7.192793e-03;5.960387e-02;9.230717e-03
2.270959e-01;3.095432e-02;5.006906e-02;1.176903e-02;2.170675e-01;9.736636e-03;3.791293e-02;2.800601e-01;3.882630e-02;8.246451e-03;6.347802e-02;2.478374e-02
2.149290e-01;3.554830e-02;7.282700e-02;3.359190e-02;1.460515e-01;1.731040e-02;6.783565e-02;2.579417e-01;2.294342e-02;1.997756e-02;5.689700e-02;5.414657e-02
1.931030e-01;5.087312e-02;1.085669e-01;4.519571e-02;8.644310e-02;2.518016e-02;9.882719e-02;1.862999e-01;3.605282e-02;3.506061e-02;4.970862e-02;8.468888e-02
1.666490e-01;6.077666e-02;1.511381e-01;4.770342e-02;3.977458e-02;4.078477e-02;1.061330e-01;1.258627e-01;4.030227e-02;5.936328e-02;5.343050e-02;1.080817e-01
1.326799e-01;5.773478e-02;1.775688e-01;3.820908e-02;1.009025e-01;3.777515e-02;8.515008e-02;1.704120e-01;2.625879e-02;6.038777e-02;4.806040e-02;6.486076e-02
1.277202e-01;9.366491e-02;7.418387e-02;3.586198e-02;5.342298e-02;6.916753e-02;1.056818e-01;9.737170e-02;9.242433e-02;8.305968e-02;5.873752e-02;1.087035e-01
7.916316e-02;9.611777e-02;5.537752e-02;3.972635e-02;7.704941e-02;7.868558e-02;8.362108e-02;1.073766e-01;6.446563e-02;1.001096e-01;7.625068e-02;1.420567e-01
5.683634e-02;9.923315e-02;5.926315e-02;4.116210e-02;8.524218e-02;8.498301e-02;7.314617e-02;1.088284e-01;4.605873e-02;1.129874e-01;7.272758e-02;1.595318e-01
6.716043e-02;9.666812e-02;8.000357e-02;4.015648e-02;9.139021e-02;8.893174e-02;5.822504e-02;8.675499e-02;4.562557e-02;1.074465e-01;5.298467e-02;1.846527e-01
1.477161e-01;1.065607e-01;1.405885e-01;2.286332e-02;5.578880e-02;5.348898e-02;6.656749e-02;7.578705e-02;9.466797e-02;5.315137e-02;4.119181e-02;1.416280e-01
2.529072e-01;1.145232e-01;1.155753e-01;2.342719e-02;2.757639e-02;3.669332e-02;6.199042e-02;1.331941e-01;7.676919e-02;4.145361e-02;3.477553e-02;8.111463e-02
3.381518e-01;8.439022e-02;8.567294e-02;1.679941e-02;3.043042e-02;2.962407e-02;4.890708e-02;2.014061e-01;4.492608e-02;3.725551e-02;3.497857e-02;4.745775e-02
3.143454e-01;5.128053e-02;6.858630e-02;9.711135e-03;4.910270e-02;2.486160e-02;1.149234e-01;2.315682e-01;1.683533e-02;2.803124e-02;2.541076e-02;6.534343e-02
2.440085e-01;4.166523e-02;6.744491e-02;1.407758e-02;5.449962e-02;3.139803e-02;1.591257e-01;2.128877e-01;3.986783e-02;3.858913e-02;2.820315e-02;6.823274e-02
1.876709e-01;5.088718e-02;8.568671e-02;2.253674e-02;5.699052e-02;4.499067e-02;1.650667e-01;1.866404e-01;5.159178e-02;5.025596e-02;3.376342e-02;6.391896e-02
1.708314e-01;8.359759e-02;1.702205e-01;2.947967e-02;4.634301e-02;5.018475e-02;1.136360e-01;1.283487e-01;5.162919e-02;4.878100e-02;4.122734e-02;6.572080e-02
2.803245e-01;7.769293e-02;2.687917e-01;2.631115e-02;4.759919e-02;2.633961e-02;6.565395e-02;8.113954e-02;1.644951e-02;2.140221e-02;3.935453e-02;4.894114e-02
3.296118e-01;9.286527e-02;2.770462e-01;1.601566e-02;4.924814e-02;1.330848e-02;2.926013e-02;8.178522e-02;1.529576e-02;1.729752e-02;4.105954e-02;3.720627e-02
3.870581e-01;1.082266e-01;2.367741e-01;9.936298e-03;3.605514e-02;8.369335e-03;1.367162e-02;9.645630e-02;1.307280e-02;1.501985e-02;3.821232e-02;3.714756e-02
4.073843e-01;9.543084e-02;1.836825e-01;1.602515e-02;3.294994e-02;1.353017e-02;2.729660e-02;1.090066e-01;1.267671e-02;2.472570e-02;3.679127e-02;4.050021e-02
3.425170e-01;8.525148e-02;1.739278e-01;2.381841e-02;3.458360e-02;2.172786e-02;5.928440e-02;1.310428e-01;2.490365e-02;3.485798e-02;3.248403e-02;3.560096e-02
3.312009e-01;8.426902e-02;1.768134e-01;1.899310e-02;3.551396e-02;1.692172e-02;5.220824e-02;1.656601e-01;2.762170e-02;3.059154e-02;2.106995e-02;3.913644e-02
3.908029e-01;8.735058e-02;1.429583e-01;9.159440e-03;3.101215e-02;1.039021e-02;2.336776e-02;2.011772e-01;2.218346e-02;1.962684e-02;2.135986e-02;4.061125e-02
4.037514e-01;7.850546e-02;1.449589e-01;7.105241e-03;2.671701e-02;1.033941e-02;2.321105e-02;2.081520e-01;1.626967e-02;1.606738e-02;2.561932e-02;3.930325e-02
4.091355e-01;8.380249e-02;1.435759e-01;7.018346e-03;2.398538e-02;1.008873e-02;1.469503e-02;2.033405e-01;2.623061e-02;1.111060e-02;3.008190e-02;3.693499e-02
3.995982e-01;8.868297e-02;1.351922e-01;5.706530e-03;2.414743e-02;1.057509e-02;2.321202e-02;1.812430e-01;4.264650e-02;2.961549e-02;2.392081e-02;3.545983e-02
3.526391e-01;7.223435e-02;1.131929e-01;9.720507e-03;1.935098e-02;1.658237e-02;5.896105e-02;1.734800e-01;7.568506e-02;4.174152e-02;2.600439e-02;4.040777e-02
2.878971e-01;6.232595e-02;8.543497e-02;1.538856e-02;2.500641e-02;3.333808e-02;1.250725e-01;1.419593e-01;7.280608e-02;7.094977e-02;3.837375e-02;4.144756e-02
2.214210e-01;5.105403e-02;6.060623e-02;2.782962e-02;3.477813e-02;4.386525e-02;1.557224e-01;1.316876e-01;6.959808e-02;9.442060e-02;4.771360e-02;6.130349e-02
1.795224e-01;4.209576e-02;5.613080e-02;4.544945e-02;6.430744e-02;4.108990e-02;1.397741e-01;1.444172e-01;6.009494e-02;9.198673e-02;7.064571e-02;6.448556e-02
1.306968e-01;6.593350e-02;1.000058e-01;7.245956e-02;9.415785e-02;6.555317e-02;1.195354e-01;1.039173e-01;5.423344e-02;6.621293e-02;8.987653e-02;3.741774e-02
9.621994e-02;9.610610e-02;1.194115e-01;9.370299e-02;1.033305e-01;9.871519e-02;9.602728e-02;7.406925e-02;5.100188e-02;5.753635e-02;9.027543e-02;2.360357e-02
8.537883e-02;1.038143e-01;1.560936e-01;9.088963e-02;9.793041e-02;1.036999e-01;8.863901e-02;4.265524e-02;4.239778e-02;6.646847e-02;8.343256e-02;3.860027e-02
1.139517e-01;7.992005e-02;1.627833e-01;9.093477e-02;6.977448e-02;8.378742e-02;7.609534e-02;3.905221e-02;5.799848e-02;8.800358e-02;9.272936e-02;4.496933e-02
1.343922e-01;7.737160e-02;1.903584e-01;8.612299e-02;4.921556e-02;5.632970e-02;6.050073e-02;3.324217e-02;5.424355e-02;1.033925e-01;7.522794e-02;7.960260e-02
1.009081e-01;1.090134e-01;1.509185e-01;7.503504e-02;8.042277e-02;6.112167e-02;5.559020e-02;2.934821e-02;5.399511e-02;1.127348e-01;7.464277e-02;9.626947e-02
1.150960e-01;8.802937e-02;9.366865e-02;1.123779e-01;9.408587e-02;8.132037e-02;6.202471e-02;4.507587e-02;5.526554e-02;9.558114e-02;8.267313e-02;7.480145e-02
9.340698e-02;9.524626e-02;1.211787e-01;8.701202e-02;6.929796e-02;7.494365e-02;8.118579e-02;4.901922e-02;7.123600e-02;7.479470e-02;9.124069e-02;9.143804e-02
9.975747e-02;9.373143e-02;1.251336e-01;6.833338e-02;6.112624e-02;7.909222e-02;7.958609e-02;5.733798e-02;6.826603e-02;1.022761e-01;8.989167e-02;7.546782e-02
1.085760e-01;8.627439e-02;7.544862e-02;1.043499e-01;6.577326e-02;7.393108e-02;5.685973e-02;5.222045e-02;6.339021e-02;1.290820e-01;9.159183e-02;9.250254e-02
9.510135e-02;1.116665e-01;1.037088e-01;7.652259e-02;4.480296e-02;5.277702e-02;4.874545e-02;5.139476e-02;7.095730e-02;1.398806e-01;1.109064e-01;9.353632e-02
9.209467e-02;8.561158e-02;1.214646e-01;4.532416e-02;4.105379e-02;3.950582e-02;6.509160e-02;5.510473e-02;8.226330e-02;1.388173e-01;1.230335e-01;1.106349e-01
1.011928e-01;5.050397e-02;1.129292e-01;5.414208e-02;5.751390e-02;6.070611e-02;1.013603e-01;6.349809e-02;4.515282e-02;1.322578e-01;1.127830e-01;1.079600e-01
9.537362e-02;5.842819e-02;1.041350e-01;3.702274e-02;5.867850e-02;7.015368e-02;9.895366e-02;7.805171e-02;8.031382e-02;1.295053e-01;9.814946e-02;9.123425e-02
7.219732e-02;4.529533e-02;1.811339e-01;3.052875e-02;6.578761e-02;7.076506e-02;1.326782e-01;7.531869e-02;8.797553e-02;1.026658e-01;7.997382e-02;5.568006e-02
6.190338e-02;2.644957e-02;3.020138e-01;4.634300e-02;4.953953e-02;4.923258e-02;2.036082e-01;4.168221e-02;5.608212e-02;7.387952e-02;6.913518e-02;2.013087e-02
5.552316e-02;3.600224e-02;3.175019e-01;4.295309e-02;8.080324e-02;5.312998e-02;1.514491e-01;4.044420e-02;5.515457e-02;8.021249e-02;4.761866e-02;3.920732e-02
3.925974e-02;4.888327e-02;3.655969e-01;5.404659e-02;1.047938e-01;6.350689e-02;6.288029e-02;3.991112e-02;4.925282e-02;6.604403e-02;6.827553e-02;3.754904e-02
5.173030e-02;4.783436e-02;3.448706e-01;4.124355e-02;8.076233e-02;6.383888e-02;1.460715e-01;4.648746e-02;4.127071e-02;4.102574e-02;6.196763e-02;3.289700e-02
8.605445e-02;5.199811e-02;3.545820e-01;4.701278e-02;6.127998e-02;5.311145e-02;1.000383e-01;6.308173e-02;3.820803e-02;5.195416e-02;5.468868e-02;3.799032e-02
7.809411e-02;5.711435e-02;3.774211e-01;4.522814e-02;4.935332e-02;4.898036e-02;6.921276e-02;6.431483e-02;5.199996e-02;5.534161e-02;6.416117e-02;3.877832e-02
7.335567e-02;6.655206e-02;1.999723e-01;6.810834e-02;7.397661e-02;7.656531e-02;1.034645e-01;6.978847e-02;7.430030e-02;7.093060e-02;5.786722e-02;6.511863e-02
7.299640e-02;7.274237e-02;1.711743e-01;7.154760e-02;6.937944e-02;7.578564e-02;1.216124e-01;6.775206e-02;7.620827e-02;7.865229e-02;4.809891e-02;7.405026e-02
3.196565e-02;7.299602e-02;2.593520e-01;8.735427e-02;6.065783e-02;6.402332e-02;1.347773e-01;6.164319e-02;5.990783e-02;6.792707e-02;3.702806e-02;6.236745e-02
6.858729e-02;8.646002e-02;4.012844e-01;7.652562e-02;4.905847e-02;3.694778e-02;9.998320e-02;2.362306e-02;4.603608e-02;5.306505e-02;2.503434e-02;3.339472e-02
8.099727e-02;9.290465e-02;4.632385e-01;6.593782e-02;3.843087e-02;2.041212e-02;5.717386e-02;2.577543e-02;4.026238e-02;6.512401e-02;1.894552e-02;3.079754e-02
6.873409e-02;7.560947e-02;4.855531e-01;4.603587e-02;2.946475e-02;1.886356e-02;4.719238e-02;3.995693e-02;4.284985e-02;7.314978e-02;3.086734e-02;4.172290e-02
