4.545235e-02;6.394052e-02;3.907025e-01;7.018170e-02;7.934087e-02;4.916048e-02;1.323624e-01;2.377343e-02;5.332372e-02;5.505563e-02;1.761103e-02;1.909528e-02
7.963400e-02;1.009611e-01;4.482531e-01;5.920465e-02;6.508475e-02;3.782194e-02;8.709032e-02;1.328326e-02;4.789859e-02;2.967527e-02;1.103754e-02;2.005555e-02
1.350392e-01;1.370171e-01;4.387291e-01;4.160253e-02;4.010743e-02;2.241696e-02;6.040609e-02;1.757857e-02;4.902466e-02;1.837926e-02;1.466954e-02;2.502954e-02
1.903598e-01;1.435265e-01;3.319462e-01;3.564608e-02;2.408899e-02;2.032835e-02;5.152383e-02;3.461406e-02;5.447383e-02;3.448216e-02;3.810586e-02;4.090422e-02
1.776306e-01;9.541045e-02;8.677095e-02;3.979328e-02;4.628983e-02;5.081999e-02;1.034452e-01;8.252648e-02;7.723115e-02;7.842192e-02;8.969627e-02;7.196391e-02
9.832568e-02;6.602558e-02;1.988113e-01;2.773712e-02;5.365174e-02;5.171078e-02;1.195191e-01;7.740659e-02;6.140123e-02;9.085267e-02;9.539308e-02;5.916509e-02
9.020113e-02;9.780474e-02;1.783759e-01;2.746071e-02;7.859100e-02;4.134320e-02;1.428788e-01;5.162842e-02;6.741580e-02;8.576702e-02;8.741999e-02;5.111337e-02
8.616337e-02;9.196062e-02;1.169019e-01;7.765788e-02;8.451068e-02;3.866164e-02;1.851515e-01;5.751826e-02;7.675328e-02;7.426862e-02;6.077197e-02;4.968028e-02
7.179926e-02;8.039780e-02;1.219611e-01;1.112538e-01;7.903524e-02;5.620056e-02;1.506896e-01;3.325001e-02;8.807868e-02;9.857275e-02;4.463676e-02;6.412443e-02
8.388986e-02;7.284433e-02;1.578957e-01;1.010564e-01;6.710975e-02;6.755564e-02;1.104045e-01;4.585677e-02;1.278723e-01;7.931111e-02;2.903458e-02;5.716903e-02
1.472596e-01;4.083522e-02;1.724827e-01;6.370311e-02;5.207525e-02;4.050403e-02;1.461738e-01;8.752213e-02;9.129532e-02;4.888323e-02;6.385799e-02;4.540755e-02
1.215579e-01;7.077553e-02;1.108707e-01;4.482518e-02;5.892529e-02;5.353946e-02;1.706161e-01;9.375264e-02;8.947048e-02;8.077172e-02;7.293575e-02;3.195929e-02
1.036764e-01;7.449393e-02;8.849145e-02;5.318402e-02;7.277548e-02;7.019700e-02;1.753841e-01;8.119655e-02;9.645037e-02;8.681682e-02;6.420642e-02;3.312749e-02
8.276634e-02;6.404542e-02;7.221020e-02;6.651074e-02;7.149951e-02;7.830507e-02;1.901219e-01;6.318311e-02;1.062038e-01;1.154620e-01;5.216463e-02;3.752722e-02
5.566439e-02;5.141201e-02;1.325529e-01;3.825600e-02;6.695115e-02;7.721467e-02;1.562559e-01;7.376283e-02;1.230337e-01;1.342925e-01;5.501290e-02;3.559103e-02
5.679208e-02;6.845140e-02;3.480189e-01;6.393190e-02;7.362755e-02;4.172642e-02;1.168926e-01;4.799582e-02;6.459783e-02;6.758625e-02;2.706532e-02;2.331398e-02
5.731783e-02;9.134874e-02;4.945608e-01;7.009984e-02;5.854055e-02;2.370428e-02;6.917139e-02;2.535770e-02;2.484667e-02;5.124275e-02;1.613435e-02;1.767510e-02
3.218813e-02;9.289409e-02;6.245968e-01;5.653911e-02;2.906704e-02;1.714508e-02;3.587644e-02;1.696652e-02;2.241448e-02;5.666514e-02;6.084971e-03;9.562178e-03
1.383298e-02;9.826498e-02;6.625327e-01;3.956951e-02;1.633510e-02;1.238469e-02;2.127050e-02;1.829817e-02;3.975182e-02;6.487084e-02;6.695070e-03;6.193621e-03
3.083468e-02;1.445193e-01;5.624880e-01;2.121851e-02;1.771467e-02;1.304641e-02;2.477642e-02;2.109391e-02;8.421820e-02;6.064941e-02;8.804914e-03;1.063561e-02
4.920107e-02;1.878320e-01;4.512592e-01;1.965925e-02;1.351631e-02;1.488128e-02;2.308471e-02;2.181760e-02;1.456189e-01;4.728065e-02;9.664427e-03;1.618449e-02
7.999834e-02;2.118005e-01;3.420624e-01;2.208330e-02;9.773931e-03;2.057375e-02;3.964500e-02;3.250370e-02;1.866092e-01;2.907045e-02;1.052815e-02;1.535124e-02
1.329805e-01;1.967522e-01;2.648494e-01;3.654892e-02;2.066435e-02;3.490434e-02;4.958685e-02;4.015443e-02;1.565297e-01;3.088053e-02;1.677508e-02;1.937368e-02
1.886439e-01;1.817265e-01;2.230412e-01;4.140506e-02;4.035659e-02;3.945498e-02;6.205030e-02;4.784909e-02;1.093889e-01;2.785844e-02;2.211534e-02;1.610980e-02
1.930261e-01;1.363886e-01;2.398029e-01;4.080997e-02;4.928002e-02;3.435185e-02;5.151122e-02;7.630933e-02;9.695331e-02;3.099311e-02;2.715380e-02;2.341992e-02
1.446165e-01;8.783380e-02;2.420756e-01;4.379132e-02;4.156404e-02;4.178964e-02;7.373766e-02;8.221854e-02;1.120472e-01;5.296450e-02;4.533156e-02;3.202973e-02
1.040499e-01;4.766982e-02;2.396854e-01;7.236131e-02;3.725728e-02;5.726817e-02;8.562860e-02;8.732366e-02;9.099783e-02;8.603965e-02;6.127837e-02;3.044010e-02
9.892773e-02;6.001321e-02;2.067615e-01;1.009127e-01;5.414128e-02;4.130703e-02;7.348749e-02;6.134085e-02;7.407134e-02;1.482467e-01;4.462376e-02;3.616641e-02
8.584478e-02;7.407841e-02;1.398157e-01;7.430772e-02;5.593133e-02;4.799446e-02;8.479165e-02;3.728708e-02;1.102914e-01;2.025489e-01;5.216834e-02;3.494020e-02
6.743651e-02;7.390020e-02;1.402722e-01;5.656504e-02;6.587992e-02;5.430366e-02;7.278764e-02;5.297694e-02;1.082725e-01;1.684838e-01;9.204398e-02;4.707766e-02
8.440218e-02;5.523643e-02;1.612356e-01;6.679844e-02;1.081357e-01;5.732478e-02;7.270827e-02;5.339231e-02;1.025742e-01;9.495010e-02;7.574885e-02;6.749309e-02
8.437666e-02;4.806511e-02;1.544873e-01;7.153344e-02;1.128948e-01;4.051092e-02;1.097175e-01;6.653700e-02;1.181810e-01;8.358859e-02;4.326301e-02;6.684474e-02
6.141739e-02;7.864793e-02;9.046181e-02;7.456431e-02;7.427030e-02;5.782607e-02;1.178542e-01;8.599226e-02;1.101768e-01;1.286054e-01;6.288674e-02;5.729675e-02
4.521141e-02;1.013718e-01;1.020183e-01;4.721316e-02;7.693426e-02;6.884157e-02;1.176974e-01;1.318754e-01;8.283050e-02;1.085269e-01;7.234357e-02;4.513565e-02
8.550703e-02;9.715624e-02;9.929068e-02;4.229233e-02;6.878920e-02;6.697065e-02;1.091397e-01;1.467208e-01;8.823389e-02;8.849480e-02;5.406635e-02;5.333830e-02
1.000826e-01;4.438460e-02;1.253198e-01;6.490869e-02;4.760383e-02;7.536273e-02;8.414643e-02;1.416891e-01;1.221686e-01;9.870169e-02;5.216958e-02;4.346235e-02
9.893628e-02;5.112510e-02;1.642154e-01;6.891721e-02;5.787940e-02;5.839359e-02;9.466413e-02;8.712249e-02;1.233607e-01;9.714199e-02;6.541095e-02;3.283272e-02
7.987767e-02;4.907870e-02;1.473440e-01;5.318945e-02;1.013070e-01;6.265472e-02;1.854046e-01;5.085093e-02;7.578500e-02;7.743888e-02;7.198562e-02;4.508351e-02
6.695316e-02;5.293704e-02;3.571996e-01;4.330428e-02;9.078810e-02;5.024674e-02;1.660325e-01;3.045364e-02;3.053682e-02;4.660204e-02;3.773793e-02;2.720821e-02
5.970237e-02;8.833974e-02;5.412459e-01;3.758859e-02;5.896958e-02;2.994375e-02;6.950703e-02;2.144497e-02;2.093519e-02;2.976407e-02;2.608363e-02;1.647511e-02
5.892942e-02;1.405383e-01;5.783524e-01;3.656232e-02;3.138982e-02;1.773716e-02;4.259577e-02;1.676823e-02;2.630917e-02;1.917150e-02;1.516325e-02;1.648267e-02
8.064327e-02;1.788902e-01;5.071676e-01;4.421566e-02;2.122464e-02;1.343079e-02;4.313970e-02;2.301258e-02;4.056903e-02;1.797686e-02;1.125477e-02;1.847484e-02
1.339308e-01;1.937856e-01;3.896394e-01;3.896756e-02;3.686878e-02;1.615629e-02;3.523489e-02;4.211495e-02;6.331825e-02;1.742204e-02;1.328716e-02;1.927432e-02
2.024749e-01;2.116369e-01;2.736094e-01;2.974505e-02;3.995776e-02;1.767412e-02;2.308203e-02;6.620771e-02;9.035004e-02;1.201489e-02;1.378902e-02;1.945819e-02
2.653307e-01;2.083090e-01;1.830053e-01;2.458798e-02;4.459006e-02;1.272794e-02;3.230774e-02;8.315141e-02;1.044141e-01;8.551381e-03;1.721378e-02;1.581067e-02
3.095435e-01;2.154802e-01;1.717563e-01;1.848606e-02;5.098580e-02;1.483956e-02;1.487070e-02;6.537654e-02;8.914578e-02;1.220548e-02;1.864381e-02;1.866630e-02
3.374696e-01;1.905191e-01;1.551168e-01;1.838109e-02;5.379393e-02;1.256803e-02;1.720729e-02;8.215499e-02;7.142283e-02;1.523869e-02;2.035372e-02;2.577387e-02
3.755169e-01;1.630113e-01;1.264272e-01;1.492552e-02;8.168596e-02;1.567823e-02;2.130193e-02;1.016531e-01;3.910187e-02;1.908857e-02;1.693858e-02;2.467091e-02
3.704084e-01;1.232438e-01;1.228653e-01;1.320881e-02;1.066338e-01;1.845281e-02;3.883983e-02;1.143725e-01;2.437305e-02;1.668821e-02;1.786935e-02;3.304417e-02
3.719379e-01;8.196555e-02;9.155104e-02;1.207172e-02;1.075770e-01;3.285260e-02;6.677777e-02;1.192086e-01;2.751153e-02;1.651806e-02;2.255792e-02;4.947029e-02
3.466388e-01;4.134965e-02;6.042172e-02;3.520405e-02;9.954098e-02;4.748559e-02;1.122944e-01;1.051524e-01;1.159057e-02;3.253429e-02;3.702123e-02;7.076630e-02
2.547434e-01;5.208415e-02;1.794228e-01;3.669912e-02;7.318590e-02;3.397265e-02;1.296296e-01;5.783353e-02;2.331791e-02;4.845251e-02;4.520516e-02;6.545332e-02
1.859358e-01;6.539293e-02;2.491510e-01;4.246918e-02;6.391718e-02;3.627511e-02;1.308891e-01;2.260575e-02;2.984282e-02;6.005089e-02;6.409314e-02;4.937708e-02
1.274604e-01;8.403504e-02;2.312982e-01;4.320877e-02;6.849935e-02;4.734032e-02;1.479830e-01;3.646475e-02;4.776447e-02;7.228183e-02;6.757791e-02;2.608602e-02
1.286942e-01;9.981463e-02;1.699068e-01;5.164222e-02;6.774777e-02;3.683373e-02;1.128171e-01;5.411639e-02;8.623017e-02;8.199356e-02;7.906758e-02;3.113595e-02
1.229293e-01;6.292318e-02;1.871491e-01;6.189343e-02;5.820357e-02;4.357905e-02;8.325418e-02;9.494537e-02;9.259291e-02;7.360379e-02;7.115287e-02;4.777322e-02
8.928394e-02;6.537991e-02;1.770396e-01;5.021296e-02;9.767424e-02;7.522566e-02;9.479394e-02;1.034369e-01;8.088282e-02;7.157374e-02;5.116181e-02;4.333457e-02
6.907978e-02;1.039342e-01;1.380177e-01;4.416145e-02;9.470163e-02;8.857310e-02;1.268646e-01;6.054075e-02;9.042417e-02;7.290734e-02;6.443427e-02;4.636097e-02
7.628106e-02;7.107164e-02;1.705708e-01;4.507959e-02;6.195047e-02;7.993427e-02;1.500199e-01;6.829616e-02;5.404499e-02;1.029937e-01;8.402832e-02;3.572917e-02
1.120892e-01;4.367562e-02;1.194753e-01;5.190461e-02;4.546515e-02;9.122481e-02;1.307441e-01;7.533387e-02;6.601635e-02;1.143347e-01;8.519381e-02;6.454242e-02
1.182299e-01;6.193056e-02;1.478168e-01;4.312861e-02;5.814970e-02;7.403436e-02;1.042948e-01;6.268813e-02;5.906687e-02;1.136230e-01;7.454165e-02;8.249567e-02
1.391324e-01;5.582372e-02;1.709400e-01;5.216587e-02;5.843436e-02;4.865067e-02;1.179741e-01;6.032928e-02;4.859050e-02;1.079759e-01;8.028025e-02;5.970302e-02
1.336314e-01;7.891803e-02;1.158939e-01;8.134713e-02;7.101990e-02;4.926075e-02;1.140172e-01;4.474438e-02;7.521213e-02;1.337717e-01;5.957351e-02;4.261004e-02
1.186285e-01;8.121408e-02;1.083168e-01;7.441994e-02;7.187258e-02;6.890275e-02;8.264019e-02;5.910426e-02;9.850185e-02;1.329791e-01;5.582063e-02;4.759920e-02
9.957743e-02;6.369859e-02;1.411065e-01;6.038383e-02;6.556076e-02;6.063866e-02;1.181969e-01;6.174394e-02;1.159279e-01;1.096930e-01;5.673809e-02;4.673438e-02
5.065753e-02;2.658802e-02;2.238794e-01;5.587852e-02;1.063197e-01;6.855202e-02;2.092411e-01;5.473509e-02;6.350260e-02;5.835505e-02;4.676375e-02;3.552723e-02
2.594342e-02;2.526873e-02;2.287723e-01;1.067185e-01;1.529531e-01;8.809153e-02;1.827517e-01;4.388205e-02;1.714814e-02;2.717139e-02;5.939047e-02;4.190863e-02
1.504455e-02;1.961977e-02;2.293980e-01;1.645267e-01;1.961035e-01;7.695924e-02;1.127861e-01;3.845916e-02;9.222607e-03;1.173097e-02;6.933724e-02;5.681217e-02
1.762494e-02;1.412688e-02;2.041129e-01;1.875500e-01;2.736169e-01;5.332522e-02;3.292316e-02;3.244243e-02;1.431255e-02;1.476586e-02;5.700132e-02;9.819790e-02
1.922018e-02;1.550644e-02;1.519987e-01;1.171046e-01;3.409288e-01;6.744089e-02;5.457524e-02;1.637445e-02;2.007135e-02;7.044162e-03;4.370212e-02;1.460331e-01
1.238774e-02;1.026130e-02;1.378840e-01;6.390881e-02;3.918203e-01;6.712376e-02;3.130158e-02;1.298632e-02;3.857494e-02;1.352074e-02;4.412898e-02;1.761015e-01
9.698326e-03;1.325130e-02;1.395570e-01;7.424834e-02;4.048132e-01;6.402138e-02;3.566058e-02;1.045198e-02;4.439208e-02;1.328862e-02;2.130193e-02;1.693152e-01
2.168333e-02;1.637480e-02;1.121568e-01;7.348247e-02;3.890954e-01;7.416508e-02;6.587714e-02;8.175728e-03;4.712325e-02;8.647808e-03;1.802890e-02;1.651894e-01
2.579650e-02;1.343499e-02;1.056896e-01;6.025289e-02;3.743540e-01;9.533284e-02;7.990205e-02;9.990486e-03;4.962981e-02;1.223924e-02;1.052029e-02;1.628573e-01
2.421296e-02;1.038770e-02;1.072621e-01;5.920800e-02;3.751872e-01;1.015062e-01;6.512649e-02;1.544449e-02;6.156333e-02;1.421709e-02;9.768846e-03;1.561155e-01
2.878384e-02;1.161511e-02;9.097099e-02;3.306146e-02;3.578544e-01;1.473730e-01;1.212843e-01;1.461274e-02;5.840242e-02;1.700678e-02;1.369692e-02;1.053380e-01
3.613584e-02;1.447932e-02;7.758605e-02;2.326150e-02;3.192507e-01;2.110118e-01;1.533450e-01;1.194856e-02;3.140107e-02;1.743064e-02;2.202094e-02;8.212855e-02
6.319339e-02;1.685230e-02;4.524036e-02;2.320356e-02;2.126263e-01;2.987749e-01;1.899087e-01;2.005296e-02;2.411062e-02;1.705103e-02;1.675986e-02;7.222602e-02
8.772733e-02;1.654625e-02;3.315958e-02;2.533859e-02;1.471166e-01;3.456491e-01;2.230674e-01;2.324558e-02;2.435094e-02;2.865517e-02;9.302915e-03;3.584062e-02
9.769361e-02;1.711221e-02;3.661606e-02;2.835074e-02;1.218788e-01;3.511269e-01;2.510455e-01;1.566593e-02;1.144045e-02;3.978318e-02;1.064080e-02;1.864582e-02
9.554128e-02;1.099321e-02;3.095735e-02;1.841036e-02;1.275286e-01;3.612002e-01;2.618849e-01;1.022304e-02;2.042757e-02;4.458580e-02;6.959669e-03;1.128803e-02
7.181442e-02;1.040046e-02;2.350350e-02;1.454844e-02;1.615394e-01;3.315398e-01;2.766120e-01;1.804477e-02;2.335760e-02;4.194999e-02;1.265980e-02;1.402994e-02
4.612584e-02;1.815402e-02;4.172306e-02;2.748055e-02;1.910578e-01;2.877594e-01;2.665243e-01;2.210780e-02;1.846096e-02;4.230697e-02;2.053032e-02;1.776911e-02
5.136398e-02;1.909966e-02;6.051444e-02;2.704924e-02;1.718388e-01;2.512616e-01;3.165886e-01;1.826358e-02;2.055285e-02;2.716294e-02;1.150055e-02;2.480377e-02
4.996810e-02;1.280804e-02;3.370699e-02;1.542565e-02;1.570814e-01;2.895295e-01;3.792081e-01;1.318164e-02;1.273840e-02;1.695041e-02;5.613403e-03;1.378843e-02
4.773821e-02;5.385060e-03;2.492062e-02;1.131039e-02;1.781580e-01;3.068025e-01;3.626321e-01;1.421948e-02;1.205300e-02;1.479205e-02;1.005241e-02;1.193620e-02
3.712455e-02;7.189228e-03;4.535227e-02;1.588200e-02;2.262228e-01;2.865617e-01;2.956852e-01;1.288869e-02;1.715524e-02;1.462617e-02;1.159921e-02;2.971291e-02
2.471941e-02;9.152816e-03;7.818060e-02;3.021340e-02;2.726631e-01;2.516978e-01;2.425230e-01;1.444066e-02;2.506233e-02;1.169981e-02;8.314471e-03;3.133253e-02
2.158492e-02;1.874975e-02;1.177806e-01;4.742938e-02;2.869375e-01;1.919654e-01;1.894566e-01;1.790722e-02;3.221956e-02;1.258706e-02;1.909655e-02;4.428548e-02
3.266663e-02;2.858011e-02;1.456159e-01;5.237263e-02;2.495362e-01;1.247877e-01;1.947642e-01;1.738505e-02;2.891158e-02;2.125475e-02;3.511162e-02;6.901368e-02
2.057748e-02;2.265695e-02;2.004580e-01;1.028388e-01;2.260870e-01;8.442021e-02;1.426398e-01;1.924371e-02;3.362438e-02;3.234913e-02;4.135191e-02;7.375269e-02
2.385335e-02;2.197879e-02;2.872457e-01;1.585280e-01;1.782355e-01;5.224284e-02;7.252201e-02;3.069188e-02;2.887307e-02;2.619380e-02;6.888095e-02;5.075411e-02
1.466509e-02;1.677117e-02;3.829058e-01;1.550802e-01;1.231054e-01;5.444723e-02;5.708715e-02;3.661991e-02;1.760691e-02;1.528735e-02;9.658092e-02;2.984290e-02
1.217821e-02;1.107384e-02;4.623233e-01;1.335764e-01;1.123433e-01;4.986991e-02;6.569272e-02;2.542967e-02;2.113982e-02;1.856508e-02;7.075809e-02;1.704968e-02
1.372223e-02;9.213617e-03;5.657834e-01;1.051785e-01;8.766643e-02;4.080417e-02;5.883376e-02;1.421893e-02;2.405277e-02;3.598438e-02;3.077416e-02;1.376756e-02
2.141504e-02;2.595228e-02;6.191361e-01;6.645342e-02;3.860873e-02;2.426013e-02;5.656621e-02;1.940418e-02;2.103644e-02;7.448212e-02;2.081515e-02;1.187022e-02
2.245856e-02;3.508845e-02;6.424247e-01;3.342564e-02;3.808321e-02;2.114673e-02;5.088972e-02;2.154930e-02;1.696558e-02;8.843876e-02;2.053706e-02;8.992319e-03
2.258077e-02;4.233839e-02;6.440897e-01;5.033457e-02;3.843081e-02;2.107806e-02;3.357258e-02;1.227118e-02;3.743524e-02;7.484773e-02;1.585064e-02;7.170287e-03
2.862353e-02;8.630586e-02;6.296175e-01;3.959309e-02;2.292262e-02;1.610853e-02;2.946397e-02;1.411463e-02;4.573767e-02;6.458403e-02;1.152321e-02;1.140542e-02
2.662814e-02;1.034276e-01;6.217788e-01;2.464051e-02;1.853424e-02;1.248294e-02;1.803429e-02;2.154852e-02;5.612040e-02;7.012475e-02;1.259070e-02;1.408907e-02
1.667192e-02;9.626836e-02;5.674554e-01;2.850258e-02;2.461411e-02;2.414944e-02;1.761045e-02;1.619374e-02;8.536174e-02;8.883611e-02;1.878162e-02;1.555457e-02
2.593252e-02;9.809252e-02;5.238606e-01;3.161870e-02;1.416436e-02;4.317636e-02;2.682093e-02;1.080982e-02;9.642924e-02;9.604138e-02;1.779774e-02;1.525587e-02
2.872013e-02;1.133367e-01;4.287606e-01;2.998406e-02;1.922836e-02;6.976102e-02;3.022460e-02;1.012855e-02;1.588715e-01;7.644515e-02;2.245972e-02;1.207967e-02
4.543336e-02;1.404326e-01;3.046584e-01;2.155749e-02;1.697060e-02;9.895958e-02;3.946966e-02;1.845110e-02;2.422948e-01;4.229393e-02;1.676274e-02;1.271570e-02
5.546411e-02;1.390042e-01;2.900845e-01;2.326373e-02;2.234883e-02;1.058715e-01;3.087698e-02;1.915757e-02;2.633987e-01;2.011652e-02;1.244316e-02;1.797019e-02
3.371067e-02;1.379658e-01;2.997981e-01;2.762263e-02;2.068061e-02;1.059592e-01;2.962250e-02;1.712895e-02;2.897273e-01;1.083981e-02;8.552364e-03;1.839210e-02
7.187130e-02;1.402327e-01;2.615506e-01;2.425605e-02;1.545486e-02;8.756601e-02;2.518350e-02;2.755105e-02;2.977401e-01;1.963762e-02;1.244007e-02;1.651618e-02
8.678727e-02;1.500280e-01;2.623079e-01;1.676709e-02;2.678016e-02;4.733493e-02;2.336582e-02;4.145109e-02;2.928653e-01;2.037357e-02;1.831086e-02;1.362797e-02
7.951393e-02;1.758543e-01;2.607379e-01;1.773595e-02;1.073846e-02;3.905431e-02;3.296863e-02;2.894503e-02;3.082904e-01;2.072367e-02;1.300861e-02;1.242891e-02
6.346510e-02;1.794079e-01;2.764236e-01;2.024449e-02;1.822030e-02;5.721105e-02;2.554237e-02;1.265505e-02;3.046106e-01;2.016872e-02;1.149437e-02;1.055659e-02
6.058800e-02;1.784172e-01;2.867898e-01;2.139853e-02;1.727097e-02;6.569663e-02;1.700286e-02;1.567267e-02;2.970989e-01;2.155209e-02;7.063251e-03;1.144908e-02
9.156058e-02;1.710593e-01;2.899119e-01;2.424212e-02;1.979304e-02;5.976533e-02;1.843623e-02;1.090393e-02;2.516675e-01;2.887275e-02;1.038688e-02;2.340046e-02
1.273541e-01;1.427796e-01;2.675990e-01;2.502593e-02;3.967214e-02;4.767301e-02;5.625012e-02;2.516581e-02;1.751684e-01;4.214205e-02;2.046430e-02;3.070548e-02
8.811607e-02;1.095430e-01;4.362800e-01;3.663418e-02;4.568190e-02;2.785920e-02;6.226009e-02;2.592969e-02;9.394284e-02;3.456695e-02;2.021779e-02;1.896833e-02
2.466903e-02;9.125554e-02;6.515360e-01;3.294515e-02;3.173807e-02;2.252892e-02;3.239394e-02;1.986952e-02;3.837860e-02;2.373699e-02;1.763102e-02;1.331717e-02
2.935928e-02;9.661373e-02;6.855758e-01;3.738517e-02;2.736077e-02;2.536805e-02;1.874182e-02;1.243222e-02;1.641205e-02;2.546009e-02;9.768768e-03;1.552227e-02
4.280098e-02;1.100448e-01;6.142294e-01;3.692035e-02;2.972602e-02;2.702651e-02;2.913528e-02;2.436495e-02;2.773842e-02;3.119767e-02;1.335912e-02;1.345656e-02
7.227709e-02;1.126100e-01;4.894516e-01;3.084616e-02;3.543440e-02;4.330236e-02;3.695114e-02;4.277528e-02;5.140790e-02;3.703947e-02;2.489994e-02;2.300461e-02
7.505082e-02;1.039390e-01;3.624236e-01;3.127907e-02;5.344874e-02;5.665917e-02;3.347541e-02;6.108184e-02;8.830053e-02;4.202519e-02;5.254042e-02;3.977622e-02
3.142685e-02;8.763194e-02;2.160255e-01;4.965876e-02;6.540376e-02;7.624110e-02;8.952537e-02;8.458053e-02;1.064811e-01;6.440143e-02;9.209338e-02;3.653031e-02
6.043694e-02;6.756463e-02;1.256918e-01;7.250627e-02;7.196218e-02;7.812439e-02;1.402379e-01;6.578411e-02;1.144214e-01;7.057323e-02;9.343018e-02;3.926702e-02
4.956770e-02;6.233741e-02;1.552668e-01;8.256473e-02;7.473915e-02;6.548982e-02;1.800719e-01;4.641102e-02;9.410091e-02;7.250827e-02;6.634837e-02;5.059398e-02
4.477055e-02;6.423271e-02;1.346299e-01;6.942181e-02;8.854364e-02;5.607726e-02;2.241689e-01;5.435821e-02;8.748002e-02;5.631401e-02;6.664518e-02;5.335780e-02
5.362606e-02;5.491982e-02;1.461335e-01;5.750000e-02;9.331539e-02;4.856366e-02;1.721777e-01;9.527814e-02;1.025196e-01;4.786931e-02;7.925637e-02;4.884037e-02
7.826112e-02;5.550622e-02;1.531023e-01;5.047736e-02;8.121628e-02;5.647526e-02;1.124888e-01;1.016096e-01;1.247610e-01;7.855716e-02;6.793570e-02;3.960924e-02
8.041947e-02;8.304578e-02;1.100513e-01;5.477712e-02;6.021467e-02;6.943046e-02;1.296854e-01;1.163436e-01;6.396831e-02;1.394350e-01;6.623826e-02;2.639054e-02
8.255567e-02;8.119810e-02;9.232241e-02;5.175514e-02;6.573261e-02;6.114050e-02;1.183336e-01;1.191604e-01;8.622349e-02;1.312518e-01;7.627141e-02;3.405485e-02
9.661163e-02;8.301388e-02;8.733940e-02;4.500298e-02;6.515867e-02;5.180275e-02;1.078414e-01;1.226780e-01;8.953681e-02;1.201116e-01;8.595532e-02;4.494767e-02
1.347760e-01;7.819608e-02;8.018429e-02;4.264593e-02;7.721867e-02;5.227754e-02;1.186625e-01;1.121150e-01;9.649672e-02;8.617172e-02;7.310061e-02;4.815501e-02
1.128095e-01;3.112282e-02;1.108566e-01;4.620686e-02;7.384359e-02;7.469834e-02;2.044439e-01;9.305704e-02;8.988877e-02;9.640439e-02;2.880898e-02;3.785918e-02
3.364870e-02;3.297996e-02;9.347614e-02;3.647187e-02;9.765271e-02;1.252608e-01;2.838373e-01;1.260540e-01;7.253303e-02;4.091320e-02;3.027346e-02;2.689886e-02
2.317267e-02;3.849980e-02;1.058763e-01;5.514069e-02;1.016147e-01;1.209776e-01;2.504972e-01;1.395628e-01;6.777109e-02;2.341180e-02;4.297221e-02;3.050319e-02
2.136279e-02;4.044018e-02;1.374560e-01;8.414207e-02;9.629147e-02;1.041188e-01;1.681039e-01;1.534549e-01;6.706939e-02;1.901121e-02;7.221290e-02;3.633637e-02
2.354922e-02;4.429492e-02;1.955298e-01;1.286695e-01;6.855375e-02;9.327299e-02;6.937648e-02;1.735630e-01;4.864061e-02;1.647917e-02;1.115895e-01;2.648101e-02
2.659934e-02;6.111841e-02;1.918840e-01;1.339430e-01;5.291980e-02;8.812774e-02;6.525401e-02;1.760549e-01;5.365039e-02;2.893030e-02;9.815899e-02;2.335917e-02
4.903391e-02;6.356413e-02;1.416939e-01;1.156831e-01;1.000173e-01;8.504597e-02;6.955419e-02;1.245949e-01;9.961865e-02;5.845484e-02;4.865484e-02;4.408430e-02
7.238450e-02;4.608215e-02;1.457895e-01;9.578194e-02;1.423238e-01;8.190979e-02;1.050472e-01;4.593606e-02;1.070889e-01;6.462982e-02;4.356727e-02;4.945899e-02
7.582068e-02;4.685789e-02;1.492289e-01;5.991274e-02;1.823183e-01;8.210325e-02;1.287979e-01;4.852772e-02;6.185918e-02;7.532518e-02;3.271876e-02;5.652945e-02
8.689161e-02;4.696160e-02;1.258237e-01;4.977402e-02;1.783629e-01;9.434896e-02;1.354630e-01;5.104411e-02;6.388947e-02;8.560184e-02;3.233524e-02;4.950357e-02
8.486500e-02;3.583750e-02;1.629215e-01;6.994244e-02;1.225093e-01;9.820814e-02;1.301484e-01;3.300786e-02;9.211709e-02;6.608730e-02;6.647417e-02;3.788147e-02
6.475219e-02;3.372918e-02;2.199377e-01;1.034467e-01;6.029942e-02;8.025949e-02;1.072922e-01;3.167918e-02;9.755631e-02;6.107590e-02;1.116677e-01;2.830400e-02
3.683709e-02;3.238898e-02;2.554140e-01;1.485635e-01;5.822755e-02;5.868930e-02;8.193314e-02;6.511283e-02;7.042395e-02;4.604458e-02;1.334839e-01;1.288120e-02
2.418688e-02;2.551418e-02;2.940643e-01;2.011197e-01;8.889072e-02;4.377355e-02;5.510541e-02;7.193130e-02;2.341985e-02;1.923862e-02;1.462062e-01;6.549343e-03
1.889378e-02;2.459776e-02;3.162116e-01;2.123856e-01;1.079946e-01;3.987018e-02;3.396597e-02;6.017547e-02;1.437771e-02;2.788404e-02;1.307752e-01;1.286800e-02
2.579436e-02;3.449324e-02;3.973181e-01;1.805879e-01;8.590891e-02;3.621855e-02;3.695954e-02;3.638318e-02;1.623690e-02;2.940842e-02;1.052425e-01;1.544840e-02
2.668049e-02;3.616899e-02;4.278343e-01;1.540120e-01;6.993657e-02;3.891947e-02;6.642806e-02;3.868561e-02;2.330010e-02;2.147601e-02;7.396851e-02;2.258992e-02
2.733012e-02;3.635079e-02;4.062432e-01;1.487217e-01;1.065808e-01;4.307869e-02;7.802331e-02;4.401936e-02;2.069637e-02;1.447371e-02;5.786460e-02;1.661727e-02
3.013802e-02;3.066384e-02;4.281681e-01;1.602052e-01;1.193188e-01;4.130288e-02;3.574447e-02;4.108710e-02;1.482521e-02;1.556401e-02;7.472061e-02;8.261675e-03
2.010825e-02;2.264522e-02;4.264767e-01;1.597798e-01;1.349880e-01;4.204382e-02;3.650372e-02;2.931014e-02;1.580756e-02;1.375250e-02;8.101378e-02;1.757063e-02
1.094354e-02;2.052017e-02;4.519123e-01;1.629749e-01;1.534751e-01;4.694647e-02;1.773164e-02;2.034122e-02;1.342078e-02;7.162976e-03;8.248875e-02;1.208221e-02
1.239502e-02;1.769454e-02;4.521290e-01;1.608577e-01;1.526869e-01;5.102858e-02;3.322849e-02;1.908536e-02;7.715767e-03;9.248599e-03;7.494127e-02;8.988719e-03
1.092279e-02;1.550475e-02;4.560987e-01;1.621336e-01;1.523974e-01;4.710528e-02;2.189317e-02;2.140629e-02;1.608326e-02;1.085909e-02;7.502770e-02;1.056793e-02
6.088031e-03;1.647652e-02;4.468174e-01;1.694306e-01;1.481860e-01;4.146340e-02;2.437198e-02;1.723185e-02;1.963492e-02;1.688577e-02;8.149061e-02;1.192292e-02
1.517232e-02;2.345464e-02;3.844119e-01;1.776769e-01;1.683689e-01;4.216022e-02;4.036191e-02;2.298275e-02;2.471425e-02;2.322960e-02;6.905302e-02;8.413561e-03
1.567013e-02;2.379951e-02;3.575112e-01;1.911410e-01;1.984424e-01;5.075033e-02;3.432792e-02;2.533599e-02;1.732509e-02;1.870555e-02;5.332644e-02;1.366455e-02
1.193469e-02;2.177651e-02;3.417167e-01;2.007629e-01;2.334630e-01;5.885155e-02;2.111354e-02;2.374581e-02;1.259326e-02;2.038462e-02;3.682797e-02;1.682933e-02
7.853302e-03;2.773085e-02;3.066761e-01;1.649395e-01;2.548985e-01;6.475393e-02;4.456480e-02;2.584772e-02;1.914499e-02;2.329347e-02;2.825961e-02;3.203715e-02
1.528685e-02;5.566326e-02;2.568774e-01;1.293352e-01;2.787585e-01;7.936274e-02;4.732351e-02;2.074497e-02;2.285358e-02;2.193055e-02;2.137646e-02;5.048706e-02
2.734669e-02;7.497048e-02;2.118316e-01;1.114885e-01;2.919050e-01;7.895445e-02;5.487783e-02;1.349044e-02;1.781458e-02;1.686505e-02;3.080577e-02;6.964955e-02
2.722045e-02;6.424947e-02;1.891718e-01;1.199307e-01;3.068873e-01;8.591890e-02;4.940777e-02;1.813394e-02;1.900010e-02;2.024095e-02;2.621486e-02;7.362378e-02
2.259949e-02;3.108909e-02;2.081101e-01;1.408257e-01;3.167913e-01;7.940452e-02;4.641458e-02;2.475556e-02;2.173106e-02;1.982469e-02;1.248136e-02;7.597257e-02
1.746157e-02;1.552504e-02;2.090757e-01;1.532022e-01;3.101516e-01;8.595902e-02;4.673637e-02;3.020997e-02;2.282936e-02;2.097493e-02;2.509707e-02;6.277715e-02
1.610477e-02;1.447694e-02;2.178084e-01;1.702703e-01;2.868669e-01;7.194579e-02;4.532818e-02;4.074158e-02;1.939218e-02;2.296703e-02;3.883181e-02;5.526617e-02
1.442590e-02;1.770136e-02;2.558441e-01;1.839192e-01;2.540026e-01;5.959006e-02;2.436610e-02;4.960621e-02;1.604066e-02;1.885769e-02;5.309061e-02;5.255549e-02
1.216128e-02;1.796154e-02;2.717458e-01;1.861310e-01;2.322966e-01;6.381463e-02;3.522178e-02;4.543540e-02;1.280040e-02;1.531751e-02;5.299618e-02;5.411785e-02
1.251513e-02;1.864898e-02;3.113331e-01;1.835742e-01;2.205445e-01;6.303997e-02;3.616444e-02;3.544843e-02;1.537056e-02;1.626996e-02;4.092331e-02;4.616740e-02
1.162486e-02;1.994910e-02;3.335122e-01;1.837242e-01;2.074019e-01;6.123014e-02;3.882492e-02;2.652463e-02;2.373581e-02;1.519136e-02;4.675375e-02;3.152720e-02
1.550018e-02;2.014919e-02;3.508948e-01;1.876555e-01;1.840444e-01;5.621626e-02;1.981781e-02;2.578301e-02;1.631426e-02;1.797723e-02;7.818047e-02;2.746682e-02
1.522721e-02;1.625131e-02;3.331321e-01;1.932913e-01;1.859529e-01;5.782337e-02;2.196037e-02;2.342339e-02;1.225584e-02;1.647251e-02;9.236902e-02;3.184064e-02
7.641466e-03;1.570254e-02;3.610590e-01;1.888350e-01;1.900017e-01;5.441481e-02;2.660443e-02;1.304092e-02;1.597470e-02;1.836329e-02;9.273410e-02;1.562812e-02
1.296834e-02;1.530926e-02;3.757184e-01;1.592323e-01;1.868639e-01;5.524485e-02;2.965603e-02;1.214325e-02;9.927142e-03;1.930399e-02;8.821993e-02;3.541254e-02
1.215929e-02;1.207446e-02;3.479356e-01;1.262388e-01;2.174062e-01;7.449248e-02;5.127999e-02;1.391900e-02;1.743443e-02;1.462473e-02;6.964494e-02;4.279005e-02
1.884523e-02;1.456130e-02;3.060069e-01;8.985977e-02;2.461083e-01;9.813985e-02;8.880492e-02;1.561252e-02;2.348529e-02;1.869700e-02;3.755059e-02;4.232823e-02
1.976069e-02;2.065258e-02;2.566635e-01;6.325738e-02;3.013894e-01;1.239175e-01;8.234737e-02;2.474918e-02;2.444288e-02;1.987427e-02;1.047672e-02;5.246855e-02
2.266972e-02;2.043460e-02;2.031729e-01;8.635653e-02;2.958642e-01;1.174076e-01;1.255838e-01;2.716869e-02;2.374909e-02;1.712413e-02;1.393893e-02;4.652978e-02
2.168440e-02;1.714431e-02;2.453593e-01;1.045099e-01;2.670636e-01;1.021378e-01;1.272992e-01;2.425393e-02;2.161861e-02;1.461824e-02;1.325677e-02;4.105398e-02
1.984022e-02;1.499701e-02;3.261445e-01;1.152201e-01;2.355629e-01;7.968910e-02;6.692468e-02;2.426596e-02;2.727599e-02;2.768827e-02;3.575597e-02;2.663526e-02
2.356191e-02;1.809564e-02;3.658852e-01;1.063771e-01;1.816065e-01;6.783294e-02;7.853039e-02;2.642472e-02;4.327405e-02;3.366684e-02;3.756765e-02;1.717694e-02
2.698881e-02;2.321102e-02;3.787911e-01;8.973280e-02;1.729455e-01;8.439010e-02;5.219894e-02;4.478339e-02;4.416887e-02;3.968649e-02;2.850914e-02;1.459383e-02
2.599224e-02;3.767347e-02;2.610414e-01;7.751321e-02;1.945032e-01;1.181400e-01;7.529341e-02;6.164603e-02;2.823707e-02;5.243646e-02;4.217846e-02;2.534515e-02
2.839151e-02;5.010153e-02;2.144726e-01;6.164233e-02;2.030211e-01;1.199110e-01;4.778391e-02;6.649245e-02;4.031746e-02;7.497924e-02;5.544785e-02;3.743899e-02
5.486220e-02;4.936919e-02;1.382564e-01;3.540626e-02;1.645516e-01;1.063519e-01;1.383671e-01;7.168119e-02;7.496033e-02;6.367873e-02;5.822806e-02;4.428715e-02
6.721473e-02;4.481579e-02;1.480956e-01;4.392699e-02;1.288306e-01;1.059734e-01;1.130787e-01;9.333508e-02;9.840879e-02;5.376016e-02;5.938296e-02;4.317730e-02
8.294072e-02;4.382166e-02;1.463395e-01;4.077647e-02;1.276674e-01;6.855518e-02;1.099996e-01;8.536530e-02;1.106836e-01;6.918348e-02;5.222984e-02;6.243727e-02
9.780293e-02;6.087382e-02;9.812727e-02;3.954637e-02;1.174022e-01;8.815168e-02;1.151096e-01;8.152688e-02;1.153070e-01;7.464760e-02;4.928864e-02;6.221596e-02
9.218174e-02;5.220821e-02;1.443833e-01;4.521305e-02;8.884469e-02;1.117781e-01;8.970751e-02;1.123479e-01;1.225214e-01;7.109246e-02;4.748692e-02;2.223463e-02
5.225464e-02;6.166829e-02;1.931211e-01;7.605023e-02;9.254372e-02;8.600555e-02;9.200078e-02;9.523336e-02;8.275060e-02;7.461893e-02;3.515683e-02;5.859593e-02
6.467706e-02;8.896562e-02;1.977308e-01;8.606136e-02;1.081427e-01;5.906574e-02;8.250682e-02;6.343147e-02;6.807429e-02;6.580162e-02;2.873804e-02;8.680452e-02
8.304214e-02;6.627601e-02;1.245826e-01;6.606975e-02;1.187916e-01;5.939724e-02;1.294495e-01;6.181586e-02;9.713154e-02;6.884523e-02;2.869326e-02;9.590524e-02
8.371226e-02;5.950483e-02;7.812947e-02;4.892348e-02;9.508445e-02;8.634932e-02;1.697205e-01;7.565480e-02;1.159096e-01;8.773319e-02;5.102446e-02;4.825359e-02
9.335165e-02;8.260008e-02;1.040176e-01;6.375928e-02;6.317367e-02;8.120378e-02;1.760807e-01;6.230200e-02;1.163353e-01;9.580637e-02;3.277069e-02;2.859880e-02
8.598085e-02;8.334269e-02;1.147204e-01;5.625366e-02;5.471610e-02;6.706739e-02;1.546983e-01;8.546805e-02;1.509747e-01;6.425983e-02;3.530514e-02;4.721290e-02
1.095784e-01;6.286214e-02;1.033975e-01;5.309525e-02;7.469668e-02;5.137695e-02;1.338656e-01;7.519110e-02;1.366203e-01;8.131819e-02;6.869188e-02;4.930607e-02
1.003522e-01;5.807458e-02;1.103962e-01;4.867339e-02;6.663586e-02;9.022054e-02;1.445307e-01;5.310001e-02;1.172625e-01;1.025204e-01;7.080975e-02;3.742378e-02
5.963365e-02;4.302382e-02;1.300411e-01;3.514570e-02;5.186435e-02;1.018581e-01;2.100450e-01;4.985344e-02;1.255647e-01;7.089522e-02;7.095717e-02;5.111768e-02
5.175709e-02;3.092228e-02;1.203991e-01;2.802845e-02;5.177817e-02;5.238616e-02;3.125107e-01;6.912328e-02;1.126032e-01;7.592358e-02;6.950300e-02;2.506508e-02
7.303884e-02;4.155127e-02;6.595220e-02;3.475279e-02;4.542841e-02;5.487739e-02;3.218804e-01;1.032363e-01;1.149673e-01;5.832064e-02;4.081412e-02;4.518048e-02
6.182094e-02;3.137372e-02;7.244295e-02;2.582984e-02;6.607450e-02;5.721625e-02;2.681672e-01;7.409873e-02;1.489703e-01;8.042539e-02;7.154939e-02;4.203085e-02
4.697992e-02;2.400138e-02;6.237900e-02;3.230944e-02;8.651798e-02;5.399425e-02;1.881743e-01;1.085566e-01;1.391421e-01;1.315350e-01;7.675665e-02;4.965334e-02
5.721835e-02;4.762615e-02;5.056470e-02;3.848376e-02;1.142166e-01;4.867526e-02;1.082973e-01;1.640627e-01;7.523558e-02;1.863694e-01;5.615439e-02;5.309574e-02
5.763352e-02;4.860822e-02;7.795960e-02;5.351697e-02;1.138761e-01;6.023490e-02;9.657745e-02;1.312495e-01;1.257855e-01;1.521152e-01;2.864722e-02;5.379589e-02
4.749513e-02;5.222369e-02;9.581288e-02;6.330085e-02;1.146485e-01;5.365428e-02;8.821718e-02;9.403011e-02;1.592985e-01;1.076743e-01;5.605634e-02;6.758817e-02
5.545813e-02;5.280218e-02;1.275289e-01;6.369882e-02;1.176760e-01;4.444486e-02;7.251646e-02;6.240033e-02;1.292196e-01;1.129623e-01;9.063543e-02;7.065696e-02
6.631351e-02;7.124235e-02;1.929068e-01;6.832521e-02;1.207557e-01;5.100757e-02;5.263752e-02;6.641307e-02;8.867216e-02;9.671685e-02;9.474922e-02;3.025997e-02
6.311192e-02;1.014790e-01;2.455432e-01;8.210060e-02;1.168817e-01;6.245872e-02;5.182720e-02;7.902791e-02;5.153686e-02;6.538182e-02;4.711588e-02;3.353528e-02
5.512129e-02;8.470061e-02;2.274062e-01;8.733717e-02;1.550757e-01;7.658491e-02;7.362646e-02;6.000422e-02;3.768031e-02;6.050922e-02;3.753202e-02;4.442186e-02
4.036370e-02;6.167920e-02;2.116569e-01;7.080910e-02;2.242321e-01;9.097148e-02;9.665973e-02;3.545306e-02;4.256542e-02;5.878956e-02;3.326052e-02;3.355922e-02
2.223374e-02;3.851409e-02;1.878596e-01;7.690480e-02;2.967390e-01;1.088940e-01;1.195780e-01;1.700699e-02;4.066119e-02;4.260233e-02;2.757109e-02;2.143515e-02
2.204470e-02;2.239967e-02;1.505042e-01;8.048868e-02;3.294958e-01;1.177246e-01;1.055658e-01;2.206597e-02;6.370963e-02;3.087303e-02;1.772666e-02;3.740121e-02
2.153669e-02;3.105798e-02;1.459474e-01;7.756527e-02;3.355754e-01;1.121898e-01;8.121824e-02;3.398121e-02;6.188864e-02;2.458846e-02;8.943088e-03;6.550785e-02
1.783941e-02;2.692139e-02;1.621870e-01;7.992472e-02;3.040151e-01;1.188665e-01;1.090513e-01;2.068890e-02;3.526053e-02;2.275443e-02;1.890272e-02;8.358806e-02
2.835764e-02;3.396268e-02;1.652558e-01;7.666402e-02;2.712488e-01;9.260079e-02;7.685728e-02;4.633385e-02;6.867991e-02;2.439241e-02;2.240647e-02;9.324039e-02
5.485724e-02;3.586442e-02;1.421655e-01;4.983115e-02;1.885306e-01;8.095724e-02;8.795929e-02;6.230459e-02;1.601602e-01;5.317031e-02;1.692860e-02;6.727078e-02
6.818590e-02;3.224777e-02;1.205240e-01;3.452460e-02;1.032001e-01;7.730498e-02;1.232933e-01;4.212289e-02;2.221412e-01;7.981221e-02;5.274639e-02;4.389661e-02
5.557865e-02;4.359885e-02;1.229537e-01;4.090352e-02;4.993699e-02;7.666606e-02;1.162693e-01;4.444784e-02;2.689454e-01;4.968604e-02;7.545719e-02;5.555641e-02
6.063664e-02;6.597617e-02;9.255057e-02;4.156243e-02;4.225748e-02;6.273288e-02;1.375590e-01;5.114475e-02;2.504474e-01;8.210744e-02;6.492987e-02;4.809537e-02
7.605565e-02;1.000981e-01;6.873482e-02;4.116857e-02;4.981470e-02;5.525485e-02;1.093445e-01;8.858448e-02;2.143774e-01;9.082282e-02;6.869251e-02;3.705159e-02
1.247340e-01;1.149217e-01;5.399356e-02;5.585137e-02;5.528777e-02;7.853607e-02;1.321343e-01;8.008698e-02;1.147718e-01;1.221822e-01;4.588466e-02;2.161556e-02
1.128440e-01;9.130191e-02;6.879122e-02;5.433567e-02;5.100442e-02;7.517408e-02;1.151223e-01;7.911897e-02;1.280426e-01;1.304882e-01;5.836315e-02;3.541348e-02
8.184001e-02;6.584821e-02;1.010075e-01;5.548574e-02;8.824608e-02;7.453728e-02;9.350926e-02;1.003560e-01;1.557497e-01;7.712334e-02;7.649776e-02;2.979911e-02
5.847219e-02;2.476021e-02;1.148498e-01;5.872805e-02;1.465759e-01;9.635517e-02;1.916227e-01;6.848438e-02;1.113436e-01;4.504907e-02;4.519082e-02;3.856816e-02
3.312774e-02;2.081308e-02;1.169164e-01;4.735670e-02;2.325856e-01;1.374004e-01;1.932411e-01;1.365223e-02;8.080124e-02;4.505857e-02;2.952540e-02;4.952147e-02
2.836511e-02;4.017255e-02;1.518195e-01;5.214445e-02;2.830572e-01;1.333260e-01;1.136695e-01;2.972136e-02;6.812839e-02;2.018692e-02;3.173998e-02;4.766904e-02
2.923397e-02;3.768400e-02;1.931013e-01;7.080942e-02;3.148314e-01;1.176270e-01;3.507627e-02;3.359393e-02;6.549761e-02;2.685979e-02;2.450774e-02;5.117754e-02
2.102799e-02;3.254681e-02;1.619656e-01;6.109352e-02;3.160538e-01;1.263257e-01;1.129013e-01;2.410622e-02;4.172610e-02;2.735283e-02;1.904803e-02;5.585203e-02
3.067438e-02;3.239025e-02;1.227392e-01;5.004228e-02;3.064132e-01;1.524860e-01;1.712961e-01;1.977373e-02;3.488787e-02;1.776847e-02;9.389007e-03;5.213957e-02
2.229787e-02;2.160977e-02;1.298583e-01;5.401434e-02;3.265627e-01;1.577092e-01;1.317594e-01;2.251032e-02;4.337936e-02;1.208739e-02;1.614470e-02;6.206664e-02
1.341480e-02;1.233639e-02;1.662129e-01;7.798392e-02;3.414951e-01;1.296519e-01;1.013265e-01;2.397440e-02;2.986973e-02;1.204917e-02;1.304215e-02;7.864302e-02
1.336106e-02;1.264646e-02;2.251462e-01;8.366648e-02;3.174769e-01;1.144705e-01;8.696929e-02;1.545450e-02;2.544296e-02;1.681742e-02;1.633944e-02;7.220880e-02
1.826364e-02;1.435249e-02;2.518128e-01;9.813531e-02;3.148251e-01;1.039560e-01;5.584542e-02;1.171599e-02;2.386740e-02;2.074310e-02;1.278097e-02;7.370167e-02
2.582368e-02;1.739227e-02;2.744081e-01;1.052462e-01;2.945020e-01;9.203487e-02;4.862359e-02;1.623968e-02;1.794593e-02;1.801890e-02;2.011237e-02;6.965230e-02
2.732344e-02;1.317433e-02;2.402925e-01;1.047133e-01;2.860774e-01;9.964696e-02;9.412124e-02;1.799258e-02;1.229929e-02;2.108278e-02;1.694655e-02;6.632971e-02
2.247239e-02;1.368972e-02;2.262944e-01;1.266402e-01;3.063808e-01;9.604128e-02;5.301039e-02;1.610275e-02;2.173345e-02;1.610602e-02;3.136120e-02;7.016739e-02
1.590619e-02;1.370526e-02;2.431206e-01;1.282434e-01;3.008319e-01;9.644863e-02;5.279522e-02;1.063909e-02;2.648962e-02;1.719931e-02;2.625062e-02;6.837016e-02
1.978421e-02;8.379536e-03;2.564104e-01;1.178777e-01;3.117157e-01;9.342466e-02;5.560395e-02;8.777339e-03;1.917524e-02;1.426220e-02;2.751520e-02;6.707380e-02
1.778599e-02;1.280268e-02;2.236626e-01;1.009873e-01;3.375298e-01;1.072533e-01;6.260565e-02;8.638671e-03;1.887274e-02;1.319138e-02;2.829354e-02;6.837638e-02
1.528007e-02;1.193096e-02;2.036576e-01;1.053657e-01;3.509253e-01;1.154051e-01;6.918387e-02;1.033220e-02;1.847855e-02;1.322337e-02;1.430586e-02;7.191148e-02
1.195850e-02;8.690195e-03;1.855718e-01;1.044326e-01;3.483813e-01;1.164830e-01;1.098716e-01;7.990222e-03;1.232320e-02;1.304204e-02;1.160882e-02;6.964674e-02
7.737759e-03;8.638601e-03;1.838631e-01;1.190698e-01;3.329915e-01;1.114928e-01;1.055664e-01;6.651007e-03;1.791603e-02;1.715317e-02;1.599269e-02;7.292713e-02
1.474667e-02;1.020067e-02;2.246756e-01;1.449109e-01;3.135042e-01;1.007259e-01;5.963200e-02;1.082084e-02;2.403120e-02;1.769598e-02;1.866304e-02;6.039296e-02
1.594931e-02;1.551932e-02;2.645892e-01;1.690085e-01;2.827262e-01;7.855545e-02;3.903367e-02;1.674928e-02;2.628814e-02;1.493865e-02;2.839783e-02;4.824444e-02
2.085317e-02;1.751341e-02;2.984875e-01;1.626769e-01;2.535186e-01;7.257504e-02;3.445682e-02;1.142853e-02;2.327514e-02;1.926898e-02;2.094999e-02;6.499596e-02
5.346334e-02;2.442306e-02;2.695740e-01;1.067049e-01;2.566447e-01;8.087490e-02;6.811813e-02;8.225475e-03;1.552123e-02;1.578710e-02;3.024565e-02;7.041754e-02
5.553232e-02;3.165385e-02;2.306927e-01;6.206400e-02;2.546955e-01;1.001422e-01;1.200133e-01;1.631739e-02;2.235106e-02;1.373525e-02;2.441387e-02;6.838862e-02
3.159706e-02;2.083343e-02;2.122455e-01;8.930521e-02;2.899015e-01;1.144198e-01;9.867452e-02;1.784495e-02;2.598396e-02;1.020992e-02;1.812820e-02;7.085599e-02
1.672606e-02;1.219074e-02;1.954477e-01;1.087480e-01;3.264266e-01;1.157901e-01;7.538620e-02;1.450080e-02;3.315175e-02;1.484433e-02;1.548529e-02;7.130237e-02
2.557275e-02;1.051383e-02;2.110266e-01;9.515342e-02;3.377193e-01;1.123921e-01;6.548341e-02;1.414812e-02;3.204783e-02;1.930622e-02;9.086606e-03;6.754992e-02
2.008252e-02;1.583506e-02;2.031340e-01;6.897750e-02;3.236402e-01;1.287074e-01;1.093366e-01;9.763756e-03;2.494305e-02;1.495236e-02;1.877987e-02;6.184766e-02
1.691697e-02;2.461382e-02;1.970269e-01;6.410772e-02;3.070869e-01;1.411346e-01;1.258244e-01;1.236681e-02;2.071435e-02;1.992675e-02;2.043147e-02;4.984940e-02
2.702321e-02;3.393239e-02;1.507662e-01;4.947745e-02;3.142407e-01;1.679543e-01;9.924214e-02;1.693295e-02;3.092203e-02;3.271779e-02;2.248458e-02;5.430625e-02
2.891558e-02;2.876125e-02;7.892018e-02;4.290536e-02;3.155584e-01;1.613133e-01;1.537288e-01;1.987167e-02;3.374989e-02;2.885777e-02;2.265619e-02;8.476162e-02
3.328751e-02;2.496956e-02;9.365368e-02;3.950518e-02;3.201605e-01;1.425582e-01;1.351159e-01;2.379451e-02;3.583015e-02;2.521079e-02;1.797567e-02;1.079383e-01
3.239116e-02;1.880306e-02;5.704363e-02;5.966327e-02;2.745188e-01;1.572417e-01;1.767567e-01;4.405867e-02;5.151387e-02;2.937809e-02;1.696761e-02;8.166356e-02
2.452224e-02;1.588521e-02;5.840239e-02;7.763130e-02;3.077390e-01;1.707205e-01;1.651576e-01;3.862443e-02;4.065077e-02;2.527496e-02;1.336245e-02;6.202913e-02
1.732438e-02;1.688652e-02;9.904040e-02;9.487628e-02;3.566011e-01;1.490889e-01;1.319556e-01;2.653850e-02;1.813012e-02;1.888178e-02;7.126096e-03;6.355032e-02
1.829944e-02;1.407158e-02;1.550813e-01;1.031403e-01;3.563530e-01;1.118524e-01;1.194247e-01;1.589654e-02;1.257825e-02;1.431357e-02;1.377462e-02;6.521422e-02
