5.188235e-02;2.850810e-02;2.149732e-01;6.409474e-02;4.223047e-02;3.062567e-02;9.270312e-02;3.328018e-02;1.612345e-02;1.759898e-01;1.798156e-01;6.977332e-02
4.292484e-02;1.569565e-02;2.911212e-01;4.929586e-02;2.298323e-02;1.781937e-02;9.937114e-02;2.737349e-02;1.238958e-02;2.518372e-01;1.383775e-01;3.081096e-02
3.840522e-02;1.644411e-02;3.418845e-01;2.221794e-02;2.505700e-02;1.442476e-02;1.154390e-01;2.286606e-02;1.925308e-02;3.007087e-01;6.802034e-02;1.527934e-02
2.539991e-02;2.172662e-02;3.637281e-01;1.452014e-02;2.633347e-02;1.520663e-02;1.181213e-01;1.971108e-02;2.907055e-02;3.252019e-01;2.690725e-02;1.407311e-02
1.736180e-02;1.448124e-02;3.769036e-01;1.312844e-02;2.383265e-02;1.376295e-02;1.273819e-01;1.150346e-02;3.190557e-02;3.435293e-01;1.619747e-02;1.001155e-02
2.763608e-02;3.584491e-02;3.200337e-01;1.049899e-02;2.288331e-02;2.282903e-02;1.276308e-01;2.303478e-02;1.076987e-01;2.886650e-01;7.121236e-03;6.123460e-03
4.943711e-02;5.095622e-02;2.604404e-01;2.635213e-02;2.295545e-02;4.068555e-02;1.165742e-01;4.537303e-02;1.498925e-01;2.135614e-01;1.284441e-02;1.092769e-02
7.940721e-02;8.348681e-02;2.195203e-01;3.668540e-02;2.049129e-02;6.942862e-02;8.922932e-02;6.270082e-02;1.413739e-01;1.516621e-01;2.348632e-02;2.252795e-02
1.200940e-01;1.308659e-01;2.101441e-01;5.105036e-02;4.181570e-02;7.314683e-02;7.648345e-02;5.789568e-02;5.227302e-02;1.214640e-01;3.849838e-02;2.626850e-02
8.891993e-02;1.632170e-01;2.192621e-01;4.203504e-02;4.464062e-02;5.417797e-02;9.254212e-02;2.896770e-02;9.791666e-02;1.188005e-01;3.624628e-02;1.327408e-02
4.046369e-02;1.856075e-01;2.317255e-01;5.890406e-02;3.438596e-02;1.129185e-01;6.686960e-02;3.467440e-02;1.536238e-01;5.213563e-02;1.190622e-02;1.678509e-02
2.351677e-02;1.897508e-01;2.529147e-01;3.932791e-02;1.819986e-02;1.349234e-01;3.399323e-02;3.057272e-02;1.761675e-01;5.996220e-02;1.049703e-02;3.017387e-02
3.589765e-02;2.022988e-01;2.606024e-01;2.352911e-02;1.233906e-02;1.199162e-01;3.170716e-02;2.461091e-02;1.831211e-01;6.165854e-02;6.343539e-03;3.797559e-02
6.211918e-02;2.166696e-01;2.089323e-01;2.177616e-02;1.005212e-02;1.224094e-01;2.196726e-02;2.379574e-02;2.176368e-01;5.266223e-02;4.594144e-03;3.738518e-02
1.161467e-01;2.150105e-01;1.406800e-01;2.089940e-02;1.727317e-02;1.232511e-01;1.998636e-02;3.201021e-02;2.286480e-01;4.019136e-02;1.175522e-02;3.414791e-02
1.681127e-01;1.930840e-01;1.104088e-01;2.363438e-02;3.499945e-02;1.024213e-01;3.488789e-02;5.031941e-02;1.961964e-01;2.682491e-02;2.488560e-02;3.422518e-02
1.907277e-01;1.539870e-01;1.054449e-01;2.738743e-02;5.242256e-02;7.974452e-02;6.148541e-02;7.653853e-02;1.338008e-01;2.789945e-02;4.385474e-02;4.670694e-02
9.354535e-02;7.651865e-02;1.060442e-01;4.346652e-02;7.369013e-02;8.744768e-02;1.138904e-01;1.094727e-01;9.898121e-02;7.349513e-02;5.233829e-02;7.110972e-02
1.220995e-01;9.884305e-02;1.002543e-01;3.737355e-02;3.056962e-02;7.869048e-02;1.570302e-01;4.432406e-02;8.996138e-02;9.383761e-02;6.476318e-02;8.225306e-02
9.053650e-02;1.551481e-01;9.266637e-02;3.948966e-02;1.660672e-02;5.312804e-02;1.298620e-01;5.636880e-02;6.101407e-02;1.349646e-01;7.758073e-02;9.263447e-02
1.825952e-01;1.448275e-01;1.490208e-01;2.361096e-02;3.376957e-02;3.788852e-02;5.253818e-02;8.562480e-02;7.723378e-02;9.062586e-02;5.988548e-02;6.237940e-02
1.791314e-01;1.856400e-01;1.691280e-01;2.559400e-02;3.178779e-02;1.744233e-02;1.779965e-02;7.906906e-02;1.438173e-01;4.827264e-02;5.925100e-02;4.306668e-02
1.526082e-01;2.129372e-01;1.600981e-01;2.202710e-02;2.464524e-02;2.148935e-02;1.491764e-02;6.587288e-02;2.169741e-01;3.952991e-02;4.222850e-02;2.667175e-02
1.499775e-01;2.336768e-01;1.173794e-01;1.519310e-02;1.432668e-02;1.873950e-02;1.467877e-02;6.852163e-02;2.930236e-01;3.324326e-02;2.315081e-02;1.808895e-02
1.883782e-01;1.884516e-01;7.014291e-02;9.543557e-03;1.136254e-02;1.429721e-02;3.407691e-02;7.090981e-02;3.141819e-01;3.596607e-02;4.985668e-02;1.283261e-02
2.200383e-01;1.433415e-01;6.667693e-02;1.114282e-02;3.293527e-02;2.006176e-02;4.147181e-02;2.699995e-02;2.733817e-01;4.948730e-02;1.004336e-01;1.402915e-02
2.364185e-01;1.462670e-01;6.186131e-02;6.350498e-03;4.766660e-02;1.341485e-02;2.607285e-02;8.973802e-02;1.778992e-01;4.059535e-02;1.375282e-01;1.618760e-02
2.359052e-01;1.256874e-01;7.717442e-02;1.028760e-02;5.871966e-02;1.350997e-02;5.011123e-02;1.322286e-01;1.072408e-01;3.300462e-02;1.290749e-01;2.705552e-02
2.225481e-01;7.432421e-02;8.680379e-02;2.118029e-02;6.813014e-02;3.382100e-02;8.223701e-02;1.325448e-01;9.741832e-02;3.548636e-02;1.004661e-01;4.503982e-02
2.576816e-01;6.949624e-02;1.824006e-01;1.914135e-02;6.739883e-02;2.996525e-02;5.952367e-02;1.263327e-01;5.977344e-02;2.814804e-02;5.612407e-02;4.401430e-02
3.578732e-01;9.039808e-02;1.718957e-01;8.668145e-03;6.476022e-02;9.754490e-03;1.494540e-02;1.638973e-01;2.383040e-02;2.010063e-02;2.915062e-02;4.472581e-02
3.763174e-01;8.677530e-02;1.787334e-01;6.299102e-03;6.579451e-02;6.724815e-03;1.522631e-02;1.577416e-01;2.359016e-02;1.374541e-02;3.018907e-02;3.886285e-02
3.703212e-01;1.058654e-01;1.693540e-01;5.391023e-03;8.087332e-02;7.300808e-03;1.972532e-02;1.441161e-01;2.406194e-02;1.242249e-02;2.743877e-02;3.312953e-02
2.491179e-01;1.257644e-01;1.819814e-01;3.533676e-02;1.056425e-01;2.568584e-02;3.581308e-02;7.232037e-02;5.151249e-02;3.573712e-02;3.717132e-02;4.391689e-02
1.497116e-01;1.494436e-01;1.810361e-01;4.564720e-02;1.047079e-01;2.328228e-02;5.839456e-02;8.158042e-02;1.038121e-01;3.468303e-02;2.898172e-02;3.871949e-02
1.542307e-01;1.891314e-01;1.437684e-01;3.191508e-02;7.901773e-02;3.825422e-02;5.480719e-02;8.460268e-02;1.445213e-01;2.727924e-02;2.390411e-02;2.856803e-02
1.445413e-01;2.492260e-01;1.163988e-01;2.010540e-02;3.659599e-02;6.495655e-02;2.609028e-02;4.648494e-02;2.519637e-01;1.868341e-02;1.302997e-02;1.192357e-02
1.030091e-01;2.637971e-01;1.201123e-01;1.730825e-02;8.259667e-03;7.645845e-02;8.848826e-03;1.904013e-02;3.620117e-01;1.117659e-02;4.453259e-03;5.524680e-03
6.922122e-02;2.471203e-01;1.203791e-01;1.960269e-02;3.813521e-03;7.619862e-02;7.213321e-03;1.683885e-02;4.177718e-01;1.106773e-02;2.708442e-03;8.064252e-03
6.847638e-02;2.388293e-01;1.130115e-01;2.086570e-02;3.368692e-03;6.687211e-02;6.629256e-03;2.432705e-02;4.248170e-01;1.718496e-02;2.917986e-03;1.270000e-02
8.365691e-02;2.571772e-01;1.133889e-01;2.259619e-02;3.294105e-03;5.810620e-02;7.858135e-03;1.876009e-02;3.939547e-01;1.543939e-02;3.398494e-03;2.236972e-02
1.138317e-01;2.892487e-01;1.140867e-01;2.838625e-02;3.819334e-03;4.911305e-02;6.260822e-03;1.949232e-02;3.286484e-01;1.554281e-02;4.738978e-03;2.683093e-02
1.822184e-01;3.163947e-01;1.142001e-01;3.134426e-02;5.002151e-03;3.646437e-02;8.074610e-03;2.207924e-02;2.348023e-01;2.250592e-02;3.745954e-03;2.316791e-02
2.749780e-01;3.037895e-01;1.060181e-01;2.690630e-02;9.023821e-03;2.175316e-02;2.609344e-02;2.354847e-02;1.408211e-01;4.482145e-02;6.312817e-03;1.593379e-02
3.597591e-01;2.561594e-01;6.819976e-02;1.408751e-02;1.497129e-02;1.525419e-02;5.348641e-02;2.894637e-02;8.301894e-02;7.718728e-02;7.448246e-03;2.148144e-02
3.715517e-01;2.265443e-01;7.072507e-02;1.023522e-02;1.756617e-02;2.459271e-02;6.161699e-02;4.180333e-02;5.583838e-02;8.154814e-02;7.444059e-03;3.053396e-02
2.828853e-01;2.317528e-01;1.511873e-01;1.589377e-02;1.722860e-02;3.071940e-02;5.197036e-02;5.340604e-02;5.434443e-02;6.551619e-02;1.236324e-02;3.273247e-02
1.390421e-01;2.496940e-01;2.660938e-01;2.012895e-02;1.493048e-02;3.309288e-02;5.364684e-02;6.846058e-02;6.273413e-02;5.356596e-02;1.325531e-02;2.535495e-02
8.740577e-02;2.284401e-01;3.397002e-01;2.408208e-02;1.179497e-02;4.725527e-02;3.857492e-02;6.348440e-02;9.969538e-02;3.472990e-02;1.021311e-02;1.462391e-02
1.566415e-01;1.765984e-01;3.334084e-01;2.788636e-02;1.838086e-02;3.242234e-02;3.263417e-02;3.448118e-02;9.311073e-02;5.634137e-02;1.828035e-02;1.981433e-02
1.873690e-01;1.358795e-01;2.949430e-01;2.643268e-02;2.582445e-02;1.937172e-02;4.175556e-02;5.336594e-02;6.385150e-02;7.883617e-02;3.965712e-02;3.271328e-02
1.383478e-01;1.120542e-01;2.298707e-01;1.846601e-02;4.405541e-02;2.036071e-02;9.059478e-02;9.337627e-02;6.229623e-02;8.751870e-02;5.776304e-02;4.529611e-02
1.447877e-01;1.156156e-01;1.621078e-01;3.104883e-02;3.886859e-02;4.809554e-02;1.023482e-01;8.996597e-02;1.198502e-01;6.184137e-02;4.651742e-02;3.895276e-02
2.081164e-01;1.472735e-01;1.100498e-01;4.874161e-02;3.931504e-02;5.727801e-02;6.179137e-02;6.840654e-02;1.539030e-01;5.644747e-02;2.040890e-02;2.826834e-02
1.554004e-01;1.148952e-01;1.017222e-01;6.153359e-02;4.416386e-02;7.847334e-02;8.752710e-02;5.531188e-02;1.442698e-01;6.258452e-02;5.104491e-02;4.307311e-02
6.137582e-02;4.192491e-02;7.692678e-02;6.244607e-02;6.794486e-02;1.154412e-01;1.702002e-01;7.369673e-02;1.071084e-01;8.781508e-02;7.411888e-02;6.100113e-02
6.247243e-02;3.066948e-02;9.754825e-02;5.635382e-02;7.412125e-02;1.147736e-01;1.805933e-01;8.501730e-02;8.197199e-02;8.273339e-02;6.718141e-02;6.656380e-02
8.766063e-02;5.314197e-02;1.322771e-01;6.141360e-02;8.041288e-02;7.216336e-02;1.680890e-01;1.055095e-01;5.944692e-02;6.121679e-02;5.173607e-02;6.693227e-02
8.030547e-02;6.307411e-02;1.343988e-01;6.268213e-02;6.878613e-02;4.956575e-02;1.793422e-01;1.119990e-01;7.151324e-02;6.727760e-02;4.789605e-02;6.315953e-02
4.240553e-02;3.763823e-02;1.551707e-01;3.833652e-02;8.032414e-02;5.953949e-02;2.781646e-01;1.105254e-01;5.097194e-02;6.324735e-02;3.678249e-02;4.689357e-02
2.702356e-02;2.490612e-02;2.520252e-01;3.939254e-02;8.245944e-02;6.491435e-02;3.026421e-01;7.677190e-02;2.930487e-02;5.644715e-02;2.558210e-02;1.853057e-02
2.330200e-02;3.924784e-02;3.329692e-01;3.949798e-02;5.214358e-02;4.730390e-02;2.777728e-01;5.329905e-02;3.118031e-02;5.491394e-02;1.925351e-02;2.911583e-02
3.489731e-02;5.393740e-02;3.336376e-01;4.875312e-02;7.270897e-02;5.092805e-02;2.419987e-01;3.560099e-02;2.559969e-02;4.141518e-02;1.857539e-02;4.194756e-02
5.555352e-02;6.263465e-02;3.988588e-01;4.569486e-02;5.596618e-02;3.432624e-02;1.693304e-01;3.124226e-02;2.936721e-02;5.286932e-02;2.008258e-02;4.407389e-02
2.307802e-02;5.463907e-02;5.250066e-01;4.946788e-02;4.186536e-02;2.000516e-02;1.038718e-01;1.707028e-02;3.025309e-02;7.097135e-02;3.356776e-02;3.020361e-02
5.214686e-02;4.526699e-02;5.806421e-01;5.336405e-02;4.519670e-02;2.042003e-02;6.428067e-02;1.058212e-02;2.956065e-02;5.704817e-02;2.580512e-02;1.568657e-02
2.966266e-02;6.717397e-02;6.204463e-01;4.250900e-02;3.305666e-02;2.539205e-02;5.986419e-02;1.692729e-02;3.384874e-02;3.944171e-02;2.029359e-02;1.138389e-02
4.344118e-02;9.399727e-02;6.291476e-01;2.932603e-02;1.305648e-02;2.654190e-02;4.708983e-02;1.821571e-02;4.307833e-02;2.199624e-02;1.804101e-02;1.606833e-02
5.558462e-02;1.044649e-01;5.938188e-01;3.146479e-02;2.805592e-02;2.420435e-02;4.917688e-02;1.935497e-02;3.603568e-02;1.644349e-02;1.901461e-02;2.238111e-02
6.326076e-02;1.055125e-01;5.664726e-01;3.806364e-02;3.007819e-02;2.392603e-02;3.367636e-02;3.117214e-02;1.933414e-02;3.295848e-02;3.387766e-02;2.166751e-02
7.314689e-02;7.456876e-02;3.901696e-01;3.822717e-02;6.453406e-02;3.023556e-02;8.515588e-02;3.873260e-02;3.233166e-02;4.911454e-02;7.974571e-02;4.403758e-02
1.028749e-01;4.438891e-02;1.491188e-01;5.796945e-02;7.229248e-02;4.766594e-02;1.380361e-01;5.318724e-02;6.477582e-02;7.762130e-02;1.008895e-01;9.117947e-02
9.277359e-02;6.421389e-02;1.155512e-01;7.794748e-02;7.433791e-02;7.697573e-02;1.460290e-01;5.966479e-02;5.777679e-02;6.414891e-02;7.317282e-02;9.740790e-02
9.317289e-02;7.016259e-02;1.344264e-01;7.553051e-02;8.889026e-02;7.337555e-02;1.442326e-01;7.316382e-02;5.169473e-02;6.080331e-02;5.236185e-02;8.218548e-02
8.970755e-02;7.027999e-02;1.580885e-01;9.016185e-02;7.860094e-02;5.155454e-02;7.051443e-02;6.195553e-02;1.146814e-01;6.213384e-02;8.405101e-02;6.827042e-02
9.155008e-02;7.810254e-02;1.681494e-01;9.186695e-02;5.291944e-02;4.286017e-02;7.200787e-02;4.553073e-02;1.132140e-01;8.658883e-02;9.076647e-02;6.644353e-02
6.579763e-02;4.124567e-02;2.348439e-01;8.110326e-02;5.950099e-02;4.764118e-02;6.819981e-02;3.894677e-02;8.315733e-02;1.246312e-01;1.022917e-01;5.264057e-02
3.736078e-02;5.293836e-02;2.849964e-01;7.676573e-02;7.544641e-02;3.747614e-02;1.011171e-01;6.066294e-02;4.349639e-02;9.824204e-02;6.980193e-02;6.169578e-02
5.882060e-02;5.168601e-02;2.105879e-01;8.083210e-02;6.548969e-02;5.760107e-02;8.974557e-02;7.591230e-02;7.805140e-02;1.130092e-01;5.592576e-02;6.233834e-02
6.098808e-02;6.529510e-02;9.813579e-02;6.722398e-02;6.908397e-02;7.356995e-02;8.249048e-02;8.903963e-02;1.174740e-01;1.652786e-01;5.672659e-02;5.469383e-02
5.559942e-02;6.447343e-02;8.002260e-02;6.487468e-02;6.750242e-02;7.580640e-02;8.380356e-02;9.056754e-02;1.238012e-01;1.834752e-01;5.433393e-02;5.573972e-02
6.074901e-02;5.977846e-02;8.225133e-02;6.216592e-02;6.384830e-02;7.826191e-02;1.028192e-01;8.007429e-02;1.142634e-01;1.869945e-01;5.548070e-02;5.331297e-02
8.202080e-02;7.410562e-02;1.054278e-01;4.639735e-02;7.164835e-02;9.297734e-02;1.592877e-01;7.050179e-02;6.370139e-02;1.304702e-01;6.195004e-02;4.151158e-02
7.319009e-02;6.614735e-02;1.405921e-01;5.381609e-02;8.282972e-02;9.834264e-02;9.995237e-02;9.709711e-02;6.963805e-02;1.039458e-01;6.078148e-02;5.366714e-02
2.080493e-02;2.393298e-02;2.464065e-01;5.652986e-02;1.189758e-01;9.045176e-02;2.079405e-01;6.778105e-02;4.033722e-02;5.919183e-02;2.669136e-02;4.095612e-02
9.617974e-03;2.176361e-02;2.957886e-01;8.457030e-02;1.331573e-01;1.001040e-01;1.628701e-01;7.116374e-02;2.945596e-02;3.879721e-02;3.179618e-02;2.091509e-02
8.232831e-03;2.011942e-02;3.019542e-01;1.393367e-01;1.413268e-01;1.185307e-01;5.857128e-02;1.036187e-01;1.839755e-02;2.862451e-02;4.096533e-02;2.032195e-02
1.169322e-02;1.894956e-02;3.022491e-01;1.537966e-01;1.192477e-01;1.147292e-01;6.579337e-02;9.000632e-02;3.138922e-02;3.560454e-02;3.867604e-02;1.786512e-02
1.993022e-02;3.143529e-02;3.824769e-01;1.292155e-01;8.736636e-02;9.304135e-02;6.905229e-02;5.209573e-02;4.394094e-02;4.997854e-02;2.572119e-02;1.574571e-02
2.232061e-02;5.422575e-02;4.936862e-01;7.377273e-02;5.334396e-02;5.132964e-02;5.562742e-02;2.780299e-02;4.946279e-02;8.252488e-02;2.157651e-02;1.432652e-02
1.651865e-02;5.964839e-02;5.271503e-01;4.540570e-02;3.898552e-02;2.810124e-02;6.170207e-02;2.555758e-02;4.367172e-02;1.139070e-01;2.781637e-02;1.153552e-02
1.728356e-02;3.145414e-02;4.836952e-01;6.393135e-02;3.703615e-02;1.886514e-02;1.013483e-01;2.138800e-02;2.785959e-02;1.499012e-01;3.202090e-02;1.521647e-02
2.636651e-02;1.627366e-02;4.040862e-01;1.082454e-01;3.706754e-02;1.503081e-02;1.033764e-01;2.527454e-02;3.207995e-02;1.513465e-01;6.494311e-02;1.590941e-02
3.844503e-02;1.590479e-02;3.917879e-01;1.218333e-01;3.406822e-02;7.121552e-03;8.978263e-02;2.315158e-02;2.774016e-02;1.648548e-01;7.717156e-02;8.138463e-03
5.040862e-02;1.982025e-02;3.958966e-01;9.827524e-02;2.995955e-02;5.496403e-03;9.128982e-02;1.033592e-02;2.507651e-02;1.939678e-01;7.394992e-02;5.523363e-03
4.991801e-02;2.558405e-02;4.200712e-01;6.363708e-02;2.830675e-02;4.495817e-03;9.357219e-02;5.940702e-03;1.860847e-02;2.338049e-01;5.068869e-02;5.372174e-03
4.054729e-02;4.865027e-02;4.285528e-01;3.148066e-02;2.938014e-02;7.120630e-03;7.602371e-02;6.439888e-03;3.674018e-02;2.616406e-01;2.432140e-02;9.102351e-03
3.047781e-02;8.172040e-02;4.289076e-01;1.676867e-02;2.609240e-02;9.298239e-03;5.052048e-02;7.181522e-03;6.521124e-02;2.650526e-01;7.418705e-03;1.135034e-02
4.160832e-02;1.202327e-01;3.850377e-01;2.461770e-02;2.395087e-02;1.777465e-02;3.216393e-02;1.461660e-02;8.583874e-02;2.215400e-01;1.134455e-02;2.127423e-02
7.440387e-02;1.453065e-01;3.159976e-01;3.196404e-02;2.440648e-02;3.814587e-02;2.346865e-02;2.387775e-02;1.152232e-01;1.535973e-01;2.235950e-02;3.124929e-02
1.049854e-01;1.527702e-01;2.637343e-01;4.489716e-02;3.117101e-02;5.891709e-02;3.188085e-02;3.136836e-02;1.359728e-01;7.624998e-02;4.053205e-02;2.752071e-02
8.013276e-02;1.307943e-01;2.116603e-01;5.381645e-02;3.878623e-02;8.005626e-02;5.535527e-02;5.788250e-02;8.271693e-02;1.335495e-01;3.331276e-02;4.193673e-02
6.676525e-02;1.130386e-01;1.533441e-01;7.218148e-02;5.565953e-02;8.700947e-02;6.761954e-02;5.195330e-02;5.467337e-02;1.309031e-01;7.007304e-02;7.677928e-02
9.044995e-02;1.041272e-01;1.416757e-01;6.378836e-02;6.620301e-02;7.071489e-02;5.891754e-02;4.396280e-02;8.169317e-02;1.304465e-01;7.550233e-02;7.251868e-02
1.010746e-01;8.170187e-02;1.368973e-01;5.727890e-02;8.467795e-02;5.381751e-02;5.828685e-02;5.642841e-02;1.287391e-01;1.185237e-01;5.668071e-02;6.589313e-02
7.163351e-02;6.013586e-02;1.596949e-01;7.329223e-02;7.068462e-02;6.066450e-02;1.215256e-01;6.177442e-02;9.362070e-02;8.767607e-02;8.050864e-02;5.878898e-02
5.773301e-02;6.986886e-02;2.124709e-01;4.767476e-02;4.376268e-02;5.333845e-02;9.373268e-02;4.089153e-02;1.434773e-01;1.206037e-01;7.034521e-02;4.610090e-02
5.531722e-02;1.025970e-01;2.158183e-01;3.395214e-02;2.871878e-02;5.976643e-02;5.082048e-02;2.417279e-02;2.138542e-01;1.134318e-01;5.446481e-02;4.708602e-02
6.346215e-02;1.400656e-01;1.743170e-01;2.134342e-02;1.815793e-02;5.888189e-02;2.758838e-02;4.556924e-02;2.944426e-01;8.395978e-02;3.057845e-02;4.163358e-02
1.084467e-01;1.447526e-01;1.040874e-01;1.045570e-02;3.165011e-02;4.309572e-02;2.599319e-02;1.164433e-01;2.871572e-01;5.063460e-02;4.638594e-02;3.089766e-02
1.837967e-01;1.001710e-01;5.365332e-02;6.910745e-03;5.690387e-02;2.173464e-02;6.866910e-02;2.163807e-01;1.683200e-01;3.164859e-02;7.207593e-02;1.973538e-02
2.347694e-01;5.564243e-02;4.308523e-02;4.619685e-03;6.406354e-02;1.377689e-02;1.181177e-01;2.557793e-01;8.005177e-02;2.682609e-02;7.062007e-02;3.264783e-02
2.392900e-01;4.510147e-02;4.329903e-02;1.379804e-02;5.535097e-02;1.728901e-02;1.470460e-01;2.255605e-01;3.825070e-02;5.177417e-02;5.419964e-02;6.904040e-02
1.593177e-01;6.024788e-02;5.509036e-02;2.868950e-02;4.167314e-02;2.505019e-02;1.185708e-01;1.725275e-01;5.586426e-02;1.079466e-01;5.507627e-02;1.199457e-01
1.924412e-01;6.498246e-02;5.991368e-02;3.990883e-02;2.752504e-02;2.160956e-02;7.748124e-02;1.173408e-01;4.016903e-02;1.337835e-01;5.225075e-02;1.725939e-01
2.113986e-01;3.181583e-02;4.253504e-02;4.140856e-02;2.384667e-02;2.610539e-02;1.395908e-01;8.188415e-02;2.360415e-02;1.019162e-01;6.479040e-02;2.111042e-01
2.126459e-01;4.247443e-02;4.802291e-02;2.216021e-02;3.399013e-02;2.386081e-02;1.759411e-01;7.833318e-02;2.935946e-02;5.170202e-02;6.501363e-02;2.164963e-01
1.613109e-01;3.519867e-02;3.816367e-02;3.188261e-02;4.146281e-02;2.811379e-02;1.920040e-01;6.321699e-02;4.163483e-02;4.999426e-02;1.017131e-01;2.153043e-01
8.070018e-02;2.165053e-02;9.071749e-02;4.723050e-02;4.294399e-02;4.140588e-02;1.757009e-01;4.487440e-02;6.047986e-02;7.900108e-02;1.429384e-01;1.723569e-01
7.261264e-02;4.423464e-02;1.239582e-01;6.633192e-02;4.946642e-02;5.936121e-02;1.121585e-01;6.611377e-02;7.414976e-02;8.377285e-02;1.257977e-01;1.220424e-01
1.560630e-01;1.380357e-01;3.019878e-01;6.019664e-02;4.204635e-02;3.689422e-02;5.862998e-02;2.491850e-02;5.103521e-02;4.741868e-02;4.625079e-02;3.652311e-02
2.171933e-01;1.816513e-01;3.242576e-01;4.697565e-02;3.362122e-02;2.452301e-02;4.275849e-02;2.548809e-02;2.121856e-02;2.464516e-02;2.338322e-02;3.428445e-02
2.533084e-01;2.025901e-01;2.359404e-01;4.101772e-02;3.545533e-02;2.079599e-02;5.403767e-02;3.509954e-02;2.531132e-02;3.444253e-02;2.913535e-02;3.286569e-02
2.757046e-01;1.962636e-01;1.921800e-01;4.932145e-02;4.164268e-02;2.422780e-02;5.416154e-02;4.983499e-02;2.030969e-02;4.015444e-02;2.692794e-02;2.927119e-02
3.084642e-01;1.599413e-01;1.245285e-01;6.544161e-02;4.154879e-02;3.440886e-02;7.785071e-02;5.181737e-02;2.078384e-02;4.057606e-02;2.169503e-02;5.294371e-02
2.863398e-01;1.120160e-01;6.003056e-02;7.173367e-02;3.967482e-02;4.690604e-02;1.474721e-01;4.846119e-02;1.983629e-02;4.280264e-02;2.634693e-02;9.837989e-02
1.839571e-01;6.452565e-02;2.901943e-02;6.861022e-02;3.524331e-02;6.151389e-02;2.378328e-01;5.462502e-02;2.092843e-02;3.839457e-02;5.530515e-02;1.500445e-01
4.355076e-02;2.792599e-02;5.077078e-02;3.505378e-02;7.617033e-02;9.401999e-02;2.823541e-01;7.046296e-02;3.333998e-02;3.322966e-02;1.006314e-01;1.524903e-01
1.054688e-01;3.937225e-02;6.355123e-02;3.287776e-02;6.084259e-02;7.786043e-02;2.461428e-01;7.909756e-02;3.487406e-02;3.323893e-02;9.313107e-02;1.335425e-01
2.408153e-01;8.641896e-02;8.250228e-02;4.001427e-02;4.536181e-02;4.047533e-02;1.730160e-01;7.826781e-02;3.810097e-02;3.029355e-02;5.276121e-02;9.197251e-02
3.061278e-01;1.098943e-01;9.598868e-02;4.519179e-02;4.912439e-02;5.524557e-02;1.139318e-01;7.802986e-02;3.246249e-02;3.390880e-02;3.237390e-02;4.772071e-02
3.397362e-01;1.175083e-01;1.135168e-01;4.619188e-02;3.902500e-02;5.638926e-02;8.424293e-02;8.237881e-02;1.849090e-02;4.342193e-02;2.000442e-02;3.909359e-02
3.577906e-01;1.269768e-01;1.348860e-01;3.812736e-02;3.311096e-02;3.261442e-02;6.076093e-02;8.734214e-02;2.366787e-02;3.981991e-02;2.174317e-02;4.315975e-02
3.275453e-01;1.199075e-01;1.615837e-01;2.854210e-02;3.263411e-02;2.797670e-02;6.424716e-02;6.636774e-02;4.871900e-02;4.918697e-02;3.017710e-02;4.311250e-02
2.666315e-01;1.046197e-01;2.182541e-01;2.511727e-02;2.679030e-02;4.049443e-02;5.845834e-02;5.343264e-02;6.727207e-02;5.351783e-02;4.385167e-02;4.156012e-02
2.113538e-01;7.295682e-02;2.060716e-01;2.969985e-02;3.626328e-02;5.172683e-02;7.544769e-02;4.513682e-02;5.612351e-02;6.869610e-02;7.651103e-02;7.001264e-02
1.382498e-01;4.917269e-02;1.592315e-01;5.568545e-02;6.530127e-02;5.808730e-02;1.098430e-01;2.679959e-02;3.085386e-02;1.090080e-01;1.126075e-01;8.516005e-02
4.542978e-02;8.130725e-02;1.812247e-01;8.336555e-02;9.279773e-02;8.003464e-02;9.917499e-02;2.799219e-02;2.564828e-02;1.395359e-01;9.423666e-02;4.925232e-02
7.326215e-02;1.034384e-01;1.677160e-01;9.174153e-02;9.243137e-02;1.002842e-01;8.191568e-02;3.621164e-02;3.329963e-02;1.192468e-01;5.265881e-02;4.779369e-02
1.459123e-01;1.136649e-01;1.332707e-01;5.660471e-02;9.064247e-02;6.789009e-02;9.126057e-02;4.569149e-02;3.871802e-02;1.031949e-01;4.406177e-02;6.908816e-02
