3.522538e-02;1.398425e-01;1.064820e-01;5.860035e-02;5.141469e-02;1.190275e-01;6.282431e-02;1.858427e-01;8.379070e-02;4.825369e-02;4.787054e-02;6.082569e-02
3.704195e-02;1.822094e-01;1.116127e-01;6.086027e-02;6.564923e-02;1.370147e-01;6.203750e-02;1.430666e-01;8.232226e-02;4.172538e-02;3.429455e-02;4.216546e-02
3.121041e-02;1.730898e-01;1.790279e-01;7.603138e-02;4.426860e-02;1.400494e-01;4.368561e-02;1.364379e-01;8.378495e-02;4.006800e-02;3.409843e-02;1.824763e-02
2.790416e-02;1.190848e-01;1.609835e-01;6.723563e-02;6.757774e-02;1.993582e-01;4.163498e-02;1.223505e-01;9.604210e-02;4.477509e-02;3.476124e-02;1.829203e-02
2.265650e-02;6.619478e-02;9.899060e-02;5.880821e-02;8.152160e-02;2.732441e-01;5.382124e-02;1.229208e-01;1.087253e-01;4.453564e-02;4.873053e-02;1.985073e-02
2.602488e-02;3.027396e-02;4.994347e-02;3.266810e-02;6.594867e-02;3.629514e-01;6.960000e-02;1.049460e-01;1.213755e-01;5.080413e-02;6.913173e-02;1.633213e-02
2.843798e-02;4.111015e-02;3.756992e-02;1.716411e-02;4.546182e-02;3.952186e-01;4.903370e-02;9.895542e-02;1.484807e-01;4.930576e-02;6.936538e-02;1.989642e-02
3.943093e-02;5.177471e-02;7.385102e-02;1.184566e-02;2.729603e-02;3.769053e-01;3.996131e-02;7.975934e-02;1.545178e-01;4.159651e-02;8.124293e-02;2.181856e-02
4.024877e-02;4.278294e-02;9.641065e-02;1.725703e-02;1.576492e-02;3.730659e-01;4.352526e-02;6.607568e-02;1.534204e-01;4.390614e-02;8.751829e-02;2.002397e-02
3.435463e-02;2.761615e-02;8.204319e-02;2.111517e-02;1.802377e-02;3.792106e-01;6.342679e-02;6.570228e-02;1.598649e-01;4.486093e-02;9.101951e-02;1.276212e-02
2.829097e-02;4.122662e-02;9.127585e-02;1.389003e-02;1.667772e-02;3.284517e-01;1.101496e-01;6.506214e-02;1.547911e-01;4.142106e-02;9.113287e-02;1.763044e-02
2.617119e-02;1.831761e-02;6.715900e-02;1.058912e-02;1.311742e-02;3.335995e-01;1.742696e-01;4.142519e-02;1.430812e-01;4.584526e-02;1.070710e-01;1.935398e-02
2.606747e-02;3.806704e-02;6.576315e-02;1.310119e-02;1.155366e-02;3.243792e-01;1.786480e-01;4.023912e-02;1.351459e-01;4.387966e-02;1.025328e-01;2.062275e-02
3.062174e-02;4.255972e-02;6.304699e-02;1.580387e-02;1.814874e-02;3.136366e-01;1.641787e-01;5.493042e-02;1.267012e-01;4.547180e-02;1.009897e-01;2.391046e-02
2.764245e-02;6.466873e-02;7.752593e-02;1.935468e-02;4.511564e-02;3.195814e-01;9.775491e-02;7.115408e-02;9.654665e-02;3.251235e-02;1.148366e-01;3.330654e-02
2.160417e-02;5.636616e-02;7.680029e-02;1.802782e-02;5.797157e-02;3.595048e-01;8.291598e-02;6.013619e-02;7.578063e-02;3.412980e-02;1.225462e-01;3.421643e-02
1.594458e-02;2.213913e-02;6.408909e-02;1.114348e-02;4.027173e-02;4.540556e-01;1.044850e-01;3.433273e-02;5.216788e-02;2.929080e-02;1.441993e-01;2.788067e-02
1.281739e-02;1.805915e-02;5.628568e-02;5.567240e-03;1.877749e-02;5.123122e-01;1.047405e-01;2.001732e-02;3.494005e-02;2.933714e-02;1.675972e-01;1.954858e-02
1.076383e-02;1.675058e-02;4.645306e-02;5.863061e-03;3.038154e-02;5.232993e-01;8.382320e-02;2.477728e-02;3.293790e-02;3.727478e-02;1.685915e-01;1.908405e-02
1.208116e-02;1.972782e-02;4.370014e-02;4.792764e-03;3.993459e-02;5.557795e-01;5.731184e-02;2.400100e-02;2.805768e-02;3.817504e-02;1.544899e-01;2.194862e-02
1.583252e-02;1.346245e-02;3.830073e-02;8.991452e-03;3.656954e-02;6.052829e-01;2.233646e-02;2.134030e-02;4.444033e-02;3.194253e-02;1.382536e-01;2.324714e-02
1.540602e-02;1.470427e-02;4.234618e-02;7.641514e-03;4.377241e-02;5.903782e-01;4.394138e-02;3.786126e-02;4.794795e-02;2.193964e-02;1.158847e-01;1.817651e-02
1.461288e-02;1.017375e-02;4.383339e-02;1.267954e-02;7.149965e-02;5.453048e-01;6.698830e-02;3.137344e-02;5.663209e-02;2.549471e-02;1.094583e-01;1.194910e-02
1.598204e-02;1.610463e-02;6.150907e-02;1.365786e-02;7.235310e-02;4.431733e-01;5.918828e-02;5.377228e-02;1.010368e-01;3.330767e-02;1.151853e-01;1.472964e-02
1.924422e-02;3.101183e-02;8.069990e-02;1.266805e-02;3.823947e-02;3.057531e-01;7.790013e-02;9.889287e-02;1.436447e-01;5.064623e-02;1.100883e-01;3.121128e-02
1.741400e-02;3.868833e-02;1.009593e-01;1.312019e-02;2.856622e-02;2.654005e-01;7.397946e-02;7.631430e-02;1.342782e-01;6.614818e-02;1.422791e-01;4.285207e-02
1.784792e-02;2.147261e-02;1.083465e-01;9.285110e-03;3.841873e-02;2.789926e-01;7.034685e-02;6.122096e-02;1.168421e-01;4.874227e-02;1.894076e-01;3.907675e-02
2.172502e-02;3.972162e-02;1.137036e-01;1.064532e-02;2.790638e-02;2.411172e-01;8.869822e-02;7.103588e-02;1.307431e-01;4.165563e-02;1.784337e-01;3.461442e-02
2.297215e-02;3.919462e-02;9.689496e-02;3.289273e-02;2.725037e-02;1.844430e-01;1.246690e-01;5.775969e-02;1.476302e-01;4.778454e-02;1.783912e-01;4.011760e-02
2.430848e-02;3.714196e-02;8.889683e-02;3.660169e-02;3.815364e-02;2.603351e-01;1.044748e-01;4.606912e-02;1.409370e-01;4.103178e-02;1.535006e-01;2.854905e-02
1.740553e-02;2.599534e-02;9.055978e-02;1.512804e-02;2.926026e-02;3.362962e-01;9.265938e-02;5.330964e-02;1.134385e-01;4.148130e-02;1.476182e-01;3.684783e-02
2.398766e-02;5.762630e-02;1.001839e-01;2.341666e-02;3.048188e-02;2.955905e-01;8.930577e-02;5.026724e-02;9.012621e-02;5.195314e-02;1.348686e-01;5.219227e-02
2.613236e-02;5.662294e-02;9.026567e-02;3.607673e-02;4.443993e-02;2.818781e-01;9.009716e-02;5.696795e-02;7.863641e-02;6.412110e-02;1.183462e-01;5.641541e-02
1.768121e-02;3.591598e-02;7.558765e-02;2.822693e-02;5.985728e-02;3.156570e-01;6.068670e-02;4.861780e-02;8.289113e-02;1.137929e-01;1.165203e-01;4.456513e-02
2.125745e-02;2.265876e-02;6.741242e-02;9.657768e-03;4.766148e-02;3.385411e-01;2.718537e-02;5.318562e-02;8.717398e-02;1.738047e-01;1.161392e-01;3.532213e-02
2.005961e-02;2.068265e-02;5.976422e-02;7.704890e-03;3.198911e-02;3.317168e-01;2.953569e-02;5.306015e-02;1.311447e-01;1.633355e-01;1.154870e-01;3.551970e-02
1.755128e-02;3.482982e-02;4.951275e-02;1.482405e-02;1.057293e-02;2.646503e-01;4.448421e-02;6.453986e-02;2.213228e-01;1.474085e-01;9.662074e-02;3.368282e-02
1.715760e-02;3.804805e-02;4.142077e-02;2.107666e-02;2.211180e-02;1.772207e-01;9.388288e-02;6.327164e-02;2.913794e-01;1.123723e-01;7.441466e-02;4.764358e-02
1.963852e-02;5.073467e-02;4.278713e-02;1.943483e-02;2.375413e-02;1.624393e-01;1.902592e-01;7.387857e-02;2.362958e-01;4.728676e-02;5.881500e-02;7.467601e-02
2.471886e-02;6.585829e-02;4.646496e-02;1.830165e-02;1.074897e-02;2.067852e-01;2.246598e-01;8.632471e-02;1.438526e-01;2.885456e-02;5.446508e-02;8.896533e-02
4.707634e-02;9.045681e-02;5.364706e-02;1.704147e-02;1.400927e-02;2.152920e-01;1.629401e-01;8.870208e-02;1.079935e-01;4.745399e-02;6.486360e-02;9.052382e-02
5.276990e-02;1.156580e-01;7.232076e-02;1.481623e-02;1.666830e-02;2.193818e-01;6.537452e-02;8.631445e-02;1.365675e-01;7.216385e-02;7.876089e-02;6.920376e-02
4.162765e-02;8.893166e-02;7.090095e-02;1.425146e-02;1.840622e-02;2.337551e-01;8.955400e-02;7.895152e-02;1.391463e-01;7.107670e-02;9.342518e-02;5.997324e-02
3.305279e-02;6.465589e-02;7.283578e-02;1.303430e-02;2.398588e-02;2.416101e-01;8.558855e-02;6.580952e-02;1.323397e-01;6.883653e-02;1.241173e-01;7.413365e-02
3.011873e-02;5.729747e-02;9.900762e-02;1.776570e-02;3.175679e-02;1.871066e-01;9.996924e-02;5.200141e-02;1.539260e-01;8.145224e-02;1.240664e-01;6.553184e-02
3.936896e-02;9.765351e-02;1.363702e-01;1.946622e-02;3.242265e-02;1.178438e-01;9.846752e-02;7.031900e-02;1.526850e-01;7.505170e-02;1.054109e-01;5.494051e-02
4.996240e-02;8.367164e-02;1.830581e-01;2.458038e-02;3.882315e-02;9.489435e-02;7.578571e-02;9.466827e-02;1.547071e-01;6.693703e-02;8.748130e-02;4.543051e-02
4.423218e-02;9.916690e-02;2.470754e-01;2.164377e-02;3.991883e-02;1.164616e-01;4.572834e-02;7.991237e-02;1.299867e-01;6.521474e-02;6.898927e-02;4.166989e-02
2.772770e-02;2.038286e-01;2.473851e-01;2.645608e-02;3.215165e-02;1.257921e-01;3.198963e-02;7.004239e-02;8.753417e-02;5.859233e-02;5.519230e-02;3.330807e-02
5.499804e-02;2.772695e-01;2.255080e-01;2.339189e-02;2.715122e-02;1.207060e-01;3.555972e-02;6.536119e-02;6.460203e-02;4.014974e-02;3.732786e-02;2.797478e-02
1.034125e-01;2.722963e-01;1.985006e-01;2.087700e-02;2.838915e-02;1.017882e-01;4.131822e-02;7.913468e-02;6.703191e-02;3.324005e-02;2.715379e-02;2.685758e-02
1.066494e-01;2.197803e-01;1.724874e-01;2.051149e-02;2.752368e-02;1.075409e-01;7.554219e-02;9.614723e-02;7.211141e-02;4.369834e-02;2.943797e-02;2.856977e-02
6.233937e-02;1.805053e-01;1.687648e-01;1.999531e-02;3.158495e-02;1.664326e-01;1.042928e-01;7.434276e-02;7.681563e-02;5.198461e-02;3.379714e-02;2.914479e-02
4.004402e-02;1.259288e-01;1.460006e-01;1.641923e-02;5.608106e-02;2.679899e-01;6.588909e-02;6.026625e-02;9.814909e-02;5.631487e-02;3.089467e-02;3.602242e-02
3.366448e-02;7.821359e-02;1.088007e-01;1.846799e-02;6.536125e-02;3.461428e-01;8.220763e-02;5.595691e-02;1.028283e-01;5.472194e-02;2.953929e-02;2.409507e-02
2.580929e-02;8.364470e-02;1.133383e-01;1.081218e-02;4.474585e-02;3.295643e-01;7.086233e-02;8.016776e-02;1.250397e-01;5.554977e-02;3.826898e-02;2.219679e-02
2.888038e-02;1.088650e-01;1.239347e-01;2.350084e-02;1.625131e-02;3.092994e-01;2.174942e-02;9.152377e-02;1.622157e-01;5.929182e-02;3.650495e-02;1.798283e-02
2.366794e-02;1.395318e-01;1.530018e-01;2.957198e-02;5.012696e-02;2.108223e-01;4.969922e-02;8.730830e-02;1.333367e-01;4.432000e-02;3.717335e-02;4.143962e-02
3.061177e-02;1.429800e-01;1.412715e-01;4.313280e-02;7.209657e-02;1.230456e-01;4.143921e-02;9.952891e-02;1.458038e-01;5.903286e-02;4.593746e-02;5.511951e-02
4.154344e-02;1.107753e-01;8.883394e-02;5.552525e-02;6.499407e-02;1.834168e-01;3.759276e-02;9.741423e-02;1.363108e-01;7.724466e-02;5.822055e-02;4.812816e-02
4.904972e-02;6.221841e-02;6.813694e-02;2.474889e-02;4.727717e-02;3.114878e-01;7.830889e-02;6.065932e-02;9.650588e-02;8.256690e-02;7.757026e-02;4.146982e-02
4.212836e-02;4.733173e-02;6.360465e-02;2.747778e-02;3.704987e-02;4.090255e-01;8.358175e-02;4.180859e-02;7.168012e-02;6.458158e-02;7.900788e-02;3.272220e-02
2.787572e-02;4.588362e-02;4.575887e-02;8.836716e-02;5.891984e-02;4.053015e-01;6.788864e-02;5.067271e-02;8.566850e-02;4.118055e-02;5.917757e-02;2.330537e-02
2.388502e-02;6.533463e-02;6.049339e-02;1.113383e-01;8.115841e-02;3.114576e-01;5.432322e-02;8.776888e-02;1.003964e-01;4.729459e-02;3.424026e-02;2.230923e-02
2.102850e-02;7.072286e-02;7.544637e-02;7.963941e-02;8.161570e-02;2.219290e-01;8.155705e-02;1.488599e-01;1.217869e-01;5.100688e-02;1.870567e-02;2.770177e-02
2.383325e-02;7.868479e-02;9.662872e-02;4.526567e-02;7.610770e-02;1.690115e-01;9.264333e-02;1.834236e-01;1.193781e-01;4.329386e-02;2.905991e-02;4.266958e-02
2.465452e-02;8.936463e-02;1.145915e-01;1.931776e-02;6.071622e-02;1.926501e-01;5.545808e-02;1.299499e-01;1.478516e-01;6.067170e-02;4.890985e-02;5.586415e-02
2.930749e-02;9.222548e-02;1.188865e-01;2.812296e-02;5.538352e-02;2.080038e-01;3.353319e-02;8.331310e-02;1.432788e-01;7.177631e-02;7.370377e-02;6.246510e-02
3.665563e-02;9.728233e-02;1.215923e-01;5.901985e-02;2.985966e-02;1.425427e-01;3.628296e-02;1.289152e-01;1.566994e-01;7.098451e-02;7.635947e-02;4.380599e-02
3.214986e-02;4.934895e-02;1.025053e-01;6.489910e-02;3.264498e-02;1.096327e-01;5.702180e-02;1.489000e-01;2.304103e-01;8.180177e-02;5.610485e-02;3.458030e-02
4.475928e-02;1.061965e-01;1.136231e-01;4.078586e-02;4.210731e-02;1.232744e-01;4.691708e-02;1.335934e-01;1.894805e-01;6.846590e-02;6.030066e-02;3.049611e-02
3.276162e-02;9.715897e-02;1.191392e-01;3.908324e-02;3.356256e-02;1.739569e-01;2.279429e-02;1.416862e-01;1.858316e-01;6.890452e-02;6.188567e-02;2.323527e-02
3.071692e-02;7.866810e-02;1.050636e-01;2.263167e-02;2.730368e-02;2.155269e-01;2.441325e-02;1.433001e-01;2.060398e-01;6.958975e-02;4.557158e-02;3.117473e-02
3.935632e-02;7.083925e-02;8.875167e-02;2.015223e-02;5.919210e-02;2.286302e-01;3.654246e-02;9.400830e-02;1.936459e-01;6.745779e-02;5.348317e-02;4.794054e-02
4.135747e-02;6.596138e-02;1.001842e-01;4.406303e-02;6.346785e-02;1.436818e-01;4.050926e-02;1.278456e-01;2.004789e-01;6.280426e-02;6.999551e-02;3.965073e-02
4.545383e-02;7.693335e-02;8.794159e-02;2.746950e-02;4.939010e-02;1.130933e-01;2.513131e-02;1.511099e-01;2.266770e-01;6.695252e-02;8.780985e-02;4.203777e-02
4.628194e-02;9.279760e-02;1.168430e-01;3.334807e-02;3.307218e-02;2.382645e-01;4.095970e-02;9.150752e-02;1.395709e-01;6.337602e-02;6.680737e-02;3.717113e-02
4.185509e-02;1.155686e-01;1.255224e-01;3.234712e-02;8.301734e-02;2.686694e-01;4.290471e-02;9.350187e-02;7.783401e-02;6.162069e-02;2.875921e-02;2.839956e-02
3.489043e-02;1.341259e-01;1.068264e-01;3.214075e-02;1.185478e-01;2.860812e-01;2.797581e-02;6.261134e-02;7.461448e-02;5.139997e-02;5.126406e-02;1.952194e-02
1.948089e-02;1.407222e-01;7.642718e-02;1.751456e-02;1.458155e-01;3.380851e-01;3.428053e-02;3.953032e-02;6.776872e-02;5.362244e-02;5.310444e-02;1.364812e-02
1.118374e-02;1.599242e-01;5.169183e-02;1.318016e-02;1.735858e-01;3.238409e-01;2.338162e-02;4.784853e-02;5.639482e-02;8.330239e-02;5.060071e-02;5.065332e-03
2.015471e-02;1.907393e-01;4.049292e-02;3.197014e-02;2.137656e-01;2.304608e-01;1.685253e-02;4.947131e-02;6.324103e-02;1.011262e-01;3.666939e-02;5.055991e-03
2.112394e-02;2.023772e-01;3.882617e-02;4.559348e-02;2.337646e-01;1.993951e-01;6.032226e-03;4.861790e-02;7.283987e-02;1.005978e-01;2.242813e-02;8.403562e-03
1.067033e-02;1.546066e-01;7.693440e-02;2.108392e-02;1.797604e-01;2.832670e-01;2.225169e-02;4.888218e-02;6.948561e-02;7.758483e-02;4.768822e-02;7.784885e-03
1.154870e-02;1.020761e-01;1.340476e-01;2.153556e-02;1.165819e-01;3.817034e-01;1.501607e-02;3.582105e-02;5.576335e-02;4.637097e-02;6.917247e-02;1.036279e-02
1.521090e-02;5.697678e-02;1.291487e-01;1.382244e-02;6.744830e-02;4.752365e-01;3.653384e-02;3.335907e-02;4.065018e-02;3.193970e-02;8.579484e-02;1.387868e-02
1.891598e-02;3.842654e-02;9.955163e-02;1.273716e-02;3.329292e-02;4.911012e-01;9.010705e-02;2.878010e-02;5.522338e-02;2.969022e-02;8.677148e-02;1.540227e-02
1.699984e-02;3.270407e-02;7.629348e-02;9.305561e-03;2.960756e-02;4.507327e-01;1.252613e-01;3.046659e-02;9.474444e-02;3.348536e-02;8.003144e-02;2.036771e-02
1.629393e-02;3.165826e-02;6.488776e-02;7.031120e-03;2.231824e-02;4.073918e-01;1.003309e-01;3.584288e-02;1.513286e-01;5.034415e-02;7.427946e-02;3.829277e-02
1.169272e-02;5.645404e-02;5.020025e-02;1.778180e-02;2.033899e-02;3.316665e-01;1.371625e-01;4.985113e-02;1.591536e-01;4.329576e-02;6.370476e-02;5.869791e-02
1.458900e-02;1.029427e-01;4.712981e-02;4.534644e-02;3.422798e-02;2.243942e-01;2.196539e-01;7.302541e-02;1.185335e-01;3.011424e-02;3.109837e-02;5.894443e-02
1.975935e-02;9.340515e-02;3.812908e-02;7.011577e-02;2.695100e-02;1.687184e-01;2.877106e-01;6.288818e-02;8.732274e-02;4.888642e-02;3.595149e-02;6.016178e-02
2.288586e-02;7.664632e-02;2.324217e-02;5.196614e-02;2.786423e-02;1.184427e-01;3.286554e-01;6.109070e-02;7.751247e-02;6.931287e-02;6.280714e-02;7.957399e-02
2.978687e-02;9.212659e-02;4.311879e-02;3.229035e-02;3.520598e-02;1.650296e-01;2.360554e-01;7.234988e-02;9.253532e-02;8.600523e-02;5.093122e-02;6.456486e-02
4.561197e-02;1.202080e-01;6.477333e-02;3.112562e-02;4.259078e-02;1.940832e-01;1.195025e-01;1.014239e-01;1.151212e-01;9.603184e-02;3.203477e-02;3.749301e-02
5.186051e-02;1.015029e-01;5.634432e-02;2.714833e-02;4.560111e-02;1.232916e-01;1.853570e-01;1.138296e-01;1.085246e-01;9.836587e-02;3.052915e-02;5.764499e-02
5.038457e-02;9.819004e-02;2.654347e-02;5.209420e-02;3.808612e-02;1.205940e-01;2.119501e-01;1.048402e-01;7.749953e-02;9.902239e-02;3.912248e-02;8.167291e-02
4.179775e-02;1.327153e-01;7.450911e-02;6.207754e-02;3.782040e-02;1.195456e-01;1.588201e-01;8.925644e-02;9.663776e-02;7.290047e-02;3.797373e-02;7.594584e-02
3.263212e-02;1.381743e-01;9.210096e-02;4.795148e-02;4.564929e-02;1.615657e-01;1.356493e-01;6.549782e-02;1.325537e-01;5.258962e-02;3.435881e-02;6.127699e-02
2.454770e-02;9.147109e-02;7.943362e-02;2.827163e-02;7.703025e-02;1.882482e-01;1.233412e-01;5.865680e-02;1.546371e-01;5.731899e-02;6.051563e-02;5.652784e-02
2.808966e-02;7.744169e-02;6.074439e-02;2.695503e-02;9.164117e-02;1.728307e-01;1.026703e-01;8.842211e-02;1.710273e-01;6.135911e-02;8.216266e-02;3.665577e-02
2.410519e-02;8.303110e-02;6.226876e-02;1.896325e-02;7.630470e-02;2.353438e-01;1.054143e-01;9.017273e-02;1.466371e-01;6.002563e-02;7.471887e-02;2.301467e-02
2.185851e-02;1.038125e-01;5.704781e-02;2.068221e-02;6.371323e-02;2.426829e-01;1.139419e-01;9.593280e-02;1.567516e-01;5.594768e-02;4.713871e-02;2.049017e-02
2.288824e-02;1.144240e-01;8.693243e-02;3.623673e-02;5.079099e-02;1.387626e-01;6.104158e-02;1.548055e-01;2.102798e-01;6.149747e-02;2.720453e-02;3.513604e-02
2.233294e-02;1.391453e-01;8.564700e-02;4.318025e-02;6.835192e-02;1.461418e-01;5.065452e-02;1.133226e-01;1.683721e-01;6.151176e-02;5.786329e-02;4.347645e-02
1.965359e-02;1.062906e-01;8.289005e-02;5.661738e-02;8.174526e-02;2.151314e-01;5.922633e-02;7.871553e-02;1.353438e-01;7.062952e-02;5.198872e-02;4.176785e-02
1.474483e-02;5.504965e-02;6.420261e-02;5.849629e-02;6.578819e-02;3.170735e-01;9.044003e-02;5.603964e-02;1.074924e-01;6.975315e-02;6.651654e-02;3.440323e-02
1.780136e-02;4.127809e-02;4.372758e-02;6.342172e-02;5.486211e-02;3.480380e-01;8.918493e-02;6.366045e-02;1.074175e-01;7.683724e-02;7.018028e-02;2.359080e-02
1.207577e-02;5.056394e-02;3.413342e-02;9.049904e-02;1.038979e-01;2.713608e-01;4.869908e-02;7.571617e-02;1.441781e-01;9.642232e-02;5.285594e-02;1.959757e-02
8.990956e-03;5.157771e-02;2.700246e-02;6.807025e-02;1.358728e-01;1.914416e-01;5.268877e-02;9.993966e-02;1.982545e-01;1.080747e-01;3.795933e-02;2.012719e-02
9.402460e-03;5.628966e-02;5.184979e-02;3.980924e-02;1.290475e-01;1.190741e-01;5.273385e-02;1.629413e-01;2.343358e-01;9.867066e-02;2.626127e-02;1.958437e-02
1.194967e-02;4.932538e-02;8.906741e-02;4.133386e-02;1.220932e-01;1.181480e-01;4.178779e-02;1.837768e-01;2.373287e-01;6.736902e-02;1.944342e-02;1.837675e-02
2.235037e-02;5.896378e-02;1.041713e-01;6.800985e-02;1.150916e-01;8.105286e-02;4.949783e-02;1.314142e-01;2.435884e-01;8.253663e-02;2.657654e-02;1.674669e-02
2.772808e-02;8.072785e-02;7.591593e-02;6.047402e-02;7.710639e-02;9.968671e-02;4.537685e-02;1.235959e-01;2.185025e-01;1.324696e-01;3.902466e-02;1.939156e-02
2.599843e-02;8.278349e-02;6.869056e-02;3.847887e-02;7.487318e-02;1.588101e-01;3.029055e-02;1.005495e-01;2.018164e-01;1.464946e-01;4.053430e-02;3.067994e-02
1.802811e-02;5.217906e-02;4.562330e-02;2.906625e-02;1.151161e-01;1.564650e-01;3.840508e-02;9.442961e-02;2.393802e-01;1.393177e-01;4.749492e-02;2.449467e-02
1.054381e-02;3.610120e-02;3.046483e-02;2.989507e-02;1.380992e-01;1.211522e-01;5.543398e-02;1.181000e-01;2.807303e-01;1.169192e-01;3.954576e-02;2.301440e-02
7.523751e-03;3.677200e-02;2.913428e-02;3.668081e-02;1.431788e-01;1.285877e-01;4.853887e-02;1.286035e-01;2.877718e-01;1.081444e-01;2.584611e-02;1.921796e-02
1.257914e-02;3.606648e-02;2.102202e-02;3.381990e-02;1.426097e-01;1.424277e-01;3.711173e-02;1.363730e-01;2.950025e-01;1.030921e-01;1.749269e-02;2.240306e-02
1.949034e-02;5.271649e-02;4.395257e-02;3.951987e-02;1.278820e-01;1.008362e-01;5.322869e-02;1.512921e-01;2.760684e-01;8.525749e-02;1.952876e-02;3.022696e-02
2.361424e-02;7.169662e-02;7.425628e-02;5.842223e-02;9.427263e-02;1.181916e-01;7.960371e-02;1.690740e-01;1.946998e-01;6.319378e-02;2.377085e-02;2.920433e-02
2.071431e-02;7.054747e-02;9.567493e-02;4.428083e-02;7.254134e-02;1.275433e-01;9.413651e-02;1.549179e-01;1.925748e-01;6.726971e-02;3.956398e-02;2.023489e-02
2.120136e-02;6.018430e-02;8.290448e-02;3.477895e-02;7.539388e-02;1.420037e-01;6.924424e-02;1.281325e-01;2.476085e-01;8.140701e-02;3.841839e-02;1.872269e-02
2.927734e-02;7.534477e-02;7.189506e-02;3.433410e-02;8.592145e-02;1.550331e-01;2.314614e-02;1.381330e-01;2.215353e-01;7.154456e-02;4.978073e-02;4.405449e-02
3.237741e-02;8.287146e-02;5.807125e-02;4.458365e-02;1.086424e-01;2.163836e-01;3.298635e-02;1.226524e-01;1.257579e-01;8.110170e-02;4.904227e-02;4.552949e-02
2.799041e-02;9.467095e-02;7.066474e-02;4.273062e-02;8.257025e-02;2.085151e-01;6.429819e-02;1.255772e-01;1.249397e-01;8.446871e-02;4.012461e-02;3.344943e-02
5.009075e-02;1.024723e-01;6.913683e-02;3.702005e-02;3.648517e-02;1.495850e-01;7.924925e-02;1.016871e-01;1.599326e-01;9.140995e-02;6.411169e-02;5.881938e-02
4.909503e-02;9.604209e-02;3.996317e-02;3.597618e-02;5.740596e-02;1.284989e-01;8.747040e-02;1.201637e-01;1.525649e-01;9.746757e-02;8.315673e-02;5.219531e-02
3.866648e-02;8.792969e-02;6.599243e-02;4.933524e-02;7.423332e-02;1.538989e-01;8.520467e-02;1.249577e-01;1.382158e-01;8.418937e-02;6.715649e-02;3.021988e-02
3.149105e-02;7.217556e-02;1.045654e-01;6.128528e-02;8.435122e-02;1.672879e-01;1.079004e-01;1.199887e-01;1.370286e-01;6.240641e-02;3.259283e-02;1.892656e-02
3.011051e-02;1.414783e-01;1.452557e-01;6.433161e-02;5.772368e-02;1.278660e-01;8.340516e-02;8.500257e-02;1.289414e-01;4.624876e-02;4.633034e-02;4.330596e-02
3.808105e-02;1.449772e-01;1.450792e-01;7.133565e-02;3.458289e-02;1.321513e-01;1.034971e-01;7.449916e-02;1.049428e-01;4.663973e-02;5.495952e-02;4.925448e-02
5.546053e-02;9.451834e-02;1.719474e-01;7.059993e-02;2.750088e-02;1.322938e-01;1.179400e-01;5.999274e-02;7.899033e-02;5.252726e-02;9.793194e-02;4.029688e-02
6.711354e-02;7.099045e-02;1.727284e-01;5.164400e-02;3.023799e-02;1.723782e-01;9.336367e-02;4.106660e-02;5.834772e-02;6.762542e-02;1.516584e-01;2.284562e-02
5.369005e-02;1.397815e-01;1.066624e-01;4.072014e-02;6.857023e-02;1.512141e-01;5.003169e-02;5.436014e-02;4.751852e-02;1.125072e-01;1.303631e-01;4.458095e-02
2.820960e-02;2.024115e-01;3.785072e-02;3.899940e-02;1.291150e-01;8.477123e-02;2.409977e-02;7.611609e-02;5.694200e-02;1.704859e-01;5.587788e-02;9.512082e-02
1.429492e-02;1.858954e-01;3.272001e-02;2.825657e-02;1.753163e-01;3.129199e-02;3.370271e-02;7.715129e-02;6.188794e-02;1.933407e-01;2.303755e-02;1.431045e-01
2.059045e-02;1.339429e-01;3.728719e-02;2.908919e-02;1.844648e-01;2.327148e-02;3.997966e-02;6.581663e-02;7.747698e-02;1.946820e-01;3.576377e-02;1.576350e-01
2.344356e-02;8.915261e-02;5.727387e-02;4.714306e-02;1.515902e-01;3.524535e-02;4.883451e-02;7.511462e-02;1.048895e-01;1.901441e-01;4.100120e-02;1.361674e-01
2.439748e-02;7.898777e-02;7.999120e-02;5.906088e-02;9.709695e-02;5.950078e-02;6.330656e-02;1.115940e-01;1.327244e-01;1.595074e-01;3.144182e-02;1.023908e-01
3.103828e-02;9.471843e-02;7.472637e-02;3.673510e-02;8.082154e-02;6.188915e-02;5.224461e-02;1.353876e-01;1.618805e-01;1.447771e-01;4.587281e-02;7.990862e-02
4.556397e-02;9.365682e-02;5.111198e-02;9.896691e-03;1.068954e-01;6.846131e-02;2.874481e-02;1.334042e-01;1.750555e-01;1.428842e-01;6.737662e-02;7.694851e-02
3.562270e-02;1.032886e-01;3.424326e-02;2.668311e-02;1.207054e-01;5.870116e-02;2.795549e-02;1.251678e-01;1.627534e-01;1.703535e-01;7.202973e-02;6.249590e-02
2.489012e-02;8.367565e-02;3.999473e-02;4.355822e-02;1.380090e-01;1.050429e-01;2.997702e-02;8.961113e-02;1.627199e-01;1.831465e-01;6.259248e-02;3.678242e-02
2.538097e-02;6.549100e-02;3.550761e-02;4.493857e-02;1.423377e-01;1.516910e-01;3.121645e-02;9.395270e-02;1.820949e-01;1.601209e-01;4.091876e-02;2.634948e-02
2.961514e-02;6.682587e-02;4.357097e-02;2.378407e-02;1.181770e-01;1.594061e-01;1.550723e-02;1.151040e-01;2.070285e-01;1.340150e-01;6.085346e-02;2.611273e-02
2.656315e-02;9.227841e-02;6.859311e-02;2.593358e-02;8.158027e-02;9.728349e-02;3.780921e-02;1.355550e-01;2.135407e-01;9.105647e-02;9.608271e-02;3.372389e-02
1.621274e-02;6.858417e-02;5.405159e-02;3.935243e-02;7.095286e-02;7.773791e-02;5.801463e-02;1.605237e-01;1.918697e-01;1.369774e-01;8.345158e-02;4.227132e-02
1.693684e-02;4.384817e-02;4.516532e-02;3.846350e-02;9.404194e-02;7.870615e-02;5.272538e-02;1.692876e-01;2.139539e-01;1.484384e-01;5.358044e-02;4.485233e-02
1.582763e-02;5.266656e-02;5.188477e-02;2.116973e-02;1.085283e-01;8.882087e-02;3.881000e-02;1.645774e-01;2.421135e-01;1.351640e-01;4.351693e-02;3.692032e-02
1.481856e-02;6.324256e-02;3.641273e-02;2.534750e-02;1.438687e-01;9.673250e-02;1.788756e-02;1.549910e-01;2.565596e-01;1.347602e-01;3.050403e-02;2.487501e-02
1.778681e-02;7.409693e-02;3.977954e-02;3.939662e-02;1.721835e-01;7.466120e-02;1.868190e-02;1.194637e-01;2.327421e-01;1.582533e-01;3.142859e-02;2.152582e-02
2.000566e-02;4.971852e-02;3.497615e-02;4.031081e-02;1.808012e-01;8.986710e-02;1.018196e-02;1.088976e-01;2.288080e-01;1.677695e-01;4.575723e-02;2.290629e-02
2.619659e-02;4.008531e-02;3.092793e-02;3.634745e-02;1.899776e-01;6.454293e-02;2.015349e-02;1.100912e-01;2.514015e-01;1.585214e-01;4.685655e-02;2.489809e-02
1.341969e-02;4.302829e-02;2.436900e-02;2.509504e-02;1.888911e-01;5.909930e-02;2.280865e-02;1.116884e-01;2.670524e-01;1.544752e-01;4.824147e-02;4.183159e-02
1.282145e-02;5.836184e-02;2.646468e-02;3.359345e-02;1.671487e-01;9.177744e-02;2.970415e-02;1.076541e-01;2.461525e-01;1.521248e-01;3.468347e-02;3.951346e-02
1.145270e-02;4.891180e-02;2.373921e-02;3.511009e-02;1.544878e-01;1.067439e-01;2.277947e-02;1.059318e-01;2.413340e-01;1.731076e-01;3.943897e-02;3.696262e-02
1.545522e-02;5.850300e-02;3.096571e-02;3.128222e-02;1.508969e-01;5.249380e-02;2.488097e-02;1.045722e-01;2.527311e-01;2.030893e-01;4.177087e-02;3.335870e-02
9.009894e-03;5.260360e-02;4.015759e-02;4.215264e-02;1.387473e-01;4.730089e-02;9.055909e-03;1.198956e-01;2.711721e-01;2.103776e-01;3.729813e-02;2.222870e-02
1.330618e-02;6.100836e-02;3.122968e-02;4.303186e-02;1.339509e-01;2.873258e-02;2.476662e-02;1.067948e-01;2.840410e-01;1.929052e-01;5.319217e-02;2.704063e-02
1.824142e-02;5.703757e-02;4.638578e-02;5.074225e-02;1.455342e-01;5.076104e-02;1.830105e-02;1.085632e-01;2.997940e-01;1.347466e-01;5.062944e-02;1.926342e-02
1.828318e-02;4.858028e-02;3.925276e-02;6.804879e-02;1.693853e-01;4.473900e-02;2.975314e-02;9.412484e-02;3.196670e-01;1.111467e-01;4.037940e-02;1.663955e-02
1.617471e-02;4.498734e-02;4.758710e-02;8.050501e-02;1.669919e-01;4.262061e-02;3.786071e-02;1.063351e-01;2.729912e-01;1.384712e-01;2.998775e-02;1.548749e-02
1.408507e-02;5.017059e-02;4.189790e-02;8.352733e-02;1.602150e-01;6.195782e-02;5.677364e-02;1.155065e-01;2.350949e-01;1.199048e-01;3.365679e-02;2.720953e-02
2.424902e-02;4.782827e-02;4.662720e-02;1.243264e-01;1.298246e-01;1.038273e-01;6.082712e-02;1.039658e-01;2.137195e-01;7.596555e-02;3.951084e-02;2.932832e-02
1.986189e-02;5.498585e-02;8.255050e-02;1.458773e-01;1.507774e-01;9.691201e-02;5.511079e-02;9.568567e-02;1.754871e-01;7.849706e-02;2.317152e-02;2.108281e-02
2.832026e-02;5.495533e-02;8.612292e-02;1.580181e-01;2.327066e-01;6.638589e-02;4.878891e-02;8.455624e-02;1.433897e-01;6.546634e-02;1.398569e-02;1.730397e-02
3.457620e-02;3.663431e-02;7.035924e-02;1.505158e-01;3.114779e-01;7.160404e-02;3.294186e-02;7.083932e-02;1.348825e-01;5.049198e-02;2.119147e-02;1.448533e-02
2.118107e-02;4.185285e-02;5.154679e-02;1.335239e-01;3.459973e-01;2.719295e-02;2.920728e-02;7.026986e-02;1.442086e-01;7.718057e-02;4.736904e-02;1.046986e-02
8.417177e-03;4.553360e-02;3.084608e-02;9.367036e-02;3.458854e-01;7.880803e-02;5.073781e-02;5.640659e-02;1.280003e-01;1.087622e-01;3.521344e-02;1.771897e-02
6.214399e-03;4.220273e-02;1.989754e-02;7.927240e-02;3.634150e-01;9.817743e-02;8.430976e-02;5.276150e-02;1.128714e-01;1.035861e-01;1.928428e-02;1.800741e-02
3.464960e-03;3.586646e-02;1.781555e-02;1.049605e-01;4.028068e-01;3.965453e-02;9.205884e-02;6.287692e-02;1.060674e-01;9.228805e-02;2.342772e-02;1.871216e-02
5.537281e-03;4.274735e-02;2.136848e-02;1.095700e-01;4.180546e-01;1.032305e-01;3.253206e-02;4.865043e-02;1.002146e-01;7.955396e-02;2.456500e-02;1.397569e-02
8.589624e-03;4.662066e-02;2.342209e-02;1.071673e-01;4.164473e-01;1.190234e-01;1.348821e-02;4.687041e-02;1.083768e-01;7.399765e-02;2.609204e-02;9.904483e-03
8.002136e-03;6.390839e-02;1.971222e-02;1.020590e-01;3.855610e-01;1.251171e-01;1.514408e-02;5.721483e-02;1.197187e-01;7.281899e-02;2.307401e-02;7.669517e-03
1.280827e-02;9.188437e-02;2.399653e-02;8.685015e-02;3.424967e-01;1.361231e-01;1.813468e-02;6.447897e-02;1.255383e-01;7.113714e-02;1.744719e-02;9.104637e-03
8.761742e-03;1.282711e-01;3.400030e-02;6.624213e-02;2.662383e-01;2.046580e-01;2.582898e-02;4.302627e-02;1.177267e-01;5.696144e-02;3.448281e-02;1.380220e-02
9.528776e-03;1.600027e-01;3.963006e-02;4.615371e-02;1.579138e-01;2.550821e-01;3.075560e-02;4.569925e-02;1.353976e-01;4.894804e-02;5.400358e-02;1.688484e-02
1.103710e-02;1.257878e-01;4.102715e-02;2.933467e-02;7.018199e-02;2.734226e-01;3.238320e-02;6.578130e-02;1.551908e-01;9.643370e-02;7.969321e-02;1.972649e-02
1.650900e-02;6.619792e-02;4.951274e-02;3.398035e-02;1.249160e-01;3.093908e-01;1.433767e-02;6.638344e-02;1.247030e-01;9.461696e-02;8.427422e-02;1.517789e-02
1.348661e-02;3.410714e-02;4.819822e-02;3.703180e-02;1.627226e-01;3.634168e-01;3.461149e-02;5.369372e-02;1.092981e-01;4.290191e-02;8.754193e-02;1.298960e-02
1.491492e-02;3.745668e-02;4.502125e-02;3.214750e-02;1.381273e-01;3.378943e-01;4.703197e-02;6.737158e-02;1.217871e-01;4.131918e-02;9.986188e-02;1.706630e-02
1.592264e-02;4.477655e-02;5.429715e-02;2.392746e-02;1.210524e-01;3.240198e-01;2.556974e-02;6.971645e-02;1.375895e-01;4.961205e-02;1.125502e-01;2.096606e-02
2.071016e-02;3.903404e-02;6.005826e-02;3.118526e-02;1.243200e-01;3.178488e-01;5.591549e-02;3.957475e-02;1.207298e-01;5.440239e-02;1.072403e-01;2.898079e-02
1.865890e-02;3.291264e-02;5.782062e-02;2.732660e-02;1.164521e-01;3.133563e-01;4.894985e-02;3.980187e-02;1.252092e-01;4.733952e-02;1.342840e-01;3.788852e-02
1.418502e-02;3.030712e-02;6.180467e-02;3.124427e-02;9.907755e-02;3.229676e-01;5.610649e-02;5.264945e-02;1.077831e-01;4.619384e-02;1.481922e-01;2.948876e-02
7.632849e-03;3.096448e-02;7.362328e-02;4.114446e-02;8.775069e-02;3.863542e-01;8.898205e-02;3.555064e-02;5.938649e-02;5.285865e-02;1.097029e-01;2.604927e-02
1.623460e-02;4.122626e-02;9.430868e-02;2.838000e-02;6.056655e-02;4.093479e-01;8.082212e-02;4.895931e-02;4.967451e-02;6.469501e-02;8.333211e-02;2.245294e-02
1.730579e-02;3.940824e-02;9.098523e-02;2.758211e-02;8.523807e-02;3.476171e-01;5.355376e-02;4.721220e-02;9.611607e-02;6.931895e-02;1.029986e-01;2.266382e-02
1.294264e-02;2.477224e-02;8.174448e-02;2.997972e-02;9.188759e-02;3.402141e-01;4.563886e-02;5.850690e-02;1.239400e-01;6.134877e-02;1.015634e-01;2.746125e-02
1.409840e-02;3.831447e-02;8.244707e-02;1.894384e-02;9.810441e-02;3.778024e-01;5.890697e-02;4.095446e-02;1.196520e-01;4.542892e-02;7.594446e-02;2.940255e-02
1.691823e-02;3.967706e-02;6.581346e-02;2.506188e-02;9.968688e-02;3.814095e-01;4.948163e-02;4.491222e-02;1.257059e-01;4.832719e-02;7.701280e-02;2.599319e-02
1.842096e-02;3.718399e-02;5.751876e-02;2.692373e-02;8.663832e-02;3.540823e-01;3.237799e-02;4.741810e-02;1.483079e-01;8.220072e-02;8.466086e-02;2.426635e-02
2.160705e-02;3.073925e-02;3.943225e-02;1.933129e-02;9.787126e-02;3.567567e-01;2.348658e-02;4.083049e-02;1.714195e-01;9.187387e-02;8.651205e-02;2.013967e-02
1.784804e-02;2.731361e-02;3.869668e-02;2.332445e-02;1.139043e-01;3.279284e-01;2.381730e-02;5.843056e-02;1.837535e-01;8.424888e-02;8.453502e-02;1.619931e-02
1.712905e-02;3.228348e-02;4.137120e-02;3.252221e-02;1.056759e-01;2.983446e-01;3.184363e-02;7.382546e-02;1.987536e-01;7.653493e-02;8.137003e-02;1.034587e-02
1.500608e-02;4.771579e-02;3.667271e-02;4.037150e-02;5.383509e-02;2.553222e-01;4.050016e-02;9.689028e-02;2.372389e-01;7.878275e-02;8.445548e-02;1.320914e-02
1.377192e-02;4.413045e-02;3.239802e-02;4.472580e-02;5.905697e-02;1.589284e-01;1.786175e-02;1.253045e-01;3.041116e-01;9.841564e-02;7.732839e-02;2.396657e-02
1.105435e-02;4.737521e-02;3.727482e-02;5.233409e-02;1.251985e-01;4.644429e-02;1.702613e-02;1.194385e-01;3.345110e-01;1.296724e-01;5.439663e-02;2.527411e-02
1.081758e-02;2.805980e-02;1.932235e-02;6.355911e-02;1.586442e-01;6.052150e-02;1.699493e-02;1.097226e-01;3.265806e-01;1.334353e-01;4.971611e-02;2.262592e-02
9.502218e-03;2.616916e-02;3.056589e-02;6.852611e-02;1.585462e-01;8.701397e-02;2.085527e-02;1.101508e-01;3.187981e-01;1.137605e-01;3.913941e-02;1.697241e-02
1.022627e-02;3.318169e-02;4.592165e-02;5.712539e-02;1.289836e-01;5.932126e-02;3.088742e-02;1.391359e-01;3.265029e-01;1.106647e-01;4.365886e-02;1.439044e-02
9.662983e-03;2.431254e-02;3.693116e-02;5.015152e-02;9.873708e-02;7.204667e-02;4.426335e-02;1.491557e-01;3.447779e-01;1.022289e-01;4.907022e-02;1.866209e-02
1.277396e-02;2.830211e-02;4.289947e-02;4.657440e-02;5.520730e-02;8.516908e-02;7.019747e-02;1.379341e-01;3.464187e-01;8.775607e-02;6.753940e-02;1.922803e-02
1.548168e-02;3.653996e-02;5.150679e-02;5.335124e-02;5.510381e-02;6.014265e-02;7.916711e-02;1.805713e-01;2.760600e-01;1.226610e-01;5.417582e-02;1.523862e-02
2.404952e-02;4.397913e-02;5.868150e-02;7.785179e-02;7.646650e-02;6.187848e-02;7.014766e-02;2.262207e-01;2.250296e-01;8.430099e-02;3.935705e-02;1.203707e-02
2.576838e-02;2.727615e-02;5.395617e-02;8.202031e-02;6.296611e-02;7.029205e-02;5.866862e-02;2.363542e-01;2.897108e-01;5.865991e-02;2.819447e-02;6.132796e-03
2.438921e-02;1.813176e-02;4.701144e-02;7.998482e-02;5.691691e-02;5.955510e-02;4.678620e-02;2.249544e-01;3.341163e-01;7.536029e-02;2.576403e-02;7.029573e-03
2.232222e-02;1.923624e-02;2.936022e-02;8.290341e-02;6.872554e-02;6.535767e-02;2.572492e-02;2.202503e-01;3.567853e-01;7.673069e-02;2.528874e-02;7.314756e-03
1.845096e-02;1.825298e-02;2.861919e-02;6.788997e-02;7.419678e-02;8.834513e-02;2.189062e-02;2.376429e-01;3.347012e-01;7.571854e-02;2.483792e-02;9.453740e-03
1.296215e-02;1.966083e-02;3.040392e-02;2.733338e-02;5.383310e-02;9.325436e-02;1.908221e-02;3.079231e-01;3.305517e-01;7.037921e-02;2.473004e-02;9.886015e-03
6.697518e-03;1.798091e-02;3.913188e-02;4.126598e-02;3.374169e-02;7.157697e-02;1.874478e-02;3.552491e-01;3.456083e-01;4.301030e-02;1.849002e-02;8.502531e-03
7.098418e-03;1.484888e-02;5.787538e-02;4.685518e-02;3.998314e-02;5.376000e-02;1.008972e-02;3.758568e-01;3.299372e-01;3.212889e-02;1.895506e-02;1.261134e-02
6.721630e-03;2.730008e-02;7.712955e-02;2.765274e-02;4.542546e-02;5.458916e-02;1.835094e-02;3.991252e-01;2.953292e-01;2.504511e-02;1.088752e-02;1.244342e-02
8.937446e-03;3.403835e-02;8.102059e-02;3.615768e-02;4.869282e-02;7.647420e-02;3.435878e-02;3.683842e-01;2.524728e-01;3.254801e-02;1.527049e-02;1.164466e-02
1.264392e-02;5.338768e-02;8.593553e-02;3.056385e-02;5.899839e-02;1.275992e-01;5.615550e-02;2.561324e-01;2.438833e-01;4.111462e-02;2.119625e-02;1.238929e-02
1.220550e-02;4.435125e-02;2.498024e-02;4.944224e-02;6.370354e-02;1.475725e-01;5.782733e-02;2.257951e-01;2.766361e-01;5.103482e-02;2.726894e-02;1.918240e-02
6.685988e-03;4.168719e-02;7.115488e-02;6.270490e-02;4.453736e-02;8.720246e-02;2.681749e-02;2.913747e-01;2.818547e-01;5.141383e-02;2.339333e-02;1.117321e-02
8.150726e-03;5.601862e-02;9.812685e-02;5.188912e-02;6.996880e-02;1.343762e-01;1.634761e-02;2.517008e-01;2.226917e-01;5.153305e-02;2.967924e-02;9.517287e-03
1.304888e-02;6.556801e-02;8.081738e-02;2.566079e-02;9.087013e-02;1.992006e-01;2.786527e-02;1.867412e-01;2.006489e-01;6.258385e-02;3.698232e-02;1.001272e-02
9.669431e-03;5.929654e-02;3.444130e-02;5.661889e-02;7.385291e-02;2.562087e-01;3.119910e-02;9.069382e-02;2.502089e-01;8.487023e-02;4.041536e-02;1.252477e-02
1.066118e-02;5.504368e-02;4.817459e-02;3.885324e-02;3.889562e-02;1.985003e-01;3.464720e-02;1.917893e-01;2.748990e-01;6.549131e-02;3.130993e-02;1.173454e-02
1.213674e-02;5.629974e-02;5.704812e-02;2.010720e-02;4.590658e-02;1.449509e-01;2.825830e-02;2.859958e-01;2.569025e-01;4.970159e-02;2.981227e-02;1.288023e-02
1.928532e-02;5.108472e-02;4.461416e-02;1.656567e-02;4.176117e-02;1.138638e-01;2.960720e-02;4.009770e-01;2.093652e-01;3.394449e-02;2.301934e-02;1.591196e-02
1.800130e-02;4.663534e-02;5.174480e-02;2.951363e-02;4.466947e-02;8.136100e-02;2.561483e-02;3.510349e-01;2.819417e-01;4.799663e-02;1.041778e-02;1.106859e-02
1.220758e-02;4.100934e-02;7.127403e-02;3.914758e-02;3.877408e-02;1.199383e-01;4.128113e-02;2.192620e-01;3.264554e-01;5.434807e-02;2.368899e-02;1.261360e-02
2.115319e-02;6.909633e-02;1.061056e-01;3.015865e-02;5.100355e-02;1.305462e-01;3.573451e-02;1.600014e-01;2.947768e-01;4.649411e-02;3.412666e-02;2.080290e-02
1.849958e-02;7.713651e-02;1.190487e-01;6.463617e-02;8.879784e-02;1.265743e-01;1.640894e-02;1.523032e-01;2.151296e-01;5.699348e-02;4.239243e-02;2.207929e-02
1.543278e-02;5.855249e-02;9.066393e-02;9.715591e-02;1.389135e-01;1.464011e-01;2.904649e-02;1.354790e-01;1.823971e-01;4.530439e-02;4.151230e-02;1.914089e-02
1.359047e-02;4.811860e-02;5.779408e-02;6.203169e-02;1.347950e-01;2.001350e-01;2.630739e-02;1.060133e-01;2.388657e-01;6.170499e-02;3.643978e-02;1.420403e-02
1.446245e-02;3.921419e-02;7.888606e-02;1.023321e-02;9.666091e-02;2.127877e-01;3.005926e-02;1.405589e-01;2.702544e-01;6.202664e-02;3.470260e-02;1.015367e-02
1.640156e-02;4.397123e-02;9.802772e-02;3.856011e-02;5.792449e-02;1.602577e-01;9.925283e-03;1.988448e-01;2.798135e-01;4.710475e-02;3.915301e-02;1.001591e-02
2.679791e-02;8.169454e-02;9.485505e-02;5.634920e-02;4.092076e-02;1.294639e-01;4.796255e-02;1.871776e-01;2.031997e-01;6.800421e-02;4.478133e-02;1.879323e-02
4.221624e-02;7.291597e-02;4.872565e-02;9.424730e-02;7.735603e-02;1.330257e-01;1.023265e-01;1.178374e-01;1.459790e-01;1.032975e-01;4.013097e-02;2.194181e-02
3.976531e-02;6.586277e-02;7.098365e-02;8.140690e-02;9.495442e-02;1.246016e-01;1.063044e-01;1.190403e-01;1.476238e-01;9.642676e-02;3.102928e-02;2.200088e-02
4.824781e-02;1.285370e-01;1.221787e-01;5.164382e-02;7.319134e-02;1.116222e-01;7.726647e-02;1.044264e-01;1.480834e-01;7.282945e-02;2.407274e-02;3.790065e-02
4.678387e-02;1.695604e-01;1.607163e-01;4.035734e-02;3.843142e-02;1.181923e-01;5.233338e-02;1.170977e-01;1.258692e-01;3.803049e-02;3.898975e-02;5.363786e-02
3.803129e-02;1.326823e-01;1.164965e-01;5.155260e-02;7.718870e-02;9.960272e-02;5.037397e-02;1.389645e-01;1.580108e-01;4.558680e-02;3.938098e-02;5.212884e-02
2.414597e-02;7.163567e-02;5.795963e-02;4.926188e-02;1.398153e-01;1.351248e-01;4.280066e-02;1.217544e-01;1.639212e-01;1.061765e-01;2.707030e-02;6.033373e-02
1.477559e-02;5.258360e-02;3.013819e-02;4.207698e-02;2.006400e-01;1.955059e-01;2.857113e-02;8.350062e-02;1.231372e-01;1.421532e-01;2.766652e-02;5.925116e-02
1.044865e-02;4.857804e-02;2.703179e-02;6.057374e-02;2.578874e-01;1.857530e-01;4.737401e-02;6.675579e-02;1.138155e-01;1.268837e-01;2.231108e-02;3.258733e-02
1.550341e-02;3.403813e-02;2.179447e-02;1.099192e-01;2.905577e-01;1.477157e-01;5.738522e-02;6.800211e-02;1.331065e-01;8.777525e-02;1.767903e-02;1.652327e-02
2.625799e-02;2.005946e-02;4.716111e-02;1.777433e-01;2.550972e-01;9.301663e-02;5.054478e-02;9.407719e-02;1.575449e-01;5.473649e-02;1.218822e-02;1.157274e-02
2.901051e-02;2.145115e-02;9.235270e-02;1.852643e-01;1.896881e-01;2.448143e-02;3.331761e-02;1.668644e-01;1.766035e-01;4.804200e-02;1.308050e-02;1.984383e-02
2.481767e-02;4.839785e-02;1.229724e-01;1.053609e-01;1.275628e-01;9.462564e-02;2.995991e-02;2.253368e-01;1.285727e-01;4.559783e-02;1.441505e-02;3.238044e-02
1.641249e-02;5.937992e-02;1.114928e-01;9.189796e-02;1.530333e-01;1.176570e-01;4.374063e-02;1.722355e-01;1.338614e-01;4.253044e-02;2.245597e-02;3.530251e-02
1.894146e-02;5.846553e-02;4.055323e-02;9.394895e-02;2.051921e-01;9.138725e-02;3.274927e-02;1.236436e-01;2.321432e-01;5.766426e-02;2.494207e-02;2.036912e-02
1.120225e-02;3.770592e-02;5.929332e-02;1.415183e-01;2.256966e-01;4.368200e-02;1.242612e-02;1.480071e-01;2.264620e-01;5.511720e-02;2.311386e-02;1.577536e-02
1.029815e-02;3.590222e-02;8.219015e-02;1.687101e-01;2.448737e-01;5.356021e-02;1.734687e-02;1.080759e-01;1.873934e-01;5.401628e-02;2.229180e-02;1.534109e-02
1.855195e-02;5.251284e-02;9.765582e-02;1.031094e-01;2.403006e-01;4.173372e-02;3.490786e-02;1.621478e-01;1.206332e-01;7.311773e-02;3.353154e-02;2.179753e-02
1.242126e-02;3.958779e-02;8.666444e-02;6.283713e-02;1.549061e-01;6.370994e-02;2.703606e-02;1.977774e-01;2.217864e-01;8.272786e-02;2.693008e-02;2.361543e-02
1.715426e-02;3.467155e-02;8.267169e-02;7.832376e-02;8.983301e-02;9.635501e-02;3.414060e-02;1.704234e-01;2.796824e-01;7.988989e-02;2.040240e-02;1.645206e-02
1.654591e-02;5.185211e-02;8.790721e-02;7.727167e-02;1.190834e-01;1.388146e-01;2.106654e-02;9.741326e-02;2.705824e-01;7.721260e-02;2.871589e-02;1.353447e-02
1.820131e-02;6.519845e-02;8.206692e-02;8.285102e-02;1.558541e-01;9.784359e-02;3.755902e-02;1.299924e-01;2.146760e-01;6.960429e-02;3.526879e-02;1.088415e-02
2.528691e-02;8.798029e-02;8.920237e-02;1.074401e-01;1.569610e-01;6.596956e-02;2.604073e-02;1.802519e-01;1.502109e-01;5.694541e-02;4.244578e-02;1.126503e-02
1.694101e-02;6.399292e-02;8.191767e-02;1.035270e-01;1.253063e-01;8.250403e-02;2.712338e-02;1.475814e-01;2.204949e-01;6.604457e-02;4.425289e-02;2.031401e-02
