1.706365e-01;1.018875e-01;3.066635e-02;2.650636e-02;1.727161e-02;4.727442e-02;1.147498e-01;7.658325e-02;5.769574e-02;1.006384e-01;1.567487e-01;9.934140e-02
1.073097e-01;9.343553e-02;1.837917e-02;3.599395e-02;5.039007e-02;4.379401e-02;1.374146e-01;1.098326e-01;8.343325e-02;1.109589e-01;1.058915e-01;1.031667e-01
8.717054e-02;7.532223e-02;2.220814e-02;6.125634e-02;6.288233e-02;7.143140e-02;1.466799e-01;1.144896e-01;6.762511e-02;8.411834e-02;1.126174e-01;9.419864e-02
8.487611e-02;6.930508e-02;3.633727e-02;7.307713e-02;6.907812e-02;8.321100e-02;1.440719e-01;1.174349e-01;3.985955e-02;5.255938e-02;1.362354e-01;9.395410e-02
9.837218e-02;4.549992e-02;4.648001e-02;9.004541e-02;7.327560e-02;8.482081e-02;1.327612e-01;1.183428e-01;3.928983e-02;4.654754e-02;1.309295e-01;9.363514e-02
1.459209e-01;4.009101e-02;4.730222e-02;6.950457e-02;5.540257e-02;1.024214e-01;1.250923e-01;1.374245e-01;6.012369e-02;7.201676e-02;8.825035e-02;5.644970e-02
1.482569e-01;3.306037e-02;2.946610e-02;3.562796e-02;4.416524e-02;1.398696e-01;1.331021e-01;1.630121e-01;9.431211e-02;6.822090e-02;8.572525e-02;2.518140e-02
1.488486e-01;3.023883e-02;2.692030e-02;3.364953e-02;4.715952e-02;1.536279e-01;1.643412e-01;1.274474e-01;8.921827e-02;6.248509e-02;5.893116e-02;5.713218e-02
1.518741e-01;3.016605e-02;1.482332e-02;2.462287e-02;4.107270e-02;1.553451e-01;2.231990e-01;1.154606e-01;7.460984e-02;7.574954e-02;4.938179e-02;4.369507e-02
1.181666e-01;4.470648e-02;3.354951e-02;3.546901e-02;4.777445e-02;1.258361e-01;2.325102e-01;1.215966e-01;6.484769e-02;6.216550e-02;8.363024e-02;2.974766e-02
1.113350e-01;6.242143e-02;5.188157e-02;3.927587e-02;5.414947e-02;1.037585e-01;2.165575e-01;1.017470e-01;6.590578e-02;3.979417e-02;1.221706e-01;3.100310e-02
1.239273e-01;7.404082e-02;5.271324e-02;7.141731e-02;5.072624e-02;7.313418e-02;1.852809e-01;4.759032e-02;9.368896e-02;5.837108e-02;1.402638e-01;2.884591e-02
6.807943e-02;7.640719e-02;4.558571e-02;7.917397e-02;6.277454e-02;6.023303e-02;1.507446e-01;1.248945e-01;9.417788e-02;8.859411e-02;1.020230e-01;4.731213e-02
7.764809e-02;9.752739e-02;3.879489e-02;6.173304e-02;5.375416e-02;1.157161e-01;1.439882e-01;1.242474e-01;8.612636e-02;1.053790e-01;5.816959e-02;3.691583e-02
8.903022e-02;7.648361e-02;5.354801e-02;6.021670e-02;2.425318e-02;1.412997e-01;1.939521e-01;1.349235e-01;8.309007e-02;9.313769e-02;3.863291e-02;1.143234e-02
1.361054e-01;7.236491e-02;5.416818e-02;2.613452e-02;4.680409e-02;9.626362e-02;1.655455e-01;1.112478e-01;5.715913e-02;1.013873e-01;1.152417e-01;1.757796e-02
1.512263e-01;7.199024e-02;4.256372e-02;4.626123e-02;6.399762e-02;6.178796e-02;1.281146e-01;1.214910e-01;5.608213e-02;9.438025e-02;1.361727e-01;2.593235e-02
9.752396e-02;8.308634e-02;4.467644e-02;4.882928e-02;8.832887e-02;5.401436e-02;1.712129e-01;1.355341e-01;6.241630e-02;7.473886e-02;9.171285e-02;4.792578e-02
6.736334e-02;7.462330e-02;3.600612e-02;8.090471e-02;8.610902e-02;6.351488e-02;1.844295e-01;1.380199e-01;5.620788e-02;9.065913e-02;6.848183e-02;5.368037e-02
7.312029e-02;6.868222e-02;5.593058e-02;1.174757e-01;8.183724e-02;7.822999e-02;1.707493e-01;1.032455e-01;4.683133e-02;7.987891e-02;8.522120e-02;3.879766e-02
7.890950e-02;7.530916e-02;6.655454e-02;1.214664e-01;6.486280e-02;1.171717e-01;1.519932e-01;8.766169e-02;3.331463e-02;8.272470e-02;8.111814e-02;3.891359e-02
8.915376e-02;8.189833e-02;5.184244e-02;9.193144e-02;4.805896e-02;1.001377e-01;1.318177e-01;1.148691e-01;5.806072e-02;1.002290e-01;8.472748e-02;4.727339e-02
8.478066e-02;7.493057e-02;6.081958e-02;4.537326e-02;9.649444e-02;6.956094e-02;1.218107e-01;1.551356e-01;7.343012e-02;8.710822e-02;9.477692e-02;3.577898e-02
1.046662e-01;8.454694e-02;8.912712e-02;6.121996e-02;6.594286e-02;9.107981e-02;1.286353e-01;1.182870e-01;4.415355e-02;5.503279e-02;1.243774e-01;3.293108e-02
2.103726e-01;1.666685e-01;2.976429e-02;1.974500e-02;1.418770e-02;4.636571e-02;1.563706e-01;1.151721e-01;1.714979e-02;2.446884e-02;1.904107e-01;9.324129e-03
1.574846e-01;1.859799e-01;3.315229e-02;8.304346e-03;8.418326e-03;3.270128e-02;1.990019e-01;1.779182e-01;8.839782e-03;1.877445e-02;1.489580e-01;2.046685e-02
7.960074e-02;1.989108e-01;4.905859e-02;5.444253e-03;9.111594e-03;2.727425e-02;2.538717e-01;2.477581e-01;7.731536e-03;1.153015e-02;9.024596e-02;1.946240e-02
2.952416e-02;2.083474e-01;6.919423e-02;5.116807e-03;1.094421e-02;2.178126e-02;2.832911e-01;3.066226e-01;5.674135e-03;5.894832e-03;3.524998e-02;1.835927e-02
1.028845e-02;1.936770e-01;8.305524e-02;1.272760e-02;1.030772e-02;2.042424e-02;2.708156e-01;3.521996e-01;5.262909e-03;4.521095e-03;1.433363e-02;2.238698e-02
1.064647e-02;1.559965e-01;8.445519e-02;1.895639e-02;6.435683e-03;2.944467e-02;2.550316e-01;3.820140e-01;7.192842e-03;5.608973e-03;1.588032e-02;2.833744e-02
1.273987e-02;1.134929e-01;8.302707e-02;2.367440e-02;7.650550e-03;5.087384e-02;2.402675e-01;3.989981e-01;9.162006e-03;6.524464e-03;2.247595e-02;3.111344e-02
1.716170e-02;5.690543e-02;8.565882e-02;2.861582e-02;1.208291e-02;7.787494e-02;2.400392e-01;4.051773e-01;1.464177e-02;7.612542e-03;2.804003e-02;2.618947e-02
1.770832e-02;4.904041e-02;9.657071e-02;4.125572e-02;1.074134e-02;8.095442e-02;2.240911e-01;4.007704e-01;3.225695e-02;1.151645e-02;1.485396e-02;2.024019e-02
1.729569e-02;6.299286e-02;1.009665e-01;4.931220e-02;1.200590e-02;5.601588e-02;1.697977e-01;3.992062e-01;6.701181e-02;1.578935e-02;3.519901e-02;1.440687e-02
1.756785e-02;3.984645e-02;8.859186e-02;5.416605e-02;1.614390e-02;3.507183e-02;1.800096e-01;3.972864e-01;8.607122e-02;2.195865e-02;4.351712e-02;1.976897e-02
2.946109e-02;1.696162e-02;6.760014e-02;5.332320e-02;1.655478e-02;1.512562e-02;1.928510e-01;4.301232e-01;7.705260e-02;3.018329e-02;5.203000e-02;1.873342e-02
3.844633e-02;3.435243e-02;4.712866e-02;3.953400e-02;1.494900e-02;1.676718e-02;2.441808e-01;4.145903e-01;5.280257e-02;2.861849e-02;5.761856e-02;1.101172e-02
6.857667e-02;6.014632e-02;2.972818e-02;1.603260e-02;1.620868e-02;3.211164e-02;3.039156e-01;3.296426e-01;3.273362e-02;2.669277e-02;7.297827e-02;1.123296e-02
7.425921e-02;1.027183e-01;2.147544e-02;1.365446e-02;2.032387e-02;4.785626e-02;3.303154e-01;2.433939e-01;2.334320e-02;2.891611e-02;8.564866e-02;8.095304e-03
6.677768e-02;1.413863e-01;3.712728e-02;1.973330e-02;2.412922e-02;5.614557e-02;2.899388e-01;2.092276e-01;2.636335e-02;4.162824e-02;7.624904e-02;1.129354e-02
9.530216e-02;1.881292e-01;5.782775e-02;1.815641e-02;2.455590e-02;5.465747e-02;1.390699e-01;1.854565e-01;5.509684e-02;7.484285e-02;9.501079e-02;1.189413e-02
7.245149e-02;1.156268e-01;5.896299e-02;3.469336e-02;2.070004e-02;5.376211e-02;1.908187e-01;1.819398e-01;6.570294e-02;5.094725e-02;1.372898e-01;1.710476e-02
6.878995e-02;6.406808e-02;5.132720e-02;4.475712e-02;2.208327e-02;3.539435e-02;2.434270e-01;2.151075e-01;7.077304e-02;4.442864e-02;1.078192e-01;3.202468e-02
6.833196e-02;8.823152e-02;4.522187e-02;4.399891e-02;2.633904e-02;6.966051e-02;2.282984e-01;1.615620e-01;7.473069e-02;9.143842e-02;8.291354e-02;1.927315e-02
9.443808e-02;1.445966e-01;5.241934e-02;4.655127e-02;2.957230e-02;1.252983e-01;1.748995e-01;8.767147e-02;7.664268e-02;1.132708e-01;4.076497e-02;1.387463e-02
7.488766e-02;1.205377e-01;6.332012e-02;3.916539e-02;3.925376e-02;9.538122e-02;1.555955e-01;1.389510e-01;1.238188e-01;5.563296e-02;7.775088e-02;1.570504e-02
9.679043e-02;6.510502e-02;7.060385e-02;7.295250e-02;4.877169e-02;6.471289e-02;8.340492e-02;1.327782e-01;1.506697e-01;8.220544e-02;1.072232e-01;2.478215e-02
9.238881e-02;7.796637e-02;4.601658e-02;7.633653e-02;4.123273e-02;5.646064e-02;1.280286e-01;1.843043e-01;8.788127e-02;9.163811e-02;8.169069e-02;3.605534e-02
8.045980e-02;1.018804e-01;3.741048e-02;5.599471e-02;3.648957e-02;4.913422e-02;1.622739e-01;2.150593e-01;5.021945e-02;9.988319e-02;8.362985e-02;2.756513e-02
9.943435e-02;8.757109e-02;5.779952e-02;5.191138e-02;3.588294e-02;6.002935e-02;1.301216e-01;1.786441e-01;5.587723e-02;8.187380e-02;1.276753e-01;3.317926e-02
1.086349e-01;1.149908e-01;5.315746e-02;6.671611e-02;2.946224e-02;6.940348e-02;1.315683e-01;1.207165e-01;5.864457e-02;5.506189e-02;1.355512e-01;5.609257e-02
1.069288e-01;1.249710e-01;3.234484e-02;3.983363e-02;5.784308e-02;9.518465e-02;1.090823e-01;1.440986e-01;3.680880e-02;7.355919e-02;1.500769e-01;2.926826e-02
1.264558e-01;1.099124e-01;3.396203e-02;5.454433e-02;5.083570e-02;7.737938e-02;1.607034e-01;1.249279e-01;3.778093e-02;6.471323e-02;1.418753e-01;1.690954e-02
6.663041e-02;1.500643e-01;3.121780e-02;3.333877e-02;5.255468e-02;8.488889e-02;2.088851e-01;1.233023e-01;5.751547e-02;4.987926e-02;1.260683e-01;1.565473e-02
9.790941e-02;6.414505e-02;3.067057e-02;2.427891e-02;3.562277e-02;5.042018e-02;2.046782e-01;2.129855e-01;5.955309e-02;5.019090e-02;1.445314e-01;2.501402e-02
7.052699e-02;5.197613e-02;3.564296e-02;2.600411e-02;2.780953e-02;3.777310e-02;1.804781e-01;3.147094e-01;5.337062e-02;5.113573e-02;1.159427e-01;3.463061e-02
3.074734e-02;7.949052e-02;3.497844e-02;1.791015e-02;2.142514e-02;2.976721e-02;2.041271e-01;4.126258e-01;3.188969e-02;3.807684e-02;6.720416e-02;3.175764e-02
2.435000e-02;8.317398e-02;2.320333e-02;9.461598e-03;2.360260e-02;1.793209e-02;2.778846e-01;4.154429e-01;2.074072e-02;1.628946e-02;5.606037e-02;3.185843e-02
2.848464e-02;7.987379e-02;1.216034e-02;7.663908e-03;2.369228e-02;1.522294e-02;3.169767e-01;3.484331e-01;2.831206e-02;1.630333e-02;8.568541e-02;3.719147e-02
1.637913e-02;7.951991e-02;7.592998e-03;7.566265e-03;2.508790e-02;2.057436e-02;3.721066e-01;2.943311e-01;4.035567e-02;1.411908e-02;9.719507e-02;2.517189e-02
3.296776e-02;8.416993e-02;1.263677e-02;1.145542e-02;2.809246e-02;3.229103e-02;3.753820e-01;2.712953e-01;4.089185e-02;1.424809e-02;8.043662e-02;1.613272e-02
6.508364e-02;9.364197e-02;1.591728e-02;1.555253e-02;3.378069e-02;5.203859e-02;3.294160e-01;2.485694e-01;3.250676e-02;1.427758e-02;8.487882e-02;1.433679e-02
8.495647e-02;1.086122e-01;2.219031e-02;1.887088e-02;3.390310e-02;6.415909e-02;2.341052e-01;2.896326e-01;2.295386e-02;1.630266e-02;9.167568e-02;1.263794e-02
7.223986e-02;6.691118e-02;1.790234e-02;1.383124e-02;5.165822e-02;4.016722e-02;3.022896e-01;3.018898e-01;2.118701e-02;2.626089e-02;7.058907e-02;1.507358e-02
6.417028e-02;5.058098e-02;1.517446e-02;1.152289e-02;7.032515e-02;5.105731e-02;2.996526e-01;2.617305e-01;3.148564e-02;2.376599e-02;1.002290e-01;2.030525e-02
5.721615e-02;5.525736e-02;1.633102e-02;9.583508e-03;7.723827e-02;3.018370e-02;2.985251e-01;2.611453e-01;3.194967e-02;2.491505e-02;1.087356e-01;2.891922e-02
3.483577e-02;6.748490e-02;1.286957e-02;1.519686e-02;6.674846e-02;3.494437e-02;3.468851e-01;2.319557e-01;2.788467e-02;3.231946e-02;9.333441e-02;3.554077e-02
6.242610e-02;6.874747e-02;3.176612e-02;1.479976e-02;5.133434e-02;6.230250e-02;3.203191e-01;1.275272e-01;4.570222e-02;5.355228e-02;1.228590e-01;3.866389e-02
1.207676e-01;8.536740e-02;3.919514e-02;4.267446e-02;3.469210e-02;6.224603e-02;1.903626e-01;1.239114e-01;5.735425e-02;8.810328e-02;1.170502e-01;3.827543e-02
1.350337e-01;1.038620e-01;3.941019e-02;5.098757e-02;2.279151e-02;7.382501e-02;1.675289e-01;1.040821e-01;5.219025e-02;8.089323e-02;1.249669e-01;4.442872e-02
1.162929e-01;8.835337e-02;3.648103e-02;6.180912e-02;6.086751e-02;9.121939e-02;1.922952e-01;1.306564e-01;3.681289e-02;3.929047e-02;1.170145e-01;2.890720e-02
8.341683e-02;4.423301e-02;3.555699e-02;6.604291e-02;7.029048e-02;8.341286e-02;2.181683e-01;2.104564e-01;3.893712e-02;2.581454e-02;1.022730e-01;2.139754e-02
4.084241e-02;4.733898e-02;3.798677e-02;4.314736e-02;3.790656e-02;9.801286e-02;1.919253e-01;3.642381e-01;3.844819e-02;2.265815e-02;5.289354e-02;2.460176e-02
1.785917e-02;5.686611e-02;3.714473e-02;1.122484e-02;1.883688e-02;8.997235e-02;2.056457e-01;4.673456e-01;2.779933e-02;2.554478e-02;1.996348e-02;2.179701e-02
1.831014e-02;5.895240e-02;3.054251e-02;9.699781e-03;2.793728e-02;4.883174e-02;2.394792e-01;4.798167e-01;1.653402e-02;3.526520e-02;1.909361e-02;1.553746e-02
2.196340e-02;7.076306e-02;2.154982e-02;1.177090e-02;2.836168e-02;2.503948e-02;2.821873e-01;4.439329e-01;1.141514e-02;4.261801e-02;2.423819e-02;1.616013e-02
2.322968e-02;7.962406e-02;1.066843e-02;1.281635e-02;2.364005e-02;2.667554e-02;3.550784e-01;3.628074e-01;1.110558e-02;4.215161e-02;3.948802e-02;1.271494e-02
1.916113e-02;9.368353e-02;8.267350e-03;6.167009e-03;2.349238e-02;4.220959e-02;4.174641e-01;2.873631e-01;1.979800e-02;2.048036e-02;5.164956e-02;1.026385e-02
4.248157e-02;1.070257e-01;9.460678e-03;2.365449e-03;2.244346e-02;7.113979e-02;4.064815e-01;2.262651e-01;3.625023e-02;1.720024e-02;5.316456e-02;5.721726e-03
8.087368e-02;1.100597e-01;1.065164e-02;1.038291e-02;2.379788e-02;9.092264e-02;3.259043e-01;1.906292e-01;4.771902e-02;2.382866e-02;7.633638e-02;8.893934e-03
1.045336e-01;8.479379e-02;1.580487e-02;1.917602e-02;3.668966e-02;1.020942e-01;2.310415e-01;1.787174e-01;4.689459e-02;3.371841e-02;1.315941e-01;1.494193e-02
4.713573e-02;1.149951e-01;2.497825e-02;9.775677e-03;3.588367e-02;4.877929e-02;3.082537e-01;2.227827e-01;4.024737e-02;2.342438e-02;1.139084e-01;9.835757e-03
2.174299e-02;1.560562e-01;3.036553e-02;1.270442e-02;3.629624e-02;3.301615e-02;3.239841e-01;2.586514e-01;3.324109e-02;1.488296e-02;6.607212e-02;1.298680e-02
3.339292e-02;1.843205e-01;2.457217e-02;1.053934e-02;3.697599e-02;3.405471e-02;3.276794e-01;2.472200e-01;2.063742e-02;1.776605e-02;5.125781e-02;1.158377e-02
3.387383e-02;1.990162e-01;1.409353e-02;6.643211e-03;3.291381e-02;3.843248e-02;3.421219e-01;2.218695e-01;2.538113e-02;1.547753e-02;6.331544e-02;6.861341e-03
3.123391e-02;2.016733e-01;9.140276e-03;3.789642e-03;2.951584e-02;3.951174e-02;3.624575e-01;2.209762e-01;2.691502e-02;9.305768e-03;5.463653e-02;1.084430e-02
5.254737e-02;2.015559e-01;1.029930e-02;4.802427e-03;3.463712e-02;3.921629e-02;3.589328e-01;2.189623e-01;2.217644e-02;6.737935e-03;4.139870e-02;8.733378e-03
7.375828e-02;2.036731e-01;1.358519e-02;5.248360e-03;4.073469e-02;3.675514e-02;3.290828e-01;2.123536e-01;1.995196e-02;7.888721e-03;4.399641e-02;1.297174e-02
1.162676e-01;1.905594e-01;1.491030e-02;9.800699e-03;3.950664e-02;4.537159e-02;2.973650e-01;1.828992e-01;2.165676e-02;1.251271e-02;4.607730e-02;2.307289e-02
1.647706e-01;1.516585e-01;2.148286e-02;1.997946e-02;3.403048e-02;5.437705e-02;2.619496e-01;1.534847e-01;2.633336e-02;2.130727e-02;6.250271e-02;2.812336e-02
1.401775e-01;9.593298e-02;2.793370e-02;2.944926e-02;3.609251e-02;5.792755e-02;2.482609e-01;1.777415e-01;3.207152e-02;3.172728e-02;9.077962e-02;3.190570e-02
9.643143e-02;4.394215e-02;3.147548e-02;2.598257e-02;3.025911e-02;4.760516e-02;3.147714e-01;2.049380e-01;5.054732e-02;4.031100e-02;8.484734e-02;2.888904e-02
9.914094e-02;6.129821e-02;3.041352e-02;2.495459e-02;2.941770e-02;4.172025e-02;3.077310e-01;1.798938e-01;7.898333e-02;5.709700e-02;7.206993e-02;1.727967e-02
6.716798e-02;6.861672e-02;3.658133e-02;2.785178e-02;3.986488e-02;7.412425e-02;2.833371e-01;1.458501e-01;1.079893e-01;7.272296e-02;6.205158e-02;1.384205e-02
7.872582e-02;7.869910e-02;5.149480e-02;2.257323e-02;4.060669e-02;7.353529e-02;2.458999e-01;1.474000e-01;8.196162e-02;9.576461e-02;6.670180e-02;1.663708e-02
9.159467e-02;9.092408e-02;4.865871e-02;2.881861e-02;3.273758e-02;5.756281e-02;2.057426e-01;1.467084e-01;5.892847e-02;1.643084e-01;5.598181e-02;1.803393e-02
8.706297e-02;8.810573e-02;4.274212e-02;4.174789e-02;3.019947e-02;7.641933e-02;1.549850e-01;1.192100e-01;9.372241e-02;1.570450e-01;9.302419e-02;1.573589e-02
9.824123e-02;9.707395e-02;3.868119e-02;5.051456e-02;6.323356e-02;7.309639e-02;1.025557e-01;1.311589e-01;1.187252e-01;9.210668e-02;1.181971e-01;1.641549e-02
1.296142e-01;9.366120e-02;4.011500e-02;7.155830e-02;6.778630e-02;6.762109e-02;1.120622e-01;1.274040e-01;7.467392e-02;1.005836e-01;9.727595e-02;1.764427e-02
1.491561e-01;1.070280e-01;8.053587e-02;5.107929e-02;5.207182e-02;5.746922e-02;1.162877e-01;1.428762e-01;5.983479e-02;8.044786e-02;8.235133e-02;2.086190e-02
1.497716e-01;1.435753e-01;8.238978e-02;2.349016e-02;3.651683e-02;6.260107e-02;1.325735e-01;1.829718e-01;4.816601e-02;5.837677e-02;6.059654e-02;1.897065e-02
1.074579e-01;1.207653e-01;4.858480e-02;2.582971e-02;5.093203e-02;6.803132e-02;1.321051e-01;1.791092e-01;8.275638e-02;1.075573e-01;4.679323e-02;3.007775e-02
1.090633e-01;1.033980e-01;4.847774e-02;2.780011e-02;5.998107e-02;6.564264e-02;1.131510e-01;1.532393e-01;1.124685e-01;1.298475e-01;4.567892e-02;3.125190e-02
1.152400e-01;9.965219e-02;5.171923e-02;3.108063e-02;4.162465e-02;3.167026e-02;1.167074e-01;1.076605e-01;1.169682e-01;1.351873e-01;1.212122e-01;3.127741e-02
1.114284e-01;7.458462e-02;6.994050e-02;2.687387e-02;3.769167e-02;5.159004e-02;1.121714e-01;8.686718e-02;1.615276e-01;1.281550e-01;1.095673e-01;2.960235e-02
9.679835e-02;3.495134e-02;8.058924e-02;3.881265e-02;4.530650e-02;6.204651e-02;9.697873e-02;1.121336e-01;2.150618e-01;1.131040e-01;6.683989e-02;3.737743e-02
7.144853e-02;5.962330e-02;7.754901e-02;3.130364e-02;3.132284e-02;6.495859e-02;1.169112e-01;1.028865e-01;2.054115e-01;1.412875e-01;5.652919e-02;4.076818e-02
9.064038e-02;9.584776e-02;6.583352e-02;1.753121e-02;2.582176e-02;5.806714e-02;1.400400e-01;1.056379e-01;1.893812e-01;1.169711e-01;7.219732e-02;2.203067e-02
6.561173e-02;1.168871e-01;8.261704e-02;2.223831e-02;3.753525e-02;4.923601e-02;1.179950e-01;8.728927e-02;1.269932e-01;1.027148e-01;1.741271e-01;1.675527e-02
1.148653e-01;1.207081e-01;5.054852e-02;2.749985e-02;3.106420e-02;4.469821e-02;9.350733e-02;9.555233e-02;1.066256e-01;1.083715e-01;1.922900e-01;1.426900e-02
2.415480e-01;8.208189e-02;3.024741e-02;1.577894e-02;1.944431e-02;4.094642e-02;1.443707e-01;1.007113e-01;4.838886e-02;8.508538e-02;1.833468e-01;8.049935e-03
1.786641e-01;1.333791e-01;1.631461e-02;6.442440e-03;1.855557e-02;4.640048e-02;2.292861e-01;1.653667e-01;9.235338e-03;2.551114e-02;1.591128e-01;1.173150e-02
1.121697e-01;1.299079e-01;1.479025e-02;4.736198e-03;1.969611e-02;4.479647e-02;2.969602e-01;2.303017e-01;9.310620e-03;1.630197e-02;1.137149e-01;7.314059e-03
3.186718e-02;1.290415e-01;1.313533e-02;3.149269e-03;2.325210e-02;4.810147e-02;3.857270e-01;2.839853e-01;9.807480e-03;1.186660e-02;5.497063e-02;5.096056e-03
2.213947e-02;1.233698e-01;9.069006e-03;2.211512e-03;2.690654e-02;5.757567e-02;4.166261e-01;2.848457e-01;1.097458e-02;1.152098e-02;3.002005e-02;4.740659e-03
1.618312e-02;1.205641e-01;6.498073e-03;1.360623e-03;2.838659e-02;6.802358e-02;4.316647e-01;2.879640e-01;1.045319e-02;1.163372e-02;1.511377e-02;2.154522e-03
2.128680e-02;1.113228e-01;7.942486e-03;2.048939e-03;3.071668e-02;6.854613e-02;4.162746e-01;2.901504e-01;1.003877e-02;9.251806e-03;2.974618e-02;2.674410e-03
1.353426e-02;1.107670e-01;8.359232e-03;5.251316e-03;3.466355e-02;5.856961e-02;4.100611e-01;3.180507e-01;9.571263e-03;7.702941e-03;2.258814e-02;8.809248e-04
1.266096e-02;1.081642e-01;1.151913e-02;6.662357e-03;3.032878e-02;3.891733e-02;3.952653e-01;3.567988e-01;8.025209e-03;9.011145e-03;1.793491e-02;4.711927e-03
1.398152e-02;9.012388e-02;1.778018e-02;8.317054e-03;1.352088e-02;2.572796e-02;3.681949e-01;4.065926e-01;1.421047e-02;2.320809e-02;8.430797e-03;9.911655e-03
5.419566e-03;6.099433e-02;2.223555e-02;6.283957e-03;7.689870e-03;3.130530e-02;3.383546e-01;4.343221e-01;2.737323e-02;4.375429e-02;6.341397e-03;1.592582e-02
5.247007e-03;4.256135e-02;2.339034e-02;3.901685e-03;1.042005e-02;3.587877e-02;3.200478e-01;4.461982e-01;3.908145e-02;5.005715e-02;4.350571e-03;1.886557e-02
1.038345e-02;2.589373e-02;2.852316e-02;8.518922e-03;8.285692e-03;4.075189e-02;3.061901e-01;4.641429e-01;3.849670e-02;3.941995e-02;6.557839e-03;2.283567e-02
2.012133e-02;3.371537e-02;3.076176e-02;9.367255e-03;1.027350e-02;5.159877e-02;2.898993e-01;4.457738e-01;2.497648e-02;2.834401e-02;3.360827e-02;2.156018e-02
2.639306e-02;4.778854e-02;2.499406e-02;1.447874e-02;1.539411e-02;4.866024e-02;2.786476e-01;4.334796e-01;1.980168e-02;3.071880e-02;4.372962e-02;1.591390e-02
3.163419e-02;2.068715e-02;1.949973e-02;3.265546e-02;1.722086e-02;3.116934e-02;2.636528e-01;4.476209e-01;3.711101e-02;3.439038e-02;5.425468e-02;1.010354e-02
4.161531e-02;1.547983e-02;1.739903e-02;6.630801e-02;1.648120e-02;2.263531e-02;2.315824e-01;4.382563e-01;6.966407e-02;3.894619e-02;3.749003e-02;4.142345e-03
4.297955e-02;1.973370e-02;1.241670e-02;7.085091e-02;9.607117e-03;1.454005e-02;2.359372e-01;3.931376e-01;7.760087e-02;4.219913e-02;7.099295e-02;1.000424e-02
6.063516e-02;1.687907e-02;4.507854e-03;7.146589e-02;1.151499e-02;1.953671e-02;2.422151e-01;3.767548e-01;7.261740e-02;5.400053e-02;5.968257e-02;1.018996e-02
7.160992e-02;1.558317e-02;9.588256e-03;6.602432e-02;1.185992e-02;2.157179e-02;2.180439e-01;3.492827e-01;7.278009e-02;6.657438e-02;8.710163e-02;9.979930e-03
8.590877e-02;2.088073e-02;1.416320e-02;5.165386e-02;1.266654e-02;1.421612e-02;2.240102e-01;3.531842e-01;7.956697e-02;6.635546e-02;6.523514e-02;1.215876e-02
1.105218e-01;4.194909e-02;1.365630e-02;2.868220e-02;2.098316e-02;1.963647e-02;2.382321e-01;2.716825e-01;6.367122e-02;5.597455e-02;1.186880e-01;1.632272e-02
1.425233e-01;7.609923e-02;2.005081e-02;3.043041e-02;3.649988e-02;2.808376e-02;2.004828e-01;7.464612e-02;5.387174e-02;5.919906e-02;2.652084e-01;1.290444e-02
1.098440e-01;6.545614e-02;2.306717e-02;5.594719e-02;4.507404e-02;2.294058e-02;1.855957e-01;1.602780e-01;6.668762e-02;5.843880e-02;1.978781e-01;8.792666e-03
8.923690e-02;4.460982e-02;2.392482e-02;9.553275e-02;4.546021e-02;2.532362e-02;1.968476e-01;2.481919e-01;1.108440e-01;6.766229e-02;4.319413e-02;9.171891e-03
8.625648e-02;3.011840e-02;2.411791e-02;9.762828e-02;2.279978e-02;1.304753e-02;2.176217e-01;2.603055e-01;1.378082e-01;6.985849e-02;2.905572e-02;1.138200e-02
8.654829e-02;2.053503e-02;2.291936e-02;1.009364e-01;2.315909e-02;8.430068e-03;1.757191e-01;2.652004e-01;1.692219e-01;7.045525e-02;4.780749e-02;9.067502e-03
7.418746e-02;1.613869e-02;2.523301e-02;1.077722e-01;1.914305e-02;1.324227e-02;1.720560e-01;2.657741e-01;1.778731e-01;8.482154e-02;3.390462e-02;9.853895e-03
7.505918e-02;2.270373e-02;3.299556e-02;1.061887e-01;1.697776e-02;1.230553e-02;1.768165e-01;2.805898e-01;1.492719e-01;8.151407e-02;3.582504e-02;9.752274e-03
7.841565e-02;1.442185e-02;4.216210e-02;1.050079e-01;2.659876e-02;1.210235e-02;1.724537e-01;2.803765e-01;1.236032e-01;8.005432e-02;5.099111e-02;1.381260e-02
7.034048e-02;1.842173e-02;5.051881e-02;9.799489e-02;3.066275e-02;8.982561e-03;1.945971e-01;3.161137e-01;1.006581e-01;4.619995e-02;4.545923e-02;2.005056e-02
4.478206e-02;4.459225e-02;6.416472e-02;6.990258e-02;2.655143e-02;2.116984e-02;2.178833e-01;3.561146e-01;7.107003e-02;2.657267e-02;2.686109e-02;3.033548e-02
3.601911e-02;4.986066e-02;6.645851e-02;5.266307e-02;2.331910e-02;3.052432e-02;2.179949e-01;3.825848e-01;5.561236e-02;2.326291e-02;2.892861e-02;3.277163e-02
1.044889e-02;1.017328e-01;6.978673e-02;2.850366e-02;1.866660e-02;4.428655e-02;2.222406e-01;3.852449e-01;5.582346e-02;1.811778e-02;9.989416e-03;3.515865e-02
1.427792e-02;1.278944e-01;5.649281e-02;1.944634e-02;1.947989e-02;5.150348e-02;2.331545e-01;3.705208e-01;4.712634e-02;1.943743e-02;9.540393e-03;3.112582e-02
1.633533e-02;1.252111e-01;4.659950e-02;1.354473e-02;2.166358e-02;3.919010e-02;2.669547e-01;3.761850e-01;2.525066e-02;3.270322e-02;1.259245e-02;2.376958e-02
1.207157e-02;1.239991e-01;3.376425e-02;8.644727e-03;1.598408e-02;2.686546e-02;3.249744e-01;3.662550e-01;1.731896e-02;4.691328e-02;8.593122e-03;1.461611e-02
2.279200e-02;1.371766e-01;1.712054e-02;5.207048e-03;1.226939e-02;3.658278e-02;3.866706e-01;3.266210e-01;1.041654e-02;3.334283e-02;6.546749e-03;5.253913e-03
4.024271e-02;1.376024e-01;4.416248e-03;4.155676e-03;1.288030e-02;6.048047e-02;4.365319e-01;2.675250e-01;7.967791e-03;1.559043e-02;9.826570e-03;2.780621e-03
5.382046e-02;1.313535e-01;8.265176e-03;6.741720e-03;1.045721e-02;7.962477e-02;4.732948e-01;1.952887e-01;9.471386e-03;1.041783e-02;1.761314e-02;3.651306e-03
5.098932e-02;1.018609e-01;1.078806e-02;5.097943e-03;1.231220e-02;9.541067e-02;5.329110e-01;1.486937e-01;8.092775e-03;8.689170e-03;2.150689e-02;3.647431e-03
2.937363e-02;4.961338e-02;6.593098e-03;5.227154e-03;8.719630e-03;8.461654e-02;5.407866e-01;2.492636e-01;6.110148e-03;5.988663e-03;1.108864e-02;2.618921e-03
4.087885e-02;6.773358e-02;3.193134e-03;5.594571e-03;7.759394e-03;6.660974e-02;5.098412e-01;2.794447e-01;4.412354e-03;7.097854e-03;6.443545e-03;9.910577e-04
7.198537e-02;1.136868e-01;2.655170e-03;1.123508e-02;1.366738e-02;6.241382e-02;4.509086e-01;2.506803e-01;4.948521e-03;1.208027e-02;3.120793e-03;2.617748e-03
1.233093e-01;1.906097e-01;4.154023e-03;1.707905e-02;1.987137e-02;6.805290e-02;3.661225e-01;1.758345e-01;1.298320e-02;1.515403e-02;4.693564e-03;2.135891e-03
1.902772e-01;2.759129e-01;1.135061e-02;2.138532e-02;1.883928e-02;7.614692e-02;2.656064e-01;9.695520e-02;2.300721e-02;1.330055e-02;5.034222e-03;2.184236e-03
2.315578e-01;2.759596e-01;1.752585e-02;2.276076e-02;1.587917e-02;9.446945e-02;2.288552e-01;6.419591e-02;2.268167e-02;1.601751e-02;8.199912e-03;1.897123e-03
2.423431e-01;1.752036e-01;1.385478e-02;2.174231e-02;1.224862e-02;1.233435e-01;2.535376e-01;1.084501e-01;1.693510e-02;2.235090e-02;7.268699e-03;2.721893e-03
2.221185e-01;7.165579e-02;1.315012e-02;2.288810e-02;1.383705e-02;1.558807e-01;2.878860e-01;1.328356e-01;2.149839e-02;4.067158e-02;1.091139e-02;6.666796e-03
1.946807e-01;4.965536e-02;1.921017e-02;1.625372e-02;1.875302e-02;1.773050e-01;2.507713e-01;1.191919e-01;3.648727e-02;7.924943e-02;3.054896e-02;7.893194e-03
1.857391e-01;4.726860e-02;3.219564e-02;9.709760e-03;3.522372e-02;1.704786e-01;1.621563e-01;8.186745e-02;8.636631e-02;1.384756e-01;3.828527e-02;1.223362e-02
1.474936e-01;4.813843e-02;3.600303e-02;9.078718e-03;3.370399e-02;1.362713e-01;1.418975e-01;6.359535e-02;1.356235e-01;1.808197e-01;5.608228e-02;1.129271e-02
1.129316e-01;2.482857e-02;3.047353e-02;1.297497e-02;2.214020e-02;1.302301e-01;1.536113e-01;8.428741e-02;1.504882e-01;1.945548e-01;6.697555e-02;1.650371e-02
1.188322e-01;1.186251e-02;2.642259e-02;1.094432e-02;2.391330e-02;1.320046e-01;1.443492e-01;1.012942e-01;1.401914e-01;1.984224e-01;6.355056e-02;2.821266e-02
1.424304e-01;2.362408e-02;2.276819e-02;1.468000e-02;2.171270e-02;1.511398e-01;1.380067e-01;1.072084e-01;1.049937e-01;2.021383e-01;5.472482e-02;1.657286e-02
1.621145e-01;2.034755e-02;2.299164e-02;7.572934e-03;2.733557e-02;1.711296e-01;1.348366e-01;1.148939e-01;9.453605e-02;1.823118e-01;3.898565e-02;2.294421e-02
1.600933e-01;2.087254e-02;1.070385e-02;3.322471e-02;2.225232e-02;1.982899e-01;1.405690e-01;1.117336e-01;6.790345e-02;1.911098e-01;3.723832e-02;6.009095e-03
1.558960e-01;1.989608e-02;1.202867e-02;4.706364e-02;1.711758e-02;2.036411e-01;1.259774e-01;1.213579e-01;5.101234e-02;2.009069e-01;3.446960e-02;1.063268e-02
1.459106e-01;2.187750e-02;6.350330e-03;6.535628e-02;1.679265e-02;1.951875e-01;1.429026e-01;1.231138e-01;3.141253e-02;2.100890e-01;3.139850e-02;9.608670e-03
1.320407e-01;2.482825e-02;8.217899e-03;8.062798e-02;2.118956e-02;1.780462e-01;1.591787e-01;1.223966e-01;3.752777e-02;1.897147e-01;2.957677e-02;1.665493e-02
1.154601e-01;4.059607e-02;1.438206e-02;8.187266e-02;1.688064e-02;1.484382e-01;2.109201e-01;1.228956e-01;4.228825e-02;1.510013e-01;2.053484e-02;3.473017e-02
1.240320e-01;6.108788e-02;1.687872e-02;6.596778e-02;1.408476e-02;1.276621e-01;2.706756e-01;1.058482e-01;2.203144e-02;1.209172e-01;3.845988e-02;3.235445e-02
1.313944e-01;1.033312e-01;2.529863e-02;3.711378e-02;1.004961e-02;1.366141e-01;3.003833e-01;1.057152e-01;2.467944e-02;8.254229e-02;2.014220e-02;2.273579e-02
1.428469e-01;1.319590e-01;2.870537e-02;2.497503e-02;1.423024e-02;1.177981e-01;3.245264e-01;1.213444e-01;1.717143e-02;3.880702e-02;2.217360e-02;1.546250e-02
2.034690e-01;1.463702e-01;1.952089e-02;1.992265e-02;1.008721e-02;9.048673e-02;3.062664e-01;1.121574e-01;2.357978e-02;2.013788e-02;3.994193e-02;8.059938e-03
2.175268e-01;1.422658e-01;1.300872e-02;1.001828e-02;1.045286e-02;6.357591e-02;2.692812e-01;1.294583e-01;2.538931e-02;2.796717e-02;8.251522e-02;8.540438e-03
2.065965e-01;1.399862e-01;1.539923e-02;1.057313e-02;1.388549e-02;5.320692e-02;2.205810e-01;1.427599e-01;2.633747e-02;3.188157e-02;1.259220e-01;1.287058e-02
2.150096e-01;1.181387e-01;2.108957e-02;8.539875e-03;1.822992e-02;6.519260e-02;1.908731e-01;1.672425e-01;2.155168e-02;3.412618e-02;1.227004e-01;1.730581e-02
1.503936e-01;8.207905e-02;1.520354e-02;7.663040e-03;1.488787e-02;7.582664e-02;3.840802e-01;1.793726e-01;1.823823e-02;2.434737e-02;3.380350e-02;1.410426e-02
6.927895e-02;8.722959e-02;1.414927e-02;1.124445e-02;8.341717e-03;7.232173e-02;4.698153e-01;1.899805e-01;1.682807e-02;2.343262e-02;2.855966e-02;8.818195e-03
6.125888e-02;1.053062e-01;1.976961e-02;1.214766e-02;5.937285e-03;4.868781e-02;4.072425e-01;2.281619e-01;1.591510e-02;2.244045e-02;6.386624e-02;9.266307e-03
1.073200e-01;1.329047e-01;2.365549e-02;1.898749e-02;7.704243e-03;5.075517e-02;3.503332e-01;2.207056e-01;1.008629e-02;1.675392e-02;5.375574e-02;7.038098e-03
1.723365e-01;1.685394e-01;2.076525e-02;2.665381e-02;9.678363e-03;6.192584e-02;3.280840e-01;1.595129e-01;4.716086e-03;1.252168e-02;2.812354e-02;7.142645e-03
2.653626e-01;1.730019e-01;1.510104e-02;3.087908e-02;1.362403e-02;8.338540e-02;2.806034e-01;9.373502e-02;4.441378e-03;1.648874e-02;1.507288e-02;8.304505e-03
3.360722e-01;1.283388e-01;1.426542e-02;2.785857e-02;2.024846e-02;1.139875e-01;2.766857e-01;2.769614e-02;8.669167e-03;2.176198e-02;1.600968e-02;8.406353e-03
3.056046e-01;3.435229e-02;1.541604e-02;2.564271e-02;2.417516e-02;1.228402e-01;3.213176e-01;9.541577e-02;1.162591e-02;1.757081e-02;1.639167e-02;9.647238e-03
2.702079e-01;4.398239e-02;1.853086e-02;3.401568e-02;2.836675e-02;1.110188e-01;3.004664e-01;1.271143e-01;1.142196e-02;2.005969e-02;1.830622e-02;1.650892e-02
2.946073e-01;7.517852e-02;2.125071e-02;4.668718e-02;3.804399e-02;1.084223e-01;1.523201e-01;1.418499e-01;2.236427e-02;3.025883e-02;4.343278e-02;2.558415e-02
1.710095e-01;6.733515e-02;2.425143e-02;3.790370e-02;3.304889e-02;1.226603e-01;3.354117e-01;9.813686e-02;2.751727e-02;2.056251e-02;3.624994e-02;2.591280e-02
1.633990e-01;6.113964e-02;2.004921e-02;1.898163e-02;3.017889e-02;1.491432e-01;3.940874e-01;7.999516e-02;1.796818e-02;2.372334e-02;2.324847e-02;1.808585e-02
1.983782e-01;4.901063e-02;1.301488e-02;1.405104e-02;2.162522e-02;1.550108e-01;3.810584e-01;9.104887e-02;1.158948e-02;3.137013e-02;1.611774e-02;1.772458e-02
2.148728e-01;9.614886e-02;5.267703e-03;2.451392e-02;1.435969e-02;1.217254e-01;3.406979e-01;1.154054e-01;8.741450e-03;2.988412e-02;1.720301e-02;1.117979e-02
2.240177e-01;1.584830e-01;3.893240e-03;3.258983e-02;1.025615e-02;8.775796e-02;3.206867e-01;1.130067e-01;6.379127e-03;2.159146e-02;1.290496e-02;8.433141e-03
2.108001e-01;2.249335e-01;9.158162e-03;2.602044e-02;7.350925e-03;5.869536e-02;2.972872e-01;1.205025e-01;5.437457e-03;1.484730e-02;1.549982e-02;9.467266e-03
1.765769e-01;3.004671e-01;1.371933e-02;1.638899e-02;6.235660e-03;4.300284e-02;2.845178e-01;1.153304e-01;7.360040e-03;6.260293e-03;2.322506e-02;6.915556e-03
1.381775e-01;3.570995e-01;1.729121e-02;1.064922e-02;7.234253e-03;3.947906e-02;2.705005e-01;1.097079e-01;1.034425e-02;6.352265e-03;2.720766e-02;5.956688e-03
1.405479e-01;3.806143e-01;1.819825e-02;1.114775e-02;4.994357e-03;3.665955e-02;2.627037e-01;1.025756e-01;1.170328e-02;5.926984e-03;1.990530e-02;5.022938e-03
1.657310e-01;3.672285e-01;1.421572e-02;8.798636e-03;6.323504e-03;3.501048e-02;2.554033e-01;1.041827e-01;1.383616e-02;5.779207e-03;1.945095e-02;4.039791e-03
1.781414e-01;3.484198e-01;1.044135e-02;6.569232e-03;7.572495e-03;3.411980e-02;2.550136e-01;1.139836e-01;1.497448e-02;4.703543e-03;2.215869e-02;3.902135e-03
2.027584e-01;3.276930e-01;8.934904e-03;4.155731e-03;8.123798e-03;3.311183e-02;2.491565e-01;1.194248e-01;1.636380e-02;5.560985e-03;1.997505e-02;4.741346e-03
2.526912e-01;2.738400e-01;1.322074e-02;4.718794e-03;8.557300e-03;3.319062e-02;2.393675e-01;1.224543e-01;1.673868e-02;6.912650e-03;2.404613e-02;4.262140e-03
2.955315e-01;2.078158e-01;1.670514e-02;1.047932e-02;1.101837e-02;4.771459e-02;2.318122e-01;1.065362e-01;1.407935e-02;9.668579e-03;4.419167e-02;4.447355e-03
3.460063e-01;1.177692e-01;1.641425e-02;1.696306e-02;1.701772e-02;8.581145e-02;2.757859e-01;5.338144e-02;1.794325e-02;1.866572e-02;2.969981e-02;4.541769e-03
2.637729e-01;1.011278e-01;1.089226e-02;1.387755e-02;1.446435e-02;8.544510e-02;3.331603e-01;1.294637e-01;1.275685e-02;1.610693e-02;1.286681e-02;6.065377e-03
2.582027e-01;1.158446e-01;1.166801e-02;1.634076e-02;1.291111e-02;8.271325e-02;3.098900e-01;1.370732e-01;9.364232e-03;1.105244e-02;2.931014e-02;5.629549e-03
3.125660e-01;9.763791e-02;1.488740e-02;1.636627e-02;1.750215e-02;9.732094e-02;2.282607e-01;1.359283e-01;1.474327e-02;1.325574e-02;4.244908e-02;9.082194e-03
3.147806e-01;4.584077e-02;1.286605e-02;2.162202e-02;2.484149e-02;1.119100e-01;2.536402e-01;1.560966e-01;1.816654e-02;1.505391e-02;1.464386e-02;1.053802e-02
2.273814e-01;6.669742e-02;9.148113e-03;1.891808e-02;2.112428e-02;1.086274e-01;3.419080e-01;1.445778e-01;1.234167e-02;1.588893e-02;2.651632e-02;6.870656e-03
2.430980e-01;7.244855e-02;9.340667e-03;1.691427e-02;2.816718e-02;1.300509e-01;3.352509e-01;9.470781e-02;8.640491e-03;2.021385e-02;3.178990e-02;9.377507e-03
2.337615e-01;4.989837e-02;1.510143e-02;1.687584e-02;3.681228e-02;1.404081e-01;3.443115e-01;5.795935e-02;2.063317e-02;2.116683e-02;5.468142e-02;8.390112e-03
1.475791e-01;2.495765e-02;2.066963e-02;2.445123e-02;5.692547e-02;1.365457e-01;3.704684e-01;8.259428e-02;3.624630e-02;1.637062e-02;6.993951e-02;1.325207e-02
5.925417e-02;4.982070e-02;2.611469e-02;3.006219e-02;7.234316e-02;1.311920e-01;2.966951e-01;6.959511e-02;4.065638e-02;2.631243e-02;1.647130e-01;3.324103e-02
1.435661e-01;7.232032e-02;2.817348e-02;2.346844e-02;5.541385e-02;9.874216e-02;1.602087e-01;4.986974e-02;2.585935e-02;4.085105e-02;2.628326e-01;3.869419e-02
1.820072e-01;6.549418e-02;2.623965e-02;1.777827e-02;4.811221e-02;9.526239e-02;1.134231e-01;6.631865e-02;4.588281e-02;4.518571e-02;2.631637e-01;3.113203e-02
2.375717e-01;9.288290e-02;2.056162e-02;1.272647e-02;3.016695e-02;8.720816e-02;1.603730e-01;9.609628e-02;4.438568e-02;4.061596e-02;1.644304e-01;1.298092e-02
2.723056e-01;1.044580e-01;2.265281e-02;1.853843e-02;2.149593e-02;8.272845e-02;2.086380e-01;8.156402e-02;3.294164e-02;3.862352e-02;1.015099e-01;1.454360e-02
2.940148e-01;1.221633e-01;2.324308e-02;3.566123e-02;2.205411e-02;9.317486e-02;2.228862e-01;5.236793e-02;2.730836e-02;3.202162e-02;5.995176e-02;1.515272e-02
2.745466e-01;1.427092e-01;2.428764e-02;3.910251e-02;3.411382e-02;8.142565e-02;1.944555e-01;4.928703e-02;4.386578e-02;2.784353e-02;7.082602e-02;1.753678e-02
2.240539e-01;1.331283e-01;2.970055e-02;3.295628e-02;2.966892e-02;5.994071e-02;2.181256e-01;9.856425e-02;5.173360e-02;2.626315e-02;7.854466e-02;1.732010e-02
1.865427e-01;1.371876e-01;2.892648e-02;2.367627e-02;2.719917e-02;7.539751e-02;2.662866e-01;1.218467e-01;4.241617e-02;2.880714e-02;4.618979e-02;1.552398e-02
2.190231e-01;1.398323e-01;3.351118e-02;1.637548e-02;4.529501e-02;9.397402e-02;2.200638e-01;8.118141e-02;4.660497e-02;3.086676e-02;4.739301e-02;2.587899e-02
1.759033e-01;8.071975e-02;2.977565e-02;2.579335e-02;6.067890e-02;1.116644e-01;1.472920e-01;6.829154e-02;6.944665e-02;4.632876e-02;1.374503e-01;4.665535e-02
1.051532e-01;4.723959e-02;3.044185e-02;3.298086e-02;5.784749e-02;1.217592e-01;1.961205e-01;5.024542e-02;8.538982e-02;6.991440e-02;1.507752e-01;5.213249e-02
1.306972e-01;5.080345e-02;3.116340e-02;3.554747e-02;5.529296e-02;9.687225e-02;1.655066e-01;4.196314e-02;7.421453e-02;1.188602e-01;1.533823e-01;4.569651e-02
1.435060e-01;4.933836e-02;3.805042e-02;2.763270e-02;6.424298e-02;9.964716e-02;1.505849e-01;5.766206e-02;4.977367e-02;1.505711e-01;1.250223e-01;4.396824e-02
8.285437e-02;6.639393e-02;3.823779e-02;3.151390e-02;6.582119e-02;8.648568e-02;9.041880e-02;8.796730e-02;5.087598e-02;1.387243e-01;2.189251e-01;4.178166e-02
1.148056e-01;7.792138e-02;3.593716e-02;3.518159e-02;5.411433e-02;7.136273e-02;7.904417e-02;8.150243e-02;5.307471e-02;1.154960e-01;2.425729e-01;3.898695e-02
1.164548e-01;6.090924e-02;3.491064e-02;3.469145e-02;4.005469e-02;7.638045e-02;1.208661e-01;1.019304e-01;6.581733e-02;9.658264e-02;2.148513e-01;3.655087e-02
3.269573e-02;6.681245e-02;3.885988e-02;3.914216e-02;4.933071e-02;8.563537e-02;1.196201e-01;1.301956e-01;6.534272e-02;1.121892e-01;2.420312e-01;1.814488e-02
6.787205e-02;7.484156e-02;3.823109e-02;3.851794e-02;4.454609e-02;7.578427e-02;9.734770e-02;1.450092e-01;2.552565e-02;1.159939e-01;2.567063e-01;1.962417e-02
7.956726e-02;1.113990e-01;3.848136e-02;2.900108e-02;3.580479e-02;5.695610e-02;9.606879e-02;1.730252e-01;2.531518e-02;6.856893e-02;2.644791e-01;2.133326e-02
9.668175e-02;8.517402e-02;3.023714e-02;1.838266e-02;2.132760e-02;6.516778e-02;2.294888e-01;2.165262e-01;2.356163e-02;3.154843e-02;1.715970e-01;1.030700e-02
1.369195e-01;8.730664e-02;2.376084e-02;1.185499e-02;1.709381e-02;6.051854e-02;2.476611e-01;2.362219e-01;2.819677e-02;3.140187e-02;1.104969e-01;8.567035e-03
1.166333e-01;1.009837e-01;2.671375e-02;1.816305e-02;1.683340e-02;5.451612e-02;2.055051e-01;2.677855e-01;5.917181e-02;6.409254e-02;5.750168e-02;1.210013e-02
6.947437e-02;5.283103e-02;2.050296e-02;2.467339e-02;2.125413e-02;6.182191e-02;2.213247e-01;2.533143e-01;6.562570e-02;7.869095e-02;1.098671e-01;2.061940e-02
4.485434e-02;6.873148e-02;2.293957e-02;2.930150e-02;2.123848e-02;5.510457e-02;2.299311e-01;2.493130e-01;4.636542e-02;6.162462e-02;1.406589e-01;2.993695e-02
6.533215e-02;7.484944e-02;4.175240e-02;4.398667e-02;3.921842e-02;4.677149e-02;2.263482e-01;1.896478e-01;5.972636e-02;5.899969e-02;1.154289e-01;3.793839e-02
8.692770e-02;5.855318e-02;4.887711e-02;3.360478e-02;3.972938e-02;7.971270e-02;2.875982e-01;1.339853e-01;8.179381e-02;7.033663e-02;5.226227e-02;2.661897e-02
8.417434e-02;5.269050e-02;4.468782e-02;4.278561e-02;2.480386e-02;1.072147e-01;2.594930e-01;1.442580e-01;8.129635e-02;5.106405e-02;9.398169e-02;1.355013e-02
7.227574e-02;6.013317e-02;4.001241e-02;7.267532e-02;3.539800e-02;1.164350e-01;1.676915e-01;1.357549e-01;8.783533e-02;6.582727e-02;1.327361e-01;1.322524e-02
8.032243e-02;7.833021e-02;4.167019e-02;7.923119e-02;4.646270e-02;8.824604e-02;1.345154e-01;1.562248e-01;8.636279e-02;6.672527e-02;1.232510e-01;1.865803e-02
1.110426e-01;1.276984e-01;6.623074e-02;5.269606e-02;5.587651e-02;6.224232e-02;1.603195e-01;1.257131e-01;7.193385e-02;4.188116e-02;1.000030e-01;2.436282e-02
1.343445e-01;1.521433e-01;6.913397e-02;8.176153e-02;4.142761e-02;5.287129e-02;1.235218e-01;1.670977e-01;6.544497e-02;4.187566e-02;3.793411e-02;3.244357e-02
1.394196e-01;1.172602e-01;4.078124e-02;4.975301e-02;2.113328e-02;4.022321e-02;1.842541e-01;1.943979e-01;2.912151e-02;6.162415e-02;1.041861e-01;1.784563e-02
1.506343e-01;9.932316e-02;2.909645e-02;2.467738e-02;1.964420e-02;3.368568e-02;2.112067e-01;1.564992e-01;3.082609e-02;6.051223e-02;1.586719e-01;2.522269e-02
1.391109e-01;1.305699e-01;2.739528e-02;2.497607e-02;1.591571e-02;3.013421e-02;2.452328e-01;1.382415e-01;3.385316e-02;4.259733e-02;1.491575e-01;2.281555e-02
1.674298e-01;1.606977e-01;2.528533e-02;2.693652e-02;1.987532e-02;2.995319e-02;2.352938e-01;1.254923e-01;3.178699e-02;3.307515e-02;1.373856e-01;6.788343e-03
1.693856e-01;1.758324e-01;3.077471e-02;3.054107e-02;4.408917e-02;3.684286e-02;2.021805e-01;8.997586e-02;3.637192e-02;3.808562e-02;1.185602e-01;2.736012e-02
1.169738e-01;1.478823e-01;6.175282e-02;4.525363e-02;7.378142e-02;4.251056e-02;1.345794e-01;1.455937e-01;4.052570e-02;3.397426e-02;1.242187e-01;3.295367e-02
1.079048e-01;1.262113e-01;5.957359e-02;5.084339e-02;6.398188e-02;4.766370e-02;1.810003e-01;1.886868e-01;2.595435e-02;2.248682e-02;8.113765e-02;4.455537e-02
