1.373168e-01;6.869438e-02;2.291107e-01;4.253428e-02;9.904368e-02;6.109821e-02;1.815908e-01;2.104777e-02;2.199950e-02;3.888755e-02;5.464545e-02;4.403090e-02
1.057742e-01;4.103025e-02;2.930496e-01;5.724664e-02;1.001716e-01;5.201188e-02;1.471809e-01;2.786858e-02;1.738860e-02;4.273842e-02;6.932036e-02;4.621897e-02
7.079295e-02;3.189663e-02;3.649361e-01;6.313866e-02;8.116990e-02;4.198973e-02;1.019711e-01;3.563796e-02;2.368219e-02;6.409034e-02;7.977497e-02;4.091942e-02
4.716172e-02;2.409111e-02;3.588361e-01;6.552130e-02;7.794730e-02;3.609349e-02;1.390320e-01;3.854480e-02;2.505030e-02;7.433030e-02;6.849641e-02;4.489514e-02
8.143031e-02;3.711764e-02;2.094291e-01;6.883919e-02;1.841915e-01;6.467170e-02;1.587475e-01;2.024866e-02;3.007067e-02;5.313811e-02;3.258089e-02;5.953480e-02
6.251454e-02;2.945459e-02;2.696265e-01;9.176166e-02;2.038093e-01;6.269459e-02;1.117725e-01;2.254795e-02;3.222360e-02;2.671329e-02;3.920264e-02;4.767891e-02
2.928892e-02;2.882307e-02;4.586864e-01;9.513479e-02;1.398469e-01;4.724776e-02;7.594464e-02;3.466169e-02;1.123867e-02;2.318373e-02;3.089333e-02;2.505001e-02
1.876816e-02;5.099666e-02;5.032091e-01;6.704807e-02;9.938363e-02;5.316706e-02;8.870400e-02;2.244557e-02;2.299825e-02;3.441702e-02;2.235549e-02;1.650701e-02
7.294539e-02;8.715870e-02;4.180444e-01;5.262509e-02;8.247419e-02;6.298683e-02;7.089098e-02;2.393468e-02;3.248457e-02;4.314000e-02;2.866639e-02;2.464880e-02
1.311403e-01;8.455331e-02;2.635144e-01;4.942339e-02;6.924511e-02;4.411319e-02;1.955042e-01;4.444762e-02;2.536223e-02;3.404702e-02;3.154890e-02;2.710032e-02
8.532625e-02;3.635518e-02;2.960055e-01;6.084029e-02;7.205465e-02;3.634682e-02;2.658683e-01;3.450729e-02;1.893960e-02;2.720466e-02;4.219807e-02;2.435338e-02
6.859398e-02;2.347890e-02;2.699449e-01;6.728287e-02;4.466362e-02;3.045975e-02;3.164380e-01;2.849877e-02;1.998523e-02;4.237894e-02;5.193060e-02;3.634434e-02
5.184258e-02;3.516115e-02;2.155279e-01;4.918694e-02;6.963899e-02;5.681955e-02;3.317940e-01;1.846292e-02;1.707106e-02;4.835757e-02;6.962187e-02;3.651552e-02
3.884821e-02;4.408732e-02;1.513146e-01;5.321615e-02;4.553314e-02;7.810091e-02;3.250955e-01;3.052563e-02;1.874311e-02;5.646636e-02;1.032419e-01;5.482709e-02
1.059883e-01;1.241842e-01;7.765062e-02;5.196252e-02;6.556866e-02;7.888289e-02;2.151865e-01;4.162537e-02;2.397491e-02;5.411468e-02;9.017567e-02;7.068558e-02
1.587515e-01;1.557874e-01;1.121863e-01;6.343720e-02;9.015445e-02;5.917421e-02;8.060432e-02;4.647495e-02;3.335889e-02;6.549886e-02;6.042041e-02;7.415149e-02
1.908857e-01;1.417222e-01;1.455739e-01;5.734877e-02;1.022219e-01;5.072489e-02;7.755492e-02;3.966360e-02;3.240119e-02;6.279668e-02;4.311567e-02;5.599056e-02
2.350921e-01;1.641038e-01;1.386517e-01;4.650703e-02;7.475147e-02;5.165084e-02;7.413543e-02;3.722739e-02;3.348416e-02;5.983170e-02;3.764194e-02;4.692234e-02
2.728818e-01;1.708523e-01;1.038703e-01;4.229221e-02;4.176214e-02;4.875251e-02;1.091163e-01;2.741593e-02;3.077226e-02;5.235424e-02;3.304187e-02;6.688815e-02
2.480370e-01;1.411947e-01;1.110811e-01;5.623473e-02;5.945538e-02;4.448126e-02;1.322500e-01;2.852432e-02;2.476602e-02;3.680401e-02;3.759519e-02;7.957625e-02
1.562146e-01;7.765874e-02;1.269342e-01;7.414643e-02;8.016992e-02;5.924779e-02;1.794119e-01;6.515004e-02;5.060252e-02;2.875420e-02;3.793244e-02;6.377731e-02
6.061233e-02;3.463870e-02;1.055759e-01;6.390307e-02;7.275107e-02;7.079367e-02;1.819222e-01;7.641005e-02;1.175343e-01;7.591289e-02;8.288521e-02;5.706071e-02
5.612667e-02;4.602895e-02;1.054781e-01;2.723398e-02;3.845509e-02;7.286502e-02;1.306360e-01;3.812106e-02;1.399539e-01;9.945656e-02;1.537178e-01;9.192687e-02
6.385532e-02;4.302754e-02;8.469822e-02;1.642215e-02;2.707779e-02;7.656212e-02;1.029982e-01;5.335467e-02;1.236206e-01;7.462137e-02;2.116024e-01;1.221596e-01
5.831427e-02;5.286055e-02;6.278363e-02;4.076910e-02;4.404508e-02;6.493363e-02;1.018198e-01;7.566356e-02;9.612148e-02;8.872070e-02;2.340028e-01;7.996536e-02
8.243284e-02;7.965004e-02;6.744703e-02;7.318239e-02;4.629213e-02;5.640321e-02;8.514449e-02;8.985791e-02;8.724484e-02;1.065284e-01;1.830144e-01;4.280235e-02
9.889451e-02;8.714591e-02;6.325982e-02;9.689394e-02;4.236905e-02;4.644299e-02;9.066184e-02;1.028590e-01;5.190505e-02;1.438793e-01;1.185685e-01;5.712008e-02
1.175187e-01;7.543615e-02;6.363997e-02;9.568815e-02;4.964033e-02;4.509154e-02;1.037047e-01;8.939910e-02;4.158710e-02;1.170137e-01;1.335917e-01;6.768880e-02
1.454423e-01;5.179416e-02;7.809478e-02;7.375012e-02;4.327090e-02;6.042577e-02;9.701695e-02;6.256817e-02;4.073690e-02;9.783894e-02;1.876474e-01;6.141367e-02
1.612454e-01;3.265548e-02;9.693895e-02;4.995224e-02;4.487556e-02;8.226304e-02;8.602949e-02;4.044254e-02;4.140894e-02;1.021512e-01;2.068562e-01;5.518097e-02
1.522967e-01;3.182128e-02;1.150697e-01;2.869074e-02;3.774318e-02;9.158271e-02;7.620703e-02;2.687655e-02;5.497338e-02;1.171056e-01;1.905857e-01;7.704747e-02
1.139742e-01;4.100609e-02;1.170273e-01;2.148621e-02;2.796304e-02;9.182405e-02;6.198262e-02;2.877896e-02;1.121338e-01;1.307747e-01;1.873426e-01;6.570631e-02
6.660110e-02;3.681127e-02;1.059367e-01;2.258071e-02;3.656051e-02;7.664085e-02;6.587254e-02;4.528334e-02;1.787685e-01;1.275036e-01;1.806562e-01;5.678469e-02
4.477594e-02;4.336067e-02;7.889444e-02;3.106253e-02;4.933463e-02;5.001424e-02;1.114349e-01;5.963205e-02;1.858927e-01;1.082096e-01;1.488076e-01;8.858079e-02
4.963420e-02;4.689438e-02;6.658716e-02;5.237783e-02;5.088931e-02;5.048404e-02;1.655920e-01;7.558872e-02;1.331858e-01;9.061535e-02;1.011749e-01;1.169762e-01
8.380641e-02;4.037650e-02;5.602482e-02;6.277918e-02;5.418333e-02;6.857108e-02;1.601210e-01;1.074145e-01;1.047694e-01;1.230972e-01;5.950011e-02;7.935648e-02
1.014796e-01;4.719295e-02;8.030213e-02;6.401943e-02;4.434576e-02;6.242273e-02;1.140165e-01;8.668368e-02;1.237151e-01;1.179583e-01;1.151352e-01;4.272860e-02
1.041607e-01;6.806299e-02;1.425864e-01;5.733236e-02;4.495024e-02;4.652064e-02;7.444800e-02;6.162026e-02;1.273932e-01;9.761207e-02;8.757719e-02;8.773592e-02
8.921759e-02;4.433968e-02;1.910539e-01;4.729985e-02;5.244209e-02;4.936983e-02;7.761806e-02;1.014980e-01;1.343840e-01;6.107391e-02;6.765193e-02;8.405113e-02
1.381956e-01;4.097988e-02;1.332692e-01;3.224923e-02;3.769501e-02;7.219675e-02;1.525372e-01;1.094219e-01;8.145776e-02;7.302029e-02;8.218303e-02;4.679409e-02
1.733676e-01;4.971346e-02;1.044749e-01;3.029236e-02;1.645248e-02;6.033946e-02;1.558601e-01;7.070202e-02;7.754827e-02;7.910198e-02;1.322886e-01;4.985879e-02
1.646949e-01;4.012136e-02;1.013616e-01;3.002434e-02;2.424781e-02;2.953459e-02;1.547578e-01;5.627776e-02;9.421637e-02;5.413208e-02;1.893885e-01;6.124292e-02
1.321973e-01;4.482169e-02;8.064269e-02;2.708298e-02;2.727767e-02;4.734898e-02;1.698783e-01;3.498991e-02;1.114407e-01;4.424825e-02;2.149443e-01;6.512722e-02
1.253081e-01;6.460919e-02;7.275368e-02;3.531161e-02;2.490148e-02;5.820371e-02;1.680368e-01;3.653694e-02;1.065371e-01;5.505037e-02;2.267685e-01;2.598249e-02
1.082569e-01;6.073899e-02;6.625058e-02;4.483442e-02;4.545034e-02;5.693386e-02;1.293209e-01;3.695452e-02;1.105839e-01;8.550401e-02;2.176897e-01;3.748186e-02
8.311654e-02;6.955522e-02;5.196531e-02;4.745983e-02;3.692526e-02;6.990939e-02;8.227903e-02;4.325501e-02;1.942720e-01;9.408110e-02;1.626972e-01;6.448414e-02
6.271369e-02;8.737956e-02;8.148739e-02;6.222562e-02;5.121533e-02;6.575160e-02;1.080481e-01;4.138151e-02;1.734338e-01;9.303414e-02;9.596032e-02;7.736886e-02
8.710839e-02;8.510923e-02;9.510901e-02;5.722836e-02;5.723578e-02;5.160274e-02;1.315462e-01;3.542971e-02;1.447763e-01;7.310904e-02;9.325374e-02;8.849153e-02
1.322544e-01;8.786695e-02;1.382361e-01;3.788429e-02;6.077354e-02;4.014738e-02;1.389954e-01;1.873971e-02;8.134837e-02;5.197607e-02;8.547813e-02;1.262996e-01
1.320942e-01;9.151639e-02;1.987674e-01;2.478950e-02;5.461657e-02;3.562839e-02;1.287145e-01;3.959903e-02;2.860632e-02;4.542995e-02;1.107957e-01;1.094420e-01
1.098656e-01;1.040837e-01;2.383986e-01;2.347748e-02;4.179278e-02;3.025324e-02;7.514562e-02;6.414559e-02;3.572477e-02;6.872785e-02;1.287278e-01;7.965697e-02
1.240250e-01;9.924135e-02;2.140855e-01;2.856631e-02;2.401990e-02;2.607973e-02;9.059914e-02;7.163873e-02;4.108711e-02;9.204758e-02;1.336254e-01;5.498433e-02
1.168054e-01;7.286382e-02;1.337215e-01;2.890020e-02;4.429401e-02;2.873059e-02;1.481245e-01;5.272154e-02;2.906260e-02;8.090459e-02;1.349683e-01;1.289030e-01
1.042536e-01;6.055092e-02;1.174036e-01;3.144085e-02;7.223646e-02;5.660127e-02;1.318777e-01;5.746232e-02;4.018853e-02;6.770065e-02;8.852474e-02;1.717594e-01
1.204059e-01;7.299262e-02;1.485226e-01;4.864504e-02;6.946793e-02;5.056371e-02;7.311113e-02;7.347835e-02;3.293808e-02;4.599793e-02;8.268332e-02;1.811934e-01
1.086562e-01;1.067041e-01;1.265561e-01;4.466495e-02;4.980359e-02;3.007452e-02;5.249844e-02;6.062560e-02;1.822962e-02;3.511284e-02;8.174030e-02;2.853338e-01
1.223348e-01;1.054275e-01;1.156916e-01;4.099661e-02;3.689995e-02;2.206682e-02;6.762113e-02;6.267031e-02;3.544207e-02;3.997476e-02;6.323726e-02;2.876372e-01
1.128953e-01;8.806568e-02;1.245775e-01;4.778459e-02;4.422738e-02;3.371150e-02;7.317837e-02;7.629257e-02;5.755883e-02;4.646694e-02;5.379660e-02;2.414448e-01
6.282088e-02;8.374310e-02;1.536947e-01;5.884083e-02;5.681050e-02;5.238584e-02;8.613434e-02;7.589199e-02;6.737143e-02;5.911492e-02;5.362046e-02;1.895711e-01
7.208239e-02;7.624452e-02;1.497160e-01;3.562673e-02;5.393466e-02;4.913662e-02;1.406048e-01;6.691566e-02;5.314461e-02;6.365214e-02;8.094256e-02;1.579992e-01
9.367899e-02;6.067740e-02;1.343511e-01;3.585414e-02;5.617161e-02;4.577439e-02;1.912369e-01;6.052248e-02;5.819768e-02;7.585934e-02;7.087576e-02;1.168001e-01
1.086711e-01;4.441253e-02;1.237350e-01;4.515776e-02;3.729732e-02;5.062866e-02;1.760346e-01;5.778184e-02;5.533731e-02;8.497973e-02;9.138316e-02;1.245811e-01
9.187535e-02;8.384324e-02;1.358946e-01;1.180692e-01;7.980464e-02;4.998826e-02;7.330380e-02;3.941773e-02;1.016032e-01;5.939389e-02;6.425816e-02;1.025479e-01
9.624711e-02;7.186928e-02;1.603935e-01;8.557055e-02;7.342046e-02;4.703867e-02;7.149454e-02;2.808012e-02;9.780718e-02;6.770160e-02;7.937662e-02;1.210003e-01
1.198481e-01;6.649727e-02;1.192983e-01;5.088184e-02;7.644051e-02;4.827286e-02;9.284025e-02;3.897253e-02;1.310748e-01;5.514095e-02;7.338591e-02;1.273468e-01
1.031170e-01;7.322882e-02;1.228467e-01;4.333141e-02;7.457932e-02;4.643477e-02;1.116605e-01;6.503201e-02;1.039832e-01;7.492319e-02;7.892813e-02;1.019350e-01
6.936957e-02;7.251273e-02;1.604686e-01;5.404334e-02;6.509056e-02;4.863924e-02;1.057123e-01;7.627712e-02;1.096018e-01;1.086111e-01;6.760175e-02;6.207191e-02
7.698617e-02;7.323765e-02;1.294021e-01;4.151150e-02;6.639299e-02;6.863815e-02;1.004617e-01;8.085025e-02;1.591574e-01;1.073199e-01;5.447756e-02;4.156470e-02
1.073113e-01;6.419372e-02;7.476918e-02;3.111796e-02;7.935229e-02;6.839394e-02;1.017690e-01;1.140734e-01;1.588909e-01;8.146495e-02;7.695744e-02;4.170596e-02
8.293301e-02;4.823351e-02;7.665371e-02;6.182109e-02;5.746521e-02;5.588655e-02;1.394060e-01;8.985968e-02;1.223645e-01;1.227384e-01;9.000286e-02;5.263544e-02
6.063543e-02;3.888476e-02;9.885530e-02;6.342243e-02;6.189549e-02;7.934775e-02;1.660079e-01;9.450413e-02;9.860017e-02;1.174625e-01;5.222703e-02;6.815708e-02
6.799389e-02;4.556482e-02;1.037684e-01;4.371142e-02;9.136324e-02;1.316994e-01;1.544884e-01;1.048857e-01;1.028487e-01;6.676044e-02;4.032611e-02;4.658961e-02
7.985680e-02;7.061728e-02;7.575375e-02;5.370372e-02;1.033971e-01;1.226871e-01;1.532081e-01;1.059057e-01;1.049011e-01;5.792161e-02;3.973791e-02;3.230995e-02
8.447970e-02;6.363011e-02;1.731640e-01;5.559736e-02;7.980752e-02;5.036773e-02;1.375824e-01;8.349615e-02;1.290959e-01;7.063299e-02;4.429772e-02;2.784845e-02
6.996149e-02;5.286430e-02;2.199351e-01;6.528240e-02;8.349471e-02;5.823186e-02;1.582157e-01;5.630093e-02;8.699638e-02;6.311205e-02;6.965935e-02;1.594572e-02
6.622928e-02;9.682263e-02;1.529152e-01;6.771883e-02;9.167836e-02;6.731410e-02;1.491330e-01;6.127255e-02;6.090196e-02;6.781076e-02;8.323949e-02;3.496390e-02
9.368025e-02;1.258718e-01;8.944551e-02;7.543781e-02;1.075410e-01;4.353413e-02;1.221053e-01;5.636596e-02;7.095076e-02;6.117069e-02;8.605240e-02;6.784442e-02
6.155546e-02;6.153876e-02;2.792109e-01;6.232262e-02;8.045805e-02;4.046603e-02;9.530830e-02;4.906921e-02;9.590898e-02;4.227700e-02;6.729874e-02;6.458595e-02
5.731927e-02;5.244203e-02;2.671003e-01;4.308128e-02;5.171578e-02;3.961869e-02;1.725419e-01;3.569427e-02;9.839799e-02;3.250646e-02;7.082451e-02;7.875757e-02
6.511948e-02;8.562981e-02;1.696595e-01;6.918923e-02;4.350111e-02;4.692180e-02;2.206278e-01;3.097593e-02;6.454214e-02;3.429111e-02;5.031512e-02;1.192269e-01
6.948628e-02;1.106091e-01;1.002435e-01;9.211988e-02;2.909459e-02;4.211827e-02;2.583262e-01;3.606861e-02;2.310524e-02;6.384879e-02;2.703400e-02;1.479455e-01
1.145717e-01;1.122451e-01;7.677093e-02;1.082327e-01;2.867276e-02;2.576711e-02;2.296927e-01;3.053036e-02;3.864137e-02;7.031214e-02;2.822715e-02;1.363360e-01
1.276033e-01;1.225322e-01;9.180936e-02;1.312306e-01;2.484118e-02;2.524130e-02;1.966680e-01;2.057281e-02;3.341210e-02;6.310601e-02;3.239491e-02;1.305882e-01
1.190144e-01;1.141320e-01;1.134402e-01;1.631004e-01;2.278399e-02;2.675981e-02;1.767053e-01;1.680605e-02;2.779702e-02;5.448901e-02;3.125601e-02;1.337158e-01
1.102257e-01;1.016913e-01;1.104407e-01;2.013388e-01;3.276279e-02;2.136111e-02;1.690281e-01;1.519953e-02;3.171137e-02;4.547800e-02;2.963560e-02;1.311270e-01
1.071774e-01;8.968929e-02;1.125750e-01;2.316439e-01;2.561082e-02;1.544465e-02;1.664609e-01;1.194843e-02;3.677733e-02;4.235756e-02;3.408516e-02;1.262295e-01
9.991340e-02;7.587647e-02;1.515613e-01;2.190688e-01;2.419366e-02;1.995641e-02;1.600802e-01;1.389840e-02;3.711769e-02;4.003597e-02;4.225159e-02;1.160461e-01
7.677799e-02;6.312476e-02;1.869496e-01;1.649020e-01;3.685705e-02;3.495226e-02;1.760520e-01;2.271816e-02;3.330872e-02;4.150985e-02;5.714784e-02;1.056999e-01
3.589942e-02;2.291596e-02;1.889108e-01;8.915210e-02;5.826009e-02;5.243562e-02;2.496218e-01;3.035136e-02;3.507630e-02;4.271193e-02;9.655357e-02;9.811106e-02
5.019951e-02;3.178839e-02;1.774642e-01;2.504792e-02;6.358346e-02;7.016096e-02;2.944703e-01;2.536122e-02;3.469101e-02;3.975768e-02;1.273710e-01;6.010427e-02
4.821768e-02;1.890682e-02;1.888633e-01;2.878300e-02;6.094876e-02;8.348853e-02;2.894126e-01;1.287419e-02;2.810294e-02;4.737553e-02;1.351598e-01;5.786687e-02
5.265413e-02;3.495624e-02;1.863243e-01;2.020603e-02;5.896216e-02;9.433489e-02;2.762552e-01;1.810108e-02;2.701795e-02;6.055268e-02;1.289263e-01;4.170901e-02
4.890573e-02;6.219575e-02;1.792713e-01;3.334863e-02;6.473540e-02;9.169313e-02;2.175303e-01;2.113038e-02;3.627459e-02;7.757576e-02;1.356433e-01;3.169586e-02
4.767852e-02;6.199389e-02;1.533359e-01;6.402107e-02;7.941478e-02;8.761523e-02;1.502625e-01;3.282472e-02;3.020666e-02;9.986544e-02;1.493613e-01;4.341991e-02
4.278416e-02;6.987942e-02;1.530630e-01;9.388126e-02;8.331699e-02;7.449602e-02;1.249511e-01;5.046958e-02;3.458033e-02;1.065218e-01;1.311689e-01;3.488731e-02
8.287215e-02;1.102368e-01;1.503613e-01;8.191823e-02;8.321169e-02;6.388676e-02;1.122854e-01;5.316918e-02;4.642216e-02;9.359414e-02;8.475401e-02;3.728810e-02
1.107755e-01;1.657931e-01;1.470432e-01;4.158318e-02;8.583325e-02;3.892897e-02;8.343296e-02;7.016826e-02;5.866710e-02;9.246276e-02;6.214675e-02;4.316493e-02
6.969587e-02;2.103432e-01;1.473786e-01;1.668509e-02;8.180504e-02;3.177595e-02;4.873911e-02;1.137047e-01;8.339746e-02;1.067990e-01;5.329046e-02;3.638549e-02
7.563432e-02;2.170700e-01;1.297770e-01;1.733438e-02;7.750416e-02;3.378096e-02;3.634295e-02;1.061482e-01;1.070917e-01;1.150958e-01;4.701382e-02;3.720668e-02
9.636766e-02;2.187386e-01;1.127354e-01;1.947925e-02;8.243267e-02;3.334497e-02;4.589086e-02;6.817817e-02;1.063211e-01;1.290211e-01;4.742802e-02;4.006216e-02
9.922364e-02;2.293345e-01;1.033967e-01;1.745257e-02;8.380245e-02;3.848768e-02;3.631527e-02;5.952321e-02;1.118901e-01;1.383794e-01;4.534524e-02;3.684925e-02
9.960109e-02;2.124166e-01;1.206030e-01;2.449347e-02;7.475034e-02;4.330963e-02;2.826786e-02;7.632858e-02;1.137539e-01;1.312920e-01;4.467308e-02;3.051047e-02
9.964760e-02;1.753889e-01;1.528139e-01;4.013384e-02;6.314204e-02;5.203485e-02;3.912220e-02;9.359100e-02;9.751241e-02;1.132959e-01;4.714303e-02;2.617426e-02
7.481801e-02;1.197200e-01;1.826234e-01;6.075964e-02;6.608362e-02;7.674824e-02;5.906201e-02;1.157854e-01;9.317587e-02;8.599175e-02;4.506980e-02;2.016228e-02
5.198883e-02;4.516959e-02;1.493654e-01;5.996983e-02;9.740746e-02;1.119219e-01;1.364685e-01;1.222400e-01;7.918322e-02;7.007764e-02;5.278359e-02;2.342410e-02
5.358733e-02;4.537249e-02;9.931773e-02;6.609628e-02;1.248751e-01;1.324753e-01;1.939349e-01;9.371068e-02;5.058923e-02;6.122945e-02;5.681549e-02;2.199606e-02
6.938121e-02;6.523567e-02;1.242542e-01;6.626926e-02;1.369097e-01;1.090475e-01;1.834617e-01;5.676119e-02;5.319202e-02;5.370585e-02;5.302741e-02;2.875424e-02
4.528559e-02;6.420105e-02;1.773327e-01;7.184193e-02;1.390589e-01;8.185100e-02;1.227026e-01;5.522385e-02;7.785643e-02;7.725963e-02;6.051567e-02;2.687060e-02
4.604996e-02;6.677236e-02;1.349878e-01;4.614697e-02;1.156196e-01;1.012336e-01;1.490944e-01;5.442064e-02;8.919233e-02;8.260866e-02;8.579352e-02;2.808013e-02
5.519645e-02;6.839132e-02;8.932210e-02;1.868411e-02;8.855861e-02;1.349961e-01;2.017864e-01;5.631394e-02;7.637805e-02;8.200399e-02;9.836885e-02;3.000010e-02
4.752584e-02;5.378392e-02;1.027720e-01;1.731371e-02;8.702846e-02;1.368475e-01;2.398329e-01;4.537676e-02;5.282227e-02;7.787330e-02;1.088910e-01;2.993234e-02
5.442202e-02;4.719207e-02;1.067139e-01;2.414907e-02;7.745928e-02;1.094452e-01;2.595309e-01;2.272660e-02;6.967876e-02;7.749658e-02;1.144727e-01;3.671302e-02
5.498980e-02;3.886824e-02;1.361794e-01;2.967645e-02;5.522319e-02;1.049804e-01;2.573973e-01;2.401803e-02;6.064662e-02;8.045208e-02;1.126368e-01;4.493169e-02
9.028485e-02;5.319497e-02;1.186466e-01;4.343740e-02;8.317750e-02;7.592531e-02;2.412825e-01;4.397657e-02;4.403598e-02;6.689432e-02;8.162601e-02;5.751806e-02
8.847429e-02;4.731380e-02;1.141068e-01;5.564729e-02;1.080040e-01;6.013747e-02;2.461926e-01;5.157841e-02;5.200953e-02;5.471170e-02;6.107686e-02;6.074732e-02
4.372540e-02;3.144522e-02;1.178777e-01;7.195584e-02;1.233660e-01;7.599538e-02;2.582099e-01;5.767485e-02;4.600196e-02;4.862402e-02;6.349102e-02;6.163272e-02
3.700385e-02;2.313069e-02;1.413515e-01;8.070483e-02;1.100848e-01;6.961192e-02;2.681667e-01;6.871931e-02;4.470166e-02;4.324142e-02;5.439082e-02;5.889249e-02
2.284032e-02;1.620082e-02;1.770261e-01;7.508093e-02;1.005663e-01;6.524955e-02;2.681238e-01;7.396178e-02;4.322914e-02;4.216635e-02;5.542290e-02;6.013194e-02
4.117061e-02;3.077126e-02;2.082670e-01;6.062947e-02;9.395903e-02;6.909180e-02;2.352743e-01;7.647335e-02;3.127402e-02;4.316494e-02;5.517296e-02;5.475123e-02
5.352379e-02;3.612183e-02;2.194289e-01;4.661096e-02;8.924168e-02;8.445106e-02;1.981168e-01;6.434283e-02;4.604503e-02;5.006505e-02;6.552082e-02;4.653128e-02
7.156846e-02;4.466784e-02;1.797270e-01;2.683608e-02;6.701212e-02;7.321472e-02;2.274525e-01;4.356573e-02;6.692721e-02;6.210393e-02;8.383609e-02;5.308826e-02
9.393504e-02;4.538071e-02;1.095975e-01;4.116420e-02;5.222448e-02;4.853989e-02;2.944612e-01;2.745109e-02;7.692897e-02;5.638058e-02;8.963744e-02;6.429889e-02
1.018560e-01;5.037958e-02;5.005329e-02;5.011365e-02;3.517074e-02;3.755967e-02;2.699780e-01;5.320928e-02;1.125702e-01;6.729636e-02;9.690168e-02;7.491142e-02
8.452655e-02;6.336843e-02;1.000968e-01;3.998415e-02;4.253284e-02;4.496562e-02;1.652087e-01;6.763446e-02;1.255529e-01;9.867586e-02;9.100407e-02;7.644963e-02
5.891522e-02;6.109373e-02;8.881401e-02;4.969160e-02;5.047800e-02;3.787398e-02;1.678304e-01;7.008766e-02;9.813100e-02;1.245962e-01;1.085939e-01;8.389439e-02
4.520688e-02;5.050093e-02;7.635286e-02;5.213330e-02;5.623747e-02;3.128229e-02;1.882776e-01;6.835975e-02;1.001186e-01;1.115871e-01;1.348049e-01;8.513825e-02
3.332633e-02;2.938628e-02;9.596653e-02;4.105645e-02;6.730463e-02;5.243572e-02;1.696146e-01;5.975890e-02;1.448308e-01;1.229787e-01;1.260335e-01;5.730754e-02
4.897460e-02;2.510584e-02;1.053157e-01;2.924050e-02;6.935611e-02;7.528120e-02;1.501297e-01;4.147764e-02;1.510988e-01;1.849697e-01;7.927706e-02;3.977315e-02
5.469142e-02;4.412187e-02;8.477484e-02;3.248148e-02;6.755776e-02;8.056568e-02;1.388891e-01;5.247267e-02;1.038273e-01;1.868062e-01;1.004085e-01;5.340314e-02
4.444051e-02;4.643754e-02;9.077955e-02;3.925133e-02;7.288057e-02;8.297534e-02;1.423568e-01;7.900038e-02;9.682656e-02;1.613321e-01;9.114962e-02;5.256972e-02
3.391496e-02;3.915834e-02;1.385807e-01;3.638298e-02;6.530198e-02;6.559909e-02;1.760310e-01;8.283810e-02;9.907172e-02;1.275947e-01;9.605954e-02;3.946694e-02
2.980215e-02;4.086540e-02;2.094698e-01;2.797222e-02;6.578746e-02;5.939894e-02;1.883929e-01;6.931898e-02;7.691583e-02;1.139091e-01;8.507720e-02;3.309003e-02
4.230785e-02;4.898020e-02;1.873846e-01;2.048622e-02;6.465358e-02;4.979298e-02;1.887284e-01;6.591685e-02;9.331224e-02;9.590752e-02;9.566498e-02;4.686458e-02
4.883043e-02;5.665613e-02;1.114740e-01;3.269145e-02;5.099629e-02;3.598090e-02;1.872037e-01;6.895412e-02;1.374884e-01;9.927450e-02;1.300997e-01;4.035035e-02
5.816830e-02;5.382906e-02;1.441959e-01;4.502553e-02;5.239755e-02;4.371350e-02;1.879127e-01;5.398838e-02;1.534054e-01;7.153548e-02;9.883426e-02;3.699398e-02
4.316925e-02;4.483939e-02;1.626147e-01;4.722362e-02;6.647847e-02;5.817086e-02;2.166125e-01;5.280130e-02;1.400195e-01;5.707492e-02;6.233023e-02;4.866528e-02
5.370410e-02;3.542275e-02;1.712084e-01;5.377063e-02;8.704304e-02;6.242114e-02;2.110656e-01;3.438985e-02;1.057061e-01;4.395230e-02;8.523295e-02;5.608316e-02
7.356148e-02;3.394965e-02;1.228772e-01;2.795103e-02;8.660998e-02;7.107811e-02;1.907410e-01;5.184172e-02;1.045952e-01;7.853906e-02;1.174947e-01;4.076083e-02
6.681198e-02;4.416253e-02;1.129909e-01;3.568858e-02;5.258929e-02;6.021349e-02;1.828196e-01;7.414187e-02;1.372810e-01;7.225587e-02;1.071501e-01;5.389484e-02
3.545908e-02;6.079648e-02;1.252331e-01;6.845861e-02;4.984515e-02;8.224710e-02;1.778292e-01;5.610920e-02;1.383224e-01;5.984861e-02;8.635491e-02;5.949605e-02
3.171223e-02;7.612191e-02;1.502972e-01;7.673784e-02;7.673299e-02;8.540900e-02;1.136860e-01;4.635584e-02;1.506912e-01;4.218498e-02;8.701055e-02;6.306016e-02
3.697671e-02;7.377548e-02;1.825188e-01;6.262097e-02;7.259443e-02;6.507751e-02;1.191146e-01;4.832866e-02;1.262783e-01;6.586935e-02;1.103391e-01;3.650606e-02
5.839395e-02;9.551452e-02;1.618979e-01;7.399468e-02;5.934845e-02;6.728150e-02;1.618251e-01;3.595850e-02;9.833381e-02;5.019355e-02;1.053994e-01;3.185877e-02
7.832035e-02;1.315272e-01;1.094705e-01;8.044158e-02;5.613318e-02;6.279802e-02;1.405541e-01;2.485570e-02;1.082729e-01;5.899456e-02;8.432095e-02;6.431095e-02
1.120332e-01;8.937790e-02;1.183413e-01;3.797889e-02;8.991567e-02;5.065548e-02;1.223433e-01;4.928662e-02;1.099181e-01;8.408262e-02;6.639460e-02;6.967226e-02
6.379768e-02;6.086345e-02;1.240897e-01;7.737023e-02;8.179541e-02;5.049117e-02;1.789356e-01;6.694735e-02;9.310542e-02;7.663319e-02;7.512913e-02;5.084159e-02
5.897921e-02;7.572362e-02;1.101933e-01;9.413090e-02;6.935912e-02;5.997026e-02;1.886822e-01;6.477815e-02;8.575559e-02;5.383252e-02;7.041480e-02;6.818032e-02
6.101494e-02;7.243911e-02;1.149241e-01;8.727580e-02;8.709453e-02;6.580783e-02;1.379975e-01;5.828547e-02;8.777632e-02;6.098973e-02;9.081849e-02;7.557622e-02
6.038731e-02;8.023243e-02;9.672574e-02;1.156533e-01;8.971867e-02;7.639000e-02;9.201142e-02;5.605562e-02;7.895601e-02;8.000835e-02;1.051451e-01;6.871614e-02
8.125553e-02;7.085681e-02;1.560104e-01;6.890801e-02;8.060984e-02;7.754101e-02;1.051435e-01;7.181879e-02;6.308131e-02;8.053797e-02;9.097178e-02;5.326509e-02
7.304826e-02;7.905640e-02;1.924563e-01;3.370323e-02;7.208629e-02;7.469634e-02;1.172582e-01;5.608256e-02;8.668218e-02;6.361481e-02;8.755105e-02;6.376435e-02
9.103353e-02;9.269309e-02;1.341740e-01;4.097828e-02;9.526320e-02;5.369244e-02;1.221145e-01;5.441537e-02;8.242490e-02;5.993926e-02;8.366165e-02;8.960979e-02
8.657464e-02;7.250512e-02;1.108512e-01;6.810290e-02;8.138970e-02;8.723191e-02;1.811128e-01;5.676492e-02;4.967349e-02;6.139014e-02;8.005095e-02;6.435227e-02
9.849095e-02;1.033726e-01;1.277111e-01;9.658322e-02;3.495430e-02;6.247215e-02;1.647687e-01;4.865193e-02;4.706370e-02;1.105991e-01;4.844401e-02;5.688815e-02
7.132224e-02;8.252907e-02;1.904721e-01;8.882099e-02;5.587911e-02;5.197370e-02;1.356234e-01;4.989083e-02;5.409003e-02;9.292036e-02;6.631520e-02;6.016291e-02
1.155592e-01;8.706503e-02;2.140962e-01;6.313099e-02;6.952950e-02;4.207601e-02;1.000850e-01;5.783703e-02;6.886628e-02;8.573160e-02;5.847965e-02;3.754361e-02
1.379384e-01;8.378449e-02;2.084952e-01;6.564820e-02;8.602080e-02;4.043254e-02;6.747384e-02;4.749458e-02;7.163612e-02;1.075052e-01;4.541526e-02;3.815534e-02
1.040498e-01;6.471641e-02;1.618028e-01;5.294419e-02;9.487181e-02;5.643785e-02;1.680835e-01;2.739788e-02;5.750642e-02;1.217073e-01;5.133073e-02;3.915139e-02
7.598420e-02;5.626106e-02;1.727041e-01;3.446043e-02;1.050135e-01;6.448719e-02;2.072343e-01;2.482370e-02;4.252438e-02;1.190411e-01;6.213668e-02;3.532935e-02
1.157760e-01;7.241423e-02;1.892148e-01;4.180788e-02;1.167199e-01;5.310926e-02;1.100527e-01;4.415385e-02;5.192602e-02;1.236950e-01;6.230013e-02;1.883019e-02
1.339150e-01;5.673129e-02;1.682712e-01;4.459520e-02;7.388818e-02;5.649315e-02;1.337564e-01;5.407942e-02;7.433971e-02;1.265807e-01;5.140707e-02;2.594270e-02
1.353511e-01;4.412010e-02;1.930909e-01;5.131325e-02;4.840733e-02;6.678344e-02;1.090225e-01;6.445193e-02;8.009992e-02;1.294617e-01;4.429885e-02;3.359905e-02
1.118872e-01;4.139246e-02;2.201397e-01;5.723652e-02;5.131031e-02;4.530303e-02;9.583453e-02;7.826356e-02;8.103460e-02;1.366969e-01;4.712503e-02;3.377610e-02
7.606286e-02;5.343159e-02;2.103682e-01;5.370237e-02;7.294755e-02;6.654052e-02;1.047456e-01;6.813321e-02;7.889239e-02;1.379586e-01;5.602593e-02;2.119113e-02
3.089771e-02;5.340372e-02;2.343404e-01;4.776429e-02;7.751511e-02;7.313530e-02;1.218273e-01;5.581194e-02;7.965025e-02;1.454229e-01;5.197835e-02;2.825276e-02
8.052216e-02;6.197628e-02;2.469794e-01;4.875533e-02;8.023603e-02;4.526142e-02;1.081937e-01;4.426579e-02;6.186837e-02;1.311987e-01;5.683315e-02;3.390976e-02
1.350493e-01;7.514228e-02;2.089073e-01;4.820153e-02;1.172109e-01;5.528294e-02;7.968706e-02;3.572683e-02;4.203631e-02;1.055264e-01;6.084992e-02;3.637927e-02
1.445509e-01;4.917889e-02;2.075636e-01;4.338451e-02;1.022695e-01;8.413825e-02;1.288792e-01;3.957677e-02;3.807715e-02;8.748890e-02;4.319460e-02;3.169768e-02
1.576423e-01;3.589879e-02;2.231251e-01;5.488714e-02;8.977433e-02;9.066673e-02;8.026271e-02;4.238522e-02;6.041689e-02;9.383794e-02;3.507232e-02;3.603057e-02
1.181462e-01;4.726754e-02;1.718441e-01;5.584624e-02;9.119716e-02;7.694986e-02;1.773616e-01;4.013228e-02;6.371678e-02;9.327382e-02;3.155484e-02;3.270957e-02
9.315259e-02;4.263633e-02;1.902067e-01;5.286415e-02;9.218824e-02;5.778617e-02;1.858994e-01;5.606474e-02;6.812406e-02;9.784479e-02;3.227434e-02;3.095852e-02
1.078360e-01;4.432736e-02;1.980625e-01;5.657611e-02;9.520721e-02;3.684516e-02;1.256439e-01;6.562039e-02;8.753695e-02;1.155203e-01;3.368017e-02;3.314396e-02
1.338155e-01;4.708599e-02;1.538969e-01;7.476182e-02;1.066342e-01;2.856414e-02;1.054271e-01;4.960058e-02;8.910324e-02;1.282311e-01;5.181620e-02;3.106334e-02
1.726484e-01;5.556981e-02;1.278351e-01;9.934488e-02;9.595855e-02;2.606791e-02;4.950376e-02;4.209202e-02;9.202150e-02;1.501958e-01;6.170573e-02;2.705649e-02
2.065842e-01;8.898872e-02;1.057765e-01;1.068824e-01;7.276551e-02;2.376676e-02;6.111240e-02;4.351540e-02;8.091085e-02;1.322290e-01;4.496491e-02;3.250326e-02
2.197309e-01;1.337124e-01;1.288866e-01;8.884984e-02;6.099189e-02;2.891677e-02;5.351983e-02;3.681067e-02;6.164616e-02;1.186870e-01;4.424033e-02;2.400780e-02
1.931164e-01;1.808117e-01;1.567699e-01;6.384770e-02;6.080100e-02;3.882281e-02;3.942953e-02;4.305007e-02;5.286579e-02;1.141462e-01;4.062887e-02;1.571019e-02
1.502389e-01;2.092434e-01;2.058235e-01;4.894442e-02;6.465625e-02;3.999144e-02;2.699827e-02;4.119556e-02;5.984361e-02;9.245188e-02;3.858880e-02;2.202404e-02
1.760640e-01;1.966051e-01;1.778800e-01;5.165663e-02;6.062469e-02;3.303057e-02;4.197436e-02;2.766548e-02;7.861186e-02;9.743010e-02;3.774959e-02;2.070766e-02
2.189994e-01;1.346416e-01;1.593155e-01;5.297090e-02;5.440086e-02;2.548394e-02;7.093790e-02;2.951638e-02;8.326266e-02;1.030099e-01;4.090432e-02;2.655651e-02
1.822959e-01;8.880040e-02;1.571437e-01;4.976891e-02;7.200401e-02;3.042974e-02;7.784320e-02;4.182667e-02;7.736570e-02;1.025610e-01;6.654819e-02;5.341259e-02
1.552194e-01;8.173192e-02;1.053117e-01;3.775007e-02;8.238679e-02;4.970527e-02;9.786654e-02;5.495069e-02;6.905301e-02;1.087526e-01;9.228954e-02;6.498246e-02
1.968286e-01;1.512337e-01;9.749060e-02;5.035008e-02;7.281476e-02;4.981812e-02;6.277868e-02;4.196635e-02;4.943305e-02;8.959508e-02;7.363591e-02;6.405506e-02
1.355791e-01;1.179633e-01;1.333699e-01;7.263390e-02;8.395408e-02;6.181058e-02;9.134118e-02;5.343063e-02;6.192757e-02;6.531905e-02;4.729906e-02;7.537173e-02
1.199412e-01;9.948320e-02;1.153018e-01;8.573192e-02;9.912517e-02;7.291918e-02;1.002136e-01;4.960413e-02;6.600679e-02;7.425218e-02;4.535782e-02;7.206298e-02
1.522512e-01;1.009686e-01;8.704525e-02;7.034534e-02;8.090671e-02;7.084891e-02;7.460030e-02;2.808162e-02;8.503900e-02;8.840276e-02;6.823627e-02;9.327409e-02
1.277628e-01;8.243668e-02;1.043338e-01;4.610663e-02;4.673911e-02;6.762882e-02;9.508874e-02;3.729654e-02;8.280969e-02;7.715157e-02;1.007961e-01;1.318495e-01
1.176669e-01;7.151885e-02;1.600455e-01;4.369931e-02;6.380953e-02;6.592646e-02;1.082685e-01;3.087670e-02;6.268043e-02;5.249540e-02;9.537679e-02;1.276356e-01
1.332647e-01;7.307988e-02;1.503744e-01;4.855559e-02;9.673250e-02;5.633465e-02;8.016146e-02;3.558744e-02;7.971519e-02;5.809622e-02;5.945753e-02;1.286405e-01
1.627782e-01;8.691195e-02;9.556409e-02;3.714834e-02;9.161093e-02;4.248951e-02;6.836020e-02;4.396329e-02;1.016542e-01;7.209028e-02;5.986933e-02;1.375597e-01
1.651287e-01;8.887860e-02;1.128791e-01;6.421547e-02;7.155456e-02;4.124174e-02;6.525791e-02;4.625160e-02;8.853077e-02;5.757369e-02;7.546609e-02;1.230217e-01
1.217281e-01;8.413713e-02;1.231844e-01;9.150111e-02;5.783511e-02;4.337944e-02;5.875339e-02;5.398482e-02;8.423655e-02;7.467926e-02;1.129745e-01;9.360617e-02
4.305979e-02;5.839716e-02;1.355858e-01;8.169180e-02;6.305058e-02;3.847370e-02;8.111508e-02;6.913598e-02;1.001726e-01;1.002285e-01;9.505178e-02;1.340371e-01
6.417213e-02;4.863448e-02;1.450409e-01;7.235201e-02;5.738770e-02;3.968809e-02;1.119279e-01;5.576169e-02;9.176248e-02;1.076594e-01;5.960787e-02;1.460054e-01
1.153398e-01;4.884317e-02;1.105224e-01;6.617140e-02;4.021205e-02;3.312452e-02;1.177074e-01;4.304298e-02;7.913791e-02;1.546192e-01;8.026169e-02;1.110175e-01
1.154660e-01;4.046675e-02;1.201634e-01;5.076387e-02;3.584916e-02;2.871330e-02;1.179504e-01;4.788893e-02;8.037104e-02;1.580241e-01;6.271978e-02;1.416233e-01
