6.529035e-02;4.081694e-02;1.407348e-01;3.951395e-02;6.736249e-02;1.038108e-01;8.163473e-02;4.977647e-02;6.789690e-02;9.747600e-02;1.333210e-01;1.123655e-01
1.044377e-01;3.951059e-02;9.577420e-02;4.867820e-02;8.342773e-02;8.238873e-02;1.340622e-01;3.602995e-02;7.584131e-02;1.212216e-01;1.093393e-01;6.928844e-02
1.814909e-01;6.211619e-02;1.381748e-01;3.858671e-02;5.735845e-02;3.995658e-02;1.587749e-01;4.237520e-02;6.875017e-02;7.248998e-02;8.455803e-02;5.536803e-02
2.154498e-01;6.452104e-02;1.551768e-01;3.964485e-02;4.455092e-02;2.830726e-02;1.622115e-01;4.677195e-02;5.372912e-02;8.005919e-02;5.696791e-02;5.260963e-02
2.570757e-01;4.022250e-02;9.671268e-02;4.420540e-02;3.997269e-02;2.912787e-02;1.952855e-01;4.933388e-02;4.165010e-02;1.061778e-01;3.463976e-02;6.559613e-02
2.609499e-01;6.122402e-02;7.124712e-02;4.855184e-02;3.470000e-02;2.806889e-02;2.017165e-01;4.721743e-02;3.646516e-02;1.000899e-01;4.141978e-02;6.834938e-02
2.652816e-01;5.114160e-02;6.253395e-02;5.104894e-02;3.851969e-02;3.120042e-02;2.312431e-01;5.719760e-02;3.295352e-02;8.960560e-02;1.783760e-02;7.143634e-02
2.836440e-01;4.915385e-02;1.004973e-01;4.856697e-02;4.351419e-02;2.591226e-02;2.167073e-01;6.065182e-02;2.384441e-02;6.895438e-02;1.859980e-02;5.995372e-02
2.778474e-01;4.896660e-02;1.118041e-01;4.478351e-02;3.712168e-02;3.146565e-02;2.226934e-01;6.157738e-02;2.141920e-02;5.687436e-02;1.420249e-02;7.124428e-02
2.556455e-01;5.093256e-02;1.056571e-01;5.237838e-02;2.911283e-02;3.737618e-02;2.258934e-01;6.829060e-02;2.143585e-02;5.413827e-02;1.684443e-02;8.229493e-02
2.069214e-01;5.287035e-02;9.264409e-02;5.939208e-02;2.759955e-02;4.085911e-02;2.541073e-01;7.035106e-02;3.368734e-02;4.861727e-02;2.212124e-02;9.082919e-02
1.680025e-01;4.587102e-02;9.291112e-02;6.148055e-02;1.633200e-02;4.652322e-02;2.894882e-01;7.085875e-02;4.485174e-02;2.990329e-02;2.992063e-02;1.038569e-01
1.423009e-01;3.433035e-02;1.276859e-01;5.671279e-02;3.768072e-02;5.921440e-02;2.648468e-01;5.487077e-02;4.641635e-02;2.821799e-02;5.298900e-02;9.473411e-02
1.192151e-01;4.496321e-02;1.332074e-01;5.531722e-02;6.023181e-02;6.676359e-02;2.100596e-01;4.353395e-02;5.616402e-02;5.217393e-02;7.435896e-02;8.401117e-02
7.605173e-02;9.170220e-02;7.655562e-02;6.394637e-02;5.909488e-02;5.157040e-02;1.562030e-01;7.799155e-02;7.512653e-02;1.160331e-01;9.323233e-02;6.249227e-02
1.013510e-01;1.071148e-01;5.543638e-02;5.230308e-02;4.163951e-02;5.576394e-02;1.509677e-01;1.407706e-01;6.275415e-02;1.104062e-01;8.003829e-02;4.145435e-02
9.350320e-02;8.716272e-02;6.198912e-02;5.666033e-02;7.095014e-02;7.950758e-02;1.158382e-01;1.710541e-01;8.999880e-02;7.714018e-02;5.375187e-02;4.244376e-02
6.728120e-02;4.040725e-02;7.814007e-02;5.235073e-02;1.018731e-01;7.653864e-02;1.684788e-01;1.338573e-01;8.825406e-02;6.210271e-02;3.412788e-02;9.658832e-02
6.179136e-02;5.382086e-02;4.979374e-02;4.695328e-02;9.351511e-02;5.911557e-02;1.926765e-01;7.874701e-02;7.630106e-02;7.293610e-02;5.784935e-02;1.565001e-01
7.917871e-02;9.897029e-02;3.442042e-02;5.000589e-02;8.316414e-02;5.525126e-02;1.306767e-01;8.011591e-02;8.813650e-02;8.422071e-02;8.907052e-02;1.267889e-01
1.246094e-01;8.345183e-02;7.847465e-02;4.887302e-02;4.924320e-02;6.449238e-02;1.088003e-01;9.934926e-02;7.004666e-02;8.694804e-02;8.950583e-02;9.620529e-02
9.525681e-02;4.764159e-02;1.175945e-01;2.721360e-02;5.759603e-02;5.051496e-02;1.454123e-01;7.716104e-02;8.159183e-02;9.155329e-02;9.886137e-02;1.096027e-01
6.383003e-02;3.723091e-02;1.457589e-01;5.476932e-02;6.634187e-02;4.980351e-02;1.524079e-01;1.186023e-01;6.773091e-02;8.126292e-02;9.931278e-02;6.294868e-02
7.082491e-02;3.321359e-02;1.680186e-01;6.984370e-02;5.441628e-02;5.201232e-02;1.452182e-01;1.311902e-01;4.736262e-02;5.245129e-02;8.759152e-02;8.785681e-02
9.279981e-02;3.102170e-02;2.075425e-01;6.153959e-02;5.541845e-02;4.426929e-02;1.484914e-01;8.788077e-02;3.551045e-02;5.084755e-02;1.100279e-01;7.465058e-02
1.461556e-01;7.984805e-02;1.683422e-01;3.623256e-02;5.736648e-02;5.730913e-02;1.465801e-01;5.840861e-02;3.636799e-02;4.794511e-02;1.075798e-01;5.786435e-02
2.207997e-01;1.252785e-01;1.015661e-01;1.864782e-02;6.208752e-02;5.283642e-02;1.276882e-01;6.644034e-02;3.731135e-02;3.715222e-02;9.546903e-02;5.472271e-02
2.664286e-01;1.244960e-01;6.703051e-02;4.108762e-02;7.076423e-02;3.570134e-02;1.055661e-01;8.605002e-02;3.810158e-02;3.997441e-02;6.380583e-02;6.099387e-02
2.442867e-01;8.358384e-02;5.944064e-02;6.515754e-02;7.742514e-02;3.795465e-02;1.541702e-01;8.316684e-02;4.528869e-02;5.681598e-02;3.415158e-02;5.855822e-02
1.542814e-01;5.498590e-02;8.893806e-02;8.630162e-02;7.245583e-02;5.487124e-02;2.096332e-01;7.120986e-02;5.025912e-02;6.701139e-02;3.122489e-02;5.882755e-02
6.688073e-02;5.951620e-02;9.953296e-02;1.054932e-01;5.591966e-02;5.733139e-02;2.854867e-01;5.149815e-02;3.411192e-02;6.921577e-02;3.788907e-02;7.712430e-02
6.089145e-02;6.362189e-02;7.723470e-02;1.100235e-01;3.613468e-02;5.648944e-02;3.529002e-01;5.633008e-02;2.010609e-02;4.154664e-02;4.413463e-02;8.058668e-02
1.090188e-01;6.163697e-02;4.741855e-02;1.241815e-01;4.693305e-02;3.997873e-02;3.151590e-01;5.437626e-02;2.826058e-02;4.701642e-02;4.065000e-02;8.537014e-02
1.629585e-01;5.971954e-02;6.244740e-02;1.082895e-01;5.996161e-02;5.324021e-02;2.332563e-01;5.639429e-02;3.127401e-02;6.057049e-02;3.402602e-02;7.786216e-02
2.132264e-01;5.643845e-02;6.588330e-02;8.272042e-02;6.455614e-02;6.508081e-02;1.846519e-01;8.856080e-02;3.343860e-02;5.751659e-02;2.778560e-02;6.014099e-02
2.404421e-01;8.847295e-02;6.431858e-02;6.058433e-02;8.657307e-02;4.824658e-02;1.367879e-01;1.266060e-01;2.735932e-02;4.514369e-02;3.306526e-02;4.240028e-02
2.343759e-01;9.085404e-02;6.509390e-02;6.309522e-02;1.117724e-01;3.570722e-02;1.034456e-01;1.431471e-01;3.436124e-02;4.588599e-02;3.467115e-02;3.759031e-02
1.964117e-01;6.581483e-02;5.884599e-02;9.654174e-02;1.350373e-01;4.148149e-02;1.302817e-01;1.285013e-01;3.962030e-02;5.212222e-02;2.315705e-02;3.218440e-02
1.630754e-01;3.052731e-02;6.712378e-02;1.432609e-01;1.537560e-01;4.460444e-02;1.403795e-01;1.055120e-01;5.362687e-02;4.077873e-02;2.231309e-02;3.504186e-02
1.522493e-01;1.000650e-02;4.412469e-02;1.813137e-01;1.620981e-01;4.058482e-02;1.469388e-01;9.875835e-02;6.112442e-02;4.116150e-02;2.783301e-02;3.380685e-02
1.562163e-01;2.170348e-02;6.002045e-02;1.746428e-01;1.322769e-01;2.854498e-02;1.584014e-01;9.639273e-02;5.468741e-02;4.531422e-02;2.618668e-02;4.561264e-02
1.802774e-01;2.480486e-02;4.509487e-02;1.484712e-01;1.121438e-01;2.840956e-02;1.799172e-01;1.018028e-01;4.333112e-02;4.761542e-02;2.218617e-02;6.594566e-02
1.891859e-01;3.116172e-02;4.949017e-02;1.053486e-01;8.321759e-02;3.304930e-02;2.203833e-01;9.813557e-02;4.515944e-02;4.427154e-02;2.547815e-02;7.511871e-02
1.890060e-01;2.898398e-02;7.584225e-02;6.891538e-02;6.100295e-02;3.453136e-02;2.517949e-01;8.840637e-02;4.460751e-02;4.980118e-02;3.742514e-02;6.968298e-02
1.624781e-01;3.534530e-02;9.443328e-02;4.182147e-02;5.450211e-02;4.660350e-02;2.559524e-01;8.584702e-02;4.775360e-02;5.043779e-02;6.197926e-02;6.284607e-02
1.182982e-01;4.051849e-02;1.152776e-01;7.321149e-02;7.434857e-02;5.866318e-02;2.089787e-01;7.847863e-02;4.748794e-02;4.228489e-02;7.257287e-02;6.987941e-02
9.673303e-02;2.844178e-02;1.061157e-01;1.618459e-01;9.283049e-02;5.416897e-02;1.793861e-01;7.429520e-02;3.282966e-02;4.115196e-02;5.902110e-02;7.318002e-02
6.719565e-02;6.432922e-02;6.651190e-02;1.404549e-01;7.703789e-02;4.111713e-02;1.738041e-01;6.841207e-02;1.066850e-01;6.904981e-02;4.582888e-02;7.957335e-02
1.179127e-01;5.545958e-02;9.607793e-02;6.911049e-02;6.663570e-02;5.443353e-02;1.192915e-01;8.695118e-02;9.464719e-02;8.836275e-02;6.419001e-02;8.692745e-02
1.310078e-01;5.415948e-02;1.240437e-01;5.963552e-02;7.056161e-02;5.594990e-02;1.005173e-01;9.945365e-02;8.518762e-02;8.202641e-02;5.603753e-02;8.141940e-02
1.401369e-01;5.441373e-02;1.807300e-01;6.636114e-02;8.166714e-02;5.136188e-02;1.206109e-01;8.012521e-02;6.214086e-02;4.047176e-02;4.614242e-02;7.583813e-02
1.563524e-01;7.440874e-02;1.799938e-01;5.856465e-02;7.369213e-02;5.520744e-02;1.314056e-01;6.494980e-02;5.494330e-02;3.783656e-02;5.516581e-02;5.747982e-02
1.918423e-01;7.285832e-02;1.392266e-01;4.251750e-02;5.425016e-02;6.638132e-02;1.670660e-01;6.721824e-02;4.999163e-02;4.314642e-02;5.234826e-02;5.315325e-02
2.345907e-01;9.445098e-02;1.114183e-01;2.772440e-02;4.731149e-02;5.992752e-02;1.558064e-01;1.007133e-01;4.797882e-02;4.963969e-02;4.384304e-02;2.659533e-02
2.696934e-01;1.147178e-01;8.670498e-02;2.628138e-02;5.271787e-02;2.914310e-02;1.293690e-01;1.292337e-01;3.601341e-02;4.914139e-02;3.907751e-02;3.790650e-02
2.963736e-01;1.178973e-01;6.467701e-02;3.259414e-02;5.787942e-02;1.788448e-02;1.118315e-01;1.358275e-01;3.034166e-02;5.300852e-02;3.922071e-02;4.246408e-02
3.025741e-01;1.120978e-01;5.403937e-02;4.850814e-02;6.252267e-02;1.403616e-02;1.210665e-01;1.252736e-01;4.378676e-02;4.642544e-02;3.436427e-02;3.530517e-02
2.785766e-01;7.600845e-02;5.609008e-02;6.007903e-02;5.987840e-02;2.082512e-02;1.699405e-01;1.096724e-01;5.224096e-02;4.884404e-02;2.872193e-02;3.912252e-02
2.274668e-01;3.900506e-02;4.781835e-02;6.575632e-02;5.663497e-02;2.397567e-02;2.164399e-01;1.054978e-01;6.240756e-02;7.193653e-02;2.395373e-02;5.910731e-02
1.725965e-01;2.078857e-02;4.670925e-02;6.232084e-02;4.785749e-02;2.912757e-02;2.672243e-01;9.226889e-02;5.645282e-02;9.553483e-02;3.627603e-02;7.284284e-02
1.289021e-01;2.523008e-02;4.027741e-02;5.422423e-02;3.596998e-02;3.473359e-02;3.131960e-01;7.950143e-02;4.803200e-02;1.001855e-01;4.642135e-02;9.332636e-02
8.711176e-02;3.422037e-02;4.187066e-02;4.386536e-02;2.560009e-02;4.610481e-02;3.715237e-01;7.377047e-02;3.727780e-02;8.108833e-02;5.049146e-02;1.070751e-01
7.142404e-02;4.024801e-02;4.633311e-02;3.522963e-02;2.868614e-02;5.616927e-02;3.891145e-01;6.738669e-02;3.952928e-02;4.896080e-02;6.232717e-02;1.145913e-01
7.229511e-02;2.852064e-02;6.728218e-02;3.756980e-02;3.583411e-02;5.881352e-02;3.700086e-01;6.833774e-02;3.759450e-02;3.594963e-02;6.825964e-02;1.195346e-01
3.576770e-02;3.244333e-02;8.515663e-02;5.511644e-02;3.235852e-02;6.416075e-02;3.480235e-01;6.921167e-02;3.047428e-02;6.285593e-02;6.806356e-02;1.163677e-01
8.395271e-02;5.297667e-02;8.885153e-02;6.218407e-02;3.129664e-02;4.255516e-02;2.809599e-01;6.069225e-02;5.044843e-02;6.869461e-02;7.662493e-02;1.007631e-01
1.420188e-01;4.734794e-02;6.990679e-02;5.436627e-02;3.558400e-02;2.792741e-02;2.524350e-01;5.798374e-02;6.583086e-02;6.125352e-02;9.735053e-02;8.799516e-02
1.800688e-01;3.542750e-02;8.020151e-02;3.839415e-02;3.596433e-02;2.836955e-02;2.932651e-01;5.356210e-02;8.374406e-02;6.117083e-02;5.569440e-02;5.413765e-02
2.280637e-01;5.781465e-02;7.546585e-02;2.868243e-02;3.514763e-02;1.811684e-02;2.867618e-01;7.330777e-02;5.728645e-02;4.821787e-02;2.771669e-02;6.341828e-02
2.409340e-01;5.279076e-02;5.670293e-02;4.221277e-02;3.916750e-02;2.261638e-02;2.756414e-01;7.272569e-02;4.825220e-02;5.551342e-02;2.984453e-02;6.359837e-02
2.249715e-01;4.363947e-02;5.415721e-02;5.845391e-02;3.941901e-02;3.878541e-02;2.489683e-01;6.266738e-02;4.834102e-02;6.785205e-02;4.230597e-02;7.043879e-02
2.293963e-01;4.941269e-02;2.852753e-02;7.789806e-02;3.468999e-02;3.898079e-02;2.204770e-01;6.752468e-02;3.281515e-02;7.698903e-02;5.930218e-02;8.398651e-02
2.147335e-01;5.587091e-02;3.791404e-02;9.939624e-02;3.719554e-02;3.162143e-02;2.079301e-01;7.219572e-02;2.304720e-02;7.517770e-02;6.420515e-02;8.071248e-02
1.619290e-01;5.563040e-02;6.314804e-02;1.206330e-01;4.433030e-02;2.017630e-02;2.123713e-01;6.228434e-02;2.210614e-02;6.506357e-02;6.434146e-02;1.079861e-01
1.060593e-01;4.345451e-02;6.885127e-02;1.506443e-01;5.523062e-02;2.081512e-02;2.331981e-01;4.612285e-02;2.445372e-02;5.673286e-02;5.978616e-02;1.346512e-01
6.632210e-02;3.686158e-02;9.441302e-02;1.608572e-01;5.214185e-02;2.612972e-02;2.592895e-01;2.822427e-02;3.289806e-02;4.846412e-02;5.455350e-02;1.398450e-01
4.474686e-02;3.707188e-02;1.157402e-01;1.520006e-01;4.135756e-02;2.763306e-02;2.867177e-01;3.546434e-02;3.793456e-02;4.113234e-02;4.773508e-02;1.324658e-01
2.584993e-02;4.043675e-02;1.481759e-01;1.274857e-01;3.225503e-02;4.860143e-02;3.049172e-01;3.887600e-02;4.292037e-02;3.046902e-02;4.118382e-02;1.188288e-01
6.039843e-02;3.939877e-02;1.699894e-01;9.769699e-02;3.173486e-02;5.813363e-02;3.017629e-01;3.723582e-02;3.502595e-02;2.716289e-02;3.817717e-02;1.032831e-01
9.572101e-02;4.202767e-02;1.799157e-01;7.201550e-02;3.406025e-02;6.688643e-02;2.675472e-01;3.121879e-02;3.543583e-02;3.545770e-02;3.681176e-02;1.029021e-01
1.088443e-01;7.458314e-02;1.810676e-01;4.880792e-02;6.100335e-02;8.086325e-02;1.804880e-01;3.473846e-02;4.977015e-02;4.780426e-02;4.894029e-02;8.308933e-02
9.493660e-02;1.101667e-01;1.015703e-01;5.505135e-02;9.311307e-02;7.061290e-02;1.494923e-01;6.336600e-02;6.377994e-02;5.662976e-02;7.279307e-02;6.848800e-02
1.089297e-01;9.132876e-02;9.516506e-02;5.380328e-02;8.358411e-02;6.864406e-02;1.602956e-01;6.872885e-02;5.783127e-02;5.219289e-02;7.836340e-02;8.113306e-02
5.252662e-02;7.412678e-02;1.036167e-01;8.904497e-02;7.530482e-02;5.933434e-02;1.995327e-01;4.456761e-02;3.662290e-02;4.930580e-02;1.027970e-01;1.132198e-01
1.047830e-01;6.853534e-02;7.619435e-02;9.920595e-02;5.018811e-02;4.931930e-02;2.310404e-01;5.007485e-02;3.639111e-02;3.291646e-02;8.971082e-02;1.116403e-01
7.000411e-02;7.761034e-02;8.377731e-02;8.098584e-02;4.127235e-02;1.116642e-01;1.680255e-01;8.010361e-02;1.200243e-01;3.705214e-02;7.575326e-02;5.372705e-02
9.251893e-02;6.298079e-02;1.066675e-01;6.764041e-02;7.365397e-02;1.262815e-01;1.250176e-01;6.794005e-02;1.284139e-01;4.274370e-02;7.583544e-02;3.030615e-02
7.832461e-02;5.686023e-02;1.024950e-01;7.063118e-02;8.908519e-02;1.210907e-01;1.220554e-01;6.136083e-02;1.129193e-01;5.700879e-02;7.761841e-02;5.055036e-02
4.323370e-02;7.595362e-02;1.037150e-01;9.837591e-02;8.665134e-02;1.018402e-01;1.230533e-01;6.558359e-02;1.017616e-01;5.682907e-02;8.068297e-02;6.231970e-02
3.464223e-02;7.063355e-02;2.729377e-01;8.275869e-02;7.507712e-02;5.477871e-02;1.154722e-01;7.757343e-02;5.726137e-02;6.572754e-02;5.639208e-02;3.674534e-02
6.537604e-02;5.995899e-02;2.484734e-01;9.430865e-02;8.241948e-02;6.249880e-02;1.213825e-01;8.866525e-02;4.222040e-02;5.840747e-02;4.265269e-02;3.363637e-02
1.121559e-01;6.953791e-02;1.743145e-01;9.171853e-02;1.092936e-01;6.681404e-02;9.769621e-02;1.111839e-01;4.931915e-02;4.719573e-02;4.315633e-02;2.761420e-02
1.232909e-01;5.071903e-02;9.895312e-02;1.019483e-01;1.246937e-01;7.001378e-02;1.457828e-01;1.228287e-01;4.493452e-02;5.259850e-02;3.536771e-02;2.886897e-02
8.937998e-02;2.209109e-02;8.732769e-02;1.513490e-01;1.090514e-01;5.929442e-02;2.059616e-01;1.139757e-01;3.561017e-02;6.511643e-02;2.138882e-02;3.945372e-02
4.812396e-02;4.481811e-02;1.654999e-01;1.623648e-01;7.086962e-02;4.577672e-02;2.110293e-01;8.735151e-02;2.994348e-02;5.982619e-02;1.647464e-02;5.792177e-02
2.780408e-02;7.856402e-02;2.113852e-01;1.452950e-01;4.545300e-02;3.052861e-02;2.323670e-01;5.412568e-02;2.663684e-02;4.895868e-02;2.124348e-02;7.763845e-02
5.381395e-02;1.005863e-01;1.376718e-01;1.319412e-01;2.293720e-02;2.850599e-02;2.940299e-01;3.470718e-02;2.682588e-02;4.284006e-02;2.787705e-02;9.826347e-02
8.537375e-02;8.320049e-02;1.034015e-01;1.357255e-01;2.715912e-02;3.783880e-02;2.977974e-01;2.548661e-02;4.871578e-02;4.078349e-02;2.062153e-02;9.389608e-02
7.065161e-02;6.946304e-02;1.301324e-01;1.635693e-01;5.008982e-02;4.353400e-02;2.725663e-01;2.175569e-02;5.109469e-02;3.742831e-02;1.426502e-02;7.544980e-02
5.069616e-02;6.112963e-02;1.349905e-01;1.726567e-01;6.839569e-02;4.960407e-02;2.622119e-01;2.901560e-02;5.703514e-02;4.223323e-02;2.354458e-02;4.848685e-02
2.721004e-02;4.806104e-02;1.407628e-01;1.475280e-01;6.354053e-02;7.370333e-02;2.782735e-01;4.863940e-02;6.558723e-02;4.126778e-02;2.415324e-02;4.127319e-02
1.549755e-02;4.042355e-02;1.477887e-01;1.182308e-01;4.764553e-02;8.837862e-02;3.122369e-01;4.625816e-02;6.438504e-02;3.416789e-02;2.939575e-02;5.559148e-02
3.096817e-02;3.865407e-02;1.557738e-01;8.800828e-02;5.430263e-02;9.205938e-02;3.065680e-01;4.857977e-02;6.171659e-02;2.599222e-02;3.813518e-02;5.924188e-02
2.847847e-02;4.423680e-02;1.733950e-01;6.609879e-02;8.595702e-02;1.438622e-01;1.987643e-01;6.869198e-02;8.520476e-02;2.483956e-02;5.183215e-02;2.863898e-02
4.578647e-02;6.897611e-02;1.749212e-01;6.072428e-02;7.355027e-02;1.727034e-01;1.394710e-01;5.624320e-02;9.432968e-02;3.397347e-02;5.456318e-02;2.475777e-02
6.815463e-02;9.240909e-02;1.456947e-01;5.129365e-02;6.196707e-02;1.500551e-01;1.742972e-01;4.315027e-02;7.041761e-02;4.822025e-02;6.151211e-02;3.282833e-02
9.834440e-02;1.124715e-01;1.247663e-01;7.673106e-02;7.498565e-02;1.182937e-01;1.802758e-01;3.591956e-02;3.843080e-02;4.478019e-02;6.465785e-02;3.034323e-02
1.045685e-01;9.288411e-02;9.379479e-02;1.203015e-01;8.776515e-02;6.233626e-02;1.686189e-01;5.811701e-02;6.254181e-02;5.575318e-02;6.848146e-02;2.483735e-02
5.256031e-02;5.432249e-02;1.141059e-01;1.143675e-01;9.426821e-02;5.716766e-02;2.541683e-01;5.674613e-02;4.180117e-02;4.338201e-02;7.875106e-02;3.835924e-02
6.074712e-02;8.657478e-02;8.346501e-02;6.111306e-02;7.778113e-02;7.891720e-02;3.036369e-01;3.123422e-02;3.999493e-02;7.022173e-02;7.496949e-02;3.134440e-02
6.338216e-02;8.504707e-02;5.211877e-02;6.880289e-02;6.965311e-02;6.838812e-02;2.991400e-01;5.279575e-02;6.015448e-02;7.582697e-02;6.645063e-02;3.824001e-02
6.031078e-02;6.091928e-02;6.589241e-02;7.010511e-02;5.516487e-02;6.786432e-02;2.915904e-01;6.871554e-02;7.081339e-02;4.958206e-02;7.613096e-02;6.291087e-02
5.595375e-02;4.770766e-02;4.778580e-02;8.698121e-02;6.202454e-02;8.713214e-02;2.524851e-01;6.407721e-02;4.621035e-02;7.722586e-02;8.041032e-02;9.200604e-02
1.362685e-01;9.542015e-02;1.024565e-01;3.286481e-02;3.340031e-02;2.517254e-02;6.206931e-02;4.845463e-02;1.163099e-01;8.757290e-02;1.354420e-01;1.245686e-01
1.236385e-01;1.125558e-01;9.740415e-02;3.589787e-02;2.097690e-02;3.262101e-02;6.397272e-02;5.285785e-02;8.268663e-02;1.040511e-01;1.271108e-01;1.462267e-01
7.847457e-02;1.175458e-01;6.693230e-02;5.839153e-02;3.271227e-02;6.755248e-02;1.082275e-01;6.135302e-02;9.171011e-02;9.730441e-02;9.796022e-02;1.218358e-01
1.530589e-01;8.972257e-02;1.094082e-01;7.488881e-02;6.607442e-02;9.808501e-02;1.159528e-01;5.294947e-02;9.747957e-02;4.487443e-02;3.811714e-02;5.938872e-02
1.544643e-01;6.828243e-02;1.191215e-01;6.738304e-02;6.610375e-02;9.006238e-02;1.168782e-01;4.975479e-02;7.031175e-02;3.292323e-02;3.864116e-02;1.260735e-01
1.208831e-01;5.049511e-02;9.845676e-02;5.858325e-02;4.721872e-02;7.746770e-02;1.251230e-01;4.483391e-02;5.364079e-02;6.539939e-02;4.964054e-02;2.082577e-01
1.046701e-01;6.794631e-02;8.888379e-02;5.139605e-02;4.009427e-02;5.309315e-02;1.346717e-01;5.122791e-02;3.965657e-02;9.611739e-02;5.942386e-02;2.128188e-01
1.888060e-01;1.241965e-01;1.405044e-01;3.301499e-02;4.412814e-02;4.468006e-02;8.424699e-02;3.899860e-02;5.186939e-02;5.632611e-02;7.595026e-02;1.172785e-01
2.100208e-01;1.356360e-01;1.372291e-01;3.577662e-02;5.201564e-02;4.812169e-02;7.167324e-02;4.710766e-02;6.995492e-02;3.061949e-02;1.068732e-01;5.497152e-02
2.414615e-01;1.171314e-01;8.349533e-02;3.412812e-02;7.143099e-02;4.091557e-02;1.062551e-01;6.097632e-02;5.240171e-02;3.202325e-02;1.255593e-01;3.422133e-02
2.688708e-01;1.198884e-01;5.313514e-02;3.214656e-02;8.740271e-02;2.653725e-02;1.255656e-01;6.283578e-02;3.031223e-02;2.651010e-02;1.398576e-01;2.693796e-02
2.369726e-01;1.575841e-01;7.216182e-02;2.407341e-02;8.705068e-02;3.925760e-02;1.082813e-01;5.311798e-02;3.711605e-02;2.170484e-02;1.417466e-01;2.093297e-02
1.684961e-01;2.124746e-01;1.001046e-01;3.885738e-02;7.610237e-02;5.562201e-02;8.681688e-02;3.620777e-02;4.893843e-02;2.920027e-02;1.189847e-01;2.819476e-02
1.023552e-01;2.308378e-01;1.530304e-01;5.752313e-02;6.349419e-02;8.716679e-02;5.229360e-02;2.402775e-02;7.204925e-02;4.090119e-02;6.808681e-02;4.823387e-02
6.564083e-02;1.828180e-01;2.212821e-01;5.108744e-02;7.298028e-02;1.061920e-01;7.195616e-02;2.239595e-02;6.867884e-02;5.176853e-02;2.676757e-02;5.843230e-02
5.165466e-02;1.093602e-01;2.973352e-01;3.963546e-02;7.320142e-02;8.532285e-02;1.225102e-01;1.911170e-02;5.109017e-02;7.713609e-02;2.678564e-02;4.685628e-02
5.293576e-02;4.682564e-02;3.307607e-01;4.690440e-02;5.079032e-02;5.165823e-02;1.664444e-01;4.139309e-02;4.055270e-02;8.497613e-02;5.233047e-02;3.442821e-02
4.302996e-02;1.816238e-02;3.067652e-01;7.156818e-02;4.978440e-02;3.723205e-02;1.418538e-01;7.175264e-02;3.335514e-02;7.974680e-02;1.074790e-01;3.927058e-02
3.145487e-02;2.472905e-02;2.443885e-01;1.104121e-01;7.308815e-02;4.278862e-02;7.421240e-02;9.897088e-02;2.258369e-02;6.773215e-02;1.691653e-01;4.047428e-02
1.927888e-02;4.209916e-02;2.136212e-01;1.145043e-01;8.430881e-02;5.467645e-02;3.795496e-02;1.235683e-01;2.016630e-02;5.355616e-02;1.970132e-01;3.925226e-02
2.770762e-02;4.672946e-02;2.300623e-01;9.071459e-02;7.970271e-02;4.915033e-02;4.967183e-02;1.268094e-01;1.759163e-02;5.485662e-02;1.811655e-01;4.583793e-02
4.891657e-02;3.238538e-02;2.498509e-01;7.786268e-02;7.765111e-02;3.932227e-02;5.787688e-02;1.140369e-01;2.550893e-02;6.110126e-02;1.702065e-01;4.528065e-02
3.448389e-02;2.718848e-02;2.918543e-01;6.380172e-02;7.017163e-02;4.834343e-02;8.687884e-02;8.090439e-02;2.824347e-02;6.472711e-02;1.556185e-01;4.778425e-02
2.396681e-02;2.340646e-02;3.395826e-01;4.959111e-02;4.959541e-02;5.123645e-02;1.234028e-01;5.068928e-02;2.876373e-02;9.542044e-02;1.142873e-01;5.005770e-02
3.090298e-02;2.466788e-02;4.055668e-01;4.801209e-02;3.762354e-02;4.194380e-02;1.113983e-01;3.322199e-02;2.546848e-02;1.242310e-01;7.350926e-02;4.345393e-02
2.512751e-02;6.120740e-02;3.966725e-01;5.065398e-02;4.263758e-02;4.351521e-02;6.956083e-02;3.273290e-02;3.433149e-02;1.054782e-01;1.000633e-01;3.801914e-02
4.035990e-02;9.656077e-02;3.857619e-01;4.682111e-02;4.592561e-02;5.501999e-02;6.533628e-02;3.176858e-02;3.738740e-02;6.639548e-02;8.948539e-02;3.917757e-02
5.643937e-02;1.045000e-01;3.267854e-01;4.955295e-02;4.810921e-02;7.492243e-02;9.331162e-02;4.037665e-02;3.667163e-02;5.005852e-02;7.327225e-02;4.600002e-02
3.881612e-02;9.818570e-02;2.370217e-01;4.693633e-02;5.818026e-02;1.043782e-01;1.059147e-01;5.539247e-02;6.396447e-02;7.238210e-02;4.014163e-02;7.868635e-02
7.256341e-02;9.196291e-02;2.317351e-01;4.326807e-02;5.489435e-02;9.697390e-02;9.856301e-02;7.355636e-02;7.262469e-02;6.369443e-02;3.724311e-02;6.292064e-02
4.455747e-02;9.125264e-02;2.906883e-01;3.504426e-02;4.198637e-02;9.160099e-02;6.670161e-02;8.556030e-02;9.032030e-02;6.761528e-02;4.873359e-02;4.593889e-02
3.005756e-02;1.091220e-01;2.988246e-01;2.995688e-02;2.717015e-02;8.505395e-02;7.957464e-02;7.208329e-02;8.708602e-02;8.174140e-02;4.822051e-02;5.110892e-02
7.050202e-02;1.469192e-01;2.570810e-01;2.991169e-02;3.057638e-02;8.804547e-02;7.775714e-02;4.537310e-02;9.323294e-02;6.099835e-02;4.145606e-02;5.814658e-02
1.152751e-01;1.629941e-01;1.939330e-01;3.094219e-02;3.509719e-02;8.039651e-02;9.938951e-02;3.620702e-02;9.832820e-02;5.973574e-02;3.757371e-02;5.012780e-02
1.677299e-01;1.505212e-01;1.293688e-01;3.397550e-02;3.726302e-02;6.595444e-02;1.393215e-01;5.907892e-02;7.939488e-02;5.305482e-02;4.910553e-02;3.523144e-02
1.901453e-01;1.242128e-01;8.070666e-02;3.376084e-02;3.509024e-02;6.292570e-02;1.757329e-01;6.928919e-02;5.689910e-02;4.261816e-02;6.711097e-02;6.150815e-02
1.433136e-01;1.244806e-01;5.249984e-02;4.061504e-02;5.947842e-02;7.177022e-02;1.729822e-01;8.093872e-02;6.417066e-02;4.410826e-02;6.076029e-02;8.488224e-02
1.119501e-01;1.132582e-01;7.447959e-02;6.218137e-02;7.654636e-02;7.595269e-02;1.064187e-01;1.001680e-01;1.074532e-01;6.307681e-02;4.104594e-02;6.746916e-02
8.255999e-02;6.830104e-02;1.074514e-01;4.591881e-02;6.556612e-02;6.579930e-02;1.505926e-01;9.508774e-02;1.386034e-01;9.474382e-02;2.585609e-02;5.951980e-02
7.085153e-02;5.580931e-02;9.094259e-02;3.635966e-02;5.678008e-02;8.105426e-02;1.936872e-01;1.194930e-01;1.262276e-01;9.904939e-02;3.347404e-02;3.627134e-02
8.852921e-02;9.126379e-02;1.160052e-01;4.747130e-02;5.629644e-02;9.748235e-02;1.541698e-01;9.489514e-02;7.453332e-02;6.658270e-02;4.821599e-02;6.455480e-02
1.013692e-01;1.034324e-01;1.473761e-01;5.159070e-02;4.919472e-02;9.613606e-02;8.655816e-02;6.508684e-02;5.468401e-02;5.042631e-02;8.058081e-02;1.135647e-01
9.690718e-02;6.151345e-02;1.596634e-01;4.277141e-02;3.758706e-02;1.139751e-01;7.727262e-02;6.621321e-02;6.027141e-02;6.230333e-02;8.567616e-02;1.358456e-01
1.274924e-01;6.820069e-02;2.002687e-01;4.517894e-02;6.079790e-02;1.181731e-01;1.083525e-01;6.318672e-02;4.636744e-02;3.245762e-02;5.079334e-02;7.873061e-02
1.287828e-01;8.274827e-02;2.065375e-01;2.817139e-02;9.090286e-02;1.162950e-01;1.245427e-01;3.697564e-02;7.506830e-02;3.931484e-02;3.989904e-02;3.076163e-02
1.340347e-01;6.652971e-02;1.229341e-01;4.494648e-02;1.020113e-01;9.295861e-02;1.587293e-01;9.062694e-02;6.840594e-02;3.132036e-02;4.459378e-02;4.290880e-02
1.386426e-01;2.585756e-02;8.604459e-02;7.970748e-02;9.853904e-02;6.865197e-02;1.922123e-01;1.298935e-01;5.264836e-02;4.169362e-02;3.517469e-02;5.093426e-02
1.410083e-01;1.836083e-02;8.055146e-02;8.044176e-02;8.724349e-02;5.954279e-02;2.354452e-01;1.358383e-01;5.854921e-02;4.455158e-02;1.665871e-02;4.180840e-02
1.637913e-01;2.446711e-02;9.142629e-02;5.601527e-02;6.813324e-02;5.667119e-02;2.356192e-01;1.320919e-01;6.300345e-02;3.280103e-02;3.693063e-02;3.904938e-02
1.944637e-01;3.593936e-02;1.049359e-01;3.273361e-02;6.177069e-02;4.766826e-02;2.380680e-01;1.256709e-01;4.978132e-02;2.859344e-02;4.072082e-02;3.965404e-02
1.960133e-01;3.186529e-02;7.876936e-02;3.102517e-02;4.888459e-02;4.250247e-02;2.693006e-01;1.216465e-01;6.240654e-02;4.098466e-02;3.512738e-02;4.147411e-02
1.697012e-01;2.527418e-02;3.950948e-02;3.631989e-02;3.844151e-02;4.965289e-02;3.302356e-01;1.106379e-01;6.363326e-02;5.195999e-02;3.052437e-02;5.410976e-02
1.458620e-01;2.173407e-02;6.483749e-02;4.187963e-02;3.980369e-02;4.123200e-02;3.528287e-01;1.035905e-01;5.588645e-02;5.654315e-02;2.247380e-02;5.332857e-02
1.048359e-01;2.941004e-02;6.449687e-02;4.806679e-02;4.013851e-02;4.258025e-02;3.975488e-01;8.381275e-02;5.482903e-02;4.623630e-02;3.319809e-02;5.484667e-02
6.905211e-02;3.048613e-02;7.368526e-02;3.963601e-02;2.897664e-02;5.555267e-02;4.638264e-01;5.822452e-02;5.514421e-02;2.859126e-02;3.425416e-02;6.257066e-02
6.103315e-02;2.568182e-02;1.150990e-01;3.429282e-02;3.334742e-02;7.227363e-02;4.304307e-01;3.158566e-02;6.524264e-02;3.086402e-02;5.249051e-02;4.765866e-02
3.241826e-02;1.441090e-02;1.074546e-01;3.414324e-02;4.169464e-02;8.241829e-02;4.121628e-01;2.902212e-02;8.194871e-02;3.069996e-02;7.329091e-02;6.033555e-02
5.799600e-02;4.192610e-02;7.554904e-02;3.148272e-02;2.919948e-02;6.315470e-02;3.853137e-01;2.360711e-02;7.716805e-02;4.153381e-02;5.747931e-02;1.155900e-01
8.516720e-02;6.486360e-02;4.832523e-02;4.016238e-02;2.677895e-02;4.873927e-02;3.750015e-01;2.985070e-02;4.000352e-02;5.149416e-02;3.480653e-02;1.548070e-01
1.213757e-01;7.627396e-02;7.538178e-02;4.977780e-02;2.658758e-02;3.716414e-02;3.497313e-01;2.518239e-02;1.033160e-02;4.762819e-02;2.774342e-02;1.528222e-01
1.328660e-01;6.319917e-02;8.816361e-02;5.943215e-02;2.241319e-02;2.443016e-02;3.366995e-01;4.048473e-02;1.574709e-02;4.655832e-02;2.981047e-02;1.401957e-01
1.749258e-01;5.758819e-02;6.128626e-02;5.992914e-02;2.635436e-02;3.554698e-02;3.184570e-01;5.693278e-02;1.700305e-02;4.315547e-02;3.277749e-02;1.160434e-01
2.099435e-01;5.220164e-02;6.054999e-02;5.950853e-02;2.356630e-02;3.680795e-02;3.152562e-01;5.507151e-02;1.962812e-02;3.141171e-02;2.897486e-02;1.070796e-01
1.966106e-01;4.594669e-02;6.269149e-02;6.267717e-02;2.553935e-02;3.941016e-02;3.150627e-01;3.963906e-02;2.959568e-02;3.394290e-02;3.212064e-02;1.167635e-01
1.763401e-01;4.153272e-02;8.799518e-02;6.258111e-02;4.388825e-02;4.253375e-02;2.777071e-01;2.310110e-02;3.786775e-02;4.438571e-02;3.317722e-02;1.288901e-01
1.608103e-01;5.331363e-02;1.369888e-01;5.776856e-02;5.743925e-02;3.469190e-02;2.057794e-01;2.478918e-02;4.427750e-02;5.936869e-02;4.680856e-02;1.179642e-01
1.193622e-01;6.024495e-02;1.436659e-01;6.813710e-02;7.398692e-02;4.283602e-02;1.407896e-01;4.129948e-02;5.781767e-02;9.677913e-02;6.945869e-02;8.562233e-02
6.039602e-02;5.129575e-02;1.017931e-01;4.985602e-02;8.604557e-02;7.177341e-02;1.296671e-01;8.371394e-02;7.422705e-02;1.051382e-01;1.213499e-01;6.474394e-02
6.411325e-02;6.145014e-02;9.188363e-02;4.741468e-02;8.164658e-02;6.189081e-02;1.403615e-01;8.912443e-02;8.082643e-02;1.039383e-01;1.277604e-01;4.958981e-02
7.996762e-02;8.381154e-02;1.310340e-01;7.108538e-02;6.357793e-02;5.646286e-02;1.180264e-01;6.134832e-02;1.014756e-01;1.090404e-01;9.095650e-02;3.321335e-02
4.430572e-02;1.124561e-01;1.558136e-01;7.476091e-02;8.056495e-02;4.442492e-02;9.776208e-02;7.221264e-02;1.013412e-01;1.107592e-01;7.672533e-02;2.887337e-02
6.683723e-02;8.856391e-02;1.267363e-01;8.157696e-02;7.387046e-02;5.242936e-02;1.187587e-01;8.172947e-02;7.095713e-02;9.090991e-02;7.339078e-02;7.423975e-02
9.422886e-02;4.029481e-02;8.527970e-02;9.675367e-02;7.264272e-02;4.419618e-02;1.358107e-01;6.395981e-02;1.134869e-01;9.056197e-02;6.675219e-02;9.603247e-02
1.079440e-01;2.479346e-02;1.007115e-01;6.822614e-02;6.802784e-02;6.265522e-02;1.492937e-01;6.800668e-02;1.008487e-01;1.009842e-01;7.174858e-02;7.675988e-02
9.806260e-02;2.454314e-02;1.294751e-01;4.551096e-02;5.839857e-02;5.590105e-02;2.106655e-01;7.774398e-02;7.246329e-02;9.444202e-02;7.670525e-02;5.608850e-02
9.319271e-02;4.572636e-02;1.141130e-01;6.302403e-02;3.874801e-02;4.001395e-02;2.393172e-01;6.336112e-02;6.996807e-02;8.906816e-02;7.818419e-02;6.528325e-02
1.404978e-01;6.548034e-02;9.131302e-02;6.453504e-02;2.034003e-02;4.254444e-02;2.175469e-01;6.116536e-02;7.883281e-02;7.896957e-02;8.131777e-02;5.745694e-02
1.681678e-01;5.239685e-02;9.646420e-02;3.422765e-02;5.407903e-02;7.361791e-02;1.666419e-01;5.763213e-02;6.141857e-02;5.492330e-02;9.336197e-02;8.706876e-02
1.729758e-01;8.156459e-02;1.049918e-01;1.817538e-02;5.377936e-02;8.020207e-02;1.789900e-01;4.878875e-02;4.543361e-02;5.065864e-02;9.118272e-02;7.325728e-02
1.566071e-01;1.151106e-01;1.440927e-01;1.594391e-02;4.125451e-02;7.304338e-02;1.495120e-01;3.727394e-02;5.644830e-02;5.948451e-02;8.637974e-02;6.484931e-02
1.035521e-01;1.252166e-01;1.787292e-01;1.576892e-02;3.200970e-02;9.711853e-02;9.886215e-02;4.112163e-02;6.840524e-02;5.700770e-02;8.005564e-02;1.021526e-01
3.280097e-02;1.068763e-01;2.216889e-01;1.605082e-02;2.139012e-02;9.581703e-02;8.895820e-02;4.832241e-02;6.162817e-02;5.890362e-02;9.886781e-02;1.486957e-01
5.887175e-02;9.462249e-02;2.619720e-01;1.615485e-02;1.769718e-02;7.691154e-02;8.863931e-02;3.786246e-02;4.283778e-02;6.941649e-02;9.063356e-02;1.443806e-01
7.759658e-02;6.727718e-02;3.091710e-01;3.438763e-02;2.417181e-02;7.264050e-02;8.754802e-02;3.109871e-02;3.167403e-02;8.135843e-02;7.291072e-02;1.101654e-01
7.722902e-02;2.730170e-02;2.991803e-01;6.635573e-02;3.316751e-02;5.876863e-02;7.900043e-02;4.729073e-02;3.150811e-02;6.635055e-02;8.518160e-02;1.286657e-01
6.573363e-02;2.448629e-02;2.383483e-01;1.046497e-01;4.886700e-02;4.805423e-02;4.617789e-02;6.446330e-02;2.673542e-02;4.897725e-02;1.419130e-01;1.415940e-01
5.091225e-02;2.143657e-02;2.041480e-01;1.280116e-01;7.757117e-02;5.178109e-02;4.280980e-02;7.965786e-02;2.863145e-02;4.884136e-02;1.630470e-01;1.031519e-01
3.027512e-02;2.669201e-02;2.260000e-01;1.211663e-01;1.009146e-01;4.481031e-02;7.345157e-02;7.031852e-02;4.720695e-02;5.355815e-02;1.322617e-01;7.334474e-02
3.615422e-02;3.862499e-02;2.414832e-01;9.098606e-02;1.227622e-01;5.519349e-02;6.095864e-02;4.590979e-02;5.842960e-02;4.636247e-02;8.337858e-02;1.197568e-01
5.863603e-02;4.924997e-02;2.219582e-01;5.602897e-02;1.280412e-01;7.887397e-02;4.059195e-02;3.550344e-02;7.591613e-02;4.478290e-02;6.144833e-02;1.489688e-01
1.023729e-01;3.371160e-02;1.420911e-01;4.878639e-02;1.184685e-01;6.263885e-02;6.272094e-02;3.391744e-02;8.060592e-02;4.913942e-02;8.436122e-02;1.811858e-01
1.139091e-01;2.563307e-02;8.011268e-02;5.260463e-02;9.602939e-02;4.910897e-02;1.117846e-01;4.076301e-02;7.058812e-02;4.443058e-02;1.062154e-01;2.088204e-01
1.189405e-01;4.509877e-02;1.011369e-01;5.757606e-02;6.720103e-02;4.616652e-02;1.111266e-01;2.626269e-02;7.870322e-02;4.833303e-02;1.579863e-01;1.414684e-01
1.026427e-01;4.679714e-02;8.801502e-02;4.640026e-02;4.757091e-02;3.773028e-02;9.020110e-02;3.267820e-02;8.883205e-02;6.194878e-02;2.484607e-01;1.087228e-01
