6.465796e-02;6.952636e-02;1.580294e-01;6.682260e-02;7.006387e-02;8.959211e-02;1.037035e-01;6.081367e-02;1.321763e-01;7.893316e-02;4.146546e-02;6.421565e-02
6.949779e-02;4.913167e-02;1.825830e-01;6.023576e-02;5.854231e-02;8.126171e-02;1.460689e-01;5.900301e-02;1.124703e-01;7.605988e-02;5.328017e-02;5.186561e-02
1.303306e-01;6.411517e-02;1.659408e-01;4.200957e-02;5.660433e-02;5.223690e-02;1.575790e-01;4.040132e-02;6.570131e-02;1.051987e-01;7.585243e-02;4.402989e-02
1.013422e-01;3.969325e-02;1.855415e-01;3.092675e-02;5.681909e-02;5.538738e-02;2.204289e-01;3.527021e-02;5.737630e-02;9.440058e-02;7.916997e-02;4.364380e-02
9.828711e-02;1.478009e-02;1.563490e-01;2.358909e-02;6.956229e-02;6.642579e-02;2.709359e-01;4.853217e-02;7.428110e-02;7.145123e-02;6.388105e-02;4.192517e-02
9.970430e-02;3.745284e-02;9.954184e-02;1.644002e-02;6.523374e-02;7.004569e-02;3.370792e-01;6.837141e-02;9.350411e-02;4.621525e-02;3.779056e-02;2.862099e-02
8.413873e-02;5.910383e-02;9.026219e-02;1.990982e-02;6.803496e-02;7.550789e-02;3.421586e-01;6.954080e-02;1.043636e-01;4.929028e-02;2.822030e-02;9.469023e-03
6.365615e-02;7.619186e-02;9.927725e-02;2.151846e-02;7.789122e-02;8.057114e-02;3.033895e-01;6.550392e-02;1.091702e-01;2.995359e-02;6.176923e-02;1.110747e-02
7.685855e-02;6.842087e-02;7.475705e-02;2.066109e-02;8.911599e-02;8.629458e-02;2.225163e-01;6.540532e-02;9.378662e-02;5.515266e-02;1.100789e-01;3.695214e-02
1.309242e-01;5.436495e-02;6.747349e-02;3.495998e-02;1.280912e-01;1.069976e-01;1.500027e-01;4.910983e-02;6.031361e-02;6.112831e-02;8.790662e-02;6.872751e-02
1.494752e-01;7.499947e-02;8.268441e-02;6.135667e-02;1.604826e-01;1.297285e-01;1.919611e-01;3.290106e-02;2.106316e-02;4.064358e-02;2.557955e-02;2.912465e-02
1.411555e-01;4.823792e-02;1.723080e-02;4.751882e-02;1.741849e-01;1.260639e-01;2.704698e-01;3.026239e-02;2.278929e-02;4.116138e-02;4.882836e-02;3.209703e-02
1.400066e-01;1.724675e-02;5.325945e-02;3.027866e-02;1.974468e-01;1.300432e-01;2.869427e-01;3.268469e-02;1.589427e-02;2.440706e-02;3.429965e-02;3.749019e-02
1.261642e-01;2.746190e-02;8.571323e-02;4.073211e-02;2.242842e-01;1.219444e-01;2.093399e-01;2.122633e-02;4.447215e-02;3.260550e-02;2.533672e-02;4.071933e-02
1.007491e-01;5.145612e-02;1.582820e-01;6.395366e-02;2.028447e-01;8.221155e-02;1.081031e-01;2.922979e-02;5.061978e-02;4.183507e-02;4.671052e-02;6.400447e-02
1.220030e-01;8.318848e-02;1.718414e-01;3.943615e-02;9.802115e-02;6.114493e-02;4.853806e-02;4.700325e-02;5.046585e-02;7.304446e-02;1.045567e-01;1.007565e-01
1.188750e-01;8.361551e-02;1.459017e-01;4.692164e-02;5.722433e-02;5.584570e-02;4.516480e-02;4.548360e-02;7.186179e-02;9.748180e-02;1.273199e-01;1.043041e-01
1.035248e-01;8.264759e-02;1.533262e-01;8.293124e-02;4.451199e-02;4.299717e-02;9.079506e-02;3.573567e-02;7.665911e-02;1.020142e-01;1.077548e-01;7.710212e-02
1.216400e-01;1.022267e-01;1.769923e-01;8.108233e-02;4.960306e-02;3.489606e-02;1.565909e-01;3.416503e-02;5.699195e-02;7.493515e-02;6.731817e-02;4.355831e-02
1.209463e-01;1.279645e-01;1.843735e-01;7.255599e-02;4.647946e-02;3.290919e-02;2.183277e-01;4.239707e-02;3.014975e-02;3.725525e-02;3.636974e-02;5.027158e-02
8.618423e-02;1.139570e-01;1.292034e-01;5.731291e-02;2.749260e-02;5.059072e-02;2.504346e-01;7.178957e-02;3.186195e-02;7.379211e-02;4.700076e-02;6.038024e-02
1.272982e-01;6.536403e-02;5.565403e-02;4.781121e-02;2.876475e-02;8.602033e-02;2.095214e-01;9.755434e-02;4.388465e-02;1.458440e-01;4.849306e-02;4.379008e-02
1.982280e-01;4.108173e-02;3.171764e-02;3.694230e-02;3.936486e-02;1.152143e-01;1.408341e-01;1.061903e-01;2.753351e-02;1.990380e-01;3.447942e-02;2.937582e-02
2.554639e-01;3.821855e-02;2.737508e-02;2.810745e-02;4.542134e-02;1.178495e-01;8.165406e-02;1.049066e-01;2.754371e-02;1.991222e-01;4.775327e-02;2.658431e-02
2.585895e-01;5.787556e-02;5.207448e-02;2.196486e-02;3.654674e-02;9.827177e-02;5.259597e-02;8.745239e-02;6.740065e-02;1.400465e-01;1.062732e-01;2.090826e-02
2.340268e-01;5.439819e-02;5.855923e-02;2.944406e-02;3.320757e-02;8.252081e-02;5.613373e-02;7.716642e-02;9.120772e-02;1.078285e-01;1.412864e-01;3.422055e-02
2.361679e-01;3.345251e-02;3.178572e-02;4.768806e-02;4.112018e-02;9.545439e-02;8.283513e-02;7.813498e-02;5.644491e-02;1.850272e-01;7.237837e-02;3.951063e-02
2.083597e-01;4.686408e-02;3.508185e-02;6.722307e-02;4.693800e-02;9.389225e-02;1.011193e-01;5.588644e-02;4.101391e-02;2.055309e-01;2.335263e-02;7.473790e-02
1.364809e-01;8.199064e-02;4.579640e-02;6.098454e-02;3.445363e-02;7.912668e-02;1.526884e-01;3.699837e-02;5.376131e-02;1.423352e-01;8.189835e-02;9.348552e-02
1.199616e-01;9.188392e-02;6.461655e-02;4.355311e-02;3.021361e-02;6.604519e-02;2.064872e-01;3.476481e-02;4.899357e-02;9.277970e-02;1.316701e-01;6.903064e-02
1.551256e-01;8.397748e-02;9.058375e-02;4.711665e-02;4.550627e-02;6.281422e-02;2.064091e-01;4.498687e-02;4.100552e-02;8.840496e-02;9.530792e-02;3.876168e-02
1.905201e-01;8.872629e-02;1.255286e-01;5.100610e-02;5.139348e-02;7.030300e-02;1.860023e-01;5.398827e-02;2.294533e-02;8.261495e-02;3.976911e-02;3.720248e-02
1.596181e-01;6.492160e-02;7.527756e-02;2.499662e-02;3.716213e-02;4.716239e-02;1.573772e-01;6.007445e-02;1.332820e-02;1.657261e-01;1.317136e-01;6.264204e-02
1.307652e-01;4.987881e-02;4.235265e-02;1.218590e-02;3.506488e-02;4.668148e-02;2.017686e-01;6.122502e-02;2.718731e-02;1.953222e-01;1.454775e-01;5.209039e-02
6.214355e-02;5.860935e-02;5.062356e-02;3.490954e-02;5.595338e-02;8.529477e-02;2.646603e-01;4.944212e-02;4.910961e-02;1.470304e-01;7.406048e-02;6.816300e-02
4.986899e-02;6.446280e-02;9.893528e-02;4.398617e-02;6.857023e-02;8.689933e-02;1.973508e-01;4.794384e-02;4.573707e-02;1.288399e-01;9.213556e-02;7.526998e-02
2.956352e-02;6.066213e-02;1.233166e-01;6.952378e-02;5.197481e-02;8.233887e-02;1.467901e-01;5.274285e-02;4.501377e-02;1.568307e-01;1.237330e-01;5.750985e-02
6.833901e-02;9.034106e-02;1.443856e-01;5.728410e-02;9.252812e-02;6.820596e-02;1.435975e-01;4.632150e-02;4.893683e-02;1.109713e-01;7.953167e-02;4.955737e-02
7.338153e-02;1.517896e-01;1.710661e-01;6.799599e-02;9.821267e-02;8.539035e-02;1.307172e-01;2.171163e-02;3.958757e-02;8.366034e-02;2.818579e-02;4.830132e-02
6.811275e-02;2.275169e-01;1.165135e-01;5.950723e-02;8.660205e-02;1.033311e-01;1.070027e-01;2.937401e-02;2.516684e-02;1.009569e-01;3.564155e-02;4.027449e-02
7.133028e-02;2.021653e-01;1.273876e-01;8.507372e-02;1.027075e-01;1.086388e-01;6.676742e-02;3.146188e-02;2.547384e-02;9.500221e-02;3.752557e-02;4.646597e-02
1.191505e-01;1.977078e-01;1.202270e-01;9.900927e-02;8.145184e-02;8.279604e-02;4.860086e-02;4.055338e-02;2.704702e-02;1.091316e-01;2.020511e-02;5.411950e-02
1.607332e-01;2.729890e-01;7.171389e-02;7.962073e-02;6.149329e-02;5.565350e-02;6.487716e-02;4.706532e-02;3.969906e-02;7.955690e-02;1.115105e-02;5.544686e-02
1.356487e-01;2.728727e-01;1.261286e-01;4.328191e-02;6.580777e-02;4.781702e-02;7.353701e-02;4.050823e-02;6.237004e-02;5.337739e-02;3.154368e-02;4.710689e-02
8.767966e-02;2.367131e-01;1.252725e-01;5.253172e-02;7.961979e-02;4.628527e-02;8.459223e-02;3.946660e-02;5.207498e-02;9.795292e-02;4.943198e-02;4.837931e-02
1.128562e-01;2.050774e-01;8.283114e-02;6.945947e-02;5.589830e-02;7.575492e-02;8.342479e-02;4.168463e-02;3.331525e-02;1.198933e-01;5.963225e-02;6.017237e-02
1.370992e-01;1.317690e-01;1.038202e-01;8.607069e-02;5.270871e-02;9.848715e-02;7.435324e-02;3.643863e-02;7.669669e-02;7.320637e-02;5.324923e-02;7.610080e-02
1.264051e-01;4.544363e-02;1.308955e-01;8.106104e-02;7.258817e-02;1.224875e-01;8.577721e-02;3.517863e-02;8.907402e-02;8.405281e-02;4.406315e-02;8.297316e-02
1.199430e-01;9.333172e-02;1.017069e-01;7.727510e-02;5.949181e-02;8.597016e-02;1.059310e-01;5.568324e-02;7.365602e-02;8.266884e-02;7.167327e-02;7.266889e-02
6.508621e-02;1.611072e-01;1.944824e-01;7.589334e-02;2.664152e-02;5.835186e-02;1.026723e-01;5.458461e-02;3.289758e-02;5.004973e-02;6.383322e-02;1.144001e-01
8.167636e-02;1.374553e-01;2.119163e-01;7.431968e-02;3.060511e-02;5.544175e-02;9.500442e-02;5.243275e-02;3.064660e-02;4.718337e-02;6.259754e-02;1.207208e-01
8.020123e-02;8.805377e-02;2.153341e-01;5.069035e-02;3.971580e-02;5.263083e-02;9.308758e-02;7.078225e-02;5.398580e-02;6.748650e-02;6.079316e-02;1.272387e-01
4.161175e-02;7.074404e-02;1.782686e-01;3.726241e-02;4.732079e-02;5.025999e-02;1.347124e-01;9.686629e-02;7.640225e-02;9.407694e-02;6.947155e-02;1.030030e-01
4.540256e-02;8.570464e-02;1.275418e-01;2.870066e-02;4.001775e-02;4.355593e-02;2.089442e-01;9.901473e-02;7.224058e-02;8.442409e-02;1.071614e-01;5.729173e-02
6.976340e-02;1.006413e-01;7.048141e-02;3.488028e-02;3.059018e-02;5.078293e-02;2.650005e-01;8.588687e-02;4.529267e-02;9.820022e-02;1.122561e-01;3.622423e-02
8.281913e-02;9.516023e-02;4.334219e-02;5.314787e-02;3.302294e-02;7.331220e-02;2.668571e-01;6.683157e-02;2.855126e-02;1.318136e-01;7.778969e-02;4.735215e-02
8.880289e-02;7.837423e-02;3.771480e-02;8.062575e-02;4.576929e-02;1.034956e-01;2.116754e-01;5.808339e-02;4.678389e-02;1.163065e-01;9.407600e-02;3.829226e-02
8.687703e-02;5.997207e-02;4.888821e-02;1.020148e-01;6.281177e-02;1.312640e-01;1.753865e-01;7.035239e-02;3.816672e-02;8.285537e-02;9.782407e-02;4.358714e-02
8.935506e-02;5.057120e-02;8.497088e-02;9.241328e-02;1.143121e-01;1.346199e-01;1.470017e-01;5.678409e-02;5.951756e-02;4.831620e-02;6.836642e-02;5.377154e-02
8.909010e-02;6.829011e-02;8.338222e-02;7.631509e-02;1.402118e-01;1.136888e-01;1.134934e-01;5.160710e-02;9.266797e-02;6.446034e-02;5.910248e-02;4.769052e-02
5.708341e-02;6.437530e-02;7.218022e-02;6.787209e-02;1.710316e-01;9.944890e-02;1.388198e-01;7.369685e-02;8.967673e-02;6.119417e-02;6.277265e-02;4.184823e-02
4.182662e-02;5.171182e-02;8.863138e-02;4.957872e-02;1.410401e-01;6.207782e-02;1.241533e-01;8.108818e-02;8.480591e-02;4.182607e-02;1.177715e-01;1.154886e-01
8.540464e-02;4.869658e-02;7.942678e-02;6.190376e-02;9.883981e-02;5.654739e-02;1.264428e-01;3.547194e-02;1.458419e-01;4.910355e-02;1.117860e-01;1.005349e-01
1.141070e-01;8.427781e-02;8.019900e-02;2.985188e-02;8.116225e-02;4.506965e-02;1.724060e-01;3.704920e-02;1.013155e-01;8.453973e-02;1.191912e-01;5.083081e-02
6.502023e-02;1.042817e-01;1.398650e-01;1.862113e-02;5.706258e-02;3.111102e-02;1.914376e-01;5.688855e-02;5.414979e-02;9.357301e-02;1.465316e-01;4.145779e-02
4.605689e-02;6.626615e-02;2.307461e-01;3.686858e-02;3.337958e-02;1.966164e-02;1.611898e-01;8.728530e-02;6.506252e-02;6.518153e-02;1.155815e-01;7.272042e-02
6.677703e-02;2.616685e-02;2.877692e-01;7.316969e-02;1.794486e-02;1.483749e-02;1.310912e-01;7.873956e-02;1.023011e-01;5.293880e-02;5.655030e-02;9.171398e-02
1.039008e-01;1.744704e-02;2.847560e-01;1.017305e-01;2.036672e-02;1.483489e-02;1.003301e-01;3.840361e-02;1.204877e-01;4.545565e-02;3.129885e-02;1.209881e-01
1.238623e-01;2.033309e-02;3.080203e-01;8.337443e-02;1.626778e-02;1.940036e-02;1.213153e-01;7.211964e-02;8.039181e-02;3.270549e-02;1.930556e-02;1.029038e-01
1.005277e-01;4.624747e-02;3.844126e-01;5.084135e-02;1.018355e-02;1.692447e-02;1.601012e-01;9.032874e-02;3.528278e-02;2.226411e-02;1.006123e-02;7.282490e-02
5.367161e-02;8.570313e-02;4.211116e-01;3.050244e-02;1.582485e-02;1.048439e-02;2.084542e-01;8.652408e-02;2.103962e-02;1.509425e-02;1.007074e-02;4.151911e-02
3.107246e-02;1.264440e-01;3.907160e-01;3.699658e-02;3.264011e-02;1.132085e-02;2.476191e-01;7.365788e-02;1.789674e-02;1.181295e-02;1.115997e-02;8.663438e-03
6.217771e-02;1.738405e-01;2.494048e-01;3.141418e-02;5.039786e-02;2.088271e-02;2.926033e-01;5.526821e-02;2.389315e-02;1.187961e-02;2.011993e-02;8.118063e-03
9.613200e-02;2.008034e-01;1.272128e-01;1.566156e-02;5.040516e-02;3.218438e-02;3.472961e-01;3.868415e-02;3.832552e-02;1.857052e-02;2.396820e-02;1.075624e-02
7.005759e-02;1.933159e-01;7.876965e-02;1.341800e-02;5.201692e-02;4.391830e-02;4.106157e-01;2.993885e-02;4.646787e-02;2.622862e-02;2.701933e-02;8.233194e-03
8.661163e-02;1.750471e-01;3.602234e-02;1.897568e-02;5.473914e-02;4.829056e-02;4.596096e-01;2.875913e-02;3.769010e-02;2.408860e-02;2.176151e-02;8.404703e-03
1.139790e-01;1.537571e-01;3.056541e-02;3.272884e-02;5.038406e-02;5.826744e-02;4.635684e-01;1.787836e-02;2.470222e-02;2.744636e-02;1.906783e-02;7.654937e-03
1.379900e-01;9.831398e-02;6.070417e-02;4.987916e-02;6.351665e-02;7.494541e-02;4.264875e-01;1.331885e-02;1.450932e-02;3.478166e-02;1.703407e-02;8.519253e-03
1.696282e-01;4.545799e-02;7.659671e-02;5.591546e-02;8.469401e-02;9.297694e-02;3.622962e-01;2.475497e-02;2.066136e-02;4.308196e-02;1.303861e-02;1.089768e-02
2.068449e-01;1.094821e-01;5.318711e-02;5.638788e-02;9.034290e-02;9.198266e-02;2.513393e-01;3.475749e-02;3.737948e-02;3.517283e-02;1.979476e-02;1.332861e-02
2.278018e-01;1.337604e-01;3.890068e-02;6.419375e-02;8.593331e-02;7.763863e-02;2.336551e-01;3.647655e-02;3.273844e-02;3.720429e-02;1.494861e-02;1.674850e-02
2.145772e-01;1.606157e-01;4.857696e-02;5.598862e-02;6.465838e-02;6.132693e-02;2.600384e-01;3.523139e-02;2.733576e-02;4.566628e-02;1.114726e-02;1.483701e-02
2.038758e-01;1.962279e-01;4.975149e-02;4.533537e-02;4.338265e-02;5.945142e-02;2.682158e-01;2.853158e-02;2.858806e-02;4.510114e-02;1.210804e-02;1.943075e-02
1.968596e-01;2.065953e-01;5.335907e-02;4.516966e-02;3.767803e-02;6.316756e-02;2.575379e-01;1.229259e-02;2.795461e-02;5.944083e-02;8.249686e-03;3.169515e-02
1.972479e-01;1.777817e-01;6.014929e-02;4.920308e-02;3.818456e-02;6.834436e-02;2.591835e-01;1.374171e-02;1.943319e-02;6.707406e-02;8.391193e-03;4.126551e-02
1.932604e-01;1.258735e-01;5.558551e-02;4.830506e-02;4.400274e-02;7.910410e-02;3.030854e-01;1.329700e-02;1.816224e-02;6.716796e-02;9.537460e-03;4.261869e-02
1.773827e-01;8.791202e-02;5.310746e-02;4.246275e-02;4.962842e-02;8.187056e-02;3.476514e-01;1.705791e-02;2.668357e-02;5.895134e-02;1.672200e-02;4.056980e-02
1.599611e-01;8.512979e-02;5.802136e-02;4.258830e-02;6.207214e-02;9.224798e-02;3.477062e-01;1.982703e-02;2.675661e-02;4.225345e-02;1.830029e-02;4.513575e-02
1.356792e-01;6.692317e-02;8.825220e-02;5.666147e-02;9.079307e-02;1.111015e-01;2.766799e-01;2.015124e-02;2.004044e-02;5.025965e-02;2.737804e-02;5.608013e-02
8.937519e-02;3.825339e-02;1.054415e-01;4.646294e-02;1.011999e-01;1.044995e-01;3.131236e-01;2.837033e-02;4.834387e-02;4.994339e-02;3.251836e-02;4.246795e-02
4.693971e-02;6.013109e-02;6.738164e-02;1.762816e-02;7.369374e-02;7.930592e-02;5.040703e-01;2.096711e-02;5.917230e-02;3.650206e-02;2.034473e-02;1.386319e-02
1.599144e-02;6.553722e-02;2.724044e-02;1.306996e-02;5.981892e-02;7.018582e-02;6.011530e-01;1.888468e-02;5.740337e-02;3.816639e-02;2.076543e-02;1.178328e-02
2.204102e-02;7.302061e-02;3.365209e-02;1.035070e-02;5.696743e-02;6.330097e-02;5.796162e-01;2.066434e-02;6.686624e-02;3.944669e-02;2.170920e-02;1.236442e-02
2.663765e-02;8.639679e-02;5.386174e-02;1.702242e-02;4.429805e-02;4.200295e-02;5.305868e-01;3.323929e-02;8.712695e-02;3.297977e-02;3.486832e-02;1.097922e-02
5.045449e-02;9.515169e-02;8.147223e-02;1.539173e-02;3.773758e-02;2.706212e-02;4.585091e-01;4.829138e-02;8.662020e-02;3.426826e-02;5.109004e-02;1.395121e-02
4.422810e-02;1.045934e-01;9.306818e-02;1.417704e-02;5.093465e-02;2.745665e-02;4.387104e-01;4.365697e-02;7.473589e-02;3.443629e-02;5.816163e-02;1.584074e-02
4.415770e-02;1.061402e-01;9.878926e-02;1.423970e-02;5.300316e-02;2.835750e-02;4.587675e-01;3.696080e-02;5.724687e-02;2.679185e-02;6.146501e-02;1.408047e-02
7.143007e-02;1.045993e-01;7.520597e-02;1.305369e-02;6.108544e-02;3.982970e-02;4.820622e-01;2.897702e-02;3.846815e-02;1.886157e-02;5.270368e-02;1.372319e-02
4.143667e-02;9.934600e-02;6.239992e-02;1.381964e-02;5.544824e-02;4.308751e-02;5.351529e-01;2.979149e-02;2.750635e-02;2.754729e-02;4.568074e-02;1.878328e-02
3.629961e-02;8.727423e-02;7.369219e-02;1.804542e-02;4.697879e-02;2.802243e-02;5.363323e-01;4.494271e-02;3.434349e-02;3.844077e-02;3.829436e-02;1.733367e-02
6.025549e-02;5.703729e-02;1.290291e-01;3.057552e-02;5.442614e-02;3.371832e-02;4.136862e-01;6.435545e-02;4.896684e-02;5.216930e-02;3.371990e-02;2.206038e-02
6.583159e-02;3.771546e-02;1.525591e-01;5.037187e-02;6.840373e-02;2.565420e-02;2.455713e-01;8.596348e-02;7.129113e-02;6.771942e-02;9.896593e-02;2.995279e-02
5.190948e-02;5.490009e-02;1.283820e-01;4.134431e-02;6.913282e-02;1.643287e-02;2.273097e-01;1.059186e-01;7.444692e-02;4.734129e-02;1.452836e-01;3.759832e-02
5.257497e-02;7.051077e-02;8.438215e-02;2.996173e-02;6.353495e-02;1.679179e-02;2.488799e-01;1.059622e-01;6.631289e-02;4.416303e-02;1.828365e-01;3.408911e-02
4.717271e-02;8.676202e-02;3.043737e-02;1.990172e-02;4.505840e-02;2.592224e-02;2.607022e-01;7.403587e-02;1.022003e-01;6.365313e-02;2.110875e-01;3.306651e-02
5.455773e-02;8.976512e-02;2.697098e-02;3.130450e-02;3.721339e-02;3.710181e-02;2.486327e-01;3.727385e-02;1.189652e-01;9.479855e-02;1.795642e-01;4.385198e-02
7.909861e-02;8.485010e-02;3.386627e-02;5.476305e-02;4.505765e-02;6.681074e-02;2.050827e-01;4.783396e-02;1.021492e-01;1.326531e-01;9.874240e-02;4.909220e-02
9.355711e-02;6.291709e-02;5.134580e-02;7.124993e-02;5.730852e-02;8.470919e-02;1.837324e-01;8.138181e-02;8.177029e-02;1.475843e-01;4.042576e-02;4.401776e-02
8.261862e-02;5.234860e-02;7.222801e-02;6.520218e-02;6.805858e-02;7.960182e-02;2.229503e-01;8.569619e-02;7.456178e-02;9.242068e-02;7.052426e-02;3.378898e-02
1.055511e-01;6.480720e-02;1.208391e-01;3.830314e-02;6.602403e-02;7.123659e-02;2.781966e-01;4.117859e-02;7.297131e-02;4.780576e-02;7.169849e-02;2.138812e-02
1.078109e-01;5.937022e-02;1.040498e-01;2.962420e-02;5.883146e-02;6.037047e-02;2.521098e-01;5.482820e-02;7.215177e-02;8.196335e-02;9.102085e-02;2.786906e-02
8.425260e-02;5.311745e-02;7.818472e-02;2.671054e-02;5.608886e-02;4.639491e-02;2.055763e-01;9.439429e-02;6.670154e-02;9.400994e-02;1.655624e-01;2.900657e-02
8.529788e-02;5.940730e-02;5.613782e-02;3.459097e-02;4.817896e-02;4.813247e-02;1.978867e-01;1.068558e-01;7.427125e-02;6.284557e-02;1.974336e-01;2.896173e-02
1.016672e-01;7.049646e-02;5.622264e-02;3.920189e-02;4.465395e-02;5.673591e-02;2.675782e-01;9.117036e-02;6.625853e-02;5.153839e-02;1.230378e-01;3.143862e-02
1.073754e-01;8.019213e-02;4.464376e-02;4.203440e-02;4.842663e-02;6.258998e-02;3.102179e-01;7.223384e-02;5.970622e-02;5.689800e-02;7.930487e-02;3.637689e-02
9.606957e-02;7.224189e-02;7.359794e-02;3.247291e-02;3.972606e-02;6.023621e-02;3.086365e-01;6.135767e-02;6.083491e-02;9.651777e-02;5.487997e-02;4.342861e-02
7.483594e-02;6.141845e-02;8.739111e-02;1.948338e-02;3.926227e-02;4.900900e-02;2.641263e-01;4.994455e-02;7.730466e-02;1.318941e-01;1.032724e-01;4.205774e-02
6.194171e-02;4.412423e-02;6.265068e-02;2.397786e-02;3.839796e-02;5.379145e-02;3.113486e-01;5.620688e-02;6.598543e-02;1.160938e-01;1.085113e-01;5.697006e-02
9.182286e-02;3.155791e-02;5.084820e-02;3.578806e-02;4.467284e-02;5.151369e-02;3.775351e-01;7.454235e-02;7.571109e-02;5.382759e-02;5.634272e-02;5.583763e-02
1.118182e-01;4.116163e-02;1.163384e-01;2.410424e-02;5.218820e-02;4.735684e-02;2.070483e-01;8.945076e-02;6.165394e-02;7.937755e-02;1.118578e-01;5.764412e-02
8.789436e-02;6.519047e-02;1.129117e-01;2.777874e-02;6.781540e-02;6.585372e-02;1.566519e-01;7.432469e-02;5.974794e-02;8.405840e-02;1.136732e-01;8.409946e-02
6.991793e-02;6.260769e-02;9.832554e-02;3.449404e-02;8.791757e-02;8.732962e-02;2.324908e-01;5.273121e-02;4.004294e-02;1.060369e-01;6.791949e-02;6.018625e-02
8.739728e-02;5.058834e-02;1.329869e-01;4.020511e-02;1.082603e-01;9.800955e-02;2.375599e-01;3.554232e-02;3.930124e-02;9.075337e-02;3.927284e-02;4.012278e-02
7.725269e-02;4.306046e-02;2.027093e-01;5.332931e-02;1.159465e-01;9.104311e-02;2.019134e-01;4.075076e-02;3.688736e-02;6.943938e-02;3.507736e-02;3.259039e-02
4.022463e-02;3.180089e-02;3.117414e-01;7.737014e-02;1.175468e-01;7.454981e-02;1.429649e-01;4.716416e-02;2.406767e-02;5.148462e-02;5.500731e-02;2.607771e-02
2.141775e-02;2.129531e-02;4.209942e-01;8.947625e-02;9.673066e-02;6.159144e-02;1.194796e-01;3.923748e-02;1.223506e-02;3.621531e-02;6.168757e-02;1.963937e-02
1.744957e-02;1.719336e-02;4.940785e-01;8.756676e-02;8.176737e-02;3.421636e-02;8.754333e-02;3.517258e-02;1.162190e-02;5.388726e-02;5.900408e-02;2.049894e-02
1.568983e-02;1.422964e-02;4.808320e-01;8.232233e-02;9.249553e-02;4.208508e-02;7.747991e-02;6.255784e-02;1.284110e-02;4.896088e-02;5.675273e-02;1.375316e-02
1.821582e-02;2.087448e-02;4.011853e-01;8.639599e-02;1.264076e-01;6.269317e-02;7.581953e-02;9.514431e-02;1.792390e-02;3.162885e-02;4.681942e-02;1.689160e-02
3.494613e-02;2.218987e-02;2.925079e-01;7.927205e-02;1.795751e-01;8.308180e-02;8.383559e-02;8.637118e-02;2.974805e-02;3.887395e-02;3.401304e-02;3.558530e-02
6.337131e-02;1.440983e-02;1.913172e-01;6.090695e-02;2.087876e-01;1.082346e-01;1.373421e-01;6.699770e-02;4.773081e-02;3.023457e-02;2.227282e-02;4.839445e-02
1.086770e-01;2.885848e-02;1.073923e-01;3.348507e-02;1.712686e-01;1.250986e-01;2.591701e-01;5.353837e-02;4.051776e-02;2.294493e-02;1.296656e-02;3.608221e-02
1.351984e-01;5.203527e-02;4.351507e-02;1.966790e-02;1.162231e-01;1.163049e-01;4.108300e-01;3.627680e-02;2.150321e-02;2.237104e-02;9.576810e-03;1.649755e-02
1.017848e-01;8.769806e-02;3.690019e-02;1.440050e-02;6.726372e-02;8.683535e-02;5.195079e-01;2.590641e-02;2.062273e-02;1.940723e-02;8.047430e-03;1.162567e-02
4.556417e-02;1.111847e-01;5.764664e-02;8.615489e-03;5.260804e-02;8.379789e-02;5.238395e-01;3.567446e-02;2.978669e-02;2.884369e-02;1.524958e-02;7.189069e-03
2.056725e-02;1.163426e-01;9.855387e-02;1.048466e-02;6.639040e-02;9.571242e-02;4.604510e-01;3.723878e-02;2.813203e-02;3.653068e-02;2.489424e-02;4.702095e-03
4.600503e-02;1.126160e-01;1.650330e-01;2.887132e-02;8.708771e-02;7.981472e-02;3.582577e-01;3.192832e-02;2.175939e-02;3.084368e-02;2.960824e-02;8.174909e-03
4.986579e-02;1.169546e-01;2.324109e-01;6.240383e-02;9.208701e-02;4.022260e-02;2.828690e-01;3.927123e-02;1.931504e-02;2.422923e-02;2.833918e-02;1.203159e-02
8.285243e-02;1.705551e-01;2.370075e-01;7.681932e-02;6.368218e-02;1.778476e-02;2.230239e-01;4.062672e-02;2.163412e-02;2.055144e-02;3.195657e-02;1.350588e-02
1.358129e-01;2.270418e-01;1.895375e-01;5.114103e-02;5.159292e-02;2.611048e-02;1.478691e-01;3.609939e-02;3.313848e-02;3.363065e-02;3.808867e-02;2.993712e-02
1.308838e-01;2.244976e-01;1.806966e-01;4.802502e-02;7.083228e-02;4.202308e-02;8.987413e-02;4.069249e-02;3.811632e-02;4.542394e-02;3.942009e-02;4.951463e-02
6.580766e-02;1.503212e-01;1.681901e-01;8.920967e-02;6.788219e-02;4.946604e-02;1.791164e-01;5.183292e-02;4.381147e-02;5.018963e-02;3.853944e-02;4.563328e-02
8.376814e-02;1.739260e-01;1.493562e-01;8.817881e-02;6.321239e-02;4.111829e-02;1.677381e-01;5.631730e-02;5.163119e-02;5.445681e-02;3.648306e-02;3.381371e-02
5.849841e-02;1.930125e-01;2.008055e-01;5.535961e-02;7.389606e-02;3.702021e-02;1.573523e-01;6.192363e-02;4.818095e-02;3.909747e-02;4.096851e-02;3.388477e-02
1.012238e-01;2.000262e-01;2.175771e-01;4.629924e-02;6.989580e-02;3.787633e-02;8.676675e-02;4.608890e-02;5.562153e-02;2.733029e-02;5.675844e-02;5.453555e-02
1.653773e-01;1.951351e-01;2.004390e-01;4.806959e-02;4.611183e-02;4.147395e-02;5.869159e-02;4.622311e-02;6.081332e-02;3.846502e-02;3.164933e-02;6.755083e-02
1.769368e-01;1.492450e-01;2.536258e-01;4.360691e-02;4.872976e-02;3.979238e-02;6.930184e-02;3.810548e-02;4.189431e-02;3.828019e-02;2.431583e-02;7.616574e-02
1.216542e-01;1.278104e-01;2.508687e-01;3.222622e-02;4.202395e-02;4.468822e-02;9.829955e-02;4.420284e-02;4.720269e-02;4.467507e-02;3.721848e-02;1.091297e-01
8.506849e-02;1.647215e-01;1.944495e-01;3.036779e-02;3.529676e-02;3.847206e-02;8.829814e-02;5.304258e-02;5.412480e-02;5.263853e-02;7.122877e-02;1.322911e-01
1.232541e-01;1.863815e-01;1.834982e-01;5.139956e-02;3.645642e-02;3.803324e-02;5.537757e-02;4.489597e-02;5.737756e-02;4.917077e-02;8.588175e-02;8.827342e-02
1.116860e-01;1.626170e-01;2.076705e-01;4.862095e-02;3.213178e-02;3.024641e-02;1.192660e-01;5.230184e-02;3.473268e-02;6.969193e-02;5.607127e-02;7.496363e-02
1.288030e-01;1.187779e-01;1.984441e-01;4.811271e-02;4.427531e-02;3.926716e-02;1.650406e-01;5.370588e-02;2.439184e-02;5.709970e-02;4.432517e-02;7.775665e-02
1.639760e-01;5.462931e-02;1.879729e-01;5.912593e-02;4.366334e-02;6.089560e-02;1.643790e-01;4.786299e-02;5.416755e-02;4.082041e-02;6.109650e-02;6.141048e-02
1.388460e-01;8.412384e-02;1.869849e-01;6.119240e-02;4.026307e-02;6.024604e-02;1.549215e-01;6.000667e-02;5.983739e-02;4.033284e-02;5.865789e-02;5.458745e-02
8.441332e-02;9.632246e-02;1.821393e-01;5.733552e-02;4.556262e-02;3.906460e-02;2.271760e-01;6.066205e-02;6.168689e-02;3.106651e-02;4.782305e-02;6.674761e-02
9.138437e-02;9.356327e-02;1.774565e-01;5.503763e-02;5.562336e-02;4.465434e-02;2.435141e-01;4.546399e-02;6.664975e-02;3.550465e-02;4.542973e-02;4.571840e-02
1.116626e-01;7.564551e-02;1.880359e-01;5.388187e-02;6.709454e-02;5.191842e-02;1.995960e-01;3.833789e-02;6.954117e-02;4.810408e-02;5.995307e-02;3.622907e-02
