1.141501e-01;6.589074e-02;1.126410e-01;4.631156e-02;9.065903e-02;6.240300e-02;8.807509e-02;9.352679e-02;1.251262e-01;9.065090e-02;4.197545e-02;6.859002e-02
1.148618e-01;7.488380e-02;1.051354e-01;6.903821e-02;8.387838e-02;7.039781e-02;1.000425e-01;7.996524e-02;1.170317e-01;8.317690e-02;5.966309e-02;4.192521e-02
7.008483e-02;6.683204e-02;1.722353e-01;5.871358e-02;6.462671e-02;6.777965e-02;1.146166e-01;7.023687e-02;9.497381e-02;9.584266e-02;7.550381e-02;4.855414e-02
7.874177e-02;9.187914e-02;1.722812e-01;5.288332e-02;3.770310e-02;5.936521e-02;1.001644e-01;8.187231e-02;1.114481e-01;1.110851e-01;6.159229e-02;4.098397e-02
1.217842e-01;7.419344e-02;9.224483e-02;6.373180e-02;5.750985e-02;6.490535e-02;1.306415e-01;8.309658e-02;1.252141e-01;9.215406e-02;2.073504e-02;7.378931e-02
1.092656e-01;8.785684e-02;8.748563e-02;4.986616e-02;7.894687e-02;6.016438e-02;1.230233e-01;1.056260e-01;1.475930e-01;5.572981e-02;3.094468e-02;6.349767e-02
7.348138e-02;6.724058e-02;1.483064e-01;5.471918e-02;9.018736e-02;7.588666e-02;9.213371e-02;1.270904e-01;1.430893e-01;5.718836e-02;2.971572e-02;4.096088e-02
3.646334e-02;3.823082e-02;1.308520e-01;6.099969e-02;8.148186e-02;9.104148e-02;1.228569e-01;1.345057e-01;1.312614e-01;7.359469e-02;5.351463e-02;4.519745e-02
5.427478e-02;5.404202e-02;2.245384e-01;5.963440e-02;6.475224e-02;5.604245e-02;1.227526e-01;8.109415e-02;7.919251e-02;6.166382e-02;8.505892e-02;5.695374e-02
6.761285e-02;5.984915e-02;3.730393e-01;3.852888e-02;6.096952e-02;4.858249e-02;1.155470e-01;4.127644e-02;4.198528e-02;4.531987e-02;6.578142e-02;4.150783e-02
8.605745e-02;5.738897e-02;3.530370e-01;3.866855e-02;5.137500e-02;5.275987e-02;1.372328e-01;4.124871e-02;2.447668e-02;4.139401e-02;6.298769e-02;5.337324e-02
8.467545e-02;4.930563e-02;2.700886e-01;3.019071e-02;3.433394e-02;8.733723e-02;1.317236e-01;3.888234e-02;1.825948e-02;5.429741e-02;1.099028e-01;9.100287e-02
5.320942e-02;3.035789e-02;1.711304e-01;3.032766e-02;3.397042e-02;1.293520e-01;1.415209e-01;3.054294e-02;2.435674e-02;7.913405e-02;2.033974e-01;7.270024e-02
5.370840e-02;3.163578e-02;1.380194e-01;3.104222e-02;4.487471e-02;1.494213e-01;1.143570e-01;2.836024e-02;3.586736e-02;9.331562e-02;2.155436e-01;6.385435e-02
5.239778e-02;3.734963e-02;1.147514e-01;1.988889e-02;4.837075e-02;1.581821e-01;1.219603e-01;3.063478e-02;4.812257e-02;8.662054e-02;2.115613e-01;7.015993e-02
8.164655e-02;5.207292e-02;1.087751e-01;5.003620e-02;4.004253e-02;1.268948e-01;1.443194e-01;5.126089e-02;3.959605e-02;5.941251e-02;1.289007e-01;1.170423e-01
1.564849e-01;9.437126e-02;1.398765e-01;6.917457e-02;5.731784e-02;6.273703e-02;1.146447e-01;7.402541e-02;5.631354e-02;4.454701e-02;5.889693e-02;7.161017e-02
1.891889e-01;1.750166e-01;1.908531e-01;6.224678e-02;5.164793e-02;2.836135e-02;8.283059e-02;6.649332e-02;5.614375e-02;2.476587e-02;2.181797e-02;5.063387e-02
1.348885e-01;2.516581e-01;2.834267e-01;4.088503e-02;3.380105e-02;2.736446e-02;6.749041e-02;4.403291e-02;5.199102e-02;2.342055e-02;9.665134e-03;3.137604e-02
5.884219e-02;3.262567e-01;3.839569e-01;2.405246e-02;1.410241e-02;2.248657e-02;3.493686e-02;2.265988e-02;5.789737e-02;2.815271e-02;7.606970e-03;1.904903e-02
4.030876e-02;3.572029e-01;4.191534e-01;1.157308e-02;6.677007e-03;1.353527e-02;1.222700e-02;4.804505e-03;8.409622e-02;3.168478e-02;3.551342e-03;1.518569e-02
3.348086e-02;3.714386e-01;3.903560e-01;1.164785e-02;4.120850e-03;1.756718e-02;7.880180e-03;5.908425e-03;1.031354e-01;3.224181e-02;4.118327e-03;1.810446e-02
3.289321e-02;4.076377e-01;3.334898e-01;1.134403e-02;4.445260e-03;2.438088e-02;7.251614e-03;9.501010e-03;1.220300e-01;2.522728e-02;4.293033e-03;1.750621e-02
4.459682e-02;4.262494e-01;2.870367e-01;1.578231e-02;5.319686e-03;3.090591e-02;7.873785e-03;6.331373e-03;1.384667e-01;1.668539e-02;2.936231e-03;1.781566e-02
5.122578e-02;4.303861e-01;2.545233e-01;1.494779e-02;5.090319e-03;3.738879e-02;6.531030e-03;8.440824e-03;1.594583e-01;8.918492e-03;4.391742e-03;1.869754e-02
6.678402e-02;4.266222e-01;1.935345e-01;1.609530e-02;4.448292e-03;4.509567e-02;8.550946e-03;5.874894e-03;1.955281e-01;1.528209e-02;4.602678e-03;1.758130e-02
8.738599e-02;3.849951e-01;1.654738e-01;2.035341e-02;8.735640e-03;4.808738e-02;8.737176e-03;6.467917e-03;2.322176e-01;1.564536e-02;4.059533e-03;1.784102e-02
1.156190e-01;3.500423e-01;1.572112e-01;2.471515e-02;8.222491e-03;4.644768e-02;7.650475e-03;1.110589e-02;2.524076e-01;7.180916e-03;3.480604e-03;1.591664e-02
1.685448e-01;3.257518e-01;1.241822e-01;2.895893e-02;7.074943e-03;4.642559e-02;6.274159e-03;1.155733e-02;2.519788e-01;1.335949e-02;4.526243e-03;1.136578e-02
2.186860e-01;3.178261e-01;7.139523e-02;2.909742e-02;1.347282e-02;5.695890e-02;6.658021e-03;1.390104e-02;2.374254e-01;1.515986e-02;5.337723e-03;1.408155e-02
2.138169e-01;2.984678e-01;9.672147e-02;3.005482e-02;1.523523e-02;6.938870e-02;7.514212e-03;1.655293e-02;2.007144e-01;1.448984e-02;5.883461e-03;3.116018e-02
1.670968e-01;2.739609e-01;1.942359e-01;2.297982e-02;1.094858e-02;5.732203e-02;8.501519e-03;2.221414e-02;1.756789e-01;2.138433e-02;3.614604e-03;4.206251e-02
1.220046e-01;2.367426e-01;3.033175e-01;2.007022e-02;1.291926e-02;5.602548e-02;1.167712e-02;2.562010e-02;1.485484e-01;1.976498e-02;3.719993e-03;3.958971e-02
1.091611e-01;1.947885e-01;4.070629e-01;1.994866e-02;1.158373e-02;5.409365e-02;1.917665e-02;3.537393e-02;9.766146e-02;1.525759e-02;3.581665e-03;3.231010e-02
8.660074e-02;1.327710e-01;5.247316e-01;2.613840e-02;1.228635e-02;4.403757e-02;1.610175e-02;4.595065e-02;4.982803e-02;1.917912e-02;7.043982e-03;3.533076e-02
7.117680e-02;1.571696e-01;5.062687e-01;3.085478e-02;9.270767e-03;5.267431e-02;1.467179e-02;4.197680e-02;5.582164e-02;1.887247e-02;6.116903e-03;3.512540e-02
8.279263e-02;1.905195e-01;4.203359e-01;3.079915e-02;9.589906e-03;6.796314e-02;1.840120e-02;2.320450e-02;1.029792e-01;1.819397e-02;9.624935e-03;2.559610e-02
1.117924e-01;1.912102e-01;3.534409e-01;3.470248e-02;1.295118e-02;5.390621e-02;4.133832e-02;2.887571e-02;1.195404e-01;1.959124e-02;1.193441e-02;2.071660e-02
1.395379e-01;1.628249e-01;2.575042e-01;4.077132e-02;2.542355e-02;6.960984e-02;7.365554e-02;5.266585e-02;1.050681e-01;2.431824e-02;1.555613e-02;3.306447e-02
9.427565e-02;1.729115e-01;2.584637e-01;4.425642e-02;2.257185e-02;6.843010e-02;1.066057e-01;5.111350e-02;9.188166e-02;2.022319e-02;2.431775e-02;4.494889e-02
5.821990e-02;1.791381e-01;3.135475e-01;4.171565e-02;1.191605e-02;5.844447e-02;1.260296e-01;3.037132e-02;6.998274e-02;2.243790e-02;3.149509e-02;5.670170e-02
7.930130e-02;1.745184e-01;2.695258e-01;4.657956e-02;2.784662e-02;6.372913e-02;1.152687e-01;3.318050e-02;5.584256e-02;3.142253e-02;4.566078e-02;5.712414e-02
1.757143e-01;1.982797e-01;2.356406e-01;3.904328e-02;3.581179e-02;3.190987e-02;9.183081e-02;5.030567e-02;4.692246e-02;2.569628e-02;3.455574e-02;3.428942e-02
2.001084e-01;2.559126e-01;2.101421e-01;4.351753e-02;2.174442e-02;2.809805e-02;5.564455e-02;3.846267e-02;8.219587e-02;1.707759e-02;1.713865e-02;2.995751e-02
1.638445e-01;3.182352e-01;2.002561e-01;4.581991e-02;1.380798e-02;3.849262e-02;2.893781e-02;2.032395e-02;1.306775e-01;1.037357e-02;6.889729e-03;2.234109e-02
1.076258e-01;3.225090e-01;2.369120e-01;3.760695e-02;8.735026e-03;4.721444e-02;9.060756e-03;4.013851e-02;1.463386e-01;1.473333e-02;3.452994e-03;2.567258e-02
8.030141e-02;2.480998e-01;3.206612e-01;1.832482e-02;2.232545e-02;3.595559e-02;6.347138e-03;9.044720e-02;1.077587e-01;3.574812e-02;3.256034e-03;3.077458e-02
6.210655e-02;1.386967e-01;3.999748e-01;1.933662e-02;7.304124e-02;1.904355e-02;1.963918e-02;1.000394e-01;6.092375e-02;8.467894e-02;3.514370e-03;1.900487e-02
4.735302e-02;5.354134e-02;4.396118e-01;2.565211e-02;1.356192e-01;1.652511e-02;4.361816e-02;5.136428e-02;3.962161e-02;1.346149e-01;5.447485e-03;7.031044e-03
5.252992e-02;5.553021e-02;3.924805e-01;4.103376e-02;1.303545e-01;1.201260e-02;5.285195e-02;1.873496e-02;1.028236e-01;1.209625e-01;1.385158e-02;6.833929e-03
6.074204e-02;4.719244e-02;2.976223e-01;9.572243e-02;6.948896e-02;3.924172e-02;4.370870e-02;2.152635e-02;2.151571e-01;7.075909e-02;3.299049e-02;5.848374e-03
4.680433e-02;2.248719e-02;1.807173e-01;1.901383e-01;4.162567e-02;1.245886e-01;2.530630e-02;6.057231e-02;2.058671e-01;3.200103e-02;6.531700e-02;4.574883e-03
1.879809e-02;3.714579e-02;1.489364e-01;2.424439e-01;5.069420e-02;1.559765e-01;1.709794e-02;1.278688e-01;8.614156e-02;3.337806e-02;6.953957e-02;1.197925e-02
1.644755e-02;7.436442e-02;7.991266e-02;2.681812e-01;8.756274e-02;1.189312e-01;1.546294e-02;1.836149e-01;2.779724e-02;5.620633e-02;5.357318e-02;1.794566e-02
1.378143e-02;9.821434e-02;1.296863e-01;2.188436e-01;1.383449e-01;5.482671e-02;2.651596e-02;1.296229e-01;3.481136e-02;9.198821e-02;2.927706e-02;3.408721e-02
1.439638e-02;6.774857e-02;1.732930e-01;1.349329e-01;2.095812e-01;4.967794e-02;5.235038e-02;4.689156e-02;9.796793e-02;6.212860e-02;2.221807e-02;6.881346e-02
3.145590e-02;3.717511e-02;1.409141e-01;6.470785e-02;2.360759e-01;1.033615e-01;6.192134e-02;3.308691e-02;1.574726e-01;2.459706e-02;3.088926e-02;7.834251e-02
9.863131e-02;2.540721e-02;1.080779e-01;3.326195e-02;1.573544e-01;2.129676e-01;7.634104e-02;5.491023e-02;1.268296e-01;2.934941e-02;3.400564e-02;4.286364e-02
1.587745e-01;1.951806e-02;4.842488e-02;4.081826e-02;8.363660e-02;2.962574e-01;1.446604e-01;6.276598e-02;4.894798e-02;5.420900e-02;2.308638e-02;1.890055e-02
1.365274e-01;2.613401e-02;3.038601e-02;6.212198e-02;6.649322e-02;2.818879e-01;2.486746e-01;4.389686e-02;2.881882e-02;4.954718e-02;1.239034e-02;1.312176e-02
7.809468e-02;5.264980e-02;4.128361e-02;7.007754e-02;4.432643e-02;2.364569e-01;3.687877e-01;3.381654e-02;2.687435e-02;2.584099e-02;1.071252e-02;1.107892e-02
5.793476e-02;7.159349e-02;3.157486e-02;5.403507e-02;5.007899e-02;1.757623e-01;4.420535e-01;4.394733e-02;2.095337e-02;1.808668e-02;1.291660e-02;2.106312e-02
4.592015e-02;9.024185e-02;3.741746e-02;2.495033e-02;4.428895e-02;1.685752e-01;4.503106e-01;3.252427e-02;3.717375e-02;3.654538e-02;1.116631e-02;2.088576e-02
5.247482e-02;6.775879e-02;3.755894e-02;2.435597e-02;5.315129e-02;2.078513e-01;4.169687e-01;3.978877e-02;3.373860e-02;3.824878e-02;1.692203e-02;1.118203e-02
6.316789e-02;4.368854e-02;5.226390e-02;3.730245e-02;7.626426e-02;2.508862e-01;3.585882e-01;3.287049e-02;2.015115e-02;3.288467e-02;1.735050e-02;1.458170e-02
5.698838e-02;3.649872e-02;1.053726e-01;4.846535e-02;6.828415e-02;2.303392e-01;3.009278e-01;4.599161e-02;3.274335e-02;3.816595e-02;1.375392e-02;2.246902e-02
5.898489e-02;2.418029e-02;1.843609e-01;6.626094e-02;4.132591e-02;1.847861e-01;2.656261e-01;4.686946e-02;4.992047e-02;3.907555e-02;1.042237e-02;2.818704e-02
6.517034e-02;3.060625e-02;2.666577e-01;8.591841e-02;6.436249e-02;9.893479e-02;2.241902e-01;3.998092e-02;4.288922e-02;4.341626e-02;1.095742e-02;2.691602e-02
5.237060e-02;6.969814e-02;3.242258e-01;6.370167e-02;7.259718e-02;5.172925e-02;1.974162e-01;3.171841e-02;3.238961e-02;5.552727e-02;1.626749e-02;3.235840e-02
8.779278e-02;1.362290e-01;3.142633e-01;2.932658e-02;5.986201e-02;5.126831e-02;1.555774e-01;1.877664e-02;3.894783e-02;5.075199e-02;1.850123e-02;3.870304e-02
1.554016e-01;1.735084e-01;2.899441e-01;2.478366e-02;4.146659e-02;4.508812e-02;1.200309e-01;2.307403e-02;4.673076e-02;3.009993e-02;1.773812e-02;3.213381e-02
2.329672e-01;1.509133e-01;2.340505e-01;2.851829e-02;3.134883e-02;6.142155e-02;1.078991e-01;4.729962e-02;3.858913e-02;2.184635e-02;1.451236e-02;3.063379e-02
2.478766e-01;1.001014e-01;1.715450e-01;2.520069e-02;3.918967e-02;1.144838e-01;1.117397e-01;5.530237e-02;3.892748e-02;2.388377e-02;2.032218e-02;5.142734e-02
1.585837e-01;7.231171e-02;1.244603e-01;2.897048e-02;3.415504e-02;1.720368e-01;1.983200e-01;3.438209e-02;3.976356e-02;2.154163e-02;3.247079e-02;8.300386e-02
1.522702e-01;6.854026e-02;1.589929e-01;2.651270e-02;4.914099e-02;1.426263e-01;2.214243e-01;2.264041e-02;2.326397e-02;2.995022e-02;3.430600e-02;7.033171e-02
1.626463e-01;6.978543e-02;2.017162e-01;3.455142e-02;4.353234e-02;1.108213e-01;1.838430e-01;1.760678e-02;2.591823e-02;6.027954e-02;4.533748e-02;4.396207e-02
1.702211e-01;7.084698e-02;2.109335e-01;5.844924e-02;6.116108e-02;9.307612e-02;1.036449e-01;2.230783e-02;3.252090e-02;8.466083e-02;6.106767e-02;3.110986e-02
1.152219e-01;7.768443e-02;2.218562e-01;7.035140e-02;6.642228e-02;8.038922e-02;1.014530e-01;4.763130e-02;3.841989e-02;7.364460e-02;6.636864e-02;4.055717e-02
6.893092e-02;4.147885e-02;2.239392e-01;6.683906e-02;4.594436e-02;1.309722e-01;1.686549e-01;4.560188e-02;4.704078e-02;4.529610e-02;5.838438e-02;5.691731e-02
1.004612e-01;7.121145e-02;1.727844e-01;5.178224e-02;4.003708e-02;1.466172e-01;2.020511e-01;4.598834e-02;3.757944e-02;3.593879e-02;4.042437e-02;5.512435e-02
1.270172e-01;7.120462e-02;1.314643e-01;3.308795e-02;6.096802e-02;1.561576e-01;1.931092e-01;5.401216e-02;4.408519e-02;3.456360e-02;4.386887e-02;5.046118e-02
1.452202e-01;3.504899e-02;1.332112e-01;4.396797e-02;6.808432e-02;1.232890e-01;1.593432e-01;5.314009e-02;6.720962e-02;4.498580e-02;6.754267e-02;5.895689e-02
1.861806e-01;5.402703e-02;9.034884e-02;4.405059e-02;5.172537e-02;8.925860e-02;1.442424e-01;5.984641e-02;6.144133e-02;5.246383e-02;7.522393e-02;9.119116e-02
1.833610e-01;7.726682e-02;9.672298e-02;3.937823e-02;5.845458e-02;6.601800e-02;1.538915e-01;5.099940e-02;4.920221e-02;6.205851e-02;6.447089e-02;9.817578e-02
1.492357e-01;8.703068e-02;1.166450e-01;4.713700e-02;5.747039e-02;4.927924e-02;1.511675e-01;5.916148e-02;6.623659e-02;7.585451e-02;6.852448e-02;7.225738e-02
1.409485e-01;1.067037e-01;1.420436e-01;3.777948e-02;5.243569e-02;7.376321e-02;1.203992e-01;6.518114e-02;6.098409e-02;6.744443e-02;8.250646e-02;4.981044e-02
1.147561e-01;1.042526e-01;1.422643e-01;4.796805e-02;6.754355e-02;1.086505e-01;1.345133e-01;5.400405e-02;3.652541e-02;7.236523e-02;8.047902e-02;3.667795e-02
5.435566e-02;4.802984e-02;1.617061e-01;4.261359e-02;6.897250e-02;1.428261e-01;1.713287e-01;4.875090e-02;3.496224e-02;8.176140e-02;6.870430e-02;7.598867e-02
7.386464e-02;3.841480e-02;1.302211e-01;8.840656e-02;5.595928e-02;1.345149e-01;1.608948e-01;5.531470e-02;4.797816e-02;6.397565e-02;5.113538e-02;9.932001e-02
8.840290e-02;7.927296e-02;1.239470e-01;9.875925e-02;6.577381e-02;1.123592e-01;1.158742e-01;5.378570e-02;5.603460e-02;5.552349e-02;4.590587e-02;1.043611e-01
9.078548e-02;7.901577e-02;1.378342e-01;7.552765e-02;8.138215e-02;1.020940e-01;1.203083e-01;4.875143e-02;6.007411e-02;5.160142e-02;5.011649e-02;1.025091e-01
1.055286e-01;6.210491e-02;1.436275e-01;5.583994e-02;8.184052e-02;8.774402e-02;1.567961e-01;3.194932e-02;8.693021e-02;4.817330e-02;4.859935e-02;9.086621e-02
1.049256e-01;6.106078e-02;1.297992e-01;3.187908e-02;7.908985e-02;8.969162e-02;1.653720e-01;4.705720e-02;9.634074e-02;6.033508e-02;6.103452e-02;7.341436e-02
1.243751e-01;5.676759e-02;1.040971e-01;2.226563e-02;9.132390e-02;1.166301e-01;1.672378e-01;5.379640e-02;8.034712e-02;5.896807e-02;5.862947e-02;6.556170e-02
1.123303e-01;3.225277e-02;9.924567e-02;2.658679e-02;1.097565e-01;1.246826e-01;2.238551e-01;4.858462e-02;7.060860e-02;6.227129e-02;4.608835e-02;4.373740e-02
8.962636e-02;2.456132e-02;9.540562e-02;3.911590e-02;1.075499e-01;1.284912e-01;2.271582e-01;5.368969e-02;5.600582e-02;8.392525e-02;5.223208e-02;4.223869e-02
5.292981e-02;4.627719e-02;1.145690e-01;5.242128e-02;8.422747e-02;1.430783e-01;1.790095e-01;5.924850e-02;6.188185e-02;9.328315e-02;7.195675e-02;4.111728e-02
7.963258e-02;6.746456e-02;1.146847e-01;4.981084e-02;6.872956e-02;1.423958e-01;1.519747e-01;6.792396e-02;7.418353e-02;7.010014e-02;8.513713e-02;2.796253e-02
8.763050e-02;8.047596e-02;1.157055e-01;7.664639e-02;7.781760e-02;1.304194e-01;7.893230e-02;7.871429e-02;7.585890e-02;6.901789e-02;7.959570e-02;4.918555e-02
7.196786e-02;4.882326e-02;1.460889e-01;7.397268e-02;8.977774e-02;1.160605e-01;1.477026e-01;5.625237e-02;6.417238e-02;7.328604e-02;3.968288e-02;7.221287e-02
3.641614e-02;4.651690e-02;2.207533e-01;8.654054e-02;9.657378e-02;9.462718e-02;1.941528e-01;5.070043e-02;3.806071e-02;4.638948e-02;3.636349e-02;5.290525e-02
5.737881e-02;6.018801e-02;2.030454e-01;7.174388e-02;1.046246e-01;8.863242e-02;2.097034e-01;5.951232e-02;5.226115e-02;4.002579e-02;3.173874e-02;2.114543e-02
1.025158e-01;7.105009e-02;1.608346e-01;5.038495e-02;1.208911e-01;8.481725e-02;1.811871e-01;5.823729e-02;6.271638e-02;4.380002e-02;3.260785e-02;3.095776e-02
1.607387e-01;7.329533e-02;1.198216e-01;3.719915e-02;1.525026e-01;7.456185e-02;1.382927e-01;6.430943e-02;6.539793e-02;4.009396e-02;3.570295e-02;3.808378e-02
1.922859e-01;6.107818e-02;9.355336e-02;5.553107e-02;1.578736e-01;4.989064e-02;1.447337e-01;7.959531e-02;5.370523e-02;4.160464e-02;3.510460e-02;3.504378e-02
1.837864e-01;5.900497e-02;5.132725e-02;9.414113e-02;1.282260e-01;3.301829e-02;1.949162e-01;9.955691e-02;4.423173e-02;3.699060e-02;3.459555e-02;4.020495e-02
1.545978e-01;3.287200e-02;8.250017e-02;9.117390e-02;7.721283e-02;4.364645e-02;2.313725e-01;1.176015e-01;4.313793e-02;4.150737e-02;2.519588e-02;5.918168e-02
1.728422e-01;3.849972e-02;8.300970e-02;6.013156e-02;4.282466e-02;5.693636e-02;2.265108e-01;1.437765e-01;5.321350e-02;4.025548e-02;2.322178e-02;5.877762e-02
2.266355e-01;1.771211e-02;5.963993e-02;4.711935e-02;4.609995e-02;5.298786e-02;2.086137e-01;1.633778e-01;6.636452e-02;3.096413e-02;1.855708e-02;6.192796e-02
2.835898e-01;3.113189e-02;5.432846e-02;2.298529e-02;9.844259e-02;3.591930e-02;1.612150e-01;1.580296e-01;6.622753e-02;1.471748e-02;1.864058e-02;5.477250e-02
3.020833e-01;9.993681e-02;8.537679e-02;1.973220e-02;9.644327e-02;2.601404e-02;1.103708e-01;1.172914e-01;6.017950e-02;1.846083e-02;1.590680e-02;4.820423e-02
2.651062e-01;1.624243e-01;1.814889e-01;2.390369e-02;6.380771e-02;2.447627e-02;8.286604e-02;6.701957e-02;5.412219e-02;2.603078e-02;1.849846e-02;3.025592e-02
2.057036e-01;1.806643e-01;2.715946e-01;2.707551e-02;4.009967e-02;3.195089e-02;7.173070e-02;4.696604e-02;4.315451e-02;3.756229e-02;1.976691e-02;2.373092e-02
9.966526e-02;1.631592e-01;3.254347e-01;4.401576e-02;4.652140e-02;4.323987e-02;6.952925e-02;4.347989e-02;3.272740e-02;5.783432e-02;2.230651e-02;5.208651e-02
1.699206e-01;1.331743e-01;2.331538e-01;4.814757e-02;5.537393e-02;4.435006e-02;7.174462e-02;4.516083e-02;3.401047e-02;7.347385e-02;2.794168e-02;6.354837e-02
1.879625e-01;1.142493e-01;1.798182e-01;5.199468e-02;6.725295e-02;5.216160e-02;9.439088e-02;6.519125e-02;3.286998e-02;7.103376e-02;3.055055e-02;5.252428e-02
1.076679e-01;1.239291e-01;1.777477e-01;4.369384e-02;7.124472e-02;5.473861e-02;1.477064e-01;9.176604e-02;4.226892e-02;6.525208e-02;3.076033e-02;4.322444e-02
1.725963e-01;1.227079e-01;1.288017e-01;4.202968e-02;7.742044e-02;2.976345e-02;1.558506e-01;9.910101e-02;5.091308e-02;4.988358e-02;1.868328e-02;5.224902e-02
2.429318e-01;9.585261e-02;1.117249e-01;5.020369e-02;6.726733e-02;3.922721e-02;1.063612e-01;8.899538e-02;7.202952e-02;4.118907e-02;1.458809e-02;6.962918e-02
2.169780e-01;9.722274e-02;1.361819e-01;4.262636e-02;5.729000e-02;4.383757e-02;6.894574e-02;9.638905e-02;8.046049e-02;5.939272e-02;2.415219e-02;7.652322e-02
1.812311e-01;8.872566e-02;1.487393e-01;3.785147e-02;5.578190e-02;4.772019e-02;6.880297e-02;1.209702e-01;6.909210e-02;7.381307e-02;3.327017e-02;7.400185e-02
1.006192e-01;4.013225e-02;1.269771e-01;4.380155e-02;8.921054e-02;7.075471e-02;1.956980e-01;1.096675e-01;5.893125e-02;6.926612e-02;3.425717e-02;6.068459e-02
2.545149e-02;4.529058e-02;2.295543e-01;5.924779e-02;1.339188e-01;8.778730e-02;2.246999e-01;5.011803e-02;5.723600e-02;4.574363e-02;2.177012e-02;1.918199e-02
3.515561e-02;5.809538e-02;2.975781e-01;6.466135e-02;1.380218e-01;7.262100e-02;1.837467e-01;3.306164e-02;4.817223e-02;4.112254e-02;2.022620e-02;7.537447e-03
5.288772e-02;8.534513e-02;3.652838e-01;6.158635e-02;1.273585e-01;4.318787e-02;1.241397e-01;3.025824e-02;3.925131e-02;4.092762e-02;2.017144e-02;9.602252e-03
7.237761e-02;1.110794e-01;4.083078e-01;5.071751e-02;9.082127e-02;3.609646e-02;9.588080e-02;3.017679e-02;2.957808e-02;4.035161e-02;1.695890e-02;1.765374e-02
7.421756e-02;7.007500e-02;3.926752e-01;5.043778e-02;9.055144e-02;6.075335e-02;1.230331e-01;3.121389e-02;2.440185e-02;2.211753e-02;3.235383e-02;2.816939e-02
5.587183e-02;4.211576e-02;3.379718e-01;5.105390e-02;1.114079e-01;7.807908e-02;1.608978e-01;2.980554e-02;3.568526e-02;3.666965e-02;3.764220e-02;2.279930e-02
1.800978e-02;5.446334e-02;3.311694e-01;5.492985e-02;9.586952e-02;6.834255e-02;2.147637e-01;3.893753e-02;3.179177e-02;4.262570e-02;2.574547e-02;2.335132e-02
4.752227e-02;6.032586e-02;3.817139e-01;5.278119e-02;8.796289e-02;6.720097e-02;1.301374e-01;3.226460e-02;5.970280e-02;3.658936e-02;1.806463e-02;2.573409e-02
4.165459e-02;3.850939e-02;4.013929e-01;6.490549e-02;9.588267e-02;5.239095e-02;1.251291e-01;3.062503e-02;6.573345e-02;3.276953e-02;3.239803e-02;1.860888e-02
5.743116e-02;3.293348e-02;4.123082e-01;6.813914e-02;8.038342e-02;3.497751e-02;1.278026e-01;4.177183e-02;5.129339e-02;3.937451e-02;3.115652e-02;2.242819e-02
5.996131e-02;6.118655e-02;3.555235e-01;6.861190e-02;7.858889e-02;5.662882e-02;1.281740e-01;4.891524e-02;3.137704e-02;4.478271e-02;3.384573e-02;3.240431e-02
4.984533e-02;8.582042e-02;2.717598e-01;6.129654e-02;8.826067e-02;7.172685e-02;1.292850e-01;5.834600e-02;4.900834e-02;6.147810e-02;3.578701e-02;3.738592e-02
5.805140e-02;7.283440e-02;3.088008e-01;4.287056e-02;8.724780e-02;5.874279e-02;9.580187e-02;6.872656e-02;6.122098e-02;6.088912e-02;4.834408e-02;3.646972e-02
4.856333e-02;5.756530e-02;2.658468e-01;4.882627e-02;1.173705e-01;7.241039e-02;1.272193e-01;6.639641e-02;5.138356e-02;5.004796e-02;4.992703e-02;4.444318e-02
5.029627e-02;7.432824e-02;2.094919e-01;5.388884e-02;1.348919e-01;8.928491e-02;1.218010e-01;6.951776e-02;5.892591e-02;4.349926e-02;4.196189e-02;5.211205e-02
6.780814e-02;6.276795e-02;1.607218e-01;4.508309e-02;1.135882e-01;9.629550e-02;1.815666e-01;6.945238e-02;6.543888e-02;3.043505e-02;5.963293e-02;4.720945e-02
1.028436e-01;6.348803e-02;1.216048e-01;2.486689e-02;8.267404e-02;7.822080e-02;1.996317e-01;7.018653e-02;8.477917e-02;5.616288e-02;7.284270e-02;4.269879e-02
8.292494e-02;7.041520e-02;1.828205e-01;4.210919e-02;7.617936e-02;7.171176e-02;1.065471e-01;7.858658e-02;1.098794e-01;6.972408e-02;4.985607e-02;5.924579e-02
7.929868e-02;5.274262e-02;9.046173e-02;5.973520e-02;7.555432e-02;9.088941e-02;1.792555e-01;8.587255e-02;1.403164e-01;7.025281e-02;4.479186e-02;3.082889e-02
9.074405e-02;4.880661e-02;1.023079e-01;4.294309e-02;8.609870e-02;7.269058e-02;1.384192e-01;1.275893e-01;1.868807e-01;5.444453e-02;2.861185e-02;2.046359e-02
1.285600e-01;4.353660e-02;9.420601e-02;3.593370e-02;9.552170e-02;5.495749e-02;6.833722e-02;1.743865e-01;2.168069e-01;4.738321e-02;1.789859e-02;2.247209e-02
1.985373e-01;3.641777e-02;7.044119e-02;2.644132e-02;1.018772e-01;3.510537e-02;3.314737e-02;2.221287e-01;1.995223e-01;4.315480e-02;1.291925e-02;2.030738e-02
3.162516e-01;1.602912e-02;6.036257e-02;1.386945e-02;8.460095e-02;2.155378e-02;2.700375e-02;2.303957e-01;1.547421e-01;3.995219e-02;1.445123e-02;2.078757e-02
4.206246e-01;1.811071e-02;4.010366e-02;2.104671e-02;4.040361e-02;1.657095e-02;3.980261e-02;1.962647e-01;1.161903e-01;3.728249e-02;1.522366e-02;3.837601e-02
4.344548e-01;2.740781e-02;4.669932e-02;1.353138e-02;5.896618e-02;1.767720e-02;3.804792e-02;2.039006e-01;8.878029e-02;2.603441e-02;1.269553e-02;3.180455e-02
4.194030e-01;2.354440e-02;7.638547e-02;1.419729e-02;9.156055e-02;1.254346e-02;2.745411e-02;1.995887e-01;8.006932e-02;2.758946e-02;1.089976e-02;1.676450e-02
4.164070e-01;2.282508e-02;8.311193e-02;9.012604e-03;1.201692e-01;9.327112e-03;2.016277e-02;1.891784e-01;6.864441e-02;2.698553e-02;1.150862e-02;2.266740e-02
4.235446e-01;2.329686e-02;6.758112e-02;1.337396e-02;1.528032e-01;1.787491e-02;1.705407e-02;1.815710e-01;5.160210e-02;2.133707e-02;1.403268e-02;1.592848e-02
4.312134e-01;1.765405e-02;5.242390e-02;1.135384e-02;1.870475e-01;1.837705e-02;1.272698e-02;1.768817e-01;4.322455e-02;1.504599e-02;1.691768e-02;1.713344e-02
3.829534e-01;1.475515e-02;5.670387e-02;3.379006e-02;1.788881e-01;1.495683e-02;1.920516e-02;1.523548e-01;7.995027e-02;1.446710e-02;1.907544e-02;3.289978e-02
3.596599e-01;2.282614e-02;6.197362e-02;3.553037e-02;1.585637e-01;9.414037e-03;2.930460e-02;1.593166e-01;1.006549e-01;1.762549e-02;1.172016e-02;3.341032e-02
3.612261e-01;2.274474e-02;6.238864e-02;3.060454e-02;1.376918e-01;1.542921e-02;2.567445e-02;1.669855e-01;1.235982e-01;2.089052e-02;6.719833e-03;2.604641e-02
2.798194e-01;1.385735e-02;4.372428e-02;7.892805e-02;9.587853e-02;2.427962e-02;3.560153e-02;1.266279e-01;1.695677e-01;4.876640e-02;1.788517e-02;6.506404e-02
2.304002e-01;2.844193e-02;3.316785e-02;5.898432e-02;8.001658e-02;2.827297e-02;3.740159e-02;1.938705e-01;1.639254e-01;5.020940e-02;1.897522e-02;7.633393e-02
2.227433e-01;3.017317e-02;3.192612e-02;4.685264e-02;5.457589e-02;3.622165e-02;4.850538e-02;2.232481e-01;1.517553e-01;3.539938e-02;1.500666e-02;1.035924e-01
2.073616e-01;2.198615e-02;3.806797e-02;4.750932e-02;3.557597e-02;3.071671e-02;7.128043e-02;2.331686e-01;1.348958e-01;5.265277e-02;1.321903e-02;1.135657e-01
2.041592e-01;1.866592e-02;5.528128e-02;3.486985e-02;3.952710e-02;3.122926e-02;1.484980e-01;2.251264e-01;9.328201e-02;3.759303e-02;2.383079e-02;8.793717e-02
1.456159e-01;1.678855e-02;5.230943e-02;3.243999e-02;4.307095e-02;6.579151e-02;2.375079e-01;1.905753e-01;6.507742e-02;7.017168e-02;3.308477e-02;4.756656e-02
1.021288e-01;1.632236e-02;4.434410e-02;5.096566e-02;6.347138e-02;9.295727e-02;2.266196e-01;1.649413e-01;6.219901e-02;7.746568e-02;3.872116e-02;5.986367e-02
1.009320e-01;1.486180e-02;3.791257e-02;6.142132e-02;9.527685e-02;8.551766e-02;1.322131e-01;1.732158e-01;6.102112e-02;7.092036e-02;5.047845e-02;1.162290e-01
1.521767e-01;1.542323e-02;3.862766e-02;2.986023e-02;7.131446e-02;5.572302e-02;1.020915e-01;1.869991e-01;6.819531e-02;5.739956e-02;6.605116e-02;1.561381e-01
1.953118e-01;1.735599e-02;5.641240e-02;3.112042e-02;4.821291e-02;4.041490e-02;7.665432e-02;1.893658e-01;9.514516e-02;8.025184e-02;5.852463e-02;1.112299e-01
1.896779e-01;1.330347e-02;6.591140e-02;3.154974e-02;7.951289e-02;5.254579e-02;8.280735e-02;2.061140e-01;9.260586e-02;7.749858e-02;5.341377e-02;5.505925e-02
1.595103e-01;1.561357e-02;5.572130e-02;3.610044e-02;9.317018e-02;6.627053e-02;1.084309e-01;1.845214e-01;9.348848e-02;6.051975e-02;4.121130e-02;8.544183e-02
1.484833e-01;2.033350e-02;3.486498e-02;4.052790e-02;8.592326e-02;5.108620e-02;1.569999e-01;1.453743e-01;1.010954e-01;8.734243e-02;3.984041e-02;8.812856e-02
1.386741e-01;1.785165e-02;3.640290e-02;5.974479e-02;6.944205e-02;4.786430e-02;1.346713e-01;1.544975e-01;1.026834e-01;1.229712e-01;4.088724e-02;7.430957e-02
1.229837e-01;1.692250e-02;4.770181e-02;4.914818e-02;3.846677e-02;4.742328e-02;1.273105e-01;1.692864e-01;1.336102e-01;1.446602e-01;4.922993e-02;5.325650e-02
1.257890e-01;9.127970e-03;3.104630e-02;4.047971e-02;4.147197e-02;3.180730e-02;1.317553e-01;1.633484e-01;1.360658e-01;1.594034e-01;6.504677e-02;6.465808e-02
1.492781e-01;1.233063e-02;2.326374e-02;2.802155e-02;4.458665e-02;2.798475e-02;1.017995e-01;1.743245e-01;1.135949e-01;1.542820e-01;7.497465e-02;9.555901e-02
1.772827e-01;1.429897e-02;3.678443e-02;3.156089e-02;3.864786e-02;5.230084e-02;6.739695e-02;1.652572e-01;9.124178e-02;1.213152e-01;9.323315e-02;1.106800e-01
1.914966e-01;1.066959e-02;4.128302e-02;4.202306e-02;3.909126e-02;4.891594e-02;1.023397e-01;1.624562e-01;7.545000e-02;9.159159e-02;9.791069e-02;9.677240e-02
1.936694e-01;2.048749e-02;5.305007e-02;4.708226e-02;4.148680e-02;4.957336e-02;1.148168e-01;1.970934e-01;8.018137e-02;7.649177e-02;7.640076e-02;4.966662e-02
1.682750e-01;3.914225e-02;5.203541e-02;6.699578e-02;5.871420e-02;4.530681e-02;1.344332e-01;1.926047e-01;7.444038e-02;7.602662e-02;4.932812e-02;4.269746e-02
1.645852e-01;4.823016e-02;3.909082e-02;8.649128e-02;6.721339e-02;6.274948e-02;9.864561e-02;1.611647e-01;9.719073e-02;9.207606e-02;4.936804e-02;3.319446e-02
1.778802e-01;2.844653e-02;3.226810e-02;6.975923e-02;6.904576e-02;5.010144e-02;9.336317e-02;1.813883e-01;7.545199e-02;7.234418e-02;5.246926e-02;9.748179e-02
2.131033e-01;1.902658e-02;3.292244e-02;3.637283e-02;4.803814e-02;2.744693e-02;1.393450e-01;1.985901e-01;4.796905e-02;8.300953e-02;4.125371e-02;1.129224e-01
2.162463e-01;2.111716e-02;3.034027e-02;3.144469e-02;1.531647e-02;3.144165e-02;1.532238e-01;1.972210e-01;5.406296e-02;9.076090e-02;4.443220e-02;1.143927e-01
1.908127e-01;3.039997e-02;4.087221e-02;4.484358e-02;3.609563e-02;4.393350e-02;1.521356e-01;1.756694e-01;5.928631e-02;8.469019e-02;4.297976e-02;9.828117e-02
1.588627e-01;4.823165e-02;6.971761e-02;4.119724e-02;5.915981e-02;3.405522e-02;1.423613e-01;1.649493e-01;5.212791e-02;1.015965e-01;5.035517e-02;7.738562e-02
1.106165e-01;7.058267e-02;8.356732e-02;5.104208e-02;7.154415e-02;3.600445e-02;1.410449e-01;1.483065e-01;6.249468e-02;1.095987e-01;3.965452e-02;7.554344e-02
1.134114e-01;7.896234e-02;7.422223e-02;5.769422e-02;5.737311e-02;6.640541e-02;1.167763e-01;1.349524e-01;8.793851e-02;7.901495e-02;7.349887e-02;5.975024e-02
1.353491e-01;6.532508e-02;7.349110e-02;4.690418e-02;3.109306e-02;6.329983e-02;1.048166e-01;1.299983e-01;7.792755e-02;8.700033e-02;1.043360e-01;8.045881e-02
1.394647e-01;5.295904e-02;9.482759e-02;5.589971e-02;2.423826e-02;5.935531e-02;1.265574e-01;1.170328e-01;6.123388e-02;8.223740e-02;1.076536e-01;7.854033e-02
1.382180e-01;4.288378e-02;6.998320e-02;5.150924e-02;3.599947e-02;7.271358e-02;1.267960e-01;1.255231e-01;1.180271e-01;7.143725e-02;1.055998e-01;4.130951e-02
1.280796e-01;4.368486e-02;6.722008e-02;5.178536e-02;7.738774e-02;6.533065e-02;1.134988e-01;1.321995e-01;1.323388e-01;6.345470e-02;9.361427e-02;3.140564e-02
1.253140e-01;5.910373e-02;9.161600e-02;6.052371e-02;8.570178e-02;5.511117e-02;1.269757e-01;1.043565e-01;1.145884e-01;7.392607e-02;5.294870e-02;4.983416e-02
1.336904e-01;7.421888e-02;1.041062e-01;9.551701e-02;5.942112e-02;6.273402e-02;1.032205e-01;9.355295e-02;1.201136e-01;7.207056e-02;3.045367e-02;5.090122e-02
1.275646e-01;5.352717e-02;9.472618e-02;1.067773e-01;1.107615e-01;6.706747e-02;9.456831e-02;8.952468e-02;1.228892e-01;4.661561e-02;2.978963e-02;5.618827e-02
8.609825e-02;4.797999e-02;1.934185e-01;7.032874e-02;1.142508e-01;7.031193e-02;1.561809e-01;5.023829e-02;9.193262e-02;5.321633e-02;3.383040e-02;3.221319e-02
1.146674e-01;7.769981e-02;2.266277e-01;6.265071e-02;7.147729e-02;6.186228e-02;1.886282e-01;4.720348e-02;3.788717e-02;3.587440e-02;3.038218e-02;4.503940e-02
1.531222e-01;8.273369e-02;1.791482e-01;7.181303e-02;5.775279e-02;4.830216e-02;1.968087e-01;5.898177e-02;2.585623e-02;3.114140e-02;3.095017e-02;6.338961e-02
1.430580e-01;7.418454e-02;1.512569e-01;7.991473e-02;4.385210e-02;4.420102e-02;2.129424e-01;6.166684e-02;2.617217e-02;3.213596e-02;5.087609e-02;7.973920e-02
8.160783e-02;4.403224e-02;1.824399e-01;5.589979e-02;3.535453e-02;7.492453e-02;1.956272e-01;6.025637e-02;4.965711e-02;5.570572e-02;7.677013e-02;8.772466e-02
9.083214e-02;4.345606e-02;2.246799e-01;2.593834e-02;4.321599e-02;1.052146e-01;1.117562e-01;6.088498e-02;5.833002e-02;6.176457e-02;7.119139e-02;1.027358e-01
8.665837e-02;3.754683e-02;2.708669e-01;1.980827e-02;3.696780e-02;1.555878e-01;8.295260e-02;3.504103e-02;4.191050e-02;7.291920e-02;9.015708e-02;6.958354e-02
9.329029e-02;3.397629e-02;2.908939e-01;1.620105e-02;2.268287e-02;1.661932e-01;8.517926e-02;2.246421e-02;2.900123e-02;7.442088e-02;1.159892e-01;4.970763e-02
5.488816e-02;2.595514e-02;3.204602e-01;1.648101e-02;2.366246e-02;1.599157e-01;8.076473e-02;1.608672e-02;5.022821e-02;7.098274e-02;1.295772e-01;5.099775e-02
2.123611e-02;1.617722e-02;3.740590e-01;2.619078e-02;2.575369e-02;1.435966e-01;5.587293e-02;1.589418e-02;7.218060e-02;6.707510e-02;1.378913e-01;4.407256e-02
1.815076e-02;1.474054e-02;4.059501e-01;2.191169e-02;2.785492e-02;1.092417e-01;5.783989e-02;2.015881e-02;8.573073e-02;6.181360e-02;1.392279e-01;3.737932e-02
4.489575e-02;1.203389e-02;3.781478e-01;3.190538e-02;1.980632e-02;1.363387e-01;5.326338e-02;1.649219e-02;6.390404e-02;6.941615e-02;1.278143e-01;4.598212e-02
6.817570e-02;2.606524e-02;3.231678e-01;2.846945e-02;1.832558e-02;2.194025e-01;3.052708e-02;1.353289e-02;4.103501e-02;7.367654e-02;1.085216e-01;4.910059e-02
8.438041e-02;9.739786e-02;1.842179e-01;2.643357e-02;4.000303e-02;2.337759e-01;8.643136e-02;3.436412e-02;4.887952e-02;7.306589e-02;5.402064e-02;3.702977e-02
6.879392e-02;1.296034e-01;7.992753e-02;2.783360e-02;7.288148e-02;2.041136e-01;1.304943e-01;7.005861e-02;3.888934e-02;1.104715e-01;4.926646e-02;1.766612e-02
3.899206e-02;1.332755e-01;3.652594e-02;2.578789e-02;9.986285e-02;1.607088e-01;1.084798e-01;1.031925e-01;3.451070e-02;1.631694e-01;7.849358e-02;1.700099e-02
1.597782e-02;1.438200e-01;3.684447e-02;2.328366e-02;9.047846e-02;1.255224e-01;6.494407e-02;1.414687e-01;3.192789e-02;1.724221e-01;1.362674e-01;1.704309e-02
2.276639e-02;1.552632e-01;3.271646e-02;2.528644e-02;6.504223e-02;1.333391e-01;4.417701e-02;1.958498e-01;2.526211e-02;9.155526e-02;1.974464e-01;1.129558e-02
2.335160e-02;1.661626e-01;5.250422e-02;1.814799e-02;7.981960e-02;1.252141e-01;3.245135e-02;1.697152e-01;1.707075e-02;1.564523e-01;1.410366e-01;1.807384e-02
2.413061e-02;1.899399e-01;4.601502e-02;1.765524e-02;1.327405e-01;8.711850e-02;1.884577e-02;1.199555e-01;2.462529e-02;2.373617e-01;7.597592e-02;2.563597e-02
2.701293e-02;2.074111e-01;3.006805e-02;2.122917e-02;1.638094e-01;5.306868e-02;2.672394e-02;7.492893e-02;2.821453e-02;2.979694e-01;3.827161e-02;3.129227e-02
2.504358e-02;2.066107e-01;2.545420e-02;2.539957e-02;1.499386e-01;3.836414e-02;1.614841e-02;4.596112e-02;3.989819e-02;3.448467e-01;4.111027e-02;4.122461e-02
2.738714e-02;1.907476e-01;2.466869e-02;2.823931e-02;1.148911e-01;2.860105e-02;1.011959e-02;4.227757e-02;4.667208e-02;3.797261e-01;6.052499e-02;4.614481e-02
4.050188e-02;1.729814e-01;2.621667e-02;2.447353e-02;1.036854e-01;2.522310e-02;1.992650e-02;3.883625e-02;6.472929e-02;3.732654e-01;6.826641e-02;4.189410e-02
3.755946e-02;1.675434e-01;3.442781e-02;2.238303e-02;9.844380e-02;2.428084e-02;2.084788e-02;5.036978e-02;7.242919e-02;3.697995e-01;5.610129e-02;4.581399e-02
7.372886e-02;1.411028e-01;3.048310e-02;2.643733e-02;8.989849e-02;1.988560e-02;2.505408e-02;4.882912e-02;7.648464e-02;3.759040e-01;5.162570e-02;4.056637e-02
1.197257e-01;8.648057e-02;3.846835e-02;3.291470e-02;8.954088e-02;2.855860e-02;3.409575e-02;4.058470e-02;1.430982e-01;3.065029e-01;3.805510e-02;4.197443e-02
1.740324e-01;6.155016e-02;5.354897e-02;4.796440e-02;8.658441e-02;3.818418e-02;5.309992e-02;3.937067e-02;1.957718e-01;1.753326e-01;3.231372e-02;4.224680e-02
2.172613e-01;5.721678e-02;4.975078e-02;5.789486e-02;7.552537e-02;4.089700e-02;5.867519e-02;3.304093e-02;2.201924e-01;1.419954e-01;2.223239e-02;2.531759e-02
1.639605e-01;5.630731e-02;4.203663e-02;5.056072e-02;1.110683e-01;3.761468e-02;6.035339e-02;2.822174e-02;1.829387e-01;2.173383e-01;3.166107e-02;1.793866e-02
1.218339e-01;8.175750e-02;4.352009e-02;5.196748e-02;1.466604e-01;4.298026e-02;5.369373e-02;3.488217e-02;1.164577e-01;2.614292e-01;2.258656e-02;2.223094e-02
1.179952e-01;8.094002e-02;3.383575e-02;4.751660e-02;1.129691e-01;3.924637e-02;4.602925e-02;3.907584e-02;1.182285e-01;3.000201e-01;4.703502e-02;1.710824e-02
1.156616e-01;8.055867e-02;3.154328e-02;4.588136e-02;8.597265e-02;3.216061e-02;5.719988e-02;3.238519e-02;1.652681e-01;2.954185e-01;4.340668e-02;1.454341e-02
1.132275e-01;9.057148e-02;3.604288e-02;4.290096e-02;6.822506e-02;3.529830e-02;6.099321e-02;4.783569e-02;1.704783e-01;2.783696e-01;3.832304e-02;1.773385e-02
1.388392e-01;8.553386e-02;3.825734e-02;4.795085e-02;7.243789e-02;3.665269e-02;5.324262e-02;4.459420e-02;1.738792e-01;2.595084e-01;2.555243e-02;2.355140e-02
1.718630e-01;5.135681e-02;3.909355e-02;4.689576e-02;7.610329e-02;3.364342e-02;6.316850e-02;2.548897e-02;1.971832e-01;2.305535e-01;3.739922e-02;2.725069e-02
1.970355e-01;5.063037e-02;3.452805e-02;4.925534e-02;7.239684e-02;3.766192e-02;8.030793e-02;2.948818e-02;2.021962e-01;1.799251e-01;4.541940e-02;2.115517e-02
1.843362e-01;7.227296e-02;3.592443e-02;4.440827e-02;5.402965e-02;3.705950e-02;8.327249e-02;2.370527e-02;2.032613e-01;1.967360e-01;3.506577e-02;2.992818e-02
1.880931e-01;5.856691e-02;4.255105e-02;5.152495e-02;4.524871e-02;4.042471e-02;8.141273e-02;1.703858e-02;2.477325e-01;1.688271e-01;2.166746e-02;3.691224e-02
1.742356e-01;4.160460e-02;4.468169e-02;5.453700e-02;4.912455e-02;3.260979e-02;8.793018e-02;3.253337e-02;2.852139e-01;1.344770e-01;2.754133e-02;3.551105e-02
1.541944e-01;3.083226e-02;3.440312e-02;6.514994e-02;5.671510e-02;2.861188e-02;9.453270e-02;3.265051e-02;3.580657e-01;9.748579e-02;1.949242e-02;2.786619e-02
1.226010e-01;2.376361e-02;2.483391e-02;6.953383e-02;6.470411e-02;2.228451e-02;8.945846e-02;3.936253e-02;3.968231e-01;9.266128e-02;3.382481e-02;2.014881e-02
9.634076e-02;2.866651e-02;3.485819e-02;8.072899e-02;7.763152e-02;3.264068e-02;7.617270e-02;3.670937e-02;4.133748e-01;6.715310e-02;3.571104e-02;2.001237e-02
6.950548e-02;3.468300e-02;4.980167e-02;7.767777e-02;8.642267e-02;4.597398e-02;5.125869e-02;3.161314e-02;3.983457e-01;7.674398e-02;3.273632e-02;4.523760e-02
5.210818e-02;3.960674e-02;6.340740e-02;9.257381e-02;1.207403e-01;4.962502e-02;3.249364e-02;2.406996e-02;3.606168e-01;9.002748e-02;2.681274e-02;4.791788e-02
4.988152e-02;4.069235e-02;1.066953e-01;1.038169e-01;1.114280e-01;3.479014e-02;7.668072e-02;2.339932e-02;2.668276e-01;9.428997e-02;3.361313e-02;5.788504e-02
6.662912e-02;6.027611e-02;1.070631e-01;8.648402e-02;7.567980e-02;4.164376e-02;1.282446e-01;2.505234e-02;2.304086e-01;1.100122e-01;2.969983e-02;3.880640e-02
6.602931e-02;7.191073e-02;8.364864e-02;5.696370e-02;4.481227e-02;4.560093e-02;1.432861e-01;3.074271e-02;2.644069e-01;1.387579e-01;2.908486e-02;2.475581e-02
8.949215e-02;7.479709e-02;8.995201e-02;2.500124e-02;6.167332e-02;4.860999e-02;9.479494e-02;2.941703e-02;2.605110e-01;1.612283e-01;3.966722e-02;2.485574e-02
1.067637e-01;4.909794e-02;6.669960e-02;5.798443e-02;9.799591e-02;6.252675e-02;9.180682e-02;2.700098e-02;1.835764e-01;1.755719e-01;5.208287e-02;2.889274e-02
7.934187e-02;3.861945e-02;9.773130e-02;8.057658e-02;1.104203e-01;6.565848e-02;1.166775e-01;4.900386e-02;1.282353e-01;1.440493e-01;6.730817e-02;2.237787e-02
4.928979e-02;3.861963e-02;9.091667e-02;9.317958e-02;1.117602e-01;5.538751e-02;1.295538e-01;4.985572e-02;1.260071e-01;1.575285e-01;7.966026e-02;1.824127e-02
3.234393e-02;4.764894e-02;1.312582e-01;1.059078e-01;9.284534e-02;4.280804e-02;1.523898e-01;4.972976e-02;9.159379e-02;1.696196e-01;3.615725e-02;4.769747e-02
5.011702e-02;6.421290e-02;1.608069e-01;9.725275e-02;8.577415e-02;4.404619e-02;1.113295e-01;6.336163e-02;6.661003e-02;1.377262e-01;6.505191e-02;5.371085e-02
8.317357e-02;5.692109e-02;1.327314e-01;8.499457e-02;6.634907e-02;5.510247e-02;1.263448e-01;5.045030e-02;8.317541e-02;1.505803e-01;7.929561e-02;3.088141e-02
7.374795e-02;4.333241e-02;9.025884e-02;1.045585e-01;9.508005e-02;5.838995e-02;1.314872e-01;4.384885e-02;9.998650e-02;1.511222e-01;7.473867e-02;3.344886e-02
3.860709e-02;5.027705e-02;8.497587e-02;9.886927e-02;9.602260e-02;5.703456e-02;1.176786e-01;6.918622e-02;1.300888e-01;1.391683e-01;7.256728e-02;4.552431e-02
