5.794709e-02;9.237669e-02;1.480492e-01;6.978641e-02;4.658817e-02;5.029801e-02;1.037777e-01;8.093408e-02;9.283487e-02;8.580609e-02;7.974110e-02;9.186053e-02
4.825604e-02;6.748256e-02;1.354914e-01;7.338750e-02;4.819980e-02;6.019286e-02;1.907894e-01;6.143624e-02;8.529069e-02;8.111605e-02;7.493465e-02;7.342289e-02
7.785529e-02;7.297434e-02;9.670396e-02;8.556400e-02;3.902035e-02;6.090457e-02;2.234706e-01;4.251934e-02;6.544145e-02;9.005550e-02;6.300023e-02;8.249035e-02
1.242395e-01;7.164990e-02;5.721332e-02;1.238838e-01;3.533000e-02;5.193900e-02;2.392940e-01;2.735145e-02;2.356182e-02;9.497499e-02;4.203479e-02;1.085275e-01
1.532322e-01;6.919140e-02;5.846699e-02;1.513194e-01;3.109634e-02;4.945815e-02;1.984062e-01;1.781606e-02;3.412591e-02;8.025438e-02;2.644744e-02;1.301855e-01
2.009901e-01;7.243654e-02;4.430464e-02;1.309283e-01;2.066295e-02;5.332992e-02;2.211858e-01;1.563783e-02;2.941118e-02;5.176404e-02;2.961920e-02;1.297295e-01
1.828865e-01;7.282215e-02;4.507934e-02;7.962657e-02;1.931962e-02;6.595235e-02;2.822921e-01;3.343790e-02;2.715801e-02;3.388283e-02;3.661617e-02;1.209265e-01
9.417379e-02;4.767202e-02;7.230312e-02;2.711599e-02;2.347003e-02;1.055488e-01;3.862161e-01;4.786367e-02;2.826523e-02;2.268341e-02;5.320382e-02;9.148404e-02
2.385154e-02;2.490845e-02;1.070946e-01;4.782585e-02;2.265110e-02;1.575826e-01;4.119935e-01;4.641338e-02;3.156654e-02;2.070717e-02;6.548747e-02;3.991790e-02
2.922840e-02;1.758188e-02;1.530538e-01;3.975003e-02;4.496826e-02;2.243294e-01;2.980724e-01;3.110971e-02;3.581564e-02;2.455631e-02;8.271747e-02;1.881681e-02
5.058842e-02;2.252298e-02;1.762076e-01;9.323899e-03;6.912427e-02;2.751168e-01;1.661163e-01;2.008607e-02;3.116422e-02;3.680032e-02;1.118061e-01;3.114301e-02
5.317967e-02;2.623560e-02;1.634070e-01;2.703407e-02;6.972917e-02;2.756590e-01;8.436218e-02;2.334479e-02;2.591641e-02;7.639033e-02;1.400630e-01;3.467891e-02
4.253685e-02;3.951272e-02;1.346160e-01;2.699526e-02;5.553858e-02;2.074150e-01;1.240897e-01;3.264818e-02;3.999720e-02;9.355636e-02;1.587528e-01;4.434140e-02
4.831100e-02;4.331043e-02;1.112921e-01;4.038455e-02;3.951361e-02;1.185193e-01;2.026490e-01;4.365914e-02;3.975638e-02;6.733385e-02;1.761718e-01;6.909890e-02
7.628348e-02;4.318688e-02;8.090331e-02;2.809235e-02;2.790494e-02;6.391118e-02;2.444125e-01;4.375846e-02;4.121136e-02;5.501856e-02;1.632646e-01;1.320524e-01
1.184537e-01;3.551076e-02;7.315794e-02;4.169301e-02;2.258369e-02;7.831989e-02;2.684240e-01;3.551534e-02;2.340466e-02;4.804682e-02;9.600087e-02;1.588893e-01
1.580904e-01;3.995072e-02;5.828967e-02;6.215129e-02;1.132213e-02;7.157289e-02;2.560842e-01;3.289007e-02;1.816386e-02;6.269961e-02;6.502517e-02;1.637600e-01
1.887376e-01;4.229083e-02;4.991785e-02;8.711933e-02;1.162635e-02;6.563341e-02;2.377055e-01;4.340368e-02;1.940426e-02;6.623555e-02;4.925626e-02;1.386693e-01
2.250699e-01;8.204118e-02;1.119738e-01;8.813693e-02;1.760473e-02;6.836011e-02;1.830022e-01;2.808601e-02;1.859372e-02;3.889456e-02;3.626564e-02;1.019712e-01
2.000986e-01;1.219526e-01;1.195541e-01;6.888905e-02;2.443831e-02;5.655320e-02;1.646897e-01;3.164956e-02;1.748827e-02;2.491679e-02;3.064826e-02;1.391216e-01
1.273826e-01;1.459343e-01;8.394048e-02;5.897635e-02;1.868682e-02;5.655392e-02;2.311755e-01;2.963778e-02;2.123051e-02;2.004846e-02;2.466028e-02;1.817730e-01
3.518358e-02;1.936382e-01;4.484244e-02;6.516479e-02;6.780565e-03;4.128920e-02;3.345347e-01;3.371377e-02;1.867558e-02;1.505708e-02;2.567192e-02;1.854482e-01
2.720834e-02;2.122606e-01;2.835682e-02;6.835395e-02;8.974966e-03;5.019943e-02;3.783485e-01;3.946027e-02;1.070761e-02;1.110527e-02;2.243653e-02;1.425876e-01
3.954155e-02;2.159384e-01;1.965896e-02;6.993245e-02;9.210411e-03;5.604891e-02;3.815079e-01;3.498872e-02;1.210737e-02;1.109981e-02;1.720973e-02;1.327559e-01
5.781513e-02;2.065649e-01;2.377899e-02;6.826730e-02;6.283507e-03;4.186421e-02;3.709359e-01;4.062054e-02;8.631022e-03;1.474689e-02;2.205230e-02;1.384393e-01
4.711567e-02;1.682003e-01;4.202367e-02;6.027833e-02;1.144521e-02;6.442136e-02;3.615105e-01;3.901207e-02;8.597132e-03;1.579596e-02;4.152405e-02;1.400757e-01
5.369937e-02;1.133060e-01;6.412017e-02;4.271616e-02;2.303174e-02;9.619866e-02;3.403316e-01;3.603830e-02;2.159786e-02;2.419122e-02;6.567322e-02;1.190956e-01
8.294626e-02;6.975290e-02;1.014116e-01;3.214803e-02;3.239188e-02;8.745083e-02;3.212298e-01;2.932674e-02;3.484543e-02;3.903605e-02;6.937951e-02;1.000809e-01
7.855517e-02;5.151033e-02;8.844932e-02;5.129264e-02;3.452871e-02;5.318180e-02;3.040193e-01;4.559008e-02;3.262335e-02;6.423219e-02;6.357104e-02;1.324460e-01
6.943949e-02;7.970981e-02;7.517578e-02;6.253415e-02;3.444551e-02;6.590416e-02;2.548603e-01;5.576020e-02;2.299798e-02;5.729020e-02;7.574970e-02;1.461327e-01
9.988900e-02;1.124387e-01;5.606270e-02;5.043932e-02;3.231061e-02;5.840188e-02;2.002003e-01;7.905897e-02;3.019589e-02;4.454627e-02;5.894275e-02;1.775136e-01
1.076763e-01;1.302680e-01;5.546771e-02;5.349309e-02;4.746573e-02;5.825455e-02;1.581216e-01;4.087847e-02;3.933934e-02;3.708449e-02;5.537892e-02;2.165718e-01
1.108294e-01;1.290960e-01;3.628738e-02;7.339455e-02;6.166242e-02;5.695434e-02;1.334455e-01;5.026583e-02;6.033852e-02;3.596141e-02;4.788065e-02;2.038839e-01
8.284385e-02;1.223551e-01;5.373520e-02;8.615499e-02;6.411926e-02;5.903865e-02;1.830652e-01;4.948736e-02;5.832724e-02;4.992465e-02;3.565029e-02;1.552983e-01
6.954764e-02;1.005923e-01;7.965232e-02;7.820488e-02;5.042903e-02;7.167838e-02;2.232764e-01;3.390664e-02;5.605799e-02;4.378425e-02;5.681533e-02;1.360548e-01
9.940407e-02;6.466082e-02;1.183865e-01;6.452006e-02;3.530120e-02;5.545147e-02;2.064058e-01;6.376521e-02;4.754520e-02;3.876847e-02;5.783043e-02;1.479608e-01
1.023960e-01;6.269361e-02;2.276929e-01;4.162281e-02;3.832584e-02;3.873077e-02;2.052220e-01;4.858513e-02;2.871483e-02;4.770099e-02;5.621638e-02;1.020987e-01
9.449724e-02;8.878610e-02;2.514866e-01;4.379964e-02;4.960864e-02;3.237052e-02;1.749456e-01;4.104224e-02;3.620924e-02;5.088892e-02;4.684609e-02;8.951921e-02
5.010968e-02;1.114973e-01;1.565627e-01;4.794948e-02;4.467083e-02;4.310688e-02;2.572700e-01;2.990244e-02;3.130782e-02;5.421169e-02;4.630176e-02;1.271093e-01
5.518226e-02;9.200212e-02;7.276830e-02;4.036841e-02;2.790321e-02;4.580276e-02;3.194392e-01;4.038323e-02;3.226054e-02;5.856788e-02;5.555261e-02;1.597695e-01
5.393353e-02;5.413954e-02;1.081828e-01;2.464299e-02;4.372530e-02;6.437338e-02;2.860528e-01;3.200064e-02;3.224148e-02;6.824233e-02;7.263475e-02;1.598305e-01
6.405360e-02;5.495134e-02;1.602407e-01;4.829044e-02;4.581979e-02;7.010352e-02;1.999384e-01;3.900252e-02;4.883011e-02;7.301610e-02;6.074405e-02;1.350095e-01
8.416034e-02;6.148652e-02;1.454183e-01;5.661479e-02;3.369586e-02;6.314144e-02;1.780542e-01;5.824819e-02;5.757497e-02;7.576609e-02;6.916331e-02;1.166760e-01
1.025889e-01;5.464006e-02;1.211221e-01;5.587957e-02;4.029497e-02;9.518723e-02;1.342082e-01;5.668176e-02;4.673444e-02;8.111453e-02;1.076070e-01;1.039412e-01
1.689321e-01;3.576392e-02;1.297466e-01;3.477947e-02;3.740060e-02;1.301871e-01;1.038065e-01;3.525184e-02;6.795572e-02;7.553813e-02;1.174531e-01;6.318487e-02
1.969305e-01;2.094113e-02;1.610003e-01;1.797641e-02;2.429235e-02;1.627403e-01;9.511512e-02;1.856312e-02;8.875430e-02;6.015125e-02;1.178845e-01;3.565057e-02
1.814295e-01;2.074840e-02;1.625597e-01;1.458650e-02;2.984376e-02;1.889437e-01;9.178319e-02;2.689317e-02;7.834599e-02;6.417583e-02;1.223820e-01;1.830814e-02
1.315543e-01;5.394396e-02;1.044695e-01;3.929016e-02;6.289487e-02;1.737174e-01;8.684152e-02;6.534129e-02;3.936082e-02;7.979631e-02;1.312600e-01;3.153001e-02
7.704083e-02;7.601062e-02;5.746031e-02;5.999921e-02;8.612298e-02;1.285052e-01;8.443249e-02;1.108925e-01;3.157265e-02;9.917280e-02;1.246152e-01;6.417526e-02
7.703793e-02;7.235914e-02;5.754790e-02;5.930558e-02;8.039944e-02;1.045954e-01;9.255604e-02;1.318642e-01;3.239717e-02;1.004506e-01;1.167542e-01;7.473236e-02
1.131190e-01;4.762227e-02;7.502125e-02;5.003012e-02;5.045263e-02;9.165808e-02;1.470887e-01;1.356515e-01;4.748118e-02;7.549158e-02;1.186212e-01;4.776248e-02
1.423611e-01;3.971415e-02;9.330064e-02;2.456247e-02;3.447610e-02;8.662550e-02;1.789465e-01;1.184752e-01;6.044035e-02;6.338935e-02;1.190449e-01;3.866382e-02
1.596912e-01;5.684874e-02;7.992636e-02;2.483750e-02;3.967891e-02;7.013354e-02;1.287163e-01;1.314064e-01;6.470715e-02;8.623206e-02;1.139094e-01;4.391241e-02
1.524797e-01;5.793336e-02;8.300882e-02;3.965165e-02;4.173534e-02;8.063135e-02;7.745453e-02;1.272758e-01;6.374717e-02;1.099890e-01;1.326382e-01;3.345514e-02
1.436726e-01;4.532073e-02;8.511176e-02;4.790227e-02;4.749380e-02;8.939064e-02;6.985385e-02;9.801800e-02;7.128805e-02;1.065750e-01;1.441267e-01;5.124669e-02
1.515807e-01;4.158270e-02;6.874848e-02;5.052417e-02;4.291835e-02;1.020553e-01;1.072383e-01;8.172089e-02;4.828452e-02;9.462960e-02;1.267366e-01;8.398047e-02
1.395351e-01;2.887272e-02;9.549984e-02;5.052613e-02;3.942247e-02;1.028112e-01;1.525247e-01;1.058238e-01;5.093183e-02;7.969644e-02;9.310137e-02;6.125438e-02
1.301311e-01;2.106032e-02;1.208779e-01;5.598334e-02;5.665850e-02;1.095339e-01;1.474235e-01;1.226331e-01;5.432697e-02;6.411779e-02;8.526088e-02;3.199269e-02
1.264300e-01;3.580241e-02;1.091080e-01;5.109324e-02;4.387419e-02;1.191551e-01;9.573197e-02;1.140149e-01;5.212523e-02;9.653553e-02;1.154516e-01;4.067782e-02
1.111365e-01;5.794377e-02;8.535505e-02;4.218990e-02;7.433334e-02;1.288697e-01;1.058523e-01;9.351785e-02;4.137361e-02;1.000840e-01;1.180801e-01;4.126392e-02
9.419463e-02;9.250596e-02;1.088837e-01;6.191593e-02;9.292156e-02;1.343707e-01;7.593092e-02;6.247070e-02;6.495917e-02;6.591506e-02;8.833981e-02;5.759188e-02
7.896377e-02;1.235532e-01;1.519595e-01;8.452878e-02;7.162637e-02;9.608189e-02;8.279634e-02;5.894767e-02;7.044838e-02;5.984462e-02;4.909198e-02;7.215744e-02
8.341641e-02;1.212431e-01;1.793456e-01;1.015457e-01;5.103841e-02;7.599990e-02;9.274577e-02;8.095669e-02;6.161218e-02;5.422078e-02;4.372689e-02;5.414857e-02
1.043650e-01;9.502492e-02;2.389084e-01;8.183759e-02;6.884570e-02;6.073854e-02;9.702589e-02;5.004245e-02;3.384655e-02;5.845386e-02;6.008375e-02;5.082736e-02
9.081307e-02;7.728337e-02;2.118947e-01;5.374070e-02;8.913092e-02;9.319805e-02;1.333962e-01;2.429411e-02;2.457422e-02;7.137801e-02;8.800037e-02;4.229628e-02
5.386456e-02;8.200610e-02;1.663956e-01;3.639346e-02;8.924044e-02;1.475968e-01;1.225462e-01;2.399376e-02;1.930306e-02;9.432910e-02;1.312846e-01;3.304629e-02
1.914988e-02;1.391141e-01;1.020527e-01;2.295632e-02;1.128345e-01;2.069984e-01;5.242442e-02;2.269133e-02;1.449815e-02;1.108457e-01;1.739331e-01;2.250141e-02
2.414141e-02;1.804004e-01;7.813417e-02;2.320446e-02;1.389574e-01;1.918372e-01;3.519949e-02;2.376834e-02;2.272883e-02;1.171949e-01;1.483621e-01;1.607135e-02
2.575372e-02;2.040427e-01;5.523791e-02;2.844523e-02;1.461492e-01;1.873962e-01;3.957899e-02;2.621687e-02;2.855292e-02;1.246747e-01;1.218376e-01;1.211392e-02
3.421796e-02;1.446244e-01;1.315540e-01;1.204948e-02;1.243783e-01;2.309955e-01;5.283254e-02;1.570346e-02;1.690032e-02;9.817733e-02;1.262694e-01;1.229736e-02
2.828809e-02;6.545320e-02;2.376351e-01;1.489955e-02;9.109560e-02;2.718586e-01;6.062667e-02;1.564586e-02;1.866382e-02;5.422721e-02;1.267004e-01;1.490589e-02
2.682854e-02;3.728693e-02;2.609889e-01;2.629066e-02;6.282523e-02;3.015063e-01;7.678895e-02;1.095482e-02;3.111268e-02;3.130589e-02;1.176427e-01;1.646832e-02
1.903932e-02;2.025927e-02;1.887222e-01;2.391459e-02;4.043819e-02;3.017652e-01;1.781616e-01;2.402485e-02;4.726501e-02;2.725802e-02;1.005528e-01;2.859902e-02
1.677449e-02;1.732437e-02;1.019879e-01;2.428854e-02;2.836167e-02;2.358741e-01;3.401996e-01;5.241503e-02;4.626346e-02;2.284426e-02;6.383794e-02;4.982874e-02
3.540439e-02;2.128256e-02;4.545867e-02;3.929982e-02;1.367683e-02;1.270436e-01;4.371817e-01;1.100447e-01;2.977540e-02;3.042006e-02;3.182871e-02;7.858346e-02
8.057911e-02;2.592404e-02;2.947619e-02;4.810809e-02;1.092074e-02;6.115313e-02;4.207885e-01;1.526418e-01;2.006262e-02;3.055220e-02;3.566762e-02;8.412607e-02
1.713137e-01;3.530681e-02;4.403196e-02;3.217697e-02;2.110363e-02;3.603019e-02;3.145701e-01;1.949030e-01;2.186955e-02;1.805669e-02;4.876499e-02;6.187242e-02
2.262122e-01;1.008104e-01;8.128709e-02;2.021092e-02;3.013200e-02;2.633005e-02;1.856877e-01;1.838846e-01;4.488672e-02;1.787729e-02;3.870586e-02;4.397509e-02
1.807223e-01;1.959424e-01;1.645521e-01;2.155660e-02;2.684314e-02;4.231873e-02;1.026809e-01;8.723737e-02;8.309299e-02;2.186133e-02;2.656942e-02;4.662280e-02
9.324434e-02;1.928359e-01;3.397758e-01;3.006677e-02;1.875492e-02;4.728170e-02;3.755767e-02;5.019886e-02;7.741264e-02;4.104511e-02;2.659829e-02;4.522795e-02
6.670856e-02;1.159688e-01;4.412475e-01;6.145356e-02;2.164882e-02;2.979765e-02;6.446597e-02;5.756989e-02;5.375168e-02;4.270665e-02;2.286828e-02;2.181257e-02
7.422879e-02;5.536247e-02;4.000230e-01;1.301464e-01;5.316512e-02;3.859208e-02;7.740968e-02;5.721609e-02;3.810813e-02;3.014440e-02;3.243420e-02;1.316973e-02
5.306087e-02;6.533157e-02;2.211795e-01;1.958428e-01;1.493881e-01;4.969766e-02;9.698801e-02;4.582399e-02;4.246854e-02;2.014955e-02;3.683256e-02;2.323694e-02
4.222743e-02;6.465298e-02;1.064117e-01;1.767160e-01;2.414468e-01;6.056202e-02;1.007632e-01;2.480569e-02;8.592443e-02;2.796998e-02;2.945980e-02;3.905998e-02
4.332458e-02;2.175893e-02;1.311835e-01;1.207703e-01;2.517842e-01;7.800993e-02;1.112616e-01;2.499230e-02;1.244089e-01;2.407718e-02;3.217309e-02;3.625552e-02
4.977881e-02;2.827863e-02;2.140133e-01;5.208993e-02;2.032623e-01;7.856105e-02;1.361104e-01;4.229092e-02;1.034405e-01;2.124709e-02;3.444314e-02;3.648396e-02
7.386541e-02;3.659013e-02;2.383569e-01;8.034813e-02;1.601167e-01;5.861636e-02;1.454825e-01;3.890451e-02;7.004870e-02;2.471799e-02;3.390592e-02;3.904677e-02
8.903190e-02;5.389646e-02;3.536987e-01;1.147414e-01;9.216267e-02;3.660206e-02;9.956622e-02;4.612539e-02;3.676964e-02;2.530188e-02;2.439487e-02;2.770877e-02
6.280361e-02;5.124784e-02;3.967164e-01;1.039875e-01;9.819920e-02;4.630722e-02;8.534195e-02;6.733518e-02;1.810954e-02;2.547063e-02;2.074530e-02;2.373557e-02
5.973208e-02;4.576628e-02;3.032956e-01;1.133381e-01;1.318112e-01;5.026948e-02;1.225452e-01;6.964482e-02;2.558382e-02;3.254977e-02;2.293855e-02;2.252511e-02
6.305837e-02;3.392364e-02;2.411081e-01;1.108886e-01;1.375126e-01;6.059251e-02;1.444421e-01;7.017950e-02;5.383623e-02;3.206135e-02;3.322067e-02;1.917631e-02
4.802392e-02;2.460813e-02;3.921140e-01;8.134671e-02;1.129190e-01;4.414005e-02;1.075899e-01;5.486902e-02;5.401220e-02;2.631111e-02;3.408157e-02;1.998436e-02
6.357167e-02;5.114469e-02;3.298473e-01;4.938869e-02;1.222558e-01;5.809859e-02;9.308486e-02;3.603335e-02;4.581905e-02;4.744839e-02;5.968639e-02;4.362126e-02
1.125884e-01;9.009946e-02;2.679059e-01;4.993035e-02;9.096536e-02;3.300314e-02;1.251448e-01;2.895607e-02;5.895399e-02;4.647741e-02;4.911530e-02;4.685990e-02
1.546822e-01;1.266003e-01;2.332089e-01;5.669089e-02;8.139918e-02;3.648895e-02;1.395063e-01;3.513236e-02;5.549785e-02;2.466610e-02;2.597946e-02;3.014741e-02
2.005872e-01;1.411580e-01;1.832258e-01;5.214180e-02;8.472730e-02;3.957859e-02;1.468238e-01;4.165430e-02;4.709383e-02;2.568820e-02;1.142907e-02;2.589202e-02
2.147248e-01;1.256289e-01;1.987469e-01;4.013232e-02;7.783773e-02;3.517028e-02;1.470669e-01;4.709396e-02;3.873999e-02;2.933083e-02;1.445393e-02;3.107345e-02
2.119277e-01;1.061430e-01;1.221474e-01;4.814500e-02;6.428982e-02;3.183902e-02;2.394138e-01;5.029502e-02;3.476823e-02;3.536656e-02;1.669564e-02;3.896881e-02
1.469112e-01;6.304031e-02;1.506868e-01;4.963559e-02;6.664907e-02;3.854324e-02;3.206505e-01;3.553443e-02;2.739507e-02;3.126892e-02;2.577480e-02;4.391006e-02
9.082127e-02;5.048634e-02;1.631621e-01;3.370887e-02;8.052287e-02;6.151924e-02;3.355436e-01;3.379230e-02;4.177575e-02;2.781332e-02;3.562666e-02;4.522771e-02
8.256994e-02;4.200954e-02;1.451218e-01;3.702136e-02;6.800714e-02;9.545700e-02;2.600496e-01;4.477844e-02;5.207286e-02;6.119025e-02;6.573883e-02;4.598330e-02
8.542614e-02;6.588050e-02;1.397365e-01;2.904363e-02;6.913576e-02;8.866366e-02;2.716513e-01;4.394006e-02;3.222454e-02;6.765102e-02;7.068425e-02;3.596260e-02
4.159743e-02;7.749274e-02;1.560939e-01;3.619545e-02;9.816680e-02;7.190645e-02;2.732667e-01;3.871776e-02;4.182875e-02;5.463680e-02;6.906238e-02;4.103481e-02
8.566248e-02;6.799716e-02;1.605622e-01;4.360756e-02;9.645823e-02;6.482093e-02;1.929890e-01;5.567727e-02;3.658859e-02;4.848408e-02;7.651645e-02;7.063612e-02
1.610430e-01;7.655370e-02;1.390363e-01;4.769734e-02;7.046866e-02;6.924212e-02;1.182165e-01;7.889044e-02;3.725132e-02;4.641624e-02;8.313093e-02;7.205343e-02
1.801393e-01;7.259921e-02;1.449888e-01;3.750042e-02;6.218297e-02;7.933861e-02;1.118511e-01;7.224014e-02;3.548677e-02;5.771429e-02;8.280632e-02;6.315208e-02
1.592138e-01;6.553991e-02;1.743608e-01;4.408002e-02;5.395651e-02;8.649650e-02;1.385423e-01;6.168959e-02;3.179250e-02;7.157781e-02;7.734735e-02;3.540295e-02
1.176224e-01;5.014891e-02;1.767052e-01;6.613135e-02;6.887827e-02;8.502339e-02;1.819870e-01;4.992421e-02;4.120970e-02;7.065701e-02;7.906967e-02;1.264282e-02
1.347223e-01;4.440271e-02;1.506045e-01;5.619470e-02;7.338132e-02;6.511997e-02;1.324602e-01;8.146778e-02;5.009602e-02;6.385750e-02;8.975483e-02;5.793824e-02
1.642444e-01;5.081935e-02;1.985760e-01;4.892129e-02;7.308500e-02;4.894289e-02;9.132309e-02;7.301732e-02;4.103835e-02;4.954468e-02;8.032039e-02;8.016714e-02
1.605989e-01;9.510770e-02;1.269717e-01;4.180223e-02;7.894021e-02;6.606012e-02;8.747234e-02;5.771566e-02;4.489189e-02;7.385673e-02;6.848195e-02;9.810061e-02
1.181616e-01;9.696752e-02;1.607449e-01;5.468583e-02;3.809550e-02;6.735276e-02;9.773847e-02;4.546215e-02;7.195727e-02;7.214557e-02;7.645408e-02;1.002344e-01
1.649460e-01;1.350636e-01;1.754995e-01;5.480018e-02;2.599080e-02;6.318118e-02;9.472326e-02;4.522863e-02;5.873302e-02;5.287816e-02;6.109621e-02;6.785945e-02
2.037420e-01;1.332861e-01;1.632464e-01;4.687541e-02;4.522984e-02;7.368141e-02;8.851506e-02;3.929327e-02;3.761698e-02;4.188529e-02;4.071804e-02;8.591019e-02
2.450280e-01;7.877832e-02;1.239615e-01;4.523505e-02;6.555475e-02;7.107991e-02;1.190005e-01;2.891275e-02;4.058384e-02;3.890142e-02;4.315033e-02;9.981363e-02
2.669145e-01;5.102336e-02;1.418720e-01;4.748461e-02;6.206296e-02;6.449803e-02;1.598509e-01;3.054071e-02;3.220323e-02;2.547815e-02;5.741870e-02;6.065287e-02
1.767579e-01;6.915427e-02;1.462972e-01;6.105186e-02;6.144867e-02;8.228136e-02;1.723679e-01;4.952570e-02;2.919362e-02;2.978358e-02;6.403364e-02;5.810423e-02
1.619608e-01;1.110139e-01;1.733875e-01;4.787684e-02;7.373364e-02;6.906065e-02;9.710547e-02;7.387193e-02;7.166655e-02;3.627073e-02;3.091246e-02;5.313970e-02
1.736193e-01;1.160580e-01;1.493420e-01;4.670837e-02;4.942661e-02;4.337361e-02;1.333322e-01;8.801710e-02;6.259635e-02;2.600241e-02;2.532619e-02;8.619784e-02
1.427087e-01;1.205648e-01;9.596514e-02;5.482183e-02;3.161063e-02;3.042252e-02;1.984504e-01;8.385739e-02;4.409715e-02;2.158681e-02;2.793672e-02;1.479779e-01
7.817511e-02;1.254162e-01;3.966028e-02;6.438348e-02;1.445233e-02;4.743496e-02;2.892632e-01;5.363839e-02;2.418896e-02;1.889124e-02;3.141016e-02;2.130857e-01
4.201341e-02;1.185701e-01;2.672075e-02;5.100803e-02;1.749119e-02;9.650012e-02;3.221662e-01;2.963047e-02;2.619180e-02;2.038372e-02;4.009525e-02;2.092289e-01
3.215462e-02;8.983559e-02;5.598076e-02;2.231352e-02;3.838363e-02;1.537048e-01;2.548024e-01;5.270974e-02;4.144565e-02;2.564539e-02;6.059052e-02;1.724334e-01
4.830739e-02;6.228047e-02;6.505305e-02;3.133422e-02;6.423561e-02;1.860790e-01;1.844610e-01;6.640252e-02;4.512793e-02;3.881899e-02;7.773907e-02;1.301608e-01
1.041356e-01;6.085118e-02;8.529512e-02;3.335379e-02;7.334017e-02;1.799361e-01;1.139786e-01;6.789380e-02;5.127994e-02;5.385166e-02;8.414383e-02;9.194023e-02
1.275340e-01;6.594286e-02;8.903102e-02;5.150751e-02;4.241667e-02;1.006143e-01;1.824572e-01;5.482057e-02;4.837012e-02;4.502652e-02;8.085342e-02;1.114258e-01
9.504775e-02;4.141589e-02;6.396787e-02;6.525785e-02;3.792296e-02;2.607964e-02;2.653736e-01;4.295165e-02;5.342666e-02;5.023638e-02;8.072229e-02;1.775975e-01
7.624515e-02;2.933144e-02;7.024238e-02;5.067462e-02;3.267995e-02;5.577033e-02;2.460503e-01;6.636976e-02;2.607758e-02;5.321982e-02;7.954454e-02;2.137942e-01
8.122038e-02;5.759801e-02;6.531082e-02;3.333560e-02;4.167546e-02;5.909151e-02;1.968120e-01;5.791963e-02;2.953642e-02;4.999410e-02;1.100637e-01;2.174424e-01
7.442559e-02;9.653148e-02;9.144749e-02;5.675092e-02;3.640470e-02;4.126257e-02;1.277324e-01;4.418586e-02;3.931487e-02;6.862533e-02;1.209767e-01;2.023421e-01
1.355477e-01;9.337714e-02;1.415073e-01;5.237267e-02;4.247395e-02;7.706303e-02;1.102900e-01;4.526063e-02;5.440436e-02;5.484094e-02;7.422674e-02;1.186355e-01
9.415126e-02;6.808726e-02;1.256220e-01;3.647113e-02;4.244144e-02;1.039650e-01;1.486218e-01;5.517621e-02;6.754651e-02;6.409776e-02;9.395538e-02;9.986430e-02
3.438091e-02;5.030972e-02;9.980102e-02;2.946200e-02;3.590841e-02;1.270656e-01;1.828461e-01;9.771065e-02;6.678788e-02;6.948468e-02;1.227855e-01;8.345751e-02
4.809158e-02;2.017570e-02;1.049652e-01;2.880637e-02;4.357826e-02;1.030809e-01;2.110271e-01;1.141156e-01;8.429159e-02;6.186315e-02;1.209224e-01;5.908222e-02
6.040569e-02;2.712036e-02;1.101305e-01;4.909521e-02;5.243687e-02;7.046422e-02;1.444563e-01;9.817597e-02;9.598903e-02;6.348165e-02;1.296369e-01;9.860726e-02
7.005174e-02;3.449880e-02;1.289850e-01;4.687396e-02;4.694285e-02;8.043692e-02;8.107819e-02;6.121038e-02;9.509365e-02;6.197866e-02;1.435866e-01;1.492633e-01
6.502012e-02;4.305055e-02;1.299061e-01;2.575752e-02;3.607677e-02;1.319815e-01;6.945966e-02;4.648154e-02;8.570897e-02;5.096496e-02;1.466053e-01;1.689870e-01
6.001107e-02;4.136720e-02;1.161216e-01;2.284871e-02;2.657113e-02;1.851000e-01;7.642090e-02;4.311814e-02;5.770311e-02;6.368287e-02;1.586694e-01;1.483859e-01
4.398622e-02;2.740490e-02;1.199029e-01;2.303459e-02;3.420005e-02;1.787248e-01;1.250300e-01;5.338182e-02;3.431794e-02;7.184927e-02;1.781288e-01;1.100387e-01
7.112699e-02;5.044600e-02;1.041165e-01;2.792329e-02;4.246930e-02;1.291659e-01;1.403580e-01;3.912907e-02;4.487826e-02;7.845668e-02;1.817399e-01;9.019015e-02
7.234205e-02;6.841996e-02;6.643163e-02;2.222510e-02;5.723443e-02;1.375898e-01;1.596215e-01;2.459441e-02;4.568990e-02;8.768160e-02;1.882660e-01;6.990349e-02
6.038987e-02;4.272676e-02;9.839536e-02;3.666225e-02;6.020954e-02;1.680415e-01;1.636355e-01;3.104790e-02;4.678513e-02;7.457147e-02;1.660836e-01;5.145113e-02
4.690587e-02;3.643522e-02;1.092348e-01;6.144454e-02;6.549750e-02;2.008717e-01;1.357980e-01;2.345348e-02;3.704195e-02;9.073761e-02;1.463947e-01;4.618466e-02
4.993675e-02;6.780455e-02;1.179994e-01;7.502831e-02;6.972564e-02;2.139859e-01;6.560587e-02;1.748933e-02;2.006855e-02;1.008811e-01;1.714545e-01;3.002002e-02
3.441073e-02;9.600841e-02;9.052524e-02;6.040905e-02;9.508277e-02;2.243015e-01;4.877787e-02;2.415223e-02;2.377342e-02;1.066548e-01;1.634454e-01;3.245854e-02
2.713949e-02;9.838909e-02;3.235524e-02;5.315207e-02;1.325679e-01;2.333942e-01;6.407461e-02;5.011470e-02;2.556609e-02;1.124302e-01;1.404075e-01;3.040891e-02
3.553933e-02;9.195311e-02;5.333696e-02;3.478688e-02;1.407763e-01;2.255958e-01;4.039980e-02;7.954285e-02;2.415881e-02;1.133129e-01;1.324032e-01;2.819402e-02
3.407316e-02;9.850885e-02;5.161879e-02;3.331326e-02;1.542707e-01;2.187548e-01;3.824092e-02;9.090824e-02;2.230767e-02;1.074961e-01;1.244632e-01;2.604429e-02
4.046765e-02;1.205341e-01;3.680830e-02;3.755478e-02;1.784075e-01;2.143502e-01;5.128014e-02;8.733147e-02;1.652423e-02;9.984144e-02;9.784771e-02;1.905249e-02
3.536952e-02;1.452855e-01;3.843292e-02;3.530196e-02;2.090818e-01;2.044432e-01;4.152916e-02;7.665756e-02;1.321601e-02;1.014057e-01;8.446565e-02;1.481112e-02
2.583781e-02;1.437632e-01;5.080086e-02;3.636128e-02;2.304367e-01;2.011254e-01;3.427013e-02;5.930844e-02;1.428112e-02;1.002864e-01;8.854149e-02;1.498707e-02
1.497458e-02;1.093122e-01;7.668371e-02;3.040137e-02;1.966493e-01;2.447359e-01;4.898110e-02;4.758158e-02;1.110476e-02;8.936971e-02;1.117504e-01;1.845531e-02
3.835263e-02;7.572574e-02;1.194794e-01;2.078313e-02;1.347166e-01;3.224431e-01;2.780917e-02;4.148673e-02;8.535511e-03;6.619009e-02;1.247273e-01;1.975057e-02
5.148083e-02;5.697352e-02;1.657079e-01;1.833619e-02;9.960493e-02;3.260937e-01;6.020336e-02;3.179281e-02;1.117400e-02;4.036208e-02;1.115282e-01;2.674252e-02
3.540580e-02;4.770298e-02;2.010894e-01;2.614831e-02;7.941896e-02;2.966765e-01;1.097244e-01;2.764374e-02;1.997958e-02;3.550345e-02;9.547690e-02;2.523006e-02
4.074579e-02;3.171152e-02;1.621872e-01;2.468704e-02;5.085476e-02;2.658163e-01;2.163916e-01;2.367429e-02;2.591542e-02;3.727913e-02;7.433305e-02;4.640385e-02
3.883208e-02;2.964825e-02;9.350143e-02;7.551459e-02;3.775068e-02;1.566890e-01;3.494597e-01;2.351415e-02;2.447719e-02;3.124410e-02;6.146758e-02;7.790127e-02
5.101871e-02;3.902809e-02;5.595806e-02;1.216837e-01;1.712283e-02;5.862288e-02;4.129373e-01;4.788203e-02;2.017574e-02;2.160305e-02;5.542849e-02;9.853911e-02
9.959453e-02;4.225075e-02;3.762125e-02;1.174282e-01;1.167616e-02;4.175283e-02;3.683365e-01;9.261388e-02;1.405294e-02;2.529868e-02;4.786726e-02;1.015070e-01
1.799563e-01;5.181151e-02;5.402859e-02;7.544941e-02;3.388890e-02;2.720547e-02;2.756476e-01;1.551168e-01;8.010900e-03;2.058380e-02;3.110643e-02;8.719422e-02
2.563452e-01;7.000709e-02;8.364936e-02;3.888040e-02;5.778150e-02;3.026755e-02;1.905939e-01;1.687082e-01;1.550689e-02;1.310166e-02;1.656540e-02;5.859279e-02
2.914816e-01;1.270908e-01;1.270496e-01;1.325744e-02;6.061472e-02;3.468319e-02;1.002962e-01;1.094558e-01;7.294375e-02;1.335735e-02;1.879472e-02;3.097476e-02
1.992889e-01;1.977396e-01;2.282551e-01;2.087707e-02;2.757405e-02;3.404092e-02;3.724522e-02;6.013317e-02;1.342640e-01;1.407740e-02;1.603797e-02;3.046655e-02
6.924474e-02;1.970385e-01;3.195942e-01;3.450233e-02;2.029998e-02;2.365088e-02;7.470327e-02;6.749900e-02;1.162669e-01;2.868680e-02;1.246603e-02;3.604743e-02
6.659760e-02;1.451786e-01;4.153909e-01;4.417997e-02;1.838326e-02;2.414910e-02;7.198811e-02;5.277651e-02;7.733744e-02;4.439743e-02;1.246509e-02;2.715590e-02
7.001325e-02;8.090205e-02;5.038796e-01;6.578378e-02;2.493166e-02;2.662420e-02;6.857225e-02;3.395846e-02;4.237219e-02;4.633009e-02;1.885767e-02;1.777474e-02
5.557802e-02;2.232963e-02;4.698232e-01;1.177456e-01;7.026137e-02;4.423715e-02;6.194857e-02;3.241795e-02;3.290191e-02;4.006768e-02;3.556878e-02;1.712022e-02
3.472908e-02;6.334382e-02;2.604184e-01;1.657012e-01;1.650507e-01;8.316004e-02;6.115793e-02;3.408293e-02;4.444574e-02;2.486377e-02;3.810783e-02;2.493846e-02
5.291723e-02;5.101027e-02;6.924238e-02;1.448225e-01;2.295497e-01;1.222285e-01;1.719414e-01;3.746546e-02;4.960042e-02;2.122014e-02;2.501064e-02;2.499128e-02
6.959149e-02;2.081366e-02;1.381410e-01;9.814178e-02;1.644333e-01;1.256290e-01;2.605483e-01;3.726760e-02;3.560592e-02;1.203693e-02;2.039146e-02;1.739959e-02
6.754355e-02;2.153883e-02;2.024730e-01;5.263086e-02;7.194108e-02;1.090046e-01;3.408602e-01;3.815769e-02;2.137238e-02;1.998388e-02;2.890006e-02;2.559382e-02
5.645630e-02;1.340065e-02;1.892206e-01;2.709331e-02;6.762008e-02;8.032429e-02;4.011959e-01;5.938038e-02;3.187393e-02;2.271758e-02;3.443033e-02;1.628667e-02
4.792720e-02;1.406013e-02;1.799923e-01;3.592739e-02;6.873875e-02;5.566014e-02;3.958684e-01;7.960895e-02;4.031523e-02;2.661395e-02;3.170035e-02;2.358723e-02
4.345546e-02;2.987934e-02;2.181993e-01;5.805586e-02;7.566602e-02;5.080907e-02;3.163292e-01;7.181192e-02;3.887861e-02;4.568671e-02;1.776931e-02;3.345914e-02
3.928219e-02;4.504042e-02;1.648058e-01;8.257903e-02;1.008356e-01;7.503159e-02;1.983768e-01;7.208984e-02;5.118830e-02;7.540917e-02;5.201026e-02;4.335101e-02
6.217578e-02;6.105266e-02;1.592977e-01;8.261094e-02;8.172040e-02;7.399166e-02;2.166765e-01;5.195207e-02;5.299752e-02;6.426211e-02;5.107931e-02;4.218330e-02
8.649006e-02;8.005609e-02;1.599750e-01;7.994590e-02;7.389311e-02;6.622567e-02;2.468770e-01;4.420467e-02;3.004439e-02;5.989102e-02;2.954573e-02;4.285141e-02
1.006864e-01;7.105758e-02;1.554287e-01;6.330455e-02;7.353237e-02;7.284053e-02;1.486816e-01;7.895663e-02;6.538584e-02;7.873721e-02;4.511505e-02;4.627347e-02
9.395369e-02;7.200121e-02;1.054527e-01;3.902920e-02;4.671079e-02;1.121567e-01;1.247826e-01;1.172295e-01;7.197423e-02;9.838553e-02;5.759120e-02;6.073264e-02
8.873052e-02;8.143442e-02;1.431087e-01;3.892510e-02;4.663556e-02;1.104849e-01;1.224453e-01;9.020202e-02;5.561022e-02;8.482866e-02;7.616218e-02;6.143243e-02
7.689474e-02;9.374665e-02;1.983468e-01;4.510941e-02;5.773195e-02;8.033457e-02;1.261933e-01;7.697266e-02;4.596007e-02;7.018244e-02;8.794628e-02;4.058107e-02
5.294503e-02;8.289343e-02;2.505243e-01;6.400969e-02;8.084407e-02;7.162242e-02;1.052495e-01;5.140086e-02;5.846427e-02;5.169544e-02;6.726047e-02;6.309060e-02
6.980909e-02;7.959041e-02;1.785556e-01;5.654741e-02;8.416806e-02;1.279104e-01;1.019742e-01;8.098634e-02;5.171308e-02;4.957432e-02;4.222877e-02;7.694231e-02
1.050309e-01;8.083936e-02;9.038753e-02;3.409509e-02;7.709136e-02;1.151407e-01;1.818938e-01;9.697425e-02;5.999033e-02;6.327745e-02;3.725065e-02;5.802864e-02
1.137225e-01;8.061882e-02;8.333178e-02;1.901520e-02;5.577514e-02;8.568246e-02;2.111855e-01;9.365041e-02;7.685746e-02;6.572562e-02;5.865411e-02;5.578100e-02
1.326993e-01;1.213489e-01;1.871370e-01;2.609736e-02;4.546849e-02;7.535910e-02;1.322627e-01;8.916669e-02;3.862005e-02;4.161412e-02;7.036155e-02;3.986476e-02
1.503163e-01;1.265844e-01;2.833085e-01;5.460992e-02;5.690071e-02;5.810280e-02;1.070947e-01;4.451513e-02;2.859089e-02;2.773243e-02;2.875671e-02;3.348754e-02
1.491163e-01;1.083156e-01;2.336714e-01;6.596176e-02;5.821096e-02;7.308446e-02;1.507480e-01;3.837386e-02;2.362864e-02;2.740944e-02;2.709054e-02;4.438899e-02
1.314389e-01;8.367731e-02;1.645074e-01;6.721281e-02;5.240139e-02;1.002802e-01;2.034388e-01;4.607364e-02;1.980874e-02;3.639811e-02;3.916102e-02;5.560162e-02
9.255065e-02;5.404337e-02;1.398740e-01;6.435800e-02;4.600162e-02;1.241347e-01;2.222616e-01;6.310720e-02;3.181398e-02;5.488615e-02;5.175257e-02;5.521621e-02
8.411936e-02;7.570181e-02;1.284125e-01;5.064759e-02;6.310340e-02;1.093990e-01;2.023460e-01;8.541282e-02;4.097791e-02;6.439453e-02;5.408362e-02;4.140148e-02
1.330906e-01;9.984252e-02;1.293236e-01;3.952754e-02;6.672553e-02;6.058845e-02;1.599457e-01;1.090372e-01;3.890529e-02;8.232449e-02;4.573262e-02;3.495655e-02
1.495842e-01;8.523870e-02;1.484627e-01;5.336153e-02;7.840937e-02;3.942261e-02;1.483424e-01;9.182438e-02;4.592586e-02;7.623527e-02;3.584567e-02;4.734735e-02
9.282384e-02;8.045439e-02;1.841752e-01;5.880594e-02;6.799889e-02;6.530458e-02;1.952701e-01;8.073989e-02;4.336682e-02;6.251737e-02;2.573264e-02;4.281039e-02
8.566967e-02;7.580934e-02;2.319479e-01;5.134745e-02;4.807480e-02;7.943305e-02;1.629960e-01;7.404297e-02;5.128139e-02;6.894214e-02;2.880102e-02;4.165424e-02
8.976837e-02;1.012689e-01;2.133900e-01;5.837245e-02;4.755732e-02;9.023929e-02;1.411919e-01;6.696003e-02;4.294856e-02;6.014819e-02;4.353925e-02;4.461567e-02
6.149453e-02;1.217198e-01;1.552196e-01;5.505185e-02;6.587591e-02;8.211355e-02;1.360384e-01;9.225160e-02;4.999069e-02;5.238843e-02;5.228775e-02;7.556792e-02
1.012116e-01;1.161083e-01;1.890081e-01;5.301357e-02;6.071698e-02;6.149142e-02;1.055073e-01;8.864548e-02;4.844406e-02;3.451691e-02;5.031891e-02;9.101748e-02
2.145373e-01;1.485771e-01;2.601588e-01;3.289684e-02;4.408288e-02;3.971074e-02;5.404067e-02;5.723814e-02;3.821367e-02;1.803153e-02;3.176919e-02;6.074306e-02
2.133844e-01;1.505821e-01;2.798272e-01;2.055510e-02;3.842500e-02;5.322680e-02;6.937762e-02;4.299855e-02;2.792666e-02;2.347332e-02;3.670127e-02;4.352190e-02
1.575295e-01;1.416226e-01;2.663611e-01;2.818292e-02;3.406693e-02;9.449216e-02;9.615199e-02;3.006603e-02;2.401344e-02;3.000305e-02;6.108411e-02;3.642622e-02
6.232698e-02;1.258566e-01;2.127009e-01;3.174791e-02;5.239078e-02;1.757546e-01;8.623790e-02;3.104386e-02;2.762905e-02;5.575022e-02;1.080307e-01;3.053048e-02
1.138098e-01;7.706568e-02;1.292635e-01;3.212792e-02;9.648815e-02;1.867771e-01;6.225705e-02;3.620594e-02;2.129459e-02;8.710811e-02;1.239173e-01;3.368479e-02
1.036971e-01;8.324827e-02;8.100703e-02;6.729901e-02;1.399100e-01;1.542207e-01;5.878755e-02;3.562517e-02;2.533477e-02;1.188211e-01;1.121876e-01;1.986173e-02
1.135748e-01;7.336280e-02;1.303392e-01;9.524313e-02;1.261454e-01;1.013677e-01;6.849453e-02;3.206690e-02;2.820315e-02;1.144952e-01;7.927047e-02;3.743662e-02
1.071005e-01;3.314719e-02;1.886891e-01;1.042238e-01;6.523230e-02;8.184116e-02;1.155383e-01;4.723288e-02;4.306687e-02;9.562839e-02;8.099613e-02;3.730328e-02
1.172972e-01;7.181444e-02;2.066734e-01;6.718246e-02;4.138271e-02;7.901029e-02;1.162822e-01;4.297711e-02;4.188240e-02;8.454094e-02;8.697376e-02;4.398305e-02
1.391383e-01;6.287578e-02;1.865867e-01;4.362588e-02;4.297720e-02;8.154046e-02;1.074103e-01;5.018938e-02;5.685358e-02;8.703032e-02;8.697744e-02;5.479470e-02
1.526293e-01;1.041919e-01;1.777696e-01;4.150617e-02;4.434138e-02;7.736922e-02;5.472401e-02;6.353399e-02;5.909083e-02;8.785914e-02;8.495069e-02;5.203374e-02
1.386713e-01;9.735005e-02;1.890975e-01;6.663460e-02;5.757252e-02;6.882605e-02;4.821543e-02;9.114152e-02;5.307038e-02;7.060305e-02;6.626966e-02;5.254797e-02
1.172099e-01;7.593904e-02;1.925941e-01;8.043651e-02;6.377281e-02;6.540024e-02;9.406760e-02;1.037278e-01;3.853799e-02;5.790613e-02;5.794975e-02;5.245804e-02
1.387306e-01;8.046079e-02;1.340123e-01;6.063918e-02;7.132887e-02;7.619408e-02;1.448848e-01;8.728701e-02;4.322600e-02;5.088936e-02;6.047921e-02;5.186780e-02
1.495079e-01;6.260775e-02;8.651035e-02;4.847788e-02;8.491877e-02;8.426911e-02;1.564235e-01;7.453609e-02;6.043033e-02;6.601649e-02;7.407169e-02;5.223018e-02
1.454416e-01;6.020712e-02;8.168639e-02;5.905811e-02;5.835472e-02;7.622632e-02;1.129561e-01;7.533928e-02;6.716596e-02;1.010512e-01;8.562730e-02;7.688585e-02
1.140618e-01;7.356500e-02;9.224530e-02;4.904850e-02;7.025017e-02;8.727305e-02;1.110278e-01;7.490020e-02;7.185766e-02;9.183305e-02;8.260757e-02;8.132991e-02
1.055549e-01;8.764039e-02;1.237188e-01;3.998822e-02;9.789975e-02;1.007014e-01;5.403185e-02;8.798112e-02;8.731366e-02;6.178376e-02;6.620032e-02;8.718575e-02
1.023257e-01;1.031368e-01;1.269525e-01;3.984287e-02;8.466247e-02;8.822251e-02;9.121905e-02;8.482519e-02;6.145898e-02;7.074656e-02;5.948976e-02;8.711758e-02
1.104046e-01;9.592828e-02;1.042396e-01;5.209113e-02;6.919079e-02;8.526878e-02;1.274370e-01;8.280029e-02;4.726845e-02;7.666190e-02;7.298802e-02;7.572120e-02
9.508172e-02;9.363046e-02;1.444333e-01;5.599536e-02;6.921738e-02;8.680922e-02;6.523077e-02;7.919008e-02;8.400701e-02;8.427377e-02;7.939723e-02;6.273369e-02
9.113454e-02;7.679635e-02;1.320203e-01;5.378209e-02;6.801034e-02;8.058336e-02;1.124394e-01;7.507435e-02;9.865014e-02;5.956930e-02;7.570411e-02;7.623569e-02
1.164767e-01;5.617164e-02;1.645722e-01;7.852150e-02;6.645444e-02;7.385232e-02;9.279452e-02;6.665286e-02;1.020123e-01;4.068665e-02;6.110565e-02;8.069930e-02
9.726050e-02;9.964207e-02;2.925441e-01;7.160692e-02;5.200128e-02;5.300650e-02;8.771129e-02;4.086588e-02;5.473524e-02;3.598392e-02;3.982274e-02;7.481964e-02
1.260708e-01;1.298041e-01;3.653938e-01;5.335091e-02;4.872392e-02;3.769683e-02;7.523254e-02;2.555248e-02;2.760467e-02;3.353726e-02;3.688284e-02;4.014978e-02
1.591603e-01;1.257613e-01;3.359551e-01;3.802572e-02;4.982787e-02;4.211450e-02;6.435424e-02;3.193232e-02;3.619665e-02;3.561287e-02;4.149259e-02;3.956639e-02
1.456058e-01;8.409953e-02;2.831307e-01;2.870151e-02;5.145824e-02;6.666320e-02;1.126188e-01;4.041179e-02;4.645167e-02;3.898980e-02;5.675413e-02;4.511482e-02
8.103333e-02;2.760053e-02;2.365328e-01;3.523725e-02;5.900016e-02;1.282448e-01;1.431465e-01;5.347207e-02;6.102875e-02;5.451621e-02;8.924056e-02;3.094709e-02
2.557048e-02;6.826303e-02;1.999334e-01;3.869060e-02;5.453562e-02;1.908250e-01;1.216139e-01;3.840204e-02;5.769876e-02;5.762878e-02;1.168824e-01;2.995595e-02
5.191167e-02;7.355028e-02;1.647706e-01;3.296702e-02;5.072537e-02;2.417566e-01;8.766077e-02;3.044781e-02;4.418813e-02;5.307361e-02;1.360519e-01;3.289626e-02
6.300601e-02;5.642475e-02;1.587408e-01;2.053600e-02;3.936502e-02;2.325373e-01;1.111477e-01;2.573801e-02;7.613067e-02;4.187711e-02;1.275982e-01;4.689848e-02
2.989879e-02;1.949216e-02;1.546137e-01;1.640287e-02;3.776544e-02;2.090407e-01;2.008329e-01;2.767113e-02;7.373883e-02;3.944350e-02;1.207419e-01;7.035807e-02
9.064487e-02;3.209161e-02;1.640836e-01;4.844010e-02;2.788725e-02;1.069761e-01;2.425572e-01;3.842286e-02;4.308080e-02;3.135910e-02;8.716964e-02;8.728687e-02
1.453068e-01;3.771342e-02;1.610137e-01;5.965862e-02;2.789760e-02;3.547077e-02;2.389003e-01;4.792425e-02;3.834109e-02;3.645228e-02;7.146063e-02;9.986053e-02
1.547042e-01;6.821299e-02;1.316380e-01;3.956563e-02;3.585389e-02;5.194835e-02;2.054863e-01;6.151256e-02;3.288259e-02;5.067513e-02;7.985195e-02;8.766853e-02
9.885599e-02;7.728877e-02;1.082728e-01;2.368668e-02;5.981898e-02;7.654868e-02;2.497959e-01;5.184785e-02;4.432490e-02;5.683148e-02;8.508936e-02;6.763868e-02
8.751196e-02;4.199316e-02;1.563173e-01;4.240239e-02;7.405981e-02;9.775496e-02;2.281739e-01;4.329691e-02;4.867590e-02;5.824022e-02;7.033771e-02;5.123578e-02
1.023244e-01;7.364856e-02;1.283957e-01;3.845707e-02;5.195339e-02;1.064656e-01;1.780453e-01;8.360817e-02;3.318498e-02;6.821260e-02;7.003926e-02;6.566498e-02
8.863585e-02;1.059234e-01;1.424611e-01;3.711240e-02;3.904962e-02;9.687658e-02;1.199846e-01;8.865871e-02;6.318305e-02;3.664178e-02;7.994621e-02;1.015267e-01
8.827320e-02;8.643050e-02;1.438438e-01;5.360474e-02;4.898861e-02;8.959913e-02;1.474080e-01;7.398981e-02;7.845291e-02;2.220044e-02;7.282690e-02;9.438194e-02
8.049748e-02;6.730194e-02;1.241684e-01;5.113831e-02;5.440612e-02;9.240855e-02;1.761241e-01;7.158552e-02;6.980848e-02;3.018602e-02;7.212114e-02;1.102540e-01
9.649955e-02;5.509539e-02;1.419144e-01;4.120409e-02;4.247325e-02;9.744379e-02;1.647029e-01;5.392343e-02;7.309698e-02;5.051811e-02;6.344603e-02;1.196821e-01
1.065166e-01;8.558922e-02;1.234815e-01;5.437966e-02;4.263375e-02;1.068907e-01;1.234814e-01;5.248647e-02;6.969757e-02;4.641258e-02;4.971968e-02;1.387109e-01
1.155796e-01;6.144938e-02;8.813309e-02;4.088761e-02;5.064906e-02;9.994177e-02;1.500627e-01;7.841597e-02;8.167744e-02;5.237803e-02;6.707852e-02;1.137468e-01
1.118567e-01;5.858672e-02;1.112168e-01;4.512351e-02;4.894849e-02;1.063320e-01;1.455460e-01;9.829214e-02;8.638818e-02;5.312980e-02;7.044088e-02;6.413877e-02
8.895095e-02;8.159287e-02;9.846978e-02;5.749713e-02;4.370062e-02;1.260387e-01;1.488671e-01;9.834678e-02;7.094294e-02;5.032979e-02;7.778078e-02;5.748258e-02
6.257136e-02;8.205210e-02;1.227219e-01;4.585396e-02;3.851422e-02;9.432086e-02;1.843004e-01;8.793796e-02;8.756783e-02;4.902556e-02;8.345095e-02;6.168291e-02
9.891216e-02;5.390861e-02;1.226212e-01;4.857605e-02;3.661579e-02;8.675153e-02;1.994782e-01;1.021128e-01;7.577253e-02;4.826542e-02;8.241591e-02;4.456979e-02
