4.914690e-02;8.744787e-02;1.072966e-01;5.444612e-02;5.121434e-02;1.820879e-01;5.468567e-02;1.592706e-01;1.154791e-01;6.242091e-02;4.100735e-02;3.549668e-02
4.553631e-02;1.062144e-01;1.018781e-01;5.675754e-02;5.509841e-02;1.416342e-01;6.888531e-02;1.788716e-01;1.105244e-01;6.778093e-02;3.446544e-02;3.235342e-02
2.854557e-02;1.244910e-01;1.297836e-01;5.569264e-02;4.099009e-02;5.669766e-02;5.982802e-02;2.632418e-01;1.399978e-01;5.579834e-02;2.010393e-02;2.482972e-02
2.823707e-02;1.218953e-01;1.259495e-01;4.608383e-02;4.110914e-02;8.684748e-02;4.784785e-02;2.769859e-01;1.138816e-01;7.705683e-02;1.771391e-02;1.639162e-02
5.168751e-02;9.340540e-02;1.163947e-01;5.548145e-02;5.472872e-02;5.772784e-02;3.526260e-02;2.401527e-01;1.246093e-01;1.234268e-01;3.299600e-02;1.412697e-02
8.004762e-02;9.539430e-02;9.939004e-02;4.937067e-02;5.977913e-02;5.479673e-02;5.544548e-02;1.553835e-01;1.458939e-01;1.211626e-01;5.311606e-02;3.021998e-02
8.203407e-02;1.056648e-01;9.943096e-02;5.089030e-02;6.222640e-02;8.669009e-02;5.514157e-02;1.379420e-01;1.299431e-01;7.976037e-02;7.190171e-02;3.837466e-02
6.579276e-02;1.132134e-01;1.280809e-01;4.089050e-02;5.513312e-02;1.525225e-01;3.765917e-02;1.644722e-01;1.191300e-01;5.820884e-02;3.377349e-02;3.112307e-02
4.945448e-02;1.877520e-01;1.636940e-01;2.955356e-02;4.273405e-02;1.067203e-01;1.770267e-02;1.725385e-01;9.900589e-02;6.345786e-02;1.563408e-02;5.175256e-02
1.283832e-01;1.975648e-01;1.580220e-01;2.515898e-02;4.153278e-02;6.018774e-02;1.656300e-02;1.573466e-01;8.403903e-02;6.077820e-02;2.174882e-02;4.867480e-02
2.342006e-01;1.723197e-01;1.275258e-01;2.445639e-02;3.197578e-02;3.915725e-02;3.529485e-02;1.451420e-01;6.255686e-02;5.875910e-02;1.959420e-02;4.901743e-02
2.917445e-01;1.036885e-01;6.506453e-02;6.591050e-02;2.236823e-02;4.360492e-02;6.106844e-02;1.388101e-01;2.857829e-02;7.504638e-02;1.980016e-02;8.431545e-02
1.887371e-01;4.333408e-02;2.914195e-02;1.568847e-01;2.154720e-02;2.787871e-02;1.178574e-01;9.242696e-02;2.018720e-02;9.283020e-02;2.246089e-02;1.867137e-01
5.260568e-02;4.240806e-02;2.304289e-02;2.350480e-01;9.350009e-03;2.288271e-02;1.836342e-01;3.519807e-02;1.545170e-02;7.073804e-02;1.840932e-02;2.912312e-01
3.112279e-02;4.716248e-02;2.552806e-02;2.363229e-01;1.080861e-02;1.915090e-02;2.153845e-01;1.998030e-02;1.147182e-02;4.325551e-02;1.520000e-02;3.246121e-01
2.457987e-02;5.433009e-02;4.711484e-02;1.807334e-01;9.533657e-03;3.391667e-02;2.183557e-01;2.448224e-02;9.419004e-03;4.417164e-02;8.939202e-02;2.639709e-01
4.654032e-02;7.750266e-02;7.726124e-02;1.015688e-01;9.720523e-03;6.197045e-02;2.201077e-01;3.590770e-02;2.131776e-02;6.016369e-02;1.644045e-01;1.235346e-01
5.096461e-02;8.119690e-02;5.195995e-02;5.357708e-02;8.142933e-03;6.311224e-02;2.541800e-01;5.651607e-02;2.520137e-02;4.290480e-02;9.457031e-02;2.176736e-01
7.128048e-02;7.669875e-02;4.970977e-02;6.390464e-02;1.228559e-02;6.666003e-02;2.455343e-01;5.029330e-02;2.693042e-02;2.127571e-02;4.678942e-02;2.686376e-01
7.860658e-02;6.674320e-02;3.757165e-02;1.137370e-01;1.069128e-02;6.283724e-02;2.568507e-01;4.111169e-02;1.949664e-02;1.755306e-02;5.597899e-02;2.388220e-01
4.892061e-02;5.180468e-02;3.111556e-02;1.251064e-01;6.441953e-03;5.303130e-02;2.866424e-01;3.962906e-02;1.317897e-02;1.925491e-02;3.886570e-02;2.860084e-01
2.150517e-02;3.717609e-02;2.931999e-02;1.130294e-01;6.688630e-03;4.307555e-02;3.141527e-01;3.184547e-02;1.810151e-02;2.169093e-02;3.258304e-02;3.308316e-01
5.140605e-02;2.418206e-02;2.247909e-02;1.311141e-01;1.218566e-02;2.487644e-02;2.807891e-01;4.465265e-02;2.157568e-02;1.716527e-02;1.713463e-02;3.524392e-01
1.403212e-01;3.802958e-02;1.517106e-02;1.399966e-01;2.414519e-02;1.194298e-02;2.058289e-01;7.327034e-02;1.857274e-02;2.668563e-02;1.802816e-02;2.880076e-01
1.743544e-01;3.812320e-02;2.656530e-02;1.328024e-01;3.784481e-02;2.460016e-02;1.632610e-01;1.025229e-01;1.832494e-02;4.132876e-02;2.330546e-02;2.169666e-01
1.939038e-01;3.673420e-02;3.249135e-02;1.279250e-01;3.602389e-02;2.344968e-02;1.205762e-01;1.335011e-01;2.402773e-02;4.859546e-02;2.228465e-02;2.004870e-01
3.423171e-01;3.981458e-02;3.291661e-02;6.603563e-02;6.309287e-02;2.066370e-02;4.035661e-02;1.939373e-01;2.334315e-02;4.161901e-02;2.021850e-02;1.156849e-01
4.355191e-01;3.541855e-02;2.978919e-02;2.883682e-02;8.989683e-02;1.800080e-02;4.981680e-02;2.404000e-01;1.685791e-02;2.564798e-02;1.598690e-02;1.382907e-02
4.172708e-01;3.203853e-02;3.594361e-02;3.212176e-02;8.630320e-02;1.178897e-02;2.910421e-02;2.551700e-01;1.196154e-02;1.538136e-02;2.996480e-02;4.295111e-02
3.545176e-01;4.461950e-02;4.281092e-02;2.298159e-02;6.829508e-02;1.186221e-02;6.622670e-02;2.721780e-01;8.457351e-03;1.391859e-02;3.395643e-02;6.017608e-02
2.569937e-01;5.906929e-02;4.129941e-02;1.954324e-02;5.583293e-02;1.642061e-02;1.334123e-01;2.780104e-01;1.438298e-02;1.524456e-02;2.970992e-02;8.008069e-02
1.671904e-01;8.128072e-02;6.274045e-02;2.460262e-02;5.523039e-02;5.035803e-02;1.702185e-01;2.382608e-01;2.693485e-02;1.924290e-02;3.726832e-02;6.667206e-02
1.889789e-01;6.793801e-02;8.112556e-02;3.250460e-02;5.456383e-02;5.730652e-02;1.580330e-01;1.764472e-01;4.588537e-02;2.493359e-02;2.744739e-02;8.483597e-02
2.715252e-01;1.108740e-01;7.246014e-02;2.548216e-02;3.049351e-02;3.721768e-02;1.246094e-01;1.267895e-01;5.327461e-02;1.711279e-02;4.611982e-02;8.404117e-02
2.924431e-01;9.039526e-02;3.754309e-02;3.833382e-02;2.815383e-02;6.322997e-02;8.943264e-02;1.629067e-01;6.578398e-02;2.719090e-02;4.745338e-02;5.713339e-02
2.201850e-01;1.240309e-01;8.513983e-02;4.754930e-02;2.776354e-02;6.205153e-02;7.432249e-02;1.706055e-01;6.066166e-02;2.725068e-02;3.356687e-02;6.687271e-02
1.840090e-01;1.784868e-01;7.878163e-02;3.331025e-02;3.071510e-02;4.296541e-02;9.382182e-02;1.367513e-01;4.476072e-02;2.881742e-02;2.512668e-02;1.224540e-01
1.664281e-01;2.038045e-01;8.393875e-02;2.213570e-02;2.528222e-02;3.924895e-02;1.153557e-01;1.282463e-01;3.825939e-02;3.210697e-02;2.188407e-02;1.233093e-01
1.718368e-01;1.538355e-01;8.458862e-02;3.081837e-02;1.912091e-02;4.572882e-02;1.321448e-01;1.579803e-01;4.815425e-02;3.366265e-02;1.945984e-02;1.026691e-01
1.747000e-01;1.882427e-01;1.284833e-01;3.687410e-02;1.470481e-02;3.300691e-02;8.805485e-02;1.510993e-01;4.157968e-02;2.766735e-02;2.437079e-02;9.121618e-02
1.681314e-01;2.675992e-01;1.728443e-01;4.118046e-02;1.381150e-02;3.338818e-02;2.487956e-02;9.073728e-02;4.686390e-02;2.707735e-02;3.630420e-02;7.718277e-02
1.771782e-01;2.885624e-01;1.613471e-01;5.165678e-02;2.097597e-02;2.806595e-02;3.516487e-02;9.725966e-02;6.343011e-02;2.316137e-02;3.267947e-02;2.051812e-02
1.500259e-01;1.687543e-01;1.335543e-01;4.774571e-02;2.569029e-02;3.061852e-02;5.211622e-02;1.611557e-01;6.490787e-02;2.685178e-02;4.195577e-02;9.662369e-02
1.210654e-01;8.994192e-02;1.159676e-01;3.973531e-02;2.712830e-02;5.336469e-02;2.735873e-02;1.993951e-01;6.487999e-02;5.436075e-02;6.439683e-02;1.424053e-01
1.309384e-01;1.897657e-01;1.137102e-01;3.275312e-02;2.175852e-02;2.259254e-02;3.880349e-02;1.539491e-01;5.704216e-02;5.089998e-02;6.206874e-02;1.257181e-01
1.416342e-01;2.249697e-01;8.776711e-02;3.462252e-02;2.019710e-02;2.984298e-02;7.018038e-02;1.372979e-01;6.212316e-02;4.018504e-02;4.997196e-02;1.012079e-01
1.388588e-01;2.337065e-01;9.943818e-02;2.661332e-02;2.043155e-02;2.948600e-02;7.873098e-02;1.110288e-01;6.897268e-02;4.139575e-02;4.537551e-02;1.059619e-01
1.278007e-01;2.394661e-01;1.433537e-01;2.344432e-02;1.361588e-02;2.906940e-02;8.347765e-02;1.115880e-01;6.169251e-02;4.831784e-02;3.417505e-02;8.399879e-02
1.090759e-01;2.420150e-01;1.289891e-01;2.168695e-02;1.386294e-02;6.193125e-02;9.864247e-02;1.123168e-01;7.030512e-02;4.901464e-02;3.522182e-02;5.693806e-02
6.903835e-02;1.866398e-01;1.061526e-01;2.882799e-02;2.744239e-02;6.363693e-02;9.362561e-02;1.278298e-01;9.782439e-02;4.278212e-02;3.989492e-02;1.163051e-01
1.023457e-01;2.025394e-01;7.098112e-02;2.584753e-02;3.488669e-02;3.921480e-02;1.104538e-01;1.267088e-01;1.035724e-01;3.302284e-02;4.298795e-02;1.074392e-01
9.507950e-02;2.164484e-01;9.949349e-02;3.004996e-02;3.374588e-02;1.894059e-02;9.619472e-02;1.276034e-01;8.894861e-02;3.396677e-02;5.467965e-02;1.048491e-01
1.262458e-01;1.791770e-01;1.310194e-01;3.527100e-02;2.352863e-02;3.025666e-02;5.357317e-02;1.173261e-01;1.007267e-01;5.018158e-02;6.652692e-02;8.616716e-02
1.428246e-01;1.751354e-01;1.288188e-01;2.979100e-02;2.302742e-02;4.476977e-02;4.265618e-02;1.050071e-01;1.088174e-01;5.781997e-02;4.220236e-02;9.913000e-02
1.220838e-01;1.694874e-01;8.836281e-02;2.179847e-02;2.651331e-02;5.617772e-02;6.560445e-02;1.075522e-01;9.843189e-02;5.461521e-02;7.217143e-02;1.172013e-01
9.257372e-02;1.828415e-01;9.834018e-02;4.211216e-02;1.874054e-02;6.341125e-02;8.241123e-02;1.059597e-01;8.473241e-02;4.615162e-02;1.022791e-01;8.044656e-02
8.311773e-02;1.912616e-01;1.071490e-01;4.276869e-02;1.805329e-02;4.055588e-02;6.707600e-02;7.810383e-02;6.378115e-02;4.242668e-02;7.343238e-02;1.922738e-01
1.285035e-01;2.009585e-01;7.763963e-02;3.006935e-02;2.042543e-02;1.748231e-02;5.319270e-02;8.777002e-02;6.446960e-02;4.292451e-02;5.478352e-02;2.217810e-01
1.224906e-01;2.474763e-01;1.137999e-01;1.203040e-02;1.870072e-02;2.084588e-02;5.384678e-02;8.387021e-02;6.495194e-02;4.009509e-02;6.039019e-02;1.615021e-01
1.069785e-01;2.433908e-01;9.588239e-02;1.334832e-02;2.261201e-02;3.964980e-02;9.361111e-02;8.577971e-02;6.293935e-02;3.213933e-02;4.151460e-02;1.621540e-01
9.211877e-02;2.367362e-01;9.543943e-02;1.829119e-02;2.783271e-02;4.619480e-02;1.051174e-01;1.014602e-01;8.414359e-02;2.312546e-02;4.477375e-02;1.247664e-01
9.219914e-02;2.283556e-01;1.081548e-01;2.151657e-02;3.286076e-02;5.326037e-02;5.040457e-02;1.179970e-01;1.022392e-01;3.255782e-02;6.430920e-02;9.614495e-02
9.824476e-02;1.762681e-01;1.069050e-01;2.075166e-02;2.923159e-02;6.160922e-02;9.064397e-02;1.227969e-01;1.003693e-01;3.671695e-02;7.402050e-02;8.244211e-02
1.088846e-01;1.070541e-01;9.376418e-02;1.798201e-02;2.995575e-02;7.607646e-02;1.054437e-01;1.494665e-01;1.245658e-01;3.724716e-02;8.066845e-02;6.889141e-02
1.169278e-01;8.394621e-02;1.003186e-01;2.218526e-02;2.839425e-02;1.024907e-01;3.246655e-02;1.385438e-01;1.396207e-01;4.605855e-02;1.212405e-01;6.780703e-02
1.220085e-01;1.327437e-01;1.355795e-01;3.205338e-02;2.174696e-02;9.122463e-02;2.647786e-02;8.986817e-02;1.134996e-01;4.260279e-02;1.183876e-01;7.380724e-02
1.397059e-01;1.679435e-01;1.384245e-01;2.684844e-02;2.473518e-02;9.318602e-02;4.434356e-02;6.922162e-02;1.060007e-01;3.746491e-02;9.700926e-02;5.511639e-02
1.353616e-01;1.469096e-01;1.348977e-01;2.113541e-02;2.299020e-02;9.853457e-02;4.783757e-02;6.909798e-02;1.091024e-01;4.242410e-02;8.667313e-02;8.503575e-02
1.489899e-01;1.622411e-01;1.560088e-01;2.149352e-02;2.634342e-02;1.014976e-01;3.538708e-02;6.992209e-02;1.008939e-01;4.548677e-02;6.780834e-02;6.392743e-02
9.590185e-02;1.406006e-01;1.277585e-01;3.570746e-02;4.697682e-02;8.982991e-02;7.103752e-02;8.277183e-02;9.735256e-02;8.687458e-02;8.664930e-02;3.853908e-02
5.083667e-02;1.162684e-01;8.576567e-02;4.266940e-02;7.223143e-02;9.331220e-02;6.268349e-02;1.164178e-01;7.646737e-02;1.442861e-01;1.115260e-01;2.753551e-02
2.773778e-02;1.077965e-01;4.779721e-02;4.385246e-02;1.079242e-01;7.668648e-02;3.985119e-02;1.483397e-01;5.758140e-02;1.908055e-01;1.351931e-01;1.643445e-02
3.006087e-02;9.607655e-02;2.055545e-02;4.754184e-02;1.236011e-01;7.478777e-02;2.774399e-02;1.785161e-01;4.650052e-02;1.958150e-01;1.421300e-01;1.667076e-02
3.242368e-02;7.520914e-02;1.668228e-02;5.882804e-02;8.406039e-02;1.094196e-01;4.405504e-02;1.795031e-01;4.374144e-02;1.606943e-01;1.777515e-01;1.763148e-02
2.199590e-02;7.185665e-02;3.552816e-02;5.537112e-02;5.165914e-02;1.417835e-01;5.827022e-02;1.369007e-01;4.088787e-02;1.297364e-01;2.283560e-01;2.765430e-02
1.602930e-02;5.926075e-02;4.242607e-02;4.630898e-02;4.472617e-02;1.727675e-01;4.713597e-02;1.089375e-01;3.686339e-02;1.001568e-01;2.991270e-01;2.626051e-02
2.515322e-02;3.616212e-02;4.466010e-02;2.968385e-02;2.514956e-02;1.829410e-01;3.700686e-02;9.161763e-02;2.631227e-02;9.469333e-02;3.804770e-01;2.614304e-02
2.835565e-02;3.141843e-02;5.187097e-02;3.128916e-02;3.409444e-02;1.816628e-01;2.831707e-02;7.193230e-02;3.874264e-02;6.617523e-02;4.090666e-01;2.707476e-02
2.539914e-02;3.194041e-02;5.923572e-02;4.165320e-02;2.761352e-02;1.822651e-01;1.773084e-02;8.570513e-02;2.990389e-02;6.281176e-02;4.040435e-01;3.169772e-02
2.399885e-02;3.326420e-02;6.963627e-02;3.426689e-02;2.093160e-02;1.840417e-01;2.965760e-02;8.645877e-02;3.668407e-02;5.069801e-02;3.986232e-01;3.173890e-02
2.735454e-02;4.501430e-02;8.942039e-02;1.567427e-02;1.640397e-02;1.761257e-01;2.527427e-02;5.369544e-02;4.986247e-02;5.341126e-02;4.217768e-01;2.598660e-02
2.349111e-02;3.829813e-02;1.096488e-01;6.549233e-03;1.033119e-02;1.614525e-01;2.985566e-02;2.944099e-02;6.305566e-02;5.961411e-02;4.349143e-01;3.334839e-02
1.833829e-02;3.582075e-02;1.387320e-01;1.190782e-02;1.611713e-02;1.560583e-01;2.603500e-02;3.599346e-02;6.651852e-02;3.066654e-02;4.291141e-01;3.469805e-02
3.076945e-02;7.552656e-02;1.359696e-01;2.904007e-02;3.136958e-02;1.366960e-01;4.356289e-02;6.789596e-02;5.858494e-02;4.654447e-02;3.128491e-01;3.119147e-02
4.108058e-02;1.066631e-01;7.031397e-02;2.936739e-02;4.266336e-02;1.641456e-01;6.193463e-02;9.857961e-02;7.464854e-02;4.700917e-02;2.058998e-01;5.769425e-02
5.399014e-02;9.121694e-02;4.952676e-02;2.696456e-02;4.333983e-02;1.734902e-01;3.695384e-02;1.373957e-01;9.494531e-02;5.521072e-02;1.946065e-01;4.235955e-02
6.204020e-02;1.150319e-01;7.797286e-02;1.742217e-02;4.039590e-02;1.797296e-01;2.235074e-02;1.379154e-01;8.324755e-02;6.984255e-02;1.424981e-01;5.155304e-02
6.308752e-02;1.132171e-01;5.423141e-02;1.691623e-02;1.594611e-02;2.014020e-01;3.297694e-02;1.170203e-01;7.171412e-02;6.623606e-02;1.896237e-01;5.762852e-02
4.420473e-02;9.541199e-02;5.679331e-02;1.998518e-02;3.570806e-02;1.900867e-01;3.520800e-02;9.522491e-02;7.247242e-02;9.626949e-02;2.148695e-01;4.376576e-02
4.156405e-02;1.007853e-01;7.228769e-02;1.873974e-02;4.069152e-02;1.804744e-01;3.704806e-02;8.708849e-02;6.720455e-02;1.091723e-01;2.163274e-01;2.861637e-02
6.232326e-02;1.281117e-01;1.130401e-01;2.141326e-02;4.117580e-02;1.920969e-01;3.936359e-02;6.530487e-02;4.765359e-02;8.950693e-02;1.663931e-01;3.361683e-02
7.343616e-02;1.552814e-01;1.042677e-01;2.290448e-02;3.251235e-02;1.965883e-01;4.262903e-02;1.054817e-01;4.357649e-02;6.961010e-02;1.121490e-01;4.156339e-02
5.962274e-02;1.545746e-01;7.107688e-02;2.341787e-02;3.733267e-02;1.936921e-01;4.473196e-02;1.461062e-01;5.551397e-02;4.282453e-02;1.189104e-01;5.219608e-02
5.104681e-02;1.278662e-01;1.067288e-01;2.119694e-02;2.857865e-02;1.558874e-01;1.375611e-02;1.282392e-01;4.584182e-02;8.399625e-02;1.924192e-01;4.444262e-02
4.904694e-02;1.482420e-01;8.504505e-02;2.020252e-02;1.556934e-02;1.164886e-01;4.771359e-02;1.106671e-01;5.550627e-02;1.111944e-01;2.175025e-01;2.282173e-02
6.010146e-02;1.611436e-01;1.267840e-01;3.617661e-02;1.143944e-02;1.023890e-01;9.689025e-02;9.975521e-02;5.049151e-02;7.888236e-02;1.412597e-01;3.468686e-02
6.187103e-02;1.398510e-01;9.418777e-02;4.552528e-02;1.827057e-02;1.073392e-01;1.814237e-01;8.867007e-02;4.670650e-02;4.231704e-02;8.833729e-02;8.550050e-02
4.389268e-02;8.212329e-02;5.629709e-02;4.046465e-02;3.317354e-02;1.261023e-01;2.376997e-01;6.011197e-02;5.024600e-02;2.860315e-02;1.207003e-01;1.205853e-01
3.452193e-02;8.421297e-02;7.917830e-02;1.801292e-02;4.498520e-02;1.722098e-01;1.811520e-01;4.328267e-02;6.410477e-02;3.203734e-02;1.421649e-01;1.041372e-01
3.981797e-02;9.488315e-02;8.322965e-02;1.525877e-02;4.661173e-02;1.745368e-01;1.019909e-01;8.182997e-02;1.000490e-01;4.426696e-02;1.561332e-01;6.139193e-02
4.476498e-02;1.306235e-01;6.235622e-02;1.537910e-02;3.335669e-02;1.635954e-01;4.677458e-02;1.433860e-01;1.353869e-01;3.048786e-02;1.506653e-01;4.322347e-02
4.654444e-02;1.782676e-01;5.726995e-02;1.717352e-02;1.605509e-02;1.680919e-01;6.268136e-02;1.482941e-01;1.001290e-01;3.498298e-02;1.241002e-01;4.640969e-02
5.544728e-02;1.917650e-01;8.648635e-02;2.166420e-02;3.108753e-02;1.733249e-01;7.868385e-02;1.104481e-01;5.788374e-02;5.396205e-02;1.045543e-01;3.469268e-02
6.264357e-02;1.992636e-01;9.729092e-02;1.776199e-02;2.818717e-02;1.514999e-01;8.460458e-02;6.543358e-02;5.608682e-02;6.080396e-02;1.291238e-01;4.730003e-02
5.625262e-02;1.991061e-01;8.120673e-02;1.674470e-02;3.368880e-02;1.261357e-01;7.688798e-02;8.815215e-02;6.001303e-02;3.411646e-02;1.622508e-01;6.544496e-02
5.050327e-02;1.782037e-01;8.438098e-02;1.198130e-02;3.737358e-02;1.317648e-01;6.562438e-02;1.028942e-01;5.481312e-02;3.804967e-02;1.785666e-01;6.584436e-02
5.600616e-02;1.524035e-01;5.054233e-02;1.179389e-02;3.611610e-02;1.281811e-01;1.047268e-01;1.066901e-01;9.446502e-02;4.560378e-02;1.560933e-01;5.737789e-02
6.360655e-02;1.743509e-01;1.283505e-01;1.655426e-02;3.302871e-02;9.978862e-02;1.068348e-01;1.023038e-01;9.387980e-02;4.345356e-02;1.009214e-01;3.692717e-02
7.615980e-02;1.939710e-01;1.211511e-01;2.218469e-02;3.115536e-02;1.615521e-01;8.222865e-02;9.474282e-02;6.269251e-02;5.007380e-02;5.875241e-02;4.533568e-02
6.976142e-02;1.788911e-01;9.685005e-02;1.223416e-02;3.014077e-02;2.070273e-01;3.847969e-02;8.049093e-02;3.894950e-02;6.202472e-02;1.346600e-01;5.049033e-02
5.584775e-02;1.606038e-01;1.071639e-01;7.835931e-03;1.692504e-02;1.653101e-01;6.327619e-02;8.413632e-02;5.109370e-02;8.515099e-02;1.600239e-01;4.263228e-02
6.538486e-02;1.743825e-01;1.204740e-01;1.786781e-02;1.555362e-02;1.233684e-01;5.791540e-02;7.676306e-02;6.499169e-02;1.129284e-01;1.250151e-01;4.535523e-02
6.689392e-02;1.715413e-01;1.033754e-01;5.735913e-02;3.552023e-02;1.095342e-01;3.638445e-02;8.675211e-02;9.597445e-02;1.085647e-01;7.744347e-02;5.065657e-02
8.578686e-02;1.422217e-01;1.293873e-01;5.441533e-02;3.534138e-02;7.368412e-02;5.390099e-02;8.330863e-02;8.594529e-02;8.524596e-02;9.154121e-02;7.922127e-02
1.547652e-01;1.200181e-01;8.926427e-02;4.852947e-02;3.012121e-02;5.208397e-02;5.663986e-02;1.047755e-01;7.209731e-02;8.321058e-02;8.066637e-02;1.078281e-01
2.362587e-01;9.359799e-02;4.346048e-02;5.918098e-02;2.486068e-02;3.867461e-02;7.173961e-02;1.263335e-01;4.769855e-02;7.136532e-02;5.513819e-02;1.316914e-01
2.579157e-01;6.769259e-02;2.779463e-02;8.891831e-02;2.502642e-02;4.256782e-02;8.493767e-02;1.130614e-01;2.073914e-02;7.083450e-02;2.555061e-02;1.749611e-01
1.987609e-01;6.248403e-02;2.624593e-02;1.175443e-01;3.103021e-02;5.220674e-02;9.801586e-02;8.871891e-02;1.902581e-02;7.836462e-02;1.619341e-02;2.114092e-01
2.618037e-01;5.753397e-02;4.603304e-02;7.400458e-02;5.825200e-02;3.421611e-02;6.158496e-02;1.411178e-01;1.971858e-02;5.427478e-02;1.911211e-02;1.723483e-01
3.394220e-01;5.644691e-02;6.368459e-02;2.414131e-02;1.048974e-01;1.931379e-02;3.193163e-02;1.886891e-01;1.552733e-02;3.272533e-02;3.580005e-02;8.742056e-02
3.429823e-01;6.512254e-02;6.046572e-02;1.427191e-02;1.211350e-01;1.876454e-02;3.185576e-02;1.972573e-01;2.702012e-02;1.291161e-02;5.874319e-02;4.947007e-02
3.318138e-01;1.228618e-01;5.499472e-02;1.813074e-02;8.928442e-02;2.590009e-02;5.691783e-02;1.604254e-01;3.715952e-02;9.952324e-03;5.999840e-02;3.256102e-02
3.517785e-01;1.671425e-01;5.979418e-02;2.777582e-02;4.847648e-02;2.905712e-02;5.930594e-02;1.260362e-01;4.984746e-02;1.439186e-02;5.319279e-02;1.320104e-02
2.853340e-01;1.877086e-01;1.073016e-01;2.528804e-02;2.913852e-02;3.652766e-02;5.231619e-02;1.338073e-01;6.419432e-02;2.091912e-02;3.986966e-02;1.759496e-02
1.923605e-01;1.986958e-01;1.440162e-01;1.796776e-02;2.758796e-02;2.979205e-02;5.960988e-02;1.424356e-01;6.632416e-02;3.275498e-02;5.159836e-02;3.685673e-02
2.270584e-01;1.871367e-01;9.400463e-02;2.336292e-02;4.837457e-02;2.669435e-02;7.518052e-02;1.396173e-01;5.008075e-02;1.702522e-02;6.992541e-02;4.153925e-02
2.768418e-01;1.520610e-01;4.941517e-02;2.107030e-02;5.408160e-02;2.462884e-02;5.343223e-02;1.903943e-01;5.263979e-02;1.567987e-02;5.960964e-02;5.014548e-02
2.294282e-01;1.452530e-01;5.304871e-02;1.504272e-02;5.979818e-02;4.027064e-02;4.441124e-02;1.861820e-01;7.362683e-02;3.864259e-02;5.161724e-02;6.267869e-02
2.229306e-01;1.574740e-01;8.528493e-02;1.973018e-02;6.095890e-02;4.056537e-02;4.410282e-02;1.292847e-01;6.844385e-02;4.449955e-02;6.063930e-02;6.608587e-02
2.027341e-01;1.631867e-01;9.989224e-02;2.700115e-02;4.110026e-02;5.102156e-02;4.290127e-02;1.290965e-01;4.896421e-02;3.830839e-02;8.779946e-02;6.799424e-02
1.018410e-01;1.442480e-01;9.273246e-02;3.873600e-02;3.551865e-02;3.905585e-02;8.881155e-02;1.995393e-01;6.499419e-02;4.447769e-02;7.944646e-02;7.059885e-02
1.412051e-01;1.858789e-01;6.754978e-02;4.554965e-02;4.217834e-02;3.872422e-02;1.004593e-01;1.532956e-01;4.675681e-02;5.634256e-02;8.632469e-02;3.573509e-02
1.809619e-01;1.103695e-01;1.659832e-01;4.355867e-02;4.204508e-02;6.000375e-02;5.105603e-02;1.153972e-01;4.892433e-02;4.275877e-02;9.057657e-02;4.836506e-02
9.599935e-02;2.338614e-01;2.462599e-01;4.741807e-02;3.113170e-02;7.141978e-02;1.899627e-02;5.631852e-02;6.168179e-02;5.245224e-02;5.393625e-02;3.052479e-02
5.970392e-02;3.746248e-01;2.666902e-01;3.809367e-02;1.622560e-02;4.475328e-02;1.076617e-02;3.423027e-02;6.462948e-02;4.481584e-02;2.754521e-02;1.792164e-02
4.895804e-02;4.939324e-01;2.350042e-01;3.310755e-02;9.753512e-03;2.406999e-02;5.883619e-03;2.535527e-02;7.040841e-02;2.688074e-02;1.359223e-02;1.305402e-02
6.319299e-02;5.243849e-01;2.193057e-01;2.526435e-02;9.385646e-03;2.502194e-02;7.697445e-03;1.690441e-02;6.359051e-02;1.539226e-02;1.084787e-02;1.901202e-02
8.094578e-02;5.025361e-01;2.309986e-01;2.008601e-02;8.626845e-03;2.175381e-02;9.118956e-03;3.412374e-02;5.347551e-02;1.355354e-02;9.170570e-03;1.561050e-02
9.248040e-02;4.508988e-01;2.332642e-01;2.143412e-02;1.771879e-02;2.182349e-02;2.243964e-02;5.195711e-02;4.170852e-02;1.622259e-02;1.064617e-02;1.940624e-02
9.349874e-02;3.777506e-01;2.121237e-01;2.768908e-02;2.413844e-02;2.259200e-02;4.360750e-02;8.250763e-02;4.013078e-02;2.248324e-02;2.024701e-02;3.323123e-02
1.112893e-01;2.406492e-01;1.599375e-01;3.191006e-02;1.908802e-02;5.215420e-02;6.932617e-02;1.079623e-01;7.021383e-02;4.001154e-02;3.787006e-02;5.958782e-02
1.565083e-01;2.675430e-01;1.636485e-01;3.830624e-02;1.587921e-02;2.381418e-02;5.745324e-02;7.050806e-02;5.168302e-02;3.388971e-02;2.974180e-02;9.102473e-02
1.550374e-01;3.212514e-01;1.178340e-01;4.426958e-02;1.240056e-02;2.801337e-02;4.481719e-02;6.069662e-02;5.051070e-02;2.951500e-02;4.109335e-02;9.456091e-02
7.123058e-02;3.960494e-01;1.019330e-01;5.052564e-02;1.502697e-02;4.571503e-02;2.137725e-02;6.530241e-02;5.207973e-02;6.189310e-02;4.233104e-02;7.653593e-02
1.197679e-01;4.151148e-01;1.207773e-01;3.014771e-02;1.792694e-02;5.301086e-02;1.801570e-02;5.208006e-02;3.446803e-02;4.856230e-02;3.090894e-02;5.921934e-02
1.201837e-01;4.174313e-01;1.779561e-01;2.138378e-02;1.866082e-02;5.398912e-02;8.274802e-03;5.090098e-02;3.218484e-02;3.043255e-02;2.148521e-02;4.711681e-02
9.039962e-02;4.269061e-01;1.815262e-01;2.228957e-02;2.031983e-02;5.819979e-02;2.029590e-02;4.343890e-02;3.877554e-02;2.783061e-02;1.454891e-02;5.546902e-02
1.351765e-01;3.849122e-01;1.728903e-01;1.071689e-02;2.768008e-02;4.576716e-02;3.238980e-02;7.406127e-02;2.515664e-02;2.193741e-02;1.673905e-02;5.257268e-02
1.496761e-01;3.369734e-01;1.811602e-01;1.450302e-02;2.620902e-02;3.741084e-02;3.329657e-02;9.579980e-02;4.165180e-02;1.885759e-02;1.425859e-02;5.020307e-02
1.203811e-01;3.012477e-01;1.846880e-01;2.126808e-02;1.518512e-02;5.303777e-02;3.681343e-02;8.752294e-02;6.555028e-02;3.157165e-02;1.744144e-02;6.529248e-02
1.480383e-01;2.511621e-01;1.567367e-01;2.758444e-02;2.057401e-02;7.655280e-02;3.176112e-02;8.168118e-02;7.596818e-02;3.502346e-02;2.554544e-02;6.937225e-02
1.133528e-01;3.210193e-01;2.348119e-01;2.285988e-02;2.412054e-02;5.877472e-02;1.136186e-02;6.003805e-02;3.430494e-02;2.359260e-02;2.392558e-02;7.183792e-02
1.066939e-01;3.241365e-01;2.749939e-01;1.956883e-02;2.557407e-02;3.440071e-02;1.050365e-02;6.908014e-02;2.468620e-02;2.036425e-02;1.626123e-02;7.373654e-02
1.546261e-01;2.901650e-01;1.966057e-01;1.709114e-02;2.015506e-02;3.767356e-02;3.168007e-02;1.069831e-01;4.563338e-02;2.178501e-02;1.719170e-02;6.041014e-02
1.551382e-01;2.973613e-01;9.416891e-02;2.384390e-02;2.118248e-02;4.512082e-02;4.552187e-02;1.271032e-01;5.811336e-02;5.003782e-02;2.682228e-02;5.558583e-02
1.049348e-01;2.684664e-01;1.784891e-01;3.383738e-02;3.712881e-02;3.270408e-02;2.994960e-02;1.065910e-01;6.823843e-02;6.064248e-02;3.051342e-02;4.850464e-02
1.158192e-01;2.203986e-01;9.103537e-02;5.922698e-02;6.784021e-02;7.864899e-02;3.673530e-02;9.639914e-02;7.332532e-02;5.129083e-02;3.813674e-02;7.114328e-02
1.096846e-01;1.953637e-01;1.268415e-01;6.706427e-02;6.450900e-02;9.587643e-02;2.520143e-02;6.452473e-02;6.304967e-02;5.737839e-02;5.474744e-02;7.575881e-02
1.051823e-01;2.072534e-01;1.657068e-01;6.440912e-02;5.554283e-02;9.406441e-02;2.374853e-02;4.409714e-02;5.600571e-02;6.037549e-02;6.061027e-02;6.300399e-02
9.580962e-02;2.155534e-01;1.803237e-01;6.005910e-02;4.959003e-02;8.258381e-02;5.284160e-02;3.339697e-02;5.836627e-02;6.546800e-02;5.328117e-02;5.272628e-02
8.585569e-02;2.782061e-01;1.156228e-01;4.397005e-02;4.316162e-02;6.323290e-02;5.300226e-02;6.425688e-02;7.403653e-02;7.180002e-02;5.715317e-02;4.970201e-02
1.267607e-01;2.630133e-01;2.042861e-01;3.138411e-02;4.441937e-02;2.772081e-02;1.410524e-02;8.852541e-02;5.171705e-02;5.069738e-02;4.809135e-02;4.927913e-02
2.075719e-01;2.102686e-01;1.800558e-01;2.581553e-02;6.604796e-02;1.386614e-02;1.099851e-02;1.182054e-01;4.195759e-02;2.769899e-02;5.320782e-02;4.430580e-02
2.811976e-01;1.383322e-01;1.642378e-01;1.919730e-02;7.860030e-02;1.236901e-02;2.380860e-02;1.590094e-01;3.373937e-02;1.647150e-02;4.292524e-02;3.011169e-02
2.869932e-01;8.084683e-02;1.434758e-01;3.229399e-02;6.394236e-02;1.800008e-02;6.956621e-02;1.896891e-01;2.540042e-02;2.358954e-02;3.095523e-02;3.524720e-02
2.034956e-01;6.803210e-02;9.070837e-02;6.676205e-02;2.922378e-02;3.176481e-02;1.498672e-01;1.669090e-01;2.280813e-02;4.589824e-02;2.161781e-02;1.029129e-01
9.424477e-02;1.055244e-01;3.812309e-02;1.147995e-01;1.158135e-02;4.616806e-02;2.337600e-01;8.787628e-02;2.310021e-02;5.067747e-02;1.960720e-02;1.745377e-01
5.455308e-02;1.331134e-01;3.306998e-02;1.195651e-01;3.105971e-02;6.570263e-02;2.621425e-01;4.727994e-02;2.829666e-02;3.499715e-02;2.419276e-02;1.660271e-01
6.826822e-02;1.288801e-01;7.766829e-02;6.512129e-02;6.039717e-02;1.190552e-01;2.080268e-01;5.960920e-02;4.284281e-02;2.490887e-02;6.030632e-02;8.491580e-02
7.475211e-02;1.053102e-01;1.144599e-01;1.995468e-02;6.270629e-02;2.145954e-01;1.125803e-01;5.528346e-02;5.016540e-02;2.770384e-02;1.093367e-01;5.315164e-02
7.502709e-02;1.033489e-01;9.908640e-02;3.300112e-02;5.405636e-02;2.645074e-01;4.709757e-02;6.318159e-02;5.801536e-02;3.838272e-02;1.261093e-01;3.818613e-02
8.696557e-02;1.309563e-01;8.981447e-02;5.991110e-02;5.828239e-02;2.053390e-01;1.073156e-01;4.818006e-02;6.005519e-02;3.506691e-02;9.495623e-02;2.315719e-02
9.055085e-02;1.574566e-01;7.966239e-02;7.028777e-02;6.059860e-02;1.192023e-01;1.131882e-01;6.515795e-02;8.590759e-02;3.629250e-02;7.494525e-02;4.675000e-02
7.145606e-02;1.747171e-01;9.166648e-02;4.621520e-02;3.897221e-02;1.129575e-01;9.451706e-02;9.007707e-02;1.044258e-01;3.555164e-02;6.568066e-02;7.376330e-02
7.150925e-02;1.746948e-01;1.014042e-01;3.077883e-02;1.215870e-02;1.075529e-01;1.394814e-01;9.308186e-02;9.690470e-02;3.776583e-02;4.283958e-02;9.182792e-02
7.297740e-02;1.436908e-01;7.067564e-02;3.158262e-02;2.105873e-02;6.392483e-02;1.591546e-01;1.241078e-01;1.139638e-01;4.365469e-02;7.836195e-02;7.684719e-02
8.266502e-02;1.123254e-01;6.829265e-02;3.326786e-02;3.501427e-02;7.896076e-02;1.709192e-01;1.126340e-01;1.157891e-01;4.244580e-02;7.945339e-02;6.823263e-02
8.868682e-02;1.165249e-01;8.620162e-02;3.349413e-02;4.213233e-02;1.317184e-01;1.715968e-01;6.931742e-02;1.095129e-01;4.923960e-02;5.996745e-02;4.160757e-02
7.992999e-02;1.378863e-01;7.123236e-02;3.251583e-02;2.859100e-02;1.123526e-01;1.401083e-01;8.527594e-02;1.265728e-01;6.174537e-02;7.473108e-02;4.905829e-02
6.799619e-02;1.495660e-01;1.005039e-01;2.959719e-02;2.274773e-02;1.028927e-01;9.546978e-02;1.096454e-01;1.265761e-01;5.246449e-02;8.021332e-02;6.232724e-02
7.028615e-02;1.699338e-01;1.072365e-01;2.700105e-02;3.636813e-02;1.319958e-01;7.762805e-02;1.095166e-01;1.067662e-01;3.889011e-02;8.408912e-02;4.028856e-02
5.868693e-02;1.901322e-01;1.426554e-01;4.690664e-02;4.187165e-02;1.247716e-01;7.435390e-02;1.165461e-01;7.706347e-02;4.333111e-02;5.340387e-02;3.027716e-02
5.060569e-02;2.007883e-01;1.367962e-01;5.551520e-02;5.162131e-02;1.218499e-01;6.101786e-02;1.382462e-01;7.578328e-02;5.978515e-02;2.503547e-02;2.295552e-02
5.307342e-02;1.559748e-01;8.076578e-02;5.033848e-02;5.662382e-02;1.457768e-01;1.068124e-01;1.174834e-01;8.392170e-02;7.514231e-02;5.599114e-02;1.809585e-02
4.643618e-02;1.106328e-01;4.638620e-02;5.242562e-02;5.328419e-02;1.568940e-01;1.785555e-01;9.118759e-02;9.336153e-02;6.748219e-02;6.559460e-02;3.775959e-02
2.324238e-02;9.320250e-02;4.305237e-02;5.715600e-02;4.493677e-02;1.795449e-01;2.255974e-01;8.281008e-02;8.848818e-02;5.330737e-02;7.303503e-02;3.562699e-02
2.256863e-02;8.239909e-02;6.463695e-02;4.603917e-02;4.134610e-02;2.162576e-01;1.997197e-01;8.204793e-02;8.029050e-02;5.200326e-02;8.901168e-02;2.367949e-02
3.685552e-02;6.955627e-02;5.717834e-02;3.521441e-02;4.611690e-02;2.747325e-01;1.412770e-01;5.553491e-02;6.936429e-02;5.135017e-02;1.263609e-01;3.645881e-02
3.613084e-02;4.594654e-02;4.852915e-02;4.628564e-02;3.657336e-02;3.104294e-01;1.018496e-01;4.779996e-02;8.713157e-02;5.458973e-02;1.493486e-01;3.538565e-02
4.025471e-02;4.749308e-02;6.775535e-02;3.902918e-02;3.023975e-02;3.200588e-01;6.777251e-02;5.724639e-02;7.909743e-02;6.889970e-02;1.524494e-01;2.970368e-02
4.966601e-02;4.433563e-02;8.708843e-02;2.393240e-02;2.286510e-02;3.201187e-01;5.593022e-02;5.502601e-02;6.505819e-02;7.725453e-02;1.632142e-01;3.551057e-02
4.565293e-02;7.104199e-02;1.060608e-01;3.413607e-02;3.273761e-02;2.578394e-01;9.817995e-02;4.494441e-02;7.631018e-02;5.342952e-02;1.259406e-01;5.372644e-02
4.227585e-02;9.069829e-02;1.181256e-01;4.127742e-02;2.873890e-02;2.238340e-01;8.769104e-02;9.752551e-02;9.991540e-02;4.699798e-02;7.066317e-02;5.225689e-02
5.222586e-02;1.283908e-01;1.201223e-01;3.610845e-02;3.033507e-02;2.153944e-01;7.545359e-02;9.734765e-02;9.238439e-02;5.061065e-02;5.812183e-02;4.350504e-02
4.401394e-02;1.243640e-01;1.196918e-01;1.952634e-02;3.584833e-02;2.503349e-01;9.738649e-02;8.009303e-02;6.527554e-02;5.658415e-02;7.644749e-02;3.043401e-02
2.425889e-02;1.284690e-01;1.175662e-01;3.222889e-02;4.421922e-02;2.234924e-01;8.264850e-02;8.564333e-02;6.901310e-02;6.198860e-02;6.467735e-02;6.579451e-02
4.275448e-02;1.249745e-01;8.712332e-02;3.418289e-02;6.279047e-02;1.831599e-01;1.215932e-01;8.840530e-02;6.684920e-02;3.801561e-02;5.647948e-02;9.367166e-02
4.734670e-02;1.256419e-01;7.275548e-02;2.598373e-02;6.409433e-02;1.481085e-01;1.790431e-01;8.595177e-02;5.442302e-02;2.293002e-02;5.702731e-02;1.166941e-01
4.435202e-02;1.101006e-01;6.000765e-02;2.377056e-02;5.756614e-02;9.264088e-02;2.008603e-01;9.728663e-02;7.276003e-02;3.740379e-02;5.505959e-02;1.481919e-01
5.086925e-02;5.719768e-02;8.342714e-02;2.602145e-02;4.497254e-02;8.477984e-02;1.311994e-01;1.051589e-01;1.087498e-01;5.046242e-02;1.122673e-01;1.448943e-01
6.968837e-02;1.465233e-01;1.244795e-01;3.910448e-02;2.330021e-02;1.175221e-01;4.292115e-02;1.029988e-01;1.053830e-01;5.289834e-02;7.607578e-02;9.910498e-02
9.138707e-02;1.975938e-01;1.161483e-01;4.896224e-02;1.777907e-02;1.013494e-01;8.150841e-02;7.659159e-02;7.106148e-02;3.532954e-02;3.242403e-02;1.298650e-01
9.497757e-02;1.696693e-01;5.598671e-02;3.418400e-02;2.550569e-02;1.217243e-01;1.357571e-01;7.295696e-02;4.735349e-02;2.341671e-02;4.598038e-02;1.724878e-01
8.263215e-02;1.842012e-01;5.922902e-02;2.179963e-02;3.201127e-02;1.347082e-01;9.925884e-02;6.347387e-02;5.801386e-02;3.076757e-02;6.349993e-02;1.704046e-01
8.065505e-02;1.741827e-01;5.572020e-02;2.097449e-02;3.633878e-02;1.145494e-01;8.021976e-02;6.606034e-02;7.491174e-02;3.900085e-02;8.046288e-02;1.769239e-01
8.494650e-02;1.955128e-01;9.174153e-02;2.060870e-02;2.752756e-02;9.320733e-02;5.681728e-02;9.975578e-02;9.412199e-02;3.607818e-02;4.941831e-02;1.502641e-01
8.500118e-02;1.957382e-01;9.934489e-02;2.158300e-02;2.524647e-02;9.048211e-02;7.039582e-02;1.019660e-01;9.227563e-02;3.655624e-02;5.857716e-02;1.228333e-01
9.742227e-02;1.642728e-01;5.688972e-02;3.262052e-02;2.381657e-02;1.064708e-01;9.156098e-02;9.516080e-02;8.284397e-02;5.236874e-02;7.297587e-02;1.235970e-01
8.593764e-02;1.616860e-01;9.915696e-02;3.494663e-02;2.036124e-02;1.267856e-01;7.449721e-02;9.756480e-02;8.600049e-02;5.369123e-02;6.247246e-02;9.689966e-02
7.507407e-02;1.636821e-01;9.680033e-02;2.546129e-02;2.088536e-02;1.480317e-01;5.627604e-02;9.333874e-02;9.824740e-02;4.637276e-02;9.021917e-02;8.561107e-02
7.025266e-02;1.280420e-01;7.648011e-02;1.364111e-02;2.438863e-02;1.612876e-01;5.079211e-02;8.013233e-02;1.113436e-01;4.513165e-02;1.509173e-01;8.759087e-02
6.322856e-02;1.053455e-01;1.135117e-01;1.219286e-02;1.871016e-02;1.055797e-01;3.853697e-02;8.314052e-02;1.445908e-01;5.271185e-02;1.767272e-01;8.572410e-02
5.534893e-02;9.126032e-02;1.148835e-01;1.451657e-02;1.982963e-02;9.976104e-02;2.934401e-02;9.132133e-02;1.653142e-01;5.914154e-02;1.937019e-01;6.557703e-02
5.873057e-02;1.347414e-01;8.960161e-02;2.146754e-02;2.923429e-02;8.438815e-02;3.342832e-02;9.792108e-02;1.619139e-01;5.583303e-02;1.703610e-01;6.237897e-02
5.947911e-02;1.312000e-01;5.729263e-02;2.229099e-02;3.033909e-02;8.250733e-02;5.668556e-02;1.084696e-01;1.797589e-01;5.963913e-02;1.266794e-01;8.565824e-02
5.699082e-02;1.283243e-01;6.455172e-02;1.315858e-02;2.299697e-02;8.982518e-02;8.379782e-02;1.099321e-01;1.437051e-01;5.431701e-02;1.331819e-01;9.921850e-02
6.225391e-02;1.190505e-01;2.235441e-02;1.350097e-02;3.039901e-02;9.772107e-02;1.113730e-01;1.182819e-01;1.043098e-01;5.760025e-02;1.654909e-01;9.766444e-02
5.907760e-02;1.423823e-01;8.818725e-02;2.627821e-02;3.399584e-02;7.508390e-02;8.658139e-02;9.834706e-02;1.187495e-01;4.904892e-02;1.242731e-01;9.799488e-02
5.682774e-02;1.372288e-01;6.956740e-02;2.931800e-02;2.485469e-02;1.149425e-01;6.464537e-02;1.261743e-01;1.568195e-01;4.799447e-02;8.325278e-02;8.837452e-02
5.029144e-02;1.271186e-01;7.119092e-02;1.881344e-02;2.841328e-02;1.311217e-01;3.430051e-02;1.322962e-01;2.125429e-01;5.434214e-02;9.897768e-02;4.059119e-02
5.402841e-02;1.379090e-01;8.791990e-02;2.304828e-02;3.422779e-02;6.460183e-02;1.986640e-02;1.483478e-01;2.189406e-01;6.720325e-02;1.043883e-01;3.951843e-02
5.004167e-02;1.150651e-01;6.896609e-02;2.845917e-02;3.534567e-02;4.763223e-02;3.877350e-02;1.885490e-01;2.307823e-01;7.383506e-02;8.199074e-02;4.055953e-02
4.795882e-02;1.113118e-01;6.896195e-02;3.325585e-02;1.417522e-02;8.208625e-02;5.596772e-02;2.115349e-01;2.152055e-01;5.967000e-02;5.350577e-02;4.636624e-02
5.348897e-02;1.333182e-01;9.252226e-02;3.618605e-02;2.343780e-02;6.967127e-02;3.966428e-02;1.921679e-01;1.878692e-01;6.002446e-02;5.155417e-02;6.009553e-02
6.104840e-02;9.070503e-02;9.988759e-02;4.262820e-02;3.308224e-02;6.477076e-02;4.235842e-02;1.720584e-01;1.915011e-01;7.303163e-02;6.269137e-02;6.623681e-02
5.440231e-02;6.870078e-02;7.767330e-02;2.776048e-02;2.743918e-02;8.165834e-02;4.488217e-02;1.385383e-01;2.010341e-01;9.466004e-02;8.109328e-02;1.021577e-01
5.242691e-02;5.153040e-02;4.566632e-02;1.328850e-02;2.216606e-02;8.865410e-02;3.921699e-02;1.070052e-01;2.286390e-01;8.579865e-02;1.178472e-01;1.477607e-01
4.971659e-02;8.870700e-02;5.520728e-02;1.395523e-02;1.432294e-02;8.695606e-02;3.974657e-02;7.844093e-02;1.952838e-01;6.338748e-02;1.382880e-01;1.759881e-01
5.320054e-02;9.592417e-02;7.189491e-02;1.249570e-02;2.135690e-02;1.061910e-01;4.162623e-02;7.411215e-02;1.545822e-01;5.878778e-02;1.472287e-01;1.625997e-01
4.292152e-02;1.228465e-01;7.258748e-02;1.336424e-02;2.047427e-02;1.252091e-01;3.163548e-02;6.891470e-02;1.131815e-01;7.700297e-02;1.685034e-01;1.433588e-01
3.656417e-02;1.119864e-01;7.003194e-02;1.943676e-02;4.002316e-02;1.175366e-01;2.349946e-02;8.914044e-02;1.529072e-01;9.998599e-02;1.357670e-01;1.031210e-01
3.004679e-02;8.242496e-02;4.888084e-02;2.474985e-02;5.891780e-02;8.878945e-02;3.230928e-02;1.166985e-01;2.637180e-01;1.138168e-01;9.324344e-02;4.640442e-02
2.427425e-02;8.925648e-02;5.166766e-02;1.849117e-02;7.171198e-02;4.129023e-02;2.817379e-02;1.386106e-01;3.410632e-01;9.898864e-02;5.953256e-02;3.693945e-02
3.066854e-02;5.930692e-02;2.956713e-02;2.137358e-02;5.098461e-02;2.826894e-02;2.209901e-02;2.127891e-01;4.064475e-01;6.938572e-02;2.623020e-02;4.287877e-02
2.401584e-02;3.869702e-02;1.986985e-02;3.194315e-02;2.455953e-02;2.669808e-02;3.138123e-02;2.516499e-01;4.165660e-01;5.365491e-02;3.796268e-02;4.300186e-02
2.036306e-02;5.276506e-02;2.506215e-02;3.781700e-02;1.391533e-02;4.681167e-02;3.719842e-02;3.093599e-01;3.551098e-01;2.625502e-02;3.469152e-02;4.065109e-02
2.356473e-02;7.997043e-02;6.996654e-02;3.820750e-02;1.845988e-02;5.096085e-02;2.582140e-02;3.051183e-01;2.822870e-01;2.992351e-02;3.297316e-02;4.274678e-02
2.725349e-02;8.009993e-02;1.113608e-01;4.155546e-02;1.134571e-02;5.923365e-02;2.573793e-02;3.301350e-01;2.021079e-01;2.993319e-02;3.205758e-02;4.917938e-02
2.623142e-02;8.528583e-02;1.670826e-01;4.915147e-02;2.013956e-02;6.299247e-02;4.615566e-02;3.377514e-01;1.081464e-01;1.811060e-02;1.916679e-02;5.978584e-02
2.111209e-02;9.186058e-02;1.716947e-01;3.653170e-02;2.510247e-02;6.314414e-02;6.342063e-02;3.084748e-01;1.188974e-01;2.279818e-02;1.733882e-02;5.962454e-02
1.960733e-02;4.756191e-02;1.231191e-01;1.960566e-02;1.904887e-02;7.171970e-02;7.031152e-02;3.422647e-01;1.698976e-01;2.809281e-02;2.839777e-02;6.037301e-02
1.431789e-02;3.982541e-02;1.089466e-01;1.568589e-02;1.104161e-02;3.840597e-02;6.565151e-02;4.001937e-01;2.002372e-01;2.265023e-02;2.681788e-02;5.622615e-02
1.253343e-02;3.885436e-02;1.065709e-01;9.746618e-03;4.365697e-03;3.437714e-02;5.415140e-02;4.324535e-01;2.029212e-01;2.984243e-02;2.299501e-02;5.118834e-02
9.985096e-03;2.596993e-02;1.056987e-01;7.696052e-03;6.353679e-03;3.753999e-02;3.914105e-02;4.909642e-01;1.850735e-01;2.989478e-02;1.773368e-02;4.394937e-02
1.100911e-02;2.644207e-02;1.052670e-01;9.286287e-03;6.297951e-03;4.144628e-02;2.935154e-02;5.085245e-01;1.865513e-01;2.725040e-02;1.106970e-02;3.750380e-02
1.322556e-02;3.562510e-02;1.147983e-01;1.332170e-02;1.522286e-02;3.849956e-02;2.141476e-02;5.382133e-01;1.342931e-01;2.577794e-02;1.236373e-02;3.724410e-02
1.617778e-02;4.172054e-02;8.786383e-02;2.491908e-02;1.552553e-02;3.690284e-02;1.344653e-02;4.953261e-01;1.861716e-01;2.368960e-02;2.169303e-02;3.656357e-02
1.611931e-02;4.870733e-02;5.808185e-02;2.711678e-02;1.288214e-02;2.784802e-02;1.102242e-02;4.791878e-01;2.297689e-01;2.053005e-02;2.324098e-02;4.549430e-02
2.481358e-02;4.046219e-02;3.677514e-02;2.917896e-02;1.060193e-02;3.883092e-02;1.331819e-02;4.962511e-01;2.144110e-01;1.726128e-02;2.272456e-02;5.537109e-02
3.538414e-02;2.793296e-02;2.967312e-02;4.539823e-02;1.033991e-02;2.837545e-02;2.120604e-02;4.833978e-01;2.230774e-01;2.461512e-02;2.279075e-02;4.780914e-02
4.360877e-02;1.925863e-02;3.772318e-02;5.947924e-02;1.601404e-02;3.472330e-02;2.525109e-02;4.458688e-01;2.431243e-01;2.628922e-02;2.317861e-02;2.548082e-02
6.032931e-02;3.493682e-02;5.786798e-02;7.037353e-02;1.521683e-02;2.488674e-02;2.327504e-02;4.771539e-01;1.714522e-01;2.053642e-02;2.370268e-02;2.026857e-02
5.299012e-02;3.817837e-02;4.617843e-02;5.246768e-02;1.473849e-02;3.234895e-02;1.767595e-02;4.403261e-01;2.344914e-01;2.526545e-02;2.601697e-02;1.932211e-02
4.371617e-02;3.452004e-02;3.155095e-02;3.703629e-02;1.044074e-02;1.855287e-02;6.732486e-03;4.515160e-01;2.788179e-01;3.232018e-02;2.573789e-02;2.905858e-02
3.778841e-02;4.053881e-02;2.015365e-02;2.290203e-02;4.165968e-03;4.165971e-02;8.825289e-03;4.873605e-01;2.445996e-01;2.885451e-02;2.303651e-02;4.011502e-02
2.223874e-02;5.464198e-02;3.722810e-02;1.506239e-02;5.091697e-03;2.792753e-02;1.791808e-02;4.851206e-01;2.529844e-01;1.927476e-02;2.065836e-02;4.185342e-02
