6.360881e-02;1.189544e-01;4.710376e-01;5.990864e-02;4.538587e-02;3.434939e-02;8.429006e-02;3.261277e-02;3.503358e-02;3.318186e-02;7.219231e-03;1.441784e-02
1.082762e-01;1.924701e-01;4.761608e-01;3.517653e-02;1.939533e-02;2.529645e-02;4.326378e-02;2.240901e-02;3.272359e-02;2.507748e-02;4.512011e-03;1.523874e-02
1.392055e-01;2.600388e-01;4.561328e-01;1.674875e-02;7.640920e-03;2.409538e-02;1.374124e-02;1.326460e-02;2.929989e-02;1.945517e-02;4.712285e-03;1.566465e-02
1.525589e-01;2.764075e-01;4.210664e-01;1.560679e-02;5.346032e-03;2.516222e-02;9.786134e-03;1.059785e-02;3.576871e-02;2.293577e-02;1.139822e-02;1.336537e-02
1.901404e-01;2.453252e-01;3.733852e-01;1.981813e-02;1.448100e-02;2.195512e-02;9.540534e-03;1.942876e-02;4.586703e-02;2.381070e-02;1.845683e-02;1.779115e-02
2.365376e-01;1.881531e-01;3.101285e-01;2.204190e-02;2.821364e-02;2.631720e-02;1.974104e-02;4.122074e-02;4.845227e-02;2.155028e-02;2.743002e-02;3.021358e-02
2.360096e-01;1.402719e-01;2.315993e-01;3.025786e-02;3.473650e-02;6.653322e-02;3.254949e-02;5.430219e-02;5.337772e-02;3.465582e-02;4.116007e-02;4.454644e-02
1.698022e-01;1.225354e-01;1.434869e-01;3.753081e-02;5.336244e-02;1.067070e-01;6.887291e-02;4.749113e-02;7.284883e-02;5.837950e-02;5.975274e-02;5.923007e-02
7.501115e-02;1.042935e-01;1.614380e-01;2.902895e-02;6.139190e-02;1.260206e-01;8.779923e-02;1.061385e-01;8.210438e-02;6.049007e-02;5.183313e-02;5.445050e-02
4.802861e-02;9.604084e-02;1.447264e-01;5.268892e-02;6.499148e-02;1.221613e-01;1.102971e-01;1.073193e-01;7.775345e-02;6.631887e-02;6.256833e-02;4.710543e-02
5.578747e-02;1.124780e-01;1.224587e-01;7.856997e-02;1.326976e-01;1.097277e-01;7.110128e-02;8.053941e-02;7.526684e-02;6.591450e-02;4.893524e-02;4.652330e-02
5.560636e-02;9.356203e-02;9.686622e-02;7.079732e-02;1.443454e-01;8.728149e-02;1.347393e-01;9.515960e-02;7.498266e-02;4.439158e-02;3.025888e-02;7.200926e-02
9.109543e-02;7.037929e-02;8.461994e-02;6.331155e-02;9.785938e-02;1.031897e-01;1.222563e-01;1.187209e-01;8.186204e-02;7.167936e-02;3.753201e-02;5.749404e-02
1.067737e-01;6.796221e-02;6.767756e-02;5.093001e-02;7.416237e-02;1.095865e-01;1.305261e-01;1.299735e-01;9.111645e-02;8.190190e-02;5.139752e-02;3.799220e-02
9.668862e-02;5.284073e-02;8.839365e-02;3.374179e-02;5.989944e-02;7.889542e-02;1.608198e-01;1.425632e-01;8.045051e-02;9.512384e-02;7.806564e-02;3.251737e-02
5.353462e-02;3.509915e-02;8.046952e-02;2.840579e-02;1.097887e-01;5.844533e-02;2.562077e-01;9.416416e-02;7.399772e-02;8.528912e-02;8.455662e-02;4.004160e-02
2.660926e-02;3.379735e-02;2.612570e-01;3.855312e-02;1.286225e-01;6.515883e-02;2.292484e-01;3.661720e-02;4.706581e-02;5.043013e-02;5.824745e-02;2.439291e-02
1.086249e-02;3.196460e-02;4.123792e-01;4.853433e-02;1.328310e-01;7.058670e-02;1.499022e-01;3.203362e-02;2.693505e-02;2.749786e-02;4.387559e-02;1.259731e-02
1.964428e-02;2.572429e-02;4.639190e-01;6.036224e-02;1.203946e-01;7.208370e-02;1.073620e-01;3.945281e-02;2.676716e-02;1.194133e-02;3.997727e-02;1.237121e-02
2.516795e-02;2.972342e-02;4.003530e-01;5.668693e-02;9.279271e-02;6.518655e-02;1.716567e-01;3.947159e-02;2.932241e-02;2.843033e-02;4.012194e-02;2.108650e-02
4.528571e-02;4.703280e-02;3.529907e-01;5.703012e-02;5.645529e-02;5.787848e-02;1.720655e-01;4.000315e-02;4.442907e-02;4.710042e-02;4.129815e-02;3.843051e-02
4.913420e-02;2.049819e-02;3.366313e-01;5.578198e-02;6.132535e-02;5.819406e-02;1.714769e-01;5.011516e-02;6.102494e-02;7.148381e-02;3.217666e-02;3.215739e-02
3.358705e-02;1.669197e-02;1.690293e-01;4.507483e-02;9.993692e-02;6.170445e-02;2.792005e-01;5.751513e-02;7.599048e-02;1.076952e-01;2.772403e-02;2.585016e-02
1.519710e-02;1.149958e-02;1.206744e-01;2.951093e-02;1.479967e-01;8.440563e-02;3.465017e-01;3.799009e-02;7.906748e-02;9.039899e-02;1.437594e-02;2.238137e-02
1.973194e-02;4.635604e-03;7.957702e-02;1.726355e-02;1.591741e-01;1.446327e-01;3.773274e-01;4.696659e-02;7.602531e-02;5.337945e-02;4.678955e-03;1.660736e-02
3.989532e-02;5.396536e-03;4.123560e-02;2.304352e-02;1.115854e-01;1.983900e-01;3.983088e-01;8.519684e-02;3.848168e-02;4.595837e-02;4.235222e-03;8.272702e-03
5.290658e-02;9.568047e-03;1.935094e-02;3.385350e-02;7.214691e-02;1.913551e-01;4.455476e-01;8.131865e-02;1.662188e-02;6.322967e-02;8.808795e-03;5.292331e-03
6.195849e-02;1.528724e-02;3.112241e-02;4.236874e-02;6.334640e-02;1.610075e-01;4.587661e-01;4.428231e-02;2.139877e-02;7.802378e-02;1.226264e-02;1.017567e-02
6.382891e-02;3.166189e-02;2.217046e-02;3.434950e-02;5.717362e-02;1.710833e-01;4.777087e-01;1.661560e-02;1.790814e-02;9.079171e-02;9.098326e-03;7.609792e-03
4.635403e-02;5.385746e-02;7.523716e-03;2.295177e-02;4.120393e-02;1.981373e-01;5.327722e-01;2.044373e-02;1.069833e-02;5.917947e-02;3.791203e-03;3.086800e-03
4.888399e-02;6.913119e-02;6.163412e-03;1.385604e-02;3.734554e-02;2.538473e-01;5.224377e-01;1.799525e-02;6.596138e-03;1.906336e-02;2.092586e-03;2.587557e-03
1.027662e-01;6.234807e-02;6.426900e-03;1.737048e-02;4.054604e-02;2.837384e-01;4.488469e-01;1.066233e-02;5.513624e-03;1.452226e-02;2.914048e-03;4.344794e-03
1.905078e-01;3.996450e-02;9.824208e-03;1.858837e-02;5.366639e-02;2.758021e-01;3.675881e-01;8.118398e-03;4.113737e-03;2.580960e-02;2.660068e-03;3.356716e-03
2.774138e-01;1.565700e-02;1.341910e-02;1.223821e-02;6.842014e-02;2.558400e-01;2.929581e-01;1.382541e-02;5.000114e-03;3.676122e-02;3.056141e-03;5.410595e-03
3.319429e-01;5.863174e-03;1.629388e-02;9.039355e-03;8.681063e-02;2.265009e-01;2.488204e-01;1.549815e-02;6.150526e-03;4.209742e-02;2.923182e-03;8.059433e-03
3.591103e-01;7.668367e-03;1.567134e-02;7.701150e-03;1.048186e-01;1.902993e-01;2.392893e-01;2.020717e-02;5.278616e-03;3.641234e-02;2.679666e-03;1.086388e-02
3.543556e-01;7.041330e-03;1.351036e-02;1.188359e-02;1.242035e-01;1.701944e-01;2.465930e-01;1.734618e-02;5.418863e-03;3.305596e-02;2.384318e-03;1.401290e-02
3.073833e-01;3.563002e-03;3.257388e-02;1.137035e-02;1.563156e-01;1.643475e-01;2.320954e-01;1.524083e-02;8.374533e-03;2.537171e-02;3.386161e-03;3.997767e-02
2.346205e-01;6.432531e-03;7.366326e-02;1.986214e-02;2.153179e-01;1.640098e-01;1.693521e-01;1.537632e-02;1.463169e-02;2.015882e-02;5.959618e-03;6.061533e-02
1.258267e-01;1.226337e-02;8.555866e-02;2.326238e-02;2.744238e-01;1.764650e-01;1.868267e-01;1.578358e-02;2.574806e-02;1.549978e-02;1.016524e-02;4.817668e-02
4.454266e-02;9.470966e-03;9.323900e-02;2.604904e-02;3.155049e-01;2.006649e-01;2.300402e-01;1.128255e-02;3.247855e-02;1.142910e-02;7.863970e-03;1.743412e-02
2.086971e-02;8.354917e-03;1.085650e-01;3.170657e-02;3.447615e-01;1.948905e-01;2.057228e-01;8.790597e-03;4.773022e-02;6.312904e-03;4.026636e-03;1.826865e-02
1.669873e-02;4.204025e-03;1.280014e-01;3.788757e-02;3.566078e-01;1.716815e-01;1.697889e-01;9.506925e-03;6.021554e-02;5.835235e-03;5.136874e-03;3.443541e-02
1.406851e-02;4.145799e-03;1.656804e-01;4.921624e-02;3.630230e-01;1.520232e-01;1.237708e-01;9.006362e-03;5.596856e-02;8.392270e-03;5.815664e-03;4.888915e-02
1.199705e-02;4.981165e-03;1.924287e-01;6.324338e-02;3.588347e-01;1.386963e-01;1.108007e-01;5.755658e-03;3.555230e-02;8.805986e-03;4.585294e-03;6.431863e-02
9.658253e-03;7.265701e-03;2.311278e-01;7.566711e-02;3.498975e-01;1.313589e-01;9.774194e-02;4.446457e-03;1.621114e-02;1.112843e-02;3.750540e-03;6.174629e-02
9.290715e-03;7.989601e-03;2.818590e-01;8.802915e-02;3.194649e-01;1.156032e-01;7.533152e-02;7.005451e-03;1.412571e-02;1.987455e-02;1.093707e-02;5.048918e-02
7.430013e-03;6.763044e-03;3.549145e-01;1.035296e-01;3.045774e-01;1.022031e-01;3.300700e-02;7.066177e-03;8.128044e-03;2.126586e-02;1.394152e-02;3.717364e-02
8.854245e-03;8.973083e-03;3.693934e-01;1.040242e-01;2.829289e-01;9.195945e-02;5.284447e-02;6.441677e-03;8.132207e-03;2.251914e-02;1.933587e-02;2.459333e-02
1.501598e-02;1.166885e-02;3.476325e-01;9.903780e-02;2.881027e-01;9.888878e-02;2.240663e-02;9.889889e-03;1.115255e-02;3.161794e-02;3.992181e-02;2.466455e-02
3.889104e-02;1.915179e-02;2.159260e-01;6.292462e-02;2.615823e-01;1.078048e-01;1.091729e-01;1.357019e-02;2.019873e-02;3.104614e-02;5.520580e-02;6.452567e-02
3.096276e-02;1.868675e-02;1.128170e-01;4.127408e-02;2.517528e-01;1.304296e-01;1.782381e-01;1.250336e-02;1.866046e-02;2.418578e-02;5.158692e-02;1.289024e-01
3.369739e-02;8.627406e-03;8.650018e-02;2.997544e-02;2.437127e-01;1.656688e-01;2.293319e-01;1.166295e-02;2.126301e-02;9.951012e-03;2.302548e-02;1.365838e-01
8.906522e-02;9.122966e-03;5.479199e-02;1.935595e-02;1.980969e-01;1.967481e-01;3.231625e-01;9.509413e-03;1.402465e-02;1.138007e-02;3.539006e-03;7.120331e-02
1.162399e-01;1.710524e-02;2.312809e-02;1.094051e-02;1.344101e-01;1.913561e-01;4.472444e-01;1.219605e-02;6.962813e-03;1.717656e-02;4.162452e-03;1.907784e-02
8.850430e-02;3.217221e-02;1.229590e-02;7.410513e-03;8.903939e-02;1.620412e-01;5.560622e-01;1.521510e-02;8.088007e-03;1.975915e-02;3.900067e-03;5.511998e-03
4.357416e-02;6.431138e-02;1.875454e-02;6.415562e-03;6.941172e-02;1.269897e-01;6.261082e-01;1.632784e-02;9.899693e-03;1.203470e-02;3.305272e-03;2.867260e-03
1.123289e-02;8.272150e-02;2.148853e-02;5.143665e-03;5.452175e-02;9.233095e-02;6.873581e-01;1.296504e-02;1.488037e-02;8.075409e-03;7.433750e-03;1.847962e-03
6.150527e-03;7.197352e-02;1.240200e-02;3.930698e-03;3.144168e-02;6.617576e-02;7.367887e-01;2.105349e-02;1.987063e-02;1.035975e-02;1.678167e-02;3.071584e-03
5.817262e-03;6.031145e-02;9.065246e-03;3.567686e-03;2.170533e-02;4.757733e-02;7.682627e-01;3.099114e-02;1.994719e-02;8.100494e-03;2.176651e-02;2.887660e-03
3.327004e-03;4.769633e-02;1.343206e-02;3.103201e-03;1.730835e-02;3.515645e-02;7.928780e-01;3.996981e-02;1.744755e-02;7.025085e-03;1.787187e-02;4.784344e-03
1.163215e-02;3.691071e-02;2.514500e-02;7.474886e-03;1.440568e-02;2.944622e-02;7.763097e-01;5.223392e-02;1.918792e-02;1.183912e-02;1.287307e-02;2.541584e-03
3.009881e-02;2.606968e-02;8.564832e-02;2.203443e-02;3.221244e-02;4.037487e-02;5.809036e-01;7.940685e-02;4.353384e-02;2.444762e-02;2.206785e-02;1.320171e-02
3.488800e-02;3.621529e-02;1.523407e-01;2.931577e-02;4.065764e-02;4.299751e-02;3.663158e-01;1.335185e-01;6.576919e-02;4.812876e-02;2.741042e-02;2.244245e-02
1.881776e-02;2.356034e-02;1.559166e-01;1.932918e-02;2.939087e-02;3.658209e-02;3.490112e-01;2.088913e-01;5.520695e-02;5.895674e-02;1.883777e-02;2.549923e-02
6.304741e-03;4.897406e-03;1.393843e-01;7.586699e-03;9.013357e-03;1.482453e-02;3.697824e-01;2.898360e-01;4.886055e-02;7.219317e-02;5.191879e-03;3.212505e-02
5.988379e-03;8.093555e-03;1.190625e-01;3.044672e-03;5.208376e-03;6.297705e-03;3.833790e-01;3.102120e-01;4.069491e-02;7.632507e-02;8.460853e-03;3.323297e-02
3.177265e-03;1.149163e-02;9.838001e-02;2.627719e-03;5.651377e-03;8.388000e-03;4.771198e-01;2.858638e-01;2.528878e-02;5.080070e-02;7.830615e-03;2.338031e-02
5.128585e-03;2.530710e-02;6.588730e-02;2.451746e-03;8.203811e-03;1.287560e-02;5.863403e-01;2.305461e-01;1.495911e-02;2.463708e-02;1.371089e-02;9.952348e-03
1.086859e-02;6.333015e-02;3.733866e-02;4.594304e-03;2.361259e-02;3.527825e-02;5.974748e-01;1.640573e-01;1.896892e-02;9.717541e-03;3.114248e-02;3.616435e-03
2.121370e-02;9.782933e-02;5.683919e-02;1.039613e-02;4.916120e-02;5.873337e-02;4.630212e-01;1.165247e-01;4.030402e-02;2.410187e-02;4.850791e-02;1.336742e-02
4.010742e-02;1.120164e-01;1.081934e-01;2.177148e-02;8.862765e-02;9.277003e-02;2.287367e-01;9.627318e-02;5.902268e-02;4.712970e-02;6.472266e-02;4.062872e-02
1.001208e-01;4.898522e-02;5.152781e-02;2.565520e-02;6.347126e-02;1.196373e-01;3.539336e-01;5.472089e-02;3.649844e-02;7.663245e-02;2.993726e-02;3.887983e-02
1.313246e-01;3.572726e-02;2.416882e-02;2.444517e-02;7.138104e-02;1.508742e-01;3.713132e-01;3.822716e-02;1.623420e-02;1.018858e-01;1.186098e-02;2.255758e-02
1.322502e-01;2.022236e-02;5.644337e-02;2.902841e-02;1.272229e-01;1.572625e-01;2.627637e-01;2.465527e-02;3.685628e-02;9.450480e-02;7.866857e-03;5.092349e-02
8.120267e-02;1.923396e-02;1.313549e-01;4.420322e-02;1.892399e-01;1.090267e-01;1.363211e-01;2.152829e-02;6.351097e-02;5.475843e-02;2.717769e-02;1.224422e-01
2.435166e-02;4.224865e-02;2.205778e-01;8.962880e-02;1.687139e-01;5.441529e-02;6.738485e-02;4.325574e-02;4.596239e-02;4.600252e-02;7.317596e-02;1.242824e-01
1.672375e-02;4.779760e-02;3.474510e-01;1.246536e-01;1.040356e-01;3.715380e-02;2.673187e-02;5.579114e-02;1.916550e-02;4.197451e-02;1.280859e-01;5.043574e-02
3.160971e-02;2.482218e-02;4.913722e-01;1.077730e-01;6.515584e-02;2.924205e-02;2.108188e-02;3.665662e-02;2.632637e-02;4.271329e-02;1.114448e-01;1.180202e-02
7.152184e-02;1.880687e-02;5.713121e-01;6.580530e-02;4.417462e-02;1.435272e-02;3.328734e-02;1.012984e-02;3.229763e-02;8.200604e-02;4.902061e-02;7.285054e-03
7.847510e-02;5.489312e-02;5.436796e-01;3.780868e-02;3.367177e-02;1.473989e-02;3.973006e-02;1.031406e-02;3.584947e-02;1.191653e-01;2.078095e-02;1.089198e-02
7.583877e-02;1.462658e-01;4.513816e-01;3.184082e-02;2.096448e-02;2.617403e-02;3.084230e-02;1.158484e-02;6.929319e-02;1.007535e-01;1.815134e-02;1.690929e-02
1.017412e-01;2.537462e-01;3.205102e-01;3.697133e-02;1.387784e-02;3.934014e-02;1.905772e-02;1.836557e-02;1.139105e-01;4.726717e-02;2.140892e-02;1.380321e-02
1.841310e-01;2.486880e-01;2.432515e-01;2.711716e-02;2.440426e-02;2.957176e-02;1.877398e-02;4.235774e-02;1.098600e-01;2.655553e-02;3.009910e-02;1.519000e-02
2.828302e-01;1.785917e-01;2.065430e-01;1.596100e-02;5.703775e-02;1.525105e-02;2.219890e-02;7.431760e-02;6.333174e-02;2.910687e-02;3.861790e-02;1.621235e-02
3.209780e-01;1.454137e-01;2.177737e-01;1.108380e-02;7.487031e-02;9.734749e-03;2.555748e-02;7.892256e-02;2.279392e-02;2.898555e-02;4.299713e-02;2.088911e-02
3.160518e-01;1.436455e-01;2.282110e-01;1.233517e-02;7.528979e-02;1.161560e-02;2.806882e-02;5.654573e-02;2.213010e-02;3.660396e-02;4.788304e-02;2.161943e-02
2.922398e-01;1.300055e-01;2.261219e-01;2.315139e-02;7.246371e-02;2.235397e-02;4.903278e-02;5.191370e-02;2.353435e-02;3.599438e-02;4.877722e-02;2.441130e-02
2.621784e-01;1.300142e-01;2.376974e-01;3.208736e-02;6.154864e-02;3.314927e-02;4.975057e-02;3.966664e-02;3.878783e-02;3.673561e-02;4.934406e-02;2.904003e-02
2.639264e-01;1.340051e-01;2.550325e-01;2.631490e-02;4.781144e-02;3.733106e-02;3.841288e-02;4.209149e-02;4.654616e-02;3.685812e-02;4.453758e-02;2.713230e-02
2.331372e-01;1.222013e-01;2.793822e-01;3.094356e-02;4.334846e-02;3.834285e-02;4.482693e-02;5.927192e-02;3.394801e-02;2.808862e-02;4.997566e-02;3.653332e-02
2.024790e-01;1.147015e-01;2.320428e-01;4.120202e-02;4.473377e-02;3.574728e-02;6.888276e-02;6.409575e-02;2.884421e-02;5.471256e-02;5.841773e-02;5.414059e-02
1.328970e-01;9.745428e-02;1.816794e-01;5.312591e-02;7.174895e-02;7.432820e-02;8.505055e-02;4.859884e-02;5.753439e-02;8.021914e-02;4.100114e-02;7.636221e-02
1.021754e-01;9.541812e-02;2.200577e-01;6.455678e-02;7.312008e-02;8.201038e-02;9.601912e-02;4.346474e-02;7.709993e-02;6.382062e-02;3.688431e-02;4.537281e-02
5.214001e-02;8.078817e-02;4.603612e-01;7.886779e-02;6.704320e-02;4.858823e-02;5.993605e-02;3.038574e-02;4.056876e-02;4.249881e-02;2.129753e-02;1.752449e-02
4.324320e-02;8.466572e-02;5.697610e-01;7.311122e-02;4.124570e-02;2.607542e-02;4.014326e-02;2.187670e-02;3.355805e-02;4.288878e-02;1.155624e-02;1.187477e-02
2.729581e-02;8.587109e-02;6.551402e-01;6.693675e-02;2.113383e-02;9.297601e-03;2.411769e-02;9.448007e-03;3.451430e-02;5.313476e-02;5.353118e-03;7.756881e-03
1.936596e-02;1.032633e-01;6.563203e-01;5.983022e-02;1.794288e-02;8.258022e-03;1.361250e-02;7.819261e-03;4.117559e-02;5.668278e-02;5.875981e-03;9.853180e-03
3.557055e-02;1.594651e-01;5.239404e-01;4.254904e-02;1.198433e-02;1.789403e-02;1.305673e-02;1.854615e-02;8.221758e-02;6.447700e-02;8.981318e-03;2.131770e-02
9.412998e-02;1.974662e-01;3.515237e-01;2.789875e-02;9.962433e-03;2.712157e-02;2.796031e-02;3.588836e-02;1.148572e-01;6.487413e-02;2.083906e-02;2.747824e-02
1.326686e-01;2.098153e-01;2.656593e-01;2.665544e-02;1.418447e-02;3.347610e-02;4.392866e-02;5.888620e-02;1.098187e-01;4.762077e-02;3.305453e-02;2.423189e-02
5.948086e-02;2.060854e-01;3.615827e-01;2.121139e-02;1.433010e-02;5.291352e-02;3.773719e-02;7.050474e-02;9.056846e-02;3.278875e-02;2.512205e-02;2.767488e-02
5.407336e-02;2.250635e-01;3.616440e-01;1.783610e-02;7.135369e-03;7.122397e-02;1.349543e-02;5.602605e-02;1.282030e-01;2.270314e-02;9.831451e-03;3.276468e-02
9.481399e-02;2.473609e-01;2.840173e-01;1.645425e-02;9.451487e-03;7.900120e-02;1.722982e-02;2.836971e-02;1.643713e-01;1.993439e-02;7.292919e-03;3.170274e-02
1.141944e-01;2.455595e-01;2.200793e-01;2.458581e-02;1.311920e-02;8.440651e-02;2.162396e-02;2.443981e-02;2.025620e-01;1.679199e-02;7.384760e-03;2.525283e-02
8.877992e-02;1.683947e-01;2.372835e-01;4.755939e-02;3.559810e-02;6.540096e-02;4.794956e-02;4.504690e-02;1.756849e-01;3.762322e-02;1.619748e-02;3.448144e-02
1.117884e-01;1.554076e-01;2.169097e-01;6.642710e-02;4.516903e-02;4.090238e-02;5.673664e-02;6.474138e-02;1.456249e-01;4.913691e-02;1.681441e-02;3.034156e-02
1.760107e-01;1.840493e-01;1.503869e-01;6.834234e-02;3.771139e-02;2.088511e-02;4.089450e-02;7.142125e-02;1.668035e-01;4.732474e-02;1.419622e-02;2.197401e-02
2.499600e-01;2.111582e-01;9.909473e-02;5.521332e-02;2.103340e-02;1.178352e-02;2.432209e-02;6.229349e-02;2.024058e-01;3.599722e-02;1.202837e-02;1.470992e-02
2.981815e-01;1.989362e-01;1.146535e-01;3.323015e-02;1.780213e-02;1.345261e-02;3.232277e-02;6.935409e-02;1.520329e-01;2.588417e-02;2.171814e-02;2.243189e-02
3.163005e-01;1.593974e-01;1.269363e-01;2.787984e-02;3.158920e-02;1.777321e-02;4.652004e-02;9.167181e-02;9.919704e-02;1.936988e-02;3.052664e-02;3.283804e-02
2.744097e-01;1.155387e-01;1.493845e-01;4.159633e-02;3.061679e-02;3.666809e-02;6.315076e-02;9.527123e-02;7.705916e-02;2.251421e-02;3.858962e-02;5.520098e-02
1.471190e-01;9.672912e-02;1.278672e-01;6.441229e-02;5.218744e-02;9.513583e-02;7.227708e-02;9.989111e-02;6.110337e-02;5.129886e-02;5.025206e-02;8.172669e-02
7.341174e-02;9.053176e-02;9.330197e-02;4.868852e-02;1.120589e-01;1.528773e-01;5.679746e-02;7.351162e-02;8.416218e-02;8.170667e-02;6.147585e-02;7.147609e-02
5.769511e-02;8.037014e-02;1.120761e-01;5.318842e-02;9.833198e-02;1.854839e-01;7.293823e-02;3.493297e-02;1.098616e-01;9.054703e-02;2.930558e-02;7.526892e-02
8.900282e-02;5.856430e-02;1.046755e-01;5.656527e-02;7.229982e-02;1.303885e-01;9.479851e-02;5.869661e-02;1.121718e-01;7.677605e-02;4.533131e-02;1.007295e-01
8.041348e-02;7.420207e-02;1.014363e-01;6.460553e-02;1.007780e-01;9.473970e-02;1.104216e-01;7.044455e-02;1.092505e-01;4.449354e-02;4.971784e-02;9.949693e-02
6.385654e-02;1.089983e-01;9.381686e-02;7.511818e-02;1.091724e-01;1.239616e-01;1.065587e-01;7.408272e-02;8.637106e-02;4.932747e-02;3.374718e-02;7.498905e-02
5.491360e-02;9.508050e-02;8.831054e-02;9.601616e-02;9.975117e-02;9.274942e-02;1.371135e-01;1.038068e-01;6.315703e-02;6.202589e-02;4.480531e-02;6.227001e-02
5.673347e-02;5.278763e-02;1.188957e-01;8.472690e-02;8.485827e-02;4.898984e-02;1.531859e-01;9.551743e-02;8.169866e-02;8.925899e-02;6.605674e-02;6.729057e-02
3.983933e-02;7.116082e-02;1.296503e-01;6.035461e-02;8.198266e-02;7.587378e-02;1.544634e-01;8.003216e-02;1.019197e-01;8.601649e-02;5.512807e-02;6.357860e-02
4.440193e-02;7.535113e-02;1.150580e-01;6.713272e-02;1.127637e-01;9.647711e-02;1.640861e-01;5.400705e-02;5.973694e-02;7.344245e-02;6.100450e-02;7.653835e-02
5.287911e-02;5.638680e-02;1.975203e-01;1.269135e-01;7.999697e-02;6.240529e-02;1.200817e-01;4.565133e-02;4.705778e-02;7.231412e-02;8.826114e-02;5.053194e-02
4.500951e-02;5.893999e-02;2.597693e-01;1.454175e-01;5.557764e-02;4.234147e-02;1.009769e-01;3.017113e-02;4.767637e-02;9.297276e-02;9.197480e-02;2.917272e-02
2.927172e-02;4.755658e-02;3.156835e-01;1.280868e-01;5.053303e-02;2.460534e-02;1.121850e-01;1.877622e-02;4.575119e-02;1.354306e-01;8.250907e-02;9.610929e-03
1.511017e-02;2.601946e-02;3.397422e-01;5.941519e-02;3.633099e-02;1.774576e-02;1.417586e-01;4.272079e-02;5.544792e-02;2.025473e-01;5.645786e-02;6.703733e-03
1.368642e-02;3.887437e-02;3.644230e-01;1.528493e-02;2.036694e-02;7.489682e-03;1.300668e-01;4.856055e-02;6.140670e-02;2.676798e-01;2.848878e-02;3.672110e-03
2.451773e-02;7.032090e-02;4.096226e-01;1.110508e-02;1.501886e-02;9.454439e-03;6.034119e-02;2.648244e-02;8.024165e-02;2.698093e-01;1.809207e-02;4.993774e-03
5.082722e-02;1.052913e-01;4.111361e-01;2.565394e-02;2.293959e-02;1.597204e-02;2.958068e-02;1.708943e-02;9.913891e-02;1.945156e-01;1.512271e-02;1.273246e-02
6.512659e-02;1.322982e-01;3.573552e-01;3.593709e-02;2.852501e-02;2.374671e-02;5.259060e-02;2.448499e-02;1.024182e-01;1.302473e-01;2.242111e-02;2.484908e-02
4.192721e-02;1.465331e-01;3.944439e-01;4.191219e-02;2.937621e-02;2.464045e-02;6.240252e-02;3.480757e-02;8.886746e-02;8.348248e-02;2.146980e-02;3.013703e-02
1.061049e-02;1.030763e-01;6.208880e-01;2.899510e-02;1.408644e-02;1.451580e-02;3.356444e-02;5.059744e-02;5.138802e-02;4.019562e-02;1.361811e-02;1.846424e-02
1.402948e-02;6.543352e-02;6.736133e-01;2.612401e-02;2.590299e-02;1.720394e-02;2.372782e-02;4.493949e-02;3.016452e-02;5.795600e-02;8.220134e-03;1.268480e-02
1.217372e-02;2.879211e-02;6.016837e-01;3.705377e-02;5.164475e-02;2.329623e-02;7.372706e-02;3.233772e-02;1.757193e-02;9.506938e-02;1.432409e-02;1.232560e-02
1.650660e-02;2.020432e-02;5.471388e-01;4.515069e-02;5.559506e-02;1.964756e-02;1.098719e-01;1.979152e-02;2.797050e-02;1.110727e-01;1.920801e-02;7.842270e-03
1.425121e-02;1.155324e-02;5.910601e-01;4.646928e-02;4.596769e-02;8.945876e-03;1.277343e-01;9.091315e-03;1.910383e-02;1.101623e-01;1.297354e-02;2.687355e-03
1.413085e-02;2.866323e-02;5.774786e-01;4.245971e-02;6.294354e-02;8.168381e-03;1.185867e-01;4.651974e-03;1.004950e-02;1.244864e-01;7.223582e-03;1.157533e-03
2.723996e-02;5.967036e-02;5.235102e-01;4.539869e-02;7.688037e-02;1.177657e-02;9.477492e-02;1.260768e-02;9.926598e-03;1.200990e-01;1.345565e-02;4.660022e-03
6.000625e-02;9.946781e-02;4.533392e-01;4.635815e-02;6.643781e-02;2.289261e-02;7.637803e-02;3.182600e-02;2.204294e-02;9.418885e-02;1.517608e-02;1.188629e-02
1.185208e-01;1.275894e-01;3.587686e-01;4.045662e-02;3.930744e-02;3.355576e-02;5.359702e-02;6.647547e-02;4.851725e-02;6.984437e-02;2.380676e-02;1.956056e-02
1.626168e-01;1.017548e-01;2.556771e-01;2.043840e-02;3.587502e-02;2.322562e-02;1.010418e-01;1.092889e-01;4.213998e-02;5.321328e-02;5.204388e-02;4.268445e-02
1.137447e-01;7.067029e-02;2.341075e-01;1.551152e-02;4.673373e-02;1.509267e-02;1.451110e-01;1.348090e-01;2.945992e-02;5.582205e-02;7.937029e-02;5.956726e-02
3.360922e-02;3.127644e-02;3.400308e-01;1.454912e-02;3.012652e-02;1.724632e-02;1.576777e-01;1.289112e-01;1.665488e-02;6.227692e-02;1.095523e-01;5.808847e-02
7.287819e-02;4.905275e-02;2.755373e-01;4.404121e-02;5.139590e-02;4.510905e-02;9.932262e-02;7.353526e-02;3.726639e-02;6.969037e-02;1.189543e-01;6.321669e-02
7.631864e-02;6.786963e-02;2.110991e-01;6.712324e-02;7.279362e-02;6.725379e-02;8.334302e-02;6.045977e-02;6.609018e-02;8.355656e-02;8.578371e-02;5.830876e-02
8.052347e-02;7.363603e-02;1.711451e-01;7.068925e-02;7.924806e-02;7.906453e-02;8.661371e-02;7.361605e-02;7.539951e-02;7.773503e-02;7.089935e-02;6.142993e-02
8.860070e-02;7.179764e-02;1.611731e-01;6.044221e-02;8.284322e-02;9.662682e-02;7.919800e-02;9.099651e-02;8.475210e-02;7.129355e-02;5.913617e-02;5.313997e-02
6.369022e-02;5.277186e-02;1.152721e-01;8.575585e-02;8.333334e-02;1.248349e-01;9.584563e-02;1.168148e-01;9.713534e-02;8.449034e-02;4.391101e-02;3.614455e-02
5.735889e-02;8.340607e-02;1.135425e-01;7.868706e-02;1.008083e-01;8.351092e-02;1.347911e-01;7.264882e-02;1.070578e-01;8.886047e-02;5.949024e-02;1.983781e-02
6.213282e-02;6.899091e-02;1.389204e-01;8.125339e-02;8.588758e-02;5.092922e-02;1.604720e-01;7.636300e-02;1.045180e-01;6.495982e-02;6.212092e-02;4.345183e-02
5.661619e-02;6.470023e-02;1.487627e-01;8.566076e-02;1.109197e-01;4.775341e-02;1.526056e-01;5.777650e-02;8.726466e-02;5.748946e-02;6.244266e-02;6.800810e-02
9.749626e-02;6.135627e-02;1.414491e-01;7.288242e-02;9.090542e-02;6.549130e-02;1.414342e-01;7.891373e-02;6.491070e-02;8.456371e-02;3.975734e-02;6.083946e-02
9.366308e-02;4.949630e-02;1.547279e-01;1.160401e-01;6.276815e-02;7.346810e-02;1.090074e-01;1.092769e-01;5.848217e-02;1.054109e-01;2.724856e-02;4.041041e-02
7.332581e-02;4.381532e-02;1.716367e-01;1.482128e-01;7.274229e-02;8.269176e-02;1.033917e-01;1.009511e-01;5.008026e-02;1.060661e-01;2.269991e-02;2.438618e-02
2.742887e-02;5.679071e-02;2.617813e-01;1.422404e-01;9.841111e-02;6.591417e-02;1.433572e-01;4.204636e-02;1.648734e-02;6.069287e-02;6.417459e-02;2.067503e-02
2.117558e-02;3.352268e-02;3.176246e-01;1.726257e-01;1.090223e-01;4.264643e-02;1.075667e-01;3.376759e-02;1.819423e-02;3.460613e-02;8.852965e-02;2.071829e-02
1.867935e-02;2.044523e-02;3.561751e-01;2.313920e-01;9.248363e-02;2.156352e-02;6.123430e-02;2.867134e-02;1.738423e-02;4.405118e-02;9.267701e-02;1.524307e-02
1.873866e-02;1.112177e-02;4.225965e-01;2.289943e-01;5.894525e-02;8.980250e-03;4.380082e-02;1.627622e-02;2.914619e-02;7.273275e-02;7.858215e-02;1.008516e-02
1.998845e-02;1.844197e-02;5.031460e-01;1.472739e-01;2.791676e-02;1.122090e-02;5.919094e-02;1.212401e-02;3.076720e-02;1.111516e-01;4.949399e-02;9.284303e-03
1.727762e-02;3.312690e-02;5.594729e-01;6.976903e-02;1.635087e-02;1.363434e-02;8.511186e-02;1.006795e-02;2.077105e-02;1.326185e-01;3.157382e-02;1.022522e-02
1.058188e-02;4.691606e-02;5.989833e-01;3.782985e-02;1.598727e-02;1.169972e-02;1.042608e-01;5.675612e-03;1.476785e-02;1.299273e-01;1.589064e-02;7.479723e-03
1.260740e-02;6.286395e-02;6.131071e-01;2.912017e-02;1.581167e-02;7.529080e-03;1.183341e-01;7.142271e-03;1.200438e-02;1.092303e-01;6.293789e-03;5.955845e-03
1.860332e-02;7.228846e-02;6.200305e-01;3.272783e-02;1.649554e-02;7.230978e-03;1.245758e-01;8.618527e-03;7.748881e-03;8.202907e-02;5.854032e-03;3.797067e-03
1.190030e-02;5.617644e-02;6.410400e-01;4.928594e-02;2.180860e-02;8.006935e-03;1.104166e-01;1.068665e-02;9.823878e-03;6.576636e-02;1.200356e-02;3.084618e-03
1.000820e-02;3.966127e-02;6.822193e-01;4.866512e-02;2.885314e-02;5.556500e-03;7.830850e-02;1.043294e-02;1.690066e-02;6.183628e-02;1.408156e-02;3.476553e-03
2.480529e-02;8.985065e-02;6.601949e-01;3.173552e-02;3.009430e-02;8.338245e-03;3.699113e-02;9.473286e-03;2.169813e-02;6.722953e-02;9.022460e-03;1.056652e-02
7.543713e-02;1.902417e-01;5.242673e-01;2.758492e-02;2.240731e-02;2.288700e-02;2.022875e-02;1.003477e-02;3.649166e-02;4.173618e-02;7.044669e-03;2.163864e-02
1.723409e-01;2.447394e-01;3.699986e-01;2.573806e-02;1.926611e-02;2.634351e-02;1.901921e-02;9.925428e-03;5.432548e-02;1.950772e-02;1.224222e-02;2.655347e-02
2.902585e-01;2.088645e-01;2.314866e-01;1.823699e-02;3.592613e-02;2.165345e-02;3.226633e-02;3.246395e-02;4.386593e-02;2.074380e-02;2.754757e-02;3.668628e-02
2.897641e-01;1.338450e-01;1.554675e-01;1.832793e-02;5.175384e-02;2.704511e-02;7.434404e-02;6.184706e-02;3.726406e-02;4.278541e-02;3.936558e-02;6.819043e-02
2.026889e-01;5.819530e-02;1.172692e-01;2.239785e-02;4.600219e-02;9.430994e-02;1.486363e-01;6.369590e-02;4.973766e-02;5.694375e-02;5.331608e-02;8.680700e-02
1.271402e-01;4.789886e-02;1.146242e-01;2.066681e-02;3.992806e-02;1.881914e-01;1.517045e-01;4.189765e-02;6.937861e-02;6.745183e-02;5.479798e-02;7.631984e-02
7.669155e-02;7.284638e-02;1.091772e-01;2.263913e-02;7.542130e-02;1.825134e-01;1.369112e-01;4.826796e-02;8.335170e-02;9.304538e-02;4.618931e-02;5.294546e-02
4.716335e-02;1.027693e-01;1.094776e-01;3.300015e-02;5.563637e-02;1.579038e-01;2.111184e-01;6.948702e-02;7.087245e-02;6.899861e-02;4.416510e-02;2.940779e-02
5.195792e-02;1.243391e-01;1.155458e-01;3.094155e-02;4.841224e-02;2.091516e-01;1.668832e-01;7.057373e-02;6.430346e-02;4.980310e-02;3.016529e-02;3.792307e-02
4.706964e-02;1.030085e-01;1.254110e-01;3.945019e-02;6.589706e-02;2.031691e-01;9.270331e-02;9.137427e-02;8.650553e-02;6.152137e-02;2.092444e-02;6.296555e-02
6.956071e-02;9.831672e-02;2.523102e-01;5.275660e-02;5.027229e-02;1.448349e-01;5.479639e-02;7.372478e-02;8.203112e-02;4.738885e-02;2.437820e-02;4.962916e-02
7.810705e-02;1.268992e-01;4.249203e-01;3.638383e-02;3.292617e-02;9.571359e-02;3.750761e-02;2.912495e-02;6.410586e-02;2.570092e-02;2.873954e-02;1.987093e-02
7.219473e-02;1.608972e-01;4.596259e-01;2.574928e-02;1.450039e-02;5.717589e-02;2.980956e-02;1.567650e-02;9.046029e-02;2.751964e-02;3.332028e-02;1.307033e-02
7.040082e-02;1.956067e-01;4.545184e-01;2.177806e-02;1.528313e-02;4.816988e-02;1.594306e-02;1.733885e-02;9.816558e-02;2.949223e-02;2.231815e-02;1.098513e-02
8.060579e-02;2.352341e-01;4.363118e-01;1.959488e-02;9.997820e-03;3.840687e-02;1.190013e-02;2.141474e-02;1.006340e-01;2.622262e-02;1.244157e-02;7.235705e-03
1.560354e-01;2.454501e-01;3.622901e-01;2.104401e-02;1.520053e-02;2.562281e-02;1.094793e-02;2.202320e-02;1.016101e-01;2.092552e-02;8.346181e-03;1.050421e-02
2.822622e-01;2.056839e-01;2.563890e-01;1.573411e-02;2.609977e-02;1.476676e-02;1.936757e-02;4.855264e-02;7.943285e-02;1.240604e-02;1.329502e-02;2.601019e-02
3.930339e-01;1.278795e-01;1.604077e-01;1.789200e-02;3.763855e-02;1.082699e-02;3.235144e-02;7.518155e-02;4.106035e-02;1.101234e-02;2.209947e-02;7.061625e-02
3.757233e-01;6.059037e-02;5.567683e-02;5.947370e-02;3.244913e-02;1.312191e-02;9.131464e-02;4.611821e-02;2.572405e-02;2.616902e-02;3.937819e-02;1.742607e-01
3.292633e-01;5.222781e-02;4.631658e-02;7.137892e-02;1.521561e-02;8.890409e-03;1.281574e-01;4.844130e-02;1.659390e-02;2.782122e-02;2.999959e-02;2.256939e-01
4.053345e-01;8.300014e-02;6.231390e-02;3.493281e-02;1.418914e-02;9.869998e-03;9.426425e-02;8.655659e-02;1.710797e-02;1.670967e-02;2.280336e-02;1.529177e-01
4.862470e-01;1.106162e-01;6.741969e-02;1.994535e-02;1.772533e-02;6.662913e-03;7.989711e-02;8.131866e-02;1.701544e-02;9.113824e-03;1.485668e-02;8.918179e-02
4.656093e-01;1.135018e-01;4.816089e-02;3.089048e-02;1.132344e-02;1.291744e-02;1.106519e-01;4.728744e-02;1.174628e-02;8.743616e-03;2.203030e-02;1.171371e-01
3.390924e-01;8.864959e-02;6.093223e-02;7.404027e-02;1.034883e-02;3.478367e-02;1.449757e-01;2.095854e-02;9.607827e-03;9.098073e-03;3.696110e-02;1.705517e-01
1.654282e-01;4.896114e-02;1.077521e-01;1.362909e-01;3.425547e-02;8.378257e-02;1.709744e-01;1.216706e-02;1.721155e-02;1.479440e-02;5.037976e-02;1.580024e-01
3.050460e-02;1.570236e-02;1.818538e-01;1.154197e-01;6.074261e-02;2.092881e-01;1.618000e-01;1.044134e-02;3.305965e-02;2.527281e-02;7.323668e-02;8.267837e-02
2.121951e-02;9.177662e-03;1.915557e-01;3.341709e-02;4.616950e-02;3.794067e-01;1.142024e-01;7.124909e-03;3.554356e-02;3.033498e-02;9.764119e-02;3.420686e-02
2.058964e-02;8.617279e-03;1.637956e-01;7.130455e-03;3.436180e-02;5.016956e-01;7.534762e-02;6.915661e-03;3.146286e-02;2.625438e-02;1.039613e-01;1.986774e-02
2.468368e-02;5.863488e-03;1.462515e-01;6.970757e-03;2.950129e-02;5.558513e-01;4.749669e-02;5.675285e-03;2.839351e-02;2.227852e-02;1.093326e-01;1.770139e-02
2.287678e-02;5.172594e-03;1.477580e-01;7.200596e-03;3.620454e-02;5.510149e-01;4.177773e-02;1.040482e-02;3.185979e-02;2.123548e-02;1.074602e-01;1.703451e-02
1.891249e-02;8.065850e-03;1.625011e-01;7.584262e-03;3.034167e-02;4.869774e-01;8.706678e-02;6.529280e-03;3.750283e-02;1.818669e-02;1.106682e-01;2.566343e-02
1.414707e-02;1.126633e-02;1.894024e-01;1.261835e-02;3.245910e-02;3.665610e-01;1.192045e-01;1.414171e-02;3.936901e-02;2.249164e-02;1.352358e-01;4.310318e-02
2.969651e-02;2.287985e-02;2.520168e-01;7.481489e-03;2.978179e-02;2.020307e-01;1.692839e-01;2.824160e-02;3.932370e-02;2.497364e-02;1.491364e-01;4.515359e-02
2.699136e-02;4.796360e-02;3.007657e-01;2.529504e-02;2.476913e-02;9.259833e-02;1.758538e-01;3.912422e-02;3.064402e-02;2.066428e-02;1.412970e-01;7.403357e-02
2.510584e-02;6.620643e-02;2.868060e-01;2.148326e-02;1.771491e-02;7.035632e-02;1.421394e-01;2.369807e-02;1.801117e-02;1.611798e-02;1.821146e-01;1.302460e-01
2.988443e-02;4.385144e-02;1.509775e-01;2.009809e-02;8.355408e-03;6.131629e-02;1.486256e-01;1.478604e-02;1.483292e-02;4.914918e-02;2.814777e-01;1.766455e-01
4.118404e-02;2.311200e-02;4.584118e-02;3.128028e-02;7.596243e-03;5.859083e-02;1.826304e-01;1.032283e-02;2.691026e-02;8.936879e-02;2.960779e-01;1.870853e-01
6.312705e-02;2.071362e-02;3.008158e-02;4.933815e-02;1.448155e-02;9.459794e-02;2.272698e-01;1.900095e-02;3.127594e-02;7.845841e-02;1.902614e-01;1.813936e-01
8.589349e-02;2.378235e-02;4.263870e-02;5.240396e-02;2.440320e-02;1.298981e-01;2.550385e-01;1.216666e-02;2.298273e-02;5.664823e-02;1.038787e-01;1.902654e-01
8.610967e-02;2.920531e-02;6.265651e-02;4.572207e-02;2.281173e-02;1.048003e-01;2.260110e-01;1.542887e-02;1.514232e-02;4.578700e-02;1.259951e-01;2.203300e-01
8.335606e-02;3.413733e-02;8.409396e-02;2.366734e-02;1.795325e-02;4.593370e-02;1.777600e-01;2.440725e-02;2.709066e-02;5.806307e-02;1.779709e-01;2.455664e-01
6.515317e-02;2.862625e-02;7.127696e-02;1.285582e-02;1.636393e-02;4.962244e-02;1.434083e-01;2.931335e-02;5.178285e-02;7.805365e-02;2.291365e-01;2.244068e-01
3.292895e-02;1.583097e-02;3.956945e-02;2.314440e-02;1.704769e-02;6.123542e-02;1.196979e-01;2.320413e-02;8.388462e-02;1.138202e-01;3.005969e-01;1.690394e-01
3.857271e-02;1.813856e-02;8.720660e-02;2.366573e-02;1.308046e-02;6.340295e-02;9.343753e-02;2.172798e-02;7.969052e-02;1.329671e-01;3.171048e-01;1.110051e-01
4.834523e-02;1.838565e-02;9.264032e-02;1.203317e-02;1.825742e-02;6.526197e-02;8.904365e-02;1.765358e-02;5.748802e-02;1.570386e-01;3.211992e-01;1.026532e-01
5.495934e-02;3.883612e-02;1.179915e-01;1.471430e-02;3.092383e-02;4.977466e-02;7.080285e-02;1.539945e-02;4.515428e-02;1.921248e-01;2.971396e-01;7.217920e-02
5.617480e-02;4.474790e-02;1.862364e-01;2.338926e-02;3.211278e-02;2.419239e-02;4.785502e-02;1.858103e-02;4.809988e-02;2.076660e-01;2.490705e-01;6.187413e-02
5.687951e-02;3.377253e-02;1.278210e-01;2.423044e-02;2.662993e-02;3.923480e-02;6.472482e-02;3.704202e-02;6.335905e-02;2.414834e-01;2.151413e-01;6.968117e-02
8.343502e-02;7.032754e-02;1.256482e-01;6.695906e-02;5.147276e-02;6.438220e-02;9.943601e-02;7.432267e-02;8.778857e-02;1.060503e-01;1.062152e-01;6.396255e-02
9.142752e-02;8.209155e-02;1.285096e-01;6.823667e-02;6.204966e-02;7.589983e-02;1.203348e-01;7.798748e-02;8.613069e-02;7.587861e-02;6.930184e-02;6.215166e-02
9.013341e-02;8.161783e-02;1.284837e-01;6.658977e-02;6.580670e-02;7.675055e-02;1.243512e-01;7.847186e-02;8.772828e-02;7.615060e-02;6.344669e-02;6.046947e-02
9.012549e-02;7.954132e-02;1.353806e-01;6.382258e-02;6.751390e-02;7.845435e-02;1.213037e-01;7.929217e-02;8.930920e-02;7.988250e-02;5.668593e-02;5.868825e-02
9.828203e-02;6.505976e-02;1.581091e-01;5.433247e-02;8.108465e-02;8.377121e-02;1.018735e-01;8.219519e-02;9.791974e-02;8.539171e-02;3.934299e-02;5.263764e-02
8.661312e-02;8.704016e-02;1.909761e-01;3.896661e-02;9.950600e-02;5.673898e-02;1.836521e-01;4.478842e-02;7.619680e-02;4.386067e-02;4.027862e-02;5.138237e-02
5.947091e-02;8.537637e-02;2.220376e-01;2.778040e-02;9.120142e-02;7.575181e-02;1.327365e-01;4.912243e-02;7.060862e-02;6.891762e-02;4.513563e-02;7.186063e-02
