1.067611e-01;5.700026e-02;1.138325e-01;6.669034e-02;1.169915e-01;1.021301e-01;1.276472e-01;8.298388e-02;6.406098e-02;5.527858e-02;6.785881e-02;3.876476e-02
4.656021e-02;6.984302e-02;1.930757e-01;8.398700e-02;8.535120e-02;6.407005e-02;1.366893e-01;8.085011e-02;9.984122e-02;4.900746e-02;4.478092e-02;4.594388e-02
1.013496e-01;8.048026e-02;2.415943e-01;4.013776e-02;7.798387e-02;5.266068e-02;8.617873e-02;5.765693e-02;5.178643e-02;9.296725e-02;6.258341e-02;5.462080e-02
9.901981e-02;8.157555e-02;2.655524e-01;4.345325e-02;5.458534e-02;4.845420e-02;1.118938e-01;3.973652e-02;3.593247e-02;1.019271e-01;7.463016e-02;4.323927e-02
8.289288e-02;8.232129e-02;2.706056e-01;4.533236e-02;6.176271e-02;5.681473e-02;9.646749e-02;4.413542e-02;3.280352e-02;1.051034e-01;7.157613e-02;5.018441e-02
5.491503e-02;6.871384e-02;1.937996e-01;5.854781e-02;9.443466e-02;6.903618e-02;1.338677e-01;5.571502e-02;4.075830e-02;1.129494e-01;6.552571e-02;5.173683e-02
5.385435e-02;3.803660e-02;2.392061e-01;6.267559e-02;9.309328e-02;5.072615e-02;1.763352e-01;6.090000e-02;4.853633e-02;1.029012e-01;4.073182e-02;3.300341e-02
6.145518e-02;5.507688e-02;3.150041e-01;7.986598e-02;8.357243e-02;3.139396e-02;1.359430e-01;5.705130e-02;4.845608e-02;7.728145e-02;2.983174e-02;2.506795e-02
7.615334e-02;8.950221e-02;2.844641e-01;8.454183e-02;6.672842e-02;4.156988e-02;1.123784e-01;4.556220e-02;5.705609e-02;6.690030e-02;3.175503e-02;4.338823e-02
1.038205e-01;1.082770e-01;2.187810e-01;6.724045e-02;6.108605e-02;4.794942e-02;9.079964e-02;3.701141e-02;5.813913e-02;7.803755e-02;5.937162e-02;6.948626e-02
1.147786e-01;9.195901e-02;2.037376e-01;4.849931e-02;9.282801e-02;5.833570e-02;9.867007e-02;4.680459e-02;2.808882e-02;7.023212e-02;7.028311e-02;7.578305e-02
1.167517e-01;8.643039e-02;2.285486e-01;6.738195e-02;8.563838e-02;4.090248e-02;1.295691e-01;5.890238e-02;3.787259e-02;4.339090e-02;5.907320e-02;4.553835e-02
7.446081e-02;6.957719e-02;2.515501e-01;7.278424e-02;8.063855e-02;5.551520e-02;1.662221e-01;6.019465e-02;3.722607e-02;4.765430e-02;5.580720e-02;2.836957e-02
2.647957e-02;6.377035e-02;2.513688e-01;9.010854e-02;7.300161e-02;6.360148e-02;1.888039e-01;5.291986e-02;3.885719e-02;6.499485e-02;4.641640e-02;3.967747e-02
6.595325e-02;6.598917e-02;2.081636e-01;7.265676e-02;7.017016e-02;4.186478e-02;1.830499e-01;6.329562e-02;4.341620e-02;7.475341e-02;5.805426e-02;5.263286e-02
1.047260e-01;9.576786e-02;6.487988e-02;8.421825e-02;1.038419e-01;8.540313e-02;1.124100e-01;9.802547e-02;7.085728e-02;6.814612e-02;4.357802e-02;6.814608e-02
1.177750e-01;6.749926e-02;9.313834e-02;8.387928e-02;1.027536e-01;6.772614e-02;1.358325e-01;8.545371e-02;7.883266e-02;6.603314e-02;4.199312e-02;5.908319e-02
1.364728e-01;5.336266e-02;9.909618e-02;6.403605e-02;1.092805e-01;7.111967e-02;1.685283e-01;5.918000e-02;7.698097e-02;5.887508e-02;4.912200e-02;5.394571e-02
1.528298e-01;7.211242e-02;9.482510e-02;5.597762e-02;1.038096e-01;9.639115e-02;1.627070e-01;4.944521e-02;6.686097e-02;4.499756e-02;4.367360e-02;5.636999e-02
1.627612e-01;6.366967e-02;1.496332e-01;6.919421e-02;7.547676e-02;1.082499e-01;1.274271e-01;5.422732e-02;5.846709e-02;3.837248e-02;3.857852e-02;5.394261e-02
1.780791e-01;3.826264e-02;1.699915e-01;8.852071e-02;5.636425e-02;1.142039e-01;1.102071e-01;5.267193e-02;5.956068e-02;4.755276e-02;3.898555e-02;4.559984e-02
1.435459e-01;7.419922e-02;9.254566e-02;1.162253e-01;8.405954e-02;1.128368e-01;9.710407e-02;9.501328e-02;5.072419e-02;4.083448e-02;4.855451e-02;4.435698e-02
1.096328e-01;5.658123e-02;1.231173e-01;1.431637e-01;9.143787e-02;9.392769e-02;1.146370e-01;1.132067e-01;2.580248e-02;4.082955e-02;5.575469e-02;3.190895e-02
7.957947e-02;2.827856e-02;2.022775e-01;1.246555e-01;9.314302e-02;6.296565e-02;1.855684e-01;8.626974e-02;2.841059e-02;4.527224e-02;4.445392e-02;1.912539e-02
6.887753e-02;3.819584e-02;2.317335e-01;7.104976e-02;8.236353e-02;4.382636e-02;2.403253e-01;7.568285e-02;3.844040e-02;5.487522e-02;2.992079e-02;2.470893e-02
7.031167e-02;3.684726e-02;2.175523e-01;3.509918e-02;5.803292e-02;6.283586e-02;2.076283e-01;7.040418e-02;5.835472e-02;8.888695e-02;3.691684e-02;5.712973e-02
3.897341e-02;3.573278e-02;2.517629e-01;5.046101e-02;6.272563e-02;8.076706e-02;1.541422e-01;6.014126e-02;5.042418e-02;1.162924e-01;4.845505e-02;5.012201e-02
3.576838e-02;3.334632e-02;2.709772e-01;6.296686e-02;6.213509e-02;6.769492e-02;1.908078e-01;4.972229e-02;6.140341e-02;1.103797e-01;3.583326e-02;1.896472e-02
6.529311e-02;4.783168e-02;2.195571e-01;5.337684e-02;6.602762e-02;5.225381e-02;1.719049e-01;7.247022e-02;1.033734e-01;8.573794e-02;2.753837e-02;3.463505e-02
7.356038e-02;8.635444e-02;1.609815e-01;5.951027e-02;8.751197e-02;5.330356e-02;1.378886e-01;9.014857e-02;1.165131e-01;6.299656e-02;3.315905e-02;3.807194e-02
4.782129e-02;1.200966e-01;1.605386e-01;6.474984e-02;1.132276e-01;6.529252e-02;1.389906e-01;7.108963e-02;7.828054e-02;7.298675e-02;2.477251e-02;4.215347e-02
5.252312e-02;9.572762e-02;1.479644e-01;7.839936e-02;1.186033e-01;7.008035e-02;1.588921e-01;5.007744e-02;6.705828e-02;8.241541e-02;2.712137e-02;5.113722e-02
8.816829e-02;5.031424e-02;1.494816e-01;1.069588e-01;1.086634e-01;6.869186e-02;1.878146e-01;5.398406e-02;6.390549e-02;5.761694e-02;2.421486e-02;4.018585e-02
1.191703e-01;6.553019e-02;1.399098e-01;1.122730e-01;8.263365e-02;8.458765e-02;1.494434e-01;6.022270e-02;6.170475e-02;5.978234e-02;2.248931e-02;4.225285e-02
1.144158e-01;6.798708e-02;1.202781e-01;8.759031e-02;6.090643e-02;1.410737e-01;9.731986e-02;5.361753e-02;7.733536e-02;9.014877e-02;3.565539e-02;5.367172e-02
7.081684e-02;5.282746e-02;1.240611e-01;5.300982e-02;6.143918e-02;1.504223e-01;9.092008e-02;1.149593e-01;5.845863e-02;1.198771e-01;5.242527e-02;5.078277e-02
1.007521e-01;4.597658e-02;1.101631e-01;5.111146e-02;1.059198e-01;1.165868e-01;1.017251e-01;1.165836e-01;4.677405e-02;1.014269e-01;5.721876e-02;4.576173e-02
9.727979e-02;3.815598e-02;8.590420e-02;9.287534e-02;1.514243e-01;9.456277e-02;1.116199e-01;7.995412e-02;6.978308e-02;8.564480e-02;6.058463e-02;3.221110e-02
7.434268e-02;4.663516e-02;1.200235e-01;8.942382e-02;1.625461e-01;4.672958e-02;9.278499e-02;7.712021e-02;9.279963e-02;1.072634e-01;5.574384e-02;3.458713e-02
3.892997e-02;3.393531e-02;1.462606e-01;5.491229e-02;9.934285e-02;5.734332e-02;1.701549e-01;6.957432e-02;7.344203e-02;1.406905e-01;7.283415e-02;4.257974e-02
2.486603e-02;1.935650e-02;1.445266e-01;4.288951e-02;5.544533e-02;5.567791e-02;2.893446e-01;6.694729e-02;5.979207e-02;1.255740e-01;6.425041e-02;5.132961e-02
1.614213e-02;2.436472e-02;1.342896e-01;3.243707e-02;4.771812e-02;3.494003e-02;4.019521e-01;6.275402e-02;4.964124e-02;9.048443e-02;5.989207e-02;4.538449e-02
5.001538e-02;5.967746e-02;7.572383e-02;3.610351e-02;6.448328e-02;4.108166e-02;4.206806e-01;4.329652e-02;6.596997e-02;6.703418e-02;5.418440e-02;2.174919e-02
1.166273e-01;7.972591e-02;5.773030e-02;2.858596e-02;6.400322e-02;6.287833e-02;3.355137e-01;2.827471e-02;7.233837e-02;8.405177e-02;3.088428e-02;3.938614e-02
1.841125e-01;6.817380e-02;3.436226e-02;2.297522e-02;7.472073e-02;7.864611e-02;2.444933e-01;2.275036e-02;9.266400e-02;1.074239e-01;2.805101e-02;4.162681e-02
2.113093e-01;3.974082e-02;2.945607e-02;1.866017e-02;9.838615e-02;7.211629e-02;1.845227e-01;2.020553e-02;1.511422e-01;1.013363e-01;2.606848e-02;4.705590e-02
1.813819e-01;3.364378e-02;5.904631e-02;3.345208e-02;1.141033e-01;4.940509e-02;1.335024e-01;3.031087e-02;1.918239e-01;5.658599e-02;3.914727e-02;7.759702e-02
1.365684e-01;3.370361e-02;1.159254e-01;5.645761e-02;1.276951e-01;3.724061e-02;6.795783e-02;6.685331e-02;1.476330e-01;4.219778e-02;5.512495e-02;1.126424e-01
6.051867e-02;3.484783e-02;1.640921e-01;7.146794e-02;1.138553e-01;3.718226e-02;7.580977e-02;9.015495e-02;6.754664e-02;5.047750e-02;9.726012e-02;1.367870e-01
3.476462e-02;4.289466e-02;1.962869e-01;7.702690e-02;8.736491e-02;2.624135e-02;6.377000e-02;7.860281e-02;6.585465e-02;4.026715e-02;1.486507e-01;1.382754e-01
4.483819e-02;6.391715e-02;2.410121e-01;8.132339e-02;7.536975e-02;3.436837e-02;6.562860e-02;5.305286e-02;5.110630e-02;3.674343e-02;1.521036e-01;1.005363e-01
7.740244e-02;7.054269e-02;2.678020e-01;8.082003e-02;6.399239e-02;3.444111e-02;8.181272e-02;5.237347e-02;4.355664e-02;5.593311e-02;1.143853e-01;5.693810e-02
9.159570e-02;9.383822e-02;2.281594e-01;6.638730e-02;6.814407e-02;3.257489e-02;1.104724e-01;6.277265e-02;5.234532e-02;8.051848e-02;8.007769e-02;3.311395e-02
1.043656e-01;9.824897e-02;9.191687e-02;5.505284e-02;7.265244e-02;5.391049e-02;1.492667e-01;5.300635e-02;1.025145e-01;9.136044e-02;7.460025e-02;5.310444e-02
9.458669e-02;6.126834e-02;1.675277e-01;6.400573e-02;5.194892e-02;3.868089e-02;1.311577e-01;5.296320e-02;1.171076e-01;5.864353e-02;9.521105e-02;6.689878e-02
6.464121e-02;6.017004e-02;2.243669e-01;6.840146e-02;5.382432e-02;3.043108e-02;9.009103e-02;7.534409e-02;1.296483e-01;3.561751e-02;9.049978e-02;7.696433e-02
4.911228e-02;5.173804e-02;1.900427e-01;6.053409e-02;4.738421e-02;3.101690e-02;1.062077e-01;7.795628e-02;8.454043e-02;6.881902e-02;1.556741e-01;7.697421e-02
5.851627e-02;3.990469e-02;1.214068e-01;6.069062e-02;5.802684e-02;2.392838e-02;1.435156e-01;7.581799e-02;8.153243e-02;7.702193e-02;2.144729e-01;4.516555e-02
1.166252e-01;6.047997e-02;9.888037e-02;4.016056e-02;7.351866e-02;3.539016e-02;9.498518e-02;7.257076e-02;1.035850e-01;8.460430e-02;1.584133e-01;6.078652e-02
1.130051e-01;1.019467e-01;1.024958e-01;7.976801e-02;8.631425e-02;6.072782e-02;6.872295e-02;8.733273e-02;8.647805e-02;9.960288e-02;6.627587e-02;4.732987e-02
6.821341e-02;1.073591e-01;1.820429e-01;8.903591e-02;7.459005e-02;4.614306e-02;6.688135e-02;6.151722e-02;6.410228e-02;8.813488e-02;7.722399e-02;7.475580e-02
8.788931e-02;7.289514e-02;1.542642e-01;7.614446e-02;7.419485e-02;3.367030e-02;9.992358e-02;3.774704e-02;1.336996e-01;6.677356e-02;8.061700e-02;8.218095e-02
7.056987e-02;5.911565e-02;1.489700e-01;5.816445e-02;7.537825e-02;5.207434e-02;1.462882e-01;5.722991e-02;1.602963e-01;5.530128e-02;5.741985e-02;5.919199e-02
6.609573e-02;5.463846e-02;9.600976e-02;3.915373e-02;7.822139e-02;8.980083e-02;1.831875e-01;5.392528e-02;1.258863e-01;6.109457e-02;8.160554e-02;7.038086e-02
4.753703e-02;2.646787e-02;1.161493e-01;4.293847e-02;9.275488e-02;9.460513e-02;1.567860e-01;5.258390e-02;1.031916e-01;7.297207e-02;8.878385e-02;1.052300e-01
1.668592e-02;4.472279e-02;1.768766e-01;5.786829e-02;8.468591e-02;5.675729e-02;9.057806e-02;7.303693e-02;1.176026e-01;8.811099e-02;8.249287e-02;1.105817e-01
4.352045e-02;5.094113e-02;1.887758e-01;6.726797e-02;7.580031e-02;3.330685e-02;9.498224e-02;5.925685e-02;1.156174e-01;9.437750e-02;7.604676e-02;1.001067e-01
6.183986e-02;4.005487e-02;1.237541e-01;6.549188e-02;7.977164e-02;4.085941e-02;1.048794e-01;1.086155e-01;1.014422e-01;9.780022e-02;7.850455e-02;9.698648e-02
7.318108e-02;6.340144e-02;6.634898e-02;6.805154e-02;9.574617e-02;7.067320e-02;1.244462e-01;1.246969e-01;1.431152e-01;1.028787e-01;3.519679e-02;3.226382e-02
7.662847e-02;5.937551e-02;5.599893e-02;6.451533e-02;9.113067e-02;7.019070e-02;1.210367e-01;1.267858e-01;1.492815e-01;1.089729e-01;4.414388e-02;3.193956e-02
8.918802e-02;5.664923e-02;3.741908e-02;5.615921e-02;9.433892e-02;7.594330e-02;1.076636e-01;1.286536e-01;1.484457e-01;1.100914e-01;5.357626e-02;4.187171e-02
1.292758e-01;9.618486e-02;4.261387e-02;5.135235e-02;1.165963e-01;7.206975e-02;6.632148e-02;9.140442e-02;1.193101e-01;7.390435e-02;6.645167e-02;7.451505e-02
1.574750e-01;1.186671e-01;1.183778e-01;7.051267e-02;8.527645e-02;4.075990e-02;8.659490e-02;4.323328e-02;5.390454e-02;6.000242e-02;8.948152e-02;7.571451e-02
1.438901e-01;7.555312e-02;2.103803e-01;8.916243e-02;5.762987e-02;2.114349e-02;7.494290e-02;5.524058e-02;3.029265e-02;7.552993e-02;1.187763e-01;4.745835e-02
1.239964e-01;3.376010e-02;2.411347e-01;1.174887e-01;5.485102e-02;2.150810e-02;5.530728e-02;8.005544e-02;1.948330e-02;7.562500e-02;1.599498e-01;1.684005e-02
6.498957e-02;5.100696e-02;1.964552e-01;1.283503e-01;7.813366e-02;2.532717e-02;3.960404e-02;1.027493e-01;3.197100e-02;4.684838e-02;1.801163e-01;5.444819e-02
5.692578e-02;4.926575e-02;1.456263e-01;1.065268e-01;1.088995e-01;2.925352e-02;3.106557e-02;8.207943e-02;8.450142e-02;2.084376e-02;1.535837e-01;1.314283e-01
1.392879e-01;3.135250e-02;8.737271e-02;6.124168e-02;1.139891e-01;3.934640e-02;3.946418e-02;4.063365e-02;1.454336e-01;2.187810e-02;8.456834e-02;1.954318e-01
2.815130e-01;4.767545e-02;5.205781e-02;2.558766e-02;8.095463e-02;5.168613e-02;7.083571e-02;1.543555e-02;1.331668e-01;4.700385e-02;2.743075e-02;1.666527e-01
4.048029e-01;9.592579e-02;2.413752e-02;1.954056e-02;4.440112e-02;5.508927e-02;1.051603e-01;1.518583e-02;6.275526e-02;7.105972e-02;1.801101e-02;8.393075e-02
4.319389e-01;1.619743e-01;9.530462e-03;2.473749e-02;3.154075e-02;4.741551e-02;1.404129e-01;1.146579e-02;2.052632e-02;7.338426e-02;7.109912e-03;3.996346e-02
3.294248e-01;2.524932e-01;3.190111e-02;2.262107e-02;2.575312e-02;3.416872e-02;1.873964e-01;9.668048e-03;1.757545e-02;4.575090e-02;1.420720e-02;2.904000e-02
1.777070e-01;3.041920e-01;8.724948e-02;1.651285e-02;4.100896e-02;2.754078e-02;2.462589e-01;1.590183e-02;1.994075e-02;2.596406e-02;2.461300e-02;1.311036e-02
4.003716e-02;2.687403e-01;1.558538e-01;1.708906e-02;7.265735e-02;2.834911e-02;2.838416e-01;1.805122e-02;4.145404e-02;1.973455e-02;3.824538e-02;1.594654e-02
7.855026e-02;2.166544e-01;1.511037e-01;1.322070e-02;9.787682e-02;2.869438e-02;2.754972e-01;2.606441e-02;4.286435e-02;1.317086e-02;4.156120e-02;1.474179e-02
1.212022e-01;1.876350e-01;1.265574e-01;8.093921e-03;1.129906e-01;3.852304e-02;2.844394e-01;2.601463e-02;3.052662e-02;1.252932e-02;4.168624e-02;9.801570e-03
9.315769e-02;1.445470e-01;1.268255e-01;2.316047e-02;1.009856e-01;5.442678e-02;3.340140e-01;1.971122e-02;2.570825e-02;1.775687e-02;4.324280e-02;1.646376e-02
7.614157e-02;1.033592e-01;8.590910e-02;3.337032e-02;7.086512e-02;4.412887e-02;4.148101e-01;2.819425e-02;3.507833e-02;4.070590e-02;4.891821e-02;1.851900e-02
7.108293e-02;8.953584e-02;5.210990e-02;2.375232e-02;1.037919e-01;4.357700e-02;4.508332e-01;2.642511e-02;4.863070e-02;2.976952e-02;5.072113e-02;9.770385e-03
2.248676e-02;8.290530e-02;4.625916e-02;2.243169e-02;1.027028e-01;5.282710e-02;4.924870e-01;2.454119e-02;6.197159e-02;3.156327e-02;4.797006e-02;1.185402e-02
3.428532e-02;7.503072e-02;7.470128e-02;3.949625e-02;9.642734e-02;5.824035e-02;4.696953e-01;1.918478e-02;4.640052e-02;3.931072e-02;3.039948e-02;1.682795e-02
3.508930e-02;8.625292e-02;7.562090e-02;4.642999e-02;1.105592e-01;7.564523e-02;4.334849e-01;2.277762e-02;2.486376e-02;4.714243e-02;2.874431e-02;1.338943e-02
8.280306e-02;9.181989e-02;9.273129e-02;2.799974e-02;1.131013e-01;7.870258e-02;3.636352e-01;2.305009e-02;3.544528e-02;3.914006e-02;3.268831e-02;1.888321e-02
9.653278e-02;8.734979e-02;8.200195e-02;3.584846e-02;1.039770e-01;6.939662e-02;3.016253e-01;3.540050e-02;5.773599e-02;3.702176e-02;5.403008e-02;3.907973e-02
7.705326e-02;6.276149e-02;1.100405e-01;7.192598e-02;9.856151e-02;4.338653e-02;2.537219e-01;4.134939e-02;7.261864e-02;4.818647e-02;6.419690e-02;5.619753e-02
6.415918e-02;3.381180e-02;1.371114e-01;1.077329e-01;1.216184e-01;4.293048e-02;2.548272e-01;2.795069e-02;5.245893e-02;4.587335e-02;5.117469e-02;6.035102e-02
8.633256e-02;3.678859e-02;1.209863e-01;1.000129e-01;1.367342e-01;4.834498e-02;2.872187e-01;1.196073e-02;4.442675e-02;3.775151e-02;3.705445e-02;5.238838e-02
7.611379e-02;3.285041e-02;1.170725e-01;5.909283e-02;1.386799e-01;6.030051e-02;3.429419e-01;1.722300e-02;4.789676e-02;3.774004e-02;2.277288e-02;4.731557e-02
7.017474e-02;4.652218e-02;9.008593e-02;5.713285e-02;1.225287e-01;6.817435e-02;3.795864e-01;1.749327e-02;3.485280e-02;4.960512e-02;2.801494e-02;3.582872e-02
7.377115e-02;9.770343e-02;1.325209e-01;5.318728e-02;9.834328e-02;5.106565e-02;3.022852e-01;2.451297e-02;3.174140e-02;4.335702e-02;4.701889e-02;4.449283e-02
6.834221e-02;9.690063e-02;1.624975e-01;1.318405e-01;1.224593e-01;5.921438e-02;1.776976e-01;3.283361e-02;2.181298e-02;2.790110e-02;4.785874e-02;5.064144e-02
6.652196e-02;9.186066e-02;1.799657e-01;1.697518e-01;1.264258e-01;5.959256e-02;1.214515e-01;3.376337e-02;3.576634e-02;3.154227e-02;3.615007e-02;4.720796e-02
8.862725e-02;9.584022e-02;1.736909e-01;1.621762e-01;1.088852e-01;5.692883e-02;1.526572e-01;3.518882e-02;2.979329e-02;3.028803e-02;2.428142e-02;4.164271e-02
9.411079e-02;7.311583e-02;1.071415e-01;9.326460e-02;1.002528e-01;1.309219e-01;1.903917e-01;5.777953e-02;4.047362e-02;3.873443e-02;4.202431e-02;3.178899e-02
7.008662e-02;6.920931e-02;1.242071e-01;9.325965e-02;9.696369e-02;1.617859e-01;1.587384e-01;6.066678e-02;4.479378e-02;3.348951e-02;4.593987e-02;4.085944e-02
6.342590e-02;6.178393e-02;1.344871e-01;8.999370e-02;9.266336e-02;1.822098e-01;1.578163e-01;5.748079e-02;4.003048e-02;3.462459e-02;4.143936e-02;4.404467e-02
5.529852e-02;5.574686e-02;1.328713e-01;6.147733e-02;1.151437e-01;1.504837e-01;1.788996e-01;7.428451e-02;3.759687e-02;5.509145e-02;4.327736e-02;3.982872e-02
5.947580e-02;5.771952e-02;1.193870e-01;7.366247e-02;1.199112e-01;1.096051e-01;1.730157e-01;8.466640e-02;7.030448e-02;4.403273e-02;4.124193e-02;4.697761e-02
9.517229e-02;5.920196e-02;7.255250e-02;8.299102e-02;9.296023e-02;7.489446e-02;1.845317e-01;7.070910e-02;1.266538e-01;5.639299e-02;3.778806e-02;4.615185e-02
9.195536e-02;5.736858e-02;9.829696e-02;8.125837e-02;8.107249e-02;5.831524e-02;1.599955e-01;7.224138e-02;1.587492e-01;5.215536e-02;5.560093e-02;3.299060e-02
8.184953e-02;5.977805e-02;9.597304e-02;8.830759e-02;7.317807e-02;7.960724e-02;1.592517e-01;7.640114e-02;1.284006e-01;5.081268e-02;6.630572e-02;4.013463e-02
7.726280e-02;6.481052e-02;1.057732e-01;7.743049e-02;4.672273e-02;8.549398e-02;1.385265e-01;1.305963e-01;1.136475e-01;4.644711e-02;5.302951e-02;6.025939e-02
9.116685e-02;7.853107e-02;1.205260e-01;8.123724e-02;3.597392e-02;5.939908e-02;1.317884e-01;1.352248e-01;7.834748e-02;4.645470e-02;7.053290e-02;7.081754e-02
1.510192e-01;8.020879e-02;9.141025e-02;9.505053e-02;3.894250e-02;3.290372e-02;1.353945e-01;8.981916e-02;9.096150e-02;5.197238e-02;7.478377e-02;6.753369e-02
1.061751e-01;8.309664e-02;6.975318e-02;8.850496e-02;6.951080e-02;5.252917e-02;1.172191e-01;9.138456e-02;9.442701e-02;6.170854e-02;8.540702e-02;8.028390e-02
9.440222e-02;1.208384e-01;1.049960e-01;7.012804e-02;9.354149e-02;5.104711e-02;1.045650e-01;6.065299e-02;6.564660e-02;6.710045e-02;1.035337e-01;6.354789e-02
1.112118e-01;1.228493e-01;9.726772e-02;8.162688e-02;9.053930e-02;5.561318e-02;1.066282e-01;7.859769e-02;7.941506e-02;7.700900e-02;6.575393e-02;3.348788e-02
5.555036e-02;1.406629e-01;1.093917e-01;7.381764e-02;6.991736e-02;5.597894e-02;1.043360e-01;1.173209e-01;9.570502e-02;8.735103e-02;5.057794e-02;3.939022e-02
6.122483e-02;2.123821e-01;9.462400e-02;7.278394e-02;6.250350e-02;5.488995e-02;9.169897e-02;9.806067e-02;4.233561e-02;5.760280e-02;8.348611e-02;6.840743e-02
6.090821e-02;1.676780e-01;8.994515e-02;8.518460e-02;5.929318e-02;4.987045e-02;1.105525e-01;6.350143e-02;6.930131e-02;4.240260e-02;1.029778e-01;9.838479e-02
9.852186e-02;1.189184e-01;7.698637e-02;1.115524e-01;6.896889e-02;2.836225e-02;9.775700e-02;8.904643e-02;6.968354e-02;3.224685e-02;9.261484e-02;1.153412e-01
1.141111e-01;6.644360e-02;1.354337e-01;1.202342e-01;7.302386e-02;5.891871e-02;6.848566e-02;9.302082e-02;7.813862e-02;3.278720e-02;4.647895e-02;1.129235e-01
1.202382e-01;6.769674e-02;1.876462e-01;5.349509e-02;5.343564e-02;6.745399e-02;6.214911e-02;9.133799e-02;7.772704e-02;6.938773e-02;7.697450e-02;7.245781e-02
1.086206e-01;7.638671e-02;1.582652e-01;6.164576e-02;4.904999e-02;6.737907e-02;6.805414e-02;1.058052e-01;7.547705e-02;5.929732e-02;8.338557e-02;8.663347e-02
6.674104e-02;7.645025e-02;1.623854e-01;8.222439e-02;7.944382e-02;5.667713e-02;8.202589e-02;7.055108e-02;8.527852e-02;6.913287e-02;9.350717e-02;7.558241e-02
6.764039e-02;5.745522e-02;1.059254e-01;7.230356e-02;7.198141e-02;4.846083e-02;8.632178e-02;6.703639e-02;8.904506e-02;1.478619e-01;9.376375e-02;9.220432e-02
7.452863e-02;4.107679e-02;6.548716e-02;5.830794e-02;6.591148e-02;5.361293e-02;1.315745e-01;9.306299e-02;1.246107e-01;1.577813e-01;6.921076e-02;6.483485e-02
4.680395e-02;4.685824e-02;1.140546e-01;6.861703e-02;6.409410e-02;5.730393e-02;1.770747e-01;1.127986e-01;1.288091e-01;8.596849e-02;6.304874e-02;3.456847e-02
4.905674e-02;4.000282e-02;1.191544e-01;7.745825e-02;7.164376e-02;4.878824e-02;1.766031e-01;8.832624e-02;1.127663e-01;9.435003e-02;8.187663e-02;3.997348e-02
3.944675e-02;3.492340e-02;1.786599e-01;9.298334e-02;8.687597e-02;5.091351e-02;1.260059e-01;9.620836e-02;7.775967e-02;7.665364e-02;9.743557e-02;4.213400e-02
3.288331e-02;3.354647e-02;2.479137e-01;1.010761e-01;8.814701e-02;6.212952e-02;1.099337e-01;9.334922e-02;5.035168e-02;3.952137e-02;9.860364e-02;4.254433e-02
4.370420e-02;3.932454e-02;2.952367e-01;8.854999e-02;6.503233e-02;5.878314e-02;1.114150e-01;7.703403e-02;6.912939e-02;4.174234e-02;7.288234e-02;3.716596e-02
4.451664e-02;4.669553e-02;3.325100e-01;7.862017e-02;7.734488e-02;4.406822e-02;1.183617e-01;4.928750e-02;7.237336e-02;6.667229e-02;3.921822e-02;3.033141e-02
3.886915e-02;5.382848e-02;4.044729e-01;6.795225e-02;1.081157e-01;3.816394e-02;6.204041e-02;4.725744e-02;3.680874e-02;7.312673e-02;4.851548e-02;2.084874e-02
6.506725e-02;7.199647e-02;3.731009e-01;4.165754e-02;9.278368e-02;5.433915e-02;8.484246e-02;5.016682e-02;3.246192e-02;5.215254e-02;4.415800e-02;3.727331e-02
8.644181e-02;7.775039e-02;2.444052e-01;4.789417e-02;6.423356e-02;8.409371e-02;1.312484e-01;7.073854e-02;6.471556e-02;5.052441e-02;2.947979e-02;4.847451e-02
8.214426e-02;6.119223e-02;2.224923e-01;6.189443e-02;6.567314e-02;8.837897e-02;1.218997e-01;7.216769e-02;8.925666e-02;5.052223e-02;4.177918e-02;4.259913e-02
8.581780e-02;7.543164e-02;2.073837e-01;6.988573e-02;9.670571e-02;7.638700e-02;8.435641e-02;7.481348e-02;8.724032e-02;5.094529e-02;5.854760e-02;3.248536e-02
8.861649e-02;7.902182e-02;2.141683e-01;8.874033e-02;9.399792e-02;5.367049e-02;9.907347e-02;7.915492e-02;4.942292e-02;4.518278e-02;6.773403e-02;4.121655e-02
7.048716e-02;5.315490e-02;2.576260e-01;7.689673e-02;6.704624e-02;6.650662e-02;1.341451e-01;7.244946e-02;2.894855e-02;7.527518e-02;5.311119e-02;4.435290e-02
6.999792e-02;5.527579e-02;2.424788e-01;6.313455e-02;6.436037e-02;6.574388e-02;1.632973e-01;6.158205e-02;4.348530e-02;8.261686e-02;3.053163e-02;5.749558e-02
5.890642e-02;5.887667e-02;8.624634e-02;8.028869e-02;1.017111e-01;1.062372e-01;1.275045e-01;1.033114e-01;1.076941e-01;7.442339e-02;4.958921e-02;4.521095e-02
6.265119e-02;6.725069e-02;9.824267e-02;8.807664e-02;9.818938e-02;1.073492e-01;1.079804e-01;1.020604e-01;1.053672e-01;7.001077e-02;4.865874e-02;4.416277e-02
6.574874e-02;7.040802e-02;1.095348e-01;9.009913e-02;9.720157e-02;1.063408e-01;1.021035e-01;1.001092e-01;9.923085e-02;6.708234e-02;4.768435e-02;4.445667e-02
6.213592e-02;7.523832e-02;1.299213e-01;8.178633e-02;9.542836e-02;1.012539e-01;1.191189e-01;9.299771e-02;8.459776e-02;6.738174e-02;4.092354e-02;4.921621e-02
8.613908e-02;8.402067e-02;1.925923e-01;8.545181e-02;8.680180e-02;5.815917e-02;1.262546e-01;6.853842e-02;6.023484e-02;4.218042e-02;6.000878e-02;4.961805e-02
6.937329e-02;8.385608e-02;2.494541e-01;1.191381e-01;9.289455e-02;4.021211e-02;7.253817e-02;6.859698e-02;4.961846e-02;3.014871e-02;8.830909e-02;3.586036e-02
6.084476e-02;8.688424e-02;2.351141e-01;1.108530e-01;1.142554e-01;3.890508e-02;4.539118e-02;6.580895e-02;5.616037e-02;2.576280e-02;8.655976e-02;7.346044e-02
1.112256e-01;7.275906e-02;1.685854e-01;6.385098e-02;1.562486e-01;4.501326e-02;5.412018e-02;4.897128e-02;7.618818e-02;2.069830e-02;6.017362e-02;1.221655e-01
1.825753e-01;2.830097e-02;1.321179e-01;4.385177e-02;1.689327e-01;7.589484e-02;5.501182e-02;2.981920e-02;9.098301e-02;1.580023e-02;3.472387e-02;1.419885e-01
2.510181e-01;3.795062e-02;7.232353e-02;2.447565e-02;1.239566e-01;1.238495e-01;1.081760e-01;5.288418e-02;4.832907e-02;2.191480e-02;2.927173e-02;1.058501e-01
2.612055e-01;5.499262e-02;6.023540e-02;2.250946e-02;1.004887e-01;1.426426e-01;1.522861e-01;6.409764e-02;2.326414e-02;3.312599e-02;2.615322e-02;5.899864e-02
2.539375e-01;2.662440e-02;1.142116e-01;2.977740e-02;1.083385e-01;1.568515e-01;1.005597e-01;6.015151e-02;3.863141e-02;4.271482e-02;2.452515e-02;4.367647e-02
2.301042e-01;5.595580e-02;6.436577e-02;3.258761e-02;8.871540e-02;1.297618e-01;2.382822e-01;3.157401e-02;2.259011e-02;4.168228e-02;2.307079e-02;4.131001e-02
1.803984e-01;7.767352e-02;5.327493e-02;5.453220e-02;8.236487e-02;1.059662e-01;2.937804e-01;2.616483e-02;2.498822e-02;4.547584e-02;1.970529e-02;3.567522e-02
1.204099e-01;7.895472e-02;5.198821e-02;6.880978e-02;8.290610e-02;9.203737e-02;3.791726e-01;2.350259e-02;2.425043e-02;4.178991e-02;1.547472e-02;2.070372e-02
8.429877e-02;7.772766e-02;4.365442e-02;6.116658e-02;7.029644e-02;8.556499e-02;4.460226e-01;2.808670e-02;3.127757e-02;3.926418e-02;1.186955e-02;2.077053e-02
6.563865e-02;7.772909e-02;4.666132e-02;6.534635e-02;7.750825e-02;7.867806e-02;4.463597e-01;3.859066e-02;3.391675e-02;3.891063e-02;1.336971e-02;1.729083e-02
7.153977e-02;7.794825e-02;4.717024e-02;9.428328e-02;9.596576e-02;7.960603e-02;4.149837e-01;3.660443e-02;2.332897e-02;3.341753e-02;1.530834e-02;9.843662e-03
1.075651e-01;7.765283e-02;4.491443e-02;9.922250e-02;7.826923e-02;7.237218e-02;4.107916e-01;3.118831e-02;1.728909e-02;2.974443e-02;1.636317e-02;1.462710e-02
1.398757e-01;5.947591e-02;2.696524e-02;8.333699e-02;6.688907e-02;9.336266e-02;4.011077e-01;2.836257e-02;1.648549e-02;4.593910e-02;1.711904e-02;2.108047e-02
1.474572e-01;3.781154e-02;3.805111e-02;5.815038e-02;1.013429e-01;1.261278e-01;3.574075e-01;2.833371e-02;1.810750e-02;5.355505e-02;1.369932e-02;1.995595e-02
1.508388e-01;3.791960e-02;8.556530e-02;3.390212e-02;1.289485e-01;1.279081e-01;2.858567e-01;2.463578e-02;3.530113e-02;3.928000e-02;1.102150e-02;3.882239e-02
1.399208e-01;4.354652e-02;1.304025e-01;4.510463e-02;1.621776e-01;9.142777e-02;2.019191e-01;3.176248e-02;5.129912e-02;2.260301e-02;2.208997e-02;5.774645e-02
1.042124e-01;6.175717e-02;1.494003e-01;8.254974e-02;1.467591e-01;8.542074e-02;1.516686e-01;5.108248e-02;5.439284e-02;3.246855e-02;3.981956e-02;4.046847e-02
8.341932e-02;6.286379e-02;1.420987e-01;1.030148e-01;1.099430e-01;9.283156e-02;1.585307e-01;6.372757e-02;5.044677e-02;4.482386e-02;5.294280e-02;3.535708e-02
8.650220e-02;5.258577e-02;1.238242e-01;7.859319e-02;8.306340e-02;8.041370e-02;1.486602e-01;6.839968e-02;9.084766e-02;6.041730e-02;7.598241e-02;5.071031e-02
1.240707e-01;7.267363e-02;1.170252e-01;3.855511e-02;5.588623e-02;1.025977e-01;1.685594e-01;5.498844e-02;8.969782e-02;8.039044e-02;5.535414e-02;4.020115e-02
9.461372e-02;9.305456e-02;7.641817e-02;2.766360e-02;4.963025e-02;7.887617e-02;2.429301e-01;6.439934e-02;1.074123e-01;7.663991e-02;6.302676e-02;2.533515e-02
5.500275e-02;1.168159e-01;5.421824e-02;1.585543e-02;4.489852e-02;4.812963e-02;3.077108e-01;7.108223e-02;1.163933e-01;5.373497e-02;9.682654e-02;1.933173e-02
6.076369e-02;1.207305e-01;6.168562e-02;2.705338e-02;3.057238e-02;4.353912e-02;3.111380e-01;5.858010e-02;9.207579e-02;5.457993e-02;1.057378e-01;3.354361e-02
8.960681e-02;9.493838e-02;5.340935e-02;4.814700e-02;2.981263e-02;7.344080e-02;2.628373e-01;3.304323e-02;5.356930e-02;1.073379e-01;8.489715e-02;6.896013e-02
1.325820e-01;5.489999e-02;3.438625e-02;5.647901e-02;4.569457e-02;1.227624e-01;1.937639e-01;4.411713e-02;3.901934e-02;1.504302e-01;4.567047e-02;8.019466e-02
1.406108e-01;4.457666e-02;4.113892e-02;3.817649e-02;5.820777e-02;1.302820e-01;1.302850e-01;5.518331e-02;8.367454e-02;1.366728e-01;7.173914e-02;6.945244e-02
1.049351e-01;4.356372e-02;7.886216e-02;4.754229e-02;7.996023e-02;8.701468e-02;6.746059e-02;4.100464e-02;1.721799e-01;7.596012e-02;9.916154e-02;1.023551e-01
6.105746e-02;1.698964e-02;7.739089e-02;6.137849e-02;1.017224e-01;6.809568e-02;7.521010e-02;4.918339e-02;2.254643e-01;2.826203e-02;6.931437e-02;1.659312e-01
7.427914e-02;2.681811e-02;5.502421e-02;6.180063e-02;9.523187e-02;5.954560e-02;9.008957e-02;5.147908e-02;1.957414e-01;4.118978e-02;4.661513e-02;2.021855e-01
9.782045e-02;6.723118e-02;5.560258e-02;5.920668e-02;6.206702e-02;5.265362e-02;5.966816e-02;9.180698e-02;1.165603e-01;7.458877e-02;8.536331e-02;1.774310e-01
7.443080e-02;9.637228e-02;7.649601e-02;7.429008e-02;4.504637e-02;4.231742e-02;4.630898e-02;1.445490e-01;7.061444e-02;6.130189e-02;1.615906e-01;1.066822e-01
4.262296e-02;7.903401e-02;8.988468e-02;8.776933e-02;4.834388e-02;6.033870e-02;6.801488e-02;1.396013e-01;6.617092e-02;3.950685e-02;2.078876e-01;7.082477e-02
5.187678e-02;4.376374e-02;9.990432e-02;7.309192e-02;4.623157e-02;5.535453e-02;1.045640e-01;1.029721e-01;7.729477e-02;7.673829e-02;1.804908e-01;8.771703e-02
7.085401e-02;1.765427e-02;1.190504e-01;4.691624e-02;5.447434e-02;3.763022e-02;1.368839e-01;1.038634e-01;8.418003e-02;1.435560e-01;9.806959e-02;8.686759e-02
7.070681e-02;2.454992e-02;1.323937e-01;5.007492e-02;7.422607e-02;4.427271e-02;1.438172e-01;1.071129e-01;8.089206e-02;1.576148e-01;5.354276e-02;6.079618e-02
5.593822e-02;5.171487e-02;2.081735e-01;5.435538e-02;9.056362e-02;4.977010e-02;9.792433e-02;9.775264e-02;8.017889e-02;1.314355e-01;5.057744e-02;3.161553e-02
3.232076e-02;4.625453e-02;3.018561e-01;4.099213e-02;6.365891e-02;4.911232e-02;6.254203e-02;6.896751e-02;8.694730e-02;9.767455e-02;9.423610e-02;5.543779e-02
2.629370e-02;3.365144e-02;3.465122e-01;4.716328e-02;6.932398e-02;6.208774e-02;3.605340e-02;8.284351e-02;5.753005e-02;6.463247e-02;1.021391e-01;7.176916e-02
3.655873e-02;4.381947e-02;3.473894e-01;5.068884e-02;6.149492e-02;8.826719e-02;5.341066e-02;6.857292e-02;3.891761e-02;4.877289e-02;9.018060e-02;7.192674e-02
4.835799e-02;5.779185e-02;3.452457e-01;6.497176e-02;4.746501e-02;1.019134e-01;5.332818e-02;3.814726e-02;5.303207e-02;3.660131e-02;8.948580e-02;6.365965e-02
2.538264e-02;6.218015e-02;4.367809e-01;7.216894e-02;3.954873e-02;7.400891e-02;4.114924e-02;3.830186e-02;5.013477e-02;3.657470e-02;6.225112e-02;6.151805e-02
2.270584e-02;6.313661e-02;4.908064e-01;6.184179e-02;3.485697e-02;4.725586e-02;4.663765e-02;4.656250e-02;2.919258e-02;5.139649e-02;5.144465e-02;5.416266e-02
1.490152e-02;6.019711e-02;5.193930e-01;4.891544e-02;2.871675e-02;3.626642e-02;5.749013e-02;3.988014e-02;3.265877e-02;6.372660e-02;5.027771e-02;4.757643e-02
1.478804e-02;4.610539e-02;5.623851e-01;4.016272e-02;4.687025e-02;2.510503e-02;5.878742e-02;3.706348e-02;3.844161e-02;5.480463e-02;4.532338e-02;3.016292e-02
3.086343e-02;3.160304e-02;5.361613e-01;4.250727e-02;6.315324e-02;3.403719e-02;9.904188e-02;3.112834e-02;2.212720e-02;6.005158e-02;2.996024e-02;1.936532e-02
2.821447e-02;4.100453e-02;5.029491e-01;4.731689e-02;5.327114e-02;4.175789e-02;1.129424e-01;4.752907e-02;2.116209e-02;6.156399e-02;2.691753e-02;1.537091e-02
1.453457e-02;3.410931e-02;5.114365e-01;4.278710e-02;5.422012e-02;5.353301e-02;1.022857e-01;6.106577e-02;2.203771e-02;7.112027e-02;2.444620e-02;8.423795e-03
2.295271e-02;2.206773e-02;5.227318e-01;4.196064e-02;6.441949e-02;5.114640e-02;1.117351e-01;4.219271e-02;1.761744e-02;7.170967e-02;2.222976e-02;9.236530e-03
2.928800e-02;1.692129e-02;5.064750e-01;4.535958e-02;5.837968e-02;4.230927e-02;1.178291e-01;5.356103e-02;3.566466e-02;5.662210e-02;2.678955e-02;1.080066e-02
2.636732e-02;8.428906e-03;4.676694e-01;7.020032e-02;6.463185e-02;4.409479e-02;8.834489e-02;7.189796e-02;6.066079e-02;4.862770e-02;3.786680e-02;1.120927e-02
1.352066e-02;1.497213e-02;3.666714e-01;1.011204e-01;9.712946e-02;6.474941e-02;6.128042e-02;1.228358e-01;6.261227e-02;3.290226e-02;4.794648e-02;1.425943e-02
2.310594e-02;2.313885e-02;2.544181e-01;1.111162e-01;1.239055e-01;7.783326e-02;5.820337e-02;1.674971e-01;5.502503e-02;2.951289e-02;4.711460e-02;2.912913e-02
3.410476e-02;2.501789e-02;2.071763e-01;1.048758e-01;1.654701e-01;7.951556e-02;7.023637e-02;1.270529e-01;5.841966e-02;4.341724e-02;4.013903e-02;4.457439e-02
3.220442e-02;2.721769e-02;2.544304e-01;1.044253e-01;1.845778e-01;6.993372e-02;8.669688e-02;5.132851e-02;5.818975e-02;3.704914e-02;3.590596e-02;5.804040e-02
2.948939e-02;3.451820e-02;2.680410e-01;1.024627e-01;2.066234e-01;5.921296e-02;8.835122e-02;2.480840e-02;6.173358e-02;2.505307e-02;3.368405e-02;6.602208e-02
8.123956e-02;2.505583e-02;1.863874e-01;6.906436e-02;2.190812e-01;9.105189e-02;1.283271e-01;1.438603e-02;5.907556e-02;1.989118e-02;3.794938e-02;6.849047e-02
1.247856e-01;3.705255e-02;1.469313e-01;4.735107e-02;1.960857e-01;1.145984e-01;1.374551e-01;9.089506e-03;4.662097e-02;2.176668e-02;4.487174e-02;7.339140e-02
1.877960e-01;5.438761e-02;8.477272e-02;3.612900e-02;1.549199e-01;1.200889e-01;1.944736e-01;1.253391e-02;2.002373e-02;2.575882e-02;5.194226e-02;5.717365e-02
2.323715e-01;6.486248e-02;6.277974e-02;3.606007e-02;9.315603e-02;1.083892e-01;2.364586e-01;2.390995e-02;1.573808e-02;3.700307e-02;4.012340e-02;4.914786e-02
2.477008e-01;1.023532e-01;6.793003e-02;2.995420e-02;7.404193e-02;9.713808e-02;2.287104e-01;2.136403e-02;2.355421e-02;3.545734e-02;1.950326e-02;5.229253e-02
2.525097e-01;1.381110e-01;7.078052e-02;1.897280e-02;8.798285e-02;9.649929e-02;1.899403e-01;1.355485e-02;3.207443e-02;3.171838e-02;2.588645e-02;4.196936e-02
2.248171e-01;1.614298e-01;6.937105e-02;1.963688e-02;1.110324e-01;9.175698e-02;1.585034e-01;1.137739e-02;4.172819e-02;3.206049e-02;4.110913e-02;3.717713e-02
1.858239e-01;1.279334e-01;8.876908e-02;2.337013e-02;1.281974e-01;7.908682e-02;1.357390e-01;1.276708e-02;5.150181e-02;3.362365e-02;5.102908e-02;8.215862e-02
1.383162e-01;6.930748e-02;1.308539e-01;4.730050e-02;1.458029e-01;6.471745e-02;1.102461e-01;1.571731e-02;5.071636e-02;3.908965e-02;4.364501e-02;1.442870e-01
1.177354e-01;3.877084e-02;1.999630e-01;7.310861e-02;1.184707e-01;4.944559e-02;1.007404e-01;3.013209e-02;2.429341e-02;4.362890e-02;7.510693e-02;1.286043e-01
1.013074e-01;4.636200e-02;2.677835e-01;7.700571e-02;8.092676e-02;3.097183e-02;1.118905e-01;3.400338e-02;4.586188e-02;4.716856e-02;1.012164e-01;5.550219e-02
7.655194e-02;6.486664e-02;2.567586e-01;6.344007e-02;8.508520e-02;5.686973e-02;1.153294e-01;3.802377e-02;7.201382e-02;4.935114e-02;6.991240e-02;5.179730e-02
7.480852e-02;1.074183e-01;2.701772e-01;5.334295e-02;7.781568e-02;7.740816e-02;1.160659e-01;3.206703e-02;6.168064e-02;5.131621e-02;3.233564e-02;4.556368e-02
7.395137e-02;9.146164e-02;3.748409e-01;8.247722e-02;5.097291e-02;4.549403e-02;8.478864e-02;3.637234e-02;3.926985e-02;5.441049e-02;3.679158e-02;2.916902e-02
4.670133e-02;4.822660e-02;4.031185e-01;1.214195e-01;3.703794e-02;5.020690e-02;5.336212e-02;5.291528e-02;4.550086e-02;7.363237e-02;3.960295e-02;2.827571e-02
2.314151e-02;2.725646e-02;4.069988e-01;1.101994e-01;5.540628e-02;1.010363e-01;5.640718e-02;3.540517e-02;5.052984e-02;8.524733e-02;2.950029e-02;1.887147e-02
2.011651e-02;1.763935e-02;4.427309e-01;9.661149e-02;6.576272e-02;1.094838e-01;8.970784e-02;2.395022e-02;3.842419e-02;6.500919e-02;2.003045e-02;1.053327e-02
2.507170e-02;2.276729e-02;4.818410e-01;7.922054e-02;6.956133e-02;7.234515e-02;8.349298e-02;2.167582e-02;4.066020e-02;6.473421e-02;2.404386e-02;1.458596e-02
2.895287e-02;4.682220e-02;4.975237e-01;6.274040e-02;7.155915e-02;3.029507e-02;4.353430e-02;1.977124e-02;7.170707e-02;7.441126e-02;3.188583e-02;2.079696e-02
3.451177e-02;6.702183e-02;4.812244e-01;5.727558e-02;5.690002e-02;3.192030e-02;4.286406e-02;2.396470e-02;9.226388e-02;6.613299e-02;2.639385e-02;1.952659e-02
5.511530e-02;7.177240e-02;3.859546e-01;4.321736e-02;7.463572e-02;6.790016e-02;8.031896e-02;4.887156e-02;7.454491e-02;6.247085e-02;2.390027e-02;1.129800e-02
4.810178e-02;5.016833e-02;2.968082e-01;5.203264e-02;6.493304e-02;8.240217e-02;1.305314e-01;8.174530e-02;4.514604e-02;7.241321e-02;4.209482e-02;3.362308e-02
3.267237e-02;4.357459e-02;2.736337e-01;6.090590e-02;6.246242e-02;7.297435e-02;1.575934e-01;7.121170e-02;3.076082e-02;9.477934e-02;4.756154e-02;5.186977e-02
5.231993e-02;5.806274e-02;2.677065e-01;6.494405e-02;8.516142e-02;7.203074e-02;1.283240e-01;5.050890e-02;3.347192e-02;8.919959e-02;4.048617e-02;5.778411e-02
8.031536e-02;5.118193e-02;2.160664e-01;6.748589e-02;9.322355e-02;8.157790e-02;1.115242e-01;8.866177e-02;7.099082e-02;5.894987e-02;2.726426e-02;5.275803e-02
6.747076e-02;7.154775e-02;8.844742e-02;1.189466e-01;5.783287e-02;5.818698e-02;1.604981e-01;8.687861e-02;1.071948e-01;8.337647e-02;5.355245e-02;4.606720e-02
7.014257e-02;9.086193e-02;7.750398e-02;1.301007e-01;4.824000e-02;5.648811e-02;1.703962e-01;6.888337e-02;9.863913e-02;8.144446e-02;5.949123e-02;4.780833e-02
8.657582e-02;9.800921e-02;8.782463e-02;1.195329e-01;4.475531e-02;7.140731e-02;1.742683e-01;5.605395e-02;8.225666e-02;8.183230e-02;5.535806e-02;4.212551e-02
7.656307e-02;1.076601e-01;8.170335e-02;8.594926e-02;5.858442e-02;9.310946e-02;1.884202e-01;7.800950e-02;6.691831e-02;8.714147e-02;4.086824e-02;3.507262e-02
6.848790e-02;8.828798e-02;6.636240e-02;9.849156e-02;6.476615e-02;9.930497e-02;1.498642e-01;1.208475e-01;6.953581e-02;8.404101e-02;4.520705e-02;4.480359e-02
4.613457e-02;6.981861e-02;8.351082e-02;8.129063e-02;8.113486e-02;1.098442e-01;1.481939e-01;1.210674e-01;7.550699e-02;8.933683e-02;4.439656e-02;4.976474e-02
6.788675e-02;5.105207e-02;1.400554e-01;4.927131e-02;9.962497e-02;1.034708e-01;1.995939e-01;6.988351e-02;8.412170e-02;7.336489e-02;3.253667e-02;2.913804e-02
6.681059e-02;3.365511e-02;2.491451e-01;5.478284e-02;1.229549e-01;8.301183e-02;1.332354e-01;5.892071e-02;5.569579e-02;6.831411e-02;4.599872e-02;2.747498e-02
4.695784e-02;2.873225e-02;3.097466e-01;7.047307e-02;1.641143e-01;7.492394e-02;5.928020e-02;5.836047e-02;4.050295e-02;6.990176e-02;4.580408e-02;3.120254e-02
3.279982e-02;3.418719e-02;2.540292e-01;7.861958e-02;2.016790e-01;8.063547e-02;7.923540e-02;7.533376e-02;3.643296e-02;6.439849e-02;3.099436e-02;3.165479e-02
2.440256e-02;3.053835e-02;2.378140e-01;7.591607e-02;2.236599e-01;8.321730e-02;9.454219e-02;6.891418e-02;3.225154e-02;6.893055e-02;2.566420e-02;3.414918e-02
3.921344e-02;3.772522e-02;2.737291e-01;8.116247e-02;2.064107e-01;7.119772e-02;6.493071e-02;3.909782e-02;3.677216e-02;8.001639e-02;3.335695e-02;3.638732e-02
3.286164e-02;3.960359e-02;3.166864e-01;9.256197e-02;1.696251e-01;5.925957e-02;7.247491e-02;4.073421e-02;3.880542e-02;6.342091e-02;4.405762e-02;2.990861e-02
1.634488e-02;3.166386e-02;3.586378e-01;9.832210e-02;1.505307e-01;7.891241e-02;7.632076e-02;3.864066e-02;3.330486e-02;5.204781e-02;4.614331e-02;1.913086e-02
1.157369e-02;2.775075e-02;3.783574e-01;1.062963e-01;1.184698e-01;9.668508e-02;6.650770e-02;2.444316e-02;4.542366e-02;6.445537e-02;3.682290e-02;2.321411e-02
1.978079e-02;2.511200e-02;3.720858e-01;1.200704e-01;9.670100e-02;7.166497e-02;5.694080e-02;3.261203e-02;7.940454e-02;6.929877e-02;2.557290e-02;3.075603e-02
3.009436e-02;2.211246e-02;3.562684e-01;1.095438e-01;1.073136e-01;7.315032e-02;6.714991e-02;3.774502e-02;8.821886e-02;5.970524e-02;1.760729e-02;3.109076e-02
2.484309e-02;2.499600e-02;3.856311e-01;1.139626e-01;1.104676e-01;9.886622e-02;5.371678e-02;3.735341e-02;5.677630e-02;5.509936e-02;1.697931e-02;2.130825e-02
6.289289e-03;2.402386e-02;4.612409e-01;1.342907e-01;1.079310e-01;6.370573e-02;2.551172e-02;3.967154e-02;3.475711e-02;4.845005e-02;3.159848e-02;2.252972e-02
2.443514e-02;3.563578e-02;4.848845e-01;1.109763e-01;7.510185e-02;4.587838e-02;4.164233e-02;3.559438e-02;4.095029e-02;4.107654e-02;4.340432e-02;2.042011e-02
3.190244e-02;4.561958e-02;4.315643e-01;8.131111e-02;9.564763e-02;4.838320e-02;7.171270e-02;4.590845e-02;3.861285e-02;3.739890e-02;5.037303e-02;2.156588e-02
4.402911e-02;4.737505e-02;2.992536e-01;8.580299e-02;1.333832e-01;4.810849e-02;1.165926e-01;4.087485e-02;3.443116e-02;6.088827e-02;6.349593e-02;2.576476e-02
6.171394e-02;6.562001e-02;1.187719e-01;1.147162e-01;1.616197e-01;6.233490e-02;1.407110e-01;3.747754e-02;4.599215e-02;7.038652e-02;8.391228e-02;3.674387e-02
5.272607e-02;5.065341e-02;2.638071e-01;9.279470e-02;9.731656e-02;6.075438e-02;1.105967e-01;4.907655e-02;8.410375e-02;5.771362e-02;4.985806e-02;3.059910e-02
5.979073e-02;7.686900e-02;1.919103e-01;1.388200e-01;9.585829e-02;5.662956e-02;9.921894e-02;5.123585e-02;1.047020e-01;5.712360e-02;4.002983e-02;2.781182e-02
7.774733e-02;7.237405e-02;1.768975e-01;1.578367e-01;9.234424e-02;5.396339e-02;1.340038e-01;3.334782e-02;7.862590e-02;5.615229e-02;3.789245e-02;2.881452e-02
1.163621e-01;4.787928e-02;1.947818e-01;9.201968e-02;1.020306e-01;5.584830e-02;2.025086e-01;2.420408e-02;3.816231e-02;3.882369e-02;2.999429e-02;5.738531e-02
1.558621e-01;5.106296e-02;1.345226e-01;4.485958e-02;1.319510e-01;7.360352e-02;2.143568e-01;2.537918e-02;3.396777e-02;1.828707e-02;1.892158e-02;9.722588e-02
