3.061848e-02;1.006147e-01;2.112991e-01;6.659909e-02;1.013152e-01;1.133215e-01;5.885240e-02;1.501701e-01;7.215802e-02;2.191763e-02;2.518797e-02;4.794580e-02
1.625563e-02;1.096853e-01;2.437965e-01;6.375321e-02;6.412624e-02;1.390649e-01;5.721671e-02;1.467084e-01;6.740214e-02;2.698515e-02;1.597386e-02;4.903194e-02
2.367209e-02;9.447487e-02;2.216270e-01;7.909537e-02;5.205766e-02;1.754210e-01;5.263584e-02;1.267735e-01;6.944562e-02;4.081402e-02;1.260130e-02;5.138168e-02
4.987532e-02;6.191064e-02;1.402905e-01;7.369041e-02;1.025349e-01;2.021210e-01;6.992646e-02;1.054930e-01;6.207336e-02;3.608855e-02;3.989936e-02;5.609644e-02
7.107347e-02;2.482433e-02;7.696911e-02;1.980568e-01;1.281838e-01;1.588852e-01;7.490041e-02;5.861569e-02;9.188183e-02;4.067148e-02;4.053096e-02;3.540695e-02
7.635693e-02;1.758053e-02;4.448751e-02;2.793084e-01;1.466393e-01;9.923747e-02;7.727171e-02;4.496842e-02;1.152250e-01;6.017874e-02;2.670457e-02;1.204139e-02
7.965108e-02;1.585778e-02;5.677702e-02;2.911209e-01;1.632004e-01;5.434160e-02;7.534388e-02;3.281495e-02;1.235204e-01;7.700296e-02;2.117394e-02;9.195149e-03
6.517003e-02;3.619715e-02;4.868130e-02;2.268299e-01;2.666365e-01;3.967070e-02;5.115573e-02;2.602103e-02;1.019494e-01;1.138207e-01;1.206615e-02;1.180144e-02
4.186589e-02;8.097057e-02;3.416500e-02;1.387654e-01;3.833237e-01;3.929406e-02;1.790291e-02;2.401502e-02;6.165636e-02;1.546639e-01;6.021449e-03;1.735577e-02
2.264126e-02;1.201514e-01;3.581111e-02;7.656050e-02;3.593500e-01;1.363291e-01;2.387375e-02;2.396294e-02;2.944082e-02;1.312096e-01;2.278257e-02;1.788705e-02
1.536971e-02;1.340365e-01;6.044579e-02;3.257756e-02;2.623698e-01;2.664855e-01;2.362733e-02;2.697105e-02;2.866253e-02;9.413637e-02;4.229827e-02;1.301967e-02
1.737954e-02;1.254403e-01;6.382718e-02;5.902712e-02;1.752918e-01;3.364506e-01;2.021029e-02;3.373475e-02;3.377609e-02;5.893631e-02;6.334997e-02;1.257602e-02
1.107463e-02;9.321268e-02;5.365904e-02;7.188223e-02;1.555340e-01;3.510408e-01;5.884668e-02;3.141482e-02;5.150833e-02;3.842563e-02;6.620550e-02;1.719565e-02
9.862381e-03;6.236869e-02;5.135123e-02;1.031861e-01;1.162536e-01;2.965817e-01;4.578023e-02;5.984232e-02;9.137814e-02;1.026224e-01;3.837634e-02;2.239680e-02
2.110239e-02;7.562312e-02;4.608285e-02;1.488839e-01;1.965550e-01;1.862383e-01;5.667521e-02;5.841688e-02;8.405989e-02;9.267712e-02;2.238201e-02;1.130329e-02
3.846284e-02;7.438000e-02;6.248733e-02;1.840387e-01;2.401261e-01;1.025400e-01;6.071631e-02;4.225142e-02;8.431984e-02;7.322203e-02;2.788707e-02;9.568453e-03
2.186228e-02;3.962936e-02;5.481371e-02;1.350607e-01;1.856958e-01;1.268082e-01;6.173825e-02;3.924906e-02;7.701361e-02;2.282609e-01;1.903277e-02;1.083537e-02
2.362943e-02;5.441909e-02;2.664127e-02;1.193106e-01;1.480072e-01;1.673624e-01;5.874702e-02;4.047836e-02;7.272612e-02;2.643447e-01;1.474750e-02;9.586315e-03
1.899840e-02;5.960559e-02;3.632779e-02;9.307070e-02;1.887572e-01;2.458102e-01;2.852423e-02;3.852748e-02;6.857707e-02;2.104359e-01;6.067885e-03;5.297435e-03
1.144660e-02;5.686792e-02;3.399203e-02;1.216305e-01;2.361891e-01;2.302931e-01;2.647815e-02;3.217134e-02;7.304467e-02;1.615530e-01;1.302901e-02;3.304628e-03
1.325567e-02;3.294864e-02;2.806232e-02;1.649572e-01;2.344829e-01;1.818948e-01;1.835035e-02;3.650180e-02;8.871712e-02;1.878597e-01;7.855782e-03;5.113789e-03
2.202359e-02;1.924648e-02;3.680218e-02;1.888690e-01;2.211765e-01;1.749011e-01;4.871219e-02;3.028320e-02;7.045776e-02;1.801613e-01;4.005352e-03;3.361282e-03
2.308155e-02;3.321352e-02;5.250600e-02;1.924069e-01;2.780533e-01;1.567982e-01;5.449827e-02;3.273935e-02;4.340077e-02;1.204719e-01;8.670773e-03;4.159373e-03
1.995041e-02;6.066568e-02;2.877301e-02;1.996410e-01;3.266341e-01;1.161327e-01;5.981655e-02;3.996890e-02;6.401608e-02;7.101984e-02;7.275213e-03;6.106466e-03
8.808998e-03;8.154897e-02;2.782742e-02;2.142207e-01;2.654223e-01;5.727633e-02;5.414157e-02;6.050640e-02;1.083069e-01;1.037254e-01;9.629861e-03;8.585087e-03
1.214848e-02;4.964825e-02;3.597549e-02;1.739678e-01;1.740927e-01;1.243731e-01;4.231776e-02;7.688774e-02;1.390421e-01;1.195419e-01;4.088252e-02;1.112213e-02
2.649312e-02;2.323017e-02;2.744521e-02;1.344111e-01;1.378869e-01;1.355487e-01;3.652050e-02;1.015482e-01;1.695788e-01;1.338615e-01;5.609220e-02;1.738358e-02
5.510730e-02;1.735513e-02;2.858056e-02;1.192193e-01;1.372212e-01;1.138087e-01;2.737029e-02;1.489580e-01;1.846637e-01;1.043772e-01;4.722815e-02;1.611051e-02
4.297278e-02;3.063177e-02;5.760639e-02;9.169281e-02;1.547381e-01;9.694389e-02;3.821580e-02;1.539485e-01;1.621941e-01;9.212035e-02;3.498793e-02;4.394768e-02
1.577913e-02;8.478524e-02;1.369546e-01;3.717661e-02;1.132718e-01;9.131038e-02;4.717051e-02;1.540937e-01;1.232930e-01;9.876344e-02;1.409739e-02;8.330433e-02
2.513638e-02;1.240842e-01;1.729145e-01;5.384123e-02;1.077758e-01;6.053295e-02;6.109288e-02;1.516159e-01;6.269675e-02;6.035852e-02;6.255612e-02;5.739469e-02
2.746126e-02;1.789766e-01;1.785390e-01;4.744209e-02;1.037193e-01;5.414395e-02;7.591982e-02;1.365077e-01;2.770294e-02;3.989656e-02;1.074770e-01;2.221382e-02
3.139590e-02;2.372933e-01;1.408886e-01;4.084855e-02;7.905549e-02;6.670962e-02;8.863849e-02;1.129356e-01;2.374303e-02;2.475519e-02;1.465914e-01;7.144785e-03
3.185382e-02;2.664705e-01;9.166927e-02;3.850117e-02;4.905280e-02;1.047188e-01;9.842509e-02;8.270308e-02;2.212759e-02;3.238485e-02;1.659911e-01;1.610191e-02
3.141535e-02;2.420622e-01;5.227013e-02;3.159755e-02;5.725643e-02;1.341414e-01;1.018256e-01;6.052336e-02;2.157602e-02;9.406222e-02;1.579224e-01;1.534736e-02
5.548089e-02;2.010497e-01;1.300667e-02;3.141878e-02;7.811794e-02;1.862740e-01;9.533445e-02;7.934675e-02;3.257143e-02;1.241767e-01;9.334620e-02;9.876471e-03
7.274482e-02;1.646828e-01;1.670167e-02;5.945909e-02;1.000910e-01;2.135925e-01;6.196128e-02;6.506070e-02;3.506492e-02;1.808665e-01;1.648919e-02;1.328557e-02
7.129222e-02;1.198848e-01;2.915180e-02;6.713631e-02;1.183983e-01;2.664793e-01;1.164885e-02;3.008843e-02;3.411270e-02;2.307263e-01;6.325367e-03;1.475553e-02
6.741943e-02;1.013421e-01;2.745904e-02;7.045265e-02;8.366805e-02;2.783811e-01;2.091854e-02;6.380983e-02;3.276807e-02;1.993575e-01;3.802995e-02;1.639369e-02
7.376909e-02;1.316589e-01;1.649689e-02;7.181484e-02;5.205110e-02;2.736917e-01;1.199110e-02;1.025617e-01;4.908425e-02;1.614213e-01;3.969157e-02;1.576758e-02
7.181341e-02;1.549613e-01;5.450774e-02;5.417761e-02;5.527562e-02;2.514842e-01;2.487041e-02;9.206407e-02;6.470069e-02;1.156525e-01;3.291479e-02;2.757772e-02
6.132042e-02;1.743119e-01;1.083507e-01;6.185528e-02;5.088408e-02;1.881946e-01;3.072297e-02;1.037120e-01;7.993469e-02;3.414964e-02;6.189810e-02;4.466562e-02
3.773553e-02;1.590797e-01;8.299454e-02;5.454781e-02;8.318897e-02;1.385696e-01;4.445503e-02;1.262557e-01;7.807423e-02;1.198062e-01;3.447104e-02;4.082169e-02
3.395870e-02;1.321306e-01;5.089190e-02;7.811411e-02;1.323462e-01;1.881131e-01;5.081410e-02;6.126484e-02;8.516018e-02;1.356000e-01;3.394501e-02;1.766121e-02
3.294823e-02;1.230358e-01;7.068340e-02;9.420892e-02;1.400261e-01;1.860447e-01;3.612120e-02;1.000340e-01;8.093874e-02;8.143786e-02;4.659470e-02;7.926454e-03
1.759158e-02;8.784610e-02;5.872645e-02;8.576376e-02;1.477876e-01;2.032696e-01;2.833924e-02;1.250779e-01;8.389661e-02;8.479550e-02;6.426365e-02;1.264204e-02
2.716587e-02;7.426046e-02;6.255468e-02;7.619703e-02;1.729626e-01;2.264148e-01;1.455997e-02;4.973358e-02;5.607166e-02;1.480389e-01;8.672842e-02;5.312072e-03
2.319607e-02;9.935933e-02;7.171068e-02;8.959136e-02;1.241963e-01;2.061786e-01;2.575865e-02;7.615887e-02;5.317510e-02;1.262605e-01;8.933366e-02;1.508093e-02
1.982852e-02;9.338553e-02;4.134018e-02;9.561874e-02;1.145214e-01;2.013556e-01;2.486442e-02;9.968075e-02;7.326382e-02;1.198740e-01;1.007545e-01;1.551256e-02
2.752446e-02;7.434686e-02;5.081267e-02;8.631101e-02;1.371255e-01;1.686250e-01;2.947246e-02;7.237246e-02;7.531399e-02;1.635061e-01;9.668322e-02;1.790640e-02
1.878711e-02;6.411656e-02;7.977056e-02;8.262513e-02;1.299799e-01;1.753630e-01;8.579374e-02;7.151198e-02;7.453918e-02;1.276411e-01;7.279705e-02;1.707461e-02
2.510395e-02;8.745027e-02;1.034968e-01;6.798319e-02;1.273884e-01;1.785469e-01;1.007183e-01;9.515195e-02;6.899308e-02;7.189909e-02;5.102845e-02;2.223965e-02
2.401902e-02;1.627037e-01;1.408619e-01;4.120179e-02;8.986220e-02;1.412015e-01;8.766717e-02;1.590177e-01;5.586524e-02;3.817368e-02;4.206606e-02;1.735994e-02
1.686854e-02;1.984974e-01;1.642417e-01;2.703143e-02;6.420457e-02;1.120819e-01;7.966763e-02;2.168464e-01;3.295734e-02;2.241432e-02;4.994148e-02;1.524738e-02
7.162136e-03;1.768768e-01;2.081230e-01;2.235040e-02;4.082048e-02;8.075138e-02;7.358179e-02;2.361741e-01;3.258697e-02;2.247217e-02;6.835850e-02;3.074224e-02
8.676002e-03;1.537254e-01;2.630752e-01;2.538223e-02;3.165394e-02;3.924616e-02;6.882941e-02;2.490825e-01;3.866334e-02;1.671921e-02;6.622358e-02;3.872304e-02
1.145058e-02;1.362740e-01;3.159060e-01;2.026810e-02;3.340481e-02;2.158995e-02;5.122152e-02;2.670242e-01;3.984007e-02;1.434896e-02;5.144557e-02;3.722630e-02
9.598504e-03;1.095361e-01;3.390459e-01;2.832411e-02;1.971003e-02;2.681872e-02;4.050608e-02;2.732499e-01;3.117584e-02;2.191832e-02;3.308082e-02;6.703568e-02
8.425090e-03;8.077943e-02;3.360541e-01;3.522169e-02;1.103989e-02;4.051223e-02;2.756518e-02;2.660695e-01;2.946213e-02;2.484227e-02;2.584387e-02;1.141846e-01
6.982926e-03;5.053702e-02;3.288024e-01;4.106041e-02;9.798845e-03;4.501719e-02;2.232696e-02;2.578292e-01;3.330887e-02;2.399455e-02;2.080245e-02;1.595392e-01
3.338546e-03;3.801861e-02;3.307342e-01;5.340512e-02;1.563649e-02;5.450039e-02;1.118451e-02;2.494083e-01;3.551857e-02;2.012050e-02;1.426913e-02;1.738655e-01
1.272321e-02;2.810891e-02;3.493985e-01;4.809090e-02;1.336472e-02;6.963167e-02;7.728852e-03;2.501320e-01;4.569147e-02;1.486867e-02;4.741444e-03;1.555197e-01
6.482576e-03;4.300411e-02;3.560503e-01;5.892888e-02;2.292426e-02;7.117461e-02;1.309952e-02;2.361526e-01;4.448888e-02;1.107007e-02;4.110498e-03;1.325136e-01
7.348606e-03;5.744407e-02;3.765650e-01;6.025011e-02;1.776352e-02;6.705326e-02;1.324114e-02;2.200694e-01;4.121303e-02;1.114180e-02;6.721264e-03;1.211888e-01
3.729074e-03;7.997306e-02;3.917958e-01;4.940186e-02;1.840520e-02;6.210191e-02;1.494760e-02;2.069293e-01;4.644469e-02;9.633959e-03;1.663883e-02;9.999876e-02
5.311623e-03;8.916645e-02;3.392130e-01;7.358175e-02;3.881347e-02;7.279854e-02;3.747007e-02;2.011024e-01;4.904549e-02;4.915411e-03;2.591610e-02;6.266570e-02
1.152536e-02;7.840738e-02;2.755009e-01;8.338222e-02;6.651833e-02;8.475552e-02;6.260812e-02;2.389010e-01;2.914061e-02;1.419732e-02;3.053736e-02;2.452591e-02
1.230264e-02;5.606982e-02;2.024308e-01;5.345272e-02;7.917865e-02;8.028219e-02;7.375719e-02;3.049716e-01;6.923448e-02;2.289869e-02;1.567573e-02;2.974545e-02
1.660852e-02;5.953297e-02;1.926384e-01;5.706038e-02;5.686223e-02;7.472309e-02;5.986781e-02;2.992285e-01;7.994498e-02;2.609302e-02;2.005450e-02;5.738558e-02
2.724703e-02;9.487750e-02;1.812594e-01;4.904142e-02;7.915594e-02;8.674097e-02;6.478000e-02;2.086180e-01;5.906233e-02;1.671082e-02;1.405080e-02;1.184557e-01
1.210277e-02;1.159833e-01;1.683895e-01;3.417386e-02;7.460377e-02;1.051662e-01;8.716470e-02;1.936847e-01;4.753770e-02;7.289025e-03;3.042822e-02;1.234763e-01
2.089129e-02;1.378379e-01;1.799036e-01;5.160787e-02;5.240358e-02;1.265532e-01;8.542302e-02;1.742478e-01;2.713990e-02;1.391083e-02;2.822433e-02;1.018568e-01
6.562252e-02;9.184927e-02;1.505422e-01;1.102228e-01;4.620088e-02;1.994378e-01;4.094480e-02;1.407614e-01;4.025272e-02;2.821366e-02;2.071614e-02;6.523573e-02
7.661896e-02;8.323389e-02;1.283542e-01;1.239203e-01;6.090044e-02;2.477120e-01;4.279813e-02;9.777167e-02;4.436932e-02;3.628632e-02;1.924307e-02;3.879176e-02
6.034083e-02;6.593428e-02;1.643856e-01;1.048703e-01;7.187011e-02;2.996164e-01;1.263017e-02;7.720210e-02;4.582141e-02;3.608995e-02;1.897324e-02;4.226562e-02
2.799737e-02;4.338467e-02;2.036024e-01;6.244345e-02;9.119683e-02;3.185783e-01;2.174102e-02;6.610008e-02;5.474620e-02;3.072456e-02;1.884856e-02;6.063648e-02
2.312945e-02;4.487976e-02;1.962114e-01;4.672489e-02;1.190243e-01;2.797669e-01;2.139974e-02;9.211480e-02;7.745002e-02;9.657689e-03;1.524278e-02;7.439832e-02
2.245991e-02;2.338447e-02;1.819790e-01;6.341456e-02;1.348950e-01;2.155207e-01;2.761826e-02;1.170158e-01;8.751293e-02;2.760121e-02;2.295123e-02;7.564700e-02
1.453876e-02;5.981787e-02;1.594036e-01;6.829505e-02;1.148775e-01;1.694071e-01;3.484993e-02;1.540645e-01;1.102959e-01;4.234675e-02;1.361983e-02;5.848314e-02
6.162329e-03;8.062109e-02;1.189155e-01;8.439108e-02;8.426230e-02;2.517868e-01;2.988128e-02;1.537305e-01;1.116776e-01;3.130170e-02;1.547534e-02;3.179445e-02
2.204492e-02;7.181451e-02;1.546049e-01;8.412328e-02;1.056414e-01;2.446555e-01;3.081214e-02;1.550128e-01;5.349450e-02;1.718979e-02;3.233481e-02;2.827150e-02
2.355672e-02;8.765456e-02;1.533707e-01;7.806474e-02;1.077874e-01;1.610931e-01;3.288437e-02;1.874550e-01;4.210396e-02;2.023027e-02;5.920462e-02;4.659455e-02
1.938029e-02;4.971833e-02;1.206487e-01;5.833317e-02;7.578084e-02;2.152021e-01;4.240949e-02;1.912513e-01;6.978752e-02;1.960051e-02;6.801488e-02;6.987298e-02
2.035817e-02;5.305833e-02;1.159903e-01;3.899277e-02;8.346241e-02;2.258626e-01;3.666073e-02;1.881810e-01;7.228424e-02;3.347879e-02;4.861220e-02;8.305845e-02
2.896270e-02;9.273598e-02;1.245022e-01;5.022249e-02;8.187873e-02;2.286157e-01;3.068974e-02;1.824465e-01;4.916681e-02;3.021050e-02;1.595872e-02;8.460991e-02
2.909783e-02;1.087942e-01;7.756803e-02;6.320433e-02;4.408087e-02;1.862176e-01;4.671706e-02;2.489783e-01;7.671974e-02;1.972463e-02;1.689516e-02;8.200225e-02
2.150299e-02;1.051401e-01;1.312192e-01;7.383677e-02;6.864072e-02;9.021034e-02;2.898912e-02;2.436842e-01;8.672323e-02;4.402882e-02;2.275807e-02;8.326650e-02
1.481744e-02;5.437129e-02;1.080434e-01;4.556267e-02;6.630563e-02;1.657529e-01;3.799172e-02;2.914217e-01;6.905115e-02;4.476046e-02;2.491332e-02;7.700822e-02
2.736456e-02;4.307885e-02;8.846225e-02;4.165222e-02;4.048220e-02;2.460329e-01;6.627714e-02;2.639964e-01;6.096271e-02;2.407723e-02;3.818003e-02;5.943345e-02
4.100826e-02;8.121726e-02;1.101155e-01;3.715278e-02;2.529650e-02;2.106038e-01;4.065689e-02;2.106565e-01;8.682182e-02;6.176720e-02;4.437466e-02;5.032877e-02
4.630880e-02;8.568656e-02;1.283816e-01;3.996023e-02;3.534869e-02;1.673904e-01;5.363320e-02;1.699499e-01;1.009817e-01;7.831676e-02;5.063814e-02;4.340399e-02
3.089542e-02;8.912575e-02;1.428905e-01;3.014281e-02;3.087965e-02;2.063366e-01;5.159768e-02;2.057289e-01;8.732191e-02;4.886223e-02;3.284829e-02;4.337016e-02
1.682356e-02;7.036941e-02;1.385421e-01;3.490138e-02;5.089873e-02;2.685026e-01;6.430804e-02;1.846776e-01;5.347655e-02;2.091356e-02;3.359886e-02;6.298770e-02
5.335401e-02;1.362561e-01;1.528201e-01;4.527127e-02;4.895256e-02;2.051378e-01;8.385926e-02;7.013513e-02;8.290189e-02;3.963357e-02;3.603660e-02;4.564172e-02
3.713195e-02;1.402776e-01;1.358928e-01;5.278658e-02;6.677829e-02;1.784467e-01;1.425513e-01;9.232043e-02;6.526693e-02;2.945759e-02;3.673392e-02;2.235593e-02
2.880650e-02;1.173143e-01;1.468759e-01;5.608228e-02;5.021862e-02;1.698694e-01;1.518245e-01;1.248507e-01;7.182522e-02;2.728252e-02;3.475166e-02;2.029842e-02
3.889002e-02;7.500075e-02;1.314771e-01;9.514327e-02;7.257654e-02;1.388215e-01;1.450562e-01;1.334369e-01;9.721366e-02;2.835359e-02;3.092046e-02;1.310994e-02
5.586835e-02;2.059444e-02;1.063013e-01;1.940381e-01;8.833640e-02;8.593316e-02;1.211803e-01;1.162620e-01;1.497871e-01;2.866118e-02;2.760283e-02;5.434859e-03
6.443159e-02;1.227915e-02;7.809904e-02;2.726408e-01;8.635865e-02;4.285822e-02;1.171344e-01;9.746081e-02;1.863761e-01;1.357255e-02;2.192227e-02;6.866355e-03
5.720285e-02;9.044586e-03;6.033146e-02;2.661467e-01;1.126084e-01;2.605295e-02;1.479386e-01;8.355294e-02;1.855151e-01;3.398389e-02;9.773654e-03;7.848820e-03
4.575143e-02;1.385826e-02;4.666830e-02;2.362293e-01;1.339616e-01;5.229422e-02;1.528260e-01;7.971655e-02;1.749315e-01;4.957118e-02;9.059029e-03;5.132606e-03
4.082926e-02;1.864226e-02;3.707113e-02;2.496860e-01;1.449998e-01;5.650888e-02;1.030851e-01;1.005792e-01;1.748421e-01;6.193858e-02;7.836503e-03;3.981292e-03
3.935555e-02;4.717742e-02;5.962201e-02;2.218627e-01;1.466539e-01;7.409240e-02;5.310541e-02;1.180282e-01;1.677125e-01;5.680634e-02;7.239239e-03;8.344230e-03
3.015351e-02;8.132086e-02;5.172141e-02;1.695241e-01;1.692975e-01;5.176864e-02;6.846597e-02;1.100517e-01;1.879481e-01;5.830999e-02;8.652784e-03;1.278548e-02
1.312596e-02;9.544954e-02;4.670931e-02;1.171472e-01;1.613481e-01;5.210393e-02;6.607167e-02;1.124053e-01;2.318948e-01;7.408825e-02;1.692213e-02;1.273378e-02
1.895220e-02;6.454081e-02;5.171996e-02;1.014230e-01;1.562099e-01;6.019305e-02;5.089124e-02;1.274660e-01;2.597143e-01;8.086521e-02;1.749224e-02;1.053202e-02
2.462499e-02;4.371935e-02;4.152883e-02;9.576122e-02;1.405172e-01;9.191306e-02;6.809052e-02;1.164519e-01;2.860832e-01;6.732309e-02;1.706854e-02;6.918124e-03
2.196971e-02;2.760166e-02;4.012137e-02;9.016477e-02;7.163531e-02;8.763395e-02;1.012433e-01;2.016739e-01;2.842090e-01;4.637124e-02;2.003689e-02;7.338993e-03
1.445866e-02;3.303672e-02;6.569848e-02;9.740968e-02;5.550506e-02;1.180719e-01;8.792527e-02;2.270075e-01;2.108294e-01;5.892467e-02;2.399175e-02;7.140859e-03
1.293062e-02;4.271245e-02;5.170515e-02;1.423025e-01;1.076166e-01;1.216680e-01;6.871492e-02;1.630954e-01;1.746834e-01;8.171850e-02;2.568680e-02;7.165606e-03
1.533411e-02;2.661199e-02;4.256898e-02;1.923974e-01;1.430465e-01;6.328554e-02;6.052515e-02;1.609272e-01;1.964854e-01;7.246318e-02;1.711402e-02;9.240471e-03
1.499700e-02;2.587873e-02;2.647948e-02;2.236929e-01;1.224030e-01;4.718661e-02;7.838973e-02;1.860418e-01;2.028455e-01;5.271413e-02;1.093820e-02;8.432918e-03
9.486984e-03;3.677079e-02;5.879916e-02;2.395401e-01;1.069386e-01;3.754819e-02;1.002701e-01;1.526210e-01;1.970442e-01;4.724334e-02;6.251896e-03;7.485509e-03
1.937048e-02;4.499149e-02;4.814146e-02;2.611513e-01;1.174610e-01;3.901677e-02;8.301092e-02;1.359886e-01;1.988623e-01;2.518822e-02;1.681871e-02;9.998690e-03
2.580407e-02;5.093898e-02;6.350942e-02;1.711759e-01;1.140113e-01;8.703100e-02;1.118018e-01;1.264425e-01;1.126693e-01;6.852230e-02;2.645450e-02;4.163883e-02
2.895601e-02;8.017433e-02;1.066437e-01;1.347645e-01;7.829397e-02;8.871916e-02;1.344274e-01;9.359813e-02;7.035807e-02;7.162216e-02;4.277273e-02;6.966985e-02
5.568180e-02;1.073986e-01;1.079045e-01;1.074454e-01;8.530757e-02;1.017957e-01;1.178309e-01;6.668462e-02;6.800004e-02;6.624126e-02;5.060854e-02;6.510110e-02
6.066615e-02;1.105390e-01;6.759980e-02;1.015626e-01;1.757840e-01;1.465190e-01;6.845927e-02;5.827081e-02;7.013548e-02;6.080896e-02;3.869166e-02;4.096325e-02
5.458884e-02;9.950892e-02;5.386891e-02;1.152760e-01;2.566487e-01;1.311012e-01;3.596732e-02;5.843654e-02;8.216909e-02;6.905922e-02;1.630265e-02;2.707260e-02
4.598911e-02;1.078670e-01;2.543246e-02;1.297510e-01;3.271123e-01;8.641116e-02;3.512247e-02;4.496435e-02;8.774455e-02;8.413886e-02;8.944571e-03;1.652210e-02
2.887905e-02;1.613290e-01;1.927195e-02;9.555161e-02;3.477333e-01;6.737688e-02;2.795064e-02;3.858801e-02;6.589586e-02;1.151280e-01;1.267715e-02;1.961857e-02
1.333742e-02;2.083570e-01;8.621112e-03;4.758002e-02;3.173336e-01;1.228403e-01;1.865885e-02;3.928114e-02;3.880876e-02;1.350031e-01;3.546583e-02;1.471290e-02
6.417874e-03;2.314818e-01;3.281326e-02;3.353269e-02;2.372857e-01;1.836155e-01;1.590380e-02;4.449297e-02;3.096876e-02;1.268969e-01;4.602415e-02;1.056657e-02
7.004224e-03;1.912425e-01;1.047722e-01;2.837756e-02;1.353332e-01;2.903936e-01;1.128171e-02;4.195977e-02;1.983341e-02;9.332047e-02;6.674900e-02;9.732328e-03
1.435057e-02;9.448875e-02;1.615638e-01;1.445398e-02;7.810865e-02;4.121687e-01;2.278046e-02;2.738566e-02;1.405387e-02;4.624961e-02;1.099517e-01;4.444262e-03
1.739930e-02;2.989879e-02;1.736637e-01;1.470268e-02;6.206302e-02;4.631533e-01;6.444675e-02;1.662434e-02;1.682084e-02;1.749516e-02;1.132018e-01;1.053037e-02
1.338827e-02;1.856185e-02;1.248955e-01;1.283526e-02;6.453856e-02;4.241712e-01;1.841775e-01;1.286832e-02;2.482310e-02;2.034233e-02;7.915671e-02;2.024149e-02
9.411591e-03;1.937636e-02;6.327309e-02;2.357764e-02;5.980948e-02;3.578946e-01;3.170633e-01;1.997991e-02;2.317160e-02;3.267412e-02;2.590833e-02;4.786002e-02
1.200422e-02;2.286972e-02;4.584327e-02;1.897217e-02;1.002092e-01;2.525105e-01;3.163649e-01;3.608930e-02;2.361006e-02;5.416171e-02;3.619010e-02;8.117494e-02
2.178378e-02;6.447510e-02;3.930120e-02;3.555302e-02;1.362989e-01;1.535651e-01;2.276637e-01;3.361836e-02;3.853058e-02;8.069672e-02;5.523605e-02;1.132774e-01
4.108622e-02;8.925044e-02;7.487684e-02;4.476824e-02;1.360304e-01;1.296741e-01;1.586165e-01;3.501840e-02;3.733015e-02;9.215736e-02;6.465847e-02;9.653291e-02
4.761637e-02;8.936065e-02;9.195249e-02;3.214096e-02;1.377945e-01;2.042641e-01;1.243661e-01;4.238422e-02;2.483440e-02;1.113239e-01;4.943274e-02;4.452949e-02
5.797514e-02;9.310807e-02;6.523509e-02;2.078886e-02;1.481434e-01;2.460653e-01;8.562476e-02;4.334631e-02;4.328678e-02;1.122939e-01;3.836293e-02;4.576945e-02
1.086755e-01;6.819058e-02;9.663115e-02;2.159845e-02;1.236490e-01;1.750450e-01;7.821864e-02;4.283573e-02;5.257010e-02;8.286496e-02;8.132055e-02;6.840026e-02
1.750976e-01;4.005225e-02;1.028031e-01;2.369490e-02;9.068637e-02;1.807932e-01;6.260797e-02;3.220661e-02;4.120280e-02;6.375718e-02;1.185091e-01;6.858896e-02
1.738693e-01;4.185449e-02;7.782214e-02;3.624931e-02;7.958838e-02;2.563182e-01;6.060012e-02;2.473767e-02;2.774742e-02;6.024986e-02;1.129788e-01;4.798420e-02
1.053942e-01;6.078150e-02;6.168706e-02;5.164984e-02;1.027212e-01;2.654358e-01;5.099672e-02;4.025868e-02;4.119414e-02;1.134214e-01;6.516880e-02;4.129074e-02
4.716077e-02;7.274418e-02;5.146330e-02;7.179987e-02;1.183122e-01;2.176461e-01;6.758793e-02;5.620512e-02;8.254638e-02;1.395427e-01;3.641862e-02;3.857286e-02
4.969240e-02;5.963416e-02;5.473747e-02;8.923852e-02;6.100121e-02;1.578479e-01;1.106398e-01;6.769636e-02;1.216206e-01;1.193635e-01;6.929532e-02;3.923272e-02
5.298790e-02;4.453601e-02;5.402465e-02;8.513026e-02;1.000177e-01;1.404051e-01;1.206696e-01;7.714411e-02;1.027164e-01;8.936152e-02;9.491052e-02;3.809619e-02
4.506282e-02;3.568935e-02;6.919638e-02;4.897906e-02;1.297900e-01;1.958234e-01;1.168979e-01;8.259005e-02;5.822439e-02;1.016307e-01;8.774120e-02;2.837473e-02
4.058446e-02;2.748964e-02;9.156421e-02;1.129421e-02;1.563824e-01;2.093568e-01;1.081967e-01;7.923505e-02;3.658643e-02;1.305657e-01;8.150472e-02;2.723981e-02
3.818314e-02;1.305137e-02;1.152354e-01;4.059986e-02;1.651173e-01;1.310823e-01;9.854043e-02;8.759143e-02;5.454716e-02;1.407975e-01;8.140209e-02;3.385205e-02
5.689929e-02;3.335121e-02;7.586835e-02;8.707527e-02;1.021985e-01;1.727161e-01;1.328467e-01;5.628652e-02;7.959787e-02;1.149518e-01;5.412909e-02;3.407938e-02
7.258655e-02;4.223643e-02;5.648386e-02;1.121767e-01;1.374020e-01;1.153520e-01;1.187538e-01;3.447529e-02;9.640662e-02;1.467127e-01;3.002225e-02;3.739175e-02
5.417847e-02;5.408689e-02;4.845319e-02;9.220131e-02;2.119995e-01;7.982589e-02;7.419918e-02;2.894422e-02;7.712147e-02;1.890282e-01;2.643266e-02;6.352905e-02
2.866872e-02;8.325114e-02;3.034292e-02;6.495141e-02;2.464279e-01;8.035198e-02;2.961172e-02;2.494694e-02;5.906556e-02;2.131925e-01;2.635900e-02;1.128302e-01
1.670757e-02;1.189425e-01;2.220835e-02;4.868089e-02;2.654273e-01;3.489416e-02;3.502588e-02;2.410096e-02;4.207770e-02;2.128286e-01;3.030396e-02;1.488021e-01
2.921134e-02;1.685457e-01;1.840730e-02;3.955172e-02;2.594006e-01;5.755242e-02;3.611155e-02;2.347245e-02;2.820756e-02;1.797744e-01;1.767328e-02;1.420917e-01
2.022460e-02;1.972746e-01;2.881951e-02;4.940887e-02;2.445758e-01;8.328012e-02;2.946671e-02;3.815156e-02;3.200956e-02;1.491337e-01;1.436208e-02;1.132930e-01
1.574386e-02;1.617721e-01;3.308563e-02;8.877818e-02;2.088512e-01;1.847293e-01;3.933942e-02;4.396104e-02;2.561440e-02;1.086027e-01;2.780877e-02;6.171344e-02
1.652177e-02;1.076923e-01;3.650984e-02;1.103475e-01;1.409956e-01;3.277676e-01;8.541758e-02;3.839483e-02;1.476973e-02;5.201310e-02;4.467090e-02;2.489931e-02
2.160417e-02;7.964955e-02;3.407100e-02;9.953894e-02;1.016983e-01;4.204060e-01;9.433603e-02;2.464924e-02;1.379455e-02;2.616797e-02;5.709887e-02;2.698543e-02
3.684172e-02;4.728281e-02;3.990566e-02;7.072163e-02;9.198502e-02;4.738448e-01;8.533855e-02;2.207902e-02;1.355892e-02;2.047462e-02;7.738898e-02;2.057830e-02
4.562380e-02;4.418000e-02;5.035732e-02;5.733321e-02;7.852924e-02;4.858258e-01;6.016539e-02;2.647551e-02;1.524928e-02;2.370464e-02;1.022501e-01;1.030571e-02
6.575237e-02;3.259744e-02;5.854937e-02;4.943506e-02;4.727722e-02;4.786008e-01;6.075381e-02;1.297993e-02;1.662742e-02;4.657103e-02;1.195335e-01;1.132215e-02
5.311756e-02;3.811145e-02;4.615790e-02;4.963389e-02;6.032541e-02;4.795057e-01;4.144177e-02;1.629352e-02;1.562139e-02;5.796317e-02;1.318566e-01;9.971629e-03
5.175573e-02;4.652694e-02;4.675172e-02;5.267406e-02;8.857583e-02;4.634703e-01;3.198436e-02;2.540006e-02;1.517570e-02;2.470573e-02;1.352597e-01;1.771998e-02
4.826950e-02;6.020961e-02;3.959875e-02;6.636560e-02;1.456108e-01;3.776531e-01;2.691904e-02;4.816950e-02;1.890799e-02;5.789696e-02;9.029904e-02;2.010014e-02
2.319203e-02;8.369968e-02;2.883621e-02;8.402677e-02;1.890285e-01;2.571882e-01;4.050184e-02;6.637926e-02;2.443135e-02;1.070361e-01;6.465976e-02;3.102027e-02
1.271035e-02;1.002095e-01;3.987131e-02;9.938312e-02;1.980443e-01;1.630338e-01;3.364157e-02;7.913132e-02;4.389711e-02;1.285310e-01;5.238744e-02;4.915916e-02
1.954658e-02;1.100153e-01;7.454316e-02;1.079315e-01;1.793479e-01;6.829230e-02;4.819255e-02;8.123868e-02;7.537276e-02;1.338349e-01;4.700591e-02;5.467848e-02
2.551720e-02;8.916669e-02;6.273829e-02;7.889598e-02;8.537022e-02;2.363099e-01;7.248178e-02;7.451048e-02;1.050280e-01;9.333230e-02;4.750327e-02;2.914582e-02
2.240448e-02;8.376894e-02;4.530336e-02;6.086892e-02;1.046705e-01;3.287158e-01;3.558046e-02;1.107947e-01;1.020780e-01;6.078311e-02;2.209618e-02;2.293556e-02
2.113432e-02;7.527892e-02;4.495563e-02;5.056663e-02;1.722259e-01;3.129758e-01;2.042405e-02;9.147236e-02;8.947346e-02;6.927381e-02;3.235597e-02;1.986318e-02
1.474796e-02;5.335453e-02;4.194370e-02;4.378495e-02;2.039658e-01;2.988565e-01;2.550001e-02;7.966699e-02;1.063194e-01;6.990885e-02;3.888192e-02;2.306932e-02
1.029096e-02;6.848104e-02;4.345184e-02;2.399377e-02;1.518415e-01;3.015350e-01;4.274728e-02;9.757648e-02;1.418308e-01;5.747346e-02;3.410495e-02;2.667297e-02
1.698327e-02;6.069273e-02;5.464585e-02;2.725651e-02;1.126893e-01;2.882448e-01;4.566844e-02;8.721817e-02;1.642039e-01;6.425247e-02;5.411261e-02;2.403194e-02
1.776687e-02;3.991409e-02;4.199732e-02;3.733975e-02;1.605724e-01;2.326634e-01;4.056717e-02;9.477262e-02;1.783682e-01;7.445103e-02;6.508738e-02;1.649977e-02
1.467523e-02;3.937538e-02;3.139468e-02;4.371838e-02;2.187950e-01;1.856945e-01;4.510497e-02;9.625391e-02;1.858332e-01;5.400175e-02;5.853834e-02;2.661466e-02
8.675672e-03;3.598844e-02;2.659350e-02;5.132779e-02;1.961722e-01;2.943547e-01;5.924020e-02;8.546848e-02;1.451952e-01;2.896866e-02;4.703942e-02;2.097571e-02
7.000437e-03;3.279971e-02;4.083903e-02;5.890176e-02;1.482819e-01;3.100328e-01;6.346997e-02;8.673076e-02;1.290708e-01;6.753166e-02;4.796984e-02;7.371409e-03
1.030750e-02;3.048465e-02;3.698854e-02;5.619956e-02;1.144354e-01;2.640917e-01;4.464215e-02;9.347634e-02;1.677292e-01;1.203830e-01;5.427558e-02;6.986579e-03
6.163530e-03;2.404634e-02;2.491804e-02;5.475725e-02;1.576013e-01;1.985693e-01;4.487929e-02;9.999722e-02;1.966679e-01;1.307467e-01;5.092829e-02;1.072495e-02
5.011618e-03;2.207948e-02;2.246460e-02;6.207869e-02;1.556821e-01;1.747580e-01;8.358620e-02;1.074629e-01;1.915452e-01;1.069083e-01;5.503298e-02;1.338984e-02
8.595657e-03;2.980782e-02;2.165721e-02;4.412251e-02;8.539385e-02;2.022841e-01;1.758378e-01;1.127562e-01;1.412051e-01;8.835756e-02;6.594522e-02;2.403700e-02
1.068263e-02;3.671630e-02;1.853530e-02;5.557373e-02;7.021122e-02;2.295217e-01;1.707074e-01;9.380045e-02;1.341177e-01;8.841485e-02;6.309000e-02;2.862872e-02
1.357768e-02;2.848811e-02;2.095631e-02;6.332040e-02;9.751383e-02;2.896492e-01;9.380902e-02;6.781746e-02;1.386315e-01;9.544129e-02;6.008740e-02;3.070776e-02
2.145591e-02;2.638094e-02;3.111370e-02;4.467108e-02;1.006957e-01;2.902649e-01;4.726290e-02;7.805851e-02;1.256061e-01;1.314477e-01;6.621349e-02;3.682895e-02
2.305037e-02;3.679501e-02;4.470240e-02;4.757743e-02;7.889335e-02;2.736930e-01;8.979074e-02;9.031090e-02;1.026624e-01;1.204126e-01;6.094851e-02;3.116329e-02
1.303889e-02;3.857817e-02;3.505574e-02;3.813775e-02;7.107307e-02;3.285975e-01;1.221005e-01;8.986799e-02;8.816354e-02;1.040061e-01;4.554540e-02;2.583533e-02
9.169610e-03;2.804607e-02;3.110510e-02;5.728380e-02;7.411683e-02;3.696878e-01;1.751565e-01;4.104541e-02;6.795234e-02;8.249094e-02;4.543963e-02;1.850593e-02
1.435866e-02;2.164118e-02;1.808290e-02;7.943036e-02;4.197367e-02;3.409204e-01;2.292925e-01;4.913564e-02;7.840678e-02;6.679130e-02;4.326947e-02;1.669704e-02
2.951546e-02;5.108701e-02;2.570786e-02;7.055503e-02;8.704107e-02;2.725517e-01;1.831757e-01;8.600077e-02;1.054029e-01;4.005006e-02;3.074833e-02;1.816413e-02
5.340839e-02;1.004240e-01;6.395185e-02;5.231838e-02;1.192069e-01;1.588144e-01;8.031189e-02;1.086838e-01;1.114854e-01;7.014653e-02;5.404035e-02;2.720822e-02
6.467024e-02;1.585199e-01;7.100958e-02;5.765493e-02;1.290693e-01;8.990592e-02;3.983920e-02;9.268591e-02;7.203434e-02;9.049092e-02;6.027895e-02;7.384091e-02
4.369595e-02;1.481470e-01;3.972000e-02;6.182909e-02;1.783162e-01;8.336619e-02;3.124780e-02;5.861101e-02;8.905680e-02;9.067792e-02;4.316456e-02;1.321675e-01
2.556941e-02;1.120096e-01;3.674251e-02;8.096931e-02;2.115517e-01;1.003359e-01;2.477352e-02;3.759537e-02;1.124719e-01;9.156404e-02;2.613535e-02;1.402814e-01
5.976131e-02;5.302971e-02;6.685116e-02;1.203977e-01;1.745453e-01;1.125301e-01;3.778789e-02;5.685044e-02;1.369291e-01;6.828554e-02;3.571626e-02;7.731555e-02
1.039181e-01;3.903595e-02;9.479117e-02;1.482091e-01;1.098857e-01;9.266975e-02;4.231501e-02;9.319318e-02;1.508281e-01;4.617807e-02;5.237285e-02;2.660308e-02
9.019602e-02;4.279080e-02;1.066015e-01;1.446667e-01;9.047411e-02;7.121329e-02;3.434665e-02;1.452458e-01;1.419876e-01;3.648040e-02;5.821536e-02;3.778179e-02
3.849876e-02;8.371224e-02;1.361908e-01;9.510193e-02;6.946273e-02;9.053773e-02;4.681729e-02;1.807203e-01;1.105350e-01;3.147883e-02;5.610672e-02;6.083765e-02
3.275632e-02;9.742986e-02;1.387289e-01;5.603477e-02;7.663611e-02;1.766160e-01;4.565166e-02;1.743235e-01;7.068955e-02;4.025016e-02;4.424372e-02;4.663954e-02
2.427489e-02;6.283167e-02;8.401368e-02;8.005799e-02;8.989897e-02;2.440454e-01;4.472609e-02;1.636317e-01;9.474404e-02;4.904074e-02;2.483117e-02;3.790368e-02
3.306593e-02;3.128192e-02;3.131293e-02;9.355336e-02;1.075780e-01;2.923664e-01;7.004303e-02;1.151239e-01;8.516814e-02;7.538308e-02;2.945819e-02;3.566513e-02
5.746536e-02;3.831248e-02;4.526741e-02;3.486706e-02;1.491828e-01;2.547286e-01;3.915791e-02;1.302223e-01;6.335104e-02;1.253871e-01;3.546335e-02;2.659456e-02
4.628886e-02;7.527034e-02;7.712702e-02;5.503162e-02;9.526280e-02;7.499033e-02;3.724186e-02;1.855724e-01;1.411740e-01;1.394234e-01;3.508360e-02;3.753371e-02
1.065023e-01;7.080553e-02;1.051037e-01;7.798078e-02;5.996988e-02;5.005001e-02;4.775540e-02;1.629463e-01;1.615945e-01;9.604250e-02;2.377273e-02;3.747637e-02
1.566034e-01;3.479380e-02;1.382802e-01;1.076200e-01;6.285187e-02;3.743654e-02;8.703623e-02;1.254257e-01;1.534762e-01;5.476384e-02;2.344427e-02;1.826794e-02
1.355311e-01;1.822595e-02;1.832122e-01;1.248870e-01;5.204877e-02;2.864782e-02;1.147248e-01;1.311070e-01;1.558273e-01;2.492479e-02;2.097822e-02;9.885029e-03
8.017138e-02;1.538099e-02;1.592941e-01;1.459171e-01;6.321818e-02;4.002471e-02;1.233028e-01;1.531482e-01;1.739506e-01;2.491011e-02;1.756363e-02;3.118367e-03
3.594908e-02;1.065529e-02;7.759459e-02;1.420077e-01;8.588258e-02;9.132434e-02;1.356600e-01;1.769681e-01;1.928656e-01;3.451327e-02;1.314884e-02;3.430616e-03
2.664664e-02;1.842268e-02;3.063185e-02;1.094365e-01;7.397064e-02;1.265417e-01;1.659220e-01;2.021762e-01;1.991477e-01;2.987563e-02;1.002932e-02;7.199034e-03
3.313180e-02;1.781577e-02;3.924539e-02;7.958524e-02;5.054348e-02;1.553471e-01;1.759226e-01;1.863678e-01;2.170320e-01;2.925931e-02;6.970160e-03;8.779365e-03
3.526108e-02;2.081687e-02;5.945815e-02;5.399972e-02;1.385223e-02;1.853853e-01;2.265052e-01;1.505851e-01;2.126112e-01;2.112949e-02;1.437365e-02;6.022036e-03
3.298468e-02;2.394420e-02;5.206422e-02;5.861341e-02;1.888358e-02;1.326507e-01;2.539717e-01;1.478610e-01;2.105254e-01;4.541834e-02;1.691023e-02;6.172469e-03
2.421445e-02;1.607013e-02;3.827621e-02;7.088330e-02;7.120721e-02;1.385406e-01;2.005359e-01;1.678164e-01;2.135559e-01;3.331152e-02;1.864074e-02;6.947597e-03
1.915395e-02;1.899550e-02;3.658717e-02;6.351383e-02;1.019403e-01;1.703239e-01;1.168939e-01;2.432575e-01;1.791548e-01;2.995277e-02;1.417278e-02;6.053660e-03
1.892733e-02;3.672310e-02;3.786743e-02;4.041792e-02;8.060713e-02;2.266068e-01;8.424640e-02;2.763904e-01;1.369256e-01;3.276801e-02;1.945437e-02;9.065519e-03
1.586129e-02;4.276820e-02;3.344446e-02;5.239398e-02;8.173054e-02;2.676947e-01;1.061954e-01;2.002072e-01;1.250603e-01;3.748899e-02;2.434758e-02;1.280737e-02
1.861137e-02;4.069058e-02;5.041858e-02;1.044540e-01;1.573687e-01;2.603183e-01;8.331607e-02;1.048212e-01;1.072105e-01;2.927813e-02;3.002625e-02;1.348630e-02
2.619351e-02;4.281325e-02;4.958539e-02;1.085998e-01;1.628047e-01;1.932093e-01;5.083803e-02;1.491001e-01;1.264874e-01;3.865515e-02;3.750292e-02;1.421051e-02
2.469945e-02;3.570137e-02;4.211672e-02;6.251336e-02;7.026242e-02;2.056051e-01;8.171979e-02;2.043570e-01;1.525580e-01;5.349449e-02;4.954682e-02;1.742555e-02
1.734842e-02;2.924994e-02;4.794815e-02;4.481556e-02;8.322664e-02;2.078546e-01;5.748049e-02;1.885366e-01;1.707662e-01;7.276487e-02;6.315964e-02;1.684900e-02
2.723893e-02;1.429683e-02;3.153433e-02;6.260254e-02;1.302985e-01;1.585630e-01;3.719122e-02;1.439092e-01;1.663312e-01;1.552666e-01;4.891713e-02;2.385051e-02
3.261703e-02;1.681943e-02;3.366771e-02;5.533477e-02;1.373976e-01;1.236491e-01;5.413799e-02;1.186085e-01;1.389572e-01;2.060960e-01;4.842024e-02;3.429443e-02
2.883572e-02;3.171664e-02;4.667524e-02;5.001392e-02;1.113488e-01;1.332648e-01;7.004526e-02;1.248362e-01;1.255854e-01;1.855133e-01;5.087721e-02;4.128752e-02
2.655111e-02;5.227745e-02;5.606933e-02;5.783118e-02;1.001293e-01;1.477471e-01;1.061329e-01;1.459226e-01;1.049192e-01;1.327065e-01;3.517318e-02;3.454031e-02
3.226688e-02;6.852878e-02;8.188301e-02;7.104242e-02;1.202253e-01;1.341329e-01;1.361911e-01;1.287839e-01;6.552494e-02;1.111329e-01;2.793382e-02;2.235406e-02
1.859404e-02;6.624039e-02;1.146794e-01;2.686216e-02;7.914867e-02;2.033152e-01;1.105864e-01;1.435444e-01;1.136899e-01;7.067505e-02;3.690097e-02;1.576334e-02
2.626892e-02;9.223898e-02;1.202536e-01;1.789102e-02;3.305553e-02;1.763559e-01;1.606976e-01;1.575270e-01;1.025059e-01;6.902907e-02;2.674289e-02;1.743368e-02
2.165299e-02;6.249871e-02;7.162853e-02;1.086482e-02;2.686682e-02;1.361683e-01;2.230826e-01;1.758188e-01;1.529979e-01;7.285721e-02;2.758205e-02;1.798132e-02
1.196480e-02;1.889227e-02;2.166193e-02;1.155057e-02;2.555470e-02;2.118485e-01;2.662828e-01;1.474651e-01;1.587420e-01;6.696364e-02;4.195878e-02;1.711495e-02
1.571035e-02;2.390413e-02;4.704031e-02;1.090490e-02;3.029266e-02;3.103620e-01;1.857957e-01;9.285503e-02;1.224844e-01;7.607812e-02;5.840653e-02;2.616577e-02
1.950111e-02;3.260221e-02;6.811787e-02;1.271773e-02;9.073085e-02;2.883415e-01;8.131477e-02;1.010724e-01;1.308084e-01;7.302642e-02;6.641852e-02;3.534820e-02
1.799739e-02;2.957428e-02;4.921472e-02;1.047651e-02;1.657864e-01;1.777975e-01;8.974792e-02;1.715019e-01;1.222752e-01;5.531494e-02;6.055704e-02;4.975624e-02
2.230187e-02;4.476234e-02;3.684295e-02;1.198578e-02;1.963230e-01;1.094037e-01;1.097565e-01;2.296460e-01;9.495448e-02;3.750402e-02;4.298044e-02;6.353889e-02
2.432402e-02;6.680032e-02;4.098579e-02;2.172194e-02;1.658939e-01;8.831827e-02;1.596464e-01;2.362394e-01;6.240310e-02;2.726209e-02;3.070128e-02;7.570349e-02
3.100111e-02;8.535563e-02;6.107247e-02;2.527902e-02;2.015039e-01;7.610153e-02;1.735388e-01;1.867611e-01;4.294661e-02;1.639623e-02;2.350595e-02;7.653758e-02
3.776026e-02;1.100471e-01;5.703303e-02;3.244347e-02;2.310140e-01;1.237957e-01;1.512601e-01;8.088619e-02;4.647597e-02;2.937759e-02;3.309683e-02;6.680975e-02
6.923791e-02;1.119319e-01;6.537400e-02;3.668836e-02;1.802147e-01;1.344273e-01;1.271696e-01;6.044209e-02;7.330751e-02;4.152156e-02;5.011243e-02;4.957271e-02
9.990814e-02;7.159194e-02;4.959237e-02;4.324291e-02;1.253195e-01;1.732274e-01;9.771455e-02;7.748445e-02;9.659754e-02;5.742910e-02;6.236576e-02;4.552633e-02
7.413985e-02;6.140844e-02;4.255155e-02;4.046342e-02;7.883862e-02;2.222078e-01;5.435364e-02;9.792141e-02;1.270198e-01;8.216043e-02;6.859805e-02;5.033699e-02
4.878327e-02;7.405222e-02;3.511588e-02;3.442217e-02;7.633107e-02;1.691376e-01;5.234576e-02;1.261113e-01;1.708372e-01;8.769173e-02;5.771266e-02;6.745914e-02
3.343232e-02;9.313525e-02;3.740535e-02;2.572730e-02;9.256188e-02;1.558575e-01;5.209680e-02;1.495582e-01;1.721380e-01;7.313516e-02;4.418649e-02;7.076573e-02
3.267142e-02;1.659541e-01;4.440119e-02;2.274269e-02;9.505610e-02;1.555704e-01;4.501890e-02;1.305836e-01;1.483267e-01;7.080914e-02;4.055182e-02;4.831392e-02
2.850700e-02;2.190381e-01;3.345175e-02;2.335796e-02;6.086251e-02;1.192241e-01;4.081709e-02;1.261264e-01;1.991119e-01;7.678489e-02;4.143071e-02;3.128759e-02
3.419560e-02;2.175584e-01;5.894496e-02;4.263393e-02;5.622673e-02;7.721943e-02;4.429292e-02;1.243932e-01;2.133840e-01;6.879881e-02;3.141002e-02;3.094197e-02
5.634246e-02;1.590626e-01;5.488637e-02;5.644867e-02;5.713918e-02;7.309987e-02;3.919594e-02;1.470279e-01;2.355358e-01;6.033957e-02;2.836646e-02;3.255513e-02
7.941807e-02;8.540437e-02;4.742564e-02;7.720583e-02;6.845514e-02;7.518850e-02;4.233944e-02;1.901400e-01;2.210319e-01;4.481075e-02;3.580180e-02;3.277856e-02
5.858744e-02;7.746948e-02;9.155566e-02;6.780356e-02;7.207794e-02;6.431318e-02;9.105115e-02;2.696692e-01;1.129971e-01;2.753825e-02;2.860560e-02;3.833144e-02
1.986985e-02;6.459817e-02;9.254213e-02;3.410121e-02;3.480332e-02;9.850419e-02;5.914692e-02;3.055352e-01;2.016050e-01;4.382956e-02;1.377416e-02;3.169027e-02
1.883517e-02;6.890056e-02;8.865453e-02;2.507880e-02;4.596845e-02;1.003068e-01;4.305572e-02;2.925931e-01;2.050816e-01;6.930085e-02;1.745231e-02;2.477215e-02
3.522691e-02;7.604621e-02;6.034403e-02;3.183517e-02;6.787965e-02;7.454749e-02;7.259068e-02;3.042579e-01;1.507903e-01;7.887935e-02;1.798441e-02;2.961800e-02
3.364066e-02;6.883159e-02;6.691430e-02;2.691970e-02;6.239104e-02;6.524801e-02;1.254234e-01;2.547910e-01;1.876227e-01;4.928682e-02;2.249627e-02;3.643448e-02
3.738325e-02;1.071842e-01;8.475170e-02;2.529632e-02;2.054006e-02;6.161498e-02;1.167073e-01;2.337154e-01;1.934388e-01;3.709054e-02;1.748029e-02;6.479714e-02
3.016471e-02;1.671956e-01;6.877181e-02;4.335927e-02;5.380503e-02;6.630477e-02;5.838565e-02;2.113968e-01;1.701007e-01;2.735694e-02;3.341229e-02;6.974642e-02
5.351720e-02;1.781511e-01;5.025823e-02;6.243789e-02;1.012573e-01;4.641638e-02;2.791779e-02;1.830350e-01;1.600181e-01;2.769017e-02;3.153418e-02;7.776669e-02
5.969029e-02;1.312447e-01;5.904633e-02;6.578573e-02;1.317920e-01;4.156570e-02;1.765830e-02;1.650629e-01;1.450137e-01;3.931253e-02;3.966349e-02;1.041643e-01
3.183107e-02;8.857163e-02;9.555008e-02;5.809937e-02;1.223580e-01;7.812749e-02;1.714626e-02;1.882700e-01;1.111349e-01;7.348838e-02;4.199373e-02;9.342902e-02
1.764129e-02;6.134991e-02;1.650040e-01;3.831201e-02;9.248624e-02;1.043613e-01;1.530079e-02;2.427570e-01;6.874194e-02;8.354729e-02;3.036047e-02;8.013787e-02
9.219823e-03;5.286841e-02;2.215865e-01;2.725795e-02;7.356755e-02;9.841370e-02;2.660434e-02;2.859990e-01;4.997298e-02;6.114869e-02;1.843078e-02;7.493034e-02
1.303483e-02;8.713989e-02;2.249515e-01;3.373158e-02;7.036554e-02;6.478762e-02;5.426181e-02;2.939624e-01;5.231188e-02;3.384317e-02;2.803699e-02;4.357278e-02
1.652445e-02;1.102370e-01;1.873446e-01;3.906186e-02;9.632521e-02;6.115584e-02;6.157039e-02;3.011748e-01;5.044363e-02;1.725962e-02;3.555714e-02;2.334551e-02
2.157622e-02;1.498689e-01;1.187844e-01;2.340249e-02;1.336482e-01;9.715417e-02;7.077177e-02;2.688781e-01;4.268847e-02;1.050770e-02;5.101299e-02;1.170653e-02
2.500384e-02;1.650468e-01;9.626594e-02;2.925784e-02;1.397137e-01;1.191676e-01;8.490435e-02;2.078724e-01;4.154719e-02;1.700224e-02;6.182735e-02;1.239066e-02
