1.284955e-02;8.794636e-02;1.205914e-01;2.361650e-02;1.957806e-02;8.115128e-02;1.036211e-01;3.182240e-01;1.509464e-01;2.572856e-02;2.927562e-02;2.647107e-02
2.844298e-02;9.014070e-02;1.011076e-01;3.433187e-02;3.873222e-02;1.215844e-01;8.169884e-02;2.217759e-01;1.277033e-01;4.473548e-02;5.809314e-02;5.165351e-02
5.353751e-02;8.041259e-02;9.809256e-02;7.760350e-02;3.979704e-02;1.329859e-01;8.088692e-02;8.343622e-02;7.704744e-02;6.876474e-02;1.356431e-01;7.179246e-02
9.729956e-02;7.645392e-02;7.690047e-02;1.003326e-01;3.943148e-02;1.213101e-01;7.407754e-02;7.084299e-02;5.890339e-02;1.047099e-01;1.062329e-01;7.350514e-02
1.115220e-01;5.208448e-02;6.097076e-02;1.061237e-01;4.795035e-02;1.054872e-01;6.768392e-02;9.820310e-02;6.015512e-02;1.026303e-01;6.714420e-02;1.200450e-01
5.808728e-02;2.634436e-02;1.075925e-01;5.160699e-02;3.785111e-02;8.332223e-02;4.895188e-02;1.588620e-01;5.145413e-02;1.163024e-01;7.477812e-02;1.848471e-01
2.019131e-02;2.369068e-02;1.338428e-01;1.882438e-02;2.104576e-02;8.618589e-02;4.027968e-02;1.956949e-01;4.312552e-02;1.384034e-01;4.574785e-02;2.329679e-01
1.917701e-02;1.978919e-02;1.352518e-01;9.833285e-03;1.129388e-02;1.031577e-01;3.594263e-02;2.090170e-01;4.593979e-02;1.340364e-01;2.797318e-02;2.485882e-01
1.924611e-02;2.268025e-02;1.290250e-01;6.523873e-03;1.033676e-02;1.041635e-01;3.406184e-02;2.141674e-01;4.822444e-02;1.321808e-01;5.322780e-02;2.261623e-01
2.073245e-02;3.674505e-02;1.279322e-01;1.859311e-02;1.134883e-02;7.096464e-02;5.816114e-02;2.193669e-01;6.208478e-02;1.251737e-01;8.039251e-02;1.685047e-01
3.637091e-02;5.975328e-02;1.211156e-01;3.800406e-02;3.775742e-02;4.533289e-02;7.684928e-02;2.113212e-01;8.196008e-02;9.309845e-02;1.042756e-01;9.416136e-02
4.629892e-02;6.570102e-02;7.637005e-02;3.659611e-02;5.317227e-02;7.325877e-02;5.638500e-02;2.185204e-01;7.691078e-02;7.358383e-02;6.377673e-02;1.594261e-01
6.216509e-02;7.763617e-02;5.153928e-02;4.929121e-02;3.189367e-02;8.530057e-02;6.516700e-02;2.309695e-01;5.337000e-02;7.321374e-02;3.974674e-02;1.797070e-01
6.074722e-02;7.953253e-02;6.280993e-02;7.378090e-02;2.200290e-02;8.146925e-02;8.064722e-02;2.018543e-01;5.723585e-02;8.591864e-02;2.977061e-02;1.642306e-01
7.389927e-02;6.772123e-02;9.107236e-02;8.254116e-02;1.725663e-02;7.227644e-02;6.798884e-02;2.131090e-01;7.113391e-02;6.967808e-02;2.978315e-02;1.435399e-01
6.133076e-02;3.633863e-02;1.268995e-01;5.982675e-02;1.872862e-02;1.001858e-01;5.121140e-02;2.078398e-01;6.875456e-02;5.950826e-02;3.471418e-02;1.746617e-01
5.088199e-02;3.237484e-02;1.613267e-01;2.605106e-02;2.206231e-02;1.190852e-01;4.540526e-02;1.927909e-01;6.000841e-02;5.796115e-02;2.712072e-02;2.049315e-01
3.632594e-02;4.762770e-02;2.080912e-01;2.194140e-02;2.556080e-02;1.304257e-01;2.963187e-02;1.805092e-01;4.691950e-02;5.222653e-02;2.641080e-02;1.943294e-01
4.535996e-02;6.023036e-02;2.095721e-01;3.399415e-02;5.532476e-02;1.306513e-01;4.354156e-02;1.682794e-01;4.084397e-02;4.600792e-02;4.600789e-02;1.201866e-01
4.018032e-02;7.334022e-02;1.756446e-01;4.986897e-02;7.625525e-02;1.058436e-01;9.118695e-02;1.450538e-01;6.290259e-02;7.108756e-02;3.508876e-02;7.354736e-02
2.977887e-02;9.508401e-02;1.381874e-01;8.228192e-02;6.705233e-02;7.313476e-02;1.070217e-01;1.489900e-01;8.671202e-02;7.591941e-02;3.882423e-02;5.701342e-02
4.276955e-02;7.624873e-02;6.711467e-02;9.882432e-02;4.027375e-02;7.496016e-02;8.305269e-02;1.705850e-01;8.013967e-02;8.333896e-02;7.637068e-02;1.063218e-01
4.967866e-02;4.580817e-02;7.266142e-02;7.990027e-02;3.138323e-02;9.731637e-02;1.207144e-01;1.505767e-01;6.118296e-02;9.896231e-02;6.876994e-02;1.230456e-01
4.050337e-02;3.315766e-02;8.816146e-02;5.690743e-02;4.370984e-02;1.105403e-01;1.518655e-01;1.407487e-01;8.197288e-02;8.852588e-02;4.739393e-02;1.165130e-01
5.623002e-02;7.619885e-02;1.139318e-01;5.181878e-02;6.014139e-02;1.186856e-01;1.006128e-01;1.382030e-01;9.854236e-02;7.188445e-02;2.536587e-02;8.838502e-02
5.794091e-02;1.166126e-01;1.162223e-01;4.933692e-02;4.813292e-02;1.175986e-01;9.138060e-02;1.365529e-01;7.195523e-02;5.256563e-02;4.658220e-02;9.511918e-02
4.761985e-02;1.132112e-01;1.171283e-01;4.359045e-02;3.230777e-02;1.419451e-01;1.148849e-01;7.920206e-02;6.656313e-02;5.036113e-02;1.225623e-01;7.062381e-02
4.918412e-02;8.513365e-02;1.196002e-01;3.436720e-02;4.224276e-02;1.747249e-01;1.001548e-01;5.453997e-02;5.552494e-02;4.721795e-02;1.951454e-01;4.216415e-02
4.126275e-02;8.711250e-02;9.542537e-02;3.500029e-02;4.556245e-02;1.846306e-01;7.557268e-02;8.648431e-02;3.998349e-02;5.784429e-02;2.081558e-01;4.296545e-02
2.681473e-02;1.401666e-01;5.277326e-02;5.427493e-02;6.693762e-02;1.206571e-01;5.985653e-02;1.307012e-01;3.276616e-02;1.162969e-01;1.393987e-01;5.935625e-02
1.611490e-02;1.794270e-01;2.772186e-02;4.604983e-02;1.099532e-01;4.698705e-02;3.469825e-02;1.445073e-01;3.851186e-02;1.991473e-01;6.393600e-02;9.294536e-02
1.171979e-02;1.960037e-01;1.425598e-02;2.383487e-02;1.295972e-01;3.196215e-02;1.818742e-02;1.332149e-01;4.519102e-02;2.463183e-01;4.090896e-02;1.088057e-01
1.361006e-02;1.905755e-01;1.289018e-02;1.548725e-02;1.221792e-01;2.071320e-02;1.249307e-02;1.201142e-01;5.059898e-02;2.753401e-01;2.602476e-02;1.399736e-01
2.436010e-02;1.674700e-01;2.039422e-02;1.544446e-02;1.125106e-01;2.287359e-02;1.934666e-02;1.035740e-01;6.051539e-02;2.806392e-01;2.502223e-02;1.478495e-01
2.330576e-02;1.507104e-01;2.073989e-02;2.526626e-02;1.102477e-01;4.135735e-02;3.009515e-02;1.131448e-01;6.927928e-02;2.653570e-01;3.101153e-02;1.194849e-01
1.019719e-02;1.270849e-01;1.903373e-02;3.616839e-02;1.040125e-01;9.039769e-02;3.176861e-02;1.499688e-01;6.287151e-02;2.340264e-01;6.670012e-02;6.777009e-02
1.061714e-02;1.035526e-01;2.645573e-02;3.709194e-02;9.373754e-02;1.486307e-01;3.709570e-02;1.486858e-01;5.238920e-02;1.916345e-01;1.093868e-01;4.072243e-02
1.380011e-02;1.099311e-01;2.705917e-02;3.330403e-02;9.752410e-02;1.875614e-01;2.855540e-02;1.168749e-01;5.391838e-02;1.800164e-01;1.133723e-01;3.808278e-02
2.290753e-02;1.051321e-01;4.014914e-02;3.319568e-02;1.345047e-01;2.006692e-01;2.837492e-02;8.184518e-02;7.044365e-02;1.457066e-01;1.080008e-01;2.907041e-02
2.470971e-02;1.087219e-01;3.023221e-02;5.304108e-02;1.854865e-01;1.247782e-01;4.229833e-02;7.881252e-02;1.130787e-01;1.275664e-01;6.956214e-02;4.171230e-02
3.366011e-02;1.457658e-01;2.868758e-02;4.258566e-02;1.717886e-01;3.681001e-02;4.179961e-02;1.140523e-01;1.293889e-01;1.517480e-01;4.080564e-02;6.290786e-02
2.942304e-02;1.391639e-01;3.302534e-02;3.556638e-02;1.367470e-01;5.375796e-02;2.831441e-02;1.061762e-01;1.403710e-01;1.676904e-01;6.578210e-02;6.398223e-02
2.694940e-02;1.239973e-01;3.349962e-02;4.151334e-02;1.037703e-01;7.678313e-02;2.607398e-02;1.007085e-01;1.465856e-01;1.481919e-01;8.041264e-02;9.151425e-02
1.705111e-02;1.267429e-01;3.513927e-02;5.376459e-02;8.810160e-02;6.171913e-02;2.851355e-02;1.148627e-01;1.426954e-01;1.330878e-01;8.281310e-02;1.155088e-01
1.851661e-02;1.011899e-01;4.616774e-02;4.577074e-02;9.220181e-02;5.118173e-02;2.754967e-02;1.234793e-01;1.469640e-01;1.550926e-01;6.551445e-02;1.263715e-01
2.620372e-02;9.324684e-02;4.307950e-02;3.093673e-02;9.958634e-02;6.868216e-02;3.713219e-02;1.314907e-01;1.058992e-01;1.943356e-01;5.842275e-02;1.109843e-01
3.231453e-02;1.379124e-01;3.738541e-02;4.083923e-02;1.096319e-01;9.876112e-02;5.813994e-02;1.246203e-01;1.020563e-01;1.477106e-01;5.437645e-02;5.625193e-02
1.665909e-02;1.347754e-01;3.151352e-02;3.789371e-02;1.251240e-01;1.884920e-01;9.912197e-02;9.029858e-02;8.562612e-02;1.004808e-01;6.697935e-02;2.303559e-02
1.202627e-02;7.284057e-02;2.031022e-02;2.146786e-02;8.856761e-02;3.105265e-01;1.795749e-01;7.047518e-02;5.811723e-02;7.210042e-02;6.473400e-02;2.925922e-02
1.736443e-02;4.172552e-02;2.290341e-02;1.465773e-02;5.601011e-02;3.033837e-01;2.037503e-01;1.037635e-01;5.584609e-02;9.020500e-02;6.026526e-02;3.012498e-02
2.761010e-02;3.552723e-02;1.861059e-02;2.427248e-02;8.181892e-02;2.217899e-01;1.573548e-01;1.006107e-01;6.573362e-02;1.781383e-01;5.820380e-02;3.032971e-02
6.109053e-02;2.893394e-02;2.234232e-02;5.327026e-02;9.037487e-02;1.152814e-01;1.114998e-01;7.783564e-02;1.388839e-01;2.269512e-01;4.973191e-02;2.380425e-02
9.584755e-02;3.106483e-02;1.704405e-02;8.213834e-02;6.452933e-02;3.638927e-02;1.341175e-01;6.997474e-02;2.406135e-01;1.707475e-01;3.867673e-02;1.885669e-02
8.365294e-02;3.584434e-02;2.542921e-02;8.702144e-02;5.006331e-02;4.002291e-02;1.374171e-01;9.292216e-02;2.662019e-01;1.217879e-01;3.346580e-02;2.617098e-02
5.562325e-02;4.560322e-02;4.049611e-02;8.590231e-02;2.876783e-02;7.248870e-02;1.159261e-01;1.529329e-01;2.468809e-01;1.023455e-01;2.683695e-02;2.619616e-02
1.097419e-02;6.301981e-02;5.743941e-02;6.243259e-02;3.771132e-02;8.420558e-02;8.404910e-02;2.105841e-01;1.481059e-01;1.769596e-01;3.594957e-02;2.856872e-02
3.951899e-02;5.987516e-02;3.960469e-02;4.703213e-02;9.723635e-02;9.153537e-02;8.441837e-02;1.623323e-01;1.554286e-01;8.850897e-02;8.843234e-02;4.607674e-02
2.678468e-02;5.520464e-02;3.621938e-02;6.653832e-02;8.818910e-02;5.625710e-02;8.152009e-02;1.157561e-01;1.643724e-01;1.334230e-01;1.163889e-01;5.934628e-02
3.533191e-02;7.385855e-02;5.490046e-02;5.929921e-02;4.980462e-02;5.306644e-02;7.991885e-02;1.176325e-01;1.818392e-01;1.438006e-01;9.301825e-02;5.752935e-02
4.814504e-02;7.455356e-02;4.285704e-02;3.222172e-02;5.712746e-02;8.981632e-02;1.235422e-01;1.117835e-01;1.744973e-01;1.064545e-01;6.811517e-02;7.088606e-02
3.757554e-02;5.449551e-02;2.823192e-02;2.245999e-02;6.461842e-02;9.699320e-02;1.080445e-01;9.912986e-02;1.781788e-01;2.050812e-01;5.647592e-02;4.871514e-02
5.002703e-02;5.469323e-02;4.922230e-02;4.531970e-02;6.825472e-02;6.746615e-02;5.994641e-02;9.477238e-02;1.743913e-01;2.474237e-01;5.465532e-02;3.382777e-02
6.461643e-02;5.047196e-02;4.992080e-02;5.338831e-02;8.862355e-02;9.410787e-02;5.566899e-02;9.835239e-02;2.183383e-01;1.363370e-01;3.270585e-02;5.746857e-02
6.264818e-02;3.618355e-02;4.894232e-02;3.209265e-02;5.406772e-02;1.003415e-01;6.612556e-02;1.171915e-01;1.922046e-01;1.762597e-01;6.750033e-02;4.644236e-02
5.105797e-02;2.694828e-02;5.497407e-02;4.141250e-02;3.333388e-02;9.485945e-02;5.170408e-02;1.308037e-01;1.553555e-01;2.467622e-01;6.648539e-02;4.630303e-02
2.977472e-02;5.303093e-02;5.884009e-02;5.344202e-02;4.686701e-02;1.030976e-01;6.567560e-02;1.257473e-01;1.367908e-01;1.855742e-01;8.408257e-02;5.707715e-02
6.312079e-02;6.986816e-02;4.039528e-02;4.782219e-02;4.675484e-02;1.266502e-01;1.308027e-01;1.152785e-01;1.420450e-01;9.111126e-02;8.596870e-02;4.018242e-02
8.389863e-02;5.375560e-02;3.417305e-02;4.197070e-02;4.270161e-02;1.166223e-01;1.420271e-01;1.292592e-01;1.567325e-01;8.785580e-02;7.038197e-02;4.062155e-02
7.041765e-02;7.571025e-02;3.439282e-02;4.319375e-02;4.065831e-02;1.041991e-01;9.753388e-02;1.033401e-01;1.672794e-01;1.482653e-01;7.321654e-02;4.179301e-02
5.045510e-02;1.267002e-01;5.710647e-02;4.555165e-02;5.392357e-02;9.220625e-02;5.220390e-02;8.627136e-02;1.588660e-01;1.509148e-01;8.029349e-02;4.550718e-02
4.993380e-02;1.661912e-01;5.987139e-02;3.774518e-02;5.834690e-02;9.346075e-02;6.768152e-02;9.633289e-02;1.661342e-01;1.107708e-01;5.156068e-02;4.197074e-02
5.306789e-02;1.270030e-01;4.076028e-02;3.353136e-02;3.661189e-02;1.569928e-01;1.057533e-01;8.210196e-02;1.452881e-01;1.560241e-01;2.694152e-02;3.592382e-02
5.785639e-02;7.400493e-02;4.324961e-02;5.620914e-02;3.433148e-02;1.589575e-01;9.158976e-02;9.581099e-02;1.483977e-01;1.637915e-01;3.201804e-02;4.378298e-02
3.103526e-02;5.839442e-02;4.523598e-02;5.588320e-02;5.806307e-02;1.385246e-01;1.032871e-01;1.115096e-01;1.443834e-01;1.775502e-01;4.692976e-02;2.920352e-02
3.763391e-02;8.035812e-02;9.733918e-02;7.520098e-02;3.676486e-02;5.484367e-02;1.000680e-01;1.179911e-01;1.367338e-01;1.641765e-01;6.649773e-02;3.239208e-02
2.581742e-02;6.921027e-02;8.792878e-02;1.122737e-01;3.001394e-02;9.002782e-02;2.379711e-01;1.451543e-01;6.178616e-02;5.586851e-02;2.038071e-02;6.356733e-02
1.869966e-02;4.429790e-02;4.893904e-02;1.368978e-01;1.469126e-02;5.097773e-02;3.597353e-01;1.536660e-01;2.894854e-02;3.239799e-02;1.836077e-02;9.238800e-02
7.796932e-03;2.150896e-02;2.915388e-02;1.228172e-01;1.393292e-02;7.577982e-02;4.207162e-01;1.260484e-01;2.502600e-02;3.174847e-02;3.150437e-02;9.396688e-02
6.273865e-03;1.216569e-02;5.041454e-02;7.550193e-02;2.386378e-02;1.262640e-01;4.118906e-01;7.166000e-02;3.421589e-02;2.858175e-02;7.332228e-02;8.584563e-02
1.021908e-02;1.788278e-02;7.931591e-02;4.972802e-02;3.237325e-02;1.935226e-01;3.515138e-01;2.993604e-02;4.151704e-02;9.210605e-03;9.849953e-02;8.628134e-02
1.063537e-02;1.211164e-02;8.746351e-02;2.587379e-02;3.491268e-02;2.366213e-01;3.115056e-01;2.426474e-02;4.105447e-02;1.540048e-02;1.120318e-01;8.812454e-02
8.256069e-03;1.890121e-02;6.321730e-02;8.868863e-02;1.677759e-02;1.660606e-01;3.536716e-01;2.772877e-02;2.692162e-02;1.092698e-02;7.688443e-02;1.419651e-01
1.162450e-02;1.768190e-02;4.844044e-02;1.440950e-01;1.025228e-02;1.020642e-01;3.950873e-01;1.889031e-02;1.501410e-02;9.823866e-03;4.091398e-02;1.861122e-01
1.537612e-02;1.193417e-02;2.240399e-02;1.992850e-01;1.475314e-02;7.203795e-02;3.817325e-01;3.641621e-02;1.307494e-02;1.921905e-02;1.727344e-02;1.964934e-01
2.440724e-02;2.105911e-02;1.284471e-02;2.265750e-01;1.561733e-02;4.537306e-02;3.310292e-01;6.798344e-02;1.589811e-02;3.352727e-02;8.310129e-03;1.973754e-01
3.070487e-02;2.167231e-02;2.009564e-02;1.881324e-01;1.982801e-02;5.025825e-02;3.143490e-01;1.058539e-01;1.793377e-02;4.354639e-02;9.152481e-03;1.784730e-01
6.894290e-02;2.263617e-02;1.742712e-02;1.280614e-01;3.550572e-02;3.276171e-02;2.822655e-01;2.140045e-01;1.752500e-02;3.600688e-02;1.492340e-02;1.299396e-01
1.226402e-01;2.614031e-02;2.850274e-02;8.319470e-02;8.141132e-02;3.367004e-02;1.632427e-01;3.629164e-01;1.978182e-02;1.647659e-02;1.260538e-02;4.941783e-02
1.577520e-01;2.896827e-02;3.198317e-02;4.649000e-02;1.029883e-01;3.039763e-02;3.691448e-02;4.551460e-01;3.512714e-02;1.574437e-02;2.414365e-02;3.434504e-02
1.488549e-01;2.743604e-02;3.269044e-02;3.251393e-02;1.015629e-01;2.053453e-02;6.832677e-02;4.093194e-01;3.885366e-02;1.190936e-02;7.252587e-02;3.547234e-02
1.298883e-01;3.944121e-02;3.473075e-02;1.745809e-02;1.109609e-01;2.173125e-02;5.864515e-02;3.467512e-01;3.873390e-02;2.130058e-02;1.510219e-01;2.933675e-02
1.020278e-01;4.794756e-02;3.375491e-02;1.498965e-02;1.042283e-01;2.152156e-02;5.327265e-02;3.146518e-01;3.989096e-02;2.625695e-02;1.944192e-01;4.703869e-02
7.884683e-02;7.543793e-02;4.448211e-02;3.289196e-02;7.297079e-02;1.909478e-02;4.303170e-02;3.384929e-01;3.607029e-02;1.531498e-02;1.862214e-01;5.714433e-02
4.974895e-02;1.023507e-01;6.283613e-02;6.069041e-02;4.631385e-02;2.441309e-02;1.081393e-01;3.246972e-01;3.117399e-02;1.930469e-02;1.161012e-01;5.423051e-02
3.328028e-02;1.006171e-01;9.782214e-02;5.866377e-02;4.022213e-02;3.106383e-02;1.272706e-01;2.771173e-01;5.589089e-02;2.113795e-02;9.666168e-02;6.025238e-02
5.328679e-02;5.913151e-02;1.195472e-01;5.808645e-02;3.768025e-02;5.265039e-02;1.181659e-01;2.736843e-01;8.569107e-02;1.852677e-02;9.270983e-02;3.083954e-02
6.682661e-02;6.114279e-02;1.049619e-01;6.840841e-02;4.983429e-02;5.170206e-02;1.742548e-01;1.799565e-01;5.350247e-02;1.953069e-02;7.090829e-02;9.897118e-02
7.386018e-02;1.073059e-01;1.098219e-01;6.880866e-02;3.718745e-02;3.555968e-02;1.761274e-01;1.118119e-01;5.195669e-02;1.704965e-02;5.641185e-02;1.540986e-01
6.269848e-02;7.762201e-02;9.412540e-02;6.646625e-02;5.023434e-02;5.160417e-02;1.562167e-01;1.922310e-01;6.223554e-02;2.692012e-02;5.247414e-02;1.071719e-01
1.006425e-01;3.931145e-02;6.579537e-02;9.213350e-02;6.250101e-02;6.135818e-02;2.009472e-01;1.915384e-01;4.184465e-02;3.063859e-02;5.754154e-02;5.574756e-02
9.713106e-02;5.701403e-02;6.473581e-02;7.396356e-02;5.575613e-02;6.087919e-02;2.477146e-01;1.369912e-01;3.460702e-02;2.420009e-02;4.052865e-02;1.064786e-01
1.013129e-01;7.551039e-02;7.048192e-02;4.790704e-02;4.936513e-02;3.840509e-02;2.672158e-01;1.428326e-01;4.945919e-02;1.935145e-02;5.285446e-02;8.530399e-02
1.149561e-01;7.640780e-02;5.781065e-02;2.832499e-02;5.197607e-02;4.372437e-02;2.172570e-01;2.314739e-01;5.029215e-02;2.016572e-02;7.281924e-02;3.479198e-02
8.918389e-02;4.848830e-02;3.755290e-02;3.878422e-02;6.266895e-02;2.700979e-02;1.322564e-01;3.583650e-01;3.777410e-02;2.367755e-02;9.073235e-02;5.350655e-02
6.392378e-02;5.684705e-02;4.534557e-02;8.401904e-02;8.293590e-02;3.597833e-02;9.989136e-02;3.619838e-01;2.719270e-02;1.997204e-02;9.318945e-02;2.872098e-02
9.887145e-02;8.342861e-02;6.996890e-02;8.067030e-02;8.550855e-02;3.393915e-02;8.383706e-02;2.661869e-01;3.388551e-02;2.494400e-02;9.652372e-02;4.223581e-02
1.428079e-01;8.771565e-02;7.149997e-02;3.364784e-02;7.748873e-02;5.323737e-02;7.204156e-02;2.304945e-01;4.441558e-02;2.766370e-02;7.625189e-02;8.273533e-02
1.284023e-01;7.953305e-02;5.605658e-02;7.145269e-02;6.215477e-02;9.063661e-02;1.446626e-01;1.371556e-01;5.337049e-02;3.792644e-02;3.760240e-02;1.010466e-01
1.036954e-01;6.200935e-02;5.320036e-02;8.577496e-02;4.169659e-02;9.666486e-02;2.128690e-01;1.176556e-01;4.681878e-02;4.380367e-02;3.175943e-02;1.040520e-01
9.134024e-02;4.855936e-02;4.726069e-02;7.854932e-02;4.640258e-02;9.100442e-02;1.807360e-01;1.391085e-01;5.056686e-02;3.762569e-02;5.891167e-02;1.299347e-01
5.626424e-02;3.214994e-02;4.569593e-02;5.069724e-02;5.971597e-02;8.013391e-02;1.531289e-01;1.505136e-01;9.652526e-02;4.289819e-02;8.225281e-02;1.500240e-01
1.702128e-02;3.162688e-02;4.332327e-02;5.275501e-02;6.266106e-02;7.187506e-02;1.823414e-01;1.714551e-01;1.587220e-01;5.001246e-02;8.392163e-02;7.428492e-02
4.107515e-02;3.883171e-02;5.970703e-02;4.506170e-02;7.652337e-02;1.025239e-01;8.848809e-02;2.056521e-01;1.538885e-01;6.403621e-02;8.151034e-02;4.270187e-02
5.449950e-02;3.756832e-02;6.731717e-02;5.080494e-02;7.765539e-02;1.044088e-01;1.340863e-01;1.996042e-01;1.023309e-01;6.103721e-02;6.096420e-02;4.972315e-02
4.886492e-02;4.701604e-02;6.262214e-02;6.906977e-02;6.660281e-02;1.147829e-01;1.394256e-01;1.935794e-01;1.034722e-01;3.208743e-02;5.009192e-02;7.238488e-02
2.763790e-02;5.144680e-02;5.007885e-02;7.433140e-02;8.495858e-02;1.091176e-01;1.102324e-01;1.973021e-01;1.435913e-01;5.056883e-02;5.048366e-02;5.025064e-02
5.957966e-02;3.872281e-02;1.925002e-02;7.516221e-02;8.180296e-02;7.640328e-02;1.045580e-01;2.101608e-01;1.824283e-01;5.887828e-02;3.948679e-02;5.356682e-02
6.136370e-02;3.763654e-02;3.232119e-02;7.301287e-02;5.837044e-02;3.756421e-02;1.020732e-01;2.848391e-01;1.635078e-01;3.630048e-02;3.309660e-02;7.991395e-02
5.207514e-02;3.220256e-02;3.862641e-02;5.792158e-02;6.167273e-02;7.174948e-02;8.363286e-02;3.544184e-01;1.304606e-01;2.859252e-02;3.256699e-02;5.608069e-02
3.540267e-02;5.377096e-02;5.855536e-02;2.973968e-02;7.676579e-02;8.654206e-02;1.611522e-01;3.214163e-01;7.566568e-02;3.219038e-02;4.804771e-02;2.075123e-02
5.012798e-02;7.827074e-02;6.760340e-02;4.160066e-02;7.868548e-02;8.577993e-02;1.590575e-01;2.571940e-01;8.453398e-02;3.143821e-02;4.177350e-02;2.393461e-02
7.660957e-02;6.871765e-02;7.461962e-02;2.904319e-02;5.102142e-02;6.922944e-02;1.871015e-01;2.339909e-01;1.186121e-01;3.185412e-02;3.608312e-02;2.311737e-02
8.049230e-02;6.117564e-02;6.191067e-02;2.594710e-02;2.872457e-02;5.667477e-02;1.617468e-01;2.478362e-01;1.311552e-01;3.630517e-02;5.039271e-02;5.763889e-02
7.216210e-02;7.281409e-02;7.652212e-02;4.446141e-02;4.034286e-02;5.484685e-02;5.680648e-02;3.303009e-01;1.086005e-01;3.643164e-02;5.960004e-02;4.711099e-02
5.592392e-02;6.241970e-02;8.884674e-02;6.748923e-02;4.157112e-02;6.447637e-02;1.747473e-01;2.420177e-01;7.923151e-02;4.239100e-02;4.874413e-02;3.214135e-02
9.237447e-02;7.977898e-02;8.179013e-02;8.603916e-02;3.921110e-02;6.114288e-02;1.913280e-01;1.326735e-01;1.152643e-01;3.669811e-02;6.289189e-02;2.080752e-02
1.098399e-01;7.294199e-02;5.475390e-02;8.953133e-02;2.678207e-02;4.683752e-02;1.623443e-01;1.411364e-01;1.138715e-01;5.613289e-02;6.950254e-02;5.632575e-02
8.861645e-02;6.013415e-02;4.235961e-02;7.967944e-02;3.664259e-02;4.774492e-02;1.072230e-01;1.714946e-01;1.138868e-01;1.021928e-01;7.848174e-02;7.154378e-02
7.064795e-02;7.839857e-02;5.786023e-02;7.286441e-02;3.351092e-02;5.363049e-02;1.129166e-01;1.478676e-01;1.221875e-01;1.075400e-01;7.125214e-02;7.132355e-02
6.778339e-02;7.538371e-02;7.673193e-02;5.459181e-02;3.923114e-02;4.474813e-02;1.708539e-01;1.414244e-01;1.446046e-01;6.979602e-02;7.303367e-02;4.181731e-02
5.701036e-02;5.369913e-02;7.941489e-02;6.283612e-02;4.700521e-02;7.833081e-02;1.620779e-01;1.672721e-01;1.265571e-01;6.824879e-02;5.774369e-02;3.980391e-02
5.831137e-02;1.239924e-01;1.383829e-01;5.730987e-02;3.874401e-02;1.273740e-01;3.274457e-02;1.766905e-01;9.269729e-02;5.587325e-02;5.839012e-02;3.948970e-02
5.883892e-02;1.234164e-01;1.321922e-01;4.685888e-02;3.427457e-02;1.874052e-01;8.265045e-02;1.255426e-01;8.071560e-02;4.609641e-02;5.041388e-02;3.159489e-02
4.196306e-02;6.730206e-02;7.774507e-02;4.524277e-02;4.058727e-02;3.230035e-01;8.070941e-02;9.980545e-02;8.440147e-02;4.679367e-02;6.050518e-02;3.194110e-02
1.947039e-02;2.042308e-02;3.476448e-02;6.020422e-02;3.338113e-02;4.243750e-01;1.677773e-01;5.375062e-02;5.926638e-02;3.489957e-02;6.234320e-02;2.934472e-02
1.121829e-02;2.558714e-02;2.787440e-02;7.336755e-02;5.837632e-02;4.512641e-01;1.361465e-01;5.351789e-02;5.757429e-02;3.277537e-02;4.986349e-02;2.243470e-02
8.509804e-03;4.784377e-02;2.466835e-02;9.727459e-02;8.155601e-02;4.052952e-01;8.034481e-02;7.799677e-02;5.371834e-02;5.241567e-02;5.659673e-02;1.377998e-02
5.613631e-03;6.620862e-02;1.773652e-02;1.138397e-01;1.130642e-01;2.803221e-01;5.993430e-02;1.167439e-01;6.355144e-02;9.624676e-02;5.040269e-02;1.633614e-02
1.101281e-02;9.113897e-02;2.335859e-02;9.720150e-02;1.398004e-01;1.840617e-01;2.718968e-02;1.373232e-01;9.009192e-02;1.333625e-01;4.712621e-02;1.833255e-02
1.530682e-02;1.130199e-01;2.331751e-02;8.235449e-02;1.478703e-01;1.433648e-01;4.199294e-02;1.262764e-01;9.516446e-02;1.395954e-01;4.771100e-02;2.402584e-02
1.709160e-02;1.175875e-01;2.680891e-02;9.047201e-02;1.538812e-01;1.124107e-01;4.673719e-02;1.140637e-01;9.106895e-02;1.296681e-01;6.719279e-02;3.301738e-02
2.218908e-02;8.584375e-02;3.666466e-02;9.618834e-02;1.394728e-01;1.841466e-01;8.079846e-02;7.906251e-02;7.013113e-02;8.310497e-02;9.500207e-02;2.739569e-02
2.775969e-02;8.345027e-02;5.787279e-02;1.001850e-01;1.227368e-01;2.282447e-01;9.603824e-02;7.708973e-02;6.545281e-02;3.976246e-02;8.022600e-02;2.118144e-02
3.280295e-02;9.273953e-02;6.170283e-02;7.832646e-02;1.051619e-01;2.326955e-01;6.988227e-02;1.091817e-01;8.125987e-02;4.303297e-02;6.108495e-02;3.212909e-02
5.058760e-02;7.317151e-02;6.391521e-02;4.012891e-02;9.920598e-02;2.146328e-01;5.942920e-02;1.107368e-01;1.043618e-01;7.220218e-02;7.019331e-02;4.143466e-02
5.523369e-02;4.063955e-02;5.236641e-02;7.141300e-02;1.177350e-01;2.085734e-01;3.301399e-02;1.322663e-01;1.415604e-01;6.592181e-02;4.446525e-02;3.681124e-02
5.504776e-02;4.093435e-02;4.566546e-02;1.011729e-01;1.065812e-01;1.345286e-01;6.987192e-02;1.396821e-01;1.362118e-01;6.472187e-02;5.999479e-02;4.558735e-02
5.283152e-02;6.139010e-02;5.940955e-02;1.386726e-01;8.319894e-02;5.644341e-02;5.362611e-02;1.419201e-01;1.211724e-01;9.368638e-02;9.546513e-02;4.218373e-02
4.269466e-02;7.322676e-02;7.238779e-02;9.701433e-02;8.062346e-02;7.271674e-02;4.275020e-02;1.518797e-01;1.432249e-01;1.096046e-01;9.129167e-02;2.258518e-02
3.310457e-02;8.427365e-02;6.474672e-02;5.900085e-02;1.044463e-01;1.374563e-01;3.233558e-02;1.530215e-01;1.465807e-01;1.061337e-01;5.955745e-02;1.934269e-02
2.932299e-02;7.367834e-02;6.238861e-02;6.599277e-02;1.141426e-01;1.799790e-01;3.413343e-02;1.582279e-01;1.258630e-01;9.878112e-02;2.875948e-02;2.873075e-02
4.062060e-02;7.245897e-02;7.483979e-02;5.650335e-02;9.419396e-02;1.597532e-01;4.562378e-02;1.644890e-01;1.062545e-01;1.009626e-01;5.421738e-02;3.008285e-02
4.500753e-02;9.199645e-02;7.160175e-02;4.260810e-02;7.851262e-02;1.525748e-01;7.612432e-02;1.240796e-01;1.093119e-01;6.840385e-02;9.150288e-02;4.827616e-02
6.139002e-02;6.491356e-02;6.881417e-02;4.788322e-02;7.811296e-02;1.579650e-01;4.819982e-02;1.173872e-01;1.030460e-01;9.927239e-02;7.100157e-02;8.201412e-02
6.299988e-02;5.908820e-02;8.066321e-02;5.027401e-02;5.686706e-02;1.507779e-01;3.912237e-02;1.362154e-01;9.735026e-02;1.046452e-01;6.127273e-02;1.007238e-01
5.615152e-02;8.329380e-02;7.825563e-02;3.284208e-02;6.418511e-02;1.008907e-01;4.543829e-02;1.409632e-01;1.088993e-01;1.251688e-01;4.498952e-02;1.189222e-01
4.176048e-02;1.248361e-01;1.026707e-01;2.196457e-02;5.256852e-02;1.527492e-01;8.170031e-02;1.017103e-01;1.055454e-01;6.589069e-02;8.345416e-02;6.514961e-02
3.011307e-02;1.212264e-01;1.063393e-01;3.229186e-02;4.002147e-02;1.994073e-01;1.775511e-01;1.252478e-01;7.112066e-02;2.542420e-02;4.360959e-02;2.764723e-02
3.541525e-02;8.619878e-02;6.698833e-02;4.313928e-02;2.313855e-02;1.629275e-01;2.991716e-01;1.419449e-01;4.517067e-02;2.475858e-02;1.362302e-02;5.752352e-02
4.223212e-02;6.470455e-02;3.118173e-02;6.327672e-02;2.164780e-02;7.962712e-02;3.521759e-01;1.484023e-01;5.526874e-02;3.228209e-02;2.089599e-02;8.830494e-02
3.978881e-02;6.803108e-02;3.644716e-02;7.996812e-02;2.860408e-02;7.790083e-02;3.196223e-01;1.088262e-01;5.236610e-02;4.146456e-02;2.681261e-02;1.201681e-01
2.700848e-02;6.930633e-02;5.112469e-02;7.547046e-02;1.973769e-02;8.818243e-02;3.484158e-01;7.191215e-02;5.642147e-02;4.344419e-02;2.778924e-02;1.211871e-01
1.760207e-02;3.837128e-02;5.935727e-02;6.736430e-02;2.814592e-02;9.623115e-02;3.788423e-01;5.777843e-02;6.517588e-02;5.193929e-02;3.284245e-02;1.063496e-01
2.123599e-02;5.021550e-02;5.381392e-02;5.104725e-02;2.389138e-02;1.446213e-01;3.492689e-01;5.502720e-02;6.457196e-02;6.070982e-02;3.892086e-02;8.667591e-02
2.708709e-02;6.848416e-02;6.356221e-02;3.803783e-02;1.696927e-02;1.624733e-01;2.963324e-01;5.319224e-02;6.451801e-02;6.567391e-02;7.135578e-02;7.231383e-02
2.546860e-02;5.141028e-02;5.440996e-02;3.877910e-02;2.395491e-02;1.281390e-01;2.316680e-01;7.774460e-02;1.021724e-01;9.123015e-02;1.077519e-01;6.727121e-02
3.215883e-02;5.546108e-02;8.541242e-02;3.672830e-02;2.157598e-02;1.075004e-01;1.475636e-01;1.231299e-01;1.577624e-01;1.384408e-01;4.756312e-02;4.670319e-02
4.110745e-02;1.020530e-01;1.121480e-01;3.076771e-02;1.366735e-02;1.735867e-01;5.905271e-02;8.902947e-02;1.378002e-01;1.171326e-01;1.079810e-01;1.567390e-02
3.644232e-02;1.042875e-01;7.761882e-02;3.866635e-02;3.120711e-02;2.162352e-01;1.038085e-01;8.925603e-02;1.189279e-01;9.632868e-02;6.170931e-02;2.551230e-02
3.108392e-02;8.116005e-02;5.014648e-02;3.968627e-02;2.633727e-02;1.683510e-01;2.071437e-01;9.979407e-02;1.191816e-01;9.177950e-02;5.391828e-02;3.141771e-02
2.074782e-02;3.244568e-02;4.645930e-02;4.239628e-02;4.840600e-02;2.214425e-01;2.116072e-01;8.063216e-02;1.334327e-01;9.025197e-02;4.530290e-02;2.687540e-02
1.637373e-02;3.405248e-02;3.079277e-02;3.409509e-02;6.702773e-02;2.691364e-01;1.295485e-01;1.081887e-01;1.389018e-01;7.562555e-02;5.244153e-02;4.381581e-02
2.877438e-02;6.487671e-02;4.843434e-02;3.480787e-02;8.508731e-02;2.259406e-01;7.373495e-02;1.508959e-01;1.473854e-01;4.874468e-02;3.906746e-02;5.225042e-02
4.110237e-02;6.376888e-02;4.995694e-02;2.450583e-02;8.842716e-02;1.474960e-01;1.016071e-01;1.673503e-01;1.479178e-01;5.786447e-02;5.242594e-02;5.757714e-02
3.355665e-02;8.717398e-02;5.492085e-02;4.363107e-02;6.416702e-02;6.859229e-02;1.648854e-01;1.842716e-01;1.697793e-01;4.306415e-02;3.797786e-02;4.797987e-02
2.734089e-02;9.428532e-02;8.619060e-02;4.416418e-02;4.506207e-02;6.625620e-02;1.705179e-01;1.504657e-01;1.568279e-01;6.703517e-02;4.810792e-02;4.374617e-02
2.385552e-02;8.180124e-02;7.309981e-02;4.413760e-02;4.202238e-02;1.248165e-01;1.736234e-01;9.170289e-02;1.387785e-01;6.869060e-02;6.685840e-02;7.061306e-02
3.330585e-02;7.981080e-02;6.345246e-02;2.983472e-02;4.089469e-02;1.731357e-01;1.737112e-01;9.164374e-02;1.271502e-01;5.009877e-02;3.290317e-02;1.040587e-01
3.018622e-02;8.116122e-02;6.150635e-02;3.116396e-02;4.246617e-02;1.717327e-01;1.602771e-01;9.967749e-02;9.985895e-02;4.952579e-02;6.325604e-02;1.091880e-01
3.391799e-02;1.011159e-01;5.679504e-02;3.934565e-02;4.870628e-02;1.325542e-01;1.546676e-01;1.089639e-01;1.137282e-01;5.487816e-02;3.608670e-02;1.192404e-01
3.636839e-02;8.072986e-02;7.648899e-02;2.382301e-02;5.384202e-02;1.259554e-01;1.323018e-01;1.089287e-01;1.765841e-01;6.330062e-02;2.996788e-02;9.170922e-02
3.741676e-02;6.149460e-02;4.469114e-02;4.674140e-02;7.093878e-02;1.913696e-01;9.466409e-02;1.045123e-01;1.590359e-01;7.287034e-02;5.835974e-02;5.790532e-02
3.491022e-02;7.026821e-02;4.162689e-02;4.187749e-02;7.621551e-02;2.436278e-01;9.723353e-02;1.099854e-01;1.152104e-01;6.193757e-02;6.029535e-02;4.681157e-02
3.786117e-02;4.981493e-02;2.528177e-02;3.291085e-02;7.207046e-02;2.777097e-01;1.075333e-01;1.328004e-01;1.282935e-01;6.563774e-02;2.506226e-02;4.502391e-02
2.884436e-02;3.936578e-02;3.610088e-02;1.097005e-02;4.561844e-02;2.519263e-01;1.243849e-01;1.322239e-01;1.860504e-01;4.410205e-02;5.457018e-02;4.584280e-02
2.657931e-02;4.087805e-02;5.228852e-02;2.981992e-02;5.990022e-02;1.456781e-01;1.207963e-01;1.256339e-01;2.163623e-01;5.410752e-02;5.590612e-02;7.204966e-02
3.257695e-02;1.092405e-01;1.495974e-01;5.524335e-02;8.071358e-02;6.893200e-02;3.450084e-02;1.224543e-01;1.970069e-01;5.319778e-02;2.026254e-02;7.627380e-02
3.353915e-02;8.147028e-02;1.290183e-01;7.113460e-02;1.382466e-01;1.560497e-01;1.047042e-01;7.347987e-02;1.062918e-01;5.094592e-02;2.581935e-02;2.930023e-02
2.788767e-02;5.105542e-02;1.101579e-01;9.748124e-02;1.349240e-01;1.935130e-01;1.012558e-01;1.119998e-01;8.906002e-02;3.745863e-02;2.246655e-02;2.274007e-02
1.736140e-02;4.320967e-02;1.353870e-01;1.001125e-01;1.056909e-01;1.951696e-01;6.255194e-02;1.906705e-01;8.084988e-02;2.464593e-02;1.011471e-02;3.423594e-02
7.741690e-03;4.578341e-02;1.626732e-01;5.537092e-02;5.881459e-02;1.762252e-01;7.383663e-02;2.868074e-01;6.587644e-02;2.079246e-02;9.317660e-03;3.676045e-02
5.841828e-03;6.733461e-02;1.331737e-01;1.503338e-02;7.765921e-02;1.179593e-01;1.686162e-01;3.060923e-01;3.945784e-02;1.487989e-02;3.351480e-02;2.043692e-02
9.722702e-03;9.915062e-02;7.921980e-02;1.670207e-02;1.144532e-01;7.190503e-02;2.818548e-01;2.371682e-01;3.115437e-02;7.837626e-03;4.642539e-02;4.406158e-03
9.201675e-03;1.184372e-01;7.222229e-02;2.078883e-02;1.143954e-01;4.822182e-02;3.348771e-01;1.874127e-01;3.266823e-02;7.737920e-03;4.659555e-02;7.441273e-03
8.724974e-03;1.420932e-01;6.679422e-02;3.022152e-02;1.057943e-01;6.224878e-02;3.440157e-01;1.383106e-01;3.150544e-02;5.937729e-03;5.794939e-02;6.404209e-03
1.159535e-02;1.683370e-01;5.449171e-02;4.095634e-02;8.803979e-02;8.776142e-02;3.443320e-01;8.553772e-02;2.886396e-02;1.232003e-02;6.871846e-02;9.046128e-03
1.554827e-02;1.686679e-01;6.278493e-02;3.641960e-02;7.156328e-02;8.732211e-02;3.200211e-01;1.206688e-01;3.358979e-02;8.602499e-03;7.004546e-02;4.766257e-03
2.221599e-02;1.628306e-01;2.340577e-02;2.371978e-02;6.062333e-02;1.135933e-01;3.385526e-01;1.420765e-01;2.915509e-02;6.747452e-03;7.221662e-02;4.862960e-03
1.763367e-02;1.472573e-01;5.111375e-02;1.727158e-02;3.553364e-02;1.292109e-01;3.310999e-01;1.176602e-01;3.893835e-02;2.343409e-02;8.397031e-02;6.876359e-03
1.663362e-02;1.324643e-01;4.889736e-02;1.802098e-02;2.464402e-02;9.959314e-02;3.130547e-01;1.475124e-01;6.315961e-02;4.344694e-02;8.628100e-02;6.291921e-03
1.467902e-02;1.450800e-01;4.287307e-02;1.774033e-02;3.481834e-02;1.410865e-01;2.601475e-01;1.862309e-01;6.129897e-02;3.484265e-02;5.610934e-02;5.093428e-03
1.232592e-02;1.570339e-01;6.180988e-02;1.729522e-02;3.131068e-02;1.825096e-01;1.507445e-01;2.765280e-01;4.967685e-02;3.281124e-02;2.238957e-02;5.564663e-03
9.778949e-03;1.617755e-01;1.264647e-01;1.051091e-02;2.570651e-02;1.806880e-01;8.074196e-02;2.970958e-01;5.405482e-02;2.846085e-02;1.773182e-02;6.990008e-03
1.362383e-02;1.443716e-01;1.515376e-01;1.235009e-02;4.178684e-02;1.515838e-01;1.218220e-01;2.679992e-01;4.442767e-02;1.849671e-02;2.132617e-02;1.067446e-02
1.271838e-02;1.314695e-01;1.377854e-01;1.591129e-02;3.706964e-02;1.034983e-01;1.721110e-01;2.842423e-01;5.916293e-02;1.528292e-02;2.263256e-02;8.115673e-03
8.078172e-03;1.029756e-01;1.163385e-01;1.451904e-02;2.239514e-02;1.040630e-01;2.084181e-01;3.025043e-01;6.650321e-02;1.366392e-02;3.203341e-02;8.507611e-03
8.084762e-03;8.945237e-02;1.084572e-01;2.449659e-02;4.321621e-02;1.143086e-01;2.222259e-01;2.596213e-01;5.137635e-02;1.942077e-02;4.525666e-02;1.408328e-02
1.691611e-02;9.297585e-02;6.729455e-02;3.753579e-02;6.491966e-02;1.143182e-01;2.123940e-01;2.178874e-01;5.845331e-02;2.943597e-02;7.417683e-02;1.369225e-02
1.834658e-02;7.823048e-02;4.110383e-02;3.970212e-02;7.866730e-02;8.690423e-02;2.551820e-01;2.007330e-01;8.495852e-02;2.355716e-02;8.485967e-02;7.755145e-03
1.080153e-02;5.479909e-02;5.741141e-02;4.667256e-02;8.231679e-02;8.528687e-02;3.421269e-01;1.759751e-01;4.345709e-02;1.848122e-02;7.320663e-02;9.464825e-03
1.009039e-02;7.076171e-02;5.758249e-02;2.806063e-02;6.795222e-02;9.570269e-02;3.778025e-01;1.502291e-01;4.591149e-02;2.158047e-02;6.145522e-02;1.287113e-02
1.328332e-02;8.943927e-02;6.704064e-02;1.514199e-02;4.845072e-02;1.116922e-01;3.646930e-01;1.530066e-01;4.961072e-02;1.392709e-02;5.368223e-02;2.003209e-02
1.299496e-02;9.124961e-02;6.802946e-02;1.793141e-02;4.585443e-02;9.393219e-02;3.470039e-01;1.687020e-01;6.072244e-02;1.328580e-02;5.525662e-02;2.503716e-02
4.372393e-03;8.000102e-02;4.095254e-02;2.064717e-02;4.810376e-02;6.769033e-02;3.205580e-01;2.525276e-01;7.490221e-02;1.827114e-02;5.628200e-02;1.569186e-02
8.689840e-03;6.949130e-02;4.807814e-02;3.086540e-02;6.368765e-02;8.836415e-02;2.733417e-01;2.487772e-01;8.373740e-02;2.147164e-02;5.329577e-02;1.019987e-02
1.281331e-02;7.446491e-02;8.384468e-02;3.822824e-02;5.778021e-02;1.132546e-01;1.910034e-01;2.543353e-01;1.002663e-01;1.598636e-02;4.746114e-02;1.056157e-02
1.383326e-02;7.837296e-02;6.386203e-02;3.377690e-02;6.797606e-02;1.146170e-01;1.269359e-01;2.973015e-01;1.004911e-01;2.381510e-02;4.636595e-02;3.265232e-02
2.347165e-02;1.088288e-01;6.602208e-02;3.898459e-02;8.280223e-02;9.652117e-02;1.298812e-01;2.576925e-01;8.002871e-02;3.176259e-02;3.334118e-02;5.066332e-02
2.678202e-02;1.257398e-01;2.825154e-02;3.027162e-02;9.859449e-02;1.000787e-01;1.108041e-01;2.634577e-01;1.055629e-01;2.553179e-02;3.352490e-02;5.140036e-02
1.779466e-02;1.264457e-01;6.596570e-02;3.178154e-02;9.907643e-02;1.542978e-01;6.630880e-02;2.467772e-01;8.195011e-02;1.970798e-02;6.016694e-02;2.972717e-02
1.297261e-02;8.491150e-02;3.233353e-02;1.676192e-02;6.149523e-02;1.677788e-01;9.199671e-02;3.024211e-01;1.239803e-01;2.064089e-02;6.147860e-02;2.322882e-02
1.033367e-02;8.468884e-02;5.067126e-02;2.401237e-02;8.087773e-02;1.276248e-01;1.405402e-01;3.030664e-01;9.547894e-02;1.795706e-02;4.380868e-02;2.093997e-02
1.703685e-02;7.352605e-02;7.149003e-02;3.267121e-02;7.963257e-02;1.749952e-01;1.582467e-01;2.678404e-01;5.778031e-02;1.100093e-02;4.273369e-02;1.304599e-02
1.261799e-02;5.053785e-02;7.282554e-02;1.737486e-02;5.969818e-02;1.762249e-01;1.392710e-01;3.238475e-01;8.089086e-02;2.008117e-02;2.817015e-02;1.845996e-02
8.003646e-03;6.976269e-02;8.046410e-02;1.913202e-02;7.532573e-02;1.546465e-01;1.079193e-01;3.503620e-01;7.061279e-02;1.932397e-02;1.779372e-02;2.665357e-02
1.093043e-02;8.892140e-02;9.316397e-02;1.881800e-02;5.516324e-02;1.535786e-01;1.103122e-01;3.650792e-01;5.571247e-02;1.593361e-02;1.012245e-02;2.226446e-02
9.361527e-03;6.646269e-02;7.710240e-02;1.931622e-02;2.089413e-02;1.307155e-01;2.150650e-01;3.384548e-01;7.621144e-02;1.762324e-02;2.208198e-02;6.711091e-03
1.261889e-02;4.094328e-02;4.565538e-02;1.747417e-02;1.853328e-02;1.262315e-01;2.881791e-01;3.082718e-01;8.586255e-02;1.344184e-02;3.106025e-02;1.172798e-02
2.019591e-02;4.949727e-02;5.033234e-02;2.072117e-02;3.285310e-02;9.370952e-02;3.273280e-01;2.619559e-01;8.096093e-02;1.910315e-02;3.124338e-02;1.209941e-02
1.576537e-02;5.856651e-02;5.135313e-02;2.920727e-02;5.860723e-02;1.157431e-01;3.016960e-01;2.408026e-01;8.641801e-02;1.554333e-02;1.933195e-02;6.965440e-03
6.528033e-03;5.569338e-02;5.753670e-02;2.449182e-02;5.804853e-02;1.680142e-01;2.774385e-01;2.441241e-01;5.884315e-02;1.814519e-02;2.474445e-02;6.392017e-03
2.025598e-02;6.350808e-02;6.621781e-02;2.978713e-02;3.254875e-02;1.457148e-01;2.370078e-01;2.695597e-01;7.538646e-02;2.794275e-02;1.198081e-02;2.008987e-02
3.807471e-02;7.378723e-02;6.852262e-02;4.137943e-02;4.192155e-02;1.147951e-01;1.657589e-01;2.260053e-01;1.026043e-01;5.281734e-02;3.854148e-02;3.579210e-02
