8.448471e-02;7.831402e-02;1.064510e-01;7.017574e-02;6.435156e-02;7.577343e-02;7.587276e-02;3.407407e-02;1.160978e-01;1.305466e-01;9.704451e-02;6.681375e-02
1.005575e-01;8.864367e-02;1.304241e-01;6.208382e-02;8.103700e-02;7.239515e-02;1.134584e-01;5.899777e-02;5.014767e-02;6.269885e-02;1.098765e-01;6.967957e-02
1.329854e-01;1.231119e-01;1.368034e-01;5.520449e-02;6.391665e-02;7.388424e-02;1.490235e-01;4.570837e-02;5.077400e-02;4.837369e-02;6.268464e-02;5.752976e-02
1.330553e-01;1.525376e-01;1.709699e-01;6.118807e-02;4.273215e-02;8.598228e-02;1.113686e-01;3.664957e-02;5.722243e-02;3.044717e-02;4.826512e-02;6.958190e-02
1.106693e-01;1.649231e-01;2.206174e-01;7.016379e-02;3.706741e-02;9.476027e-02;7.040025e-02;3.192107e-02;5.323780e-02;4.009579e-02;3.342186e-02;7.272192e-02
6.619208e-02;1.617709e-01;2.308869e-01;8.080616e-02;3.536302e-02;9.907085e-02;1.134874e-01;3.520752e-02;5.113273e-02;3.834083e-02;3.323583e-02;5.450582e-02
7.576913e-02;1.339931e-01;1.939488e-01;1.046304e-01;5.526716e-02;7.908200e-02;1.497713e-01;4.868705e-02;4.740653e-02;2.026085e-02;6.567991e-02;2.550379e-02
8.968331e-02;4.576787e-02;1.965896e-01;8.806169e-02;1.063602e-01;4.504224e-02;1.906233e-01;5.482080e-02;3.899896e-02;2.351893e-02;9.607129e-02;2.446184e-02
9.707236e-02;5.084058e-02;1.866996e-01;3.437800e-02;1.447433e-01;4.533032e-02;1.998706e-01;5.472963e-02;3.874788e-02;2.953129e-02;1.013781e-01;1.667833e-02
1.135434e-01;6.795742e-02;1.415518e-01;6.311333e-02;1.491763e-01;3.339574e-02;1.953057e-01;6.510130e-02;3.754016e-02;2.832681e-02;8.470137e-02;2.028673e-02
1.417278e-01;6.245735e-02;1.216090e-01;4.705910e-02;1.510991e-01;2.542964e-02;2.095982e-01;8.241643e-02;3.609423e-02;2.909809e-02;6.168449e-02;3.172644e-02
1.354916e-01;5.043439e-02;1.381440e-01;3.787381e-02;1.553841e-01;4.092768e-02;2.370391e-01;8.681999e-02;2.716178e-02;3.003483e-02;4.044720e-02;2.024151e-02
1.241204e-01;3.211458e-02;1.211261e-01;5.023579e-02;1.514660e-01;4.264477e-02;2.513448e-01;9.835684e-02;4.068136e-02;3.201040e-02;3.482575e-02;2.107323e-02
1.044268e-01;2.732190e-02;1.273253e-01;7.063278e-02;1.234287e-01;3.489215e-02;2.634952e-01;8.946609e-02;5.162327e-02;5.835641e-02;2.380879e-02;2.522258e-02
9.123853e-02;2.669493e-02;1.152639e-01;9.135595e-02;1.020214e-01;5.131963e-02;2.649828e-01;6.949814e-02;6.242085e-02;6.372235e-02;4.302505e-02;1.845643e-02
8.680683e-02;3.080735e-02;1.756506e-01;7.114693e-02;7.231241e-02;6.551292e-02;2.572945e-01;6.057762e-02;5.856810e-02;4.094034e-02;5.564487e-02;2.473752e-02
7.944039e-02;6.831620e-02;1.211030e-01;6.554467e-02;8.190614e-02;8.303546e-02;2.740770e-01;6.884573e-02;4.187207e-02;3.127489e-02;4.131483e-02;4.326954e-02
4.527497e-02;5.411395e-02;1.949184e-01;6.322505e-02;9.069443e-02;6.848923e-02;2.289131e-01;7.809097e-02;4.676634e-02;3.689839e-02;4.555575e-02;4.705938e-02
4.593237e-02;5.921292e-02;3.001881e-01;5.916076e-02;4.637326e-02;6.326228e-02;2.111432e-01;3.796257e-02;3.877723e-02;4.906707e-02;4.163241e-02;4.728787e-02
8.681145e-02;8.004113e-02;3.036244e-01;3.633108e-02;6.026817e-02;5.826178e-02;1.417386e-01;3.015520e-02;7.211656e-02;3.759750e-02;3.681172e-02;5.624246e-02
7.971982e-02;1.046956e-01;2.981324e-01;3.393718e-02;3.427744e-02;5.613648e-02;7.306709e-02;4.806467e-02;1.212499e-01;3.535302e-02;5.373868e-02;6.162770e-02
9.103032e-02;1.086324e-01;2.365551e-01;2.561425e-02;3.659980e-02;5.353829e-02;4.251450e-02;5.829848e-02;1.226390e-01;4.312731e-02;1.030644e-01;7.838620e-02
1.212393e-01;1.158869e-01;1.697022e-01;1.544800e-02;5.040618e-02;5.259003e-02;3.639946e-02;6.984520e-02;1.057853e-01;3.494908e-02;1.658311e-01;6.191715e-02
1.351605e-01;1.154581e-01;1.082502e-01;1.805659e-02;6.987164e-02;6.608004e-02;3.129116e-02;7.384697e-02;9.994360e-02;2.520664e-02;2.418071e-01;1.502743e-02
1.135858e-01;8.887240e-02;6.827255e-02;1.881000e-02;8.438693e-02;7.441330e-02;3.580577e-02;7.407870e-02;1.025476e-01;2.047775e-02;2.878414e-01;3.090786e-02
9.809751e-02;7.248000e-02;5.887840e-02;1.378474e-02;9.261997e-02;7.411590e-02;2.321165e-02;9.472246e-02;1.200336e-01;2.113430e-02;3.045555e-01;2.636606e-02
9.385987e-02;6.724893e-02;5.633959e-02;2.023824e-02;9.847292e-02;6.151149e-02;2.972576e-02;1.230989e-01;1.342357e-01;2.280248e-02;2.770964e-01;1.536975e-02
1.018377e-01;5.785523e-02;6.631795e-02;2.237544e-02;1.021043e-01;4.810659e-02;4.151966e-02;1.527067e-01;1.432701e-01;1.400016e-02;2.339079e-01;1.599826e-02
1.076385e-01;5.226220e-02;6.789068e-02;2.372721e-02;9.697244e-02;4.402200e-02;6.748328e-02;1.715997e-01;1.396577e-01;9.840853e-03;1.967043e-01;2.220120e-02
9.924378e-02;5.787319e-02;6.953551e-02;3.330532e-02;9.012651e-02;3.426281e-02;8.201750e-02;1.753642e-01;1.384615e-01;1.379196e-02;1.827821e-01;2.323562e-02
9.387422e-02;3.774775e-02;1.195912e-01;2.816095e-02;6.910647e-02;4.035151e-02;1.362336e-01;1.475242e-01;1.242086e-01;2.161576e-02;1.611853e-01;2.040035e-02
1.397485e-01;7.127306e-02;1.946900e-01;2.156529e-02;5.345161e-02;2.666284e-02;1.189459e-01;1.126871e-01;8.601771e-02;1.363280e-02;1.346029e-01;2.672231e-02
1.721849e-01;8.525041e-02;2.085610e-01;2.811467e-02;5.664153e-02;1.811342e-02;1.177230e-01;8.668073e-02;5.949882e-02;1.465033e-02;1.185733e-01;3.400784e-02
1.747320e-01;6.957627e-02;2.208155e-01;3.205397e-02;7.231404e-02;1.766597e-02;1.269654e-01;8.830422e-02;3.350650e-02;1.568138e-02;1.156537e-01;3.273110e-02
1.615276e-01;5.025477e-02;2.065849e-01;3.720546e-02;7.867158e-02;2.145479e-02;1.483819e-01;1.057460e-01;2.962727e-02;2.242116e-02;1.049776e-01;3.314695e-02
1.385891e-01;3.855391e-02;1.467327e-01;4.471497e-02;7.177551e-02;3.081507e-02;2.280453e-01;1.267834e-01;2.138164e-02;4.292095e-02;7.477009e-02;3.491737e-02
1.242215e-01;3.593659e-02;8.599465e-02;4.418787e-02;5.635886e-02;3.479951e-02;2.845367e-01;1.439502e-01;3.431984e-02;5.712216e-02;5.684403e-02;4.172814e-02
1.341883e-01;2.894464e-02;5.034440e-02;5.817193e-02;4.602451e-02;3.506662e-02;2.861726e-01;1.346605e-01;5.029587e-02;5.505172e-02;5.936259e-02;6.171628e-02
1.039610e-01;6.152247e-02;1.647941e-01;5.782237e-02;4.391985e-02;5.196545e-02;1.613039e-01;9.260700e-02;8.126336e-02;7.164130e-02;4.623834e-02;6.296097e-02
4.873149e-02;7.665761e-02;2.753809e-01;5.090653e-02;5.047142e-02;4.610486e-02;1.244209e-01;7.333954e-02;7.564300e-02;8.031742e-02;4.299804e-02;5.502828e-02
5.122758e-02;7.547203e-02;3.418809e-01;4.054968e-02;4.099305e-02;4.180512e-02;9.561169e-02;5.638099e-02;5.539931e-02;9.012022e-02;4.865435e-02;6.190506e-02
8.071730e-02;6.340109e-02;3.452105e-01;3.565944e-02;3.177915e-02;4.867646e-02;1.235990e-01;3.413650e-02;3.452469e-02;1.081571e-01;5.244740e-02;4.169128e-02
1.118835e-01;5.283078e-02;3.353487e-01;3.899890e-02;3.703178e-02;4.410665e-02;1.348652e-01;3.433368e-02;2.059948e-02;1.106443e-01;5.270233e-02;2.665470e-02
1.106424e-01;5.115830e-02;2.917711e-01;5.477106e-02;4.197421e-02;4.579901e-02;1.245181e-01;5.975536e-02;2.377948e-02;8.846164e-02;7.723238e-02;3.013708e-02
7.390295e-02;8.465187e-02;2.349893e-01;8.316337e-02;6.009416e-02;6.735580e-02;9.607202e-02;8.309713e-02;2.521514e-02;5.477462e-02;1.089358e-01;2.774784e-02
5.102045e-02;1.381147e-01;1.869118e-01;8.822016e-02;8.583564e-02;6.708713e-02;6.900898e-02;8.082505e-02;3.879407e-02;4.392613e-02;1.045002e-01;4.575578e-02
8.783980e-02;1.221209e-01;1.608231e-01;6.750985e-02;1.176799e-01;5.639581e-02;9.232181e-02;5.063025e-02;5.207834e-02;3.832709e-02;6.902217e-02;8.525099e-02
1.385659e-01;5.967817e-02;1.227208e-01;4.398760e-02;1.377318e-01;6.924894e-02;1.467033e-01;4.489293e-02;7.073577e-02;1.951007e-02;3.411590e-02;1.121088e-01
1.735790e-01;3.696472e-02;9.029210e-02;3.455980e-02;1.348219e-01;7.494663e-02;1.660725e-01;4.118493e-02;9.192730e-02;1.627532e-02;2.035236e-02;1.190234e-01
2.156779e-01;5.435552e-02;8.187003e-02;2.831394e-02;1.253123e-01;7.556099e-02;1.341407e-01;2.742231e-02;1.015163e-01;1.882971e-02;1.630745e-02;1.206928e-01
2.817930e-01;6.133113e-02;8.977489e-02;2.451262e-02;1.154392e-01;7.293898e-02;8.170352e-02;1.541833e-02;9.414465e-02;2.481900e-02;2.031358e-02;1.178112e-01
3.421195e-01;7.963244e-02;7.468373e-02;1.470414e-02;9.571324e-02;7.743197e-02;7.503749e-02;1.226869e-02;7.566126e-02;2.909983e-02;2.580851e-02;9.783926e-02
3.659929e-01;9.033056e-02;6.027429e-02;1.247280e-02;7.909071e-02;9.479664e-02;8.793245e-02;1.388748e-02;5.754491e-02;2.931768e-02;3.036890e-02;7.799071e-02
3.438049e-01;8.236680e-02;5.480435e-02;1.511380e-02;8.238927e-02;1.025396e-01;9.486166e-02;1.420875e-02;6.126533e-02;3.064661e-02;3.942965e-02;7.856927e-02
2.790594e-01;5.420671e-02;9.054363e-02;2.099778e-02;8.745647e-02;9.430703e-02;1.094908e-01;1.842294e-02;6.782661e-02;4.036450e-02;4.780541e-02;8.951872e-02
2.118449e-01;5.032745e-02;1.633206e-01;3.096962e-02;7.936026e-02;8.043589e-02;1.202818e-01;2.419148e-02;5.814072e-02;4.694283e-02;4.707171e-02;8.711271e-02
1.523363e-01;6.858239e-02;2.584662e-01;3.796259e-02;6.374647e-02;8.099738e-02;1.065820e-01;2.309912e-02;4.079237e-02;3.965190e-02;6.022533e-02;6.755786e-02
9.755667e-02;4.713938e-02;3.074377e-01;4.786067e-02;9.436177e-02;6.753544e-02;9.862979e-02;3.125349e-02;3.333611e-02;2.594474e-02;9.179945e-02;5.714475e-02
8.343676e-02;6.244424e-02;3.202083e-01;4.152643e-02;5.476209e-02;4.764256e-02;1.256558e-01;2.496299e-02;5.634089e-02;5.559733e-02;9.875064e-02;2.867199e-02
6.421977e-02;5.234043e-02;2.571979e-01;5.394635e-02;6.660556e-02;4.717180e-02;1.463195e-01;5.451424e-02;7.406165e-02;7.382418e-02;8.460557e-02;2.519302e-02
4.956646e-02;4.275279e-02;3.156466e-01;6.209638e-02;7.507582e-02;5.148044e-02;1.042213e-01;5.889345e-02;5.337921e-02;8.146138e-02;7.800770e-02;2.741844e-02
5.820172e-02;3.451903e-02;4.241585e-01;5.667546e-02;5.956865e-02;3.757718e-02;6.736051e-02;3.383472e-02;3.370823e-02;1.085401e-01;6.005163e-02;2.580421e-02
5.190207e-02;3.021039e-02;4.752354e-01;4.300240e-02;4.640676e-02;2.894281e-02;9.652117e-02;1.227037e-02;1.984433e-02;1.341648e-01;4.184593e-02;1.965364e-02
2.296928e-02;3.943071e-02;4.518557e-01;2.670134e-02;3.686870e-02;4.225966e-02;1.060245e-01;2.345232e-02;3.328336e-02;1.376161e-01;5.129991e-02;2.823833e-02
3.274355e-02;5.527022e-02;3.945047e-01;2.971105e-02;2.881640e-02;6.619815e-02;9.878491e-02;3.042724e-02;4.654070e-02;1.129602e-01;5.549637e-02;4.854650e-02
2.831221e-02;6.415536e-02;3.274957e-01;3.791313e-02;3.059662e-02;9.159731e-02;1.204294e-01;3.280448e-02;5.609201e-02;8.811483e-02;4.187630e-02;8.061270e-02
4.725378e-02;6.691508e-02;2.729581e-01;3.648390e-02;2.725963e-02;1.028382e-01;1.305137e-01;4.912218e-02;5.342098e-02;7.776987e-02;4.265227e-02;9.281237e-02
6.975051e-02;8.882927e-02;2.674243e-01;4.261487e-02;3.463449e-02;8.233920e-02;9.033394e-02;5.970875e-02;6.237311e-02;7.244404e-02;4.205431e-02;8.749323e-02
1.003956e-01;1.142820e-01;2.187519e-01;3.628608e-02;5.029647e-02;4.403807e-02;9.708356e-02;5.593973e-02;8.281242e-02;7.253158e-02;5.271056e-02;7.487199e-02
1.067458e-01;1.267084e-01;1.368786e-01;4.273273e-02;7.069615e-02;4.284833e-02;1.097333e-01;6.851434e-02;1.054012e-01;6.908758e-02;5.781322e-02;6.284042e-02
1.009582e-01;1.088800e-01;1.062293e-01;5.087011e-02;6.691309e-02;5.795400e-02;1.080775e-01;7.637771e-02;1.211034e-01;7.541081e-02;6.947796e-02;5.774776e-02
1.152750e-01;1.079288e-01;1.516182e-01;4.093534e-02;4.511392e-02;3.974360e-02;9.752855e-02;6.574107e-02;1.191867e-01;7.969327e-02;7.916708e-02;5.806847e-02
7.522301e-02;1.113068e-01;2.264501e-01;4.109959e-02;4.396392e-02;7.827958e-02;8.922811e-02;3.651396e-02;1.090347e-01;7.772447e-02;6.548671e-02;4.568905e-02
4.823508e-02;1.012139e-01;2.908247e-01;4.686813e-02;3.955559e-02;9.848617e-02;9.833349e-02;4.113057e-02;6.100263e-02;7.170860e-02;4.380779e-02;5.883342e-02
3.554357e-02;8.351555e-02;3.786073e-01;4.032092e-02;2.765864e-02;9.192082e-02;5.575110e-02;4.861214e-02;5.183519e-02;7.179690e-02;3.393717e-02;8.050068e-02
3.749195e-02;9.049376e-02;3.897472e-01;3.677850e-02;2.849760e-02;8.595916e-02;6.736830e-02;3.434839e-02;6.711720e-02;7.026663e-02;2.993529e-02;6.199594e-02
2.478285e-02;9.776035e-02;3.982194e-01;3.269511e-02;3.328663e-02;8.803780e-02;5.725157e-02;2.918678e-02;8.586722e-02;6.022359e-02;3.518435e-02;5.750434e-02
4.170347e-02;9.705923e-02;3.759562e-01;3.349336e-02;1.981196e-02;8.300535e-02;4.900421e-02;3.262187e-02;1.004447e-01;5.997915e-02;3.541659e-02;7.150391e-02
5.448637e-02;1.137981e-01;3.156678e-01;4.041056e-02;2.135714e-02;9.144896e-02;6.742407e-02;3.147599e-02;9.842901e-02;6.059359e-02;2.617106e-02;7.873731e-02
7.197103e-02;1.164976e-01;2.435544e-01;4.662803e-02;3.713288e-02;1.043321e-01;1.082866e-01;3.574029e-02;7.694492e-02;7.270422e-02;2.190571e-02;6.430227e-02
1.063427e-01;1.015357e-01;1.712984e-01;4.262023e-02;5.325719e-02;9.752851e-02;1.626271e-01;5.907661e-02;3.711122e-02;7.074883e-02;4.779201e-02;5.006145e-02
1.005326e-01;9.948798e-02;1.363346e-01;3.781498e-02;5.529358e-02;7.944534e-02;1.678223e-01;9.804109e-02;4.775963e-02;3.995987e-02;8.612812e-02;5.137987e-02
7.687145e-02;1.104976e-01;1.267808e-01;4.292418e-02;6.011835e-02;3.617896e-02;1.344382e-01;1.047402e-01;8.191000e-02;4.706562e-02;1.266076e-01;5.186709e-02
5.530968e-02;9.335022e-02;1.408224e-01;5.089518e-02;5.650144e-02;3.910907e-02;1.462812e-01;8.146852e-02;1.315367e-01;4.968223e-02;9.130199e-02;6.374145e-02
7.611050e-02;7.860470e-02;1.494230e-01;5.489485e-02;3.215522e-02;4.844531e-02;1.476346e-01;6.238135e-02;1.355673e-01;7.387865e-02;6.840354e-02;7.250095e-02
9.944462e-02;6.866479e-02;1.267180e-01;4.137477e-02;4.618501e-02;5.160029e-02;1.211646e-01;5.841957e-02;1.172738e-01;1.062450e-01;8.548301e-02;7.742659e-02
8.372951e-02;9.709608e-02;1.208127e-01;2.245439e-02;5.197888e-02;6.629065e-02;1.340860e-01;8.038456e-02;8.914392e-02;1.151772e-01;8.712966e-02;5.171651e-02
7.552754e-02;1.198831e-01;1.282171e-01;1.940957e-02;1.513858e-02;7.294811e-02;1.530863e-01;1.093508e-01;7.145947e-02;1.166182e-01;8.021505e-02;3.814623e-02
1.131284e-01;8.931015e-02;1.451867e-01;3.095569e-02;5.750403e-02;5.868702e-02;1.768667e-01;1.080964e-01;4.676360e-02;7.992081e-02;5.462214e-02;3.895839e-02
1.161467e-01;6.426439e-02;1.504546e-01;4.949402e-02;6.455937e-02;6.086299e-02;1.772030e-01;6.721224e-02;6.299125e-02;6.795833e-02;7.001699e-02;4.883604e-02
1.082360e-01;5.993373e-02;1.231124e-01;4.201278e-02;4.603664e-02;7.400478e-02;1.565491e-01;1.054859e-01;7.261276e-02;8.782999e-02;8.265416e-02;4.153175e-02
9.103332e-02;5.253765e-02;8.600430e-02;5.082564e-02;7.718647e-02;8.923559e-02;1.457433e-01;1.000965e-01;6.413859e-02;1.094428e-01;1.010265e-01;3.272937e-02
9.512568e-02;6.888711e-02;1.140915e-01;6.091676e-02;6.666160e-02;7.607973e-02;1.360650e-01;7.647461e-02;6.724006e-02;1.107450e-01;8.526096e-02;4.245195e-02
1.196986e-01;7.652739e-02;1.381506e-01;5.394803e-02;4.100695e-02;5.509555e-02;1.368282e-01;6.651440e-02;1.343287e-01;8.652820e-02;3.763195e-02;5.374140e-02
1.148341e-01;4.251821e-02;1.104344e-01;4.113300e-02;4.797842e-02;4.655792e-02;1.416730e-01;5.689622e-02;1.713905e-01;7.086416e-02;5.003355e-02;1.056865e-01
1.227336e-01;7.634795e-02;1.198999e-01;7.661218e-02;7.418349e-02;5.593539e-02;1.614309e-01;6.017067e-02;5.189851e-02;8.889899e-02;3.279483e-02;7.909360e-02
9.526628e-02;9.040979e-02;1.106411e-01;6.821355e-02;6.331790e-02;7.693674e-02;1.643285e-01;7.320534e-02;8.097251e-02;7.931226e-02;4.480002e-02;5.259607e-02
9.251045e-02;8.056327e-02;1.280407e-01;7.215421e-02;6.401967e-02;9.435251e-02;1.532528e-01;9.603041e-02;8.348811e-02;4.696359e-02;3.830217e-02;5.032224e-02
7.503261e-02;7.259344e-02;2.192834e-01;8.262143e-02;6.998226e-02;8.205984e-02;1.581080e-01;7.519984e-02;3.489935e-02;5.454067e-02;4.342504e-02;3.225408e-02
7.336991e-02;6.067682e-02;2.347141e-01;8.401119e-02;7.937157e-02;5.277976e-02;1.854844e-01;7.549454e-02;3.165292e-02;5.962848e-02;4.980993e-02;1.300638e-02
7.759386e-02;3.288786e-02;2.500487e-01;8.536808e-02;9.788644e-02;3.433850e-02;1.984935e-01;8.331494e-02;3.051675e-02;5.942322e-02;4.110048e-02;9.027679e-03
8.225132e-02;1.125687e-02;2.602136e-01;5.436818e-02;1.202344e-01;3.569468e-02;2.463064e-01;7.324141e-02;2.091024e-02;6.053094e-02;2.614824e-02;8.843754e-03
1.005095e-01;1.676110e-02;2.715474e-01;2.849919e-02;1.376519e-01;4.201407e-02;2.753626e-01;2.763063e-02;1.307502e-02;5.606420e-02;2.032749e-02;1.055683e-02
1.266867e-01;1.210640e-02;2.731633e-01;4.941226e-02;1.094579e-01;3.063685e-02;2.454125e-01;5.176711e-02;1.887038e-02;4.324596e-02;3.031388e-02;8.926680e-03
1.523985e-01;3.000701e-02;2.763967e-01;4.993749e-02;6.234364e-02;2.571004e-02;1.926783e-01;8.870965e-02;1.632850e-02;2.875407e-02;6.768976e-02;9.046377e-03
1.478627e-01;3.743536e-02;2.339449e-01;9.193834e-02;3.761870e-02;3.712072e-02;1.148058e-01;1.121217e-01;1.051209e-02;2.353282e-02;1.382587e-01;1.484835e-02
9.985759e-02;3.341850e-02;2.007633e-01;1.133645e-01;3.881340e-02;3.996876e-02;4.465280e-02;1.166677e-01;1.816178e-02;3.368685e-02;2.230857e-01;3.755911e-02
3.057949e-02;7.265225e-02;1.842666e-01;1.372181e-01;6.695715e-02;4.837938e-02;1.853196e-02;1.089101e-01;1.391918e-02;2.343748e-02;2.508884e-01;4.425984e-02
1.331182e-02;1.091220e-01;1.742439e-01;1.605057e-01;1.164004e-01;4.720861e-02;2.500037e-02;9.615663e-02;1.415817e-02;1.743149e-02;1.828880e-01;4.357298e-02
1.952830e-02;1.156274e-01;1.615719e-01;1.668086e-01;1.836190e-01;3.742351e-02;4.651067e-02;7.151680e-02;3.122710e-02;1.980059e-02;1.066006e-01;3.976556e-02
2.739190e-02;1.006786e-01;1.271797e-01;1.865974e-01;2.202333e-01;3.438371e-02;4.397925e-02;4.158024e-02;4.641530e-02;3.511936e-02;7.435266e-02;6.208856e-02
5.151828e-02;7.078959e-02;1.274388e-01;1.785279e-01;2.102994e-01;3.702582e-02;5.393963e-02;2.515465e-02;6.819505e-02;3.399277e-02;5.996006e-02;8.315795e-02
6.446643e-02;5.588753e-02;1.255397e-01;1.715295e-01;2.188510e-01;4.757063e-02;3.803981e-02;2.249840e-02;5.783867e-02;3.008781e-02;5.708743e-02;1.106031e-01
6.591977e-02;6.781822e-02;1.407823e-01;1.324932e-01;2.018194e-01;5.869853e-02;5.480601e-02;4.296313e-02;4.558137e-02;3.865697e-02;4.579889e-02;1.046622e-01
7.764687e-02;8.869332e-02;1.715501e-01;8.741168e-02;1.715004e-01;8.015798e-02;5.558826e-02;4.794706e-02;4.350973e-02;4.398835e-02;5.442599e-02;7.758041e-02
7.895080e-02;9.440349e-02;2.494482e-01;6.231301e-02;1.228880e-01;7.420885e-02;6.021366e-02;5.202026e-02;3.955961e-02;5.404844e-02;6.229453e-02;4.965114e-02
6.674585e-02;9.080631e-02;3.100593e-01;4.715803e-02;9.722214e-02;5.892738e-02;1.060054e-01;4.376313e-02;3.691789e-02;5.566392e-02;4.667344e-02;4.005709e-02
5.887983e-02;9.651793e-02;3.061824e-01;6.274850e-02;1.167907e-01;4.260050e-02;9.541054e-02;3.378931e-02;3.684391e-02;5.299162e-02;3.997576e-02;5.726904e-02
7.194183e-02;9.986927e-02;1.399789e-01;1.020863e-01;1.482965e-01;6.180966e-02;6.398223e-02;3.777225e-02;4.890122e-02;5.738601e-02;6.660423e-02;1.013716e-01
8.292141e-02;6.469942e-02;1.149505e-01;1.171747e-01;1.470725e-01;6.724609e-02;6.479941e-02;4.017177e-02;4.609846e-02;4.961310e-02;7.511570e-02;1.301370e-01
6.227249e-02;6.148247e-02;1.370763e-01;1.201644e-01;1.507499e-01;7.388503e-02;1.066321e-01;3.913664e-02;4.549872e-02;5.713207e-02;3.541849e-02;1.105515e-01
5.131698e-02;8.235525e-02;1.750269e-01;1.093626e-01;1.539851e-01;7.695652e-02;7.279494e-02;3.286755e-02;4.260130e-02;5.364702e-02;4.204890e-02;1.070369e-01
3.808688e-02;7.228218e-02;1.355007e-01;8.509226e-02;9.737750e-02;6.776335e-02;1.054936e-01;8.524288e-02;9.870882e-02;9.023723e-02;6.495016e-02;5.926441e-02
7.541247e-02;6.671207e-02;7.996909e-02;6.598860e-02;3.446918e-02;4.523429e-02;7.497060e-02;1.219046e-01;1.662328e-01;1.709882e-01;6.833816e-02;2.977987e-02
8.117735e-02;7.018467e-02;7.179649e-02;4.662275e-02;3.272502e-02;5.396481e-02;7.954371e-02;1.182192e-01;1.632097e-01;1.905121e-01;5.976324e-02;3.228104e-02
8.200732e-02;8.461010e-02;6.954188e-02;3.164641e-02;5.419639e-02;7.056492e-02;9.143651e-02;1.006798e-01;1.653532e-01;1.635230e-01;5.229491e-02;3.414560e-02
7.388172e-02;8.875859e-02;8.242118e-02;3.650961e-02;6.389756e-02;7.712232e-02;1.099245e-01;7.869233e-02;1.829041e-01;1.165437e-01;5.307706e-02;3.626740e-02
6.205019e-02;7.092218e-02;8.969010e-02;2.016018e-02;6.358884e-02;6.849935e-02;1.672122e-01;4.438183e-02;2.080386e-01;1.233706e-01;5.218619e-02;2.989983e-02
6.152066e-02;7.310832e-02;1.944338e-01;3.287851e-02;5.493869e-02;8.627871e-02;1.658724e-01;5.788498e-02;1.057952e-01;1.018975e-01;4.077527e-02;2.461591e-02
7.335813e-02;8.700892e-02;2.389001e-01;3.612459e-02;5.893698e-02;8.417574e-02;1.535899e-01;5.100159e-02;7.420679e-02;7.364495e-02;4.306864e-02;2.598366e-02
1.103160e-01;8.678564e-02;2.069988e-01;4.215282e-02;6.652103e-02;7.441477e-02;1.182378e-01;5.272667e-02;6.802274e-02;7.364649e-02;5.932040e-02;4.085682e-02
1.123542e-01;6.479381e-02;1.494499e-01;6.153722e-02;9.315740e-02;7.665050e-02;1.119102e-01;5.096557e-02;6.676992e-02;8.315213e-02;7.641372e-02;5.284545e-02
4.125627e-02;6.384459e-02;2.709306e-01;6.060248e-02;9.894985e-02;6.370763e-02;9.243888e-02;4.254397e-02;8.706901e-02;8.011013e-02;6.892525e-02;2.962138e-02
5.081227e-02;9.311564e-02;1.578168e-01;7.021966e-02;7.885987e-02;7.531413e-02;1.343762e-01;6.530986e-02;8.920038e-02;9.150039e-02;6.283348e-02;3.064122e-02
6.623558e-02;7.767806e-02;1.252464e-01;6.384293e-02;6.676146e-02;7.207470e-02;1.420860e-01;7.865962e-02;7.768540e-02;1.304452e-01;5.616027e-02;4.312432e-02
9.024846e-02;5.641076e-02;1.337807e-01;6.359775e-02;8.230903e-02;7.021724e-02;1.137946e-01;6.371148e-02;7.654308e-02;1.399398e-01;5.412034e-02;5.532669e-02
9.155558e-02;5.817770e-02;1.380661e-01;5.638653e-02;9.157033e-02;6.753074e-02;1.229295e-01;6.507060e-02;7.357064e-02;1.055317e-01;7.554067e-02;5.407000e-02
8.448701e-02;1.086613e-01;1.035193e-01;5.314625e-02;9.662648e-02;6.666618e-02;1.380604e-01;5.243730e-02;8.878858e-02;7.106848e-02;7.716686e-02;5.937197e-02
6.153200e-02;1.178784e-01;1.430712e-01;7.141475e-02;1.052103e-01;6.383122e-02;1.065390e-01;5.050459e-02;6.031198e-02;5.819692e-02;8.302630e-02;7.848335e-02
1.051466e-01;9.486087e-02;1.388895e-01;5.951242e-02;8.996583e-02;6.636485e-02;7.819727e-02;6.991044e-02;9.038037e-02;6.939453e-02;8.981425e-02;4.756306e-02
1.112229e-01;6.293339e-02;1.304514e-01;5.925166e-02;7.920874e-02;5.065084e-02;1.158238e-01;5.930886e-02;1.170968e-01;9.021234e-02;8.089327e-02;4.294601e-02
8.267266e-02;5.294707e-02;1.054205e-01;6.660693e-02;1.191345e-01;7.629417e-02;1.111175e-01;6.015548e-02;7.595063e-02;9.529389e-02;6.741997e-02;8.698666e-02
5.815294e-02;4.564526e-02;1.405125e-01;7.537794e-02;1.162764e-01;8.572730e-02;1.055579e-01;1.003048e-01;6.738251e-02;7.832935e-02;5.970728e-02;6.702571e-02
1.040971e-01;6.375592e-02;1.035034e-01;7.394087e-02;6.029313e-02;8.366535e-02;1.100511e-01;7.647862e-02;1.318262e-01;6.771121e-02;8.023274e-02;4.444436e-02
8.990686e-02;7.515699e-02;1.610561e-01;6.997647e-02;6.386411e-02;7.514348e-02;1.527224e-01;8.932000e-02;9.336043e-02;5.707611e-02;4.077580e-02;3.164124e-02
5.597174e-02;6.612303e-02;1.805912e-01;4.259175e-02;8.430614e-02;7.478511e-02;2.187454e-01;7.460516e-02;7.070150e-02;5.093941e-02;2.044910e-02;6.019050e-02
2.232576e-02;5.454604e-02;1.487218e-01;3.715048e-02;8.670842e-02;9.580489e-02;2.551210e-01;6.652657e-02;7.034595e-02;4.935868e-02;1.638095e-02;9.700940e-02
1.506474e-02;7.190687e-02;8.050133e-02;5.840578e-02;6.631449e-02;1.488033e-01;2.167349e-01;4.221210e-02;1.037618e-01;4.887713e-02;9.941489e-03;1.374761e-01
1.292563e-02;8.204670e-02;4.855691e-02;8.141836e-02;4.341418e-02;2.006610e-01;1.306822e-01;2.887678e-02;1.498262e-01;3.121487e-02;1.593183e-02;1.744454e-01
1.542061e-02;7.324629e-02;7.347273e-02;7.669468e-02;5.170123e-02;2.194329e-01;2.690792e-02;3.215784e-02;1.576503e-01;5.065348e-02;7.960918e-03;2.147011e-01
3.009741e-02;3.829720e-02;1.085680e-01;4.287654e-02;8.594253e-02;1.619707e-01;1.208970e-01;2.423915e-02;9.786232e-02;8.057246e-02;1.429855e-02;1.943781e-01
5.008040e-02;2.556164e-02;1.426911e-01;1.437881e-02;1.321469e-01;1.063761e-01;1.920027e-01;1.931574e-02;4.591102e-02;9.779941e-02;1.767991e-02;1.560563e-01
7.566693e-02;1.621513e-02;1.653276e-01;1.133318e-02;1.639247e-01;6.699666e-02;2.411369e-01;1.120002e-02;1.655377e-02;1.108135e-01;1.569726e-02;1.051345e-01
1.030529e-01;1.222204e-02;1.762734e-01;8.454888e-03;1.599865e-01;4.974476e-02;2.838586e-01;2.033539e-02;6.063551e-03;1.198922e-01;7.237085e-03;5.287864e-02
1.176862e-01;1.001478e-02;1.762796e-01;9.731358e-03;1.328945e-01;3.859740e-02;3.239419e-01;1.775285e-02;1.418415e-02;1.271271e-01;1.490693e-02;1.688329e-02
1.289317e-01;7.680340e-03;1.659466e-01;1.078188e-02;9.095259e-02;2.497287e-02;3.630038e-01;3.822581e-02;1.926858e-02;1.285590e-01;1.774280e-02;3.933962e-03
1.334197e-01;7.513105e-03;1.526323e-01;1.473730e-02;5.273453e-02;3.157494e-02;4.028571e-01;4.453714e-02;2.050101e-02;1.185630e-01;1.696452e-02;3.965365e-03
1.300794e-01;9.665764e-03;1.550969e-01;1.667981e-02;3.869975e-02;4.921718e-02;4.243896e-01;4.260595e-02;1.766955e-02;8.957992e-02;1.585821e-02;1.045800e-02
1.217601e-01;1.865975e-02;1.716617e-01;2.253385e-02;2.368117e-02;7.564690e-02;4.080099e-01;5.052826e-02;2.174049e-02;5.159368e-02;2.278960e-02;1.139460e-02
1.165356e-01;3.943861e-02;1.780400e-01;2.836484e-02;4.125267e-02;8.990767e-02;3.550336e-01;4.514628e-02;3.281303e-02;2.883281e-02;2.791899e-02;1.671582e-02
1.198047e-01;5.843778e-02;1.732972e-01;3.035741e-02;4.956916e-02;9.165486e-02;3.334633e-01;3.572003e-02;3.891801e-02;1.260392e-02;3.049437e-02;2.567933e-02
1.006736e-01;5.994589e-02;2.215435e-01;3.841130e-02;3.912716e-02;4.146145e-02;3.308981e-01;3.265081e-02;4.006355e-02;3.779804e-02;2.480947e-02;3.261707e-02
6.483167e-02;4.124520e-02;2.970345e-01;4.060235e-02;6.311057e-02;4.847227e-02;2.428796e-01;3.420307e-02;6.788930e-02;5.074638e-02;1.774060e-02;3.124452e-02
6.239639e-02;5.324420e-02;2.666481e-01;4.237591e-02;8.694471e-02;9.292038e-02;2.248392e-01;1.818158e-02;7.964965e-02;3.304604e-02;9.234616e-03;3.051917e-02
7.694975e-02;5.873656e-02;2.211835e-01;3.879021e-02;8.253299e-02;8.667935e-02;2.521745e-01;2.571490e-02;7.606988e-02;2.940801e-02;1.509746e-02;3.666291e-02
9.666240e-02;6.805234e-02;1.822544e-01;2.937780e-02;7.115370e-02;6.094298e-02;2.743286e-01;4.974766e-02;7.313772e-02;3.822378e-02;2.939910e-02;2.671951e-02
1.097640e-01;8.767513e-02;1.709217e-01;4.616927e-02;8.791152e-02;6.327362e-02;2.184625e-01;3.739738e-02;6.280679e-02;4.890348e-02;2.888733e-02;3.782722e-02
1.091027e-01;9.912606e-02;1.948537e-01;4.188723e-02;9.667474e-02;3.911860e-02;1.865845e-01;4.638191e-02;5.781030e-02;5.946829e-02;1.395334e-02;5.503864e-02
1.155752e-01;8.122147e-02;1.575197e-01;2.422930e-02;9.865689e-02;5.560390e-02;2.046593e-01;5.549894e-02;6.806330e-02;5.678868e-02;3.735099e-02;4.483230e-02
1.333523e-01;4.317242e-02;1.200278e-01;4.074509e-02;8.905070e-02;4.053635e-02;2.366630e-01;7.763419e-02;8.512781e-02;5.311133e-02;5.596849e-02;2.461057e-02
1.266955e-01;2.767405e-02;1.084588e-01;3.355381e-02;7.197469e-02;4.976694e-02;2.541612e-01;9.393241e-02;9.347350e-02;4.941542e-02;5.954333e-02;3.135037e-02
1.125615e-01;5.138768e-02;9.153451e-02;3.563233e-02;6.469450e-02;3.440770e-02;2.527043e-01;7.864638e-02;9.566286e-02;5.845655e-02;6.824012e-02;5.607155e-02
1.141506e-01;7.975415e-02;8.572792e-02;4.258940e-02;8.323799e-02;5.826597e-02;1.975022e-01;6.630658e-02;6.625591e-02;7.469454e-02;5.970361e-02;7.181104e-02
1.212398e-01;8.178724e-02;6.720497e-02;4.544757e-02;1.178225e-01;5.340786e-02;1.910471e-01;5.157120e-02;7.010667e-02;6.977654e-02;4.562154e-02;8.496699e-02
1.072397e-01;4.703056e-02;6.952391e-02;5.029148e-02;1.045031e-01;7.787486e-02;2.004086e-01;5.030478e-02;1.047010e-01;6.393744e-02;4.678436e-02;7.740027e-02
6.002472e-02;5.385082e-02;8.390491e-02;4.592672e-02;5.966175e-02;9.060339e-02;1.728679e-01;9.789184e-02;9.807900e-02;9.956152e-02;6.758229e-02;7.004512e-02
4.549025e-02;6.815960e-02;5.124152e-02;5.066939e-02;5.289925e-02;7.901080e-02;1.179810e-01;1.649205e-01;1.071465e-01;1.021571e-01;8.667490e-02;7.364918e-02
6.387486e-02;8.453833e-02;6.456482e-02;6.796398e-02;5.090410e-02;7.086489e-02;1.123323e-01;1.522971e-01;7.511372e-02;9.960206e-02;8.943011e-02;6.851377e-02
4.938997e-02;8.024158e-02;9.116137e-02;7.756217e-02;4.112655e-02;1.041840e-01;1.205921e-01;9.493244e-02;8.595450e-02;1.249394e-01;9.600318e-02;3.391268e-02
6.351341e-02;7.588075e-02;5.457234e-02;9.652794e-02;5.856957e-02;1.132723e-01;1.379430e-01;7.906688e-02;8.078652e-02;1.231272e-01;6.586608e-02;5.087398e-02
1.022137e-01;6.165849e-02;8.335320e-02;8.438233e-02;7.111619e-02;7.098424e-02;1.313016e-01;9.927922e-02;6.814258e-02;1.061245e-01;4.001321e-02;8.143082e-02
9.054287e-02;4.886403e-02;8.676283e-02;8.762775e-02;8.703396e-02;5.485203e-02;1.067664e-01;1.005636e-01;1.011131e-01;8.456393e-02;4.071454e-02;1.105950e-01
1.066528e-01;5.590151e-02;5.163168e-02;7.110355e-02;8.464117e-02;5.286563e-02;1.103452e-01;7.791120e-02;1.213637e-01;8.852495e-02;4.430413e-02;1.347544e-01
1.332377e-01;4.319037e-02;3.891107e-02;4.664333e-02;7.363921e-02;6.695044e-02;1.343361e-01;7.699318e-02;1.184503e-01;5.942404e-02;4.056383e-02;1.676605e-01
1.229310e-01;2.500256e-02;4.901317e-02;2.526369e-02;5.746865e-02;6.654872e-02;1.281835e-01;7.051317e-02;1.129749e-01;3.688128e-02;6.676559e-02;2.384537e-01
7.548155e-02;4.316209e-02;7.845027e-02;3.678272e-02;3.858627e-02;6.305674e-02;1.151483e-01;6.465276e-02;8.581187e-02;5.395775e-02;7.004254e-02;2.748672e-01
7.692467e-02;4.411631e-02;1.003668e-01;7.506258e-02;6.691658e-02;8.334282e-02;1.234706e-01;9.171865e-02;5.216441e-02;7.617438e-02;3.118713e-02;1.785550e-01
1.343744e-01;4.748961e-02;1.096923e-01;9.559498e-02;9.787618e-02;5.330401e-02;7.159078e-02;9.696491e-02;5.511342e-02;8.816304e-02;9.367748e-02;5.615882e-02
1.531736e-01;6.747894e-02;1.078209e-01;7.737941e-02;8.756942e-02;5.655345e-02;6.381046e-02;6.991739e-02;5.557737e-02;9.966640e-02;9.687647e-02;6.417620e-02
7.605856e-02;9.275583e-02;1.257882e-01;5.266256e-02;3.958401e-02;3.877796e-02;6.370934e-02;7.889367e-02;1.321615e-01;1.334857e-01;1.020418e-01;6.408088e-02
7.768180e-02;8.000894e-02;1.308307e-01;3.738843e-02;4.203815e-02;5.438431e-02;5.066564e-02;9.690528e-02;1.920538e-01;1.128387e-01;7.917324e-02;4.603101e-02
6.729371e-02;8.843987e-02;1.226782e-01;2.352522e-02;3.531771e-02;6.321388e-02;1.209776e-01;1.180076e-01;1.909411e-01;8.747151e-02;6.033886e-02;2.179470e-02
7.554741e-02;1.179829e-01;1.168482e-01;1.700650e-02;3.410473e-02;7.480983e-02;1.681537e-01;1.220143e-01;1.618729e-01;5.510072e-02;3.901282e-02;1.754603e-02
1.417093e-01;1.544373e-01;1.170915e-01;1.230403e-02;3.435449e-02;8.048746e-02;1.492033e-01;9.401324e-02;1.289687e-01;2.285671e-02;3.887813e-02;2.569583e-02
1.594057e-01;1.154589e-01;1.010925e-01;3.824360e-02;5.225299e-02;4.504299e-02;1.075112e-01;5.233718e-02;1.367421e-01;8.224516e-02;3.590374e-02;7.376384e-02
1.141701e-01;1.052421e-01;1.502436e-01;3.981204e-02;4.889802e-02;6.066850e-02;9.781551e-02;4.024666e-02;1.522041e-01;6.801218e-02;2.415756e-02;9.852967e-02
7.167740e-02;1.172165e-01;2.281280e-01;2.531104e-02;2.667811e-02;7.648494e-02;6.501404e-02;1.887151e-02;1.852647e-01;5.477000e-02;1.864680e-02;1.119369e-01
2.568001e-02;1.217579e-01;2.379235e-01;1.097953e-02;1.410896e-02;1.019918e-01;4.699313e-02;8.013904e-03;2.668353e-01;3.041671e-02;2.195681e-02;1.133424e-01
2.919802e-02;1.127520e-01;1.738173e-01;1.323372e-02;1.351822e-02;1.281308e-01;6.501374e-02;2.094922e-02;3.282198e-01;2.426119e-02;1.476975e-02;7.613628e-02
3.171048e-02;1.085522e-01;1.347602e-01;1.380845e-02;1.602954e-02;1.687368e-01;5.927773e-02;3.549718e-02;3.610184e-01;2.459137e-02;1.062351e-02;3.539407e-02
3.112312e-02;9.981669e-02;1.342817e-01;2.111783e-02;3.836072e-02;2.247242e-01;3.765215e-02;4.965926e-02;3.222156e-01;2.102724e-02;9.974604e-03;1.004686e-02
2.011115e-02;7.542866e-02;2.106666e-01;2.462461e-02;5.420484e-02;2.412866e-01;8.502614e-02;5.003981e-02;1.773127e-01;4.735927e-02;7.113540e-03;6.826057e-03
1.437190e-02;5.734660e-02;2.987943e-01;2.296494e-02;5.981965e-02;1.950604e-01;1.634777e-01;3.033950e-02;7.490149e-02;6.505915e-02;7.430193e-03;1.043423e-02
1.353704e-02;3.949169e-02;4.071673e-01;3.470225e-02;6.122056e-02;9.220231e-02;1.966610e-01;2.621793e-02;3.827971e-02;6.424185e-02;1.276288e-02;1.351548e-02
2.054797e-02;3.805076e-02;5.055262e-01;4.680564e-02;4.382174e-02;1.640089e-02;1.832739e-01;3.217366e-02;3.496648e-02;5.217886e-02;1.212816e-02;1.412579e-02
3.374501e-02;5.357715e-02;4.979278e-01;4.561989e-02;3.524160e-02;1.759664e-02;1.350090e-01;5.123447e-02;3.757942e-02;5.183160e-02;2.771714e-02;1.292030e-02
3.436433e-02;5.756009e-02;4.494334e-01;6.365587e-02;3.974245e-02;2.541958e-02;1.238911e-01;8.836377e-02;3.047949e-02;3.806163e-02;3.241843e-02;1.660995e-02
3.905787e-02;4.215745e-02;3.715447e-01;7.666817e-02;4.768320e-02;3.523349e-02;1.463015e-01;1.046514e-01;4.184205e-02;3.613582e-02;4.153619e-02;1.718813e-02
4.361875e-02;2.103688e-02;3.717846e-01;6.920370e-02;4.333350e-02;3.426744e-02;1.670881e-01;9.655923e-02;4.462475e-02;5.875440e-02;3.811548e-02;1.161322e-02
4.560422e-02;1.300998e-02;3.887714e-01;5.161719e-02;4.182417e-02;2.286010e-02;2.152759e-01;7.694802e-02;3.329246e-02;7.715187e-02;2.476061e-02;8.884058e-03
4.392193e-02;1.489527e-02;4.032749e-01;3.332643e-02;4.943130e-02;1.959567e-02;2.541543e-01;5.461365e-02;2.249319e-02;8.155667e-02;1.667240e-02;6.064320e-03
4.630986e-02;1.690404e-02;3.775089e-01;3.727796e-02;4.699475e-02;1.672261e-02;2.611225e-01;6.968883e-02;2.362998e-02;7.346018e-02;1.794945e-02;1.243090e-02
4.308915e-02;2.241335e-02;3.624632e-01;3.086377e-02;3.892173e-02;1.481927e-02;2.776122e-01;6.516325e-02;3.208819e-02;7.913874e-02;2.299490e-02;1.043228e-02
4.289581e-02;2.194388e-02;3.382427e-01;3.076881e-02;4.448831e-02;1.866553e-02;2.826107e-01;6.450424e-02;2.564456e-02;9.431988e-02;2.965033e-02;6.265297e-03
4.031066e-02;1.914344e-02;3.368006e-01;2.540151e-02;4.963990e-02;2.357215e-02;2.838789e-01;6.301482e-02;2.141562e-02;1.146080e-01;1.856431e-02;3.649997e-03
3.831445e-02;2.654448e-02;3.617207e-01;2.837025e-02;6.351324e-02;3.396774e-02;2.498480e-01;3.773361e-02;1.778822e-02;1.212490e-01;1.260127e-02;8.349095e-03
4.051235e-02;4.238429e-02;3.817081e-01;2.970737e-02;6.990274e-02;5.056495e-02;1.752766e-01;5.052559e-02;3.318221e-02;9.492239e-02;2.163070e-02;9.682720e-03
4.153120e-02;5.825838e-02;4.501196e-01;2.956557e-02;6.356042e-02;6.518231e-02;9.670862e-02;5.322676e-02;4.931508e-02;6.326429e-02;1.605199e-02;1.321577e-02
3.136624e-02;8.553187e-02;4.186833e-01;4.418473e-02;4.215725e-02;6.355186e-02;1.011677e-01;7.723305e-02;5.587787e-02;4.005719e-02;2.131702e-02;1.887202e-02
3.134258e-02;7.468389e-02;2.483615e-01;6.978123e-02;3.666824e-02;9.336348e-02;1.859334e-01;6.822888e-02;9.885227e-02;4.435818e-02;2.777515e-02;2.065127e-02
3.195810e-02;9.863603e-02;1.701801e-01;8.093662e-02;4.380726e-02;1.335650e-01;1.890396e-01;3.992786e-02;1.352669e-01;2.825112e-02;2.071526e-02;2.771622e-02
2.905233e-02;1.276577e-01;1.008182e-01;8.952785e-02;3.752988e-02;1.876608e-01;1.489335e-01;2.819492e-02;1.846514e-01;1.719988e-02;2.188937e-02;2.688423e-02
3.987047e-02;1.223923e-01;6.069507e-02;8.481774e-02;5.772212e-02;2.115555e-01;8.949577e-02;4.190004e-02;2.084281e-01;1.410821e-02;4.717712e-02;2.183755e-02
8.686692e-02;8.885856e-02;7.319372e-02;5.236700e-02;9.555809e-02;1.671161e-01;6.237538e-02;8.111871e-02;1.752905e-01;1.595281e-02;8.417806e-02;1.712407e-02
1.480414e-01;4.417903e-02;9.088407e-02;2.314139e-02;1.627223e-01;7.011835e-02;7.299016e-02;1.589952e-01;9.340563e-02;1.828867e-02;1.068001e-01;1.043370e-02
1.736964e-01;1.983210e-02;9.450395e-02;3.202627e-02;1.603535e-01;2.683856e-02;9.639204e-02;2.197895e-01;4.638851e-02;2.720345e-02;8.381830e-02;1.915755e-02
1.629314e-01;1.895943e-02;8.831012e-02;4.049436e-02;1.207824e-01;4.684662e-02;1.266530e-01;2.602193e-01;2.989400e-02;3.868455e-02;4.867865e-02;1.754620e-02
1.280207e-01;2.126976e-02;7.037479e-02;5.743678e-02;7.360539e-02;7.967272e-02;1.752889e-01;2.653743e-01;1.896776e-02;5.235185e-02;1.800723e-02;3.962971e-02
8.728901e-02;1.389009e-02;4.222268e-02;7.596529e-02;3.315460e-02;1.003350e-01;2.562916e-01;2.121080e-01;1.766977e-02;6.422144e-02;9.973949e-03;8.687846e-02
5.840870e-02;1.809082e-02;2.847486e-02;9.436232e-02;2.814830e-02;9.643254e-02;3.100293e-01;1.407121e-01;1.555628e-02;6.460002e-02;1.709742e-02;1.280874e-01
4.247209e-02;2.023915e-02;2.589657e-02;1.020194e-01;1.335350e-02;7.406139e-02;3.770350e-01;8.470345e-02;1.424532e-02;5.803612e-02;1.227842e-02;1.756596e-01
3.011377e-02;3.835225e-02;2.488429e-02;9.622382e-02;1.835026e-02;4.031790e-02;4.129193e-01;5.149032e-02;1.932507e-02;4.821414e-02;9.432710e-03;2.103761e-01
2.556715e-02;5.719366e-02;2.739981e-02;8.125488e-02;2.061559e-02;3.759345e-02;4.185606e-01;3.181164e-02;3.278751e-02;4.085196e-02;1.855356e-02;2.078102e-01
1.711657e-02;7.136410e-02;2.392543e-02;7.037446e-02;2.638993e-02;4.078559e-02;4.399433e-01;3.409101e-02;2.715207e-02;4.123968e-02;1.483878e-02;1.927791e-01
2.010383e-02;8.213764e-02;2.743262e-02;6.863042e-02;2.586328e-02;5.023279e-02;4.255271e-01;4.460249e-02;3.866653e-02;3.771801e-02;1.660320e-02;1.624821e-01
1.634226e-02;9.004121e-02;3.160806e-02;5.608501e-02;5.201058e-02;5.714283e-02;3.964447e-01;4.355071e-02;7.038355e-02;3.332357e-02;2.059484e-02;1.324726e-01
1.632185e-02;9.286925e-02;3.471918e-02;4.524387e-02;6.395911e-02;6.394905e-02;3.744972e-01;4.219215e-02;9.547246e-02;3.553812e-02;2.512977e-02;1.101080e-01
1.547711e-02;8.724564e-02;4.407281e-02;4.120508e-02;7.164619e-02;7.195695e-02;3.488902e-01;4.210352e-02;1.144570e-01;3.337003e-02;3.132217e-02;9.825341e-02
2.334186e-02;7.661942e-02;5.179264e-02;2.747019e-02;7.997257e-02;7.698809e-02;3.327512e-01;4.712534e-02;1.249276e-01;2.715284e-02;3.847430e-02;9.338387e-02
2.040027e-02;7.185195e-02;5.006588e-02;2.917578e-02;8.079536e-02;8.385755e-02;3.280302e-01;5.189246e-02;1.253416e-01;2.667867e-02;3.648644e-02;9.542383e-02
9.953789e-03;8.042189e-02;4.446932e-02;3.455106e-02;6.604535e-02;7.724203e-02;3.435416e-01;5.146727e-02;1.161971e-01;3.298806e-02;3.194438e-02;1.111782e-01
2.023270e-02;8.499028e-02;3.756345e-02;3.806181e-02;5.375627e-02;6.706385e-02;3.500671e-01;5.392807e-02;1.040849e-01;3.953221e-02;2.843197e-02;1.222873e-01
1.815855e-02;7.899138e-02;4.666244e-02;3.748300e-02;5.518598e-02;6.675018e-02;3.337259e-01;6.273404e-02;1.100613e-01;3.793461e-02;3.659469e-02;1.157178e-01
2.190616e-02;8.654052e-02;4.569255e-02;3.513011e-02;5.101266e-02;6.660494e-02;3.357924e-01;5.937047e-02;1.029935e-01;3.239815e-02;3.829477e-02;1.242639e-01
2.124579e-02;9.930026e-02;3.722908e-02;4.193744e-02;3.653681e-02;5.682712e-02;3.701566e-01;6.235890e-02;7.131112e-02;4.092471e-02;1.286113e-02;1.493111e-01
2.065477e-02;9.597067e-02;3.860079e-02;3.759064e-02;3.976870e-02;5.789148e-02;3.618662e-01;5.276998e-02;8.363792e-02;3.362318e-02;3.085581e-02;1.467699e-01
1.191398e-02;8.626820e-02;3.693892e-02;3.482395e-02;3.854509e-02;6.732176e-02;3.660451e-01;6.657249e-02;9.372026e-02;2.459382e-02;3.258485e-02;1.406715e-01
1.533104e-02;7.855967e-02;3.673977e-02;3.522664e-02;2.955993e-02;6.856992e-02;3.938428e-01;5.594588e-02;8.953770e-02;2.659689e-02;2.584005e-02;1.442498e-01
1.531620e-02;7.034316e-02;3.908552e-02;3.925369e-02;2.970275e-02;7.293756e-02;4.145997e-01;3.784907e-02;8.783055e-02;2.626326e-02;2.078490e-02;1.460336e-01
1.337542e-02;5.291402e-02;4.227893e-02;3.919883e-02;2.994216e-02;7.642518e-02;4.203532e-01;4.920680e-02;9.572172e-02;1.586739e-02;2.466269e-02;1.400537e-01
1.245510e-02;3.044030e-02;5.941132e-02;3.619580e-02;3.115750e-02;9.030200e-02;3.877802e-01;4.980269e-02;1.227052e-01;2.786984e-02;3.225780e-02;1.196222e-01
1.760760e-02;3.091911e-02;7.593854e-02;2.865697e-02;4.393917e-02;1.026754e-01;3.271427e-01;5.370422e-02;1.616445e-01;2.526789e-02;4.461744e-02;8.788648e-02
3.390733e-02;4.883860e-02;8.490071e-02;2.225958e-02;6.672342e-02;1.043049e-01;2.661944e-01;5.448182e-02;1.875310e-01;2.898277e-02;4.885348e-02;5.302200e-02
3.399889e-02;4.630504e-02;9.719489e-02;2.995945e-02;8.470269e-02;1.110748e-01;2.118580e-01;6.766151e-02;1.861855e-01;2.817033e-02;5.506817e-02;4.782073e-02
2.251772e-02;3.422381e-02;1.004515e-01;3.269307e-02;8.026895e-02;1.187515e-01;2.604966e-01;8.935654e-02;1.347044e-01;1.761140e-02;5.330522e-02;5.561918e-02
3.325174e-02;2.808206e-02;1.024826e-01;2.466794e-02;7.783208e-02;1.390477e-01;3.100488e-01;5.354469e-02;9.714784e-02;2.205986e-02;5.759086e-02;5.424378e-02
