2.286371e-02;5.838821e-02;6.217466e-02;4.405444e-02;5.035790e-02;2.898941e-01;8.665285e-02;1.817289e-01;9.801678e-02;5.592002e-02;4.401357e-02;5.934975e-03
3.468819e-02;6.659254e-02;8.381577e-02;3.599843e-02;5.092824e-02;2.632358e-01;8.090898e-02;1.639594e-01;1.031489e-01;4.517488e-02;5.461368e-02;1.693515e-02
4.381962e-02;6.480870e-02;7.003928e-02;2.693408e-02;7.056500e-02;2.103390e-01;7.866316e-02;1.583386e-01;1.156248e-01;6.071152e-02;6.978644e-02;3.036977e-02
3.204483e-02;6.797909e-02;7.862981e-02;3.843122e-02;1.025069e-01;1.976305e-01;6.659066e-02;1.200906e-01;1.216890e-01;8.519583e-02;6.585661e-02;2.335495e-02
2.636198e-02;8.953363e-02;1.175142e-01;3.528076e-02;6.909401e-02;1.860809e-01;9.658568e-02;1.720791e-01;9.869698e-02;5.075278e-02;2.296006e-02;3.505985e-02
4.714533e-02;1.736812e-01;1.885633e-01;2.619520e-02;2.672342e-02;9.428928e-02;8.474373e-02;1.473965e-01;9.866523e-02;4.050053e-02;3.375407e-02;3.834220e-02
4.101141e-02;1.550113e-01;1.711268e-01;1.962679e-02;2.268726e-02;1.164521e-01;5.009311e-02;1.696242e-01;1.406861e-01;4.262752e-02;3.210268e-02;3.895085e-02
2.962326e-02;1.035396e-01;1.155593e-01;1.645385e-02;2.475459e-02;1.196983e-01;2.691467e-02;1.975676e-01;2.254382e-01;6.081885e-02;4.263792e-02;3.699394e-02
2.333934e-02;5.065743e-02;6.394108e-02;1.260614e-02;2.768724e-02;1.402154e-01;2.720562e-02;1.699605e-01;2.767627e-01;8.705081e-02;8.232585e-02;3.824779e-02
3.153482e-02;6.240291e-02;5.993377e-02;2.372166e-02;4.054248e-02;1.869302e-01;5.468261e-02;1.083234e-01;2.125242e-01;7.169946e-02;1.013009e-01;4.640361e-02
2.839102e-02;4.360661e-02;4.721387e-02;2.154001e-02;4.596509e-02;2.487311e-01;1.055085e-01;9.164088e-02;1.541445e-01;5.732028e-02;1.210598e-01;3.487828e-02
2.364855e-02;1.879341e-02;2.905182e-02;9.819634e-03;4.530681e-02;3.622516e-01;1.181834e-01;7.119957e-02;1.001650e-01;5.469729e-02;1.425821e-01;2.430069e-02
1.774161e-02;1.802320e-02;2.286501e-02;6.635925e-03;7.121333e-02;4.137873e-01;8.834982e-02;8.974428e-02;6.363473e-02;7.321961e-02;1.184662e-01;1.631892e-02
1.245480e-02;3.120829e-02;1.868019e-02;2.039707e-02;1.464063e-01;3.414803e-01;7.300629e-02;1.348248e-01;7.273252e-02;6.856239e-02;6.917011e-02;1.107692e-02
1.113080e-02;3.746065e-02;1.197095e-02;5.580131e-02;2.459530e-01;2.499050e-01;6.215547e-02;1.313831e-01;8.918698e-02;5.244953e-02;4.364896e-02;8.954249e-03
1.856685e-02;3.837816e-02;1.736874e-02;9.310404e-02;2.555615e-01;1.870706e-01;3.709985e-02;1.307917e-01;1.338480e-01;4.889992e-02;2.622945e-02;1.308112e-02
2.862257e-02;3.147558e-02;4.044661e-02;1.027623e-01;1.928825e-01;1.304545e-01;3.624661e-02;1.709967e-01;1.734412e-01;4.859572e-02;2.913219e-02;1.494351e-02
3.609366e-02;4.316948e-02;6.082392e-02;4.885831e-02;1.304590e-01;1.177483e-01;5.975328e-02;2.352695e-01;1.342691e-01;5.766345e-02;4.829372e-02;2.759823e-02
1.850274e-02;5.207679e-02;5.834646e-02;4.550067e-02;1.636314e-01;1.390122e-01;5.706758e-02;1.634497e-01;1.509272e-01;6.681127e-02;5.599669e-02;2.867728e-02
1.775059e-02;4.213296e-02;3.591211e-02;7.502604e-02;1.862215e-01;1.200143e-01;4.610500e-02;1.490587e-01;1.688240e-01;6.704295e-02;5.904738e-02;3.286450e-02
1.541033e-02;4.008877e-02;4.947854e-02;9.339305e-02;1.649811e-01;1.058180e-01;4.319343e-02;1.408962e-01;1.933599e-01;5.414878e-02;7.256634e-02;2.666562e-02
1.577049e-02;2.874475e-02;5.132392e-02;8.770794e-02;1.599327e-01;1.095472e-01;3.860432e-02;1.492336e-01;1.948085e-01;6.614932e-02;6.992640e-02;2.825088e-02
2.080218e-02;3.861290e-02;4.386778e-02;4.962973e-02;1.451340e-01;1.329626e-01;3.101630e-02;2.323612e-01;1.219562e-01;9.138850e-02;5.997428e-02;3.229433e-02
1.520023e-02;5.168935e-02;4.180015e-02;4.026290e-02;1.236187e-01;1.417312e-01;2.353512e-02;1.942123e-01;1.684361e-01;8.042412e-02;8.398794e-02;3.510191e-02
1.937022e-02;4.904994e-02;5.128231e-02;3.577052e-02;1.250173e-01;1.853734e-01;3.403923e-02;1.107213e-01;1.879339e-01;7.120003e-02;1.002029e-01;3.003911e-02
2.202483e-02;3.294118e-02;4.617608e-02;3.944864e-02;1.486834e-01;2.093021e-01;3.748685e-02;1.446857e-01;1.881174e-01;4.050918e-02;7.042819e-02;2.019654e-02
2.146105e-02;5.255832e-02;5.544275e-02;4.483795e-02;1.200630e-01;2.207754e-01;5.759142e-02;1.536144e-01;1.646068e-01;5.485237e-02;4.299827e-02;1.119830e-02
2.808655e-02;8.143882e-02;9.764584e-02;3.282208e-02;4.868774e-02;2.057322e-01;1.129869e-01;1.193563e-01;1.375529e-01;5.644812e-02;5.544881e-02;2.379365e-02
2.324612e-02;4.978148e-02;9.287265e-02;2.325671e-02;4.145185e-02;2.467980e-01;1.717706e-01;7.360725e-02;1.452393e-01;5.115221e-02;5.649410e-02;2.432970e-02
2.309859e-02;4.786887e-02;5.744741e-02;3.189544e-02;5.232082e-02;2.736322e-01;1.607019e-01;9.924515e-02;1.441449e-01;4.205690e-02;5.005141e-02;1.753639e-02
2.724849e-02;7.711452e-02;8.316203e-02;4.528111e-02;4.692579e-02;2.330456e-01;1.057349e-01;1.372199e-01;1.115056e-01;4.092166e-02;5.159728e-02;4.024317e-02
3.612023e-02;8.874264e-02;8.826741e-02;5.313988e-02;5.027098e-02;1.734849e-01;1.390194e-01;1.092889e-01;8.060528e-02;6.082304e-02;5.500741e-02;6.523002e-02
3.803965e-02;5.470148e-02;4.844072e-02;3.442783e-02;5.241674e-02;2.204335e-01;1.911067e-01;7.558555e-02;6.963147e-02;7.046537e-02;1.028868e-01;4.186427e-02
3.732859e-02;1.872555e-02;5.808037e-02;1.013242e-02;2.385121e-02;3.245013e-01;1.839136e-01;4.557548e-02;7.358582e-02;5.308583e-02;1.611816e-01;1.003823e-02
3.749321e-02;1.231045e-02;6.609306e-02;6.485186e-03;9.711179e-03;3.831288e-01;1.240272e-01;2.694796e-02;9.062341e-02;4.204969e-02;1.903857e-01;1.074416e-02
3.257584e-02;1.455169e-02;7.821401e-02;1.038765e-02;1.196861e-02;3.810226e-01;7.885387e-02;2.909585e-02;1.150202e-01;3.572714e-02;1.981768e-01;1.440572e-02
2.635613e-02;9.222920e-03;8.947304e-02;1.126222e-02;1.676171e-02;3.726065e-01;5.975320e-02;3.980404e-02;1.219728e-01;2.591430e-02;2.126164e-01;1.425680e-02
2.007394e-02;8.002266e-03;7.922355e-02;9.859119e-03;1.437090e-02;3.340077e-01;6.300129e-02;2.841558e-02;1.971893e-01;2.098338e-02;1.989860e-01;2.588700e-02
1.254688e-02;1.235052e-02;5.144355e-02;1.495357e-02;1.741229e-02;2.659175e-01;1.559115e-01;3.291235e-02;2.086757e-01;1.872451e-02;1.543532e-01;5.479836e-02
1.294771e-02;2.389465e-02;2.848383e-02;2.941666e-02;1.438645e-02;1.866504e-01;3.144540e-01;3.311432e-02;1.158608e-01;4.791325e-02;9.427107e-02;9.860680e-02
2.194351e-02;3.393997e-02;2.258095e-02;3.900777e-02;1.280618e-02;1.577566e-01;3.929194e-01;3.849695e-02;3.147938e-02;6.948239e-02;5.855532e-02;1.210317e-01
3.749167e-02;4.130590e-02;2.794661e-02;3.665914e-02;1.379831e-02;1.475926e-01;3.393481e-01;5.550720e-02;5.433098e-02;8.279245e-02;4.841399e-02;1.148130e-01
5.540300e-02;5.942631e-02;5.302566e-02;3.251213e-02;1.849135e-02;1.674365e-01;1.675689e-01;6.699380e-02;1.190679e-01;1.189590e-01;3.735949e-02;1.037560e-01
6.147140e-02;7.543672e-02;6.688260e-02;2.049524e-02;2.247461e-02;1.877478e-01;1.086866e-01;7.618924e-02;1.691618e-01;1.047258e-01;4.105588e-02;6.567209e-02
4.848718e-02;5.669608e-02;6.678604e-02;1.865484e-02;2.531536e-02;1.964094e-01;1.721506e-01;5.639106e-02;1.700917e-01;5.172736e-02;8.303971e-02;5.425068e-02
3.968979e-02;4.164983e-02;7.774752e-02;1.428965e-02;2.367026e-02;1.323456e-01;1.957415e-01;5.881649e-02;1.893171e-01;3.039265e-02;1.409453e-01;5.539436e-02
3.577324e-02;3.221386e-02;1.035701e-01;2.547292e-02;3.829839e-02;9.058987e-02;1.780958e-01;4.677209e-02;1.655931e-01;2.996082e-02;2.048750e-01;4.878486e-02
3.412179e-02;1.833247e-02;1.088678e-01;2.145924e-02;3.530319e-02;1.797542e-01;1.180484e-01;5.771242e-02;1.062114e-01;4.245643e-02;2.372043e-01;4.052850e-02
2.371212e-02;2.020381e-02;1.021725e-01;1.991748e-02;2.643329e-02;1.951270e-01;1.099920e-01;5.978210e-02;1.200964e-01;3.955432e-02;2.466775e-01;3.633136e-02
1.245357e-02;2.435399e-02;9.082571e-02;2.474566e-02;3.514054e-02;1.943412e-01;1.554407e-01;6.806909e-02;8.613545e-02;2.855591e-02;2.390897e-01;4.084850e-02
1.507079e-02;3.392597e-02;8.806208e-02;3.025630e-02;3.376175e-02;1.329650e-01;1.803228e-01;9.230215e-02;9.217008e-02;3.185761e-02;2.081650e-01;6.114039e-02
1.998683e-02;4.402742e-02;8.716014e-02;4.330483e-02;3.086501e-02;1.561526e-01;1.591829e-01;7.314852e-02;1.118552e-01;4.435359e-02;1.703487e-01;5.961434e-02
1.719853e-02;3.539733e-02;7.904837e-02;4.566441e-02;2.718031e-02;1.939469e-01;9.538693e-02;8.054265e-02;1.423638e-01;5.014533e-02;2.009469e-01;3.217857e-02
2.026342e-02;3.096448e-02;6.585708e-02;3.280136e-02;2.002801e-02;1.801841e-01;1.356122e-01;6.917136e-02;1.453060e-01;3.691723e-02;1.948178e-01;6.807691e-02
1.448386e-02;6.317879e-02;1.069023e-01;2.495069e-02;2.846757e-02;1.643018e-01;1.782138e-01;7.422329e-02;1.144787e-01;2.759222e-02;1.239849e-01;7.922219e-02
2.605453e-02;1.319452e-01;1.893913e-01;2.979791e-02;3.191834e-02;1.824065e-01;1.472381e-01;6.608238e-02;6.494253e-02;2.143029e-02;5.702892e-02;5.176402e-02
3.798651e-02;1.618068e-01;2.017009e-01;2.566960e-02;2.270850e-02;1.600505e-01;1.331973e-01;9.181581e-02;4.843037e-02;2.794611e-02;4.714584e-02;4.154173e-02
3.579174e-02;1.149426e-01;1.414418e-01;2.106079e-02;1.511504e-02;1.607739e-01;1.987824e-01;1.047934e-01;6.654845e-02;3.448412e-02;6.224212e-02;4.402368e-02
2.895530e-02;6.032391e-02;8.248593e-02;2.204823e-02;7.134715e-03;1.893696e-01;2.571661e-01;9.103785e-02;7.263373e-02;4.085072e-02;9.788401e-02;5.010999e-02
3.075402e-02;8.440519e-02;8.807470e-02;3.124432e-02;1.617248e-02;1.827134e-01;2.114384e-01;5.843260e-02;7.718946e-02;3.794807e-02;1.341635e-01;4.746381e-02
2.773320e-02;1.026995e-01;9.351186e-02;2.828293e-02;2.728138e-02;2.110393e-01;2.024328e-01;3.832501e-02;7.513185e-02;2.205842e-02;1.140009e-01;5.750292e-02
2.500932e-02;6.159618e-02;8.895434e-02;2.881536e-02;2.483032e-02;3.003995e-01;1.854649e-01;4.561898e-02;7.024907e-02;3.292127e-02;8.623727e-02;4.990355e-02
2.216971e-02;6.841573e-02;1.156546e-01;2.230937e-02;1.890884e-02;3.120238e-01;1.367846e-01;3.964635e-02;9.091765e-02;3.831486e-02;1.069907e-01;2.786378e-02
1.620611e-02;7.317048e-02;1.090868e-01;1.413242e-02;2.903097e-02;2.592207e-01;1.483571e-01;6.232727e-02;1.063010e-01;5.497379e-02;1.066269e-01;2.056636e-02
1.829508e-02;7.799313e-02;6.480785e-02;3.555727e-02;8.654120e-02;1.876457e-01;1.198185e-01;9.043440e-02;1.228669e-01;1.023484e-01;5.120159e-02;4.248992e-02
1.576366e-02;8.276646e-02;3.149843e-02;5.091327e-02;1.830283e-01;1.174584e-01;4.969497e-02;8.814669e-02;1.232450e-01;1.393771e-01;6.332533e-02;5.478245e-02
8.230668e-03;6.027520e-02;2.224651e-02;5.121888e-02;2.360373e-01;1.958490e-01;3.513724e-02;5.790771e-02;1.104409e-01;1.388227e-01;4.114464e-02;4.268918e-02
2.985854e-02;5.843347e-02;2.312034e-02;8.331133e-02;2.605596e-01;1.544930e-01;5.168861e-02;4.517292e-02;1.114266e-01;1.235135e-01;2.656649e-02;3.185545e-02
6.397368e-02;6.352346e-02;2.785476e-02;1.313251e-01;2.669915e-01;4.218877e-02;2.911043e-02;6.339847e-02;1.347361e-01;1.076083e-01;4.115513e-02;2.813433e-02
6.513710e-02;4.501119e-02;1.888169e-02;1.532887e-01;2.151023e-01;1.126301e-01;5.230338e-02;5.949031e-02;1.415764e-01;7.325289e-02;3.870052e-02;2.462542e-02
5.268243e-02;3.477819e-02;5.097631e-02;1.767366e-01;1.559009e-01;1.072230e-01;6.311447e-02;7.401936e-02;1.704071e-01;5.106949e-02;3.213639e-02;3.095576e-02
3.891515e-02;3.739958e-02;6.244804e-02;1.767756e-01;6.037780e-02;1.288923e-01;3.706897e-02;8.950472e-02;2.197706e-01;8.743680e-02;3.265361e-02;2.875683e-02
3.411827e-02;3.169284e-02;4.955735e-02;1.682726e-01;8.742093e-02;9.430579e-02;3.264973e-02;1.055448e-01;2.568304e-01;9.196506e-02;3.562042e-02;1.202181e-02
2.631087e-02;3.817898e-02;4.738752e-02;1.646309e-01;1.375333e-01;5.115550e-02;3.986081e-02;1.221677e-01;2.523174e-01;7.100876e-02;4.009654e-02;9.351742e-03
1.938987e-02;4.362323e-02;4.277343e-02;1.595573e-01;1.595961e-01;5.217670e-02;4.640355e-02;1.341828e-01;2.578452e-01;3.444188e-02;4.044662e-02;9.563256e-03
1.844992e-02;2.932323e-02;4.239720e-02;1.556458e-01;1.714933e-01;6.914125e-02;2.300446e-02;1.371561e-01;2.682563e-01;5.336144e-02;2.082975e-02;1.094124e-02
2.106032e-02;2.544718e-02;4.233863e-02;1.540389e-01;1.514946e-01;5.398278e-02;3.207649e-02;1.179666e-01;2.652268e-01;9.021194e-02;3.438966e-02;1.176610e-02
1.721361e-02;2.979677e-02;4.497087e-02;1.520763e-01;1.129035e-01;5.254315e-02;4.644162e-02;1.132550e-01;2.496747e-01;1.120533e-01;5.349008e-02;1.558116e-02
1.829377e-02;2.919292e-02;3.315479e-02;1.431499e-01;1.169603e-01;9.011112e-02;2.620179e-02;1.558335e-01;2.383131e-01;9.736925e-02;4.421913e-02;7.200404e-03
3.030238e-02;3.583213e-02;4.082683e-02;1.102252e-01;1.172771e-01;8.010320e-02;2.445922e-02;1.784593e-01;2.510893e-01;7.924440e-02;3.700147e-02;1.517951e-02
2.705805e-02;4.560513e-02;6.065337e-02;8.705420e-02;1.097643e-01;7.572534e-02;3.304741e-02;1.986390e-01;2.483033e-01;7.166515e-02;2.891790e-02;1.356684e-02
1.275236e-02;4.349273e-02;7.904679e-02;8.741675e-02;1.060537e-01;9.810912e-02;2.861385e-02;1.873812e-01;2.493975e-01;6.429993e-02;2.625809e-02;1.717794e-02
1.739877e-02;4.377929e-02;7.132159e-02;8.903044e-02;1.064520e-01;1.171765e-01;3.387152e-02;1.481095e-01;2.716430e-01;4.351328e-02;3.589256e-02;2.181153e-02
3.486908e-02;6.776920e-02;6.937142e-02;6.755231e-02;8.274966e-02;1.204118e-01;4.047666e-02;1.465476e-01;2.848044e-01;3.063879e-02;3.659067e-02;1.821840e-02
4.388929e-02;7.769613e-02;7.465684e-02;4.476113e-02;3.354919e-02;8.659575e-02;5.899534e-02;1.781789e-01;3.088294e-01;3.897474e-02;3.343543e-02;2.043786e-02
3.013358e-02;6.033222e-02;6.828933e-02;4.930714e-02;4.134068e-02;9.177548e-02;4.677778e-02;1.922929e-01;3.064757e-01;5.536429e-02;3.428110e-02;2.362977e-02
3.030537e-02;4.032278e-02;6.272186e-02;7.588021e-02;1.116124e-01;5.618879e-02;1.327640e-02;1.887681e-01;3.247799e-01;4.964697e-02;2.537839e-02;2.111884e-02
2.811695e-02;3.357494e-02;5.284886e-02;8.411396e-02;1.359509e-01;8.135080e-02;1.474250e-02;1.618450e-01;3.181014e-01;3.559526e-02;3.120848e-02;2.255094e-02
2.691304e-02;7.286289e-02;6.945679e-02;7.603871e-02;1.135513e-01;8.781032e-02;2.938263e-02;1.320387e-01;2.950774e-01;5.462752e-02;2.572564e-02;1.651515e-02
2.522589e-02;7.827736e-02;7.305242e-02;6.587592e-02;9.482566e-02;7.619452e-02;4.303205e-02;1.144966e-01;3.232071e-01;5.599974e-02;3.261424e-02;1.719841e-02
2.430682e-02;6.508273e-02;1.045033e-01;7.185912e-02;5.992648e-02;1.086256e-01;1.922861e-02;1.496659e-01;3.138855e-01;3.542966e-02;3.227645e-02;1.520982e-02
3.284407e-02;9.523822e-02;1.090935e-01;6.871535e-02;5.194108e-02;8.179067e-02;6.794378e-02;1.506614e-01;2.188181e-01;5.911953e-02;4.090906e-02;2.292516e-02
2.869722e-02;1.006340e-01;1.041799e-01;7.430993e-02;7.038492e-02;8.656909e-02;6.176289e-02;1.256959e-01;1.704269e-01;9.785040e-02;5.239414e-02;2.709465e-02
2.201791e-02;4.867231e-02;1.092662e-01;9.779941e-02;8.160646e-02;1.049554e-01;1.772382e-02;1.114154e-01;1.978833e-01;1.180659e-01;6.154181e-02;2.905201e-02
3.770220e-02;5.125907e-02;9.785391e-02;9.613552e-02;8.891401e-02;1.119386e-01;5.248701e-02;1.094516e-01;1.617364e-01;1.020405e-01;4.922469e-02;4.125649e-02
4.175262e-02;6.217572e-02;1.326106e-01;9.426278e-02;7.358579e-02;1.011019e-01;8.404896e-02;1.066733e-01;1.278748e-01;8.563415e-02;4.817182e-02;4.210752e-02
3.287886e-02;1.161535e-01;1.578848e-01;6.794433e-02;3.256511e-02;1.249374e-01;1.773164e-01;8.165322e-02;7.763840e-02;5.520209e-02;2.767541e-02;4.815042e-02
2.463758e-02;8.433350e-02;1.008842e-01;6.095640e-02;2.453814e-02;1.154836e-01;3.276424e-01;7.597961e-02;6.534401e-02;4.558040e-02;1.698762e-02;5.763254e-02
1.236194e-02;2.993012e-02;5.346793e-02;5.633992e-02;1.903819e-02;9.089103e-02;4.792179e-01;7.198297e-02;5.320913e-02;4.073319e-02;2.799117e-02;6.483655e-02
1.092906e-02;2.305026e-02;4.434747e-02;5.006873e-02;2.914388e-02;1.481196e-01;4.888555e-01;5.015439e-02;3.605379e-02;2.388975e-02;3.392319e-02;6.146438e-02
1.184948e-02;3.223673e-02;4.858760e-02;5.109845e-02;2.506858e-02;2.238555e-01;4.311937e-01;3.120952e-02;3.716595e-02;1.206209e-02;3.064325e-02;6.502904e-02
1.188096e-02;2.485071e-02;3.827386e-02;9.196467e-02;2.419966e-02;1.545098e-01;4.572010e-01;4.014041e-02;3.750888e-02;1.230474e-02;2.138467e-02;8.578065e-02
1.603020e-02;2.834506e-02;3.252735e-02;1.520841e-01;2.484838e-02;7.425947e-02;4.451077e-01;5.836688e-02;3.402894e-02;1.748646e-02;1.035864e-02;1.065569e-01
2.388027e-02;3.268797e-02;3.273666e-02;2.185282e-01;2.044705e-02;3.442001e-02;3.862607e-01;5.156189e-02;3.773105e-02;2.308523e-02;1.522018e-02;1.234407e-01
2.563636e-02;1.729136e-02;2.276482e-02;2.356081e-01;2.101933e-02;5.087868e-02;3.500228e-01;7.719559e-02;3.581835e-02;2.654503e-02;1.427255e-02;1.229470e-01
4.156994e-02;2.806350e-02;2.680516e-02;1.695501e-01;1.934236e-02;6.034004e-02;3.162983e-01;1.728363e-01;3.018868e-02;2.782043e-02;9.239017e-03;9.794625e-02
1.070975e-01;6.748283e-02;3.960277e-02;6.090376e-02;3.504604e-02;4.462454e-02;2.118847e-01;2.990332e-01;3.881987e-02;2.563641e-02;8.348948e-03;6.151947e-02
1.490765e-01;1.062362e-01;4.611408e-02;4.446942e-02;7.331560e-02;4.240606e-02;1.062356e-01;3.272254e-01;5.187196e-02;2.191686e-02;1.459199e-02;1.654029e-02
1.134461e-01;1.228688e-01;4.462686e-02;4.241005e-02;8.462909e-02;5.017351e-02;1.680913e-01;2.311426e-01;8.236013e-02;2.508789e-02;1.902341e-02;1.614020e-02
7.955711e-02;1.916443e-01;7.547474e-02;3.320665e-02;6.563891e-02;8.009574e-02;1.783767e-01;1.186562e-01;1.255907e-01;2.948600e-02;1.396839e-02;8.304506e-03
2.616029e-02;2.667851e-01;1.110536e-01;3.826273e-02;4.091161e-02;1.118813e-01;1.359884e-01;6.843953e-02;1.427512e-01;3.428602e-02;1.051713e-02;1.296314e-02
3.629723e-02;2.956214e-01;1.419025e-01;4.050641e-02;2.397194e-02;1.192803e-01;1.081443e-01;4.063379e-02;1.424114e-01;2.935003e-02;5.582919e-03;1.629780e-02
3.878743e-02;2.761955e-01;1.714140e-01;4.441928e-02;1.966879e-02;1.353352e-01;9.231104e-02;3.492967e-02;1.235886e-01;3.848688e-02;6.461066e-03;1.840264e-02
2.729734e-02;2.442103e-01;2.072680e-01;4.625374e-02;2.410528e-02;1.096994e-01;9.206611e-02;3.885324e-02;1.069587e-01;6.055045e-02;1.513617e-02;2.760134e-02
1.640308e-02;2.271357e-01;2.137851e-01;3.637131e-02;1.994272e-02;1.092643e-01;1.160580e-01;4.480112e-02;1.055419e-01;6.150278e-02;1.812801e-02;3.106595e-02
1.354992e-02;2.063934e-01;1.925166e-01;3.955097e-02;2.082762e-02;1.169096e-01;1.293701e-01;5.288616e-02;1.143978e-01;6.905016e-02;5.195319e-03;3.935229e-02
1.291158e-02;1.927058e-01;1.967731e-01;4.231473e-02;2.824658e-02;1.140783e-01;1.218311e-01;5.636352e-02;1.204609e-01;6.216923e-02;8.345934e-03;4.379911e-02
3.191728e-02;2.299241e-01;1.911824e-01;3.446951e-02;2.566688e-02;1.114274e-01;1.118041e-01;5.626889e-02;1.153050e-01;4.705260e-02;8.916597e-03;3.606528e-02
4.016769e-02;2.272702e-01;1.755792e-01;2.867998e-02;1.269369e-02;1.165053e-01;1.372249e-01;7.928065e-02;1.075260e-01;2.970220e-02;1.649440e-02;2.887578e-02
3.949462e-02;2.219738e-01;1.867483e-01;3.116600e-02;1.790973e-02;1.116319e-01;1.614836e-01;7.047027e-02;9.392832e-02;2.610723e-02;1.505278e-02;2.403353e-02
3.657806e-02;1.934608e-01;1.661980e-01;3.395795e-02;4.251027e-02;7.525732e-02;1.728440e-01;1.264554e-01;7.835180e-02;3.182577e-02;1.302199e-02;2.953864e-02
6.008413e-02;1.143492e-01;1.111666e-01;4.687141e-02;4.809240e-02;5.203987e-02;1.384014e-01;2.370102e-01;9.675533e-02;4.007792e-02;1.377234e-02;4.137919e-02
6.112625e-02;1.077472e-01;1.217194e-01;6.336916e-02;3.838573e-02;5.228885e-02;9.032997e-02;2.079214e-01;1.296576e-01;5.365860e-02;1.475126e-02;5.904451e-02
5.551936e-02;1.782301e-01;1.565879e-01;4.409190e-02;2.912168e-02;5.941722e-02;1.667014e-01;6.255017e-02;1.216820e-01;4.264123e-02;2.451513e-02;5.894191e-02
6.015763e-02;1.791833e-01;1.505140e-01;2.363412e-02;3.555381e-02;1.101846e-01;1.230675e-01;8.136699e-02;1.170656e-01;4.174681e-02;3.581225e-02;4.171341e-02
2.757210e-02;1.376596e-01;1.452077e-01;1.938537e-02;5.505243e-02;1.961017e-01;7.211522e-02;1.104695e-01;1.217139e-01;5.296629e-02;3.019345e-02;3.156272e-02
3.513581e-02;1.005560e-01;9.718146e-02;6.877694e-02;9.050069e-02;1.903391e-01;8.925874e-02;1.203910e-01;1.160651e-01;5.967886e-02;1.374085e-02;1.837545e-02
4.420738e-02;7.070997e-02;5.536868e-02;1.294573e-01;1.118980e-01;1.324447e-01;8.859047e-02;1.213134e-01;1.649525e-01;4.875589e-02;1.655480e-02;1.574696e-02
3.627677e-02;6.000806e-02;6.233677e-02;1.408128e-01;8.653871e-02;9.784432e-02;6.745250e-02;1.870917e-01;1.830900e-01;3.378069e-02;1.529826e-02;2.946933e-02
1.999574e-02;6.070691e-02;1.225361e-01;1.065191e-01;4.427499e-02;1.020444e-01;6.156246e-02;2.197041e-01;1.613649e-01;3.153861e-02;2.035264e-02;4.940008e-02
1.770449e-02;1.016914e-01;1.873280e-01;5.552373e-02;2.201411e-02;8.656657e-02;1.045121e-01;2.257030e-01;9.597314e-02;2.912450e-02;1.822314e-02;5.563579e-02
3.075670e-02;1.099040e-01;1.939994e-01;2.085592e-02;4.193021e-02;8.947589e-02;9.966560e-02;2.382150e-01;8.233695e-02;2.518097e-02;1.768833e-02;4.999099e-02
3.154363e-02;9.525232e-02;1.703364e-01;7.083335e-02;6.346732e-02;6.655912e-02;8.360860e-02;2.518791e-01;7.744174e-02;2.880814e-02;1.602136e-02;4.424891e-02
1.553903e-02;8.981249e-02;1.414239e-01;8.388855e-02;5.915666e-02;6.304775e-02;8.088809e-02;2.651924e-01;1.190381e-01;2.742167e-02;1.276883e-02;4.182244e-02
2.002014e-02;1.052776e-01;1.470331e-01;6.018490e-02;4.947076e-02;6.671144e-02;7.596602e-02;2.654800e-01;1.464860e-01;2.405650e-02;1.316654e-02;2.614691e-02
2.198619e-02;1.288494e-01;1.630852e-01;2.136995e-02;4.499298e-02;7.641996e-02;9.251549e-02;2.468559e-01;1.332352e-01;4.176782e-02;1.052224e-02;1.839958e-02
3.191745e-02;1.165333e-01;1.457367e-01;6.798881e-02;4.324751e-02;7.143912e-02;9.614750e-02;1.734126e-01;1.387829e-01;4.475052e-02;2.207624e-02;4.796747e-02
3.124812e-02;8.383512e-02;8.612787e-02;9.593101e-02;2.738737e-02;6.424610e-02;1.510631e-01;1.674988e-01;1.691348e-01;4.754859e-02;2.044079e-02;5.553832e-02
3.041338e-02;8.921224e-02;9.458925e-02;6.475227e-02;5.854051e-02;5.332342e-02;1.782131e-01;1.908431e-01;1.719664e-01;2.157245e-02;1.587041e-02;3.070346e-02
3.733898e-02;1.127083e-01;1.270314e-01;5.359398e-02;5.957391e-02;6.146036e-02;1.379777e-01;2.117865e-01;1.433619e-01;1.838860e-02;1.243390e-02;2.434444e-02
4.220618e-02;1.510891e-01;1.773200e-01;5.527822e-02;5.273331e-02;6.521744e-02;8.427335e-02;2.035286e-01;9.619295e-02;2.406897e-02;1.354977e-02;3.454207e-02
3.368599e-02;1.463772e-01;2.181312e-01;5.676961e-02;4.213213e-02;7.276728e-02;7.259823e-02;1.654815e-01;9.501994e-02;4.347574e-02;1.577901e-02;3.778216e-02
3.819858e-02;1.430835e-01;2.356514e-01;6.380412e-02;3.104462e-02;5.548732e-02;1.248337e-01;1.218126e-01;1.047626e-01;3.107703e-02;1.687684e-02;3.336764e-02
3.047907e-02;1.647012e-01;2.217011e-01;6.538422e-02;3.013807e-02;4.032698e-02;1.417253e-01;1.167959e-01;1.189176e-01;3.013772e-02;1.299174e-02;2.670114e-02
3.245302e-02;1.744374e-01;2.089520e-01;7.101133e-02;1.862729e-02;4.411536e-02;1.238558e-01;1.417135e-01;1.162736e-01;3.656135e-02;1.457571e-02;1.742375e-02
3.580993e-02;1.220984e-01;1.835749e-01;7.759026e-02;3.653669e-02;3.500900e-02;1.426252e-01;1.677800e-01;1.323324e-01;2.645344e-02;2.065282e-02;1.953694e-02
3.172840e-02;1.043479e-01;1.276511e-01;4.571183e-02;5.453188e-02;3.969481e-02;1.868656e-01;1.673363e-01;1.336014e-01;4.752971e-02;2.201761e-02;3.898337e-02
2.635339e-02;7.462548e-02;1.283331e-01;6.161476e-02;5.635957e-02;7.296149e-02;1.720578e-01;1.643808e-01;1.252989e-01;4.988851e-02;2.963596e-02;3.849020e-02
2.598555e-02;7.344450e-02;1.479283e-01;7.220578e-02;4.564992e-02;4.989514e-02;1.713550e-01;1.626921e-01;1.394084e-01;4.297899e-02;3.366620e-02;3.479005e-02
3.276722e-02;1.569717e-01;2.105519e-01;5.862919e-02;2.122500e-02;4.824664e-02;1.553801e-01;1.213255e-01;1.059247e-01;2.197270e-02;2.503343e-02;4.197191e-02
4.939803e-02;2.083758e-01;2.378871e-01;4.661135e-02;2.871476e-02;2.942701e-02;1.241167e-01;1.180061e-01;6.640051e-02;2.757215e-02;1.275536e-02;5.073523e-02
5.796620e-02;2.029097e-01;2.174874e-01;4.046934e-02;3.360685e-02;5.011472e-02;1.191620e-01;1.333932e-01;5.824093e-02;2.497629e-02;2.021130e-02;4.146210e-02
4.728898e-02;1.849224e-01;2.047326e-01;5.347456e-02;3.394108e-02;5.338796e-02;1.165816e-01;1.396535e-01;8.656903e-02;2.670614e-02;2.010323e-02;3.263898e-02
3.253874e-02;1.442603e-01;2.157763e-01;8.601829e-02;3.105253e-02;5.923008e-02;1.300320e-01;1.328206e-01;9.195226e-02;2.607430e-02;1.551941e-02;3.472529e-02
3.194993e-02;1.567651e-01;2.017952e-01;7.891871e-02;1.989918e-02;5.181096e-02;1.353338e-01;1.449658e-01;9.896547e-02;3.638056e-02;1.401326e-02;2.920204e-02
4.142466e-02;1.832988e-01;1.686031e-01;3.896743e-02;1.649707e-02;4.498019e-02;1.408281e-01;1.324049e-01;1.402589e-01;5.052584e-02;1.587380e-02;2.633722e-02
4.532216e-02;1.420143e-01;1.158021e-01;5.852798e-02;2.435036e-02;9.232069e-02;1.256413e-01;1.296689e-01;1.646360e-01;5.158439e-02;2.003013e-02;3.010170e-02
4.344887e-02;1.683793e-01;1.709820e-01;6.063056e-02;3.214137e-02;7.911892e-02;1.454416e-01;9.782196e-02;1.049007e-01;5.339598e-02;2.052208e-02;2.321662e-02
3.439957e-02;1.712459e-01;1.755807e-01;4.584768e-02;4.026775e-02;8.407690e-02;1.389936e-01;1.171635e-01;1.033343e-01;4.690137e-02;1.563232e-02;2.655637e-02
2.792670e-02;1.555992e-01;1.809211e-01;3.114910e-02;4.823576e-02;8.509606e-02;1.059329e-01;1.286866e-01;1.504640e-01;4.030827e-02;1.561205e-02;3.006825e-02
3.320192e-02;1.516684e-01;1.857722e-01;3.235430e-02;3.342341e-02;6.396944e-02;6.843984e-02;1.647480e-01;1.560368e-01;5.692570e-02;2.352540e-02;2.993464e-02
3.133058e-02;1.587686e-01;1.699169e-01;3.763612e-02;2.307565e-02;7.012927e-02;9.192945e-02;2.024796e-01;9.681354e-02;4.666829e-02;2.403288e-02;4.721909e-02
3.900390e-02;1.221312e-01;1.630720e-01;3.364960e-02;3.427701e-02;8.957196e-02;1.352543e-01;1.872173e-01;9.504854e-02;2.914566e-02;2.116731e-02;5.046116e-02
4.249120e-02;9.106011e-02;1.449112e-01;6.141874e-02;4.045139e-02;7.175273e-02;1.425256e-01;1.555291e-01;1.417480e-01;2.922808e-02;3.145105e-02;4.743280e-02
5.651485e-02;8.704801e-02;1.260342e-01;6.017505e-02;6.389932e-02;6.367268e-02;1.186067e-01;1.875628e-01;1.294932e-01;4.538411e-02;2.499188e-02;3.661721e-02
4.807715e-02;7.313997e-02;1.126354e-01;3.907574e-02;6.107043e-02;1.101347e-01;1.886525e-01;1.462901e-01;7.441927e-02;6.352776e-02;3.723828e-02;4.573859e-02
3.178117e-02;9.257878e-02;1.236358e-01;5.227786e-02;7.381019e-02;8.992127e-02;2.710833e-01;8.987591e-02;6.144493e-02;5.484297e-02;3.349556e-02;2.525219e-02
1.812666e-02;8.929630e-02;1.292176e-01;3.832003e-02;6.416146e-02;1.807685e-01;2.486230e-01;7.924163e-02;5.742842e-02;4.621929e-02;3.118716e-02;1.741001e-02
2.807035e-02;9.268205e-02;1.275260e-01;5.016652e-02;6.957284e-02;2.080937e-01;1.892891e-01;9.406067e-02;5.855875e-02;4.038798e-02;2.243326e-02;1.915884e-02
4.262080e-02;8.820133e-02;9.370601e-02;7.257047e-02;1.061549e-01;2.868647e-01;6.212896e-02;8.564628e-02;6.349731e-02;4.355104e-02;3.379530e-02;2.126284e-02
3.770176e-02;5.884949e-02;5.207884e-02;5.899059e-02;1.183509e-01;3.805776e-01;9.732991e-02;4.220560e-02;5.868461e-02;3.416301e-02;4.557054e-02;1.549721e-02
1.933984e-02;3.036102e-02;5.735479e-02;2.557847e-02;7.359077e-02;4.101405e-01;1.895554e-01;4.035779e-02;6.343196e-02;2.626435e-02;4.140142e-02;2.262373e-02
2.203029e-02;4.143230e-02;6.245939e-02;1.078339e-02;3.820813e-02;3.553239e-01;2.296763e-01;4.682408e-02;8.642580e-02;2.682855e-02;4.269359e-02;3.731423e-02
3.619729e-02;5.170740e-02;5.837650e-02;1.607916e-02;4.434695e-02;3.137488e-01;1.892350e-01;4.512320e-02;1.144145e-01;3.905168e-02;5.104651e-02;4.067297e-02
6.188031e-02;3.916418e-02;7.570576e-02;3.446997e-02;5.346529e-02;3.022418e-01;1.445156e-01;4.720679e-02;9.519462e-02;5.016907e-02;6.073145e-02;3.525510e-02
7.721443e-02;3.522014e-02;9.421154e-02;3.903896e-02;4.771905e-02;3.041107e-01;1.695964e-01;2.251990e-02;6.070707e-02;5.481687e-02;5.989740e-02;3.494756e-02
5.506959e-02;3.486742e-02;9.069984e-02;2.275766e-02;4.554774e-02;3.140914e-01;2.245882e-01;2.534140e-02;3.925005e-02;4.369246e-02;6.385766e-02;4.023660e-02
3.470046e-02;3.569069e-02;8.379096e-02;1.579671e-02;3.535304e-02;3.258182e-01;2.487890e-01;3.642554e-02;4.058418e-02;3.231850e-02;5.633985e-02;5.439287e-02
2.003124e-02;3.620815e-02;1.012155e-01;2.178873e-02;2.756647e-02;3.015961e-01;2.222309e-01;7.323620e-02;4.311802e-02;2.845313e-02;4.964476e-02;7.491080e-02
2.745030e-02;8.544160e-02;1.261778e-01;3.385519e-02;1.389450e-02;2.136755e-01;2.034615e-01;9.095108e-02;3.781100e-02;2.428914e-02;5.501835e-02;8.797413e-02
2.983646e-02;7.528414e-02;9.924153e-02;2.816213e-02;2.360265e-02;1.983649e-01;2.548291e-01;8.145618e-02;4.883193e-02;3.044581e-02;4.017778e-02;8.976739e-02
3.144082e-02;3.446503e-02;6.723374e-02;1.828779e-02;5.254439e-02;2.070321e-01;2.941584e-01;9.483485e-02;3.696074e-02;2.930840e-02;5.565604e-02;7.807772e-02
4.178268e-02;6.408081e-02;6.821508e-02;2.479868e-02;5.305147e-02;1.373869e-01;2.900651e-01;9.101933e-02;6.013962e-02;3.399839e-02;7.330798e-02;6.215404e-02
4.213927e-02;3.936084e-02;6.353741e-02;2.536870e-02;4.438043e-02;2.081492e-01;2.344277e-01;9.197333e-02;6.493630e-02;3.294171e-02;7.309101e-02;7.969417e-02
4.625123e-02;4.817892e-02;8.230554e-02;5.101798e-02;5.003785e-02;2.229661e-01;1.599400e-01;9.051720e-02;6.987444e-02;3.825323e-02;6.352116e-02;7.713629e-02
5.796194e-02;5.643523e-02;1.254087e-01;4.769038e-02;5.124364e-02;1.765275e-01;1.704392e-01;6.252113e-02;7.080626e-02;5.204947e-02;6.224602e-02;6.667063e-02
6.212347e-02;7.617616e-02;1.426088e-01;3.349526e-02;4.976331e-02;7.562123e-02;2.116171e-01;9.077253e-02;9.449266e-02;5.191584e-02;3.945396e-02;7.195967e-02
5.100966e-02;9.818282e-02;1.223753e-01;3.832540e-02;5.308660e-02;1.650503e-01;1.774209e-01;6.050227e-02;8.248481e-02;3.578164e-02;5.521665e-02;6.056360e-02
3.928955e-02;6.428602e-02;6.931805e-02;2.030650e-02;6.040465e-02;2.435105e-01;1.623379e-01;7.050303e-02;8.782867e-02;4.459289e-02;8.225323e-02;5.536897e-02
3.279989e-02;6.138544e-02;4.203386e-02;2.995612e-02;6.357981e-02;2.378442e-01;1.201174e-01;9.952766e-02;8.842678e-02;5.472009e-02;9.665895e-02;7.294983e-02
3.686171e-02;8.944315e-02;6.309240e-02;3.010323e-02;6.234802e-02;2.058596e-01;8.814985e-02;1.153475e-01;1.144149e-01;4.901791e-02;6.470070e-02;8.066109e-02
3.348714e-02;1.128071e-01;5.825065e-02;3.051395e-02;4.910976e-02;2.126933e-01;1.024488e-01;1.034095e-01;1.171256e-01;3.577181e-02;4.615674e-02;9.822567e-02
3.958545e-02;9.982827e-02;6.563939e-02;1.709113e-02;2.958933e-02;2.244894e-01;9.945669e-02;8.281668e-02;1.275899e-01;4.887304e-02;5.909315e-02;1.059477e-01
4.536253e-02;5.156769e-02;1.090454e-01;3.462692e-02;3.634489e-02;2.147391e-01;6.826911e-02;1.158715e-01;1.040900e-01;4.399681e-02;7.849388e-02;9.759212e-02
5.397104e-02;8.532411e-02;1.423441e-01;4.671707e-02;3.677999e-02;2.064837e-01;5.770994e-02;8.312973e-02;9.242506e-02;3.674482e-02;7.494630e-02;8.342418e-02
4.394339e-02;1.093964e-01;1.376394e-01;4.266027e-02;2.992436e-02;2.239194e-01;4.343633e-02;8.788438e-02;8.492357e-02;4.291996e-02;7.477431e-02;7.857823e-02
2.507142e-02;7.597776e-02;8.271608e-02;2.550649e-02;2.060668e-02;2.837966e-01;1.198147e-01;1.093616e-01;9.004881e-02;4.664609e-02;5.775432e-02;6.269941e-02
2.200155e-02;4.879628e-02;5.590381e-02;3.300890e-02;3.255816e-02;3.270181e-01;1.895760e-01;9.555703e-02;5.434385e-02;3.280195e-02;4.432672e-02;6.410766e-02
3.393114e-02;5.166607e-02;6.506187e-02;2.694541e-02;5.054133e-02;2.737989e-01;1.646768e-01;9.279422e-02;5.535567e-02;4.226128e-02;5.408069e-02;8.888662e-02
3.835693e-02;6.275383e-02;8.013740e-02;2.089055e-02;5.186184e-02;2.248001e-01;1.025779e-01;1.220772e-01;9.505239e-02;3.557687e-02;6.054045e-02;1.053745e-01
3.691766e-02;6.212782e-02;5.597308e-02;2.401776e-02;5.607259e-02;2.433387e-01;5.853090e-02;1.420867e-01;1.149275e-01;4.598062e-02;8.595408e-02;7.407264e-02
3.667362e-02;6.240457e-02;5.629481e-02;4.192133e-02;6.423781e-02;2.442248e-01;1.048216e-01;1.144677e-01;9.461842e-02;5.228278e-02;6.860248e-02;5.945010e-02
3.808224e-02;9.265606e-02;9.706202e-02;4.381234e-02;8.158171e-02;2.398846e-01;7.892387e-02;8.323882e-02;8.462675e-02;5.076843e-02;5.920934e-02;5.015381e-02
3.673751e-02;1.157888e-01;1.263807e-01;5.741588e-02;5.208840e-02;1.616962e-01;1.211070e-01;1.272104e-01;5.964239e-02;6.062479e-02;3.621627e-02;4.509161e-02
3.096707e-02;9.969866e-02;9.909775e-02;6.149732e-02;3.499687e-02;9.702068e-02;2.178386e-01;1.669852e-01;4.689135e-02;6.595493e-02;2.746522e-02;5.158630e-02
1.835643e-02;5.741137e-02;5.724579e-02;6.307496e-02;2.205596e-02;8.956887e-02;3.432915e-01;1.662498e-01;3.031622e-02;6.184981e-02;2.116084e-02;6.941851e-02
7.896175e-03;1.819999e-02;4.260024e-02;4.434276e-02;1.483064e-02;1.682641e-01;4.190033e-01;1.157034e-01;3.198514e-02;3.551411e-02;3.978032e-02;6.187987e-02
6.766280e-03;1.358984e-02;6.170297e-02;2.739222e-02;8.134564e-03;2.910167e-01;3.412782e-01;7.276504e-02;4.116140e-02;1.295680e-02;7.729340e-02;4.594262e-02
6.516001e-03;1.357646e-02;9.381627e-02;1.629299e-02;7.273383e-03;4.249929e-01;1.779270e-01;3.981682e-02;4.478761e-02;1.563182e-02;1.300289e-01;2.933985e-02
5.996843e-03;1.211885e-02;1.278648e-01;1.214430e-02;1.814746e-02;4.947772e-01;7.068123e-02;2.421733e-02;4.555690e-02;1.899960e-02;1.609846e-01;8.510850e-03
7.282468e-03;1.521021e-02;1.509919e-01;1.210339e-02;1.940738e-02;4.633994e-01;7.219241e-02;2.004365e-02;3.539147e-02;2.187467e-02;1.607068e-01;2.139625e-02
5.300147e-03;2.822519e-02;1.641372e-01;1.536295e-02;3.257395e-02;4.162757e-01;1.115269e-01;1.972210e-02;2.071061e-02;1.956775e-02;1.425866e-01;2.401075e-02
7.666768e-03;3.230872e-02;1.938978e-01;1.094541e-02;3.714557e-02;4.066828e-01;7.512694e-02;1.965572e-02;2.452460e-02;1.869786e-02;1.429792e-01;3.036864e-02
1.320728e-02;2.488060e-02;1.846751e-01;3.484874e-02;2.336178e-02;3.416829e-01;1.015282e-01;3.185451e-02;3.694538e-02;1.332368e-02;1.402839e-01;5.340791e-02
7.121693e-03;2.499728e-02;9.274998e-02;9.731402e-02;2.020773e-02;1.936838e-01;2.751617e-01;5.849508e-02;3.076302e-02;1.348753e-02;9.568861e-02;9.032960e-02
4.017512e-02;3.670533e-02;2.935981e-02;1.240389e-01;2.692149e-02;1.005730e-01;3.461268e-01;1.200128e-01;1.998304e-02;1.616029e-02;4.267801e-02;9.726540e-02
9.178955e-02;4.543156e-02;2.350034e-02;8.437915e-02;6.140636e-02;9.684746e-02;2.340928e-01;2.314809e-01;3.319716e-02;2.395515e-02;1.365584e-02;6.026369e-02
1.172793e-01;4.949743e-02;3.457947e-02;4.383510e-02;1.078711e-01;7.824404e-02;7.147988e-02;3.469377e-01;4.943398e-02;2.066095e-02;3.683418e-02;4.334681e-02
8.251322e-02;8.019847e-02;6.471253e-02;4.045184e-02;1.055061e-01;5.960204e-02;2.880014e-02;3.211558e-01;1.209314e-01;1.971226e-02;5.376836e-02;2.264787e-02
5.119715e-02;1.210367e-01;8.607928e-02;1.751768e-02;5.656484e-02;7.252964e-02;9.181292e-02;2.154609e-01;1.676164e-01;3.596231e-02;4.840202e-02;3.582011e-02
3.764114e-02;1.708917e-01;1.113498e-01;2.038152e-02;4.476436e-02;6.963390e-02;1.291190e-01;1.005525e-01;1.565954e-01;3.880390e-02;5.865907e-02;6.160772e-02
3.871787e-02;2.106281e-01;1.264578e-01;2.603819e-02;4.103576e-02;5.513227e-02;1.360443e-01;7.765301e-02;1.355203e-01;2.848838e-02;4.681135e-02;7.747265e-02
4.495801e-02;2.002876e-01;1.208499e-01;2.556132e-02;1.975631e-02;7.260302e-02;1.555908e-01;1.245622e-01;1.082200e-01;2.365360e-02;4.756116e-02;5.639603e-02
5.129806e-02;1.800902e-01;1.691190e-01;3.491417e-02;2.533082e-02;1.013064e-01;1.707502e-01;7.543896e-02;8.236588e-02;2.320104e-02;5.957284e-02;2.661241e-02
5.588172e-02;2.021408e-01;2.106958e-01;3.450880e-02;3.276815e-02;7.477180e-02;1.537179e-01;6.824312e-02;5.472180e-02;2.388451e-02;6.266881e-02;2.599672e-02
6.568988e-02;2.173472e-01;1.911623e-01;3.100713e-02;3.173102e-02;7.522576e-02;1.374152e-01;6.903284e-02;4.403695e-02;2.210965e-02;7.031094e-02;4.493119e-02
7.295606e-02;1.966769e-01;1.542590e-01;2.949233e-02;4.191957e-02;7.056452e-02;1.002889e-01;1.338117e-01;6.228672e-02;1.879109e-02;5.942627e-02;5.952684e-02
8.834444e-02;1.810405e-01;1.103714e-01;2.745816e-02;4.797303e-02;4.953469e-02;5.805152e-02;2.078497e-01;8.056273e-02;3.357436e-02;4.924482e-02;6.599468e-02
8.279336e-02;1.477938e-01;1.044094e-01;2.466925e-02;4.358933e-02;8.006016e-02;1.519995e-01;1.670842e-01;6.986161e-02;4.670885e-02;4.050098e-02;4.052949e-02
5.042964e-02;9.081122e-02;9.118015e-02;3.594970e-02;5.467793e-02;1.199883e-01;1.893657e-01;1.604044e-01;7.425065e-02;3.572145e-02;4.466493e-02;5.255586e-02
3.364685e-02;7.013061e-02;8.238015e-02;3.712818e-02;6.406760e-02;1.662124e-01;1.558583e-01;1.447986e-01;8.799574e-02;4.372852e-02;5.225621e-02;6.179681e-02
4.921573e-02;8.326779e-02;9.019666e-02;2.490575e-02;6.079264e-02;2.062068e-01;1.239823e-01;1.377692e-01;7.675407e-02;3.466692e-02;6.065898e-02;5.158323e-02
5.331661e-02;6.533615e-02;7.702944e-02;1.154964e-02;3.906307e-02;2.758904e-01;1.567816e-01;1.182919e-01;6.627335e-02;2.819093e-02;7.254960e-02;3.572745e-02
4.426808e-02;5.278704e-02;6.939973e-02;1.800947e-02;3.193771e-02;3.739683e-01;1.381670e-01;7.124341e-02;5.376037e-02;2.776643e-02;8.529768e-02;3.339473e-02
3.471415e-02;5.174974e-02;5.742505e-02;2.408943e-02;5.414033e-02;4.321382e-01;9.044203e-02;5.875257e-02;5.486806e-02;3.268864e-02;7.169173e-02;3.730002e-02
2.692517e-02;3.888379e-02;4.664101e-02;1.980133e-02;7.231282e-02;3.892346e-01;1.331443e-01;1.074711e-01;5.890426e-02;3.518657e-02;4.876580e-02;2.272927e-02
4.022483e-02;4.768528e-02;6.488431e-02;3.079333e-02;8.478177e-02;2.365982e-01;1.528841e-01;1.315828e-01;8.572765e-02;3.810742e-02;5.205097e-02;3.467947e-02
4.038209e-02;7.505652e-02;8.318286e-02;4.600003e-02;6.239340e-02;1.721984e-01;1.702811e-01;1.273527e-01;1.031194e-01;4.854764e-02;3.359855e-02;3.788725e-02
2.773979e-02;7.162385e-02;8.342529e-02;5.963820e-02;6.832904e-02;2.188263e-01;8.656484e-02;1.382922e-01;1.159427e-01;5.519532e-02;3.990323e-02;3.451924e-02
3.027348e-02;8.282573e-02;7.865331e-02;4.678180e-02;5.174090e-02;1.840039e-01;7.019655e-02;1.768236e-01;1.503404e-01;3.988281e-02;4.643764e-02;4.203990e-02
3.224545e-02;9.145444e-02;9.099716e-02;4.739863e-02;4.358817e-02;1.561363e-01;8.090131e-02;1.753084e-01;1.593159e-01;4.807040e-02;4.041383e-02;3.416992e-02
5.333018e-02;9.271006e-02;7.940499e-02;3.147813e-02;4.921088e-02;1.417245e-01;8.996682e-02;1.503354e-01;1.661424e-01;3.928177e-02;5.642660e-02;4.998837e-02
5.840935e-02;1.098113e-01;8.686472e-02;2.247809e-02;5.610640e-02;1.264571e-01;3.182764e-02;1.722265e-01;1.840648e-01;3.758781e-02;6.875735e-02;4.540914e-02
3.952421e-02;8.696262e-02;6.948898e-02;4.171972e-02;4.196098e-02;1.289856e-01;9.174084e-02;1.668313e-01;1.611041e-01;5.367460e-02;7.934815e-02;3.865891e-02
3.533125e-02;6.654207e-02;5.250783e-02;3.320269e-02;3.197563e-02;1.948193e-01;1.267852e-01;1.502692e-01;1.327597e-01;5.213225e-02;7.863500e-02;4.503991e-02
3.416637e-02;5.633475e-02;8.105649e-02;1.693534e-02;6.706852e-02;2.276060e-01;8.497103e-02;1.402117e-01;1.109980e-01;5.061210e-02;6.961625e-02;6.042344e-02
2.824674e-02;5.959418e-02;7.044496e-02;2.065736e-02;1.228772e-01;2.124245e-01;7.342413e-02;1.514090e-01;8.687866e-02;6.092049e-02;7.511512e-02;3.800761e-02
2.329365e-02;5.684628e-02;2.834888e-02;2.461587e-02;1.174753e-01;2.265856e-01;9.704583e-02;1.401406e-01;1.205574e-01;7.494081e-02;6.644252e-02;2.370725e-02
1.959898e-02;3.458118e-02;5.309659e-02;1.779476e-02;3.584125e-02;3.021491e-01;1.303082e-01;6.486749e-02;1.320491e-01;4.065398e-02;1.462661e-01;2.279329e-02
2.479807e-02;1.483658e-02;6.877603e-02;1.164255e-02;2.170690e-02;3.172023e-01;1.117728e-01;3.652882e-02;1.246398e-01;2.643835e-02;2.120651e-01;2.959271e-02
4.153856e-02;2.073437e-02;8.198457e-02;6.221672e-03;1.839555e-02;3.117199e-01;7.989756e-02;2.789371e-02;7.783166e-02;2.376485e-02;2.884834e-01;2.153430e-02
7.632603e-02;2.835207e-02;8.334421e-02;1.192818e-02;1.776659e-02;2.846686e-01;4.817811e-02;3.917234e-02;4.133472e-02;2.062985e-02;3.322663e-01;1.603306e-02
1.226129e-01;2.807796e-02;8.180173e-02;1.370238e-02;2.020215e-02;2.625163e-01;4.191233e-02;3.449790e-02;3.909749e-02;3.185710e-02;2.997263e-01;2.399551e-02
1.477811e-01;3.556572e-02;9.993783e-02;1.721531e-02;2.538156e-02;2.755244e-01;4.501001e-02;3.475882e-02;3.120928e-02;6.007792e-02;2.036615e-01;2.387662e-02
1.127116e-01;3.423800e-02;1.305302e-01;1.545580e-02;3.044965e-02;3.239456e-01;4.507507e-02;3.458732e-02;3.145095e-02;7.276138e-02;1.502733e-01;1.852113e-02
7.070436e-02;2.570938e-02;1.442944e-01;1.486559e-02;3.636836e-02;3.885951e-01;4.317455e-02;2.535824e-02;4.972007e-02;6.603917e-02;1.256977e-01;9.473209e-03
