6.239413e-02;5.140040e-02;2.268596e-01;7.101163e-02;7.915695e-02;1.053556e-01;1.529716e-01;6.277876e-02;3.526865e-02;4.885080e-02;4.754790e-02;5.640399e-02
7.908756e-02;6.879525e-02;3.149950e-01;4.552908e-02;7.817896e-02;6.536234e-02;1.601843e-01;2.810257e-02;3.533617e-02;4.607879e-02;4.046122e-02;3.788882e-02
7.498772e-02;6.845451e-02;3.836140e-01;4.355469e-02;5.911169e-02;5.072724e-02;1.355016e-01;1.965135e-02;2.732043e-02;5.010870e-02;5.767593e-02;2.929219e-02
8.550645e-02;3.878124e-02;3.642988e-01;3.308009e-02;6.890412e-02;6.480627e-02;1.172359e-01;2.076524e-02;2.588551e-02;7.330423e-02;6.867070e-02;3.876154e-02
1.230764e-01;7.384042e-02;2.313633e-01;4.458342e-02;8.063088e-02;6.413906e-02;1.200176e-01;2.833074e-02;3.069098e-02;9.929273e-02;6.597908e-02;3.805542e-02
1.429270e-01;9.554923e-02;1.419217e-01;6.635720e-02;7.979212e-02;4.053751e-02;1.308915e-01;3.741578e-02;5.187331e-02;1.088769e-01;6.206637e-02;4.179132e-02
1.174709e-01;8.171066e-02;2.106713e-01;7.476879e-02;7.159203e-02;4.467738e-02;1.128689e-01;3.974454e-02;6.022528e-02;9.507208e-02;5.667225e-02;3.452580e-02
7.857202e-02;4.979784e-02;3.017440e-01;6.679341e-02;7.523514e-02;4.834756e-02;1.438680e-01;3.481947e-02;5.396077e-02;6.522015e-02;5.458331e-02;2.705831e-02
6.443252e-02;4.568221e-02;3.774923e-01;5.236012e-02;7.279079e-02;5.432760e-02;1.394991e-01;4.127579e-02;3.586367e-02;4.206401e-02;5.330211e-02;2.090977e-02
6.249760e-02;3.713987e-02;4.215780e-01;5.078084e-02;6.755362e-02;5.913862e-02;1.310395e-01;4.510153e-02;2.698134e-02;4.775940e-02;2.902498e-02;2.140466e-02
5.635905e-02;3.953557e-02;4.452749e-01;4.373692e-02;5.146024e-02;6.332207e-02;1.486459e-01;4.240646e-02;2.810343e-02;3.228947e-02;2.422684e-02;2.463909e-02
4.280101e-02;2.352975e-02;4.177673e-01;6.002577e-02;6.111266e-02;8.288530e-02;1.224149e-01;4.688060e-02;4.198407e-02;4.172624e-02;3.148258e-02;2.738973e-02
5.222430e-02;2.368375e-02;3.289716e-01;7.314383e-02;7.011892e-02;6.542321e-02;1.113970e-01;4.357795e-02;5.655508e-02;8.290092e-02;6.741218e-02;2.459123e-02
5.739185e-02;5.426779e-02;1.838814e-01;5.716734e-02;1.010711e-01;5.618476e-02;1.160724e-01;4.129668e-02;5.769704e-02;1.428635e-01;1.076765e-01;2.442953e-02
5.657651e-02;6.860999e-02;8.371804e-02;3.782064e-02;1.190793e-01;7.906733e-02;1.512711e-01;3.179723e-02;4.375495e-02;1.548111e-01;1.362836e-01;3.721027e-02
3.600055e-02;4.520810e-02;1.541413e-01;2.847330e-02;7.980027e-02;9.285034e-02;1.853483e-01;2.175353e-02;4.025870e-02;1.319001e-01;1.485418e-01;3.572357e-02
3.185906e-02;1.906540e-02;1.633621e-01;3.890138e-02;5.002567e-02;8.107689e-02;2.545151e-01;2.617250e-02;4.011114e-02;1.018574e-01;1.381590e-01;5.489431e-02
5.047094e-02;3.122903e-02;1.103730e-01;4.901076e-02;5.713132e-02;6.825130e-02;3.014282e-01;2.649281e-02;3.149384e-02;7.096945e-02;1.103859e-01;9.276342e-02
7.894822e-02;5.026201e-02;1.343523e-01;5.582933e-02;3.576302e-02;4.524298e-02;3.090575e-01;2.350862e-02;1.531410e-02;4.842918e-02;9.593306e-02;1.073596e-01
8.611114e-02;5.680117e-02;8.547864e-02;6.795572e-02;3.446096e-02;3.027331e-02;3.342518e-01;2.260059e-02;1.792894e-02;5.258053e-02;9.643627e-02;1.151209e-01
7.790547e-02;5.284157e-02;9.986466e-02;6.464396e-02;2.740215e-02;3.085038e-02;3.265807e-01;3.038166e-02;2.007145e-02;5.823346e-02;1.003959e-01;1.108286e-01
7.473093e-02;4.857349e-02;8.377263e-02;5.701079e-02;3.757489e-02;5.022983e-02;3.304321e-01;3.331372e-02;2.304622e-02;5.508164e-02;1.031113e-01;1.031224e-01
5.532107e-02;2.919235e-02;1.092123e-01;4.572129e-02;5.211810e-02;7.851665e-02;3.099010e-01;4.302170e-02;3.065848e-02;6.020971e-02;1.084815e-01;7.764585e-02
4.024917e-02;1.803689e-02;1.221954e-01;4.179852e-02;5.912286e-02;9.461870e-02;2.816142e-01;3.665922e-02;4.008050e-02;7.934985e-02;1.243970e-01;6.187767e-02
4.701202e-02;4.152508e-02;1.105856e-01;3.781952e-02;7.140912e-02;8.573882e-02;2.288847e-01;3.612064e-02;4.379823e-02;9.872873e-02;1.323776e-01;6.600001e-02
5.686527e-02;5.443675e-02;9.891372e-02;3.290765e-02;8.996182e-02;5.952498e-02;1.938324e-01;4.308875e-02;4.709083e-02;1.230282e-01;1.426861e-01;5.766350e-02
7.325684e-02;5.249040e-02;2.051338e-01;4.631154e-02;7.577164e-02;5.177544e-02;1.239420e-01;4.737682e-02;5.003086e-02;1.200963e-01;1.113226e-01;4.249173e-02
6.039033e-02;4.942217e-02;2.794203e-01;5.189085e-02;7.655408e-02;5.731611e-02;1.486287e-01;4.413337e-02;5.275283e-02;9.200934e-02;4.465745e-02;4.282451e-02
4.086655e-02;3.799887e-02;2.866276e-01;2.842827e-02;5.294500e-02;5.380129e-02;2.095641e-01;2.246681e-02;4.703420e-02;8.515596e-02;9.197368e-02;4.313764e-02
4.208513e-02;5.991691e-02;2.238327e-01;3.122847e-02;6.633991e-02;5.693247e-02;2.576192e-01;2.112841e-02;3.625174e-02;6.187262e-02;9.598993e-02;4.680251e-02
4.061800e-02;7.398032e-02;2.554150e-01;4.194145e-02;7.895840e-02;5.862382e-02;2.577694e-01;3.025220e-02;2.443945e-02;4.223252e-02;5.933557e-02;3.643379e-02
4.801657e-02;4.610468e-02;3.750717e-01;5.488859e-02;6.625617e-02;4.064964e-02;1.778479e-01;3.690758e-02;3.291782e-02;4.262580e-02;4.542332e-02;3.329031e-02
4.490394e-02;2.004520e-02;4.448315e-01;6.635407e-02;7.196190e-02;3.229111e-02;9.506875e-02;2.849325e-02;3.515675e-02;6.846763e-02;5.910792e-02;3.331801e-02
5.724328e-02;3.355038e-02;3.920979e-01;6.035120e-02;7.394584e-02;4.336202e-02;9.556022e-02;2.209299e-02;2.539865e-02;9.374387e-02;7.139506e-02;3.125851e-02
7.716537e-02;4.832105e-02;2.254892e-01;5.083038e-02;9.110685e-02;7.170996e-02;1.184187e-01;4.166068e-02;5.644743e-02;1.059544e-01;7.621124e-02;3.668469e-02
6.744031e-02;4.547741e-02;2.463076e-01;6.691374e-02;9.677729e-02;7.126462e-02;9.817483e-02;4.772710e-02;8.958474e-02;7.551935e-02;6.887791e-02;2.593509e-02
5.048466e-02;3.675170e-02;2.118109e-01;7.764759e-02;8.990940e-02;7.271674e-02;1.344873e-01;6.616160e-02;9.567208e-02;7.394683e-02;6.724143e-02;2.316975e-02
5.765471e-02;2.604226e-02;1.523119e-01;5.869726e-02;8.740931e-02;6.756176e-02;1.411688e-01;9.140974e-02;1.109906e-01;1.015128e-01;7.344871e-02;3.179213e-02
4.420562e-02;5.471693e-02;1.470257e-01;6.756709e-02;7.163448e-02;8.098361e-02;1.410177e-01;6.421255e-02;9.864344e-02;1.029108e-01;8.151487e-02;4.556729e-02
7.866940e-02;7.303480e-02;2.074806e-01;6.682713e-02;6.656189e-02;7.989272e-02;1.149771e-01;4.596634e-02;8.308228e-02;7.376077e-02;6.857983e-02;4.116717e-02
8.639099e-02;7.271222e-02;2.208396e-01;7.191805e-02;6.770505e-02;6.113021e-02;9.903191e-02;6.185278e-02;6.977922e-02;5.939536e-02;7.712591e-02;5.211867e-02
9.820593e-02;7.193322e-02;9.834073e-02;4.760957e-02;7.483198e-02;7.405008e-02;2.348857e-01;6.875493e-02;4.759657e-02;7.768718e-02;8.004376e-02;2.606029e-02
1.178269e-01;5.451754e-02;1.094468e-01;3.675534e-02;7.673326e-02;6.854691e-02;3.345024e-01;3.182682e-02;2.251110e-02;5.203858e-02;6.476663e-02;3.052784e-02
1.259312e-01;8.086315e-02;8.511963e-02;3.173243e-02;7.791056e-02;7.858973e-02;3.342951e-01;3.270398e-02;2.561038e-02;4.631106e-02;5.679863e-02;2.413411e-02
1.305962e-01;7.408463e-02;1.306656e-01;3.160408e-02;1.094236e-01;8.748242e-02;2.762648e-01;2.449398e-02;2.476447e-02;3.621246e-02;4.039389e-02;3.401385e-02
1.243323e-01;4.642513e-02;1.689001e-01;4.052193e-02;1.708931e-01;9.769116e-02;2.170105e-01;1.724145e-02;1.508002e-02;2.762471e-02;2.410748e-02;5.017212e-02
6.946607e-02;2.195729e-02;2.418210e-01;7.896039e-02;1.900714e-01;8.480066e-02;1.508754e-01;4.181982e-02;1.719123e-02;2.538419e-02;3.532501e-02;4.232754e-02
3.107940e-02;1.378092e-02;3.987294e-01;1.073436e-01;1.491966e-01;6.094830e-02;7.702051e-02;6.416958e-02;1.457020e-02;2.108895e-02;4.187140e-02;2.020114e-02
3.452358e-02;1.780255e-02;4.960244e-01;8.802490e-02;9.141678e-02;4.540547e-02;8.514471e-02;5.139163e-02;1.673589e-02;2.902414e-02;3.242254e-02;1.208335e-02
3.629190e-02;2.943698e-02;5.759677e-01;6.570799e-02;5.852216e-02;3.572982e-02;7.211884e-02;3.335792e-02;1.806972e-02;3.987730e-02;2.272028e-02;1.219947e-02
2.599833e-02;7.114577e-02;6.020141e-01;4.559798e-02;4.119453e-02;3.640462e-02;5.029560e-02;2.534047e-02;2.167012e-02;4.575728e-02;2.146062e-02;1.312065e-02
2.795117e-02;1.114358e-01;5.577267e-01;2.943008e-02;3.241479e-02;5.018389e-02;5.021976e-02;2.641906e-02;2.330212e-02;4.687234e-02;1.730666e-02;2.673759e-02
5.067481e-02;1.325590e-01;4.846521e-01;4.104614e-02;3.678165e-02;6.769186e-02;3.839849e-02;1.963164e-02;3.433208e-02;4.808493e-02;1.595715e-02;3.019014e-02
5.947009e-02;1.509544e-01;4.525838e-01;5.229839e-02;4.083135e-02;7.058500e-02;3.275031e-02;1.413147e-02;4.791698e-02;4.044885e-02;1.332226e-02;2.470718e-02
7.773602e-02;1.703361e-01;4.202104e-01;5.599447e-02;3.446252e-02;6.992236e-02;4.041309e-02;1.280304e-02;5.823915e-02;2.807507e-02;1.288975e-02;1.891803e-02
8.722351e-02;1.633090e-01;3.953889e-01;5.107312e-02;3.688808e-02;8.030991e-02;3.573477e-02;1.939218e-02;5.366938e-02;2.958900e-02;1.810065e-02;2.932148e-02
5.553797e-02;1.139766e-01;4.908966e-01;4.840225e-02;3.991866e-02;6.348741e-02;3.976212e-02;2.119071e-02;3.489700e-02;3.998724e-02;2.177660e-02;3.016677e-02
3.219210e-02;6.456175e-02;5.844417e-01;6.137110e-02;4.652489e-02;3.887020e-02;3.806898e-02;1.795940e-02;2.133636e-02;4.902284e-02;2.510122e-02;2.054944e-02
5.738289e-02;2.705231e-02;4.944842e-01;6.998678e-02;8.532472e-02;5.035707e-02;6.974523e-02;1.649001e-02;2.696074e-02;4.957020e-02;2.828899e-02;2.435695e-02
9.386274e-02;4.287481e-02;2.833377e-01;6.493624e-02;1.327674e-01;7.996800e-02;1.410508e-01;1.748491e-02;3.489079e-02;5.058469e-02;2.302339e-02;3.521856e-02
1.090627e-01;8.284145e-02;7.156236e-02;4.444510e-02;1.233041e-01;9.735267e-02;3.131429e-01;2.015544e-02;3.815079e-02;4.380991e-02;2.528438e-02;3.088819e-02
7.215253e-02;1.034844e-01;8.680602e-02;2.218242e-02;7.776280e-02;7.322352e-02;4.081677e-01;2.316346e-02;4.344260e-02;3.891259e-02;3.540596e-02;1.529592e-02
4.384511e-02;9.501103e-02;1.140949e-01;2.633464e-02;7.386966e-02;5.298385e-02;4.313130e-01;3.294503e-02;4.249549e-02;4.027168e-02;3.881573e-02;8.019891e-03
4.421446e-02;9.853226e-02;1.272356e-01;4.156353e-02;8.949553e-02;3.372708e-02;4.115576e-01;4.290298e-02;2.788468e-02;3.730648e-02;3.405137e-02;1.152842e-02
5.876747e-02;1.379523e-01;1.325544e-01;3.744535e-02;7.329577e-02;3.433980e-02;3.661977e-01;3.392442e-02;3.782399e-02;3.573358e-02;4.078092e-02;1.118432e-02
7.656851e-02;1.477174e-01;1.197099e-01;3.401732e-02;6.721762e-02;6.123776e-02;3.404434e-01;2.443590e-02;3.722840e-02;4.019404e-02;3.366874e-02;1.756100e-02
1.262162e-01;1.187023e-01;6.870443e-02;3.934439e-02;1.047682e-01;9.504500e-02;2.757328e-01;1.757457e-02;2.750027e-02;4.438559e-02;3.929567e-02;4.273049e-02
1.066905e-01;6.830435e-02;1.440627e-01;4.838679e-02;1.204166e-01;9.138987e-02;2.439899e-01;1.591789e-02;2.823979e-02;4.040844e-02;4.432405e-02;4.786902e-02
5.586499e-02;3.950319e-02;2.581984e-01;4.473564e-02;7.301278e-02;6.311746e-02;3.000941e-01;2.414978e-02;2.529918e-02;3.885350e-02;4.654472e-02;3.062619e-02
6.585234e-02;5.074779e-02;2.559935e-01;3.681634e-02;4.896700e-02;3.404796e-02;3.492128e-01;2.879941e-02;2.118265e-02;4.151537e-02;4.341201e-02;2.345282e-02
7.029681e-02;6.034177e-02;1.639622e-01;3.161806e-02;5.058318e-02;4.289103e-02;3.986009e-01;2.670136e-02;3.072586e-02;4.627938e-02;5.177299e-02;2.622646e-02
4.273276e-02;3.481778e-02;1.956939e-01;2.780900e-02;9.503291e-02;6.653790e-02;3.595299e-01;1.604085e-02;2.827803e-02;5.536231e-02;5.374279e-02;2.442190e-02
2.872565e-02;2.484453e-02;3.446987e-01;3.690781e-02;9.619462e-02;5.323209e-02;2.585867e-01;1.482057e-02;2.155765e-02;5.431976e-02;4.617381e-02;1.993813e-02
3.997291e-02;4.116383e-02;4.471940e-01;3.817277e-02;7.618816e-02;2.762633e-02;1.836660e-01;1.756475e-02;2.342976e-02;5.263945e-02;3.626922e-02;1.611288e-02
4.998306e-02;5.925082e-02;4.290389e-01;3.416029e-02;7.424130e-02;4.096309e-02;1.491351e-01;1.849695e-02;3.271335e-02;5.403883e-02;4.170524e-02;1.627305e-02
4.277461e-02;7.729957e-02;4.092154e-01;2.737297e-02;5.049287e-02;2.504632e-02;1.711845e-01;2.023949e-02;4.284456e-02;5.655802e-02;5.413573e-02;2.283596e-02
2.832644e-02;7.655934e-02;4.491479e-01;3.483313e-02;4.317215e-02;2.895942e-02;2.062762e-01;1.739552e-02;2.649051e-02;3.009166e-02;3.478597e-02;2.396180e-02
5.509386e-02;7.153123e-02;3.858006e-01;4.411621e-02;4.689099e-02;4.075397e-02;2.596633e-01;1.601549e-02;1.740368e-02;2.040422e-02;2.165661e-02;2.066985e-02
6.102403e-02;6.764733e-02;2.401068e-01;4.008427e-02;7.341120e-02;5.796305e-02;3.414336e-01;1.899344e-02;2.486525e-02;2.921468e-02;2.790851e-02;1.734787e-02
4.340567e-02;4.818359e-02;2.447620e-01;3.289036e-02;6.082279e-02;5.381994e-02;3.388113e-01;2.105935e-02;4.343121e-02;4.554396e-02;3.981794e-02;2.745195e-02
3.194577e-02;3.285297e-02;3.015604e-01;3.674363e-02;6.251149e-02;5.191987e-02;2.769647e-01;3.369823e-02;6.283948e-02;4.665249e-02;3.392556e-02;2.838536e-02
4.976407e-02;4.468419e-02;2.296131e-01;5.760044e-02;9.492981e-02;6.157392e-02;1.750768e-01;6.592505e-02;8.858422e-02;5.617239e-02;3.825735e-02;3.781870e-02
6.001274e-02;4.372611e-02;2.512188e-01;5.463728e-02;9.253095e-02;6.700971e-02;7.641359e-02;8.521540e-02;8.738943e-02;8.502452e-02;6.256477e-02;3.425665e-02
5.154531e-02;4.442871e-02;3.320908e-01;5.289241e-02;1.052028e-01;6.214012e-02;7.336146e-02;6.484289e-02;6.424517e-02;7.589113e-02;4.895847e-02;2.440068e-02
5.988574e-02;5.207492e-02;3.326826e-01;4.383477e-02;8.584969e-02;7.222000e-02;1.028255e-01;4.194748e-02;6.710012e-02;6.867973e-02;4.516014e-02;2.773930e-02
5.084788e-02;4.232018e-02;2.984021e-01;5.596491e-02;7.151503e-02;8.837876e-02;1.054218e-01;6.250029e-02;7.425069e-02;7.195509e-02;5.275364e-02;2.568968e-02
5.645991e-02;4.775066e-02;2.319954e-01;6.789308e-02;6.939436e-02;8.723988e-02;1.558727e-01;7.749619e-02;5.009155e-02;5.399248e-02;7.416861e-02;2.764513e-02
9.290823e-02;8.270954e-02;2.027546e-01;6.820153e-02;6.958476e-02;7.070791e-02;1.480609e-01;6.131659e-02;4.304941e-02;4.811488e-02;8.101995e-02;3.157170e-02
1.069232e-01;6.906518e-02;1.570852e-01;3.709069e-02;7.494681e-02;8.948528e-02;1.512700e-01;5.118511e-02;5.727007e-02;8.204564e-02;8.034035e-02;4.329234e-02
1.074543e-01;4.565433e-02;1.121906e-01;3.931101e-02;7.359607e-02;7.410680e-02;1.362143e-01;5.901641e-02;8.723958e-02;9.798809e-02;9.237316e-02;7.485536e-02
9.799767e-02;6.250916e-02;1.128254e-01;3.384427e-02;6.258444e-02;5.829796e-02;1.385471e-01;6.396950e-02;9.565876e-02;1.001408e-01;8.510282e-02;8.852211e-02
6.146527e-02;6.732261e-02;1.690834e-01;4.316524e-02;5.255292e-02;4.729158e-02;1.404646e-01;6.788157e-02;8.416873e-02;1.033278e-01;6.609526e-02;9.718104e-02
5.891155e-02;6.715689e-02;2.186923e-01;6.393351e-02;4.608967e-02;4.509935e-02;1.423430e-01;8.040806e-02;4.323381e-02;8.293142e-02;8.388911e-02;6.731132e-02
9.261361e-02;7.807980e-02;1.895030e-01;5.316084e-02;5.129786e-02;5.083361e-02;1.358316e-01;9.547977e-02;7.976773e-02;7.316855e-02;6.559848e-02;3.466515e-02
7.703846e-02;7.631893e-02;1.430810e-01;9.774628e-02;8.848032e-02;5.223564e-02;1.496340e-01;9.899083e-02;4.548412e-02;6.719615e-02;6.933066e-02;3.446366e-02
5.922813e-02;6.268579e-02;1.442053e-01;1.433826e-01;1.113147e-01;6.067107e-02;1.231694e-01;7.096069e-02;6.991954e-02;4.919528e-02;6.478030e-02;4.048720e-02
9.683802e-02;1.157796e-01;1.481044e-01;5.938520e-02;8.075826e-02;5.185909e-02;9.729846e-02;6.555860e-02;5.678137e-02;7.019481e-02;7.020778e-02;8.723433e-02
1.259858e-01;7.162130e-02;1.500256e-01;9.166744e-02;6.174871e-02;3.516776e-02;8.934825e-02;6.231685e-02;6.978706e-02;6.481615e-02;1.040615e-01;7.345356e-02
1.398814e-01;8.115568e-02;1.350775e-01;9.288251e-02;6.159377e-02;4.521013e-02;9.500787e-02;6.392672e-02;5.752720e-02;5.653180e-02;1.022068e-01;6.899855e-02
1.348370e-01;1.154580e-01;1.423177e-01;7.876255e-02;5.698558e-02;5.357705e-02;1.220359e-01;5.915892e-02;4.165133e-02;5.270815e-02;8.222376e-02;6.028405e-02
9.015305e-02;1.058241e-01;2.182920e-01;1.010390e-01;8.373078e-02;5.077431e-02;1.392679e-01;3.783772e-02;3.440289e-02;5.038716e-02;3.578713e-02;5.250403e-02
7.500266e-02;4.027468e-02;3.644995e-01;8.886039e-02;8.451989e-02;4.032499e-02;1.207265e-01;2.189952e-02;1.771290e-02;6.221591e-02;4.913193e-02;3.483107e-02
4.132671e-02;8.845112e-02;4.455845e-01;5.192157e-02;5.712197e-02;4.097920e-02;6.444016e-02;3.501640e-02;3.395532e-02;6.137825e-02;3.760779e-02;4.221702e-02
4.478323e-02;1.311097e-01;4.312473e-01;3.420703e-02;3.736561e-02;6.208428e-02;4.325825e-02;4.789437e-02;5.234367e-02;4.983849e-02;2.755733e-02;3.831077e-02
1.008886e-01;1.641448e-01;3.244403e-01;4.370958e-02;3.736226e-02;6.109550e-02;4.013506e-02;4.733631e-02;5.704578e-02;4.956451e-02;4.322595e-02;3.105133e-02
1.806280e-01;1.533710e-01;2.086557e-01;2.984283e-02;7.287917e-02;4.874635e-02;6.073863e-02;4.768112e-02;4.232398e-02;5.693180e-02;6.467701e-02;3.352446e-02
2.396125e-01;9.984575e-02;1.019985e-01;5.317450e-02;9.929278e-02;3.486091e-02;7.747179e-02;7.193007e-02;2.315351e-02;6.167221e-02;7.832952e-02;5.865793e-02
2.441960e-01;5.243546e-02;7.816661e-02;8.514071e-02;9.638432e-02;2.215795e-02;9.716686e-02;8.287399e-02;2.906584e-02;4.637097e-02;7.021311e-02;9.582821e-02
2.150874e-01;5.403265e-02;1.408185e-01;7.874247e-02;7.393163e-02;2.302766e-02;8.979891e-02;6.853242e-02;3.290118e-02;4.967071e-02;6.445900e-02;1.089975e-01
2.200586e-01;7.620696e-02;1.831098e-01;5.497699e-02;5.925155e-02;2.253578e-02;6.331734e-02;5.687176e-02;2.352819e-02;6.169574e-02;7.902604e-02;9.942125e-02
2.265758e-01;1.163891e-01;2.240769e-01;1.643049e-02;5.746906e-02;1.973782e-02;4.001393e-02;5.881555e-02;2.942112e-02;8.274867e-02;7.188715e-02;5.643437e-02
1.863617e-01;1.096690e-01;2.103443e-01;3.358989e-02;6.265782e-02;2.897470e-02;7.134888e-02;5.289669e-02;2.779916e-02;7.713849e-02;8.931017e-02;4.990917e-02
1.211577e-01;7.242613e-02;2.241920e-01;7.395449e-02;7.307323e-02;3.661674e-02;1.450706e-01;3.892595e-02;2.731337e-02;6.849484e-02;6.996077e-02;4.881415e-02
1.041913e-01;7.833110e-02;2.743239e-01;7.716355e-02;5.288058e-02;3.729681e-02;1.501465e-01;3.725657e-02;3.115899e-02;3.622627e-02;7.202296e-02;4.900156e-02
1.337261e-01;9.856342e-02;3.023746e-01;5.396857e-02;3.963622e-02;4.431118e-02;1.181329e-01;3.684954e-02;4.123538e-02;3.111206e-02;4.258611e-02;5.750394e-02
1.473436e-01;1.601646e-01;3.217064e-01;3.517237e-02;2.563434e-02;3.732046e-02;8.912027e-02;3.253799e-02;4.032429e-02;3.375440e-02;2.493235e-02;5.198886e-02
1.097930e-01;1.684639e-01;4.086989e-01;2.769838e-02;2.112018e-02;2.829295e-02;5.063289e-02;5.089086e-02;3.095195e-02;3.889422e-02;2.064320e-02;4.391950e-02
4.421165e-02;1.348108e-01;5.293363e-01;2.965829e-02;2.378411e-02;1.687575e-02;2.759858e-02;6.139851e-02;2.314142e-02;4.413876e-02;3.300302e-02;3.204286e-02
7.631716e-02;1.120469e-01;5.095019e-01;2.676516e-02;3.002978e-02;2.259506e-02;4.143697e-02;4.475771e-02;2.448060e-02;4.214732e-02;2.888159e-02;4.103981e-02
9.247349e-02;8.008742e-02;5.185899e-01;3.470328e-02;4.319513e-02;3.337757e-02;6.137663e-02;2.017970e-02;2.086858e-02;3.489627e-02;1.915086e-02;4.110113e-02
6.092278e-02;2.324928e-02;6.362649e-01;4.793867e-02;6.204563e-02;3.430080e-02;4.924358e-02;1.175070e-02;1.297605e-02;2.929122e-02;1.712242e-02;1.489399e-02
3.302259e-02;3.461869e-02;6.740607e-01;4.733820e-02;5.527337e-02;1.935879e-02;5.840509e-02;1.541947e-02;1.073742e-02;2.814148e-02;1.775712e-02;5.867068e-03
2.672131e-02;3.228885e-02;6.712000e-01;4.802756e-02;5.854928e-02;2.488990e-02;5.683621e-02;1.682043e-02;9.994755e-03;2.734760e-02;1.772463e-02;9.599484e-03
3.134293e-02;2.407913e-02;6.713006e-01;4.314179e-02;6.026340e-02;3.267181e-02;5.204995e-02;1.585449e-02;1.404267e-02;2.315033e-02;1.652289e-02;1.558000e-02
4.286180e-02;4.124492e-02;6.072192e-01;3.834201e-02;5.098907e-02;3.700786e-02;7.018342e-02;1.598962e-02;2.153675e-02;2.476547e-02;2.398155e-02;2.587834e-02
4.438949e-02;5.875167e-02;5.379773e-01;3.503554e-02;4.048475e-02;3.117195e-02;1.039479e-01;1.944106e-02;3.506093e-02;3.170659e-02;3.756762e-02;2.446520e-02
3.135176e-02;7.628206e-02;5.140655e-01;4.049499e-02;4.865806e-02;3.612636e-02;9.276305e-02;2.103929e-02;2.866465e-02;4.750800e-02;3.881362e-02;2.423261e-02
5.129244e-02;1.032474e-01;4.097656e-01;5.759861e-02;6.564999e-02;3.746429e-02;9.630561e-02;2.786257e-02;2.752717e-02;4.598814e-02;4.718161e-02;3.011663e-02
7.430708e-02;1.284782e-01;3.643420e-01;6.126270e-02;8.704281e-02;3.681008e-02;7.887441e-02;3.886677e-02;3.161461e-02;2.584488e-02;4.000683e-02;3.254957e-02
2.255005e-02;9.982800e-02;5.173322e-01;5.315216e-02;8.209917e-02;1.993100e-02;5.575064e-02;3.583838e-02;3.484500e-02;2.431905e-02;3.141495e-02;2.293936e-02
4.738679e-02;8.056282e-02;5.011415e-01;4.354607e-02;6.995371e-02;2.578592e-02;9.731210e-02;3.327044e-02;3.262676e-02;2.296911e-02;2.919429e-02;1.625049e-02
6.090246e-02;7.649330e-02;3.603112e-01;5.589556e-02;7.361562e-02;4.792625e-02;1.317981e-01;2.099862e-02;4.608138e-02;4.745195e-02;3.218588e-02;4.633975e-02
8.407830e-02;9.243710e-02;2.198681e-01;5.999686e-02;6.069173e-02;7.184159e-02;1.293880e-01;1.923286e-02;7.096566e-02;6.040171e-02;5.214706e-02;7.895102e-02
8.172056e-02;9.444745e-02;1.753659e-01;6.904871e-02;5.685578e-02;6.888271e-02;1.494398e-01;3.313803e-02;6.636632e-02;6.561182e-02;6.034449e-02;7.877841e-02
7.099340e-02;5.574450e-02;2.528904e-01;6.223916e-02;6.551440e-02;4.615147e-02;1.968253e-01;3.607150e-02;4.724656e-02;6.023768e-02;5.701666e-02;4.906886e-02
8.538201e-02;4.570211e-02;2.390899e-01;5.667614e-02;1.151422e-01;5.426457e-02;1.769497e-01;2.938624e-02;6.549050e-02;4.048841e-02;4.296406e-02;4.846419e-02
9.123296e-02;2.888549e-02;2.093083e-01;7.742392e-02;1.773268e-01;7.214168e-02;1.308361e-01;2.333485e-02;6.949683e-02;3.128105e-02;2.757767e-02;6.115429e-02
7.517122e-02;1.249950e-02;2.569358e-01;9.137935e-02;1.968876e-01;6.693482e-02;8.994136e-02;2.242908e-02;5.724223e-02;5.074961e-02;2.652231e-02;5.330723e-02
4.211394e-02;2.107863e-02;3.900797e-01;9.572017e-02;1.614732e-01;5.716489e-02;4.345144e-02;3.117300e-02;4.280024e-02;5.876945e-02;2.663794e-02;2.953731e-02
2.560714e-02;2.220627e-02;4.627636e-01;9.106114e-02;1.302165e-01;4.844025e-02;6.222190e-02;2.479805e-02;3.591912e-02;4.924102e-02;2.612629e-02;2.139875e-02
2.186992e-02;3.207215e-02;5.128948e-01;6.336083e-02;1.015370e-01;3.206534e-02;7.778452e-02;3.272232e-02;2.998169e-02;4.253119e-02;3.262461e-02;2.055557e-02
2.194742e-02;3.901025e-02;5.127580e-01;4.964282e-02;8.649242e-02;2.642341e-02;8.489718e-02;3.687219e-02;4.112905e-02;3.648664e-02;4.279098e-02;2.154966e-02
2.630043e-02;4.562031e-02;5.054663e-01;5.218212e-02;8.755202e-02;3.688784e-02;8.127929e-02;2.650562e-02;4.080947e-02;3.442641e-02;4.252648e-02;2.044369e-02
3.553508e-02;4.928413e-02;5.255919e-01;5.403163e-02;8.619991e-02;4.815580e-02;9.966306e-02;2.152830e-02;2.104155e-02;1.647744e-02;2.025154e-02;2.223968e-02
4.973214e-02;4.477847e-02;5.024562e-01;5.917020e-02;8.595906e-02;4.314840e-02;1.114652e-01;2.490772e-02;1.445820e-02;2.390208e-02;1.567929e-02;2.434304e-02
5.762007e-02;3.885821e-02;4.927954e-01;7.046928e-02;7.139538e-02;3.336946e-02;8.866089e-02;2.791446e-02;2.148411e-02;3.744388e-02;2.075929e-02;3.922952e-02
6.300712e-02;5.295144e-02;3.263954e-01;7.091326e-02;1.245061e-01;5.443034e-02;1.051783e-01;2.303690e-02;2.527791e-02;4.878236e-02;5.210234e-02;5.341849e-02
3.278942e-02;6.085056e-02;2.384087e-01;6.245208e-02;1.780970e-01;6.333653e-02;1.565777e-01;2.600658e-02;5.238527e-02;3.535485e-02;4.917978e-02;4.456158e-02
9.949650e-03;6.025296e-02;3.582984e-01;6.305891e-02;1.322823e-01;4.972576e-02;1.481332e-01;4.295974e-02;3.697329e-02;2.559647e-02;4.459238e-02;2.817696e-02
4.275415e-02;4.570586e-02;3.690113e-01;5.435132e-02;7.694081e-02;3.109255e-02;1.384601e-01;5.901236e-02;5.986802e-02;3.390624e-02;5.243384e-02;3.646348e-02
7.442554e-02;4.299652e-02;2.811031e-01;7.283289e-02;8.913442e-02;5.617834e-02;9.180587e-02;3.926874e-02;9.750862e-02;4.247580e-02;4.735791e-02;6.491224e-02
6.334268e-02;6.484491e-02;1.224320e-01;1.030315e-01;1.026659e-01;7.426647e-02;1.226757e-01;3.601990e-02;1.062658e-01;7.810701e-02;6.319528e-02;6.315286e-02
6.370416e-02;7.104719e-02;1.639896e-01;1.180460e-01;9.456883e-02;6.160171e-02;1.123921e-01;2.681372e-02;8.512954e-02;8.162633e-02;6.798707e-02;5.309376e-02
8.911870e-02;9.266685e-02;1.838403e-01;1.103053e-01;9.819286e-02;6.283996e-02;8.357744e-02;4.452829e-02;8.052427e-02;5.653616e-02;3.928890e-02;5.858101e-02
1.083893e-01;1.020863e-01;1.302434e-01;6.606644e-02;1.127441e-01;6.439950e-02;9.166832e-02;6.691162e-02;8.282433e-02;6.552127e-02;4.769516e-02;6.145016e-02
7.520603e-02;1.287446e-01;1.341699e-01;4.626790e-02;9.877288e-02;6.846821e-02;1.059417e-01;6.048411e-02;1.097233e-01;6.276915e-02;4.001771e-02;6.943441e-02
5.557457e-02;1.473785e-01;1.803091e-01;3.640350e-02;9.084070e-02;7.188322e-02;1.157658e-01;4.379664e-02;9.871338e-02;6.756201e-02;3.893751e-02;5.283502e-02
1.112007e-01;1.340117e-01;1.960567e-01;4.509445e-02;8.514483e-02;6.401619e-02;1.635749e-01;2.425613e-02;4.558562e-02;4.522078e-02;4.122194e-02;4.461606e-02
2.108537e-01;1.369472e-01;2.044584e-01;2.834189e-02;6.224607e-02;3.481118e-02;1.523083e-01;2.365656e-02;1.999523e-02;3.601945e-02;4.601159e-02;4.435052e-02
2.506011e-01;1.477238e-01;2.064707e-01;3.709219e-02;4.257163e-02;1.480451e-02;1.357692e-01;2.556294e-02;1.961883e-02;3.700095e-02;4.084891e-02;4.193529e-02
2.566115e-01;1.136834e-01;1.896034e-01;5.664564e-02;3.811679e-02;2.281632e-02;1.391674e-01;2.256644e-02;2.059772e-02;3.734212e-02;4.534213e-02;5.750719e-02
2.257263e-01;1.019649e-01;2.088470e-01;5.616470e-02;3.759069e-02;3.262069e-02;1.209407e-01;1.950107e-02;2.447473e-02;4.829528e-02;5.538991e-02;6.848395e-02
2.031361e-01;8.590600e-02;2.705239e-01;4.291635e-02;4.766583e-02;4.323555e-02;7.306594e-02;2.410164e-02;3.310255e-02;5.355740e-02;6.194014e-02;6.084867e-02
2.218763e-01;1.036396e-01;2.148093e-01;3.581051e-02;6.144084e-02;2.884361e-02;7.704391e-02;4.162911e-02;4.700580e-02;5.540723e-02;6.067877e-02;5.181500e-02
1.819674e-01;1.040168e-01;2.464481e-01;5.536377e-02;4.383405e-02;3.118000e-02;5.583734e-02;5.584019e-02;6.276661e-02;5.579431e-02;4.285639e-02;6.409515e-02
2.217928e-01;1.674158e-01;2.015378e-01;4.577798e-02;2.749937e-02;2.671165e-02;6.331408e-02;5.884558e-02;5.730137e-02;4.806153e-02;3.211031e-02;4.963164e-02
2.258070e-01;2.047818e-01;1.595655e-01;2.679744e-02;4.841133e-02;2.672207e-02;6.943797e-02;5.355146e-02;3.939553e-02;6.143303e-02;4.704007e-02;3.705685e-02
2.048905e-01;2.088446e-01;1.261024e-01;3.758215e-02;7.073744e-02;2.205192e-02;7.882597e-02;4.980227e-02;3.299408e-02;8.209169e-02;5.371220e-02;3.236482e-02
2.144529e-01;1.957756e-01;1.023749e-01;7.499232e-02;8.107763e-02;2.366998e-02;4.896873e-02;3.836327e-02;4.279337e-02;9.532259e-02;4.552506e-02;3.668362e-02
1.888081e-01;1.781034e-01;7.999952e-02;9.405856e-02;8.604292e-02;2.722123e-02;4.798378e-02;3.411805e-02;4.777798e-02;1.297370e-01;4.439311e-02;4.175638e-02
1.126887e-01;1.496439e-01;5.829107e-02;8.335590e-02;1.144426e-01;2.973250e-02;5.173872e-02;4.181097e-02;4.950149e-02;1.955241e-01;5.503670e-02;5.823331e-02
5.250609e-02;1.096096e-01;5.949595e-02;7.306047e-02;1.390775e-01;3.372719e-02;5.369625e-02;4.893824e-02;5.400987e-02;2.345002e-01;7.940626e-02;6.197235e-02
6.540870e-02;9.184606e-02;1.001323e-01;6.237656e-02;1.319413e-01;3.364141e-02;4.815592e-02;4.385654e-02;5.511836e-02;2.405812e-01;8.507916e-02;4.186247e-02
3.515203e-02;7.780056e-02;1.207733e-01;7.411686e-02;1.193160e-01;7.492150e-02;4.160494e-02;4.140401e-02;6.090670e-02;2.424678e-01;8.757408e-02;2.396222e-02
6.181858e-02;5.660013e-02;1.094574e-01;5.901990e-02;1.493279e-01;7.951336e-02;5.069780e-02;4.020720e-02;7.157221e-02;2.240379e-01;7.942229e-02;1.832533e-02
8.007473e-02;6.738183e-02;8.907905e-02;3.793470e-02;1.545706e-01;6.872775e-02;5.279201e-02;3.155589e-02;8.240733e-02;2.189465e-01;9.410763e-02;2.242198e-02
6.696400e-02;8.321641e-02;9.740970e-02;3.248603e-02;1.242409e-01;8.766229e-02;6.695893e-02;3.556960e-02;6.874704e-02;1.990200e-01;1.145938e-01;2.313142e-02
5.856394e-02;7.330998e-02;9.645499e-02;3.219999e-02;1.236984e-01;9.341425e-02;1.434057e-01;2.450040e-02;3.494747e-02;1.644937e-01;1.244786e-01;3.053271e-02
4.196592e-02;4.535068e-02;1.078052e-01;3.335723e-02;1.018643e-01;8.972859e-02;2.564703e-01;2.343388e-02;3.800902e-02;1.295511e-01;9.360036e-02;3.886350e-02
6.613413e-02;2.588081e-02;9.167305e-02;4.537998e-02;9.554403e-02;7.350169e-02;3.378093e-01;3.414757e-02;3.130861e-02;9.204873e-02;5.505651e-02;5.151564e-02
8.130268e-02;2.290867e-02;7.341069e-02;4.810617e-02;8.975010e-02;7.112146e-02;3.518400e-01;3.734910e-02;2.539817e-02;9.014332e-02;5.942896e-02;4.924070e-02
7.865796e-02;2.356283e-02;5.737763e-02;5.055917e-02;7.802204e-02;6.926487e-02;3.751277e-01;3.282020e-02;2.043140e-02;9.850603e-02;6.466961e-02;5.100047e-02
5.654823e-02;2.525119e-02;7.005929e-02;4.333746e-02;5.472726e-02;7.581180e-02;3.746164e-01;2.894526e-02;4.087766e-02;8.665150e-02;8.427389e-02;5.890012e-02
3.815461e-02;3.987531e-02;1.267164e-01;3.530060e-02;7.209904e-02;7.514095e-02;3.102704e-01;2.010683e-02;5.162839e-02;8.293889e-02;9.019499e-02;5.757358e-02
6.623224e-02;5.282912e-02;1.420658e-01;2.950769e-02;8.414187e-02;7.073934e-02;2.590850e-01;1.530883e-02;4.708793e-02;9.336538e-02;1.000490e-01;3.958783e-02
5.708831e-02;4.150208e-02;1.236592e-01;2.233917e-02;8.482570e-02;8.228888e-02;2.888987e-01;1.998152e-02;3.264579e-02;1.089126e-01;1.062373e-01;3.162077e-02
5.185758e-02;2.489765e-02;1.980874e-01;2.699289e-02;8.146308e-02;7.347412e-02;2.634732e-01;2.999204e-02;3.956823e-02;8.348654e-02;8.580324e-02;4.090409e-02
7.057612e-02;2.682004e-02;2.304763e-01;2.647476e-02;6.424806e-02;4.965350e-02;2.087925e-01;4.732226e-02;6.997993e-02;7.262497e-02;9.091177e-02;4.211985e-02
4.856388e-02;4.168002e-02;1.427746e-01;4.709543e-02;7.475390e-02;6.387956e-02;2.668302e-01;4.330612e-02;8.266925e-02;7.719754e-02;7.383016e-02;3.741937e-02
2.269199e-02;4.939410e-02;1.531585e-01;5.049329e-02;6.998974e-02;7.323608e-02;3.187376e-01;4.331930e-02;5.492079e-02;8.124300e-02;5.230132e-02;3.051434e-02
3.027185e-02;4.821877e-02;1.920961e-01;5.719956e-02;4.140715e-02;5.948309e-02;3.037366e-01;4.170597e-02;4.198874e-02;1.038168e-01;5.023974e-02;2.983570e-02
4.140167e-02;5.439057e-02;1.373992e-01;7.362042e-02;7.789579e-02;5.210259e-02;2.543645e-01;4.282767e-02;5.344683e-02;1.263628e-01;5.497973e-02;3.120826e-02
5.945826e-02;3.739503e-02;1.016617e-01;7.844397e-02;9.875897e-02;4.935904e-02;1.928460e-01;5.638270e-02;7.503925e-02;1.447604e-01;5.613533e-02;4.975937e-02
7.417478e-02;4.985550e-02;9.105625e-02;1.091013e-01;6.519608e-02;4.892845e-02;1.234573e-01;7.899625e-02;1.212000e-01;1.137587e-01;6.860355e-02;5.567190e-02
5.712364e-02;5.547746e-02;1.160016e-01;1.681695e-01;4.962976e-02;5.777907e-02;7.852516e-02;6.304800e-02;1.542929e-01;9.323975e-02;6.810196e-02;3.861114e-02
6.163516e-02;7.514641e-02;1.485421e-01;2.070335e-01;5.081301e-02;5.323683e-02;7.307185e-02;4.343835e-02;1.477665e-01;6.564118e-02;4.371269e-02;2.996243e-02
4.153363e-02;1.085883e-01;1.703560e-01;1.537600e-01;5.230773e-02;5.232534e-02;5.028263e-02;6.477340e-02;1.462530e-01;6.490445e-02;4.303460e-02;5.188084e-02
4.694426e-02;1.463393e-01;1.586791e-01;6.078666e-02;4.395223e-02;5.649674e-02;1.034954e-01;6.605365e-02;1.011314e-01;1.097821e-01;4.572956e-02;6.060956e-02
5.768849e-02;1.004661e-01;1.837490e-01;4.393152e-02;5.635504e-02;7.000872e-02;1.231464e-01;4.856437e-02;1.298705e-01;1.041780e-01;4.644524e-02;3.559656e-02
6.486913e-02;9.270654e-02;1.844134e-01;3.960322e-02;5.683135e-02;6.976438e-02;1.052281e-01;5.178723e-02;1.871617e-01;7.770617e-02;3.940869e-02;3.052018e-02
8.923492e-02;9.982622e-02;1.745513e-01;5.996364e-02;3.954549e-02;5.838369e-02;8.401462e-02;6.564460e-02;1.522230e-01;8.496918e-02;3.297893e-02;5.866439e-02
5.574604e-02;1.167013e-01;1.868840e-01;6.481149e-02;3.523885e-02;4.636722e-02;7.794707e-02;7.516056e-02;1.596260e-01;1.024666e-01;3.072070e-02;4.833019e-02
5.696975e-02;8.071942e-02;1.700920e-01;6.296998e-02;2.967070e-02;3.810763e-02;6.480639e-02;8.076668e-02;2.034928e-01;1.056729e-01;5.782383e-02;4.890786e-02
7.537312e-02;1.163780e-01;1.579928e-01;5.697912e-02;4.530220e-02;4.083837e-02;6.605838e-02;8.231113e-02;1.740030e-01;7.643127e-02;5.390311e-02;5.442953e-02
1.206177e-01;1.265326e-01;1.182758e-01;5.488718e-02;6.685510e-02;4.258448e-02;7.837246e-02;6.493980e-02;1.885269e-01;4.782910e-02;3.698411e-02;5.359470e-02
1.561785e-01;1.078897e-01;9.929997e-02;4.914732e-02;6.079088e-02;4.773960e-02;1.084281e-01;6.452722e-02;1.695067e-01;4.974347e-02;2.706555e-02;5.968294e-02
1.387626e-01;7.208946e-02;8.214719e-02;8.648609e-02;5.204164e-02;5.449360e-02;1.483783e-01;9.703370e-02;1.291076e-01;4.224890e-02;4.533226e-02;5.187855e-02
1.106107e-01;8.539221e-02;7.537387e-02;1.109168e-01;7.822626e-02;5.862797e-02;1.405173e-01;1.050856e-01;9.113734e-02;5.680197e-02;4.024684e-02;4.706302e-02
1.787201e-01;9.683266e-02;7.623881e-02;8.365320e-02;7.977548e-02;5.257516e-02;9.468588e-02;9.233351e-02;1.133495e-01;6.693311e-02;2.682880e-02;3.807378e-02
2.334616e-01;1.352368e-01;7.224104e-02;4.075556e-02;4.762371e-02;3.147210e-02;8.737862e-02;7.138904e-02;1.536809e-01;6.199388e-02;2.843689e-02;3.632972e-02
2.459399e-01;9.961458e-02;9.198360e-02;4.540385e-02;4.772764e-02;4.268629e-02;8.814517e-02;6.198566e-02;1.284008e-01;5.366346e-02;3.510987e-02;5.933918e-02
1.711849e-01;7.458646e-02;9.602597e-02;7.796353e-02;6.587940e-02;5.974898e-02;4.670035e-02;1.104582e-01;1.229830e-01;6.570746e-02;3.846735e-02;7.029428e-02
1.755571e-01;8.157514e-02;9.034489e-02;7.225114e-02;9.110167e-02;4.651154e-02;7.123435e-02;1.192024e-01;1.150564e-01;7.114596e-02;2.590043e-02;4.011894e-02
1.760183e-01;9.250176e-02;1.208204e-01;5.165686e-02;9.037756e-02;3.045589e-02;9.502175e-02;7.751010e-02;1.401569e-01;7.292407e-02;2.501848e-02;2.753794e-02
1.721110e-01;1.143668e-01;1.439424e-01;6.104336e-02;6.785599e-02;2.478493e-02;6.496716e-02;5.919249e-02;1.276350e-01;7.662085e-02;3.543080e-02;5.204926e-02
1.401093e-01;1.006139e-01;1.298641e-01;9.562445e-02;6.076114e-02;3.148413e-02;5.652177e-02;7.753817e-02;7.819491e-02;1.008955e-01;5.226499e-02;7.612767e-02
1.103578e-01;1.077296e-01;1.221898e-01;1.023633e-01;5.355101e-02;3.535071e-02;9.347214e-02;7.906278e-02;6.879895e-02;9.260697e-02;4.864577e-02;8.587126e-02
1.142002e-01;4.111448e-02;1.578561e-01;1.011839e-01;6.205536e-02;5.213028e-02;1.569452e-01;5.903855e-02;7.296013e-02;5.748024e-02;5.623336e-02;6.880224e-02
1.047753e-01;4.558289e-02;1.550407e-01;5.486359e-02;5.849198e-02;4.688089e-02;1.925151e-01;4.166786e-02;6.482650e-02;8.875545e-02;7.286785e-02;7.373196e-02
9.016325e-02;3.907996e-02;1.824569e-01;4.180205e-02;6.420355e-02;4.646575e-02;1.740906e-01;4.002521e-02;7.427306e-02;1.010884e-01;7.132148e-02;7.502978e-02
9.752288e-02;4.652935e-02;2.102943e-01;3.581823e-02;5.990051e-02;3.996880e-02;1.553883e-01;4.481702e-02;7.741590e-02;8.236870e-02;7.994696e-02;7.002902e-02
7.606433e-02;3.012337e-02;2.762428e-01;7.785529e-02;7.426253e-02;3.768243e-02;1.176599e-01;2.540676e-02;5.418032e-02;6.885388e-02;1.082086e-01;5.345985e-02
6.803019e-02;4.910403e-02;3.161685e-01;7.655100e-02;5.195208e-02;3.192282e-02;1.068491e-01;2.519481e-02;2.415225e-02;5.992083e-02;1.137461e-01;7.640837e-02
8.577023e-02;6.108368e-02;2.515809e-01;5.440203e-02;4.252998e-02;4.986045e-02;1.343428e-01;3.368101e-02;3.466661e-02;5.791384e-02;9.986871e-02;9.429977e-02
6.154009e-02;6.710331e-02;2.118237e-01;3.546202e-02;4.598301e-02;6.364600e-02;1.845367e-01;4.606962e-02;4.994380e-02;7.233069e-02;7.646877e-02;8.509226e-02
8.554830e-02;4.245048e-02;1.557328e-01;3.758680e-02;3.884389e-02;7.061699e-02;2.316586e-01;5.279553e-02;4.023967e-02;8.816604e-02;8.040971e-02;7.595114e-02
1.112365e-01;4.163742e-02;9.680963e-02;3.381901e-02;3.649407e-02;8.788149e-02;2.248812e-01;4.025196e-02;4.029516e-02;9.252164e-02;7.893080e-02;1.152412e-01
1.214605e-01;3.223205e-02;8.245395e-02;3.225176e-02;4.565706e-02;8.176695e-02;2.241335e-01;3.123099e-02;4.672138e-02;1.114844e-01;8.609325e-02;1.045143e-01
8.911879e-02;5.826279e-02;1.218197e-01;4.307707e-02;4.372215e-02;9.460387e-02;1.864565e-01;3.088442e-02;4.487329e-02;1.133992e-01;9.596632e-02;7.781587e-02
5.837067e-02;6.058211e-02;1.688673e-01;4.651473e-02;4.674620e-02;1.144004e-01;1.679355e-01;3.259154e-02;4.428736e-02;1.043699e-01;9.514754e-02;6.018675e-02
3.131678e-02;5.127656e-02;1.738909e-01;3.532242e-02;7.550219e-02;1.292605e-01;1.829915e-01;3.837008e-02;5.288551e-02;8.200550e-02;9.959599e-02;4.758205e-02
2.407836e-02;7.451485e-02;1.508018e-01;4.652604e-02;1.062123e-01;1.212485e-01;1.687319e-01;6.002195e-02;5.595076e-02;5.936432e-02;9.975324e-02;3.279596e-02
2.146428e-02;9.226128e-02;1.254042e-01;6.754161e-02;1.071963e-01;1.229746e-01;1.294462e-01;6.909326e-02;5.939097e-02;6.530940e-02;8.492938e-02;5.498850e-02
4.219507e-02;6.809574e-02;1.262683e-01;6.792026e-02;1.367336e-01;1.067329e-01;1.342654e-01;6.074809e-02;3.883547e-02;6.296244e-02;8.971531e-02;6.552751e-02
6.156314e-02;6.030831e-02;1.499870e-01;5.938243e-02;9.351564e-02;7.674835e-02;1.640461e-01;5.880827e-02;5.069305e-02;7.160219e-02;8.970080e-02;6.364466e-02
6.204569e-02;5.942589e-02;1.637318e-01;6.425741e-02;8.672459e-02;7.560810e-02;2.038596e-01;3.016483e-02;5.509239e-02;7.763714e-02;6.105425e-02;6.039834e-02
7.014830e-02;7.833499e-02;1.640854e-01;6.377240e-02;6.767357e-02;8.526809e-02;2.453366e-01;2.896150e-02;3.485207e-02;5.775710e-02;3.773008e-02;6.608000e-02
9.255924e-02;6.469800e-02;1.600133e-01;7.535128e-02;6.510781e-02;7.148890e-02;2.307897e-01;7.034790e-02;2.679208e-02;5.062968e-02;3.574681e-02;5.647534e-02
1.396067e-01;6.211156e-02;1.646435e-01;7.118125e-02;6.362379e-02;3.636898e-02;1.774830e-01;9.931894e-02;4.855616e-02;6.208189e-02;3.052109e-02;4.450328e-02
2.079421e-01;7.414556e-02;1.524138e-01;5.045444e-02;8.056320e-02;3.397395e-02;1.018226e-01;9.582689e-02;7.097609e-02;6.836361e-02;3.179853e-02;3.171930e-02
2.198069e-01;9.524090e-02;1.966953e-01;2.813984e-02;6.531922e-02;6.665894e-02;1.043296e-01;5.322257e-02;6.722342e-02;4.527983e-02;3.538881e-02;2.269461e-02
2.143620e-01;1.107711e-01;2.449520e-01;1.580852e-02;5.149538e-02;8.279706e-02;1.138072e-01;3.621309e-02;4.922839e-02;3.013796e-02;3.026840e-02;2.015885e-02
2.175919e-01;1.184783e-01;2.922232e-01;1.645802e-02;4.629738e-02;5.549481e-02;1.126396e-01;2.853998e-02;2.966003e-02;3.426046e-02;3.047973e-02;1.787662e-02
1.943436e-01;1.069992e-01;3.726839e-01;1.645733e-02;5.026960e-02;4.591884e-02;7.978074e-02;2.558376e-02;2.305479e-02;2.821061e-02;3.720330e-02;1.949431e-02
1.595181e-01;8.593287e-02;4.135432e-01;2.472285e-02;6.265014e-02;4.793525e-02;9.800804e-02;1.894028e-02;1.696370e-02;2.094251e-02;3.149464e-02;1.934841e-02
1.395215e-01;6.621999e-02;3.963343e-01;3.473930e-02;8.014259e-02;3.953353e-02;1.357118e-01;2.517384e-02;1.342364e-02;1.559614e-02;3.017114e-02;2.343221e-02
1.248694e-01;3.912973e-02;3.962815e-01;3.971149e-02;6.884845e-02;4.805062e-02;1.562364e-01;2.628669e-02;1.263079e-02;1.952534e-02;3.708805e-02;3.134144e-02
1.149487e-01;4.008487e-02;4.349702e-01;4.069138e-02;5.206430e-02;4.824612e-02;1.243908e-01;2.193731e-02;1.786421e-02;3.102487e-02;4.662190e-02;2.715530e-02
1.262192e-01;7.297320e-02;4.468157e-01;3.522279e-02;2.779623e-02;4.043933e-02;5.586173e-02;2.998127e-02;2.505477e-02;4.249598e-02;7.372487e-02;2.341488e-02
1.287379e-01;1.024884e-01;2.855439e-01;2.689901e-02;3.774446e-02;3.182579e-02;1.656475e-01;4.253531e-02;3.447518e-02;4.645073e-02;7.438567e-02;2.326623e-02
1.578414e-01;1.237457e-01;1.507260e-01;3.466564e-02;5.809757e-02;4.082755e-02;1.871900e-01;3.855611e-02;2.782006e-02;5.183801e-02;8.864312e-02;4.004878e-02
7.492190e-02;8.732556e-02;1.510471e-01;7.196421e-02;3.286047e-02;6.994995e-02;1.666873e-01;7.917717e-02;5.738567e-02;1.015707e-01;6.205280e-02;4.505719e-02
3.192237e-02;4.003635e-02;1.507434e-01;8.884321e-02;5.733474e-02;6.459592e-02;1.202647e-01;9.688511e-02;1.231712e-01;1.354892e-01;5.885105e-02;3.186281e-02
4.288605e-02;3.830251e-02;1.399409e-01;6.326568e-02;8.410715e-02;5.439376e-02;8.024962e-02;9.577405e-02;1.637627e-01;1.319929e-01;5.793433e-02;4.739028e-02
3.704285e-02;3.929975e-02;1.806377e-01;5.276864e-02;8.019507e-02;4.279470e-02;4.767851e-02;7.983127e-02;1.557830e-01;2.052967e-01;4.113508e-02;3.753673e-02
6.257124e-02;4.111920e-02;2.198426e-01;5.543258e-02;5.689685e-02;3.667794e-02;3.245119e-02;4.485475e-02;1.597786e-01;2.281266e-01;3.114421e-02;3.110412e-02
