4.748981e-02;5.455595e-02;9.635201e-02;4.996547e-02;7.839189e-02;8.850887e-02;1.369234e-01;5.354688e-02;1.549711e-01;9.766576e-02;4.482593e-02;9.680294e-02
3.765079e-02;5.350244e-02;4.337785e-02;6.116986e-02;1.010137e-01;7.464737e-02;1.409041e-01;7.242351e-02;1.524239e-01;1.110523e-01;6.713788e-02;8.469629e-02
5.800648e-02;4.365079e-02;9.282716e-02;5.985440e-02;9.639823e-02;4.986344e-02;1.273748e-01;8.534855e-02;1.876984e-01;8.793015e-02;5.008750e-02;6.096017e-02
8.907381e-02;4.706409e-02;1.635168e-01;6.032907e-02;7.441764e-02;4.835740e-02;1.530278e-01;6.807686e-02;1.588895e-01;5.147376e-02;4.501992e-02;4.075327e-02
9.156910e-02;3.799186e-02;1.691118e-01;6.184788e-02;4.301941e-02;5.020376e-02;1.667009e-01;4.981177e-02;1.366214e-01;8.816496e-02;5.168225e-02;5.327489e-02
9.937792e-02;4.783903e-02;1.301012e-01;6.520329e-02;4.220719e-02;6.929013e-02;1.317151e-01;7.519841e-02;1.393454e-01;7.604038e-02;6.831413e-02;5.536778e-02
1.099830e-01;4.610500e-02;8.360080e-02;6.812277e-02;7.740789e-02;9.992395e-02;8.869926e-02;8.902440e-02;1.415457e-01;9.318832e-02;4.719868e-02;5.520024e-02
8.701662e-02;4.504655e-02;1.071975e-01;5.631704e-02;7.432714e-02;7.799630e-02;9.365223e-02;4.638482e-02;1.303643e-01;1.284908e-01;5.628508e-02;9.692159e-02
1.022878e-01;7.989939e-02;8.187374e-02;6.407511e-02;6.559032e-02;7.461670e-02;9.085953e-02;5.176382e-02;1.495101e-01;9.679341e-02;3.805621e-02;1.046739e-01
8.044238e-02;8.183035e-02;1.941885e-01;5.824466e-02;9.573522e-02;7.782280e-02;1.176988e-01;5.798969e-02;7.741120e-02;7.363670e-02;2.835143e-02;5.664823e-02
2.488457e-02;4.411495e-02;3.222221e-01;4.217129e-02;1.029594e-01;6.248133e-02;1.673268e-01;3.265803e-02;9.179057e-02;4.376262e-02;3.104672e-02;3.458160e-02
1.032281e-02;2.959095e-02;4.260955e-01;5.548858e-02;1.014393e-01;6.077652e-02;1.640808e-01;1.908701e-02;5.301101e-02;3.610469e-02;2.460954e-02;1.939324e-02
6.062192e-03;1.801863e-02;5.849016e-01;6.782009e-02;7.686788e-02;3.723816e-02;1.030363e-01;1.181722e-02;2.885544e-02;3.967862e-02;1.889196e-02;6.811987e-03
6.999966e-03;1.015745e-02;7.203159e-01;7.622171e-02;4.930452e-02;1.192208e-02;4.212642e-02;5.212905e-03;1.352008e-02;3.689477e-02;1.961007e-02;7.714170e-03
8.716805e-03;9.749069e-03;7.399384e-01;8.145567e-02;5.383500e-02;1.605036e-02;1.404159e-02;5.102597e-03;8.694048e-03;3.128505e-02;2.682530e-02;4.306061e-03
7.495336e-03;1.258969e-02;7.303163e-01;8.509570e-02;5.811676e-02;1.464759e-02;1.751453e-02;7.565313e-03;9.646355e-03;2.709027e-02;2.753069e-02;2.391396e-03
4.572016e-03;1.022789e-02;7.462955e-01;7.964418e-02;5.507422e-02;1.232687e-02;2.017805e-02;7.809698e-03;1.027390e-02;2.577160e-02;2.597384e-02;1.852194e-03
6.530587e-03;9.009345e-03;7.454569e-01;8.012518e-02;5.571206e-02;1.354074e-02;2.082136e-02;8.617434e-03;1.212464e-02;2.958276e-02;1.493350e-02;3.545498e-03
7.868396e-03;1.036154e-02;7.512466e-01;6.979825e-02;5.099345e-02;1.436924e-02;2.784351e-02;6.734223e-03;8.409777e-03;3.886474e-02;9.903806e-03;3.606461e-03
8.873388e-03;1.604625e-02;7.669513e-01;5.374280e-02;3.744577e-02;9.793822e-03;2.360892e-02;4.529006e-03;1.041581e-02;5.185819e-02;1.273563e-02;3.999053e-03
1.550972e-02;1.870536e-02;7.398992e-01;4.592626e-02;3.469789e-02;1.005946e-02;3.226713e-02;7.703397e-03;1.643442e-02;5.928247e-02;1.658902e-02;2.925677e-03
1.401538e-02;3.964831e-02;6.704557e-01;6.178398e-02;4.074569e-02;1.880510e-02;4.429502e-02;9.431494e-03;2.416836e-02;6.291772e-02;1.084935e-02;2.883842e-03
6.771565e-03;5.291127e-02;6.816756e-01;6.149136e-02;3.017414e-02;1.721652e-02;3.010550e-02;1.307929e-02;1.820985e-02;7.925579e-02;6.609920e-03;2.499161e-03
1.172451e-02;7.506382e-02;6.763838e-01;4.052227e-02;1.154200e-02;1.159216e-02;1.727985e-02;1.684577e-02;1.590227e-02;1.027724e-01;1.576721e-02;4.603949e-03
7.302643e-03;9.237082e-02;6.399676e-01;2.796784e-02;1.117799e-02;9.391602e-03;1.827885e-02;1.220301e-02;5.043726e-02;1.105147e-01;1.260388e-02;7.783716e-03
1.709756e-02;1.111111e-01;6.177461e-01;2.459406e-02;1.498837e-02;8.858591e-03;1.642045e-02;4.888741e-03;8.239796e-02;8.504409e-02;8.777436e-03;8.075555e-03
1.449272e-02;1.297647e-01;5.860257e-01;2.087078e-02;1.557815e-02;5.919012e-03;2.067718e-02;1.379452e-02;1.189759e-01;6.182135e-02;7.211930e-03;4.868099e-03
4.151427e-02;1.447490e-01;5.323550e-01;2.331492e-02;1.464768e-02;1.151175e-02;1.944735e-02;1.772872e-02;1.310875e-01;5.339282e-02;6.132102e-03;4.118819e-03
9.609766e-02;1.660064e-01;4.736825e-01;2.196383e-02;1.724895e-02;1.433199e-02;2.645371e-02;8.345969e-03;1.060931e-01;5.024650e-02;9.182027e-03;1.034728e-02
1.107633e-01;1.902194e-01;4.498114e-01;2.905302e-02;2.207746e-02;1.508679e-02;3.333399e-02;1.028340e-02;6.664628e-02;4.708024e-02;1.224243e-02;1.340242e-02
4.405833e-02;1.892347e-01;5.510710e-01;3.642412e-02;2.274415e-02;1.134959e-02;2.793615e-02;1.194966e-02;5.253237e-02;2.853049e-02;9.363413e-03;1.480603e-02
7.093048e-02;2.022302e-01;5.144289e-01;3.125170e-02;2.133284e-02;1.618316e-02;2.325278e-02;1.309097e-02;5.616688e-02;2.215140e-02;1.349305e-02;1.548769e-02
8.487459e-02;2.013033e-01;5.235994e-01;2.467179e-02;1.571901e-02;1.467460e-02;1.792612e-02;1.033416e-02;6.239672e-02;1.759221e-02;1.301057e-02;1.389754e-02
7.199860e-02;2.046898e-01;5.358834e-01;1.923332e-02;1.323234e-02;1.857307e-02;2.153790e-02;9.356364e-03;6.933606e-02;9.844111e-03;1.142701e-02;1.488807e-02
6.630620e-02;1.742998e-01;5.466697e-01;2.516678e-02;8.627194e-03;3.278930e-02;3.849999e-02;1.033009e-02;5.464774e-02;1.926789e-02;7.336143e-03;1.605916e-02
5.313571e-02;1.063566e-01;5.701091e-01;3.978274e-02;2.199277e-02;4.122876e-02;5.892636e-02;2.295941e-02;1.338039e-02;3.678591e-02;1.019932e-02;2.514300e-02
4.069456e-02;9.802408e-02;5.417214e-01;4.149572e-02;2.475068e-02;3.724839e-02;4.754101e-02;1.829084e-02;6.147644e-02;4.799730e-02;1.063768e-02;3.012192e-02
3.196880e-02;1.320178e-01;5.430913e-01;2.725936e-02;1.413391e-02;2.834975e-02;2.007831e-02;1.004579e-02;9.428871e-02;5.160516e-02;1.140410e-02;3.575710e-02
2.364060e-02;1.460724e-01;5.411430e-01;3.205543e-02;1.937374e-02;2.773581e-02;1.951865e-02;1.021400e-02;9.393908e-02;4.212888e-02;1.116701e-02;3.301139e-02
1.288152e-02;1.615439e-01;5.645066e-01;3.279391e-02;1.597300e-02;2.755984e-02;1.112446e-02;9.979032e-03;9.009480e-02;4.475268e-02;7.055807e-03;2.173447e-02
4.898098e-02;1.830507e-01;5.219696e-01;3.038647e-02;1.529845e-02;3.213774e-02;1.381800e-02;9.451258e-03;8.529762e-02;3.501311e-02;6.457881e-03;1.813827e-02
5.893456e-02;2.208909e-01;4.682586e-01;3.222682e-02;1.657300e-02;3.198691e-02;1.258305e-02;6.963760e-03;1.042284e-01;2.460608e-02;5.971239e-03;1.677676e-02
1.080332e-01;2.429111e-01;3.976484e-01;3.250203e-02;1.712592e-02;2.800027e-02;1.692468e-02;1.236606e-02;1.023836e-01;2.407555e-02;5.217208e-03;1.281194e-02
1.576994e-01;2.539406e-01;3.470836e-01;2.495311e-02;1.812777e-02;2.312863e-02;2.791310e-02;1.308139e-02;8.641455e-02;2.594006e-02;1.060945e-02;1.110835e-02
1.522810e-01;2.503096e-01;3.615433e-01;2.479619e-02;1.981848e-02;1.694915e-02;2.555336e-02;2.302316e-02;8.704160e-02;1.742173e-02;1.018609e-02;1.107635e-02
1.581242e-01;2.251591e-01;4.059609e-01;2.466805e-02;1.106501e-02;8.945071e-03;1.728473e-02;2.620964e-02;8.209927e-02;1.160551e-02;1.300008e-02;1.587837e-02
2.281745e-01;2.123395e-01;3.437506e-01;2.107044e-02;1.188629e-02;1.172462e-02;2.155514e-02;1.894216e-02;6.613649e-02;1.723155e-02;1.586613e-02;3.132259e-02
1.984655e-01;1.562058e-01;3.670755e-01;2.520556e-02;1.894482e-02;1.289234e-02;3.257871e-02;3.347687e-02;5.404612e-02;3.358291e-02;3.577194e-02;3.175388e-02
1.175211e-01;8.897581e-02;4.559823e-01;3.599286e-02;2.848421e-02;2.556306e-02;5.234491e-02;3.086680e-02;5.767230e-02;4.645510e-02;4.202316e-02;1.811838e-02
9.470734e-02;7.135912e-02;4.534824e-01;4.139262e-02;3.784711e-02;2.503238e-02;5.377943e-02;1.400193e-02;5.471298e-02;6.498886e-02;5.671993e-02;3.197589e-02
9.567277e-02;8.234383e-02;3.681901e-01;4.862773e-02;4.760226e-02;2.762798e-02;8.552635e-02;1.987534e-02;4.276946e-02;5.287853e-02;8.608455e-02;4.280104e-02
1.043254e-01;8.726510e-02;3.523768e-01;4.419380e-02;5.114781e-02;3.118849e-02;1.012092e-01;4.542191e-02;3.965726e-02;2.799726e-02;8.294067e-02;3.227619e-02
1.469601e-01;1.055077e-01;3.210638e-01;2.688840e-02;4.302382e-02;2.177151e-02;1.114664e-01;6.745012e-02;5.473934e-02;2.204816e-02;4.457867e-02;3.450205e-02
1.563154e-01;9.505957e-02;2.775513e-01;3.001102e-02;4.509888e-02;2.539200e-02;1.109723e-01;6.261683e-02;6.408951e-02;3.503052e-02;4.580494e-02;5.205768e-02
1.263810e-01;7.871195e-02;2.096847e-01;3.780817e-02;4.103274e-02;3.693030e-02;1.150227e-01;7.800341e-02;6.488669e-02;5.147285e-02;7.352470e-02;8.654089e-02
1.629768e-01;9.046693e-02;9.772273e-02;4.335628e-02;2.851439e-02;3.983224e-02;1.343050e-01;9.043073e-02;4.743597e-02;5.275356e-02;8.632011e-02;1.258852e-01
1.385005e-01;6.651121e-02;1.127658e-01;4.086094e-02;4.271957e-02;5.585074e-02;1.354159e-01;6.234669e-02;5.627739e-02;6.768514e-02;9.204712e-02;1.290190e-01
7.365622e-02;5.235817e-02;1.396880e-01;3.542493e-02;3.896785e-02;5.575322e-02;1.354287e-01;7.767856e-02;6.769465e-02;8.900487e-02;1.130452e-01;1.212998e-01
7.275002e-02;5.912279e-02;1.473392e-01;3.900122e-02;6.653072e-02;4.438539e-02;1.001303e-01;9.108379e-02;6.940624e-02;9.095142e-02;1.243618e-01;9.493719e-02
5.791674e-02;9.096736e-02;1.695815e-01;6.620158e-02;8.376276e-02;5.753108e-02;1.003271e-01;6.953858e-02;7.622995e-02;8.162177e-02;8.458600e-02;6.173555e-02
1.113992e-01;1.295206e-01;1.771824e-01;6.331342e-02;6.897279e-02;6.617216e-02;6.849024e-02;6.137649e-02;6.873274e-02;7.804994e-02;5.467638e-02;5.211360e-02
2.022438e-01;1.764107e-01;2.609082e-01;3.907705e-02;3.838462e-02;3.977297e-02;5.746398e-02;3.744291e-02;2.684136e-02;5.110407e-02;2.461562e-02;4.573470e-02
2.895620e-01;2.065128e-01;2.572451e-01;2.232152e-02;1.994461e-02;2.287647e-02;5.045438e-02;3.149585e-02;1.338585e-02;3.013765e-02;1.916949e-02;3.689436e-02
3.117745e-01;2.012752e-01;1.693876e-01;2.369123e-02;2.935970e-02;2.201570e-02;4.941918e-02;5.340247e-02;4.643393e-02;3.198719e-02;2.285587e-02;3.839734e-02
2.620006e-01;1.368470e-01;1.085494e-01;4.393127e-02;3.976342e-02;4.043128e-02;5.038271e-02;7.068049e-02;8.503738e-02;6.305435e-02;4.861175e-02;5.071025e-02
2.480517e-01;9.629633e-02;1.232261e-01;5.221251e-02;4.144396e-02;4.856510e-02;4.798027e-02;7.519744e-02;8.015330e-02;6.944889e-02;6.538236e-02;5.204202e-02
2.485799e-01;8.315043e-02;1.519961e-01;3.968031e-02;3.704264e-02;5.245532e-02;4.805489e-02;6.841846e-02;6.357851e-02;6.711423e-02;7.674604e-02;6.318317e-02
2.373817e-01;7.487921e-02;1.637825e-01;3.496712e-02;3.909370e-02;5.204018e-02;7.955370e-02;6.393557e-02;5.464583e-02;5.853156e-02;7.098774e-02;7.020123e-02
2.256449e-01;5.552842e-02;1.767391e-01;4.004029e-02;5.456994e-02;4.065037e-02;1.249661e-01;6.376356e-02;5.149432e-02;6.098044e-02;5.723253e-02;4.839003e-02
2.322772e-01;6.925752e-02;1.119282e-01;2.603400e-02;4.604726e-02;4.063617e-02;1.481298e-01;6.845445e-02;8.388397e-02;6.727655e-02;4.829687e-02;5.777802e-02
1.622662e-01;8.997805e-02;9.830129e-02;4.285586e-02;4.178023e-02;6.214101e-02;1.505857e-01;7.404468e-02;1.135741e-01;7.155295e-02;4.303839e-02;4.988157e-02
1.345129e-01;1.146580e-01;7.891250e-02;5.379481e-02;6.849999e-02;7.626376e-02;1.301347e-01;7.393211e-02;1.109394e-01;6.585704e-02;4.401265e-02;4.848212e-02
1.375327e-01;1.317983e-01;1.227773e-01;3.925330e-02;7.568402e-02;6.171113e-02;1.246958e-01;8.154822e-02;7.143096e-02;4.892934e-02;3.983516e-02;6.480374e-02
1.155663e-01;1.516414e-01;1.410854e-01;2.547055e-02;6.334191e-02;4.279481e-02;1.311095e-01;6.891767e-02;5.847732e-02;7.681963e-02;5.630876e-02;6.846676e-02
1.030451e-01;1.345536e-01;1.579167e-01;3.217372e-02;5.751394e-02;5.724638e-02;1.418219e-01;4.620168e-02;8.537085e-02;7.527282e-02;5.291909e-02;5.596411e-02
1.163545e-01;7.868470e-02;1.271048e-01;4.755403e-02;5.113605e-02;6.202056e-02;1.540544e-01;4.414128e-02;1.071753e-01;9.739878e-02;7.187429e-02;4.250134e-02
1.053784e-01;4.449792e-02;1.052536e-01;7.238290e-02;5.713560e-02;7.143050e-02;1.305831e-01;8.058589e-02;1.384299e-01;8.424914e-02;7.611296e-02;3.396006e-02
1.060350e-01;4.803799e-02;1.282022e-01;8.199224e-02;8.191442e-02;6.546558e-02;1.104100e-01;8.117709e-02;1.334825e-01;6.472947e-02;6.840651e-02;3.014697e-02
1.095648e-01;5.676862e-02;8.188749e-02;6.639428e-02;8.125129e-02;7.790765e-02;1.596070e-01;8.403796e-02;1.075876e-01;7.934627e-02;4.213122e-02;5.351590e-02
9.174626e-02;8.885903e-02;1.081436e-01;4.800616e-02;7.706831e-02;9.153911e-02;1.492595e-01;9.488810e-02;9.473810e-02;7.781938e-02;3.492212e-02;4.301025e-02
7.947890e-02;7.532291e-02;2.227135e-01;6.369614e-02;7.535030e-02;9.420739e-02;8.168852e-02;9.034836e-02;8.157405e-02;5.342321e-02;5.301051e-02;2.918615e-02
7.054309e-02;8.605367e-02;3.791670e-01;8.090536e-02;6.978954e-02;5.894630e-02;7.432112e-02;4.217013e-02;4.444461e-02;3.743213e-02;3.993096e-02;1.629606e-02
6.815241e-02;8.474830e-02;4.445119e-01;1.148126e-01;5.550333e-02;3.625340e-02;4.938859e-02;3.203110e-02;2.860244e-02;3.298945e-02;4.317932e-02;9.827184e-03
4.411219e-02;4.726622e-02;3.985083e-01;1.854497e-01;1.059788e-01;3.133199e-02;4.562071e-02;2.971470e-02;1.105498e-02;2.800335e-02;5.800711e-02;1.495207e-02
2.014244e-02;2.407499e-02;2.578106e-01;2.194110e-01;2.393263e-01;5.197669e-02;3.719657e-02;2.713600e-02;9.748206e-03;1.608207e-02;5.812790e-02;3.896728e-02
1.665911e-02;1.237570e-02;1.305550e-01;1.475003e-01;3.975905e-01;8.083713e-02;5.862107e-02;1.858366e-02;1.793251e-02;6.180075e-03;3.814298e-02;7.502193e-02
2.412020e-02;1.232706e-02;8.464421e-02;7.722072e-02;4.814882e-01;9.914673e-02;7.072500e-02;1.312227e-02;2.974082e-02;8.241216e-03;1.620226e-02;8.302132e-02
1.496873e-02;1.029907e-02;6.218517e-02;6.778026e-02;4.930811e-01;1.248482e-01;7.226479e-02;8.838228e-03;4.496821e-02;1.010331e-02;1.238706e-02;7.827596e-02
2.568451e-02;8.180550e-03;5.803235e-02;4.493694e-02;4.618864e-01;1.666193e-01;7.907792e-02;1.015452e-02;4.990000e-02;1.015334e-02;9.339377e-03;7.603485e-02
4.053310e-02;5.818849e-03;3.433351e-02;3.617889e-02;3.819525e-01;2.807264e-01;8.819048e-02;1.441859e-02;4.304983e-02;9.607993e-03;9.859277e-03;5.533059e-02
5.413669e-02;1.055715e-02;5.626401e-02;2.290779e-02;2.507471e-01;3.875161e-01;1.207733e-01;1.961583e-02;2.253250e-02;1.714065e-02;9.246851e-03;2.856202e-02
6.172716e-02;7.816389e-03;3.773844e-02;2.660629e-02;2.090548e-01;4.373246e-01;1.395512e-01;1.273232e-02;1.996971e-02;2.229281e-02;6.522327e-03;1.866389e-02
5.515387e-02;5.634917e-03;3.904139e-02;1.806633e-02;2.091618e-01;4.467728e-01;1.652002e-01;1.399325e-02;1.363663e-02;1.289766e-02;6.778722e-03;1.366255e-02
5.184625e-02;7.438863e-03;4.821059e-02;1.981046e-02;2.487874e-01;3.680160e-01;1.399212e-01;1.417792e-02;3.727342e-02;1.135870e-02;9.580221e-03;4.357891e-02
3.422563e-02;8.911232e-03;6.109486e-02;2.814471e-02;3.175066e-01;2.801690e-01;1.070531e-01;1.233117e-02;6.413072e-02;7.593085e-03;1.509165e-02;6.374831e-02
2.293434e-02;5.441905e-03;7.180256e-02;3.594006e-02;3.418008e-01;1.922251e-01;9.738895e-02;1.899423e-02;1.020208e-01;1.431136e-02;1.741755e-02;7.972226e-02
1.869999e-02;7.665609e-03;8.149337e-02;2.725342e-02;3.340683e-01;1.504351e-01;9.269788e-02;2.538329e-02;1.317953e-01;3.536800e-02;1.549550e-02;7.964417e-02
2.312292e-02;1.003415e-02;7.897062e-02;3.573027e-02;3.324241e-01;1.298242e-01;8.880027e-02;2.649991e-02;1.558862e-01;3.772822e-02;1.246550e-02;6.851368e-02
2.531279e-02;9.907723e-03;8.558573e-02;4.191312e-02;3.328632e-01;1.441499e-01;7.539656e-02;1.960738e-02;1.349411e-01;3.026651e-02;2.609581e-02;7.396011e-02
2.306667e-02;1.195175e-02;9.878534e-02;4.686926e-02;3.457780e-01;1.647876e-01;8.511837e-02;1.254388e-02;9.325879e-02;1.870283e-02;2.717032e-02;7.196721e-02
2.196611e-02;2.711784e-02;1.052275e-01;5.551914e-02;3.655297e-01;1.710395e-01;1.084219e-01;1.831368e-02;4.699668e-02;1.366187e-02;1.466075e-02;5.154526e-02
3.820009e-02;4.252270e-02;1.109238e-01;6.062657e-02;3.601879e-01;1.651096e-01;9.521840e-02;2.109424e-02;4.135831e-02;1.428091e-02;1.517339e-02;3.530397e-02
3.483414e-02;3.913460e-02;1.180618e-01;7.119148e-02;3.630655e-01;1.476539e-01;9.808104e-02;1.544496e-02;4.654003e-02;2.068640e-02;1.418102e-02;3.112521e-02
2.166258e-02;3.315100e-02;1.214609e-01;7.291002e-02;3.878727e-01;1.510342e-01;9.981354e-02;1.566980e-02;3.924724e-02;2.363645e-02;1.211590e-02;2.142573e-02
1.114478e-02;1.807837e-02;1.377633e-01;6.819818e-02;3.871045e-01;1.672457e-01;1.184267e-01;1.282376e-02;3.466642e-02;1.568813e-02;6.857600e-03;2.200259e-02
2.279479e-02;1.557113e-02;1.279005e-01;5.985077e-02;3.616933e-01;1.861379e-01;1.484085e-01;1.653696e-02;2.127401e-02;1.431041e-02;8.604120e-03;1.691768e-02
3.039740e-02;1.894575e-02;1.042391e-01;4.047724e-02;3.310600e-01;2.070664e-01;1.898068e-01;2.202811e-02;1.830265e-02;1.476446e-02;5.872879e-03;1.703929e-02
2.263031e-02;1.578846e-02;9.643217e-02;3.326872e-02;3.361692e-01;2.176883e-01;2.093872e-01;1.400964e-02;1.857684e-02;1.488158e-02;6.776322e-03;1.439118e-02
9.638499e-03;6.724166e-03;1.091415e-01;3.975144e-02;3.668155e-01;1.933242e-01;2.058759e-01;1.099120e-02;1.911617e-02;1.344595e-02;9.827764e-03;1.534756e-02
6.675138e-03;5.888850e-03;1.566632e-01;5.763803e-02;3.993799e-01;1.530671e-01;1.507678e-01;6.208399e-03;2.135448e-02;1.388949e-02;7.017919e-03;2.144977e-02
1.078625e-02;1.042488e-02;1.996455e-01;8.490314e-02;3.926042e-01;1.232940e-01;1.066750e-01;7.810747e-03;1.873676e-02;1.162558e-02;1.115674e-02;2.233721e-02
1.481023e-02;1.870958e-02;2.745167e-01;1.286907e-01;3.412036e-01;9.398632e-02;5.619793e-02;9.420865e-03;1.284690e-02;2.089754e-02;1.138557e-02;1.733413e-02
2.196294e-02;2.288675e-02;3.505029e-01;1.610420e-01;2.581304e-01;6.827544e-02;2.898991e-02;1.800098e-02;1.100389e-02;2.426270e-02;1.599650e-02;1.894565e-02
1.423484e-02;2.324690e-02;4.628127e-01;1.645089e-01;1.752152e-01;5.325877e-02;2.538973e-02;2.033495e-02;1.169889e-02;1.828744e-02;1.734630e-02;1.366544e-02
1.047179e-02;1.812848e-02;5.614446e-01;1.423393e-01;1.296709e-01;4.854077e-02;2.430185e-02;1.444296e-02;1.406542e-02;1.390329e-02;1.579614e-02;6.894426e-03
1.405827e-02;2.029814e-02;6.308517e-01;1.057376e-01;9.374018e-02;3.746291e-02;3.459878e-02;1.223070e-02;1.411669e-02;2.062410e-02;1.014803e-02;6.132922e-03
2.204482e-02;4.243764e-02;6.823512e-01;8.018804e-02;6.004840e-02;2.619157e-02;1.801146e-02;8.049421e-03;1.120376e-02;3.286859e-02;9.703875e-03;6.901186e-03
4.055693e-02;8.179177e-02;6.436249e-01;5.794908e-02;3.587691e-02;2.573585e-02;2.719630e-02;6.526211e-03;1.717504e-02;4.209537e-02;1.423154e-02;7.240098e-03
4.631525e-02;1.180937e-01;5.687743e-01;4.166624e-02;4.863059e-02;3.316788e-02;3.733484e-02;1.464824e-02;2.839080e-02;3.951038e-02;1.190492e-02;1.156280e-02
5.544358e-02;1.404619e-01;4.833196e-01;2.887061e-02;5.556955e-02;3.386097e-02;4.001220e-02;2.143560e-02;5.335831e-02;3.501182e-02;2.710799e-02;2.554784e-02
6.913392e-02;1.201067e-01;4.115951e-01;3.637489e-02;6.536684e-02;3.281151e-02;7.448769e-02;2.402128e-02;5.119110e-02;4.870309e-02;3.892343e-02;2.728442e-02
1.469845e-01;1.426909e-01;2.665934e-01;4.875755e-02;6.269791e-02;4.554249e-02;7.954496e-02;3.099246e-02;5.668875e-02;5.682674e-02;3.613734e-02;2.654305e-02
2.225175e-01;1.460663e-01;2.561618e-01;4.383093e-02;3.843124e-02;4.357938e-02;6.869720e-02;3.676518e-02;3.643334e-02;4.834423e-02;2.988471e-02;2.928819e-02
2.909588e-01;1.772402e-01;2.379552e-01;3.840473e-02;3.697880e-02;3.256289e-02;3.867756e-02;2.020066e-02;2.440029e-02;3.823699e-02;3.149553e-02;3.288833e-02
2.194462e-01;1.857857e-01;3.029085e-01;3.994017e-02;3.670068e-02;2.337470e-02;7.493333e-02;2.070329e-02;2.408968e-02;1.983613e-02;2.156156e-02;3.072017e-02
1.173838e-01;1.275674e-01;3.795663e-01;8.173221e-02;6.074813e-02;3.591667e-02;7.902738e-02;3.743437e-02;2.474460e-02;1.686900e-02;2.417607e-02;1.483404e-02
8.362199e-02;6.394599e-02;3.517100e-01;1.485397e-01;9.562121e-02;3.642968e-02;5.446921e-02;6.834728e-02;2.982142e-02;1.416852e-02;3.432772e-02;1.899726e-02
4.907246e-02;2.807554e-02;3.573982e-01;1.846284e-01;9.397075e-02;2.734310e-02;6.694870e-02;8.117124e-02;2.743362e-02;2.302226e-02;4.242217e-02;1.851355e-02
3.357826e-02;1.783950e-02;4.709112e-01;1.666136e-01;6.744280e-02;1.815088e-02;6.082061e-02;6.856155e-02;1.646021e-02;2.833641e-02;4.121905e-02;1.006594e-02
9.643560e-03;3.650230e-02;5.181882e-01;1.337919e-01;5.695694e-02;1.979684e-02;7.013405e-02;5.060521e-02;2.165429e-02;3.088702e-02;3.609525e-02;1.574442e-02
3.389643e-02;6.727978e-02;4.936063e-01;1.075852e-01;5.053493e-02;2.309759e-02;8.309764e-02;3.642614e-02;3.537836e-02;2.579148e-02;2.544908e-02;1.785706e-02
7.988343e-02;1.218338e-01;3.427060e-01;9.901116e-02;5.463110e-02;2.983394e-02;6.193180e-02;4.491559e-02;5.574138e-02;4.695334e-02;4.110136e-02;2.145714e-02
1.007922e-01;1.048506e-01;3.726332e-01;6.445464e-02;7.161391e-02;4.599234e-02;5.783308e-02;3.718361e-02;3.505034e-02;6.243325e-02;3.737745e-02;9.785471e-03
1.382652e-01;1.137049e-01;3.965323e-01;4.408100e-02;5.261877e-02;3.119674e-02;4.286330e-02;4.069537e-02;3.734141e-02;4.425201e-02;3.021533e-02;2.823368e-02
2.846154e-01;1.110997e-01;1.512628e-01;4.806562e-02;4.266236e-02;2.038112e-02;9.972472e-02;6.972532e-02;5.046867e-02;3.588299e-02;2.582374e-02;6.028751e-02
2.652694e-01;1.759082e-01;2.328082e-01;4.509737e-02;3.562876e-02;1.561361e-02;6.202092e-02;5.431604e-02;3.024567e-02;2.833798e-02;2.776125e-02;2.699262e-02
3.082133e-01;2.207903e-01;2.281105e-01;3.235604e-02;3.201457e-02;1.056282e-02;3.467337e-02;3.581206e-02;2.739927e-02;1.920287e-02;2.162852e-02;2.923642e-02
3.919571e-01;2.474497e-01;1.410688e-01;2.719928e-02;3.281099e-02;1.036485e-02;2.995469e-02;2.897139e-02;2.857033e-02;1.620018e-02;1.724860e-02;2.820409e-02
4.142169e-01;2.467448e-01;1.624970e-01;1.720379e-02;2.653536e-02;6.746202e-03;2.493359e-02;2.513530e-02;2.285702e-02;1.430958e-02;1.575518e-02;2.306540e-02
4.404301e-01;2.407936e-01;1.549283e-01;1.189132e-02;2.632969e-02;7.998542e-03;1.543729e-02;2.366588e-02;2.156809e-02;1.023721e-02;1.342943e-02;3.329052e-02
4.119828e-01;1.956730e-01;1.819130e-01;1.554432e-02;3.286032e-02;1.413573e-02;2.720056e-02;1.827264e-02;2.414045e-02;1.582446e-02;1.827316e-02;4.417958e-02
3.792539e-01;1.478420e-01;1.704156e-01;1.857375e-02;3.646481e-02;2.387936e-02;3.737689e-02;2.183874e-02;2.473970e-02;4.010222e-02;3.756548e-02;6.194741e-02
3.710798e-01;4.834608e-02;1.155623e-01;3.410552e-02;5.153598e-02;2.895713e-02;5.817186e-02;3.145505e-02;4.028517e-02;8.609947e-02;6.870649e-02;6.569518e-02
2.738753e-01;1.183893e-01;1.125978e-01;4.172590e-02;4.686117e-02;3.029268e-02;6.852046e-02;3.918474e-02;7.885578e-02;8.374956e-02;5.686099e-02;4.908642e-02
2.373099e-01;1.157529e-01;1.214124e-01;5.494400e-02;9.287748e-02;3.663697e-02;7.796609e-02;3.151933e-02;6.185802e-02;6.967039e-02;6.585494e-02;3.419759e-02
2.097918e-01;9.694891e-02;9.075695e-02;6.896003e-02;9.783660e-02;5.244739e-02;9.789424e-02;4.634249e-02;9.015819e-02;5.491120e-02;4.997176e-02;4.398048e-02
1.809688e-01;8.556099e-02;1.573021e-01;6.297528e-02;5.987082e-02;5.117643e-02;7.703169e-02;5.809055e-02;1.290817e-01;5.696173e-02;4.778461e-02;3.319524e-02
1.472016e-01;1.022894e-01;1.584926e-01;6.822484e-02;6.471433e-02;7.256994e-02;8.188697e-02;4.439240e-02;9.782160e-02;8.349811e-02;3.663445e-02;4.227382e-02
9.436937e-02;1.068771e-01;1.009299e-01;8.209182e-02;9.802902e-02;9.815314e-02;9.906785e-02;4.938455e-02;6.043190e-02;1.056890e-01;7.071406e-02;3.426243e-02
6.626784e-02;1.180672e-01;1.325098e-01;8.891869e-02;8.178788e-02;1.039541e-01;9.127046e-02;4.183902e-02;9.181727e-02;8.486445e-02;6.958993e-02;2.911337e-02
7.595801e-02;1.197712e-01;1.898741e-01;8.562325e-02;5.712148e-02;9.438512e-02;9.723874e-02;3.837625e-02;1.030283e-01;6.173969e-02;4.991388e-02;2.697005e-02
8.768213e-02;1.097992e-01;2.371398e-01;8.597758e-02;5.819820e-02;7.859513e-02;8.817114e-02;3.551109e-02;9.305526e-02;5.546563e-02;3.613378e-02;3.427099e-02
7.576782e-02;9.958200e-02;3.190475e-01;6.887673e-02;6.039659e-02;7.318214e-02;6.912224e-02;2.743974e-02;7.872467e-02;4.875517e-02;3.658452e-02;4.252091e-02
6.712051e-02;8.590303e-02;4.627224e-01;6.014692e-02;5.433995e-02;6.666572e-02;4.968801e-02;2.343001e-02;4.773121e-02;3.028597e-02;3.364721e-02;1.831910e-02
4.570174e-02;9.480881e-02;4.755978e-01;5.234282e-02;4.608662e-02;5.170515e-02;4.259478e-02;2.955660e-02;8.529541e-02;2.760212e-02;2.203248e-02;2.667562e-02
6.373561e-02;1.159364e-01;4.188293e-01;3.169158e-02;2.799911e-02;3.905733e-02;2.525930e-02;2.806624e-02;1.651124e-01;3.351597e-02;1.454171e-02;3.625503e-02
1.369531e-01;1.283061e-01;2.714989e-01;2.631773e-02;2.439334e-02;2.620134e-02;2.409147e-02;8.194228e-02;1.872656e-01;2.603048e-02;1.646743e-02;5.053220e-02
2.081103e-01;9.397569e-02;1.586169e-01;1.711513e-02;4.844209e-02;1.294757e-02;3.967201e-02;1.835334e-01;1.320949e-01;1.859046e-02;3.117857e-02;5.572305e-02
2.205831e-01;5.494549e-02;1.143177e-01;2.075223e-02;6.863813e-02;1.072028e-02;9.327383e-02;2.401917e-01;7.095696e-02;2.588728e-02;2.876823e-02;5.096503e-02
2.071243e-01;3.687673e-02;1.083685e-01;2.822669e-02;7.402932e-02;3.102104e-02;1.398077e-01;2.213627e-01;3.457273e-02;3.136605e-02;3.727672e-02;4.996755e-02
2.445716e-01;4.676421e-02;1.444977e-01;3.156175e-02;6.523338e-02;4.478496e-02;1.018281e-01;1.414113e-01;3.274422e-02;3.946060e-02;5.094678e-02;5.619555e-02
3.243684e-01;7.382739e-02;2.018660e-01;2.051888e-02;3.177966e-02;3.738334e-02;4.943679e-02;1.033196e-01;2.661134e-02;4.219120e-02;3.139096e-02;5.730635e-02
3.683097e-01;6.806666e-02;1.273605e-01;1.184997e-02;2.841337e-02;2.729571e-02;6.608567e-02;1.301157e-01;4.641959e-02;2.923186e-02;3.054709e-02;6.630424e-02
3.722572e-01;6.412525e-02;1.561862e-01;1.445033e-02;3.093368e-02;2.146728e-02;6.220868e-02;1.384790e-01;2.104749e-02;2.723688e-02;3.059250e-02;6.101557e-02
3.870340e-01;6.370114e-02;1.524553e-01;1.503516e-02;1.999855e-02;2.924544e-02;5.241483e-02;1.366396e-01;1.889194e-02;3.608733e-02;2.918241e-02;5.931425e-02
3.656865e-01;7.268056e-02;1.549681e-01;1.416476e-02;1.745596e-02;3.540499e-02;7.064832e-02;1.314863e-01;1.827671e-02;3.398336e-02;2.591526e-02;5.932922e-02
3.782956e-01;7.696213e-02;1.390209e-01;1.544314e-02;1.957616e-02;3.447833e-02;3.940428e-02;1.390863e-01;2.980203e-02;2.730823e-02;3.698658e-02;6.363633e-02
3.663001e-01;7.288922e-02;1.717764e-01;1.895502e-02;1.620507e-02;2.441777e-02;7.276358e-02;1.298473e-01;2.332330e-02;1.954319e-02;2.867579e-02;5.530319e-02
3.635544e-01;1.018112e-01;1.774948e-01;1.810651e-02;1.956942e-02;1.383161e-02;5.899378e-02;1.234556e-01;2.648357e-02;2.169205e-02;3.211730e-02;4.288975e-02
3.698575e-01;1.244193e-01;1.834853e-01;1.307048e-02;2.153770e-02;1.782326e-02;4.773548e-02;1.126269e-01;1.827602e-02;2.400616e-02;2.513678e-02;4.202504e-02
3.830485e-01;1.066977e-01;1.735449e-01;9.400773e-03;2.019353e-02;2.296574e-02;5.784712e-02;1.106285e-01;2.670983e-02;1.936925e-02;2.280326e-02;4.679097e-02
3.956225e-01;1.196956e-01;1.545843e-01;1.162597e-02;2.361349e-02;2.065041e-02;4.304972e-02;1.109939e-01;2.438860e-02;2.734772e-02;3.044667e-02;3.798129e-02
3.839827e-01;1.424144e-01;1.523981e-01;1.461233e-02;2.080045e-02;1.652489e-02;3.373094e-02;1.115686e-01;3.472387e-02;2.783481e-02;2.511341e-02;3.629543e-02
3.528410e-01;1.333509e-01;1.718135e-01;1.799381e-02;1.742947e-02;1.739517e-02;3.283365e-02;1.202723e-01;5.448330e-02;2.352921e-02;2.678963e-02;3.126815e-02
3.257576e-01;1.231592e-01;1.843500e-01;2.225397e-02;2.277756e-02;1.769267e-02;5.146632e-02;1.237401e-01;4.771312e-02;2.347577e-02;2.620626e-02;3.140740e-02
3.324976e-01;1.239427e-01;1.669263e-01;2.312455e-02;2.454805e-02;1.646155e-02;5.205107e-02;1.322790e-01;3.522996e-02;3.626141e-02;2.240938e-02;3.426853e-02
3.505162e-01;1.429222e-01;1.481433e-01;2.464991e-02;1.522708e-02;1.332332e-02;3.969971e-02;1.282174e-01;5.400319e-02;2.296863e-02;3.348264e-02;2.684641e-02
3.341566e-01;1.624481e-01;1.665546e-01;2.312894e-02;1.711929e-02;1.422318e-02;5.297209e-02;1.043361e-01;3.189929e-02;1.832406e-02;4.106964e-02;3.376810e-02
1.956447e-01;1.336495e-01;2.114967e-01;2.286990e-02;3.238803e-02;3.415007e-02;1.230589e-01;7.192762e-02;6.537087e-02;2.853859e-02;5.008398e-02;3.082105e-02
6.982548e-02;8.250808e-02;3.474198e-01;2.688191e-02;4.495054e-02;4.234453e-02;1.574388e-01;4.678936e-02;5.618882e-02;4.909147e-02;3.980262e-02;3.675850e-02
1.788617e-02;4.643326e-02;4.590420e-01;4.400124e-02;4.647204e-02;4.086976e-02;1.313964e-01;5.311781e-02;4.110010e-02;4.631177e-02;3.207156e-02;4.129793e-02
4.960933e-02;6.713336e-02;4.824555e-01;3.844650e-02;3.218863e-02;3.539326e-02;9.856410e-02;4.258558e-02;4.247070e-02;5.643311e-02;2.342110e-02;3.129881e-02
3.043321e-02;6.579326e-02;5.580875e-01;4.690398e-02;2.376406e-02;2.088775e-02;7.048278e-02;2.340935e-02;5.282380e-02;6.890927e-02;2.064440e-02;1.786066e-02
2.313373e-02;5.351151e-02;6.083162e-01;7.820430e-02;3.283183e-02;9.306305e-03;4.255050e-02;2.202636e-02;4.014940e-02;6.179580e-02;1.678064e-02;1.139344e-02
3.134918e-02;2.909567e-02;5.412910e-01;1.254159e-01;5.171218e-02;1.321538e-02;3.533748e-02;3.200586e-02;2.417183e-02;3.102637e-02;6.761761e-02;1.776154e-02
2.652732e-02;1.194323e-02;4.275750e-01;1.571281e-01;9.020065e-02;2.696354e-02;2.429351e-02;4.994164e-02;1.511508e-02;2.336282e-02;1.187219e-01;2.822721e-02
1.289471e-02;1.703899e-02;3.360110e-01;1.481541e-01;1.310830e-01;4.146255e-02;3.389025e-02;5.896573e-02;1.659632e-02;3.243799e-02;1.227332e-01;4.873230e-02
1.506336e-02;1.756788e-02;2.996354e-01;1.276125e-01;1.717105e-01;5.130535e-02;3.637707e-02;6.308913e-02;2.650196e-02;3.748361e-02;9.989036e-02;5.376287e-02
1.422185e-02;2.187100e-02;3.105761e-01;1.255987e-01;1.890220e-01;5.436865e-02;1.580754e-02;6.674907e-02;3.079914e-02;3.572232e-02;8.167956e-02;5.358407e-02
2.054915e-02;2.699664e-02;2.974411e-01;1.082000e-01;1.807623e-01;6.216305e-02;3.925018e-02;7.590777e-02;1.204286e-02;3.291383e-02;8.214741e-02;6.162567e-02
1.376324e-02;2.396758e-02;2.993469e-01;1.267447e-01;1.685138e-01;6.035135e-02;1.036293e-02;7.579778e-02;1.427511e-02;3.189169e-02;1.200827e-01;5.490215e-02
8.452161e-03;1.987576e-02;3.022751e-01;1.476008e-01;1.632109e-01;5.046477e-02;3.904632e-02;6.278822e-02;1.836475e-02;1.735136e-02;1.294508e-01;4.111913e-02
9.809466e-03;1.947663e-02;3.187147e-01;1.608845e-01;1.515605e-01;3.917412e-02;1.231342e-02;6.723528e-02;1.386815e-02;1.848119e-02;1.620385e-01;2.644346e-02
7.451704e-03;1.390604e-02;3.143471e-01;1.690015e-01;1.251471e-01;3.850253e-02;2.091317e-02;7.202610e-02;1.680923e-02;1.162192e-02;1.982630e-01;1.201057e-02
8.597818e-03;1.380685e-02;3.014773e-01;1.700831e-01;1.176912e-01;3.746982e-02;1.975750e-02;6.524005e-02;1.186834e-02;1.282785e-02;2.081597e-01;3.302034e-02
1.383547e-02;1.387049e-02;2.897590e-01;1.674455e-01;1.236311e-01;3.908532e-02;3.378873e-02;5.796725e-02;2.278052e-02;1.596424e-02;1.966844e-01;2.518794e-02
1.271836e-02;1.305610e-02;2.892784e-01;1.798456e-01;1.287519e-01;3.860755e-02;2.726934e-02;5.016465e-02;3.168340e-02;2.178963e-02;1.938785e-01;1.295661e-02
1.263354e-02;1.716327e-02;2.641744e-01;1.803534e-01;1.287757e-01;3.890407e-02;3.795145e-02;4.271304e-02;3.745631e-02;3.125965e-02;1.799366e-01;2.867868e-02
1.793053e-02;3.032405e-02;2.280062e-01;1.700226e-01;1.626028e-01;4.503474e-02;4.064626e-02;5.995030e-02;2.003870e-02;3.405433e-02;1.460732e-01;4.531639e-02
3.930719e-02;3.832124e-02;1.916671e-01;1.065946e-01;1.650793e-01;5.487801e-02;6.488635e-02;7.079594e-02;6.686325e-02;3.016055e-02;8.216462e-02;8.928186e-02
5.138322e-02;4.331863e-02;1.470700e-01;5.082959e-02;1.619213e-01;5.574789e-02;8.377928e-02;7.556111e-02;1.498792e-01;1.924158e-02;5.061670e-02;1.106516e-01
5.897167e-02;2.381699e-02;1.199923e-01;4.601308e-02;1.905164e-01;6.760558e-02;8.602352e-02;4.411879e-02;2.281326e-01;1.122286e-02;1.940541e-02;1.041808e-01
6.731899e-02;1.651369e-02;1.287840e-01;4.898709e-02;2.126569e-01;7.219401e-02;7.677189e-02;6.506370e-03;2.643639e-01;1.395553e-02;1.112842e-02;8.081914e-02
5.780591e-02;6.547717e-03;1.408308e-01;3.303305e-02;2.247707e-01;7.413080e-02;7.550390e-02;1.507710e-02;2.747003e-01;1.500537e-02;1.162690e-02;7.096747e-02
5.608538e-02;5.494265e-03;1.484547e-01;2.695506e-02;2.244580e-01;8.039790e-02;7.704159e-02;6.132526e-03;2.617694e-01;1.614008e-02;9.528782e-03;8.754232e-02
6.851839e-02;9.920814e-03;1.265388e-01;3.855394e-02;2.153454e-01;8.142990e-02;9.689520e-02;1.189144e-02;2.254684e-01;1.981353e-02;9.234244e-03;9.639001e-02
6.109179e-02;3.222407e-02;1.077648e-01;5.809050e-02;2.135879e-01;5.931341e-02;1.021466e-01;3.182413e-02;1.913207e-01;1.704642e-02;1.822880e-02;1.073609e-01
2.646173e-02;3.156704e-02;9.667436e-02;7.665578e-02;2.223636e-01;5.396860e-02;1.230296e-01;2.019517e-02;1.847345e-01;1.844177e-02;2.330763e-02;1.226003e-01
5.721348e-02;2.999053e-02;1.159409e-01;8.150288e-02;2.031009e-01;4.587761e-02;9.099566e-02;3.181024e-02;1.821108e-01;2.668006e-02;2.017642e-02;1.146006e-01
5.142409e-02;2.915827e-02;1.199349e-01;8.982868e-02;1.994004e-01;4.947686e-02;8.461589e-02;3.767988e-02;1.883609e-01;2.205812e-02;2.345570e-02;1.046063e-01
6.347189e-02;2.830952e-02;1.076095e-01;9.544445e-02;2.121891e-01;4.748082e-02;1.012930e-01;3.151265e-02;1.879978e-01;1.921964e-02;8.554310e-03;9.691724e-02
5.752509e-02;3.133011e-02;1.093470e-01;9.508945e-02;2.177084e-01;6.372619e-02;1.126544e-01;2.854848e-02;1.553175e-01;2.017983e-02;2.001143e-02;8.856210e-02
5.908778e-02;3.503732e-02;1.318160e-01;1.057644e-01;2.277295e-01;6.476672e-02;8.061980e-02;2.598006e-02;1.342791e-01;2.465671e-02;2.040257e-02;8.986010e-02
6.144145e-02;4.929221e-02;1.226765e-01;1.121871e-01;2.335039e-01;4.755221e-02;7.777178e-02;4.786951e-02;1.075336e-01;2.365431e-02;2.735993e-02;8.915757e-02
4.886119e-02;6.962839e-02;1.359443e-01;1.185291e-01;2.267995e-01;5.091007e-02;8.857354e-02;5.332779e-02;7.875060e-02;2.366464e-02;2.057853e-02;8.443227e-02
5.855095e-02;8.812108e-02;1.517834e-01;1.188377e-01;2.135181e-01;5.275530e-02;5.160681e-02;5.100984e-02;6.664839e-02;2.811481e-02;3.904508e-02;8.000860e-02
3.909192e-02;8.277237e-02;1.919857e-01;1.359391e-01;1.875581e-01;5.585322e-02;8.093469e-02;5.952920e-02;2.298113e-02;2.740621e-02;5.629036e-02;5.965809e-02
4.042445e-02;8.514430e-02;1.886778e-01;1.442350e-01;1.785970e-01;4.859557e-02;6.443815e-02;7.902282e-02;5.181570e-02;2.176966e-02;5.925989e-02;3.801966e-02
3.982514e-02;7.491808e-02;1.803044e-01;1.341182e-01;1.802998e-01;5.140807e-02;6.667926e-02;6.413703e-02;6.197843e-02;1.112601e-02;5.604375e-02;7.916185e-02
3.092246e-02;5.778383e-02;2.044477e-01;1.414183e-01;2.106297e-01;4.821315e-02;4.117689e-02;4.583758e-02;4.939831e-02;9.278099e-03;6.438666e-02;9.650737e-02
2.039607e-02;3.584488e-02;2.165607e-01;1.444566e-01;2.243988e-01;4.463697e-02;5.458021e-02;1.693506e-02;4.375895e-02;9.788691e-03;6.933317e-02;1.193099e-01
1.691987e-02;3.138226e-02;2.219777e-01;1.478117e-01;2.237200e-01;5.052845e-02;2.708593e-02;2.292400e-02;2.950766e-02;7.891937e-03;8.599311e-02;1.342574e-01
1.768775e-02;2.242731e-02;2.389847e-01;1.431421e-01;2.154917e-01;5.747539e-02;3.946566e-02;1.523107e-02;9.306152e-03;1.205901e-02;1.019509e-01;1.267783e-01
2.143880e-02;1.224394e-02;2.455304e-01;1.480314e-01;2.342591e-01;5.995570e-02;2.367387e-02;1.542860e-02;1.002462e-02;2.002341e-02;9.099908e-02;1.183911e-01
2.923504e-02;1.341565e-02;2.489519e-01;1.388130e-01;2.423314e-01;7.083722e-02;3.975355e-02;1.872785e-02;1.854102e-02;2.340300e-02;5.186395e-02;1.041263e-01
1.569769e-02;2.207752e-02;2.748089e-01;1.279322e-01;2.516069e-01;7.575052e-02;3.738311e-02;1.558169e-02;9.311116e-03;2.443883e-02;5.844089e-02;8.697066e-02
2.539762e-02;2.459959e-02;2.837239e-01;1.287414e-01;2.475645e-01;8.131240e-02;5.750645e-02;1.137820e-02;1.052346e-02;2.981098e-02;3.914962e-02;6.029182e-02
3.100872e-02;2.640220e-02;3.097172e-01;1.331979e-01;2.495047e-01;8.115552e-02;3.338521e-02;1.846254e-02;2.045289e-02;2.615146e-02;2.602307e-02;4.453855e-02
1.881587e-02;2.199531e-02;3.201770e-01;1.262254e-01;2.443631e-01;7.972187e-02;5.668695e-02;1.829524e-02;3.870393e-02;1.268531e-02;2.547242e-02;3.685753e-02
1.770029e-02;2.080000e-02;3.324241e-01;1.244916e-01;2.502142e-01;7.454284e-02;4.377120e-02;2.004241e-02;3.710908e-02;1.532579e-02;3.521182e-02;2.836666e-02
1.658882e-02;2.029401e-02;3.194880e-01;1.208956e-01;2.697347e-01;8.735006e-02;6.202979e-02;1.979203e-02;1.664975e-02;1.640357e-02;2.522156e-02;2.555223e-02
1.042484e-02;1.402663e-02;3.140084e-01;1.242586e-01;2.815471e-01;9.337720e-02;4.683525e-02;9.340299e-03;2.255680e-02;1.802044e-02;2.197833e-02;4.362615e-02
1.558809e-02;1.223792e-02;3.063369e-01;1.240516e-01;2.763003e-01;9.105761e-02;5.002040e-02;1.969672e-02;1.832817e-02;1.959493e-02;2.290359e-02;4.388365e-02
1.691336e-02;1.382005e-02;3.111828e-01;1.178238e-01;2.566223e-01;8.889573e-02;7.444394e-02;1.729902e-02;1.598767e-02;2.699840e-02;2.727298e-02;3.273987e-02
1.756846e-02;1.486209e-02;3.324072e-01;1.318666e-01;2.453772e-01;7.238545e-02;4.466972e-02;1.907309e-02;1.901623e-02;2.938448e-02;3.605921e-02;3.733027e-02
8.486000e-03;1.156970e-02;3.586723e-01;1.327512e-01;2.460638e-01;6.942858e-02;3.896200e-02;1.750033e-02;2.602524e-02;2.090030e-02;2.338763e-02;4.625296e-02
9.219895e-03;1.268767e-02;3.242509e-01;1.182151e-01;2.529368e-01;7.919145e-02;5.247491e-02;1.534230e-02;3.207127e-02;1.514812e-02;4.188781e-02;4.657370e-02
1.211698e-02;1.745280e-02;3.375523e-01;1.327944e-01;2.411127e-01;7.275248e-02;5.776839e-02;1.590208e-02;2.292694e-02;1.048914e-02;4.449898e-02;3.463287e-02
1.156218e-02;2.008355e-02;3.754192e-01;1.540187e-01;1.897162e-01;5.726636e-02;4.482275e-02;1.955944e-02;1.235894e-02;1.505280e-02;7.288408e-02;2.725586e-02
9.015067e-03;1.578354e-02;4.716068e-01;1.582650e-01;1.227435e-01;4.422653e-02;3.161444e-02;1.416683e-02;1.688351e-02;1.897433e-02;7.867146e-02;1.804897e-02
7.755566e-03;1.237520e-02;5.983846e-01;1.430184e-01;7.000804e-02;2.500568e-02;1.348374e-02;9.196177e-03;1.697863e-02;3.503890e-02;5.943721e-02;9.317809e-03
1.879181e-02;2.433204e-02;6.772121e-01;1.096615e-01;3.792072e-02;1.248531e-02;9.724485e-03;1.191902e-02;1.774229e-02;4.007252e-02;3.474228e-02;5.395952e-03
1.290267e-02;2.403224e-02;7.421294e-01;7.111507e-02;2.784992e-02;8.913255e-03;2.348053e-02;1.249175e-02;2.174445e-02;3.642851e-02;1.417408e-02;4.738012e-03
7.211904e-03;3.735676e-02;7.461097e-01;5.192422e-02;3.293289e-02;1.057311e-02;2.871217e-02;1.661797e-02;1.730265e-02;3.245612e-02;1.478330e-02;4.019267e-03
1.167821e-02;5.597709e-02;7.355978e-01;5.011975e-02;3.775775e-02;1.051466e-02;2.107826e-02;1.016401e-02;1.151104e-02;3.121780e-02;1.670373e-02;7.679878e-03
1.806874e-02;5.967268e-02;7.586250e-01;3.920279e-02;2.971725e-02;8.821929e-03;1.110748e-02;8.449916e-03;1.337126e-02;3.248663e-02;1.214546e-02;8.330860e-03
2.702819e-02;8.234829e-02;7.429093e-01;3.237760e-02;1.789209e-02;1.235106e-02;1.577815e-02;6.913278e-03;1.110999e-02;3.551247e-02;8.682822e-03;7.096763e-03
1.603889e-02;1.058055e-01;7.363227e-01;3.240914e-02;1.208732e-02;1.202083e-02;1.581784e-02;8.628313e-03;1.437946e-02;3.200120e-02;7.169317e-03;7.319487e-03
1.238603e-02;1.068784e-01;7.388358e-01;3.026913e-02;1.442244e-02;1.188565e-02;1.753547e-02;1.439536e-02;1.419768e-02;2.480931e-02;9.117686e-03;5.267060e-03
1.242703e-02;1.140275e-01;7.130767e-01;3.436265e-02;1.494433e-02;8.456860e-03;2.417652e-02;1.122246e-02;3.077743e-02;1.919234e-02;1.004493e-02;7.291336e-03
5.965888e-02;1.492683e-01;6.287432e-01;3.524792e-02;1.886533e-02;9.992845e-03;1.483204e-02;8.225231e-03;3.838607e-02;1.760918e-02;1.248450e-02;6.686526e-03
1.352445e-01;1.864697e-01;4.824407e-01;3.273821e-02;1.272426e-02;1.427089e-02;2.546471e-02;1.187440e-02;4.491786e-02;2.292563e-02;1.842856e-02;1.250051e-02
2.140230e-01;1.735473e-01;3.768683e-01;2.986603e-02;2.422649e-02;2.208416e-02;2.769579e-02;1.297100e-02;3.585704e-02;3.085602e-02;2.597886e-02;2.602606e-02
2.237781e-01;1.172993e-01;2.974856e-01;1.888370e-02;3.612920e-02;3.647202e-02;5.731427e-02;2.362423e-02;4.467403e-02;5.501390e-02;4.819181e-02;4.113382e-02
1.472409e-01;7.092851e-02;2.651868e-01;2.941475e-02;4.924303e-02;5.888518e-02;7.122115e-02;3.967438e-02;7.871645e-02;7.670797e-02;7.033153e-02;4.244932e-02
8.479892e-02;3.945645e-02;2.055330e-01;5.923157e-02;7.385545e-02;6.257163e-02;6.341752e-02;6.301609e-02;9.189430e-02;1.054403e-01;9.241617e-02;5.836862e-02
