6.278891e-02;6.268863e-02;1.246913e-01;6.679446e-02;7.915833e-02;9.465563e-02;1.247937e-01;5.943875e-02;5.604296e-02;9.098447e-02;1.031415e-01;7.482133e-02
7.207593e-02;6.352926e-02;9.678211e-02;4.554164e-02;8.678677e-02;8.408950e-02;1.480786e-01;5.889891e-02;1.067554e-01;9.609278e-02;7.171126e-02;6.965787e-02
9.375019e-02;4.478087e-02;8.192471e-02;5.509726e-02;6.826691e-02;5.815284e-02;1.608255e-01;5.055610e-02;1.576187e-01;9.104033e-02;5.206402e-02;8.592258e-02
8.856335e-02;3.250334e-02;1.055802e-01;6.086326e-02;5.452582e-02;3.910957e-02;1.503715e-01;5.589722e-02;1.758581e-01;8.326614e-02;8.295176e-02;7.050967e-02
9.602585e-02;4.643075e-02;1.001468e-01;3.071119e-02;6.339854e-02;5.863924e-02;1.678447e-01;6.518321e-02;1.282180e-01;8.261425e-02;9.329177e-02;6.749579e-02
1.359234e-01;5.744544e-02;9.638882e-02;4.799875e-02;6.501111e-02;1.056638e-01;1.614406e-01;4.134258e-02;7.220811e-02;7.337498e-02;9.849316e-02;4.470920e-02
1.386277e-01;4.422262e-02;7.203998e-02;6.278320e-02;5.734412e-02;9.627227e-02;1.297015e-01;3.876649e-02;6.805085e-02;1.128305e-01;1.408069e-01;3.855388e-02
1.205409e-01;7.050074e-02;7.670084e-02;5.328704e-02;8.856767e-02;4.475411e-02;1.086948e-01;5.547572e-02;8.416475e-02;1.048978e-01;1.370768e-01;5.533879e-02
9.722158e-02;7.524396e-02;1.047784e-01;5.268355e-02;1.089051e-01;6.222010e-02;7.312794e-02;5.861871e-02;6.031877e-02;6.952906e-02;1.281611e-01;1.091917e-01
1.046494e-01;5.286533e-02;9.946503e-02;6.300049e-02;8.669673e-02;5.027302e-02;9.551860e-02;4.217679e-02;6.766225e-02;6.827766e-02;1.373827e-01;1.320319e-01
9.360532e-02;1.343015e-01;1.009169e-01;7.656939e-02;6.381060e-02;6.592631e-02;1.161041e-01;2.774504e-02;9.063592e-02;4.077611e-02;1.175426e-01;7.206625e-02
1.260844e-01;2.168060e-01;7.752011e-02;7.239585e-02;6.185929e-02;8.547264e-02;9.056523e-02;4.125397e-02;8.064893e-02;4.552091e-02;7.760572e-02;2.426700e-02
1.338827e-01;1.818975e-01;6.947311e-02;6.253370e-02;8.315595e-02;7.920274e-02;8.947773e-02;5.053509e-02;7.267337e-02;6.191278e-02;7.522234e-02;4.003301e-02
1.124386e-01;1.181059e-01;8.354469e-02;5.516252e-02;9.128141e-02;6.771190e-02;1.264299e-01;6.159010e-02;1.053734e-01;4.977208e-02;6.089597e-02;6.769356e-02
8.940078e-02;6.371358e-02;1.084892e-01;4.770869e-02;6.425617e-02;7.906555e-02;1.559642e-01;6.973121e-02;1.275819e-01;6.228209e-02;5.268458e-02;7.912208e-02
6.977626e-02;5.916434e-02;1.211827e-01;4.552941e-02;5.777222e-02;9.995555e-02;1.574614e-01;8.174834e-02;9.606242e-02;7.267098e-02;6.781691e-02;7.085945e-02
9.347900e-02;2.579943e-02;1.316779e-01;6.233832e-02;7.490589e-02;8.919034e-02;1.400921e-01;8.465440e-02;7.181814e-02;8.376274e-02;7.766332e-02;6.461842e-02
6.697694e-02;4.207328e-02;1.473899e-01;4.939461e-02;5.702675e-02;1.003615e-01;1.553512e-01;1.050558e-01;8.666579e-02;8.268723e-02;4.871861e-02;5.829834e-02
5.358464e-02;3.273261e-02;7.534333e-02;5.604778e-02;7.696804e-02;1.366963e-01;1.483855e-01;1.381865e-01;1.275112e-01;9.081260e-02;2.882892e-02;3.490256e-02
6.054202e-02;3.464960e-02;7.279684e-02;6.639299e-02;7.901374e-02;1.402691e-01;1.316399e-01;1.398990e-01;1.184594e-01;1.078728e-01;2.489385e-02;2.357071e-02
7.063955e-02;3.975964e-02;8.884882e-02;7.041246e-02;7.203446e-02;1.268451e-01;1.177654e-01;1.430039e-01;1.007768e-01;1.266773e-01;2.602747e-02;1.720914e-02
8.819740e-02;5.918942e-02;9.622575e-02;5.960400e-02;6.448656e-02;6.950848e-02;1.030685e-01;1.375164e-01;1.049944e-01;1.298110e-01;4.142074e-02;4.597730e-02
7.381004e-02;5.849038e-02;1.383103e-01;6.808136e-02;8.941711e-02;8.846850e-02;6.620511e-02;7.183865e-02;1.030579e-01;8.768725e-02;5.835137e-02;9.628203e-02
6.736331e-02;7.340316e-02;1.855703e-01;8.419838e-02;6.184021e-02;7.031793e-02;7.292229e-02;7.354983e-02;1.091327e-01;6.634431e-02;5.572995e-02;7.962761e-02
8.042380e-02;7.714067e-02;1.994251e-01;8.533935e-02;2.093814e-02;4.342246e-02;8.076770e-02;1.151639e-01;1.170485e-01;7.021375e-02;4.858378e-02;6.153287e-02
1.134818e-01;7.831943e-02;1.391005e-01;9.430488e-02;4.725084e-02;3.244323e-02;1.290352e-01;1.116958e-01;1.091397e-01;6.959996e-02;3.853374e-02;3.709486e-02
1.100980e-01;7.661004e-02;1.143932e-01;1.023068e-01;5.115358e-02;3.882923e-02;1.534962e-01;7.501231e-02;9.810838e-02;1.049742e-01;4.735911e-02;2.765904e-02
5.611515e-02;9.400692e-02;1.429692e-01;6.901918e-02;3.886605e-02;7.873864e-02;1.175532e-01;5.222001e-02;8.731864e-02;1.481221e-01;6.069866e-02;5.437233e-02
4.690325e-02;7.276133e-02;1.290220e-01;7.541619e-02;4.464361e-02;8.647889e-02;5.770570e-02;8.137229e-02;1.088755e-01;1.845106e-01;5.913884e-02;5.317172e-02
2.258620e-02;5.075976e-02;9.667044e-02;1.022414e-01;5.619625e-02;7.782838e-02;6.090325e-02;1.252825e-01;1.219458e-01;1.854208e-01;7.123378e-02;2.893150e-02
3.918032e-02;3.927532e-02;1.197777e-01;1.024215e-01;6.890436e-02;9.097925e-02;9.458499e-02;1.280008e-01;1.022635e-01;1.185849e-01;5.804435e-02;3.798294e-02
5.571210e-02;2.939220e-02;1.147653e-01;7.080035e-02;7.787785e-02;9.124358e-02;1.059950e-01;1.492559e-01;1.299246e-01;9.101236e-02;4.096585e-02;4.305488e-02
6.143145e-02;3.064684e-02;8.969055e-02;6.443118e-02;6.813628e-02;8.187526e-02;1.053362e-01;1.448307e-01;1.647808e-01;1.119700e-01;5.347643e-02;2.339440e-02
5.763227e-02;3.946347e-02;6.985459e-02;5.382730e-02;6.251238e-02;6.643420e-02;9.684519e-02;7.634401e-02;1.646768e-01;2.251708e-01;6.222740e-02;2.501158e-02
4.448334e-02;5.409665e-02;5.007257e-02;5.011707e-02;4.645099e-02;4.288203e-02;6.162805e-02;5.357227e-02;1.444911e-01;3.660308e-01;5.482179e-02;3.135329e-02
2.871169e-02;6.140243e-02;4.834248e-02;5.684373e-02;3.810720e-02;4.947526e-02;6.574890e-02;5.936218e-02;1.697842e-01;3.556912e-01;4.419759e-02;2.233309e-02
3.265368e-02;5.052212e-02;5.509481e-02;3.790010e-02;5.270584e-02;8.697998e-02;7.489336e-02;1.020364e-01;1.779374e-01;2.368349e-01;5.136165e-02;4.107976e-02
3.667958e-02;3.581578e-02;1.084874e-01;4.986328e-02;3.841668e-02;8.287110e-02;4.485603e-02;1.446834e-01;2.137188e-01;1.498481e-01;4.518399e-02;4.957584e-02
4.568830e-02;5.162850e-02;1.532257e-01;6.172645e-02;4.716453e-02;6.205359e-02;5.514130e-02;1.220948e-01;2.444054e-01;9.882054e-02;2.735365e-02;3.069718e-02
9.271201e-02;6.243715e-02;1.660218e-01;6.100256e-02;7.461517e-02;6.238817e-02;7.225864e-02;1.064521e-01;1.729708e-01;8.355687e-02;2.153288e-02;2.405187e-02
1.033962e-01;7.686118e-02;1.776606e-01;6.350350e-02;7.841480e-02;4.820335e-02;9.117271e-02;1.207787e-01;1.200911e-01;6.035267e-02;3.863110e-02;2.093408e-02
8.201028e-02;6.511497e-02;1.152334e-01;6.724256e-02;6.056774e-02;5.695279e-02;1.166139e-01;1.413098e-01;1.189810e-01;9.020244e-02;5.367871e-02;3.209241e-02
5.841777e-02;4.497326e-02;8.534836e-02;4.318329e-02;4.949106e-02;7.356197e-02;1.272165e-01;1.586104e-01;1.800166e-01;8.848757e-02;4.826533e-02;4.242791e-02
3.976750e-02;5.512479e-02;9.286819e-02;3.999797e-02;5.131363e-02;6.937388e-02;1.183799e-01;1.813099e-01;1.779229e-01;8.060591e-02;5.388162e-02;3.945379e-02
5.614980e-02;5.408402e-02;8.432481e-02;5.566690e-02;5.736874e-02;1.170362e-01;1.193008e-01;1.734293e-01;1.033789e-01;6.843968e-02;8.498631e-02;2.583445e-02
5.554609e-02;3.273903e-02;8.535910e-02;7.063402e-02;6.832382e-02;1.883290e-01;1.136849e-01;1.495117e-01;8.003516e-02;5.632695e-02;7.677018e-02;2.274007e-02
7.593630e-02;3.219293e-02;6.629945e-02;6.268848e-02;7.323578e-02;1.779216e-01;9.507784e-02;1.580753e-01;9.790810e-02;7.493889e-02;4.134027e-02;4.438506e-02
8.201623e-02;5.515908e-02;1.900552e-01;4.706670e-02;5.170437e-02;1.259314e-01;1.404864e-01;9.687160e-02;7.342754e-02;5.655788e-02;3.574296e-02;4.498071e-02
7.195885e-02;1.237405e-01;4.588324e-01;3.403329e-02;3.862086e-02;6.295213e-02;6.871936e-02;3.007930e-02;3.288351e-02;2.820615e-02;2.699757e-02;2.297602e-02
4.966501e-02;1.500328e-01;5.594198e-01;4.496871e-02;2.858334e-02;2.164488e-02;3.494130e-02;2.267925e-02;2.027007e-02;2.962529e-02;1.656701e-02;2.160248e-02
8.035802e-02;1.837954e-01;5.358028e-01;4.183536e-02;2.365841e-02;1.248614e-02;1.570129e-02;1.673914e-02;2.869356e-02;2.781893e-02;1.088679e-02;2.222414e-02
1.175552e-01;2.456060e-01;4.470852e-01;2.825775e-02;1.409640e-02;1.697325e-02;1.009569e-02;1.254394e-02;6.167191e-02;1.629658e-02;8.077011e-03;2.174114e-02
1.597403e-01;3.031185e-01;3.185869e-01;2.300736e-02;1.021257e-02;1.839482e-02;8.842112e-03;1.037141e-02;1.106325e-01;1.178191e-02;6.642212e-03;1.866946e-02
1.420990e-01;3.063097e-01;2.732974e-01;2.845748e-02;1.523282e-02;2.626284e-02;1.402132e-02;1.840679e-02;1.427218e-01;1.553359e-02;7.934457e-03;9.722897e-03
1.209715e-01;2.947700e-01;2.889028e-01;3.238028e-02;1.566236e-02;3.070423e-02;1.356735e-02;1.803299e-02;1.467350e-01;1.926122e-02;8.335053e-03;1.067731e-02
1.472121e-01;2.876705e-01;2.812756e-01;3.572626e-02;1.153859e-02;2.532678e-02;1.059042e-02;1.683571e-02;1.359833e-01;2.484223e-02;8.322379e-03;1.467608e-02
1.736110e-01;2.761033e-01;2.688752e-01;3.686462e-02;1.369995e-02;2.114814e-02;1.370009e-02;1.860360e-02;1.260559e-01;2.784629e-02;9.467547e-03;1.402435e-02
1.896160e-01;2.359670e-01;2.878846e-01;3.766468e-02;1.740756e-02;2.125908e-02;1.998228e-02;2.826143e-02;9.775157e-02;2.730387e-02;1.677959e-02;2.012231e-02
1.819588e-01;1.718079e-01;3.263902e-01;4.374138e-02;3.536291e-02;2.491373e-02;2.274036e-02;3.738010e-02;7.336628e-02;2.918648e-02;2.397572e-02;2.917614e-02
1.542128e-01;1.100205e-01;3.751258e-01;4.106055e-02;4.647618e-02;2.589570e-02;4.411913e-02;3.827455e-02;6.763529e-02;3.705034e-02;2.644438e-02;3.368477e-02
1.310595e-01;1.524637e-01;4.149026e-01;4.821960e-02;4.270826e-02;1.935603e-02;3.055834e-02;3.282622e-02;6.583784e-02;2.953561e-02;1.195937e-02;2.057287e-02
1.253684e-01;1.872418e-01;3.878042e-01;4.601421e-02;3.332460e-02;2.696564e-02;2.857959e-02;2.838331e-02;8.958314e-02;1.957676e-02;1.039470e-02;1.676367e-02
1.021333e-01;2.325009e-01;3.351260e-01;3.766718e-02;1.819247e-02;3.488405e-02;2.026138e-02;2.100722e-02;1.476395e-01;2.192181e-02;1.068397e-02;1.798225e-02
9.582998e-02;2.515574e-01;2.786685e-01;3.437276e-02;1.099120e-02;4.251144e-02;1.391074e-02;9.561709e-03;2.027647e-01;2.248285e-02;1.852516e-02;1.882354e-02
1.391692e-01;2.062363e-01;2.610890e-01;2.963756e-02;1.775119e-02;3.854612e-02;2.735648e-02;2.534917e-02;1.838523e-01;2.207579e-02;2.637972e-02;2.255724e-02
1.712666e-01;1.598205e-01;2.515258e-01;2.705165e-02;2.689562e-02;2.841968e-02;4.625656e-02;5.437300e-02;1.341201e-01;3.519177e-02;3.157809e-02;3.350080e-02
1.541999e-01;1.162002e-01;2.723399e-01;2.877707e-02;4.861926e-02;2.625778e-02;5.137144e-02;7.161741e-02;8.463440e-02;6.479301e-02;3.527487e-02;4.591487e-02
1.172676e-01;7.543788e-02;2.007665e-01;3.294443e-02;7.650604e-02;6.707565e-02;5.863851e-02;7.911208e-02;7.293037e-02;9.553499e-02;4.860591e-02;7.518005e-02
8.872651e-02;7.323492e-02;1.501405e-01;3.889860e-02;6.134356e-02;8.172984e-02;1.333521e-01;6.324189e-02;8.863403e-02;6.925653e-02;6.514208e-02;8.629949e-02
5.102481e-02;7.539540e-02;2.098500e-01;6.129407e-02;5.472289e-02;8.913939e-02;1.295814e-01;6.388920e-02;1.026400e-01;5.766009e-02;4.420299e-02;6.059976e-02
4.800507e-02;8.259474e-02;1.872350e-01;6.418499e-02;7.254034e-02;9.276019e-02;9.248422e-02;8.857272e-02;1.184001e-01;6.987530e-02;3.982525e-02;4.352210e-02
6.154540e-02;8.210438e-02;1.021088e-01;3.409016e-02;7.235892e-02;9.534788e-02;5.727586e-02;1.409583e-01;1.459583e-01;1.144625e-01;3.523936e-02;5.855019e-02
7.657271e-02;5.071814e-02;1.064215e-01;4.650659e-02;7.290726e-02;8.409351e-02;1.196402e-01;1.170131e-01;1.212598e-01;1.374614e-01;3.076971e-02;3.663595e-02
7.359654e-02;6.274217e-02;1.017237e-01;5.926152e-02;6.915078e-02;7.717900e-02;1.219169e-01;1.250905e-01;9.408351e-02;1.471470e-01;4.366779e-02;2.444055e-02
8.072937e-02;7.830805e-02;9.606069e-02;4.579284e-02;4.779600e-02;8.698583e-02;1.312709e-01;1.738423e-01;5.161045e-02;1.332643e-01;4.400261e-02;3.033667e-02
8.926617e-02;5.673411e-02;1.161370e-01;5.749422e-02;4.846249e-02;7.557562e-02;1.705786e-01;1.211263e-01;3.778919e-02;9.210393e-02;7.402088e-02;6.071150e-02
1.028361e-01;6.838595e-02;8.786082e-02;6.463943e-02;6.233870e-02;4.964595e-02;1.329692e-01;5.053557e-02;1.024014e-01;9.437990e-02;7.437465e-02;1.096323e-01
1.172329e-01;6.151881e-02;8.436525e-02;8.068173e-02;5.106835e-02;7.100538e-02;1.086864e-01;5.506352e-02;1.304538e-01;9.231301e-02;3.745398e-02;1.101569e-01
1.010170e-01;4.961944e-02;1.717582e-01;9.009090e-02;4.434813e-02;6.474648e-02;1.647556e-01;4.503381e-02;1.034371e-01;8.416818e-02;3.267509e-02;4.835004e-02
6.765463e-02;6.135219e-02;3.029041e-01;7.597899e-02;6.266440e-02;4.484733e-02;1.515825e-01;4.784413e-02;7.173704e-02;4.229936e-02;3.386601e-02;3.726936e-02
6.661123e-02;9.228286e-02;3.303263e-01;5.361531e-02;6.345202e-02;4.404081e-02;1.086447e-01;5.155747e-02;9.053499e-02;2.594099e-02;4.008434e-02;3.290894e-02
8.517646e-02;1.331674e-01;2.936662e-01;3.509630e-02;4.056910e-02;4.273780e-02;7.046115e-02;5.039718e-02;1.483236e-01;3.731719e-02;3.718643e-02;2.590123e-02
1.354012e-01;1.917824e-01;2.063518e-01;3.119082e-02;2.232694e-02;3.837581e-02;4.189400e-02;4.058410e-02;1.973045e-01;4.898902e-02;2.772917e-02;1.807028e-02
1.787839e-01;2.186904e-01;2.128651e-01;3.218276e-02;2.396760e-02;1.616470e-02;2.754859e-02;4.711154e-02;1.604266e-01;4.707680e-02;2.037881e-02;1.480321e-02
2.470428e-01;1.805991e-01;2.069928e-01;3.221411e-02;3.499079e-02;1.689558e-02;4.148959e-02;6.321878e-02;9.496839e-02;3.919449e-02;1.883920e-02;2.355438e-02
3.162310e-01;1.295718e-01;1.750075e-01;3.160940e-02;3.831706e-02;1.980740e-02;4.667103e-02;6.447881e-02;7.919206e-02;2.979728e-02;2.323071e-02;4.608584e-02
3.397767e-01;1.167477e-01;1.221598e-01;1.884889e-02;4.023765e-02;3.417138e-02;6.721844e-02;4.872887e-02;7.971001e-02;3.096416e-02;3.301404e-02;6.842239e-02
2.934244e-01;1.230078e-01;1.454718e-01;2.902167e-02;4.197564e-02;3.708314e-02;8.232843e-02;4.281769e-02;7.812110e-02;2.654586e-02;3.961841e-02;6.058404e-02
2.179066e-01;1.020153e-01;1.277655e-01;5.771440e-02;4.989895e-02;5.591452e-02;8.133613e-02;4.963328e-02;9.834655e-02;5.513162e-02;5.433128e-02;5.000594e-02
1.540887e-01;8.397323e-02;1.065025e-01;7.498454e-02;5.906241e-02;9.162482e-02;1.007066e-01;6.369630e-02;8.408577e-02;7.412458e-02;6.213455e-02;4.501605e-02
1.080274e-01;9.560148e-02;8.657062e-02;8.564410e-02;7.469212e-02;8.243107e-02;9.163570e-02;7.435258e-02;1.365130e-01;7.352264e-02;5.009789e-02;4.091138e-02
8.392935e-02;5.710644e-02;9.810956e-02;7.987579e-02;8.874879e-02;5.376902e-02;1.141408e-01;1.088398e-01;1.505211e-01;7.442728e-02;5.264090e-02;3.789120e-02
9.168087e-02;5.529880e-02;1.088294e-01;8.097611e-02;7.740449e-02;5.135464e-02;1.240449e-01;1.106822e-01;1.434565e-01;5.866291e-02;5.475091e-02;4.285817e-02
1.145053e-01;9.720819e-02;1.374637e-01;5.936404e-02;6.582840e-02;5.306835e-02;9.151864e-02;8.519603e-02;1.491499e-01;4.946434e-02;5.881944e-02;3.841365e-02
9.126463e-02;6.591113e-02;1.242080e-01;2.413026e-02;4.762815e-02;5.149972e-02;1.167664e-01;8.731793e-02;1.729863e-01;7.496730e-02;6.672657e-02;7.659367e-02
7.526217e-02;4.227797e-02;7.179005e-02;3.619473e-02;4.687217e-02;6.374127e-02;1.844469e-01;1.028147e-01;1.772939e-01;6.880939e-02;5.773837e-02;7.275835e-02
1.022384e-01;5.372255e-02;7.147695e-02;4.702410e-02;6.895659e-02;7.994505e-02;1.565675e-01;4.812414e-02;1.440117e-01;1.138310e-01;5.252104e-02;6.158108e-02
1.139901e-01;7.255347e-02;1.044462e-01;3.994131e-02;6.136812e-02;8.672015e-02;1.012061e-01;6.928344e-02;1.092438e-01;1.162816e-01;6.240448e-02;6.256122e-02
1.302560e-01;8.093779e-02;1.160194e-01;3.885619e-02;6.825144e-02;9.919991e-02;8.678074e-02;5.862571e-02;1.275167e-01;9.781111e-02;5.850098e-02;3.724407e-02
1.047902e-01;7.579695e-02;1.104133e-01;6.572863e-02;6.483518e-02;1.146288e-01;1.076951e-01;4.479818e-02;1.484797e-01;6.310733e-02;7.096845e-02;2.875812e-02
8.705607e-02;7.666376e-02;1.044892e-01;7.128577e-02;5.214667e-02;9.596766e-02;1.137843e-01;5.481312e-02;1.708777e-01;7.229216e-02;6.258925e-02;3.803448e-02
9.753996e-02;7.719843e-02;1.091590e-01;6.361238e-02;3.889571e-02;7.556446e-02;1.060296e-01;6.435256e-02;1.706372e-01;9.880940e-02;5.151659e-02;4.668471e-02
8.997501e-02;7.830528e-02;1.082356e-01;4.992785e-02;3.405038e-02;7.172807e-02;1.113268e-01;6.908346e-02;1.457604e-01;1.413442e-01;5.672434e-02;4.353863e-02
7.056180e-02;8.235385e-02;1.107533e-01;6.529296e-02;5.678745e-02;1.066958e-01;1.057804e-01;7.895298e-02;1.113610e-01;1.244375e-01;2.730265e-02;5.972020e-02
8.417129e-02;7.210676e-02;1.425696e-01;5.864981e-02;7.230940e-02;9.057450e-02;1.342808e-01;7.849659e-02;7.952834e-02;6.450365e-02;4.548929e-02;7.731993e-02
6.532423e-02;5.713116e-02;1.601941e-01;6.090983e-02;6.326532e-02;4.471200e-02;1.606934e-01;7.512146e-02;1.186979e-01;7.500989e-02;5.027684e-02;6.866387e-02
4.426955e-02;7.081600e-02;1.501287e-01;4.862677e-02;2.772748e-02;4.326753e-02;2.148217e-01;7.676618e-02;1.608102e-01;8.374918e-02;3.448137e-02;4.453541e-02
2.717831e-02;6.253614e-02;1.407047e-01;7.965120e-02;4.668767e-02;4.781873e-02;2.003184e-01;8.959886e-02;1.455580e-01;7.640836e-02;3.307747e-02;5.046212e-02
5.736661e-02;6.063102e-02;1.098966e-01;9.641790e-02;8.867835e-02;7.111780e-02;1.314124e-01;1.063318e-01;9.208351e-02;8.092399e-02;6.489861e-02;4.024139e-02
6.104697e-02;7.948782e-02;1.353739e-01;6.641339e-02;1.044020e-01;9.586581e-02;8.768302e-02;8.705375e-02;7.920977e-02;9.491657e-02;6.904662e-02;3.950037e-02
8.622534e-02;6.757437e-02;1.243748e-01;6.671627e-02;8.013069e-02;9.495898e-02;1.290797e-01;6.001464e-02;1.175147e-01;9.598576e-02;4.185212e-02;3.557258e-02
9.664380e-02;5.553352e-02;1.903433e-01;7.723336e-02;5.516473e-02;7.074515e-02;9.550616e-02;6.192693e-02;1.019730e-01;6.620536e-02;7.223620e-02;5.648857e-02
1.159371e-01;6.347273e-02;2.443283e-01;8.404048e-02;5.762729e-02;6.703789e-02;5.345115e-02;4.349828e-02;6.706680e-02;5.770593e-02;8.299404e-02;6.284004e-02
1.096024e-01;3.372351e-02;1.928225e-01;1.132968e-01;7.783742e-02;5.783841e-02;6.267211e-02;5.750066e-02;5.029391e-02;7.865074e-02;9.813236e-02;6.762924e-02
9.690806e-02;3.547976e-02;1.689850e-01;1.151699e-01;1.036577e-01;6.044184e-02;5.407379e-02;6.622744e-02;4.638521e-02;6.795622e-02;1.082354e-01;7.647968e-02
6.802279e-02;3.643955e-02;1.592756e-01;9.248993e-02;9.692992e-02;7.163836e-02;8.343524e-02;7.544028e-02;8.826761e-02;5.488870e-02;1.033151e-01;6.985690e-02
5.050391e-02;2.646730e-02;1.688709e-01;5.133077e-02;6.096829e-02;7.325675e-02;1.276551e-01;6.746301e-02;1.439114e-01;8.896033e-02;8.841234e-02;5.219981e-02
4.412814e-02;6.050504e-02;1.743480e-01;6.526290e-02;8.648717e-02;7.798085e-02;1.035966e-01;5.136299e-02;1.145135e-01;8.685700e-02;6.377666e-02;7.118111e-02
7.514254e-02;8.695493e-02;1.377795e-01;7.681000e-02;7.998884e-02;6.038568e-02;1.329100e-01;7.660428e-02;8.233926e-02;7.379153e-02;5.342248e-02;6.387097e-02
8.252688e-02;9.814114e-02;1.289304e-01;8.134073e-02;7.128293e-02;5.537830e-02;1.347395e-01;8.604475e-02;7.715286e-02;7.504398e-02;5.368805e-02;5.573053e-02
9.137170e-02;1.018223e-01;1.298613e-01;7.085099e-02;6.311828e-02;5.390612e-02;1.309459e-01;8.594307e-02;9.275829e-02;7.150949e-02;5.671514e-02;5.119741e-02
1.206283e-01;9.973798e-02;1.573130e-01;4.449075e-02;5.994677e-02;6.484101e-02;9.128494e-02;7.287959e-02;1.041160e-01;6.624747e-02;6.197825e-02;5.653595e-02
1.143998e-01;7.131606e-02;2.572547e-01;5.066288e-02;8.379830e-02;6.218128e-02;7.083908e-02;7.618171e-02;8.359648e-02;4.315910e-02;3.401292e-02;5.259772e-02
7.308555e-02;5.756150e-02;3.129891e-01;4.558365e-02;9.852913e-02;4.992181e-02;1.158747e-01;7.914028e-02;5.943092e-02;5.051377e-02;3.869639e-02;1.867319e-02
3.427596e-02;5.443722e-02;2.903625e-01;5.432495e-02;8.047383e-02;4.435338e-02;1.133039e-01;8.592145e-02;8.239704e-02;8.008984e-02;3.945564e-02;4.060423e-02
5.388617e-02;5.378895e-02;2.531992e-01;4.685764e-02;5.976712e-02;5.861605e-02;7.424410e-02;9.679163e-02;1.056611e-01;7.843242e-02;6.290361e-02;5.585203e-02
9.250842e-02;5.636845e-02;2.129639e-01;4.533488e-02;8.378591e-02;6.158590e-02;9.704948e-02;7.073320e-02;7.821299e-02;3.765149e-02;8.617154e-02;7.763382e-02
1.139287e-01;6.013243e-02;1.370133e-01;5.949504e-02;8.134592e-02;9.065665e-02;1.172551e-01;6.020558e-02;6.476246e-02;4.886658e-02;8.559754e-02;8.074068e-02
9.886660e-02;4.954335e-02;9.114280e-02;6.559543e-02;6.883275e-02;9.506117e-02;1.103070e-01;8.657183e-02;7.302049e-02;7.499541e-02;9.992996e-02;8.613317e-02
1.142920e-01;7.062920e-02;1.461130e-01;7.039104e-02;8.259650e-02;6.327098e-02;1.211057e-01;4.009005e-02;5.639438e-02;8.047990e-02;7.890118e-02;7.573612e-02
1.115334e-01;6.901854e-02;2.084803e-01;5.172580e-02;7.666023e-02;6.224624e-02;1.671194e-01;5.937251e-02;5.519087e-02;5.536538e-02;3.465487e-02;4.863242e-02
9.325869e-02;6.636167e-02;2.758297e-01;5.205666e-02;7.584303e-02;5.780629e-02;1.459319e-01;4.703153e-02;6.148745e-02;5.692573e-02;2.797712e-02;3.949023e-02
4.997538e-02;4.750118e-02;3.510703e-01;6.435777e-02;6.860474e-02;4.645025e-02;9.383401e-02;4.240509e-02;9.256996e-02;4.652303e-02;5.149845e-02;4.520981e-02
3.892887e-02;5.862086e-02;3.113350e-01;6.325155e-02;5.813893e-02;5.144855e-02;8.109295e-02;3.262300e-02;1.305765e-01;5.520093e-02;5.910097e-02;5.968187e-02
4.363345e-02;8.117467e-02;2.844771e-01;3.828582e-02;4.561593e-02;5.380890e-02;6.735825e-02;4.037324e-02;1.633565e-01;6.258304e-02;5.237107e-02;6.696197e-02
5.844787e-02;1.118344e-01;2.413801e-01;3.023852e-02;3.295428e-02;5.309557e-02;5.068619e-02;4.547346e-02;1.877121e-01;8.506452e-02;3.522270e-02;6.789023e-02
6.559557e-02;1.292090e-01;1.828928e-01;4.871420e-02;3.736192e-02;4.626225e-02;4.276317e-02;4.654753e-02;2.102937e-01;7.553837e-02;5.428530e-02;6.053627e-02
8.168508e-02;1.407116e-01;1.607805e-01;4.773654e-02;3.171716e-02;4.791626e-02;4.377537e-02;5.763077e-02;2.228374e-01;5.601164e-02;6.249845e-02;4.669919e-02
1.454532e-01;1.267758e-01;1.719922e-01;2.865920e-02;3.444015e-02;3.937655e-02;4.336550e-02;7.421157e-02;1.786931e-01;5.896389e-02;7.668988e-02;2.137903e-02
1.942073e-01;8.924816e-02;1.565833e-01;1.622855e-02;6.000388e-02;1.451865e-02;3.353538e-02;1.106442e-01;1.409957e-01;4.812371e-02;1.037919e-01;3.211924e-02
1.824481e-01;1.011023e-01;1.422723e-01;1.878054e-02;5.344274e-02;1.839440e-02;3.226680e-02;1.391238e-01;1.141946e-01;5.899973e-02;1.012827e-01;3.769199e-02
1.822261e-01;1.070902e-01;1.637894e-01;1.588139e-02;5.547310e-02;2.052522e-02;5.745533e-02;1.662460e-01;4.375663e-02;6.174600e-02;8.425847e-02;4.155206e-02
1.413242e-01;1.154237e-01;1.733565e-01;2.403570e-02;3.872978e-02;4.157392e-02;7.079379e-02;1.341288e-01;9.373715e-02;4.562339e-02;5.954689e-02;6.172622e-02
9.667626e-02;1.255275e-01;2.221875e-01;4.735249e-02;5.539090e-02;6.551304e-02;2.932557e-02;8.601543e-02;1.383865e-01;4.219561e-02;4.323417e-02;4.819515e-02
9.869707e-02;1.192917e-01;2.138999e-01;7.047182e-02;8.509283e-02;7.402163e-02;6.904234e-02;3.926522e-02;1.236404e-01;4.591232e-02;3.438042e-02;2.628443e-02
1.101601e-01;9.629181e-02;2.211330e-01;6.897113e-02;9.495267e-02;7.652126e-02;1.159758e-01;2.987281e-02;7.396564e-02;4.313333e-02;3.702774e-02;3.199471e-02
7.581411e-02;6.792970e-02;2.173283e-01;6.439239e-02;1.319906e-01;8.723636e-02;9.954701e-02;3.983588e-02;4.538440e-02;5.923837e-02;6.259312e-02;4.870979e-02
9.809855e-02;7.325673e-02;1.111494e-01;5.287218e-02;1.836653e-01;1.025967e-01;6.991862e-02;3.671149e-02;3.190990e-02;1.128224e-01;7.851952e-02;4.847928e-02
1.178742e-01;1.198927e-01;2.702469e-01;3.305893e-02;1.152981e-01;8.344710e-02;6.837481e-02;2.427256e-02;2.998660e-02;7.054422e-02;4.243149e-02;2.457239e-02
1.580075e-01;1.759018e-01;3.131597e-01;2.708444e-02;5.717125e-02;5.900029e-02;6.283057e-02;2.002726e-02;3.920258e-02;4.583676e-02;1.940829e-02;2.236955e-02
2.274101e-01;2.549900e-01;2.732249e-01;2.346878e-02;2.207286e-02;3.972674e-02;3.437489e-02;2.346338e-02;3.656308e-02;3.161357e-02;1.296662e-02;2.012510e-02
1.998881e-01;2.994746e-01;3.107177e-01;2.278667e-02;1.093256e-02;4.793222e-02;2.087991e-02;2.756808e-02;1.708241e-02;1.643450e-02;1.394488e-02;1.235849e-02
1.206996e-01;2.976725e-01;3.878956e-01;2.395170e-02;1.536166e-02;4.750104e-02;2.572088e-02;1.894767e-02;2.687644e-02;1.160086e-02;1.524945e-02;8.522571e-03
1.167315e-01;3.035697e-01;4.024650e-01;2.209411e-02;1.359534e-02;3.982633e-02;2.868335e-02;1.443677e-02;3.124243e-02;1.019602e-02;7.933786e-03;9.225602e-03
1.187105e-01;2.911628e-01;4.208233e-01;2.404850e-02;1.786176e-02;4.221879e-02;1.988604e-02;1.056645e-02;2.153856e-02;1.031818e-02;1.061417e-02;1.225086e-02
7.247962e-02;2.607699e-01;5.145254e-01;2.492301e-02;1.687847e-02;3.954092e-02;9.746124e-03;6.922380e-03;2.021895e-02;1.189259e-02;1.255464e-02;9.547957e-03
4.708879e-02;2.101395e-01;5.943344e-01;2.087430e-02;1.807946e-02;2.640434e-02;1.177935e-02;1.066443e-02;2.015630e-02;1.632834e-02;1.378699e-02;1.036385e-02
3.435437e-02;1.579994e-01;6.773660e-01;2.624139e-02;1.622394e-02;1.656718e-02;1.034007e-02;1.063484e-02;1.446135e-02;1.636657e-02;8.665127e-03;1.077975e-02
2.123610e-02;9.541864e-02;7.458119e-01;3.717152e-02;1.680427e-02;1.205776e-02;2.422527e-02;6.152510e-03;1.104212e-02;1.793878e-02;5.349051e-03;6.792033e-03
9.663782e-03;5.264509e-02;8.018775e-01;4.544708e-02;1.685062e-02;7.892173e-03;1.793456e-02;6.369843e-03;8.925873e-03;2.137774e-02;7.281796e-03;3.734028e-03
1.396369e-02;3.730753e-02;8.052759e-01;6.291518e-02;2.037170e-02;7.773678e-03;1.767162e-02;4.335170e-03;3.601412e-03;1.620285e-02;5.234614e-03;5.346606e-03
1.199900e-02;1.553359e-02;7.774641e-01;1.050684e-01;2.779647e-02;8.618547e-03;1.664196e-02;2.178206e-03;5.105285e-03;1.451112e-02;1.057870e-02;4.504620e-03
8.199273e-03;1.530867e-02;6.986263e-01;1.627936e-01;3.923348e-02;8.821654e-03;1.955398e-02;2.864117e-03;7.959415e-03;1.558493e-02;1.553656e-02;5.518008e-03
7.427492e-03;1.068719e-02;6.399638e-01;2.154026e-01;5.241902e-02;1.102957e-02;1.806209e-02;5.301050e-03;9.841911e-03;1.333335e-02;1.323473e-02;3.297133e-03
9.368572e-03;1.017788e-02;5.905616e-01;2.383100e-01;6.584799e-02;1.724160e-02;1.653777e-02;1.579824e-02;1.410694e-02;8.327745e-03;1.136149e-02;2.360126e-03
1.129488e-02;9.010698e-03;5.510091e-01;2.363500e-01;7.955995e-02;2.048306e-02;1.993338e-02;3.402435e-02;1.399577e-02;3.563491e-03;1.808357e-02;2.691779e-03
1.021024e-02;1.086198e-02;5.455167e-01;2.246158e-01;8.302484e-02;2.241289e-02;1.584914e-02;4.486050e-02;1.210144e-02;8.137469e-03;1.705724e-02;5.351733e-03
1.463138e-02;1.466029e-02;5.567490e-01;2.012800e-01;8.331647e-02;2.314465e-02;2.293915e-02;3.818597e-02;1.322528e-02;1.236044e-02;1.560019e-02;3.907118e-03
1.037033e-02;1.570037e-02;6.100800e-01;1.677853e-01;7.450087e-02;2.552611e-02;3.205131e-02;1.749847e-02;1.328826e-02;1.451459e-02;1.320952e-02;5.474875e-03
1.446665e-02;3.392446e-02;6.315854e-01;1.154373e-01;5.740520e-02;2.738646e-02;6.130778e-02;1.326980e-02;8.777276e-03;1.617084e-02;1.010076e-02;1.016797e-02
3.617849e-02;3.894614e-02;6.616678e-01;8.286709e-02;1.672630e-02;2.002703e-02;7.983995e-02;1.707821e-02;1.154185e-02;1.703866e-02;9.101622e-03;8.986882e-03
2.880220e-02;2.225319e-02;7.210336e-01;6.795143e-02;3.512136e-02;1.454585e-02;5.175606e-02;1.454107e-02;1.006708e-02;2.061331e-02;8.236949e-03;5.077961e-03
1.255691e-02;1.173824e-02;7.819672e-01;6.488137e-02;3.254986e-02;1.353057e-02;2.095099e-02;8.355777e-03;1.540002e-02;2.467662e-02;6.607350e-03;6.785046e-03
1.649068e-02;3.371803e-02;7.759835e-01;5.853111e-02;2.860774e-02;1.517890e-02;1.088816e-02;5.897404e-03;1.241877e-02;2.905652e-02;5.387216e-03;7.842040e-03
3.380485e-02;6.695911e-02;7.157223e-01;6.039004e-02;2.332398e-02;1.430331e-02;2.223542e-02;6.769650e-03;1.508161e-02;2.600143e-02;6.756830e-03;8.651469e-03
4.472163e-02;9.796294e-02;6.140139e-01;7.070117e-02;1.971049e-02;1.820882e-02;3.290087e-02;2.076217e-02;2.984448e-02;2.620533e-02;1.504268e-02;9.925480e-03
7.535240e-02;9.206726e-02;5.032561e-01;7.179480e-02;2.667509e-02;2.028395e-02;3.392495e-02;4.172524e-02;5.075726e-02;4.279337e-02;2.320974e-02;1.815972e-02
1.255738e-01;7.625178e-02;4.030987e-01;6.256533e-02;4.056312e-02;1.958360e-02;4.356851e-02;3.885419e-02;7.869160e-02;5.340101e-02;2.830228e-02;2.954608e-02
1.431175e-01;7.586759e-02;1.422417e-01;7.709393e-02;9.097465e-02;5.482019e-02;7.934627e-02;4.301609e-02;1.027538e-01;7.994187e-02;6.929383e-02;4.153264e-02
1.047598e-01;3.341979e-02;3.154649e-01;6.348494e-02;8.457383e-02;4.932354e-02;1.023228e-01;3.516021e-02;5.399202e-02;7.285567e-02;5.696142e-02;2.768113e-02
1.718843e-01;1.164215e-01;2.841586e-01;3.284695e-02;6.066342e-02;4.165013e-02;8.824139e-02;3.063679e-02;3.077487e-02;7.378051e-02;4.349211e-02;2.544948e-02
2.299959e-01;1.681352e-01;3.455808e-01;2.358612e-02;2.892163e-02;1.688608e-02;3.164891e-02;1.663275e-02;3.244195e-02;5.959173e-02;2.461932e-02;2.195962e-02
3.166576e-01;1.559719e-01;2.977079e-01;2.785243e-02;1.942910e-02;1.211441e-02;3.786352e-02;1.291928e-02;2.344668e-02;3.783325e-02;1.886835e-02;3.933559e-02
4.481369e-01;1.227794e-01;1.693751e-01;2.485263e-02;1.980341e-02;1.560004e-02;4.451224e-02;2.073166e-02;1.548767e-02;2.842677e-02;2.686512e-02;6.342912e-02
5.183806e-01;1.267660e-01;9.453767e-02;1.517678e-02;1.544956e-02;1.562417e-02;3.611574e-02;3.346799e-02;1.460363e-02;2.405229e-02;3.029429e-02;7.553125e-02
5.078544e-01;1.284162e-01;1.069764e-01;1.119069e-02;1.469852e-02;1.001322e-02;2.242472e-02;4.124276e-02;1.506963e-02;2.970159e-02;3.222264e-02;8.018921e-02
4.916068e-01;1.066837e-01;6.817263e-02;1.805211e-02;1.754628e-02;1.151260e-02;4.749390e-02;5.219019e-02;2.418190e-02;3.479581e-02;3.795924e-02;8.980477e-02
4.220984e-01;8.609063e-02;5.371954e-02;3.194621e-02;2.994914e-02;2.968843e-02;8.539225e-02;6.486467e-02;2.993402e-02;3.320055e-02;4.934143e-02;8.377478e-02
2.855722e-01;8.244728e-02;1.321298e-01;3.940118e-02;5.254868e-02;4.655125e-02;7.642268e-02;5.651510e-02;5.999119e-02;5.258916e-02;5.571145e-02;6.012008e-02
1.850876e-01;7.566959e-02;1.403527e-01;3.966439e-02;7.192124e-02;6.096324e-02;6.693941e-02;6.575133e-02;8.664381e-02;8.708856e-02;7.845855e-02;4.145956e-02
1.079652e-01;5.457891e-02;1.347656e-01;3.587534e-02;6.384952e-02;9.977590e-02;7.893699e-02;6.491134e-02;7.344375e-02;1.434985e-01;1.119382e-01;3.046074e-02
6.910671e-02;4.525037e-02;1.860077e-01;4.952213e-02;6.915644e-02;1.089387e-01;1.066772e-01;4.658915e-02;6.820268e-02;1.353252e-01;8.652002e-02;2.870372e-02
6.904348e-02;5.464122e-02;1.396575e-01;5.748307e-02;6.788862e-02;1.107887e-01;1.378201e-01;6.546754e-02;9.396499e-02;1.010304e-01;5.699496e-02;4.521949e-02
6.557545e-02;5.759847e-02;1.208927e-01;5.751916e-02;8.864874e-02;9.975093e-02;1.250969e-01;6.613761e-02;1.336110e-01;9.400315e-02;4.712340e-02;4.404252e-02
7.374544e-02;5.529881e-02;1.005100e-01;4.528945e-02;7.467013e-02;1.205149e-01;1.471920e-01;8.727909e-02;1.271246e-01;7.801656e-02;4.980938e-02;4.054971e-02
8.605880e-02;5.402784e-02;1.155425e-01;6.354037e-02;9.085273e-02;1.377969e-01;1.261796e-01;8.566074e-02;8.101644e-02;5.744001e-02;5.937196e-02;4.251213e-02
1.029092e-01;5.641295e-02;1.289445e-01;7.748049e-02;1.036465e-01;9.843287e-02;1.024575e-01;8.312773e-02;8.412670e-02;5.895529e-02;5.051118e-02;5.299504e-02
9.249382e-02;4.732238e-02;9.941092e-02;7.488789e-02;9.011361e-02;5.534051e-02;1.375753e-01;8.617388e-02;9.417015e-02;8.487277e-02;6.602009e-02;7.161874e-02
7.510805e-02;5.582165e-02;6.863571e-02;5.301390e-02;9.217272e-02;5.186305e-02;1.697966e-01;9.578715e-02;1.031572e-01;9.980440e-02;8.332095e-02;5.151862e-02
7.617829e-02;6.573851e-02;1.163286e-01;4.363474e-02;1.054079e-01;8.065630e-02;1.501578e-01;7.891487e-02;7.027683e-02;8.120205e-02;8.029585e-02;5.120827e-02
6.847723e-02;3.956988e-02;1.478769e-01;5.637963e-02;8.458517e-02;9.146875e-02;1.353296e-01;8.359381e-02;7.210698e-02;7.821727e-02;6.416459e-02;7.823021e-02
9.181365e-02;3.311072e-02;1.277268e-01;6.902952e-02;5.614425e-02;1.171227e-01;1.033873e-01;8.269734e-02;7.866899e-02;7.582448e-02;9.066725e-02;7.380692e-02
8.597329e-02;4.852155e-02;9.660076e-02;6.602380e-02;5.170377e-02;1.017296e-01;9.374856e-02;7.735860e-02;9.917334e-02;1.190853e-01;9.144016e-02;6.864132e-02
6.016266e-02;6.887237e-02;8.888124e-02;6.707757e-02;4.694230e-02;9.638944e-02;5.484707e-02;8.042392e-02;1.508313e-01;1.378144e-01;8.246681e-02;6.529090e-02
7.570134e-02;9.661257e-02;9.029532e-02;7.390625e-02;6.790704e-02;1.079555e-01;1.115142e-01;8.770519e-02;1.037088e-01;7.491696e-02;6.802406e-02;4.175271e-02
