6.188073e-02;1.025310e-01;9.103305e-02;6.817072e-02;5.501961e-02;1.065362e-01;7.513265e-02;1.344005e-01;5.840565e-02;5.717388e-02;7.079048e-02;1.189256e-01
8.302897e-02;6.173000e-02;8.496666e-02;1.006075e-01;8.060084e-02;7.780386e-02;1.030478e-01;1.265987e-01;4.298077e-02;9.025395e-02;7.964140e-02;6.873958e-02
7.716402e-02;5.426111e-02;1.090796e-01;6.794982e-02;7.874737e-02;9.302355e-02;8.263875e-02;1.055013e-01;6.117523e-02;9.780471e-02;1.101213e-01;6.253329e-02
6.522908e-02;4.409512e-02;1.352598e-01;3.247673e-02;6.703236e-02;1.144759e-01;6.095986e-02;8.256622e-02;9.195476e-02;9.294853e-02;1.623941e-01;5.060757e-02
3.957623e-02;2.432984e-02;1.640303e-01;3.660431e-02;4.043706e-02;1.143882e-01;6.690141e-02;5.768366e-02;1.472601e-01;5.440637e-02;1.919424e-01;6.244019e-02
2.281952e-02;2.826372e-02;2.050287e-01;1.995231e-02;2.172601e-02;1.325699e-01;6.340729e-02;3.931081e-02;2.032771e-01;2.551090e-02;1.795182e-01;5.861541e-02
3.159900e-02;2.530624e-02;2.128466e-01;1.982409e-02;1.466251e-02;1.712885e-01;5.892603e-02;2.500384e-02;1.864159e-01;2.166983e-02;1.955324e-01;3.692511e-02
3.552176e-02;2.550306e-02;1.916735e-01;1.887561e-02;1.899787e-02;2.028666e-01;6.929684e-02;2.758124e-02;1.415962e-01;4.405942e-02;2.070345e-01;1.699331e-02
3.770131e-02;4.627282e-02;1.609604e-01;3.932263e-02;3.710524e-02;2.042047e-01;8.721551e-02;4.612716e-02;8.652838e-02;6.210683e-02;1.695214e-01;2.293360e-02
3.514747e-02;6.824307e-02;1.637927e-01;5.403259e-02;4.919828e-02;1.591552e-01;1.001241e-01;7.870831e-02;8.889362e-02;5.437149e-02;1.130184e-01;3.531477e-02
5.482123e-02;7.180175e-02;1.365305e-01;3.525146e-02;3.685546e-02;1.188121e-01;1.092373e-01;9.892371e-02;1.247234e-01;5.623201e-02;1.192521e-01;3.755899e-02
5.976204e-02;7.995855e-02;9.022478e-02;4.606967e-02;3.765930e-02;1.813940e-01;7.807028e-02;8.319867e-02;1.529940e-01;6.198575e-02;1.064354e-01;2.224759e-02
4.440948e-02;6.958477e-02;5.415545e-02;4.743376e-02;5.028515e-02;1.829817e-01;8.095567e-02;7.357094e-02;1.733561e-01;7.922699e-02;1.076672e-01;3.637273e-02
3.751674e-02;6.614769e-02;1.128178e-01;3.215728e-02;4.426337e-02;1.306059e-01;8.721696e-02;8.298285e-02;1.745012e-01;6.176153e-02;1.269374e-01;4.309131e-02
5.063258e-02;5.753146e-02;1.785962e-01;4.026100e-02;3.517450e-02;1.272882e-01;8.755534e-02;5.975986e-02;1.589089e-01;6.102777e-02;1.134576e-01;2.980661e-02
5.075782e-02;2.728013e-02;2.118836e-01;5.182697e-02;2.065739e-02;1.250079e-01;7.055397e-02;8.121002e-02;1.362354e-01;5.567788e-02;1.409842e-01;2.792479e-02
4.190336e-02;3.717609e-02;2.892899e-01;7.287180e-02;1.759693e-02;9.416734e-02;5.323775e-02;7.183388e-02;8.896606e-02;4.215656e-02;1.668881e-01;2.391216e-02
4.411813e-02;3.584906e-02;3.235589e-01;4.686313e-02;2.568292e-02;7.693390e-02;5.386233e-02;7.254042e-02;8.136421e-02;5.165541e-02;1.541295e-01;3.344216e-02
4.408615e-02;3.382417e-02;2.428893e-01;2.788544e-02;2.079294e-02;1.143329e-01;5.105024e-02;8.184572e-02;1.370572e-01;4.039070e-02;1.464876e-01;5.935762e-02
2.745853e-02;4.973762e-02;1.566723e-01;2.209370e-02;2.885750e-02;1.054820e-01;4.095424e-02;8.080128e-02;2.075690e-01;4.423042e-02;1.793909e-01;5.675252e-02
1.754528e-02;5.260766e-02;1.431751e-01;4.402592e-02;3.714699e-02;7.409070e-02;4.884613e-02;5.120002e-02;2.003316e-01;6.256358e-02;2.167796e-01;5.168749e-02
2.699718e-02;4.123848e-02;1.979377e-01;3.699764e-02;4.627893e-02;3.907437e-02;5.388169e-02;4.326982e-02;1.816697e-01;7.770393e-02;2.196673e-01;3.528313e-02
5.566895e-02;4.825173e-02;2.218276e-01;1.782014e-02;4.783029e-02;8.860283e-02;5.882303e-02;4.856798e-02;1.424893e-01;5.774892e-02;1.641406e-01;4.822869e-02
5.591153e-02;1.144165e-01;1.843023e-01;5.021491e-02;6.062465e-02;1.476168e-01;4.549422e-02;6.177009e-02;9.365752e-02;6.703994e-02;6.846163e-02;5.048987e-02
3.551902e-02;2.138239e-01;2.266122e-01;5.211130e-02;5.749891e-02;1.212757e-01;2.108091e-02;7.360604e-02;8.336935e-02;5.874587e-02;3.620594e-02;2.015087e-02
3.107776e-02;3.014289e-01;2.758017e-01;2.462156e-02;4.340991e-02;8.168599e-02;1.500043e-02;4.941741e-02;9.104650e-02;5.480650e-02;2.448730e-02;7.216138e-03
2.407237e-02;3.455621e-01;3.248082e-01;1.906431e-02;2.139891e-02;4.119940e-02;9.460172e-03;2.552308e-02;9.593516e-02;6.496353e-02;2.030841e-02;7.704338e-03
1.780196e-02;3.260660e-01;3.835157e-01;1.370256e-02;5.996457e-03;3.491587e-02;9.745670e-03;1.283796e-02;7.823948e-02;8.356971e-02;2.439989e-02;9.208787e-03
1.484035e-02;2.956887e-01;4.368621e-01;7.601692e-03;5.198890e-03;3.834853e-02;1.111303e-02;1.296216e-02;6.393006e-02;8.512915e-02;1.964475e-02;8.680584e-03
1.491218e-02;2.607866e-01;4.676841e-01;8.455358e-03;7.562907e-03;3.886563e-02;1.055993e-02;1.018513e-02;6.252651e-02;8.540650e-02;2.381414e-02;9.241053e-03
1.484190e-02;2.393849e-01;4.651422e-01;1.351672e-02;1.100690e-02;3.762385e-02;1.508206e-02;1.301879e-02;5.655954e-02;1.015845e-01;2.160026e-02;1.063835e-02
1.139042e-02;2.196597e-01;4.482268e-01;1.721822e-02;1.481122e-02;3.217581e-02;5.965249e-02;1.297002e-02;4.093397e-02;1.225346e-01;8.932192e-03;1.149455e-02
7.345639e-03;1.742763e-01;4.283749e-01;2.001644e-02;1.035145e-02;3.111308e-02;1.431619e-01;1.578052e-02;2.371214e-02;1.338343e-01;7.044853e-03;4.988411e-03
6.977222e-03;1.438694e-01;3.745294e-01;1.502093e-02;6.445240e-03;2.302897e-02;2.127740e-01;4.130877e-02;1.375738e-02;1.451348e-01;1.415477e-02;2.999026e-03
8.131908e-03;1.457949e-01;3.481067e-01;1.067605e-02;5.690553e-03;1.305985e-02;1.936615e-01;5.296543e-02;1.683325e-02;1.865966e-01;1.350619e-02;4.977042e-03
1.008796e-02;1.685691e-01;3.472214e-01;1.256243e-02;7.281181e-03;1.438667e-02;1.100370e-01;3.587892e-02;2.481402e-02;2.309207e-01;2.333259e-02;1.490795e-02
1.545524e-02;2.106963e-01;3.642828e-01;1.595706e-02;9.714933e-03;2.432766e-02;4.452924e-02;3.475326e-02;3.562326e-02;1.990770e-01;2.394995e-02;2.163338e-02
3.171505e-02;2.521648e-01;3.697592e-01;2.256007e-02;1.401247e-02;2.886146e-02;3.365226e-02;4.007423e-02;6.055531e-02;1.141136e-01;1.687969e-02;1.565183e-02
4.297040e-02;2.595425e-01;3.576230e-01;2.499507e-02;1.883749e-02;3.253633e-02;5.146479e-02;3.624181e-02;6.507063e-02;5.301883e-02;2.888369e-02;2.881555e-02
4.826352e-02;2.017807e-01;3.355353e-01;2.343487e-02;1.873180e-02;4.480527e-02;5.946657e-02;3.682672e-02;6.797910e-02;1.071323e-01;2.677886e-02;2.926484e-02
3.523790e-02;1.636692e-01;3.099472e-01;2.908945e-02;1.495837e-02;4.347483e-02;5.860373e-02;5.157509e-02;7.222402e-02;1.675294e-01;3.565091e-02;1.803995e-02
1.721031e-02;1.398722e-01;3.221271e-01;3.529807e-02;1.833778e-02;7.345481e-02;7.011241e-02;5.695555e-02;6.257705e-02;1.501721e-01;4.299271e-02;1.088979e-02
1.756122e-02;2.107822e-01;3.601733e-01;2.070608e-02;1.575821e-02;6.854858e-02;7.929469e-02;4.758999e-02;3.623026e-02;1.024849e-01;3.558410e-02;5.286438e-03
2.028830e-02;2.316902e-01;3.955412e-01;1.904078e-02;1.457333e-02;5.600291e-02;7.264025e-02;2.571602e-02;4.364666e-02;7.832919e-02;3.426799e-02;8.263213e-03
2.183257e-02;2.016562e-01;4.188751e-01;1.995744e-02;1.689542e-02;4.532263e-02;8.675580e-02;3.673299e-02;5.101275e-02;6.638017e-02;2.472040e-02;9.858549e-03
2.494493e-02;2.367633e-01;4.338280e-01;2.022425e-02;1.062811e-02;4.405668e-02;6.253076e-02;3.405610e-02;5.122544e-02;5.437583e-02;1.332040e-02;1.404627e-02
2.226485e-02;2.618749e-01;4.441593e-01;1.857803e-02;8.777800e-03;2.816609e-02;3.920622e-02;3.400549e-02;4.790763e-02;5.467157e-02;2.864660e-02;1.174150e-02
2.090536e-02;2.439516e-01;4.610020e-01;1.671388e-02;1.245729e-02;3.369256e-02;3.340898e-02;3.466013e-02;4.248628e-02;5.715309e-02;3.567662e-02;7.892264e-03
1.910648e-02;2.356143e-01;4.522025e-01;1.547687e-02;1.264885e-02;4.217847e-02;3.650342e-02;4.103300e-02;5.059247e-02;5.758990e-02;2.495670e-02;1.209700e-02
1.698468e-02;2.335628e-01;3.941180e-01;2.946932e-02;1.742580e-02;7.650737e-02;3.498345e-02;4.949280e-02;5.916798e-02;5.951030e-02;1.516193e-02;1.361558e-02
1.767077e-02;1.960681e-01;2.922207e-01;3.496548e-02;2.193405e-02;1.313718e-01;4.056245e-02;8.687211e-02;6.988236e-02;6.409466e-02;2.713476e-02;1.722264e-02
4.062094e-02;1.743942e-01;2.690963e-01;2.752077e-02;2.378072e-02;1.157092e-01;7.771774e-02;8.467049e-02;5.585950e-02;7.054701e-02;4.126051e-02;1.882272e-02
5.666630e-02;2.370728e-01;2.929806e-01;2.276325e-02;1.985348e-02;6.125914e-02;9.292119e-02;5.432143e-02;4.001668e-02;7.578262e-02;3.171423e-02;1.464831e-02
5.043992e-02;2.697034e-01;3.177967e-01;1.894928e-02;1.633111e-02;3.595687e-02;9.632278e-02;4.446955e-02;2.521546e-02;8.332548e-02;2.571419e-02;1.577535e-02
3.192193e-02;2.125997e-01;3.530682e-01;2.455924e-02;1.743744e-02;3.676789e-02;1.024561e-01;4.028429e-02;4.204629e-02;1.023062e-01;2.160175e-02;1.495091e-02
1.405534e-02;1.541898e-01;3.587520e-01;3.531872e-02;1.224009e-02;3.871836e-02;1.032975e-01;4.950773e-02;6.576615e-02;1.279909e-01;2.881751e-02;1.134594e-02
1.827122e-02;1.712518e-01;3.110414e-01;3.732741e-02;1.008828e-02;4.752527e-02;1.021654e-01;5.993315e-02;6.680351e-02;1.356922e-01;3.298543e-02;6.914986e-03
1.516629e-02;1.706055e-01;3.177129e-01;3.442052e-02;2.160963e-02;4.945075e-02;1.107165e-01;5.357450e-02;4.402976e-02;1.397929e-01;3.425042e-02;8.670237e-03
2.364607e-02;1.713243e-01;3.347182e-01;2.528169e-02;1.708882e-02;4.826093e-02;9.089957e-02;3.679946e-02;4.907103e-02;1.511130e-01;3.770849e-02;1.408837e-02
2.563333e-02;2.038986e-01;3.209037e-01;1.941261e-02;1.281771e-02;5.933244e-02;5.542628e-02;3.916952e-02;5.689304e-02;1.542239e-01;3.894191e-02;1.334692e-02
2.515996e-02;2.421873e-01;3.564552e-01;1.996239e-02;1.290950e-02;3.450531e-02;3.610696e-02;3.943126e-02;5.625185e-02;1.399551e-01;2.374689e-02;1.332829e-02
2.034673e-02;2.459117e-01;3.881080e-01;1.742087e-02;1.370985e-02;3.844965e-02;3.574427e-02;3.455375e-02;4.747451e-02;1.043500e-01;3.309900e-02;2.083170e-02
2.514743e-02;1.949260e-01;3.618923e-01;3.590011e-02;3.145486e-02;4.583976e-02;3.293635e-02;7.787336e-02;4.969558e-02;7.985433e-02;4.476658e-02;1.971335e-02
3.734005e-02;1.345131e-01;2.629979e-01;3.868342e-02;5.169776e-02;1.016872e-01;8.299161e-02;1.239820e-01;5.437849e-02;6.484654e-02;2.699482e-02;1.988714e-02
7.883754e-02;1.567027e-01;1.967030e-01;2.980011e-02;5.727132e-02;9.737206e-02;6.608450e-02;1.426017e-01;6.307991e-02;4.945712e-02;4.057557e-02;2.151461e-02
1.268248e-01;1.681777e-01;1.587469e-01;2.648716e-02;7.404912e-02;5.479223e-02;3.581509e-02;1.559152e-01;7.449620e-02;3.887577e-02;6.102268e-02;2.479716e-02
1.853230e-01;1.354201e-01;1.420997e-01;2.580377e-02;8.770183e-02;2.116140e-02;3.323754e-02;1.927633e-01;6.475037e-02;3.275269e-02;5.632563e-02;2.266073e-02
1.919222e-01;5.789560e-02;1.178718e-01;3.549287e-02;8.784901e-02;2.081521e-02;4.858233e-02;2.148304e-01;5.933210e-02;7.494663e-02;4.417319e-02;4.628861e-02
1.211886e-01;3.854217e-02;9.241961e-02;7.513025e-02;6.379871e-02;3.922403e-02;1.063942e-01;1.489067e-01;5.369894e-02;1.192558e-01;3.854379e-02;1.028973e-01
6.128599e-02;5.966460e-02;9.349763e-02;1.008389e-01;3.437708e-02;5.944024e-02;1.739127e-01;8.739632e-02;5.431938e-02;1.092436e-01;4.292140e-02;1.231022e-01
3.227570e-02;6.989289e-02;1.065646e-01;9.925014e-02;1.965887e-02;9.998010e-02;1.796843e-01;8.817992e-02;6.149795e-02;8.004700e-02;5.315858e-02;1.098100e-01
1.721175e-02;1.034431e-01;1.746843e-01;6.580126e-02;2.338480e-02;1.280254e-01;1.243186e-01;1.063647e-01;7.464720e-02;5.874651e-02;5.602378e-02;6.734850e-02
6.689683e-02;1.656786e-01;2.468273e-01;7.943616e-02;2.538126e-02;9.700772e-02;5.672289e-02;7.964341e-02;6.444008e-02;5.548697e-02;3.680013e-02;2.567861e-02
8.503877e-02;1.774379e-01;2.445652e-01;6.540398e-02;2.740547e-02;5.464213e-02;4.988418e-02;6.988471e-02;5.514734e-02;7.890117e-02;5.169792e-02;3.999117e-02
5.816115e-02;1.672436e-01;2.243123e-01;2.956702e-02;2.313790e-02;6.571411e-02;9.236698e-02;7.944812e-02;8.197941e-02;9.006304e-02;5.301130e-02;3.499511e-02
7.211778e-02;1.194206e-01;2.300137e-01;3.298983e-02;2.215594e-02;8.346233e-02;9.253868e-02;1.010463e-01;1.064722e-01;8.211906e-02;3.211384e-02;2.554968e-02
1.050359e-01;1.421563e-01;2.271132e-01;4.925700e-02;5.501210e-02;5.204675e-02;7.443573e-02;8.210077e-02;7.198604e-02;6.809314e-02;3.324548e-02;3.951763e-02
1.231191e-01;1.233859e-01;2.075871e-01;5.021581e-02;7.597850e-02;6.568772e-02;8.441469e-02;8.337211e-02;4.675740e-02;5.441624e-02;4.032108e-02;4.474442e-02
1.060405e-01;7.355894e-02;1.306265e-01;5.686881e-02;6.467870e-02;9.467238e-02;1.133701e-01;1.082081e-01;6.949653e-02;7.164492e-02;4.889870e-02;6.193585e-02
1.025258e-01;8.068620e-02;8.941094e-02;6.010177e-02;4.333103e-02;8.938371e-02;1.343463e-01;1.392480e-01;7.043798e-02;7.968710e-02;4.145940e-02;6.938177e-02
1.437923e-01;8.008114e-02;8.500762e-02;5.378781e-02;2.721264e-02;6.183946e-02;1.314089e-01;1.962405e-01;6.877592e-02;6.332187e-02;3.604503e-02;5.248684e-02
1.437731e-01;7.984942e-02;7.897300e-02;4.727388e-02;3.359436e-02;4.271371e-02;1.102035e-01;1.873268e-01;6.821714e-02;5.955695e-02;4.949794e-02;9.902014e-02
6.771836e-02;5.520182e-02;5.322438e-02;7.763956e-02;2.199422e-02;3.074647e-02;1.904953e-01;1.041934e-01;5.358011e-02;1.045954e-01;4.159836e-02;1.990125e-01
2.908725e-02;6.187582e-02;5.293280e-02;8.797558e-02;1.537408e-02;5.647964e-02;2.366723e-01;5.933365e-02;4.090300e-02;9.239444e-02;4.291157e-02;2.240598e-01
3.210656e-02;8.308476e-02;7.283644e-02;7.032566e-02;2.167139e-02;1.172689e-01;1.910262e-01;6.429407e-02;5.725073e-02;6.373637e-02;4.799802e-02;1.784008e-01
3.329452e-02;6.741766e-02;9.787940e-02;3.797169e-02;2.527493e-02;1.480426e-01;1.632000e-01;1.032478e-01;1.261052e-01;2.984769e-02;6.082058e-02;1.068979e-01
2.963196e-02;4.271740e-02;1.024777e-01;2.217403e-02;1.840852e-02;1.252173e-01;1.849280e-01;1.007438e-01;1.380920e-01;3.481832e-02;9.471615e-02;1.060748e-01
5.647035e-02;3.161601e-02;1.292427e-01;1.553650e-02;1.534536e-02;1.763892e-01;1.100538e-01;5.262484e-02;1.369515e-01;3.257275e-02;1.701194e-01;7.307754e-02
8.618145e-02;3.254468e-02;1.419116e-01;1.436097e-02;1.988738e-02;2.222780e-01;5.805273e-02;2.193039e-02;9.430675e-02;4.005944e-02;2.270634e-01;4.142325e-02
9.715255e-02;3.902010e-02;1.451150e-01;1.716789e-02;1.759311e-02;2.609311e-01;4.921377e-02;1.756530e-02;4.854691e-02;3.649713e-02;2.431687e-01;2.802850e-02
8.254889e-02;4.596156e-02;1.444263e-01;1.679003e-02;1.851644e-02;2.811817e-01;6.267475e-02;2.971826e-02;4.001006e-02;4.240062e-02;2.101017e-01;2.566972e-02
5.192858e-02;7.584866e-02;1.341436e-01;1.817062e-02;3.736815e-02;2.669543e-01;7.773346e-02;6.382922e-02;4.403468e-02;6.319473e-02;1.388901e-01;2.790380e-02
3.489642e-02;7.386271e-02;1.075876e-01;2.097391e-02;5.127930e-02;2.546133e-01;9.569730e-02;9.522445e-02;6.538829e-02;4.237639e-02;1.038311e-01;5.426915e-02
6.550220e-02;7.925562e-02;9.635960e-02;1.456944e-02;4.439803e-02;1.810616e-01;1.069465e-01;1.124401e-01;7.988904e-02;3.821523e-02;1.104694e-01;7.089324e-02
7.164012e-02;8.697762e-02;1.332021e-01;2.157803e-02;2.975969e-02;7.694853e-02;9.454371e-02;9.991905e-02;1.082473e-01;4.168649e-02;9.846493e-02;1.370324e-01
1.198729e-01;4.411837e-02;1.410072e-01;2.564747e-02;3.343777e-02;6.320477e-02;1.287586e-01;8.479722e-02;1.012245e-01;3.226409e-02;8.186215e-02;1.438050e-01
1.127761e-01;8.965641e-02;1.598452e-01;2.859855e-02;2.731078e-02;8.601271e-02;1.366300e-01;9.313282e-02;7.570431e-02;2.438458e-02;7.319240e-02;9.275604e-02
9.193543e-02;1.261096e-01;2.074713e-01;3.687661e-02;2.880857e-02;8.459820e-02;1.072178e-01;9.894751e-02;6.982369e-02;3.950021e-02;8.314423e-02;2.556681e-02
1.053927e-01;1.046328e-01;2.180497e-01;4.427820e-02;2.741545e-02;5.641350e-02;8.192680e-02;9.800936e-02;6.647082e-02;4.330363e-02;6.588954e-02;8.821746e-02
8.480188e-02;1.059654e-01;2.113010e-01;4.255354e-02;1.966025e-02;6.915955e-02;1.040298e-01;8.800192e-02;5.841713e-02;3.119735e-02;1.070916e-01;7.782048e-02
8.001610e-02;1.416257e-01;2.048655e-01;2.742921e-02;1.732646e-02;8.095592e-02;1.165080e-01;7.449615e-02;5.670758e-02;3.368074e-02;1.265496e-01;3.983901e-02
8.886853e-02;1.415808e-01;1.939902e-01;1.897829e-02;1.276201e-02;8.832245e-02;9.299669e-02;6.003100e-02;5.595880e-02;3.657717e-02;1.136385e-01;9.629555e-02
9.107768e-02;1.011314e-01;1.909565e-01;2.242265e-02;2.305032e-02;7.540110e-02;7.218433e-02;5.701368e-02;6.479857e-02;3.386525e-02;1.552882e-01;1.128103e-01
9.444246e-02;9.483413e-02;1.864971e-01;2.884985e-02;2.570184e-02;6.251700e-02;8.114187e-02;6.518204e-02;7.256733e-02;3.759770e-02;1.989852e-01;5.168345e-02
8.330868e-02;9.905893e-02;1.784848e-01;1.806591e-02;1.506251e-02;9.162650e-02;1.211421e-01;6.599445e-02;6.443945e-02;4.327245e-02;1.403927e-01;7.915138e-02
7.079644e-02;8.080199e-02;1.809637e-01;2.636813e-02;2.967860e-02;9.670229e-02;1.348032e-01;9.682079e-02;8.845963e-02;4.052299e-02;8.953008e-02;6.455219e-02
7.241277e-02;1.020780e-01;1.873444e-01;3.345940e-02;2.418799e-02;1.029440e-01;7.581239e-02;1.351852e-01;1.099265e-01;4.346678e-02;5.919143e-02;5.399100e-02
7.142451e-02;1.146064e-01;1.611403e-01;3.447425e-02;2.854865e-02;1.454860e-01;8.566786e-02;8.837003e-02;9.377416e-02;3.550081e-02;5.594023e-02;8.506674e-02
7.654889e-02;1.344339e-01;1.522800e-01;2.634025e-02;2.602033e-02;1.584158e-01;8.855995e-02;4.254250e-02;8.392504e-02;2.588183e-02;8.901514e-02;9.603637e-02
9.963163e-02;1.287281e-01;1.566982e-01;2.005417e-02;2.956627e-02;1.568814e-01;5.216149e-02;7.122199e-02;9.625378e-02;4.348061e-02;1.018533e-01;4.346906e-02
1.102514e-01;8.594167e-02;1.579038e-01;3.205012e-02;2.518441e-02;1.372802e-01;6.724041e-02;7.126976e-02;9.371518e-02;4.982729e-02;1.065822e-01;6.275357e-02
7.267835e-02;1.003577e-01;1.819745e-01;3.850672e-02;2.328262e-02;1.351300e-01;5.701758e-02;7.843183e-02;7.938672e-02;5.210178e-02;1.087050e-01;7.242717e-02
4.682701e-02;2.005074e-01;2.481398e-01;3.688159e-02;1.227427e-02;1.295940e-01;3.394633e-02;8.128180e-02;5.671434e-02;3.853496e-02;7.423835e-02;4.106017e-02
6.796136e-02;2.643901e-01;2.480872e-01;2.765949e-02;1.224141e-02;1.015449e-01;6.587268e-02;5.289343e-02;3.118984e-02;3.228503e-02;3.677532e-02;5.909926e-02
8.325082e-02;3.007757e-01;2.598140e-01;1.932663e-02;1.874640e-02;8.021136e-02;6.015143e-02;2.919945e-02;3.333438e-02;3.739354e-02;1.958431e-02;5.821207e-02
7.556575e-02;3.228791e-01;2.699054e-01;1.490468e-02;1.319300e-02;6.819040e-02;7.055188e-02;4.891481e-02;3.637163e-02;2.697882e-02;2.179762e-02;3.074683e-02
7.612222e-02;3.280806e-01;2.321145e-01;1.210999e-02;1.242485e-02;5.990871e-02;9.228943e-02;5.084947e-02;4.253982e-02;2.656255e-02;2.986480e-02;3.713310e-02
7.270700e-02;3.480786e-01;1.962909e-01;1.259653e-02;1.679539e-02;6.855040e-02;6.427633e-02;3.374196e-02;6.091467e-02;4.203636e-02;2.230307e-02;6.170875e-02
5.403191e-02;3.521731e-01;2.366771e-01;1.477998e-02;1.716998e-02;7.284930e-02;4.075212e-02;5.692996e-02;6.146879e-02;3.419240e-02;2.073374e-02;3.824162e-02
4.244573e-02;3.588749e-01;3.330099e-01;1.739318e-02;1.240839e-02;5.654170e-02;2.204976e-02;3.567392e-02;5.900100e-02;3.092672e-02;1.738571e-02;1.428901e-02
3.267649e-02;3.146176e-01;3.927811e-01;2.371563e-02;1.353773e-02;5.566451e-02;1.183781e-02;2.538271e-02;4.007469e-02;4.100011e-02;2.177422e-02;2.693735e-02
2.312026e-02;2.635268e-01;3.975400e-01;3.212606e-02;1.818376e-02;7.784758e-02;2.803297e-02;4.398099e-02;3.060941e-02;4.283555e-02;2.240390e-02;1.979267e-02
1.571924e-02;2.534872e-01;4.102130e-01;2.836098e-02;1.256843e-02;8.536548e-02;4.782799e-02;5.482867e-02;2.569547e-02;4.127308e-02;1.517292e-02;9.487531e-03
1.533377e-02;2.735912e-01;4.704506e-01;2.742011e-02;9.020093e-03;3.220398e-02;5.517604e-02;4.006590e-02;1.973110e-02;3.558759e-02;1.628551e-02;5.134184e-03
2.101093e-02;2.525177e-01;4.880003e-01;1.880765e-02;9.098059e-03;3.822278e-02;6.798406e-02;3.011155e-02;2.126465e-02;2.563592e-02;1.911272e-02;8.233663e-03
2.309059e-02;2.372554e-01;4.501067e-01;2.094275e-02;1.321827e-02;6.848197e-02;8.094695e-02;3.486009e-02;2.078323e-02;2.056988e-02;1.977550e-02;9.968680e-03
2.170586e-02;2.481270e-01;4.389564e-01;1.575967e-02;1.406961e-02;5.913314e-02;1.025314e-01;3.127958e-02;1.768400e-02;2.385017e-02;1.988220e-02;7.020901e-03
1.763491e-02;2.489832e-01;4.460760e-01;2.080669e-02;1.401491e-02;5.445248e-02;1.064463e-01;2.054565e-02;1.908019e-02;2.933681e-02;1.449121e-02;8.131634e-03
1.604472e-02;2.594332e-01;4.447912e-01;1.747022e-02;1.695835e-02;6.956280e-02;7.191147e-02;1.665066e-02;2.748452e-02;3.574195e-02;1.056445e-02;1.338648e-02
1.924000e-02;2.552178e-01;3.815807e-01;2.134676e-02;1.311328e-02;1.085511e-01;5.315433e-02;3.538919e-02;4.881680e-02;3.400233e-02;1.227461e-02;1.731305e-02
1.931092e-02;2.002949e-01;2.910355e-01;2.696082e-02;3.014879e-02;1.720471e-01;2.373307e-02;6.231168e-02;9.369498e-02;4.643143e-02;1.700655e-02;1.702425e-02
2.026358e-02;1.766132e-01;2.176838e-01;2.728955e-02;3.068979e-02;1.630022e-01;4.619474e-02;5.500531e-02;1.486194e-01;6.680786e-02;2.050024e-02;2.733029e-02
2.563017e-02;1.802544e-01;1.916823e-01;2.217462e-02;2.376369e-02;1.385191e-01;4.447951e-02;2.203697e-02;1.960397e-01;8.422422e-02;2.860995e-02;4.258532e-02
5.256597e-02;2.011306e-01;1.900891e-01;1.825522e-02;3.809932e-02;6.504527e-02;2.498262e-02;6.850057e-02;1.835130e-01;7.807644e-02;3.602620e-02;4.371576e-02
7.418957e-02;2.057254e-01;1.850947e-01;1.610447e-02;6.080546e-02;2.980766e-02;4.014274e-02;1.561131e-01;9.655641e-02;5.444126e-02;5.944705e-02;2.157221e-02
7.523806e-02;1.199821e-01;1.582554e-01;2.470527e-02;7.931197e-02;3.183785e-02;7.104001e-02;2.527739e-01;6.448406e-02;5.265120e-02;5.616167e-02;1.355848e-02
6.995885e-02;8.212179e-02;1.644855e-01;2.555949e-02;8.694191e-02;3.190555e-02;9.803654e-02;2.887335e-01;6.123818e-02;4.009561e-02;3.982886e-02;1.109420e-02
6.257795e-02;1.601237e-01;2.144618e-01;1.715646e-02;7.255144e-02;2.998971e-02;6.960347e-02;2.403354e-01;5.414980e-02;3.705456e-02;2.567271e-02;1.632297e-02
4.569480e-02;2.230034e-01;2.726065e-01;1.702895e-02;4.104944e-02;3.089346e-02;3.521834e-02;1.926427e-01;4.899903e-02;3.617411e-02;2.627335e-02;3.041590e-02
5.364217e-02;2.080733e-01;2.920306e-01;1.922269e-02;2.619769e-02;5.022810e-02;3.660617e-02;1.641392e-01;6.813449e-02;3.089131e-02;2.075121e-02;3.008307e-02
4.599658e-02;1.907628e-01;2.675555e-01;2.019199e-02;2.183728e-02;6.321435e-02;5.977084e-02;1.413014e-01;1.014849e-01;3.864287e-02;1.545088e-02;3.379066e-02
3.977757e-02;1.718396e-01;2.736447e-01;2.344259e-02;3.236760e-02;6.223739e-02;2.737800e-02;1.304396e-01;1.402722e-01;4.563006e-02;1.617209e-02;3.679867e-02
4.785247e-02;1.923636e-01;2.493030e-01;1.803323e-02;2.668538e-02;5.553022e-02;6.559301e-02;1.003434e-01;1.376578e-01;6.631131e-02;1.058219e-02;2.974436e-02
4.691479e-02;1.604310e-01;2.521697e-01;2.758458e-02;2.382883e-02;6.093714e-02;9.990408e-02;8.059514e-02;1.072046e-01;8.606687e-02;1.900234e-02;3.536090e-02
5.039411e-02;1.687991e-01;2.766627e-01;3.423353e-02;1.301646e-02;5.228082e-02;1.205975e-01;5.974762e-02;5.686819e-02;9.925363e-02;2.661396e-02;4.153238e-02
6.058594e-02;2.355459e-01;2.592656e-01;3.247249e-02;1.760278e-02;4.750715e-02;1.168754e-01;6.239859e-02;4.202110e-02;8.802310e-02;1.316297e-02;2.453895e-02
5.774506e-02;2.144338e-01;2.171371e-01;3.999505e-02;2.258008e-02;4.126050e-02;1.700161e-01;7.412983e-02;4.275477e-02;7.838351e-02;1.163322e-02;2.993102e-02
4.198603e-02;1.726386e-01;1.863678e-01;4.730657e-02;2.523913e-02;4.195979e-02;2.369132e-01;8.286087e-02;5.514770e-02;4.847448e-02;7.900209e-03;5.320558e-02
3.282810e-02;1.560601e-01;1.405130e-01;4.431396e-02;3.497521e-02;3.061250e-02;3.138060e-01;8.466488e-02;4.784536e-02;3.025194e-02;1.160939e-02;7.251952e-02
2.858920e-02;1.128527e-01;1.120913e-01;3.518893e-02;3.870106e-02;2.139712e-02;3.780110e-01;1.037414e-01;3.714296e-02;3.009411e-02;2.447506e-02;7.771501e-02
1.955103e-02;6.364232e-02;8.110259e-02;2.799273e-02;2.353081e-02;5.469299e-02;3.692114e-01;1.741522e-01;4.048999e-02;3.037175e-02;2.981121e-02;8.545090e-02
2.178727e-02;6.027122e-02;9.024325e-02;2.660967e-02;1.534391e-02;4.830194e-02;3.600520e-01;1.525261e-01;3.841232e-02;2.777627e-02;2.062006e-02;1.380560e-01
2.963081e-02;7.358831e-02;1.048999e-01;2.954472e-02;1.504627e-02;5.219175e-02;3.271951e-01;7.292259e-02;3.095042e-02;2.509542e-02;3.686722e-02;2.020675e-01
2.438575e-02;7.407419e-02;1.050062e-01;5.651103e-02;2.011788e-02;7.412308e-02;2.788500e-01;3.142073e-02;3.296938e-02;3.116045e-02;6.143578e-02;2.099455e-01
2.067757e-02;8.463730e-02;1.059819e-01;8.703535e-02;1.259366e-02;4.373460e-02;2.770892e-01;3.525121e-02;3.330427e-02;2.746793e-02;3.904641e-02;2.331806e-01
1.471585e-02;8.810138e-02;1.036130e-01;9.586514e-02;6.579364e-03;2.770295e-02;2.755501e-01;2.543076e-02;3.319519e-02;2.176017e-02;2.077144e-02;2.867146e-01
1.700649e-02;1.003397e-01;9.648522e-02;9.504992e-02;7.536817e-03;3.197865e-02;2.493083e-01;3.201512e-02;2.264511e-02;3.644737e-02;2.429288e-02;2.868945e-01
2.798315e-02;1.094677e-01;9.110910e-02;9.212916e-02;1.329653e-02;1.843662e-02;2.523216e-01;3.322924e-02;1.358441e-02;6.089790e-02;3.189446e-02;2.556502e-01
2.483296e-02;8.603812e-02;8.580819e-02;8.098098e-02;1.727661e-02;3.926069e-02;2.892151e-01;3.444555e-02;1.648086e-02;7.571734e-02;4.067125e-02;2.092724e-01
2.164967e-02;7.566728e-02;9.011236e-02;6.331019e-02;2.540731e-02;1.127518e-01;3.015699e-01;4.603047e-02;1.647729e-02;7.383056e-02;2.712127e-02;1.460719e-01
2.731787e-02;8.655605e-02;9.878901e-02;5.158893e-02;3.714136e-02;1.615819e-01;2.406867e-01;6.632585e-02;3.266307e-02;6.918183e-02;1.741504e-02;1.107524e-01
2.977516e-02;7.839675e-02;1.253422e-01;4.134662e-02;3.445045e-02;1.829565e-01;1.687340e-01;7.953113e-02;6.273097e-02;6.304473e-02;1.238873e-02;1.213028e-01
3.612883e-02;1.409175e-01;1.578562e-01;4.427877e-02;2.033214e-02;1.229400e-01;1.662944e-01;6.054772e-02;6.072227e-02;7.773504e-02;1.660508e-02;9.564208e-02
3.808106e-02;1.556137e-01;1.750541e-01;5.278906e-02;1.949143e-02;7.516094e-02;2.252980e-01;3.653421e-02;3.584955e-02;9.974969e-02;1.766423e-02;6.871407e-02
3.603462e-02;1.298660e-01;1.601040e-01;8.382015e-02;2.280380e-02;7.078210e-02;2.293326e-01;7.075996e-02;4.717608e-02;7.095263e-02;1.859857e-02;5.976955e-02
5.327874e-02;1.594631e-01;1.611841e-01;1.199022e-01;2.256387e-02;4.932528e-02;1.799748e-01;7.647027e-02;3.219898e-02;6.225678e-02;1.513370e-02;6.824811e-02
5.598930e-02;1.840624e-01;1.493329e-01;1.040193e-01;1.825411e-02;5.374474e-02;1.291148e-01;8.413730e-02;5.039818e-02;7.642309e-02;1.296059e-02;8.156335e-02
4.108423e-02;1.789009e-01;1.275879e-01;7.212045e-02;1.751443e-02;4.754715e-02;2.048943e-01;9.376953e-02;3.928142e-02;8.129644e-02;1.110242e-02;8.490083e-02
4.082581e-02;1.249050e-01;1.221173e-01;5.338897e-02;1.606410e-02;2.668546e-02;2.523782e-01;7.685479e-02;4.801403e-02;7.503147e-02;1.914460e-02;1.445903e-01
4.309960e-02;1.299320e-01;1.192301e-01;4.990621e-02;1.442397e-02;5.455261e-02;1.800532e-01;5.395697e-02;7.822229e-02;5.834947e-02;4.333888e-02;1.749347e-01
3.585010e-02;1.151337e-01;1.305407e-01;5.601087e-02;1.308260e-02;1.162418e-01;1.206779e-01;6.131194e-02;9.198021e-02;3.390090e-02;4.627494e-02;1.789944e-01
3.356092e-02;1.130499e-01;1.400659e-01;4.159791e-02;2.347898e-02;1.379890e-01;1.362628e-01;7.603215e-02;7.489619e-02;3.142995e-02;3.808143e-02;1.535548e-01
2.493296e-02;1.036717e-01;1.811218e-01;3.590811e-02;3.726393e-02;1.057403e-01;1.361291e-01;8.740275e-02;8.189064e-02;3.618263e-02;2.719193e-02;1.425642e-01
3.527378e-02;1.498172e-01;2.076076e-01;5.016136e-02;2.602933e-02;5.930311e-02;1.376582e-01;7.106832e-02;7.019287e-02;4.002925e-02;4.217909e-02;1.106799e-01
4.882617e-02;1.976620e-01;2.084064e-01;5.418373e-02;2.594728e-02;4.159444e-02;1.548538e-01;4.695069e-02;7.565205e-02;3.277936e-02;3.544563e-02;7.769846e-02
5.483329e-02;1.470119e-01;1.989603e-01;4.491650e-02;2.278165e-02;5.727506e-02;1.762942e-01;9.164405e-02;1.023303e-01;3.070699e-02;1.741258e-02;5.583310e-02
4.921759e-02;1.427768e-01;2.013491e-01;3.699738e-02;2.295212e-02;6.198571e-02;1.450170e-01;8.473039e-02;1.125153e-01;4.366181e-02;2.740932e-02;7.138748e-02
5.400493e-02;1.812782e-01;1.998897e-01;4.059681e-02;2.029465e-02;8.282520e-02;7.904074e-02;7.948292e-02;9.347187e-02;4.680340e-02;3.755552e-02;8.475609e-02
4.894586e-02;1.053139e-01;1.780189e-01;4.220514e-02;2.402496e-02;1.411346e-01;4.342605e-02;8.238225e-02;1.081429e-01;5.580231e-02;5.613722e-02;1.144660e-01
3.943108e-02;9.144232e-02;1.306891e-01;3.260651e-02;1.880033e-02;1.872184e-01;9.207382e-02;8.120826e-02;1.082014e-01;3.580745e-02;7.253734e-02;1.099840e-01
3.132550e-02;1.111698e-01;1.101963e-01;3.812341e-02;2.694501e-02;1.897224e-01;1.796684e-01;6.644954e-02;9.014818e-02;2.391581e-02;4.695997e-02;8.537561e-02
2.478695e-02;1.297371e-01;8.756455e-02;7.031247e-02;2.212333e-02;1.287002e-01;2.823411e-01;6.410784e-02;6.617864e-02;2.119666e-02;2.168213e-02;8.126906e-02
2.612342e-02;1.432724e-01;1.035408e-01;9.347165e-02;2.420853e-02;7.340618e-02;3.070965e-01;6.957414e-02;3.910999e-02;2.169212e-02;1.656443e-02;8.193991e-02
1.894351e-02;9.985427e-02;1.110113e-01;9.445430e-02;3.207554e-02;8.463066e-02;3.082912e-01;7.100026e-02;4.990690e-02;2.389834e-02;1.673442e-02;8.919929e-02
1.248480e-02;5.967345e-02;9.728514e-02;6.362765e-02;4.443245e-02;1.426234e-01;2.424920e-01;8.138402e-02;1.128979e-01;3.633291e-02;3.386336e-02;7.290296e-02
1.856008e-02;7.599502e-02;1.005326e-01;3.326254e-02;4.379744e-02;2.120348e-01;1.282643e-01;7.294277e-02;1.744731e-01;5.189777e-02;4.864881e-02;3.959078e-02
2.295414e-02;1.019010e-01;9.720960e-02;4.097412e-02;5.472888e-02;2.238097e-01;5.004369e-02;8.361428e-02;1.890952e-01;6.267658e-02;5.109390e-02;2.189898e-02
2.558521e-02;8.100075e-02;9.958006e-02;5.147545e-02;7.474682e-02;1.711518e-01;8.675111e-02;8.873948e-02;1.762521e-01;6.625874e-02;3.331172e-02;4.514665e-02
2.308544e-02;6.651583e-02;1.122529e-01;5.725542e-02;8.728004e-02;1.145519e-01;1.517028e-01;1.029839e-01;1.569373e-01;7.273405e-02;1.638030e-02;3.832009e-02
2.423115e-02;8.289097e-02;1.363937e-01;6.446074e-02;9.271021e-02;6.554165e-02;1.533601e-01;9.744289e-02;1.540208e-01;6.708774e-02;2.396352e-02;3.789665e-02
3.328742e-02;1.008961e-01;1.382244e-01;7.515576e-02;8.479533e-02;8.278350e-02;1.299728e-01;8.345243e-02;1.595971e-01;3.966297e-02;3.197378e-02;4.019859e-02
3.447111e-02;9.245353e-02;1.283395e-01;8.395839e-02;6.140132e-02;5.786259e-02;1.182330e-01;1.164198e-01;1.931381e-01;3.546067e-02;3.609574e-02;4.216632e-02
4.035854e-02;8.370791e-02;1.199321e-01;8.393518e-02;4.061401e-02;5.433370e-02;1.254200e-01;1.428806e-01;2.081357e-01;2.920204e-02;3.063195e-02;4.084825e-02
4.153381e-02;7.713277e-02;1.056493e-01;9.581132e-02;4.690721e-02;6.195088e-02;1.331631e-01;1.387977e-01;2.084362e-01;2.499613e-02;2.706652e-02;3.855507e-02
3.440957e-02;7.951619e-02;1.107923e-01;8.745009e-02;5.039734e-02;5.045017e-02;8.941557e-02;2.036216e-01;2.182192e-01;2.482916e-02;2.196359e-02;2.893527e-02
2.550212e-02;4.982825e-02;1.082883e-01;7.282038e-02;5.008221e-02;3.961093e-02;5.508817e-02;2.776536e-01;2.579759e-01;2.231303e-02;1.831790e-02;2.251926e-02
1.963480e-02;2.041568e-02;1.282423e-01;2.557095e-02;4.606569e-02;3.340913e-02;3.810026e-02;3.905390e-01;2.471391e-01;1.574370e-02;1.568847e-02;1.945088e-02
1.590884e-02;7.081400e-02;1.595082e-01;4.155810e-02;3.153868e-02;6.189206e-02;3.497025e-02;3.730893e-01;1.630026e-01;1.731086e-02;1.275230e-02;1.765479e-02
1.520737e-02;9.413230e-02;1.756088e-01;5.372380e-02;1.778813e-02;6.558376e-02;5.220031e-02;3.562337e-01;1.204319e-01;1.635250e-02;1.564715e-02;1.709024e-02
1.376949e-02;1.101009e-01;1.272405e-01;3.516971e-02;2.155902e-02;1.133844e-01;9.277266e-02;3.451313e-01;9.078550e-02;1.227353e-02;1.994194e-02;1.787103e-02
1.163017e-02;1.066029e-01;9.807083e-02;1.570446e-02;2.428506e-02;1.285188e-01;9.927426e-02;3.495414e-01;1.135028e-01;1.105573e-02;2.331132e-02;1.850226e-02
1.567859e-02;1.382849e-01;1.208560e-01;1.386677e-02;2.684195e-02;1.338742e-01;9.420960e-02;2.773670e-01;1.085523e-01;1.845409e-02;3.328549e-02;1.872908e-02
1.913765e-02;1.578596e-01;1.344193e-01;2.695989e-02;2.955833e-02;1.765600e-01;8.149210e-02;1.890594e-01;1.079472e-01;3.045306e-02;2.879445e-02;1.775887e-02
1.583069e-02;1.218146e-01;9.490846e-02;2.031411e-02;2.601532e-02;2.094911e-01;9.004910e-02;2.152267e-01;1.249645e-01;4.838748e-02;2.084319e-02;1.215482e-02
1.692350e-02;1.069536e-01;7.604483e-02;1.886053e-02;3.096613e-02;2.265925e-01;1.278892e-01;1.846906e-01;1.227974e-01;5.937466e-02;1.324825e-02;1.565887e-02
2.657989e-02;1.298817e-01;7.359143e-02;2.684104e-02;2.798720e-02;2.176553e-01;1.003356e-01;2.185566e-01;1.187949e-01;3.512685e-02;1.184908e-02;1.280045e-02
4.014900e-02;1.638143e-01;6.649646e-02;2.013125e-02;2.764566e-02;2.425533e-01;8.628365e-02;1.465889e-01;1.408345e-01;4.086914e-02;1.008134e-02;1.455251e-02
2.839249e-02;1.559274e-01;9.366851e-02;1.383092e-02;1.997326e-02;2.090704e-01;9.780043e-02;2.109051e-01;9.086989e-02;3.501690e-02;2.238241e-02;2.216222e-02
3.125509e-02;1.890073e-01;1.108324e-01;2.619003e-02;2.097700e-02;1.867483e-01;9.202271e-02;1.721188e-01;9.087385e-02;2.701284e-02;2.287345e-02;3.008822e-02
3.626658e-02;2.154781e-01;1.064209e-01;2.029108e-02;2.246216e-02;2.227999e-01;7.728008e-02;1.365081e-01;7.562694e-02;3.099410e-02;1.817548e-02;3.769657e-02
4.278840e-02;2.323910e-01;1.199091e-01;1.736712e-02;1.650147e-02;2.170554e-01;9.603799e-02;9.929506e-02;6.708357e-02;3.222809e-02;2.167055e-02;3.767228e-02
4.536212e-02;2.281417e-01;9.423951e-02;1.880585e-02;1.357725e-02;2.142158e-01;9.707369e-02;1.248775e-01;6.203527e-02;4.234966e-02;2.605868e-02;3.326310e-02
4.945208e-02;2.075036e-01;7.428726e-02;2.220739e-02;1.872073e-02;2.451520e-01;1.028920e-01;1.409584e-01;4.877328e-02;5.354687e-02;8.644877e-03;2.786157e-02
4.042458e-02;1.813639e-01;8.693355e-02;2.194471e-02;1.644749e-02;2.295374e-01;9.831746e-02;1.631464e-01;8.788768e-02;3.338690e-02;2.533021e-02;1.527974e-02
3.758033e-02;2.004808e-01;1.044522e-01;3.132714e-02;2.652582e-02;2.333159e-01;8.112717e-02;1.244433e-01;9.216811e-02;2.903209e-02;2.494992e-02;1.459721e-02
2.657020e-02;1.567290e-01;6.301350e-02;1.840595e-02;2.824132e-02;2.685882e-01;6.717058e-02;1.819276e-01;1.060491e-01;4.058500e-02;2.200254e-02;2.071689e-02
2.729843e-02;1.554021e-01;6.378978e-02;1.754581e-02;1.966729e-02;2.703399e-01;7.412252e-02;1.773799e-01;9.509671e-02;3.810614e-02;2.928082e-02;3.197056e-02
3.752512e-02;2.004723e-01;9.990973e-02;2.870179e-02;1.573930e-02;2.530926e-01;5.663316e-02;1.431919e-01;8.113509e-02;2.066449e-02;2.218218e-02;4.075241e-02
4.487766e-02;1.957376e-01;1.026915e-01;3.709633e-02;1.947487e-02;2.641675e-01;3.322010e-02;1.241658e-01;9.931307e-02;1.793022e-02;1.149622e-02;4.982904e-02
3.851243e-02;1.431045e-01;7.017742e-02;4.647011e-02;2.763937e-02;2.575824e-01;2.308457e-02;2.037773e-01;8.184972e-02;3.463062e-02;2.164833e-02;5.152320e-02
4.252187e-02;1.697660e-01;7.990822e-02;4.584486e-02;3.739581e-02;1.895899e-01;4.587563e-02;2.157000e-01;8.227519e-02;2.889794e-02;1.694189e-02;4.528279e-02
3.019615e-02;1.963573e-01;1.067565e-01;2.812789e-02;2.880665e-02;1.585962e-01;5.747787e-02;2.406484e-01;8.931283e-02;2.800509e-02;1.670700e-02;1.900805e-02
2.395126e-02;1.860258e-01;1.164674e-01;2.098916e-02;2.083313e-02;1.621799e-01;5.203758e-02;2.448398e-01;1.100177e-01;3.005611e-02;1.250664e-02;2.009553e-02
4.610636e-02;2.225444e-01;1.012096e-01;4.661194e-02;3.059902e-02;1.496850e-01;4.800276e-02;1.762597e-01;9.858610e-02;2.711632e-02;1.575523e-02;3.752356e-02
4.560827e-02;2.157904e-01;1.192181e-01;3.793359e-02;3.672024e-02;1.117419e-01;4.703152e-02;1.771469e-01;1.232932e-01;2.252203e-02;3.018141e-02;3.281249e-02
4.245906e-02;2.180110e-01;1.306304e-01;2.185121e-02;2.828706e-02;1.173377e-01;7.032406e-02;1.854416e-01;1.099422e-01;1.941999e-02;2.951163e-02;2.678399e-02
3.017201e-02;1.357000e-01;8.069424e-02;1.366984e-02;2.105087e-02;6.669324e-02;8.227576e-02;3.221548e-01;1.735936e-01;3.622191e-02;1.861860e-02;1.915512e-02
1.485565e-02;9.171477e-02;5.847963e-02;1.672854e-02;1.895163e-02;8.813080e-02;6.672852e-02;3.882392e-01;1.849217e-01;3.534696e-02;1.007184e-02;2.583079e-02
2.203812e-02;1.151814e-01;7.925805e-02;1.896329e-02;2.139601e-02;9.201134e-02;5.316768e-02;3.686204e-01;1.512469e-01;2.890208e-02;1.474177e-02;3.447292e-02
4.202354e-02;1.403822e-01;9.483796e-02;3.605797e-02;2.973698e-02;1.409680e-01;5.009693e-02;2.279043e-01;1.542458e-01;3.475940e-02;1.629672e-02;3.269010e-02
3.471339e-02;1.135456e-01;7.300000e-02;4.696555e-02;3.804751e-02;2.085411e-01;6.220039e-02;1.856298e-01;1.563945e-01;2.936473e-02;2.267907e-02;2.891834e-02
2.879946e-02;9.119464e-02;3.377533e-02;4.751952e-02;3.859110e-02;2.919481e-01;8.400609e-02;1.488391e-01;1.494722e-01;2.811681e-02;2.341521e-02;3.432232e-02
1.839536e-02;5.660370e-02;3.294875e-02;3.602336e-02;2.321325e-02;2.756508e-01;6.125260e-02;2.406190e-01;1.818935e-01;2.154508e-02;2.825911e-02;2.359555e-02
1.751328e-02;7.491363e-02;3.127496e-02;3.022854e-02;2.429870e-02;2.741939e-01;5.596496e-02;2.243704e-01;1.851414e-01;2.932122e-02;3.552486e-02;1.725417e-02
2.540893e-02;1.080609e-01;8.112930e-02;2.285408e-02;2.849819e-02;1.999552e-01;5.407394e-02;2.578439e-01;1.739441e-01;2.327042e-02;1.434559e-02;1.061542e-02
2.567445e-02;1.278456e-01;1.174381e-01;2.205914e-02;3.419587e-02;2.157382e-01;5.765956e-02;2.008888e-01;1.433518e-01;2.834598e-02;1.722128e-02;9.581339e-03
2.164415e-02;1.380836e-01;1.344659e-01;2.228853e-02;2.189222e-02;2.802299e-01;7.343737e-02;1.797462e-01;7.867558e-02;2.119049e-02;2.430130e-02;4.044755e-03
2.355045e-02;1.193675e-01;9.120032e-02;2.533890e-02;2.147456e-02;2.643060e-01;6.667957e-02;2.267516e-01;9.267516e-02;3.840229e-02;1.665025e-02;1.360328e-02
2.941139e-02;1.219266e-01;8.157476e-02;1.710789e-02;2.817307e-02;1.913128e-01;3.976840e-02;2.960638e-01;1.275780e-01;2.990058e-02;1.342560e-02;2.375719e-02
2.384353e-02;1.321685e-01;1.150473e-01;2.553399e-02;2.628324e-02;9.595970e-02;4.278623e-02;2.907609e-01;1.721184e-01;3.269622e-02;1.335178e-02;2.945027e-02
3.125002e-02;1.124913e-01;1.039712e-01;3.185944e-02;3.252878e-02;5.939024e-02;6.342546e-02;2.719387e-01;1.985122e-01;4.110786e-02;2.115819e-02;3.236660e-02
4.883226e-02;1.427368e-01;1.001425e-01;3.152955e-02;2.699912e-02;1.207274e-01;7.448463e-02;1.667298e-01;2.009532e-01;4.343435e-02;2.051961e-02;2.291082e-02
2.920284e-02;1.195814e-01;9.938283e-02;3.697567e-02;1.773349e-02;1.287804e-01;8.730723e-02;2.142952e-01;1.815080e-01;4.296026e-02;2.780803e-02;1.446470e-02
2.157211e-02;1.200366e-01;9.248321e-02;3.551433e-02;3.102311e-02;1.253888e-01;9.681708e-02;2.120256e-01;1.856931e-01;3.336328e-02;2.608632e-02;1.999651e-02
1.906383e-02;1.058440e-01;9.603631e-02;2.484451e-02;3.493390e-02;1.312717e-01;8.178715e-02;2.618619e-01;1.729567e-01;1.982189e-02;2.874650e-02;2.283165e-02
