9.568691e-02;4.201096e-02;1.450469e-01;4.396196e-02;6.430073e-02;4.699386e-02;2.255487e-01;4.889845e-02;7.258906e-02;1.015310e-01;6.779909e-02;4.563242e-02
9.474549e-02;6.463692e-02;9.295361e-02;2.845447e-02;7.563282e-02;5.002636e-02;3.613178e-01;4.201466e-02;4.673075e-02;6.238564e-02;5.599366e-02;2.510780e-02
1.042212e-01;7.530795e-02;5.810177e-02;3.124672e-02;8.041079e-02;5.956357e-02;4.250202e-01;3.081874e-02;3.885875e-02;4.239628e-02;3.469253e-02;1.936163e-02
1.193197e-01;7.665277e-02;4.193204e-02;2.893268e-02;8.689768e-02;7.989443e-02;4.131254e-01;2.361218e-02;3.447248e-02;4.108085e-02;2.378621e-02;3.029362e-02
1.325252e-01;8.386633e-02;4.289424e-02;2.275847e-02;8.401174e-02;9.476516e-02;3.366152e-01;2.656392e-02;4.358944e-02;5.582027e-02;3.856328e-02;3.802673e-02
1.349191e-01;7.055292e-02;4.893791e-02;2.047069e-02;8.437859e-02;9.346877e-02;2.781329e-01;3.840097e-02;6.767739e-02;7.685505e-02;3.699499e-02;4.921073e-02
1.233106e-01;3.660440e-02;5.724464e-02;3.862855e-02;9.603102e-02;6.720220e-02;2.484862e-01;4.800534e-02;8.954287e-02;9.212353e-02;4.325420e-02;5.956647e-02
1.034243e-01;3.112818e-02;1.050874e-01;6.740161e-02;8.201148e-02;3.912398e-02;2.190134e-01;4.730954e-02;1.230260e-01;7.995584e-02;5.184954e-02;5.066877e-02
8.028839e-02;3.403058e-02;1.354681e-01;6.939310e-02;7.973494e-02;4.237914e-02;2.197648e-01;5.961551e-02;1.255491e-01;9.289994e-02;3.177658e-02;2.909991e-02
5.382385e-02;3.466390e-02;1.810419e-01;6.666297e-02;1.157181e-01;5.027412e-02;2.379028e-01;4.297083e-02;7.183386e-02;6.355992e-02;3.312736e-02;4.842029e-02
7.713066e-02;2.420224e-02;1.972651e-01;5.954846e-02;1.012970e-01;6.198597e-02;2.426247e-01;4.457661e-02;4.052958e-02;4.210624e-02;4.805649e-02;6.067692e-02
8.979447e-02;3.895657e-02;1.625473e-01;6.048611e-02;1.065925e-01;6.690919e-02;2.733436e-01;3.136672e-02;4.359238e-02;4.813610e-02;3.869756e-02;3.957745e-02
6.311401e-02;5.744779e-02;1.297881e-01;7.774355e-02;1.210965e-01;8.092505e-02;1.147074e-01;7.149344e-02;7.188553e-02;7.432441e-02;7.787707e-02;5.959712e-02
6.316677e-02;8.805337e-02;1.069999e-01;6.337819e-02;8.720525e-02;8.187719e-02;1.812892e-01;5.801585e-02;5.953107e-02;7.973092e-02;8.076997e-02;4.998232e-02
8.896399e-02;9.949722e-02;9.925576e-02;3.542458e-02;6.336997e-02;6.820201e-02;2.674942e-01;3.595207e-02;4.470506e-02;7.718422e-02;7.210010e-02;4.785081e-02
1.069647e-01;1.174044e-01;8.189394e-02;1.211888e-02;4.001818e-02;5.080833e-02;3.416635e-01;2.921653e-02;4.016224e-02;7.468899e-02;6.187345e-02;4.318693e-02
1.035884e-01;1.447341e-01;4.909925e-02;9.710462e-03;3.023306e-02;4.917896e-02;3.979431e-01;2.808112e-02;2.577420e-02;7.899877e-02;5.782187e-02;2.483669e-02
1.223299e-01;1.685104e-01;3.756471e-02;1.751500e-02;4.317719e-02;6.779350e-02;3.727762e-01;1.462721e-02;3.446881e-02;7.277324e-02;3.633186e-02;1.213199e-02
1.584480e-01;1.483239e-01;7.875293e-02;3.067984e-02;5.728464e-02;9.444699e-02;2.860873e-01;2.047888e-02;2.664526e-02;7.545757e-02;9.373847e-03;1.402086e-02
1.907493e-01;9.551524e-02;5.663159e-02;3.854457e-02;8.120197e-02;1.216706e-01;2.701305e-01;2.374556e-02;8.996464e-03;6.562266e-02;1.782587e-02;2.936567e-02
1.937076e-01;2.069766e-02;1.049183e-01;4.495937e-02;1.258204e-01;1.349724e-01;2.076789e-01;2.704669e-02;1.637104e-02;3.865176e-02;4.141474e-02;4.376121e-02
1.798361e-01;5.173717e-02;1.408956e-01;5.502078e-02;1.535707e-01;1.066962e-01;1.214800e-01;1.408785e-02;4.526780e-02;3.412646e-02;4.167631e-02;5.560500e-02
1.316395e-01;4.368107e-02;1.213847e-01;6.210691e-02;1.729287e-01;8.458899e-02;1.521386e-01;2.425777e-02;7.686605e-02;5.153640e-02;2.523045e-02;5.364085e-02
9.161267e-02;4.310711e-02;1.698596e-01;6.146408e-02;1.777745e-01;6.293925e-02;1.449538e-01;4.135533e-02;7.486795e-02;5.500800e-02;3.847256e-02;3.858517e-02
3.406284e-02;5.677515e-02;2.455250e-01;8.261544e-02;1.543190e-01;4.914012e-02;9.983789e-02;6.351927e-02;7.370925e-02;4.916356e-02;5.558519e-02;3.574722e-02
4.472500e-02;3.845320e-02;2.798803e-01;8.369309e-02;1.451024e-01;6.967537e-02;8.960041e-02;5.200128e-02;6.223896e-02;3.788105e-02;6.327339e-02;3.347556e-02
5.498352e-02;3.785108e-02;3.400374e-01;7.061736e-02;1.309634e-01;6.766972e-02;9.054617e-02;3.265990e-02;4.805375e-02;4.108362e-02;5.412825e-02;3.140581e-02
6.382889e-02;5.820109e-02;3.522839e-01;4.768262e-02;1.090922e-01;6.615650e-02;9.192438e-02;4.163135e-02;4.454579e-02;5.267420e-02;5.091443e-02;2.106458e-02
9.417341e-02;8.555735e-02;2.855038e-01;4.478877e-02;7.968724e-02;7.129382e-02;8.630184e-02;5.372199e-02;4.651603e-02;5.742513e-02;6.833421e-02;2.669640e-02
8.071825e-02;7.343678e-02;3.040560e-01;5.153153e-02;7.232187e-02;5.146853e-02;1.296194e-01;4.301304e-02;4.770890e-02;5.781965e-02;6.310696e-02;2.519899e-02
7.694152e-02;6.488584e-02;2.075812e-01;5.609416e-02;9.041536e-02;8.639839e-02;1.738172e-01;5.145930e-02;4.932054e-02;5.246637e-02;4.218633e-02;4.843380e-02
1.305042e-01;7.004485e-02;1.838409e-01;7.110203e-02;7.047846e-02;7.505618e-02;1.534226e-01;5.348064e-02;3.477825e-02;4.119743e-02;5.067764e-02;6.541681e-02
1.243895e-01;6.621476e-02;1.951433e-01;9.454450e-02;7.262830e-02;7.691272e-02;1.496051e-01;5.109267e-02;2.935735e-02;2.687941e-02;4.663289e-02;6.659955e-02
8.761224e-02;4.005478e-02;2.130046e-01;1.233643e-01;8.293346e-02;7.846668e-02;1.374117e-01;6.327163e-02;3.100977e-02;2.441724e-02;5.628967e-02;6.216391e-02
3.621984e-02;3.633726e-02;2.130083e-01;1.252503e-01;1.153041e-01;7.362343e-02;1.064608e-01;6.327917e-02;4.144374e-02;4.429631e-02;8.101315e-02;6.376361e-02
7.538630e-02;2.988387e-02;1.428729e-01;7.616689e-02;1.553649e-01;1.413688e-01;7.144161e-02;5.957904e-02;4.047203e-02;3.635360e-02;7.464156e-02;9.646848e-02
1.144236e-01;1.421648e-02;9.020654e-02;5.200768e-02;1.637975e-01;1.817590e-01;9.428208e-02;5.310735e-02;5.184385e-02;2.914990e-02;4.780517e-02;1.074008e-01
2.089006e-01;3.094337e-02;7.880819e-02;4.492076e-02;1.318117e-01;1.523688e-01;9.541684e-02;3.362592e-02;5.567035e-02;3.209156e-02;3.308048e-02;1.023613e-01
3.367078e-01;7.146397e-02;6.883596e-02;3.049968e-02;9.225770e-02;8.909900e-02;9.526932e-02;2.086312e-02;5.391453e-02;3.299023e-02;2.612187e-02;8.197682e-02
4.028243e-01;9.070888e-02;4.831630e-02;1.435790e-02;7.984738e-02;7.659514e-02;1.005174e-01;3.157999e-02;4.491346e-02;2.236003e-02;2.160651e-02;6.637278e-02
4.672575e-01;1.017956e-01;3.734076e-02;1.876371e-02;7.010110e-02;6.171325e-02;6.784429e-02;2.547700e-02;3.799088e-02;1.541565e-02;2.091911e-02;7.538121e-02
4.620132e-01;1.059884e-01;6.208989e-02;4.490267e-02;5.334920e-02;4.712667e-02;5.726454e-02;2.309538e-02;3.628463e-02;1.366789e-02;1.962662e-02;7.459097e-02
4.159803e-01;8.519406e-02;1.120115e-01;6.385559e-02;5.729489e-02;4.082355e-02;3.438232e-02;1.905242e-02;4.513163e-02;1.901086e-02;1.977939e-02;8.748352e-02
3.425409e-01;5.289321e-02;1.254110e-01;6.321271e-02;6.873365e-02;4.349069e-02;4.132562e-02;3.240672e-02;6.629100e-02;2.484481e-02;2.505332e-02;1.137963e-01
2.894531e-01;3.513842e-02;1.233203e-01;5.487744e-02;7.271042e-02;5.048797e-02;6.959125e-02;4.899787e-02;6.757947e-02;3.045370e-02;3.783296e-02;1.195571e-01
2.733909e-01;3.696733e-02;1.440345e-01;5.441072e-02;6.025764e-02;5.420268e-02;7.439566e-02;4.284690e-02;4.654258e-02;3.263741e-02;7.151022e-02;1.088034e-01
2.051793e-01;2.656059e-02;1.787302e-01;6.841853e-02;5.772874e-02;5.880185e-02;6.434759e-02;4.128362e-02;6.744055e-02;4.476423e-02;7.540716e-02;1.113376e-01
1.494706e-01;2.559946e-02;2.062841e-01;6.161264e-02;4.939847e-02;4.062337e-02;5.490974e-02;5.615545e-02;9.806591e-02;6.584942e-02;6.130884e-02;1.307221e-01
1.082366e-01;3.218885e-02;2.455198e-01;6.787853e-02;5.673417e-02;3.159198e-02;3.058741e-02;6.055531e-02;8.596631e-02;8.525579e-02;6.777154e-02;1.277137e-01
7.478257e-02;6.418151e-02;2.456907e-01;8.173425e-02;7.898272e-02;4.072828e-02;3.354288e-02;7.939227e-02;4.578898e-02;7.879792e-02;8.916776e-02;8.721013e-02
8.919948e-02;1.100438e-01;2.197326e-01;7.816248e-02;1.099035e-01;4.818976e-02;5.241952e-02;7.620271e-02;4.354875e-02;5.619974e-02;6.995457e-02;4.644318e-02
9.144083e-02;1.387964e-01;2.186019e-01;7.799390e-02;1.257410e-01;4.179844e-02;4.500155e-02;4.682720e-02;3.934388e-02;4.882215e-02;7.121616e-02;5.441655e-02
1.028664e-01;1.285374e-01;2.545688e-01;7.827576e-02;1.191463e-01;4.262601e-02;3.563764e-02;3.295071e-02;3.967354e-02;4.653291e-02;7.369626e-02;4.548828e-02
9.661466e-02;7.843456e-02;3.041599e-01;8.928068e-02;1.053979e-01;4.480257e-02;2.431469e-02;3.933550e-02;4.929266e-02;4.205553e-02;7.970392e-02;4.660742e-02
7.251944e-02;3.376140e-02;3.517406e-01;7.960327e-02;9.263979e-02;4.411961e-02;3.340070e-02;4.344201e-02;6.125785e-02;5.194445e-02;7.535403e-02;6.021683e-02
9.913387e-02;5.883334e-02;3.642033e-01;5.482925e-02;8.869863e-02;4.645093e-02;4.912506e-02;4.813329e-02;5.917143e-02;4.809554e-02;3.078733e-02;5.253796e-02
1.658665e-01;7.549074e-02;2.783225e-01;6.217321e-02;7.217563e-02;3.551561e-02;3.341897e-02;3.353945e-02;6.794800e-02;3.702780e-02;6.300600e-02;7.551557e-02
1.565825e-01;1.009430e-01;2.392888e-01;6.006713e-02;6.363808e-02;5.191063e-02;4.441521e-02;3.361433e-02;6.522615e-02;3.981978e-02;8.744905e-02;5.704535e-02
1.151429e-01;1.267833e-01;2.396708e-01;6.922753e-02;6.135881e-02;8.898053e-02;5.446150e-02;5.298617e-02;4.779615e-02;5.221140e-02;5.667162e-02;3.470928e-02
1.929379e-01;8.230907e-02;1.527168e-01;9.026181e-02;8.742997e-02;1.115705e-01;3.679922e-02;5.511203e-02;3.612709e-02;3.770799e-02;7.367183e-02;4.335574e-02
2.063538e-01;1.468064e-01;1.255516e-01;9.807659e-02;6.170576e-02;7.338011e-02;5.508915e-02;4.215125e-02;5.616874e-02;2.609931e-02;6.855566e-02;4.006163e-02
1.373160e-01;2.053157e-01;1.140371e-01;8.717759e-02;5.528774e-02;4.892083e-02;6.600873e-02;7.239757e-02;5.432855e-02;4.502688e-02;4.127517e-02;7.290815e-02
1.820218e-01;1.283641e-01;1.099210e-01;8.996306e-02;5.062842e-02;7.366899e-02;5.302521e-02;6.087848e-02;3.649125e-02;5.295629e-02;6.206777e-02;1.000137e-01
1.613028e-01;8.038859e-02;1.416931e-01;9.329358e-02;4.491187e-02;7.836917e-02;4.940590e-02;3.532264e-02;3.359279e-02;4.954091e-02;8.147337e-02;1.507052e-01
9.393816e-02;6.920283e-02;1.564826e-01;9.558730e-02;3.691532e-02;6.891640e-02;6.391793e-02;3.459567e-02;4.313435e-02;4.242946e-02;8.383371e-02;2.110463e-01
1.154253e-01;7.751750e-02;1.390171e-01;8.507702e-02;6.857563e-02;5.610511e-02;7.466716e-02;5.836442e-02;3.547529e-02;5.461765e-02;5.828768e-02;1.768701e-01
1.368999e-01;8.312643e-02;1.479061e-01;7.455686e-02;6.246918e-02;5.018688e-02;8.241174e-02;7.445908e-02;4.437124e-02;8.487663e-02;8.818134e-02;7.055464e-02
1.236839e-01;6.795398e-02;1.282460e-01;7.427783e-02;5.964024e-02;8.182628e-02;7.593707e-02;7.829557e-02;5.958680e-02;8.588064e-02;9.053680e-02;7.413491e-02
1.006801e-01;5.829657e-02;9.175635e-02;7.638537e-02;9.008747e-02;1.383943e-01;8.247308e-02;6.024947e-02;5.933452e-02;8.358371e-02;7.878496e-02;7.997415e-02
8.154468e-02;7.565063e-02;1.359877e-01;7.302224e-02;6.954834e-02;1.305114e-01;8.807304e-02;5.807673e-02;5.266632e-02;9.275489e-02;7.754613e-02;6.461779e-02
4.955893e-02;1.096714e-01;8.181968e-02;7.517266e-02;1.009498e-01;1.010040e-01;8.300352e-02;4.756130e-02;9.601922e-02;1.031070e-01;8.263889e-02;6.949358e-02
7.274958e-02;8.787988e-02;6.995343e-02;7.594724e-02;1.129041e-01;8.859697e-02;8.753117e-02;4.410305e-02;8.156324e-02;1.152337e-01;8.626890e-02;7.726866e-02
9.842379e-02;6.427480e-02;6.909838e-02;6.615818e-02;9.677047e-02;6.975332e-02;1.017452e-01;5.602158e-02;9.535138e-02;1.054209e-01;8.848621e-02;8.849575e-02
1.129922e-01;6.130290e-02;8.992188e-02;4.476436e-02;7.697601e-02;6.805626e-02;1.219256e-01;4.734229e-02;1.321820e-01;7.585271e-02;8.287428e-02;8.580948e-02
1.031337e-01;4.717294e-02;2.027948e-01;4.696653e-02;7.955732e-02;7.479779e-02;1.311975e-01;2.847385e-02;1.013957e-01;6.337761e-02;6.560940e-02;5.552295e-02
7.064585e-02;2.378888e-02;3.551701e-01;7.359231e-02;9.435821e-02;5.103198e-02;1.077989e-01;3.199556e-02;4.830535e-02;7.285351e-02;4.600017e-02;2.445920e-02
5.097667e-02;3.083469e-02;4.649028e-01;6.561106e-02;9.090307e-02;2.981857e-02;1.001787e-01;1.147442e-02;2.058000e-02;9.811565e-02;2.588677e-02;1.071757e-02
3.704520e-02;2.930300e-02;5.039126e-01;5.580239e-02;9.194646e-02;1.634495e-02;9.290718e-02;1.486269e-02;2.444427e-02;1.050848e-01;1.930038e-02;9.046114e-03
1.619810e-02;3.481148e-02;5.217038e-01;5.330732e-02;8.650015e-02;1.961027e-02;9.857006e-02;9.576018e-03;2.455875e-02;1.031530e-01;1.912037e-02;1.289071e-02
2.503855e-02;3.282820e-02;5.268990e-01;4.866689e-02;7.635206e-02;2.538573e-02;9.429671e-02;1.800591e-02;3.482905e-02;8.328642e-02;1.988337e-02;1.452803e-02
3.986161e-02;3.464365e-02;5.388811e-01;4.921178e-02;5.563118e-02;2.807777e-02;8.454904e-02;2.256444e-02;3.631077e-02;7.511260e-02;2.153286e-02;1.362314e-02
3.036526e-02;4.111011e-02;5.171767e-01;5.547616e-02;5.697694e-02;5.590704e-02;5.031585e-02;3.197308e-02;4.099384e-02;8.143272e-02;1.875185e-02;1.952050e-02
4.014984e-02;6.416799e-02;4.038629e-01;5.488528e-02;7.818939e-02;7.577330e-02;5.887417e-02;5.358652e-02;4.973785e-02;7.363182e-02;2.166807e-02;2.547293e-02
6.341328e-02;6.032880e-02;3.132245e-01;4.220273e-02;9.434228e-02;6.663267e-02;1.265907e-01;5.469286e-02;3.361849e-02;6.897462e-02;4.500091e-02;3.097811e-02
6.256635e-02;3.831409e-02;2.917636e-01;3.095303e-02;9.020841e-02;7.907097e-02;1.687212e-01;3.849531e-02;3.138780e-02;7.383502e-02;6.558669e-02;2.909752e-02
4.121614e-02;3.182687e-02;3.617116e-01;4.925787e-02;6.197827e-02;7.040828e-02;1.353817e-01;3.892736e-02;4.403959e-02;8.989805e-02;5.192990e-02;2.342443e-02
5.883259e-02;3.235377e-02;2.800539e-01;6.711482e-02;6.717109e-02;1.066307e-01;7.335149e-02;8.153280e-02;7.209457e-02;1.049778e-01;2.607204e-02;2.981435e-02
7.476959e-02;5.085320e-02;1.493767e-01;6.457923e-02;8.947364e-02;1.250674e-01;9.173006e-02;7.898842e-02;8.888357e-02;1.305308e-01;2.196699e-02;3.378040e-02
6.539630e-02;5.283247e-02;1.302540e-01;6.838841e-02;9.539735e-02;9.458211e-02;1.242339e-01;6.337662e-02;8.466675e-02;1.405830e-01;3.874073e-02;4.154830e-02
4.790583e-02;3.861357e-02;1.165177e-01;7.990479e-02;9.379378e-02;6.048676e-02;1.431932e-01;4.988228e-02;1.069831e-01;1.485053e-01;6.411575e-02;5.009785e-02
6.034035e-02;6.914645e-02;6.529453e-02;7.898716e-02;7.268134e-02;7.699894e-02;1.489687e-01;6.019467e-02;1.341481e-01;1.182206e-01;7.088359e-02;4.413564e-02
4.810739e-02;9.146930e-02;5.314863e-02;6.833421e-02;1.096305e-01;7.697718e-02;1.270604e-01;8.969270e-02;1.338593e-01;1.117383e-01;4.559150e-02;4.439057e-02
5.294293e-02;9.298529e-02;5.782482e-02;7.250132e-02;1.207541e-01;4.932874e-02;1.312987e-01;9.287594e-02;1.164388e-01;8.762175e-02;5.740424e-02;6.802349e-02
8.004609e-02;8.135641e-02;5.782762e-02;7.928295e-02;1.099914e-01;3.421716e-02;1.422650e-01;7.646996e-02;1.098438e-01;8.634282e-02;6.165952e-02;8.069734e-02
9.295747e-02;4.598291e-02;1.433525e-01;7.764152e-02;1.362179e-01;4.375688e-02;9.858109e-02;5.245876e-02;9.936465e-02;7.807620e-02;4.999266e-02;8.161742e-02
4.820537e-02;6.093462e-02;1.449665e-01;7.280382e-02;1.319198e-01;4.605813e-02;1.062169e-01;7.645112e-02;1.062166e-01;7.198155e-02;8.119254e-02;5.305308e-02
5.471916e-02;8.270463e-02;8.660009e-02;7.174646e-02;1.008675e-01;4.450198e-02;1.042028e-01;7.918750e-02;1.044433e-01;1.093231e-01;9.077814e-02;7.092528e-02
6.467357e-02;9.194816e-02;1.108433e-01;5.968857e-02;6.872309e-02;5.326408e-02;1.527197e-01;5.976109e-02;9.871106e-02;1.215402e-01;6.236955e-02;5.575768e-02
4.245158e-02;8.597033e-02;1.154016e-01;5.421985e-02;9.392596e-02;8.837087e-02;1.715504e-01;4.693967e-02;1.188934e-01;9.144279e-02;4.693666e-02;4.389690e-02
3.045572e-02;7.034779e-02;1.077712e-01;5.559786e-02;8.881123e-02;1.121641e-01;1.473954e-01;7.141877e-02;1.298710e-01;5.891731e-02;6.521506e-02;6.203458e-02
4.455959e-02;4.702997e-02;1.304499e-01;5.071593e-02;1.162077e-01;9.244972e-02;1.232525e-01;7.416745e-02;9.084601e-02;8.071490e-02;9.232872e-02;5.727767e-02
8.414771e-02;7.405555e-02;1.189446e-01;5.168666e-02;1.010342e-01;6.005547e-02;1.342612e-01;7.590082e-02;9.100020e-02;8.482353e-02;6.841164e-02;5.567835e-02
1.229539e-01;9.664796e-02;1.273005e-01;7.710654e-02;9.381682e-02;7.672615e-02;5.821119e-02;5.909092e-02;6.385730e-02;7.781376e-02;7.723182e-02;6.924311e-02
4.616119e-02;7.062291e-02;1.289365e-01;5.845986e-02;7.831462e-02;9.146573e-02;1.433021e-01;1.143695e-01;6.693080e-02;5.443860e-02;8.534928e-02;6.164897e-02
3.067903e-02;5.587186e-02;1.211370e-01;7.335782e-02;5.918649e-02;7.570263e-02;1.457155e-01;1.479369e-01;7.634244e-02;5.833386e-02;8.634699e-02;6.938935e-02
4.130398e-02;5.418267e-02;1.046476e-01;6.590383e-02;4.663614e-02;6.019036e-02;1.316989e-01;1.363779e-01;1.233719e-01;7.290047e-02;8.925219e-02;7.353403e-02
6.345540e-02;5.643839e-02;7.297937e-02;3.575891e-02;4.209053e-02;6.997496e-02;1.359325e-01;1.168719e-01;1.595007e-01;8.844434e-02;9.609669e-02;6.245637e-02
7.252885e-02;3.146743e-02;4.704288e-02;3.265733e-02;3.307468e-02;7.866967e-02;1.596737e-01;1.221256e-01;1.574677e-01;1.464886e-01;8.589960e-02;3.290397e-02
5.729892e-02;3.686833e-02;3.587515e-02;6.097296e-02;2.462568e-02;6.537438e-02;1.711712e-01;6.789937e-02;1.185237e-01;2.033558e-01;7.465461e-02;8.337982e-02
3.899882e-02;5.345008e-02;2.942126e-02;7.052187e-02;1.756410e-02;5.042678e-02;1.933760e-01;4.743598e-02;9.681820e-02;2.262672e-01;6.525122e-02;1.104684e-01
4.604341e-02;4.215923e-02;4.503268e-02;6.230401e-02;2.195809e-02;4.780287e-02;1.800769e-01;6.923337e-02;1.143142e-01;2.593166e-01;3.638136e-02;7.537723e-02
8.960984e-02;2.473900e-02;6.330854e-02;4.283757e-02;3.687102e-02;3.764632e-02;1.395223e-01;1.147043e-01;1.054240e-01;2.406506e-01;5.696402e-02;4.772248e-02
1.104184e-01;2.775405e-02;8.390775e-02;3.028470e-02;5.403070e-02;2.106323e-02;1.121032e-01;1.619360e-01;8.708832e-02;1.683265e-01;1.043897e-01;3.869757e-02
9.987142e-02;5.601204e-02;9.635595e-02;3.094081e-02;6.169215e-02;3.198376e-02;8.791798e-02;1.522100e-01;9.935459e-02;1.119211e-01;1.252565e-01;4.648378e-02
6.342437e-02;7.368089e-02;1.110756e-01;4.070767e-02;6.366844e-02;6.681742e-02;7.978678e-02;1.013294e-01;1.536240e-01;1.088740e-01;8.369411e-02;5.331730e-02
6.116999e-02;7.173831e-02;1.527742e-01;5.321658e-02;7.113099e-02;8.427941e-02;5.112816e-02;4.501247e-02;1.745735e-01;9.731198e-02;5.524377e-02;8.242067e-02
7.992415e-02;4.661216e-02;1.465143e-01;5.019439e-02;8.331551e-02;7.290379e-02;8.565105e-02;8.479512e-02;1.161402e-01;8.390293e-02;6.789777e-02;8.214857e-02
1.077880e-01;3.881004e-02;1.165189e-01;3.505040e-02;6.957092e-02;5.089675e-02;9.029130e-02;1.145399e-01;1.123437e-01;1.355465e-01;9.283500e-02;3.580847e-02
1.224829e-01;5.559405e-02;1.038210e-01;3.229100e-02;5.336906e-02;4.007257e-02;6.587702e-02;9.296304e-02;1.586645e-01;1.301363e-01;9.408733e-02;5.064128e-02
9.169362e-02;4.001136e-02;1.306655e-01;3.556004e-02;7.703763e-02;6.065448e-02;8.877726e-02;1.032886e-01;1.273494e-01;9.947047e-02;9.850406e-02;4.698759e-02
6.368334e-02;7.029499e-02;1.111078e-01;5.137801e-02;8.148704e-02;8.145916e-02;8.945204e-02;1.036943e-01;8.872909e-02;1.065216e-01;1.149262e-01;3.726646e-02
7.620028e-02;7.394087e-02;9.728458e-02;4.761582e-02;8.902109e-02;7.336057e-02;6.769051e-02;7.953418e-02;1.037767e-01;1.273822e-01;1.091733e-01;5.501984e-02
8.623660e-02;8.310908e-02;6.687031e-02;3.346823e-02;9.662708e-02;5.031783e-02;7.362565e-02;8.310482e-02;1.538851e-01;1.259927e-01;8.154102e-02;6.522167e-02
8.774021e-02;9.692997e-02;7.486231e-02;3.803067e-02;7.344113e-02;6.041387e-02;6.533030e-02;1.366933e-01;1.162755e-01;9.422787e-02;6.048610e-02;9.556872e-02
6.727825e-02;9.400194e-02;8.582000e-02;4.487193e-02;5.340147e-02;8.883733e-02;5.766548e-02;1.172845e-01;1.028561e-01;1.530186e-01;5.533915e-02;7.962526e-02
9.214566e-02;1.106781e-01;8.218970e-02;3.682384e-02;3.066293e-02;1.377635e-01;6.795336e-02;1.044471e-01;1.040996e-01;1.581538e-01;2.976076e-02;4.532167e-02
8.156153e-02;8.775713e-02;8.121549e-02;3.499401e-02;4.930941e-02;1.430454e-01;9.390890e-02;1.373674e-01;9.250721e-02;8.999213e-02;3.423623e-02;7.410517e-02
6.059096e-02;6.020365e-02;1.049954e-01;5.158992e-02;6.963409e-02;1.196148e-01;1.088031e-01;1.475728e-01;8.847439e-02;5.459906e-02;4.611083e-02;8.781096e-02
5.053426e-02;5.129495e-02;1.138062e-01;8.073769e-02;7.082202e-02;1.012807e-01;1.043861e-01;1.357712e-01;8.128647e-02;6.307986e-02;5.816462e-02;8.883601e-02
1.066868e-01;5.804146e-02;1.264230e-01;1.034809e-01;4.989209e-02;1.031655e-01;6.715686e-02;9.098294e-02;9.450924e-02;7.747134e-02;6.603265e-02;5.615706e-02
9.142551e-02;7.314456e-02;1.008651e-01;8.607567e-02;8.382569e-02;8.846451e-02;1.391937e-01;5.554398e-02;8.807461e-02;5.225570e-02;5.002945e-02;9.110146e-02
9.160458e-02;5.779672e-02;7.519267e-02;6.626684e-02;8.710585e-02;7.281860e-02;1.736925e-01;8.590866e-02;6.044047e-02;6.046568e-02;7.532203e-02;9.338538e-02
1.067564e-01;6.143248e-02;1.038969e-01;5.198016e-02;6.781291e-02;7.619546e-02;1.078067e-01;1.131472e-01;1.045476e-01;6.861946e-02;6.407629e-02;7.372830e-02
1.073944e-01;8.049985e-02;1.446872e-01;6.455944e-02;7.056073e-02;9.478686e-02;9.127765e-02;1.053309e-01;1.059655e-01;3.675741e-02;3.979133e-02;5.838868e-02
1.031268e-01;7.432597e-02;1.424060e-01;7.470629e-02;7.139112e-02;9.237035e-02;1.514733e-01;8.171716e-02;7.651014e-02;4.601099e-02;3.747379e-02;4.848814e-02
1.087290e-01;6.530841e-02;1.340522e-01;8.643641e-02;8.265584e-02;8.897223e-02;1.565962e-01;7.960051e-02;6.555150e-02;4.562638e-02;3.864671e-02;4.782462e-02
1.072295e-01;6.128380e-02;1.010438e-01;1.113028e-01;8.126768e-02;6.841262e-02;1.289710e-01;9.450639e-02;9.053778e-02;6.824122e-02;4.694344e-02;4.026002e-02
7.410195e-02;5.141301e-02;1.623135e-01;8.131128e-02;6.422973e-02;5.244187e-02;1.827626e-01;5.907965e-02;9.438524e-02;8.324714e-02;5.639683e-02;3.831713e-02
5.998729e-02;4.606559e-02;2.474336e-01;6.007441e-02;1.064018e-01;6.013139e-02;1.673992e-01;2.903464e-02;9.237324e-02;5.774916e-02;4.435951e-02;2.899019e-02
4.929469e-02;2.856539e-02;2.334091e-01;5.948006e-02;1.566270e-01;7.615229e-02;1.277885e-01;2.927227e-02;1.199664e-01;4.097524e-02;3.217933e-02;4.628972e-02
3.725853e-02;1.378577e-02;1.508515e-01;6.814424e-02;1.979440e-01;8.125716e-02;1.451841e-01;2.833123e-02;1.388740e-01;3.960774e-02;2.520370e-02;7.355815e-02
4.323876e-02;3.637843e-02;1.505651e-01;6.845263e-02;2.116951e-01;7.551550e-02;1.042300e-01;2.088674e-02;1.182507e-01;6.057353e-02;2.068417e-02;8.952925e-02
4.813311e-02;6.318914e-02;1.739177e-01;6.605452e-02;1.932590e-01;6.503835e-02;5.513333e-02;4.734914e-02;7.948517e-02;9.880124e-02;2.989177e-02;7.974745e-02
5.811157e-02;6.870110e-02;1.715804e-01;6.760880e-02;1.317173e-01;6.114617e-02;5.604573e-02;7.872164e-02;6.554040e-02;1.078203e-01;7.071931e-02;6.228729e-02
5.542950e-02;4.975317e-02;1.127128e-01;6.826092e-02;1.053787e-01;5.811936e-02;1.089810e-01;1.062958e-01;8.327217e-02;7.581540e-02;1.212379e-01;5.474325e-02
6.147779e-02;3.525511e-02;1.249992e-01;7.909340e-02;8.869510e-02;6.394961e-02;1.229502e-01;1.211971e-01;8.776756e-02;3.492241e-02;1.383242e-01;4.136840e-02
8.573578e-02;1.694370e-02;1.548526e-01;7.816476e-02;8.450574e-02;6.736800e-02;1.528693e-01;9.111730e-02;4.055486e-02;9.529844e-02;1.011638e-01;3.142564e-02
8.606713e-02;2.347637e-02;1.581669e-01;5.575904e-02;8.814428e-02;5.722028e-02;1.626861e-01;8.223987e-02;3.898364e-02;1.379379e-01;5.438361e-02;5.493487e-02
6.552596e-02;6.510123e-02;1.290511e-01;4.986736e-02;5.729192e-02;4.860902e-02;9.945340e-02;1.022724e-01;1.247606e-01;1.006025e-01;5.199933e-02;1.054651e-01
9.726777e-02;8.917930e-02;1.139895e-01;7.588290e-02;3.597089e-02;5.220024e-02;3.982422e-02;7.540102e-02;1.747686e-01;6.014721e-02;8.943725e-02;9.593111e-02
1.335140e-01;7.800020e-02;1.358027e-01;7.154823e-02;3.856769e-02;3.416831e-02;5.879637e-02;8.816862e-02;1.106145e-01;7.777110e-02;9.632879e-02;7.671960e-02
1.232695e-01;8.156313e-02;1.223868e-01;6.545533e-02;2.715513e-02;3.744465e-02;6.887683e-02;9.144519e-02;1.008515e-01;1.051713e-01;7.734816e-02;9.903251e-02
9.379034e-02;9.580532e-02;7.828606e-02;7.290442e-02;2.247954e-02;3.414424e-02;9.842882e-02;5.437320e-02;1.176036e-01;1.222264e-01;6.690490e-02;1.430531e-01
8.688158e-02;9.329477e-02;7.207543e-02;6.036694e-02;5.802284e-02;2.278010e-02;1.004182e-01;9.552657e-02;1.124720e-01;9.965202e-02;6.106118e-02;1.374484e-01
6.292500e-02;7.615323e-02;8.079217e-02;4.739022e-02;8.545915e-02;4.306204e-02;6.226820e-02;1.130565e-01;1.478750e-01;9.598278e-02;8.868995e-02;9.634575e-02
8.206642e-02;4.010937e-02;1.392967e-01;4.407145e-02;6.094689e-02;6.672715e-02;3.921700e-02;7.256795e-02;1.556465e-01;1.053791e-01;1.375931e-01;5.637845e-02
1.005918e-01;3.364069e-02;1.858936e-01;3.873341e-02;4.049073e-02;7.206948e-02;3.707769e-02;4.691606e-02;1.370025e-01;1.232974e-01;1.584509e-01;2.583576e-02
1.151141e-01;4.971444e-02;1.734151e-01;2.693183e-02;3.341068e-02;7.750303e-02;3.453808e-02;3.155398e-02;8.112398e-02;1.229896e-01;2.100206e-01;4.368451e-02
1.105813e-01;5.355700e-02;1.590183e-01;2.919955e-02;6.221967e-02;6.268302e-02;3.805935e-02;4.466826e-02;9.367763e-02;1.069754e-01;2.001978e-01;3.916280e-02
9.689776e-02;5.321817e-02;1.398346e-01;4.803406e-02;9.169153e-02;4.890933e-02;6.907628e-02;6.122388e-02;1.297916e-01;8.450477e-02;1.199391e-01;5.687881e-02
7.209070e-02;7.249395e-02;9.235263e-02;5.769682e-02;9.015379e-02;3.303820e-02;9.589393e-02;8.275172e-02;1.235735e-01;7.767976e-02;8.072313e-02;1.215519e-01
7.312739e-02;8.615124e-02;6.150990e-02;5.879593e-02;5.660723e-02;3.640316e-02;1.123515e-01;6.461645e-02;7.752861e-02;7.205651e-02;1.327652e-01;1.680869e-01
8.135156e-02;6.340982e-02;4.620602e-02;5.620709e-02;6.757455e-02;3.012652e-02;1.122861e-01;5.992840e-02;6.552097e-02;1.236023e-01;1.565583e-01;1.372284e-01
7.108726e-02;4.678611e-02;7.895624e-02;6.165676e-02;7.400650e-02;5.433531e-02;1.122742e-01;7.120091e-02;8.354259e-02;1.506662e-01;1.132837e-01;8.220427e-02
9.882998e-02;5.175430e-02;1.433670e-01;8.183447e-02;6.204790e-02;4.558242e-02;8.267900e-02;9.415940e-02;7.854069e-02;7.130877e-02;8.321966e-02;1.066763e-01
1.256645e-01;7.152222e-02;1.430407e-01;7.170391e-02;7.522178e-02;2.883076e-02;4.164353e-02;9.267535e-02;3.516190e-02;3.566735e-02;1.442170e-01;1.346509e-01
1.299024e-01;6.212852e-02;9.936722e-02;6.577705e-02;6.809814e-02;3.767117e-02;3.724368e-02;7.982510e-02;4.598422e-02;3.228434e-02;1.872438e-01;1.544744e-01
1.201523e-01;3.300320e-02;8.721083e-02;4.593267e-02;7.082772e-02;5.736167e-02;6.121200e-02;7.161979e-02;4.207364e-02;3.726283e-02;2.606765e-01;1.126669e-01
9.286948e-02;2.378085e-02;9.860571e-02;3.956234e-02;5.912700e-02;6.497188e-02;9.774691e-02;6.014840e-02;2.945547e-02;6.752095e-02;3.148420e-01;5.136907e-02
7.211383e-02;2.708387e-02;9.613486e-02;3.790894e-02;4.797519e-02;6.188959e-02;1.030773e-01;4.932269e-02;6.634900e-02;8.200341e-02;2.891622e-01;6.697910e-02
7.004937e-02;4.768335e-02;7.102298e-02;5.267521e-02;4.857316e-02;7.710925e-02;8.244067e-02;5.811689e-02;8.606839e-02;8.970337e-02;2.572879e-01;5.926949e-02
5.571388e-02;7.570082e-02;9.420728e-02;7.680102e-02;6.274760e-02;8.184453e-02;6.437776e-02;7.595996e-02;1.112503e-01;7.952680e-02;1.218258e-01;1.000443e-01
5.319773e-02;1.101300e-01;1.119934e-01;8.011512e-02;6.759329e-02;8.404893e-02;4.948475e-02;8.704245e-02;1.312604e-01;5.486457e-02;6.703925e-02;1.032300e-01
7.637358e-02;1.189313e-01;1.302416e-01;6.355649e-02;6.729659e-02;7.520427e-02;5.285164e-02;6.331027e-02;1.295184e-01;6.081474e-02;8.133528e-02;8.056588e-02
8.591332e-02;9.544072e-02;1.322202e-01;7.484962e-02;7.373659e-02;6.787509e-02;5.699398e-02;4.907685e-02;1.039327e-01;6.032023e-02;1.071742e-01;9.246655e-02
1.209506e-01;7.942434e-02;1.038436e-01;7.236683e-02;7.609333e-02;6.089103e-02;5.948863e-02;5.431449e-02;9.333027e-02;8.133815e-02;9.675469e-02;1.012039e-01
8.810642e-02;8.964857e-02;9.092976e-02;2.900570e-02;5.802887e-02;6.339876e-02;6.151156e-02;4.139757e-02;1.439952e-01;1.381229e-01;8.376292e-02;1.120919e-01
4.702871e-02;8.539126e-02;1.441014e-01;3.620164e-02;7.829787e-02;5.570034e-02;8.400582e-02;3.673793e-02;1.481354e-01;1.258685e-01;9.483187e-02;6.369925e-02
5.372108e-02;6.413388e-02;2.078962e-01;4.520832e-02;1.037557e-01;4.269741e-02;7.265583e-02;5.359904e-02;9.673425e-02;7.444449e-02;1.083631e-01;7.679067e-02
5.718595e-02;7.066149e-02;2.917996e-01;4.898816e-02;9.803572e-02;4.591467e-02;6.899488e-02;6.897890e-02;7.807004e-02;2.159299e-02;6.657831e-02;8.319927e-02
4.852768e-02;7.064731e-02;3.212268e-01;5.041758e-02;6.842150e-02;3.430579e-02;6.726462e-02;5.702626e-02;7.033148e-02;3.257431e-02;9.452946e-02;8.472720e-02
6.863282e-02;4.746782e-02;2.624144e-01;6.437533e-02;6.859628e-02;2.410244e-02;3.462628e-02;6.461453e-02;6.824137e-02;7.296958e-02;1.374337e-01;8.652548e-02
8.856674e-02;4.883924e-02;2.321563e-01;6.813163e-02;6.909177e-02;2.501942e-02;7.593794e-02;6.592096e-02;4.767693e-02;8.670521e-02;1.343990e-01;5.755485e-02
1.177533e-01;6.684118e-02;1.968536e-01;7.170042e-02;7.086468e-02;3.747759e-02;7.766230e-02;4.824360e-02;7.188255e-02;6.755311e-02;1.197057e-01;5.346190e-02
9.126250e-02;6.779205e-02;1.738570e-01;8.490846e-02;5.987634e-02;3.408381e-02;5.712701e-02;3.519585e-02;1.218754e-01;4.919235e-02;1.678641e-01;5.696515e-02
6.923578e-02;4.924812e-02;1.842438e-01;1.106104e-01;6.447315e-02;2.696701e-02;6.879313e-02;3.072236e-02;7.935304e-02;4.132016e-02;1.627999e-01;1.122331e-01
5.672969e-02;7.961842e-02;1.411715e-01;9.255876e-02;5.473479e-02;4.243922e-02;1.007906e-01;5.541712e-02;5.578365e-02;7.557487e-02;6.336101e-02;1.818204e-01
6.800611e-02;8.072180e-02;1.205536e-01;7.631960e-02;3.932234e-02;5.049375e-02;8.058571e-02;1.034629e-01;7.498491e-02;8.145855e-02;6.681228e-02;1.572785e-01
1.134313e-01;5.566346e-02;1.018537e-01;4.663843e-02;3.798721e-02;6.461432e-02;8.985656e-02;1.316578e-01;1.064368e-01;7.176718e-02;5.381373e-02;1.262796e-01
1.376264e-01;5.350938e-02;5.637050e-02;3.578483e-02;4.036821e-02;6.695678e-02;9.310623e-02;1.549733e-01;1.529064e-01;8.826407e-02;4.078825e-02;7.934564e-02
1.095674e-01;3.515652e-02;7.047159e-02;6.296935e-02;3.556434e-02;3.226463e-02;8.198751e-02;1.238848e-01;1.521037e-01;1.509334e-01;6.865493e-02;7.644192e-02
7.291797e-02;2.362931e-02;8.705138e-02;5.546382e-02;4.857568e-02;3.565247e-02;6.714576e-02;9.263082e-02;1.468845e-01;2.418535e-01;6.185916e-02;6.633554e-02
