1.563192e-01;1.103936e-01;9.513206e-02;2.943085e-02;3.469445e-02;6.587871e-02;9.193458e-02;1.112990e-01;9.693226e-02;7.734597e-02;5.515059e-02;7.548880e-02
1.478029e-01;7.674193e-02;9.648856e-02;3.958312e-02;2.653084e-02;4.274787e-02;7.806417e-02;9.826311e-02;1.329456e-01;9.439628e-02;5.516355e-02;1.112720e-01
9.850407e-02;5.397509e-02;1.383177e-01;7.365596e-02;4.016457e-02;2.611702e-02;7.156231e-02;5.883998e-02;1.375117e-01;8.601744e-02;1.044692e-01;1.108649e-01
7.837025e-02;6.341986e-02;1.304653e-01;9.558053e-02;4.528976e-02;2.817327e-02;9.523062e-02;4.972669e-02;1.341732e-01;7.947729e-02;1.130395e-01;8.705374e-02
8.762763e-02;7.994978e-02;1.127146e-01;9.814931e-02;7.127363e-02;4.057995e-02;1.203282e-01;5.362433e-02;7.740381e-02;7.881958e-02;9.556533e-02;8.396390e-02
9.782255e-02;8.113226e-02;1.096631e-01;8.474672e-02;8.210057e-02;4.542750e-02;9.286125e-02;3.914497e-02;1.204327e-01;8.042845e-02;7.317698e-02;9.306289e-02
1.261811e-01;7.046960e-02;1.402068e-01;5.163252e-02;7.471181e-02;5.747900e-02;7.161374e-02;7.006490e-02;1.078369e-01;5.543094e-02;5.953121e-02;1.148414e-01
8.454298e-02;5.865362e-02;1.618603e-01;3.751320e-02;5.485944e-02;7.724038e-02;1.196356e-01;7.758725e-02;7.295171e-02;5.003491e-02;7.371201e-02;1.314086e-01
6.751700e-02;9.393607e-02;1.834960e-01;4.185093e-02;4.616246e-02;5.288763e-02;1.116019e-01;6.623784e-02;5.183384e-02;5.529135e-02;8.447041e-02;1.447145e-01
1.118762e-01;9.511043e-02;1.812809e-01;6.496965e-02;6.913666e-02;4.234412e-02;6.871894e-02;7.400684e-02;4.654906e-02;6.445245e-02;4.812071e-02;1.334341e-01
9.093340e-02;1.044274e-01;1.360316e-01;9.397991e-02;9.405150e-02;8.154771e-02;4.085786e-02;7.623056e-02;7.020584e-02;7.237303e-02;3.422121e-02;1.051400e-01
7.045178e-02;8.376370e-02;1.151465e-01;1.186093e-01;6.644657e-02;8.372548e-02;7.765458e-02;6.452491e-02;8.873887e-02;6.683908e-02;6.383551e-02;1.002637e-01
8.758316e-02;5.448329e-02;1.342950e-01;1.038055e-01;7.233328e-02;4.288454e-02;1.187590e-01;5.789835e-02;7.005263e-02;8.597302e-02;6.390040e-02;1.080318e-01
1.085365e-01;6.994554e-02;1.420865e-01;9.184796e-02;6.909340e-02;2.807199e-02;1.350132e-01;5.490736e-02;7.050692e-02;9.154585e-02;5.248490e-02;8.595994e-02
1.134778e-01;6.297144e-02;2.059163e-01;8.525258e-02;6.841186e-02;2.411233e-02;1.345143e-01;6.956547e-02;5.428689e-02;9.897925e-02;3.862126e-02;4.389054e-02
1.106724e-01;1.011966e-01;1.852172e-01;6.667972e-02;7.688846e-02;5.106085e-02;1.215664e-01;5.828604e-02;4.642197e-02;9.713028e-02;3.721499e-02;4.766504e-02
1.347342e-01;1.065605e-01;1.492357e-01;7.172614e-02;8.618984e-02;4.037112e-02;1.250390e-01;4.360965e-02;6.941406e-02;7.726970e-02;4.331192e-02;5.253816e-02
1.042772e-01;7.740442e-02;1.491466e-01;4.888140e-02;5.595475e-02;3.420643e-02;1.547481e-01;6.773733e-02;9.713560e-02;5.757112e-02;1.011801e-01;5.175701e-02
6.469232e-02;7.138986e-02;1.953801e-01;3.319247e-02;3.291750e-02;2.761107e-02;1.793490e-01;1.033394e-01;7.514476e-02;4.730710e-02;8.552553e-02;8.415082e-02
4.321511e-02;6.737022e-02;2.498509e-01;2.079373e-02;2.051325e-02;2.030271e-02;1.916329e-01;1.356856e-01;4.038653e-02;3.208827e-02;6.303862e-02;1.151221e-01
2.292754e-02;4.806067e-02;3.132979e-01;3.995002e-02;1.300311e-02;2.016028e-02;1.635598e-01;1.437599e-01;4.935295e-02;3.044355e-02;2.703735e-02;1.284469e-01
1.166666e-02;2.607629e-02;3.361557e-01;1.047079e-01;1.473136e-02;2.430661e-02;1.263034e-01;1.186313e-01;9.387068e-02;3.482825e-02;9.541409e-03;9.918042e-02
3.964184e-02;1.063496e-02;3.174189e-01;1.722981e-01;1.575021e-02;2.602477e-02;1.028257e-01;9.508996e-02;1.118703e-01;3.142249e-02;1.276818e-02;6.425458e-02
4.469409e-02;2.197307e-02;3.042997e-01;1.800482e-01;2.104722e-02;2.403194e-02;1.173819e-01;8.738471e-02;1.024860e-01;3.021045e-02;1.422611e-02;5.221664e-02
3.901927e-02;3.127332e-02;2.844858e-01;1.486675e-01;2.037591e-02;2.001161e-02;1.585056e-01;9.287699e-02;9.276489e-02;4.504543e-02;2.053640e-02;4.643719e-02
6.735884e-02;4.872077e-02;2.091397e-01;1.042355e-01;3.649938e-02;1.971107e-02;1.681172e-01;9.452017e-02;8.806361e-02;6.547570e-02;4.955635e-02;4.860177e-02
7.788266e-02;8.873201e-02;1.321502e-01;8.278840e-02;5.440359e-02;3.103083e-02;1.231079e-01;9.054203e-02;8.647746e-02;7.743420e-02;1.033233e-01;5.212738e-02
6.081952e-02;1.369780e-01;1.935564e-01;9.842602e-02;5.304481e-02;3.580093e-02;7.744890e-02;4.448058e-02;1.044484e-01;6.478382e-02;9.475302e-02;3.545963e-02
6.700642e-02;1.005646e-01;2.250258e-01;1.316265e-01;4.776357e-02;2.918915e-02;5.593466e-02;5.476214e-02;1.317630e-01;7.307743e-02;4.326306e-02;4.002376e-02
5.879686e-02;1.044634e-01;2.506248e-01;1.087061e-01;3.550898e-02;2.266145e-02;5.337357e-02;1.109591e-01;1.072433e-01;9.272602e-02;2.409863e-02;3.083783e-02
6.947160e-02;1.041186e-01;2.345898e-01;5.759174e-02;4.636573e-02;3.398857e-02;6.779145e-02;1.333742e-01;1.023154e-01;8.845346e-02;1.837049e-02;4.356893e-02
7.979517e-02;8.493868e-02;2.075949e-01;4.230890e-02;4.473990e-02;3.868505e-02;7.574058e-02;1.097951e-01;9.886473e-02;1.009345e-01;5.223951e-02;6.436303e-02
5.776912e-02;6.492136e-02;1.671436e-01;5.475467e-02;5.953297e-02;5.953263e-02;8.313404e-02;8.999296e-02;1.645451e-01;1.117783e-01;3.286570e-02;5.402961e-02
5.498663e-02;4.304145e-02;1.548556e-01;6.165842e-02;6.249864e-02;5.993671e-02;9.133404e-02;8.566346e-02;1.880584e-01;1.033405e-01;3.796650e-02;5.665966e-02
8.179377e-02;7.963581e-02;1.598418e-01;5.258775e-02;4.383349e-02;4.711159e-02;7.922398e-02;7.499304e-02;1.280562e-01;1.107169e-01;5.128509e-02;9.092059e-02
1.006642e-01;7.152452e-02;1.737666e-01;6.389028e-02;5.154453e-02;4.390515e-02;7.374863e-02;5.096102e-02;1.238082e-01;1.009025e-01;6.911799e-02;7.616647e-02
9.576491e-02;8.187852e-02;1.713107e-01;4.574749e-02;6.491970e-02;4.814527e-02;1.461454e-01;6.087251e-02;7.755874e-02;8.623037e-02;6.103494e-02;6.039141e-02
8.188900e-02;8.655875e-02;1.621299e-01;3.412999e-02;7.526869e-02;6.488657e-02;1.920227e-01;6.671157e-02;5.888341e-02;8.598336e-02;4.531031e-02;4.622578e-02
8.571854e-02;1.080303e-01;1.051038e-01;3.242876e-02;9.117826e-02;7.240876e-02;1.777250e-01;8.831121e-02;9.241404e-02;7.829574e-02;4.310570e-02;2.527985e-02
7.595763e-02;1.448903e-01;1.239852e-01;4.549582e-02;9.616657e-02;4.506860e-02;1.087243e-01;1.183293e-01;1.127841e-01;5.297758e-02;4.735243e-02;2.826800e-02
6.412019e-02;1.659601e-01;1.248957e-01;8.349157e-02;6.395798e-02;2.381094e-02;9.738463e-02;1.293934e-01;8.839934e-02;7.681397e-02;3.467828e-02;4.709389e-02
8.079625e-02;1.068373e-01;1.441249e-01;9.659608e-02;8.458219e-02;3.380439e-02;9.141516e-02;1.131098e-01;7.540535e-02;9.550950e-02;4.720207e-02;3.061692e-02
8.948965e-02;9.304944e-02;1.540403e-01;9.537477e-02;8.685724e-02;4.314023e-02;8.912823e-02;1.033431e-01;6.824331e-02;8.701243e-02;5.909509e-02;3.122621e-02
1.027913e-01;9.719366e-02;1.035021e-01;5.620146e-02;8.348559e-02;7.155239e-02;1.062085e-01;1.179655e-01;5.425577e-02;7.457652e-02;7.161204e-02;6.065515e-02
8.141921e-02;6.983271e-02;1.044402e-01;6.183789e-02;5.120998e-02;9.448095e-02;1.433040e-01;8.736292e-02;9.553506e-02;8.701713e-02;6.368951e-02;5.987040e-02
1.188076e-01;1.042715e-01;1.220677e-01;8.095848e-02;4.910342e-02;9.844818e-02;8.332367e-02;8.758388e-02;8.680296e-02;8.129739e-02;5.414796e-02;3.318711e-02
1.351305e-01;9.736452e-02;1.557297e-01;6.714046e-02;6.062325e-02;8.469521e-02;5.739895e-02;8.352359e-02;8.813987e-02;6.197206e-02;4.845618e-02;5.982576e-02
1.089817e-01;6.966281e-02;1.893027e-01;5.933617e-02;5.521986e-02;5.407183e-02;8.307005e-02;8.091893e-02;1.160020e-01;5.992096e-02;4.781476e-02;7.569826e-02
9.641103e-02;7.156041e-02;1.871349e-01;7.743429e-02;5.637108e-02;3.941947e-02;9.941314e-02;7.802732e-02;1.323029e-01;4.150973e-02;5.921869e-02;6.119697e-02
7.932564e-02;5.985959e-02;1.544588e-01;1.085854e-01;5.923335e-02;2.821174e-02;1.012827e-01;5.418896e-02;1.834131e-01;6.119101e-02;6.617857e-02;4.407105e-02
5.748223e-02;4.689354e-02;9.686134e-02;1.438138e-01;5.371749e-02;4.172304e-02;7.508925e-02;4.878733e-02;2.727866e-01;6.612896e-02;6.024534e-02;3.647106e-02
3.792278e-02;3.145933e-02;1.159575e-01;1.683234e-01;2.506772e-02;4.689223e-02;4.242546e-02;4.556411e-02;3.706070e-01;3.715094e-02;4.732345e-02;3.130597e-02
3.941941e-02;2.540544e-02;1.910242e-01;1.212528e-01;1.914876e-02;4.616751e-02;3.878393e-02;9.972209e-02;2.917686e-01;2.667949e-02;3.457655e-02;6.605124e-02
2.902019e-02;3.107204e-02;2.546807e-01;6.762311e-02;1.381715e-02;4.726692e-02;5.310538e-02;1.526405e-01;1.799387e-01;2.344955e-02;2.494908e-02;1.224366e-01
3.812936e-02;2.962462e-02;2.782798e-01;4.425677e-02;1.423208e-02;4.174420e-02;8.442254e-02;1.619237e-01;1.215513e-01;2.961744e-02;2.097509e-02;1.352432e-01
6.619200e-02;4.304547e-02;2.392718e-01;6.350713e-02;2.742650e-02;3.171803e-02;1.046373e-01;1.345997e-01;1.293512e-01;3.536176e-02;1.759729e-02;1.072919e-01
8.035400e-02;4.973642e-02;1.502364e-01;8.447267e-02;4.277337e-02;3.824380e-02;1.426488e-01;1.567476e-01;1.245359e-01;3.385470e-02;2.726649e-02;6.912981e-02
6.227436e-02;2.973823e-02;1.330662e-01;7.979325e-02;3.965402e-02;3.693926e-02;1.130177e-01;2.184240e-01;1.726326e-01;3.062939e-02;3.235705e-02;5.147399e-02
6.360455e-02;3.046722e-02;2.082095e-01;6.485707e-02;2.794837e-02;2.050172e-02;6.167762e-02;1.631244e-01;2.424313e-01;4.122516e-02;2.433840e-02;5.161473e-02
4.326255e-02;2.574516e-02;2.698119e-01;1.146176e-01;4.585966e-02;2.554448e-02;5.337764e-02;7.489620e-02;2.068029e-01;3.325863e-02;3.035364e-02;7.646959e-02
4.192064e-02;4.360679e-02;2.755083e-01;1.327361e-01;4.139498e-02;3.491482e-02;4.858189e-02;8.129681e-02;1.435840e-01;4.098579e-02;1.675402e-02;9.871585e-02
6.665952e-02;5.078750e-02;2.187620e-01;9.877927e-02;3.272666e-02;5.827561e-02;8.577382e-02;1.520178e-01;8.321366e-02;4.443832e-02;3.735826e-02;7.120762e-02
1.080456e-01;6.065987e-02;1.379674e-01;7.154458e-02;5.064914e-02;4.543836e-02;1.219250e-01;1.069441e-01;6.210645e-02;7.767498e-02;6.771704e-02;8.932742e-02
1.095665e-01;7.225497e-02;1.444841e-01;7.357623e-02;5.470446e-02;4.670285e-02;1.269662e-01;6.137212e-02;5.348863e-02;9.333321e-02;7.115391e-02;9.239677e-02
8.828277e-02;6.486655e-02;1.519922e-01;8.801374e-02;5.540700e-02;4.666852e-02;1.245352e-01;3.752453e-02;1.105821e-01;1.032277e-01;3.511134e-02;9.378848e-02
1.044620e-01;5.968874e-02;1.228962e-01;5.826763e-02;4.818835e-02;5.897247e-02;1.347047e-01;6.357933e-02;6.703710e-02;7.476520e-02;1.009545e-01;1.064839e-01
1.002937e-01;6.044382e-02;1.312264e-01;5.005209e-02;5.564415e-02;6.156938e-02;1.485671e-01;7.283163e-02;4.443471e-02;5.627754e-02;1.095234e-01;1.091361e-01
7.637689e-02;7.629121e-02;1.414411e-01;4.926386e-02;5.300569e-02;5.946982e-02;1.394223e-01;8.359641e-02;9.324974e-02;3.079929e-02;1.003894e-01;9.669428e-02
6.316300e-02;7.821397e-02;1.459431e-01;7.333624e-02;5.051321e-02;6.451903e-02;1.058344e-01;9.158534e-02;1.558727e-01;3.336490e-02;7.074516e-02;6.690892e-02
3.714513e-02;5.620798e-02;2.178456e-01;8.034668e-02;3.791290e-02;6.769774e-02;3.584342e-02;1.696709e-01;1.686358e-01;3.901285e-02;2.287246e-02;6.680856e-02
1.605505e-02;3.385202e-02;2.574143e-01;4.574865e-02;1.611969e-02;4.354000e-02;9.742384e-02;2.318969e-01;9.711850e-02;3.691996e-02;3.750743e-02;8.640364e-02
2.075109e-02;5.651010e-02;2.500133e-01;2.066443e-02;2.746029e-02;2.331095e-02;1.668608e-01;2.108928e-01;5.077311e-02;3.157530e-02;6.618715e-02;7.500061e-02
4.594148e-02;1.089788e-01;1.511310e-01;1.037141e-02;4.986871e-02;2.407774e-02;2.755468e-01;1.039939e-01;4.403648e-02;3.218703e-02;1.140560e-01;3.981058e-02
6.566667e-02;1.108596e-01;1.040106e-01;2.008097e-02;5.316950e-02;4.554506e-02;2.626010e-01;1.030379e-01;5.545576e-02;4.091439e-02;1.053489e-01;3.330971e-02
7.700906e-02;9.228448e-02;1.037590e-01;4.806947e-02;5.104572e-02;6.180592e-02;2.167759e-01;1.031565e-01;8.767351e-02;4.830265e-02;6.569796e-02;4.441978e-02
7.609925e-02;9.977644e-02;7.051764e-02;8.232969e-02;6.476232e-02;4.928284e-02;1.385560e-01;6.451026e-02;1.397055e-01;1.098644e-01;7.799943e-02;2.659623e-02
7.811659e-02;9.812859e-02;1.201453e-01;7.421287e-02;5.344839e-02;6.442460e-02;1.148044e-01;1.757398e-02;1.532918e-01;1.053771e-01;8.574008e-02;3.473633e-02
7.394589e-02;9.247672e-02;1.235793e-01;6.992224e-02;5.690776e-02;6.426155e-02;9.380942e-02;2.904268e-02;1.632529e-01;8.001544e-02;8.064510e-02;7.214093e-02
5.724419e-02;1.149798e-01;9.402720e-02;6.141564e-02;7.077816e-02;4.762735e-02;8.514845e-02;6.346798e-02;1.928082e-01;4.759211e-02;5.799525e-02;1.069156e-01
7.949398e-02;1.130768e-01;1.209069e-01;3.561794e-02;4.699536e-02;2.351272e-02;1.599701e-01;6.352203e-02;1.581874e-01;5.904932e-02;6.736047e-02;7.230699e-02
9.297019e-02;1.256719e-01;1.156081e-01;2.758343e-02;4.311367e-02;2.925447e-02;2.177569e-01;3.394819e-02;9.175234e-02;4.747128e-02;1.116569e-01;6.321265e-02
8.252662e-02;1.282261e-01;7.145530e-02;3.497954e-02;3.780315e-02;3.951124e-02;2.377424e-01;5.897240e-02;6.890219e-02;5.844136e-02;1.034374e-01;7.800234e-02
1.457091e-01;9.445544e-02;5.261564e-02;5.076094e-02;6.399017e-02;7.097749e-02;1.867375e-01;5.498980e-02;4.568038e-02;5.813793e-02;7.211462e-02;1.038310e-01
1.691207e-01;7.341760e-02;9.121340e-02;6.778947e-02;8.792745e-02;6.938087e-02;1.088583e-01;4.738715e-02;5.875049e-02;4.970530e-02;5.421291e-02;1.222364e-01
1.707563e-01;6.017249e-02;1.334778e-01;7.538687e-02;1.050017e-01;5.182799e-02;7.189627e-02;5.161505e-02;5.732796e-02;3.972372e-02;4.168623e-02;1.411276e-01
1.746903e-01;7.677741e-02;1.239228e-01;6.437571e-02;1.005462e-01;5.025029e-02;8.117622e-02;3.973952e-02;6.707308e-02;4.154608e-02;3.029692e-02;1.496055e-01
1.357587e-01;1.084903e-01;1.343401e-01;5.250427e-02;6.965268e-02;3.679689e-02;6.387307e-02;3.712598e-02;1.269951e-01;6.328689e-02;4.272345e-02;1.284526e-01
1.262258e-01;1.094525e-01;1.640785e-01;5.319700e-02;5.859678e-02;4.096498e-02;6.777817e-02;5.983739e-02;1.078405e-01;6.224726e-02;6.607308e-02;8.370804e-02
1.124471e-01;7.086859e-02;1.673852e-01;5.301074e-02;6.669465e-02;6.445909e-02;1.021056e-01;5.632142e-02;9.484526e-02;7.392514e-02;7.006682e-02;6.787036e-02
8.095008e-02;7.790214e-02;2.036922e-01;4.839173e-02;6.772830e-02;7.514831e-02;1.051781e-01;3.152834e-02;1.356590e-01;7.469361e-02;6.603199e-02;3.309623e-02
6.152580e-02;8.614928e-02;2.294935e-01;4.746579e-02;5.029800e-02;7.833339e-02;9.473191e-02;4.455847e-02;1.370362e-01;8.101085e-02;5.450288e-02;3.489387e-02
7.946420e-02;8.058845e-02;1.985525e-01;4.860869e-02;5.478773e-02;6.804407e-02;7.746948e-02;6.423970e-02;1.219858e-01;8.759485e-02;3.633010e-02;8.233440e-02
8.767208e-02;8.451580e-02;1.745968e-01;3.027522e-02;5.806443e-02;5.892218e-02;8.147867e-02;8.498788e-02;5.920941e-02;1.440311e-01;3.154317e-02;1.047032e-01
1.197337e-01;8.423759e-02;1.462148e-01;4.252379e-02;4.557519e-02;7.323196e-02;6.521121e-02;7.281224e-02;9.345615e-02;1.437921e-01;3.764874e-02;7.556254e-02
1.437984e-01;1.038988e-01;1.162136e-01;5.946509e-02;7.301350e-02;6.723762e-02;6.011146e-02;5.662546e-02;1.382596e-01;9.345362e-02;2.894280e-02;5.897998e-02
1.314551e-01;9.748298e-02;1.465003e-01;6.203366e-02;9.060087e-02;4.523248e-02;6.725657e-02;5.739481e-02;1.320613e-01;3.866800e-02;6.195786e-02;6.935611e-02
1.210660e-01;7.176123e-02;1.651631e-01;9.991305e-02;8.072331e-02;4.899636e-02;8.814920e-02;6.651114e-02;8.994620e-02;4.225563e-02;6.644164e-02;5.907311e-02
1.179757e-01;8.509418e-02;1.886217e-01;8.716666e-02;6.149315e-02;7.153549e-02;1.061592e-01;7.144305e-02;7.120008e-02;3.566824e-02;5.023922e-02;5.340324e-02
1.006904e-01;1.049918e-01;1.442276e-01;6.158890e-02;6.903696e-02;4.886581e-02;9.869120e-02;8.241587e-02;1.245190e-01;4.970804e-02;3.974959e-02;7.551475e-02
1.103010e-01;1.152247e-01;1.100324e-01;9.578650e-02;6.695772e-02;3.812606e-02;8.042142e-02;6.612074e-02;1.451637e-01;6.027232e-02;5.209187e-02;5.950158e-02
1.289815e-01;1.563034e-01;1.478466e-01;1.071525e-01;4.784774e-02;6.300093e-02;7.033979e-02;3.567828e-02;1.200386e-01;6.282676e-02;3.488037e-02;2.510351e-02
9.295874e-02;1.536482e-01;1.552456e-01;8.507344e-02;4.875203e-02;7.005759e-02;9.574715e-02;3.380186e-02;8.828206e-02;8.171530e-02;5.578159e-02;3.893646e-02
6.315664e-02;1.153552e-01;1.421580e-01;8.842173e-02;6.125695e-02;6.477824e-02;9.657179e-02;6.483708e-02;1.242989e-01;8.314344e-02;6.526215e-02;3.075981e-02
5.639611e-02;1.186684e-01;1.403966e-01;7.807864e-02;8.473675e-02;6.250975e-02;5.566930e-02;7.646880e-02;1.449473e-01;9.126578e-02;5.983764e-02;3.102486e-02
1.251128e-01;1.357792e-01;1.312324e-01;5.933436e-02;6.785890e-02;2.839290e-02;5.288064e-02;5.583419e-02;1.445862e-01;1.034879e-01;3.480973e-02;6.069075e-02
1.253165e-01;1.085195e-01;1.150269e-01;5.691728e-02;6.425365e-02;4.467138e-02;5.156385e-02;5.257662e-02;1.289932e-01;1.223250e-01;6.832301e-02;6.151307e-02
1.155822e-01;9.746879e-02;1.191001e-01;5.633831e-02;7.052550e-02;5.832665e-02;6.058949e-02;6.119202e-02;9.952436e-02;1.410358e-01;6.864271e-02;5.167411e-02
9.166660e-02;9.955186e-02;1.179386e-01;6.071272e-02;5.738106e-02;5.830977e-02;8.630913e-02;6.181251e-02;1.619165e-01;1.046074e-01;4.574282e-02;5.405106e-02
9.719318e-02;9.769852e-02;1.137978e-01;5.671050e-02;5.705388e-02;6.290875e-02;8.526728e-02;6.520037e-02;2.100769e-01;6.911369e-02;2.687578e-02;5.810338e-02
1.002554e-01;7.196648e-02;1.203576e-01;6.897633e-02;7.108378e-02;4.651380e-02;9.132389e-02;6.968303e-02;1.944349e-01;8.289181e-02;4.345737e-02;3.905556e-02
8.607030e-02;8.443985e-02;9.634222e-02;1.103699e-01;6.493009e-02;5.945962e-02;6.350891e-02;6.552606e-02;1.280417e-01;1.152104e-01;5.765879e-02;6.844208e-02
9.086468e-02;8.541303e-02;9.021148e-02;8.489874e-02;5.565929e-02;5.289856e-02;4.614015e-02;6.002769e-02;1.257640e-01;1.403582e-01;7.836781e-02;8.939636e-02
8.012854e-02;7.250547e-02;1.243356e-01;5.758289e-02;3.631466e-02;4.769987e-02;6.748783e-02;6.015177e-02;1.484764e-01;1.281260e-01;8.535864e-02;9.183234e-02
4.656719e-02;8.415255e-02;1.334781e-01;5.730566e-02;4.004382e-02;4.512039e-02;8.894644e-02;8.776946e-02;1.102492e-01;1.568187e-01;5.733158e-02;9.221687e-02
3.574505e-02;9.456390e-02;7.627359e-02;5.650584e-02;3.923713e-02;4.958950e-02;8.954573e-02;9.453440e-02;1.716957e-01;2.133514e-01;1.486889e-02;6.408885e-02
5.466966e-02;7.681691e-02;6.945521e-02;4.845685e-02;2.742394e-02;4.357838e-02;8.398417e-02;1.126700e-01;2.332325e-01;1.829635e-01;3.313493e-02;3.361388e-02
6.419893e-02;7.950156e-02;8.192459e-02;4.545134e-02;2.779233e-02;5.277435e-02;1.108929e-01;1.294884e-01;2.048108e-01;1.213877e-01;4.678542e-02;3.499167e-02
8.858731e-02;8.519772e-02;9.331024e-02;6.772757e-02;5.706722e-02;7.052834e-02;1.236338e-01;1.268194e-01;1.323659e-01;8.148812e-02;5.401269e-02;1.926172e-02
4.548967e-02;3.693121e-02;9.887410e-02;4.291092e-02;1.055629e-01;9.361673e-02;3.147402e-01;6.158839e-02;7.664954e-02;6.282131e-02;2.932251e-02;3.149240e-02
2.174546e-02;2.789213e-02;2.437710e-01;2.925647e-02;1.158194e-01;8.382811e-02;3.373718e-01;2.885005e-02;3.272570e-02;4.362958e-02;2.027678e-02;1.483348e-02
1.127955e-02;3.575572e-02;3.703433e-01;3.580412e-02;9.507459e-02;5.964991e-02;2.670572e-01;1.927219e-02;2.592904e-02;4.300930e-02;2.182470e-02;1.500045e-02
1.614217e-02;4.357096e-02;5.413608e-01;3.781639e-02;5.790869e-02;3.689529e-02;1.531892e-01;1.427736e-02;2.567660e-02;4.392987e-02;1.559039e-02;1.364234e-02
1.525275e-02;4.186632e-02;7.215090e-01;3.772218e-02;1.681121e-02;1.460872e-02;5.227308e-02;8.650125e-03;2.465247e-02;5.158195e-02;6.237675e-03;8.834510e-03
1.147711e-02;2.784514e-02;7.553905e-01;4.171142e-02;3.556176e-02;1.043093e-02;2.705591e-02;6.219495e-03;8.587989e-03;6.629910e-02;5.652408e-03;3.768310e-03
1.266966e-02;2.031909e-02;7.379692e-01;5.825065e-02;4.636068e-02;7.899484e-03;2.205078e-02;2.240314e-03;8.537084e-03;6.193008e-02;1.957032e-02;2.202635e-03
6.702191e-03;1.706647e-02;6.467460e-01;6.765579e-02;8.973022e-02;3.031464e-02;4.222259e-02;7.165054e-03;1.030892e-02;3.787329e-02;3.810567e-02;6.109214e-03
8.160147e-03;1.132956e-02;3.914310e-01;5.940807e-02;1.494925e-01;7.924856e-02;2.091906e-01;1.289832e-02;9.848213e-03;2.473994e-02;3.364498e-02;1.060814e-02
1.088730e-02;7.467394e-03;1.556490e-01;3.088165e-02;1.120862e-01;9.195298e-02;5.007487e-01;2.964271e-02;1.541283e-02;2.440584e-02;1.152739e-02;9.337980e-03
7.490455e-03;7.305421e-03;7.301420e-02;1.164510e-02;4.113131e-02;5.198590e-02;7.057884e-01;5.278809e-02;1.970763e-02;1.967472e-02;4.137291e-03;5.331474e-03
9.582430e-03;7.679852e-03;4.869558e-02;4.859266e-03;1.541142e-02;2.554793e-02;7.655451e-01;7.244637e-02;2.884696e-02;1.284879e-02;3.617600e-03;4.918745e-03
8.425310e-03;9.832595e-03;2.804333e-02;5.918904e-03;1.064922e-02;1.742498e-02;7.610828e-01;9.003858e-02;3.840311e-02;2.177394e-02;4.905683e-03;3.501625e-03
1.298030e-02;1.197920e-02;3.253570e-02;6.547671e-03;8.481353e-03;1.031856e-02;7.062616e-01;1.062850e-01;5.314456e-02;4.044770e-02;6.152567e-03;4.865686e-03
2.465640e-02;1.651912e-02;4.034928e-02;1.864093e-02;1.688957e-02;1.769165e-02;5.971867e-01;1.194310e-01;7.474188e-02;5.476878e-02;1.194300e-02;7.181668e-03
1.789646e-02;2.049775e-02;6.561553e-02;2.207039e-02;1.139234e-02;1.432795e-02;5.529622e-01;1.494340e-01;8.501442e-02;4.336370e-02;8.240541e-03;9.184689e-03
5.939276e-03;1.454332e-02;6.758936e-02;8.204018e-03;6.490997e-03;1.910478e-02;6.450573e-01;1.371802e-01;5.187858e-02;3.052367e-02;7.406386e-03;6.082130e-03
4.758514e-03;2.292961e-02;4.544897e-02;2.736496e-03;1.295128e-02;2.713095e-02;7.410362e-01;8.512948e-02;3.329698e-02;1.746114e-02;3.691566e-03;3.428774e-03
5.748163e-03;3.514907e-02;1.763590e-02;2.472714e-03;2.113207e-02;4.705377e-02;7.730730e-01;6.202273e-02;2.105884e-02;7.034818e-03;4.326083e-03;3.292930e-03
2.198684e-02;3.565383e-02;1.549983e-02;6.957305e-03;4.799655e-02;8.868425e-02;6.855523e-01;5.635359e-02;1.841966e-02;9.677444e-03;7.548837e-03;5.669594e-03
6.778132e-02;3.777583e-02;4.894252e-02;1.401118e-02;1.190731e-01;1.576538e-01;4.330909e-01;4.474459e-02;2.454272e-02;2.470438e-02;1.604066e-02;1.163903e-02
9.347502e-02;2.133004e-02;5.586360e-02;2.154697e-02;2.184984e-01;2.077046e-01;2.827018e-01;2.130864e-02;2.109738e-02;2.890297e-02;1.128292e-02;1.628762e-02
4.877586e-02;7.776850e-03;6.232369e-02;1.951965e-02;2.549933e-01;1.831192e-01;3.419053e-01;1.680119e-02;1.194351e-02;9.225884e-03;6.701484e-03;3.691414e-02
2.394481e-02;1.125410e-02;1.073946e-01;2.520196e-02;2.988205e-01;1.839988e-01;2.661991e-01;6.372580e-03;1.727857e-02;5.545330e-03;4.261805e-03;4.972775e-02
1.614027e-02;1.068509e-02;1.134479e-01;3.126838e-02;3.028931e-01;1.758385e-01;2.441969e-01;8.385357e-03;2.280573e-02;6.132594e-03;5.696287e-03;6.250986e-02
3.521985e-02;2.218094e-02;1.469820e-01;4.198524e-02;2.782973e-01;1.548539e-01;1.946512e-01;1.005039e-02;2.721864e-02;1.119978e-02;9.719647e-03;6.764126e-02
4.770534e-02;3.567617e-02;1.854330e-01;3.982901e-02;2.635292e-01;1.351239e-01;1.400683e-01;1.524936e-02;3.379678e-02;1.469965e-02;1.160166e-02;7.728760e-02
4.260787e-02;3.632551e-02;2.298128e-01;4.996960e-02;2.319945e-01;1.243640e-01;8.627045e-02;2.044334e-02;1.940585e-02;3.710548e-02;3.014553e-02;9.155507e-02
2.981235e-02;5.330705e-02;1.467460e-01;3.601794e-02;1.579962e-01;9.424717e-02;1.660084e-01;4.176062e-02;8.473366e-02;5.899662e-02;3.973453e-02;9.063955e-02
4.291460e-02;5.264471e-02;9.260530e-02;2.945320e-02;1.413461e-01;7.687513e-02;1.460481e-01;4.467241e-02;1.464279e-01;6.809698e-02;4.019025e-02;1.187253e-01
4.688258e-02;4.656940e-02;1.114354e-01;3.439324e-02;1.176489e-01;5.325038e-02;9.761199e-02;6.612064e-02;1.616360e-01;6.566673e-02;6.347058e-02;1.353142e-01
5.490075e-02;3.492683e-02;1.624799e-01;4.136907e-02;7.909711e-02;3.802380e-02;1.578356e-01;6.490212e-02;1.312465e-01;5.402171e-02;7.214548e-02;1.090512e-01
6.352451e-02;5.826761e-02;2.476133e-01;5.051346e-02;5.118202e-02;3.455189e-02;1.692638e-01;7.620198e-02;7.402200e-02;3.607275e-02;8.141011e-02;5.737651e-02
4.755989e-02;8.724447e-02;3.286571e-01;5.285360e-02;3.889212e-02;4.185627e-02;1.450228e-01;5.952540e-02;7.331735e-02;4.703173e-02;5.805738e-02;1.998196e-02
3.786594e-02;1.011689e-01;4.182136e-01;4.479707e-02;2.499694e-02;4.753814e-02;9.680434e-02;1.953437e-02;1.108407e-01;3.849622e-02;2.337713e-02;3.636662e-02
3.583574e-02;9.767343e-02;4.414136e-01;4.253474e-02;3.069304e-02;5.892443e-02;3.466349e-02;3.253933e-02;1.032066e-01;3.254387e-02;3.043667e-02;5.953505e-02
5.556935e-02;8.876795e-02;3.752970e-01;3.825284e-02;4.060689e-02;6.910559e-02;9.261985e-02;3.768463e-02;7.932504e-02;4.034282e-02;2.679373e-02;5.563438e-02
8.451424e-02;1.204572e-01;2.957654e-01;3.451368e-02;5.160657e-02;6.687899e-02;9.825014e-02;4.392362e-02;9.438869e-02;5.178174e-02;2.037464e-02;3.754503e-02
1.254411e-01;1.206191e-01;1.989741e-01;3.158775e-02;8.152937e-02;6.509825e-02;1.088020e-01;6.838236e-02;9.378227e-02;5.134026e-02;2.791707e-02;2.652650e-02
1.621334e-01;1.128741e-01;1.756113e-01;2.686062e-02;1.128248e-01;5.805236e-02;1.005877e-01;8.582630e-02;7.101464e-02;3.612019e-02;3.629471e-02;2.179990e-02
1.702532e-01;9.914852e-02;1.518791e-01;3.657708e-02;1.259728e-01;6.799715e-02;9.778395e-02;1.017475e-01;3.381992e-02;3.102945e-02;5.224078e-02;3.155062e-02
1.662799e-01;8.474670e-02;1.288973e-01;3.601983e-02;1.263410e-01;7.483058e-02;8.662040e-02;1.124852e-01;3.529384e-02;2.483433e-02;8.316581e-02;4.048511e-02
1.716543e-01;6.667199e-02;1.066356e-01;3.160650e-02;1.127730e-01;5.838579e-02;7.667410e-02;1.267127e-01;5.862141e-02;1.806381e-02;1.167798e-01;5.542105e-02
1.749693e-01;4.627267e-02;1.010086e-01;3.167819e-02;8.589359e-02;2.926902e-02;7.658426e-02;1.426953e-01;8.284227e-02;3.720192e-02;1.292027e-01;6.238225e-02
1.598086e-01;3.299658e-02;8.390006e-02;3.784928e-02;6.105275e-02;2.032869e-02;1.102053e-01;1.478994e-01;8.758974e-02;8.451042e-02;1.106415e-01;6.321765e-02
1.136957e-01;5.557193e-02;5.748711e-02;5.491173e-02;4.664844e-02;3.203605e-02;1.571963e-01;9.510128e-02;4.883919e-02;1.345611e-01;1.115814e-01;9.236977e-02
6.674480e-02;1.017022e-01;5.408444e-02;6.415557e-02;3.503511e-02;3.133485e-02;1.785174e-01;2.440731e-02;9.151241e-02;1.438787e-01;7.218795e-02;1.364391e-01
4.945317e-02;1.119501e-01;6.222235e-02;4.704489e-02;2.590867e-02;4.150123e-02;1.366111e-01;3.640087e-02;1.331070e-01;1.028962e-01;1.088326e-01;1.440719e-01
6.254379e-02;8.383017e-02;5.597645e-02;3.729816e-02;1.984684e-02;6.016691e-02;1.049845e-01;3.441030e-02;9.506228e-02;7.602693e-02;1.723900e-01;1.974636e-01
3.559760e-02;4.652452e-02;3.319833e-02;4.000453e-02;9.980656e-03;6.343767e-02;1.575807e-01;4.119409e-02;4.115917e-02;4.441313e-02;1.886095e-01;2.983001e-01
8.312533e-03;1.897820e-02;4.945282e-02;1.570209e-02;1.009265e-02;6.992021e-02;1.732167e-01;2.788420e-02;4.626931e-02;2.836420e-02;2.419809e-01;3.098261e-01
2.338886e-02;2.299235e-02;2.275004e-02;3.008726e-02;1.264698e-02;6.710877e-02;2.051325e-01;2.854991e-02;3.879761e-02;3.422919e-02;2.013968e-01;3.129197e-01
2.327504e-02;1.860442e-02;3.949573e-02;3.565222e-02;1.309598e-02;8.495628e-02;2.216329e-01;3.329160e-02;2.112875e-02;2.307118e-02;1.834256e-01;3.023703e-01
1.925544e-02;1.178563e-02;6.259493e-02;2.841933e-02;2.475970e-02;1.322789e-01;1.959280e-01;2.402577e-02;2.972342e-02;2.142820e-02;2.059030e-01;2.438976e-01
3.426839e-02;1.873640e-02;9.746801e-02;3.144912e-02;5.120248e-02;1.566512e-01;1.529341e-01;2.492399e-02;4.715166e-02;3.085210e-02;1.976766e-01;1.566860e-01
4.903571e-02;2.519094e-02;1.309740e-01;4.370447e-02;6.216463e-02;1.553145e-01;1.104689e-01;2.828866e-02;5.245646e-02;4.829678e-02;1.838301e-01;1.102748e-01
5.334393e-02;2.177590e-02;1.488786e-01;4.081291e-02;5.309572e-02;1.601635e-01;6.194411e-02;2.343561e-02;3.460517e-02;8.387180e-02;2.172448e-01;1.008279e-01
5.781449e-02;1.706213e-02;1.016879e-01;3.179347e-02;4.200149e-02;1.455039e-01;6.002864e-02;3.973607e-02;3.019056e-02;1.121755e-01;2.749310e-01;8.707483e-02
7.597607e-02;3.399187e-02;9.615868e-02;2.782864e-02;3.125994e-02;1.052229e-01;6.360493e-02;3.318111e-02;4.369710e-02;1.378028e-01;2.611402e-01;9.013585e-02
8.609051e-02;8.977017e-02;9.549201e-02;4.831267e-02;3.849766e-02;5.192389e-02;1.072217e-01;5.712835e-02;5.558480e-02;1.335584e-01;1.763951e-01;6.002477e-02
9.267118e-02;9.235609e-02;9.978194e-02;4.980076e-02;6.077714e-02;4.572614e-02;1.107989e-01;6.013861e-02;4.834593e-02;1.451057e-01;1.442533e-01;5.024423e-02
6.491639e-02;5.811501e-02;6.828597e-02;3.718926e-02;6.195379e-02;9.871829e-02;7.696514e-02;3.463781e-02;4.235054e-02;1.711095e-01;2.280713e-01;5.768690e-02
7.430549e-02;2.705626e-02;4.158051e-02;2.909939e-02;7.713723e-02;1.218580e-01;4.987417e-02;2.191201e-02;1.958254e-02;2.022600e-01;2.691921e-01;6.614224e-02
5.603915e-02;5.149463e-02;3.143903e-02;4.096139e-02;1.305938e-01;9.071697e-02;3.595950e-02;2.695658e-02;3.631404e-02;2.564629e-01;1.901840e-01;5.287800e-02
4.292300e-02;5.102671e-02;5.693229e-02;9.650207e-02;1.347313e-01;5.558578e-02;6.122270e-02;3.936652e-02;8.930286e-02;2.352308e-01;1.038825e-01;3.329350e-02
5.965520e-02;2.975145e-02;1.010936e-01;1.498868e-01;7.178456e-02;4.893750e-02;7.329770e-02;5.898998e-02;1.475404e-01;1.519059e-01;7.628945e-02;3.086744e-02
4.462766e-02;1.777619e-02;2.070953e-01;1.435935e-01;4.530726e-02;5.155323e-02;8.944428e-02;7.249818e-02;1.401799e-01;1.013299e-01;5.565036e-02;3.094419e-02
3.235088e-02;2.500879e-02;3.415273e-01;8.132598e-02;3.444084e-02;4.774023e-02;1.086199e-01;8.917196e-02;8.504827e-02;8.008702e-02;4.061059e-02;3.406822e-02
4.294408e-02;4.246850e-02;3.481723e-01;3.279779e-02;6.221287e-02;4.357071e-02;1.226953e-01;8.946838e-02;6.511249e-02;6.547792e-02;4.249464e-02;4.258503e-02
6.692085e-02;6.590384e-02;2.781571e-01;4.261402e-02;7.454953e-02;2.949922e-02;1.544437e-01;5.925056e-02;8.031215e-02;6.802355e-02;3.933190e-02;4.099350e-02
7.374698e-02;8.602887e-02;2.236908e-01;3.955862e-02;5.961956e-02;3.600664e-02;2.020072e-01;5.304609e-02;7.056015e-02;5.874398e-02;5.146897e-02;4.552221e-02
3.450763e-02;1.048496e-01;2.843493e-01;2.891573e-02;3.527059e-02;2.142577e-02;2.077285e-01;8.391988e-02;4.903488e-02;5.952372e-02;4.822902e-02;4.224535e-02
2.530222e-02;1.161446e-01;3.149230e-01;2.132452e-02;2.197916e-02;1.573052e-02;2.279975e-01;8.324463e-02;2.940863e-02;5.538210e-02;4.702019e-02;4.154278e-02
5.516490e-02;1.539388e-01;2.652533e-01;1.698908e-02;2.483078e-02;1.451248e-02;2.621001e-01;5.619547e-02;2.551037e-02;3.170267e-02;6.499413e-02;2.880796e-02
7.626406e-02;2.140341e-01;1.817080e-01;8.191951e-03;2.737758e-02;1.662786e-02;2.871462e-01;3.315233e-02;2.495082e-02;1.878053e-02;9.100285e-02;2.076379e-02
1.266789e-01;2.527494e-01;1.076455e-01;7.736050e-03;2.324552e-02;2.485523e-02;2.783110e-01;2.048904e-02;2.339616e-02;2.085999e-02;8.315682e-02;3.087653e-02
2.086075e-01;2.466803e-01;6.862427e-02;1.699308e-02;2.088392e-02;3.754213e-02;2.334597e-01;1.115971e-02;1.501746e-02;3.496677e-02;4.573721e-02;6.032796e-02
2.945603e-01;2.111053e-01;5.517433e-02;2.962904e-02;2.336342e-02;5.232313e-02;1.654708e-01;1.014506e-02;7.343280e-03;4.945064e-02;1.956480e-02;8.186985e-02
3.906743e-01;1.739226e-01;2.467967e-02;3.059316e-02;3.222697e-02;6.824438e-02;1.187794e-01;1.394630e-02;9.623883e-03;5.465778e-02;6.491467e-03;7.616018e-02
4.545222e-01;1.354618e-01;2.804272e-02;2.191465e-02;4.425867e-02;7.825240e-02;8.290426e-02;1.752905e-02;1.939360e-02;4.499034e-02;1.160335e-02;6.112704e-02
4.666254e-01;9.708093e-02;4.264634e-02;1.447790e-02;6.507456e-02;8.347884e-02;6.204635e-02;1.550387e-02;3.291056e-02;2.493844e-02;3.046862e-02;6.474818e-02
4.260437e-01;8.529466e-02;4.823270e-02;1.010138e-02;8.284335e-02;8.104669e-02;6.741019e-02;1.048223e-02;4.011749e-02;1.985790e-02;4.447070e-02;8.409905e-02
3.774156e-01;8.687027e-02;6.498316e-02;1.593942e-02;9.411735e-02;7.025903e-02;7.315032e-02;9.097035e-03;5.413342e-02;1.993154e-02;4.185809e-02;9.224473e-02
3.209522e-01;6.312388e-02;7.372645e-02;1.696520e-02;1.130949e-01;6.500643e-02;6.796764e-02;1.508243e-02;8.253235e-02;1.533101e-02;3.881405e-02;1.274034e-01
2.286293e-01;6.037807e-02;9.688484e-02;3.836519e-02;1.303339e-01;5.426596e-02;5.178832e-02;2.824185e-02;9.875654e-02;1.873898e-02;3.523700e-02;1.583801e-01
1.452816e-01;5.625028e-02;1.290227e-01;7.490002e-02;1.284480e-01;4.342796e-02;3.199212e-02;5.757054e-02;7.564957e-02;3.069334e-02;9.359433e-02;1.331696e-01
6.932583e-02;7.969525e-02;1.967509e-01;1.104698e-01;1.031490e-01;4.758631e-02;3.893008e-02;9.240264e-02;3.650832e-02;2.958023e-02;1.298644e-01;6.573708e-02
4.002361e-02;5.970002e-02;2.782362e-01;1.256403e-01;7.767785e-02;4.103540e-02;7.137762e-02;8.970501e-02;2.815885e-02;3.745104e-02;1.168018e-01;3.419227e-02
4.332367e-02;5.913587e-02;3.288454e-01;1.315492e-01;7.541572e-02;4.015990e-02;8.155355e-02;6.326758e-02;1.825614e-02;3.636944e-02;8.622141e-02;3.590214e-02
1.813767e-02;7.651798e-02;3.829785e-01;1.484564e-01;1.108803e-01;4.500303e-02;1.834655e-02;3.541405e-02;1.880731e-02;2.782198e-02;8.277014e-02;3.486614e-02
1.437244e-02;4.016253e-02;4.350190e-01;1.428263e-01;1.024885e-01;3.503760e-02;4.928277e-02;3.946088e-02;1.523649e-02;2.677257e-02;7.577661e-02;2.356422e-02
2.131109e-02;2.332614e-02;4.747320e-01;1.435753e-01;1.040217e-01;3.268010e-02;3.006811e-02;4.768436e-02;1.038277e-02;1.913066e-02;7.595579e-02;1.713191e-02
3.809528e-02;4.550947e-02;3.866549e-01;1.088770e-01;1.267117e-01;4.094341e-02;6.187052e-02;3.323407e-02;3.782026e-02;2.060391e-02;6.849606e-02;3.118333e-02
7.226092e-02;4.852913e-02;2.539468e-01;5.717674e-02;1.317862e-01;7.323538e-02;1.535963e-01;1.823240e-02;4.712198e-02;4.162017e-02;5.741968e-02;4.507433e-02
9.151216e-02;4.941158e-02;1.448049e-01;3.919625e-02;1.244078e-01;1.006790e-01;2.234766e-01;3.001832e-02;4.217865e-02;6.941970e-02;4.401589e-02;4.087901e-02
7.831935e-02;4.199754e-02;1.745474e-01;3.710766e-02;1.347328e-01;9.307885e-02;2.055857e-01;2.346576e-02;4.888425e-02;6.107253e-02;5.861856e-02;4.258959e-02
4.285373e-02;5.763578e-02;2.108701e-01;3.004397e-02;1.101712e-01;8.298218e-02;2.113988e-01;4.540814e-02;4.184803e-02;3.581952e-02;9.266499e-02;3.830352e-02
1.268251e-02;5.178428e-02;1.607399e-01;2.998041e-02;7.153275e-02;7.544652e-02;2.751597e-01;6.735993e-02;7.244914e-02;5.818493e-02;8.856672e-02;3.611321e-02
2.776281e-02;4.653760e-02;1.630514e-01;4.770548e-02;7.512981e-02;5.383776e-02;1.764007e-01;6.778192e-02;9.408521e-02;7.669982e-02;1.170685e-01;5.393905e-02
5.087838e-02;3.030555e-02;1.745068e-01;6.623675e-02;6.142986e-02;2.365336e-02;1.646819e-01;4.528343e-02;7.472441e-02;7.312052e-02;1.561086e-01;7.907044e-02
3.551493e-02;4.995186e-02;1.475445e-01;7.002266e-02;3.524245e-02;2.843540e-02;1.742276e-01;6.449389e-02;4.226728e-02;9.294220e-02;2.027735e-01;5.658369e-02
4.469317e-02;6.216064e-02;8.499182e-02;4.724970e-02;4.325037e-02;4.268865e-02;1.756057e-01;5.602387e-02;1.017518e-01;1.482407e-01;1.574274e-01;3.591602e-02
4.406047e-02;5.190358e-02;1.312283e-01;3.728847e-02;6.859897e-02;3.944395e-02;1.338690e-01;5.047543e-02;1.565605e-01;1.282138e-01;1.118592e-01;4.649835e-02
3.983203e-02;3.958487e-02;1.624132e-01;8.223836e-02;9.446996e-02;3.931675e-02;9.219645e-02;6.341182e-02;1.326509e-01;1.118814e-01;1.139020e-01;2.810214e-02
5.879553e-02;5.011145e-02;1.550722e-01;1.260962e-01;8.090235e-02;3.529477e-02;1.162463e-01;6.707273e-02;8.259135e-02;1.161720e-01;7.878274e-02;3.286229e-02
4.681666e-02;6.537679e-02;1.298638e-01;1.038026e-01;7.429878e-02;4.708262e-02;1.011027e-01;7.988834e-02;1.179464e-01;1.248409e-01;4.971705e-02;5.926339e-02
6.534728e-02;9.832069e-02;9.116380e-02;7.437866e-02;7.623881e-02;7.014922e-02;4.642804e-02;5.171696e-02;1.210180e-01;2.056855e-01;5.959491e-02;3.995811e-02
1.112184e-01;1.051060e-01;9.083107e-02;6.208615e-02;4.264542e-02;5.989056e-02;8.022415e-02;6.191909e-02;9.291765e-02;1.993351e-01;6.014080e-02;3.368570e-02
9.402656e-02;1.197517e-01;1.236238e-01;6.347822e-02;3.773694e-02;5.543190e-02;6.783332e-02;8.835698e-02;5.419355e-02;1.818544e-01;7.368195e-02;4.003064e-02
9.934554e-02;1.091900e-01;1.142088e-01;5.873596e-02;3.116257e-02;5.663897e-02;8.427545e-02;8.025511e-02;7.285015e-02;1.566212e-01;8.239026e-02;5.432602e-02
8.013633e-02;8.688442e-02;1.517956e-01;5.539234e-02;3.309007e-02;5.247401e-02;1.005655e-01;5.601585e-02;1.586518e-01;1.030054e-01;7.098974e-02;5.099894e-02
9.179477e-02;8.469156e-02;1.585610e-01;5.041778e-02;4.248834e-02;3.505651e-02;1.330492e-01;6.188876e-02;1.626606e-01;7.077007e-02;4.582085e-02;6.280050e-02
7.605768e-02;6.318273e-02;1.657442e-01;4.305139e-02;5.437972e-02;5.644095e-02;1.839559e-01;7.526991e-02;1.191015e-01;6.201776e-02;4.004803e-02;6.075032e-02
7.343595e-02;5.117690e-02;1.862598e-01;4.104131e-02;7.055641e-02;6.746410e-02;1.983291e-01;7.111151e-02;9.377836e-02;5.406477e-02;3.776706e-02;5.501478e-02
