1.229128e-01;1.303834e-01;3.964406e-02;1.545406e-02;2.175111e-02;4.145436e-02;2.478357e-01;1.694341e-01;2.345728e-02;2.476524e-02;1.387171e-01;2.419097e-02
2.108130e-01;9.952439e-02;3.604673e-02;1.981467e-02;2.305413e-02;4.901892e-02;1.793542e-01;1.088925e-01;2.818153e-02;2.678745e-02;1.924813e-01;2.603117e-02
3.065807e-01;5.797104e-02;3.481105e-02;2.010128e-02;2.781689e-02;6.599922e-02;1.531960e-01;7.586734e-02;4.027911e-02;2.621360e-02;1.664662e-01;2.469761e-02
3.546236e-01;5.620224e-02;3.350637e-02;1.496605e-02;3.126964e-02;8.369461e-02;2.234238e-01;5.480368e-02;4.859525e-02;2.140362e-02;4.832149e-02;2.918970e-02
3.260280e-01;3.070876e-02;4.173480e-02;1.858318e-02;5.104969e-02;1.002215e-01;2.389903e-01;2.649744e-02;5.685504e-02;1.768982e-02;5.947389e-02;3.216754e-02
2.677439e-01;2.957745e-02;5.230374e-02;1.863625e-02;6.169113e-02;1.080887e-01;2.339193e-01;2.953370e-02;5.767205e-02;1.522721e-02;9.278585e-02;3.282081e-02
2.761218e-01;3.565533e-02;5.091327e-02;1.670584e-02;5.556262e-02;1.096601e-01;2.397426e-01;2.492095e-02;5.095142e-02;1.153091e-02;9.545331e-02;3.278190e-02
3.033171e-01;2.181901e-02;4.020621e-02;1.350908e-02;4.649222e-02;1.143401e-01;2.732778e-01;2.155060e-02;4.574746e-02;1.444018e-02;8.256296e-02;2.273727e-02
3.113631e-01;4.888200e-02;2.186211e-02;1.485363e-02;3.505354e-02;1.237180e-01;2.893354e-01;4.124738e-02;3.610600e-02;2.105550e-02;4.144031e-02;1.508307e-02
3.042083e-01;5.855465e-02;9.483537e-03;1.512659e-02;2.738669e-02;1.294195e-01;3.128290e-01;6.911477e-02;2.115263e-02;2.193100e-02;2.328208e-02;7.511213e-03
3.175906e-01;4.858165e-02;7.752539e-03;1.491327e-02;2.648298e-02;1.309516e-01;3.193300e-01;6.907496e-02;1.487669e-02;2.420995e-02;2.014770e-02;6.088131e-03
3.298980e-01;4.451268e-02;5.497889e-03;1.678893e-02;2.525524e-02;1.295240e-01;3.234079e-01;6.670617e-02;1.056858e-02;2.453064e-02;1.867554e-02;4.634409e-03
3.212405e-01;5.102484e-02;5.200995e-03;1.914125e-02;2.531846e-02;1.255544e-01;3.286167e-01;6.906704e-02;6.978727e-03;2.211260e-02;1.917279e-02;6.571782e-03
3.100750e-01;6.468578e-02;3.986588e-03;2.609727e-02;2.659362e-02;1.186847e-01;3.351508e-01;7.239962e-02;6.248091e-03;2.045958e-02;9.798748e-03;5.820245e-03
3.078986e-01;7.466496e-02;4.451194e-03;2.965213e-02;2.566543e-02;1.147529e-01;3.301028e-01;7.943886e-02;3.997013e-03;1.930412e-02;5.015384e-03;5.056556e-03
3.217810e-01;6.779715e-02;3.316154e-03;2.624033e-02;2.411974e-02;1.155101e-01;3.272580e-01;7.198194e-02;4.223472e-03;1.882206e-02;1.325282e-02;5.697234e-03
3.295625e-01;6.467260e-02;5.420952e-03;2.635344e-02;2.352404e-02;1.166269e-01;3.287994e-01;6.815753e-02;6.878963e-03;1.874531e-02;7.091367e-03;4.166987e-03
3.254903e-01;6.492019e-02;4.421839e-03;2.631814e-02;2.359023e-02;1.180242e-01;3.271749e-01;7.516997e-02;6.229830e-03;1.818086e-02;5.599482e-03;4.880126e-03
3.144421e-01;7.863943e-02;3.952200e-03;2.573842e-02;2.298624e-02;1.106306e-01;3.181677e-01;7.897105e-02;5.713331e-03;1.833451e-02;1.663101e-02;5.793487e-03
3.194337e-01;8.171763e-02;3.565453e-03;2.584657e-02;2.241913e-02;1.098412e-01;3.154508e-01;8.252618e-02;7.164112e-03;1.717163e-02;1.025570e-02;4.607921e-03
3.411795e-01;6.944261e-02;4.049713e-03;2.271509e-02;2.292781e-02;1.137446e-01;3.121275e-01;7.945661e-02;6.684883e-03;1.399590e-02;8.244293e-03;5.431544e-03
3.511621e-01;5.882607e-02;6.414453e-03;2.149083e-02;2.196116e-02;1.153492e-01;3.092205e-01;6.636006e-02;8.792970e-03;1.542789e-02;1.964596e-02;5.348863e-03
3.370184e-01;6.814714e-02;3.843557e-03;2.330007e-02;2.209740e-02;1.107901e-01;3.170410e-01;7.893433e-02;8.544979e-03;2.008620e-02;5.593977e-03;4.602823e-03
3.361852e-01;6.710187e-02;5.277098e-03;2.401883e-02;2.175131e-02;1.156263e-01;3.071699e-01;7.154502e-02;9.487336e-03;2.492677e-02;1.223129e-02;4.679118e-03
3.351047e-01;6.974475e-02;4.395767e-03;2.557991e-02;2.221416e-02;1.190917e-01;2.994035e-01;6.750077e-02;1.245727e-02;2.740497e-02;1.288547e-02;4.216915e-03
3.304777e-01;6.400719e-02;4.025008e-03;2.506271e-02;2.243069e-02;1.215208e-01;3.017978e-01;7.556733e-02;1.559998e-02;2.912905e-02;5.785446e-03;4.596303e-03
3.184595e-01;7.296460e-02;4.539384e-03;2.310506e-02;2.167638e-02;1.183361e-01;3.047960e-01;7.361846e-02;1.431349e-02;2.771485e-02;1.562431e-02;4.851889e-03
3.141201e-01;6.365854e-02;3.374440e-03;2.748762e-02;2.489956e-02;1.205474e-01;3.128675e-01;8.038352e-02;1.283242e-02;2.703551e-02;7.856531e-03;4.936971e-03
2.954813e-01;6.167023e-02;4.509427e-03;3.333441e-02;2.700656e-02;1.196213e-01;3.372554e-01;7.337494e-02;8.620515e-03;2.398765e-02;9.864602e-03;5.273694e-03
2.766696e-01;4.640932e-02;4.731810e-03;3.650037e-02;2.880757e-02;1.203065e-01;3.572057e-01;8.921697e-02;6.814118e-03;1.732364e-02;8.897911e-03;7.116467e-03
2.584818e-01;4.888587e-02;4.923807e-03;3.527793e-02;3.042216e-02;1.240645e-01;3.632089e-01;9.529468e-02;4.810341e-03;1.220982e-02;1.423702e-02;8.183109e-03
2.478873e-01;5.623791e-02;6.041325e-03;2.967693e-02;2.897639e-02;1.298648e-01;3.656962e-01;1.059273e-01;7.996561e-03;1.128102e-02;6.678411e-03;3.735823e-03
2.544793e-01;5.160436e-02;4.744169e-03;2.788104e-02;2.642376e-02;1.318451e-01;3.598270e-01;1.115805e-01;8.759774e-03;1.287330e-02;4.311292e-03;5.670251e-03
2.359418e-01;5.860433e-02;1.191380e-02;2.562296e-02;2.794959e-02;1.169415e-01;3.191009e-01;1.134885e-01;1.407467e-02;2.043249e-02;4.648975e-02;9.439882e-03
1.748393e-01;6.451356e-02;2.834480e-02;3.900535e-02;3.844327e-02;8.743805e-02;2.695480e-01;9.990720e-02;2.417922e-02;2.783153e-02;1.350022e-01;1.094751e-02
9.407797e-02;9.262654e-02;4.949645e-02;5.103149e-02;4.578009e-02;8.774300e-02;2.086559e-01;9.716371e-02;2.821779e-02;3.685011e-02;1.990435e-01;9.313487e-03
1.381131e-01;1.249789e-01;4.497227e-02;4.799635e-02;7.968107e-02;1.206090e-01;1.347504e-01;1.128892e-01;3.025747e-02;3.504663e-02;1.004378e-01;3.026797e-02
1.378953e-01;1.009004e-01;4.354626e-02;3.865388e-02;7.870140e-02;1.389370e-01;1.626475e-01;9.090793e-02;3.534879e-02;3.486645e-02;8.202922e-02;5.556595e-02
1.225624e-01;2.202085e-02;4.345359e-02;3.956812e-02;4.567533e-02;1.453647e-01;1.821790e-01;5.563972e-02;3.540410e-02;3.500121e-02;2.159101e-01;5.722100e-02
1.274256e-01;8.671801e-02;3.904011e-02;3.232836e-02;3.209534e-02;1.093269e-01;1.977164e-01;8.041453e-02;2.999384e-02;3.640738e-02;2.000466e-01;2.848701e-02
9.863285e-02;5.720430e-02;3.923398e-02;4.518558e-02;5.866537e-02;7.807679e-02;2.445523e-01;1.176922e-01;3.780962e-02;4.918397e-02;1.520652e-01;2.169783e-02
1.674215e-01;1.326896e-01;2.920073e-02;3.045218e-02;3.971523e-02;4.711632e-02;2.400600e-01;1.032696e-01;5.002285e-02;3.765291e-02;1.033918e-01;1.900720e-02
1.803209e-01;1.393570e-01;3.181641e-02;1.201549e-02;2.175708e-02;3.352812e-02;1.620486e-01;1.526701e-01;3.905463e-02;3.208257e-02;1.692557e-01;2.609339e-02
1.827867e-01;1.148558e-01;4.200898e-02;1.887466e-02;2.335010e-02;4.247132e-02;1.393274e-01;1.345142e-01;3.464874e-02;3.667875e-02;1.904864e-01;3.999682e-02
1.898378e-01;1.051332e-01;6.415474e-02;3.659907e-02;5.564096e-02;5.187719e-02;1.136831e-01;9.110609e-02;3.170065e-02;4.638304e-02;1.545277e-01;5.935641e-02
1.613074e-01;1.357565e-01;8.359744e-02;1.046199e-01;1.172155e-01;6.106478e-02;1.073523e-01;8.351549e-02;3.161651e-02;4.769583e-02;1.777813e-02;4.848019e-02
1.598623e-01;1.274791e-01;5.007242e-02;8.706198e-02;5.166641e-02;2.571185e-02;1.232318e-01;1.264240e-01;5.763021e-02;4.243137e-02;1.243021e-01;2.412651e-02
1.134667e-01;1.087188e-01;4.165309e-02;3.359047e-02;3.177923e-02;7.168848e-02;2.106459e-01;1.417366e-01;5.917388e-02;5.444553e-02;1.078395e-01;2.526178e-02
1.088790e-01;8.693831e-02;4.321253e-02;3.687177e-02;4.869376e-02;9.188590e-02;2.084154e-01;1.482912e-01;7.422140e-02;4.945268e-02;7.782584e-02;2.531215e-02
8.928291e-02;6.171839e-02;3.924628e-02;3.606239e-02;7.039446e-02;8.755736e-02;1.807484e-01;1.578072e-01;1.142794e-01;3.556271e-02;8.797281e-02;3.936767e-02
4.752519e-02;3.860689e-02;2.815229e-02;1.406653e-02;8.012080e-02;5.912572e-02;1.205252e-01;1.767112e-01;1.486533e-01;4.414273e-02;1.824951e-01;5.987510e-02
4.971734e-02;4.687235e-02;2.100261e-02;4.224818e-02;4.801318e-02;4.175492e-02;8.143906e-02;2.510698e-01;7.030600e-02;5.324671e-02;2.527672e-01;4.156264e-02
3.541739e-02;5.031647e-02;2.868104e-02;4.816176e-02;3.201413e-02;5.541290e-02;9.827208e-02;3.067033e-01;1.785376e-02;3.789918e-02;2.676034e-01;2.166463e-02
2.707093e-02;4.591263e-02;3.012758e-02;4.878344e-02;2.649079e-02;5.833279e-02;1.117996e-01;3.258134e-01;9.821161e-03;2.169646e-02;2.855577e-01;8.593427e-03
2.876617e-02;4.768445e-02;2.922800e-02;4.181016e-02;2.199247e-02;5.428173e-02;1.150045e-01;3.228563e-01;1.604818e-02;2.171248e-02;2.912620e-01;9.353482e-03
3.572549e-02;5.645473e-02;3.494360e-02;3.651709e-02;1.573235e-02;4.691400e-02;1.221528e-01;3.001760e-01;1.178951e-02;2.611789e-02;3.011621e-01;1.231448e-02
4.282685e-02;7.351301e-02;4.289237e-02;2.756653e-02;1.575811e-02;4.349546e-02;1.901418e-01;2.236910e-01;2.644109e-02;2.947567e-02;2.694242e-01;1.477393e-02
9.739075e-02;8.597777e-02;4.457280e-02;2.262674e-02;1.984039e-02;5.728384e-02;2.038506e-01;1.580320e-01;3.433742e-02;3.451819e-02;2.259814e-01;1.558815e-02
1.177886e-01;1.117703e-01;3.614375e-02;3.024714e-02;2.962076e-02;6.654705e-02;2.374163e-01;1.471495e-01;3.430442e-02;4.023826e-02;1.290343e-01;1.973956e-02
1.321480e-01;1.559028e-01;4.416991e-02;3.102456e-02;2.491127e-02;6.447341e-02;1.742195e-01;1.436935e-01;5.161059e-02;3.626469e-02;1.119740e-01;2.960781e-02
9.593416e-02;1.394110e-01;4.903202e-02;4.094855e-02;2.739387e-02;6.096036e-02;1.284258e-01;1.391637e-01;6.485704e-02;3.404403e-02;1.923766e-01;2.745287e-02
2.591244e-02;1.120303e-01;5.638584e-02;5.150778e-02;3.114365e-02;3.945986e-02;7.461246e-02;1.450652e-01;8.098050e-02;4.799385e-02;3.144137e-01;2.049439e-02
5.042532e-02;7.789631e-02;3.948154e-02;4.525707e-02;2.914279e-02;2.124076e-02;6.009595e-02;1.402982e-01;8.321421e-02;5.334967e-02;3.781090e-01;2.148919e-02
4.453574e-02;6.210722e-02;3.697211e-02;4.913813e-02;2.675809e-02;3.603666e-02;6.646670e-02;1.269221e-01;7.230744e-02;5.706519e-02;4.050591e-01;1.663149e-02
1.442644e-02;6.697875e-02;3.719215e-02;4.433777e-02;2.512156e-02;5.549179e-02;8.429959e-02;1.230043e-01;6.138356e-02;6.265466e-02;4.120375e-01;1.307191e-02
2.538981e-02;7.418483e-02;3.421601e-02;2.128416e-02;2.834696e-02;5.943031e-02;1.002674e-01;1.054936e-01;3.727969e-02;8.625948e-02;4.021278e-01;2.572006e-02
4.998778e-02;8.700734e-02;3.145772e-02;2.697662e-02;2.406827e-02;5.214214e-02;7.551481e-02;8.664007e-02;2.053177e-02;7.640982e-02;4.472667e-01;2.199693e-02
4.232059e-02;6.955995e-02;3.621620e-02;3.615325e-02;2.035161e-02;4.022072e-02;6.981958e-02;7.846534e-02;1.770307e-02;5.092517e-02;5.241877e-01;1.407687e-02
5.848703e-02;7.182155e-02;4.026245e-02;2.638393e-02;2.108531e-02;3.312973e-02;7.549327e-02;8.108278e-02;1.703392e-02;3.427919e-02;5.272900e-01;1.365079e-02
6.157313e-02;8.196855e-02;4.886269e-02;2.644898e-02;2.073883e-02;3.220879e-02;7.813508e-02;7.638908e-02;1.483955e-02;2.836645e-02;5.121061e-01;1.836282e-02
4.300687e-02;1.554385e-01;5.049962e-02;2.686418e-02;1.883814e-02;3.449337e-02;1.079548e-01;8.309422e-02;1.180400e-02;2.714213e-02;4.258588e-01;1.500539e-02
8.708520e-02;2.316042e-01;5.549283e-02;1.792502e-02;1.304406e-02;3.781063e-02;1.203538e-01;7.297707e-02;1.101335e-02;2.790944e-02;3.184518e-01;6.332518e-03
1.280809e-01;2.366098e-01;5.980609e-02;2.941547e-02;2.874305e-02;4.646237e-02;1.298694e-01;4.566344e-02;7.675299e-03;2.955054e-02;2.480599e-01;1.006367e-02
1.029219e-01;1.252298e-01;5.895204e-02;3.685768e-02;5.480206e-02;7.946559e-02;1.288887e-01;1.301934e-01;1.398230e-02;3.873770e-02;2.182859e-01;1.168278e-02
8.937944e-02;1.154955e-01;4.971217e-02;3.542181e-02;5.558453e-02;7.515380e-02;1.776495e-01;1.617804e-01;2.735524e-02;3.713078e-02;1.626517e-01;1.268514e-02
8.061862e-02;1.410886e-01;5.620020e-02;3.323825e-02;7.392468e-02;5.080903e-02;1.672129e-01;1.529937e-01;2.512215e-02;2.847670e-02;1.598192e-01;3.049596e-02
1.142803e-01;1.023476e-01;4.224785e-02;5.231256e-02;8.740313e-02;7.602562e-02;9.313844e-02;1.091988e-01;4.706472e-02;5.056409e-02;1.688363e-01;5.658059e-02
1.250606e-01;9.345273e-02;3.224632e-02;4.911369e-02;9.767121e-02;7.298976e-02;9.988305e-02;9.675781e-02;5.770905e-02;4.916725e-02;1.737576e-01;5.219092e-02
1.064330e-01;8.711078e-02;2.977875e-02;2.777192e-02;1.058829e-01;6.772650e-02;1.374559e-01;1.002534e-01;5.291077e-02;3.956969e-02;2.066887e-01;3.841763e-02
1.242133e-01;1.058904e-01;2.694350e-02;1.982410e-02;3.406730e-02;5.047777e-02;2.349454e-01;1.644958e-01;2.476296e-02;3.562643e-02;1.641666e-01;1.458649e-02
1.625577e-01;9.962368e-02;2.663838e-02;1.678619e-02;2.208536e-02;6.457072e-02;2.679575e-01;1.769883e-01;2.199746e-02;3.194061e-02;9.806835e-02;1.078575e-02
1.538302e-01;8.116683e-02;2.574057e-02;1.601442e-02;3.471988e-02;6.921110e-02;1.999429e-01;1.113563e-01;2.401578e-02;2.758605e-02;2.410978e-01;1.531813e-02
7.086944e-02;6.005514e-02;2.779033e-02;2.241533e-02;3.377699e-02;5.451085e-02;9.195212e-02;5.020099e-02;3.781678e-02;5.730578e-02;4.763241e-01;1.698206e-02
6.820540e-02;5.103379e-02;2.887482e-02;2.282172e-02;2.065581e-02;2.085907e-02;8.105251e-02;4.768360e-02;4.114192e-02;7.764636e-02;5.270208e-01;1.300424e-02
8.438911e-02;4.696533e-02;2.947247e-02;1.880514e-02;2.388100e-02;2.762696e-02;8.793803e-02;6.452952e-02;3.078852e-02;6.680817e-02;5.057214e-01;1.307432e-02
6.936663e-02;5.208984e-02;3.639555e-02;2.363395e-02;3.023845e-02;3.944074e-02;7.098147e-02;5.526735e-02;1.383951e-02;4.980354e-02;5.478538e-01;1.108909e-02
7.017136e-02;5.483871e-02;3.815968e-02;2.395702e-02;3.088727e-02;4.060656e-02;1.130993e-01;5.744026e-02;2.130182e-02;4.701804e-02;4.891069e-01;1.341305e-02
4.331554e-02;8.459594e-02;4.711100e-02;2.386634e-02;3.578600e-02;3.708319e-02;1.022699e-01;8.057100e-02;2.215020e-02;4.766454e-02;4.580188e-01;1.756744e-02
8.401728e-02;8.872054e-02;4.692603e-02;2.214149e-02;4.400192e-02;4.884447e-02;1.428980e-01;6.793003e-02;1.645823e-02;4.017100e-02;3.765282e-01;2.136275e-02
1.212628e-01;7.600371e-02;4.773431e-02;3.306010e-02;3.346640e-02;6.150350e-02;1.567566e-01;4.914951e-02;4.238938e-02;3.459046e-02;3.260972e-01;1.798598e-02
1.223896e-01;1.120984e-01;5.290139e-02;2.611768e-02;2.223149e-02;5.808065e-02;1.883695e-01;7.917398e-02;3.110426e-02;3.558728e-02;2.524920e-01;1.945383e-02
1.197340e-01;1.582017e-01;6.604735e-02;3.035441e-02;3.108942e-02;6.584978e-02;2.024035e-01;7.248446e-02;1.948008e-02;3.198354e-02;1.856223e-01;1.674957e-02
4.481636e-02;1.896909e-01;8.134221e-02;4.879677e-02;4.114975e-02;7.279085e-02;1.843961e-01;5.429089e-02;2.070148e-02;3.366531e-02;2.052797e-01;2.307969e-02
1.036436e-01;1.939763e-01;6.416803e-02;4.772520e-02;4.096340e-02;3.293728e-02;1.223580e-01;8.395103e-02;2.848480e-02;3.730466e-02;2.174842e-01;2.700343e-02
1.118964e-01;1.983479e-01;8.779212e-02;5.868214e-02;4.121883e-02;3.921741e-02;7.723977e-02;8.170900e-02;3.893588e-02;4.536428e-02;1.934179e-01;2.617835e-02
7.207415e-02;2.023338e-01;8.961099e-02;5.008910e-02;2.981608e-02;5.945230e-02;1.559391e-01;6.254812e-02;4.687202e-02;4.439457e-02;1.683796e-01;1.849016e-02
1.355950e-01;1.411491e-01;7.572000e-02;5.275362e-02;4.492033e-02;3.870611e-02;1.500141e-01;7.101142e-02;5.948364e-02;6.361774e-02;1.458415e-01;2.118745e-02
1.838464e-01;1.187187e-01;6.531867e-02;6.470312e-02;6.912959e-02;3.439484e-02;1.542497e-01;8.358300e-02;5.405054e-02;6.703368e-02;7.782140e-02;2.715035e-02
1.904752e-01;1.118552e-01;4.120336e-02;4.552342e-02;8.151384e-02;5.201227e-02;1.464987e-01;1.077778e-01;4.024928e-02;6.558309e-02;8.563215e-02;3.167557e-02
2.287668e-01;1.062955e-01;4.462286e-02;5.641972e-02;8.308361e-02;3.529690e-02;9.702125e-02;7.753575e-02;3.627795e-02;7.774775e-02;1.294315e-01;2.750044e-02
2.616471e-01;1.174566e-01;5.729201e-02;4.698888e-02;5.857387e-02;3.035525e-02;1.108200e-01;4.844033e-02;4.583871e-02;6.802953e-02;1.149134e-01;3.964431e-02
1.652221e-01;1.417667e-01;6.724091e-02;2.839391e-02;3.060117e-02;4.298645e-02;1.037395e-01;5.821301e-02;5.918479e-02;7.681290e-02;1.854010e-01;4.043749e-02
1.365079e-01;1.886200e-01;4.965151e-02;2.582627e-02;3.036166e-02;4.399000e-02;1.035333e-01;1.099557e-01;3.858734e-02;6.271692e-02;1.809196e-01;2.932977e-02
1.345874e-01;1.425926e-01;3.282759e-02;4.249895e-02;6.326579e-02;7.976157e-02;8.645506e-02;1.553637e-01;5.443523e-02;5.718492e-02;1.198897e-01;3.113754e-02
1.219110e-01;9.870671e-02;3.789646e-02;5.722153e-02;5.224808e-02;7.944340e-02;1.440332e-01;1.799289e-01;6.534128e-02;5.007988e-02;7.829758e-02;3.489191e-02
1.145397e-01;1.214237e-01;3.705454e-02;5.690381e-02;4.165484e-02;6.780230e-02;1.532802e-01;1.912690e-01;6.514184e-02;4.500871e-02;7.339067e-02;3.253068e-02
1.303361e-01;1.276906e-01;3.404740e-02;4.398018e-02;3.627302e-02;3.635849e-02;1.916157e-01;1.397635e-01;6.301997e-02;4.045719e-02;1.284459e-01;2.801201e-02
1.003298e-01;8.040971e-02;3.094991e-02;2.275421e-02;1.807012e-02;4.972503e-02;2.684168e-01;1.948843e-01;2.807980e-02;2.327964e-02;1.698165e-01;1.328417e-02
9.216584e-02;1.053680e-01;2.753784e-02;1.711813e-02;1.580019e-02;4.760315e-02;2.482938e-01;2.254446e-01;1.847832e-02;2.089902e-02;1.709515e-01;1.033960e-02
1.071820e-01;1.280061e-01;2.897668e-02;1.346943e-02;1.575436e-02;4.203225e-02;2.348509e-01;1.860375e-01;1.404881e-02;2.107925e-02;2.003446e-01;8.218168e-03
4.820237e-02;9.023167e-02;5.111318e-02;3.319705e-02;3.290337e-02;5.291667e-02;3.140312e-01;6.153810e-02;2.534837e-02;4.312731e-02;2.370048e-01;1.038594e-02
1.505619e-01;1.234758e-01;3.741634e-02;3.060317e-02;2.931811e-02;5.355271e-02;2.695324e-01;1.895272e-01;1.888361e-02;3.108400e-02;5.611421e-02;9.930453e-03
2.741161e-01;1.253702e-01;2.292546e-02;1.592525e-02;2.025049e-02;6.967229e-02;2.701045e-01;1.216497e-01;1.229167e-02;1.746347e-02;4.110074e-02;9.130079e-03
3.725177e-01;7.154880e-02;1.492147e-02;1.371003e-02;1.679394e-02;9.138244e-02;2.612774e-01;7.787693e-02;1.724071e-02;1.494026e-02;3.903913e-02;8.751234e-03
3.956484e-01;7.136867e-02;5.295499e-03;1.409061e-02;2.449966e-02;9.657612e-02;2.486622e-01;7.283185e-02;2.115642e-02;1.321283e-02;2.926888e-02;7.388908e-03
3.882755e-01;7.890434e-02;7.184566e-03;1.342681e-02;3.020404e-02;9.667069e-02;2.242792e-01;7.303645e-02;1.928902e-02;1.637448e-02;4.606499e-02;6.289859e-03
3.922283e-01;8.181223e-02;8.020090e-03;1.402543e-02;3.051874e-02;9.122532e-02;2.050994e-01;5.728436e-02;2.623831e-02;2.210395e-02;6.394779e-02;7.496042e-03
4.055067e-01;8.442787e-02;7.064458e-03;1.118270e-02;3.547114e-02;9.449450e-02;2.091861e-01;5.861118e-02;4.005606e-02;2.150452e-02;2.647179e-02;6.022910e-03
4.268059e-01;4.394679e-02;6.284091e-03;1.605508e-02;4.165372e-02;9.723860e-02;2.275089e-01;6.892996e-02;3.440082e-02;1.737598e-02;1.264841e-02;7.151684e-03
4.589870e-01;4.249504e-02;8.606402e-03;1.631795e-02;3.589883e-02;9.011816e-02;2.071830e-01;4.133973e-02;2.329434e-02;1.884913e-02;4.668873e-02;1.022170e-02
4.914298e-01;4.532768e-02;6.182837e-03;8.825853e-03;2.417764e-02;9.621919e-02;2.038079e-01;4.019536e-02;2.162089e-02;2.012922e-02;3.158889e-02;1.049479e-02
4.853460e-01;3.687961e-02;7.340035e-03;9.067972e-03;2.586630e-02;1.007292e-01;2.151051e-01;4.066170e-02;2.460082e-02;2.034692e-02;2.342128e-02;1.063505e-02
4.848273e-01;3.477522e-02;1.426916e-02;1.018597e-02;2.959457e-02;9.945700e-02;2.173941e-01;3.468687e-02;1.725365e-02;1.348893e-02;3.436409e-02;9.703174e-03
4.760695e-01;2.261136e-02;1.857235e-02;1.178509e-02;3.060437e-02;1.075236e-01;2.223389e-01;2.829070e-02;1.807003e-02;1.805475e-02;3.140570e-02;1.467374e-02
4.211258e-01;1.960788e-02;2.487852e-02;1.194488e-02;2.987365e-02;1.060008e-01;2.125972e-01;4.056951e-02;2.053592e-02;2.564763e-02;7.104433e-02;1.617393e-02
3.994727e-01;2.116703e-02;2.813939e-02;1.335739e-02;4.034625e-02;1.013407e-01;2.076368e-01;2.820660e-02;2.278516e-02;3.702133e-02;8.756940e-02;1.295719e-02
3.986137e-01;1.288349e-02;3.105143e-02;1.737245e-02;4.526349e-02;9.825046e-02;1.829140e-01;2.322393e-02;2.809091e-02;3.985729e-02;1.031313e-01;1.934755e-02
3.587919e-01;2.886229e-02;3.093225e-02;2.817227e-02;5.226849e-02;9.122243e-02;1.716274e-01;3.473619e-02;2.576613e-02;3.696460e-02;1.176018e-01;2.305429e-02
3.087879e-01;1.595502e-02;3.039916e-02;3.326236e-02;6.581762e-02;9.862839e-02;1.538566e-01;3.679033e-02;3.094148e-02;3.125998e-02;1.718160e-01;2.248512e-02
2.842568e-01;1.378430e-02;2.576048e-02;3.594644e-02;7.340256e-02;9.345428e-02;1.178186e-01;3.674276e-02;3.247777e-02;1.576412e-02;2.488766e-01;2.171540e-02
2.831998e-01;2.277968e-02;2.654592e-02;3.103947e-02;6.689873e-02;8.683773e-02;1.265263e-01;4.489993e-02;2.449480e-02;1.787999e-02;2.431541e-01;2.574353e-02
2.647584e-01;1.275743e-02;2.494533e-02;3.122823e-02;6.836667e-02;1.027350e-01;1.297138e-01;4.554138e-02;2.130860e-02;1.822172e-02;2.542545e-01;2.616902e-02
2.293640e-01;1.809314e-02;2.309416e-02;2.611049e-02;6.767777e-02;1.170588e-01;1.099122e-01;3.422671e-02;2.406112e-02;1.790580e-02;3.062367e-01;2.625901e-02
2.117173e-01;1.613734e-02;2.565086e-02;2.410848e-02;6.252231e-02;1.227089e-01;1.105912e-01;2.049739e-02;2.442740e-02;1.916547e-02;3.393302e-01;2.314321e-02
1.972747e-01;2.703382e-02;2.926307e-02;1.875046e-02;5.166996e-02;1.091214e-01;1.052093e-01;3.717829e-02;1.750465e-02;1.925737e-02;3.657113e-01;2.202575e-02
1.773273e-01;3.625469e-02;3.244305e-02;2.039243e-02;4.556527e-02;7.928384e-02;9.647595e-02;4.391125e-02;1.712804e-02;1.917035e-02;4.115679e-01;2.047989e-02
1.718865e-01;4.539080e-02;3.413515e-02;2.398851e-02;4.394596e-02;4.513130e-02;6.824236e-02;2.562324e-02;1.588747e-02;2.460276e-02;4.799566e-01;2.120937e-02
1.421198e-01;4.772388e-02;3.554161e-02;2.433131e-02;3.924380e-02;3.803011e-02;7.352740e-02;3.073155e-02;1.906719e-02;2.977289e-02;5.002994e-01;1.961102e-02
1.194663e-01;6.206740e-02;3.848742e-02;2.919422e-02;3.164756e-02;3.597828e-02;8.385660e-02;4.199092e-02;2.105797e-02;3.746639e-02;4.819365e-01;1.685046e-02
7.888563e-02;8.236816e-02;4.590780e-02;2.875401e-02;2.942395e-02;2.745767e-02;8.876318e-02;5.861992e-02;2.345439e-02;3.376685e-02;4.916720e-01;1.092643e-02
7.352524e-02;1.161812e-01;5.282189e-02;2.510663e-02;3.396059e-02;2.218653e-02;5.901042e-02;6.682729e-02;3.074858e-02;2.984863e-02;4.836718e-01;6.111151e-03
5.292112e-02;1.160140e-01;5.148755e-02;3.607497e-02;3.664856e-02;2.594825e-02;9.835188e-02;7.835867e-02;3.401770e-02;3.222001e-02;4.279439e-01;1.001341e-02
6.400840e-02;1.198047e-01;5.171337e-02;4.341119e-02;3.848391e-02;3.279639e-02;9.910164e-02;8.520779e-02;3.190619e-02;2.232912e-02;3.944434e-01;1.679389e-02
3.367713e-02;1.237022e-01;6.011148e-02;4.686890e-02;4.378118e-02;2.938083e-02;8.765001e-02;8.056046e-02;2.807947e-02;2.065733e-02;4.249635e-01;2.056742e-02
7.948638e-02;9.547801e-02;5.781816e-02;3.889199e-02;4.531171e-02;4.051078e-02;1.109207e-01;7.050148e-02;3.649576e-02;2.134182e-02;3.838524e-01;1.939078e-02
7.436558e-02;8.050747e-02;6.415078e-02;4.094628e-02;4.242289e-02;3.454249e-02;1.098265e-01;1.003991e-01;3.206694e-02;2.116028e-02;3.795763e-01;2.003542e-02
5.743557e-02;7.159210e-02;6.320705e-02;3.599298e-02;3.326860e-02;3.044343e-02;1.403630e-01;1.430370e-01;4.101840e-02;3.421705e-02;3.282183e-01;2.120657e-02
8.710791e-02;7.538180e-02;5.566505e-02;2.955250e-02;3.364646e-02;3.886346e-02;1.771367e-01;1.232273e-01;4.248147e-02;3.578764e-02;2.831313e-01;1.801839e-02
1.024272e-01;5.313141e-02;4.478407e-02;4.263984e-02;3.484392e-02;5.650129e-02;1.962095e-01;8.662581e-02;4.352823e-02;4.146188e-02;2.803573e-01;1.748947e-02
5.873732e-02;4.730897e-02;2.993351e-02;3.975181e-02;4.269490e-02;5.397386e-02;1.454855e-01;7.851766e-02;3.906996e-02;4.039219e-02;4.047299e-01;1.940436e-02
6.086208e-02;6.611205e-02;4.045953e-02;2.384177e-02;2.852692e-02;3.253941e-02;1.141798e-01;9.264912e-02;2.807105e-02;2.859446e-02;4.728402e-01;1.132361e-02
4.969035e-02;8.182704e-02;5.032510e-02;2.695115e-02;2.575446e-02;3.011717e-02;8.657992e-02;6.315006e-02;2.638712e-02;2.524572e-02;5.219939e-01;1.197800e-02
4.068965e-02;9.053791e-02;5.216214e-02;2.761057e-02;2.183207e-02;4.379950e-02;8.407226e-02;7.589571e-02;2.312188e-02;2.697139e-02;5.014033e-01;1.190361e-02
3.132743e-02;8.782111e-02;5.859489e-02;2.838606e-02;2.091425e-02;3.544955e-02;7.061751e-02;7.383203e-02;1.854422e-02;3.476492e-02;5.320399e-01;7.708082e-03
5.098823e-02;1.009363e-01;5.436621e-02;2.967131e-02;1.827116e-02;2.479388e-02;6.532991e-02;6.126028e-02;1.785275e-02;3.279835e-02;5.356975e-01;8.034173e-03
3.266540e-02;1.107890e-01;5.555206e-02;2.878961e-02;1.753165e-02;2.159394e-02;7.166016e-02;5.593051e-02;2.129580e-02;3.796349e-02;5.360191e-01;1.020919e-02
5.888441e-02;1.244525e-01;5.750688e-02;3.068534e-02;1.729099e-02;2.753967e-02;7.318305e-02;6.279118e-02;1.852700e-02;3.915764e-02;4.784278e-01;1.155349e-02
6.729337e-02;1.578903e-01;5.819447e-02;2.976341e-02;1.940165e-02;3.393107e-02;7.934481e-02;7.204224e-02;1.576836e-02;4.099025e-02;4.113408e-01;1.403925e-02
6.409547e-02;1.602367e-01;7.299293e-02;2.565449e-02;3.040716e-02;4.166377e-02;9.633505e-02;7.973503e-02;2.454831e-02;4.209201e-02;3.471210e-01;1.511806e-02
8.924776e-02;1.809217e-01;8.931170e-02;3.673086e-02;4.455888e-02;3.521814e-02;1.287295e-01;7.484727e-02;3.376682e-02;4.548980e-02;2.272018e-01;1.397563e-02
6.073925e-02;1.338339e-01;8.692654e-02;4.255228e-02;4.194900e-02;4.855960e-02;1.548145e-01;8.889813e-02;3.364863e-02;4.660888e-02;2.392022e-01;2.226712e-02
6.217095e-02;9.336913e-02;6.598623e-02;1.909907e-02;3.234149e-02;7.422334e-02;2.074292e-01;6.424709e-02;3.488575e-02;5.214765e-02;2.721073e-01;2.199275e-02
1.338895e-01;1.048943e-01;2.979295e-02;2.617311e-02;3.044332e-02;8.012243e-02;2.106211e-01;9.740802e-02;4.532710e-02;5.118888e-02;1.669335e-01;2.320582e-02
1.601363e-01;1.148756e-01;2.389184e-02;2.253617e-02;4.245638e-02;8.741316e-02;2.152083e-01;1.080380e-01;6.144911e-02;3.223869e-02;1.149455e-01;1.681095e-02
1.434385e-01;8.626016e-02;3.271776e-02;2.331589e-02;6.551223e-02;1.053427e-01;1.670638e-01;9.739824e-02;7.161070e-02;3.589903e-02;1.516062e-01;1.983478e-02
1.413775e-01;5.478284e-02;3.037792e-02;2.453475e-02;7.546391e-02;1.198530e-01;1.724348e-01;7.387498e-02;7.047340e-02;5.987103e-02;1.491192e-01;2.783673e-02
1.543307e-01;2.784945e-02;2.939116e-02;2.579880e-02;8.285476e-02;1.299028e-01;2.036861e-01;6.599104e-02;5.637180e-02;5.383069e-02;1.404770e-01;2.951568e-02
1.635242e-01;2.357817e-02;3.416081e-02;2.745992e-02;9.245946e-02;1.378910e-01;2.192584e-01;4.970675e-02;5.263257e-02;2.935350e-02;1.352348e-01;3.474050e-02
1.718937e-01;2.438903e-02;3.596784e-02;2.694777e-02;8.465120e-02;1.158173e-01;2.540277e-01;7.039997e-02;5.431192e-02;2.979106e-02;9.952015e-02;3.228233e-02
1.847006e-01;3.221321e-02;4.726472e-02;3.340014e-02;7.056910e-02;1.199278e-01;2.366531e-01;3.867253e-02;4.977616e-02;3.148413e-02;1.232920e-01;3.204650e-02
2.058088e-01;3.605205e-02;5.190046e-02;2.880828e-02;6.485552e-02;1.203744e-01;2.682137e-01;4.126399e-02;4.846321e-02;2.513834e-02;7.905119e-02;3.007006e-02
1.784873e-01;3.024298e-02;5.394531e-02;2.970291e-02;7.118230e-02;1.187958e-01;2.881655e-01;5.188872e-02;4.892148e-02;2.175270e-02;8.512160e-02;2.179333e-02
1.216290e-01;4.414041e-02;5.585373e-02;2.936634e-02;7.523190e-02;1.228324e-01;3.361936e-01;8.090288e-02;4.610752e-02;2.269950e-02;4.309060e-02;2.195211e-02
1.140259e-01;3.171476e-02;6.128890e-02;3.044833e-02;8.524562e-02;1.411716e-01;3.292977e-01;4.318338e-02;5.656669e-02;2.596694e-02;4.294845e-02;3.814185e-02
1.372624e-01;3.993703e-02;4.932240e-02;2.950747e-02;7.955770e-02;1.166841e-01;3.050512e-01;4.362997e-02;5.406095e-02;2.043376e-02;8.609325e-02;3.845969e-02
1.355541e-01;3.660832e-02;4.003414e-02;2.876680e-02;6.896203e-02;1.019962e-01;2.838955e-01;3.862197e-02;4.121076e-02;1.549856e-02;1.709626e-01;3.788912e-02
1.222463e-01;7.803346e-02;3.408416e-02;2.469071e-02;4.598158e-02;7.685781e-02;2.407237e-01;6.835860e-02;2.521190e-02;2.118814e-02;2.324646e-01;3.015914e-02
1.720643e-01;4.384191e-02;3.720117e-02;2.535914e-02;2.968264e-02;6.417651e-02;2.148812e-01;1.553726e-01;1.832742e-02;3.271821e-02;1.791279e-01;2.724696e-02
2.180890e-01;1.241986e-01;3.954412e-02;3.347918e-02;2.098479e-02;6.414152e-02;1.204164e-01;1.234298e-01;1.419158e-02;3.627018e-02;1.787108e-01;2.654406e-02
1.319999e-01;1.441309e-01;5.381931e-02;4.378293e-02;6.868567e-02;7.174908e-02;1.483151e-01;9.626652e-02;2.413913e-02;2.745518e-02;1.413893e-01;4.826694e-02
6.981884e-02;1.289805e-01;5.077782e-02;6.000071e-02;1.042791e-01;7.202619e-02;8.326632e-02;9.872968e-02;5.181513e-02;6.738612e-02;1.555801e-01;5.733943e-02
1.038649e-01;1.213376e-01;6.387062e-02;8.116807e-02;8.085586e-02;8.730624e-02;1.048940e-01;9.932508e-02;5.042397e-02;7.740605e-02;8.817790e-02;4.136976e-02
1.132608e-01;1.108974e-01;9.284370e-02;8.541047e-02;7.858507e-02;8.682358e-02;7.612076e-02;1.168951e-01;8.082193e-02;5.779806e-02;8.032437e-02;2.021874e-02
8.142363e-02;9.878709e-02;1.084046e-01;6.827306e-02;8.573934e-02;1.153344e-01;9.383322e-02;9.835999e-02;8.486019e-02;7.611792e-02;7.861967e-02;1.024682e-02
7.326692e-02;1.174813e-01;1.035450e-01;5.155816e-02;6.176297e-02;1.154305e-01;1.511054e-01;7.887751e-02;1.047309e-01;8.267826e-02;4.475671e-02;1.480633e-02
9.465532e-02;7.153828e-02;9.399790e-02;7.014301e-02;2.984540e-02;8.749020e-02;1.896444e-01;1.218184e-01;1.139235e-01;7.937754e-02;2.366005e-02;2.390598e-02
1.334997e-01;7.131509e-02;7.773077e-02;1.119630e-01;4.479967e-02;9.907917e-02;1.143597e-01;9.984528e-02;8.100601e-02;8.490412e-02;5.981067e-02;2.168678e-02
1.286225e-01;1.021720e-01;6.122830e-02;1.112623e-01;4.593871e-02;1.053135e-01;7.751562e-02;8.919241e-02;8.138061e-02;7.336479e-02;9.145942e-02;3.254978e-02
7.894468e-02;1.180786e-01;6.310208e-02;5.590535e-02;3.964945e-02;8.600686e-02;1.224810e-01;1.123627e-01;9.334077e-02;5.909146e-02;1.283756e-01;4.266155e-02
6.681748e-02;1.063070e-01;5.550319e-02;3.760461e-02;3.948542e-02;8.315092e-02;1.227001e-01;1.250964e-01;1.343478e-01;7.242535e-02;1.048049e-01;5.175667e-02
1.066763e-01;1.044185e-01;5.409900e-02;5.410780e-02;5.982086e-02;7.019561e-02;1.053082e-01;1.138102e-01;9.857678e-02;8.752508e-02;1.024063e-01;4.305551e-02
1.271546e-01;1.106236e-01;4.829651e-02;4.907507e-02;7.042108e-02;5.329188e-02;1.239995e-01;9.466744e-02;8.899882e-02;1.075854e-01;8.050486e-02;4.538113e-02
1.044461e-01;1.120296e-01;5.801045e-02;4.727375e-02;5.271041e-02;5.911873e-02;1.148096e-01;1.092082e-01;1.327026e-01;8.147112e-02;1.064835e-01;2.173590e-02
8.997576e-02;1.061220e-01;6.965198e-02;4.634449e-02;2.895936e-02;1.001246e-01;1.334798e-01;1.096074e-01;1.287785e-01;6.404980e-02;9.834405e-02;2.456228e-02
1.224502e-01;7.959757e-02;8.736959e-02;5.096174e-02;3.628451e-02;1.064622e-01;1.424618e-01;1.014983e-01;1.145838e-01;5.818987e-02;6.773188e-02;3.240862e-02
1.234439e-01;8.755644e-02;6.193418e-02;7.621150e-02;3.404586e-02;1.093102e-01;1.416135e-01;1.021703e-01;7.113506e-02;7.621191e-02;1.008260e-01;1.554121e-02
1.415179e-01;9.631134e-02;5.314580e-02;9.934086e-02;4.877716e-02;9.110766e-02;8.590690e-02;7.108894e-02;6.460484e-02;7.483259e-02;1.429650e-01;3.040100e-02
1.312161e-01;9.861547e-02;4.680463e-02;8.395436e-02;6.303092e-02;8.354049e-02;1.177773e-01;9.230688e-02;7.317628e-02;5.548827e-02;1.202439e-01;3.384540e-02
7.782630e-02;7.118747e-02;6.754189e-02;6.958901e-02;6.516692e-02;1.158209e-01;1.545231e-01;1.051323e-01;7.906477e-02;8.367070e-02;9.427755e-02;1.619914e-02
5.276696e-02;6.577612e-02;9.203442e-02;6.833811e-02;5.772957e-02;1.003770e-01;1.149633e-01;1.148804e-01;1.020813e-01;1.473194e-01;5.799646e-02;2.573696e-02
8.171991e-02;9.232602e-02;9.295063e-02;7.197236e-02;5.051426e-02;5.995912e-02;1.233852e-01;1.049422e-01;1.158977e-01;1.421289e-01;4.559643e-02;1.860722e-02
1.383665e-01;1.198983e-01;7.952375e-02;6.231036e-02;7.363691e-02;4.544544e-02;1.207676e-01;9.338917e-02;9.213963e-02;7.143735e-02;7.319734e-02;2.988777e-02
1.000695e-01;1.503797e-01;3.770020e-02;3.442895e-02;4.223586e-02;4.519553e-02;2.019822e-01;1.371183e-01;4.027939e-02;3.953332e-02;1.476873e-01;2.338972e-02
1.193202e-01;1.057139e-01;3.488995e-02;2.228173e-02;3.669886e-02;4.585651e-02;2.151624e-01;1.433843e-01;3.039488e-02;3.082589e-02;1.963581e-01;1.911328e-02
1.148318e-01;9.851184e-02;4.462495e-02;1.734189e-02;4.689120e-02;5.114512e-02;2.138502e-01;1.213195e-01;4.000821e-02;3.392675e-02;1.942099e-01;2.333868e-02
1.747713e-01;1.050072e-01;6.360643e-02;1.901645e-02;5.807007e-02;7.875174e-02;1.795884e-01;7.397484e-02;5.957884e-02;3.929475e-02;1.193533e-01;2.898662e-02
1.712654e-01;7.117041e-02;8.644479e-02;2.862753e-02;8.335664e-02;9.962660e-02;1.493306e-01;9.174513e-02;1.017007e-01;3.846462e-02;3.519006e-02;4.307753e-02
1.096381e-01;2.892836e-02;8.686237e-02;3.874356e-02;9.973968e-02;9.775253e-02;1.536764e-01;1.185576e-01;1.214584e-01;2.971699e-02;6.042536e-02;5.450067e-02
9.342916e-02;1.352650e-02;9.381553e-02;5.008754e-02;1.138649e-01;9.787526e-02;1.422588e-01;1.230370e-01;1.274802e-01;2.127119e-02;5.885217e-02;6.450177e-02
8.802243e-02;1.405699e-02;1.017763e-01;5.762223e-02;1.140165e-01;8.998529e-02;1.427172e-01;1.241023e-01;1.323333e-01;2.269192e-02;4.540617e-02;6.726935e-02
8.893786e-02;1.021105e-02;1.183474e-01;6.167302e-02;1.035101e-01;7.864020e-02;1.431238e-01;1.176823e-01;1.420536e-01;3.716074e-02;3.261699e-02;6.604303e-02
8.821411e-02;1.276052e-02;1.237949e-01;6.259683e-02;9.314301e-02;6.177805e-02;1.410673e-01;1.254778e-01;1.451289e-01;4.603467e-02;4.020287e-02;5.980099e-02
8.141594e-02;1.753783e-02;1.247878e-01;5.907881e-02;7.955177e-02;7.266047e-02;1.443587e-01;1.434478e-01;1.392152e-01;5.166551e-02;3.115727e-02;5.512287e-02
5.449961e-02;2.215328e-02;1.460998e-01;5.846336e-02;7.000297e-02;9.590963e-02;1.621734e-01;1.293200e-01;1.315613e-01;5.206599e-02;2.107205e-02;5.667861e-02
2.461332e-02;3.271120e-02;1.680640e-01;4.973566e-02;6.749650e-02;9.624559e-02;1.672853e-01;1.036948e-01;1.478677e-01;5.452191e-02;2.715240e-02;6.061162e-02
4.826856e-02;2.344489e-02;1.428880e-01;5.258721e-02;7.407901e-02;7.714292e-02;1.546850e-01;1.333674e-01;1.755091e-01;4.501594e-02;1.693824e-02;5.607379e-02
5.938841e-02;2.591032e-02;1.120605e-01;6.179675e-02;7.581308e-02;7.132814e-02;1.583795e-01;1.382931e-01;1.725091e-01;3.849477e-02;2.472653e-02;6.129979e-02
4.475632e-02;2.296557e-02;9.154771e-02;7.076376e-02;8.147171e-02;7.298355e-02;1.567938e-01;1.552110e-01;1.692450e-01;2.448768e-02;3.547544e-02;7.429849e-02
5.075807e-02;1.637420e-02;7.544762e-02;8.750210e-02;9.251572e-02;6.856583e-02;1.382762e-01;1.628565e-01;1.683650e-01;1.494359e-02;4.003306e-02;8.436209e-02
5.513967e-02;1.933338e-02;6.922451e-02;8.738927e-02;9.609887e-02;7.631227e-02;1.463779e-01;1.565865e-01;1.500941e-01;1.534951e-02;4.159315e-02;8.650099e-02
5.157387e-02;1.895410e-02;4.723097e-02;7.704920e-02;1.049677e-01;7.808517e-02;1.408530e-01;1.624234e-01;1.461919e-01;1.674190e-02;6.339502e-02;9.253377e-02
7.113699e-02;2.504061e-02;4.193145e-02;6.905774e-02;1.062906e-01;7.087924e-02;1.302507e-01;1.668399e-01;1.350105e-01;1.587578e-02;8.602600e-02;8.166058e-02
6.500644e-02;1.067788e-02;5.061830e-02;9.458078e-02;1.086907e-01;6.731433e-02;1.195541e-01;1.609598e-01;1.600631e-01;1.469918e-02;7.841273e-02;6.942260e-02
6.239104e-02;1.439514e-02;4.805939e-02;1.099900e-01;1.032662e-01;6.210195e-02;1.107624e-01;1.439476e-01;1.916383e-01;2.533221e-02;7.428931e-02;5.382637e-02
8.966315e-02;1.472254e-02;5.476775e-02;1.068549e-01;8.533917e-02;5.278957e-02;9.826284e-02;1.043465e-01;1.786336e-01;3.833435e-02;1.355760e-01;4.070972e-02
1.018068e-01;3.419290e-02;4.573194e-02;8.064621e-02;6.192811e-02;4.867099e-02;9.457660e-02;7.263469e-02;1.104740e-01;3.777395e-02;2.838805e-01;2.768330e-02
9.988894e-02;6.350139e-02;3.400884e-02;5.204854e-02;4.352189e-02;3.729866e-02;8.197124e-02;6.692217e-02;6.054075e-02;6.965134e-02;3.731896e-01;1.745659e-02
1.406727e-01;9.765594e-02;3.410332e-02;3.154361e-02;4.668801e-02;3.598192e-02;8.969069e-02;7.735120e-02;4.251140e-02;9.129668e-02;2.995781e-01;1.292641e-02
1.594149e-01;9.986229e-02;4.678499e-02;4.248762e-02;9.131130e-02;5.985057e-02;1.987922e-01;1.031345e-01;5.113307e-02;8.398610e-02;3.501246e-02;2.823001e-02
1.652102e-01;8.306108e-02;4.621787e-02;4.423197e-02;6.894173e-02;4.594557e-02;1.306665e-01;7.845046e-02;4.949936e-02;2.903097e-02;2.268635e-01;3.188083e-02
1.540749e-01;7.211069e-02;4.748902e-02;5.823603e-02;4.772023e-02;5.101645e-02;6.842788e-02;8.859097e-02;5.833714e-02;4.824525e-02;2.680072e-01;3.774424e-02
1.299125e-01;6.678039e-02;5.816319e-02;5.788263e-02;5.577609e-02;8.576836e-02;7.587367e-02;7.750939e-02;6.926371e-02;6.321149e-02;2.231304e-01;3.672819e-02
1.029952e-01;8.977133e-02;3.840903e-02;4.631001e-02;5.208176e-02;1.243125e-01;1.283435e-01;5.719284e-02;7.714198e-02;1.363550e-01;1.173153e-01;2.977141e-02
4.349143e-02;6.424334e-02;2.394126e-02;4.191343e-02;4.508095e-02;1.094894e-01;1.316375e-01;1.023194e-01;1.125624e-01;2.614084e-01;4.255042e-02;2.136213e-02
5.458338e-02;4.352350e-02;1.730992e-02;4.462963e-02;4.952460e-02;9.516843e-02;1.108548e-01;1.280445e-01;1.142361e-01;2.798580e-01;5.047095e-02;1.179622e-02
6.707864e-02;5.413629e-02;2.066743e-02;4.180746e-02;3.858641e-02;8.530691e-02;7.745615e-02;1.695483e-01;1.569245e-01;1.997060e-01;7.791970e-02;1.086220e-02
5.706556e-02;5.420513e-02;2.648012e-02;3.325958e-02;2.810035e-02;5.876618e-02;8.245578e-02;1.575980e-01;1.805236e-01;2.149372e-01;9.123623e-02;1.537215e-02
4.602252e-02;4.902178e-02;3.879860e-02;4.109682e-02;1.876276e-02;5.636710e-02;9.070812e-02;1.590795e-01;1.464626e-01;2.645116e-01;6.689238e-02;2.227621e-02
4.187983e-02;7.971513e-02;5.153954e-02;6.160892e-02;1.651458e-02;6.864868e-02;8.177063e-02;1.585586e-01;1.796396e-01;1.894138e-01;4.151818e-02;2.919256e-02
6.921139e-02;1.152921e-01;4.823182e-02;7.959948e-02;4.055507e-02;6.239210e-02;9.088717e-02;1.577196e-01;1.566505e-01;8.492877e-02;6.793700e-02;2.659499e-02
1.222159e-01;1.202359e-01;3.394196e-02;6.035575e-02;6.729712e-02;6.423905e-02;1.056030e-01;1.499734e-01;7.733538e-02;7.497566e-02;9.838190e-02;2.544506e-02
1.072742e-01;1.350181e-01;3.738993e-02;5.634433e-02;8.857099e-02;7.469448e-02;1.264253e-01;1.347102e-01;4.619804e-02;5.814406e-02;9.738086e-02;3.784952e-02
7.930406e-02;6.007490e-02;5.477854e-02;5.510434e-02;6.094794e-02;5.158653e-02;2.440997e-01;1.036958e-01;3.568590e-02;5.995381e-02;1.641433e-01;3.062516e-02
1.287599e-01;1.004151e-01;2.773774e-02;2.248040e-02;3.485485e-02;6.766333e-02;2.723809e-01;1.578848e-01;2.289785e-02;4.109491e-02;1.113592e-01;1.247105e-02
1.387050e-01;7.911225e-02;2.504956e-02;2.401021e-02;4.297781e-02;8.763231e-02;3.086735e-01;1.712229e-01;3.014356e-02;3.110448e-02;4.766546e-02;1.370297e-02
1.381944e-01;4.873422e-02;2.616557e-02;2.974086e-02;7.257947e-02;1.096599e-01;2.921344e-01;1.167284e-01;4.986328e-02;3.105893e-02;5.776529e-02;2.737520e-02
1.467998e-01;6.237469e-02;2.362890e-02;3.535299e-02;9.755777e-02;1.139114e-01;2.551970e-01;6.755400e-02;5.148518e-02;2.861334e-02;8.074059e-02;3.678442e-02
1.716907e-01;9.397593e-02;1.909449e-02;2.653938e-02;8.329602e-02;7.979641e-02;2.468915e-01;9.117953e-02;3.879139e-02;2.409187e-02;8.089201e-02;4.376082e-02
1.350062e-01;8.981013e-02;2.316047e-02;2.069714e-02;8.970583e-02;6.115633e-02;2.063035e-01;7.105335e-02;4.919014e-02;2.598253e-02;1.605631e-01;6.737137e-02
5.733622e-02;5.868896e-02;3.169601e-02;2.538287e-02;1.063872e-01;5.871923e-02;1.837947e-01;7.888015e-02;5.849535e-02;2.553277e-02;2.283110e-01;8.677559e-02
7.076628e-02;3.940836e-02;3.224887e-02;3.905530e-02;8.849835e-02;5.811704e-02;1.381027e-01;6.743632e-02;4.619678e-02;3.207642e-02;3.181485e-01;6.994508e-02
5.070205e-02;5.347817e-02;2.958118e-02;6.365443e-02;5.599504e-02;6.983459e-02;6.775416e-02;7.982424e-02;2.902441e-02;3.995563e-02;4.192243e-01;4.097183e-02
7.371067e-02;7.784253e-02;3.146525e-02;6.577527e-02;3.831919e-02;9.071093e-02;6.376938e-02;9.481579e-02;1.992646e-02;3.432143e-02;3.921132e-01;1.722990e-02
8.013127e-02;8.564176e-02;3.418208e-02;5.799152e-02;2.319662e-02;9.650066e-02;7.356007e-02;1.062149e-01;1.978393e-02;3.295352e-02;3.826223e-01;7.221420e-03
9.564072e-02;1.221223e-01;3.737177e-02;2.768033e-02;3.696559e-02;5.868414e-02;9.696212e-02;1.215522e-01;1.930162e-02;3.339246e-02;3.426257e-01;7.701028e-03
8.857188e-02;1.441337e-01;4.096761e-02;2.397797e-02;3.704809e-02;3.960012e-02;9.691224e-02;1.162254e-01;1.886276e-02;3.041636e-02;3.569252e-01;6.358779e-03
