6.525669e-02;8.086466e-02;7.390375e-02;4.912780e-02;7.534771e-02;1.478873e-01;3.079192e-02;9.597056e-02;7.742548e-02;1.025335e-01;1.397102e-01;6.118044e-02
6.876620e-02;5.199995e-02;1.072091e-01;3.094742e-02;4.085211e-02;1.889306e-01;3.783184e-02;5.318420e-02;7.472420e-02;7.135127e-02;2.193872e-01;5.481586e-02
8.976512e-02;3.250500e-02;1.454085e-01;2.581254e-02;2.031669e-02;1.991680e-01;2.477443e-02;2.185023e-02;7.350545e-02;4.608162e-02;2.731886e-01;4.762377e-02
7.517418e-02;2.248770e-02;1.531946e-01;1.992617e-02;2.656032e-02;1.844868e-01;6.151034e-02;1.722969e-02;9.173276e-02;4.117930e-02;2.591159e-01;4.740232e-02
4.033509e-02;3.006994e-02;1.091956e-01;2.206052e-02;3.644982e-02;1.975817e-01;1.226507e-01;3.235775e-02;8.889870e-02;3.387287e-02;2.069944e-01;7.953287e-02
1.890664e-02;4.255499e-02;5.594346e-02;2.717104e-02;4.166130e-02;2.318922e-01;1.694545e-01;4.144397e-02;4.966334e-02;2.474333e-02;1.656964e-01;1.308688e-01
1.665515e-02;3.166430e-02;3.379667e-02;2.296577e-02;5.918099e-02;2.883553e-01;1.465115e-01;3.533350e-02;5.228736e-02;2.277308e-02;1.780452e-01;1.124313e-01
1.956050e-02;1.837023e-02;4.088299e-02;2.539994e-02;6.517258e-02;3.408646e-01;9.161811e-02;2.390208e-02;6.112725e-02;4.057287e-02;1.865549e-01;8.597399e-02
5.616931e-02;3.479318e-02;6.258786e-02;2.542329e-02;4.404296e-02;2.679119e-01;1.376693e-01;3.412334e-02;6.351344e-02;5.521291e-02;1.607261e-01;5.782648e-02
8.462504e-02;2.898956e-02;7.556855e-02;2.209823e-02;2.306060e-02;1.160541e-01;1.972882e-01;5.867631e-02;1.152621e-01;6.641095e-02;1.572534e-01;5.471287e-02
7.737845e-02;3.002091e-02;8.232559e-02;2.769129e-02;2.976587e-02;1.530074e-01;1.852754e-01;6.787632e-02;1.144504e-01;6.085299e-02;1.035222e-01;6.783313e-02
4.822792e-02;4.105498e-02;7.772437e-02;2.532240e-02;4.031993e-02;2.513717e-01;1.203822e-01;5.604230e-02;9.582540e-02;9.751407e-02;9.702259e-02;4.919217e-02
4.021401e-02;4.160540e-02;8.187430e-02;2.587549e-02;4.302278e-02;3.284352e-01;1.226860e-01;5.405584e-02;5.702029e-02;8.383182e-02;9.834343e-02;2.303545e-02
3.334642e-02;4.208108e-02;6.671543e-02;2.749422e-02;4.047456e-02;2.653942e-01;2.147791e-01;7.768127e-02;6.343401e-02;4.695684e-02;9.474738e-02;2.689552e-02
3.351765e-02;4.576346e-02;5.199100e-02;2.657918e-02;2.589887e-02;1.630391e-01;2.683826e-01;1.445239e-01;6.823753e-02;8.749550e-02;5.501627e-02;2.955491e-02
4.428203e-02;4.626890e-02;4.262489e-02;2.397362e-02;5.425873e-02;8.365194e-02;1.874505e-01;2.644881e-01;6.296182e-02;1.063801e-01;5.681784e-02;2.684139e-02
4.762289e-02;6.075819e-02;4.222037e-02;1.462845e-02;8.675828e-02;3.427512e-02;6.609032e-02;3.154190e-01;9.747753e-02;7.998085e-02;1.408685e-01;1.390049e-02
3.079501e-02;9.560312e-02;5.012042e-02;1.105371e-02;7.849374e-02;4.081380e-02;4.390651e-02;2.285683e-01;1.892088e-01;4.448379e-02;1.747000e-01;1.225282e-02
2.227559e-02;1.410566e-01;5.223901e-02;2.351061e-02;4.077470e-02;5.980261e-02;4.956817e-02;9.693889e-02;3.355626e-01;3.010276e-02;1.273750e-01;2.079339e-02
2.001257e-02;1.595548e-01;5.598465e-02;3.351498e-02;2.763261e-02;9.051976e-02;3.456284e-02;6.205951e-02;3.956975e-01;3.055379e-02;5.747790e-02;3.242910e-02
1.475797e-02;1.657729e-01;5.665976e-02;3.244220e-02;1.543828e-02;1.172201e-01;2.809500e-02;6.975241e-02;3.712378e-01;2.876871e-02;2.756197e-02;7.229289e-02
1.416583e-02;1.631508e-01;7.266935e-02;2.308718e-02;1.433529e-02;1.220478e-01;2.653623e-02;4.015593e-02;3.128757e-01;6.350794e-02;2.532551e-02;1.221425e-01
2.096481e-02;1.438577e-01;1.252142e-01;1.098207e-02;1.247217e-02;1.028816e-01;3.429139e-02;2.609823e-02;2.385850e-01;1.294300e-01;1.904542e-02;1.361774e-01
2.584838e-02;1.312786e-01;1.725667e-01;1.499567e-02;1.709600e-02;6.909034e-02;5.363729e-02;4.306172e-02;1.885519e-01;1.919670e-01;1.275072e-02;7.915566e-02
2.336562e-02;1.279539e-01;1.589521e-01;3.195712e-02;2.232081e-02;7.479181e-02;6.753926e-02;6.583188e-02;1.805180e-01;1.914722e-01;2.017621e-02;3.512094e-02
1.454943e-02;1.115762e-01;1.697949e-01;3.965830e-02;3.677457e-02;8.126591e-02;4.772339e-02;6.653696e-02;1.749549e-01;1.719223e-01;4.063701e-02;4.460615e-02
1.780115e-02;1.174667e-01;2.366001e-01;2.716772e-02;3.361119e-02;4.629476e-02;2.508486e-02;5.795247e-02;1.261930e-01;2.428509e-01;3.649693e-02;3.248026e-02
2.082830e-02;1.078384e-01;2.684744e-01;1.423724e-02;2.967257e-02;2.598839e-02;3.893961e-02;4.818716e-02;6.262699e-02;3.398372e-01;2.158767e-02;2.178210e-02
1.446023e-02;1.073826e-01;2.503992e-01;8.509219e-03;1.954204e-02;2.802311e-02;5.254453e-02;3.323580e-02;7.975268e-02;3.579360e-01;2.539477e-02;2.281987e-02
1.432011e-02;1.320144e-01;2.628776e-01;1.131411e-02;1.627734e-02;2.748216e-02;4.905576e-02;4.100648e-02;6.317893e-02;3.392611e-01;2.001871e-02;2.319331e-02
2.111254e-02;1.574283e-01;2.449790e-01;1.824475e-02;1.848686e-02;6.310663e-02;3.486272e-02;6.618242e-02;8.101644e-02;2.464619e-01;2.645883e-02;2.165968e-02
2.554445e-02;1.677804e-01;2.035189e-01;2.258401e-02;3.068330e-02;9.405091e-02;4.961406e-02;7.970918e-02;1.349628e-01;1.368284e-01;3.893192e-02;1.579160e-02
2.955717e-02;1.857190e-01;2.035110e-01;2.380258e-02;5.249775e-02;7.728204e-02;6.501054e-02;6.872292e-02;1.254604e-01;8.585319e-02;5.079552e-02;3.178785e-02
2.459715e-02;1.708554e-01;2.243179e-01;2.627915e-02;4.790178e-02;3.262652e-02;6.119018e-02;6.177258e-02;1.294280e-01;1.551130e-01;2.930121e-02;3.661723e-02
1.876195e-02;1.005741e-01;2.364197e-01;3.019134e-02;3.337616e-02;5.884058e-02;5.153178e-02;7.494637e-02;1.553335e-01;1.782147e-01;3.086987e-02;3.094004e-02
1.762224e-02;1.276246e-01;2.397747e-01;2.799860e-02;2.446921e-02;9.640644e-02;4.083725e-02;6.441589e-02;1.536200e-01;1.375398e-01;4.996677e-02;1.972451e-02
1.755975e-02;1.149438e-01;2.353724e-01;3.858426e-02;3.056522e-02;1.024019e-01;5.154786e-02;6.055768e-02;1.573202e-01;1.203035e-01;3.975770e-02;3.108573e-02
3.586725e-02;1.408245e-01;2.439558e-01;3.422232e-02;2.748382e-02;9.179159e-02;3.767483e-02;1.337837e-01;1.128165e-01;8.278348e-02;2.924878e-02;2.954750e-02
3.768907e-02;2.272553e-01;2.907234e-01;2.534864e-02;4.546198e-02;7.614136e-02;2.379159e-02;1.027960e-01;4.957958e-02;7.123847e-02;1.526838e-02;3.470624e-02
2.403373e-02;2.516167e-01;3.426685e-01;2.145369e-02;2.598308e-02;6.569453e-02;3.629917e-02;4.215670e-02;7.673501e-02;7.526056e-02;1.879896e-02;1.929935e-02
1.569617e-02;2.622507e-01;4.075546e-01;2.679569e-02;1.500205e-02;4.310450e-02;3.060007e-02;3.201057e-02;6.172691e-02;7.992901e-02;1.370073e-02;1.162902e-02
1.183844e-02;3.142121e-01;4.350776e-01;1.689217e-02;1.369451e-02;1.853072e-02;1.631261e-02;3.855572e-02;3.842066e-02;7.274444e-02;9.646476e-03;1.407450e-02
2.431826e-02;3.766390e-01;3.652588e-01;9.311578e-03;7.516789e-03;3.461190e-02;1.997423e-02;3.324772e-02;5.213509e-02;5.283327e-02;9.701819e-03;1.445147e-02
3.035520e-02;4.004442e-01;3.176993e-01;1.544637e-02;5.979885e-03;3.595836e-02;2.564692e-02;3.257146e-02;6.971006e-02;4.417405e-02;1.021706e-02;1.179708e-02
3.334234e-02;3.718419e-01;3.061493e-01;1.856477e-02;1.446849e-02;3.296073e-02;2.255074e-02;2.656385e-02;8.436184e-02;6.053168e-02;1.408276e-02;1.458162e-02
3.922042e-02;2.551910e-01;3.076333e-01;2.059497e-02;2.556357e-02;2.902541e-02;3.214968e-02;4.523204e-02;1.224769e-01;8.796425e-02;1.580486e-02;1.914352e-02
2.794886e-02;2.005596e-01;2.914545e-01;2.039314e-02;2.466321e-02;4.203418e-02;3.584540e-02;7.278179e-02;1.459875e-01;1.007109e-01;1.591212e-02;2.170888e-02
3.704710e-02;2.458463e-01;2.962520e-01;2.114817e-02;1.517123e-02;4.430590e-02;2.701793e-02;4.816508e-02;1.331592e-01;9.260622e-02;1.245023e-02;2.683062e-02
2.774454e-02;2.050986e-01;2.932699e-01;2.015261e-02;9.435484e-03;6.617615e-02;5.233620e-02;4.817028e-02;9.351525e-02;1.456337e-01;1.383878e-02;2.462856e-02
2.380143e-02;1.807952e-01;2.642999e-01;1.613878e-02;1.370718e-02;5.354901e-02;6.449039e-02;5.100468e-02;7.942615e-02;2.104402e-01;1.418310e-02;2.816403e-02
2.476223e-02;1.706032e-01;2.299293e-01;1.916516e-02;2.263981e-02;5.645757e-02;5.168123e-02;5.255508e-02;8.460294e-02;2.302421e-01;2.539036e-02;3.197102e-02
3.488259e-02;2.207872e-01;2.657328e-01;2.001222e-02;1.664255e-02;5.493915e-02;4.319526e-02;6.557423e-02;3.750410e-02;1.999255e-01;2.533141e-02;1.547294e-02
3.081454e-02;2.355611e-01;3.023331e-01;1.663873e-02;1.428643e-02;4.070994e-02;4.982655e-02;4.456251e-02;7.015782e-02;1.569256e-01;2.558134e-02;1.260232e-02
2.808280e-02;2.087484e-01;3.052269e-01;2.013764e-02;2.579739e-02;4.017782e-02;5.127762e-02;3.322913e-02;6.975902e-02;1.620002e-01;3.878134e-02;1.678172e-02
3.637574e-02;2.361071e-01;2.505920e-01;1.883373e-02;3.915749e-02;7.375598e-02;3.522397e-02;4.335321e-02;3.724628e-02;1.469569e-01;4.986870e-02;3.252883e-02
8.310078e-02;2.429131e-01;2.241797e-01;2.114718e-02;5.659623e-02;4.613442e-02;3.930670e-02;9.756754e-02;4.239190e-02;7.157178e-02;3.412944e-02;4.096120e-02
1.199643e-01;1.835059e-01;1.975212e-01;1.659667e-02;9.895784e-02;5.136418e-02;5.115391e-02;1.651052e-01;4.437863e-02;1.936930e-02;2.066077e-02;3.142212e-02
1.080559e-01;1.920068e-01;1.625318e-01;1.536093e-02;1.249126e-01;8.618694e-02;4.237884e-02;1.866890e-01;3.078255e-02;2.025277e-02;1.319197e-02;1.765002e-02
7.998599e-02;1.818227e-01;1.240400e-01;1.434178e-02;1.419302e-01;1.165205e-01;2.895450e-02;1.952996e-01;7.032442e-02;1.681672e-02;2.050771e-02;9.455931e-03
6.786694e-02;1.348029e-01;9.559973e-02;8.205609e-03;1.493972e-01;8.396009e-02;3.364452e-02;2.409027e-01;1.061467e-01;3.144814e-02;4.147859e-02;6.546852e-03
6.917664e-02;8.339676e-02;7.497887e-02;7.561242e-03;1.238025e-01;3.922075e-02;1.602159e-02;2.958739e-01;1.355843e-01;4.220152e-02;1.000139e-01;1.216798e-02
6.165698e-02;7.789622e-02;7.483107e-02;1.168897e-02;8.144217e-02;3.308450e-02;6.498428e-02;2.805338e-01;1.121615e-01;3.826994e-02;1.510795e-01;1.237099e-02
4.565176e-02;8.569550e-02;9.591825e-02;2.051968e-02;5.266483e-02;7.216688e-02;1.214423e-01;1.808654e-01;8.489922e-02;4.754036e-02;1.626639e-01;2.997189e-02
6.585409e-02;9.368020e-02;1.104740e-01;3.259004e-02;3.395408e-02;9.741815e-02;1.376771e-01;1.033588e-01;7.994891e-02;7.786495e-02;9.815196e-02;6.902764e-02
1.089487e-01;8.982200e-02;1.036788e-01;2.867332e-02;4.762241e-02;7.042739e-02;9.723175e-02;2.293454e-01;7.209305e-02;6.285559e-02;3.047318e-02;5.882834e-02
1.659182e-01;8.405393e-02;1.030031e-01;1.499807e-02;6.189179e-02;3.405283e-02;3.111214e-02;3.475445e-01;6.225939e-02;2.837986e-02;3.155585e-02;3.523030e-02
1.979563e-01;6.515476e-02;1.038160e-01;1.088449e-02;6.158302e-02;1.846035e-02;5.230049e-02;3.820481e-01;3.241259e-02;2.070841e-02;2.818946e-02;2.648602e-02
1.861189e-01;6.142951e-02;8.556805e-02;2.412521e-02;4.662641e-02;4.021252e-02;9.548322e-02;3.376726e-01;4.181435e-02;3.658802e-02;2.755527e-02;1.680600e-02
1.280212e-01;3.932826e-02;5.241355e-02;4.552223e-02;3.631236e-02;8.362181e-02;2.169621e-01;2.390322e-01;3.226660e-02;4.591485e-02;2.637204e-02;5.423279e-02
6.436499e-02;8.669376e-02;6.430930e-02;4.561980e-02;4.925334e-02;1.477588e-01;2.569819e-01;1.321616e-01;2.501645e-02;3.174438e-02;2.780768e-02;6.828799e-02
6.153131e-02;1.135639e-01;8.504524e-02;3.205161e-02;6.344058e-02;1.942111e-01;1.915007e-01;9.033927e-02;5.219018e-02;3.310214e-02;3.881475e-02;4.420916e-02
7.286705e-02;1.032176e-01;1.460000e-01;4.698313e-02;4.567410e-02;1.575433e-01;9.092810e-02;1.187364e-01;7.623947e-02;7.057983e-02;4.439929e-02;2.683163e-02
7.464664e-02;1.190340e-01;1.955385e-01;4.538877e-02;5.611517e-02;6.673173e-02;7.084969e-02;1.830446e-01;5.827985e-02;7.616668e-02;2.950664e-02;2.469771e-02
1.038146e-01;1.685119e-01;1.721408e-01;2.377542e-02;4.054082e-02;8.003644e-02;8.803326e-02;1.563142e-01;5.571573e-02;3.122044e-02;4.878063e-02;3.111588e-02
8.043747e-02;1.547812e-01;1.788285e-01;3.320611e-02;2.588076e-02;1.010079e-01;1.101271e-01;1.394538e-01;4.683395e-02;4.544241e-02;5.137919e-02;3.262153e-02
4.468155e-02;1.120227e-01;2.040126e-01;3.847276e-02;2.805526e-02;1.248079e-01;1.103332e-01;1.211937e-01;5.791124e-02;5.421704e-02;6.435286e-02;3.993927e-02
4.078830e-02;1.363793e-01;2.501256e-01;4.727897e-02;2.303834e-02;1.121522e-01;9.474233e-02;1.084620e-01;5.171825e-02;5.304892e-02;5.239575e-02;2.987018e-02
7.094391e-02;1.803419e-01;2.677268e-01;4.390102e-02;3.380022e-02;7.988734e-02;7.910358e-02;1.185223e-01;5.090168e-02;3.191846e-02;2.537719e-02;1.757563e-02
1.113717e-01;1.678283e-01;2.514796e-01;2.829791e-02;4.849126e-02;4.177387e-02;7.198879e-02;1.778401e-01;4.838272e-02;1.575045e-02;2.496490e-02;1.183037e-02
1.179553e-01;1.110032e-01;1.844218e-01;2.703207e-02;5.587371e-02;3.931176e-02;7.092689e-02;2.539542e-01;5.316328e-02;2.583773e-02;2.425095e-02;3.626923e-02
1.364014e-01;6.280210e-02;8.023813e-02;4.311070e-02;3.529038e-02;6.842325e-02;1.174188e-01;2.734813e-01;5.539153e-02;3.315237e-02;1.618021e-02;7.810976e-02
9.568431e-02;6.835803e-02;5.786971e-02;4.121921e-02;2.302918e-02;9.990228e-02;2.365899e-01;1.910563e-01;3.438900e-02;4.427566e-02;1.217136e-02;9.545517e-02
4.882564e-02;5.975311e-02;5.530626e-02;4.147283e-02;2.369448e-02;1.468315e-01;2.861321e-01;1.445944e-01;2.672826e-02;5.418175e-02;1.112951e-02;1.013502e-01
3.287902e-02;5.582300e-02;7.200427e-02;4.985457e-02;4.402696e-02;1.849039e-01;2.569641e-01;1.129968e-01;3.972415e-02;5.211403e-02;1.861593e-02;8.009323e-02
4.135421e-02;1.323703e-01;1.341457e-01;6.228765e-02;5.205866e-02;1.893689e-01;1.381729e-01;6.778523e-02;6.255436e-02;3.781636e-02;2.488844e-02;5.719737e-02
7.697181e-02;1.347176e-01;1.245381e-01;3.376895e-02;3.389236e-02;1.166699e-01;1.450323e-01;1.616783e-01;5.746944e-02;3.095158e-02;3.280758e-02;5.150203e-02
1.240128e-01;9.934077e-02;9.115443e-02;2.233570e-02;3.606650e-02;1.477275e-01;6.649375e-02;2.465207e-01;5.405756e-02;2.416482e-02;2.660396e-02;6.152156e-02
7.041625e-02;1.017514e-01;9.253822e-02;2.322135e-02;4.133790e-02;1.236602e-01;2.160214e-01;2.112926e-01;4.618642e-02;1.157874e-02;1.567936e-02;4.631607e-02
4.707050e-02;1.036537e-01;1.132251e-01;3.615479e-02;4.461104e-02;7.422522e-02;2.628248e-01;1.822282e-01;4.903992e-02;1.731953e-02;1.765684e-02;5.199032e-02
7.845432e-02;7.839043e-02;1.283230e-01;4.819782e-02;4.152807e-02;4.676969e-02;2.458072e-01;1.424760e-01;6.160279e-02;1.885499e-02;2.664468e-02;8.295102e-02
8.101010e-02;8.327045e-02;1.337189e-01;4.406701e-02;3.106656e-02;5.621127e-02;2.213625e-01;1.181399e-01;7.087047e-02;2.183912e-02;2.840178e-02;1.100419e-01
6.116527e-02;7.486202e-02;1.066323e-01;3.944365e-02;2.690486e-02;1.032095e-01;2.282715e-01;1.501981e-01;6.403988e-02;1.970244e-02;3.569268e-02;8.987767e-02
4.800254e-02;7.606367e-02;9.912077e-02;2.556551e-02;2.517829e-02;1.445866e-01;2.506543e-01;1.644592e-01;4.917387e-02;1.997925e-02;3.793594e-02;5.928005e-02
4.331516e-02;1.134870e-01;1.153360e-01;1.539007e-02;2.459937e-02;1.538064e-01;2.223076e-01;1.648653e-01;4.946674e-02;1.571494e-02;2.772833e-02;5.398307e-02
5.341201e-02;8.576471e-02;1.135106e-01;2.209781e-02;2.788076e-02;1.656249e-01;1.798795e-01;1.853069e-01;6.423202e-02;2.305277e-02;3.115010e-02;4.808794e-02
4.508661e-02;7.248567e-02;1.077196e-01;1.743810e-02;4.137929e-02;2.204455e-01;1.325336e-01;1.682747e-01;9.189154e-02;2.559824e-02;3.667819e-02;4.046888e-02
5.490594e-02;7.909906e-02;1.249541e-01;2.162265e-02;2.964489e-02;2.761223e-01;6.545818e-02;1.354167e-01;8.626555e-02;3.130867e-02;4.479422e-02;5.040768e-02
3.245267e-02;5.273974e-02;1.212234e-01;2.345640e-02;3.115053e-02;2.371855e-01;1.775886e-01;1.171985e-01;8.771229e-02;3.374868e-02;4.560982e-02;3.993392e-02
3.568908e-02;6.414440e-02;1.056628e-01;2.458271e-02;3.663838e-02;1.306160e-01;2.362105e-01;1.302815e-01;1.148862e-01;4.134238e-02;3.633932e-02;4.360667e-02
5.064171e-02;7.354985e-02;1.031708e-01;3.424984e-02;5.791855e-02;4.835004e-02;1.914824e-01;1.442606e-01;1.667832e-01;4.590891e-02;1.951516e-02;6.416887e-02
4.926945e-02;6.223039e-02;1.062615e-01;3.910941e-02;4.143061e-02;8.290473e-02;1.152993e-01;1.852914e-01;2.038734e-01;3.311094e-02;2.326846e-02;5.795036e-02
5.169579e-02;1.275846e-01;1.359804e-01;3.054649e-02;2.362572e-02;6.279764e-02;6.606540e-02;2.157518e-01;1.630041e-01;4.287116e-02;2.615271e-02;5.392423e-02
6.474424e-02;1.283685e-01;1.739153e-01;2.232295e-02;1.727083e-02;9.402920e-02;4.969887e-02;2.191527e-01;1.159906e-01;3.649122e-02;3.000741e-02;4.800813e-02
6.543664e-02;5.198200e-02;1.698593e-01;2.052876e-02;1.543912e-02;1.294312e-01;1.632474e-01;1.972930e-01;7.539040e-02;3.508965e-02;3.907479e-02;3.722781e-02
5.415350e-02;1.112131e-01;1.631831e-01;2.611322e-02;2.391596e-02;1.159768e-01;1.455632e-01;1.714339e-01;9.681964e-02;3.448513e-02;2.935337e-02;2.778899e-02
5.707861e-02;1.534728e-01;1.705371e-01;2.867550e-02;3.399982e-02;7.334924e-02;5.642288e-02;2.092168e-01;1.101036e-01;3.760967e-02;2.404389e-02;4.549002e-02
6.452165e-02;9.995823e-02;1.614487e-01;2.651945e-02;2.575540e-02;3.655520e-02;6.898291e-02;2.572389e-01;1.120355e-01;3.039160e-02;4.304935e-02;7.354315e-02
5.930665e-02;6.490392e-02;1.762822e-01;2.626218e-02;1.926388e-02;7.733231e-02;9.587278e-02;2.734174e-01;6.793275e-02;3.592655e-02;4.247112e-02;6.102832e-02
4.247968e-02;1.010940e-01;1.751471e-01;3.763233e-02;1.957837e-02;6.369720e-02;4.467320e-02;2.547676e-01;1.226602e-01;4.652656e-02;3.893954e-02;5.280420e-02
4.489014e-02;1.218204e-01;1.509627e-01;6.690272e-02;3.179904e-02;4.870613e-02;2.676988e-02;2.126987e-01;1.704641e-01;6.226740e-02;2.513303e-02;3.758578e-02
3.613368e-02;1.051056e-01;1.450016e-01;6.168332e-02;7.571045e-02;7.354897e-02;4.268345e-02;1.307281e-01;1.805882e-01;8.565983e-02;1.660648e-02;4.655029e-02
2.050875e-02;7.845045e-02;9.823010e-02;4.993424e-02;8.193017e-02;1.462510e-01;5.387170e-02;1.195973e-01;1.720339e-01;8.601508e-02;4.222488e-02;5.095244e-02
3.180662e-02;3.996494e-02;7.591674e-02;3.806895e-02;5.647070e-02;2.386629e-01;8.163396e-02;1.043055e-01;1.353698e-01;6.902781e-02;7.005073e-02;5.872133e-02
3.232205e-02;5.042006e-02;8.373702e-02;1.667471e-02;2.995047e-02;3.284909e-01;9.234272e-02;6.410252e-02;8.437802e-02;8.204404e-02;8.043828e-02;5.509926e-02
1.742800e-02;2.635115e-02;8.235727e-02;1.691191e-02;1.659056e-02;3.337168e-01;7.268143e-02;7.224910e-02;1.310643e-01;1.132703e-01;7.103619e-02;4.634290e-02
2.554516e-02;2.578574e-02;6.943177e-02;1.733182e-02;3.243319e-02;2.546044e-01;1.423271e-01;1.007455e-01;1.460391e-01;8.981258e-02;5.232999e-02;4.361363e-02
2.677541e-02;2.617574e-02;5.108843e-02;2.048540e-02;4.444678e-02;1.731967e-01;2.362741e-01;1.396776e-01;1.405552e-01;4.881810e-02;3.670562e-02;5.580084e-02
3.208550e-02;5.930148e-02;5.698178e-02;3.306682e-02;2.552398e-02;1.152549e-01;3.049516e-01;1.586057e-01;8.599593e-02;2.465985e-02;2.551500e-02;7.805750e-02
3.447714e-02;5.226941e-02;3.689870e-02;3.847466e-02;1.271699e-02;1.089800e-01;4.219397e-01;1.119809e-01;4.362264e-02;3.553636e-02;2.273839e-02;8.036510e-02
2.934851e-02;5.161890e-02;3.219486e-02;4.735057e-02;1.136991e-02;8.859551e-02;4.482175e-01;1.086579e-01;3.985170e-02;5.239564e-02;2.186685e-02;6.853217e-02
2.869496e-02;6.360526e-02;5.180639e-02;4.130727e-02;1.146139e-02;7.527636e-02;3.746016e-01;1.146997e-01;5.935392e-02;9.218101e-02;2.168372e-02;6.532837e-02
3.817547e-02;6.373294e-02;6.351136e-02;3.183787e-02;7.855664e-03;1.061494e-01;3.031826e-01;1.193460e-01;6.862652e-02;9.627096e-02;2.789275e-02;7.341848e-02
5.588851e-02;7.816287e-02;5.868340e-02;5.032131e-02;1.698187e-02;1.110083e-01;2.532467e-01;1.296095e-01;6.593896e-02;7.681148e-02;2.897090e-02;7.437617e-02
5.668328e-02;8.209836e-02;4.121469e-02;6.505677e-02;3.369907e-02;1.208239e-01;2.239645e-01;1.608010e-01;6.860569e-02;5.977995e-02;1.600049e-02;7.127225e-02
3.468724e-02;9.495375e-02;5.062346e-02;3.670037e-02;2.728887e-02;1.175394e-01;2.254436e-01;1.787839e-01;8.700908e-02;5.004097e-02;2.582647e-02;7.110287e-02
3.470534e-02;7.829733e-02;7.235362e-02;2.280060e-02;1.373957e-02;1.087779e-01;2.566074e-01;1.759778e-01;7.227807e-02;5.812312e-02;4.567490e-02;6.066434e-02
3.939512e-02;5.652380e-02;1.062902e-01;2.315393e-02;1.884525e-02;9.524152e-02;2.174457e-01;1.589195e-01;8.445524e-02;8.117371e-02;5.852231e-02;6.003378e-02
4.357035e-02;7.569294e-02;1.326834e-01;2.444131e-02;1.694178e-02;8.984038e-02;1.349852e-01;1.485731e-01;1.181411e-01;8.612670e-02;5.251812e-02;7.648573e-02
3.714244e-02;1.211992e-01;1.298987e-01;3.971231e-02;2.671750e-02;1.151072e-01;1.515848e-01;1.246237e-01;9.836634e-02;4.912245e-02;3.940324e-02;6.712218e-02
3.361292e-02;6.916922e-02;1.306949e-01;5.316521e-02;3.418072e-02;1.260923e-01;1.917646e-01;8.963133e-02;1.127293e-01;5.232118e-02;4.346501e-02;6.317347e-02
3.057336e-02;1.328855e-01;1.763496e-01;3.433016e-02;2.575392e-02;1.335870e-01;1.500695e-01;1.043565e-01;8.280628e-02;5.313758e-02;3.387840e-02;4.227237e-02
4.225930e-02;2.262488e-01;2.213606e-01;2.431738e-02;2.548230e-02;1.128672e-01;8.897695e-02;1.120281e-01;5.492847e-02;4.146682e-02;2.293339e-02;2.713074e-02
5.779229e-02;2.562636e-01;2.198772e-01;1.856239e-02;3.462594e-02;9.949645e-02;7.583583e-02;1.100594e-01;5.732994e-02;2.955882e-02;1.618341e-02;2.441472e-02
6.110113e-02;2.245471e-01;1.945427e-01;1.389356e-02;3.696229e-02;9.353936e-02;8.474702e-02;1.426973e-01;6.871801e-02;3.586840e-02;1.978274e-02;2.360037e-02
4.706109e-02;1.605534e-01;1.482010e-01;3.538918e-02;2.940177e-02;5.718486e-02;1.701233e-01;1.525859e-01;8.869267e-02;4.855206e-02;2.206195e-02;4.019286e-02
5.492125e-02;1.183308e-01;8.414582e-02;5.353909e-02;2.381111e-02;7.848497e-02;2.210446e-01;1.417537e-01;9.860215e-02;5.474064e-02;2.010452e-02;5.052131e-02
6.202213e-02;1.714253e-01;1.413443e-01;5.408388e-02;1.728525e-02;9.368401e-02;1.756661e-01;9.750395e-02;8.119181e-02;4.055568e-02;2.048012e-02;4.475743e-02
5.150189e-02;1.745133e-01;1.821216e-01;4.083210e-02;1.559400e-02;7.650354e-02;1.455288e-01;1.102643e-01;8.269308e-02;3.269389e-02;2.648312e-02;6.127029e-02
3.690271e-02;1.760814e-01;2.290352e-01;3.092131e-02;1.856448e-02;6.957920e-02;1.369096e-01;1.000955e-01;7.056951e-02;3.522066e-02;2.304241e-02;7.307798e-02
2.458460e-02;1.951258e-01;2.209788e-01;3.300766e-02;2.754850e-02;8.004976e-02;1.233432e-01;8.941498e-02;7.216547e-02;3.757994e-02;3.347168e-02;6.272966e-02
3.892604e-02;2.093965e-01;1.891093e-01;2.617180e-02;3.666250e-02;9.413733e-02;1.000687e-01;1.005605e-01;8.291230e-02;4.009252e-02;3.098077e-02;5.098171e-02
4.850640e-02;2.090654e-01;1.824086e-01;2.328328e-02;2.682289e-02;1.028671e-01;7.255206e-02;1.413975e-01;8.223622e-02;3.764322e-02;3.325723e-02;3.996010e-02
5.342393e-02;1.914554e-01;1.748251e-01;3.116437e-02;3.116481e-02;1.095478e-01;4.985156e-02;1.597799e-01;5.204273e-02;4.101257e-02;5.343742e-02;5.229443e-02
5.651296e-02;1.596785e-01;8.996931e-02;4.782520e-02;2.976081e-02;8.516768e-02;8.175340e-02;1.456802e-01;1.019854e-01;5.189242e-02;6.629100e-02;8.348311e-02
4.342733e-02;1.689541e-01;1.363561e-01;4.314591e-02;3.883348e-02;8.989047e-02;6.886513e-02;1.179582e-01;1.042556e-01;4.955579e-02;5.315149e-02;8.560640e-02
4.194687e-02;1.204350e-01;1.596431e-01;3.360509e-02;4.508953e-02;1.123379e-01;9.111379e-02;1.203616e-01;9.690023e-02;4.538608e-02;4.562991e-02;8.755095e-02
4.808008e-02;7.997652e-02;1.820333e-01;4.392568e-02;4.302940e-02;7.664382e-02;1.318667e-01;1.068724e-01;1.279386e-01;3.599778e-02;5.009958e-02;7.353618e-02
4.716145e-02;1.782310e-01;1.964293e-01;4.638514e-02;2.771750e-02;8.229777e-02;1.180663e-01;8.459850e-02;1.005113e-01;3.997643e-02;4.430810e-02;3.431733e-02
4.633576e-02;1.896225e-01;2.057897e-01;4.706103e-02;3.140877e-02;8.460698e-02;7.756294e-02;1.336970e-01;6.881312e-02;3.722599e-02;3.671829e-02;4.115800e-02
6.591830e-02;1.605927e-01;1.694484e-01;4.625588e-02;2.768138e-02;5.926193e-02;9.811245e-02;1.928827e-01;5.656742e-02;3.001462e-02;2.179771e-02;7.146655e-02
5.299863e-02;1.122796e-01;9.254559e-02;5.159761e-02;1.355027e-02;5.196759e-02;2.093041e-01;2.011245e-01;4.122410e-02;2.644372e-02;1.862127e-02;1.283430e-01
2.484289e-02;8.731317e-02;3.389531e-02;5.211159e-02;1.226765e-02;6.525413e-02;3.249363e-01;1.452010e-01;3.701066e-02;2.235648e-02;3.362585e-02;1.611850e-01
1.696756e-02;7.548740e-02;2.956246e-02;3.565875e-02;2.148567e-02;1.189457e-01;3.378372e-01;8.288217e-02;6.797829e-02;1.638206e-02;6.242235e-02;1.343903e-01
1.475587e-02;4.641275e-02;7.654242e-02;3.127980e-02;2.945211e-02;2.298170e-01;2.243593e-01;4.482214e-02;1.177483e-01;2.638032e-02;9.647202e-02;6.195806e-02
1.828149e-02;2.259579e-02;1.125846e-01;2.394475e-02;4.380981e-02;3.595176e-01;1.127544e-01;2.466586e-02;1.195022e-01;4.037093e-02;9.921855e-02;2.275402e-02
1.986412e-02;2.061437e-02;1.097950e-01;1.431558e-02;6.642815e-02;4.459294e-01;7.530548e-02;2.041662e-02;7.752280e-02;5.804883e-02;8.250809e-02;9.251541e-03
1.576278e-02;1.870889e-02;9.074558e-02;1.178096e-02;9.035622e-02;4.793972e-01;7.494023e-02;2.166121e-02;5.075612e-02;6.805345e-02;6.862768e-02;9.209604e-03
1.852719e-02;2.113512e-02;7.268030e-02;1.616859e-02;9.412387e-02;4.891967e-01;6.563011e-02;2.019641e-02;4.780617e-02;7.837778e-02;6.501557e-02;1.114215e-02
2.073002e-02;2.306316e-02;5.008530e-02;1.288983e-02;7.185021e-02;4.953382e-01;8.716763e-02;2.576311e-02;6.626759e-02;6.846732e-02;5.740727e-02;2.097035e-02
1.727841e-02;2.885140e-02;4.311074e-02;1.833900e-02;5.135915e-02;4.938375e-01;1.234984e-01;3.748937e-02;8.209826e-02;3.907209e-02;3.533738e-02;2.972828e-02
1.552119e-02;3.758997e-02;4.223659e-02;2.148490e-02;5.785416e-02;4.661206e-01;1.102325e-01;6.141887e-02;8.260184e-02;3.174910e-02;4.590543e-02;2.728491e-02
1.747518e-02;3.696899e-02;4.445619e-02;1.606342e-02;5.206399e-02;3.875238e-01;1.692775e-01;8.136752e-02;9.356261e-02;3.715935e-02;4.207154e-02;2.200997e-02
2.357048e-02;2.649947e-02;3.709995e-02;4.150240e-02;5.532123e-02;3.220135e-01;2.060533e-01;8.295480e-02;1.012036e-01;3.497885e-02;4.204629e-02;2.675613e-02
2.462798e-02;2.878307e-02;4.341201e-02;6.376137e-02;6.084229e-02;2.954313e-01;2.164876e-01;7.634118e-02;8.568586e-02;3.780574e-02;4.491169e-02;2.190991e-02
1.375832e-02;3.291548e-02;4.778878e-02;7.299528e-02;6.035452e-02;3.092514e-01;1.813704e-01;8.315775e-02;7.995662e-02;4.174310e-02;4.884312e-02;2.786526e-02
1.651835e-02;5.525955e-02;6.052560e-02;8.033642e-02;3.982335e-02;2.931652e-01;1.610641e-01;7.562746e-02;8.171579e-02;4.292635e-02;5.979208e-02;3.324572e-02
1.552855e-02;6.142212e-02;6.213816e-02;6.987564e-02;4.290126e-02;2.623723e-01;1.533078e-01;6.937127e-02;1.012062e-01;5.092262e-02;6.785285e-02;4.310131e-02
1.057893e-02;7.084359e-02;6.465477e-02;3.660176e-02;4.691735e-02;2.253170e-01;1.474511e-01;9.126737e-02;1.200566e-01;6.132562e-02;6.849749e-02;5.648840e-02
1.353328e-02;6.858147e-02;6.398948e-02;2.615216e-02;3.089465e-02;2.024467e-01;1.646294e-01;1.320324e-01;1.349492e-01;5.486454e-02;6.381028e-02;4.411643e-02
2.526029e-02;6.579553e-02;8.347920e-02;2.850761e-02;2.931710e-02;1.982344e-01;1.512125e-01;1.348108e-01;1.074717e-01;4.288679e-02;8.347968e-02;4.954430e-02
2.526634e-02;4.809562e-02;5.647595e-02;3.518781e-02;3.418845e-02;2.718457e-01;1.261007e-01;9.774496e-02;1.056357e-01;4.342948e-02;8.661701e-02;6.941227e-02
1.863489e-02;4.234197e-02;4.356835e-02;4.811943e-02;3.422648e-02;3.632812e-01;9.956736e-02;5.620388e-02;7.243077e-02;6.800961e-02;8.522932e-02;6.838670e-02
2.468678e-02;6.461504e-02;6.492512e-02;4.023477e-02;1.331349e-02;3.182081e-01;9.350146e-02;8.943364e-02;1.234385e-01;5.739009e-02;7.253517e-02;3.771784e-02
2.140195e-02;5.681115e-02;6.628597e-02;3.815648e-02;4.805281e-02;2.962902e-01;7.638218e-02;1.040393e-01;1.322139e-01;6.405060e-02;6.236544e-02;3.395008e-02
1.856005e-02;3.941197e-02;7.317944e-02;4.002266e-02;6.238488e-02;3.299213e-01;5.028385e-02;1.146826e-01;9.451738e-02;6.400575e-02;7.208920e-02;4.094090e-02
2.405375e-02;6.662439e-02;1.029162e-01;3.845964e-02;3.645528e-02;2.901829e-01;5.228571e-02;1.021195e-01;9.452306e-02;5.811960e-02;7.169407e-02;6.256603e-02
2.353445e-02;9.822718e-02;1.000696e-01;3.552203e-02;5.108478e-02;1.574015e-01;1.217686e-01;7.991266e-02;1.217833e-01;7.827315e-02;6.736086e-02;6.506183e-02
1.566782e-02;7.702795e-02;9.635472e-02;4.255641e-02;3.834487e-02;1.498696e-01;2.270066e-01;1.061328e-01;8.397961e-02;5.418211e-02;5.930978e-02;4.956774e-02
1.580775e-02;5.439259e-02;8.616333e-02;2.985879e-02;2.409693e-02;1.732908e-01;2.832085e-01;9.287081e-02;7.438198e-02;4.081353e-02;7.993999e-02;4.517511e-02
2.492611e-02;2.785586e-02;7.828961e-02;1.662846e-02;2.150100e-02;2.305661e-01;2.426081e-01;5.429536e-02;7.382181e-02;3.516683e-02;1.512129e-01;4.312789e-02
5.292633e-02;2.007588e-02;7.223017e-02;1.693902e-02;2.659750e-02;3.024068e-01;1.308980e-01;2.683847e-02;6.220734e-02;3.610523e-02;2.252135e-01;2.756173e-02
8.108058e-02;3.097931e-02;6.284423e-02;1.921347e-02;3.507584e-02;3.254841e-01;5.529622e-02;4.056126e-02;4.506297e-02;4.742673e-02;2.322237e-01;2.475160e-02
7.645392e-02;6.224634e-02;4.693354e-02;2.770190e-02;7.148509e-02;2.770272e-01;6.880681e-02;7.260321e-02;4.650017e-02;8.100094e-02;1.419987e-01;2.724212e-02
3.679759e-02;5.763144e-02;4.941038e-02;4.733074e-02;1.195185e-01;2.410566e-01;9.060885e-02;9.842854e-02;5.830754e-02;1.094387e-01;7.189485e-02;1.957632e-02
1.528080e-02;6.599772e-02;7.696876e-02;6.491493e-02;1.131610e-01;2.291328e-01;9.119170e-02;1.017711e-01;6.671466e-02;7.684942e-02;7.365397e-02;2.436312e-02
3.618846e-02;7.941390e-02;1.145639e-01;7.281637e-02;8.455776e-02;2.113665e-01;1.080126e-01;9.036759e-02;8.830786e-02;3.641097e-02;4.985499e-02;2.813903e-02
5.395733e-02;5.781600e-02;7.249595e-02;6.777145e-02;1.131314e-01;2.017401e-01;7.150333e-02;7.688858e-02;9.173588e-02;8.461297e-02;4.201142e-02;6.633560e-02
3.770149e-02;4.773497e-02;4.221020e-02;5.730175e-02;1.759274e-01;2.172008e-01;8.458509e-02;6.218148e-02;7.719627e-02;8.334185e-02;3.824895e-02;7.636976e-02
2.413393e-02;5.262823e-02;3.596919e-02;6.962524e-02;2.179929e-01;1.806531e-01;7.619839e-02;5.560697e-02;7.426068e-02;1.026820e-01;4.637539e-02;6.387401e-02
2.081261e-02;4.578122e-02;3.160178e-02;7.536100e-02;2.147170e-01;1.621238e-01;7.878829e-02;7.990687e-02;9.236317e-02;1.103093e-01;4.739737e-02;4.083758e-02
2.156921e-02;3.052905e-02;4.298691e-02;8.835769e-02;1.839516e-01;1.594350e-01;9.060603e-02;1.135479e-01;1.099303e-01;9.360930e-02;4.063924e-02;2.483784e-02
3.025339e-02;3.114066e-02;4.815396e-02;8.558463e-02;1.860909e-01;1.340006e-01;6.724151e-02;1.566523e-01;1.160446e-01;6.538486e-02;5.388876e-02;2.556382e-02
3.037985e-02;4.521519e-02;4.688137e-02;1.137823e-01;1.563688e-01;1.421602e-01;9.532811e-02;1.323374e-01;1.425282e-01;3.638893e-02;3.025261e-02;2.837695e-02
2.797921e-02;6.266198e-02;4.657777e-02;9.172381e-02;1.731784e-01;9.121790e-02;9.502872e-02;1.320136e-01;1.426310e-01;5.985672e-02;4.985886e-02;2.727204e-02
2.366203e-02;7.062776e-02;3.769767e-02;6.544176e-02;2.085034e-01;7.202869e-02;9.432127e-02;9.383371e-02;1.333053e-01;1.010123e-01;7.852697e-02;2.103915e-02
2.259536e-02;6.735527e-02;2.735472e-02;5.811186e-02;2.111427e-01;6.658472e-02;9.716548e-02;8.603337e-02;1.323262e-01;1.324789e-01;7.871082e-02;2.014062e-02
2.066804e-02;6.689082e-02;2.685586e-02;3.596966e-02;1.967877e-01;9.066692e-02;9.501307e-02;9.369384e-02;1.411299e-01;1.493130e-01;5.764195e-02;2.536915e-02
3.072500e-02;6.877014e-02;4.561687e-02;3.772155e-02;1.403654e-01;1.350099e-01;1.293056e-01;1.302256e-01;1.202808e-01;1.181673e-01;2.375164e-02;2.006018e-02
3.544895e-02;5.885805e-02;4.721315e-02;5.849891e-02;1.210218e-01;1.236023e-01;1.371251e-01;1.298243e-01;9.290621e-02;1.608055e-01;2.061061e-02;1.408508e-02
3.326069e-02;4.039478e-02;4.164153e-02;6.183293e-02;1.106532e-01;7.740366e-02;9.718785e-02;9.907829e-02;8.368867e-02;2.905391e-01;3.638207e-02;2.793726e-02
3.158694e-02;4.487721e-02;4.180666e-02;4.701106e-02;1.065205e-01;8.935706e-02;5.171624e-02;5.205780e-02;8.041475e-02;3.401599e-01;5.161734e-02;6.287468e-02
4.399376e-02;5.105308e-02;5.811306e-02;5.717264e-02;1.277660e-01;8.335803e-02;5.010117e-02;4.474989e-02;1.021282e-01;2.418088e-01;3.989143e-02;9.986396e-02
7.277097e-02;4.823332e-02;7.438555e-02;8.228935e-02;1.165728e-01;9.316224e-02;7.431041e-02;6.145053e-02;1.309693e-01;1.183884e-01;2.472009e-02;1.027470e-01
7.898192e-02;6.673957e-02;8.217279e-02;8.731554e-02;7.007594e-02;1.256174e-01;7.336741e-02;9.657604e-02;1.375780e-01;6.910891e-02;5.280746e-02;5.965899e-02
4.459351e-02;6.934264e-02;5.346086e-02;7.431538e-02;8.209250e-02;1.465383e-01;5.829236e-02;1.201802e-01;1.394788e-01;1.146361e-01;6.200362e-02;3.506580e-02
2.440597e-02;6.129221e-02;4.983331e-02;5.680607e-02;8.239041e-02;1.310644e-01;8.833160e-02;1.154455e-01;1.622978e-01;1.577788e-01;4.403909e-02;2.631488e-02
1.451604e-02;6.914783e-02;5.767502e-02;7.721793e-02;9.954947e-02;9.737757e-02;1.079252e-01;7.318603e-02;1.365331e-01;1.809196e-01;5.147906e-02;3.447321e-02
5.183551e-02;8.090528e-02;6.093236e-02;1.053146e-01;1.131839e-01;1.119075e-01;8.284023e-02;6.877878e-02;1.000379e-01;1.231630e-01;6.759175e-02;3.350927e-02
6.466676e-02;8.181154e-02;5.983626e-02;7.326974e-02;1.188787e-01;1.206792e-01;6.185577e-02;8.086857e-02;1.127908e-01;1.420934e-01;5.533494e-02;2.791441e-02
5.704419e-02;9.301049e-02;7.598531e-02;5.983894e-02;1.061478e-01;1.061250e-01;1.036057e-01;8.165074e-02;1.330863e-01;1.121096e-01;4.518699e-02;2.620891e-02
3.432173e-02;8.069699e-02;8.928712e-02;4.822804e-02;5.419059e-02;1.216204e-01;1.251356e-01;9.903736e-02;1.356256e-01;1.019103e-01;7.603150e-02;3.391470e-02
3.296716e-02;7.927105e-02;1.024604e-01;3.851303e-02;4.348208e-02;1.110935e-01;1.087471e-01;7.404419e-02;1.200960e-01;1.545025e-01;9.304416e-02;4.177868e-02
6.935319e-02;9.238919e-02;1.043519e-01;5.790880e-02;8.517739e-02;1.220708e-01;7.606170e-02;7.785348e-02;9.398727e-02;1.174803e-01;4.989308e-02;5.347289e-02
7.246882e-02;7.184603e-02;1.137265e-01;4.546921e-02;9.042908e-02;1.735812e-01;6.708021e-02;6.080210e-02;7.662144e-02;6.527808e-02;9.704438e-02;6.565294e-02
5.011375e-02;8.473387e-02;9.162579e-02;3.543042e-02;9.790932e-02;1.776474e-01;5.562844e-02;7.663678e-02;7.493306e-02;9.167389e-02;7.931576e-02;8.435154e-02
3.942348e-02;1.449362e-01;4.298106e-02;2.228577e-02;1.448607e-01;1.109241e-01;4.785752e-02;9.302564e-02;6.598166e-02;1.837136e-01;2.191400e-02;8.209618e-02
3.000389e-02;1.223621e-01;2.402279e-02;2.843031e-02;1.541382e-01;6.876686e-02;3.718421e-02;8.013291e-02;7.631822e-02;2.277386e-01;7.232919e-02;7.857267e-02
2.473309e-02;9.826813e-02;3.118569e-02;3.927748e-02;1.506003e-01;6.076753e-02;2.344724e-02;7.443334e-02;1.041624e-01;2.172672e-01;8.121623e-02;9.464137e-02
3.119246e-02;8.051302e-02;5.631835e-02;6.721851e-02;1.223081e-01;3.999838e-02;4.134789e-02;8.197999e-02;1.549491e-01;1.749152e-01;7.379684e-02;7.546213e-02
3.114102e-02;5.319671e-02;7.443611e-02;7.756770e-02;5.109867e-02;8.089207e-02;4.982618e-02;1.202938e-01;2.056868e-01;1.355808e-01;7.261046e-02;4.766974e-02
2.446211e-02;4.816814e-02;5.222279e-02;7.964064e-02;7.989383e-02;1.068928e-01;5.463288e-02;1.166557e-01;2.322061e-01;9.083583e-02;7.252497e-02;4.186412e-02
2.369958e-02;4.460951e-02;3.145795e-02;7.613748e-02;1.316848e-01;1.155844e-01;5.312639e-02;1.151233e-01;2.369647e-01;1.113808e-01;3.185076e-02;2.838038e-02
1.989278e-02;5.244701e-02;2.971070e-02;9.463857e-02;1.098469e-01;1.242298e-01;6.069872e-02;1.001832e-01;2.043317e-01;1.168285e-01;4.883146e-02;3.836068e-02
1.870107e-02;4.941807e-02;3.491337e-02;1.133119e-01;1.404584e-01;1.199868e-01;7.120667e-02;1.005103e-01;1.893194e-01;8.690591e-02;4.274783e-02;3.252026e-02
4.033932e-02;5.673480e-02;2.509659e-02;1.094206e-01;1.605278e-01;1.075355e-01;7.563122e-02;1.073894e-01;1.893072e-01;7.108565e-02;2.952920e-02;2.740276e-02
4.696822e-02;5.400743e-02;5.612775e-02;9.816971e-02;1.385035e-01;1.116135e-01;4.899501e-02;9.315097e-02;1.759365e-01;1.247281e-01;2.020887e-02;3.159043e-02
2.703507e-02;4.367154e-02;6.688870e-02;1.080440e-01;1.115049e-01;1.146719e-01;4.914098e-02;1.355022e-01;1.898002e-01;1.137298e-01;2.249632e-02;1.751436e-02
2.107046e-02;2.726519e-02;6.057928e-02;1.198130e-01;7.618744e-02;9.048139e-02;6.185160e-02;1.845822e-01;2.318862e-01;8.393481e-02;2.073062e-02;2.161772e-02
2.692009e-02;2.629133e-02;2.987398e-02;1.270753e-01;9.464197e-02;7.728173e-02;5.132821e-02;1.900294e-01;2.411587e-01;1.019699e-01;1.412528e-02;1.930413e-02
2.726313e-02;2.802087e-02;4.049937e-02;1.195947e-01;8.549961e-02;6.150623e-02;3.976535e-02;1.942216e-01;2.537305e-01;1.143648e-01;2.116366e-02;1.437020e-02
2.767301e-02;3.258236e-02;4.436697e-02;8.162285e-02;7.805783e-02;6.119746e-02;3.812846e-02;2.121150e-01;2.883590e-01;9.351532e-02;3.165503e-02;1.072679e-02
3.513895e-02;3.950308e-02;2.120673e-02;3.558378e-02;6.037413e-02;5.017918e-02;3.489326e-02;2.737435e-01;3.320191e-01;6.819525e-02;3.906887e-02;1.009420e-02
2.273596e-02;4.240693e-02;5.141330e-02;4.287430e-02;5.853259e-02;5.640885e-02;2.878486e-02;2.967285e-01;2.603085e-01;9.125647e-02;3.538789e-02;1.316191e-02
6.558993e-03;2.389565e-02;7.207008e-02;7.104015e-02;6.599548e-02;4.437709e-02;1.976152e-02;3.088365e-01;2.632833e-01;7.073981e-02;3.328429e-02;2.015726e-02
3.631681e-03;2.124048e-02;9.441286e-02;5.202002e-02;3.796880e-02;6.006678e-02;1.891795e-02;3.199177e-01;2.889674e-01;5.532647e-02;2.157384e-02;2.595603e-02
4.841770e-03;3.991241e-02;1.453001e-01;4.132078e-02;2.499599e-02;7.217375e-02;3.291632e-02;2.924324e-01;2.373044e-01;6.816734e-02;1.638481e-02;2.425005e-02
9.721188e-03;7.864273e-02;2.041940e-01;6.072665e-02;4.492804e-02;7.225707e-02;4.112715e-02;2.156723e-01;1.587558e-01;6.928960e-02;2.254203e-02;2.214337e-02
7.768009e-03;9.858427e-02;1.562007e-01;5.652910e-02;6.688873e-02;8.508042e-02;8.708473e-02;2.153530e-01;1.095872e-01;6.700692e-02;3.759066e-02;1.232629e-02
4.973984e-03;1.084198e-01;9.479323e-02;3.679581e-02;4.523082e-02;9.554497e-02;1.517850e-01;2.322519e-01;1.060801e-01;7.568627e-02;4.066836e-02;7.769712e-03
1.370931e-02;1.107118e-01;1.116069e-01;3.039156e-02;3.421609e-02;1.076214e-01;2.174905e-01;1.398587e-01;1.073649e-01;7.519100e-02;4.192984e-02;9.908064e-03
1.415221e-02;9.088726e-02;1.290204e-01;3.552958e-02;3.381202e-02;1.007996e-01;2.563024e-01;1.158219e-01;1.101527e-01;6.060142e-02;3.537323e-02;1.754717e-02
1.933881e-02;5.463649e-02;1.224900e-01;7.955215e-02;2.971465e-02;1.377343e-01;2.366579e-01;8.341204e-02;9.833196e-02;5.084341e-02;4.343767e-02;4.385057e-02
3.249203e-02;5.046697e-02;1.057142e-01;1.107381e-01;1.611504e-02;1.629518e-01;1.670716e-01;1.029681e-01;6.509566e-02;7.289686e-02;3.962266e-02;7.386702e-02
5.818870e-02;4.986181e-02;7.401268e-02;1.281577e-01;2.721494e-02;1.948354e-01;1.041514e-01;9.610856e-02;5.777598e-02;9.517194e-02;2.253953e-02;9.198140e-02
6.696334e-02;4.653326e-02;7.028255e-02;1.436191e-01;3.287886e-02;1.909526e-01;5.237979e-02;9.589574e-02;6.977683e-02;1.187075e-01;1.184013e-02;1.001703e-01
4.343151e-02;5.433785e-02;7.694136e-02;1.323921e-01;2.295414e-02;1.633630e-01;9.248481e-02;1.029660e-01;7.027960e-02;9.088069e-02;2.190855e-02;1.280603e-01
2.569442e-02;5.632256e-02;7.186685e-02;1.155328e-01;1.575034e-02;1.513050e-01;1.505043e-01;7.359586e-02;9.052116e-02;6.050678e-02;3.621431e-02;1.521856e-01
1.878942e-02;8.528722e-02;7.825575e-02;9.165360e-02;1.721927e-02;1.252626e-01;1.967019e-01;7.274164e-02;8.859257e-02;4.793651e-02;4.587080e-02;1.316887e-01
2.698830e-02;9.198646e-02;7.185960e-02;8.690830e-02;1.769351e-02;1.127356e-01;2.277126e-01;7.368614e-02;1.019528e-01;3.995981e-02;4.459469e-02;1.039222e-01
3.061648e-02;6.704736e-02;7.238641e-02;1.119430e-01;2.193078e-02;1.141074e-01;2.080355e-01;6.779662e-02;1.014916e-01;5.640663e-02;4.064562e-02;1.075925e-01
3.024589e-02;8.378619e-02;7.441758e-02;1.457577e-01;1.844117e-02;1.093144e-01;1.381796e-01;7.829095e-02;8.622518e-02;8.284181e-02;4.980931e-02;1.026903e-01
2.976360e-02;1.024941e-01;8.427533e-02;1.562033e-01;1.607656e-02;1.212526e-01;1.060696e-01;6.570461e-02;8.093945e-02;8.027712e-02;4.576792e-02;1.111758e-01
4.124302e-02;7.797579e-02;8.146419e-02;1.344316e-01;1.336523e-02;1.455106e-01;1.142796e-01;7.716663e-02;5.416961e-02;9.640811e-02;4.278523e-02;1.212004e-01
5.161507e-02;6.522213e-02;6.376293e-02;9.618415e-02;1.115372e-02;1.895079e-01;1.403939e-01;9.163423e-02;5.366730e-02;1.120335e-01;2.758115e-02;9.724401e-02
4.490718e-02;7.030884e-02;3.689086e-02;7.778651e-02;2.109241e-02;2.426135e-01;1.741238e-01;6.283078e-02;5.341407e-02;1.023901e-01;5.125178e-02;6.239019e-02
2.789144e-02;6.689985e-02;3.946512e-02;5.232642e-02;3.349116e-02;2.984795e-01;1.725003e-01;8.859551e-02;6.954727e-02;5.288299e-02;5.314301e-02;4.477742e-02
