4.137528e-02;6.798525e-02;7.200815e-02;6.932443e-02;3.857445e-02;9.303250e-02;1.251689e-01;9.344541e-02;7.741173e-02;1.076716e-01;3.572391e-02;1.782784e-01
9.094035e-02;7.183143e-02;9.262452e-02;6.269564e-02;2.291981e-02;8.243461e-02;8.296793e-02;1.263930e-01;8.795092e-02;1.018386e-01;3.800614e-02;1.393971e-01
1.106801e-01;7.766746e-02;9.185369e-02;5.532347e-02;3.632918e-02;7.939740e-02;5.848198e-02;1.457251e-01;1.007509e-01;9.572699e-02;3.856010e-02;1.095035e-01
7.874157e-02;6.675909e-02;6.072849e-02;7.680584e-02;5.820043e-02;9.113894e-02;8.633485e-02;1.348246e-01;1.266936e-01;7.582118e-02;5.320204e-02;9.074936e-02
9.815886e-02;3.471497e-02;5.033415e-02;9.842434e-02;6.049897e-02;5.095900e-02;9.935961e-02;1.127583e-01;1.789488e-01;5.246347e-02;8.408346e-02;7.929609e-02
1.377387e-01;1.490472e-02;3.344830e-02;1.113474e-01;4.856456e-02;2.505819e-02;8.871217e-02;1.265137e-01;2.105379e-01;4.243176e-02;1.049828e-01;5.575971e-02
1.309398e-01;2.800164e-02;3.622244e-02;1.049590e-01;4.451772e-02;2.910702e-02;6.753279e-02;1.721450e-01;2.040927e-01;3.299177e-02;9.960923e-02;4.988082e-02
7.372358e-02;4.670058e-02;5.557453e-02;7.481100e-02;4.618383e-02;4.899458e-02;6.145470e-02;2.181752e-01;1.734182e-01;3.598550e-02;9.207849e-02;7.289980e-02
1.273901e-01;4.504539e-02;6.935495e-02;4.670717e-02;5.793148e-02;9.468899e-02;7.240057e-02;1.727491e-01;1.152629e-01;5.967451e-02;6.739250e-02;7.140239e-02
1.986008e-01;6.827383e-02;7.813268e-02;8.509519e-02;4.411763e-02;8.071043e-02;6.725674e-02;8.896157e-02;1.205179e-01;8.190867e-02;4.450303e-02;4.192146e-02
1.778440e-01;7.520752e-02;6.470258e-02;1.049739e-01;3.512061e-02;4.192230e-02;3.509998e-02;1.101793e-01;1.901253e-01;7.221788e-02;7.268635e-02;1.992024e-02
1.374303e-01;6.891360e-02;7.768399e-02;8.547857e-02;5.893848e-02;2.448673e-02;4.232672e-02;1.360337e-01;2.315796e-01;4.107015e-02;7.052379e-02;2.553434e-02
1.379293e-01;5.787179e-02;8.451269e-02;3.435908e-02;6.894543e-02;5.297716e-02;6.010217e-02;1.696070e-01;2.092298e-01;5.690441e-02;5.207109e-02;1.549015e-02
9.070461e-02;9.406156e-02;1.059949e-01;8.026550e-02;5.289610e-02;5.230414e-02;5.733319e-02;1.284992e-01;1.155753e-01;7.453711e-02;5.926261e-02;8.856571e-02
6.871841e-02;1.065859e-01;1.310496e-01;8.646679e-02;3.877432e-02;6.005419e-02;4.373581e-02;9.673087e-02;9.642810e-02;8.896846e-02;6.786572e-02;1.146218e-01
6.173138e-02;9.551138e-02;1.315186e-01;7.837732e-02;3.821120e-02;6.037551e-02;5.337497e-02;1.060930e-01;1.085087e-01;1.008945e-01;6.397115e-02;1.014322e-01
5.306948e-02;9.621194e-02;1.324646e-01;4.282122e-02;4.820693e-02;1.180580e-01;9.514113e-02;1.394663e-01;9.023755e-02;6.524354e-02;5.462880e-02;6.445050e-02
8.673412e-02;7.706145e-02;1.122573e-01;2.254552e-02;3.011902e-02;1.878253e-01;1.773937e-01;1.037152e-01;6.150363e-02;2.282534e-02;8.122993e-02;3.678950e-02
8.921869e-02;6.027935e-02;7.308534e-02;3.614934e-02;3.748158e-02;2.116956e-01;1.822773e-01;7.105014e-02;4.557478e-02;4.645504e-02;1.062846e-01;4.044830e-02
5.767465e-02;7.200632e-02;4.443538e-02;5.107504e-02;6.711495e-02;2.003716e-01;1.309322e-01;6.607565e-02;3.505684e-02;8.627684e-02;1.037315e-01;8.524914e-02
2.483618e-02;1.050722e-01;3.818432e-02;5.653957e-02;1.003305e-01;1.484597e-01;6.097345e-02;7.375208e-02;5.586345e-02;1.308058e-01;6.967060e-02;1.355121e-01
5.840002e-02;1.064616e-01;4.788367e-02;4.750245e-02;1.021393e-01;7.887076e-02;3.352888e-02;8.876507e-02;9.859437e-02;1.295053e-01;3.314034e-02;1.752083e-01
4.463032e-02;5.937856e-02;4.899318e-02;4.125675e-02;7.009333e-02;1.180905e-01;1.172041e-01;9.228239e-02;1.201949e-01;7.849257e-02;8.357058e-02;1.258128e-01
3.164785e-02;5.554713e-02;4.556779e-02;3.515926e-02;7.096031e-02;1.538624e-01;1.603705e-01;8.418485e-02;1.207876e-01;1.062939e-01;5.987328e-02;7.574515e-02
5.876371e-02;9.537105e-02;5.076352e-02;4.478821e-02;6.029139e-02;1.084734e-01;1.403898e-01;9.835996e-02;1.083765e-01;1.122520e-01;6.460202e-02;5.756834e-02
7.725671e-02;1.080284e-01;5.138039e-02;5.131860e-02;5.806654e-02;6.885910e-02;1.352828e-01;1.037358e-01;1.070697e-01;1.213945e-01;8.170987e-02;3.589763e-02
7.002421e-02;7.810253e-02;6.163019e-02;4.820673e-02;7.244413e-02;6.281111e-02;1.575506e-01;1.123043e-01;1.303864e-01;1.223475e-01;4.166890e-02;4.252347e-02
5.017740e-02;5.753059e-02;5.164142e-02;2.989445e-02;6.351543e-02;6.604642e-02;1.666251e-01;1.154235e-01;1.312389e-01;1.272940e-01;9.567642e-02;4.493631e-02
3.226050e-02;5.936188e-02;6.164747e-02;2.719871e-02;5.754535e-02;7.506703e-02;1.817692e-01;1.350288e-01;1.136956e-01;1.041307e-01;9.906800e-02;5.322670e-02
6.542701e-02;6.250207e-02;5.839685e-02;3.315083e-02;7.177623e-02;9.470777e-02;1.697863e-01;1.237879e-01;9.523149e-02;1.199046e-01;6.406339e-02;4.126567e-02
1.246266e-01;6.017030e-02;5.426351e-02;3.300534e-02;8.198034e-02;8.250771e-02;1.362207e-01;1.040772e-01;9.121659e-02;9.076752e-02;8.839895e-02;5.276521e-02
1.103176e-01;5.019683e-02;5.095154e-02;3.986479e-02;8.566189e-02;1.255321e-01;9.554890e-02;9.996574e-02;6.825595e-02;1.065630e-01;9.594750e-02;7.119415e-02
6.525587e-02;4.767933e-02;5.518778e-02;4.564619e-02;6.794322e-02;1.407557e-01;9.381377e-02;1.217280e-01;9.308497e-02;1.245897e-01;7.904889e-02;6.526657e-02
5.998148e-02;6.413587e-02;6.310649e-02;3.166283e-02;4.569967e-02;1.243263e-01;1.270507e-01;1.433042e-01;1.245910e-01;8.187404e-02;8.687783e-02;4.738953e-02
4.288661e-02;7.284531e-02;6.908768e-02;2.724795e-02;4.802447e-02;1.114873e-01;1.871174e-01;1.380548e-01;1.004649e-01;5.423263e-02;1.009607e-01;4.759013e-02
4.706569e-02;7.005485e-02;6.758308e-02;2.688318e-02;3.889479e-02;1.475255e-01;1.862411e-01;1.301943e-01;9.500343e-02;7.198811e-02;8.150911e-02;3.705676e-02
5.057369e-02;5.095346e-02;5.768831e-02;2.056587e-02;3.451134e-02;1.307837e-01;1.372621e-01;1.279144e-01;1.590564e-01;9.818399e-02;1.031599e-01;2.934695e-02
4.283803e-02;6.802904e-02;7.383800e-02;2.211968e-02;3.988729e-02;1.240361e-01;1.218567e-01;9.353694e-02;1.852681e-01;1.192659e-01;9.167743e-02;1.764675e-02
3.085528e-02;7.785209e-02;7.924578e-02;2.794852e-02;4.991789e-02;1.541315e-01;1.207263e-01;1.119585e-01;1.508566e-01;1.114877e-01;6.192732e-02;2.309263e-02
4.421112e-02;6.292149e-02;9.417810e-02;2.759064e-02;3.970646e-02;1.485417e-01;1.085077e-01;1.332455e-01;1.199376e-01;1.221559e-01;5.867525e-02;4.032850e-02
4.533333e-02;1.164852e-01;1.447668e-01;2.488505e-02;3.235248e-02;1.568451e-01;4.126192e-02;1.551376e-01;9.436393e-02;1.006808e-01;5.113616e-02;3.675164e-02
3.807849e-02;1.637416e-01;1.861827e-01;3.226477e-02;3.737725e-02;1.265050e-01;9.444019e-02;1.286277e-01;5.607896e-02;5.683490e-02;4.889131e-02;3.097712e-02
3.805130e-02;1.516451e-01;1.778980e-01;2.640967e-02;3.472633e-02;1.146481e-01;1.746376e-01;9.546469e-02;5.052876e-02;4.178890e-02;5.157705e-02;4.262459e-02
2.524823e-02;8.014036e-02;1.178891e-01;1.829341e-02;2.872202e-02;2.342624e-01;1.651771e-01;6.970218e-02;7.684319e-02;5.095339e-02;6.564918e-02;6.711942e-02
1.702659e-02;6.442557e-02;8.952440e-02;1.674019e-02;2.847301e-02;3.579775e-01;8.741324e-02;6.597621e-02;8.590105e-02;3.799761e-02;8.042705e-02;6.811751e-02
1.443416e-02;5.743004e-02;7.758919e-02;1.815448e-02;4.105626e-02;3.820941e-01;4.003499e-02;7.199466e-02;1.031414e-01;6.989253e-02;7.579696e-02;4.838128e-02
1.197680e-02;4.653781e-02;6.443083e-02;2.725591e-02;6.437672e-02;3.612412e-01;3.291840e-02;8.982652e-02;1.025776e-01;1.033228e-01;6.227039e-02;3.326505e-02
1.127153e-02;4.364505e-02;4.899658e-02;3.118180e-02;1.199059e-01;2.732430e-01;4.758720e-02;1.238842e-01;1.074485e-01;1.002203e-01;6.548993e-02;2.712600e-02
1.465974e-02;4.965206e-02;5.080550e-02;2.825307e-02;1.527812e-01;1.791696e-01;4.423960e-02;1.646891e-01;1.341074e-01;9.153529e-02;7.662417e-02;1.348317e-02
1.994661e-02;4.800256e-02;4.129079e-02;2.519352e-02;1.459744e-01;1.611236e-01;3.805957e-02;1.850799e-01;1.409629e-01;7.587610e-02;9.849504e-02;1.999500e-02
3.370456e-02;5.341620e-02;3.133811e-02;2.446065e-02;1.415812e-01;1.715314e-01;2.697003e-02;1.616523e-01;1.425129e-01;9.484159e-02;8.490139e-02;3.308962e-02
2.698716e-02;5.405482e-02;2.970977e-02;4.315618e-02;1.743916e-01;1.301673e-01;2.014606e-02;1.360341e-01;1.634040e-01;1.268967e-01;4.933269e-02;4.571961e-02
1.869131e-02;4.933890e-02;4.199177e-02;7.686325e-02;1.932881e-01;8.512408e-02;3.013727e-02;1.128541e-01;1.861877e-01;1.242340e-01;3.834052e-02;4.294897e-02
1.713569e-02;3.235194e-02;6.442717e-02;1.139632e-01;2.053071e-01;7.242531e-02;4.277075e-02;1.134934e-01;2.045415e-01;8.650604e-02;2.694636e-02;2.013155e-02
6.841865e-03;1.926444e-02;5.509902e-02;1.284849e-01;2.253647e-01;1.085186e-01;4.759961e-02;1.017239e-01;1.917844e-01;7.504440e-02;2.333814e-02;1.693596e-02
5.695181e-03;2.427756e-02;5.061381e-02;1.238546e-01;2.546907e-01;1.148418e-01;5.748297e-02;8.083016e-02;1.543987e-01;9.071761e-02;2.398456e-02;1.861239e-02
6.993888e-03;3.327221e-02;4.604469e-02;8.315580e-02;2.949759e-01;1.102784e-01;5.823305e-02;6.731475e-02;1.203429e-01;1.257749e-01;2.798542e-02;2.562807e-02
7.574304e-03;3.054282e-02;3.027504e-02;3.439234e-02;3.370350e-01;1.222880e-01;3.408096e-02;7.210701e-02;1.446491e-01;1.429594e-01;1.728674e-02;2.680923e-02
1.060709e-02;3.315988e-02;2.558007e-02;5.179680e-02;3.094013e-01;1.657821e-01;2.673418e-02;7.248209e-02;1.560835e-01;1.132105e-01;1.624743e-02;1.891500e-02
1.475008e-02;4.211944e-02;3.837562e-02;7.770821e-02;2.691268e-01;1.929372e-01;2.242033e-02;8.350939e-02;1.398921e-01;7.815926e-02;2.302163e-02;1.798005e-02
2.201763e-02;4.277742e-02;5.576322e-02;8.482501e-02;2.299440e-01;1.758528e-01;5.123001e-02;1.066048e-01;1.253779e-01;4.905014e-02;3.073251e-02;2.582449e-02
3.148604e-02;5.931557e-02;4.392100e-02;9.064991e-02;1.783690e-01;1.740196e-01;1.087730e-01;1.034745e-01;1.000478e-01;3.534019e-02;4.712818e-02;2.747520e-02
3.630614e-02;5.966270e-02;5.450571e-02;5.750167e-02;1.168448e-01;2.942026e-01;1.528616e-01;6.632700e-02;6.206127e-02;3.981771e-02;3.799026e-02;2.191850e-02
6.042761e-02;2.868599e-02;5.446161e-02;1.766200e-02;8.245480e-02;3.697293e-01;1.797248e-01;5.610805e-02;5.512793e-02;3.532669e-02;4.638289e-02;1.390840e-02
7.416648e-02;1.409417e-02;4.995864e-02;1.271415e-02;6.167912e-02;3.847127e-01;1.975098e-01;3.829283e-02;5.643162e-02;3.249561e-02;6.390165e-02;1.404323e-02
6.494986e-02;2.321147e-02;4.043550e-02;2.124844e-02;7.850705e-02;3.757351e-01;1.755573e-01;4.528921e-02;3.999380e-02;4.048299e-02;7.400163e-02;2.058757e-02
3.184343e-02;3.403399e-02;3.214158e-02;4.316685e-02;1.377948e-01;2.848711e-01;1.599072e-01;8.375850e-02;5.552056e-02;6.327358e-02;5.527372e-02;1.841462e-02
1.108950e-02;4.007612e-02;4.896101e-02;6.997744e-02;1.946139e-01;9.503353e-02;1.683495e-01;1.299983e-01;1.125537e-01;8.413444e-02;2.881734e-02;1.639516e-02
1.386995e-02;3.547585e-02;7.182048e-02;6.114480e-02;1.922857e-01;1.129075e-01;1.670153e-01;1.066774e-01;1.169375e-01;5.797175e-02;4.181946e-02;2.207424e-02
3.253266e-02;3.709870e-02;5.489714e-02;1.897887e-02;1.788104e-01;2.689793e-01;1.499762e-01;6.621663e-02;7.122359e-02;5.423578e-02;4.349440e-02;2.355644e-02
6.339336e-02;4.665294e-02;6.072777e-02;3.099869e-02;1.743550e-01;2.394707e-01;1.296630e-01;5.909350e-02;6.364372e-02;5.620039e-02;4.307747e-02;3.272348e-02
9.893758e-02;5.977736e-02;7.541762e-02;6.123903e-02;1.901033e-01;1.158151e-01;1.025495e-01;8.352476e-02;8.162316e-02;5.752550e-02;3.842698e-02;3.506011e-02
1.067169e-01;6.156586e-02;8.239123e-02;9.293332e-02;1.912113e-01;4.693159e-02;5.769426e-02;8.701592e-02;9.813890e-02;7.544594e-02;6.995754e-02;2.999726e-02
8.200002e-02;3.940712e-02;7.960380e-02;8.630306e-02;1.862685e-01;9.402931e-02;6.243169e-02;1.001614e-01;9.923428e-02;6.407274e-02;8.133677e-02;2.515133e-02
7.187719e-02;4.930081e-02;9.585430e-02;7.055160e-02;1.847591e-01;1.222205e-01;7.483369e-02;9.349697e-02;9.076109e-02;4.988480e-02;6.705241e-02;2.940751e-02
6.904131e-02;5.989569e-02;1.013216e-01;7.430011e-02;1.741620e-01;1.084438e-01;7.343995e-02;5.347087e-02;1.227343e-01;6.403766e-02;6.148690e-02;3.766589e-02
9.119530e-02;5.818323e-02;8.465382e-02;4.017792e-02;1.449336e-01;1.640271e-01;5.735728e-02;6.201633e-02;1.396096e-01;6.915782e-02;6.875035e-02;1.993769e-02
9.246363e-02;5.308528e-02;7.487267e-02;1.775448e-02;1.436289e-01;2.226607e-01;3.168221e-02;6.778545e-02;1.441277e-01;6.003336e-02;6.854709e-02;2.335851e-02
5.980927e-02;5.484728e-02;1.027430e-01;3.917985e-02;1.250128e-01;1.898502e-01;5.681914e-02;9.403279e-02;1.203344e-01;6.344052e-02;5.727495e-02;3.665585e-02
3.458379e-02;7.144953e-02;1.131357e-01;3.902898e-02;8.160039e-02;2.526666e-01;1.032990e-01;7.851546e-02;1.039341e-01;3.845555e-02;5.867764e-02;2.465319e-02
2.000253e-02;3.230666e-02;7.203205e-02;1.769788e-02;4.334779e-02;3.399166e-01;1.610195e-01;3.368556e-02;1.311397e-01;2.527786e-02;1.122083e-01;1.136552e-02
2.921299e-02;1.143708e-02;5.017238e-02;8.170552e-03;1.902434e-02;3.346995e-01;1.557367e-01;2.090699e-02;1.475289e-01;3.137814e-02;1.718096e-01;1.992298e-02
5.865112e-02;1.201171e-02;4.465119e-02;1.146278e-02;2.790577e-02;3.381978e-01;1.099777e-01;1.706648e-02;1.066638e-01;2.692861e-02;2.224458e-01;2.403734e-02
9.827060e-02;1.322022e-02;3.357663e-02;2.777302e-02;4.737601e-02;3.573698e-01;6.380055e-02;1.585249e-02;5.376947e-02;3.783751e-02;2.307971e-01;2.035666e-02
1.082763e-01;3.475467e-02;2.616439e-02;6.565309e-02;8.703236e-02;3.275448e-01;6.061179e-02;4.075295e-02;3.195019e-02;5.542420e-02;1.513638e-01;1.047141e-02
4.796034e-02;4.443127e-02;3.841027e-02;1.258813e-01;1.715323e-01;2.290075e-01;8.258940e-02;6.661756e-02;4.770650e-02;6.620400e-02;6.829810e-02;1.136146e-02
1.370331e-02;3.472107e-02;3.988896e-02;1.580640e-01;2.355952e-01;1.476072e-01;8.994244e-02;7.175727e-02;6.766148e-02;5.551304e-02;7.120924e-02;1.433670e-02
1.735345e-02;3.198347e-02;2.372376e-02;1.435573e-01;2.800701e-01;1.163153e-01;8.141878e-02;8.415101e-02;9.368306e-02;5.253433e-02;6.583788e-02;9.371552e-03
1.778595e-02;3.291735e-02;1.844079e-02;7.906181e-02;2.640099e-01;1.655070e-01;4.831271e-02;7.439239e-02;1.251371e-01;1.023566e-01;5.868068e-02;1.339772e-02
4.426912e-02;2.518748e-02;2.324777e-02;7.587441e-02;2.725843e-01;9.544307e-02;2.540816e-02;6.795350e-02;1.789905e-01;1.264246e-01;4.668206e-02;1.793495e-02
6.318172e-02;1.893218e-02;1.729930e-02;9.042200e-02;2.082364e-01;8.835635e-02;4.691210e-02;1.010683e-01;2.045950e-01;1.004667e-01;5.174904e-02;8.780776e-03
6.578951e-02;1.130112e-02;2.525973e-02;8.515324e-02;1.481207e-01;7.019632e-02;8.242118e-02;1.328768e-01;2.448581e-01;6.295467e-02;6.136263e-02;9.705892e-03
6.177629e-02;1.980508e-02;3.139679e-02;6.366239e-02;1.162980e-01;1.033964e-01;7.693927e-02;1.408657e-01;2.563869e-01;6.995890e-02;4.536520e-02;1.414909e-02
5.153987e-02;3.338451e-02;3.784213e-02;4.651098e-02;1.150933e-01;8.840899e-02;6.429707e-02;1.787474e-01;2.280922e-01;8.618310e-02;4.871366e-02;2.118689e-02
2.944599e-02;2.565292e-02;4.229635e-02;7.878160e-02;1.321644e-01;7.037131e-02;5.871353e-02;1.816507e-01;2.287303e-01;4.974841e-02;8.629974e-02;1.614467e-02
3.651003e-02;1.705088e-02;5.200078e-02;9.277465e-02;1.358470e-01;6.726303e-02;6.017283e-02;1.702020e-01;2.124352e-01;5.599495e-02;9.202322e-02;7.725428e-03
4.303372e-02;1.426581e-02;5.662601e-02;6.696723e-02;1.180766e-01;1.246523e-01;5.043020e-02;1.970951e-01;1.838211e-01;4.704027e-02;9.254967e-02;5.441971e-03
4.340599e-02;2.699611e-02;7.929660e-02;1.841697e-02;8.383165e-02;1.234817e-01;3.741894e-02;2.515846e-01;1.864285e-01;4.895289e-02;8.506439e-02;1.512170e-02
4.637540e-02;3.173283e-02;1.007616e-01;3.763876e-02;5.172766e-02;8.417989e-02;3.392434e-02;2.848474e-01;1.957504e-01;4.409885e-02;6.474965e-02;2.421316e-02
3.214304e-02;5.300380e-02;9.949159e-02;5.207764e-02;4.927818e-02;1.041995e-01;5.339981e-02;2.063003e-01;2.207075e-01;3.302678e-02;6.944532e-02;2.692658e-02
2.074733e-02;4.917572e-02;6.786292e-02;4.096131e-02;4.447675e-02;1.255313e-01;6.206845e-02;2.649082e-01;2.048634e-01;4.366088e-02;5.940141e-02;1.634233e-02
2.800694e-02;5.037720e-02;7.873815e-02;2.237713e-02;4.778576e-02;1.323184e-01;4.469268e-02;2.802483e-01;2.158379e-01;4.137047e-02;4.942954e-02;8.817542e-03
4.569996e-02;6.143196e-02;9.762981e-02;4.702185e-02;4.885785e-02;1.407377e-01;6.133525e-02;1.941994e-01;1.842856e-01;3.641712e-02;7.581446e-02;6.569037e-03
4.819628e-02;6.622431e-02;8.805739e-02;5.520868e-02;4.039885e-02;1.477347e-01;7.196199e-02;1.586440e-01;1.693934e-01;4.951144e-02;9.622299e-02;8.445963e-03
2.092018e-02;4.244116e-02;7.837075e-02;3.680548e-02;8.114559e-02;1.957992e-01;4.540070e-02;1.986371e-01;1.627250e-01;4.104578e-02;8.416172e-02;1.254732e-02
1.618816e-02;4.980114e-02;9.413461e-02;2.982274e-02;8.948005e-02;2.206079e-01;7.248047e-02;1.736582e-01;1.329021e-01;2.508890e-02;8.663561e-02;9.200179e-03
2.811094e-02;4.466011e-02;1.107372e-01;4.548108e-02;1.068934e-01;1.380381e-01;6.723543e-02;1.799957e-01;1.531505e-01;2.639876e-02;8.692190e-02;1.237700e-02
3.498544e-02;3.805535e-02;7.687445e-02;9.161367e-02;1.300088e-01;8.842635e-02;6.726204e-02;1.683012e-01;2.157558e-01;2.754525e-02;4.609670e-02;1.507493e-02
3.664296e-02;3.338827e-02;4.795976e-02;9.286100e-02;9.827752e-02;1.128347e-01;5.443081e-02;1.904547e-01;2.676182e-01;3.628098e-02;1.199664e-02;1.725444e-02
3.256842e-02;2.008394e-02;6.448162e-02;6.897507e-02;4.069007e-02;7.435051e-02;6.336512e-02;2.535020e-01;3.234054e-01;2.734121e-02;1.993450e-02;1.130214e-02
3.463091e-02;2.285047e-02;5.132924e-02;5.624243e-02;4.275856e-02;5.499758e-02;5.756490e-02;2.507005e-01;3.470188e-01;3.606085e-02;3.809337e-02;7.752314e-03
3.333109e-02;2.175269e-02;3.464998e-02;5.723745e-02;4.167571e-02;6.282913e-02;6.001032e-02;2.264373e-01;3.499318e-01;4.618557e-02;5.520422e-02;1.075473e-02
2.560943e-02;1.826770e-02;2.803632e-02;6.016360e-02;4.661081e-02;6.597679e-02;5.874934e-02;2.448829e-01;3.495917e-01;4.373576e-02;5.133419e-02;7.041440e-03
2.027114e-02;2.235563e-02;3.384732e-02;5.970471e-02;4.941320e-02;7.587286e-02;6.088910e-02;2.641442e-01;3.433168e-01;2.689762e-02;3.748931e-02;5.798115e-03
2.859698e-02;3.213249e-02;5.652051e-02;5.565826e-02;1.476405e-02;6.354928e-02;5.661805e-02;2.646325e-01;3.460399e-01;4.158229e-02;3.167057e-02;8.235057e-03
3.754943e-02;3.134117e-02;6.246675e-02;5.923989e-02;4.032442e-02;2.702809e-02;6.576066e-02;2.303598e-01;3.666475e-01;3.571616e-02;3.240228e-02;1.116382e-02
3.553757e-02;2.674874e-02;5.146648e-02;6.627474e-02;4.083048e-02;4.928223e-02;6.494900e-02;1.933692e-01;3.898298e-01;3.655321e-02;3.556361e-02;9.594922e-03
2.926828e-02;1.915190e-02;4.681306e-02;6.192707e-02;7.187503e-02;9.559309e-02;3.788238e-02;2.022371e-01;3.508559e-01;5.381256e-02;2.388695e-02;6.696670e-03
1.823591e-02;1.652895e-02;3.161361e-02;5.500457e-02;1.006150e-01;1.301572e-01;3.044760e-02;2.099422e-01;3.262904e-01;5.169840e-02;2.186665e-02;7.599491e-03
1.948227e-02;1.518906e-02;2.373343e-02;4.064048e-02;9.062120e-02;1.342856e-01;4.233643e-02;2.024638e-01;3.294765e-01;6.966879e-02;2.444327e-02;7.659196e-03
2.509000e-02;1.992649e-02;1.879823e-02;2.089568e-02;5.317713e-02;1.226640e-01;4.361334e-02;2.037297e-01;3.424682e-01;9.479130e-02;4.693309e-02;7.912893e-03
2.686305e-02;1.568886e-02;3.393377e-02;4.133571e-02;3.455074e-02;1.028094e-01;5.502752e-02;2.078527e-01;3.073884e-01;9.456658e-02;7.038847e-02;9.594849e-03
2.454989e-02;2.925172e-02;4.514326e-02;6.207459e-02;8.393860e-02;8.693006e-02;4.671629e-02;1.876636e-01;2.457407e-01;1.095431e-01;6.583271e-02;1.261550e-02
1.929030e-02;3.004160e-02;4.666577e-02;8.946884e-02;1.437187e-01;1.111267e-01;3.005145e-02;1.288875e-01;2.433482e-01;9.915783e-02;4.485362e-02;1.338939e-02
1.659024e-02;2.140075e-02;3.187068e-02;9.794833e-02;1.701786e-01;1.064298e-01;2.418503e-02;1.504814e-01;2.453875e-01;1.038531e-01;1.842986e-02;1.324469e-02
1.428290e-02;2.027788e-02;2.439728e-02;9.316332e-02;1.708633e-01;9.583991e-02;1.566787e-02;1.330515e-01;2.715623e-01;1.217324e-01;2.632398e-02;1.283730e-02
1.806853e-02;2.733263e-02;3.034137e-02;9.332325e-02;1.678228e-01;1.095439e-01;2.962783e-02;1.075379e-01;2.741536e-01;1.058057e-01;2.246279e-02;1.397973e-02
1.997582e-02;2.517255e-02;3.014257e-02;9.035683e-02;1.664875e-01;9.328232e-02;3.946523e-02;1.352380e-01;2.604376e-01;1.077041e-01;2.054762e-02;1.118984e-02
1.402086e-02;2.230324e-02;3.230169e-02;7.454260e-02;1.787767e-01;5.835493e-02;4.543313e-02;1.757866e-01;1.948549e-01;1.537508e-01;3.592268e-02;1.395191e-02
1.450537e-02;2.901891e-02;3.292730e-02;6.215793e-02;1.818478e-01;6.167684e-02;2.854251e-02;1.756806e-01;1.764655e-01;1.794339e-01;4.224223e-02;1.550099e-02
1.196691e-02;2.759668e-02;1.842918e-02;6.440454e-02;1.699054e-01;4.469265e-02;2.860277e-02;1.394091e-01;2.583613e-01;1.763868e-01;4.594002e-02;1.430462e-02
6.904779e-03;4.147479e-02;1.730230e-02;6.927850e-02;1.591092e-01;3.975282e-02;3.537787e-02;1.490119e-01;2.925949e-01;1.417183e-01;3.578252e-02;1.169214e-02
9.175211e-03;4.647279e-02;2.655898e-02;7.902410e-02;1.492265e-01;3.148581e-02;3.962472e-02;1.731261e-01;3.140225e-01;1.026035e-01;2.096730e-02;7.712433e-03
1.320090e-02;3.030350e-02;4.191953e-02;8.995834e-02;1.419719e-01;4.229254e-02;5.063711e-02;1.548850e-01;3.353586e-01;7.774586e-02;1.577886e-02;5.947737e-03
1.472915e-02;2.635014e-02;2.857503e-02;8.749770e-02;9.256438e-02;6.880146e-02;4.888020e-02;1.882047e-01;3.389166e-01;7.049705e-02;2.553322e-02;9.450432e-03
1.010429e-02;2.492539e-02;2.370939e-02;7.420507e-02;7.406692e-02;5.637714e-02;4.760408e-02;2.132799e-01;3.386162e-01;8.276012e-02;3.522502e-02;1.912639e-02
1.618102e-02;3.026869e-02;2.208377e-02;8.009470e-02;7.921597e-02;2.678171e-02;4.393979e-02;1.589483e-01;3.494384e-01;1.149397e-01;5.203987e-02;2.606801e-02
2.352817e-02;3.241803e-02;2.048268e-02;9.287725e-02;8.794600e-02;3.123611e-02;4.645098e-02;1.449466e-01;3.588842e-01;9.266368e-02;4.759642e-02;2.096989e-02
2.256543e-02;2.170554e-02;1.676575e-02;1.009057e-01;1.078273e-01;4.378306e-02;6.446577e-02;1.753625e-01;3.431929e-01;5.297134e-02;3.876809e-02;1.168667e-02
2.242558e-02;7.971576e-03;2.011650e-02;1.142622e-01;1.095543e-01;7.555905e-02;8.639678e-02;1.507640e-01;3.315195e-01;4.920783e-02;2.488329e-02;7.339450e-03
3.226033e-02;1.847562e-02;1.902266e-02;1.220228e-01;7.411179e-02;5.470279e-02;7.902152e-02;2.028855e-01;3.194205e-01;5.845646e-02;1.521685e-02;4.403171e-03
3.061047e-02;1.650693e-02;3.130099e-02;1.222693e-01;9.440473e-02;2.694297e-02;4.175783e-02;2.634465e-01;3.109185e-01;3.677304e-02;1.932013e-02;5.748587e-03
2.105872e-02;1.251974e-02;3.076371e-02;1.033019e-01;1.090206e-01;4.220267e-02;3.670641e-02;2.803235e-01;3.144242e-01;2.094903e-02;2.416960e-02;4.559956e-03
1.375006e-02;1.359778e-02;4.514159e-02;6.053403e-02;9.004764e-02;4.163918e-02;4.491706e-02;3.109767e-01;3.238779e-01;2.933958e-02;1.754387e-02;8.634499e-03
1.364316e-02;2.015565e-02;5.427955e-02;3.505770e-02;5.697041e-02;6.086815e-02;3.299426e-02;3.595992e-01;3.165386e-01;2.995279e-02;1.005320e-02;9.887264e-03
9.261682e-03;1.470279e-02;5.348421e-02;5.412911e-02;3.909642e-02;1.038427e-01;1.652076e-02;3.258960e-01;3.239593e-01;3.415267e-02;1.558880e-02;9.365620e-03
1.400994e-02;2.199963e-02;4.080678e-02;5.261899e-02;4.935412e-02;9.917241e-02;4.098170e-02;2.104286e-01;3.908542e-01;4.331158e-02;2.723360e-02;9.228487e-03
1.369210e-02;2.618289e-02;3.514113e-02;2.645052e-02;3.274453e-02;4.643508e-02;4.251083e-02;2.788669e-01;4.139361e-01;4.274816e-02;3.211967e-02;9.172011e-03
1.252751e-02;3.242288e-02;5.306964e-02;1.764471e-02;2.123329e-02;1.460470e-02;3.298752e-02;3.045980e-01;4.281330e-01;4.971156e-02;2.488636e-02;8.180742e-03
2.050426e-02;3.815725e-02;4.592667e-02;2.451484e-02;1.870505e-02;2.647226e-02;3.527287e-02;3.115071e-01;3.997069e-01;5.199689e-02;1.464832e-02;1.258758e-02
2.642888e-02;4.380731e-02;4.775645e-02;3.519514e-02;2.785352e-02;5.427587e-02;4.430820e-02;2.821242e-01;3.475542e-01;5.434424e-02;1.760074e-02;1.875119e-02
2.639296e-02;4.772788e-02;5.578760e-02;2.976730e-02;5.413041e-02;5.107997e-02;3.093548e-02;1.883961e-01;3.825337e-01;7.764316e-02;3.536590e-02;2.023955e-02
1.755568e-02;4.141204e-02;6.650991e-02;4.718138e-02;6.976348e-02;5.681985e-02;1.430389e-02;2.115134e-01;3.423142e-01;7.149269e-02;4.116713e-02;1.996641e-02
1.290333e-02;5.322597e-02;7.954145e-02;7.985479e-02;7.274007e-02;6.674878e-02;1.667218e-02;2.716748e-01;2.465105e-01;5.165578e-02;3.124153e-02;1.723081e-02
1.197429e-02;7.604979e-02;1.187696e-01;8.322874e-02;6.258647e-02;9.336537e-02;2.453494e-02;2.587349e-01;1.944594e-01;4.400042e-02;1.961782e-02;1.267829e-02
1.112026e-02;1.142855e-01;1.505140e-01;6.635920e-02;5.425476e-02;1.809027e-01;7.198052e-02;1.299242e-01;1.623711e-01;3.758715e-02;1.117084e-02;9.529752e-03
1.098893e-02;8.325284e-02;7.966902e-02;2.793274e-02;5.436419e-02;2.078126e-01;8.112372e-02;2.584765e-01;1.452839e-01;3.035055e-02;1.414933e-02;6.595721e-03
1.352022e-02;4.641852e-02;5.557184e-02;5.628277e-02;6.153199e-02;2.199766e-01;9.223012e-02;1.973082e-01;1.898813e-01;4.132875e-02;1.975971e-02;6.189974e-03
1.540816e-02;2.583969e-02;5.768262e-02;7.681843e-02;7.984953e-02;2.211950e-01;9.302907e-02;1.927905e-01;1.729399e-01;3.401847e-02;2.205677e-02;8.371888e-03
1.559668e-02;4.800318e-02;3.851414e-02;6.927072e-02;9.935997e-02;2.035621e-01;8.948641e-02;1.943374e-01;1.886920e-01;1.767183e-02;2.528560e-02;1.021994e-02
1.441269e-02;4.302210e-02;2.681585e-02;4.435283e-02;9.283482e-02;2.354214e-01;7.163157e-02;1.550585e-01;2.193029e-01;5.969292e-02;2.607973e-02;1.137464e-02
2.335573e-02;3.984335e-02;3.695491e-02;6.132044e-02;6.071171e-02;2.598760e-01;5.343290e-02;1.344368e-01;2.150656e-01;8.606906e-02;1.884217e-02;1.009129e-02
2.328750e-02;4.379485e-02;5.027102e-02;4.485795e-02;3.342428e-02;2.692704e-01;5.396571e-02;1.924230e-01;1.837820e-01;6.628458e-02;2.764434e-02;1.099441e-02
2.321487e-02;5.417299e-02;5.825649e-02;4.970035e-02;2.995088e-02;2.722553e-01;3.446728e-02;2.300188e-01;1.570220e-01;4.481945e-02;2.944567e-02;1.667601e-02
1.555028e-02;7.858483e-02;7.127555e-02;5.258105e-02;4.391766e-02;1.179627e-01;1.955732e-01;2.475959e-01;9.192796e-02;2.788936e-02;4.313776e-02;1.400382e-02
1.371337e-02;7.204656e-02;7.203309e-02;4.515936e-02;4.604533e-02;6.925994e-02;2.918079e-01;2.099402e-01;7.849557e-02;3.415634e-02;5.472304e-02;1.261921e-02
1.657436e-02;4.991012e-02;4.852411e-02;4.274266e-02;2.539606e-02;8.098116e-02;3.068933e-01;1.889472e-01;9.434118e-02;5.975288e-02;7.102231e-02;1.491473e-02
1.685086e-02;3.813864e-02;3.096388e-02;4.502511e-02;9.691338e-03;1.337302e-01;2.493710e-01;1.403961e-01;1.141379e-01;8.610616e-02;1.044218e-01;3.116700e-02
2.373374e-02;6.006403e-02;2.771799e-02;6.268571e-02;1.548146e-02;1.801574e-01;1.650935e-01;8.214345e-02;8.574271e-02;1.134390e-01;1.317902e-01;5.195077e-02
4.312759e-02;4.817869e-02;2.796724e-02;7.407581e-02;1.824305e-02;2.135790e-01;8.726386e-02;1.014284e-01;5.490585e-02;1.941664e-01;7.839859e-02;5.866558e-02
5.495673e-02;3.682164e-02;2.871726e-02;7.462545e-02;1.967616e-02;2.427018e-01;4.653360e-02;6.525995e-02;4.246324e-02;2.593399e-01;5.424665e-02;7.465769e-02
5.448814e-02;3.479347e-02;2.412125e-02;5.613190e-02;2.018961e-02;2.322387e-01;8.835368e-02;7.454109e-02;4.115732e-02;2.495191e-01;4.130308e-02;8.316272e-02
6.381430e-02;2.496133e-02;9.810912e-03;4.738154e-02;2.292408e-02;2.391009e-01;1.040505e-01;7.277279e-02;5.340345e-02;2.512899e-01;2.414452e-02;8.634573e-02
7.992507e-02;1.982851e-02;1.530353e-02;4.263306e-02;1.780961e-02;2.570892e-01;8.049110e-02;7.083387e-02;6.448799e-02;2.567984e-01;2.068629e-02;7.411339e-02
8.462646e-02;1.810777e-02;1.520502e-02;3.882179e-02;2.182508e-02;2.853687e-01;5.264406e-02;7.545774e-02;6.577455e-02;2.631699e-01;1.522894e-02;6.377004e-02
8.271056e-02;1.143447e-02;1.680724e-02;3.572889e-02;2.108799e-02;3.351363e-01;5.697212e-02;7.237042e-02;6.075694e-02;2.375098e-01;1.923465e-02;5.025059e-02
8.776888e-02;1.225869e-02;2.192509e-02;3.176571e-02;2.956889e-02;3.784911e-01;9.499488e-02;7.380243e-02;5.975744e-02;1.702569e-01;1.962545e-02;1.978456e-02
8.546133e-02;3.481655e-02;2.266873e-02;3.268038e-02;7.225224e-02;3.858324e-01;7.184263e-02;9.024622e-02;6.589631e-02;1.092967e-01;1.888973e-02;1.011676e-02
6.751860e-02;4.507847e-02;2.486978e-02;4.228661e-02;1.097587e-01;4.017311e-01;7.036004e-02;7.364791e-02;6.633658e-02;7.600661e-02;1.256075e-02;9.844894e-03
6.194822e-02;4.577428e-02;1.856158e-02;4.033838e-02;1.148175e-01;3.863762e-01;5.101714e-02;7.207071e-02;6.572199e-02;8.174828e-02;3.836238e-02;2.326332e-02
4.713415e-02;7.206932e-02;4.046680e-02;2.811232e-02;8.283268e-02;3.337401e-01;4.871033e-02;6.028918e-02;5.914303e-02;1.226515e-01;5.981409e-02;4.503648e-02
6.730648e-02;8.263215e-02;6.143303e-02;2.647694e-02;5.244926e-02;2.891502e-01;9.570713e-02;8.321144e-02;3.315091e-02;9.553679e-02;7.585482e-02;3.709089e-02
7.188042e-02;6.905346e-02;4.192827e-02;2.895203e-02;4.809093e-02;3.221105e-01;1.280479e-01;1.269230e-01;4.520357e-02;4.505247e-02;5.048406e-02;2.227335e-02
6.575306e-02;5.894106e-02;2.259712e-02;2.975452e-02;4.896467e-02;3.647929e-01;1.180042e-01;1.314021e-01;6.119804e-02;4.744082e-02;2.962308e-02;2.152845e-02
7.211655e-02;5.033545e-02;1.990166e-02;1.442459e-02;4.271353e-02;3.626115e-01;7.452042e-02;1.493562e-01;7.413176e-02;8.967953e-02;3.026843e-02;1.994040e-02
8.199181e-02;3.425122e-02;2.135143e-02;2.406806e-02;3.978312e-02;4.021249e-01;6.121648e-02;1.121683e-01;7.178904e-02;9.815556e-02;3.009414e-02;2.300587e-02
8.697961e-02;4.181113e-02;2.041993e-02;2.338649e-02;2.483518e-02;4.666138e-01;4.906463e-02;1.079291e-01;7.470684e-02;6.192091e-02;1.680439e-02;2.552790e-02
8.130531e-02;5.395511e-02;9.364828e-03;2.644539e-02;1.502101e-02;4.829451e-01;3.916991e-02;1.274362e-01;9.530781e-02;2.679748e-02;1.720051e-02;2.505131e-02
6.657288e-02;6.103748e-02;2.386157e-02;4.163411e-02;2.821867e-02;4.529823e-01;3.847265e-02;1.118040e-01;8.930877e-02;4.441303e-02;2.527421e-02;1.642034e-02
6.048862e-02;6.892789e-02;2.795998e-02;3.861595e-02;4.212947e-02;3.850060e-01;6.664366e-02;1.401600e-01;7.644097e-02;4.545720e-02;3.266918e-02;1.550104e-02
5.238119e-02;8.059709e-02;2.713399e-02;4.151518e-02;4.395266e-02;4.352211e-01;5.688518e-02;8.036503e-02;6.549495e-02;6.597634e-02;3.754713e-02;1.293021e-02
3.706154e-02;7.372481e-02;1.612162e-02;4.320139e-02;2.987939e-02;4.531350e-01;4.001055e-02;1.356059e-01;6.368242e-02;6.733079e-02;3.081767e-02;9.429064e-03
3.255019e-02;7.716949e-02;1.320151e-02;4.222775e-02;2.227955e-02;4.840246e-01;5.017107e-02;9.686255e-02;7.932877e-02;6.538276e-02;2.108146e-02;1.572023e-02
2.864757e-02;6.066350e-02;2.210128e-02;3.354666e-02;1.960360e-02;4.589423e-01;6.864421e-02;1.271617e-01;6.838719e-02;7.983495e-02;1.931599e-02;1.315116e-02
3.365251e-02;4.833468e-02;2.011988e-02;2.697744e-02;1.890843e-02;4.643959e-01;7.136590e-02;9.285148e-02;7.095552e-02;1.053293e-01;2.945930e-02;1.764963e-02
3.396454e-02;6.089987e-02;3.003693e-02;1.866366e-02;2.419289e-02;4.094885e-01;6.379093e-02;1.195218e-01;6.469294e-02;1.065398e-01;4.403050e-02;2.417746e-02
3.793526e-02;6.199095e-02;4.448763e-02;2.099299e-02;3.514071e-02;4.437591e-01;4.849893e-02;8.330758e-02;7.921574e-02;8.351664e-02;3.285564e-02;2.829882e-02
3.249105e-02;4.212362e-02;5.066128e-02;3.378950e-02;4.288759e-02;4.337921e-01;5.871692e-02;1.313841e-01;9.015359e-02;4.163624e-02;2.451595e-02;1.784805e-02
2.556456e-02;3.056371e-02;2.681539e-02;4.026102e-02;3.686911e-02;4.102877e-01;6.073872e-02;1.678551e-01;9.139838e-02;8.761651e-02;1.225300e-02;9.776821e-03
3.010349e-02;5.295187e-02;3.319746e-02;4.036271e-02;2.497608e-02;4.382316e-01;6.168200e-02;9.610064e-02;8.123593e-02;1.171554e-01;1.634962e-02;7.653188e-03
2.599876e-02;5.503957e-02;2.970889e-02;2.766630e-02;1.063931e-02;4.562706e-01;3.863009e-02;1.391946e-01;7.518178e-02;1.076338e-01;2.870306e-02;5.333274e-03
3.143474e-02;6.163553e-02;3.480315e-02;2.050132e-02;2.026229e-02;5.161437e-01;4.273413e-02;7.344874e-02;8.086593e-02;8.513176e-02;2.575991e-02;7.278851e-03
3.865351e-02;4.439371e-02;3.809911e-02;1.852054e-02;2.381463e-02;5.475900e-01;2.547166e-02;1.038252e-01;9.546705e-02;4.197143e-02;1.093008e-02;1.126309e-02
3.651109e-02;6.792277e-02;4.443284e-02;2.573307e-02;1.966577e-02;4.227574e-01;5.217453e-02;1.729826e-01;7.953922e-02;5.043388e-02;1.852315e-02;9.323688e-03
3.548291e-02;1.089061e-01;5.884538e-02;2.769455e-02;1.298629e-02;3.643121e-01;4.754095e-02;1.792552e-01;6.208766e-02;5.236430e-02;3.427845e-02;1.624612e-02
2.744530e-02;1.278815e-01;5.584643e-02;2.406386e-02;1.890904e-02;3.087293e-01;8.561602e-02;1.990919e-01;5.992413e-02;3.389052e-02;3.606985e-02;2.253214e-02
2.488656e-02;1.345963e-01;4.813247e-02;2.795557e-02;2.217698e-02;2.498591e-01;1.129532e-01;1.717601e-01;7.536482e-02;5.313416e-02;5.192235e-02;2.725837e-02
2.947266e-02;1.279614e-01;5.722564e-02;2.911330e-02;3.118194e-02;1.898503e-01;1.004533e-01;1.649287e-01;1.171391e-01;7.006264e-02;6.011556e-02;2.249543e-02
2.854033e-02;7.340254e-02;5.418260e-02;2.482034e-02;2.502556e-02;1.614026e-01;9.735275e-02;2.851819e-01;1.365418e-01;5.384447e-02;4.661587e-02;1.308936e-02
3.090893e-02;4.762565e-02;4.504760e-02;2.306214e-02;3.574583e-02;2.464513e-01;8.646691e-02;2.677010e-01;1.378087e-01;3.736254e-02;3.271160e-02;9.107797e-03
2.993575e-02;4.940377e-02;5.728699e-02;1.376490e-02;4.251472e-02;3.171280e-01;3.547300e-02;2.470471e-01;1.285814e-01;3.502547e-02;3.086612e-02;1.297281e-02
2.858167e-02;7.182998e-02;4.683213e-02;1.767668e-02;3.100603e-02;2.895162e-01;2.850708e-02;2.511480e-01;1.375478e-01;5.628084e-02;2.581955e-02;1.525405e-02
4.180137e-02;8.766233e-02;2.967059e-02;2.374669e-02;2.930913e-02;2.867328e-01;2.243946e-02;1.718732e-01;1.662620e-01;8.848371e-02;2.966743e-02;2.235126e-02
4.127088e-02;9.995620e-02;3.039697e-02;2.464621e-02;4.490337e-02;3.148931e-01;2.473220e-02;1.313635e-01;1.460008e-01;9.733088e-02;2.457639e-02;1.992958e-02
3.714648e-02;9.580772e-02;2.980500e-02;2.843707e-02;3.641260e-02;3.406661e-01;2.758551e-02;1.897212e-01;1.110864e-01;7.774708e-02;7.969392e-03;1.761542e-02
4.366361e-02;7.379951e-02;3.128145e-02;3.002178e-02;1.484286e-02;3.846290e-01;7.349370e-02;1.337698e-01;1.138655e-01;7.058138e-02;1.651156e-02;1.353982e-02
3.748326e-02;6.491702e-02;2.390523e-02;1.714838e-02;1.695384e-02;3.728985e-01;6.494869e-02;1.795075e-01;1.182159e-01;6.486925e-02;2.829679e-02;1.085557e-02
2.386796e-02;8.389527e-02;5.176750e-02;1.968821e-02;2.199985e-02;3.506695e-01;7.132459e-02;1.460957e-01;1.309796e-01;5.655750e-02;3.649110e-02;6.663168e-03
1.476822e-02;7.889151e-02;4.553291e-02;2.675074e-02;1.654856e-02;3.404830e-01;4.229826e-02;2.028880e-01;1.292839e-01;5.643260e-02;4.004538e-02;6.076958e-03
1.203070e-02;8.610526e-02;5.094237e-02;4.457784e-02;3.929446e-02;3.138579e-01;3.896694e-02;1.751829e-01;1.142233e-01;6.902499e-02;4.769096e-02;8.102458e-03
2.585934e-02;1.047183e-01;8.896249e-02;4.763785e-02;4.848997e-02;2.958055e-01;3.732834e-02;1.478700e-01;8.427466e-02;6.354499e-02;4.840170e-02;7.106899e-03
3.802995e-02;6.159566e-02;8.817167e-02;3.634567e-02;4.389758e-02;3.426493e-01;3.409815e-02;1.682533e-01;7.975379e-02;5.481995e-02;4.254711e-02;9.837879e-03
4.879845e-02;1.031256e-01;6.571663e-02;3.456432e-02;3.250710e-02;3.343940e-01;2.453589e-02;1.735584e-01;7.997718e-02;4.336946e-02;3.437105e-02;2.508195e-02
4.948679e-02;1.327266e-01;5.322401e-02;3.528770e-02;3.732929e-02;2.698185e-01;3.662047e-02;1.847567e-01;1.100699e-01;3.694328e-02;2.115982e-02;3.257693e-02
5.059836e-02;1.121712e-01;2.959907e-02;3.110766e-02;3.896390e-02;2.967838e-01;4.867074e-02;1.823293e-01;1.282040e-01;3.627521e-02;2.253450e-02;2.276232e-02
5.826246e-02;9.943692e-02;2.752743e-02;2.298088e-02;3.298955e-02;3.723462e-01;6.712051e-02;1.314993e-01;1.104386e-01;3.301445e-02;3.081465e-02;1.356897e-02
5.180021e-02;6.425926e-02;3.674957e-02;2.520474e-02;2.579760e-02;3.910216e-01;6.314716e-02;1.894828e-01;7.969011e-02;3.003188e-02;2.681249e-02;1.600261e-02
4.596059e-02;2.896066e-02;3.870114e-02;2.456476e-02;2.308540e-02;3.768289e-01;6.977799e-02;2.211856e-01;9.775791e-02;3.679999e-02;1.597144e-02;2.040560e-02
4.210377e-02;5.552851e-02;4.868218e-02;1.549086e-02;2.649777e-02;3.382087e-01;9.972644e-02;2.019814e-01;8.570181e-02;4.467469e-02;1.613331e-02;2.527060e-02
4.274499e-02;1.114718e-01;5.566293e-02;1.909770e-02;5.531760e-02;3.439933e-01;1.074989e-01;1.302489e-01;3.405083e-02;4.227695e-02;2.652880e-02;3.110734e-02
