1.382892e-01;4.522926e-02;1.430771e-01;8.000498e-02;6.005180e-02;6.935238e-02;1.029549e-01;7.496588e-02;5.519873e-02;8.536101e-02;4.035989e-02;1.051548e-01
7.307359e-02;6.026794e-02;1.398682e-01;5.298743e-02;5.565855e-02;6.532060e-02;1.116517e-01;7.965296e-02;9.394054e-02;8.247494e-02;9.289038e-02;9.221319e-02
8.660030e-02;6.649478e-02;1.214546e-01;5.210816e-02;4.598847e-02;5.396632e-02;1.165211e-01;7.460027e-02;1.037307e-01;8.615583e-02;9.780419e-02;9.457532e-02
9.392493e-02;6.640596e-02;1.082780e-01;4.906240e-02;4.431389e-02;4.930633e-02;1.117129e-01;7.439528e-02;1.086768e-01;9.253515e-02;1.023499e-01;9.903850e-02
9.861068e-02;6.469189e-02;9.325646e-02;4.853190e-02;4.121926e-02;4.713503e-02;9.516410e-02;6.821195e-02;1.206185e-01;1.067970e-01;1.090485e-01;1.067146e-01
7.768518e-02;5.882248e-02;1.235212e-01;5.989965e-02;4.405675e-02;6.452791e-02;1.352293e-01;7.585549e-02;1.136624e-01;1.248750e-01;5.558265e-02;6.628191e-02
7.175896e-02;5.537688e-02;1.285987e-01;5.028240e-02;4.232915e-02;6.052936e-02;1.752664e-01;8.996888e-02;8.556801e-02;9.018411e-02;7.682384e-02;7.331340e-02
7.416333e-02;4.912388e-02;1.113707e-01;5.014230e-02;3.963297e-02;6.320790e-02;1.891860e-01;8.586972e-02;7.878827e-02;9.481137e-02;8.410797e-02;7.959554e-02
8.513386e-02;4.880266e-02;9.632134e-02;4.907600e-02;3.995686e-02;7.459275e-02;1.908365e-01;8.403710e-02;5.645464e-02;1.089280e-01;8.197661e-02;8.388370e-02
6.759823e-02;7.999454e-02;1.530201e-01;2.008575e-02;5.288138e-02;8.297855e-02;1.317459e-01;8.495972e-02;6.953467e-02;8.823352e-02;1.023924e-01;6.657513e-02
8.493029e-02;4.879541e-02;1.266523e-01;4.039324e-02;5.543435e-02;6.343874e-02;1.203474e-01;4.623135e-02;1.270768e-01;1.309476e-01;9.985442e-02;5.589807e-02
8.352512e-02;6.196707e-02;7.683278e-02;2.566489e-02;2.335344e-02;6.614413e-02;7.328553e-02;1.247534e-01;1.256746e-01;8.514754e-02;1.406666e-01;1.129849e-01
6.910126e-02;4.966665e-02;8.337098e-02;2.763854e-02;1.934702e-02;7.761899e-02;5.855545e-02;1.382375e-01;1.254291e-01;8.101615e-02;1.452414e-01;1.247770e-01
7.366065e-02;3.796216e-02;8.518465e-02;2.898027e-02;2.731164e-02;7.959732e-02;3.726424e-02;1.347769e-01;1.295743e-01;9.700252e-02;1.431105e-01;1.255748e-01
8.975482e-02;4.187835e-02;9.086466e-02;2.815177e-02;4.513714e-02;6.527979e-02;1.260915e-01;1.042918e-01;1.283560e-01;9.609776e-02;1.017008e-01;8.239572e-02
1.046652e-01;4.926024e-02;1.166032e-01;3.398607e-02;5.906736e-02;6.480075e-02;1.729244e-01;9.199881e-02;1.145182e-01;7.377706e-02;6.559575e-02;5.280289e-02
1.302910e-01;5.406031e-02;1.392365e-01;2.886795e-02;5.860563e-02;6.777897e-02;1.724935e-01;8.524192e-02;1.098952e-01;5.601818e-02;5.121130e-02;4.629958e-02
1.132560e-01;6.828631e-02;1.742584e-01;5.565809e-02;4.990414e-02;7.299925e-02;1.620699e-01;9.432944e-02;7.612123e-02;4.767558e-02;4.396793e-02;4.147371e-02
8.744360e-02;5.856077e-02;1.801442e-01;8.994744e-02;7.026714e-02;7.432118e-02;1.855021e-01;1.004175e-01;4.323088e-02;3.723607e-02;4.434714e-02;2.858196e-02
1.143989e-01;5.570199e-02;1.421684e-01;9.328210e-02;9.805481e-02;6.916206e-02;1.779579e-01;4.981562e-02;7.216343e-02;5.217951e-02;2.696619e-02;4.814916e-02
1.070624e-01;5.637099e-02;2.008852e-01;7.285549e-02;8.033051e-02;6.166254e-02;1.315928e-01;5.595238e-02;7.445075e-02;7.679951e-02;4.214723e-02;3.989020e-02
8.397911e-02;4.277152e-02;1.767299e-01;6.724291e-02;6.540354e-02;6.154269e-02;1.664130e-01;3.992177e-02;1.036697e-01;9.114957e-02;6.621235e-02;3.496394e-02
3.167474e-02;6.819858e-02;1.121241e-01;4.757057e-02;6.792364e-02;5.450623e-02;1.578401e-01;1.066026e-01;1.321679e-01;1.232816e-01;6.028087e-02;3.782909e-02
5.017366e-02;4.968432e-02;4.343645e-02;2.873620e-02;9.275903e-02;3.001970e-02;6.919751e-02;1.091227e-01;1.694508e-01;2.509416e-01;5.049799e-02;5.598000e-02
4.159469e-02;2.992172e-02;3.194480e-02;2.792822e-02;7.054456e-02;5.086511e-02;6.703192e-02;7.785545e-02;2.115109e-01;3.293996e-01;3.348967e-02;2.791330e-02
2.636262e-02;2.152031e-02;2.853788e-02;2.540118e-02;6.855430e-02;9.350848e-02;6.630201e-02;4.865233e-02;2.236724e-01;3.554573e-01;2.641200e-02;1.561918e-02
2.685626e-02;2.152814e-02;4.140364e-02;2.627911e-02;5.633561e-02;1.099939e-01;1.128773e-01;4.057046e-02;1.951515e-01;3.223081e-01;2.375962e-02;2.293640e-02
5.236449e-02;3.375239e-02;3.837882e-02;4.775950e-02;3.995198e-02;1.028480e-01;1.155103e-01;1.133007e-01;2.014174e-01;2.051712e-01;2.081341e-02;2.873174e-02
4.572216e-02;5.166615e-02;4.764290e-02;3.946478e-02;2.761293e-02;5.922338e-02;8.958260e-02;1.365622e-01;2.557174e-01;2.040428e-01;1.782245e-02;2.494030e-02
4.813935e-02;6.540704e-02;9.127513e-02;3.706326e-02;3.310264e-02;5.038236e-02;7.084931e-02;1.105981e-01;2.410289e-01;1.713981e-01;4.696793e-02;3.378789e-02
4.321133e-02;5.731878e-02;1.541421e-01;4.370245e-02;3.809992e-02;3.504498e-02;8.753107e-02;9.161005e-02;1.857732e-01;1.715949e-01;6.325230e-02;2.871884e-02
4.804350e-02;6.415619e-02;1.699303e-01;4.668071e-02;5.167739e-02;2.891185e-02;9.984641e-02;9.680642e-02;1.318418e-01;1.501940e-01;7.994745e-02;3.196389e-02
4.294366e-02;7.664175e-02;1.185516e-01;4.669114e-02;5.818788e-02;4.974878e-02;1.023896e-01;9.933113e-02;1.176710e-01;1.544467e-01;9.977403e-02;3.362266e-02
4.791465e-02;8.474115e-02;6.873647e-02;3.773206e-02;4.350106e-02;6.730366e-02;1.047089e-01;1.125184e-01;1.260014e-01;1.890569e-01;8.932131e-02;2.846408e-02
7.170442e-02;7.854781e-02;4.893792e-02;4.024874e-02;3.259070e-02;6.960338e-02;1.514153e-01;1.022537e-01;1.551942e-01;1.315422e-01;8.353971e-02;3.442200e-02
5.443395e-02;7.078836e-02;7.245480e-02;3.397130e-02;2.937660e-02;5.545482e-02;1.213282e-01;9.537506e-02;2.031377e-01;9.266485e-02;8.348371e-02;8.753064e-02
1.008469e-01;5.409734e-02;1.108655e-01;3.429494e-02;2.960220e-02;6.195574e-02;1.253919e-01;5.616885e-02;2.194100e-01;7.370689e-02;4.620352e-02;8.745629e-02
1.067361e-01;5.501875e-02;1.776318e-01;5.103296e-02;3.533545e-02;6.772017e-02;1.343511e-01;5.273154e-02;1.202547e-01;6.943259e-02;6.853870e-02;6.121602e-02
9.200057e-02;8.191305e-02;2.848271e-01;5.576159e-02;5.294983e-02;5.204112e-02;1.358913e-01;4.415595e-02;3.771724e-02;4.845639e-02;6.508535e-02;4.920044e-02
9.011015e-02;1.029418e-01;3.216333e-01;4.204381e-02;4.024258e-02;4.369616e-02;1.221737e-01;4.744394e-02;3.062529e-02;5.853058e-02;4.820361e-02;5.235498e-02
8.333042e-02;1.289904e-01;3.221484e-01;4.714897e-02;3.369213e-02;5.311218e-02;1.145965e-01;4.045942e-02;3.903853e-02;6.079837e-02;2.738381e-02;4.930081e-02
1.751197e-01;1.454236e-01;1.673255e-01;5.264024e-02;4.693268e-02;5.742721e-02;1.214419e-01;2.703839e-02;6.364985e-02;6.443878e-02;3.247206e-02;4.609014e-02
1.558471e-01;1.135993e-01;1.099254e-01;5.673186e-02;6.339217e-02;5.900744e-02;1.612435e-01;4.233110e-02;7.052403e-02;7.969721e-02;3.924324e-02;4.845761e-02
1.258281e-01;1.149067e-01;2.240589e-01;3.852341e-02;6.335764e-02;5.937229e-02;1.403173e-01;4.838832e-02;3.734875e-02;7.434691e-02;3.744956e-02;3.610219e-02
9.773344e-02;1.552527e-01;2.749352e-01;3.758154e-02;5.927109e-02;4.778312e-02;8.352097e-02;3.953990e-02;5.480710e-02;7.716560e-02;4.235246e-02;3.005689e-02
5.286824e-02;1.586182e-01;2.993510e-01;5.299162e-02;5.857980e-02;4.520397e-02;9.127765e-02;2.641227e-02;5.381257e-02;8.468359e-02;4.779274e-02;2.840842e-02
1.131390e-01;1.413562e-01;2.688145e-01;5.295653e-02;6.473645e-02;4.745350e-02;9.095037e-02;3.365411e-02;2.688766e-02;8.000730e-02;5.192597e-02;2.811840e-02
1.114295e-01;1.177765e-01;2.298293e-01;3.423987e-02;6.282647e-02;5.232000e-02;1.558541e-01;2.853605e-02;3.330915e-02;5.687839e-02;7.398270e-02;4.301792e-02
1.310538e-01;3.942676e-02;1.290484e-01;5.583415e-02;5.507065e-02;5.711295e-02;1.731565e-01;7.173952e-02;8.456569e-02;9.285461e-02;5.180243e-02;5.833460e-02
1.132813e-01;6.788208e-02;1.220506e-01;6.218446e-02;3.852209e-02;7.942412e-02;2.034630e-01;7.243801e-02;6.119607e-02;5.610488e-02;5.182001e-02;7.163344e-02
9.321064e-02;6.832942e-02;1.309677e-01;4.946098e-02;4.931013e-02;1.136788e-01;1.801444e-01;5.443322e-02;4.652758e-02;6.284001e-02;9.105968e-02;6.003748e-02
5.384798e-02;6.088943e-02;9.004188e-02;3.219823e-02;7.898553e-02;1.718353e-01;1.653470e-01;3.685586e-02;3.846787e-02;9.746470e-02;1.335425e-01;4.052366e-02
1.829470e-02;7.475577e-02;3.730119e-02;2.307911e-02;1.260092e-01;1.841308e-01;1.276472e-01;4.282800e-02;3.388136e-02;1.649202e-01;1.388480e-01;2.830446e-02
2.491890e-02;1.093179e-01;3.913436e-02;3.925213e-02;1.517917e-01;1.135881e-01;6.720149e-02;4.911137e-02;3.766766e-02;2.327050e-01;9.883031e-02;3.648113e-02
7.620487e-02;9.307260e-02;4.065441e-02;5.197185e-02;1.383152e-01;6.730875e-02;6.475021e-02;4.268507e-02;9.027466e-02;2.250684e-01;7.588346e-02;3.381045e-02
8.552134e-02;7.521884e-02;4.337858e-02;3.897420e-02;1.275287e-01;6.741881e-02;7.087253e-02;6.770118e-02;1.245421e-01;1.905950e-01;8.684281e-02;2.140585e-02
6.291787e-02;1.052641e-01;1.018791e-01;3.426198e-02;1.030560e-01;5.092425e-02;1.047365e-01;1.079901e-01;1.429222e-01;1.133977e-01;5.324309e-02;1.940692e-02
7.150963e-02;7.357076e-02;1.298558e-01;4.675714e-02;7.469375e-02;5.907292e-02;1.126873e-01;1.410205e-01;1.247005e-01;1.228053e-01;2.902544e-02;1.430097e-02
7.370865e-02;4.470541e-02;1.236016e-01;3.934943e-02;7.198664e-02;6.196353e-02;8.990520e-02;1.448055e-01;9.326018e-02;1.602275e-01;7.181829e-02;2.466806e-02
7.005132e-02;1.027135e-01;1.009383e-01;4.279957e-02;8.509949e-02;5.916487e-02;9.946439e-02;1.093632e-01;7.102311e-02;1.485219e-01;6.827487e-02;4.258539e-02
9.929341e-02;8.284652e-02;7.192240e-02;5.478004e-02;6.743967e-02;5.877343e-02;1.097892e-01;1.164496e-01;9.532795e-02;1.438852e-01;3.852329e-02;6.096921e-02
9.172446e-02;5.032226e-02;8.601428e-02;6.339204e-02;5.238180e-02;7.495516e-02;1.599017e-01;9.418099e-02;1.166704e-01;1.282173e-01;4.126751e-02;4.097221e-02
7.955606e-02;6.305072e-02;1.067120e-01;7.117553e-02;8.906462e-02;7.623819e-02;1.439169e-01;8.681968e-02;1.160015e-01;8.851105e-02;4.131029e-02;3.764362e-02
6.503427e-02;6.898667e-02;8.396129e-02;7.769260e-02;1.014193e-01;8.625203e-02;8.928335e-02;1.267056e-01;9.174431e-02;1.091683e-01;2.504750e-02;7.470477e-02
4.978292e-02;4.225742e-02;1.119720e-01;6.316388e-02;8.061904e-02;5.786483e-02;1.514704e-01;8.786269e-02;8.292435e-02;1.075368e-01;5.412857e-02;1.104171e-01
6.026077e-02;3.660858e-02;1.290208e-01;4.263994e-02;4.408874e-02;6.126147e-02;2.073762e-01;8.628477e-02;3.599229e-02;6.467109e-02;8.149795e-02;1.502974e-01
7.841318e-02;4.390727e-02;8.634903e-02;4.335646e-02;2.305676e-02;4.945060e-02;2.155266e-01;1.143721e-01;4.066398e-02;5.964644e-02;8.428802e-02;1.609695e-01
1.031588e-01;4.950612e-02;4.410188e-02;2.924770e-02;3.454978e-02;3.312430e-02;1.767909e-01;1.552439e-01;8.182744e-02;6.691248e-02;1.085712e-01;1.169655e-01
9.749360e-02;7.389721e-02;5.286837e-02;2.627490e-02;4.524164e-02;2.845429e-02;1.284795e-01;1.554980e-01;1.464152e-01;7.208448e-02;1.228570e-01;5.043595e-02
7.669618e-02;9.715044e-02;7.733750e-02;2.935493e-02;6.171614e-02;3.527608e-02;9.422982e-02;1.412975e-01;1.790102e-01;5.373110e-02;1.176503e-01;3.654989e-02
9.907522e-02;8.961398e-02;8.296488e-02;5.652086e-02;8.925302e-02;4.474201e-02;8.931070e-02;1.328932e-01;1.579718e-01;3.248458e-02;8.367420e-02;4.149557e-02
1.681814e-01;6.779053e-02;9.206714e-02;7.537591e-02;1.070544e-01;3.667384e-02;1.194801e-01;9.676605e-02;1.039322e-01;3.268786e-02;6.531845e-02;3.467200e-02
1.861406e-01;5.354848e-02;9.446388e-02;6.588519e-02;9.784421e-02;3.444225e-02;1.932414e-01;8.436448e-02;5.507913e-02;5.326445e-02;4.425361e-02;3.747229e-02
1.454079e-01;4.809443e-02;7.491317e-02;4.821158e-02;6.768669e-02;4.573795e-02;2.953917e-01;8.527014e-02;6.279887e-02;6.262472e-02;2.644168e-02;3.742115e-02
9.067721e-02;2.473983e-02;8.879552e-02;3.653277e-02;4.309821e-02;5.799878e-02;3.634305e-01;9.216264e-02;8.601604e-02;7.042095e-02;1.166846e-02;3.445911e-02
4.995274e-02;5.089842e-02;2.432642e-01;3.564067e-02;5.084634e-02;5.031260e-02;2.913212e-01;7.572777e-02;4.949168e-02;5.561968e-02;2.287826e-02;2.404640e-02
8.426664e-02;7.272761e-02;2.791901e-01;3.585422e-02;6.555989e-02;6.577213e-02;2.059204e-01;5.566952e-02;2.683466e-02;5.812164e-02;2.675374e-02;2.332952e-02
1.164859e-01;7.089782e-02;2.806532e-01;4.181828e-02;8.909258e-02;6.872927e-02;1.363713e-01;4.516505e-02;4.176238e-02;5.697089e-02;2.443924e-02;2.761407e-02
7.551238e-02;5.827583e-02;3.087641e-01;6.135106e-02;8.990894e-02;5.302534e-02;1.369722e-01;3.283689e-02;5.715123e-02;6.561797e-02;3.820525e-02;2.237877e-02
9.412515e-02;5.952818e-02;2.830526e-01;5.762482e-02;8.021937e-02;4.382669e-02;1.121067e-01;6.249588e-02;7.098074e-02;7.198551e-02;3.879209e-02;2.526235e-02
1.290147e-01;5.834643e-02;2.097679e-01;4.570987e-02;5.309377e-02;3.331683e-02;1.407500e-01;8.107518e-02;7.075655e-02;9.251916e-02;4.960309e-02;3.604657e-02
1.263577e-01;7.114951e-02;1.529234e-01;4.203321e-02;2.518831e-02;3.840178e-02;1.940147e-01;7.174317e-02;5.656873e-02;1.138239e-01;6.421913e-02;4.357644e-02
8.613762e-02;6.473269e-02;1.772134e-01;5.545039e-02;6.539194e-02;4.425773e-02;1.283532e-01;7.015789e-02;5.331821e-02;1.187695e-01;8.587797e-02;5.033949e-02
7.228212e-02;7.379694e-02;1.457990e-01;5.642074e-02;7.334507e-02;7.756116e-02;7.979839e-02;7.896256e-02;1.294164e-01;9.865380e-02;5.378667e-02;6.017717e-02
6.372580e-02;6.116745e-02;1.540182e-01;5.316238e-02;4.993660e-02;5.758415e-02;1.050220e-01;7.009195e-02;1.072934e-01;6.980292e-02;1.054500e-01;1.027452e-01
1.022898e-01;5.164589e-02;1.855334e-01;5.508734e-02;5.041750e-02;4.255483e-02;7.663390e-02;5.672039e-02;9.572140e-02;6.961524e-02;1.050520e-01;1.087283e-01
1.479003e-01;8.757310e-02;2.807387e-01;4.638658e-02;4.381230e-02;3.375613e-02;6.304412e-02;3.272704e-02;6.842212e-02;5.620656e-02;6.144449e-02;7.798858e-02
1.018737e-01;1.072856e-01;2.457103e-01;4.007300e-02;3.665206e-02;3.445427e-02;9.011451e-02;3.069420e-02;5.736409e-02;7.302374e-02;1.047042e-01;7.805041e-02
8.435740e-02;9.716919e-02;9.803084e-02;5.245820e-02;2.854924e-02;3.326729e-02;1.228764e-01;3.728719e-02;5.430503e-02;9.381784e-02;1.396553e-01;1.582261e-01
1.339361e-01;4.694542e-02;7.819678e-02;4.761024e-02;1.751781e-02;3.321641e-02;1.151801e-01;3.297076e-02;3.995765e-02;9.061533e-02;1.644114e-01;1.994421e-01
8.112399e-02;1.482818e-02;9.473745e-02;4.814261e-02;1.534729e-02;4.808711e-02;1.107852e-01;1.442931e-02;3.741524e-02;1.096437e-01;2.317331e-01;1.937267e-01
4.980331e-02;2.184281e-02;9.591829e-02;2.618909e-02;1.900468e-02;6.344292e-02;8.657119e-02;1.553269e-02;5.120258e-02;1.209311e-01;2.909524e-01;1.586090e-01
2.556476e-02;1.464364e-02;1.143499e-01;1.682302e-02;1.731250e-02;7.753327e-02;5.464964e-02;1.546800e-02;5.462790e-02;1.500169e-01;3.310013e-01;1.280091e-01
4.808453e-02;1.257041e-02;6.836770e-02;1.522331e-02;2.449830e-02;7.933811e-02;3.045714e-02;1.293360e-02;4.807343e-02;1.854177e-01;3.622679e-01;1.127678e-01
5.137173e-02;2.141859e-02;9.112839e-02;1.128554e-02;2.501813e-02;6.943512e-02;4.720142e-02;1.104662e-02;3.921447e-02;2.039332e-01;3.395311e-01;8.941567e-02
2.734242e-02;3.631603e-02;4.240259e-02;1.076784e-02;3.193746e-02;5.787052e-02;4.936757e-02;2.120787e-02;5.237236e-02;2.721790e-01;3.356036e-01;6.263280e-02
2.154229e-02;3.850318e-02;4.769493e-02;9.542475e-03;3.944346e-02;3.526445e-02;3.673491e-02;3.264624e-02;6.029991e-02;3.272159e-01;3.117608e-01;3.935141e-02
2.129989e-02;5.916517e-02;1.954078e-02;1.590924e-02;4.597732e-02;2.155451e-02;1.429585e-02;4.113594e-02;6.006951e-02;3.750229e-01;2.827906e-01;4.323838e-02
3.135719e-02;6.612596e-02;2.527568e-02;1.331102e-02;5.764955e-02;1.718101e-02;2.258063e-02;3.660820e-02;6.175722e-02;3.952579e-01;2.362429e-01;3.665281e-02
3.263563e-02;6.676333e-02;3.227546e-02;1.562335e-02;5.659723e-02;2.045795e-02;2.821132e-02;3.172175e-02;6.641255e-02;3.976406e-01;2.163001e-01;3.536069e-02
2.150625e-02;5.928857e-02;7.583997e-02;1.585097e-02;5.769626e-02;1.797531e-02;2.394348e-02;3.580941e-02;6.430735e-02;3.839528e-01;2.134375e-01;3.039207e-02
1.713519e-02;4.857738e-02;7.054890e-02;1.798182e-02;5.487412e-02;1.502454e-02;3.916802e-02;3.599366e-02;7.842614e-02;3.852272e-01;2.102550e-01;2.678804e-02
2.144224e-02;5.871239e-02;6.308258e-02;1.464373e-02;6.051523e-02;2.261345e-02;4.929986e-02;3.286516e-02;7.349782e-02;3.647465e-01;2.132001e-01;2.538093e-02
1.969490e-02;7.002614e-02;5.388887e-02;1.631330e-02;6.500287e-02;2.796810e-02;5.435833e-02;3.712697e-02;5.761796e-02;3.431713e-01;2.276737e-01;2.715751e-02
3.150362e-02;7.534537e-02;2.353867e-02;2.828368e-02;5.819448e-02;2.248705e-02;4.607803e-02;4.916506e-02;5.938802e-02;3.380931e-01;2.393026e-01;2.862037e-02
1.096841e-02;7.140495e-02;1.466817e-02;2.614585e-02;5.093767e-02;3.049456e-02;3.295150e-02;4.810312e-02;7.107203e-02;3.564511e-01;2.478194e-01;3.898328e-02
1.637640e-02;6.930907e-02;1.535692e-02;1.704016e-02;4.744751e-02;2.251643e-02;3.928414e-02;5.609274e-02;7.016206e-02;3.533149e-01;2.504081e-01;4.269148e-02
1.018293e-02;6.814228e-02;4.429374e-02;1.261740e-02;3.596345e-02;1.817708e-02;4.314644e-02;5.752382e-02;6.271971e-02;3.631044e-01;2.461780e-01;3.795068e-02
1.682921e-02;7.156505e-02;5.244774e-02;9.184915e-03;3.882661e-02;2.868300e-02;3.323142e-02;5.019505e-02;4.508261e-02;3.751214e-01;2.367829e-01;4.205014e-02
1.781442e-02;7.396910e-02;3.261667e-02;9.787188e-03;4.376524e-02;2.575605e-02;3.378420e-02;5.098116e-02;4.839229e-02;3.977563e-01;2.307097e-01;3.466766e-02
1.413968e-02;7.968871e-02;4.548649e-02;7.433452e-03;4.636027e-02;1.660958e-02;2.357804e-02;5.718135e-02;6.312630e-02;4.023755e-01;2.164825e-01;2.753817e-02
2.274548e-02;7.533295e-02;3.394731e-02;1.199873e-02;4.033609e-02;1.729127e-02;2.113914e-02;6.061162e-02;6.629617e-02;4.050154e-01;2.213454e-01;2.394043e-02
1.382025e-02;8.475492e-02;3.583047e-02;1.706096e-02;4.865484e-02;2.086873e-02;3.204949e-02;5.752700e-02;5.482759e-02;3.897839e-01;2.114763e-01;3.334551e-02
2.082023e-02;8.247535e-02;3.901488e-02;1.417134e-02;7.194385e-02;2.196827e-02;1.871852e-02;4.551846e-02;5.626498e-02;3.840426e-01;2.092781e-01;3.578344e-02
1.605213e-02;7.610570e-02;2.878720e-02;2.199345e-02;9.644987e-02;2.988726e-02;2.147601e-02;5.010254e-02;5.922323e-02;3.786813e-01;1.943729e-01;2.686845e-02
8.823081e-03;6.787895e-02;4.600220e-02;3.407912e-02;1.095794e-01;2.970171e-02;3.132593e-02;4.375319e-02;6.966646e-02;3.668731e-01;1.710813e-01;2.123540e-02
1.385133e-02;6.271011e-02;5.171015e-02;3.393388e-02;1.187634e-01;2.943675e-02;2.642141e-02;3.775110e-02;6.285240e-02;3.693739e-01;1.692476e-01;2.394798e-02
3.618849e-02;6.734566e-02;3.130016e-02;2.969616e-02;1.128619e-01;2.014033e-02;3.882797e-02;4.908751e-02;7.555895e-02;3.304467e-01;1.731175e-01;3.542850e-02
6.119891e-02;8.077952e-02;6.821760e-02;3.273071e-02;7.764175e-02;2.497761e-02;5.578852e-02;5.149536e-02;8.998387e-02;2.049932e-01;1.810121e-01;7.118087e-02
7.549949e-02;8.007278e-02;9.021460e-02;4.297614e-02;6.258012e-02;3.196030e-02;6.507663e-02;4.752601e-02;7.379788e-02;1.491186e-01;1.841892e-01;9.698828e-02
6.218970e-02;8.090856e-02;7.723518e-02;3.722309e-02;7.507280e-02;3.733957e-02;4.538479e-02;4.849741e-02;6.253247e-02;1.938846e-01;2.024184e-01;7.731343e-02
2.823007e-02;8.580729e-02;5.831445e-02;3.369193e-02;8.631735e-02;4.700522e-02;2.926404e-02;5.975429e-02;4.667219e-02;2.807527e-01;1.920563e-01;5.213416e-02
1.955064e-02;7.826934e-02;5.831531e-02;2.388229e-02;7.190356e-02;5.557013e-02;2.962550e-02;5.429617e-02;4.893314e-02;2.934801e-01;2.279074e-01;3.826645e-02
3.346653e-02;5.658798e-02;5.089040e-02;1.705495e-02;6.094567e-02;4.803585e-02;2.920366e-02;6.104222e-02;5.220155e-02;2.952277e-01;2.510971e-01;4.424634e-02
3.599485e-02;4.395330e-02;6.832630e-02;1.312324e-02;4.658576e-02;4.680951e-02;5.669888e-02;6.654293e-02;4.331820e-02;2.964509e-01;2.443191e-01;3.787702e-02
3.372602e-02;5.073715e-02;5.297647e-02;1.490599e-02;5.061759e-02;4.307424e-02;5.877784e-02;6.571674e-02;4.095730e-02;3.218998e-01;2.432636e-01;2.334731e-02
2.465838e-02;5.524932e-02;7.145102e-02;1.078530e-02;4.851099e-02;3.088853e-02;5.094481e-02;6.517176e-02;4.383285e-02;3.272522e-01;2.405002e-01;3.075463e-02
1.488892e-02;5.425761e-02;4.945770e-02;1.919792e-02;4.502638e-02;3.632806e-02;3.616357e-02;6.531423e-02;6.076342e-02;3.384320e-01;2.504551e-01;2.971506e-02
2.342020e-02;5.331622e-02;3.959277e-02;1.772884e-02;3.858586e-02;3.906265e-02;3.493713e-02;5.489651e-02;5.429690e-02;3.276125e-01;2.798833e-01;3.666721e-02
2.118344e-02;4.818654e-02;4.192249e-02;1.477619e-02;4.655908e-02;5.825287e-02;4.206362e-02;5.337353e-02;4.657477e-02;3.064903e-01;2.880292e-01;3.258795e-02
2.673351e-02;4.904604e-02;4.514113e-02;1.144317e-02;5.791485e-02;5.151177e-02;4.281034e-02;4.921459e-02;4.934467e-02;3.032281e-01;2.662501e-01;4.736165e-02
3.761882e-02;6.036486e-02;5.036750e-02;2.286877e-02;7.495797e-02;2.897487e-02;4.058173e-02;4.507759e-02;6.260078e-02;2.946815e-01;2.291052e-01;5.280050e-02
4.465016e-02;5.928145e-02;9.801351e-02;3.203968e-02;6.913047e-02;1.897218e-02;5.989169e-02;4.526600e-02;7.892472e-02;2.530211e-01;1.877934e-01;5.301566e-02
6.166770e-02;4.269602e-02;1.282488e-01;3.804765e-02;7.649846e-02;4.315282e-02;7.468204e-02;7.216898e-02;1.195683e-01;1.575975e-01;1.369154e-01;4.875634e-02
8.106159e-02;2.300671e-02;1.081284e-01;5.405630e-02;8.483340e-02;8.139759e-02;1.243288e-01;8.774959e-02;9.844038e-02;8.489036e-02;9.726592e-02;7.484099e-02
1.030186e-01;3.732051e-02;6.997107e-02;7.039752e-02;8.503892e-02;7.947490e-02;1.449906e-01;9.271926e-02;9.543832e-02;6.478626e-02;6.325592e-02;9.358809e-02
9.266288e-02;5.789636e-02;6.085110e-02;7.356388e-02;7.014878e-02;7.256380e-02;1.156713e-01;1.091021e-01;1.121053e-01;7.777544e-02;8.066979e-02;7.698932e-02
5.412091e-02;4.999605e-02;8.637551e-02;5.006352e-02;7.891763e-02;7.699658e-02;1.318404e-01;1.248090e-01;8.664443e-02;1.217522e-01;9.462946e-02;4.385440e-02
6.089104e-02;6.095085e-02;8.479415e-02;7.276695e-02;6.722135e-02;1.037966e-01;9.850449e-02;7.712187e-02;1.165431e-01;1.477539e-01;5.916833e-02;5.048737e-02
8.395220e-02;6.941564e-02;8.182811e-02;6.651977e-02;6.245506e-02;1.022969e-01;1.272244e-01;6.299774e-02;1.249465e-01;1.402972e-01;4.038319e-02;3.768319e-02
1.123827e-01;9.227630e-02;7.611778e-02;4.320784e-02;8.447314e-02;7.061236e-02;1.345536e-01;8.139214e-02;1.209326e-01;1.040048e-01;5.031240e-02;2.973432e-02
9.908973e-02;6.725639e-02;8.221757e-02;2.976647e-02;8.494890e-02;4.629118e-02;1.210300e-01;7.312701e-02;1.325554e-01;1.223956e-01;8.397052e-02;5.735134e-02
7.330146e-02;3.741264e-02;7.625681e-02;2.936015e-02;7.009110e-02;4.789176e-02;1.163511e-01;1.044422e-01;1.393720e-01;1.043031e-01;1.208085e-01;8.040918e-02
7.682340e-02;3.316664e-02;6.422627e-02;2.774090e-02;5.318183e-02;7.157074e-02;1.034475e-01;1.264528e-01;1.624822e-01;1.080664e-01;9.794295e-02;7.489833e-02
1.094520e-01;7.787092e-02;1.103609e-01;2.982440e-02;5.964934e-02;9.502852e-02;1.024643e-01;8.435499e-02;1.156414e-01;1.100483e-01;5.757673e-02;4.772814e-02
1.232263e-01;7.118599e-02;1.454430e-01;3.480052e-02;6.626576e-02;8.962012e-02;1.372926e-01;4.397606e-02;8.323906e-02;6.281845e-02;7.173333e-02;7.039881e-02
1.238354e-01;5.162956e-02;1.168998e-01;4.293341e-02;7.680906e-02;5.899043e-02;1.379187e-01;3.395626e-02;9.316067e-02;1.189810e-01;8.441347e-02;6.047225e-02
7.379198e-02;5.482471e-02;2.250712e-01;4.230485e-02;6.466155e-02;6.148283e-02;7.271590e-02;4.797636e-02;7.017082e-02;1.131323e-01;1.099450e-01;6.392249e-02
5.037240e-02;4.183323e-02;3.283293e-01;3.107103e-02;5.814812e-02;6.096132e-02;9.371008e-02;2.260458e-02;4.081490e-02;7.915954e-02;1.231993e-01;6.979628e-02
2.189783e-02;3.598342e-02;2.620988e-01;2.941107e-02;6.506367e-02;1.012983e-01;9.811035e-02;3.383939e-02;4.044979e-02;9.604081e-02;1.461854e-01;6.962107e-02
7.261200e-02;2.225820e-02;1.164335e-01;2.785871e-02;4.812707e-02;1.614172e-01;6.746849e-02;3.207102e-02;5.982236e-02;1.178776e-01;1.856023e-01;8.845151e-02
1.013312e-01;2.466608e-02;9.454990e-02;1.645800e-02;2.310664e-02;1.213461e-01;1.522329e-01;3.810176e-02;5.417391e-02;9.873361e-02;1.651016e-01;1.101983e-01
1.520773e-01;4.097516e-02;6.513215e-02;3.169760e-02;1.283501e-02;5.102493e-02;2.179741e-01;7.735064e-02;2.999309e-02;7.778677e-02;1.152619e-01;1.278914e-01
1.394449e-01;3.893915e-02;6.449521e-02;4.981121e-02;1.413556e-02;2.573529e-02;2.437524e-01;1.302504e-01;1.891677e-02;5.959107e-02;5.737184e-02;1.575563e-01
9.065110e-02;1.681365e-02;4.378740e-02;6.070001e-02;8.869862e-03;1.807931e-02;2.968166e-01;1.732743e-01;1.381599e-02;5.284440e-02;3.250996e-02;1.918375e-01
5.105726e-02;5.827607e-03;2.700343e-02;5.857873e-02;6.985531e-03;1.546179e-02;3.392216e-01;1.695921e-01;2.118530e-02;4.189494e-02;3.026157e-02;2.329303e-01
3.013275e-02;7.287619e-03;2.830566e-02;5.062987e-02;7.432904e-03;2.889840e-02;3.218348e-01;1.171656e-01;3.222860e-02;4.029199e-02;6.228098e-02;2.735109e-01
4.430755e-02;7.215888e-03;7.141007e-02;4.990409e-02;8.807151e-03;4.576703e-02;2.350044e-01;4.821622e-02;5.117973e-02;4.107241e-02;1.214796e-01;2.756359e-01
5.117089e-02;9.928069e-03;1.462864e-01;2.708177e-02;1.224308e-02;8.112976e-02;1.134328e-01;1.637649e-02;7.614639e-02;3.867182e-02;2.279627e-01;1.995698e-01
4.294182e-02;2.098939e-02;1.841591e-01;6.858952e-03;1.593672e-02;9.352679e-02;5.295227e-02;2.190729e-02;9.922028e-02;4.127641e-02;2.961984e-01;1.240325e-01
2.647357e-02;1.915961e-02;1.902528e-01;1.225606e-02;1.098659e-02;9.736660e-02;6.229706e-02;1.891635e-02;1.031031e-01;4.325226e-02;3.351506e-01;8.078545e-02
1.606924e-02;9.061066e-03;1.906367e-01;8.378971e-03;8.345149e-03;1.135454e-01;6.733438e-02;2.304647e-02;9.748980e-02;3.693974e-02;3.629396e-01;6.621360e-02
1.501756e-02;6.468702e-03;1.789477e-01;1.514063e-02;9.777546e-03;1.131593e-01;6.399378e-02;2.242154e-02;8.379297e-02;4.093007e-02;3.621701e-01;8.818013e-02
1.143645e-02;7.888237e-03;1.500403e-01;5.113422e-03;1.030573e-02;1.208921e-01;7.713796e-02;1.489446e-02;7.434074e-02;4.190062e-02;3.910444e-01;9.500558e-02
1.706334e-02;1.199195e-02;1.314750e-01;7.539852e-03;1.195445e-02;1.513468e-01;6.127761e-02;2.518767e-02;7.264794e-02;4.777373e-02;4.024735e-01;5.926811e-02
2.700453e-02;1.429045e-02;1.061840e-01;1.039166e-02;2.490853e-02;1.807452e-01;5.722463e-02;2.484257e-02;8.024213e-02;4.237696e-02;3.628454e-01;6.894394e-02
2.938260e-02;1.667080e-02;8.731244e-02;1.333752e-02;5.518017e-02;2.021183e-01;7.319541e-02;9.772999e-03;9.259848e-02;6.030944e-02;2.989681e-01;6.115380e-02
5.133044e-02;1.578339e-02;1.087304e-01;3.710895e-02;8.282797e-02;1.763002e-01;1.001113e-01;2.121148e-02;7.983393e-02;7.647178e-02;1.999313e-01;5.035890e-02
5.779349e-02;4.210581e-02;1.171627e-01;5.479670e-02;8.443924e-02;1.161529e-01;1.451487e-01;4.130900e-02;6.169764e-02;1.024638e-01;1.117740e-01;6.515599e-02
9.433842e-02;9.592111e-02;1.471609e-01;6.222505e-02;6.851015e-02;7.916155e-02;5.906814e-02;4.932958e-02;6.602422e-02;1.167254e-01;9.835724e-02;6.317830e-02
1.295037e-01;6.990491e-02;1.302093e-01;3.271777e-02;6.795831e-02;8.902581e-02;8.457611e-02;3.648872e-02;6.289681e-02;1.217631e-01;1.337782e-01;4.117734e-02
1.029388e-01;4.551353e-02;5.773860e-02;2.093716e-02;7.179250e-02;1.114380e-01;6.504337e-02;3.770826e-02;5.912322e-02;1.671157e-01;2.129805e-01;4.767042e-02
6.153134e-02;7.897449e-02;4.075121e-02;2.192570e-02;9.314481e-02;8.267468e-02;4.736390e-02;4.500703e-02;5.108842e-02;2.273095e-01;2.110984e-01;3.913061e-02
4.489354e-02;8.106004e-02;4.191599e-02;3.956753e-02;1.279580e-01;3.569166e-02;5.102189e-02;4.795263e-02;5.210985e-02;2.839067e-01;1.660255e-01;2.789669e-02
5.064987e-02;5.637175e-02;3.656746e-02;6.370372e-02;1.365407e-01;2.913353e-02;6.842702e-02;4.507817e-02;7.695308e-02;2.774114e-01;1.318986e-01;2.726474e-02
5.331577e-02;3.572267e-02;2.973438e-02;1.107638e-01;1.183008e-01;2.067452e-02;1.315452e-01;5.269386e-02;1.009806e-01;2.241832e-01;9.580149e-02;2.628370e-02
9.365449e-02;2.732784e-02;4.735982e-02;1.610571e-01;8.501133e-02;2.773196e-02;1.002117e-01;5.088752e-02;1.325603e-01;1.845395e-01;7.001229e-02;1.964614e-02
1.069084e-01;2.311962e-02;6.237643e-02;1.866713e-01;6.646397e-02;2.745925e-02;8.998368e-02;4.571693e-02;1.544432e-01;1.643301e-01;5.903519e-02;1.349189e-02
7.628120e-02;2.331355e-02;1.183862e-01;1.613576e-01;5.489093e-02;2.782705e-02;1.182411e-01;5.379746e-02;1.462643e-01;1.305897e-01;5.464048e-02;3.441038e-02
3.540465e-02;4.766030e-02;1.320625e-01;1.079590e-01;6.139934e-02;3.386691e-02;1.218275e-01;7.858532e-02;1.488355e-01;1.114783e-01;5.433515e-02;6.658562e-02
3.166369e-02;7.685547e-02;1.342635e-01;5.465971e-02;5.676474e-02;4.533149e-02;1.444593e-01;7.820862e-02;1.404048e-01;9.491222e-02;6.520441e-02;7.727199e-02
7.907510e-02;8.542726e-02;1.158379e-01;8.203676e-02;3.674273e-02;5.705681e-02;1.329661e-01;5.522981e-02;1.025099e-01;1.178734e-01;7.073835e-02;6.450586e-02
9.640142e-02;9.404968e-02;6.010230e-02;9.708302e-02;7.426871e-02;8.025236e-02;4.700894e-02;5.227763e-02;9.479695e-02;1.524903e-01;9.426045e-02;5.700820e-02
1.040606e-01;6.734927e-02;8.165326e-02;8.377303e-02;9.457010e-02;9.159914e-02;2.469225e-02;3.924133e-02;7.647183e-02;1.807740e-01;8.703677e-02;6.877843e-02
8.941003e-02;5.205350e-02;7.822844e-02;8.938441e-02;8.002784e-02;9.452063e-02;4.458391e-02;2.280591e-02;8.296368e-02;1.739908e-01;1.042431e-01;8.778774e-02
7.321423e-02;6.324403e-02;6.256461e-02;9.896665e-02;8.815563e-02;7.277153e-02;7.800569e-02;3.389372e-02;1.094829e-01;1.505107e-01;9.796495e-02;7.122539e-02
9.425502e-02;5.137401e-02;8.006354e-02;7.415272e-02;9.278281e-02;6.422454e-02;7.672886e-02;4.001610e-02;1.043573e-01;1.838689e-01;9.513700e-02;4.303922e-02
7.004417e-02;8.765452e-02;1.030108e-01;3.854735e-02;6.650145e-02;6.939192e-02;6.848230e-02;3.011498e-02;6.364582e-02;2.024856e-01;1.554835e-01;4.463758e-02
5.180004e-02;6.586361e-02;1.042635e-01;3.272832e-02;5.055836e-02;9.833419e-02;5.080700e-02;1.496185e-02;4.210411e-02;1.775686e-01;2.501833e-01;6.082707e-02
5.549362e-02;3.608528e-02;1.472994e-01;3.039720e-02;4.439797e-02;9.188110e-02;6.797158e-02;1.773578e-02;2.277199e-02;1.091818e-01;2.687805e-01;1.080037e-01
6.335554e-02;2.758725e-02;1.326045e-01;8.292315e-02;3.144146e-02;5.431557e-02;1.084427e-01;1.862934e-02;1.565604e-02;7.884619e-02;2.114136e-01;1.747846e-01
1.750064e-01;3.378088e-02;9.826316e-02;9.151655e-02;1.886392e-02;2.811759e-02;1.301738e-01;4.585699e-02;2.281376e-02;5.433772e-02;1.133037e-01;1.879656e-01
2.591775e-01;3.944295e-02;7.585898e-02;7.218312e-02;1.500223e-02;2.518046e-02;1.507940e-01;7.005560e-02;2.809485e-02;3.861725e-02;5.196860e-02;1.736245e-01
3.583356e-01;2.720847e-02;8.220120e-02;3.992235e-02;1.710283e-02;2.061242e-02;1.287660e-01;8.025994e-02;2.163786e-02;2.831919e-02;4.284608e-02;1.527881e-01
4.192991e-01;8.449852e-02;1.244097e-01;1.865824e-02;2.624240e-02;1.270642e-02;5.715483e-02;8.405411e-02;2.721921e-02;1.993925e-02;2.500087e-02;1.008174e-01
4.299479e-01;1.172112e-01;1.428368e-01;7.533958e-03;3.353944e-02;7.987094e-03;3.013865e-02;7.351784e-02;3.419539e-02;2.229520e-02;2.396052e-02;7.683593e-02
4.028291e-01;8.787391e-02;1.619864e-01;7.698155e-03;3.592674e-02;1.465986e-02;3.568697e-02;8.627627e-02;2.858429e-02;3.960607e-02;2.998629e-02;6.888591e-02
3.503971e-01;4.958073e-02;2.444567e-01;1.030361e-02;3.024335e-02;1.630709e-02;2.414216e-02;1.280400e-01;2.674955e-02;3.292104e-02;3.308596e-02;5.377270e-02
3.015182e-01;8.736496e-02;2.756861e-01;9.256920e-03;1.846344e-02;1.225908e-02;2.649242e-02;1.479350e-01;2.571083e-02;1.965687e-02;3.475647e-02;4.089976e-02
2.728864e-01;5.423819e-02;2.635804e-01;1.035506e-02;1.736229e-02;2.999856e-02;5.586095e-02;1.459560e-01;1.848272e-02;2.395029e-02;4.862897e-02;5.870027e-02
2.424762e-01;3.476999e-02;1.949979e-01;9.229854e-03;1.711958e-02;4.343139e-02;1.063320e-01;1.243147e-01;2.191119e-02;4.612429e-02;6.771260e-02;9.158018e-02
2.216243e-01;1.884220e-02;1.472398e-01;1.679503e-02;1.985088e-02;2.888078e-02;1.461009e-01;8.543105e-02;3.510970e-02;6.898321e-02;8.589782e-02;1.252443e-01
1.998702e-01;4.564041e-02;9.007439e-02;1.336188e-02;2.141993e-02;3.109800e-02;1.503791e-01;4.174870e-02;4.268966e-02;9.210069e-02;1.136676e-01;1.579494e-01
1.234364e-01;3.627005e-02;5.252533e-02;2.243851e-02;2.588365e-02;5.003135e-02;1.336743e-01;5.195494e-02;7.307141e-02;1.120509e-01;1.395914e-01;1.790718e-01
1.749657e-01;4.174289e-02;9.851588e-02;2.378911e-02;2.897015e-02;4.538409e-02;4.245323e-02;5.937226e-02;5.839307e-02;1.116622e-01;1.507542e-01;1.639973e-01
1.601368e-01;3.960340e-02;1.372533e-01;2.077220e-02;3.211848e-02;3.792957e-02;7.137758e-02;5.735590e-02;4.095798e-02;9.649519e-02;1.593934e-01;1.466062e-01
1.155688e-01;2.240553e-02;1.223078e-01;1.305742e-02;3.825275e-02;5.529720e-02;7.391395e-02;4.387292e-02;4.091619e-02;1.165529e-01;2.284160e-01;1.294385e-01
5.622784e-02;3.041699e-02;6.928798e-02;1.494010e-02;3.173885e-02;1.040937e-01;7.653400e-02;4.873647e-02;6.183226e-02;1.355907e-01;2.887754e-01;8.182561e-02
4.429089e-02;3.241793e-02;8.004785e-02;1.376748e-02;3.774649e-02;1.090609e-01;4.513071e-02;6.705117e-02;8.772754e-02;1.488114e-01;2.655981e-01;6.834948e-02
4.936393e-02;4.769522e-02;5.159084e-02;1.755787e-02;5.409695e-02;8.043065e-02;6.571013e-02;9.513781e-02;8.769623e-02;1.691579e-01;2.208836e-01;6.067887e-02
2.615998e-02;6.777580e-02;4.725263e-02;3.056436e-02;8.768775e-02;5.312446e-02;9.465907e-02;1.006071e-01;7.864086e-02;1.958439e-01;1.753576e-01;4.232649e-02
2.496329e-02;7.404187e-02;5.271151e-02;3.784018e-02;1.283365e-01;5.596972e-02;9.536622e-02;8.566467e-02;7.412574e-02;1.999628e-01;1.328161e-01;3.820133e-02
1.252109e-02;8.800442e-02;3.763197e-02;3.643647e-02;1.683044e-01;5.423473e-02;6.014393e-02;5.985999e-02;6.517450e-02;2.344434e-01;1.440277e-01;3.921751e-02
2.608472e-02;1.063872e-01;4.881552e-02;2.314655e-02;1.740348e-01;4.401432e-02;2.803165e-02;5.303757e-02;4.931954e-02;2.841686e-01;1.375464e-01;2.541310e-02
2.635563e-02;1.134243e-01;7.246127e-02;3.193240e-02;1.374401e-01;3.494157e-02;2.686255e-02;4.872548e-02;6.165897e-02;3.104378e-01;1.170280e-01;1.873185e-02
5.024372e-02;1.045161e-01;8.924613e-02;4.474753e-02;9.797198e-02;3.233250e-02;5.048814e-02;4.127952e-02;7.572452e-02;2.730792e-01;1.124169e-01;2.795371e-02
8.603506e-02;6.545725e-02;9.793482e-02;6.855877e-02;6.790751e-02;2.873471e-02;1.096547e-01;5.251995e-02;9.371245e-02;1.974947e-01;9.623785e-02;3.575220e-02
8.107466e-02;4.973723e-02;1.019551e-01;7.116953e-02;6.110176e-02;4.175037e-02;9.567779e-02;5.824437e-02;1.054840e-01;1.945464e-01;9.178497e-02;4.747379e-02
6.528521e-02;6.261954e-02;1.180918e-01;5.798461e-02;7.170349e-02;5.414006e-02;7.186563e-02;5.023121e-02;7.374242e-02;2.104955e-01;1.258590e-01;3.798156e-02
6.969576e-02;7.559973e-02;9.826227e-02;5.332932e-02;8.180083e-02;6.888624e-02;8.305065e-02;4.401849e-02;5.967547e-02;1.734488e-01;1.218967e-01;7.033575e-02
7.872953e-02;6.227806e-02;1.400560e-01;5.180627e-02;8.141547e-02;6.225958e-02;7.683331e-02;5.034276e-02;6.471098e-02;1.341596e-01;1.214490e-01;7.595940e-02
7.717361e-02;8.179538e-02;1.619882e-01;6.083021e-02;5.594090e-02;3.455948e-02;7.811692e-02;8.614872e-02;7.306328e-02;1.219721e-01;9.082706e-02;7.758418e-02
8.619621e-02;7.174154e-02;1.236888e-01;6.800704e-02;3.510340e-02;4.921929e-02;1.093262e-01;1.024255e-01;8.437178e-02;1.301024e-01;4.997190e-02;8.984596e-02
8.513168e-02;6.733131e-02;1.917600e-01;5.711978e-02;3.763212e-02;4.585307e-02;8.616196e-02;8.764025e-02;8.485445e-02;1.322951e-01;6.146945e-02;6.275087e-02
9.970887e-02;6.541322e-02;1.968629e-01;4.151440e-02;5.983068e-02;4.928312e-02;7.795682e-02;8.498115e-02;7.629064e-02;1.271999e-01;8.849692e-02;3.246139e-02
1.073651e-01;7.703694e-02;1.186144e-01;3.738374e-02;6.751231e-02;5.956363e-02;1.366428e-01;7.335892e-02;9.524646e-02;9.861907e-02;1.044087e-01;2.424790e-02
8.920195e-02;5.321363e-02;7.204572e-02;4.833286e-02;6.208813e-02;6.762683e-02;1.997931e-01;7.949104e-02;1.180222e-01;7.620505e-02;8.868105e-02;4.529850e-02
8.586155e-02;4.761795e-02;1.079458e-01;5.486313e-02;6.000937e-02;6.007581e-02;1.792161e-01;8.553788e-02;1.395882e-01;5.808176e-02;7.125872e-02;4.994371e-02
9.550359e-02;4.072274e-02;1.414158e-01;4.359038e-02;5.652613e-02;4.174816e-02;1.413367e-01;1.004226e-01;1.467576e-01;7.283302e-02;6.185381e-02;5.728942e-02
1.240822e-01;4.855394e-02;1.303109e-01;6.001660e-02;4.528149e-02;4.909776e-02;1.181946e-01;1.170682e-01;1.027529e-01;9.521121e-02;6.013742e-02;4.929275e-02
8.226819e-02;6.785000e-02;1.485132e-01;6.954553e-02;5.187522e-02;7.330475e-02;9.245160e-02;1.012275e-01;8.639612e-02;1.074682e-01;6.544691e-02;5.365286e-02
6.533277e-02;7.092454e-02;1.036752e-01;5.081950e-02;5.588184e-02;7.660842e-02;1.553125e-01;7.596792e-02;1.082817e-01;1.021667e-01;6.944226e-02;6.558668e-02
1.243562e-01;8.959861e-02;1.383111e-01;4.734905e-02;4.724010e-02;5.415109e-02;1.578512e-01;6.834766e-02;9.544313e-02;7.512273e-02;5.712031e-02;4.510876e-02
