1.647925e-01;8.323603e-02;2.413234e-02;1.343129e-02;1.937052e-02;5.678402e-02;2.371943e-01;2.497270e-01;2.296173e-02;3.827880e-02;7.684624e-02;1.324527e-02
5.445734e-02;1.094740e-01;3.166624e-02;1.294579e-02;1.153336e-02;5.049581e-02;1.616522e-01;3.092439e-01;2.440598e-02;3.522895e-02;1.815708e-01;1.732557e-02
2.697468e-02;1.106170e-01;2.904145e-02;8.846045e-03;4.668287e-03;3.319271e-02;2.618669e-01;3.553861e-01;1.645207e-02;1.836608e-02;1.156449e-01;1.894382e-02
4.570542e-02;1.258048e-01;2.520320e-02;9.981927e-03;7.914027e-03;3.951682e-02;3.121021e-01;3.402768e-01;1.494647e-02;1.152308e-02;5.097674e-02;1.604860e-02
9.388010e-02;1.628505e-01;1.940371e-02;1.062421e-02;1.626959e-02;5.686090e-02;3.474073e-01;2.250134e-01;1.341254e-02;1.209965e-02;3.442640e-02;7.751752e-03
8.258708e-02;1.635952e-01;1.823426e-02;6.811433e-03;1.895865e-02;6.978761e-02;3.769100e-01;1.520891e-01;1.357626e-02;1.470552e-02;7.629356e-02;6.451475e-03
8.034728e-02;1.343331e-01;2.158936e-02;1.392819e-02;1.966515e-02;8.308879e-02;4.513108e-01;7.203904e-02;1.390781e-02;2.026117e-02;7.788152e-02;1.164783e-02
4.421156e-02;1.032835e-01;3.029772e-02;2.270623e-02;2.196652e-02;1.081629e-01;5.089394e-01;8.254376e-02;1.141906e-02;1.492302e-02;3.665849e-02;1.488787e-02
5.652453e-02;6.835372e-02;2.862263e-02;1.913382e-02;3.133707e-02;7.962190e-02;4.754518e-01;1.699043e-01;1.372939e-02;1.073127e-02;3.633578e-02;1.025381e-02
9.608285e-02;7.146001e-02;2.248562e-02;1.690934e-02;2.069219e-02;5.469985e-02;3.613156e-01;2.264821e-01;2.275043e-02;2.787108e-02;6.885285e-02;1.039814e-02
1.224300e-01;1.425995e-01;4.538878e-02;2.886846e-02;4.268056e-02;7.591099e-02;1.587847e-01;1.562670e-01;4.806767e-02;4.124676e-02;1.248089e-01;1.294664e-02
1.228126e-01;1.512787e-01;4.557643e-02;3.547741e-02;4.305565e-02;7.593547e-02;1.793317e-01;1.650093e-01;5.340995e-02;3.617033e-02;7.872888e-02;1.321352e-02
9.852738e-02;1.410192e-01;3.337295e-02;4.675838e-02;2.772028e-02;6.683661e-02;1.939868e-01;2.244039e-01;5.900229e-02;4.172366e-02;4.019411e-02;2.645442e-02
5.716506e-02;6.330714e-02;2.751942e-02;6.224284e-02;3.480790e-02;5.229115e-02;2.177040e-01;2.069588e-01;5.016733e-02;4.914538e-02;1.548419e-01;2.384903e-02
4.996417e-02;2.200624e-02;2.476762e-02;6.161167e-02;8.210617e-02;3.303633e-02;1.677894e-01;1.150276e-01;3.642683e-02;7.549608e-02;3.195813e-01;1.218663e-02
4.780544e-02;3.014628e-02;1.606706e-02;2.835867e-02;1.143801e-01;3.232484e-02;1.169917e-01;1.272569e-01;1.716176e-02;7.735546e-02;3.840382e-01;8.113681e-03
4.790210e-02;3.351517e-02;1.513165e-02;2.539512e-02;8.859282e-02;4.481519e-02;1.787276e-01;1.987801e-01;2.179281e-02;5.115063e-02;2.872089e-01;6.987914e-03
6.614724e-02;3.506158e-02;1.982021e-02;2.427256e-02;4.636155e-02;9.443454e-02;2.484194e-01;1.658191e-01;2.572054e-02;2.974932e-02;2.348622e-01;9.331833e-03
8.403619e-02;3.856556e-02;2.336051e-02;1.297266e-02;2.998169e-02;1.471849e-01;1.892298e-01;8.748395e-02;3.268637e-02;2.901376e-02;3.150499e-01;1.043466e-02
5.513583e-02;2.926558e-02;3.269327e-02;4.898740e-03;2.038978e-02;1.950588e-01;1.835260e-01;7.009424e-02;5.058019e-02;2.152491e-02;3.269935e-01;9.839162e-03
4.456016e-02;1.002061e-02;4.040359e-02;6.118514e-03;8.721272e-03;2.074014e-01;2.445953e-01;3.142053e-02;7.567229e-02;1.404809e-02;2.950742e-01;2.196405e-02
4.742231e-02;1.145258e-02;3.204640e-02;1.819471e-02;9.172295e-03;1.593980e-01;3.336618e-01;1.542564e-02;7.356598e-02;1.225462e-02;2.311959e-01;5.620978e-02
7.934104e-02;1.992743e-02;1.290002e-02;5.548958e-02;7.834511e-03;9.991863e-02;4.007862e-01;3.584082e-02;4.043988e-02;1.600087e-02;1.385169e-01;9.300418e-02
1.143519e-01;2.704739e-02;3.632458e-03;9.529328e-02;9.103656e-03;6.199159e-02;4.093466e-01;7.748315e-02;1.463228e-02;3.099163e-02;5.985447e-02;9.627164e-02
1.439777e-01;3.748955e-02;2.889779e-03;1.087000e-01;9.572111e-03;4.796333e-02;3.540817e-01;1.113806e-01;1.581416e-02;4.590670e-02;5.859541e-02;6.362896e-02
1.858708e-01;5.330682e-02;5.815474e-03;8.744646e-02;1.019673e-02;3.120870e-02;2.783405e-01;1.410705e-01;1.557022e-02;5.033090e-02;9.376127e-02;4.708161e-02
1.886323e-01;6.965050e-02;1.045514e-02;4.026309e-02;6.873199e-03;2.494635e-02;2.259685e-01;1.491060e-01;1.157535e-02;4.378798e-02;1.520607e-01;7.668094e-02
1.885110e-01;8.000941e-02;1.271720e-02;1.239868e-02;5.700308e-03;3.017412e-02;1.785608e-01;1.323375e-01;1.529269e-02;4.859122e-02;2.082668e-01;8.744024e-02
2.279460e-01;7.332333e-02;1.339013e-02;1.596887e-02;1.089035e-02;4.222238e-02;9.600245e-02;1.230643e-01;2.107767e-02;6.474607e-02;2.278876e-01;8.348083e-02
2.694170e-01;2.558313e-02;1.732052e-02;4.821255e-02;2.337618e-02;5.741908e-02;1.495981e-01;1.511200e-01;3.676944e-02;9.199958e-02;5.871927e-02;7.046513e-02
2.098021e-01;4.957792e-02;3.024001e-02;5.853465e-02;9.663478e-03;5.583146e-02;1.330154e-01;1.264613e-01;3.849416e-02;8.604214e-02;1.766203e-01;2.571709e-02
1.993396e-01;9.282848e-02;3.015700e-02;5.530451e-02;3.391182e-02;5.557467e-02;1.494162e-01;9.012189e-02;3.035260e-02;8.177826e-02;1.550314e-01;2.618358e-02
1.802307e-01;8.490720e-02;2.496979e-02;5.910220e-02;5.670522e-02;7.689781e-02;1.459255e-01;9.179006e-02;3.590516e-02;8.967427e-02;1.225255e-01;3.136663e-02
2.140004e-01;8.615397e-02;2.986114e-02;4.403779e-02;4.407097e-02;9.693789e-02;9.656218e-02;9.739901e-02;4.304168e-02;1.212053e-01;8.935922e-02;3.737048e-02
2.143355e-01;7.933636e-02;2.889521e-02;2.795915e-02;5.544021e-02;1.087111e-01;1.712626e-01;1.010157e-01;3.899737e-02;9.905232e-02;4.758880e-02;2.740576e-02
1.626475e-01;4.477518e-02;1.707067e-02;4.201752e-02;6.078905e-02;1.240311e-01;2.114834e-01;1.173914e-01;3.720737e-02;6.324152e-02;8.277773e-02;3.656755e-02
1.452633e-01;5.877728e-02;2.432937e-02;4.197472e-02;3.097357e-02;1.271674e-01;1.725705e-01;1.260568e-01;4.737153e-02;7.294104e-02;1.229121e-01;2.966236e-02
1.359366e-01;1.454721e-01;3.518840e-02;2.969680e-02;5.431176e-02;8.402566e-02;1.136178e-01;1.211213e-01;3.478466e-02;6.144546e-02;1.724823e-01;1.191729e-02
2.068346e-01;1.476171e-01;2.098296e-02;2.820257e-02;3.249360e-02;4.845496e-02;1.318570e-01;1.031617e-01;2.419025e-02;3.851242e-02;1.950300e-01;2.266288e-02
1.956646e-01;1.188215e-01;1.650234e-02;2.277307e-02;2.797745e-02;4.411879e-02;1.105724e-01;8.962173e-02;2.011620e-02;5.133089e-02;2.799960e-01;2.250497e-02
1.441006e-01;5.032320e-02;1.107832e-02;1.930574e-02;3.201837e-02;4.209826e-02;1.078883e-01;6.626773e-02;4.492801e-02;8.581289e-02;3.791498e-01;1.702874e-02
1.196615e-01;1.030431e-01;2.170659e-02;2.815110e-02;2.379680e-02;3.450841e-02;1.236846e-01;1.261100e-01;6.252854e-02;7.004911e-02;2.551149e-01;3.164529e-02
4.004800e-02;1.592402e-01;3.498435e-02;2.192583e-02;2.400882e-02;2.359838e-02;1.798475e-01;2.282888e-01;3.671412e-02;2.531701e-02;1.670254e-01;5.900156e-02
2.963646e-02;2.144670e-01;3.667564e-02;1.148781e-02;1.751822e-02;1.988946e-02;2.461216e-01;2.581059e-01;1.323455e-02;1.270234e-02;8.365601e-02;5.650510e-02
3.854664e-02;2.716709e-01;2.732428e-02;7.766990e-03;1.236597e-02;2.037751e-02;2.963555e-01;2.167282e-01;6.648463e-03;6.609401e-03;6.155935e-02;3.404675e-02
7.488225e-02;3.000426e-01;1.506789e-02;5.610816e-03;1.116199e-02;2.676478e-02;3.013570e-01;1.750775e-01;6.945105e-03;4.710165e-03;6.779364e-02;1.058627e-02
1.512549e-01;3.031413e-01;7.507870e-03;7.170085e-03;8.629733e-03;3.668713e-02;2.897699e-01;1.247604e-01;5.584188e-03;8.320247e-03;5.181900e-02;5.355306e-03
2.534570e-01;2.623737e-01;6.663606e-03;1.363017e-02;9.302334e-03;5.262940e-02;2.618200e-01;8.614711e-02;3.303255e-03;1.429697e-02;3.053881e-02;5.837614e-03
3.640628e-01;1.817015e-01;6.223440e-03;1.836920e-02;9.852867e-03;6.775979e-02;2.509176e-01;5.393519e-02;2.673302e-03;1.884081e-02;1.666500e-02;8.998442e-03
4.125504e-01;1.251529e-01;6.342510e-03;2.113964e-02;1.101627e-02;7.807869e-02;2.434745e-01;5.982766e-02;4.020433e-03;2.008876e-02;7.334793e-03;1.097342e-02
3.999867e-01;8.663260e-02;7.304503e-03;3.725538e-02;1.266728e-02;8.825692e-02;2.424920e-01;7.060995e-02;7.426927e-03;1.572364e-02;1.999399e-02;1.165011e-02
3.678208e-01;5.476916e-02;1.668794e-02;6.089842e-02;1.707321e-02;9.420904e-02;2.554009e-01;6.180432e-02;9.471209e-03;9.003833e-03;4.563965e-02;7.221595e-03
2.654012e-01;5.085840e-02;3.286599e-02;6.042821e-02;4.267345e-02;9.806263e-02;2.511493e-01;3.564432e-02;1.542251e-02;9.731265e-03;1.217705e-01;1.599219e-02
1.495100e-01;7.322731e-02;3.472157e-02;4.242676e-02;5.689883e-02;8.952060e-02;2.242731e-01;9.535725e-02;1.580415e-02;1.545862e-02;1.868060e-01;1.599570e-02
2.596648e-01;1.147758e-01;2.647658e-02;2.513753e-02;4.626717e-02;6.648714e-02;1.421393e-01;9.375886e-02;1.155727e-02;1.370888e-02;1.857032e-01;1.432337e-02
2.722259e-01;1.552355e-01;3.471675e-02;4.049116e-02;1.948834e-02;6.306466e-02;1.871715e-01;9.603591e-02;1.319524e-02;1.604935e-02;8.365722e-02;1.866838e-02
1.023811e-01;1.497107e-01;3.525821e-02;4.635510e-02;3.551824e-02;7.432231e-02;2.347953e-01;1.019213e-01;1.784617e-02;1.995889e-02;1.643310e-01;1.760181e-02
1.955253e-01;1.405045e-01;3.117385e-02;3.326964e-02;2.847610e-02;7.168595e-02;2.238160e-01;3.939559e-02;2.240205e-02;1.972738e-02;1.776054e-01;1.641829e-02
1.096680e-01;1.512677e-01;4.315076e-02;1.735182e-02;2.321145e-02;7.129088e-02;2.432825e-01;8.349373e-02;2.597822e-02;2.088435e-02;1.948389e-01;1.558158e-02
1.269045e-01;1.199607e-01;3.416202e-02;2.212448e-02;2.394750e-02;7.662883e-02;2.496993e-01;9.631984e-02;2.933137e-02;2.131103e-02;1.864316e-01;1.317884e-02
1.632861e-01;1.093404e-01;3.217917e-02;5.557323e-02;3.425268e-02;7.686137e-02;2.276336e-01;8.572313e-02;3.278209e-02;3.496261e-02;1.111188e-01;3.628680e-02
1.130969e-01;8.101419e-02;5.101781e-02;6.471866e-02;5.861069e-02;7.756936e-02;1.639838e-01;1.645996e-01;3.985782e-02;4.112676e-02;1.062958e-01;3.810863e-02
9.904703e-02;1.021917e-01;4.929142e-02;5.167956e-02;5.734308e-02;6.509616e-02;1.580306e-01;1.751767e-01;4.548261e-02;4.571701e-02;1.170008e-01;3.394339e-02
1.590620e-01;1.301779e-01;3.246967e-02;2.860452e-02;4.315941e-02;6.269059e-02;1.167279e-01;1.282320e-01;4.079093e-02;3.999688e-02;1.969058e-01;2.118232e-02
1.921848e-01;1.043438e-01;1.779477e-02;1.632649e-02;3.483519e-02;7.285358e-02;7.306486e-02;5.611134e-02;2.013023e-02;2.786204e-02;3.685012e-01;1.599159e-02
1.267117e-01;5.600785e-02;1.691226e-02;1.048606e-02;2.387718e-02;9.434533e-02;5.920778e-02;4.785911e-02;9.857622e-03;3.089101e-02;5.151318e-01;8.712230e-03
5.344229e-02;2.186377e-02;1.955771e-02;5.151978e-03;1.031396e-02;1.336470e-01;3.543275e-02;2.200015e-02;5.403542e-03;3.516162e-02;6.548563e-01;3.168941e-03
4.245918e-02;1.479185e-02;3.273918e-02;9.760554e-03;1.622003e-02;1.688636e-01;3.698285e-02;1.093055e-02;8.740081e-03;2.919800e-02;6.266644e-01;2.649778e-03
5.801373e-02;2.049655e-02;4.821829e-02;1.221058e-02;1.436564e-02;1.767389e-01;6.819945e-02;1.013053e-02;1.318717e-02;2.325529e-02;5.457712e-01;9.412623e-03
9.703413e-02;1.706956e-02;4.601750e-02;1.268717e-02;6.766202e-03;1.302277e-01;1.236351e-01;1.501910e-02;1.546797e-02;1.867688e-02;4.941762e-01;2.322252e-02
1.312618e-01;2.674901e-02;3.059064e-02;3.785879e-02;9.823210e-03;6.232494e-02;1.951930e-01;2.816616e-02;1.250735e-02;1.272568e-02;4.082529e-01;4.454655e-02
1.634489e-01;3.382090e-02;1.392885e-02;6.065891e-02;1.717639e-02;4.624034e-02;2.563851e-01;3.377302e-02;7.921115e-03;9.419209e-03;2.930527e-01;6.417455e-02
1.788570e-01;3.013525e-02;1.115132e-02;8.279777e-02;1.785865e-02;3.121078e-02;2.922141e-01;2.990933e-02;3.814463e-03;6.702463e-03;2.441888e-01;7.116013e-02
1.648592e-01;2.592610e-02;1.067665e-02;9.287744e-02;1.692178e-02;4.053478e-02;2.915606e-01;2.255578e-02;2.994123e-03;6.971805e-03;2.587922e-01;6.532951e-02
1.551238e-01;2.663287e-02;1.394756e-02;8.680770e-02;1.446903e-02;4.595170e-02;2.746781e-01;2.313943e-02;4.307398e-03;8.912442e-03;2.916724e-01;5.435747e-02
1.467186e-01;2.353750e-02;2.238289e-02;6.983961e-02;1.224930e-02;5.564139e-02;2.487414e-01;2.692381e-02;9.464605e-03;1.010883e-02;3.325482e-01;4.184387e-02
1.303991e-01;2.422868e-02;4.981786e-02;6.476629e-02;1.321235e-02;8.913831e-02;1.897000e-01;1.791770e-02;1.401667e-02;1.072776e-02;3.659176e-01;3.015768e-02
9.763137e-02;1.734867e-02;7.503403e-02;4.336872e-02;2.080389e-02;1.560905e-01;1.290000e-01;1.082650e-02;1.529822e-02;1.661383e-02;4.025757e-01;1.540864e-02
9.262913e-02;3.048140e-02;7.085285e-02;2.317689e-02;2.790077e-02;2.245016e-01;9.810638e-02;1.499962e-02;1.211861e-02;2.000120e-02;3.815863e-01;3.645246e-03
7.356642e-02;4.068188e-02;4.652847e-02;1.419618e-02;2.631156e-02;2.721168e-01;7.095443e-02;3.558907e-02;6.757727e-03;3.848156e-02;3.699975e-01;4.818356e-03
5.065836e-02;4.999410e-02;1.717588e-02;1.050057e-02;1.318454e-01;2.090815e-01;5.848349e-02;5.565287e-02;1.501853e-02;6.366253e-02;3.244403e-01;1.348640e-02
4.932506e-02;2.746272e-02;1.860299e-02;4.381738e-02;1.723928e-01;1.483023e-01;9.903400e-02;8.751381e-02;3.564874e-02;6.526021e-02;2.458920e-01;6.747855e-03
5.024727e-02;6.091736e-02;5.314913e-02;8.942162e-02;1.023991e-01;1.144581e-01;1.611654e-01;1.675791e-01;5.030663e-02;3.639883e-02;9.293691e-02;2.102060e-02
6.901429e-02;1.553095e-01;5.279917e-02;5.661072e-02;3.944968e-02;8.282214e-02;2.088188e-01;2.209873e-01;3.097950e-02;1.966460e-02;2.764828e-02;3.589604e-02
1.175391e-01;2.178243e-01;3.608566e-02;1.709110e-02;3.502008e-02;6.199405e-02;2.238526e-01;1.794067e-01;1.422620e-02;1.345625e-02;5.756225e-02;2.594176e-02
1.776349e-01;2.100325e-01;1.974459e-02;1.524317e-02;3.608220e-02;6.957685e-02;2.229875e-01;1.112693e-01;1.711085e-02;2.329036e-02;8.201440e-02;1.501331e-02
1.864332e-01;1.080415e-01;1.804001e-02;1.966219e-02;4.298570e-02;1.186563e-01;2.347310e-01;9.586485e-02;2.353141e-02;4.229418e-02;1.012833e-01;8.476265e-03
1.364518e-01;3.840775e-02;1.974042e-02;1.929240e-02;3.722980e-02;1.399231e-01;2.879912e-01;1.366111e-01;3.295511e-02;3.282156e-02;1.000006e-01;1.857523e-02
1.003079e-01;5.088552e-02;3.271423e-02;3.269537e-02;6.198543e-02;1.307158e-01;3.271092e-01;9.375956e-02;4.178258e-02;3.259879e-02;6.693141e-02;2.851426e-02
9.646782e-02;6.843815e-02;4.167837e-02;3.730692e-02;5.808586e-02;1.093137e-01;1.722028e-01;1.243332e-01;4.013250e-02;9.108818e-02;1.267726e-01;3.417995e-02
1.590325e-01;4.786611e-02;3.561004e-02;4.508545e-02;2.573788e-02;1.057364e-01;1.382783e-01;1.239445e-01;2.476934e-02;7.898603e-02;1.929142e-01;2.203919e-02
1.072686e-01;4.882712e-02;3.205915e-02;4.676466e-02;1.809787e-02;8.871342e-02;1.116060e-01;8.020171e-02;2.182016e-02;4.627514e-02;3.795386e-01;1.882753e-02
4.289351e-02;8.757135e-02;4.384123e-02;4.442997e-02;1.486315e-02;6.379590e-02;1.009732e-01;4.780065e-02;3.137356e-02;4.588849e-02;4.541981e-01;2.237092e-02
8.682387e-02;1.587049e-01;6.690798e-02;4.187447e-02;2.031405e-02;2.921895e-02;1.387828e-01;4.940599e-02;3.628659e-02;5.538607e-02;2.991711e-01;1.712315e-02
1.067576e-01;1.739247e-01;8.021379e-02;3.303653e-02;1.971200e-02;2.675951e-02;1.631833e-01;9.271719e-02;3.596121e-02;5.198479e-02;2.002158e-01;1.553353e-02
1.149203e-01;1.464476e-01;6.933715e-02;4.108422e-02;1.612330e-02;5.226316e-02;1.460748e-01;8.420985e-02;2.652351e-02;7.942121e-02;1.958911e-01;2.770382e-02
8.214256e-02;1.469060e-01;4.859488e-02;4.738493e-02;3.306209e-02;7.114460e-02;1.330216e-01;1.269911e-01;3.697832e-02;6.783450e-02;1.531078e-01;5.283163e-02
4.206230e-02;1.399656e-01;4.428930e-02;3.811771e-02;3.169814e-02;8.357088e-02;1.810928e-01;2.117523e-01;4.074845e-02;3.949179e-02;8.339436e-02;6.381634e-02
3.154703e-02;1.603306e-01;4.158658e-02;1.673468e-02;2.602858e-02;7.194927e-02;2.243920e-01;2.827479e-01;2.463949e-02;1.842945e-02;4.422282e-02;5.739173e-02
1.459549e-02;2.068556e-01;3.713947e-02;7.700284e-03;2.780137e-02;4.145649e-02;2.615238e-01;3.149250e-01;1.025298e-02;1.167035e-02;2.532264e-02;4.075657e-02
2.466413e-02;2.446167e-01;2.754278e-02;1.016602e-02;1.886718e-02;1.906209e-02;2.715418e-01;3.061563e-01;6.775166e-03;1.047936e-02;3.397768e-02;2.615069e-02
2.180006e-02;2.486254e-01;3.160305e-02;9.537317e-03;1.458416e-02;2.224848e-02;2.503632e-01;3.263942e-01;7.002830e-03;1.357467e-02;2.604159e-02;2.822504e-02
2.242373e-02;2.237115e-01;4.919439e-02;1.429163e-02;1.041025e-02;4.619330e-02;2.148033e-01;3.375743e-01;1.034078e-02;2.280127e-02;1.249669e-02;3.575893e-02
1.384399e-02;1.884009e-01;6.014456e-02;1.376031e-02;6.805819e-03;7.399023e-02;2.087897e-01;3.456144e-01;1.618274e-02;2.555641e-02;8.756764e-03;3.815415e-02
3.811588e-02;1.548250e-01;4.824216e-02;2.069773e-02;1.469985e-02;6.572561e-02;2.326261e-01;3.023191e-01;2.188428e-02;2.023459e-02;5.256215e-02;2.806761e-02
5.683851e-02;1.066649e-01;2.721799e-02;1.577069e-02;1.551452e-02;4.403049e-02;2.677602e-01;3.182714e-01;2.046936e-02;2.050551e-02;8.569776e-02;2.125863e-02
3.344612e-02;4.056532e-02;1.532573e-02;6.525330e-03;9.670554e-03;4.885186e-02;3.136594e-01;4.105381e-01;2.076497e-02;2.460811e-02;6.038298e-02;1.566153e-02
3.370000e-02;3.696815e-02;1.486730e-02;8.125147e-03;5.264586e-03;3.731068e-02;3.379196e-01;4.505341e-01;2.132707e-02;1.826021e-02;2.219959e-02;1.352354e-02
5.477592e-02;4.535824e-02;1.223933e-02;1.059857e-02;6.619373e-03;2.964608e-02;3.467427e-01;3.712673e-01;2.178791e-02;2.049935e-02;6.644799e-02;1.401717e-02
5.713968e-02;4.647223e-02;1.175227e-02;1.004468e-02;1.493919e-02;4.580179e-02;3.622025e-01;2.858586e-01;2.209291e-02;2.695981e-02;1.037591e-01;1.297721e-02
8.053397e-02;6.605905e-02;2.041466e-02;1.810578e-02;3.557121e-02;4.397821e-02;3.090427e-01;2.541932e-01;2.230873e-02;3.494954e-02;9.432793e-02;2.051501e-02
1.142709e-01;8.761992e-02;2.570359e-02;4.407746e-02;4.700509e-02;4.311119e-02;2.469199e-01;2.690183e-01;2.966451e-02;4.440552e-02;2.241804e-02;2.578555e-02
4.913315e-02;8.510206e-02;3.476363e-02;5.178287e-02;4.883362e-02;5.141425e-02;3.018010e-01;2.481774e-01;2.611255e-02;5.396720e-02;2.063773e-02;2.827448e-02
6.217263e-02;9.744596e-02;2.287808e-02;2.311169e-02;3.269647e-02;5.094542e-02;2.173447e-01;2.506145e-01;5.162884e-02;1.003802e-01;5.426951e-02;3.651191e-02
1.078072e-01;1.431101e-01;1.980770e-02;2.964677e-02;2.153866e-02;6.329633e-02;1.333447e-01;1.912091e-01;4.322821e-02;1.005219e-01;1.128007e-01;3.368866e-02
1.547984e-01;1.384820e-01;2.251471e-02;2.585510e-02;1.648635e-02;4.155787e-02;1.291215e-01;1.520812e-01;2.686042e-02;4.391445e-02;2.308452e-01;1.748279e-02
1.211865e-01;9.710639e-02;2.315300e-02;3.305226e-02;2.190892e-02;3.247948e-02;1.543821e-01;1.796755e-01;3.817583e-02;4.193445e-02;2.472843e-01;9.661148e-03
6.669350e-02;4.460852e-02;2.653786e-02;5.828341e-02;3.400394e-02;1.831767e-02;1.916387e-01;2.513123e-01;7.954344e-02;5.658834e-02;1.655946e-01;6.877695e-03
9.044517e-02;2.281341e-02;2.910677e-02;7.143653e-02;4.901339e-02;1.347859e-02;2.501948e-01;2.178322e-01;1.079566e-01;6.873568e-02;7.162849e-02;7.358375e-03
7.670966e-02;1.449505e-02;2.234011e-02;5.026624e-02;5.530919e-02;1.790803e-02;2.740511e-01;1.815522e-01;9.252620e-02;7.496186e-02;1.283918e-01;1.148848e-02
4.507831e-02;1.185097e-02;1.657835e-02;4.250369e-02;5.705631e-02;2.102512e-02;2.734977e-01;1.937065e-01;7.644258e-02;7.171472e-02;1.820582e-01;8.487514e-03
5.314767e-02;2.943067e-02;1.954465e-02;4.676076e-02;6.760503e-02;3.307038e-02;2.765951e-01;1.758322e-01;9.176064e-02;1.076083e-01;8.771945e-02;1.092523e-02
3.915972e-02;4.179966e-02;2.037160e-02;4.020895e-02;7.717089e-02;2.290644e-02;2.046178e-01;1.590614e-01;7.792407e-02;1.426833e-01;1.607180e-01;1.337806e-02
5.332899e-02;3.059336e-02;1.409503e-02;3.481558e-02;7.959700e-02;2.071985e-02;1.302297e-01;1.675055e-01;6.191674e-02;1.643033e-01;2.156401e-01;2.725474e-02
4.932949e-02;2.917447e-02;1.313256e-02;2.547693e-02;7.713904e-02;1.894171e-02;8.895234e-02;1.947147e-01;5.587671e-02;1.504393e-01;2.579112e-01;3.891158e-02
3.391291e-02;2.528191e-02;1.055465e-02;1.881280e-02;5.816132e-02;1.847456e-02;1.526341e-01;2.585478e-01;4.218049e-02;1.308080e-01;2.071121e-01;4.351940e-02
3.428685e-02;2.317420e-02;1.158387e-02;1.817006e-02;4.988685e-02;2.476866e-02;1.612295e-01;2.251940e-01;3.818882e-02;1.478196e-01;2.133469e-01;5.235067e-02
5.375489e-02;2.495003e-02;1.538576e-02;1.618579e-02;4.291449e-02;2.480702e-02;1.082858e-01;4.570806e-02;3.297947e-02;1.496632e-01;4.426716e-01;4.269388e-02
4.340316e-02;1.337773e-02;1.668331e-02;1.239505e-02;2.901622e-02;2.484730e-02;8.898633e-02;1.056480e-01;2.419725e-02;1.286349e-01;4.955023e-01;1.730841e-02
2.865867e-02;2.046914e-02;1.620218e-02;6.131543e-03;3.109876e-02;1.969439e-02;6.494894e-02;6.739005e-02;2.911729e-02;1.338727e-01;5.755096e-01;6.906818e-03
4.979474e-02;2.316015e-02;2.149444e-02;1.023078e-02;3.703744e-02;1.665484e-02;6.496727e-02;6.382473e-02;3.441886e-02;1.370587e-01;5.305212e-01;1.083689e-02
5.620715e-02;3.456350e-02;2.951617e-02;1.305993e-02;3.856507e-02;1.072932e-02;9.816185e-02;1.135279e-01;4.869759e-02;1.337518e-01;4.116065e-01;1.161326e-02
6.027356e-02;4.241233e-02;2.875888e-02;2.216422e-02;3.595498e-02;1.006569e-02;7.307813e-02;1.323122e-01;6.391718e-02;1.367969e-01;3.898100e-01;4.455923e-03
4.575514e-02;3.323264e-02;2.529696e-02;3.598499e-02;3.050407e-02;1.127168e-02;1.127544e-01;2.097533e-01;7.053442e-02;9.796257e-02;3.136466e-01;1.330320e-02
3.942224e-02;3.016592e-02;3.109802e-02;3.976148e-02;2.109321e-02;2.038357e-02;1.795558e-01;3.291820e-01;6.210358e-02;5.837199e-02;1.772595e-01;1.160275e-02
3.141160e-02;3.044086e-02;3.523768e-02;2.275602e-02;1.600978e-02;3.921026e-02;2.477727e-01;3.966078e-01;4.102359e-02;3.729616e-02;9.145324e-02;1.078038e-02
2.361662e-02;5.333953e-02;3.305800e-02;1.460779e-02;1.345579e-02;4.113803e-02;3.136525e-01;4.199091e-01;2.547322e-02;3.259787e-02;1.387005e-02;1.528160e-02
2.785937e-02;6.541303e-02;2.701937e-02;1.332377e-02;2.013406e-02;1.938171e-02;2.939070e-01;4.045345e-01;2.280262e-02;3.734333e-02;4.916613e-02;1.911501e-02
2.859271e-02;4.405835e-02;3.401796e-02;1.063683e-02;1.977050e-02;3.483128e-02;2.768222e-01;4.276407e-01;3.649111e-02;3.554807e-02;3.661860e-02;1.497163e-02
3.009172e-02;3.380297e-02;4.513635e-02;2.642080e-02;1.197563e-02;7.684630e-02;2.429371e-01;3.901019e-01;5.297321e-02;3.500323e-02;3.856572e-02;1.614510e-02
4.735981e-02;3.508915e-02;3.086545e-02;4.770832e-02;2.907693e-02;7.384622e-02;1.792381e-01;2.186473e-01;9.329077e-02;5.035859e-02;1.747687e-01;1.975070e-02
4.533020e-02;3.370186e-02;1.983783e-02;3.977136e-02;6.152154e-02;7.220705e-02;1.540566e-01;8.491345e-02;1.075730e-01;1.069520e-01;2.564858e-01;1.764932e-02
4.721546e-02;2.578094e-02;2.019542e-02;2.192493e-02;7.912973e-02;9.665611e-02;1.621829e-01;8.344031e-02;1.076393e-01;1.725827e-01;1.722635e-01;1.098874e-02
6.679075e-02;1.631582e-02;1.889183e-02;4.170891e-02;6.867824e-02;8.078305e-02;1.740484e-01;7.652771e-02;1.546410e-01;2.209945e-01;6.948701e-02;1.113275e-02
8.506633e-02;1.208222e-02;1.319656e-02;6.030760e-02;3.588034e-02;3.431401e-02;1.835451e-01;7.297710e-02;2.320748e-01;2.024584e-01;5.136289e-02;1.673472e-02
9.118613e-02;5.923994e-03;1.178762e-02;8.086526e-02;1.837287e-02;1.734223e-02;1.805945e-01;7.814261e-02;2.900061e-01;1.680545e-01;4.589321e-02;1.183095e-02
1.000114e-01;7.497627e-03;1.038524e-02;9.073927e-02;1.839072e-02;2.060035e-02;1.605500e-01;7.015441e-02;3.209772e-01;1.407474e-01;4.498756e-02;1.495886e-02
1.186931e-01;8.108233e-03;7.525345e-03;1.070776e-01;1.353686e-02;1.638068e-02;1.302144e-01;8.123253e-02;3.476857e-01;1.010643e-01;5.306643e-02;1.541491e-02
1.366225e-01;5.472316e-03;6.431350e-03;1.214866e-01;1.019648e-02;1.261646e-02;9.771296e-02;1.020748e-01;3.665431e-01;7.402007e-02;5.126667e-02;1.555679e-02
1.557432e-01;6.358922e-03;7.894211e-03;1.233389e-01;4.574676e-03;1.031872e-02;8.080705e-02;1.033192e-01;3.695706e-01;5.989938e-02;5.908807e-02;1.908711e-02
1.634920e-01;5.754902e-03;9.017567e-03;1.084502e-01;6.448413e-03;9.507537e-03;1.115292e-01;1.128598e-01;3.482873e-01;5.000377e-02;6.294601e-02;1.170329e-02
1.628142e-01;7.291540e-03;1.404599e-02;8.787120e-02;1.076997e-02;9.250143e-03;1.583354e-01;8.849898e-02;3.346431e-01;5.352673e-02;6.200847e-02;1.094432e-02
1.460736e-01;8.869288e-03;2.601364e-02;6.647535e-02;1.419184e-02;1.304376e-02;1.654781e-01;9.433379e-02;3.221524e-01;7.020007e-02;6.339041e-02;9.777679e-03
1.174575e-01;1.130968e-02;3.929067e-02;5.189437e-02;2.047911e-02;2.516095e-02;1.538391e-01;8.252088e-02;3.139325e-01;1.013156e-01;7.096792e-02;1.183174e-02
6.232073e-02;1.476124e-02;5.105821e-02;4.158058e-02;2.444129e-02;3.988340e-02;1.296186e-01;1.050040e-01;2.829074e-01;1.319316e-01;9.678510e-02;1.970786e-02
7.321598e-02;2.720544e-02;6.482219e-02;3.304409e-02;3.293619e-02;3.906522e-02;1.202541e-01;1.060332e-01;2.242709e-01;1.419319e-01;1.291765e-01;8.044297e-03
9.524824e-02;5.957774e-02;5.778118e-02;3.461834e-02;2.742009e-02;2.566387e-02;1.287130e-01;1.679026e-01;1.167876e-01;9.771328e-02;1.695956e-01;1.897841e-02
9.564984e-02;9.195080e-02;4.044132e-02;2.624015e-02;1.511333e-02;2.449541e-02;1.509239e-01;2.266923e-01;6.277794e-02;4.639532e-02;2.018835e-01;1.743620e-02
8.314145e-02;8.618864e-02;2.633880e-02;2.045470e-02;1.316912e-02;3.773519e-02;1.731437e-01;2.127533e-01;5.242375e-02;4.702512e-02;2.371300e-01;1.049617e-02
9.056254e-02;4.338738e-02;1.334240e-02;2.568950e-02;1.729884e-02;7.498566e-02;1.999806e-01;6.093100e-02;5.673153e-02;1.052780e-01;3.007526e-01;1.105999e-02
6.792454e-02;2.211790e-02;1.557202e-02;3.203535e-02;1.696335e-02;9.084725e-02;1.807234e-01;1.644412e-01;5.438018e-02;1.071554e-01;2.418112e-01;6.028138e-03
5.106042e-02;2.558646e-02;1.807466e-02;3.868582e-02;1.532663e-02;9.149691e-02;1.944220e-01;2.186966e-01;4.729701e-02;9.837826e-02;1.965555e-01;4.419704e-03
6.509331e-02;4.905467e-02;1.887509e-02;2.786483e-02;1.038476e-02;7.930470e-02;2.536744e-01;1.724568e-01;3.999306e-02;1.104774e-01;1.532795e-01;1.954152e-02
9.869800e-02;7.337280e-02;1.908074e-02;1.576682e-02;1.417697e-02;4.647277e-02;2.243864e-01;1.492357e-01;5.844715e-02;6.558821e-02;2.152439e-01;1.953048e-02
5.852488e-02;4.243794e-02;1.765303e-02;1.503437e-02;9.703399e-03;2.954348e-02;2.325169e-01;3.222399e-01;7.832797e-02;4.921077e-02;1.340722e-01;1.073521e-02
4.739087e-02;1.420018e-02;1.295752e-02;1.337976e-02;6.599381e-03;1.998212e-02;2.154449e-01;4.172031e-01;1.237756e-01;6.419998e-02;6.176815e-02;3.098461e-03
5.487706e-02;2.081071e-02;1.049615e-02;1.508464e-02;6.843696e-03;2.001363e-02;1.832028e-01;4.021931e-01;1.593433e-01;8.666153e-02;3.597761e-02;4.495724e-03
5.815553e-02;1.659528e-02;7.924746e-03;1.937247e-02;1.101919e-02;2.490574e-02;1.598463e-01;3.420605e-01;1.425563e-01;1.361510e-01;7.889060e-02;2.522354e-03
3.598476e-02;8.167118e-03;7.740015e-03;2.391430e-02;1.341575e-02;2.074344e-02;1.634106e-01;3.441507e-01;9.975014e-02;1.885709e-01;9.255911e-02;1.593243e-03
4.760831e-02;1.518007e-02;7.021752e-03;3.198034e-02;2.340599e-02;1.498177e-02;1.303941e-01;3.419832e-01;8.819261e-02;1.942835e-01;1.022306e-01;2.737711e-03
4.956717e-02;1.328009e-02;1.146583e-02;4.749468e-02;2.600412e-02;1.126756e-02;1.409793e-01;3.605573e-01;9.327094e-02;1.463186e-01;9.671283e-02;3.081572e-03
4.855431e-02;2.034453e-02;1.786939e-02;5.242158e-02;1.576572e-02;1.270881e-02;1.787061e-01;3.932003e-01;8.395830e-02;7.658606e-02;9.757689e-02;2.308060e-03
4.588884e-02;3.039567e-02;1.645190e-02;3.892273e-02;1.160518e-02;2.410137e-02;2.244885e-01;3.721584e-01;6.808963e-02;4.555513e-02;1.171182e-01;5.224358e-03
8.714908e-02;2.679161e-02;1.321277e-02;2.690649e-02;1.450481e-02;2.572257e-02;2.450636e-01;2.769978e-01;7.013986e-02;5.466416e-02;1.522350e-01;6.612198e-03
8.028261e-02;2.173112e-02;1.538909e-02;2.522515e-02;1.516346e-02;3.926874e-02;2.444383e-01;1.857326e-01;7.738117e-02;8.760247e-02;1.983309e-01;9.454457e-03
5.420797e-02;1.047092e-02;1.089425e-02;2.375224e-02;1.798417e-02;2.122513e-02;2.202903e-01;3.046758e-01;7.180419e-02;9.889359e-02;1.593879e-01;6.413610e-03
8.153557e-02;2.652720e-02;1.161524e-02;3.824823e-02;1.406525e-02;2.014036e-02;2.413260e-01;2.901402e-01;7.464733e-02;1.157483e-01;7.249133e-02;1.351495e-02
9.936009e-02;6.047395e-02;2.296940e-02;3.280722e-02;1.756891e-02;3.553181e-02;1.798253e-01;1.377665e-01;5.319525e-02;8.662052e-02;2.418563e-01;3.202476e-02
5.679991e-02;4.695498e-02;2.895925e-02;2.297935e-02;1.781594e-02;4.081954e-02;1.884996e-01;2.827364e-01;3.702510e-02;5.349590e-02;1.925627e-01;3.135134e-02
3.790421e-02;2.042532e-02;4.860411e-02;3.353776e-02;2.227995e-02;4.175430e-02;1.957652e-01;4.225806e-01;5.331226e-02;3.554665e-02;5.728432e-02;3.100538e-02
5.513234e-02;3.764224e-02;6.110295e-02;3.803474e-02;2.091827e-02;3.433214e-02;1.759225e-01;4.327226e-01;5.637620e-02;2.534169e-02;1.855604e-02;4.391826e-02
4.682235e-02;6.742509e-02;6.357310e-02;2.935701e-02;1.477187e-02;2.875456e-02;1.931508e-01;4.168092e-01;4.888197e-02;2.138451e-02;2.184486e-02;4.722464e-02
3.683799e-02;9.086119e-02;5.159931e-02;1.675449e-02;1.007966e-02;2.875471e-02;2.323908e-01;4.094854e-01;3.230252e-02;2.181538e-02;2.131109e-02;4.780746e-02
2.906809e-02;1.111511e-01;3.482176e-02;1.169437e-02;9.755248e-03;2.645483e-02;2.941178e-01;3.830804e-01;2.101023e-02;1.857252e-02;2.442602e-02;3.584751e-02
3.475057e-02;1.372972e-01;2.280261e-02;1.072816e-02;1.380313e-02;2.849283e-02;3.523643e-01;3.312823e-01;1.250028e-02;1.611256e-02;1.879459e-02;2.107143e-02
3.056698e-02;1.584907e-01;1.718780e-02;7.001536e-03;1.566908e-02;3.775419e-02;3.887206e-01;2.774389e-01;1.245801e-02;1.204341e-02;2.166046e-02;2.100824e-02
5.786522e-02;1.669009e-01;1.024499e-02;5.289651e-03;1.412608e-02;4.047468e-02;3.825313e-01;2.470378e-01;1.010574e-02;1.323614e-02;3.408305e-02;1.810447e-02
6.541657e-02;1.747907e-01;1.869387e-02;5.619371e-03;1.187154e-02;4.256041e-02;3.766117e-01;2.337789e-01;1.234617e-02;1.238331e-02;3.317907e-02;1.274843e-02
6.132104e-02;1.839494e-01;1.917512e-02;7.283806e-03;5.739819e-03;4.240597e-02;3.766328e-01;1.938605e-01;2.520249e-02;1.971100e-02;4.928868e-02;1.542931e-02
5.789473e-02;1.974399e-01;9.093808e-03;1.193315e-02;1.318253e-02;3.981568e-02;3.925708e-01;1.558389e-01;3.800002e-02;3.385840e-02;3.908322e-02;1.128884e-02
4.823753e-02;1.727624e-01;8.541668e-03;1.538647e-02;1.889456e-02;3.844435e-02;3.632186e-01;2.059715e-01;2.693500e-02;2.824250e-02;6.156990e-02;1.179558e-02
5.226050e-02;1.456523e-01;1.062783e-02;1.766648e-02;1.824972e-02;3.167288e-02;3.628928e-01;2.653267e-01;1.890639e-02;2.014980e-02;5.387622e-02;2.718385e-03
2.015213e-02;1.006320e-01;1.332050e-02;1.610245e-02;1.327793e-02;2.795989e-02;3.725013e-01;3.627154e-01;1.642612e-02;1.839383e-02;2.743917e-02;1.107933e-02
1.195263e-02;4.989219e-02;1.698284e-02;8.365852e-03;5.781268e-03;3.756632e-02;3.706191e-01;4.367003e-01;1.228413e-02;1.950521e-02;1.148747e-02;1.886279e-02
8.339524e-03;2.329107e-02;1.495003e-02;5.466214e-03;5.409430e-03;4.320111e-02;3.774163e-01;4.533299e-01;1.423034e-02;2.213562e-02;1.374565e-02;1.848484e-02
9.702421e-03;3.841455e-02;1.451279e-02;3.528597e-03;4.552018e-03;3.344917e-02;3.901508e-01;4.465207e-01;1.221461e-02;1.555388e-02;1.553606e-02;1.586446e-02
1.437205e-02;5.177156e-02;1.246683e-02;4.210752e-03;6.927167e-03;2.734160e-02;3.975606e-01;4.396603e-01;8.128490e-03;9.923193e-03;1.489267e-02;1.274486e-02
7.825538e-03;5.202447e-02;1.167441e-02;4.775629e-03;5.925274e-03;2.544910e-02;4.035116e-01;4.468090e-01;6.750443e-03;9.698991e-03;1.087293e-02;1.468273e-02
1.061719e-02;3.865378e-02;1.291173e-02;4.636389e-03;3.269141e-03;2.338095e-02;3.916895e-01;4.620385e-01;7.241540e-03;1.138042e-02;1.568798e-02;1.849279e-02
9.051199e-03;3.868403e-02;1.353569e-02;2.853262e-03;5.398635e-03;2.023753e-02;3.755586e-01;4.831321e-01;8.342947e-03;1.142361e-02;1.448322e-02;1.729914e-02
8.015919e-03;3.420440e-02;1.482507e-02;3.435042e-03;3.989444e-03;1.907578e-02;3.608508e-01;5.045562e-01;1.205484e-02;1.370880e-02;6.271400e-03;1.901235e-02
5.919555e-03;3.081206e-02;1.542346e-02;3.142335e-03;3.828504e-03;1.931729e-02;3.525771e-01;5.147852e-01;1.337017e-02;1.388028e-02;6.345514e-03;2.059855e-02
5.362373e-03;2.051600e-02;1.418076e-02;3.408585e-03;3.202458e-03;2.510958e-02;3.482494e-01;5.229845e-01;1.412750e-02;1.395569e-02;6.495823e-03;2.240740e-02
7.505782e-03;2.063252e-02;1.289362e-02;3.185120e-03;3.071305e-03;3.035467e-02;3.520789e-01;5.051273e-01;1.323638e-02;1.570267e-02;1.287542e-02;2.333637e-02
1.395203e-02;3.839976e-02;1.020006e-02;4.238440e-03;8.803525e-03;3.381751e-02;3.754551e-01;4.369023e-01;1.311341e-02;1.492083e-02;3.163302e-02;1.856409e-02
1.679256e-02;6.926122e-02;8.548069e-03;3.858122e-03;1.565601e-02;3.811504e-02;4.295361e-01;3.494505e-01;1.390013e-02;1.503525e-02;2.745363e-02;1.239330e-02
5.968916e-02;9.456144e-02;1.383943e-02;6.656088e-03;1.801655e-02;5.740602e-02;4.021470e-01;2.722256e-01;1.802741e-02;2.070622e-02;3.102417e-02;5.700983e-03
1.049204e-01;1.254189e-01;1.954676e-02;9.126129e-03;1.958902e-02;8.314306e-02;3.235810e-01;2.456757e-01;2.036782e-02;2.150971e-02;2.072264e-02;6.398868e-03
1.018930e-01;1.227229e-01;3.547164e-02;1.691803e-02;3.278803e-02;7.541832e-02;2.431912e-01;2.843416e-01;2.460029e-02;2.592123e-02;2.154132e-02;1.519248e-02
6.759113e-02;4.417885e-02;2.204133e-02;1.189444e-02;2.491802e-02;6.811012e-02;3.538422e-01;2.820103e-01;2.190750e-02;2.486506e-02;5.467992e-02;2.396107e-02
6.589667e-02;5.351829e-02;1.607215e-02;1.612044e-02;2.372934e-02;6.044924e-02;3.310449e-01;2.871709e-01;1.896646e-02;2.878952e-02;8.045573e-02;1.778639e-02
7.764009e-02;7.647431e-02;1.503312e-02;2.672440e-02;2.509041e-02;4.887995e-02;3.260793e-01;2.589483e-01;2.224942e-02;4.338238e-02;6.260698e-02;1.689128e-02
9.102200e-02;4.816514e-02;2.465399e-02;3.738966e-02;3.096155e-02;6.074167e-02;3.220082e-01;2.425092e-01;2.668228e-02;4.919145e-02;5.008473e-02;1.659012e-02
9.742489e-02;1.123236e-01;3.151806e-02;4.659425e-02;5.397429e-02;7.686424e-02;1.985335e-01;2.187414e-01;3.294354e-02;4.777265e-02;5.852792e-02;2.478161e-02
9.241606e-02;9.450387e-02;3.188591e-02;4.253136e-02;5.755072e-02;5.124913e-02;2.422856e-01;1.782064e-01;3.859361e-02;6.163414e-02;8.636259e-02;2.278058e-02
1.171417e-01;8.472100e-02;2.391810e-02;3.934344e-02;4.605095e-02;5.693329e-02;2.069544e-01;1.353338e-01;4.956645e-02;7.332740e-02;1.451531e-01;2.155646e-02
1.230251e-01;5.835852e-02;4.488526e-02;5.386257e-02;2.960180e-02;6.668060e-02;1.775031e-01;1.114936e-01;2.728461e-02;8.229323e-02;1.682861e-01;5.672565e-02
1.120941e-01;7.412808e-02;5.546893e-02;3.850561e-02;2.005785e-02;5.054520e-02;1.539060e-01;2.065526e-01;3.424689e-02;7.513111e-02;9.327577e-02;8.608795e-02
8.117691e-02;3.852785e-02;4.818593e-02;2.639180e-02;3.682848e-02;8.819955e-02;1.854405e-01;2.189753e-01;5.100493e-02;5.502348e-02;8.930986e-02;8.093545e-02
1.012479e-01;7.452676e-02;2.084375e-02;3.603794e-02;4.372063e-02;7.357113e-02;2.093987e-01;2.199326e-01;5.637853e-02;2.707116e-02;1.005276e-01;3.674315e-02
1.053999e-01;1.246661e-01;3.019092e-02;4.802204e-02;4.716823e-02;3.206401e-02;1.987064e-01;1.905956e-01;5.415576e-02;7.531642e-02;7.843605e-02;1.527858e-02
1.117094e-01;1.263948e-01;2.769189e-02;3.998157e-02;3.617112e-02;4.730338e-02;1.932745e-01;1.865067e-01;6.201786e-02;1.046755e-01;4.952886e-02;1.474457e-02
1.195937e-01;1.281935e-01;2.196300e-02;3.138608e-02;2.467502e-02;6.810079e-02;1.741275e-01;1.662136e-01;7.456437e-02;1.375356e-01;3.707740e-02;1.656940e-02
9.455443e-02;1.728887e-01;1.714964e-02;2.614468e-02;3.507114e-02;8.829059e-02;1.230236e-01;1.464671e-01;7.505599e-02;1.473403e-01;5.132783e-02;2.268597e-02
2.943184e-01;1.937216e-01;2.292400e-02;1.548874e-02;2.032720e-02;4.019878e-02;9.406238e-02;5.477208e-02;1.616131e-02;4.673035e-02;1.920159e-01;9.279318e-03
3.578732e-01;1.704923e-01;1.581926e-02;1.280868e-02;8.062373e-03;1.664258e-02;9.361792e-02;3.119178e-02;5.220445e-03;2.564297e-02;2.469360e-01;1.569245e-02
4.093647e-01;1.023529e-01;7.497119e-03;1.802103e-02;3.476568e-03;1.094730e-02;1.058302e-01;3.926130e-02;5.573804e-03;2.160591e-02;2.470822e-01;2.898703e-02
4.526958e-01;1.094786e-01;8.960904e-03;2.127329e-02;4.351429e-03;1.426755e-02;1.117888e-01;3.832613e-02;6.249989e-03;2.079549e-02;1.761033e-01;3.570869e-02
4.962137e-01;1.215450e-01;4.201717e-03;1.798286e-02;6.453561e-03;2.919738e-02;8.977222e-02;5.324704e-02;8.283950e-03;2.565981e-02;1.186776e-01;2.876518e-02
5.194959e-01;1.485397e-01;5.451696e-03;8.027025e-03;6.435655e-03;3.741097e-02;5.147935e-02;7.791158e-02;1.300364e-02;2.097296e-02;9.430753e-02;1.696394e-02
4.992260e-01;1.815489e-01;7.484200e-03;5.661019e-03;1.337621e-02;2.781545e-02;4.034244e-02;1.265106e-01;1.557624e-02;9.869052e-03;6.363536e-02;8.954576e-03
4.768842e-01;2.120784e-01;1.279306e-02;1.631633e-03;2.424414e-02;1.731965e-02;2.951879e-02;1.597572e-01;1.321016e-02;7.568765e-03;4.088867e-02;4.105345e-03
4.589122e-01;2.813482e-01;1.310017e-02;3.872667e-03;2.647354e-02;7.729707e-03;3.331259e-02;1.182569e-01;1.377728e-02;1.065041e-02;2.847878e-02;4.087608e-03
4.440825e-01;3.559315e-01;1.321151e-02;3.018345e-03;2.045569e-02;6.491636e-03;4.333355e-02;6.218516e-02;1.676475e-02;1.577519e-02;1.452762e-02;4.222563e-03
4.055625e-01;4.183175e-01;1.516888e-02;1.736431e-03;1.169880e-02;8.308418e-03;3.878591e-02;4.353099e-02;2.159803e-02;2.378301e-02;9.051268e-03;2.458259e-03
3.521359e-01;4.788787e-01;2.174617e-02;4.105364e-03;4.589877e-03;1.202248e-02;2.431011e-02;3.505117e-02;3.091439e-02;2.286045e-02;9.078593e-03;4.306841e-03
2.911435e-01;5.358518e-01;2.926763e-02;4.937049e-03;4.668889e-03;1.969930e-02;1.524069e-02;2.401561e-02;3.971272e-02;1.185760e-02;1.788201e-02;5.723155e-03
2.744709e-01;5.480598e-01;3.173292e-02;4.956872e-03;7.855117e-03;2.828260e-02;1.525580e-02;1.912034e-02;3.691534e-02;8.730997e-03;1.891351e-02;5.705780e-03
3.257718e-01;5.072041e-01;2.874491e-02;4.493411e-03;1.254805e-02;2.457074e-02;1.182427e-02;2.151941e-02;3.047775e-02;1.259066e-02;1.749078e-02;2.764076e-03
4.238812e-01;3.795795e-01;1.886987e-02;4.992353e-03;2.035948e-02;2.163515e-02;2.696547e-02;3.512513e-02;2.095729e-02;1.905460e-02;2.499751e-02;3.582446e-03
5.250445e-01;2.657748e-01;1.066497e-02;7.016594e-03;2.009632e-02;2.466778e-02;3.083372e-02;3.639020e-02;1.607351e-02;2.457062e-02;2.870124e-02;1.016577e-02
5.281889e-01;2.343542e-01;9.846346e-03;1.505562e-02;1.752730e-02;2.067786e-02;3.362295e-02;4.457311e-02;1.561882e-02;2.655458e-02;4.199301e-02;1.198726e-02
4.562984e-01;2.608843e-01;1.332616e-02;1.395144e-02;2.456913e-02;2.002129e-02;4.584935e-02;3.420344e-02;2.213742e-02;3.299119e-02;6.123684e-02;1.453113e-02
4.759286e-01;2.340010e-01;2.057952e-02;1.773749e-02;1.548536e-02;1.601711e-02;4.175457e-02;2.074326e-02;3.150194e-02;3.521173e-02;7.305347e-02;1.798595e-02
4.812039e-01;1.680625e-01;2.664969e-02;2.382829e-02;9.154093e-03;2.441037e-02;4.964306e-02;3.123804e-02;3.440416e-02;4.357506e-02;8.270820e-02;2.512260e-02
4.830588e-01;4.489957e-02;2.404268e-02;3.442151e-02;1.368052e-02;2.361765e-02;8.552784e-02;4.835057e-02;3.623639e-02;5.169018e-02;1.250789e-01;2.939549e-02
4.078272e-01;1.528045e-01;1.059232e-02;2.337448e-02;8.316737e-03;2.738977e-02;8.435521e-02;4.082724e-02;4.121472e-02;3.921501e-02;1.485881e-01;1.549469e-02
4.142002e-01;1.593548e-01;9.612682e-03;1.237821e-02;8.384231e-03;2.273007e-02;7.246646e-02;4.348166e-02;3.036635e-02;4.536440e-02;1.751679e-01;6.493024e-03
3.892789e-01;1.576828e-01;1.742714e-02;8.864698e-03;1.669756e-02;3.911946e-02;5.125239e-02;4.632625e-02;2.781122e-02;4.437594e-02;1.939489e-01;7.214770e-03
3.867172e-01;5.834530e-02;2.258511e-02;1.170730e-02;3.599595e-02;6.919714e-02;6.289507e-02;4.295729e-02;3.057379e-02;7.907713e-02;1.845264e-01;1.542225e-02
3.163965e-01;1.158191e-01;2.532811e-02;2.528125e-02;4.692165e-02;4.436548e-02;1.019950e-01;8.354505e-02;2.784312e-02;1.016034e-01;1.009892e-01;9.912261e-03
3.566402e-01;1.728397e-01;1.974990e-02;3.028216e-02;4.524479e-02;3.044645e-02;9.292010e-02;7.905565e-02;3.274533e-02;8.432110e-02;3.780787e-02;1.794672e-02
4.547263e-01;1.871829e-01;1.572910e-02;1.588649e-02;2.515593e-02;1.932462e-02;7.243823e-02;6.112311e-02;2.573745e-02;4.436307e-02;5.778220e-02;2.055062e-02
4.365475e-01;2.780699e-01;2.329170e-02;1.249941e-02;1.495693e-02;1.384695e-02;6.682067e-02;6.804778e-02;1.652558e-02;1.913049e-02;3.789133e-02;1.237176e-02
3.241940e-01;3.974619e-01;3.026938e-02;1.727726e-02;1.048309e-02;1.492326e-02;6.208461e-02;7.289188e-02;2.024514e-02;2.065528e-02;2.120428e-02;8.309946e-03
2.350028e-01;5.315421e-01;3.627567e-02;1.953020e-02;5.357914e-03;2.758405e-02;4.597491e-02;4.448057e-02;2.755775e-02;1.700332e-02;6.351778e-03;3.338871e-03
