5.823160e-02;5.668485e-02;1.046172e-01;8.130982e-02;7.633543e-02;4.711978e-02;9.966852e-02;7.555817e-02;1.052931e-01;1.400094e-01;9.965634e-02;5.551571e-02
1.258370e-01;1.289731e-01;1.160354e-01;6.915392e-02;4.299789e-02;3.566825e-02;6.643111e-02;5.820465e-02;9.608217e-02;8.635648e-02;9.154975e-02;8.271027e-02
1.275056e-01;1.609636e-01;1.406258e-01;6.337629e-02;3.492696e-02;2.959658e-02;7.861376e-02;7.021539e-02;7.415684e-02;5.845029e-02;7.263398e-02;8.893488e-02
1.644696e-01;1.633659e-01;1.604507e-01;5.395145e-02;3.934560e-02;5.195425e-02;5.111710e-02;7.199214e-02;6.321162e-02;4.238136e-02;5.810184e-02;7.965856e-02
1.494187e-01;1.308979e-01;1.815931e-01;4.787816e-02;5.557313e-02;1.164135e-01;1.243223e-01;2.964009e-02;3.527878e-02;4.567801e-02;4.055004e-02;4.275633e-02
1.280641e-01;8.691008e-02;1.589826e-01;3.753512e-02;4.106876e-02;1.902798e-01;1.942288e-01;1.592642e-02;2.075405e-02;3.416230e-02;5.974174e-02;3.234630e-02
9.198298e-02;3.399808e-02;1.144796e-01;2.610702e-02;2.942531e-02;2.430744e-01;2.873594e-01;2.864163e-02;1.893646e-02;2.575581e-02;7.858947e-02;2.164979e-02
6.532878e-02;2.222211e-02;1.037644e-01;2.374847e-02;2.048191e-02;2.188997e-01;3.374861e-01;5.742297e-02;2.548937e-02;2.259296e-02;8.138222e-02;2.118105e-02
8.175571e-02;2.324820e-02;1.218666e-01;1.943816e-02;1.100675e-02;1.856850e-01;2.975097e-01;7.634835e-02;3.699923e-02;2.092100e-02;9.731131e-02;2.791001e-02
1.440877e-01;1.593071e-02;1.376590e-01;1.002690e-02;1.142081e-02;1.815777e-01;1.534256e-01;5.317171e-02;5.283122e-02;3.318686e-02;1.627870e-01;4.389474e-02
1.876255e-01;8.648336e-03;1.547554e-01;1.267769e-02;1.507919e-02;1.687280e-01;2.748254e-02;1.399540e-02;6.114868e-02;4.390143e-02;2.309940e-01;7.496372e-02
1.480975e-01;8.906682e-03;2.289385e-01;1.659940e-02;1.023364e-02;1.541723e-01;1.233190e-02;2.466146e-02;5.690997e-02;3.917785e-02;2.392369e-01;6.073381e-02
9.067714e-02;1.174269e-02;3.168258e-01;1.237097e-02;1.008052e-02;1.543459e-01;3.508109e-02;2.246901e-02;4.580712e-02;3.736778e-02;2.382541e-01;2.497791e-02
4.637955e-02;1.613977e-02;3.854008e-01;8.487371e-03;1.351160e-02;1.469658e-01;3.013810e-02;1.411671e-02;5.760854e-02;3.868777e-02;2.351045e-01;7.459496e-03
3.684345e-02;1.524741e-02;3.957233e-01;1.918381e-02;2.052424e-02;1.241611e-01;2.293782e-02;2.100000e-02;9.204577e-02;3.233020e-02;2.005173e-01;1.948564e-02
5.514356e-02;2.552333e-02;3.051435e-01;8.003742e-02;1.983236e-02;8.726443e-02;6.427150e-02;5.763894e-02;8.938438e-02;2.575873e-02;1.238729e-01;6.612894e-02
8.929731e-02;2.542490e-02;1.515467e-01;1.689675e-01;2.116008e-02;4.202878e-02;1.073196e-01;7.450998e-02;5.525339e-02;4.131727e-02;9.267943e-02;1.304951e-01
1.378264e-01;2.492856e-02;8.370441e-02;1.743815e-01;4.408821e-02;2.753142e-02;9.914175e-02;7.345405e-02;6.289587e-02;6.517415e-02;8.773230e-02;1.191413e-01
2.178070e-01;5.191468e-02;6.128667e-02;9.090510e-02;9.922329e-02;2.986825e-02;7.737885e-02;1.145313e-01;6.258627e-02;5.184998e-02;8.225520e-02;6.039340e-02
1.717060e-01;1.109169e-01;9.937619e-02;4.768655e-02;9.517977e-02;3.066906e-02;5.127649e-02;1.016737e-01;1.268947e-01;5.947280e-02;6.190502e-02;4.324282e-02
7.899795e-02;1.595242e-01;1.375998e-01;2.461575e-02;6.860632e-02;3.084082e-02;3.694567e-02;6.638019e-02;2.143591e-01;9.256044e-02;6.876438e-02;2.080553e-02
5.658463e-02;1.153689e-01;2.488009e-01;2.478175e-02;3.661884e-02;3.013179e-02;3.684257e-02;4.850217e-02;1.885352e-01;1.394059e-01;4.987416e-02;2.455319e-02
6.683704e-02;7.197072e-02;3.025717e-01;3.565050e-02;2.710596e-02;3.400510e-02;3.869009e-02;4.475929e-02;1.299523e-01;1.704331e-01;3.572434e-02;4.229997e-02
9.502945e-02;5.897494e-02;2.662135e-01;5.016429e-02;2.753143e-02;2.745839e-02;4.216551e-02;4.500285e-02;8.315104e-02;1.659530e-01;5.398593e-02;8.436972e-02
9.477787e-02;5.519857e-02;1.852577e-01;4.184242e-02;3.024095e-02;2.710667e-02;6.628470e-02;4.602553e-02;1.465115e-01;1.099036e-01;8.911610e-02;1.077344e-01
7.518284e-02;5.171750e-02;1.637488e-01;6.217572e-02;3.139602e-02;3.305354e-02;5.980619e-02;5.837737e-02;1.767704e-01;8.046354e-02;1.016312e-01;1.056769e-01
9.326100e-02;3.741571e-02;1.603652e-01;6.802710e-02;6.088498e-02;4.974250e-02;4.685102e-02;5.895473e-02;1.706591e-01;7.428212e-02;7.563984e-02;1.039168e-01
1.283666e-01;2.935543e-02;1.332531e-01;6.857409e-02;9.412433e-02;5.457976e-02;6.026688e-02;6.858500e-02;1.280592e-01;6.507309e-02;7.043966e-02;9.932286e-02
1.341553e-01;2.533555e-02;1.396311e-01;4.809709e-02;8.430433e-02;4.884154e-02;7.322793e-02;7.809935e-02;1.169559e-01;7.177105e-02;8.649205e-02;9.308886e-02
9.827069e-02;4.037234e-02;1.874667e-01;4.270054e-02;4.876491e-02;4.588740e-02;6.242586e-02;8.344454e-02;9.734646e-02;1.082074e-01;9.312790e-02;9.198527e-02
5.867884e-02;5.504594e-02;2.090849e-01;9.069522e-02;6.259228e-02;3.940766e-02;6.225258e-02;6.902913e-02;9.300949e-02;1.056152e-01;7.477576e-02;7.981294e-02
5.751840e-02;6.025134e-02;1.474587e-01;9.113059e-02;9.015412e-02;4.269141e-02;9.573317e-02;7.372465e-02;1.152610e-01;1.012129e-01;5.642806e-02;6.843556e-02
7.662216e-02;6.918631e-02;1.171171e-01;1.128933e-01;8.767579e-02;4.071361e-02;9.188355e-02;6.892402e-02;1.098565e-01;5.008565e-02;6.910355e-02;1.059384e-01
8.707798e-02;9.160811e-02;8.359162e-02;1.054235e-01;7.627571e-02;5.706439e-02;4.560044e-02;5.223039e-02;8.310881e-02;7.112499e-02;8.361816e-02;1.632759e-01
1.069347e-01;8.975275e-02;1.684377e-01;6.019579e-02;6.504294e-02;4.995766e-02;6.510414e-02;4.181834e-02;4.783298e-02;6.381228e-02;8.178649e-02;1.593242e-01
1.079063e-01;7.533467e-02;2.022646e-01;6.676630e-02;6.641360e-02;4.550273e-02;1.125113e-01;3.889239e-02;6.394080e-02;5.879619e-02;7.600255e-02;8.566854e-02
8.899410e-02;6.238864e-02;1.598198e-01;4.262080e-02;7.364785e-02;5.763228e-02;1.578498e-01;5.287738e-02;9.452327e-02;8.174872e-02;7.709482e-02;5.080245e-02
1.051672e-01;8.831085e-02;1.095122e-01;4.891047e-02;6.624027e-02;3.943440e-02;1.565064e-01;7.532522e-02;7.832429e-02;9.009472e-02;7.771470e-02;6.445920e-02
1.111066e-01;9.205882e-02;1.491296e-01;7.758687e-02;4.899575e-02;3.574861e-02;1.073506e-01;7.421446e-02;6.457137e-02;1.103207e-01;7.779306e-02;5.112352e-02
1.000136e-01;6.472906e-02;1.538301e-01;9.305552e-02;6.043968e-02;4.993477e-02;4.871622e-02;7.629874e-02;7.773220e-02;1.262541e-01;9.916235e-02;4.983365e-02
8.969045e-02;5.954140e-02;8.701642e-02;9.103598e-02;6.939805e-02;5.080880e-02;1.241621e-01;6.809543e-02;9.014159e-02;9.783733e-02;9.820729e-02;7.406516e-02
8.210543e-02;6.895941e-02;1.142937e-01;6.574129e-02;6.270252e-02;3.690976e-02;1.524914e-01;5.059315e-02;1.045490e-01;9.376684e-02;9.414853e-02;7.373898e-02
7.777413e-02;6.395709e-02;1.936279e-01;4.708612e-02;5.501202e-02;3.168537e-02;8.048516e-02;4.418508e-02;1.295399e-01;1.179905e-01;1.056985e-01;5.295831e-02
7.351819e-02;4.188067e-02;1.984422e-01;6.525321e-02;5.763257e-02;3.197205e-02;7.601203e-02;4.812565e-02;1.264936e-01;1.060381e-01;9.075231e-02;8.387954e-02
7.442725e-02;6.514467e-02;1.602032e-01;6.721830e-02;6.786225e-02;4.036753e-02;8.253730e-02;4.680704e-02;1.262473e-01;1.116135e-01;9.189712e-02;6.567461e-02
7.185374e-02;7.710625e-02;1.206551e-01;6.937402e-02;5.870370e-02;5.395323e-02;6.859407e-02;5.018713e-02;1.561442e-01;1.168903e-01;1.136860e-01;4.285230e-02
9.814365e-02;6.238115e-02;9.716935e-02;8.288644e-02;5.546464e-02;5.588372e-02;9.916695e-02;5.041435e-02;1.423965e-01;1.261350e-01;7.491673e-02;5.504150e-02
1.133990e-01;8.052240e-02;7.711368e-02;8.513648e-02;7.029478e-02;5.889035e-02;5.459202e-02;4.612898e-02;1.295294e-01;1.518795e-01;5.527738e-02;7.723591e-02
8.202193e-02;7.684293e-02;1.050511e-01;8.101980e-02;9.491894e-02;7.014783e-02;5.611046e-02;6.229451e-02;9.243453e-02;1.432625e-01;3.794700e-02;9.794846e-02
9.641242e-02;7.908472e-02;1.497284e-01;7.708205e-02;8.068685e-02;4.996605e-02;5.278406e-02;8.029121e-02;6.814391e-02;1.282483e-01;5.045023e-02;8.712178e-02
5.432746e-02;1.105616e-01;1.506158e-01;8.014441e-02;6.754880e-02;6.020141e-02;9.484322e-02;8.037432e-02;7.222882e-02;9.917080e-02;6.457335e-02;6.540999e-02
8.015537e-02;9.513836e-02;1.517514e-01;5.747776e-02;4.539066e-02;6.105119e-02;1.469418e-01;1.214614e-01;8.833237e-02;6.159484e-02;3.971072e-02;5.099408e-02
8.402610e-02;7.683957e-02;1.092340e-01;4.339178e-02;3.671015e-02;7.420884e-02;1.984118e-01;1.251970e-01;7.485997e-02;7.062469e-02;7.679503e-02;2.970108e-02
5.944782e-02;6.847693e-02;6.332432e-02;4.107893e-02;4.677027e-02;1.137677e-01;2.190713e-01;1.263310e-01;4.050233e-02;8.841258e-02;1.181354e-01;1.468137e-02
3.490566e-02;6.673715e-02;3.850247e-02;3.801296e-02;6.004683e-02;1.389974e-01;1.724169e-01;1.247622e-01;3.672945e-02;1.140701e-01;1.668013e-01;8.017626e-03
1.188533e-02;8.824216e-02;3.239366e-02;4.121180e-02;8.935405e-02;1.180946e-01;8.734708e-02;1.251467e-01;3.995679e-02;1.925679e-01;1.653721e-01;8.427756e-03
1.982491e-02;1.027866e-01;3.130829e-02;4.650164e-02;1.021072e-01;6.907707e-02;3.692484e-02;1.537538e-01;9.724843e-02;2.226531e-01;9.868265e-02;1.913137e-02
3.828404e-02;9.077845e-02;7.794864e-02;4.428598e-02;8.550233e-02;3.831612e-02;8.100515e-02;1.517271e-01;1.463677e-01;1.804088e-01;4.444326e-02;2.093244e-02
3.585113e-02;6.283455e-02;1.251453e-01;3.521294e-02;5.070740e-02;5.490465e-02;1.086091e-01;1.630522e-01;1.388007e-01;1.419088e-01;6.210867e-02;2.086448e-02
3.210480e-02;6.766279e-02;1.101479e-01;4.568799e-02;1.106831e-01;4.623197e-02;8.808035e-02;1.265882e-01;1.540255e-01;1.441211e-01;6.441678e-02;1.024949e-02
4.645883e-02;5.123812e-02;7.441518e-02;1.035211e-01;9.137484e-02;5.734681e-02;4.279130e-02;1.057754e-01;2.167487e-01;1.585021e-01;4.546595e-02;6.361623e-03
3.815668e-02;7.164653e-02;6.060211e-02;1.088378e-01;4.716852e-02;4.639953e-02;6.000401e-02;1.062515e-01;2.188097e-01;1.480809e-01;7.697692e-02;1.706584e-02
4.979014e-02;5.510102e-02;9.016634e-02;9.841689e-02;5.681358e-02;6.428134e-02;6.516723e-02;1.067944e-01;1.968143e-01;1.256218e-01;6.707459e-02;2.395837e-02
5.369970e-02;4.045952e-02;9.372515e-02;1.084502e-01;4.028613e-02;7.266123e-02;6.997809e-02;1.189613e-01;1.812543e-01;1.388918e-01;5.774968e-02;2.388285e-02
3.518590e-02;8.780790e-02;9.912364e-02;5.571838e-02;4.635275e-02;9.816551e-02;9.796472e-02;1.263993e-01;1.221546e-01;1.083345e-01;9.261628e-02;3.017652e-02
2.776976e-02;8.073971e-02;1.501020e-01;4.284366e-02;3.816932e-02;1.471551e-01;1.428109e-01;1.019696e-01;6.328362e-02;7.219869e-02;9.707838e-02;3.587923e-02
3.692994e-02;3.802140e-02;1.756680e-01;3.219926e-02;2.381601e-02;1.699484e-01;2.116973e-01;8.319614e-02;5.072612e-02;5.235035e-02;8.769134e-02;3.775568e-02
2.545577e-02;2.809954e-02;1.919631e-01;3.172043e-02;3.286880e-02;2.234230e-01;1.979156e-01;5.390819e-02;3.284658e-02;6.605006e-02;9.381591e-02;2.193298e-02
2.086218e-02;4.508622e-02;1.964799e-01;2.093915e-02;6.216162e-02;2.885711e-01;9.457819e-02;4.449936e-02;1.491819e-02;8.531790e-02;1.178655e-01;8.720661e-03
1.849915e-02;3.139666e-02;1.819790e-01;1.084828e-02;9.940735e-02;3.371218e-01;3.869341e-02;3.362907e-02;1.643330e-02;8.218966e-02;1.379066e-01;1.189578e-02
2.359442e-02;2.327701e-02;1.506543e-01;1.811779e-02;1.443607e-01;3.199307e-01;6.878742e-02;3.158041e-02;1.729670e-02;5.575068e-02;1.337762e-01;1.287354e-02
1.434234e-02;4.912115e-02;1.112217e-01;4.771548e-02;1.763786e-01;2.456403e-01;9.035481e-02;3.263650e-02;2.687843e-02;6.668369e-02;1.258427e-01;1.318436e-02
1.606498e-02;7.407871e-02;6.556932e-02;4.523221e-02;1.807302e-01;1.731502e-01;9.522567e-02;4.461446e-02;3.696157e-02;1.256825e-01;1.282390e-01;1.445111e-02
1.466025e-02;6.514318e-02;8.617946e-02;3.496608e-02;1.536310e-01;1.383352e-01;5.803262e-02;5.837436e-02;4.724405e-02;1.892869e-01;1.374846e-01;1.666234e-02
3.427203e-02;3.845792e-02;8.537138e-02;3.914921e-02;1.850981e-01;1.058978e-01;4.787017e-02;3.263492e-02;7.167775e-02;2.080108e-01;1.257891e-01;2.577082e-02
2.239142e-02;3.928205e-02;6.526012e-02;4.342083e-02;2.159814e-01;9.254918e-02;3.940463e-02;3.128221e-02;6.136853e-02;2.217922e-01;1.398129e-01;2.745458e-02
1.650720e-02;4.047881e-02;9.569225e-02;4.121180e-02;2.005985e-01;1.016248e-01;3.218363e-02;3.550076e-02;4.596917e-02;2.310255e-01;1.340030e-01;2.520462e-02
2.327894e-02;7.182628e-02;7.077555e-02;3.013526e-02;1.920712e-01;9.162534e-02;6.406863e-02;6.941453e-02;3.961466e-02;2.284016e-01;9.822781e-02;2.056026e-02
2.219496e-02;6.906170e-02;5.777454e-02;2.947678e-02;1.879509e-01;1.562477e-01;7.571797e-02;8.817725e-02;5.007809e-02;1.796658e-01;6.771763e-02;1.593671e-02
2.050754e-02;5.297900e-02;5.166843e-02;3.019933e-02;1.846696e-01;2.447179e-01;7.425541e-02;7.235201e-02;4.736327e-02;1.116249e-01;9.501883e-02;1.464370e-02
2.231136e-02;4.260596e-02;5.646820e-02;2.320110e-02;2.032042e-01;2.791625e-01;6.866509e-02;4.178414e-02;4.328036e-02;8.115387e-02;1.263306e-01;1.183271e-02
1.391271e-02;4.676642e-02;5.899717e-02;3.825470e-02;2.143503e-01;2.233395e-01;4.402789e-02;5.919923e-02;3.390379e-02;1.284345e-01;1.265253e-01;1.228858e-02
1.370265e-02;4.727844e-02;7.092136e-02;3.151117e-02;1.773644e-01;1.608399e-01;7.492478e-02;8.425959e-02;5.144792e-02;1.670996e-01;9.894008e-02;2.171007e-02
2.436695e-02;4.210718e-02;9.769762e-02;4.603103e-02;1.305620e-01;1.019559e-01;1.246657e-01;9.997809e-02;6.916396e-02;1.714452e-01;6.888623e-02;2.314010e-02
4.200419e-02;4.046381e-02;1.004272e-01;3.768570e-02;8.519161e-02;5.434559e-02;1.455589e-01;1.197806e-01;5.558335e-02;1.710692e-01;1.181029e-01;2.978708e-02
4.883831e-02;3.221168e-02;1.174818e-01;2.862785e-02;6.601499e-02;7.234216e-02;1.119723e-01;9.416904e-02;5.544002e-02;1.317438e-01;1.986493e-01;4.250869e-02
4.174925e-02;2.486205e-02;1.506878e-01;3.075805e-02;1.051926e-01;1.334449e-01;5.690948e-02;4.285906e-02;5.183270e-02;1.090896e-01;2.091135e-01;4.350104e-02
5.582539e-02;3.588603e-02;1.488850e-01;4.430813e-02;8.968692e-02;1.448340e-01;7.330774e-02;9.223821e-02;5.114780e-02;6.953305e-02;1.580621e-01;3.628574e-02
8.433148e-02;5.922499e-02;1.141325e-01;4.569647e-02;7.180301e-02;1.419596e-01;1.030280e-01;8.286316e-02;4.737546e-02;7.345295e-02;1.476416e-01;2.849073e-02
6.440407e-02;6.648006e-02;7.624172e-02;2.589030e-02;1.010647e-01;1.828673e-01;1.258486e-01;4.239326e-02;2.746305e-02;9.039026e-02;1.762747e-01;2.068195e-02
4.343556e-02;5.504915e-02;8.062527e-02;1.938800e-02;1.115671e-01;2.040812e-01;8.481964e-02;4.185669e-02;3.048720e-02;1.107346e-01;1.977769e-01;2.017868e-02
3.510648e-02;4.842111e-02;8.696339e-02;2.439141e-02;1.064779e-01;1.843237e-01;6.270271e-02;7.110361e-02;4.286455e-02;1.198347e-01;1.945017e-01;2.330873e-02
5.966702e-02;2.698966e-02;1.162021e-01;1.335546e-02;8.164129e-02;1.572248e-01;8.598082e-02;6.336473e-02;4.360230e-02;1.109085e-01;1.965626e-01;4.450070e-02
8.907844e-02;2.025675e-02;1.404818e-01;1.222295e-02;6.353958e-02;1.289273e-01;9.774588e-02;6.228940e-02;4.032487e-02;1.030637e-01;2.005597e-01;4.150952e-02
1.220553e-01;3.956186e-02;7.862648e-02;2.996380e-02;3.655786e-02;7.669716e-02;1.931097e-01;9.999888e-02;6.820289e-02;7.125305e-02;1.279296e-01;5.604334e-02
8.714731e-02;3.957901e-02;5.962024e-02;2.008017e-02;2.219627e-02;7.028394e-02;2.950732e-01;1.026057e-01;8.333676e-02;7.340143e-02;9.996536e-02;4.671056e-02
5.164397e-02;2.292306e-02;6.864235e-02;1.053650e-02;1.567066e-02;1.058640e-01;3.045434e-01;1.010486e-01;7.102229e-02;8.839199e-02;1.287207e-01;3.099232e-02
3.623053e-02;1.082972e-02;8.554916e-02;4.641528e-03;1.421331e-02;1.576410e-01;2.464598e-01;7.122976e-02;4.530007e-02;1.028064e-01;1.994006e-01;2.569807e-02
4.333724e-02;1.303612e-02;1.098427e-01;5.121500e-03;2.714242e-02;1.930819e-01;1.054771e-01;3.798328e-02;4.492210e-02;1.117715e-01;2.827692e-01;2.551489e-02
4.338873e-02;2.612056e-02;1.117171e-01;1.786413e-02;3.752671e-02;1.869941e-01;5.320898e-02;4.579168e-02;7.857326e-02;8.916239e-02;2.891693e-01;2.048301e-02
3.600250e-02;2.469704e-02;1.071029e-01;3.362500e-02;4.811392e-02;1.764745e-01;1.267607e-01;5.280891e-02;8.530829e-02;3.982944e-02;2.423851e-01;2.689181e-02
4.858350e-02;3.233967e-02;8.283505e-02;4.448446e-02;5.814165e-02;1.488535e-01;1.761242e-01;5.991711e-02;4.498816e-02;4.282171e-02;2.411710e-01;1.974003e-02
8.240767e-02;6.555446e-02;4.125974e-02;3.680925e-02;3.592520e-02;8.864386e-02;1.676449e-01;5.691432e-02;5.823857e-02;6.150026e-02;2.801672e-01;2.493458e-02
1.005902e-01;7.638277e-02;4.984094e-02;3.003758e-02;3.162053e-02;7.445419e-02;1.451508e-01;6.835614e-02;7.249935e-02;5.532647e-02;2.650762e-01;3.066493e-02
9.995967e-02;6.189827e-02;7.873088e-02;2.640307e-02;3.014341e-02;7.304313e-02;1.279417e-01;7.835540e-02;9.498501e-02;5.414447e-02;2.460739e-01;2.832107e-02
1.135477e-01;3.667939e-02;9.614639e-02;3.568999e-02;3.111336e-02;8.545832e-02;8.931541e-02;5.114775e-02;1.129657e-01;6.821561e-02;2.545236e-01;2.519673e-02
9.139618e-02;1.878203e-02;9.405534e-02;3.204299e-02;3.761261e-02;9.809493e-02;6.569682e-02;6.391041e-02;8.292729e-02;8.318758e-02;2.895097e-01;4.278406e-02
7.605058e-02;1.319236e-02;9.380835e-02;3.224529e-02;5.579463e-02;1.142252e-01;1.163739e-01;8.224332e-02;4.222140e-02;8.686614e-02;2.360587e-01;5.092015e-02
8.636606e-02;1.731686e-02;1.007997e-01;3.307112e-02;6.139572e-02;9.855265e-02;1.128770e-01;9.356046e-02;5.661208e-02;8.814617e-02;1.917180e-01;5.958413e-02
8.324140e-02;2.407162e-02;8.921649e-02;2.518714e-02;4.184839e-02;8.474390e-02;1.378694e-01;9.026806e-02;8.660425e-02;5.612001e-02;2.299893e-01;5.083999e-02
7.944416e-02;2.058473e-02;7.623242e-02;1.797110e-02;2.997907e-02;1.013474e-01;1.818262e-01;9.686929e-02;5.780498e-02;7.426624e-02;2.278810e-01;3.579341e-02
8.161494e-02;4.451611e-02;6.537783e-02;2.303981e-02;4.012746e-02;1.032276e-01;1.871465e-01;8.364162e-02;6.682341e-02;1.004523e-01;1.639570e-01;4.007547e-02
7.673055e-02;5.146347e-02;5.987281e-02;3.701734e-02;4.444666e-02;1.375775e-01;1.611570e-01;4.029729e-02;1.030385e-01;8.388238e-02;1.561221e-01;4.839428e-02
8.038781e-02;4.242402e-02;6.429745e-02;6.273485e-02;7.249098e-02;1.162526e-01;1.558947e-01;4.729820e-02;1.235995e-01;6.466845e-02;1.311602e-01;3.879135e-02
8.650178e-02;4.545301e-02;1.624105e-01;6.952263e-02;7.680193e-02;6.727412e-02;1.197050e-01;7.114056e-02;1.026436e-01;6.915549e-02;9.424525e-02;3.514608e-02
1.194714e-01;7.913868e-02;2.745933e-01;4.918892e-02;8.917259e-02;5.891221e-02;8.502745e-02;5.301242e-02;5.514313e-02;4.539356e-02;6.238725e-02;2.855908e-02
1.228767e-01;9.432159e-02;2.433345e-01;4.275529e-02;8.376332e-02;7.013234e-02;5.818581e-02;5.174597e-02;6.952012e-02;8.375198e-02;5.024608e-02;2.936623e-02
6.695533e-02;8.598651e-02;1.547125e-01;4.188003e-02;8.058356e-02;9.915836e-02;9.972521e-02;7.612129e-02;8.258034e-02;1.313147e-01;5.968782e-02;2.129437e-02
5.732578e-02;8.005211e-02;9.929902e-02;3.215227e-02;7.628471e-02;1.462669e-01;8.579813e-02;9.262233e-02;9.626333e-02;1.597773e-01;6.457844e-02;9.579590e-03
8.319821e-02;7.967860e-02;8.818885e-02;4.604257e-02;7.463066e-02;1.157000e-01;8.377986e-02;1.008958e-01;7.753988e-02;1.842999e-01;5.671473e-02;9.330961e-03
7.226562e-02;5.877599e-02;6.093699e-02;6.612070e-02;7.803878e-02;9.227619e-02;8.669971e-02;1.062141e-01;1.002922e-01;2.142831e-01;4.952033e-02;1.457630e-02
3.243887e-02;3.617754e-02;5.123966e-02;7.036030e-02;8.602419e-02;1.986301e-01;6.127136e-02;8.560282e-02;1.213901e-01;1.965468e-01;4.687484e-02;1.344338e-02
3.535446e-02;3.052750e-02;6.520610e-02;7.660980e-02;8.927271e-02;2.424334e-01;5.051364e-02;7.621595e-02;9.560813e-02;1.836668e-01;4.803690e-02;6.554611e-03
1.569651e-02;2.445338e-02;9.034973e-02;9.527826e-02;1.110203e-01;2.217718e-01;3.761184e-02;7.914210e-02;7.814544e-02;1.842712e-01;5.010615e-02;1.215326e-02
1.780578e-02;1.799835e-02;9.626394e-02;1.081606e-01;1.400212e-01;1.856770e-01;3.876266e-02;6.923054e-02;8.625889e-02;1.750523e-01;4.971306e-02;1.505562e-02
2.565554e-02;1.705736e-02;9.439010e-02;1.324663e-01;1.700087e-01;1.583893e-01;3.520986e-02;4.717313e-02;8.458023e-02;1.770933e-01;4.320269e-02;1.477354e-02
4.334823e-02;1.457261e-02;1.154204e-01;1.591834e-01;1.701870e-01;1.284604e-01;4.394327e-02;3.461435e-02;7.705272e-02;1.592053e-01;4.034492e-02;1.366742e-02
6.006779e-02;3.263344e-02;1.840885e-01;1.548649e-01;1.369895e-01;9.242136e-02;8.264617e-02;3.261870e-02;5.895622e-02;1.224020e-01;3.100596e-02;1.130547e-02
5.261449e-02;5.214374e-02;2.113728e-01;1.398021e-01;9.320056e-02;8.634942e-02;1.385041e-01;3.626408e-02;5.362690e-02;9.091574e-02;3.275672e-02;1.244934e-02
3.453410e-02;5.420845e-02;1.641127e-01;1.295575e-01;8.357931e-02;1.057282e-01;1.741377e-01;4.711120e-02;5.242951e-02;9.181470e-02;4.928486e-02;1.350186e-02
2.047574e-02;4.439400e-02;1.491076e-01;1.007171e-01;1.165152e-01;1.011533e-01;8.877043e-02;7.193130e-02;8.482949e-02;1.501001e-01;5.319631e-02;1.880944e-02
2.761084e-02;5.035540e-02;1.272551e-01;6.603368e-02;1.049478e-01;5.539193e-02;1.519416e-01;8.268071e-02;1.347969e-01;1.524167e-01;3.753696e-02;9.032442e-03
4.071572e-02;5.557742e-02;1.266683e-01;9.841677e-02;1.033686e-01;5.068838e-02;1.589493e-01;9.160288e-02;1.039959e-01;1.090347e-01;4.857381e-02;1.240813e-02
5.305953e-02;7.216129e-02;1.450625e-01;1.071698e-01;1.187226e-01;7.023854e-02;1.349175e-01;7.645427e-02;7.196560e-02;9.773333e-02;3.977021e-02;1.274477e-02
