4.907652e-02;3.595746e-02;3.389107e-01;1.026773e-01;9.151550e-02;2.427912e-02;1.110848e-01;6.651449e-02;3.325167e-02;5.314539e-02;7.037016e-02;2.321684e-02
4.109062e-02;4.258290e-02;3.562270e-01;1.099479e-01;1.090999e-01;4.546757e-02;7.797238e-02;8.058731e-02;2.740562e-02;1.960400e-02;6.012680e-02;2.988809e-02
4.434873e-02;4.263321e-02;4.003631e-01;1.047398e-01;1.345232e-01;4.149714e-02;3.665249e-02;7.581914e-02;1.871190e-02;2.454332e-02;5.452378e-02;2.164428e-02
3.176713e-02;3.011661e-02;4.124818e-01;1.040502e-01;1.551010e-01;3.831827e-02;4.711030e-02;6.430485e-02;1.648483e-02;2.834857e-02;4.922887e-02;2.268752e-02
2.674083e-02;3.015664e-02;4.266753e-01;1.143524e-01;1.685936e-01;3.761459e-02;3.869857e-02;5.725170e-02;1.279525e-02;1.939372e-02;4.515811e-02;2.256936e-02
6.033324e-02;5.568734e-02;3.157826e-01;9.435589e-02;1.616317e-01;5.115314e-02;6.999028e-02;4.369187e-02;3.129555e-02;2.575350e-02;4.852576e-02;4.179911e-02
8.976989e-02;7.847326e-02;1.872607e-01;5.194925e-02;6.842668e-02;4.452202e-02;2.159412e-01;4.820420e-02;4.055724e-02;5.418228e-02;5.320271e-02;6.751059e-02
6.236992e-02;9.212799e-02;2.335017e-01;3.924712e-02;3.213316e-02;2.493459e-02;2.514071e-01;5.745318e-02;3.267204e-02;5.125188e-02;4.683941e-02;7.606187e-02
6.565900e-02;1.086824e-01;2.637905e-01;1.945299e-02;2.763642e-02;2.030339e-02;2.755325e-01;7.265372e-02;2.432663e-02;3.420256e-02;2.391311e-02;6.384677e-02
4.566499e-02;9.747264e-02;3.083446e-01;2.294411e-02;1.796019e-02;1.497750e-02;2.785316e-01;1.039759e-01;2.809545e-02;2.647448e-02;1.000992e-02;4.554870e-02
2.327250e-02;6.777974e-02;3.579339e-01;2.172679e-02;1.129149e-02;1.330097e-02;2.641157e-01;1.348571e-01;2.885257e-02;3.223201e-02;1.942226e-02;2.521491e-02
2.416625e-02;5.130246e-02;3.384255e-01;5.052231e-02;1.046672e-02;1.396085e-02;2.233370e-01;1.384864e-01;5.961448e-02;3.570309e-02;3.069896e-02;2.331592e-02
5.580949e-02;2.515245e-02;2.410709e-01;1.008049e-01;2.890232e-02;1.260718e-02;1.712974e-01;1.076833e-01;1.202992e-01;4.847954e-02;3.684424e-02;5.104911e-02
5.921828e-02;2.817931e-02;1.797950e-01;1.304216e-01;5.417000e-02;2.334046e-02;1.231754e-01;6.519005e-02;1.665443e-01;8.676065e-02;4.217020e-02;4.103470e-02
4.678266e-02;4.481649e-02;1.547834e-01;1.006886e-01;6.727041e-02;4.984105e-02;1.461727e-01;3.727757e-02;1.222983e-01;1.396635e-01;6.397591e-02;2.642940e-02
7.155651e-02;5.882861e-02;1.318545e-01;6.172196e-02;5.768327e-02;8.178013e-02;1.096599e-01;3.600720e-02;7.537989e-02;1.899884e-01;9.412367e-02;3.141592e-02
8.039588e-02;5.580213e-02;1.056132e-01;4.981710e-02;5.929426e-02;8.026853e-02;1.110819e-01;3.433030e-02;1.082236e-01;1.891875e-01;9.237620e-02;3.360931e-02
8.792451e-02;2.832404e-02;8.763012e-02;6.025844e-02;4.422747e-02;7.309587e-02;1.729220e-01;5.677771e-02;1.256796e-01;1.507582e-01;7.454222e-02;3.785992e-02
5.305983e-02;2.807324e-02;1.207047e-01;5.290683e-02;4.181908e-02;7.509655e-02;2.476751e-01;7.292568e-02;1.000199e-01;9.530810e-02;4.670130e-02;6.570977e-02
5.282659e-02;4.681557e-02;1.213189e-01;3.399333e-02;4.933164e-02;7.876530e-02;3.663412e-01;5.821554e-02;5.362127e-02;5.125604e-02;3.058316e-02;5.693140e-02
6.321104e-02;5.716676e-02;1.218846e-01;2.679766e-02;8.094732e-02;8.006211e-02;3.920960e-01;3.845585e-02;4.352972e-02;4.411316e-02;2.221164e-02;2.952417e-02
7.520594e-02;4.799503e-02;1.867766e-01;3.542561e-02;1.099874e-01;8.789270e-02;3.065806e-01;2.371146e-02;3.774836e-02;4.038106e-02;2.888211e-02;1.941319e-02
5.540529e-02;5.175548e-02;2.536801e-01;3.807865e-02;9.949653e-02;7.037385e-02;2.581068e-01;2.131058e-02;3.380270e-02;4.664466e-02;4.709218e-02;2.425320e-02
2.271715e-02;6.540153e-02;1.810835e-01;2.899343e-02;6.178853e-02;5.756067e-02;3.412003e-01;3.287124e-02;2.810003e-02;7.587806e-02;7.069030e-02;3.371523e-02
7.945567e-02;6.109219e-02;1.058607e-01;2.304056e-02;8.397648e-02;6.119979e-02;3.496592e-01;4.424630e-02;3.855386e-02;7.888848e-02;5.929731e-02;1.472946e-02
8.102883e-02;5.632997e-02;1.783944e-01;3.636921e-02;5.798303e-02;4.600875e-02;3.506626e-01;3.436220e-02;4.987397e-02;4.967295e-02;4.620662e-02;1.310749e-02
1.232814e-01;4.270574e-02;3.195984e-01;3.841791e-02;4.113128e-02;3.905118e-02;2.075037e-01;1.978933e-02;4.787029e-02;3.957632e-02;5.651934e-02;2.455508e-02
9.354114e-02;1.003771e-01;3.168306e-01;4.964092e-02;6.392399e-02;4.244992e-02;1.143068e-01;2.824236e-02;4.420194e-02;4.769654e-02;6.491418e-02;3.387452e-02
7.766790e-02;1.104027e-01;2.418933e-01;4.894563e-02;6.805617e-02;5.199703e-02;1.441678e-01;5.199436e-02;4.273275e-02;6.588513e-02;5.542399e-02;4.083327e-02
1.353909e-01;8.093676e-02;1.158016e-01;4.346220e-02;5.405746e-02;5.263862e-02;2.566337e-01;5.944211e-02;3.248240e-02;6.483153e-02;5.019773e-02;5.412502e-02
1.512159e-01;5.226894e-02;9.194998e-02;6.347350e-02;3.512768e-02;3.961935e-02;3.373342e-01;4.919766e-02;2.437401e-02;4.604509e-02;3.430583e-02;7.508793e-02
9.738521e-02;3.758838e-02;1.080697e-01;6.897606e-02;3.819044e-02;4.656586e-02;3.778386e-01;3.295495e-02;3.224150e-02;3.243028e-02;4.328580e-02;8.447318e-02
6.924981e-02;4.368963e-02;1.092151e-01;6.020930e-02;2.668834e-02;4.855153e-02;4.147174e-01;3.461447e-02;3.647852e-02;2.292128e-02;4.212053e-02;9.154406e-02
1.105469e-01;4.859473e-02;8.975194e-02;6.495896e-02;2.465127e-02;3.952538e-02;3.982586e-01;2.836253e-02;3.194062e-02;2.584643e-02;4.542533e-02;9.213730e-02
1.320001e-01;5.159606e-02;9.731113e-02;6.595119e-02;2.684168e-02;4.198388e-02;3.718461e-01;2.309926e-02;2.991551e-02;2.459760e-02;4.001717e-02;9.484030e-02
1.517018e-01;7.825539e-02;1.095047e-01;6.490544e-02;2.924937e-02;2.807876e-02;3.201141e-01;3.570306e-02;2.118359e-02;3.291868e-02;3.956370e-02;8.882137e-02
1.681638e-01;1.066198e-01;9.181587e-02;6.350099e-02;3.388122e-02;2.578905e-02;2.771966e-01;4.685107e-02;1.744623e-02;5.009720e-02;3.897578e-02;7.966236e-02
2.155462e-01;1.135928e-01;5.328754e-02;5.243387e-02;3.315563e-02;3.107415e-02;2.377160e-01;5.658984e-02;2.396592e-02;6.337994e-02;3.504360e-02;8.421448e-02
2.383688e-01;8.612179e-02;5.469520e-02;3.219689e-02;2.886086e-02;3.906638e-02;1.969430e-01;4.848382e-02;2.722056e-02;6.837331e-02;5.900808e-02;1.206613e-01
1.876759e-01;6.743775e-02;5.582539e-02;3.141033e-02;3.519915e-02;4.756575e-02;1.773849e-01;4.110084e-02;2.632359e-02;7.542339e-02;9.706778e-02;1.575853e-01
8.761245e-02;6.413602e-02;7.232337e-02;4.033451e-02;4.858868e-02;5.810744e-02;2.604455e-01;3.600132e-02;2.292040e-02;6.358072e-02;1.037895e-01;1.421601e-01
6.804743e-02;3.405920e-02;8.795103e-02;4.893997e-02;4.153560e-02;5.643523e-02;3.865186e-01;3.601479e-02;2.619559e-02;5.368618e-02;8.906701e-02;7.154934e-02
7.187476e-02;5.658076e-02;1.355604e-01;4.134888e-02;3.958739e-02;4.993505e-02;3.693791e-01;3.272093e-02;4.179053e-02;6.421300e-02;7.129655e-02;2.571262e-02
5.651661e-02;6.608406e-02;2.397955e-01;3.013049e-02;2.987107e-02;3.327591e-02;2.682162e-01;4.366988e-02;5.425468e-02;1.151299e-01;4.353040e-02;1.952526e-02
4.412303e-02;3.906755e-02;3.445029e-01;3.011457e-02;4.762412e-02;2.407508e-02;1.639547e-01;5.752465e-02;4.405066e-02;1.509920e-01;3.302178e-02;2.094906e-02
4.017923e-02;4.705403e-02;3.929996e-01;3.637529e-02;4.033189e-02;1.470462e-02;1.051427e-01;5.116848e-02;5.117879e-02;1.659653e-01;3.692067e-02;1.797942e-02
2.784234e-02;3.998084e-02;3.752534e-01;3.700038e-02;4.721169e-02;1.700274e-02;9.602316e-02;4.126117e-02;8.036246e-02;1.713885e-01;4.518360e-02;2.148970e-02
3.759932e-02;3.423604e-02;3.530507e-01;3.786375e-02;5.192206e-02;2.443740e-02;9.301048e-02;2.823544e-02;1.000943e-01;1.582635e-01;5.554373e-02;2.574331e-02
4.295560e-02;5.014660e-02;3.904926e-01;3.178967e-02;4.740996e-02;2.179738e-02;9.658621e-02;3.565347e-02;5.824774e-02;1.459640e-01;5.674550e-02;2.221129e-02
6.037860e-02;5.642182e-02;4.035636e-01;3.390756e-02;5.149245e-02;1.989235e-02;9.467927e-02;4.396801e-02;4.347726e-02;1.040906e-01;5.602071e-02;3.210780e-02
4.984720e-02;3.296651e-02;3.883402e-01;3.173620e-02;6.004942e-02;2.630685e-02;7.656331e-02;6.175396e-02;5.580062e-02;1.225772e-01;6.088766e-02;3.317092e-02
2.780517e-02;3.843339e-02;3.261643e-01;4.566109e-02;6.439620e-02;2.746766e-02;5.850530e-02;7.718347e-02;7.641892e-02;1.401433e-01;8.318882e-02;3.463235e-02
5.467198e-02;6.151286e-02;2.997521e-01;4.514590e-02;4.101845e-02;3.332635e-02;3.867219e-02;9.141337e-02;5.850459e-02;1.341854e-01;1.069143e-01;3.488255e-02
7.412428e-02;6.478331e-02;2.714253e-01;4.125518e-02;3.250124e-02;3.021927e-02;2.957531e-02;1.035512e-01;5.553426e-02;1.080709e-01;1.421418e-01;4.681799e-02
5.938403e-02;5.296891e-02;2.541632e-01;4.627148e-02;6.152358e-02;2.803645e-02;2.950328e-02;7.330325e-02;5.906563e-02;1.320985e-01;1.620268e-01;4.165488e-02
3.390618e-02;4.646367e-02;2.949573e-01;4.420046e-02;6.211565e-02;3.188303e-02;4.131367e-02;4.508643e-02;5.654811e-02;1.652330e-01;1.241922e-01;5.410038e-02
4.556865e-02;7.120635e-02;3.058727e-01;3.740644e-02;4.604603e-02;3.537968e-02;6.633508e-02;3.242708e-02;4.376862e-02;1.576257e-01;1.058821e-01;5.248158e-02
6.421386e-02;7.531083e-02;2.899204e-01;4.069938e-02;3.351404e-02;2.571320e-02;7.277611e-02;3.852252e-02;4.114361e-02;1.441999e-01;1.448745e-01;2.911156e-02
9.382511e-02;6.203708e-02;2.700029e-01;4.084459e-02;3.799978e-02;1.923158e-02;7.454862e-02;5.498379e-02;4.147298e-02;1.357145e-01;1.264915e-01;4.284755e-02
6.576051e-02;6.954509e-02;2.608061e-01;3.966954e-02;4.501839e-02;2.136984e-02;9.096875e-02;5.897144e-02;5.477485e-02;1.363872e-01;7.362637e-02;8.310197e-02
4.125265e-02;6.793962e-02;2.053720e-01;3.895342e-02;4.175031e-02;3.696124e-02;9.583238e-02;8.011848e-02;5.905393e-02;1.371898e-01;1.123119e-01;8.326434e-02
5.184751e-02;6.454616e-02;1.171678e-01;5.425722e-02;4.508249e-02;3.590316e-02;5.520975e-02;8.585828e-02;6.352568e-02;1.258131e-01;1.688815e-01;1.319073e-01
7.843692e-02;5.786486e-02;8.941101e-02;6.819035e-02;4.452270e-02;3.367234e-02;5.184466e-02;5.461988e-02;2.751581e-02;8.140039e-02;2.258543e-01;1.866667e-01
9.093507e-02;7.017145e-02;9.968396e-02;6.493189e-02;4.563388e-02;4.281771e-02;5.709092e-02;4.775581e-02;3.085645e-02;5.342721e-02;1.811877e-01;2.155079e-01
1.419157e-01;9.590983e-02;8.798929e-02;5.778806e-02;5.611353e-02;4.437460e-02;5.624058e-02;3.712872e-02;6.033384e-02;4.045833e-02;1.260066e-01;1.957409e-01
1.616835e-01;8.819894e-02;7.039585e-02;7.853137e-02;7.503043e-02;5.342712e-02;5.410000e-02;3.936050e-02;9.187808e-02;4.866553e-02;7.648084e-02;1.622478e-01
1.233773e-01;6.632160e-02;8.986881e-02;6.349338e-02;6.647787e-02;7.368382e-02;7.264345e-02;3.450800e-02;9.491570e-02;4.833714e-02;1.004263e-01;1.659467e-01
8.763643e-02;5.872074e-02;9.505268e-02;9.804631e-02;4.297018e-02;7.945871e-02;1.063300e-01;3.738991e-02;7.716051e-02;3.536780e-02;1.294252e-01;1.524416e-01
9.785083e-02;6.374206e-02;7.398844e-02;1.070179e-01;7.600191e-02;7.541850e-02;1.502214e-01;5.586860e-02;4.182424e-02;5.396282e-02;9.923071e-02;1.048725e-01
7.125109e-02;5.335980e-02;1.401881e-01;6.523347e-02;6.205834e-02;6.316730e-02;1.669333e-01;7.054541e-02;3.610079e-02;8.452056e-02;9.405089e-02;9.259104e-02
8.484746e-02;6.036010e-02;1.723583e-01;7.077260e-02;8.143039e-02;5.790442e-02;1.141034e-01;5.935839e-02;4.461120e-02;8.708297e-02;8.357232e-02;8.359843e-02
5.497510e-02;9.914238e-02;1.733281e-01;5.803337e-02;8.839361e-02;6.531113e-02;8.269778e-02;6.552003e-02;4.184268e-02;1.005229e-01;9.449739e-02;7.573557e-02
4.993895e-02;7.841785e-02;1.559653e-01;4.089623e-02;6.891842e-02;8.115962e-02;1.342597e-01;8.378840e-02;5.643102e-02;1.148486e-01;7.169539e-02;6.368048e-02
5.017276e-02;4.994209e-02;1.490892e-01;5.441651e-02;7.044921e-02;1.016915e-01;2.024543e-01;5.381428e-02;6.689152e-02;8.812907e-02;5.582799e-02;5.712168e-02
8.174590e-02;8.351460e-02;1.375070e-01;6.885188e-02;7.260469e-02;9.862605e-02;2.230291e-01;3.490029e-02;5.198560e-02;6.318722e-02;4.066664e-02;4.338104e-02
8.098510e-02;1.163276e-01;1.115876e-01;6.291898e-02;8.127371e-02;8.097522e-02;1.761728e-01;6.048055e-02;5.944739e-02;6.845759e-02;6.059548e-02;4.077803e-02
1.300647e-01;1.388229e-01;1.079608e-01;3.963555e-02;4.476860e-02;9.072299e-02;1.255950e-01;5.354105e-02;4.909034e-02;8.379300e-02;6.611502e-02;6.989010e-02
1.761271e-01;7.369661e-02;1.310534e-01;3.333334e-02;5.494947e-02;5.721604e-02;1.576408e-01;5.595512e-02;5.106558e-02;8.324253e-02;7.708123e-02;4.863871e-02
2.035896e-01;1.070523e-01;1.356242e-01;3.313680e-02;5.821123e-02;3.944360e-02;1.422704e-01;3.834736e-02;8.334443e-02;5.094995e-02;5.714820e-02;5.088199e-02
2.044708e-01;1.511220e-01;1.828108e-01;3.197020e-02;4.139599e-02;3.517640e-02;1.020314e-01;2.970797e-02;9.380466e-02;3.794715e-02;4.036739e-02;4.919525e-02
2.233987e-01;1.824070e-01;1.897916e-01;3.042208e-02;3.489764e-02;2.714451e-02;6.193161e-02;4.767390e-02;7.808923e-02;5.498132e-02;3.148723e-02;3.777519e-02
2.573199e-01;1.592622e-01;1.376889e-01;3.037247e-02;4.428997e-02;2.832159e-02;8.532404e-02;7.793985e-02;5.334190e-02;5.232909e-02;2.809625e-02;4.571389e-02
2.696854e-01;7.763030e-02;8.978502e-02;4.260427e-02;5.904889e-02;3.279742e-02;1.421477e-01;1.067521e-01;6.571354e-02;3.914725e-02;2.439058e-02;5.029755e-02
2.533083e-01;6.351043e-02;6.041648e-02;3.923482e-02;7.414084e-02;3.475412e-02;1.546872e-01;1.234138e-01;5.865274e-02;3.378836e-02;4.729405e-02;5.679897e-02
2.224217e-01;1.115918e-01;1.103619e-01;2.630100e-02;6.796136e-02;3.727667e-02;1.106406e-01;9.693551e-02;4.924806e-02;5.919078e-02;5.907494e-02;4.899567e-02
2.008278e-01;1.487021e-01;1.596333e-01;2.927615e-02;5.463493e-02;5.903626e-02;7.353774e-02;5.514399e-02;6.058004e-02;8.141870e-02;4.015865e-02;3.705035e-02
1.571319e-01;1.705639e-01;2.310670e-01;3.693563e-02;5.203304e-02;8.039748e-02;4.130553e-02;2.509282e-02;6.906390e-02;5.763222e-02;2.351666e-02;5.525994e-02
8.049227e-02;1.601387e-01;3.448520e-01;4.779350e-02;4.748799e-02;7.878137e-02;2.272738e-02;3.816264e-02;6.617358e-02;4.385775e-02;1.480045e-02;5.473239e-02
4.760291e-02;1.228040e-01;4.490587e-01;5.402405e-02;4.586931e-02;4.648803e-02;2.850608e-02;5.227622e-02;5.231907e-02;4.307246e-02;2.021196e-02;3.776728e-02
6.091449e-02;1.137263e-01;4.806747e-01;4.769181e-02;4.147311e-02;2.865722e-02;4.059578e-02;5.865194e-02;4.269087e-02;4.278177e-02;2.009572e-02;2.204625e-02
6.326189e-02;1.042646e-01;4.536363e-01;3.937576e-02;3.630560e-02;3.077958e-02;8.834008e-02;5.854874e-02;3.073536e-02;4.067456e-02;2.544790e-02;2.862962e-02
5.320698e-02;9.251468e-02;4.020226e-01;3.154581e-02;3.397349e-02;4.105733e-02;1.245200e-01;6.777690e-02;3.592259e-02;4.220100e-02;3.979514e-02;3.546352e-02
9.403443e-02;1.061609e-01;3.946382e-01;3.501993e-02;3.259345e-02;2.673418e-02;5.929654e-02;7.351142e-02;4.133515e-02;5.737078e-02;3.991716e-02;3.938783e-02
1.289872e-01;1.215290e-01;3.021887e-01;3.406761e-02;2.713064e-02;2.570475e-02;1.047288e-01;6.926981e-02;4.317522e-02;6.085062e-02;3.631752e-02;4.605017e-02
9.227124e-02;1.559977e-01;2.470730e-01;3.173019e-02;4.113831e-02;4.970155e-02;1.219657e-01;5.489728e-02;4.998609e-02;6.060421e-02;5.603841e-02;3.859638e-02
8.048413e-02;1.566219e-01;2.486066e-01;3.864478e-02;6.603327e-02;4.797002e-02;1.158346e-01;3.606225e-02;3.762906e-02;6.300627e-02;7.004377e-02;3.906340e-02
8.926284e-02;9.612069e-02;2.682211e-01;3.759539e-02;8.559706e-02;5.187385e-02;1.065654e-01;4.042040e-02;4.622298e-02;5.923015e-02;6.985749e-02;4.903275e-02
8.948704e-02;8.111791e-02;1.737626e-01;4.742881e-02;7.080964e-02;6.721822e-02;1.505193e-01;6.856835e-02;5.507352e-02;8.609325e-02;5.613218e-02;5.378921e-02
8.856290e-02;6.891850e-02;1.362992e-01;4.681323e-02;6.237983e-02;6.983425e-02;1.865921e-01;6.859954e-02;6.976098e-02;9.724241e-02;5.691018e-02;4.808676e-02
6.789763e-02;4.996659e-02;1.318374e-01;4.134916e-02;1.114126e-01;8.497607e-02;2.436408e-01;5.981958e-02;4.907166e-02;7.019906e-02;4.536249e-02;4.446708e-02
9.077254e-02;2.529697e-02;1.598099e-01;5.819728e-02;1.208642e-01;7.356148e-02;2.311555e-01;5.946293e-02;3.893573e-02;5.323174e-02;4.148901e-02;4.722270e-02
1.117044e-01;4.244668e-02;2.130644e-01;6.307310e-02;9.600002e-02;5.723177e-02;1.719894e-01;4.655669e-02;3.904090e-02;5.581683e-02;5.021791e-02;5.285795e-02
1.394308e-01;7.188635e-02;2.220230e-01;5.046949e-02;8.014854e-02;5.605391e-02;1.484441e-01;3.155736e-02;3.793376e-02;5.501815e-02;5.780681e-02;4.922768e-02
1.349953e-01;6.301124e-02;2.226630e-01;4.118361e-02;5.148923e-02;4.845685e-02;2.299550e-01;3.455455e-02;3.706506e-02;5.283128e-02;5.642115e-02;2.737373e-02
1.043940e-01;3.171865e-02;2.732353e-01;4.197486e-02;5.882338e-02;4.458451e-02;2.142914e-01;3.637796e-02;4.717542e-02;5.779840e-02;4.356832e-02;4.605777e-02
9.875677e-02;4.021373e-02;2.708489e-01;4.675266e-02;3.839061e-02;3.927657e-02;1.773760e-01;2.900459e-02;6.585937e-02;7.330237e-02;5.545956e-02;6.475887e-02
1.066424e-01;5.163430e-02;1.657005e-01;4.386383e-02;6.455432e-02;6.292543e-02;1.684904e-01;4.216381e-02;6.841289e-02;9.079620e-02;8.500049e-02;4.981554e-02
1.308985e-01;7.307655e-02;9.053889e-02;4.926623e-02;8.711322e-02;7.345735e-02;1.868861e-01;5.279715e-02;4.595771e-02;8.626667e-02;7.350299e-02;5.023869e-02
9.790123e-02;5.911130e-02;1.400312e-01;7.212418e-02;6.621081e-02;6.724127e-02;2.195756e-01;6.119122e-02;4.029885e-02;6.988017e-02;6.139394e-02;4.504023e-02
6.799749e-02;5.673667e-02;1.513510e-01;6.816221e-02;7.028711e-02;7.892133e-02;2.600034e-01;5.658400e-02;4.496482e-02;7.325895e-02;4.755096e-02;2.418201e-02
1.049783e-01;6.897173e-02;1.575864e-01;4.094234e-02;8.185890e-02;8.145328e-02;2.185818e-01;3.992901e-02;5.082743e-02;7.444981e-02;5.824338e-02;2.217769e-02
1.116278e-01;8.402450e-02;1.108166e-01;4.141613e-02;6.278284e-02;7.654323e-02;2.231761e-01;3.891893e-02;7.840371e-02;7.023843e-02;5.087467e-02;5.117710e-02
1.161770e-01;7.070442e-02;1.075253e-01;6.414390e-02;6.563444e-02;6.771653e-02;2.468743e-01;3.989724e-02;7.776468e-02;4.671856e-02;4.572523e-02;5.111843e-02
9.800161e-02;8.373416e-02;1.106362e-01;6.093166e-02;4.479600e-02;6.690201e-02;1.987500e-01;6.754815e-02;9.758628e-02;6.168684e-02;5.497736e-02;5.444963e-02
9.130415e-02;9.587260e-02;1.399139e-01;6.495401e-02;4.302196e-02;4.237662e-02;1.043448e-01;6.201257e-02;1.008433e-01;9.636295e-02;8.873786e-02;7.025535e-02
7.924820e-02;6.851086e-02;1.217510e-01;6.246786e-02;4.358960e-02;6.238721e-02;1.015217e-01;6.958542e-02;1.247072e-01;1.144288e-01;8.936115e-02;6.244102e-02
7.318973e-02;5.359865e-02;1.051184e-01;4.456037e-02;4.887226e-02;7.720481e-02;8.947150e-02;6.713901e-02;1.849039e-01;1.302333e-01;8.804329e-02;3.766477e-02
7.982988e-02;4.384561e-02;9.486487e-02;3.158893e-02;4.365554e-02;7.194979e-02;9.138968e-02;7.896115e-02;1.992804e-01;1.389999e-01;9.946723e-02;2.616699e-02
9.742428e-02;2.337212e-02;9.205312e-02;4.532165e-02;3.260265e-02;6.118358e-02;8.835745e-02;7.581845e-02;1.774667e-01;1.464228e-01;1.330233e-01;2.695391e-02
1.209455e-01;3.651216e-02;6.445583e-02;7.080825e-02;2.701675e-02;3.469503e-02;1.020302e-01;7.669498e-02;1.613855e-01;1.280733e-01;1.468101e-01;3.057236e-02
1.399873e-01;4.399308e-02;5.307392e-02;7.849181e-02;4.601319e-02;5.331329e-02;1.042394e-01;1.007875e-01;1.399247e-01;9.876046e-02;9.385947e-02;4.755592e-02
1.347860e-01;4.958690e-02;7.835966e-02;6.564938e-02;4.662174e-02;6.169807e-02;9.988899e-02;1.001893e-01;1.671614e-01;9.545201e-02;5.089286e-02;4.971362e-02
1.316669e-01;3.768553e-02;8.934556e-02;5.269784e-02;4.122715e-02;5.174756e-02;1.156624e-01;8.643676e-02;2.019884e-01;7.221922e-02;7.377809e-02;4.554458e-02
1.304272e-01;3.588694e-02;1.045622e-01;4.733912e-02;3.430041e-02;5.040091e-02;1.291801e-01;6.659270e-02;2.090003e-01;6.557024e-02;9.042321e-02;3.631670e-02
1.104769e-01;4.430800e-02;1.099803e-01;3.655813e-02;4.196013e-02;6.503525e-02;1.348921e-01;7.291559e-02;1.856329e-01;8.542979e-02;7.514905e-02;3.766176e-02
7.940613e-02;6.133853e-02;1.055595e-01;3.171082e-02;5.649377e-02;6.049854e-02;1.124109e-01;1.034429e-01;1.510872e-01;1.399014e-01;5.604719e-02;4.210312e-02
4.118083e-02;6.050807e-02;9.535459e-02;2.643289e-02;6.824095e-02;4.059905e-02;1.008449e-01;1.796406e-01;1.281663e-01;1.485299e-01;6.503554e-02;4.546638e-02
3.398076e-02;6.733666e-02;1.248934e-01;4.251326e-02;7.618624e-02;5.833480e-02;1.257551e-01;1.841110e-01;7.749797e-02;1.014808e-01;6.969739e-02;3.821265e-02
9.069723e-02;9.981397e-02;1.508225e-01;3.146656e-02;7.813890e-02;7.354282e-02;9.561993e-02;1.364353e-01;7.395205e-02;7.012166e-02;6.214323e-02;3.724591e-02
1.325194e-01;1.155770e-01;1.454130e-01;2.924225e-02;6.156129e-02;6.459260e-02;1.001439e-01;8.972666e-02;9.056767e-02;7.097240e-02;5.693119e-02;4.275268e-02
1.325419e-01;1.133981e-01;1.120136e-01;4.739760e-02;6.694750e-02;4.707994e-02;1.168716e-01;8.373445e-02;7.438558e-02;9.185717e-02;6.555641e-02;4.821607e-02
8.897688e-02;6.579751e-02;9.935331e-02;3.794383e-02;6.395300e-02;8.112023e-02;1.672439e-01;8.116884e-02;7.725368e-02;9.294099e-02;1.002450e-01;4.400279e-02
1.043117e-01;5.946325e-02;1.051052e-01;2.726611e-02;2.554701e-02;7.724015e-02;2.308410e-01;4.678691e-02;7.356790e-02;9.510920e-02;1.116972e-01;4.306442e-02
9.940385e-02;6.286740e-02;1.242909e-01;3.236708e-02;3.712451e-02;6.851141e-02;2.359102e-01;5.850736e-02;5.897227e-02;7.274260e-02;1.024982e-01;4.680416e-02
5.343480e-02;6.049002e-02;1.116291e-01;3.743685e-02;4.489136e-02;5.922781e-02;2.823676e-01;8.060876e-02;4.280417e-02;6.891342e-02;1.019620e-01;5.623411e-02
2.895484e-02;5.992873e-02;1.092860e-01;4.314690e-02;6.965857e-02;4.918466e-02;2.556069e-01;8.934908e-02;7.125202e-02;7.836141e-02;9.051852e-02;5.475233e-02
7.173587e-02;6.230045e-02;8.288846e-02;4.541554e-02;6.194801e-02;8.922264e-02;1.761691e-01;8.417304e-02;9.434701e-02;8.315646e-02;9.253161e-02;5.611175e-02
9.886988e-02;7.207241e-02;9.960874e-02;8.573950e-02;7.334553e-02;8.929494e-02;1.178250e-01;7.155263e-02;6.351165e-02;9.900321e-02;8.841331e-02;4.076319e-02
7.375315e-02;9.543195e-02;1.453657e-01;8.335134e-02;4.997015e-02;7.018716e-02;1.043766e-01;8.447478e-02;3.050099e-02;1.377906e-01;9.221519e-02;3.258241e-02
9.050646e-02;1.012463e-01;1.500345e-01;6.255566e-02;4.671328e-02;4.597459e-02;1.419093e-01;7.264215e-02;3.648023e-02;1.301433e-01;8.790187e-02;3.389235e-02
8.637053e-02;9.559058e-02;7.896467e-02;5.671454e-02;5.022698e-02;4.754136e-02;2.110565e-01;9.604722e-02;4.444766e-02;1.160619e-01;8.162127e-02;3.535686e-02
4.551201e-02;9.422326e-02;1.005166e-01;5.843632e-02;8.521948e-02;4.509717e-02;2.055360e-01;7.569868e-02;4.207822e-02;1.236029e-01;8.801524e-02;3.606408e-02
8.444501e-02;1.047327e-01;1.153558e-01;4.756350e-02;7.810996e-02;3.096462e-02;1.492646e-01;4.161574e-02;9.467025e-02;1.391937e-01;9.178472e-02;2.229938e-02
1.095769e-01;8.487678e-02;1.568505e-01;1.043597e-01;6.873490e-02;4.814430e-02;1.299013e-01;7.247293e-02;6.427744e-02;7.704946e-02;5.120069e-02;3.255509e-02
1.006784e-01;9.112397e-02;1.679858e-01;1.242977e-01;6.755377e-02;5.876149e-02;1.095210e-01;7.071598e-02;6.846184e-02;6.003095e-02;5.344373e-02;2.742543e-02
8.029293e-02;9.259979e-02;1.704376e-01;1.295273e-01;7.865978e-02;6.675315e-02;9.722658e-02;6.039029e-02;7.511652e-02;5.374650e-02;5.919987e-02;3.604973e-02
5.741184e-02;9.760115e-02;1.824429e-01;1.149255e-01;1.207182e-01;9.978559e-02;3.779206e-02;4.281740e-02;7.350356e-02;4.933233e-02;6.731311e-02;5.635632e-02
7.211664e-02;6.655926e-02;2.508885e-01;6.128552e-02;1.050056e-01;7.933792e-02;1.281857e-01;4.367507e-02;4.837158e-02;5.077213e-02;4.989033e-02;4.391177e-02
7.643934e-02;5.787704e-02;3.037997e-01;4.986899e-02;7.972533e-02;4.735957e-02;1.090132e-01;4.024770e-02;4.174582e-02;7.325509e-02;6.398030e-02;5.668791e-02
7.224458e-02;6.538002e-02;3.793481e-01;4.014569e-02;6.071068e-02;4.390154e-02;8.495569e-02;3.393570e-02;4.346358e-02;8.126930e-02;4.639290e-02;4.825225e-02
4.814898e-02;6.505290e-02;5.274167e-01;3.709599e-02;4.825904e-02;3.661118e-02;4.307018e-02;2.927842e-02;4.606671e-02;6.558869e-02;2.290889e-02;3.050233e-02
1.963839e-02;4.152429e-02;6.128972e-01;3.768402e-02;2.956516e-02;3.152388e-02;4.111163e-02;3.126271e-02;5.326886e-02;4.967406e-02;2.118610e-02;3.066371e-02
2.276737e-02;4.428025e-02;6.081524e-01;3.428325e-02;2.307018e-02;3.670805e-02;3.568391e-02;3.166837e-02;5.347529e-02;4.807607e-02;1.917775e-02;4.265704e-02
1.428443e-02;5.102523e-02;6.059648e-01;3.188512e-02;1.620773e-02;4.163931e-02;3.544199e-02;3.797530e-02;4.641703e-02;5.240276e-02;1.607011e-02;5.068625e-02
1.167741e-02;4.882667e-02;6.184697e-01;2.923452e-02;1.609333e-02;3.565230e-02;3.399872e-02;4.557345e-02;3.403821e-02;5.474960e-02;1.876676e-02;5.291930e-02
1.754246e-02;4.324686e-02;6.162579e-01;3.119521e-02;1.968775e-02;3.132097e-02;3.500070e-02;5.052001e-02;2.818836e-02;4.905022e-02;2.413196e-02;5.385762e-02
2.396459e-02;4.275468e-02;5.433555e-01;4.182437e-02;3.795713e-02;3.529333e-02;6.219453e-02;5.590156e-02;3.453624e-02;3.245414e-02;3.282007e-02;5.694383e-02
3.176948e-02;3.553241e-02;3.456473e-01;4.587098e-02;8.827683e-02;5.043754e-02;1.275074e-01;6.909074e-02;6.086242e-02;4.561745e-02;4.517561e-02;5.421174e-02
2.553685e-02;3.108768e-02;2.254830e-01;2.941060e-02;7.847544e-02;4.451133e-02;1.391923e-01;1.109717e-01;6.756308e-02;1.018019e-01;7.080218e-02;7.516402e-02
2.391987e-02;3.559549e-02;1.474543e-01;2.241568e-02;3.556178e-02;5.818442e-02;8.269949e-02;1.443459e-01;8.823922e-02;1.406599e-01;1.116892e-01;1.092346e-01
3.656679e-02;4.006764e-02;1.216417e-01;3.179165e-02;1.407469e-02;6.363347e-02;4.448022e-02;1.438256e-01;1.096989e-01;1.070732e-01;1.482356e-01;1.389105e-01
2.580116e-02;4.064538e-02;1.235290e-01;3.242327e-02;2.415490e-02;6.378786e-02;4.873861e-02;1.263219e-01;8.912908e-02;8.093942e-02;1.830408e-01;1.614887e-01
3.849015e-02;5.040911e-02;1.055865e-01;3.712838e-02;2.801355e-02;7.038794e-02;4.395342e-02;8.395373e-02;1.221702e-01;8.270010e-02;1.701838e-01;1.670231e-01
5.244998e-02;7.168917e-02;1.048100e-01;6.583068e-02;2.721250e-02;7.775876e-02;3.044667e-02;4.363314e-02;1.777861e-01;5.873729e-02;1.293622e-01;1.602835e-01
5.613066e-02;7.980334e-02;1.155717e-01;8.741018e-02;4.000712e-02;6.480438e-02;4.677081e-02;4.980624e-02;1.749422e-01;6.845798e-02;9.781859e-02;1.184768e-01
5.744822e-02;4.860812e-02;8.607701e-02;7.180276e-02;4.602078e-02;5.372693e-02;8.766951e-02;7.546206e-02;1.312821e-01;1.388990e-01;1.170879e-01;8.591570e-02
6.151008e-02;2.980736e-02;6.482717e-02;6.780276e-02;4.974375e-02;5.569451e-02;1.108840e-01;8.992373e-02;1.273521e-01;1.588984e-01;9.319071e-02;9.036546e-02
4.115512e-02;4.004938e-02;7.036506e-02;6.152527e-02;5.868060e-02;6.334701e-02;1.316122e-01;8.655425e-02;1.427700e-01;1.266308e-01;9.266915e-02;8.464111e-02
5.783132e-02;5.650109e-02;6.539874e-02;4.160488e-02;6.849609e-02;6.255393e-02;1.077074e-01;1.012978e-01;1.562890e-01;8.625367e-02;1.025358e-01;9.353034e-02
6.235487e-02;4.704429e-02;3.817731e-02;3.571380e-02;6.712221e-02;5.999935e-02;8.801231e-02;9.666527e-02;1.546500e-01;1.035988e-01;1.351259e-01;1.115359e-01
6.197583e-02;2.717143e-02;5.658980e-02;4.670922e-02;7.667340e-02;4.942585e-02;8.891305e-02;7.280350e-02;1.480954e-01;1.471565e-01;1.612697e-01;6.321629e-02
4.922333e-02;2.610073e-02;4.579362e-02;6.241028e-02;6.702622e-02;4.075214e-02;7.679196e-02;6.019125e-02;1.404322e-01;1.158930e-01;2.209588e-01;9.442648e-02
5.536821e-02;4.821415e-02;5.131041e-02;6.564971e-02;5.677699e-02;2.717959e-02;8.429496e-02;5.271062e-02;1.583918e-01;6.706775e-02;2.374688e-01;9.556698e-02
6.107304e-02;5.149907e-02;6.987678e-02;4.662056e-02;5.042188e-02;3.220124e-02;1.080913e-01;8.573178e-02;1.395994e-01;1.260999e-01;1.519463e-01;7.683882e-02
7.058895e-02;5.374019e-02;8.113283e-02;2.349473e-02;6.199950e-02;4.883108e-02;1.106520e-01;8.728463e-02;6.243632e-02;2.281141e-01;9.443355e-02;7.729209e-02
6.363065e-02;4.303532e-02;7.824931e-02;2.027314e-02;7.163992e-02;3.858295e-02;1.024112e-01;5.471146e-02;9.223446e-02;2.290073e-01;1.586976e-01;4.752677e-02
5.128883e-02;2.770393e-02;6.309029e-02;5.180969e-02;5.583768e-02;4.894665e-02;1.003886e-01;7.962569e-02;1.298341e-01;1.819788e-01;1.747205e-01;3.477520e-02
7.736719e-02;2.577849e-02;6.118005e-02;9.988426e-02;6.578033e-02;4.172989e-02;1.136781e-01;8.058425e-02;1.008254e-01;1.165308e-01;1.653383e-01;5.132299e-02
9.453774e-02;3.733342e-02;5.824070e-02;1.186706e-01;1.091642e-01;3.319139e-02;1.240984e-01;6.449952e-02;6.218067e-02;1.019165e-01;1.211373e-01;7.502951e-02
7.095729e-02;3.846970e-02;5.246532e-02;9.644764e-02;1.211077e-01;4.273602e-02;1.231562e-01;7.959659e-02;5.702133e-02;9.153982e-02;1.276414e-01;9.886095e-02
3.503684e-02;3.642347e-02;6.552933e-02;5.264774e-02;1.038942e-01;4.734535e-02;1.243483e-01;8.446587e-02;4.842110e-02;1.279211e-01;1.848942e-01;8.907249e-02
2.927110e-02;2.341304e-02;7.547355e-02;4.617007e-02;6.197768e-02;4.860599e-02;1.048044e-01;9.790486e-02;7.387744e-02;1.595427e-01;1.846476e-01;9.431147e-02
5.658414e-02;2.286909e-02;8.078565e-02;4.831412e-02;5.239419e-02;5.986597e-02;9.555100e-02;8.352085e-02;9.195273e-02;1.665751e-01;1.695034e-01;7.208386e-02
6.223910e-02;4.298498e-02;9.080727e-02;5.020232e-02;7.590629e-02;8.605982e-02;9.195790e-02;9.467723e-02;8.684412e-02;1.474624e-01;1.171020e-01;5.375646e-02
4.921405e-02;5.704124e-02;7.138180e-02;6.091195e-02;9.773456e-02;9.566691e-02;7.470667e-02;9.042026e-02;1.013653e-01;1.020784e-01;1.288909e-01;7.058793e-02
4.685562e-02;4.506934e-02;7.271930e-02;5.528301e-02;7.100996e-02;9.123800e-02;7.391483e-02;6.296097e-02;1.245464e-01;1.077926e-01;1.516992e-01;9.691077e-02
5.000493e-02;3.897925e-02;9.813926e-02;3.805714e-02;4.709228e-02;1.015105e-01;5.911248e-02;8.291616e-02;7.916991e-02;1.558335e-01;1.147548e-01;1.344297e-01
5.310652e-02;3.493291e-02;8.730396e-02;2.560279e-02;3.174108e-02;9.494121e-02;8.144825e-02;1.143275e-01;7.554043e-02;2.228864e-01;5.323021e-02;1.249387e-01
5.810728e-02;4.507045e-02;6.909217e-02;2.563606e-02;4.305754e-02;8.942846e-02;1.003947e-01;9.620333e-02;8.386486e-02;2.156845e-01;9.046730e-02;8.299331e-02
5.847074e-02;6.012912e-02;7.749840e-02;2.847524e-02;5.970087e-02;8.829071e-02;9.971368e-02;7.674806e-02;6.298565e-02;1.888341e-01;1.043707e-01;9.478267e-02
6.025574e-02;7.570886e-02;8.646026e-02;2.200897e-02;6.767038e-02;9.022054e-02;9.102266e-02;8.051255e-02;7.342448e-02;1.879820e-01;7.423934e-02;9.049422e-02
6.501940e-02;6.884196e-02;8.914850e-02;3.218980e-02;5.495999e-02;7.942259e-02;8.646988e-02;7.069354e-02;6.527169e-02;1.999961e-01;8.809376e-02;9.989284e-02
6.934075e-02;4.288071e-02;7.101014e-02;4.161927e-02;5.218508e-02;5.373744e-02;1.102220e-01;6.515159e-02;7.887971e-02;1.612089e-01;1.581899e-01;9.557451e-02
8.750542e-02;4.733041e-02;6.077152e-02;6.152052e-02;5.801745e-02;5.277310e-02;1.364704e-01;6.259903e-02;1.167922e-01;9.946121e-02;1.306638e-01;8.609495e-02
8.928134e-02;6.206065e-02;6.297092e-02;6.454580e-02;7.063794e-02;6.557247e-02;1.482706e-01;8.373820e-02;1.021272e-01;9.906027e-02;6.667773e-02;8.505692e-02
7.031414e-02;7.195550e-02;6.232186e-02;5.877477e-02;9.015536e-02;4.714794e-02;1.259764e-01;1.025417e-01;6.952310e-02;1.173086e-01;1.093044e-01;7.467621e-02
7.400315e-02;8.650543e-02;1.045066e-01;6.238141e-02;9.668902e-02;5.542419e-02;1.075109e-01;9.883240e-02;5.720539e-02;9.607405e-02;1.155236e-01;4.534375e-02
1.001649e-01;8.658709e-02;1.625396e-01;5.965624e-02;7.250621e-02;5.238158e-02;1.017251e-01;8.289939e-02;6.030214e-02;8.588076e-02;7.005049e-02;6.530651e-02
1.369445e-01;6.199951e-02;1.223771e-01;3.712105e-02;4.807938e-02;6.182555e-02;1.581050e-01;8.465838e-02;8.130310e-02;9.192296e-02;5.265647e-02;6.300695e-02
1.546590e-01;7.454978e-02;1.161737e-01;4.920454e-02;5.008630e-02;5.811585e-02;1.523609e-01;5.972693e-02;9.247459e-02;8.992220e-02;4.630885e-02;5.641736e-02
1.612166e-01;6.858024e-02;8.909705e-02;6.583029e-02;5.219455e-02;5.411311e-02;1.543801e-01;4.694038e-02;8.488987e-02;1.153667e-01;4.856054e-02;5.883053e-02
1.310316e-01;5.235756e-02;7.632676e-02;7.600328e-02;4.548313e-02;4.792698e-02;1.694693e-01;3.877407e-02;6.263544e-02;1.286847e-01;8.850762e-02;8.279958e-02
8.273996e-02;4.458020e-02;9.535971e-02;7.209588e-02;4.425618e-02;6.014830e-02;1.889397e-01;4.571755e-02;4.178048e-02;1.167683e-01;1.164706e-01;9.114315e-02
3.017322e-02;4.251070e-02;1.277654e-01;6.068290e-02;6.383975e-02;7.812386e-02;1.686428e-01;7.075591e-02;7.173470e-02;1.315637e-01;9.285035e-02;6.135667e-02
7.149792e-02;7.748388e-02;1.272361e-01;6.133424e-02;9.017999e-02;6.554219e-02;1.273685e-01;8.152561e-02;6.571572e-02;1.355771e-01;5.132098e-02;4.521772e-02
7.050397e-02;8.329142e-02;9.790222e-02;6.392819e-02;1.115590e-01;8.210889e-02;1.735181e-01;4.671029e-02;5.393765e-02;1.137706e-01;5.524641e-02;4.752320e-02
4.731012e-02;6.284821e-02;1.180898e-01;5.316943e-02;1.361427e-01;1.129141e-01;2.251427e-01;3.533864e-02;4.817865e-02;8.902890e-02;4.939052e-02;2.244626e-02
6.610124e-02;5.928267e-02;1.974288e-01;4.052778e-02;1.180121e-01;9.512733e-02;1.995059e-01;4.140308e-02;3.770771e-02;7.906453e-02;4.611032e-02;1.972856e-02
7.872681e-02;5.039783e-02;3.165873e-01;4.747684e-02;7.091562e-02;6.508791e-02;1.385771e-01;5.521587e-02;3.379286e-02;6.883239e-02;4.486636e-02;2.952313e-02
3.993199e-02;3.696899e-02;3.885869e-01;5.093891e-02;5.780281e-02;5.972751e-02;1.291605e-01;5.493224e-02;5.528045e-02;5.745043e-02;3.830986e-02;3.090940e-02
1.876441e-02;4.121681e-02;3.859299e-01;3.496312e-02;6.899032e-02;4.928127e-02;1.570743e-01;4.344513e-02;6.502627e-02;5.828784e-02;4.702574e-02;2.999492e-02
1.867688e-02;3.977726e-02;3.234252e-01;2.470069e-02;8.309614e-02;7.280675e-02;2.101359e-01;2.382020e-02;4.223197e-02;6.452771e-02;6.275780e-02;3.404358e-02
4.799846e-02;2.946478e-02;3.197285e-01;4.115900e-02;4.450026e-02;7.264365e-02;2.420686e-01;2.467330e-02;4.118576e-02;5.803232e-02;4.306374e-02;3.548167e-02
5.905695e-02;4.005583e-02;2.046591e-01;4.633021e-02;7.376447e-02;1.084306e-01;2.670359e-01;2.833227e-02;3.818846e-02;5.696478e-02;4.213956e-02;3.504195e-02
5.760161e-02;4.938976e-02;1.202433e-01;4.811469e-02;9.016944e-02;1.268914e-01;3.225550e-01;3.236675e-02;4.939982e-02;4.106032e-02;3.233742e-02;2.987054e-02
3.248266e-02;4.345867e-02;1.518509e-01;5.551273e-02;8.168203e-02;8.016098e-02;3.666008e-01;2.283778e-02;6.920724e-02;4.090101e-02;2.973028e-02;2.557489e-02
3.494901e-02;3.915621e-02;1.654378e-01;3.880645e-02;7.872061e-02;7.282081e-02;2.735264e-01;4.990590e-02;9.077219e-02;7.708246e-02;4.350527e-02;3.531689e-02
4.080337e-02;4.778451e-02;9.968591e-02;4.326956e-02;1.031660e-01;8.171093e-02;1.265698e-01;9.531990e-02;1.220660e-01;1.243569e-01;7.402413e-02;4.124294e-02
3.030874e-02;4.366770e-02;6.890658e-02;5.891526e-02;1.014556e-01;7.397152e-02;1.316712e-01;9.919017e-02;1.451948e-01;1.030514e-01;9.330534e-02;5.036175e-02
4.002592e-02;4.611576e-02;1.148010e-01;6.586601e-02;7.602195e-02;8.966416e-02;9.991103e-02;7.645863e-02;1.374596e-01;9.059676e-02;8.244264e-02;8.063659e-02
4.113521e-02;4.262860e-02;1.200421e-01;5.498474e-02;6.986687e-02;8.636668e-02;1.084271e-01;7.034572e-02;1.193840e-01;1.382176e-01;7.982046e-02;6.878080e-02
2.558464e-02;3.894693e-02;1.216908e-01;5.393514e-02;8.143987e-02;8.678760e-02;1.435942e-01;6.051759e-02;1.072827e-01;1.780634e-01;5.666258e-02;4.549461e-02
4.473154e-02;4.038437e-02;1.356936e-01;5.653332e-02;7.586486e-02;6.545148e-02;1.842000e-01;7.235016e-02;6.673317e-02;1.638225e-01;5.433131e-02;3.990378e-02
5.171154e-02;4.438467e-02;1.252173e-01;4.639876e-02;6.876600e-02;6.196155e-02;1.192920e-01;8.520128e-02;1.437019e-01;1.283671e-01;6.467034e-02;6.032748e-02
4.596726e-02;3.897484e-02;7.453571e-02;4.893573e-02;9.987624e-02;9.506764e-02;1.712150e-01;7.691503e-02;8.875513e-02;1.342392e-01;7.827689e-02;4.724139e-02
3.489303e-02;5.554540e-02;1.233801e-01;4.719633e-02;8.805925e-02;9.663358e-02;1.942876e-01;6.370024e-02;5.224102e-02;1.281536e-01;9.117251e-02;2.473730e-02
5.253772e-02;7.588495e-02;1.129656e-01;4.202853e-02;4.686809e-02;7.081625e-02;1.380950e-01;7.952503e-02;1.119234e-01;1.122687e-01;1.018723e-01;5.521443e-02
