7.676270e-02;9.011237e-02;1.094888e-01;6.856649e-02;7.624874e-02;7.762847e-02;9.663413e-02;1.077221e-01;1.037970e-01;7.136696e-02;7.885402e-02;4.281814e-02
5.945451e-02;7.390435e-02;1.005310e-01;8.771621e-02;5.918233e-02;7.296183e-02;9.778233e-02;8.155676e-02;6.951277e-02;1.111494e-01;8.509178e-02;1.011567e-01
6.702659e-02;5.097727e-02;1.427615e-01;3.636567e-02;4.650054e-02;4.767907e-02;1.047245e-01;1.060697e-01;9.245743e-02;1.295430e-01;6.408313e-02;1.118116e-01
9.865712e-02;6.653009e-02;1.390001e-01;5.369212e-02;4.301423e-02;4.052278e-02;8.022349e-02;1.153228e-01;7.887051e-02;1.352547e-01;6.420220e-02;8.470993e-02
9.274495e-02;7.648773e-02;1.151800e-01;5.308552e-02;4.683130e-02;5.033690e-02;8.870021e-02;9.162726e-02;9.511962e-02;1.183875e-01;7.732966e-02;9.416942e-02
8.456919e-02;1.034005e-01;8.626118e-02;4.577601e-02;5.128989e-02;4.747257e-02;7.359039e-02;9.031319e-02;1.031504e-01;1.260448e-01;1.039339e-01;8.419803e-02
8.702142e-02;1.190233e-01;5.861032e-02;4.150241e-02;5.928074e-02;3.367161e-02;1.135314e-01;6.954315e-02;1.056906e-01;1.233182e-01;1.272147e-01;6.159220e-02
9.989242e-02;9.300426e-02;7.729759e-02;4.987750e-02;4.844797e-02;3.782306e-02;1.378847e-01;5.034208e-02;8.769835e-02;1.184269e-01;1.263860e-01;7.291916e-02
1.185901e-01;8.625693e-02;9.581520e-02;6.139784e-02;3.185586e-02;5.475700e-02;1.354507e-01;4.712588e-02;7.569236e-02;1.517839e-01;8.686841e-02;5.440589e-02
8.837955e-02;8.155577e-02;1.078254e-01;8.540050e-02;3.042844e-02;6.562093e-02;6.365013e-02;8.017028e-02;1.494431e-01;1.261243e-01;8.294901e-02;3.845265e-02
6.620546e-02;6.014548e-02;1.547303e-01;9.161691e-02;3.210546e-02;7.039309e-02;1.055200e-01;7.910507e-02;1.629861e-01;5.074335e-02;8.026271e-02;4.618612e-02
8.023253e-02;5.898705e-02;2.243057e-01;8.776673e-02;4.147298e-02;7.131342e-02;1.420645e-01;4.807124e-02;7.120888e-02;8.022816e-02;6.815135e-02;2.619746e-02
6.140444e-02;5.321184e-02;2.399810e-01;8.022962e-02;3.938140e-02;6.234754e-02;1.418715e-01;7.124276e-02;8.910111e-02;7.090981e-02;5.173110e-02;3.858794e-02
8.050580e-02;4.684597e-02;2.096254e-01;7.637328e-02;9.297256e-02;7.448729e-02;1.273756e-01;8.279634e-02;6.473846e-02;4.155787e-02;6.084183e-02;4.187964e-02
8.571500e-02;4.838430e-02;2.226280e-01;8.666910e-02;1.160144e-01;6.525272e-02;7.712787e-02;4.129159e-02;7.770853e-02;7.657749e-02;5.811131e-02;4.451970e-02
4.947802e-02;3.287886e-02;3.631732e-01;9.283787e-02;9.240970e-02;4.504536e-02;4.243844e-02;6.170263e-02;7.470838e-02;6.871049e-02;4.913011e-02;2.748697e-02
3.080388e-02;3.211099e-02;4.443804e-01;7.804973e-02;8.299223e-02;3.467977e-02;6.156934e-02;5.629597e-02;2.439496e-02;5.494754e-02;6.469599e-02;3.507918e-02
2.392629e-02;3.589385e-02;4.680861e-01;6.639566e-02;7.221743e-02;3.091474e-02;8.470875e-02;2.862593e-02;4.907132e-02;4.459108e-02;7.218413e-02;2.338472e-02
1.940390e-02;3.293269e-02;4.564875e-01;6.342689e-02;4.795133e-02;2.578836e-02;9.194153e-02;2.428417e-02;5.778063e-02;7.174572e-02;7.770735e-02;3.054995e-02
5.926422e-02;7.167187e-02;2.589905e-01;5.892191e-02;3.513857e-02;2.986413e-02;6.033054e-02;5.143508e-02;1.123662e-01;9.793330e-02;9.982646e-02;6.425720e-02
8.530169e-02;7.265452e-02;1.411313e-01;5.208373e-02;3.599379e-02;3.074751e-02;8.107068e-02;5.608702e-02;1.263278e-01;1.088629e-01;1.072236e-01;1.025156e-01
1.446894e-01;7.408830e-02;1.150364e-01;4.807774e-02;3.531039e-02;4.300834e-02;8.083154e-02;3.961173e-02;1.209394e-01;9.910144e-02;5.958436e-02;1.397209e-01
2.248693e-01;9.471755e-02;1.218789e-01;3.676947e-02;4.700245e-02;4.662707e-02;1.001326e-01;1.486915e-02;8.382337e-02;5.493706e-02;4.112886e-02;1.332441e-01
2.524323e-01;8.820625e-02;1.155235e-01;2.665482e-02;7.823835e-02;3.601371e-02;9.418169e-02;2.564994e-02;6.439791e-02;3.677886e-02;6.664386e-02;1.152788e-01
1.973493e-01;5.325606e-02;1.139451e-01;4.817373e-02;1.356937e-01;3.070599e-02;3.682785e-02;3.813841e-02;7.572465e-02;2.191906e-02;5.710531e-02;1.911607e-01
1.273334e-01;2.055223e-02;1.723053e-01;4.500730e-02;1.766337e-01;4.691980e-02;3.742719e-02;3.431788e-02;1.052659e-01;6.351617e-03;2.270918e-02;2.051765e-01
8.803561e-02;1.253528e-02;2.180375e-01;3.972675e-02;1.830642e-01;6.349394e-02;3.962109e-02;3.781472e-02;1.184514e-01;1.289146e-02;2.076980e-02;1.655584e-01
9.033573e-02;1.957057e-02;2.121894e-01;4.373148e-02;1.620111e-01;1.200691e-01;4.116457e-02;3.137305e-02;1.207052e-01;2.221199e-02;1.769808e-02;1.189397e-01
1.338798e-01;2.379687e-02;1.750911e-01;3.340761e-02;1.153735e-01;2.029254e-01;5.044128e-02;3.057598e-02;1.163856e-01;2.300918e-02;1.791040e-02;7.720328e-02
1.474087e-01;2.034932e-02;1.296507e-01;2.341555e-02;1.153815e-01;2.166709e-01;5.089649e-02;6.444043e-02;1.149096e-01;3.671129e-02;2.423695e-02;5.592848e-02
1.549490e-01;2.948639e-02;1.074094e-01;1.702242e-02;9.885211e-02;1.689226e-01;7.329549e-02;1.003690e-01;1.109697e-01;5.305774e-02;3.210282e-02;5.356342e-02
1.711819e-01;3.504927e-02;8.399093e-02;1.386395e-02;1.111613e-01;1.358408e-01;8.115308e-02;1.053308e-01;1.096144e-01;7.209524e-02;3.553842e-02;4.517985e-02
1.656099e-01;5.229324e-02;8.056344e-02;3.956829e-02;1.261566e-01;1.149250e-01;7.454418e-02;7.948229e-02;9.483804e-02;7.950101e-02;4.140087e-02;5.111717e-02
1.658256e-01;5.909182e-02;9.557784e-02;5.452392e-02;1.356087e-01;8.658816e-02;7.298208e-02;4.129871e-02;1.045842e-01;6.224090e-02;5.990273e-02;6.177536e-02
1.864820e-01;7.168421e-02;6.830978e-02;4.610597e-02;8.137698e-02;1.161847e-01;1.233012e-01;4.962539e-02;6.279232e-02;1.037114e-01;4.241707e-02;4.800906e-02
1.700864e-01;6.691793e-02;3.476317e-02;5.796088e-02;6.040115e-02;1.172018e-01;1.618217e-01;5.378442e-02;3.630940e-02;1.778456e-01;2.908838e-02;3.381926e-02
1.513905e-01;5.698089e-02;2.819956e-02;7.063685e-02;5.480427e-02;1.076814e-01;1.718138e-01;5.170438e-02;3.981771e-02;2.116070e-01;2.145864e-02;3.390514e-02
1.576525e-01;4.934124e-02;2.531628e-02;7.130452e-02;5.474195e-02;1.344405e-01;1.476581e-01;8.076075e-02;3.927429e-02;1.907296e-01;1.926252e-02;2.951767e-02
1.782763e-01;3.965828e-02;2.265619e-02;6.538944e-02;6.879022e-02;1.624425e-01;1.345805e-01;9.609720e-02;3.298524e-02;1.480084e-01;1.667965e-02;3.443609e-02
1.923153e-01;3.891464e-02;5.751729e-02;4.004612e-02;1.043704e-01;1.623174e-01;1.406034e-01;8.163653e-02;3.395246e-02;8.333470e-02;1.392713e-02;5.106465e-02
1.886202e-01;4.322770e-02;1.222248e-01;4.974512e-02;1.129648e-01;1.204544e-01;1.010593e-01;6.105353e-02;4.815149e-02;6.624410e-02;2.837607e-02;5.787846e-02
1.747224e-01;5.498382e-02;1.431994e-01;7.700593e-02;8.404531e-02;6.884157e-02;7.787024e-02;4.446876e-02;4.783175e-02;1.389575e-01;4.933722e-02;3.873610e-02
1.458826e-01;7.092234e-02;1.262031e-01;6.959462e-02;6.024381e-02;4.981920e-02;1.418418e-01;4.052423e-02;6.171137e-02;1.471237e-01;4.525479e-02;4.087837e-02
7.258124e-02;6.503080e-02;1.531579e-01;6.307772e-02;7.682244e-02;7.925153e-02;1.939532e-01;4.311217e-02;5.656375e-02;1.164854e-01;3.482085e-02;4.514300e-02
1.103751e-01;5.724626e-02;1.204210e-01;5.596686e-02;1.013243e-01;9.673207e-02;1.819225e-01;4.705920e-02;3.814204e-02;1.189311e-01;3.693561e-02;3.494392e-02
1.143072e-01;6.108499e-02;1.236394e-01;6.674905e-02;1.169921e-01;9.147456e-02;1.180577e-01;7.318343e-02;4.984843e-02;9.313960e-02;4.426060e-02;4.726304e-02
9.082210e-02;5.215618e-02;1.540978e-01;8.239848e-02;1.066910e-01;6.262939e-02;8.678996e-02;8.917993e-02;6.840834e-02;5.515790e-02;7.471363e-02;7.695524e-02
7.124071e-02;5.519792e-02;2.052710e-01;7.854619e-02;8.092587e-02;4.753802e-02;9.672032e-02;7.905715e-02;7.371733e-02;3.466054e-02;1.061921e-01;7.093294e-02
7.016361e-02;5.372023e-02;2.698900e-01;7.853487e-02;7.510932e-02;4.853690e-02;1.180175e-01;6.131758e-02;4.882808e-02;3.243557e-02;9.776802e-02;4.567828e-02
5.951482e-02;4.279906e-02;3.256354e-01;7.477079e-02;7.885170e-02;5.077197e-02;1.490967e-01;4.720971e-02;2.148645e-02;4.475015e-02;7.891741e-02;2.619586e-02
5.182460e-02;3.279458e-02;2.970112e-01;5.870054e-02;7.259404e-02;3.665091e-02;1.581979e-01;6.579163e-02;6.465287e-02;5.696398e-02;6.999499e-02;3.482272e-02
3.997599e-02;4.489101e-02;3.279005e-01;5.635919e-02;7.718911e-02;4.847646e-02;1.044521e-01;5.867424e-02;6.750825e-02;5.300460e-02;8.510706e-02;3.646151e-02
5.843414e-02;4.757036e-02;3.243549e-01;7.868472e-02;7.158349e-02;4.599396e-02;5.960061e-02;7.093842e-02;5.103323e-02;6.149824e-02;9.868895e-02;3.161890e-02
8.631870e-02;3.968810e-02;3.080948e-01;9.363479e-02;5.756042e-02;5.363864e-02;6.183783e-02;8.551656e-02;2.589426e-02;5.317507e-02;9.258924e-02;4.205158e-02
8.534914e-02;4.705258e-02;2.385430e-01;8.134802e-02;6.421943e-02;4.906693e-02;8.795785e-02;6.291565e-02;3.120862e-02;7.915714e-02;1.266583e-01;4.652334e-02
8.165788e-02;6.842420e-02;1.313555e-01;5.763778e-02;6.250663e-02;7.153518e-02;9.987371e-02;6.947241e-02;1.088983e-01;9.899662e-02;1.022202e-01;4.742156e-02
9.127220e-02;6.934953e-02;1.106306e-01;5.199088e-02;7.327036e-02;6.628715e-02;1.141126e-01;6.705552e-02;1.141932e-01;1.021867e-01;7.707763e-02;6.257361e-02
8.790024e-02;6.223777e-02;1.127525e-01;5.102494e-02;7.819208e-02;6.192843e-02;1.310190e-01;5.433502e-02;1.028137e-01;1.025632e-01;7.109826e-02;8.413493e-02
1.211857e-01;5.963403e-02;1.237512e-01;4.091302e-02;8.035431e-02;5.971581e-02;1.623644e-01;4.520051e-02;7.620462e-02;7.754894e-02;6.076432e-02;9.236319e-02
1.966969e-01;5.985221e-02;1.278393e-01;3.401134e-02;8.228851e-02;4.971318e-02;1.407698e-01;3.252532e-02;8.735121e-02;5.773550e-02;4.969645e-02;8.152026e-02
2.434943e-01;4.141416e-02;1.134370e-01;2.510265e-02;9.548029e-02;4.647964e-02;1.262617e-01;2.499656e-02;9.520569e-02;3.848430e-02;3.735200e-02;1.122918e-01
2.415664e-01;2.953600e-02;1.521157e-01;3.218386e-02;1.185884e-01;4.795898e-02;8.837989e-02;2.313140e-02;8.390252e-02;2.285576e-02;1.905035e-02;1.407308e-01
2.065598e-01;2.022364e-02;1.901862e-01;5.897291e-02;1.451714e-01;6.229590e-02;6.390874e-02;2.493663e-02;6.190386e-02;1.846617e-02;1.872431e-02;1.286505e-01
1.914826e-01;2.684660e-02;8.686898e-02;5.243760e-02;1.765095e-01;9.945568e-02;1.144156e-01;3.495183e-02;6.308069e-02;1.919873e-02;1.582038e-02;1.189318e-01
1.523171e-01;2.748390e-02;8.942264e-02;5.209228e-02;1.639050e-01;8.504607e-02;1.153163e-01;5.232940e-02;8.417457e-02;3.179443e-02;3.955354e-02;1.065648e-01
1.073862e-01;2.886707e-02;1.882285e-01;6.970422e-02;1.114817e-01;5.255108e-02;1.266382e-01;4.273931e-02;8.425063e-02;4.990838e-02;6.506906e-02;7.317574e-02
7.330085e-02;3.064023e-02;2.556411e-01;7.547338e-02;7.189243e-02;5.566740e-02;1.020883e-01;5.600370e-02;7.149375e-02;5.401310e-02;9.725626e-02;5.652951e-02
6.578278e-02;4.570331e-02;1.979048e-01;9.525751e-02;8.342574e-02;5.844835e-02;8.748022e-02;7.841036e-02;5.649492e-02;5.125994e-02;1.222485e-01;5.758362e-02
6.907114e-02;6.216895e-02;1.639301e-01;1.116608e-01;9.439774e-02;4.796407e-02;6.122354e-02;8.774503e-02;6.712462e-02;8.012235e-02;1.033725e-01;5.121921e-02
8.582027e-02;6.095831e-02;1.334724e-01;1.200709e-01;1.227728e-01;4.113763e-02;5.499334e-02;7.307313e-02;6.240459e-02;9.926250e-02;7.828452e-02;6.774963e-02
7.774986e-02;5.704801e-02;1.839430e-01;1.309767e-01;1.097522e-01;4.830457e-02;4.829878e-02;5.872985e-02;4.280783e-02;7.441421e-02;1.041001e-01;6.387493e-02
4.726363e-02;6.474923e-02;2.473712e-01;1.332269e-01;1.040683e-01;4.922973e-02;5.336959e-02;3.639589e-02;4.256184e-02;5.144573e-02;1.061486e-01;6.416937e-02
6.177437e-02;6.207155e-02;1.767297e-01;1.055238e-01;8.857426e-02;4.295018e-02;6.657188e-02;3.829165e-02;8.269537e-02;7.159339e-02;9.246159e-02;1.107623e-01
5.824955e-02;6.282090e-02;1.188411e-01;7.432809e-02;5.227764e-02;3.873504e-02;7.186618e-02;2.882501e-02;1.019983e-01;1.149601e-01;1.804054e-01;9.669269e-02
5.357770e-02;6.119827e-02;1.475941e-01;9.905457e-02;5.498230e-02;3.120699e-02;7.412932e-02;3.064043e-02;7.611227e-02;1.103500e-01;1.901023e-01;7.105178e-02
6.507801e-02;7.461020e-02;1.496390e-01;1.454987e-01;9.450383e-02;2.967412e-02;8.206373e-02;5.774941e-02;6.408285e-02;5.760724e-02;1.100523e-01;6.944063e-02
1.256993e-01;4.871371e-02;8.968633e-02;1.094172e-01;9.153007e-02;4.387517e-02;8.490611e-02;7.253073e-02;9.086896e-02;9.501173e-02;6.225091e-02;8.550977e-02
1.457730e-01;7.208760e-02;1.080002e-01;4.315166e-02;4.374722e-02;6.441353e-02;9.092485e-02;5.118506e-02;7.118040e-02;9.612867e-02;8.456192e-02;1.288459e-01
1.243734e-01;7.969845e-02;1.271552e-01;5.083500e-02;3.994916e-02;6.555484e-02;8.445325e-02;4.562358e-02;7.793279e-02;7.241080e-02;8.521554e-02;1.467980e-01
1.084648e-01;8.878138e-02;1.344797e-01;6.293911e-02;4.440635e-02;5.793853e-02;8.006896e-02;4.383821e-02;8.820432e-02;5.069734e-02;7.840576e-02;1.617755e-01
9.045058e-02;8.585865e-02;1.183289e-01;6.603835e-02;6.183487e-02;4.552459e-02;8.975402e-02;5.801767e-02;9.762081e-02;5.840374e-02;7.325812e-02;1.549097e-01
1.023970e-01;6.925003e-02;1.144104e-01;5.880710e-02;9.678636e-02;6.843169e-02;1.113535e-01;4.238274e-02;1.257155e-01;7.916865e-02;3.685388e-02;9.444313e-02
1.110069e-01;6.023199e-02;1.057553e-01;5.746790e-02;1.168643e-01;7.557103e-02;8.065352e-02;2.191287e-02;1.657068e-01;5.987969e-02;3.758612e-02;1.073636e-01
7.585362e-02;3.965893e-02;8.917653e-02;4.257827e-02;1.374061e-01;6.724443e-02;5.941420e-02;2.382339e-02;2.123099e-01;4.243872e-02;3.162825e-02;1.784677e-01
5.116432e-02;3.219869e-02;7.197241e-02;3.799912e-02;1.396190e-01;4.628906e-02;6.531919e-02;4.482673e-02;1.860834e-01;5.261168e-02;6.061589e-02;2.113005e-01
5.764519e-02;2.857184e-02;9.610118e-02;4.794867e-02;1.266002e-01;2.894932e-02;9.794649e-02;7.760645e-02;1.164781e-01;9.761163e-02;4.468205e-02;1.798589e-01
6.808440e-02;2.057190e-02;1.679795e-01;6.306158e-02;1.018690e-01;2.996838e-02;1.127564e-01;8.648729e-02;8.772774e-02;1.149953e-01;3.399211e-02;1.125063e-01
6.552647e-02;1.144775e-02;2.043873e-01;6.578653e-02;1.411580e-01;7.469618e-02;1.299684e-01;3.942741e-02;8.017434e-02;6.929294e-02;3.268860e-02;8.544604e-02
6.543352e-02;2.416462e-02;1.741868e-01;4.775742e-02;1.973748e-01;1.058902e-01;1.267677e-01;2.991893e-02;9.845302e-02;3.111653e-02;1.674535e-02;8.219115e-02
7.398521e-02;2.938981e-02;1.976271e-01;4.713822e-02;2.244828e-01;1.039824e-01;7.184903e-02;2.958957e-02;7.112790e-02;4.790515e-02;2.967638e-02;7.324648e-02
7.335258e-02;4.175790e-02;2.046026e-01;6.233864e-02;2.058688e-01;8.129285e-02;6.656760e-02;3.878959e-02;4.304366e-02;5.692224e-02;4.427321e-02;8.119039e-02
4.482979e-02;3.765710e-02;2.424533e-01;9.648108e-02;1.732844e-01;6.439248e-02;7.319345e-02;6.231227e-02;5.870055e-02;4.190275e-02;5.158322e-02;5.320971e-02
1.758128e-02;2.403346e-02;3.190347e-01;1.268471e-01;1.582929e-01;6.946642e-02;5.106663e-02;5.706146e-02;5.331700e-02;2.637769e-02;6.377645e-02;3.314489e-02
1.840631e-02;1.398512e-02;3.657502e-01;1.188641e-01;1.298803e-01;7.535950e-02;5.436772e-02;4.324897e-02;4.266848e-02;3.622554e-02;7.158149e-02;2.966235e-02
2.004642e-02;1.406272e-02;4.356094e-01;9.239736e-02;1.092426e-01;6.747177e-02;5.287150e-02;3.580391e-02;4.361255e-02;4.766187e-02;5.718736e-02;2.403257e-02
3.375880e-02;1.132096e-02;4.866496e-01;8.407652e-02;8.394835e-02;4.339187e-02;5.589914e-02;3.755515e-02;5.346045e-02;5.361953e-02;4.104789e-02;1.527176e-02
3.501776e-02;2.606909e-02;4.572311e-01;8.497955e-02;8.400124e-02;5.724407e-02;6.759255e-02;3.861870e-02;4.432227e-02;6.463394e-02;2.736412e-02;1.292559e-02
3.367211e-02;5.897549e-02;3.782863e-01;8.511297e-02;8.836246e-02;7.143459e-02;6.371162e-02;3.991387e-02;5.729385e-02;7.703442e-02;3.592303e-02;1.027923e-02
6.928230e-02;9.204619e-02;2.388467e-01;1.029473e-01;7.194224e-02;5.602835e-02;9.634386e-02;4.436135e-02;7.722512e-02;6.989073e-02;5.993785e-02;2.114802e-02
1.034883e-01;7.304409e-02;1.833562e-01;1.021951e-01;7.622690e-02;3.717635e-02;1.676946e-01;5.116400e-02;7.820983e-02;3.572183e-02;5.790692e-02;3.381583e-02
9.563815e-02;3.396351e-02;1.629873e-01;7.165612e-02;1.007781e-01;5.248415e-02;2.186392e-01;6.025923e-02;6.254469e-02;4.903008e-02;4.812084e-02;4.389860e-02
8.091032e-02;4.667867e-02;1.747332e-01;9.363208e-02;1.113076e-01;7.326147e-02;1.651115e-01;6.078013e-02;3.384306e-02;7.171572e-02;5.071982e-02;3.730646e-02
7.915647e-02;6.366456e-02;1.058427e-01;9.337714e-02;1.074313e-01;1.159635e-01;1.080918e-01;5.116590e-02;6.569185e-02;1.194407e-01;5.920038e-02;3.097366e-02
5.282940e-02;5.908333e-02;1.197528e-01;7.538591e-02;8.693126e-02;1.231235e-01;1.381103e-01;5.479036e-02;7.008032e-02;1.252427e-01;4.267261e-02;5.199748e-02
4.143239e-02;3.918082e-02;1.726051e-01;1.244653e-01;5.786677e-02;7.400832e-02;1.576824e-01;4.637941e-02;7.454817e-02;8.821817e-02;6.726451e-02;5.634869e-02
4.698054e-02;5.847525e-02;1.439634e-01;1.248875e-01;6.905310e-02;6.352386e-02;1.330019e-01;5.475732e-02;1.020790e-01;6.221437e-02;8.905646e-02;5.200735e-02
3.999513e-02;6.091552e-02;1.515974e-01;1.516658e-01;8.007601e-02;7.137259e-02;1.380971e-01;4.642675e-02;8.170907e-02;6.666199e-02;7.064041e-02;4.084220e-02
3.938298e-02;4.717960e-02;2.279116e-01;1.974239e-01;7.655602e-02;8.204069e-02;7.194319e-02;5.111087e-02;7.354299e-02;6.137697e-02;3.561592e-02;3.591527e-02
3.101523e-02;4.236788e-02;2.966351e-01;1.009492e-01;1.046716e-01;7.143332e-02;1.060234e-01;5.195283e-02;6.850471e-02;6.011905e-02;3.368321e-02;3.264438e-02
2.235932e-02;2.491253e-02;3.650155e-01;7.897060e-02;1.032280e-01;1.168552e-01;7.414763e-02;4.444841e-02;6.461335e-02;5.685217e-02;2.658921e-02;2.200809e-02
2.110401e-02;1.825854e-02;4.210663e-01;6.652379e-02;1.033174e-01;1.108517e-01;5.751014e-02;4.195785e-02;4.783756e-02;7.078779e-02;2.764853e-02;1.313638e-02
1.477265e-02;1.667511e-02;4.383617e-01;6.965481e-02;1.000949e-01;6.468594e-02;9.562594e-02;4.766627e-02;3.431731e-02;6.992659e-02;3.785785e-02;1.036100e-02
8.070043e-03;1.123382e-02;4.006124e-01;7.993076e-02;1.134613e-01;7.927225e-02;1.373121e-01;3.955625e-02;2.257940e-02;4.782824e-02;4.803056e-02;1.211286e-02
8.525309e-03;1.327291e-02;3.678189e-01;8.978312e-02;1.215119e-01;9.034182e-02;1.270610e-01;4.846062e-02;2.053795e-02;4.085389e-02;5.726050e-02;1.457214e-02
5.856737e-03;1.255835e-02;3.505826e-01;9.363429e-02;1.158518e-01;9.060330e-02;1.296840e-01;5.305018e-02;1.615217e-02;5.273724e-02;6.430013e-02;1.498926e-02
1.474927e-02;1.963737e-02;3.201430e-01;9.233501e-02;1.138564e-01;8.180336e-02;1.109985e-01;7.162030e-02;2.828943e-02;5.419206e-02;6.633674e-02;2.603856e-02
4.844608e-02;2.169037e-02;2.444909e-01;7.803787e-02;1.413293e-01;8.076008e-02;1.015968e-01;6.095587e-02;4.798878e-02;6.863252e-02;5.328418e-02;5.278726e-02
1.057294e-01;2.488058e-02;1.399518e-01;5.699925e-02;1.586640e-01;1.291982e-01;1.289645e-01;5.271941e-02;5.151005e-02;5.420843e-02;2.898520e-02;6.818910e-02
1.794587e-01;4.710170e-02;6.806844e-02;3.605529e-02;1.373158e-01;1.385633e-01;1.674440e-01;4.218573e-02;4.827218e-02;5.190454e-02;2.290948e-02;6.072091e-02
2.265688e-01;6.961899e-02;8.055776e-02;3.673686e-02;1.122783e-01;1.007956e-01;2.018279e-01;3.253992e-02;3.548151e-02;3.957693e-02;1.876122e-02;4.525615e-02
2.404321e-01;6.406485e-02;1.601115e-01;4.775387e-02;8.394887e-02;5.286562e-02;1.963115e-01;2.753533e-02;3.307843e-02;3.119974e-02;1.584517e-02;4.685294e-02
2.875321e-01;5.272486e-02;1.862156e-01;5.063754e-02;5.619119e-02;2.614558e-02;1.810566e-01;2.190874e-02;2.885664e-02;2.115740e-02;2.014802e-02;6.742572e-02
3.043333e-01;8.536478e-02;9.239545e-02;3.376454e-02;8.122114e-02;3.979339e-02;1.636009e-01;2.995412e-02;3.203689e-02;3.436720e-02;2.241398e-02;8.075435e-02
1.577034e-01;8.261281e-02;8.766843e-02;3.932228e-02;7.514212e-02;5.757944e-02;2.370543e-01;4.747729e-02;2.743111e-02;5.527388e-02;3.745455e-02;9.528043e-02
1.123624e-01;4.175371e-02;1.205271e-01;3.263098e-02;6.782769e-02;7.680815e-02;3.170027e-01;3.816336e-02;4.638665e-02;4.587968e-02;2.974442e-02;7.091320e-02
1.445911e-01;2.541853e-02;1.063344e-01;2.890379e-02;7.364368e-02;8.932982e-02;3.343871e-01;2.600883e-02;6.609375e-02;3.674416e-02;2.482158e-02;4.372329e-02
1.590420e-01;3.713691e-02;8.013551e-02;1.975830e-02;6.860466e-02;7.905211e-02;3.313115e-01;3.031439e-02;7.283223e-02;4.249778e-02;3.714658e-02;4.216793e-02
1.526879e-01;3.250588e-02;7.993855e-02;1.842370e-02;7.634737e-02;6.833139e-02;3.204759e-01;4.046299e-02;7.568532e-02;4.236856e-02;4.192529e-02;5.084710e-02
1.395802e-01;1.346993e-01;1.064789e-01;6.697086e-02;7.925061e-02;8.906019e-02;1.010808e-01;5.429849e-02;5.075523e-02;5.013835e-02;5.880434e-02;6.888276e-02
1.353081e-01;1.447495e-01;9.151375e-02;5.683164e-02;7.602382e-02;1.005667e-01;9.680577e-02;5.759597e-02;5.444003e-02;6.495580e-02;5.886711e-02;6.234185e-02
1.471066e-01;1.358424e-01;9.135816e-02;5.187804e-02;7.436580e-02;1.051059e-01;1.078765e-01;5.008554e-02;5.238432e-02;6.791622e-02;5.645972e-02;5.962078e-02
1.327344e-01;1.097075e-01;1.547174e-01;7.223961e-02;7.925282e-02;9.304268e-02;1.347364e-01;3.936643e-02;3.547547e-02;5.690775e-02;3.577940e-02;5.604019e-02
1.421110e-01;7.295667e-02;1.575367e-01;5.575275e-02;8.835123e-02;7.721634e-02;1.857020e-01;3.519972e-02;4.429629e-02;6.272280e-02;2.753202e-02;5.062244e-02
1.340563e-01;5.060012e-02;1.892838e-01;5.125523e-02;1.087179e-01;8.203078e-02;1.272186e-01;3.412265e-02;4.375174e-02;7.402784e-02;4.756533e-02;5.736974e-02
1.009039e-01;2.279742e-02;2.841755e-01;6.265439e-02;1.153167e-01;7.686391e-02;7.016411e-02;3.643336e-02;4.088243e-02;7.617446e-02;6.452619e-02;4.910758e-02
7.492392e-02;3.038155e-02;3.451352e-01;5.926973e-02;1.070374e-01;7.104329e-02;9.243224e-02;4.360292e-02;3.118646e-02;7.190721e-02;5.311109e-02;1.996902e-02
7.380214e-02;2.383383e-02;2.825188e-01;5.809280e-02;1.210995e-01;7.657501e-02;1.245427e-01;5.710097e-02;3.666506e-02;8.583331e-02;3.529641e-02;2.463952e-02
6.584869e-02;4.038978e-02;1.175909e-01;7.987499e-02;1.518158e-01;8.026911e-02;1.598568e-01;5.940414e-02;5.352427e-02;1.045299e-01;4.482386e-02;4.207173e-02
4.562590e-02;5.557670e-02;1.358731e-01;8.178224e-02;1.473389e-01;1.187878e-01;1.640682e-01;4.959919e-02;3.734915e-02;9.091892e-02;3.818940e-02;3.489048e-02
3.699457e-02;6.034438e-02;1.265176e-01;9.114422e-02;1.927942e-01;1.632214e-01;1.454616e-01;3.154557e-02;3.641405e-02;6.958287e-02;2.268363e-02;2.329582e-02
3.113160e-02;4.860513e-02;1.042834e-01;9.523266e-02;2.439870e-01;1.883108e-01;1.237929e-01;4.031385e-02;3.681583e-02;5.078577e-02;2.127339e-02;1.546772e-02
4.355829e-02;4.055415e-02;1.620629e-01;1.113717e-01;1.863125e-01;1.619145e-01;1.017628e-01;4.782452e-02;4.481151e-02;5.765749e-02;2.051929e-02;2.165033e-02
3.119138e-02;4.777111e-02;2.882206e-01;1.172931e-01;1.106507e-01;9.363566e-02;9.325842e-02;4.357826e-02;5.127211e-02;7.336918e-02;1.875401e-02;3.100544e-02
3.382104e-02;5.555236e-02;2.445154e-01;1.033008e-01;8.985308e-02;9.244539e-02;1.189073e-01;4.342008e-02;4.100081e-02;1.145110e-01;3.031632e-02;3.235644e-02
3.723581e-02;4.197689e-02;2.290027e-01;1.624429e-01;6.449921e-02;1.039703e-01;1.120269e-01;3.177208e-02;4.412238e-02;1.176894e-01;2.485341e-02;3.040797e-02
3.621779e-02;6.445215e-02;3.221936e-01;1.401506e-01;5.725692e-02;8.548344e-02;8.460657e-02;3.126172e-02;3.970683e-02;8.626275e-02;1.705407e-02;3.535355e-02
1.358905e-02;9.854659e-02;3.607906e-01;1.290097e-01;7.779802e-02;6.177854e-02;7.229925e-02;3.157280e-02;2.757707e-02;7.500277e-02;2.109414e-02;3.094154e-02
5.891526e-02;7.389830e-02;3.241483e-01;8.793852e-02;8.426954e-02;5.003329e-02;1.061760e-01;3.209465e-02;3.570692e-02;7.942289e-02;3.793423e-02;2.946216e-02
1.360523e-01;7.584101e-02;2.066646e-01;5.817129e-02;9.236264e-02;4.362989e-02;1.449578e-01;2.802521e-02;5.167729e-02;7.298359e-02;4.153832e-02;4.809610e-02
1.847821e-01;7.943517e-02;1.761830e-01;6.282024e-02;9.649507e-02;5.032095e-02;1.300961e-01;1.918514e-02;4.734251e-02;5.032851e-02;3.401896e-02;6.899226e-02
1.869155e-01;5.964088e-02;1.369526e-01;9.563757e-02;1.288990e-01;4.964324e-02;8.191486e-02;4.110956e-02;4.282128e-02;3.703614e-02;5.335443e-02;8.607499e-02
1.194629e-01;4.685474e-02;1.649179e-01;1.352274e-01;1.210054e-01;4.966672e-02;4.060844e-02;6.306700e-02;3.661428e-02;4.816715e-02;1.031146e-01;7.129357e-02
5.308041e-02;4.736903e-02;2.016875e-01;1.366014e-01;1.010184e-01;6.386980e-02;4.810466e-02;7.550196e-02;3.508475e-02;5.003429e-02;1.385636e-01;4.908416e-02
3.618367e-02;3.988314e-02;2.273671e-01;1.397707e-01;1.028848e-01;7.131995e-02;4.974701e-02;6.662352e-02;2.869844e-02;4.849377e-02;1.411152e-01;4.791269e-02
1.438571e-02;2.334594e-02;2.503896e-01;1.225352e-01;1.147374e-01;1.249755e-01;5.966409e-02;5.551542e-02;2.186540e-02;5.318420e-02;1.233644e-01;3.603718e-02
1.996846e-02;2.384405e-02;2.921234e-01;9.614980e-02;1.078722e-01;1.357330e-01;5.345035e-02;5.013793e-02;2.442780e-02;6.537878e-02;1.023859e-01;2.852838e-02
3.518912e-02;2.334036e-02;3.665284e-01;7.615117e-02;7.997581e-02;9.112583e-02;6.368353e-02;4.958019e-02;2.984567e-02;7.626833e-02;7.366969e-02;3.464187e-02
3.156707e-02;2.248416e-02;4.205202e-01;7.457087e-02;7.206573e-02;9.265504e-02;5.130370e-02;4.894372e-02;4.078841e-02;7.044749e-02;4.561478e-02;2.903884e-02
3.223353e-02;1.880250e-02;4.370440e-01;8.383010e-02;7.939605e-02;6.435066e-02;5.101410e-02;4.870399e-02;5.290137e-02;5.848685e-02;4.877221e-02;2.446460e-02
4.870145e-02;4.081546e-02;3.774259e-01;9.004726e-02;8.516865e-02;4.449541e-02;5.241219e-02;6.352418e-02;4.958853e-02;5.616956e-02;6.312898e-02;2.852237e-02
7.929700e-02;6.969737e-02;2.859854e-01;8.161944e-02;8.270208e-02;5.191782e-02;7.379998e-02;5.439992e-02;4.610059e-02;6.104938e-02;7.533994e-02;3.809118e-02
1.001804e-01;8.647109e-02;2.056491e-01;8.212338e-02;8.182043e-02;6.374466e-02;7.752952e-02;3.842644e-02;5.257401e-02;7.775248e-02;9.701119e-02;3.671733e-02
9.843485e-02;5.169008e-02;3.458272e-01;9.651098e-02;7.028707e-02;4.176518e-02;6.127543e-02;3.123396e-02;4.530583e-02;6.477550e-02;7.710540e-02;1.578852e-02
7.699494e-02;4.083324e-02;4.142592e-01;1.058956e-01;5.798847e-02;2.732161e-02;4.169441e-02;4.940634e-02;3.242588e-02;5.472074e-02;6.347310e-02;3.498644e-02
4.422148e-02;4.272498e-02;3.653503e-01;1.091578e-01;4.579502e-02;2.077420e-02;6.775642e-02;5.349826e-02;3.876632e-02;7.821780e-02;9.016145e-02;4.357598e-02
9.333955e-02;7.690606e-02;1.896764e-01;7.805126e-02;4.674035e-02;3.963367e-02;1.013878e-01;4.911942e-02;6.861308e-02;8.862457e-02;9.883680e-02;6.907106e-02
1.415161e-01;1.054547e-01;1.287523e-01;5.790129e-02;5.858874e-02;4.422062e-02;1.163762e-01;4.280924e-02;1.056626e-01;6.117573e-02;5.785040e-02;7.969220e-02
9.447666e-02;9.918191e-02;1.193524e-01;5.961543e-02;5.267043e-02;4.837215e-02;1.674317e-01;4.288609e-02;8.650842e-02;7.668764e-02;8.357665e-02;6.924052e-02
7.924171e-02;7.601998e-02;1.111774e-01;6.473693e-02;5.152352e-02;7.452660e-02;2.026160e-01;5.662455e-02;3.932605e-02;1.041328e-01;8.918187e-02;5.089264e-02
1.195249e-01;7.311418e-02;7.574652e-02;6.103190e-02;5.229348e-02;9.878629e-02;1.934410e-01;6.188487e-02;3.885076e-02;1.350779e-01;5.141212e-02;3.883601e-02
1.376973e-01;6.392618e-02;3.747852e-02;4.270493e-02;6.919621e-02;1.133349e-01;1.538280e-01;6.471042e-02;5.897945e-02;1.380866e-01;8.322611e-02;3.683129e-02
1.215355e-01;4.171872e-02;6.799322e-02;3.455681e-02;9.674259e-02;1.011860e-01;9.629878e-02;4.322931e-02;1.108582e-01;8.987620e-02;1.397696e-01;5.623504e-02
9.223422e-02;3.516204e-02;9.738088e-02;5.489676e-02;1.309144e-01;7.331248e-02;7.012611e-02;3.600566e-02;1.549820e-01;4.345804e-02;1.109799e-01;1.005475e-01
7.608967e-02;2.826044e-02;1.398846e-01;7.824222e-02;1.273244e-01;4.855853e-02;1.000478e-01;6.318935e-02;1.187886e-01;4.247197e-02;7.445633e-02;1.026861e-01
7.308985e-02;1.804931e-02;1.885283e-01;8.613597e-02;1.062559e-01;4.700604e-02;1.717287e-01;6.698639e-02;4.762134e-02;5.328229e-02;8.013730e-02;6.117865e-02
8.058058e-02;3.409921e-02;1.913688e-01;7.001074e-02;1.121408e-01;4.206154e-02;1.678102e-01;4.711587e-02;5.844135e-02;7.575382e-02;6.310904e-02;5.750809e-02
6.080195e-02;3.377835e-02;1.553623e-01;8.076289e-02;1.243327e-01;6.255687e-02;1.224331e-01;6.647789e-02;6.520355e-02;9.096016e-02;6.443368e-02;7.289659e-02
4.782750e-02;3.528924e-02;1.591487e-01;1.039299e-01;1.421041e-01;6.196926e-02;1.066276e-01;6.831035e-02;9.097599e-02;6.276225e-02;4.406362e-02;7.699154e-02
3.541985e-02;2.041785e-02;1.908765e-01;1.132833e-01;1.729024e-01;5.394439e-02;9.889801e-02;4.557637e-02;1.072883e-01;3.583870e-02;3.736443e-02;8.818997e-02
2.665579e-02;1.602858e-02;2.051323e-01;1.001455e-01;1.917969e-01;5.618843e-02;1.222397e-01;2.184581e-02;1.101925e-01;2.067506e-02;3.705677e-02;9.204262e-02
3.553809e-02;1.307017e-02;1.689814e-01;7.630603e-02;2.072936e-01;6.761508e-02;1.281170e-01;2.122788e-02;1.180413e-01;1.706458e-02;3.189761e-02;1.148474e-01
3.831604e-02;2.255822e-02;1.707342e-01;5.913231e-02;2.245746e-01;7.504592e-02;9.751673e-02;2.098259e-02;1.103160e-01;2.110273e-02;2.223179e-02;1.374889e-01
6.243042e-02;3.768738e-02;1.651909e-01;4.866132e-02;2.188607e-01;8.635569e-02;1.153659e-01;2.909259e-02;5.916893e-02;2.756197e-02;2.203892e-02;1.275853e-01
1.002287e-01;5.396203e-02;9.529431e-02;3.054518e-02;1.464022e-01;8.120726e-02;1.586977e-01;5.730300e-02;9.218408e-02;5.954079e-02;3.844489e-02;8.618983e-02
8.181161e-02;4.458987e-02;1.141173e-01;3.781239e-02;1.694039e-01;7.822269e-02;1.118805e-01;4.254304e-02;1.091746e-01;5.925340e-02;3.061505e-02;1.205757e-01
4.688776e-02;4.996396e-02;1.250887e-01;4.547458e-02;1.912835e-01;9.220862e-02;9.985603e-02;5.105267e-02;9.472881e-02;4.716713e-02;3.731984e-02;1.189684e-01
2.892302e-02;6.176180e-02;1.089487e-01;5.457791e-02;1.617590e-01;8.388752e-02;1.402248e-01;1.109070e-01;6.306440e-02;4.208281e-02;5.923990e-02;8.462319e-02
3.706672e-02;5.295917e-02;1.496543e-01;6.818552e-02;7.794130e-02;4.532487e-02;1.543946e-01;1.262363e-01;9.548563e-02;4.563214e-02;7.445417e-02;7.266538e-02
6.035452e-02;5.485174e-02;1.856411e-01;6.964864e-02;1.141870e-01;3.999300e-02;1.067391e-01;6.995801e-02;1.186466e-01;5.976836e-02;5.774608e-02;6.246588e-02
6.514153e-02;5.046591e-02;1.165031e-01;6.791412e-02;1.816749e-01;6.309108e-02;1.097976e-01;6.714426e-02;1.293976e-01;5.788703e-02;5.054848e-02;4.043442e-02
5.916331e-02;5.193751e-02;1.367025e-01;5.652661e-02;1.295838e-01;6.626261e-02;1.404064e-01;5.659360e-02;1.137030e-01;3.235727e-02;6.159205e-02;9.517144e-02
5.223585e-02;4.065811e-02;1.226197e-01;6.546304e-02;1.203867e-01;6.403161e-02;1.277215e-01;8.810584e-02;6.390183e-02;5.448928e-02;7.435786e-02;1.260287e-01
5.559995e-02;4.662153e-02;1.244162e-01;6.757488e-02;1.199474e-01;5.549970e-02;6.639484e-02;1.048958e-01;1.686556e-01;4.401384e-02;5.151074e-02;9.486952e-02
1.114104e-01;5.269283e-02;7.302573e-02;5.361370e-02;6.581844e-02;5.536951e-02;7.092086e-02;7.517152e-02;1.283180e-01;8.600407e-02;1.432383e-01;8.441658e-02
1.305986e-01;5.764766e-02;4.799395e-02;4.522554e-02;8.449027e-02;3.843201e-02;6.005400e-02;7.133562e-02;1.144397e-01;8.348495e-02;1.775636e-01;8.873414e-02
1.316413e-01;4.818429e-02;3.517473e-02;4.322442e-02;8.786294e-02;4.052520e-02;5.716208e-02;6.348724e-02;1.024916e-01;9.051828e-02;1.736925e-01;1.260353e-01
1.269830e-01;3.617187e-02;3.953341e-02;3.827401e-02;8.969670e-02;5.169722e-02;6.350163e-02;5.474264e-02;1.054709e-01;9.248947e-02;1.493798e-01;1.520593e-01
9.821554e-02;4.867455e-02;9.038413e-02;5.240252e-02;7.713849e-02;5.627214e-02;8.235556e-02;4.182311e-02;1.361921e-01;7.293716e-02;9.800877e-02;1.455960e-01
9.006284e-02;5.914426e-02;1.301413e-01;5.681985e-02;6.161686e-02;6.173620e-02;9.687320e-02;5.025940e-02;1.114892e-01;8.846887e-02;8.849813e-02;1.048899e-01
5.505405e-02;5.819168e-02;1.347585e-01;6.325514e-02;4.883145e-02;7.117862e-02;8.304737e-02;6.277603e-02;1.315964e-01;1.032390e-01;1.047502e-01;8.332157e-02
4.751280e-02;7.033914e-02;1.131718e-01;8.692489e-02;5.149980e-02;7.157854e-02;7.048130e-02;6.048013e-02;1.650621e-01;8.902708e-02;1.030396e-01;7.088284e-02
6.126301e-02;7.421327e-02;1.088434e-01;1.045504e-01;6.734157e-02;6.678674e-02;9.497223e-02;6.298893e-02;1.188317e-01;7.752514e-02;1.090397e-01;5.364383e-02
3.962018e-02;7.795344e-02;1.751583e-01;9.753348e-02;6.025848e-02;6.535304e-02;1.648449e-01;4.020753e-02;4.569541e-02;7.409501e-02;8.955648e-02;6.972369e-02
7.818200e-02;7.142229e-02;2.361786e-01;5.497440e-02;5.719622e-02;3.595864e-02;1.411836e-01;5.645900e-02;7.052054e-02;9.881797e-02;5.001144e-02;4.909533e-02
5.239295e-02;6.369247e-02;3.332279e-01;5.071901e-02;5.505152e-02;4.398897e-02;7.402855e-02;5.425320e-02;7.774666e-02;8.269352e-02;5.697041e-02;5.523487e-02
2.674454e-02;4.150517e-02;4.596497e-01;5.347706e-02;6.563018e-02;3.594352e-02;4.365173e-02;3.756281e-02;5.568733e-02;7.593574e-02;6.471834e-02;3.949389e-02
1.902270e-02;3.945626e-02;5.300370e-01;5.083458e-02;6.386219e-02;3.416452e-02;4.496400e-02;3.524085e-02;2.684957e-02;7.016851e-02;5.610501e-02;2.929478e-02
1.570868e-02;3.475067e-02;5.449325e-01;4.434235e-02;5.398595e-02;3.753981e-02;4.349214e-02;4.075658e-02;4.769519e-02;5.979698e-02;5.208409e-02;2.491497e-02
2.632409e-02;6.477491e-02;4.996723e-01;4.373677e-02;4.070125e-02;5.054389e-02;3.372337e-02;4.473737e-02;7.647507e-02;4.499285e-02;4.495208e-02;2.936604e-02
2.802733e-02;8.655068e-02;4.738801e-01;5.370024e-02;4.924764e-02;7.375549e-02;2.520902e-02;2.908469e-02;8.024965e-02;3.150736e-02;3.627142e-02;3.251638e-02
3.736246e-02;9.638658e-02;4.562709e-01;6.523457e-02;4.934269e-02;7.300608e-02;4.038946e-02;2.182843e-02;6.707983e-02;2.763334e-02;3.968576e-02;2.577988e-02
6.463043e-02;1.027112e-01;4.196117e-01;7.025787e-02;4.749099e-02;6.166247e-02;5.913917e-02;1.868914e-02;5.050159e-02;4.398586e-02;3.752038e-02;2.379928e-02
7.036332e-02;1.165897e-01;3.488446e-01;6.920341e-02;5.073429e-02;6.174705e-02;7.296804e-02;2.449150e-02;6.184071e-02;6.433538e-02;3.374350e-02;2.513837e-02
5.986597e-02;1.310268e-01;3.451625e-01;6.742352e-02;4.541967e-02;7.272462e-02;4.356126e-02;2.850930e-02;8.346972e-02;7.802746e-02;2.244056e-02;2.236861e-02
4.412130e-02;1.137972e-01;3.163782e-01;5.075048e-02;3.667167e-02;7.446918e-02;8.298766e-02;3.379090e-02;1.079170e-01;9.855675e-02;2.775542e-02;1.280421e-02
2.873323e-02;8.152469e-02;2.496155e-01;4.824388e-02;5.449338e-02;1.049331e-01;1.065150e-01;4.238512e-02;1.185559e-01;1.044520e-01;4.059026e-02;1.995792e-02
4.150003e-02;7.681507e-02;1.898700e-01;6.592973e-02;7.187073e-02;1.262129e-01;1.009156e-01;3.662523e-02;1.621362e-01;7.524633e-02;2.386637e-02;2.901176e-02
4.882207e-02;6.523184e-02;1.695114e-01;7.883623e-02;7.800072e-02;1.066083e-01;9.663565e-02;6.424753e-02;1.649087e-01;2.947990e-02;6.116166e-02;3.655593e-02
7.451665e-02;5.556394e-02;1.456153e-01;8.961374e-02;7.412492e-02;6.795493e-02;9.854250e-02;9.210639e-02;1.212206e-01;5.742688e-02;8.727808e-02;3.603603e-02
6.721971e-02;7.012772e-02;1.075155e-01;9.648605e-02;5.396146e-02;3.968730e-02;1.290233e-01;8.735424e-02;9.522926e-02;1.060010e-01;7.219883e-02;7.519576e-02
7.956375e-02;6.865594e-02;9.361730e-02;7.683125e-02;5.605870e-02;3.694636e-02;1.384831e-01;6.632916e-02;9.264471e-02;1.114804e-01;5.620942e-02;1.231799e-01
7.861067e-02;4.668512e-02;1.017745e-01;5.440917e-02;5.866700e-02;6.323606e-02;1.176411e-01;4.626797e-02;1.345777e-01;5.976706e-02;1.145431e-01;1.238206e-01
1.072302e-01;6.253336e-02;1.120295e-01;5.314175e-02;3.044833e-02;7.094320e-02;8.545530e-02;2.248328e-02;1.353430e-01;3.726180e-02;1.761360e-01;1.069943e-01
1.461514e-01;6.745597e-02;9.761739e-02;4.161996e-02;4.457130e-02;7.016649e-02;6.968525e-02;2.410614e-02;9.120438e-02;4.532794e-02;1.988653e-01;1.032284e-01
1.266124e-01;6.347739e-02;8.893704e-02;5.145697e-02;6.357174e-02;6.503039e-02;6.492922e-02;3.331439e-02;1.101216e-01;4.459785e-02;1.826459e-01;1.053051e-01
7.644313e-02;3.828458e-02;9.520334e-02;6.747551e-02;6.674733e-02;5.032429e-02;1.275587e-01;2.299569e-02;1.337758e-01;3.395667e-02;1.481855e-01;1.390495e-01
5.052400e-02;6.077901e-02;8.144987e-02;1.058155e-01;4.489193e-02;3.871304e-02;1.697764e-01;1.657142e-02;7.258176e-02;5.512755e-02;1.215006e-01;1.822688e-01
7.848496e-02;6.864579e-02;7.267659e-02;1.145952e-01;2.543934e-02;2.961416e-02;1.524995e-01;4.282482e-02;4.667095e-02;1.009719e-01;8.039091e-02;1.871858e-01
1.181593e-01;6.415909e-02;7.329364e-02;9.403738e-02;3.563754e-02;2.471116e-02;1.114985e-01;8.464214e-02;5.516102e-02;1.216065e-01;6.505149e-02;1.520422e-01
1.479048e-01;5.572861e-02;9.297584e-02;7.250377e-02;5.521267e-02;2.340280e-02;8.690841e-02;1.070402e-01;5.814912e-02;9.859541e-02;1.310386e-01;7.053975e-02
1.184533e-01;7.638520e-02;9.150945e-02;5.392734e-02;4.767154e-02;3.194840e-02;5.951576e-02;9.902202e-02;9.613609e-02;8.171279e-02;2.006658e-01;4.305231e-02
5.574437e-02;8.731893e-02;1.055681e-01;4.574814e-02;3.677967e-02;5.171370e-02;4.487674e-02;9.003414e-02;1.692774e-01;6.635647e-02;1.735889e-01;7.299341e-02
7.317893e-02;7.681967e-02;1.019296e-01;5.682313e-02;6.124709e-02;6.628016e-02;5.250905e-02;7.667710e-02;1.961507e-01;4.031263e-02;9.132019e-02;1.067517e-01
8.602700e-02;5.245163e-02;1.142242e-01;6.034815e-02;5.854537e-02;6.094012e-02;7.609669e-02;6.108285e-02;1.388471e-01;7.178295e-02;9.294074e-02;1.267132e-01
1.127395e-01;3.762095e-02;1.092553e-01;7.585980e-02;3.704181e-02;4.495705e-02;7.416898e-02;7.067887e-02;1.029995e-01;9.739650e-02;1.447287e-01;9.255299e-02
1.176168e-01;6.772812e-02;1.061725e-01;7.127918e-02;3.523745e-02;1.906101e-02;8.063947e-02;7.044996e-02;1.807293e-01;7.240555e-02;1.246745e-01;5.400617e-02
9.634662e-02;4.595793e-02;1.279296e-01;5.242625e-02;3.485357e-02;3.117104e-02;9.225159e-02;7.878614e-02;1.608350e-01;5.092271e-02;1.694231e-01;5.909636e-02
6.607265e-02;2.170583e-02;1.132878e-01;4.864021e-02;5.110482e-02;3.821811e-02;8.705167e-02;9.687116e-02;1.209463e-01;4.288628e-02;2.255769e-01;8.763832e-02
5.511069e-02;4.856757e-02;7.065046e-02;5.472529e-02;6.260500e-02;3.910035e-02;8.491507e-02;8.813745e-02;1.169237e-01;4.924739e-02;2.340200e-01;9.599698e-02
5.084043e-02;6.996023e-02;6.664526e-02;6.411745e-02;7.905436e-02;5.533570e-02;8.435725e-02;8.018652e-02;1.740419e-01;3.976271e-02;1.755613e-01;6.013688e-02
1.022088e-01;8.295341e-02;1.056804e-01;8.053599e-02;9.740186e-02;7.482675e-02;8.123059e-02;6.941403e-02;1.237052e-01;5.494605e-02;6.805767e-02;5.903935e-02
1.441944e-01;9.151507e-02;1.246747e-01;7.841782e-02;9.535026e-02;7.141911e-02;8.365951e-02;7.259461e-02;8.633693e-02;4.497793e-02;5.716467e-02;4.969504e-02
1.673744e-01;1.040258e-01;1.238605e-01;7.373580e-02;8.469733e-02;6.990911e-02;8.661719e-02;7.586670e-02;7.450162e-02;3.756440e-02;5.599761e-02;4.584955e-02
1.702718e-01;1.247656e-01;1.252033e-01;7.453786e-02;6.974842e-02;6.909274e-02;8.523313e-02;7.384419e-02;5.683748e-02;4.233637e-02;5.104248e-02;5.708652e-02
8.649496e-02;1.158275e-01;2.147715e-01;8.907754e-02;3.273259e-02;4.794933e-02;6.840856e-02;4.946474e-02;3.875803e-02;4.832323e-02;7.811681e-02;1.300752e-01
7.915056e-02;1.035555e-01;1.998206e-01;8.706706e-02;3.640840e-02;5.717465e-02;5.308678e-02;5.439929e-02;6.606688e-02;9.667174e-02;6.107837e-02;1.055201e-01
