5.946496e-02;1.355032e-01;1.335781e-01;5.384066e-02;4.495453e-02;1.231378e-01;5.643848e-02;8.232134e-02;1.601820e-01;4.284570e-02;5.804619e-02;4.968702e-02
6.174881e-02;1.365891e-01;1.273374e-01;5.095245e-02;4.516346e-02;1.106458e-01;6.845935e-02;1.346969e-01;1.038826e-01;4.863006e-02;5.642718e-02;5.546677e-02
6.634753e-02;1.552428e-01;1.175905e-01;4.326677e-02;3.646553e-02;9.938952e-02;8.671830e-02;1.340559e-01;9.671851e-02;4.733671e-02;5.659908e-02;6.026889e-02
6.621024e-02;1.365040e-01;5.459762e-02;3.098510e-02;2.100299e-02;1.100718e-01;1.468591e-01;1.478056e-01;1.155358e-01;3.899352e-02;5.994846e-02;7.148576e-02
5.150330e-02;1.250847e-01;7.267073e-02;1.007722e-02;1.569371e-02;8.538152e-02;1.138473e-01;2.211110e-01;1.440278e-01;4.794093e-02;5.824262e-02;5.441923e-02
4.236023e-02;1.054900e-01;2.673803e-02;5.138217e-03;1.500814e-02;1.029634e-01;6.852073e-02;2.443686e-01;1.958063e-01;7.979629e-02;7.498166e-02;3.882853e-02
4.128278e-02;1.076845e-01;4.573452e-02;1.041695e-02;1.480972e-02;1.070313e-01;7.577144e-02;2.245655e-01;1.781914e-01;8.271685e-02;8.500424e-02;2.679082e-02
3.545535e-02;1.075508e-01;4.953774e-02;1.219814e-02;2.361892e-02;8.967162e-02;7.153457e-02;2.146313e-01;2.491232e-01;5.236754e-02;6.523686e-02;2.907397e-02
3.228324e-02;1.162207e-01;5.784375e-02;1.957536e-02;3.167256e-02;1.320463e-01;6.853535e-02;1.780868e-01;1.984935e-01;5.608312e-02;7.172688e-02;3.743242e-02
5.607719e-02;1.315426e-01;5.826563e-02;2.894121e-02;4.019671e-02;1.503647e-01;5.065309e-02;1.119045e-01;1.408143e-01;1.010330e-01;7.811058e-02;5.209645e-02
6.613076e-02;1.413623e-01;7.905117e-02;4.151478e-02;3.443445e-02;1.304679e-01;6.176143e-02;1.140706e-01;1.017116e-01;1.227337e-01;6.584476e-02;4.091659e-02
7.190935e-02;9.643857e-02;4.746158e-02;5.880547e-02;3.316730e-02;1.097550e-01;1.126012e-01;1.617044e-01;4.877223e-02;9.569927e-02;5.007214e-02;1.136135e-01
9.238772e-02;9.154402e-02;4.439064e-02;6.988411e-02;1.640456e-02;5.567704e-02;1.481870e-01;1.828172e-01;3.264107e-02;7.763571e-02;3.119848e-02;1.572324e-01
1.179232e-01;7.698037e-02;2.552203e-02;7.078388e-02;7.785565e-03;3.940694e-02;1.513678e-01;2.209242e-01;3.796262e-02;7.237943e-02;1.839706e-02;1.605669e-01
1.787952e-01;5.180931e-02;2.506196e-02;7.241735e-02;8.373036e-03;4.853204e-02;1.219470e-01;2.048007e-01;4.196292e-02;7.802620e-02;1.770193e-02;1.505724e-01
2.569544e-01;5.355496e-02;2.084379e-02;6.410494e-02;1.180023e-02;5.682001e-02;1.017765e-01;1.562162e-01;4.198799e-02;8.955760e-02;1.152971e-02;1.348536e-01
3.157970e-01;5.907248e-02;3.015326e-02;4.664627e-02;2.591354e-02;7.224321e-02;6.898063e-02;1.384804e-01;4.044235e-02;9.581177e-02;1.091073e-02;9.554841e-02
3.017620e-01;5.260659e-02;3.240957e-02;4.412735e-02;4.385724e-02;8.195823e-02;5.873054e-02;1.438054e-01;3.608862e-02;8.684123e-02;5.521860e-03;1.122914e-01
2.415776e-01;6.398088e-02;4.345835e-02;5.843196e-02;4.271692e-02;8.700456e-02;6.075787e-02;1.316366e-01;3.248876e-02;8.842307e-02;1.482325e-02;1.347001e-01
1.590545e-01;6.168277e-02;3.518966e-02;9.687810e-02;2.738901e-02;9.359272e-02;8.011241e-02;1.041132e-01;3.041062e-02;1.152326e-01;2.241549e-02;1.739290e-01
1.401913e-01;5.792209e-02;3.494184e-02;1.092111e-01;1.199118e-02;8.298633e-02;8.888033e-02;8.774256e-02;2.628758e-02;1.310316e-01;1.700435e-02;2.118098e-01
1.372165e-01;5.117358e-02;3.191877e-02;1.122035e-01;1.013749e-02;5.614575e-02;1.082440e-01;6.106783e-02;2.106943e-02;1.311586e-01;7.773313e-03;2.718912e-01
8.190966e-02;5.598094e-02;2.780404e-02;1.170900e-01;8.474604e-03;2.713959e-02;1.296983e-01;4.504132e-02;1.477137e-02;1.242835e-01;6.053734e-03;3.617530e-01
4.430387e-02;5.722311e-02;2.485073e-02;1.006906e-01;8.850778e-03;2.204474e-02;1.463873e-01;4.218834e-02;1.506266e-02;9.953316e-02;1.784650e-02;4.210182e-01
3.523019e-02;6.579158e-02;2.397047e-02;6.577147e-02;8.840890e-03;3.040531e-02;1.799016e-01;4.529576e-02;1.665019e-02;7.734522e-02;3.572473e-02;4.150726e-01
7.707296e-02;8.452069e-02;4.156186e-02;4.172676e-02;8.595959e-03;6.428970e-02;2.162277e-01;4.382784e-02;1.314245e-02;7.367135e-02;3.469212e-02;3.006707e-01
1.106756e-01;1.134892e-01;4.688343e-02;3.186076e-02;1.295446e-02;9.623376e-02;2.273411e-01;5.002683e-02;4.017555e-02;8.556008e-02;3.855128e-02;1.462479e-01
1.242929e-01;1.305592e-01;4.256430e-02;2.837949e-02;1.508446e-02;9.345496e-02;2.144544e-01;9.234745e-02;8.083285e-02;9.519630e-02;4.706179e-02;3.577197e-02
7.792818e-02;1.456730e-01;6.933018e-02;5.184383e-02;9.021983e-03;7.105166e-02;1.750504e-01;1.304763e-01;6.148519e-02;7.312960e-02;2.448558e-02;1.105240e-01
7.640207e-02;1.776067e-01;7.915680e-02;6.355248e-02;1.518847e-02;3.991448e-02;1.489736e-01;1.209233e-01;2.319390e-02;5.291067e-02;1.596418e-02;1.862133e-01
1.052260e-01;1.906949e-01;8.045605e-02;5.426299e-02;2.255732e-02;5.837689e-02;4.962412e-02;7.752590e-02;2.837267e-02;5.243591e-02;1.748100e-02;2.629862e-01
9.983612e-02;1.777977e-01;6.585855e-02;3.547785e-02;1.846861e-02;8.254458e-02;9.117530e-02;6.106697e-02;3.695328e-02;6.592058e-02;1.803712e-02;2.468634e-01
8.104574e-02;1.743210e-01;7.148228e-02;1.859904e-02;1.216544e-02;8.069304e-02;1.429914e-01;7.082741e-02;3.933665e-02;6.712500e-02;2.450441e-02;2.169086e-01
7.875539e-02;1.829324e-01;8.879339e-02;2.167177e-02;1.054984e-02;5.801549e-02;1.553519e-01;5.948241e-02;5.874818e-02;7.370710e-02;2.505832e-02;1.869339e-01
7.547170e-02;1.847977e-01;7.893823e-02;3.077131e-02;1.648204e-02;5.695537e-02;1.799681e-01;7.287170e-02;6.578321e-02;8.571967e-02;3.042500e-02;1.218160e-01
5.760688e-02;1.788916e-01;7.053404e-02;3.503844e-02;2.484539e-02;3.793301e-02;2.246444e-01;1.061989e-01;6.034227e-02;8.259540e-02;2.902996e-02;9.233977e-02
4.200017e-02;1.874439e-01;9.020136e-02;3.800727e-02;1.881621e-02;5.482568e-02;1.994619e-01;1.490547e-01;6.173870e-02;5.162827e-02;2.441567e-02;8.240622e-02
6.054435e-02;1.906435e-01;8.869839e-02;4.961211e-02;2.009246e-02;6.966608e-02;1.719414e-01;1.500553e-01;4.278628e-02;4.336012e-02;1.831215e-02;9.428781e-02
9.470099e-02;1.872302e-01;7.906377e-02;3.487670e-02;2.315657e-02;7.732527e-02;1.579156e-01;1.349514e-01;2.625986e-02;4.710989e-02;1.506852e-02;1.223413e-01
1.198300e-01;1.956199e-01;8.809535e-02;1.724482e-02;1.897034e-02;8.281000e-02;8.395378e-02;1.363887e-01;3.335619e-02;6.765841e-02;2.096272e-02;1.351097e-01
1.276079e-01;1.941180e-01;7.354759e-02;3.981205e-02;1.661028e-02;8.447755e-02;3.723924e-02;1.489176e-01;7.497341e-02;9.351476e-02;2.652452e-02;8.265699e-02
1.284490e-01;1.877443e-01;7.786119e-02;3.988376e-02;1.774581e-02;5.119443e-02;5.244865e-02;9.596537e-02;6.637395e-02;1.012743e-01;2.950759e-02;1.515517e-01
1.438684e-01;1.797908e-01;7.177465e-02;2.485342e-02;1.309439e-02;4.379885e-02;1.269329e-01;9.716555e-02;3.985748e-02;9.311195e-02;3.060153e-02;1.351501e-01
1.392178e-01;1.785432e-01;8.726451e-02;2.838350e-02;2.008455e-02;5.947608e-02;1.333710e-01;1.205420e-01;5.520522e-02;8.036897e-02;2.983782e-02;6.770541e-02
1.121877e-01;1.721190e-01;1.354523e-01;2.467251e-02;3.058108e-02;7.736928e-02;4.813592e-02;1.020881e-01;7.824320e-02;9.795652e-02;4.111509e-02;8.007937e-02
5.673722e-02;1.263456e-01;1.457917e-01;3.590351e-02;3.305276e-02;7.977074e-02;5.187462e-02;9.855694e-02;9.811296e-02;1.613405e-01;7.601339e-02;3.649990e-02
2.857912e-02;2.079410e-01;1.430624e-01;3.554338e-02;2.269557e-02;7.075506e-02;4.205367e-02;6.792182e-02;1.316348e-01;1.708654e-01;6.069667e-02;1.825113e-02
4.682007e-02;2.831266e-01;1.189742e-01;2.965425e-02;2.341175e-02;4.384973e-02;3.482440e-02;5.582173e-02;1.607129e-01;1.498441e-01;3.549375e-02;1.746645e-02
1.281358e-01;2.982788e-01;8.918930e-02;2.102319e-02;4.083062e-02;2.235918e-02;2.672769e-02;1.121886e-01;1.303239e-01;8.216579e-02;2.925007e-02;1.952712e-02
1.984333e-01;2.380861e-01;7.962129e-02;2.045793e-02;6.732406e-02;2.139509e-02;2.446611e-02;1.556015e-01;6.354676e-02;4.029620e-02;4.879530e-02;4.197632e-02
2.239163e-01;1.789422e-01;8.734684e-02;2.405040e-02;8.449539e-02;1.689000e-02;3.377145e-02;1.617892e-01;4.791954e-02;3.690720e-02;4.855376e-02;5.541769e-02
2.556766e-01;1.417494e-01;6.490463e-02;3.346656e-02;7.710966e-02;3.737111e-02;3.648374e-02;1.598478e-01;3.884585e-02;3.900287e-02;4.694597e-02;6.859577e-02
2.197829e-01;1.670813e-01;1.316666e-01;3.151524e-02;3.539700e-02;5.334260e-02;7.397386e-02;1.419538e-01;3.933979e-02;3.294151e-02;2.213999e-02;5.086547e-02
2.124836e-01;1.869223e-01;1.227914e-01;3.076299e-02;3.706747e-02;4.980940e-02;7.945929e-02;1.038194e-01;6.382025e-02;5.587417e-02;2.439198e-02;3.279770e-02
2.771431e-01;1.686980e-01;5.768161e-02;2.298462e-02;2.655420e-02;4.676175e-02;4.951892e-02;8.949317e-02;4.758905e-02;6.495369e-02;4.509593e-02;1.035260e-01
2.615123e-01;1.818019e-01;1.057197e-01;1.272885e-02;4.788950e-02;4.268943e-02;3.054196e-02;8.050928e-02;5.140582e-02;4.413028e-02;4.443357e-02;9.663726e-02
1.960086e-01;2.311298e-01;1.390854e-01;1.134730e-02;4.765338e-02;4.854259e-02;2.442154e-02;6.345838e-02;9.268038e-02;4.676232e-02;4.380362e-02;5.510662e-02
1.205726e-01;3.110182e-01;2.161862e-01;1.247551e-02;2.351757e-02;4.361557e-02;2.003469e-02;4.927959e-02;1.080387e-01;2.808165e-02;3.295872e-02;3.422101e-02
6.520849e-02;3.047310e-01;3.269129e-01;1.868791e-02;8.884398e-03;2.433600e-02;1.473582e-02;2.475859e-02;7.626110e-02;1.091054e-01;9.273424e-03;1.710495e-02
3.381709e-02;2.382469e-01;3.959796e-01;1.935255e-02;5.627646e-03;1.864385e-02;1.066951e-02;1.695335e-02;4.503736e-02;1.819474e-01;1.775748e-02;1.596717e-02
2.537755e-02;1.445706e-01;4.496174e-01;2.737152e-02;9.949053e-03;9.243842e-03;1.115654e-02;1.210942e-02;3.081186e-02;2.330099e-01;2.818204e-02;1.860030e-02
2.023582e-02;1.632317e-01;4.542040e-01;3.190531e-02;7.995711e-03;1.094039e-02;1.085741e-02;2.472783e-02;2.137937e-02;2.148587e-01;2.146298e-02;1.820078e-02
2.101039e-02;2.358745e-01;4.164325e-01;2.711781e-02;5.520931e-03;1.379518e-02;1.060072e-02;2.819495e-02;4.599107e-02;1.662164e-01;1.336351e-02;1.588199e-02
3.531890e-02;3.466937e-01;3.303073e-01;1.998847e-02;7.338345e-03;2.046186e-02;1.199421e-02;2.927049e-02;5.194904e-02;1.145940e-01;1.419665e-02;1.788697e-02
4.249616e-02;4.386373e-01;2.953599e-01;1.815668e-02;9.007186e-03;2.651207e-02;7.240809e-03;3.061621e-02;5.498698e-02;4.966879e-02;1.175656e-02;1.556146e-02
2.536150e-02;4.124830e-01;3.901457e-01;9.368139e-03;7.580961e-03;1.900853e-02;8.750537e-03;3.091254e-02;3.092066e-02;4.901333e-02;6.145339e-03;1.030972e-02
2.205753e-02;3.931289e-01;4.159980e-01;1.495893e-02;4.931037e-03;1.898923e-02;4.995022e-03;3.543421e-02;2.173015e-02;5.204660e-02;6.339699e-03;9.390732e-03
2.828604e-02;4.148654e-01;3.980523e-01;1.139234e-02;4.984261e-03;1.796419e-02;8.275965e-03;3.550787e-02;2.582142e-02;3.196429e-02;9.674037e-03;1.321184e-02
3.224245e-02;4.627716e-01;3.558775e-01;1.527482e-02;7.490766e-03;2.289028e-02;1.316180e-02;2.738772e-02;2.927377e-02;8.529414e-03;9.555848e-03;1.554403e-02
5.230173e-02;5.080899e-01;2.496282e-01;2.229834e-02;2.103256e-02;3.015336e-02;2.478501e-02;2.198222e-02;2.201219e-02;1.812838e-02;9.718809e-03;1.986934e-02
8.885060e-02;4.209060e-01;2.013436e-01;2.743303e-02;4.229591e-02;4.269221e-02;3.682114e-02;5.858672e-02;1.539198e-02;2.395117e-02;1.997641e-02;2.175120e-02
1.007627e-01;2.881405e-01;1.092312e-01;4.788706e-02;4.937395e-02;6.380457e-02;1.042465e-01;1.076041e-01;1.694653e-02;3.908661e-02;1.650087e-02;5.641538e-02
6.212892e-02;1.806141e-01;9.004975e-02;5.765200e-02;2.607148e-02;6.139539e-02;2.292300e-01;1.098424e-01;2.231274e-02;4.319230e-02;1.317680e-02;1.043342e-01
2.753890e-02;1.505296e-01;1.057137e-01;4.313686e-02;1.283153e-02;8.088394e-02;2.858559e-01;8.018831e-02;4.320596e-02;3.412798e-02;3.023613e-02;1.057512e-01
2.141464e-02;1.216086e-01;1.237911e-01;2.047200e-02;1.825469e-02;1.574506e-01;2.466007e-01;4.681828e-02;9.030343e-02;2.631890e-02;5.980608e-02;6.716096e-02
2.462596e-02;1.099441e-01;1.529989e-01;8.405482e-03;1.651166e-02;2.116119e-01;1.459591e-01;4.055551e-02;1.265543e-01;3.196222e-02;8.339108e-02;4.747988e-02
3.124695e-02;1.470212e-01;1.665678e-01;1.080982e-02;1.174062e-02;2.321339e-01;5.471774e-02;4.607516e-02;1.208668e-01;3.614866e-02;9.148957e-02;5.118165e-02
2.926988e-02;1.521029e-01;1.446297e-01;8.371757e-03;1.013689e-02;2.503949e-01;8.361043e-02;3.874296e-02;1.016415e-01;4.310481e-02;1.067014e-01;3.129289e-02
3.415871e-02;1.639056e-01;1.044710e-01;1.366138e-02;2.337269e-02;2.431771e-01;8.831337e-02;4.002940e-02;8.142164e-02;4.478682e-02;1.321038e-01;3.059850e-02
3.439786e-02;1.873976e-01;1.581662e-01;2.534716e-02;1.932589e-02;1.840907e-01;7.132149e-02;4.319818e-02;7.598674e-02;3.909139e-02;1.385316e-01;2.314517e-02
4.290590e-02;1.559643e-01;1.618209e-01;1.973561e-02;3.770127e-02;1.464259e-01;8.081607e-02;7.260562e-02;9.595189e-02;5.491375e-02;1.016722e-01;2.948657e-02
3.777331e-02;1.225470e-01;1.618289e-01;1.595042e-02;3.974386e-02;1.661962e-01;8.427877e-02;9.703490e-02;1.323739e-01;4.602344e-02;5.847543e-02;3.777391e-02
4.881594e-02;1.908500e-01;1.727813e-01;1.691410e-02;2.309637e-02;1.538470e-01;8.000927e-02;7.079396e-02;1.115355e-01;2.885221e-02;5.076852e-02;5.173588e-02
4.648234e-02;1.626257e-01;1.633524e-01;2.108145e-02;3.115219e-02;1.737367e-01;1.138736e-01;5.506308e-02;8.162864e-02;3.611662e-02;6.360929e-02;5.127802e-02
4.676548e-02;1.476469e-01;1.555988e-01;1.705263e-02;2.852083e-02;1.846417e-01;9.226254e-02;5.759398e-02;1.090765e-01;4.912344e-02;7.101846e-02;4.069877e-02
4.107533e-02;1.011594e-01;1.747433e-01;1.412180e-02;3.455758e-02;1.703108e-01;3.115945e-02;1.000230e-01;1.238347e-01;8.398924e-02;9.491371e-02;3.011170e-02
2.133143e-02;7.930978e-02;1.505275e-01;1.980516e-02;3.657747e-02;1.420872e-01;9.494814e-02;1.279963e-01;1.143804e-01;1.000291e-01;7.870228e-02;3.430519e-02
2.752004e-02;7.537514e-02;1.005701e-01;2.002270e-02;3.828717e-02;2.127388e-01;1.222417e-01;1.029701e-01;1.120436e-01;1.103311e-01;4.404067e-02;3.385892e-02
1.929556e-02;1.145565e-01;7.920854e-02;2.501583e-02;6.387316e-02;2.409478e-01;6.496070e-02;9.528358e-02;9.582619e-02;1.253064e-01;3.957892e-02;3.614683e-02
2.136729e-02;1.010200e-01;8.501825e-02;2.142802e-02;1.034687e-01;2.224122e-01;7.352944e-02;7.952368e-02;9.872755e-02;1.319219e-01;2.277183e-02;3.881123e-02
3.831508e-02;9.255350e-02;9.602150e-02;5.313807e-02;1.211713e-01;1.525591e-01;8.455844e-02;6.120873e-02;1.116993e-01;1.345730e-01;1.356440e-02;4.063759e-02
5.110274e-02;9.544954e-02;7.485897e-02;8.983617e-02;9.900949e-02;5.648046e-02;9.123490e-02;1.189510e-01;1.544658e-01;1.163533e-01;2.389598e-02;2.836170e-02
4.718040e-02;8.913382e-02;1.074816e-01;8.253835e-02;5.787457e-02;6.645136e-02;9.702736e-02;1.623698e-01;1.888728e-01;6.035151e-02;2.716208e-02;1.355634e-02
3.678407e-02;1.097059e-01;1.528388e-01;5.553569e-02;2.782465e-02;9.568345e-02;7.261772e-02;1.540181e-01;1.958185e-01;3.356004e-02;3.095614e-02;3.465696e-02
5.282499e-02;9.344248e-02;1.132208e-01;6.238990e-02;6.074009e-02;7.592954e-02;6.122368e-02;1.409677e-01;1.714285e-01;5.317383e-02;3.612698e-02;7.853147e-02
6.553508e-02;5.050194e-02;9.124744e-02;1.016880e-01;9.197021e-02;8.299465e-02;3.775057e-02;1.501770e-01;1.788224e-01;3.592502e-02;2.902759e-02;8.436010e-02
4.843364e-02;6.652477e-02;1.011185e-01;1.070530e-01;8.279691e-02;9.973560e-02;4.040980e-02;1.572075e-01;1.775576e-01;2.268148e-02;3.012945e-02;6.635179e-02
4.955262e-02;7.561012e-02;1.057630e-01;9.080214e-02;4.694748e-02;7.785840e-02;4.079030e-02;1.560306e-01;2.120868e-01;4.145585e-02;4.421484e-02;5.888784e-02
4.616752e-02;7.320564e-02;9.856962e-02;5.432256e-02;3.836697e-02;7.489578e-02;3.650646e-02;1.855092e-01;1.987469e-01;5.309644e-02;4.528895e-02;9.532397e-02
5.113456e-02;7.712021e-02;9.644737e-02;6.375948e-02;3.555926e-02;6.902826e-02;2.850481e-02;2.061624e-01;1.695804e-01;4.502662e-02;3.468799e-02;1.229885e-01
6.547613e-02;7.290985e-02;7.485534e-02;9.956358e-02;4.269578e-02;6.753832e-02;4.429750e-02;1.879434e-01;1.610293e-01;3.651860e-02;4.445916e-02;1.027130e-01
7.082765e-02;1.010956e-01;1.354202e-01;1.000613e-01;3.550427e-02;7.041170e-02;6.327236e-02;1.188114e-01;1.542699e-01;3.737897e-02;5.768337e-02;5.526327e-02
5.093261e-02;9.679142e-02;1.863866e-01;5.664675e-02;3.688306e-02;6.516072e-02;7.036673e-02;1.098422e-01;1.784035e-01;3.694370e-02;6.096249e-02;5.068030e-02
3.143882e-02;6.020766e-02;1.596905e-01;4.236924e-02;5.039146e-02;3.448401e-02;6.686448e-02;2.036268e-01;2.222739e-01;5.667665e-02;4.453131e-02;2.744516e-02
3.008576e-02;6.288581e-02;1.266976e-01;5.580506e-02;5.660364e-02;3.643038e-02;6.866488e-02;2.553429e-01;1.864266e-01;4.858096e-02;2.774220e-02;4.473418e-02
2.996324e-02;1.275248e-01;1.640260e-01;3.397540e-02;6.241026e-02;6.103086e-02;5.713572e-02;2.145709e-01;1.341100e-01;3.572441e-02;1.896684e-02;6.056148e-02
3.323267e-02;1.571310e-01;2.046413e-01;6.105878e-02;5.071256e-02;6.459574e-02;4.373960e-02;1.546261e-01;1.127605e-01;3.663726e-02;2.982182e-02;5.104268e-02
2.551375e-02;1.800016e-01;2.122059e-01;6.556792e-02;2.045710e-02;9.115218e-02;5.588335e-02;1.242034e-01;1.102945e-01;4.819029e-02;3.467732e-02;3.185268e-02
4.149485e-02;2.144247e-01;2.221111e-01;6.047760e-02;3.222196e-02;8.181199e-02;4.727207e-02;1.041149e-01;1.033029e-01;3.815541e-02;2.058173e-02;3.403081e-02
3.962305e-02;2.223681e-01;1.950904e-01;5.106659e-02;4.526286e-02;7.748421e-02;2.435399e-02;1.073200e-01;1.382840e-01;3.777266e-02;2.858067e-02;3.279351e-02
3.210082e-02;2.138100e-01;2.143018e-01;2.409329e-02;5.758965e-02;6.978880e-02;3.485831e-02;1.140202e-01;1.317233e-01;3.019907e-02;3.685280e-02;4.066196e-02
3.011700e-02;1.839465e-01;2.049876e-01;3.673822e-02;5.945830e-02;6.088628e-02;6.688153e-02;1.109493e-01;1.253877e-01;3.952290e-02;4.547650e-02;3.564817e-02
2.086225e-02;1.259229e-01;1.937549e-01;4.389837e-02;3.358124e-02;1.011465e-01;8.284280e-02;1.234210e-01;1.566029e-01;4.508808e-02;4.611405e-02;2.676491e-02
2.798214e-02;1.910588e-01;2.268096e-01;2.809239e-02;1.177406e-02;6.431762e-02;6.670444e-02;1.385506e-01;1.566640e-01;2.895410e-02;3.271916e-02;2.637311e-02
3.300501e-02;2.418811e-01;2.512482e-01;2.695042e-02;1.390957e-02;7.153781e-02;2.694778e-02;1.363531e-01;1.244157e-01;3.199901e-02;2.528996e-02;1.646250e-02
3.370826e-02;2.131088e-01;2.699984e-01;3.420307e-02;2.860875e-02;8.435498e-02;2.561461e-02;1.065327e-01;1.079611e-01;3.939356e-02;2.982935e-02;2.668649e-02
3.750259e-02;1.832627e-01;2.399602e-01;2.917686e-02;4.197687e-02;1.078036e-01;5.019398e-02;9.868448e-02;1.233906e-01;3.911804e-02;1.637624e-02;3.255385e-02
3.040779e-02;1.511154e-01;1.789008e-01;3.893909e-02;5.506760e-02;9.623043e-02;5.822350e-02;1.210772e-01;1.769904e-01;4.296539e-02;2.280594e-02;2.727651e-02
2.011914e-02;1.158880e-01;1.425173e-01;5.523085e-02;5.283490e-02;5.778357e-02;4.356943e-02;2.159656e-01;2.179504e-01;3.706732e-02;1.847780e-02;2.259566e-02
1.630328e-02;1.307492e-01;1.962016e-01;5.591933e-02;4.667518e-02;4.818274e-02;1.595343e-02;2.698959e-01;1.729431e-01;1.702869e-02;8.440228e-03;2.170739e-02
1.075499e-02;8.587497e-02;2.023316e-01;5.432630e-02;4.316012e-02;5.267020e-02;3.323558e-02;3.263332e-01;1.453536e-01;1.611060e-02;1.040333e-02;1.944553e-02
1.467160e-02;7.259681e-02;2.030230e-01;3.942328e-02;2.296912e-02;4.937491e-02;4.021057e-02;3.684931e-01;1.377983e-01;2.613891e-02;8.799875e-03;1.650050e-02
1.333898e-02;8.255509e-02;2.215822e-01;1.691493e-02;1.034521e-02;4.378137e-02;3.800011e-02;3.852572e-01;1.275919e-01;3.319656e-02;1.361535e-02;1.382109e-02
7.824739e-03;7.845903e-02;2.098719e-01;2.102957e-02;8.815764e-03;3.887145e-02;3.540225e-02;3.931131e-01;1.358732e-01;3.724837e-02;1.492479e-02;1.856584e-02
8.771735e-03;6.240001e-02;1.954648e-01;2.784609e-02;1.521180e-02;3.891839e-02;2.756205e-02;4.076754e-01;1.480447e-01;3.157730e-02;1.525683e-02;2.127094e-02
8.500582e-03;4.378508e-02;1.952592e-01;3.185766e-02;1.076605e-02;3.800450e-02;1.551555e-02;4.424968e-01;1.569632e-01;2.461156e-02;1.576734e-02;1.647243e-02
8.041376e-03;7.278805e-02;1.950626e-01;3.473009e-02;9.656913e-03;4.484384e-02;1.140547e-02;4.331037e-01;1.502706e-01;1.874961e-02;9.180831e-03;1.216692e-02
7.005260e-03;7.330102e-02;2.102788e-01;2.741313e-02;1.118942e-02;3.655190e-02;1.227915e-02;4.374128e-01;1.484886e-01;1.833228e-02;4.868799e-03;1.287884e-02
1.070273e-02;7.647093e-02;2.160692e-01;2.971926e-02;1.162680e-02;5.917368e-02;1.454138e-02;4.177332e-01;1.323699e-01;1.844281e-02;3.839302e-03;9.310943e-03
1.802443e-02;1.234291e-01;1.988745e-01;2.176838e-02;7.304777e-03;8.540659e-02;1.607531e-02;3.817071e-01;1.145161e-01;1.431410e-02;6.417121e-03;1.216250e-02
2.462579e-02;1.374442e-01;1.623419e-01;1.690972e-02;1.079188e-02;5.997161e-02;2.033261e-02;3.855621e-01;1.429093e-01;1.223983e-02;1.168345e-02;1.518768e-02
2.314192e-02;1.086166e-01;1.171510e-01;1.633500e-02;1.403471e-02;5.317288e-02;1.697253e-02;4.741392e-01;1.183853e-01;2.773042e-02;1.119250e-02;1.912799e-02
1.155500e-02;6.794186e-02;1.232122e-01;2.598871e-02;1.811226e-02;4.388592e-02;1.795910e-02;4.745955e-01;1.490486e-01;3.433460e-02;1.766083e-02;1.570553e-02
1.447126e-02;9.349313e-02;1.170206e-01;3.312097e-02;1.501196e-02;5.743047e-02;2.208016e-02;4.547077e-01;1.437803e-01;2.097461e-02;1.199644e-02;1.591250e-02
2.585749e-02;8.686496e-02;9.327685e-02;4.555605e-02;2.820235e-02;5.538166e-02;2.289682e-02;4.386449e-01;1.546405e-01;1.665989e-02;1.119964e-02;2.081899e-02
2.706388e-02;3.596251e-02;1.178135e-01;7.521047e-02;6.026188e-02;6.029381e-02;1.793430e-02;3.738968e-01;1.751347e-01;1.767001e-02;1.250835e-02;2.624975e-02
2.233000e-02;9.440366e-02;1.498863e-01;1.045076e-01;6.448464e-02;4.814530e-02;1.795128e-02;3.021607e-01;1.448645e-01;1.193828e-02;1.485896e-02;2.446868e-02
2.148174e-02;1.295697e-01;1.363630e-01;1.304766e-01;5.621362e-02;7.303644e-02;1.856733e-02;2.758562e-01;9.481816e-02;1.549649e-02;2.014125e-02;2.797945e-02
2.394575e-02;1.019846e-01;1.032128e-01;1.159821e-01;2.859331e-02;7.255258e-02;1.829462e-02;3.167005e-01;1.477089e-01;2.031177e-02;2.233592e-02;2.837718e-02
2.662390e-02;7.369699e-02;1.181089e-01;6.721060e-02;1.947791e-02;7.988907e-02;8.403912e-03;3.444444e-01;1.925267e-01;2.392824e-02;2.707870e-02;1.861068e-02
1.944955e-02;8.719801e-02;1.541007e-01;3.701254e-02;2.493399e-02;3.555806e-02;1.281179e-02;3.476418e-01;2.090063e-01;2.354232e-02;3.024705e-02;1.849797e-02
