8.296221e-02;4.774300e-02;2.267747e-01;5.575870e-02;5.139507e-02;4.024303e-02;1.832939e-01;4.111244e-02;5.447353e-02;8.854482e-02;7.246427e-02;5.523435e-02
8.030996e-02;4.331379e-02;2.479347e-01;4.646550e-02;6.987052e-02;4.638911e-02;1.727171e-01;4.137759e-02;5.916085e-02;8.072646e-02;6.845530e-02;4.327916e-02
8.443785e-02;3.232571e-02;2.272519e-01;5.680207e-02;1.072133e-01;6.331917e-02;1.080270e-01;4.659995e-02;6.415730e-02;8.552945e-02;7.826917e-02;4.606711e-02
4.054883e-02;5.591308e-02;2.620812e-01;7.532420e-02;1.106627e-01;6.390800e-02;9.268318e-02;4.763182e-02;5.089673e-02;8.709372e-02;7.040581e-02;4.285076e-02
1.257263e-01;6.575828e-02;2.066997e-01;6.738340e-02;9.815388e-02;8.498284e-02;1.397308e-01;3.078526e-02;4.572845e-02;6.219928e-02;3.954109e-02;3.331074e-02
1.603988e-01;5.561841e-02;1.367325e-01;6.266550e-02;1.024499e-01;1.141957e-01;1.694911e-01;1.786372e-02;7.234352e-02;5.157718e-02;1.936090e-02;3.730270e-02
1.430528e-01;3.873203e-02;1.495710e-01;5.014783e-02;1.144645e-01;1.298221e-01;1.337486e-01;2.077627e-02;9.961800e-02;5.551030e-02;1.589804e-02;4.865854e-02
1.470791e-01;2.730213e-02;1.636138e-01;2.977172e-02;1.266045e-01;1.444146e-01;1.026896e-01;2.033331e-02;9.990489e-02;6.784725e-02;1.808221e-02;5.235690e-02
1.308459e-01;2.196635e-02;1.642639e-01;2.887411e-02;1.302957e-01;1.247833e-01;1.036689e-01;2.287279e-02;1.193627e-01;5.885043e-02;2.363848e-02;7.057738e-02
7.617591e-02;3.578372e-02;1.950249e-01;4.132010e-02;1.338026e-01;8.310775e-02;9.068178e-02;3.814691e-02;1.426946e-01;1.982651e-02;3.740358e-02;1.060317e-01
5.540952e-02;3.631939e-02;2.747675e-01;6.291682e-02;1.113233e-01;6.274368e-02;4.234236e-02;4.984520e-02;1.165960e-01;1.687984e-02;7.384335e-02;9.701305e-02
3.861350e-02;3.649215e-02;3.687739e-01;6.304570e-02;8.171366e-02;5.916858e-02;7.524069e-02;3.660939e-02;6.672861e-02;3.398228e-02;8.037596e-02;5.925558e-02
3.290785e-02;3.194927e-02;4.395404e-01;4.178312e-02;5.544247e-02;6.607171e-02;1.093558e-01;2.008574e-02;7.308570e-02;3.661630e-02;6.115355e-02;3.200815e-02
4.871913e-02;2.890087e-02;3.739068e-01;3.855992e-02;9.485826e-02;7.607862e-02;8.319118e-02;3.903824e-02;1.063064e-01;3.410838e-02;5.536830e-02;2.096394e-02
5.111004e-02;2.574698e-02;2.003501e-01;4.817801e-02;1.717380e-01;1.201007e-01;9.051996e-02;5.528907e-02;8.201895e-02;4.248854e-02;5.736752e-02;5.509224e-02
7.807980e-02;3.694470e-02;2.152075e-01;4.026080e-02;1.329356e-01;1.015706e-01;9.299970e-02;4.269484e-02;9.971934e-02;4.814355e-02;4.010795e-02;7.133570e-02
9.248345e-02;6.595611e-02;1.642899e-01;5.831482e-02;9.095487e-02;5.312904e-02;1.088725e-01;6.370867e-02;1.034630e-01;7.322127e-02;5.868853e-02;6.691779e-02
8.481543e-02;7.324865e-02;2.003569e-01;4.621200e-02;6.671804e-02;5.896934e-02;1.339723e-01;8.282562e-02;8.934138e-02;3.678204e-02;7.705928e-02;4.969911e-02
2.939507e-02;6.842889e-02;2.326757e-01;5.681203e-02;4.680583e-02;4.883496e-02;1.943843e-01;9.030537e-02;6.966237e-02;4.429027e-02;4.853639e-02;6.986886e-02
3.373890e-02;6.974068e-02;2.731825e-01;6.623162e-02;3.215811e-02;3.690016e-02;2.050775e-01;8.612709e-02;3.914324e-02;4.508972e-02;3.376406e-02;7.884637e-02
3.949439e-02;7.718294e-02;2.824024e-01;8.479263e-02;3.913679e-02;4.182226e-02;1.867011e-01;5.656700e-02;3.723043e-02;4.251400e-02;4.076385e-02;7.139219e-02
2.447984e-02;1.027767e-01;1.981405e-01;8.309072e-02;7.728548e-02;4.715272e-02;2.106158e-01;4.201202e-02;4.049043e-02;4.261575e-02;7.213746e-02;5.920265e-02
5.417955e-02;7.862467e-02;1.978863e-01;1.213471e-01;9.287015e-02;3.244452e-02;1.402930e-01;5.059722e-02;8.521068e-02;5.108441e-02;6.272238e-02;3.274005e-02
6.708452e-02;4.019260e-02;1.813697e-01;2.256186e-01;1.079391e-01;2.333808e-02;7.854790e-02;3.003370e-02;1.250154e-01;4.837983e-02;4.675765e-02;2.572290e-02
8.372833e-02;1.855680e-02;1.017631e-01;3.176803e-01;1.520277e-01;1.269330e-02;4.448472e-02;1.574639e-02;1.552765e-01;5.732619e-02;2.871508e-02;1.200161e-02
8.342519e-02;2.923947e-02;5.218938e-02;2.643921e-01;2.410391e-01;1.683245e-02;3.527245e-02;1.416225e-02;1.439355e-01;9.874693e-02;1.538762e-02;5.377659e-03
5.574566e-02;8.119116e-02;2.212100e-02;1.451872e-01;3.177445e-01;4.162549e-02;2.900987e-02;1.571404e-02;1.015110e-01;1.605303e-01;2.254137e-02;7.078405e-03
2.284948e-02;1.301716e-01;1.400508e-02;6.289582e-02;3.302983e-01;8.567660e-02;1.984468e-02;2.699680e-02;5.210170e-02;2.017606e-01;4.314527e-02;1.025404e-02
5.448925e-03;1.406941e-01;2.587719e-02;2.900879e-02;2.783654e-01;1.575010e-01;1.820960e-02;3.560164e-02;2.216991e-02;1.921277e-01;8.725671e-02;7.739064e-03
1.168469e-02;1.016104e-01;6.366041e-02;2.243190e-02;1.780458e-01;2.625298e-01;1.515266e-02;2.672119e-02;1.569751e-02;1.256743e-01;1.679172e-01;8.874145e-03
1.772062e-02;5.016158e-02;9.565745e-02;1.240806e-02;1.004321e-01;3.294160e-01;4.877290e-02;1.881816e-02;2.486642e-02;7.413081e-02;2.182443e-01;9.371627e-03
2.470445e-02;2.333319e-02;1.147761e-01;1.089932e-02;7.264939e-02;3.449281e-01;8.038081e-02;1.899447e-02;3.537564e-02;4.025801e-02;2.148610e-01;1.883951e-02
2.343648e-02;3.674662e-02;1.241714e-01;1.641749e-02;8.300458e-02;3.216752e-01;6.247954e-02;2.187615e-02;4.627321e-02;5.137092e-02;1.989948e-01;1.355361e-02
3.479494e-02;7.471087e-02;1.042527e-01;4.446580e-02;1.157667e-01;2.358307e-01;6.911350e-02;3.102120e-02;3.989005e-02;8.062074e-02;1.556032e-01;1.392965e-02
5.089368e-02;8.548329e-02;1.160836e-01;8.660689e-02;1.139721e-01;1.191414e-01;7.019924e-02;4.619714e-02;8.739623e-02;1.195333e-01;8.724716e-02;1.724605e-02
5.784909e-02;6.892931e-02;1.797568e-01;1.103910e-01;6.701062e-02;6.265605e-02;9.672514e-02;4.921489e-02;1.298880e-01;1.087395e-01;4.209554e-02;2.674408e-02
4.491821e-02;5.988515e-02;2.381060e-01;1.022453e-01;5.710327e-02;8.743291e-02;1.234020e-01;5.073073e-02;1.123590e-01;6.136325e-02;2.202481e-02;4.042948e-02
2.655125e-02;6.239727e-02;1.822344e-01;8.306143e-02;8.045115e-02;1.625801e-01;1.408228e-01;5.470722e-02;7.569925e-02;4.461591e-02;4.644693e-02;4.043228e-02
3.490372e-02;2.531948e-02;7.682870e-02;4.489496e-02;1.385892e-01;2.020758e-01;1.101999e-01;6.922276e-02;1.414455e-01;5.223804e-02;7.213056e-02;3.215140e-02
5.261194e-02;5.249472e-02;1.152207e-01;6.129433e-02;1.121665e-01;1.950779e-01;7.786229e-02;4.430901e-02;1.219811e-01;7.157419e-02;6.838153e-02;2.702575e-02
6.803531e-02;7.237154e-02;1.070489e-01;7.102096e-02;5.473541e-02;1.945669e-01;6.253200e-02;5.321146e-02;1.194615e-01;9.086375e-02;7.384425e-02;3.230797e-02
6.138672e-02;9.057111e-02;1.317539e-01;4.058789e-02;6.459868e-02;1.137349e-01;1.096794e-01;7.809760e-02;1.120847e-01;8.584440e-02;6.963782e-02;4.202288e-02
3.888197e-02;9.073379e-02;1.793583e-01;5.379893e-02;7.670234e-02;7.316959e-02;7.632812e-02;8.850265e-02;8.391266e-02;1.009261e-01;7.677811e-02;6.090747e-02
6.386189e-02;6.032481e-02;1.829910e-01;7.739846e-02;6.756327e-02;5.268268e-02;9.277127e-02;5.715536e-02;1.179823e-01;9.524894e-02;6.515410e-02;6.686601e-02
4.601232e-02;8.090771e-02;2.067263e-01;8.375993e-02;5.028630e-02;4.006198e-02;1.267577e-01;7.348871e-02;1.042984e-01;8.209684e-02;3.303342e-02;7.257036e-02
4.200963e-02;1.077876e-01;2.057084e-01;6.056816e-02;3.612620e-02;3.214824e-02;2.129130e-01;9.020858e-02;5.653572e-02;4.481535e-02;5.044065e-02;6.073855e-02
5.035389e-02;1.384896e-01;1.504309e-01;3.659953e-02;3.892636e-02;3.645384e-02;3.096723e-01;7.150110e-02;2.661121e-02;2.941206e-02;7.289639e-02;3.865286e-02
6.951862e-02;1.419117e-01;6.160465e-02;3.217776e-02;4.616118e-02;6.619639e-02;3.771017e-01;3.065257e-02;2.995227e-02;5.366230e-02;6.824090e-02;2.281983e-02
1.332451e-01;1.003863e-01;3.009074e-02;3.821464e-02;5.600769e-02;9.693445e-02;3.374538e-01;2.230457e-02;2.752602e-02;9.619273e-02;4.140896e-02;2.023511e-02
1.868897e-01;6.378797e-02;1.506065e-02;4.408854e-02;7.341048e-02;1.267302e-01;2.822286e-01;2.204975e-02;1.367524e-02;1.311072e-01;2.154681e-02;1.942487e-02
2.015376e-01;3.939990e-02;2.432011e-02;3.639137e-02;8.723173e-02;1.426310e-01;2.652912e-01;2.326118e-02;1.882393e-02;1.302361e-01;1.119338e-02;1.968255e-02
1.730351e-01;4.779741e-02;4.337420e-02;2.622143e-02;7.484742e-02;1.362548e-01;2.379127e-01;2.775344e-02;2.084192e-02;1.291742e-01;4.607477e-02;3.671268e-02
1.414659e-01;5.631823e-02;4.079598e-02;1.426189e-02;5.588418e-02;1.157140e-01;2.003509e-01;2.926848e-02;5.854921e-02;1.565831e-01;7.751364e-02;5.329446e-02
1.826915e-01;5.008696e-02;3.810133e-02;1.372131e-02;5.685798e-02;1.333739e-01;1.577595e-01;2.415732e-02;5.618266e-02;1.683885e-01;5.790002e-02;6.077905e-02
2.483806e-01;6.871863e-02;2.714093e-02;2.364410e-02;5.726779e-02;1.790966e-01;1.247303e-01;2.193812e-02;3.236293e-02;1.632788e-01;1.643668e-02;3.700446e-02
2.534826e-01;7.697780e-02;8.550710e-03;4.502542e-02;4.970130e-02;2.050359e-01;1.412530e-01;1.932131e-02;1.213521e-02;1.662177e-01;5.506794e-03;1.679224e-02
2.390135e-01;6.439935e-02;1.071229e-02;6.734869e-02;4.317171e-02;2.025511e-01;1.542077e-01;1.609561e-02;1.283400e-02;1.674003e-01;8.280233e-03;1.398550e-02
2.463837e-01;6.154540e-02;1.615878e-02;8.372293e-02;3.674129e-02;1.842405e-01;1.587978e-01;1.268544e-02;8.525657e-03;1.601955e-01;1.445694e-02;1.654612e-02
2.832760e-01;6.232436e-02;1.697665e-02;9.154411e-02;3.176046e-02;1.591057e-01;1.564952e-01;1.259087e-02;1.082386e-02;1.435970e-01;7.652613e-03;2.385307e-02
3.077697e-01;6.337956e-02;3.033501e-02;7.864827e-02;3.512173e-02;1.267702e-01;1.372158e-01;1.760472e-02;3.525171e-02;1.159143e-01;1.338965e-02;3.859929e-02
2.861908e-01;6.757802e-02;9.908507e-02;5.010588e-02;4.600469e-02;9.267291e-02;9.310274e-02;1.777582e-02;7.046565e-02;8.601957e-02;2.152002e-02;6.947887e-02
2.044016e-01;9.263305e-02;1.671394e-01;3.587454e-02;5.574799e-02;5.733320e-02;4.490976e-02;2.698913e-02;9.549420e-02;6.522144e-02;4.732464e-02;1.069310e-01
1.114678e-01;1.014605e-01;2.303700e-01;5.671106e-02;4.861591e-02;2.822541e-02;6.132532e-02;3.875917e-02;8.672766e-02;5.325177e-02;7.338081e-02;1.097046e-01
6.534340e-02;8.908866e-02;2.817031e-01;7.695722e-02;3.343951e-02;4.503305e-02;9.896865e-02;2.387116e-02;7.369003e-02;3.624351e-02;5.601044e-02;1.196513e-01
1.204725e-01;6.593667e-02;2.217512e-01;7.104914e-02;4.106845e-02;5.321093e-02;9.140974e-02;4.491856e-02;8.196618e-02;7.119773e-02;4.047120e-02;9.654763e-02
9.506916e-02;6.687609e-02;1.891262e-01;6.187324e-02;8.145168e-02;6.222193e-02;1.045879e-01;5.133529e-02;6.626140e-02;9.627029e-02;6.726729e-02;5.765949e-02
4.624785e-02;1.222719e-01;1.441020e-01;3.373886e-02;8.272412e-02;9.623051e-02;1.022278e-01;1.002306e-01;9.237745e-02;9.031133e-02;5.952032e-02;3.001727e-02
8.015727e-02;1.606569e-01;1.290923e-01;2.830500e-02;5.231822e-02;8.157977e-02;1.661031e-01;7.621428e-02;8.399777e-02;6.407497e-02;3.267069e-02;4.482970e-02
8.418793e-02;1.438249e-01;2.115119e-01;4.244124e-02;6.107464e-02;7.223910e-02;1.474793e-01;3.095913e-02;5.875206e-02;6.013283e-02;4.060632e-02;4.679068e-02
8.326395e-02;7.200158e-02;1.905685e-01;5.497804e-02;6.301971e-02;5.499632e-02;1.137677e-01;5.923019e-02;9.624471e-02;7.468475e-02;6.206247e-02;7.518208e-02
9.867912e-02;1.010226e-01;1.414485e-01;5.108348e-02;4.772003e-02;5.966044e-02;1.065262e-01;4.789661e-02;1.193412e-01;9.397688e-02;5.743284e-02;7.521202e-02
8.736882e-02;9.715845e-02;1.689892e-01;3.751509e-02;5.393478e-02;5.315692e-02;1.588596e-01;3.176404e-02;1.001947e-01;1.027822e-01;6.905036e-02;3.922592e-02
1.016511e-01;9.121543e-02;1.509551e-01;3.959380e-02;5.032029e-02;4.425579e-02;1.130523e-01;4.978313e-02;6.900306e-02;1.112144e-01;7.280158e-02;1.061540e-01
9.714165e-02;7.124771e-02;1.371500e-01;6.197551e-02;7.930805e-02;6.172642e-02;1.122039e-01;3.539332e-02;6.256445e-02;8.061800e-02;8.818132e-02;1.124897e-01
9.384885e-02;8.009190e-02;1.444340e-01;8.764575e-02;8.565238e-02;5.650021e-02;1.091287e-01;5.356098e-02;5.156539e-02;6.563750e-02;6.892643e-02;1.030078e-01
7.058460e-02;8.412915e-02;1.543224e-01;5.635669e-02;8.847688e-02;4.345037e-02;1.016024e-01;4.914538e-02;8.032699e-02;1.182332e-01;6.102308e-02;9.234889e-02
1.006111e-01;6.264958e-02;1.318693e-01;4.894938e-02;7.711191e-02;4.638772e-02;1.248000e-01;6.600725e-02;8.311307e-02;1.321172e-01;6.645130e-02;5.993207e-02
1.100115e-01;1.285174e-01;1.624483e-01;5.854959e-02;5.841592e-02;4.743304e-02;9.003137e-02;7.967521e-02;7.025386e-02;9.164692e-02;5.865438e-02;4.436249e-02
1.439910e-01;1.799514e-01;2.437347e-01;3.507055e-02;3.253451e-02;2.995062e-02;2.283091e-02;4.615737e-02;1.035243e-01;6.659576e-02;4.226224e-02;5.339675e-02
1.725747e-01;1.618614e-01;1.955200e-01;4.110884e-02;2.595737e-02;2.859174e-02;4.282698e-02;3.276950e-02;8.315094e-02;6.964736e-02;6.962498e-02;7.636624e-02
1.495385e-01;1.275757e-01;1.689187e-01;3.793714e-02;3.127083e-02;4.879375e-02;4.620535e-02;2.607471e-02;5.408312e-02;8.668808e-02;1.460764e-01;7.683763e-02
8.875465e-02;9.832693e-02;1.786681e-01;2.483871e-02;2.719081e-02;8.780187e-02;3.929616e-02;1.602390e-02;2.664462e-02;8.895510e-02;2.592940e-01;6.420517e-02
6.176746e-02;6.082404e-02;1.706245e-01;1.841272e-02;1.681440e-02;1.031198e-01;8.784216e-02;9.495362e-03;1.543186e-02;5.222600e-02;2.803434e-01;1.230983e-01
1.311676e-01;3.198413e-02;9.235385e-02;3.980692e-02;9.442503e-03;6.648200e-02;1.580684e-01;2.829043e-02;1.325545e-02;2.584996e-02;1.542120e-01;2.490867e-01
2.477186e-01;2.785784e-02;4.503263e-02;5.153415e-02;9.581696e-03;2.496268e-02;1.705959e-01;7.242291e-02;9.755561e-03;1.466695e-02;4.921595e-02;2.766551e-01
3.687357e-01;9.601334e-02;3.903318e-02;3.608809e-02;1.463532e-02;5.125621e-03;1.022551e-01;1.120399e-01;4.183325e-02;1.046716e-02;2.069150e-02;1.530818e-01
3.485706e-01;2.223525e-01;4.226743e-02;1.973676e-02;1.563863e-02;5.028191e-03;5.212683e-02;9.311693e-02;1.148960e-01;1.696636e-02;2.146747e-02;4.783230e-02
1.663248e-01;3.315625e-01;1.824361e-01;1.073068e-02;9.798662e-03;7.337552e-03;2.256353e-02;3.285361e-02;1.788761e-01;4.190324e-02;6.791339e-03;8.821949e-03
5.770404e-02;2.651662e-01;3.584287e-01;2.113731e-02;5.887377e-03;7.614509e-03;8.592402e-03;2.447055e-02;1.326060e-01;9.917230e-02;1.006592e-02;9.154737e-03
2.379903e-02;1.257065e-01;5.050629e-01;5.584533e-02;8.580341e-03;4.992320e-03;1.164073e-02;1.486091e-02;5.137429e-02;1.523239e-01;3.841928e-02;7.394432e-03
1.443661e-02;4.144388e-02;5.005365e-01;1.257175e-01;1.349012e-02;6.666624e-03;1.696586e-02;1.071551e-02;2.379145e-02;1.454064e-01;9.571394e-02;5.115631e-03
1.318493e-02;1.670961e-02;3.715568e-01;2.417076e-01;2.315987e-02;7.010999e-03;8.842364e-03;9.125065e-03;1.099656e-02;8.996367e-02;1.971972e-01;1.054530e-02
7.599223e-03;1.358676e-02;2.138080e-01;3.350832e-01;4.868889e-02;6.811496e-03;5.799853e-03;1.551872e-02;1.725261e-03;3.720954e-02;2.953082e-01;1.886086e-02
5.837969e-03;1.370145e-02;1.269234e-01;3.442854e-01;9.090835e-02;7.226050e-03;4.759782e-03;1.713125e-02;8.002788e-03;1.858366e-02;3.035009e-01;5.913909e-02
5.867118e-03;1.435167e-02;1.083465e-01;2.823307e-01;1.586413e-01;1.026552e-02;8.264139e-03;1.324871e-02;6.527529e-03;1.202175e-02;2.386011e-01;1.415340e-01
6.692440e-03;1.579894e-02;8.739573e-02;1.783856e-01;2.361223e-01;2.000406e-02;8.195334e-03;1.059906e-02;8.067138e-03;1.251746e-02;1.538130e-01;2.624089e-01
6.198412e-03;1.031698e-02;6.640523e-02;1.425978e-01;2.648802e-01;1.495054e-02;5.976732e-03;5.188520e-03;7.842787e-03;8.760002e-03;1.283305e-01;3.385522e-01
2.434647e-03;6.434791e-03;4.940149e-02;1.105555e-01;2.868350e-01;1.643246e-02;6.960907e-03;5.077652e-03;9.312911e-03;9.987645e-03;1.153947e-01;3.811724e-01
3.744627e-03;5.414886e-03;2.722626e-02;6.959559e-02;3.316225e-01;2.245546e-02;1.331292e-02;2.461299e-03;9.028175e-03;7.354249e-03;8.259486e-02;4.251891e-01
6.983020e-03;3.364776e-03;2.513845e-02;4.258327e-02;3.749279e-01;3.529951e-02;1.587293e-02;2.864185e-03;1.836256e-02;3.029703e-03;3.004238e-02;4.415313e-01
2.747779e-02;3.374804e-03;2.470370e-02;2.727157e-02;3.846703e-01;6.015201e-02;2.975006e-02;2.280716e-03;2.190934e-02;3.916851e-03;1.554334e-02;3.989495e-01
4.630014e-02;4.501848e-03;2.866624e-02;2.445429e-02;3.895989e-01;1.007915e-01;3.531070e-02;2.294749e-03;2.632067e-02;4.761441e-03;2.085283e-02;3.161467e-01
3.195703e-02;3.866196e-03;2.768345e-02;4.265032e-02;4.332904e-01;1.001270e-01;2.878846e-02;4.754289e-03;1.978950e-02;5.109890e-03;1.379174e-02;2.881918e-01
1.501302e-02;2.309421e-03;2.439535e-02;5.457694e-02;4.573829e-01;6.858897e-02;3.636613e-02;4.145551e-03;1.411105e-02;3.333121e-03;1.943043e-02;3.003472e-01
4.507108e-02;5.019058e-03;3.197764e-02;7.111615e-02;3.945014e-01;9.966252e-02;5.550667e-02;9.427206e-03;1.915445e-02;4.555427e-03;1.833312e-02;2.456752e-01
6.562684e-02;1.529885e-02;6.593167e-02;7.429714e-02;2.982974e-01;1.374073e-01;1.158152e-01;1.817582e-02;1.810252e-02;8.361327e-03;1.810592e-02;1.645800e-01
4.910008e-02;2.345099e-02;1.430230e-01;7.443065e-02;2.403287e-01;1.414488e-01;1.611124e-01;1.445761e-02;2.848661e-02;1.144353e-02;2.379902e-02;8.891866e-02
1.584881e-02;1.405056e-02;2.684112e-01;1.038591e-01;2.916755e-01;1.325121e-01;6.788443e-02;1.406635e-02;2.706557e-02;1.215414e-02;1.853159e-02;3.394067e-02
1.191404e-02;9.088037e-03;3.726122e-01;1.563656e-01;2.240551e-01;7.645418e-02;5.275366e-02;1.005386e-02;1.161911e-02;1.093567e-02;3.709812e-02;2.705045e-02
1.075980e-02;1.551552e-02;5.041046e-01;1.669762e-01;1.331619e-01;4.126555e-02;2.356023e-02;8.079152e-03;1.113688e-02;2.351724e-02;3.903390e-02;2.288907e-02
2.171860e-02;3.129648e-02;5.997919e-01;1.245337e-01;6.292966e-02;1.738930e-02;3.710346e-02;7.383439e-03;2.222364e-02;4.955992e-02;1.446917e-02;1.160071e-02
3.012661e-02;4.200254e-02;5.474430e-01;9.240250e-02;5.150282e-02;2.184180e-02;6.712659e-02;1.495162e-02;2.417985e-02;8.374005e-02;1.489458e-02;9.787982e-03
1.356126e-02;5.292254e-02;5.411428e-01;8.466299e-02;3.915045e-02;2.447753e-02;4.253535e-02;1.040301e-02;3.384519e-02;1.225685e-01;2.462320e-02;1.010717e-02
1.523651e-02;8.111924e-02;4.854374e-01;5.955256e-02;2.009880e-02;3.373694e-02;2.989634e-02;7.816191e-03;1.094061e-01;1.305204e-01;2.035282e-02;6.826616e-03
3.661975e-02;1.314165e-01;3.491373e-01;3.115503e-02;1.371189e-02;5.491171e-02;1.453914e-02;1.572061e-02;2.417416e-01;9.253657e-02;1.055886e-02;7.951036e-03
8.732270e-02;1.481040e-01;2.048686e-01;1.664031e-02;2.487516e-02;5.956833e-02;1.202465e-02;4.799891e-02;3.368028e-01;4.218614e-02;9.732227e-03;9.876071e-03
1.589708e-01;1.084688e-01;1.347056e-01;1.297981e-02;7.096768e-02;3.515464e-02;1.416855e-02;1.278121e-01;2.793663e-01;3.122269e-02;1.443902e-02;1.174393e-02
2.126945e-01;7.779023e-02;1.062910e-01;1.468782e-02;1.414983e-01;1.279128e-02;3.237580e-02;2.118818e-01;1.343318e-01;2.460757e-02;1.463228e-02;1.641766e-02
2.182723e-01;5.466764e-02;7.982884e-02;3.152605e-02;1.710024e-01;9.408182e-03;7.227753e-02;2.378913e-01;4.763753e-02;1.687946e-02;2.171813e-02;3.889061e-02
1.602332e-01;4.025392e-02;6.029548e-02;5.140779e-02;1.443938e-01;2.116887e-02;1.477996e-01;1.602065e-01;7.623465e-02;2.715451e-02;3.531806e-02;7.553361e-02
1.183658e-01;4.011611e-02;1.117857e-01;4.426904e-02;8.211567e-02;3.057452e-02;2.143823e-01;4.558457e-02;1.011603e-01;4.680913e-02;5.338262e-02;1.114543e-01
9.336191e-02;3.004101e-02;1.435924e-01;1.715059e-02;2.827995e-02;3.794694e-02;1.676757e-01;1.196704e-01;7.979111e-02;6.485678e-02;1.029813e-01;1.146518e-01
5.502658e-02;3.611521e-02;1.165059e-01;2.761983e-02;5.453761e-02;6.499293e-02;9.112687e-02;9.223762e-02;9.423549e-02;1.063429e-01;1.691833e-01;9.207575e-02
5.508966e-02;3.835957e-02;1.061473e-01;4.180925e-02;1.026964e-01;6.156130e-02;1.138842e-01;5.495518e-02;8.057982e-02;1.425654e-01;1.558685e-01;4.648343e-02
4.058669e-02;3.583638e-02;1.382223e-01;4.308834e-02;1.224344e-01;5.462072e-02;1.987640e-01;6.059638e-02;4.642105e-02;1.256361e-01;1.127345e-01;2.105915e-02
6.933998e-02;5.504550e-02;1.315223e-01;4.433036e-02;1.022077e-01;4.911872e-02;1.957451e-01;7.749285e-02;4.275373e-02;1.014167e-01;9.753278e-02;3.349425e-02
4.718066e-02;8.452249e-02;1.602982e-01;5.780294e-02;5.837697e-02;3.595645e-02;1.729903e-01;7.558312e-02;7.112005e-02;1.012190e-01;8.886910e-02;4.608070e-02
2.999019e-02;7.485735e-02;1.836248e-01;4.117461e-02;7.023873e-02;2.213243e-02;1.494658e-01;9.854469e-02;1.100394e-01;1.028745e-01;7.036248e-02;4.669506e-02
5.806526e-02;6.816541e-02;1.484880e-01;2.146075e-02;8.709741e-02;3.556099e-02;1.562942e-01;1.132558e-01;1.342951e-01;9.780990e-02;4.046516e-02;3.904190e-02
6.335232e-02;7.160795e-02;1.354245e-01;5.566219e-02;7.857758e-02;6.500830e-02;1.517970e-01;1.022216e-01;1.097188e-01;8.946222e-02;4.190662e-02;3.526103e-02
8.158875e-02;7.476426e-02;1.463415e-01;6.719393e-02;5.567479e-02;4.994878e-02;8.389211e-02;5.996746e-02;1.011867e-01;9.437747e-02;9.215645e-02;9.290781e-02
1.448713e-01;1.447686e-01;1.797750e-01;7.643113e-02;5.684032e-02;4.494945e-02;8.260376e-02;5.361059e-02;3.291910e-02;7.785865e-02;4.993479e-02;5.543734e-02
2.164555e-01;1.402526e-01;1.886698e-01;4.361417e-02;4.690759e-02;3.036391e-02;1.027466e-01;4.012943e-02;3.660600e-02;4.166498e-02;4.540186e-02;6.718756e-02
2.219914e-01;1.071048e-01;1.559066e-01;5.496645e-02;3.268334e-02;3.548544e-02;1.059040e-01;2.115743e-02;3.597827e-02;2.835568e-02;7.479885e-02;1.256677e-01
1.755041e-01;7.199802e-02;1.309983e-01;6.684819e-02;2.264021e-02;4.280052e-02;1.351042e-01;2.389991e-02;3.242683e-02;2.059487e-02;9.402800e-02;1.831568e-01
7.806196e-02;3.432745e-02;1.486448e-01;6.619247e-02;1.820292e-02;5.148420e-02;1.935185e-01;2.317701e-02;2.361754e-02;1.519830e-02;1.025164e-01;2.450584e-01
5.692159e-02;1.922924e-02;1.346817e-01;6.518428e-02;1.042139e-02;4.627038e-02;2.307610e-01;1.431464e-02;1.066062e-02;9.847133e-03;9.478359e-02;3.069244e-01
1.606660e-01;2.625427e-02;6.756684e-02;6.903965e-02;5.096562e-03;2.870540e-02;2.255606e-01;4.771255e-02;7.245179e-03;1.184453e-02;5.789181e-02;2.924165e-01
3.229565e-01;4.645248e-02;3.338646e-02;4.771097e-02;7.129131e-03;1.289040e-02;1.732805e-01;1.124790e-01;1.098786e-02;1.195835e-02;2.637676e-02;1.943915e-01
4.588126e-01;7.303514e-02;2.674569e-02;2.204216e-02;1.482835e-02;7.471833e-03;1.094097e-01;1.742740e-01;1.504051e-02;7.861989e-03;1.004022e-02;8.043779e-02
4.873785e-01;1.205554e-01;3.942149e-02;5.922679e-03;2.407446e-02;7.227719e-03;4.764847e-02;1.733313e-01;5.070630e-02;5.979260e-03;5.245897e-03;3.250849e-02
3.579550e-01;2.402875e-01;7.000705e-02;5.003023e-03;1.963208e-02;8.261951e-03;2.072553e-02;9.512573e-02;1.431913e-01;8.439082e-03;8.195134e-03;2.317657e-02
1.801096e-01;3.404985e-01;1.303246e-01;4.263399e-03;8.694388e-03;9.307552e-03;1.777940e-02;4.631751e-02;2.271388e-01;1.888007e-02;3.483625e-03;1.320250e-02
7.819995e-02;3.424710e-01;2.471078e-01;6.512022e-03;2.904132e-03;9.225244e-03;8.855069e-03;3.032758e-02;2.192025e-01;4.547447e-02;2.030971e-03;7.689297e-03
4.124499e-02;2.408962e-01;4.252824e-01;1.628143e-02;7.506271e-03;9.420226e-03;1.253601e-02;1.849273e-02;1.288429e-01;9.362599e-02;2.010954e-03;3.859971e-03
2.398594e-02;1.248342e-01;5.749475e-01;2.116165e-02;7.559082e-03;5.273102e-03;1.494900e-02;1.007082e-02;6.791881e-02;1.407463e-01;5.399636e-03;3.153990e-03
1.241835e-02;5.449954e-02;6.508571e-01;3.670141e-02;8.514594e-03;2.825999e-03;1.832199e-02;4.000482e-03;2.210868e-02;1.727079e-01;1.428013e-02;2.763795e-03
9.009907e-03;3.511709e-02;6.324864e-01;7.459541e-02;7.607132e-03;3.460924e-03;2.054063e-02;2.762492e-03;2.151903e-03;1.680806e-01;4.130122e-02;2.886260e-03
7.971106e-03;2.144480e-02;5.322943e-01;1.606807e-01;1.440815e-02;4.860534e-03;1.711540e-02;4.327987e-03;5.694934e-03;1.221972e-01;1.070707e-01;1.934157e-03
7.589776e-03;8.508695e-03;3.785974e-01;2.691939e-01;2.515738e-02;5.490303e-03;1.106358e-02;9.555129e-03;8.477660e-03;7.220061e-02;2.012587e-01;2.906900e-03
6.221407e-03;6.448280e-03;2.458718e-01;3.435063e-01;4.073165e-02;8.427455e-03;7.063001e-03;1.984555e-02;9.360853e-03;3.991310e-02;2.673388e-01;5.271844e-03
7.506710e-03;1.256990e-02;2.125063e-01;3.504114e-01;6.162045e-02;1.140218e-02;9.088208e-03;3.455313e-02;6.031760e-03;8.661881e-03;2.752626e-01;1.038547e-02
1.041834e-02;1.702980e-02;1.942196e-01;3.235492e-01;8.505862e-02;1.496930e-02;1.417718e-02;3.851575e-02;6.807738e-03;9.093131e-03;2.563094e-01;2.985183e-02
5.710735e-03;1.669900e-02;1.305214e-01;3.353835e-01;1.083379e-01;1.649924e-02;1.546971e-02;3.402336e-02;1.459822e-02;1.028164e-02;2.666400e-01;4.583520e-02
1.113165e-02;2.864898e-02;1.851046e-01;2.706120e-01;1.117486e-01;1.791948e-02;2.887670e-02;3.767403e-02;1.560034e-02;2.271150e-02;2.167596e-01;5.321255e-02
2.931562e-02;4.398944e-02;2.864451e-01;1.795007e-01;8.250172e-02;2.185416e-02;5.909628e-02;4.490788e-02;1.587417e-02;4.482239e-02;1.412849e-01;5.040766e-02
3.482807e-02;3.930889e-02;3.440795e-01;1.323320e-01;7.280959e-02;4.064501e-02;9.799828e-02;3.476430e-02;2.418719e-02;5.337657e-02;7.729866e-02;4.837202e-02
2.022222e-02;1.955890e-02;3.962800e-01;1.438393e-01;8.726642e-02;5.317269e-02;6.996264e-02;1.781311e-02;2.479720e-02;4.443470e-02;8.463483e-02;3.801795e-02
6.200625e-03;1.425608e-02;5.727504e-01;1.448190e-01;6.528166e-02;2.060168e-02;1.862446e-02;1.223236e-02;1.071780e-02;2.858344e-02;9.650321e-02;9.429232e-03
6.527486e-03;7.793008e-03;6.026788e-01;1.652976e-01;5.790489e-02;1.429518e-02;2.365801e-02;8.214515e-03;1.038908e-02;2.683349e-02;7.081217e-02;5.595694e-03
2.359525e-02;2.902812e-02;5.349765e-01;1.600013e-01;6.450161e-02;2.472153e-02;3.783758e-02;1.831404e-02;1.280678e-02;3.184227e-02;4.600182e-02;1.637324e-02
3.892932e-02;2.673964e-02;4.109594e-01;1.667100e-01;7.318670e-02;2.755097e-02;5.866209e-02;2.456478e-02;1.747506e-02;5.666970e-02;8.524624e-02;1.330611e-02
1.761000e-02;1.589614e-02;4.892952e-01;1.740554e-01;5.212292e-02;1.636454e-02;3.131522e-02;1.560751e-02;1.759235e-02;6.379522e-02;1.002996e-01;6.045909e-03
2.799791e-02;5.688893e-02;5.393794e-01;1.230402e-01;2.927400e-02;1.574245e-02;2.948857e-02;7.279659e-03;2.246237e-02;7.809292e-02;6.543798e-02;4.915565e-03
4.435205e-02;1.196916e-01;5.333228e-01;7.519930e-02;1.580372e-02;2.220117e-02;2.343404e-02;4.455050e-03;4.325714e-02;8.038346e-02;2.931480e-02;8.584809e-03
6.369643e-02;2.018173e-01;4.766972e-01;4.682524e-02;1.028028e-02;3.341862e-02;1.575626e-02;6.074268e-03;6.971096e-02;4.878345e-02;1.142794e-02;1.551201e-02
4.130515e-02;2.593265e-01;4.228400e-01;3.869316e-02;1.593293e-02;4.147235e-02;1.563254e-02;1.422549e-02;9.066660e-02;2.726196e-02;1.445819e-02;1.818514e-02
5.616448e-02;2.535814e-01;3.864608e-01;3.232852e-02;1.533725e-02;3.936753e-02;1.416234e-02;1.155300e-02;1.282360e-01;2.845840e-02;2.091554e-02;1.343480e-02
1.341470e-01;2.465908e-01;2.776341e-01;3.113765e-02;2.047881e-02;3.128168e-02;8.129553e-03;3.151333e-02;1.793000e-01;1.070552e-02;1.840647e-02;1.067516e-02
2.136118e-01;1.487384e-01;2.685999e-01;2.594036e-02;4.108950e-02;1.311838e-02;2.181291e-02;9.059063e-02;1.260935e-01;1.629147e-02;1.789519e-02;1.621789e-02
2.715257e-01;9.806464e-02;2.050664e-01;2.823165e-02;5.378718e-02;9.359090e-03;5.766269e-02;1.572537e-01;4.040891e-02;1.508604e-02;2.516107e-02;3.839302e-02
2.800524e-01;4.631530e-02;1.344153e-01;4.433577e-02;2.787358e-02;2.057929e-02;9.541876e-02;1.839925e-01;4.697136e-02;1.598800e-02;2.649047e-02;7.756734e-02
2.958972e-01;9.499039e-02;1.066363e-01;4.183475e-02;4.782852e-02;1.750620e-02;6.180274e-02;1.687495e-01;6.365710e-02;1.358363e-02;2.055992e-02;6.695381e-02
2.196319e-01;1.350639e-01;1.723799e-01;3.873947e-02;6.579783e-02;1.220408e-02;2.716027e-02;1.193432e-01;1.079964e-01;4.391837e-02;3.464748e-02;2.311718e-02
1.236907e-01;1.082362e-01;2.487581e-01;6.183276e-02;5.846510e-02;1.306892e-02;5.155403e-02;5.173301e-02;1.102628e-01;7.678524e-02;7.854479e-02;1.706831e-02
5.989545e-02;7.746706e-02;2.481263e-01;9.783509e-02;6.143922e-02;2.411646e-02;5.191631e-02;4.013734e-02;8.241066e-02;9.225970e-02;1.182546e-01;4.614183e-02
5.055430e-02;8.207048e-02;1.584691e-01;6.839950e-02;7.816021e-02;6.332908e-02;9.506084e-02;7.981887e-02;7.860777e-02;7.154982e-02;1.032765e-01;7.070348e-02
6.381650e-02;8.855063e-02;1.350349e-01;1.653409e-02;5.295538e-02;8.027335e-02;1.957372e-01;1.004012e-01;1.022294e-01;3.961475e-02;9.192970e-02;3.292271e-02
6.686829e-02;6.651641e-02;1.351591e-01;3.431616e-02;2.861076e-02;5.246264e-02;2.164135e-01;5.211622e-02;1.031784e-01;9.356703e-02;1.133541e-01;3.743732e-02
7.075458e-02;3.085455e-02;6.322134e-02;4.976154e-02;2.778568e-02;3.285197e-02;2.274565e-01;1.329177e-01;6.669516e-02;1.163081e-01;1.038855e-01;7.750736e-02
6.243741e-02;1.778441e-02;2.670582e-02;5.162280e-02;2.021834e-02;1.927225e-02;3.097860e-01;1.579735e-01;6.626961e-02;1.142937e-01;5.624469e-02;9.739155e-02
3.152012e-02;2.203420e-02;1.521590e-02;5.622742e-02;9.856417e-03;2.323551e-02;4.641535e-01;9.206989e-02;2.285948e-02;9.797537e-02;2.288132e-02;1.419709e-01
2.953414e-02;3.337880e-02;1.292145e-02;4.866358e-02;7.026842e-03;4.597255e-02;4.641531e-01;8.713460e-02;1.199160e-02;5.795417e-02;2.170622e-02;1.795630e-01
2.323029e-02;4.534600e-02;1.485866e-02;4.139339e-02;7.765889e-03;8.111234e-02;4.601500e-01;3.562882e-02;1.568604e-02;2.976031e-02;3.029604e-02;2.147722e-01
3.056819e-02;5.515469e-02;1.259079e-02;4.065636e-02;6.304483e-03;9.767056e-02;4.700179e-01;1.748677e-02;6.421951e-03;1.380384e-02;2.677022e-02;2.225543e-01
2.568892e-02;6.115690e-02;1.384812e-02;4.059700e-02;7.083216e-03;8.566447e-02;4.974618e-01;2.486561e-02;1.126166e-02;1.537945e-02;2.948456e-02;1.875083e-01
2.733347e-02;5.643279e-02;1.270368e-02;3.545305e-02;4.431424e-03;6.520031e-02;5.624362e-01;3.663375e-02;8.204526e-03;8.815791e-03;2.121825e-02;1.611368e-01
2.070835e-02;4.469106e-02;1.272576e-02;3.309955e-02;5.793836e-03;6.650680e-02;5.864437e-01;4.499077e-02;8.059639e-03;9.826149e-03;2.328048e-02;1.438740e-01
1.364343e-02;2.779926e-02;1.632200e-02;2.645289e-02;9.329500e-03;9.134499e-02;5.709863e-01;4.040071e-02;1.253091e-02;9.798349e-03;4.079138e-02;1.406002e-01
8.971111e-03;1.459911e-02;2.581332e-02;1.950491e-02;1.163544e-02;1.124011e-01;5.313706e-01;3.515715e-02;2.200061e-02;1.046646e-02;6.193872e-02;1.461414e-01
7.640975e-03;8.579140e-03;4.250715e-02;1.407559e-02;1.453785e-02;1.287446e-01;4.450538e-01;3.889951e-02;4.661103e-02;1.014090e-02;1.023053e-01;1.409041e-01
7.193535e-03;7.133332e-03;6.530982e-02;9.617444e-03;1.392159e-02;1.579427e-01;3.450890e-01;1.707071e-02;8.289288e-02;1.238123e-02;1.470426e-01;1.344052e-01
8.516729e-03;6.778568e-03;9.254271e-02;7.264197e-03;1.571754e-02;1.914063e-01;2.247626e-01;1.222842e-02;1.184876e-01;1.489679e-02;1.983129e-01;1.090857e-01
5.382140e-03;4.918220e-03;1.135157e-01;5.167562e-03;1.476025e-02;2.235639e-01;1.370953e-01;1.064918e-02;1.414983e-01;1.454022e-02;2.511272e-01;7.778201e-02
9.335632e-03;4.055193e-03;1.189886e-01;5.605716e-03;1.455699e-02;2.404466e-01;1.416287e-01;1.206725e-02;1.310975e-01;1.606349e-02;2.478623e-01;5.829204e-02
9.703557e-03;4.704569e-03;1.251199e-01;7.606504e-03;3.063686e-02;2.611008e-01;1.515231e-01;1.178827e-02;1.112073e-01;2.266683e-02;2.060397e-01;5.790265e-02
1.989457e-02;1.145622e-02;1.475827e-01;2.001384e-02;5.509595e-02;2.701231e-01;1.435131e-01;1.164759e-02;7.738509e-02;3.126930e-02;1.510206e-01;6.099802e-02
3.144859e-02;2.385936e-02;1.811132e-01;2.554168e-02;6.530114e-02;2.563483e-01;1.376932e-01;1.644703e-02;4.648430e-02;4.018787e-02;1.142132e-01;6.136201e-02
5.039459e-02;3.118444e-02;2.186036e-01;2.380972e-02;4.715735e-02;2.182391e-01;8.654956e-02;1.268126e-02;3.097006e-02;5.874883e-02;1.538001e-01;6.786136e-02
5.733598e-02;4.503786e-02;1.564566e-01;1.661231e-02;3.745309e-02;1.786339e-01;3.992734e-02;2.063524e-02;4.015283e-02;1.314321e-01;2.152544e-01;6.106846e-02
3.472847e-02;8.414757e-02;7.655307e-02;1.085698e-02;4.672294e-02;7.486463e-02;4.591177e-02;3.340817e-02;4.702720e-02;2.042035e-01;3.081125e-01;3.346315e-02
1.320454e-02;1.297668e-01;5.132208e-02;1.504225e-02;6.476341e-02;5.912590e-02;3.526734e-02;4.451295e-02;3.773068e-02;2.437936e-01;2.728506e-01;3.261982e-02
5.975344e-03;1.695475e-01;4.668906e-02;1.856852e-02;8.453406e-02;5.496303e-02;1.925115e-02;4.163941e-02;3.100003e-02;2.928233e-01;1.966070e-01;3.840160e-02
1.094447e-02;1.806682e-01;3.187855e-02;2.264218e-02;9.831358e-02;5.106981e-02;1.655910e-02;4.155451e-02;2.645455e-02;3.017646e-01;1.879483e-01;3.020216e-02
1.188367e-02;1.908605e-01;2.600322e-02;2.203868e-02;1.055694e-01;4.271116e-02;9.302340e-03;3.962764e-02;2.891935e-02;3.247177e-01;1.710531e-01;2.731328e-02
6.320827e-03;1.780870e-01;2.658054e-02;3.359096e-02;9.192561e-02;3.650612e-02;1.655408e-02;3.637405e-02;2.595303e-02;3.292592e-01;1.974795e-01;2.136915e-02
1.102020e-02;1.455610e-01;3.003995e-02;5.462738e-02;6.375985e-02;4.668913e-02;2.256582e-02;3.081693e-02;2.613532e-02;3.146098e-01;2.316388e-01;2.253574e-02
3.899994e-02;8.466467e-02;8.009996e-02;5.489310e-02;6.080476e-02;7.694161e-02;3.202189e-02;2.065185e-02;2.876302e-02;2.218024e-01;2.637693e-01;3.658742e-02
3.733800e-02;5.103159e-02;1.443261e-01;3.832768e-02;6.686239e-02;9.691012e-02;5.572323e-02;3.141823e-02;3.731472e-02;1.352832e-01;2.547447e-01;5.072007e-02
3.307825e-02;3.643782e-02;1.505560e-01;2.675955e-02;6.097707e-02;9.838817e-02;8.241827e-02;5.352126e-02;4.664386e-02;1.082909e-01;2.226931e-01;8.023582e-02
9.965668e-02;3.101427e-02;1.154815e-01;4.738646e-02;3.000004e-02;7.480849e-02;1.371555e-01;6.491526e-02;3.635842e-02;8.351266e-02;1.488661e-01;1.308445e-01
2.047518e-01;4.089662e-02;8.081612e-02;7.437617e-02;1.347862e-02;3.448356e-02;1.490959e-01;5.375566e-02;2.048290e-02;1.055148e-01;7.097548e-02;1.513723e-01
3.076443e-01;7.000268e-02;8.479459e-02;6.019514e-02;1.414223e-02;1.846722e-02;9.620603e-02;6.470799e-02;2.620826e-02;1.076504e-01;4.266910e-02;1.073120e-01
3.233327e-01;1.343977e-01;1.659875e-01;3.062875e-02;2.217345e-02;1.321068e-02;5.582832e-02;7.033601e-02;3.705361e-02;6.518881e-02;3.051076e-02;5.135170e-02
2.106073e-01;2.146816e-01;3.285411e-01;1.929607e-02;2.257526e-02;1.119439e-02;3.256024e-02;3.670749e-02;5.702740e-02;2.995320e-02;2.108528e-02;1.577066e-02
9.435692e-02;2.041894e-01;5.381251e-01;2.404278e-02;1.539775e-02;7.879201e-03;1.163217e-02;1.094096e-02;5.611524e-02;1.729933e-02;1.015808e-02;9.863012e-03
3.063382e-02;1.180710e-01;6.982361e-01;3.731935e-02;1.980509e-02;5.887470e-03;1.126956e-02;1.009790e-02;2.393814e-02;3.130635e-02;4.796052e-03;8.639180e-03
8.810247e-03;4.991451e-02;7.544503e-01;6.145336e-02;3.139693e-02;7.950631e-03;1.128914e-02;5.529005e-03;1.596400e-02;4.103391e-02;7.701162e-03;4.506733e-03
8.216730e-03;1.469302e-02;7.186729e-01;1.051378e-01;4.713807e-02;1.804804e-02;1.013600e-02;6.561332e-03;1.917477e-02;3.092175e-02;1.779312e-02;3.506476e-03
1.180856e-02;1.901484e-02;6.048107e-01;1.632457e-01;7.079413e-02;3.846694e-02;1.244562e-02;1.035749e-02;1.460550e-02;1.645893e-02;3.510027e-02;2.891332e-03
5.462395e-03;1.599982e-02;4.924136e-01;2.234290e-01;1.014677e-01;5.843800e-02;1.316755e-02;2.213802e-02;4.646312e-03;9.302557e-03;5.158709e-02;1.947971e-03
4.884303e-03;1.193933e-02;4.303381e-01;2.407803e-01;1.224687e-01;6.103448e-02;1.355059e-02;3.914481e-02;5.987070e-03;8.243224e-03;5.627215e-02;5.356942e-03
4.244231e-03;1.356358e-02;4.032023e-01;2.414002e-01;1.459980e-01;5.217983e-02;1.644335e-02;4.739130e-02;3.811345e-03;1.275212e-02;5.371107e-02;5.302682e-03
4.298261e-03;2.249876e-02;3.666370e-01;2.275957e-01;1.748594e-01;4.456186e-02;1.323839e-02;4.317328e-02;5.273860e-03;3.533404e-02;5.103683e-02;1.149261e-02
4.382764e-03;2.838103e-02;3.108718e-01;2.007473e-01;2.076842e-01;4.806420e-02;3.103581e-02;3.167744e-02;6.295379e-03;7.409843e-02;4.022635e-02;1.653544e-02
5.161100e-03;2.778834e-02;2.762583e-01;1.890196e-01;2.349300e-01;4.961059e-02;1.861205e-02;2.420887e-02;7.085666e-03;1.036055e-01;3.997658e-02;2.374348e-02
5.385503e-03;2.580426e-02;2.337817e-01;1.750796e-01;2.622195e-01;5.446700e-02;1.931478e-02;1.916542e-02;1.164977e-02;1.173695e-01;3.899507e-02;3.676794e-02
7.395093e-03;1.858643e-02;2.006649e-01;1.481837e-01;3.073423e-01;6.658861e-02;4.512974e-02;9.668457e-03;1.036114e-02;9.503039e-02;2.812620e-02;6.292306e-02
3.290432e-03;9.287886e-03;1.775800e-01;1.282867e-01;3.596185e-01;7.539256e-02;5.714633e-02;8.820428e-03;1.491434e-02;4.364419e-02;2.058582e-02;1.014329e-01
6.606448e-03;6.395265e-03;1.534508e-01;1.171598e-01;3.859184e-01;8.150212e-02;7.289515e-02;7.822480e-03;1.553147e-02;1.455911e-02;1.045787e-02;1.277011e-01
5.660210e-03;9.346135e-03;1.274628e-01;1.116352e-01;4.004986e-01;8.475943e-02;7.194355e-02;7.566361e-03;1.271314e-02;6.308441e-03;9.510224e-03;1.525959e-01
6.648879e-03;2.521844e-02;1.112148e-01;1.110220e-01;3.956617e-01;8.159145e-02;5.679757e-02;7.137362e-03;2.076482e-02;4.633939e-03;1.088646e-02;1.684227e-01
1.116867e-02;4.088423e-02;1.068264e-01;1.231425e-01;3.757623e-01;7.398152e-02;4.960961e-02;5.136882e-03;1.442727e-02;5.327137e-03;1.581641e-02;1.779170e-01
9.738629e-03;2.958246e-02;1.213008e-01;1.493541e-01;3.325719e-01;7.077402e-02;5.235667e-02;9.880994e-03;1.603141e-02;6.175364e-03;3.559888e-02;1.666347e-01
9.625333e-03;1.696715e-02;2.194804e-01;1.636261e-01;2.292427e-01;5.611879e-02;7.815006e-02;1.811664e-02;7.401761e-03;1.055081e-02;7.027652e-02;1.204437e-01
9.837747e-03;1.756167e-02;3.379041e-01;1.643601e-01;1.296147e-01;4.427495e-02;9.117800e-02;3.151343e-02;1.441276e-02;1.438302e-02;7.017514e-02;7.478432e-02
8.384938e-03;1.280016e-02;4.354297e-01;1.828527e-01;1.068792e-01;5.751472e-02;5.758596e-02;3.886568e-02;7.643591e-03;9.977597e-03;5.088522e-02;3.118055e-02
5.293454e-03;6.048575e-03;4.970689e-01;2.057592e-01;1.174523e-01;4.722928e-02;1.558774e-02;3.657776e-02;3.755424e-03;4.426726e-03;4.478943e-02;1.601119e-02
4.516863e-03;9.723010e-03;5.363845e-01;2.057423e-01;9.981634e-02;3.727670e-02;1.164502e-02;2.641740e-02;4.393219e-03;7.239495e-03;4.695439e-02;9.890712e-03
8.241924e-03;8.670345e-03;5.963921e-01;1.967793e-01;7.068731e-02;2.520796e-02;1.377582e-02;1.374786e-02;6.326352e-03;1.009780e-02;4.353639e-02;6.536778e-03
1.500514e-02;1.040915e-02;6.124095e-01;1.901728e-01;5.880339e-02;1.264545e-02;1.577815e-02;9.927852e-03;1.272016e-02;1.450394e-02;4.120745e-02;6.416981e-03
1.772111e-02;3.023427e-02;5.197427e-01;2.039146e-01;6.499659e-02;1.936595e-02;4.368513e-02;1.811858e-02;2.067580e-02;1.516221e-02;4.243837e-02;3.944663e-03
2.674640e-02;3.038616e-02;4.449026e-01;2.019411e-01;6.467652e-02;2.152160e-02;4.852518e-02;1.740029e-02;2.077652e-02;5.016016e-02;6.896157e-02;4.001934e-03
1.355296e-02;1.480364e-02;5.021521e-01;1.916059e-01;5.357213e-02;9.355606e-03;2.577771e-02;8.004530e-03;1.174059e-02;7.003810e-02;9.194452e-02;7.452246e-03
7.340360e-03;7.738955e-03;5.602649e-01;1.548535e-01;3.148172e-02;5.970248e-03;1.617980e-02;6.102139e-03;1.180083e-02;1.106139e-01;8.291773e-02;4.735849e-03
8.087877e-03;2.323485e-02;6.005245e-01;9.340973e-02;1.694432e-02;5.240684e-03;1.315757e-02;2.387624e-03;1.545842e-02;1.696119e-01;4.918844e-02;2.754123e-03
1.177349e-02;5.561678e-02;6.076972e-01;4.609782e-02;1.122478e-02;3.594853e-03;1.256290e-02;3.421413e-03;2.694094e-02;1.971413e-01;2.143039e-02;2.498149e-03
3.646688e-02;1.345718e-01;5.362700e-01;2.305279e-02;9.346066e-03;7.124317e-03;1.273870e-02;7.069249e-03;5.859751e-02;1.587249e-01;7.021859e-03;9.015937e-03
1.120598e-01;2.377407e-01;3.886026e-01;1.199145e-02;5.040743e-03;1.123185e-02;8.601237e-03;5.200327e-03;1.118123e-01;7.641518e-02;1.096451e-02;2.033927e-02
1.924183e-01;2.826439e-01;2.648103e-01;1.361720e-02;3.215998e-03;1.629398e-02;9.125841e-03;1.162624e-02;1.347448e-01;2.792757e-02;1.364583e-02;2.992997e-02
2.192259e-01;2.898929e-01;2.112099e-01;1.951697e-02;8.909672e-03;2.137006e-02;1.060151e-02;1.037654e-02;1.307339e-01;2.296091e-02;2.058037e-02;3.462138e-02
1.867165e-01;2.416337e-01;2.857891e-01;2.636416e-02;1.442980e-02;1.860054e-02;1.441459e-02;1.679712e-02;1.025463e-01;2.416603e-02;3.985177e-02;2.869038e-02
2.339606e-01;1.800384e-01;2.558081e-01;2.382838e-02;1.774066e-02;1.240257e-02;2.848906e-02;2.551612e-02;7.129134e-02;3.680436e-02;6.984317e-02;4.427724e-02
1.644572e-01;1.432037e-01;2.011046e-01;3.051000e-02;1.922509e-02;2.176603e-02;6.633250e-02;2.431516e-02;5.398897e-02;7.707036e-02;9.787643e-02;1.001499e-01
9.986986e-02;1.285704e-01;1.581693e-01;2.191911e-02;1.508158e-02;4.966163e-02;8.387908e-02;2.102024e-02;8.105279e-02;9.780208e-02;1.258879e-01;1.170861e-01
1.232817e-01;1.034094e-01;1.574759e-01;1.913695e-02;1.935825e-02;8.004510e-02;6.690523e-02;1.020412e-02;1.138693e-01;8.838447e-02;1.458290e-01;7.210056e-02
