1.827967e-01;9.640400e-02;8.472820e-02;3.261926e-02;3.969748e-02;5.155892e-02;1.383860e-01;3.020165e-02;6.791417e-02;6.515712e-02;1.022787e-01;1.082578e-01
1.089037e-01;1.025736e-01;8.142231e-02;5.067522e-02;5.033149e-02;6.311201e-02;1.401819e-01;5.046186e-02;8.212079e-02;6.407264e-02;1.106760e-01;9.546848e-02
1.041896e-01;1.246292e-01;6.854432e-02;3.574630e-02;6.745098e-02;4.858468e-02;1.083964e-01;7.146759e-02;1.117995e-01;8.195339e-02;1.069924e-01;7.024565e-02
8.209160e-02;1.126870e-01;1.012670e-01;6.286738e-02;5.357046e-02;2.535466e-02;1.050288e-01;8.535045e-02;9.105217e-02;8.459592e-02;1.003013e-01;9.583331e-02
1.010602e-01;1.044692e-01;1.062550e-01;9.612481e-02;5.972954e-02;2.302262e-02;8.573388e-02;9.127019e-02;8.467664e-02;7.326043e-02;7.865483e-02;9.574272e-02
1.224153e-01;1.263464e-01;1.220754e-01;7.956100e-02;7.053106e-02;4.209740e-02;1.030926e-01;7.782588e-02;8.459927e-02;5.030871e-02;5.010373e-02;7.104322e-02
1.349761e-01;9.448721e-02;1.278491e-01;4.712846e-02;9.704277e-02;5.995404e-02;1.081889e-01;8.895174e-02;8.547313e-02;4.506585e-02;5.482782e-02;5.605487e-02
1.275242e-01;3.871987e-02;1.484666e-01;3.571010e-02;1.019663e-01;5.576627e-02;1.996756e-01;7.695160e-02;6.219158e-02;3.921809e-02;6.798662e-02;4.582307e-02
9.923497e-02;5.664144e-02;1.269433e-01;3.934165e-02;6.377231e-02;6.406277e-02;3.110095e-01;6.213157e-02;3.122725e-02;4.628741e-02;5.845323e-02;4.089459e-02
8.862831e-02;5.602393e-02;9.602800e-02;5.657978e-02;9.813391e-02;6.607714e-02;3.313162e-01;5.076799e-02;3.468283e-02;3.794166e-02;4.075547e-02;4.306478e-02
1.075325e-01;6.762272e-02;1.047051e-01;7.569764e-02;1.285406e-01;7.807355e-02;2.176700e-01;3.943463e-02;9.163751e-02;3.147276e-02;1.992272e-02;3.769026e-02
7.782983e-02;8.988893e-02;1.388847e-01;7.693876e-02;1.144034e-01;7.626569e-02;1.038814e-01;8.010480e-02;8.629587e-02;4.860269e-02;4.292598e-02;6.397790e-02
7.130746e-02;1.251306e-01;1.597557e-01;1.332217e-01;9.743640e-02;4.739735e-02;4.447072e-02;1.039934e-01;2.284589e-02;4.084934e-02;5.569949e-02;9.789203e-02
1.299548e-01;1.306797e-01;8.315010e-02;1.017214e-01;1.028507e-01;4.037953e-02;6.246260e-02;5.324743e-02;7.419727e-02;1.624885e-02;6.249922e-02;1.426084e-01
2.311828e-01;1.226039e-01;6.841144e-02;4.401911e-02;8.163825e-02;5.782662e-02;8.123274e-02;2.519990e-02;6.456719e-02;3.312117e-02;5.549536e-02;1.347015e-01
2.989799e-01;1.397590e-01;6.854615e-02;3.538394e-02;5.520778e-02;8.122668e-02;9.694819e-02;2.834163e-02;2.007403e-02;6.921519e-02;2.509184e-02;8.122563e-02
2.426892e-01;1.505592e-01;6.899794e-02;6.001532e-02;3.698730e-02;8.982767e-02;1.324821e-01;2.619575e-02;2.898089e-02;9.635865e-02;3.693963e-02;2.996638e-02
1.705528e-01;1.783893e-01;7.919469e-02;7.610337e-02;2.331118e-02;8.685261e-02;1.910999e-01;1.249051e-02;1.705036e-02;1.024100e-01;4.671296e-02;1.583228e-02
1.436867e-01;1.899769e-01;4.288399e-02;6.720353e-02;3.619248e-02;7.786904e-02;2.729571e-01;8.948858e-03;7.917181e-03;9.506998e-02;4.574656e-02;1.154771e-02
1.196097e-01;1.660935e-01;2.960986e-02;3.112456e-02;8.206577e-02;6.010670e-02;3.415299e-01;1.695460e-02;6.881574e-03;6.688871e-02;7.239261e-02;6.742463e-03
8.005188e-02;1.428125e-01;3.543059e-02;1.752810e-02;1.207384e-01;4.104704e-02;3.765708e-01;3.549294e-02;1.232584e-02;3.529236e-02;9.502766e-02;7.681900e-03
5.536912e-02;1.232212e-01;6.320918e-02;1.029783e-02;1.252409e-01;2.833058e-02;3.840421e-01;7.541391e-02;1.145196e-02;1.309956e-02;1.017865e-01;8.537189e-03
3.523491e-02;1.048183e-01;1.150628e-01;8.407407e-03;1.002654e-01;2.153654e-02;3.574894e-01;1.391139e-01;7.418920e-03;6.319142e-03;8.826873e-02;1.606448e-02
2.151337e-02;7.714985e-02;1.858230e-01;9.863617e-03;5.326052e-02;1.516880e-02;2.888907e-01;2.339987e-01;7.576978e-03;7.174392e-03;6.228328e-02;3.729682e-02
9.992689e-03;5.330151e-02;2.511114e-01;1.276505e-02;1.700733e-02;2.201177e-02;2.023884e-01;3.007830e-01;2.018225e-02;1.069131e-02;3.637692e-02;6.338834e-02
1.365979e-02;6.402558e-02;2.863814e-01;1.433278e-02;1.341578e-02;1.791700e-02;1.557932e-01;2.806784e-01;2.829415e-02;1.276902e-02;3.392066e-02;7.881224e-02
4.501177e-02;8.932190e-02;2.737936e-01;2.113606e-02;1.792318e-02;1.660405e-02;1.665014e-01;1.903050e-01;3.385297e-02;1.823149e-02;4.886567e-02;7.845292e-02
5.702009e-02;1.034301e-01;2.499125e-01;3.710609e-02;3.476747e-02;3.037490e-02;1.887275e-01;8.207732e-02;5.079066e-02;2.367768e-02;6.915587e-02;7.295985e-02
1.528742e-02;1.259287e-01;2.536829e-01;3.791223e-02;2.627668e-02;3.648373e-02;2.488953e-01;4.613565e-02;5.866740e-02;2.703143e-02;8.113658e-02;4.256205e-02
4.055771e-02;1.166553e-01;2.834410e-01;3.813604e-02;2.223706e-02;3.016919e-02;2.325451e-01;5.062696e-02;5.522689e-02;3.293493e-02;6.203802e-02;3.543171e-02
1.865995e-02;9.953690e-02;3.507038e-01;3.936924e-02;2.497371e-02;2.067843e-02;1.809388e-01;9.802788e-02;4.340474e-02;2.420028e-02;5.311699e-02;4.638930e-02
1.887517e-02;1.040740e-01;3.774447e-01;3.233762e-02;2.703770e-02;1.052813e-02;1.884770e-01;1.058338e-01;2.257443e-02;1.354244e-02;5.868047e-02;4.059450e-02
3.506881e-02;1.428909e-01;3.084633e-01;1.233457e-02;3.671577e-02;1.116787e-02;2.441943e-01;8.307660e-02;1.076072e-02;8.256588e-03;8.146797e-02;2.560266e-02
5.430255e-02;1.894431e-01;1.985932e-01;1.100891e-02;4.602248e-02;1.665119e-02;2.943609e-01;6.550187e-02;7.808800e-03;5.750633e-03;9.651917e-02;1.403711e-02
8.129683e-02;2.350755e-01;9.545333e-02;1.634337e-02;5.442167e-02;2.017978e-02;3.115539e-01;5.392221e-02;1.178045e-02;8.764504e-03;9.921812e-02;1.199031e-02
1.226400e-01;2.616387e-01;5.729106e-02;4.153498e-02;5.620943e-02;1.741688e-02;2.730610e-01;4.285784e-02;1.489747e-02;1.443291e-02;8.804539e-02;9.974401e-03
1.850307e-01;2.237477e-01;9.005933e-02;7.664550e-02;4.498317e-02;3.045200e-02;1.857253e-01;2.955379e-02;1.320926e-02;4.345876e-02;6.069807e-02;1.643652e-02
2.372206e-01;1.606358e-01;8.568218e-02;9.148648e-02;4.310780e-02;4.714428e-02;1.081635e-01;1.789601e-02;3.871527e-02;7.279615e-02;4.835765e-02;4.879431e-02
1.921486e-01;1.106159e-01;1.193855e-01;7.828701e-02;6.843913e-02;5.188243e-02;3.984907e-02;2.877301e-02;8.724365e-02;7.423441e-02;3.551190e-02;1.136294e-01
8.402730e-02;1.208702e-01;1.575567e-01;7.237980e-02;1.010860e-01;4.769445e-02;4.535033e-02;2.997677e-02;9.613962e-02;3.537025e-02;4.333665e-02;1.662120e-01
8.390515e-02;1.185232e-01;1.242907e-01;8.560111e-02;1.005748e-01;3.854016e-02;7.249919e-02;6.834784e-02;8.078383e-02;1.885116e-02;6.467448e-02;1.434083e-01
1.196955e-01;7.759362e-02;6.731970e-02;5.536087e-02;9.774800e-02;6.500223e-02;1.156999e-01;3.849506e-02;1.485335e-01;4.514946e-02;5.565425e-02;1.137480e-01
2.041224e-01;6.839687e-02;6.915871e-02;4.831306e-02;7.393795e-02;1.025059e-01;1.320403e-01;2.220451e-02;9.230717e-02;9.619249e-02;2.985586e-02;6.096478e-02
2.475949e-01;1.156238e-01;6.489214e-02;3.769421e-02;4.148945e-02;8.207391e-02;1.618151e-01;1.192535e-02;3.179939e-02;1.222297e-01;5.489805e-02;2.796398e-02
2.049632e-01;1.883103e-01;5.965578e-02;2.022964e-02;2.234078e-02;5.220137e-02;1.950073e-01;9.286757e-03;1.565104e-02;1.110195e-01;1.064581e-01;1.487611e-02
1.304118e-01;2.482223e-01;7.238521e-02;1.094773e-02;1.976821e-02;2.456354e-02;2.081922e-01;2.183419e-02;1.311453e-02;7.396366e-02;1.674882e-01;9.108481e-03
7.691254e-02;2.719232e-01;1.000715e-01;7.959926e-03;2.200376e-02;1.194851e-02;2.183186e-01;2.683668e-02;8.264137e-03;3.550550e-02;2.025385e-01;1.771719e-02
6.196319e-02;2.699497e-01;1.296629e-01;8.934109e-03;2.366144e-02;1.204349e-02;2.320681e-01;2.751114e-02;6.605445e-03;1.003697e-02;1.914948e-01;2.606876e-02
6.254967e-02;2.780993e-01;1.279486e-01;4.891323e-03;2.373801e-02;1.339622e-02;2.657966e-01;2.659993e-02;7.102245e-03;6.116514e-03;1.643678e-01;1.939373e-02
7.079296e-02;2.986016e-01;1.065371e-01;3.231011e-03;2.237542e-02;1.744813e-02;2.913082e-01;2.465724e-02;1.069964e-02;9.297182e-03;1.372008e-01;7.850762e-03
1.019054e-01;2.964576e-01;8.047077e-02;6.011960e-03;2.174686e-02;2.464693e-02;2.934690e-01;1.807523e-02;1.054038e-02;2.968334e-02;1.092143e-01;7.778354e-03
1.678021e-01;2.526727e-01;4.722153e-02;1.065796e-02;2.603510e-02;3.742432e-02;2.579375e-01;1.417421e-02;2.179812e-02;7.558393e-02;7.867908e-02;1.001349e-02
2.070405e-01;1.747484e-01;5.476490e-02;2.117651e-02;4.033754e-02;4.835993e-02;1.771161e-01;1.996845e-02;6.078772e-02;1.142749e-01;5.689481e-02;2.453020e-02
1.834928e-01;1.100591e-01;9.992085e-02;3.055787e-02;6.007233e-02;4.488278e-02;8.556852e-02;2.092622e-02;1.380634e-01;1.116434e-01;5.839038e-02;5.642243e-02
7.130265e-02;1.046783e-01;1.567922e-01;4.063208e-02;6.935526e-02;3.282641e-02;7.433160e-02;5.904257e-02;1.825919e-01;5.268252e-02;6.520601e-02;9.055849e-02
1.053712e-01;1.634893e-01;2.055897e-01;4.868399e-02;5.254742e-02;2.132495e-02;9.159210e-02;6.027675e-02;1.102853e-01;2.919659e-02;3.604526e-02;7.559737e-02
7.756555e-02;2.457452e-01;1.241849e-01;3.006609e-02;5.475923e-02;5.204172e-02;1.630734e-01;4.401415e-02;6.974570e-02;5.403550e-02;3.257993e-02;5.218858e-02
9.453571e-02;2.267994e-01;6.978877e-02;3.166773e-02;4.348422e-02;4.630336e-02;1.776944e-01;7.298397e-02;1.290688e-01;6.556498e-02;2.650698e-02;1.560163e-02
7.415137e-02;2.134667e-01;1.169167e-01;4.162853e-02;6.242095e-02;4.212675e-02;1.631359e-01;5.066425e-02;8.575535e-02;4.151468e-02;7.409663e-02;3.412225e-02
5.406157e-02;1.297004e-01;1.468759e-01;5.066258e-02;6.005725e-02;6.353387e-02;1.405061e-01;6.340840e-02;8.445951e-02;8.103477e-02;8.745582e-02;3.824376e-02
8.277266e-02;7.729834e-02;1.416209e-01;7.086619e-02;4.955126e-02;5.796624e-02;1.498593e-01;4.834137e-02;1.271864e-01;8.939464e-02;7.129349e-02;3.384916e-02
6.626287e-02;6.737459e-02;1.889280e-01;8.181765e-02;7.558994e-02;3.659841e-02;1.080626e-01;6.593544e-02;1.081054e-01;8.225444e-02;8.941334e-02;2.965725e-02
6.974874e-02;8.537543e-02;1.239995e-01;8.727504e-02;1.025423e-01;8.178779e-02;1.012764e-01;5.813590e-02;6.453040e-02;8.152508e-02;9.038499e-02;5.341846e-02
1.236757e-01;8.569647e-02;1.404885e-01;4.565182e-02;6.437758e-02;7.377046e-02;9.812471e-02;5.884059e-02;7.394412e-02;5.678384e-02;8.796276e-02;9.068348e-02
1.365711e-01;1.150466e-01;1.504381e-01;3.277721e-02;4.023501e-02;3.659419e-02;1.336029e-01;6.551418e-02;3.813408e-02;3.994237e-02;1.119304e-01;9.921381e-02
1.170164e-01;1.479943e-01;1.347343e-01;2.709296e-02;2.898830e-02;2.080565e-02;1.614415e-01;5.309613e-02;3.566213e-02;6.401779e-02;1.336449e-01;7.550565e-02
1.773157e-01;1.522881e-01;9.063589e-02;2.277337e-02;2.442824e-02;4.397523e-02;1.657664e-01;2.930266e-02;2.704961e-02;1.032538e-01;1.177883e-01;4.542269e-02
2.885543e-01;1.339079e-01;3.135257e-02;2.265983e-02;3.036468e-02;7.225495e-02;1.547039e-01;9.045303e-03;1.354924e-02;1.563274e-01;6.607549e-02;2.120450e-02
3.641656e-01;1.069971e-01;1.683907e-02;2.404469e-02;4.112305e-02;8.827569e-02;1.161613e-01;1.287248e-02;1.624481e-02;1.717632e-01;1.517891e-02;2.633401e-02
3.969289e-01;1.183526e-01;1.020625e-02;1.988488e-02;4.091940e-02;9.130822e-02;9.874197e-02;1.298597e-02;2.678888e-02;1.480880e-01;6.176112e-03;2.961887e-02
4.018898e-01;1.503869e-01;1.856832e-02;3.631517e-02;3.270933e-02;8.517702e-02;9.510438e-02;1.309664e-02;1.576332e-02;1.190074e-01;4.081690e-03;2.789996e-02
3.806551e-01;1.715204e-01;1.402201e-02;6.217597e-02;2.596660e-02;7.816969e-02;1.025366e-01;1.121342e-02;1.707229e-02;1.026196e-01;1.185501e-02;2.219335e-02
3.389718e-01;2.049391e-01;2.741464e-02;7.316411e-02;2.510545e-02;7.291064e-02;1.248745e-01;5.219041e-03;3.772830e-03;9.388834e-02;1.563236e-02;1.410726e-02
2.867507e-01;2.377549e-01;2.602573e-02;6.873723e-02;3.979825e-02;6.778061e-02;1.461615e-01;3.566875e-03;3.834442e-03;8.691212e-02;2.354003e-02;9.137552e-03
2.624073e-01;2.289974e-01;2.909299e-02;6.200173e-02;5.265457e-02;7.638089e-02;1.608004e-01;5.639170e-03;3.010495e-03;9.083283e-02;1.978841e-02;8.393790e-03
2.710394e-01;2.035054e-01;2.461656e-02;5.958496e-02;3.746288e-02;9.489755e-02;1.659734e-01;4.482793e-03;5.434712e-03;1.061750e-01;1.764020e-02;9.187142e-03
2.844257e-01;1.742021e-01;1.337934e-02;5.327802e-02;2.254758e-02;1.120820e-01;1.832047e-01;5.657410e-03;4.094851e-03;1.197852e-01;1.577142e-02;1.157169e-02
2.972149e-01;1.396585e-01;1.307617e-02;4.297905e-02;2.059936e-02;1.280036e-01;1.801992e-01;9.904659e-03;6.534546e-03;1.276667e-01;1.734824e-02;1.681507e-02
3.119946e-01;1.140574e-01;2.294486e-02;4.301012e-02;2.324699e-02;1.410010e-01;1.467222e-01;1.752605e-02;1.381457e-02;1.350060e-01;1.210436e-02;1.857200e-02
2.930495e-01;1.373501e-01;3.877593e-02;4.719278e-02;2.079055e-02;1.436552e-01;1.357222e-01;2.240430e-02;8.614177e-03;1.304144e-01;9.148487e-03;1.288241e-02
2.549759e-01;1.367316e-01;4.376953e-02;4.446579e-02;2.391734e-02;1.589394e-01;1.390679e-01;3.052677e-02;1.344685e-02;1.255392e-01;1.589852e-02;1.272110e-02
2.480745e-01;9.349122e-02;3.097636e-02;4.239671e-02;3.677083e-02;2.080431e-01;1.157735e-01;5.297574e-02;2.195623e-02;1.227344e-01;1.037646e-02;1.643085e-02
2.427048e-01;5.450448e-02;2.491263e-02;3.059944e-02;4.734484e-02;2.565854e-01;9.581976e-02;7.634292e-02;2.743284e-02;1.184218e-01;5.701331e-03;1.962981e-02
2.271425e-01;4.376614e-02;2.639553e-02;2.315086e-02;6.442793e-02;2.756013e-01;9.063251e-02;7.914729e-02;4.086268e-02;1.005663e-01;3.305808e-03;2.500111e-02
2.108452e-01;4.304680e-02;4.114641e-02;1.633497e-02;9.142673e-02;2.588597e-01;8.324354e-02;5.657709e-02;8.251737e-02;7.571940e-02;8.834410e-03;3.144841e-02
2.005153e-01;3.340910e-02;7.114129e-02;8.255357e-03;1.350549e-01;2.414049e-01;5.319832e-02;2.909415e-02;1.205781e-01;5.404260e-02;1.242688e-02;4.087901e-02
1.666520e-01;2.390327e-02;9.952250e-02;1.144442e-02;1.788181e-01;2.128047e-01;5.124380e-02;1.770516e-02;1.447020e-01;3.344464e-02;1.397254e-02;4.578674e-02
1.405822e-01;1.389469e-02;1.169346e-01;1.575553e-02;2.163980e-01;1.875553e-01;5.697601e-02;1.036609e-02;1.623304e-01;1.713299e-02;1.345911e-02;4.861511e-02
1.110906e-01;1.077399e-02;1.204894e-01;2.488718e-02;2.515891e-01;1.523065e-01;5.900341e-02;1.080218e-02;1.829391e-01;8.823434e-03;1.148676e-02;5.580836e-02
8.451236e-02;1.521013e-02;9.878121e-02;4.728067e-02;2.710411e-01;1.149353e-01;7.467633e-02;2.474889e-02;1.778463e-01;9.739749e-03;1.201102e-02;6.921702e-02
5.741766e-02;3.345137e-02;7.152333e-02;9.730043e-02;2.630887e-01;8.164933e-02;7.710832e-02;5.241217e-02;1.397561e-01;1.222704e-02;2.733588e-02;8.672964e-02
3.578354e-02;6.187867e-02;7.248205e-02;1.661973e-01;2.149753e-01;5.334085e-02;4.746074e-02;1.120893e-01;7.406872e-02;1.703893e-02;5.759186e-02;8.709279e-02
1.770457e-02;6.854139e-02;8.904612e-02;1.997926e-01;1.460625e-01;6.266630e-02;3.075254e-02;1.651194e-01;5.598622e-02;1.898227e-02;9.213679e-02;5.320930e-02
2.327601e-02;5.302999e-02;1.552710e-01;1.941882e-01;8.713616e-02;6.899257e-02;6.777482e-02;1.636259e-01;3.364500e-02;2.050991e-02;1.070266e-01;2.552387e-02
3.793659e-02;3.665432e-02;2.787493e-01;1.404768e-01;4.813054e-02;5.684368e-02;1.653101e-01;8.348960e-02;2.277087e-02;4.225443e-02;6.928486e-02;1.809885e-02
3.378184e-02;3.036664e-02;3.803436e-01;7.285912e-02;5.037938e-02;3.818847e-02;2.500974e-01;3.516326e-02;1.507780e-02;5.583572e-02;2.761547e-02;1.029129e-02
2.562132e-02;4.219561e-02;3.917632e-01;3.592030e-02;5.966365e-02;4.269396e-02;2.669525e-01;3.975720e-02;2.151502e-02;4.874447e-02;1.156405e-02;1.360879e-02
2.623287e-02;8.638670e-02;3.415918e-01;3.875386e-02;4.890592e-02;1.030505e-01;2.168076e-01;2.588543e-02;3.184369e-02;3.214892e-02;1.368736e-02;3.470534e-02
3.568720e-02;1.496221e-01;2.672878e-01;3.921872e-02;3.872087e-02;1.725191e-01;1.134347e-01;3.185684e-02;5.520558e-02;3.084620e-02;1.950554e-02;4.609530e-02
4.330635e-02;1.305816e-01;2.582428e-01;6.034787e-02;5.116396e-02;1.629230e-01;1.017885e-01;4.132087e-02;2.730035e-02;4.417170e-02;4.846397e-02;3.038915e-02
4.265759e-02;6.635403e-02;2.549848e-01;7.320487e-02;5.563124e-02;1.473903e-01;1.641841e-01;4.367096e-02;4.336369e-02;2.117248e-02;6.490311e-02;2.248280e-02
3.642278e-02;4.409912e-02;1.865131e-01;9.433134e-02;7.383144e-02;1.624776e-01;1.230009e-01;6.342671e-02;7.130805e-02;5.399822e-02;7.577575e-02;1.481492e-02
4.769883e-02;5.332717e-02;1.167553e-01;1.369273e-01;6.668896e-02;1.650115e-01;1.134093e-01;8.595961e-02;3.270475e-02;8.146285e-02;8.259740e-02;1.745704e-02
2.113547e-02;4.531512e-02;1.512973e-01;1.363933e-01;6.516343e-02;1.081804e-01;1.578839e-01;9.485141e-02;5.122174e-02;6.400459e-02;7.230359e-02;3.224978e-02
2.444434e-02;3.980616e-02;1.745101e-01;1.088681e-01;1.193441e-01;7.601794e-02;1.602665e-01;6.165678e-02;9.869818e-02;4.547963e-02;4.819942e-02;4.270883e-02
2.791876e-02;5.193844e-02;1.548590e-01;4.216443e-02;1.758309e-01;8.861905e-02;1.670022e-01;3.651229e-02;1.275522e-01;4.300563e-02;4.038603e-02;4.421109e-02
5.271181e-02;5.451538e-02;1.314162e-01;8.786109e-02;1.528502e-01;1.175458e-01;1.403985e-01;3.520422e-02;7.944287e-02;5.963775e-02;5.798909e-02;3.042722e-02
3.895764e-02;5.116062e-02;1.335004e-01;8.497448e-02;1.508762e-01;1.845142e-01;1.243752e-01;1.924928e-02;8.746507e-02;4.372108e-02;4.783836e-02;3.336746e-02
5.486784e-02;7.923841e-02;7.333552e-02;9.234161e-02;8.203411e-02;1.654602e-01;1.264719e-01;8.471100e-02;1.219262e-01;3.890964e-02;4.272366e-02;3.797992e-02
6.133534e-02;7.739766e-02;1.391008e-01;1.072526e-01;9.121201e-02;1.231671e-01;1.364868e-01;8.290742e-02;5.581641e-02;3.724894e-02;5.254735e-02;3.552756e-02
6.859277e-02;5.541357e-02;7.807916e-02;1.182168e-01;8.179580e-02;1.047438e-01;1.485464e-01;8.259031e-02;9.956379e-02;3.872904e-02;7.684428e-02;4.688428e-02
6.636542e-02;4.212379e-02;1.461331e-01;1.117025e-01;8.307322e-02;5.477228e-02;1.450657e-01;9.396431e-02;1.228918e-01;4.028435e-02;5.586794e-02;3.775547e-02
5.016219e-02;3.937681e-02;1.782198e-01;1.065656e-01;9.296571e-02;8.644430e-02;1.175387e-01;7.522372e-02;1.169274e-01;5.678784e-02;5.153381e-02;2.825417e-02
4.558496e-02;4.898313e-02;2.073896e-01;4.532190e-02;7.430518e-02;1.094674e-01;1.501688e-01;8.383677e-02;9.978585e-02;6.427490e-02;4.369918e-02;2.718234e-02
4.428045e-02;5.053551e-02;1.981817e-01;6.832074e-02;6.993429e-02;1.094668e-01;1.905428e-01;7.789624e-02;8.031577e-02;4.841719e-02;3.435338e-02;2.775505e-02
3.136569e-02;4.794278e-02;2.039207e-01;1.095491e-01;9.802117e-02;1.353270e-01;1.921516e-01;3.313040e-02;5.930047e-02;4.015480e-02;2.097908e-02;2.815722e-02
3.556424e-02;3.899776e-02;1.237904e-01;1.456362e-01;8.873715e-02;1.349525e-01;1.430540e-01;1.296923e-01;5.910984e-02;2.080645e-02;5.739871e-02;2.226046e-02
6.564233e-02;7.038323e-02;1.790380e-01;1.168445e-01;5.034628e-02;5.531204e-02;1.519575e-01;1.049030e-01;8.935206e-02;3.248819e-02;6.069366e-02;2.303917e-02
9.769373e-02;6.149418e-02;2.310733e-01;8.901703e-02;4.845683e-02;1.040385e-01;5.506314e-02;1.128670e-01;7.586994e-02;4.456709e-02;4.480622e-02;3.505294e-02
7.540055e-02;7.252368e-02;1.588711e-01;6.455463e-02;7.106474e-02;1.094146e-01;1.192162e-01;1.424078e-01;5.256872e-02;4.627100e-02;5.029124e-02;3.741582e-02
9.481593e-02;8.022042e-02;1.604204e-01;9.033573e-02;6.187037e-02;5.594920e-02;1.161938e-01;9.813584e-02;8.653092e-02;5.347945e-02;5.461252e-02;4.743548e-02
1.219874e-01;7.818438e-02;2.264998e-01;8.046301e-02;5.404421e-02;3.314583e-02;8.488406e-02;6.278075e-02;9.089392e-02;6.136030e-02;6.789355e-02;3.786277e-02
1.176506e-01;5.888609e-02;2.442224e-01;6.351277e-02;7.478448e-02;2.849282e-02;1.006292e-01;4.783054e-02;8.806913e-02;5.699603e-02;7.752181e-02;4.140412e-02
8.962632e-02;6.126033e-02;1.945594e-01;5.307285e-02;9.584721e-02;4.198519e-02;1.079164e-01;5.590716e-02;9.219358e-02;9.650005e-02;4.299052e-02;6.814100e-02
1.161475e-01;7.990450e-02;1.358761e-01;8.760522e-02;8.922935e-02;6.425980e-02;7.685027e-02;3.833582e-02;9.287484e-02;1.221434e-01;3.795609e-02;5.881697e-02
1.121836e-01;9.699735e-02;1.282880e-01;1.046857e-01;9.905277e-02;7.374287e-02;5.527446e-02;4.059217e-02;5.589592e-02;1.026770e-01;8.592271e-02;4.468750e-02
8.463565e-02;5.890251e-02;1.410477e-01;9.351342e-02;1.012900e-01;6.913993e-02;8.186496e-02;8.740295e-02;9.005427e-02;5.435360e-02;8.896269e-02;4.883232e-02
2.815281e-02;9.343980e-02;9.112186e-02;8.230455e-02;7.686318e-02;4.953466e-02;1.028806e-01;1.006407e-01;1.041738e-01;1.004186e-01;1.083190e-01;6.215030e-02
5.696576e-02;1.114427e-01;1.230713e-01;7.676218e-02;7.077829e-02;3.767539e-02;1.097303e-01;8.293870e-02;9.374706e-02;1.073210e-01;9.124860e-02;3.831871e-02
6.605867e-02;1.145442e-01;1.478041e-01;7.221046e-02;6.877735e-02;2.683269e-02;1.054665e-01;6.493171e-02;9.297446e-02;1.241603e-01;6.348621e-02;5.275337e-02
9.631476e-02;1.006099e-01;1.672230e-01;6.198755e-02;5.957947e-02;4.413698e-02;5.996308e-02;6.198746e-02;8.048736e-02;1.163704e-01;9.363032e-02;5.770973e-02
8.622585e-02;6.378157e-02;1.532552e-01;5.595079e-02;5.507321e-02;4.967940e-02;1.259695e-01;8.667380e-02;5.398705e-02;6.600100e-02;1.165809e-01;8.682165e-02
8.061066e-02;6.344157e-02;1.760423e-01;6.893679e-02;5.877867e-02;4.367004e-02;1.327391e-01;9.934761e-02;3.042678e-02;6.275591e-02;1.106788e-01;7.257177e-02
7.799128e-02;9.886091e-02;1.800213e-01;6.787507e-02;4.721459e-02;3.967768e-02;1.799993e-01;8.115827e-02;3.564979e-02;5.551169e-02;8.683654e-02;4.920355e-02
1.007423e-01;1.169455e-01;1.400294e-01;5.439888e-02;3.075505e-02;8.683961e-02;2.190089e-01;5.100589e-02;4.276729e-02;6.125699e-02;5.468012e-02;4.157011e-02
1.490250e-01;8.972561e-02;7.963854e-02;3.699402e-02;6.759682e-02;1.663402e-01;1.747984e-01;5.383462e-02;5.763982e-02;5.866781e-02;2.528244e-02;4.045675e-02
1.506000e-01;4.732872e-02;9.070494e-02;2.895302e-02;1.442781e-01;2.179490e-01;9.635739e-02;4.401394e-02;5.920142e-02;3.641102e-02;2.388434e-02;6.031814e-02
8.908559e-02;2.600323e-02;1.339104e-01;4.803726e-02;2.174408e-01;1.606012e-01;8.132892e-02;2.062862e-02;7.487179e-02;2.282623e-02;2.589262e-02;9.937330e-02
6.333601e-02;3.650422e-02;1.445855e-01;8.952767e-02;2.119198e-01;8.846616e-02;8.987675e-02;3.091614e-02;1.086264e-01;1.726786e-02;2.085653e-02;9.811693e-02
4.827370e-02;5.514060e-02;1.763547e-01;1.201478e-01;1.444559e-01;6.245992e-02;1.110016e-01;5.329162e-02;1.080746e-01;1.859892e-02;3.091589e-02;7.128470e-02
5.440004e-02;8.361425e-02;2.315983e-01;1.329907e-01;1.002713e-01;4.898149e-02;1.101693e-01;6.310486e-02;7.907176e-02;2.719092e-02;2.793363e-02;4.067350e-02
4.916264e-02;8.656870e-02;2.969159e-01;1.175797e-01;1.409390e-01;5.678731e-02;7.179423e-02;5.456698e-02;3.434771e-02;2.117439e-02;4.398546e-02;2.617792e-02
4.881555e-02;7.621516e-02;3.028333e-01;1.055451e-01;1.749082e-01;6.409942e-02;3.757102e-02;5.469698e-02;3.049557e-02;1.455833e-02;4.382583e-02;4.643556e-02
2.653834e-02;5.955507e-02;3.447829e-01;1.388700e-01;1.577831e-01;5.457201e-02;4.668007e-02;5.757074e-02;7.132577e-03;1.757624e-02;5.145346e-02;3.748552e-02
2.832892e-02;3.681649e-02;4.272186e-01;1.559169e-01;1.178399e-01;4.220114e-02;3.405389e-02;4.483907e-02;1.419592e-02;1.806995e-02;5.514831e-02;2.537096e-02
3.913313e-02;2.669044e-02;5.133376e-01;1.247661e-01;8.017721e-02;3.177562e-02;5.637814e-02;2.285591e-02;1.232747e-02;3.376527e-02;4.211476e-02;1.667832e-02
3.946931e-02;2.586865e-02;5.876935e-01;8.415986e-02;5.202822e-02;2.259288e-02;6.843884e-02;1.907275e-02;9.696236e-03;4.883897e-02;2.852506e-02;1.361572e-02
3.736167e-02;3.508859e-02;5.784196e-01;6.051454e-02;3.575283e-02;2.872975e-02;8.725574e-02;1.591184e-02;2.130988e-02;5.784731e-02;2.556203e-02;1.624625e-02
3.409559e-02;6.104441e-02;5.385101e-01;4.764276e-02;2.325382e-02;3.551112e-02;9.303640e-02;1.973123e-02;3.897151e-02;6.157164e-02;2.308888e-02;2.354250e-02
2.219432e-02;9.124149e-02;5.318818e-01;4.322453e-02;2.040002e-02;3.352103e-02;6.436072e-02;2.602305e-02;4.012378e-02;7.240139e-02;1.505129e-02;3.957653e-02
4.019376e-02;9.335062e-02;5.120397e-01;3.449108e-02;2.577070e-02;3.272448e-02;5.267363e-02;1.982913e-02;3.533444e-02;9.049428e-02;2.738901e-02;3.570908e-02
3.406591e-02;5.442521e-02;5.110975e-01;3.342695e-02;2.853550e-02;3.003263e-02;1.044794e-01;2.922137e-02;2.582811e-02;8.263332e-02;4.712319e-02;1.913096e-02
4.952760e-02;5.130238e-02;4.927427e-01;5.321784e-02;4.002883e-02;2.539006e-02;1.196989e-01;1.966309e-02;2.443554e-02;6.076668e-02;4.943562e-02;1.379068e-02
7.580449e-02;4.469468e-02;3.854028e-01;7.497878e-02;5.705350e-02;3.441088e-02;1.168734e-01;3.219045e-02;4.154011e-02;5.753653e-02;4.438205e-02;3.513232e-02
8.332772e-02;4.578693e-02;2.274942e-01;9.593034e-02;6.494965e-02;3.576889e-02;1.364453e-01;4.486373e-02;7.990782e-02;8.067255e-02;5.260002e-02;5.225277e-02
5.446397e-02;7.156107e-02;1.679760e-01;7.343928e-02;4.971517e-02;4.361134e-02;2.390652e-01;5.833404e-02;7.723092e-02;6.549808e-02;6.774782e-02;3.135714e-02
9.255383e-02;8.238569e-02;1.582319e-01;3.788204e-02;5.488867e-02;4.578547e-02;3.106481e-01;5.918695e-02;4.351921e-02;3.346016e-02;6.285460e-02;1.860339e-02
1.411400e-01;7.819599e-02;6.057303e-02;3.838813e-02;9.813983e-02;6.375511e-02;2.616048e-01;5.750360e-02;4.626063e-02;5.730078e-02;5.655016e-02;4.058786e-02
8.775838e-02;6.295047e-02;1.866247e-01;5.088685e-02;1.094533e-01;6.326506e-02;1.495520e-01;4.504513e-02;4.551876e-02;8.213761e-02;5.641908e-02;6.038855e-02
4.596166e-02;9.073803e-02;2.180888e-01;6.160264e-02;8.769414e-02;5.463955e-02;1.258436e-01;6.116728e-02;3.936303e-02;8.332739e-02;7.529264e-02;5.628120e-02
1.145455e-01;6.161970e-02;1.700621e-01;5.928309e-02;8.413455e-02;6.661077e-02;1.795287e-01;7.487243e-02;3.969755e-02;3.283323e-02;6.210893e-02;5.470339e-02
1.839991e-01;9.074784e-02;8.555448e-02;4.317417e-02;6.327288e-02;7.995012e-02;2.442948e-01;5.884834e-02;3.887779e-02;3.686399e-02;2.912048e-02;4.529603e-02
1.865315e-01;1.365594e-01;4.028121e-02;2.700561e-02;4.101180e-02;7.423814e-02;3.427554e-01;3.823098e-02;2.992699e-02;3.393854e-02;2.048261e-02;2.903776e-02
9.674320e-02;1.783280e-01;8.696210e-02;1.305737e-02;3.115861e-02;5.002525e-02;4.055479e-01;4.322943e-02;2.710275e-02;2.348464e-02;3.157523e-02;1.278560e-02
4.910866e-02;1.834555e-01;1.255593e-01;6.686253e-03;3.077605e-02;3.421803e-02;4.274972e-01;5.123271e-02;2.581419e-02;1.721813e-02;4.183782e-02;6.596136e-03
5.415379e-02;1.816268e-01;1.603814e-01;4.564016e-03;3.326785e-02;2.599348e-02;4.179755e-01;4.537063e-02;1.664266e-02;1.168156e-02;4.455090e-02;3.791335e-03
5.971485e-02;1.622457e-01;2.041791e-01;4.717100e-03;2.871006e-02;2.316508e-02;3.938914e-01;5.299607e-02;1.161928e-02;1.114662e-02;3.751153e-02;1.010324e-02
3.292214e-02;1.202270e-01;2.928199e-01;1.204531e-02;1.841739e-02;1.568405e-02;3.624983e-01;7.611454e-02;1.634927e-02;1.527864e-02;2.312424e-02;1.451919e-02
1.860561e-02;7.718003e-02;3.803012e-01;1.569165e-02;1.176576e-02;1.027045e-02;3.009039e-01;9.450527e-02;2.551517e-02;2.436160e-02;1.532075e-02;2.557866e-02
1.045088e-02;5.880206e-02;4.325991e-01;1.982030e-02;8.085513e-03;1.079242e-02;2.441292e-01;1.049789e-01;3.583297e-02;2.985277e-02;1.139380e-02;3.326217e-02
7.632181e-03;4.864947e-02;4.807962e-01;2.982055e-02;3.777993e-03;1.353485e-02;1.943634e-01;1.087086e-01;3.397620e-02;3.188654e-02;6.698833e-03;4.015513e-02
9.879233e-03;4.220183e-02;4.903788e-01;4.837594e-02;5.529824e-03;2.077598e-02;1.653392e-01;1.009255e-01;4.430509e-02;2.911924e-02;3.870765e-03;3.929860e-02
1.668137e-02;4.420197e-02;4.921845e-01;7.232914e-02;8.386969e-03;2.551722e-02;1.336788e-01;9.301689e-02;5.062627e-02;2.518578e-02;4.448269e-03;3.374277e-02
1.762329e-02;4.490817e-02;4.851465e-01;1.001157e-01;1.292803e-02;2.679807e-02;9.701125e-02;8.948889e-02;6.100821e-02;2.152302e-02;8.408335e-03;3.504054e-02
1.006770e-02;3.982449e-02;4.891134e-01;1.018341e-01;1.100391e-02;2.985353e-02;9.557091e-02;9.517819e-02;6.039416e-02;2.081604e-02;5.736140e-03;4.060744e-02
9.564886e-03;3.971269e-02;5.092918e-01;7.809436e-02;9.429957e-03;2.585983e-02;1.042904e-01;1.023347e-01;4.655602e-02;2.235551e-02;7.328923e-03;4.518084e-02
2.828237e-02;6.901436e-02;5.151148e-01;5.193086e-02;8.318694e-03;1.385579e-02;1.243778e-01;8.008596e-02;3.037958e-02;2.126613e-02;1.799993e-02;3.937364e-02
6.491427e-02;1.343614e-01;4.443152e-01;2.912861e-02;1.797881e-02;9.040273e-03;1.564281e-01;3.853230e-02;2.017220e-02;1.527813e-02;4.301653e-02;2.683415e-02
1.201742e-01;1.940470e-01;2.879882e-01;1.536326e-02;1.967957e-02;2.071459e-02;1.778527e-01;3.248075e-02;2.202644e-02;1.988831e-02;5.878526e-02;3.099967e-02
1.870748e-01;1.980063e-01;1.743326e-01;2.272099e-02;1.985565e-02;3.986823e-02;1.651548e-01;2.705932e-02;1.795631e-02;4.770926e-02;5.239826e-02;4.786334e-02
2.357534e-01;1.510392e-01;1.077271e-01;3.616266e-02;3.723146e-02;6.064259e-02;1.188440e-01;3.198640e-02;3.925213e-02;6.916290e-02;4.671494e-02;6.548309e-02
1.800120e-01;1.390841e-01;1.311579e-01;3.923046e-02;5.465356e-02;6.770532e-02;8.349957e-02;3.337730e-02;6.908278e-02;7.364014e-02;5.098160e-02;7.757531e-02
6.373092e-02;1.799264e-01;1.837945e-01;5.388745e-02;4.811004e-02;5.698992e-02;1.204413e-01;4.761472e-02;6.341032e-02;5.362504e-02;4.688973e-02;8.157966e-02
1.657743e-01;2.156729e-01;1.588701e-01;4.585337e-02;3.194300e-02;2.938405e-02;1.294843e-01;6.338526e-02;3.244026e-02;3.501548e-02;3.431135e-02;5.786560e-02
1.445942e-01;2.045771e-01;2.341836e-01;2.465594e-02;2.748160e-02;3.642122e-02;1.144978e-01;4.374101e-02;5.697052e-02;4.615287e-02;3.616939e-02;3.055471e-02
1.559146e-01;1.538728e-01;2.165157e-01;3.598485e-02;3.699364e-02;3.786486e-02;1.210798e-01;6.656780e-02;4.425577e-02;4.674514e-02;5.008345e-02;3.412156e-02
1.417640e-01;1.244996e-01;2.226849e-01;5.294533e-02;5.302832e-02;5.070917e-02;1.610030e-01;4.565033e-02;3.551261e-02;3.377205e-02;3.635045e-02;4.208016e-02
1.141335e-01;6.675435e-02;1.986974e-01;5.869711e-02;7.085729e-02;5.921773e-02;1.166884e-01;6.650116e-02;7.140070e-02;8.150031e-02;5.419258e-02;4.135950e-02
1.211671e-01;8.551158e-02;1.287230e-01;6.697425e-02;7.486721e-02;4.375736e-02;1.275769e-01;8.925260e-02;7.969993e-02;8.200442e-02;5.879313e-02;4.167250e-02
1.230533e-01;1.033235e-01;1.562389e-01;5.856783e-02;6.003240e-02;4.372913e-02;1.084860e-01;8.087263e-02;8.064435e-02;7.240880e-02;5.569711e-02;5.694606e-02
1.199455e-01;1.009702e-01;2.402194e-01;4.683851e-02;5.482445e-02;3.449224e-02;9.352326e-02;5.299835e-02;4.318666e-02;6.966930e-02;8.253620e-02;6.079590e-02
7.285851e-02;8.106823e-02;2.712166e-01;4.992024e-02;6.360590e-02;3.580172e-02;1.280324e-01;4.745256e-02;2.924540e-02;8.147243e-02;9.236718e-02;4.695879e-02
9.077952e-02;4.308572e-02;2.287365e-01;4.179322e-02;6.252638e-02;3.964061e-02;1.891753e-01;4.721865e-02;3.964394e-02;8.277465e-02;8.216848e-02;5.245703e-02
1.382757e-01;4.224454e-02;1.976738e-01;3.179635e-02;6.581689e-02;3.791796e-02;2.310011e-01;3.641958e-02;3.032563e-02;7.558046e-02;5.287637e-02;6.007162e-02
1.437096e-01;5.666571e-02;1.509680e-01;3.529399e-02;5.818208e-02;4.401321e-02;2.657177e-01;3.155141e-02;4.407046e-02;7.379507e-02;4.153758e-02;5.449519e-02
1.329882e-01;5.552211e-02;1.549855e-01;2.876681e-02;4.721333e-02;4.258970e-02;2.698307e-01;4.339709e-02;4.690933e-02;8.377980e-02;4.983114e-02;4.418622e-02
1.045487e-01;4.312404e-02;2.290761e-01;2.326666e-02;5.935442e-02;5.122988e-02;1.832730e-01;5.861857e-02;5.249611e-02;9.326888e-02;6.352450e-02;3.821917e-02
7.449157e-02;4.824129e-02;2.630351e-01;3.537492e-02;6.097777e-02;5.729729e-02;1.689478e-01;5.814743e-02;6.060509e-02;7.423981e-02;6.067267e-02;3.796925e-02
7.849699e-02;4.461789e-02;1.946163e-01;4.214792e-02;5.086761e-02;4.182439e-02;2.900167e-01;4.839000e-02;5.439163e-02;6.732061e-02;4.879063e-02;3.851935e-02
1.104686e-01;5.394698e-02;1.482824e-01;4.312286e-02;6.118164e-02;5.266476e-02;3.070546e-01;4.047080e-02;4.773825e-02;5.489557e-02;3.873667e-02;4.143682e-02
1.291692e-01;3.020347e-02;1.873115e-01;3.297625e-02;6.632065e-02;4.847214e-02;2.912722e-01;4.757734e-02;5.193065e-02;4.364575e-02;2.808307e-02;4.303768e-02
1.266197e-01;5.630116e-02;1.950367e-01;3.726772e-02;6.638879e-02;5.590658e-02;2.816429e-01;4.742938e-02;3.748602e-02;2.491988e-02;3.159936e-02;3.940182e-02
1.324425e-01;3.202885e-02;2.302952e-01;3.892976e-02;7.401621e-02;4.929293e-02;2.591004e-01;4.140665e-02;3.852627e-02;2.773036e-02;2.976947e-02;4.646132e-02
9.449808e-02;8.267245e-02;1.986715e-01;4.938850e-02;6.831500e-02;5.719467e-02;2.773274e-01;3.055959e-02;2.829972e-02;3.336821e-02;3.520715e-02;4.449763e-02
2.801634e-02;1.006107e-01;1.920240e-01;6.249750e-02;3.849143e-02;5.429917e-02;3.438495e-01;1.782575e-02;2.765994e-02;3.644982e-02;4.406408e-02;5.421186e-02
8.848441e-02;8.370399e-02;1.860038e-01;6.648242e-02;6.622514e-02;5.293677e-02;2.712735e-01;2.262082e-02;3.810072e-02;3.900589e-02;4.153720e-02;4.362538e-02
8.067716e-02;7.910958e-02;2.158675e-01;5.215549e-02;7.999165e-02;4.320123e-02;2.682644e-01;3.683619e-02;2.968403e-02;3.868870e-02;3.453979e-02;4.098434e-02
9.528090e-02;7.810652e-02;2.429161e-01;5.425981e-02;8.741094e-02;5.347460e-02;1.894835e-01;2.775160e-02;2.202461e-02;5.458724e-02;5.041609e-02;4.428800e-02
6.959531e-02;6.432237e-02;2.559398e-01;6.691071e-02;9.602536e-02;4.903679e-02;1.947424e-01;2.085372e-02;1.767239e-02;6.579237e-02;5.424291e-02;4.486594e-02
7.163587e-02;7.483958e-02;2.318282e-01;5.506485e-02;6.634782e-02;4.878312e-02;2.394981e-01;2.984677e-02;3.495726e-02;5.837300e-02;4.216726e-02;4.665815e-02
4.427798e-02;9.861524e-02;1.993307e-01;6.947713e-02;3.423053e-02;3.406541e-02;2.994715e-01;3.424521e-02;3.648982e-02;4.897146e-02;5.720902e-02;4.361605e-02
8.360718e-02;8.853465e-02;1.794976e-01;7.148450e-02;5.346981e-02;4.159245e-02;2.914868e-01;2.538257e-02;4.187942e-02;4.286872e-02;4.504249e-02;3.515373e-02
9.405969e-02;6.325750e-02;1.963545e-01;5.982631e-02;7.961699e-02;3.948671e-02;2.700074e-01;3.715513e-02;4.314589e-02;3.802916e-02;5.125140e-02;2.780926e-02
1.038727e-01;7.073621e-02;1.956689e-01;4.378515e-02;9.967262e-02;4.890727e-02;2.987243e-01;2.553221e-02;1.999799e-02;2.381657e-02;5.079453e-02;1.849154e-02
8.965991e-02;8.693455e-02;2.151482e-01;5.771400e-02;7.687849e-02;5.525159e-02;2.458654e-01;2.649930e-02;2.913285e-02;3.172083e-02;5.352537e-02;3.166957e-02
7.427315e-02;1.065602e-01;2.221453e-01;8.693904e-02;5.828729e-02;4.104024e-02;1.903861e-01;2.615975e-02;5.027741e-02;3.395964e-02;7.784303e-02;3.212887e-02
7.225011e-02;1.031696e-01;3.614479e-01;7.034978e-02;6.298710e-02;3.244728e-02;6.162941e-02;3.361085e-02;4.244447e-02;6.339198e-02;7.714792e-02;1.912362e-02
1.359523e-01;9.029371e-02;2.734388e-01;5.188220e-02;8.369622e-02;3.275183e-02;8.833241e-02;3.400912e-02;4.026671e-02;6.205491e-02;8.139894e-02;2.592292e-02
1.244006e-01;8.722112e-02;1.828859e-01;5.258331e-02;7.349367e-02;5.043691e-02;1.492682e-01;4.147604e-02;7.462110e-02;5.495062e-02;6.586105e-02;4.280153e-02
4.946637e-02;1.176406e-01;2.003035e-01;6.963905e-02;6.221028e-02;7.147393e-02;1.137539e-01;2.574699e-02;9.671084e-02;8.369401e-02;5.348622e-02;5.587422e-02
7.158754e-02;1.036542e-01;2.778114e-01;5.125853e-02;5.827770e-02;6.105495e-02;9.697696e-02;2.186550e-02;7.109915e-02;8.071338e-02;3.567899e-02;7.002168e-02
7.718240e-02;8.096007e-02;2.719943e-01;5.729901e-02;4.674417e-02;4.460003e-02;1.403135e-01;3.797327e-02;5.290079e-02;7.586209e-02;4.747662e-02;6.669375e-02
5.012702e-02;7.261285e-02;2.868425e-01;7.870132e-02;6.401263e-02;3.802525e-02;1.111863e-01;4.725419e-02;5.449788e-02;8.538693e-02;7.864617e-02;3.270689e-02
7.326141e-02;7.221204e-02;2.544852e-01;7.362197e-02;6.753407e-02;4.505768e-02;7.963870e-02;3.516306e-02;6.464063e-02;8.778806e-02;9.866763e-02;4.792958e-02
6.788892e-02;6.258859e-02;1.893025e-01;5.169504e-02;1.053497e-01;7.148352e-02;1.842791e-01;1.830797e-02;6.625431e-02;6.628507e-02;6.589993e-02;5.066538e-02
5.984610e-02;5.186113e-02;1.928035e-01;4.083582e-02;1.349349e-01;7.465215e-02;2.040760e-01;2.815255e-02;5.666355e-02;4.677778e-02;5.699556e-02;5.240097e-02
7.160635e-02;3.765116e-02;1.322451e-01;5.139885e-02;1.476848e-01;6.768584e-02;1.922057e-01;3.687685e-02;6.896152e-02;5.188327e-02;6.512412e-02;7.667641e-02
7.098342e-02;5.093465e-02;1.455556e-01;5.492233e-02;1.182350e-01;7.106166e-02;1.469409e-01;3.971420e-02;7.766394e-02;6.168124e-02;7.488867e-02;8.741833e-02
8.625088e-02;6.489751e-02;1.668088e-01;4.486537e-02;9.527476e-02;4.542939e-02;7.792319e-02;5.814688e-02;9.031180e-02;7.035988e-02;1.145366e-01;8.519490e-02
1.314230e-01;1.073752e-01;1.307184e-01;4.825965e-02;5.552357e-02;4.684622e-02;9.249719e-02;5.820693e-02;8.033666e-02;6.307874e-02;1.389591e-01;4.677536e-02
1.796256e-01;9.494480e-02;1.498223e-01;3.808662e-02;3.422705e-02;4.112688e-02;1.588456e-01;3.737814e-02;5.072480e-02;7.768144e-02;9.700651e-02;4.053023e-02
2.170296e-01;7.551041e-02;1.669446e-01;3.012982e-02;2.442149e-02;2.523477e-02;2.020870e-01;2.376021e-02;3.601936e-02;1.043367e-01;2.492323e-02;6.960272e-02
2.024726e-01;7.848726e-02;1.510693e-01;2.630119e-02;3.223212e-02;2.445278e-02;1.830707e-01;2.364240e-02;4.568050e-02;9.052937e-02;8.448037e-02;5.758147e-02
2.080935e-01;5.607843e-02;1.480607e-01;1.956538e-02;4.400541e-02;2.948563e-02;1.839579e-01;1.304890e-02;6.237853e-02;8.490354e-02;7.051867e-02;7.990340e-02
1.915260e-01;5.170257e-02;1.505623e-01;1.871817e-02;4.283962e-02;3.008388e-02;1.810847e-01;1.884570e-02;6.575693e-02;8.224056e-02;6.428190e-02;1.023577e-01
1.907379e-01;4.923883e-02;1.600214e-01;2.399737e-02;4.429432e-02;2.283202e-02;1.795911e-01;2.289132e-02;5.315987e-02;7.590540e-02;8.205846e-02;9.527197e-02
2.191714e-01;7.167137e-02;1.497133e-01;1.548431e-02;3.867775e-02;2.692217e-02;1.712110e-01;1.446658e-02;4.854668e-02;6.997272e-02;6.666798e-02;1.074948e-01
2.480833e-01;7.376468e-02;1.328751e-01;1.618441e-02;4.244800e-02;2.828616e-02;1.676282e-01;1.710689e-02;4.621313e-02;6.903474e-02;5.029390e-02;1.080816e-01
2.692775e-01;7.717171e-02;1.345564e-01;1.893643e-02;4.422753e-02;2.526046e-02;1.689699e-01;1.183576e-02;3.848846e-02;6.939036e-02;5.112192e-02;9.076355e-02
2.742422e-01;9.830438e-02;1.525338e-01;1.403200e-02;3.687142e-02;2.241509e-02;1.710732e-01;9.179665e-03;3.521248e-02;6.704305e-02;4.336258e-02;7.573020e-02
2.542146e-01;1.055654e-01;1.686536e-01;2.031904e-02;4.050436e-02;2.205682e-02;1.663406e-01;1.570098e-02;3.101864e-02;6.351116e-02;4.405479e-02;6.805985e-02
2.480413e-01;1.183841e-01;1.727101e-01;2.661113e-02;4.149513e-02;2.111864e-02;1.685397e-01;9.476067e-03;3.174317e-02;6.287497e-02;3.470365e-02;6.430217e-02
2.334507e-01;1.190488e-01;1.974355e-01;3.217773e-02;3.152016e-02;2.162954e-02;1.618931e-01;1.434423e-02;3.497519e-02;5.823228e-02;3.625808e-02;5.903476e-02
2.230467e-01;9.310757e-02;2.132075e-01;2.830899e-02;4.578379e-02;2.016790e-02;1.586257e-01;1.773234e-02;4.067911e-02;6.101604e-02;4.309270e-02;5.523161e-02
2.105585e-01;9.537560e-02;2.102788e-01;2.770774e-02;4.502525e-02;2.829859e-02;1.513258e-01;2.156715e-02;4.629268e-02;6.471851e-02;4.440586e-02;5.444550e-02
1.840621e-01;6.850348e-02;2.054290e-01;3.634007e-02;5.906824e-02;4.133613e-02;1.473040e-01;3.162513e-02;5.227878e-02;6.957785e-02;3.191972e-02;7.255550e-02
1.544273e-01;6.272836e-02;2.021458e-01;5.172345e-02;5.900380e-02;5.672910e-02;1.289729e-01;5.701281e-02;3.772995e-02;6.646871e-02;4.254570e-02;8.051210e-02
1.406327e-01;4.805371e-02;2.354696e-01;5.602024e-02;8.858825e-02;6.166543e-02;6.270694e-02;6.118079e-02;5.904941e-02;6.702282e-02;4.671850e-02;7.289156e-02
9.154820e-02;9.061253e-02;2.119565e-01;4.669269e-02;8.192169e-02;5.624430e-02;8.422964e-02;7.057243e-02;8.821768e-02;7.102213e-02;5.003942e-02;5.694279e-02
8.100026e-02;1.035476e-01;2.301468e-01;3.818895e-02;7.522683e-02;4.824142e-02;1.136288e-01;7.962719e-02;7.345449e-02;7.509610e-02;1.964176e-02;6.219976e-02
9.530322e-02;9.691433e-02;2.080324e-01;6.570230e-02;5.079770e-02;3.221831e-02;1.312530e-01;8.468173e-02;9.314745e-02;6.958456e-02;3.310840e-02;3.925654e-02
5.145184e-02;8.404121e-02;1.800154e-01;1.118722e-01;4.252516e-02;4.161004e-02;1.323296e-01;8.684964e-02;9.780490e-02;7.109708e-02;5.521794e-02;4.518501e-02
5.155523e-02;9.130534e-02;1.645972e-01;1.140945e-01;5.668282e-02;4.845444e-02;1.132702e-01;6.841550e-02;6.888613e-02;1.098802e-01;5.633299e-02;5.652542e-02
6.862074e-02;1.049650e-01;1.249758e-01;1.093493e-01;6.527369e-02;3.026533e-02;1.018485e-01;8.072154e-02;9.837068e-02;1.063335e-01;5.580609e-02;5.346989e-02
8.677352e-02;7.598248e-02;1.041705e-01;8.558523e-02;5.454237e-02;3.328786e-02;8.957881e-02;1.089703e-01;1.053103e-01;1.341484e-01;5.918623e-02;6.246390e-02
7.729273e-02;8.011690e-02;6.223270e-02;5.748371e-02;4.801284e-02;4.404914e-02;8.821853e-02;1.166372e-01;1.095615e-01;1.137417e-01;9.956165e-02;1.030914e-01
