6.555235e-02;5.363106e-02;1.197979e-01;5.155231e-02;6.990442e-02;5.473023e-02;1.358098e-01;9.792486e-02;1.148313e-01;9.979863e-02;5.007624e-02;8.639097e-02
7.980804e-02;9.240106e-02;1.594271e-01;3.942879e-02;4.636249e-02;3.869133e-02;1.232756e-01;1.327100e-01;7.371288e-02;7.622377e-02;5.241499e-02;8.554395e-02
7.616687e-02;9.107224e-02;1.627946e-01;4.882309e-02;3.897868e-02;4.904880e-02;1.888823e-01;1.134318e-01;6.194475e-02;7.163276e-02;3.555002e-02;6.167406e-02
5.159457e-02;6.166732e-02;1.412418e-01;4.464119e-02;5.888357e-02;5.395738e-02;2.662733e-01;8.162119e-02;8.012448e-02;8.345417e-02;4.238261e-02;3.415846e-02
1.692570e-01;9.603237e-02;1.036465e-01;4.147891e-02;6.632692e-02;3.951324e-02;1.733352e-01;8.395872e-02;4.789672e-02;9.073505e-02;4.320582e-02;4.461354e-02
1.443610e-01;1.004298e-01;2.236320e-01;4.181774e-02;5.826409e-02;5.772983e-02;1.163249e-01;4.358184e-02;2.778383e-02;7.934108e-02;5.655763e-02;5.017626e-02
8.138815e-02;7.171325e-02;2.974896e-01;4.294426e-02;5.521058e-02;4.907274e-02;1.265247e-01;2.153590e-02;2.392433e-02;1.009723e-01;8.613047e-02;4.309370e-02
3.421187e-02;4.029909e-02;3.444583e-01;5.667162e-02;5.087953e-02;3.905614e-02;1.377375e-01;1.751675e-02;1.920257e-02;1.271691e-01;1.082498e-01;2.454781e-02
2.585194e-02;2.704553e-02;3.679646e-01;6.846699e-02;3.673520e-02;2.939611e-02;1.472704e-01;2.892387e-02;2.440901e-02;1.392833e-01;9.148190e-02;1.317124e-02
2.724538e-02;2.151426e-02;3.947018e-01;7.294715e-02;3.807464e-02;2.655599e-02;1.553890e-01;3.396915e-02;2.079507e-02;1.346867e-01;6.586884e-02;8.252040e-03
2.534029e-02;2.698138e-02;3.970386e-01;7.445055e-02;5.559102e-02;2.558028e-02;1.597738e-01;2.156629e-02;2.183669e-02;1.193541e-01;6.060973e-02;1.187732e-02
5.092430e-02;3.934011e-02;3.198031e-01;7.229714e-02;6.715639e-02;4.264842e-02;1.649068e-01;3.416364e-02;3.788982e-02;8.964948e-02;6.142388e-02;1.979695e-02
7.660992e-02;5.546190e-02;2.377036e-01;6.387174e-02;9.199283e-02;6.375021e-02;1.726820e-01;3.916955e-02;4.622101e-02;6.645013e-02;6.193729e-02;2.414986e-02
8.602637e-02;6.563476e-02;1.727843e-01;6.753157e-02;1.115243e-01;7.714365e-02;1.827039e-01;3.866349e-02;4.641408e-02;5.408029e-02;7.224505e-02;2.524831e-02
6.348974e-02;5.773806e-02;2.005982e-01;5.881639e-02;9.801243e-02;6.073558e-02;1.670239e-01;3.896266e-02;5.830461e-02;7.848090e-02;7.713531e-02;4.070224e-02
4.977509e-02;3.477836e-02;2.857076e-01;4.517698e-02;6.854981e-02;4.980095e-02;1.490193e-01;4.164740e-02;3.480381e-02;1.077030e-01;7.686130e-02;5.617652e-02
5.836681e-02;4.903904e-02;2.645022e-01;6.103374e-02;6.359293e-02;4.658082e-02;1.907683e-01;4.194973e-02;5.176134e-02;7.115719e-02;6.908766e-02;3.216027e-02
9.221414e-02;5.169348e-02;1.653286e-01;5.686956e-02;6.720757e-02;8.096867e-02;1.729355e-01;6.256294e-02;8.453363e-02;7.682130e-02;5.973879e-02;2.912582e-02
6.051817e-02;5.573331e-02;9.746221e-02;7.720371e-02;7.405370e-02;8.305056e-02;1.460149e-01;1.196794e-01;8.072068e-02;4.859000e-02;7.801750e-02;7.895586e-02
5.209081e-02;5.379910e-02;7.914183e-02;7.702542e-02;6.403235e-02;6.504985e-02;1.616737e-01;1.299164e-01;9.005668e-02;6.780309e-02;7.066105e-02;8.874976e-02
5.486553e-02;4.437640e-02;6.686447e-02;7.092576e-02;5.572450e-02;7.751934e-02;1.800276e-01;1.233270e-01;1.048368e-01;8.826174e-02;5.839197e-02;7.487880e-02
4.997680e-02;3.703528e-02;6.550234e-02;5.868243e-02;6.228669e-02;8.443021e-02;2.260896e-01;1.132151e-01;1.023061e-01;9.017371e-02;5.335593e-02;5.694581e-02
3.635138e-02;2.890177e-02;8.020079e-02;4.454496e-02;5.582869e-02;7.577711e-02;2.257788e-01;1.590668e-01;7.755422e-02;1.218599e-01;5.578266e-02;3.835285e-02
2.458907e-02;3.086441e-02;7.172821e-02;6.248729e-02;3.406791e-02;5.933723e-02;1.192459e-01;1.582523e-01;1.629406e-01;2.009136e-01;3.526309e-02;4.031039e-02
2.232059e-02;3.344465e-02;9.744237e-02;6.078438e-02;3.002568e-02;3.838171e-02;1.021843e-01;1.996567e-01;1.738344e-01;1.728854e-01;2.151314e-02;4.752671e-02
6.614170e-02;5.401394e-02;1.145804e-01;2.876648e-02;6.278515e-02;6.243778e-02;2.195985e-01;1.690123e-01;8.967428e-02;7.365385e-02;2.396726e-02;3.536835e-02
6.034648e-02;6.020108e-02;1.373410e-01;4.497798e-02;8.525833e-02;6.869755e-02;2.230308e-01;1.086497e-01;7.030699e-02;7.302145e-02;4.054303e-02;2.762557e-02
4.215379e-02;5.248798e-02;2.028213e-01;6.617060e-02;1.037931e-01;5.777838e-02;1.759759e-01;9.486214e-02;6.455798e-02;6.186797e-02;5.303620e-02;2.449465e-02
1.929563e-02;4.382260e-02;2.946484e-01;7.529397e-02;1.068094e-01;6.096113e-02;1.269591e-01;9.842397e-02;4.142118e-02;5.002801e-02;5.992701e-02;2.240953e-02
4.047104e-02;3.796470e-02;3.024702e-01;5.641598e-02;8.965774e-02;6.610524e-02;1.608602e-01;8.257225e-02;2.713123e-02;5.140549e-02;5.531329e-02;2.963272e-02
5.942089e-02;4.672653e-02;2.925823e-01;2.969180e-02;8.897053e-02;7.366230e-02;1.614842e-01;5.883618e-02;4.017900e-02;5.900439e-02;5.429501e-02;3.514690e-02
6.063340e-02;7.700775e-02;3.120599e-01;3.468120e-02;1.120522e-01;6.914537e-02;1.136686e-01;3.186524e-02;4.530657e-02;7.620814e-02;4.201297e-02;2.535857e-02
7.466344e-02;7.023984e-02;3.156598e-01;5.048406e-02;1.154646e-01;6.409989e-02;9.981686e-02;2.988833e-02;4.637090e-02;8.889621e-02;2.999163e-02;1.442444e-02
8.169242e-02;6.223199e-02;2.581295e-01;5.852994e-02;1.031826e-01;6.726216e-02;1.025150e-01;4.385711e-02;4.188830e-02;9.170427e-02;4.545847e-02;4.354817e-02
8.780138e-02;4.974614e-02;2.665485e-01;8.616608e-02;8.468763e-02;4.511828e-02;9.867370e-02;4.639415e-02;3.112298e-02;9.331895e-02;4.438062e-02;6.604165e-02
5.920824e-02;3.228452e-02;3.006021e-01;1.228660e-01;9.333247e-02;5.044886e-02;5.584181e-02;5.907176e-02;1.765333e-02;5.793897e-02;7.943498e-02;7.131696e-02
3.005542e-02;3.399564e-02;3.167363e-01;1.393558e-01;1.055500e-01;5.257830e-02;2.802526e-02;7.208323e-02;1.187547e-02;2.960982e-02;1.124102e-01;6.772454e-02
2.467929e-02;3.613935e-02;3.172970e-01;1.297297e-01;1.192933e-01;4.431895e-02;2.745228e-02;8.418193e-02;2.430656e-02;2.184866e-02;1.186443e-01;5.210860e-02
2.097048e-02;3.853888e-02;3.043196e-01;1.174759e-01;1.513452e-01;4.739963e-02;1.960620e-02;9.510519e-02;3.590439e-02;2.563259e-02;9.480254e-02;4.889946e-02
1.764794e-02;4.237803e-02;2.748443e-01;1.175261e-01;1.658488e-01;5.855684e-02;3.718726e-02;9.767671e-02;3.359782e-02;3.231278e-02;7.216639e-02;5.025706e-02
2.723702e-02;5.596089e-02;2.786451e-01;1.307491e-01;1.636695e-01;5.710375e-02;1.641963e-02;9.807310e-02;2.356465e-02;3.001078e-02;7.109848e-02;4.746800e-02
3.847321e-02;7.079366e-02;2.567627e-01;1.322377e-01;1.428939e-01;4.639210e-02;2.737048e-02;9.874347e-02;2.903056e-02;2.290162e-02;7.610869e-02;5.829193e-02
4.570466e-02;8.201042e-02;2.534494e-01;1.293072e-01;1.451292e-01;3.894321e-02;1.072723e-02;9.787842e-02;4.044551e-02;2.399753e-02;7.724439e-02;5.516278e-02
3.144217e-02;8.574015e-02;2.495546e-01;1.245012e-01;1.487596e-01;4.054179e-02;3.538982e-02;8.964654e-02;4.197215e-02;2.843771e-02;7.339464e-02;5.061958e-02
1.634747e-02;8.661658e-02;2.557218e-01;1.321851e-01;1.440086e-01;4.268283e-02;2.503022e-02;1.123804e-01;4.731401e-02;2.632999e-02;7.304288e-02;3.834017e-02
2.011475e-02;7.229225e-02;2.836982e-01;1.281135e-01;1.195975e-01;4.154631e-02;4.833242e-02;1.299021e-01;3.728555e-02;2.611554e-02;7.133990e-02;2.166193e-02
2.602486e-02;5.661738e-02;3.128680e-01;1.143323e-01;8.581457e-02;3.654515e-02;8.673183e-02;1.413499e-01;3.310696e-02;2.676058e-02;6.574024e-02;1.410823e-02
1.954337e-02;5.109104e-02;3.108596e-01;1.088043e-01;8.357279e-02;3.147424e-02;8.546157e-02;1.615326e-01;4.272003e-02;1.948244e-02;6.619083e-02;1.926720e-02
7.442815e-03;3.924230e-02;3.367801e-01;1.143777e-01;1.012282e-01;4.586664e-02;6.898247e-02;1.513165e-01;3.829995e-02;1.555812e-02;6.711902e-02;1.378616e-02
1.427248e-02;2.266192e-02;4.002384e-01;1.203479e-01;9.715910e-02;4.811379e-02;5.742247e-02;1.204792e-01;2.343000e-02;2.246130e-02;6.179310e-02;1.162039e-02
1.709122e-02;1.238381e-02;4.518420e-01;1.021729e-01;8.622602e-02;4.054621e-02;6.628355e-02;9.471765e-02;3.135955e-02;3.342738e-02;5.327780e-02;1.067183e-02
2.368374e-02;1.421114e-02;4.922054e-01;8.388125e-02;7.681891e-02;2.523301e-02;7.613586e-02;6.807993e-02;4.820131e-02;3.490598e-02;4.443555e-02;1.220792e-02
3.565678e-02;2.154361e-02;4.463314e-01;6.785807e-02;7.513385e-02;2.933028e-02;1.044645e-01;6.445561e-02;4.608700e-02;5.082437e-02;4.216796e-02;1.614661e-02
5.106506e-02;4.544925e-02;2.893917e-01;9.127490e-02;9.428063e-02;4.662112e-02;8.876172e-02;8.687146e-02;7.877367e-02;5.849809e-02;4.889503e-02;2.011741e-02
5.129671e-02;3.759335e-02;2.686706e-01;1.175448e-01;8.788941e-02;4.835149e-02;1.151276e-01;9.288467e-02;6.751766e-02;4.653676e-02;4.857130e-02;1.801574e-02
4.106197e-02;2.467059e-02;3.254052e-01;1.526718e-01;6.879962e-02;3.268505e-02;9.608188e-02;1.082311e-01;3.102937e-02;3.422827e-02;7.178054e-02;1.335466e-02
2.172459e-02;4.458067e-02;3.121948e-01;1.729294e-01;7.753425e-02;3.122436e-02;5.109781e-02;1.367627e-01;1.672390e-02;2.176331e-02;9.757935e-02;1.588475e-02
1.430988e-02;6.874319e-02;2.743393e-01;1.612456e-01;9.380101e-02;3.477257e-02;3.656812e-02;1.477017e-01;2.975917e-02;1.544667e-02;1.060190e-01;1.729382e-02
1.657738e-02;8.824599e-02;2.613289e-01;1.447164e-01;1.092120e-01;3.391903e-02;2.812808e-02;1.427650e-01;3.098101e-02;1.994252e-02;1.026174e-01;2.156633e-02
2.090258e-02;9.259737e-02;2.783574e-01;1.263468e-01;1.156893e-01;3.493052e-02;4.490767e-02;1.172139e-01;3.700431e-02;2.421276e-02;8.138586e-02;2.645150e-02
3.178680e-02;7.629129e-02;2.907585e-01;1.005780e-01;1.212007e-01;4.521092e-02;1.045957e-01;8.788900e-02;2.663236e-02;2.574151e-02;5.290974e-02;3.640559e-02
4.393092e-02;3.555348e-02;2.304828e-01;7.117505e-02;1.719569e-01;9.179685e-02;1.706000e-01;5.971403e-02;4.441040e-02;1.352184e-02;2.407207e-02;4.278567e-02
4.731190e-02;1.526204e-02;1.651504e-01;5.284384e-02;2.218671e-01;1.185631e-01;1.666771e-01;3.636272e-02;8.398889e-02;1.238013e-02;1.778674e-02;6.180598e-02
6.367112e-02;2.333484e-02;1.101351e-01;4.927638e-02;2.377172e-01;1.270599e-01;1.568536e-01;2.059788e-02;1.007079e-01;1.909604e-02;2.566233e-02;6.588764e-02
6.714375e-02;2.093992e-02;7.534148e-02;4.953935e-02;2.570032e-01;1.404535e-01;1.695900e-01;1.975280e-02;1.029648e-01;1.730760e-02;2.347665e-02;5.648687e-02
8.391870e-02;3.634246e-02;1.231087e-01;5.325179e-02;2.283865e-01;1.274696e-01;1.328780e-01;3.277206e-02;8.724504e-02;1.636095e-02;3.361985e-02;4.464642e-02
1.090891e-01;4.561695e-02;1.042642e-01;4.114142e-02;1.537768e-01;1.138055e-01;1.991963e-01;4.464906e-02;7.905098e-02;2.131404e-02;2.884651e-02;5.924909e-02
1.116548e-01;2.885232e-02;8.382759e-02;3.793516e-02;1.591545e-01;1.095162e-01;2.021953e-01;4.096851e-02;1.009115e-01;1.263267e-02;1.836893e-02;9.398255e-02
9.765237e-02;9.166160e-03;7.721233e-02;4.143729e-02;1.944485e-01;1.076426e-01;1.399253e-01;2.901287e-02;1.287058e-01;1.880375e-02;2.910236e-02;1.268907e-01
9.793307e-02;1.382253e-02;8.837026e-02;4.786805e-02;1.769156e-01;1.160751e-01;1.179292e-01;3.252405e-02;1.065397e-01;3.896863e-02;4.044803e-02;1.226057e-01
9.403251e-02;2.447151e-02;1.373113e-01;5.411810e-02;1.326436e-01;1.211851e-01;1.293515e-01;4.998979e-02;6.378767e-02;5.605023e-02;4.135783e-02;9.570096e-02
7.489176e-02;2.605529e-02;2.056666e-01;6.502623e-02;8.729945e-02;1.189592e-01;1.271311e-01;9.135883e-02;3.589752e-02;4.246796e-02;7.145105e-02;5.379497e-02
3.367986e-02;1.595751e-02;2.147453e-01;7.057747e-02;1.032250e-01;1.206637e-01;1.039869e-01;1.141733e-01;4.164975e-02;3.533902e-02;1.130741e-01;3.292810e-02
2.615080e-02;1.960501e-02;2.374863e-01;8.218106e-02;1.207400e-01;1.089289e-01;7.348455e-02;8.911508e-02;3.597906e-02;3.928037e-02;1.270473e-01;4.000147e-02
3.977311e-02;2.260319e-02;2.712837e-01;9.583673e-02;1.222775e-01;9.017821e-02;5.674734e-02;8.429001e-02;2.391054e-02;3.348851e-02;1.199082e-01;3.970295e-02
4.778062e-02;1.746119e-02;3.165515e-01;1.065200e-01;1.287846e-01;6.648754e-02;5.024205e-02;7.695862e-02;1.016120e-02;3.418130e-02;1.126508e-01;3.222058e-02
3.335287e-02;2.791664e-02;3.405142e-01;1.022938e-01;1.132291e-01;5.062044e-02;5.628555e-02;6.178356e-02;2.373852e-02;5.648309e-02;1.000122e-01;3.377012e-02
3.942566e-02;3.512444e-02;3.565972e-01;7.999945e-02;8.656056e-02;4.854869e-02;6.627910e-02;5.223170e-02;4.272311e-02;7.630940e-02;7.748812e-02;3.871262e-02
6.517267e-02;3.223809e-02;3.305821e-01;6.370503e-02;1.049593e-01;5.568252e-02;7.110476e-02;5.907695e-02;4.170598e-02;7.787827e-02;5.718380e-02;4.071058e-02
7.534005e-02;4.369510e-02;2.894555e-01;5.820438e-02;1.270958e-01;7.523252e-02;6.292246e-02;5.668129e-02;3.946110e-02;8.830957e-02;4.945944e-02;3.414274e-02
4.884870e-02;7.560629e-02;2.499212e-01;6.015016e-02;1.056814e-01;7.391720e-02;7.755163e-02;4.740408e-02;6.604759e-02;9.961061e-02;5.130766e-02;4.395340e-02
5.695538e-02;6.803421e-02;1.164333e-01;3.873641e-02;6.614481e-02;1.934127e-01;1.558609e-01;5.445836e-02;7.575823e-02;9.290099e-02;4.405900e-02;3.724567e-02
5.610540e-02;4.106265e-02;9.368573e-02;4.192517e-02;4.887939e-02;2.513992e-01;1.599573e-01;4.260803e-02;6.266571e-02;1.371523e-01;3.078449e-02;3.377462e-02
2.968372e-02;1.649786e-02;6.103437e-02;4.020704e-02;3.950463e-02;1.709358e-01;1.652086e-01;4.147610e-02;1.081963e-01;2.709625e-01;1.301506e-02;4.327805e-02
4.144398e-02;1.942031e-02;2.833539e-02;3.264415e-02;3.460441e-02;7.591790e-02;2.271005e-01;4.867590e-02;1.390639e-01;2.990067e-01;8.641750e-03;4.514504e-02
4.247643e-02;3.353104e-02;4.168451e-02;3.109357e-02;4.349904e-02;4.301921e-02;2.224355e-01;8.808152e-02;1.601237e-01;2.258337e-01;1.981847e-02;4.840324e-02
5.637714e-02;4.577678e-02;6.098779e-02;3.088592e-02;4.624275e-02;5.543886e-02;1.416631e-01;8.677687e-02;1.337871e-01;2.373476e-01;3.340039e-02;7.131570e-02
7.575172e-02;4.731099e-02;6.450995e-02;3.352857e-02;4.341735e-02;9.183702e-02;8.116125e-02;6.712328e-02;9.852964e-02;2.958992e-01;2.887440e-02;7.205664e-02
6.028859e-02;2.918071e-02;7.257852e-02;3.373497e-02;4.517917e-02;1.121459e-01;1.648310e-01;8.887729e-02;9.032458e-02;2.131642e-01;4.232149e-02;4.737352e-02
5.752415e-02;2.154090e-02;7.850989e-02;4.274182e-02;6.130091e-02;1.036406e-01;1.658503e-01;9.361777e-02;1.148684e-01;1.792112e-01;4.021628e-02;4.097788e-02
5.426117e-02;3.361526e-02;8.023237e-02;4.894567e-02;5.291153e-02;8.076090e-02;1.090450e-01;9.827954e-02;1.628572e-01;2.033973e-01;3.619168e-02;3.950248e-02
3.752917e-02;5.023237e-02;8.779594e-02;6.389620e-02;5.112279e-02;8.103497e-02;1.057635e-01;8.752177e-02;1.257133e-01;1.989021e-01;5.312663e-02;5.736127e-02
5.235310e-02;6.838275e-02;7.454391e-02;6.221213e-02;6.591406e-02;7.509549e-02;1.059493e-01;7.620662e-02;1.039052e-01;1.225787e-01;1.002935e-01;9.256519e-02
6.607424e-02;7.101247e-02;9.462970e-02;5.883494e-02;6.198259e-02;5.294662e-02;7.314145e-02;7.103027e-02;1.514414e-01;1.134602e-01;8.350800e-02;1.019382e-01
7.495225e-02;5.277011e-02;9.763662e-02;4.844130e-02;5.592187e-02;6.443344e-02;7.878283e-02;6.737901e-02;1.356668e-01;1.391509e-01;9.216464e-02;9.270019e-02
9.694864e-02;6.309965e-02;8.192314e-02;4.289606e-02;4.343259e-02;5.251968e-02;1.673197e-01;7.184929e-02;1.074498e-01;1.037723e-01;8.469582e-02;8.409341e-02
9.898707e-02;6.579229e-02;6.957383e-02;2.197231e-02;3.888237e-02;4.679172e-02;2.233217e-01;7.994539e-02;1.088976e-01;8.899509e-02;5.402261e-02;1.028180e-01
6.526300e-02;6.045724e-02;7.819178e-02;3.230283e-02;4.315445e-02;4.011859e-02;1.998727e-01;1.101163e-01;1.142531e-01;8.442256e-02;5.425927e-02;1.175882e-01
5.858346e-02;4.792875e-02;8.602388e-02;3.486269e-02;4.129522e-02;2.325061e-02;1.779307e-01;1.379333e-01;1.402705e-01;8.566629e-02;6.726979e-02;9.898470e-02
1.342110e-01;6.223401e-02;1.177459e-01;2.363338e-02;4.082212e-02;5.390536e-02;2.215785e-01;8.740921e-02;7.876655e-02;6.380573e-02;5.818691e-02;5.770127e-02
1.491841e-01;8.634995e-02;1.313718e-01;3.580796e-02;6.626017e-02;6.614317e-02;1.848790e-01;7.123736e-02;6.430044e-02;5.077285e-02;4.392185e-02;4.977133e-02
1.352642e-01;7.720696e-02;1.704375e-01;4.774843e-02;6.962239e-02;5.636730e-02;1.696643e-01;6.807983e-02;6.263979e-02;3.764160e-02;5.274155e-02;5.258612e-02
9.836391e-02;5.061362e-02;2.369063e-01;6.767359e-02;5.917219e-02;4.078658e-02;1.520186e-01;8.363551e-02;4.816562e-02;4.261114e-02;6.800777e-02;5.204513e-02
7.498094e-02;2.466534e-02;3.039153e-01;7.525956e-02;4.082211e-02;2.612397e-02;1.378280e-01;8.282638e-02;4.100585e-02;6.949967e-02;7.822968e-02;4.484329e-02
7.928994e-02;1.829238e-02;3.360819e-01;5.891404e-02;4.031342e-02;3.465176e-02;1.389896e-01;7.128022e-02;3.827726e-02;8.421739e-02;6.549264e-02;3.419952e-02
7.911603e-02;1.887929e-02;3.518215e-01;4.560682e-02;3.978506e-02;4.802107e-02;1.214344e-01;5.284876e-02;4.247165e-02;9.022546e-02;8.337565e-02;2.641433e-02
5.725391e-02;5.601414e-02;3.219957e-01;3.076381e-02;3.278190e-02;5.246941e-02;1.195480e-01;5.503029e-02;3.288358e-02;7.056224e-02;1.294165e-01;4.128055e-02
6.117846e-02;5.134597e-02;3.182735e-01;2.987818e-02;3.465766e-02;6.047235e-02;1.033301e-01;5.781430e-02;3.921667e-02;7.998530e-02;1.201394e-01;4.370805e-02
5.343226e-02;4.294344e-02;3.392858e-01;3.068031e-02;4.547030e-02;4.938257e-02;1.459272e-01;3.427794e-02;3.903060e-02;1.032325e-01;7.577444e-02;4.056260e-02
4.065616e-02;5.453254e-02;3.687775e-01;2.860884e-02;4.041839e-02;6.248848e-02;1.678952e-01;1.755359e-02;2.994511e-02;9.554572e-02;5.994148e-02;3.363713e-02
2.439700e-02;6.120719e-02;3.955671e-01;2.766430e-02;3.035519e-02;5.342555e-02;1.582929e-01;2.438295e-02;4.007152e-02;7.712151e-02;7.488860e-02;3.262611e-02
3.862857e-02;8.097439e-02;3.650738e-01;2.275050e-02;2.220302e-02;5.577837e-02;1.474517e-01;4.284256e-02;3.884801e-02;6.200587e-02;7.228604e-02;5.115717e-02
3.918548e-02;1.153884e-01;3.283672e-01;1.413784e-02;1.348538e-02;6.560768e-02;1.298849e-01;5.411619e-02;4.186476e-02;5.187307e-02;5.469504e-02;9.139405e-02
5.796372e-02;1.440124e-01;2.913601e-01;1.292357e-02;1.270029e-02;7.105713e-02;1.120379e-01;5.042289e-02;4.559391e-02;4.930174e-02;3.146370e-02;1.211627e-01
6.816715e-02;1.578667e-01;2.848361e-01;1.855004e-02;1.378025e-02;7.592591e-02;1.015660e-01;3.807292e-02;4.949794e-02;5.176966e-02;1.150761e-02;1.284596e-01
7.985482e-02;1.591098e-01;2.838683e-01;2.678296e-02;2.471474e-02;7.329897e-02;7.352386e-02;2.817960e-02;6.230581e-02;6.016425e-02;2.604282e-02;1.021541e-01
1.133300e-01;1.547278e-01;2.751349e-01;3.541673e-02;3.154105e-02;6.046318e-02;7.092759e-02;2.222690e-02;6.675273e-02;6.315041e-02;4.144124e-02;6.488749e-02
1.348411e-01;1.233096e-01;2.339527e-01;3.831742e-02;4.243872e-02;4.381545e-02;1.240697e-01;4.208186e-02;5.198099e-02;5.100903e-02;5.499800e-02;5.918533e-02
1.296706e-01;7.596444e-02;1.923067e-01;3.355248e-02;5.461571e-02;5.063642e-02;1.666551e-01;5.679991e-02;2.952228e-02;4.500436e-02;6.306371e-02;1.022083e-01
1.123535e-01;1.099228e-01;1.608640e-01;3.840758e-02;5.474772e-02;4.732013e-02;9.187052e-02;4.698507e-02;7.489737e-02;5.950905e-02;7.318330e-02;1.299389e-01
1.245684e-01;8.977243e-02;1.160242e-01;2.831559e-02;3.233099e-02;5.089322e-02;9.728498e-02;5.090199e-02;1.139454e-01;8.909564e-02;7.322406e-02;1.336432e-01
9.919775e-02;8.322165e-02;1.057234e-01;3.738857e-02;3.130025e-02;5.637967e-02;1.198598e-01;7.064044e-02;1.427156e-01;8.064332e-02;7.926211e-02;9.366739e-02
7.970784e-02;1.098109e-01;1.138014e-01;5.464070e-02;4.944051e-02;5.822870e-02;1.171596e-01;9.161156e-02;1.374290e-01;5.419578e-02;7.911298e-02;5.486100e-02
7.808892e-02;9.082308e-02;1.037561e-01;5.959836e-02;6.950247e-02;4.949827e-02;1.053583e-01;1.131925e-01;9.008178e-02;7.140433e-02;7.917484e-02;8.952102e-02
6.004418e-02;7.801466e-02;1.507412e-01;6.368676e-02;7.528426e-02;5.515631e-02;1.012167e-01;8.451346e-02;7.948622e-02;9.432760e-02;4.895939e-02;1.085693e-01
4.129107e-02;7.748972e-02;1.270340e-01;6.920281e-02;5.726812e-02;7.481264e-02;1.061306e-01;1.170292e-01;1.097682e-01;8.245622e-02;4.061835e-02;9.689907e-02
6.994978e-02;9.120978e-02;8.288662e-02;6.772541e-02;4.465169e-02;7.812507e-02;1.530134e-01;1.156067e-01;9.479389e-02;6.523377e-02;4.634782e-02;9.045608e-02
7.740441e-02;8.940756e-02;1.064219e-01;8.711196e-02;3.428849e-02;8.700527e-02;1.396239e-01;8.962039e-02;9.639212e-02;6.544054e-02;3.912268e-02;8.816089e-02
6.313509e-02;7.659565e-02;1.302483e-01;9.943300e-02;4.358283e-02;8.988184e-02;1.316013e-01;9.033963e-02;1.118331e-01;6.331394e-02;3.661858e-02;6.341667e-02
6.543451e-02;6.093794e-02;9.243208e-02;6.624412e-02;5.337736e-02;1.184619e-01;8.651162e-02;9.722561e-02;1.314972e-01;8.310734e-02;5.563708e-02;8.913334e-02
9.660853e-02;8.075221e-02;1.034469e-01;8.487936e-02;3.944248e-02;1.046181e-01;8.064599e-02;8.090326e-02;1.111096e-01;6.976496e-02;5.691443e-02;9.091409e-02
1.062901e-01;1.343796e-01;1.757519e-01;5.159297e-02;3.007282e-02;5.671854e-02;1.213615e-01;5.670912e-02;6.033285e-02;5.815743e-02;7.233398e-02;7.629919e-02
1.122651e-01;1.075924e-01;2.563371e-01;5.486277e-02;3.545205e-02;3.083907e-02;1.047382e-01;5.432500e-02;4.057102e-02;7.708444e-02;8.233358e-02;4.359925e-02
1.421959e-01;6.619065e-02;3.064755e-01;7.978819e-02;3.514006e-02;2.079406e-02;9.611743e-02;4.245325e-02;2.225166e-02;8.479360e-02;7.680853e-02;2.699117e-02
1.988154e-01;1.885786e-02;3.100749e-01;1.013048e-01;2.991392e-02;2.043907e-02;1.199633e-01;3.116151e-02;1.224266e-02;8.576998e-02;4.605550e-02;2.540110e-02
2.205111e-01;2.087365e-02;2.731158e-01;9.446421e-02;2.165960e-02;1.859932e-02;1.551458e-01;6.137728e-02;1.484930e-02;7.086564e-02;2.922314e-02;1.931524e-02
1.939478e-01;3.302879e-02;2.439886e-01;9.863593e-02;1.347824e-02;1.291868e-02;1.672136e-01;1.031541e-01;2.135128e-02;5.361841e-02;4.672550e-02;1.193900e-02
1.250531e-01;4.274451e-02;2.110855e-01;1.445681e-01;2.245221e-02;1.370207e-02;1.347604e-01;1.452052e-01;1.920306e-02;4.255215e-02;9.120742e-02;7.466148e-03
5.190624e-02;3.767317e-02;1.915340e-01;1.946928e-01;4.243949e-02;2.753442e-02;8.367081e-02;1.768423e-01;1.171469e-02;3.465062e-02;1.356438e-01;1.169767e-02
3.366498e-02;3.960669e-02;1.798762e-01;1.795972e-01;5.925984e-02;4.739010e-02;8.240937e-02;1.786654e-01;7.170204e-03;2.601125e-02;1.520026e-01;1.434620e-02
2.494140e-02;3.054098e-02;1.867772e-01;1.466291e-01;5.605519e-02;5.349937e-02;1.099289e-01;1.891572e-01;9.946867e-03;2.785290e-02;1.533664e-01;1.130458e-02
9.055270e-03;2.147552e-02;2.317898e-01;1.180568e-01;4.439619e-02;4.906528e-02;1.234336e-01;1.960097e-01;1.123932e-02;3.396685e-02;1.488304e-01;1.268126e-02
1.505200e-02;2.954799e-02;2.783740e-01;8.614921e-02;4.279926e-02;4.896791e-02;1.192706e-01;1.560010e-01;2.964123e-02;4.578725e-02;1.288927e-01;1.951681e-02
2.767306e-02;3.231372e-02;3.470278e-01;6.798869e-02;3.625383e-02;5.136152e-02;1.054973e-01;1.099834e-01;4.984827e-02;4.419483e-02;1.080042e-01;1.985335e-02
1.806837e-02;1.973865e-02;4.268430e-01;6.926816e-02;7.519177e-02;4.760925e-02;8.128207e-02;7.140924e-02;4.519672e-02;4.199664e-02;7.601783e-02;2.737828e-02
2.795137e-02;2.225437e-02;4.664333e-01;9.686380e-02;8.052075e-02;3.232274e-02;5.300368e-02;3.401463e-02;3.537438e-02;4.872017e-02;5.851696e-02;4.402389e-02
4.280487e-02;2.653806e-02;4.613844e-01;8.076692e-02;6.128654e-02;2.991492e-02;7.950734e-02;4.201522e-02;3.503049e-02;4.563310e-02;4.762469e-02;4.749353e-02
4.842566e-02;2.015070e-02;4.658544e-01;6.311306e-02;4.811797e-02;2.295275e-02;1.189213e-01;5.666552e-02;3.362694e-02;3.077983e-02;4.951264e-02;4.187915e-02
6.077436e-02;2.190608e-02;4.847254e-01;5.697823e-02;4.041499e-02;1.417010e-02;1.175484e-01;7.869971e-02;3.220771e-02;3.336192e-02;3.379123e-02;2.542191e-02
6.133243e-02;3.545584e-02;4.880675e-01;4.754681e-02;2.888391e-02;1.642071e-02;1.322419e-01;9.341703e-02;2.765957e-02;4.021458e-02;1.653099e-02;1.222866e-02
4.917392e-02;4.074518e-02;4.691700e-01;4.551299e-02;3.389213e-02;2.805234e-02;1.431457e-01;1.006849e-01;1.931154e-02;5.153878e-02;1.205369e-02;6.718657e-03
3.438529e-02;4.807935e-02;4.629140e-01;4.259100e-02;3.790339e-02;3.910853e-02;1.332519e-01;8.657599e-02;2.719722e-02;6.682187e-02;9.539290e-03;1.163214e-02
2.097099e-02;5.564063e-02;4.791431e-01;3.689872e-02;3.202916e-02;4.468479e-02;1.016075e-01;7.485302e-02;4.952457e-02;7.604623e-02;1.168505e-02;1.691629e-02
2.176230e-02;6.597415e-02;4.438911e-01;3.321204e-02;1.935960e-02;4.728911e-02;8.626045e-02;8.545977e-02;8.794948e-02;7.553202e-02;1.665524e-02;1.665469e-02
3.478100e-02;9.033237e-02;3.783249e-01;3.568937e-02;2.484105e-02;5.794593e-02;7.333728e-02;8.288950e-02;1.318798e-01;6.646142e-02;1.286762e-02;1.064974e-02
5.398590e-02;9.866194e-02;3.396923e-01;3.832788e-02;3.391593e-02;6.391183e-02;7.457378e-02;6.729187e-02;1.596769e-01;4.215074e-02;8.844076e-03;1.896691e-02
6.222596e-02;9.824061e-02;3.243321e-01;3.570321e-02;3.566907e-02;4.983114e-02;6.190010e-02;8.226567e-02;1.625512e-01;4.719466e-02;2.099528e-02;1.909096e-02
8.192260e-02;1.089121e-01;3.183700e-01;2.869146e-02;4.041469e-02;2.834067e-02;4.765052e-02;1.048337e-01;1.407398e-01;6.591567e-02;2.503666e-02;9.172160e-03
7.817737e-02;1.200104e-01;2.936295e-01;3.196010e-02;4.346165e-02;3.306176e-02;5.542075e-02;8.783644e-02;1.129072e-01;9.567852e-02;3.236999e-02;1.548630e-02
6.499103e-02;1.147556e-01;2.661468e-01;2.376579e-02;3.538234e-02;4.395391e-02;8.513539e-02;1.168405e-01;1.086061e-01;9.877119e-02;2.986097e-02;1.179035e-02
6.861154e-02;1.073676e-01;2.775859e-01;2.198425e-02;3.648008e-02;5.646761e-02;9.435265e-02;1.310721e-01;9.931763e-02;6.299745e-02;2.858375e-02;1.517957e-02
6.975471e-02;1.290344e-01;3.077900e-01;2.657341e-02;3.708450e-02;6.076980e-02;9.958753e-02;7.282647e-02;1.090655e-01;4.646052e-02;2.033903e-02;2.071416e-02
7.427766e-02;1.444219e-01;3.026716e-01;3.339932e-02;3.374696e-02;5.867732e-02;6.355895e-02;8.462601e-02;1.238646e-01;4.256710e-02;1.457041e-02;2.361818e-02
9.039066e-02;1.520101e-01;2.826317e-01;3.524802e-02;2.383794e-02;4.600579e-02;5.160882e-02;1.081626e-01;1.181495e-01;5.521448e-02;1.366035e-02;2.307994e-02
9.635359e-02;1.389941e-01;2.493131e-01;2.788283e-02;2.646545e-02;3.955058e-02;7.700738e-02;1.275734e-01;9.445097e-02;8.189026e-02;2.084483e-02;1.967353e-02
1.086563e-01;1.081762e-01;1.984773e-01;2.379753e-02;3.392949e-02;4.058087e-02;1.475656e-01;1.361668e-01;6.344915e-02;7.380965e-02;3.324486e-02;3.214624e-02
1.354005e-01;6.830572e-02;1.511348e-01;2.601159e-02;3.829478e-02;4.383689e-02;2.212289e-01;1.094450e-01;5.180996e-02;5.688139e-02;5.517180e-02;4.247857e-02
1.482016e-01;4.398443e-02;1.171874e-01;2.517175e-02;3.852389e-02;4.758495e-02;2.654302e-01;1.029614e-01;6.642307e-02;5.183844e-02;5.945912e-02;3.323377e-02
1.429869e-01;7.707959e-02;9.182158e-02;2.574887e-02;4.472790e-02;3.047537e-02;1.996747e-01;1.042225e-01;8.559472e-02;5.992948e-02;5.621096e-02;8.152745e-02
1.117297e-01;7.802713e-02;6.454737e-02;4.107782e-02;5.432596e-02;4.124016e-02;1.235950e-01;1.374303e-01;9.057929e-02;7.213718e-02;5.379872e-02;1.315114e-01
9.611766e-02;7.785396e-02;8.623063e-02;5.518712e-02;5.994740e-02;5.670214e-02;9.145584e-02;1.404862e-01;6.322318e-02;6.550545e-02;7.670984e-02;1.305806e-01
8.703931e-02;8.303527e-02;8.825858e-02;5.932284e-02;6.029345e-02;6.667917e-02;1.335553e-01;1.059131e-01;8.016533e-02;7.620513e-02;7.341311e-02;8.611937e-02
1.055383e-01;5.960088e-02;1.188626e-01;5.055115e-02;5.751347e-02;6.609984e-02;1.786218e-01;6.964428e-02;9.470493e-02;5.972764e-02;7.895918e-02;6.017601e-02
1.033436e-01;4.566050e-02;1.436854e-01;3.678391e-02;5.816131e-02;5.157053e-02;1.467348e-01;5.549429e-02;8.220100e-02;4.408456e-02;1.752596e-01;5.702046e-02
7.748805e-02;5.712045e-02;1.066834e-01;3.422906e-02;5.168265e-02;4.729833e-02;1.052043e-01;9.533022e-02;7.726255e-02;9.190665e-02;2.196145e-01;3.617988e-02
7.415979e-02;5.564723e-02;7.703136e-02;2.702025e-02;3.167250e-02;6.076108e-02;1.126056e-01;1.224859e-01;7.042221e-02;1.131702e-01;1.860382e-01;6.898568e-02
9.159706e-02;5.527544e-02;8.335782e-02;2.524320e-02;4.287235e-02;4.762648e-02;1.635990e-01;1.083590e-01;7.106886e-02;8.211390e-02;1.560913e-01;7.279558e-02
8.562608e-02;4.964481e-02;9.712108e-02;2.787702e-02;7.189623e-02;4.681371e-02;1.725875e-01;9.848209e-02;8.146249e-02;5.516178e-02;1.513482e-01;6.197897e-02
7.233731e-02;5.284340e-02;8.555589e-02;3.990007e-02;7.008202e-02;4.850737e-02;1.088686e-01;1.795020e-01;7.298322e-02;7.179609e-02;1.241357e-01;7.348832e-02
9.155146e-02;8.099985e-02;9.634183e-02;3.881153e-02;5.845151e-02;6.079003e-02;5.454397e-02;2.187581e-01;8.179311e-02;5.670526e-02;7.823300e-02;8.302034e-02
9.938697e-02;1.149597e-01;7.387692e-02;5.961832e-02;4.279798e-02;6.728901e-02;6.946967e-02;1.589365e-01;9.228610e-02;5.954231e-02;7.072596e-02;9.111056e-02
6.025785e-02;9.745298e-02;9.360137e-02;6.692403e-02;3.125573e-02;4.602640e-02;9.220816e-02;1.560811e-01;6.630427e-02;9.890186e-02;1.062213e-01;8.476497e-02
6.027742e-02;7.392547e-02;7.731763e-02;3.857825e-02;2.792739e-02;4.684228e-02;1.450970e-01;1.839968e-01;4.999125e-02;9.561295e-02;8.313876e-02;1.172949e-01
7.317775e-02;6.341019e-02;7.638741e-02;3.004022e-02;2.928451e-02;5.276442e-02;1.685757e-01;1.349299e-01;5.074175e-02;5.214394e-02;1.050201e-01;1.635241e-01
8.464365e-02;4.928758e-02;5.192026e-02;2.613931e-02;3.044425e-02;4.137020e-02;1.479677e-01;1.485744e-01;5.789936e-02;7.155849e-02;9.688274e-02;1.933121e-01
1.104038e-01;5.561922e-02;6.044762e-02;3.470096e-02;3.825539e-02;5.416901e-02;2.061570e-01;1.009880e-01;4.099339e-02;1.042998e-01;4.420795e-02;1.497579e-01
1.141586e-01;4.506213e-02;7.507913e-02;4.152795e-02;4.394779e-02;6.118966e-02;3.106986e-01;7.332605e-02;6.065705e-02;7.520449e-02;2.025146e-02;7.889706e-02
7.801269e-02;4.419228e-02;9.672724e-02;5.291180e-02;4.414444e-02;5.470030e-02;3.197062e-01;9.562477e-02;6.580351e-02;5.683975e-02;2.881783e-02;6.251925e-02
8.848288e-02;4.900594e-02;1.439145e-01;4.764229e-02;6.264384e-02;6.237763e-02;3.099600e-01;6.153525e-02;3.673739e-02;3.939053e-02;4.201858e-02;5.629113e-02
9.893288e-02;5.264851e-02;1.726863e-01;5.150910e-02;7.621718e-02;6.329127e-02;2.258022e-01;6.719328e-02;3.908025e-02;3.672996e-02;6.462784e-02;5.128124e-02
7.815197e-02;5.075048e-02;2.236851e-01;7.443764e-02;8.326145e-02;7.130164e-02;1.468278e-01;7.879110e-02;3.135277e-02;3.153398e-02;9.176316e-02;3.814278e-02
3.681101e-02;4.366282e-02;2.674498e-01;1.012869e-01;8.752789e-02;8.438168e-02;9.899668e-02;8.461208e-02;1.676374e-02;2.256088e-02;1.251469e-01;3.079967e-02
2.133143e-02;3.508588e-02;2.695582e-01;1.069113e-01;9.221775e-02;8.316486e-02;1.024385e-01;7.760661e-02;1.254611e-02;2.080685e-02;1.430125e-01;3.531995e-02
1.677850e-02;3.800258e-02;2.654211e-01;1.026832e-01;9.547281e-02;7.520247e-02;9.146993e-02;7.637406e-02;1.050635e-02;2.061157e-02;1.570787e-01;5.039869e-02
1.956181e-02;4.774243e-02;2.533143e-01;1.031805e-01;8.812968e-02;5.951407e-02;6.350665e-02;8.143127e-02;2.048834e-02;2.076970e-02;1.751737e-01;6.718756e-02
2.470275e-02;5.744865e-02;2.299463e-01;1.012684e-01;9.757002e-02;4.022499e-02;4.736349e-02;8.528142e-02;3.061399e-02;2.658029e-02;1.810559e-01;7.794373e-02
4.368471e-02;6.142890e-02;1.948748e-01;9.877264e-02;1.220407e-01;3.035770e-02;2.716753e-02;9.331622e-02;4.024610e-02;4.030371e-02;1.551319e-01;9.267498e-02
6.266761e-02;4.974027e-02;1.684225e-01;8.916540e-02;1.410230e-01;3.760596e-02;3.611853e-02;8.961972e-02;5.917424e-02;3.890540e-02;1.056195e-01;1.219379e-01
7.730494e-02;4.205544e-02;1.485430e-01;7.087071e-02;1.660729e-01;6.096864e-02;4.420963e-02;6.441916e-02;6.459331e-02;2.806224e-02;7.216442e-02;1.607355e-01
6.665158e-02;3.765317e-02;1.457201e-01;5.846578e-02;1.999002e-01;7.598346e-02;3.719755e-02;3.991904e-02;6.584639e-02;1.648805e-02;6.122186e-02;1.949527e-01
7.844255e-02;3.130610e-02;1.253595e-01;5.340632e-02;2.248457e-01;6.955054e-02;4.694771e-02;3.410503e-02;7.377107e-02;1.022076e-02;4.219806e-02;2.098466e-01
8.654563e-02;2.492055e-02;1.199671e-01;6.025303e-02;2.331824e-01;6.780817e-02;5.820616e-02;2.250099e-02;7.534618e-02;8.293508e-03;3.510502e-02;2.078712e-01
8.068721e-02;1.352256e-02;1.197513e-01;5.237696e-02;2.422690e-01;7.452270e-02;4.685117e-02;2.575119e-02;8.534930e-02;1.234443e-02;2.620436e-02;2.203698e-01
9.700070e-02;1.363760e-02;1.214746e-01;4.223242e-02;2.270536e-01;7.796054e-02;6.098712e-02;1.886527e-02;8.209100e-02;1.210994e-02;1.739693e-02;2.291902e-01
1.017721e-01;1.126252e-02;1.459585e-01;3.703250e-02;2.031687e-01;8.211509e-02;5.773451e-02;1.319311e-02;7.676798e-02;1.338965e-02;1.902688e-02;2.385784e-01
1.102411e-01;1.187758e-02;1.536784e-01;3.477871e-02;2.036770e-01;8.567628e-02;5.686314e-02;8.685911e-03;7.715783e-02;1.589219e-02;1.118907e-02;2.302827e-01
1.348404e-01;1.513267e-02;1.428348e-01;4.002911e-02;1.867407e-01;7.809678e-02;6.950476e-02;6.469544e-03;9.044465e-02;2.643158e-02;1.392291e-02;1.955521e-01
1.741111e-01;1.686656e-02;9.174266e-02;2.663565e-02;1.617854e-01;9.506463e-02;9.354471e-02;1.875414e-02;1.003309e-01;3.438099e-02;1.996823e-02;1.668150e-01
1.750769e-01;1.899945e-02;6.362441e-02;2.180782e-02;1.479015e-01;9.794369e-02;9.614979e-02;4.056200e-02;1.047237e-01;6.009414e-02;3.654480e-02;1.365717e-01
1.556872e-01;2.659161e-02;7.559064e-02;2.415861e-02;1.463179e-01;8.814644e-02;1.016743e-01;5.597365e-02;1.114218e-01;7.229255e-02;4.314606e-02;9.899918e-02
1.365761e-01;1.711979e-02;8.479387e-02;4.176154e-02;1.566767e-01;8.306874e-02;1.124468e-01;6.001049e-02;1.453401e-01;5.261694e-02;4.297624e-02;6.661269e-02
1.252068e-01;2.079868e-02;1.002763e-01;6.693972e-02;1.609679e-01;7.420192e-02;8.363268e-02;5.330087e-02;1.587472e-01;2.957149e-02;5.281013e-02;7.354636e-02
1.149027e-01;3.521388e-02;1.175407e-01;6.221033e-02;1.562877e-01;6.157536e-02;7.499081e-02;6.335144e-02;1.262340e-01;3.050488e-02;6.800725e-02;8.918090e-02
9.155253e-02;5.701625e-02;1.602658e-01;5.882779e-02;1.426995e-01;4.438998e-02;6.081198e-02;6.476755e-02;8.000693e-02;7.376327e-02;7.117798e-02;9.472041e-02
5.131363e-02;6.303548e-02;1.833683e-01;6.871283e-02;1.208901e-01;4.078261e-02;3.979767e-02;9.919110e-02;4.014522e-02;8.345114e-02;1.020993e-01;1.072125e-01
4.594728e-02;6.108298e-02;1.845889e-01;6.261978e-02;1.122414e-01;4.196401e-02;4.802142e-02;1.204926e-01;6.227845e-02;5.108975e-02;1.273665e-01;8.230699e-02
5.106967e-02;4.241677e-02;1.837040e-01;6.635917e-02;1.148127e-01;4.933001e-02;7.617857e-02;1.256763e-01;4.297386e-02;4.967343e-02;1.400520e-01;5.775353e-02
4.206569e-02;3.742238e-02;2.011204e-01;8.014870e-02;1.169759e-01;5.055698e-02;8.467279e-02;1.132695e-01;2.474286e-02;5.429818e-02;1.425948e-01;5.213180e-02
3.493422e-02;4.752306e-02;2.110567e-01;6.897651e-02;1.056990e-01;4.643393e-02;7.912873e-02;1.228339e-01;4.940752e-02;4.530547e-02;1.439919e-01;4.470902e-02
3.404590e-02;7.293462e-02;2.131232e-01;6.536688e-02;9.792213e-02;4.659067e-02;4.576076e-02;1.357940e-01;6.679339e-02;3.788228e-02;1.274879e-01;5.629824e-02
1.786551e-02;8.095433e-02;2.414577e-01;8.018440e-02;1.168960e-01;5.614082e-02;3.953848e-02;1.307372e-01;5.863739e-02;4.418211e-02;7.856148e-02;5.484463e-02
2.688574e-02;7.406719e-02;2.537622e-01;9.657837e-02;1.232808e-01;6.096600e-02;2.648837e-02;1.360767e-01;5.565344e-02;3.874072e-02;6.025076e-02;4.724965e-02
3.000225e-02;7.484116e-02;2.328541e-01;1.025959e-01;1.168037e-01;6.765272e-02;2.480179e-02;1.528762e-01;5.245543e-02;3.243655e-02;7.283983e-02;3.984033e-02
1.998339e-02;7.145054e-02;2.354247e-01;1.104806e-01;1.070850e-01;6.605385e-02;5.077047e-02;1.509848e-01;4.087188e-02;2.902251e-02;7.870137e-02;3.917092e-02
4.457451e-02;5.838280e-02;2.607166e-01;1.085244e-01;9.109457e-02;5.792197e-02;6.416477e-02;1.396343e-01;3.062085e-02;2.741040e-02;8.345722e-02;3.349750e-02
9.238816e-02;3.904364e-02;2.953573e-01;8.469901e-02;6.723521e-02;4.323184e-02;8.074705e-02;1.218979e-01;1.443050e-02;4.662872e-02;8.502341e-02;2.931716e-02
1.290015e-01;1.366396e-02;3.266480e-01;4.979049e-02;4.307210e-02;2.977387e-02;1.289383e-01;8.441023e-02;2.222230e-02;7.513701e-02;6.950382e-02;2.783836e-02
1.255213e-01;2.884058e-02;3.796449e-01;3.607749e-02;3.117799e-02;2.398327e-02;1.485059e-01;4.010941e-02;3.112586e-02;8.413397e-02;4.517628e-02;2.570312e-02
7.699564e-02;6.659409e-02;4.265618e-01;2.821506e-02;2.561009e-02;3.909469e-02;1.373964e-01;1.724632e-02;4.859618e-02;8.051855e-02;3.020225e-02;2.296893e-02
5.939639e-02;1.338383e-01;3.577108e-01;3.024160e-02;2.266544e-02;5.689441e-02;9.077853e-02;1.845723e-02;7.635627e-02;5.609305e-02;2.897457e-02;6.859339e-02
9.292811e-02;2.249735e-01;2.371314e-01;2.684291e-02;2.627202e-02;5.759912e-02;5.940532e-02;2.778445e-02;9.834052e-02;2.755284e-02;4.656027e-02;7.460948e-02
1.470370e-01;2.470850e-01;1.851393e-01;2.780822e-02;4.979028e-02;4.365462e-02;3.639819e-02;4.827345e-02;7.917436e-02;2.201328e-02;6.644859e-02;4.717784e-02
1.923870e-01;1.700508e-01;1.770459e-01;3.348941e-02;8.527220e-02;4.425222e-02;4.600278e-02;8.608066e-02;4.930246e-02;2.413140e-02;6.797720e-02;2.400804e-02
1.878513e-01;7.609062e-02;1.762652e-01;4.464786e-02;1.168291e-01;4.618942e-02;8.004135e-02;1.259665e-01;2.366616e-02;4.897060e-02;5.620982e-02;1.727201e-02
1.139874e-01;5.590469e-02;1.624118e-01;7.329047e-02;1.172630e-01;4.152798e-02;1.301024e-01;1.463515e-01;1.983213e-02;7.373318e-02;4.131211e-02;2.428337e-02
4.856792e-02;7.306512e-02;1.101239e-01;1.024361e-01;8.782091e-02;3.596704e-02;2.156316e-01;1.614755e-01;1.341306e-02;8.689139e-02;2.671894e-02;3.788858e-02
2.745101e-02;1.184863e-01;5.769184e-02;1.065124e-01;4.659224e-02;3.090047e-02;3.061776e-01;1.324518e-01;2.341593e-02;7.501391e-02;1.536302e-02;5.994356e-02
1.916168e-02;1.637390e-01;5.088519e-02;9.821622e-02;1.883358e-02;3.221418e-02;3.853877e-01;5.946599e-02;1.980708e-02;5.394736e-02;1.275015e-02;8.559188e-02
1.770156e-02;1.789320e-01;5.001533e-02;8.024090e-02;1.524365e-02;2.870424e-02;4.127243e-01;3.663538e-02;2.585728e-02;3.670534e-02;1.462974e-02;1.026102e-01
2.527929e-02;1.755939e-01;5.388490e-02;6.352969e-02;1.452496e-02;3.539829e-02;4.213181e-01;3.837216e-02;1.127327e-02;2.629114e-02;1.324133e-02;1.212929e-01
4.875571e-02;1.548858e-01;4.855948e-02;4.783896e-02;2.233054e-02;2.522847e-02;4.067778e-01;3.752726e-02;2.750901e-02;2.470582e-02;2.065344e-02;1.352277e-01
5.474114e-02;1.352179e-01;5.252695e-02;3.187539e-02;1.599307e-02;4.872556e-02;4.202214e-01;1.898563e-02;3.086917e-02;1.764382e-02;3.072129e-02;1.424786e-01
4.094256e-02;9.598281e-02;5.011999e-02;2.217891e-02;1.346504e-02;6.348510e-02;4.354037e-01;2.648827e-02;3.296595e-02;1.571197e-02;6.302961e-02;1.402261e-01
1.817444e-02;6.191432e-02;5.355754e-02;2.701112e-02;1.625180e-02;6.907824e-02;4.483517e-01;2.432956e-02;4.903937e-02;1.112972e-02;8.047593e-02;1.406863e-01
1.436682e-02;4.188574e-02;5.749669e-02;4.629365e-02;1.653478e-02;5.224051e-02;4.682942e-01;2.095687e-02;6.657407e-02;2.150531e-02;6.968630e-02;1.241651e-01
2.183766e-02;3.729200e-02;7.120889e-02;6.385371e-02;1.908812e-02;3.800652e-02;4.828929e-01;3.723929e-02;7.028918e-02;2.984940e-02;3.655167e-02;9.189066e-02
1.694185e-02;2.857329e-02;7.859039e-02;7.978056e-02;1.518411e-02;4.721754e-02;5.124821e-01;4.200145e-02;5.177757e-02;3.625430e-02;2.531737e-02;6.587943e-02
3.077596e-02;1.659680e-02;8.996539e-02;9.976077e-02;2.458365e-02;3.893866e-02;4.853377e-01;6.780648e-02;2.885744e-02;5.397690e-02;1.970903e-02;4.369116e-02
3.723197e-02;1.455086e-02;1.107603e-01;1.141185e-01;3.035953e-02;6.346492e-02;4.382325e-01;5.274345e-02;1.607031e-02;6.542527e-02;3.214122e-02;2.490108e-02
4.228425e-02;3.750394e-02;1.223616e-01;1.123487e-01;2.552401e-02;6.572954e-02;4.032256e-01;4.319341e-02;2.193951e-02;5.919272e-02;3.646488e-02;3.023191e-02
3.859395e-02;5.315423e-02;1.345471e-01;9.761350e-02;4.108538e-02;3.385282e-02;3.996162e-01;6.811210e-02;2.076382e-02;3.241908e-02;4.768730e-02;3.255458e-02
5.351829e-02;6.223844e-02;1.327921e-01;6.035453e-02;5.292660e-02;4.493047e-02;3.513833e-01;6.706848e-02;4.359547e-02;2.899350e-02;7.185019e-02;3.034863e-02
6.337893e-02;5.547547e-02;1.542243e-01;2.931128e-02;6.490880e-02;6.455419e-02;2.986390e-01;6.307454e-02;5.492956e-02;4.804075e-02;7.465991e-02;2.880332e-02
4.839470e-02;5.663751e-02;1.279967e-01;6.768643e-02;6.669004e-02;5.503413e-02;2.934078e-01;5.626736e-02;6.592003e-02;6.081084e-02;6.376211e-02;3.739241e-02
2.735682e-02;6.638832e-02;7.094578e-02;8.307179e-02;4.989702e-02;8.962346e-02;3.258961e-01;5.496508e-02;8.458754e-02;5.163691e-02;5.828102e-02;3.735015e-02
5.197091e-02;6.041291e-02;8.529004e-02;5.921322e-02;4.179613e-02;7.543439e-02;2.847088e-01;7.709765e-02;7.652114e-02;5.821581e-02;9.668985e-02;3.264914e-02
