1.024071e-01;7.362844e-02;1.355147e-01;4.859132e-02;7.278177e-02;3.996079e-02;1.233224e-01;8.799849e-02;8.101010e-02;8.298816e-02;6.835639e-02;8.344031e-02
1.024697e-01;5.477979e-02;1.847330e-01;4.450125e-02;3.195808e-02;5.133509e-02;1.014107e-01;1.267926e-01;7.918330e-02;8.579508e-02;5.037981e-02;8.666179e-02
9.324918e-02;5.687807e-02;2.596059e-01;4.960370e-02;3.219182e-02;4.685277e-02;6.549243e-02;1.304654e-01;1.063822e-01;7.767083e-02;3.562818e-02;4.597962e-02
9.804920e-02;5.684090e-02;2.652048e-01;5.691748e-02;2.218665e-02;4.066756e-02;7.934505e-02;9.724616e-02;1.118365e-01;7.810241e-02;3.988818e-02;5.371513e-02
1.030771e-01;5.640554e-02;2.897974e-01;6.862417e-02;3.861978e-02;6.354691e-02;5.103265e-02;6.761584e-02;1.121551e-01;7.435752e-02;3.225277e-02;4.251516e-02
1.428430e-01;7.656065e-02;3.056418e-01;4.979467e-02;3.412455e-02;5.594386e-02;5.471612e-02;5.433309e-02;1.033467e-01;4.548694e-02;4.294184e-02;3.426676e-02
2.244002e-01;6.731061e-02;2.048016e-01;3.548510e-02;3.186259e-02;2.968378e-02;9.466809e-02;6.738369e-02;8.602307e-02;4.847458e-02;4.643523e-02;6.347147e-02
2.823474e-01;7.486782e-02;5.647389e-02;3.844834e-02;2.563049e-02;2.801612e-02;1.921175e-01;9.984735e-02;5.831980e-02;5.430150e-02;2.533292e-02;6.429689e-02
1.879075e-01;7.346390e-02;6.011172e-02;3.928617e-02;1.763949e-02;4.111639e-02;2.821301e-01;1.025494e-01;3.509336e-02;4.793967e-02;3.475277e-02;7.800965e-02
9.693412e-02;4.746385e-02;5.893895e-02;2.886987e-02;2.223134e-02;8.944366e-02;3.513796e-01;7.736667e-02;5.666680e-02;4.245156e-02;6.375738e-02;6.449618e-02
3.815106e-02;2.807067e-02;7.118396e-02;1.620724e-02;2.223507e-02;1.593764e-01;3.540996e-01;4.805242e-02;8.822779e-02;4.161270e-02;9.451690e-02;3.826621e-02
2.874784e-02;2.120348e-02;8.550888e-02;9.451556e-03;2.712474e-02;2.303815e-01;2.683380e-01;3.962125e-02;8.240454e-02;5.763433e-02;1.291769e-01;2.040714e-02
5.696123e-02;1.286589e-02;9.678707e-02;1.422285e-02;5.394059e-02;2.862003e-01;1.244415e-01;3.095066e-02;5.578241e-02;7.856567e-02;1.807012e-01;8.580631e-03
6.403550e-02;2.219910e-02;7.914932e-02;2.466971e-02;1.010044e-01;2.853731e-01;3.368839e-02;2.621086e-02;6.147449e-02;8.595940e-02;2.012446e-01;1.499117e-02
5.857670e-02;2.111756e-02;8.500247e-02;2.031265e-02;1.109203e-01;2.533085e-01;5.678644e-02;2.158858e-02;9.445295e-02;7.940620e-02;1.721247e-01;2.640298e-02
5.617325e-02;1.974005e-02;1.029266e-01;1.235172e-02;1.028232e-01;2.378117e-01;7.436810e-02;1.436940e-02;1.064928e-01;7.889052e-02;1.633613e-01;3.069138e-02
7.386432e-02;2.674293e-02;1.139836e-01;2.057935e-02;9.040303e-02;2.215791e-01;7.338173e-02;1.917426e-02;8.538770e-02;7.994615e-02;1.747061e-01;2.025165e-02
1.058156e-01;2.691652e-02;1.074680e-01;2.516937e-02;7.000132e-02;1.863680e-01;9.633805e-02;3.053681e-02;7.042894e-02;6.866848e-02;1.875168e-01;2.477207e-02
1.444170e-01;2.469917e-02;1.140218e-01;2.860581e-02;4.626924e-02;1.499607e-01;1.193631e-01;3.259342e-02;6.126988e-02;5.177459e-02;2.072233e-01;1.980204e-02
1.709883e-01;1.951182e-02;1.329948e-01;2.487512e-02;3.172209e-02;1.343551e-01;1.192165e-01;3.244554e-02;5.194426e-02;6.834324e-02;1.757137e-01;3.788950e-02
1.503455e-01;2.090011e-02;1.419236e-01;2.017308e-02;3.338459e-02;1.522670e-01;1.463280e-01;3.082122e-02;4.245711e-02;7.965274e-02;1.371998e-01;4.454735e-02
1.208507e-01;1.585940e-02;1.237833e-01;2.529996e-02;5.858560e-02;1.825877e-01;1.916496e-01;3.033644e-02;3.537374e-02;7.840114e-02;1.014179e-01;3.585441e-02
1.105511e-01;2.768843e-02;1.513820e-01;4.071788e-02;7.558729e-02;1.569327e-01;1.625446e-01;5.467707e-02;3.111196e-02;6.142899e-02;8.778936e-02;3.958859e-02
8.922826e-02;6.091521e-02;1.957248e-01;4.089558e-02;6.623872e-02;1.381513e-01;1.279266e-01;5.717564e-02;5.437424e-02;4.571210e-02;9.402985e-02;2.962771e-02
9.189162e-02;7.741565e-02;2.369842e-01;5.810533e-02;8.538580e-02;7.185527e-02;1.594309e-01;3.931185e-02;3.497830e-02;5.248801e-02;6.732520e-02;2.482777e-02
9.797607e-02;6.945673e-02;2.120421e-01;6.733352e-02;9.479938e-02;7.388695e-02;1.556378e-01;2.922506e-02;5.133477e-02;5.280383e-02;6.641431e-02;2.908948e-02
1.056156e-01;4.955387e-02;1.453932e-01;6.081229e-02;8.310829e-02;9.939957e-02;1.780415e-01;3.732344e-02;7.157107e-02;5.755048e-02;7.650179e-02;3.512887e-02
9.833267e-02;4.752129e-02;9.063539e-02;4.508131e-02;6.176298e-02;9.601107e-02;2.159059e-01;6.707790e-02;8.148823e-02;7.178221e-02;8.551036e-02;3.889076e-02
8.233075e-02;9.301835e-02;1.047110e-01;4.242462e-02;4.234808e-02;7.495624e-02;1.730026e-01;8.397250e-02;7.918739e-02;8.641256e-02;8.911534e-02;4.852054e-02
9.979457e-02;7.044929e-02;7.758578e-02;3.050157e-02;5.201496e-02;1.609355e-01;1.774015e-01;5.349324e-02;6.545623e-02;7.716435e-02;8.773073e-02;4.747227e-02
6.444751e-02;5.062668e-02;5.351758e-02;2.619676e-02;6.972840e-02;2.520624e-01;1.614343e-01;5.003988e-02;5.605206e-02;7.806192e-02;1.113016e-01;2.653098e-02
4.252121e-02;4.164135e-02;2.565914e-02;3.563480e-02;9.946050e-02;3.041867e-01;1.458803e-01;6.818597e-02;2.923573e-02;8.615004e-02;1.087308e-01;1.271347e-02
2.227434e-02;5.370548e-02;3.117998e-02;3.954262e-02;1.375759e-01;2.733185e-01;1.026098e-01;9.285668e-02;3.428179e-02;1.087682e-01;9.132532e-02;1.256138e-02
2.373608e-02;7.457735e-02;2.944349e-02;5.221780e-02;1.815431e-01;1.870862e-01;5.366341e-02;1.148101e-01;5.229774e-02;1.356215e-01;7.545380e-02;1.954948e-02
3.127762e-02;8.525184e-02;3.087911e-02;5.537344e-02;2.167213e-01;1.124544e-01;3.345561e-02;1.258980e-01;5.006346e-02;1.556201e-01;7.170204e-02;3.130310e-02
2.687389e-02;7.470772e-02;2.835828e-02;9.087045e-02;2.210633e-01;7.978754e-02;3.771923e-02;1.218696e-01;6.465092e-02;1.371783e-01;8.182244e-02;3.509837e-02
1.624010e-02;5.312058e-02;4.647269e-02;9.898632e-02;2.067919e-01;8.661529e-02;3.765320e-02;1.160167e-01;6.464358e-02;1.462539e-01;9.875917e-02;2.844660e-02
2.945893e-02;3.998767e-02;4.507690e-02;4.570466e-02;1.743781e-01;1.012328e-01;4.533399e-02;1.150784e-01;6.492914e-02;2.193234e-01;8.664469e-02;3.285130e-02
3.839618e-02;3.808343e-02;5.349723e-02;4.929315e-02;1.203237e-01;1.046255e-01;6.861292e-02;1.033463e-01;8.180729e-02;2.429073e-01;6.705376e-02;3.205320e-02
4.132161e-02;5.142349e-02;5.116365e-02;7.833350e-02;7.916408e-02;1.082436e-01;8.927076e-02;1.076215e-01;8.148836e-02;2.094887e-01;7.359408e-02;2.888667e-02
4.670941e-02;3.141070e-02;6.795388e-02;8.660465e-02;7.642317e-02;1.206794e-01;9.813931e-02;1.197353e-01;7.271490e-02;1.777178e-01;7.691064e-02;2.500083e-02
5.539089e-02;2.741354e-02;9.222553e-02;8.418169e-02;8.892649e-02;9.662131e-02;1.224786e-01;1.227273e-01;5.513651e-02;1.357899e-01;7.057478e-02;4.853349e-02
3.718792e-02;2.342433e-02;8.254535e-02;7.049325e-02;6.626854e-02;7.016263e-02;1.794969e-01;1.446906e-01;6.151477e-02;1.478978e-01;5.590763e-02;6.041031e-02
2.552000e-02;3.880121e-02;3.713734e-02;7.184906e-02;7.305662e-02;8.396886e-02;2.203912e-01;1.544234e-01;6.759089e-02;1.282411e-01;5.566400e-02;4.335640e-02
3.150418e-02;3.764018e-02;3.702386e-02;6.348568e-02;9.869232e-02;1.393031e-01;1.909443e-01;1.283866e-01;6.116203e-02;1.180850e-01;4.951153e-02;4.426125e-02
3.628111e-02;5.429529e-02;5.214024e-02;4.756096e-02;1.436406e-01;1.639211e-01;9.122682e-02;1.034232e-01;6.529430e-02;1.256586e-01;5.076763e-02;6.579027e-02
5.686232e-02;5.063858e-02;6.602864e-02;6.762907e-02;1.616619e-01;1.191666e-01;5.804211e-02;9.427054e-02;6.985135e-02;1.421625e-01;5.656098e-02;5.712536e-02
4.887712e-02;5.505860e-02;5.947961e-02;6.269681e-02;1.691330e-01;6.315668e-02;9.529454e-02;1.049925e-01;7.982542e-02;1.545460e-01;8.132154e-02;2.561812e-02
4.197732e-02;7.140756e-02;7.965638e-02;3.604176e-02;1.530944e-01;8.385130e-02;1.011038e-01;1.042460e-01;6.998684e-02;1.291381e-01;1.105063e-01;1.899018e-02
5.124148e-02;9.605227e-02;6.406673e-02;2.816407e-02;1.310206e-01;7.205350e-02;9.006866e-02;7.695086e-02;1.000795e-01;1.694548e-01;9.641746e-02;2.443002e-02
3.674343e-02;9.475452e-02;5.762869e-02;3.472568e-02;1.348213e-01;4.998185e-02;6.083652e-02;7.308821e-02;1.005394e-01;2.266794e-01;9.995224e-02;3.024866e-02
2.191662e-02;1.176791e-01;3.744913e-02;2.192110e-02;1.402398e-01;5.351715e-02;3.829452e-02;8.651169e-02;1.116624e-01;2.415901e-01;9.655413e-02;3.266416e-02
1.047933e-02;1.342560e-01;2.720007e-02;2.503132e-02;1.344655e-01;5.554552e-02;1.949404e-02;1.353915e-01;1.295253e-01;2.159558e-01;8.896296e-02;2.369267e-02
9.603023e-03;1.366561e-01;1.977324e-02;4.207874e-02;1.362176e-01;5.668661e-02;2.292245e-02;1.646848e-01;1.407391e-01;1.805342e-01;7.091238e-02;1.919181e-02
9.337865e-03;1.392288e-01;2.096619e-02;4.469249e-02;1.526764e-01;7.600304e-02;1.696702e-02;1.615819e-01;1.338848e-01;1.633585e-01;6.267685e-02;1.862611e-02
1.085760e-02;1.236561e-01;3.623604e-02;6.317186e-02;1.389661e-01;1.196802e-01;3.905946e-02;1.715440e-01;9.237383e-02;1.282574e-01;5.677831e-02;1.941902e-02
1.856443e-02;8.674635e-02;4.345002e-02;9.224402e-02;1.257947e-01;2.190732e-01;7.944962e-02;1.375055e-01;4.118124e-02;8.424936e-02;5.719601e-02;1.454545e-02
3.764430e-02;3.839849e-02;5.493146e-02;7.268544e-02;9.539370e-02;3.139092e-01;1.333072e-01;6.113566e-02;4.528537e-02;5.825744e-02;7.266415e-02;1.638757e-02
4.802173e-02;1.726244e-02;7.114187e-02;2.983456e-02;6.918936e-02;3.038430e-01;2.041876e-01;4.148862e-02;7.368094e-02;3.956466e-02;7.654832e-02;2.523689e-02
4.185081e-02;2.743219e-02;5.472301e-02;2.040299e-02;5.124545e-02;2.260089e-01;2.963747e-01;7.793031e-02;6.991942e-02;2.832283e-02;6.471557e-02;4.107380e-02
8.939943e-02;4.036747e-02;5.069561e-02;3.002148e-02;4.709797e-02;1.312195e-01;3.320675e-01;1.282736e-01;3.741137e-02;3.269232e-02;4.324410e-02;3.750971e-02
1.708963e-01;5.900437e-02;6.849299e-02;2.495042e-02;4.756472e-02;5.896086e-02;2.718518e-01;1.579287e-01;4.164547e-02;3.498333e-02;3.714819e-02;2.657289e-02
2.111716e-01;9.440522e-02;1.043741e-01;2.674643e-02;4.201204e-02;3.913084e-02;2.038142e-01;1.389327e-01;4.296444e-02;2.954135e-02;3.633157e-02;3.057548e-02
2.279435e-01;1.291993e-01;1.387070e-01;3.005791e-02;4.596368e-02;3.304025e-02;1.780616e-01;7.614748e-02;4.134375e-02;2.724729e-02;4.059193e-02;3.169628e-02
1.949131e-01;9.774626e-02;1.057706e-01;3.685509e-02;5.798905e-02;7.224167e-02;1.182259e-01;1.464476e-01;4.150483e-02;4.675878e-02;4.891996e-02;3.262728e-02
1.324930e-01;7.026353e-02;7.613506e-02;3.863690e-02;5.883449e-02;1.069020e-01;1.676939e-01;1.789458e-01;3.954798e-02;5.084969e-02;4.459746e-02;3.510024e-02
1.513114e-01;9.151981e-02;6.654815e-02;6.020449e-02;5.316518e-02;9.205730e-02;1.632480e-01;1.437152e-01;4.252576e-02;5.023000e-02;5.065157e-02;3.482314e-02
1.677404e-01;1.093981e-01;6.912690e-02;7.894395e-02;9.523249e-02;8.609419e-02;1.109494e-01;8.902996e-02;3.965343e-02;5.706168e-02;4.884287e-02;4.792672e-02
1.620790e-01;1.091424e-01;5.575925e-02;6.741434e-02;1.127204e-01;1.199620e-01;7.343571e-02;8.620516e-02;5.202069e-02;6.559736e-02;3.985636e-02;5.580733e-02
1.478934e-01;8.376147e-02;7.536969e-02;6.922767e-02;9.609976e-02;1.204033e-01;1.018170e-01;1.082295e-01;5.059607e-02;5.507581e-02;4.470583e-02;4.682059e-02
1.600991e-01;5.124951e-02;9.889190e-02;7.618919e-02;6.463873e-02;1.066883e-01;1.608448e-01;8.756770e-02;3.178700e-02;5.766723e-02;4.631863e-02;5.805779e-02
1.462039e-01;4.970544e-02;1.261538e-01;6.149843e-02;6.493133e-02;1.291139e-01;1.778098e-01;5.813115e-02;4.539679e-02;4.762284e-02;4.293237e-02;5.050010e-02
9.742633e-02;4.106139e-02;2.351879e-01;7.272120e-02;7.161718e-02;9.054789e-02;1.417699e-01;5.678711e-02;4.601077e-02;5.402982e-02;5.975732e-02;3.308320e-02
5.001549e-02;8.565485e-02;2.473641e-01;8.540345e-02;7.519395e-02;3.722549e-02;7.745892e-02;4.865453e-02;1.093678e-01;8.389058e-02;6.053668e-02;3.923414e-02
7.578465e-02;1.238316e-01;1.913332e-01;6.699401e-02;4.882185e-02;3.367494e-02;4.932084e-02;6.214141e-02;1.847762e-01;8.740269e-02;4.621790e-02;2.970069e-02
1.253983e-01;1.497569e-01;1.328075e-01;4.542907e-02;2.541988e-02;2.809976e-02;3.294411e-02;1.076309e-01;2.277926e-01;7.707942e-02;2.933467e-02;1.830687e-02
1.787921e-01;1.089211e-01;1.042409e-01;2.680672e-02;4.476105e-02;1.230930e-02;6.678955e-02;1.957543e-01;1.664287e-01;4.438504e-02;3.120413e-02;1.960703e-02
1.732583e-01;4.776211e-02;7.844265e-02;3.533846e-02;4.540959e-02;1.820394e-02;1.854157e-01;2.349372e-01;9.111217e-02;2.890766e-02;3.130812e-02;2.990405e-02
1.003367e-01;2.863143e-02;3.837114e-02;6.519645e-02;2.263872e-02;3.467638e-02;3.526140e-01;1.452598e-01;9.289745e-02;4.375286e-02;2.907945e-02;4.654559e-02
7.004038e-02;2.765608e-02;4.635737e-02;7.989340e-02;1.803895e-02;3.136375e-02;4.459760e-01;7.404783e-02;7.748177e-02;4.853424e-02;2.785084e-02;5.275939e-02
6.271527e-02;2.157313e-02;5.905889e-02;6.301961e-02;1.501477e-02;4.755806e-02;4.147052e-01;1.380853e-01;6.435753e-02;3.463756e-02;3.686219e-02;4.241242e-02
5.008253e-02;1.958965e-02;1.026671e-01;4.187028e-02;2.377560e-02;9.425982e-02;3.401332e-01;1.161121e-01;7.765894e-02;2.930839e-02;5.220931e-02;5.233302e-02
5.430056e-02;2.404652e-02;1.579151e-01;1.956588e-02;1.976670e-02;1.427187e-01;2.884409e-01;6.823543e-02;5.347366e-02;5.453223e-02;8.334554e-02;3.365871e-02
3.050267e-02;1.520788e-02;1.806286e-01;1.873535e-02;2.005981e-02;1.866212e-01;2.482754e-01;3.512439e-02;4.560671e-02;7.558950e-02;1.196693e-01;2.397912e-02
2.696858e-02;3.067287e-02;1.984112e-01;1.854109e-02;3.559069e-02;2.062165e-01;1.509704e-01;4.130106e-02;4.996247e-02;8.217081e-02;1.456508e-01;1.354357e-02
3.527823e-02;4.648837e-02;1.738004e-01;2.097014e-02;6.115187e-02;1.968176e-01;6.271501e-02;6.515959e-02;4.847964e-02;8.989969e-02;1.726347e-01;2.660470e-02
3.739461e-02;8.147669e-02;1.135282e-01;2.132823e-02;6.203602e-02;1.469577e-01;7.130964e-02;7.520413e-02;7.628541e-02;1.075202e-01;1.818644e-01;2.509483e-02
3.277337e-02;1.393096e-01;7.862533e-02;3.343825e-02;9.401920e-02;1.068505e-01;5.542060e-02;8.460623e-02;8.381747e-02;1.356853e-01;1.386476e-01;1.680645e-02
3.473821e-02;1.501920e-01;6.269535e-02;5.432552e-02;1.207305e-01;6.234009e-02;5.475081e-02;1.135864e-01;6.323180e-02;1.690521e-01;8.703087e-02;2.732636e-02
4.460046e-02;1.221415e-01;8.329339e-02;6.483901e-02;1.276064e-01;6.592837e-02;5.898621e-02;1.205858e-01;3.840896e-02;1.794222e-01;7.395804e-02;2.022968e-02
5.587105e-02;6.474046e-02;1.263465e-01;8.471505e-02;9.382917e-02;6.993402e-02;9.655775e-02;1.211474e-01;6.655775e-02;1.355849e-01;5.613854e-02;2.857740e-02
3.530899e-02;5.484378e-02;1.047814e-01;8.744614e-02;4.585001e-02;7.527359e-02;2.115815e-01;1.342999e-01;6.248132e-02;8.782777e-02;5.876169e-02;4.154389e-02
2.747197e-02;7.302526e-02;1.007518e-01;4.555102e-02;7.187597e-02;8.616428e-02;2.098579e-01;1.100312e-01;5.484469e-02;1.145693e-01;7.421832e-02;3.163826e-02
4.289495e-02;7.123687e-02;1.066997e-01;4.413598e-02;4.250033e-02;7.787046e-02;1.807438e-01;1.197808e-01;8.131975e-02;1.356882e-01;6.664328e-02;3.048591e-02
6.468948e-02;4.777665e-02;7.265185e-02;7.526702e-02;7.872692e-02;9.487468e-02;1.822677e-01;7.999022e-02;8.776671e-02;1.293684e-01;5.552094e-02;3.109937e-02
5.597836e-02;3.907019e-02;1.007370e-01;7.714856e-02;7.304893e-02;7.788886e-02;1.259578e-01;1.445360e-01;8.885936e-02;1.087106e-01;7.034735e-02;3.771698e-02
4.714374e-02;5.214255e-02;9.784825e-02;5.768931e-02;7.094456e-02;7.048843e-02;1.628902e-01;1.873175e-01;4.681882e-02;1.024863e-01;5.237548e-02;5.185483e-02
4.273066e-02;7.312623e-02;5.778169e-02;4.898142e-02;1.019525e-01;6.868934e-02;1.833669e-01;1.489941e-01;4.419072e-02;1.209666e-01;5.767797e-02;5.154191e-02
4.954959e-02;5.735162e-02;4.425321e-02;4.817772e-02;1.082686e-01;1.212325e-01;1.806356e-01;8.122431e-02;6.414560e-02;1.438490e-01;5.485194e-02;4.646025e-02
5.249934e-02;5.170368e-02;9.645715e-02;2.450830e-02;9.148124e-02;1.436881e-01;1.360053e-01;8.696342e-02;7.655719e-02;1.387285e-01;7.034231e-02;3.106540e-02
4.817966e-02;9.476393e-02;1.344716e-01;5.374693e-02;1.162975e-01;8.715384e-02;6.913201e-02;7.657508e-02;9.473415e-02;1.120944e-01;9.265666e-02;2.019430e-02
4.218994e-02;1.513240e-01;1.099706e-01;5.146267e-02;1.179419e-01;4.978123e-02;1.019332e-01;5.014408e-02;8.262133e-02;1.054153e-01;1.063909e-01;3.082486e-02
6.319778e-02;1.129692e-01;1.348728e-01;4.674368e-02;8.921970e-02;5.144053e-02;9.937789e-02;8.467566e-02;6.886115e-02;9.798545e-02;1.170359e-01;3.362040e-02
7.812800e-02;9.094750e-02;1.583030e-01;4.516604e-02;7.474444e-02;5.041079e-02;9.157398e-02;8.648737e-02;6.982273e-02;9.142826e-02;1.289015e-01;3.408637e-02
9.484799e-02;1.070047e-01;1.438254e-01;5.126195e-02;7.967364e-02;5.643127e-02;8.697969e-02;8.409281e-02;5.081074e-02;7.243089e-02;1.400012e-01;3.263984e-02
1.277227e-01;9.307963e-02;1.336590e-01;3.854657e-02;5.883534e-02;9.320205e-02;1.132593e-01;5.016426e-02;6.638189e-02;4.320508e-02;1.407838e-01;4.116036e-02
9.535897e-02;1.301404e-01;1.051335e-01;6.837227e-02;7.708001e-02;9.413696e-02;1.448401e-01;4.852277e-02;7.670780e-02;4.905502e-02;8.050063e-02;3.015160e-02
7.429565e-02;1.040930e-01;1.191576e-01;7.003304e-02;7.472303e-02;7.562447e-02;1.602206e-01;1.130364e-01;5.996047e-02;5.755149e-02;5.530158e-02;3.600270e-02
9.784526e-02;9.195257e-02;1.150627e-01;6.710913e-02;6.786664e-02;8.137422e-02;9.661475e-02;1.392620e-01;8.348814e-02;6.177374e-02;5.204339e-02;4.560740e-02
1.843731e-01;1.395802e-01;2.179969e-01;5.265386e-02;3.124076e-02;3.177359e-02;6.023905e-02;6.305542e-02;7.746845e-02;6.092490e-02;3.447410e-02;4.621970e-02
1.500923e-01;1.467573e-01;2.372498e-01;5.982619e-02;4.859609e-02;4.953479e-02;7.204370e-02;4.079716e-02;6.074653e-02;6.377128e-02;3.994739e-02;3.063746e-02
1.003761e-01;1.410066e-01;2.131084e-01;6.416531e-02;8.269214e-02;7.207440e-02;8.884048e-02;3.659917e-02;4.559176e-02;8.046988e-02;5.740914e-02;1.766669e-02
5.094026e-02;1.382612e-01;1.466132e-01;3.660075e-02;1.527762e-01;9.647097e-02;8.838702e-02;4.447873e-02;3.076463e-02;1.233702e-01;7.336980e-02;1.796706e-02
6.061200e-02;1.301389e-01;8.658677e-02;7.003783e-02;2.267976e-01;8.337973e-02;5.149299e-02;3.891801e-02;1.962891e-02;1.578905e-01;6.112718e-02;1.338952e-02
4.894570e-02;8.656175e-02;8.924595e-02;6.611416e-02;2.880829e-01;6.554264e-02;6.180425e-02;2.658685e-02;1.571968e-02;1.771235e-01;5.922634e-02;1.504624e-02
4.115932e-02;7.967005e-02;5.280101e-02;2.818807e-02;3.082216e-01;9.074708e-02;5.906436e-02;4.212278e-02;2.889856e-02;1.856735e-01;6.229878e-02;2.115495e-02
2.102793e-02;7.717848e-02;6.263191e-02;4.422054e-02;2.798561e-01;7.955514e-02;6.374211e-02;6.959391e-02;4.608151e-02;1.679225e-01;6.963248e-02;1.855748e-02
2.764496e-02;6.072428e-02;7.188670e-02;3.764111e-02;2.489329e-01;1.138438e-01;5.376087e-02;8.133572e-02;3.897068e-02;1.513802e-01;9.990717e-02;1.397153e-02
4.391909e-02;4.828746e-02;7.650489e-02;3.191672e-02;1.850470e-01;1.924874e-01;5.744606e-02;7.022867e-02;2.174868e-02;1.029349e-01;1.494486e-01;2.003037e-02
6.748322e-02;5.457628e-02;7.641573e-02;1.826531e-02;1.214156e-01;2.159254e-01;1.375484e-01;4.384381e-02;2.692607e-02;5.093731e-02;1.434629e-01;4.319996e-02
1.089905e-01;8.001864e-02;5.419029e-02;4.156194e-02;7.874791e-02;1.483601e-01;2.185521e-01;4.615216e-02;2.476532e-02;3.779235e-02;8.827668e-02;7.259205e-02
1.974579e-01;1.001041e-01;5.796149e-02;4.287232e-02;4.425440e-02;7.963512e-02;1.997561e-01;8.987571e-02;3.576665e-02;3.717735e-02;4.377034e-02;7.136858e-02
3.095921e-01;1.338053e-01;1.148638e-01;2.197057e-02;2.916818e-02;2.992047e-02;1.156673e-01;9.411006e-02;4.429107e-02;3.071667e-02;2.961337e-02;4.628107e-02
2.852788e-01;2.056663e-01;2.215089e-01;2.074515e-02;2.379625e-02;2.088545e-02;5.425835e-02;4.873242e-02;4.656823e-02;2.034409e-02;2.292050e-02;2.929564e-02
1.770480e-01;2.154167e-01;3.762670e-01;2.435395e-02;3.569178e-02;2.150661e-02;2.797167e-02;3.719619e-02;3.334496e-02;2.322362e-02;1.368662e-02;1.429298e-02
6.562017e-02;1.554925e-01;4.898611e-01;3.474174e-02;5.405045e-02;1.849006e-02;4.893021e-02;4.153642e-02;2.946872e-02;3.287407e-02;1.588392e-02;1.305063e-02
7.514826e-02;9.511480e-02;4.613326e-01;7.129050e-02;7.388894e-02;2.833723e-02;5.159783e-02;3.776901e-02;3.414019e-02;2.692114e-02;2.847092e-02;1.598863e-02
1.277795e-01;4.722074e-02;3.788248e-01;1.047684e-01;1.048460e-01;3.049137e-02;5.067470e-02;3.592524e-02;3.481125e-02;1.799285e-02;4.768309e-02;1.898208e-02
1.163522e-01;9.584183e-02;4.302620e-01;8.137999e-02;9.439322e-02;2.149010e-02;4.042390e-02;1.762907e-02;3.382437e-02;1.204180e-02;4.133328e-02;1.502824e-02
1.131341e-01;8.633725e-02;3.465994e-01;1.060325e-01;1.016082e-01;4.132614e-02;5.715288e-02;2.284026e-02;3.083452e-02;2.478697e-02;3.946241e-02;2.988539e-02
1.328848e-01;5.207873e-02;2.501626e-01;1.325841e-01;1.030275e-01;5.709821e-02;7.433061e-02;4.081303e-02;3.313608e-02;3.453007e-02;5.615081e-02;3.320343e-02
1.224914e-01;6.267596e-02;4.090587e-01;1.035705e-01;7.700710e-02;3.204104e-02;5.268222e-02;3.365390e-02;1.954823e-02;2.574524e-02;3.226869e-02;2.925704e-02
1.075365e-01;4.930288e-02;4.832881e-01;9.065188e-02;8.052278e-02;3.703643e-02;3.559630e-02;2.619637e-02;1.901292e-02;2.373937e-02;2.199128e-02;2.512516e-02
8.535065e-02;5.911110e-02;4.671932e-01;7.781497e-02;8.165228e-02;4.906507e-02;3.718890e-02;2.513259e-02;3.895755e-02;2.952133e-02;2.417305e-02;2.483932e-02
5.155352e-02;6.979597e-02;4.673496e-01;6.941441e-02;7.748970e-02;4.561867e-02;4.667230e-02;3.122942e-02;4.919261e-02;3.614720e-02;2.836948e-02;2.716715e-02
5.855159e-02;1.052004e-01;5.626104e-01;4.547903e-02;4.593667e-02;2.741017e-02;3.672450e-02;2.464242e-02;3.640884e-02;2.417712e-02;1.386321e-02;1.899561e-02
1.638349e-01;1.781931e-01;4.651354e-01;2.966665e-02;2.638480e-02;1.880034e-02;1.684045e-02;1.424572e-02;3.873032e-02;1.302753e-02;1.260429e-02;2.253646e-02
2.578534e-01;1.952720e-01;3.200685e-01;2.443781e-02;1.651253e-02;1.176573e-02;3.868256e-02;3.872202e-02;3.111475e-02;1.157070e-02;1.676422e-02;3.723576e-02
2.656815e-01;1.516031e-01;2.350189e-01;3.527163e-02;1.980858e-02;2.435297e-02;8.762895e-02;4.637016e-02;2.853747e-02;1.889304e-02;2.883583e-02;5.799801e-02
2.045750e-01;9.329390e-02;1.689185e-01;4.431738e-02;2.131239e-02;7.052094e-02;1.506173e-01;4.095637e-02;3.486253e-02;3.373346e-02;6.906279e-02;6.782940e-02
1.058619e-01;3.473657e-02;1.951250e-01;4.032937e-02;4.570555e-02;1.322539e-01;1.482313e-01;3.862326e-02;4.375479e-02;5.769768e-02;1.257381e-01;3.194265e-02
9.119636e-02;3.288176e-02;2.099561e-01;4.399663e-02;8.825314e-02;1.293058e-01;8.159100e-02;5.110863e-02;2.679073e-02;8.719288e-02;1.341339e-01;2.359309e-02
9.298187e-02;3.861912e-02;2.206042e-01;5.844086e-02;8.826738e-02;1.013947e-01;8.027890e-02;5.517394e-02;4.267031e-02;8.435401e-02;1.126326e-01;2.458221e-02
1.174806e-01;3.452187e-02;2.444087e-01;5.745618e-02;4.941861e-02;7.539814e-02;1.253913e-01;5.755894e-02;3.673302e-02;6.780219e-02;9.335404e-02;4.047643e-02
7.730562e-02;4.858890e-02;2.911282e-01;4.936492e-02;3.779271e-02;4.489525e-02;1.687226e-01;6.972367e-02;3.270800e-02;4.974578e-02;7.271527e-02;5.730900e-02
9.348325e-02;8.766620e-02;2.789480e-01;4.915588e-02;4.267811e-02;4.163774e-02;1.112496e-01;5.130662e-02;7.115112e-02;4.746044e-02;6.719520e-02;5.806791e-02
1.073477e-01;1.012929e-01;1.948276e-01;6.788681e-02;9.419005e-02;4.285495e-02;3.927152e-02;6.119238e-02;1.116612e-01;7.662390e-02;6.271828e-02;4.013274e-02
9.836714e-02;6.970479e-02;1.453453e-01;9.408192e-02;1.150876e-01;4.896445e-02;7.327490e-02;7.005183e-02;1.120707e-01;8.382082e-02;6.422295e-02;2.500769e-02
1.049132e-01;6.430349e-02;1.500750e-01;9.790289e-02;9.460063e-02;4.317097e-02;1.114449e-01;7.139444e-02;8.492786e-02;6.645430e-02;6.614536e-02;4.466698e-02
9.059346e-02;6.014397e-02;1.859545e-01;8.601514e-02;4.606840e-02;5.769262e-02;1.309070e-01;8.427688e-02;7.317279e-02;4.850385e-02;7.627452e-02;6.039685e-02
1.176432e-01;3.936161e-02;1.980600e-01;6.146224e-02;9.170910e-02;6.689510e-02;1.060878e-01;8.410879e-02;6.066342e-02;5.842625e-02;7.762507e-02;3.795744e-02
1.333868e-01;8.700695e-02;2.415166e-01;6.074265e-02;7.025973e-02;7.218246e-02;7.852822e-02;5.051439e-02;4.744325e-02;5.283137e-02;7.173713e-02;3.385044e-02
1.277512e-01;1.440463e-01;3.088507e-01;5.362731e-02;5.653837e-02;5.409816e-02;6.811086e-02;4.058269e-02;3.128098e-02;3.413098e-02;3.687142e-02;4.411107e-02
1.637203e-01;1.279231e-01;2.913046e-01;4.260857e-02;4.635827e-02;4.181621e-02;7.488146e-02;4.258502e-02;3.662318e-02;4.072342e-02;4.551403e-02;4.594171e-02
1.658967e-01;1.136014e-01;2.444565e-01;4.230450e-02;4.325741e-02;5.008794e-02;1.045449e-01;3.987881e-02;3.454907e-02;4.701611e-02;7.082947e-02;4.357713e-02
1.481410e-01;1.036607e-01;1.964416e-01;3.571740e-02;4.081019e-02;7.484967e-02;9.993608e-02;3.893456e-02;3.285158e-02;6.521858e-02;1.309145e-01;3.252425e-02
7.813559e-02;6.569120e-02;1.649214e-01;2.080088e-02;7.216775e-02;9.689636e-02;4.950723e-02;2.796088e-02;5.055978e-02;1.288155e-01;2.034826e-01;4.106080e-02
7.129324e-02;8.184160e-02;1.384728e-01;3.484717e-02;1.023970e-01;6.119794e-02;3.916179e-02;4.680164e-02;5.450900e-02;1.649883e-01;1.768605e-01;2.762907e-02
7.854112e-02;9.913687e-02;1.181020e-01;2.437020e-02;1.329919e-01;4.021352e-02;4.551290e-02;5.547606e-02;5.757987e-02;1.816217e-01;1.342057e-01;3.224810e-02
5.362761e-02;9.051929e-02;1.115211e-01;3.718185e-02;1.518884e-01;3.258875e-02;5.729127e-02;4.839823e-02;6.577732e-02;2.144228e-01;1.107813e-01;2.600213e-02
4.359495e-02;6.389550e-02;9.966710e-02;5.361982e-02;1.368223e-01;3.622842e-02;7.391728e-02;4.343243e-02;8.661720e-02;2.395309e-01;9.401927e-02;2.865482e-02
8.393592e-02;4.349491e-02;8.748918e-02;7.770868e-02;1.220333e-01;4.523781e-02;5.714242e-02;3.738010e-02;9.426735e-02;2.369589e-01;9.205472e-02;2.229667e-02
7.714911e-02;3.251455e-02;7.880345e-02;9.431958e-02;7.400758e-02;5.231626e-02;1.514906e-01;4.802001e-02;9.087943e-02;1.950433e-01;8.596314e-02;1.949299e-02
6.779441e-02;5.717494e-02;9.583795e-02;7.357483e-02;4.981156e-02;6.638964e-02;1.775839e-01;6.994935e-02;8.418474e-02;1.586475e-01;7.480847e-02;2.424275e-02
5.951587e-02;5.884927e-02;1.171254e-01;9.637662e-02;7.852826e-02;5.330135e-02;1.658513e-01;8.411971e-02;6.438008e-02;1.365415e-01;6.103056e-02;2.438010e-02
5.097979e-02;3.567136e-02;8.943785e-02;1.746819e-01;1.085377e-01;3.864296e-02;1.285561e-01;8.534858e-02;7.806128e-02;1.317015e-01;5.177133e-02;2.660966e-02
5.237002e-02;4.340862e-02;1.289467e-01;2.388285e-01;9.917969e-02;2.889576e-02;9.544703e-02;5.523495e-02;8.416650e-02;1.182307e-01;3.300215e-02;2.228935e-02
7.120881e-02;4.619986e-02;8.203713e-02;2.404133e-01;1.142772e-01;2.427436e-02;1.006149e-01;5.554888e-02;9.742852e-02;1.095961e-01;4.035520e-02;1.804570e-02
6.308766e-02;3.412439e-02;1.200608e-01;2.302579e-01;1.284095e-01;3.734159e-02;9.333941e-02;5.627175e-02;8.567137e-02;9.680700e-02;3.225414e-02;2.237449e-02
3.917032e-02;3.259140e-02;1.755777e-01;2.159455e-01;9.603233e-02;3.814304e-02;1.137360e-01;5.621853e-02;8.731750e-02;9.217357e-02;3.111512e-02;2.197897e-02
3.849594e-02;3.409943e-02;2.179963e-01;1.755226e-01;5.503491e-02;3.699432e-02;1.545089e-01;5.388541e-02;8.812485e-02;8.291371e-02;3.658918e-02;2.583438e-02
5.471720e-02;2.103887e-02;1.785257e-01;1.296798e-01;4.442489e-02;3.995637e-02;2.192539e-01;7.804916e-02;9.355985e-02;7.597967e-02;3.680025e-02;2.801435e-02
6.172821e-02;3.928408e-02;1.347289e-01;1.156812e-01;4.150302e-02;3.706771e-02;2.098440e-01;1.069286e-01;1.192149e-01;7.605013e-02;3.623516e-02;2.173412e-02
5.845501e-02;4.840812e-02;1.171648e-01;1.128913e-01;5.426075e-02;3.450900e-02;2.231977e-01;9.179085e-02;1.194346e-01;8.117516e-02;4.133795e-02;1.737473e-02
6.167209e-02;4.901902e-02;1.011789e-01;1.259827e-01;7.417107e-02;3.383630e-02;1.995848e-01;6.630660e-02;1.155659e-01;8.530068e-02;4.633589e-02;4.104615e-02
1.186622e-01;6.245767e-02;6.079901e-02;1.316468e-01;8.010307e-02;5.262227e-02;1.484494e-01;6.047130e-02;1.040554e-01;8.596157e-02;5.613106e-02;3.864024e-02
1.055734e-01;6.133252e-02;1.265637e-01;1.291746e-01;7.610545e-02;5.595692e-02;1.166155e-01;4.532486e-02;8.193703e-02;1.036757e-01;5.001361e-02;4.772668e-02
5.387868e-02;5.607099e-02;2.145596e-01;1.285646e-01;8.797356e-02;4.249166e-02;1.098046e-01;4.457590e-02;7.298505e-02;1.199272e-01;3.314101e-02;3.602710e-02
7.402730e-02;7.635988e-02;1.943196e-01;1.020640e-01;6.527965e-02;5.982166e-02;1.283338e-01;5.249562e-02;5.093678e-02;1.007909e-01;4.726859e-02;4.830216e-02
1.081631e-01;7.950270e-02;1.494299e-01;7.770612e-02;4.700283e-02;7.083528e-02;1.288322e-01;9.477269e-02;6.206818e-02;8.535005e-02;5.053644e-02;4.580050e-02
1.190899e-01;8.050188e-02;1.270630e-01;5.728770e-02;6.841797e-02;8.163621e-02;8.628786e-02;1.237717e-01;9.620728e-02;8.626574e-02;3.130802e-02;4.216277e-02
7.829677e-02;8.552957e-02;1.062507e-01;8.391594e-02;7.163092e-02;7.430103e-02;1.309160e-01;1.046600e-01;1.008615e-01;1.023775e-01;3.018725e-02;3.107280e-02
6.254618e-02;6.693769e-02;1.053420e-01;7.962618e-02;8.667993e-02;6.874496e-02;1.660224e-01;8.921588e-02;1.041774e-01;1.023059e-01;5.306299e-02;1.533851e-02
4.931424e-02;8.674800e-02;1.143245e-01;6.904624e-02;8.264106e-02;6.306352e-02;1.556942e-01;9.362808e-02;1.100943e-01;8.950219e-02;6.307676e-02;2.286691e-02
6.960604e-02;1.040402e-01;9.592191e-02;4.053242e-02;7.469182e-02;7.007957e-02;1.349619e-01;1.172314e-01;8.614665e-02;1.002294e-01;6.221765e-02;4.434109e-02
6.883020e-02;1.035753e-01;1.113402e-01;4.091708e-02;8.098793e-02;8.463331e-02;1.287589e-01;1.154468e-01;8.926094e-02;7.516835e-02;3.620361e-02;6.487744e-02
8.293497e-02;8.610546e-02;1.728131e-01;5.679830e-02;6.856432e-02;6.593811e-02;1.699719e-01;7.076477e-02;1.055975e-01;3.335468e-02;2.629022e-02;6.086665e-02
1.334886e-01;9.899362e-02;2.745778e-01;6.347923e-02;6.462962e-02;4.260594e-02;1.378302e-01;4.213825e-02;4.348429e-02;3.833086e-02;3.175804e-02;2.868358e-02
1.388900e-01;1.059167e-01;2.608966e-01;6.181999e-02;6.946287e-02;4.702063e-02;1.348389e-01;3.829236e-02;2.489830e-02;5.257982e-02;4.183948e-02;2.354432e-02
1.374609e-01;1.145164e-01;2.005072e-01;5.544005e-02;8.709642e-02;5.594460e-02;1.281856e-01;3.534454e-02;2.128389e-02;8.612349e-02;5.542932e-02;2.266754e-02
1.123053e-01;1.105858e-01;1.537184e-01;3.659371e-02;1.241745e-01;4.679068e-02;8.708503e-02;3.428385e-02;3.703149e-02;1.592059e-01;7.559489e-02;2.263056e-02
6.897695e-02;7.504473e-02;1.701332e-01;5.635451e-02;1.443956e-01;2.750945e-02;3.594011e-02;4.861141e-02;7.043417e-02;1.935159e-01;8.219803e-02;2.688597e-02
6.098199e-02;6.170003e-02;1.352856e-01;6.133055e-02;1.397447e-01;4.233306e-02;8.448539e-02;6.739850e-02;6.882419e-02;1.675938e-01;8.169649e-02;2.862572e-02
5.796006e-02;5.754870e-02;9.007400e-02;5.663500e-02;1.231121e-01;5.825197e-02;1.373456e-01;7.606875e-02;5.522898e-02;1.468150e-01;9.558770e-02;4.537212e-02
4.969532e-02;6.282216e-02;1.746802e-01;4.577507e-02;8.024416e-02;6.466570e-02;1.704484e-01;6.511331e-02;6.240781e-02;1.040155e-01;7.658170e-02;4.355069e-02
