1.184414e-01;9.836420e-02;1.231672e-01;5.615110e-02;6.878026e-02;6.208267e-02;7.258039e-02;6.248075e-02;6.352489e-02;9.222750e-02;9.530348e-02;8.689623e-02
1.023195e-01;9.545770e-02;1.549706e-01;7.111461e-02;7.511848e-02;6.579771e-02;7.146873e-02;5.745469e-02;6.778757e-02;7.206217e-02;7.648271e-02;8.996560e-02
8.678561e-02;8.041339e-02;1.900280e-01;7.769753e-02;1.059481e-01;7.601842e-02;1.255933e-01;5.153030e-02;4.120097e-02;3.880271e-02;6.853703e-02;5.744470e-02
5.713755e-02;5.872257e-02;1.836976e-01;8.958396e-02;1.847888e-01;1.441940e-01;1.157737e-01;2.919864e-02;2.880009e-02;2.084725e-02;4.097885e-02;4.627708e-02
3.124887e-02;3.932718e-02;9.011818e-02;6.599810e-02;2.516253e-01;1.992558e-01;1.133268e-01;2.079445e-02;4.240886e-02;2.331164e-02;1.843689e-02;1.041480e-01
1.553604e-02;2.760665e-02;4.507060e-02;5.581213e-02;2.566583e-01;1.773504e-01;1.200265e-01;3.393709e-02;4.157187e-02;2.500460e-02;1.531746e-02;1.861083e-01
6.715696e-02;1.873786e-02;4.376201e-02;5.768956e-02;2.216819e-01;9.753094e-02;9.442205e-02;2.588796e-02;3.918420e-02;1.929154e-02;1.256284e-02;3.020922e-01
9.550386e-02;2.317935e-02;4.109258e-02;4.547770e-02;2.072411e-01;4.009367e-02;4.545750e-02;1.217000e-02;5.429747e-02;1.232607e-02;3.376475e-02;3.893959e-01
5.739710e-02;2.942096e-02;4.128436e-02;6.509061e-02;2.566934e-01;2.606226e-02;1.954796e-02;1.865932e-02;4.824564e-02;1.577424e-02;6.003092e-02;3.617932e-01
3.103160e-02;4.372378e-02;4.839949e-02;9.876960e-02;3.226832e-01;2.671871e-02;2.131807e-02;3.150146e-02;2.644749e-02;1.908483e-02;8.824180e-02;2.420799e-01
2.644891e-02;3.092478e-02;4.362857e-02;7.494611e-02;4.271085e-01;3.061430e-02;2.159604e-02;2.300937e-02;2.731661e-02;2.290947e-02;7.123461e-02;2.002627e-01
2.753776e-02;1.372888e-02;3.534588e-02;3.193661e-02;4.413668e-01;7.283057e-02;3.591666e-02;1.776667e-02;3.917192e-02;2.731057e-02;3.758138e-02;2.195063e-01
1.148142e-01;1.618524e-02;2.669700e-02;1.729276e-02;2.814897e-01;2.053527e-01;6.565124e-02;2.922853e-02;4.576511e-02;4.291003e-02;2.211305e-02;1.325005e-01
1.823533e-01;4.553672e-02;1.205763e-02;1.862219e-02;9.759562e-02;3.360027e-01;1.157184e-01;3.011322e-02;3.490371e-02;6.779400e-02;1.604345e-02;4.325916e-02
1.320262e-01;1.377683e-01;1.159876e-02;2.006351e-02;2.674260e-02;2.819121e-01;2.316432e-01;2.169404e-02;2.015483e-02;6.345890e-02;3.162783e-02;2.130965e-02
4.077369e-02;2.765365e-01;1.356802e-02;1.280019e-02;2.093960e-02;1.222289e-01;3.690650e-01;2.008832e-02;2.161169e-02;2.655740e-02;6.208333e-02;1.374735e-02
3.757206e-02;3.314427e-01;1.793488e-02;5.446715e-03;1.763506e-02;4.491703e-02;3.917417e-01;2.435218e-02;2.081927e-02;1.208577e-02;8.657366e-02;9.478888e-03
9.427861e-02;2.925138e-01;1.850501e-02;5.958023e-03;2.171557e-02;6.420590e-02;3.432620e-01;3.322395e-02;1.757751e-02;1.846258e-02;8.071948e-02;9.577532e-03
1.230005e-01;2.109317e-01;3.950973e-02;1.782472e-02;3.634409e-02;9.492552e-02;2.793801e-01;5.188479e-02;2.934481e-02;3.235742e-02;6.369844e-02;2.079817e-02
1.077430e-01;1.301431e-01;7.876786e-02;3.606595e-02;5.950722e-02;1.177779e-01;2.324608e-01;6.124415e-02;4.189349e-02;4.350891e-02;4.409526e-02;4.679242e-02
3.527516e-02;6.281295e-02;1.315897e-01;4.771692e-02;9.028955e-02;1.514549e-01;1.996915e-01;5.777426e-02;4.724689e-02;4.693012e-02;6.133576e-02;6.788222e-02
1.365433e-01;1.853326e-01;5.708377e-02;2.583671e-02;7.519019e-02;9.158809e-02;1.981713e-01;5.492053e-02;3.917943e-02;3.847212e-02;7.740728e-02;2.027482e-02
8.623171e-02;2.617575e-01;4.532231e-02;3.930860e-02;5.575809e-02;5.475233e-02;2.140595e-01;4.944626e-02;3.360314e-02;4.174668e-02;7.980021e-02;3.821367e-02
7.580916e-02;2.042503e-01;5.735422e-02;4.127581e-02;7.713578e-02;7.747430e-02;2.185158e-01;3.057195e-02;4.858837e-02;7.014675e-02;5.097014e-02;4.790743e-02
7.070664e-02;1.238859e-01;7.243231e-02;7.188483e-02;5.536370e-02;7.758910e-02;1.776658e-01;7.209853e-02;6.638622e-02;1.182779e-01;5.299592e-02;4.071315e-02
6.059396e-02;1.042952e-01;8.780368e-02;9.993090e-02;6.973273e-02;5.617904e-02;1.519978e-01;8.624580e-02;6.166305e-02;1.339441e-01;4.917369e-02;3.844011e-02
4.599262e-02;7.494803e-02;6.174940e-02;6.920381e-02;8.699036e-02;6.496610e-02;2.661296e-01;5.934529e-02;6.560662e-02;1.416286e-01;2.819754e-02;3.524191e-02
6.272906e-02;4.410798e-02;5.229065e-02;3.148747e-02;6.965133e-02;7.187060e-02;4.324676e-01;4.853512e-02;4.245425e-02;9.102700e-02;2.710111e-02;2.627778e-02
6.623332e-02;2.698695e-02;4.186364e-02;2.163168e-02;7.573179e-02;9.805600e-02;5.208488e-01;3.815832e-02;2.581243e-02;4.880505e-02;1.962735e-02;1.624472e-02
6.773315e-02;1.886236e-02;3.283351e-02;1.787206e-02;1.008537e-01;1.511731e-01;5.192690e-01;2.206121e-02;1.415767e-02;3.961952e-02;7.064185e-03;8.500614e-03
6.894100e-02;2.777474e-02;7.976222e-02;2.107598e-02;1.381613e-01;1.814740e-01;3.896686e-01;1.618209e-02;1.526933e-02;3.697047e-02;9.969430e-03;1.475088e-02
6.126244e-02;4.636203e-02;1.533907e-01;4.803988e-02;1.692942e-01;1.638555e-01;2.472067e-01;1.080334e-02;2.567143e-02;2.408181e-02;1.877587e-02;3.125614e-02
3.517274e-02;5.580913e-02;2.253490e-01;5.793402e-02;1.720265e-01;1.376711e-01;1.571117e-01;1.598688e-02;4.424189e-02;2.734789e-02;2.412408e-02;4.722507e-02
3.908839e-02;4.426441e-02;2.599875e-01;7.607343e-02;1.553879e-01;1.120720e-01;1.097269e-01;4.377582e-02;5.288878e-02;3.549565e-02;2.286439e-02;4.837483e-02
4.930170e-02;5.323054e-02;2.221974e-01;9.852313e-02;1.345377e-01;1.003847e-01;1.005285e-01;6.731360e-02;5.065577e-02;5.855756e-02;2.768102e-02;3.708839e-02
6.122759e-02;7.948328e-02;1.397148e-01;8.272699e-02;1.099259e-01;8.392140e-02;1.320310e-01;8.167643e-02;8.005646e-02;7.405054e-02;3.460589e-02;4.057975e-02
4.286674e-02;8.605937e-02;1.340616e-01;5.354061e-02;1.022235e-01;9.219426e-02;1.602803e-01;9.050297e-02;8.450565e-02;8.495423e-02;2.619622e-02;4.261460e-02
3.733347e-02;6.092848e-02;1.322580e-01;3.471276e-02;1.023541e-01;9.752808e-02;1.959363e-01;8.885439e-02;8.483572e-02;9.238826e-02;4.055132e-02;3.231915e-02
1.031488e-01;6.985616e-02;1.001323e-01;2.054710e-02;6.984290e-02;5.736088e-02;2.081769e-01;1.264713e-01;9.964417e-02;7.544018e-02;3.261743e-02;3.676182e-02
6.751762e-02;8.292855e-02;1.363611e-01;7.938071e-02;7.285988e-02;8.140964e-02;1.132218e-01;1.175464e-01;3.799248e-02;1.009753e-01;4.631279e-02;6.349371e-02
5.306312e-02;4.108744e-02;1.159595e-01;6.932496e-02;5.249121e-02;6.911878e-02;1.496343e-01;1.120963e-01;1.076532e-01;1.173931e-01;7.557692e-02;3.660127e-02
3.019000e-02;6.808017e-02;8.732180e-02;3.920900e-02;2.999186e-02;5.107592e-02;2.032357e-01;1.464387e-01;1.330976e-01;1.025323e-01;8.309267e-02;2.573422e-02
5.150417e-02;1.174070e-01;7.531141e-02;2.351947e-02;2.054729e-02;5.154072e-02;2.434172e-01;1.322848e-01;1.138268e-01;7.557587e-02;6.611215e-02;2.895316e-02
1.113107e-01;1.652914e-01;5.192902e-02;1.757145e-02;1.595295e-02;8.014210e-02;2.639226e-01;9.499197e-02;7.174534e-02;5.428911e-02;5.419732e-02;1.865610e-02
2.507354e-01;1.614070e-01;2.239906e-02;1.284067e-02;4.612257e-02;1.383986e-01;1.969168e-01;3.824268e-02;2.950750e-02;3.473383e-02;3.360702e-02;3.508883e-02
2.828567e-01;7.453024e-02;2.434277e-02;1.570389e-02;1.321805e-01;1.574166e-01;8.814114e-02;1.605145e-02;4.160791e-02;2.100554e-02;2.118219e-02;1.249811e-01
1.415100e-01;1.433083e-02;5.731706e-02;5.675764e-02;2.204570e-01;1.036639e-01;3.808399e-02;2.475915e-02;5.816307e-02;2.602104e-02;4.639174e-02;2.125446e-01
4.794569e-02;1.578154e-02;1.154980e-01;1.413323e-01;2.009330e-01;4.769690e-02;2.648597e-02;4.615781e-02;4.466723e-02;3.376704e-02;1.103418e-01;1.693928e-01
3.756294e-02;4.242115e-02;2.201927e-01;1.992076e-01;1.062960e-01;2.740373e-02;4.180306e-02;6.140656e-02;1.908292e-02;4.282007e-02;1.353700e-01;6.643322e-02
5.024010e-02;5.184791e-02;3.381379e-01;1.693801e-01;4.732411e-02;2.055144e-02;6.313860e-02;4.723075e-02;2.928010e-02;9.168854e-02;7.063839e-02;2.054204e-02
7.125898e-02;3.388977e-02;4.036965e-01;1.143462e-01;3.005596e-02;2.299163e-02;6.594469e-02;2.328182e-02;3.197415e-02;1.343514e-01;4.413565e-02;2.407330e-02
4.916387e-02;2.028189e-02;4.347946e-01;8.019879e-02;5.278709e-02;2.616981e-02;4.132124e-02;2.884207e-02;1.543083e-02;1.442279e-01;7.079376e-02;3.598809e-02
2.206980e-02;3.101072e-02;4.254909e-01;1.039691e-01;7.171842e-02;3.185001e-02;3.982558e-02;2.536433e-02;2.564970e-02;1.390695e-01;5.915703e-02;2.482480e-02
2.204875e-02;3.180674e-02;3.359668e-01;1.505466e-01;9.048517e-02;3.990052e-02;4.549621e-02;2.467358e-02;2.523164e-02;7.247777e-02;1.288652e-01;3.250112e-02
1.134983e-02;2.113182e-02;2.615005e-01;1.713885e-01;1.454636e-01;5.978186e-02;4.872144e-02;2.437254e-02;1.838343e-02;4.358256e-02;1.401858e-01;5.413816e-02
1.556174e-02;1.340961e-02;1.969661e-01;1.659575e-01;2.028590e-01;7.219455e-02;4.497690e-02;2.421127e-02;2.951248e-02;5.772267e-02;1.219505e-01;5.467777e-02
4.270830e-02;1.320359e-02;1.075403e-01;1.225472e-01;2.621883e-01;9.844671e-02;3.559311e-02;1.891451e-02;1.225817e-02;3.194041e-02;8.650777e-02;1.681516e-01
5.200222e-02;7.041970e-03;5.197581e-02;8.135337e-02;2.852761e-01;1.047224e-01;6.903078e-02;8.917037e-03;1.167774e-02;1.055477e-02;3.419683e-02;2.832510e-01
4.847267e-02;2.361517e-03;3.027030e-02;7.295693e-02;3.248238e-01;8.342824e-02;4.264690e-02;4.665595e-03;1.139279e-02;4.441198e-03;9.636169e-03;3.649038e-01
2.019567e-02;6.101388e-03;4.447919e-02;1.003710e-01;3.318654e-01;5.467236e-02;2.536676e-02;7.415507e-03;1.160584e-02;1.067810e-02;2.798629e-02;3.592625e-01
1.302265e-02;7.652932e-03;6.114769e-02;1.764521e-01;2.970461e-01;3.877185e-02;2.029907e-02;8.515026e-03;5.945102e-03;1.638823e-02;9.167238e-02;2.630869e-01
1.534977e-02;1.986165e-02;1.404801e-01;2.593834e-01;2.225404e-01;2.109386e-02;8.370595e-03;1.438440e-02;6.137247e-03;2.864313e-02;1.315071e-01;1.322483e-01
2.469132e-02;3.437858e-02;2.292060e-01;2.763219e-01;1.395910e-01;2.969031e-02;1.687349e-02;1.453294e-02;8.717882e-03;4.399856e-02;1.008140e-01;8.118404e-02
2.516738e-02;4.208267e-02;2.368911e-01;2.363076e-01;1.172386e-01;3.753363e-02;3.132999e-02;1.369845e-02;1.491243e-02;4.629916e-02;8.338655e-02;1.151523e-01
9.846276e-03;1.865348e-02;1.922591e-01;2.554308e-01;1.482196e-01;2.861358e-02;1.974378e-02;1.875156e-02;6.824122e-03;2.227412e-02;2.010604e-01;7.832318e-02
4.646636e-03;1.211454e-02;2.178284e-01;2.794104e-01;1.209263e-01;2.092655e-02;7.203824e-03;2.143950e-02;7.034873e-03;1.016527e-02;2.488453e-01;4.945843e-02
6.334759e-03;1.000906e-02;2.299911e-01;2.967834e-01;1.057322e-01;2.109943e-02;1.321174e-02;2.041045e-02;2.248012e-03;4.663256e-03;2.576000e-01;3.191666e-02
5.537388e-03;8.615930e-03;2.409757e-01;3.017612e-01;1.027296e-01;2.340416e-02;9.978469e-03;2.409808e-02;5.668255e-03;9.496914e-03;2.517507e-01;1.598367e-02
4.304667e-03;9.760740e-03;2.118689e-01;3.210118e-01;1.036613e-01;2.354328e-02;1.699616e-02;2.816125e-02;5.332827e-03;3.888725e-03;2.432441e-01;2.822617e-02
1.288189e-02;1.672368e-02;1.857235e-01;3.209739e-01;1.235593e-01;3.308170e-02;1.864288e-02;3.845540e-02;1.171699e-02;9.357237e-03;2.058937e-01;2.298987e-02
1.813247e-02;2.220346e-02;1.438575e-01;2.708841e-01;1.582936e-01;5.309697e-02;4.422291e-02;6.771696e-02;1.853001e-02;1.929261e-02;1.655251e-01;1.824431e-02
1.735693e-02;1.740444e-02;1.793022e-01;2.353165e-01;1.364829e-01;5.151050e-02;4.102840e-02;1.161184e-01;1.989976e-02;2.525313e-02;1.462057e-01;1.412114e-02
1.995931e-02;1.149367e-02;1.913018e-01;2.136503e-01;1.004495e-01;3.749298e-02;3.146044e-02;1.744015e-01;1.992916e-02;2.115579e-02;1.582242e-01;2.048133e-02
2.205326e-02;2.295821e-02;1.648917e-01;1.841738e-01;6.832048e-02;3.732967e-02;3.170274e-02;2.178555e-01;1.647563e-02;2.046325e-02;1.885508e-01;2.522507e-02
1.832680e-02;1.952010e-02;1.341808e-01;1.889743e-01;4.009655e-02;3.571710e-02;1.986170e-02;2.489147e-01;7.767797e-03;2.050390e-02;2.504769e-01;1.565951e-02
1.964319e-02;1.696842e-02;1.272928e-01;1.773533e-01;7.282922e-02;3.399875e-02;3.243383e-02;2.089528e-01;9.985023e-03;1.201926e-02;2.372963e-01;5.122705e-02
1.659144e-02;1.739963e-02;1.363470e-01;1.933111e-01;1.152249e-01;3.508523e-02;4.186383e-02;1.243117e-01;1.015327e-02;1.403300e-02;2.000894e-01;9.558953e-02
1.067541e-02;1.274710e-02;1.651729e-01;2.434770e-01;1.522903e-01;3.312595e-02;2.889962e-02;3.711142e-02;1.052399e-02;1.221167e-02;1.467441e-01;1.470205e-01
1.071223e-02;7.797798e-03;1.945920e-01;2.402401e-01;1.526411e-01;3.141868e-02;4.104724e-02;2.345000e-02;1.098897e-02;1.388691e-02;1.110068e-01;1.622181e-01
1.233774e-02;1.411165e-02;2.664824e-01;2.197394e-01;1.350848e-01;2.751381e-02;4.857713e-02;9.136944e-03;1.291705e-02;1.774302e-02;8.546021e-02;1.508959e-01
1.901196e-02;1.471891e-02;3.141834e-01;1.740545e-01;1.977336e-01;5.044181e-02;5.472806e-02;1.693691e-02;1.354037e-02;2.668113e-02;3.112990e-02;8.683949e-02
2.661920e-02;1.462844e-02;3.241798e-01;1.629819e-01;2.362239e-01;6.723292e-02;4.516501e-02;2.814867e-02;9.872193e-03;2.922512e-02;4.114812e-02;1.457481e-02
1.500712e-02;1.703829e-02;2.652116e-01;1.423224e-01;2.755165e-01;7.303748e-02;3.532241e-02;2.390791e-02;8.790016e-03;2.350264e-02;6.872059e-02;5.162310e-02
9.817703e-03;1.012357e-02;2.056718e-01;1.262274e-01;3.322678e-01;8.330455e-02;6.379642e-02;1.070055e-02;9.149027e-03;1.827186e-02;4.991779e-02;8.075153e-02
1.113006e-02;1.270207e-02;1.801401e-01;9.572863e-02;3.897815e-01;8.908929e-02;5.439906e-02;1.177284e-02;1.605115e-02;1.699831e-02;1.598766e-02;1.062194e-01
1.224276e-02;1.042638e-02;1.318181e-01;4.656791e-02;4.058262e-01;9.308638e-02;6.180547e-02;1.804021e-02;3.613497e-02;1.864833e-02;1.559232e-02;1.498109e-01
1.001128e-02;8.823953e-03;7.514562e-02;4.384673e-02;3.925862e-01;9.612006e-02;6.957600e-02;1.308793e-02;5.836370e-02;1.454652e-02;1.471740e-02;2.031746e-01
1.048572e-02;9.125965e-03;7.997365e-02;6.444241e-02;3.274606e-01;9.273171e-02;6.248337e-02;1.842492e-02;6.973895e-02;1.140558e-02;4.619642e-02;2.075307e-01
2.555431e-02;1.787960e-02;1.405534e-01;8.117240e-02;2.274421e-01;7.405443e-02;7.479256e-02;2.722173e-02;6.862897e-02;2.554500e-02;7.200129e-02;1.651542e-01
4.022666e-02;2.974500e-02;2.283184e-01;7.557694e-02;1.486943e-01;5.421932e-02;9.164543e-02;4.012399e-02;6.034882e-02;3.728383e-02;7.206526e-02;1.217520e-01
2.767826e-02;2.818789e-02;3.562660e-01;8.504391e-02;1.347195e-01;4.458152e-02;7.130755e-02;5.263276e-02;3.686291e-02;2.902569e-02;7.432407e-02;5.936999e-02
2.895563e-02;2.509166e-02;1.961713e-01;1.042877e-01;1.044019e-01;6.000316e-02;7.896076e-02;9.909339e-02;4.580591e-02;2.476226e-02;1.121239e-01;1.203423e-01
3.636979e-02;3.698517e-02;5.775671e-02;9.846493e-02;1.231750e-01;5.524632e-02;5.738379e-02;1.062045e-01;3.086639e-02;2.752804e-02;1.227019e-01;2.473174e-01
3.720510e-02;3.504045e-02;5.214067e-02;9.785497e-02;1.710179e-01;3.246559e-02;1.323760e-02;7.992645e-02;1.716187e-02;2.237864e-02;1.155196e-01;3.260511e-01
2.119992e-02;3.055312e-02;5.026880e-02;1.117810e-01;2.343173e-01;2.100743e-02;1.027930e-02;6.246508e-02;2.275967e-02;1.915769e-02;1.131532e-01;3.030575e-01
1.069728e-02;2.705314e-02;4.697787e-02;1.144146e-01;3.096676e-01;2.575415e-02;1.283597e-02;5.124212e-02;1.558564e-02;1.994284e-02;1.139284e-01;2.519003e-01
8.670051e-03;2.259943e-02;4.282354e-02;1.559928e-01;3.375983e-01;2.560106e-02;1.293083e-02;4.282730e-02;1.861103e-02;2.124838e-02;9.743337e-02;2.136639e-01
1.250087e-02;1.719952e-02;5.033683e-02;2.370829e-01;2.769445e-01;2.422363e-02;1.377986e-02;4.526618e-02;1.769585e-02;1.930055e-02;1.158401e-01;1.698292e-01
1.367831e-02;1.380613e-02;8.475478e-02;2.598315e-01;1.849705e-01;2.650318e-02;1.421828e-02;5.489494e-02;2.062008e-02;2.814323e-02;1.868835e-01;1.116955e-01
1.679182e-02;1.973542e-02;1.365096e-01;1.955605e-01;1.088240e-01;2.971976e-02;2.831304e-02;5.204429e-02;2.835392e-02;5.326204e-02;2.283981e-01;1.024874e-01
2.196683e-02;3.820795e-02;1.803629e-01;1.143110e-01;7.963503e-02;3.334421e-02;5.321539e-02;4.458612e-02;4.490571e-02;8.444599e-02;1.935851e-01;1.114338e-01
3.155620e-02;4.956761e-02;2.340476e-01;6.883425e-02;7.885832e-02;3.376269e-02;7.546289e-02;2.985818e-02;5.026259e-02;1.157729e-01;1.185556e-01;1.134612e-01
8.986226e-02;5.206053e-02;2.029528e-01;8.805049e-02;6.517337e-02;2.331266e-02;1.016027e-01;3.397730e-02;3.026700e-02;8.393669e-02;1.333317e-01;9.547235e-02
1.215225e-01;6.668352e-02;1.306716e-01;1.190061e-01;9.361759e-02;2.830644e-02;1.150869e-01;2.516229e-02;5.114528e-02;4.880146e-02;1.054730e-01;9.452328e-02
8.160496e-02;6.097863e-02;9.027220e-02;1.903848e-01;1.057634e-01;4.334565e-02;9.001856e-02;4.416735e-02;4.234563e-02;5.341233e-02;1.095528e-01;8.815372e-02
3.510369e-02;3.899523e-02;7.812790e-02;2.739880e-01;1.625818e-01;5.728292e-02;5.209823e-02;4.598233e-02;2.781880e-02;6.907790e-02;1.061259e-01;5.281733e-02
2.100093e-02;3.542816e-02;7.767148e-02;2.081111e-01;1.970148e-01;4.310242e-02;5.786613e-02;4.945970e-02;4.134749e-02;7.388986e-02;1.338905e-01;6.121744e-02
2.603646e-02;3.891174e-02;5.892181e-02;1.676984e-01;2.151164e-01;4.557191e-02;7.348301e-02;6.365173e-02;5.107357e-02;7.736441e-02;1.309922e-01;5.117832e-02
2.269894e-02;4.069411e-02;6.072234e-02;2.263990e-01;1.797078e-01;3.329192e-02;6.621478e-02;5.357218e-02;5.437543e-02;6.580363e-02;1.132930e-01;8.322692e-02
3.174369e-02;3.694160e-02;8.151180e-02;2.100906e-01;1.684365e-01;3.717999e-02;7.642864e-02;3.559897e-02;6.759665e-02;7.025171e-02;9.319562e-02;9.102421e-02
5.160857e-02;3.625831e-02;9.373154e-02;1.407058e-01;1.480198e-01;5.102531e-02;8.972867e-02;4.699219e-02;7.062135e-02;8.958042e-02;5.119983e-02;1.305283e-01
7.460478e-02;4.458416e-02;1.322626e-01;9.996133e-02;1.027493e-01;3.535362e-02;8.412018e-02;5.947810e-02;5.204832e-02;8.468321e-02;9.990617e-02;1.302482e-01
8.460744e-02;4.156781e-02;1.371426e-01;1.391553e-01;8.691024e-02;4.972332e-02;1.104126e-01;7.050425e-02;6.512715e-02;6.500909e-02;5.731216e-02;9.252804e-02
7.322714e-02;5.279491e-02;1.260047e-01;1.465775e-01;8.418567e-02;5.112150e-02;1.477504e-01;7.249393e-02;6.696250e-02;5.898738e-02;6.656320e-02;5.333113e-02
9.345100e-02;5.915695e-02;1.148760e-01;8.027752e-02;5.383743e-02;6.432410e-02;1.192862e-01;8.012570e-02;1.050152e-01;9.217975e-02;7.606009e-02;6.141004e-02
6.829555e-02;1.049557e-01;1.310862e-01;7.206256e-02;6.811702e-02;6.869979e-02;8.682732e-02;7.156789e-02;9.207603e-02;7.555491e-02;8.912832e-02;7.162878e-02
4.560672e-02;1.061818e-01;1.926057e-01;7.033176e-02;7.936078e-02;6.772151e-02;1.144953e-01;5.643324e-02;6.375293e-02;5.424666e-02;8.320875e-02;6.605481e-02
5.135055e-02;8.525030e-02;2.991395e-01;6.725667e-02;8.563640e-02;6.049369e-02;1.348750e-01;3.555530e-02;4.943835e-02;3.520117e-02;5.076324e-02;4.503984e-02
6.668269e-02;1.115972e-01;3.802454e-01;4.965257e-02;7.392414e-02;4.574567e-02;9.022509e-02;3.851212e-02;4.928462e-02;4.450573e-02;2.458179e-02;2.504304e-02
6.823825e-02;1.863589e-01;3.813187e-01;3.437093e-02;4.420507e-02;6.691759e-02;3.753831e-02;3.450637e-02;7.920410e-02;3.836090e-02;1.191398e-02;1.706683e-02
1.422931e-01;2.728072e-01;2.817446e-01;2.947254e-02;1.284030e-02;7.343686e-02;2.164008e-02;1.471421e-02;9.833890e-02;3.465763e-02;6.481706e-03;1.157289e-02
2.291763e-01;3.178043e-01;1.847789e-01;2.058475e-02;5.696419e-03;3.538705e-02;4.528437e-02;1.622389e-02;7.984012e-02;4.946249e-02;5.942532e-03;9.818996e-03
2.922343e-01;3.176979e-01;1.474300e-01;1.254591e-02;1.057736e-02;9.429529e-03;5.679159e-02;1.562129e-02;5.599982e-02;6.445753e-02;7.463225e-03;9.751500e-03
3.339212e-01;3.114517e-01;1.214356e-01;6.791295e-03;8.995526e-03;5.078876e-03;6.616620e-02;2.067092e-02;4.230587e-02;5.968233e-02;9.764532e-03;1.373593e-02
3.558769e-01;3.032151e-01;1.205276e-01;4.706602e-03;9.877671e-03;7.067202e-03;6.663264e-02;2.884634e-02;3.631827e-02;4.258461e-02;1.103857e-02;1.330843e-02
3.860034e-01;3.127592e-01;1.074541e-01;5.080627e-03;1.296907e-02;4.955660e-03;6.131777e-02;2.878275e-02;2.973538e-02;2.715953e-02;1.205777e-02;1.172466e-02
4.000777e-01;3.230666e-01;9.501150e-02;5.175360e-03;1.351934e-02;3.680698e-03;5.038488e-02;2.999517e-02;2.545829e-02;2.738692e-02;1.352383e-02;1.271973e-02
3.880294e-01;3.297231e-01;9.632341e-02;7.042565e-03;1.149035e-02;4.135726e-03;4.415808e-02;3.276512e-02;1.952980e-02;3.983157e-02;1.509124e-02;1.187970e-02
3.733144e-01;3.296344e-01;1.033999e-01;4.664385e-03;1.256666e-02;4.240747e-03;4.957851e-02;3.524260e-02;2.296014e-02;4.013452e-02;1.516561e-02;9.098093e-03
3.802879e-01;3.186157e-01;9.742116e-02;3.915283e-03;2.253383e-02;3.098509e-03;4.635033e-02;4.250684e-02;3.327794e-02;2.635795e-02;1.553651e-02;1.009803e-02
4.030671e-01;2.867604e-01;8.298439e-02;4.591007e-03;3.494250e-02;4.455302e-03;3.409756e-02;6.787553e-02;3.622127e-02;1.292073e-02;1.871449e-02;1.336982e-02
4.349377e-01;2.486610e-01;6.517648e-02;5.357294e-03;4.959513e-02;5.939674e-03;1.599760e-02;9.476489e-02;3.378916e-02;6.973011e-03;2.212409e-02;1.668398e-02
4.190369e-01;1.984259e-01;6.564377e-02;5.648348e-03;7.000961e-02;1.167770e-02;1.301555e-02;1.192408e-01;4.309673e-02;9.459515e-03;2.700367e-02;1.774163e-02
3.762147e-01;1.495694e-01;7.921091e-02;9.412032e-03;9.114686e-02;1.499786e-02;1.352177e-02;1.582678e-01;5.031833e-02;1.441439e-02;2.454038e-02;1.838552e-02
3.460506e-01;1.045958e-01;8.064837e-02;1.545938e-02;9.410194e-02;1.226076e-02;2.986015e-02;2.237872e-01;3.097760e-02;1.982606e-02;1.982366e-02;2.260845e-02
2.984320e-01;8.006079e-02;8.080127e-02;2.813143e-02;8.036593e-02;5.914899e-03;5.442252e-02;2.750608e-01;2.183644e-02;2.885396e-02;1.918116e-02;2.693881e-02
2.316272e-01;6.889207e-02;7.349758e-02;4.250603e-02;6.722843e-02;1.638588e-02;1.159752e-01;2.636469e-01;2.952770e-02;3.865750e-02;2.175253e-02;3.030295e-02
1.924436e-01;5.793238e-02;6.980934e-02;5.647141e-02;6.294765e-02;2.484143e-02;1.678930e-01;2.230925e-01;3.581546e-02;4.730590e-02;2.149281e-02;3.995447e-02
1.693590e-01;4.749781e-02;1.105976e-01;7.505444e-02;6.433838e-02;4.944346e-02;1.585918e-01;1.636874e-01;4.698386e-02;5.105119e-02;2.152833e-02;4.186678e-02
1.341620e-01;5.009845e-02;1.863924e-01;9.205100e-02;7.549943e-02;6.820502e-02;1.275134e-01;6.739825e-02;6.977343e-02;7.008352e-02;2.485008e-02;3.397309e-02
1.104571e-01;1.003103e-01;1.476091e-01;8.212899e-02;8.422618e-02;5.241664e-02;1.637545e-01;8.450305e-02;7.173700e-02;5.732011e-02;2.194804e-02;2.358898e-02
1.054958e-01;9.206143e-02;1.292988e-01;6.792581e-02;8.821639e-02;6.588524e-02;1.538379e-01;1.254763e-01;6.919814e-02;4.916531e-02;2.551669e-02;2.792232e-02
7.916738e-02;6.946440e-02;1.340808e-01;6.870348e-02;7.046579e-02;1.134265e-01;1.109716e-01;1.443813e-01;7.484974e-02;5.172414e-02;3.774710e-02;4.501771e-02
7.035232e-02;6.724179e-02;9.796567e-02;4.932027e-02;5.655352e-02;1.105767e-01;1.812647e-01;1.458995e-01;8.512345e-02;4.593864e-02;4.103350e-02;4.872995e-02
7.743139e-02;6.467199e-02;7.844288e-02;3.855199e-02;5.415165e-02;9.990437e-02;2.152939e-01;1.607280e-01;7.901043e-02;5.228286e-02;4.106842e-02;3.846208e-02
8.967154e-02;5.439364e-02;8.396842e-02;4.570746e-02;4.980486e-02;7.322116e-02;1.428821e-01;5.741664e-02;1.387645e-01;1.088724e-01;8.118050e-02;7.411684e-02
6.911995e-02;4.709128e-02;7.394594e-02;3.566765e-02;4.010631e-02;6.204754e-02;1.524415e-01;1.138097e-01;1.659956e-01;9.924128e-02;6.609810e-02;7.443508e-02
4.857355e-02;5.201345e-02;1.183287e-01;3.071160e-02;3.893688e-02;5.691738e-02;1.365062e-01;1.158308e-01;1.634538e-01;1.068510e-01;5.745960e-02;7.441709e-02
8.457309e-02;9.528919e-02;2.275216e-01;4.981973e-02;6.133664e-02;3.839705e-02;5.523318e-02;7.803635e-02;9.823234e-02;9.066358e-02;7.014035e-02;5.075693e-02
1.242397e-01;1.172752e-01;2.267976e-01;4.602102e-02;5.346807e-02;2.630019e-02;6.012731e-02;5.927483e-02;9.581856e-02;7.034937e-02;7.137820e-02;4.894989e-02
1.648254e-01;1.063169e-01;2.444218e-01;3.486411e-02;3.295561e-02;2.245356e-02;5.816090e-02;7.732622e-02;8.185459e-02;6.164047e-02;6.794570e-02;4.723471e-02
1.769242e-01;7.146255e-02;2.210576e-01;5.036936e-02;3.554583e-02;2.111906e-02;5.722462e-02;9.278830e-02;6.437642e-02;6.777637e-02;5.791958e-02;8.343605e-02
1.671442e-01;4.295198e-02;1.445445e-01;9.889276e-02;3.947809e-02;2.169703e-02;5.520081e-02;8.617496e-02;7.542691e-02;7.838804e-02;9.383444e-02;9.626631e-02
1.312878e-01;4.617756e-02;1.129910e-01;1.222744e-01;3.271842e-02;3.774191e-02;4.429208e-02;6.051334e-02;6.764377e-02;8.181029e-02;1.654374e-01;9.711216e-02
1.058960e-01;6.699577e-02;1.256865e-01;9.340134e-02;3.326717e-02;4.751980e-02;6.589656e-02;5.583052e-02;3.867897e-02;1.011939e-01;1.728482e-01;9.278530e-02
8.551103e-02;7.002800e-02;1.520237e-01;9.026397e-02;4.109681e-02;4.588349e-02;7.566859e-02;5.549630e-02;3.054956e-02;7.595299e-02;1.554684e-01;1.220572e-01
5.408928e-02;5.054150e-02;1.339865e-01;7.596448e-02;4.968080e-02;6.252670e-02;1.006662e-01;4.055928e-02;5.753866e-02;5.149133e-02;1.821063e-01;1.408489e-01
