6.750081e-02;5.291639e-02;8.246788e-02;4.108397e-02;5.279114e-02;6.771932e-02;1.543903e-01;7.286888e-02;1.091345e-01;1.346275e-01;1.151470e-01;4.935240e-02
6.129468e-02;7.336266e-02;1.181583e-01;4.110562e-02;6.028818e-02;7.836779e-02;1.124263e-01;4.162069e-02;1.154645e-01;1.164232e-01;1.362580e-01;4.523014e-02
6.721845e-02;7.343655e-02;1.088655e-01;4.251666e-02;5.398482e-02;7.030614e-02;8.548628e-02;7.538347e-02;1.725674e-01;8.119596e-02;1.231927e-01;4.584610e-02
4.909099e-02;8.067267e-02;5.562297e-02;6.215989e-02;7.924582e-02;8.361428e-02;1.035913e-01;7.690719e-02;1.742241e-01;8.259553e-02;1.077015e-01;4.457369e-02
6.394187e-02;8.953420e-02;1.348599e-01;7.743569e-02;9.570579e-02;1.006050e-01;7.236908e-02;7.540309e-02;6.052677e-02;9.157262e-02;7.903815e-02;5.900785e-02
9.593655e-02;9.193841e-02;1.440882e-01;4.491917e-02;6.669176e-02;7.481217e-02;1.093319e-01;6.791016e-02;1.030706e-01;6.952699e-02;6.092113e-02;7.085305e-02
1.256339e-01;8.196582e-02;1.086812e-01;4.612383e-02;6.435355e-02;7.294123e-02;1.340954e-01;8.010259e-02;1.073742e-01;6.310713e-02;4.407140e-02;7.154974e-02
1.059014e-01;5.998040e-02;1.285822e-01;5.210519e-02;7.888737e-02;8.225969e-02;1.233294e-01;7.258396e-02;8.505237e-02;8.217502e-02;7.381656e-02;5.532647e-02
1.029606e-01;6.040025e-02;1.525253e-01;6.163124e-02;6.645919e-02;8.671272e-02;8.779492e-02;6.633425e-02;1.116494e-01;1.012593e-01;7.516601e-02;2.710672e-02
1.002164e-01;6.747757e-02;1.363620e-01;7.128423e-02;6.786659e-02;8.144953e-02;1.074409e-01;7.433584e-02;1.095147e-01;8.979737e-02;6.314702e-02;3.110789e-02
6.988075e-02;3.595610e-02;1.423253e-01;7.122288e-02;6.345481e-02;5.126898e-02;1.497488e-01;1.341418e-01;7.201265e-02;1.104698e-01;6.028995e-02;3.922822e-02
8.312685e-02;5.134200e-02;1.495257e-01;6.832998e-02;5.996754e-02;5.700934e-02;1.309207e-01;1.064437e-01;9.469851e-02;1.046328e-01;6.027354e-02;3.372934e-02
9.411046e-02;5.856255e-02;1.114192e-01;6.996245e-02;7.084963e-02;5.610435e-02;1.458206e-01;8.720016e-02;6.985667e-02;1.119998e-01;7.547610e-02;4.863802e-02
9.941982e-02;6.506916e-02;1.030085e-01;7.247552e-02;7.568492e-02;5.940424e-02;1.695735e-01;6.245909e-02;5.723112e-02;1.157288e-01;8.283337e-02;3.711192e-02
1.040130e-01;8.616640e-02;1.294725e-01;6.889375e-02;8.427701e-02;5.672804e-02;1.462229e-01;4.837538e-02;8.128857e-02;9.376872e-02;6.706259e-02;3.373117e-02
7.575843e-02;1.014067e-01;1.576144e-01;1.476825e-01;8.229399e-02;3.892129e-02;9.070633e-02;5.950590e-02;1.031559e-01;5.837146e-02;4.717108e-02;3.741213e-02
2.706099e-02;7.851522e-02;1.673105e-01;1.765265e-01;8.067667e-02;6.102080e-02;9.232428e-02;5.255825e-02;1.030087e-01;5.873711e-02;6.108897e-02;4.117209e-02
4.058492e-02;4.025253e-02;1.567186e-01;1.254029e-01;1.190631e-01;9.487555e-02;1.026224e-01;2.918530e-02;8.532585e-02;9.209513e-02;8.581857e-02;2.805512e-02
4.899466e-02;3.937847e-02;1.380330e-01;4.230102e-02;1.366881e-01;1.157344e-01;1.135835e-01;4.667290e-02;8.805899e-02;8.436511e-02;8.382072e-02;6.236923e-02
5.027545e-02;5.280655e-02;1.701047e-01;7.440761e-02;9.360493e-02;9.634683e-02;1.168543e-01;5.915409e-02;6.264266e-02;8.404791e-02;7.851177e-02;6.124318e-02
4.113781e-02;8.751872e-02;2.873218e-01;7.061862e-02;6.660458e-02;7.652961e-02;9.423707e-02;3.479721e-02;4.920198e-02;9.331768e-02;6.160981e-02;3.710505e-02
7.865936e-02;1.068714e-01;2.900341e-01;4.210934e-02;5.837185e-02;6.101985e-02;8.602360e-02;5.434189e-02;8.873078e-02;6.817837e-02;3.972222e-02;2.593726e-02
1.193112e-01;9.737202e-02;2.136383e-01;3.854973e-02;4.919971e-02;5.151176e-02;1.141928e-01;1.043436e-01;1.007097e-01;3.310544e-02;2.561382e-02;5.245179e-02
1.127010e-01;5.873099e-02;1.000358e-01;7.606030e-02;3.861419e-02;4.724159e-02;1.993490e-01;1.264805e-01;7.723118e-02;4.119646e-02;4.153087e-02;8.082802e-02
8.621320e-02;2.461637e-02;5.273883e-02;1.342938e-01;2.558067e-02;4.010789e-02;2.939616e-01;9.397110e-02;4.797919e-02;5.353860e-02;4.109002e-02;1.059088e-01
6.869873e-02;1.340665e-02;6.340199e-02;1.556993e-01;2.403521e-02;4.470040e-02;3.223431e-01;5.806629e-02;3.326285e-02;5.700040e-02;3.256860e-02;1.268165e-01
7.130649e-02;1.664168e-02;2.847998e-02;1.591146e-01;1.786682e-02;5.020219e-02;3.311101e-01;4.046667e-02;5.397354e-02;5.262204e-02;2.803405e-02;1.501818e-01
7.540476e-02;2.331051e-02;4.834706e-02;1.501319e-01;1.807079e-02;3.709378e-02;3.303615e-01;1.714589e-02;5.919524e-02;4.307596e-02;3.762063e-02;1.602419e-01
6.185163e-02;3.233827e-02;5.144303e-02;1.205387e-01;1.895110e-02;4.331641e-02;3.348231e-01;4.712799e-02;5.071627e-02;3.753122e-02;5.242829e-02;1.489340e-01
6.601143e-02;3.883779e-02;6.595918e-02;1.306115e-01;1.990029e-02;6.556941e-02;3.495519e-01;2.419893e-02;4.741039e-02;2.829365e-02;4.449593e-02;1.191596e-01
7.119843e-02;2.991947e-02;6.035707e-02;1.293357e-01;2.406423e-02;8.303326e-02;3.097207e-01;3.305104e-02;4.302473e-02;4.214661e-02;6.554855e-02;1.086001e-01
5.745857e-02;2.811619e-02;5.238497e-02;9.332900e-02;4.000359e-02;1.362787e-01;2.837780e-01;1.782380e-02;4.069396e-02;4.047864e-02;8.085445e-02;1.288000e-01
9.321368e-02;4.219925e-02;1.205072e-01;4.549862e-02;4.927369e-02;1.591672e-01;2.039724e-01;2.777236e-02;3.693668e-02;4.221968e-02;8.249390e-02;9.674539e-02
8.463500e-02;3.963375e-02;1.897442e-01;3.029768e-02;5.949761e-02;1.297045e-01;1.816435e-01;3.355597e-02;4.589242e-02;5.734754e-02;9.141336e-02;5.663438e-02
3.956761e-02;2.553969e-02;2.103961e-01;3.579220e-02;6.396607e-02;6.613546e-02;2.315331e-01;4.200301e-02;5.370216e-02;7.290518e-02;1.175296e-01;4.092970e-02
2.675676e-02;2.413141e-02;1.356137e-01;6.964536e-02;4.297500e-02;6.019902e-02;1.987390e-01;5.508301e-02;7.779474e-02;1.040638e-01;1.524108e-01;5.258733e-02
3.796614e-02;3.691636e-02;1.831143e-01;9.066875e-02;4.954690e-02;6.141246e-02;1.373259e-01;8.493908e-02;6.160301e-02;8.363769e-02;1.339421e-01;3.892732e-02
9.607642e-02;6.259894e-02;2.424624e-01;7.388516e-02;5.039241e-02;6.432473e-02;1.180162e-01;8.733808e-02;3.760381e-02;4.631206e-02;8.339821e-02;3.759160e-02
1.992956e-01;7.525200e-02;2.515741e-01;4.265812e-02;4.412399e-02;4.148859e-02;9.157076e-02;7.455302e-02;2.807659e-02;3.850212e-02;5.446416e-02;5.844095e-02
3.177586e-01;5.478773e-02;1.554877e-01;3.791432e-02;4.717719e-02;2.590942e-02;1.250010e-01;6.474774e-02;2.128739e-02;3.718416e-02;3.017831e-02;8.256651e-02
3.686275e-01;6.423683e-02;1.194252e-01;3.209485e-02;3.069624e-02;2.354643e-02;1.328772e-01;5.888328e-02;1.267368e-02;2.773055e-02;2.548575e-02;1.037224e-01
4.046883e-01;4.758680e-02;1.003287e-01;2.165984e-02;2.182864e-02;1.527943e-02;1.247185e-01;4.312295e-02;1.309256e-02;3.111953e-02;4.739210e-02;1.291827e-01
3.351085e-01;6.219292e-02;7.238264e-02;2.291127e-02;2.438736e-02;3.066622e-02;1.432313e-01;2.690429e-02;2.209730e-02;5.522779e-02;8.372572e-02;1.211646e-01
1.859566e-01;5.288311e-02;1.098983e-01;2.103585e-02;2.379097e-02;4.825402e-02;1.670457e-01;3.266871e-02;3.588431e-02;9.355563e-02;1.315024e-01;9.752439e-02
5.833502e-02;5.901929e-02;1.507443e-01;2.965781e-02;4.682746e-02;6.204388e-02;1.193206e-01;3.118939e-02;6.630774e-02;1.587737e-01;1.382184e-01;7.956246e-02
6.903575e-02;6.267450e-02;9.593063e-02;3.345640e-02;6.525350e-02;5.299706e-02;1.175368e-01;4.034826e-02;7.166330e-02;1.824855e-01;1.239217e-01;8.469664e-02
1.303847e-01;7.674688e-02;1.085106e-01;4.449101e-02;8.190195e-02;4.237758e-02;1.247234e-01;6.079492e-02;4.960698e-02;1.189888e-01;7.846000e-02;8.301315e-02
8.280659e-02;4.482407e-02;1.408406e-01;4.048602e-02;1.130720e-01;5.565950e-02;1.063796e-01;8.335152e-02;9.849644e-02;1.079832e-01;4.996690e-02;7.613356e-02
5.374080e-02;6.003910e-02;1.346620e-01;5.424154e-02;1.050518e-01;6.059070e-02;1.186403e-01;8.718681e-02;1.067593e-01;1.043478e-01;4.434928e-02;7.039057e-02
8.141497e-02;7.112250e-02;1.133958e-01;5.583793e-02;6.578799e-02;6.042792e-02;1.270891e-01;8.024939e-02;1.046217e-01;1.388929e-01;4.172340e-02;5.943651e-02
8.781285e-02;6.761380e-02;1.262071e-01;5.371854e-02;5.317299e-02;5.057235e-02;1.409304e-01;6.887236e-02;1.426352e-01;1.392606e-01;2.737223e-02;4.183163e-02
8.249066e-02;7.701020e-02;1.004440e-01;8.042687e-02;7.376315e-02;5.672427e-02;1.567037e-01;6.166726e-02;1.014515e-01;1.265602e-01;4.509600e-02;3.766226e-02
6.398786e-02;7.330997e-02;7.167179e-02;9.602475e-02;1.258221e-01;5.898439e-02;1.175534e-01;7.697573e-02;9.760015e-02;1.150830e-01;5.306365e-02;4.992316e-02
4.423368e-02;5.124830e-02;8.394668e-02;1.111089e-01;1.483917e-01;5.542258e-02;1.125983e-01;6.572192e-02;1.063980e-01;1.188231e-01;4.159124e-02;6.051562e-02
8.618375e-02;3.924657e-02;1.158996e-01;1.276431e-01;1.227717e-01;5.856872e-02;1.143685e-01;5.508291e-02;8.083433e-02;8.245904e-02;4.791149e-02;6.903028e-02
1.433355e-01;3.621186e-02;1.204794e-01;1.017539e-01;8.820993e-02;4.936680e-02;9.285503e-02;8.434477e-02;7.455012e-02;6.426046e-02;7.877851e-02;6.585375e-02
1.167044e-01;6.824743e-02;1.623289e-01;4.641252e-02;5.571177e-02;6.927555e-02;9.528528e-02;8.617622e-02;6.910180e-02;7.906125e-02;1.167951e-01;3.489983e-02
9.595951e-02;9.379738e-02;3.159447e-01;3.839836e-02;5.037184e-02;5.569911e-02;1.037475e-01;4.568041e-02;4.967754e-02;4.142452e-02;6.372064e-02;4.557846e-02
1.302084e-01;9.019791e-02;3.376847e-01;3.746006e-02;4.302261e-02;3.653045e-02;1.045306e-01;2.443803e-02;3.413194e-02;5.098660e-02;6.467763e-02;4.613114e-02
2.014972e-01;7.649423e-02;2.225164e-01;3.447676e-02;3.377471e-02;4.156644e-02;9.803383e-02;1.876499e-02;3.011163e-02;7.570239e-02;8.958173e-02;7.747977e-02
2.324889e-01;4.682197e-02;1.371310e-01;3.515252e-02;3.655633e-02;4.736958e-02;8.560791e-02;3.778238e-02;2.465520e-02;8.079678e-02;1.135462e-01;1.220912e-01
2.065759e-01;4.636955e-02;1.301930e-01;4.434709e-02;4.761406e-02;2.499032e-02;6.747112e-02;4.848633e-02;4.031264e-02;9.022848e-02;1.371428e-01;1.162687e-01
1.330315e-01;5.260934e-02;2.199052e-01;4.147464e-02;4.010199e-02;3.901847e-02;6.136984e-02;3.429622e-02;5.441590e-02;9.470934e-02;1.381304e-01;9.093714e-02
4.342915e-02;5.471848e-02;1.824435e-01;5.014922e-02;4.593134e-02;6.629845e-02;1.300505e-01;3.592029e-02;6.935516e-02;9.898975e-02;1.327803e-01;8.993378e-02
6.220249e-02;6.295092e-02;1.123999e-01;5.900167e-02;4.087449e-02;6.393468e-02;1.902214e-01;3.299504e-02;6.513451e-02;7.562087e-02;1.205904e-01;1.140736e-01
9.150598e-02;5.513413e-02;3.895234e-02;5.350646e-02;5.019432e-02;5.018461e-02;2.308870e-01;9.862473e-02;7.562272e-02;4.464291e-02;9.909789e-02;1.116470e-01
1.294999e-01;3.084451e-02;5.339979e-02;6.150175e-02;3.467746e-02;4.178367e-02;2.299827e-01;1.550086e-01;8.996082e-02;2.750739e-02;8.126523e-02;6.456821e-02
1.027843e-01;4.138740e-02;7.052091e-02;5.355412e-02;4.367844e-02;5.065016e-02;2.344615e-01;1.347935e-01;9.519582e-02;5.031569e-02;8.719795e-02;3.546018e-02
7.185522e-02;4.260848e-02;1.167705e-01;5.290604e-02;6.798366e-02;5.035440e-02;2.099881e-01;1.053072e-01;8.936670e-02;7.877598e-02;9.196324e-02;2.212048e-02
4.878429e-02;4.909638e-02;2.001860e-01;6.114271e-02;9.576984e-02;5.497643e-02;1.496489e-01;7.313806e-02;5.456530e-02;1.093963e-01;8.216314e-02;2.113267e-02
5.550611e-02;5.514184e-02;2.053699e-01;5.377673e-02;9.341048e-02;5.247018e-02;8.190189e-02;8.137921e-02;1.026111e-01;1.172150e-01;7.600197e-02;2.521555e-02
5.975709e-02;5.056402e-02;1.735232e-01;5.231808e-02;8.021084e-02;4.599597e-02;9.044819e-02;8.129190e-02;1.068357e-01;1.267723e-01;9.345205e-02;3.883073e-02
6.459771e-02;6.124455e-02;1.688143e-01;3.470619e-02;5.017069e-02;7.929356e-02;1.120727e-01;6.417782e-02;9.775629e-02;1.086435e-01;1.043948e-01;5.412786e-02
6.316516e-02;6.184408e-02;1.737110e-01;4.406110e-02;4.471299e-02;1.083342e-01;9.706372e-02;3.831707e-02;1.115480e-01;1.155307e-01;9.345254e-02;4.825944e-02
7.090304e-02;7.000477e-02;1.789983e-01;6.628167e-02;2.862581e-02;9.414519e-02;5.277287e-02;4.649488e-02;1.818715e-01;8.250128e-02;6.234718e-02;6.505347e-02
4.851713e-02;8.602849e-02;1.809737e-01;7.107948e-02;2.477908e-02;3.973382e-02;5.264512e-02;5.083282e-02;2.529910e-01;6.209631e-02;6.284469e-02;6.747837e-02
3.332775e-02;8.013488e-02;2.208136e-01;5.032036e-02;3.634105e-02;5.653848e-02;3.913614e-02;4.038142e-02;2.525385e-01;9.331052e-02;4.507839e-02;5.207887e-02
1.969009e-02;5.292629e-02;3.373079e-01;3.186384e-02;2.451118e-02;4.700508e-02;4.179719e-02;2.286480e-02;1.669209e-01;2.039383e-01;1.724786e-02;3.392659e-02
1.792951e-02;3.148447e-02;4.041929e-01;2.943371e-02;2.257856e-02;2.212600e-02;7.612843e-02;1.287062e-02;6.818540e-02;2.790912e-01;1.845525e-02;1.752396e-02
1.857458e-02;2.463031e-02;4.434823e-01;3.688987e-02;2.513458e-02;1.448104e-02;8.599737e-02;8.271011e-03;2.851250e-02;2.821243e-01;2.182069e-02;1.008147e-02
2.764470e-02;1.669903e-02;4.581764e-01;4.589179e-02;3.432054e-02;2.342727e-02;6.997366e-02;9.976637e-03;4.390661e-02;2.108407e-01;4.811217e-02;1.103047e-02
3.010891e-02;1.608916e-02;4.787061e-01;5.471548e-02;3.825077e-02;3.150306e-02;5.721292e-02;1.432628e-02;3.804116e-02;1.517134e-01;6.868301e-02;2.064976e-02
3.132295e-02;2.668788e-02;4.451543e-01;8.168467e-02;4.283307e-02;2.653649e-02;4.361260e-02;2.215528e-02;3.004680e-02;1.272587e-01;9.433326e-02;2.837403e-02
3.345724e-02;2.937135e-02;4.248899e-01;9.364391e-02;5.791393e-02;2.146559e-02;4.162683e-02;3.170920e-02;3.722286e-02;9.330754e-02;1.045358e-01;3.085595e-02
2.062262e-02;2.647427e-02;4.157591e-01;1.160152e-01;6.362093e-02;2.190064e-02;4.292340e-02;3.548867e-02;4.879457e-02;7.836308e-02;1.089054e-01;2.113215e-02
2.464681e-02;2.875110e-02;4.155928e-01;1.289323e-01;5.923653e-02;3.602691e-02;3.825460e-02;1.820166e-02;3.735646e-02;6.660559e-02;1.236772e-01;2.271811e-02
2.938516e-02;3.367111e-02;4.109674e-01;1.092466e-01;5.914529e-02;3.475669e-02;3.699365e-02;3.792804e-02;4.083385e-02;4.704535e-02;1.348892e-01;2.513779e-02
3.211502e-02;2.419144e-02;4.283874e-01;1.126432e-01;6.435493e-02;3.122704e-02;2.313617e-02;4.208555e-02;2.687116e-02;4.763306e-02;1.411690e-01;2.618615e-02
2.316234e-02;1.680467e-02;4.392883e-01;9.977248e-02;6.450865e-02;3.533001e-02;3.351733e-02;2.228223e-02;3.896478e-02;5.661748e-02;1.398208e-01;2.993099e-02
2.682595e-02;2.076394e-02;4.472409e-01;1.121098e-01;7.550838e-02;3.286593e-02;4.157317e-02;1.804137e-02;3.881416e-02;4.583511e-02;1.161273e-01;2.429398e-02
3.637956e-02;1.500296e-02;4.367550e-01;1.165172e-01;8.026394e-02;2.201037e-02;3.639980e-02;2.763695e-02;3.152712e-02;5.733430e-02;1.122038e-01;2.796900e-02
3.503186e-02;1.355984e-02;4.228642e-01;8.680310e-02;1.030226e-01;3.536360e-02;5.205438e-02;4.121866e-02;3.362481e-02;4.606694e-02;1.067645e-01;2.362556e-02
4.197374e-02;1.860626e-02;4.169778e-01;6.661596e-02;1.277447e-01;6.353278e-02;6.490631e-02;3.269529e-02;2.414478e-02;2.867856e-02;8.930935e-02;2.481453e-02
4.062830e-02;3.100721e-02;4.236581e-01;7.069755e-02;1.248682e-01;7.009675e-02;5.815338e-02;3.065636e-02;1.453253e-02;3.167392e-02;7.744023e-02;2.658745e-02
3.358842e-02;3.017713e-02;4.766606e-01;6.828326e-02;1.261090e-01;5.451633e-02;5.563089e-02;3.230292e-02;1.995254e-02;2.719324e-02;5.627313e-02;1.931254e-02
3.390888e-02;1.735278e-02;5.629268e-01;6.758174e-02;1.044367e-01;4.187544e-02;4.921824e-02;3.341227e-02;1.265491e-02;2.716102e-02;3.015397e-02;1.931722e-02
3.407174e-02;1.912756e-02;5.611848e-01;7.357091e-02;7.451285e-02;4.081483e-02;5.534394e-02;3.208845e-02;2.024955e-02;3.635786e-02;3.949426e-02;1.318332e-02
4.298949e-02;3.314193e-02;5.056761e-01;6.956088e-02;5.747997e-02;5.621948e-02;6.821403e-02;2.041629e-02;3.629028e-02;4.514689e-02;4.833018e-02;1.653456e-02
4.560072e-02;4.733571e-02;4.457932e-01;6.711527e-02;5.159269e-02;6.294607e-02;8.394470e-02;2.326488e-02;6.928604e-02;5.256336e-02;3.064607e-02;1.991130e-02
5.967244e-02;5.714813e-02;2.830434e-01;7.930851e-02;6.860846e-02;3.651930e-02;7.735807e-02;7.142683e-02;1.083597e-01;7.316126e-02;4.862418e-02;3.676971e-02
1.019508e-01;5.327057e-02;1.333305e-01;6.484019e-02;8.066460e-02;6.209137e-02;8.083652e-02;8.783640e-02;1.863029e-01;5.683509e-02;6.069216e-02;3.134893e-02
8.115707e-02;7.976940e-02;1.177175e-01;6.500926e-02;8.473144e-02;8.747257e-02;8.402773e-02;4.734722e-02;1.517035e-01;7.364106e-02;7.670719e-02;5.071599e-02
4.312276e-02;8.746231e-02;1.099003e-01;6.683154e-02;7.005002e-02;9.798383e-02;1.216963e-01;3.690449e-02;1.282452e-01;7.742859e-02;8.822475e-02;7.214999e-02
3.038783e-02;8.310722e-02;1.067158e-01;4.158497e-02;6.553435e-02;1.000444e-01;1.561740e-01;7.381954e-02;1.126227e-01;8.888193e-02;7.047893e-02;7.064841e-02
3.922762e-02;8.148202e-02;9.646963e-02;5.261000e-02;6.052975e-02;8.926668e-02;1.562355e-01;1.277232e-01;1.040901e-01;8.322545e-02;4.972802e-02;5.941197e-02
4.275811e-02;7.239836e-02;9.303623e-02;6.751855e-02;6.043192e-02;7.161352e-02;1.083828e-01;1.333131e-01;1.264407e-01;8.636173e-02;7.342510e-02;6.431990e-02
4.641872e-02;5.716949e-02;9.688631e-02;7.562016e-02;6.701879e-02;7.478890e-02;1.294332e-01;1.073390e-01;1.142445e-01;1.053641e-01;8.873102e-02;3.698583e-02
7.370257e-02;7.193781e-02;9.100462e-02;7.397366e-02;7.928118e-02;7.931083e-02;1.193286e-01;6.940598e-02;1.059281e-01;7.662208e-02;1.102986e-01;4.920595e-02
7.772166e-02;8.816890e-02;7.217175e-02;5.212141e-02;8.466459e-02;5.818493e-02;7.986377e-02;9.911605e-02;1.667718e-01;4.647498e-02;1.024109e-01;7.232919e-02
6.692813e-02;8.710147e-02;1.012420e-01;6.548061e-02;7.587665e-02;5.539382e-02;8.323499e-02;1.278591e-01;1.550512e-01;7.283224e-02;6.061798e-02;4.838173e-02
5.970580e-02;7.099256e-02;1.280985e-01;5.912426e-02;6.374806e-02;6.443486e-02;1.252603e-01;1.353564e-01;1.008737e-01;8.502562e-02;5.921719e-02;4.816267e-02
8.863701e-02;4.562079e-02;1.161350e-01;6.576862e-02;6.062449e-02;7.577889e-02;1.135719e-01;1.019859e-01;9.031416e-02;1.201453e-01;4.509455e-02;7.632331e-02
8.514781e-02;6.734597e-02;9.334659e-02;6.006429e-02;7.908935e-02;7.049129e-02;1.024937e-01;6.394365e-02;1.020264e-01;1.309522e-01;4.651028e-02;9.858847e-02
5.567309e-02;7.196254e-02;7.050411e-02;7.814120e-02;6.311086e-02;8.643161e-02;1.231271e-01;9.411979e-02;1.250383e-01;1.137659e-01;4.204129e-02;7.608419e-02
3.601124e-02;6.051220e-02;8.188416e-02;8.081963e-02;6.662761e-02;8.675326e-02;1.276117e-01;1.214840e-01;1.402387e-01;9.363295e-02;5.785201e-02;4.657249e-02
4.093845e-02;5.459562e-02;5.984303e-02;9.350117e-02;1.043198e-01;7.684010e-02;1.140595e-01;8.956575e-02;1.105587e-01;1.053866e-01;8.411353e-02;6.627788e-02
5.029569e-02;7.632393e-02;8.125278e-02;8.470932e-02;1.008894e-01;5.063826e-02;1.087843e-01;8.046798e-02;6.926163e-02;1.389850e-01;9.565017e-02;6.274162e-02
3.703495e-02;1.176394e-01;9.879242e-02;1.056973e-01;5.818380e-02;7.069618e-02;1.047077e-01;8.640241e-02;8.877739e-02;1.450273e-01;4.407114e-02;4.297012e-02
6.228525e-02;9.247247e-02;1.503649e-01;1.092219e-01;6.235276e-02;7.061447e-02;7.316920e-02;6.424234e-02;9.959663e-02;9.601355e-02;7.567198e-02;4.399453e-02
7.885280e-02;6.934419e-02;1.413669e-01;7.439154e-02;9.542320e-02;7.854206e-02;1.085088e-01;7.608877e-02;1.189348e-01;6.995760e-02;5.959696e-02;2.899242e-02
5.756067e-02;3.619114e-02;1.793156e-01;6.690126e-02;1.002803e-01;7.278556e-02;1.966761e-01;7.995985e-02;6.199734e-02;6.671119e-02;4.583910e-02;3.578187e-02
6.394415e-02;2.275244e-02;2.506617e-01;8.107255e-02;7.668755e-02;5.673286e-02;1.774081e-01;7.499648e-02;3.326872e-02;6.617721e-02;5.843493e-02;3.786330e-02
8.412676e-02;4.910114e-02;3.373613e-01;9.235509e-02;4.946189e-02;3.475435e-02;1.303485e-01;5.578612e-02;1.844052e-02;6.210889e-02;5.686272e-02;2.929275e-02
9.816962e-02;7.757770e-02;3.551662e-01;9.937260e-02;3.080802e-02;3.156033e-02;1.375127e-01;3.334629e-02;2.245480e-02;5.407136e-02;4.083231e-02;1.912810e-02
8.569018e-02;6.142769e-02;2.661897e-01;9.802128e-02;4.394665e-02;4.098807e-02;1.968054e-01;5.018964e-02;2.733456e-02;5.171180e-02;5.103864e-02;2.665644e-02
6.384098e-02;5.124668e-02;3.431914e-01;6.699350e-02;4.846489e-02;3.275502e-02;1.855039e-01;4.811980e-02;1.899530e-02;6.821916e-02;4.539932e-02;2.726998e-02
6.563841e-02;4.256414e-02;4.112369e-01;4.165582e-02;3.930759e-02;4.207065e-02;1.877564e-01;2.063978e-02;2.163452e-02;8.001801e-02;2.560604e-02;2.187179e-02
6.043515e-02;2.880682e-02;4.017309e-01;3.911573e-02;5.604692e-02;2.398388e-02;1.684115e-01;3.709287e-02;3.186364e-02;8.848229e-02;3.774709e-02;2.628323e-02
5.270718e-02;3.760674e-02;4.187401e-01;3.101163e-02;4.612397e-02;2.952913e-02;1.550228e-01;3.433947e-02;5.371749e-02;8.599065e-02;3.089303e-02;2.431785e-02
3.660447e-02;5.812052e-02;4.441488e-01;3.380320e-02;3.727783e-02;2.301469e-02;1.232390e-01;2.871838e-02;5.628064e-02;9.723584e-02;3.709760e-02;2.445892e-02
2.042487e-02;4.047732e-02;4.678260e-01;3.165851e-02;4.606980e-02;3.526701e-02;1.225837e-01;2.993917e-02;2.839141e-02;1.050944e-01;5.187692e-02;2.039091e-02
2.199639e-02;4.402721e-02;4.792173e-01;3.229243e-02;5.247725e-02;4.073428e-02;1.199051e-01;1.982208e-02;2.143153e-02;9.756231e-02;5.387281e-02;1.666134e-02
1.865489e-02;5.468831e-02;4.875240e-01;3.138608e-02;4.098767e-02;3.758278e-02;1.055277e-01;1.282342e-02;4.188728e-02;9.520490e-02;4.953277e-02;2.420026e-02
3.278140e-02;6.437055e-02;5.037321e-01;3.204456e-02;3.049049e-02;3.381179e-02;8.635037e-02;1.267010e-02;4.929575e-02;8.789305e-02;3.432294e-02;3.223691e-02
3.061926e-02;4.785375e-02;5.481007e-01;3.245780e-02;3.166620e-02;3.231306e-02;7.863624e-02;2.238396e-02;3.703861e-02;8.081158e-02;2.574263e-02;3.237623e-02
2.640401e-02;5.450710e-02;6.086880e-01;3.260462e-02;2.511801e-02;1.857565e-02;5.889490e-02;2.026952e-02;3.666186e-02;7.778396e-02;1.779543e-02;2.269695e-02
2.386790e-02;6.026781e-02;6.158774e-01;3.091847e-02;2.400160e-02;1.447618e-02;5.481214e-02;1.346296e-02;4.302929e-02;8.292974e-02;1.845665e-02;1.789981e-02
1.695558e-02;6.310899e-02;6.192171e-01;3.199807e-02;1.516579e-02;1.526808e-02;5.156368e-02;1.855304e-02;4.885980e-02;8.770914e-02;1.973004e-02;1.187071e-02
2.720255e-02;5.234486e-02;6.357217e-01;3.444660e-02;2.201153e-02;2.295636e-02;2.380129e-02;1.965098e-02;4.396966e-02;8.537558e-02;1.606303e-02;1.645585e-02
2.913522e-02;4.167760e-02;6.394663e-01;4.142564e-02;2.089863e-02;2.390371e-02;3.278048e-02;1.915433e-02;3.960131e-02;7.959541e-02;1.273374e-02;1.962756e-02
2.623701e-02;3.659678e-02;6.384380e-01;4.124204e-02;2.957732e-02;3.644994e-02;4.039345e-02;2.118882e-02;1.932210e-02;6.864868e-02;2.440508e-02;1.750082e-02
9.659377e-03;2.437866e-02;6.303187e-01;4.182346e-02;3.163913e-02;3.337998e-02;4.521831e-02;2.891020e-02;4.347181e-02;5.046373e-02;3.910602e-02;2.163058e-02
2.048659e-02;2.482351e-02;6.210303e-01;4.122461e-02;2.767640e-02;2.394710e-02;4.645721e-02;3.733628e-02;5.338341e-02;4.289687e-02;4.312221e-02;1.761553e-02
2.800489e-02;4.375571e-02;6.165297e-01;3.968659e-02;4.108088e-02;2.944935e-02;4.616264e-02;2.336803e-02;4.011590e-02;4.099482e-02;2.784822e-02;2.300326e-02
2.704397e-02;4.960200e-02;5.706578e-01;4.775751e-02;3.268935e-02;3.429814e-02;6.990135e-02;3.429361e-02;4.303954e-02;4.248782e-02;1.451507e-02;3.371376e-02
2.992487e-02;4.123108e-02;5.379156e-01;5.265575e-02;3.393836e-02;4.598436e-02;6.946218e-02;3.982401e-02;5.413761e-02;4.314958e-02;2.457064e-02;2.720594e-02
3.307927e-02;3.120366e-02;5.208176e-01;4.836219e-02;5.017025e-02;6.091123e-02;9.357356e-02;3.649617e-02;4.220516e-02;4.391718e-02;1.447291e-02;2.479074e-02
5.159891e-02;5.786562e-02;4.605509e-01;4.014925e-02;6.437895e-02;5.399278e-02;9.840654e-02;4.968277e-02;3.781986e-02;2.659927e-02;2.627436e-02;3.268078e-02
6.535080e-02;8.925208e-02;3.818595e-01;5.587118e-02;6.287300e-02;3.905238e-02;8.815232e-02;5.719426e-02;4.811392e-02;4.435948e-02;3.115776e-02;3.676333e-02
5.428478e-02;9.505861e-02;3.226107e-01;5.889393e-02;2.518795e-02;4.049470e-02;8.468503e-02;6.643700e-02;7.198075e-02;9.181088e-02;4.586557e-02;4.269012e-02
3.685698e-02;8.617497e-02;2.111193e-01;4.074517e-02;5.373545e-02;6.566428e-02;1.246461e-01;7.967550e-02;7.623165e-02;1.216335e-01;5.291331e-02;5.060387e-02
5.181095e-02;7.579276e-02;1.515794e-01;4.041331e-02;6.572802e-02;6.769293e-02;1.827188e-01;8.617758e-02;7.399088e-02;1.302093e-01;4.341282e-02;3.047336e-02
5.401725e-02;7.034739e-02;1.213559e-01;6.377633e-02;5.962238e-02;6.703672e-02;1.810532e-01;1.080778e-01;7.449707e-02;1.260168e-01;2.635217e-02;4.784703e-02
7.133401e-02;6.334252e-02;6.802908e-02;7.715669e-02;6.251104e-02;8.714832e-02;1.590146e-01;9.963710e-02;7.528477e-02;1.015828e-01;5.604420e-02;7.891485e-02
5.654058e-02;4.566208e-02;1.156715e-01;5.370121e-02;7.958035e-02;9.865780e-02;1.586679e-01;1.253394e-01;6.745931e-02;6.478451e-02;6.998802e-02;6.394725e-02
5.098977e-02;4.206907e-02;9.782742e-02;4.838957e-02;1.045570e-01;7.847355e-02;1.601782e-01;1.493053e-01;9.970213e-02;5.851259e-02;7.167915e-02;3.831639e-02
6.460628e-02;4.496080e-02;1.059475e-01;5.163571e-02;7.745737e-02;7.502215e-02;1.793669e-01;1.142166e-01;8.502401e-02;1.006525e-01;5.813955e-02;4.297050e-02
6.845101e-02;4.343518e-02;8.394298e-02;4.158374e-02;6.949365e-02;6.308725e-02;2.059007e-01;8.290597e-02;1.146890e-01;1.222469e-01;5.489551e-02;4.936815e-02
5.083947e-02;3.000886e-02;8.434102e-02;4.091205e-02;6.225043e-02;4.813162e-02;1.870002e-01;1.013850e-01;1.476965e-01;1.099155e-01;6.809609e-02;6.942331e-02
6.756880e-02;4.351933e-02;1.407316e-01;5.910524e-02;6.269275e-02;7.020275e-02;1.416246e-01;7.735872e-02;1.280741e-01;9.009623e-02;5.414980e-02;6.487610e-02
8.207500e-02;5.108695e-02;1.257308e-01;6.981298e-02;1.071172e-01;5.850229e-02;1.413825e-01;1.017484e-01;8.691667e-02;8.683135e-02;2.800610e-02;6.078988e-02
7.376639e-02;5.776683e-02;8.089850e-02;7.501165e-02;9.441140e-02;6.332045e-02;1.701691e-01;1.087638e-01;1.034466e-01;8.157686e-02;3.653135e-02;5.433707e-02
6.190301e-02;8.173174e-02;7.223811e-02;6.314413e-02;8.460311e-02;8.967498e-02;1.353937e-01;7.191747e-02;1.550451e-01;9.173077e-02;4.413762e-02;4.848029e-02
6.104108e-02;7.739792e-02;6.477542e-02;5.411734e-02;5.617930e-02;8.442477e-02;1.602272e-01;8.544115e-02;1.433892e-01;1.106346e-01;6.152206e-02;4.084994e-02
6.001566e-02;5.295913e-02;6.784199e-02;6.643157e-02;4.504808e-02;9.324032e-02;2.055482e-01;7.637906e-02;1.226201e-01;9.361827e-02;6.795103e-02;4.834661e-02
4.623242e-02;2.895038e-02;6.954780e-02;9.773648e-02;6.719342e-02;1.234369e-01;1.521920e-01;8.038779e-02;1.765133e-01;6.823644e-02;5.069896e-02;3.887414e-02
3.898215e-02;3.448318e-02;8.608521e-02;1.088417e-01;6.107819e-02;9.982967e-02;1.405862e-01;7.459112e-02;1.653912e-01;1.036413e-01;5.479380e-02;3.169637e-02
6.317183e-02;3.481261e-02;7.651241e-02;9.953296e-02;7.485802e-02;5.628114e-02;1.624040e-01;5.875775e-02;1.284498e-01;9.425584e-02;8.980612e-02;6.115740e-02
9.972032e-02;2.442830e-02;9.475291e-02;8.967511e-02;9.541503e-02;9.348946e-02;1.014401e-01;1.053379e-01;9.657659e-02;3.861410e-02;8.683864e-02;7.371154e-02
1.272046e-01;4.291194e-02;1.326028e-01;8.359747e-02;7.441658e-02;9.315941e-02;6.085347e-02;1.250977e-01;8.282430e-02;5.233765e-02;6.449591e-02;6.049821e-02
1.187619e-01;5.354052e-02;1.348300e-01;7.321870e-02;6.196357e-02;7.439201e-02;1.086807e-01;1.172992e-01;8.705583e-02;6.953586e-02;5.043122e-02;5.029050e-02
8.570046e-02;4.470786e-02;1.066965e-01;7.576154e-02;6.672070e-02;5.708653e-02;1.290261e-01;1.117441e-01;9.822772e-02;8.118962e-02;6.380720e-02;7.933161e-02
3.777799e-02;4.589490e-02;1.060492e-01;6.867223e-02;5.202646e-02;7.222778e-02;1.231974e-01;1.358142e-01;1.142892e-01;1.067298e-01;6.418326e-02;7.313761e-02
4.555053e-02;5.238908e-02;9.094862e-02;5.839693e-02;7.017128e-02;1.047565e-01;1.266479e-01;1.336651e-01;1.161038e-01;1.094214e-01;4.487288e-02;4.707588e-02
8.698595e-02;5.947220e-02;8.425167e-02;7.863315e-02;7.715254e-02;9.992829e-02;1.307120e-01;9.227711e-02;8.059296e-02;8.887880e-02;8.072738e-02;4.038792e-02
1.089348e-01;6.850225e-02;8.662806e-02;6.423002e-02;5.276425e-02;9.706169e-02;1.450891e-01;8.307731e-02;6.947349e-02;9.508939e-02;8.517609e-02;4.397347e-02
8.957468e-02;5.614295e-02;1.594246e-01;4.925314e-02;3.962896e-02;8.730944e-02;1.856033e-01;6.738584e-02;8.612289e-02;7.838017e-02;5.359596e-02;4.757803e-02
5.633032e-02;4.737009e-02;1.743648e-01;7.732247e-02;4.858359e-02;8.599458e-02;1.544670e-01;1.011643e-01;6.167964e-02;5.689152e-02;4.971122e-02;8.612052e-02
6.472946e-02;5.228795e-02;1.242034e-01;8.242238e-02;7.316229e-02;8.994570e-02;1.184939e-01;1.048450e-01;7.728072e-02;7.299317e-02;5.367757e-02;8.595844e-02
8.546215e-02;6.259422e-02;8.923520e-02;7.989703e-02;1.134091e-01;9.024914e-02;9.200539e-02;8.622182e-02;9.766028e-02;1.002443e-01;6.071930e-02;4.230209e-02
9.512299e-02;6.079058e-02;9.075897e-02;5.906936e-02;9.619365e-02;9.205975e-02;1.144813e-01;8.476056e-02;7.392807e-02;1.053324e-01;8.899537e-02;3.850693e-02
6.476592e-02;7.226413e-02;1.334635e-01;6.286219e-02;4.517354e-02;6.462033e-02;1.294877e-01;9.217364e-02;8.928661e-02;1.219683e-01;9.234285e-02;3.159130e-02
5.313938e-02;8.125512e-02;1.636244e-01;7.447948e-02;3.360946e-02;6.678932e-02;1.285155e-01;8.283745e-02;8.174200e-02;1.462047e-01;5.686109e-02;3.094201e-02
6.930842e-02;7.033737e-02;1.557254e-01;6.729724e-02;6.212011e-02;7.960536e-02;1.307806e-01;6.707452e-02;7.768134e-02;1.130089e-01;3.483262e-02;7.222816e-02
6.453168e-02;7.105467e-02;1.385712e-01;4.578907e-02;7.654578e-02;8.140440e-02;1.072075e-01;7.678047e-02;7.453239e-02;1.071364e-01;6.049182e-02;9.595467e-02
3.931136e-02;6.081399e-02;1.248065e-01;8.357603e-02;7.491566e-02;8.261579e-02;7.937041e-02;9.918018e-02;8.586825e-02;1.039659e-01;7.938961e-02;8.618637e-02
7.430205e-02;8.599138e-02;1.887517e-01;7.413681e-02;8.147196e-02;7.304077e-02;6.850318e-02;5.938136e-02;1.129160e-01;5.946664e-02;6.367897e-02;5.835922e-02
8.852924e-02;1.127431e-01;2.714524e-01;6.138763e-02;8.254053e-02;4.126102e-02;6.194797e-02;4.218802e-02;1.251041e-01;4.111577e-02;3.197399e-02;3.975621e-02
1.295855e-01;1.087365e-01;2.459296e-01;4.313522e-02;9.599923e-02;2.779250e-02;5.037105e-02;9.050686e-02;1.164300e-01;3.309749e-02;3.035928e-02;2.805667e-02
1.982249e-01;7.933111e-02;1.631269e-01;3.354091e-02;1.100690e-01;2.244780e-02;5.675817e-02;1.564425e-01;8.671980e-02;2.135394e-02;3.840049e-02;3.358446e-02
1.991644e-01;3.785996e-02;1.088572e-01;7.659622e-02;8.435398e-02;3.193508e-02;1.305297e-01;1.550495e-01;5.234731e-02;3.490803e-02;4.369427e-02;4.470441e-02
1.335520e-01;1.678121e-02;6.110711e-02;1.269529e-01;4.140856e-02;3.471705e-02;2.585841e-01;8.143187e-02;4.220311e-02;5.006338e-02;4.062686e-02;1.125716e-01
1.022715e-01;1.664191e-02;5.424886e-02;1.232018e-01;2.137566e-02;4.924930e-02;3.119206e-01;3.139010e-02;3.641081e-02;5.359327e-02;6.138066e-02;1.383156e-01
8.857020e-02;2.387907e-02;1.062157e-01;8.477856e-02;2.481499e-02;6.995943e-02;2.758887e-01;5.338741e-02;3.045677e-02;5.617856e-02;8.151083e-02;1.043598e-01
9.669105e-02;3.065914e-02;1.426549e-01;6.614483e-02;4.187979e-02;7.746320e-02;2.323240e-01;6.061342e-02;3.552699e-02;6.708492e-02;8.131052e-02;6.764731e-02
9.293795e-02;4.494426e-02;1.861827e-01;5.052162e-02;7.008725e-02;6.275772e-02;1.829334e-01;5.703059e-02;4.951860e-02;7.312272e-02;8.018316e-02;4.978014e-02
7.128680e-02;4.842451e-02;1.727970e-01;5.361539e-02;4.942955e-02;8.479480e-02;1.838263e-01;8.701185e-02;5.291741e-02;8.951900e-02;6.463655e-02;4.174085e-02
8.688705e-02;4.339622e-02;8.744861e-02;5.300587e-02;8.529429e-02;6.990103e-02;2.296344e-01;5.373799e-02;8.785703e-02;9.857778e-02;5.241325e-02;5.184649e-02
7.328589e-02;4.067202e-02;8.574896e-02;4.771276e-02;8.455820e-02;6.895401e-02;1.779033e-01;4.044713e-02;1.339204e-01;1.025160e-01;7.799809e-02;6.628325e-02
7.210900e-02;5.107808e-02;9.417340e-02;3.713226e-02;7.922449e-02;8.427051e-02;1.554889e-01;5.357416e-02;1.328656e-01;1.150259e-01;8.019786e-02;4.485986e-02
7.423367e-02;6.828175e-02;9.417906e-02;3.606573e-02;7.513620e-02;9.007271e-02;1.603913e-01;5.520794e-02;1.191806e-01;1.199080e-01;7.267921e-02;3.466372e-02
9.848665e-02;6.926194e-02;2.895044e-01;7.028044e-02;6.135960e-02;7.709802e-02;1.426867e-01;2.202800e-02;4.861742e-02;6.825924e-02;2.131315e-02;3.110440e-02
1.385790e-01;9.794634e-02;3.236043e-01;6.804044e-02;6.287438e-02;4.028726e-02;1.308039e-01;3.343577e-02;2.633171e-02;2.266317e-02;2.407573e-02;3.135794e-02
1.798942e-01;9.638663e-02;2.892511e-01;6.737217e-02;5.888705e-02;2.365114e-02;1.292164e-01;4.376809e-02;2.343711e-02;1.968404e-02;2.211395e-02;4.633817e-02
2.392762e-01;5.026470e-02;2.015650e-01;6.261707e-02;5.657740e-02;3.195689e-02;1.502451e-01;4.756417e-02;1.908235e-02;2.347112e-02;2.999650e-02;8.738360e-02
2.647578e-01;7.292359e-02;1.549510e-01;3.526771e-02;3.505075e-02;1.838894e-02;1.491895e-01;3.001379e-02;2.496655e-02;4.961010e-02;5.719285e-02;1.076874e-01
2.085365e-01;5.709541e-02;1.345823e-01;3.623693e-02;3.045197e-02;4.255734e-02;1.438713e-01;4.867234e-02;4.026900e-02;8.854870e-02;8.893090e-02;8.024723e-02
1.106258e-01;3.460954e-02;1.280187e-01;5.832366e-02;6.343478e-02;6.374487e-02;1.253205e-01;3.954101e-02;5.673606e-02;1.436437e-01;1.224574e-01;5.354405e-02
8.760270e-02;5.434778e-02;1.068810e-01;6.248419e-02;7.396654e-02;5.322254e-02;8.459364e-02;4.908773e-02;7.687925e-02;1.577168e-01;1.226371e-01;7.058083e-02
8.503373e-02;8.271349e-02;7.295290e-02;3.342989e-02;6.668726e-02;9.463018e-02;1.348200e-01;8.350957e-02;6.978265e-02;1.144869e-01;8.365722e-02;7.829620e-02
1.206688e-01;7.597632e-02;1.018534e-01;6.562936e-02;6.878325e-02;6.065853e-02;1.422001e-01;8.620664e-02;7.795876e-02;8.319024e-02;5.673580e-02;6.013876e-02
1.170557e-01;4.512508e-02;1.201244e-01;7.422986e-02;8.194026e-02;5.353881e-02;1.605102e-01;1.105226e-01;8.707932e-02;7.036114e-02;4.114532e-02;3.836729e-02
9.387632e-02;4.543277e-02;1.146726e-01;6.676079e-02;9.187169e-02;5.080896e-02;1.562151e-01;1.073236e-01;9.604093e-02;9.635052e-02;4.748724e-02;3.315954e-02
8.294334e-02;4.456114e-02;1.049687e-01;6.972811e-02;9.984311e-02;4.116198e-02;1.638437e-01;8.956569e-02;9.888518e-02;1.247934e-01;4.964145e-02;3.006410e-02
4.176309e-02;5.154759e-02;1.002359e-01;8.239609e-02;1.016701e-01;6.289340e-02;1.590212e-01;5.529793e-02;7.849697e-02;1.886249e-01;3.657927e-02;4.147351e-02
4.139312e-02;6.175309e-02;8.635174e-02;8.020384e-02;8.444118e-02;7.167421e-02;1.172282e-01;5.549925e-02;9.647818e-02;2.455609e-01;2.028776e-02;3.912862e-02
6.681402e-02;7.809805e-02;1.153327e-01;6.035642e-02;8.638366e-02;5.985836e-02;1.174508e-01;7.448570e-02;1.086762e-01;1.556688e-01;3.261324e-02;4.426207e-02
9.058420e-02;7.376961e-02;1.569213e-01;6.316495e-02;1.049882e-01;6.453290e-02;1.192445e-01;8.763534e-02;9.224299e-02;6.874777e-02;4.139080e-02;3.677747e-02
9.918843e-02;6.709962e-02;1.719237e-01;7.102618e-02;1.093767e-01;6.256343e-02;1.193777e-01;8.226065e-02;8.508111e-02;4.700193e-02;4.955271e-02;3.554783e-02
9.077513e-02;5.629113e-02;1.626042e-01;6.057911e-02;1.106978e-01;6.554161e-02;1.324851e-01;6.367087e-02;1.050665e-01;5.796525e-02;6.114854e-02;3.317477e-02
5.964921e-02;7.436249e-02;1.089288e-01;5.540330e-02;7.962013e-02;1.212864e-01;1.088167e-01;8.381999e-02;8.169167e-02;9.644587e-02;7.730806e-02;5.266732e-02
6.359421e-02;1.046780e-01;1.226999e-01;5.157108e-02;1.013205e-01;1.018298e-01;1.104241e-01;6.326250e-02;8.676559e-02;7.369934e-02;8.527957e-02;3.487539e-02
6.264617e-02;6.881946e-02;6.530131e-02;8.458515e-02;7.021422e-02;8.261669e-02;1.655614e-01;1.013685e-01;1.139075e-01;7.925577e-02;7.238142e-02;3.334245e-02
5.574306e-02;5.024293e-02;7.656624e-02;7.907111e-02;7.131439e-02;6.675606e-02;1.715542e-01;1.138628e-01;1.247124e-01;8.393924e-02;6.281470e-02;4.342288e-02
4.408346e-02;3.694959e-02;7.772200e-02;7.483917e-02;7.494103e-02;4.862537e-02;1.796810e-01;1.230508e-01;1.383172e-01;9.471086e-02;5.877947e-02;4.829998e-02
3.642268e-02;3.446129e-02;8.846092e-02;7.153354e-02;7.422877e-02;6.249463e-02;1.884407e-01;8.949494e-02;1.581831e-01;9.584811e-02;5.699245e-02;4.343880e-02
6.519470e-02;5.891151e-02;2.381671e-01;6.980185e-02;6.315733e-02;7.119762e-02;1.298919e-01;5.079437e-02;1.206101e-01;4.321484e-02;4.434471e-02;4.471395e-02
8.277027e-02;6.352120e-02;2.902091e-01;4.891341e-02;5.802089e-02;6.266756e-02;1.011989e-01;5.976232e-02;1.040574e-01;5.363582e-02;3.744975e-02;3.779341e-02
8.116291e-02;5.703988e-02;2.544916e-01;4.007703e-02;5.360923e-02;6.795009e-02;1.279530e-01;7.102008e-02;1.056830e-01;6.259925e-02;3.305325e-02;4.536074e-02
6.907649e-02;3.879305e-02;2.014061e-01;4.885468e-02;5.021717e-02;5.662399e-02;2.079235e-01;7.064046e-02;8.663529e-02;7.368915e-02;4.015337e-02;5.598673e-02
5.819764e-02;6.188343e-02;1.684580e-01;6.713579e-02;4.129547e-02;5.200490e-02;2.660097e-01;3.195880e-02;5.027422e-02;7.859389e-02;5.258188e-02;7.160632e-02
3.722759e-02;7.198289e-02;2.188301e-01;7.059149e-02;7.876568e-02;6.819677e-02;2.254374e-01;4.289735e-02;4.479321e-02;3.498721e-02;4.428983e-02;6.200048e-02
5.972906e-02;7.664309e-02;2.130946e-01;5.606184e-02;1.069444e-01;7.521994e-02;1.367660e-01;7.265814e-02;5.544189e-02;4.459387e-02;4.939543e-02;5.345172e-02
9.104402e-02;7.951521e-02;2.196246e-01;4.849412e-02;7.921872e-02;7.304501e-02;1.737031e-01;5.658734e-02;4.640226e-02;4.966111e-02;5.015731e-02;3.254719e-02
1.205755e-01;5.325331e-02;2.321616e-01;4.486195e-02;6.696116e-02;7.308575e-02;1.397909e-01;3.544310e-02;5.009673e-02;7.009545e-02;7.347192e-02;4.020268e-02
8.869515e-02;6.867518e-02;1.641268e-01;4.808232e-02;5.834841e-02;4.676750e-02;2.247653e-01;3.472352e-02;4.944354e-02;8.264991e-02;8.595086e-02;4.777149e-02
6.207217e-02;5.968827e-02;1.798131e-01;6.701464e-02;3.456137e-02;4.202366e-02;3.291830e-01;3.373230e-02;2.866025e-02;5.139458e-02;6.395227e-02;4.790432e-02
8.487462e-02;4.194945e-02;1.643482e-01;7.114723e-02;3.584521e-02;3.573764e-02;3.586457e-01;4.310228e-02;2.839543e-02;3.370490e-02;5.439605e-02;4.785327e-02
1.011168e-01;4.423993e-02;9.602199e-02;6.268319e-02;5.327466e-02;3.055400e-02;3.506374e-01;6.961125e-02;5.444476e-02;4.617529e-02;5.032335e-02;4.091743e-02
1.578998e-01;5.519310e-02;1.768275e-01;3.747000e-02;6.179781e-02;3.305497e-02;2.292787e-01;7.196080e-02;5.185504e-02;3.942642e-02;4.155716e-02;4.367868e-02
1.891278e-01;7.946625e-02;2.695009e-01;2.830093e-02;6.232801e-02;3.482277e-02;1.295578e-01;6.728432e-02;2.735027e-02;3.169311e-02;3.539575e-02;4.517210e-02
1.604263e-01;1.053032e-01;3.096244e-01;2.327399e-02;4.975739e-02;4.733908e-02;9.853150e-02;4.574030e-02;5.474976e-02;3.828850e-02;2.805553e-02;3.891007e-02
1.224736e-01;1.074141e-01;3.660951e-01;3.253942e-02;3.561513e-02;4.888716e-02;8.410069e-02;3.802425e-02;6.827103e-02;4.021378e-02;2.932331e-02;2.704246e-02
1.639598e-01;1.008360e-01;3.448031e-01;2.934309e-02;3.358315e-02;3.906403e-02;7.552030e-02;5.754785e-02;4.977492e-02;4.599956e-02;2.069972e-02;3.886858e-02
1.610615e-01;1.000481e-01;3.027224e-01;3.187706e-02;3.776459e-02;4.913888e-02;8.624821e-02;5.849635e-02;4.401456e-02;6.218824e-02;3.622052e-02;3.021957e-02
5.463162e-02;7.433055e-02;4.271843e-01;4.931731e-02;5.402820e-02;5.503180e-02;4.541079e-02;4.963932e-02;6.817529e-02;5.992636e-02;3.169185e-02;3.063261e-02
7.724010e-02;7.839764e-02;3.801401e-01;4.282273e-02;4.806630e-02;5.438910e-02;7.258862e-02;5.638447e-02;8.571406e-02;4.981726e-02;2.610540e-02;2.833422e-02
4.933446e-02;9.181476e-02;4.748114e-01;3.448934e-02;4.215679e-02;4.967036e-02;8.191261e-02;3.756353e-02;6.433307e-02;3.838431e-02;1.643667e-02;1.909265e-02
3.323616e-02;9.805205e-02;5.185649e-01;4.444348e-02;4.366534e-02;5.521917e-02;8.814182e-02;2.566395e-02;1.952891e-02;3.297296e-02;2.140232e-02;1.910899e-02
6.177747e-02;1.078343e-01;4.747326e-01;3.860863e-02;4.375170e-02;5.558032e-02;6.145857e-02;3.011986e-02;4.347501e-02;4.049354e-02;2.284337e-02;1.932455e-02
5.447010e-02;8.955407e-02;5.063270e-01;4.389415e-02;4.549761e-02;4.991576e-02;6.984226e-02;2.207487e-02;3.459086e-02;4.613234e-02;1.882883e-02;1.887219e-02
6.135146e-02;8.777174e-02;4.607061e-01;4.410893e-02;3.922364e-02;4.153030e-02;1.030450e-01;4.673257e-02;2.986635e-02;3.803363e-02;2.211861e-02;2.551165e-02
5.657984e-02;1.052444e-01;4.803147e-01;3.850045e-02;3.716030e-02;4.468764e-02;5.414829e-02;4.526839e-02;5.720851e-02;4.172640e-02;1.350826e-02;2.565281e-02
1.550228e-02;8.477656e-02;5.806639e-01;3.147767e-02;3.611863e-02;5.274414e-02;3.706341e-02;2.691708e-02;4.900852e-02;5.687793e-02;1.298053e-02;1.586933e-02
1.379490e-02;6.802247e-02;6.063976e-01;3.882869e-02;3.771931e-02;5.207061e-02;5.953104e-02;1.357380e-02;3.766023e-02;5.524712e-02;1.189452e-02;5.259744e-03
1.289105e-02;6.616386e-02;6.154057e-01;3.933824e-02;3.414311e-02;3.858368e-02;6.565058e-02;1.464208e-02;4.295228e-02;5.274015e-02;7.237569e-03;1.025170e-02
