5.167363e-02;7.317599e-02;1.772454e-01;1.416298e-01;1.482631e-01;5.352015e-02;1.329994e-01;4.391168e-02;4.788869e-02;7.661181e-02;2.707681e-02;2.600352e-02
5.004274e-02;8.277117e-02;1.644108e-01;1.350203e-01;1.234830e-01;7.819371e-02;1.026749e-01;8.595150e-02;5.792881e-02;6.397519e-02;2.158598e-02;3.396183e-02
5.357999e-02;2.896147e-02;1.202121e-01;3.169685e-02;6.469184e-02;9.901138e-02;2.495603e-01;1.316478e-01;6.175135e-02;4.556683e-02;5.767248e-02;5.564760e-02
8.182698e-02;4.621075e-02;8.432518e-02;3.034296e-02;5.021989e-02;7.214580e-02;2.512280e-01;1.706495e-01;4.742188e-02;6.634962e-02;5.079792e-02;4.848155e-02
1.134438e-01;4.708946e-02;5.688433e-02;2.441780e-02;4.266623e-02;4.948964e-02;1.876758e-01;2.193917e-01;9.809893e-02;7.884069e-02;4.249754e-02;3.950405e-02
1.372198e-01;3.848771e-02;3.047108e-02;3.705879e-02;3.753290e-02;3.128691e-02;1.222383e-01;2.552981e-01;1.097710e-01;1.044948e-01;3.273122e-02;6.340949e-02
1.044197e-01;2.365489e-02;1.374026e-02;8.199084e-02;2.054546e-02;2.597402e-02;1.921249e-01;1.864423e-01;6.968729e-02;1.354301e-01;2.229072e-02;1.236995e-01
5.526816e-02;1.676225e-02;1.658201e-02;1.095205e-01;1.063889e-02;3.261295e-02;2.904258e-01;4.926518e-02;6.726595e-02;1.154315e-01;4.610835e-02;1.901184e-01
2.267338e-02;2.187066e-02;2.759477e-02;9.145044e-02;1.117111e-02;4.972606e-02;3.244303e-01;6.969568e-02;6.600928e-02;6.959435e-02;6.376346e-02;1.820204e-01
2.574866e-02;2.685060e-02;3.895277e-02;8.210568e-02;2.203587e-02;7.752588e-02;3.413481e-01;9.864375e-02;4.858413e-02;4.247027e-02;4.934987e-02;1.463845e-01
4.248875e-02;2.061511e-02;2.653004e-02;1.361647e-01;1.595929e-02;7.256909e-02;3.938268e-01;8.551662e-02;3.651433e-02;3.988224e-02;1.532938e-02;1.146037e-01
2.421683e-02;1.065921e-02;2.956728e-02;1.794287e-01;1.056802e-02;4.902420e-02;4.420072e-01;6.232352e-02;1.860110e-02;3.569583e-02;2.361935e-02;1.142887e-01
3.255990e-02;8.863922e-03;1.885472e-02;2.037765e-01;5.566581e-03;3.312340e-02;4.395038e-01;7.205172e-02;1.214480e-02;3.398127e-02;1.625623e-02;1.233172e-01
6.457958e-02;8.583010e-03;1.673510e-02;1.980991e-01;1.760251e-02;2.113166e-02;3.797467e-01;1.047858e-01;1.473197e-02;3.962588e-02;1.578455e-02;1.185942e-01
1.061781e-01;9.144936e-03;1.335611e-02;1.719096e-01;2.414702e-02;1.529760e-02;2.920504e-01;1.492296e-01;1.472608e-02;7.647847e-02;1.416741e-02;1.133147e-01
1.465513e-01;1.055036e-02;9.107371e-03;1.122282e-01;1.539623e-02;2.277270e-02;2.354891e-01;1.708335e-01;3.149225e-02;1.161598e-01;1.495825e-02;1.144609e-01
2.076800e-01;1.180740e-02;1.618990e-02;4.365847e-02;1.929381e-02;2.961687e-02;1.953596e-01;1.966235e-01;5.455520e-02;1.201573e-01;1.030809e-02;9.474997e-02
2.544895e-01;1.290088e-02;2.598316e-02;2.849514e-02;4.041489e-02;1.910524e-02;1.557578e-01;2.255446e-01;5.960707e-02;8.083629e-02;2.783066e-02;6.903483e-02
2.793859e-01;2.338675e-02;3.097258e-02;1.917696e-02;7.747004e-02;8.633427e-03;9.404629e-02;2.498730e-01;4.855780e-02;5.479153e-02;7.086870e-02;4.283696e-02
2.451554e-01;3.604972e-02;3.527606e-02;1.593721e-02;1.020187e-01;7.708161e-03;7.678930e-02;2.521705e-01;4.444491e-02;2.936104e-02;1.142284e-01;4.086053e-02
1.616890e-01;4.638250e-02;3.542212e-02;1.621687e-02;8.548969e-02;1.466856e-02;1.223148e-01;2.702346e-01;3.280790e-02;4.350271e-02;1.372398e-01;3.403154e-02
1.594449e-01;5.799371e-02;4.554572e-02;2.785947e-02;4.855400e-02;1.854584e-02;1.575818e-01;2.136230e-01;5.132829e-02;5.545106e-02;1.239574e-01;4.011488e-02
1.900258e-01;3.907525e-02;5.859009e-02;4.300208e-02;3.962180e-02;1.430463e-02;1.750831e-01;1.382257e-01;4.304712e-02;6.034667e-02;1.371783e-01;6.149949e-02
1.744653e-01;2.429191e-02;7.473083e-02;5.013032e-02;3.145401e-02;1.434668e-02;1.583210e-01;1.818203e-01;4.601473e-02;4.753354e-02;1.438527e-01;5.303869e-02
1.622644e-01;4.035495e-02;7.248194e-02;3.973434e-02;1.547137e-02;1.351903e-02;1.091070e-01;2.893457e-01;5.824295e-02;4.707743e-02;1.285109e-01;2.389012e-02
1.909206e-01;2.698666e-02;6.518021e-02;3.735946e-02;2.787146e-02;1.167302e-02;7.869273e-02;3.039014e-01;3.567181e-02;4.729668e-02;1.099055e-01;6.454037e-02
2.250675e-01;4.691987e-02;5.924320e-02;5.224276e-02;5.782099e-02;1.645131e-02;1.305164e-01;1.715245e-01;3.477218e-02;5.663197e-02;5.353243e-02;9.527687e-02
2.735294e-01;1.156547e-01;7.843513e-02;4.614032e-02;6.336758e-02;1.390929e-02;8.309303e-02;1.068423e-01;4.984192e-02;5.093847e-02;5.547218e-02;6.277572e-02
3.039737e-01;1.866814e-01;1.116393e-01;3.689120e-02;5.199388e-02;1.224610e-02;4.243636e-02;6.798684e-02;5.927374e-02;4.210378e-02;5.599374e-02;2.878003e-02
3.143514e-01;2.177201e-01;1.050574e-01;3.877706e-02;3.636771e-02;7.135852e-03;4.303304e-02;7.632426e-02;5.058794e-02;3.824017e-02;4.151475e-02;3.089037e-02
3.196900e-01;2.076585e-01;8.481637e-02;4.183222e-02;2.212257e-02;6.890516e-03;6.245885e-02;9.502190e-02;3.644314e-02;3.596770e-02;4.401664e-02;4.308158e-02
2.796284e-01;1.748040e-01;1.009568e-01;3.822948e-02;1.616977e-02;7.013348e-03;9.708259e-02;1.066367e-01;2.975010e-02;3.504295e-02;6.462739e-02;5.005847e-02
1.660741e-01;1.589118e-01;6.580513e-02;3.379330e-02;5.026544e-02;1.495788e-02;1.483903e-01;1.082810e-01;3.908700e-02;4.929937e-02;7.898726e-02;8.614743e-02
2.305584e-01;1.320019e-01;8.381365e-02;3.331012e-02;5.528786e-02;3.114346e-02;1.434507e-01;9.759644e-02;2.874490e-02;4.162005e-02;4.539284e-02;7.707962e-02
2.960784e-01;1.236812e-01;5.872781e-02;3.565406e-02;4.041200e-02;3.475885e-02;1.082124e-01;1.107645e-01;4.178359e-02;4.289185e-02;7.358703e-02;3.344822e-02
2.704877e-01;1.078854e-01;6.108234e-02;5.648421e-02;1.899018e-02;3.036996e-02;7.347115e-02;1.119392e-01;5.316280e-02;4.947270e-02;1.258751e-01;4.077933e-02
2.124067e-01;8.899335e-02;7.236114e-02;7.442999e-02;1.713853e-02;3.584129e-02;8.321226e-02;1.210935e-01;4.089038e-02;9.648310e-02;1.172975e-01;3.985219e-02
1.970205e-01;7.746359e-02;7.941926e-02;6.331501e-02;2.941892e-02;4.806996e-02;9.446342e-02;1.075560e-01;5.100388e-02;1.122545e-01;8.025587e-02;5.975905e-02
1.407470e-01;7.356650e-02;1.084418e-01;4.747156e-02;4.847342e-02;4.491840e-02;1.140347e-01;9.948071e-02;7.564245e-02;9.758286e-02;8.999128e-02;5.964942e-02
1.909179e-01;8.535310e-02;8.604653e-02;4.014430e-02;3.649356e-02;3.955293e-02;1.099923e-01;1.188882e-01;8.552733e-02;7.073889e-02;7.253394e-02;6.381110e-02
3.057162e-01;1.095520e-01;1.183452e-01;3.131942e-02;2.662338e-02;2.822699e-02;6.463008e-02;9.273421e-02;7.459412e-02;5.235057e-02;3.781621e-02;5.809154e-02
3.459122e-01;1.493918e-01;1.672602e-01;3.643070e-02;3.333518e-02;1.826048e-02;3.655816e-02;5.740856e-02;2.734074e-02;3.830390e-02;3.964012e-02;5.015787e-02
3.024133e-01;1.715230e-01;1.856743e-01;4.346295e-02;3.865137e-02;2.070706e-02;4.432527e-02;5.536737e-02;1.404993e-02;2.909827e-02;4.699942e-02;4.772779e-02
1.927212e-01;1.595801e-01;1.663644e-01;5.493024e-02;5.098459e-02;3.367478e-02;9.648334e-02;5.335364e-02;2.110276e-02;3.704622e-02;8.596505e-02;4.779369e-02
7.253712e-02;1.324668e-01;1.354228e-01;4.101732e-02;5.084778e-02;4.457366e-02;1.482597e-01;7.760678e-02;5.379790e-02;7.118016e-02;8.826391e-02;8.402614e-02
2.125751e-01;9.431735e-02;8.957339e-02;1.790263e-02;3.697180e-02;3.080111e-02;1.196238e-01;8.207167e-02;5.529690e-02;6.570100e-02;7.888856e-02;1.162767e-01
3.356205e-01;7.407784e-02;1.207672e-01;2.774597e-02;2.984758e-02;2.099299e-02;7.242732e-02;7.528925e-02;3.447495e-02;4.541823e-02;5.922652e-02;1.041117e-01
3.846501e-01;6.453827e-02;1.315485e-01;3.676848e-02;3.953982e-02;2.553739e-02;6.138450e-02;6.369329e-02;3.126980e-02;3.002480e-02;4.244611e-02;8.859887e-02
4.051257e-01;7.431143e-02;1.033288e-01;3.271905e-02;5.988839e-02;2.404185e-02;5.538177e-02;7.489739e-02;3.167202e-02;2.136045e-02;4.229838e-02;7.497477e-02
3.597983e-01;5.292392e-02;1.211428e-01;4.669990e-02;7.645892e-02;2.098315e-02;6.470586e-02;8.496040e-02;3.823374e-02;2.423284e-02;4.684120e-02;6.301899e-02
2.168606e-01;9.030308e-02;1.349546e-01;6.389384e-02;6.017700e-02;4.631462e-02;1.002297e-01;1.063239e-01;9.065801e-02;2.011545e-02;3.991369e-02;3.025548e-02
1.985824e-01;9.556662e-02;9.830628e-02;4.836300e-02;4.615836e-02;5.303726e-02;9.499395e-02;1.552624e-01;1.348339e-01;2.999910e-02;2.962339e-02;1.527344e-02
2.317902e-01;7.382611e-02;4.227685e-02;3.828715e-02;6.446255e-02;3.835991e-02;2.850214e-02;2.091510e-01;1.490963e-01;6.076160e-02;1.927969e-02;4.420659e-02
1.741325e-01;3.102763e-02;3.903881e-02;9.053836e-02;4.414995e-02;2.406487e-02;1.095978e-01;1.937748e-01;9.223288e-02;1.018641e-01;1.945384e-02;8.012442e-02
1.207394e-01;2.443993e-02;2.252083e-02;1.411422e-01;1.888108e-02;2.655968e-02;1.754871e-01;1.156088e-01;6.414096e-02;1.502651e-01;2.338980e-02;1.168251e-01
1.626527e-01;3.388292e-02;1.732499e-02;1.382293e-01;2.748515e-02;2.791311e-02;1.885328e-01;7.259871e-02;6.894965e-02;1.290496e-01;2.531853e-02;1.080626e-01
1.983317e-01;2.138453e-02;5.134417e-02;7.395720e-02;4.248281e-02;2.783465e-02;1.543170e-01;1.998541e-01;7.471126e-02;5.601517e-02;1.914865e-02;8.061878e-02
2.237453e-01;2.477424e-02;5.310727e-02;1.969135e-02;5.102740e-02;2.329544e-02;1.270209e-01;2.368203e-01;9.683152e-02;4.185957e-02;2.054351e-02;8.128320e-02
2.498376e-01;3.542357e-02;6.230694e-02;3.621192e-02;5.136885e-02;2.213727e-02;1.230417e-01;1.967950e-01;5.723859e-02;6.096770e-02;1.791450e-02;8.675634e-02
2.325177e-01;2.983108e-02;5.439048e-02;7.338084e-02;3.604069e-02;2.640208e-02;1.635219e-01;1.474426e-01;3.028939e-02;8.835471e-02;2.404058e-02;9.378796e-02
1.944663e-01;3.361402e-02;6.484663e-02;7.614344e-02;4.505491e-02;3.486941e-02;1.986023e-01;1.062532e-01;3.208197e-02;9.230708e-02;3.042099e-02;9.133973e-02
1.754947e-01;3.972947e-02;6.718466e-02;5.212322e-02;6.208108e-02;4.600960e-02;2.094802e-01;7.260995e-02;3.145861e-02;9.112635e-02;3.363367e-02;1.190685e-01
1.634804e-01;2.874800e-02;4.270625e-02;3.286351e-02;3.350723e-02;4.813259e-02;1.613775e-01;1.720537e-01;2.706943e-02;1.137937e-01;2.502720e-02;1.512406e-01
1.373159e-01;2.740913e-02;5.074822e-02;5.437204e-02;4.524372e-02;4.152908e-02;7.246300e-02;2.061745e-01;5.095008e-02;1.564739e-01;2.196205e-02;1.353584e-01
1.429203e-01;2.461254e-02;7.038914e-02;7.008249e-02;6.792773e-02;2.857378e-02;5.850225e-02;1.547049e-01;6.020354e-02;1.884340e-01;3.766537e-02;9.598394e-02
1.667306e-01;4.045958e-02;6.346131e-02;7.992615e-02;4.933996e-02;2.791232e-02;4.440958e-02;1.547759e-01;5.982410e-02;1.891323e-01;5.156963e-02;7.245855e-02
1.309756e-01;5.026074e-02;6.100188e-02;6.947839e-02;7.007878e-02;3.635539e-02;1.048306e-01;1.349941e-01;6.411135e-02;1.865651e-01;3.935334e-02;5.199471e-02
1.259927e-01;3.436531e-02;8.022836e-02;6.832919e-02;6.573512e-02;4.695652e-02;1.288424e-01;1.368843e-01;6.872445e-02;1.542305e-01;3.918231e-02;5.052894e-02
1.311250e-01;4.934603e-02;6.582668e-02;6.803738e-02;6.643551e-02;4.462967e-02;1.366844e-01;1.586599e-01;8.023063e-02;1.110298e-01;3.750776e-02;5.048721e-02
1.372081e-01;7.306906e-02;1.111856e-01;6.462228e-02;5.655817e-02;4.266677e-02;1.340430e-01;1.427336e-01;6.083612e-02;7.504346e-02;5.217046e-02;4.986338e-02
1.613233e-01;7.077248e-02;1.118966e-01;8.203773e-02;5.177504e-02;3.447460e-02;1.101685e-01;1.159138e-01;4.483279e-02;6.239972e-02;7.153442e-02;8.287093e-02
1.859301e-01;4.635591e-02;1.109705e-01;9.757065e-02;6.394082e-02;2.150141e-02;5.736609e-02;7.672324e-02;6.329312e-02;9.180634e-02;7.154674e-02;1.129950e-01
1.385906e-01;1.046520e-01;1.684952e-01;8.582093e-02;4.335129e-02;1.865055e-02;7.929322e-02;6.120948e-02;6.558363e-02;9.370542e-02;6.001431e-02;8.063338e-02
1.059499e-01;1.239081e-01;2.220625e-01;7.315248e-02;3.435222e-02;3.528768e-02;9.159905e-02;4.215216e-02;7.728350e-02;9.287062e-02;5.523429e-02;4.614753e-02
8.857190e-02;1.130940e-01;2.306549e-01;7.544428e-02;3.762355e-02;3.862705e-02;1.059511e-01;5.395528e-02;8.176191e-02;8.769653e-02;5.716898e-02;2.945044e-02
8.663483e-02;9.002130e-02;1.886284e-01;8.835097e-02;3.138724e-02;2.906902e-02;1.156948e-01;7.315251e-02;8.596633e-02;1.209615e-01;6.150104e-02;2.863198e-02
4.381349e-02;5.477421e-02;1.933021e-01;9.103608e-02;5.569872e-02;4.691168e-02;1.028999e-01;7.866570e-02;9.875014e-02;1.436752e-01;5.191229e-02;3.856051e-02
7.753470e-02;5.615029e-02;2.128216e-01;7.393675e-02;5.066254e-02;3.823569e-02;9.745663e-02;7.596040e-02;1.098644e-01;1.325407e-01;4.197219e-02;3.286408e-02
1.228696e-01;7.103319e-02;1.662452e-01;5.479691e-02;3.782484e-02;3.991186e-02;1.115329e-01;4.453857e-02;1.129487e-01;1.073712e-01;4.438892e-02;8.653819e-02
1.016034e-01;7.808731e-02;1.573830e-01;3.509668e-02;4.116383e-02;4.483569e-02;1.530688e-01;5.011471e-02;8.872310e-02;1.037408e-01;5.569063e-02;9.049205e-02
1.078027e-01;8.022133e-02;1.750057e-01;3.175441e-02;5.699471e-02;3.744128e-02;1.548538e-01;5.303044e-02;6.363736e-02;9.704887e-02;6.138024e-02;8.082913e-02
1.234922e-01;6.580588e-02;1.717897e-01;4.226883e-02;5.969766e-02;3.894799e-02;1.092240e-01;8.546052e-02;5.644863e-02;8.679409e-02;6.607555e-02;9.399492e-02
1.220318e-01;6.197584e-02;1.339986e-01;6.039110e-02;6.599638e-02;5.553477e-02;1.040244e-01;7.728082e-02;8.091491e-02;1.044142e-01;6.298070e-02;7.045655e-02
1.288925e-01;8.539905e-02;1.498193e-01;8.822525e-02;5.121134e-02;5.882991e-02;9.535499e-02;7.013305e-02;5.955312e-02;8.752386e-02;4.558787e-02;7.946976e-02
1.037533e-01;6.420196e-02;1.404991e-01;6.219743e-02;5.610528e-02;4.513593e-02;1.509193e-01;9.944531e-02;6.838500e-02;6.594340e-02;3.923884e-02;1.041752e-01
8.259261e-02;8.100968e-02;1.385587e-01;4.716974e-02;5.455561e-02;5.502910e-02;1.810254e-01;8.997746e-02;8.024056e-02;6.320038e-02;5.241949e-02;7.422125e-02
6.336578e-02;8.022760e-02;1.597247e-01;8.666458e-02;4.101654e-02;5.361726e-02;2.054361e-01;3.792271e-02;7.696889e-02;1.077097e-01;4.295699e-02;4.438922e-02
6.905480e-02;6.387668e-02;1.174936e-01;1.052858e-01;7.452093e-02;6.720449e-02;1.398752e-01;5.453818e-02;7.430848e-02;1.171628e-01;3.392895e-02;8.274997e-02
7.709081e-02;3.157862e-02;9.089167e-02;7.964548e-02;8.659498e-02;5.669046e-02;1.600053e-01;6.824589e-02;9.497359e-02;8.828437e-02;8.865910e-02;7.733976e-02
9.688420e-02;6.611504e-02;9.284394e-02;7.088774e-02;8.174152e-02;5.103692e-02;1.392439e-01;7.428450e-02;9.651445e-02;7.638559e-02;8.183892e-02;7.222326e-02
9.322156e-02;1.440170e-01;9.648061e-02;5.519829e-02;7.099830e-02;5.017085e-02;1.120711e-01;8.080484e-02;1.394736e-01;4.680429e-02;6.092000e-02;4.983958e-02
5.855404e-02;2.734945e-01;1.015083e-01;3.544154e-02;4.160270e-02;6.013927e-02;6.940339e-02;5.966369e-02;2.190044e-01;2.400637e-02;3.621108e-02;2.097071e-02
2.928683e-02;3.761298e-01;8.350778e-02;2.284362e-02;1.321729e-02;6.744510e-02;3.041016e-02;2.679276e-02;2.710548e-01;2.805749e-02;2.588953e-02;2.536486e-02
3.241197e-02;2.871289e-01;1.998494e-01;1.313173e-02;1.415945e-02;4.839902e-02;2.442553e-02;2.757712e-02;2.113166e-01;9.641613e-02;2.254834e-02;2.263591e-02
2.876392e-02;1.306360e-01;3.439131e-01;2.307276e-02;1.007542e-02;4.102054e-02;4.895252e-02;2.697345e-02;1.293689e-01;1.943044e-01;1.285294e-02;1.006603e-02
2.592348e-02;4.203584e-02;3.060007e-01;1.275322e-01;1.538288e-02;3.284954e-02;5.361456e-02;3.619150e-02;8.146138e-02;1.832943e-01;8.132946e-02;1.438414e-02
2.607923e-02;3.247289e-02;1.394960e-01;2.597642e-01;6.337217e-02;2.018414e-02;3.649214e-02;6.297088e-02;7.341309e-02;9.055143e-02;1.568906e-01;3.831320e-02
3.655954e-02;5.012080e-02;8.627760e-02;1.950957e-01;1.460772e-01;4.100871e-02;3.622222e-02;6.333359e-02;8.058510e-02;4.443233e-02;1.396445e-01;8.064266e-02
7.850578e-02;5.345268e-02;1.245433e-01;1.151574e-01;1.326788e-01;6.250990e-02;5.848639e-02;3.949457e-02;9.725159e-02;7.440935e-02;9.244353e-02;7.106666e-02
1.169449e-01;6.930289e-02;1.107528e-01;1.330675e-01;5.524629e-02;6.203694e-02;1.190663e-01;2.833043e-02;9.220574e-02;1.098121e-01;6.213142e-02;4.110270e-02
9.664612e-02;1.272584e-01;5.410231e-02;1.028552e-01;5.073121e-02;4.665876e-02;2.154999e-01;3.527990e-02;7.309898e-02;1.123716e-01;6.432590e-02;2.117169e-02
6.242166e-02;1.582155e-01;8.409553e-02;3.714174e-02;4.684784e-02;5.464957e-02;2.627866e-01;6.601690e-02;6.088223e-02;8.181516e-02;6.808084e-02;1.704642e-02
4.866844e-02;1.437676e-01;8.694717e-02;3.330158e-02;3.747065e-02;5.367874e-02;2.832216e-01;8.419607e-02;7.584234e-02;5.379768e-02;7.321086e-02;2.589724e-02
4.104496e-02;9.073555e-02;8.553595e-02;3.755563e-02;4.161825e-02;4.479938e-02;2.718796e-01;8.059847e-02;9.818486e-02;8.726510e-02;7.638889e-02;4.439334e-02
4.030484e-02;6.169936e-02;8.959336e-02;5.359464e-02;8.866447e-02;4.951689e-02;1.835025e-01;7.092412e-02;1.273105e-01;1.033739e-01;6.321011e-02;6.830521e-02
3.167625e-02;8.797302e-02;6.354912e-02;4.934980e-02;1.119286e-01;4.105695e-02;1.972530e-01;8.010209e-02;9.848808e-02;8.756787e-02;6.349488e-02;8.756038e-02
3.375939e-02;8.467258e-02;5.584030e-02;5.441089e-02;1.291341e-01;4.746327e-02;2.286567e-01;6.076802e-02;5.373914e-02;1.003268e-01;6.374357e-02;8.748528e-02
5.676020e-02;7.978635e-02;4.627668e-02;1.061373e-01;1.171849e-01;3.335867e-02;2.136462e-01;3.762003e-02;5.111830e-02;1.147415e-01;7.928173e-02;6.408806e-02
7.024274e-02;5.700520e-02;5.774735e-02;1.258676e-01;1.070378e-01;4.967999e-02;1.489563e-01;5.100060e-02;7.238390e-02;1.287846e-01;9.155300e-02;3.974109e-02
6.149461e-02;7.337551e-02;1.054314e-01;8.595328e-02;1.131717e-01;5.829246e-02;8.282238e-02;9.922759e-02;5.534153e-02;1.157612e-01;9.473883e-02;5.438951e-02
6.354885e-02;1.090567e-01;9.248782e-02;1.087618e-01;1.012294e-01;3.403924e-02;1.315854e-01;1.068975e-01;5.785065e-02;7.783668e-02;5.910584e-02;5.760016e-02
5.868800e-02;7.974625e-02;8.698386e-02;1.247960e-01;9.326883e-02;3.580792e-02;1.748866e-01;8.916433e-02;4.912169e-02;1.181998e-01;3.814419e-02;5.119263e-02
6.139122e-02;1.086014e-01;7.839196e-02;1.272454e-01;4.103211e-02;4.619490e-02;2.019470e-01;8.517617e-02;2.951996e-02;9.978735e-02;6.536923e-02;5.534334e-02
3.899481e-02;1.051249e-01;7.165986e-02;9.166392e-02;5.407522e-02;4.959687e-02;2.888783e-01;9.731927e-02;3.963203e-02;6.393544e-02;4.793481e-02;5.118459e-02
3.087697e-02;8.737110e-02;6.019371e-02;6.002123e-02;5.651570e-02;9.222066e-02;3.961325e-01;8.079372e-02;3.734528e-02;4.256050e-02;2.511902e-02;3.084963e-02
3.886436e-02;6.971993e-02;3.848859e-02;4.729528e-02;5.675479e-02;1.566914e-01;4.275467e-01;5.245050e-02;2.594833e-02;4.626418e-02;2.275209e-02;1.722391e-02
6.435013e-02;3.608189e-02;1.075552e-02;3.675922e-02;6.599391e-02;2.536440e-01;4.032949e-01;2.539135e-02;1.762119e-02;5.997730e-02;1.281512e-02;1.331543e-02
7.918943e-02;1.292075e-02;1.649783e-02;3.263596e-02;8.128227e-02;3.208664e-01;3.083130e-01;3.476494e-02;9.172424e-03;8.607475e-02;8.881277e-03;9.400994e-03
6.557446e-02;1.733392e-02;1.752806e-02;3.329942e-02;1.062706e-01;3.266577e-01;2.711133e-01;4.075805e-02;1.347487e-02;8.757311e-02;8.969219e-03;1.144722e-02
4.839603e-02;2.830881e-02;3.867380e-02;2.661201e-02;1.470122e-01;2.964314e-01;2.657703e-01;3.549597e-02;2.328606e-02;6.189650e-02;1.307892e-02;1.503809e-02
4.161595e-02;3.910101e-02;1.566296e-01;5.113745e-02;1.740845e-01;2.076852e-01;1.768720e-01;2.962402e-02;3.403790e-02;3.789642e-02;2.373342e-02;2.758247e-02
6.714969e-02;3.403299e-02;3.369821e-01;6.963384e-02;1.276323e-01;1.252116e-01;8.601208e-02;1.856167e-02;2.733847e-02;4.730872e-02;2.741158e-02;3.272491e-02
7.153313e-02;4.391914e-02;4.080358e-01;5.665007e-02;3.897942e-02;9.076764e-02;1.362535e-01;2.111033e-02;3.307387e-02;4.281215e-02;2.385327e-02;3.301166e-02
7.869627e-02;8.839908e-02;3.387288e-01;3.629844e-02;5.612117e-02;9.686479e-02;1.762796e-01;2.016071e-02;3.238669e-02;2.903773e-02;1.984967e-02;2.717711e-02
1.006209e-01;1.035228e-01;3.397536e-01;2.062790e-02;6.209296e-02;9.250293e-02;1.593759e-01;1.706056e-02;1.882096e-02;3.741650e-02;2.237239e-02;2.583257e-02
1.202226e-01;1.022676e-01;3.188236e-01;3.157735e-02;5.505588e-02;9.089713e-02;1.149785e-01;1.984212e-02;3.838315e-02;6.440875e-02;2.003456e-02;2.350878e-02
1.233449e-01;1.334639e-01;2.621630e-01;3.417744e-02;6.017022e-02;9.588861e-02;6.911477e-02;2.358774e-02;6.536493e-02;9.851184e-02;1.540541e-02;1.880718e-02
8.935714e-02;1.557862e-01;2.694879e-01;5.488664e-02;5.076775e-02;7.354892e-02;6.656279e-02;3.178097e-02;7.379101e-02;1.055232e-01;1.114486e-02;1.736260e-02
1.070400e-01;2.012103e-01;2.594596e-01;6.600080e-02;2.710482e-02;6.738757e-02;6.799360e-02;2.679424e-02;7.930823e-02;7.098684e-02;1.055535e-02;1.615860e-02
1.047414e-01;2.076850e-01;3.211993e-01;6.158976e-02;2.446568e-02;5.647579e-02;5.574239e-02;3.931413e-02;7.928983e-02;3.275327e-02;4.682631e-03;1.206089e-02
8.804985e-02;1.950268e-01;3.816935e-01;4.563636e-02;3.446376e-02;5.072610e-02;3.470789e-02;5.385649e-02;7.668782e-02;2.728214e-02;4.369282e-03;7.499960e-03
1.244423e-01;1.877736e-01;3.601953e-01;3.470460e-02;3.824218e-02;6.114064e-02;3.133729e-02;5.005214e-02;5.858260e-02;3.067177e-02;8.373396e-03;1.448426e-02
1.634334e-01;1.729167e-01;2.981776e-01;3.453510e-02;3.749225e-02;8.219866e-02;5.569195e-02;3.253489e-02;5.118317e-02;3.343610e-02;1.346096e-02;2.493929e-02
1.523693e-01;1.299015e-01;2.774947e-01;5.527058e-02;4.107565e-02;1.000955e-01;6.408498e-02;3.645089e-02;4.798345e-02;3.501574e-02;3.202471e-02;2.823292e-02
8.939402e-02;1.244441e-01;2.765853e-01;7.201155e-02;5.914803e-02;9.293688e-02;4.410538e-02;4.927131e-02;4.208250e-02;5.226220e-02;6.359915e-02;3.415959e-02
1.001265e-01;1.271248e-01;3.056142e-01;4.796096e-02;5.753777e-02;8.963028e-02;6.621199e-02;3.675682e-02;4.716501e-02;3.878896e-02;5.578277e-02;2.729998e-02
9.082757e-02;9.279940e-02;2.625417e-01;5.755324e-02;6.282818e-02;1.096670e-01;1.029054e-01;3.954066e-02;4.421563e-02;6.485787e-02;4.237441e-02;2.988893e-02
6.213543e-02;5.794368e-02;2.489639e-01;6.869272e-02;6.110421e-02;1.180407e-01;9.158017e-02;5.290002e-02;6.243905e-02;8.217519e-02;6.531245e-02;2.871257e-02
5.346312e-02;6.242665e-02;2.490224e-01;6.362041e-02;6.501035e-02;1.011205e-01;6.624775e-02;8.342794e-02;6.788361e-02;7.119304e-02;8.005895e-02;3.652534e-02
5.937922e-02;8.155958e-02;2.184392e-01;6.613127e-02;7.085663e-02;8.593895e-02;6.932008e-02;8.569238e-02;7.766811e-02;7.396020e-02;8.118516e-02;2.986924e-02
5.804323e-02;9.203754e-02;2.446710e-01;7.796831e-02;5.300231e-02;8.682443e-02;7.692142e-02;7.409907e-02;7.683568e-02;6.535821e-02;6.495456e-02;2.928422e-02
7.166100e-02;1.136737e-01;2.436652e-01;8.141735e-02;5.433672e-02;7.751220e-02;5.902940e-02;9.705213e-02;6.950272e-02;5.500478e-02;4.471219e-02;3.243257e-02
9.663893e-02;1.402114e-01;1.127911e-01;7.094519e-02;6.701623e-02;5.053844e-02;9.201726e-02;1.117106e-01;9.771267e-02;7.370944e-02;5.130146e-02;3.540713e-02
9.570472e-02;1.140794e-01;2.184846e-01;6.577487e-02;6.119423e-02;4.808131e-02;6.789118e-02;9.527262e-02;1.066262e-01;3.730006e-02;6.364951e-02;2.594134e-02
7.487105e-02;8.442477e-02;2.860667e-01;6.928758e-02;4.152405e-02;3.220315e-02;8.432581e-02;6.881147e-02;9.838555e-02;6.527333e-02;5.888567e-02;3.594089e-02
1.086520e-01;9.158599e-02;2.186595e-01;7.057259e-02;4.916462e-02;2.856508e-02;1.005113e-01;8.465181e-02;9.218019e-02;5.554055e-02;6.212180e-02;3.779460e-02
1.363936e-01;9.300788e-02;1.604634e-01;6.281728e-02;4.735104e-02;2.419261e-02;1.200074e-01;1.143720e-01;9.556761e-02;4.169211e-02;6.040001e-02;4.373497e-02
1.144795e-01;1.074864e-01;1.042844e-01;6.894362e-02;3.296197e-02;2.513774e-02;1.667287e-01;1.081096e-01;7.950528e-02;6.245299e-02;5.202853e-02;7.788120e-02
5.248202e-02;1.351637e-01;7.036755e-02;1.019762e-01;1.867532e-02;2.155650e-02;2.420874e-01;5.519453e-02;7.314043e-02;7.770041e-02;5.096461e-02;1.006913e-01
5.389027e-02;1.435705e-01;5.858784e-02;9.945282e-02;1.548151e-02;3.566620e-02;2.848218e-01;4.879388e-02;5.532043e-02;6.099911e-02;6.067683e-02;8.273883e-02
4.462155e-02;1.378270e-01;4.654462e-02;8.389770e-02;1.890395e-02;6.003689e-02;3.288945e-01;6.788222e-02;3.422903e-02;3.386551e-02;5.402975e-02;8.926732e-02
8.680080e-02;1.001316e-01;6.127860e-02;5.935842e-02;3.207333e-02;1.038734e-01;3.220490e-01;6.437834e-02;4.188519e-02;2.939813e-02;2.477967e-02;7.399346e-02
9.885485e-02;5.709620e-02;8.947647e-02;5.280058e-02;4.554232e-02;1.139697e-01;2.897943e-01;5.774528e-02;4.474729e-02;3.150367e-02;4.248134e-02;7.598796e-02
1.028124e-01;5.323700e-02;1.055117e-01;6.405646e-02;4.493457e-02;8.737113e-02;2.663737e-01;7.807627e-02;3.135737e-02;3.450571e-02;4.926252e-02;8.250117e-02
9.982353e-02;7.928311e-02;1.427604e-01;8.356681e-02;5.205502e-02;4.991416e-02;1.786355e-01;6.002438e-02;3.937571e-02;5.278750e-02;5.513876e-02;1.066352e-01
1.037560e-01;8.773954e-02;1.485273e-01;8.401120e-02;5.019512e-02;4.041453e-02;1.010980e-01;6.917855e-02;5.149710e-02;6.398994e-02;6.953237e-02;1.300602e-01
1.767907e-01;9.387149e-02;1.198654e-01;5.252848e-02;2.729136e-02;6.088942e-02;1.511957e-01;4.482853e-02;3.967750e-02;5.731830e-02;5.883302e-02;1.169101e-01
1.248181e-01;8.710473e-02;9.603666e-02;5.685696e-02;2.438613e-02;9.045949e-02;2.055446e-01;4.113179e-02;3.798247e-02;4.685590e-02;7.910804e-02;1.097152e-01
3.546917e-02;7.427818e-02;1.090328e-01;6.979269e-02;3.575730e-02;1.097518e-01;2.343098e-01;4.281916e-02;3.054515e-02;4.952082e-02;1.131471e-01;9.557601e-02
3.583137e-02;5.453784e-02;1.248716e-01;3.847225e-02;3.368301e-02;1.104747e-01;2.425493e-01;3.898748e-02;2.973748e-02;7.403079e-02;1.217411e-01;9.508295e-02
6.656654e-02;4.800284e-02;1.114954e-01;5.609868e-02;2.920309e-02;8.556736e-02;2.174757e-01;4.503396e-02;3.331116e-02;6.861536e-02;9.990114e-02;1.387288e-01
6.237558e-02;7.104862e-02;1.339400e-01;7.350535e-02;3.271594e-02;4.697674e-02;1.751114e-01;3.697671e-02;2.602038e-02;5.914486e-02;1.190961e-01;1.630883e-01
1.524760e-01;6.200904e-02;1.118075e-01;6.035156e-02;2.876232e-02;1.886713e-02;1.519114e-01;4.889326e-02;2.231774e-02;6.007928e-02;9.582862e-02;1.866961e-01
1.785638e-01;5.970201e-02;7.627658e-02;6.113423e-02;2.259038e-02;2.006947e-02;2.033370e-01;4.035929e-02;2.348814e-02;5.315714e-02;8.031239e-02;1.810095e-01
1.475860e-01;7.020493e-02;7.868956e-02;6.380885e-02;2.410368e-02;2.893057e-02;2.407811e-01;2.437863e-02;2.664047e-02;4.088871e-02;7.672405e-02;1.772635e-01
1.207444e-01;5.925155e-02;4.961624e-02;6.014317e-02;1.870687e-02;3.638443e-02;2.679933e-01;2.280273e-02;2.679408e-02;4.471222e-02;8.964849e-02;2.032025e-01
1.500726e-01;4.668393e-02;5.988553e-02;6.445188e-02;1.770896e-02;2.677391e-02;2.566297e-01;1.154999e-02;2.209517e-02;4.638054e-02;7.723477e-02;2.205331e-01
2.087373e-01;5.186673e-02;4.409355e-02;7.019640e-02;2.030336e-02;3.261119e-02;2.016988e-01;4.532997e-02;2.168959e-02;5.930783e-02;5.778039e-02;1.863849e-01
2.777585e-01;8.167020e-02;8.498517e-02;7.079070e-02;3.875738e-02;4.620891e-02;1.496979e-01;4.174424e-02;3.305594e-02;4.900900e-02;3.616957e-02;9.015238e-02
3.070195e-01;8.982943e-02;7.084414e-02;6.181375e-02;5.936509e-02;3.774088e-02;1.449384e-01;6.532639e-02;4.353656e-02;3.700319e-02;2.994770e-02;5.263504e-02
3.597458e-01;9.900627e-02;4.968576e-02;4.268293e-02;6.989346e-02;2.357510e-02;1.200281e-01;1.049043e-01;3.591661e-02;2.844405e-02;2.417227e-02;4.194532e-02
3.905741e-01;1.539895e-01;7.217431e-02;2.287549e-02;6.076523e-02;1.742961e-02;6.457310e-02;8.842709e-02;4.185583e-02;3.848574e-02;1.433064e-02;3.451934e-02
2.947506e-01;2.319752e-01;1.696415e-01;1.602791e-02;2.985786e-02;3.329735e-02;3.244343e-02;4.249789e-02;7.097643e-02;4.636671e-02;7.202171e-03;2.496295e-02
1.460668e-01;2.412089e-01;3.495448e-01;2.198864e-02;2.009593e-02;3.600864e-02;2.515536e-02;3.676674e-02;6.128341e-02;4.369238e-02;4.514136e-03;1.367430e-02
4.969535e-02;1.779429e-01;4.867635e-01;5.451750e-02;3.129449e-02;2.198496e-02;2.777386e-02;3.054326e-02;4.406238e-02;5.176541e-02;1.328926e-02;1.036705e-02
7.203009e-02;9.921858e-02;4.088424e-01;1.324015e-01;6.111991e-02;5.185300e-02;2.674294e-02;2.909219e-02;3.675476e-02;3.846904e-02;3.058365e-02;1.289186e-02
6.146039e-02;2.725707e-02;2.245700e-01;2.116985e-01;1.634443e-01;9.364329e-02;4.507130e-02;3.925592e-02;2.965965e-02;4.211378e-02;3.967055e-02;2.215516e-02
4.457600e-02;4.259614e-02;1.883764e-01;1.617488e-01;2.339658e-01;1.057966e-01;6.714085e-02;2.247574e-02;5.056946e-02;3.970984e-02;2.541902e-02;1.762546e-02
6.832107e-02;3.464377e-02;1.199763e-01;8.694340e-02;2.299050e-01;1.771636e-01;1.528953e-01;1.930668e-02;5.933864e-02;2.608243e-02;1.334212e-02;1.208166e-02
8.067610e-02;1.682626e-02;1.069118e-01;4.132794e-02;1.237428e-01;2.538090e-01;2.776285e-01;1.927111e-02;2.573654e-02;3.401300e-02;8.802362e-03;1.125467e-02
6.802303e-02;2.622320e-02;1.169589e-01;5.358516e-02;6.932605e-02;2.145361e-01;3.838530e-01;1.177047e-02;7.147354e-03;3.340503e-02;6.514780e-03;8.656846e-03
4.546047e-02;2.314908e-02;8.718287e-02;6.308496e-02;6.698523e-02;1.534489e-01;5.045961e-01;1.728627e-02;8.259542e-03;1.745463e-02;7.327167e-03;5.764818e-03
2.962055e-02;4.829346e-02;1.036391e-01;4.689471e-02;5.910407e-02;1.014097e-01;5.246266e-01;3.543269e-02;1.889660e-02;1.743159e-02;1.001025e-02;4.640657e-03
3.257679e-02;5.448902e-02;8.429736e-02;5.132823e-02;6.168102e-02;7.840364e-02;4.878024e-01;6.066567e-02;3.369744e-02;3.253003e-02;1.329461e-02;9.233805e-03
3.454028e-02;4.999617e-02;5.469456e-02;7.022025e-02;7.616658e-02;8.303116e-02;4.501626e-01;7.046022e-02;3.734316e-02;4.949097e-02;1.316366e-02;1.073032e-02
3.617102e-02;5.039071e-02;1.190999e-01;7.866248e-02;7.762226e-02;9.380416e-02;3.989688e-01;3.374103e-02;2.552550e-02;4.762690e-02;1.549834e-02;2.288895e-02
7.334716e-02;5.729270e-02;5.995855e-02;5.646947e-02;9.874325e-02;1.060882e-01;3.946270e-01;4.972510e-02;3.135536e-02;3.317394e-02;1.673674e-02;2.248247e-02
7.586542e-02;5.536192e-02;6.956814e-02;3.900822e-02;1.160445e-01;1.024690e-01;3.867392e-01;5.647554e-02;2.929365e-02;2.886936e-02;2.952093e-02;1.078403e-02
6.100642e-02;3.731373e-02;1.011114e-01;4.235027e-02;7.315937e-02;4.380019e-02;3.863068e-01;1.026232e-01;7.141440e-02;4.511450e-02;2.045532e-02;1.534440e-02
4.041494e-02;1.943175e-02;9.179802e-02;4.457861e-02;5.074588e-02;4.795850e-02;3.915140e-01;1.528955e-01;8.356895e-02;4.551378e-02;1.579174e-02;1.578828e-02
3.030377e-02;2.869444e-02;7.794368e-02;3.181114e-02;4.109126e-02;3.848369e-02;4.623931e-01;1.852488e-01;5.403324e-02;3.067835e-02;9.138892e-03;1.017965e-02
2.171172e-02;4.857180e-02;5.058552e-02;1.728280e-02;2.645350e-02;2.943611e-02;5.733653e-01;1.677492e-01;3.833079e-02;1.211958e-02;7.216585e-03;7.177129e-03
1.862368e-02;6.539194e-02;4.965797e-02;1.063552e-02;2.769161e-02;4.615197e-02;6.323623e-01;8.653428e-02;3.423477e-02;9.096127e-03;7.924394e-03;1.169547e-02
2.222171e-02;5.718124e-02;4.785553e-02;1.546441e-02;6.036571e-02;9.832563e-02;5.771265e-01;6.724674e-02;2.201837e-02;1.035165e-02;8.676713e-03;1.316580e-02
2.379508e-02;2.193651e-02;4.664062e-02;2.260408e-02;8.212464e-02;1.464465e-01;5.031641e-01;8.888574e-02;2.667139e-02;1.459009e-02;9.234286e-03;1.390697e-02
2.464084e-02;1.328068e-02;3.249981e-02;1.235811e-02;7.276278e-02;1.480779e-01;5.888030e-01;6.064671e-02;1.806162e-02;1.594851e-02;3.782017e-03;9.138052e-03
3.018570e-02;1.200459e-02;3.823474e-02;1.153646e-02;8.638924e-02;1.613631e-01;5.693076e-01;4.553061e-02;1.264311e-02;2.091482e-02;3.711224e-03;8.178772e-03
3.806146e-02;1.539846e-02;3.182905e-02;1.344968e-02;1.237902e-01;1.980760e-01;4.826920e-01;4.037927e-02;1.248123e-02;3.086952e-02;6.037851e-03;6.935218e-03
4.869968e-02;1.877196e-02;5.682656e-02;1.816569e-02;1.733673e-01;2.292816e-01;3.489030e-01;3.165188e-02;1.919616e-02;4.059224e-02;8.876373e-03;5.667577e-03
3.513792e-02;2.168378e-02;5.549321e-02;2.997961e-02;2.154878e-01;2.302323e-01;2.950497e-01;3.448579e-02;2.852213e-02;3.022924e-02;1.128151e-02;1.241709e-02
5.568361e-02;4.245184e-02;9.248720e-02;4.872597e-02;2.184818e-01;2.028835e-01;2.064951e-01;4.124444e-02;3.511360e-02;3.018666e-02;1.278232e-02;1.346399e-02
5.136360e-02;4.702266e-02;9.208547e-02;4.208385e-02;1.869338e-01;1.697359e-01;2.983504e-01;3.208533e-02;3.138538e-02;2.492423e-02;1.368756e-02;1.034177e-02
4.080949e-02;3.843572e-02;1.070884e-01;3.439679e-02;2.449774e-01;2.076188e-01;2.353911e-01;2.170671e-02;2.526838e-02;1.987081e-02;1.245847e-02;1.197801e-02
1.753095e-02;2.187260e-02;1.360846e-01;3.115475e-02;3.065260e-01;2.171300e-01;1.952331e-01;1.773681e-02;1.990800e-02;1.622898e-02;7.434662e-03;1.315958e-02
1.260413e-02;1.354358e-02;1.165677e-01;5.700561e-02;3.692365e-01;1.665685e-01;1.912441e-01;2.087869e-02;1.836260e-02;1.175020e-02;7.140181e-03;1.509824e-02
1.622785e-02;1.253842e-02;1.198125e-01;6.968965e-02;4.346069e-01;1.535077e-01;7.739577e-02;2.418240e-02;1.789485e-02;1.208683e-02;1.226512e-02;4.979204e-02
2.142574e-02;1.264845e-02;1.139396e-01;8.240949e-02;3.473712e-01;1.153000e-01;1.849078e-01;1.769780e-02;1.796623e-02;1.293057e-02;8.888232e-03;6.451490e-02
1.947762e-02;2.027833e-02;1.897713e-01;1.136459e-01;2.625280e-01;8.192948e-02;1.843749e-01;2.359714e-02;1.589041e-02;2.010933e-02;7.745603e-03;6.065201e-02
2.359017e-02;2.998641e-02;2.395405e-01;1.396681e-01;1.945885e-01;7.164717e-02;1.557476e-01;2.674595e-02;2.280626e-02;2.358534e-02;1.569178e-02;5.640221e-02
2.012840e-02;2.463629e-02;2.525867e-01;1.183830e-01;2.174107e-01;8.235978e-02;1.240323e-01;2.212319e-02;2.589484e-02;1.914389e-02;1.901867e-02;7.428238e-02
1.546813e-02;2.511558e-02;2.821607e-01;1.261399e-01;2.527930e-01;8.974157e-02;4.953889e-02;2.469931e-02;2.455594e-02;1.710449e-02;2.573535e-02;6.694718e-02
1.398794e-02;1.933261e-02;3.026191e-01;1.327248e-01;2.221591e-01;7.677966e-02;1.238636e-01;2.180499e-02;1.289470e-02;1.374703e-02;3.887508e-02;2.121137e-02
1.866321e-02;1.219703e-02;3.763591e-01;1.489883e-01;1.824028e-01;5.330111e-02;8.032311e-02;2.438416e-02;1.711354e-02;1.049318e-02;4.625347e-02;2.952107e-02
2.044312e-02;1.338129e-02;4.912675e-01;1.540931e-01;1.394682e-01;3.132490e-02;1.668512e-02;1.534693e-02;1.656581e-02;1.763676e-02;5.218050e-02;3.160676e-02
1.372085e-02;2.631486e-02;5.385597e-01;1.115438e-01;1.159778e-01;2.741984e-02;3.207138e-02;1.368851e-02;1.464128e-02;3.130396e-02;4.765750e-02;2.710059e-02
2.333742e-02;4.791622e-02;5.270292e-01;6.917102e-02;1.188493e-01;4.367810e-02;2.214176e-02;1.778323e-02;2.248174e-02;4.616246e-02;3.631185e-02;2.513769e-02
3.149457e-02;8.986483e-02;4.824203e-01;4.817834e-02;1.083915e-01;5.417207e-02;7.009371e-02;1.894483e-02;1.721175e-02;3.474226e-02;2.610372e-02;1.838201e-02
7.107589e-02;1.307447e-01;4.981562e-01;4.241673e-02;9.236342e-02;3.952310e-02;4.007119e-02;1.206437e-02;2.443705e-02;1.390545e-02;1.800075e-02;1.724112e-02
1.607438e-01;1.750205e-01;4.076870e-01;2.202295e-02;7.613619e-02;3.269048e-02;3.971703e-02;1.108634e-02;3.171209e-02;8.990390e-03;1.225292e-02;2.194028e-02
2.811970e-01;1.721912e-01;2.845192e-01;1.777992e-02;6.472906e-02;2.102199e-02;3.708664e-02;2.806831e-02;3.281869e-02;8.950508e-03;1.357808e-02;3.805942e-02
2.742000e-01;1.025408e-01;2.764404e-01;5.153912e-02;5.815218e-02;1.943830e-02;6.334367e-02;3.810673e-02;1.976928e-02;1.210719e-02;3.020586e-02;5.415649e-02
1.626109e-01;5.582256e-02;2.336522e-01;7.343340e-02;7.551466e-02;3.402722e-02;1.287457e-01;3.692971e-02;1.945737e-02;2.570741e-02;7.184128e-02;8.225761e-02
8.431987e-02;4.892090e-02;2.074566e-01;5.099968e-02;6.711479e-02;8.176273e-02;1.512291e-01;2.697134e-02;2.806229e-02;4.963089e-02;1.209589e-01;8.257297e-02
7.540628e-02;6.125972e-02;1.608094e-01;3.162621e-02;8.123254e-02;1.162860e-01;1.182793e-01;2.283797e-02;3.410126e-02;8.057792e-02;1.478065e-01;6.977701e-02
8.499229e-02;7.902675e-02;1.801714e-01;5.710994e-02;1.107500e-01;9.525959e-02;4.578399e-02;2.979183e-02;2.406621e-02;1.294030e-01;1.197150e-01;4.393013e-02
8.383354e-02;6.546667e-02;1.718784e-01;9.961006e-02;1.185611e-01;6.028048e-02;3.541800e-02;3.905637e-02;5.210074e-02;1.588598e-01;8.509399e-02;2.984080e-02
6.373230e-02;3.555961e-02;1.572645e-01;1.770782e-01;1.081883e-01;3.347996e-02;4.744657e-02;5.414809e-02;8.691622e-02;1.534526e-01;5.775396e-02;2.497977e-02
5.889753e-02;2.089298e-02;2.091651e-01;2.037763e-01;7.952460e-02;2.136416e-02;1.033973e-01;6.196307e-02;8.434684e-02;1.068317e-01;3.450137e-02;1.533907e-02
3.882986e-02;1.717699e-02;2.580967e-01;1.926401e-01;6.788944e-02;2.797854e-02;1.303994e-01;6.796127e-02;8.138037e-02;7.489774e-02;3.118428e-02;1.156522e-02
2.614417e-02;1.986022e-02;2.735895e-01;1.328810e-01;5.652260e-02;4.499255e-02;2.097793e-01;6.041843e-02;7.802481e-02;4.880774e-02;3.080780e-02;1.817182e-02
3.106208e-02;2.235791e-02;2.481294e-01;6.763515e-02;3.665443e-02;4.850453e-02;2.458409e-01;7.044330e-02;8.249251e-02;8.378507e-02;3.581386e-02;2.728082e-02
4.458306e-02;2.252717e-02;2.126108e-01;4.563664e-02;3.468155e-02;3.613049e-02;2.846715e-01;9.284228e-02;9.008190e-02;8.281251e-02;2.469033e-02;2.873184e-02
2.856857e-02;2.816481e-02;1.980865e-01;2.434015e-02;3.582231e-02;2.774167e-02;3.700595e-01;9.882718e-02;7.245795e-02;6.082649e-02;3.076097e-02;2.434382e-02
1.848172e-02;3.440792e-02;2.087059e-01;4.017232e-02;3.912506e-02;2.552685e-02;3.818139e-01;7.802706e-02;6.053516e-02;6.489544e-02;2.987841e-02;1.843013e-02
2.010167e-02;4.644331e-02;1.890515e-01;3.527840e-02;3.868728e-02;2.539540e-02;3.953530e-01;7.750398e-02;5.825297e-02;6.165775e-02;2.845065e-02;2.382404e-02
2.174399e-02;3.323447e-02;2.024633e-01;4.114240e-02;3.519018e-02;2.900866e-02;3.942399e-01;6.199580e-02;6.048910e-02;6.087237e-02;3.413953e-02;2.548027e-02
1.653006e-02;3.216061e-02;1.818758e-01;5.999447e-02;3.536470e-02;1.952138e-02;3.945402e-01;6.764687e-02;5.971827e-02;7.099537e-02;3.970341e-02;2.194882e-02
2.863416e-02;5.041067e-02;1.369550e-01;5.810618e-02;4.363108e-02;3.476001e-02;3.837559e-01;7.911408e-02;5.584507e-02;8.203137e-02;3.420715e-02;1.254930e-02
4.752009e-02;4.741951e-02;1.565782e-01;2.050902e-02;4.240862e-02;4.177225e-02;3.839789e-01;6.812561e-02;6.081150e-02;8.795056e-02;3.012888e-02;1.279683e-02
3.789044e-02;4.148102e-02;1.798631e-01;4.035274e-02;4.814530e-02;3.440396e-02;3.536490e-01;5.420262e-02;7.280270e-02;8.997374e-02;4.024668e-02;6.988752e-03
5.778728e-02;4.014002e-02;1.454415e-01;4.027141e-02;5.344705e-02;4.638994e-02;3.318126e-01;5.721427e-02;8.147407e-02;9.039753e-02;4.357810e-02;1.204615e-02
8.102307e-02;4.584485e-02;1.580427e-01;2.852731e-02;4.197209e-02;4.135532e-02;2.980750e-01;7.488372e-02;7.933447e-02;9.283443e-02;3.553432e-02;2.257271e-02
8.944254e-02;3.747672e-02;1.397972e-01;2.883344e-02;3.449233e-02;4.177974e-02;3.187423e-01;9.758488e-02;7.149968e-02;8.458241e-02;2.960931e-02;2.615943e-02
8.237587e-02;5.781690e-02;1.665985e-01;3.249965e-02;3.436502e-02;3.874389e-02;3.060051e-01;9.848094e-02;5.223810e-02;7.102593e-02;3.033356e-02;2.951651e-02
6.783325e-02;3.773692e-02;2.109672e-01;4.644066e-02;4.997304e-02;6.215533e-02;2.291062e-01;9.256240e-02;6.229808e-02;7.132722e-02;3.571301e-02;3.388677e-02
8.508722e-02;4.075019e-02;1.575273e-01;5.830383e-02;5.627416e-02;5.903971e-02;2.222756e-01;9.664521e-02;8.096743e-02;7.830441e-02;3.914136e-02;2.568354e-02
8.428129e-02;5.131911e-02;1.430358e-01;5.876526e-02;5.392336e-02;5.512431e-02;2.207146e-01;9.398769e-02;7.859820e-02;7.316435e-02;5.471329e-02;3.237277e-02
