3.684861e-02;1.812828e-01;1.399827e-01;4.473970e-02;5.968340e-02;1.105110e-01;1.001844e-01;1.284100e-01;7.252254e-02;4.321121e-02;1.449084e-02;6.813277e-02
1.814175e-02;1.178532e-01;1.239106e-01;5.595811e-02;7.286688e-02;1.799595e-01;1.159259e-01;1.511328e-01;7.527863e-02;4.036235e-02;2.109245e-02;2.751784e-02
1.750134e-02;7.089610e-02;1.097222e-01;6.761557e-02;9.119837e-02;1.970094e-01;1.051342e-01;1.545354e-01;1.001030e-01;4.096989e-02;2.031973e-02;2.499477e-02
2.285951e-02;8.744757e-02;1.217171e-01;6.876551e-02;9.646767e-02;1.956446e-01;9.631699e-02;1.421614e-01;9.433183e-02;3.481121e-02;1.383397e-02;2.564266e-02
3.737326e-02;1.730736e-01;1.379399e-01;5.542902e-02;8.397024e-02;1.691421e-01;8.092428e-02;1.193938e-01;7.255380e-02;2.757154e-02;1.693183e-02;2.569664e-02
5.697109e-02;3.065444e-01;1.765514e-01;3.381139e-02;5.307487e-02;1.116946e-01;5.142638e-02;7.413408e-02;6.208603e-02;2.474936e-02;2.634010e-02;2.261621e-02
5.768052e-02;3.922657e-01;2.248390e-01;1.351472e-02;2.355041e-02;7.804168e-02;3.231014e-02;3.175263e-02;8.548579e-02;2.442090e-02;1.806402e-02;1.807451e-02
3.967230e-02;3.708026e-01;2.755338e-01;2.112063e-02;2.299614e-02;7.553915e-02;3.939655e-02;3.750243e-02;7.491047e-02;1.495147e-02;9.215318e-03;1.835918e-02
2.964562e-02;3.475294e-01;3.146065e-01;3.033327e-02;2.471874e-02;7.999863e-02;3.521907e-02;2.708797e-02;5.530730e-02;2.047531e-02;8.506604e-03;2.657155e-02
2.792608e-02;2.967558e-01;3.989621e-01;2.972172e-02;2.459404e-02;6.094964e-02;2.782388e-02;3.253201e-02;3.348235e-02;3.626201e-02;5.315220e-03;2.567518e-02
2.483142e-02;2.400417e-01;4.831680e-01;1.344394e-02;2.216611e-02;3.264248e-02;5.893566e-02;2.740343e-02;2.338634e-02;5.096292e-02;8.243533e-03;1.477438e-02
2.572950e-02;2.362644e-01;4.871382e-01;3.455581e-02;1.832727e-02;1.827862e-02;7.818288e-02;1.898581e-02;2.044129e-02;3.850523e-02;1.318760e-02;1.040340e-02
2.106151e-02;1.943100e-01;4.487470e-01;8.349848e-02;2.879344e-02;4.445406e-02;6.335404e-02;3.817881e-02;2.527979e-02;1.608210e-02;2.650335e-02;9.737456e-03
1.971820e-02;1.575862e-01;3.402575e-01;1.580793e-01;5.965774e-02;8.845504e-02;3.099786e-02;7.311211e-02;2.137644e-02;8.484913e-03;3.105820e-02;1.121650e-02
2.935345e-02;2.139477e-01;8.456185e-02;2.031226e-01;1.219266e-01;1.646127e-01;2.091336e-02;8.237345e-02;2.056697e-02;2.252154e-02;1.829724e-02;1.780246e-02
2.314087e-02;1.630052e-01;2.604899e-01;1.042301e-01;1.393868e-01;1.894899e-01;1.254487e-02;3.376920e-02;2.000760e-02;1.200580e-02;1.527125e-02;2.665841e-02
1.992836e-02;1.338075e-01;2.645109e-01;4.654523e-02;1.565892e-01;2.511898e-01;1.439755e-02;1.758513e-02;3.241530e-02;1.022905e-02;1.485228e-02;3.794974e-02
2.089529e-02;1.351543e-01;1.533944e-01;5.616961e-02;1.563736e-01;3.391932e-01;1.179784e-02;3.052970e-02;4.326826e-02;7.989860e-03;9.891913e-03;3.534207e-02
2.057481e-02;1.020058e-01;1.543738e-01;5.462036e-02;1.126220e-01;4.485389e-01;2.033707e-02;1.809502e-02;3.277270e-02;5.795334e-03;7.357250e-03;2.290690e-02
1.672217e-02;6.606455e-02;1.372131e-01;6.061058e-02;1.189564e-01;5.121253e-01;2.248703e-02;2.599909e-02;1.626178e-02;5.612503e-03;4.485295e-03;1.346227e-02
1.776367e-02;6.935930e-02;9.305719e-02;3.856867e-02;9.562548e-02;5.856820e-01;2.582035e-02;3.790897e-02;1.414051e-02;7.709237e-03;8.919094e-03;5.445524e-03
2.474632e-02;5.982149e-02;1.013118e-01;1.814945e-02;4.937039e-02;6.559253e-01;2.123860e-02;2.621006e-02;1.679836e-02;1.335834e-02;5.645548e-03;7.424379e-03
2.141488e-02;5.257406e-02;1.334679e-01;3.480020e-02;5.778785e-02;5.945248e-01;1.775020e-02;4.315261e-02;1.733692e-02;8.999914e-03;6.778375e-03;1.141225e-02
1.992241e-02;8.679080e-02;1.775687e-01;3.905621e-02;4.722904e-02;5.120935e-01;2.637862e-02;5.424226e-02;1.293665e-02;7.068028e-03;2.724249e-03;1.398950e-02
1.939779e-02;1.086853e-01;1.915955e-01;2.235646e-02;3.544033e-02;4.836669e-01;3.067540e-02;6.372425e-02;1.268923e-02;5.831663e-03;1.179737e-02;1.413982e-02
2.412806e-02;1.094652e-01;2.009056e-01;1.431079e-02;3.996367e-02;4.509515e-01;3.466831e-02;7.200031e-02;1.956395e-02;6.855757e-03;1.974972e-02;7.437065e-03
2.642520e-02;1.436535e-01;2.128792e-01;1.080197e-02;2.614556e-02;4.067781e-01;2.824463e-02;8.160801e-02;3.136731e-02;6.264724e-03;1.577550e-02;1.005621e-02
2.164674e-02;1.432959e-01;2.186808e-01;1.708658e-02;3.303171e-02;4.181091e-01;2.097677e-02;5.910961e-02;3.592605e-02;1.099673e-02;7.633147e-03;1.350689e-02
2.053044e-02;1.127446e-01;2.492588e-01;2.861700e-02;3.739852e-02;4.438294e-01;1.034899e-02;3.042034e-02;3.117865e-02;9.495313e-03;1.166096e-02;1.451695e-02
2.146080e-02;1.149852e-01;1.929596e-01;4.606890e-02;2.910251e-02;4.290072e-01;2.330177e-02;6.580177e-02;3.109393e-02;1.267879e-02;1.157503e-02;2.196452e-02
1.909294e-02;1.113152e-01;1.872530e-01;4.372644e-02;3.816840e-02;3.322910e-01;8.264495e-02;5.989836e-02;4.544554e-02;3.108475e-02;1.896751e-02;3.011187e-02
1.154546e-02;1.270491e-01;2.389251e-01;5.229151e-02;7.040353e-02;1.801469e-01;1.352237e-01;5.206481e-02;5.461467e-02;3.099559e-02;1.925059e-02;2.748901e-02
2.740769e-02;1.287378e-01;1.935072e-01;9.586461e-02;7.142181e-02;1.768932e-01;1.258241e-01;8.547987e-02;3.325165e-02;2.855983e-02;1.969198e-02;1.336026e-02
3.053286e-02;1.317470e-01;1.642193e-01;1.270694e-01;6.670242e-02;2.236904e-01;7.549183e-02;1.088012e-01;1.976120e-02;2.673636e-02;1.730555e-02;7.942520e-03
3.716047e-02;1.044302e-01;1.027340e-01;1.577203e-01;8.890089e-02;2.590025e-01;6.279618e-02;1.023033e-01;3.214861e-02;2.228094e-02;1.206238e-02;1.846030e-02
3.440547e-02;9.620067e-02;1.311752e-01;1.562136e-01;6.913972e-02;2.097046e-01;4.052446e-02;9.623681e-02;4.821163e-02;5.730790e-02;3.246569e-02;2.841412e-02
1.931374e-02;1.169797e-01;1.591720e-01;9.484372e-02;2.217706e-02;2.082135e-01;5.258897e-02;1.006724e-01;1.101562e-01;7.404744e-02;2.425814e-02;1.757710e-02
1.762225e-02;1.492871e-01;1.447357e-01;4.566361e-02;2.316219e-02;1.894763e-01;4.198112e-02;9.576721e-02;1.887575e-01;6.454350e-02;2.680473e-02;1.219876e-02
6.102115e-02;1.443126e-01;8.327007e-02;1.375031e-02;7.209504e-02;1.294266e-01;2.431513e-02;1.260515e-01;2.188538e-01;3.733378e-02;8.042918e-02;9.140838e-03
1.110243e-01;7.701418e-02;6.937066e-02;2.233316e-02;1.071182e-01;6.192001e-02;4.168499e-02;1.861158e-01;1.175378e-01;5.644032e-02;1.272967e-01;2.214381e-02
1.180379e-01;4.587571e-02;5.560858e-02;6.052599e-02;9.101176e-02;6.864326e-02;6.301750e-02;2.006843e-01;4.587971e-02;8.225562e-02;1.141053e-01;5.435436e-02
9.236218e-02;3.625285e-02;4.236846e-02;1.035886e-01;3.948240e-02;9.618620e-02;1.134318e-01;1.645804e-01;4.721787e-02;1.189851e-01;4.926818e-02;9.627593e-02
5.421241e-02;2.904956e-02;4.809805e-02;1.258723e-01;2.662899e-02;1.003560e-01;1.776153e-01;9.864735e-02;4.122011e-02;1.191909e-01;3.323155e-02;1.458775e-01
3.725817e-02;5.169110e-02;4.996075e-02;1.197768e-01;1.618369e-02;9.045140e-02;2.341042e-01;7.521252e-02;3.203222e-02;1.025912e-01;3.185423e-02;1.588837e-01
3.814054e-02;6.587271e-02;5.330586e-02;1.088543e-01;1.477607e-02;9.513331e-02;2.742195e-01;6.217820e-02;3.362423e-02;9.799185e-02;3.077035e-02;1.251330e-01
4.133766e-02;5.095136e-02;7.302500e-02;1.036530e-01;3.051922e-02;1.652583e-01;2.724560e-01;5.500647e-02;3.487743e-02;9.589977e-02;1.230406e-02;6.471185e-02
3.858970e-02;6.504165e-02;9.151388e-02;8.563933e-02;5.568763e-02;2.073063e-01;1.911064e-01;8.143549e-02;5.248097e-02;7.652945e-02;1.712225e-02;3.754691e-02
4.841727e-02;1.274397e-01;1.180333e-01;8.292191e-02;7.371294e-02;1.824415e-01;8.867817e-02;8.268640e-02;6.156413e-02;5.263934e-02;2.314654e-02;5.831882e-02
4.632792e-02;9.322914e-02;8.123798e-02;8.998895e-02;5.584488e-02;1.126830e-01;2.527734e-01;6.664643e-02;5.221896e-02;6.541629e-02;2.162906e-02;6.200404e-02
4.532883e-02;8.858727e-02;7.247417e-02;7.467635e-02;3.628916e-02;1.360721e-01;3.017468e-01;7.335099e-02;3.699598e-02;5.574943e-02;1.957232e-02;5.915656e-02
4.475344e-02;7.900596e-02;1.083587e-01;6.274574e-02;3.636463e-02;1.099598e-01;3.082198e-01;7.059990e-02;3.914569e-02;4.175074e-02;2.418330e-02;7.491235e-02
3.896663e-02;5.924522e-02;1.262486e-01;6.531518e-02;2.845092e-02;6.502674e-02;3.505048e-01;7.585260e-02;4.666412e-02;3.593003e-02;2.550965e-02;8.228555e-02
4.871301e-02;9.293016e-02;8.978583e-02;5.325749e-02;2.201128e-02;9.815717e-02;3.130984e-01;8.662057e-02;5.013397e-02;5.463231e-02;2.059708e-02;7.006272e-02
6.396104e-02;8.590707e-02;5.042967e-02;3.835412e-02;2.209903e-02;1.379394e-01;2.855915e-01;5.621940e-02;6.228947e-02;8.537605e-02;4.034245e-02;7.149082e-02
5.595029e-02;7.056599e-02;5.538323e-02;3.690936e-02;2.475115e-02;1.477651e-01;2.561185e-01;1.267669e-01;4.633466e-02;7.306158e-02;4.469728e-02;6.169597e-02
4.716693e-02;1.159202e-01;7.623503e-02;4.375188e-02;2.253540e-02;1.458457e-01;2.267067e-01;1.407196e-01;3.631542e-02;4.809423e-02;3.783448e-02;5.887455e-02
5.454272e-02;1.252002e-01;6.335894e-02;4.381592e-02;2.546044e-02;1.968564e-01;1.487524e-01;1.300658e-01;4.278288e-02;5.858932e-02;3.373238e-02;7.684267e-02
6.647832e-02;1.485361e-01;8.189261e-02;5.506115e-02;3.829496e-02;2.200320e-01;3.526201e-02;1.331850e-01;4.814245e-02;5.647742e-02;2.975187e-02;8.688607e-02
8.948658e-02;1.804958e-01;9.320416e-02;5.652225e-02;2.572812e-02;1.878619e-01;5.673833e-02;1.045028e-01;4.786244e-02;4.783683e-02;3.626034e-02;7.350046e-02
8.855123e-02;1.737671e-01;1.454680e-01;7.245126e-02;4.196769e-02;1.507573e-01;3.209427e-02;9.223340e-02;5.320948e-02;5.178545e-02;3.750395e-02;6.021076e-02
6.140479e-02;1.475567e-01;1.379748e-01;7.692056e-02;4.871295e-02;1.175820e-01;8.702236e-02;9.508119e-02;7.928775e-02;5.779975e-02;3.974497e-02;5.091214e-02
4.555153e-02;1.166639e-01;1.307287e-01;5.598190e-02;3.193345e-02;1.580776e-01;1.232087e-01;1.002093e-01;9.107785e-02;5.947146e-02;3.436050e-02;5.273501e-02
4.552785e-02;8.273404e-02;1.373876e-01;6.870346e-02;3.461816e-02;1.659331e-01;1.305445e-01;5.597624e-02;9.043827e-02;8.111133e-02;3.642482e-02;7.060059e-02
3.797193e-02;1.200748e-01;1.122591e-01;7.414822e-02;5.384303e-02;1.436334e-01;1.026275e-01;1.186550e-01;6.799342e-02;6.085217e-02;4.871310e-02;5.922838e-02
5.158621e-02;1.413900e-01;1.046386e-01;6.127954e-02;8.615577e-02;1.482458e-01;1.239497e-01;1.327282e-01;4.913956e-02;2.691765e-02;3.650497e-02;3.746394e-02
5.048149e-02;1.719695e-01;1.263248e-01;5.669079e-02;6.253715e-02;1.220292e-01;1.240399e-01;1.413700e-01;5.964791e-02;2.770745e-02;1.941222e-02;3.778959e-02
5.239470e-02;1.919098e-01;1.148381e-01;5.042828e-02;3.922573e-02;1.266534e-01;1.460070e-01;1.395604e-01;4.943934e-02;3.180955e-02;1.637282e-02;4.136077e-02
4.365410e-02;1.449118e-01;1.132970e-01;2.785620e-02;3.532858e-02;1.643847e-01;1.763908e-01;1.302676e-01;4.366507e-02;3.659136e-02;1.740347e-02;6.624928e-02
2.535706e-02;6.180661e-02;6.277429e-02;1.710678e-02;4.606901e-02;2.296656e-01;1.842318e-01;1.492881e-01;7.982198e-02;4.335276e-02;2.132347e-02;7.920260e-02
2.233547e-02;4.005653e-02;5.769040e-02;1.978791e-02;3.194242e-02;2.497946e-01;1.683138e-01;1.204622e-01;1.189559e-01;6.470953e-02;3.600452e-02;6.994685e-02
3.842616e-02;5.594020e-02;4.933054e-02;2.773556e-02;1.925885e-02;2.565679e-01;1.298711e-01;7.358108e-02;1.454699e-01;9.389988e-02;4.791565e-02;6.200322e-02
4.538636e-02;4.319419e-02;4.484550e-02;2.672564e-02;1.291617e-02;2.976053e-01;7.758771e-02;8.630602e-02;1.509950e-01;8.997308e-02;5.741377e-02;6.705134e-02
3.722567e-02;3.508182e-02;5.077005e-02;2.104280e-02;2.859817e-02;2.931014e-01;1.009992e-01;1.045758e-01;1.228610e-01;7.725137e-02;5.762776e-02;7.086498e-02
3.426808e-02;7.382837e-02;4.402550e-02;3.198461e-02;4.230807e-02;2.083998e-01;6.507829e-02;1.270941e-01;1.547904e-01;8.635257e-02;5.638437e-02;7.548578e-02
3.975997e-02;8.462308e-02;6.780397e-02;4.508629e-02;6.282866e-02;1.364246e-01;7.673550e-02;1.293519e-01;1.914695e-01;6.158997e-02;3.564168e-02;6.868494e-02
3.925633e-02;9.544215e-02;7.638308e-02;3.773324e-02;5.237243e-02;1.707299e-01;6.649899e-02;1.684812e-01;1.686772e-01;3.974272e-02;4.018958e-02;4.449318e-02
4.403686e-02;1.133927e-01;9.487011e-02;3.313331e-02;3.444579e-02;1.567208e-01;8.478472e-02;1.750372e-01;1.319472e-01;3.608649e-02;4.291139e-02;5.263342e-02
4.544799e-02;8.064237e-02;7.855995e-02;2.457563e-02;2.320733e-02;1.986387e-01;1.227405e-01;1.400784e-01;1.031999e-01;4.240428e-02;4.552368e-02;9.498127e-02
3.926886e-02;1.178399e-01;1.086499e-01;3.740706e-02;2.751198e-02;2.008083e-01;9.811347e-02;9.477082e-02;9.257597e-02;4.677624e-02;4.857767e-02;8.769979e-02
4.970844e-02;1.434949e-01;1.134174e-01;5.298651e-02;4.373221e-02;1.064227e-01;6.858673e-02;1.136926e-01;1.508317e-01;6.311028e-02;4.794833e-02;4.606821e-02
4.770869e-02;1.175709e-01;9.898701e-02;4.426019e-02;2.295247e-02;1.709497e-01;6.595518e-02;7.825555e-02;1.680731e-01;6.649837e-02;5.254678e-02;6.624202e-02
3.870749e-02;8.709420e-02;6.366025e-02;3.655159e-02;3.541008e-02;2.570997e-01;5.973899e-02;1.150304e-01;1.239885e-01;5.054885e-02;5.923999e-02;7.293002e-02
5.393934e-02;1.274279e-01;1.410387e-01;2.779655e-02;3.092569e-02;2.356907e-01;6.146653e-02;9.004323e-02;6.507830e-02;4.902007e-02;5.400151e-02;6.357156e-02
5.545317e-02;1.500648e-01;1.323851e-01;2.286539e-02;2.642134e-02;2.047915e-01;8.423166e-02;8.618344e-02;8.729373e-02;4.513669e-02;5.610728e-02;4.906594e-02
3.819641e-02;1.032223e-01;1.021364e-01;3.168809e-02;5.192666e-02;1.835119e-01;1.470249e-01;9.182030e-02;8.892521e-02;4.843865e-02;6.150191e-02;5.160722e-02
3.110843e-02;9.532451e-02;1.251640e-01;5.839145e-02;5.882283e-02;1.058986e-01;1.694947e-01;1.217481e-01;8.855540e-02;4.104941e-02;5.462363e-02;4.981890e-02
4.122813e-02;1.380303e-01;1.441081e-01;6.688864e-02;6.513755e-02;1.003928e-01;9.169862e-02;1.291854e-01;1.110222e-01;4.576011e-02;2.699166e-02;3.955634e-02
3.802470e-02;9.326604e-02;8.535580e-02;7.742369e-02;1.074768e-01;1.392180e-01;3.579624e-02;1.507962e-01;1.675382e-01;5.368850e-02;1.936665e-02;3.204915e-02
3.302575e-02;5.866505e-02;6.260479e-02;9.128188e-02;1.058870e-01;1.382142e-01;4.604132e-02;1.824830e-01;1.678728e-01;5.374141e-02;2.989903e-02;3.028388e-02
4.291132e-02;9.540612e-02;1.016425e-01;7.330085e-02;9.680331e-02;1.441779e-01;3.076771e-02;1.851370e-01;1.028124e-01;5.779229e-02;4.077066e-02;2.847789e-02
4.683718e-02;8.022766e-02;1.076994e-01;7.099136e-02;1.127948e-01;1.393409e-01;8.194894e-02;5.525095e-02;1.688193e-01;7.422645e-02;2.957007e-02;3.229294e-02
3.394495e-02;4.483457e-02;8.628675e-02;1.100547e-01;9.556070e-02;7.481071e-02;9.892382e-02;1.477701e-01;1.902710e-01;6.016367e-02;3.134442e-02;2.603455e-02
2.689944e-02;3.325335e-02;6.292444e-02;1.326368e-01;6.473696e-02;5.182977e-02;8.956198e-02;2.028864e-01;2.340998e-01;5.752517e-02;2.339532e-02;2.025059e-02
1.595653e-02;3.549687e-02;6.700499e-02;1.431283e-01;4.084785e-02;3.658797e-02;6.299262e-02;2.270058e-01;2.575786e-01;7.895481e-02;1.848604e-02;1.595961e-02
1.799066e-02;3.568659e-02;7.196327e-02;1.395202e-01;4.719778e-02;3.175969e-02;4.097379e-02;2.522336e-01;2.623529e-01;6.849707e-02;1.638596e-02;1.543857e-02
2.324313e-02;4.014087e-02;7.295498e-02;1.236482e-01;5.261619e-02;2.428730e-02;4.369148e-02;2.655599e-01;2.722054e-01;5.187334e-02;1.496256e-02;1.481676e-02
2.396402e-02;3.071892e-02;6.353872e-02;1.018198e-01;5.704124e-02;2.305750e-02;6.504659e-02;2.618255e-01;3.061710e-01;3.940229e-02;1.269546e-02;1.471881e-02
2.000291e-02;1.399163e-02;4.200316e-02;6.905072e-02;4.919939e-02;3.541685e-02;6.243546e-02;2.868275e-01;3.536906e-01;3.613883e-02;1.427696e-02;1.696607e-02
1.520177e-02;2.125088e-02;4.464354e-02;6.748766e-02;3.160381e-02;2.406068e-02;5.131111e-02;3.146945e-01;3.625355e-01;3.769033e-02;1.241904e-02;1.710127e-02
1.296373e-02;1.708115e-02;4.705571e-02;8.674145e-02;4.783914e-02;3.592169e-02;4.675833e-02;2.892781e-01;3.426537e-01;4.715629e-02;8.693714e-03;1.785703e-02
1.320217e-02;1.533022e-02;4.161687e-02;9.191988e-02;7.436299e-02;3.646691e-02;3.801037e-02;2.308192e-01;3.325701e-01;9.558813e-02;7.316165e-03;2.279705e-02
1.164993e-02;3.213346e-02;5.164625e-02;6.564531e-02;8.336451e-02;6.567851e-02;2.984388e-02;1.770585e-01;2.989512e-01;1.395101e-01;1.431590e-02;3.020241e-02
1.053176e-02;4.668571e-02;6.920790e-02;2.526001e-02;8.093064e-02;5.183669e-02;2.883109e-02;1.884959e-01;2.800304e-01;1.679067e-01;1.749676e-02;3.278637e-02
1.402413e-02;5.235798e-02;6.689502e-02;2.537414e-02;7.127899e-02;6.489964e-02;3.703082e-02;1.905036e-01;2.491229e-01;1.913218e-01;1.206228e-02;2.512868e-02
2.047133e-02;6.120555e-02;5.635997e-02;1.474111e-02;6.957301e-02;4.546548e-02;3.475463e-02;1.780081e-01;3.004647e-01;1.878157e-01;1.315056e-02;1.798987e-02
1.637471e-02;2.805544e-02;3.953506e-02;3.249896e-02;8.028724e-02;3.855824e-02;2.439126e-02;1.768496e-01;3.584425e-01;1.700266e-01;1.770435e-02;1.727599e-02
1.170959e-02;2.982238e-02;3.038057e-02;3.272289e-02;9.115539e-02;4.964913e-02;1.233840e-02;1.733939e-01;3.729165e-01;1.595447e-01;2.068584e-02;1.568066e-02
1.221539e-02;3.507149e-02;2.168599e-02;2.903010e-02;9.810931e-02;6.428678e-02;1.117970e-02;2.066527e-01;3.694041e-01;1.256228e-01;1.662198e-02;1.011963e-02
1.732442e-02;4.848604e-02;2.322909e-02;4.790559e-02;8.441868e-02;8.315587e-02;4.670584e-02;2.199502e-01;3.200965e-01;6.666354e-02;2.928052e-02;1.278375e-02
1.677284e-02;5.098646e-02;4.996536e-02;5.853819e-02;2.950731e-02;1.176102e-01;5.349742e-02;1.963335e-01;2.964571e-01;7.450453e-02;3.752643e-02;1.830066e-02
1.710050e-02;4.183911e-02;4.831995e-02;5.607378e-02;3.231516e-02;1.414100e-01;4.411140e-02;1.662935e-01;3.150796e-01;6.742505e-02;4.658508e-02;2.344687e-02
1.571488e-02;4.081521e-02;4.582761e-02;5.232999e-02;2.425462e-02;1.812494e-01;5.832181e-02;1.485120e-01;3.115156e-01;5.055069e-02;4.425279e-02;2.665536e-02
2.206717e-02;4.935084e-02;6.121476e-02;4.860695e-02;5.265117e-02;1.649579e-01;4.645241e-02;1.818098e-01;2.757879e-01;4.309937e-02;3.267403e-02;2.132765e-02
1.298748e-02;3.042142e-02;6.980127e-02;3.493094e-02;5.406230e-02;1.305310e-01;5.544808e-02;2.127444e-01;2.934767e-01;6.303938e-02;2.775934e-02;1.479773e-02
1.119309e-02;4.615127e-02;6.615948e-02;5.881697e-02;6.343175e-02;1.046934e-01;5.383535e-02;1.993752e-01;2.835293e-01;5.749101e-02;2.984137e-02;2.548184e-02
2.129909e-02;6.434239e-02;7.180062e-02;6.692428e-02;6.304347e-02;9.820426e-02;3.754492e-02;1.828829e-01;2.822510e-01;5.103631e-02;2.546053e-02;3.521023e-02
3.149609e-02;8.827709e-02;9.640322e-02;5.141062e-02;3.851577e-02;9.669821e-02;2.691660e-02;1.875108e-01;2.731014e-01;5.534887e-02;2.423644e-02;3.008481e-02
3.438973e-02;6.361265e-02;8.788073e-02;4.267222e-02;1.980026e-02;1.065231e-01;3.019432e-02;2.097538e-01;2.846040e-01;6.275599e-02;2.689674e-02;3.091640e-02
2.663802e-02;3.220345e-02;5.242061e-02;5.287437e-02;3.825461e-02;8.016429e-02;3.055766e-02;2.594395e-01;3.047319e-01;6.440087e-02;3.882542e-02;1.948934e-02
1.942533e-02;3.175772e-02;5.405224e-02;6.119223e-02;4.563067e-02;7.668705e-02;2.303373e-02;2.353592e-01;3.335758e-01;5.708883e-02;3.739170e-02;2.480546e-02
2.049031e-02;3.518462e-02;7.052837e-02;5.988429e-02;5.062784e-02;6.572468e-02;2.851315e-02;2.172460e-01;3.328942e-01;5.109211e-02;3.482813e-02;3.298624e-02
2.585012e-02;7.957891e-02;9.247225e-02;3.688417e-02;5.507016e-02;6.724602e-02;2.269630e-02;2.321882e-01;2.990610e-01;4.077505e-02;2.121769e-02;2.696007e-02
1.626744e-02;7.127917e-02;9.092929e-02;2.598678e-02;6.417807e-02;8.165164e-02;2.073451e-02;2.223126e-01;3.073948e-01;5.261398e-02;2.425004e-02;2.240162e-02
2.039034e-02;7.081144e-02;9.969714e-02;3.256898e-02;5.209644e-02;9.471401e-02;2.942859e-02;1.627053e-01;3.157329e-01;5.731871e-02;3.298238e-02;3.155379e-02
1.745952e-02;4.871821e-02;6.051947e-02;2.857082e-02;3.350204e-02;9.554922e-02;3.400787e-02;2.136994e-01;3.414209e-01;6.262700e-02;3.229067e-02;3.163483e-02
1.841984e-02;4.270715e-02;4.007133e-02;4.525536e-02;5.270802e-02;9.119572e-02;5.167630e-02;1.985440e-01;3.439992e-01;6.146381e-02;2.705818e-02;2.690113e-02
2.205639e-02;4.590026e-02;6.381096e-02;8.548158e-02;6.268089e-02;7.422952e-02;5.492402e-02;2.383320e-01;2.481640e-01;5.163500e-02;2.298724e-02;2.979814e-02
2.171721e-02;3.780077e-02;8.593114e-02;9.691078e-02;3.944837e-02;9.725466e-02;2.287682e-02;2.470705e-01;2.418400e-01;5.657876e-02;2.557171e-02;2.699934e-02
2.617520e-02;4.042225e-02;9.903061e-02;9.892118e-02;1.906115e-02;1.000360e-01;1.743215e-02;2.080862e-01;2.867084e-01;5.790957e-02;2.307995e-02;2.313734e-02
2.369846e-02;7.291482e-02;1.224452e-01;8.989093e-02;1.758448e-02;7.669166e-02;3.799477e-02;2.570856e-01;2.297556e-01;4.213799e-02;1.400950e-02;1.579103e-02
1.905729e-02;8.886982e-02;1.205137e-01;8.093475e-02;2.263448e-02;4.738038e-02;4.297527e-02;3.108116e-01;1.991938e-01;3.666908e-02;1.134099e-02;1.961874e-02
1.784731e-02;6.751161e-02;1.028763e-01;8.197449e-02;3.554222e-02;4.038142e-02;2.138134e-02;2.956545e-01;2.588018e-01;3.791057e-02;1.344267e-02;2.667574e-02
1.065142e-02;5.446142e-02;1.027490e-01;7.218469e-02;3.740914e-02;4.047608e-02;1.345410e-02;3.282035e-01;2.719246e-01;3.464343e-02;1.308563e-02;2.075703e-02
1.818980e-02;4.939015e-02;1.193898e-01;4.925684e-02;2.610958e-02;7.116251e-02;1.688093e-02;3.550258e-01;2.386276e-01;2.300062e-02;1.219426e-02;2.077209e-02
1.703751e-02;6.085302e-02;1.374632e-01;3.258928e-02;2.984816e-02;8.374877e-02;2.001807e-02;3.306203e-01;2.159765e-01;2.802467e-02;1.715469e-02;2.666582e-02
1.106046e-02;5.598747e-02;1.362800e-01;2.981626e-02;6.186526e-02;1.262638e-01;1.809346e-02;2.422501e-01;2.284872e-01;3.518209e-02;2.088883e-02;3.382507e-02
8.554107e-03;4.804902e-02;8.214997e-02;5.330738e-02;5.846872e-02;1.117216e-01;1.346512e-02;2.957605e-01;2.482159e-01;3.605850e-02;1.855683e-02;2.569226e-02
9.554534e-03;4.390280e-02;8.517328e-02;5.945742e-02;3.223065e-02;8.231375e-02;9.653700e-03;3.489870e-01;2.606789e-01;3.454128e-02;1.280448e-02;2.070225e-02
1.463563e-02;7.045217e-02;1.237824e-01;5.742263e-02;1.520039e-02;8.945763e-02;1.039111e-02;3.307588e-01;2.320181e-01;2.660992e-02;8.628699e-03;2.064252e-02
2.111617e-02;9.159221e-02;1.586697e-01;5.973689e-02;3.264382e-02;6.693232e-02;1.564587e-02;2.668076e-01;2.118614e-01;3.428621e-02;1.466377e-02;2.604414e-02
1.620254e-02;6.343848e-02;1.355787e-01;5.663319e-02;4.974514e-02;6.890166e-02;2.379703e-02;2.332031e-01;2.606061e-01;4.449360e-02;1.777776e-02;2.962273e-02
8.322557e-03;4.001551e-02;9.618047e-02;4.489264e-02;2.440976e-02;4.912621e-02;1.547870e-02;3.317711e-01;3.132127e-01;3.752667e-02;1.640925e-02;2.265433e-02
1.387501e-02;4.207624e-02;6.451721e-02;5.349095e-02;2.226164e-02;4.724787e-02;4.389093e-02;2.993566e-01;3.293491e-01;4.596053e-02;1.924854e-02;1.872535e-02
1.373991e-02;4.941501e-02;4.172811e-02;5.350769e-02;5.276672e-02;7.386830e-02;6.404813e-02;2.426733e-01;2.814365e-01;8.389806e-02;2.312065e-02;1.979757e-02
1.336019e-02;4.508126e-02;4.258513e-02;3.319733e-02;7.282597e-02;1.128239e-01;7.184575e-02;2.031146e-01;2.249507e-01;1.190695e-01;3.855656e-02;2.258900e-02
1.611810e-02;3.731760e-02;3.582198e-02;2.268454e-02;5.252726e-02;1.756376e-01;9.632976e-02;1.268408e-01;2.323542e-01;1.167723e-01;4.652672e-02;4.106915e-02
2.496928e-02;3.444483e-02;3.743999e-02;2.357340e-02;1.812849e-02;1.824545e-01;1.721866e-01;4.995711e-02;2.604440e-01;8.234937e-02;4.416946e-02;6.988294e-02
3.852686e-02;8.406236e-02;6.828802e-02;2.697943e-02;7.475188e-03;1.162094e-01;2.411736e-01;8.524849e-02;1.769605e-01;4.723558e-02;2.705053e-02;8.079000e-02
4.494500e-02;1.139832e-01;6.170471e-02;4.039421e-02;1.693716e-02;4.712199e-02;2.875168e-01;1.045828e-01;1.175028e-01;5.847498e-02;2.459786e-02;8.223840e-02
4.824433e-02;1.144441e-01;5.485690e-02;4.270718e-02;2.725381e-02;6.563801e-02;2.833656e-01;1.111890e-01;1.019683e-01;4.283296e-02;2.401561e-02;8.348412e-02
6.124037e-02;1.197542e-01;2.658841e-02;3.882124e-02;2.613878e-02;6.050383e-02;2.531025e-01;1.072342e-01;1.337275e-01;6.888804e-02;2.173002e-02;8.227094e-02
6.963900e-02;1.341440e-01;7.396928e-02;3.028470e-02;2.734998e-02;3.797385e-02;1.774042e-01;1.685375e-01;1.274145e-01;5.434018e-02;2.393343e-02;7.500937e-02
9.329515e-02;1.707786e-01;1.009034e-01;1.952624e-02;2.168649e-02;2.323443e-02;1.016977e-01;2.107814e-01;1.281112e-01;4.144873e-02;2.572497e-02;6.281174e-02
1.097184e-01;2.427521e-01;1.320974e-01;1.070321e-02;3.206326e-02;2.182182e-02;3.442276e-02;1.974930e-01;1.220187e-01;2.395699e-02;3.082382e-02;4.212860e-02
9.639794e-02;2.738322e-01;1.714629e-01;1.225096e-02;3.872027e-02;3.202299e-02;3.497542e-02;1.857746e-01;9.511330e-02;1.296389e-02;2.278225e-02;2.370323e-02
7.635245e-02;3.345584e-01;2.006037e-01;1.557371e-02;2.960636e-02;2.911604e-02;3.818950e-02;1.322187e-01;9.509489e-02;1.621499e-02;1.477570e-02;1.769555e-02
6.614123e-02;3.843826e-01;2.332069e-01;1.737329e-02;2.099134e-02;3.142648e-02;2.215563e-02;7.392807e-02;1.062997e-01;1.646241e-02;1.124605e-02;1.638631e-02
5.380659e-02;3.758075e-01;2.631610e-01;1.459158e-02;1.747887e-02;2.952688e-02;2.677101e-02;7.029552e-02;1.104642e-01;1.077044e-02;9.088675e-03;1.823773e-02
4.835197e-02;3.523053e-01;2.764408e-01;1.633491e-02;1.929336e-02;2.174057e-02;3.336509e-02;7.562669e-02;1.041552e-01;1.102982e-02;1.705360e-02;2.430272e-02
4.544311e-02;2.927628e-01;2.428605e-01;2.523651e-02;2.539487e-02;3.930943e-02;5.146849e-02;1.063708e-01;1.040171e-01;1.787269e-02;2.119346e-02;2.807023e-02
4.973485e-02;2.592864e-01;1.997547e-01;3.012887e-02;1.984344e-02;6.305543e-02;8.099061e-02;1.019949e-01;1.321850e-01;1.700275e-02;2.120411e-02;2.481898e-02
6.034749e-02;2.016123e-01;8.859933e-02;2.517797e-02;2.316361e-02;3.982875e-02;8.895147e-02;1.722613e-01;2.076908e-01;3.685833e-02;2.617262e-02;2.933594e-02
5.118241e-02;1.921203e-01;9.769463e-02;1.971035e-02;2.435446e-02;4.518695e-02;6.309097e-02;2.033101e-01;2.091632e-01;4.554572e-02;2.253276e-02;2.610816e-02
4.856054e-02;2.464534e-01;1.837996e-01;1.904653e-02;2.723249e-02;2.085660e-02;6.773125e-02;1.706827e-01;1.465639e-01;3.509149e-02;1.534077e-02;1.864066e-02
4.829793e-02;2.575656e-01;2.340903e-01;2.555067e-02;3.304017e-02;2.296096e-02;8.398961e-02;1.131876e-01;1.146030e-01;4.274074e-02;1.281760e-02;1.115595e-02
4.907856e-02;2.452398e-01;2.252743e-01;2.574714e-02;3.251443e-02;3.578381e-02;8.988991e-02;9.002386e-02;1.331520e-01;3.584923e-02;1.973613e-02;1.771087e-02
5.513590e-02;2.337418e-01;1.782158e-01;2.469176e-02;5.097561e-02;7.273477e-02;9.973981e-02;6.006780e-02;1.450467e-01;2.810265e-02;2.457930e-02;2.696806e-02
5.451511e-02;1.901535e-01;1.369865e-01;2.999228e-02;6.558324e-02;7.666048e-02;8.988509e-02;1.136309e-01;1.522852e-01;2.505252e-02;2.351850e-02;4.173673e-02
6.210636e-02;1.201742e-01;1.164393e-01;4.301822e-02;7.794627e-02;1.051055e-01;7.274926e-02;1.295082e-01;1.632041e-01;2.871633e-02;2.384222e-02;5.719018e-02
4.408865e-02;1.296720e-01;1.971437e-01;4.766485e-02;6.551512e-02;1.474155e-01;6.817079e-02;8.085145e-02;1.145105e-01;3.605329e-02;1.980116e-02;4.911298e-02
4.303137e-02;1.211026e-01;2.298940e-01;3.893476e-02;7.086734e-02;1.102839e-01;1.089058e-01;9.927826e-02;9.676863e-02;2.829467e-02;1.312300e-02;3.951577e-02
4.218087e-02;1.098504e-01;1.855543e-01;4.630923e-02;7.112066e-02;8.034629e-02;1.367660e-01;1.438941e-01;1.054991e-01;2.263191e-02;1.331041e-02;4.253685e-02
2.614466e-02;7.325602e-02;1.533489e-01;5.293873e-02;6.219270e-02;1.430912e-01;1.579125e-01;1.285941e-01;1.023196e-01;2.159111e-02;2.703405e-02;5.157654e-02
3.444680e-02;1.224926e-01;1.613140e-01;4.991027e-02;4.328191e-02;2.039833e-01;1.188049e-01;4.603668e-02;9.963023e-02;3.831117e-02;4.062923e-02;4.115903e-02
4.039926e-02;1.533074e-01;1.702632e-01;4.860724e-02;5.248639e-02;1.862071e-01;4.322740e-02;9.504814e-02;1.024035e-01;4.846508e-02;3.940724e-02;2.017802e-02
2.003749e-02;1.089044e-01;1.827040e-01;6.738418e-02;6.377579e-02;1.323830e-01;5.055661e-02;1.395435e-01;1.190202e-01;5.086577e-02;3.205501e-02;3.276994e-02
2.862596e-02;1.267478e-01;2.071427e-01;6.417164e-02;6.792773e-02;7.792245e-02;5.700627e-02;1.589746e-01;1.001436e-01;3.918517e-02;3.542902e-02;3.672314e-02
4.279336e-02;1.709341e-01;2.157557e-01;5.482083e-02;5.102715e-02;7.050315e-02;6.900327e-02;1.192058e-01;1.121260e-01;3.267050e-02;3.208880e-02;2.907133e-02
5.099862e-02;1.736327e-01;1.977317e-01;4.778260e-02;2.959229e-02;1.425805e-01;7.932413e-02;7.370686e-02;1.244375e-01;3.047229e-02;2.572160e-02;2.401925e-02
5.161823e-02;1.058376e-01;1.615603e-01;3.663087e-02;4.207528e-02;1.589772e-01;9.116310e-02;1.100836e-01;1.355315e-01;4.881737e-02;2.523434e-02;3.247054e-02
5.072714e-02;9.370010e-02;1.190012e-01;2.936643e-02;3.172978e-02;1.124297e-01;6.041745e-02;1.686769e-01;1.793185e-01;6.157460e-02;3.750380e-02;5.555454e-02
5.513543e-02;1.297291e-01;1.065222e-01;2.246946e-02;4.260139e-02;6.744800e-02;7.438012e-02;1.744824e-01;1.828162e-01;4.642457e-02;3.785925e-02;6.013197e-02
5.573323e-02;1.470871e-01;1.015083e-01;2.806470e-02;5.773438e-02;1.357394e-01;8.597394e-02;1.357628e-01;1.415341e-01;2.606106e-02;2.936115e-02;5.543981e-02
5.235785e-02;1.723127e-01;1.285180e-01;2.574805e-02;5.705964e-02;1.625632e-01;8.409465e-02;1.085889e-01;1.148097e-01;2.348192e-02;2.907881e-02;4.138657e-02
5.213911e-02;2.365708e-01;2.111151e-01;3.204253e-02;4.900270e-02;1.003364e-01;6.791658e-02;7.614603e-02;8.385531e-02;3.349485e-02;2.527205e-02;3.210861e-02
4.714830e-02;2.492811e-01;2.694977e-01;3.398000e-02;4.635168e-02;7.320453e-02;4.556075e-02;5.160212e-02;8.778933e-02;3.459530e-02;2.497215e-02;3.601708e-02
3.644951e-02;2.303554e-01;2.662569e-01;3.756025e-02;2.211606e-02;5.434628e-02;5.525142e-02;8.199555e-02;1.205920e-01;3.213788e-02;2.697982e-02;3.595890e-02
4.374242e-02;2.545041e-01;2.594395e-01;2.947693e-02;1.497927e-02;5.217062e-02;7.313311e-02;9.097835e-02;1.070340e-01;2.905569e-02;1.966172e-02;2.582421e-02
4.581718e-02;2.681669e-01;2.609531e-01;3.019551e-02;2.113524e-02;3.390452e-02;7.925335e-02;8.969110e-02;8.892889e-02;3.650723e-02;2.315625e-02;2.229070e-02
4.803847e-02;2.296632e-01;2.474295e-01;4.224282e-02;3.929903e-02;5.393668e-02;5.924670e-02;9.446400e-02;8.583860e-02;5.148371e-02;3.374105e-02;1.461630e-02
6.419908e-02;1.667139e-01;1.149615e-01;5.536653e-02;7.161237e-02;1.210047e-01;3.499177e-02;9.053800e-02;1.498129e-01;5.494579e-02;3.664840e-02;3.920502e-02
4.128985e-02;2.272989e-01;1.975817e-01;4.136089e-02;4.412666e-02;9.460237e-02;8.250193e-02;6.655854e-02;1.016148e-01;5.605828e-02;1.046325e-02;3.654284e-02
2.305184e-02;1.668102e-01;1.615830e-01;5.536688e-02;6.146216e-02;1.949394e-01;1.277698e-01;6.048374e-02;5.148676e-02;5.032584e-02;2.241946e-02;2.430090e-02
1.875223e-02;1.243266e-01;1.026353e-01;4.831109e-02;1.005764e-01;2.908991e-01;1.252787e-01;5.397912e-02;4.251596e-02;4.877376e-02;2.240069e-02;2.155110e-02
1.694391e-02;9.436773e-02;6.256498e-02;2.747713e-02;1.406244e-01;3.188722e-01;1.139648e-01;3.480225e-02;5.916173e-02;8.532530e-02;1.626018e-02;2.963546e-02
3.338368e-02;6.583884e-02;8.921933e-02;5.104311e-02;1.574225e-01;2.153554e-01;9.994920e-02;4.626969e-02;9.099725e-02;1.087652e-01;1.324793e-02;2.850792e-02
7.348669e-02;3.814328e-02;1.203654e-01;1.194217e-01;1.364303e-01;6.603388e-02;9.477381e-02;6.114737e-02;1.458433e-01;1.027954e-01;2.093420e-02;2.062469e-02
1.044925e-01;2.038794e-02;8.752525e-02;1.805150e-01;7.096358e-02;2.675238e-02;8.183252e-02;7.632624e-02;2.003380e-01;1.027407e-01;3.254236e-02;1.558352e-02
1.027663e-01;1.699267e-02;4.420217e-02;2.168068e-01;3.068681e-02;3.332383e-02;6.149973e-02;8.174120e-02;2.393389e-01;1.071545e-01;5.102468e-02;1.446238e-02
8.641141e-02;1.830964e-02;3.161030e-02;2.413063e-01;3.393512e-02;4.208778e-02;5.270621e-02;8.440851e-02;2.587545e-01;8.390138e-02;5.507303e-02;1.149586e-02
7.785805e-02;1.892341e-02;3.118487e-02;2.340582e-01;5.399385e-02;3.388859e-02;4.352657e-02;1.000424e-01;2.585567e-01;9.043831e-02;4.905218e-02;8.476903e-03
8.380046e-02;2.472708e-02;3.594285e-02;2.023211e-01;5.650819e-02;3.603483e-02;5.451087e-02;1.079907e-01;2.636874e-01;9.334137e-02;3.622970e-02;4.905557e-03
8.127442e-02;2.164836e-02;6.206658e-02;1.655091e-01;3.969128e-02;4.438502e-02;9.228936e-02;1.116679e-01;2.680925e-01;8.445293e-02;2.225362e-02;6.668985e-03
5.369685e-02;2.343808e-02;8.702073e-02;1.442027e-01;9.309243e-02;8.264523e-02;1.073558e-01;9.292471e-02;2.178458e-01;7.922065e-02;1.222221e-02;6.334770e-03
2.381307e-02;3.095414e-02;8.231183e-02;1.625756e-01;1.588104e-01;8.210976e-02;8.608481e-02;6.737137e-02;1.647719e-01;1.070265e-01;2.088593e-02;1.328466e-02
2.130967e-02;3.392282e-02;6.010391e-02;1.681504e-01;2.385744e-01;7.380290e-02;4.690116e-02;6.295358e-02;1.273698e-01;1.352446e-01;1.652010e-02;1.514662e-02
1.987317e-02;4.381522e-02;4.212031e-02;1.446883e-01;2.894045e-01;5.691213e-02;3.630527e-02;8.162609e-02;1.084723e-01;1.391420e-01;1.586661e-02;2.177412e-02
2.457296e-02;4.654655e-02;4.031751e-02;1.011951e-01;2.759495e-01;8.919980e-02;2.148868e-02;1.026978e-01;1.617467e-01;1.051656e-01;1.281761e-02;1.830212e-02
2.874326e-02;3.359475e-02;4.252660e-02;6.200934e-02;2.458785e-01;8.844161e-02;2.063254e-02;1.234328e-01;2.353213e-01;8.674853e-02;1.804177e-02;1.462907e-02
3.571539e-02;3.902997e-02;3.723778e-02;2.890034e-02;2.234260e-01;9.675746e-02;2.385869e-02;1.554566e-01;2.492416e-01;7.118056e-02;2.354224e-02;1.565336e-02
4.147433e-02;4.212239e-02;5.133963e-02;8.373257e-02;2.183152e-01;1.142691e-01;2.409297e-02;1.288981e-01;1.930272e-01;6.532349e-02;2.301368e-02;1.439131e-02
4.218694e-02;2.490670e-02;6.615212e-02;1.394324e-01;2.579619e-01;7.529672e-02;4.379218e-02;8.106010e-02;1.645779e-01;6.726679e-02;2.453012e-02;1.283615e-02
5.079323e-02;5.976905e-02;8.000955e-02;1.460165e-01;2.774680e-01;6.154079e-02;4.312702e-02;9.429488e-02;1.122314e-01;3.574583e-02;2.919436e-02;9.809342e-03
3.966273e-02;6.495171e-02;7.617602e-02;1.425161e-01;2.679611e-01;8.990905e-02;3.478380e-02;6.108679e-02;1.398869e-01;5.019944e-02;2.427208e-02;8.594268e-03
3.965274e-02;5.415850e-02;6.737744e-02;1.571786e-01;2.379086e-01;3.205977e-02;4.491619e-02;7.189079e-02;1.885796e-01;8.038244e-02;1.840024e-02;7.494998e-03
4.050004e-02;4.531692e-02;4.925584e-02;1.424112e-01;1.829078e-01;9.603478e-02;3.501011e-02;7.409197e-02;2.012295e-01;1.062369e-01;1.723335e-02;9.771441e-03
4.482419e-02;4.902944e-02;6.775665e-02;1.261722e-01;1.397368e-01;1.101113e-01;3.695913e-02;7.890746e-02;1.895847e-01;1.129638e-01;3.070087e-02;1.325333e-02
5.464338e-02;2.986848e-02;6.979098e-02;1.208860e-01;1.901760e-01;1.145548e-01;7.362263e-02;1.042674e-01;9.233703e-02;9.649465e-02;3.946456e-02;1.389418e-02
5.472390e-02;4.726390e-02;6.237048e-02;7.247571e-02;1.835874e-01;1.610732e-01;6.025085e-02;8.404133e-02;1.334788e-01;8.973637e-02;3.522424e-02;1.577383e-02
4.804247e-02;5.645094e-02;9.135249e-02;6.961878e-02;1.706095e-01;9.163308e-02;4.351145e-02;9.850528e-02;1.817034e-01;9.639921e-02;2.869405e-02;2.347943e-02
4.657114e-02;5.239192e-02;9.372447e-02;1.235904e-01;1.361300e-01;1.386507e-01;2.721066e-02;8.809852e-02;1.564550e-01;8.850467e-02;2.362577e-02;2.504670e-02
5.512819e-02;8.187462e-02;7.285300e-02;1.386840e-01;1.190964e-01;1.438013e-01;4.614704e-02;6.532947e-02;1.295554e-01;1.031761e-01;2.174568e-02;2.260887e-02
6.258073e-02;9.546015e-02;8.587082e-02;9.342341e-02;1.046317e-01;1.120673e-01;4.894204e-02;8.769730e-02;1.453529e-01;1.154412e-01;2.900551e-02;1.952691e-02
6.279364e-02;8.318804e-02;9.164328e-02;4.388357e-02;9.674993e-02;6.630708e-02;9.795464e-02;1.018664e-01;1.931567e-01;1.090903e-01;3.189762e-02;2.146882e-02
4.099922e-02;6.968712e-02;8.072441e-02;6.864847e-02;1.372337e-01;7.381777e-02;8.792829e-02;1.070425e-01;2.261603e-01;7.079521e-02;2.125586e-02;1.570720e-02
3.953817e-02;6.440951e-02;9.989129e-02;1.087671e-01;1.914869e-01;3.015715e-02;3.936156e-02;8.057931e-02;2.208362e-01;6.381102e-02;2.097194e-02;4.018986e-02
2.955689e-02;4.071220e-02;7.107564e-02;1.204078e-01;1.966854e-01;6.686057e-02;3.414310e-02;8.900812e-02;1.819853e-01;8.960875e-02;2.560693e-02;5.434933e-02
2.702819e-02;5.376108e-02;7.066439e-02;9.195511e-02;1.764644e-01;7.541823e-02;5.483682e-02;1.035181e-01;1.821969e-01;1.062648e-01;2.249003e-02;3.540207e-02
2.952089e-02;5.759797e-02;7.825813e-02;5.895138e-02;1.580079e-01;1.127508e-01;5.542433e-02;9.744574e-02;1.848632e-01;1.334835e-01;1.592239e-02;1.777377e-02
3.581439e-02;5.916122e-02;6.454756e-02;5.574304e-02;1.311401e-01;1.798857e-01;4.372165e-02;7.284566e-02;1.779253e-01;1.360005e-01;1.878335e-02;2.443151e-02
4.391730e-02;9.907547e-02;9.969636e-02;8.069188e-02;1.278708e-01;9.402142e-02;5.793763e-02;7.659104e-02;1.725866e-01;1.023965e-01;2.338012e-02;2.183489e-02
3.767942e-02;7.130197e-02;6.932022e-02;7.678755e-02;1.078333e-01;1.769543e-01;4.788506e-02;1.065902e-01;1.963860e-01;6.550325e-02;2.580581e-02;1.795293e-02
3.070315e-02;4.192507e-02;4.968744e-02;7.672226e-02;9.441088e-02;2.045774e-01;5.679966e-02;8.489230e-02;2.518142e-01;6.021205e-02;2.504299e-02;2.321261e-02
3.103964e-02;4.600834e-02;4.113558e-02;8.967818e-02;1.357374e-01;1.097823e-01;4.409054e-02;1.202966e-01;2.578041e-01;7.006831e-02;2.289345e-02;3.146552e-02
1.970715e-02;5.756624e-02;3.758371e-02;8.973528e-02;1.782787e-01;5.562755e-02;2.093750e-02;1.183403e-01;2.605469e-01;9.665147e-02;2.473718e-02;4.028806e-02
8.884906e-03;5.741004e-02;3.093852e-02;8.064118e-02;1.807545e-01;5.044555e-02;3.259485e-02;1.178319e-01;2.586237e-01;1.099589e-01;2.825251e-02;4.366348e-02
1.255984e-02;5.032021e-02;4.319631e-02;7.570201e-02;1.560940e-01;9.133080e-02;3.471247e-02;1.349124e-01;2.644542e-01;8.759239e-02;1.904399e-02;3.008133e-02
2.172125e-02;4.402664e-02;4.065480e-02;6.881221e-02;1.440173e-01;9.264045e-02;3.617319e-02;1.441366e-01;3.004069e-01;7.013146e-02;1.739080e-02;1.988833e-02
2.343050e-02;5.865438e-02;4.819175e-02;6.064169e-02;1.451169e-01;7.152496e-02;1.663349e-02;1.795185e-01;3.030255e-01;6.299150e-02;1.905191e-02;1.121890e-02
3.151456e-02;3.897819e-02;6.688114e-02;7.920387e-02;1.681988e-01;1.098422e-01;6.541223e-02;1.405252e-01;2.033855e-01;5.346610e-02;3.155318e-02;1.103907e-02
4.102758e-02;3.207531e-02;5.966658e-02;1.396217e-01;1.773765e-01;1.326036e-01;8.281776e-02;8.536930e-02;1.503593e-01;5.266408e-02;3.667881e-02;9.739591e-03
4.547410e-02;2.670458e-02;5.326413e-02;1.860721e-01;1.834704e-01;8.214291e-02;9.110044e-02;7.211816e-02;1.590952e-01;5.749624e-02;3.227619e-02;1.078558e-02
4.702977e-02;3.439898e-02;3.434229e-02;2.294723e-01;1.734331e-01;4.587632e-02;1.226381e-01;6.453149e-02;1.704879e-01;5.331122e-02;1.254219e-02;1.193633e-02
4.444902e-02;2.063776e-02;3.885570e-02;2.463356e-01;1.545638e-01;3.492732e-02;1.559327e-01;7.031982e-02;1.652658e-01;4.637874e-02;1.196012e-02;1.037367e-02
4.284347e-02;2.457784e-02;4.150833e-02;2.467733e-01;1.803921e-01;4.638804e-02;1.226358e-01;6.830289e-02;1.558625e-01;5.688265e-02;8.426858e-03;5.406155e-03
3.899539e-02;2.410120e-02;3.265175e-02;2.564718e-01;1.996232e-01;5.114822e-02;8.725679e-02;7.233935e-02;1.590926e-01;6.305417e-02;1.139173e-02;3.873649e-03
4.379115e-02;2.538681e-02;4.278975e-02;2.728980e-01;1.776240e-01;3.644561e-02;7.414123e-02;9.411976e-02;1.602379e-01;5.897992e-02;9.100734e-03;4.485071e-03
4.697255e-02;2.536214e-02;2.524908e-02;2.791871e-01;1.708651e-01;4.693371e-02;7.726127e-02;9.998518e-02;1.641482e-01;4.710387e-02;1.138097e-02;5.550874e-03
4.484837e-02;2.433268e-02;5.054237e-02;2.789284e-01;1.423242e-01;3.558888e-02;9.016514e-02;1.173777e-01;1.731923e-01;2.976402e-02;8.936702e-03;3.999296e-03
3.896550e-02;2.120809e-02;5.270803e-02;2.559266e-01;1.196987e-01;3.760880e-02;8.543004e-02;1.662742e-01;1.867855e-01;1.945396e-02;1.114274e-02;4.797730e-03
2.800655e-02;2.266929e-02;7.445581e-02;1.856077e-01;1.244242e-01;5.366326e-02;4.993629e-02;2.153282e-01;2.027024e-01;2.342374e-02;1.420283e-02;5.579695e-03
2.464511e-02;2.682010e-02;8.642522e-02;8.049646e-02;1.411774e-01;6.445357e-02;2.974388e-02;2.521591e-01;2.240509e-01;3.854349e-02;2.364239e-02;7.842357e-03
3.332313e-02;1.986717e-02;8.138569e-02;1.046888e-01;1.308416e-01;5.293656e-02;3.278328e-02;2.379690e-01;2.145253e-01;5.225109e-02;2.955838e-02;9.870023e-03
3.896835e-02;3.009124e-02;9.398368e-02;1.170577e-01;1.160838e-01;4.365183e-02;3.991542e-02;2.013992e-01;2.047281e-01;6.274672e-02;3.796497e-02;1.340902e-02
5.013523e-02;4.075981e-02;9.839543e-02;7.090176e-02;1.125205e-01;4.210555e-02;5.892037e-02;1.419813e-01;2.166508e-01;6.554489e-02;5.307785e-02;4.900663e-02
4.224387e-02;3.839729e-02;4.915790e-02;8.017038e-02;9.673250e-02;4.909497e-02;4.710340e-02;2.202467e-01;1.894503e-01;7.003815e-02;5.014996e-02;6.721457e-02
