2.944448e-02;8.103143e-02;1.111701e-01;3.017407e-02;4.875496e-02;9.677890e-02;5.492795e-02;1.888828e-01;1.242319e-01;8.545010e-02;8.269709e-02;6.645616e-02
3.237616e-02;6.763871e-02;6.341340e-02;3.504130e-02;5.068711e-02;5.508097e-02;4.439406e-02;1.578740e-01;1.841685e-01;1.138002e-01;1.053983e-01;9.012724e-02
2.936272e-02;8.390205e-02;1.116188e-01;5.072447e-02;4.028858e-02;6.282566e-02;6.095313e-02;1.746911e-01;1.365435e-01;9.660372e-02;9.049750e-02;6.198879e-02
2.943373e-02;1.024542e-01;9.549522e-02;4.556400e-02;5.417523e-02;9.119961e-02;6.851412e-02;2.295042e-01;1.085438e-01;9.266123e-02;4.060737e-02;4.184728e-02
2.486221e-02;1.000779e-01;3.525804e-02;3.678783e-02;5.730871e-02;1.487463e-01;6.123169e-02;2.498545e-01;1.108646e-01;9.566702e-02;3.585592e-02;4.348535e-02
3.470868e-02;8.942629e-02;9.682350e-02;2.498666e-02;3.745569e-02;1.626495e-01;5.618925e-02;2.279366e-01;1.032436e-01;6.591240e-02;4.768673e-02;5.298114e-02
2.772968e-02;8.904818e-02;1.125167e-01;3.424804e-02;2.634715e-02;1.116035e-01;7.315400e-02;2.183538e-01;1.131661e-01;8.597399e-02;5.883964e-02;4.901923e-02
4.671278e-02;1.117539e-01;9.432485e-02;3.033021e-02;2.389528e-02;7.305261e-02;7.245538e-02;2.142875e-01;1.251045e-01;9.748612e-02;5.348396e-02;5.711282e-02
4.894083e-02;1.601725e-01;1.573721e-01;2.327501e-02;2.098312e-02;9.304992e-02;5.365460e-02;1.804084e-01;1.306445e-01;5.098809e-02;3.813150e-02;4.237930e-02
3.202133e-02;1.374737e-01;2.077520e-01;2.992661e-02;2.873477e-02;1.474727e-01;4.368624e-02;1.826920e-01;1.077165e-01;3.806230e-02;2.348929e-02;2.097259e-02
2.828680e-02;9.264817e-02;2.117971e-01;3.093622e-02;6.414944e-02;1.653840e-01;4.698794e-02;1.948760e-01;7.959324e-02;3.918767e-02;2.839071e-02;1.776274e-02
3.360013e-02;1.630633e-01;1.516718e-01;2.850461e-02;8.300036e-02;9.891967e-02;7.297598e-02;1.843872e-01;1.001224e-01;4.091929e-02;2.704381e-02;1.579150e-02
2.908623e-02;1.270259e-01;8.862390e-02;3.840282e-02;6.394801e-02;1.714431e-01;7.490511e-02;2.521823e-01;8.602914e-02;4.108618e-02;1.238133e-02;1.488593e-02
1.800603e-02;8.154002e-02;1.277480e-01;4.804981e-02;2.641105e-02;1.794230e-01;7.152556e-02;2.872731e-01;9.523866e-02;2.560723e-02;1.671413e-02;2.246350e-02
2.457012e-02;4.822795e-02;9.900613e-02;1.080048e-01;4.016675e-02;1.173193e-01;5.154455e-02;2.598698e-01;1.822248e-01;1.672385e-02;1.528143e-02;3.706054e-02
5.461445e-02;2.266118e-02;5.503641e-02;2.156932e-01;9.085798e-02;7.953070e-02;5.983717e-02;1.119341e-01;2.140129e-01;4.204529e-02;2.860763e-02;2.516896e-02
5.530096e-02;2.226262e-02;5.097528e-02;2.288215e-01;1.444262e-01;5.954332e-02;6.296801e-02;1.059053e-01;1.838629e-01;5.544558e-02;1.912872e-02;1.135971e-02
4.354025e-02;1.863269e-02;3.748876e-02;2.132018e-01;2.300230e-01;5.454819e-02;5.142006e-02;8.175170e-02;1.742026e-01;7.710704e-02;1.314009e-02;4.943800e-03
3.009554e-02;2.110490e-02;2.364809e-02;1.829538e-01;3.215943e-01;5.506675e-02;2.248846e-02;6.955444e-02;1.549745e-01;1.003597e-01;1.325275e-02;4.906836e-03
3.116960e-02;2.427963e-02;1.770406e-02;1.690517e-01;3.781032e-01;4.090252e-02;1.502887e-02;5.146139e-02;1.379787e-01;1.163401e-01;1.297950e-02;5.000775e-03
2.982558e-02;2.842865e-02;1.676536e-02;1.141633e-01;3.622805e-01;1.005601e-01;3.147490e-02;4.743715e-02;1.221806e-01;1.173266e-01;2.152689e-02;8.030358e-03
2.345248e-02;4.467805e-02;2.336479e-02;6.613933e-02;3.699390e-01;1.175262e-01;2.277897e-02;4.405087e-02;1.061245e-01;1.461533e-01;2.675419e-02;9.038278e-03
1.129392e-02;5.406085e-02;1.126466e-02;6.670687e-02;3.865484e-01;7.143509e-02;1.400457e-02;6.140409e-02;1.209627e-01;1.701494e-01;2.318089e-02;8.988557e-03
8.017026e-03;4.051439e-02;8.958780e-03;1.060477e-01;3.534393e-01;9.596817e-02;1.439350e-02;7.130693e-02;1.403685e-01;1.365982e-01;1.492073e-02;9.466664e-03
5.491906e-03;3.141201e-02;1.563673e-02;1.198680e-01;3.532498e-01;9.245094e-02;1.175068e-02;7.334121e-02;1.519165e-01;1.209977e-01;1.517952e-02;8.705001e-03
6.963169e-03;2.640439e-02;1.717998e-02;9.544664e-02;3.509928e-01;6.430745e-02;1.995532e-02;9.236543e-02;1.697426e-01;1.275901e-01;1.371818e-02;1.533397e-02
1.248393e-02;2.241129e-02;2.183682e-02;7.866441e-02;3.350128e-01;8.896928e-02;8.170782e-03;1.263099e-01;1.417721e-01;1.282794e-01;1.898385e-02;1.710543e-02
1.475700e-02;2.907862e-02;2.471358e-02;7.133096e-02;3.145389e-01;1.315867e-01;1.869536e-02;1.429987e-01;8.861896e-02;1.227944e-01;2.105778e-02;1.982905e-02
1.292194e-02;4.228788e-02;2.204213e-02;4.801131e-02;2.552388e-01;1.294793e-01;1.724768e-02;1.437410e-01;1.607226e-01;1.292351e-01;1.918216e-02;1.989018e-02
1.184738e-02;3.909913e-02;1.711278e-02;4.756887e-02;2.143211e-01;9.038469e-02;9.268220e-03;1.660900e-01;2.170582e-01;1.502062e-01;1.617669e-02;2.086676e-02
6.860178e-03;2.521651e-02;1.063565e-02;4.419851e-02;2.085081e-01;7.565275e-02;2.003945e-02;1.716994e-01;2.531532e-01;1.346207e-01;3.397633e-02;1.543923e-02
1.337683e-02;2.408051e-02;1.456817e-02;5.759898e-02;2.137606e-01;1.207644e-01;1.652101e-02;1.648723e-01;2.268959e-01;7.897580e-02;5.608212e-02;1.250338e-02
1.395306e-02;2.605852e-02;2.805657e-02;5.757042e-02;2.136562e-01;1.159432e-01;1.353423e-02;1.855380e-01;1.687673e-01;8.993518e-02;7.324692e-02;1.374043e-02
1.603297e-02;2.670888e-02;2.687744e-02;3.360665e-02;1.848053e-01;1.142275e-01;2.018006e-02;1.898798e-01;2.139671e-01;9.792770e-02;6.227334e-02;1.351323e-02
2.244510e-02;3.736318e-02;2.246147e-02;6.081770e-02;1.634923e-01;1.044111e-01;3.969720e-02;1.396912e-01;2.640748e-01;7.815211e-02;5.043673e-02;1.695702e-02
1.805250e-02;6.141043e-02;5.170925e-02;6.702001e-02;1.538021e-01;1.056175e-01;3.348324e-02;1.350069e-01;2.595468e-01;5.900687e-02;3.579766e-02;1.954692e-02
2.289735e-02;5.355872e-02;4.872878e-02;7.512348e-02;1.718372e-01;6.928249e-02;3.303728e-02;1.511699e-01;2.695491e-01;6.813689e-02;2.223048e-02;1.444830e-02
2.502474e-02;3.857962e-02;6.797417e-02;6.967451e-02;1.802824e-01;3.810788e-02;5.031981e-02;1.673593e-01;2.660455e-01;4.856630e-02;2.455251e-02;2.351328e-02
1.514688e-02;3.136962e-02;6.561951e-02;6.480987e-02;1.643609e-01;5.578076e-02;3.915873e-02;2.225493e-01;1.699031e-01;8.689747e-02;3.874306e-02;4.566086e-02
3.839186e-02;4.457562e-02;5.405350e-02;9.880438e-02;1.015091e-01;6.995198e-02;5.969780e-02;1.577897e-01;1.361127e-01;9.157424e-02;7.734333e-02;7.019568e-02
4.030707e-02;4.333723e-02;5.841832e-02;8.678063e-02;4.621238e-02;6.791733e-02;7.757449e-02;1.159333e-01;1.992036e-01;1.254787e-01;7.090139e-02;6.793555e-02
2.438037e-02;2.704567e-02;3.935145e-02;6.289376e-02;9.170979e-02;6.460617e-02;5.474677e-02;1.081650e-01;2.367143e-01;2.130138e-01;4.003137e-02;3.734156e-02
1.321815e-02;2.935403e-02;2.704054e-02;3.847172e-02;1.440756e-01;7.069630e-02;2.539776e-02;8.068905e-02;2.173187e-01;3.029569e-01;3.193529e-02;1.884592e-02
6.900610e-03;3.655830e-02;1.835571e-02;4.355030e-02;1.560417e-01;9.488998e-02;3.441358e-02;6.748101e-02;2.058797e-01;2.887672e-01;3.149314e-02;1.566876e-02
1.211749e-02;3.664177e-02;1.556515e-02;4.365475e-02;1.005750e-01;1.661276e-01;6.103536e-02;9.279596e-02;2.362742e-01;1.763772e-01;4.336969e-02;1.546573e-02
1.730512e-02;2.007858e-02;2.707340e-02;3.334782e-02;5.492107e-02;2.784801e-01;8.773906e-02;7.460945e-02;2.038032e-01;1.166971e-01;6.118573e-02;2.475942e-02
1.877559e-02;1.376558e-02;4.008970e-02;1.846095e-02;3.154573e-02;3.516271e-01;6.606351e-02;4.320840e-02;1.606598e-01;1.610934e-01;6.425537e-02;3.045492e-02
1.585309e-02;2.134124e-02;4.040602e-02;9.142832e-03;2.346177e-02;3.305074e-01;8.709760e-02;4.989079e-02;1.441949e-01;1.877682e-01;5.600904e-02;3.432717e-02
1.237266e-02;2.032832e-02;4.320675e-02;1.394885e-02;3.981409e-02;2.749442e-01;1.338583e-01;4.279230e-02;1.607327e-01;1.634301e-01;5.802723e-02;3.654444e-02
9.346346e-03;1.679835e-02;5.288248e-02;2.405908e-02;4.711656e-02;2.504072e-01;1.615423e-01;3.484355e-02;1.725955e-01;1.453512e-01;5.179080e-02;3.326656e-02
1.382184e-02;1.067838e-02;6.826575e-02;2.870698e-02;4.207017e-02;2.606434e-01;1.542266e-01;2.505333e-02;1.662237e-01;1.670237e-01;3.655050e-02;2.673565e-02
2.355189e-02;2.332282e-02;6.484906e-02;2.472909e-02;3.250574e-02;2.609521e-01;1.383175e-01;5.014647e-02;1.428630e-01;1.803768e-01;3.472234e-02;2.366314e-02
3.168103e-02;4.071347e-02;6.579618e-02;2.436410e-02;3.619182e-02;2.266741e-01;1.207064e-01;7.752398e-02;1.223423e-01;1.809119e-01;4.003165e-02;3.306311e-02
3.736170e-02;5.644724e-02;6.921757e-02;4.866409e-02;1.053663e-01;8.911089e-02;1.099749e-01;1.036095e-01;1.060168e-01;1.604492e-01;4.971693e-02;6.406494e-02
5.187563e-02;7.037979e-02;4.068710e-02;3.637543e-02;9.219614e-02;2.324343e-01;7.874916e-02;7.915433e-02;1.048374e-01;9.403241e-02;5.229348e-02;6.698483e-02
7.200430e-02;6.300764e-02;4.600757e-02;1.667515e-02;5.133952e-02;2.786831e-01;6.178828e-02;8.884224e-02;1.056152e-01;1.036686e-01;4.989397e-02;6.247434e-02
5.943171e-02;4.936379e-02;3.992541e-02;1.976292e-02;2.273871e-02;2.590298e-01;1.762120e-01;7.588410e-02;1.124186e-01;9.744341e-02;3.606666e-02;5.172286e-02
3.825177e-02;4.896628e-02;3.029390e-02;2.807198e-02;4.355823e-02;2.565226e-01;2.157774e-01;1.028340e-01;9.386542e-02;7.446166e-02;2.095597e-02;4.644072e-02
3.126632e-02;4.972653e-02;4.632333e-02;2.892125e-02;8.090162e-02;2.323052e-01;1.796523e-01;8.685989e-02;1.092898e-01;6.284910e-02;4.456422e-02;4.734031e-02
2.186610e-02;3.565696e-02;5.100583e-02;2.900893e-02;1.026112e-01;2.299307e-01;1.558825e-01;7.097538e-02;1.322198e-01;6.205754e-02;6.235485e-02;4.643018e-02
2.784789e-02;2.429090e-02;5.043547e-02;2.562134e-02;1.151681e-01;2.344280e-01;1.158100e-01;7.151759e-02;1.474954e-01;8.362763e-02;5.730610e-02;4.645152e-02
2.437666e-02;3.637326e-02;5.185582e-02;4.226629e-02;1.256385e-01;1.409347e-01;1.082533e-01;1.041147e-01;1.496773e-01;1.062334e-01;5.666771e-02;5.360839e-02
2.725079e-02;2.179356e-02;4.280178e-02;5.244599e-02;1.100250e-01;1.200154e-01;8.844222e-02;1.192447e-01;2.101432e-01;1.013339e-01;5.260876e-02;5.389473e-02
2.840563e-02;4.236403e-02;4.291736e-02;5.738883e-02;8.371472e-02;6.036484e-02;6.622603e-02;1.235372e-01;2.858283e-01;9.095123e-02;6.495879e-02;5.334300e-02
3.387657e-02;5.603840e-02;3.291342e-02;5.280710e-02;8.419871e-02;4.227148e-02;5.417561e-02;1.163977e-01;3.180231e-01;8.096371e-02;7.242487e-02;5.590931e-02
2.198249e-02;3.584347e-02;3.740671e-02;3.629982e-02;9.115529e-02;1.036636e-01;5.676203e-02;1.244262e-01;3.095444e-01;7.492986e-02;5.446794e-02;5.351821e-02
3.647565e-02;4.923223e-02;6.473759e-02;1.501913e-02;6.343810e-02;2.059110e-01;5.884620e-02;1.154958e-01;2.564523e-01;6.705262e-02;2.570873e-02;4.163057e-02
6.248325e-02;3.737060e-02;4.445199e-02;1.671170e-02;3.589244e-02;2.876577e-01;3.227624e-02;1.319406e-01;1.952189e-01;7.521239e-02;5.153416e-02;2.925006e-02
7.547885e-02;3.467772e-02;4.013354e-02;2.140192e-02;2.862609e-02;3.124258e-01;3.372010e-02;1.022836e-01;1.813494e-01;7.116946e-02;6.820439e-02;3.052912e-02
6.400827e-02;2.594913e-02;2.590758e-02;2.140230e-02;4.138335e-02;3.153830e-01;2.862377e-02;7.936348e-02;2.093320e-01;8.377941e-02;6.515560e-02;3.971204e-02
4.052899e-02;3.416744e-02;1.607302e-02;2.603131e-02;5.193666e-02;2.848797e-01;5.657979e-02;8.416995e-02;2.214020e-01;8.993104e-02;5.117353e-02;4.312658e-02
3.216049e-02;3.609848e-02;1.905014e-02;3.820773e-02;9.023746e-02;2.333062e-01;6.977759e-02;1.004937e-01;2.181063e-01;8.037551e-02;4.073873e-02;4.144761e-02
3.138512e-02;5.573326e-02;3.934719e-02;4.726296e-02;8.486107e-02;1.729367e-01;6.041390e-02;1.267676e-01;2.285223e-01;7.186391e-02;3.155692e-02;4.934911e-02
2.915943e-02;6.795908e-02;3.111328e-02;3.326401e-02;6.645361e-02;1.614261e-01;7.196541e-02;1.220916e-01;2.323638e-01;7.395111e-02;4.770128e-02;6.255140e-02
3.020976e-02;6.069263e-02;3.432489e-02;3.195085e-02;5.465987e-02;1.382096e-01;1.070367e-01;1.290272e-01;2.345077e-01;6.363466e-02;4.742227e-02;6.832388e-02
4.624153e-02;4.443278e-02;4.344847e-02;3.451528e-02;8.578914e-02;1.166111e-01;1.247497e-01;1.114564e-01;2.402495e-01;4.272937e-02;3.752220e-02;7.225459e-02
4.265853e-02;5.405650e-02;2.901169e-02;4.287293e-02;1.221124e-01;9.922203e-02;1.102907e-01;9.420023e-02;2.225037e-01;6.273088e-02;5.296581e-02;6.737465e-02
3.180794e-02;5.393407e-02;2.534158e-02;3.906498e-02;1.274978e-01;2.124635e-01;7.043523e-02;7.568488e-02;1.774223e-01;6.753400e-02;6.386229e-02;5.495143e-02
1.888515e-02;5.128757e-02;2.360279e-02;3.798744e-02;1.029696e-01;1.879446e-01;6.891171e-02;1.031306e-01;2.278363e-01;7.870054e-02;6.166245e-02;3.708122e-02
2.312998e-02;6.286915e-02;3.496017e-02;3.182164e-02;6.691188e-02;8.327209e-02;9.532490e-02;1.009054e-01;3.127997e-01;9.580253e-02;6.120205e-02;3.100051e-02
1.671072e-02;4.167369e-02;2.465956e-02;2.553979e-02;4.621220e-02;1.558792e-01;9.380500e-02;1.165629e-01;2.878747e-01;9.279829e-02;5.761317e-02;4.067089e-02
3.254944e-02;4.978210e-02;3.336987e-02;3.315106e-02;4.372973e-02;2.355228e-01;5.996487e-02;9.674286e-02;2.308528e-01;8.526659e-02;5.078232e-02;4.828554e-02
6.132537e-02;4.888198e-02;3.858906e-02;5.297868e-02;2.376030e-02;2.588419e-01;8.357353e-02;7.675699e-02;1.839500e-01;7.456698e-02;3.363128e-02;6.314392e-02
6.493209e-02;9.174237e-02;9.247763e-02;5.273475e-02;4.122961e-02;1.844215e-01;3.266817e-02;1.163282e-01;1.384088e-01;6.533150e-02;6.298867e-02;5.673676e-02
4.022009e-02;1.069523e-01;1.132483e-01;4.106465e-02;3.539601e-02;1.284835e-01;1.793493e-01;1.041548e-01;9.525675e-02;4.497433e-02;6.785647e-02;4.304354e-02
2.067876e-02;6.022174e-02;6.856074e-02;2.252894e-02;1.262428e-02;2.409134e-01;2.663786e-01;7.093096e-02;9.453314e-02;4.784304e-02;5.943627e-02;3.535009e-02
1.213859e-02;2.718183e-02;3.816426e-02;9.494550e-03;2.885397e-02;3.442407e-01;2.547125e-01;4.970695e-02;8.252692e-02;5.564694e-02;7.623787e-02;2.109496e-02
8.227419e-03;2.892330e-02;2.694186e-02;1.344485e-02;9.003623e-02;3.705375e-01;1.950170e-01;7.576426e-02;5.471091e-02;6.360033e-02;6.484861e-02;7.947707e-03
6.600335e-03;6.345309e-02;1.856804e-02;2.797314e-02;1.987467e-01;3.058836e-01;1.198111e-01;1.075948e-01;3.917503e-02;7.039329e-02;2.853424e-02;1.326664e-02
1.226453e-02;1.060506e-01;2.575482e-02;3.424770e-02;2.729241e-01;1.453483e-01;8.235776e-02;1.346731e-01;5.219740e-02;7.787914e-02;4.049831e-02;1.580421e-02
1.437104e-02;1.027619e-01;2.639296e-02;2.053005e-02;1.801301e-01;2.412355e-01;8.133639e-02;1.271454e-01;6.972086e-02;7.540224e-02;5.029714e-02;1.067638e-02
1.298934e-02;9.974305e-02;3.516169e-02;2.840179e-02;1.657348e-01;2.109262e-01;6.865350e-02;1.484993e-01;9.497122e-02;7.517041e-02;5.138742e-02;8.361243e-03
1.150436e-02;8.027564e-02;3.114415e-02;3.193656e-02;1.410538e-01;2.351043e-01;6.813676e-02;1.530340e-01;9.335514e-02;8.305234e-02;5.827544e-02;1.312743e-02
1.499203e-02;6.699876e-02;3.837352e-02;2.622331e-02;1.034581e-01;3.022048e-01;6.376579e-02;1.383633e-01;8.305500e-02;8.003680e-02;6.808972e-02;1.443889e-02
1.882943e-02;5.230845e-02;2.744608e-02;2.546664e-02;1.284775e-01;2.848687e-01;5.589808e-02;1.394138e-01;1.140000e-01;7.505558e-02;6.243832e-02;1.579738e-02
2.431566e-02;3.669331e-02;1.636323e-02;2.707697e-02;1.491820e-01;2.369374e-01;4.475028e-02;1.396281e-01;1.337796e-01;8.251369e-02;8.659475e-02;2.216509e-02
4.744409e-02;3.610798e-02;2.536791e-02;3.520178e-02;1.576189e-01;2.169360e-01;5.434366e-02;1.163782e-01;1.063873e-01;8.401680e-02;9.034824e-02;2.984907e-02
4.347691e-02;3.399143e-02;4.064207e-02;6.107344e-02;1.802253e-01;2.189367e-01;6.321891e-02;1.061479e-01;9.562422e-02;7.900121e-02;5.434843e-02;2.331346e-02
1.408693e-02;3.193678e-02;3.630429e-02;6.796288e-02;1.888440e-01;2.501547e-01;7.062697e-02;9.324854e-02;1.072179e-01;7.095427e-02;5.336478e-02;1.529788e-02
8.061785e-03;2.591556e-02;2.475396e-02;6.108610e-02;1.873894e-01;2.648707e-01;7.687980e-02;1.043571e-01;1.083864e-01;7.277694e-02;4.918224e-02;1.633995e-02
5.479051e-03;2.626520e-02;2.361132e-02;4.012974e-02;1.665676e-01;2.134718e-01;1.169110e-01;1.364434e-01;1.126341e-01;9.293808e-02;4.648527e-02;1.906355e-02
9.470896e-03;4.599046e-02;3.527223e-02;4.517743e-02;1.401657e-01;1.370936e-01;1.156661e-01;1.731103e-01;1.558076e-01;8.122671e-02;4.406649e-02;1.695247e-02
1.342946e-02;4.986649e-02;3.797454e-02;6.274764e-02;1.253334e-01;8.481058e-02;1.083008e-01;1.977410e-01;1.872553e-01;6.927539e-02;5.123267e-02;1.203281e-02
2.037325e-02;4.402265e-02;2.814219e-02;5.708533e-02;1.101689e-01;1.050847e-01;9.558236e-02;2.077886e-01;1.722099e-01;8.890843e-02;5.752379e-02;1.310994e-02
3.124796e-02;6.843030e-02;3.026397e-02;3.949995e-02;1.069363e-01;9.786466e-02;1.197343e-01;1.732590e-01;1.281890e-01;1.113594e-01;6.554553e-02;2.766974e-02
2.835748e-02;8.448761e-02;2.696062e-02;2.043618e-02;8.419023e-02;9.290600e-02;1.254731e-01;1.621969e-01;1.475772e-01;1.262557e-01;7.162324e-02;2.953578e-02
2.647041e-02;7.731251e-02;2.542593e-02;3.356670e-02;7.343213e-02;1.019533e-01;1.015204e-01;1.445625e-01;2.025293e-01;1.206775e-01;7.354231e-02;1.900701e-02
2.730606e-02;6.908657e-02;2.056527e-02;4.415285e-02;4.938560e-02;1.403634e-01;7.944104e-02;1.706607e-01;1.961648e-01;1.138622e-01;7.094167e-02;1.806973e-02
3.408863e-02;8.917079e-02;3.648150e-02;4.066471e-02;5.763024e-02;1.284025e-01;4.596312e-02;1.834389e-01;1.540504e-01;1.212999e-01;8.292847e-02;2.588080e-02
3.224278e-02;8.225284e-02;3.582369e-02;3.441881e-02;6.682686e-02;9.168430e-02;7.509921e-02;1.693773e-01;1.400482e-01;1.403281e-01;9.075477e-02;4.114310e-02
2.524806e-02;8.302507e-02;5.315086e-02;3.825249e-02;6.934938e-02;1.042856e-01;7.635539e-02;1.332194e-01;1.530433e-01;1.420972e-01;8.281392e-02;3.915930e-02
2.554416e-02;9.197979e-02;6.821547e-02;3.246420e-02;7.338422e-02;1.228926e-01;9.959117e-02;9.832364e-02;1.608035e-01;1.239824e-01;6.388370e-02;3.893517e-02
2.323486e-02;9.412390e-02;5.177284e-02;2.281947e-02;9.835690e-02;1.506033e-01;9.848592e-02;1.068079e-01;1.675026e-01;8.834600e-02;6.256476e-02;3.538154e-02
1.584369e-02;8.526119e-02;7.476844e-02;3.596233e-02;9.793667e-02;2.395119e-01;4.201800e-02;1.006481e-01;1.639580e-01;5.446558e-02;5.723627e-02;3.238977e-02
2.447069e-02;1.373623e-01;1.292232e-01;2.364754e-02;6.371813e-02;2.009707e-01;5.467245e-02;1.380480e-01;1.260335e-01;3.985514e-02;4.478655e-02;1.721185e-02
2.978215e-02;1.343895e-01;1.156117e-01;1.476124e-02;5.834984e-02;1.721622e-01;8.072916e-02;1.375124e-01;1.314270e-01;6.120491e-02;4.165342e-02;2.241649e-02
2.623318e-02;1.192681e-01;6.988925e-02;1.523822e-02;7.101212e-02;1.881573e-01;9.442859e-02;1.151433e-01;1.490246e-01;7.754552e-02;4.079001e-02;3.326982e-02
2.062567e-02;1.005770e-01;8.483167e-02;3.009549e-02;8.179419e-02;1.405228e-01;6.694925e-02;1.521661e-01;1.897408e-01;7.176606e-02;3.602090e-02;2.491007e-02
1.788704e-02;6.838942e-02;8.739101e-02;3.209441e-02;7.045098e-02;1.051807e-01;5.021468e-02;2.098265e-01;2.019844e-01;9.410452e-02;4.512543e-02;1.735087e-02
2.416768e-02;7.352433e-02;8.644588e-02;3.820093e-02;9.664117e-02;1.723160e-01;4.677505e-02;2.097711e-01;8.626651e-02;1.013562e-01;4.523129e-02;1.930388e-02
1.723209e-02;9.190230e-02;1.141726e-01;3.210472e-02;9.033728e-02;1.061493e-01;8.568045e-02;1.624694e-01;1.585522e-01;7.787973e-02;4.687858e-02;1.664137e-02
1.811730e-02;8.235147e-02;1.098781e-01;3.032944e-02;8.480730e-02;2.074489e-01;8.588389e-02;1.077805e-01;1.602900e-01;6.633140e-02;2.959163e-02;1.719022e-02
1.503321e-02;7.948014e-02;9.717577e-02;2.417235e-02;8.439541e-02;3.018544e-01;6.496714e-02;5.845966e-02;1.456450e-01;6.109580e-02;4.559019e-02;2.213087e-02
1.541622e-02;7.756945e-02;4.769322e-02;2.619798e-02;1.031107e-01;3.201056e-01;5.868195e-02;6.799410e-02;1.262328e-01;7.889862e-02;4.987347e-02;2.822585e-02
2.857323e-02;1.025039e-01;8.247152e-02;2.785271e-02;9.061700e-02;1.901253e-01;9.065654e-02;1.262710e-01;8.883859e-02;9.385263e-02;4.633322e-02;3.190435e-02
2.639819e-02;8.585659e-02;7.336327e-02;2.113408e-02;6.206599e-02;1.450375e-01;9.748301e-02;1.671347e-01;1.685485e-01;8.479719e-02;4.516064e-02;2.302033e-02
1.960902e-02;5.442694e-02;4.707858e-02;2.565117e-02;1.046987e-01;1.948046e-01;7.015808e-02;1.141813e-01;2.131870e-01;9.621544e-02;4.018152e-02;1.980767e-02
1.995130e-02;8.020815e-02;3.621787e-02;3.157209e-02;1.542461e-01;7.286948e-02;3.089740e-02;1.326755e-01;2.297170e-01;1.157632e-01;6.941768e-02;2.646425e-02
1.393034e-02;5.767648e-02;4.188979e-02;1.469249e-02;1.378385e-01;2.949698e-01;5.370354e-02;7.167231e-02;1.461949e-01;8.814445e-02;5.466149e-02;2.462580e-02
1.174903e-02;5.812211e-02;5.619986e-02;2.191081e-02;1.396469e-01;3.562792e-01;8.535725e-02;7.011293e-02;7.838879e-02;6.677558e-02;3.458091e-02;2.087670e-02
1.226202e-02;4.931206e-02;8.090519e-02;2.447455e-02;1.487273e-01;2.818268e-01;6.805778e-02;8.188959e-02;1.238537e-01;6.156241e-02;4.818569e-02;1.894292e-02
1.241231e-02;6.309040e-02;7.737442e-02;3.656799e-02;1.609640e-01;2.258932e-01;6.410237e-02;7.323948e-02;1.331794e-01;8.046035e-02;5.457065e-02;1.814542e-02
4.367811e-02;9.173422e-02;5.933678e-02;5.970787e-02;1.426078e-01;2.430324e-01;2.722476e-02;7.514197e-02;1.181056e-01;5.521974e-02;4.475223e-02;3.945860e-02
3.436376e-02;7.833814e-02;7.001186e-02;3.683829e-02;7.770834e-02;1.819886e-01;6.246518e-02;1.230262e-01;1.098000e-01;8.603022e-02;7.962958e-02;5.979974e-02
4.020366e-02;8.496561e-02;5.968992e-02;3.346816e-02;7.016905e-02;1.163115e-01;7.771399e-02;1.382683e-01;9.062303e-02;1.305564e-01;9.497023e-02;6.306015e-02
5.271488e-02;9.255844e-02;4.886532e-02;3.427587e-02;6.778539e-02;8.449707e-02;8.997819e-02;1.174767e-01;7.047951e-02;1.853870e-01;1.000489e-01;5.593271e-02
6.757868e-02;7.734467e-02;3.129535e-02;7.297310e-02;4.991015e-02;4.659550e-02;1.427224e-01;6.552669e-02;1.368242e-01;1.917128e-01;8.971651e-02;2.779999e-02
9.144546e-02;3.315705e-02;1.394359e-02;1.345979e-01;2.394168e-02;2.733462e-02;1.738177e-01;4.123307e-02;2.163451e-01;9.660587e-02;1.335983e-01;1.397963e-02
9.891026e-02;1.062707e-02;1.895606e-02;1.735025e-01;1.722633e-02;3.593991e-02;1.072652e-01;4.179062e-02;2.450942e-01;4.446402e-02;1.949379e-01;1.128594e-02
9.279995e-02;1.554237e-02;2.312928e-02;1.830002e-01;1.995648e-02;2.742483e-02;6.901085e-02;4.256820e-02;2.306113e-01;6.895141e-02;2.085511e-01;1.845401e-02
8.624987e-02;2.012658e-02;3.090341e-02;1.799020e-01;2.492673e-02;5.338828e-02;3.303174e-02;4.181720e-02;2.160951e-01;7.699993e-02;2.037796e-01;3.277947e-02
9.115626e-02;2.018361e-02;2.200949e-02;1.885898e-01;1.924911e-02;7.033332e-02;2.621298e-02;5.352044e-02;2.225706e-01;5.472777e-02;1.955467e-01;3.589984e-02
9.063880e-02;1.082452e-02;2.144739e-02;1.971934e-01;1.307880e-02;5.237773e-02;3.785646e-02;5.052151e-02;2.189094e-01;4.456409e-02;2.308543e-01;3.173362e-02
9.441796e-02;8.223711e-03;1.705660e-02;1.884310e-01;1.527394e-02;3.400389e-02;2.142931e-02;4.793566e-02;2.453621e-01;5.493560e-02;2.528491e-01;2.008104e-02
9.923887e-02;1.192078e-02;1.679347e-02;1.666753e-01;1.129364e-02;3.193263e-02;4.817557e-02;4.712424e-02;2.500991e-01;4.940318e-02;2.484369e-01;1.890634e-02
1.010440e-01;1.127796e-02;1.662782e-02;1.505186e-01;1.178107e-02;2.771755e-02;6.628874e-02;4.899441e-02;2.549137e-01;4.396172e-02;2.508452e-01;1.602929e-02
1.171448e-01;9.942057e-03;1.476010e-02;1.210327e-01;1.513256e-02;2.119776e-02;9.293340e-02;6.048679e-02;2.525132e-01;3.821750e-02;2.322276e-01;2.441144e-02
1.365282e-01;1.273695e-02;2.223483e-02;8.408848e-02;1.955081e-02;2.250003e-02;1.281151e-01;6.949871e-02;2.474313e-01;2.717583e-02;2.005739e-01;2.956582e-02
1.078593e-01;1.779026e-02;3.994517e-02;5.325603e-02;3.197575e-02;1.872271e-02;1.437310e-01;8.857328e-02;2.704675e-01;5.612299e-02;1.468877e-01;2.466831e-02
4.404603e-02;2.254103e-02;6.029368e-02;7.253104e-02;4.693783e-02;2.117223e-02;1.295502e-01;1.476012e-01;2.915782e-01;6.835386e-02;5.984457e-02;3.555010e-02
5.278964e-02;4.342959e-02;7.673796e-02;1.139086e-01;4.305116e-02;4.463287e-02;9.275574e-02;1.812093e-01;2.361784e-01;5.622442e-02;2.632011e-02;3.276205e-02
2.967769e-02;5.045824e-02;7.446722e-02;1.437473e-01;3.495155e-02;6.723070e-02;5.729311e-02;1.712625e-01;2.144125e-01;6.014523e-02;7.225966e-02;2.409426e-02
8.025588e-02;4.533174e-02;4.636386e-02;1.446311e-01;3.407191e-02;5.131288e-02;5.471901e-02;1.447167e-01;2.032161e-01;4.854838e-02;1.252673e-01;2.156512e-02
1.105034e-01;3.050505e-02;5.068426e-02;1.521655e-01;2.671733e-02;4.339767e-02;5.377030e-02;1.156085e-01;2.003065e-01;3.173128e-02;1.528381e-01;3.177206e-02
1.040082e-01;3.188272e-02;5.250711e-02;1.829652e-01;3.161779e-02;5.857901e-02;3.044371e-02;8.517048e-02;1.909542e-01;4.041610e-02;1.633588e-01;2.809667e-02
1.085793e-01;2.633507e-02;5.408495e-02;1.703158e-01;3.303882e-02;4.590151e-02;4.571340e-02;1.191194e-01;2.164742e-01;4.907023e-02;1.001346e-01;3.123270e-02
8.977415e-02;1.799455e-02;6.309008e-02;1.440106e-01;5.268478e-02;2.425167e-02;7.306957e-02;1.539213e-01;2.314771e-01;4.980991e-02;8.508959e-02;1.482660e-02
6.457829e-02;1.909393e-02;5.215922e-02;1.361931e-01;5.114494e-02;3.407184e-02;6.575926e-02;1.542921e-01;2.139733e-01;4.650690e-02;1.494766e-01;1.275051e-02
5.911560e-02;1.732997e-02;3.303242e-02;1.345787e-01;2.762654e-02;4.202044e-02;4.007846e-02;1.781990e-01;1.930196e-01;5.183667e-02;2.110630e-01;1.209960e-02
6.986691e-02;2.103717e-02;3.839346e-02;1.150256e-01;4.114758e-02;2.885812e-02;3.157273e-02;1.919096e-01;1.677139e-01;4.478199e-02;2.380463e-01;1.164668e-02
7.831747e-02;1.279424e-02;4.624363e-02;8.572931e-02;3.636898e-02;3.586457e-02;6.265050e-02;1.475907e-01;1.703840e-01;4.748752e-02;2.575905e-01;1.897855e-02
7.398921e-02;1.619212e-02;6.836693e-02;1.305257e-01;4.563992e-02;4.324094e-02;7.812671e-02;6.709772e-02;1.763301e-01;5.768831e-02;2.238668e-01;1.893560e-02
7.504522e-02;3.423666e-02;7.676521e-02;1.422255e-01;6.127605e-02;4.737633e-02;5.604628e-02;9.460263e-02;1.625712e-01;7.859035e-02;1.360525e-01;3.521202e-02
1.250347e-01;2.995499e-02;5.759304e-02;9.401727e-02;5.492746e-02;4.712451e-02;3.316320e-02;1.400519e-01;1.881681e-01;6.488070e-02;1.258900e-01;3.919417e-02
1.394642e-01;2.582332e-02;4.129535e-02;6.872907e-02;3.596314e-02;4.395535e-02;2.482465e-02;1.573503e-01;2.482342e-01;5.829388e-02;1.171715e-01;3.889493e-02
1.205510e-01;2.597617e-02;4.231891e-02;9.020671e-02;2.356125e-02;2.980628e-02;5.538201e-02;1.270407e-01;2.527046e-01;4.923327e-02;1.186754e-01;6.454369e-02
1.179443e-01;1.947908e-02;3.137643e-02;8.576253e-02;3.712860e-02;7.887316e-02;6.484857e-02;8.840737e-02;2.009256e-01;7.857940e-02;1.495636e-01;4.711129e-02
1.266146e-01;1.980780e-02;2.342112e-02;9.511105e-02;4.192278e-02;8.958884e-02;6.497516e-02;1.081907e-01;1.805950e-01;7.053154e-02;1.432083e-01;3.603319e-02
8.937918e-02;3.431188e-02;4.779305e-02;1.053597e-01;3.848800e-02;8.625570e-02;9.511060e-02;1.120078e-01;1.878985e-01;4.949997e-02;1.187428e-01;3.515286e-02
5.836050e-02;5.508994e-02;6.474901e-02;7.051050e-02;6.474643e-02;7.926923e-02;8.110889e-02;1.428517e-01;1.756145e-01;5.041262e-02;1.056810e-01;5.160567e-02
8.204303e-02;4.717738e-02;6.121017e-02;4.747192e-02;6.660454e-02;4.002090e-02;2.071986e-01;1.188530e-01;1.604361e-01;3.671202e-02;8.820306e-02;4.406922e-02
9.411801e-02;3.789896e-02;3.098430e-02;6.795362e-02;5.712356e-02;4.852237e-02;2.579174e-01;7.046531e-02;1.727872e-01;3.185857e-02;8.382867e-02;4.654210e-02
7.792982e-02;4.066696e-02;3.435811e-02;1.084325e-01;9.036094e-02;7.244565e-02;1.495011e-01;8.548854e-02;1.655069e-01;4.136962e-02;8.604763e-02;4.789226e-02
3.411216e-02;4.328007e-02;3.066321e-02;1.542570e-01;1.431785e-01;1.281779e-01;8.428437e-02;6.465781e-02;1.469990e-01;2.830156e-02;1.089406e-01;3.314782e-02
7.166146e-02;3.561933e-02;3.733652e-02;1.359137e-01;1.232615e-01;1.089699e-01;9.455559e-02;8.495454e-02;1.439904e-01;2.457866e-02;1.213723e-01;1.778609e-02
1.050129e-01;3.665014e-02;5.809971e-02;8.476495e-02;8.004095e-02;6.849056e-02;8.040415e-02;1.181139e-01;1.775264e-01;5.960408e-02;9.110998e-02;4.018227e-02
9.719837e-02;3.574469e-02;6.568240e-02;9.733575e-02;3.773926e-02;4.839262e-02;6.649563e-02;1.616354e-01;2.075955e-01;6.065490e-02;6.604182e-02;5.548365e-02
9.154031e-02;3.744291e-02;5.509303e-02;1.294141e-01;3.608876e-02;4.686210e-02;6.029208e-02;1.647571e-01;2.001621e-01;3.924482e-02;1.118823e-01;2.722046e-02
1.028915e-01;6.676453e-02;3.655553e-02;1.205413e-01;3.391886e-02;3.603171e-02;6.240866e-02;1.397138e-01;1.919778e-01;3.622340e-02;1.414735e-01;3.149951e-02
9.974848e-02;8.162873e-02;8.776783e-02;9.815586e-02;5.170244e-02;8.342346e-02;6.293085e-02;1.028893e-01;1.640425e-01;4.052424e-02;9.671370e-02;3.047260e-02
8.407476e-02;4.742116e-02;7.564603e-02;9.325381e-02;1.116361e-01;1.346045e-01;6.448158e-02;7.547323e-02;1.533235e-01;7.987314e-02;6.430267e-02;1.590948e-02
6.447694e-02;2.140765e-02;3.706361e-02;9.082594e-02;1.829141e-01;1.356258e-01;5.069170e-02;8.004252e-02;1.502641e-01;1.089343e-01;4.771031e-02;3.004301e-02
6.781460e-02;2.010563e-02;1.689626e-02;1.207473e-01;2.295264e-01;7.104769e-02;2.259098e-02;9.702452e-02;1.702446e-01;1.121397e-01;5.065497e-02;2.120743e-02
5.476826e-02;2.526427e-02;2.714203e-02;1.485623e-01;2.253286e-01;5.045674e-02;2.666933e-02;9.852783e-02;1.817095e-01;9.441245e-02;5.513567e-02;1.202303e-02
4.384294e-02;2.531666e-02;2.150482e-02;1.652695e-01;2.111878e-01;3.130185e-02;4.674662e-02;1.057081e-01;1.890925e-01;7.586800e-02;7.036277e-02;1.379843e-02
6.747153e-02;2.638954e-02;3.586652e-02;1.752942e-01;1.616454e-01;3.951542e-02;5.592946e-02;8.591659e-02;1.998478e-01;5.371952e-02;8.358499e-02;1.481906e-02
5.748240e-02;2.619346e-02;4.802359e-02;1.623782e-01;7.715458e-02;2.698413e-02;8.095822e-02;1.169787e-01;2.354766e-01;8.180865e-02;6.779805e-02;1.876337e-02
2.794560e-02;3.995780e-02;3.955120e-02;1.392947e-01;4.784652e-02;5.270166e-02;6.473758e-02;1.813921e-01;2.390498e-01;1.019321e-01;4.573958e-02;1.985127e-02
6.324784e-02;3.402605e-02;1.765094e-02;1.476755e-01;9.878987e-02;5.292774e-02;6.250731e-02;2.045394e-01;1.920928e-01;8.251888e-02;3.470211e-02;9.321524e-03
6.333277e-02;2.599243e-02;3.352965e-02;1.749273e-01;1.147175e-01;2.517370e-02;6.944653e-02;1.747578e-01;2.143340e-01;6.746245e-02;3.141467e-02;4.911173e-03
2.384693e-02;3.016557e-02;3.963866e-02;1.698110e-01;1.111072e-01;3.543726e-02;1.006069e-01;1.172448e-01;2.433364e-01;7.658845e-02;4.396373e-02;8.252962e-03
4.216912e-02;3.342684e-02;3.464798e-02;1.349649e-01;9.076130e-02;5.088069e-02;1.135627e-01;1.121746e-01;2.327718e-01;1.040474e-01;4.385665e-02;6.736042e-03
5.934032e-02;2.800073e-02;2.631782e-02;1.282015e-01;7.800918e-02;2.575953e-02;1.460693e-01;1.259017e-01;2.205968e-01;1.182709e-01;3.777590e-02;5.756327e-03
5.209822e-02;2.644454e-02;2.611255e-02;1.606570e-01;8.484566e-02;4.486066e-02;1.558011e-01;1.242360e-01;1.746020e-01;1.165037e-01;2.760630e-02;6.232358e-03
3.714121e-02;1.902319e-02;2.945952e-02;1.763665e-01;1.270214e-01;4.575867e-02;1.191688e-01;9.528207e-02;1.881417e-01;1.279274e-01;1.917678e-02;1.553276e-02
2.813323e-02;1.702557e-02;1.543964e-02;1.644454e-01;1.562363e-01;2.415979e-02;1.140801e-01;9.624515e-02;2.045231e-01;1.395903e-01;2.447181e-02;1.564964e-02
7.161097e-02;1.843186e-02;2.336936e-02;1.220165e-01;1.145391e-01;3.056135e-02;1.593825e-01;9.128106e-02;2.070201e-01;1.203942e-01;2.862602e-02;1.276696e-02
7.055438e-02;2.769577e-02;3.470437e-02;1.226075e-01;8.169314e-02;1.883373e-02;1.991223e-01;9.939239e-02;1.993562e-01;1.040189e-01;2.836433e-02;1.365701e-02
3.173016e-02;4.150702e-02;5.291511e-02;9.529834e-02;7.046387e-02;9.803136e-02;2.149314e-01;1.115330e-01;1.422765e-01;8.942401e-02;3.157859e-02;2.031058e-02
3.064881e-02;4.174267e-02;6.788590e-02;1.070024e-01;6.441790e-02;1.513136e-01;1.655626e-01;8.807064e-02;1.686648e-01;5.692969e-02;3.131568e-02;2.644521e-02
2.405793e-02;3.001519e-02;6.313108e-02;1.128895e-01;4.321171e-02;1.754441e-01;1.075185e-01;1.051600e-01;2.171455e-01;3.820938e-02;3.423291e-02;4.898423e-02
8.473205e-03;2.362443e-02;5.883691e-02;8.863424e-02;2.717153e-02;2.022782e-01;3.494218e-02;1.840409e-01;1.900435e-01;6.106239e-02;3.664921e-02;8.424330e-02
9.819006e-03;2.359167e-02;8.688083e-02;4.756942e-02;1.897748e-02;1.996850e-01;3.308282e-02;2.446388e-01;9.118514e-02;1.139997e-01;2.064048e-02;1.099296e-01
1.132888e-02;1.938286e-02;9.354430e-02;2.019849e-02;1.307674e-02;1.676817e-01;3.746223e-02;2.881632e-01;6.765422e-02;1.379712e-01;1.402561e-02;1.295106e-01
1.231633e-02;1.395105e-02;9.623531e-02;1.566527e-02;1.506891e-02;1.290118e-01;3.809763e-02;3.046585e-01;5.671990e-02;1.630270e-01;1.455719e-02;1.406912e-01
1.276970e-02;1.546453e-02;9.419983e-02;1.992859e-02;1.704228e-02;1.001036e-01;3.368719e-02;2.990839e-01;5.663574e-02;1.819650e-01;2.154610e-02;1.475736e-01
1.561836e-02;1.806364e-02;1.042562e-01;2.024477e-02;1.456173e-02;7.748871e-02;2.919027e-02;2.941586e-01;5.299174e-02;2.128457e-01;2.111433e-02;1.394660e-01
1.217470e-02;1.852695e-02;1.136265e-01;1.817348e-02;2.021586e-02;6.257795e-02;2.383812e-02;3.040025e-01;7.022934e-02;2.374029e-01;1.312192e-02;1.061097e-01
1.584065e-02;2.428741e-02;1.127906e-01;2.874622e-02;4.976042e-02;4.828626e-02;3.321193e-02;2.974908e-01;6.294252e-02;2.292806e-01;3.152032e-02;6.584227e-02
4.096404e-02;3.574995e-02;7.899197e-02;3.001506e-02;1.119582e-01;5.588993e-02;8.935061e-02;2.392296e-01;5.069245e-02;1.385348e-01;7.685531e-02;5.176796e-02
4.834735e-02;6.120895e-02;3.699329e-02;2.308656e-02;1.590418e-01;5.487835e-02;1.625324e-01;1.856620e-01;4.545584e-02;3.480824e-02;1.563955e-01;3.158984e-02
3.429677e-02;6.451762e-02;3.046432e-02;1.882506e-02;1.441744e-01;4.816695e-02;1.856328e-01;1.124080e-01;1.014944e-01;3.243729e-02;2.051302e-01;2.245211e-02
2.004582e-02;6.031141e-02;2.843096e-02;1.229742e-02;1.015236e-01;4.937086e-02;2.395314e-01;7.862799e-02;1.363171e-01;4.282496e-02;2.112318e-01;1.948663e-02
1.321111e-02;5.632654e-02;3.204155e-02;2.113153e-02;6.031359e-02;6.835631e-02;2.675252e-01;1.029633e-01;1.531150e-01;5.023139e-02;1.429254e-01;3.185914e-02
1.246679e-02;5.066456e-02;4.292616e-02;4.336316e-02;5.460001e-02;9.009320e-02;2.359952e-01;1.233638e-01;1.429712e-01;6.378160e-02;6.981282e-02;6.996141e-02
1.777415e-02;3.792866e-02;5.092245e-02;9.438889e-02;4.302940e-02;1.180037e-01;1.429997e-01;1.146534e-01;9.778569e-02;1.010389e-01;5.733588e-02;1.241391e-01
3.456028e-02;2.960781e-02;4.575590e-02;1.417805e-01;1.949212e-02;1.752167e-01;7.235108e-02;1.074736e-01;5.713519e-02;1.299697e-01;4.517069e-02;1.414865e-01
3.726425e-02;3.369817e-02;3.488301e-02;1.656209e-01;2.293407e-02;2.043493e-01;4.851203e-02;9.285364e-02;2.950376e-02;1.722934e-01;3.995137e-02;1.181360e-01
4.055253e-02;2.213867e-02;2.017888e-02;1.426983e-01;2.769769e-02;2.442479e-01;5.248829e-02;1.070182e-01;3.215994e-02;1.836075e-01;2.691209e-02;1.003000e-01
4.067095e-02;2.359105e-02;1.430113e-02;1.336720e-01;2.547069e-02;2.346994e-01;5.911954e-02;1.176886e-01;3.398721e-02;1.779238e-01;3.275760e-02;1.061181e-01
4.416882e-02;2.166599e-02;2.444380e-02;1.385282e-01;1.676388e-02;2.031368e-01;7.024654e-02;1.266697e-01;4.412688e-02;1.846139e-01;2.414386e-02;1.014916e-01
3.930065e-02;1.829523e-02;4.040372e-02;1.494458e-01;2.441601e-02;1.935585e-01;6.023686e-02;1.241048e-01;5.027697e-02;1.631498e-01;1.636910e-02;1.204426e-01
4.105645e-02;2.492171e-02;4.467876e-02;1.683580e-01;3.280335e-02;2.094730e-01;3.638370e-02;8.530118e-02;3.631448e-02;1.500944e-01;2.235278e-02;1.482622e-01
4.520205e-02;3.048494e-02;2.388361e-02;1.475815e-01;3.015309e-02;1.991035e-01;6.701623e-02;8.372337e-02;4.391452e-02;1.661765e-01;4.582591e-02;1.169347e-01
5.412187e-02;2.913489e-02;1.999065e-02;1.112982e-01;3.501462e-02;1.973869e-01;8.035311e-02;1.094655e-01;5.648713e-02;1.649376e-01;7.846788e-02;6.334164e-02
5.453808e-02;2.674350e-02;2.014104e-02;1.174497e-01;3.368007e-02;2.000196e-01;6.462824e-02;9.696240e-02;4.292691e-02;1.654320e-01;8.646727e-02;9.101117e-02
7.278083e-02;2.623800e-02;2.302536e-02;1.306200e-01;2.477456e-02;2.323857e-01;4.762064e-02;9.698413e-02;3.077937e-02;1.667971e-01;4.629122e-02;1.017031e-01
8.587342e-02;2.195106e-02;2.332811e-02;1.104352e-01;3.438498e-02;2.437107e-01;5.461105e-02;1.084524e-01;4.688366e-02;1.683495e-01;4.055663e-02;6.146321e-02
9.506672e-02;1.472413e-02;2.526353e-02;1.155401e-01;3.486126e-02;2.349542e-01;5.769151e-02;1.144037e-01;5.328567e-02;1.732770e-01;3.609166e-02;4.484051e-02
1.050977e-01;1.366925e-02;2.182152e-02;1.492179e-01;3.569173e-02;2.229428e-01;3.009059e-02;1.140848e-01;4.556666e-02;1.675212e-01;2.702927e-02;6.726655e-02
1.062344e-01;1.880369e-02;1.776869e-02;1.764166e-01;3.255165e-02;2.299817e-01;5.013349e-02;9.798305e-02;4.167651e-02;1.547145e-01;2.259965e-02;5.113610e-02
8.681446e-02;2.634052e-02;2.414026e-02;2.009649e-01;3.131370e-02;2.083944e-01;4.993624e-02;8.661932e-02;3.195027e-02;1.563665e-01;1.787239e-02;7.928704e-02
1.026188e-01;2.105885e-02;2.828222e-02;2.002262e-01;2.127764e-02;1.916033e-01;3.192260e-02;8.455691e-02;3.108616e-02;1.635108e-01;2.416156e-02;9.969489e-02
1.099561e-01;2.017481e-02;2.091906e-02;1.723080e-01;2.284490e-02;2.000538e-01;4.244614e-02;1.006484e-01;3.830661e-02;1.549162e-01;2.554531e-02;9.188058e-02
1.221956e-01;3.131739e-02;2.576267e-02;1.428944e-01;2.915724e-02;2.114640e-01;4.719215e-02;8.750021e-02;3.181294e-02;1.561388e-01;2.778521e-02;8.677940e-02
1.174666e-01;3.152202e-02;2.843699e-02;1.261975e-01;3.715069e-02;2.099226e-01;6.464960e-02;7.341759e-02;3.936969e-02;1.846869e-01;2.162030e-02;6.555954e-02
1.033951e-01;3.681943e-02;5.401859e-02;1.266486e-01;3.019403e-02;2.022445e-01;8.422384e-02;4.877575e-02;2.992565e-02;2.158013e-01;1.444382e-02;5.350945e-02
6.252683e-02;4.848085e-02;6.049520e-02;1.093478e-01;4.306787e-02;2.171075e-01;9.492826e-02;5.915508e-02;3.084172e-02;1.886885e-01;3.071528e-02;5.464518e-02
4.837475e-02;5.430134e-02;6.805649e-02;8.445436e-02;6.731763e-02;2.400382e-01;8.802684e-02;7.166287e-02;4.450057e-02;1.369607e-01;4.873306e-02;4.757313e-02
5.194096e-02;4.877692e-02;8.063278e-02;9.128200e-02;7.282022e-02;2.374156e-01;9.464084e-02;8.658568e-02;6.563668e-02;7.934792e-02;5.491389e-02;3.600653e-02
4.847313e-02;2.883421e-02;1.009641e-01;1.096480e-01;8.229466e-02;2.380142e-01;7.186771e-02;9.577986e-02;6.995197e-02;7.389858e-02;3.875738e-02;4.151618e-02
5.955814e-02;8.324753e-02;1.160522e-01;8.750454e-02;6.222162e-02;1.671993e-01;9.143720e-02;9.980337e-02;4.983664e-02;1.067648e-01;4.758892e-02;2.878574e-02
5.572266e-02;8.903041e-02;9.036904e-02;5.762653e-02;4.436870e-02;2.246888e-01;1.297930e-01;1.179599e-01;3.848355e-02;9.141766e-02;2.851540e-02;3.202431e-02
4.806548e-02;6.917652e-02;4.381508e-02;4.723519e-02;3.124500e-02;3.213206e-01;1.384143e-01;1.227494e-01;3.197219e-02;8.630492e-02;1.221734e-02;4.748394e-02
4.258505e-02;5.314705e-02;3.104131e-02;6.191603e-02;2.466889e-02;3.870659e-01;1.394597e-01;9.636097e-02;2.731082e-02;8.551943e-02;1.208556e-02;3.883933e-02
3.434961e-02;4.426062e-02;3.174249e-02;5.774030e-02;3.203142e-02;4.107626e-01;1.062456e-01;1.346535e-01;3.179419e-02;7.656866e-02;1.327576e-02;2.657522e-02
2.347474e-02;4.690317e-02;4.071714e-02;5.696391e-02;3.322534e-02;4.368718e-01;5.068702e-02;1.399234e-01;3.037226e-02;7.887818e-02;2.484412e-02;3.713893e-02
4.248776e-02;4.863183e-02;4.805899e-02;4.856516e-02;3.973597e-02;3.784778e-01;5.364770e-02;1.329966e-01;3.711949e-02;8.708025e-02;3.319691e-02;5.000164e-02
5.599312e-02;5.321902e-02;4.917235e-02;3.141723e-02;3.967844e-02;3.666511e-01;4.460087e-02;1.553461e-01;4.476618e-02;8.787709e-02;2.904168e-02;4.223676e-02
6.057166e-02;6.804323e-02;4.950194e-02;2.108417e-02;3.140821e-02;4.100700e-01;5.604454e-02;1.316107e-01;5.216098e-02;6.631158e-02;1.842627e-02;3.476671e-02
6.407575e-02;7.407816e-02;3.807606e-02;2.798877e-02;2.268441e-02;4.772666e-01;7.023036e-02;9.076236e-02;3.961296e-02;3.824881e-02;1.942132e-02;3.755442e-02
5.825242e-02;5.743634e-02;3.162605e-02;3.475161e-02;2.699760e-02;4.974619e-01;4.925519e-02;1.038966e-01;3.051230e-02;5.553040e-02;3.078030e-02;2.349935e-02
3.854905e-02;2.622618e-02;3.629458e-02;4.025570e-02;3.212920e-02;5.264547e-01;4.728256e-02;9.120497e-02;3.617093e-02;7.786526e-02;2.768347e-02;1.988334e-02
2.120649e-02;2.180411e-02;3.588423e-02;3.613947e-02;3.672521e-02;5.273291e-01;7.006685e-02;8.968452e-02;3.139649e-02;7.427499e-02;3.020131e-02;2.528725e-02
3.364812e-02;5.336824e-02;4.169406e-02;3.313610e-02;4.270407e-02;4.987990e-01;5.781440e-02;7.234843e-02;3.792440e-02;7.628015e-02;3.197366e-02;2.030938e-02
3.890447e-02;6.527025e-02;4.931040e-02;3.172003e-02;6.774418e-02;4.457075e-01;3.510134e-02;9.499599e-02;4.449507e-02;7.575967e-02;2.704286e-02;2.394824e-02
