5.916402e-02;3.440466e-02;1.385100e-01;1.053014e-01;5.747351e-02;6.264306e-02;1.384239e-01;9.266908e-02;9.482338e-02;8.346453e-02;8.457551e-02;4.854699e-02
3.340213e-02;3.627571e-02;1.596225e-01;7.992422e-02;3.066886e-02;7.190915e-02;1.375756e-01;7.734011e-02;1.225792e-01;1.039728e-01;7.288232e-02;7.384738e-02
3.299844e-02;3.848479e-02;1.334837e-01;7.413314e-02;4.986322e-02;6.568833e-02;1.695093e-01;6.685188e-02;1.141803e-01;1.137203e-01;5.340501e-02;8.768168e-02
4.028689e-02;5.582803e-02;1.015102e-01;6.537198e-02;8.754960e-02;7.084706e-02;1.541830e-01;6.955616e-02;1.337685e-01;7.773124e-02;7.292922e-02;7.043812e-02
6.174537e-02;5.934625e-02;9.816322e-02;5.729451e-02;1.002249e-01;9.432160e-02;1.201615e-01;6.666870e-02;1.458159e-01;8.793195e-02;6.113801e-02;4.718820e-02
7.144334e-02;6.289847e-02;1.012878e-01;6.482796e-02;9.501363e-02;1.104663e-01;1.277459e-01;4.842103e-02;1.232032e-01;7.578641e-02;5.663598e-02;6.226992e-02
4.212034e-02;8.759693e-02;9.856650e-02;5.837688e-02;9.793161e-02;9.569984e-02;1.234318e-01;4.456279e-02;1.235944e-01;8.432991e-02;5.658299e-02;8.720595e-02
3.785291e-02;8.577672e-02;8.457323e-02;4.065715e-02;1.210231e-01;7.971601e-02;1.225991e-01;6.504176e-02;1.533139e-01;9.068710e-02;5.974836e-02;5.901073e-02
4.376625e-02;7.134510e-02;1.227411e-01;6.506696e-02;1.045805e-01;6.581074e-02;1.200663e-01;7.009008e-02;1.263727e-01;1.179305e-01;5.181974e-02;4.041006e-02
4.025449e-02;4.475458e-02;1.045686e-01;5.755234e-02;6.611462e-02;5.116313e-02;1.146495e-01;6.999511e-02;1.417360e-01;1.455296e-01;8.336024e-02;8.032186e-02
6.310268e-02;4.872928e-02;1.014505e-01;4.662372e-02;5.933116e-02;8.090233e-02;9.025837e-02;6.550752e-02;1.429451e-01;1.059568e-01;9.605936e-02;9.913316e-02
7.235212e-02;4.694605e-02;1.096255e-01;8.495354e-02;6.263903e-02;9.794671e-02;1.049037e-01;7.932493e-02;1.165179e-01;6.862456e-02;6.325124e-02;9.291473e-02
5.986283e-02;3.692140e-02;1.253043e-01;8.589087e-02;6.893600e-02;9.741126e-02;1.643184e-01;8.483380e-02;8.694915e-02;4.991833e-02;7.223344e-02;6.742031e-02
4.327386e-02;4.485164e-02;1.155702e-01;5.822633e-02;5.664749e-02;1.043059e-01;1.720778e-01;8.341374e-02;9.796949e-02;7.529817e-02;8.299722e-02;6.536821e-02
6.138546e-02;7.448413e-02;1.162394e-01;4.655150e-02;5.204948e-02;1.052138e-01;1.132681e-01;9.306613e-02;1.394429e-01;8.381224e-02;7.026958e-02;4.421721e-02
5.008072e-02;5.656693e-02;8.816278e-02;4.598575e-02;5.429331e-02;1.027779e-01;1.178298e-01;1.129885e-01;1.815990e-01;1.077608e-01;4.569351e-02;3.626098e-02
6.699069e-02;6.802321e-02;7.154392e-02;5.229095e-02;5.493584e-02;8.443196e-02;1.613643e-01;1.031443e-01;1.554355e-01;9.837022e-02;2.793904e-02;5.553006e-02
8.379491e-02;9.033832e-02;7.050717e-02;6.935741e-02;6.513530e-02;7.704461e-02;1.757803e-01;7.220899e-02;1.015794e-01;8.251612e-02;4.543990e-02;6.629761e-02
4.836453e-02;8.918524e-02;8.096261e-02;8.234339e-02;6.904792e-02;8.070987e-02;1.199354e-01;7.327091e-02;1.039471e-01;1.165560e-01;5.681986e-02;7.885724e-02
5.526951e-02;7.919870e-02;8.862314e-02;9.288256e-02;4.569263e-02;4.241249e-02;7.524227e-02;1.079993e-01;1.244055e-01;1.286712e-01;6.958888e-02;9.001379e-02
6.591108e-02;6.587759e-02;1.062695e-01;7.103706e-02;5.238260e-02;7.188463e-02;6.271451e-02;8.890357e-02;1.539398e-01;1.182626e-01;8.855432e-02;5.426284e-02
7.179995e-02;6.648678e-02;9.632361e-02;5.109677e-02;6.399351e-02;9.364054e-02;1.074857e-01;8.353110e-02;1.631224e-01;6.985313e-02;8.385482e-02;4.881175e-02
7.079331e-02;4.595969e-02;1.406847e-01;7.060571e-02;3.089274e-02;7.917196e-02;1.650445e-01;8.653872e-02;1.188140e-01;8.228121e-02;4.945901e-02;5.975449e-02
5.177150e-02;4.532920e-02;2.733014e-01;6.575046e-02;5.261940e-02;4.798927e-02;1.355317e-01;4.909888e-02;9.235904e-02;7.396088e-02;5.590455e-02;5.638370e-02
4.181481e-02;4.760482e-02;2.921102e-01;5.959953e-02;4.867228e-02;4.157640e-02;1.626957e-01;5.383286e-02;1.061334e-01;6.236198e-02;5.697646e-02;2.662154e-02
6.006855e-02;6.809401e-02;2.494581e-01;5.035697e-02;5.065506e-02;3.993478e-02;1.152348e-01;8.977895e-02;1.358746e-01;5.946148e-02;5.152580e-02;2.955680e-02
9.604895e-02;8.855091e-02;2.130627e-01;3.241011e-02;4.092652e-02;3.162539e-02;7.009730e-02;1.309429e-01;1.736865e-01;5.317263e-02;4.075087e-02;2.872515e-02
1.340380e-01;9.259035e-02;1.613721e-01;1.521661e-02;3.204134e-02;2.073556e-02;9.087421e-02;1.723266e-01;1.878979e-01;3.720636e-02;3.148133e-02;2.421966e-02
1.631840e-01;7.600300e-02;1.020291e-01;1.534697e-02;4.087483e-02;1.425230e-02;1.167145e-01;2.014409e-01;1.640162e-01;3.030721e-02;3.721679e-02;3.861415e-02
1.455811e-01;3.529638e-02;1.236413e-01;2.546764e-02;5.807364e-02;3.956732e-02;1.405221e-01;1.367291e-01;9.667746e-02;7.227799e-02;6.932686e-02;5.683916e-02
1.311748e-01;5.099096e-02;9.897989e-02;3.107149e-02;5.004179e-02;8.195147e-02;1.523073e-01;5.370007e-02;7.532645e-02;8.115538e-02;1.187564e-01;7.454400e-02
1.272487e-01;4.413568e-02;1.009684e-01;3.219574e-02;4.375748e-02;7.096654e-02;1.569702e-01;9.186107e-02;6.595344e-02;7.087679e-02;1.001550e-01;9.491108e-02
1.396729e-01;4.190245e-02;1.582894e-01;6.380291e-02;6.484786e-02;3.849940e-02;2.288441e-01;5.352180e-02;4.527298e-02;5.140805e-02;4.872582e-02;6.521235e-02
1.502679e-01;4.533859e-02;1.434224e-01;1.032340e-01;8.296910e-02;5.844747e-02;2.253222e-01;3.620965e-02;4.173481e-02;4.079000e-02;3.524289e-02;3.702097e-02
1.470097e-01;2.771097e-02;1.494758e-01;1.026796e-01;8.478754e-02;8.003926e-02;1.754400e-01;7.547078e-02;4.134567e-02;3.257069e-02;4.268548e-02;4.078462e-02
1.453500e-01;4.974337e-02;1.140067e-01;6.421241e-02;6.739342e-02;6.640492e-02;1.973329e-01;1.094360e-01;5.111272e-02;3.581140e-02;5.680356e-02;4.239272e-02
1.641861e-01;7.137341e-02;6.089306e-02;4.488216e-02;9.426238e-02;4.599857e-02;1.970511e-01;1.077711e-01;7.958908e-02;3.816434e-02;6.507599e-02;3.075265e-02
1.792887e-01;8.055594e-02;1.270698e-01;2.517654e-02;1.264162e-01;7.593216e-02;1.375408e-01;7.342032e-02;5.014738e-02;2.047559e-02;7.248830e-02;3.148817e-02
1.918611e-01;7.921719e-02;1.544413e-01;4.526130e-02;1.273466e-01;4.404525e-02;1.266710e-01;8.287038e-02;3.040444e-02;1.619455e-02;6.807223e-02;3.361464e-02
1.746757e-01;4.292505e-02;1.200122e-01;6.874477e-02;9.112733e-02;4.588191e-02;1.876270e-01;9.141123e-02;3.439511e-02;3.899276e-02;4.723081e-02;5.697602e-02
1.613854e-01;3.511451e-02;1.013715e-01;7.029629e-02;6.411894e-02;3.789639e-02;2.202091e-01;9.829467e-02;2.329795e-02;5.453105e-02;6.049713e-02;7.298712e-02
1.482382e-01;5.005639e-02;1.366969e-01;4.307072e-02;5.829052e-02;3.265385e-02;1.850271e-01;8.570012e-02;2.077943e-02;8.053719e-02;9.986283e-02;5.908677e-02
1.397284e-01;3.512161e-02;1.653542e-01;3.791062e-02;6.600786e-02;7.089846e-02;1.065344e-01;5.652834e-02;6.589263e-02;9.937464e-02;1.208105e-01;3.583830e-02
1.273670e-01;7.101601e-02;1.489959e-01;6.240625e-02;9.925234e-02;1.092182e-01;8.864643e-02;3.616265e-02;9.973031e-02;5.081962e-02;6.141457e-02;4.497073e-02
1.228670e-01;8.693735e-02;1.178763e-01;9.099197e-02;7.357347e-02;6.031089e-02;1.321110e-01;5.505253e-02;7.460614e-02;6.381869e-02;5.442425e-02;6.743045e-02
1.117261e-01;8.221938e-02;1.023313e-01;9.064480e-02;6.638168e-02;5.080421e-02;1.375942e-01;7.919583e-02;8.424807e-02;6.633657e-02;5.536100e-02;7.315692e-02
8.303818e-02;7.980500e-02;1.123529e-01;7.802103e-02;7.567793e-02;5.140883e-02;1.384085e-01;1.013719e-01;8.831417e-02;7.815908e-02;5.288023e-02;6.056229e-02
9.295844e-02;7.465779e-02;3.054247e-01;5.107674e-02;7.326607e-02;5.609716e-02;1.475133e-01;2.841307e-02;4.946316e-02;4.971269e-02;3.929792e-02;3.211899e-02
9.699325e-02;8.692662e-02;4.038830e-01;4.852478e-02;6.145100e-02;5.070940e-02;9.012601e-02;3.027187e-02;3.606567e-02;3.605810e-02;3.181475e-02;2.717564e-02
1.282347e-01;9.843079e-02;3.890563e-01;3.590406e-02;4.436785e-02;3.168409e-02;9.572396e-02;3.294288e-02;3.777165e-02;3.692222e-02;4.017281e-02;2.878866e-02
1.649957e-01;8.453369e-02;2.725726e-01;3.122116e-02;2.652208e-02;3.527924e-02;1.410105e-01;4.972340e-02;4.487948e-02;4.066594e-02;6.144340e-02;4.715274e-02
1.500558e-01;6.809085e-02;1.448859e-01;4.682084e-02;3.450463e-02;8.166239e-02;1.825825e-01;6.885133e-02;4.705144e-02;3.112825e-02;8.454316e-02;5.982287e-02
8.541335e-02;4.770681e-02;1.688215e-01;4.786978e-02;4.729755e-02;8.080211e-02;1.701933e-01;8.888499e-02;7.239708e-02;4.526499e-02;8.020072e-02;6.514783e-02
1.111389e-01;5.230018e-02;1.880314e-01;4.595228e-02;4.548585e-02;5.316056e-02;1.567288e-01;7.972345e-02;5.670062e-02;4.999616e-02;7.347112e-02;8.731069e-02
1.954834e-01;6.374495e-02;1.338159e-01;3.685932e-02;3.086258e-02;3.881634e-02;1.696963e-01;7.640081e-02;2.956326e-02;6.308013e-02;7.606633e-02;8.561074e-02
2.107001e-01;8.420847e-02;2.472221e-01;2.454334e-02;4.232360e-02;3.744522e-02;1.080414e-01;7.724854e-02;2.648042e-02;4.209193e-02;5.738040e-02;4.231452e-02
2.045351e-01;1.106974e-01;2.452543e-01;2.708345e-02;5.355794e-02;2.725641e-02;9.219956e-02;6.002015e-02;5.813549e-02;2.423068e-02;6.254100e-02;3.448860e-02
1.453159e-01;1.332402e-01;2.651905e-01;2.046675e-02;4.781741e-02;5.060260e-02;8.461565e-02;2.800477e-02;8.926759e-02;3.512930e-02;5.322998e-02;4.711948e-02
7.852751e-02;1.305670e-01;3.512580e-01;2.148130e-02;3.907043e-02;5.241018e-02;9.109475e-02;3.299364e-02;8.660010e-02;4.027732e-02;3.838717e-02;3.733264e-02
9.501187e-02;1.438138e-01;3.617181e-01;2.276933e-02;3.260149e-02;5.203328e-02;7.140186e-02;2.144377e-02;8.445402e-02;5.265999e-02;3.561722e-02;2.647522e-02
1.288214e-01;1.430353e-01;3.475368e-01;2.807801e-02;3.306754e-02;5.747174e-02;5.914586e-02;2.966711e-02;4.699803e-02;5.296713e-02;4.769005e-02;2.552098e-02
1.367106e-01;9.680928e-02;2.724750e-01;3.379032e-02;4.196805e-02;4.722420e-02;1.062236e-01;5.933376e-02;6.051367e-02;5.069394e-02;6.465964e-02;2.959799e-02
1.482384e-01;8.469783e-02;1.867469e-01;2.808512e-02;4.712281e-02;4.375291e-02;1.153553e-01;8.174969e-02;9.753438e-02;4.999589e-02;8.736580e-02;2.935499e-02
1.628858e-01;1.182472e-01;2.012396e-01;3.232836e-02;4.556322e-02;5.425511e-02;1.171592e-01;4.560231e-02;7.277537e-02;3.478979e-02;9.359167e-02;2.156229e-02
1.749613e-01;1.405159e-01;2.798896e-01;2.805407e-02;4.149407e-02;4.350860e-02;7.842833e-02;2.457112e-02;5.204008e-02;3.109768e-02;8.211643e-02;2.332285e-02
1.886327e-01;1.259768e-01;2.453177e-01;3.628697e-02;5.713385e-02;4.389616e-02;9.230906e-02;4.896774e-02;3.257083e-02;2.892200e-02;7.618398e-02;2.380212e-02
2.103000e-01;1.043891e-01;2.123579e-01;4.694347e-02;7.196254e-02;2.967145e-02;1.021445e-01;6.376906e-02;3.142310e-02;3.201871e-02;7.097032e-02;2.404972e-02
2.491165e-01;8.183134e-02;1.618106e-01;4.877875e-02;7.243805e-02;3.082001e-02;1.062783e-01;7.159097e-02;4.687244e-02;3.625249e-02;4.586716e-02;4.834343e-02
2.938247e-01;8.502216e-02;1.549064e-01;2.622107e-02;6.292339e-02;3.024794e-02;1.258426e-01;6.779462e-02;4.188582e-02;2.868480e-02;2.750943e-02;5.513707e-02
3.309785e-01;5.931643e-02;1.909889e-01;2.986624e-02;5.023383e-02;2.462017e-02;1.087879e-01;4.857163e-02;2.830556e-02;3.026244e-02;3.331438e-02;6.475405e-02
3.497847e-01;9.653680e-02;1.853625e-01;3.442515e-02;3.679717e-02;1.804346e-02;7.670393e-02;3.447906e-02;2.221638e-02;3.711749e-02;3.647531e-02;7.205809e-02
3.545061e-01;1.018147e-01;1.503308e-01;3.417384e-02;3.385142e-02;2.118977e-02;5.525079e-02;3.213905e-02;3.087568e-02;5.791494e-02;4.600618e-02;8.194675e-02
2.726200e-01;8.937555e-02;1.346954e-01;2.651663e-02;4.063756e-02;2.966049e-02;4.819647e-02;4.789252e-02;4.755605e-02;8.693548e-02;8.618578e-02;8.972815e-02
1.309949e-01;7.139798e-02;1.330988e-01;2.036909e-02;7.207388e-02;4.467230e-02;6.131294e-02;6.957944e-02;6.059058e-02;1.102000e-01;1.422881e-01;8.342196e-02
5.746118e-02;6.053337e-02;1.953718e-01;2.428572e-02;9.289786e-02;5.127385e-02;1.018889e-01;3.578763e-02;8.400635e-02;1.330534e-01;1.023756e-01;6.106430e-02
6.964266e-02;6.213629e-02;1.459368e-01;3.291367e-02;8.555818e-02;7.168789e-02;1.428514e-01;6.517805e-02;9.687877e-02;1.092325e-01;6.723721e-02;5.074660e-02
9.170800e-02;6.110669e-02;1.440741e-01;4.826371e-02;7.941653e-02;9.227698e-02;1.086010e-01;3.425276e-02;1.238881e-01;9.013733e-02;8.182345e-02;4.445132e-02
1.200607e-01;8.265488e-02;1.228566e-01;7.019529e-02;7.017968e-02;8.033192e-02;8.524554e-02;4.196787e-02;1.201370e-01;8.205429e-02;8.518824e-02;3.912799e-02
8.825117e-02;8.639107e-02;1.248609e-01;6.702278e-02;6.919363e-02;5.269257e-02;1.541702e-01;4.840207e-02;7.400975e-02;1.018755e-01;8.550029e-02;4.763005e-02
1.153584e-01;7.638575e-02;1.484732e-01;7.521542e-02;7.031877e-02;5.230401e-02;1.654748e-01;6.390537e-02;4.395041e-02;8.550081e-02;4.341421e-02;5.969892e-02
1.194034e-01;7.193312e-02;1.334530e-01;7.903239e-02;7.541396e-02;7.070985e-02;1.637169e-01;5.331526e-02;6.675716e-02;7.189369e-02;4.928603e-02;4.508526e-02
1.254045e-01;5.428809e-02;8.623971e-02;6.816868e-02;6.910851e-02;7.545013e-02;1.693304e-01;5.887935e-02;1.074524e-01;6.740893e-02;6.487626e-02;5.339291e-02
1.061510e-01;5.159967e-02;8.933292e-02;5.632100e-02;7.864776e-02;7.650448e-02;1.402711e-01;8.050261e-02;1.048186e-01;7.211221e-02;6.869673e-02;7.504196e-02
5.538178e-02;4.807895e-02;1.091396e-01;6.108551e-02;9.106110e-02;8.811221e-02;1.325486e-01;8.353687e-02;8.892687e-02;8.867620e-02;1.021483e-01;5.130395e-02
5.391229e-02;5.307344e-02;9.198643e-02;6.968499e-02;9.036904e-02;9.205218e-02;1.502729e-01;5.886327e-02;9.178934e-02;9.201259e-02;9.850402e-02;5.747956e-02
7.394952e-02;7.204964e-02;6.267202e-02;7.701740e-02;9.098949e-02;7.457598e-02;1.377211e-01;6.139360e-02;9.979379e-02;8.790390e-02;7.657278e-02;8.536078e-02
4.982749e-02;6.303390e-02;1.207390e-01;3.911048e-02;7.129850e-02;7.623911e-02;1.595183e-01;9.323716e-02;6.508798e-02;1.283416e-01;5.694686e-02;7.661960e-02
3.887016e-02;4.368213e-02;1.464175e-01;3.296949e-02;7.453217e-02;9.546412e-02;1.808918e-01;9.698517e-02;5.424846e-02;1.361960e-01;4.662434e-02;5.311874e-02
3.268481e-02;3.379514e-02;1.041923e-01;3.827046e-02;9.198283e-02;8.132513e-02;1.753582e-01;1.098900e-01;6.948451e-02;1.715217e-01;4.660524e-02;4.488967e-02
4.933799e-02;4.176541e-02;8.331337e-02;6.231185e-02;8.251091e-02;5.814987e-02;1.501453e-01;1.020988e-01;1.396135e-01;1.431205e-01;5.628215e-02;3.135031e-02
5.561039e-02;4.300888e-02;5.603644e-02;5.078603e-02;7.773966e-02;6.821897e-02;1.218643e-01;6.715038e-02;1.709895e-01;2.101213e-01;4.791639e-02;3.055770e-02
4.122295e-02;3.589750e-02;6.131073e-02;4.303555e-02;7.996914e-02;5.833610e-02;9.908267e-02;4.748042e-02;1.539476e-01;3.068234e-01;3.372152e-02;3.917237e-02
2.095996e-02;3.350542e-02;1.025911e-01;4.586896e-02;7.275067e-02;5.688214e-02;8.997340e-02;3.547746e-02;1.070323e-01;3.407917e-01;4.357527e-02;5.059158e-02
3.461815e-02;4.427644e-02;1.128155e-01;3.857877e-02;3.877049e-02;4.478800e-02;1.052841e-01;7.017156e-02;8.361956e-02;3.175828e-01;6.114743e-02;4.834715e-02
5.661537e-02;5.287885e-02;1.064766e-01;4.332294e-02;2.160952e-02;4.686121e-02;1.093265e-01;1.223132e-01;1.221403e-01;1.953779e-01;8.315561e-02;3.992192e-02
6.863781e-02;4.558120e-02;8.858422e-02;5.183795e-02;5.675639e-02;6.632443e-02;1.046729e-01;1.139768e-01;1.387682e-01;1.379990e-01;8.214802e-02;4.471314e-02
8.097271e-02;5.468775e-02;8.242118e-02;5.347408e-02;8.130762e-02;7.803729e-02;1.287510e-01;4.844407e-02;1.209224e-01;1.557306e-01;5.285876e-02;6.239254e-02
8.600932e-02;6.733526e-02;1.056569e-01;4.397203e-02;1.144613e-01;5.869561e-02;1.262552e-01;3.739763e-02;9.239343e-02;1.619841e-01;5.314265e-02;5.269660e-02
5.673482e-02;6.183432e-02;1.369156e-01;5.457555e-02;1.073820e-01;8.095258e-02;1.407624e-01;2.911511e-02;8.111437e-02;1.367427e-01;8.641759e-02;2.745296e-02
6.054565e-02;4.881579e-02;1.427802e-01;5.459493e-02;9.806762e-02;8.248887e-02;1.782511e-01;5.384674e-02;9.187538e-02;8.543785e-02;8.718203e-02;1.611385e-02
7.156800e-02;5.543414e-02;1.507834e-01;4.878193e-02;7.578577e-02;7.309828e-02;1.460485e-01;7.035584e-02;8.038843e-02;1.208822e-01;6.086284e-02;4.601057e-02
7.244190e-02;5.325248e-02;1.516797e-01;5.829471e-02;6.690929e-02;5.793968e-02;1.315719e-01;4.631339e-02;7.335345e-02;1.536760e-01;6.589325e-02;6.867424e-02
8.766130e-02;7.204965e-02;1.207285e-01;6.470504e-02;8.110917e-02;5.342963e-02;1.352319e-01;6.467420e-02;4.973762e-02;1.384254e-01;5.288031e-02;7.936721e-02
1.169502e-01;1.017891e-01;5.592194e-02;5.412395e-02;7.419079e-02;6.206996e-02;9.302635e-02;7.302902e-02;1.100814e-01;1.032914e-01;7.432855e-02;8.119746e-02
9.332895e-02;8.320236e-02;4.389432e-02;7.746961e-02;6.775279e-02;8.197460e-02;1.003487e-01;6.832556e-02;1.393211e-01;9.668484e-02;7.532878e-02;7.236834e-02
4.487440e-02;7.554681e-02;8.477206e-02;9.341732e-02;6.182013e-02;1.088030e-01;1.345454e-01;9.385609e-02;9.773059e-02;1.008594e-01;5.354463e-02;5.023019e-02
5.295382e-02;7.446247e-02;9.176231e-02;7.595866e-02;8.046463e-02;7.997044e-02;1.896122e-01;1.159732e-01;6.988926e-02;7.384372e-02;4.769829e-02;4.741105e-02
7.807893e-02;6.655783e-02;1.305361e-01;6.314833e-02;9.249843e-02;8.192582e-02;1.803266e-01;9.695113e-02;4.828046e-02;6.373654e-02;3.146829e-02;6.649162e-02
7.645766e-02;6.321114e-02;1.403776e-01;6.544118e-02;7.918659e-02;9.090130e-02;1.693809e-01;9.900533e-02;3.972952e-02;7.970715e-02;3.973045e-02;5.687118e-02
5.754010e-02;7.813645e-02;9.737916e-02;4.754198e-02;4.050626e-02;6.924223e-02;1.395142e-01;1.261292e-01;9.238877e-02;1.275771e-01;6.681323e-02;5.723125e-02
4.738658e-02;6.874103e-02;6.824195e-02;5.221068e-02;5.077567e-02;7.522851e-02;1.421953e-01;1.155227e-01;1.080731e-01;1.325549e-01;8.315179e-02;5.591783e-02
5.994830e-02;6.914651e-02;5.152016e-02;6.462157e-02;5.835431e-02;8.717601e-02;1.345403e-01;9.282597e-02;1.081508e-01;1.420670e-01;8.732696e-02;4.432207e-02
1.036622e-01;6.034660e-02;8.549672e-02;6.180117e-02;5.494729e-02;9.190116e-02;1.196899e-01;8.221129e-02;1.015305e-01;1.217287e-01;6.242979e-02;5.425468e-02
1.175441e-01;4.770721e-02;1.571454e-01;5.750974e-02;7.102368e-02;8.141731e-02;1.218653e-01;3.883579e-02;1.271738e-01;6.471701e-02;4.464009e-02;7.042049e-02
6.426392e-02;7.152504e-02;2.313310e-01;9.506100e-02;7.578227e-02;5.834621e-02;9.738008e-02;4.357362e-02;8.946321e-02;5.651134e-02;4.887598e-02;6.788627e-02
8.360445e-02;8.807409e-02;3.292742e-01;7.823159e-02;6.915522e-02;4.661589e-02;7.070505e-02;3.163000e-02;7.223510e-02;4.738409e-02;3.800046e-02;4.508984e-02
1.078041e-01;9.211537e-02;3.691160e-01;5.817524e-02;5.232385e-02;3.712149e-02;8.145329e-02;3.905676e-02;5.755520e-02;4.062190e-02;3.007762e-02;3.457915e-02
1.549911e-01;8.703823e-02;3.058049e-01;4.864011e-02;4.786998e-02;3.188896e-02;8.942037e-02;5.938958e-02;5.333386e-02;3.089358e-02;3.677984e-02;5.394940e-02
2.775918e-01;4.899731e-02;1.321391e-01;3.899898e-02;4.113458e-02;2.894635e-02;9.315727e-02;9.318637e-02;5.046387e-02;4.575937e-02;6.541772e-02;8.420731e-02
2.774262e-01;1.623927e-01;2.011250e-01;2.372959e-02;1.816810e-02;1.113581e-02;5.136658e-02;8.786100e-02;5.878382e-02;3.191533e-02;3.948520e-02;3.661060e-02
2.169476e-01;2.152361e-01;2.810046e-01;1.731768e-02;1.673894e-02;1.056527e-02;3.710672e-02;5.455099e-02;9.139496e-02;2.507227e-02;1.690190e-02;1.716305e-02
1.857195e-01;2.427582e-01;3.050503e-01;1.844944e-02;2.059796e-02;1.512675e-02;2.107082e-02;1.972696e-02;1.244502e-01;2.262400e-02;1.058050e-02;1.384540e-02
1.622819e-01;2.546651e-01;2.746718e-01;2.242223e-02;1.880155e-02;1.685598e-02;2.888972e-02;1.658260e-02;1.702353e-01;1.245277e-02;1.066326e-02;1.147777e-02
1.029113e-01;2.525808e-01;2.473765e-01;3.583622e-02;1.766647e-02;2.329211e-02;2.488382e-02;2.568023e-02;2.262278e-01;1.727603e-02;1.255205e-02;1.371665e-02
6.783863e-02;2.333120e-01;2.756216e-01;3.967111e-02;1.285507e-02;3.563635e-02;2.948139e-02;2.255584e-02;2.334264e-01;2.429717e-02;9.898434e-03;1.540609e-02
5.543483e-02;1.734772e-01;3.588789e-01;3.705204e-02;1.739663e-02;3.727248e-02;5.229238e-02;3.557162e-02;1.674411e-01;3.269516e-02;1.789873e-02;1.458883e-02
2.450892e-02;1.178194e-01;4.203793e-01;4.123462e-02;2.952941e-02;5.040108e-02;9.986728e-02;4.761015e-02;7.333135e-02;4.557608e-02;3.035546e-02;1.938700e-02
6.814906e-02;1.127955e-01;3.761334e-01;3.957869e-02;4.347313e-02;6.550549e-02;1.240466e-01;4.863466e-02;2.649138e-02;3.374539e-02;3.520548e-02;2.624121e-02
1.081341e-01;1.026199e-01;3.100881e-01;3.263656e-02;4.469715e-02;7.114797e-02;1.339100e-01;3.377897e-02;5.371848e-02;3.167928e-02;4.300943e-02;3.457995e-02
9.961574e-02;1.035105e-01;2.423281e-01;4.485058e-02;3.041579e-02;6.548153e-02;1.564101e-01;3.646343e-02;6.355232e-02;5.978196e-02;5.691722e-02;4.067280e-02
9.651393e-02;9.247111e-02;1.065945e-01;8.103469e-02;6.569599e-02;7.431462e-02;5.650222e-02;7.802127e-02;1.023806e-01;1.279411e-01;7.416090e-02;4.436910e-02
9.490601e-02;8.308993e-02;1.071035e-01;5.316741e-02;6.802795e-02;7.394177e-02;1.029184e-01;7.007745e-02;1.288294e-01;9.973338e-02;6.325469e-02;5.495008e-02
9.686083e-02;8.513123e-02;1.166098e-01;3.863242e-02;5.667789e-02;9.945284e-02;1.244502e-01;5.031627e-02;1.640878e-01;6.954288e-02;5.099741e-02;4.724039e-02
6.259655e-02;7.734722e-02;9.854425e-02;6.062137e-02;6.497598e-02;9.544548e-02;8.235174e-02;6.332291e-02;2.009379e-01;9.088370e-02;4.927392e-02;5.369891e-02
8.722196e-02;6.258482e-02;1.249887e-01;5.637952e-02;4.581567e-02;4.946843e-02;1.254472e-01;5.356690e-02;1.509256e-01;1.075910e-01;6.381390e-02;7.219627e-02
8.603268e-02;5.393670e-02;1.316412e-01;7.642737e-02;4.464554e-02;5.577882e-02;1.525961e-01;5.935600e-02;1.263454e-01;9.691689e-02;5.762726e-02;5.869609e-02
1.009428e-01;7.252284e-02;1.040892e-01;8.424602e-02;6.225958e-02;7.652468e-02;1.207865e-01;6.395697e-02;1.120488e-01;8.606333e-02;6.195648e-02;5.460277e-02
8.265776e-02;6.667117e-02;1.157889e-01;6.477910e-02;6.650037e-02;8.707447e-02;1.974249e-01;5.301989e-02;7.151157e-02;7.827567e-02;5.009273e-02;6.620346e-02
8.083192e-02;6.485764e-02;3.089940e-01;6.772076e-02;8.253358e-02;6.591440e-02;1.378474e-01;3.123187e-02;5.200011e-02;4.419682e-02;1.893337e-02;4.493810e-02
7.459395e-02;9.396177e-02;3.640588e-01;5.862217e-02;7.955497e-02;6.019966e-02;1.072710e-01;3.209790e-02;5.190545e-02;3.188848e-02;2.117994e-02;2.466592e-02
6.899263e-02;1.301973e-01;3.918836e-01;4.092055e-02;6.140892e-02;7.036217e-02;8.449429e-02;2.326659e-02;5.990723e-02;3.357675e-02;1.764849e-02;1.734153e-02
9.275380e-02;1.647442e-01;3.878733e-01;3.351557e-02;2.665269e-02;7.827515e-02;7.417950e-02;1.831474e-02;6.066070e-02;2.899355e-02;1.554614e-02;1.849067e-02
1.716280e-01;1.543973e-01;2.901363e-01;3.286353e-02;3.596009e-02;6.492121e-02;9.271466e-02;3.290554e-02;4.107123e-02;3.454432e-02;1.860598e-02;3.025175e-02
2.345398e-01;1.192177e-01;1.688111e-01;3.677621e-02;5.214568e-02;5.886505e-02;1.182033e-01;4.307530e-02;2.456032e-02;3.848344e-02;5.117032e-02;5.415177e-02
1.853355e-01;6.038204e-02;1.387410e-01;6.382435e-02;5.396650e-02;7.721094e-02;1.230519e-01;3.512639e-02;3.235127e-02;6.090783e-02;8.075780e-02;8.834451e-02
1.379921e-01;9.861036e-02;1.322619e-01;4.804286e-02;7.206368e-02;8.533634e-02;1.076042e-01;3.232883e-02;4.320490e-02;8.320311e-02;9.094908e-02;6.840260e-02
9.092809e-02;1.027279e-01;9.752724e-02;5.813792e-02;7.064514e-02;8.326074e-02;1.362225e-01;5.024903e-02;7.081281e-02;9.976137e-02;9.021854e-02;4.950874e-02
4.254290e-02;6.749026e-02;1.191095e-01;6.058640e-02;6.146524e-02;9.405581e-02;1.679827e-01;6.163713e-02;7.706262e-02;1.278260e-01;8.460898e-02;3.563257e-02
2.542485e-02;5.381597e-02;1.688074e-01;4.598371e-02;6.772510e-02;1.003895e-01;1.416242e-01;6.984318e-02;7.771624e-02;1.307974e-01;6.947594e-02;4.839649e-02
5.494775e-02;5.902198e-02;1.459449e-01;4.340233e-02;6.317960e-02;8.872563e-02;8.345369e-02;9.443061e-02;1.154845e-01;1.424217e-01;5.658676e-02;5.240056e-02
5.113209e-02;8.653848e-02;2.823369e-01;8.087198e-02;7.419039e-02;4.963737e-02;7.322478e-02;6.352419e-02;6.280111e-02;1.069103e-01;2.508830e-02;4.374409e-02
8.554348e-02;1.140896e-01;4.322045e-01;5.929355e-02;5.719453e-02;3.240945e-02;6.995959e-02;2.758210e-02;3.129613e-02;4.968994e-02;2.342789e-02;1.730930e-02
9.194955e-02;1.196560e-01;5.402035e-01;3.534057e-02;2.934956e-02;2.748296e-02;3.049852e-02;2.184015e-02;2.930339e-02;4.299453e-02;1.557436e-02;1.580684e-02
5.117332e-02;6.691399e-02;6.186805e-01;6.500414e-02;2.144817e-02;1.546828e-02;5.121670e-02;2.158316e-02;2.794285e-02;3.465293e-02;1.332758e-02;1.258842e-02
3.230378e-02;3.581963e-02;6.599069e-01;7.443286e-02;3.334130e-02;1.830073e-02;5.770261e-02;1.680398e-02;1.779434e-02;2.892375e-02;1.680151e-02;7.868634e-03
2.722477e-02;5.560441e-02;6.909449e-01;6.690266e-02;2.494605e-02;1.734347e-02;4.821332e-02;1.008181e-02;8.743071e-03;3.387800e-02;8.006549e-03;8.110984e-03
2.423315e-02;7.078978e-02;6.947997e-01;5.673423e-02;2.349247e-02;9.833027e-03;4.469397e-02;5.779284e-03;1.284448e-02;3.719009e-02;8.898539e-03;1.071125e-02
2.035743e-02;9.303986e-02;6.917397e-01;3.689348e-02;1.778795e-02;1.335827e-02;5.164956e-02;8.458508e-03;1.813754e-02;3.331908e-02;9.562989e-03;5.695636e-03
1.175153e-02;9.989633e-02;6.909386e-01;4.632034e-02;1.671232e-02;2.569466e-02;4.605321e-02;6.184134e-03;1.121732e-02;3.009743e-02;7.811743e-03;7.322413e-03
4.720474e-02;1.338729e-01;6.000223e-01;4.023649e-02;1.246950e-02;3.905346e-02;4.291944e-02;7.371177e-03;2.262507e-02;3.273156e-02;1.062366e-02;1.086970e-02
8.387146e-02;1.451985e-01;4.661351e-01;2.845175e-02;1.884962e-02;5.541959e-02;7.107487e-02;1.879767e-02;4.785444e-02;3.308103e-02;1.761083e-02;1.365509e-02
1.359332e-01;1.095328e-01;3.630883e-01;3.173318e-02;4.316537e-02;6.752100e-02;8.738428e-02;2.557086e-02;6.541632e-02;2.618226e-02;2.654487e-02;1.792753e-02
1.797205e-01;7.986593e-02;3.348590e-01;4.177189e-02;5.277679e-02;6.582886e-02;6.388610e-02;1.879463e-02;5.446050e-02;3.548285e-02;4.142834e-02;3.112465e-02
1.453003e-01;2.073045e-02;3.836674e-01;5.502229e-02;4.549958e-02;5.476007e-02;7.292159e-02;3.646954e-02;4.236751e-02;4.651745e-02;5.327135e-02;4.347244e-02
9.912504e-02;5.387905e-02;3.567403e-01;5.010494e-02;3.633691e-02;4.919174e-02;9.062555e-02;3.747004e-02;4.542327e-02;6.539160e-02;6.480882e-02;5.090277e-02
5.611664e-02;2.914251e-02;3.352445e-01;5.504799e-02;4.492626e-02;4.398641e-02;9.480497e-02;2.842535e-02;6.906429e-02;9.912248e-02;9.204818e-02;5.207041e-02
3.657289e-02;4.645553e-02;3.026633e-01;5.675697e-02;3.972521e-02;4.789571e-02;9.211529e-02;3.400869e-02;7.513513e-02;1.134671e-01;1.054113e-01;4.979289e-02
6.892993e-02;7.403706e-02;2.774871e-01;4.153438e-02;5.027317e-02;5.742275e-02;6.941933e-02;6.216846e-02;4.504581e-02;1.199218e-01;9.037858e-02;4.338165e-02
9.638055e-02;9.202066e-02;2.329479e-01;5.168839e-02;4.132398e-02;6.706817e-02;7.493988e-02;5.703939e-02;6.742039e-02;9.973712e-02;8.191845e-02;3.751511e-02
7.964600e-02;8.860230e-02;2.339784e-01;6.502469e-02;4.401796e-02;7.420897e-02;8.638132e-02;6.277537e-02;1.035607e-01;7.388062e-02;6.101384e-02;2.690983e-02
7.869181e-02;4.605520e-02;2.595519e-01;4.311385e-02;6.203986e-02;6.075573e-02;9.968860e-02;7.420415e-02;8.368500e-02;9.301903e-02;5.919757e-02;3.999730e-02
8.018855e-02;8.506817e-02;1.972473e-01;4.591606e-02;4.817560e-02;5.406412e-02;1.390108e-01;5.153964e-02;6.254077e-02;9.785929e-02;8.409729e-02;5.429239e-02
