2.926598e-02;6.666125e-02;9.256437e-02;9.879524e-02;6.883245e-02;1.219774e-01;1.357246e-01;1.540447e-01;1.113458e-01;5.776854e-02;3.472877e-02;2.829096e-02
3.674152e-02;1.042088e-01;7.683623e-02;9.881802e-02;4.024382e-02;1.176898e-01;1.474367e-01;1.308964e-01;1.063626e-01;5.686615e-02;5.111003e-02;3.278990e-02
2.800313e-02;1.225522e-01;5.006557e-02;7.640535e-02;4.166616e-02;9.033819e-02;1.281198e-01;1.383224e-01;1.430726e-01;7.892551e-02;5.767316e-02;4.485601e-02
1.595767e-02;1.022638e-01;3.085089e-02;5.177226e-02;6.130876e-02;5.358682e-02;7.424768e-02;1.888986e-01;2.301960e-01;1.135655e-01;3.439998e-02;4.295196e-02
2.237648e-02;9.217008e-02;3.963276e-02;3.661177e-02;4.820885e-02;3.921562e-02;3.685728e-02;2.147751e-01;2.711861e-01;1.176707e-01;5.045325e-02;3.084198e-02
2.747975e-02;7.471240e-02;5.132935e-02;5.517684e-02;4.524545e-02;8.094701e-02;4.044016e-02;1.967027e-01;2.365823e-01;8.828352e-02;6.940749e-02;3.369313e-02
2.917647e-02;9.163875e-02;9.298908e-02;7.794799e-02;4.091267e-02;1.130291e-01;5.818690e-02;1.712726e-01;1.540469e-01;5.594036e-02;7.539711e-02;3.946207e-02
3.132177e-02;1.731601e-01;1.058858e-01;5.585949e-02;2.353625e-02;1.173417e-01;7.198923e-02;1.400324e-01;1.443827e-01;5.550816e-02;5.382426e-02;2.715816e-02
3.318509e-02;2.087339e-01;7.425550e-02;3.522113e-02;4.420211e-02;1.258243e-01;5.500338e-02;1.949919e-01;9.975657e-02;5.961485e-02;3.526322e-02;3.394810e-02
3.331291e-02;2.055094e-01;7.170754e-02;3.514527e-02;4.733733e-02;1.235669e-01;2.076898e-02;2.148995e-01;1.340313e-01;6.015600e-02;3.103451e-02;2.253038e-02
2.918172e-02;1.479731e-01;1.105308e-01;5.725413e-02;5.210608e-02;1.489783e-01;3.944238e-02;1.617111e-01;1.401947e-01;5.914277e-02;3.355098e-02;1.993397e-02
3.891080e-02;1.073350e-01;9.891500e-02;9.174802e-02;7.213140e-02;1.424005e-01;7.240894e-02;1.299760e-01;1.134318e-01;7.658771e-02;3.209557e-02;2.405928e-02
4.817675e-02;1.039110e-01;9.624379e-02;7.660224e-02;6.060548e-02;1.168280e-01;5.911073e-02;1.228690e-01;1.132617e-01;1.165497e-01;4.063136e-02;4.521029e-02
3.302796e-02;8.910434e-02;1.412894e-01;4.704242e-02;4.441886e-02;1.174240e-01;5.159913e-02;1.112560e-01;1.224955e-01;1.410844e-01;5.899410e-02;4.226393e-02
3.043078e-02;9.565044e-02;1.713344e-01;4.074211e-02;2.758210e-02;1.228548e-01;4.384755e-02;1.487183e-01;1.384528e-01;1.081003e-01;3.959097e-02;3.269545e-02
4.077331e-02;1.864278e-01;2.229456e-01;2.941655e-02;2.527075e-02;7.947484e-02;5.196533e-02;1.785326e-01;9.074774e-02;5.465408e-02;1.695777e-02;2.283368e-02
5.620338e-02;2.741114e-01;2.038524e-01;2.607847e-02;3.309627e-02;5.695716e-02;3.588365e-02;1.523703e-01;8.302858e-02;4.096401e-02;1.965930e-02;1.779505e-02
8.387733e-02;3.105100e-01;2.058201e-01;2.165879e-02;3.513498e-02;3.071066e-02;3.502618e-02;1.332278e-01;8.233208e-02;2.738489e-02;1.838833e-02;1.592888e-02
1.054055e-01;2.739270e-01;1.552488e-01;1.678699e-02;3.121461e-02;6.412317e-02;3.546146e-02;1.562754e-01;1.062780e-01;2.600089e-02;1.209747e-02;1.718079e-02
1.222427e-01;1.957052e-01;8.366695e-02;1.990794e-02;2.653273e-02;1.239061e-01;3.527084e-02;1.582561e-01;1.624078e-01;3.314476e-02;8.028528e-03;3.093030e-02
9.896923e-02;1.496851e-01;9.520243e-02;4.249997e-02;3.794971e-02;1.376133e-01;4.022883e-02;1.029040e-01;1.872192e-01;4.429507e-02;1.419559e-02;4.923764e-02
7.250628e-02;8.118210e-02;9.266243e-02;4.877721e-02;3.940393e-02;1.555100e-01;5.106488e-02;1.193378e-01;2.037229e-01;5.433024e-02;2.628485e-02;5.521741e-02
5.942332e-02;1.217308e-01;6.058460e-02;4.739942e-02;5.948915e-02;1.418124e-01;4.111795e-02;1.926763e-01;1.734624e-01;4.784447e-02;2.777766e-02;2.668163e-02
4.179316e-02;1.396129e-01;9.482223e-02;4.903818e-02;5.698033e-02;1.128969e-01;7.594958e-02;1.981372e-01;1.384467e-01;3.287680e-02;2.471686e-02;3.472918e-02
3.970068e-02;1.070956e-01;6.565169e-02;7.343506e-02;3.334599e-02;9.517180e-02;1.851591e-01;1.574174e-01;1.153528e-01;4.413073e-02;2.459385e-02;5.894519e-02
5.012552e-02;7.733512e-02;3.998944e-02;1.149517e-01;1.699569e-02;1.655673e-01;1.950003e-01;7.183450e-02;8.867065e-02;8.494525e-02;1.765445e-02;7.693016e-02
7.402645e-02;1.152741e-01;2.404019e-02;8.830648e-02;1.950093e-02;2.246254e-01;1.110089e-01;7.278849e-02;1.022956e-01;8.744607e-02;1.139603e-02;6.929141e-02
7.994760e-02;1.166067e-01;7.512359e-02;1.202355e-01;1.638461e-02;1.514215e-01;1.501944e-01;6.423979e-02;7.262892e-02;6.434613e-02;1.990440e-02;6.896681e-02
7.832599e-02;1.465824e-01;1.052294e-01;1.028957e-01;2.808495e-02;7.330380e-02;2.079882e-01;6.111482e-02;4.181933e-02;4.664156e-02;3.291115e-02;7.510272e-02
6.323986e-02;1.636952e-01;1.166128e-01;5.023897e-02;3.975405e-02;7.636218e-02;2.157263e-01;9.954636e-02;2.214500e-02;3.013333e-02;3.613639e-02;8.640955e-02
4.014052e-02;1.543563e-01;9.192594e-02;4.012848e-02;3.148798e-02;1.037912e-01;2.052290e-01;1.301161e-01;3.811059e-02;2.220306e-02;2.441810e-02;1.180927e-01
4.212889e-02;1.135318e-01;5.276680e-02;3.567068e-02;2.156106e-02;1.140519e-01;2.087542e-01;1.296371e-01;6.808469e-02;3.961075e-02;4.089035e-02;1.333117e-01
5.965203e-02;1.428160e-01;8.587079e-02;2.735231e-02;3.379074e-02;1.349126e-01;1.365534e-01;1.045696e-01;7.294796e-02;4.310947e-02;4.249048e-02;1.159346e-01
9.926298e-02;2.119029e-01;1.120471e-01;3.052321e-02;3.206760e-02;1.187982e-01;8.880083e-02;5.969315e-02;5.879241e-02;4.426191e-02;3.303302e-02;1.108167e-01
1.459169e-01;2.104167e-01;6.175000e-02;2.835909e-02;2.435846e-02;8.411891e-02;1.123534e-01;5.910777e-02;8.719597e-02;4.784407e-02;2.544749e-02;1.131312e-01
1.517750e-01;2.398313e-01;8.081550e-02;3.373360e-02;2.074223e-02;9.002586e-02;1.051404e-01;5.774879e-02;7.742649e-02;4.658988e-02;1.859296e-02;7.757799e-02
1.372992e-01;2.322139e-01;1.096903e-01;2.747809e-02;2.459321e-02;6.742796e-02;9.249639e-02;9.109027e-02;4.793477e-02;6.977367e-02;1.570785e-02;8.429438e-02
8.900962e-02;1.908116e-01;1.079926e-01;4.281950e-02;2.279108e-02;3.660645e-02;1.673467e-01;1.147152e-01;4.557866e-02;5.444948e-02;1.689237e-02;1.109867e-01
6.473178e-02;1.539121e-01;8.391638e-02;5.164051e-02;2.019441e-02;3.930365e-02;2.568359e-01;8.886950e-02;4.223635e-02;3.493736e-02;2.171062e-02;1.417115e-01
5.319812e-02;1.591109e-01;5.080414e-02;5.280645e-02;1.421557e-02;4.039082e-02;3.416700e-01;5.344167e-02;3.136630e-02;2.204373e-02;1.502927e-02;1.659230e-01
5.720299e-02;1.471859e-01;6.725699e-02;4.938701e-02;1.250961e-02;6.158851e-02;3.460832e-01;4.121338e-02;1.949189e-02;1.740063e-02;1.956987e-02;1.611100e-01
6.598441e-02;1.006750e-01;3.682749e-02;6.140072e-02;1.631713e-02;7.656978e-02;3.108512e-01;6.098169e-02;4.150724e-02;3.409258e-02;3.451916e-02;1.602736e-01
8.648305e-02;1.374363e-01;8.872684e-02;5.549839e-02;1.764123e-02;6.882631e-02;2.291594e-01;4.648204e-02;4.851480e-02;5.000076e-02;2.883469e-02;1.423961e-01
9.755912e-02;1.773539e-01;1.091574e-01;4.142207e-02;1.541426e-02;7.377719e-02;1.848287e-01;7.201865e-02;4.515643e-02;4.429813e-02;1.546453e-02;1.235496e-01
1.020098e-01;1.983471e-01;1.027402e-01;5.280692e-02;2.584288e-02;7.717901e-02;1.473222e-01;8.212750e-02;4.077451e-02;3.700901e-02;1.469364e-02;1.191472e-01
1.393586e-01;2.264601e-01;5.768024e-02;5.464298e-02;3.474517e-02;8.192302e-02;7.393769e-02;1.011835e-01;5.722547e-02;4.247975e-02;1.839503e-02;1.119685e-01
1.294354e-01;2.364873e-01;1.219659e-01;3.121771e-02;2.058183e-02;1.127078e-01;1.120364e-01;8.971774e-02;4.366394e-02;3.098804e-02;2.007382e-02;5.112412e-02
1.071802e-01;2.268503e-01;1.374264e-01;2.812579e-02;2.081802e-02;9.801535e-02;1.140710e-01;6.876671e-02;5.664602e-02;3.669424e-02;2.197224e-02;8.343364e-02
8.404464e-02;1.914639e-01;1.371326e-01;3.722529e-02;3.192306e-02;9.355488e-02;1.021596e-01;7.886905e-02;7.821838e-02;4.985740e-02;3.018614e-02;8.536510e-02
8.000650e-02;2.013043e-01;1.008953e-01;4.415944e-02;3.254901e-02;1.218202e-01;9.990106e-02;7.853549e-02;8.336571e-02;5.539006e-02;4.666618e-02;5.540683e-02
7.614375e-02;2.367427e-01;1.369265e-01;5.050102e-02;2.055429e-02;1.181542e-01;1.232873e-01;6.653472e-02;6.861077e-02;3.720453e-02;3.827332e-02;2.706691e-02
6.936371e-02;1.891364e-01;1.313804e-01;5.499778e-02;2.294753e-02;1.030406e-01;1.859257e-01;4.460341e-02;5.973051e-02;3.550819e-02;4.089766e-02;6.246807e-02
5.742777e-02;1.579958e-01;1.229172e-01;6.173522e-02;3.495747e-02;8.725129e-02;2.017389e-01;5.633326e-02;5.137984e-02;3.573586e-02;4.816584e-02;8.436160e-02
6.341203e-02;1.760256e-01;1.303925e-01;8.385096e-02;3.877264e-02;5.157872e-02;1.545135e-01;8.742073e-02;4.631889e-02;2.852384e-02;5.112110e-02;8.806948e-02
9.625220e-02;2.100132e-01;1.523596e-01;5.633983e-02;4.851031e-02;4.925820e-02;1.030461e-01;1.121237e-01;3.781487e-02;2.330688e-02;3.415519e-02;7.681991e-02
1.132064e-01;1.997490e-01;1.225495e-01;4.002135e-02;5.814733e-02;4.828566e-02;1.097936e-01;1.307602e-01;5.192364e-02;3.342751e-02;1.916324e-02;7.297252e-02
8.926990e-02;2.015175e-01;1.267574e-01;3.273153e-02;3.443406e-02;8.068908e-02;1.129836e-01;1.162376e-01;8.629635e-02;3.330311e-02;2.500507e-02;6.077469e-02
7.122850e-02;2.256042e-01;1.694316e-01;3.186565e-02;1.241811e-02;5.844060e-02;1.257156e-01;1.032051e-01;9.673670e-02;3.743692e-02;2.510420e-02;4.281287e-02
7.729671e-02;2.233126e-01;1.491003e-01;2.985643e-02;1.524936e-02;3.631833e-02;1.484642e-01;1.002751e-01;1.032110e-01;3.127575e-02;2.496843e-02;6.067174e-02
7.279595e-02;1.619576e-01;9.093458e-02;2.765809e-02;3.928315e-02;8.725113e-02;1.532023e-01;1.084722e-01;1.109061e-01;2.957163e-02;3.106023e-02;8.690700e-02
6.038177e-02;2.006664e-01;1.324753e-01;2.704851e-02;3.436207e-02;9.698799e-02;1.271239e-01;9.522408e-02;7.501911e-02;4.102643e-02;3.552558e-02;7.415880e-02
6.291235e-02;1.851656e-01;6.167627e-02;3.210165e-02;2.895799e-02;1.270685e-01;1.697460e-01;7.847804e-02;8.788878e-02;4.899082e-02;3.594377e-02;8.107025e-02
7.840687e-02;2.056095e-01;8.050250e-02;2.411864e-02;2.532321e-02;1.194075e-01;1.743211e-01;7.474852e-02;7.788471e-02;4.285487e-02;2.758842e-02;6.923411e-02
7.149064e-02;2.525151e-01;1.001386e-01;2.868195e-02;2.436898e-02;1.096952e-01;1.397310e-01;9.861807e-02;5.951319e-02;2.840425e-02;1.584059e-02;7.100250e-02
6.796060e-02;2.525914e-01;1.068899e-01;2.978940e-02;1.841279e-02;1.020105e-01;1.352219e-01;9.947366e-02;5.680577e-02;1.571937e-02;2.118732e-02;9.393740e-02
9.729836e-02;2.716000e-01;1.086186e-01;1.421386e-02;8.565903e-03;6.343779e-02;1.378882e-01;8.252846e-02;6.458250e-02;2.204910e-02;3.074281e-02;9.847438e-02
9.796003e-02;2.892279e-01;1.217423e-01;2.716037e-02;1.121636e-02;4.135192e-02;1.569373e-01;8.194460e-02;4.119849e-02;2.446212e-02;3.638011e-02;7.041848e-02
8.306064e-02;2.604153e-01;9.034910e-02;5.122104e-02;2.141157e-02;6.101659e-02;1.777302e-01;8.151811e-02;4.392321e-02;3.185713e-02;3.001007e-02;6.748702e-02
5.955141e-02;2.169587e-01;1.199871e-01;6.761383e-02;2.516036e-02;7.554568e-02;1.486171e-01;7.033131e-02;6.978692e-02;3.166028e-02;3.974017e-02;7.504716e-02
4.107416e-02;1.708339e-01;2.378976e-01;3.637059e-02;2.547096e-02;1.107479e-01;1.071272e-01;9.262698e-02;6.923713e-02;3.086252e-02;2.695703e-02;5.079395e-02
5.572092e-02;1.966624e-01;2.318109e-01;4.060701e-02;2.301616e-02;1.149881e-01;8.705597e-02;1.103671e-01;4.321359e-02;2.328512e-02;2.098894e-02;5.228375e-02
8.072821e-02;2.434804e-01;1.618720e-01;5.069072e-02;2.062194e-02;7.666925e-02;1.188555e-01;9.220195e-02;2.619185e-02;2.303712e-02;1.259093e-02;9.306011e-02
7.601090e-02;2.360379e-01;8.662278e-02;6.168746e-02;2.022406e-02;4.993979e-02;1.927076e-01;7.544541e-02;2.108038e-02;2.173166e-02;1.433707e-02;1.441749e-01
5.126491e-02;1.792199e-01;7.737350e-02;6.731317e-02;2.879800e-02;6.786662e-02;2.037696e-01;8.391041e-02;5.329643e-02;2.497921e-02;3.146419e-02;1.307441e-01
6.024066e-02;1.956142e-01;9.460993e-02;5.151150e-02;3.315303e-02;8.407375e-02;1.543357e-01;9.695005e-02;8.445457e-02;2.921778e-02;4.857551e-02;6.726335e-02
8.404066e-02;1.896096e-01;1.128697e-01;3.395697e-02;2.234174e-02;1.108786e-01;1.045891e-01;9.236016e-02;8.932854e-02;5.608103e-02;4.750958e-02;5.643412e-02
8.668358e-02;1.132559e-01;1.123824e-01;2.719390e-02;1.912913e-02;1.214611e-01;1.027944e-01;9.395186e-02;1.179125e-01;8.178797e-02;4.519860e-02;7.824858e-02
6.348661e-02;7.927021e-02;1.216962e-01;3.894575e-02;3.005244e-02;1.486046e-01;8.116294e-02;8.963177e-02;1.208226e-01;5.160976e-02;6.177190e-02;1.129452e-01
7.494526e-02;1.858155e-01;1.258068e-01;3.872648e-02;2.608133e-02;1.378790e-01;8.757336e-02;7.309094e-02;6.966706e-02;3.581273e-02;5.092992e-02;9.367175e-02
6.604439e-02;2.038869e-01;9.999836e-02;6.279442e-02;2.834223e-02;9.756616e-02;1.693390e-01;8.865381e-02;3.973448e-02;2.345933e-02;3.461022e-02;8.557078e-02
5.365415e-02;1.796700e-01;7.720637e-02;8.164654e-02;2.315626e-02;6.559430e-02;2.270390e-01;1.019566e-01;2.828883e-02;2.882182e-02;2.046930e-02;1.124969e-01
5.908914e-02;1.891851e-01;4.076088e-02;8.623751e-02;2.426602e-02;4.958696e-02;2.309779e-01;1.011067e-01;1.959648e-02;3.636101e-02;2.481989e-02;1.380124e-01
5.337849e-02;1.596326e-01;9.541016e-02;7.739273e-02;2.267322e-02;6.577655e-02;1.915718e-01;9.639768e-02;3.006046e-02;3.106118e-02;4.059979e-02;1.360453e-01
6.445385e-02;1.580608e-01;1.194573e-01;6.267666e-02;1.703457e-02;5.167050e-02;1.867437e-01;9.443179e-02;5.435514e-02;3.504379e-02;5.144375e-02;1.046283e-01
6.616306e-02;1.628595e-01;9.332655e-02;4.576655e-02;1.735737e-02;5.185525e-02;1.709909e-01;1.051634e-01;1.017753e-01;5.406857e-02;5.491637e-02;7.575719e-02
5.783320e-02;1.697493e-01;1.706382e-01;5.409690e-02;1.196703e-02;5.251976e-02;1.447261e-01;1.081140e-01;9.227396e-02;3.739291e-02;3.860309e-02;6.208553e-02
4.323318e-02;1.709959e-01;1.965085e-01;5.836126e-02;1.621109e-02;6.936029e-02;1.074443e-01;1.152521e-01;7.127034e-02;3.296341e-02;3.685757e-02;8.154194e-02
4.123016e-02;1.701279e-01;1.661078e-01;4.382448e-02;2.860640e-02;1.504903e-01;7.892873e-02;8.255544e-02;6.103861e-02;3.168071e-02;3.654632e-02;1.088632e-01
4.496561e-02;2.384305e-01;1.466382e-01;1.821652e-02;2.824665e-02;1.349148e-01;1.265592e-01;6.334167e-02;5.109525e-02;2.900105e-02;2.843775e-02;9.015288e-02
5.381015e-02;2.521074e-01;1.209100e-01;2.008268e-02;2.689213e-02;7.265385e-02;1.665114e-01;1.071434e-01;6.917758e-02;2.364385e-02;1.499307e-02;7.207445e-02
6.726856e-02;2.193476e-01;9.804069e-02;1.891650e-02;2.451280e-02;8.408269e-02;1.640486e-01;1.154455e-01;8.379541e-02;3.396920e-02;2.653311e-02;6.403927e-02
7.692672e-02;2.007314e-01;1.377340e-01;2.187598e-02;2.042488e-02;1.092482e-01;1.222157e-01;9.562968e-02;7.412174e-02;3.405894e-02;3.420018e-02;7.283264e-02
7.166158e-02;2.717463e-01;1.594538e-01;2.709352e-02;3.411601e-02;1.002928e-01;1.016816e-01;6.471460e-02;3.868478e-02;4.225012e-02;2.734610e-02;6.095865e-02
7.240397e-02;2.862727e-01;1.466335e-01;4.061290e-02;3.799484e-02;9.197310e-02;1.121577e-01;7.707836e-02;2.907732e-02;4.987256e-02;1.792305e-02;3.800004e-02
8.780338e-02;2.831710e-01;1.216376e-01;3.181517e-02;3.440785e-02;7.271490e-02;1.092396e-01;8.615886e-02;4.146127e-02;6.635774e-02;1.822466e-02;4.700795e-02
9.271091e-02;2.449504e-01;8.928295e-02;3.810231e-02;2.098903e-02;5.083393e-02;1.299841e-01;9.820036e-02;6.012263e-02;7.422049e-02;3.168248e-02;6.892041e-02
8.039992e-02;2.353115e-01;9.201255e-02;3.700538e-02;1.533240e-02;7.006524e-02;1.303283e-01;1.016756e-01;6.944015e-02;6.112399e-02;2.948658e-02;7.781841e-02
8.798537e-02;2.388140e-01;1.309175e-01;3.286407e-02;1.630532e-02;9.405725e-02;1.218967e-01;6.091080e-02;6.758680e-02;4.157316e-02;2.700993e-02;8.007915e-02
1.051445e-01;2.047887e-01;1.186246e-01;4.261444e-02;3.855457e-02;1.194030e-01;9.185083e-02;5.354733e-02;6.316728e-02;3.924033e-02;3.899188e-02;8.407259e-02
7.837956e-02;1.506256e-01;1.147829e-01;6.342584e-02;3.410101e-02;1.645948e-01;3.193025e-02;7.434520e-02;5.622249e-02;3.753968e-02;8.063549e-02;1.134172e-01
6.166896e-02;1.319092e-01;1.201667e-01;5.309463e-02;2.338053e-02;1.491514e-01;7.579449e-02;6.417298e-02;5.062447e-02;2.934960e-02;1.087025e-01;1.319846e-01
3.435379e-02;7.529604e-02;1.282089e-01;4.481348e-02;2.543512e-02;2.023287e-01;9.207194e-02;3.627716e-02;4.454295e-02;2.578336e-02;1.717406e-01;1.191479e-01
1.452101e-02;4.229887e-02;1.790598e-01;2.654988e-02;3.551719e-02;3.006928e-01;5.684774e-02;2.215041e-02;4.414250e-02;3.697050e-02;1.907932e-01;5.045613e-02
1.699379e-02;4.120902e-02;1.880623e-01;2.348920e-02;3.922803e-02;3.646193e-01;4.585415e-02;2.684912e-02;4.552907e-02;3.453737e-02;1.404334e-01;3.319514e-02
2.050056e-02;4.861172e-02;1.420727e-01;2.450356e-02;5.935488e-02;4.136328e-01;5.632560e-02;2.884027e-02;5.413388e-02;3.044982e-02;9.767093e-02;2.390327e-02
1.606251e-02;5.276423e-02;7.522956e-02;2.747086e-02;8.038072e-02;4.194525e-01;4.612125e-02;4.452792e-02;7.362390e-02;4.993262e-02;8.835974e-02;2.607411e-02
1.119300e-02;4.830411e-02;4.349769e-02;4.248261e-02;9.060689e-02;3.606921e-01;4.360906e-02;6.763794e-02;9.846789e-02;6.906036e-02;9.142867e-02;3.301976e-02
1.520114e-02;5.666514e-02;3.393710e-02;5.703646e-02;1.031557e-01;2.829213e-01;5.370348e-02;7.066657e-02;1.239851e-01;7.421978e-02;1.044432e-01;2.406505e-02
2.933377e-02;8.220960e-02;4.209806e-02;7.304242e-02;1.070791e-01;1.630510e-01;8.120640e-02;7.997902e-02;1.371989e-01;8.142912e-02;1.095537e-01;1.381894e-02
2.989832e-02;8.446254e-02;5.074226e-02;7.534953e-02;8.976977e-02;1.513378e-01;1.012328e-01;9.784334e-02;1.328515e-01;9.034754e-02;7.278714e-02;2.337745e-02
1.726991e-02;9.785588e-02;4.288271e-02;8.207237e-02;9.759288e-02;2.062662e-01;8.205634e-02;9.249702e-02;1.020487e-01;8.768418e-02;6.045000e-02;3.132379e-02
1.766360e-02;1.206428e-01;4.264413e-02;6.393015e-02;9.811818e-02;2.153977e-01;6.704470e-02;1.055496e-01;1.177358e-01;7.724817e-02;4.574976e-02;2.827542e-02
2.423717e-02;1.417031e-01;7.257582e-02;3.301810e-02;7.252006e-02;2.466685e-01;3.856936e-02;1.138668e-01;1.362575e-01;7.080165e-02;3.961841e-02;1.016349e-02
2.389523e-02;1.174303e-01;4.764114e-02;3.434625e-02;6.747212e-02;2.454545e-01;5.894201e-02;1.242699e-01;1.420835e-01;8.691847e-02;3.540063e-02;1.614588e-02
1.660305e-02;1.209952e-01;3.833617e-02;5.961996e-02;7.006025e-02;2.095674e-01;4.887528e-02;1.181060e-01;1.525261e-01;1.121694e-01;3.601807e-02;1.712305e-02
1.386249e-02;1.201183e-01;4.558733e-02;6.452226e-02;1.006037e-01;1.776703e-01;1.650667e-02;1.157382e-01;1.647736e-01;1.128575e-01;4.794319e-02;1.981651e-02
1.605600e-02;1.178286e-01;3.822495e-02;4.864617e-02;1.638702e-01;1.583917e-01;3.051226e-02;9.011910e-02;1.690405e-01;1.105590e-01;2.079576e-02;3.595577e-02
1.730772e-02;1.257844e-01;2.974918e-02;4.323165e-02;1.903480e-01;1.118380e-01;3.300574e-02;8.046617e-02;1.820490e-01;1.148695e-01;2.770216e-02;4.364847e-02
1.885516e-02;9.134166e-02;3.502535e-02;5.278933e-02;1.743567e-01;6.137940e-02;3.688442e-02;1.070733e-01;2.213008e-01;1.332837e-01;3.010352e-02;3.760656e-02
3.293667e-02;5.516285e-02;4.844120e-02;5.793211e-02;1.420342e-01;8.175865e-02;3.552569e-02;1.298004e-01;2.436979e-01;1.189339e-01;3.625312e-02;1.752321e-02
3.435457e-02;5.917614e-02;8.335573e-02;5.831404e-02;1.189857e-01;9.739495e-02;4.015006e-02;1.291012e-01;2.498380e-01;7.202840e-02;4.264290e-02;1.465828e-02
2.879374e-02;4.570458e-02;8.832128e-02;4.914522e-02;8.664320e-02;1.375842e-01;6.025137e-02;1.519720e-01;2.408175e-01;4.556758e-02;4.134018e-02;2.385921e-02
2.566121e-02;4.455003e-02;8.784696e-02;4.100328e-02;4.156742e-02;1.523342e-01;7.822256e-02;1.869432e-01;2.374659e-01;4.067322e-02;3.380480e-02;2.992712e-02
3.069838e-02;4.310185e-02;7.922150e-02;4.375850e-02;5.394723e-02;1.255946e-01;7.067750e-02;1.826983e-01;2.550772e-01;6.180763e-02;2.374120e-02;2.967613e-02
2.298019e-02;4.045204e-02;7.314573e-02;5.545590e-02;5.291269e-02;9.266852e-02;7.233420e-02;1.985237e-01;2.895226e-01;3.984265e-02;3.769125e-02;2.447052e-02
2.046570e-02;5.459508e-02;4.895721e-02;6.797329e-02;3.602182e-02;1.027844e-01;6.943446e-02;2.328359e-01;2.562242e-01;5.015897e-02;4.496593e-02;1.558297e-02
1.722913e-02;4.047423e-02;3.426851e-02;5.648621e-02;5.458928e-02;1.443429e-01;3.941981e-02;2.600019e-01;2.354912e-01;5.597425e-02;4.406821e-02;1.765444e-02
2.322823e-02;3.035135e-02;4.108002e-02;3.359796e-02;7.313935e-02;1.569140e-01;2.198298e-02;2.617039e-01;2.549745e-01;5.221488e-02;2.926983e-02;2.154291e-02
1.753030e-02;6.054138e-02;5.069625e-02;3.589893e-02;7.200761e-02;1.713025e-01;2.742036e-02;2.457072e-01;2.140242e-01;4.370401e-02;3.901101e-02;2.215627e-02
1.066757e-02;9.046482e-02;7.049596e-02;4.095493e-02;7.703988e-02;1.822001e-01;2.374034e-02;2.595415e-01;1.470865e-01;4.691940e-02;3.770289e-02;1.318605e-02
1.698532e-02;6.984238e-02;8.305159e-02;3.556906e-02;8.808488e-02;1.708788e-01;2.438105e-02;2.254771e-01;2.027547e-01;5.141534e-02;2.327998e-02;8.279728e-03
2.272570e-02;4.246191e-02;7.345609e-02;2.055943e-02;8.075219e-02;1.605319e-01;3.072620e-02;2.193874e-01;2.417989e-01;5.534759e-02;3.984376e-02;1.240901e-02
1.749830e-02;3.012272e-02;5.954687e-02;4.110241e-02;9.070730e-02;1.504856e-01;3.401168e-02;2.248959e-01;2.404769e-01;5.202923e-02;3.119037e-02;2.793279e-02
1.622994e-02;3.509875e-02;5.612006e-02;6.262714e-02;9.764094e-02;1.362509e-01;2.444598e-02;2.204332e-01;2.464274e-01;5.472623e-02;2.599668e-02;2.400277e-02
2.234183e-02;5.383513e-02;6.018519e-02;4.855383e-02;6.618150e-02;1.232119e-01;2.395079e-02;2.269115e-01;2.851321e-01;5.772185e-02;2.044826e-02;1.152620e-02
2.247914e-02;5.498350e-02;6.188305e-02;2.993868e-02;2.548521e-02;1.111347e-01;1.231102e-02;2.385116e-01;3.335035e-01;6.236903e-02;2.718184e-02;2.021873e-02
2.352849e-02;4.012673e-02;7.479852e-02;3.029368e-02;5.573335e-02;1.052458e-01;2.173586e-02;2.013288e-01;3.535572e-01;5.235428e-02;2.560101e-02;1.569619e-02
2.096815e-02;5.392792e-02;7.653052e-02;2.598994e-02;5.145646e-02;1.395569e-01;3.031743e-02;1.093577e-01;3.778901e-01;6.404006e-02;3.336551e-02;1.659923e-02
2.178318e-02;5.447916e-02;7.100757e-02;2.285332e-02;2.202922e-02;1.394513e-01;1.948979e-02;1.215266e-01;3.980172e-01;7.285505e-02;3.049140e-02;2.601621e-02
2.132704e-02;2.966578e-02;6.650649e-02;1.223897e-02;3.242870e-02;9.428322e-02;1.982247e-02;1.678354e-01;4.373461e-01;7.302883e-02;2.790083e-02;1.761610e-02
1.521541e-02;3.579170e-02;5.829963e-02;1.581247e-02;3.310269e-02;6.886603e-02;2.916841e-02;1.840498e-01;4.439749e-01;6.869125e-02;2.840798e-02;1.861982e-02
1.542754e-02;1.526037e-02;4.308894e-02;3.035240e-02;2.179849e-02;4.771808e-02;3.437337e-02;2.478959e-01;4.513526e-01;5.133051e-02;2.651485e-02;1.488692e-02
2.230871e-02;1.482556e-02;2.256288e-02;5.219328e-02;1.917065e-02;3.715484e-02;2.709560e-02;3.108461e-01;4.313379e-01;3.243005e-02;1.600530e-02;1.406905e-02
2.558860e-02;1.243556e-02;1.270812e-02;7.022317e-02;1.847945e-02;2.158409e-02;1.666135e-02;3.296009e-01;4.271260e-01;4.180034e-02;1.424130e-02;9.551096e-03
1.976613e-02;2.295756e-02;2.346607e-02;7.310849e-02;2.955115e-02;1.714855e-02;8.714940e-03;3.464266e-01;3.923445e-01;4.274883e-02;1.312991e-02;1.063725e-02
1.489087e-02;3.265397e-02;3.481236e-02;7.074253e-02;4.124463e-02;3.164389e-02;8.923391e-03;3.741746e-01;3.384426e-01;2.833054e-02;1.227689e-02;1.186376e-02
1.714065e-02;2.859824e-02;3.091377e-02;7.437159e-02;4.461154e-02;2.733536e-02;2.315781e-02;3.739551e-01;3.217783e-01;2.511816e-02;2.025438e-02;1.276512e-02
2.142341e-02;3.479225e-02;3.581116e-02;5.414954e-02;4.847074e-02;3.916148e-02;2.564668e-02;3.327413e-01;3.349006e-01;3.273159e-02;2.640716e-02;1.376401e-02
2.039468e-02;4.970065e-02;5.163981e-02;4.562468e-02;5.417439e-02;9.894061e-02;1.992315e-02;2.398228e-01;3.315984e-01;4.863923e-02;2.163046e-02;1.791109e-02
2.016731e-02;4.867002e-02;5.034909e-02;2.703184e-02;5.144451e-02;1.127109e-01;1.808269e-02;2.272225e-01;3.487429e-01;6.424011e-02;1.532088e-02;1.601727e-02
1.633639e-02;3.777207e-02;4.178169e-02;2.141253e-02;1.885955e-02;8.244302e-02;2.542498e-02;3.991415e-01;2.948470e-01;4.072753e-02;1.062684e-02;1.062696e-02
1.169284e-02;2.283677e-02;3.342895e-02;3.175336e-02;2.513025e-02;8.207218e-02;2.446026e-02;4.066702e-01;3.047206e-01;2.939218e-02;1.047737e-02;1.736513e-02
1.448223e-02;2.776354e-02;4.199895e-02;4.140024e-02;4.534113e-02;6.242187e-02;1.197493e-02;3.758574e-01;3.141356e-01;3.004576e-02;1.578440e-02;1.879398e-02
1.974200e-02;4.106974e-02;4.082134e-02;4.985582e-02;6.970426e-02;5.550380e-02;2.347622e-02;3.763205e-01;2.356224e-01;5.427503e-02;1.820507e-02;1.540384e-02
2.942993e-02;6.666624e-02;3.987437e-02;6.690038e-02;8.493005e-02;9.716385e-02;2.351108e-02;3.606624e-01;1.259859e-01;6.272345e-02;1.659451e-02;2.555781e-02
2.613815e-02;4.987686e-02;4.311279e-02;6.902511e-02;5.941579e-02;8.925851e-02;5.511951e-02;2.959611e-01;2.135451e-01;4.847887e-02;2.242781e-02;2.764042e-02
2.025901e-02;5.094207e-02;6.402198e-02;7.053676e-02;5.519463e-02;8.463609e-02;6.785464e-02;1.903797e-01;2.715074e-01;5.858544e-02;3.542976e-02;3.065250e-02
3.484590e-02;9.729972e-02;7.793092e-02;6.978808e-02;5.838544e-02;8.773746e-02;4.552498e-02;1.586840e-01;2.383124e-01;6.675467e-02;3.176155e-02;3.297485e-02
4.069557e-02;1.303377e-01;8.641567e-02;5.567379e-02;3.351451e-02;9.972952e-02;3.087718e-02;2.241087e-01;1.864888e-01;5.898902e-02;1.344668e-02;3.972292e-02
4.796479e-02;1.326000e-01;6.893300e-02;4.036308e-02;2.084672e-02;9.092577e-02;3.495150e-02;2.811837e-01;1.797960e-01;3.904838e-02;2.954659e-02;3.384050e-02
4.407344e-02;1.274745e-01;9.808432e-02;3.872459e-02;4.247338e-02;8.635788e-02;4.444370e-02;2.339017e-01;1.516084e-01;3.627288e-02;5.456567e-02;4.201954e-02
4.067938e-02;1.337448e-01;1.169123e-01;2.934225e-02;7.182283e-02;1.159766e-01;5.221381e-02;1.410682e-01;1.001149e-01;7.121666e-02;8.170149e-02;4.520690e-02
3.342956e-02;1.115986e-01;7.562803e-02;4.142474e-02;1.134585e-01;1.085746e-01;4.373249e-02;9.458800e-02;1.339272e-01;1.266997e-01;7.731758e-02;3.962095e-02
2.237954e-02;7.382426e-02;4.933353e-02;6.775305e-02;1.346649e-01;9.336443e-02;3.188607e-02;1.447309e-01;1.878758e-01;1.332417e-01;3.999488e-02;2.095085e-02
3.522586e-02;5.370159e-02;4.221679e-02;1.011758e-01;1.217390e-01;8.227567e-02;4.151080e-02;1.566095e-01;2.414065e-01;8.903620e-02;2.323160e-02;1.187074e-02
5.452210e-02;3.015891e-02;4.512909e-02;1.365456e-01;9.539431e-02;5.978362e-02;5.475678e-02;1.413159e-01;2.879815e-01;5.532378e-02;2.897176e-02;1.011659e-02
5.236448e-02;4.584020e-02;7.600603e-02;1.394520e-01;4.691207e-02;2.844655e-02;4.230308e-02;1.992805e-01;2.954375e-01;2.848945e-02;4.008776e-02;5.380454e-03
4.036816e-02;4.115270e-02;8.641127e-02;1.170402e-01;2.273763e-02;2.622259e-02;2.722316e-02;2.621552e-01;2.931430e-01;3.625915e-02;4.118819e-02;6.098711e-03
4.016626e-02;3.496287e-02;8.387249e-02;8.263664e-02;3.820532e-02;3.200773e-02;1.483394e-02;3.190680e-01;2.741832e-01;3.561154e-02;3.131265e-02;1.313937e-02
4.119015e-02;4.377583e-02;8.573600e-02;5.713878e-02;4.417981e-02;3.359372e-02;1.808982e-02;3.599866e-01;2.498227e-01;2.133776e-02;1.974631e-02;2.540256e-02
2.437713e-02;5.983739e-02;7.350232e-02;7.495833e-02;5.194375e-02;4.404932e-02;2.263681e-02;3.479944e-01;2.430858e-01;1.665553e-02;1.873493e-02;2.222425e-02
2.539944e-02;4.985430e-02;5.229562e-02;8.736549e-02;4.782100e-02;3.149384e-02;3.040386e-02;3.198193e-01;2.883706e-01;2.774869e-02;2.397375e-02;1.545403e-02
3.391102e-02;4.686123e-02;4.810952e-02;7.564002e-02;3.816519e-02;3.636568e-02;3.510606e-02;2.766467e-01;3.405468e-01;3.616348e-02;2.273653e-02;9.747824e-03
3.364255e-02;4.431185e-02;6.330879e-02;4.900936e-02;4.446252e-02;5.958493e-02;3.184456e-02;2.973810e-01;3.122439e-01;3.591262e-02;1.759797e-02;1.069987e-02
2.419911e-02;3.131908e-02;5.487145e-02;4.290260e-02;4.185092e-02;5.580635e-02;5.609133e-02;3.247235e-01;2.910396e-01;3.503834e-02;2.386135e-02;1.829632e-02
1.826330e-02;4.497940e-02;6.210828e-02;2.611289e-02;3.057631e-02;4.454526e-02;7.169237e-02;2.930322e-01;3.189714e-01;4.056653e-02;2.323634e-02;2.591572e-02
1.402284e-02;5.534447e-02;7.360872e-02;3.379273e-02;2.736303e-02;5.350373e-02;4.778024e-02;3.232681e-01;2.941188e-01;3.855556e-02;1.806259e-02;2.057930e-02
1.710754e-02;4.314737e-02;5.582186e-02;5.224885e-02;3.150309e-02;7.272013e-02;2.355906e-02;4.026337e-01;2.442541e-01;3.557270e-02;1.255074e-02;8.880902e-03
1.827170e-02;5.869789e-02;7.109896e-02;5.623198e-02;4.630245e-02;7.630485e-02;4.597607e-02;3.872135e-01;1.935465e-01;2.878757e-02;1.163575e-02;5.932825e-03
2.883456e-02;7.838804e-02;7.148568e-02;5.599597e-02;5.188129e-02;8.966555e-02;9.312808e-02;2.562572e-01;2.130990e-01;3.403432e-02;1.807117e-02;9.159100e-03
2.954922e-02;6.436287e-02;5.929786e-02;4.153177e-02;4.337712e-02;1.045664e-01;9.639893e-02;2.368542e-01;2.531523e-01;4.235643e-02;2.002275e-02;8.530089e-03
2.084631e-02;4.969341e-02;5.799176e-02;5.036774e-02;4.217006e-02;9.863100e-02;7.183116e-02;2.528713e-01;2.760400e-01;4.501245e-02;2.379041e-02;1.075432e-02
2.192279e-02;7.533735e-02;7.265997e-02;5.866537e-02;5.637522e-02;5.891640e-02;3.884999e-02;2.926665e-01;2.293233e-01;3.710297e-02;3.711222e-02;2.106796e-02
3.279093e-02;7.093294e-02;7.978467e-02;6.291891e-02;5.486242e-02;6.158482e-02;2.287469e-02;3.607837e-01;1.402105e-01;3.365900e-02;4.568834e-02;3.390903e-02
3.696819e-02;4.832471e-02;8.521321e-02;5.280073e-02;3.858346e-02;6.619037e-02;2.464867e-02;3.690293e-01;1.575779e-01;3.316251e-02;4.003651e-02;4.746448e-02
2.059129e-02;3.222137e-02;1.056060e-01;3.541327e-02;2.522629e-02;5.530392e-02;2.923942e-02;4.156913e-01;1.594653e-01;3.510566e-02;2.215401e-02;6.398208e-02
1.215910e-02;2.855201e-02;1.196266e-01;3.892758e-02;2.142464e-02;5.871634e-02;2.668627e-02;4.360613e-01;1.571882e-01;2.105993e-02;1.724337e-02;6.235463e-02
1.334670e-02;4.329687e-02;1.303449e-01;1.766696e-02;1.560800e-02;6.314512e-02;1.891967e-02;4.619116e-01;1.448128e-01;1.118962e-02;1.856272e-02;6.119507e-02
1.076975e-02;5.351534e-02;1.415302e-01;1.550628e-02;9.243702e-03;5.916317e-02;1.209534e-02;4.921966e-01;1.210142e-01;1.385874e-02;2.345002e-02;4.765666e-02
9.714967e-03;5.960517e-02;1.368513e-01;1.521430e-02;1.561957e-02;7.203332e-02;1.687341e-02;4.971125e-01;1.216500e-01;1.127538e-02;2.066678e-02;2.338337e-02
8.113741e-03;5.528361e-02;1.379229e-01;1.748125e-02;1.661841e-02;5.646143e-02;1.783434e-02;4.981336e-01;1.391250e-01;1.325243e-02;1.903344e-02;2.073986e-02
1.362659e-02;3.269707e-02;1.630211e-01;2.087733e-02;1.981935e-02;2.906582e-02;1.440809e-02;5.131432e-01;1.313234e-01;1.155267e-02;1.788174e-02;3.258373e-02
1.436372e-02;4.278912e-02;2.088803e-01;1.313930e-02;1.648105e-02;3.831775e-02;1.231614e-02;4.666294e-01;1.068761e-01;7.203120e-03;1.779887e-02;5.520514e-02
1.312512e-02;6.484728e-02;2.463158e-01;3.072453e-02;1.391962e-02;4.813626e-02;2.205372e-02;3.779458e-01;7.958414e-02;7.710396e-03;2.676756e-02;6.886981e-02
1.168178e-02;8.669578e-02;2.817280e-01;3.215935e-02;1.104455e-02;4.072106e-02;3.017242e-02;3.376394e-01;6.092244e-02;7.952032e-03;4.205953e-02;5.722364e-02
7.349071e-03;9.251648e-02;2.972356e-01;2.894203e-02;3.069606e-02;2.810517e-02;3.291017e-02;3.254274e-01;7.293585e-02;6.989079e-03;5.347541e-02;2.341769e-02
8.398091e-03;1.092977e-01;2.534258e-01;1.648996e-02;6.099340e-02;4.171087e-02;6.016825e-02;2.724089e-01;7.998445e-02;8.147587e-03;7.542501e-02;1.354992e-02
1.019077e-02;1.343090e-01;1.947009e-01;2.207565e-02;1.035262e-01;5.522132e-02;9.547459e-02;1.785734e-01;8.242892e-02;7.304757e-03;9.932007e-02;1.687444e-02
9.364080e-03;1.608284e-01;1.482105e-01;2.631717e-02;1.230095e-01;4.122375e-02;1.101377e-01;1.850982e-01;6.140307e-02;8.841071e-03;1.107737e-01;1.479304e-02
8.148343e-03;1.911592e-01;8.463407e-02;1.333308e-02;1.030718e-01;4.223079e-02;1.126370e-01;2.353882e-01;7.609608e-02;9.550824e-03;1.112054e-01;1.254520e-02
6.963332e-03;2.064714e-01;8.514693e-02;6.554779e-03;6.305058e-02;6.472225e-02;9.472965e-02;2.725677e-01;9.029082e-02;7.671798e-03;9.200799e-02;9.822701e-03
1.715364e-02;2.114428e-01;1.192031e-01;8.084311e-03;3.452085e-02;5.765833e-02;7.714868e-02;2.902487e-01;7.352987e-02;8.764029e-03;9.473829e-02;7.507370e-03
1.902869e-02;1.986961e-01;1.389363e-01;9.083986e-03;1.844668e-02;6.010083e-02;7.270680e-02;2.901567e-01;5.397775e-02;9.705746e-03;1.196037e-01;9.556745e-03
1.348078e-02;1.880011e-01;1.360858e-01;4.768558e-03;1.571157e-02;6.770970e-02;8.764870e-02;2.762700e-01;5.009411e-02;1.468125e-02;1.331682e-01;1.238014e-02
9.972302e-03;1.839234e-01;1.019336e-01;8.974044e-03;2.037084e-02;8.542141e-02;1.097363e-01;2.758070e-01;7.393903e-02;2.223491e-02;1.002686e-01;7.418565e-03
1.195862e-02;1.891974e-01;1.041524e-01;1.295179e-02;2.176313e-02;7.381364e-02;1.250672e-01;2.614098e-01;1.195386e-01;1.468366e-02;5.903294e-02;6.430805e-03
1.360889e-02;2.224318e-01;1.476828e-01;9.267846e-03;2.171294e-02;6.372194e-02;1.297431e-01;1.762427e-01;1.387857e-01;1.149181e-02;5.624362e-02;9.066920e-03
1.548925e-02;2.037209e-01;1.673536e-01;1.042345e-02;2.083654e-02;5.744235e-02;1.133319e-01;2.279386e-01;1.070347e-01;1.239886e-02;5.042590e-02;1.360401e-02
1.977394e-02;1.551004e-01;2.191395e-01;1.249104e-02;1.793532e-02;4.512110e-02;1.240543e-01;2.564325e-01;6.224572e-02;1.245741e-02;4.958596e-02;2.566289e-02
2.037491e-02;8.417503e-02;2.620942e-01;1.569139e-02;2.156962e-02;4.794748e-02;1.060352e-01;2.625821e-01;9.787758e-02;1.049219e-02;4.088137e-02;3.027895e-02
1.410372e-02;1.683967e-01;2.695903e-01;1.215800e-02;3.132600e-02;4.684374e-02;7.165539e-02;2.358564e-01;8.945479e-02;1.101656e-02;1.745615e-02;3.214219e-02
1.162380e-02;1.838988e-01;2.384102e-01;3.099874e-02;3.146278e-02;5.075182e-02;7.357758e-02;2.416599e-01;8.145946e-02;1.095359e-02;1.925503e-02;2.594830e-02
