1.214872e-02;7.222701e-02;1.456032e-01;6.999172e-02;2.639104e-02;1.432282e-01;7.240733e-02;2.406410e-01;1.244389e-01;5.055095e-02;2.571103e-02;1.666097e-02
1.467221e-02;3.911377e-02;1.541535e-01;7.854581e-02;3.737503e-02;8.124124e-02;3.228782e-02;2.905156e-01;1.692001e-01;5.945266e-02;3.309130e-02;1.035106e-02
2.017417e-02;5.006681e-02;1.281940e-01;7.490034e-02;3.058292e-02;4.927658e-02;3.333687e-02;3.150525e-01;1.929685e-01;6.838664e-02;2.687891e-02;1.018184e-02
1.916085e-02;6.600229e-02;9.073313e-02;9.027928e-02;4.316952e-02;1.156527e-01;4.937078e-02;2.475865e-01;1.759485e-01;6.052568e-02;3.122300e-02;1.034767e-02
3.185652e-02;7.953420e-02;1.350455e-01;1.080913e-01;5.425015e-02;1.298340e-01;5.083373e-02;1.633808e-01;1.327785e-01;4.892072e-02;3.713829e-02;2.833632e-02
5.415555e-02;8.471720e-02;1.387147e-01;1.230979e-01;6.066186e-02;8.574235e-02;3.282591e-02;1.720899e-01;1.337912e-01;4.821372e-02;3.346222e-02;3.252750e-02
5.470030e-02;9.680516e-02;1.476011e-01;1.350444e-01;6.322634e-02;9.593970e-02;2.148102e-02;1.600674e-01;1.441509e-01;3.981872e-02;2.235159e-02;1.881344e-02
2.834286e-02;7.700145e-02;1.565790e-01;1.023315e-01;4.846380e-02;1.105651e-01;3.133525e-02;2.136521e-01;1.569472e-01;4.056939e-02;1.619715e-02;1.801511e-02
2.051968e-02;7.946695e-02;1.572299e-01;7.811539e-02;6.031423e-02;1.138174e-01;6.618203e-02;2.034848e-01;1.308595e-01;4.268738e-02;1.802237e-02;2.930044e-02
3.609415e-02;1.134213e-01;1.223783e-01;5.275642e-02;7.675350e-02;1.339805e-01;7.217027e-02;1.729263e-01;9.373645e-02;5.471016e-02;2.836692e-02;4.270577e-02
4.908231e-02;1.648550e-01;1.247186e-01;4.524606e-02;6.931805e-02;1.074923e-01;4.601002e-02;1.747301e-01;1.047403e-01;6.278396e-02;1.760638e-02;3.341687e-02
3.699835e-02;1.633824e-01;1.477264e-01;5.031590e-02;5.868190e-02;1.442361e-01;7.561120e-02;1.270601e-01;9.593659e-02;4.627118e-02;2.519402e-02;2.858591e-02
4.639335e-02;1.182297e-01;1.296128e-01;3.829680e-02;6.400222e-02;2.416214e-01;6.931642e-02;9.282261e-02;7.957734e-02;3.427520e-02;4.994374e-02;3.590841e-02
5.001853e-02;5.078636e-02;8.626690e-02;2.187812e-02;6.144214e-02;3.628778e-01;5.048291e-02;7.119398e-02;9.831825e-02;4.823190e-02;6.667589e-02;3.182729e-02
3.875982e-02;4.799085e-02;6.026426e-02;2.242093e-02;7.381449e-02;4.023645e-01;5.083769e-02;6.520128e-02;9.515711e-02;5.340596e-02;6.071428e-02;2.906888e-02
3.044348e-02;7.854076e-02;2.522871e-02;3.352143e-02;1.110689e-01;3.364956e-01;5.995367e-02;9.146277e-02;1.121657e-01;5.813563e-02;3.477928e-02;2.820409e-02
3.256828e-02;8.658642e-02;2.603682e-02;5.703248e-02;1.413059e-01;2.239436e-01;6.466670e-02;1.115176e-01;1.471891e-01;6.091337e-02;2.211790e-02;2.612177e-02
3.411281e-02;7.181299e-02;4.881412e-02;8.418441e-02;1.277397e-01;1.139572e-01;4.736729e-02;1.772999e-01;1.961774e-01;4.818594e-02;3.105692e-02;1.929136e-02
2.933644e-02;4.863384e-02;8.773186e-02;6.807643e-02;7.490928e-02;7.694498e-02;4.622230e-02;2.783931e-01;1.969703e-01;3.779303e-02;3.254290e-02;2.244553e-02
1.229857e-02;4.979194e-02;1.032646e-01;4.748412e-02;5.877742e-02;1.264639e-01;4.439683e-02;2.831075e-01;1.796249e-01;2.914687e-02;3.078860e-02;3.485480e-02
2.904484e-02;4.713169e-02;6.729297e-02;6.717189e-02;4.647950e-02;1.401566e-01;5.183497e-02;2.208822e-01;2.002769e-01;4.039366e-02;4.894487e-02;4.038985e-02
4.180837e-02;4.117530e-02;4.333820e-02;7.081629e-02;6.758939e-02;7.280672e-02;6.855858e-02;1.614067e-01;2.070156e-01;1.040442e-01;8.014810e-02;4.129258e-02
2.718960e-02;3.560010e-02;6.078848e-02;3.707891e-02;7.117595e-02;1.879643e-01;9.876985e-02;1.164021e-01;1.273233e-01;8.572245e-02;1.146005e-01;3.738447e-02
2.340829e-02;2.554440e-02;6.142506e-02;2.520749e-02;5.646495e-02;1.950462e-01;1.768901e-01;8.650465e-02;1.107044e-01;4.567152e-02;1.246523e-01;6.848069e-02
1.614857e-02;1.931996e-02;4.674567e-02;3.031521e-02;4.926364e-02;1.525778e-01;2.426521e-01;8.100007e-02;1.096474e-01;1.955858e-02;1.139585e-01;1.188126e-01
1.317238e-02;2.863996e-02;4.132938e-02;2.869317e-02;6.042992e-02;1.462616e-01;2.265246e-01;9.375159e-02;9.719275e-02;2.633116e-02;1.076900e-01;1.299835e-01
1.744046e-02;5.915242e-02;4.345956e-02;1.533034e-02;6.541479e-02;1.917060e-01;1.722514e-01;1.313696e-01;1.027925e-01;1.777136e-02;9.618426e-02;8.712727e-02
1.690012e-02;6.117226e-02;3.738577e-02;1.757723e-02;6.067332e-02;2.539035e-01;1.885121e-01;1.453264e-01;8.714624e-02;1.073141e-02;6.763345e-02;5.303813e-02
1.471762e-02;3.690979e-02;1.935725e-02;3.995188e-02;4.130001e-02;3.086593e-01;2.503797e-01;1.171076e-01;5.945854e-02;1.872278e-02;3.791592e-02;5.551958e-02
1.384898e-02;4.738327e-02;1.702105e-02;6.347244e-02;2.200366e-02;3.333700e-01;2.761737e-01;6.371311e-02;4.837337e-02;3.110771e-02;2.620890e-02;5.732382e-02
1.452559e-02;5.718858e-02;3.089500e-02;6.188621e-02;3.509470e-02;3.505472e-01;2.274660e-01;6.168239e-02;4.480831e-02;3.081347e-02;4.588508e-02;3.920748e-02
1.708284e-02;3.870136e-02;5.037072e-02;4.493132e-02;4.449967e-02;3.627229e-01;1.398839e-01;9.070345e-02;7.900323e-02;2.905648e-02;7.313724e-02;2.990683e-02
1.459291e-02;1.990896e-02;4.660341e-02;2.659992e-02;5.593888e-02;2.969162e-01;1.440934e-01;1.185326e-01;1.200379e-01;2.723178e-02;9.519625e-02;3.434761e-02
1.580139e-02;3.323052e-02;4.048723e-02;1.623486e-02;6.515337e-02;3.295216e-01;1.542971e-01;1.042908e-01;9.970084e-02;3.254174e-02;7.592884e-02;3.281164e-02
1.234644e-02;2.987013e-02;4.684381e-02;2.271185e-02;4.573873e-02;2.990108e-01;2.337363e-01;9.697258e-02;9.964301e-02;2.804928e-02;4.544757e-02;3.962956e-02
1.142394e-02;3.683777e-02;5.914359e-02;1.954169e-02;3.045196e-02;2.817086e-01;2.250916e-01;1.079749e-01;1.168459e-01;2.343500e-02;3.655885e-02;5.098616e-02
1.676418e-02;4.368807e-02;6.258186e-02;3.257523e-02;4.472188e-02;2.974139e-01;1.523405e-01;1.153961e-01;1.203688e-01;3.347144e-02;3.464992e-02;4.602805e-02
1.878164e-02;6.568929e-02;8.352697e-02;7.380877e-02;5.015915e-02;2.281017e-01;1.062863e-01;1.339557e-01;1.083391e-01;4.611192e-02;3.838835e-02;4.685110e-02
2.308240e-02;1.073632e-01;1.138704e-01;7.972177e-02;4.169266e-02;1.704120e-01;1.617238e-01;9.683523e-02;8.282094e-02;3.827540e-02;3.552838e-02;4.867389e-02
2.816678e-02;1.737570e-01;1.829404e-01;5.824710e-02;4.921179e-02;1.340946e-01;1.095676e-01;1.078715e-01;5.873157e-02;3.076752e-02;3.401672e-02;3.262754e-02
5.001304e-02;1.885988e-01;1.908157e-01;4.594594e-02;4.142081e-02;8.546460e-02;9.229570e-02;1.335780e-01;6.474319e-02;3.655920e-02;2.947141e-02;4.109360e-02
4.695727e-02;1.329695e-01;1.449233e-01;3.016393e-02;3.928296e-02;6.692708e-02;1.642319e-01;1.114057e-01;9.231453e-02;4.868490e-02;5.002485e-02;7.211402e-02
2.723927e-02;5.270723e-02;5.718753e-02;4.328584e-02;3.951472e-02;7.179029e-02;2.639126e-01;1.648018e-01;8.110245e-02;3.189198e-02;6.163620e-02;1.049301e-01
2.830198e-02;9.675829e-02;4.533299e-02;5.580372e-02;2.236526e-02;4.305890e-02;3.408653e-01;1.492700e-01;3.934706e-02;2.528038e-02;3.068826e-02;1.229279e-01
2.809054e-02;8.387673e-02;4.447273e-02;4.127973e-02;2.000496e-02;7.799928e-02;3.460194e-01;1.245348e-01;6.045209e-02;2.850396e-02;3.635611e-02;1.084096e-01
2.488129e-02;5.308153e-02;6.045343e-02;2.012848e-02;2.104709e-02;1.601192e-01;2.863640e-01;8.406767e-02;1.004552e-01;2.615390e-02;8.828503e-02;7.496318e-02
5.799823e-02;3.174540e-02;9.054656e-02;1.245637e-02;2.006393e-02;2.384390e-01;1.713817e-01;3.624635e-02;1.154624e-01;2.393876e-02;1.629196e-01;3.880170e-02
9.306416e-02;2.230446e-02;9.181298e-02;1.088163e-02;2.723834e-02;3.002386e-01;8.119093e-02;2.914447e-02;8.808600e-02;3.413052e-02;2.046938e-01;1.721409e-02
8.832917e-02;3.847164e-02;6.515794e-02;2.860147e-02;6.583527e-02;2.908658e-01;4.737937e-02;5.042284e-02;7.053332e-02;4.593952e-02;1.913601e-01;1.710361e-02
4.815986e-02;6.903721e-02;3.443385e-02;6.200408e-02;1.506980e-01;1.348480e-01;1.163276e-01;9.033354e-02;8.563583e-02;5.719435e-02;1.240262e-01;2.730143e-02
1.933503e-02;8.029825e-02;3.285824e-02;6.863832e-02;1.815823e-01;1.123066e-01;1.006334e-01;9.877001e-02;1.123705e-01;6.687357e-02;7.643782e-02;4.989595e-02
1.232784e-02;6.356534e-02;2.519696e-02;7.243079e-02;1.598308e-01;1.285370e-01;8.081457e-02;1.166024e-01;1.508701e-01;6.964410e-02;7.300606e-02;4.717398e-02
2.237600e-02;5.168993e-02;4.220621e-02;6.482404e-02;1.250594e-01;1.172027e-01;7.016575e-02;1.731448e-01;1.850429e-01;6.308479e-02;5.082320e-02;3.438031e-02
3.830192e-02;2.821166e-02;2.934727e-02;3.747637e-02;8.090704e-02;1.612512e-01;1.373831e-01;2.225506e-01;1.395100e-01;4.929179e-02;4.574746e-02;3.002155e-02
5.062894e-02;1.942226e-02;3.217724e-02;3.775057e-02;6.510675e-02;1.633769e-01;2.352297e-01;1.697570e-01;9.324767e-02;3.872259e-02;5.936014e-02;3.522019e-02
5.439332e-02;1.425287e-02;3.023910e-02;5.326736e-02;7.429925e-02;1.928361e-01;2.388435e-01;1.047770e-01;1.149179e-01;4.285490e-02;4.283755e-02;3.648111e-02
4.061124e-02;2.889749e-02;6.266429e-02;6.539932e-02;9.111255e-02;1.997430e-01;1.780545e-01;7.608192e-02;1.393645e-01;3.548865e-02;4.942451e-02;3.315800e-02
2.081728e-02;5.162237e-02;8.654015e-02;4.909804e-02;1.278614e-01;1.924763e-01;6.188778e-02;1.188728e-01;1.535534e-01;3.170175e-02;7.706104e-02;2.850765e-02
1.679929e-02;4.420716e-02;8.665969e-02;6.072049e-02;1.476052e-01;1.573672e-01;1.110287e-01;9.689175e-02;1.286372e-01;4.532618e-02;7.000287e-02;3.475421e-02
3.962679e-02;4.822915e-02;6.448086e-02;8.245217e-02;1.557648e-01;7.150418e-02;1.485063e-01;9.882589e-02;1.357574e-01;5.707470e-02;6.168495e-02;3.609272e-02
3.996781e-02;6.556471e-02;4.146536e-02;6.348675e-02;1.177865e-01;2.009135e-01;1.215967e-01;8.181129e-02;1.219024e-01;4.773279e-02;6.670053e-02;3.107171e-02
2.990059e-02;4.714868e-02;5.113442e-02;2.906197e-02;6.362641e-02;3.541570e-01;1.278535e-01;5.298476e-02;1.021935e-01;4.177649e-02;7.042979e-02;2.973283e-02
2.578938e-02;2.730109e-02;4.507719e-02;3.998069e-02;4.218848e-02;4.540148e-01;1.142970e-01;5.412228e-02;7.803595e-02;3.823827e-02;5.946391e-02;2.149092e-02
1.604686e-02;3.337574e-02;2.905045e-02;6.759641e-02;8.403575e-02;4.808647e-01;5.887787e-02;6.544768e-02;4.141574e-02;4.483540e-02;5.462723e-02;2.382621e-02
1.917936e-02;4.560037e-02;3.876856e-02;8.649058e-02;1.367386e-01;3.613325e-01;4.803530e-02;8.788659e-02;7.676993e-02;3.747212e-02;3.508707e-02;2.663907e-02
2.307764e-02;5.349003e-02;6.289510e-02;9.748254e-02;1.317681e-01;2.277929e-01;7.657189e-02;1.216848e-01;1.066189e-01;3.825136e-02;2.226720e-02;3.809958e-02
2.114798e-02;8.141729e-02;7.879156e-02;9.514730e-02;9.619575e-02;1.626898e-01;1.000493e-01;8.825405e-02;1.128160e-01;8.479992e-02;2.196064e-02;5.673040e-02
1.378129e-02;1.009040e-01;4.493739e-02;6.524456e-02;1.874419e-01;2.376907e-01;5.901555e-02;4.434516e-02;7.248142e-02;9.972814e-02;1.636665e-02;5.806325e-02
9.896465e-03;1.164661e-01;1.713314e-02;4.176243e-02;2.341093e-01;2.129507e-01;2.271270e-02;4.549282e-02;6.798574e-02;1.289629e-01;2.301218e-02;7.951546e-02
1.076598e-02;1.163553e-01;4.233561e-02;3.864979e-02;2.426899e-01;1.296866e-01;2.887957e-02;4.395531e-02;8.164185e-02;1.552292e-01;1.959187e-02;9.021902e-02
1.839268e-02;6.665960e-02;7.986426e-02;7.552312e-02;2.352362e-01;6.573670e-02;5.618360e-02;4.292444e-02;9.994698e-02;1.672811e-01;1.599090e-02;7.626040e-02
2.645560e-02;4.114002e-02;1.127863e-01;9.642638e-02;1.957767e-01;1.031872e-01;7.610074e-02;4.450042e-02;1.048399e-01;1.435826e-01;1.551772e-02;3.968640e-02
2.745878e-02;4.098131e-02;1.333464e-01;1.098124e-01;1.661974e-01;1.085885e-01;7.483117e-02;5.911899e-02;1.214275e-01;1.075357e-01;1.982929e-02;3.087256e-02
5.419249e-02;3.148469e-02;1.620688e-01;1.091835e-01;1.349418e-01;9.447066e-02;5.443568e-02;8.830623e-02;1.399886e-01;6.946683e-02;1.982242e-02;4.163832e-02
6.805731e-02;3.208785e-02;1.878406e-01;9.693460e-02;1.108095e-01;8.055907e-02;5.107885e-02;1.331019e-01;1.374173e-01;3.313692e-02;3.089550e-02;3.808048e-02
3.800179e-02;5.768852e-02;1.410069e-01;1.043107e-01;1.612386e-01;1.034019e-01;6.284105e-02;1.230951e-01;9.669916e-02;5.566692e-02;2.489595e-02;3.115341e-02
3.077406e-02;5.798776e-02;7.422862e-02;9.757421e-02;2.308508e-01;8.575795e-02;8.575838e-02;8.212570e-02;9.763508e-02;8.090760e-02;3.953165e-02;3.686816e-02
2.937803e-02;4.254223e-02;5.361801e-02;1.266873e-01;2.613209e-01;1.101121e-01;9.371636e-02;6.765798e-02;7.730772e-02;8.137009e-02;3.255516e-02;2.373406e-02
4.087846e-02;6.579939e-02;8.436589e-02;1.151339e-01;2.159992e-01;1.115747e-01;8.881579e-02;6.707850e-02;8.506173e-02;5.537243e-02;3.412565e-02;3.579441e-02
3.411338e-02;4.656078e-02;7.016303e-02;6.547951e-02;1.214016e-01;1.633420e-01;7.989618e-02;1.109331e-01;1.412152e-01;8.995070e-02;3.035624e-02;4.658818e-02
2.945380e-02;4.441173e-02;7.078517e-02;2.919528e-02;1.094288e-01;1.998589e-01;6.406181e-02;1.488033e-01;1.343149e-01;1.189326e-01;2.131983e-02;2.943376e-02
2.448502e-02;3.733552e-02;7.074904e-02;4.635821e-02;1.051062e-01;1.267118e-01;1.235825e-01;1.700889e-01;1.271950e-01;1.160130e-01;2.862608e-02;2.374874e-02
2.685104e-02;3.491137e-02;6.093806e-02;6.107096e-02;1.068366e-01;1.241995e-01;1.164670e-01;1.580918e-01;1.368662e-01;1.193696e-01;3.437433e-02;2.002347e-02
3.452341e-02;4.473690e-02;4.736770e-02;5.532643e-02;1.121061e-01;1.218952e-01;1.047504e-01;1.448343e-01;1.323032e-01;1.499080e-01;3.536584e-02;1.688250e-02
3.568581e-02;1.093407e-01;8.262578e-02;4.282747e-02;9.944163e-02;1.273096e-01;7.982654e-02;1.028679e-01;1.262760e-01;1.490922e-01;2.241117e-02;2.229507e-02
3.795413e-02;1.127669e-01;1.508851e-01;4.166714e-02;8.081913e-02;1.280345e-01;1.102407e-01;7.770282e-02;1.001507e-01;9.175833e-02;4.791068e-02;2.010988e-02
5.344839e-02;7.167786e-02;1.259579e-01;2.777470e-02;6.619030e-02;1.775069e-01;1.324455e-01;7.613701e-02;7.697994e-02;6.086548e-02;1.052798e-01;2.573623e-02
5.096115e-02;6.649254e-02;7.516553e-02;3.582394e-02;6.606872e-02;2.306104e-01;9.741116e-02;8.762451e-02;6.162544e-02;6.058185e-02;1.237055e-01;4.392929e-02
3.580584e-02;1.010444e-01;5.279785e-02;4.468855e-02;9.606999e-02;1.795041e-01;6.081176e-02;9.832623e-02;5.365609e-02;1.107045e-01;8.407376e-02;8.251695e-02
5.869267e-02;1.061241e-01;3.530057e-02;5.584677e-02;1.190277e-01;9.814568e-02;4.619072e-02;8.368617e-02;1.066823e-01;1.419938e-01;5.544825e-02;9.286117e-02
1.161093e-01;7.647907e-02;3.569297e-02;8.271299e-02;1.085142e-01;3.530619e-02;9.008878e-02;6.589264e-02;1.880354e-01;9.593774e-02;5.046452e-02;5.476614e-02
1.415753e-01;3.752633e-02;2.461547e-02;1.192075e-01;8.086782e-02;3.081973e-02;1.270978e-01;7.170935e-02;2.496069e-01;4.341939e-02;5.312420e-02;2.043016e-02
1.200268e-01;2.944754e-02;3.232550e-02;1.638435e-01;4.854873e-02;4.340076e-02;1.443132e-01;9.931514e-02;2.456117e-01;3.550937e-02;2.396548e-02;1.369236e-02
9.155969e-02;2.626868e-02;4.586554e-02;2.146100e-01;4.248699e-02;4.557336e-02;1.351886e-01;1.194709e-01;1.963838e-01;4.269705e-02;1.186668e-02;2.802870e-02
7.546064e-02;1.698738e-02;3.728481e-02;2.684807e-01;7.696165e-02;2.933062e-02;9.166293e-02;1.145904e-01;1.727572e-01;6.066900e-02;2.622854e-02;2.958627e-02
5.862724e-02;1.522903e-02;3.401089e-02;2.774759e-01;9.083027e-02;4.245448e-02;5.827369e-02;1.104697e-01;1.974759e-01;6.221676e-02;2.740273e-02;2.553344e-02
6.498929e-02;2.164772e-02;5.265719e-02;1.636206e-01;6.268475e-02;9.572145e-02;5.510657e-02;1.322453e-01;1.809186e-01;7.846708e-02;3.137339e-02;6.056805e-02
5.821602e-02;2.102263e-02;9.098293e-02;5.270835e-02;2.727952e-02;1.628597e-01;5.138600e-02;1.923692e-01;1.307743e-01;7.190647e-02;2.349675e-02;1.169982e-01
2.964619e-02;1.907594e-02;1.383426e-01;1.730523e-02;1.443829e-02;1.706130e-01;2.270423e-02;2.662554e-01;8.464336e-02;7.646935e-02;1.690665e-02;1.435998e-01
1.534422e-02;3.147133e-02;1.564714e-01;2.542201e-02;4.390516e-02;1.077085e-01;3.175296e-02;2.570515e-01;6.461815e-02;1.315436e-01;2.958289e-02;1.051283e-01
2.783491e-02;4.396978e-02;1.602221e-01;3.294921e-02;7.712403e-02;4.425468e-02;3.604056e-02;2.119981e-01;5.900108e-02;1.946121e-01;5.001574e-02;6.197773e-02
3.414881e-02;3.859342e-02;1.397066e-01;2.623763e-02;8.412170e-02;4.757911e-02;4.944043e-02;1.843744e-01;4.809116e-02;2.185428e-01;6.620018e-02;6.296378e-02
4.317461e-02;6.617015e-02;1.196435e-01;3.219132e-02;1.019391e-01;5.655207e-02;7.118630e-02;1.543729e-01;7.490259e-02;1.547037e-01;8.138644e-02;4.377740e-02
3.714469e-02;9.090231e-02;7.847909e-02;5.087483e-02;1.153725e-01;6.832138e-02;1.091878e-01;1.481886e-01;1.028389e-01;7.160775e-02;1.043800e-01;2.270214e-02
2.935003e-02;7.763091e-02;4.969481e-02;5.769172e-02;7.592994e-02;1.164345e-01;1.046817e-01;1.659347e-01;1.047568e-01;7.851683e-02;1.048832e-01;3.449487e-02
3.732197e-02;6.211806e-02;7.728613e-02;5.116904e-02;4.892321e-02;1.609994e-01;6.329142e-02;1.589396e-01;1.240297e-01;8.114333e-02;1.034193e-01;3.135888e-02
3.330087e-02;4.471682e-02;7.216644e-02;5.972948e-02;5.335562e-02;1.646247e-01;5.682966e-02;1.646213e-01;1.225877e-01;9.245045e-02;8.397306e-02;5.164387e-02
2.459154e-02;3.121012e-02;7.097530e-02;7.073038e-02;2.956191e-02;1.344918e-01;7.763072e-02;1.914199e-01;1.336057e-01;9.678807e-02;8.651503e-02;5.247953e-02
3.309832e-02;3.313993e-02;1.142978e-01;6.497885e-02;7.095805e-02;1.041406e-01;5.897300e-02;1.889172e-01;1.289684e-01;6.974944e-02;8.365618e-02;4.912220e-02
4.749152e-02;3.081386e-02;1.582769e-01;6.629624e-02;8.895531e-02;1.823193e-01;2.933967e-02;1.485812e-01;1.050564e-01;5.117959e-02;4.117746e-02;5.051262e-02
6.315794e-02;3.302272e-02;1.531038e-01;8.432597e-02;7.491530e-02;1.855643e-01;3.748522e-02;1.289487e-01;9.729124e-02;6.195585e-02;3.349970e-02;4.672917e-02
5.707699e-02;3.875516e-02;1.403069e-01;7.008053e-02;4.819070e-02;1.383231e-01;7.561634e-02;1.917223e-01;7.470009e-02;8.826220e-02;3.887097e-02;3.809472e-02
3.612573e-02;4.117278e-02;1.507568e-01;4.548890e-02;3.501601e-02;1.207444e-01;6.424444e-02;2.345114e-01;7.755747e-02;1.106412e-01;2.627826e-02;5.746255e-02
2.432507e-02;6.710374e-02;1.481208e-01;5.726553e-02;5.124040e-02;9.500959e-02;4.067013e-02;2.003593e-01;1.136940e-01;1.119554e-01;4.572025e-02;4.453571e-02
5.561234e-02;7.071627e-02;1.343702e-01;9.205682e-02;6.251238e-02;5.346270e-02;7.378841e-02;1.996173e-01;8.799336e-02;6.339367e-02;5.157749e-02;5.489900e-02
4.956496e-02;5.344859e-02;1.389866e-01;9.264225e-02;8.883843e-02;8.838080e-02;8.501040e-02;1.695581e-01;9.267578e-02;7.951558e-02;2.055124e-02;4.082724e-02
1.576487e-02;3.006415e-02;8.631736e-02;5.475225e-02;8.517247e-02;1.404736e-01;6.001087e-02;1.712941e-01;1.153932e-01;1.033260e-01;3.455086e-02;1.028802e-01
1.601957e-02;3.366719e-02;6.926422e-02;5.146059e-02;7.207762e-02;1.201313e-01;7.098195e-02;1.641894e-01;1.304031e-01;7.393865e-02;5.297308e-02;1.448933e-01
3.344724e-02;3.539554e-02;9.370670e-02;7.377405e-02;9.606944e-02;7.259159e-02;6.311497e-02;1.261382e-01;1.387429e-01;4.871758e-02;7.495648e-02;1.433453e-01
3.863164e-02;3.171861e-02;1.254000e-01;7.315478e-02;9.886029e-02;1.074470e-01;6.888312e-02;1.536988e-01;1.538473e-01;3.838637e-02;3.978910e-02;7.018300e-02
2.917928e-02;5.289334e-02;1.323994e-01;8.351379e-02;1.027001e-01;1.292015e-01;2.995174e-02;1.558180e-01;1.444702e-01;7.002463e-02;3.283383e-02;3.701419e-02
2.897405e-02;4.534815e-02;1.393615e-01;7.318654e-02;9.014217e-02;1.173863e-01;4.785803e-02;1.383530e-01;1.386766e-01;1.068899e-01;3.697502e-02;3.684870e-02
2.698133e-02;5.060930e-02;1.105508e-01;5.641315e-02;8.860771e-02;8.336432e-02;5.790051e-02;1.760994e-01;1.256898e-01;8.989546e-02;5.713759e-02;7.675072e-02
6.022353e-02;5.436699e-02;8.801319e-02;8.059704e-02;6.208847e-02;6.836370e-02;6.620708e-02;1.978593e-01;1.048529e-01;6.469884e-02;6.322543e-02;8.950362e-02
7.216209e-02;6.784911e-02;8.815781e-02;1.043612e-01;3.674142e-02;1.142557e-01;2.640257e-02;1.845537e-01;7.365676e-02;2.694635e-02;7.800447e-02;1.269088e-01
4.125722e-02;8.018978e-02;8.400783e-02;7.158790e-02;6.053497e-02;9.399345e-02;6.288464e-02;1.187230e-01;5.572651e-02;6.349138e-02;1.233571e-01;1.442463e-01
1.666121e-02;8.739182e-02;6.823403e-02;5.811328e-02;8.828842e-02;6.373218e-02;5.141772e-02;1.086243e-01;5.200462e-02;8.893646e-02;1.385538e-01;1.780423e-01
4.133413e-02;7.548796e-02;5.834689e-02;5.715851e-02;7.731182e-02;7.628443e-02;6.583099e-02;1.162929e-01;5.576171e-02;9.523594e-02;1.379192e-01;1.430356e-01
4.595033e-02;6.601935e-02;7.262804e-02;6.171592e-02;5.152884e-02;1.075749e-01;8.923194e-02;1.312145e-01;6.326287e-02;9.111312e-02;1.208013e-01;9.895893e-02
3.600053e-02;5.525447e-02;5.451022e-02;8.484377e-02;5.839061e-02;1.323434e-01;6.635873e-02;1.569058e-01;6.632323e-02;8.706355e-02;1.207458e-01;8.125990e-02
2.996956e-02;8.874040e-02;5.238421e-02;9.067078e-02;1.101338e-01;1.538632e-01;4.502297e-02;1.335630e-01;7.607237e-02;6.820813e-02;1.009154e-01;5.045616e-02
4.109417e-02;1.078301e-01;5.132082e-02;6.864440e-02;6.813268e-02;1.274493e-01;1.094776e-01;9.649769e-02;8.305679e-02;1.008605e-01;6.592622e-02;7.970969e-02
3.269820e-02;9.615778e-02;8.357029e-02;4.897556e-02;5.859525e-02;2.019850e-01;9.914976e-02;8.387045e-02;8.303981e-02;9.651343e-02;5.530735e-02;6.013706e-02
1.386981e-02;5.923527e-02;7.584237e-02;1.660082e-02;7.401040e-02;3.180400e-01;7.754496e-02;6.711482e-02;7.416792e-02;9.376673e-02;9.650277e-02;3.330414e-02
8.902893e-03;1.789194e-02;4.482973e-02;1.424668e-02;7.946008e-02;4.006628e-01;5.817640e-02;3.712549e-02;5.644721e-02;1.191877e-01;1.358909e-01;2.717821e-02
7.523916e-03;3.003788e-02;3.012543e-02;2.384350e-02;9.138776e-02;3.990737e-01;4.582800e-02;3.989609e-02;7.044594e-02;1.222634e-01;1.189214e-01;2.065293e-02
9.835127e-03;3.549524e-02;2.577284e-02;1.448457e-02;9.074304e-02;3.877250e-01;2.173499e-02;5.942181e-02;9.256492e-02;1.042937e-01;1.417461e-01;1.618261e-02
1.489044e-02;2.928428e-02;2.230027e-02;1.067471e-02;7.582411e-02;3.681281e-01;2.554734e-02;3.750425e-02;7.072730e-02;7.604115e-02;2.354079e-01;3.367017e-02
9.127287e-03;1.775424e-02;2.492726e-02;8.780555e-03;5.590135e-02;3.621131e-01;2.887031e-02;2.782343e-02;4.502383e-02;6.600610e-02;2.973980e-01;5.627453e-02
1.438228e-02;1.260341e-02;4.439051e-02;6.812226e-03;2.580634e-02;3.539050e-01;3.989128e-02;3.136756e-02;3.612250e-02;4.288298e-02;2.857888e-01;1.060471e-01
3.235048e-02;9.897863e-03;4.933487e-02;3.159758e-02;1.797079e-02;3.212210e-01;9.660435e-02;3.383608e-02;3.199788e-02;2.287148e-02;2.314996e-01;1.208181e-01
2.973990e-02;2.674638e-02;3.773590e-02;1.081145e-01;6.104895e-02;2.436069e-01;1.908834e-01;2.437526e-02;2.661522e-02;2.174961e-02;1.544919e-01;7.489201e-02
1.709085e-02;3.351861e-02;2.401632e-02;1.654367e-01;1.169800e-01;1.398497e-01;2.380468e-01;5.778189e-02;2.145976e-02;2.290172e-02;7.287166e-02;9.004608e-02
2.538138e-02;3.582898e-02;2.485712e-02;1.287507e-01;1.090298e-01;1.145053e-01;1.842713e-01;1.319905e-01;4.444148e-02;4.099087e-02;6.268925e-02;9.726337e-02
5.687118e-02;4.069994e-02;2.614469e-02;8.191913e-02;5.935083e-02;1.223253e-01;1.181724e-01;1.783252e-01;8.879168e-02;4.076760e-02;1.094631e-01;7.716893e-02
1.002123e-01;6.513362e-02;3.641028e-02;5.185003e-02;2.149710e-02;1.099147e-01;1.203342e-01;1.267361e-01;9.745719e-02;5.154914e-02;1.378174e-01;8.108792e-02
1.468819e-01;1.238183e-01;7.877869e-02;4.608275e-02;2.356776e-02;8.454357e-02;8.624912e-02;1.046351e-01;7.185167e-02;5.216336e-02;1.033289e-01;7.809882e-02
1.272683e-01;2.382990e-01;1.164708e-01;4.375328e-02;2.980478e-02;3.365999e-02;7.794777e-02;1.104376e-01;4.767876e-02;6.422734e-02;4.693463e-02;6.351777e-02
7.194581e-02;2.988955e-01;1.587274e-01;2.571745e-02;3.578028e-02;6.584325e-02;7.458781e-02;6.069614e-02;3.870524e-02;1.158535e-01;2.342233e-02;2.982530e-02
6.141742e-02;2.864158e-01;1.584996e-01;1.940188e-02;2.381691e-02;8.093905e-02;8.221693e-02;5.375781e-02;5.385877e-02;1.419323e-01;2.313486e-02;1.460869e-02
5.441722e-02;2.619404e-01;1.598753e-01;1.929232e-02;1.719922e-02;8.803681e-02;8.874388e-02;6.673930e-02;5.341442e-02;1.234499e-01;4.523596e-02;2.165534e-02
5.774540e-02;2.432671e-01;1.451707e-01;2.049290e-02;2.549771e-02;9.269757e-02;8.971790e-02;8.289399e-02;5.887970e-02;8.717144e-02;7.211974e-02;2.434587e-02
6.583739e-02;2.046155e-01;1.220327e-01;3.836215e-02;1.803398e-02;8.379456e-02;1.128593e-01;1.035449e-01;7.086251e-02;6.000891e-02;8.284130e-02;3.720684e-02
7.471284e-02;1.659116e-01;7.770983e-02;5.774604e-02;3.064247e-02;1.205600e-01;1.283250e-01;8.069907e-02;6.087726e-02;8.432715e-02;4.686398e-02;7.162482e-02
7.953233e-02;1.673317e-01;1.317331e-01;7.109690e-02;3.585336e-02;8.319675e-02;7.850683e-02;8.874261e-02;8.605340e-02;8.896973e-02;3.399439e-02;5.498889e-02
5.454432e-02;1.357286e-01;1.376131e-01;6.956568e-02;2.394748e-02;1.342591e-01;4.337462e-02;7.038482e-02;1.197372e-01;8.102082e-02;6.713745e-02;6.268676e-02
3.784939e-02;1.381714e-01;1.135463e-01;4.096127e-02;3.888115e-02;1.541277e-01;7.623913e-02;7.236001e-02;1.344021e-01;5.070873e-02;7.956979e-02;6.318296e-02
3.409692e-02;1.418352e-01;1.126980e-01;5.749054e-02;6.007559e-02;1.056420e-01;9.204558e-02;9.492263e-02;1.687100e-01;3.720158e-02;4.652115e-02;4.876081e-02
4.070614e-02;1.353610e-01;1.217002e-01;7.838953e-02;5.587249e-02;4.618458e-02;9.178404e-02;1.270238e-01;1.997057e-01;3.878224e-02;2.967962e-02;3.481063e-02
5.351884e-02;1.265833e-01;9.744496e-02;5.978544e-02;4.133954e-02;2.861005e-02;9.960949e-02;2.022765e-01;1.922862e-01;3.195550e-02;3.398787e-02;3.260236e-02
5.328653e-02;1.282135e-01;7.206357e-02;2.757044e-02;3.380973e-02;5.773749e-02;1.126039e-01;2.615247e-01;1.270905e-01;3.628964e-02;4.900105e-02;4.080905e-02
4.802138e-02;1.164155e-01;8.372577e-02;5.177926e-02;3.262132e-02;1.024710e-01;6.417862e-02;2.406656e-01;1.114834e-01;4.747572e-02;4.786889e-02;5.329358e-02
4.345491e-02;8.503743e-02;1.050921e-01;7.580290e-02;2.477158e-02;8.435923e-02;2.042147e-02;2.524507e-01;1.724958e-01;5.535967e-02;2.870481e-02;5.204944e-02
4.144805e-02;5.838174e-02;9.293547e-02;1.267894e-01;4.831908e-02;7.592549e-02;3.337640e-02;2.197725e-01;1.982518e-01;3.481295e-02;4.286016e-02;2.712701e-02
7.146180e-02;3.804878e-02;7.756246e-02;1.895393e-01;9.043413e-02;3.852176e-02;3.245196e-02;1.549405e-01;2.006000e-01;3.039331e-02;6.073935e-02;1.530666e-02
9.456273e-02;2.961195e-02;5.560204e-02;2.100682e-01;1.329334e-01;3.381551e-02;3.608093e-02;1.173670e-01;1.904616e-01;2.939854e-02;5.347883e-02;1.661928e-02
9.200098e-02;2.859863e-02;5.951625e-02;2.204819e-01;1.397568e-01;4.928494e-02;3.556659e-02;1.170045e-01;1.724418e-01;1.895368e-02;5.101639e-02;1.537757e-02
6.743344e-02;4.332935e-02;1.291321e-01;2.029420e-01;1.031193e-01;3.677028e-02;2.793866e-02;1.520374e-01;1.532512e-01;1.680187e-02;4.264223e-02;2.460217e-02
4.161443e-02;6.134304e-02;2.054601e-01;1.204705e-01;3.930061e-02;3.501360e-02;3.022321e-02;2.084829e-01;1.354277e-01;3.115596e-02;2.796715e-02;6.354078e-02
2.560422e-02;8.279464e-02;2.305219e-01;1.959095e-02;3.606137e-02;8.830617e-02;6.024298e-02;2.121004e-01;1.305989e-01;3.885309e-02;1.780768e-02;5.751772e-02
1.709639e-02;1.053975e-01;1.509903e-01;1.318457e-01;9.341903e-02;1.295197e-01;8.309194e-02;1.013650e-01;1.163267e-01;2.888263e-02;1.765249e-02;2.441257e-02
2.327402e-02;8.339563e-02;9.630685e-02;2.350589e-01;1.567977e-01;1.102757e-01;6.600095e-02;7.441459e-02;8.694545e-02;1.944569e-02;2.363038e-02;2.445417e-02
5.460230e-02;4.086225e-02;1.727211e-01;2.195508e-01;1.660199e-01;4.327841e-02;4.596167e-02;8.747741e-02;9.689076e-02;1.527221e-02;2.611558e-02;3.124768e-02
7.781710e-02;7.878966e-02;1.601462e-01;1.068682e-01;1.388275e-01;6.062394e-02;2.242015e-02;9.632007e-02;1.473615e-01;2.421811e-02;4.096382e-02;4.564373e-02
6.210198e-02;8.293016e-02;9.052718e-02;1.356378e-01;1.081982e-01;1.211390e-01;2.369034e-02;9.629025e-02;1.491737e-01;3.877592e-02;5.056825e-02;4.096719e-02
4.650056e-02;1.022754e-01;1.145867e-01;1.561263e-01;7.105005e-02;1.450416e-01;4.083607e-02;8.949545e-02;1.273294e-01;3.607608e-02;4.489211e-02;2.579030e-02
4.428122e-02;9.873800e-02;1.544819e-01;1.237781e-01;4.703548e-02;1.495104e-01;6.270078e-02;8.635809e-02;1.221443e-01;3.602416e-02;4.007508e-02;3.487246e-02
5.263478e-02;8.934455e-02;1.400626e-01;7.856034e-02;6.606386e-02;1.534906e-01;3.819041e-02;1.591049e-01;1.248878e-01;3.247859e-02;3.168190e-02;3.349968e-02
4.314555e-02;7.845490e-02;1.269489e-01;5.892485e-02;1.081678e-01;1.265793e-01;6.449866e-02;1.695106e-01;1.318376e-01;2.875123e-02;4.767201e-02;1.550850e-02
2.869548e-02;7.276963e-02;1.459721e-01;8.090498e-02;9.831455e-02;1.058317e-01;8.631911e-02;1.580563e-01;1.237951e-01;2.829742e-02;5.109563e-02;1.994789e-02
2.708248e-02;5.345405e-02;1.491823e-01;8.929501e-02;1.015086e-01;1.404503e-01;6.393399e-02;1.334600e-01;1.030205e-01;4.990969e-02;4.911254e-02;3.959041e-02
3.749570e-02;7.329290e-02;1.386427e-01;1.144571e-01;1.049063e-01;1.169962e-01;4.287560e-02;1.165523e-01;1.499440e-01;4.511790e-02;3.138657e-02;2.833276e-02
4.766932e-02;5.737739e-02;1.079463e-01;1.553905e-01;5.773102e-02;9.313536e-02;4.120203e-02;1.847102e-01;1.982533e-01;1.867588e-02;1.643277e-02;2.147600e-02
3.866158e-02;3.375752e-02;1.188594e-01;1.544309e-01;1.691712e-02;5.738847e-02;2.897108e-02;2.773367e-01;2.171319e-01;1.376464e-02;1.251373e-02;3.026700e-02
2.646538e-02;4.913417e-02;1.947329e-01;9.349336e-02;2.206426e-02;6.254654e-02;2.473627e-02;2.808253e-01;1.771676e-01;9.493086e-03;1.349330e-02;4.584781e-02
1.708334e-02;6.038969e-02;2.287621e-01;8.851255e-02;3.382647e-02;7.516292e-02;1.948746e-02;2.596740e-01;1.501029e-01;9.876829e-03;1.563204e-02;4.148964e-02
1.521551e-02;4.545899e-02;2.204620e-01;1.124338e-01;5.249114e-02;9.192022e-02;1.890658e-02;2.505740e-01;1.296749e-01;1.139943e-02;1.402635e-02;3.743714e-02
1.563033e-02;2.737331e-02;2.083157e-01;1.081471e-01;4.004515e-02;9.156825e-02;3.042409e-02;2.889515e-01;1.154753e-01;1.348074e-02;1.392013e-02;4.666846e-02
1.031401e-02;2.562589e-02;1.965290e-01;4.902488e-02;3.345736e-02;1.072811e-01;4.209110e-02;3.463359e-01;8.942048e-02;2.582412e-02;1.612482e-02;5.797134e-02
1.328664e-02;5.353389e-02;1.773197e-01;8.872370e-03;2.003174e-02;9.438618e-02;3.833442e-02;3.705578e-01;1.126444e-01;3.347965e-02;1.835759e-02;5.919571e-02
1.367611e-02;4.672892e-02;1.813806e-01;2.443071e-02;2.727174e-02;5.087203e-02;3.196932e-02;3.629316e-01;1.536783e-01;3.070527e-02;2.146109e-02;5.489428e-02
1.255996e-02;8.825230e-02;1.933392e-01;5.603400e-02;4.367962e-02;6.280219e-02;1.958368e-02;3.110287e-01;1.364988e-01;1.920957e-02;1.473021e-02;4.228175e-02
1.267960e-02;1.433706e-01;1.619756e-01;6.042790e-02;5.824828e-02;1.031170e-01;3.674601e-02;2.347482e-01;1.039024e-01;1.905495e-02;3.747892e-02;2.825058e-02
2.538509e-02;2.144824e-01;6.814577e-02;4.281057e-02;6.575552e-02;1.254338e-01;9.362310e-02;1.685444e-01;8.557953e-02;2.320991e-02;5.709295e-02;2.993693e-02
1.746030e-02;2.216185e-01;1.170191e-01;3.938605e-02;5.247740e-02;8.672252e-02;1.266871e-01;1.734950e-01;6.374566e-02;1.722047e-02;5.937767e-02;2.479017e-02
9.376736e-03;2.012426e-01;8.880696e-02;3.850380e-02;5.934014e-02;1.087538e-01;1.420299e-01;1.892522e-01;8.010070e-02;1.607649e-02;5.262551e-02;1.389112e-02
1.474960e-02;1.692600e-01;8.330908e-02;2.686111e-02;7.644807e-02;1.040178e-01;1.244412e-01;2.557242e-01;7.425543e-02;1.356723e-02;4.517676e-02;1.218943e-02
1.304982e-02;1.752454e-01;7.299202e-02;2.379107e-02;9.062310e-02;1.015265e-01;1.268043e-01;2.551726e-01;6.895029e-02;1.363396e-02;4.786079e-02;1.035015e-02
8.170118e-03;1.775934e-01;9.827759e-02;1.850237e-02;8.778901e-02;1.184889e-01;1.636558e-01;1.920306e-01;6.342188e-02;1.069658e-02;5.150860e-02;9.865099e-03
8.891239e-03;1.907510e-01;1.131049e-01;1.324754e-02;6.912486e-02;1.366639e-01;2.069425e-01;1.270423e-01;5.841086e-02;1.388080e-02;5.438514e-02;7.554930e-03
1.356547e-02;1.816397e-01;8.545000e-02;1.108392e-02;4.205778e-02;1.375598e-01;2.000974e-01;1.849530e-01;6.830421e-02;1.968918e-02;4.923146e-02;6.368035e-03
1.773891e-02;1.635663e-01;3.594552e-02;2.023572e-02;2.517262e-02;1.583882e-01;1.637246e-01;2.582561e-01;8.906025e-02;2.326103e-02;3.911432e-02;5.536484e-03
1.704691e-02;1.404670e-01;1.208164e-01;2.946528e-02;2.666322e-02;1.918709e-01;1.105933e-01;1.967488e-01;9.548648e-02;2.625668e-02;3.466781e-02;9.917156e-03
1.642182e-02;1.006495e-01;1.011513e-01;4.840538e-02;5.054709e-02;1.585448e-01;9.419814e-02;2.355635e-01;1.154867e-01;2.482827e-02;3.450610e-02;1.969738e-02
2.089284e-02;9.553631e-02;5.765148e-02;7.095911e-02;6.632105e-02;1.055492e-01;9.373356e-02;2.510962e-01;1.200697e-01;3.480440e-02;4.835169e-02;3.503460e-02
2.942726e-02;1.398782e-01;9.902053e-02;7.176810e-02;5.007028e-02;1.037943e-01;9.638266e-02;1.735286e-01;8.042777e-02;5.655820e-02;6.165963e-02;3.748439e-02
4.296518e-02;1.417277e-01;9.924268e-02;5.656463e-02;5.217072e-02;1.048646e-01;1.010170e-01;1.769650e-01;8.943938e-02;5.533329e-02;4.669523e-02;3.301456e-02
3.420394e-02;1.162295e-01;1.078915e-01;5.444250e-02;3.782386e-02;9.506485e-02;9.879045e-02;2.344025e-01;1.264626e-01;3.387921e-02;3.899873e-02;2.181024e-02
2.163588e-02;6.602016e-02;1.198273e-01;4.790013e-02;3.573545e-02;1.009505e-01;1.119440e-01;2.827033e-01;1.373200e-01;2.342567e-02;3.467079e-02;1.786697e-02
1.258599e-02;8.448422e-02;1.249215e-01;4.811881e-02;5.820695e-02;7.355079e-02;1.423672e-01;2.343221e-01;1.518608e-01;1.799478e-02;2.751301e-02;2.407391e-02
2.988685e-02;1.003730e-01;9.126402e-02;9.115444e-02;6.661309e-02;6.251454e-02;1.466849e-01;1.823397e-01;1.472427e-01;2.488511e-02;2.797748e-02;2.906424e-02
3.346849e-02;1.236207e-01;1.169438e-01;1.077711e-01;6.017057e-02;9.467740e-02;1.200034e-01;1.602022e-01;1.136584e-01;1.734903e-02;2.898470e-02;2.315021e-02
2.278334e-02;1.292824e-01;1.023635e-01;9.440090e-02;6.912343e-02;1.268851e-01;1.278745e-01;1.602324e-01;9.323066e-02;2.161505e-02;3.484123e-02;1.736745e-02
2.173792e-02;1.296952e-01;8.582440e-02;5.916633e-02;5.376406e-02;8.073525e-02;1.426499e-01;2.373725e-01;9.578852e-02;2.433749e-02;4.148353e-02;2.744485e-02
2.664004e-02;1.059999e-01;1.376786e-01;4.005332e-02;4.463940e-02;7.247084e-02;1.312765e-01;2.402084e-01;1.114373e-01;1.849686e-02;3.309619e-02;3.800273e-02
2.809654e-02;8.069444e-02;1.341340e-01;4.390942e-02;5.855332e-02;8.164307e-02;1.091816e-01;2.443025e-01;1.270403e-01;2.683369e-02;3.099331e-02;3.461779e-02
2.392168e-02;7.414122e-02;1.184393e-01;5.569524e-02;8.556201e-02;8.805478e-02;1.048722e-01;2.656577e-01;8.559930e-02;3.673739e-02;3.303285e-02;2.828649e-02
2.277542e-02;6.107929e-02;9.212886e-02;9.249779e-02;8.941923e-02;5.871303e-02;1.107973e-01;2.766645e-01;1.158856e-01;3.248419e-02;2.725667e-02;2.029806e-02
2.155603e-02;7.298575e-02;6.568361e-02;1.202330e-01;8.245785e-02;6.695756e-02;8.278655e-02;2.655619e-01;1.450239e-01;3.347240e-02;2.008817e-02;2.319337e-02
2.562965e-02;8.824255e-02;8.359017e-02;1.066667e-01;6.042231e-02;1.080161e-01;5.679249e-02;2.517499e-01;1.450337e-01;3.178374e-02;2.006735e-02;2.200533e-02
2.512927e-02;6.847617e-02;1.539104e-01;7.637132e-02;6.762788e-02;1.786996e-01;6.608586e-02;1.985499e-01;9.609839e-02;2.905978e-02;2.190209e-02;1.808931e-02
2.687504e-02;1.203674e-01;2.071476e-01;8.032704e-02;8.461008e-02;1.983141e-01;5.680145e-02;1.015320e-01;6.008794e-02;2.387198e-02;2.221267e-02;1.785259e-02
2.508277e-02;1.101344e-01;1.840119e-01;9.007155e-02;8.613554e-02;2.092234e-01;7.058199e-02;7.715084e-02;6.749366e-02;3.115410e-02;2.836134e-02;2.059850e-02
1.493726e-02;5.436329e-02;1.319323e-01;7.338367e-02;7.928282e-02;2.277486e-01;1.126926e-01;8.302213e-02;9.866368e-02;5.431813e-02;4.327147e-02;2.638408e-02
1.404267e-02;2.206474e-02;9.158748e-02;3.380545e-02;7.816955e-02;2.673152e-01;1.412976e-01;6.859265e-02;1.236055e-01;6.693908e-02;5.923735e-02;3.334278e-02
1.397448e-02;4.100261e-02;7.485726e-02;2.229495e-02;8.769631e-02;2.777203e-01;1.776890e-01;6.870489e-02;8.483621e-02;6.558467e-02;5.389079e-02;3.174857e-02
1.549680e-02;4.680301e-02;5.539178e-02;4.956070e-02;7.713498e-02;2.134814e-01;2.430490e-01;9.656865e-02;7.507610e-02;5.261609e-02;2.911439e-02;4.570714e-02
2.354606e-02;7.564326e-02;5.784989e-02;8.548076e-02;4.979471e-02;1.665320e-01;2.197071e-01;1.182815e-01;5.761464e-02;7.611588e-02;1.862529e-02;5.080894e-02
5.607505e-02;1.417635e-01;9.165382e-02;7.598533e-02;4.381333e-02;1.556914e-01;7.586019e-02;1.381370e-01;6.451870e-02;9.605528e-02;2.574140e-02;3.470505e-02
6.195423e-02;2.119840e-01;1.194163e-01;3.854553e-02;5.899316e-02;1.146694e-01;7.824658e-02;1.368585e-01;8.046240e-02;5.009092e-02;2.528267e-02;2.349628e-02
4.297718e-02;2.673687e-01;1.601351e-01;3.226554e-02;4.455816e-02;1.001475e-01;6.712301e-02;1.059322e-01;9.693425e-02;3.595397e-02;2.188762e-02;2.471680e-02
3.563495e-02;2.961346e-01;2.427299e-01;2.141277e-02;2.495721e-02;9.289563e-02;4.265934e-02;7.918916e-02;8.528232e-02;2.866133e-02;1.905420e-02;3.138849e-02
3.701250e-02;2.440730e-01;2.753849e-01;1.408643e-02;2.683667e-02;9.700561e-02;2.376230e-02;1.058969e-01;9.686665e-02;2.547157e-02;2.132604e-02;3.227744e-02
4.363896e-02;1.648877e-01;2.548605e-01;3.049012e-02;3.926589e-02;1.369974e-01;6.715006e-02;1.192574e-01;8.446218e-02;1.554487e-02;1.944079e-02;2.400422e-02
3.300961e-02;1.991644e-01;2.501963e-01;4.153187e-02;4.122346e-02;1.289202e-01;5.243326e-02;1.299024e-01;7.516697e-02;1.311692e-02;1.482752e-02;2.050713e-02
3.582916e-02;1.636911e-01;2.106555e-01;4.586019e-02;5.857255e-02;1.281465e-01;7.737040e-02;1.416194e-01;6.671757e-02;2.432182e-02;2.012432e-02;2.709158e-02
4.312423e-02;1.145726e-01;1.138304e-01;4.400139e-02;6.560986e-02;1.373175e-01;1.277575e-01;1.886519e-01;7.414167e-02;2.952437e-02;2.820023e-02;3.326833e-02
4.768053e-02;1.490147e-01;1.110296e-01;4.757752e-02;6.355042e-02;9.479887e-02;1.091478e-01;2.074618e-01;6.911458e-02;2.750218e-02;3.232574e-02;4.079613e-02
