2.393350e-02;1.500762e-01;9.623884e-02;5.439494e-02;4.445219e-02;2.024271e-01;4.537269e-02;1.765951e-01;1.132210e-01;4.497524e-02;2.588640e-02;2.242668e-02
1.968608e-02;9.747805e-02;1.240807e-01;3.494982e-02;4.556465e-02;1.900056e-01;5.565112e-02;2.048991e-01;1.228818e-01;5.986969e-02;2.882797e-02;1.610539e-02
2.003019e-02;7.216706e-02;1.442949e-01;2.090910e-02;5.008875e-02;2.455683e-01;6.075104e-02;1.562239e-01;1.188383e-01;7.492526e-02;2.239974e-02;1.380344e-02
1.666170e-02;9.266438e-02;1.132823e-01;2.529117e-02;3.566568e-02;2.815711e-01;7.983607e-02;1.457948e-01;1.058450e-01;6.713460e-02;1.966126e-02;1.659199e-02
1.671010e-02;5.843905e-02;8.950042e-02;2.985228e-02;1.151996e-02;3.068721e-01;1.106288e-01;1.703255e-01;1.118750e-01;4.408322e-02;2.296641e-02;2.722719e-02
1.454153e-02;3.338348e-02;1.009440e-01;4.052187e-02;8.874878e-03;3.304026e-01;1.278090e-01;1.286036e-01;1.018761e-01;6.090961e-02;1.772721e-02;3.440607e-02
1.493590e-02;3.455669e-02;1.057710e-01;4.074553e-02;1.214073e-02;2.961799e-01;1.024977e-01;1.074624e-01;9.144977e-02;1.280083e-01;2.009059e-02;4.616155e-02
1.969006e-02;4.500135e-02;1.091087e-01;2.725484e-02;1.199681e-02;2.705285e-01;1.113685e-01;1.013331e-01;6.344510e-02;1.540610e-01;3.896211e-02;4.725002e-02
2.083050e-02;4.528157e-02;1.097246e-01;2.786813e-02;1.162054e-02;2.405735e-01;1.021702e-01;1.035158e-01;8.175883e-02;1.557929e-01;6.820907e-02;3.265439e-02
1.806479e-02;7.062329e-02;9.105604e-02;4.091777e-02;1.891266e-02;1.831923e-01;6.379178e-02;1.457273e-01;1.410196e-01;1.421860e-01;6.017148e-02;2.433701e-02
1.565639e-02;8.772393e-02;1.123203e-01;3.731589e-02;2.013334e-02;1.229246e-01;2.748718e-02;2.594873e-01;1.944036e-01;7.947738e-02;1.125394e-02;3.181624e-02
1.898858e-02;1.111858e-01;1.568772e-01;2.844795e-02;2.460894e-02;1.301728e-01;1.031608e-02;2.700288e-01;1.597000e-01;5.185569e-02;1.496022e-02;2.285794e-02
1.837884e-02;1.312693e-01;1.403050e-01;2.024642e-02;2.791704e-02;2.335257e-01;3.868007e-03;2.337085e-01;9.884240e-02;6.430472e-02;1.274043e-02;1.489372e-02
1.577505e-02;1.015432e-01;1.046521e-01;1.125109e-02;2.177783e-02;3.233857e-01;1.272462e-02;2.047832e-01;1.004893e-01;6.210054e-02;2.442862e-02;1.708879e-02
3.997113e-02;7.083052e-02;6.031936e-02;2.822296e-02;4.129195e-02;2.342858e-01;5.302702e-02;1.545181e-01;1.222740e-01;7.832233e-02;6.910691e-02;4.782983e-02
5.022166e-02;4.653139e-02;4.093060e-02;2.877303e-02;6.328765e-02;1.172845e-01;8.697353e-02;1.390344e-01;1.627325e-01;1.159350e-01;7.805846e-02;7.023729e-02
4.571981e-02;6.116774e-02;6.856770e-02;4.425626e-02;7.224928e-02;7.397462e-02;9.170622e-02;1.462869e-01;1.682089e-01;8.102775e-02;8.251897e-02;6.431589e-02
3.642739e-02;6.203522e-02;9.323172e-02;1.117260e-01;1.159563e-01;8.052225e-02;5.788223e-02;1.209345e-01;1.551940e-01;3.398873e-02;7.871059e-02;5.339113e-02
3.501106e-02;5.911560e-02;8.252772e-02;1.212079e-01;1.579625e-01;1.238683e-01;4.848425e-02;8.171064e-02;1.114340e-01;5.817534e-02;7.642822e-02;4.407445e-02
3.173962e-02;4.934867e-02;6.690698e-02;8.652687e-02;1.461165e-01;2.011534e-01;7.499814e-02;5.106558e-02;6.455866e-02;7.845598e-02;9.684517e-02;5.228438e-02
2.268885e-02;2.915492e-02;6.131315e-02;5.450712e-02;8.012725e-02;2.589309e-01;1.356957e-01;2.702057e-02;4.299885e-02;6.716130e-02;1.401465e-01;8.025488e-02
2.854217e-02;2.839944e-02;5.464404e-02;4.842381e-02;3.014468e-02;1.919626e-01;2.300616e-01;4.300857e-02;4.165670e-02;5.867979e-02;1.242718e-01;1.202048e-01
6.983013e-02;3.699991e-02;4.009948e-02;5.726335e-02;3.252937e-02;7.596785e-02;2.550442e-01;1.223371e-01;3.113267e-02;8.136643e-02;6.325364e-02;1.341758e-01
1.417969e-01;4.051294e-02;4.586786e-02;4.498080e-02;5.026360e-02;3.045118e-02;1.686859e-01;2.269301e-01;2.330170e-02;9.044563e-02;5.766638e-02;7.909705e-02
1.586235e-01;8.098835e-02;4.731647e-02;2.189060e-02;7.904548e-02;3.889145e-02;6.726659e-02;2.530358e-01;6.520721e-02;5.989268e-02;1.111355e-01;1.670635e-02
8.730382e-02;1.884661e-01;3.710159e-02;2.327518e-02;6.501540e-02;8.307221e-02;3.956329e-02;1.535995e-01;1.461983e-01;3.407123e-02;1.200738e-01;2.225955e-02
3.452839e-02;2.871469e-01;4.383197e-02;2.824835e-02;2.760131e-02;1.272533e-01;4.132065e-02;3.866030e-02;2.454132e-01;3.829670e-02;6.571836e-02;2.198053e-02
4.566358e-02;2.656519e-01;4.870364e-02;3.210928e-02;4.179177e-02;1.241475e-01;3.936665e-02;6.081396e-02;2.387835e-01;3.437208e-02;4.968293e-02;1.891327e-02
1.145126e-01;1.918979e-01;4.560410e-02;2.748870e-02;8.465764e-02;8.813276e-02;3.397202e-02;1.148709e-01;1.639339e-01;3.541505e-02;7.862636e-02;2.088802e-02
1.844770e-01;9.158449e-02;3.311973e-02;1.445471e-02;1.311565e-01;5.606164e-02;4.079548e-02;2.354634e-01;6.778777e-02;2.589557e-02;9.973662e-02;1.946701e-02
1.697481e-01;6.058942e-02;3.786251e-02;3.023760e-02;1.101579e-01;2.414220e-02;8.490861e-02;2.750129e-01;4.862222e-02;4.423461e-02;7.356042e-02;4.092339e-02
7.498512e-02;5.645910e-02;2.490707e-02;8.834527e-02;5.035911e-02;7.883627e-02;2.120680e-01;1.571046e-01;5.787734e-02;6.120382e-02;4.405225e-02;9.380199e-02
2.146982e-02;5.385586e-02;3.507771e-02;1.075127e-01;4.110258e-02;1.269222e-01;2.774579e-01;8.365461e-02;4.745717e-02;5.209439e-02;2.885104e-02;1.245439e-01
6.627584e-02;6.053702e-02;4.168466e-02;8.626764e-02;4.506676e-02;1.210912e-01;2.299151e-01;1.146232e-01;4.173341e-02;4.115908e-02;2.910991e-02;1.225362e-01
6.686071e-02;1.142673e-01;4.869463e-02;5.329737e-02;3.318090e-02;9.031061e-02;1.379174e-01;1.447250e-01;7.931208e-02;6.676863e-02;4.263063e-02;1.220347e-01
5.803721e-02;1.559125e-01;4.309232e-02;6.433549e-02;6.194645e-02;6.487542e-02;8.801268e-02;1.044603e-01;9.301641e-02;8.929484e-02;7.029136e-02;1.067251e-01
8.888499e-02;1.503300e-01;4.152866e-02;4.798977e-02;7.820989e-02;1.071758e-01;7.916404e-02;1.078754e-01;5.755021e-02;7.157058e-02;7.138988e-02;9.833072e-02
8.175225e-02;1.231862e-01;3.953925e-02;3.510429e-02;5.026549e-02;1.238584e-01;1.298001e-01;2.103030e-01;5.669816e-02;4.264250e-02;5.013581e-02;5.671459e-02
5.479624e-02;8.231429e-02;3.233222e-02;3.187241e-02;4.509014e-02;1.299445e-01;1.663190e-01;2.379851e-01;7.669130e-02;5.892935e-02;3.093581e-02;5.278955e-02
7.928906e-02;6.711685e-02;2.005561e-02;2.074616e-02;6.716480e-02;1.379803e-01;1.295191e-01;1.907658e-01;8.262507e-02;9.045778e-02;5.192478e-02;6.235472e-02
1.167154e-01;6.992800e-02;2.145565e-02;2.343369e-02;8.278526e-02;9.716601e-02;1.132076e-01;1.408486e-01;1.304732e-01;1.093486e-01;7.552235e-02;1.911563e-02
9.426236e-02;7.977198e-02;2.935529e-02;2.905597e-02;8.010630e-02;8.639528e-02;1.307320e-01;1.032472e-01;1.606078e-01;8.689292e-02;5.913845e-02;6.043452e-02
6.695380e-02;8.135106e-02;4.118358e-02;2.208967e-02;7.396711e-02;9.320122e-02;1.741926e-01;1.206256e-01;1.548920e-01;7.862163e-02;2.742762e-02;6.549412e-02
4.448286e-02;7.797085e-02;4.945150e-02;4.432256e-02;6.454115e-02;7.397471e-02;1.947079e-01;1.654883e-01;1.131919e-01;7.339267e-02;3.832989e-02;6.014576e-02
4.236117e-02;9.222331e-02;3.200821e-02;6.881016e-02;7.890046e-02;4.888439e-02;2.077730e-01;8.094560e-02;1.226197e-01;8.297534e-02;7.676794e-02;6.573083e-02
2.832699e-02;8.345516e-02;2.420347e-02;5.256823e-02;5.663039e-02;1.382055e-01;1.286037e-01;1.255180e-01;1.018315e-01;9.281082e-02;5.115845e-02;1.166878e-01
5.195164e-02;5.327124e-02;3.681663e-02;3.728139e-02;4.890196e-02;1.692713e-01;1.437925e-01;1.438516e-01;9.376514e-02;7.201846e-02;5.252578e-02;9.655236e-02
3.351732e-02;5.150403e-02;3.867293e-02;3.903849e-02;3.880947e-02;1.859086e-01;1.202582e-01;2.117494e-01;1.078745e-01;2.939289e-02;8.732123e-02;5.595281e-02
3.472116e-02;6.125367e-02;4.712291e-02;3.037207e-02;4.378393e-02;1.580514e-01;1.510451e-01;2.057049e-01;8.566383e-02;4.020847e-02;7.586836e-02;6.620416e-02
7.804076e-02;5.934043e-02;6.453454e-02;4.699314e-02;3.973851e-02;7.741868e-02;1.650103e-01;2.083878e-01;8.414822e-02;3.746092e-02;8.313461e-02;5.579212e-02
5.702159e-02;6.514190e-02;7.303012e-02;6.393456e-02;8.262346e-02;1.080653e-01;1.538790e-01;1.812432e-01;6.475175e-02;4.392054e-02;7.033709e-02;3.605134e-02
2.254325e-02;5.690720e-02;5.663252e-02;3.869391e-02;1.267029e-01;2.059153e-01;1.085517e-01;1.808912e-01;4.980827e-02;7.764353e-02;4.184584e-02;3.386444e-02
8.707641e-03;5.139963e-02;3.174817e-02;1.191278e-02;1.582966e-01;2.416684e-01;1.014611e-01;1.718440e-01;3.151196e-02;1.278070e-01;3.946233e-02;2.418038e-02
1.068230e-02;4.847984e-02;1.848594e-02;2.379960e-02;1.958201e-01;1.985209e-01;7.874405e-02;1.247665e-01;3.763638e-02;2.062189e-01;3.383135e-02;2.301425e-02
1.629566e-02;3.316013e-02;1.184464e-02;4.225935e-02;2.334438e-01;1.221167e-01;5.437741e-02;7.052123e-02;5.236084e-02;3.215480e-01;1.337026e-02;2.870185e-02
4.260557e-02;2.121972e-02;1.819295e-02;5.562115e-02;2.013352e-01;5.040998e-02;7.790892e-02;4.641424e-02;7.625084e-02;3.550527e-01;2.548094e-02;2.950776e-02
5.783716e-02;3.011152e-02;2.230836e-02;7.716312e-02;1.546596e-01;3.527881e-02;1.375184e-01;3.891010e-02;1.199571e-01;2.798605e-01;2.109677e-02;2.529863e-02
1.097693e-01;2.838168e-02;2.431631e-02;1.161353e-01;1.179631e-01;2.158776e-02;1.925948e-01;3.679214e-02;1.720603e-01;1.413360e-01;1.576303e-02;2.330026e-02
1.513668e-01;1.754630e-02;2.469046e-02;1.598846e-01;7.389257e-02;3.223983e-02;1.544618e-01;3.813126e-02;2.246228e-01;7.479069e-02;2.810359e-02;2.026922e-02
1.540483e-01;1.509331e-02;2.369224e-02;1.786272e-01;4.623951e-02;5.436786e-02;1.046639e-01;4.608445e-02;2.733465e-01;2.520721e-02;3.940865e-02;3.922088e-02
9.330934e-02;2.774767e-02;5.279965e-02;1.211047e-01;2.499856e-02;1.006694e-01;6.543096e-02;1.219922e-01;2.182341e-01;4.201937e-02;3.353536e-02;9.815864e-02
4.005831e-02;2.549391e-02;8.947581e-02;5.399455e-02;3.187750e-02;1.305008e-01;4.490193e-02;2.329263e-01;1.115726e-01;4.851413e-02;3.244450e-02;1.582396e-01
1.333514e-02;3.606517e-02;1.087146e-01;2.704882e-02;5.944374e-02;1.017865e-01;5.454941e-02;3.068335e-01;4.039738e-02;6.379468e-02;3.056994e-02;1.574612e-01
2.673280e-02;4.085542e-02;8.127300e-02;2.219102e-02;9.237573e-02;4.374857e-02;1.494078e-01;2.627320e-01;2.440784e-02;7.264877e-02;9.747374e-02;8.615336e-02
2.124204e-02;6.447858e-02;3.079877e-02;2.053867e-02;8.455698e-02;4.499108e-02;2.639190e-01;1.680253e-01;5.645701e-02;7.425530e-02;1.483372e-01;2.240014e-02
2.540320e-02;6.962900e-02;2.082100e-02;4.378005e-02;6.114032e-02;1.085358e-01;3.008543e-01;1.003018e-01;7.025488e-02;3.374360e-02;1.349232e-01;3.061284e-02
6.395017e-02;4.618704e-02;3.345619e-02;6.978395e-02;3.150358e-02;2.179099e-01;1.877939e-01;7.661121e-02;5.550275e-02;9.136739e-02;7.787769e-02;4.805623e-02
9.429924e-02;3.310189e-02;4.756796e-02;6.146637e-02;4.056768e-02;2.714426e-01;8.229023e-02;1.111877e-01;5.669203e-02;1.264320e-01;4.653851e-02;2.841381e-02
8.993454e-02;3.368459e-02;7.584359e-02;3.857905e-02;8.272818e-02;2.207943e-01;9.000859e-02;7.979852e-02;7.700200e-02;1.033919e-01;4.037622e-02;6.785847e-02
7.333894e-02;2.248736e-02;7.592110e-02;4.073348e-02;1.051906e-01;1.631005e-01;1.018889e-01;8.024128e-02;1.109441e-01;6.821069e-02;3.532992e-02;1.226132e-01
5.995986e-02;5.109512e-02;5.660857e-02;2.984020e-02;8.000258e-02;1.470454e-01;7.331726e-02;1.360254e-01;1.102016e-01;9.920665e-02;4.724605e-02;1.094513e-01
5.699063e-02;7.606822e-02;8.528762e-02;3.329753e-02;5.677357e-02;1.368875e-01;8.296597e-02;1.559969e-01;7.094222e-02;8.406478e-02;7.024927e-02;9.047586e-02
2.691175e-02;7.264684e-02;7.212840e-02;5.030789e-02;7.945473e-02;1.497625e-01;7.382624e-02;1.633511e-01;8.645746e-02;5.588236e-02;7.335560e-02;9.591512e-02
3.713648e-02;8.282820e-02;7.481194e-02;8.062065e-02;1.134971e-01;1.288441e-01;8.894751e-02;1.089557e-01;7.039037e-02;7.948541e-02;4.861597e-02;8.586654e-02
3.863861e-02;8.341168e-02;5.696606e-02;8.928356e-02;1.145143e-01;1.639666e-01;9.831835e-02;7.445119e-02;5.785819e-02;9.788177e-02;5.934963e-02;6.536008e-02
4.362053e-02;9.190672e-02;4.643304e-02;1.029911e-01;6.560933e-02;1.399622e-01;8.294365e-02;1.059758e-01;5.783578e-02;1.510015e-01;7.291465e-02;3.880573e-02
4.427028e-02;7.792244e-02;3.834203e-02;8.306875e-02;4.532960e-02;1.307756e-01;7.859088e-02;1.314713e-01;8.791485e-02;1.780609e-01;3.736642e-02;6.688686e-02
6.346373e-02;4.180728e-02;4.279478e-02;5.619492e-02;4.675962e-02;2.053672e-01;4.584339e-02;1.498463e-01;8.614789e-02;1.555665e-01;3.086877e-02;7.533961e-02
5.475673e-02;8.172382e-02;3.497189e-02;7.184041e-02;9.954584e-02;2.349728e-01;7.623193e-02;1.462611e-01;3.836525e-02;9.863897e-02;7.379917e-03;5.531134e-02
2.713825e-02;1.332823e-01;5.689753e-02;6.471329e-02;8.281546e-02;1.696467e-01;1.105049e-01;1.261675e-01;4.697956e-02;8.798093e-02;5.935546e-02;3.451815e-02
3.420884e-02;1.927392e-01;7.746942e-02;3.396019e-02;5.284705e-02;1.279463e-01;1.152538e-01;1.409491e-01;4.292965e-02;4.553902e-02;1.251601e-01;1.099734e-02
2.543271e-02;2.113914e-01;1.058763e-01;1.204696e-02;3.646934e-02;9.990370e-02;1.166591e-01;1.453704e-01;3.098742e-02;2.035171e-02;1.664172e-01;2.909376e-02
2.175198e-02;1.968832e-01;1.160550e-01;1.569701e-02;3.015530e-02;6.001803e-02;1.138602e-01;1.712703e-01;3.840422e-02;2.647109e-02;1.934903e-01;1.594315e-02
2.518394e-02;1.904651e-01;1.170261e-01;1.851192e-02;2.296839e-02;4.327831e-02;1.268782e-01;1.633675e-01;4.275234e-02;2.420880e-02;2.110907e-01;1.426872e-02
2.601751e-02;1.987564e-01;9.237143e-02;1.685403e-02;1.734596e-02;6.825467e-02;1.270560e-01;1.297280e-01;3.593206e-02;3.562408e-02;2.219114e-01;3.014853e-02
2.937106e-02;2.503499e-01;8.360267e-02;1.645146e-02;2.096092e-02;7.919381e-02;1.220208e-01;9.983691e-02;3.257216e-02;2.704137e-02;2.223021e-01;1.629680e-02
2.928615e-02;3.177040e-01;8.062872e-02;1.487696e-02;2.795800e-02;9.936800e-02;1.180826e-01;9.369135e-02;1.789753e-02;9.800321e-03;1.837148e-01;6.991633e-03
3.131977e-02;3.351465e-01;7.547040e-02;2.610136e-02;2.484639e-02;1.109750e-01;1.078190e-01;9.740260e-02;2.737463e-02;4.163963e-02;1.161836e-01;5.721068e-03
3.542168e-02;2.750770e-01;5.064787e-02;4.509465e-02;2.796999e-02;1.727689e-01;9.177479e-02;1.231042e-01;3.040324e-02;7.841004e-02;5.079427e-02;1.853336e-02
7.391956e-02;1.807916e-01;4.386647e-02;9.099858e-02;3.577183e-02;2.300714e-01;4.490364e-02;1.323655e-01;3.519056e-02;9.720945e-02;9.631827e-03;2.527952e-02
7.184453e-02;7.516459e-02;2.421855e-02;1.399279e-01;5.615369e-02;2.673917e-01;4.785748e-02;1.194886e-01;3.666332e-02;8.113803e-02;5.504115e-02;2.511042e-02
5.469662e-02;7.555867e-02;3.118742e-02;1.552593e-01;6.664660e-02;2.627613e-01;5.925221e-02;1.055835e-01;3.634922e-02;3.362233e-02;8.232614e-02;3.675668e-02
8.514971e-02;9.578624e-02;2.454681e-02;1.391181e-01;6.227193e-02;2.544875e-01;7.277025e-02;8.507294e-02;2.273299e-02;5.427813e-02;8.082166e-02;2.296380e-02
6.878076e-02;9.574020e-02;2.106596e-02;1.396490e-01;5.867478e-02;2.499771e-01;4.742132e-02;1.155540e-01;2.809187e-02;1.041068e-01;5.235222e-02;1.858607e-02
3.153537e-02;7.303593e-02;3.968674e-02;1.504438e-01;4.701835e-02;2.783553e-01;5.086321e-02;1.419389e-01;3.719161e-02;9.406576e-02;4.334072e-02;1.252433e-02
4.059844e-02;9.187043e-02;6.844287e-02;1.340056e-01;5.200658e-02;2.597044e-01;7.165830e-02;1.273065e-01;4.449608e-02;5.123685e-02;5.016648e-02;8.507499e-03
2.089382e-02;1.214941e-01;1.418532e-01;7.935577e-02;1.008745e-01;1.828166e-01;1.015187e-01;1.352546e-01;3.662285e-02;2.512983e-02;5.011079e-02;4.075354e-03
1.182606e-02;1.305991e-01;1.926954e-01;4.960170e-02;1.168283e-01;1.255281e-01;1.201869e-01;1.427497e-01;2.470728e-02;1.751654e-02;5.629081e-02;1.147014e-02
1.527703e-02;1.468518e-01;2.532008e-01;3.368589e-02;9.518076e-02;7.486626e-02;9.499055e-02;1.755452e-01;1.636009e-02;1.862225e-02;5.483348e-02;2.058593e-02
1.350017e-02;1.269566e-01;3.028380e-01;1.670323e-02;5.903249e-02;4.065862e-02;5.663246e-02;2.651041e-01;3.262007e-02;1.904869e-02;3.849298e-02;2.841271e-02
9.861446e-03;9.196269e-02;3.251137e-01;2.363531e-02;1.993703e-02;6.589513e-02;3.296733e-02;3.186141e-01;3.393605e-02;1.751334e-02;1.563195e-02;4.493185e-02
6.412382e-03;6.861693e-02;3.172305e-01;3.342361e-02;1.289229e-02;1.029837e-01;2.375445e-02;3.125050e-01;3.986301e-02;2.347201e-02;1.025333e-02;4.859276e-02
6.129328e-03;5.680831e-02;3.145248e-01;4.049353e-02;1.211370e-02;1.134592e-01;3.406853e-02;2.929556e-01;3.949789e-02;3.033739e-02;8.310547e-03;5.130106e-02
4.838294e-03;8.463679e-02;3.216282e-01;3.494361e-02;1.144655e-02;1.027548e-01;2.431278e-02;2.821989e-01;3.403543e-02;3.813383e-02;1.035180e-02;5.071898e-02
8.411710e-03;1.212564e-01;2.739337e-01;3.281961e-02;3.361145e-02;1.000933e-01;4.040027e-02;2.605827e-01;3.398662e-02;3.882300e-02;1.443257e-02;4.164862e-02
2.281471e-02;1.424040e-01;1.762319e-01;3.251687e-02;6.551870e-02;1.147621e-01;1.005948e-01;2.161909e-01;4.208178e-02;3.527124e-02;2.359588e-02;2.801715e-02
3.265961e-02;1.477880e-01;4.732734e-02;2.741280e-02;7.714359e-02;1.587255e-01;2.094394e-01;1.468614e-01;5.877234e-02;3.655475e-02;4.101321e-02;1.630201e-02
1.761085e-02;1.235051e-01;7.879000e-02;1.937076e-02;3.910800e-02;1.350982e-01;2.493010e-01;1.625699e-01;6.859505e-02;3.407659e-02;6.416106e-02;7.813581e-03
2.120077e-02;1.262155e-01;7.628775e-02;2.865348e-02;2.978595e-02;1.121696e-01;2.460291e-01;1.866665e-01;7.238849e-02;1.705479e-02;7.672136e-02;6.826741e-03
2.542098e-02;1.670896e-01;1.349925e-01;2.508409e-02;2.113993e-02;8.347163e-02;2.292187e-01;1.418785e-01;7.412425e-02;2.187532e-02;6.064308e-02;1.506137e-02
3.017317e-02;1.892394e-01;1.559815e-01;5.075743e-02;2.737037e-02;1.029981e-01;1.880294e-01;1.012118e-01;6.694483e-02;2.462069e-02;4.118741e-02;2.148587e-02
3.258926e-02;1.479245e-01;1.254294e-01;9.028498e-02;2.588900e-02;1.487352e-01;1.868904e-01;9.230821e-02;4.328809e-02;4.663978e-02;3.392598e-02;2.609526e-02
5.311600e-02;1.220057e-01;1.129526e-01;9.292363e-02;3.821126e-02;2.187585e-01;1.203116e-01;1.084161e-01;2.348110e-02;8.037158e-02;8.836490e-03;2.061536e-02
5.878580e-02;8.042558e-02;1.216033e-01;6.435013e-02;5.153859e-02;2.748810e-01;6.041643e-02;1.406994e-01;3.369619e-02;8.491753e-02;7.676512e-03;2.100944e-02
4.871548e-02;4.167673e-02;1.338781e-01;2.557865e-02;4.644164e-02;3.386350e-01;4.994068e-02;1.519411e-01;4.565088e-02;8.387811e-02;1.494260e-02;1.872098e-02
4.242124e-02;7.362499e-02;1.222446e-01;3.602396e-02;4.284420e-02;3.824994e-01;5.297500e-02;1.153228e-01;3.376308e-02;6.274343e-02;1.425812e-02;2.127913e-02
6.151929e-02;7.245456e-02;8.442652e-02;2.129796e-02;3.154697e-02;3.940935e-01;5.272819e-02;1.556883e-01;3.306189e-02;3.712188e-02;3.433073e-02;2.173020e-02
5.123871e-02;6.901301e-02;9.451431e-02;2.930125e-02;6.826854e-02;3.191303e-01;5.328377e-02;1.676764e-01;4.966014e-02;3.505963e-02;3.381048e-02;2.904338e-02
3.457513e-02;5.916145e-02;1.039235e-01;2.988811e-02;1.294504e-01;2.532821e-01;5.190621e-02;1.285679e-01;9.915115e-02;2.304551e-02;3.405483e-02;5.299375e-02
1.963937e-02;3.684969e-02;8.811029e-02;3.868539e-02;1.813524e-01;2.208237e-01;7.938628e-02;6.478695e-02;1.517945e-01;1.094131e-02;2.284276e-02;8.478732e-02
1.117649e-02;3.771407e-02;6.054186e-02;4.930347e-02;1.827533e-01;1.975159e-01;9.585720e-02;8.014563e-02;1.475244e-01;2.446541e-02;2.037323e-02;9.262905e-02
1.768768e-02;6.656709e-02;5.827457e-02;6.592005e-02;1.710093e-01;1.481868e-01;9.258138e-02;1.212668e-01;1.130456e-01;2.589713e-02;3.433811e-02;8.522546e-02
1.249472e-02;1.029852e-01;8.393767e-02;8.867614e-02;1.491081e-01;8.711016e-02;9.484504e-02;1.461012e-01;7.660389e-02;3.465884e-02;5.543241e-02;6.804662e-02
2.193858e-02;1.076476e-01;1.023128e-01;9.977750e-02;1.152635e-01;1.005875e-01;1.272399e-01;1.475505e-01;5.692971e-02;1.924727e-02;5.735563e-02;4.414935e-02
2.026256e-02;9.383084e-02;7.626243e-02;8.691777e-02;9.564158e-02;2.280467e-01;1.172947e-01;1.666388e-01;4.752256e-02;1.749328e-02;3.708639e-02;1.300239e-02
2.588435e-02;5.802670e-02;5.682010e-02;5.132472e-02;7.952745e-02;3.474000e-01;5.581964e-02;1.781808e-01;6.119764e-02;3.352304e-02;2.087874e-02;3.141692e-02
2.606525e-02;5.235469e-02;2.899965e-02;6.473739e-02;8.211514e-02;3.578978e-01;7.011120e-02;1.690877e-01;7.222629e-02;4.600098e-02;1.596632e-02;1.443751e-02
1.862850e-02;5.042662e-02;5.408149e-02;7.940346e-02;1.322329e-01;2.639825e-01;7.306489e-02;1.401378e-01;7.526448e-02;3.749003e-02;3.661259e-02;3.867467e-02
2.431663e-02;2.826006e-02;6.614992e-02;6.357563e-02;1.587885e-01;2.693602e-01;4.726745e-02;1.396905e-01;6.435828e-02;4.885076e-02;5.098724e-02;3.839494e-02
2.864386e-02;4.488312e-02;8.472213e-02;4.709986e-02;1.235417e-01;3.050226e-01;5.347877e-02;1.193160e-01;3.476915e-02;6.429563e-02;5.538569e-02;3.884151e-02
2.594829e-02;9.759741e-02;7.666228e-02;1.865540e-02;8.886067e-02;3.054942e-01;6.403330e-02;1.561657e-01;3.032846e-02;5.079399e-02;4.430717e-02;4.115308e-02
2.422788e-02;1.111214e-01;8.878148e-02;2.645626e-02;5.129578e-02;2.954604e-01;5.903046e-02;1.895668e-01;5.085699e-02;2.264050e-02;3.659299e-02;4.396901e-02
2.558756e-02;8.633966e-02;1.492483e-01;5.604835e-02;4.170376e-02;1.639529e-01;7.038039e-02;1.634162e-01;8.513834e-02;4.886514e-02;4.340855e-02;6.591083e-02
2.193623e-02;5.278293e-02;1.377793e-01;3.598680e-02;3.940146e-02;2.803763e-01;4.000190e-02;2.030593e-01;7.218967e-02;5.216094e-02;2.611217e-02;3.821300e-02
1.742760e-02;4.034540e-02;1.587051e-01;4.191841e-02;4.856792e-02;2.595623e-01;5.466766e-02;2.272297e-01;7.184742e-02;3.783612e-02;1.863171e-02;2.326053e-02
1.822547e-02;3.855311e-02;1.393516e-01;3.526056e-02;5.948106e-02;2.456990e-01;8.865106e-02;2.186484e-01;7.785016e-02;3.933752e-02;2.103605e-02;1.790606e-02
2.155031e-02;4.171832e-02;1.153769e-01;6.583346e-02;7.061557e-02;3.957984e-01;4.938408e-02;1.266677e-01;5.317871e-02;3.149511e-02;1.389787e-02;1.448359e-02
1.921287e-02;4.688293e-02;1.226492e-01;7.827398e-02;4.910911e-02;5.023844e-01;3.364973e-02;7.440606e-02;3.854759e-02;1.296021e-02;5.658388e-03;1.626555e-02
1.131779e-02;5.830540e-02;1.497117e-01;8.382913e-02;3.322580e-02;4.769026e-01;3.066927e-02;7.315217e-02;4.132366e-02;1.753208e-02;3.765962e-03;2.026440e-02
1.366555e-02;5.508296e-02;1.643293e-01;7.833027e-02;6.886512e-02;4.382514e-01;1.947534e-02;6.217390e-02;5.598778e-02;1.832316e-02;4.437899e-03;2.107731e-02
2.060626e-02;2.372467e-02;1.664619e-01;6.846743e-02;8.100881e-02;4.527164e-01;1.874202e-02;6.449199e-02;5.559507e-02;1.918415e-02;6.067098e-03;2.293424e-02
1.897230e-02;5.419600e-02;1.807998e-01;7.805571e-02;7.647581e-02;4.218870e-01;1.831995e-02;5.643831e-02;4.440327e-02;1.981856e-02;6.331932e-03;2.430146e-02
2.835084e-02;6.343450e-02;1.750551e-01;7.316595e-02;7.277346e-02;4.194644e-01;1.195567e-02;7.036210e-02;3.714946e-02;1.212794e-02;1.348392e-02;2.267665e-02
4.071621e-02;5.069241e-02;1.715508e-01;4.571866e-02;5.097945e-02;4.541417e-01;1.001747e-02;8.420467e-02;3.004207e-02;2.454736e-02;1.667660e-02;2.071258e-02
5.004850e-02;9.711024e-02;2.060657e-01;3.111615e-02;3.954099e-02;3.719756e-01;1.418616e-02;7.921787e-02;4.366931e-02;3.229832e-02;1.555590e-02;1.921527e-02
6.671662e-02;1.209952e-01;2.237957e-01;3.688168e-02;6.612330e-02;2.820352e-01;1.785949e-02;5.126793e-02;5.152621e-02;3.384727e-02;1.530600e-02;3.364535e-02
7.483413e-02;1.947442e-01;1.857339e-01;3.300330e-02;8.260052e-02;2.213715e-01;1.926495e-02;3.841573e-02;4.914246e-02;3.359583e-02;1.665733e-02;5.063606e-02
7.316286e-02;1.372909e-01;1.576330e-01;4.432923e-02;1.022174e-01;1.885961e-01;3.037426e-02;7.167979e-02;6.855908e-02;3.370825e-02;2.533897e-02;6.711010e-02
6.496809e-02;1.270123e-01;1.733551e-01;6.657709e-02;9.380934e-02;1.342234e-01;3.661974e-02;9.874076e-02;8.096121e-02;3.313983e-02;3.108902e-02;5.950417e-02
4.480134e-02;1.411751e-01;1.991044e-01;7.224642e-02;8.533822e-02;1.574022e-01;2.857370e-02;1.099829e-01;5.920635e-02;3.347402e-02;2.891625e-02;3.977917e-02
4.567720e-02;9.702650e-02;1.552417e-01;3.411989e-02;1.020312e-01;3.118806e-01;3.763148e-02;9.408362e-02;3.131633e-02;2.345670e-02;1.482390e-02;5.271084e-02
3.628448e-02;1.029791e-01;1.038986e-01;2.740936e-02;1.142319e-01;3.747082e-01;4.699765e-02;4.430922e-02;4.310018e-02;6.795507e-03;1.810636e-02;8.117945e-02
4.563957e-02;4.394045e-02;7.552823e-02;4.468001e-02;1.333689e-01;3.658744e-01;4.761266e-02;5.104235e-02;5.389414e-02;9.642038e-03;1.873641e-02;1.100408e-01
4.938175e-02;5.196057e-02;9.139129e-02;5.218320e-02;1.426058e-01;2.787366e-01;4.645582e-02;8.405226e-02;5.784712e-02;1.503805e-02;2.100570e-02;1.093419e-01
5.132867e-02;6.123885e-02;1.086001e-01;8.656098e-02;1.460805e-01;1.721125e-01;4.572976e-02;1.161412e-01;6.707683e-02;2.546810e-02;3.672250e-02;8.293995e-02
4.534443e-02;7.259183e-02;1.644994e-01;1.072029e-01;1.229114e-01;1.491795e-01;3.998545e-02;1.117981e-01;5.650157e-02;2.471556e-02;4.502428e-02;6.024566e-02
5.133620e-02;8.530149e-02;1.882213e-01;8.973602e-02;9.025685e-02;2.103034e-01;3.981622e-02;7.938765e-02;4.902000e-02;3.758509e-02;3.916726e-02;3.986844e-02
5.331075e-02;8.475450e-02;1.544118e-01;5.252208e-02;6.168463e-02;3.195479e-01;3.046300e-02;7.387884e-02;3.664919e-02;3.318352e-02;4.888115e-02;5.071259e-02
4.007447e-02;7.717317e-02;1.360179e-01;5.405166e-02;5.313656e-02;3.646492e-01;4.118200e-02;7.379194e-02;2.882954e-02;2.268871e-02;4.458022e-02;6.382462e-02
2.737435e-02;7.478070e-02;1.281234e-01;5.963158e-02;4.174764e-02;3.495518e-01;6.169448e-02;9.394860e-02;4.259844e-02;1.783715e-02;3.240463e-02;7.030722e-02
3.998336e-02;5.306198e-02;1.350016e-01;7.763152e-02;5.643726e-02;3.264547e-01;6.407424e-02;6.517634e-02;4.535459e-02;1.637394e-02;2.298463e-02;9.746580e-02
5.272086e-02;5.151899e-02;1.371562e-01;7.231980e-02;6.206630e-02;3.375663e-01;4.903239e-02;4.081342e-02;4.303760e-02;1.673583e-02;3.073309e-02;1.062992e-01
4.965506e-02;6.244561e-02;1.183278e-01;5.646512e-02;8.264700e-02;4.031761e-01;3.553552e-02;4.784456e-02;4.188908e-02;6.548534e-03;2.423604e-02;7.122960e-02
3.872945e-02;4.568671e-02;9.107171e-02;3.430094e-02;9.584592e-02;4.546760e-01;3.082738e-02;8.667739e-02;2.990197e-02;1.041428e-02;1.503208e-02;6.683611e-02
2.978329e-02;4.360283e-02;1.125106e-01;4.924578e-02;9.018420e-02;4.117419e-01;3.746189e-02;8.587218e-02;2.953340e-02;9.678502e-03;1.727900e-02;8.310646e-02
5.187141e-02;2.176508e-02;1.893642e-01;5.198950e-02;7.271713e-02;2.653737e-01;2.969358e-02;1.195883e-01;6.113764e-02;2.448165e-02;2.181797e-02;9.019984e-02
5.833010e-02;1.577424e-01;2.736833e-01;4.016489e-02;7.317016e-02;1.494291e-01;1.073408e-02;8.275435e-02;5.748088e-02;2.352350e-02;1.587032e-02;5.711687e-02
3.576505e-02;1.506867e-01;3.036386e-01;2.232976e-02;6.781212e-02;2.152268e-01;8.924807e-03;9.687562e-02;4.067531e-02;1.499693e-02;9.343621e-03;3.372468e-02
2.293242e-02;1.261170e-01;2.759264e-01;3.245784e-02;7.792066e-02;3.171337e-01;1.266269e-02;6.800167e-02;2.919293e-02;5.743968e-03;6.504479e-03;2.540629e-02
1.583365e-02;9.507205e-02;2.510452e-01;5.845205e-02;9.043874e-02;3.001253e-01;1.875011e-02;9.013317e-02;3.417594e-02;9.264847e-03;1.091125e-02;2.579767e-02
2.309979e-02;5.065588e-02;2.820342e-01;1.025130e-01;1.005632e-01;1.840586e-01;1.695832e-02;1.518774e-01;4.446668e-02;9.271686e-03;1.234665e-02;2.215462e-02
2.352782e-02;1.216943e-01;2.119327e-01;6.331808e-02;5.637944e-02;3.497821e-01;2.798776e-02;8.878126e-02;2.099513e-02;4.047505e-03;1.159056e-02;1.996341e-02
1.613750e-02;1.326705e-01;2.059095e-01;3.089206e-02;4.571003e-02;4.494632e-01;2.419715e-02;3.764689e-02;1.427186e-02;5.747803e-03;1.078831e-02;2.656518e-02
2.214875e-02;1.319978e-01;2.307709e-01;2.180296e-02;4.400796e-02;4.118268e-01;1.034510e-02;7.358933e-02;1.444721e-02;6.149041e-03;8.769898e-03;2.414430e-02
1.959439e-02;1.083359e-01;2.547561e-01;2.452613e-02;3.255039e-02;4.119050e-01;1.420391e-02;7.991386e-02;2.167335e-02;8.924199e-03;3.350307e-03;2.026655e-02
1.872287e-02;8.445401e-02;2.357176e-01;9.304225e-03;3.222074e-02;4.918717e-01;7.041827e-03;7.475302e-02;2.040866e-02;8.544198e-03;4.164596e-03;1.279657e-02
1.792428e-02;1.057846e-01;2.105776e-01;1.847136e-02;2.962125e-02;4.942693e-01;1.727465e-02;7.390646e-02;1.221341e-02;3.749190e-03;5.814375e-03;1.039347e-02
1.524022e-02;1.154536e-01;2.357354e-01;3.245525e-02;3.781014e-02;4.333064e-01;2.100034e-02;6.294265e-02;1.711182e-02;3.939752e-03;7.948701e-03;1.705574e-02
1.132721e-02;1.072463e-01;3.037021e-01;4.676689e-02;6.893875e-02;3.197057e-01;2.481822e-02;4.402426e-02;2.934496e-02;1.068386e-02;1.088369e-02;2.255802e-02
2.058615e-02;2.064751e-01;3.263589e-01;2.184316e-02;8.073091e-02;1.897585e-01;2.441435e-02;4.642162e-02;3.601510e-02;1.134611e-02;1.551085e-02;2.053929e-02
3.495210e-02;2.200640e-01;3.186382e-01;3.990059e-02;7.555653e-02;1.292519e-01;2.404364e-02;7.200427e-02;2.452435e-02;8.958755e-03;1.770017e-02;3.440553e-02
2.759424e-02;1.450936e-01;2.907301e-01;6.243023e-02;5.615749e-02;2.075787e-01;1.528980e-02;1.038454e-01;2.603018e-02;1.401919e-02;1.814326e-02;3.308778e-02
