1.097224e-01;5.315210e-02;1.204161e-01;7.899716e-02;6.711659e-02;7.205109e-02;8.268888e-02;9.392002e-02;1.119992e-01;8.006114e-02;8.275893e-02;4.711634e-02
9.595130e-02;5.305921e-02;1.177011e-01;7.039709e-02;9.079025e-02;6.587159e-02;1.273806e-01;1.035905e-01;6.455482e-02;7.728790e-02;7.579485e-02;5.762076e-02
4.767726e-02;4.977113e-02;1.689922e-01;6.287482e-02;9.031751e-02;4.609815e-02;1.638344e-01;1.321792e-01;7.452662e-02;7.008869e-02;4.758894e-02;4.605107e-02
3.572462e-02;3.572636e-02;2.139127e-01;4.933133e-02;9.275711e-02;6.244870e-02;1.928181e-01;1.232469e-01;4.319452e-02;6.645027e-02;3.095045e-02;5.343894e-02
7.849931e-02;3.232631e-02;1.878779e-01;4.435088e-02;9.214751e-02;6.304079e-02;1.612982e-01;6.473597e-02;5.056630e-02;3.667326e-02;6.896969e-02;1.195138e-01
1.080369e-01;3.886215e-02;1.145768e-01;4.701665e-02;8.693668e-02;5.032404e-02;1.075158e-01;6.371403e-02;7.463215e-02;6.922460e-02;7.203727e-02;1.671229e-01
7.128351e-02;4.102007e-02;1.124963e-01;6.421107e-02;9.557532e-02;5.632422e-02;1.606371e-01;1.171357e-01;6.934341e-02;6.955720e-02;2.528027e-02;1.171359e-01
6.875216e-02;4.114065e-02;1.032956e-01;8.145281e-02;9.137396e-02;4.580863e-02;1.448016e-01;1.907416e-01;3.391295e-02;7.917329e-02;4.718147e-02;7.236528e-02
6.604770e-02;2.955628e-02;9.747826e-02;7.964309e-02;5.595798e-02;6.596250e-02;2.089399e-01;1.778995e-01;4.690406e-02;8.662311e-02;3.153873e-02;5.344895e-02
8.580934e-02;1.385887e-02;8.214880e-02;8.164809e-02;7.151991e-02;9.758805e-02;2.087993e-01;1.723615e-01;3.649720e-02;8.147945e-02;1.871957e-02;4.957003e-02
8.328701e-02;3.161649e-02;1.088278e-01;8.493456e-02;7.557246e-02;1.262656e-01;1.654454e-01;1.561689e-01;2.073333e-02;7.346555e-02;3.061516e-02;4.306772e-02
5.745378e-02;3.486769e-02;1.245038e-01;9.480149e-02;7.452459e-02;1.624664e-01;1.763054e-01;1.173655e-01;2.092622e-02;6.270549e-02;2.882071e-02;4.525897e-02
3.903881e-02;2.574966e-02;1.370778e-01;1.391659e-01;5.457434e-02;1.777697e-01;1.846342e-01;7.833386e-02;1.128020e-02;5.833695e-02;3.041439e-02;6.362421e-02
4.430423e-02;2.312694e-02;1.296825e-01;1.577461e-01;4.642535e-02;1.185251e-01;2.739282e-01;3.741070e-02;2.221074e-02;5.310202e-02;2.443877e-02;6.909934e-02
4.717860e-02;2.618912e-02;8.796402e-02;1.421533e-01;4.300979e-02;7.508985e-02;3.864360e-01;3.146448e-02;1.198128e-02;4.288999e-02;3.215458e-02;7.348898e-02
4.028229e-02;3.404430e-02;5.350113e-02;1.036916e-01;4.427225e-02;5.479096e-02;4.761890e-01;3.057192e-02;1.129758e-02;3.445988e-02;3.693198e-02;7.996717e-02
3.264569e-02;2.775147e-02;5.318566e-02;5.568584e-02;3.857226e-02;6.001570e-02;5.216637e-01;2.899322e-02;1.958372e-02;3.643150e-02;4.222118e-02;8.325007e-02
5.436656e-02;4.054696e-02;7.385489e-02;3.800330e-02;3.980739e-02;6.128822e-02;4.477662e-01;2.460242e-02;1.762200e-02;4.449731e-02;5.247902e-02;1.051657e-01
1.253149e-01;6.011282e-02;6.523936e-02;3.048663e-02;4.390679e-02;5.096533e-02;2.098090e-01;3.827463e-02;5.937410e-02;6.912737e-02;9.369889e-02;1.536903e-01
1.680268e-01;6.105560e-02;4.987596e-02;3.458124e-02;4.059246e-02;3.663969e-02;1.408131e-01;4.961969e-02;6.733968e-02;6.083170e-02;1.063732e-01;1.842509e-01
2.305044e-01;4.987139e-02;4.598740e-02;3.839142e-02;3.368688e-02;2.675538e-02;1.884837e-01;5.523548e-02;4.665533e-02;4.027301e-02;5.862064e-02;1.855348e-01
3.044721e-01;7.089090e-02;6.861885e-02;3.787420e-02;2.433334e-02;2.432036e-02;2.010856e-01;6.220020e-02;2.582850e-02;4.604789e-02;2.434002e-02;1.099880e-01
2.922146e-01;1.205635e-01;8.782147e-02;4.270389e-02;2.202442e-02;2.464028e-02;1.762230e-01;7.392078e-02;1.208994e-02;6.055495e-02;2.489298e-02;6.235015e-02
2.364322e-01;1.366513e-01;9.740873e-02;5.819767e-02;3.291708e-02;2.863907e-02;1.658110e-01;8.217682e-02;1.103707e-02;6.644570e-02;1.731426e-02;6.696925e-02
2.147803e-01;1.239850e-01;1.101504e-01;8.880065e-02;5.049326e-02;3.400793e-02;1.401193e-01;7.564624e-02;2.138459e-02;6.972026e-02;1.035259e-02;6.055950e-02
1.949034e-01;8.719952e-02;1.074790e-01;1.296543e-01;7.332325e-02;3.917179e-02;1.241514e-01;6.117595e-02;1.115752e-02;8.426175e-02;8.161990e-03;7.936013e-02
1.839976e-01;7.183094e-02;1.198097e-01;1.376442e-01;9.729590e-02;4.345744e-02;1.061972e-01;4.313304e-02;1.443097e-02;8.452784e-02;1.892093e-02;7.875425e-02
1.945716e-01;5.057338e-02;1.561587e-01;1.128057e-01;1.260104e-01;3.862482e-02;9.245229e-02;5.505557e-02;1.697099e-02;7.080647e-02;2.721883e-02;5.875129e-02
2.032765e-01;3.450197e-02;1.957702e-01;6.928489e-02;1.689337e-01;3.829167e-02;6.144126e-02;7.005194e-02;1.514026e-02;4.833785e-02;6.164654e-02;3.332310e-02
1.885413e-01;4.325267e-02;1.813591e-01;4.539410e-02;2.142278e-01;4.617741e-02;3.516527e-02;7.701220e-02;1.308941e-02;3.073715e-02;9.784973e-02;2.719382e-02
1.543305e-01;3.948712e-02;1.267961e-01;4.301366e-02;2.336132e-01;7.257228e-02;4.282991e-02;7.777803e-02;4.146422e-02;2.273973e-02;1.211918e-01;2.418352e-02
1.095298e-01;4.808076e-02;7.517901e-02;5.288539e-02;1.933743e-01;1.471739e-01;5.440634e-02;6.878153e-02;8.153252e-02;1.876687e-02;1.336128e-01;1.667687e-02
6.911381e-02;6.383827e-02;4.282287e-02;4.198996e-02;1.419933e-01;2.058329e-01;6.107965e-02;7.224456e-02;1.282544e-01;2.038210e-02;1.340586e-01;1.838958e-02
4.943299e-02;7.979658e-02;3.588294e-02;4.459475e-02;1.273087e-01;2.070125e-01;4.469097e-02;6.868616e-02;1.695656e-01;2.516551e-02;9.619441e-02;5.166882e-02
4.620160e-02;9.054803e-02;6.592540e-02;4.386288e-02;1.050100e-01;2.220348e-01;5.542281e-02;6.682748e-02;1.569590e-01;2.905003e-02;4.725389e-02;7.090417e-02
2.730079e-02;9.970880e-02;1.158451e-01;2.664535e-02;7.652384e-02;2.458964e-01;8.374930e-02;8.164102e-02;9.974910e-02;4.989080e-02;1.962018e-02;7.342936e-02
5.714585e-02;9.516937e-02;1.717725e-01;1.486589e-02;5.584791e-02;2.055848e-01;1.242899e-01;9.517364e-02;3.200111e-02;6.676780e-02;2.390651e-02;5.747472e-02
8.872931e-02;8.701646e-02;1.607735e-01;2.922662e-02;5.398402e-02;1.494313e-01;1.712774e-01;8.310159e-02;5.386439e-02;5.646957e-02;3.673450e-02;2.939124e-02
7.352152e-02;6.049242e-02;2.440459e-01;3.954814e-02;4.299999e-02;9.845869e-02;2.060268e-01;6.840722e-02;3.695323e-02;5.858421e-02;3.150307e-02;3.945877e-02
4.052457e-02;1.786680e-02;2.866824e-01;8.730230e-02;6.481487e-02;3.382702e-02;2.016527e-01;6.220461e-02;3.889594e-02;7.734849e-02;5.896715e-02;2.991309e-02
2.804964e-02;1.870519e-02;2.815517e-01;1.040358e-01;5.450114e-02;2.450122e-02;2.069266e-01;8.373614e-02;5.179650e-02;7.238673e-02;6.039655e-02;1.341276e-02
2.939217e-02;1.338929e-02;3.111602e-01;8.545406e-02;3.542869e-02;1.995672e-02;2.407690e-01;9.375630e-02;4.722974e-02;6.645053e-02;4.444940e-02;1.256387e-02
3.252742e-02;2.231526e-02;3.449391e-01;4.657050e-02;3.443673e-02;2.304623e-02;2.780806e-01;7.338140e-02;3.218499e-02;7.418532e-02;2.709145e-02;1.124107e-02
3.048774e-02;4.250372e-02;3.478906e-01;2.407660e-02;5.569017e-02;5.223773e-02;2.817649e-01;4.050705e-02;1.489409e-02;8.193891e-02;1.521895e-02;1.278958e-02
4.368664e-02;7.507080e-02;2.929061e-01;3.793763e-02;6.590480e-02;8.547464e-02;2.295785e-01;2.136042e-02;3.283310e-02;6.402966e-02;1.509052e-02;3.612714e-02
6.271365e-02;1.072420e-01;1.987547e-01;6.500343e-02;6.879748e-02;1.209776e-01;1.882770e-01;2.900895e-02;3.787448e-02;3.594093e-02;2.340589e-02;6.200385e-02
1.308537e-01;9.969667e-02;1.302103e-01;6.358407e-02;6.512041e-02;1.265439e-01;1.665725e-01;4.923922e-02;3.064761e-02;2.603243e-02;4.546115e-02;6.603808e-02
1.797512e-01;5.227362e-02;1.370604e-01;5.539063e-02;8.022086e-02;8.293117e-02;1.312491e-01;1.139241e-01;4.076548e-02;3.065256e-02;5.314720e-02;4.263379e-02
1.554477e-01;3.835600e-02;1.514207e-01;4.070198e-02;6.907149e-02;4.744735e-02;1.871943e-01;1.565565e-01;3.697922e-02;3.594969e-02;3.541994e-02;4.545519e-02
1.211019e-01;5.610383e-02;1.525841e-01;6.661089e-02;4.540390e-02;3.380350e-02;2.272974e-01;1.466601e-01;2.769514e-02;4.355248e-02;2.328761e-02;5.589912e-02
1.579936e-01;5.896314e-02;1.121493e-01;4.309054e-02;6.313664e-02;4.065257e-02;2.040315e-01;1.440236e-01;3.358624e-02;4.427382e-02;3.915872e-02;5.894031e-02
1.897889e-01;4.578853e-02;9.361028e-02;3.354070e-02;7.411685e-02;4.754998e-02;2.188360e-01;1.468392e-01;2.201601e-02;1.688981e-02;6.721961e-02;4.380418e-02
2.087083e-01;6.933609e-02;9.555504e-02;3.069486e-02;7.473210e-02;4.355711e-02;1.585270e-01;1.167800e-01;4.822899e-02;2.252245e-02;1.099982e-01;2.135990e-02
2.054133e-01;1.201151e-01;1.206422e-01;2.508435e-02;7.738528e-02;3.968500e-02;7.176910e-02;4.623349e-02;7.144497e-02;2.789537e-02;1.615028e-01;3.282903e-02
1.919217e-01;1.556791e-01;1.151072e-01;1.977374e-02;6.572709e-02;4.065753e-02;5.519592e-02;5.216204e-02;7.892589e-02;3.231657e-02;1.490166e-01;4.351666e-02
2.751176e-01;1.732422e-01;8.199638e-02;1.542053e-02;5.957092e-02;3.248585e-02;3.964389e-02;8.189781e-02;8.051697e-02;2.269460e-02;1.094584e-01;2.795490e-02
3.571357e-01;1.646618e-01;5.422184e-02;9.760630e-03;5.107998e-02;2.443598e-02;3.810496e-02;9.777211e-02;6.094674e-02;1.505496e-02;1.126228e-01;1.420254e-02
3.914374e-01;1.216646e-01;4.886896e-02;1.098180e-02;4.131016e-02;1.623101e-02;4.733140e-02;1.087981e-01;4.099334e-02;1.603609e-02;1.287740e-01;2.757315e-02
4.106055e-01;9.434664e-02;5.654317e-02;9.095919e-03;3.548140e-02;1.203522e-02;4.795391e-02;1.182151e-01;3.787456e-02;1.931388e-02;1.327121e-01;2.582265e-02
4.116892e-01;7.069388e-02;6.197383e-02;1.146385e-02;3.236615e-02;1.225447e-02;6.181260e-02;1.299970e-01;3.235392e-02;2.305449e-02;1.191873e-01;3.315336e-02
4.124396e-01;5.791403e-02;5.847611e-02;1.108993e-02;3.013081e-02;9.710244e-03;7.312389e-02;1.517548e-01;1.996228e-02;3.310498e-02;1.020403e-01;4.025311e-02
3.590666e-01;4.910193e-02;5.747328e-02;1.661187e-02;2.484235e-02;1.296774e-02;1.286341e-01;1.583843e-01;1.806113e-02;5.272417e-02;8.668335e-02;3.544920e-02
2.718287e-01;3.583975e-02;5.478859e-02;2.704002e-02;2.980062e-02;1.638266e-02;1.867740e-01;1.382905e-01;4.108961e-02;6.615686e-02;8.182678e-02;5.018195e-02
1.868105e-01;2.534081e-02;7.372009e-02;3.292303e-02;4.303955e-02;3.794653e-02;1.968106e-01;1.066883e-01;4.704971e-02;7.487398e-02;1.065193e-01;6.827758e-02
1.406391e-01;2.123089e-02;8.839852e-02;3.450455e-02;4.437451e-02;5.322156e-02;1.752482e-01;1.021970e-01;4.867341e-02;6.313021e-02;1.363966e-01;9.198541e-02
1.679969e-01;2.428055e-02;9.989778e-02;3.241525e-02;4.550524e-02;4.597582e-02;1.620189e-01;1.219420e-01;3.363431e-02;3.278220e-02;1.573920e-01;7.615910e-02
1.723661e-01;4.700999e-02;1.064191e-01;3.718000e-02;5.954940e-02;4.064032e-02;1.175345e-01;1.222184e-01;6.319243e-02;4.411272e-02;1.529891e-01;3.678799e-02
1.493306e-01;6.397274e-02;9.344308e-02;3.781730e-02;4.813458e-02;4.171272e-02;1.395081e-01;1.499375e-01;7.076004e-02;5.668867e-02;8.277778e-02;6.591681e-02
1.687292e-01;8.600646e-02;5.288575e-02;4.403833e-02;4.360734e-02;3.959642e-02;1.399752e-01;1.615858e-01;6.841943e-02;7.359342e-02;4.819690e-02;7.336578e-02
1.774131e-01;9.158005e-02;6.570561e-02;5.915088e-02;5.018413e-02;4.331224e-02;1.320380e-01;1.055370e-01;7.781484e-02;8.182035e-02;5.539508e-02;6.004865e-02
1.946332e-01;8.077703e-02;5.184612e-02;6.753148e-02;5.715788e-02;4.982362e-02;1.377233e-01;7.841042e-02;6.542640e-02;8.224875e-02;5.799797e-02;7.642388e-02
1.741994e-01;4.060600e-02;9.009179e-02;6.285746e-02;5.411692e-02;4.574213e-02;1.398941e-01;1.089733e-01;7.588110e-02;5.972319e-02;5.531764e-02;9.259681e-02
1.713585e-01;6.144661e-02;9.161760e-02;5.281063e-02;3.922744e-02;6.201666e-02;7.112305e-02;1.457330e-01;8.584289e-02;3.558783e-02;6.275499e-02;1.204808e-01
1.471580e-01;5.942021e-02;1.015313e-01;4.705658e-02;5.419473e-02;6.400492e-02;7.260572e-02;1.331952e-01;8.227769e-02;7.639334e-02;5.313632e-02;1.090260e-01
8.299490e-02;5.097558e-02;1.321540e-01;5.606472e-02;7.086109e-02;8.965021e-02;1.045924e-01;1.173913e-01;8.733620e-02;7.292445e-02;4.715350e-02;8.790159e-02
6.868067e-02;6.562200e-02;1.355963e-01;5.446663e-02;7.725000e-02;9.119283e-02;1.010965e-01;1.124642e-01;7.770438e-02;7.670689e-02;5.090218e-02;8.831745e-02
8.709506e-02;8.018849e-02;1.201854e-01;5.312400e-02;8.035364e-02;8.994709e-02;9.489749e-02;1.010287e-01;7.157084e-02;6.732526e-02;6.383210e-02;9.045186e-02
9.786683e-02;7.852235e-02;1.248573e-01;4.268550e-02;8.460823e-02;8.661737e-02;8.615559e-02;7.220204e-02;7.412393e-02;5.305191e-02;1.141216e-01;8.518742e-02
1.230344e-01;4.391830e-02;1.673300e-01;4.430105e-02;5.045852e-02;5.891174e-02;1.137666e-01;7.360320e-02;3.363283e-02;8.355258e-02;1.193304e-01;8.816038e-02
1.449161e-01;4.361816e-02;2.071195e-01;2.975405e-02;2.953439e-02;4.742290e-02;1.428201e-01;5.628477e-02;3.688958e-02;9.784215e-02;9.213790e-02;7.166039e-02
1.707856e-01;1.043138e-01;2.340601e-01;1.934834e-02;1.786231e-02;4.374894e-02;1.219360e-01;3.211674e-02;8.557716e-02;9.316061e-02;4.593362e-02;3.115674e-02
1.354676e-01;1.839798e-01;2.110318e-01;1.832209e-02;1.309783e-02;5.651399e-02;7.265706e-02;1.107648e-02;1.080510e-01;5.681776e-02;2.180442e-02;1.111802e-01
9.320521e-02;2.448407e-01;2.121968e-01;2.554213e-02;1.483046e-02;6.365744e-02;3.922843e-02;7.058267e-03;1.125095e-01;2.898953e-02;1.163051e-02;1.463111e-01
8.016536e-02;2.714520e-01;2.307936e-01;4.357392e-02;2.415562e-02;5.330382e-02;2.172422e-02;8.811626e-03;1.118659e-01;2.362231e-02;1.820373e-02;1.123280e-01
8.263591e-02;2.786033e-01;2.128809e-01;7.711684e-02;4.356940e-02;5.781661e-02;1.881481e-02;8.952647e-03;1.210783e-01;1.665453e-02;2.089655e-02;6.098018e-02
8.342368e-02;2.560580e-01;1.754310e-01;7.708599e-02;5.000077e-02;9.597173e-02;2.717105e-02;1.617083e-02;1.284575e-01;1.692329e-02;2.198526e-02;5.132088e-02
9.279248e-02;2.242712e-01;1.577801e-01;6.158065e-02;4.143985e-02;1.336492e-01;4.291753e-02;2.639243e-02;1.251816e-01;2.100518e-02;1.835488e-02;5.463497e-02
1.280475e-01;1.773224e-01;1.356641e-01;4.658370e-02;4.497436e-02;1.343459e-01;7.250156e-02;5.199932e-02;1.046393e-01;2.101163e-02;3.009922e-02;5.281104e-02
1.407279e-01;1.398467e-01;1.102546e-01;2.797635e-02;5.397400e-02;1.361857e-01;1.204139e-01;6.647137e-02;8.718683e-02;3.223285e-02;3.596036e-02;4.876943e-02
1.128283e-01;9.433655e-02;1.429838e-01;3.042722e-02;4.182726e-02;1.221729e-01;1.536419e-01;7.988158e-02;9.510961e-02;4.289585e-02;3.926809e-02;4.462688e-02
7.778709e-02;1.179342e-01;2.043820e-01;5.139492e-02;1.905072e-02;9.392609e-02;1.084921e-01;5.951136e-02;1.216917e-01;5.707256e-02;4.565670e-02;4.310053e-02
7.316314e-02;1.221839e-01;1.727510e-01;5.390825e-02;4.785734e-02;1.102938e-01;1.147412e-01;6.276197e-02;1.169288e-01;4.300454e-02;5.317202e-02;2.923401e-02
1.054406e-01;1.187433e-01;1.114494e-01;3.635473e-02;9.809845e-02;1.379817e-01;1.190183e-01;4.465737e-02;1.057958e-01;3.761939e-02;7.681485e-02;8.025987e-03
1.410440e-01;8.942881e-02;5.694636e-02;2.850941e-02;1.389933e-01;1.320714e-01;8.288791e-02;7.213557e-02;1.040758e-01;3.559908e-02;9.514679e-02;2.316158e-02
1.658441e-01;5.851552e-02;6.824703e-02;3.634525e-02;1.578103e-01;8.434029e-02;7.053673e-02;1.061539e-01;9.496787e-02;3.804503e-02;9.701657e-02;2.217737e-02
1.738528e-01;4.660679e-02;7.779588e-02;4.476942e-02;1.507272e-01;5.557659e-02;7.329294e-02;1.317413e-01;9.104563e-02;5.057381e-02;7.697865e-02;2.703896e-02
1.738556e-01;4.025844e-02;9.692585e-02;6.217378e-02;1.273673e-01;4.166919e-02;1.017817e-01;1.401888e-01;7.340387e-02;5.582846e-02;5.374380e-02;3.280313e-02
1.405274e-01;5.511698e-02;1.482001e-01;7.257682e-02;8.816855e-02;4.030542e-02;1.398084e-01;1.004084e-01;6.435635e-02;5.787668e-02;5.719155e-02;3.546343e-02
7.739107e-02;7.413606e-02;1.599512e-01;6.212775e-02;7.446995e-02;7.517761e-02;1.720911e-01;7.269263e-02;5.994830e-02;5.275576e-02;7.724390e-02;4.201475e-02
1.134804e-01;8.941388e-02;1.002280e-01;4.704395e-02;1.014553e-01;6.359143e-02;1.456115e-01;1.012636e-01;5.283090e-02;3.554112e-02;9.668345e-02;5.285633e-02
1.074237e-01;7.792135e-02;1.034286e-01;6.836513e-02;1.344592e-01;4.541647e-02;1.000587e-01;1.101902e-01;6.359749e-02;3.795900e-02;1.110548e-01;4.012539e-02
4.143854e-02;5.337473e-02;1.129932e-01;8.487283e-02;1.369872e-01;5.900724e-02;9.995356e-02;1.438581e-01;7.304901e-02;4.957370e-02;1.013972e-01;4.349464e-02
6.029548e-02;5.386675e-02;9.021313e-02;5.946571e-02;1.211568e-01;7.300394e-02;9.587704e-02;1.417104e-01;8.357033e-02;6.333008e-02;1.015319e-01;5.597856e-02
7.866980e-02;9.004395e-02;1.065052e-01;3.767283e-02;7.354825e-02;9.334946e-02;1.504730e-01;1.202481e-01;6.373676e-02;6.704648e-02;6.736690e-02;5.133915e-02
1.120381e-01;8.839226e-02;9.778833e-02;4.124478e-02;5.711005e-02;1.041823e-01;1.642829e-01;1.034825e-01;4.360471e-02;5.945704e-02;6.363025e-02;6.478676e-02
1.230900e-01;6.871168e-02;8.685099e-02;4.544259e-02;4.662656e-02;1.300756e-01;1.636993e-01;8.311915e-02;4.566706e-02;6.058904e-02;9.839302e-02;4.773488e-02
1.061516e-01;7.763046e-02;8.386385e-02;5.870830e-02;4.458236e-02;1.237684e-01;1.173340e-01;9.699851e-02;3.310660e-02;9.501366e-02;1.137790e-01;4.906319e-02
6.826663e-02;1.048584e-01;9.333022e-02;5.902874e-02;5.177240e-02;1.279974e-01;1.335424e-01;6.470034e-02;9.776834e-02;5.311452e-02;8.567632e-02;5.994429e-02
5.781282e-02;1.274135e-01;9.662725e-02;5.256320e-02;5.512369e-02;1.510626e-01;9.256148e-02;3.115684e-02;1.662477e-01;4.739058e-02;6.917984e-02;5.286046e-02
1.001655e-01;1.065245e-01;7.523447e-02;3.534581e-02;7.050151e-02;1.330131e-01;7.690655e-02;1.015983e-01;1.627835e-01;5.039343e-02;5.231054e-02;3.522283e-02
1.196383e-01;6.783590e-02;7.119748e-02;2.582980e-02;1.025394e-01;1.013374e-01;6.783111e-02;1.675030e-01;1.150662e-01;4.676571e-02;9.014886e-02;2.430685e-02
1.117116e-01;3.679530e-02;8.665963e-02;2.849037e-02;1.247569e-01;7.060735e-02;5.958795e-02;2.157839e-01;7.873276e-02;3.666702e-02;1.292397e-01;2.096761e-02
8.735427e-02;2.694067e-02;9.560002e-02;3.904130e-02;1.191078e-01;5.179277e-02;8.699855e-02;2.169612e-01;7.165121e-02;5.092822e-02;1.291686e-01;2.445544e-02
7.392315e-02;3.466743e-02;1.089447e-01;6.372330e-02;1.001033e-01;5.142435e-02;1.240328e-01;1.909076e-01;7.793726e-02;4.621669e-02;9.852406e-02;2.959542e-02
1.053005e-01;6.197171e-02;1.566783e-01;5.741489e-02;8.229827e-02;5.879491e-02;1.290945e-01;1.872376e-01;5.844050e-02;2.175725e-02;4.027161e-02;4.073991e-02
1.480953e-01;6.466203e-02;1.375104e-01;3.228033e-02;1.096761e-01;4.832769e-02;1.172557e-01;1.914975e-01;2.458386e-02;3.573237e-02;4.923433e-02;4.114455e-02
1.697112e-01;5.629508e-02;1.255971e-01;3.822955e-02;1.053638e-01;2.428449e-02;1.073270e-01;1.929774e-01;3.347938e-02;3.682953e-02;7.179590e-02;3.810957e-02
1.650803e-01;6.051110e-02;1.223174e-01;5.103167e-02;9.015916e-02;2.577510e-02;1.205313e-01;1.868214e-01;2.548339e-02;4.961899e-02;7.077701e-02;3.189320e-02
1.491867e-01;6.130138e-02;1.047748e-01;6.188674e-02;8.242204e-02;2.438779e-02;1.303470e-01;1.907028e-01;2.838837e-02;5.597619e-02;7.772740e-02;3.289876e-02
1.436001e-01;5.187579e-02;1.110266e-01;5.941346e-02;7.316379e-02;3.988932e-02;1.469053e-01;1.647146e-01;5.210418e-02;6.795345e-02;5.836947e-02;3.098401e-02
1.531168e-01;6.905628e-02;1.286938e-01;4.992109e-02;6.568606e-02;6.026930e-02;1.138081e-01;1.350641e-01;6.928772e-02;7.495318e-02;4.253466e-02;3.760881e-02
1.446937e-01;7.302012e-02;1.304592e-01;5.298047e-02;6.882671e-02;6.202592e-02;1.568824e-01;1.139473e-01;4.853110e-02;6.829437e-02;4.661635e-02;3.372232e-02
1.690613e-01;5.696569e-02;9.092155e-02;5.701501e-02;6.794719e-02;5.943361e-02;2.177806e-01;1.170989e-01;3.845168e-02;6.284615e-02;3.020532e-02;3.227306e-02
1.709149e-01;4.766952e-02;1.156250e-01;5.150348e-02;5.043320e-02;7.011367e-02;2.331587e-01;1.093111e-01;3.930196e-02;4.701937e-02;2.573801e-02;3.921115e-02
1.684404e-01;3.864510e-02;8.969049e-02;4.038054e-02;4.211939e-02;7.884816e-02;2.673503e-01;1.089726e-01;3.715717e-02;4.449347e-02;3.087512e-02;5.302718e-02
1.537409e-01;4.740332e-02;5.670748e-02;4.075844e-02;3.803128e-02;8.562450e-02;2.930117e-01;1.038241e-01;2.944956e-02;4.836106e-02;3.241999e-02;7.066777e-02
1.220669e-01;4.270285e-02;6.520320e-02;4.639268e-02;4.051224e-02;7.587112e-02;3.270316e-01;8.824794e-02;2.201430e-02;4.394968e-02;3.727082e-02;8.873664e-02
7.925348e-02;4.405770e-02;8.913629e-02;6.610333e-02;4.543676e-02;6.184527e-02;3.508338e-01;6.381784e-02;4.041668e-02;2.421082e-02;3.902081e-02;9.586718e-02
5.088995e-02;4.251473e-02;1.071660e-01;7.477678e-02;4.298557e-02;7.695725e-02;3.445340e-01;4.312534e-02;5.852181e-02;3.555693e-02;4.828062e-02;7.469095e-02
4.127467e-02;5.121353e-02;1.242472e-01;6.244801e-02;5.175336e-02;9.732345e-02;3.121624e-01;3.967329e-02;7.583216e-02;3.825006e-02;7.159915e-02;3.422278e-02
4.842010e-02;4.084247e-02;1.316401e-01;3.734019e-02;4.633855e-02;9.184243e-02;2.930976e-01;6.060565e-02;8.301874e-02;6.146713e-02;6.805545e-02;3.733163e-02
4.388767e-02;3.835383e-02;1.147072e-01;4.209737e-02;3.820556e-02;9.345543e-02;2.936997e-01;7.457528e-02;8.795098e-02;7.653811e-02;5.480812e-02;4.172078e-02
5.509057e-02;6.133580e-02;9.084692e-02;3.069736e-02;1.878545e-02;6.804142e-02;3.290147e-01;7.916018e-02;7.928021e-02;6.743602e-02;4.484427e-02;7.546706e-02
2.813939e-02;8.244466e-02;1.088527e-01;4.283579e-02;2.604063e-02;5.173036e-02;3.372675e-01;8.151674e-02;5.674688e-02;4.326279e-02;6.468417e-02;7.647843e-02
4.330825e-02;9.947661e-02;9.292112e-02;8.299654e-02;4.768039e-02;5.862816e-02;3.186227e-01;6.427678e-02;5.220729e-02;4.884955e-02;3.340526e-02;5.762735e-02
4.481663e-02;8.982800e-02;1.121194e-01;1.029093e-01;4.828082e-02;5.205999e-02;2.739607e-01;4.387811e-02;7.480292e-02;6.020447e-02;5.272882e-02;4.441080e-02
7.032731e-02;5.454972e-02;9.452008e-02;1.026438e-01;3.018807e-02;4.547076e-02;2.501279e-01;5.596101e-02;8.450914e-02;7.780748e-02;7.137471e-02;6.251995e-02
1.215914e-01;4.292504e-02;9.522886e-02;8.356529e-02;2.892833e-02;4.655573e-02;2.809154e-01;8.016287e-02;6.188342e-02;5.108228e-02;4.607333e-02;6.108803e-02
1.835534e-01;4.316713e-02;8.308455e-02;4.364324e-02;4.232459e-02;3.726000e-02;2.873753e-01;1.088237e-01;3.785101e-02;4.563487e-02;2.137470e-02;6.590752e-02
2.246433e-01;6.089900e-02;7.678987e-02;2.307689e-02;4.401303e-02;3.144517e-02;2.278201e-01;1.151628e-01;3.741089e-02;5.128796e-02;2.507981e-02;8.237123e-02
2.583008e-01;5.768243e-02;5.927597e-02;3.503877e-02;4.932666e-02;3.819788e-02;2.010792e-01;1.028923e-01;3.743513e-02;5.270326e-02;2.621757e-02;8.185013e-02
2.779185e-01;4.438231e-02;5.333681e-02;4.137250e-02;5.252701e-02;4.182362e-02;2.321723e-01;9.409495e-02;3.999417e-02;4.512299e-02;2.466800e-02;5.258687e-02
2.929870e-01;5.656828e-02;5.199698e-02;3.530909e-02;5.986767e-02;3.406020e-02;2.151732e-01;9.831370e-02;2.598919e-02;4.268209e-02;3.622929e-02;5.082327e-02
2.982857e-01;8.878522e-02;5.345442e-02;2.475397e-02;6.873803e-02;5.290698e-02;1.516460e-01;8.662181e-02;3.072372e-02;3.556181e-02;5.680909e-02;5.171332e-02
2.343522e-01;1.403458e-01;8.786850e-02;2.081397e-02;5.620044e-02;8.266672e-02;1.098645e-01;5.938415e-02;6.113449e-02;3.082681e-02;6.296317e-02;5.357927e-02
1.555149e-01;1.940710e-01;1.542836e-01;3.149485e-02;3.781335e-02;9.390865e-02;7.003533e-02;3.928364e-02;8.391266e-02;3.248756e-02;5.029681e-02;5.689762e-02
1.090561e-01;1.878122e-01;2.566060e-01;2.744844e-02;2.482482e-02;9.040831e-02;4.448853e-02;3.230962e-02;7.041655e-02;4.977467e-02;3.339637e-02;7.345834e-02
7.885203e-02;1.236473e-01;3.626695e-01;2.539840e-02;2.758525e-02;6.386533e-02;7.066645e-02;2.626518e-02;4.363536e-02;7.947566e-02;3.491506e-02;6.302452e-02
5.529298e-02;5.643134e-02;4.013141e-01;3.307668e-02;3.343954e-02;4.590768e-02;1.185401e-01;2.886263e-02;3.333002e-02;1.012161e-01;5.351381e-02;3.907505e-02
5.225670e-02;3.819711e-02;3.810256e-01;4.159408e-02;3.881771e-02;4.147777e-02;1.523263e-01;3.952077e-02;3.038279e-02;9.696078e-02;5.092681e-02;3.651365e-02
5.405439e-02;5.229452e-02;3.430431e-01;4.723100e-02;4.468841e-02;5.149188e-02;1.757760e-01;3.994627e-02;2.729160e-02;7.609410e-02;4.389939e-02;4.418933e-02
7.888049e-02;6.667877e-02;2.718280e-01;3.321363e-02;5.156664e-02;8.382455e-02;1.935297e-01;3.383462e-02;3.378310e-02;4.651405e-02;4.826929e-02;5.807720e-02
1.227803e-01;6.468064e-02;1.990215e-01;4.047065e-02;4.157946e-02;7.624512e-02;1.636169e-01;4.648863e-02;5.260383e-02;5.984017e-02;8.297862e-02;4.969406e-02
1.199121e-01;6.710074e-02;1.417327e-01;7.014371e-02;4.807855e-02;4.303812e-02;1.214722e-01;6.079501e-02;6.624875e-02;1.045834e-01;1.209296e-01;3.596515e-02
1.293665e-01;6.897374e-02;2.137939e-01;4.289155e-02;5.547044e-02;3.634050e-02;9.811046e-02;5.280902e-02;4.780154e-02;1.093664e-01;1.062420e-01;3.883392e-02
1.293022e-01;1.010443e-01;1.935562e-01;3.836603e-02;5.749224e-02;3.401588e-02;8.490925e-02;6.145726e-02;6.884022e-02;9.955071e-02;7.946246e-02;5.200325e-02
1.126877e-01;1.310341e-01;1.602706e-01;5.022362e-02;5.848740e-02;4.101541e-02;5.898953e-02;7.894251e-02;8.152110e-02;8.034066e-02;7.819313e-02;6.829423e-02
1.222846e-01;1.524782e-01;1.251012e-01;5.388647e-02;7.155580e-02;5.922783e-02;8.841754e-02;8.397016e-02;6.000909e-02;5.998683e-02;6.661022e-02;5.647211e-02
1.599166e-01;1.394727e-01;8.453941e-02;3.758077e-02;7.129552e-02;5.099840e-02;1.204184e-01;7.338718e-02;7.924494e-02;5.321268e-02;7.034541e-02;5.958806e-02
1.741000e-01;1.367290e-01;7.689837e-02;6.216659e-02;4.548614e-02;6.017967e-02;9.884629e-02;5.507447e-02;8.661980e-02;6.093156e-02;7.193237e-02;7.103577e-02
8.260261e-02;1.072608e-01;1.033253e-01;7.825524e-02;6.630030e-02;7.250642e-02;8.504726e-02;4.073130e-02;1.232298e-01;9.629599e-02;6.209840e-02;8.234666e-02
6.489944e-02;8.901278e-02;1.007851e-01;9.471228e-02;8.995032e-02;6.040681e-02;1.226021e-01;9.652206e-02;1.360173e-01;8.962024e-02;3.490074e-02;2.057082e-02
8.801471e-02;8.354471e-02;9.052056e-02;8.721329e-02;9.225049e-02;6.220987e-02;1.337607e-01;1.009846e-01;1.280232e-01;8.516426e-02;3.071247e-02;1.760117e-02
1.087330e-01;7.870694e-02;9.000027e-02;6.958456e-02;9.687335e-02;6.745528e-02;1.488634e-01;9.731414e-02;1.041044e-01;7.998601e-02;3.817539e-02;2.020332e-02
9.838681e-02;1.070922e-01;1.215429e-01;4.945743e-02;1.057332e-01;9.683970e-02;1.320865e-01;8.992798e-02;3.731994e-02;7.027935e-02;6.343962e-02;2.789445e-02
1.004988e-01;1.318339e-01;1.288526e-01;7.038102e-02;7.774242e-02;6.636754e-02;1.205718e-01;7.214654e-02;7.589857e-02;5.848354e-02;3.713531e-02;6.008794e-02
1.276721e-01;8.772572e-02;1.318828e-01;5.368260e-02;9.949304e-02;6.318024e-02;1.436872e-01;5.853449e-02;9.883118e-02;3.123450e-02;2.795077e-02;7.612532e-02
1.214359e-01;4.966618e-02;1.071130e-01;4.411910e-02;1.474133e-01;6.904388e-02;1.197319e-01;3.932099e-02;1.511968e-01;1.772061e-02;2.026392e-02;1.129745e-01
9.630382e-02;1.067211e-02;9.030989e-02;3.989585e-02;1.889151e-01;7.670247e-02;1.085464e-01;2.330990e-02;1.897267e-01;1.629043e-02;1.539989e-02;1.439275e-01
8.326599e-02;2.041916e-02;9.432973e-02;4.655426e-02;1.955238e-01;7.543747e-02;9.166186e-02;3.398731e-02;1.788713e-01;2.161387e-02;2.442083e-02;1.339144e-01
5.250340e-02;3.824344e-02;1.183819e-01;6.588718e-02;2.058555e-01;7.895929e-02;6.611750e-02;4.239347e-02;1.689463e-01;2.589369e-02;2.186350e-02;1.149548e-01
2.060517e-02;2.242044e-02;1.436362e-01;8.126559e-02;1.645308e-01;6.393710e-02;9.146314e-02;5.467562e-02;1.415094e-01;2.611184e-02;6.332593e-02;1.265187e-01
2.549878e-02;4.100821e-02;1.311485e-01;7.934115e-02;1.125128e-01;3.810476e-02;1.132366e-01;8.435135e-02;1.153379e-01;2.623968e-02;1.096902e-01;1.235301e-01
5.479742e-02;5.807441e-02;7.060336e-02;5.865220e-02;9.598326e-02;5.297805e-02;1.087039e-01;7.689626e-02;1.497514e-01;6.002621e-02;1.336019e-01;7.993155e-02
5.727171e-02;4.583780e-02;7.702527e-02;4.652623e-02;9.416386e-02;8.316655e-02;1.134734e-01;8.501696e-02;1.076364e-01;9.376112e-02;1.241212e-01;7.199952e-02
4.656875e-02;5.583635e-02;7.517982e-02;7.683662e-02;8.985441e-02;9.232736e-02;1.332515e-01;5.655529e-02;9.525666e-02;1.050631e-01;8.859326e-02;8.467693e-02
5.563455e-02;7.039374e-02;8.895226e-02;7.180010e-02;8.931411e-02;7.668485e-02;1.160861e-01;6.713386e-02;1.160255e-01;7.985260e-02;8.583888e-02;8.228350e-02
1.195305e-01;6.221098e-02;6.223316e-02;4.110687e-02;8.997113e-02;7.479730e-02;1.230522e-01;4.524348e-02;8.809850e-02;9.537904e-02;1.115368e-01;8.684009e-02
9.951640e-02;7.373448e-02;9.195674e-02;6.131371e-02;8.847805e-02;7.305415e-02;1.043718e-01;4.203314e-02;3.868808e-02;8.646153e-02;1.252596e-01;1.151324e-01
6.276604e-02;6.599854e-02;1.186400e-01;8.188152e-02;9.670483e-02;4.807579e-02;8.608813e-02;4.387264e-02;6.557902e-02;8.451065e-02;1.104106e-01;1.354722e-01
5.439169e-02;5.066957e-02;1.269294e-01;9.653907e-02;8.716391e-02;5.774669e-02;6.650265e-02;5.242888e-02;1.077123e-01;1.243460e-01;6.655175e-02;1.090181e-01
5.357306e-02;7.441146e-02;9.970547e-02;1.005200e-01;7.288264e-02;8.054211e-02;1.024810e-01;5.727527e-02;8.888830e-02;1.255138e-01;4.402130e-02;1.001856e-01
7.567474e-02;9.044086e-02;6.665150e-02;7.367278e-02;7.473561e-02;7.042895e-02;9.188800e-02;8.315758e-02;9.566392e-02;7.438596e-02;4.738542e-02;1.559147e-01
9.468973e-02;7.018363e-02;7.261296e-02;6.978879e-02;6.082410e-02;3.622453e-02;9.445728e-02;1.059226e-01;1.121522e-01;6.635927e-02;8.255556e-02;1.342294e-01
6.481288e-02;2.726436e-02;9.576428e-02;5.949660e-02;6.742677e-02;5.130772e-02;1.688584e-01;9.993058e-02;9.346472e-02;8.507648e-02;9.540145e-02;9.119580e-02
5.429593e-02;2.890945e-02;1.232463e-01;4.709774e-02;8.659759e-02;7.460237e-02;2.513982e-01;8.345822e-02;9.361596e-02;4.812415e-02;7.821982e-02;3.043428e-02
5.280222e-02;4.595300e-02;1.690696e-01;3.998516e-02;6.764942e-02;7.474422e-02;1.851991e-01;1.009239e-01;1.033548e-01;6.847570e-02;5.773975e-02;3.410308e-02
5.202514e-02;6.646173e-02;2.012915e-01;3.986565e-02;7.208488e-02;8.760698e-02;1.225131e-01;9.835851e-02;9.292090e-02;6.592508e-02;5.126587e-02;4.968065e-02
6.274138e-02;8.486068e-02;2.465551e-01;4.023153e-02;9.708175e-02;8.439896e-02;1.038041e-01;6.263445e-02;5.908398e-02;6.566258e-02;4.662871e-02;4.631681e-02
4.082425e-02;6.599493e-02;3.417165e-01;5.534710e-02;9.805261e-02;6.631730e-02;5.454632e-02;3.904770e-02;6.406045e-02;7.861135e-02;5.613651e-02;3.934496e-02
5.284481e-02;3.934041e-02;2.227880e-01;6.604607e-02;8.144355e-02;4.072030e-02;1.599004e-01;8.645502e-02;7.012767e-02;6.654415e-02;7.096954e-02;4.282001e-02
5.438403e-02;2.433087e-02;3.227935e-01;5.800644e-02;7.196949e-02;4.386307e-02;1.979878e-01;7.275160e-02;5.332658e-02;3.849257e-02;4.043798e-02;2.165613e-02
5.068645e-02;1.927434e-02;3.255735e-01;5.529794e-02;6.804472e-02;5.270854e-02;2.034582e-01;5.912998e-02;6.070059e-02;4.206707e-02;2.852609e-02;3.453264e-02
3.853676e-02;2.527959e-02;2.864557e-01;6.533214e-02;7.726418e-02;5.226631e-02;1.805255e-01;8.225475e-02;6.537813e-02;4.339104e-02;3.883560e-02;4.448028e-02
2.386892e-02;2.882006e-02;3.005569e-01;7.421035e-02;1.029094e-01;5.289666e-02;1.561576e-01;8.008713e-02;5.179555e-02;4.391763e-02;5.101298e-02;3.376682e-02
2.762477e-02;3.449649e-02;3.223355e-01;7.465146e-02;1.050519e-01;5.081413e-02;1.239635e-01;6.779263e-02;3.516631e-02;5.901212e-02;6.460653e-02;3.448464e-02
4.730181e-02;3.660593e-02;2.440791e-01;5.901233e-02;9.212007e-02;4.308833e-02;1.349843e-01;1.042825e-01;5.696328e-02;6.055661e-02;6.958980e-02;5.141597e-02
3.998263e-02;3.994099e-02;1.867890e-01;4.659001e-02;8.832293e-02;6.448510e-02;1.512606e-01;1.491603e-01;5.739900e-02;5.614676e-02;6.643192e-02;5.349083e-02
5.423019e-02;4.434414e-02;1.777534e-01;6.767245e-02;1.050324e-01;6.919197e-02;1.471093e-01;1.082368e-01;5.729583e-02;7.960764e-02;2.963240e-02;5.989337e-02
8.883757e-02;6.383969e-02;1.214580e-01;6.236710e-02;1.273177e-01;5.030917e-02;1.249556e-01;5.982829e-02;6.020443e-02;7.519776e-02;3.856262e-02;1.271222e-01
1.047490e-01;7.412520e-02;1.054816e-01;7.854799e-02;1.053924e-01;6.725752e-02;9.735632e-02;5.982855e-02;7.026329e-02;4.432192e-02;7.669665e-02;1.159795e-01
1.282355e-01;5.881490e-02;1.009104e-01;1.071761e-01;6.999546e-02;6.936938e-02;9.164801e-02;4.603662e-02;1.045365e-01;5.409356e-02;8.501413e-02;8.416934e-02
1.107647e-01;7.765173e-02;9.391133e-02;7.915430e-02;9.166345e-02;8.537222e-02;9.434324e-02;7.616316e-02;1.058994e-01;7.563632e-02;6.284659e-02;4.659357e-02
9.705853e-02;8.870634e-02;9.495490e-02;4.158965e-02;9.378274e-02;9.315807e-02;1.151766e-01;8.702258e-02;8.169307e-02;7.035140e-02;6.443164e-02;7.207450e-02
9.404978e-02;6.743041e-02;6.473177e-02;6.116033e-02;6.697874e-02;1.030995e-01;1.055991e-01;8.634692e-02;1.197136e-01;4.716047e-02;7.779761e-02;1.059317e-01
8.021122e-02;8.391842e-02;8.369116e-02;5.088291e-02;3.697572e-02;1.086964e-01;1.295717e-01;8.374088e-02;1.552221e-01;6.165280e-02;4.486236e-02;8.057424e-02
6.986386e-02;7.986682e-02;8.537756e-02;2.636039e-02;4.352677e-02;8.536799e-02;1.621954e-01;8.555219e-02;1.250215e-01;6.551931e-02;7.747542e-02;9.387270e-02
7.875447e-02;8.244353e-02;5.267742e-02;4.329984e-02;4.303318e-02;6.839845e-02;1.331276e-01;8.809047e-02;1.416144e-01;7.294255e-02;7.786420e-02;1.177539e-01
6.538220e-02;9.581874e-02;2.300939e-02;6.055389e-02;4.751574e-02;7.658605e-02;1.086958e-01;1.175527e-01;1.513236e-01;9.237902e-02;6.914145e-02;9.204151e-02
8.138445e-02;7.307859e-02;1.068660e-01;4.190210e-02;7.971775e-02;9.616809e-02;1.367633e-01;1.180182e-01;9.965632e-02;8.583862e-02;2.650272e-02;5.410400e-02
8.410320e-02;4.727851e-02;1.137882e-01;4.926764e-02;1.166322e-01;9.999090e-02;1.361563e-01;8.198336e-02;1.408788e-01;3.839022e-02;1.418462e-02;7.734604e-02
7.269792e-02;4.295306e-02;1.034330e-01;5.419286e-02;1.670045e-01;1.002784e-01;9.499551e-02;3.658395e-02;1.624569e-01;2.545384e-02;2.395019e-02;1.159999e-01
3.447704e-02;6.897451e-02;8.385996e-02;9.675864e-02;1.697243e-01;7.644582e-02;4.321103e-02;1.152498e-01;1.252182e-01;2.335203e-02;6.287552e-02;9.985316e-02
1.233682e-02;9.223809e-02;7.417842e-02;1.437230e-01;1.252570e-01;5.081052e-02;3.833200e-02;2.085125e-01;8.374120e-02;2.089977e-02;1.086639e-01;4.130667e-02
1.411898e-02;8.822697e-02;8.022664e-02;1.554004e-01;6.940907e-02;4.880586e-02;6.094070e-02;2.760865e-01;4.335942e-02;1.406850e-02;1.384440e-01;1.091293e-02
2.071672e-02;6.528086e-02;8.881059e-02;1.411219e-01;4.316530e-02;6.063803e-02;8.556101e-02;2.950321e-01;2.365134e-02;1.921730e-02;1.509455e-01;5.859260e-03
3.741955e-02;4.173435e-02;1.121268e-01;1.117479e-01;2.219683e-02;5.050495e-02;1.399800e-01;2.769521e-01;2.317061e-02;3.218045e-02;1.371737e-01;1.481273e-02
5.646533e-02;2.002222e-02;1.395463e-01;8.936100e-02;2.116375e-02;3.464950e-02;1.861388e-01;2.371822e-01;4.087017e-02;4.346630e-02;1.125874e-01;1.854697e-02
6.922312e-02;1.058789e-02;1.742502e-01;7.488418e-02;2.085198e-02;1.871884e-02;2.314126e-01;1.792625e-01;5.022320e-02;5.237501e-02;9.414452e-02;2.406591e-02
7.998441e-02;1.514996e-02;2.201592e-01;5.873514e-02;1.680556e-02;1.721573e-02;2.515257e-01;1.113339e-01;6.256779e-02;5.937500e-02;7.497450e-02;3.217316e-02
8.753572e-02;1.407827e-02;2.865003e-01;5.348614e-02;1.651008e-02;1.583582e-02;2.354177e-01;7.616431e-02;7.214197e-02;6.234250e-02;4.372442e-02;3.626275e-02
9.000515e-02;1.536281e-02;3.542376e-01;5.915263e-02;1.835878e-02;1.718877e-02;1.953720e-01;6.068932e-02;7.047890e-02;5.957480e-02;3.097961e-02;2.859961e-02
9.447695e-02;2.640392e-02;4.214643e-01;4.998437e-02;2.160581e-02;9.031053e-03;1.513563e-01;5.259079e-02;6.161188e-02;6.305145e-02;3.418837e-02;1.423481e-02
8.950371e-02;3.217574e-02;4.591398e-01;4.614075e-02;2.106643e-02;2.107438e-02;1.124031e-01;6.030700e-02;5.673059e-02;5.506006e-02;3.404637e-02;1.235200e-02
8.111668e-02;4.652630e-02;4.741756e-01;6.943670e-02;2.629961e-02;2.288966e-02;6.547762e-02;5.196336e-02;5.349734e-02;5.578815e-02;3.734889e-02;1.548011e-02
5.808163e-02;4.342262e-02;4.410579e-01;9.854512e-02;3.531522e-02;2.901998e-02;4.750384e-02;5.472799e-02;4.121153e-02;6.176357e-02;6.891972e-02;2.043082e-02
3.208567e-02;2.447025e-02;3.459312e-01;1.280276e-01;5.763982e-02;5.183291e-02;7.873857e-02;5.566069e-02;2.397053e-02;6.543736e-02;1.039210e-01;3.228442e-02
2.949429e-02;2.553438e-02;2.819560e-01;1.360863e-01;7.477536e-02;6.302623e-02;8.564279e-02;6.727996e-02;1.711062e-02;5.965306e-02;1.238813e-01;3.555970e-02
3.924458e-02;1.833733e-02;2.944627e-01;1.178272e-01;7.182977e-02;5.259109e-02;9.600031e-02;7.331245e-02;1.953682e-02;6.631082e-02;1.228577e-01;2.768921e-02
4.686015e-02;2.974447e-02;2.915268e-01;8.148745e-02;6.815790e-02;5.429622e-02;1.350309e-01;6.719761e-02;2.594492e-02;7.237123e-02;9.968188e-02;2.770056e-02
5.257054e-02;4.353831e-02;2.674356e-01;5.642301e-02;6.248977e-02;7.258359e-02;1.638366e-01;7.077207e-02;2.338367e-02;7.148608e-02;8.128519e-02;3.419565e-02
5.288298e-02;5.522832e-02;1.849337e-01;5.267214e-02;6.112870e-02;7.984182e-02;1.922130e-01;9.786676e-02;4.009795e-02;5.726232e-02;7.972191e-02;4.615037e-02
5.774547e-02;3.596137e-02;1.544907e-01;5.807083e-02;6.917984e-02;5.849188e-02;1.559513e-01;9.635057e-02;7.878441e-02;7.819398e-02;9.561130e-02;6.116833e-02
6.513682e-02;3.904011e-02;1.773555e-01;8.470853e-02;6.406250e-02;5.342638e-02;1.143086e-01;6.578712e-02;6.973058e-02;8.058915e-02;9.501413e-02;9.084063e-02
5.776675e-02;3.330938e-02;1.736759e-01;9.472950e-02;7.753605e-02;6.562513e-02;1.422750e-01;5.421756e-02;5.348095e-02;5.905810e-02;9.721072e-02;9.111492e-02
4.546376e-02;4.004753e-02;1.749036e-01;9.948026e-02;7.181250e-02;7.985078e-02;1.255727e-01;3.651574e-02;6.674736e-02;7.281505e-02;1.013261e-01;8.546459e-02
8.747374e-02;6.735569e-02;1.593274e-01;4.250325e-02;8.791764e-02;6.521456e-02;5.887044e-02;8.449242e-02;9.137545e-02;7.851660e-02;8.696564e-02;8.998722e-02
9.446379e-02;7.620921e-02;9.907255e-02;5.541146e-02;7.829183e-02;5.579755e-02;9.394187e-02;9.539339e-02;1.028671e-01;9.905193e-02;7.631593e-02;7.318341e-02
1.020482e-01;5.661283e-02;9.480463e-02;6.197460e-02;8.249719e-02;6.620485e-02;1.360752e-01;9.165965e-02;6.932757e-02;8.078548e-02;7.999752e-02;7.801223e-02
7.066497e-02;7.276691e-02;1.368036e-01;9.124674e-02;1.163675e-01;7.351369e-02;1.157779e-01;9.280162e-02;5.621751e-02;2.368965e-02;8.315977e-02;6.699012e-02
6.199130e-02;8.206417e-02;1.286626e-01;1.433295e-01;1.294151e-01;7.259259e-02;3.541931e-02;1.215861e-01;4.536513e-02;3.241706e-02;9.651902e-02;5.063823e-02
6.478692e-02;5.630115e-02;1.520529e-01;1.505414e-01;9.200572e-02;5.183937e-02;1.183300e-01;1.337933e-01;1.857125e-02;4.991989e-02;8.961990e-02;2.223820e-02
8.123138e-02;1.969677e-02;1.974020e-01;1.009595e-01;5.487089e-02;5.391343e-02;2.340325e-01;1.237091e-01;1.426622e-02;6.023461e-02;5.337743e-02;6.306241e-03
9.385797e-02;1.668949e-02;2.361227e-01;4.124768e-02;4.072641e-02;4.207850e-02;3.407871e-01;8.009174e-02;1.556876e-02;7.269431e-02;1.573318e-02;4.402082e-03
8.262974e-02;1.543316e-02;2.424901e-01;2.024920e-02;4.189399e-02;4.846537e-02;4.022787e-01;3.306007e-02;1.453184e-02;8.233759e-02;7.943052e-03;8.687229e-03
6.841163e-02;1.964891e-02;2.295116e-01;1.968468e-02;4.090315e-02;6.381845e-02;4.066718e-01;3.730134e-02;1.686650e-02;8.247656e-02;7.267267e-03;7.438081e-03
5.797824e-02;2.431567e-02;2.359933e-01;1.902988e-02;3.920497e-02;8.368789e-02;4.053753e-01;2.667747e-02;1.241166e-02;8.487389e-02;7.023400e-03;3.428312e-03
5.489261e-02;4.339513e-02;2.190879e-01;1.783435e-02;3.752620e-02;1.069888e-01;3.427521e-01;5.376491e-02;2.463435e-02;7.183286e-02;1.622760e-02;1.106321e-02
4.930219e-02;5.417547e-02;2.119834e-01;3.075488e-02;4.463447e-02;1.272099e-01;2.919720e-01;7.054812e-02;2.196030e-02;6.148637e-02;2.447366e-02;1.149923e-02
4.349850e-02;3.660084e-02;2.684452e-01;5.320621e-02;7.333621e-02;7.764103e-02;2.462418e-01;6.954920e-02;1.347303e-02;8.278415e-02;2.622251e-02;9.001395e-03
3.731053e-02;4.944788e-02;2.735267e-01;5.809724e-02;6.308891e-02;8.063758e-02;2.212351e-01;6.404838e-02;3.622323e-02;8.074076e-02;1.667654e-02;1.896726e-02
3.973395e-02;8.008056e-02;2.557511e-01;5.079478e-02;6.321835e-02;1.056093e-01;1.944388e-01;4.010075e-02;6.091313e-02;7.047728e-02;7.959110e-03;3.092289e-02
4.447582e-02;8.659390e-02;2.900326e-01;2.681609e-02;8.389113e-02;9.352057e-02;1.579738e-01;3.355651e-02;5.442924e-02;7.064120e-02;2.431456e-02;3.375465e-02
1.609303e-02;6.439512e-02;4.529262e-01;3.836819e-02;8.702824e-02;5.814933e-02;9.934647e-02;3.030545e-02;3.906415e-02;6.963759e-02;2.669848e-02;1.798768e-02
2.171259e-02;4.776630e-02;5.078616e-01;3.549577e-02;7.722820e-02;3.105776e-02;1.129596e-01;2.610778e-02;3.842866e-02;6.301685e-02;1.879421e-02;1.957070e-02
2.650618e-02;4.184382e-02;4.993799e-01;2.989440e-02;6.692721e-02;2.827517e-02;1.117845e-01;2.416513e-02;5.199043e-02;7.316320e-02;1.896266e-02;2.710743e-02
