6.918290e-02;8.223010e-02;1.076265e-01;3.996751e-02;5.911868e-02;1.475235e-01;5.325933e-02;1.610370e-01;1.164663e-01;2.618564e-02;4.558145e-02;9.182106e-02
6.570144e-02;5.088232e-02;1.003631e-01;3.532116e-02;7.998540e-02;1.040307e-01;6.541856e-02;1.898093e-01;1.427261e-01;3.120331e-02;4.627952e-02;8.827910e-02
3.734275e-02;6.699412e-02;1.064988e-01;4.590510e-02;8.857979e-02;7.159832e-02;9.498616e-02;1.723838e-01;1.305196e-01;5.746809e-02;5.846678e-02;6.925661e-02
5.698807e-02;5.627312e-02;9.096683e-02;6.059189e-02;9.671414e-02;9.317211e-02;7.734065e-02;1.845570e-01;9.032334e-02;8.157468e-02;6.190579e-02;4.959244e-02
6.618576e-02;6.740557e-02;7.080462e-02;4.636114e-02;8.830095e-02;1.273045e-01;7.619882e-02;1.917718e-01;9.409168e-02;7.682178e-02;4.890162e-02;4.585179e-02
5.082636e-02;8.051699e-02;7.172805e-02;4.204969e-02;9.283066e-02;1.791553e-01;4.877417e-02;1.882439e-01;1.122734e-01;6.526662e-02;2.487043e-02;4.346444e-02
3.658032e-02;8.916374e-02;9.971553e-02;6.127310e-02;8.987643e-02;1.584650e-01;6.216712e-02;1.800650e-01;9.362274e-02;6.835797e-02;3.150378e-02;2.920926e-02
3.610419e-02;8.575365e-02;9.859661e-02;8.388588e-02;7.374850e-02;1.114302e-01;1.028261e-01;1.694867e-01;8.954037e-02;7.259407e-02;4.721121e-02;2.882246e-02
4.143950e-02;8.619104e-02;1.175216e-01;7.801940e-02;4.606673e-02;9.832520e-02;1.292944e-01;1.520289e-01;8.119018e-02;7.042370e-02;6.307364e-02;3.642578e-02
4.126275e-02;1.237987e-01;1.474103e-01;4.978595e-02;7.481187e-02;7.475630e-02;8.289266e-02;1.632814e-01;1.035293e-01;5.421599e-02;4.629486e-02;3.795998e-02
4.107900e-02;1.173626e-01;1.274985e-01;6.004456e-02;8.416476e-02;6.316679e-02;6.885742e-02;1.833606e-01;1.234834e-01;5.960185e-02;3.524509e-02;3.613540e-02
5.473535e-02;7.006914e-02;9.031417e-02;7.329689e-02;6.488162e-02;9.118415e-02;9.404387e-02;1.751358e-01;1.386949e-01;5.737814e-02;4.407657e-02;4.618944e-02
5.592513e-02;5.708263e-02;6.330732e-02;7.126608e-02;8.524980e-02;1.192479e-01;1.336516e-01;1.332990e-01;1.372811e-01;3.798675e-02;4.854594e-02;5.715674e-02
5.838121e-02;5.425594e-02;8.351059e-02;5.151777e-02;7.695710e-02;1.527415e-01;1.081768e-01;1.145036e-01;1.171816e-01;6.031371e-02;4.888378e-02;7.357637e-02
4.219428e-02;1.136703e-01;1.449595e-01;5.234504e-02;6.076635e-02;1.838865e-01;7.864619e-02;1.133200e-01;6.787901e-02;5.512654e-02;4.408511e-02;4.312119e-02
2.516882e-02;1.466717e-01;1.610348e-01;5.357361e-02;5.743461e-02;1.610437e-01;6.741869e-02;9.675011e-02;9.266993e-02;6.282433e-02;2.994134e-02;4.546832e-02
2.051750e-02;2.163476e-01;1.695953e-01;4.783464e-02;4.231531e-02;1.346933e-01;4.701865e-02;6.516616e-02;1.308472e-01;6.616690e-02;2.309294e-02;3.640454e-02
2.166882e-02;2.984543e-01;1.470332e-01;2.735582e-02;2.796425e-02;9.437781e-02;2.355981e-02;3.591023e-02;1.707452e-01;7.947528e-02;4.286770e-02;3.058758e-02
4.202449e-02;3.139196e-01;9.499209e-02;2.499048e-02;2.120453e-02;7.300829e-02;2.395164e-02;4.399362e-02;1.518852e-01;8.005494e-02;9.533277e-02;3.464233e-02
7.402179e-02;2.898540e-01;7.577450e-02;3.271489e-02;4.472918e-02;5.942601e-02;2.825948e-02;6.791607e-02;9.110355e-02;6.361565e-02;1.367934e-01;3.579137e-02
6.889945e-02;2.726340e-01;7.822983e-02;2.916552e-02;5.929411e-02;6.893980e-02;2.139773e-02;5.987495e-02;1.285389e-01;6.731794e-02;1.277177e-01;1.799016e-02
3.972169e-02;2.831629e-01;6.322572e-02;3.151636e-02;3.962641e-02;8.709637e-02;2.281916e-02;4.475341e-02;1.850216e-01;7.360877e-02;1.125774e-01;1.687015e-02
2.520823e-02;2.947487e-01;4.951101e-02;2.574559e-02;3.306755e-02;1.186419e-01;1.701612e-02;3.973480e-02;2.283766e-01;5.057552e-02;9.327094e-02;2.410312e-02
6.509741e-02;2.712578e-01;4.510270e-02;2.276495e-02;4.208038e-02;1.353022e-01;2.242668e-02;5.515111e-02;2.338142e-01;2.269341e-02;4.341225e-02;4.089695e-02
7.804025e-02;2.076176e-01;6.643501e-02;3.559320e-02;5.944495e-02;1.390116e-01;5.118252e-02;8.605355e-02;1.856353e-01;3.871514e-02;1.684613e-02;3.542471e-02
7.173228e-02;1.567925e-01;6.873053e-02;4.513812e-02;8.172732e-02;1.485656e-01;8.884649e-02;1.106517e-01;1.352130e-01;4.881142e-02;1.519528e-02;2.859582e-02
6.971927e-02;2.289868e-01;1.092961e-01;4.547074e-02;4.859313e-02;1.342470e-01;8.290001e-02;7.368561e-02;9.682887e-02;4.408002e-02;3.051122e-02;3.568136e-02
4.230747e-02;2.501318e-01;1.191114e-01;4.417788e-02;1.903760e-02;1.165820e-01;8.206259e-02;5.556529e-02;1.533963e-01;4.259996e-02;3.744467e-02;3.758307e-02
5.412854e-02;1.822482e-01;1.072123e-01;6.471771e-02;2.573450e-02;1.304171e-01;9.140518e-02;6.042672e-02;1.632708e-01;3.809093e-02;3.448988e-02;4.785810e-02
4.018521e-02;2.321347e-01;1.048866e-01;6.441441e-02;3.057683e-02;1.169335e-01;7.273283e-02;7.689168e-02;1.461457e-01;3.542089e-02;3.811592e-02;4.156175e-02
7.212024e-02;2.390185e-01;9.317145e-02;6.014908e-02;7.456767e-02;1.145852e-01;4.666995e-02;9.604730e-02;1.026785e-01;3.965083e-02;2.854060e-02;3.280061e-02
5.915173e-02;2.126986e-01;1.337724e-01;3.968057e-02;1.040695e-01;1.525078e-01;4.899869e-02;9.218711e-02;8.549804e-02;3.827854e-02;1.551757e-02;1.763941e-02
3.301701e-02;2.483597e-01;1.562954e-01;2.105634e-02;6.932107e-02;1.852019e-01;3.872109e-02;4.092601e-02;1.533074e-01;2.765717e-02;1.570169e-02;1.043527e-02
2.769871e-02;2.748108e-01;1.339784e-01;1.970566e-02;2.454196e-02;1.864692e-01;2.436645e-02;3.190459e-02;2.343279e-01;1.747728e-02;1.324560e-02;1.147337e-02
3.187241e-02;2.537991e-01;1.120333e-01;1.673511e-02;1.003890e-02;1.519546e-01;3.686837e-02;3.487037e-02;2.960089e-01;2.812170e-02;1.717194e-02;1.052523e-02
5.395408e-02;2.279777e-01;1.003683e-01;1.220484e-02;2.766192e-02;9.124665e-02;4.030390e-02;6.443776e-02;2.939273e-01;4.331135e-02;3.410662e-02;1.049952e-02
7.518539e-02;2.313391e-01;1.084360e-01;1.387717e-02;5.880792e-02;5.701941e-02;3.202797e-02;1.116288e-01;1.940658e-01;4.782969e-02;5.586130e-02;1.392152e-02
6.969270e-02;2.115783e-01;1.027620e-01;1.611905e-02;7.998985e-02;9.193056e-02;4.808192e-02;1.513072e-01;9.328798e-02;3.904046e-02;7.134376e-02;2.486625e-02
4.144901e-02;2.289214e-01;9.376366e-02;1.354566e-02;7.093041e-02;1.473761e-01;8.084410e-02;1.039618e-01;1.027507e-01;2.495439e-02;6.113635e-02;3.036636e-02
3.428526e-02;2.828134e-01;1.131954e-01;1.155646e-02;2.250522e-02;1.538620e-01;7.612501e-02;5.092874e-02;1.490206e-01;3.372446e-02;4.781119e-02;2.417230e-02
4.218853e-02;2.798866e-01;8.857184e-02;1.118720e-02;3.411526e-02;1.309699e-01;4.706385e-02;6.502992e-02;1.849867e-01;5.371607e-02;4.022059e-02;2.206358e-02
5.024324e-02;2.643070e-01;1.447245e-01;2.901369e-02;6.239827e-02;6.507372e-02;3.513684e-02;7.866110e-02;1.540824e-01;5.900016e-02;2.991458e-02;2.744442e-02
4.931663e-02;1.425204e-01;1.779862e-01;6.012002e-02;6.091041e-02;9.275675e-02;7.541808e-02;1.213422e-01;8.975250e-02;5.967063e-02;4.383193e-02;2.637421e-02
5.212466e-02;1.385418e-01;1.440135e-01;5.640239e-02;4.738467e-02;1.053328e-01;7.509049e-02;1.810480e-01;5.549577e-02;9.156742e-02;2.383448e-02;2.916401e-02
5.887723e-02;1.190533e-01;1.037324e-01;4.717537e-02;3.813386e-02;7.044959e-02;5.169187e-02;2.588194e-01;4.276192e-02;1.430423e-01;2.316290e-02;4.310002e-02
3.957078e-02;5.602121e-02;4.550719e-02;6.093637e-02;2.475303e-02;2.859903e-02;1.975142e-01;2.335751e-01;2.479324e-02;1.888575e-01;2.842002e-02;7.145237e-02
1.847583e-02;3.655817e-02;2.186470e-02;7.488506e-02;1.196379e-02;1.546851e-02;3.192848e-01;1.622391e-01;2.002642e-02;1.876797e-01;2.632612e-02;1.052278e-01
1.258374e-02;3.455765e-02;2.346524e-02;7.812258e-02;1.116210e-02;3.210752e-02;4.136203e-01;1.053256e-01;2.084694e-02;1.181814e-01;1.885116e-02;1.311758e-01
1.074321e-02;3.042372e-02;2.775210e-02;6.096908e-02;2.353228e-02;9.751521e-02;4.405863e-01;7.101922e-02;3.545994e-02;4.396070e-02;1.978255e-02;1.382557e-01
9.841187e-03;3.234200e-02;3.454329e-02;4.570672e-02;2.421918e-02;1.586660e-01;3.837520e-01;3.553541e-02;7.694436e-02;5.198748e-02;2.413103e-02;1.223313e-01
1.423973e-02;4.827081e-02;5.642685e-02;3.156379e-02;3.016138e-02;2.454637e-01;2.657571e-01;2.721011e-02;9.878684e-02;5.155374e-02;4.525384e-02;8.531219e-02
2.192543e-02;3.879641e-02;6.826010e-02;2.954803e-02;4.898718e-02;3.173720e-01;1.479205e-01;4.203256e-02;1.236901e-01;4.466712e-02;4.502210e-02;7.177844e-02
1.903330e-02;6.122683e-02;6.820768e-02;3.685527e-02;4.723392e-02;2.940997e-01;1.263486e-01;1.047258e-01;1.165468e-01;2.573963e-02;3.439994e-02;6.558254e-02
2.203534e-02;5.183078e-02;7.473969e-02;1.682139e-02;3.742713e-02;2.533041e-01;2.088657e-01;1.143432e-01;9.591296e-02;3.261179e-02;3.881734e-02;5.329068e-02
2.677199e-02;6.551656e-02;8.737462e-02;1.541740e-02;3.632537e-02;2.249787e-01;1.907966e-01;8.395109e-02;1.267897e-01;3.950749e-02;4.622128e-02;5.634922e-02
3.170265e-02;9.635191e-02;8.268829e-02;1.651624e-02;2.923642e-02;1.771963e-01;2.081015e-01;8.463772e-02;1.399362e-01;3.601145e-02;4.554370e-02;5.207765e-02
2.785970e-02;7.323730e-02;6.293806e-02;1.831391e-02;2.111265e-02;2.326233e-01;2.291876e-01;9.041348e-02;1.098139e-01;3.247701e-02;5.731539e-02;4.470771e-02
1.633542e-02;5.877843e-02;5.662710e-02;2.346065e-02;1.716938e-02;2.779312e-01;2.232426e-01;8.296928e-02;8.569279e-02;4.992206e-02;6.239821e-02;4.547285e-02
1.552505e-02;5.291170e-02;8.447880e-02;3.300982e-02;2.412280e-02;2.700095e-01;2.094467e-01;7.925367e-02;8.397761e-02;4.677128e-02;4.897651e-02;5.151664e-02
1.758717e-02;6.677397e-02;1.014173e-01;4.065515e-02;2.542472e-02;2.558713e-01;1.968351e-01;9.330557e-02;7.198954e-02;4.202100e-02;4.693149e-02;4.118763e-02
1.845029e-02;7.944833e-02;9.471188e-02;3.645873e-02;5.427896e-02;3.247162e-01;1.468335e-01;6.844229e-02;6.062203e-02;3.109282e-02;6.239246e-02;2.255257e-02
1.642270e-02;6.382556e-02;9.608984e-02;3.094001e-02;6.434657e-02;4.229179e-01;7.348601e-02;3.987024e-02;5.745907e-02;2.790312e-02;8.689359e-02;1.984543e-02
1.115571e-02;3.179661e-02;1.066700e-01;2.928729e-02;3.963984e-02;4.474956e-01;6.694046e-02;3.068810e-02;6.096976e-02;3.808717e-02;1.076157e-01;2.965371e-02
8.593505e-03;2.876367e-02;9.238687e-02;2.298668e-02;3.388825e-02;3.545922e-01;1.981260e-01;3.567392e-02;6.153827e-02;3.418024e-02;9.968386e-02;2.958649e-02
1.158439e-02;4.153897e-02;6.913839e-02;2.248255e-02;4.498984e-02;3.082553e-01;2.939295e-01;2.820340e-02;4.747174e-02;2.273109e-02;7.535950e-02;3.431533e-02
1.674616e-02;4.604674e-02;4.575576e-02;3.575750e-02;4.672748e-02;2.412837e-01;3.380090e-01;4.144440e-02;5.897545e-02;3.895449e-02;4.796160e-02;4.233764e-02
2.956554e-02;4.486636e-02;2.476834e-02;1.422951e-02;4.675583e-02;2.523907e-01;2.840883e-01;4.939095e-02;9.679783e-02;8.818191e-02;1.629535e-02;5.266943e-02
3.092151e-02;5.140108e-02;1.860044e-02;3.733413e-02;3.697072e-02;2.012819e-01;2.798520e-01;6.351361e-02;6.479255e-02;9.475809e-02;2.061676e-02;9.995718e-02
2.455948e-02;7.909720e-02;4.471773e-02;7.028859e-02;3.463438e-02;1.793529e-01;2.477319e-01;6.318795e-02;3.742709e-02;7.118396e-02;2.163514e-02;1.261838e-01
2.337942e-02;1.033206e-01;6.212151e-02;1.108151e-01;3.051475e-02;1.779309e-01;1.834042e-01;7.208797e-02;4.685311e-02;5.045197e-02;1.247155e-02;1.266489e-01
2.552875e-02;7.302109e-02;5.234519e-02;1.200953e-01;2.234069e-02;1.379104e-01;2.080929e-01;1.019002e-01;5.923188e-02;6.564738e-02;2.391332e-02;1.099729e-01
2.408404e-02;6.349102e-02;4.307718e-02;8.419805e-02;1.820405e-02;1.308778e-01;2.728479e-01;1.029169e-01;4.995369e-02;9.263959e-02;2.720618e-02;9.050374e-02
3.147377e-02;8.858692e-02;5.336603e-02;5.795004e-02;2.544188e-02;1.522135e-01;2.474653e-01;5.507279e-02;5.833916e-02;1.133247e-01;3.200401e-02;8.476198e-02
3.622960e-02;1.045827e-01;7.527299e-02;4.210784e-02;3.157197e-02;1.701284e-01;1.565214e-01;6.271524e-02;8.779944e-02;1.214416e-01;3.015237e-02;8.147637e-02
3.910205e-02;1.036768e-01;9.034813e-02;3.314256e-02;2.938599e-02;1.484211e-01;1.856260e-01;9.899842e-02;9.586619e-02;6.847987e-02;2.969789e-02;7.725502e-02
3.570715e-02;7.739411e-02;5.411979e-02;3.806465e-02;2.590147e-02;1.386930e-01;2.238025e-01;1.132563e-01;1.121374e-01;5.648017e-02;4.295249e-02;8.149092e-02
2.848911e-02;4.230374e-02;6.807587e-02;4.583869e-02;2.725276e-02;1.009275e-01;2.746692e-01;1.119078e-01;1.170212e-01;6.242596e-02;5.284549e-02;6.824271e-02
1.998810e-02;9.321913e-02;8.448067e-02;2.914716e-02;2.001401e-02;9.450013e-02;2.985109e-01;1.206159e-01;9.700242e-02;5.097768e-02;4.049893e-02;5.104493e-02
1.563688e-02;1.020773e-01;8.893957e-02;3.213993e-02;2.274716e-02;1.615778e-01;2.518697e-01;1.386625e-01;8.647211e-02;2.753927e-02;2.376724e-02;4.857058e-02
1.231415e-02;8.556040e-02;1.087970e-01;3.392040e-02;2.808250e-02;1.818289e-01;2.292730e-01;1.172558e-01;9.132638e-02;2.921588e-02;4.340002e-02;3.902555e-02
1.506991e-02;8.876827e-02;1.004347e-01;4.154779e-02;3.253401e-02;1.167549e-01;2.508830e-01;1.278576e-01;7.429009e-02;6.105258e-02;6.454840e-02;2.625877e-02
2.147217e-02;7.931615e-02;8.300948e-02;5.404802e-02;5.158046e-02;6.904081e-02;2.596777e-01;1.014510e-01;6.469915e-02;1.001062e-01;6.275409e-02;5.284489e-02
2.369941e-02;7.449376e-02;8.862221e-02;6.354015e-02;5.847704e-02;9.655952e-02;2.169906e-01;8.869518e-02;9.188653e-02;9.349163e-02;3.295674e-02;7.058726e-02
2.252699e-02;1.057043e-01;8.568812e-02;8.451703e-02;4.761754e-02;1.140533e-01;1.533953e-01;7.398988e-02;1.376881e-01;8.460874e-02;3.494542e-02;5.526528e-02
2.097538e-02;8.804710e-02;4.139404e-02;1.012997e-01;4.788331e-02;1.548222e-01;1.878091e-01;4.770002e-02;1.566792e-01;7.258124e-02;3.812576e-02;4.268291e-02
2.052557e-02;1.074039e-01;1.128067e-01;8.198773e-02;3.532304e-02;1.682466e-01;1.961376e-01;8.437068e-02;1.011342e-01;4.167716e-02;1.769900e-02;3.268789e-02
3.717629e-02;1.461410e-01;1.411176e-01;5.746028e-02;5.278381e-02;1.639711e-01;1.459692e-01;9.630230e-02;7.474835e-02;3.517174e-02;1.470838e-02;3.445006e-02
3.951764e-02;1.387787e-01;1.135916e-01;5.416273e-02;7.077086e-02;1.838748e-01;1.150951e-01;7.104311e-02;8.951982e-02;4.959020e-02;2.310095e-02;5.095459e-02
3.173885e-02;9.446097e-02;9.576630e-02;4.951583e-02;3.957706e-02;1.833175e-01;1.422319e-01;1.358895e-01;1.017863e-01;4.863399e-02;3.283259e-02;4.424918e-02
2.156454e-02;9.532131e-02;8.970365e-02;3.682254e-02;3.007316e-02;1.736356e-01;1.973298e-01;1.363603e-01;1.242362e-01;4.808215e-02;2.836815e-02;1.850258e-02
2.507903e-02;9.407012e-02;6.124977e-02;2.509922e-02;1.801619e-02;1.475666e-01;2.661924e-01;1.318511e-01;1.213815e-01;4.576525e-02;2.230666e-02;4.142214e-02
3.094711e-02;1.007714e-01;4.197833e-02;2.688805e-02;1.862158e-02;1.356771e-01;2.687001e-01;1.277967e-01;1.088447e-01;3.487825e-02;2.655208e-02;7.834479e-02
3.616354e-02;1.318243e-01;6.678128e-02;1.855564e-02;2.726777e-02;1.216041e-01;1.785194e-01;1.580349e-01;1.199325e-01;3.772580e-02;2.787097e-02;7.571980e-02
3.017454e-02;1.531645e-01;9.790236e-02;1.576700e-02;2.686302e-02;1.530860e-01;2.018599e-01;9.136472e-02;1.113711e-01;3.828816e-02;3.219047e-02;4.796827e-02
3.531932e-02;1.310699e-01;7.650003e-02;3.243599e-02;3.304781e-02;1.643372e-01;2.616542e-01;6.171340e-02;9.088062e-02;3.864401e-02;2.884768e-02;4.554983e-02
3.387837e-02;8.735187e-02;7.708745e-02;4.176774e-02;4.908942e-02;1.582217e-01;2.350313e-01;9.567302e-02;8.234426e-02;7.230062e-02;3.197329e-02;3.528100e-02
3.179005e-02;6.658862e-02;8.829159e-02;5.608318e-02;6.526266e-02;1.388088e-01;1.754180e-01;1.082614e-01;9.188151e-02;1.129758e-01;3.494325e-02;2.969514e-02
2.753437e-02;6.598266e-02;1.018451e-01;6.195783e-02;6.570567e-02;1.402729e-01;1.159125e-01;1.090853e-01;1.154183e-01;1.286765e-01;3.995238e-02;2.765643e-02
3.543103e-02;1.267563e-01;1.156743e-01;3.790459e-02;4.995917e-02;1.831685e-01;9.367047e-02;8.894338e-02;1.109381e-01;9.784777e-02;3.591803e-02;2.378841e-02
3.301184e-02;1.075436e-01;1.255208e-01;2.736755e-02;4.879035e-02;1.881396e-01;1.123530e-01;1.138470e-01;1.080881e-01;7.452215e-02;2.781035e-02;3.300577e-02
2.187947e-02;1.088260e-01;1.984529e-01;2.996759e-02;2.453319e-02;1.995326e-01;4.479514e-02;1.587538e-01;8.764413e-02;6.070403e-02;2.527150e-02;3.963959e-02
3.407211e-02;1.687267e-01;2.112688e-01;2.236248e-02;3.447659e-02;1.658040e-01;7.024074e-02;1.651031e-01;5.852652e-02;3.087838e-02;1.619758e-02;2.234304e-02
4.857495e-02;2.151567e-01;2.282669e-01;1.984055e-02;5.642213e-02;1.096761e-01;6.268802e-02;1.462515e-01;5.988978e-02;1.614528e-02;2.141780e-02;1.567031e-02
6.014736e-02;1.964605e-01;1.970716e-01;2.287887e-02;6.447294e-02;9.576596e-02;6.664553e-02;1.376509e-01;7.544037e-02;2.684243e-02;3.268415e-02;2.393942e-02
5.284739e-02;7.736062e-02;1.218162e-01;6.767496e-02;5.694676e-02;1.426592e-01;1.162469e-01;1.321786e-01;8.969893e-02;5.197548e-02;3.226054e-02;5.833443e-02
3.508965e-02;8.634488e-02;9.041446e-02;8.412684e-02;2.502803e-02;1.176046e-01;2.501874e-01;7.836557e-02;7.136893e-02;4.873072e-02;2.712862e-02;8.561019e-02
4.440678e-02;1.190146e-01;1.152638e-01;5.704873e-02;1.780716e-02;8.276484e-02;2.289974e-01;9.080963e-02;8.924667e-02;3.392053e-02;3.804130e-02;8.267855e-02
4.059559e-02;1.005700e-01;1.120315e-01;5.238017e-02;2.618487e-02;1.131852e-01;1.914170e-01;1.144373e-01;1.038349e-01;3.608982e-02;4.561516e-02;6.365860e-02
2.578729e-02;9.703486e-02;1.041082e-01;7.718261e-02;2.944967e-02;8.963352e-02;2.290711e-01;1.130909e-01;7.596727e-02;4.872591e-02;2.334371e-02;8.660495e-02
4.370145e-02;7.635459e-02;4.976979e-02;9.781143e-02;1.844280e-02;5.050722e-02;2.792678e-01;1.026400e-01;5.089925e-02;1.000090e-01;2.330019e-02;1.072965e-01
6.218642e-02;5.989835e-02;1.808511e-02;9.948715e-02;1.397327e-02;4.037320e-02;2.386614e-01;1.545627e-01;3.543914e-02;1.447769e-01;3.973380e-02;9.282254e-02
9.116787e-02;4.873158e-02;3.925364e-02;6.091125e-02;4.097827e-02;3.612209e-02;1.511312e-01;2.552705e-01;4.129282e-02;1.105668e-01;8.147584e-02;4.309813e-02
1.337444e-01;4.780345e-02;5.201597e-02;3.359667e-02;6.978700e-02;3.696903e-02;6.330799e-02;3.235513e-01;4.026977e-02;6.198531e-02;1.181212e-01;1.884796e-02
1.414238e-01;5.174118e-02;5.517383e-02;3.092441e-02;6.173518e-02;4.776292e-02;8.543439e-02;3.088694e-01;4.418373e-02;4.462007e-02;9.392332e-02;3.420787e-02
1.140388e-01;5.646414e-02;3.692152e-02;6.000692e-02;3.540735e-02;5.163424e-02;1.726394e-01;2.470165e-01;3.766454e-02;7.228474e-02;4.209426e-02;7.382771e-02
6.745812e-02;7.476691e-02;2.013504e-02;9.108751e-02;1.245920e-02;4.233968e-02;2.853698e-01;1.418895e-01;3.343248e-02;8.118376e-02;2.281719e-02;1.270608e-01
3.326654e-02;9.466803e-02;2.372835e-02;9.432135e-02;1.797312e-02;5.831984e-02;3.558981e-01;8.709732e-02;2.630661e-02;5.215095e-02;1.679101e-02;1.394788e-01
2.139965e-02;9.606074e-02;3.467777e-02;6.959078e-02;3.122692e-02;1.515203e-01;3.294270e-01;7.267485e-02;3.846683e-02;2.560462e-02;3.755973e-02;9.179077e-02
2.038911e-02;6.062613e-02;6.236629e-02;4.434564e-02;5.124675e-02;2.681375e-01;2.264363e-01;8.616101e-02;7.038904e-02;1.560889e-02;4.625050e-02;4.804287e-02
3.145289e-02;4.519295e-02;8.518212e-02;3.499642e-02;6.988243e-02;2.922510e-01;1.228666e-01;1.073104e-01;8.297069e-02;2.877348e-02;3.996410e-02;5.915708e-02
4.644677e-02;5.803150e-02;8.390073e-02;2.938854e-02;7.190919e-02;2.410980e-01;1.002620e-01;1.312484e-01;7.968192e-02;4.654168e-02;4.043882e-02;7.105246e-02
4.942395e-02;5.930141e-02;3.725134e-02;2.298262e-02;3.326752e-02;1.735102e-01;2.537915e-01;1.418124e-01;7.505850e-02;5.061797e-02;4.445601e-02;5.852662e-02
5.892365e-02;6.466106e-02;6.219462e-02;3.368377e-02;2.293705e-02;1.956294e-01;2.346848e-01;1.160409e-01;6.991537e-02;5.460625e-02;4.927197e-02;3.745124e-02
5.357951e-02;6.445945e-02;6.653550e-02;4.688191e-02;3.866511e-02;1.628809e-01;2.450737e-01;9.671035e-02;7.203189e-02;5.861222e-02;4.328562e-02;5.128388e-02
7.496852e-02;6.574223e-02;7.219762e-02;4.081907e-02;3.629342e-02;1.134869e-01;2.429462e-01;1.399752e-01;7.259214e-02;4.772047e-02;3.983342e-02;5.342478e-02
7.496547e-02;4.824229e-02;6.152271e-02;3.480113e-02;3.168103e-02;1.149411e-01;2.247616e-01;1.703456e-01;9.027348e-02;5.291274e-02;4.876842e-02;4.678438e-02
5.103422e-02;6.491473e-02;5.484018e-02;2.939068e-02;3.350801e-02;1.301583e-01;2.374807e-01;1.588913e-01;9.102606e-02;7.044627e-02;4.802088e-02;3.028867e-02
6.957556e-02;5.111966e-02;4.190445e-02;3.289787e-02;3.175658e-02;1.365233e-01;2.603855e-01;1.682035e-01;6.321819e-02;6.038882e-02;4.430901e-02;3.971758e-02
9.672151e-02;4.848489e-02;5.950950e-02;4.705228e-02;4.352957e-02;1.289190e-01;2.423129e-01;1.573527e-01;4.895096e-02;4.700319e-02;3.195401e-02;4.820953e-02
9.010720e-02;8.815350e-02;1.027296e-01;4.360476e-02;6.477593e-02;1.145487e-01;2.067962e-01;1.268717e-01;4.731264e-02;4.480397e-02;2.025501e-02;5.004078e-02
5.028809e-02;5.924967e-02;1.230056e-01;5.199817e-02;8.735003e-02;1.319702e-01;1.611888e-01;1.329226e-01;5.644963e-02;3.981818e-02;5.228505e-02;5.347412e-02
3.798510e-02;9.420755e-02;1.204960e-01;5.940177e-02;8.667522e-02;1.519812e-01;9.307849e-02;1.347719e-01;8.162577e-02;4.845523e-02;6.606526e-02;2.525658e-02
3.963829e-02;1.132317e-01;8.832204e-02;4.306954e-02;1.097723e-01;1.440280e-01;9.567437e-02;1.020004e-01;8.135992e-02;1.044212e-01;5.350816e-02;2.497414e-02
3.522595e-02;9.950133e-02;5.653511e-02;4.304260e-02;1.422641e-01;9.539136e-02;9.808839e-02;9.664470e-02;1.152213e-01;1.488241e-01;3.438876e-02;3.487228e-02
9.802058e-02;5.269860e-02;4.017933e-02;9.825925e-02;1.195538e-01;3.607605e-02;9.316453e-02;9.613116e-02;1.794318e-01;1.136875e-01;4.976146e-02;2.303591e-02
1.379592e-01;3.104963e-02;4.143308e-02;1.415671e-01;5.792828e-02;2.381150e-02;7.354149e-02;1.183774e-01;2.131097e-01;4.679743e-02;8.102845e-02;3.339679e-02
1.366037e-01;2.511474e-02;5.403230e-02;1.612009e-01;1.383592e-02;2.452228e-02;4.406773e-02;1.478041e-01;2.202237e-01;2.785198e-02;1.064148e-01;3.832795e-02
1.192236e-01;1.754864e-02;7.289685e-02;1.748396e-01;2.211611e-02;3.131583e-02;5.508487e-02;1.319625e-01;2.069445e-01;3.330156e-02;1.003232e-01;3.444263e-02
1.072507e-01;1.393215e-02;9.849259e-02;1.861974e-01;4.176918e-02;1.571729e-02;5.775431e-02;1.350141e-01;2.117867e-01;2.340149e-02;9.120668e-02;1.747745e-02
8.841949e-02;2.105780e-02;1.322815e-01;1.572264e-01;2.951159e-02;2.734504e-02;4.117715e-02;1.819413e-01;2.137576e-01;2.221186e-02;7.195439e-02;1.311590e-02
6.934491e-02;3.392944e-02;1.752993e-01;1.392691e-01;2.815516e-02;2.752331e-02;4.010451e-02;1.964398e-01;1.973986e-01;2.319837e-02;5.196679e-02;1.737066e-02
4.587524e-02;4.077988e-02;1.938621e-01;1.331863e-01;3.615211e-02;3.656713e-02;4.556545e-02;2.123001e-01;1.842346e-01;1.904188e-02;3.446216e-02;1.797309e-02
2.583352e-02;3.901635e-02;1.991287e-01;1.291238e-01;2.042479e-02;3.759727e-02;5.010188e-02;2.626702e-01;1.811469e-01;1.794961e-02;1.893569e-02;1.807134e-02
1.600824e-02;2.325258e-02;1.807040e-01;1.480042e-01;3.240914e-02;5.117479e-02;5.994979e-02;2.707128e-01;1.539091e-01;2.758119e-02;1.478796e-02;2.150625e-02
3.771997e-02;4.582086e-02;1.824242e-01;1.752432e-01;1.806788e-02;2.619430e-02;7.058462e-02;2.162192e-01;1.521273e-01;3.787052e-02;6.625882e-03;3.110203e-02
5.450923e-02;4.724238e-02;8.533629e-02;1.660756e-01;4.352308e-02;7.406975e-02;5.861566e-02;2.292806e-01;1.571389e-01;4.198360e-02;1.866042e-02;2.356452e-02
4.788856e-02;5.969812e-02;9.938703e-02;1.260362e-01;2.329393e-02;7.693829e-02;9.303606e-02;2.541055e-01;1.328695e-01;3.664204e-02;3.254670e-02;1.755808e-02
3.858237e-02;7.539580e-02;1.453161e-01;1.055097e-01;1.827621e-02;1.031341e-01;7.595707e-02;2.104049e-01;1.009008e-01;4.185953e-02;5.405220e-02;3.061129e-02
3.969843e-02;8.315175e-02;1.260532e-01;1.045142e-01;1.236933e-02;1.527432e-01;9.810123e-02;1.819066e-01;7.681633e-02;3.982767e-02;5.628499e-02;2.853310e-02
3.172605e-02;1.136813e-01;1.028267e-01;8.832932e-02;2.374499e-02;1.671917e-01;9.488878e-02;1.943382e-01;6.728613e-02;4.509346e-02;4.776337e-02;2.313006e-02
2.622548e-02;1.099207e-01;7.254521e-02;6.557063e-02;2.574746e-02;9.692046e-02;5.488677e-02;3.148673e-01;1.297525e-01;3.448335e-02;4.192697e-02;2.715308e-02
1.120442e-02;9.527530e-02;1.347368e-01;4.842606e-02;2.140016e-02;7.169270e-02;5.203250e-02;3.634144e-01;1.441149e-01;1.780788e-02;2.368794e-02;1.620705e-02
9.618672e-03;1.081575e-01;1.651427e-01;4.009095e-02;2.727964e-02;6.501002e-02;3.922907e-02;3.734032e-01;1.211391e-01;2.252601e-02;1.833438e-02;1.006865e-02
1.552035e-02;1.257365e-01;1.999259e-01;2.731040e-02;2.564660e-02;8.808763e-02;1.745007e-02;3.732428e-01;7.957239e-02;1.985048e-02;1.398910e-02;1.366783e-02
1.771709e-02;1.625016e-01;2.129563e-01;2.362339e-02;2.745019e-02;9.438557e-02;3.149147e-02;3.313182e-01;6.055898e-02;1.530691e-02;1.325401e-02;9.436311e-03
2.239939e-02;1.963111e-01;1.901931e-01;2.582191e-02;3.023158e-02;1.260053e-01;5.899709e-02;2.523765e-01;5.998927e-02;2.412758e-02;1.013262e-02;3.414616e-03
3.028730e-02;2.315054e-01;1.442768e-01;2.834454e-02;2.063485e-02;1.697451e-01;7.943768e-02;2.011624e-01;4.476971e-02;3.571783e-02;9.915108e-03;4.203327e-03
4.046367e-02;2.304503e-01;9.876738e-02;3.725252e-02;1.617058e-02;2.071836e-01;8.569393e-02;1.816456e-01;4.973148e-02;3.220670e-02;1.407001e-02;6.364293e-03
4.682538e-02;1.911391e-01;8.016189e-02;5.510881e-02;2.133869e-02;2.769544e-01;7.102714e-02;1.675312e-01;3.875775e-02;2.597615e-02;1.665222e-02;8.527252e-03
5.723025e-02;1.754969e-01;7.631636e-02;4.977668e-02;3.301131e-02;3.282204e-01;1.881025e-02;1.428613e-01;5.347770e-02;4.328240e-02;1.368963e-02;7.826881e-03
5.788827e-02;1.346738e-01;5.518255e-02;4.211426e-02;3.311018e-02;3.364683e-01;6.778812e-02;1.063048e-01;8.504478e-02;5.792027e-02;9.554771e-03;1.394990e-02
4.762457e-02;1.209283e-01;3.966634e-02;4.079074e-02;3.916972e-02;3.227431e-01;7.836153e-02;1.570758e-01;7.794362e-02;5.316344e-02;6.728332e-03;1.580452e-02
2.943586e-02;1.303213e-01;7.214030e-02;4.101527e-02;4.376093e-02;2.859148e-01;6.307096e-02;1.924911e-01;7.283507e-02;4.000947e-02;1.127670e-02;1.772821e-02
3.573970e-02;1.273831e-01;1.191407e-01;3.502749e-02;4.262363e-02;2.579745e-01;4.171175e-02;1.973763e-01;7.063874e-02;3.738912e-02;1.908585e-02;1.590914e-02
3.419836e-02;1.624762e-01;1.388147e-01;3.865737e-02;2.748563e-02;1.965180e-01;4.816292e-02;2.109960e-01;6.886429e-02;4.832384e-02;1.488159e-02;1.062098e-02
3.192892e-02;1.458462e-01;1.112692e-01;4.769677e-02;1.962560e-02;1.587015e-01;9.314357e-02;2.372630e-01;8.230370e-02;4.589274e-02;1.294758e-02;1.338124e-02
3.778239e-02;5.281037e-02;1.437631e-01;8.427752e-02;2.989181e-02;1.426619e-01;9.060758e-02;2.209257e-01;1.318929e-01;3.400926e-02;1.761310e-02;1.376440e-02
4.585553e-02;1.543100e-01;1.926588e-01;6.860454e-02;3.230284e-02;8.056708e-02;6.245909e-02;1.884183e-01;1.091989e-01;3.034768e-02;2.428658e-02;1.099071e-02
5.304076e-02;2.054187e-01;1.717341e-01;3.790375e-02;2.755032e-02;1.208375e-01;5.787212e-02;1.746478e-01;7.792291e-02;3.949510e-02;2.252148e-02;1.105541e-02
6.605528e-02;1.571695e-01;1.136815e-01;3.134510e-02;2.657677e-02;1.726752e-01;4.388639e-02;1.959943e-01;1.008142e-01;4.920121e-02;1.456864e-02;2.803189e-02
5.500028e-02;1.147419e-01;8.105659e-02;4.074587e-02;3.011908e-02;1.767508e-01;2.671069e-02;2.771977e-01;1.139578e-01;3.856319e-02;1.102703e-02;3.412911e-02
4.681679e-02;1.411166e-01;8.730426e-02;4.212938e-02;2.827295e-02;1.689738e-01;4.732874e-02;2.479820e-01;1.164678e-01;2.920521e-02;1.449752e-02;2.990496e-02
5.241750e-02;1.074118e-01;9.226116e-02;4.310173e-02;3.293396e-02;1.393718e-01;9.870363e-02;1.659338e-01;1.861980e-01;3.530889e-02;2.192746e-02;2.443041e-02
4.079457e-02;5.831250e-02;1.137885e-01;6.631732e-02;2.727989e-02;1.735206e-01;1.136362e-01;1.532256e-01;1.816271e-01;3.973685e-02;1.721054e-02;1.455038e-02
3.535182e-02;8.190997e-02;6.534234e-02;6.497768e-02;2.458170e-02;1.683083e-01;9.171717e-02;2.664193e-01;1.326113e-01;3.558812e-02;2.095704e-02;1.223534e-02
4.462582e-02;1.048019e-01;9.929527e-02;5.581338e-02;1.155516e-02;1.574208e-01;7.367332e-02;2.677832e-01;1.289432e-01;2.876102e-02;1.656287e-02;1.076405e-02
4.806495e-02;1.088482e-01;1.093524e-01;5.517780e-02;2.280528e-02;1.750836e-01;6.114963e-02;2.334158e-01;1.260793e-01;2.728637e-02;1.310485e-02;1.963181e-02
3.945506e-02;8.664580e-02;1.036527e-01;4.844968e-02;2.916984e-02;2.503414e-01;6.310596e-02;1.806566e-01;9.455651e-02;3.746333e-02;2.656979e-02;3.993327e-02
2.970591e-02;6.869233e-02;1.011326e-01;5.393837e-02;4.177245e-02;2.199502e-01;7.863657e-02;1.576432e-01;1.026704e-01;5.245171e-02;4.585056e-02;4.755573e-02
3.359098e-02;5.715423e-02;8.623631e-02;6.412090e-02;5.721484e-02;1.749468e-01;8.478473e-02;1.555659e-01;1.345421e-01;5.857759e-02;5.260928e-02;4.065633e-02
2.139137e-02;4.226606e-02;5.254523e-02;8.984463e-02;8.535307e-02;1.172394e-01;8.230932e-02;2.574326e-01;1.478671e-01;4.039511e-02;3.557314e-02;2.778300e-02
3.064458e-02;6.486642e-02;6.960732e-02;8.241290e-02;7.944880e-02;5.011889e-02;6.677519e-02;3.000041e-01;1.487888e-01;4.015719e-02;2.958331e-02;3.759246e-02
4.880029e-02;9.796258e-02;1.111275e-01;4.096927e-02;8.680703e-02;8.994421e-02;7.265230e-02;1.822139e-01;1.430645e-01;3.940834e-02;4.000103e-02;4.704897e-02
3.868845e-02;9.696114e-02;8.221889e-02;7.059689e-02;7.569239e-02;1.029524e-01;7.368682e-02;1.897640e-01;1.632313e-01;3.730682e-02;3.359131e-02;3.530973e-02
