7.280236e-02;4.700478e-02;1.158060e-01;3.088218e-02;4.319916e-02;5.350579e-02;1.742608e-01;1.020024e-01;2.072820e-01;7.895131e-02;3.090723e-02;4.339606e-02
5.294846e-02;3.280054e-02;9.145324e-02;3.848174e-02;3.974231e-02;4.018060e-02;1.568051e-01;1.960522e-01;2.393217e-01;5.662601e-02;2.728377e-02;2.830436e-02
4.868347e-02;2.974606e-02;9.643452e-02;4.716036e-02;3.683462e-02;5.985775e-02;2.101793e-01;1.907739e-01;1.727935e-01;6.087271e-02;1.637011e-02;3.029363e-02
4.526098e-02;4.548191e-02;9.957515e-02;6.398790e-02;4.754423e-02;7.405128e-02;2.125143e-01;1.459581e-01;8.503830e-02;1.141821e-01;3.587162e-02;3.053417e-02
4.008668e-02;4.236101e-02;1.611117e-01;8.573858e-02;5.598448e-02;8.860693e-02;1.568617e-01;1.437240e-01;8.030186e-02;7.497284e-02;3.403842e-02;3.621162e-02
2.748585e-02;3.035951e-02;2.674176e-01;8.717909e-02;7.886931e-02;1.156708e-01;1.311159e-01;1.084534e-01;5.785463e-02;5.504298e-02;1.992569e-02;2.062526e-02
3.199190e-02;4.118197e-02;3.234539e-01;6.071777e-02;5.622547e-02;1.205815e-01;2.020646e-01;7.096752e-02;3.669418e-02;3.495247e-02;1.013191e-02;1.103686e-02
3.765114e-02;8.243558e-02;3.668986e-01;2.886748e-02;3.213424e-02;1.237984e-01;2.193945e-01;3.258685e-02;3.159792e-02;2.904084e-02;7.641335e-03;7.953083e-03
3.339300e-02;1.184291e-01;3.841246e-01;1.799293e-02;2.666852e-02;1.092785e-01;2.031982e-01;2.261323e-02;3.416204e-02;3.033840e-02;6.786167e-03;1.301527e-02
4.792573e-02;1.220981e-01;3.781984e-01;1.995092e-02;1.823317e-02;6.792939e-02;1.832046e-01;2.988279e-02;4.276404e-02;5.258234e-02;1.075761e-02;2.647287e-02
4.162703e-02;8.082989e-02;3.790165e-01;2.516241e-02;2.525894e-02;5.250972e-02;1.633300e-01;3.115089e-02;6.152808e-02;8.350353e-02;1.813846e-02;3.794462e-02
2.176423e-02;4.594297e-02;3.697541e-01;2.721816e-02;4.542599e-02;8.404035e-02;1.495063e-01;3.445995e-02;7.307005e-02;8.836234e-02;1.442455e-02;4.603099e-02
9.115434e-03;5.035414e-02;3.748577e-01;3.183126e-02;5.051543e-02;9.566013e-02;1.343399e-01;2.690305e-02;7.613047e-02;7.711312e-02;2.041197e-02;5.276743e-02
1.285197e-02;6.118461e-02;4.189306e-01;2.265796e-02;4.325089e-02;8.503979e-02;1.155010e-01;2.320595e-02;7.576555e-02;7.644314e-02;2.385783e-02;4.131065e-02
2.070669e-02;7.991517e-02;4.683470e-01;2.816348e-02;3.257031e-02;7.351501e-02;9.129509e-02;2.017230e-02;6.749009e-02;6.867161e-02;2.063523e-02;2.851793e-02
1.407227e-02;9.162088e-02;5.439370e-01;4.276974e-02;2.384138e-02;7.962499e-02;3.811878e-02;2.524505e-02;4.488238e-02;5.384635e-02;1.288424e-02;2.915687e-02
4.680458e-03;7.464998e-02;4.997995e-01;3.914494e-02;1.527273e-02;1.017226e-01;1.356662e-01;2.703022e-02;3.985018e-02;3.015546e-02;1.178294e-02;2.024481e-02
1.019261e-02;6.433751e-02;3.405482e-01;2.332397e-02;1.139153e-02;1.275625e-01;2.702644e-01;4.966895e-02;5.656564e-02;2.271669e-02;6.997739e-03;1.643034e-02
9.157563e-03;6.677043e-02;2.268065e-01;1.247995e-02;8.719282e-03;1.506985e-01;3.101471e-01;6.805249e-02;9.001005e-02;3.405147e-02;6.607621e-03;1.649901e-02
2.329391e-02;8.570620e-02;1.734603e-01;9.585707e-03;1.342841e-02;1.844818e-01;2.385495e-01;5.330866e-02;1.562676e-01;3.964204e-02;5.113577e-03;1.716226e-02
3.863582e-02;1.026227e-01;1.307496e-01;1.320027e-02;2.334937e-02;1.840267e-01;1.188238e-01;4.295173e-02;2.773607e-01;4.574443e-02;4.288461e-03;1.824647e-02
5.630050e-02;1.161179e-01;1.073414e-01;1.943740e-02;3.740671e-02;1.692437e-01;1.584029e-02;2.185706e-02;3.940142e-01;3.811288e-02;8.873662e-03;1.545439e-02
7.752588e-02;1.111244e-01;8.404415e-02;1.980956e-02;4.820665e-02;1.239298e-01;3.291896e-02;7.211411e-02;3.795502e-01;2.667539e-02;1.495451e-02;9.146310e-03
1.058290e-01;1.072607e-01;8.466938e-02;2.350385e-02;7.008759e-02;9.642971e-02;2.940972e-02;7.766545e-02;3.237181e-01;3.141724e-02;3.649555e-02;1.351372e-02
1.307478e-01;1.061533e-01;4.808673e-02;2.495706e-02;8.847152e-02;8.913717e-02;6.327496e-02;6.819347e-02;2.590456e-01;2.844585e-02;6.230985e-02;3.117666e-02
1.360492e-01;8.377520e-02;9.895941e-02;2.372352e-02;9.536319e-02;8.228941e-02;1.247216e-01;4.203698e-02;1.721376e-01;2.597108e-02;7.592829e-02;3.904454e-02
1.308232e-01;3.954569e-02;2.303281e-01;2.082023e-02;1.041881e-01;5.747289e-02;1.463146e-01;6.660726e-02;7.918688e-02;3.078891e-02;6.449775e-02;2.942634e-02
1.284932e-01;1.048092e-01;2.214265e-01;2.031644e-02;8.662405e-02;6.785627e-02;1.227154e-01;7.463554e-02;5.882246e-02;3.275295e-02;4.754956e-02;3.399847e-02
1.374204e-01;9.872231e-02;2.184945e-01;3.020833e-02;8.348509e-02;7.952752e-02;1.326707e-01;7.888764e-02;4.444130e-02;1.995960e-02;4.957725e-02;2.660535e-02
1.412568e-01;8.472279e-02;2.051476e-01;2.791534e-02;8.548984e-02;7.213289e-02;1.379131e-01;9.129455e-02;3.737161e-02;2.251226e-02;6.209121e-02;3.215196e-02
9.852500e-02;1.032213e-01;1.947112e-01;3.597354e-02;6.404512e-02;6.909811e-02;1.306412e-01;4.872956e-02;8.188118e-02;4.712119e-02;7.931802e-02;4.673450e-02
9.113034e-02;1.033298e-01;2.223697e-01;4.101973e-02;6.392162e-02;5.635838e-02;8.465216e-02;6.034448e-02;8.052418e-02;5.860971e-02;9.665274e-02;4.108714e-02
1.236482e-01;8.156058e-02;1.698392e-01;4.232865e-02;9.207083e-02;5.421386e-02;7.330158e-02;9.986239e-02;6.525573e-02;5.814163e-02;1.105531e-01;2.922415e-02
1.505431e-01;6.710052e-02;1.127735e-01;3.170551e-02;1.224514e-01;5.790989e-02;6.705402e-02;1.264922e-01;5.899465e-02;3.953222e-02;1.292788e-01;3.616419e-02
1.519068e-01;5.746526e-02;1.060698e-01;3.228167e-02;1.268477e-01;6.385560e-02;6.853584e-02;1.400014e-01;4.146930e-02;3.211737e-02;1.304928e-01;4.895648e-02
1.458044e-01;4.802488e-02;1.051061e-01;4.856452e-02;1.311819e-01;6.188074e-02;6.090927e-02;1.508130e-01;4.427408e-02;2.636534e-02;1.108235e-01;6.625235e-02
1.540349e-01;4.327668e-02;1.022112e-01;5.863055e-02;1.401121e-01;4.834278e-02;7.101651e-02;1.589095e-01;2.541432e-02;3.364995e-02;8.717331e-02;7.722818e-02
1.532285e-01;4.294783e-02;1.070290e-01;6.490656e-02;1.275812e-01;3.708613e-02;8.765475e-02;1.648690e-01;3.799845e-02;3.659476e-02;7.868662e-02;6.141715e-02
1.545729e-01;3.470743e-02;1.141381e-01;6.748343e-02;9.083015e-02;2.972816e-02;1.318904e-01;1.723834e-01;2.708815e-02;5.705430e-02;7.831112e-02;4.181242e-02
1.478967e-01;3.736461e-02;1.040710e-01;6.587492e-02;5.834745e-02;3.262459e-02;1.669780e-01;1.675870e-01;4.886773e-02;5.477030e-02;7.203729e-02;4.358035e-02
1.214293e-01;3.878046e-02;8.600928e-02;6.015155e-02;6.687877e-02;5.409111e-02;2.088712e-01;1.485008e-01;5.057751e-02;4.933076e-02;6.869858e-02;4.668064e-02
8.707090e-02;2.569407e-02;8.100408e-02;4.530442e-02;8.372596e-02;7.374454e-02;2.446459e-01;1.237296e-01;3.164339e-02;5.228404e-02;7.548145e-02;7.567169e-02
7.357077e-02;3.335415e-02;1.023420e-01;4.823606e-02;9.364946e-02;8.022896e-02;1.948299e-01;1.061290e-01;2.790739e-02;6.420210e-02;7.793789e-02;9.761232e-02
6.195595e-02;3.999980e-02;1.282325e-01;7.899363e-02;1.053274e-01;7.426815e-02;1.158122e-01;1.011894e-01;3.469469e-02;6.117946e-02;7.205453e-02;1.262924e-01
7.317127e-02;4.369959e-02;1.101181e-01;8.759496e-02;9.943869e-02;4.573692e-02;1.276724e-01;9.900885e-02;5.437613e-02;6.793530e-02;7.744133e-02;1.138064e-01
1.025595e-01;5.184267e-02;8.638903e-02;6.976490e-02;7.627006e-02;4.165923e-02;1.418339e-01;1.089254e-01;1.113913e-01;7.918973e-02;7.076126e-02;5.941295e-02
1.195384e-01;6.526528e-02;7.200176e-02;6.936550e-02;6.588449e-02;4.627513e-02;1.339513e-01;1.343917e-01;1.194278e-01;7.561833e-02;5.914168e-02;3.913870e-02
1.396706e-01;8.319359e-02;7.374861e-02;7.302305e-02;5.552084e-02;4.719404e-02;1.429258e-01;1.497071e-01;9.823401e-02;6.857382e-02;4.482628e-02;2.338238e-02
1.275433e-01;8.410509e-02;1.165243e-01;7.230531e-02;3.592013e-02;6.735741e-02;1.688858e-01;9.835917e-02;7.461692e-02;8.319239e-02;4.761622e-02;2.357396e-02
9.002192e-02;7.002209e-02;9.063649e-02;5.996522e-02;4.226388e-02;6.966995e-02;2.239797e-01;7.287003e-02;5.824886e-02;1.066083e-01;6.260686e-02;5.310672e-02
5.825695e-02;6.904253e-02;1.498076e-01;5.754601e-02;7.112161e-02;7.735433e-02;1.915517e-01;7.055146e-02;6.277168e-02;9.296495e-02;4.798137e-02;5.104986e-02
7.375047e-02;7.982611e-02;2.072730e-01;5.254767e-02;5.663576e-02;8.563375e-02;1.708328e-01;4.665778e-02;6.635369e-02;8.787138e-02;3.797306e-02;3.464453e-02
8.651677e-02;8.439720e-02;1.835000e-01;4.842294e-02;6.047048e-02;8.317363e-02;1.751828e-01;5.736334e-02;5.821690e-02;7.566580e-02;5.158434e-02;3.550589e-02
1.038397e-01;7.349955e-02;1.420204e-01;5.116348e-02;7.375497e-02;7.624504e-02;1.881172e-01;8.090042e-02;4.520064e-02;6.347439e-02;6.642593e-02;3.535825e-02
1.070149e-01;3.998295e-02;2.428171e-01;4.604082e-02;8.126293e-02;5.926828e-02;1.611370e-01;7.937959e-02;4.343354e-02;4.126806e-02;7.209177e-02;2.630311e-02
1.054019e-01;7.843105e-02;3.226320e-01;4.285557e-02;7.941631e-02;5.171763e-02;7.486656e-02;4.563214e-02;6.094077e-02;2.729322e-02;9.316123e-02;1.765173e-02
1.195769e-01;7.421775e-02;2.981063e-01;4.088819e-02;8.852643e-02;3.947852e-02;8.047275e-02;4.683414e-02;5.591197e-02;1.691493e-02;1.091233e-01;2.994884e-02
1.291763e-01;6.390236e-02;2.783181e-01;3.390818e-02;8.801600e-02;3.018961e-02;6.756490e-02;9.076763e-02;3.097137e-02;4.234649e-02;1.095802e-01;3.525880e-02
1.429697e-01;3.860737e-02;1.896208e-01;5.084321e-02;8.143125e-02;4.825408e-02;1.447801e-01;8.146124e-02;3.166670e-02;7.201903e-02;7.900384e-02;3.934265e-02
9.709211e-02;6.022940e-02;2.511245e-01;4.465689e-02;7.199161e-02;7.917441e-02;1.846850e-01;5.321561e-02;4.455429e-02;5.117145e-02;2.624880e-02;3.585592e-02
1.213558e-01;6.601132e-02;2.371267e-01;2.704680e-02;7.942238e-02;7.416809e-02;1.572447e-01;6.853695e-02;3.360280e-02;5.721780e-02;3.907738e-02;3.918915e-02
2.139851e-01;7.016442e-02;1.351387e-01;3.728213e-02;8.208460e-02;4.246286e-02;8.889510e-02;9.839257e-02;3.938749e-02;7.288367e-02;5.512061e-02;6.420280e-02
2.572467e-01;7.947332e-02;6.400310e-02;4.224741e-02;6.409007e-02;3.776931e-02;1.520874e-01;9.082735e-02;3.860519e-02;6.807286e-02;4.669052e-02;5.888670e-02
2.721170e-01;6.917825e-02;5.049912e-02;4.307354e-02;5.430337e-02;7.386031e-02;1.702699e-01;8.200140e-02;3.499975e-02;5.600443e-02;3.899808e-02;5.469488e-02
2.642833e-01;5.171672e-02;3.662382e-02;3.887097e-02;4.421771e-02;1.114615e-01;1.925255e-01;7.160520e-02;3.396422e-02;5.934731e-02;2.144723e-02;7.393648e-02
2.681942e-01;7.037419e-02;5.953823e-02;3.490388e-02;3.863454e-02;8.927868e-02;1.701495e-01;6.886836e-02;3.633631e-02;4.747098e-02;4.421726e-02;7.203383e-02
2.696576e-01;6.817872e-02;6.520605e-02;2.966759e-02;3.611332e-02;5.719953e-02;1.870006e-01;7.376140e-02;3.889555e-02;4.619136e-02;6.278428e-02;6.534389e-02
2.204415e-01;7.577211e-02;1.054977e-01;3.424300e-02;3.903948e-02;4.190578e-02;1.952457e-01;7.322972e-02;4.517596e-02;4.782525e-02;6.457727e-02;5.704646e-02
1.516469e-01;8.194555e-02;1.739206e-01;3.839058e-02;4.778045e-02;4.757876e-02;1.802138e-01;7.533828e-02;4.529341e-02;4.520756e-02;6.543860e-02;4.724552e-02
8.534425e-02;6.169924e-02;2.202216e-01;4.913402e-02;6.301630e-02;5.775429e-02;1.663345e-01;7.948245e-02;3.916772e-02;5.156104e-02;6.848835e-02;5.779619e-02
9.710722e-02;5.763422e-02;1.589484e-01;6.216969e-02;6.776960e-02;6.983349e-02;1.687309e-01;6.821927e-02;3.507298e-02;6.254049e-02;6.840739e-02;8.356632e-02
9.615879e-02;5.535322e-02;7.057206e-02;6.222745e-02;7.473622e-02;6.710163e-02;1.786567e-01;4.727460e-02;4.035544e-02;8.875509e-02;1.146313e-01;1.041776e-01
9.099529e-02;4.293953e-02;7.034994e-02;5.136479e-02;6.084491e-02;5.838852e-02;1.724402e-01;4.103262e-02;3.287213e-02;1.051367e-01;1.512876e-01;1.223477e-01
1.214747e-01;4.565258e-02;8.763760e-02;6.215217e-02;7.655740e-02;4.833344e-02;1.256792e-01;5.137447e-02;5.376897e-02;1.005999e-01;1.062780e-01;1.204916e-01
1.559452e-01;5.084443e-02;1.263955e-01;7.637321e-02;7.749376e-02;5.557763e-02;9.321442e-02;5.810072e-02;8.235419e-02;5.609977e-02;5.727633e-02;1.103248e-01
1.594439e-01;5.106128e-02;1.233023e-01;5.694552e-02;7.000785e-02;5.482125e-02;7.412327e-02;6.907611e-02;8.640894e-02;8.289485e-02;6.096911e-02;1.109456e-01
1.400867e-01;5.089222e-02;7.246937e-02;6.194770e-02;5.368180e-02;6.382588e-02;1.116957e-01;8.577598e-02;1.074867e-01;9.841342e-02;6.579845e-02;8.792599e-02
1.041414e-01;8.902150e-02;7.216592e-02;6.152127e-02;5.852454e-02;8.632500e-02;1.367163e-01;9.940556e-02;1.006177e-01;8.377430e-02;4.560440e-02;6.218212e-02
1.008021e-01;1.073180e-01;7.288024e-02;5.835625e-02;5.226072e-02;8.859088e-02;1.345210e-01;1.110432e-01;9.665964e-02;7.426727e-02;5.339034e-02;4.991040e-02
9.925319e-02;1.336141e-01;1.059882e-01;6.702766e-02;5.410654e-02;6.686883e-02;9.147914e-02;1.146790e-01;9.064026e-02;7.745602e-02;6.306880e-02;3.581828e-02
1.354954e-01;1.492626e-01;1.378893e-01;5.993337e-02;7.599512e-02;5.568944e-02;1.342929e-01;3.871044e-02;4.990451e-02;8.386981e-02;5.614267e-02;2.281447e-02
1.457490e-01;9.785254e-02;1.501931e-01;2.889924e-02;4.745188e-02;4.827233e-02;1.471882e-01;5.167602e-02;7.205475e-02;5.873606e-02;7.238277e-02;7.954406e-02
1.294632e-01;1.076759e-01;1.539520e-01;2.090192e-02;3.019406e-02;5.953494e-02;9.840059e-02;4.075366e-02;8.466500e-02;5.312512e-02;7.116325e-02;1.501704e-01
8.818384e-02;1.068992e-01;1.516210e-01;1.710080e-02;2.311242e-02;8.428198e-02;5.656370e-02;2.763260e-02;7.825348e-02;4.681977e-02;7.793415e-02;2.415971e-01
4.922115e-02;1.058665e-01;1.401755e-01;1.397105e-02;2.085929e-02;1.078442e-01;4.806564e-02;1.574292e-02;6.187565e-02;4.131772e-02;6.849515e-02;3.265652e-01
5.633629e-02;9.596607e-02;1.666991e-01;1.139497e-02;1.588286e-02;1.056307e-01;5.987594e-02;1.134169e-02;4.804140e-02;3.665821e-02;2.419460e-02;3.679782e-01
8.904006e-02;7.980289e-02;2.178121e-01;9.866141e-03;1.649032e-02;8.271136e-02;8.181385e-02;1.338427e-02;3.443898e-02;3.106461e-02;1.592673e-02;3.276487e-01
1.173070e-01;6.401131e-02;2.925417e-01;1.514838e-02;1.969192e-02;6.081450e-02;1.136004e-01;9.827908e-03;1.995122e-02;3.916951e-02;1.562712e-02;2.323090e-01
1.185445e-01;5.587509e-02;3.647742e-01;2.552592e-02;2.831450e-02;4.800655e-02;1.394936e-01;1.019133e-02;8.503155e-03;5.641199e-02;1.128121e-02;1.330779e-01
1.131184e-01;4.368799e-02;3.997084e-01;4.821391e-02;3.344916e-02;3.798463e-02;1.488916e-01;1.418414e-02;1.225763e-02;6.219584e-02;1.775872e-02;6.854960e-02
1.026473e-01;2.935375e-02;4.138874e-01;7.401819e-02;4.259197e-02;4.016877e-02;1.484634e-01;1.944111e-02;1.583377e-02;5.689339e-02;1.739548e-02;3.930556e-02
9.832323e-02;2.979801e-02;4.061116e-01;7.547291e-02;5.097279e-02;5.802649e-02;1.453542e-01;2.755596e-02;1.752367e-02;4.536309e-02;2.208956e-02;2.340848e-02
1.028751e-01;2.509888e-02;4.225653e-01;6.919099e-02;2.417551e-02;5.912949e-02;1.619929e-01;3.257880e-02;2.893013e-02;3.850043e-02;2.099024e-02;1.397225e-02
1.051308e-01;2.027794e-02;4.196788e-01;7.532155e-02;2.622617e-02;3.686114e-02;1.576929e-01;5.054484e-02;3.981699e-02;3.491185e-02;1.953943e-02;1.399754e-02
1.100110e-01;1.110793e-02;4.395138e-01;7.432223e-02;2.409804e-02;1.538243e-02;1.415025e-01;5.388794e-02;4.558681e-02;4.233649e-02;2.914459e-02;1.310629e-02
1.006199e-01;1.952448e-02;4.447405e-01;5.800668e-02;3.174963e-02;2.257751e-02;1.528602e-01;4.132752e-02;3.839567e-02;5.022337e-02;2.880786e-02;1.116676e-02
8.281184e-02;4.668942e-02;4.245956e-01;3.860105e-02;4.358311e-02;4.712965e-02;1.671342e-01;3.119839e-02;2.218478e-02;5.861535e-02;2.172065e-02;1.573593e-02
7.187477e-02;5.725249e-02;4.234245e-01;3.719157e-02;5.676153e-02;6.436274e-02;1.678886e-01;1.568922e-02;1.500493e-02;6.635313e-02;1.704024e-02;7.156311e-03
6.673498e-02;5.835893e-02;4.066821e-01;3.602734e-02;5.689326e-02;8.054934e-02;1.569941e-01;1.595347e-02;1.550267e-02;7.349839e-02;1.698931e-02;1.581608e-02
4.912626e-02;6.135358e-02;4.000040e-01;3.854662e-02;5.351540e-02;9.548829e-02;1.513584e-01;1.775145e-02;2.099984e-02;7.125542e-02;2.295090e-02;1.764980e-02
3.447770e-02;7.791093e-02;3.908537e-01;3.290986e-02;4.350281e-02;1.058299e-01;1.301820e-01;2.818188e-02;3.514558e-02;6.939222e-02;2.532534e-02;2.628803e-02
3.318811e-02;8.594753e-02;3.665603e-01;2.833856e-02;3.767668e-02;1.070934e-01;1.091732e-01;3.963523e-02;5.283897e-02;7.481713e-02;2.532941e-02;3.940153e-02
3.939501e-02;1.083584e-01;3.524866e-01;2.009938e-02;2.900830e-02;9.786861e-02;9.716334e-02;4.758460e-02;5.453138e-02;7.418918e-02;2.013677e-02;5.917843e-02
5.486408e-02;1.254118e-01;3.306817e-01;2.513575e-02;2.404307e-02;1.043001e-01;6.648366e-02;3.724532e-02;7.820421e-02;8.052894e-02;1.627351e-02;5.682788e-02
1.035601e-01;1.400760e-01;2.681220e-01;2.857472e-02;2.570621e-02;8.337136e-02;1.023689e-01;5.055200e-02;8.852834e-02;5.831438e-02;1.660956e-02;3.421639e-02
1.431684e-01;1.291098e-01;2.360128e-01;3.156885e-02;3.132043e-02;6.076105e-02;1.532968e-01;7.212386e-02;7.043648e-02;3.656710e-02;1.221507e-02;2.341930e-02
1.447134e-01;7.261270e-02;1.910716e-01;3.976033e-02;5.029215e-02;4.581521e-02;2.430801e-01;7.112086e-02;5.649875e-02;3.621931e-02;1.897631e-02;2.983928e-02
1.163669e-01;6.057576e-02;1.265702e-01;3.808446e-02;5.619746e-02;6.004924e-02;2.833000e-01;5.344251e-02;7.815794e-02;4.721046e-02;3.542979e-02;4.461533e-02
5.360986e-02;6.714545e-02;1.256966e-01;3.575556e-02;5.145889e-02;1.032859e-01;2.303796e-01;5.966879e-02;7.733338e-02;7.628150e-02;5.174049e-02;6.764393e-02
6.619346e-02;7.570738e-02;1.496029e-01;2.153233e-02;5.246571e-02;1.023820e-01;1.749957e-01;4.469422e-02;8.411407e-02;8.756480e-02;5.190225e-02;8.884511e-02
9.249539e-02;7.226580e-02;1.804933e-01;2.993386e-02;4.589543e-02;6.434558e-02;1.206035e-01;3.697223e-02;7.856062e-02;1.006032e-01;4.643629e-02;1.313948e-01
1.117966e-01;5.780556e-02;1.830609e-01;3.335823e-02;2.795385e-02;5.269767e-02;1.148362e-01;4.989930e-02;5.965191e-02;1.115768e-01;3.715099e-02;1.602121e-01
1.210619e-01;4.892620e-02;1.485589e-01;3.752648e-02;1.528933e-02;5.373727e-02;1.084138e-01;6.326098e-02;7.599153e-02;9.926362e-02;6.885561e-02;1.591144e-01
1.310339e-01;4.402963e-02;1.348715e-01;4.335987e-02;2.801613e-02;5.091455e-02;9.776824e-02;8.179284e-02;1.146858e-01;7.280757e-02;9.390901e-02;1.068110e-01
1.301927e-01;6.244064e-02;1.094832e-01;4.188396e-02;4.313220e-02;6.638135e-02;1.168092e-01;5.502405e-02;1.145894e-01;6.379094e-02;1.215749e-01;7.469746e-02
9.524010e-02;8.235248e-02;7.808936e-02;3.778694e-02;4.043301e-02;7.373082e-02;1.529225e-01;7.670117e-02;7.476916e-02;8.939591e-02;1.437891e-01;5.478935e-02
8.745779e-02;5.376083e-02;6.296694e-02;2.597884e-02;7.422307e-02;9.280861e-02;1.398059e-01;8.985053e-02;8.031268e-02;8.690584e-02;1.179964e-01;8.793258e-02
7.610262e-02;3.697643e-02;6.801585e-02;4.644560e-02;6.186059e-02;1.090151e-01;1.699331e-01;1.211226e-01;9.718510e-02;9.454907e-02;6.452616e-02;5.426769e-02
1.152532e-01;5.794639e-02;9.850997e-02;5.262662e-02;2.522146e-02;9.257144e-02;1.531491e-01;1.456794e-01;7.844754e-02;9.482168e-02;4.329268e-02;4.248055e-02
1.402625e-01;1.012539e-01;7.036418e-02;3.682949e-02;6.446936e-02;6.616095e-02;1.334369e-01;1.251094e-01;6.116131e-02;6.385832e-02;4.697507e-02;9.011865e-02
9.658688e-02;1.164109e-01;1.064288e-01;5.009542e-02;7.190302e-02;6.906266e-02;1.049191e-01;1.142944e-01;6.789935e-02;4.987572e-02;3.703834e-02;1.154854e-01
3.667226e-02;7.885175e-02;1.603325e-01;5.311438e-02;5.501099e-02;7.716361e-02;6.276049e-02;1.303969e-01;9.523186e-02;8.103404e-02;8.102866e-02;8.840253e-02
6.136090e-02;4.644846e-02;1.773708e-01;3.881241e-02;4.008007e-02;6.370263e-02;8.151544e-02;1.537582e-01;1.022980e-01;1.158860e-01;7.256764e-02;4.619946e-02
7.366418e-02;6.199332e-02;1.629903e-01;2.706081e-02;5.132375e-02;4.906884e-02;1.344008e-01;1.486760e-01;7.071488e-02;9.656668e-02;4.997597e-02;7.356452e-02
9.451836e-02;9.242389e-02;1.243581e-01;4.032575e-02;7.857097e-02;6.534933e-02;1.011105e-01;1.216848e-01;6.243845e-02;6.249222e-02;6.095904e-02;9.576857e-02
1.300574e-01;5.893592e-02;1.004192e-01;7.470805e-02;9.015898e-02;8.800248e-02;7.839382e-02;8.320893e-02;9.343275e-02;6.601360e-02;4.435429e-02;9.231459e-02
1.102965e-01;9.103236e-02;1.054711e-01;8.167823e-02;7.571123e-02;7.620548e-02;8.777596e-02;7.644829e-02;9.814540e-02;9.211291e-02;4.156825e-02;6.355418e-02
9.383985e-02;9.402087e-02;9.052605e-02;6.820479e-02;5.343364e-02;6.730493e-02;1.051490e-01;8.210099e-02;9.658975e-02;9.756950e-02;6.354638e-02;8.771420e-02
8.758706e-02;8.885071e-02;7.036099e-02;6.442410e-02;5.299906e-02;8.460509e-02;1.163064e-01;8.137359e-02;6.463940e-02;1.079270e-01;9.645501e-02;8.447153e-02
7.273335e-02;8.619811e-02;1.369431e-01;4.768851e-02;7.126326e-02;7.622248e-02;9.516015e-02;9.859125e-02;7.445872e-02;7.720403e-02;8.388053e-02;7.965644e-02
6.979387e-02;7.136141e-02;1.849095e-01;4.141622e-02;6.672051e-02;8.225464e-02;1.315726e-01;9.643140e-02;8.977290e-02;5.753824e-02;3.566462e-02;7.256417e-02
9.312325e-02;1.183942e-01;1.357578e-01;4.793397e-02;6.288727e-02;7.906775e-02;7.890659e-02;7.707082e-02;1.030673e-01;8.763290e-02;7.879820e-02;3.735996e-02
7.075176e-02;9.454925e-02;1.380243e-01;5.447416e-02;6.667470e-02;7.250809e-02;9.734508e-02;7.649184e-02;8.422899e-02;1.020175e-01;8.512313e-02;5.781128e-02
4.649172e-02;5.266650e-02;1.240153e-01;6.018450e-02;9.607593e-02;4.868157e-02;1.201572e-01;6.098567e-02;9.441765e-02;1.287398e-01;7.305963e-02;9.452457e-02
5.910400e-02;3.790067e-02;7.326808e-02;5.667894e-02;1.076431e-01;7.629371e-02;1.403441e-01;5.998177e-02;8.552307e-02;1.080936e-01;7.627250e-02;1.188964e-01
6.496519e-02;5.040327e-02;6.035560e-02;7.211787e-02;8.154150e-02;8.705656e-02;1.514984e-01;7.913405e-02;9.205937e-02;6.383057e-02;9.779724e-02;9.924041e-02
9.697681e-02;8.368161e-02;1.263286e-01;4.849534e-02;7.535569e-02;6.633362e-02;2.034360e-01;7.480212e-02;6.234193e-02;5.236860e-02;5.693856e-02;5.294123e-02
1.174398e-01;9.177829e-02;1.405568e-01;4.542324e-02;6.364386e-02;6.193387e-02;2.291999e-01;7.426055e-02;4.210022e-02;5.844602e-02;4.252907e-02;3.268841e-02
1.060360e-01;1.279867e-01;1.363751e-01;5.125994e-02;6.207969e-02;8.209746e-02;1.846717e-01;7.582662e-02;2.746707e-02;6.240565e-02;4.925561e-02;3.453841e-02
9.665095e-02;1.226936e-01;1.903689e-01;3.850767e-02;4.645455e-02;1.014475e-01;1.341404e-01;5.707207e-02;5.321858e-02;7.056656e-02;4.745599e-02;4.142336e-02
8.725413e-02;6.294505e-02;2.588383e-01;2.889361e-02;3.603311e-02;7.548482e-02;1.974630e-01;6.197715e-02;3.648205e-02;7.855020e-02;4.247003e-02;3.360853e-02
6.271371e-02;5.945711e-02;3.110737e-01;2.902574e-02;3.725962e-02;6.352972e-02;1.814846e-01;5.609186e-02;4.076428e-02;9.195521e-02;4.373989e-02;2.290458e-02
4.554797e-02;4.618732e-02;3.330346e-01;3.512290e-02;4.000567e-02;8.625366e-02;1.858745e-01;3.423289e-02;3.218641e-02;1.051866e-01;3.653278e-02;1.983474e-02
3.332915e-02;4.226657e-02;3.330568e-01;3.263762e-02;4.179310e-02;8.672144e-02;1.805320e-01;3.030282e-02;4.372763e-02;1.131360e-01;3.999065e-02;2.250611e-02
2.648737e-02;5.891054e-02;3.544561e-01;3.034697e-02;3.340311e-02;6.970367e-02;1.537773e-01;4.096181e-02;5.764598e-02;1.136179e-01;3.769912e-02;2.299012e-02
2.250122e-02;8.338933e-02;3.244080e-01;2.841633e-02;2.806167e-02;5.832973e-02;1.494684e-01;6.439390e-02;8.131420e-02;1.060311e-01;2.770888e-02;2.597727e-02
4.721613e-02;9.487699e-02;2.469082e-01;2.746666e-02;2.571708e-02;8.314982e-02;1.853429e-01;6.259558e-02;7.980937e-02;7.851383e-02;2.056332e-02;4.784008e-02
5.703118e-02;1.024668e-01;2.157780e-01;3.040420e-02;2.520883e-02;9.737955e-02;2.107408e-01;5.402056e-02;7.851779e-02;5.805821e-02;1.167708e-02;5.871709e-02
5.415030e-02;1.096012e-01;1.691376e-01;3.816684e-02;3.754071e-02;9.627438e-02;2.074776e-01;5.642570e-02;9.300247e-02;5.586527e-02;1.976522e-02;6.259264e-02
9.043833e-02;1.111848e-01;2.674351e-01;4.457013e-02;5.717187e-02;6.641558e-02;9.946397e-02;6.805360e-02;8.239900e-02;4.459843e-02;2.157538e-02;4.669384e-02
8.166768e-02;1.244534e-01;3.586323e-01;3.742265e-02;5.081977e-02;5.389661e-02;8.481655e-02;4.527948e-02;7.313064e-02;4.073935e-02;1.931785e-02;2.982363e-02
8.305880e-02;1.603138e-01;3.667158e-01;3.547637e-02;4.310386e-02;5.261978e-02;4.895233e-02;3.627884e-02;8.420710e-02;4.819328e-02;2.372385e-02;1.735617e-02
8.902849e-02;1.510591e-01;2.947176e-01;3.387526e-02;4.430766e-02;5.207654e-02;1.094628e-01;4.934603e-02;7.958493e-02;4.284102e-02;2.160090e-02;3.209974e-02
9.737922e-02;1.264181e-01;2.519163e-01;4.193003e-02;4.399252e-02;3.987616e-02;9.566276e-02;7.155938e-02;8.035214e-02;6.495276e-02;4.531348e-02;4.064709e-02
1.009141e-01;1.161838e-01;2.603364e-01;4.752435e-02;4.861108e-02;4.528198e-02;1.002797e-01;6.507507e-02;6.852354e-02;6.950358e-02;5.401742e-02;2.374901e-02
8.923560e-02;9.106789e-02;2.422753e-01;4.698496e-02;5.775404e-02;5.512024e-02;1.571517e-01;5.929414e-02;5.769615e-02;6.678639e-02;4.700149e-02;2.963215e-02
7.476289e-02;6.066014e-02;1.984052e-01;4.168321e-02;5.664205e-02;5.839711e-02;2.590772e-01;5.849391e-02;5.706202e-02;5.662889e-02;4.238843e-02;3.579899e-02
4.915981e-02;6.274925e-02;1.682200e-01;3.120412e-02;6.159305e-02;6.685170e-02;3.260036e-01;7.059524e-02;6.280249e-02;3.646524e-02;4.275189e-02;2.160368e-02
8.417572e-02;9.560202e-02;1.053144e-01;4.553534e-02;6.408946e-02;6.776357e-02;2.513880e-01;7.109886e-02;6.049368e-02;6.306455e-02;4.826681e-02;4.320765e-02
7.136112e-02;8.714410e-02;1.751714e-01;6.718079e-02;5.607953e-02;6.433584e-02;1.698577e-01;5.851788e-02;5.403038e-02;7.513547e-02;7.441206e-02;4.677381e-02
5.736706e-02;6.883688e-02;2.424825e-01;5.764828e-02;4.771298e-02;7.002193e-02;1.422936e-01;5.704571e-02;3.856068e-02;5.463926e-02;8.853675e-02;7.485430e-02
5.295550e-02;8.240087e-02;2.472887e-01;4.322945e-02;5.673833e-02;8.497786e-02;1.295030e-01;4.188034e-02;3.782794e-02;6.060074e-02;6.629346e-02;9.630382e-02
6.564379e-02;8.311926e-02;2.414765e-01;3.231179e-02;6.714904e-02;7.603108e-02;1.299777e-01;3.295445e-02;5.488532e-02;8.305146e-02;4.179936e-02;9.160019e-02
7.248805e-02;7.587788e-02;1.358108e-01;2.513276e-02;5.071556e-02;7.531022e-02;8.499257e-02;9.768763e-02;1.153904e-01;1.107428e-01;8.765483e-02;6.819659e-02
6.824926e-02;4.788221e-02;1.097770e-01;3.954068e-02;6.232073e-02;6.614465e-02;1.039288e-01;1.026248e-01;1.090065e-01;1.465451e-01;9.573375e-02;4.824647e-02
7.603108e-02;6.058979e-02;1.196813e-01;5.462155e-02;5.099724e-02;5.176794e-02;1.205160e-01;9.440496e-02;1.223354e-01;1.491863e-01;7.915462e-02;2.071386e-02
9.566053e-02;7.364810e-02;1.261249e-01;5.761093e-02;3.370010e-02;4.868891e-02;1.341794e-01;7.790050e-02;1.138664e-01;1.377070e-01;6.967141e-02;3.124193e-02
1.235202e-01;7.620206e-02;1.131528e-01;4.085369e-02;2.456702e-02;5.752750e-02;1.439105e-01;7.133199e-02;8.157645e-02;1.400813e-01;9.061737e-02;3.665919e-02
1.219122e-01;5.825876e-02;1.265911e-01;3.909478e-02;6.145312e-02;4.780319e-02;1.168170e-01;6.256291e-02;7.699061e-02;1.128042e-01;1.137135e-01;6.199869e-02
7.340928e-02;5.120824e-02;1.483257e-01;7.707202e-02;7.783491e-02;7.527076e-02;6.524041e-02;1.091466e-01;8.722684e-02;6.551388e-02;1.108064e-01;5.894495e-02
7.166232e-02;3.559223e-02;1.723922e-01;6.752086e-02;7.578986e-02;8.181699e-02;1.605597e-01;1.010524e-01;6.275462e-02;6.462561e-02;7.322391e-02;3.300929e-02
7.508569e-02;2.447864e-02;2.302133e-01;3.706469e-02;6.276292e-02;6.088954e-02;2.889729e-01;6.700706e-02;2.901373e-02;7.832133e-02;3.482382e-02;1.136639e-02
6.597923e-02;2.102578e-02;2.519778e-01;1.736881e-02;5.460897e-02;7.314994e-02;3.590033e-01;2.059765e-02;1.231575e-02;7.880876e-02;1.496134e-02;3.020271e-02
4.696696e-02;2.218290e-02;2.323958e-01;1.311670e-02;5.443351e-02;1.044308e-01;3.541883e-01;3.242863e-02;2.163505e-02;7.033186e-02;1.559658e-02;3.229292e-02
2.340982e-02;2.859470e-02;2.361706e-01;1.660491e-02;6.382897e-02;1.256889e-01;3.441814e-01;3.136926e-02;1.564584e-02;6.920198e-02;1.109461e-02;3.420898e-02
2.229824e-02;3.373354e-02;2.464305e-01;1.501145e-02;7.131425e-02;1.272237e-01;3.040719e-01;3.742889e-02;1.650389e-02;6.738727e-02;1.714014e-02;4.145611e-02
2.773908e-02;4.435423e-02;2.449439e-01;2.085404e-02;6.556465e-02;1.308733e-01;2.526504e-01;5.214921e-02;3.212876e-02;6.150840e-02;2.740150e-02;3.983264e-02
3.143602e-02;5.555338e-02;2.774199e-01;2.320858e-02;7.296570e-02;1.416984e-01;1.941613e-01;3.652167e-02;3.554137e-02;5.276154e-02;3.490446e-02;4.382768e-02
3.554445e-02;5.468938e-02;4.016884e-01;4.262676e-02;8.521544e-02;1.084618e-01;8.980747e-02;3.754200e-02;2.510015e-02;5.527189e-02;2.584128e-02;3.821091e-02
1.061474e-02;3.648683e-02;4.999952e-01;4.738747e-02;7.871342e-02;6.481301e-02;1.137339e-01;3.295183e-02;7.937753e-03;7.036986e-02;2.528148e-02;1.171459e-02
9.598110e-03;3.628062e-02;4.975856e-01;3.621586e-02;5.941068e-02;5.729264e-02;1.432742e-01;3.589914e-02;2.179040e-02;6.830698e-02;2.133617e-02;1.300957e-02
1.503268e-02;5.288234e-02;4.843963e-01;2.780564e-02;3.240020e-02;6.718054e-02;1.503029e-01;2.636518e-02;3.847111e-02;6.225964e-02;1.939277e-02;2.351070e-02
1.782952e-02;6.160129e-02;4.937247e-01;2.702707e-02;2.563777e-02;7.875042e-02;1.267252e-01;2.093822e-02;4.925486e-02;5.466918e-02;1.750934e-02;2.633249e-02
1.789933e-02;7.537828e-02;4.830155e-01;3.741238e-02;1.853709e-02;7.583793e-02;1.138067e-01;2.129195e-02;6.675591e-02;5.058682e-02;1.747155e-02;2.200655e-02
3.461797e-02;9.968651e-02;4.103198e-01;4.607949e-02;3.587708e-02;7.779895e-02;9.520218e-02;2.848182e-02;8.014169e-02;5.648295e-02;1.438275e-02;2.092877e-02
3.694638e-02;1.187789e-01;3.298653e-01;4.166480e-02;4.566716e-02;9.692539e-02;8.946446e-02;2.681625e-02;1.224126e-01;5.707186e-02;1.076519e-02;2.362188e-02
4.279559e-02;1.136844e-01;2.608171e-01;4.345700e-02;5.637564e-02;1.210131e-01;9.730332e-02;2.865036e-02;1.624598e-01;3.963726e-02;1.483119e-02;1.897516e-02
6.298507e-02;1.155278e-01;2.232726e-01;4.821900e-02;7.087504e-02;1.071576e-01;8.256545e-02;4.429773e-02;1.817406e-01;3.148397e-02;1.914796e-02;1.272713e-02
7.391845e-02;1.154847e-01;2.070929e-01;4.256480e-02;6.434384e-02;6.692952e-02;7.713331e-02;9.938122e-02;1.549235e-01;5.070655e-02;2.809843e-02;1.942282e-02
8.349358e-02;1.020594e-01;1.958022e-01;3.115209e-02;5.653528e-02;6.657131e-02;9.666748e-02;1.282144e-01;1.006142e-01;8.490911e-02;4.401922e-02;9.961792e-03
9.457972e-02;8.778490e-02;1.790268e-01;2.476143e-02;5.383264e-02;7.108563e-02;1.263233e-01;1.066997e-01;8.640572e-02;8.972388e-02;6.498462e-02;1.479163e-02
1.073794e-01;7.109496e-02;1.651170e-01;2.938621e-02;8.625333e-02;9.082519e-02;1.159287e-01;8.020549e-02;9.129742e-02;6.514304e-02;8.287013e-02;1.449918e-02
1.134363e-01;6.394447e-02;1.766117e-01;5.042443e-02;1.081331e-01;8.752048e-02;8.248577e-02;9.910588e-02;7.060950e-02;3.949644e-02;8.943939e-02;1.879256e-02
1.234159e-01;6.280185e-02;1.801086e-01;5.747358e-02;1.028071e-01;8.122469e-02;7.746048e-02;1.109735e-01;5.995152e-02;2.460106e-02;9.707367e-02;2.210792e-02
1.358625e-01;6.457862e-02;1.797292e-01;4.373440e-02;9.774294e-02;6.434242e-02;7.544488e-02;1.319067e-01;5.646739e-02;2.963470e-02;9.397354e-02;2.658264e-02
1.548247e-01;5.915887e-02;1.621626e-01;4.540764e-02;1.160408e-01;3.835691e-02;7.719131e-02;1.578156e-01;3.114019e-02;4.539007e-02;8.768770e-02;2.482365e-02
1.547617e-01;4.943359e-02;1.466797e-01;4.903875e-02;1.328389e-01;3.303401e-02;8.005207e-02;1.609237e-01;3.813053e-02;5.356247e-02;7.833005e-02;2.321461e-02
1.599434e-01;4.634698e-02;1.403342e-01;6.811518e-02;1.443352e-01;4.347314e-02;6.969631e-02;1.624504e-01;2.066978e-02;5.007270e-02;7.282412e-02;2.173864e-02
1.654247e-01;4.404068e-02;1.405697e-01;9.202381e-02;1.474955e-01;2.901466e-02;7.788536e-02;1.526037e-01;1.599857e-02;4.993231e-02;6.689639e-02;1.811456e-02
1.842291e-01;5.954395e-02;1.527010e-01;9.505384e-02;1.432873e-01;1.579508e-02;6.273762e-02;1.365644e-01;1.082499e-02;5.414971e-02;6.493338e-02;2.017968e-02
2.153292e-01;8.511789e-02;1.453079e-01;7.534128e-02;1.333775e-01;1.644266e-02;6.012046e-02;1.119598e-01;1.658859e-02;4.537696e-02;7.917780e-02;1.585994e-02
2.679772e-01;8.099846e-02;1.329436e-01;5.608973e-02;1.317396e-01;2.196203e-02;3.230791e-02;9.309675e-02;1.972209e-02;2.424683e-02;1.116469e-01;2.726889e-02
3.207705e-01;7.262857e-02;9.234595e-02;4.253274e-02;1.162616e-01;2.275898e-02;2.750470e-02;7.696086e-02;2.711442e-02;1.716954e-02;1.549734e-01;2.897877e-02
3.260784e-01;9.637187e-02;5.879761e-02;3.260850e-02;8.214230e-02;3.608866e-02;2.248645e-02;5.749372e-02;5.199118e-02;2.348186e-02;1.874643e-01;2.499515e-02
2.724745e-01;1.345915e-01;6.253778e-02;2.494278e-02;4.324742e-02;4.029020e-02;1.907781e-02;3.330265e-02;9.467266e-02;1.730360e-02;1.766882e-01;8.087094e-02
1.792481e-01;1.569725e-01;9.564055e-02;2.145149e-02;1.507749e-02;5.273972e-02;3.486266e-02;1.645808e-02;1.117413e-01;2.917171e-02;1.363293e-01;1.503071e-01
9.689354e-02;1.291319e-01;1.736028e-01;1.865339e-02;1.479937e-02;5.547766e-02;6.544144e-02;1.495733e-02;8.415917e-02;7.705827e-02;8.307975e-02;1.867454e-01
6.740531e-02;7.427522e-02;2.543980e-01;2.487596e-02;1.998028e-02;4.308089e-02;1.058379e-01;2.505551e-02;4.800776e-02;1.426213e-01;4.191107e-02;1.525508e-01
6.910990e-02;3.109420e-02;2.420383e-01;4.593241e-02;1.946587e-02;2.520522e-02;1.217691e-01;5.840547e-02;2.205291e-02;1.477100e-01;1.399947e-01;7.722190e-02
4.595430e-02;2.088378e-02;1.803600e-01;6.680068e-02;3.443043e-02;1.470160e-02;7.751566e-02;1.169705e-01;1.616012e-02;1.082396e-01;2.626330e-01;5.535030e-02
2.921279e-02;2.953355e-02;1.139621e-01;6.870674e-02;6.590029e-02;1.605682e-02;3.123774e-02;1.507411e-01;4.518191e-02;5.740033e-02;3.183385e-01;7.372814e-02
3.539053e-02;2.338764e-02;9.316580e-02;5.092628e-02;1.018979e-01;2.703221e-02;2.857516e-02;1.432978e-01;8.876202e-02;3.807100e-02;2.501106e-01;1.193831e-01
7.187837e-02;1.979589e-02;8.752665e-02;2.879179e-02;1.301715e-01;5.749323e-02;5.638753e-02;9.544313e-02;1.541158e-01;2.178228e-02;1.220735e-01;1.545403e-01
1.505944e-01;2.259275e-02;7.530063e-02;1.852360e-02;1.314756e-01;9.247875e-02;7.576400e-02;3.290412e-02;1.840834e-01;3.719764e-02;5.341974e-02;1.256653e-01
2.106446e-01;3.614343e-02;3.513595e-02;1.295844e-02;9.994654e-02;1.338027e-01;1.397324e-01;1.779705e-02;1.321214e-01;8.976049e-02;2.189996e-02;7.005706e-02
2.179160e-01;5.566147e-02;2.552386e-02;1.086623e-02;6.008770e-02;1.513038e-01;2.125554e-01;1.947076e-02;6.873796e-02;1.385830e-01;1.279465e-02;2.649903e-02
1.825287e-01;8.770753e-02;1.371592e-02;1.059183e-02;4.193497e-02;1.398004e-01;2.708368e-01;1.828864e-02;3.946194e-02;1.518802e-01;1.849950e-02;2.475359e-02
1.335305e-01;1.189012e-01;4.407986e-02;1.405126e-02;4.274675e-02;1.135227e-01;2.739668e-01;3.216401e-02;2.132608e-02;1.225189e-01;7.087273e-02;1.231915e-02
1.322552e-01;1.611194e-01;6.897006e-02;1.959007e-02;6.086186e-02;1.065505e-01;1.726150e-01;4.615864e-02;2.328743e-02;8.863700e-02;1.142886e-01;5.666371e-03
1.671412e-01;1.923407e-01;4.962287e-02;2.742369e-02;8.261619e-02;1.020101e-01;7.019545e-02;5.729154e-02;3.992493e-02;5.531662e-02;1.273445e-01;2.877223e-02
1.338073e-01;1.707347e-01;7.169425e-02;2.909208e-02;7.365098e-02;8.048767e-02;1.522503e-01;4.396605e-02;6.393375e-02;3.273715e-02;1.250491e-01;2.259660e-02
9.721413e-02;1.330842e-01;7.932068e-02;2.630721e-02;6.437214e-02;7.713468e-02;2.029613e-01;7.094735e-02;6.104404e-02;6.578041e-02;1.082898e-01;1.354416e-02
9.547376e-02;1.049908e-01;8.480548e-02;3.354613e-02;5.526270e-02;9.855317e-02;2.370856e-01;9.305912e-02;3.619410e-02;7.657693e-02;6.533706e-02;1.911516e-02
9.668271e-02;7.323670e-02;1.190516e-01;4.957538e-02;5.831941e-02;7.981317e-02;2.011235e-01;1.178482e-01;6.787045e-02;6.748796e-02;3.629679e-02;3.269419e-02
5.626401e-02;4.098747e-02;1.736587e-01;5.051186e-02;5.824285e-02;5.068062e-02;1.608196e-01;1.640348e-01;8.909699e-02;8.903473e-02;2.833592e-02;3.833246e-02
4.449568e-02;4.389120e-02;1.864564e-01;4.741156e-02;4.880524e-02;5.392521e-02;1.978808e-01;1.403158e-01;7.958972e-02;8.953164e-02;2.982486e-02;3.787182e-02
4.253057e-02;4.542685e-02;2.553339e-01;4.619714e-02;7.015976e-02;6.188086e-02;1.732192e-01;1.014254e-01;6.170727e-02;7.616962e-02;3.364820e-02;3.230130e-02
2.099596e-02;3.805485e-02;3.682648e-01;4.357069e-02;7.389545e-02;4.843226e-02;1.569254e-01;6.943122e-02;4.673871e-02;9.052076e-02;2.783223e-02;1.533767e-02
9.802671e-03;4.000021e-02;4.595792e-01;4.580909e-02;6.025787e-02;4.012930e-02;1.172252e-01;5.482911e-02;3.732339e-02;1.018913e-01;1.995172e-02;1.320097e-02
2.363488e-02;5.062700e-02;4.409192e-01;5.017878e-02;5.418222e-02;5.076751e-02;1.155924e-01;4.116667e-02;2.896140e-02;9.484065e-02;3.045727e-02;1.867213e-02
5.065990e-02;5.967370e-02;3.357486e-01;5.355959e-02;5.881364e-02;6.291491e-02;1.472621e-01;4.731048e-02;2.970865e-02;8.275387e-02;4.064809e-02;3.094640e-02
8.169735e-02;6.169578e-02;2.049385e-01;4.591603e-02;6.903459e-02;5.196518e-02;1.844780e-01;6.643069e-02;3.333189e-02;8.842221e-02;5.531727e-02;5.677246e-02
7.362742e-02;7.595573e-02;1.164091e-01;3.832046e-02;7.882923e-02;5.708836e-02;1.889104e-01;6.166667e-02;6.465571e-02;8.420021e-02;7.832692e-02;8.200976e-02
6.405292e-02;1.010303e-01;1.922093e-01;5.962025e-02;4.746624e-02;6.400762e-02;1.400939e-01;5.309461e-02;8.323631e-02;7.445344e-02;5.136521e-02;6.936990e-02
6.706569e-02;8.603530e-02;2.296089e-01;6.847219e-02;7.524931e-02;6.087496e-02;1.230720e-01;5.434477e-02;5.512984e-02;6.542536e-02;7.527932e-02;3.944245e-02
5.666110e-02;6.678312e-02;2.913698e-01;6.509692e-02;7.785096e-02;6.281998e-02;8.241417e-02;4.439166e-02;7.707255e-02;6.584542e-02;8.843296e-02;2.126138e-02
5.936383e-02;6.370446e-02;2.647660e-01;5.492318e-02;6.567229e-02;7.627682e-02;9.687541e-02;3.949519e-02;8.746397e-02;8.116324e-02;7.124171e-02;3.905397e-02
5.252268e-02;5.843217e-02;1.497593e-01;5.787631e-02;5.690225e-02;8.894056e-02;1.487784e-01;1.112631e-01;9.901661e-02;7.328474e-02;5.883589e-02;4.438809e-02
5.269211e-02;4.079305e-02;6.832924e-02;6.257199e-02;4.476538e-02;9.936766e-02;1.821591e-01;1.631023e-01;1.029403e-01;8.582110e-02;3.171439e-02;6.574335e-02
7.266691e-02;3.957609e-02;9.188312e-02;6.599592e-02;4.187237e-02;7.838903e-02;1.827244e-01;1.629567e-01;9.246078e-02;8.404219e-02;1.658440e-02;7.084815e-02
8.320636e-02;4.308065e-02;9.786537e-02;6.828167e-02;4.369909e-02;5.387595e-02;1.908435e-01;1.555675e-01;8.420098e-02;7.857476e-02;2.402845e-02;7.677581e-02
1.190808e-01;6.927511e-02;1.002021e-01;6.319426e-02;4.690875e-02;8.046123e-02;1.598836e-01;1.174144e-01;6.137714e-02;8.023344e-02;4.287995e-02;5.908923e-02
1.269420e-01;6.204054e-02;1.305605e-01;6.596223e-02;7.386599e-02;7.659393e-02;1.471528e-01;9.177589e-02;6.168937e-02;5.210998e-02;6.585185e-02;4.545493e-02
1.061704e-01;5.961836e-02;1.616185e-01;7.882535e-02;7.338889e-02;7.167073e-02;1.093427e-01;1.021592e-01;5.319414e-02;5.733800e-02;7.826287e-02;4.841081e-02
6.132958e-02;6.608108e-02;2.080091e-01;8.795176e-02;7.434665e-02;9.196601e-02;8.030433e-02;1.022510e-01;4.282515e-02;6.625967e-02;8.647176e-02;3.220384e-02
6.584181e-02;6.542682e-02;1.855164e-01;7.729869e-02;8.542751e-02;1.130274e-01;1.153342e-01;7.957347e-02;3.764012e-02;5.851278e-02;7.683121e-02;3.956961e-02
6.617268e-02;1.241260e-02;2.817771e-01;5.584671e-02;5.048085e-02;7.614911e-02;1.553900e-01;7.749725e-02;4.345369e-02;6.624748e-02;5.567791e-02;5.889456e-02
4.730737e-02;2.240600e-02;3.347500e-01;7.851243e-02;5.759558e-02;3.774458e-02;1.138799e-01;7.826921e-02;4.720915e-02;7.171543e-02;6.083073e-02;4.977956e-02
7.454219e-02;1.517706e-02;3.526970e-01;8.115033e-02;7.023004e-02;2.644668e-02;1.059241e-01;6.538476e-02;4.763785e-02;6.984495e-02;6.141647e-02;2.954860e-02
6.609218e-02;2.905297e-02;3.677680e-01;6.841947e-02;7.364260e-02;3.161247e-02;1.144663e-01;5.441228e-02;4.509825e-02;7.095012e-02;6.547526e-02;1.301004e-02
5.358950e-02;4.563447e-02;3.547717e-01;6.627321e-02;7.219655e-02;3.963921e-02;1.292228e-01;4.474949e-02;4.419440e-02;6.751895e-02;6.764124e-02;1.456845e-02
4.343680e-02;6.236517e-02;3.182904e-01;6.428471e-02;7.569531e-02;5.695131e-02;1.585152e-01;3.689240e-02;3.845032e-02;5.460294e-02;7.315534e-02;1.736005e-02
6.467471e-02;6.228856e-02;2.143290e-01;5.589765e-02;9.053110e-02;7.997680e-02;1.970559e-01;3.373544e-02;4.153927e-02;4.423403e-02;7.890823e-02;3.682930e-02
1.042436e-01;2.954086e-02;2.012909e-01;5.986925e-02;1.226290e-01;6.670041e-02;1.708575e-01;4.658436e-02;3.882824e-02;4.187818e-02;5.393042e-02;6.364731e-02
1.252470e-01;4.682154e-02;1.971177e-01;5.420502e-02;1.603209e-01;4.294592e-02;8.079796e-02;4.980051e-02;3.924448e-02;7.682569e-02;4.851699e-02;7.815627e-02
8.902527e-02;4.607599e-02;1.855653e-01;7.315071e-02;1.472598e-01;3.365598e-02;7.037376e-02;6.593366e-02;6.296631e-02;8.280882e-02;6.306343e-02;8.012105e-02
