4.407565e-02;1.873128e-02;2.521105e-01;5.116146e-02;8.002497e-02;9.183864e-02;1.919888e-01;5.048303e-02;6.989529e-02;5.334083e-02;5.529174e-02;4.105783e-02
2.861197e-02;1.720885e-02;1.575686e-01;4.915329e-02;1.126616e-01;9.612002e-02;2.764235e-01;5.496787e-02;7.723349e-02;5.374363e-02;4.148129e-02;3.482597e-02
3.228230e-02;1.669264e-02;1.739490e-01;4.726350e-02;1.401850e-01;1.013914e-01;2.682346e-01;4.385397e-02;6.811867e-02;4.526003e-02;3.110869e-02;3.166035e-02
3.417883e-02;1.994482e-02;2.405660e-01;5.581215e-02;1.375671e-01;8.828814e-02;2.155171e-01;3.503573e-02;4.395457e-02;4.964410e-02;4.906678e-02;3.042478e-02
2.927689e-02;3.251031e-02;2.759069e-01;5.808604e-02;9.649302e-02;5.721251e-02;2.019131e-01;4.736837e-02;3.880304e-02;7.236961e-02;4.855710e-02;4.150307e-02
2.415538e-02;5.453411e-02;2.152382e-01;4.801157e-02;9.078896e-02;4.598613e-02;1.974327e-01;4.946375e-02;6.799434e-02;1.237343e-01;2.743853e-02;5.522203e-02
3.567220e-02;9.660716e-02;1.402898e-01;4.962530e-02;1.093155e-01;3.597187e-02;1.595853e-01;4.531734e-02;1.022504e-01;1.326246e-01;2.915096e-02;6.358950e-02
6.627940e-02;1.047817e-01;1.061009e-01;5.680742e-02;8.007324e-02;3.863006e-02;1.457405e-01;8.111391e-02;1.364335e-01;1.042319e-01;2.298846e-02;5.681892e-02
8.951359e-02;6.715262e-02;1.075899e-01;5.282401e-02;4.655735e-02;7.316444e-02;1.891738e-01;7.880367e-02;9.547497e-02;1.040263e-01;4.964029e-02;4.607908e-02
1.378020e-01;5.668398e-02;1.039804e-01;5.340115e-02;6.125098e-02;7.544761e-02;1.969842e-01;5.461899e-02;9.712724e-02;6.797239e-02;4.225960e-02;5.247147e-02
1.675390e-01;6.890524e-02;1.236994e-01;5.369459e-02;1.021232e-01;6.206184e-02;1.505733e-01;5.571520e-02;8.007126e-02;3.935658e-02;2.906594e-02;6.719442e-02
1.589675e-01;7.388661e-02;1.489518e-01;6.646860e-02;1.213339e-01;5.456048e-02;1.131872e-01;5.716439e-02;6.151425e-02;2.684943e-02;4.172685e-02;7.538890e-02
1.254866e-01;7.224323e-02;2.108329e-01;9.426426e-02;1.007623e-01;5.815337e-02;7.435143e-02;5.011177e-02;3.818351e-02;3.846068e-02;6.587192e-02;7.127797e-02
1.208661e-01;7.607858e-02;2.557273e-01;9.440953e-02;7.535180e-02;4.564531e-02;6.245728e-02;3.697428e-02;4.780403e-02;5.511273e-02;7.001829e-02;5.955477e-02
1.298515e-01;6.752363e-02;2.425828e-01;8.346453e-02;7.167122e-02;3.813798e-02;1.195545e-01;2.348465e-02;5.080630e-02;5.379789e-02;7.334114e-02;4.578380e-02
1.273011e-01;4.897719e-02;1.284281e-01;8.679253e-02;1.133377e-01;7.230233e-02;1.124675e-01;5.052630e-02;5.482564e-02;4.048702e-02;8.168174e-02;8.287277e-02
9.956334e-02;5.921577e-02;1.738468e-01;6.758888e-02;1.174441e-01;8.007623e-02;7.882127e-02;5.220536e-02;5.297319e-02;3.467563e-02;6.983990e-02;1.137495e-01
1.027568e-01;5.763320e-02;1.801763e-01;5.147887e-02;1.022073e-01;7.444893e-02;8.393621e-02;6.400503e-02;5.528123e-02;4.444073e-02;8.832763e-02;9.530785e-02
9.228702e-02;5.228247e-02;1.746430e-01;6.520161e-02;1.108221e-01;7.541059e-02;6.647198e-02;8.641841e-02;8.247358e-02;5.318230e-02;8.289808e-02;5.790881e-02
8.707972e-02;6.800890e-02;1.233773e-01;7.326216e-02;1.124712e-01;1.013176e-01;9.243979e-02;7.406168e-02;7.713540e-02;6.499050e-02;6.793492e-02;5.792075e-02
1.359604e-01;6.360347e-02;1.246347e-01;1.010288e-01;9.580468e-02;1.300342e-01;7.066763e-02;4.169698e-02;5.049277e-02;6.199681e-02;6.898399e-02;5.509559e-02
1.180985e-01;5.329515e-02;1.380106e-01;8.551182e-02;7.591696e-02;1.213320e-01;1.513562e-01;5.811666e-02;3.883255e-02;5.013807e-02;5.672542e-02;5.266605e-02
8.914912e-02;7.283035e-02;1.427627e-01;5.168774e-02;7.110851e-02;6.134922e-02;1.877082e-01;7.568613e-02;6.160953e-02;7.019175e-02;5.606030e-02;5.985638e-02
9.943572e-02;7.434443e-02;1.197909e-01;4.904670e-02;5.612723e-02;4.684058e-02;2.042194e-01;1.099687e-01;5.854158e-02;6.641151e-02;6.069138e-02;5.458182e-02
1.251479e-01;9.638097e-02;1.138468e-01;3.868407e-02;6.270902e-02;6.396582e-02;2.274993e-01;1.139296e-01;3.796304e-02;5.106024e-02;3.617475e-02;3.263848e-02
1.376469e-01;8.885609e-02;1.349400e-01;3.069385e-02;8.508732e-02;7.367175e-02;1.907431e-01;1.071116e-01;4.748061e-02;4.161362e-02;2.839772e-02;3.375741e-02
1.267353e-01;6.419341e-02;1.360803e-01;6.738940e-02;1.212476e-01;6.730957e-02;1.290449e-01;1.137715e-01;5.788058e-02;3.669281e-02;3.322969e-02;4.642482e-02
7.241373e-02;3.893197e-02;1.758845e-01;1.817115e-01;1.719466e-01;4.378757e-02;5.762276e-02;9.229003e-02;4.494866e-02;2.477839e-02;5.432562e-02;4.135863e-02
4.663347e-02;2.712356e-02;2.512512e-01;1.981028e-01;1.544914e-01;3.626573e-02;6.539853e-02;6.947482e-02;3.547870e-02;3.625915e-02;5.502051e-02;2.450016e-02
3.252875e-02;2.764004e-02;3.159209e-01;1.550317e-01;1.023041e-01;3.794628e-02;8.466448e-02;8.040075e-02;5.039702e-02;4.933090e-02;4.047820e-02;2.335687e-02
1.973023e-02;3.484013e-02;3.420393e-01;1.463579e-01;7.470778e-02;4.854608e-02;1.055026e-01;7.334771e-02;5.290117e-02;6.069024e-02;2.017394e-02;2.116301e-02
9.288583e-03;4.092637e-02;3.550967e-01;1.198714e-01;7.861105e-02;5.851867e-02;1.128016e-01;6.012858e-02;6.176415e-02;7.371996e-02;1.048443e-02;1.878856e-02
2.284770e-02;7.543999e-02;3.056156e-01;7.622156e-02;6.424692e-02;6.525119e-02;1.086147e-01;5.821446e-02;1.076437e-01;7.358564e-02;1.946736e-02;2.285117e-02
6.620090e-02;1.441719e-01;2.289652e-01;5.739000e-02;4.083881e-02;7.454650e-02;9.138099e-02;5.745541e-02;1.124285e-01;5.978365e-02;3.460136e-02;3.223684e-02
9.624683e-02;1.721842e-01;1.605708e-01;4.680968e-02;4.407524e-02;8.209479e-02;1.074250e-01;5.966847e-02;1.028882e-01;4.057861e-02;4.906239e-02;3.839586e-02
7.372028e-02;1.251331e-01;1.572643e-01;3.570754e-02;3.243355e-02;9.263714e-02;1.371011e-01;3.689219e-02;1.207274e-01;5.981097e-02;4.472393e-02;8.384850e-02
6.754795e-02;8.577321e-02;1.350785e-01;2.587100e-02;2.597772e-02;8.069602e-02;1.581209e-01;5.500760e-02;1.150888e-01;1.023125e-01;4.449358e-02;1.040322e-01
6.363759e-02;6.900598e-02;9.593078e-02;3.336078e-02;3.279645e-02;7.854200e-02;1.363184e-01;5.556056e-02;1.749618e-01;1.166713e-01;3.092695e-02;1.122874e-01
5.386214e-02;7.246815e-02;6.842549e-02;5.306976e-02;3.496173e-02;6.961950e-02;7.534260e-02;4.126556e-02;2.368014e-01;1.016974e-01;6.828566e-02;1.242006e-01
5.677646e-02;8.473257e-02;6.779006e-02;7.047234e-02;4.191288e-02;6.749554e-02;5.066929e-02;4.029378e-02;2.110361e-01;8.755793e-02;9.874927e-02;1.225138e-01
8.841032e-02;8.378717e-02;6.088971e-02;6.357008e-02;5.072255e-02;8.197217e-02;5.413474e-02;5.568216e-02;9.280990e-02;9.340663e-02;1.925481e-01;8.206654e-02
1.554732e-01;6.478207e-02;5.525692e-02;3.411683e-02;6.599003e-02;6.394786e-02;5.707601e-02;7.948528e-02;3.967846e-02;7.401231e-02;2.458600e-01;6.432102e-02
2.024106e-01;3.657060e-02;8.159874e-02;1.163868e-02;6.539579e-02;3.535020e-02;6.355382e-02;8.282130e-02;5.581087e-02;5.808307e-02;2.405233e-01;6.624299e-02
1.986226e-01;3.754250e-02;9.949736e-02;2.212368e-02;3.281183e-02;3.795705e-02;8.486015e-02;7.189904e-02;4.058146e-02;1.005443e-01;2.317854e-01;4.177464e-02
1.984604e-01;3.744499e-02;9.634970e-02;3.753273e-02;4.515838e-02;2.541712e-02;7.218001e-02;7.211793e-02;3.777146e-02;1.060240e-01;2.418447e-01;2.969855e-02
1.936280e-01;3.429680e-02;1.053121e-01;3.122956e-02;5.992839e-02;2.862093e-02;5.554515e-02;6.961342e-02;4.231199e-02;6.073861e-02;2.696480e-01;4.912699e-02
1.363518e-01;2.333517e-02;1.167689e-01;3.492034e-02;6.295164e-02;3.208410e-02;5.820731e-02;9.520615e-02;4.310477e-02;8.828291e-02;2.608371e-01;4.794974e-02
9.933245e-02;2.748701e-02;1.039257e-01;2.425934e-02;5.646666e-02;2.738506e-02;7.682759e-02;1.575678e-01;4.315868e-02;1.143625e-01;2.357044e-01;3.352275e-02
9.117699e-02;5.517654e-02;9.357163e-02;2.927407e-02;4.867752e-02;1.984638e-02;1.033695e-01;2.030647e-01;7.060273e-02;9.322180e-02;1.493927e-01;4.262541e-02
9.026409e-02;1.012380e-01;1.082819e-01;7.041523e-02;6.654946e-02;2.876450e-02;1.266518e-01;1.761319e-01;7.506281e-02;5.565207e-02;6.328051e-02;3.770775e-02
1.064387e-01;1.106483e-01;1.543692e-01;9.352563e-02;7.182176e-02;4.174878e-02;1.229794e-01;9.442460e-02;8.109347e-02;5.068013e-02;4.654690e-02;2.572300e-02
1.574945e-01;9.145162e-02;1.739023e-01;8.754440e-02;6.772639e-02;4.858703e-02;1.177233e-01;3.689500e-02;6.920499e-02;5.177292e-02;5.371796e-02;4.397954e-02
1.657685e-01;7.920355e-02;1.603880e-01;8.329131e-02;5.999941e-02;4.173433e-02;1.353492e-01;4.676842e-02;5.099581e-02;4.164463e-02;7.736583e-02;5.749103e-02
1.230412e-01;7.614736e-02;1.557644e-01;9.424610e-02;4.446682e-02;3.532280e-02;1.860829e-01;5.168321e-02;4.912829e-02;4.985186e-02;7.884073e-02;5.542432e-02
9.091988e-02;7.840815e-02;1.519340e-01;8.769096e-02;4.283615e-02;3.397944e-02;1.994783e-01;7.172753e-02;5.706638e-02;5.754990e-02;7.518793e-02;5.322136e-02
6.627262e-02;6.965319e-02;1.039563e-01;7.669494e-02;6.350895e-02;6.209245e-02;2.104807e-01;8.345287e-02;5.245328e-02;7.906722e-02;8.303416e-02;4.933332e-02
7.241946e-02;7.282192e-02;5.567415e-02;7.231681e-02;8.972419e-02;7.470611e-02;2.483562e-01;7.057352e-02;5.938184e-02;6.716000e-02;5.989896e-02;5.696680e-02
1.253948e-01;3.846770e-02;7.464030e-02;7.020545e-02;7.976130e-02;6.258650e-02;2.774473e-01;4.967788e-02;7.250870e-02;5.239424e-02;4.000027e-02;5.691555e-02
1.594402e-01;4.842782e-02;6.147604e-02;7.352367e-02;5.937410e-02;7.525681e-02;2.663405e-01;5.666166e-02;6.524552e-02;5.970920e-02;3.653969e-02;3.800478e-02
1.890487e-01;6.867255e-02;6.304616e-02;4.364630e-02;3.593890e-02;9.674772e-02;2.313273e-01;5.798468e-02;5.951590e-02;5.478244e-02;5.000274e-02;4.928655e-02
2.155462e-01;6.981466e-02;1.082329e-01;3.002691e-02;3.413946e-02;5.942530e-02;1.905862e-01;6.053700e-02;5.825902e-02;3.733525e-02;5.742061e-02;7.867649e-02
1.694274e-01;7.946877e-02;1.594066e-01;2.398536e-02;4.975770e-02;3.918875e-02;1.855171e-01;4.295228e-02;5.858655e-02;5.086765e-02;5.511763e-02;8.572417e-02
8.993597e-02;1.132659e-01;1.875710e-01;1.502733e-02;6.043057e-02;4.766427e-02;1.877061e-01;5.068507e-02;4.839146e-02;7.542746e-02;5.846975e-02;6.542517e-02
1.424252e-01;1.415895e-01;2.531562e-01;3.434857e-02;4.546332e-02;3.780246e-02;9.866416e-02;5.374121e-02;5.658795e-02;6.534389e-02;4.016229e-02;3.071536e-02
1.538895e-01;1.630239e-01;2.725174e-01;4.168138e-02;4.230152e-02;3.114091e-02;4.699137e-02;4.246052e-02;6.760811e-02;7.455190e-02;2.974053e-02;3.409298e-02
1.554226e-01;1.455335e-01;2.268431e-01;3.545164e-02;4.976546e-02;3.290978e-02;8.102161e-02;4.201221e-02;5.969337e-02;6.036813e-02;4.968392e-02;6.129466e-02
1.735031e-01;1.001264e-01;1.735226e-01;4.161273e-02;4.352459e-02;2.995457e-02;1.294072e-01;4.469037e-02;4.675913e-02;4.412131e-02;7.013361e-02;1.026443e-01
1.467695e-01;4.142774e-02;1.552708e-01;5.448439e-02;4.875533e-02;4.283692e-02;1.557247e-01;3.897091e-02;4.544682e-02;5.270476e-02;1.028650e-01;1.147431e-01
1.412093e-01;4.774421e-02;1.597382e-01;4.457229e-02;6.024580e-02;7.719460e-02;1.269767e-01;4.844162e-02;6.703530e-02;6.481495e-02;1.048361e-01;5.719089e-02
1.168844e-01;5.598567e-02;1.418125e-01;5.961784e-02;8.785958e-02;5.950095e-02;1.584011e-01;8.189254e-02;7.143997e-02;6.627844e-02;4.953755e-02;5.078946e-02
1.323875e-01;6.130240e-02;1.585317e-01;4.332199e-02;1.247695e-01;4.398415e-02;1.231799e-01;1.037010e-01;5.995834e-02;5.575723e-02;6.023042e-02;3.287589e-02
1.438460e-01;6.627323e-02;1.534819e-01;3.549093e-02;1.243614e-01;3.804936e-02;8.719641e-02;9.745057e-02;7.906019e-02;5.945067e-02;8.717479e-02;2.816462e-02
1.181577e-01;6.774354e-02;1.459197e-01;3.380642e-02;1.044561e-01;5.034022e-02;7.221893e-02;6.388115e-02;1.296408e-01;7.389427e-02;1.098220e-01;3.011924e-02
1.004195e-01;5.313397e-02;1.470754e-01;2.262183e-02;1.049332e-01;4.605844e-02;7.793758e-02;7.288992e-02;1.332100e-01;8.386857e-02;1.185951e-01;3.925650e-02
1.050821e-01;4.215216e-02;1.576873e-01;2.854454e-02;1.214223e-01;4.007454e-02;6.327621e-02;1.126784e-01;9.748851e-02;6.286506e-02;1.182745e-01;5.045439e-02
1.128636e-01;3.806322e-02;1.606155e-01;5.405503e-02;1.241564e-01;3.805212e-02;8.362613e-02;1.386572e-01;6.250037e-02;3.084237e-02;1.052268e-01;5.134129e-02
1.145262e-01;3.201757e-02;1.480121e-01;7.939655e-02;1.089160e-01;3.499482e-02;1.430692e-01;1.047731e-01;7.241667e-02;3.885888e-02;7.674641e-02;4.627253e-02
1.003451e-01;2.147437e-02;1.132602e-01;9.002187e-02;6.368577e-02;4.642543e-02;2.536029e-01;4.720444e-02;8.546993e-02;5.136550e-02;7.818584e-02;4.895864e-02
6.195970e-02;1.412611e-02;1.553175e-01;6.401563e-02;6.053054e-02;4.251799e-02;2.699051e-01;6.248491e-02;7.901914e-02;5.520527e-02;7.387692e-02;6.104107e-02
7.104870e-02;3.096363e-02;1.247468e-01;6.755890e-02;7.232188e-02;6.301364e-02;2.148208e-01;7.776733e-02;7.484350e-02;5.080688e-02;6.552814e-02;8.657979e-02
8.398778e-02;5.516793e-02;1.057307e-01;9.050678e-02;9.906776e-02;6.219116e-02;1.564407e-01;7.969528e-02;8.882449e-02;3.212360e-02;5.677700e-02;8.948679e-02
8.218618e-02;6.525724e-02;1.596335e-01;8.677145e-02;1.055741e-01;4.020415e-02;1.553814e-01;8.823628e-02;9.452432e-02;1.850125e-02;3.957633e-02;6.415368e-02
5.503282e-02;5.292777e-02;2.012644e-01;7.170035e-02;7.877489e-02;3.613349e-02;2.089038e-01;8.268308e-02;8.473530e-02;3.178998e-02;4.896500e-02;4.708908e-02
6.341425e-02;4.420779e-02;1.804366e-01;8.087382e-02;5.502109e-02;4.324518e-02;2.680472e-01;6.968984e-02;4.664075e-02;4.616592e-02;5.822131e-02;4.403617e-02
1.319931e-01;7.759379e-02;1.250268e-01;1.058298e-01;5.816530e-02;8.082411e-02;1.224989e-01;5.082794e-02;7.650805e-02;7.322760e-02;4.587230e-02;5.163243e-02
1.399954e-01;8.248549e-02;1.329009e-01;1.158371e-01;5.154174e-02;8.086306e-02;9.386849e-02;4.495092e-02;8.022760e-02;7.232909e-02;4.778830e-02;5.721189e-02
1.161570e-01;8.018257e-02;1.059772e-01;1.157220e-01;5.193688e-02;8.521347e-02;1.122727e-01;5.433345e-02;7.562260e-02;7.785400e-02;6.713850e-02;5.758959e-02
6.134094e-02;5.933403e-02;1.086182e-01;7.284144e-02;5.984939e-02;6.895366e-02;1.533030e-01;7.251753e-02;6.868984e-02;1.229971e-01;9.863739e-02;5.291749e-02
7.388084e-02;5.156736e-02;1.392129e-01;5.214124e-02;5.274891e-02;5.412531e-02;1.291335e-01;1.001138e-01;7.208860e-02;1.130089e-01;1.014620e-01;6.051661e-02
9.506925e-02;4.057775e-02;9.207187e-02;5.294880e-02;4.708153e-02;4.535687e-02;1.136133e-01;1.460425e-01;8.527086e-02;1.042497e-01;1.063364e-01;7.138099e-02
7.430793e-02;1.944065e-02;4.020873e-02;6.119499e-02;3.990685e-02;4.060728e-02;1.826864e-01;1.501114e-01;3.981370e-02;1.971382e-01;7.950267e-02;7.508119e-02
3.598788e-02;2.395274e-02;3.594558e-02;5.863850e-02;2.325653e-02;3.440057e-02;2.484131e-01;9.507969e-02;8.726928e-02;2.147932e-01;6.302787e-02;7.923512e-02
3.855818e-02;4.104879e-02;5.904384e-02;5.315533e-02;1.213256e-02;4.173700e-02;2.727996e-01;4.803673e-02;1.241622e-01;1.679600e-01;7.533071e-02;6.603508e-02
4.934160e-02;4.616894e-02;6.434859e-02;6.308670e-02;1.628806e-02;4.949350e-02;2.748298e-01;4.729398e-02;1.096500e-01;1.405324e-01;7.906120e-02;5.990516e-02
7.057711e-02;4.591885e-02;9.850492e-02;8.416227e-02;3.007840e-02;4.616843e-02;2.488527e-01;4.673674e-02;8.230818e-02;1.298730e-01;4.855372e-02;6.826571e-02
1.188997e-01;4.022522e-02;1.197928e-01;7.989771e-02;5.402161e-02;4.534431e-02;1.779038e-01;6.194305e-02;7.879557e-02;9.723710e-02;6.972639e-02;5.621274e-02
1.435816e-01;5.043997e-02;1.249125e-01;6.330506e-02;7.250688e-02;4.141533e-02;1.152839e-01;7.555844e-02;9.548949e-02;5.321793e-02;8.976014e-02;7.452888e-02
1.260026e-01;7.410695e-02;9.388497e-02;5.932387e-02;8.204387e-02;3.615216e-02;1.214629e-01;5.384433e-02;7.695375e-02;1.157762e-01;8.515080e-02;7.529758e-02
8.718284e-02;7.765147e-02;2.076570e-01;5.694041e-02;5.175808e-02;2.731503e-02;1.042174e-01;6.562651e-02;7.419031e-02;1.005034e-01;9.320153e-02;5.375602e-02
6.430711e-02;5.427976e-02;2.724822e-01;5.181175e-02;5.220092e-02;2.801611e-02;1.133708e-01;5.704345e-02;4.491298e-02;1.238631e-01;9.356178e-02;4.415001e-02
6.052043e-02;5.120134e-02;2.864295e-01;5.835589e-02;6.983451e-02;1.575214e-02;1.128604e-01;5.161327e-02;5.316470e-02;1.473945e-01;6.382352e-02;2.904991e-02
7.509017e-02;6.582562e-02;2.911747e-01;7.167623e-02;6.882703e-02;2.639496e-02;8.835304e-02;4.984188e-02;3.949268e-02;1.089532e-01;4.725531e-02;6.711522e-02
8.489460e-02;9.298993e-02;2.517790e-01;6.855361e-02;5.546755e-02;3.894988e-02;7.706565e-02;4.384842e-02;6.924271e-02;5.564318e-02;7.814587e-02;8.341957e-02
1.023932e-01;6.974183e-02;1.770389e-01;7.075414e-02;7.927780e-02;3.771333e-02;1.304258e-01;6.297852e-02;5.880025e-02;8.011913e-02;7.976885e-02;5.098828e-02
8.598177e-02;3.558980e-02;1.677493e-01;7.782061e-02;1.213525e-01;4.140501e-02;1.391526e-01;7.432579e-02;4.446776e-02;7.327069e-02;5.319945e-02;8.568472e-02
7.802156e-02;5.603451e-02;1.212291e-01;7.073852e-02;1.243994e-01;7.568608e-02;1.119737e-01;5.211155e-02;7.506990e-02;6.618972e-02;5.638674e-02;1.121591e-01
7.542894e-02;5.850266e-02;1.184058e-01;9.340758e-02;9.462455e-02;8.966490e-02;1.135087e-01;5.235962e-02;9.606692e-02;5.921517e-02;4.611411e-02;1.027009e-01
7.543257e-02;6.165556e-02;1.550263e-01;1.382256e-01;7.637735e-02;6.136529e-02;1.104645e-01;5.574552e-02;8.431426e-02;5.961810e-02;4.335826e-02;7.841668e-02
6.815301e-02;8.601546e-02;1.314406e-01;1.435789e-01;8.950366e-02;8.023109e-02;8.456343e-02;4.753477e-02;8.514611e-02;4.074623e-02;6.819455e-02;7.489216e-02
5.075939e-02;8.466412e-02;1.094562e-01;1.214944e-01;9.092326e-02;7.542181e-02;8.202591e-02;6.354244e-02;7.695986e-02;6.226324e-02;8.903207e-02;9.345730e-02
5.773138e-02;7.458946e-02;1.283787e-01;8.604527e-02;8.191264e-02;8.092494e-02;8.804089e-02;6.658340e-02;7.745379e-02;1.126348e-01;8.407541e-02;6.162931e-02
5.712156e-02;9.384234e-02;1.083750e-01;5.726853e-02;7.549999e-02;7.795814e-02;1.258908e-01;4.469532e-02;1.086384e-01;1.210061e-01;8.725985e-02;4.244396e-02
7.727677e-02;1.096554e-01;9.886015e-02;5.658225e-02;1.288398e-01;5.337426e-02;1.202423e-01;4.038870e-02;1.004113e-01;7.364571e-02;6.002605e-02;8.069733e-02
8.818146e-02;9.936383e-02;7.327167e-02;6.515726e-02;1.287920e-01;9.272224e-02;9.846488e-02;5.698730e-02;8.968712e-02;5.984901e-02;2.333005e-02;1.241932e-01
8.308913e-02;6.570606e-02;8.042534e-02;1.117672e-01;8.905775e-02;1.024186e-01;7.175391e-02;8.358067e-02;8.744694e-02;9.620204e-02;2.599924e-02;1.025531e-01
8.234078e-02;4.796475e-02;1.089557e-01;9.874155e-02;6.604229e-02;1.126613e-01;9.357287e-02;8.406553e-02;9.000695e-02;1.148057e-01;4.006371e-02;6.077886e-02
7.086272e-02;5.188311e-02;9.401958e-02;5.568363e-02;7.730676e-02;1.121200e-01;1.493392e-01;7.474771e-02;6.649221e-02;1.049144e-01;5.982660e-02;8.280395e-02
1.107670e-01;6.644216e-02;7.875572e-02;8.058807e-02;5.048733e-02;1.155353e-01;1.220321e-01;6.602123e-02;5.438253e-02;8.372988e-02;2.942044e-02;1.418383e-01
1.469209e-01;7.498102e-02;8.905956e-02;8.485090e-02;6.752728e-02;9.507961e-02;7.345730e-02;6.173790e-02;5.264001e-02;7.583090e-02;1.684216e-02;1.610724e-01
1.387239e-01;8.347745e-02;8.407226e-02;7.563575e-02;1.202078e-01;5.027454e-02;1.144987e-01;4.946131e-02;8.243266e-02;5.620053e-02;2.552944e-02;1.194857e-01
1.284128e-01;7.122664e-02;8.512849e-02;9.603196e-02;1.218827e-01;7.803376e-02;1.199332e-01;3.766396e-02;1.232319e-01;4.805030e-02;4.344763e-02;4.695668e-02
1.551168e-01;6.073381e-02;9.947835e-02;1.027238e-01;7.785481e-02;9.925097e-02;4.997363e-02;4.814380e-02;1.145320e-01;8.235275e-02;4.043259e-02;6.940677e-02
1.375998e-01;8.193484e-02;1.361665e-01;7.358737e-02;8.177031e-02;8.715311e-02;3.996808e-02;5.972070e-02;1.003215e-01;1.141629e-01;3.044456e-02;5.717032e-02
9.869375e-02;1.080082e-01;1.046814e-01;6.623398e-02;8.190113e-02;1.063882e-01;8.111528e-02;8.195650e-02;9.676459e-02;1.104822e-01;2.746914e-02;3.630555e-02
6.868234e-02;7.785564e-02;1.117062e-01;1.686103e-01;9.927759e-02;8.120134e-02;7.637040e-02;1.035565e-01;8.183365e-02;7.287261e-02;2.920148e-02;2.883189e-02
3.372181e-02;6.443460e-02;8.748779e-02;2.769890e-01;9.868588e-02;5.430580e-02;6.647949e-02;1.006318e-01;6.139469e-02;9.675526e-02;3.699460e-02;2.211937e-02
3.208532e-02;5.297207e-02;7.792844e-02;2.711312e-01;8.887532e-02;5.036041e-02;5.662044e-02;6.925026e-02;5.211782e-02;1.902087e-01;3.326698e-02;2.518310e-02
7.366070e-02;3.594654e-02;1.460745e-01;1.176450e-01;7.248188e-02;6.162549e-02;1.673919e-01;4.412666e-02;4.858875e-02;1.766873e-01;2.996399e-02;2.580729e-02
6.649199e-02;4.538492e-02;1.983234e-01;4.283997e-02;8.458253e-02;8.658693e-02;2.159555e-01;3.993522e-02;5.955497e-02;1.011366e-01;3.220180e-02;2.700626e-02
5.344361e-02;3.496213e-02;2.510557e-01;3.438317e-02;7.715867e-02;7.626204e-02;2.275735e-01;5.289643e-02;6.547950e-02;7.155487e-02;3.216314e-02;2.306726e-02
2.939814e-02;2.265548e-02;3.212220e-01;3.886373e-02;5.534204e-02;8.498102e-02;2.177723e-01;4.321470e-02;6.138612e-02;7.402159e-02;3.547997e-02;1.566287e-02
2.456327e-02;1.678411e-02;3.486780e-01;3.582565e-02;4.425438e-02;8.850766e-02;2.231244e-01;4.366145e-02;4.219256e-02;9.161232e-02;3.629809e-02;4.498117e-03
2.654130e-02;1.201320e-02;3.579433e-01;3.909653e-02;4.436941e-02;7.048063e-02;1.986921e-01;5.477617e-02;4.528277e-02;1.023767e-01;4.161556e-02;6.812348e-03
2.741476e-02;1.016081e-02;3.612191e-01;4.605320e-02;4.670851e-02;6.095800e-02;1.191254e-01;7.646409e-02;8.323671e-02;9.683898e-02;5.668405e-02;1.513639e-02
2.026817e-02;8.832594e-03;2.951897e-01;5.470316e-02;7.122221e-02;1.014431e-01;1.428769e-01;7.139535e-02;6.801833e-02;8.389840e-02;6.594419e-02;1.620790e-02
1.231237e-02;1.599621e-02;2.197248e-01;6.487159e-02;1.012312e-01;1.493983e-01;1.811168e-01;5.997916e-02;4.038646e-02;7.108752e-02;6.340691e-02;2.048875e-02
2.088834e-02;2.555354e-02;1.916576e-01;6.705280e-02;1.140012e-01;1.519290e-01;1.501931e-01;6.292858e-02;6.983416e-02;4.448979e-02;6.283186e-02;3.863999e-02
6.383117e-02;2.996898e-02;1.747270e-01;8.855533e-02;1.656270e-01;8.822061e-02;7.376029e-02;4.342315e-02;9.144666e-02;5.774834e-02;5.751617e-02;6.517529e-02
1.101784e-01;4.344690e-02;1.870110e-01;9.464271e-02;1.855085e-01;4.815113e-02;4.293342e-02;3.424015e-02;6.837574e-02;4.364979e-02;5.302425e-02;8.883800e-02
1.258665e-01;7.670400e-02;2.377048e-01;7.289720e-02;1.249692e-01;4.775351e-02;5.123389e-02;2.587363e-02;4.322057e-02;3.890986e-02;7.144600e-02;8.342084e-02
1.063934e-01;7.746542e-02;3.028551e-01;6.463034e-02;8.348944e-02;3.755107e-02;3.521905e-02;2.968541e-02;4.916961e-02;5.473696e-02;9.517875e-02;6.362543e-02
1.026434e-01;4.309257e-02;3.543072e-01;7.183033e-02;6.623384e-02;2.971624e-02;4.562777e-02;2.130468e-02;3.916796e-02;5.199254e-02;1.002993e-01;7.378414e-02
1.237914e-01;3.278555e-02;3.269642e-01;8.250959e-02;6.296559e-02;2.845681e-02;5.866934e-02;2.570875e-02;3.539693e-02;3.506891e-02;9.592848e-02;9.175452e-02
1.151074e-01;3.389534e-02;3.036231e-01;9.131528e-02;7.583818e-02;3.541267e-02;5.789809e-02;3.210517e-02;4.534505e-02;2.796896e-02;9.085751e-02;9.063321e-02
7.080857e-02;4.722966e-02;3.599232e-01;7.029997e-02;9.043783e-02;3.858735e-02;7.463609e-02;3.891557e-02;4.725660e-02;4.351063e-02;5.614820e-02;6.224632e-02
4.650218e-02;5.107832e-02;4.473368e-01;5.907847e-02;8.193306e-02;3.137400e-02;7.390688e-02;3.402151e-02;4.932805e-02;5.463360e-02;3.800531e-02;3.280183e-02
1.843679e-02;6.258823e-02;4.807168e-01;7.017905e-02;7.384922e-02;3.193343e-02;6.210251e-02;2.751451e-02;4.062364e-02;6.398267e-02;3.843150e-02;2.964161e-02
6.785134e-02;4.600039e-02;2.952372e-01;7.056533e-02;7.085067e-02;6.289325e-02;7.176057e-02;5.412003e-02;7.186899e-02;8.612934e-02;7.178876e-02;3.093409e-02
9.932680e-02;3.780041e-02;1.463200e-01;5.688236e-02;6.733487e-02;8.449207e-02;8.872411e-02;7.819927e-02;1.324891e-01;9.494828e-02;8.563307e-02;2.784964e-02
1.023469e-01;3.939827e-02;1.007956e-01;4.233322e-02;5.829442e-02;7.753893e-02;9.222451e-02;8.832870e-02;1.789918e-01;9.895708e-02;1.002253e-01;2.056533e-02
9.564418e-02;4.584230e-02;7.603769e-02;2.653457e-02;5.471469e-02;5.246009e-02;9.589920e-02;1.028291e-01;2.161186e-01;1.237882e-01;9.287848e-02;1.725302e-02
8.698214e-02;3.713568e-02;9.219469e-02;4.421958e-02;7.396809e-02;3.953274e-02;6.786335e-02;1.183994e-01;1.838723e-01;1.482105e-01;8.193678e-02;2.568479e-02
1.075694e-01;6.582937e-02;1.219020e-01;7.183260e-02;8.047482e-02;4.623901e-02;5.518863e-02;9.863525e-02;7.323298e-02;1.261868e-01;1.013967e-01;5.151244e-02
1.367798e-01;6.122748e-02;1.049190e-01;7.653479e-02;9.372345e-02;3.936070e-02;8.254568e-02;1.414506e-01;7.017594e-02;6.704731e-02;6.848062e-02;5.775479e-02
9.919333e-02;4.571683e-02;1.272699e-01;6.164277e-02;7.768745e-02;2.233820e-02;1.818416e-01;1.598668e-01;8.363204e-02;6.254883e-02;3.095042e-02;4.731185e-02
6.759345e-02;3.378521e-02;1.292273e-01;6.015824e-02;6.262450e-02;5.126074e-02;2.499405e-01;9.776875e-02;8.726048e-02;8.337511e-02;2.743215e-02;4.957351e-02
7.752936e-02;4.943200e-02;1.046223e-01;5.862874e-02;6.936070e-02;9.503571e-02;2.221543e-01;9.582151e-02;7.495190e-02;9.190664e-02;2.865819e-02;3.189873e-02
9.396025e-02;6.335409e-02;7.074527e-02;6.458744e-02;6.086800e-02;7.814518e-02;2.352114e-01;1.038102e-01;6.784686e-02;9.153358e-02;4.624535e-02;2.369227e-02
8.105564e-02;5.131445e-02;9.630663e-02;7.386806e-02;4.840435e-02;3.350709e-02;2.958667e-01;1.172929e-01;5.641737e-02;5.455983e-02;5.738644e-02;3.402054e-02
7.932302e-02;6.708039e-02;6.618966e-02;7.105251e-02;6.523287e-02;7.499471e-02;2.496346e-01;1.402613e-01;3.957818e-02;5.507192e-02;4.509478e-02;4.648613e-02
6.746030e-02;6.244558e-02;1.475473e-01;5.876457e-02;9.503631e-02;8.820254e-02;1.675884e-01;1.569549e-01;3.539832e-02;5.225607e-02;2.992656e-02;3.841908e-02
6.972513e-02;4.599163e-02;1.891114e-01;6.519618e-02;8.262621e-02;7.259336e-02;1.343632e-01;1.198549e-01;5.702692e-02;7.943899e-02;4.499589e-02;3.907624e-02
6.388090e-02;3.516480e-02;1.529258e-01;8.458132e-02;6.136216e-02;6.058967e-02;1.651062e-01;8.254940e-02;7.271469e-02;1.019570e-01;5.641191e-02;6.275608e-02
5.390209e-02;3.257720e-02;1.168309e-01;6.352708e-02;6.527591e-02;7.210188e-02;2.269373e-01;8.867988e-02;8.286405e-02;8.022872e-02;5.772904e-02;5.934598e-02
3.123531e-02;2.360226e-02;1.387645e-01;5.515291e-02;6.038976e-02;4.940324e-02;2.408378e-01;1.359202e-01;1.244746e-01;3.947294e-02;5.139489e-02;4.935153e-02
3.758177e-02;3.605773e-02;1.798824e-01;4.947456e-02;3.500565e-02;3.742436e-02;2.114469e-01;1.451609e-01;1.278372e-01;3.675644e-02;4.751853e-02;5.585357e-02
